{
  "X": [
    [1, 2, 14, 0],
    [32, 293, 348, 33],
    [43, 559, 792, 85],
    [4, 22, 48, 3],
    [22, 160, 406, 29],
    [4, 30, 17, 5],
    [2, 7, 13, 1],
    [14, 145, 342, 20],
    [35, 212, 319, 33],
    [17, 106, 159, 4],
    [27, 165, 339, 33],
    [39, 670, 361, 68],
    [34, 656, 389, 40],
    [56, 810, 520, 67],
    [0, 7, 2, 1],
    [4, 9, 7, 1],
    [1, 19, 32, 4],
    [31, 200, 519, 26],
    [3, 17, 15, 3],
    [111, 563, 707, 117],
    [62, 466, 460, 55],
    [2, 25, 33, 7],
    [9, 15, 33, 0],
    [3, 8, 6, 1],
    [3, 49, 57, 7],
    [0, 2, 10, 1],
    [24, 240, 404, 24],
    [26, 495, 535, 65],
    [58, 563, 624, 123],
    [72, 738, 702, 133],
    [26, 231, 255, 48],
    [26, 347, 395, 54],
    [3, 59, 53, 15],
    [1, 6, 5, 0],
    [2, 57, 158, 4],
    [9, 89, 172, 11],
    [28, 214, 373, 23],
    [14, 99, 88, 19],
    [6, 34, 72, 12],
    [39, 202, 136, 18],
    [26, 195, 263, 46],
    [51, 571, 519, 88],
    [0, 1, 1, 2],
    [311, 4181, 4986, 618],
    [36, 293, 355, 48],
    [163, 806, 1039, 179],
    [26, 119, 180, 12]
  ],
  "W": [
    [0, 1, 0, 11, 4, 1],
    [23, 49, 165, 393, 64, 12],
    [53, 84, 279, 916, 123, 24],
    [2, 7, 13, 53, 2, 0],
    [18, 35, 68, 448, 35, 13],
    [3, 9, 13, 25, 4, 2],
    [1, 3, 3, 15, 1, 0],
    [20, 49, 53, 369, 24, 6],
    [23, 81, 56, 369, 61, 9],
    [13, 26, 41, 184, 17, 5],
    [26, 45, 49, 416, 23, 5],
    [25, 91, 342, 517, 134, 29],
    [29, 91, 268, 608, 107, 16],
    [42, 142, 340, 749, 150, 30],
    [0, 2, 4, 2, 2, 0],
    [0, 3, 5, 11, 1, 1],
    [0, 4, 12, 37, 3, 0],
    [29, 74, 64, 571, 28, 10],
    [1, 5, 9, 17, 5, 1],
    [114, 188, 245, 774, 136, 41],
    [45, 113, 239, 555, 61, 30],
    [2, 9, 10, 37, 7, 2],
    [0, 8, 6, 37, 4, 2],
    [1, 3, 4, 8, 2, 0],
    [3, 10, 24, 70, 5, 4],
    [0, 0, 1, 10, 1, 1],
    [28, 55, 103, 452, 40, 14],
    [47, 97, 205, 675, 82, 15],
    [86, 106, 260, 749, 133, 34],
    [92, 140, 354, 868, 147, 44],
    [32, 65, 103, 302, 43, 15],
    [64, 49, 144, 480, 70, 15],
    [12, 9, 37, 63, 8, 1],
    [1, 3, 1, 6, 1, 0],
    [9, 8, 21, 174, 7, 2],
    [13, 21, 39, 185, 15, 8],
    [34, 54, 72, 436, 33, 9],
    [9, 34, 42, 109, 21, 5],
    [11, 15, 14, 75, 6, 3],
    [17, 69, 84, 173, 34, 18],
    [27, 48, 82, 313, 42, 18],
    [37, 125, 254, 653, 132, 28],
    [1, 0, 0, 1, 1, 1],
    [443, 715, 2000, 5794, 950, 194],
    [24, 73, 157, 401, 62, 15],
    [82, 258, 375, 1241, 157, 74],
    [4, 63, 57, 194, 15, 4]
  ],
  "method": "mvn_pdf",
  "cond_prob": [
    [
      [0.00089349371345, 0.026204668125, 0.95488385792, 0.018017980246],
      [0.29801081726, 0.16495312959, 0.52749084353, 0.0095452096243],
      [0.00053202775868, 0.79990832509, 0.19294121122, 0.0066184359297],
      [0.00039512408949, 0.030749458608, 0.96823988627, 0.00061553102798],
      [0.00047931904987, 0.54465802679, 0.41669853106, 0.038164123097],
      [0.50835607489, 0.15628358147, 0.25011761817, 0.085242725476]
    ],
    [
      [0.0084827662169, 0.11113719889, 0.54168581867, 0.33869421623],
      [0.50318197626, 0.29313451202, 0.1598694027, 0.043814109017],
      [0.0014241625589, 0.92835413286, 0.045409262688, 0.024812441896],
      [0.0050348598478, 0.19041267057, 0.79326075596, 0.011291713622],
      [0.0014382041391, 0.72479690718, 0.10595861295, 0.16780627573],
      [0.43790463784, 0.19123696299, 0.055935442689, 0.31492295648]
    ],
    [
      [0.004968584659, 0.10323155927, 0.49257921928, 0.39922063679],
      [0.38151970221, 0.35848801995, 0.19177894437, 0.068213333459],
      [0.00089511150674, 0.92324192586, 0.044376361547, 0.03148660109],
      [0.0032286404175, 0.19351270065, 0.788636008, 0.01462265093],
      [0.00087064521232, 0.69461802511, 0.099725196271, 0.20478613341],
      [0.29620413712, 0.20836327025, 0.059796839888, 0.43563575274]
    ],
    [
      [0.0063765693549, 0.079775147417, 0.52837131871, 0.38547696452],
      [0.53967524427, 0.23817337467, 0.17247032333, 0.049681057724],
      [0.0014090559225, 0.90861329168, 0.057440789407, 0.032536862993],
      [0.0040017804217, 0.14627228705, 0.83782559813, 0.011900334396],
      [0.0013278672744, 0.65340191952, 0.12517504908, 0.22009516413],
      [0.41627171386, 0.14663541378, 0.056989792825, 0.38010307953]
    ],
    [
      [0.0056689855489, 0.085017886968, 0.55636924981, 0.35294387768],
      [0.43713877266, 0.29082667094, 0.21297397999, 0.059060576416],
      [0.001213147453, 0.90642969424, 0.059511339379, 0.032845818929],
      [0.0034455143851, 0.14932069961, 0.83522389563, 0.01200989037],
      [0.0011452535569, 0.66094454067, 0.12974217706, 0.20816802871],
      [0.35480041383, 0.1771083476, 0.069566283073, 0.39852495549]
    ],
    [
      [0.0048704195361, 0.16132812833, 0.28572725442, 0.54807419771],
      [0.35170085439, 0.48533192796, 0.092995613814, 0.069971603836],
      [0.0005524095489, 0.95975966728, 0.016061803022, 0.02362612015],
      [0.0039054031136, 0.38315744359, 0.59132761538, 0.021609537918],
      [0.00059129695988, 0.78382752611, 0.039631371249, 0.17594980568],
      [0.24755364029, 0.26077263337, 0.027073326592, 0.46460039975]
    ],
    [
      [0.0084961176319, 0.10611488902, 0.54086017201, 0.34452882133],
      [0.70477346553, 0.1800639614, 0.094639026272, 0.020523546804],
      [0.0013422612519, 0.94102637049, 0.040474625642, 0.017156742618],
      [0.0047349788943, 0.17766945471, 0.80963134196, 0.0079642244348],
      [0.00145227209, 0.75789872309, 0.10180723975, 0.13884176507],
      [0.60719019132, 0.14834037106, 0.042030214097, 0.20243922352]
    ],
    [
      [0.0027668730176, 0.097780085645, 0.60399412798, 0.29545891336],
      [0.25439433221, 0.40567561431, 0.2800634879, 0.059866565578],
      [0.0005219724911, 0.91844775638, 0.056822444214, 0.024207826911],
      [0.0015442341409, 0.15755221308, 0.83167620198, 0.009227350792],
      [0.00051983174966, 0.7068564265, 0.13077255862, 0.16185118313],
      [0.2178568072, 0.259563958, 0.096129921287, 0.42644931351]
    ],
    [
      [0.0053573203788, 0.12053334859, 0.50875226717, 0.36535706386],
      [0.3780363179, 0.38382417198, 0.18121959159, 0.056919918522],
      [0.00083528098198, 0.93478410968, 0.039584325859, 0.02479628348],
      [0.0032894513972, 0.21359422387, 0.77054063431, 0.012575690428],
      [0.00085126268385, 0.7365810662, 0.093228641211, 0.1693390299],
      [0.31280830574, 0.23761689814, 0.060182004178, 0.38939279195]
    ],
    [
      [0.010461106744, 0.15211194094, 0.6346149955, 0.20281195682],
      [0.51027625198, 0.32027911822, 0.14857968357, 0.020864946236],
      [0.0013044438312, 0.94840170882, 0.039302269803, 0.010991577546],
      [0.005158350074, 0.21673209385, 0.77250518193, 0.0056043741447],
      [0.0014512288274, 0.81562242422, 0.10110482846, 0.08182151849],
      [0.52053657944, 0.24363809751, 0.060602463589, 0.17522285946]
    ],
    [
      [0.0076874799376, 0.099147212156, 0.4185090778, 0.47465623011],
      [0.50686384104, 0.28927068524, 0.13661596138, 0.067249512346],
      [0.0014336699334, 0.92133153345, 0.039013956803, 0.038220839817],
      [0.0056774616328, 0.21160194889, 0.76322504091, 0.019495548569],
      [0.0013518852639, 0.67116177505, 0.084988306472, 0.24249803321],
      [0.37772098699, 0.16223253362, 0.041126003011, 0.41892047638]
    ],
    [
      [0.0050255794297, 0.17590812648, 0.36186382401, 0.45720247008],
      [0.31679171949, 0.50304456324, 0.1159563958, 0.064207321472],
      [0.00055081432844, 0.95771057469, 0.019832724361, 0.021905886617],
      [0.0035126361412, 0.35482467806, 0.62367810118, 0.017984584628],
      [0.00058995380143, 0.79349797214, 0.049075397994, 0.15683667606],
      [0.24989723959, 0.29682687013, 0.036708712006, 0.41656717827]
    ],
    [
      [0.0054496065968, 0.23996210881, 0.38255707486, 0.37203120974],
      [0.28521773864, 0.5696756868, 0.10174486182, 0.043361712747],
      [0.00044391172949, 0.97073283765, 0.015578579973, 0.01324467065],
      [0.0032802363109, 0.41675787266, 0.56735860563, 0.012603285401],
      [0.00050671362198, 0.85741210094, 0.041088401603, 0.10099278384],
      [0.25748326321, 0.38422826268, 0.036824006739, 0.32146446737]
    ],
    [
      [0.0053962488579, 0.20392828689, 0.40041196952, 0.39026349473],
      [0.30677902884, 0.52747166185, 0.11608961804, 0.04965969127],
      [0.00051405012275, 0.96413649097, 0.019071178784, 0.016278280126],
      [0.0033685794097, 0.36720282526, 0.61569249093, 0.013736104398],
      [0.0005715767371, 0.82953363146, 0.048997431231, 0.12089736057],
      [0.26565952108, 0.34133011182, 0.040306253735, 0.35270411337]
    ],
    [
      [0.00041898627242, 0.11887879646, 0.1745917559, 0.70611046136],
      [0.019315556291, 0.72988026416, 0.15760222203, 0.093201957521],
      [5.6793176639e-05, 0.96623324869, 0.015207959369, 0.018501998762],
      [0.00032000618976, 0.24721891987, 0.74048505124, 0.011976022707],
      [6.458236016e-05, 0.78764011708, 0.03919190029, 0.17310340027],
      [0.0014441699032, 0.12575620495, 0.012337546468, 0.86046207868]
    ],
    [
      [0.046650972739, 0.10923471519, 0.23483250396, 0.60928180812],
      [0.95086277625, 0.034811922328, 0.0081604373953, 0.006164864029],
      [0.0064873777538, 0.95259394946, 0.018526869609, 0.022391803181],
      [0.038835920516, 0.30490837535, 0.63921990399, 0.017035800147],
      [0.0071587637466, 0.75766689701, 0.045491058461, 0.18968328078],
      [0.90185942734, 0.0333437668, 0.0042872366793, 0.060509569178]
    ],
    [
      [0.00082177588149, 0.038119162595, 0.22515218133, 0.7359068802],
      [0.18566467421, 0.35182513063, 0.23054931483, 0.23196088033],
      [0.00035188518119, 0.85762512076, 0.04864799317, 0.09337500089],
      [0.0011144962412, 0.15302893974, 0.80847958631, 0.03737697771],
      [0.00023202990398, 0.4243792557, 0.073509328878, 0.50187938551],
      [0.041077030734, 0.075207594623, 0.026393419183, 0.85732195546]
    ],
    [
      [0.0044428739073, 0.10162915379, 0.60484437652, 0.28908359578],
      [0.34914970821, 0.36044567245, 0.24012674925, 0.050277870093],
      [0.00081004622358, 0.92113585575, 0.055068400694, 0.02298569733],
      [0.0024617300006, 0.16250091546, 0.82603852294, 0.008998831606],
      [0.00081470455331, 0.71632997831, 0.12798058924, 0.15487472789],
      [0.3089708191, 0.23840276339, 0.085204150075, 0.36742226743]
    ],
    [
      [0.0060948387853, 0.10120647662, 0.43450324074, 0.45819544385],
      [0.51692742031, 0.29309168706, 0.13433775475, 0.055643137878],
      [0.0010495183951, 0.93322107107, 0.036302418581, 0.029426991955],
      [0.0041089073203, 0.20193615558, 0.77924901842, 0.014705918682],
      [0.001049562759, 0.70432868486, 0.083746136506, 0.21087561587],
      [0.37373133458, 0.1715710253, 0.041989621039, 0.41270801908]
    ],
    [
      [0.007814010205, 0.1106505083, 0.48165053462, 0.39988494688],
      [0.48266571225, 0.3105311414, 0.15152720563, 0.055275940725],
      [0.001321092675, 0.92834783507, 0.040702051481, 0.029629020774],
      [0.0050881151395, 0.20778612186, 0.77242866218, 0.014697100825],
      [0.001305968155, 0.70998704149, 0.092979145752, 0.1957278446],
      [0.39272631627, 0.18896813377, 0.049470157644, 0.36883539231]
    ],
    [
      [0.0070977448219, 0.1384249467, 0.4797223946, 0.37475491388],
      [0.42659640212, 0.3769419904, 0.14631910332, 0.050142504162],
      [0.00097392774424, 0.94364947239, 0.032894645005, 0.022481954859],
      [0.0044083439908, 0.24809073492, 0.73439526807, 0.013105653014],
      [0.0010174778024, 0.7625210192, 0.079405168591, 0.15705633441],
      [0.36175045752, 0.23899731076, 0.049772921816, 0.34947930991]
    ],
    [
      [0.0015842535974, 0.076086080509, 0.36321470005, 0.55911496584],
      [0.20356805469, 0.43227971703, 0.22612112871, 0.13803109957],
      [0.00036461843219, 0.90832298193, 0.041462254038, 0.049850145599],
      [0.0013310757376, 0.18809747699, 0.7872017696, 0.023369677666],
      [0.00032012105572, 0.60575924918, 0.083806555925, 0.31011407384],
      [0.10222894868, 0.1666424618, 0.04671428314, 0.68441430639]
    ],
    [
      [0.035029399322, 0.10948232496, 0.69782883546, 0.15765944026],
      [0.84964723836, 0.085731863254, 0.058549965448, 0.0060709329335],
      [0.0057325771246, 0.928342086, 0.054882612133, 0.011042724743],
      [0.016527966141, 0.15062355265, 0.82876283587, 0.0040856453434],
      [0.0062353759493, 0.7742835436, 0.13830489748, 0.081176182975],
      [0.85977288483, 0.066437100483, 0.024178504987, 0.049611509695]
    ],
    [
      [0.039784439776, 0.14855754608, 0.40663773344, 0.4050202807],
      [0.94848177782, 0.037651315245, 0.010414001847, 0.0034529050871],
      [0.0044751904816, 0.96009501395, 0.021319986359, 0.014109809213],
      [0.024446084315, 0.27266903043, 0.69285449996, 0.010030385301],
      [0.0051120289178, 0.82164035708, 0.056784997284, 0.11646261671],
      [0.92671887023, 0.037606975208, 0.0056428503561, 0.030031304205]
    ],
    [
      [0.002501152673, 0.12145007697, 0.45008031849, 0.42596845187],
      [0.22940717025, 0.49095352357, 0.20041544563, 0.079223860539],
      [0.00037807542144, 0.93926992019, 0.03391646215, 0.026435542235],
      [0.0016479222672, 0.23463328114, 0.7488709555, 0.014847841089],
      [0.00038613663408, 0.73479885727, 0.079780121452, 0.18503488464],
      [0.16541195215, 0.26498878552, 0.058075908091, 0.51152335424]
    ],
    [
      [0.00015220344204, 0.059749659648, 0.78643275277, 0.15366538414],
      [0.28673288751, 0.3078914373, 0.32809399854, 0.07728167665],
      [3.296171415e-05, 0.89486010844, 0.088788399606, 0.01631853024],
      [4.8134831484e-05, 0.068943086753, 0.92786666775, 0.0031421106613],
      [3.9669289782e-05, 0.65389215693, 0.21229009748, 0.13377807631],
      [2.5931448443e-07, 0.16210981383, 0.11164162883, 0.72624829802]
    ],
    [
      [0.0044547115473, 0.12001293887, 0.60380667368, 0.2717256759],
      [0.32993106762, 0.40029647213, 0.22529053036, 0.044481929884],
      [0.00069671565458, 0.93361217268, 0.047134947791, 0.018556163876],
      [0.0024017050548, 0.18675104382, 0.8026076257, 0.0082396254221],
      [0.00072901221127, 0.75536305382, 0.11396815864, 0.12993977533],
      [0.30386327847, 0.27533191019, 0.083120144437, 0.3376846669]
    ],
    [
      [0.0030245216636, 0.13908275018, 0.43628004901, 0.42161267914],
      [0.24165147936, 0.50548062519, 0.17766445879, 0.07520343666],
      [0.00041362690042, 0.94458053058, 0.029823522327, 0.025182320196],
      [0.0020122114705, 0.26696720307, 0.71524330257, 0.015777282895],
      [0.00042711124035, 0.75447533925, 0.071156561176, 0.17394098834],
      [0.18439982311, 0.28842310195, 0.05439423628, 0.47278283867]
    ],
    [
      [0.0055849863926, 0.10699660742, 0.39349230497, 0.49392610122],
      [0.41271865911, 0.35824547931, 0.14770024037, 0.081335621209],
      [0.00097450435665, 0.92697110755, 0.034336487497, 0.037717900595],
      [0.0042573410172, 0.23531594599, 0.73920754551, 0.021219167486],
      [0.00092855666303, 0.68317180366, 0.075592158681, 0.240307481],
      [0.29285781439, 0.1903568639, 0.042109076671, 0.47467624504]
    ],
    [
      [0.0055363695723, 0.12266453157, 0.39674997434, 0.47504912452],
      [0.39004078223, 0.39268556194, 0.1424160931, 0.074857562729],
      [0.00085175776987, 0.93660785127, 0.030527258463, 0.032013132496],
      [0.0040601062969, 0.2594905456, 0.7167986106, 0.019650737502],
      [0.00084341163285, 0.71746770591, 0.069841936103, 0.21184694635],
      [0.28773517476, 0.21672652426, 0.042172189564, 0.45336611141]
    ],
    [
      [0.0039649237787, 0.10998997532, 0.40254975865, 0.48349534225],
      [0.32949316454, 0.41294156769, 0.16902889807, 0.088536369709],
      [0.00067281757423, 0.92960037615, 0.034114988969, 0.035611817305],
      [0.0029520256348, 0.2365676687, 0.74035429985, 0.020126005807],
      [0.00064898835738, 0.69285077233, 0.076027936004, 0.23047230331],
      [0.2285075321, 0.21453549532, 0.047127066679, 0.5098299059]
    ],
    [
      [0.0059115931918, 0.1424055566, 0.46495453035, 0.38672831986],
      [0.38173728291, 0.41251021514, 0.15077797842, 0.054974523522],
      [0.0007894230773, 0.94562926491, 0.031024196854, 0.022557115158],
      [0.0037296988028, 0.25933740126, 0.72320522798, 0.013727671964],
      [0.00082693518225, 0.76602978981, 0.075093038775, 0.15805023623],
      [0.31694706762, 0.25650916605, 0.050312536739, 0.37623122959]
    ],
    [
      [0.0023019984807, 0.082463814288, 0.29740371981, 0.61783046742],
      [0.27639748787, 0.4154045856, 0.16546038873, 0.1427375378],
      [0.00050165295692, 0.91244223949, 0.032138095655, 0.054918011902],
      [0.0022580103711, 0.23519568868, 0.73063176678, 0.031914534165],
      [0.00043491461667, 0.60672375678, 0.064445432104, 0.32839589649],
      [0.13823189695, 0.16353444967, 0.035118298652, 0.66311535473]
    ],
    [
      [0.0040326390813, 0.28162444709, 0.62881496436, 0.085527949468],
      [0.24271599147, 0.62852270558, 0.11968115828, 0.0090801446669],
      [0.00023969104289, 0.98264688924, 0.01477453622, 0.0023388834947],
      [0.0016643730092, 0.3440871784, 0.65194544038, 0.0023030082139],
      [0.00029461547624, 0.942772883, 0.042369185601, 0.014563315922],
      [0.32643784373, 0.54831216025, 0.056812491877, 0.068437504142]
    ],
    [
      [0.002081609062, 0.11060500744, 0.68085369754, 0.20645968596],
      [0.19590188542, 0.45336798277, 0.30975650699, 0.040973624822],
      [0.00034806673286, 0.92826913131, 0.056519925394, 0.014862876562],
      [0.0010316688508, 0.1586103506, 0.83467304772, 0.0056849328328],
      [0.00036749081436, 0.75607485349, 0.13790912087, 0.10564853482],
      [0.19636121238, 0.33521713334, 0.12288900132, 0.34553265297]
    ],
    [
      [0.0035451381397, 0.10755153111, 0.62872037003, 0.26018296071],
      [0.29645357768, 0.39790749295, 0.25879326999, 0.046845659381],
      [0.00060983725904, 0.92623743856, 0.053782386196, 0.019370337981],
      [0.0018805771649, 0.16505571353, 0.82536401661, 0.0076996926919],
      [0.00062881675471, 0.73699485624, 0.12813311237, 0.13424321463],
      [0.27249486314, 0.27269146265, 0.095103639565, 0.35971003465]
    ],
    [
      [0.0067222108915, 0.13361667367, 0.56554341234, 0.2941177031],
      [0.41554255998, 0.36961795236, 0.17497606107, 0.039863426591],
      [0.00095142529969, 0.94094865515, 0.039954634518, 0.01814528503],
      [0.0037279088827, 0.21389432549, 0.77321693853, 0.0091608271029],
      [0.001009627962, 0.77210685042, 0.097981562699, 0.12890195892],
      [0.38091898749, 0.25334256153, 0.064346313725, 0.30139213725]
    ],
    [
      [0.0044485171567, 0.11520530206, 0.35791688653, 0.52242929426],
      [0.35733969067, 0.41152469723, 0.14225285596, 0.088882756137],
      [0.00071921136577, 0.93466101483, 0.028818397713, 0.035801376089],
      [0.0035388604635, 0.26551035532, 0.70826863592, 0.022682148302],
      [0.00069804881516, 0.69936376695, 0.064617364679, 0.23532081956],
      [0.24113036958, 0.20891121832, 0.03876631015, 0.51119210195]
    ],
    [
      [0.0031146532363, 0.074897491788, 0.45285501531, 0.46913283966],
      [0.32957719942, 0.34215825538, 0.22825550025, 0.10000904496],
      [0.00073725730733, 0.90017029096, 0.053062950997, 0.046029500733],
      [0.0022581931884, 0.15799172936, 0.82152167095, 0.018228406502],
      [0.000652538338, 0.61072059824, 0.10856636927, 0.28006049416],
      [0.20974280818, 0.16542716263, 0.05935191459, 0.5654781146]
    ],
    [
      [0.0091386446781, 0.19364464006, 0.46609463871, 0.33112207655],
      [0.43681269412, 0.41661630873, 0.11179601528, 0.034774981873],
      [0.00090991530547, 0.9616516485, 0.023109881592, 0.014328554602],
      [0.0052568412759, 0.32183677797, 0.66224186715, 0.01066451361],
      [0.0010181205587, 0.83193837276, 0.059762982288, 0.10728052439],
      [0.40463966293, 0.28827493945, 0.041509323994, 0.26557607363]
    ],
    [
      [0.0050633689886, 0.098987615752, 0.40205708549, 0.49389192977],
      [0.40186681359, 0.35234345325, 0.16007563008, 0.08571410308],
      [0.00094541162813, 0.92152280946, 0.037526271859, 0.040005507048],
      [0.0038560399164, 0.21795837929, 0.75717259547, 0.021012985321],
      [0.00088532414155, 0.66644336752, 0.081159460262, 0.25151184807],
      [0.27834501722, 0.1831150984, 0.044641565717, 0.49389831867]
    ],
    [
      [0.0044016875807, 0.1258647197, 0.39929886844, 0.47043472428],
      [0.33332129536, 0.43312610337, 0.15401718793, 0.079535413335],
      [0.00066098584782, 0.93847206455, 0.029980793651, 0.03088615595],
      [0.0031936861427, 0.2634729115, 0.71411947993, 0.019213922427],
      [0.00065939558963, 0.7241732717, 0.069101866492, 0.20606546622],
      [0.24266884165, 0.23590690498, 0.045003711734, 0.47642054164]
    ],
    [
      [0.00017116436254, 0.02968076749, 0.058451602505, 0.91169646564],
      [0.35368002508, 0.40475822341, 0.14831244262, 0.093249308896],
      [3.239063884e-05, 0.94774253427, 0.011620118609, 0.040604956483],
      [0.00014781926567, 0.11895446123, 0.85127541876, 0.02962230074],
      [4.2520863469e-05, 0.55246751283, 0.03083710679, 0.41665285952],
      [3.3247379172e-24, 0.046813571737, 0.0091758376441, 0.94401059062]
    ],
    [
      [0.0044114267564, 0.11652363916, 0.48928688211, 0.38977805197],
      [0.33602314687, 0.40569746675, 0.19122862677, 0.067050759614],
      [0.00071224478918, 0.93209627715, 0.039524985566, 0.027666492492],
      [0.0028166986396, 0.21445156172, 0.76864286222, 0.014088877418],
      [0.00071359004832, 0.72281176717, 0.09150123903, 0.18497340375],
      [0.26589911604, 0.23989524791, 0.060663272738, 0.43354236331]
    ],
    [
      [0.0052476534213, 0.098424828783, 0.47123467949, 0.42509283831],
      [0.40376773046, 0.34121088368, 0.1828758022, 0.072145583658],
      [0.00098613102554, 0.9199876183, 0.044233964955, 0.034792285724],
      [0.0035547059455, 0.19246597295, 0.78783347213, 0.016145848971],
      [0.00094136975145, 0.67886260055, 0.097560148332, 0.22263588137],
      [0.30359523964, 0.19221646575, 0.055258133306, 0.4489301613]
    ],
    [
      [0.007398386726, 0.093648391172, 0.38758966945, 0.51136355265],
      [0.50025753128, 0.28832177013, 0.13386496389, 0.077555734699],
      [0.0014589460191, 0.91610962735, 0.038236469539, 0.044194957094],
      [0.0058668883933, 0.21418977397, 0.75705910648, 0.022884231152],
      [0.0013337124862, 0.64790487291, 0.080758482694, 0.27000293191],
      [0.35590186363, 0.15341306303, 0.038213580147, 0.45247149319]
    ],
    [
      [0.0049763813448, 0.10311546308, 0.5759418479, 0.31596630767],
      [0.37747325738, 0.35149888412, 0.21885088602, 0.052176972471],
      [0.00089269285605, 0.92330093402, 0.051395039364, 0.024411333765],
      [0.0028523447404, 0.17074766056, 0.81635938043, 0.010040614268],
      [0.00089515917142, 0.71501193582, 0.11911362085, 0.16497928416],
      [0.32396688531, 0.22551901832, 0.075269402362, 0.37524469401]
    ]
  ],
  "expected_outcome": [
    [
      [0, 0.19510362299, 0.26333498693, 0.01275313871, 0.10204173988, 0.014611258608, 0.0084961176319, 0.055337460352, 0.12321836871, 0.13599438767, 0.19987447838, 0.12563948574, 0.15803859131, 0.22664245203, 0, 0, 0, 0.12884334331, 0.0060948387853, 0.89079716337, 0.31939851698, 0.0031685071949, 0, 0.039784439776, 0.0075034580189, 0, 0.12473192332, 0.14215251819, 0.48030882976, 0.50934600065, 0.12687756092, 0.37834196428, 0.027623981768, 0.0040326390813, 0.018734481558, 0.046086795816, 0.22855517031, 0.04003665441, 0.034261185599, 0.15535695953, 0.13671096269, 0.16286244049, 0.00017116436254, 1.9542620531, 0.12594368211, 0.60666771153, 0.019905525379],
      [0, 2.5561555744, 5.4712726411, 0.15955029483, 1.5303219654, 0.483984385, 0.10611488902, 1.9556017129, 2.7722670175, 1.9774552322, 2.5778275161, 4.397703162, 6.9589011555, 8.5649880496, 0, 0, 0, 2.94724546, 0.10120647662, 12.6141579459, 6.2291226014, 0.15217216102, 0, 0.14855754608, 0.36435023091, 0, 3.3603622883, 6.5368892585, 9.2017082379, 11.2851369047, 3.5196792104, 9.1139556223, 0.98956577145, 0.28162444709, 0.99544506693, 1.3981699045, 4.5429669049, 1.0368477185, 0.82387240967, 3.291958881, 2.6726656253, 4.6569946288, 0.02968076749, 51.6199721494, 2.3621958908, 7.6791680761, 0.41246185233],
      [0, 12.4587738293, 26.106698622, 1.0567426374, 10.0146464965, 0.85718176327, 0.54086017201, 12.0798825595, 11.701302145, 8.2499949414, 10.8812360227, 9.0465956003, 11.0941551708, 16.8173027199, 0, 0, 0, 17.5404869191, 0.43450324074, 54.908160947, 21.5875077571, 0.72642940011, 0, 0.40663773344, 1.3502409555, 0, 16.9065868631, 20.5051623036, 33.8403382275, 36.5009976389, 12.8815922767, 29.7570899424, 3.5688446377, 0.62881496436, 6.1276832779, 8.1733648104, 19.2284760195, 3.2212519788, 4.9814051684, 7.9236088581, 10.8555413083, 14.7740581324, 0.058451602505, 216.754088776, 11.3096323077, 31.7823528953, 2.3037673916],
      [0, 7.7899669733, 21.15869375, 0.77095392904, 6.3529897982, 1.6442225931, 0.34452882133, 5.9091782672, 8.4032124688, 2.6365554387, 12.3410619829, 11.430061752, 10.7889050824, 16.3910667785, 0, 0, 0, 8.3834242776, 0.45819544385, 45.5868839438, 16.8639711245, 1.1182299317, 0, 0.4050202807, 1.2779053556, 0, 7.6083189252, 19.8157959198, 42.4776447048, 43.7045194558, 15.471850952, 24.750612471, 7.413965609, 0.085527949468, 1.8581371737, 3.3823784893, 10.0000019053, 4.7018636483, 5.1604612363, 5.6290753014, 13.3350821037, 17.4060847983, 0.91169646564, 172.6716770215, 10.2022281194, 41.9318113171, 1.2638652307]
    ],
    [
      [0.29801081726, 24.6559168366, 32.0476549859, 3.7777267099, 15.2998570431, 3.1653076895, 2.1143203966, 12.4653222783, 30.6209417502, 13.2671825515, 22.8088728466, 28.8280464738, 25.9548142161, 43.5626220959, 0.038631112583, 2.8525883287, 0.74265869683, 25.8370784076, 2.5846371015, 90.7411539034, 48.2053934392, 1.8321124922, 6.7971779069, 2.8454453335, 2.2940717025, 0, 18.1462087193, 23.4401934982, 43.7481778657, 54.6057095121, 21.4170556948, 18.7051268628, 2.4875773908, 0.72814797441, 1.5672150833, 6.2255251314, 22.4392982391, 12.1495494829, 4.9436579913, 30.140075894, 19.2896070524, 41.6651619203, 0, 240.2565500087, 29.4750443236, 129.0664430707, 23.7808152151],
      [0.16495312959, 14.3635910891, 30.1129936761, 1.6672136227, 10.1789334827, 4.3679873517, 0.54019188419, 19.8781051012, 31.0897579306, 8.3272570737, 13.0171808359, 45.7770552545, 51.8404874984, 74.9009759821, 1.4597605283, 0.10443576698, 1.4073005225, 26.6729797613, 1.4654584353, 58.3798545827, 42.5944449156, 3.8905174532, 0.68585490603, 0.11295394573, 4.9095352357, 0, 22.0163059671, 49.0316206435, 37.9740208066, 54.9759786715, 26.8412018999, 20.213000542, 3.7386412704, 1.8855681167, 3.6269438622, 8.3560573519, 19.9593694274, 13.9918397057, 5.1323738307, 28.7465253025, 16.9124857558, 54.140762921, 0, 290.073688727, 24.9083945089, 74.3870166927, 22.1444296998],
      [0.52749084353, 7.8336007324, 16.1094313274, 1.2072922633, 7.4540892996, 0.83696052433, 0.28391707882, 13.7231109072, 14.678786919, 3.8630717728, 6.1477182619, 10.5520320177, 9.2587824255, 16.4847257616, 0.31520444406, 0.024481312186, 0.92219725933, 17.7693794442, 0.67168877376, 28.4871146576, 16.5340586748, 2.0350901584, 0.46839972359, 0.031242005541, 2.0041544563, 0, 12.39097917, 17.2334525023, 15.6562254796, 19.9382530344, 10.9868783742, 7.3881209426, 1.4891434986, 0.35904347485, 2.4780520559, 5.4346586697, 9.4487072975, 4.8365971027, 3.4238325037, 7.7139250543, 7.683630244, 19.2521484918, 0, 136.7284681404, 13.3499335605, 34.5371606843, 13.7876058195],
      [0.0095452096243, 2.1468913419, 5.7299200105, 0.34776740407, 2.0671201745, 0.62974443452, 0.061570640413, 2.9334617133, 4.6105134003, 0.54248860214, 3.0262280556, 5.842866254, 3.94591586, 7.0516761604, 0.18640391504, 0.018494592087, 0.92784352133, 3.7205623869, 0.27821568939, 10.3918768563, 5.6661029704, 1.2422798961, 0.048567463468, 0.010358715261, 0.79223860539, 0, 2.4465061436, 7.294733356, 8.6215758481, 10.480058782, 5.7548640311, 2.6937516526, 1.2846378402, 0.027240434001, 0.32778899858, 0.98375884701, 2.1526250359, 3.0220137087, 1.5001356743, 2.3994737492, 4.1142769478, 9.9419266669, 0, 47.9412931239, 5.266627607, 20.0093795523, 3.2871492657]
    ],
    [
      [0, 0.23498682222, 0.24973611038, 0.018317726992, 0.082494026806, 0.0071813241357, 0.0040267837558, 0.027664542028, 0.046775734991, 0.05348219708, 0.070249826739, 0.18837850033, 0.1189683435, 0.17477704173, 0.00022717270656, 0.032436888769, 0.0042226221743, 0.051842958309, 0.0094456655562, 0.32366770537, 0.23276873087, 0.0036461843219, 0.034395462747, 0.017900761926, 0.0090738101147, 3.296171415e-05, 0.071761712421, 0.084793514587, 0.25337113273, 0.30152225053, 0.069300210146, 0.11367692313, 0.018561159406, 0.00023969104289, 0.00730940139, 0.023783653102, 0.068502621577, 0.030206877363, 0.010321602303, 0.076432885659, 0.077523753507, 0.16789040535, 0, 1.4244895784, 0.15482257101, 0.54710475718, 0.050883492795],
      [0, 153.1784319215, 257.5844973141, 11.8119727918, 61.6372192083, 12.4768756746, 2.8230791115, 48.6777310883, 52.347910142, 38.8844700616, 45.1452451389, 327.5370165452, 260.1564004895, 327.8064069291, 3.8649329948, 4.7629697473, 10.2915014491, 58.9526947681, 8.3989896396, 227.445219592, 225.5322239016, 9.0832298193, 5.570052516, 3.8403800558, 22.5424780846, 0.89486010844, 96.1620537858, 193.6390087683, 241.0124879633, 331.5591793501, 95.7488387437, 136.1706141472, 33.760362861, 0.98264688924, 19.4936517575, 36.123260104, 67.748303171, 39.2557626229, 12.6023840735, 80.778738474, 75.5648703761, 238.371904396, 0, 1864.1925543056, 144.4380560724, 343.5411102553, 52.6281532389],
      [0, 7.4925283435, 12.3810048715, 0.74673026229, 4.0467710777, 0.20880343929, 0.12142387692, 3.0115895434, 2.2167222481, 1.6113930619, 1.9116838833, 6.7827917316, 4.1750594329, 6.4842007864, 0.060831837475, 0.092634348046, 0.58377591804, 3.5243776444, 0.32672176723, 9.9720026129, 7.8618201562, 0.41462254038, 0.3292956728, 0.085279945437, 0.81399509161, 0.088788399606, 4.8548996225, 6.113822077, 8.9274867493, 10.8066494957, 3.5138438638, 4.4674843469, 1.1891095392, 0.01477453622, 1.1869184333, 2.0975130616, 2.8767336853, 1.2103727039, 0.74288131396, 1.9412300538, 3.0771542925, 7.6151215875, 0, 79.049971131, 6.9447324979, 14.3386760772, 2.9295172437],
      [0, 4.0940529128, 8.784761704, 0.42297921891, 2.2335156872, 0.30713956195, 0.051470227854, 1.2830148263, 1.3885918749, 0.45065467937, 1.872821151, 7.4918132229, 3.5495717341, 5.5346152428, 0.074007995047, 0.11195901591, 1.1205000107, 1.4710846291, 0.26484292759, 7.2591100897, 5.3731872113, 0.49850145599, 0.066256348458, 0.056439236853, 0.63445301365, 0.01631853024, 1.9112848793, 5.1623756402, 9.8066541547, 11.3326489036, 3.6680171824, 3.2482245827, 2.0319664404, 0.0023388834947, 0.3121204078, 0.75544318124, 1.3064605221, 1.5036577958, 0.64441301026, 1.2035985866, 3.2804515779, 7.8450836112, 0, 55.332984985, 5.4623888587, 16.5731089103, 1.3914460246]
    ],
    [
      [0.0043463649844, 1.9786999202, 2.9574346224, 0.21209436235, 1.5435904445, 0.097635077839, 0.071024683415, 0.569822398, 1.2138075656, 0.94913641361, 2.3618240392, 1.816032885, 1.994383677, 2.5230659779, 0.00064001237952, 0.42719512568, 0.041236360923, 1.4056478303, 0.069851424446, 3.938201118, 2.4466309149, 0.049249802293, 0.61153474722, 0.19556867452, 0.1153545587, 0.00048134831484, 1.0855706848, 1.3582427426, 3.1887484219, 3.5241722657, 0.89151174172, 1.7902554253, 0.14225465338, 0.0099862380549, 0.17951038004, 0.34790677551, 1.6253682728, 0.38573579052, 0.16936448913, 0.90943354072, 1.2069404938, 2.0854770512, 0.00014781926567, 16.3199519177, 1.4254370842, 7.2808084961, 0.55335487965],
      [0.33824404469, 74.8321795335, 177.2576337944, 7.7524312138, 66.8956734269, 9.5789360897, 2.6650418206, 58.1367666282, 78.8162686066, 39.878705268, 88.0264107375, 183.4443585548, 253.3887865775, 275.0349161216, 0.49443783973, 3.3539921288, 5.6620707702, 92.7880227253, 3.4329146448, 160.8264583201, 137.6903578833, 6.9596066487, 5.5730714479, 2.1813522434, 16.4243296799, 0.68943086753, 84.4114718075, 180.2028620714, 176.2516435428, 225.2377935822, 71.4434359484, 124.4819526029, 14.8173283868, 2.0645230704, 27.5982010037, 30.5353070036, 93.257925912, 28.9406287296, 11.8493797022, 55.6777625887, 68.2209727192, 172.0478112083, 0.11895446123, 1242.5323486029, 77.178855154, 265.8095094992, 33.1250461486],
      [10.650638749, 311.7514770929, 722.390583331, 44.4047567009, 374.180305243, 14.7831903845, 12.1444701294, 306.8885185316, 284.3294940599, 142.1409534758, 317.5016170187, 322.4415783076, 344.9540322215, 461.1536757064, 1.4809701025, 7.0314189439, 29.9137446936, 471.6679965973, 13.2472333131, 597.8597845235, 407.5893737791, 29.1264654754, 30.6642249272, 5.5428359997, 52.4209668852, 9.2786666775, 362.7786468169, 482.7892292318, 553.6664515881, 622.181194, 223.5869985561, 347.1385094291, 46.0298013074, 3.9116726423, 145.2331103033, 152.6923430729, 337.1225851983, 77.201281315, 61.614125321, 114.5678430161, 236.9950223815, 466.3200203958, 0.85127541876, 4453.5167437201, 315.9212223244, 939.5103511445, 158.3737198037],
      [0.0067708413078, 4.4376434534, 13.3943482522, 0.63071772299, 5.3804308856, 0.54023844796, 0.11946336652, 3.4048924422, 4.6404297679, 1.0312048426, 8.1101482046, 9.2980302526, 7.662797524, 10.288342194, 0.023952045414, 0.18739380161, 1.3829481753, 5.138332847, 0.2500006176, 11.3755560384, 7.2736374228, 0.86467807366, 0.15116887771, 0.080243082408, 1.0393488762, 0.031421106613, 3.7243106908, 10.6496659543, 15.8931564471, 17.056840152, 6.0780537537, 6.5892825427, 2.0106156524, 0.013818049283, 0.9891783129, 1.424443148, 3.9941206169, 2.4723541649, 1.3671304877, 1.8449608545, 6.5770644055, 12.5466913447, 0.02962230074, 81.6309557593, 6.4744854374, 28.3993308602, 1.9478791681]
    ],
    [
      [0.0019172761995, 0.092045064901, 0.10708936112, 0.0026557345487, 0.040083874492, 0.0023651878395, 0.00145227209, 0.012475961992, 0.051927023715, 0.024670890066, 0.031093361069, 0.079053809391, 0.054218357552, 0.085736510565, 0.00012916472032, 0.0071587637466, 0.00069608971193, 0.022811727493, 0.005247813795, 0.17761166908, 0.062066145946, 0.00224084739, 0.024941503797, 0.010224057836, 0.0019306831704, 3.9669289782e-05, 0.029160488451, 0.035023121708, 0.12349803618, 0.12398151003, 0.027906499367, 0.057885462757, 0.0034793169334, 0.00029461547624, 0.0025724357005, 0.0094322513207, 0.033317722747, 0.014659025118, 0.003915230028, 0.034616098995, 0.037183613945, 0.087040217832, 4.2520863469e-05, 0.67791054591, 0.05836492459, 0.20939286033, 0.013427387571],
      [2.1786321072, 46.3870020594, 85.4380170884, 1.306803839, 23.1330589234, 3.1353101044, 0.75789872309, 16.9645542359, 44.9314450384, 13.8655812118, 15.4367208262, 106.3287282673, 91.7430948005, 124.4300447192, 1.5752802342, 0.75766689701, 1.2731377671, 20.0572393928, 3.5216434243, 96.5582376428, 46.5137821711, 4.2403147442, 3.0971341744, 1.6432807142, 3.6739942864, 0.65389215693, 30.2145221527, 61.8669778182, 90.8618498862, 105.4677527691, 29.79258321, 53.622085287, 4.8537900543, 0.942772883, 5.2925239745, 11.0549228437, 25.4795260637, 14.686639106, 3.6643235894, 28.285904674, 27.9906214359, 95.5908718646, 0.55246751283, 686.6711788104, 42.0894812342, 101.7210650462, 10.7251790372],
      [1.6667941242, 6.7813512287, 12.2661991414, 0.25035009815, 4.5409761971, 0.15852548499, 0.10180723975, 3.1385414069, 5.6869471138, 1.7187820838, 1.9547310489, 6.5761033312, 4.3964589715, 7.3496146847, 0.07838380058, 0.045491058461, 0.22052798664, 3.5834564988, 0.41873068253, 12.6451638222, 4.8437152841, 0.58664589148, 0.55321958991, 0.11356999457, 0.39890060726, 0.21229009748, 4.5587263456, 5.8348380164, 10.0537571046, 10.2667646071, 3.2692012482, 5.2565127143, 0.51556345683, 0.042369185601, 0.96536384611, 1.9219966856, 3.2333915691, 1.3569646583, 0.6513982156, 2.0319413978, 3.408697331, 9.1214463769, 0.03083710679, 86.9261770782, 6.0487291966, 12.679081783, 1.7867043128],
      [0.15265649239, 10.739601647, 25.1886944091, 0.44019032827, 7.285881005, 0.70379922273, 0.13884176507, 3.8844283952, 10.3296808241, 1.3909658143, 5.5774547639, 21.0161145922, 10.8062278704, 18.1346040856, 0.34620680054, 0.18968328078, 1.5056381565, 4.3364923809, 1.0543780794, 26.6189868659, 9.5804363988, 2.1707985169, 0.3247047319, 0.23292523343, 0.92517442321, 0.13377807631, 5.1975910133, 14.2631610437, 31.960894973, 31.1415011138, 9.9103090424, 11.0635165359, 2.627167172, 0.014563315922, 0.73953974374, 2.0136482194, 4.2537646444, 4.9417372107, 1.680362965, 3.6475378292, 10.5634976191, 27.2006415406, 0.41665285952, 175.7247335655, 13.8034246447, 42.3904603105, 2.4746892624]
    ],
    [
      [0.50835607489, 5.2548556541, 7.108899291, 0, 4.6124053798, 0.49510728059, 0, 1.3071408432, 2.8152747517, 2.6026828972, 1.888604935, 7.2470199481, 4.1197322114, 7.9697856324, 0, 0.90185942734, 0, 3.089708191, 0.37373133458, 16.1017789673, 10.8525137255, 0.20445789736, 1.7195457697, 0, 0.6616478086, 2.5931448443e-07, 4.2540858986, 2.7659973466, 9.9571656894, 12.6603476893, 3.4276129815, 4.7542060143, 0.13823189695, 0, 0.39272242475, 2.1799589051, 3.4282708875, 1.2056518479, 0.62922842455, 7.2835139327, 5.0102103099, 6.7947275662, 3.3247379172e-24, 51.5844285117, 4.5539285946, 26.3367379084, 1.2958675412],
      [0.15628358147, 2.2948435558, 5.000718486, 0, 2.3024085188, 0.52154526674, 0, 1.557383748, 2.1385520832, 1.2181904876, 0.81116266809, 8.6079792338, 6.1476522029, 10.2399033545, 0, 0.0333437668, 0, 2.3840276339, 0.1715710253, 7.7476934847, 7.1699193227, 0.33328492359, 0.13287420097, 0, 1.0599551421, 0.16210981383, 3.8546467426, 4.3263465292, 6.4721333725, 9.5359670676, 3.2180324298, 3.8476374908, 0.16353444967, 0, 0.67043426667, 2.1815317012, 2.2800830538, 1.0445560916, 0.49628148788, 5.1889489101, 3.2960717712, 6.6053933394, 0.046813571737, 46.5396780944, 2.8832469862, 11.3525666644, 0.90207607329],
      [0.25011761817, 0.67122531226, 1.4351241573, 0, 0.90436167995, 0.054146653184, 0, 0.57677952772, 0.5416380376, 0.30301231795, 0.20563001506, 1.0645526482, 0.58918410782, 1.2091876121, 0, 0.0042872366793, 0, 0.85204150075, 0.041989621039, 2.0282764634, 1.4931876545, 0.09342856628, 0.048357009974, 0, 0.23230363236, 0.11164162883, 1.1636820221, 0.8159135442, 1.4317086068, 1.8555763408, 0.70690600019, 0.75468805108, 0.035118298652, 0, 0.24577800264, 0.76082911652, 0.57911682352, 0.19383155075, 0.17805574377, 0.7471678319, 0.80354818291, 1.2601039285, 0.0091758376441, 11.7686749112, 0.82887199959, 2.8278049309, 0.30107760945],
      [0.085242725476, 3.7790754778, 10.4552580656, 0, 5.1808244214, 0.92920079949, 0, 2.5586958811, 3.5045351275, 0.87611429729, 2.0946023819, 12.0804481699, 5.1434314779, 10.5811234011, 0, 0.060509569178, 0, 3.6742226743, 0.41270801908, 15.1222510846, 10.4843792973, 1.3688286128, 0.09922301939, 0, 2.0460934169, 0.72624829802, 4.7275853366, 7.09174258, 16.1389923313, 19.9481089023, 7.6474485885, 5.6434684438, 0.66311535473, 0, 0.69106530594, 2.8776802772, 2.7125292352, 2.5559605098, 1.6964343438, 4.7803693253, 8.890169736, 13.3397751658, 0.94401059062, 84.1072184827, 6.7339524195, 33.4828904963, 1.500978776]
    ]
  ],
  "prob": [
    [0.0054146687963, 0.12209622472, 0.46535443035, 0.40713467614],
    [0.37825716441, 0.39034587294, 0.16704467078, 0.064352291872],
    [0.00083757401959, 0.93543742159, 0.036020479791, 0.027704524603],
    [0.0035504584425, 0.23073669167, 0.75059030456, 0.015122545327],
    [0.00084348022416, 0.72920722894, 0.083818431581, 0.18613085925],
    [0.29967979981, 0.23105739491, 0.053046745309, 0.41621605997]
  ],
  "iterations": 141,
  "time": 4.861496,
  "message": "Converged",
  "status": 0,
  "miniter": 0,
  "maxiter": 1000,
  "maxtime": 3600,
  "param_threshold": 0.001,
  "ll_threshold": "-Inf",
  "initial_prob": "random",
  "adjust_prob_cond_method": "",
  "adjust_prob_cond_every": false,
  "candidates_id": ["HUNT, Reuben Timothy.c", "COSGROVE, Clayton James.c", "DOOCEY, Matthew Maurice.c", "Other candidates votes.c"],
