{
  "Z_true": {},
  "V_true": [
    [33, 22, 79, 822, 692],
    [32, 1460, 1577, 539, 97],
    [148, 514, 6460, 694, 158],
    [105, 203, 216, 16264, 343],
    [935, 83, 606, 651, 140],
    [43, 148, 256, 423, 354]
  ],
  "p_true": [
    [0.02, 0.0133, 0.0479, 0.4988, 0.4199],
    [0.0086, 0.3941, 0.4256, 0.1455, 0.0262],
    [0.0186, 0.0645, 0.8101, 0.087, 0.0198],
    [0.0061, 0.0118, 0.0126, 0.9494, 0.02],
    [0.3872, 0.0344, 0.2509, 0.2696, 0.058],
    [0.0351, 0.1209, 0.2092, 0.3456, 0.2892]
  ],
  "Z_est": [
    [
      [0, 0, 0, 0, 0, 0, 0, 0, 0, 0, 0, 0, 0, 0, 0, 0, 0, 0, 0, 0, 0, 0, 0, 0, 0, 0, 0, 0, 0, 0, 0, 0, 0, 0, 0, 0, 0, 0],
      [0.0001, 0, 0.0107, 0.0082, 0.006, 0.0065, 0.0068, 0.005, 0.0034, 0.0038, 0.0042, 0.005, 0.004, 0.0053, 0.0052, 0.0005, 0.0037, 0.013, 0.0085, 0.0129, 0, 0.0126, 0.0142, 0.0008, 0.0052, 0.0074, 0.0038, 0.0034, 0.0104, 0.0023, 0.0022, 0.0001, 0, 0.0001, 0.0841, 0.0134, 0.0317, 0.0112],
      [0.0325, 0.0072, 2.1324, 0.8597, 0.5635, 0.6574, 0.8705, 4.1664, 0.4696, 0.4226, 0.5382, 1.0583, 1.0235, 0.5021, 0.6935, 0, 0.1806, 1.1125, 0.7658, 1.1703, 0, 1.1414, 1.499, 0.0289, 0.6502, 1.1522, 0.354, 0.5635, 1.0005, 1.9874, 0.3871, 0.0831, 0, 0.0144, 9.9006, 1.08, 2.1997, 0.7494],
      [3.3988, 1.243, 50.5665, 65.045, 12.3665, 26.8685, 9.5383, 13.5756, 16.179, 7.3682, 13.9859, 19.7355, 17.2831, 15.6132, 52.0449, 1.1269, 2.6019, 23.321, 17.2043, 23.529, 0, 43.8596, 35.2733, 2.2592, 70.4653, 63.8898, 19.1808, 46.1055, 34.1168, 10.0181, 8.0695, 1.2434, 0, 1.3785, 368.4679, 33.7687, 62.1165, 15.2612],
      [0.5686, 0.7498, 16.2904, 19.0871, 5.064, 8.4676, 3.5845, 5.253, 5.3481, 3.2054, 5.4717, 6.2013, 5.6893, 5.8794, 15.2564, 0.8726, 1.2139, 8.5534, 6.0214, 8.2878, 0, 13.9863, 12.2135, 0.7112, 20.8793, 19.9505, 5.4615, 14.3276, 11.8722, 3.9921, 2.5412, 0.6734, 0, 0.6069, 118.5474, 12.1379, 25.6521, 4.9782]
    ],
    [
      [0.2763, 0, 0.0096, 0.0069, 0.005, 0.0064, 0.0066, 0.0023, 0.0019, 0.0026, 0.0029, 0.0037, 0.0039, 0.0051, 0.0046, 0.0006, 0, 0.0109, 0.0067, 0.0105, 0.0004, 0.0115, 0.0138, 0, 0.0049, 0.0059, 0.0038, 0.0029, 0.0082, 0.0024, 0.0019, 0, 0, 0, 0.0791, 0.0103, 0.0204, 0],
      [0.9133, 0, 72.3351, 53.3671, 38.7556, 46.4721, 48.1715, 23.7031, 17.7756, 21.8193, 24.5345, 29.9651, 28.5005, 37.6621, 34.9857, 3.7415, 24.4568, 84.6412, 53.0739, 82.297, 3.7036, 86.2435, 100.7578, 5.4829, 36.3141, 46.6082, 27.209, 22.4252, 65.3218, 16.838, 14.6115, 0.9129, 0, 0, 585.441, 83.039, 178.0894, 78.7254],
      [1.3192, 1.3971, 56.2794, 38.5598, 26.875, 38.0527, 38.4277, 8.0191, 7.9988, 12.8769, 15.1183, 19.601, 23.3918, 26.3045, 27.4675, 3.8179, 18.1693, 60.6052, 36.169, 56.2606, 1.253, 59.9151, 73.2742, 1.6143, 28.1373, 32.6975, 22.3718, 17.2276, 45.5292, 13.3216, 9.7937, 3.7477, 0, 0, 443.4397, 54.5513, 98.4891, 57.5136],
      [0.4685, 0.0362, 1.3845, 1.3547, 1.8498, 1.8104, 3.3942, 0.0332, 0.027, 0.0363, 0.0415, 0.0519, 0.7027, 5.4986, 0.0654, 0.0578, 1.0377, 2.615, 1.0617, 3.3497, 0.0052, 9.6417, 12.5314, 4.6428, 2.0365, 0.083, 2.0219, 0.0415, 0.2932, 2.5883, 1.3961, 2.5712, 0, 0, 42.8666, 2.3323, 0.2895, 8.6561],
      [0.0227, 0.5667, 0.9914, 0.7114, 0.5146, 0.6584, 0, 0.2422, 0.1968, 0.2649, 0.3027, 0.3784, 0.4011, 0.5298, 0.4768, 0.3822, 0.3362, 1.1277, 0.6887, 1.0823, 0.0378, 1.1882, 1.4228, 0.2601, 0.5071, 0.6055, 0.3935, 0.3027, 0.8476, 0.2498, 0.1968, 0.7682, 0, 0, 8.1736, 1.0671, 2.1115, 1.105]
    ],
    [
      [0.4558, 0, 10.7901, 5.5539, 8.6107, 4.0445, 4.8606, 10.294, 9.1412, 5.3147, 11.2509, 13.254, 7.9571, 5.0383, 7.8748, 1.0207, 0.2874, 9.6506, 6.4011, 13.4643, 0.2871, 6.8485, 18.4136, 0.2874, 9.0775, 7.7241, 2.9816, 0.6321, 6.5452, 0.9059, 1.6948, 0, 0, 0, 134.2755, 13.0103, 28.2995, 2.3646],
      [0.0003, 0, 4.4437, 3.9389, 2.5402, 0.3411, 0.3801, 11.6358, 5.3888, 3.2694, 2.7597, 5.0531, 0.2403, 0.7366, 2.4043, 0.001, 0.6207, 4.469, 7.2443, 7.5701, 0.1721, 4.4824, 1.0622, 0.1317, 0.8996, 5.4433, 0.0074, 1.8543, 8.7406, 0.0046, 0.6365, 0.0003, 0.0837, 0.2494, 17.5021, 9.2792, 43.5276, 1.5961],
      [6.5156, 0.5571, 257.7554, 166.3196, 110.596, 122.2908, 173.7306, 123.8933, 107.874, 90.6044, 118.9596, 239.7508, 145.5509, 92.8314, 125.4886, 14.3091, 27.7201, 207.1364, 156.7371, 239.742, 5.7597, 220.2623, 298.3712, 5.4889, 117.4922, 236.7309, 65.4717, 116.4967, 198.3881, 49.048, 27.7971, 17.0418, 0.7843, 3.091, 1948.0649, 210.8317, 440.8388, 67.4456],
      [1.4869, 0.0092, 2.778, 11.2288, 2.7288, 1.3013, 17.156, 7.7627, 1.4042, 1.6698, 2.9344, 14.4451, 0.6949, 2.3963, 1.4397, 0.0531, 0.3046, 2.2058, 11.1232, 42.0424, 0.0646, 8.4519, 6.0783, 0.1047, 1.5407, 12.597, 2.134, 2.515, 13.538, 0.5537, 0.3138, 2.0789, 0.132, 0.1439, 24.659, 7.441, 11.8361, 1.882],
      [0.5414, 0.4336, 25.2328, 23.9587, 11.5244, 13.0223, 4.8728, 5.4142, 10.1918, 8.1417, 12.0953, 6.497, 8.5569, 13.9974, 18.7925, 2.6161, 4.0673, 15.5383, 10.4943, 13.1812, 0.7166, 21.9549, 18.0747, 0.9873, 33.99, 29.5048, 6.4052, 27.5019, 22.7881, 9.4878, 3.5579, 1.879, 0, 2.5157, 187.4984, 27.4378, 56.4981, 7.7117]
    ],
    [
      [0.0186, 0, 0, 0, 2.1879, 0, 0, 0.3434, 0.1581, 1.3128, 1.7112, 0.3455, 0.1714, 0, 0, 0.0173, 0, 0, 0, 0, 0, 0, 2.4286, 0, 1.1999, 0, 0, 0, 0, 0, 1.373, 0, 0, 0, 6.7585, 4.1256, 11.4912, 0],
      [0.0005, 0, 0.0385, 1.586, 1.7219, 0.0235, 0.0244, 0.2762, 1.2324, 2.1248, 2.7349, 0.623, 0.3148, 0.0193, 0.0188, 0.0019, 1.2416, 4.6114, 0.4983, 2.8098, 1.7572, 0.0456, 0.0512, 0.0028, 0.0188, 1.0417, 0.0136, 0.0122, 0.8429, 0.0085, 0.6453, 0.0005, 0.6716, 0.3229, 0.3031, 4.3216, 6.0449, 0.5222],
      [0.1209, 0.0385, 17.2094, 5.1565, 2.0956, 3.5961, 5.115, 0.1848, 1.9444, 1.8111, 2.0015, 4.8275, 1.4451, 4.2216, 12.75, 1.0456, 2.3405, 12.3734, 3.1824, 4.3523, 1.1841, 6.5227, 6.3204, 0.1075, 10.1478, 12.8342, 1.7659, 6.8969, 3.721, 2.7993, 9.6778, 0.5165, 0.1981, 0.0537, 64.1082, 4.0165, 8.1808, 2.158],
      [13.86, 6.7117, 702.75, 912.5487, 158.2854, 321.8041, 259.86, 110.1951, 115.4543, 129.9268, 172.448, 254.2033, 126.8403, 364.1069, 791.3135, 9.3535, 87.074, 371.0139, 197.3184, 382.8366, 14.6722, 621.4299, 439.198, 30.8349, 890.0375, 1205.2263, 268.22, 531.2488, 339.7881, 69.4761, 113.0562, 38.4141, 20.1303, 17.4568, 5014.8149, 453.7103, 1022.7029, 203.7702],
      [0.0001, 0.2498, 0.0021, 3.7089, 0.7092, 0.5764, 0.0005, 0.0006, 0.2107, 0.8245, 4.1044, 0.0007, 0.2284, 0.6522, 1.9176, 2.5818, 0.344, 0.0013, 0.0009, 0.0012, 0.3865, 0.0018, 0.0018, 0.0548, 1.5959, 4.8978, 0.0005, 3.8421, 1.648, 0.7161, 0.2477, 0.069, 0, 0.1665, 0.0153, 0.826, 20.5802, 0.5496]
    ],
    [
      [1.2493, 0, 37.2003, 25.4392, 18.1964, 14.9491, 15.1328, 23.3603, 15.6987, 13.3699, 18.035, 30.3968, 15.8676, 14.9565, 28.1206, 1.9614, 0.7126, 23.3385, 11.5922, 20.5253, 0.7126, 23.14, 35.144, 0.7126, 26.7176, 33.27, 8.0146, 12.365, 25.4466, 4.0917, 3.9302, 0, 0, 0, 287.8869, 30.8538, 66.1889, 4.6354],
      [0, 0, 0.0194, 0.014, 0.008, 0.0085, 0.0084, 0.0091, 0.0065, 0.0061, 0.0068, 0.0127, 0.0071, 0.0079, 0.014, 0.0009, 0.0013, 0.013, 0.0065, 0.0104, 0.0005, 0.0136, 0.0163, 0.0005, 0.0125, 0.0173, 0.0044, 0.0079, 0.0144, 0.0025, 0.0018, 0.0005, 0, 0.3566, 0.1332, 0.0149, 0.0318, 0.0048],
      [0.8531, 0, 32.9684, 22.9076, 13.1192, 14.1937, 18.6066, 18.3155, 11.2107, 10.2564, 11.8996, 25.8906, 14.3322, 12.6893, 22.787, 1.8275, 0.8733, 21.3415, 11.4076, 16.7616, 0.6446, 22.5863, 28.2174, 0.6193, 20.3985, 29.9601, 7.2738, 13.9533, 23.4768, 4.5566, 2.4164, 1.2071, 0, 0.7703, 227.1536, 23.6161, 48.5528, 4.8825],
      [0.5206, 0, 28.6136, 22.4616, 7.1477, 11.0688, 8.7275, 6.433, 6.3094, 6.9698, 4.1583, 14.9236, 5.6415, 10.8177, 24.2726, 0.582, 0.1616, 12.1398, 2.3499, 3.7973, 0.391, 15.4646, 10.9422, 0.4163, 19.322, 28.5593, 4.8173, 15.6426, 20.136, 2.7157, 0.6464, 0.8866, 0, 0.6179, 146.7098, 12.8403, 24.2482, 0.9695],
      [0.3769, 0, 14.1984, 10.1776, 5.5286, 5.7799, 2.5247, 4.8821, 4.7747, 4.3977, 4.9003, 6.7762, 5.1516, 5.5286, 10.8058, 0.6282, 0.2513, 8.1672, 3.6438, 5.9055, 0.2513, 8.7954, 10.6802, 0.2513, 9.5493, 13.1932, 2.8899, 6.0312, 9.9263, 1.6334, 1.0052, 0.9058, 0, 0.2552, 95.1165, 9.675, 19.9782, 1.5078]
    ],
    [
      [0, 0, 0, 0, 0, 0, 0, 0, 0, 0, 0, 0, 0, 0, 0, 0, 0, 0, 0, 0, 0, 0, 0, 0, 0, 0, 0, 0, 0, 0, 0, 0, 0, 0, 0, 0, 0, 0],
      [0.0858, 0, 5.1526, 4.0857, 2.9682, 3.1484, 3.4088, 2.3708, 1.5933, 1.7766, 1.9599, 2.3412, 1.9333, 2.5689, 2.572, 0.2542, 1.676, 6.2523, 4.1684, 6.2998, 0.3665, 6.2023, 7.0983, 0.3814, 2.7497, 3.8821, 1.7618, 1.697, 5.07, 1.1441, 1.1027, 0.0858, 0.2446, 0.071, 41.5365, 6.3319, 15.2747, 5.1403],
      [0.1587, 0, 5.655, 4.1967, 2.7508, 3.2093, 4.2496, 2.4208, 0.5026, 1.0285, 0.4827, 1.8718, 1.2565, 2.451, 2.8133, 0, 0.7163, 5.4311, 3.7383, 5.7132, 0.1587, 5.5721, 7.3178, 0.1411, 3.174, 5.625, 0.7628, 0.862, 4.8844, 1.2872, 1.9279, 0.4038, 0.0176, 0.0705, 48.333, 4.9045, 10.7387, 2.2509],
      [1.2653, 0, 14.9074, 17.3612, 13.6218, 10.1469, 18.324, 7.0004, 3.6261, 4.029, 4.4319, 5.6406, 5.8375, 7.5673, 8.8639, 0.8268, 2.8203, 20.7045, 18.9424, 26.4449, 0.8669, 26.1522, 35.9768, 1.7422, 16.5979, 22.6446, 3.6261, 6.4465, 18.1279, 3.648, 4.518, 0.8058, 0.7377, 0.4029, 170.4818, 14.9074, 53.8068, 8.461],
      [0.4903, 0, 11.2849, 11.3563, 6.6592, 6.4955, 7.0176, 4.2079, 3.278, 3.1658, 4.1255, 4.1464, 3.9727, 5.4127, 7.7508, 0.919, 1.7874, 10.6121, 8.1509, 11.5421, 0.6078, 13.0733, 15.6071, 0.7354, 11.4784, 13.8483, 2.8493, 6.9946, 10.9177, 2.9207, 2.4513, 0.7046, 0, 0.4556, 98.6487, 10.8562, 30.1799, 5.1478]
    ]
  ],
  "V_est": [
    [0, 0.3159, 40.018, 1208.069, 399.597],
    [0.532, 2078.8941, 1479.5875, 116.874, 29.1124],
    [368.6125, 158.7106, 6557.7675, 221.2298, 667.6797],
    [33.643, 36.5286, 227.0213, 16782.0922, 51.7149],
    [893.2125, 0.794, 742.5269, 482.4222, 296.0444],
    [0, 154.7568, 147.0787, 582.3128, 339.8517]
  ],
  "p_est": [
    [0, 0.0002, 0.0243, 0.7331, 0.2425],
    [0.0001, 0.5611, 0.3993, 0.0315, 0.0079],
    [0.0462, 0.0199, 0.8224, 0.0277, 0.0837],
    [0.002, 0.0021, 0.0133, 0.9796, 0.003],
    [0.3699, 0.0003, 0.3075, 0.1998, 0.1226],
    [0, 0.1264, 0.1202, 0.4757, 0.2777]
  ],
  "EI_Z": {},
  "EI_V": 8.2728,
  "MAE_Z": {},
  "MAE_V": 188.0518,
  "MAE_p": 0.0529,
  "runtime": 0.7768
}
