{
  "Z_true": {},
  "V_true": [
    [10, 707, 1274, 202, 126],
    [256, 1071, 11706, 1087, 634],
    [184, 180, 353, 17897, 445],
    [1181, 82, 898, 1033, 198],
    [49, 127, 338, 506, 643]
  ],
  "p_true": [
    [0.0043, 0.3049, 0.5494, 0.0871, 0.0543],
    [0.0174, 0.0726, 0.7934, 0.0737, 0.043],
    [0.0097, 0.0094, 0.0185, 0.939, 0.0233],
    [0.3482, 0.0242, 0.2647, 0.3045, 0.0584],
    [0.0295, 0.0764, 0.2032, 0.3043, 0.3867]
  ],
  "Z_est": [
    [
      [0.051, 4, 0.575, 0, 6, 0.9256, 0.0592, 0, 12, 0, 0, 5, 8, 0, 0.167, 0.3304, 0.2469, 12, 4, 0, 0, 0.4856, 0, 0, 7, 3, 2.9995, 0, 1.992, 3, 0.0835, 2, 4, 2, 2, 2, 3, 2.9992, 3, 2, 3, 1.9191, 2, 2, 3, 4, 3, 4.0004, 0, 4, 4, 1.8461, 4, 2, 2, 0, 1.403, 0.3925, 4, 3, 3, 2, 3, 1.9999, 2, 8, 7, 0],
      [0, 2, 0, 3.6751, 2, 0.0214, 0.0292, 0, 6, 0, 0.263, 3, 11, 0, 0.2326, 0.1424, 0, 12, 1, 1.1608, 0, 0.5246, 0.1354, 0, 7, 3, 2.0003, 2.8977, 0.0004, 4.3441e-09, 0.0199, 8.6953e-07, 2.8754e-12, 1, 2.0432e-06, 2, 2, 0.0001, 4.1888e-13, 6.9804e-07, 1, 0.0052, 1, 1, 4, 1, 1, 4, 0.1787, 1, 2, 0.1532, 1, 1, 2, 0.1207, 0.2036, 0.1875, 1, 2, 2, 3, 2, 2.9999, 8, 17, 10, 0],
      [0.4184, 18, 0.4991, 8.4938, 24, 0.4885, 0.2038, 0, 68, 0, 0.8658, 19, 67, 0, 0.9247, 1.1994, 0.726, 98, 17, 1.2032, 0, 2.1196, 0.4098, 0, 64, 18, 7, 6.017, 1.0018, 4, 0.5116, 4, 7, 8, 1, 4, 8, 2, 9, 5, 11, 1.0072, 4, 3, 18, 7, 6, 10.9999, 0.0792, 12, 12, 3.8545, 15, 10, 11, 0.3553, 0.2392, 2.2368, 8, 12, 14, 13, 12, 5, 27, 68, 37, 0],
      [0.4906, 19, 0.7296, 7.903, 34, 0.5246, 0.6129, 0, 81, 0, 0.8713, 16, 70, 0, 1.4829, 2.265, 0.9721, 143, 34, 2.0567, 0, 2.857, 1.1414, 0, 108, 20, 12.9999, 12.0879, 1.0045, 7, 0.3637, 5, 7, 9.0001, 7, 9, 12, 3.0004, 9, 6, 16, 0.0335, 13, 11, 17, 10, 11, 8.9998, 0.4159, 23, 19, 7.1449, 21, 13, 16, 0.524, 4.116, 3.1833, 22, 21, 25, 21, 19, 9, 36, 70, 53, 0],
      [0.0399, 1, 0.1964, 0.9281, 4, 0.0398, 0.0949, 0, 8, 0, 0, 2, 10, 0, 0.1927, 0.0628, 0.0551, 9, 1, 0.5793, 0, 0.0132, 0.3135, 0, 6, 1, 1.0003, 0.9974, 0.0013, 1.6952e-07, 0.0212, 3.836e-06, 2.6619e-10, 3.7135e-10, 6.9451e-06, 4.1589e-14, 1, 0.0003, 1, 1, 2, 0.0349, 2, 1, 3, 1, 2, 1.9998, 0.3261, 1, 2, 0.0014, 1, 2.4713e-07, 1, 0, 0.0382, 0, 2, 1, 1, 1, 1, 0.0001, 4, 10, 9, 0]
    ],
    [
      [0.8205, 28, 0.6914, 0, 30, 3.9664, 0.4163, 0.7438, 86, 0.547, 0, 11, 22, 0, 0.344, 0.7013, 1.0255, 64, 12, 0, 1.1307, 1.1188, 0, 0, 37, 9, 1.0002, 0, 5.0013, 4, 0.9853, 9, 15, 8, 3, 10, 18, 6.0001, 18, 6, 16, 4.0452, 2, 2, 6, 8, 5, 4.9999, 0, 13, 11, 1.1504, 7, 2, 3, 0, 0.5599, 0.4517, 3, 5, 3, 6, 7, 3, 4, 42, 28, 0],
      [0, 19, 0, 8.0186, 27, 3.7125, 0.4667, 0.4165, 64, 0, 1.5327, 17, 45, 0, 1.2719, 0.5836, 0, 85, 12, 2.3334, 0.5309, 4.1895, 0.1909, 0.0827, 40, 18, 8.0001, 3.0989, 2.9934, 6, 0.5358, 5, 8, 7, 4, 8, 21, 3.9994, 9, 9, 15, 4.8897, 4, 6, 12, 12, 10, 15.9998, 0.484, 12, 11, 3.9968, 12, 7, 10, 0.8578, 1.2453, 0.6984, 9, 12, 9, 21, 18, 11.9999, 30, 106, 51, 0],
      [7.0472, 225, 1.2809, 15.8578, 209, 11.5333, 3.2291, 0.7241, 646, 2.1938, 4.7383, 84, 255, 1.8594, 6.4916, 4.1626, 5.4774, 652, 109, 2.5959, 5.7311, 18.6355, 0.5967, 0.1682, 357, 94, 21.9995, 13.0546, 36.0015, 45, 8.8016, 54, 77, 64.0001, 12, 68, 98, 45, 118, 55, 99, 60.9501, 21, 24, 55, 51, 32, 39.0004, 0.2131, 110, 60, 11.5537, 81, 79, 74, 2.974, 2.0687, 7.6523, 33, 84, 65, 89, 91, 27, 95, 415, 174, 0],
      [7.3367, 226, 1.6358, 15.9585, 299, 11.5983, 8.2415, 1.0278, 770, 2.7261, 4.729, 69, 269, 1.756, 8.1721, 9.2723, 6.9489, 949, 219, 3.6037, 5.545, 24.814, 1.7512, 0.7491, 602, 104, 39.0005, 22.8987, 43.0071, 77, 8.1917, 68, 83, 67.9999, 53, 135, 137, 59.0017, 116, 63, 148, 26.0595, 55, 73, 54, 72, 59, 31.9997, 1.2892, 207, 94, 20.1511, 112, 107, 108, 4.1682, 10.0706, 10.1975, 82, 139, 109, 147, 137, 48.0001, 126, 427, 252, 1],
      [0.7956, 20, 0.3919, 2.1651, 34, 3.1895, 1.6463, 1.0878, 79, 0.5331, 0, 9, 41, 0.3846, 1.7203, 0.2802, 0.5483, 66, 10, 1.467, 2.0623, 0.2421, 0.4612, 0, 33, 8, 4.9997, 1.9477, 3.9966, 8, 0.4856, 4, 8, 5, 2, 11, 22, 7.9988, 16, 12, 19, 7.0554, 8, 7, 10, 11, 10, 6.0001, 1.0137, 12, 10, 1.148, 9, 7, 11, 0, 0.0556, 0, 8, 11, 8, 6, 9, 4, 14, 65, 42, 0]
    ],
    [
      [0.8162, 27, 1.1363, 0, 37, 2.6369, 0.5245, 0.4097, 91, 0.358, 0, 8, 23, 0, 0.3801, 0.7858, 0.7277, 89, 24, 0, 0.6697, 0.9867, 0, 0, 59, 9, 2.0003, 0, 5.0028, 7, 0.669, 9, 15, 9, 9, 16, 18, 8.0002, 15, 4, 18, 1.0076, 7, 8, 6, 9, 7, 3.9998, 0, 24, 15, 1.8532, 14, 2, 5, 0, 3.6755, 1.0733, 7, 9, 7, 9, 9, 4, 4, 32, 28, 0],
      [0, 17, 0, 1.7195, 29, 2.0142, 0.5041, 0.1702, 66, 0, 1.0957, 12, 45, 0, 1.14, 1.0672, 0, 116, 22, 2.5398, 0.3501, 4.8823, 0.5587, 0.7811, 68, 21, 8.9994, 5.0293, 0.998, 6, 0.2931, 4, 5, 6, 7, 13, 20, 2.0004, 6, 6, 19, 1.0146, 7, 16, 11, 10, 11, 11.0003, 1.0082, 20, 14, 4.8449, 19, 7, 14, 0.8275, 2.7671, 1.0358, 15, 18, 14, 29, 23, 15.0001, 34, 85, 52, 0],
      [7.3987, 216, 2.0488, 5.7669, 256, 10.9583, 4.567, 0.3639, 681, 1.4281, 3.9013, 70, 266, 1.7701, 5.8331, 6.2848, 4.7966, 912, 221, 3.027, 3.7731, 22.2885, 2.5723, 1.5341, 601, 100, 36.9997, 18.8828, 38.9849, 70, 6.2788, 53, 76, 72.9999, 42, 116, 101, 60.0005, 104, 46, 123, 24.9991, 54, 65, 61, 56, 48, 28.9995, 0.5201, 201, 86, 22.5875, 155, 110, 106, 2.9615, 8.6732, 12.0577, 73, 133, 120, 132, 128, 40.9999, 114, 329, 184, 0],
      [7.0847, 218, 3.0209, 6.1428, 362, 11.5024, 12.1456, 0.5358, 810, 1.8272, 4.0029, 56, 278, 1.8266, 7.1864, 14.3966, 6.0791, 1324, 443, 4.568, 3.9584, 32.9997, 7.6548, 7.6848, 1013, 111, 67.0009, 33.994, 46.0106, 116, 6.4537, 66, 84, 76.0001, 173, 228, 140, 77.998, 102, 49, 182, 9.9847, 146, 215, 56, 78, 85.0001, 25.0003, 3.2056, 377, 134, 37.718, 213, 147, 160, 4.211, 52.7838, 16.8332, 180, 224, 206, 217, 194, 66.0001, 147, 337, 265, 4],
      [0.7004, 20, 0.7941, 0.3708, 42, 3.8882, 2.2588, 0.5204, 83, 0.3868, 0, 7, 42, 0.4034, 1.4604, 0.4656, 0.3966, 92, 21, 1.8652, 1.2487, 0.8428, 2.2141, 0, 56, 8, 7.9998, 3.094, 4.0038, 13, 0.3054, 4, 8, 6, 7, 19, 22, 10.001, 14, 9, 23, 1.994, 23, 21, 10, 11, 14, 4.0002, 2.2661, 22, 14, 1.9964, 17, 10, 17, 0, 1.1004, 0, 19, 18, 15, 10, 13, 4.9998, 16, 51, 45, 0]
    ],
    [
      [0.2646, 8, 0.5111, 0, 9, 1.0268, 0, 0.5687, 22, 0.095, 0, 3, 5, 0, 0.0877, 0.1059, 0, 12, 3, 0, 0.1708, 0.1027, 0, 0, 7, 1, 0, 0, 0.9974, 1.3744e-07, 0.1938, 2, 5, 2, 1, 2, 4, 1.0004, 5, 1, 3, 1.001, 1, 1, 2, 2, 2, 1.9998, 0, 4, 3, 0.1494, 1, 1.1608e-07, 5.2908e-16, 0, 0.3239, 0.0592, 4.563e-11, 1, 1, 1, 1, 0.0001, 2.6661e-12, 5, 5, 0],
      [0, 5, 0, 0.0792, 7, 0.1847, 0, 0.2305, 16, 0, 0, 4, 9, 0, 0.1675, 0.1354, 0, 16, 3, 0.5879, 0.0924, 0.3347, 0, 0.0703, 8, 2, 0.0002, 0, 0.0062, 3.007e-07, 0.0948, 3.2184e-06, 2, 1, 8.1921e-06, 1, 4, 0.0001, 2, 1, 3, 0.0319, 1, 2, 3, 3, 2, 5.0001, 0.1379, 3, 3, 0.0026, 2, 1.8662e-07, 1, 0.1939, 0.7491, 0.0566, 1, 2, 2, 3, 2, 3, 2, 14, 10, 0],
      [3.2194, 62, 0.8893, 0.7736, 61, 2.9593, 0, 0.4856, 171, 0.3781, 0, 26, 57, 0, 1.1525, 0.7737, 0, 126, 34, 0.7397, 1.1429, 2.7154, 0, 0.1476, 73, 16, 3.0003, 0, 6.0092, 7, 1.5742, 12, 28, 16, 5, 14, 25, 10.9998, 32, 10, 27, 17.0637, 7, 8, 18, 16, 12, 12.9999, 0.0797, 33, 18, 3.7039, 18, 13, 10, 0.7092, 0.9605, 0.7215, 7, 15, 19, 18, 13, 7.0001, 7, 60, 35, 0],
      [3.2, 64, 1.2665, 0.1218, 90, 3.9057, 0, 0.8258, 203, 0.4468, 0, 23, 62, 0, 1.367, 1.9282, 0, 185, 69, 1.2291, 1.206, 4.4245, 0, 0.7821, 124, 17, 6.9993, 0, 9.9845, 15, 2.0265, 17, 31, 18, 22, 31, 37, 17.0002, 33, 13, 40, 8.9095, 23, 27, 20, 24, 24, 12.0001, 0.4775, 64, 29, 6.1409, 27, 20, 18, 1.0969, 9.9169, 1.1626, 20, 28, 34, 28, 22, 15.9998, 9, 61, 52, 0],
      [0.316, 6, 0.3331, 0.0254, 10, 0.9235, 0, 0.8894, 20, 0.0801, 0, 3, 9, 0, 0.2252, 0.0567, 0, 13, 3, 0.4434, 0.3879, 0.4227, 0, 0, 6, 1, 1.0002, 0, 0.0028, 2, 0.1107, 2.4491e-06, 4, 1, 2, 2, 5, 1.9995, 4, 2, 4, 1.9939, 3, 2, 3, 4, 3, 2.0001, 0.305, 3, 3, 0.0032, 2, 1, 2, 0, 0.0496, 0, 1, 2, 3, 1, 1, 1, 1, 9, 8, 0]
    ],
    [
      [0.0477, 2, 0.0863, 0, 2, 0.4442, 0, 0.2778, 6, 0, 0, 1.4411e-11, 2, 0, 0.0212, 0.0766, 0, 6, 1, 0, 0.0288, 0.3062, 0, 0, 3, 2.3846e-14, 0, 0, 0.0066, 4.2797e-08, 0.0684, 5.1815e-06, 2, 1.1379e-06, 3.0208e-06, 1, 2, 1.0002, 1, 1.8467e-06, 1, 0.0269, 6.944e-08, 4.8984e-12, 1, 1, 5.3612e-06, 1.0563e-06, 0, 1, 1, 0.001, 1, 1.8732e-07, 2.1751e-11, 0, 0.0377, 0.0232, 3.3109e-10, 2.9594e-13, 1.2246e-14, 4.1175e-11, 1.0052e-15, 0, 6.4456e-12, 3, 4, 0],
      [0, 1, 0, 0.5076, 2, 0.0672, 0, 0.1828, 4, 0, 0.1086, 1, 5, 0, 0.1879, 0.0713, 0, 8, 1, 0.3781, 0.0266, 0.0689, 0.115, 0.0659, 4, 1, 1, 0.9742, 0.0021, 5.0227e-07, 0.0564, 2.5486e-06, 9.0615e-11, 0, 8.0163e-07, 2.935e-15, 2, 0, 3.2317e-13, 3.0579e-09, 1, 0.0586, 7.125e-08, 1, 1, 1, 7.8599e-06, 1.9998, 0.1912, 1, 1, 0.0025, 1, 2.8506e-07, 1, 0, 0.035, 0.0217, 1, 1, 1, 2, 2, 1, 4, 9, 8, 0],
      [0.9163, 15, 0.282, 2.1078, 19, 1.0606, 0, 0.4264, 50, 0, 0.4946, 7, 29, 0.3706, 0.598, 0.5795, 0, 64, 16, 0.4342, 0.3529, 1.241, 0.4212, 0.1501, 38, 7, 4.0005, 3.0456, 3.0026, 6, 0.8338, 3, 10, 6, 1, 6, 12, 5.9996, 7, 4, 8, 4.9798, 3, 4, 10, 7, 4, 5.0003, 0.1079, 13, 7, 1.3004, 13, 12, 11, 0, 0.0584, 0.3317, 6, 11, 9, 12, 11, 3, 14, 38, 29, 0],
      [0.888, 16, 0.3472, 1.8739, 29, 1.469, 0, 0.6106, 61, 0, 0.3968, 6, 31, 0.4174, 0.7915, 1.1379, 0, 93, 32, 0.5425, 0.2905, 1.9048, 1.4526, 0.784, 65, 8, 6.9994, 8.0193, 2.9933, 10, 0.9644, 3, 10, 7.9999, 4, 14, 17, 7.9998, 7, 6, 11, 2.0128, 8, 13, 10, 9, 8, 4.0001, 0.6118, 26, 11, 3.8452, 19, 18, 16, 0, 1.1128, 0.6233, 17, 20, 16, 21, 17, 5, 20, 40, 42, 0],
      [0.148, 3, 0.2846, 0.5106, 5, 0.959, 0, 1.5024, 8, 0, 0, 3, 7, 0.212, 0.4014, 0.1346, 0, 8, 3, 0.6452, 0.3012, 0.4792, 1.0112, 0, 5, 2, 3.0001, 0.9609, 1.9955, 3, 0.077, 2, 3, 2, 1, 3, 5, 3.0004, 2, 3, 3, 2.9218, 3, 3, 3, 3, 3, 2.9998, 1.0891, 4, 2, 0.851, 4, 3, 4, 0, 0.7562, 0, 4, 3, 3, 2, 4, 2, 3, 8, 9, 0]
    ]
  ],
  "V_est": [
    [171.4759, 131.9518, 800.8546, 1117.781, 96.9368],
    [601.6999, 853.1293, 5322.5927, 7255.9017, 720.6764],
    [729.713, 958.6414, 6673.2577, 9795.8108, 901.577],
    [133.6584, 151.156, 1209.1992, 1736.4179, 161.5685],
    [43.4528, 72.1214, 563.0958, 819.0886, 165.2413]
  ],
  "p_est": [
    [0.0739, 0.0569, 0.3453, 0.482, 0.0418],
    [0.0408, 0.0578, 0.3608, 0.4918, 0.0488],
    [0.0383, 0.0503, 0.3501, 0.514, 0.0473],
    [0.0394, 0.0446, 0.3565, 0.5119, 0.0476],
    [0.0261, 0.0434, 0.3386, 0.4925, 0.0994]
  ],
  "EI_Z": {},
  "EI_V": 42.2504,
  "MAE_Z": {},
  "MAE_V": 1392.1345,
  "MAE_p": 0.1584,
  "runtime": 0.4738
}
