{
  "Z_true": {},
  "V_true": [
    [295, 43, 638, 209, 29],
    [18, 943, 110, 2644, 39],
    [26, 434, 105, 13756, 185],
    [980, 430, 8522, 2057, 273],
    [73, 169, 431, 1491, 507]
  ],
  "p_true": [
    [0.243, 0.0354, 0.5255, 0.1722, 0.0239],
    [0.0048, 0.2512, 0.0293, 0.7043, 0.0104],
    [0.0018, 0.0299, 0.0072, 0.9483, 0.0128],
    [0.0799, 0.0351, 0.695, 0.1678, 0.0223],
    [0.0273, 0.0633, 0.1614, 0.5582, 0.1898]
  ],
  "Z_est": [
    [
      [2.385, 4.8849, 3.6284, 3.0886, 7.0838, 6.0118, 0.7425, 0.1586, 0, 3.5341, 12.5303, 4.1295, 4.1892, 8.7149, 5.9171, 10.1736, 2.8467, 7.4518, 12.4512, 5.531, 12.3306, 4.2739, 0.1881, 9.1756, 0.1246, 2.1417, 1.9451, 1.0274, 0.4683, 1.5779, 1.3032, 0, 0, 0, 6.7977, 5.4155, 10.4878, 15.2784, 0.8733, 4.4743, 14.1068, 4.5183, 0.4529, 8.6483, 2.3937, 7.8529, 0, 0.6724, 15.7573, 3.6842, 33.1622, 4.1068],
      [0.4619, 0.7728, 0.4776, 0.4143, 1.2006, 0.8248, 0.0878, 0.0478, 0, 0.3972, 1.5623, 0.842, 0.5165, 1.3253, 0.9284, 1.0108, 0.608, 2.1398, 0.966, 0.5888, 1.1047, 0.7174, 0.245, 1.0376, 0.0436, 0.567, 0.2527, 0.0271, 0, 0.233, 0.1008, 0.1397, 0, 0, 1.2216, 0.6567, 1.6432, 2.5259, 0.1649, 0.5293, 2.0291, 0.4748, 0.0333, 1.5514, 0.4609, 1.2162, 0, 0.0843, 2.3095, 0.4396, 5.9265, 0.7863],
      [4.2358, 8.3158, 7.5351, 2.2624, 14.6339, 11.6456, 1.3447, 0.2281, 0, 5.2744, 16.0876, 5.4026, 4.084, 15.4858, 12.033, 19.7405, 6.423, 15.6696, 19.3531, 7.1296, 15.1422, 8.3922, 0.2534, 14.2108, 0.5409, 4.6339, 2.7962, 0.293, 0.9451, 2.4694, 1.2905, 0.402, 0, 0, 14.5901, 7.7262, 20.2932, 31.3065, 3.3625, 9.7825, 25.3113, 9.2592, 0.2447, 10.9425, 5.1452, 13.0861, 0, 1.7332, 28.0869, 4.7085, 40.7924, 6.0329],
      [4.9124, 8.0218, 7.3532, 3.2347, 14.0713, 10.5149, 1.8251, 0.5648, 0, 4.7936, 19.8198, 4.623, 4.2077, 17.4692, 10.1169, 16.0632, 6.1185, 11.7252, 15.2251, 5.7456, 15.4165, 7.6095, 0.3134, 9.5717, 0.2907, 5.6574, 4.006, 0.6456, 0.5866, 1.7162, 1.3046, 0.4514, 0, 0, 16.3781, 8.1951, 15.5667, 25.8892, 1.5992, 9.2069, 26.5494, 7.7472, 0.2679, 9.85, 4.9969, 12.8344, 0, 1.51, 23.8327, 4.1642, 43.0891, 7.0741],
      [0.0049, 0.0047, 0.0058, 0, 0.0104, 0.003, 0, 0.0007, 0, 0.0007, 0, 0.0029, 0.0025, 0.0048, 0.0047, 0.0119, 0.0038, 0.0135, 0.0046, 0.0049, 0.006, 0.0071, 0, 0.0043, 0.0002, 0, 0, 0.0068, 0, 0.0034, 0.0008, 0.0069, 0, 0, 0.0125, 0.0065, 0.0091, 0, 0, 0.007, 0.0033, 0.0005, 0.0012, 0.0078, 0.0034, 0.0103, 0, 0, 0.0136, 0.0036, 0.0298, 0]
    ],
    [
      [0.8803, 2.0823, 0.9025, 0.6155, 2.1859, 2.602, 0.3107, 0.3683, 0.4975, 3.3075, 7.9524, 2.0592, 2.8948, 4.4482, 2.6592, 4.8605, 2.3889, 1.4335, 2.8461, 2.3789, 5.6495, 1.1583, 0.0293, 2.0794, 0.0891, 0.3812, 0.7571, 0.2, 0, 0.4143, 0, 0, 0, 0.7138, 1.7364, 2.014, 4.4068, 5.9091, 0.4385, 2.7196, 6.5333, 1.9647, 0, 2.9534, 1.4338, 3.982, 0.3907, 0.0859, 9.4482, 3.3446, 15.2388, 4.3826],
      [14.498, 27.5587, 10.0755, 9.0999, 30.8858, 29.9411, 3.398, 8.8203, 5.1647, 31.5052, 84.652, 35.7633, 31.0427, 56.5343, 34.8619, 40.1961, 43.4206, 34.8816, 18.638, 21.4936, 42.6435, 16.4295, 3.6015, 19.8328, 5.0694, 9.4518, 9.0716, 0.7846, 0, 5.6952, 0, 1.6892, 0.5447, 0, 26.1413, 20.5579, 57.2277, 82.989, 7.4233, 27.0402, 78.6712, 17.5218, 0, 44.8426, 23.3817, 51.123, 2.4404, 1.8898, 114.2796, 33.8548, 226.3984, 72.3882],
      [0.8764, 2.0094, 1.0688, 0.3183, 2.5706, 2.8653, 0.3144, 0.1022, 0.3814, 2.8051, 5.9797, 1.5562, 1.6875, 4.5337, 3.0669, 5.3555, 3.1247, 1.7194, 2.5254, 1.7618, 4.0158, 1.2654, 0.0459, 1.8346, 0.3592, 0.5057, 0.6418, 0.0334, 0, 0.3632, 0, 0.006, 0.0136, 0.3865, 2.1336, 1.6102, 4.8142, 7.0703, 0.989, 3.4049, 6.7506, 2.3072, 0, 2.1607, 1.7568, 3.714, 0.1407, 0.2639, 9.5308, 2.4514, 10.7855, 3.787],
      [17.7326, 33.3477, 17.9512, 7.9662, 42.3578, 44.5916, 7.9769, 11.6004, 7.9253, 44.3822, 126.4159, 22.6138, 29.368, 87.4838, 44.412, 74.5769, 51.0497, 21.9521, 33.9905, 24.3579, 69.6913, 20.1358, 0.3233, 21.2532, 3.4823, 10.6613, 16.5295, 1.9679, 0, 4.5209, 0, 0.2828, 0.4417, 3.8997, 40.9864, 29.8046, 63.5501, 100.0316, 8.1492, 54.8166, 121.0449, 33.2063, 0, 33.0433, 29.4193, 63.1483, 2.0132, 3.7604, 138.7413, 37.341, 193.5484, 76.4423],
      [0.0127, 0.0018, 0.002, 0, 0, 0, 0, 0.1088, 0.031, 0, 0, 0.0075, 0.0071, 0, 0, 0.011, 0.0161, 0.0135, 0, 0.0078, 0, 0.0111, 0, 0, 0, 0, 0, 0.0141, 0, 0.0064, 0, 0.0219, 0, 0, 0.0024, 0.0133, 0.0012, 0, 0, 0.0187, 0, 0, 0, 0, 0.0084, 0.0327, 0.015, 0, 0, 0.0081, 0.0289, 0]
    ],
    [
      [0.5601, 2.2012, 1.396, 0.4445, 2.4107, 1.0493, 0.2864, 0.1356, 0.4138, 0.9338, 2.5523, 1.3021, 0.5753, 1.6971, 1.1429, 2.1756, 0.4886, 1.0681, 1.7652, 1.2789, 1.4362, 0.4634, 0.163, 1.3755, 0, 0.072, 0.5165, 0.0505, 0.3154, 0.4403, 0.1902, 0, 0, 0.0357, 0.8976, 0.9671, 2.4301, 1.7812, 0.072, 0.9452, 3.7192, 1.3855, 0.0129, 1.646, 0.9344, 1.3914, 0, 4.1651, 4.3904, 1.3317, 6.448, 1.6342],
      [1.1792, 4.0201, 1.9895, 1.0675, 6.0755, 1.6301, 0.1041, 0.2434, 0.2835, 1.0745, 3.3837, 2.3321, 1.9956, 2.9502, 2.2577, 1.6801, 2.141, 2.7498, 1.1593, 2.2101, 1.9094, 0.8685, 0.1706, 1.9533, 0.1536, 0.3947, 0.3786, 0.0665, 0, 0.5919, 0.3501, 0.028, 0.1866, 0, 3.7968, 1.2204, 4.4893, 3.8446, 1.1811, 0.8199, 6.1632, 1.0105, 0.166, 3.4246, 2.597, 2.4063, 0.16, 0.9988, 7.7823, 2.3027, 14.2994, 2.7533],
      [5.9634, 25.3629, 21.6042, 3.4866, 44.7789, 14.2393, 0.7276, 0.2604, 1.5991, 8.5634, 21.0777, 12.1438, 10.002, 21.2693, 17.3887, 30.4799, 13.4169, 15.5856, 20.6258, 15.5813, 17.7432, 5.6265, 0.4203, 15.4167, 1.1471, 1.8814, 2.3952, 0.0339, 0.8989, 3.2827, 1.0501, 0.1528, 0.2135, 0.5131, 27.815, 8.2114, 33.0555, 28.8714, 12.9511, 17.8861, 48.9006, 18.4366, 0.2727, 17.8142, 16.6794, 15.3217, 0.7412, 9.8221, 57.5079, 14.5287, 71.5707, 13.5232],
      [129.7473, 447.2559, 382.1223, 96.768, 775.6128, 234.4533, 19.8819, 24.5989, 37.7291, 143.1636, 469.7026, 184.9778, 181.5225, 431.2873, 266.4471, 445.9338, 230.7966, 208.6686, 290.2343, 226.0255, 322.5863, 95.4937, 7.2461, 188.1407, 11.8375, 41.8955, 67.8477, 9.2015, 12.7856, 44.6706, 24.9607, 7.1038, 9.5999, 5.4513, 556.5779, 162.3868, 462.0101, 430.1489, 113.0385, 301.0388, 919.9025, 279.9771, 8.0102, 284.6127, 295.2104, 275.8925, 11.3212, 85.3203, 883.7844, 233.3845, 1345.7425, 287.7816],
      [6.55, 18.1599, 18.888, 9.2335, 41.122, 7.628, 0, 1.7618, 1.9744, 4.2648, 11.2838, 7.2442, 6.9046, 13.796, 9.7637, 20.7305, 9.1569, 10.9279, 10.2154, 10.9041, 11.3248, 3.5478, 0, 7.1138, 1.8618, 3.7564, 5.862, 0.6476, 0, 3.0145, 2.4489, 0.7154, 0, 0, 28.9128, 6.2143, 19.0149, 11.3538, 2.7572, 13.3101, 27.3145, 8.1904, 0.5382, 16.5024, 12.5788, 11.9881, 0.7775, 16.6936, 36.5351, 13.4525, 61.9393, 6.3077]
    ],
    [
      [8.9886, 20.9684, 7.4337, 7.5185, 23.7653, 19.0102, 1.5575, 1.3028, 1.9709, 11.7514, 34.1472, 14.0918, 22.777, 27.4933, 22.7305, 43.6367, 13.8922, 13.5516, 36.1981, 23.1229, 37.6976, 7.9136, 1.4604, 19.6669, 0.7713, 4.3699, 4.7048, 0.5663, 1.158, 4.4787, 2.4604, 0, 0, 0.2023, 18.8727, 9.2674, 32.3902, 43.2677, 4.4219, 15.4095, 44.3765, 13.5867, 2.5342, 25.7458, 7.89, 18.3628, 2.4948, 0, 69.5338, 16.1326, 108.7455, 22.6666],
      [3.6717, 6.934, 2.024, 2.1564, 8.4349, 5.3701, 0.4008, 0.8364, 0.4836, 2.746, 8.8691, 5.6277, 6.0623, 8.6779, 7.4984, 7.5604, 6.3841, 7.5185, 4.9493, 5.3119, 6.9246, 2.8162, 1.825, 4.7556, 0.6943, 2.5357, 1.2468, 0.0435, 0, 1.4098, 0.5256, 0.1259, 0.2365, 0, 7.162, 2.3517, 10.59, 14.979, 2.017, 3.3497, 13.1911, 2.7121, 0.8007, 9.2574, 3.2029, 5.9223, 0.3503, 0, 21.1997, 4.0795, 39.2429, 8.8629],
      [86.7108, 194.4182, 84.7657, 31.096, 268.9347, 199.9704, 15.436, 10.1348, 15.982, 95.62, 238.7575, 101.1784, 126.2992, 265.9517, 251.9324, 459.3495, 174.9756, 155.0231, 306.7048, 165.3866, 256.5719, 84.2058, 9.9994, 166.1698, 23.3438, 53.446, 36.4547, 1.3414, 11.9907, 37.9453, 14.3285, 1.366, 3.7101, 5.8843, 223.9765, 72.2355, 340.1265, 482.1435, 101.2169, 185.1708, 433.6909, 151.4953, 9.4825, 179.3257, 93.2993, 166.2647, 8.5561, 51.696, 673.3725, 113.856, 733.1626, 180.5719],
      [37.0444, 69.5102, 30.6166, 17.6927, 96.0062, 67.1713, 7.6057, 9.1599, 6.2483, 32.2602, 109.7598, 32.1141, 48.4137, 111.396, 78.7227, 139.2954, 61.8011, 43.0499, 89.9802, 49.2185, 97.3506, 28.1735, 4.7152, 41.2494, 5.0536, 24.3231, 19.5686, 0.9933, 2.8513, 9.5399, 5.3178, 0.4655, 2.0534, 0.9134, 93.2778, 28.2832, 96.8522, 149.4945, 18.3442, 64.7674, 169.4677, 47.3646, 3.722, 60.0476, 33.4965, 60.3503, 2.3697, 28.304, 212.2652, 37.2719, 288.6436, 79.0946],
      [1.5846, 2.1692, 1.1599, 0.5363, 3.8589, 1.478, 0, 0.5661, 0.3152, 0.6223, 1.4664, 0.988, 1.4478, 2.4812, 2.1161, 5.158, 1.947, 1.8568, 2.1677, 1.9603, 2.4554, 0.8909, 0, 1.1583, 0.137, 1.3254, 1.0251, 0.0556, 0, 0.6263, 0.3676, 0.0427, 0, 0, 3.711, 0.8622, 3.041, 1.1153, 0, 2.3026, 3.2738, 0.8413, 0.4606, 2.6235, 1.1112, 2.0999, 0.2291, 0, 6.6288, 1.66, 10.2054, 0.804]
    ],
    [
      [0.1859, 0.8633, 0.6394, 0.3328, 1.5543, 0.3268, 0.1029, 0.0348, 0.1177, 0.4732, 0.8178, 0.4174, 0.5636, 0.6465, 0.5504, 1.1536, 0.3835, 0.495, 0.7395, 0.6884, 0.8861, 0.1908, 0.1591, 0.7026, 0.0151, 0.0353, 0.0765, 0.1557, 0.0583, 0.0888, 0.0462, 0, 0, 0.0482, 0.6957, 0.3361, 1.2851, 0.7635, 0.1942, 0.4515, 1.2642, 0.5448, 0, 1.0065, 0.3481, 0.4109, 0.1144, 0.0765, 1.8702, 0.5068, 3.4054, 0.2098],
      [0.1892, 0.7144, 0.4334, 0.2619, 1.4032, 0.2338, 0.0093, 0.0521, 0.0682, 0.2771, 0.5329, 0.4349, 0.3828, 0.5123, 0.4537, 0.5525, 0.4462, 0.7103, 0.2874, 0.3956, 0.4178, 0.1684, 0.1579, 0.4207, 0.039, 0.0509, 0.0503, 0.0782, 0, 0.0701, 0.0234, 0.0172, 0.0321, 0, 0.6783, 0.2134, 1.0498, 0.6615, 0.2137, 0.2609, 0.9453, 0.2807, 0, 0.924, 0.3575, 0.3322, 0.0492, 0.0271, 1.4289, 0.3235, 3.1328, 0.2094],
      [2.2136, 9.8937, 9.0263, 1.8367, 22.082, 4.2794, 0.1773, 0.2746, 1.0374, 4.7371, 7.0975, 3.719, 3.9274, 7.7595, 7.5791, 15.0747, 6.0598, 7.0024, 7.7909, 6.1407, 7.5269, 2.51, 0.281, 7.3682, 0.6089, 0.5329, 0.7122, 0.2983, 0.1652, 0.9393, 0.3309, 0.0731, 0.0628, 0.2162, 10.4849, 3.2167, 16.7106, 10.6083, 5.4805, 6.7557, 15.3466, 7.5017, 0, 8.7569, 5.1193, 4.6134, 0.5621, 1.4847, 22.5018, 4.4554, 28.6888, 2.0851],
      [17.5634, 64.8644, 59.9567, 18.3384, 143.9519, 26.2689, 1.7105, 5.0759, 8.0973, 29.4004, 59.302, 21.6713, 27.4881, 59.3637, 43.3013, 83.1307, 39.2341, 35.6041, 41.5699, 33.6525, 51.9553, 15.5875, 2.402, 33.785, 2.3359, 4.4627, 7.0482, 8.1917, 0.7765, 4.5524, 2.4169, 0.6965, 0.905, 0.7356, 79.7797, 23.3303, 87.0208, 59.4358, 17.8688, 43.1704, 109.0354, 42.7049, 0, 53.4464, 33.8769, 30.7745, 3.2959, 8.1052, 129.3765, 26.8385, 204.9764, 16.6074],
      [3.8478, 11.6643, 12.9443, 12.2302, 34.0086, 3.8911, 0, 1.5626, 1.6794, 4.1122, 7.2498, 3.7573, 4.6381, 8.718, 7.1156, 17.0885, 6.8763, 8.1883, 6.6123, 7.1229, 8.2138, 2.5432, 0, 5.7236, 2.0011, 1.9182, 3.1129, 2.276, 0, 1.3494, 1.1826, 0.2132, 0, 0, 18.3614, 3.9036, 15.9337, 7.5309, 2.2428, 8.3616, 15.4085, 5.9679, 0, 13.8662, 6.2982, 5.869, 0.9784, 23.3064, 23.8225, 6.8758, 41.7966, 1.8883]
    ]
  ],
  "V_est": [
    [278.6924, 41.6952, 460.6582, 432.7264, 0.2277],
    [126.1288, 1575.4159, 117.7642, 1934.2894, 0.4017],
    [63.088, 106.9951, 768.8419, 13011.8914, 555.1835],
    [897.0577, 273.9282, 8155.0281, 2853.0523, 82.9337],
    [27.0331, 20.9656, 303.7075, 1925.0404, 394.2534]
  ],
  "p_est": [
    [0.2296, 0.0343, 0.3795, 0.3564, 0.0002],
    [0.0336, 0.4197, 0.0314, 0.5153, 0.0001],
    [0.0043, 0.0074, 0.053, 0.897, 0.0383],
    [0.0732, 0.0223, 0.6651, 0.2327, 0.0068],
    [0.0101, 0.0078, 0.1137, 0.7207, 0.1476]
  ],
  "EI_Z": {},
  "EI_V": 9.5133,
  "MAE_Z": {},
  "MAE_V": 261.8593,
  "MAE_p": 0.0548,
  "runtime": 0.109
}
