{
  "Z_true": {},
  "V_true": [
    [31, 51, 66, 2241, 263, 446],
    [21, 965, 49, 206, 906, 80],
    [165, 334, 237, 619, 9572, 335],
    [100, 101, 153, 6656, 270, 242],
    [38, 50, 1471, 1013, 563, 94],
    [700, 28, 49, 1120, 640, 88],
    [46, 136, 74, 358, 613, 411]
  ],
  "p_true": [
    [0.01, 0.0165, 0.0213, 0.7234, 0.0849, 0.144],
    [0.0094, 0.4333, 0.022, 0.0925, 0.4068, 0.0359],
    [0.0147, 0.0297, 0.021, 0.055, 0.8499, 0.0297],
    [0.0133, 0.0134, 0.0203, 0.8849, 0.0359, 0.0322],
    [0.0118, 0.0155, 0.4556, 0.3137, 0.1744, 0.0291],
    [0.2667, 0.0107, 0.0187, 0.4267, 0.2438, 0.0335],
    [0.0281, 0.083, 0.0452, 0.2186, 0.3742, 0.2509]
  ],
  "Z_est": {},
  "V_est": [
    [0, 0, 0, 2744.4181, 0, 353.5819],
    [9.2746, 1618.8807, 0, 0, 289.5202, 309.3245],
    [0, 0, 0, 0, 11231.8224, 30.1776],
    [0, 0, 0, 7522, 0, 0],
    [12.5389, 0, 2013.4642, 891.7909, 28.9869, 282.2191],
    [931.4289, 35.8713, 0, 1054.791, 264.0609, 338.848],
    [147.7576, 10.2481, 85.5358, 0, 1012.6096, 381.8489]
  ],
  "p_est": [
    [0, 0, 0, 0.8859, 0, 0.1141],
    [0.0042, 0.7269, 0, 0, 0.13, 0.1389],
    [0, 0, 0, 0, 0.9973, 0.0027],
    [0, 0, 0, 1, 0, 0],
    [0.0039, 0, 0.6236, 0.2762, 0.009, 0.0874],
    [0.3548, 0.0137, 0, 0.4018, 0.1006, 0.1291],
    [0.0902, 0.0063, 0.0522, 0, 0.6182, 0.2331]
  ],
  "EI_Z": {},
  "EI_V": 17.8671,
  "MAE_Z": {},
  "MAE_V": 268.8657,
  "MAE_p": 0.0737,
  "runtime": 0.0202
}
