{
  "X": [
    [5, 47, 115, 154, 95, 6],
    [7, 23, 72, 40, 158, 17],
    [12, 38, 95, 49, 151, 10],
    [9, 17, 103, 39, 179, 17],
    [3, 37, 85, 41, 158, 11],
    [18, 18, 72, 33, 134, 17],
    [13, 25, 87, 64, 185, 16],
    [9, 40, 77, 130, 125, 4],
    [8, 24, 65, 137, 118, 2],
    [20, 35, 73, 138, 123, 8],
    [8, 25, 64, 156, 126, 2],
    [14, 26, 55, 151, 127, 6],
    [17, 16, 63, 48, 78, 8],
    [13, 20, 83, 49, 119, 9],
    [7, 24, 61, 165, 86, 8],
    [6, 26, 63, 134, 76, 12],
    [15, 36, 67, 103, 112, 9],
    [7, 37, 72, 147, 82, 4],
    [4, 36, 66, 125, 119, 4],
    [15, 20, 93, 33, 171, 11],
    [13, 22, 80, 76, 175, 7],
    [21, 23, 97, 62, 145, 6],
    [5, 27, 68, 61, 124, 16],
    [14, 21, 58, 55, 151, 8],
    [27, 17, 93, 35, 177, 33],
    [42, 32, 128, 78, 170, 30],
    [14, 15, 77, 43, 186, 17],
    [10, 25, 85, 45, 191, 24],
    [15, 15, 76, 46, 168, 17],
    [15, 14, 67, 24, 161, 24],
    [10, 22, 75, 44, 190, 19],
    [14, 12, 66, 33, 196, 38],
    [13, 11, 112, 17, 223, 14],
    [22, 11, 56, 20, 195, 24],
    [10, 2, 68, 20, 225, 28],
    [26, 8, 74, 13, 177, 12],
    [19, 16, 92, 18, 197, 13],
    [7, 21, 77, 82, 186, 13],
    [10, 28, 95, 89, 184, 12],
    [8, 32, 90, 111, 133, 8],
    [4, 28, 66, 66, 140, 4],
    [4, 31, 67, 61, 101, 8],
    [11, 49, 95, 128, 119, 7],
    [6, 59, 71, 147, 126, 10],
    [6, 50, 87, 129, 124, 7],
    [8, 53, 75, 145, 131, 8],
    [6, 49, 89, 137, 133, 8],
    [6, 32, 55, 117, 100, 12],
    [3, 49, 78, 184, 113, 12],
    [2, 49, 91, 136, 124, 7],
    [9, 42, 65, 100, 132, 7],
    [9, 59, 81, 101, 102, 7],
    [22, 63, 79, 93, 151, 9],
    [19, 63, 75, 130, 163, 2],
    [30, 46, 70, 145, 130, 10],
    [22, 34, 80, 191, 116, 8],
    [24, 36, 88, 154, 131, 5],
    [22, 46, 58, 68, 142, 9],
    [13, 55, 106, 118, 181, 5],
    [17, 67, 61, 175, 219, 7],
    [13, 27, 111, 112, 151, 10],
    [18, 38, 58, 145, 139, 6],
    [14, 46, 83, 172, 151, 7],
    [16, 37, 73, 131, 134, 2],
    [11, 31, 56, 172, 146, 0],
    [5, 21, 23, 165, 104, 7],
    [6, 19, 32, 200, 71, 9],
    [15, 36, 44, 237, 85, 6],
    [7, 26, 41, 233, 93, 4],
    [9, 40, 37, 240, 100, 8],
    [2, 34, 63, 164, 121, 4],
    [7, 25, 62, 187, 84, 8],
    [6, 31, 40, 191, 119, 3],
    [11, 24, 65, 158, 117, 3],
    [5, 26, 46, 197, 120, 5],
    [7, 24, 38, 191, 82, 1],
    [4, 49, 55, 221, 100, 4],
    [7, 25, 53, 246, 53, 5],
    [7, 35, 50, 183, 68, 2],
    [3, 22, 71, 81, 188, 11],
    [8, 31, 60, 85, 131, 9],
    [12, 29, 70, 91, 172, 6],
    [8, 37, 81, 113, 166, 3],
    [3, 43, 74, 111, 102, 3],
    [13, 37, 91, 154, 150, 9],
    [17, 37, 79, 131, 124, 8],
    [9, 41, 86, 161, 141, 3],
    [7, 33, 81, 137, 140, 6],
    [10, 39, 77, 137, 145, 1],
    [6, 16, 40, 58, 79, 5],
    [6, 36, 69, 145, 87, 8],
    [4, 48, 70, 122, 99, 3],
    [7, 38, 62, 128, 83, 15],
    [6, 33, 73, 155, 87, 3],
    [2, 46, 56, 160, 102, 8],
    [268, 539, 1100, 3239, 2289, 99]
  ],
  "W": [
    [26, 44, 130, 124, 73, 25],
    [8, 16, 72, 32, 148, 41],
    [8, 33, 106, 39, 127, 42],
    [11, 20, 93, 32, 167, 41],
    [3, 34, 90, 34, 133, 41],
    [9, 20, 77, 30, 119, 37],
    [11, 25, 99, 44, 154, 57],
    [18, 37, 89, 110, 105, 26],
    [10, 26, 68, 102, 118, 30],
    [12, 39, 89, 120, 99, 38],
    [8, 22, 78, 121, 113, 39],
    [8, 30, 71, 131, 110, 29],
    [6, 10, 68, 34, 71, 41],
    [13, 18, 83, 35, 89, 55],
    [8, 25, 77, 140, 58, 43],
    [9, 20, 71, 113, 60, 44],
    [6, 32, 87, 83, 97, 37],
    [21, 31, 84, 117, 63, 33],
    [11, 27, 83, 102, 106, 25],
    [12, 20, 98, 25, 150, 38],
    [18, 17, 79, 69, 146, 44],
    [10, 30, 94, 50, 127, 43],
    [7, 25, 84, 64, 100, 21],
    [7, 17, 62, 47, 133, 41],
    [15, 18, 102, 26, 153, 68],
    [13, 32, 136, 64, 142, 93],
    [11, 16, 87, 30, 163, 45],
    [11, 22, 93, 34, 166, 54],
    [9, 12, 84, 40, 144, 48],
    [5, 15, 76, 18, 147, 44],
    [11, 22, 86, 30, 155, 56],
    [8, 9, 65, 32, 182, 63],
    [6, 12, 122, 10, 189, 51],
    [7, 11, 66, 17, 175, 52],
    [4, 4, 76, 15, 212, 42],
    [4, 3, 85, 9, 153, 56],
    [12, 14, 93, 13, 164, 59],
    [17, 19, 86, 55, 154, 55],
    [11, 29, 102, 64, 154, 58],
    [22, 30, 102, 85, 97, 46],
    [13, 21, 70, 49, 109, 46],
    [15, 25, 82, 46, 80, 24],
    [29, 36, 113, 99, 83, 49],
    [19, 55, 75, 117, 106, 47],
    [20, 47, 98, 85, 101, 52],
    [15, 51, 96, 119, 98, 41],
    [25, 40, 98, 99, 107, 53],
    [12, 37, 57, 93, 80, 43],
    [13, 48, 94, 129, 96, 59],
    [17, 42, 101, 95, 108, 46],
    [13, 38, 80, 76, 100, 48],
    [19, 45, 97, 76, 75, 47],
    [27, 48, 98, 85, 114, 45],
    [24, 68, 99, 93, 120, 48],
    [26, 55, 93, 115, 91, 51],
    [17, 36, 96, 152, 101, 49],
    [14, 41, 109, 132, 96, 46],
    [16, 34, 73, 56, 128, 38],
    [21, 37, 125, 88, 154, 53],
    [32, 41, 89, 126, 180, 78],
    [20, 20, 126, 84, 116, 58],
    [19, 37, 88, 101, 103, 56],
    [12, 44, 104, 140, 124, 49],
    [14, 34, 87, 106, 116, 36],
    [18, 32, 78, 152, 105, 31],
    [12, 23, 53, 146, 64, 27],
    [14, 24, 50, 173, 49, 27],
    [16, 37, 60, 185, 69, 56],
    [9, 28, 65, 204, 67, 31],
    [10, 40, 71, 194, 79, 40],
    [17, 21, 82, 135, 93, 40],
    [12, 32, 71, 151, 71, 36],
    [16, 27, 61, 165, 88, 33],
    [8, 24, 90, 114, 92, 50],
    [14, 18, 74, 166, 95, 32],
    [10, 22, 49, 151, 62, 49],
    [12, 44, 84, 172, 83, 38],
    [10, 29, 81, 193, 44, 32],
    [15, 30, 60, 152, 63, 25],
    [12, 23, 93, 62, 142, 44],
    [13, 28, 72, 64, 94, 53],
    [14, 28, 77, 71, 137, 53],
    [15, 28, 95, 87, 126, 57],
    [14, 36, 94, 79, 77, 36],
    [16, 39, 96, 128, 127, 48],
    [17, 29, 94, 110, 106, 40],
    [23, 51, 97, 120, 108, 42],
    [15, 36, 96, 113, 112, 32],
    [19, 36, 74, 114, 121, 45],
    [14, 13, 47, 43, 60, 27],
    [17, 37, 78, 118, 67, 34],
    [10, 51, 72, 100, 74, 39],
    [16, 29, 88, 101, 66, 33],
    [11, 29, 83, 125, 73, 36],
    [17, 36, 69, 123, 84, 45],
    [201, 506, 1365, 2758, 1865, 839]
  ],
  "method": "mult",
  "cond_prob": [
    [
      [0.002957662775, 0.45768529991, 0.1007193705, 0.36320706754, 0.075426457109, 4.1421689231e-06],
      [0.0012443918539, 0.71851692446, 0.01504795866, 0.25906987945, 0.0061207929598, 5.2614459138e-08],
      [0.011839386914, 0.0300627761, 0.70822246768, 0.049972143981, 0.19683600311, 0.0030672222097],
      [2.9151291522e-05, 0.00095978195413, 2.7781613715e-06, 0.99896933613, 3.8952464774e-05, 7.8359446693e-14],
      [0.018612995975, 0.00060650574132, 0.10405044308, 0.00076139343072, 0.81089353945, 0.065075122321],
      [0.086892543795, 0.027672953402, 0.22354665057, 0.11012720939, 0.49588124046, 0.055879402379]
    ],
    [
      [0.0028688277888, 0.54694817744, 0.085430721265, 0.2877703699, 0.076975988901, 5.9147084966e-06],
      [0.0011062015419, 0.79366798924, 0.011692711934, 0.18780732639, 0.0057257020404, 6.884854421e-08],
      [0.012841610095, 0.03962310377, 0.67390545253, 0.04409828487, 0.22463270139, 0.004898847351],
      [3.5332919857e-05, 0.0014111464503, 2.9429868635e-06, 0.99850089738, 4.968025974e-05, 1.3979760547e-13],
      [0.017588904843, 0.00069582659571, 0.086042524414, 0.00058503195581, 0.80490216069, 0.090185551499],
      [0.085843845883, 0.03332392043, 0.19395346396, 0.088874380518, 0.51673666634, 0.081267722862]
    ],
    [
      [0.0049561157366, 0.54138355726, 0.088906613519, 0.28434133924, 0.080408385495, 3.9887486025e-06],
      [0.0019367499528, 0.7915093271, 0.012335185038, 0.18815743458, 0.0060612562684, 4.7054101616e-08],
      [0.02126362029, 0.037958825788, 0.67085976966, 0.041824541216, 0.22492652614, 0.0031667168993],
      [6.1964301422e-05, 0.0014327669842, 3.1099877338e-06, 0.99844947973, 5.2678993445e-05, 9.5702474872e-14],
      [0.029699320049, 0.00068027312339, 0.087525263966, 0.00056597222706, 0.82204711024, 0.059482060395],
      [0.13908308237, 0.031250403121, 0.18929449971, 0.082480826483, 0.50645180462, 0.051439383699]
    ],
    [
      [0.0044496708365, 0.41834144948, 0.13047039674, 0.34523718222, 0.10149427548, 7.025240567e-06],
      [0.0020004220746, 0.70564820667, 0.02082360584, 0.26272542046, 0.008802249613, 9.5340498526e-08],
      [0.013899672024, 0.021255766717, 0.7171511805, 0.036939424221, 0.20669303542, 0.0040609211175],
      [4.574596e-05, 0.00090568861194, 3.7525259257e-06, 0.99899013267, 5.4680228396e-05, 1.3859955846e-13],
      [0.020544159722, 0.00040297475357, 0.098973184237, 0.00052889151457, 0.79891267405, 0.080638115727],
      [0.099341404698, 0.019130019028, 0.22115408086, 0.079654609855, 0.50866555683, 0.072054328734]
    ],
    [
      [0.001258242261, 0.55834424561, 0.089188973713, 0.26830649968, 0.082897815944, 4.2227918944e-06],
      [0.00048518839206, 0.80598488233, 0.012209318198, 0.17515430175, 0.0061662601713, 4.9156130341e-08],
      [0.0054378405525, 0.039393957865, 0.67849004657, 0.039724450128, 0.23357681758, 0.0033768873108],
      [1.664386769e-05, 0.0015617351433, 3.3004568568e-06, 0.99836085933, 5.7461205944e-05, 1.0719670004e-13],
      [0.007487756914, 0.00069594627989, 0.087189538508, 0.00052987694352, 0.84157352955, 0.062523351808],
      [0.038738042572, 0.035311475178, 0.20829284991, 0.085305723308, 0.5726341548, 0.059717754233]
    ],
    [
      [0.01071233816, 0.46749452249, 0.10987261144, 0.31223057876, 0.099680716825, 9.2323247601e-06],
      [0.0045527242361, 0.74610702915, 0.016575399518, 0.2245929216, 0.0081718070453, 1.1845225791e-07],
      [0.037033332232, 0.026244581501, 0.66921881778, 0.036941700597, 0.22465666744, 0.0059049004486],
      [0.00012158767903, 0.0011158838189, 3.4883488443e-06, 0.99869975412, 5.928603083e-05, 2.0110863267e-13],
      [0.04824459431, 0.00043844356683, 0.081265499109, 0.00046609043542, 0.76609134519, 0.10349402739],
      [0.21516030504, 0.019161282135, 0.16719893951, 0.064629239139, 0.44874135321, 0.085108880965]
    ],
    [
      [0.0047656550444, 0.4455375157, 0.088109057818, 0.37134076252, 0.0902413866, 5.6223220547e-06],
      [0.0020269471848, 0.70978955493, 0.013304594936, 0.2674747803, 0.0074040504671, 7.2184603549e-08],
      [0.01988545833, 0.030328295904, 0.64675416177, 0.053158313496, 0.24553173236, 0.0043420381401],
      [4.5692110659e-05, 0.00090218719121, 2.3633715977e-06, 0.99900441913, 4.5338197822e-05, 1.0343972262e-13],
      [0.025438686714, 0.0004977926827, 0.077294758817, 0.00065896615309, 0.82148100101, 0.074628794618],
      [0.12188159034, 0.023437260285, 0.17131173221, 0.09840067164, 0.51882039104, 0.066148354487]
    ],
    [
      [0.0051155855861, 0.47868829089, 0.08783616966, 0.34467730241, 0.083680585073, 2.0663849137e-06],
      [0.0021092440303, 0.7374706061, 0.012857333585, 0.24090743255, 0.0066553580121, 2.5722299907e-08],
      [0.021830953841, 0.033443691622, 0.65978108564, 0.050542935183, 0.23277023563, 0.0016310980774],
      [5.308968679e-05, 0.0010543301122, 2.5503131302e-06, 0.99884452231, 4.5507579978e-05, 4.1160203715e-14],
      [0.030500170336, 0.00059949999848, 0.08597118343, 0.00068432867017, 0.85155734276, 0.030687474803],
      [0.14225224455, 0.027335360166, 0.18461738793, 0.098912128449, 0.52054428771, 0.026338591202]
    ],
    [
      [0.0043621454949, 0.42253608313, 0.090071629261, 0.4081102717, 0.0749189419, 9.2851100695e-07],
      [0.0018752276859, 0.68080409218, 0.013743300451, 0.29736483026, 0.0062125373723, 1.2050409238e-08],
      [0.018714579647, 0.02952652147, 0.68136119964, 0.060151312472, 0.2095095421, 0.00073684466438],
      [3.8223907741e-05, 0.00078140199479, 2.2075540605e-06, 0.99914376515, 3.440139049e-05, 1.5615752611e-14],
      [0.029172266142, 0.00059032359278, 0.098895809022, 0.0009086649446, 0.8549764512, 0.015456485097],
      [0.13042253257, 0.025823372057, 0.2037367934, 0.12597446801, 0.50131822199, 0.012724611974]
    ],
    [
      [0.010342112452, 0.45525633494, 0.086747518636, 0.36101181278, 0.08663798839, 4.2328061085e-06],
      [0.0043617390044, 0.71750692514, 0.012987918477, 0.25809554019, 0.0070478233011, 5.3892146766e-08],
      [0.043058376169, 0.031029512507, 0.63580373822, 0.051668557523, 0.23517933003, 0.0032604855452],
      [0.00010252093055, 0.00095739281756, 2.4056841725e-06, 0.9988926795, 4.5001065176e-05, 8.0528303167e-14],
      [0.056429334597, 0.00052180294014, 0.077731075766, 0.00065631027137, 0.80712655018, 0.057534926249],
      [0.24080114405, 0.021806947758, 0.15298572554, 0.086939483947, 0.45220587161, 0.045260827104]
    ],
    [
      [0.0035967023349, 0.47146199549, 0.074142861491, 0.3771244733, 0.073673114016, 8.5336812256e-07],
      [0.0014663688769, 0.7213843588, 0.010729939004, 0.26062557925, 0.0057937435629, 1.0503134049e-08],
      [0.017714447647, 0.037744547233, 0.64334828542, 0.06384793638, 0.23656716693, 0.00077761639357],
      [3.4128349706e-05, 0.00094177091064, 1.9679158779e-06, 0.99898550208, 3.663074671e-05, 1.5540289664e-14],
      [0.025000050241, 0.00068315814426, 0.084638929345, 0.00087336672026, 0.8740371213, 0.014767374245],
      [0.11606785474, 0.031082622568, 0.18130243499, 0.1259045839, 0.53299915724, 0.012643346567]
    ],
    [
      [0.0082862303404, 0.44556734877, 0.078652212135, 0.37839266324, 0.089098439457, 3.1060645609e-06],
      [0.0035056024546, 0.70602642332, 0.01181079643, 0.27138619882, 0.0072709392956, 3.9671790872e-08],
      [0.036687562268, 0.032168187928, 0.61388242745, 0.057581562641, 0.25713657342, 0.0025436862898],
      [7.8382488348e-05, 0.00089065376368, 2.0810361269e-06, 0.99898471804, 4.4164667318e-05, 5.6392528344e-14],
      [0.045723314006, 0.00051423396762, 0.071247921488, 0.00069550174319, 0.83914238278, 0.042676646015],
      [0.20505968563, 0.022554737509, 0.14717595066, 0.096669370632, 0.49331271275, 0.035227542824]
    ],
    [
      [0.0083685270067, 0.51499249023, 0.082601106282, 0.33332998094, 0.060703373755, 4.5217915272e-06],
      [0.0032650095881, 0.76060695176, 0.011437942752, 0.22012251337, 0.0045675292635, 5.3260590465e-08],
      [0.039077168948, 0.038535940833, 0.68037428441, 0.053261302276, 0.18484509729, 0.0039062062444],
      [8.8978663585e-05, 0.0011355334276, 2.4563160137e-06, 0.9987392173, 3.3814294708e-05, 9.2275599969e-14],
      [0.060983768111, 0.00077038895841, 0.09882721999, 0.00080494781663, 0.75639960144, 0.082214073686],
      [0.24072878857, 0.029785575953, 0.17978658339, 0.098667946288, 0.39128643128, 0.059744674519]
    ],
    [
      [0.0059665671528, 0.4446934426, 0.10608671412, 0.35464442681, 0.088604013922, 4.8353961271e-06],
      [0.0025606876455, 0.71625791028, 0.016161981806, 0.25768503471, 0.0073343229157, 6.2645758643e-08],
      [0.022027159125, 0.026690400544, 0.68978820309, 0.044862954782, 0.21332775069, 0.0033035317633],
      [5.9768334023e-05, 0.00093766379484, 2.9726246433e-06, 0.99895309278, 4.6502464421e-05, 9.2952935741e-14],
      [0.031906738048, 0.00049587276547, 0.093200607138, 0.00062954462628, 0.80934161101, 0.064425626413],
      [0.14652827212, 0.022347434742, 0.19773117581, 0.089994540225, 0.48876637885, 0.054632198253]
    ],
    [
      [0.0038409322405, 0.45122314597, 0.082577735846, 0.38044034268, 0.08191217378, 5.669478473e-06],
      [0.0016099400235, 0.70914333095, 0.012285920569, 0.270339727, 0.0066210097095, 7.1742101953e-08],
      [0.01712565639, 0.032749780863, 0.64892884156, 0.058314172215, 0.23820462335, 0.0046769256222],
      [3.6149251998e-05, 0.00089562276246, 2.1738970018e-06, 0.99902566839, 4.038569418e-05, 1.0240986222e-13],
      [0.022339146328, 0.00054789968264, 0.078856512645, 0.00073725414084, 0.81516387562, 0.082355311585],
      [0.10694565599, 0.025671941109, 0.17398619753, 0.10945222729, 0.51135987346, 0.072584104626]
    ],
    [
      [0.0029622366376, 0.50986905471, 0.081773309436, 0.34044028614, 0.064947607708, 7.5053599372e-06],
      [0.0011679443569, 0.75492502923, 0.011443412267, 0.22752530192, 0.0049382228923, 8.933694351e-08],
      [0.014046309947, 0.039255111819, 0.68378023431, 0.055473252769, 0.20086064506, 0.0065844460858],
      [3.1120395912e-05, 0.0011265585131, 2.4027828683e-06, 0.99880417398, 3.5744324348e-05, 1.5133228009e-13],
      [0.020223872664, 0.00072475016762, 0.091665483838, 0.00077406812146, 0.75866427254, 0.12794755267],
      [0.093387475678, 0.032761796307, 0.19510902889, 0.11086710112, 0.4590934659, 0.10878113209]
    ],
    [
      [0.0069713806805, 0.51972581443, 0.071712677164, 0.33084619039, 0.070739685039, 4.2522974819e-06],
      [0.0027311427295, 0.7622984862, 0.0099734209412, 0.21965148467, 0.0053454151639, 5.0292074097e-08],
      [0.034858179012, 0.042410211891, 0.63136795002, 0.056816465652, 0.23061352478, 0.0039336686398],
      [7.5253510379e-05, 0.0011862570822, 2.1655736606e-06, 0.99869631272, 4.0011112758e-05, 8.8095683757e-14],
      [0.046366623159, 0.00072367577416, 0.078323828621, 0.00073237874119, 0.80339084686, 0.070462646843],
      [0.20095882584, 0.030713311618, 0.15652452996, 0.098533036184, 0.45699014717, 0.056280149223]
    ],
    [
      [0.0040979899161, 0.47140355431, 0.087075793595, 0.36432133241, 0.073098530627, 2.7991419723e-06],
      [0.0016870492081, 0.72552777024, 0.012725475011, 0.25425614552, 0.0058035252309, 3.4790099561e-08],
      [0.01814442734, 0.034135973279, 0.67895917604, 0.055428890224, 0.21103898402, 0.0022925491002],
      [4.0248330117e-05, 0.00098166585448, 2.3925024689e-06, 0.99893808036, 3.761295471e-05, 5.2767307853e-14],
      [0.027207685342, 0.00065668793866, 0.094892589451, 0.00080547380896, 0.83002031662, 0.046417246839],
      [0.12401088955, 0.029246745115, 0.19904645515, 0.11370499039, 0.49509581141, 0.038895108386]
    ],
    [
      [0.0020838697107, 0.52855385518, 0.071282396834, 0.32650116535, 0.071576880324, 1.8326009773e-06],
      [0.0008093874642, 0.76904660417, 0.0098285579214, 0.21495283308, 0.0053625958761, 2.1489486836e-08],
      [0.010717646614, 0.04431146777, 0.64560393316, 0.057682355823, 0.23994135133, 0.0017432453095],
      [2.2814407707e-05, 0.001222500459, 2.1832336726e-06, 0.99871143802, 4.1063880744e-05, 3.8509396088e-14],
      [0.014807120377, 0.00078519593054, 0.083140209505, 0.0007722481844, 0.86806323257, 0.032431993433],
      [0.072456774246, 0.037556637119, 0.18725472225, 0.11706902121, 0.55647056428, 0.029192280893]
    ],
    [
      [0.0075538350251, 0.45936517579, 0.1105406734, 0.32207341092, 0.10046211923, 4.7856311393e-06],
      [0.0032359606205, 0.73817124963, 0.016812076209, 0.2334785578, 0.0083020938486, 6.1887673874e-08],
      [0.026329325904, 0.026051765282, 0.67783582519, 0.038413069643, 0.22828348279, 0.0030865311867],
      [8.3057778688e-05, 0.001064133513, 3.40048546e-06, 0.99879152221, 5.7886007872e-05, 1.0098090469e-13],
      [0.036119754181, 0.0004584127975, 0.086833818671, 0.00051037470509, 0.81916681904, 0.056910820606],
      [0.1680731303, 0.020929022862, 0.1866048289, 0.073948813028, 0.50153963749, 0.048904567421]
    ],
    [
      [0.0058764502734, 0.461348011, 0.10100903101, 0.33463593971, 0.097127766851, 2.8011587582e-06],
      [0.002492270684, 0.7338937413, 0.015207008815, 0.24046063923, 0.007946304112, 3.5862818652e-08],
      [0.022041097031, 0.028159785238, 0.66723949937, 0.043102203047, 0.2375132617, 0.0019441536186],
      [6.2670920884e-05, 0.0010367285708, 3.0133207905e-06, 0.99884330684, 5.4280348231e-05, 5.732861609e-14],
      [0.03008896095, 0.00049309297897, 0.084969088214, 0.00057023941455, 0.84820648547, 0.035672132976],
      [0.14318767765, 0.023028163385, 0.18681467609, 0.084417904496, 0.53119522222, 0.031356356166]
    ],
    [
      [0.010462855316, 0.41171257928, 0.1184982155, 0.36580987926, 0.093513617628, 2.8530148917e-06],
      [0.0046894139638, 0.69066365923, 0.018855040046, 0.27770702873, 0.0080848194292, 3.8601329858e-08],
      [0.034903274215, 0.022428909273, 0.69564646935, 0.041868082093, 0.2033921417, 0.00176112336],
      [0.00010189869998, 0.00084811487582, 3.2286247269e-06, 0.9989990348, 4.7723000866e-05, 5.3322540035e-14],
      [0.053169347834, 0.00043836736591, 0.098924965592, 0.00061799816779, 0.81077094205, 0.036078378994],
      [0.22558946184, 0.018243812157, 0.19383875397, 0.081569125754, 0.45249416182, 0.028264684461]
    ],
    [
      [0.0033545723647, 0.53252073141, 0.08765245585, 0.28314756825, 0.093315377608, 9.2945189718e-06],
      [0.0013260609735, 0.7896174, 0.012300423988, 0.1896407082, 0.0071152959131, 1.1092758217e-07],
      [0.014059277291, 0.03629475691, 0.64685991024, 0.040703111047, 0.25487940576, 0.0072035387568],
      [4.222081602e-05, 0.0014127551064, 3.086381829e-06, 0.99848039215, 6.1545542466e-05, 2.2454345786e-13],
      [0.016740448843, 0.00055415774694, 0.071780379723, 0.00046950663995, 0.79489785602, 0.11555765102],
      [0.085889406951, 0.027761507235, 0.16930952084, 0.074568710517, 0.53355182597, 0.10891902849]
    ],
    [
      [0.0062799194121, 0.51746187358, 0.080382806744, 0.31226277883, 0.083609489965, 3.1314645118e-06],
      [0.0024849042002, 0.77060291764, 0.011288472911, 0.20924190675, 0.0063817610935, 3.7406014277e-08],
      [0.028256220628, 0.03767399171, 0.63803757314, 0.048168041861, 0.24525726645, 0.0026069062119],
      [7.1520004983e-05, 0.0012344295322, 2.5602058615e-06, 0.99864159364, 4.9896620546e-05, 6.8442159736e-14],
      [0.036912479806, 0.00063097829958, 0.077604744171, 0.00060961641025, 0.83844999641, 0.045792184908],
      [0.17046633475, 0.02857727685, 0.16546314328, 0.087535934831, 0.50893691417, 0.039020396126]
    ],
    [
      [0.011265027756, 0.42397624692, 0.11328879921, 0.3461976213, 0.10525829752, 1.4007301536e-05],
      [0.005012428581, 0.70733667892, 0.017896632321, 0.26071937978, 0.0090346922617, 1.8813563912e-07],
      [0.037484848837, 0.022978133706, 0.66304307832, 0.039461103011, 0.2284052898, 0.0086275463213],
      [0.00011543323309, 0.00091582601287, 3.2477486978e-06, 0.998908975, 5.6518001839e-05, 2.7541773659e-13],
      [0.04608673641, 0.0003624424888, 0.076182992703, 0.00047002006321, 0.73440173822, 0.14249607011],
      [0.2068111273, 0.015995604197, 0.15824653106, 0.065818015352, 0.43474655019, 0.11838217191]
    ],
    [
      [0.011963023169, 0.46808821855, 0.10316411468, 0.33631231462, 0.080462142256, 1.0186725886e-05],
      [0.0050192856473, 0.73403086034, 0.015369382361, 0.23906812596, 0.0065122166818, 1.2900927324e-07],
      [0.044839704867, 0.028732103114, 0.67933696054, 0.043320694212, 0.19670167475, 0.0070688625154],
      [0.0001270084327, 0.0010534568115, 3.0646269484e-06, 0.99877170905, 4.4761076235e-05, 2.0751002922e-13],
      [0.062405794277, 0.00051326904081, 0.088485139438, 0.00058445970412, 0.71586920702, 0.13214213052],
      [0.25392176064, 0.020559231218, 0.16683435525, 0.074230689013, 0.38478172341, 0.099672240463]
    ],
    [
      [0.0064901401564, 0.40541371884, 0.097763268793, 0.38768018557, 0.10264592293, 6.763703684e-06],
      [0.0028964995288, 0.67994108258, 0.015489087073, 0.29283604438, 0.008837195323, 9.1122202692e-08],
      [0.024343887689, 0.024670212311, 0.64548212835, 0.049791470602, 0.25101746283, 0.0046948382171],
      [5.9377883478e-05, 0.00077885897533, 2.5021261573e-06, 0.99911004919, 4.9211823302e-05, 1.1874825665e-13],
      [0.030242747598, 0.00039304258799, 0.074852345769, 0.00059917736061, 0.81555206558, 0.078360621107],
      [0.14452741283, 0.018446413318, 0.16533812515, 0.089211573844, 0.51326403736, 0.069212437505]
    ],
    [
      [0.0037598839734, 0.49456199075, 0.09071746478, 0.32015029087, 0.090802191404, 8.1782234497e-06],
      [0.0015348999911, 0.75690670762, 0.013147535258, 0.22125997118, 0.0071507851691, 1.0078011225e-07],
      [0.015464194207, 0.033133749566, 0.65653704189, 0.045129463875, 0.24351018541, 0.0062253650534],
      [4.1713750904e-05, 0.0011569797456, 2.815615584e-06, 0.99874570104, 5.2789846865e-05, 1.7410803338e-13],
      [0.019377362797, 0.00053263176159, 0.076834799577, 0.00054787614999, 0.7979219217, 0.10478540801],
      [0.096026195865, 0.025937707974, 0.17612548801, 0.084637982543, 0.52121455752, 0.096058068086]
    ],
    [
      [0.006684889532, 0.4708505101, 0.09490852984, 0.33201447243, 0.095534657802, 6.9402976827e-06],
      [0.0027905815794, 0.74079238445, 0.014064412696, 0.23465946548, 0.0076930683348, 8.7458227486e-08],
      [0.026077306934, 0.02965605404, 0.65188156749, 0.044389678484, 0.24298529342, 0.0050100996343],
      [7.1542665851e-05, 0.0010527520479, 2.8413355132e-06, 0.99881928755, 5.3576401678e-05, 1.4253585737e-13],
      [0.032979474975, 0.00048080452745, 0.076930965148, 0.00054387883741, 0.80390348248, 0.085161394037],
      [0.15573716045, 0.022300439156, 0.16789684368, 0.07998003576, 0.49977413086, 0.074311390096]
    ],
    [
      [0.007544966392, 0.47367510746, 0.097296050388, 0.32233810247, 0.099135229745, 1.0543543138e-05],
      [0.0031547444033, 0.74653268234, 0.014440692122, 0.22787568453, 0.0079960635189, 1.3308250455e-07],
      [0.028558972823, 0.028941792854, 0.648822196, 0.041647113191, 0.24464509792, 0.0073848272094],
      [8.2445743263e-05, 0.0010811781937, 2.9738580844e-06, 0.99877663632, 5.6765887431e-05, 2.2109649846e-13],
      [0.034445876447, 0.00044748233231, 0.072975132132, 0.00048629481893, 0.77193047773, 0.11971473654],
      [0.16294371521, 0.020781573649, 0.15948343768, 0.071697177207, 0.4804987659, 0.10459533035]
    ],
    [
      [0.0039641845623, 0.45576586851, 0.088516803884, 0.35275123751, 0.098994865475, 7.0400568196e-06],
      [0.0016794641997, 0.72395345189, 0.013312757461, 0.25296378203, 0.0080904543778, 9.0033592236e-08],
      [0.016170895453, 0.030279854408, 0.63562732625, 0.049293421163, 0.26331345783, 0.0053150448909],
      [3.9882366115e-05, 0.00096673941344, 2.4911785041e-06, 0.99893869784, 5.2189202344e-05, 1.3591283348e-13],
      [0.019332292795, 0.00046439189772, 0.070939814778, 0.00057089162115, 0.82332175793, 0.085370850983],
      [0.097245473251, 0.022952805404, 0.16505480833, 0.089525612734, 0.54579344457, 0.079427855714]
    ],
    [
      [0.005555381564, 0.49193520519, 0.097965168798, 0.30487193172, 0.099659026061, 1.3286674318e-05],
      [0.0022810114481, 0.76369111436, 0.014277174688, 0.21185674402, 0.0078937908109, 1.6467746856e-07],
      [0.021042766008, 0.029935055575, 0.65401476092, 0.039548780185, 0.24614364525, 0.0093149920617],
      [6.4603392663e-05, 0.0011883331195, 3.1862597855e-06, 0.99868314661, 6.0730618371e-05, 2.9648501292e-13],
      [0.02471363729, 0.00045056609164, 0.071628532009, 0.00044995822412, 0.75585635253, 0.14690095385],
      [0.12160864809, 0.021815412331, 0.16315796037, 0.069075167835, 0.49055032923, 0.13379248215]
    ],
    [
      [0.0059905042628, 0.42973613295, 0.12599106315, 0.31608235642, 0.12219431338, 5.6298299448e-06],
      [0.0026887980592, 0.72694654268, 0.020079225379, 0.23970470277, 0.010580654835, 7.6277287705e-08],
      [0.018384557141, 0.021297909273, 0.67954782204, 0.033061447126, 0.24451041915, 0.0031978452704],
      [6.6501536556e-05, 0.00099654381813, 3.9134415173e-06, 0.99886195558, 7.1085621379e-05, 1.1992508124e-13],
      [0.024042749191, 0.00035709323836, 0.083109891983, 0.00041849316445, 0.83591588185, 0.056155890575],
      [0.12037676568, 0.01758552537, 0.19251971173, 0.065467021215, 0.55201514432, 0.052035831681]
    ],
    [
      [0.010770884981, 0.47187148536, 0.093960190473, 0.30786621287, 0.11552132277, 9.9035483247e-06],
      [0.0045458434474, 0.75231634454, 0.014075420738, 0.219656789, 0.0094054761072, 1.2617356766e-07],
      [0.039651151033, 0.027944077537, 0.60970177519, 0.038680944454, 0.27727490077, 0.006747151014],
      [0.00012314007193, 0.0011224404054, 3.0044308344e-06, 0.99868220552, 6.9209566959e-05, 2.1727065381e-13],
      [0.043433565032, 0.00039230849703, 0.062262266484, 0.00041019906718, 0.79423579461, 0.099265866306],
      [0.20497329753, 0.018199930668, 0.13590569374, 0.060407254417, 0.49388501257, 0.086628811074]
    ],
    [
      [0.0065833161046, 0.20425998814, 0.13730225124, 0.49647644721, 0.1553643188, 1.367849876e-05],
      [0.0038577611819, 0.45853746346, 0.028560768134, 0.49147987158, 0.017563893685, 2.4196027449e-07],
      [0.01768131535, 0.0086296044336, 0.64944336739, 0.045418082288, 0.27202905674, 0.0067985738013],
      [4.6510136262e-05, 0.00029311825541, 2.7133542228e-06, 0.99960013601, 5.7522245191e-05, 1.8544044504e-13],
      [0.020065973503, 0.00012530818523, 0.068769862002, 0.00049882578191, 0.80696361627, 0.10357641426],
      [0.10333663334, 0.0063515649204, 0.16377738526, 0.080210305991, 0.5476829795, 0.098641130986]
    ],
    [
      [0.010939839314, 0.54159575629, 0.093602941145, 0.25562270754, 0.098234042138, 4.7135744661e-06],
      [0.0042566550487, 0.8075594836, 0.012929006776, 0.1678815124, 0.007373286806, 5.536310382e-08],
      [0.042425041367, 0.033022804486, 0.63908326031, 0.033684893665, 0.24840095733, 0.0033830428397],
      [0.00014911375459, 0.0014986271672, 3.5689490406e-06, 0.99827852709, 7.0163043823e-05, 1.2328666558e-13],
      [0.053164876573, 0.00052947894111, 0.074753130839, 0.00040835148216, 0.81418275198, 0.05696141018],
      [0.23783557761, 0.023318965762, 0.15467039876, 0.057095831878, 0.47995220196, 0.047127024027]
    ],
    [
      [0.0084241276372, 0.48951690896, 0.1196932192, 0.26781759733, 0.11454275966, 5.3872137546e-06],
      [0.0035607946958, 0.77775385498, 0.017961339596, 0.19138411889, 0.0093398230997, 6.8737356358e-08],
      [0.027017322565, 0.025463492317, 0.67546018472, 0.029324314189, 0.2395368623, 0.0031978239087],
      [0.00011074342855, 0.0013506029933, 4.4018741675e-06, 0.99845534666, 7.8905043267e-05, 1.3589584031e-13],
      [0.035545785261, 0.0004296529662, 0.083006004539, 0.00037353997289, 0.82413078482, 0.056514232444],
      [0.17010554601, 0.020216189506, 0.18379618237, 0.055814231696, 0.52002288426, 0.050044966154]
    ],
    [
      [0.00268292881, 0.40614697914, 0.086763787558, 0.41118233133, 0.093219320313, 4.652843561e-06],
      [0.0011817161382, 0.67054814466, 0.013566564555, 0.3067829998, 0.0079205129801, 6.1863558326e-08],
      [0.01128282764, 0.027829237899, 0.64228865254, 0.059359877679, 0.25561802831, 0.0036213759281],
      [2.326765017e-05, 0.00074295973468, 2.1049254324e-06, 0.99918930429, 4.2363398908e-05, 7.7432022658e-14],
      [0.014292945658, 0.00045227071137, 0.075958876245, 0.00072873848249, 0.84692946311, 0.061637705788],
      [0.071617484517, 0.022264726873, 0.17603287818, 0.11374783448, 0.55921742589, 0.057119650064]
    ],
    [
      [0.0035229020819, 0.43854236015, 0.091537319561, 0.37948908528, 0.086904241908, 4.0910197152e-06],
      [0.0015075549353, 0.70228408676, 0.013907188106, 0.27512718395, 0.0071739334019, 5.2845974975e-08],
      [0.014548215459, 0.029589492355, 0.66489382099, 0.053826535303, 0.23401504699, 0.0031268889027],
      [3.3134422949e-05, 0.00087255037933, 2.4086725729e-06, 0.99904907545, 4.2831071123e-05, 7.3834831552e-14],
      [0.019885211893, 0.00051898273394, 0.084917282596, 0.00071308346148, 0.83654321805, 0.057422221271],
      [0.095879667763, 0.024590721057, 0.18941782706, 0.10713002617, 0.53175547913, 0.051226278819]
    ],
    [
      [0.0036851977716, 0.43360945734, 0.094532346608, 0.3782774029, 0.089891495316, 4.1000662263e-06],
      [0.0015909435327, 0.69967352573, 0.014489180354, 0.27676103136, 0.0074852655859, 5.3433901162e-08],
      [0.014773451535, 0.028452012474, 0.6666391564, 0.052108156618, 0.23498566251, 0.0030415604653],
      [3.4825177447e-05, 0.00086888325388, 2.4993519056e-06, 0.99904928282, 4.4509392025e-05, 7.4355907132e-14],
      [0.020123978953, 0.00049733820322, 0.084800659781, 0.00068795625136, 0.83811419715, 0.055775869658],
      [0.097677822874, 0.023670857564, 0.19004321427, 0.10380572296, 0.53483125415, 0.049971128185]
    ],
    [
      [0.0017087346157, 0.50240145755, 0.082085722519, 0.33020895781, 0.083593419087, 1.7084104692e-06],
      [0.00068610299877, 0.7565760047, 0.011698649826, 0.2245649871, 0.0064742346676, 2.0708243211e-08],
      [0.0077409249969, 0.037040117043, 0.65555531453, 0.051308772586, 0.24692282064, 0.0014320502032],
      [1.8423232312e-05, 0.0011416377937, 2.4753659478e-06, 0.99879023838, 4.7225224227e-05, 3.5349457886e-14],
      [0.010523974019, 0.00064590275784, 0.083041894357, 0.00067585908954, 0.87891489173, 0.026197478047],
      [0.053540311982, 0.032220863996, 0.19506029501, 0.10691316285, 0.58767166378, 0.024593702376]
    ],
    [
      [0.0025980542482, 0.50126588945, 0.083746619699, 0.32985744859, 0.082526866061, 5.1219489188e-06],
      [0.0010456463681, 0.75571591419, 0.011965351527, 0.22486674531, 0.006406280365, 6.2238939765e-08],
      [0.01158294401, 0.036425026383, 0.6575543119, 0.050393811391, 0.23982102728, 0.0042228790435],
      [2.802327808e-05, 0.0011425250156, 2.5271249992e-06, 0.99878028232, 4.6642262278e-05, 1.0604662271e-13],
      [0.015253078798, 0.00061516379212, 0.080677799802, 0.00064275864514, 0.82779648633, 0.075014712636],
      [0.076181930651, 0.029985681701, 0.1851901401, 0.099371504547, 0.54047832994, 0.068792413061]
    ],
    [
      [0.0045041444822, 0.49508629039, 0.083757221266, 0.33933236826, 0.077316438458, 3.5371362538e-06],
      [0.0018217640721, 0.74748970963, 0.012028122945, 0.2326288023, 0.0060315578679, 4.3187783992e-08],
      [0.020231471707, 0.036478422765, 0.66147124555, 0.052396751836, 0.22648187679, 0.0029402313555],
      [4.7478577667e-05, 0.0011091581845, 2.470310776e-06, 0.99879819195, 4.2700979132e-05, 7.155246849e-14],
      [0.028264684819, 0.00065409045525, 0.08634630127, 0.00070954771225, 0.82869539288, 0.055329982862],
      [0.1309847614, 0.029726153595, 0.18477916305, 0.10223003988, 0.50494386419, 0.047336017882]
    ],
    [
      [0.0025135865781, 0.49971554693, 0.083270956591, 0.33893914943, 0.075556419555, 4.340909982e-06],
      [0.0010115025618, 0.75002354608, 0.011894526291, 0.23120570465, 0.0058646676893, 5.2733618401e-08],
      [0.011468733479, 0.037452502262, 0.66944835083, 0.053174042246, 0.22479142275, 0.003664948426],
      [2.6541823874e-05, 0.0011232160114, 2.4594691115e-06, 0.99880597903, 4.1803668948e-05, 8.7965520881e-14],
      [0.016090848614, 0.00067447671546, 0.087564229729, 0.00072315974094, 0.82575058174, 0.069196703464],
      [0.077758962488, 0.031949818521, 0.19540158159, 0.10859996435, 0.52457150003, 0.06171817302]
    ],
    [
      [0.0023027734619, 0.46236328517, 0.083040353764, 0.38017346938, 0.072117094286, 3.0239345332e-06],
      [0.00095343527773, 0.71431574986, 0.01220634174, 0.26676506233, 0.0057593730031, 3.77952033e-08],
      [0.010628869777, 0.035033106246, 0.67437616874, 0.060308495014, 0.21707033896, 0.0025830212566],
      [2.1657039707e-05, 0.00092482972517, 2.184902727e-06, 0.99901579103, 3.5537301176e-05, 5.457568472e-14],
      [0.015683990288, 0.00066354083722, 0.092923207638, 0.00086257552689, 0.83857311036, 0.051293575353],
      [0.074063770147, 0.030740295048, 0.20273772337, 0.12670518985, 0.5210114168, 0.044741604779]
    ],
    [
      [0.0036034758399, 0.49687360965, 0.076424229862, 0.34001333629, 0.083081509224, 3.839136079e-06],
      [0.0014546735224, 0.74844807709, 0.01095289724, 0.23267520923, 0.0064690961377, 4.678616216e-08],
      [0.01693271113, 0.038320936593, 0.63192350187, 0.054931371322, 0.25455352281, 0.0033379562721],
      [3.7929132705e-05, 0.0011124330956, 2.2505200828e-06, 0.99880156655, 4.5820703665e-05, 7.7551526025e-14],
      [0.02147584574, 0.00062379666658, 0.074809800028, 0.00067530523021, 0.84541464919, 0.057000603141],
      [0.1049334733, 0.02986227652, 0.16866801732, 0.10248379686, 0.54267980022, 0.051372635777]
    ],
    [
      [0.0022450580723, 0.48015017474, 0.083976968428, 0.35944633891, 0.074178152717, 3.3071249689e-06],
      [0.00091718521576, 0.73216481075, 0.012180013758, 0.24889260618, 0.0058453433101, 4.0785121574e-08],
      [0.010241502239, 0.035938183482, 0.67399037673, 0.056373182837, 0.22066475911, 0.0027919955987],
      [2.2343781525e-05, 0.0010157405982, 2.3382183202e-06, 0.9989208953, 3.8682102959e-05, 6.316175716e-14],
      [0.014856484282, 0.00066913919263, 0.091306185716, 0.00079268888452, 0.83788501453, 0.054490487394],
      [0.071212832208, 0.031474518961, 0.20225227325, 0.11820803133, 0.52859367092, 0.048258673334]
    ],
    [
      [0.0032674225482, 0.44130139953, 0.091387625146, 0.380047489, 0.083988906902, 7.1568767551e-06],
      [0.0013927802913, 0.70330991797, 0.013823937355, 0.27456851166, 0.0069047606257, 9.2099096128e-08],
      [0.013557180453, 0.029948714775, 0.66958259802, 0.054172604782, 0.22724511614, 0.005493785828],
      [3.0735996386e-05, 0.00087993315069, 2.4039097709e-06, 0.99904553375, 4.1393195407e-05, 1.2920987623e-13],
      [0.018162950927, 0.00051479468647, 0.083413607227, 0.00070335114143, 0.79801101141, 0.099194284613],
      [0.087994448209, 0.02441014379, 0.18635644685, 0.1057265953, 0.50699195527, 0.088520410582]
    ],
    [
      [0.0010718820057, 0.46923857651, 0.075266324449, 0.38884637462, 0.065571777847, 5.0645716653e-06],
      [0.00043732776832, 0.71456534933, 0.01090186371, 0.26893521832, 0.005160178491, 6.2376602793e-08],
      [0.0054050381493, 0.038826094429, 0.66795740491, 0.067442219657, 0.21564268547, 0.0047265573812],
      [9.8714290735e-06, 0.00091858477907, 1.9391294012e-06, 0.99903796477, 3.1639891495e-05, 8.9504648138e-14],
      [0.0077531838767, 0.0007148601445, 0.089455573228, 0.00093784303103, 0.80989746133, 0.091241078394],
      [0.037138745172, 0.03360996737, 0.19807334232, 0.13977175022, 0.51063897087, 0.080767224048]
    ],
    [
      [0.00077284530446, 0.48700431475, 0.082309974571, 0.36220323825, 0.067706759452, 2.8676776528e-06],
      [0.00031222228904, 0.73460153708, 0.011805658925, 0.24800447212, 0.0052760746165, 3.4972839844e-08],
      [0.0036682648866, 0.037902528304, 0.68727035831, 0.059090898285, 0.20954918849, 0.0025187617208],
      [7.6308353047e-06, 0.0010215339354, 2.2737433281e-06, 0.99893353276, 3.5028729362e-05, 5.4337184983e-14],
      [0.0056319330149, 0.00074685616589, 0.098538618358, 0.00087936017707, 0.84216747727, 0.052035755017],
      [0.027316075091, 0.035525174799, 0.22071997304, 0.13260901191, 0.53722962514, 0.046600140018]
    ],
    [
      [0.0037783613296, 0.49965392137, 0.073979747758, 0.34083881171, 0.081746010602, 3.1472369716e-06],
      [0.0015170308458, 0.74971129216, 0.010543840753, 0.23189714263, 0.0063306554643, 3.8146437665e-08],
      [0.018176536171, 0.039353079611, 0.62691078981, 0.05632321865, 0.25643476262, 0.0028016131399],
      [3.9591317138e-05, 0.0011105175653, 2.1683897115e-06, 0.99880284191, 4.4880816278e-05, 6.3287892974e-14],
      [0.023099152476, 0.00064176478622, 0.074294118439, 0.00069369422332, 0.85334889369, 0.047922376388],
      [0.11198147788, 0.030502948656, 0.16630928832, 0.10454023488, 0.5437882863, 0.042877763956]
    ],
    [
      [0.003713709608, 0.5407221421, 0.076679559035, 0.31034297612, 0.0685380292, 3.5839359902e-06],
      [0.0014348230813, 0.77974512516, 0.010517747134, 0.20319510957, 0.0051071532525, 4.180120699e-08],
      [0.018245693801, 0.043583699776, 0.662929457, 0.052379124126, 0.21960372123, 0.0032583040696],
      [4.2740549201e-05, 0.0013230202005, 2.4689358385e-06, 0.99859044397, 4.1326343379e-05, 7.9158009172e-14],
      [0.026045296071, 0.00079848215189, 0.088331304964, 0.00072464023663, 0.82141328045, 0.062686996124],
      [0.1202432236, 0.036123528911, 0.18820086837, 0.10395170318, 0.49809826975, 0.053382406189]
    ],
    [
      [0.0090415365111, 0.55294127108, 0.076892636261, 0.2759919744, 0.085128771901, 3.8098483221e-06],
      [0.0035004858539, 0.79848023772, 0.010568995944, 0.1810928668, 0.006357369151, 4.4526922976e-08],
      [0.041267303815, 0.041453878451, 0.61742348539, 0.043292670427, 0.25334487655, 0.0032177853653],
      [0.00011705750708, 0.001523653994, 2.7851392812e-06, 0.99829875308, 5.7750279825e-05, 9.4656721471e-14],
      [0.051184265361, 0.00065997330129, 0.071510638252, 0.00052045890958, 0.82243115647, 0.053693507704],
      [0.2275265352, 0.028769206459, 0.14681039256, 0.071937500706, 0.48088398434, 0.04407238074]
    ],
    [
