{
  "X": [
    [12, 20, 23, 61, 80, 5],
    [11, 17, 34, 115, 61, 7],
    [7, 45, 57, 127, 131, 5],
    [8, 39, 49, 129, 142, 2],
    [5, 19, 40, 105, 109, 5],
    [6, 39, 37, 156, 151, 7],
    [11, 30, 17, 93, 151, 7],
    [26, 38, 26, 148, 201, 8],
    [9, 25, 26, 97, 80, 8],
    [14, 37, 22, 83, 77, 2],
    [13, 27, 16, 64, 109, 6],
    [6, 21, 13, 65, 96, 5],
    [15, 40, 41, 121, 140, 1],
    [10, 23, 24, 88, 127, 6],
    [12, 24, 40, 101, 126, 4],
    [7, 7, 5, 56, 130, 2],
    [6, 7, 15, 66, 112, 4],
    [9, 16, 20, 118, 133, 5],
    [7, 21, 8, 99, 174, 1],
    [5, 30, 32, 132, 203, 7],
    [23, 39, 61, 145, 223, 8],
    [63, 491, 952, 1272, 1518, 43],
    [5, 51, 76, 46, 130, 1],
    [10, 48, 77, 58, 96, 2],
    [6, 56, 60, 70, 100, 5],
    [4, 40, 54, 80, 87, 2],
    [13, 30, 43, 65, 104, 2],
    [6, 28, 15, 68, 122, 5],
    [7, 47, 100, 50, 84, 1],
    [7, 58, 120, 56, 116, 3],
    [14, 48, 101, 74, 110, 0],
    [16, 47, 87, 75, 75, 1],
    [15, 33, 54, 61, 96, 3],
    [4, 49, 59, 48, 82, 2],
    [9, 33, 51, 47, 103, 0],
    [21, 66, 134, 87, 149, 1],
    [4, 39, 94, 94, 124, 7],
    [4, 50, 93, 83, 117, 1],
    [6, 44, 83, 121, 112, 3],
    [6, 86, 103, 68, 141, 3],
    [5, 42, 75, 58, 122, 1],
    [9, 66, 94, 79, 161, 5],
    [3, 16, 39, 77, 67, 0],
    [15, 15, 15, 107, 101, 7],
    [13, 30, 14, 111, 137, 6],
    [11, 18, 10, 93, 79, 2],
    [3, 39, 44, 112, 99, 4],
    [7, 39, 34, 162, 123, 6],
    [7, 45, 28, 139, 107, 4],
    [6, 59, 41, 149, 146, 3],
    [7, 15, 12, 89, 77, 2],
    [11, 21, 7, 97, 99, 3],
    [15, 28, 28, 131, 130, 5],
    [25, 26, 13, 149, 165, 4],
    [11, 31, 39, 168, 136, 5],
    [12, 24, 29, 127, 82, 0],
    [20, 32, 24, 154, 136, 7],
    [34, 33, 26, 129, 185, 4],
    [16, 21, 18, 160, 146, 7],
    [10, 32, 34, 121, 120, 3],
    [22, 49, 27, 142, 123, 9],
    [12, 55, 45, 169, 129, 3],
    [16, 36, 53, 65, 124, 5],
    [10, 30, 44, 79, 114, 0],
    [8, 19, 52, 77, 104, 6],
    [7, 31, 34, 73, 74, 3],
    [20, 51, 67, 116, 184, 3],
    [9, 26, 48, 87, 116, 2],
    [11, 22, 50, 61, 119, 2],
    [12, 36, 68, 61, 75, 2],
    [8, 37, 68, 39, 58, 0],
    [7, 39, 124, 75, 97, 5],
    [5, 38, 63, 148, 111, 5],
    [8, 36, 45, 132, 87, 2],
    [5, 41, 48, 120, 115, 3],
    [14, 29, 10, 134, 153, 2],
    [11, 26, 12, 145, 117, 4],
    [14, 20, 17, 151, 101, 3],
    [19, 25, 27, 142, 141, 1],
    [17, 21, 14, 134, 173, 5],
    [23, 40, 34, 183, 167, 4],
    [12, 12, 11, 117, 108, 2],
    [5, 20, 32, 120, 122, 4],
    [9, 36, 29, 140, 88, 2],
    [1, 34, 18, 100, 130, 2],
    [7, 36, 75, 110, 65, 2]
  ],
  "W": [
    [13, 18, 67, 62, 41],
    [13, 23, 54, 105, 50],
    [30, 44, 123, 100, 75],
    [27, 42, 125, 119, 56],
    [21, 37, 89, 89, 47],
    [27, 30, 132, 146, 61],
    [19, 17, 125, 79, 69],
    [27, 18, 168, 127, 107],
    [13, 22, 61, 92, 57],
    [28, 20, 70, 69, 48],
    [19, 17, 77, 59, 63],
    [19, 13, 74, 66, 34],
    [30, 35, 102, 118, 73],
    [12, 21, 107, 73, 65],
    [20, 33, 112, 92, 50],
    [6, 3, 109, 47, 42],
    [9, 11, 93, 52, 45],
    [13, 15, 119, 101, 53],
    [16, 6, 144, 91, 53],
    [15, 28, 187, 125, 54],
    [29, 47, 171, 132, 120],
    [421, 892, 1104, 1192, 730],
    [54, 69, 90, 53, 43],
    [43, 75, 60, 68, 45],
    [52, 56, 70, 70, 49],
    [39, 54, 61, 75, 38],
    [24, 42, 83, 64, 44],
    [21, 15, 106, 67, 35],
    [37, 108, 52, 49, 43],
    [60, 112, 71, 67, 50],
    [51, 103, 62, 72, 59],
    [42, 89, 50, 77, 43],
    [24, 58, 67, 66, 47],
    [41, 54, 52, 57, 40],
    [26, 54, 72, 49, 42],
    [66, 132, 108, 90, 62],
    [31, 99, 92, 98, 42],
    [38, 89, 83, 83, 55],
    [33, 79, 81, 123, 53],
    [77, 87, 117, 70, 56],
    [38, 76, 92, 62, 35],
    [54, 89, 130, 85, 56],
    [15, 41, 43, 80, 23],
    [8, 8, 78, 100, 66],
    [16, 8, 123, 97, 67],
    [11, 10, 68, 76, 48],
    [33, 38, 81, 108, 41],
    [32, 24, 113, 138, 64],
    [34, 23, 93, 127, 53],
    [43, 43, 129, 135, 54],
    [11, 9, 74, 76, 32],
    [15, 5, 86, 87, 45],
    [22, 19, 124, 103, 69],
    [17, 11, 152, 130, 72],
    [26, 31, 128, 155, 50],
    [13, 24, 71, 114, 52],
    [25, 10, 120, 153, 65],
    [26, 21, 154, 116, 94],
    [13, 14, 115, 139, 87],
    [18, 26, 105, 110, 61],
    [28, 27, 97, 120, 100],
    [29, 38, 107, 133, 106],
    [39, 53, 85, 75, 47],
    [25, 50, 69, 90, 43],
    [15, 50, 75, 79, 47],
    [35, 36, 39, 84, 28],
    [52, 86, 107, 119, 77],
    [26, 50, 84, 96, 32],
    [18, 48, 85, 67, 47],
    [32, 61, 64, 58, 39],
    [34, 76, 38, 44, 18],
    [37, 132, 50, 70, 58],
    [36, 46, 89, 145, 54],
    [33, 38, 83, 118, 38],
    [33, 37, 93, 109, 60],
    [16, 11, 138, 110, 67],
    [21, 13, 96, 117, 68],
    [8, 14, 85, 131, 68],
    [18, 16, 110, 123, 88],
    [14, 14, 159, 98, 79],
    [26, 30, 147, 159, 89],
    [10, 9, 100, 104, 39],
    [12, 21, 104, 107, 59],
    [19, 25, 98, 120, 42],
    [24, 16, 124, 86, 35],
    [22, 77, 43, 105, 48]
  ],
  "method": "mult",
  "cond_prob": [
    [
      [0, 0.78720732307, 0.078982904466, 0, 0.13357615332, 0.00023361914607],
      [0, 0.032973284593, 0.91667267303, 0, 0.050030591698, 0.0003234506777],
      [0.027353492678, 0.035401710932, 0.013405783472, 0.1206612583, 0.79048015316, 0.012697601457],
      [0.016809965132, 0.045605932091, 0.04286738533, 0.73147962646, 0.14540367472, 0.017833416268],
      [0.22256336957, 0.096909835495, 0.046759725471, 0.1844868013, 0.37526246981, 0.074017798358]
    ],
    [
      [0, 0.75663481321, 0.11544418078, 0.0028081639929, 0.12511284201, 0],
      [0, 0.022076346734, 0.94683897377, 0.0047843059533, 0.026300373546, 0],
      [0.019458923269, 0.020904755438, 0.018182424094, 0.22659345345, 0.69973599472, 0.015124449031],
      [0.0066827792668, 0.017305055759, 0.061941419418, 0.84101344246, 0.057291656144, 0.015765646951],
      [0.18495052641, 0.074202076099, 0.064724586264, 0.28621993773, 0.29934513705, 0.090557736449]
    ],
    [
      [0, 0.8061190079, 0.085475511543, 0.0010964902208, 0.10730899033, 0],
      [0, 0.03892896992, 0.9283190704, 0.0014951974203, 0.031256762264, 0],
      [0.0051455453455, 0.041948949236, 0.028235393959, 0.19454202114, 0.7246140359, 0.0055140544242],
      [0.0017712507681, 0.044942971606, 0.051099955668, 0.80868636787, 0.086331947851, 0.0071675062391],
      [0.082532971276, 0.12599382893, 0.066756620433, 0.2947201496, 0.38192948734, 0.048066942426]
    ],
    [
      [0, 0.79321893369, 0.075785988374, 0, 0.13099507793, 0],
      [0, 0.039382668653, 0.9110497143, 0, 0.049567617042, 0],
      [0.0084477920669, 0.034950716935, 0.011605207668, 0.1635587144, 0.77876922853, 0.0026683404001],
      [0.0038295209007, 0.043194916395, 0.037703829334, 0.78769552677, 0.12387579516, 0.0037004114373],
      [0.11586273222, 0.11464253641, 0.049147922571, 0.26463201812, 0.43381999623, 0.021894794446]
    ],
    [
      [0, 0.70092364528, 0.098485195818, 0.0050321716229, 0.19555898728, 0],
      [0, 0.01855228734, 0.91485117642, 0.0086651742273, 0.057931362008, 0],
      [0.0065649954929, 0.0019024111269, 0.00032105501079, 0.19349605505, 0.78904477065, 0.0086707126719],
      [0.002985462194, 0.0064683440592, 0.023894675256, 0.82606887968, 0.1291738257, 0.011408813114],
      [0.088298069487, 0.060620672468, 0.041002497156, 0.29430710125, 0.44741161273, 0.068360046917]
    ],
    [
      [0, 0.79061670899, 0.073888723926, 0.0013039976351, 0.13419056945, 0],
      [0, 0.038883144839, 0.9075150538, 0.001362717609, 0.05223908375, 0],
      [0.0061664500315, 0.030973204423, 0.0048975508854, 0.17489643809, 0.77429157544, 0.00877478113],
      [0.0025693618373, 0.039268895405, 0.030320934606, 0.79631234717, 0.12004584833, 0.011482612647],
      [0.078867242092, 0.10926447212, 0.044364256895, 0.27173734459, 0.42748361145, 0.068283072858]
    ],
    [
      [0.00014811982934, 0.79630088324, 0.052147606862, 0, 0.15135604246, 4.7347608046e-05],
      [8.6432059241e-05, 0.049373825576, 0.87287606211, 0, 0.077621329062, 4.2351191126e-05],
      [0.00039131700246, 0.029674460113, 0, 0.13783946866, 0.82248908854, 0.0096056656819],
      [0.020205913216, 0.040742306813, 0, 0.76234552515, 0.16278679582, 0.01391945901],
      [0.13551499433, 0.1029417164, 0.016960904547, 0.22528652074, 0.4512084009, 0.06808746309]
    ],
    [
      [0.00014889804486, 0.76470565146, 0.077842025888, 0, 0.15719759904, 0.00010582557141],
      [0, 0.034680521135, 0.90650657094, 0, 0.058742365289, 7.0542634109e-05],
      [0.021258925734, 0.022013764855, 0.0012995660427, 0.15147335932, 0.79604240317, 0.0079119808731],
      [0.012087501194, 0.031707133704, 0.026805102177, 0.77420770845, 0.14454779098, 0.010644763495],
      [0.19522773437, 0.08414560331, 0.036995999556, 0.22643080992, 0.40752905666, 0.049670796184]
    ],
    [
      [9.3570076065e-05, 0.81723970848, 0.06641874063, 0.00048116538908, 0.11572362851, 4.3186919936e-05],
      [7.2185281309e-05, 0.044957800988, 0.90584238297, 0.00069567767692, 0.048358898041, 7.3055040782e-05],
      [0.013209270959, 0.037882365586, 0.0035141899564, 0.17350475334, 0.75731628364, 0.014573136516],
      [0.0067018446288, 0.048495648949, 0.029122794122, 0.78629650081, 0.11085501303, 0.018528198463],
      [0.13289228559, 0.11604189761, 0.040602829822, 0.24658547215, 0.36906565915, 0.094811855668]
    ],
    [
      [0.00079076626986, 0.83163984129, 0.058640699325, 0.004040023717, 0.10479228256, 9.6386834077e-05],
      [0.00050130001607, 0.051411601604, 0.8977324193, 0.0028322270904, 0.047453608074, 6.88439151e-05],
      [0.022159782144, 0.047965812297, 0, 0.19927852098, 0.72599312527, 0.0046027593107],
      [0.01690355736, 0.05325409181, 0.013698053974, 0.81748581883, 0.093261715271, 0.0053967627496],
      [0.23438129867, 0.117785692, 0.030380131431, 0.25987951721, 0.33046180842, 0.027111552268]
    ],
    [
      [0.00089376975373, 0.79224620268, 0.04640868365, 0, 0.16017223374, 0.00027911018189],
      [0.00073667538324, 0.049983305936, 0.86473183538, 0, 0.084298465915, 0.00024971738138],
      [0.0047152401197, 0.029702129232, 0, 0.1136206171, 0.84151779028, 0.010444223266],
      [0.014496262958, 0.043567736726, 0.0070812510021, 0.73431342388, 0.18482374559, 0.015717579843],
      [0.18654193475, 0.099048341754, 0, 0.1893130234, 0.45749496503, 0.06760173506]
    ],
    [
      [0.00037796104257, 0.76227429724, 0.055377285222, 0, 0.1817806587, 0.0001897977957],
      [0.00021843797866, 0.04029377056, 0.87628852997, 0, 0.083069413202, 0.00012984829188],
      [0.00080043288367, 0.016790396885, 0, 0.12024387887, 0.85009898226, 0.012066309106],
      [0.017834777966, 0.029500216451, 0, 0.74293364443, 0.19123754982, 0.018493811339],
      [0.13981328433, 0.08245487294, 0.016355314447, 0.20789213033, 0.46874300407, 0.084741393879]
    ],
    [
      [0, 0.77679107813, 0.073788064989, 0, 0.14942085689, 0],
      [0, 0.036027970417, 0.90332269032, 0, 0.060649339261, 0],
      [0.014936899038, 0.029198424581, 0.0042038716058, 0.14003875026, 0.81039383465, 0.0012282198629],
      [0.0082608474132, 0.042332521208, 0.031102882631, 0.76223767183, 0.15428479315, 0.0017812837745],
      [0.1712555658, 0.10221660112, 0.042070258011, 0.22975345476, 0.4456009684, 0.0091031518985]
    ],
    [
      [0, 0.78938579138, 0.068392514584, 0, 0.14221878396, 2.910074237e-06],
      [0, 0.039831150035, 0.90011166103, 0, 0.060052118869, 5.0700633056e-06],
      [0.011509560223, 0.029547094679, 5.7601729186e-05, 0.15092226786, 0.79906874178, 0.0088947337299],
      [0.0062502783039, 0.039013381534, 0.025311551837, 0.77248832736, 0.14451414189, 0.012422319074],
      [0.12788010369, 0.10279077492, 0.03727751191, 0.23784106834, 0.43049834411, 0.063712197019]
    ],
    [
      [0, 0.74587412168, 0.093332681886, 0, 0.16076288913, 3.0307302475e-05],
      [0, 0.027191554872, 0.92146987813, 0, 0.051288578615, 4.9988381651e-05],
      [0.017776604584, 0.016952308431, 0.014393034967, 0.15590526627, 0.78800562575, 0.0069671599923],
      [0.0095824126223, 0.025682784532, 0.040233279456, 0.77966361524, 0.13539804968, 0.0094398584751],
      [0.18254876651, 0.07847443069, 0.048227175153, 0.23619115151, 0.40757936937, 0.04697910677]
    ],
    [
      [0, 0.64549508689, 0.089340226247, 0, 0.26516468687, 0],
      [0, 0.021462933491, 0.90234883364, 0, 0.076188232867, 0],
      [0.0042265326357, 0.002167359348, 0, 0.10576573676, 0.88440455517, 0.0034358160835],
      [0.017345384471, 0.01611226256, 0.010012480701, 0.75239178138, 0.19786472203, 0.0062733688614],
      [0.13628749697, 0.049264813546, 0.030626798777, 0.21688383257, 0.5352549698, 0.031682088343]
    ],
    [
      [0, 0.58831328485, 0.13491018937, 0.00014498984534, 0.27663153593, 0],
      [0, 0.012976909034, 0.92622350927, 1.5754551878e-05, 0.060783827142, 0],
      [0.0033305316164, 0, 0.0014228851454, 0.14834355302, 0.83965499182, 0.0072480384013],
      [0.011418842178, 0, 0.028773728553, 0.78458243834, 0.16413003815, 0.011094952777],
      [0.11325512814, 0.034720765266, 0.04375083312, 0.25342854593, 0.49375595234, 0.061088775206]
    ],
    [
      [0, 0.71420757205, 0.096715457085, 0.0015426559396, 0.18753431492, 0],
      [0, 0.024737769501, 0.91754498848, 0.0016571234928, 0.056060118531, 0],
      [0.011278644778, 0.0098199336629, 0.0015172174773, 0.18197018128, 0.78761953958, 0.0077944832234],
      [0.0055634171619, 0.016596913103, 0.026061509443, 0.81066872511, 0.13081264081, 0.010296794367],
      [0.13388558751, 0.066025937575, 0.040882318815, 0.27213388325, 0.42985566407, 0.05721660878]
    ],
    [
      [0, 0.7493926808, 0.056030715723, 0, 0.19457660348, 0],
      [0, 0.041111476722, 0.87039564535, 0, 0.088492877924, 0],
      [0.00052099743818, 0.012656699094, 0, 0.11925055161, 0.86631601775, 0.0012557341058],
      [0.014213057681, 0.026946796666, 0.0051303496352, 0.76085638942, 0.19069836144, 0.0021550451543],
      [0.10625637962, 0.084685378883, 0.026684393575, 0.23754696472, 0.53307093641, 0.011755946787]
    ],
    [
      [0, 0.78874669606, 0.06728609564, 0, 0.1439672083, 0],
      [0, 0.039761273161, 0.89720712656, 0, 0.06303160028, 0],
      [0.0051732245663, 0.030847248278, 0.0013307689423, 0.13284272407, 0.82129028133, 0.0085157528211],
      [0.0029133465273, 0.042054271289, 0.027379719442, 0.75460662103, 0.16002542592, 0.013020615786],
      [0.067934049818, 0.11167156614, 0.040696116654, 0.23764042538, 0.47205826332, 0.069999578688]
    ],
    [
      [0, 0.73262480191, 0.095486154473, 0, 0.17188904362, 0],
      [0, 0.023604848736, 0.92004999546, 0, 0.056345155804, 0],
      [0.014846718214, 0.019037206796, 0.015809493843, 0.12365766386, 0.82018267622, 0.0064662410692],
      [0.008723202268, 0.029122655971, 0.043567686614, 0.74699742557, 0.16186399177, 0.0097250378125],
      [0.16091457072, 0.079540832532, 0.05445161378, 0.21042399421, 0.44791425722, 0.046754731549]
    ],
    [
      [0, 0.76014499148, 0.084302466459, 0, 0.15555254206, 0],
      [0, 0.029167476787, 0.9146848571, 0, 0.056147666114, 0],
      [0.0053707855828, 0.023779428004, 0.012833211258, 0.1496493579, 0.80357355061, 0.0047936666486],
      [0.0017027076279, 0.038006824029, 0.040554122293, 0.77009756312, 0.14311353985, 0.0065252430871],
      [0.075398664691, 0.10055472128, 0.052193685051, 0.25867234746, 0.47218098938, 0.040999592137]
    ],
    [
      [0, 0.72069030966, 0.09451176987, 0, 0.18479792047, 0],
      [0, 0.0046182268325, 0.91985561977, 0, 0.075526153396, 0],
      [0.0045054421408, 0.057449937519, 0.024955596918, 0.032449978556, 0.87942617951, 0.0012128653519],
      [0.0047746561566, 0.04304626157, 0.051021422597, 0.67631390381, 0.22132880953, 0.0035149463294],
      [0.10096403328, 0.10028184621, 0.057585756803, 0.16825267507, 0.55653080578, 0.016384882857]
    ],
    [
      [0, 0.76634363025, 0.077165361107, 0, 0.15649100864, 0],
      [0, 0.020905138796, 0.90841146838, 0, 0.070683392824, 0],
      [0.016287242398, 0.035056678949, 0.010302219587, 0.095114937964, 0.83933637007, 0.0039025510293],
      [0.011364262486, 0.096205742962, 0.042124378765, 0.65577129136, 0.18803744021, 0.0064968842174],
      [0.18333323571, 0.10742104958, 0.045965298061, 0.17112568687, 0.46273120063, 0.029423529144]
    ],
    [
      [0, 0.78215459898, 0.075810826032, 0, 0.14203457499, 0],
      [0, 0.035564807976, 0.90615510529, 0, 0.058280086735, 0],
      [0.0076865096631, 0.058316917166, 0.0080984401878, 0.10825419757, 0.80937828431, 0.0082656511044],
      [0.0046008354865, 0.051877031573, 0.03577105386, 0.74072590249, 0.15337082787, 0.013654348723],
      [0.10489562938, 0.11475010601, 0.045760950344, 0.21574271419, 0.44812406921, 0.070726530859]
    ],
    [
      [0, 0.77308798325, 0.06939913682, 0.0026142723066, 0.15489860762, 0],
      [0, 0.037666879146, 0.89514083614, 0.0035076614667, 0.063684623247, 0],
      [0.0048539953889, 0.024552828454, 0, 0.16283024645, 0.80380938749, 0.0039535422161],
      [0.0037595474375, 0.033270101094, 0.020083634558, 0.79367348613, 0.14334512494, 0.0058681058472],
      [0.090051058512, 0.1005941332, 0.038146208437, 0.26974929389, 0.46675599053, 0.034703315428]
    ],
    [
      [0, 0.77723182166, 0.070553663427, 0, 0.1521302109, 8.4304015365e-05],
      [0, 0.033753265817, 0.89907252397, 0, 0.067026688745, 0.00014752146391],
      [0.025260469627, 0.035638778005, 0.0013373646515, 0.11162710195, 0.82182216622, 0.0043141195435],
      [0.014971578753, 0.043140294905, 0.028731431529, 0.73871480662, 0.16803350594, 0.0064083822539],
      [0.22602727229, 0.095677310623, 0.036269390611, 0.19220915714, 0.42200840534, 0.027808463995]
    ],
    [
      [0.00014443956037, 0.79767566346, 0.049031460363, 0, 0.15312515846, 2.3278155983e-05],
      [6.9758037008e-05, 0.049345321735, 0.87281483065, 0, 0.077753473405, 1.6616173632e-05],
      [0.00085343670716, 0.034476859835, 0, 0.11078887413, 0.84318749527, 0.010693334061],
      [0.022370525312, 0.046779344975, 0, 0.73328896201, 0.18081981459, 0.016741353111],
      [0.12590374034, 0.10628194244, 0.025089053504, 0.20360053965, 0.46072192843, 0.078402795635]
    ],
    [
      [0, 0.80205700002, 0.056583440489, 0, 0.14135955949, 0],
      [0, 0.047903560364, 0.88131941691, 0, 0.070777022728, 0],
      [0.0094387857174, 0.08015106544, 0, 0.084679830787, 0.82391027771, 0.0018200403448],
      [0.0069291004671, 0.054612422212, 0.024503049345, 0.74411516745, 0.16639237213, 0.0034478883912],
      [0.14348040046, 0.12340563694, 0.035424796696, 0.21244199056, 0.46812132951, 0.017125845835]
    ],
    [
      [0, 0.72979561675, 0.10053854832, 0, 0.16966583493, 0],
      [0, 0, 0.93601205966, 0, 0.063987940344, 0],
      [0.006447483098, 0.092672983565, 0.031588831395, 0.015838014206, 0.85008492563, 0.0033677621023],
      [0.0061541035147, 0.041556505171, 0.057428848637, 0.68975432382, 0.19583771767, 0.0092685011911],
      [0.12259807529, 0.096963906307, 0.060875930635, 0.17323922591, 0.50352487564, 0.042797986219]
    ],
    [
      [0, 0.73584341453, 0.078911599504, 0, 0.18524498597, 0],
      [0, 0.019126368685, 0.89923734458, 0, 0.081636286732, 0],
      [0.018203322583, 0.016661640578, 0.0015462047757, 0.12961269066, 0.8339761414, 0],
      [0.014517701214, 0.039194117344, 0.028173577341, 0.74152525898, 0.17658934512, 0],
      [0.2004427036, 0.078762232539, 0.037791519808, 0.21312194123, 0.46988160283, 0]
    ],
    [
      [0, 0.79666733486, 0.07072376449, 0, 0.13251445083, 9.4449821209e-05],
      [0, 0.043350482208, 0.90293919554, 0, 0.053510185312, 0.00020013694093],
      [0.032238744721, 0.032977978271, 0.0014450641249, 0.15321513944, 0.77774729853, 0.0023757749216],
      [0.026275650229, 0.050680665473, 0.027110430304, 0.7584877261, 0.13418195, 0.0032635778966],
      [0.28755436503, 0.096057415448, 0.035075747645, 0.20780670044, 0.35936305805, 0.014142713387]
    ],
    [
      [0.0020112797191, 0.79623811681, 0.051613541458, 0, 0.14989152173, 0.00024554028073],
      [0, 0.048842538975, 0.87016977034, 0, 0.08039432196, 0.00059336872065],
      [0.032398110251, 0.040174483751, 0, 0.088833478314, 0.83209985477, 0.006494072911],
      [0.019813025252, 0.053500291421, 0.017042057983, 0.71428016882, 0.18524857986, 0.010115876661],
      [0.24411481347, 0.10286613385, 0.024822393577, 0.16820565555, 0.42048162264, 0.03950938091]
    ],
    [
      [0, 0.78352696492, 0.080931554734, 0, 0.13554148035, 0],
      [0, 0.028296768371, 0.91568751668, 0, 0.056015714944, 0],
      [0.0059625531295, 0.050815888213, 0.018122900672, 0.086287204294, 0.83493774706, 0.0038737066306],
      [0.0010738042924, 0.12495828906, 0.052191668386, 0.63783942086, 0.17811798619, 0.0058188312084],
      [0.090718509815, 0.13955800707, 0.05793411055, 0.17890545969, 0.49621156597, 0.036672346908]
    ],
    [
      [9.6488231398e-05, 0.78429870132, 0.050996242121, 0, 0.16460856833, 0],
      [0, 0.036910028059, 0.8737779674, 0, 0.089312004539, 0],
      [0.0147865077, 0.046770336179, 0, 0.069695414815, 0.86874774131, 0],
      [0.010105514486, 0.052545178399, 0.023684530197, 0.70614540413, 0.20751937279, 0],
      [0.17708791766, 0.11125986439, 0.031655844894, 0.17573346026, 0.5042629128, 0]
    ],
    [
      [0, 0.75382273566, 0.084504758507, 0, 0.16163661586, 3.5889974127e-05],
      [0, 0.018116664209, 0.91612072922, 0, 0.065690831246, 7.1775321031e-05],
      [0.031608946519, 0.047837530776, 0.011538484122, 0.087273607723, 0.8202272386, 0.0015141922629],
      [0.017076169956, 0.037396612617, 0.039447126251, 0.73475022302, 0.16898454201, 0.002345326143],
      [0.25886094323, 0.085873408248, 0.043521806989, 0.18462790796, 0.41722004967, 0.0098958839044]
    ],
    [
      [0, 0.77622808472, 0.06620176841, 0, 0.15757014687, 0],
      [0, 0.035233920303, 0.8900256664, 0, 0.0747404133, 0],
      [0.0060497608543, 0.027866802357, 0, 0.13030201715, 0.82352645719, 0.012254962452],
      [0.0035548973131, 0.047311501998, 0.023280200764, 0.74013994886, 0.16687586107, 0.018837589993],
      [0.073691477731, 0.10115472026, 0.036993917408, 0.22567855796, 0.46661324009, 0.095868086551]
    ],
    [
      [0, 0.78862425912, 0.076731660931, 0, 0.13464407994, 0],
      [0, 0.030999547881, 0.91724948226, 0, 0.051750969857, 0],
      [0.002203859834, 0.067121401532, 0.017666451134, 0.098401118755, 0.81363333181, 0.00097383693308],
      [0.0017760164384, 0.054036802113, 0.046300149645, 0.74455586689, 0.15112521717, 0.002205947747],
      [0.066721277625, 0.13122159072, 0.057086638157, 0.2369921853, 0.49459507418, 0.013383234028]
    ],
    [
      [0, 0.79070656982, 0.075502785154, 0, 0.13379064503, 0],
      [0, 0.037584614492, 0.91229276286, 0, 0.050122622644, 0],
      [0.0073791692226, 0.03320692709, 0.01008292722, 0.15454947532, 0.7902916388, 0.0044898623548],
      [0.002256979364, 0.049847323962, 0.040692379037, 0.77117466686, 0.13022733797, 0.0058013128],
      [0.096692053419, 0.11540597565, 0.049347171647, 0.25711336746, 0.44516294739, 0.036278484431]
    ],
    [
      [0, 0.78407091421, 0.10285063819, 0, 0.1130784476, 0],
      [0, 0.027222234701, 0.94084038495, 0, 0.031937380352, 0],
      [0.0034209282174, 0.09496659952, 0.042471415322, 0.059269656465, 0.79716461922, 0.0027067812516],
      [0.0035393491656, 0.063712586992, 0.061484746105, 0.71353628719, 0.15039487938, 0.0073321511746],
      [0.095571374232, 0.13727199917, 0.070612491947, 0.19853410876, 0.45925902569, 0.038751000203]
    ],
    [
      [0, 0.75939271945, 0.072189442043, 0, 0.1684178385, 0],
      [0, 0.021725850949, 0.89727390615, 0, 0.081000242901, 0],
      [0.0072642018103, 0.053108617881, 0.0053089835933, 0.072332015404, 0.86021406501, 0.001772116304],
      [0.0053516160191, 0.045956359316, 0.03347247143, 0.7155675475, 0.19608882989, 0.0035631758514],
      [0.11428266401, 0.10733213903, 0.042864703305, 0.19943618965, 0.51848292122, 0.017601382778]
    ],
    [
      [0, 0.78479530313, 0.076020550954, 0, 0.13918414591, 0],
      [0, 0.03046055975, 0.91036464541, 0, 0.059174794839, 0],
      [0.0096872861772, 0.069394560358, 0.018155794319, 0.069215810258, 0.8271936695, 0.0063528793828],
      [0.0065452275553, 0.059764472706, 0.044018216227, 0.70291502012, 0.17472739225, 0.012029671146],
      [0.12829122241, 0.12158554976, 0.049475627967, 0.18311014208, 0.46125882149, 0.0562786363]
    ],
    [
      [0, 0.73251960834, 0.075679063434, 0.0020418053835, 0.18975952284, 0],
      [0, 0.027228535442, 0.89009944979, 0.0053324715624, 0.077339543205, 0],
      [0.0012574946347, 0.014069714125, 0, 0.15464544678, 0.83002734446, 0],
      [0.0066629432485, 0.017849991449, 0.0070704870787, 0.79887399354, 0.16954258469, 0],
      [0.1049083596, 0.080992995584, 0.035004245251, 0.26917686482, 0.50991753475, 0]
    ],
    [
      [0.00026715144961, 0.74015765474, 0.096817302614, 0.00019746747691, 0.16249426054, 6.6163178446e-05],
      [0.0001724197473, 0.026118336144, 0.92549471301, 0.0001072760753, 0.048041109655, 6.6145366219e-05],
      [0.01964541091, 0.019364707034, 0.0051787255329, 0.16458294725, 0.78007945827, 0.011148751001],
      [0.011424851575, 0.025389904884, 0.034264950589, 0.78524389623, 0.1288582572, 0.014818139521],
      [0.18669176094, 0.073035673271, 0.045319215522, 0.23690458398, 0.38763172081, 0.070417045478]
    ],
    [
      [4.0759608889e-05, 0.80800378592, 0.066417081908, 0, 0.12550976047, 2.8612093957e-05],
      [0, 0.041947265793, 0.90479700735, 0, 0.053241426266, 1.43005889e-05],
      [0.01518463358, 0.037835920051, 0.0028912908723, 0.15982649723, 0.77567382166, 0.0085878366132],
      [0.0080678780387, 0.046302095958, 0.027869261037, 0.77716850805, 0.12918522626, 0.01140703065],
      [0.15446348875, 0.11330208694, 0.039403037802, 0.23814918746, 0.39741888673, 0.057263312318]
    ],
    [
      [8.9541327623e-05, 0.80833479927, 0.052484552516, 0.0040052305577, 0.13506486616, 2.1010164639e-05],
      [8.5172885944e-06, 0.048616182505, 0.8803505094, 0.0035596869711, 0.067446009136, 1.9094704312e-05],
      [0.0079423839381, 0.02589593844, 0, 0.21334491311, 0.74859919893, 0.004217565585],
      [0.013286312445, 0.030658498204, 0, 0.84656586967, 0.10443030419, 0.0050590154941],
      [0.19685600039, 0.094399702199, 0.012899267258, 0.29320594599, 0.37496620283, 0.027672881329]
    ],
    [
      [0, 0.78914136845, 0.078399231536, 0.0014677667081, 0.1309916333, 0],
      [0, 0.038211118834, 0.91265851984, 0.0015998114652, 0.047530549865, 0],
      [0.0044050642397, 0.031404495159, 0.0089729729978, 0.17465261012, 0.77335844072, 0.0072064167649],
      [0.0012468793012, 0.040353370414, 0.036971568561, 0.79828464614, 0.11410381175, 0.0090397238416],
      [0.06118358127, 0.11230205397, 0.049074668003, 0.28119921123, 0.43672853267, 0.059511952857]
    ],
    [
      [0, 0.78182849724, 0.08676109417, 0.0064471187056, 0.12496328989, 0],
      [0, 0.032448820088, 0.92190840689, 0.0047665963408, 0.040876176678, 0],
      [0.0072001988986, 0.025442149045, 0.0087171183053, 0.22142341942, 0.72922587478, 0.0079912395555],
      [0.0019620524929, 0.028465794081, 0.035229093047, 0.84431969901, 0.081016474045, 0.0090068873295],
      [0.092431473132, 0.099991780955, 0.050799906439, 0.31472389113, 0.38183358149, 0.060219366856]
    ],
    [
      [0, 0.81593720421, 0.065039740209, 0.0046958731559, 0.11432718242, 0],
      [0, 0.045510027342, 0.90217287577, 0.0031242893847, 0.049192807499, 0],
      [0.0088920285215, 0.039552404984, 0.0006230159734, 0.19968510369, 0.74496910443, 0.0062783424072],
      [0.0028542036103, 0.048186261271, 0.022713743264, 0.82462598021, 0.094206619608, 0.0074131920362],
      [0.10963316017, 0.12100708647, 0.039548807737, 0.29189184013, 0.39122780799, 0.046691297501]
    ],
    [
      [0, 0.82673293092, 0.049995839008, 0.0035360167143, 0.11973521336, 0],
      [0, 0.057693339967, 0.87796381288, 0.0034636517183, 0.060879195437, 0],
      [0, 0.042358487764, 0, 0.18473935045, 0.76886874791, 0.0040334138824],
      [0.0049558753881, 0.062033395231, 0, 0.81068250436, 0.11702192942, 0.0053062955967],
      [0.098721422641, 0.13205401989, 0.02032842535, 0.28565740668, 0.43058428648, 0.032654438956]
    ],
    [
      [0, 0.77677934668, 0.077332544411, 0.0036926609676, 0.14219544795, 0],
      [0, 0.033059124236, 0.91346950245, 0.0029438879695, 0.050527485343, 0],
      [0.015022994485, 0.020494512516, 0.00026554998852, 0.21301524097, 0.74600220536, 0.0051994966777],
      [0.0065044427375, 0.02480906835, 0.022355772599, 0.84076963141, 0.099327599428, 0.0062334854764],
      [0.16856127375, 0.086119123366, 0.037794596024, 0.28972705995, 0.38212631098, 0.035671635926]
    ],
    [
      [0.00023630584298, 0.79634959277, 0.053295863375, 0.0016722596723, 0.14839827309, 4.770524984e-05],
      [5.4666261332e-05, 0.047024009097, 0.87942928897, 0.00053050930209, 0.072945627549, 1.5898822469e-05],
      [0.014128826413, 0.023588520491, 0, 0.17684036307, 0.77940527836, 0.0060370116613],
      [0.014343736717, 0.031268804057, 0.0082812144388, 0.80803942558, 0.13016815689, 0.0078986623161],
      [0.18962662034, 0.090458607729, 0.024065554408, 0.25476805132, 0.40124031504, 0.039840851173]
    ],
    [
      [6.3720935012e-05, 0.7620867513, 0.094142062827, 0.003609285939, 0.14007718653, 2.0992464844e-05],
      [0, 0.028813492378, 0.92564605566, 0.0030344829324, 0.042487848654, 1.8120379706e-05],
      [0.017042580442, 0.019749692223, 0.010546446137, 0.21023977265, 0.73521283601, 0.0072086725333],
      [0.0077948602871, 0.024730004481, 0.03530111269, 0.82737271049, 0.096308940619, 0.0084923714369],
      [0.17510793558, 0.082470765492, 0.049243849744, 0.28367854412, 0.36267855395, 0.046820351108]
    ],
    [
      [0.0006591222221, 0.78002434938, 0.059672533847, 0.0010755348719, 0.15849884725, 6.9612431801e-05],
      [0.00034681002178, 0.043412335737, 0.8826477653, 0.00063795467799, 0.072910096109, 4.503815624e-05],
      [0.023352800783, 0.020143755593, 0, 0.17703429633, 0.77400556773, 0.0054635795657],
      [0.024562086127, 0.027767157845, 0.0048915953312, 0.80620556133, 0.12964560983, 0.0069279895379],
      [0.25336504301, 0.07764540274, 0.022785196017, 0.23970503322, 0.37501018009, 0.031489144931]
    ],
    [
      [0, 0.76188458115, 0.089046902988, 0.0035060734976, 0.14555889674, 3.5456285362e-06],
      [0, 0.030035561946, 0.91955035379, 0.0040671633096, 0.046342707866, 4.2130931745e-06],
      [0.014930962268, 0.019381639148, 0.0067422032442, 0.20105707825, 0.75024573679, 0.0076423802995],
      [0.0067204435014, 0.023136904383, 0.032878389376, 0.82714897438, 0.10079977039, 0.0093155179723],
      [0.16094336174, 0.083856569591, 0.04439134373, 0.27678725963, 0.38246852044, 0.051552944875]
    ],
    [
      [0, 0.81077117285, 0.072858205207, 0.0028723985737, 0.11349822337, 0],
      [0, 0.039606429277, 0.91400032848, 0.0051499627005, 0.041243279543, 0],
      [0.017553935015, 0.033570596554, 0.0048561658687, 0.21430545809, 0.72971384447, 0],
      [0.0059211476135, 0.038580667603, 0.030443180194, 0.84425825627, 0.080796748321, 0],
      [0.1938203805, 0.11014830747, 0.044260098655, 0.29572944182, 0.35604177156, 0]
    ],
    [
      [0.00067017330879, 0.75282525951, 0.10636515358, 8.1066936876e-05, 0.13991739154, 0.00014095512438],
      [0.00022730732339, 0.025787015662, 0.93475914836, 2.8713612337e-07, 0.039169865045, 5.6376476614e-05],
      [0.02580334995, 0.024204918763, 0.011020479867, 0.16742617375, 0.76151785021, 0.010027227458],
      [0.015055385531, 0.030772113302, 0.046940739168, 0.77904461604, 0.11521271912, 0.01297442684],
      [0.22432456329, 0.081673457981, 0.053675215389, 0.2263538977, 0.35539505401, 0.058577811626]
    ],
    [
      [0.0015989352081, 0.75351520525, 0.07517593424, 0, 0.16958139321, 0.00012853208784],
      [0.0011775454545, 0.033895960284, 0.90056624645, 0, 0.064256439026, 0.00010380878141],
      [0.033230498756, 0.01723947174, 0, 0.13843738644, 0.80628354121, 0.004809101856],
      [0.024991465921, 0.028222977142, 0.019729204943, 0.76465060315, 0.1559365655, 0.0064691833485],
      [0.2757148125, 0.072000484054, 0.030265391072, 0.20192736728, 0.39345948524, 0.026632459862]
    ],
    [
      [6.3916820628e-05, 0.74555965927, 0.077141522513, 0.0017016103386, 0.17552217562, 1.1115437046e-05],
      [0, 0.032781859001, 0.90105957721, 0.0017213459703, 0.064425262465, 1.1955355013e-05],
      [0.010385728979, 0.015683515136, 0, 0.18761534383, 0.77855326754, 0.0077621445168],
      [0.0098618228903, 0.020183049368, 0.012741306697, 0.82213090606, 0.12506626556, 0.010016649418],
      [0.15441398698, 0.071721037938, 0.030014764316, 0.2770324108, 0.41262553289, 0.054192267078]
    ],
    [
      [0, 0.80552256129, 0.074990678502, 0.00021671885014, 0.11927004136, 0],
      [0, 0.040321726877, 0.91447440475, 0.00021014783902, 0.044993720539, 0],
      [0.011278835469, 0.038178084715, 0.012439514149, 0.17197643984, 0.76184520976, 0.0042819160686],
      [0.0048161077083, 0.046916460588, 0.040273761614, 0.79093388211, 0.11152248137, 0.0055373066113],
      [0.13583525292, 0.11938884325, 0.051435581975, 0.2611538033, 0.40036200896, 0.031824509599]
    ],
    [
      [0.00054983763396, 0.84104974575, 0.047988783603, 0.002625512044, 0.10760284359, 0.00018327737896],
      [0.00046421275308, 0.060094320491, 0.87814698709, 0.0024632691374, 0.058654490404, 0.00017672012538],
      [0.011610166492, 0.046243906283, 0, 0.19230775073, 0.73913777822, 0.010700398276],
      [0.018308619766, 0.055509607229, 0.00015359769015, 0.81003496813, 0.10301190664, 0.012981300539],
      [0.1864885028, 0.12681248689, 0.019279136849, 0.26001929399, 0.34345655854, 0.063944020926]
    ],
    [
      [0, 0.83988742562, 0.061968296259, 0.0039752317536, 0.09416904637, 0],
      [0, 0.051984308687, 0.90353573779, 0.0051125122181, 0.0393674413, 0],
      [0.0076528473362, 0.049926216014, 0.0041072482609, 0.21896726657, 0.7165539637, 0.0027924581179],
      [0.001026724077, 0.056705386613, 0.027303358072, 0.83674600542, 0.075232009593, 0.0029865162253],
      [0.10419425503, 0.14890508862, 0.045261690422, 0.32050685444, 0.35939625938, 0.021735852108]
    ],
    [
      [0.0030617742892, 0.72868520846, 0.064193486969, 0, 0.20341722004, 0.00064231024045],
      [0, 0.016338486075, 0.89214214201, 0, 0.090646510389, 0.0008728615308],
      [0.032646003802, 0.017939683795, 0, 0.071177481314, 0.86819196906, 0.010044862033],
      [0.021859384846, 0.027240682218, 0.024451289273, 0.69081659366, 0.21904401975, 0.016588030251],
      [0.24396226843, 0.066966230192, 0.029341995457, 0.15188658647, 0.44761371312, 0.060229206336]
    ],
    [
      [0.00068604948801, 0.75729886151, 0.049759133719, 0, 0.19225595528, 0],
      [0.0021086331302, 0.04244334354, 0.83814428236, 0.011079020324, 0.10622472064, 0],
      [0.016212626619, 0.022725925147, 0, 0.082914008043, 0.87814744019, 0],
      [0.01156177731, 0.038784868878, 0, 0.7170521862, 0.23260116761, 0],
      [0.17949269562, 0.090386843046, 0.019739710208, 0.19047175978, 0.51990899135, 0]
    ],
    [
      [0, 0.73034494816, 0.086568220593, 0, 0.18303386454, 5.2966702054e-05],
      [0, 0.018927585239, 0.91030961828, 0, 0.070586306671, 0.00017648981259],
      [0.012588289644, 0.015221219175, 0.0064198575458, 0.1228909477, 0.83166587902, 0.011213806916],
      [0.0081551940758, 0.031032338916, 0.03433691499, 0.73435124242, 0.17495866869, 0.017165640905],
      [0.13641740308, 0.074580857514, 0.042380642066, 0.20786022917, 0.4580532116, 0.080707656567]
    ],
    [
      [0.0017317242882, 0.73335131863, 0.058796458022, 0, 0.20559930138, 0.00052119768369],
      [0.0016890777821, 0.03141175657, 0.86923186819, 0.0043054276007, 0.092825795063, 0.00053607479521],
      [0.015302831282, 0.0142127811, 0, 0.11795573898, 0.84459210081, 0.0079365478278],
      [0.01467273771, 0.019532195475, 0, 0.74503192552, 0.20751927897, 0.013243862324],
      [0.18033080222, 0.071674204597, 0.023206311229, 0.20221603722, 0.46755658802, 0.055016056713]
    ],
    [
      [0.002450828151, 0.73348598368, 0.041276724223, 0, 0.22250256795, 0.00028389600199],
      [0.054524992992, 0.059555946627, 0.75411174814, 0.0034919467295, 0.12784585521, 0.00046951029919],
      [0, 0, 0, 0.11399652274, 0.88232720951, 0.0036762677547],
      [0, 0.019065302275, 0, 0.74195195675, 0.23302109904, 0.0059616419363],
      [0.19718711089, 0.071014889195, 0, 0.1975296337, 0.51034546384, 0.023922902364]
    ],
    [
      [0.00066131011688, 0.73009817833, 0.070589383158, 0, 0.19857236662, 7.8761779181e-05],
      [0.0010834395574, 0.029060996192, 0.88173502898, 0, 0.087969084942, 0.0001514503255],
      [0.0146004683, 0.012244064359, 0, 0.11282825887, 0.85601297279, 0.00431423568],
      [0.01590170864, 0.022876863325, 0.011467514309, 0.73982524172, 0.20306608507, 0.0068625869394],
      [0.19298845601, 0.073116164641, 0.030532600472, 0.20310009531, 0.46997594812, 0.030286735443]
    ],
    [
      [0, 0.7285680087, 0.082276718411, 0, 0.18914858125, 6.6916408041e-06],
      [0, 0.013119855765, 0.90474059356, 0, 0.082121723143, 1.7827528873e-05],
      [0.017488907521, 0.027153701221, 0.0074168631907, 0.072126958009, 0.87222349312, 0.0035900769372],
      [0.01177032117, 0.032842386298, 0.036861899347, 0.69948862246, 0.21273946575, 0.0062973049821],
      [0.18563470941, 0.079734431511, 0.042367871279, 0.17028661414, 0.49491365332, 0.027062720332]
    ],
    [
      [0, 0.78437735459, 0.094656635928, 0, 0.12096600948, 0],
      [0, 0.025687111664, 0.94265546552, 0, 0.031657422821, 0],
      [0.026400484977, 0.048571676184, 0.029600088891, 0.13097320382, 0.75929807585, 0.0051564702761],
      [0.013473089851, 0.041588964985, 0.056533193352, 0.76476989161, 0.11676508118, 0.0068697790189],
      [0.24433153205, 0.097750348635, 0.058863419242, 0.21182208313, 0.35462906003, 0.032603556903]
    ],
    [
      [0, 0.79626020317, 0.047935421908, 0, 0.15580437493, 0],
      [0, 0.054135554653, 0.85984340998, 0, 0.086021035364, 0],
      [0.031478522814, 0.035230328961, 0, 0.1110812007, 0.82220994752, 0],
      [0.031605653215, 0.062982623251, 0.012838478174, 0.71703119578, 0.17554204958, 0],
      [0.30073152175, 0.094603500839, 0.025400192045, 0.17941898662, 0.39984579874, 0]
    ],
    [
      [0.00010823200533, 0.74522112442, 0.075526004071, 0.00042102624159, 0.17866479069, 5.8822567732e-05],
      [0.00062150098415, 0.027771437575, 0.89077583923, 0.0012091503639, 0.079412270181, 0.0002098016698],
      [0.0079077264649, 0.019183673925, 0, 0.14346934831, 0.82109637378, 0.008342877519],
      [0.0052714928024, 0.028219460197, 0.022628152488, 0.76906085752, 0.16239667431, 0.01242336268],
      [0.10602700804, 0.083214529764, 0.035157868921, 0.23822563343, 0.47386891706, 0.063506042777]
    ],
    [
      [0, 0.75044553757, 0.10923564182, 0.0008710261227, 0.13944779449, 0],
      [0, 0.023915538028, 0.93961021712, 0.00099860057601, 0.035475644281, 0],
      [0.0059202150016, 0.019549224208, 0.024718654323, 0.18111028022, 0.76148710749, 0.0072145187602],
      [0.0012517144225, 0.021982586876, 0.06889275003, 0.80255957269, 0.096855492878, 0.0084578831072],
      [0.079474116178, 0.091786849013, 0.067704405894, 0.28579174914, 0.41725186533, 0.057991014441]
    ],
    [
      [0, 0.78655577041, 0.086679666499, 0.0084918634417, 0.11827269965, 0],
      [0, 0.031926322195, 0.9235796756, 0.0096701136481, 0.034823888553, 0],
      [0.014627294527, 0.024946041523, 0.009793577297, 0.2275861036, 0.71880586885, 0.0042411142106],
      [0.0045515210979, 0.026302003179, 0.037336812503, 0.85468136744, 0.072501444381, 0.0046268513974],
      [0.16444355433, 0.09621846083, 0.048024540569, 0.30553305871, 0.35677988409, 0.029000501464]
    ],
    [
      [0, 0.7825549624, 0.088606430964, 0.00024513073842, 0.1285934759, 0],
      [0, 0.034443383476, 0.92373651851, 0.00018658428101, 0.04163351373, 0],
      [0.0048338501979, 0.030857330325, 0.019039742773, 0.17358329595, 0.76771570692, 0.0039700738334],
      [0.00094463285745, 0.039079516969, 0.050014537613, 0.7964772344, 0.10850484596, 0.0049792322008],
      [0.074124782502, 0.11286469971, 0.061257598593, 0.28376236657, 0.43318977223, 0.034800780393]
    ],
    [
