{
  "X": [
    [22, 63, 61, 76, 10],
    [53, 80, 134, 202, 20],
    [40, 134, 108, 201, 9],
    [35, 98, 111, 108, 5],
    [24, 69, 68, 118, 7],
    [46, 163, 135, 185, 9],
    [48, 34, 119, 150, 13],
    [50, 24, 147, 131, 15],
    [44, 58, 76, 151, 6],
    [57, 62, 108, 157, 10],
    [47, 61, 147, 175, 11],
    [47, 98, 126, 171, 9],
    [49, 68, 130, 169, 2],
    [50, 88, 159, 150, 9],
    [60, 78, 152, 162, 9],
    [62, 124, 141, 181, 13],
    [66, 33, 197, 137, 7],
    [67, 52, 172, 161, 2],
    [80, 64, 135, 143, 14],
    [58, 33, 122, 75, 4],
    [40, 132, 107, 111, 16],
    [15, 69, 88, 111, 6],
    [38, 46, 135, 177, 16],
    [35, 35, 173, 155, 8],
    [26, 26, 84, 64, 8],
    [29, 34, 106, 108, 9],
    [35, 35, 85, 107, 11],
    [47, 43, 133, 144, 7],
    [30, 19, 124, 98, 7],
    [26, 17, 102, 92, 7],
    [39, 74, 98, 131, 9],
    [49, 55, 128, 143, 14],
    [33, 55, 111, 159, 9],
    [54, 32, 173, 133, 20],
    [19, 33, 131, 79, 15],
    [27, 24, 113, 92, 9],
    [25, 71, 82, 134, 6],
    [25, 39, 78, 67, 10],
    [24, 46, 96, 45, 9],
    [38, 93, 96, 120, 6],
    [25, 64, 96, 132, 6],
    [43, 95, 156, 100, 9],
    [31, 106, 102, 131, 10],
    [35, 94, 112, 96, 5],
    [56, 148, 196, 140, 13],
    [18, 58, 84, 82, 3],
    [43, 84, 103, 155, 10],
    [35, 119, 134, 193, 6],
    [18, 44, 86, 82, 8],
    [30, 63, 103, 125, 12],
    [27, 44, 80, 106, 22],
    [32, 96, 71, 159, 6],
    [52, 40, 113, 137, 11],
    [67, 39, 118, 147, 6],
    [14, 69, 50, 92, 7],
    [38, 89, 97, 162, 7],
    [27, 104, 73, 191, 11],
    [67, 70, 135, 124, 10],
    [88, 46, 145, 105, 7],
    [78, 39, 121, 124, 23],
    [67, 61, 121, 132, 12],
    [75, 27, 96, 114, 12],
    [104, 46, 166, 165, 14],
    [78, 26, 146, 129, 7],
    [70, 71, 144, 184, 11],
    [79, 25, 146, 80, 9],
    [79, 17, 123, 45, 9],
    [78, 28, 135, 107, 7],
    [68, 35, 104, 94, 18],
    [58, 25, 123, 90, 6],
    [79, 13, 172, 66, 15],
    [73, 18, 204, 79, 16],
    [86, 18, 151, 65, 17],
    [33, 38, 62, 84, 11],
    [61, 26, 55, 75, 11],
    [98, 75, 190, 185, 13],
    [350, 1072, 954, 1106, 48]
  ],
  "W": [
    [32, 21, 69, 36, 62, 12],
    [42, 74, 86, 127, 130, 30],
    [28, 51, 130, 146, 115, 22],
    [29, 43, 98, 63, 104, 20],
    [16, 38, 69, 70, 73, 20],
    [34, 53, 161, 114, 139, 37],
    [27, 51, 42, 112, 101, 31],
    [24, 59, 22, 96, 127, 39],
    [24, 53, 64, 93, 80, 21],
    [20, 63, 60, 97, 116, 38],
    [37, 68, 59, 112, 130, 35],
    [21, 59, 100, 121, 120, 30],
    [26, 61, 72, 110, 108, 41],
    [26, 68, 94, 106, 140, 22],
    [23, 82, 78, 107, 136, 35],
    [33, 69, 123, 118, 149, 29],
    [18, 81, 37, 113, 164, 27],
    [21, 67, 62, 123, 146, 35],
    [14, 76, 68, 116, 126, 36],
    [10, 54, 43, 56, 107, 22],
    [15, 56, 134, 82, 92, 27],
    [19, 20, 71, 71, 99, 9],
    [36, 47, 61, 107, 123, 38],
    [14, 46, 47, 126, 148, 25],
    [8, 34, 28, 50, 70, 18],
    [9, 47, 41, 86, 74, 29],
    [19, 39, 33, 82, 67, 33],
    [17, 60, 45, 114, 101, 37],
    [4, 43, 21, 77, 105, 28],
    [5, 40, 21, 74, 79, 25],
    [12, 46, 71, 94, 105, 23],
    [20, 53, 59, 116, 111, 30],
    [18, 45, 57, 124, 94, 29],
    [6, 84, 32, 96, 149, 45],
    [7, 38, 33, 58, 115, 26],
    [9, 39, 27, 72, 94, 24],
    [26, 27, 63, 94, 84, 24],
    [4, 26, 39, 62, 62, 26],
    [9, 35, 44, 39, 76, 17],
    [19, 64, 84, 86, 77, 23],
    [21, 39, 62, 77, 91, 33],
    [14, 59, 89, 81, 121, 39],
    [8, 52, 91, 102, 96, 31],
    [9, 43, 84, 77, 102, 27],
    [17, 68, 134, 123, 159, 52],
    [16, 34, 57, 50, 77, 11],
    [20, 62, 81, 102, 94, 36],
    [35, 55, 120, 110, 129, 38],
    [15, 23, 42, 59, 78, 21],
    [9, 38, 69, 96, 89, 32],
    [24, 45, 40, 77, 70, 23],
    [17, 44, 93, 102, 78, 30],
    [12, 63, 41, 92, 101, 44],
    [16, 87, 33, 98, 109, 34],
    [20, 19, 79, 56, 45, 13],
    [29, 40, 93, 111, 99, 21],
    [19, 33, 112, 146, 69, 27],
    [18, 83, 66, 70, 135, 34],
    [12, 91, 49, 73, 140, 26],
    [27, 90, 37, 90, 101, 40],
    [27, 83, 61, 76, 111, 35],
    [15, 83, 26, 85, 93, 22],
    [18, 121, 50, 130, 147, 29],
    [16, 91, 24, 90, 139, 26],
    [19, 103, 69, 135, 126, 28],
    [9, 92, 24, 61, 129, 24],
    [5, 81, 9, 40, 117, 21],
    [13, 91, 25, 72, 123, 31],
    [11, 81, 36, 66, 95, 30],
    [9, 65, 28, 67, 110, 23],
    [10, 93, 10, 46, 155, 31],
    [2, 91, 14, 58, 194, 31],
    [4, 93, 12, 51, 137, 40],
    [15, 38, 44, 65, 56, 10],
    [12, 61, 27, 54, 54, 20],
    [28, 126, 72, 132, 169, 34],
    [137, 435, 1056, 807, 838, 257]
  ],
  "method": "mvn_cdf",
  "mvncdf_method": "genz",
  "mvncdf_samples": 5000,
  "mvncdf_error": 0.001,
  "cond_prob": [
    [
      [0.002086047963, 0.018057351819, 0.0093611544534, 0.83985891137, 0.13063653439],
      [0.69704164091, 0.0043242516495, 0.17828892925, 0.062072542758, 0.058272635441],
      [0, 0.8711972306, 0.0049816919109, 0.12382107749, 0],
      [0.013554900076, 0.021953038185, 0.14551076344, 0.7898060659, 0.0291752324],
      [0.097471953568, 0.014510489613, 0.74533870745, 0.1214258071, 0.021253042271],
      [0.063677873516, 0.044065567929, 0.43027095465, 0.27632655657, 0.18565904734]
    ],
    [
      [0.0012774103591, 0.015870225989, 0.0065589443407, 0.88577881819, 0.09051460112],
      [0.57266469087, 0.0078194004166, 0.2231828263, 0.12091755123, 0.075415531183],
      [0, 0.84507017786, 0.0043931457031, 0.15053667644, 0],
      [0.0073585886146, 0.019910002127, 0.10132786927, 0.85166108049, 0.0197424595],
      [0.065366285763, 0.016219876051, 0.71395391742, 0.18001340096, 0.024446519799],
      [0.037900124589, 0.048054180839, 0.37161786661, 0.3780179108, 0.16440991717]
    ],
    [
      [0.0011217144023, 0.03439620826, 0.0051979362517, 0.91359091756, 0.045693223528],
      [0.59299214787, 0.017828306596, 0.20882776513, 0.13773564898, 0.042616131431],
      [0.0010554976022, 0.91975795973, 0.0011028400135, 0.077409448586, 0.00067425407187],
      [0.0069978430902, 0.040325984396, 0.082813550677, 0.85839908286, 0.011463538973],
      [0.067230715203, 0.036249445075, 0.67386182995, 0.20670622708, 0.015951782696],
      [0.037980019438, 0.11376581193, 0.33981744176, 0.41973753102, 0.08869919586]
    ],
    [
      [0.0015987577395, 0.033508901956, 0.009681595908, 0.91055008775, 0.044660656649],
      [0.61792333164, 0.011802357234, 0.25408257923, 0.089501452173, 0.026690279721],
      [0, 0.91814491101, 0.0024606987038, 0.079394390289, 0],
      [0.0090406833679, 0.038119491622, 0.14461859473, 0.79926401644, 0.0089572138393],
      [0.06626952794, 0.023734343788, 0.77639201808, 0.12725877509, 0.006345335102],
      [0.046066940346, 0.083631973872, 0.48483964953, 0.31881445592, 0.066646980335]
    ],
    [
      [0.00077149671092, 0.024693682037, 0.0048035982952, 0.92706384865, 0.042667374303],
      [0.50956059662, 0.017517646403, 0.23104866783, 0.18709644325, 0.054776645904],
      [0.00092246737701, 0.89451798171, 0.0040210217451, 0.098628496228, 0.0019100329393],
      [0.004630230051, 0.029868685509, 0.070545679671, 0.88292778194, 0.012027622828],
      [0.05065581512, 0.031332133208, 0.65399149822, 0.24496996213, 0.019050591318],
      [0.026935626239, 0.091971803815, 0.30931328011, 0.47820976835, 0.09356952149]
    ],
    [
      [0.0013225393762, 0.034566648068, 0.0064624081853, 0.91400407313, 0.043644331241],
      [0.62458722809, 0.015132606025, 0.21114459103, 0.11525886254, 0.033876712318],
      [0.00059486834042, 0.91964948137, 0.0022214251876, 0.077534225097, 0],
      [0.0078621351127, 0.040644709121, 0.098985087341, 0.84263348218, 0.0098745862468],
      [0.073481028133, 0.031755904502, 0.70392813831, 0.17874313941, 0.012091789653],
      [0.044486228553, 0.1057181562, 0.38112578813, 0.38990860033, 0.078761226787]
    ],
    [
      [0.0020565375335, 0.0083214255691, 0.010319685204, 0.89232390155, 0.086978450142],
      [0.68991366727, 0.0001497500051, 0.19777994609, 0.069663326663, 0.042493309971],
      [0.00024449963221, 0.76826234213, 0.0094873062695, 0.22103348553, 0.0009723664378],
      [0.012820875062, 0.005783607117, 0.149163447, 0.81047721123, 0.021754859592],
      [0.092169256591, 0.0015128470348, 0.76142608901, 0.1249674116, 0.019924395765],
      [0.064631437047, 0.022584011045, 0.47179946233, 0.31212459278, 0.1288604968]
    ],
    [
      [0.0017943539916, 0.016620004553, 0.010272760178, 0.87773925215, 0.093573629124],
      [0.63532898572, 0.0043207635391, 0.23405494506, 0.076057323401, 0.05023798228],
      [0.00019276438278, 0.85807483813, 0.0055778018151, 0.13582655089, 0.000328044774],
      [0.010952144725, 0.018343522777, 0.1561968416, 0.79252480985, 0.021982681048],
      [0.074033407659, 0.0090422919067, 0.77940053003, 0.11775145052, 0.019772319889],
      [0.051657329846, 0.039979465237, 0.48314708335, 0.2928686099, 0.13234751167]
    ],
    [
      [0.0016758334918, 0.014626362001, 0.0043511535434, 0.94271152817, 0.03663512279],
      [0.65885337538, 0.0081099910419, 0.17346860881, 0.12839355532, 0.031174469446],
      [0.00149101461, 0.82631548649, 0.0018532445254, 0.17034025437, 0],
      [0.0094760732296, 0.019346829079, 0.074387693975, 0.88850657912, 0.0082828245968],
      [0.087461685671, 0.018195244021, 0.6561543331, 0.22518128324, 0.013007453973],
      [0.050805547718, 0.051432001203, 0.341558391, 0.47727019498, 0.078933865101]
    ],
    [
      [0.0015098973339, 0.021756592344, 0.0048383134612, 0.92423065448, 0.047664542383],
      [0.67986301879, 0.009529377206, 0.16454184539, 0.11029239608, 0.035773362524],
      [0.0006946872066, 0.88065775859, 0.0010043488352, 0.11694881105, 0.00069439431487],
      [0.0094762481066, 0.026863076724, 0.08126077155, 0.87013905118, 0.012260852444],
      [0.09527253898, 0.02377515491, 0.65936365414, 0.20457912541, 0.017009526558],
      [0.055945790759, 0.072668827942, 0.34495678473, 0.43198344165, 0.094445154913]
    ],
    [
      [0.00073034164584, 0.022092982295, 0.0079647624278, 0.91714369241, 0.052068221222],
      [0.56011178815, 0.010194446985, 0.27020644406, 0.11800692912, 0.041480391682],
      [0, 0.88108404927, 0.00344684597, 0.11512604686, 0.00034305790431],
      [0.0054820403281, 0.02611803363, 0.12210313011, 0.83390447636, 0.012392319569],
      [0.053838183227, 0.018326617558, 0.75991329845, 0.15425697656, 0.013664924209],
      [0.036354955104, 0.062791380118, 0.44753206604, 0.36565906088, 0.087662537861]
    ],
    [
      [0.001189759197, 0.023747605488, 0.0068723129064, 0.91897723053, 0.049213091881],
      [0.61620415795, 0.010245606256, 0.22384858981, 0.11239445617, 0.037307189818],
      [0.00021594910731, 0.8883019612, 0.0023134630757, 0.1087654295, 0.00040319711915],
      [0.0075452909107, 0.028169828649, 0.10713301964, 0.8453751393, 0.011776721497],
      [0.069595408081, 0.020995630436, 0.72606975719, 0.16937586916, 0.01396333513],
      [0.044431521909, 0.071286282578, 0.41086006944, 0.38593887132, 0.087483254752]
    ],
    [
      [0.0017269301413, 0.017432155186, 0.0088185297276, 0.94775403239, 0.024268352557],
      [0.63430793001, 0.013215705095, 0.24238669078, 0.11008967412, 0],
      [0, 0.84469321321, 0.0065243889961, 0.14878239779, 0],
      [0.0059688263557, 0.020575198918, 0.12375710643, 0.84969886829, 0],
      [0.067112629514, 0.014445654728, 0.75740276611, 0.16103894965, 0],
      [0.057501980471, 0.051202244187, 0.46591691791, 0.39198805661, 0.033390800817]
    ],
    [
      [0.0013638301246, 0.020091495186, 0.010480675722, 0.90950403007, 0.058559968893],
      [0.58758700309, 0.0068306268985, 0.27861878794, 0.090855079773, 0.036108502295],
      [7.9383281489e-05, 0.87056836627, 0.0042574303215, 0.12460108493, 0.00049373519082],
      [0.0082738810697, 0.022465695558, 0.15688839562, 0.79901712507, 0.013354902683],
      [0.058484728571, 0.012261591967, 0.79617472658, 0.12093959575, 0.012139357127],
      [0.042557672031, 0.049169339171, 0.5130270338, 0.31067677942, 0.084569175573]
    ],
    [
      [0.0011608962814, 0.022932895327, 0.0079937418702, 0.92198377745, 0.045928689067],
      [0.59882290924, 0.0097100425796, 0.24885840667, 0.10939797808, 0.033210663433],
      [0, 0.8842615614, 0.003266260135, 0.11247217847, 0],
      [0.0072700270133, 0.026895054466, 0.12169019729, 0.83418208934, 0.0099626318952],
      [0.063262736979, 0.018701448717, 0.75338680806, 0.15400855642, 0.010640449818],
      [0.042519877386, 0.065221436392, 0.44781512266, 0.36709319323, 0.077350370342]
    ],
    [
      [0.0014785939145, 0.029407812029, 0.0064617849328, 0.89849086764, 0.064160941483],
      [0.668183924, 0.010751469786, 0.18486229111, 0.094375364687, 0.041826950423],
      [0.00010302287075, 0.90914007447, 0.0012104744255, 0.088505671648, 0.0010407565878],
      [0.009459179548, 0.03507516115, 0.10421730888, 0.83540114551, 0.015847204915],
      [0.088167207219, 0.025781248861, 0.70099271158, 0.16625442762, 0.018804404713],
      [0.054508509293, 0.085627121804, 0.38402821323, 0.36560202432, 0.11023413136]
    ],
    [
      [0.0024079324543, 0.01329478425, 0.014557682081, 0.9145112026, 0.05522839861],
      [0.63382191946, 0.0010041699345, 0.27409299929, 0.067150395684, 0.023930515631],
      [0.00063392391887, 0.82109577359, 0.0097407651737, 0.16852953731, 0],
      [0.014089077119, 0.011320901906, 0.20175836438, 0.76251189645, 0.010319760147],
      [0.070397367652, 0.0016154622747, 0.8268258438, 0.094634947476, 0.0065263787983],
      [0.053940464631, 0.027948695091, 0.58436618187, 0.26592769398, 0.067816964424]
    ],
    [
      [0.0029205029315, 0.011367317833, 0.013163993064, 0.93921349575, 0.033334690422],
      [0.72302494304, 0.0035532751226, 0.21062559664, 0.062796185192, 0],
      [0, 0.78956161991, 0.012030229687, 0.1984081504, 0],
      [0.016235132478, 0.0098838141129, 0.17793095319, 0.79595010022, 0],
      [0.093168925232, 0.0029177816481, 0.79270961312, 0.11120368, 0],
      [0.082754682166, 0.026534034328, 0.54984731922, 0.3037219214, 0.03714204289]
    ],
    [
      [0.0026130001636, 0.017553308063, 0.0098069583127, 0.87529892646, 0.094727807004],
      [0.76867792882, 0.0027696620708, 0.14367657693, 0.050636219909, 0.034239612275],
      [0, 0.8582994868, 0.007025859615, 0.13387042271, 0.00080423086811],
      [0.015505159063, 0.019482808236, 0.14653711416, 0.79579149634, 0.022683422199],
      [0.13023707693, 0.011229141497, 0.71936823446, 0.11883747471, 0.020328072395],
      [0.092650701747, 0.041792130085, 0.43963393052, 0.2919149495, 0.13400828815]
    ],
    [
      [0.0042008899533, 0.008878198552, 0.016927401159, 0.90990455253, 0.060088957805],
      [0.76696612084, 0, 0.18368286712, 0.035495570317, 0.013855441719],
      [0.0054305433753, 0.75691332238, 0.019725730349, 0.2179304039, 0],
      [0.029683528317, 0, 0.22001010885, 0.73944100395, 0.010865358884],
      [0.11665963748, 0, 0.80381567266, 0.074260817846, 0.0052638720163],
      [0.098338564278, 0.01654296147, 0.5788546222, 0.23902648087, 0.067237371177]
    ],
    [
      [0.0013983734541, 0.031299379558, 0.0090237845827, 0.82140390386, 0.13687455854],
      [0.5743669274, 0.011977213863, 0.24150300551, 0.086487256242, 0.085665596988],
      [0, 0.91593774856, 0.0051151801987, 0.078947071243, 0],
      [0.0090358978494, 0.038966479068, 0.14128663504, 0.78224972846, 0.028461259574],
      [0.065446152063, 0.031542969928, 0.75961581181, 0.12665709735, 0.016737968856],
      [0.038980994462, 0.075071203946, 0.41425488949, 0.27628951318, 0.19540339892]
    ],
    [
      [0.00026964935377, 0.023688507274, 0.0063952534321, 0.91578746023, 0.05385912971],
      [0.51053660688, 0.013777821543, 0.26958751232, 0.15090027679, 0.055197782477],
      [0, 0.88961475378, 0.003351296808, 0.10543536975, 0.0015985796612],
      [0.002906001168, 0.028458742759, 0.097713578738, 0.85685321459, 0.014068462741],
      [0.04367710732, 0.024337930823, 0.725566605, 0.18778030155, 0.018638055299],
      [0.028198313008, 0.075743169497, 0.38667109769, 0.40769926416, 0.10168815564]
    ],
    [
      [0.0013653519605, 0.0068828708099, 0.008883998064, 0.90205129703, 0.080816482139],
      [0.58690906612, 0.0025978709925, 0.2428784905, 0.10718513337, 0.060429439023],
      [0.00055129277896, 0.71217631647, 0.010406247047, 0.27590891492, 0.00095722878483],
      [0.0079415113187, 0.0076136013848, 0.12319312627, 0.84110202381, 0.020149737216],
      [0.064260916952, 0.004779276898, 0.75575894479, 0.15273048764, 0.022470373718],
      [0.041543628061, 0.020654079031, 0.4339497691, 0.36511162371, 0.1387409001]
    ],
    [
      [0.0012807797547, 0.0074704546907, 0.012113759252, 0.92171462278, 0.057420383522],
      [0.5547507706, 0.00098018201923, 0.31432156752, 0.093734640169, 0.036212839692],
      [0.00021078066557, 0.72594243302, 0.012789945624, 0.260495312, 0.00056152868698],
      [0.0093584253315, 0.0021945747019, 0.17448186809, 0.80037244133, 0.013592690549],
      [0.049402038062, 0, 0.82396806009, 0.11475828204, 0.011871619815],
      [0.038518548781, 0.018180579878, 0.55353998192, 0.30839075282, 0.081370136596]
    ],
    [
      [0.0016594256439, 0.015503369243, 0.011681677683, 0.86676820935, 0.10438731808],
      [0.59743967722, 0.0033157577448, 0.26836588289, 0.074421310187, 0.056457371962],
      [0.00043560318384, 0.85446801694, 0.0060177386867, 0.137854549, 0.0012240921947],
      [0.010243139827, 0.016024413118, 0.17648007103, 0.77223977499, 0.025012601035],
      [0.062086826077, 0.0060180438465, 0.80689607853, 0.10382805121, 0.021171000336],
      [0.044630214642, 0.03420272685, 0.51704893492, 0.26642500404, 0.13769311955]
    ],
    [
      [0.00096196134959, 0.010205909253, 0.011114330043, 0.90589273215, 0.071825067207],
      [0.51770024534, 0.0021748497128, 0.32737198719, 0.10170864095, 0.051044276809],
      [0, 0.78311899046, 0.0087122597606, 0.20646705164, 0.0017016981415],
      [0.0053805876379, 0.0085783324057, 0.16512916469, 0.8018262823, 0.019085632967],
      [0.043923227778, 0.0034210311833, 0.81788567746, 0.11817151607, 0.016598547506],
      [0.032633842219, 0.024384737135, 0.53212540296, 0.30688819663, 0.10396782106]
    ],
    [
      [0.0017807719231, 0.02214000882, 0.0089826180098, 0.87791506854, 0.089181532709],
      [0.67488950664, 0.0065299141782, 0.20066129832, 0.072012392436, 0.045906888428],
      [0, 0.8889476556, 0.0034661719451, 0.10682292034, 0.00076325210976],
      [0.011343363152, 0.026197777512, 0.14071165659, 0.79984131154, 0.021905891204],
      [0.086290420489, 0.015359633759, 0.75293213647, 0.12510972507, 0.02030808421],
      [0.058601837069, 0.054911737175, 0.45164687773, 0.30353439077, 0.13130515726]
    ],
    [
      [0.0016807114216, 0.016233240646, 0.010590871839, 0.92289216563, 0.048603010463],
      [0.62090138459, 0.0046778800384, 0.26002854544, 0.087028030011, 0.027364159912],
      [3.1419393666e-05, 0.84600960015, 0.0058521926397, 0.14810678782, 0],
      [0.010449039147, 0.017117257835, 0.15556672681, 0.80771678869, 0.0091501875133],
      [0.066510239077, 0.0091751579949, 0.79248014217, 0.1234181386, 0.0084163221508],
      [0.048843414806, 0.040401939174, 0.51837277209, 0.32106486545, 0.071317008477]
    ],
    [
      [0.0010527592856, 0.011647108129, 0.010257276448, 0.92007550219, 0.056967353952],
      [0.5452465457, 0.0028901487357, 0.30569490812, 0.10534422427, 0.040824173177],
      [0, 0.80353058465, 0.0075013460999, 0.18843418998, 0.00053387926718],
      [0.0058941599485, 0.010178519857, 0.15261817913, 0.81709095809, 0.014218182978],
      [0.048502322936, 0.0033711722246, 0.80410955173, 0.13007030779, 0.013946645321],
      [0.035842616914, 0.029188349341, 0.5169092447, 0.330692581, 0.087367208037]
    ],
    [
      [0.0009841030728, 0.0089595031224, 0.010613595536, 0.91721729784, 0.062225500431],
      [0.52889792339, 0.00054526134131, 0.31874585499, 0.10621224351, 0.045598716779],
      [0, 0.76510641145, 0.0093915589137, 0.22451534336, 0.00098668627465],
      [0.0057745648436, 0.0043892421024, 0.15790796531, 0.81515967143, 0.016768556319],
      [0.045155362199, 0, 0.81231328384, 0.12677029795, 0.015761056007],
      [0.033782845477, 0.021654138987, 0.52567744917, 0.32455729345, 0.09432827291]
    ],
    [
      [0.001226599475, 0.029380381241, 0.0056718108183, 0.90493490556, 0.058786302902],
      [0.63063117271, 0.012862354121, 0.19504772792, 0.11467436842, 0.046784376833],
      [0.00061774002459, 0.91051011994, 0.00078267313565, 0.086825000556, 0.0012644663454],
      [0.008100783361, 0.035044111936, 0.090927850381, 0.8505194165, 0.015407837824],
      [0.077406597936, 0.028570766869, 0.686723058, 0.18733811229, 0.019961464905],
      [0.045357430464, 0.091977025069, 0.35874060728, 0.39486340024, 0.10906153695]
    ],
    [
      [0.002010442452, 0.016143009966, 0.010126970656, 0.86991324265, 0.10180633428],
      [0.67688296996, 0.0036909889807, 0.20336481651, 0.067464084233, 0.048597140316],
      [0.00015370472765, 0.85234066852, 0.0060132936864, 0.14111873885, 0.00037359421855],
      [0.012653730555, 0.017561790713, 0.15363850264, 0.79252303682, 0.023622939273],
      [0.088105770236, 0.0089844459163, 0.76413439489, 0.11789477422, 0.020880614745],
      [0.060945064116, 0.038632557428, 0.4674452282, 0.28937136271, 0.14360578755]
    ],
    [
      [0.00094693093379, 0.01773497764, 0.0077964024106, 0.91772377312, 0.055797915893],
      [0.57275302208, 0.0078960929486, 0.259990781, 0.1155224152, 0.043837688763],
      [0, 0.85735985115, 0.0039604012323, 0.13790536666, 0.0007743809528],
      [0.005834254076, 0.02101637877, 0.12006832296, 0.83880656633, 0.014274477864],
      [0.057214555288, 0.014515390764, 0.75691179565, 0.15604156737, 0.015316690932],
      [0.038188053348, 0.051222655338, 0.44469503115, 0.37041158422, 0.095482675952]
    ],
    [
      [0.00097387611275, 0.014445884288, 0.0088145876736, 0.8685979801, 0.10716767182],
      [0.52780120816, 0.0052546566956, 0.28006515583, 0.10817636924, 0.078702610069],
      [0, 0.83792811435, 0.0061929897962, 0.15587889585, 0],
      [0.0060894681946, 0.016369942744, 0.1385277522, 0.81648205922, 0.022530777642],
      [0.050870174926, 0.0093987835744, 0.77780050986, 0.14084700703, 0.021083524611],
      [0.033213561045, 0.037473347035, 0.44516718956, 0.31877757119, 0.16536833117]
    ],
    [
      [0.00025502292244, 0.018145703754, 0.011298680342, 0.81055820103, 0.15974239195],
      [0.41082541875, 0.0079661428112, 0.35450924123, 0.1057865927, 0.12091260452],
      [0, 0.87033821055, 0.0091992688168, 0.12046252063, 0],
      [0.00082376458443, 0.021943433304, 0.17357854874, 0.7729873852, 0.03066686817],
      [0.02455929347, 0.013132736379, 0.82518023827, 0.12001319325, 0.017114538627],
      [0.019798147393, 0.041004687826, 0.46856534508, 0.2575443586, 0.2130874611]
    ],
    [
      [0.0010794629911, 0.01202212843, 0.011068656325, 0.89337791174, 0.082451840516],
      [0.54137910202, 0.0027936859616, 0.30667294555, 0.094528323131, 0.054625943335],
      [0, 0.81467760762, 0.0076406322976, 0.1766105468, 0.0010712132835],
      [0.0064783026886, 0.010903029878, 0.16551712162, 0.79635166954, 0.020749876275],
      [0.04844820535, 0.003362901219, 0.81192889499, 0.11722752031, 0.01903247814],
      [0.035663781568, 0.028559200843, 0.52063713581, 0.29782509637, 0.1173147854]
    ],
    [
      [0.0014949530164, 0.04130357376, 0.0062674068779, 0.90739151968, 0.043542546666],
      [0.62618948959, 0.017927542781, 0.20614471995, 0.11551794807, 0.034220299608],
      [0.00097318734231, 0.93414556315, 0.0017385932121, 0.063021851452, 0.00012080483929],
      [0.0084631392029, 0.046837658108, 0.095743410222, 0.8387315876, 0.010224204862],
      [0.073301568127, 0.037214485862, 0.69487723628, 0.18153182368, 0.013074886047],
      [0.043326558009, 0.12758901141, 0.3663350084, 0.38454236771, 0.078207054473]
    ],
    [
      [0.0022198011074, 0.023042910829, 0.011724580073, 0.81970618838, 0.14330651961],
      [0.66576933572, 0.0054877464777, 0.21250538262, 0.056247722456, 0.059989812735],
      [0, 0.89871571491, 0.0055124494641, 0.095771835625, 0],
      [0.015323197962, 0.027081753162, 0.17986891117, 0.74810484853, 0.02962128918],
      [0.084243382635, 0.012750591241, 0.78392006482, 0.096159971376, 0.022925989924],
      [0.057999618075, 0.047908796683, 0.47915614196, 0.23766207843, 0.17727336485]
    ],
    [
      [0.0020211393516, 0.036495714396, 0.017518094694, 0.79255905396, 0.1514059976],
      [0.54213156634, 0.01095203476, 0.32798080337, 0.052205670143, 0.066729925392],
      [0.0015997579515, 0.93631409777, 0.0057998682687, 0.05599538904, 0.0002908869662],
      [0.011380440521, 0.041474608343, 0.24771866771, 0.66741890052, 0.032007382908],
      [0.050800999772, 0.018926916629, 0.85198540861, 0.058694361698, 0.019592313286],
      [0.037182494769, 0.060849509566, 0.57034680769, 0.18152143132, 0.15009975666]
    ],
    [
      [0.00078188537917, 0.050522936614, 0.0083113672355, 0.90071085589, 0.039672954885],
      [0.52035476977, 0.023970994233, 0.28913449739, 0.13100502778, 0.035534710825],
      [0, 0.94301492766, 0.0052434888377, 0.051741583497, 0],
      [0.0048074393315, 0.057137405555, 0.11690644832, 0.81311999921, 0.0080287075867],
      [0.046706692121, 0.040245615892, 0.74543625715, 0.15762189783, 0.0099895370051],
      [0.029242775509, 0.14260597166, 0.41062942483, 0.35176838615, 0.06575344185]
    ],
    [
      [0.00031681760489, 0.024902650607, 0.006706178922, 0.93325898319, 0.034815369675],
      [0.50842224718, 0.015666385468, 0.2719403616, 0.16564637173, 0.038324634015],
      [0, 0.8923607381, 0.0050530725837, 0.10258618932, 0],
      [0.0029551850621, 0.029829027527, 0.093201004011, 0.86666535037, 0.0073494330277],
      [0.044300617195, 0.027178078551, 0.7163908263, 0.20208317766, 0.010047300288],
      [0.027453750777, 0.083928765885, 0.38097464054, 0.43812751429, 0.06951532851]
    ],
    [
      [0.0017310974574, 0.042798086014, 0.014120624865, 0.87157380507, 0.069776386591],
      [0.57403788934, 0.013758740618, 0.30673286377, 0.069662688841, 0.03580781743],
      [0.00088076562942, 0.93833934516, 0.0027500792579, 0.057267963556, 0.00076184639217],
      [0.010032781218, 0.047835875688, 0.19942444568, 0.72741599462, 0.015290902794],
      [0.054708828515, 0.02386168184, 0.82448852752, 0.085281416897, 0.011659545226],
      [0.040941474214, 0.084997178109, 0.55240572578, 0.23977621339, 0.081879408507]
    ],
    [
      [0.00063280450971, 0.062465354103, 0.0064391951568, 0.87619184625, 0.054270799981],
      [0.49142445124, 0.032924852153, 0.26565760343, 0.15112794089, 0.058865152283],
      [0, 0.94769856161, 0.0084729398131, 0.041782716595, 0.0020457819787],
      [0.003745006939, 0.065477605725, 0.098661382453, 0.81720155598, 0.014914448903],
      [0.04476919071, 0.053899158955, 0.69685412033, 0.18525802675, 0.019219503255],
      [0.024549454312, 0.18369615177, 0.3355418379, 0.36097599406, 0.09523656196]
    ],
    [
      [0.0014750119194, 0.057464853887, 0.0096562732322, 0.88531754526, 0.0460863157],
      [0.61256315253, 0.020046232607, 0.25050970576, 0.08840288046, 0.028478028649],
      [0.00016840601989, 0.95182314061, 0.0044161056871, 0.043592347682, 0],
      [0.0092232653429, 0.064421146029, 0.14060722059, 0.77631380191, 0.0094345661247],
      [0.066209013551, 0.038419784085, 0.76292345431, 0.12420654096, 0.0082412070934],
      [0.043290830177, 0.14031252891, 0.44908425892, 0.30088263341, 0.066429748579]
    ],
    [
      [0.0019153447182, 0.054736048606, 0.013077499562, 0.85421696535, 0.076054141768],
      [0.6123417668, 0.016357015402, 0.26863103229, 0.065074197302, 0.037595988202],
      [0.0011352564009, 0.95206695971, 0.0039145071993, 0.041890181516, 0.00099309516974],
      [0.011483279656, 0.061879353262, 0.18572104889, 0.72379061779, 0.017125700402],
      [0.065088425488, 0.031402812086, 0.80221379906, 0.087657698657, 0.013637264709],
      [0.046434069021, 0.11107749907, 0.51135664005, 0.23992618799, 0.091205603869]
    ],
    [
      [0, 0.031410493377, 0.0089649532792, 0.92643254666, 0.033192006681],
      [0.45670575457, 0.017427160229, 0.3472926592, 0.1462296812, 0.032344744809],
      [0, 0.91085894444, 0.0049274176398, 0.084213637916, 0],
      [0.00098037443129, 0.036283604835, 0.12685545259, 0.8294866596, 0.0063939085444],
      [0.028133741851, 0.028466314087, 0.78325844655, 0.15462216587, 0.0055193316494],
      [0.023335227317, 0.089078399853, 0.46491586508, 0.36589572545, 0.056774782308]
    ],
    [
      [0.00093703529468, 0.027915583538, 0.0058589809042, 0.9170794214, 0.048208978864],
      [0.57056069293, 0.014547352372, 0.23102807239, 0.13822995714, 0.045633925164],
      [0.00033076922232, 0.90452491512, 0.0022582172952, 0.091933416478, 0.00095268188068],
      [0.0059581184161, 0.033116753833, 0.091330066211, 0.85717541966, 0.012419641878],
      [0.060453988848, 0.028062956376, 0.70035561149, 0.194741079, 0.016386364288],
      [0.035813916535, 0.090483543524, 0.36741861276, 0.41399981286, 0.09228411432]
    ],
    [
      [0.0003806788664, 0.025545335559, 0.0071063637922, 0.93768977715, 0.02927784463],
      [0.50686338727, 0.016098788159, 0.27659661786, 0.16835228994, 0.032088916762],
      [0, 0.88954606709, 0.0066271254736, 0.10382680743, 0],
      [0.0033104990416, 0.030310186012, 0.094472450187, 0.86762650773, 0.0042803570314],
      [0.044134914308, 0.029969043714, 0.71862528015, 0.20343461999, 0.003836141833],
      [0.027674502618, 0.086179598812, 0.38548888336, 0.44158639821, 0.059070617004]
    ],
    [
      [0.00093295897261, 0.028390462592, 0.0091640130445, 0.87790694293, 0.083605622464],
      [0.55687594863, 0.011152608765, 0.27863897654, 0.096184378349, 0.057148087712],
      [0, 0.91134789628, 0.0020081721056, 0.085257223623, 0.001386707995],
      [0.0063167705727, 0.033528286566, 0.14454731979, 0.79496163809, 0.020645984982],
      [0.051965834866, 0.020364161663, 0.78213960315, 0.12536788619, 0.020162514139],
      [0.03580162922, 0.070211804705, 0.46830091441, 0.30271047581, 0.12297517586]
    ],
    [
      [0.0011801310106, 0.015737289466, 0.0081037967558, 0.88457300596, 0.090405776806],
      [0.58718393598, 0.0061198198796, 0.2425527833, 0.10057949598, 0.063563964855],
      [0.00013608553789, 0.84668900437, 0.0046396548619, 0.14814875796, 0.00038649726797],
      [0.0076514923136, 0.018446535269, 0.12686669102, 0.82560155461, 0.021433726791],
      [0.06317383282, 0.01196844047, 0.75660453099, 0.1457388309, 0.022514364822],
      [0.040937030262, 0.042756604687, 0.43352869632, 0.33643914399, 0.14633852474]
    ],
    [
      [0.0039351248597, 0.025363006041, 0.013067849083, 0.72227485981, 0.23535916021],
      [0.4603687278, 0.013306782091, 0.23622677972, 0.11392660407, 0.17617110632],
      [0, 0.89032573407, 0.013860199224, 0.09581406671, 0],
      [0.015907077185, 0.042112938234, 0.13585414729, 0.80612583729, 0],
      [0.06207664033, 0.036210315975, 0.72858482278, 0.1690105443, 0.0041176766113],
      [0.026902368956, 0.060958040694, 0.30608920127, 0.25233547569, 0.35371491339]
    ],
    [
      [0.0012647882231, 0.029872558773, 0.0036460667025, 0.93452925098, 0.03068733532],
      [0.56489679973, 0.01996036998, 0.19418166694, 0.18354304634, 0.037418117009],
      [0.0032120018695, 0.90833400612, 0.00060716594636, 0.08784682606, 0],
      [0.0081265997632, 0.034811834138, 0.059352776552, 0.8907131168, 0.0069956727427],
      [0.064189444656, 0.040076046417, 0.6133042927, 0.26928283843, 0.013147377802],
      [0.032954445974, 0.11540363165, 0.28152796829, 0.50035181866, 0.069762135427]
    ],
    [
      [0.0013416187727, 0.015154824149, 0.0067066910207, 0.91973083366, 0.057066032395],
      [0.6479934923, 0.0059814277427, 0.20167859705, 0.10347826378, 0.040868219127],
      [0.00019145300602, 0.83860263483, 0.0037473037943, 0.15667209236, 0.00078651601368],
      [0.0086553820227, 0.018030473644, 0.1051738709, 0.85331565507, 0.014824618366],
      [0.080187121068, 0.01348956626, 0.71776342945, 0.17092027041, 0.01763961281],
      [0.051301513924, 0.04630350834, 0.4065915032, 0.39210354576, 0.10369992878]
    ],
    [
      [0.0014069739024, 0.024443266154, 0.0064026315907, 0.93379875642, 0.033948371936],
      [0.64257317519, 0.011335742243, 0.20605300799, 0.11620952407, 0.023828550511],
      [0, 0.89223834262, 0.0026896511197, 0.10507200626, 0],
      [0.0088930577671, 0.02957886397, 0.097791933014, 0.85874686209, 0.0049892831563],
      [0.078357794018, 0.024122652158, 0.70569074869, 0.18520147025, 0.0066273348882],
      [0.048855969617, 0.077962797224, 0.39347901972, 0.41580771631, 0.06389449713]
    ],
    [
      [0.00085512909973, 0.015085283981, 0.006749466866, 0.8983756757, 0.078934444353],
      [0.56202963442, 0.0071976256874, 0.24705029942, 0.11852242943, 0.065200011046],
      [0, 0.8392963357, 0.0033774959302, 0.15470798798, 0.0026181803962],
      [0.0055327035475, 0.019051699833, 0.10986572831, 0.84538720805, 0.020162660264],
      [0.056341202941, 0.013728314095, 0.74274215133, 0.16418055832, 0.023007773318],
      [0.035319141001, 0.044035352873, 0.40987347693, 0.37144773091, 0.13932429828]
    ],
    [
      [0.0015142840682, 0.021767876043, 0.006244024926, 0.92333460475, 0.047139210211],
      [0.67478272907, 0.0082889832711, 0.1861230215, 0.099461197054, 0.031344069105],
      [0.00037092796019, 0.87950228622, 0.0017948383834, 0.11812688179, 0.00020506564577],
      [0.0094204038012, 0.025993403116, 0.1008171443, 0.85267625431, 0.011092794475],
      [0.088001297422, 0.019794622243, 0.7039570906, 0.17478965531, 0.013457334419],
      [0.05583271582, 0.066596395125, 0.39641083145, 0.3956099271, 0.085550130498]
    ],
    [
      [0.0010610170203, 0.018616679539, 0.0045256083186, 0.91082102044, 0.064975674678],
      [0.60124425149, 0.0098225920437, 0.19504821288, 0.1344978837, 0.059387059884],
      [0.00034763533597, 0.86330659228, 0, 0.1350174913, 0.0013282810921],
      [0.0075973894552, 0.023764247796, 0.076821959159, 0.87462789557, 0.017188508016],
      [0.071131260136, 0.021255992342, 0.66989957633, 0.21423624083, 0.023476930361],
      [0.040095163339, 0.06279835432, 0.33475354122, 0.43170511307, 0.13064782806]
    ],
    [
      [0.0013731150734, 0.02886963622, 0.0068930267972, 0.9101908311, 0.052673390813],
      [0.64900281518, 0.011115093794, 0.2030632882, 0.10050021935, 0.036318583476],
      [0.00011653528812, 0.90832234289, 0.0018389477271, 0.089261343972, 0.00046083012217],
      [0.0086772365571, 0.03413433413, 0.1080097804, 0.83660779654, 0.012570852369],
      [0.079789926448, 0.024807897093, 0.71595989773, 0.16440577171, 0.015036507024],
      [0.050626832661, 0.084413224582, 0.40250091841, 0.37136685862, 0.091092165727]
    ],
    [
      [0.0027202577041, 0.017227720836, 0.010800758947, 0.91096421137, 0.058287051141],
      [0.75088361954, 0.0025717284442, 0.16989256749, 0.05546779499, 0.021184289543],
      [0, 0.85440678882, 0.0071803058002, 0.13841290538, 0],
      [0.016478272995, 0.018678355677, 0.15524984275, 0.79745051817, 0.01214301041],
      [0.11569927684, 0.0090051589988, 0.75040376394, 0.1152641924, 0.0096276078205],
      [0.086005186291, 0.041117891738, 0.48725256902, 0.30337511514, 0.082249237812]
    ],
    [
      [0.002733546568, 0.019759749776, 0.010446988086, 0.81012454225, 0.15693517332],
      [0.69963437156, 0.0047313486078, 0.17446864797, 0.060920548626, 0.060245083235],
      [0, 0.88112718533, 0.0061711886306, 0.11270162604, 0],
      [0.016562502934, 0.024257432431, 0.15169137778, 0.77850447598, 0.028984210875],
      [0.10672828776, 0.014278597453, 0.73838629665, 0.11864990199, 0.021956916148],
      [0.06722296186, 0.045341306561, 0.41395447659, 0.260619622, 0.21286163299]
    ],
    [
      [0.001412932366, 0.021538244504, 0.0072145602387, 0.90601271062, 0.063821552269],
      [0.6629320855, 0.0077083613927, 0.19824468894, 0.090818672008, 0.040296192159],
      [0, 0.88085966807, 0.0025340234315, 0.11571028231, 0.00089602619351],
      [0.0093721965035, 0.025596504311, 0.11609855266, 0.83326225769, 0.015670488828],
      [0.083812844762, 0.017773030635, 0.72679521269, 0.1540141205, 0.017604791417],
      [0.054942143627, 0.060802654931, 0.41995896146, 0.35765373874, 0.10664250124]
    ],
    [
      [0.0019929367698, 0.017132536678, 0.0072851417053, 0.88566308934, 0.087926295503],
      [0.73674174059, 0.0042288771177, 0.14808425678, 0.06845760813, 0.042487517388],
      [0, 0.86154974451, 0.0036424012788, 0.13425301131, 0.00055484290035],
      [0.013054487007, 0.020327299505, 0.1161038345, 0.82858383254, 0.02193054644],
      [0.11844816257, 0.01329603709, 0.69758003864, 0.14749471612, 0.023181045584],
      [0.077055952946, 0.046698631112, 0.39823898194, 0.336175433, 0.141831001]
    ],
    [
      [0.002141637595, 0.014073018879, 0.009720169132, 0.89752160255, 0.076543571841],
      [0.70751210797, 0.0018875534257, 0.18743474368, 0.066971373487, 0.036194221434],
      [0, 0.83025701404, 0.0065728494716, 0.16260366372, 0.0005664727672],
      [0.013285561545, 0.014629656648, 0.14532289476, 0.80834743383, 0.018414453215],
      [0.099266078136, 0.0073200792091, 0.75087937076, 0.12530267294, 0.017231798951],
      [0.070112033515, 0.035432206406, 0.46708781637, 0.31400801573, 0.11335992798]
    ],
    [
      [0.0018377368033, 0.017333105113, 0.0087748780378, 0.92510677245, 0.046947507597],
      [0.68956313823, 0.0050650843778, 0.19950105649, 0.081632745394, 0.024237975508],
      [0, 0.85623635571, 0.0047176107564, 0.13904603353, 0],
      [0.011362040442, 0.019763621795, 0.13094067451, 0.8285122164, 0.0094214468482],
      [0.090316270753, 0.012270202405, 0.74658249303, 0.14196397202, 0.008867061798],
      [0.063223282979, 0.047222731034, 0.46277522753, 0.35128905457, 0.075489703883]
    ],
    [
      [0.0010017233295, 0.023086055296, 0.0070239920872, 0.91957184623, 0.049316383058],
      [0.58489441672, 0.01094624169, 0.24274698992, 0.12087849173, 0.040533859937],
      [0, 0.88602725417, 0.0029522765666, 0.11067924708, 0.00034122217901],
      [0.0063325151636, 0.027647584212, 0.1083622879, 0.8457099724, 0.011947640329],
      [0.061707724117, 0.020760615648, 0.73347525335, 0.1698801468, 0.014176260078],
      [0.039527841028, 0.069634288466, 0.41475379702, 0.38803705192, 0.088047021562]
    ],
    [
      [0.0026472359829, 0.019861120012, 0.012985161935, 0.88483134618, 0.079675135886],
      [0.69989976535, 0.0033521253813, 0.21253474112, 0.052369674904, 0.031843693242],
      [0.0003566715248, 0.87673249668, 0.0065253485516, 0.11602426841, 0.00036121482983],
      [0.015830830137, 0.021437768186, 0.18579452428, 0.75910053289, 0.01783634451],
      [0.092591213374, 0.0089762507258, 0.7917806555, 0.092216774792, 0.014435105612],
      [0.06945371598, 0.041901427562, 0.52917326893, 0.25970120404, 0.099770383489]
    ],
    [
      [0.0039555510328, 0.053460235897, 0.014588184601, 0.81373410135, 0.11426192712],
      [0.76178543548, 0.0091266730572, 0.17250676221, 0.023623603631, 0.032957525618],
      [0.00013245301858, 0.95605505982, 0.0035537037594, 0.040009984848, 0.00024879855257],
      [0.023392930994, 0.059120986347, 0.20505770566, 0.68726023861, 0.025168138395],
      [0.12349954462, 0.025661332843, 0.77226911273, 0.059736281659, 0.018833728145],
      [0.089964092075, 0.096272731809, 0.49353493275, 0.19896063033, 0.12126761303]
    ],
    [
      [0.0019860888849, 0.020816445752, 0.0093136337179, 0.91791751557, 0.049966316076],
      [0.69882791654, 0.006184357413, 0.19655117303, 0.074756860259, 0.023679692758],
      [0, 0.8780292974, 0.0042849062472, 0.11768579636, 0],
      [0.012201626627, 0.023998623296, 0.13821676378, 0.81546175515, 0.010121231147],
      [0.093128960679, 0.014722275354, 0.75074936363, 0.13251024037, 0.0088891599666],
      [0.066047134165, 0.054101177414, 0.470705311, 0.33258216673, 0.076564210695]
    ],
    [
      [0.0022074324155, 0.016028846567, 0.0085009318959, 0.82257652495, 0.15068626417],
      [0.68393530986, 0.0035869777796, 0.17452922677, 0.070747377161, 0.067201108426],
      [0, 0.85875986797, 0.0060588145975, 0.13518131744, 0],
