{
  "Z_true": {},
  "V_true": [
    [953, 174, 1425, 76],
    [1053, 286, 12851, 363],
    [346, 10855, 907, 865],
    [54, 219, 752, 174],
    [229, 1070, 755, 876]
  ],
  "p_true": [
    [0.3626, 0.0662, 0.5422, 0.0289],
    [0.0724, 0.0197, 0.883, 0.0249],
    [0.0267, 0.8367, 0.0699, 0.0667],
    [0.045, 0.1827, 0.6272, 0.1451],
    [0.0782, 0.3652, 0.2577, 0.299]
  ],
  "Z_est": [
    [
      [51.5598, 2.7981, 13.8322, 2.7033, 13.0092, 63.2874, 140.4137, 18.5405, 51.0678, 15.3904, 31.8505, 20.0189, 28.2356, 41.6348, 13.688, 27.9863, 16.5584, 46.7808, 14.597, 29.669, 16.5826, 28.6515, 30.1416, 101.9695, 98.697, 25.2259, 0.8923, 18.9396, 11.9384, 22.6468, 31.3189, 11.7049, 19.5625, 45.4455, 24.6357, 19.0243, 23.4704, 34.9031, 81.0243, 9.6483, 0, 1.1191, 127.4583, 20.2523, 129.2726, 49.8075],
      [5.4227, 0.7042, 3.3806, 0.2082, 4.1441, 7.7548, 16.9035, 5.1199, 14.0908, 3.1083, 6.4274, 2.4546, 8.6714, 8.0391, 3.6335, 5.7359, 4.6872, 6.3523, 1.5079, 5.5931, 4.3885, 6.6563, 3.6488, 12.3391, 14.1039, 4.4165, 0.031, 3.0557, 1.3436, 4.9085, 4.636, 1.1795, 1.6994, 7.1539, 5.7319, 4.3934, 4.3318, 3.0555, 17.3374, 0.6557, 0, 0.4142, 37.0806, 3.4489, 11.6476, 7.3396],
      [10.4141, 0.823, 6.8459, 0.0703, 5.4512, 11.2856, 45.4624, 6.4974, 25.9438, 7.0024, 11.0517, 6.5043, 10.137, 13.3741, 4.9911, 9.3289, 9.2941, 18.4022, 6.7331, 11.0447, 9.2589, 12.5366, 6.2101, 23.7872, 28.8827, 7.4461, 0.0603, 7.424, 5.8169, 15.9757, 15.5923, 3.3536, 4.708, 15.8327, 8.547, 9.1922, 8.1401, 9.597, 30.3401, 5.4405, 0, 0.8026, 71.6363, 7.8805, 29.9965, 23.8568],
      [2.6034, 0.6746, 1.9413, 0.0182, 1.3955, 2.6722, 11.2205, 1.8422, 6.8976, 1.4988, 2.6703, 1.0223, 2.956, 3.9519, 1.6875, 1.9489, 2.4602, 3.4647, 1.162, 2.6931, 1.7701, 3.1556, 1.9995, 4.9042, 7.3163, 1.9115, 0.0165, 1.5806, 0.9011, 4.4689, 2.4529, 0.762, 1.0301, 2.5679, 2.0854, 2.3901, 2.0577, 2.4444, 7.2982, 1.2556, 0, 0.6641, 17.8248, 1.4183, 6.0832, 4.9962]
    ],
    [
      [16.6772, 2.7995, 4.9606, 2.6842, 2.992, 8.3958, 11.9808, 5.9151, 8.8439, 3.7014, 7.763, 3.7951, 6.1281, 7.5725, 3.9949, 7.1092, 2.5682, 12.1184, 8.1764, 10.6303, 5.1683, 13.2095, 8.8997, 22.8553, 19.1773, 1.7372, 2.3923, 15.5933, 4.0044, 3.8105, 14.849, 9.4022, 14.7112, 17.2374, 11.4622, 4.5323, 6.3343, 6.7663, 18.9689, 0.5231, 0, 0.6321, 18.5972, 5.7407, 39.5693, 3.6933],
      [2.9984, 1.5413, 1.8262, 0.808, 1.5171, 1.7049, 2.1259, 2.2189, 3.8638, 0.8728, 2.0876, 0.5625, 2.9359, 1.9217, 1.5287, 2.0456, 1.168, 2.0213, 0.5215, 2.5348, 2.3168, 4.2158, 1.6079, 4.5251, 3.6376, 0.3769, 0.4994, 3.1482, 0.603, 2.9015, 3.2459, 1.1254, 2.1604, 4.0421, 3.5243, 1.4882, 1.3968, 0.6391, 5.5021, 0.0305, 0.1395, 4.433, 9.5571, 1.1825, 6.8825, 0.8373],
      [321.0938, 70.0051, 234.1474, 12.6649, 116.9528, 135.758, 341.7871, 184.7199, 432.2304, 151.8792, 236.761, 109.8042, 198.4277, 213.4542, 131.7631, 207.5621, 144.2479, 412.5633, 326.1893, 346.1972, 295.1853, 523.3473, 169.8269, 490.816, 495.979, 46.5219, 31.3331, 530.481, 166.9801, 318.0922, 649.9515, 244.0474, 343.1601, 518.4222, 347.4962, 206.3661, 193.1102, 170.9465, 622.5244, 20.1603, 2, 142.8505, 1059.9288, 195.05, 888.8357, 153.2956],
      [23.2307, 11.6541, 19.0658, 0.8429, 8.538, 9.1412, 24.1062, 15.146, 33.0618, 9.5466, 16.3884, 4.8382, 16.5082, 18.0516, 12.7133, 12.2831, 11.0159, 22.2969, 16.1128, 24.6377, 16.3296, 38.2274, 15.6655, 28.8036, 36.2061, 3.364, 2.7752, 32.7775, 7.4125, 24.1957, 27.9537, 16.425, 21.9683, 22.2984, 24.5172, 15.6135, 14.1586, 12.6481, 43.0046, 1.2861, 0.8605, 20.0844, 75.9169, 10.0268, 51.7125, 9.1737]
    ],
    [
      [14.8548, 0.588, 4.1872, 0.3655, 3.9723, 11.515, 27.3574, 2.944, 8.3217, 3.4812, 13.9246, 3.8239, 7.9628, 11.9658, 5.4683, 7.3847, 3.3862, 8.5677, 3.1512, 3.7769, 2.2279, 4.9107, 8.2301, 13.0594, 14.1714, 3.3811, 1.6504, 6.0051, 4.835, 4.1349, 11.3978, 3.0939, 8.1668, 9.7648, 4.7567, 3.2252, 5.9595, 4.492, 18.7198, 1.3053, 0, 0.5462, 16.4642, 3.9209, 34.5034, 8.7652],
      [320.3367, 28.76, 208.116, 21.4711, 284.6081, 280.2661, 618.4151, 155.1873, 485.6432, 135.9986, 521.2868, 90.5858, 505.5868, 427.1829, 287.031, 279.5715, 225.1378, 217.4366, 63.0775, 134.7228, 119.4793, 217.6876, 199.9991, 305.0928, 380.8305, 113.6205, 22.677, 182.0468, 103.3626, 191.2942, 316.0981, 61.5114, 140.1259, 285.1559, 207.5017, 148.2728, 205.8582, 77.0445, 747.4383, 16.6578, 0.9598, 61.8521, 1055.2736, 126.674, 614.2488, 236.5986],
      [14.0877, 1.1536, 9.386, 0.1006, 7.8298, 8.6961, 37.0577, 4.1119, 20.3019, 6.5198, 19.521, 5.2123, 11.8896, 15.4616, 8.4415, 9.8944, 9.9927, 13.8585, 6.0968, 5.7577, 5.5686, 9.0309, 7.5975, 13.3782, 17.223, 3.8814, 1.1241, 9.6979, 9.6128, 14.2598, 23.8565, 3.7366, 8.5735, 14.3697, 6.6772, 6.7754, 8.2619, 5.234, 28.8878, 2.5396, 0, 4.4996, 46.9278, 6.2604, 36.6306, 16.2371],
      [18.7208, 2.4985, 14.3109, 0.0628, 11.5898, 11.5227, 49.1699, 6.7568, 28.7332, 8.0005, 26.2677, 4.378, 20.5608, 25.3896, 16.0591, 11.1493, 14.4832, 14.1373, 5.6745, 7.7426, 5.7242, 12.3709, 13.1733, 14.4695, 23.7751, 6.1171, 1.5485, 11.2502, 8.1897, 20.3111, 19.6476, 4.6581, 10.1338, 11.7096, 9.0644, 9.7266, 11.9205, 7.2295, 37.9541, 3.4973, 0.0402, 9.1022, 61.3344, 6.1447, 38.6172, 19.399]
    ],
    [
      [0.4567, 0.0194, 0.1228, 0, 0.0664, 0.1879, 0.2333, 0.1655, 0.2945, 0.0586, 0.1451, 0.0757, 0.1746, 0.1524, 0.1213, 0.1687, 0.0629, 0.2481, 0.1401, 0.2501, 0.1084, 0.2229, 0.2862, 0.4711, 0.3723, 0.0432, 0.0717, 0.195, 0.1049, 0.1542, 0.2628, 0.1656, 0.273, 0.5253, 0.3183, 0.0858, 0.1744, 0.1617, 0.3712, 0.01, 0, 0.0293, 0.4529, 0.1481, 0.7099, 0.0344],
      [1.4005, 0.1437, 0.8758, 0, 0.6121, 0.6525, 0.7901, 1.3029, 2.3926, 0.339, 0.8279, 0.2668, 1.5329, 0.8316, 0.9248, 0.9783, 0.5261, 0.9478, 0.4089, 1.3318, 0.8456, 1.4734, 1.0077, 1.6269, 1.503, 0.2183, 0.1073, 0.8886, 0.3335, 1.1081, 1.0993, 0.4823, 0.6928, 2.3209, 2.0907, 0.572, 0.9115, 0.4087, 2.2364, 0.0179, 0, 0.4406, 3.8765, 0.7136, 1.8381, 0.1427],
      [29.7131, 1.8851, 19.6669, 0, 8.9559, 10.6522, 23.497, 18.4206, 48.5814, 8.5207, 15.7533, 7.9142, 19.8363, 15.314, 14.1074, 17.6467, 11.5844, 30.3823, 20.3492, 29.1717, 19.7847, 30.6812, 19.0478, 34.6035, 33.987, 4.1256, 2.4354, 23.8732, 16.0769, 39.1604, 40.7864, 15.2792, 21.2548, 56.6076, 34.5508, 13.2827, 19.0482, 14.276, 43.1759, 1.7476, 0, 9.0907, 82.384, 18.1858, 52.1057, 5.1799],
      [4.4297, 0.9519, 3.3345, 0, 1.3656, 1.5075, 3.4796, 3.1109, 7.7314, 1.0817, 2.2737, 0.7432, 3.4562, 2.702, 2.8466, 2.2063, 1.8266, 3.4218, 2.1019, 4.2465, 2.2613, 4.6224, 3.6583, 4.2985, 5.1377, 0.6129, 0.3856, 3.0433, 1.4847, 6.5774, 3.8514, 2.0728, 2.7795, 5.5463, 5.0402, 2.0595, 2.866, 2.1537, 6.2165, 0.2245, 0, 4.4394, 12.2866, 1.9526, 6.3462, 0.6429]
    ],
    [
      [9.4516, 0.7951, 2.8972, 0.2469, 2.9601, 7.6139, 13.0149, 2.4349, 5.4721, 2.3684, 7.3168, 2.2864, 5.4989, 6.6745, 3.7276, 5.3511, 2.4243, 6.285, 2.9354, 4.6737, 2.9128, 6.0054, 4.4423, 13.6447, 10.582, 2.6126, 1.9934, 8.267, 3.1173, 3.2535, 7.1715, 3.6334, 5.2865, 9.0271, 4.8271, 4.1325, 4.0615, 3.677, 10.9159, 0.5133, 0, 0.6733, 11.0273, 1.9381, 23.9447, 2.6996],
      [17.8417, 3.8507, 12.8015, 0.5128, 17.1186, 16.6216, 27.7655, 12.1708, 27.0095, 8.6813, 26.3702, 5.1303, 30.2729, 23.0246, 17.882, 19.6688, 12.4809, 15.2421, 5.4842, 15.8175, 13.9698, 24.9668, 9.7365, 29.4161, 26.925, 8.3679, 1.6854, 23.8607, 6.3573, 12.7876, 18.9207, 6.7015, 8.3216, 25.3272, 20.1514, 17.2736, 13.5017, 5.8522, 41.4857, 0.6382, 0.9008, 4.8602, 57.2122, 5.9811, 38.3829, 7.0817],
      [31.6914, 4.1332, 23.9538, 0.1642, 20.8103, 22.6081, 69.1959, 14.2502, 45.9424, 18.0779, 41.913, 12.565, 32.7094, 35.3961, 22.6968, 29.5678, 22.8808, 40.7936, 22.6316, 28.8287, 27.2025, 43.404, 15.3177, 52.415, 50.9282, 13.025, 3.0471, 53.5239, 25.5134, 38.5119, 58.8134, 17.5831, 21.3036, 51.7678, 27.7288, 33.3836, 23.4396, 16.9466, 67.0718, 5.112, 0, 8.7567, 102.123, 12.6233, 91.4315, 21.4305],
      [12.0154, 5.221, 10.3476, 0.0761, 8.1111, 8.1564, 26.0238, 6.1441, 18.576, 5.8724, 15.4, 3.0182, 14.5187, 15.9049, 11.6936, 9.4123, 9.214, 11.6793, 5.9488, 10.6801, 7.9148, 16.6237, 7.5034, 16.5241, 19.5647, 4.9945, 1.2742, 17.3484, 6.0121, 16.4469, 14.0944, 6.0821, 7.0883, 12.8779, 10.2927, 13.2103, 8.9972, 6.5242, 24.5266, 1.7365, 0.0992, 10.7099, 38.6374, 3.4575, 28.2409, 6.7882]
    ]
  ],
  "V_est": [
    [1627.9546, 278.937, 582.9718, 138.1366],
    [408.6738, 106.824, 13154.9172, 882.585],
    [344.6868, 11427.7833, 526.2131, 674.3168],
    [8.8965, 44.0424, 1002.6835, 143.3776],
    [244.7883, 746.4133, 1423.2144, 515.584]
  ],
  "p_est": [
    [0.6195, 0.1061, 0.2218, 0.0526],
    [0.0281, 0.0073, 0.9039, 0.0606],
    [0.0266, 0.8809, 0.0406, 0.052],
    [0.0074, 0.0367, 0.8363, 0.1196],
    [0.0835, 0.2547, 0.4857, 0.176]
  ],
  "EI_Z": {},
  "EI_V": 9.2553,
  "MAE_Z": {},
  "MAE_V": 317.3,
  "MAE_p": 0.0864,
  "runtime": 0.367
}
