{
  "Z_true": {},
  "V_true": [
    [10, 10, 15, 27, 46, 92, 426],
    [0, 9, 542, 12, 39, 48, 75],
    [0, 27, 73, 18, 132, 285, 265],
    [1, 25, 22, 797, 91, 38, 64],
    [4, 53, 83, 33, 370, 4039, 275],
    [4, 40, 83, 36, 673, 143, 7093],
    [9, 424, 242, 353, 471, 562, 943]
  ],
  "p_true": [
    [0.016, 0.016, 0.024, 0.0431, 0.0735, 0.147, 0.6805],
    [0, 0.0124, 0.7476, 0.0166, 0.0538, 0.0662, 0.1034],
    [0, 0.0338, 0.0912, 0.0225, 0.165, 0.3562, 0.3312],
    [0.001, 0.0241, 0.0212, 0.7678, 0.0877, 0.0366, 0.0617],
    [0.0008, 0.0109, 0.0171, 0.0068, 0.0762, 0.8316, 0.0566],
    [0.0005, 0.005, 0.0103, 0.0045, 0.0834, 0.0177, 0.8787],
    [0.003, 0.1411, 0.0806, 0.1175, 0.1568, 0.1871, 0.3139]
  ],
  "Z_est": [
    [
      [0, 0, 0, 0, 0, 0, 0, 0, 0, 0, 0, 0, 0, 0, 0, 0, 0, 0, 0, 0, 0, 0, 0, 0, 0, 0, 0, 0, 0, 0, 0, 0, 0, 0, 0, 0, 0, 0, 0, 0, 0, 0, 0, 0, 0, 0, 0],
      [0.0404, 0.0385, 0.0383, 0.0249, 0.0425, 0.0383, 0.0249, 0.0226, 0.0154, 0.0255, 0.0068, 0.0021, 0.0204, 0.0181, 0.0159, 0.0213, 0.0128, 0.0043, 0.0234, 0.0149, 0.0213, 0.0128, 0.0191, 0.0085, 0.0566, 0.0317, 0.0298, 0.043, 0.0128, 0.0181, 0.0425, 0.0294, 0.0408, 0.0317, 0.0294, 0.0294, 0.0255, 0.0272, 0.0045, 0.017, 0.0023, 0.0638, 0.0553, 0.0068, 0.014, 0.0425, 0.1268],
      [0.2238, 0.0904, 0.212, 0.1885, 0.2356, 0.0209, 0.1252, 0.1531, 0.0348, 0.1414, 0.1296, 0.0118, 0.1296, 0.1885, 0.0974, 0.1178, 0.0707, 0.0236, 0.1296, 0.0825, 0.153, 0.0707, 0.106, 0.0471, 0.1531, 0.1767, 0.1649, 0.2504, 0.0707, 0.2157, 0.2356, 0.1043, 0.1178, 0.2474, 0.167, 0.1531, 0.1414, 0.1178, 0.0626, 0.0942, 0.0353, 0.3534, 0.3063, 0.0348, 0.2238, 0.2356, 0.7235],
      [0.1845, 0.0619, 0.1748, 0.0762, 0.1942, 0.1748, 0.1096, 0.0905, 0.0286, 0.1165, 0.5587, 0.0097, 0.0953, 0.1554, 0.1229, 0.0971, 0.0583, 0.0194, 0.1068, 0.068, 0.0715, 0.0583, 0.0874, 0.0388, 0.1263, 0.1457, 0.136, 0.1457, 0.0583, 0.1001, 0.1942, 0.1165, 0.0953, 0.2169, 0.0619, 0.1165, 0.1165, 0.0971, 0.1651, 0.0777, 0.1191, 0.2914, 0.0905, 0.0524, 0.1845, 0.1942, 0.6337],
      [13.2811, 8.4806, 12.5821, 12.7012, 13.9801, 11.5583, 10.7374, 9.1172, 4.2569, 9.0652, 6.802, 0.699, 7.7036, 11.9759, 6.9901, 6.9901, 4.194, 1.398, 7.6891, 4.323, 5.7639, 4.194, 6.2911, 2.796, 9.509, 10.3821, 9.7861, 10.9246, 4.194, 4.0019, 13.9801, 8.914, 6.9648, 14.6792, 4.6474, 8.3881, 8.4057, 6.583, 11.8831, 5.5714, 1.9213, 20.9702, 18.1742, 5.3016, 12.8113, 13.7803, 36.0104],
      [0.4267, 0.2695, 0.4042, 0.216, 0.4491, 0.4042, 0.3368, 0.3025, 0.1347, 0.2247, 0.247, 0.0225, 0.247, 0.2754, 0.2246, 0.2246, 0.1347, 0.0449, 0.247, 0.3078, 0.189, 0.1347, 0.2021, 0.0898, 0.2919, 0.4401, 0.3144, 0.3368, 0.1347, 0.1347, 0.4491, 0.2695, 0.2246, 0.4716, 0.3186, 0.2538, 0.2518, 0.2246, 0.3818, 0.1796, 0.1572, 0.6737, 0.5839, 2.8003, 0.4267, 0.4752, 1.2527],
      [4.8434, 3.059, 4.5885, 2.7932, 5.0984, 5.8035, 3.6661, 3.3139, 1.5295, 2.4266, 3.256, 0.2549, 2.8041, 3.3867, 2.5492, 2.5492, 1.5295, 0.5098, 2.8041, 2.2039, 3.8013, 1.5295, 2.2943, 1.0197, 2.863, 3.8238, 3.5688, 3.2995, 1.5295, 1.5295, 5.0984, 2.5662, 2.5568, 5.3533, 2.7757, 3.059, 3.059, 2.9503, 4.5029, 2.06, 0.7648, 7.6475, 6.7898, 2.8041, 5.3397, 5.2721, 16.2529]
    ],
    [
      [0, 0, 0, 0, 0, 0, 0, 0, 0, 0, 0, 0, 0, 0, 0, 0, 0, 0, 0, 0, 0, 0, 0, 0, 0, 0, 0, 0, 0, 0, 0, 0, 0, 0, 0, 0, 0, 0, 0, 0, 0, 0, 0, 0, 0, 0, 0],
      [0.6473, 0.7036, 0.4983, 0.5664, 0.5664, 0.4701, 0.8901, 0.971, 0.7853, 0.0809, 0.2993, 0.5088, 0.8901, 0.7982, 0.6984, 3.2367, 2.4045, 1.942, 3.8807, 0.6984, 0.8979, 1.7959, 1.5746, 3.1558, 2.4942, 1.4174, 1.6961, 1.877, 1.1682, 0.7982, 0.971, 1.297, 1.2254, 1.4508, 1.297, 1.2947, 0.4855, 1.1585, 0.1995, 0.5765, 0.0998, 0.5664, 0.3237, 0.2993, 0.5986, 0.6473, 5.4214],
      [5.6078, 5.929, 3.7056, 5.1879, 5.1879, 1.5207, 8.1524, 8.912, 2.5345, 0.7411, 2.9889, 7.4112, 8.1524, 10.5071, 7.0966, 29.6449, 24.4571, 17.787, 36.3151, 7.4112, 9.3588, 15.5636, 22.2337, 28.9038, 15.3157, 17.787, 14.8952, 16.5927, 15.5636, 14.7878, 8.8935, 8.2356, 9.6311, 14.0813, 9.0513, 11.1169, 4.4467, 6.2636, 4.9357, 4.4467, 7.313, 5.1879, 2.9645, 2.5345, 6.0339, 5.929, 49.9524],
      [0.7332, 0.677, 0.3645, 0.6416, 0.6416, 0.275, 1.0082, 0.9895, 0.3125, 0.0917, 0.3666, 0.8137, 1.0082, 1.4865, 1.342, 3.6662, 3.1767, 2.3955, 4.4911, 0.9165, 0.7811, 1.8281, 2.7496, 3.5745, 2.2914, 2.1997, 1.8227, 2.0164, 1.9247, 1.6498, 1.0999, 1.0999, 1.0415, 1.8281, 0.677, 1.3748, 0.5499, 0.8249, 0.677, 0.5031, 1.3019, 0.6416, 0.3666, 0.6416, 0.677, 0.7332, 6.1409],
      [0.2622, 0.1098, 0.0687, 0.0961, 0.0961, 0.0412, 0.151, 0.1944, 0.0774, 0.0137, 0.0549, 0.5405, 0.151, 0.1922, 0.1373, 0.5492, 0.5668, 0.3295, 0.6728, 0.0983, 0.1311, 0.2883, 0.4119, 0.5355, 0.3021, 0.3295, 0.2746, 0.3021, 0.5539, 0, 0.1648, 0.4966, 0.1584, 0.2609, 0.1038, 0.2021, 0.0824, 0.1236, 0.2349, 0.0382, 0.0437, 0.0961, 0.0549, 0.0961, 0.1098, 0.1098, 0.6228],
      [0.3102, 0.1415, 0.0884, 0.1238, 0.1238, 0.053, 0.1945, 0.2745, 0.0707, 0.0177, 0.0707, 0.1768, 0.1945, 0.2476, 0.1768, 0.7073, 0.5835, 0.2286, 0.8665, 0.2807, 0.1723, 0.3713, 0.5305, 0.6896, 0.389, 0.949, 0.3537, 0.389, 0.3713, 0.1896, 0.2122, 0.2122, 0.2299, 0.336, 0.2122, 0.1974, 0.1061, 0.1354, 0.2388, 0.1061, 0.2299, 0.1238, 0.0707, 1.3952, 0.1415, 0.1415, 1.1848],
      [0.4391, 0.4391, 0.2745, 0.3842, 0.3842, 0.64, 0.6038, 0.6587, 0.2196, 0.0549, 0.2196, 0.5489, 0.6038, 0.7685, 0.5489, 2.1957, 1.8114, 1.3174, 2.7739, 0.5948, 0.6587, 1.1527, 2.4997, 2.1408, 1.2076, 1.3174, 0.9578, 0.8228, 1.4183, 0.5747, 0.6587, 0.6587, 0.7136, 1.0429, 0.6587, 0.8141, 0.3294, 0.494, 0.714, 0.3294, 4.0117, 0.3842, 0.2196, 2.0333, 0.4391, 0.4391, 3.6778]
    ],
    [
      [0, 0.0258, 0, 0, 0.0258, 0, 0, 0, 0, 0.0517, 0, 0, 0.0775, 0.0258, 0, 0.0517, 0, 0, 0, 0, 0.0517, 0.0258, 0, 0.0517, 0, 0.0517, 0.0258, 0, 0, 0, 0.0258, 0.0258, 0, 0.0517, 0, 0, 0, 0, 0.0258, 0, 0, 0.0517, 0, 0, 0.0517, 0, 0.0258],
      [0.1125, 1.1664, 0.0978, 0.1125, 0.0921, 0.1203, 0.1125, 0.1294, 0.071, 0.1504, 0.0307, 0.0512, 0.0827, 0.0819, 0.0716, 0.0451, 0.0827, 0.0677, 0.0301, 0.0726, 0.0921, 0.0752, 0.0902, 0.0602, 0.1095, 0.1278, 0.1053, 0.1944, 0.0602, 0.0819, 0.1053, 0.133, 0.0842, 0.0902, 0.133, 0.1354, 0.0827, 0.1228, 0.0205, 0.0337, 0.0102, 0.4287, 0.2406, 0.0307, 0.0614, 0.2707, 0.6693],
      [0.0357, 0.1074, 0.0676, 0.0644, 0.0773, 0.0097, 0.1031, 0.0945, 0.0162, 0.0859, 0.0387, 0.0404, 0.0473, 0.0473, 0.0454, 0.0258, 0.0473, 0.0387, 0.0172, 0.0988, 0.0713, 0.0346, 0.0515, 0.0344, 0.0558, 0.073, 0.0601, 0.1167, 0.0344, 0.1005, 0.0601, 0.0486, 0.043, 0.0515, 0.0778, 0.0855, 0.0292, 0.0389, 0.0292, 0.0172, 0.0258, 0.2448, 0.1375, 0.0162, 0.1868, 0.1546, 0.3823],
      [0.0743, 0.069, 0.11, 0.0849, 0.0849, 0.1354, 0.1626, 0.1008, 0.0318, 0.1693, 0.0762, 0.0425, 0.0256, 0.0931, 0.27, 0.0508, 0.0931, 0.0762, 0.0339, 0.1947, 0.0796, 0.0762, 0.1016, 0.0677, 0.11, 0.1439, 0.1053, 0.1693, 0.0677, 0.1114, 0.1185, 0.1327, 0.0846, 0.1016, 0.069, 0.1523, 0.0931, 0.0762, 0.1693, 0.0339, 0.1327, 0.4824, 0.1008, 0.0584, 0.1777, 1.4864, 0.7806],
      [5.4088, 6.535, 3.3363, 4.93, 5.5215, 4.1062, 6.5356, 5.646, 2.1035, 5.1327, 2.2994, 2.3663, 2.823, 2.823, 5.646, 1.4936, 2.8329, 2.3179, 1.0265, 2.0283, 2.7044, 2.5663, 3.0796, 2.0531, 3.3363, 4.3628, 3.5929, 6.761, 2.0603, 2.4844, 3.5929, 5.1834, 2.5663, 3.0796, 2.141, 4.6194, 2.851, 2.3097, 5.1327, 1.0265, 0.9015, 14.6282, 8.2123, 1.837, 3.8312, 4.958, 22.8405],
      [3.5574, 5.2359, 2.3123, 2.1862, 2.8616, 2.8459, 4.2689, 4.0544, 1.423, 3.5574, 1.6008, 1.6008, 1.9566, 1.9566, 3.9921, 1.0672, 1.9566, 1.6008, 0.7115, 5.441, 1.9129, 1.7787, 2.1344, 1.423, 2.3123, 3.5709, 2.4902, 3.5574, 1.423, 1.7787, 2.4902, 2.8459, 1.7787, 2.1165, 3.0475, 3.2017, 1.9566, 1.503, 3.5574, 0.7115, 1.664, 10.1385, 5.6918, 2.1589, 3.7353, 8.3533, 15.8304],
      [10.8113, 11.8605, 7.076, 7.6219, 9.3368, 8.7825, 12.8173, 11.9749, 4.3545, 10.8527, 4.9542, 4.8988, 5.9874, 5.9724, 11.9749, 3.2659, 5.9874, 4.8988, 2.1809, 15.1647, 11.088, 5.4431, 6.5426, 4.3101, 7.076, 8.6699, 7.6204, 9.2012, 4.3545, 5.4431, 7.6072, 7.6305, 5.4431, 6.5089, 6.5317, 9.8057, 5.9874, 4.9494, 11.0652, 2.1772, 3.2659, 31.0258, 17.6169, 4.8988, 12.9559, 20.7769, 48.471]
    ],
    [
      [0, 0.0475, 0, 0, 0.0475, 0, 0, 0, 0, 0.095, 0, 0, 0.1424, 0.0475, 0, 0.095, 0, 0, 0, 0, 0.095, 0.0475, 0, 0.095, 0, 0.095, 0.0475, 0, 0, 0, 0.0475, 0.0475, 0, 0.095, 0, 0, 0, 0, 0.0475, 0, 0, 0.095, 0, 0, 0.095, 0, 0.0475],
      [0.0021, 0.0079, 0.0037, 0.0051, 0.0029, 0.0016, 0.0047, 0.0042, 0.0031, 0.0005, 0.0014, 0.0016, 0.0047, 0.0037, 0.0033, 0.0102, 0.0074, 0.0065, 0.0102, 0.0033, 0.0042, 0.0084, 0.007, 0.0111, 0.0116, 0.0065, 0.0087, 0.0103, 0.0051, 0.0034, 0.0079, 0.0061, 0.0084, 0.0055, 0.006, 0.006, 0.0033, 0.0056, 0.0009, 0.0028, 0.0005, 0.0037, 0.0056, 0.0014, 0.0024, 0.0046, 0.026],
      [0.9114, 1.2532, 0.5736, 2.371, 1.2532, 0.3347, 2.0081, 1.9574, 0.2278, 0.2278, 0.6914, 0.6835, 2.0506, 2.962, 1.5618, 5.2405, 6.2658, 3.6814, 8.3164, 1.5949, 2.4543, 2.8481, 5.4683, 5.2302, 2.962, 3.4177, 3.7595, 4.5898, 3.0628, 1.481, 2.2312, 1.6734, 1.481, 2.458, 1.5818, 2.5659, 0.7975, 0.7975, 0.8753, 0.4557, 1.5618, 1.5949, 2.1645, 0.5578, 1.0253, 2.2494, 11.848],
      [5.808, 7.6776, 3.63, 10.7626, 7.986, 4.356, 13.068, 11.2212, 1.452, 1.452, 4.356, 4.356, 12.6032, 18.8761, 21.2612, 33.3961, 39.9301, 25.6198, 52.9982, 10.164, 8.8588, 16.7316, 33.0812, 24.5896, 19.3593, 21.4366, 23.9529, 28.0705, 24.9224, 9.8242, 17.3592, 15.7853, 9.438, 15.246, 7.6776, 16.083, 5.0896, 5.0872, 5.808, 2.9074, 12.5096, 10.164, 11.844, 6.534, 6.534, 14.5753, 77.6679],
      [0.4305, 0.8549, 0.2659, 2.0701, 0.5849, 0.319, 1.0227, 1.1315, 0.1063, 0.1063, 0.319, 0.3267, 1.3026, 1.8478, 1.4356, 2.4117, 4.226, 1.7547, 3.8815, 0.5453, 0.727, 1.3293, 2.5522, 2.2332, 1.3825, 1.4386, 1.7547, 2.2205, 2.9295, 0.3217, 1.2229, 3.0645, 0.6912, 1.1166, 0.5755, 1.1698, 0.3722, 0.3722, 0.4254, 0.2127, 0.2423, 0.7444, 1.3533, 0.4785, 0.3951, 1.0634, 3.4533],
      [0.3549, 0.4809, 0.2186, 0.7432, 0.4809, 0.2623, 0.7869, 0.6995, 0.0874, 0.0874, 0.2623, 0.2623, 0.7869, 0.8889, 1.1804, 2.011, 1.2406, 0.7756, 3.1913, 0.8295, 0.61, 2.4941, 2.0984, 7.2521, 1.1366, 1.7564, 1.4427, 1.705, 1.6612, 0.5683, 0.9063, 1.0055, 0.5683, 0.7843, 0.4809, 0.8192, 0.306, 0.306, 0.3497, 0.1749, 0.6995, 0.535, 0.8306, 0.6885, 0.3935, 0.8743, 4.5466],
      [0.4931, 0.6781, 0.3082, 1.0479, 0.6447, 0.7264, 1.1096, 0.9863, 0.1233, 0.0309, 0.3699, 0.3699, 1.1096, 1.374, 1.5578, 2.8355, 3.3301, 1.1619, 4.6023, 0.863, 1.2507, 1.541, 4.7929, 2.589, 1.1479, 1.8493, 2.0342, 2.404, 5.419, 0.8013, 1.2249, 1.4178, 0.813, 1.2945, 0.6781, 1.3561, 0.4315, 0.4315, 0.4931, 0.2466, 0.9863, 0.863, 2.8019, 0.7398, 0.5548, 1.2328, 6.4107]
    ],
    [
      [0, 0.037, 0, 0, 0.037, 0, 0, 0, 0, 0.0741, 0, 0, 0.1111, 0.037, 0, 0.0741, 0, 0, 0, 0, 0.0741, 0.037, 0, 0.0741, 0, 0.0741, 0.037, 0, 0, 0, 0.037, 0.037, 0, 0.0741, 0, 0, 0, 0, 0.037, 0, 0, 0.0741, 0, 0, 0.0741, 0, 0.037],
      [0.3098, 0.4788, 0.2253, 0.2489, 0.2489, 0.169, 0.3098, 0.2816, 0.2523, 0.2796, 0.0845, 0.1408, 0.2535, 0.2253, 0.1971, 0.6196, 0.2966, 0.3943, 0.6196, 0.1971, 0.2258, 0.6439, 0.4225, 0.6478, 0.7041, 0.3943, 0.508, 0.5524, 0.3098, 0.2253, 0.8736, 0.3661, 0.507, 0.3943, 0.3661, 0.3661, 0.2455, 0.3767, 0.0563, 0.2114, 0.0282, 1.188, 0.338, 0.0845, 0.169, 0.4437, 1.3025],
      [2.0512, 2.4241, 4.0538, 2.797, 2.9835, 0.5594, 3.3565, 3.3565, 1.0973, 2.3818, 2.1976, 2.5382, 3.4043, 4.3951, 2.6106, 6.3962, 3.5405, 6.1535, 8.4422, 3.17, 4.1023, 4.6617, 7.8317, 6.674, 3.7379, 5.3228, 6.0636, 7.1805, 5.0347, 5.7806, 3.9091, 2.797, 3.5429, 5.0347, 7.4712, 4.8266, 1.9214, 2.5638, 1.6782, 2.3223, 2.6106, 8.5024, 1.6782, 0.9323, 4.6649, 6.8368, 19.3928],
      [0.9814, 0.9113, 0.4907, 0, 1.1216, 0.701, 1.6123, 1.3319, 1.0981, 1.5101, 0.9945, 0.5608, 0.9018, 2.103, 2.5236, 2.5991, 1.6022, 5.1395, 5.0472, 1.2618, 1.0515, 1.5422, 3.0493, 2.8741, 3.0844, 2.4535, 2.4535, 2.9834, 1.7647, 1.4721, 3.5622, 1.7525, 1.402, 5.9481, 0.9113, 2.5127, 1.326, 1.1602, 1.7311, 1.1418, 1.7525, 3.382, 1.3319, 0.7711, 0.9113, 5.8239, 9.3233],
      [10.9493, 11.1924, 5.7503, 10.9096, 9.2382, 5.1113, 13.2296, 9.9759, 7.9899, 10.2192, 4.8663, 8.6807, 10.4625, 19.0447, 9.2237, 6.5695, 8.7593, 18.2128, 10.2898, 4.3797, 5.8395, 10.7703, 13.9345, 10.4961, 9.8219, 8.9237, 13.5998, 15.8285, 6.3262, 3.3026, 12.6523, 11.4096, 7.0561, 10.2951, 4.623, 9.0026, 9.1123, 5.7775, 10.4625, 3.4064, 1.9465, 17.5186, 9.2857, 3.0429, 8.2727, 10.7058, 18.82],
      [92.4965, 76.9563, 50.5012, 59.0444, 59.3708, 46.168, 84.4918, 88.3659, 53.1813, 65.6384, 44.3799, 64.8044, 75.7518, 79.4212, 66.445, 86.5991, 71.1608, 72.4033, 85.699, 77.7057, 53.0117, 97.3143, 126.5792, 140.7913, 89.4137, 124.7227, 123.1924, 132.8761, 49.7361, 57.4216, 79.5777, 83.9924, 73.8278, 68.8653, 90.6916, 73.3062, 57.5457, 42.1816, 77.109, 50.8592, 64.4521, 110.1845, 74.6481, 60.4484, 83.0637, 137.8119, 323.3137],
      [0.2119, 0, 1.9787, 0, 0, 3.2912, 0, 2.6883, 10.381, 1.8968, 1.4773, 2.2751, 2.115, 2.7737, 0, 2.1424, 1.6405, 2.6966, 2.9021, 2.2857, 1.695, 3.0305, 4.1828, 2.4427, 2.238, 2.1089, 3.1456, 2.5791, 1.8286, 1.7978, 2.3881, 2.6453, 3.6642, 2.3885, 2.9369, 5.9858, 1.8491, 10.9403, 2.9258, 4.059, 2.2101, 4.1504, 3.7181, 1.7207, 4.8444, 6.3779, 9.8107]
    ],
    [
      [0, 0.8365, 0, 0, 0.8365, 0, 0, 0, 0, 1.673, 0, 0, 2.5095, 0.8365, 0, 1.673, 0, 0, 0, 0, 1.673, 0.8365, 0, 1.673, 0, 1.673, 0.8365, 0, 0, 0, 0.8365, 0.8365, 0, 1.673, 0, 0, 0, 0, 0.8365, 0, 0, 1.673, 0, 0, 1.673, 0, 0.8365],
      [0.0253, 0.0391, 0.021, 0.0253, 0.0207, 0.0138, 0.0253, 0.023, 0.0184, 0.0215, 0.0069, 0.0115, 0.0207, 0.0184, 0.0161, 0.0226, 0.0233, 0.0322, 0.0288, 0.0161, 0.0475, 0.0414, 0.0345, 0.053, 0.2038, 0.027, 0.0865, 0.0437, 0.0191, 0.0184, 0.0391, 0.0299, 0.0414, 0.0322, 0.0299, 0.0299, 0.023, 0.0276, 0.0046, 0.0178, 0.0023, 0.0406, 0.0276, 0.0069, 0.0138, 0.023, 0.1289],
      [0.4635, 0.5478, 0.6917, 1.3189, 1.2887, 0.1264, 0.7585, 0.9573, 0.2107, 0.7083, 0.487, 0.4593, 0.7887, 1.0292, 0.5899, 0.747, 0.7692, 1.3906, 0.9518, 1.4192, 2.7201, 0.9967, 1.6617, 1.9805, 1.1377, 0.4455, 1.6319, 1.517, 0.6308, 1.3134, 0.8428, 0, 0.8006, 1.2732, 1.0113, 0.9692, 0.3792, 0.5057, 0.1343, 0.3792, 0.5899, 1.3391, 0.3792, 0.2107, 0.9296, 0.8826, 4.3826],
      [0.457, 0.4243, 0.2285, 0.5222, 0.5222, 0.3264, 0.7507, 0.6202, 0.1958, 0.6604, 0.4541, 0.2611, 0.4755, 0.9792, 1.6774, 0.6966, 1.2237, 1.5015, 0.8875, 0.5875, 0.4896, 0.7181, 1.0371, 1.3383, 8.2696, 0.8307, 1.1424, 0.8514, 0.5882, 0.6926, 1.1098, 0, 0.6528, 1.8756, 0.4243, 0.9139, 0.7069, 0.5741, 0.4243, 0.5469, 0.9938, 1.2486, 0.6202, 0.3459, 0.4243, 1.3622, 4.3412],
      [4.0879, 5.0632, 2.1329, 8.0153, 4.4878, 0, 9.0231, 3.4917, 1.9588, 6.1455, 0, 1.7884, 3.662, 13.0416, 10.2701, 1.3471, 3.0659, 3.2362, 3.2362, 1.5329, 2.0439, 3.1001, 3.5769, 3.2679, 4.3314, 2.5294, 9.7142, 5.1098, 2.2143, 1.3626, 4.4285, 3.9175, 2.4697, 3.5543, 1.5339, 3.1511, 4.2741, 2.0439, 3.028, 1.1923, 0.6813, 5.1726, 3.4217, 0, 0, 3.7472, 0],
      [3.1506, 2.6255, 1.3343, 2.0004, 2.8389, 1.5753, 9.1089, 3.1373, 1.5807, 2.0754, 1.4503, 1.3388, 0.4804, 2.5505, 5.244, 2.1775, 2.2421, 2.2254, 2.3992, 6.6061, 2.3005, 3.0006, 3.2421, 7.7595, 7.0533, 4.0758, 13.0395, 2.6614, 0.7133, 1.8711, 2.5001, 1.4635, 0, 2.2504, 2.9506, 2.3505, 1.8504, 1.3753, 2.2904, 1.7098, 2.1004, 1.6234, 0, 1.9754, 2.6255, 4.4009, 12.7749],
      [152.8157, 149.4635, 120.5917, 135.1179, 166.0052, 115.9581, 176.3334, 164.7705, 94.0356, 116.7159, 85.6018, 79.1409, 140.0631, 167.5446, 151.2024, 128.3362, 131.6759, 147.6141, 164.4965, 246.8381, 273.7254, 168.3066, 191.4477, 153.9279, 143.0041, 151.4187, 193.549, 154.8167, 109.8343, 110.7419, 145.2432, 118.7525, 172.0354, 155.3413, 133.05, 153.5854, 129.7664, 140.4734, 135.2818, 102.154, 109.6322, 230.9026, 173.5513, 74.4611, 162.3337, 253.5842, 769.5359]
    ],
    [
      [0, 0.0532, 0, 0, 0.0532, 0, 0, 0, 0, 0.1063, 0, 0, 0.1595, 0.0532, 0, 0.1063, 0, 0, 0, 0, 0.1063, 0.0532, 0, 0.1063, 0, 0.1063, 0.0532, 0, 0, 0, 0.0532, 0.0532, 0, 0.1063, 0, 0, 0, 0, 0.0532, 0, 0, 0.1063, 0, 0, 0.1063, 0, 0.0532],
      [9.8625, 14.5656, 7.1156, 10.0168, 8.0264, 5.1869, 9.6326, 8.568, 6.8544, 5.4416, 2.5704, 4.284, 7.7279, 6.8544, 5.9976, 18.0444, 13.1726, 11.553, 17.4071, 5.9976, 7.7112, 15.4224, 12.852, 19.0638, 21.42, 11.9952, 14.5656, 16.2792, 9.4248, 6.8547, 14.9605, 11.1384, 16.0928, 11.9952, 11.1384, 11.1384, 6.1345, 10.2816, 1.7136, 5.1408, 0.8568, 13.7088, 11.0092, 2.5704, 5.1408, 8.568, 48.325],
      [1.7066, 2.6481, 2.6956, 3.0723, 4.9739, 0.4282, 3.4963, 2.5692, 0.8786, 0.7137, 2.467, 1.8555, 3.4272, 2.8708, 1.9983, 3.8278, 4.8495, 3.9253, 3.8278, 3.2234, 3.1401, 0.8247, 4.647, 4.13, 3.6377, 3.7774, 4.4247, 5.7528, 2.6031, 7.3211, 3.8278, 2.141, 3.3836, 3.8538, 4.6396, 3.2829, 1.2846, 1.7128, 1.2846, 1.2846, 1.8635, 3.7774, 1.3698, 0.7137, 2.9356, 2.7119, 17.3184],
      [5.7616, 3.1788, 2.0014, 3.9124, 5.4494, 4.0314, 6.2886, 4.646, 2.8811, 3, 4.194, 1.9562, 4.8905, 6.3068, 8.8029, 8.4942, 14.916, 11.2481, 8.4354, 4.8074, 3.6679, 1.0455, 7.8938, 8.517, 10.7591, 7.7899, 5.3873, 9.7634, 4.674, 7.1498, 10.5563, 6.1131, 7.2857, 8.7837, 3.1788, 6.8467, 3.118, 4.1802, 4.0252, 2.7893, 8.1903, 7.7899, 4.646, 2.5966, 4.0911, 7.8248, 34.1126],
      [13.5802, 13.764, 6.8639, 15.2777, 15.0915, 6.8639, 17.3005, 11.4434, 6.5072, 11.3173, 5.6584, 6.5983, 16.8953, 12.0748, 13.2973, 7.6388, 12.3551, 10.751, 11.2041, 5.0926, 6.7901, 8.7515, 12.1538, 11.6182, 11.3168, 11.0339, 15.2777, 18.8536, 7.7219, 4.5267, 15.9584, 13.0143, 9.0934, 13.0143, 5.3755, 10.4669, 9.9022, 6.7901, 11.8333, 2.5524, 2.2634, 12.8699, 15.4979, 4.2438, 8.5799, 9.6354, 32.2529],
      [25.7038, 19.2904, 11.141, 15.686, 19.875, 11.6912, 22.8121, 19.1659, 10.5221, 11.3989, 9.989, 11.7944, 19.5827, 16.6599, 13.7371, 22.2132, 15.6817, 11.7213, 18.8855, 22.8292, 11.8034, 14.9063, 22.2132, 25.9947, 20.4031, 27.4852, 20.1673, 27.4743, 10.9603, 15.036, 17.8643, 18.211, 20.3707, 15.1759, 20.2987, 13.8713, 11.9835, 9.2741, 13.0728, 9.259, 14.6969, 20.7212, 19.1748, 9.5333, 14.614, 23.943, 105.097],
      [15.3854, 12.4998, 10.1824, 13.0348, 14.5306, 11.7984, 15.4699, 12.6075, 8.3566, 7.0223, 8.1212, 7.5115, 14.317, 12.1801, 3.1669, 15.6752, 11.0251, 7.8013, 16.2401, 22.0498, 20.7809, 9.9965, 16.2401, 12.57, 6.4633, 12.812, 9.1242, 15.8767, 9.6159, 11.1117, 12.7796, 13.3289, 27.7738, 13.0707, 12.3689, 12.3938, 8.5772, 8.7611, 9.0173, 6.9739, 9.1291, 16.0265, 17.3024, 5.3422, 14.5323, 14.317, 76.841]
    ]
  ],
  "V_est": [
    [0, 1.2943, 7.1688, 6.2951, 431.3541, 16.8067, 163.081],
    [0, 56.3242, 531.2697, 66.4145, 10.5315, 14.6101, 45.85],
    [0.7232, 6.4306, 3.3698, 7.2618, 197.6247, 147.3496, 437.2403],
    [1.3295, 0.2612, 115.3594, 742.1117, 58.7854, 50.6248, 69.528],
    [1.0368, 17.7836, 204.9844, 99.9645, 447.2874, 3947.5227, 138.4207],
    [23.4218, 1.5243, 44.7486, 45.9745, 165.4534, 146.1001, 7644.7773],
    [1.4887, 504.3819, 153.0993, 307.9779, 510.9635, 883.986, 642.1027]
  ],
  "p_est": [
    [0, 0.0021, 0.0115, 0.0101, 0.6891, 0.0268, 0.2605],
    [0, 0.0777, 0.7328, 0.0916, 0.0145, 0.0202, 0.0632],
    [0.0009, 0.008, 0.0042, 0.0091, 0.247, 0.1842, 0.5466],
    [0.0013, 0.0003, 0.1111, 0.7149, 0.0566, 0.0488, 0.067],
    [0.0002, 0.0037, 0.0422, 0.0206, 0.0921, 0.8127, 0.0285],
    [0.0029, 0.0002, 0.0055, 0.0057, 0.0205, 0.0181, 0.9471],
    [0.0005, 0.1679, 0.051, 0.1025, 0.1701, 0.2943, 0.2137]
  ],
  "EI_Z": {},
  "EI_V": 11.1409,
  "MAE_Z": {},
  "MAE_V": 86.9536,
  "MAE_p": 0.0586,
  "runtime": 13.024
}
