{
  "Z_true": {},
  "V_true": [
    [43, 2947, 148, 3368, 92],
    [972, 217, 684, 176, 69],
    [540, 1036, 6187, 1010, 438],
    [81, 1809, 113, 7207, 195],
    [79, 506, 275, 884, 229],
    [24, 421, 223, 752, 421],
    [92, 123, 314, 166, 342]
  ],
  "p_true": [
    [0.0065, 0.4467, 0.0224, 0.5105, 0.0139],
    [0.4589, 0.1025, 0.3229, 0.0831, 0.0326],
    [0.0586, 0.1125, 0.6717, 0.1097, 0.0476],
    [0.0086, 0.1923, 0.012, 0.7663, 0.0207],
    [0.04, 0.2565, 0.1394, 0.448, 0.1161],
    [0.013, 0.2287, 0.1211, 0.4085, 0.2287],
    [0.0887, 0.1186, 0.3028, 0.1601, 0.3298]
  ],
  "Z_est": [
    [
      [0.0113, 0.1113, 0.4971, 0.1057, 0.075, 0.0953, 0.0867, 0.1287, 0.0935, 0, 0.0759, 0.0524, 0.0339, 0.0271, 0.084, 0.0605, 0, 0.1084, 0, 0.0592, 0.1256, 0.0641, 0, 1.0484, 0.0745, 0, 0.1111, 0, 0.0149, 0, 0.0352, 0.3003, 0.0668],
      [20.4126, 13.4205, 9.1674, 165.919, 133.4594, 161.1135, 146.7397, 210.2048, 156.3814, 17.4115, 125.6563, 93.6935, 61.2379, 48.9903, 144.0906, 100.0519, 6.5357, 177.7839, 393.6434, 98.8862, 185.3307, 115.8369, 350.3112, 235.5275, 119.0429, 152.1374, 170.1337, 228.0422, 25.8515, 260.4219, 52.8443, 493.2319, 115.0252],
      [0.0696, 2.3397, 0.1172, 2.864, 0.6514, 0.7938, 0.7519, 1.0266, 0.795, 3.7341, 0.6048, 0.4704, 0.2088, 0.167, 0.5178, 0.3731, 0.0223, 1.2659, 2.0382, 0.4525, 0.1159, 0.5023, 0.1762, 0.17, 0.072, 0.0638, 1.543, 0.1344, 0.229, 3.85, 0.2885, 2.535, 0.5416],
      [4.4728, 3.1029, 0.8643, 64.7958, 31.5904, 48.7129, 44.1628, 73.2557, 49.451, 4.5948, 41.4364, 21.6274, 13.4183, 10.7346, 41.0568, 33.3339, 1.4313, 60.5182, 163.3104, 31.4255, 92.053, 25.4052, 145.5126, 86.8172, 45.5881, 55.5184, 73.8804, 97.3839, 6.8601, 169.7281, 24.7268, 168.0361, 32.1668],
      [0.0337, 0.0256, 1.3539, 0.3155, 0.2238, 0.2845, 0.2589, 0.3843, 0.2791, 0.2596, 0.2265, 0.1564, 0.1011, 0.0809, 0.2508, 0.1807, 0.0108, 0.3236, 1.008, 0.1766, 0.3749, 0.1915, 0, 0.4369, 0.2225, 0.2805, 0.3317, 0.4396, 0.0445, 0, 0.1052, 0.8967, 0.1996]
    ],
    [
      [25.7918, 6.9522, 8.2629, 48.948, 37.2275, 40.538, 33.9759, 44.6313, 43.5663, 13.5116, 29.0973, 38.4054, 37.6766, 57.1296, 108.3795, 88.362, 1.8165, 68.0083, 86.74, 15.8113, 21.5856, 25.3991, 44.462, 39.1882, 18.334, 18.7831, 14.9131, 48.1369, 6.5648, 38.1462, 19.9021, 258.9038, 50.0694],
      [3.0182, 0.5874, 0.4331, 6.999, 5.7578, 7.2871, 5.7028, 9.1046, 7.046, 0.7829, 3.1417, 4.576, 4.3412, 4.2687, 7.2532, 4.9735, 0.8884, 7.964, 16.2545, 3.19, 2.9337, 5.8184, 9.2402, 1.3466, 3.2978, 4.5805, 0.9191, 9.3375, 0.0483, 12.1232, 0.7639, 22.5878, 5.4855],
      [7.704, 2.2012, 3.2443, 13.2552, 8.0463, 11.7192, 7.4273, 13.0577, 12.7655, 5.0952, 6.0347, 9.9182, 10.32, 13.7807, 28.8951, 27.2501, 1.1698, 17.1635, 24.0274, 4.5518, 5.9034, 7.0561, 12.05, 9.5153, 4.8654, 5.0963, 3.7953, 13.8169, 1.2379, 18.3858, 3.8684, 58.0644, 13.1522],
      [3.3717, 0.2306, 0.0254, 5.5834, 0.8198, 3.2756, 0.7567, 3.0062, 5.425, 3.5868, 0.6149, 1.9431, 1.5078, 1.6009, 18.0063, 9.0428, 0.1138, 3.5869, 9.5865, 0.3784, 0.4887, 0.6149, 1.0563, 0.804, 0.4257, 0.4572, 0.3153, 9.4772, 0.1261, 5.1333, 0.3941, 5.4549, 8.0727],
      [0.1143, 0.0286, 0.0343, 0.2144, 0.1486, 0.1801, 0.1372, 0.2001, 0.1972, 1.0235, 0.1115, 0.1572, 0.1544, 0.2201, 0.466, 0.3716, 0.0114, 0.2773, 0.3916, 0.0686, 0.0886, 0.1115, 0.1915, 0.1458, 0.0772, 0.0829, 0.0572, 0.2315, 0.0229, 0.2115, 0.0715, 0.9891, 0.2201]
    ],
    [
      [3.9308, 1.8155, 1.2101, 8.9376, 9.7721, 6.3596, 8.345, 4.6719, 4.4887, 1.3741, 10.1467, 10.0849, 9.332, 18.921, 21.175, 17.3753, 0.1832, 13.9246, 11.2453, 3.1267, 5.7371, 3.0376, 9.5299, 10.1731, 4.1185, 3.2136, 4.2448, 4.8551, 4.2585, 3.8474, 7.8459, 75.6608, 7.2631],
      [8.6831, 2.7017, 2.6041, 29.4557, 30.7854, 34.6132, 28.8792, 41.8687, 28.4813, 1.6436, 27.787, 22.677, 24.0594, 22.9919, 40.7115, 20.8539, 2.1606, 42.4694, 62.6202, 16.4168, 23.7753, 44.0003, 42.6477, 50.0758, 17.2271, 22.1798, 19.5146, 30.1313, 6.5286, 30.4899, 3.0335, 101.5565, 38.9653],
      [105.1458, 22.4984, 12.6087, 207.896, 240.1661, 260.1689, 279.028, 296.763, 275.7958, 22.6069, 174.425, 185.2968, 263.7073, 232.8531, 483.8094, 274.9653, 16.3089, 284.5557, 369.3318, 110.8344, 146.3784, 135.4683, 219.0151, 217.0619, 92.1748, 78.4234, 95.4085, 165.9251, 173.6374, 243.4548, 90.7806, 847.0999, 159.6835],
      [0.7385, 0.2879, 0.1001, 5.3693, 6.3961, 27.0225, 19.2583, 28.4667, 48.8663, 0.4006, 11.0565, 4.4493, 5.1698, 1.5271, 4.6565, 3.3422, 0.2194, 7.5719, 10.5, 4.9478, 9.3536, 5.6454, 25.4336, 14.2047, 4.5837, 4.4049, 18.5017, 21.5186, 8.0946, 6.1364, 13.9153, 17.8539, 18.6552],
      [8.5017, 2.6964, 2.477, 21.3413, 38.8803, 34.8357, 32.4897, 29.2298, 37.3679, 6.9749, 28.5848, 20.4921, 10.7314, 28.7069, 36.6476, 34.4633, 2.1279, 24.4784, 45.3028, 13.6743, 19.7556, 15.8484, 29.3737, 28.4845, 11.8958, 11.7782, 12.3304, 21.5699, 41.4809, 28.0715, 7.4247, 143.8288, 4.4329]
    ],
    [
      [0.2661, 0.1209, 0.0299, 0.0087, 2.9255, 0.0071, 2.5924, 1.568, 0.8515, 0.1144, 1.6801, 1.4573, 1.9576, 3.9223, 2.3615, 5.2022, 0.0003, 6.9587, 0.0148, 0.0029, 0.5518, 1.4991, 0.0081, 6.5903, 0.473, 0.0033, 1.731, 0.008, 0.1618, 0.0063, 2.2168, 31.135, 1.6006],
      [3.0688, 1.4365, 0.2227, 23.3685, 33.1463, 28.8505, 25.7817, 32.6873, 25.3472, 1.4958, 17.9277, 22.5625, 10.702, 7.0426, 19.6857, 13.0777, 4.6437, 25.7385, 56.2804, 23.86, 9.1935, 30.199, 52.8384, 42.2748, 19.4467, 28.0885, 18.296, 34.3754, 2.3153, 33.2769, 5.7108, 77.7871, 17.0568],
      [5.7254, 0.0706, 0.0177, 2.5699, 1.5824, 0.4213, 1.9708, 2.2413, 1.9118, 0.0662, 1.2686, 1.1571, 1.1476, 8.8268, 2.0225, 0.6929, 0.0884, 1.6477, 2.2533, 1.6405, 0.2365, 1.1011, 0.3597, 0.3471, 1.458, 0.1302, 0.1497, 0.2743, 5.7026, 2.2257, 0.5648, 5.8796, 1.2046],
      [25.5057, 14.1774, 3.6767, 272.0061, 230.0587, 389.6184, 311.4845, 358.6966, 299.8756, 13.1335, 200.413, 166.4797, 120.548, 54.2067, 210.041, 136.0956, 9.0977, 231.4132, 570.3704, 187.2281, 349.0251, 164.7956, 648.7329, 421.5633, 230.1507, 261.4664, 347.785, 436.291, 212.3443, 372.3595, 85.3634, 888.8915, 190.5934],
      [0.4341, 0.1946, 0.0531, 0.0468, 3.2871, 5.1028, 4.1706, 4.8067, 4.0138, 0.1902, 2.7107, 2.3434, 1.6448, 4.0017, 2.8893, 1.9315, 0.1699, 3.2419, 9.0811, 2.2685, 2.993, 2.4052, 0.0608, 4.2245, 2.4716, 1.3117, 0.0381, 2.0513, 20.4761, 4.1316, 1.1442, 12.3069, 2.5445]
    ],
    [
      [0, 0, 0, 0, 0, 0, 0, 0, 0, 0, 0, 0, 0, 0, 0, 0, 0, 0, 0, 0, 0, 0, 0, 0, 0, 0, 0, 0, 0, 0, 0, 0, 0],
      [1.942, 0.5166, 0.1798, 4.0636, 5.0321, 6.4711, 9.3923, 6.2138, 9.76, 0.6037, 7.3409, 4.2993, 3.5892, 2.7471, 5.9499, 4.3795, 0.2646, 5.8303, 9.293, 3.967, 5.794, 4.6895, 12.0204, 6.0026, 4.3988, 4.9507, 4.2906, 6.1381, 5.1621, 7.3398, 2.4689, 18.1665, 1.8559],
      [3.6139, 1.1451, 0.0334, 3.0958, 3.3906, 3.6978, 5.9699, 4.1769, 3.9189, 0.43, 2.457, 2.6413, 3.6855, 3.2626, 6.5273, 4.2655, 0.2334, 4.0417, 5.3071, 1.5725, 2.0762, 1.9164, 3.1572, 3.0467, 1.2899, 1.1425, 1.3145, 2.4078, 2.457, 3.5749, 1.2776, 12.2481, 2.3219],
      [14.7698, 3.6569, 1.2338, 32.7399, 40.9107, 55.2995, 74.3606, 52.1837, 89.5286, 4.6325, 41.0396, 37.2064, 30.1066, 19.4739, 46.8452, 34.2702, 2.0486, 49.733, 77.6874, 35.8639, 52.2614, 42.0895, 99.523, 50.9785, 40.761, 45.9008, 39.172, 54.5082, 43.7059, 64.299, 22.4243, 148.8208, 13.451],
      [2.6744, 0.6813, 0.553, 6.1007, 8.6666, 9.5316, 10.2772, 8.4256, 11.7925, 1.3338, 7.1626, 5.8531, 4.6188, 6.5165, 9.6776, 8.0848, 0.4535, 7.3949, 12.7126, 4.5967, 6.8685, 5.3045, 11.2993, 7.9722, 4.5503, 5.006, 4.2229, 6.9459, 10.675, 8.7863, 2.8292, 30.7646, 2.3713]
    ],
    [
      [0, 0, 0, 0, 0, 0, 0, 0, 0, 0, 0, 0, 0, 0, 0, 0, 0, 0, 0, 0, 0, 0, 0, 0, 0, 0, 0, 0, 0, 0, 0, 0, 0],
      [1.871, 0.3352, 0.3916, 6.1684, 8.7952, 10.6374, 10.4795, 12.8866, 11.9579, 1.0601, 8.1257, 5.1751, 5.0583, 7.9491, 8.2845, 7.6469, 0.5054, 6.1848, 15.9086, 4.6635, 6.1541, 5.4559, 11.8898, 9.735, 4.5866, 6.0393, 4.8459, 10.9407, 1.0897, 16.309, 2.1713, 25.5895, 2.5915],
      [3.3095, 0, 0.2592, 3.8423, 4.2083, 4.5894, 4.8334, 5.1841, 4.8639, 1.8178, 3.0495, 3.2782, 4.5742, 5.7935, 8.5935, 5.2146, 0.2897, 5.0164, 6.5869, 1.9517, 2.5768, 2.3786, 3.9186, 3.7813, 1.601, 1.418, 1.6315, 2.9885, 0, 4.437, 1.5857, 15.285, 2.8817],
      [9.8307, 1.423, 2.0574, 32.5034, 50.2218, 69.9383, 70.1829, 85.6121, 82.1632, 5.4832, 53.9925, 30.3553, 31.6904, 26.0683, 46.0638, 49.5083, 3.0049, 29.1767, 92.5452, 27.8687, 33.9723, 30.4494, 65.8875, 56.4486, 26.4908, 36.0965, 25.3455, 70.7062, 3.7589, 72.156, 12.3459, 149.9504, 6.6406],
      [0.9889, 0.2417, 0.2917, 2.4858, 3.7747, 3.8349, 3.5041, 3.3171, 4.015, 0.6389, 2.8323, 2.1914, 1.6771, 3.1892, 4.0582, 3.6302, 0.2, 2.6221, 4.9593, 1.5162, 2.2968, 1.7161, 3.3042, 3.035, 1.3217, 1.4463, 1.1772, 2.3646, 3.1514, 3.098, 0.8971, 13.1751, 0.8861]
    ],
    [
      [0, 0, 0, 0, 0, 0, 0, 0, 0, 0, 0, 0, 0, 0, 0, 0, 0, 0, 0, 0, 0, 0, 0, 0, 0, 0, 0, 0, 0, 0, 0, 0, 0],
      [0.0043, 0.0021, 0.0014, 0.0258, 0.0237, 0.0272, 0.0248, 0.0342, 0.0261, 0.0025, 0.0207, 0.0167, 0.0119, 0.0103, 0.0247, 0.0165, 0.0016, 0.029, 0, 0.0165, 0.8187, 0, 0.0523, 0.0377, 0, 0.0238, 0, 0.0348, 0.0045, 0.0393, 0.0073, 0.0807, 0.0198],
      [9.4319, 0.745, 0.7195, 18.4767, 17.955, 19.6096, 17.0188, 17.5505, 18.9491, 1.2498, 12.1605, 12.2381, 16.3566, 20.3163, 30.6343, 29.2385, 0.8875, 15.3091, 22.4554, 6.9967, 11.7129, 7.5772, 18.3232, 14.0777, 3.539, 6.7259, 3.1575, 10.453, 16.7362, 15.0718, 5.6344, 55.888, 9.2145],
      [0.3109, 0.1212, 0.0422, 9.0021, 4.0025, 5.1328, 0.7942, 0.779, 2.6904, 0.1686, 1.4471, 1.9387, 4.5591, 8.3886, 5.3304, 1.4071, 0.0843, 0, 0, 0.2877, 2.8458, 0, 6.8541, 1.1835, 0, 2.1558, 0, 0.1149, 4.1101, 0.1878, 0.8302, 0.9924, 1.4203],
      [7.2529, 1.1317, 1.2369, 19.4954, 21.0188, 22.2304, 18.1623, 17.6363, 21.3344, 2.5791, 14.3717, 12.8065, 14.0724, 22.2848, 28.0106, 24.3379, 1.0265, 14.6619, 24.5446, 7.6991, 13.6226, 8.4228, 20.7704, 15.7011, 5.461, 8.0945, 4.8425, 11.3972, 24.1493, 15.7011, 5.5281, 65.0389, 7.3454]
    ]
  ],
  "V_est": [
    [3.5469, 4788.5367, 29.4857, 1766.9728, 9.4579],
    [1439.2202, 182.0528, 384.4345, 105.283, 7.0095],
    [310.2055, 922.5893, 6783.277, 358.6487, 836.2795],
    [78.0274, 747.7855, 56.9565, 8413.4887, 108.742],
    [0, 175.1138, 101.6968, 1461.4858, 234.7037],
    [0, 241.4831, 121.7395, 1389.9391, 87.8382],
    [0, 1.4388, 466.4101, 67.1819, 501.9692]
  ],
  "p_est": [
    [0.0005, 0.7258, 0.0045, 0.2678, 0.0014],
    [0.6795, 0.086, 0.1815, 0.0497, 0.0033],
    [0.0337, 0.1002, 0.7364, 0.0389, 0.0908],
    [0.0083, 0.0795, 0.0061, 0.8946, 0.0116],
    [0, 0.0888, 0.0515, 0.7407, 0.119],
    [0, 0.1312, 0.0661, 0.755, 0.0477],
    [0, 0.0014, 0.4498, 0.0648, 0.4841]
  ],
  "EI_Z": {},
  "EI_V": 18.778,
  "MAE_Z": {},
  "MAE_V": 345.332,
  "MAE_p": 0.096,
  "runtime": 1.11
}
