{
  "Z_true": {},
  "V_true": [
    [43, 2947, 148, 3368, 92],
    [972, 217, 684, 176, 69],
    [540, 1036, 6187, 1010, 438],
    [81, 1809, 113, 7207, 195],
    [79, 506, 275, 884, 229],
    [24, 421, 223, 752, 421],
    [92, 123, 314, 166, 342]
  ],
  "p_true": [
    [0.0065, 0.4467, 0.0224, 0.5105, 0.0139],
    [0.4589, 0.1025, 0.3229, 0.0831, 0.0326],
    [0.0586, 0.1125, 0.6717, 0.1097, 0.0476],
    [0.0086, 0.1923, 0.012, 0.7663, 0.0207],
    [0.04, 0.2565, 0.1394, 0.448, 0.1161],
    [0.013, 0.2287, 0.1211, 0.4085, 0.2287],
    [0.0887, 0.1186, 0.3028, 0.1601, 0.3298]
  ],
  "Z_est": [
    [
      [0.0135, 0.6637, 0.5095, 0.1253, 0.0889, 0.113, 0.1028, 0.1526, 0.1109, 0.0001, 0.09, 0.0622, 0.0403, 0.0324, 0.1, 0.0721, 8.1845e-06, 0.1287, 0.0004, 0.0701, 0.1487, 0.076, 0.0002, 1.0386, 0.0883, 0.0001, 0.1316, 0.0002, 0.0177, 0.0002, 0.0418, 0.357, 0.0794],
      [20.3517, 13.3258, 9.1496, 164.7518, 132.5978, 160.0365, 145.7594, 208.7658, 155.3284, 17.284, 124.8044, 93.0904, 61.0554, 48.8441, 143.1368, 99.3727, 6.5169, 176.5705, 391.1567, 98.22, 182.4462, 115.1475, 344.7136, 233.899, 116.6752, 149.72, 166.7479, 226.4226, 25.6817, 263.3218, 51.7187, 489.8685, 114.2654],
      [0.0668, 1.8567, 0.0812, 1.3533, 1.2411, 1.4336, 1.4291, 1.7439, 1.4749, 3.8114, 1.0268, 0.9313, 0.2003, 0.1602, 0.4967, 0.3578, 0.0214, 1.5919, 3.8931, 0.7198, 0.4885, 0.8301, 0.7429, 0.7169, 0.3035, 0.2688, 2.0242, 0.5666, 0.6663, 4.7908, 1.3303, 4.6578, 0.9416],
      [4.5357, 3.1292, 0.8987, 67.4668, 31.8574, 49.144, 44.4603, 73.969, 49.818, 4.5656, 41.8615, 21.766, 13.607, 10.8856, 42.0259, 34.024, 1.4514, 61.3984, 164.2254, 31.8206, 94.5569, 25.7627, 150.5433, 87.9263, 47.7195, 57.742, 76.778, 98.5888, 6.5917, 165.8872, 24.8083, 169.2563, 32.5222],
      [0.0323, 0.0246, 1.3611, 0.3027, 0.2148, 0.273, 0.2484, 0.3687, 0.2678, 0.339, 0.2173, 0.1501, 0.097, 0.0776, 0.2406, 0.1734, 0.0103, 0.3105, 0.7245, 0.1695, 0.3596, 0.1837, 0, 0.4192, 0.2135, 0.2691, 0.3182, 0.4217, 0.0427, 0, 0.1009, 0.8603, 0.1915]
    ],
    [
      [25.6165, 6.9095, 8.2392, 48.6205, 37.0076, 40.2617, 33.7721, 44.3235, 43.2619, 13.4799, 28.9349, 38.1707, 37.4461, 56.8083, 107.6722, 87.802, 1.8142, 67.595, 86.1361, 15.7068, 21.4532, 25.2288, 44.1711, 38.9783, 18.2177, 18.6562, 14.8298, 48.0762, 6.5404, 38.0981, 19.8007, 257.4649, 49.7329],
      [2.5014, 0.3772, 0.2944, 4.4181, 3.9705, 4.5741, 4.1188, 5.7, 4.4366, 0.521, 3.1606, 2.8988, 2.9347, 3.313, 4.7247, 3.271, 1.197, 5.0472, 10.3208, 2.6969, 2.724, 3.7131, 8.5056, 1.0342, 3.0021, 3.8629, 0.7844, 5.9543, 0.0433, 6.5206, 0.7734, 14.4366, 3.494],
      [7.9187, 2.2872, 3.3324, 13.4806, 9.7826, 12.0291, 8.9651, 13.4095, 13.0905, 6.3719, 5.975, 10.1243, 10.6423, 14.0476, 29.403, 22.6177, 0.7629, 18.6172, 24.4009, 4.6878, 6.084, 7.207, 12.2944, 9.7721, 4.9658, 5.1774, 3.9091, 14.2456, 1.2256, 18.7997, 3.8302, 60.883, 13.6757],
      [3.7345, 0.3689, 0.0653, 8.0515, 0.9416, 5.7745, 0.8692, 6.1664, 7.8161, 2.6106, 0.7062, 3.4914, 2.6678, 2.3904, 20.2671, 15.5651, 0.2031, 5.1854, 15.3581, 0.7711, 0.5614, 2.6279, 1.6454, 0.9235, 0.6599, 1.1375, 0.3622, 12.2603, 0.1449, 10.158, 0.4527, 11.235, 9.6567],
      [0.229, 0.0572, 0.0687, 0.4293, 0.2976, 0.3606, 0.2747, 0.4007, 0.3949, 1.0166, 0.2232, 0.3148, 0.3091, 0.4407, 0.933, 0.7441, 0.0229, 0.5552, 0.7842, 0.1374, 0.1774, 0.2232, 0.3835, 0.2919, 0.1545, 0.166, 0.1145, 0.4636, 0.0458, 0.4236, 0.1431, 1.9805, 0.4407]
    ],
    [
      [4.0682, 1.2898, 1.2154, 9.2416, 9.5862, 6.6151, 8.196, 4.7268, 4.5414, 1.3902, 10.0763, 10.1194, 9.296, 12.0476, 21.1508, 17.4669, 0.1854, 13.9147, 11.8423, 3.219, 5.7091, 3.0012, 9.817, 10.1438, 4.1064, 3.339, 4.2249, 4.9121, 4.4396, 3.8926, 7.9854, 75.9158, 7.3778],
      [8.8869, 2.8222, 2.6928, 30.8073, 32.0689, 36.0001, 29.9886, 43.3869, 29.7218, 1.8166, 29.063, 23.4584, 24.5562, 24.9681, 41.9646, 21.7559, 2.3103, 43.8707, 63.2448, 17.1989, 24.9658, 44.8472, 45.0991, 50.4945, 18.0619, 25.1832, 20.5897, 31.7248, 7.4875, 33.8784, 3.3257, 105.5167, 39.884],
      [104.6868, 22.8441, 12.5284, 206.4741, 235.8103, 257.0332, 275.65, 293.2043, 272.4373, 22.3721, 172.5865, 183.0445, 261.759, 234.4866, 478.8284, 273.304, 16.3771, 281.1285, 364.8206, 109.3823, 144.5999, 134.1802, 216.3426, 214.4503, 91.0737, 77.4639, 94.274, 163.9211, 171.4796, 240.3561, 89.0091, 836.1802, 157.7436],
      [0.9782, 0.3813, 0.1326, 5.3331, 9.8903, 28.8151, 21.9117, 30.7605, 52.5235, 0.5305, 11.8703, 6.0977, 6.8355, 2.0227, 8.9357, 4.4266, 0.2653, 9.9566, 12.685, 5.6645, 10.1567, 6.2896, 25.5571, 16.7293, 4.9835, 2.3442, 18.7273, 22.1032, 9.1968, 6.095, 15.3492, 25.8962, 19.8282],
      [8.3799, 2.6625, 2.4307, 21.1439, 38.6443, 34.5365, 32.2537, 28.9216, 35.7761, 6.8906, 28.404, 20.2801, 10.5533, 31.475, 36.1205, 34.0465, 1.862, 24.1295, 46.4073, 13.5353, 19.5685, 15.6818, 29.1841, 28.1822, 11.7744, 11.6696, 12.1842, 21.3387, 41.3966, 27.778, 7.3306, 142.4911, 4.1663]
    ],
    [
      [0.2997, 0.1363, 0.0337, 0.0085, 3.3138, 0.0069, 2.9259, 1.7937, 1.0825, 0.1288, 1.896, 1.6442, 2.2142, 11.1062, 3.068, 5.6513, 0.0003, 7.3555, 0.0144, 0.0028, 0.687, 1.6919, 0.008, 6.8353, 0.586, 0.0032, 1.8123, 0.0078, 0.0016, 0.0062, 2.17, 32.237, 1.8058],
      [3.2592, 1.5282, 0.2269, 24.6121, 34.0394, 30.0579, 27.041, 34.5017, 26.6388, 1.6021, 18.912, 23.3231, 11.2747, 7.4947, 20.8252, 13.8377, 4.1314, 27.1694, 61.4741, 23.5301, 10.7531, 31.1817, 55.4658, 42.1142, 20.4906, 27.1601, 19.715, 36.3296, 1.3456, 35.1287, 6.2131, 81.7694, 17.9941],
      [5.6953, 0.0721, 0.018, 3.822, 2.011, 0.8613, 2.4663, 2.7755, 2.4089, 0.0676, 1.5817, 1.4895, 1.0315, 4.8557, 1.9007, 0.7075, 0.3482, 2.1537, 2.9781, 1.9422, 0.4836, 1.3477, 0.7354, 0.7096, 0.3005, 0.2661, 0.3062, 0.5608, 6.6039, 2.6893, 0.7257, 7.4314, 1.5007],
      [25.2516, 14.0519, 3.6519, 269.3836, 228.0827, 387.6641, 309.1278, 355.8522, 296.2663, 12.9743, 198.6971, 165.0359, 119.7144, 53.371, 208.0449, 134.6445, 9.0867, 228.8727, 565.4499, 187.1099, 346.8587, 163.2333, 645.565, 420.8075, 230.0406, 262.1522, 345.9743, 433.9301, 212.5489, 369.8248, 84.6757, 881.3041, 189.0518],
      [0.4943, 0.2116, 0.0694, 0.1737, 3.553, 5.4098, 4.4389, 5.0769, 5.6035, 0.2272, 2.9131, 2.5073, 1.7652, 1.1725, 3.1612, 2.159, 0.4335, 3.4488, 8.0834, 2.4149, 3.2176, 2.5454, 0.2259, 4.5334, 2.5824, 1.4184, 0.1923, 2.1717, 20.5001, 4.3509, 1.2155, 13.2581, 2.6476]
    ],
    [
      [0, 0, 0, 0, 0, 0, 0, 0, 0, 0, 0, 0, 0, 0, 0, 0, 0, 0, 0, 0, 0, 0, 0, 0, 0, 0, 0, 0, 0, 0, 0, 0, 0],
      [1.9697, 0.5315, 0.1905, 4.2562, 5.2049, 6.6672, 8.679, 6.4665, 9.9366, 0.6218, 5.1508, 4.4187, 3.6726, 2.8201, 6.1276, 4.4969, 0.2768, 6.0433, 9.7459, 4.0857, 5.9792, 4.8539, 11.3225, 6.284, 4.531, 5.1247, 4.4668, 6.3963, 5.181, 7.6299, 2.5192, 18.7518, 2.0077],
      [3.726, 1.1676, 0.0272, 3.6088, 3.9525, 4.3106, 4.5397, 4.8691, 4.5683, 0.5012, 2.8642, 3.079, 4.2962, 3.3128, 6.9062, 4.5223, 0.2638, 4.7116, 6.1866, 1.8331, 2.4202, 2.234, 3.6805, 3.5516, 3.055, 1.3318, 1.5323, 2.8069, 2.8642, 4.1674, 1.4894, 14.2779, 2.7066],
      [14.5948, 3.6108, 1.2179, 31.9443, 40.0372, 54.3548, 76.3861, 51.1256, 88.5675, 4.519, 42.7228, 36.5717, 29.355, 19.2291, 46.1401, 33.7619, 1.9986, 48.7579, 76.1812, 35.4336, 51.6535, 41.5501, 99.5918, 50.0865, 38.8215, 45.4923, 38.7412, 53.7747, 43.095, 63.3133, 22.1318, 145.7195, 12.8825],
      [2.7096, 0.6901, 0.5644, 6.1907, 8.8053, 9.6675, 10.3953, 8.5387, 11.9275, 1.358, 7.2622, 5.9306, 4.6762, 6.638, 9.8261, 8.2188, 0.4608, 7.4872, 12.8863, 4.6476, 6.9471, 5.3619, 11.4052, 8.078, 4.5925, 5.0511, 4.2596, 7.0221, 10.8599, 8.8894, 2.8595, 31.2507, 2.4031]
    ],
    [
      [0, 0, 0.0015, 0, 0, 0, 0, 0, 0, 0, 0, 0, 0, 0, 0, 0, 0, 0, 0, 0, 0, 0, 0, 0, 0, 0, 0, 0, 0, 0, 0, 0, 0],
      [2.0198, 0.4096, 0.442, 7.0859, 9.0552, 11.5919, 11.3472, 14.0881, 12.8684, 1.148, 8.854, 5.7661, 5.4748, 6.5326, 9.1554, 8.2219, 0.5634, 7.2214, 18.0577, 5.2482, 7.0637, 6.2566, 13.7541, 11.0739, 5.2391, 6.8857, 5.6962, 12.1724, 1.2491, 13.5206, 2.4304, 28.4421, 3.3022],
      [3.3947, 0, 0.2861, 4.2412, 4.6452, 5.0659, 6.2275, 5.7223, 5.3689, 0.5891, 3.3661, 3.6185, 5.0491, 4.7966, 8.9718, 10.8978, 0.3198, 5.5372, 7.2707, 2.1543, 2.8443, 2.6255, 4.3254, 4.1739, 1.7672, 1.5652, 1.8008, 3.2987, 0, 4.8976, 1.7504, 16.8506, 2.7947],
      [9.6758, 1.3684, 2.0024, 31.3849, 49.8258, 68.8083, 68.1946, 84.1262, 81.0608, 6.6755, 53.1694, 29.5982, 30.9297, 28.7387, 45.1392, 43.5391, 2.9327, 27.829, 90.1005, 27.2002, 32.9773, 29.5365, 63.8739, 54.9548, 25.7751, 35.2138, 24.4169, 69.3428, 3.7466, 74.7216, 11.9934, 146.5888, 6.0882],
      [0.9097, 0.222, 0.268, 2.2879, 3.4738, 3.5339, 3.2307, 3.0634, 3.702, 0.5875, 2.6105, 2.0172, 1.5463, 2.932, 3.7336, 3.3412, 0.1841, 2.4124, 4.5711, 1.3973, 2.1147, 1.5814, 3.0466, 2.7974, 1.2186, 1.3353, 1.086, 2.186, 3.0043, 2.8601, 0.8258, 12.1185, 0.8149]
    ],
    [
      [0.0021, 0.0006, 0.0007, 0.004, 0.0035, 0.0033, 0.0031, 0.0035, 0.0034, 0.001, 0.0028, 0.0035, 0.0034, 0.0055, 0.0091, 0.0077, 0.0001, 0.0062, 0.0068, 0.0013, 0.0019, 0.0021, 0.0037, 0.0039, 0.0016, 0.0015, 0.0015, 0.0037, 0.0008, 0.0029, 0.0021, 0.0254, 0.0041],
      [0.0113, 0.0055, 0.0038, 0.0686, 0.0631, 0.0724, 0.066, 0.091, 0.0695, 0.0067, 0.0552, 0.0445, 0.0317, 0.0273, 0.0657, 0.0439, 0.0044, 0.0773, 0, 0.0202, 0.068, 0, 0.1393, 0.1003, 0, 0.0634, 0, 0, 0.0119, 0, 0.0195, 0.2148, 0.0526],
      [9.5118, 0.7723, 0.7267, 19.0198, 18.5573, 20.2664, 17.7223, 18.2754, 19.6512, 1.2867, 12.5997, 12.713, 17.0216, 23.3405, 34.4931, 29.5928, 0.9069, 15.26, 22.4501, 7.2804, 12.0793, 7.5754, 18.8788, 14.6256, 3.5343, 6.9266, 3.1533, 10.6002, 17.1604, 15.2991, 5.865, 56.719, 9.6371],
      [0.2295, 0.0895, 0.0311, 8.4358, 3.365, 4.4392, 0.0502, 0, 1.9478, 0.1245, 0.9726, 1.4391, 3.8904, 5.3625, 1.4471, 1.0387, 0.0622, 0, 0, 0, 3.2356, 0, 6.2236, 0.5722, 0, 1.918, 0, 0, 3.6762, 0, 0.5889, 0, 0.9703],
      [7.2453, 1.1321, 1.2377, 19.4718, 21.0112, 22.2188, 18.1583, 17.6301, 21.3281, 2.5811, 14.3697, 12.7999, 14.0529, 22.2641, 27.9849, 24.317, 1.0264, 14.6565, 24.5432, 7.698, 13.615, 8.4226, 20.7547, 15.698, 5.4641, 8.0905, 4.8452, 11.3961, 24.1507, 15.698, 5.5245, 65.0408, 7.3359]
    ]
  ],
  "V_est": [
    [4.4563, 4750.7466, 42.2195, 1791.594, 8.9836],
    [1430.8266, 125.3252, 394.0164, 154.8295, 13.0024],
    [305.0538, 961.6414, 6709.8326, 403.2728, 831.1994],
    [90.5349, 781.1407, 62.8477, 8358.3004, 112.1763],
    [0, 176.4105, 115.3645, 1443.364, 237.8609],
    [0.0015, 262.2377, 136.2171, 1361.5293, 81.0144],
    [0.1269, 1.4979, 483.5022, 50.1101, 501.763]
  ],
  "p_est": [
    [0.0007, 0.72, 0.0064, 0.2715, 0.0014],
    [0.6756, 0.0592, 0.186, 0.0731, 0.0061],
    [0.0331, 0.1044, 0.7285, 0.0438, 0.0902],
    [0.0096, 0.0831, 0.0067, 0.8887, 0.0119],
    [0, 0.0894, 0.0585, 0.7316, 0.1206],
    [8.0071e-07, 0.1424, 0.074, 0.7396, 0.044],
    [0.0001, 0.0014, 0.4663, 0.0483, 0.4839]
  ],
  "EI_Z": {},
  "EI_V": 18.1663,
  "MAE_Z": {},
  "MAE_V": 334.0834,
  "MAE_p": 0.0943,
  "runtime": 0.8654
}
