{
  "X": [
    [75, 353, 338, 40],
    [213, 698, 862, 95],
    [136, 515, 720, 86],
    [58, 198, 277, 34],
    [100, 335, 584, 74],
    [147, 321, 764, 42],
    [99, 301, 985, 62],
    [42, 145, 327, 33],
    [125, 416, 909, 90],
    [18, 167, 221, 37],
    [85, 322, 465, 83],
    [42, 205, 371, 54],
    [10, 28, 30, 5],
    [38, 296, 455, 70],
    [5, 10, 17, 9],
    [64, 263, 575, 69],
    [47, 83, 349, 9],
    [3, 19, 20, 2],
    [55, 130, 301, 32],
    [141, 533, 856, 111],
    [93, 222, 672, 45],
    [102, 303, 852, 87],
    [44, 121, 509, 16],
    [137, 500, 1261, 114],
    [1, 7, 19, 3],
    [8, 9, 23, 6],
    [11, 15, 54, 3],
    [586, 2329, 4743, 484],
    [105, 326, 510, 70],
    [347, 704, 1236, 196],
    [93, 158, 391, 31]
  ],
  "W": [
    [35, 88, 272, 307, 83, 21],
    [65, 301, 504, 765, 154, 79],
    [46, 148, 398, 656, 150, 59],
    [22, 63, 145, 237, 66, 34],
    [54, 137, 250, 520, 83, 49],
    [30, 228, 204, 701, 82, 29],
    [47, 162, 197, 928, 64, 49],
    [28, 76, 110, 290, 24, 19],
    [83, 194, 314, 788, 108, 53],
    [19, 20, 122, 220, 41, 21],
    [45, 71, 293, 421, 60, 65],
    [26, 52, 166, 345, 54, 29],
    [1, 8, 22, 32, 5, 5],
    [58, 59, 240, 400, 64, 38],
    [6, 5, 7, 16, 4, 3],
    [58, 83, 199, 519, 73, 39],
    [14, 63, 62, 313, 24, 12],
    [3, 4, 19, 15, 2, 1],
    [29, 63, 98, 275, 41, 12],
    [69, 157, 451, 749, 111, 104],
    [31, 130, 189, 603, 51, 28],
    [51, 126, 257, 717, 106, 87],
    [23, 77, 108, 428, 31, 23],
    [112, 238, 333, 1142, 124, 63],
    [2, 1, 4, 18, 3, 2],
    [5, 7, 8, 19, 5, 2],
    [4, 12, 9, 48, 6, 4],
    [388, 820, 1755, 4186, 667, 326],
    [36, 146, 242, 474, 68, 45],
    [97, 340, 581, 1163, 169, 133],
    [18, 153, 98, 363, 19, 22]
  ],
  "method": "mult",
  "cond_prob": [
    [
      [0.00025603745766, 0.18066207419, 0.43415074214, 0.38493114622],
      [0.55775289314, 0.1185690436, 0.32250502117, 0.0011730420927],
      [0.050158874059, 0.8621153533, 0.052765709861, 0.034960062777],
      [0.0078257079925, 0.082712884291, 0.90281448805, 0.0066469196623],
      [0.049627802893, 0.65303572427, 0.22135056069, 0.075985912144],
      [0.20253361936, 0.13701542364, 0.19788190052, 0.46256905648]
    ],
    [
      [0.0002369133521, 0.17901065875, 0.43525063157, 0.38550179633],
      [0.53739099348, 0.12296124647, 0.33841217061, 0.0012355894395],
      [0.046962364711, 0.86385133575, 0.053584376641, 0.035601922897],
      [0.007238617953, 0.08194292549, 0.9041309369, 0.0066875196598],
      [0.046322539736, 0.65256013045, 0.22402048755, 0.077096842255],
      [0.19012210576, 0.13796870981, 0.20167187717, 0.47023730727]
    ],
    [
      [0.000250002759, 0.15462397324, 0.42298042594, 0.42214559805],
      [0.56556357417, 0.10572438744, 0.32736659655, 0.0013454418394],
      [0.055883413517, 0.84149796433, 0.058705306854, 0.043913315303],
      [0.0079200361541, 0.073384115861, 0.91111089725, 0.0075849507334],
      [0.053449245162, 0.6163336252, 0.23799529894, 0.092221830689],
      [0.19472419428, 0.11559339938, 0.19009067661, 0.49959172973]
    ],
    [
      [0.00026560969756, 0.16458864555, 0.46002230779, 0.37512343696],
      [0.56272698207, 0.10475744994, 0.33140844165, 0.0011071263376],
      [0.056055903338, 0.8471017015, 0.060196615512, 0.036645779653],
      [0.0077545967113, 0.071964056334, 0.91410293122, 0.0061784157344],
      [0.053896293021, 0.62325358075, 0.24543532457, 0.077414801661],
      [0.21121100509, 0.12535885473, 0.21054332681, 0.45288681337]
    ],
    [
      [0.00021209993226, 0.15023694783, 0.41824510572, 0.43130584652],
      [0.52887288712, 0.11312720672, 0.35648763633, 0.0015122698219],
      [0.048956191647, 0.84483621274, 0.05992757021, 0.046280025401],
      [0.0068091179623, 0.072248390366, 0.91309778568, 0.0078447059936],
      [0.046562050123, 0.61516719172, 0.24160927143, 0.096661486734],
      [0.1693010037, 0.11506428092, 0.19255736061, 0.52307735477]
    ],
    [
      [0.00023641761139, 0.16767932998, 0.45449021897, 0.37759403343],
      [0.53335156352, 0.11441195331, 0.35103976405, 0.0011967191176],
      [0.049457392912, 0.85485943362, 0.059038206962, 0.03664496651],
      [0.0069814595578, 0.074173281351, 0.91254332346, 0.0063019356335],
      [0.047802233641, 0.63252904559, 0.24186711377, 0.077801606998],
      [0.19158500505, 0.13044536559, 0.21256032092, 0.46540930844]
    ],
    [
      [0.00019393842716, 0.15219667905, 0.45007805462, 0.3975313279],
      [0.49169726156, 0.11659010657, 0.39029511212, 0.0014175197422],
      [0.044409814859, 0.84928634295, 0.063996986021, 0.042306856167],
      [0.0058245338848, 0.068469524743, 0.9189442101, 0.0067617312736],
      [0.041946289329, 0.61409557751, 0.25620197032, 0.087756162842],
      [0.16110004043, 0.12132764345, 0.21571345065, 0.50185886547]
    ],
    [
      [0.00016821493062, 0.14537003043, 0.42217015852, 0.43229159611],
      [0.47241624131, 0.12265996524, 0.40323802898, 0.0016857644625],
      [0.040249524017, 0.84937268876, 0.062643701341, 0.047734085886],
      [0.0053716269942, 0.069510953411, 0.91735584978, 0.0077615698194],
      [0.037954259148, 0.61263094605, 0.25047716608, 0.098937628719],
      [0.13932773678, 0.11532556592, 0.20128802594, 0.54405867136]
    ],
    [
      [0.00019737020728, 0.14564163378, 0.4453946292, 0.40876636681],
      [0.50035843007, 0.11165733473, 0.38652301174, 0.0014612234643],
      [0.046867890269, 0.8422689029, 0.065677198942, 0.045186007891],
      [0.0060004941031, 0.066332187366, 0.92061683182, 0.00705048671],
      [0.043826741611, 0.60308738702, 0.26031102765, 0.092774843716],
      [0.1623921228, 0.1150340302, 0.21149316661, 0.51108068039]
    ],
    [
      [0.00015021920672, 0.15098390121, 0.36702589792, 0.48183998166],
      [0.47089692337, 0.14048548795, 0.38654673113, 0.0020708575549],
      [0.035088964621, 0.85997221885, 0.053083842673, 0.051854973854],
      [0.0054297792896, 0.081709664207, 0.90307487648, 0.0097856800187],
      [0.033996865235, 0.63741594537, 0.21814160102, 0.11044558838],
      [0.12173711664, 0.11672895382, 0.17049415797, 0.59103977157]
    ],
    [
      [0.00025756322942, 0.13813934515, 0.40814745191, 0.45345563971],
      [0.5867131015, 0.094799006536, 0.31703848611, 0.0014494058471],
      [0.063033154536, 0.8233948494, 0.061981888032, 0.051590108034],
      [0.0084880334032, 0.068191720596, 0.91485185101, 0.0084683949934],
      [0.058937506038, 0.58944178113, 0.24569125424, 0.10592945859],
      [0.19607648798, 0.10082359338, 0.179054006, 0.52404591264]
    ],
    [
      [0.00017658412226, 0.1286856343, 0.37900391321, 0.49213386836],
      [0.51242012924, 0.11204881707, 0.3735442171, 0.0019868366002],
      [0.046760236713, 0.83068671979, 0.062241056343, 0.060311987153],
      [0.0062695120671, 0.068425873295, 0.91544822861, 0.0098563860316],
      [0.043340377959, 0.58923733113, 0.24459681601, 0.1228254749],
      [0.13961675636, 0.097415473095, 0.17243794661, 0.59052982394]
    ],
    [
      [0.0003215198529, 0.16207048786, 0.35696658184, 0.48064141045],
      [0.66971213382, 0.094244186735, 0.23484920708, 0.0011944723685],
      [0.067443336691, 0.84382090099, 0.04570742779, 0.043028334528],
      [0.011669147056, 0.087775868374, 0.89149494735, 0.0090600372235],
      [0.067556026402, 0.6417103664, 0.19510961262, 0.095623994582],
      [0.22971041515, 0.10823861869, 0.14261567874, 0.51943528742]
    ],
    [
      [0.00014121163921, 0.14503620343, 0.41553816809, 0.43928441684],
      [0.4320143871, 0.13342085042, 0.43268430588, 0.0018804565909],
      [0.034141586633, 0.85420490156, 0.06232891493, 0.049324596881],
      [0.0045808534883, 0.070472019599, 0.91687935456, 0.0080677723517],
      [0.032189630645, 0.6165381922, 0.24913703324, 0.10213514392],
      [0.11905814042, 0.11716322768, 0.2017636914, 0.5620149405]
    ],
    [
      [0.00021355881259, 0.10036902401, 0.26670021274, 0.63271720444],
      [0.66911659901, 0.082005247549, 0.24665677013, 0.0022213833153],
      [0.066456914386, 0.79973734708, 0.049995620473, 0.083810118057],
      [0.010388529135, 0.072512439738, 0.90107104797, 0.016027983158],
      [0.062344375865, 0.56252956174, 0.2006955534, 0.174430509],
      [0.15388171121, 0.066130276345, 0.1048048833, 0.67518312914]
    ],
    [
      [0.0001988339684, 0.13966349466, 0.42314332926, 0.43699434211],
      [0.51540839563, 0.10904145923, 0.37396241403, 0.0015877311086],
      [0.048881374925, 0.8366585734, 0.064557906015, 0.049902145663],
      [0.0063497034277, 0.066805334525, 0.9189436808, 0.0079012812489],
      [0.045572946299, 0.59710371732, 0.25514563394, 0.10217770244],
      [0.16034341943, 0.10797126588, 0.19664356281, 0.53504175188]
    ],
    [
      [0.00031284095023, 0.15922440759, 0.58906860876, 0.2513941427],
      [0.55791177376, 0.085086881449, 0.35638539528, 0.00061594950496],
      [0.066721641097, 0.83082514064, 0.077894494115, 0.024558724146],
      [0.0072891617697, 0.055536759245, 0.93390693763, 0.0032671413517],
      [0.061433200743, 0.58470415759, 0.3041134791, 0.049749162566],
      [0.26369269478, 0.12842586355, 0.2855877952, 0.32229364647]
    ],
    [
      [0.00019701713219, 0.15337184797, 0.50185133029, 0.3445798046],
      [0.51542147595, 0.1029848051, 0.38066214094, 0.000931578012],
      [0.044268339721, 0.85701494996, 0.067648358772, 0.031068351542],
      [0.0052362062524, 0.060710103088, 0.92957563158, 0.0044780590771],
      [0.042062263422, 0.6165525624, 0.27543953278, 0.065945641398],
      [0.17519788425, 0.12422581182, 0.24171463834, 0.45886166559]
    ],
    [
      [0.00026158492996, 0.13379265886, 0.41114007059, 0.45480568563],
      [0.59194316688, 0.090795019912, 0.31583689723, 0.001424915981],
      [0.0655112601, 0.81814562628, 0.063838739153, 0.052504374463],
      [0.0085769037017, 0.065685910204, 0.91736168604, 0.0083755000543],
      [0.060804142417, 0.58081541095, 0.25125232149, 0.10712812514],
      [0.19862397779, 0.097243832358, 0.17959121808, 0.52454097178]
    ],
    [
      [0.00023442560457, 0.15060951451, 0.44768644746, 0.40146961243],
      [0.54043831599, 0.10499245441, 0.35326297901, 0.0013062506015],
      [0.053691976954, 0.83979408663, 0.06367106285, 0.042842873565],
      [0.0070702878626, 0.068051005924, 0.91800242733, 0.0068762788805],
      [0.050617513565, 0.60629110763, 0.25442031736, 0.088671061443],
      [0.18794951351, 0.11591459131, 0.20713717276, 0.48899872243]
    ],
    [
      [0.00022583205202, 0.12962345258, 0.45251036737, 0.41764034801],
      [0.53755457873, 0.093109511328, 0.36794361728, 0.0013922926615],
      [0.058505771536, 0.81857721346, 0.072771704679, 0.050145310325],
      [0.0068075495162, 0.058527004818, 0.92755634494, 0.0071091007258],
      [0.053008275684, 0.56769329743, 0.27948690352, 0.09981152337],
      [0.18124544974, 0.099793149179, 0.20942885928, 0.50953254179]
    ],
    [
      [0.0002148778476, 0.12584081587, 0.47657409973, 0.39737020655],
      [0.51605479537, 0.09128302339, 0.39131810984, 0.0013440713946],
      [0.057133512448, 0.81501237307, 0.078674024164, 0.04918009032],
      [0.0061874103765, 0.054281459864, 0.93303946459, 0.0064916651684],
      [0.050893989114, 0.55586190142, 0.29705432719, 0.096189782278],
      [0.17697804307, 0.099454604928, 0.22643091149, 0.49713644052]
    ],
    [
      [0.00021527520355, 0.14296328354, 0.60186996028, 0.25495148098],
      [0.46454858445, 0.092732888035, 0.44195375766, 0.00076476985325],
      [0.051302159447, 0.83166061217, 0.088981262702, 0.028055965678],
      [0.0049559380978, 0.049285001326, 0.94245688188, 0.0033021786986],
      [0.045544573374, 0.56481090523, 0.33490188067, 0.054742640726],
      [0.19818878839, 0.12608392053, 0.31907922385, 0.35664806724]
    ],
    [
      [0.00017702537528, 0.1517885251, 0.43515404363, 0.41288040589],
      [0.47509949527, 0.12327773126, 0.40005787017, 0.0015649032929],
      [0.040828670497, 0.85246983662, 0.062334577728, 0.044366915156],
      [0.0054864311656, 0.070475875108, 0.91677164671, 0.0072660470211],
      [0.038692425184, 0.61863407214, 0.25036615103, 0.092307351648],
      [0.14734742948, 0.12131198257, 0.20909664339, 0.52224394456]
    ],
    [
      [0.00013423783577, 0.12447867994, 0.36560804228, 0.50977903994],
      [0.57447254328, 0.097900313384, 0.32605935308, 0.0015677902513],
      [0.035505636564, 0.85649023321, 0.056711209984, 0.051292920244],
      [0.0048659606738, 0.066518191039, 0.91989469724, 0.0087211510486],
      [0.03454722921, 0.61673203682, 0.23669263968, 0.11202809428],
      [0.11927655562, 0.092051682138, 0.16135821446, 0.62731354778]
    ],
    [
      [0.00030044314784, 0.087444609649, 0.3473282282, 0.564926719],
      [0.6976828389, 0.054733642736, 0.24609133658, 0.0014921817811],
      [0.10100966651, 0.74849726103, 0.070704586564, 0.079788485891],
      [0.011579427525, 0.050116809321, 0.92715727715, 0.011146486001],
      [0.088350826919, 0.49226552292, 0.26428003748, 0.15510361268],
      [0.21135687375, 0.056831482985, 0.13477947132, 0.59703217195]
    ],
    [
      [0.00034872636322, 0.15647226476, 0.52548294417, 0.31769606471],
      [0.62048671843, 0.078838490973, 0.29998524824, 0.00068954235684],
      [0.073370534491, 0.83008056046, 0.06779921204, 0.028749693008],
      [0.0089747038983, 0.060006535903, 0.9267415724, 0.0042771877964],
      [0.069706177824, 0.59571914698, 0.27402720166, 0.060547473537],
      [0.27384517371, 0.11532657788, 0.23232582604, 0.37850242237]
    ],
    [
      [0.00020158887854, 0.14791064962, 0.44682542207, 0.40506233943],
      [0.5033951011, 0.1120417604, 0.38312727109, 0.0014358674058],
      [0.047244798846, 0.84333507572, 0.065068921704, 0.044351203734],
      [0.0061060281134, 0.067128674205, 0.91977892856, 0.0069863691207],
      [0.04430477485, 0.60583191767, 0.25858443506, 0.091278872414],
      [0.16556815696, 0.1167421645, 0.21205118084, 0.50563849769]
    ],
    [
      [0.00020761419434, 0.14954481939, 0.38255834847, 0.46768921795],
      [0.54035270477, 0.11755055202, 0.3403868847, 0.001709858512],
      [0.048212760109, 0.84620401471, 0.05514561409, 0.050437611093],
      [0.0072263857215, 0.077970419874, 0.9055910112, 0.0092121832053],
      [0.046333017535, 0.62255493768, 0.22465432374, 0.10645772105],
      [0.16187404583, 0.11187990475, 0.1720405594, 0.55420549003]
    ],
    [
      [0.00028869189331, 0.13388881658, 0.38000294288, 0.48581954865],
      [0.62725480968, 0.088127317222, 0.28312406387, 0.0014938092238],
      [0.071987424008, 0.8126532673, 0.058859557971, 0.056499750717],
      [0.010164486594, 0.070627270598, 0.90948540205, 0.0097228407601],
      [0.067412229265, 0.58284274409, 0.23360277729, 0.11614224935],
      [0.20994155121, 0.093524387595, 0.15958857934, 0.53694548186]
    ],
    [
      [0.00020780095399, 0.15844609939, 0.39322880609, 0.44811729357],
      [0.53201988626, 0.12242545889, 0.34395681855, 0.0015978362973],
      [0.045879334352, 0.85462677321, 0.053876884216, 0.045617008219],
      [0.007024354575, 0.080204738277, 0.90426594027, 0.0085049668745],
      [0.044618691442, 0.63571433177, 0.22214036808, 0.09752660871],
      [0.16379585394, 0.11979977036, 0.17871795268, 0.53768642303]
    ]
  ],
  "expected_outcome": [
    [
      [0.0089613110181, 0.015399367886, 0.011500126914, 0.0058434133464, 0.011453396342, 0.0070925283418, 0.0091151060766, 0.0047100180574, 0.016381727204, 0.0028541649276, 0.011590345324, 0.0045911871788, 0.0003215198529, 0.0081902750743, 0.0012813528755, 0.011532370167, 0.0043797733032, 0.00059105139658, 0.0075859629689, 0.016175366716, 0.0070007936127, 0.010958770228, 0.0049513296816, 0.019826842031, 0.00026847567153, 0.0015022157392, 0.0013949054529, 0.078216484875, 0.0074741109961, 0.028003113651, 0.0037404171719],
      [6.3231725967, 11.6356928187, 7.1127027693, 3.6209502021, 8.1127951831, 5.0303798994, 7.1532439154, 4.0703608522, 12.0882556039, 2.868694123, 6.2162705319, 3.3458264919, 0.16207048786, 8.4120997989, 0.60221414407, 8.1004826905, 2.2291417062, 0.46011554391, 3.8799871068, 10.3920565014, 4.0183270299, 6.4178816094, 3.2881555214, 17.000314811, 0.24895735988, 0.43722304825, 0.62588905902, 57.3893320518, 5.383613498, 12.9872152085, 2.8520297891],
      [15.1952759747, 28.2912910519, 19.4570995934, 10.1204907715, 22.5852357088, 13.6347065692, 21.1536685672, 11.8207644387, 36.967754224, 6.9734920605, 18.3666353359, 9.8541017435, 0.35696658184, 24.1012137491, 1.6002012764, 24.542313097, 8.2469605227, 1.5055539909, 11.923062047, 30.8903648745, 14.0278213883, 24.3052790864, 13.8430090865, 48.7372528869, 0.73121608456, 1.736641141, 2.1019317767, 173.368263763, 13.7721005448, 36.8602854589, 7.0781185096],
      [13.4725901175, 25.0576167615, 19.4186975105, 8.2527156131, 23.2905157118, 11.327821003, 18.6839724113, 12.1041646911, 33.9276084449, 9.1549596516, 20.4055037869, 12.7954805774, 0.48064141045, 25.4784961769, 3.7963032266, 25.3456718423, 3.5195179978, 1.0337394138, 13.1893648832, 27.7014032574, 12.9468507882, 20.265880534, 5.8638840625, 46.24260546, 1.0195580799, 2.824633595, 1.2707842588, 157.1641877003, 16.8368118462, 47.1244962189, 8.0661112842]
    ],
    [
      [49.0822545966, 161.7546890378, 83.7034089773, 35.4517998703, 72.4555855361, 121.6041564826, 79.6549563734, 35.9036343398, 97.0695354329, 9.4179384675, 41.6566302067, 26.6458467202, 5.3576970706, 25.488848839, 3.3455829951, 42.7788968372, 35.148441747, 2.0616859038, 37.2924195132, 84.8488156097, 69.8820952349, 65.0229042172, 35.7702410024, 113.0736798743, 0.57447254328, 4.8837798723, 7.4458406212, 412.7839829013, 78.8914948971, 213.2666352912, 81.3990425971],
      [10.4340758367, 37.0113351867, 15.6472093409, 6.5997193463, 15.498427321, 26.0859253541, 18.8875972644, 9.3221573583, 21.6615229368, 2.8097097589, 6.730729464, 5.8265384875, 0.75395349388, 7.871830175, 0.41002623774, 9.0504411161, 5.3604735313, 0.4119392204, 5.7200862545, 16.4838153419, 12.1042364727, 11.5016609471, 7.1404323787, 29.3401000407, 0.097900313384, 0.38313549915, 0.94606189168, 91.8742435293, 17.1623805943, 29.9632878554, 18.7310952106],
      [28.3804418625, 101.8620633541, 48.4502562895, 20.8787318241, 48.8388061773, 80.0370662045, 63.227808164, 30.6460902028, 74.9854642782, 7.7309346225, 22.5097325141, 19.4242992891, 1.8787936566, 25.5283740472, 1.2332838506, 31.0388803647, 22.4522799029, 1.5226485637, 19.8977245255, 55.462287704, 47.8326702464, 49.30608184, 34.0304393402, 95.2137731013, 0.32605935308, 1.7226393561, 3.5998229788, 314.1643622966, 49.6964851659, 96.2621817172, 52.6253932388],
      [0.10322770416, 0.37191242129, 0.19912539224, 0.069748959269, 0.2071809656, 0.27285195881, 0.22963819824, 0.12811809915, 0.28347735207, 0.041417151098, 0.10290781514, 0.10331550321, 0.0095557789478, 0.11094693886, 0.011106916577, 0.13178168202, 0.038804818812, 0.003726312048, 0.089769706802, 0.20508134444, 0.180998046, 0.16935299572, 0.0588872787, 0.3724469837, 0.0015677902513, 0.010445272468, 0.0082745082821, 1.1774112728, 0.24963934275, 0.50789513611, 0.24446895349]
    ],
    [
      [13.6432137439, 23.6690318145, 22.2415985797, 8.128105984, 12.2390479119, 10.089308154, 8.7487335273, 4.4274476419, 14.7165175444, 4.2808536838, 18.4687142789, 7.7621992943, 1.4837534072, 8.1939807919, 0.4651984007, 9.7273936101, 4.136741748, 0.8410984547, 6.4201034898, 24.215081606, 11.0575908202, 14.683312699, 5.5406332203, 13.5959472756, 0.14202254625, 0.8080773321, 0.66033481042, 82.9146219753, 11.6674879463, 41.8246933485, 4.4961747665],
      [234.4953760985, 435.3810732184, 334.9161898015, 122.8297467172, 211.2090531855, 174.3913244579, 167.3094095617, 93.4309957631, 264.4724355101, 104.9166106999, 241.2546908739, 137.8939954855, 18.5640598218, 205.0091763734, 5.5981614296, 166.495056106, 51.5111587198, 16.2832840493, 80.1782713758, 378.7471330708, 154.7110933441, 209.4581798786, 89.8193461147, 283.8724555939, 3.4259609328, 5.9879780883, 7.4707250441, 1480.053057881, 204.7813715594, 472.1515483036, 83.7534237749],
      [14.3522730823, 27.0065258273, 23.364712128, 8.7285092492, 14.9818925524, 12.0437942202, 12.6074062462, 6.8908071475, 20.6226404678, 6.4762288061, 18.1606931933, 10.3320153529, 1.0055634114, 14.9589395832, 0.34996934331, 12.8470232969, 4.8294586351, 1.2853188167, 6.256196437, 28.7156493455, 13.7538521843, 20.2192242101, 9.6099763718, 20.7574143836, 0.22684483994, 0.56563669251, 0.61019290836, 114.1959575904, 13.3452386099, 34.197403181, 5.2799346531],
      [9.5091370753, 17.9433691398, 17.4774994908, 5.3136380496, 11.5700063503, 7.4755731679, 8.3344506649, 5.2507494475, 14.1884064777, 6.3263068102, 15.1159016539, 10.0117898673, 0.94662335962, 11.8379032515, 0.5866708264, 9.930526987, 1.522640897, 0.59029867931, 5.1454286974, 19.3221359776, 9.4774636514, 12.6392832123, 3.0300442932, 14.7741827469, 0.20517168098, 0.63830788713, 0.25874723707, 77.8363625533, 12.2059018844, 32.8263551669, 4.4704668055]
    ],
    [
      [2.4024923537, 5.537542734, 5.1955437171, 1.8378394206, 3.5407413404, 4.89400315, 5.4051674451, 1.5577718283, 4.7283893532, 1.1945514437, 3.5734620627, 2.1629816631, 0.37341270579, 1.8323413953, 0.16621646616, 3.295496079, 2.2815076339, 0.078543093786, 2.358648518, 5.2956456091, 4.1049523583, 4.43637324, 2.1211415059, 6.2655043911, 0.087587292128, 0.22000912298, 0.43078578712, 25.5598336827, 3.425306832, 11.8212979091, 2.5498407107],
      [25.3928554774, 62.6863379999, 48.1399800051, 17.0554813512, 37.5691629902, 51.9954702271, 63.5397189615, 20.1581764892, 52.2697636446, 17.9761261255, 28.7087143707, 23.6069262869, 2.808827788, 28.1888078395, 1.1601990358, 34.6719686186, 17.3830056438, 0.91065154632, 18.0636253062, 50.9702034373, 35.2917839054, 38.9198067227, 21.0939805674, 80.4834493731, 1.1973274387, 0.95221937709, 2.8803137234, 281.0006302209, 36.9579790201, 82.1395157054, 29.1143199944],
      [277.1640478326, 691.6601667263, 597.6887485967, 216.6423946992, 474.8108485527, 639.6928697438, 852.7802269715, 266.0331964348, 725.4460634747, 198.6764728266, 385.1526292743, 315.829638869, 28.5278383151, 366.7517418245, 14.4171367675, 476.9317703342, 292.3128714792, 13.9436344737, 252.2744636609, 687.5838180722, 559.3164759987, 668.9892961116, 403.3715454437, 1046.9532205376, 16.5581045503, 17.6159882659, 44.4835954753, 3850.1945949571, 429.2501393086, 1057.7315225814, 328.2485363194],
      [2.0406043363, 5.1159525398, 4.9757276811, 1.4642845291, 4.0792471167, 4.4176568791, 6.2748866219, 2.2508552476, 5.5557835275, 2.1528496041, 3.5651942922, 3.4004531809, 0.28992119115, 3.2271089407, 0.25644773053, 4.1007649682, 1.0226152431, 0.067170886156, 2.3032625149, 5.1503328815, 4.2867877376, 4.6545239258, 1.413332483, 8.2978256981, 0.15698071888, 0.21178323402, 0.20530501423, 29.2449411393, 4.3665748393, 11.307663804, 3.0873029754]
    ],
    [
      [4.1191076401, 7.1336711193, 8.0173867743, 3.5571553394, 3.8646501602, 3.9197831586, 2.6845625171, 0.91090221955, 4.733288094, 1.3938714746, 3.5362503623, 2.3403804098, 0.33778013201, 2.0601363613, 0.24937750346, 3.3268250799, 1.4743968178, 0.084124526844, 2.4929698391, 5.6185440057, 2.7034220599, 5.394762846, 1.4118817746, 4.7978607228, 0.10364168763, 0.44175413459, 0.41823706695, 29.5512848252, 3.1506451924, 11.3926667458, 0.84775513739],
      [54.2019651145, 100.4942600899, 92.4500437807, 41.1347363297, 51.0588769124, 51.8673817384, 39.3021169604, 14.7031427052, 65.1334377979, 26.13405376, 35.3665068679, 31.8188158812, 3.208551832, 39.4584443005, 2.2501182469, 43.5885713647, 14.0328997822, 1.2331051248, 23.8134318492, 67.2983129475, 28.9523581689, 58.9213615502, 17.5091380621, 76.7106249457, 1.8501961105, 2.4613276146, 3.5743148819, 404.0898890866, 42.3337357624, 98.5004237514, 12.0785723037],
      [18.3720965374, 34.4991550834, 35.6992948417, 16.1987314213, 20.0535695285, 19.8331033291, 16.3969261006, 6.0114519859, 28.1135909867, 8.943805642, 14.7414752543, 13.2082280643, 0.97554806308, 15.9447701271, 0.80278221361, 18.6256312774, 7.2987234984, 0.55087906556, 10.3013451812, 28.2406552267, 14.2538320794, 31.4877586822, 10.3819583008, 31.0454027271, 0.71007791905, 1.3214001874, 1.6441632099, 172.4758181881, 15.2764940141, 39.4788693621, 4.2206669934],
      [6.306830708, 11.8729137073, 13.8332746033, 5.1093769096, 8.0229033989, 6.3797317739, 5.6163944219, 2.3745030893, 10.0196831214, 4.5282691234, 6.3557675155, 6.6325756447, 0.47811997291, 6.5366492111, 0.69772203599, 7.458972278, 1.1939799016, 0.1318912828, 4.3922531305, 9.8424878202, 5.0903876919, 10.1961169215, 1.6970218625, 11.4461116043, 0.33608428285, 0.77551806339, 0.36328484122, 60.8830079001, 7.2391250311, 19.6280401406, 1.8530055655]
    ],
    [
      [4.2532060065, 15.0196463548, 11.4887274624, 7.181174173, 8.2957491812, 5.5559651465, 7.8939019811, 2.6472269988, 8.6067825083, 2.5564794494, 12.7449717185, 4.0488859344, 1.1485520758, 4.5242093361, 0.46164513364, 6.2533933578, 3.1643123373, 0.17519788425, 2.3834877335, 19.5467494047, 5.0748725928, 15.3970897469, 4.5583421329, 9.2828880572, 0.23855311124, 0.42271374749, 1.0953806948, 53.97521917, 7.2843320623, 27.9222263104, 3.6035087866],
      [2.8773238965, 10.8995280747, 6.8200105637, 4.2622010608, 5.6381497652, 3.782915602, 5.9450545288, 2.1911857525, 6.0968036009, 2.4513080301, 6.5535335699, 2.8250487197, 0.54119309346, 4.4522026517, 0.19839082903, 4.2108793693, 1.5411103626, 0.12422581182, 1.1669259883, 12.0551174957, 2.794208177, 8.6525506288, 2.8999301722, 7.6426549017, 0.18410336428, 0.11366296597, 0.4613063115, 38.0579456285, 5.0345957136, 12.4387435501, 2.6355949478],
      [4.155519911, 15.9320782963, 11.21534992, 7.1584731117, 9.43531067, 6.1642493066, 10.569959082, 3.8244724928, 11.2091378303, 3.5803773174, 11.6385103898, 5.0007004516, 0.7130783937, 7.6670202732, 0.31441464991, 7.6690989496, 3.4270535424, 0.24171463834, 2.1550946169, 21.5422659665, 5.8640080599, 19.6994892992, 7.3388221485, 13.1730885335, 0.32271642892, 0.26955894264, 0.92930330418, 69.1286849546, 7.7418251729, 21.2252810521, 3.9317949589],
      [9.713950186, 37.1487472743, 29.4759120539, 15.3981516545, 25.6307903836, 13.4968699449, 24.5910844081, 10.3371147559, 27.0872760605, 12.4118352031, 34.0629843218, 17.1253648942, 2.5971764371, 21.356567739, 2.0255493874, 20.8666283233, 3.8675237577, 0.45886166559, 6.2944916613, 50.855867133, 14.2669111702, 43.2508703251, 8.2029055464, 32.9013685075, 1.2546270956, 1.1940643439, 1.5140096895, 164.8381502469, 24.9392470512, 71.4137490874, 11.8291013067]
    ]
  ],
  "prob": [
    [0.00021925107378, 0.14851483828, 0.43484573744, 0.4164201732],
    [0.52911752762, 0.1088137837, 0.36063976098, 0.0014289277031],
    [0.051029556153, 0.84075573055, 0.062897409028, 0.045317304273],
    [0.0068024259635, 0.069044240753, 0.91679040847, 0.0073629248175],
    [0.04809005683, 0.60701572963, 0.25117644179, 0.093717771755],
    [0.17591849493, 0.11454678844, 0.20166862773, 0.50786608889]
  ],
  "iterations": 204,
  "time": 0.000364,
  "message": "Converged",
  "status": 0,
  "miniter": 0,
  "maxiter": 1000,
  "maxtime": 3600,
  "param_threshold": 0.001,
  "ll_threshold": "-Inf",
  "initial_prob": "random",
  "adjust_prob_cond_method": "",
  "adjust_prob_cond_every": true,
  "candidates_id": ["SMITHSON, Anne-Elise.c", "HILLS, Richard Brian.c", "COLEMAN, Jonathan David.c", "Other candidates votes.c"],
  "group_id": ["Conservative.p", "Green Party.p", "Labour Party.p", "National Party.p", "New Zealand First Party.p", "Other parties votes.p"]
}
