{
  "X": [
    [1, 2, 5, 1],
    [17, 53, 120, 11],
    [3, 4, 3, 0],
    [117, 314, 351, 33],
    [2, 10, 2, 0],
    [5, 10, 8, 0],
    [2, 14, 9, 0],
    [0, 3, 3, 0],
    [3, 30, 28, 3],
    [3, 29, 20, 2],
    [4, 32, 19, 2],
    [11, 64, 40, 3],
    [11, 63, 34, 4],
    [18, 92, 47, 3],
    [5, 18, 8, 1],
    [3, 3, 5, 1],
    [14, 26, 37, 4],
    [25, 161, 104, 11],
    [2, 18, 8, 2],
    [4, 34, 32, 2],
    [7, 43, 56, 3],
    [0, 5, 3, 0],
    [19, 34, 50, 6],
    [0, 3, 4, 1],
    [1, 9, 7, 0],
    [47, 94, 175, 23],
    [4, 10, 0, 0],
    [26, 48, 32, 1],
    [43, 85, 75, 8],
    [4, 25, 4, 0],
    [52, 100, 114, 13],
    [8, 7, 9, 0],
    [5, 15, 17, 3],
    [11, 18, 23, 5],
    [0, 4, 3, 0],
    [4, 12, 14, 2],
    [15, 53, 49, 3],
    [64, 195, 226, 31],
    [18, 60, 79, 7],
    [1, 3, 4, 0],
    [4, 10, 6, 1],
    [8, 21, 16, 4],
    [27, 70, 102, 17],
    [11, 52, 92, 8],
    [11, 72, 51, 5],
    [17, 32, 25, 4],
    [11, 15, 11, 2],
    [10, 43, 55, 5],
    [22, 134, 103, 9],
    [7, 13, 17, 0],
    [1, 5, 0, 1],
    [2, 8, 8, 1],
    [0, 4, 5, 0],
    [6, 23, 15, 0],
    [16, 58, 66, 10],
    [10, 22, 11, 1],
    [38, 119, 182, 15],
    [3, 29, 10, 8],
    [14, 71, 86, 9],
    [0, 4, 2, 1],
    [0, 5, 1, 1],
    [43, 192, 244, 10],
    [0, 2, 6, 1],
    [19, 41, 25, 1],
    [5, 13, 27, 2],
    [9, 12, 16, 2],
    [13, 52, 101, 12],
    [37, 116, 127, 21],
    [26, 24, 52, 4],
    [9, 49, 47, 8],
    [65, 187, 347, 17],
    [39, 100, 164, 14],
    [1, 8, 6, 0],
    [0, 2, 5, 1],
    [3, 3, 3, 2],
    [5, 14, 8, 1],
    [0, 2, 5, 0],
    [9, 20, 30, 1],
    [4, 13, 27, 2],
    [3, 7, 9, 0],
    [3, 10, 9, 0],
    [1, 9, 15, 3],
    [12, 40, 46, 2],
    [0, 4, 2, 0],
    [4, 13, 13, 1],
    [3, 4, 4, 0],
    [10, 4, 1, 1],
    [19, 7, 11, 2],
    [3, 10, 10, 0],
    [4, 6, 4, 3],
    [1, 7, 5, 0],
    [2, 7, 2, 1],
    [10, 2, 9, 2],
    [2, 3, 1, 0],
    [11, 32, 28, 1],
    [7, 20, 28, 2],
    [5, 4, 8, 4],
    [4, 6, 3, 2],
    [10, 11, 11, 0],
    [4, 7, 6, 1],
    [1, 2, 4, 0],
    [5, 21, 36, 2],
    [10, 28, 34, 2],
    [13, 35, 36, 3],
    [7, 15, 30, 3],
    [5, 10, 25, 0],
    [6, 7, 11, 0],
    [6, 11, 26, 3],
    [4, 16, 28, 0],
    [8, 7, 7, 0],
    [5, 5, 10, 1],
    [2, 8, 6, 0],
    [2, 19, 4, 1],
    [2, 26, 16, 1],
    [5, 12, 8, 1],
    [3, 6, 5, 1],
    [0, 2, 2, 2],
    [4, 15, 14, 1],
    [1, 9, 9, 0],
    [1, 5, 1, 0],
    [1, 7, 3, 1],
    [1, 4, 1, 0],
    [0, 8, 1, 0],
    [9, 17, 14, 4],
    [2, 5, 0, 1],
    [0, 7, 2, 1],
    [3, 10, 18, 1],
    [1, 6, 2, 0],
    [5, 13, 15, 0],
    [0, 11, 4, 2],
    [1, 9, 8, 1],
    [1, 5, 2, 0],
    [3, 8, 8, 1],
    [1, 14, 5, 0],
    [1, 10, 2, 0],
    [3, 9, 6, 1],
    [2, 5, 5, 0],
    [1, 11, 8, 0],
    [0, 7, 2, 1],
    [4, 14, 18, 2],
    [5, 9, 10, 0],
    [6, 11, 10, 0],
    [6, 30, 18, 1],
    [2, 17, 7, 0],
    [2, 11, 10, 2],
    [1, 6, 4, 0],
    [0, 3, 4, 0],
    [2, 11, 11, 1],
    [11, 24, 19, 0],
    [6, 56, 18, 1],
    [5, 41, 25, 4],
    [8, 44, 19, 4],
    [0, 5, 3, 1],
    [2, 8, 13, 0],
    [6, 29, 22, 0],
    [3, 3, 7, 0],
    [2, 2, 6, 1],
    [2, 7, 1, 1],
    [0, 6, 6, 2],
    [3, 10, 15, 3],
    [7, 33, 29, 5],
    [0, 6, 11, 2],
    [1, 3, 7, 3],
    [5, 6, 11, 0],
    [7, 27, 37, 4],
    [1, 4, 7, 3],
    [10, 25, 39, 8],
    [4, 23, 23, 1],
    [5, 17, 27, 4],
    [9, 19, 47, 1],
    [2, 8, 4, 1],
    [3, 14, 8, 1],
    [22, 54, 23, 3],
    [6, 16, 12, 0],
    [1, 12, 12, 3],
    [9, 10, 4, 0],
    [2, 7, 8, 3],
    [2, 5, 16, 1],
    [7, 5, 9, 1],
    [0, 7, 13, 0],
    [3, 7, 4, 0],
    [1, 5, 3, 0],
    [2, 5, 3, 0],
    [6, 12, 3, 0],
    [1, 6, 6, 0],
    [2, 11, 6, 2],
    [3, 8, 5, 5],
    [2, 1, 3, 2],
    [10, 44, 64, 6],
    [2, 8, 7, 1],
    [3, 7, 8, 0],
    [4, 3, 7, 0],
    [2, 13, 12, 0],
    [3, 6, 6, 2],
    [3, 23, 19, 1],
    [5, 17, 30, 1],
    [8, 17, 25, 3],
    [4, 17, 17, 0],
    [3, 9, 10, 1],
    [1, 9, 14, 2],
    [10, 17, 28, 6],
    [8, 29, 41, 3],
    [4, 11, 25, 1],
    [5, 20, 31, 1],
    [5, 8, 8, 0],
    [1, 7, 5, 1],
    [9, 11, 14, 1],
    [6, 17, 29, 3],
    [9, 16, 23, 2],
    [4, 6, 15, 1],
    [1, 5, 14, 1],
    [3, 15, 18, 0],
    [8, 18, 25, 1],
    [4, 9, 12, 1],
    [1, 33, 29, 2],
    [3, 14, 29, 0],
    [2, 33, 26, 2],
    [2, 8, 10, 1],
    [9, 13, 14, 3],
    [1, 5, 1, 0],
    [9, 19, 20, 0],
    [1, 4, 5, 0],
    [1, 10, 12, 2],
    [4, 7, 17, 3],
    [1, 4, 5, 2],
    [7, 20, 23, 1],
    [3, 18, 23, 4],
    [5, 14, 25, 2],
    [5, 14, 14, 0],
    [1, 12, 11, 2],
    [6, 25, 27, 3],
    [0, 7, 3, 1],
    [1, 4, 5, 0],
    [3, 2, 1, 1],
    [2, 2, 14, 3],
    [0, 5, 3, 0],
    [3, 15, 11, 0],
    [1, 4, 3, 1],
    [2, 6, 13, 1],
    [1, 12, 15, 2],
    [4, 12, 8, 0],
    [6, 12, 21, 2],
    [0, 3, 6, 0],
    [0, 5, 2, 0],
    [2, 6, 5, 1],
    [2, 9, 2, 0],
    [4, 13, 12, 1],
    [1, 3, 2, 0],
    [4, 9, 3, 0],
    [10, 44, 29, 4],
    [8, 11, 113, 0],
    [2, 7, 7, 0],
    [7, 10, 15, 3],
    [4, 23, 53, 3],
    [2, 3, 6, 0],
    [1, 4, 7, 0],
    [6, 22, 35, 3],
    [1, 3, 3, 3],
    [2, 5, 5, 0],
    [0, 6, 8, 1],
    [2, 21, 22, 4],
    [2, 11, 10, 2],
    [9, 33, 37, 7],
    [3, 25, 18, 2],
    [1, 6, 7, 1],
    [1, 3, 19, 1],
    [5, 14, 14, 0],
    [0, 4, 3, 0],
    [0, 6, 9, 0],
    [1, 6, 1, 1],
    [1, 8, 5, 2],
    [1, 7, 2, 0],
    [4, 9, 10, 2],
    [4, 7, 11, 1],
    [0, 5, 2, 0],
    [0, 5, 4, 0],
    [0, 5, 1, 0],
    [2, 5, 1, 1],
    [1, 2, 3, 1],
    [1, 1, 4, 1],
    [0, 3, 7, 1],
    [0, 8, 8, 1],
    [2, 24, 13, 1],
    [7, 46, 63, 5],
    [4, 20, 13, 1],
    [1, 4, 1, 1],
    [0, 3, 3, 1],
    [4, 16, 21, 1],
    [0, 4, 3, 0],
    [1, 5, 4, 3],
    [6, 23, 50, 2],
    [0, 8, 16, 2],
    [10, 22, 29, 8],
    [7, 22, 30, 4],
    [0, 6, 1, 0],
    [1, 4, 0, 1],
    [3, 17, 15, 3],
    [2, 10, 10, 2],
    [0, 4, 3, 1],
    [1, 2, 1, 2],
    [5, 19, 22, 1],
    [1, 3, 1, 2],
    [1, 11, 30, 3],
    [4, 19, 26, 8],
    [0, 6, 9, 0],
    [5, 11, 13, 1],
    [2, 4, 5, 3],
    [5, 12, 39, 2],
    [8, 52, 69, 3],
    [4, 15, 20, 2],
    [1, 18, 26, 3],
    [6, 22, 33, 1],
    [3, 13, 8, 5],
    [0, 6, 6, 1],
    [2, 6, 7, 1],
    [9, 21, 40, 1],
    [1, 2, 3, 0],
    [6, 11, 23, 3],
    [25, 33, 79, 5],
    [1, 15, 24, 6],
    [3, 17, 14, 5],
    [5, 17, 55, 5],
    [1, 10, 28, 1],
    [3, 7, 8, 1],
    [17, 22, 30, 5],
    [7, 11, 18, 0],
    [5, 8, 8, 1],
    [7, 10, 12, 1],
    [0, 5, 4, 0],
    [2, 8, 13, 0],
    [8, 25, 23, 1],
    [2, 5, 5, 3],
    [12, 22, 14, 2],
    [15, 12, 21, 0],
    [7, 19, 20, 2],
    [1, 18, 13, 3],
    [2, 5, 11, 1],
    [3, 10, 3, 0],
    [0, 15, 17, 4],
    [13, 21, 32, 1],
    [2, 10, 15, 0],
    [0, 8, 7, 1],
    [6, 16, 22, 0],
    [0, 7, 4, 0],
    [10, 21, 44, 8],
    [4, 4, 11, 0],
    [7, 19, 33, 2],
    [7, 31, 52, 2],
    [8, 11, 34, 1],
    [1, 5, 10, 1],
    [7, 12, 20, 1],
    [11, 37, 37, 4],
    [3, 3, 8, 0],
    [3, 24, 28, 0],
    [42, 124, 109, 9],
    [344, 1003, 990, 99],
    [236, 633, 577, 60],
    [27, 98, 76, 15]
  ],
  "W": [
    [0, 6, 1, 1, 1, 0],
    [11, 149, 18, 2, 10, 11],
    [2, 3, 4, 0, 1, 0],
    [58, 496, 111, 47, 47, 56],
    [4, 3, 6, 0, 0, 1],
    [1, 18, 2, 0, 1, 1],
    [4, 10, 7, 0, 1, 3],
    [1, 2, 2, 0, 0, 1],
    [3, 37, 13, 3, 5, 3],
    [0, 28, 4, 15, 2, 5],
    [4, 33, 10, 4, 2, 4],
    [6, 67, 25, 8, 5, 7],
    [9, 58, 18, 10, 8, 9],
    [10, 83, 37, 13, 7, 10],
    [6, 14, 8, 1, 2, 1],
    [0, 10, 1, 1, 0, 0],
    [4, 45, 8, 7, 11, 6],
    [6, 182, 60, 17, 17, 19],
    [1, 18, 8, 1, 1, 1],
    [4, 45, 9, 4, 7, 3],
    [2, 70, 16, 3, 14, 4],
    [1, 4, 3, 0, 0, 0],
    [9, 60, 10, 9, 8, 13],
    [0, 6, 0, 0, 1, 1],
    [2, 7, 7, 0, 1, 0],
    [25, 218, 26, 24, 28, 18],
    [2, 3, 8, 0, 0, 1],
    [20, 41, 29, 3, 8, 6],
    [38, 99, 39, 9, 11, 15],
    [6, 8, 16, 0, 0, 3],
    [29, 157, 27, 31, 26, 9],
    [5, 12, 1, 2, 1, 3],
    [2, 22, 7, 3, 5, 1],
    [6, 38, 4, 4, 4, 1],
    [1, 3, 2, 0, 1, 0],
    [3, 17, 4, 3, 3, 2],
    [5, 79, 11, 14, 7, 4],
    [43, 300, 71, 30, 32, 40],
    [9, 102, 16, 15, 7, 15],
    [1, 5, 0, 1, 0, 1],
    [2, 11, 2, 3, 2, 1],
    [4, 27, 9, 3, 3, 3],
    [18, 131, 32, 8, 20, 7],
    [13, 100, 26, 10, 11, 3],
    [7, 62, 46, 8, 9, 7],
    [16, 35, 9, 9, 3, 6],
    [4, 18, 5, 6, 4, 2],
    [4, 61, 22, 11, 8, 7],
    [8, 133, 61, 16, 30, 20],
    [0, 22, 3, 8, 2, 2],
    [1, 0, 6, 0, 0, 0],
    [2, 12, 4, 0, 0, 1],
    [1, 7, 1, 0, 0, 0],
    [3, 29, 5, 6, 1, 0],
    [4, 89, 25, 10, 10, 12],
    [2, 22, 7, 4, 5, 4],
    [15, 237, 46, 11, 24, 21],
    [3, 16, 20, 2, 6, 3],
    [11, 103, 27, 15, 17, 7],
    [0, 4, 1, 0, 1, 1],
    [0, 1, 3, 2, 1, 0],
    [17, 327, 80, 16, 24, 25],
    [0, 6, 1, 0, 1, 1],
    [15, 33, 16, 12, 4, 6],
    [1, 27, 10, 2, 5, 2],
    [2, 25, 4, 1, 5, 2],
    [9, 115, 24, 5, 12, 13],
    [31, 167, 56, 14, 21, 12],
    [17, 66, 9, 2, 8, 4],
    [5, 61, 17, 13, 14, 3],
    [38, 386, 134, 20, 20, 18],
    [19, 182, 65, 15, 15, 21],
    [0, 9, 4, 0, 1, 1],
    [0, 7, 1, 0, 0, 0],
    [2, 2, 1, 3, 2, 1],
    [2, 16, 4, 1, 3, 2],
    [0, 3, 0, 3, 0, 1],
    [6, 40, 8, 2, 1, 3],
    [2, 37, 3, 1, 2, 1],
    [0, 15, 1, 0, 3, 0],
    [4, 13, 4, 0, 1, 0],
    [0, 22, 3, 1, 1, 1],
    [6, 66, 9, 6, 7, 6],
    [0, 4, 1, 0, 0, 1],
    [0, 20, 2, 5, 3, 1],
    [4, 6, 0, 0, 1, 0],
    [3, 9, 2, 0, 1, 1],
    [9, 20, 2, 3, 1, 4],
    [4, 12, 3, 3, 1, 0],
    [1, 5, 4, 4, 0, 3],
    [1, 7, 3, 0, 2, 0],
    [3, 3, 0, 5, 0, 1],
    [4, 14, 1, 2, 2, 0],
    [0, 1, 0, 3, 2, 0],
    [5, 35, 15, 7, 4, 6],
    [1, 42, 4, 2, 5, 3],
    [2, 15, 1, 1, 2, 0],
    [1, 7, 2, 2, 2, 1],
    [0, 19, 4, 5, 4, 0],
    [1, 10, 2, 3, 2, 0],
    [0, 4, 0, 2, 1, 0],
    [8, 36, 7, 2, 5, 6],
    [5, 40, 8, 6, 6, 9],
    [4, 49, 12, 3, 11, 8],
    [3, 31, 5, 4, 9, 3],
    [2, 27, 4, 4, 1, 2],
    [5, 12, 1, 0, 3, 3],
    [0, 35, 5, 2, 2, 2],
    [5, 32, 5, 0, 4, 2],
    [1, 13, 2, 5, 0, 1],
    [2, 11, 2, 2, 2, 2],
    [3, 10, 0, 2, 1, 0],
    [2, 10, 8, 4, 1, 1],
    [4, 28, 7, 1, 3, 2],
    [0, 22, 1, 1, 1, 1],
    [3, 7, 2, 0, 1, 2],
    [0, 0, 1, 2, 2, 1],
    [3, 18, 4, 4, 4, 1],
    [0, 14, 2, 1, 0, 2],
    [0, 2, 1, 0, 3, 1],
    [0, 5, 2, 3, 2, 0],
    [1, 2, 1, 2, 0, 0],
    [0, 6, 2, 0, 0, 1],
    [2, 24, 7, 6, 4, 1],
    [2, 3, 1, 0, 1, 1],
    [0, 2, 7, 0, 1, 0],
    [1, 22, 5, 0, 1, 3],
    [0, 4, 0, 3, 1, 1],
    [0, 26, 0, 3, 2, 2],
    [1, 6, 5, 3, 0, 2],
    [0, 10, 4, 1, 3, 1],
    [0, 3, 2, 2, 1, 0],
    [1, 11, 1, 5, 0, 2],
    [1, 11, 2, 3, 2, 1],
    [0, 7, 5, 1, 0, 0],
    [1, 10, 1, 2, 4, 1],
    [1, 5, 0, 4, 1, 1],
    [1, 15, 2, 1, 1, 0],
    [2, 5, 0, 2, 1, 0],
    [0, 22, 5, 2, 8, 1],
    [1, 12, 5, 1, 2, 3],
    [2, 16, 2, 0, 2, 5],
    [1, 33, 13, 1, 5, 2],
    [0, 15, 6, 2, 2, 1],
    [2, 15, 4, 3, 0, 1],
    [2, 5, 0, 1, 2, 1],
    [1, 3, 0, 2, 1, 0],
    [2, 17, 3, 1, 0, 2],
    [5, 32, 4, 4, 5, 4],
    [2, 40, 30, 0, 3, 6],
    [8, 47, 9, 4, 3, 4],
    [2, 42, 15, 2, 7, 7],
    [0, 6, 2, 1, 0, 0],
    [0, 15, 2, 2, 3, 1],
    [3, 34, 7, 3, 7, 3],
    [0, 8, 1, 0, 4, 0],
    [2, 5, 1, 1, 1, 1],
    [1, 2, 1, 3, 0, 4],
    [2, 6, 2, 1, 2, 1],
    [1, 17, 1, 7, 3, 2],
    [3, 43, 16, 6, 4, 2],
    [0, 15, 1, 1, 2, 0],
    [1, 6, 0, 4, 2, 1],
    [3, 11, 1, 3, 1, 3],
    [4, 44, 12, 4, 3, 8],
    [2, 9, 1, 0, 3, 0],
    [0, 49, 14, 4, 5, 10],
    [0, 32, 4, 5, 4, 6],
    [2, 32, 4, 5, 6, 4],
    [3, 51, 7, 3, 7, 5],
    [2, 6, 0, 6, 0, 1],
    [0, 16, 3, 4, 1, 2],
    [7, 54, 27, 3, 5, 6],
    [5, 18, 5, 3, 1, 2],
    [0, 15, 6, 0, 2, 5],
    [2, 9, 6, 0, 3, 3],
    [0, 7, 2, 5, 4, 2],
    [0, 17, 1, 2, 2, 2],
    [4, 10, 0, 3, 1, 4],
    [2, 9, 1, 5, 2, 1],
    [1, 4, 3, 4, 1, 1],
    [1, 4, 2, 1, 1, 0],
    [0, 6, 1, 1, 1, 1],
    [1, 11, 2, 3, 2, 2],
    [1, 6, 1, 3, 1, 1],
    [1, 9, 3, 4, 1, 3],
    [1, 4, 2, 7, 4, 3],
    [1, 3, 1, 1, 1, 1],
    [7, 74, 12, 5, 17, 9],
    [1, 8, 3, 5, 0, 1],
    [2, 9, 2, 2, 2, 1],
    [0, 10, 3, 0, 1, 0],
    [2, 14, 5, 2, 3, 1],
    [0, 8, 2, 5, 0, 2],
    [2, 26, 8, 5, 2, 3],
    [1, 36, 5, 4, 4, 3],
    [3, 36, 3, 5, 5, 1],
    [2, 18, 7, 6, 3, 2],
    [2, 14, 3, 1, 1, 2],
    [0, 16, 6, 4, 0, 0],
    [5, 28, 9, 1, 13, 5],
    [4, 44, 10, 10, 7, 6],
    [0, 29, 4, 0, 7, 1],
    [3, 38, 6, 2, 7, 1],
    [1, 12, 3, 1, 2, 2],
    [1, 8, 2, 0, 3, 0],
    [2, 22, 2, 7, 1, 1],
    [4, 37, 4, 0, 7, 3],
    [4, 25, 6, 1, 8, 6],
    [2, 11, 4, 3, 5, 1],
    [0, 14, 1, 3, 3, 0],
    [1, 24, 6, 3, 2, 0],
    [1, 37, 3, 1, 3, 7],
    [0, 17, 2, 5, 0, 2],
    [3, 41, 6, 7, 3, 5],
    [4, 30, 2, 2, 5, 3],
    [4, 39, 8, 5, 4, 3],
    [3, 13, 0, 1, 4, 0],
    [3, 23, 3, 3, 4, 3],
    [0, 4, 1, 2, 0, 0],
    [4, 28, 5, 5, 3, 3],
    [1, 7, 0, 1, 1, 0],
    [2, 11, 1, 5, 6, 0],
    [0, 18, 0, 4, 4, 5],
    [1, 5, 0, 3, 2, 1],
    [3, 36, 7, 2, 2, 1],
    [5, 26, 6, 3, 4, 4],
    [4, 29, 2, 6, 1, 4],
    [1, 25, 3, 0, 4, 0],
    [0, 15, 2, 2, 4, 3],
    [2, 38, 6, 5, 7, 3],
    [1, 3, 2, 3, 0, 2],
    [0, 7, 2, 0, 1, 0],
    [2, 1, 0, 1, 1, 2],
    [0, 13, 1, 1, 3, 3],
    [1, 4, 3, 0, 0, 0],
    [1, 17, 0, 4, 3, 4],
    [0, 7, 1, 1, 0, 0],
    [2, 13, 4, 2, 0, 1],
    [0, 16, 2, 1, 8, 3],
    [0, 11, 6, 2, 4, 1],
    [2, 26, 7, 2, 1, 3],
    [0, 4, 0, 2, 3, 0],
    [0, 1, 4, 1, 1, 0],
    [0, 5, 4, 2, 2, 1],
    [0, 5, 5, 2, 1, 0],
    [2, 11, 8, 1, 5, 3],
    [0, 3, 1, 1, 0, 1],
    [3, 9, 4, 0, 0, 0],
    [1, 44, 20, 2, 12, 8],
    [3, 116, 8, 1, 4, 0],
    [1, 8, 0, 3, 4, 0],
    [2, 22, 0, 4, 3, 4],
    [2, 68, 3, 3, 3, 4],
    [0, 8, 1, 1, 0, 1],
    [0, 7, 0, 2, 1, 2],
    [6, 28, 10, 6, 9, 7],
    [1, 5, 2, 1, 1, 0],
    [0, 7, 5, 0, 0, 0],
    [0, 9, 3, 0, 2, 1],
    [1, 24, 11, 0, 6, 7],
    [1, 14, 2, 3, 3, 2],
    [1, 46, 15, 3, 15, 6],
    [4, 24, 12, 0, 5, 3],
    [0, 7, 2, 3, 2, 1],
    [1, 15, 2, 2, 2, 2],
    [3, 19, 2, 3, 4, 2],
    [0, 3, 0, 2, 1, 1],
    [0, 9, 5, 1, 0, 0],
    [0, 3, 2, 1, 3, 0],
    [0, 8, 3, 1, 3, 1],
    [1, 7, 2, 0, 0, 0],
    [0, 16, 2, 4, 2, 1],
    [0, 16, 5, 0, 2, 0],
    [0, 3, 0, 2, 2, 0],
    [0, 4, 3, 1, 1, 0],
    [0, 2, 1, 3, 0, 0],
    [2, 4, 0, 1, 1, 1],
    [0, 4, 1, 2, 0, 0],
    [0, 3, 1, 0, 1, 2],
    [0, 7, 1, 0, 2, 1],
    [0, 11, 3, 2, 1, 0],
    [2, 24, 11, 1, 1, 1],
    [2, 82, 14, 12, 9, 2],
    [3, 13, 11, 4, 1, 6],
    [0, 1, 1, 4, 1, 0],
    [0, 3, 2, 1, 1, 0],
    [1, 26, 5, 2, 4, 4],
    [0, 6, 1, 0, 0, 0],
    [1, 5, 1, 3, 3, 0],
    [3, 52, 9, 3, 4, 10],
    [1, 19, 0, 2, 4, 0],
    [1, 39, 6, 3, 10, 10],
    [4, 44, 4, 5, 3, 3],
    [0, 2, 0, 2, 3, 0],
    [1, 2, 0, 1, 2, 0],
    [6, 10, 10, 6, 6, 0],
    [0, 15, 3, 1, 2, 3],
    [0, 4, 2, 0, 1, 1],
    [2, 1, 1, 0, 2, 0],
    [1, 24, 13, 2, 5, 2],
    [0, 2, 0, 3, 2, 0],
    [1, 34, 5, 0, 4, 1],
    [1, 35, 6, 2, 10, 3],
    [2, 6, 3, 0, 3, 1],
    [1, 18, 4, 1, 3, 3],
    [0, 5, 1, 4, 3, 1],
    [0, 41, 6, 2, 5, 4],
    [4, 89, 18, 5, 5, 11],
    [3, 27, 4, 0, 4, 3],
    [0, 32, 6, 2, 3, 5],
    [6, 40, 7, 1, 7, 1],
    [1, 14, 6, 0, 5, 3],
    [1, 9, 1, 1, 0, 1],
    [0, 10, 1, 1, 1, 3],
    [10, 43, 10, 3, 2, 3],
    [0, 1, 0, 2, 2, 1],
    [2, 25, 7, 1, 4, 4],
    [15, 89, 19, 1, 10, 8],
    [2, 24, 15, 0, 2, 3],
    [1, 22, 3, 2, 8, 3],
    [3, 54, 12, 2, 6, 5],
    [2, 27, 4, 4, 2, 1],
    [1, 13, 0, 3, 1, 1],
    [8, 39, 9, 6, 7, 5],
    [3, 26, 3, 0, 1, 3],
    [3, 11, 5, 1, 0, 2],
    [3, 19, 1, 4, 1, 2],
    [0, 5, 3, 1, 0, 0],
    [0, 17, 2, 0, 2, 2],
    [4, 29, 11, 4, 5, 4],
    [1, 4, 3, 3, 2, 2],
    [2, 24, 9, 5, 6, 4],
    [9, 28, 1, 1, 6, 3],
    [2, 22, 20, 2, 1, 1],
    [2, 14, 9, 2, 5, 3],
    [0, 13, 3, 0, 1, 2],
    [1, 9, 0, 2, 4, 0],
    [0, 26, 4, 2, 2, 2],
    [9, 42, 7, 2, 4, 3],
    [2, 13, 9, 1, 1, 1],
    [2, 8, 2, 1, 1, 2],
    [2, 26, 7, 1, 5, 3],
    [0, 5, 2, 1, 2, 1],
    [5, 44, 19, 4, 3, 8],
    [1, 14, 2, 1, 0, 1],
    [7, 36, 10, 1, 4, 3],
    [7, 56, 18, 1, 8, 2],
    [2, 34, 4, 5, 4, 5],
    [1, 11, 0, 1, 2, 2],
    [3, 21, 9, 4, 3, 0],
    [11, 46, 14, 4, 9, 5],
    [1, 8, 1, 1, 3, 0],
    [6, 34, 8, 1, 2, 4],
    [34, 130, 51, 28, 11, 30],
    [179, 1455, 413, 115, 110, 164],
    [102, 884, 216, 103, 108, 93],
    [10, 92, 36, 43, 27, 8]
  ],
  "method": "mvn_pdf",
  "cond_prob": [
    [
      [0.71885471411, 0.13613533498, 0.12455595962, 0.020453991298],
      [0.12577172299, 0.10038691208, 0.71690939153, 0.056931973388],
      [0.031043485049, 0.67715083212, 0.2146873899, 0.077118292935],
      [0.15352390147, 0.54845430853, 0.10840745208, 0.18961433792],
      [0.06080227552, 0.17207338685, 0.37544880882, 0.39167552882],
      [0.1593727009, 0.33983525748, 0.35662041454, 0.14417162707]
    ],
    [
      [0.48304756135, 0.28498912172, 0.18964126211, 0.042322054821],
      [0.060382522905, 0.19652999815, 0.71562386426, 0.027463614684],
      [0.026481210399, 0.69138511031, 0.19688006257, 0.085253616715],
      [0.11897469307, 0.60148223212, 0.10242647381, 0.177116601],
      [0.060973228122, 0.24872844686, 0.39734490887, 0.29295341615],
      [0.12410340526, 0.40426991075, 0.3239861072, 0.1476405768]
    ],
    [
      [0.90555549612, 0.061592442761, 0.032852061122, 0],
      [0.22688040401, 0.17747031663, 0.59564927936, 0],
      [0.055353690568, 0.76076263715, 0.18388367228, 0],
      [0.4111003371, 0.5211199481, 0.060212204437, 0.007567510361],
      [0.28683303347, 0.30135361599, 0.41181335054, 0],
      [0.45066828292, 0.33710259593, 0.20567379517, 0.0065553259836]
    ],
    [
      [0.58852705237, 0.27891859184, 0.11377877222, 0.018775583567],
      [0.11073804734, 0.27279880781, 0.59681989663, 0.019643248224],
      [0.03800579765, 0.78128857941, 0.13705567792, 0.043649945016],
      [0.16830941405, 0.67247344551, 0.070540651348, 0.088676489089],
      [0.11037138287, 0.35673654422, 0.3484626394, 0.1844294335],
      [0.18969140158, 0.48961805654, 0.24056834946, 0.08012219242]
    ],
    [
      [0.36946236834, 0.55427984632, 0.07625778534, 0],
      [0.057238977774, 0.52019220245, 0.42256881977, 0],
      [0.043746323546, 0.90503288077, 0.051220795681, 0],
      [0.054918477655, 0.90915630063, 0.027712499434, 0.0082127222829],
      [0.056304086844, 0.69524901188, 0.22452531869, 0.023921582586],
      [0.087955652026, 0.79210672274, 0.11993762523, 0]
    ],
    [
      [0.77181337422, 0.18837000051, 0.039816625272, 0],
      [0.19876370134, 0.38692162737, 0.41431467129, 0],
      [0.054640216272, 0.87687701743, 0.068482766301, 0],
      [0.25089299719, 0.70478923113, 0.033878872029, 0.010438899658],
      [0.22578805299, 0.53548487344, 0.23872707357, 0],
      [0.3153715162, 0.55780179852, 0.12682668528, 0]
    ],
    [
      [0.33972379314, 0.49943815709, 0.16083804977, 0],
      [0.029019962288, 0.34038670801, 0.6305933297, 0],
      [0.011778387646, 0.87026966002, 0.11795195233, 0],
      [0.060001794248, 0.8574550201, 0.06445778444, 0.018085401209],
      [0.046654017996, 0.51509654166, 0.43824944034, 0],
      [0.073934157688, 0.66379870991, 0.26226713241, 0]
    ],
    [
      [0, 0.62280252065, 0.37719747935, 0],
      [0, 0.12229079063, 0.87770920937, 0],
      [0, 0.80763191495, 0.19236808505, 0],
      [0.01685972205, 0.85937295837, 0.12256738433, 0.0011999352475],
      [0.0098366443689, 0.28593600299, 0.7041853628, 4.1989841742e-05],
      [0, 0.5173520682, 0.4826479318, 0]
    ],
    [
      [0.36424192887, 0.45176675719, 0.15987232603, 0.02411898791],
      [0.027721504732, 0.3166598744, 0.62645102963, 0.029167591239],
      [0.01438131533, 0.82615347313, 0.12329752759, 0.036167683951],
      [0.07005908114, 0.77862881873, 0.069437026097, 0.081875074035],
      [0.047095630725, 0.41686055342, 0.35594367514, 0.18010014072],
      [0.082988680663, 0.58936666727, 0.25026587094, 0.077378781123]
    ],
    [
      [0.39527994076, 0.44981263169, 0.13912486082, 0.015782566729],
      [0.041822627229, 0.33937697639, 0.59894700615, 0.019853390228],
      [0.015981512046, 0.8492362299, 0.11046922053, 0.02431303753],
      [0.078428746493, 0.80419742482, 0.062474426723, 0.054899401963],
      [0.056993230343, 0.46543259919, 0.34850379024, 0.12907038022],
      [0.094924546262, 0.62133463415, 0.23069659287, 0.053044226722]
    ],
    [
      [0.36015105375, 0.51895457122, 0.10322326816, 0.017671106871],
      [0.052406264479, 0.41930921838, 0.50007209793, 0.028212419218],
      [0.013226075866, 0.88799585175, 0.074147949978, 0.024630122406],
      [0.064510453031, 0.83792781582, 0.04189892538, 0.055662805772],
      [0.052385455889, 0.54024768451, 0.25828875526, 0.14907810434],
      [0.083728893663, 0.69370308972, 0.164768746, 0.057799270619]
    ],
    [
      [0.45556317042, 0.43093485655, 0.09969162826, 0.013810344769],
      [0.085630584322, 0.38971476413, 0.51050823205, 0.014146419497],
      [0.02038187238, 0.87097872973, 0.085679542674, 0.022959855215],
      [0.09745913229, 0.80484785313, 0.047382638811, 0.050310375768],
      [0.077047648455, 0.51134391326, 0.28369331775, 0.12791512054],
      [0.12213053112, 0.64764728993, 0.17975463097, 0.050467547978]
    ],
    [
      [0.41906983514, 0.47146721938, 0.093418650606, 0.016044294871],
      [0.078696952767, 0.4187587892, 0.48146995965, 0.021074298375],
      [0.017463161972, 0.88338980864, 0.074422091421, 0.02472493797],
      [0.083780640205, 0.82037558094, 0.041367040273, 0.054476738581],
      [0.068063808583, 0.53511238975, 0.25435260241, 0.14247119925],
      [0.10747715967, 0.67590152987, 0.16065395745, 0.055967353013]
    ],
    [
      [0.48856275444, 0.41520593937, 0.085167536105, 0.011063770089],
      [0.10609296353, 0.4153509821, 0.47334414393, 0.0052119104462],
      [0.023188551096, 0.88042898598, 0.07704646284, 0.019336000081],
      [0.10975900183, 0.80616720721, 0.042219414927, 0.041854376036],
      [0.090541873173, 0.53573217071, 0.26335350246, 0.11037245366],
      [0.13900199561, 0.65676377222, 0.16177146567, 0.042462766502]
    ],
    [
      [0.48388633055, 0.42604793776, 0.078770639449, 0.011295092242],
      [0.11043297878, 0.40645957226, 0.45055883081, 0.03254861815],
      [0.020073100395, 0.8933217229, 0.067731152653, 0.018874024054],
      [0.097351866365, 0.82337270508, 0.037571799883, 0.041703628667],
      [0.082676617541, 0.55161198203, 0.24562825444, 0.12008314598],
      [0.12733040914, 0.68010790946, 0.14887500201, 0.043686679395]
    ],
    [
      [0.93619665538, 0.037961493089, 0.018654754797, 0.0071870967311],
      [0.2438632057, 0.19991855553, 0.48506154059, 0.071156698192],
      [0.12193419195, 0.66057393676, 0.11166194814, 0.10582992315],
      [0.43943375109, 0.34024050798, 0.037722646005, 0.18260309492],
      [0.15335516404, 0.10456097349, 0.11150533664, 0.63057852583],
      [0.49618521279, 0.23249559382, 0.12490312109, 0.14641607231]
    ],
    [
      [0.68981504777, 0.19216689031, 0.10531902047, 0.012699041454],
      [0.13205137376, 0.20912956407, 0.63708780118, 0.021731260985],
      [0.055939956042, 0.73411282828, 0.17013757452, 0.039809641155],
      [0.24005237566, 0.59920372807, 0.083174428144, 0.077569468126],
      [0.14872876911, 0.29992324983, 0.39549906023, 0.15584892083],
      [0.25575420857, 0.40900293078, 0.26932693488, 0.065915925764]
    ],
    [
      [0.45461784633, 0.43122572096, 0.095644900766, 0.018511531941],
      [0.086468801723, 0.39789345527, 0.49451337889, 0.021124364124],
      [0.020794688515, 0.86609515771, 0.082328673505, 0.030781480269],
      [0.097821082574, 0.79076078877, 0.044964222388, 0.066453906267],
      [0.076014275198, 0.49597256471, 0.26341104771, 0.16460211238],
      [0.12274150607, 0.63978212336, 0.17066292822, 0.066813442345]
    ],
    [
      [0.36804098797, 0.52054551597, 0.075767648414, 0.035645847643],
      [0.075418546653, 0.46841540878, 0.3996736789, 0.056492365669],
      [0.012119060183, 0.88599039062, 0.052580289069, 0.049310260133],
      [0.056950821858, 0.80184298761, 0.028730512619, 0.11247567791],
      [0.043165121411, 0.47366870871, 0.16379045119, 0.31937571869],
      [0.077356747547, 0.68454230481, 0.11694285498, 0.12115809266]
    ],
    [
      [0.36002009613, 0.48081621552, 0.14455672668, 0.014606961671],
      [0.034364803571, 0.35093290983, 0.60117586584, 0.013526420754],
      [0.013985377991, 0.85606520714, 0.10871246959, 0.021236945274],
      [0.069189719723, 0.82019329761, 0.062247165193, 0.048369817472],
      [0.051171782388, 0.48341379698, 0.35013749965, 0.11527692097],
      [0.084224565744, 0.63849918726, 0.2301652486, 0.047110998405]
    ],
    [
      [0.45065557098, 0.3713495778, 0.16397518924, 0.014019661987],
      [0.057396826704, 0.27753433417, 0.65673955787, 0.0083292812493],
      [0.021452060481, 0.80296505553, 0.15067297615, 0.024909907844],
      [0.10451817023, 0.7551971401, 0.084712579759, 0.055572109912],
      [0.068195528194, 0.39574936338, 0.42005134305, 0.11600376537],
      [0.11734652891, 0.54409351407, 0.28866410249, 0.049895854534]
    ],
    [
      [0, 0.72454722082, 0.27545277918, 0],
      [0, 0.37603350075, 0.62396649925, 0],
      [0, 0.9237729254, 0.076227074603, 0],
      [0.01217595074, 0.94377386409, 0.0430729534, 0.00097723176604],
      [0.013739230309, 0.62662982459, 0.35942949857, 0.00020144652893],
      [0.017541560326, 0.78354432679, 0.19749065612, 0.0014234567585]
    ],
    [
      [0.64367454211, 0.21295987483, 0.12418557775, 0.019180005308],
      [0.11772598617, 0.19926152937, 0.65698511301, 0.026027371456],
      [0.047730824768, 0.72006336097, 0.17865321106, 0.053552603207],
      [0.2066422569, 0.59828738753, 0.088810643113, 0.10625971246],
      [0.12074057813, 0.28227041441, 0.39600382644, 0.20098518102],
      [0.21848898201, 0.40648353474, 0.28533573151, 0.089691751733]
    ],
    [
      [0.20555897834, 0.57852903987, 0.16583816397, 0.050073817826],
      [0, 0.34658311276, 0.60119636084, 0.052220526408],
      [0.0051410980274, 0.85261225759, 0.087711053755, 0.054535590626],
      [0.021329377491, 0.77660648679, 0.049193045471, 0.15287109025],
      [0, 0.27945395574, 0.19273812645, 0.5278079178],
      [0, 0.64104736772, 0.20008370853, 0.15886892375]
    ],
    [
      [0.34761958795, 0.44382971278, 0.20855069927, 0],
      [0.026264728517, 0.25555821252, 0.71817705897, 0],
      [0.011446211584, 0.83768158163, 0.15087220679, 0],
      [0.05956923327, 0.83555754939, 0.08956680612, 0.015306411221],
      [0.0407842434, 0.45966201543, 0.49955374117, 0],
      [0.06851033653, 0.59204901116, 0.3253232823, 0.014117370015]
    ],
    [
      [0.58311507439, 0.2347103963, 0.14735709926, 0.03481743004],
      [0.099506063227, 0.1948479398, 0.68114929703, 0.024496699945],
      [0.039123649101, 0.69002771662, 0.1858905664, 0.08495806788],
      [0.16754682355, 0.5729089199, 0.092299210957, 0.1672450456],
      [0.089978471418, 0.24876422418, 0.37442052324, 0.28683678116],
      [0.17622586195, 0.38885867944, 0.29407862922, 0.14083682939]
    ],
    [
      [0.91318933791, 0.086810662087, 0, 0],
      [0.42943057137, 0.57056942863, 0, 0],
      [0.047449318257, 0.95255068174, 0, 0],
      [0.39535889048, 0.58537388505, 0.011795254398, 0.007471970077],
      [0.39463815965, 0.48616682916, 0.093577543258, 0.025617467936],
      [0.505735064, 0.494264936, 0, 0]
    ],
    [
      [0.70592872432, 0.21231100529, 0.079820774602, 0.0019394957878],
      [0.15317821632, 0.29208102438, 0.5547407593, 0],
      [0.058106064006, 0.82004064599, 0.12185329, 0],
      [0.24847445864, 0.65679969721, 0.059738538548, 0.0349873056],
      [0.18441840222, 0.393728183, 0.33869709418, 0.0831563206],
      [0.28254536578, 0.47950910088, 0.20611259956, 0.031832933774]
    ],
    [
      [0.61598446456, 0.26328543604, 0.10444492929, 0.016285170103],
      [0.12004516219, 0.27362687172, 0.58539974218, 0.020928223913],
      [0.041528031825, 0.78499644845, 0.13327970257, 0.040195817158],
      [0.18273470584, 0.66827401756, 0.067866636664, 0.081124639931],
      [0.12213221085, 0.36081993984, 0.34345627536, 0.17359157396],
      [0.20669729177, 0.48718307632, 0.2326527368, 0.073466895108]
    ],
    [
      [0.40598879681, 0.53029286192, 0.063718341267, 0],
      [0.074662165861, 0.55277593753, 0.37256189661, 0],
      [0.038142132497, 0.94276872171, 0.019089145792, 0],
      [0.071061511516, 0.88390911055, 0.026535504043, 0.018493873887],
      [0.069071609838, 0.67486832353, 0.19764079593, 0.058419270696],
      [0.1188319241, 0.77057859362, 0.11058948228, 0]
    ],
    [
      [0.64660988704, 0.23472010417, 0.10233537032, 0.01633463847],
      [0.12766765786, 0.25472898168, 0.59685222173, 0.020751138728],
      [0.047862908259, 0.76507137824, 0.14296146295, 0.044104250551],
      [0.20563980021, 0.63639731609, 0.07113160855, 0.086831275152],
      [0.13397665454, 0.33522339057, 0.35036920268, 0.18043075221],
      [0.22821840491, 0.45551274322, 0.23909297944, 0.077175872433]
    ],
    [
      [0.79609748868, 0.13615380044, 0.067748710887, 0],
      [0.16353835454, 0.22735528932, 0.60910635614, 0],
      [0.078591258333, 0.77381756067, 0.147591181, 0],
      [0.33129365797, 0.60100705685, 0.067699285183, 0],
      [0.23524240474, 0.37551284915, 0.38924474611, 0],
      [0.36021044104, 0.41320766748, 0.22658189148, 0]
    ],
    [
      [0.60038070032, 0.25691120526, 0.11802780849, 0.024680285927],
      [0.11078692681, 0.23712404241, 0.61618953979, 0.035899490992],
      [0.034762347779, 0.76063214894, 0.14497833538, 0.059627167909],
      [0.1571371692, 0.64518899418, 0.073820602391, 0.12385323423],
      [0.094114801565, 0.30984495941, 0.34370053626, 0.25233970277],
      [0.17660425955, 0.46023183443, 0.2529616716, 0.11020223443]
    ],
    [
      [0.65726183614, 0.21353568292, 0.081774633093, 0.047427847841],
      [0.14661840615, 0.27493875833, 0.54787938841, 0.030563447108],
      [0.045168939726, 0.70987131472, 0.11400241547, 0.13095733008],
      [0.17793043033, 0.52876820349, 0.051097729637, 0.24220363654],
      [0.096564407374, 0.23119716592, 0.21248287666, 0.45975555005],
      [0.20627443961, 0.39176634943, 0.17960335479, 0.22235585617]
    ],
    [
      [0, 0.69037368117, 0.30962631883, 0],
      [0, 0.31089398571, 0.68910601429, 0],
      [0, 0.90558159374, 0.094418406263, 0],
      [0.012096162254, 0.93185782051, 0.052817125488, 0.0032288917456],
      [0, 0.56578117423, 0.43421882577, 0],
      [0.016840586417, 0.73660778376, 0.24252899592, 0.0040226339033]
    ],
    [
      [0.53152267802, 0.30177334772, 0.14497486995, 0.021729104313],
      [0.082753799129, 0.23228083838, 0.64567375781, 0.039291604682],
      [0.026738720303, 0.77442418441, 0.15359562321, 0.045241472073],
      [0.12661435463, 0.69195271219, 0.082159607754, 0.099273325427],
      [0.076337433643, 0.33145032319, 0.38804505879, 0.20416718438],
      [0.14140356736, 0.48899993033, 0.28181250742, 0.087783994888]
    ],
    [
      [0.54952980299, 0.3368816466, 0.10167903201, 0.011909518399],
      [0.10837982409, 0.33106031074, 0.54932710703, 0.01123275814],
      [0.030152325328, 0.83794641517, 0.10753647239, 0.024364787107],
      [0.14015064464, 0.75045848616, 0.057647177635, 0.05174369156],
      [0.10396085188, 0.44825017267, 0.32449370088, 0.12329527457],
      [0.16720857885, 0.57506165914, 0.20833644878, 0.049393313223]
    ],
    [
      [0.52881771071, 0.30439442933, 0.13442768451, 0.03236017545],
      [0.088137282087, 0.26407526518, 0.6229171255, 0.024870327228],
      [0.030295857802, 0.75876742439, 0.14398244671, 0.066954271098],
      [0.13453983655, 0.65459191931, 0.074275801243, 0.13659244289],
      [0.081129550117, 0.31916445248, 0.33767409836, 0.26203189904],
      [0.15090768023, 0.47412381985, 0.25219682535, 0.12277167458]
    ],
    [
      [0.51906240947, 0.30804994506, 0.15152926431, 0.021358381156],
      [0.079123305134, 0.24566600121, 0.65371896253, 0.021491731125],
      [0.028993045015, 0.76606665354, 0.1610020673, 0.043938234138],
      [0.13425427956, 0.68601946669, 0.086205822487, 0.093520431255],
      [0.081796968608, 0.33712193037, 0.39824177888, 0.18283932215],
      [0.14717196648, 0.48416042675, 0.28667263846, 0.08199496832]
    ],
    [
      [0.47294922643, 0.36212481815, 0.16492595542, 0],
      [0.069883934443, 0.24188797667, 0.68822808889, 0],
      [0.014682091888, 0.8470231521, 0.13636013311, 0.0019346229043],
      [0.080650116961, 0.83917967027, 0.080170212766, 0],
      [0.056682966242, 0.42870082034, 0.51274117649, 0.0018750369243],
      [0.096980984399, 0.58925562822, 0.31376338738, 0]
    ],
    [
      [0.64842498519, 0.28086399989, 0.061192238105, 0.0095187768084],
      [0.15303012743, 0.35398077332, 0.45042798094, 0.042561118312],
      [0.034094343616, 0.86776370564, 0.075216191591, 0.022925759151],
      [0.16151024485, 0.75076295534, 0.039526695926, 0.048200103881],
      [0.13093500124, 0.48104170226, 0.25115392215, 0.13686937435],
      [0.20522920364, 0.59458381189, 0.15158741817, 0.048599566297]
    ],
    [
      [0.62648667928, 0.26137759181, 0.076900158363, 0.035235570547],
      [0.14068192084, 0.32224307653, 0.50114139269, 0.03593360994],
      [0.037785668658, 0.77977169876, 0.095757141716, 0.086685490863],
      [0.16001097186, 0.62312957636, 0.046051825709, 0.17080762607],
      [0.09949787376, 0.31154798056, 0.2196069167, 0.36934722898],
      [0.19234795514, 0.47731620228, 0.16759708708, 0.1627387555]
    ],
    [
      [0.54981107543, 0.26371142492, 0.13985379653, 0.046623703123],
      [0.094032761022, 0.23058288653, 0.65270075019, 0.022683602261],
      [0.033148579188, 0.70378712245, 0.15977801747, 0.10328628089],
      [0.14079696489, 0.57842123195, 0.07855555233, 0.20222625083],
      [0.07594915702, 0.25205353002, 0.32065209041, 0.35134522255],
      [0.15414222212, 0.40817254884, 0.26063580026, 0.17704942878]
    ],
    [
      [0.41938852711, 0.31516432558, 0.23507782069, 0.030369326621],
      [0.03125284314, 0.18994151736, 0.75492224452, 0.023883394979],
      [0.021002042555, 0.69987656017, 0.22322950515, 0.055891892128],
      [0.10084552417, 0.65119440269, 0.12406333091, 0.12389674223],
      [0.05131525002, 0.26702412087, 0.47925249701, 0.2024081321],
      [0.10122957839, 0.42090403688, 0.3784619896, 0.099404395129]
    ],
    [
      [0.46920792691, 0.37226350268, 0.14100581325, 0.017522757166],
      [0.068658026328, 0.29662986221, 0.61731482809, 0.017397283373],
      [0.022823658711, 0.81402121031, 0.1315181556, 0.031636975375],
      [0.1087546266, 0.74970738956, 0.072407025758, 0.069130958083],
      [0.073286144128, 0.40698326533, 0.37047086791, 0.14925972263],
      [0.12560660981, 0.55680283503, 0.25373011299, 0.06386044217]
    ],
    [
      [0.59992667397, 0.28088296288, 0.098640423537, 0.02054993961],
      [0.11760186755, 0.28899959701, 0.56020060576, 0.033197929682],
      [0.037029919438, 0.79648804854, 0.11845190259, 0.048030129437],
      [0.16413926641, 0.67744557626, 0.060318681988, 0.098096475344],
      [0.1099478979, 0.36511826101, 0.30891190983, 0.21602193126],
      [0.19079024764, 0.50502154873, 0.21317683854, 0.091011365093]
    ],
    [
      [0.82593521338, 0.12554957819, 0.041303644084, 0.0072115643509],
      [0.17572845775, 0.29953316569, 0.48466637251, 0.040072004044],
      [0.094637278989, 0.76565457333, 0.10416434347, 0.035543804212],
      [0.3608409407, 0.53520561931, 0.043945403574, 0.060008036413],
      [0.26893978952, 0.32400012104, 0.256041241, 0.15101884845],
      [0.40957785489, 0.38534881903, 0.15106580785, 0.054007518227]
    ],
    [
      [0.5098790626, 0.29050317857, 0.18016368046, 0.019454078368],
      [0.069808055409, 0.20754571723, 0.70209305705, 0.020553170312],
      [0.028482510062, 0.7363460671, 0.19446339753, 0.0407080253],
      [0.13472145087, 0.67105181841, 0.10587983131, 0.088346899402],
      [0.076227575302, 0.30596989859, 0.45707917468, 0.16072335142],
      [0.14054579805, 0.44982226675, 0.33602321576, 0.073608719439]
    ],
    [
      [0.47289433371, 0.38421846149, 0.12786341868, 0.015023786124],
      [0.07576579038, 0.32450285533, 0.59046896609, 0.0092623882031],
      [0.023250447734, 0.83130716445, 0.11854637075, 0.02689601707],
      [0.11041974737, 0.76575131771, 0.065293776284, 0.058535158637],
      [0.078432342386, 0.43906917238, 0.35031279456, 0.13218569068],
      [0.13010158343, 0.58167696317, 0.23296536439, 0.055256089015]
    ],
    [
      [0.766099075, 0.14514211048, 0.085426349803, 0.0033324647123],
      [0.14796372764, 0.19891654416, 0.6531197282, 0],
      [0.071848106185, 0.74944933778, 0.17870255603, 0],
      [0.30962322783, 0.60582836532, 0.084548406852, 0],
      [0.20212574278, 0.35930124968, 0.43857300754, 0],
      [0.32400818255, 0.40512929661, 0.27086252083, 0]
    ],
    [
      [0.86721394743, 0.10557187061, 0, 0.027214181955],
      [0.12054445019, 0.47682138528, 0.32090601829, 0.081728146239],
      [0.022131008761, 0.81573802156, 0, 0.16213096967],
      [0.075770963285, 0.59092525, 0.014046003461, 0.31925778325],
      [0.0091860833863, 0.064026308562, 0.0083218388688, 0.91846576918],
      [0.11626959932, 0.50330980733, 0.04977538049, 0.33064521286]
    ],
    [
      [0.47615301789, 0.37099693171, 0.12907988706, 0.023770163346],
      [0.072111003664, 0.28291173639, 0.58784068213, 0.057136577814],
      [0.018528044576, 0.82488686173, 0.11408618123, 0.042498912464],
      [0.089246651921, 0.74637766881, 0.06237363319, 0.10200204608],
      [0.056328252631, 0.36480558655, 0.30722642737, 0.27163973345],
      [0.10824974195, 0.56351785296, 0.2314073154, 0.096825089682]
    ],
    [
      [0, 0.6643169109, 0.3356830891, 0],
      [0, 0.34747916896, 0.65252083104, 0],
      [0, 0.90332890638, 0.096671093616, 0],
      [0.018566434315, 0.92346648747, 0.057639990554, 0.00032708765737],
      [0.017937091067, 0.55643221024, 0.42562873924, 1.9594551407e-06],
      [0.025219732121, 0.72709517126, 0.24714590564, 0.00053919097443]
    ],
    [
      [0.52740358567, 0.3885299222, 0.084066492131, 0],
      [0.11229540597, 0.41015096277, 0.47755363126, 0],
      [0.03390262382, 0.89113141126, 0.074965964917, 0],
      [0.13873381107, 0.81985882341, 0.04140736552, 0],
      [0.15930648436, 0.56522231642, 0.27547119922, 0],
      [0.15185552969, 0.66655092365, 0.16066865656, 0.020924890099]
    ],
    [
      [0.55538668746, 0.28565701973, 0.12689988159, 0.03205641121],
      [0.098057141091, 0.25766496903, 0.61709292561, 0.027184964268],
      [0.032630097297, 0.75428984105, 0.14298164446, 0.070098417198],
      [0.14380603849, 0.64128855005, 0.072736534388, 0.14216887707],
      [0.085977677274, 0.30945705908, 0.32981773821, 0.27474752543],
      [0.16148150858, 0.46337396329, 0.2475871881, 0.12755734003]
    ],
    [
      [0.77683698616, 0.18139598148, 0.037125540649, 0.004641491715],
      [0.19133280421, 0.40447860718, 0.39617663804, 0.0080119505676],
      [0.068583720594, 0.8428686231, 0.071272905566, 0.017274750738],
      [0.28602612485, 0.64920611056, 0.033153914655, 0.031613849933],
      [0.24430244076, 0.44810843638, 0.21865942782, 0.088929695036],
      [0.34782539692, 0.50030792329, 0.12125993629, 0.0306067435]
    ],
    [
      [0.54837530603, 0.28288680301, 0.14674205285, 0.021995838113],
      [0.088597089313, 0.23448019532, 0.65632399022, 0.020598725152],
      [0.033228771709, 0.75117227923, 0.16717156796, 0.048427381101],
      [0.15067313385, 0.66060817871, 0.087916792398, 0.10080189504],
      [0.090251774741, 0.31982080712, 0.39757055501, 0.19235686313],
      [0.16308998465, 0.46136083253, 0.2881625411, 0.087386641713]
    ],
    [
      [0.36526480576, 0.4130469397, 0.086543145971, 0.13514510857],
      [0.060292194195, 0.37687548451, 0.44669540349, 0.1161369178],
      [0.023799819843, 0.89911522681, 0.077084953349, 0],
      [0.052486232151, 0.54830138521, 0.028956962675, 0.37025541997],
      [0.026250706416, 0.21868135392, 0.10971025763, 0.64535768203],
      [0.067019125319, 0.4466186662, 0.11178985602, 0.37457235246]
    ],
    [
      [0.44440017137, 0.35530282009, 0.17556028187, 0.024736726673],
      [0.049711346875, 0.25508397653, 0.67281853626, 0.022386140337],
      [0.021775173895, 0.77089448901, 0.16291587555, 0.04441446155],
      [0.10345485612, 0.70982574098, 0.089657934353, 0.097061468552],
