{
  "X": [
    [4, 28, 99, 0, 6],
    [34, 95, 193, 5, 32],
    [8, 27, 41, 6, 5],
    [5, 15, 42, 0, 11],
    [8, 13, 34, 1, 6],
    [10, 30, 25, 2, 5],
    [11, 74, 48, 7, 18],
    [5, 12, 26, 4, 8],
    [22, 75, 168, 6, 24],
    [1, 15, 36, 5, 2],
    [5, 42, 67, 3, 7],
    [29, 110, 115, 17, 24],
    [11, 24, 48, 7, 6],
    [6, 71, 46, 8, 15],
    [40, 302, 268, 40, 74],
    [44, 70, 143, 8, 25],
    [8, 88, 128, 9, 24],
    [39, 52, 80, 4, 11],
    [7, 81, 60, 12, 15],
    [6, 28, 65, 0, 7],
    [14, 64, 149, 7, 16],
    [36, 51, 68, 6, 12],
    [32, 60, 27, 10, 20],
    [7, 169, 167, 29, 39],
    [10, 68, 32, 4, 7],
    [18, 169, 206, 22, 34],
    [20, 179, 262, 22, 48],
    [23, 208, 230, 21, 58],
    [15, 94, 248, 7, 23],
    [30, 119, 185, 11, 30],
    [5, 12, 45, 1, 5],
    [0, 14, 53, 4, 6],
    [6, 27, 135, 10, 22],
    [12, 77, 35, 6, 20],
    [19, 125, 205, 20, 45],
    [46, 128, 215, 22, 42],
    [28, 143, 226, 36, 28],
    [43, 191, 253, 25, 41],
    [5, 25, 143, 3, 17],
    [10, 14, 23, 5, 6],
    [10, 35, 69, 11, 21],
    [16, 55, 88, 4, 6],
    [12, 75, 129, 8, 28],
    [39, 73, 141, 12, 25],
    [6, 10, 99, 1, 9],
    [4, 8, 66, 2, 9],
    [24, 81, 81, 15, 23],
    [15, 30, 56, 1, 15],
    [5, 24, 40, 3, 10],
    [67, 121, 181, 8, 31],
    [5, 11, 17, 0, 2],
    [175, 350, 545, 27, 85],
    [38, 44, 40, 0, 3],
    [1, 4, 45, 2, 6],
    [6, 30, 80, 5, 14],
    [81, 306, 349, 17, 56],
    [154, 613, 509, 70, 106],
    [94, 348, 386, 44, 42],
    [2, 15, 75, 2, 5],
    [63, 89, 65, 7, 10],
    [5, 6, 28, 0, 1],
    [31, 118, 196, 9, 28],
    [1, 11, 38, 0, 12],
    [7, 27, 84, 6, 3],
    [68, 68, 78, 11, 14],
    [82, 42, 30, 2, 11],
    [21, 27, 56, 4, 3],
    [15, 115, 316, 21, 41],
    [82, 81, 92, 6, 14],
    [40, 36, 21, 9, 6],
    [22, 25, 19, 1, 8],
    [19, 24, 51, 1, 12],
    [22, 62, 113, 4, 19],
    [10, 37, 78, 8, 21],
    [15, 124, 119, 15, 25],
    [3, 44, 49, 3, 6],
    [11, 36, 58, 1, 20],
    [26, 84, 123, 5, 27],
    [40, 136, 141, 16, 15],
    [9, 46, 111, 11, 10],
    [2, 10, 29, 2, 4],
    [13, 176, 124, 32, 31],
    [9, 22, 15, 4, 5],
    [9, 37, 53, 12, 15],
    [2, 4, 20, 0, 0],
    [4, 21, 29, 1, 8],
    [20, 24, 72, 2, 10],
    [22, 27, 40, 3, 8],
    [21, 18, 32, 0, 10],
    [54, 136, 107, 16, 28],
    [130, 185, 168, 11, 29],
    [16, 26, 38, 3, 8],
    [15, 75, 134, 15, 23],
    [71, 118, 190, 13, 31],
    [7, 38, 32, 4, 15],
    [34, 90, 119, 6, 20],
    [36, 62, 101, 6, 14],
    [98, 145, 236, 13, 39],
    [15, 61, 54, 8, 18],
    [8, 19, 71, 0, 8],
    [88, 377, 642, 43, 106],
    [8, 125, 58, 9, 11],
    [25, 282, 237, 33, 55],
    [37, 283, 222, 35, 53],
    [25, 327, 142, 36, 46],
    [5, 187, 96, 16, 17],
    [8, 16, 84, 9, 18],
    [9, 142, 115, 8, 17],
    [466, 1020, 1402, 113, 375],
    [57, 131, 151, 24, 31],
    [281, 506, 675, 43, 160],
    [72, 80, 126, 1, 24]
  ],
  "W": [
    [0, 31, 104, 2],
    [16, 121, 211, 11],
    [4, 36, 46, 1],
    [1, 21, 50, 1],
    [4, 22, 33, 3],
    [7, 36, 27, 2],
    [9, 84, 55, 10],
    [3, 24, 26, 2],
    [19, 88, 170, 18],
    [0, 19, 39, 1],
    [5, 44, 71, 4],
    [14, 149, 128, 4],
    [4, 36, 51, 5],
    [8, 75, 59, 4],
    [35, 355, 300, 34],
    [16, 111, 147, 16],
    [2, 97, 143, 15],
    [28, 64, 86, 8],
    [4, 88, 72, 11],
    [4, 44, 56, 2],
    [6, 84, 153, 7],
    [18, 79, 67, 9],
    [17, 90, 34, 8],
    [3, 188, 186, 34],
    [13, 66, 39, 3],
    [17, 183, 234, 15],
    [20, 211, 272, 28],
    [20, 235, 263, 22],
    [6, 110, 258, 13],
    [22, 135, 193, 25],
    [3, 18, 44, 3],
    [2, 21, 53, 1],
    [5, 39, 147, 9],
    [8, 92, 38, 12],
    [16, 148, 234, 16],
    [27, 191, 219, 16],
    [16, 199, 230, 16],
    [18, 247, 273, 15],
    [5, 32, 151, 5],
    [7, 18, 28, 5],
    [5, 49, 81, 11],
    [17, 67, 83, 2],
    [5, 91, 147, 9],
    [28, 112, 135, 15],
    [1, 21, 102, 1],
    [1, 17, 68, 3],
    [21, 102, 91, 10],
    [5, 43, 65, 4],
    [5, 33, 39, 5],
    [33, 169, 193, 13],
    [2, 17, 16, 0],
    [106, 461, 560, 55],
    [19, 66, 35, 5],
    [1, 10, 46, 1],
    [2, 39, 90, 4],
    [41, 405, 333, 30],
    [83, 775, 522, 72],
    [54, 445, 375, 40],
    [4, 22, 72, 1],
    [22, 131, 63, 18],
    [4, 8, 27, 1],
    [18, 163, 190, 11],
    [1, 10, 44, 7],
    [3, 32, 88, 4],
    [31, 113, 86, 9],
    [24, 92, 29, 22],
    [5, 39, 62, 5],
    [13, 142, 335, 18],
    [32, 137, 96, 10],
    [18, 61, 26, 7],
    [10, 40, 21, 4],
    [8, 37, 58, 4],
    [12, 77, 122, 9],
    [6, 60, 78, 10],
    [9, 151, 124, 14],
    [2, 43, 49, 11],
    [11, 42, 65, 8],
    [25, 104, 126, 10],
    [21, 187, 130, 10],
    [5, 59, 116, 7],
    [1, 8, 36, 2],
    [11, 195, 144, 26],
    [8, 22, 18, 7],
    [1, 64, 56, 5],
    [2, 5, 19, 0],
    [1, 25, 36, 1],
    [8, 41, 75, 4],
    [10, 48, 37, 5],
    [10, 37, 31, 3],
    [33, 175, 104, 29],
    [61, 245, 160, 57],
    [7, 42, 36, 6],
    [13, 100, 135, 14],
    [29, 179, 196, 19],
    [4, 39, 45, 8],
    [21, 112, 120, 16],
    [15, 83, 113, 8],
    [59, 211, 238, 23],
    [10, 83, 56, 7],
    [3, 26, 75, 2],
    [74, 473, 670, 39],
    [4, 141, 59, 7],
    [12, 372, 221, 27],
    [21, 365, 221, 23],
    [13, 394, 150, 19],
    [3, 219, 88, 11],
    [8, 24, 95, 8],
    [4, 152, 100, 35],
    [233, 1412, 1587, 144],
    [42, 170, 158, 24],
    [202, 674, 662, 127],
    [34, 134, 125, 10]
  ],
  "method": "mvn_cdf",
  "mvncdf_method": "genz",
  "mvncdf_samples": 5000,
  "mvncdf_error": 0.001,
  "cond_prob": [
    [
      [0.72325045487, 0.081736139617, 0.13888369116, 0.00075383648213, 0.055375877872],
      [0.11354003924, 0.73957608289, 0.1152035061, 0, 0.031680371772],
      [0.00058544967829, 0.040115669971, 0.91392289044, 0, 0.045375989915],
      [0.20968600849, 0.45055587672, 0.19035535283, 0, 0.14940276196]
    ],
    [
      [0.77674766225, 0.059155912838, 0.092057893473, 0.00051655431694, 0.071521977118],
      [0.14400437461, 0.67251042571, 0.094902140806, 0.030681290103, 0.05790176877],
      [0.0071362443988, 0.041106106049, 0.84592352305, 0.0040648612919, 0.10176926521],
      [0.24016004617, 0.36421413704, 0.14127739114, 0.038328481447, 0.2160199442]
    ],
    [
      [0.79632636763, 0.070174664099, 0.080237815447, 0.0033564492998, 0.049904703522],
      [0.11456498073, 0.6683754837, 0.069104615504, 0.11543824691, 0.032516673162],
      [0.01052558008, 0.04921739714, 0.82782103622, 0.036509909456, 0.0759260771],
      [0.20617853951, 0.39378366215, 0.11151491372, 0.15134147913, 0.13718140549]
    ],
    [
      [0.78832614364, 0.040698587959, 0.067922917762, 0, 0.10305235064],
      [0.17927037175, 0.62080074336, 0.097026964789, 0, 0.1029019201],
      [0.0039242092473, 0.032927397435, 0.79556161396, 0, 0.16758677935],
      [0.25078558729, 0.27611592974, 0.11643012347, 0, 0.3566683595]
    ],
    [
      [0.77731491147, 0.032982524331, 0.11494310686, 0.00055295819632, 0.074206499148],
      [0.17850116538, 0.53998248428, 0.16123558334, 0.034266095638, 0.086014671361],
      [0.0062362033853, 0.0078586545703, 0.89004156202, 0.0043527256159, 0.091510854413],
      [0.25264000138, 0.24303988254, 0.20722439752, 0.03343137262, 0.26366434594]
    ],
    [
      [0.77906200346, 0.081466869691, 0.075770497748, 0.0019496340692, 0.061750995032],
      [0.10829750689, 0.75068587528, 0.057723059712, 0.039918355547, 0.04337520257],
      [0.008743093927, 0.054188488182, 0.82142622735, 0.016756492206, 0.098885698331],
      [0.20589609582, 0.47097561061, 0.10653411379, 0.048433236117, 0.16816094366]
    ],
    [
      [0.63171608591, 0.12156038432, 0.10007795362, 0.0031745846958, 0.14347099145],
      [0.049425273724, 0.7711135131, 0.058681664194, 0.058580988816, 0.062198560162],
      [0, 0.064881429327, 0.74973125173, 0.024870633746, 0.1605166852],
      [0.1162832234, 0.45639428274, 0.093481977986, 0.068274082114, 0.26556643375]
    ],
    [
      [0.61747567675, 0.04132934428, 0.15443947896, 0.0035811423955, 0.18317435762],
      [0.10872388662, 0.46703846959, 0.15575832562, 0.13563599892, 0.13284331926],
      [0.01126298039, 0.011728062618, 0.82528712662, 0.019529154139, 0.13219267623],
      [0.12268110041, 0.18107953449, 0.17050822798, 0.11311729561, 0.4126138415]
    ],
    [
      [0.63728346725, 0.085269338699, 0.17579733113, 0.0014840296105, 0.10016583332],
      [0.082386431811, 0.68998179715, 0.128098462, 0.04264528837, 0.056888020665],
      [0.00028752316992, 0.033714898515, 0.88133212998, 0.0076302427555, 0.07703520558],
      [0.14404051023, 0.38499731487, 0.19781799755, 0.051215377354, 0.2219288]
    ],
    [
      [0.66486828603, 0.10700079669, 0.15612274304, 0.01009570362, 0.061912470617],
      [0.047425780812, 0.65328419274, 0.092059314616, 0.18740282282, 0.01982788902],
      [0, 0.056423537628, 0.87461935345, 0.030133911613, 0.038823197309],
      [0.098910164578, 0.3870823705, 0.14071823776, 0.26412381359, 0.10916541358]
    ],
    [
      [0.61424529846, 0.13962777962, 0.16151656352, 0.0022576394886, 0.082352718923],
      [0.033768627854, 0.81126043897, 0.084386579473, 0.039284417885, 0.031299935815],
      [0, 0.049052653873, 0.87143850603, 0.0147212898, 0.064787550292],
      [0.11073847053, 0.53091584052, 0.15181843929, 0.053746459947, 0.1527807897]
    ],
    [
      [0.75587514573, 0.074614316002, 0.087191481365, 0.0028308705585, 0.07948818634],
      [0.11254731516, 0.67807840459, 0.071263062087, 0.086081789234, 0.052029428925],
      [0.0067551032149, 0.049835560997, 0.80244228811, 0.029013990721, 0.11195305696],
      [0.19588619719, 0.38569137113, 0.11212753291, 0.10509760099, 0.20119729778]
    ],
    [
      [0.82884349555, 0.044492999956, 0.07938893562, 0.0024891003753, 0.044785468494],
      [0.16177365485, 0.57091219624, 0.094084578598, 0.13337334783, 0.039856222488],
      [0.010761721494, 0.03481080469, 0.85547175746, 0.027519805949, 0.071435910402],
      [0.26238532938, 0.2987675793, 0.13326795946, 0.15701859467, 0.14856053719]
    ],
    [
      [0.59064465886, 0.17258640293, 0.092914974757, 0.004827221723, 0.13902674173],
      [0.012238818317, 0.82897369122, 0.041302823287, 0.070013197195, 0.04747146998],
      [0, 0.089891409975, 0.70970462786, 0.039744892692, 0.16065906947],
      [0.089232838832, 0.53567218661, 0.07159885285, 0.091360941951, 0.21213517976]
    ],
    [
      [0.60970976285, 0.12220545028, 0.12462614384, 0.0040407155973, 0.13941792743],
      [0.041989804935, 0.74872507504, 0.071529157588, 0.078869084457, 0.058886877977],
      [0, 0.057068535012, 0.78155362103, 0.028393904578, 0.13298393938],
      [0.11040522201, 0.4354366793, 0.11115140331, 0.098290547013, 0.24471614837]
    ],
    [
      [0.8450640502, 0.031911817875, 0.071599306479, 0.000969690375, 0.05045513507],
      [0.22469218495, 0.55024340088, 0.11344578293, 0.048522881571, 0.063095749664],
      [0, 0.029143673396, 0.86345045571, 0.012469086056, 0.094936784836],
      [0.34613391668, 0.25801708918, 0.1459195126, 0.047843090585, 0.20208639096]
    ],
    [
      [0.63054089539, 0.11671776731, 0.13653291755, 0.0025399570306, 0.11366846272],
      [0.050612939384, 0.76291423259, 0.079492139193, 0.053792172772, 0.053188516056],
      [0, 0.048171905021, 0.82528784569, 0.019357967986, 0.1071822813],
      [0.12196420593, 0.45835343238, 0.13333564865, 0.067259327004, 0.21908738603]
    ],
    [
      [0.85131113821, 0.050353061665, 0.060176803094, 0.00092932037291, 0.037229676656],
      [0.18365596653, 0.67152079886, 0.072895728937, 0.038163633148, 0.03376387252],
      [0.0097039368794, 0.05349480964, 0.84576006571, 0.013591142618, 0.077450045149],
      [0.32184596253, 0.37652868966, 0.11429465126, 0.045333530365, 0.14199716619]
    ],
    [
      [0.65029602338, 0.14317007884, 0.098025700618, 0.0049970186938, 0.10351117847],
      [0.036109152654, 0.78540220308, 0.048690110003, 0.0868824781, 0.042916056165],
      [0, 0.080238180805, 0.75530304789, 0.041579539253, 0.12287923205],
      [0.1110191339, 0.50316152689, 0.085577097191, 0.1218751842, 0.17836705781]
    ],
    [
      [0.52109269299, 0.06096017234, 0.30725582898, 0, 0.11069130569],
      [0.082780252918, 0.59027130488, 0.25384053326, 0, 0.073107908937],
      [0, 0.022240512065, 0.92695008966, 0, 0.050809398274],
      [0.13664904982, 0.26937661014, 0.34639409969, 0, 0.24758024035]
    ],
    [
      [0.68582953888, 0.075010706383, 0.15777657303, 0.0019152469248, 0.07946793478],
      [0.09800390378, 0.67115943649, 0.12776613773, 0.054545399445, 0.048525122553],
      [0.0030464772006, 0.029715870362, 0.88853507985, 0.012813051365, 0.065889521226],
      [0.16951197678, 0.37514499019, 0.19644539652, 0.063756872328, 0.19514076419]
    ],
    [
      [0.85720726011, 0.034697324241, 0.064482154615, 0.0017574680865, 0.041855792943],
      [0.21974693334, 0.57499515441, 0.099363056692, 0.055047827634, 0.050847027926],
      [0, 0.035773860288, 0.86242661603, 0.016858861333, 0.084940662345],
      [0.3566957316, 0.28377581398, 0.13411738488, 0.054449275785, 0.17096179376]
    ],
    [
      [0.80756787469, 0.04766420282, 0.0388815842, 0.0024020269379, 0.10348431136],
      [0.17605950592, 0.61071882772, 0.047048876386, 0.089071506561, 0.07710128342],
      [0.01302706707, 0.058634936049, 0.63611948143, 0.036931323759, 0.25528719169],
      [0.24788378967, 0.278928279, 0.059568978157, 0.085883117974, 0.3277358352]
    ],
    [
      [0.57437413779, 0.13901816604, 0.14623132728, 0.0060453138174, 0.13433105507],
      [0.011889871783, 0.76165424205, 0.074399775476, 0.098657856392, 0.053398254303],
      [0, 0.054621899441, 0.79880860183, 0.031727686752, 0.11484181198],
      [0.089458285039, 0.44800807944, 0.11752200847, 0.13331874474, 0.21169288231]
    ],
    [
      [0.63430647022, 0.20235110763, 0.082294909018, 0.003646106631, 0.077401406498],
      [0.022007616897, 0.88412192494, 0.0285948434, 0.040852905954, 0.02442270881],
      [0, 0.12962397289, 0.73957746781, 0.027846517281, 0.10295204202],
      [0.10050439066, 0.65401787075, 0.066461757915, 0.056764882288, 0.12225109839]
    ],
    [
      [0.61945374476, 0.14375289806, 0.13150248709, 0.0042556612659, 0.10103520881],
      [0.031876105931, 0.78916296007, 0.066325504504, 0.073399979923, 0.03923544957],
      [0, 0.062354299247, 0.81156497902, 0.029918318307, 0.096162403422],
      [0.10906393025, 0.5032315344, 0.11471235358, 0.099638063245, 0.17335411853]
    ],
    [
      [0.55582526723, 0.11634677969, 0.18839907926, 0.0035120938979, 0.13591677992],
      [0.028920020445, 0.73671930523, 0.10569429258, 0.068457959544, 0.0602084222],
      [0, 0.035426330256, 0.85015774563, 0.019111431064, 0.095304493049],
      [0.099334655054, 0.41390461331, 0.16741485246, 0.081672121746, 0.23767375743]
    ],
    [
      [0.59421541952, 0.12674341963, 0.13001165234, 0.0030699592584, 0.14595954924],
      [0.037302238401, 0.77086487751, 0.073337219896, 0.058021947447, 0.060473716745],
      [0, 0.054687381548, 0.78944011945, 0.02184534244, 0.13402715656],
      [0.10680298115, 0.45132291114, 0.11558040278, 0.070823550141, 0.25547015479]
    ],
    [
      [0.6545201064, 0.091007141486, 0.17161679852, 0.0015943674471, 0.081261586138],
      [0.081822269068, 0.71193560362, 0.12323798519, 0.040481039936, 0.042523102185],
      [0.00045734604066, 0.037599216195, 0.89479983295, 0.0072438103542, 0.059899794459],
      [0.15034111427, 0.4184956134, 0.19659722592, 0.051432025456, 0.18313402095]
    ],
    [
      [0.67601926399, 0.094457890394, 0.1378648098, 0.0020529562827, 0.089605079532],
      [0.082615945827, 0.72386496636, 0.09556417641, 0.04932436154, 0.048630549863],
      [0.00057403335563, 0.043896500784, 0.85580437301, 0.014325750566, 0.085399342284],
      [0.15454540271, 0.42912525206, 0.15582265512, 0.061247051783, 0.19925963832]
    ],
    [
      [0.68795772297, 0.049367551526, 0.17978210968, 0.00095133352941, 0.081941282289],
      [0.1161157852, 0.59169230556, 0.18725485022, 0.037919213122, 0.067017845909],
      [0.0071774263445, 0.007672266642, 0.91613542865, 0.0044175462415, 0.064597332122],
      [0.1767453128, 0.28795203771, 0.26003583549, 0.040076042864, 0.23519077114]
    ],
    [
      [0, 0.44094569674, 0.37002429004, 0.0066012968119, 0.18242871641],
      [0, 0.59498848407, 0.1972711019, 0.13098891923, 0.076751494795],
      [0, 0.0057215216306, 0.90269668396, 0.020750428448, 0.070831365966],
      [0, 0.32010979459, 0.27433403033, 0.13625739478, 0.2692987803]
    ],
    [
      [0.54832567835, 0.068204772317, 0.21418736726, 0.0055250377387, 0.16375714433],
      [0.060803230373, 0.54931443861, 0.15314874469, 0.14611228554, 0.090621300781],
      [0, 0.020062316807, 0.85824271154, 0.020082775957, 0.1016121957],
      [0.098560624855, 0.25406138465, 0.19939816939, 0.14686973438, 0.30111008672]
    ],
    [
      [0.62106384223, 0.10545877401, 0.092813709741, 0.002374642247, 0.17828903177],
      [0.06105681116, 0.74923018118, 0.064861709119, 0.050235664843, 0.074615633697],
      [0.00024931314755, 0.063193588091, 0.71647463261, 0.018776504288, 0.20130596187],
      [0.11706572799, 0.40214973265, 0.088681420344, 0.053817877791, 0.33828524123]
    ],
    [
      [0.60717456161, 0.10771305589, 0.13937123695, 0.0039478830093, 0.14179326253],
      [0.050498369806, 0.71701215061, 0.084093678691, 0.083644813763, 0.064750987134],
      [0, 0.046020741471, 0.8045342679, 0.025460386598, 0.12398460403],
      [0.11321551768, 0.39937120698, 0.12894856709, 0.099979435692, 0.25848527255]
    ],
    [
      [0.70738361629, 0.059393176564, 0.1308674066, 0.0025894595631, 0.099766340985],
      [0.11942381712, 0.60403674925, 0.11947128603, 0.085684895232, 0.071383252376],
      [0.0052240185131, 0.028031864362, 0.84916017425, 0.018731592984, 0.098852349892],
      [0.18416457727, 0.30539917697, 0.16759288937, 0.091378171187, 0.2514651852]
    ],
    [
      [0.66084649605, 0.086511767138, 0.16220785018, 0.0054373499531, 0.084996536684],
      [0.075871698923, 0.62561968393, 0.11244934763, 0.14392399207, 0.042135277454],
      [0.00079051645521, 0.050508407093, 0.86275024335, 0.018215868312, 0.067734964795],
      [0.13413557455, 0.34378506201, 0.16216864063, 0.19265489175, 0.16725583106]
    ],
    [
      [0.73203556548, 0.080040328254, 0.10791405029, 0.0025585487582, 0.077451507218],
      [0.10425044212, 0.69291435123, 0.084454895191, 0.071003995575, 0.047376315882],
      [0.0046760919264, 0.04534216008, 0.835800016, 0.022438967525, 0.091742764473],
      [0.18646183471, 0.40206797577, 0.13491890771, 0.086008072081, 0.19054320973]
    ],
    [
      [0.53904749637, 0.077244402941, 0.24013386534, 0.0019412870797, 0.14163294827],
      [0.055731033246, 0.63943976859, 0.17419781989, 0.051166269125, 0.079465109153],
      [0, 0.017085077075, 0.89410003652, 0.007145129263, 0.081669757141],
      [0.10427389085, 0.31437175045, 0.24317898442, 0.054811686782, 0.2833636875]
    ],
    [
      [0.83072754926, 0.052348631268, 0.054604536173, 0, 0.062319283296],
      [0.14121721742, 0.58267386482, 0.057911219393, 0.16517379718, 0.053023901176],
      [0.017799433921, 0.058181864283, 0.75620005775, 0.035213100864, 0.13260554319],
      [0.22892261834, 0.30326756287, 0.080352936161, 0.20818096531, 0.17927591732]
    ],
    [
      [0.66975067488, 0.065162386978, 0.10849871967, 0.0043694326716, 0.15221878581],
      [0.093937843568, 0.57425378915, 0.093553195609, 0.15015311559, 0.088102056087],
      [0.0067461890463, 0.043815148001, 0.77301899511, 0.022686187438, 0.1537334804],
      [0.1365319071, 0.27152049171, 0.11444192845, 0.16209718094, 0.31540849181]
    ],
    [
      [0.64341659326, 0.10171773079, 0.18965641938, 0.0020929229415, 0.063116333623],
      [0.071327208754, 0.73326806551, 0.12739971325, 0.043949495448, 0.024055517034],
      [0, 0.039025073266, 0.91352935708, 0.010925927826, 0.036519641825],
      [0.14149746398, 0.45137855306, 0.20856172242, 0.056476052702, 0.14208620783]
    ],
    [
      [0.65766419899, 0.090435935498, 0.1226620937, 0.0021518741346, 0.12708589767],
      [0.080788641122, 0.70926542498, 0.087034051796, 0.053901223659, 0.069010658446],
      [0.00059813567385, 0.044014888486, 0.81137807111, 0.01719230867, 0.12681659606],
      [0.14133185765, 0.39271978247, 0.13266826275, 0.061884433544, 0.27139566359]
    ],
    [
      [0.71799137463, 0.050544360899, 0.14161354701, 0.002435540539, 0.087415176931],
      [0.13436922983, 0.57621382137, 0.14266793529, 0.076866414491, 0.069882599017],
      [0.0061151926069, 0.020626944878, 0.87480891946, 0.015892711727, 0.08255623133],
      [0.20142245117, 0.28427815618, 0.19712052031, 0.078483357248, 0.2386955151]
    ],
    [
      [0.79199669389, 0.025010947714, 0.1223049786, 0.00063422975244, 0.060053150043],
      [0.20964510892, 0.46550218302, 0.20717123627, 0.03963378914, 0.078047682649],
      [0.0051570332258, 0, 0.92433228917, 0.0012775398438, 0.069233137758],
      [0.27943862981, 0.19944320881, 0.24520556411, 0.036747134239, 0.23916546302]
    ],
    [
      [0.67382728037, 0.032898954262, 0.17964924833, 0.0014661419995, 0.11215837504],
      [0.1629890063, 0.4353911857, 0.22611748092, 0.065717085256, 0.10978524182],
      [0.00068366361188, 0, 0.89992011734, 0.010456342308, 0.088939876736],
      [0.16962349561, 0.18848362962, 0.26059519886, 0.056770710568, 0.32452696534]
    ],
    [
      [0.6854462379, 0.093726288127, 0.10236048536, 0.0031085125991, 0.11535847601],
      [0.078588789403, 0.68651043621, 0.070505878317, 0.1043053514, 0.060089544669],
      [0.0018619020872, 0.056679201344, 0.77589461387, 0.032577189432, 0.13298709326],
      [0.14201393951, 0.38498761336, 0.10524203565, 0.13310511542, 0.23465129605]
    ],
    [
      [0.84330584136, 0.035359459393, 0.052266532373, 0, 0.069068166869],
      [0.21500672495, 0.59970945275, 0.084288141542, 0.02069979722, 0.080295883538],
      [0.0039748870394, 0.045033341776, 0.79539210863, 0.0001567704939, 0.15544289206],
      [0.31995349072, 0.2771322548, 0.1034475477, 0.024929659362, 0.27453704742]
    ],
    [
      [0.54010591751, 0.079076180874, 0.20359981336, 0.0029808950659, 0.17423719318],
      [0.054729754116, 0.64432524864, 0.14145159509, 0.062614431454, 0.096878970704],
      [0, 0.020735335989, 0.85454878942, 0.015853713102, 0.10886216149],
      [0.098677705321, 0.3066415574, 0.19733910155, 0.060104895145, 0.33723674058]
    ],
    [
      [0.84630020501, 0.042918928268, 0.063320195528, 0.00028033130824, 0.04718033989],
      [0.20132785768, 0.62814160708, 0.085956258677, 0.034406150032, 0.050168126531],
      [0.0037486975234, 0.047644620843, 0.84349205285, 0.0085517052255, 0.09656292356],
      [0.33262974347, 0.32556399598, 0.12229689472, 0.040433123305, 0.17907624252]
    ],
    [
      [0.84368374871, 0.035894322389, 0.082048188195, 0, 0.038373740709],
      [0.19298591382, 0.62695659348, 0.12799101465, 0, 0.05206647805],
      [0.0019919979788, 0.016871829132, 0.91625352341, 0, 0.064882649483],
      [0.30756902807, 0.32458997715, 0.18180816791, 0.019366194024, 0.16666663285]
    ],
    [
      [0.79568546125, 0.055142960483, 0.090779929904, 0.00067141584961, 0.057720232515],
      [0.15763455359, 0.65438689191, 0.098986143784, 0.040992943981, 0.047999466744],
      [0.0061294910623, 0.04090326754, 0.8601488785, 0.0095309260406, 0.083287436855],
      [0.264641762, 0.35593925815, 0.14656987608, 0.048977530221, 0.18387157355]
    ],
    [
      [0.8971891002, 0.038751563196, 0.050464512326, 0, 0.013594824275],
      [0.27986997441, 0.60434629631, 0.10432646655, 0, 0.011457262727],
      [0, 0.055687638716, 0.90100832154, 0, 0.043304039746],
      [0.49639775698, 0.28555947756, 0.12406724393, 0, 0.093975521535]
    ],
    [
      [0.44036485852, 0.043409237988, 0.31825623947, 0.0035148192788, 0.19445484474],
      [0.049468452671, 0.3794014847, 0.33028016891, 0.11093111021, 0.12991878351],
      [0, 0, 0.89290821614, 0.017299152979, 0.089792630877],
      [0.064950614774, 0.16257591502, 0.30516412887, 0.091413041532, 0.3758962998]
    ],
    [
      [0.68588015521, 0.072840168237, 0.12865560713, 0.0024726420309, 0.11015142739],
      [0.094320816544, 0.6613650903, 0.10256712902, 0.071503805946, 0.070243158189],
      [0.0036464871257, 0.029563443279, 0.8347329018, 0.021013360138, 0.11104380766],
      [0.15538600076, 0.35009281166, 0.15415239805, 0.078800967907, 0.26156782162]
    ],
    [
      [0.71019481599, 0.074039084834, 0.13595903599, 0.00081889792718, 0.078988165263],
      [0.11032501493, 0.68848380043, 0.11557410303, 0.034031524534, 0.05158555708],
      [0.0045371734815, 0.037707751737, 0.87480579314, 0.0054713515345, 0.07747793011],
      [0.18965009098, 0.38572590063, 0.17692795612, 0.04538992292, 0.20230612934]
    ],
    [
      [0.73028909853, 0.085197372621, 0.10329457077, 0.0025270431797, 0.078691914904],
      [0.10036301896, 0.70845630769, 0.077979083997, 0.067148914672, 0.04605267468],
      [0.0045470100306, 0.05130383598, 0.82548298397, 0.022573681304, 0.09609248871],
      [0.18376563737, 0.41797746156, 0.12625892908, 0.082866457007, 0.18913151499]
    ],
    [
      [0.72954375154, 0.082840037682, 0.12709810178, 0.002725335481, 0.057792773523],
      [0.10206335121, 0.69703726747, 0.10063706437, 0.072693905954, 0.027568410996],
      [0.0044166939422, 0.044446454236, 0.87459665101, 0.020968913178, 0.055571287636],
      [0.18825464753, 0.41694084005, 0.15948661828, 0.091017532317, 0.14430036182]
    ],
    [
      [0.41294727213, 0.081719323747, 0.37546775474, 0.0025873980337, 0.12727825135],
      [0.012711241294, 0.62638924405, 0.24219311006, 0.058004939572, 0.06070146502],
      [0, 0.0082545942003, 0.9420642379, 0.0090506924962, 0.040630475402],
      [0.068563603034, 0.29822855346, 0.34125543071, 0.061891877562, 0.23006053524]
    ],
    [
      [0.908454595, 0.034240296464, 0.036354847291, 0.00091627388494, 0.02003398736],
      [0.26361818023, 0.60218678163, 0.070429131128, 0.04003980129, 0.023726105724],
      [0, 0.066048444915, 0.8461386718, 0.015886259709, 0.07192662358],
      [0.4711120722, 0.28884405862, 0.09262449215, 0.040766313547, 0.10665306348]
    ],
    [
      [0.81104983813, 0.038816329254, 0.11999115557, 0, 0.030142677045],
      [0.16896201387, 0.63977275266, 0.16295362355, 0, 0.028311609918],
      [0.0042436130393, 0.014504204523, 0.96199401729, 0, 0.019258165152],
      [0.28952698446, 0.33493913958, 0.24256792259, 0, 0.13296595337]
    ],
    [
      [0.66894135584, 0.071287793648, 0.16649409299, 0.0013347087831, 0.091942048735],
      [0.10124750981, 0.657597146, 0.13816657307, 0.043385659564, 0.059603111559],
      [0.003235536196, 0.029737064294, 0.88537039944, 0.0070772190426, 0.074579781029],
      [0.16735996528, 0.35258570008, 0.20559809299, 0.050858283174, 0.22359795847]
    ],
    [
      [0.46874493656, 0.090339071002, 0.17123736035, 0, 0.2696786321],
      [0.0061996457893, 0.74685296686, 0.1164777753, 0, 0.13046961205],
      [0, 0.026266276632, 0.80962962036, 0, 0.16410410301],
      [0.06703694365, 0.3264878698, 0.14861165586, 0, 0.45786353069]
    ],
    [
      [0.7573703502, 0.074575396687, 0.12450038011, 0.0032980125286, 0.040255860476],
      [0.10293683902, 0.67920574552, 0.10553756754, 0.094918342227, 0.017401505689],
      [0.0075369787749, 0.038718546474, 0.90423244196, 0.028055781084, 0.021456251708],
      [0.19266399215, 0.40861446586, 0.16921045149, 0.12095256894, 0.10855852157]
    ],
    [
      [0.91778046714, 0.029805790331, 0.027767354398, 0.0029383095187, 0.021708078609],
      [0.30915754822, 0.52796176805, 0.059331840364, 0.067974816139, 0.035574027226],
      [0, 0.061977519331, 0.81099414813, 0.031245677134, 0.095782655406],
      [0.51266695223, 0.23180822746, 0.07657970149, 0.060069994192, 0.11887512463]
    ],
    [
      [0.92433668502, 0.042508258831, 0.016065434261, 6.3277267585e-05, 0.017026344622],
      [0.47508370088, 0.39087251976, 0.061674665068, 0.015733881747, 0.056635232549],
      [0.0027053127663, 0.076404682959, 0.79038109985, 0.0094952932251, 0.12101361119],
      [0.7286256822, 0.1274451893, 0.046332204349, 0.012527305516, 0.085069618634]
    ],
    [
      [0.94967484974, 0.020368317246, 0.021074783475, 0.0013051551227, 0.007576894419],
      [0.33956869067, 0.54500634319, 0.060513131725, 0.048104847093, 0.0068069873269],
      [0, 0.072507135589, 0.85794714156, 0.030756833461, 0.038788889393],
      [0.60168936304, 0.2294937246, 0.068378233761, 0.042092302637, 0.058346375962]
    ],
    [
      [0.56176137604, 0.098997198308, 0.20950888724, 0.0040845133029, 0.1256480251],
      [0.040893171691, 0.68375244993, 0.12756040691, 0.088549869056, 0.059244102409],
      [0, 0.029833577907, 0.87064468773, 0.019443059235, 0.080078675132],
      [0.10501509618, 0.36810777407, 0.1942686831, 0.10329972652, 0.22930872012]
    ],
    [
      [0.92500404486, 0.03040586604, 0.027107903723, 0.00070082622345, 0.016781359156],
      [0.34013772126, 0.52609858903, 0.070135816095, 0.031925088547, 0.031702785077],
      [0, 0.061002852648, 0.84105145751, 0.013670338746, 0.084275351093],
      [0.58010027526, 0.20952317359, 0.078300035468, 0.029148391036, 0.10292812464]
    ],
    [
      [0.93058369741, 0.035498907481, 0.01345641114, 0.0016924306216, 0.018768553348],
      [0.3157702623, 0.51993075086, 0.024317697037, 0.10869041632, 0.031290873478],
      [0.014115795488, 0.080123436582, 0.72843816413, 0.061302449616, 0.11602015418],
      [0.51721382336, 0.22314778736, 0.047858973254, 0.1065081662, 0.10527124983]
    ],
    [
      [0.89668208163, 0.03096579854, 0.028108801943, 0, 0.044243317891],
      [0.28102786623, 0.56271339665, 0.059510416075, 0.019466641272, 0.077281679768],
      [0, 0.058591442957, 0.76422208423, 0.0062066959061, 0.1709797769],
      [0.4480161336, 0.23784646161, 0.072457892165, 0.022748433774, 0.21893107886]
    ],
    [
      [0.89004260597, 0.025802783293, 0.039771095339, 0, 0.044383515399],
      [0.27525500076, 0.5506519284, 0.081621966367, 0.021411892909, 0.071059211568],
      [0, 0.042584794572, 0.81499504719, 0.0019657021875, 0.14045445605],
      [0.42380603108, 0.2373845744, 0.098026436141, 0.023437308876, 0.2173456495]
    ],
    [
      [0.76339633181, 0.064952665314, 0.097784318292, 0.00080266663016, 0.073064017953],
      [0.12966051963, 0.68750215575, 0.092616966452, 0.034940670525, 0.055279687645],
      [0.0070411637536, 0.039697602455, 0.8476121116, 0.0074853229843, 0.098163799209],
      [0.22181800323, 0.38219939154, 0.14293379431, 0.04296966288, 0.21007914804]
    ],
    [
      [0.5665363465, 0.056881831641, 0.18626317651, 0.0032503590866, 0.18706828626],
      [0.086712358117, 0.54224577586, 0.1592389529, 0.095525873866, 0.11627703926],
      [0.0033280611223, 0.023213773381, 0.83879565482, 0.017928564602, 0.11673394607],
      [0.11384516665, 0.2313288135, 0.19020226904, 0.085051737456, 0.37957201336]
    ],
    [
      [0.62624023556, 0.1120288684, 0.14374549532, 0.0034502035927, 0.11453519712],
      [0.050767438417, 0.73711176084, 0.085391398289, 0.071988149094, 0.054741253359],
      [0, 0.045231985821, 0.8295866922, 0.023153245034, 0.10202807694],
      [0.12128247707, 0.43422128969, 0.13881711194, 0.087695376437, 0.21798374487]
    ],
    [
      [0.59106439507, 0.1499387431, 0.17362902422, 0.0022649812393, 0.083102856371],
      [0.017031191143, 0.82536225301, 0.08898270284, 0.039254044378, 0.02936980863],
      [0, 0.045308467891, 0.87958871137, 0.014711632067, 0.060391188672],
      [0.098684544609, 0.54449370071, 0.15696717021, 0.053334196179, 0.14652038829]
    ],
    [
      [0.59471114297, 0.08389833394, 0.12707645327, 0, 0.19431406982],
      [0.080803819317, 0.69706396059, 0.10368792146, 0.018784094081, 0.099660204556],
      [0.001941144367, 0.048118199823, 0.78813269247, 0, 0.16180796334],
      [0.11728032902, 0.33409362417, 0.12733016277, 0.026383506076, 0.39491237797]
    ],
    [
      [0.63811959444, 0.087125978374, 0.14833557754, 0.00090432216933, 0.12551452747],
      [0.08198291034, 0.70253888557, 0.1082262837, 0.035880697129, 0.07137122326],
      [0.00088719422995, 0.039214294206, 0.84453372335, 0.0064112717808, 0.10895351643],
      [0.14090009905, 0.38168053714, 0.16248279143, 0.043797919998, 0.27113865238]
    ],
    [
      [0.74226200788, 0.071505011888, 0.12923570544, 0.0024095543288, 0.054587720462],
      [0.11585569823, 0.67316771188, 0.11302331557, 0.068408746965, 0.029544527362],
      [0.0053729491738, 0.036231781962, 0.88766697839, 0.018029994019, 0.052698296453],
      [0.20489988734, 0.39059009736, 0.17539829842, 0.081306445415, 0.14780527147]
    ],
    [
      [0.66876196317, 0.086718425978, 0.16473468225, 0.004848453283, 0.074936475312],
      [0.077595028286, 0.65101300384, 0.11392780619, 0.12114549528, 0.036318666404],
      [0.0008334297235, 0.039178809183, 0.88118441927, 0.023859420406, 0.054943921419],
      [0.14020080962, 0.37312839687, 0.17674191264, 0.15149724931, 0.15843163157]
    ],
    [
      [0.78315721565, 0.10000450474, 0.064069330397, 0.0024195776161, 0.050349371597],
      [0.067611334118, 0.8104687263, 0.041138308612, 0.053779574209, 0.027002056762],
      [0.010346209088, 0.064180830053, 0.78990817942, 0.039166335079, 0.096398446358],
      [0.15174429212, 0.55286790147, 0.085064870751, 0.07867788294, 0.13164505272]
    ],
    [
      [0.61346713632, 0.15144615301, 0.1148814812, 0.0069446568648, 0.1132605726],
      [0.019478830583, 0.77083149342, 0.057894586902, 0.10820095618, 0.043594132915],
      [0, 0.081453913579, 0.75768678808, 0.044629650837, 0.11622964751],
      [0.094364982184, 0.4727918286, 0.089998529914, 0.16914433076, 0.17370032854]
    ],
    [
      [0.75430413834, 0.10253158424, 0.061855667274, 0.0051149952671, 0.076193614879],
      [0.078790342005, 0.74774068355, 0.033455598459, 0.096765653764, 0.043247722224],
      [0.0069362832984, 0.076964626306, 0.73795420241, 0.051019664415, 0.12712522357],
      [0.15818946712, 0.47772700207, 0.069422264619, 0.13026881365, 0.16439245254]
    ],
    [
      [0.68505739928, 0.05372601673, 0.11987390864, 0.0056037064485, 0.1357389689],
      [0.10982409393, 0.5261235332, 0.11353784202, 0.15943263797, 0.09108189288],
      [0.009835260636, 0.037327639355, 0.80265683595, 0.015467222648, 0.13471304141],
      [0.14708519867, 0.23680401091, 0.13298427772, 0.18490859908, 0.29821791362]
    ],
    [
      [0.73817212302, 0.089207392414, 0.17262048457, 0, 0],
      [0.10473115079, 0.72951052915, 0.16575832006, 0, 0],
      [0, 0.009159608917, 0.99084039108, 0, 0],
      [0.15709655872, 0.42701122525, 0.28460762041, 0.019173334672, 0.11211126095]
    ],
    [
      [0.76003639775, 0.076409645163, 0.065682321317, 0.00083110801181, 0.097040527754],
      [0.10581167594, 0.74589213283, 0.057293013225, 0.025717100917, 0.065286077084],
      [0.011413423634, 0.05145532066, 0.76142331578, 0.0089947975546, 0.16671314238],
      [0.18378845295, 0.4238954902, 0.090752980102, 0.032428657104, 0.26913441964]
    ],
    [
      [0.88316980812, 0.023021469615, 0.057287371532, 0.00035084283571, 0.036170507895],
      [0.27400647508, 0.51712276633, 0.11723136743, 0.033253638784, 0.058385752379],
      [0, 0.022960822528, 0.8821988125, 0.0067332845891, 0.088107080387],
      [0.4250940142, 0.22293328352, 0.14257600646, 0.032199430744, 0.17719726507]
    ],
    [
      [0.85784034559, 0.026340821994, 0.068730230661, 0.0015627273708, 0.045525874388],
      [0.24057678246, 0.51796581087, 0.12532377916, 0.048032841059, 0.068100786448],
      [0, 0.019404103041, 0.87916147048, 0.012600106706, 0.088834319771],
      [0.37478219718, 0.23125620914, 0.15363637721, 0.042518481462, 0.19780673502]
    ],
    [
      [0.86504179706, 0.021555860128, 0.054412717474, 0, 0.058989625334],
      [0.30017193538, 0.45656899668, 0.13318140699, 0, 0.11007766095],
      [0, 0.01183125626, 0.84360950377, 0, 0.14455923997],
      [0.41440680681, 0.17487319248, 0.12542204988, 0, 0.28529795084]
    ],
    [
      [0.76432532678, 0.067857626289, 0.091561326285, 0.0023347598459, 0.073920960795],
      [0.12494523411, 0.67531222035, 0.081410630531, 0.065837131195, 0.052494783805],
      [0.0063857206817, 0.043734129555, 0.82743559323, 0.021092568625, 0.10135198791],
      [0.21543907914, 0.3804382861, 0.12683842046, 0.076131994102, 0.2011522202]
    ],
    [
      [0.87241134283, 0.042288343096, 0.054827781487, 0, 0.030472532582],
      [0.22261062397, 0.63093648331, 0.084244700162, 0.030359206209, 0.031848986344],
      [0.0021625993028, 0.057321843519, 0.85834843669, 0.0087944374023, 0.073372683088],
      [0.38416297061, 0.32753469643, 0.11718954245, 0.037804991131, 0.13330779937]
    ],
    [
      [0.82363707003, 0.033755383017, 0.083136053421, 0.0016193965415, 0.05785209699],
      [0.19896227971, 0.55741719809, 0.12099316262, 0.05233209815, 0.070295261429],
      [0.0013317674318, 0.020953648008, 0.87145263423, 0.013771029994, 0.092490920333],
      [0.30503018904, 0.26630977846, 0.1606733273, 0.049159837019, 0.21882686818]
    ],
    [
      [0.5901054685, 0.088559184928, 0.19278854277, 0.004322266769, 0.12422453703],
      [0.057341295614, 0.64799241228, 0.1250640875, 0.10535022563, 0.064251978972],
      [0, 0.03158811821, 0.86206777965, 0.020060429713, 0.086283672425],
      [0.11389281058, 0.34179238638, 0.18629928146, 0.12147356843, 0.23654195314]
    ],
    [
      [0.85519999431, 0.035697451285, 0.064692238484, 0.0011046153812, 0.043305700536],
      [0.22036395874, 0.57996345925, 0.098095117392, 0.050575810054, 0.051001654566],
      [0, 0.039349355148, 0.8574254299, 0.01492157967, 0.088303635278],
      [0.3554763974, 0.28625479464, 0.13207972682, 0.052119291525, 0.17406978961]
    ],
    [
      [0.68940304886, 0.10788496156, 0.058219559274, 0.0026579269388, 0.14183450337],
      [0.074211799929, 0.77212569398, 0.046153140307, 0.053303552705, 0.054205813084],
      [0.0057901440127, 0.085628656948, 0.65507654371, 0.031667922204, 0.22183673313],
      [0.13594639085, 0.45028356576, 0.061088103022, 0.060684154695, 0.29199778568]
    ],
    [
      [0.75497029124, 0.06871883956, 0.10718163784, 0.00083659588006, 0.068292635471],
      [0.12426701508, 0.69194056936, 0.097607289689, 0.037430449101, 0.04875467677],
      [0.006376260254, 0.039705980632, 0.86151139729, 0.008643929636, 0.083762432186],
      [0.21641043525, 0.39342768284, 0.15223759282, 0.047059351927, 0.19086493715]
    ],
    [
      [0.8874937684, 0.037945775316, 0.043657242074, 0.0010096540752, 0.029893560131],
      [0.23108622619, 0.62495437495, 0.066269574341, 0.043176787401, 0.034513037121],
      [0.0031220843624, 0.061334552722, 0.83242039098, 0.017912036201, 0.085210935731],
      [0.3943301459, 0.32859947401, 0.097657814675, 0.047140217987, 0.13227234743]
    ],
    [
      [0.82698497347, 0.04169329886, 0.079227883666, 0.00072585425128, 0.05136798975],
      [0.19574124727, 0.60103393844, 0.10597127778, 0.044100897151, 0.053152639365],
      [0.0029232142841, 0.036595903414, 0.86385670232, 0.010698361517, 0.085925818469],
      [0.31351123442, 0.30487431932, 0.14642261312, 0.048072837357, 0.18711899579]
    ],
    [
      [0.66234669809, 0.079204876505, 0.11529754096, 0.0030419522563, 0.14010893219],
      [0.087238258409, 0.66975931285, 0.089985767432, 0.074574552866, 0.078442108445],
      [0.0023272080429, 0.038964020132, 0.79460055642, 0.02201260354, 0.14209561186],
      [0.14363341724, 0.34799187731, 0.12579639054, 0.078169541619, 0.30440877329]
    ],
    [
      [0.80600839444, 0.042323947376, 0.096896777151, 0, 0.054770881032],
      [0.18993370569, 0.62518513867, 0.12819229479, 0, 0.056688860845],
      [0.00060052038935, 0.026456660848, 0.89352219846, 0, 0.079420620298],
      [0.29932971974, 0.3169824944, 0.18107255956, 0, 0.2026152263]
    ],
    [
      [0.63633666268, 0.091919591555, 0.15883390924, 0.0025957319022, 0.11031410462],
      [0.075070004594, 0.69562102908, 0.10858961884, 0.061918923835, 0.058800423648],
      [0, 0.038737857561, 0.85420007023, 0.015935351527, 0.091126720681],
      [0.1385378151, 0.39012407444, 0.16844497306, 0.072912290819, 0.22998084658]
    ],
    [
