{
  "Z_true": {},
  "V_true": [
    [25, 74, 45, 79, 182, 374, 1],
    [48, 77, 1731, 19, 43, 440, 5],
    [193, 125, 61, 2478, 88, 1091, 2],
    [89, 100, 95, 86, 92, 4860, 4],
    [188, 188, 138, 90, 5692, 1072, 7],
    [258, 393, 516, 400, 561, 1144, 47]
  ],
  "p_true": [
    [0.0321, 0.0949, 0.0577, 0.1013, 0.2333, 0.4795, 0.0013],
    [0.0203, 0.0326, 0.7325, 0.008, 0.0182, 0.1862, 0.0021],
    [0.0478, 0.031, 0.0151, 0.6137, 0.0218, 0.2702, 0.0005],
    [0.0167, 0.0188, 0.0178, 0.0161, 0.0173, 0.9125, 0.0008],
    [0.0255, 0.0255, 0.0187, 0.0122, 0.7718, 0.1454, 0.0009],
    [0.0777, 0.1184, 0.1555, 0.1205, 0.169, 0.3447, 0.0142]
  ],
  "Z_est": {},
  "V_est": [
    [0, 0, 77.2821, 0, 174.0887, 520.7745, 7.8546],
    [34.4656, 295.0065, 1920.4916, 0, 0, 113.0364, 0],
    [61.9926, 177.6081, 0, 2657.7474, 0, 1119.46, 21.1918],
    [0, 0, 0, 0, 0, 5326, 0],
    [444.9504, 0, 292.8767, 0, 5548.436, 1051.7834, 36.9535],
    [259.5915, 484.3854, 295.3496, 494.2526, 935.4753, 849.9457, 0]
  ],
  "p_est": [
    [0, 0, 0.0991, 0, 0.2232, 0.6677, 0.0101],
    [0.0146, 0.1248, 0.8127, 0, 0, 0.0478, 0],
    [0.0154, 0.044, 0, 0.6582, 0, 0.2772, 0.0052],
    [0, 0, 0, 0, 0, 1, 0],
    [0.0603, 0, 0.0397, 0, 0.7523, 0.1426, 0.005],
    [0.0782, 0.1459, 0.089, 0.1489, 0.2819, 0.2561, 0]
  ],
  "EI_Z": {},
  "EI_V": 10.0983,
  "MAE_Z": {},
  "MAE_V": 111.5668,
  "MAE_p": 0.0379,
  "runtime": 0.0407
}
