{
  "X": [
    [1, 81, 28, 11],
    [19, 185, 132, 12],
    [8, 30, 37, 6],
    [3, 36, 21, 4],
    [7, 29, 34, 7],
    [9, 44, 80, 28],
    [0, 17, 33, 8],
    [22, 161, 99, 22],
    [0, 25, 6, 2],
    [6, 52, 51, 20],
    [3, 73, 127, 6],
    [5, 38, 34, 7],
    [5, 38, 89, 20],
    [16, 123, 272, 50],
    [14, 101, 112, 19],
    [4, 102, 98, 48],
    [13, 86, 90, 9],
    [8, 41, 80, 26],
    [6, 24, 30, 1],
    [5, 58, 30, 5],
    [13, 122, 64, 15],
    [22, 61, 52, 12],
    [3, 33, 36, 5],
    [7, 26, 82, 12],
    [7, 120, 214, 40],
    [8, 46, 55, 16],
    [8, 215, 255, 40],
    [14, 172, 183, 20],
    [12, 150, 190, 52],
    [4, 143, 114, 31],
    [16, 117, 145, 36],
    [6, 30, 17, 7],
    [2, 20, 9, 8],
    [5, 99, 38, 27],
    [10, 139, 157, 42],
    [2, 83, 31, 9],
    [26, 209, 214, 62],
    [10, 138, 153, 40],
    [25, 190, 172, 42],
    [4, 99, 48, 13],
    [4, 38, 17, 12],
    [2, 47, 56, 21],
    [5, 75, 59, 9],
    [15, 100, 53, 20],
    [16, 92, 122, 20],
    [2, 32, 38, 3],
    [0, 51, 19, 4],
    [14, 84, 102, 44],
    [31, 137, 209, 13],
    [105, 523, 462, 58],
    [24, 34, 69, 6],
    [3, 53, 10, 9],
    [3, 97, 54, 19],
    [27, 132, 256, 28],
    [38, 211, 368, 44],
    [51, 328, 441, 69],
    [59, 397, 645, 72],
    [2, 44, 25, 11],
    [28, 84, 142, 25],
    [17, 166, 138, 17],
    [1, 26, 21, 17],
    [6, 54, 40, 21],
    [18, 44, 102, 17],
    [26, 51, 127, 20],
    [15, 38, 106, 17],
    [7, 38, 40, 16],
    [10, 242, 173, 52],
    [24, 97, 136, 10],
    [19, 14, 59, 5],
    [12, 17, 35, 6],
    [5, 42, 55, 8],
    [13, 128, 92, 9],
    [2, 60, 74, 19],
    [4, 120, 125, 34],
    [0, 21, 29, 13],
    [21, 67, 61, 8],
    [21, 88, 106, 15],
    [17, 107, 176, 19],
    [11, 77, 58, 32],
    [5, 34, 10, 3],
    [10, 87, 210, 32],
    [17, 54, 62, 15],
    [4, 36, 24, 4],
    [17, 59, 70, 9],
    [31, 77, 174, 33],
    [69, 135, 272, 39],
    [21, 166, 131, 26],
    [30, 167, 188, 15],
    [3, 26, 40, 15],
    [23, 101, 152, 10],
    [12, 111, 106, 9],
    [52, 202, 240, 25],
    [5, 35, 49, 2],
    [10, 54, 27, 6],
    [71, 631, 419, 76],
    [3, 28, 129, 14],
    [1, 46, 65, 5],
    [14, 160, 379, 40],
    [14, 30, 71, 18],
    [10, 114, 248, 30],
    [12, 136, 338, 33],
    [11, 103, 230, 20],
    [7, 70, 26, 16],
    [56, 319, 227, 34],
    [268, 1774, 2136, 284],
    [68, 190, 243, 29],
    [218, 598, 793, 162],
    [25, 59, 82, 8]
  ],
  "W": [
    [3, 5, 18, 91, 1, 3],
    [14, 51, 56, 201, 16, 10],
    [1, 17, 16, 36, 5, 6],
    [2, 5, 6, 48, 2, 1],
    [3, 16, 19, 32, 4, 3],
    [2, 17, 71, 49, 8, 14],
    [2, 3, 14, 25, 6, 8],
    [13, 45, 52, 166, 8, 20],
    [0, 0, 2, 28, 1, 2],
    [2, 8, 40, 66, 5, 8],
    [4, 9, 71, 110, 11, 4],
    [0, 10, 18, 40, 10, 6],
    [6, 8, 74, 50, 9, 5],
    [10, 31, 205, 172, 28, 15],
    [7, 39, 50, 130, 2, 18],
    [12, 11, 76, 117, 18, 18],
    [6, 48, 33, 98, 7, 6],
    [3, 9, 66, 54, 19, 4],
    [0, 24, 8, 26, 1, 2],
    [3, 16, 7, 68, 0, 4],
    [7, 20, 35, 132, 8, 12],
    [2, 26, 26, 76, 7, 10],
    [3, 17, 7, 45, 3, 2],
    [5, 22, 56, 34, 5, 5],
    [10, 15, 164, 139, 36, 17],
    [3, 15, 35, 58, 11, 3],
    [10, 23, 177, 252, 34, 22],
    [6, 27, 129, 190, 19, 18],
    [16, 27, 138, 165, 28, 30],
    [12, 12, 59, 186, 10, 13],
    [6, 27, 81, 155, 21, 24],
    [1, 9, 9, 35, 0, 6],
    [0, 3, 7, 23, 0, 6],
    [2, 9, 18, 114, 9, 17],
    [15, 27, 91, 166, 24, 25],
    [4, 7, 16, 94, 0, 4],
    [18, 78, 112, 248, 26, 29],
    [6, 28, 97, 164, 25, 21],
    [8, 49, 114, 213, 17, 28],
    [5, 6, 18, 115, 6, 14],
    [1, 7, 7, 45, 6, 5],
    [3, 5, 40, 59, 10, 9],
    [6, 18, 29, 89, 3, 3],
    [3, 26, 29, 119, 5, 6],
    [6, 31, 63, 125, 15, 10],
    [1, 8, 20, 35, 6, 5],
    [0, 3, 8, 58, 2, 3],
    [7, 26, 84, 87, 16, 24],
    [19, 89, 92, 151, 22, 17],
    [36, 211, 235, 574, 45, 47],
    [1, 59, 17, 45, 3, 8],
    [6, 5, 3, 47, 2, 12],
    [7, 7, 33, 109, 9, 8],
    [14, 63, 160, 160, 34, 12],
    [30, 118, 210, 259, 27, 17],
    [43, 109, 263, 384, 54, 36],
    [19, 149, 409, 491, 64, 41],
    [5, 0, 17, 52, 2, 6],
    [6, 75, 80, 89, 14, 15],
    [5, 42, 72, 188, 4, 27],
    [1, 2, 20, 34, 2, 6],
    [6, 4, 30, 66, 9, 6],
    [5, 27, 63, 56, 25, 5],
    [12, 84, 44, 61, 14, 9],
    [4, 88, 29, 48, 3, 4],
    [8, 15, 16, 47, 9, 6],
    [15, 26, 106, 289, 25, 16],
    [9, 65, 62, 111, 14, 6],
    [3, 36, 28, 19, 6, 5],
    [4, 26, 16, 16, 5, 3],
    [7, 26, 24, 43, 1, 9],
    [6, 30, 36, 145, 11, 14],
    [4, 6, 45, 73, 16, 11],
    [6, 13, 80, 147, 21, 16],
    [3, 2, 23, 24, 4, 7],
    [5, 29, 38, 77, 6, 2],
    [10, 43, 62, 99, 8, 8],
    [8, 47, 102, 127, 20, 15],
    [2, 15, 34, 98, 18, 11],
    [2, 4, 8, 35, 2, 1],
    [9, 23, 144, 109, 40, 14],
    [6, 41, 21, 66, 5, 9],
    [2, 11, 10, 37, 2, 6],
    [5, 51, 28, 66, 2, 3],
    [11, 73, 88, 103, 21, 19],
    [8, 145, 153, 160, 21, 28],
    [12, 49, 66, 169, 25, 23],
    [10, 95, 63, 202, 16, 14],
    [3, 5, 30, 31, 12, 3],
    [8, 67, 78, 109, 18, 6],
    [7, 53, 38, 124, 12, 4],
    [19, 122, 105, 238, 22, 13],
    [0, 29, 16, 38, 6, 2],
    [3, 12, 13, 59, 1, 9],
    [40, 138, 253, 659, 68, 39],
    [4, 4, 92, 44, 24, 6],
    [1, 7, 29, 60, 13, 7],
    [8, 34, 232, 237, 53, 29],
    [4, 16, 45, 35, 25, 8],
    [16, 30, 150, 156, 38, 12],
    [12, 33, 214, 193, 51, 16],
    [7, 20, 145, 150, 31, 11],
    [2, 6, 13, 77, 9, 12],
    [9, 103, 108, 359, 35, 22],
    [247, 550, 1351, 1867, 237, 210],
    [9, 120, 142, 211, 27, 21],
    [35, 370, 428, 755, 91, 92],
    [3, 53, 39, 68, 3, 8]
  ],
  "method": "mult",
  "cond_prob": [
    [
      [0.0059422131024, 0.61425750087, 0.32223548116, 0.057564804864],
      [0.19167048528, 0.1060463793, 0.70022717022, 0.0020559652007],
      [0, 0.034694198807, 0.84270103857, 0.12260476262],
      [0, 0.84812345658, 0.081915841951, 0.069960701473],
      [0.0039258154323, 0.028669398437, 0.63306383524, 0.33434095089],
      [0.0066317062926, 0.2648653585, 0.092044519453, 0.63645841575]
    ],
    [
      [0.014088596856, 0.57235624597, 0.39420581655, 0.019349340623],
      [0.35053112909, 0.046937357558, 0.60253151336, 0],
      [0.0029129642163, 0.029513198179, 0.93086042312, 0.03671341449],
      [0.0016547181687, 0.83694520357, 0.14069352191, 0.020706556354],
      [0.0098454166706, 0.030984479865, 0.8369549643, 0.12221513916],
      [0.02724210459, 0.42187306277, 0.19531503604, 0.35556979661]
    ],
    [
      [0.019606071175, 0.51862460252, 0.42947415801, 0.03229516829],
      [0.41319035635, 0.021753202002, 0.56505644165, 0],
      [0.0076851257913, 0.0096256932717, 0.92921068486, 0.053478496078],
      [0.016308113577, 0.75131453283, 0.19736249374, 0.035014859856],
      [0.012608165814, 0.019764768123, 0.79100651978, 0.17662054629],
      [0.030510490069, 0.30190214144, 0.17285216713, 0.49473520137]
    ],
    [
      [0.020946174924, 0.48691994267, 0.45250241607, 0.039631466334],
      [0.4447053849, 0.023088142298, 0.53151832321, 0.00068814959526],
      [0.0057036133529, 0.012415744177, 0.91760977785, 0.064270864624],
      [0.013519717445, 0.71977456069, 0.21335664658, 0.053349075288],
      [0.011747933221, 0.018195979648, 0.76740550314, 0.20265058399],
      [0.027916741772, 0.25065406566, 0.15581484275, 0.56561434982]
    ],
    [
      [0.01752775591, 0.5530070706, 0.37967687858, 0.049788294915],
      [0.41984690795, 0.041013127584, 0.53614767682, 0.0029922876456],
      [0.0018241798952, 0.027149567492, 0.87605639053, 0.094969862086],
      [0.002844423674, 0.79073267243, 0.14095937666, 0.065463527232],
      [0.010237035041, 0.02492977727, 0.69375281382, 0.27108037387],
      [0.021079029782, 0.25525411253, 0.11727460222, 0.60639225546]
    ],
    [
      [0.020751447681, 0.54078352474, 0.36987391209, 0.068591115489],
      [0.46155329648, 0.034434639483, 0.49687462753, 0.0071374365027],
      [0.0041542099895, 0.02537977526, 0.82029753185, 0.15016848291],
      [0.0088382035902, 0.76232024134, 0.12801662333, 0.10082493174],
      [0.011558834538, 0.022188852128, 0.62428669574, 0.34196561759],
      [0.020828535929, 0.21427695665, 0.093225045532, 0.67166946189]
    ],
    [
      [3.4785815216e-17, 0.39910667354, 0.56007054905, 0.040822777414],
      [0, 0.022082970758, 0.97698554337, 0.00093148587597],
      [0, 0, 0.94533679658, 0.054663203419],
      [0, 0.58284926055, 0.35798059785, 0.059170141603],
      [0, 0, 0.82344138899, 0.17655861101],
      [0, 0.19553827837, 0.22800297993, 0.5764587417]
    ],
    [
      [0.018913271443, 0.59910062941, 0.34771535687, 0.034270742273],
      [0.44623417431, 0.050602878274, 0.50316294742, 0],
      [0.0049712649397, 0.03724377654, 0.88693041771, 0.070854540811],
      [0.0044835169252, 0.85395767445, 0.10333487865, 0.038223929973],
      [0.013454771523, 0.031908215652, 0.73960085692, 0.21503615591],
      [0.028159093439, 0.34928231157, 0.13232946472, 0.49022913028]
    ],
    [
      [0, 0.62392330502, 0.34741166526, 0.028665029727],
      [-0, 0.072455453182, 0.92640371418, 0.0011408326378],
      [0, 0.025973645309, 0.91649411111, 0.057532243582],
      [0, 0.86347980155, 0.11152860282, 0.024991595631],
      [0, 0.031946071654, 0.77738146031, 0.19067246804],
      [0, 0.36933609719, 0.13341471924, 0.49724918357]
    ],
    [
      [0.026450595039, 0.52384970578, 0.37817175061, 0.071527948569],
      [0.52777038643, 0.026520135268, 0.44227442343, 0.0034350548768],
      [0.0094562490667, 0.012748777528, 0.83845714921, 0.1393378242],
      [0.01611549012, 0.73564233957, 0.14098499046, 0.10725717985],
      [0.014656141969, 0.019509119307, 0.62000490661, 0.34582983211],
      [0.026222837256, 0.19753104962, 0.095267654923, 0.6809784582]
    ],
    [
      [0.010396271567, 0.43627106713, 0.53772026607, 0.015612395229],
      [0.23988716982, 0.021549926867, 0.73841695949, 0.00014594382676],
      [0, 0, 0.97850977621, 0.021490223793],
      [0.005888555066, 0.63193578765, 0.34152838537, 0.020647271915],
      [0.0057471488245, 0.010555003379, 0.90602301255, 0.077674835248],
      [0.022117672759, 0.35798117787, 0.29869916513, 0.32120198424]
    ],
    [
      [0.018524701002, 0.58833257182, 0.36232863546, 0.030814091711],
      [0.44360136038, 0.048124564613, 0.50827407501, 0],
      [0.0041269347111, 0.04230842694, 0.89452488208, 0.059039756265],
      [0.005036303543, 0.85528602724, 0.10983928255, 0.029838386675],
      [0.011953832937, 0.039621834829, 0.75742435132, 0.19099998091],
      [0.028118516724, 0.3582572052, 0.14133275956, 0.47229151851]
    ],
    [
      [0.022030190629, 0.47843405352, 0.43234175213, 0.067194003716],
      [0.45314319863, 0.022901448547, 0.52170452456, 0.0022508282654],
      [0, 0, 0.88149541138, 0.11850458862],
      [0.020514874239, 0.67738698234, 0.207835678, 0.094262465425],
      [0.011419358911, 0.013909326494, 0.66906132959, 0.305609985],
      [0.022831065002, 0.19033020705, 0.11766339651, 0.66917533144]
    ],
    [
      [0.019367032473, 0.468857663, 0.4560148101, 0.055760494433],
      [0.39335760313, 0.021853349234, 0.5829492108, 0.0018398368347],
      [0, 0, 0.906317811, 0.093682189003],
      [0.017330699936, 0.66325315393, 0.24008036311, 0.07933578303],
      [0.010284313678, 0.012783895341, 0.71931154096, 0.25762025003],
      [0.022893520419, 0.21309853327, 0.14258196722, 0.62142597908]
    ],
    [
      [0.0142741135, 0.477190027, 0.47232576243, 0.036210097068],
      [0.31563723552, 0.020755670092, 0.66343725981, 0.00016983458521],
      [0.0036733153658, 0.0029909148763, 0.9361751631, 0.05716060666],
      [0.0077478719345, 0.7058218754, 0.2388084008, 0.047621851865],
      [0.0080566926363, 0.01863955633, 0.79309300587, 0.18021074516],
      [0.021290361961, 0.27258500103, 0.18775723668, 0.51836740033]
    ],
    [
      [0.010723624475, 0.5483665585, 0.35927437252, 0.081635444502],
      [0.32306041931, 0.043765151647, 0.62826322081, 0.0049112082346],
      [5.059177441e-05, 0.023734176317, 0.81045826427, 0.16575696764],
      [0.00035185518291, 0.76186505733, 0.11170080939, 0.1260822781],
      [0.0053852340929, 0.022146141296, 0.58899629684, 0.38347232777],
      [0.0097614249451, 0.19986360995, 0.084003109687, 0.70637185541]
    ],
    [
      [0.010444985997, 0.53306721735, 0.42877627862, 0.027711518029],
      [0.26636882408, 0.051762670446, 0.68175616142, 0.00011234405772],
      [1.5685269372e-05, 0.02263094411, 0.9287894985, 0.048563872123],
      [0, 0.78906583431, 0.17595084071, 0.034983324981],
      [0.0063299221798, 0.024767971598, 0.8130026366, 0.15589946962],
      [0.017799909872, 0.34472329926, 0.18646538061, 0.45101141026]
    ],
    [
      [0.032380347151, 0.50231265196, 0.38561180686, 0.079695194031],
      [0.57067403298, 0.021366707766, 0.40508397733, 0.0028752819199],
      [0.015856141087, 0, 0.83317955967, 0.15096429925],
      [0.023032602104, 0.71003165069, 0.15629020644, 0.11064554077],
      [0.018813950453, 0.013293227215, 0.60002085241, 0.36787196992],
      [0.029765444435, 0.176620305, 0.091872625435, 0.70174162513]
    ],
    [
      [0.01001493528, 0.55070923638, 0.42787537938, 0.011400448952],
      [0.24797293356, 0.06064336863, 0.69138369781, 0],
      [0, 0.025134178989, 0.955566568, 0.019299253007],
      [0, 0.82271676358, 0.16870726797, 0.0085759684479],
      [0.0065445949815, 0.027246202398, 0.89343403844, 0.072775164179],
      [0.02105249977, 0.46280183277, 0.24121785141, 0.27492781606]
    ],
    [
      [0.011885985087, 0.54024890702, 0.41703389587, 0.030831212023],
      [0.30443623655, 0.04672241132, 0.64859503181, 0.00024632031761],
      [0.0027267900043, 0.020268806657, 0.92211874819, 0.054885655145],
      [0, 0.79688199184, 0.16536433835, 0.037753669803],
      [0.0077111226817, 0.023993984942, 0.79313177369, 0.17516311868],
      [0.018568682463, 0.32545940149, 0.16794288949, 0.48802902655]
    ],
    [
      [0.024109814422, 0.59589003522, 0.34627911185, 0.033721038504],
      [0.50908248, 0.040095378813, 0.45082214118, 0],
      [0.008611710895, 0.032961756922, 0.88863063155, 0.069795900628],
      [0.013480412984, 0.84445645671, 0.10578786535, 0.036275264958],
      [0.017205368771, 0.031878914356, 0.73812994638, 0.21278577049],
      [0.035926196137, 0.34582642368, 0.13237445767, 0.48587292251]
    ],
    [
      [0.037684299475, 0.53862293557, 0.3841053454, 0.039587419561],
      [0.60260621194, 0.013229089965, 0.38416469809, 0],
      [0.026275925779, 0.0087354135791, 0.89256982329, 0.072418837354],
      [0.063498447311, 0.74204554808, 0.15225601913, 0.042199985481],
      [0.02725141973, 0.02112718846, 0.72908154407, 0.22253984774],
      [0.055705388655, 0.28083250636, 0.13616634909, 0.52729575589]
    ],
    [
      [0.0066425211251, 0.44162546879, 0.51118255091, 0.040549459182],
      [0.1732419997, 0.022385643185, 0.80232954254, 0.002042814572],
      [0.00093566641422, 0.008485157768, 0.93091500197, 0.059664173851],
      [0, 0.68283019472, 0.25704321682, 0.060126588465],
      [0.0032804364768, 0.014274270607, 0.79352816374, 0.18891712918],
      [0.0092837337134, 0.23249499051, 0.18145793112, 0.57676334465]
    ],
    [
      [0.013387310054, 0.4582958151, 0.47568960161, 0.052627273231],
      [0.3099186852, 0.014301413935, 0.67263757287, 0.0031423279993],
      [0, 0, 0.91385667177, 0.086143328227],
      [0, 0.65496239825, 0.27050013989, 0.07453746186],
      [0.0066920335282, 0.013536756706, 0.73812759512, 0.24164361465],
      [0.016278441543, 0.21149689878, 0.15198180754, 0.62024285214]
    ],
    [
      [0.013863275215, 0.52934999932, 0.41226330363, 0.044523421836],
      [0.34216318551, 0.03590515683, 0.62067019766, 0.0012614599963],
      [0.0021510045465, 0.015530045143, 0.90099210312, 0.081326847194],
      [0.0055718266169, 0.76381495569, 0.1714657199, 0.059147497797],
      [0.0079689075733, 0.021816483994, 0.73658166228, 0.23363294616],
      [0.01851706748, 0.27443076391, 0.1443490694, 0.56270309921]
    ],
    [
      [0.021467387149, 0.52230807001, 0.38730718131, 0.068917361536],
      [0.46195540952, 0.028348942969, 0.50596997459, 0.0037256729257],
      [0.0059606848719, 0.012677361271, 0.85346582252, 0.12789613134],
      [0.010421941048, 0.73717619252, 0.15670962727, 0.095692239164],
      [0.011696415773, 0.018402167732, 0.63500133021, 0.33490008629],
      [0.021503190334, 0.20183032996, 0.10101734507, 0.67564913464]
    ],
    [
      [0.010499260241, 0.53878241567, 0.41578662441, 0.034931699681],
      [0.27820936371, 0.040392249256, 0.68059828822, 0.00080009881106],
      [0.0012492048095, 0.021410377097, 0.91527871079, 0.062061707307],
      [0.0028236300575, 0.78204243446, 0.1711374107, 0.043996524787],
      [0.0063039784944, 0.02442614193, 0.77727474624, 0.19199513334],
      [0.015872397169, 0.31765159343, 0.16500329316, 0.50147271624]
    ],
    [
      [0.017646984468, 0.56279042233, 0.3962435895, 0.023319003701],
      [0.40089373974, 0.0388109311, 0.56029532916, 0],
      [0.005140962445, 0.033652966598, 0.91980032923, 0.041405741724],
      [0.0084767003793, 0.81926146286, 0.14752531653, 0.024736520225],
      [0.012175762985, 0.029407714858, 0.81652514312, 0.14189137904],
      [0.031382799777, 0.38976139495, 0.18314079133, 0.39571501394]
    ],
    [
      [0.014942829301, 0.54322180336, 0.39028217778, 0.051553189555],
      [0.36886819317, 0.038396262948, 0.59020981779, 0.0025257260884],
      [0.0019111887244, 0.025373633634, 0.87265101749, 0.10006416015],
      [0.0045276342452, 0.77721346688, 0.14605312748, 0.072205771399],
      [0.0086295754373, 0.024256550958, 0.69866958517, 0.26844428843],
      [0.018301390295, 0.26169283811, 0.1244155081, 0.5955902635]
    ],
    [
      [0.0095994633589, 0.49248807204, 0.44430483312, 0.053607631477],
      [0.25539914671, 0.034363475815, 0.70844280799, 0.0017945694794],
      [0.0018214081294, 0.00902411302, 0.89960638999, 0.089548088864],
      [0.0027360120509, 0.71486057525, 0.20446172826, 0.077941684443],
      [0.0051873709909, 0.017904056956, 0.72203665736, 0.25487191469],
      [0.011675511392, 0.23094239933, 0.14153871294, 0.61584337633]
    ],
    [
      [0.022181037168, 0.48290007491, 0.44775438992, 0.047164498002],
      [0.42979544041, 0.020269030875, 0.54822379515, 0.0017117335626],
      [0.004717602259, 0, 0.91565330592, 0.079629091819],
      [0.018758860582, 0.69395626486, 0.2193669489, 0.067917925657],
      [0.012895388823, 0.014019587153, 0.74360543279, 0.22947959123],
      [0.029245189476, 0.23740430557, 0.15524676013, 0.57810374482]
    ],
    [
      [0.027573764591, 0.56479194948, 0.35659933451, 0.051034951418],
      [0.55120258503, 0.029350120644, 0.41717430852, 0.0022729858052],
      [0.010429999548, 0.021103797214, 0.86775616555, 0.10071003769],
      [0.020535801446, 0.78458227836, 0.12703938303, 0.067842537171],
      [0.017035448844, 0.024589395006, 0.67306315065, 0.28531200551],
      [0.033163320595, 0.25345717455, 0.10544133217, 0.60793817269]
    ],
    [
      [0.024416072862, 0.59059845614, 0.31512652732, 0.069858943681],
      [0.5900062654, 0.03235948666, 0.37166906535, 0.0059651825934],
      [0.0054583078884, 0.026593134314, 0.81283832829, 0.1551102295],
      [0.0028734679783, 0.80067649176, 0.078139973125, 0.11831006714],
      [0.01464269909, 0.024619348568, 0.58031421639, 0.38042373595],
      [0.02094721418, 0.21686838157, 0.066317520673, 0.69586688358]
    ],
    [
      [0.018043667061, 0.59314987339, 0.32596720807, 0.062839251486],
      [0.46141278836, 0.042115323504, 0.49371062888, 0.002761259258],
      [0.0051614933888, 0.027026158556, 0.83504058653, 0.13277176153],
      [0.0026662322431, 0.81114188052, 0.095426874339, 0.090765012895],
      [0.010949760733, 0.027783005345, 0.61326835317, 0.34799888075],
      [0.018576021607, 0.24870412117, 0.086815324313, 0.64590453291]
    ],
    [
      [0.0128158903, 0.51224843918, 0.42458983696, 0.050345833565],
      [0.31968564557, 0.033316123719, 0.64441845253, 0.0025797781829],
      [0.0014795935786, 0.010461138191, 0.89820685273, 0.089852415498],
      [0.002854972838, 0.73962438214, 0.1842958085, 0.073224836525],
      [0.0069654017449, 0.018991290871, 0.72422423144, 0.24981907595],
      [0.016020442656, 0.24925344321, 0.14082179456, 0.59390431958]
    ],
    [
      [0.009139896374, 0.59260254794, 0.35410456369, 0.044152991995],
      [0.27364267984, 0.074773891276, 0.65026582634, 0.0013176025443],
      [0, 0.030468407185, 0.88058074645, 0.088950846369],
      [0, 0.83428344824, 0.11135002291, 0.05436652885],
      [0.006228631958, 0.02763538455, 0.7060021274, 0.26013385609],
      [0.01198541391, 0.29900848006, 0.11888171594, 0.57012439009]
    ],
    [
      [0.012853309771, 0.52457057773, 0.40303900942, 0.059537103077],
      [0.32277604461, 0.043828555783, 0.6273136973, 0.0060817023084],
      [0, 0.018750219597, 0.87132730527, 0.10992247513],
      [0, 0.75297685913, 0.1575161101, 0.08950703077],
      [0.0067273426536, 0.021212529673, 0.68047125993, 0.29158886774],
      [0.014386139166, 0.23273416615, 0.11965252374, 0.63322717094]
    ],
    [
      [0.012753595901, 0.53291326569, 0.40435001492, 0.049983123493],
      [0.32463142042, 0.038315885277, 0.63453891892, 0.0025137753842],
      [0.00078604883705, 0.019907749727, 0.88589114178, 0.093415059656],
      [0.0015729529964, 0.76696769157, 0.16040815758, 0.071051197859],
      [0.0068832817519, 0.022594521067, 0.71185469622, 0.25866750096],
      [0.015595503833, 0.25957425956, 0.13200305619, 0.59282718042]
    ],
    [
      [0.019572874894, 0.56131037558, 0.37512613774, 0.04399061179],
      [0.43577117797, 0.040029290711, 0.52273861992, 0.0014609114006],
      [0.0056806521268, 0.031250045268, 0.87739408417, 0.085675218435],
      [0.008934655201, 0.80445881613, 0.12970424973, 0.056902278942],
      [0.012473778255, 0.026896246518, 0.71453197547, 0.24609799976],
      [0.025996398199, 0.29209330584, 0.12813657686, 0.55377371911]
    ],
    [
      [0.017561969231, 0.54342635854, 0.40764333079, 0.031368341432],
      [0.41108421738, 0.033763030196, 0.55475154675, 0.00040120567561],
      [0.0049966919558, 0.020475290969, 0.91777931175, 0.056748705323],
      [0.0078568981751, 0.7907492615, 0.16590097624, 0.035492864087],
      [0.011248013883, 0.025031806542, 0.78501896849, 0.17870121108],
      [0.027479501496, 0.33038420547, 0.16603716971, 0.47609912332]
    ],
    [
      [0.02218468381, 0.58566424471, 0.31696526074, 0.075185810742],
      [0.52929137681, 0.037559580506, 0.42835507288, 0.0047939698124],
      [0.0059848734673, 0.02538653908, 0.81145943206, 0.15716915539],
      [0.0013442710682, 0.79485295953, 0.094591091204, 0.1092116782],
      [0.011999856457, 0.025960865765, 0.56369322615, 0.39834605162],
      [0.019678045495, 0.20991290897, 0.073114948716, 0.69729409682]
    ],
    [
      [0.011814695347, 0.51515506595, 0.4049449795, 0.068085259208],
      [0.33111313615, 0.034914412819, 0.63061471927, 0.0033577317627],
      [0.00059965497421, 0.0073230294444, 0.86219057273, 0.12988674285],
      [0.0020455831738, 0.72851728411, 0.16318797924, 0.10624915348],
      [0.0057913708696, 0.017071285451, 0.65380394319, 0.32333340049],
      [0.011822324253, 0.20375654924, 0.10870426101, 0.67571686549]
    ],
    [
      [0.010127981957, 0.53270707046, 0.41862373367, 0.038541213911],
      [0.2708968662, 0.049136766555, 0.67874861516, 0.0012177520868],
      [0, 0.021671683101, 0.91003939275, 0.068288924149],
      [0, 0.7791525658, 0.16998390718, 0.050863527014],
      [0.0062155569181, 0.02313574172, 0.76255180619, 0.20809689517],
      [0.014813948637, 0.29227712917, 0.1544723259, 0.53843659629]
    ],
    [
      [0.023743435609, 0.57453550835, 0.33594561215, 0.065775443886],
      [0.51236119653, 0.03880518645, 0.44614734341, 0.0026862736119],
      [0.0073783685154, 0.027191978299, 0.83143244727, 0.13399720592],
      [0.009877024959, 0.79809782137, 0.10675458813, 0.08527056555],
      [0.014341868732, 0.025354489309, 0.6085230075, 0.35178063446],
      [0.024388430441, 0.22974634458, 0.089063373302, 0.65680185168]
    ],
    [
      [0.020952956575, 0.47618219388, 0.4616796437, 0.041185205844],
      [0.40817297566, 0.016135312243, 0.57487695552, 0.00081475657628],
      [0.0024015247134, 0, 0.93103723733, 0.06656123796],
      [0.020746766824, 0.6871803431, 0.23590671833, 0.056166171751],
      [0.01231128254, 0.013812136781, 0.77136548283, 0.20251109785],
      [0.029160886697, 0.25379872182, 0.16945685318, 0.5475835383]
    ],
    [
      [0.0087031556226, 0.545977716, 0.43004203034, 0.015277098034],
      [0.23453891815, 0.057195785611, 0.70826529624, 0],
      [0, 0.023394835963, 0.9545498091, 0.022055354936],
      [0, 0.80560249323, 0.18312220201, 0.011275304768],
      [0.0047563084816, 0.027469775642, 0.87535338344, 0.092420532437],
      [0.017289529665, 0.43353067261, 0.23028840937, 0.31889138835]
    ],
    [
      [0, 0.59267053761, 0.37891099005, 0.028418472335],
      [0, 0.067051677836, 0.9320831036, 0.00086521856346],
      [0, 0.02705059382, 0.91811763969, 0.054831766493],
      [0, 0.85183298076, 0.11728708103, 0.030879938212],
      [0, 0.029997761587, 0.79293433204, 0.17706790637],
      [0, 0.37204393621, 0.15676340268, 0.47119266111]
    ],
    [
      [0.020461692076, 0.57065354998, 0.3409485675, 0.067936190443],
      [0.47208988048, 0.042589049712, 0.47710412893, 0.0082169408752],
      [0.0035970559512, 0.041563956139, 0.80169998405, 0.15313900386],
      [0.0068262891409, 0.79678137692, 0.0936803199, 0.10271201404],
      [0.01184152537, 0.027794155089, 0.6082388294, 0.35212549014],
      [0.020705291745, 0.23508546953, 0.082660204735, 0.66154903399]
    ],
    [
      [0.014172510668, 0.5201375245, 0.44897066197, 0.016719302856],
      [0.3200950145, 0.028072665535, 0.65183231996, 0],
      [0.0033958503331, 0.011605591756, 0.95822549839, 0.026773059518],
      [0.00823004199, 0.76940621139, 0.20633132004, 0.016032426573],
      [0.0091701599486, 0.022578952774, 0.8696258839, 0.098625003377],
      [0.028551053905, 0.4043606164, 0.2359962542, 0.33109207549]
    ],
    [
      [0.020555962955, 0.56739959836, 0.38465363593, 0.027390802756],
      [0.43626745096, 0.041353211307, 0.52237933773, 0],
      [0.0078453232844, 0.02844550405, 0.91188408209, 0.051825090575],
      [0.01414241676, 0.81638419856, 0.13981645922, 0.02965692546],
      [0.014306043522, 0.029019046343, 0.79022901112, 0.16644589901],
      [0.034093255943, 0.36708524174, 0.1664407758, 0.43238072652]
    ],
    [
      [0.01873502974, 0.4711432183, 0.48138601575, 0.028735736207],
      [0.36207308992, 0, 0.63792691008, 0],
      [0.0089813619953, 0.0031329015055, 0.94464392871, 0.043241807791],
      [0.048328245646, 0.69083188253, 0.23722291182, 0.023616960005],
      [0.011336707623, 0.016946043432, 0.82498401241, 0.14673323653],
      [0.032186041769, 0.29216557649, 0.20899955405, 0.46664882769]
    ],
    [
      [0.0093704897663, 0.72467474655, 0.22760669866, 0.038348065028],
      [0.57676799261, 0.056794968076, 0.36643703931, 0],
      [0.008395762993, 0.043482462091, 0.83464732711, 0.11347444781],
      [0, 0.92068262068, 0.046564224506, 0.032753154818],
      [0.017374904684, 0.046753742447, 0.62309681924, 0.31277453363],
      [0, 0.40599488645, 0.071960036657, 0.52204507689]
    ],
    [
      [0.012246985259, 0.57918119489, 0.35511560855, 0.053456211297],
      [0.35748352076, 0.045477630295, 0.59536347366, 0.0016753752793],
      [0.0025576499874, 0.030764400547, 0.86028889325, 0.10638905622],
      [0.0013176253563, 0.81855494996, 0.11073245427, 0.069394970411],
      [0.0074948243412, 0.027957645928, 0.66906855548, 0.29547897425],
      [0.014551178168, 0.26725683083, 0.10820730403, 0.60998468697]
    ],
    [
      [0.01756734325, 0.50748423801, 0.44187354058, 0.033074878162],
      [0.37372982198, 0.024742208791, 0.60131349761, 0.00021447161497],
      [0.0056592442445, 0.00067442047309, 0.9382987579, 0.055367577379],
      [0.010074549961, 0.74342098507, 0.20371041305, 0.042794051917],
      [0.010743648735, 0.018275384891, 0.79563555002, 0.17534541635],
      [0.027198939979, 0.30498612841, 0.17982866907, 0.48798626254]
    ],
    [
      [0.012992458749, 0.49307972626, 0.45408951887, 0.039838296125],
      [0.30607792149, 0.0239264255, 0.66847915176, 0.001516501259],
      [0.00049847889676, 0.0002534484655, 0.93260623763, 0.066641835005],
      [0.0033514426188, 0.72658351859, 0.21557166132, 0.054493377469],
      [0.007325146133, 0.018144964043, 0.77479094535, 0.19973894448],
      [0.018973432357, 0.27388355776, 0.17041463628, 0.53672837361]
    ],
    [
      [0.018555024596, 0.51764269226, 0.42497383422, 0.038828448922],
      [0.39261673836, 0.028831590209, 0.57776913397, 0.00078253746195],
      [0.0061719083844, 0.010177266873, 0.91581757605, 0.067833248696],
      [0.010981998492, 0.75111231365, 0.18728368276, 0.050622005098],
      [0.011309306884, 0.020645747969, 0.76309383685, 0.20495110829],
      [0.026552987874, 0.2883361356, 0.16014626819, 0.52496460834]
    ],
    [
      [0.015734491445, 0.51104146141, 0.44172228434, 0.031501762805],
      [0.3470082213, 0.028099063803, 0.62471281342, 0.00017990147512],
      [0.0038485220008, 0.0045942694202, 0.93899220054, 0.052565008035],
      [0.00770603519, 0.74741669674, 0.20470842033, 0.04016884774],
      [0.0095304244619, 0.020158557868, 0.80241606851, 0.16789494916],
      [0.02510155478, 0.31591828608, 0.18562913684, 0.4733510223]
    ],
    [
      [0.044405667773, 0.53290528048, 0.36402977261, 0.058659279136],
      [0.76521473185, 0.014362864084, 0.21989313782, 0.0005292662404],
      [0.013656968312, 0.020425044988, 0.85320075915, 0.11271722755],
      [0.023099539552, 0.76150453921, 0.13019150557, 0.085204415663],
      [0.025980315263, 0.02218331929, 0.64892552897, 0.30291083647],
      [0.048777752105, 0.22427419251, 0.10127148062, 0.62567657476]
    ],
    [
      [0.015239543686, 0.54813885798, 0.3911914274, 0.045430170927],
      [0.36661014026, 0.047052777245, 0.58175862286, 0.0045784596286],
      [0, 0.028879198248, 0.88368124752, 0.087439554236],
      [0, 0.78998054602, 0.14893361179, 0.061085842191],
      [0.0086342486567, 0.025682160463, 0.71993133862, 0.24575225226],
      [0.0194615158, 0.2802702571, 0.13282164864, 0.56744657845]
    ],
    [
      [0.015138296984, 0.54209682275, 0.42137902454, 0.021385855728],
      [0.34918804053, 0.037070535865, 0.6137414236, 0],
      [0.0037610285354, 0.021523060759, 0.93887910471, 0.035836805997],
      [0.0063613100852, 0.79553214742, 0.17901251795, 0.019094024549],
      [0.010091942912, 0.025731060549, 0.83793842891, 0.12623856763],
      [0.027826766311, 0.38962685364, 0.20409490583, 0.37845147422]
    ],
    [
      [0.014047027862, 0.53266730392, 0.34274778921, 0.110537879],
      [0.45051072697, 0.034431723495, 0.5090566935, 0.0060008560289],
      [0.0003328533793, 0.0099994015791, 0.75613314976, 0.23353459528],
      [0.00032396388974, 0.71478230757, 0.093403368084, 0.19149036045],
      [0.0064975698345, 0.017186011956, 0.50039413746, 0.47592228075],
      [0.0090440897815, 0.14358512268, 0.05666217314, 0.7907086144]
    ],
    [
      [0.043023926805, 0.53584028371, 0.33888405599, 0.082251733487],
      [0.67552542388, 0.021109069136, 0.30111352432, 0.0022519826591],
      [0.01782357435, 0.017763148234, 0.80053648213, 0.16387679529],
      [0.031115230367, 0.74067904477, 0.1098568056, 0.11834891927],
      [0.024568683855, 0.020083681476, 0.55954992617, 0.3957977085],
      [0.038387359043, 0.18367624772, 0.076608099657, 0.70132829358]
    ],
    [
      [0.029850925986, 0.49722501982, 0.42737726967, 0.045546784521],
      [0.5121271233, 0.013122109585, 0.47457011189, 0.00018065523229],
      [0.014375516873, 0, 0.90885374074, 0.076770742389],
      [0.04193127552, 0.70869661969, 0.19028660495, 0.05908549984],
      [0.023138788573, 0.0094047208498, 0.73647133418, 0.2309851564],
      [0.038206866933, 0.24748984359, 0.14482034658, 0.5694829429]
    ],
    [
      [0.012862491548, 0.46365260166, 0.46637353319, 0.057111373601],
      [0.30331161855, 0.0074189134613, 0.67851215815, 0.010757309836],
      [0, 0.0023117357336, 0.9050958974, 0.092592366862],
      [0.0023548844061, 0.69907603504, 0.21588880114, 0.082680279413],
      [0.0060415232195, 0.013353598835, 0.72296372647, 0.25764115147],
      [0.015471652109, 0.2089639062, 0.14372975459, 0.6318346871]
    ],
    [
      [0.0064862542821, 0.44351777174, 0.46326402537, 0.086731948606],
      [0.16981547293, 0.034644049418, 0.76803254826, 0.02750792939],
      [0, 0.0084792978923, 0.85434843366, 0.13717226844],
      [0, 0.67283266853, 0.19725261328, 0.12991471819],
      [0.0027495560705, 0.014164475795, 0.63279536477, 0.35029060336],
      [0.0055111741922, 0.14822285214, 0.10436588587, 0.74190008781]
    ],
    [
      [0.018653984587, 0.48959882314, 0.41308288429, 0.078664307986],
      [0.42101207697, 0.019274477881, 0.54954850822, 0.010164936926],
      [0.0038922522654, 0.0052599675247, 0.85727036119, 0.13357741902],
      [0.0060275648907, 0.69225362891, 0.17863727057, 0.12308153562],
      [0.0091680476244, 0.011711522722, 0.63570416697, 0.34341626268],
      [0.017917159004, 0.17810141713, 0.10308238396, 0.7008990399]
    ],
    [
      [0.012396125683, 0.54748905075, 0.38308087867, 0.057033944897],
      [0.32989722724, 0.041682337162, 0.62639254056, 0.0020278950382],
      [0.0022227853618, 0.024101589247, 0.86641561557, 0.10726000982],
      [0.0020531993594, 0.78062853356, 0.13981885345, 0.077499413627],
      [0.0070922168113, 0.023910219094, 0.67483269752, 0.29416486657],
      [0.014402182689, 0.24685958353, 0.11556621429, 0.62317201949]
    ],
    [
      [0.015289857153, 0.53116070657, 0.43043452582, 0.023114910452],
      [0.3472101162, 0.032836134415, 0.61995374939, 0],
      [0.0035148142665, 0.016918943398, 0.93963904277, 0.039927199562],
      [0.0069662404399, 0.77916049524, 0.18648007237, 0.027393191951],
      [0.0098093449519, 0.024032007283, 0.83309135134, 0.13306729643],
      [0.027538621683, 0.36882788999, 0.2014846589, 0.40214882943]
    ],
    [
      [0.028777661632, 0.44050348259, 0.49954358798, 0.031175267798],
      [0.43843115077, 0, 0.56156884923, 0],
      [0.016784469325, 0, 0.95652288096, 0.026692649719],
      [0.12219566528, 0.59721482017, 0.24098570936, 0.039603805187],
      [0.019203310757, 0.0085304606452, 0.8173889024, 0.1548773262],
      [0.044648588257, 0.25604504101, 0.20383762098, 0.49546874975]
    ],
    [
      [0.019876942124, 0.55506856101, 0.37544544573, 0.049609051137],
      [0.44409601567, 0.038223406024, 0.51414939316, 0.003531185145],
      [0.0057133040849, 0.022766559153, 0.87665097934, 0.094869157418],
      [0.009448555213, 0.78396865891, 0.14410941277, 0.062473373105],
      [0.012106473203, 0.024241837735, 0.69045605308, 0.27319563598],
      [0.023624569729, 0.25231484052, 0.11529581861, 0.60876477113]
    ],
    [
      [0.0057907804854, 0.52420733556, 0.43762082683, 0.032381057119],
      [0.18730257599, 0.063061937211, 0.74944964667, 0.00018584013008],
      [0, 0.019772829703, 0.92507629013, 0.055150880166],
      [0, 0.77571421016, 0.18282141737, 0.041464372467],
      [0.0043718707461, 0.022568944177, 0.79707069426, 0.17598849082],
      [0.0094695211174, 0.31534559883, 0.17674897717, 0.49843590288]
    ],
    [
      [0.016197285069, 0.54728147238, 0.41959513845, 0.016926104102],
      [0.36744080627, 0.036878736293, 0.59568045744, 0],
      [0.0046144357704, 0.021686316064, 0.94405261665, 0.029646631511],
      [0.007868479724, 0.80424552414, 0.17334775616, 0.014538239973],
      [0.011063887462, 0.027142572285, 0.85848181833, 0.10331172192],
      [0.032202863691, 0.42250517162, 0.21767118584, 0.32762077884]
    ],
    [
      [0.0093958044025, 0.51508214234, 0.42869679568, 0.046825257573],
      [0.26774320241, 0.036540485169, 0.69407212589, 0.0016441865218],
      [0.00060191137127, 0.0085484344843, 0.90779200328, 0.08305765086],
      [0.001650442982, 0.74269580698, 0.18927108309, 0.066382666945],
      [0.0047888853297, 0.017865495484, 0.73984936561, 0.23749625358],
      [0.011978823021, 0.25755519368, 0.14688736351, 0.58357861979]
    ],
    [
      [0.0093765750903, 0.52465543287, 0.41410697142, 0.05186102062],
      [0.26212959091, 0.03951674326, 0.69629884463, 0.0020548212053],
      [0.00074453678989, 0.014885935709, 0.88991796573, 0.094451561773],
      [0.0012948576382, 0.75315277183, 0.1712685024, 0.074283868128],
      [0.0049797551181, 0.020599396869, 0.71240562593, 0.26201522209],
      [0.011348374634, 0.25008938061, 0.133315496, 0.60524674875]
    ],
    [
      [0, 0.5250399461, 0.39950612215, 0.075453931749],
      [0, 0.053833034497, 0.94100622026, 0.0051607452466],
      [0, 0.0067334498425, 0.8401672586, 0.15309929156],
      [0, 0.73871595416, 0.14036428424, 0.1209197616],
      [0, 0.017544867609, 0.63828372713, 0.34417140526],
      [0, 0.194711768, 0.096249216445, 0.70903901555]
    ],
    [
      [0.032545781861, 0.57153503394, 0.36089692809, 0.035022256106],
      [0.56864897981, 0.029933022428, 0.40141799777, 0],
      [0.023037128867, 0.023442077073, 0.88497545635, 0.068545337708],
      [0.042112984101, 0.79976513382, 0.1200048058, 0.038117076276],
      [0.023051731496, 0.02759086283, 0.73575614375, 0.21360126193],
      [0.045014807308, 0.31800388497, 0.13520958685, 0.50177172088]
    ],
    [
      [0.020573608294, 0.54274691819, 0.39936283785, 0.037316635667],
      [0.4323902654, 0.033431348885, 0.53406866894, 0.00010971677565],
      [0.0081719380985, 0.020385548437, 0.90333173118, 0.068110782285],
      [0.013692938868, 0.78039924635, 0.15967132556, 0.046236489219],
      [0.013069619104, 0.024343112741, 0.75381434906, 0.2087729191],
      [0.029333055265, 0.30210106528, 0.14960943759, 0.51895644186]
    ],
    [
      [0.01431493065, 0.51254623224, 0.44502439317, 0.028114443931],
      [0.32774913664, 0.028253816216, 0.64399704714, 0],
      [0.0022491357694, 0.0060516455675, 0.94603031462, 0.045668904043],
      [0.0056891630427, 0.75269153949, 0.20763775083, 0.033981546641],
      [0.0085690407851, 0.020199347611, 0.81849532307, 0.15273628853],
      [0.023863650795, 0.33057469768, 0.19579671539, 0.44976493614]
    ],
    [
      [0.028187000369, 0.53985291358, 0.35291602528, 0.079044060764],
      [0.54930678514, 0.027478242911, 0.41816442771, 0.005050544244],
      [0.010088824273, 0.016382147393, 0.81681030971, 0.15671871863],
      [0.018138082839, 0.73979293255, 0.12162681972, 0.1204421649],
      [0.016282920935, 0.019094074311, 0.57881018899, 0.38581281577],
      [0.026398136533, 0.19161152643, 0.082921751774, 0.69906858526]
    ],
    [
      [0.04800710248, 0.67532474114, 0.24039831406, 0.036269842312],
      [0.76580652665, 0.031860067112, 0.20233340624, 0],
      [0.025574190287, 0.048162254796, 0.82698804978, 0.099275505136],
      [0.042655410703, 0.90611465818, 0.021716762402, 0.029513168716],
      [0.040966993472, 0.043092957615, 0.62716995254, 0.28877009638],
      [0.061292804584, 0.33641325941, 0.079538759517, 0.52275517649]
    ],
    [
      [0.015665974028, 0.49237033064, 0.45124200443, 0.040721690901],
      [0.3491931422, 0.026742991793, 0.62304300849, 0.0010208575143],
      [0, 0, 0.93179823573, 0.068201764274],
      [0.010780769547, 0.71284400306, 0.2212228025, 0.055152424894],
      [0.0085974562625, 0.012902740679, 0.77415440299, 0.20434540007],
      [0.022040130849, 0.26696230374, 0.16788751632, 0.54311004909]
    ],
    [
      [0.017936574384, 0.50166615611, 0.42444423691, 0.055953032604],
      [0.38999830496, 0.020166076244, 0.58294306192, 0.0068925568713],
      [0.004684053528, 0.011169655114, 0.88776921872, 0.096377072635],
      [0.0086000377759, 0.72463790776, 0.18546638721, 0.081295667252],
      [0.0098972180251, 0.018289562708, 0.70116816974, 0.27064504953],
      [0.020777371434, 0.22345349491, 0.12921033798, 0.62655879567]
    ],
    [
      [0.013293961836, 0.58213147481, 0.38110114397, 0.023473419393],
