{
  "X": [
    [22, 51, 95, 145, 6],
    [13, 32, 75, 79, 3],
    [25, 42, 71, 118, 10],
    [22, 24, 74, 73, 15],
    [12, 50, 70, 137, 3],
    [34, 105, 165, 296, 14],
    [49, 46, 140, 132, 7],
    [27, 53, 113, 121, 13],
    [36, 54, 136, 188, 9],
    [8, 31, 62, 110, 2],
    [31, 56, 136, 138, 19],
    [18, 40, 70, 108, 8],
    [15, 33, 83, 159, 7],
    [8, 39, 64, 92, 3],
    [14, 49, 74, 157, 15],
    [22, 33, 92, 97, 4],
    [30, 56, 97, 121, 3],
    [14, 45, 83, 114, 3],
    [39, 42, 107, 85, 8],
    [31, 79, 110, 207, 5],
    [23, 40, 67, 122, 4],
    [14, 39, 81, 102, 10],
    [31, 52, 103, 77, 13],
    [47, 59, 75, 67, 13],
    [36, 54, 85, 61, 5],
    [30, 57, 103, 83, 14],
    [25, 51, 74, 124, 9],
    [30, 48, 105, 105, 2],
    [53, 48, 93, 84, 14],
    [8, 31, 49, 109, 4],
    [21, 47, 65, 136, 5],
    [11, 49, 85, 125, 7],
    [9, 44, 73, 140, 10],
    [40, 40, 196, 100, 18],
    [23, 48, 190, 105, 11],
    [30, 50, 153, 55, 20],
    [21, 39, 143, 67, 7],
    [23, 49, 179, 158, 9],
    [24, 45, 163, 130, 12],
    [29, 66, 154, 173, 14],
    [15, 41, 101, 83, 13],
    [16, 45, 178, 141, 10],
    [11, 46, 70, 184, 15],
    [30, 68, 115, 197, 21],
    [39, 60, 115, 139, 22],
    [25, 60, 70, 184, 21],
    [43, 60, 120, 154, 25],
    [39, 71, 126, 188, 24],
    [33, 65, 114, 121, 16],
    [32, 56, 113, 179, 19],
    [24, 78, 123, 182, 8],
    [38, 65, 97, 65, 19],
    [38, 77, 90, 48, 25],
    [45, 62, 93, 43, 17],
    [37, 55, 147, 87, 18],
    [35, 89, 156, 91, 18],
    [39, 59, 147, 132, 18],
    [31, 65, 116, 56, 12],
    [23, 76, 134, 85, 8],
    [34, 81, 191, 262, 13],
    [9, 40, 63, 118, 5],
    [43, 78, 140, 111, 14],
    [30, 57, 102, 131, 15],
    [47, 63, 107, 86, 33],
    [27, 66, 114, 119, 16],
    [22, 61, 110, 130, 24],
    [41, 45, 121, 138, 16],
    [34, 89, 112, 140, 20],
    [22, 31, 129, 194, 15],
    [208, 402, 1004, 1968, 59]
  ],
  "W": [
    [23, 30, 63, 63, 121, 19],
    [16, 21, 43, 45, 65, 12],
    [9, 28, 61, 52, 92, 24],
    [24, 31, 34, 45, 52, 22],
    [18, 19, 60, 49, 107, 19],
    [33, 62, 127, 91, 240, 61],
    [21, 64, 51, 104, 100, 34],
    [11, 39, 75, 86, 86, 30],
    [10, 55, 75, 98, 141, 44],
    [9, 18, 38, 44, 87, 17],
    [26, 37, 74, 100, 115, 28],
    [24, 19, 54, 47, 82, 18],
    [14, 20, 49, 51, 132, 31],
    [10, 16, 43, 44, 70, 23],
    [7, 30, 68, 60, 120, 24],
    [12, 43, 44, 64, 71, 14],
    [8, 40, 74, 74, 86, 25],
    [22, 18, 58, 51, 89, 21],
    [20, 55, 54, 68, 60, 24],
    [21, 50, 100, 74, 149, 38],
    [12, 38, 48, 48, 89, 21],
    [6, 32, 49, 49, 86, 24],
    [10, 54, 65, 66, 55, 26],
    [3, 58, 62, 49, 59, 30],
    [7, 44, 58, 59, 44, 29],
    [8, 41, 65, 73, 73, 27],
    [11, 32, 69, 47, 95, 29],
    [19, 39, 53, 74, 83, 22],
    [9, 61, 49, 69, 67, 37],
    [11, 16, 30, 33, 92, 19],
    [13, 34, 56, 50, 97, 24],
    [22, 18, 58, 58, 109, 12],
    [25, 14, 53, 47, 119, 18],
    [8, 59, 62, 143, 86, 36],
    [7, 47, 61, 147, 90, 25],
    [7, 53, 65, 104, 52, 27],
    [6, 24, 50, 112, 56, 29],
    [15, 36, 67, 122, 132, 46],
    [11, 39, 60, 108, 111, 45],
    [13, 48, 75, 116, 137, 47],
    [9, 27, 45, 71, 67, 34],
    [32, 34, 64, 119, 107, 34],
    [18, 12, 63, 50, 156, 27],
    [28, 35, 87, 79, 162, 40],
    [17, 53, 75, 86, 100, 44],
    [18, 31, 81, 51, 146, 33],
    [12, 63, 82, 83, 113, 49],
    [11, 49, 96, 97, 154, 41],
    [13, 52, 84, 86, 87, 27],
    [14, 48, 85, 73, 142, 37],
    [12, 35, 100, 89, 144, 35],
    [8, 43, 82, 69, 48, 34],
    [9, 48, 88, 68, 37, 28],
    [7, 57, 62, 58, 33, 43],
    [10, 64, 85, 76, 73, 36],
    [7, 58, 109, 110, 68, 37],
    [14, 45, 94, 94, 112, 36],
    [11, 48, 85, 70, 44, 22],
    [17, 38, 83, 80, 72, 36],
    [29, 50, 117, 128, 217, 40],
    [16, 14, 56, 48, 87, 14],
    [13, 60, 90, 83, 93, 47],
    [9, 47, 70, 78, 94, 37],
    [16, 58, 81, 77, 68, 36],
    [10, 55, 85, 76, 89, 27],
    [12, 39, 83, 78, 99, 36],
    [3, 55, 76, 84, 114, 29],
    [6, 52, 113, 85, 93, 46],
    [12, 33, 41, 101, 155, 49],
    [111, 266, 555, 725, 1689, 295]
  ],
  "method": "mult",
  "cond_prob": [
    [
      [0.0023799028311, 0.18846238762, 0.48766351809, 0.31913503971, 0.0023591517414],
      [0.53777256842, 0.13068317667, 0.26410176055, 0.011491447464, 0.055951046907],
      [0.042697777107, 0.59596070091, 0.075760916724, 0.24157288828, 0.04400771698],
      [0.0076443348544, 0.0083600096871, 0.94570937378, 0.036089511044, 0.0021967706291],
      [0.0026379111752, 0.0039685006539, 0.014506856241, 0.97779844162, 0.0010882903083],
      [0.12217604614, 0.22065665464, 0.51330149265, 0.079410950984, 0.064454855584]
    ],
    [
      [0.00052930914338, 0.16495229098, 0.54108480501, 0.29199508401, 0.0014385108627],
      [0.4953808363, 0.12479983946, 0.32998675468, 0.0058165664921, 0.044016003068],
      [0.031592678082, 0.56636453305, 0.13228273315, 0.23565243202, 0.034107623691],
      [0, 0, 0.98227235868, 0.017263365006, 0.00046427631413],
      [0, 0, 0.039514366092, 0.96048563391, 0],
      [0.10250402782, 0.19885764953, 0.57950615079, 0.072038212776, 0.047093959077]
    ],
    [
      [0.0036223407418, 0.1741468252, 0.45886306206, 0.3592586239, 0.0041091480979],
      [0.58302085533, 0.10392867365, 0.21001774884, 0.017870619891, 0.085162102289],
      [0.071863422968, 0.53401280587, 0.034034394556, 0.2847882031, 0.075301173508],
      [0.013964958443, 0.0052177644483, 0.92080423296, 0.055894780138, 0.0041182640123],
      [0, 0, 0, 0.99807408434, 0.0019259156632],
      [0.14720701433, 0.19485711675, 0.45965905384, 0.090202929687, 0.10807388539]
    ],
    [
      [0.0066517962256, 0.13741633466, 0.49491747021, 0.35254239648, 0.0084720024277],
      [0.51694018915, 0.080369030298, 0.23023683541, 0.011976795286, 0.16047714986],
      [0.060828820472, 0.44249758741, 0.073319902666, 0.27502627547, 0.14832741398],
      [0.015629729157, 0, 0.93407071716, 0.0420282664, 0.0082712872836],
      [0.0063905533922, 0, 0.0045495866749, 0.98461500129, 0.0044448586391],
      [0.12324475192, 0.1438931844, 0.46463642489, 0.078434382244, 0.18979125654]
    ],
    [
      [0.00019113708512, 0.2026762763, 0.4471590872, 0.34874630647, 0.0012271929415],
      [0.48853515014, 0.16628210467, 0.28407047593, 0.022775122248, 0.038337147013],
      [0.012496738744, 0.63119691965, 0.024886874494, 0.30744071062, 0.023978756493],
      [0.0018172235838, 0.0095274821262, 0.92703685135, 0.060642477222, 0.00097596571602],
      [0, 0, 0, 1, 0],
      [0.0987128105, 0.25546343342, 0.50714627378, 0.098521849448, 0.040155632848]
    ],
    [
      [0.00018769910331, 0.18383142607, 0.48444150284, 0.32940693276, 0.0021324392179],
      [0.44460535511, 0.15277101967, 0.31452675425, 0.020521120514, 0.067575750461],
      [0.0081740411994, 0.59199127555, 0.088336799312, 0.26832537905, 0.043172504885],
      [0.0013142128991, 0.0065373622969, 0.9432969809, 0.047337608635, 0.0015138352657],
      [0, 0, 0, 1, 0],
      [0.086402906666, 0.22432734027, 0.5320323421, 0.089708462644, 0.067528948322]
    ],
    [
      [0.0041814812398, 0.17237701234, 0.46790424606, 0.35354529271, 0.0019919676558],
      [0.59907842111, 0.10843741334, 0.22752976757, 0.020604037408, 0.044350360577],
      [0.055888594632, 0.55895526875, 0.065266145872, 0.28140846369, 0.038481527058],
      [0.024042099864, 6.2548834132e-05, 0.91728017336, 0.056756935542, 0.0018582424021],
      [0.00089471117151, 0, 0, 0.99840444781, 0.00070084101661],
      [0.15091182687, 0.20373130889, 0.49665865411, 0.092996845096, 0.055701365026]
    ],
    [
      [0.0019997145843, 0.17056668013, 0.46730847937, 0.35622601244, 0.0038991134654],
      [0.51454875105, 0.11752646677, 0.24909780742, 0.022819557345, 0.096007417416],
      [0.039340851794, 0.53868748038, 0.060044848254, 0.28700641194, 0.07492040763],
      [0.005858836099, 0.0026295501399, 0.91982100826, 0.068651050766, 0.0030395547314],
      [0, 0, 0, 0.99929884807, 0.00070115193385],
      [0.11520593532, 0.19708439912, 0.48456073026, 0.094079297721, 0.10906963757]
    ],
    [
      [0.0014716441521, 0.1579914489, 0.46879072569, 0.36970195177, 0.0020442294922],
      [0.52965735876, 0.11337324015, 0.26686314432, 0.033840799327, 0.05626545745],
      [0.023043135458, 0.50307245639, 0.065438759177, 0.36734131364, 0.04110433534],
      [0, 0, 0.90808770959, 0.091912290415, 0],
      [0, 0, 0, 1, 0],
      [0.11649758335, 0.19213916076, 0.51668448473, 0.110993944, 0.063684827156]
    ],
    [
      [0, 0.18329466607, 0.46496661558, 0.35112715755, 0.00061156080788],
      [0.37474086164, 0.17284991156, 0.34148739162, 0.073262445575, 0.037659389603],
      [0, 0.58353737584, 0.063451468441, 0.3341626877, 0.018848468021],
      [0, 0, 0.90881810303, 0.091181896966, 0],
      [0, 0, 0, 1, 0],
      [0.073803793562, 0.23909584208, 0.54525735743, 0.1065262331, 0.035316773828]
    ],
    [
      [0.0051900949416, 0.18005152949, 0.4960170044, 0.31175804172, 0.006983329447],
      [0.53531843428, 0.10685245914, 0.22887491908, 0.0031821557142, 0.12577203179],
      [0.054540700905, 0.54276293832, 0.074209731584, 0.21602616033, 0.11246046886],
      [0.018112242584, 0.011251478624, 0.94476844024, 0.017048847301, 0.0088189912532],
      [0.013691530456, 0.0070598037235, 0.014147156781, 0.95883662648, 0.0062648825564],
      [0.12987547627, 0.18798701854, 0.46571066746, 0.064982804051, 0.15144403368]
    ],
    [
      [0.0047201329841, 0.17834018249, 0.4650407907, 0.34762885661, 0.0042700372139],
      [0.57799120947, 0.10721659749, 0.21667646757, 0.014229569254, 0.083886156218],
      [0.063525287726, 0.54960995857, 0.050578047999, 0.26212775671, 0.074158949003],
      [0.013086313341, 0.006845678058, 0.92725047277, 0.048577074528, 0.0042404613018],
      [0.003332821746, 0.0012225312748, 0, 0.99308206805, 0.0023625789288],
      [0.14367612117, 0.19898822623, 0.46723229596, 0.084210815574, 0.10589254107]
    ],
    [
      [0.001365263674, 0.14739395362, 0.50124388209, 0.34732404709, 0.0026728535173],
      [0.50590775955, 0.10827328535, 0.29020587161, 0.019312030036, 0.076301053448],
      [0.031138989198, 0.47660554016, 0.10343529956, 0.33075977276, 0.058060398319],
      [0, 0, 0.94856001245, 0.05143998755, 0],
      [0, 0, 0, 1, 0],
      [0.10764260151, 0.17475314433, 0.53979283565, 0.094211435792, 0.083599982716]
    ],
    [
      [0, 0.20384685778, 0.45382701125, 0.34143889673, 0.00088723423638],
      [0.41122212689, 0.18887392867, 0.32474092404, 0.026134049441, 0.049028970958],
      [0, 0.63148439894, 0.054373391372, 0.28742063115, 0.026721578539],
      [0, 0.012485753197, 0.90908090295, 0.078433343853, 0],
      [0, 0, 0, 1, 0],
      [0.061758520428, 0.27114548992, 0.51861998017, 0.1024918249, 0.04598418457]
    ],
    [
      [0.00085945098138, 0.18538613392, 0.42967579701, 0.37870075757, 0.0053778605133],
      [0.40009428223, 0.14969085637, 0.26105392542, 0.032865407016, 0.15629552896],
      [0.0023474036766, 0.54720907402, 0, 0.35718260182, 0.093260920479],
      [0, 0.013203106272, 0.87418240555, 0.10892270262, 0.0036917855576],
      [0, 0, 0, 1, 0],
      [0.076313830261, 0.21704866506, 0.44623780522, 0.10580639189, 0.15459330757]
    ],
    [
      [0, 0.15798141985, 0.48995341555, 0.3514997757, 0.00056538889852],
      [0.47910347967, 0.12262362271, 0.31274941509, 0.039877399638, 0.045646082895],
      [0, 0.52383114036, 0.11916185428, 0.32640292374, 0.030604081624],
      [0, 3.3500330723e-34, 0.93248052962, 0.067519470382, 3.081487911e-33],
      [7.5411605755e-17, 0, 0, 1, 0],
      [0.099896455314, 0.19877407208, 0.55360419149, 0.098878554164, 0.048846726947]
    ],
    [
      [0.0021530325897, 0.18473200362, 0.45380533925, 0.3583908159, 0.00091880864452],
      [0.57739075151, 0.12906230688, 0.24296519826, 0.027398769595, 0.023182973752],
      [0.041463601458, 0.58544327768, 0.04031972354, 0.31490948163, 0.017863915688],
      [0.0055632806405, 0.004193225226, 0.91975474151, 0.069855798875, 0.0006329537534],
      [0, 0, 0, 0.99999361154, 6.3884560923e-06],
      [0.13628625614, 0.22906201923, 0.50421755769, 0.10259365354, 0.027840513396]
    ],
    [
      [0.00096415071621, 0.17759273137, 0.49874038001, 0.32151502909, 0.0011877088089],
      [0.5256828434, 0.13303312747, 0.29200888661, 0.014764058108, 0.034511084407],
      [0.033404580521, 0.5856628296, 0.095765290685, 0.25921593117, 0.025951368021],
      [0.0040048477209, 0.0032748560288, 0.95204564523, 0.039820033105, 0.00085461791499],
      [0, 0, 0.013193316708, 0.98680668329, 0],
      [0.11308498091, 0.21728104004, 0.5470777013, 0.084275038318, 0.038281239429]
    ],
    [
      [0.0041867438875, 0.1608387024, 0.50079830786, 0.33164028726, 0.0025359585997],
      [0.57766476708, 0.092149187828, 0.26146733217, 0.0096436012952, 0.059075111624],
      [0.054720034341, 0.54134420902, 0.084803403541, 0.26724617253, 0.051886180567],
      [0.011617221461, 0, 0.94981274446, 0.036491351456, 0.0020786826219],
      [0.0018289858115, 0, 0.014577425824, 0.98283292058, 0.0007606677816],
      [0.13708795293, 0.1867680556, 0.52341810873, 0.081421488874, 0.071304393872]
    ],
    [
      [1.1443401256e-05, 0.18738537077, 0.43694404392, 0.37466100931, 0.00099813260332],
      [0.51900676012, 0.14829277335, 0.26457050064, 0.03610021987, 0.03202974602],
      [0.008660189327, 0.58200154295, 0.0070687260617, 0.38223301209, 0.02003652958],
      [3.382587294e-05, 0.0046870104281, 0.91717615091, 0.077557881734, 0.00054513105598],
      [0, 0, 5.6628825417e-17, 1, 0],
      [0.11002367462, 0.23955988106, 0.5004669019, 0.11485587774, 0.03509366469]
    ],
    [
      [0.00011543983112, 0.1857096892, 0.42764410353, 0.38512354412, 0.0014072233244],
      [0.53345876777, 0.13923581799, 0.2401150964, 0.044720848709, 0.042469469126],
      [0.0056117166194, 0.56974175362, 0, 0.39720342409, 0.02744310567],
      [0, 0.0043839956782, 0.88756179119, 0.10730815577, 0.00074605736241],
      [0, 0, 0, 1, 0],
      [0.1170390071, 0.23440412759, 0.48290148177, 0.11726520888, 0.048390174654]
    ],
    [
      [0.00061989675299, 0.17499505213, 0.51025745879, 0.31037089258, 0.0037566997458],
      [0.38327331866, 0.14684124791, 0.34175812486, 0.01379006737, 0.1143372412],
      [0.0014097314715, 0.57310753754, 0.10748127192, 0.24260538889, 0.075396070169],
      [0, 0.0053068952779, 0.95995486782, 0.034272907841, 0.00046532906529],
      [0, 0, 0.019817706497, 0.9801822935, 0],
      [0.069269065846, 0.20453343942, 0.54139590191, 0.076407446144, 0.10839414669]
    ],
    [
      [0.0015984261839, 0.1806195235, 0.49826662501, 0.31567037911, 0.0038450461996],
      [0.47912851876, 0.12999475565, 0.28610790057, 0.008324676546, 0.096444148463],
      [0.034348117148, 0.57241123586, 0.083471361323, 0.23664836783, 0.073120917837],
      [0.0033601733089, 0.0075385628893, 0.95339071333, 0.032436700067, 0.0032738504032],
      [0, 0.0021033256025, 0.016060476484, 0.98048608516, 0.0013501127534],
      [0.10217987199, 0.20592806038, 0.51287520564, 0.074771649153, 0.10424521283]
    ],
    [
      [0.0042488750659, 0.2297004657, 0.468250224, 0.29355632058, 0.0042441146608],
      [0.57394169657, 0.14545401853, 0.19770919425, 0, 0.08289509064],
      [0.096829850607, 0.64577754489, 0.052268229454, 0.1345338963, 0.07059047875],
      [0.02904826752, 0.023529893367, 0.93149622284, 0.008477988268, 0.0074476280043],
      [0.025910136405, 0.019975912777, 0.00039117301002, 0.94761770692, 0.0061050708848],
      [0.15810403599, 0.25016047053, 0.44070305694, 0.048445444474, 0.10258699207]
    ],
    [
      [0.0042093826446, 0.21608281608, 0.46703953959, 0.31085912528, 0.0018091364023],
      [0.59856770983, 0.14179652093, 0.22060289206, 0.0017017011024, 0.037331176077],
      [0.059878968607, 0.64383419189, 0.055752987496, 0.20979647877, 0.030737373232],
      [0.020975633023, 0.019314331126, 0.92989852692, 0.027195781689, 0.0026157272375],
      [0.011475551173, 0.010417649862, 0.00079535930938, 0.97588539402, 0.0014260456375],
      [0.15234787275, 0.25200234849, 0.47901771722, 0.070255415496, 0.046376646044]
    ],
    [
      [0.0034864858219, 0.21162057999, 0.4963991026, 0.28339906439, 0.0050947672012],
      [0.50982900543, 0.13968433024, 0.24699854568, 0, 0.10348811865],
      [0.049758154689, 0.62155084738, 0.076420060204, 0.16802387761, 0.084247060113],
      [0.014686885377, 0.023187973922, 0.95400082026, 0, 0.0081243204446],
      [0.020185581322, 0.017748430492, 0.018917363492, 0.93720580405, 0.0059428206484],
      [0.12182032471, 0.22928945253, 0.47820501775, 0.051675249809, 0.1190099552]
    ],
    [
      [0.0024630286001, 0.18046130719, 0.46400860969, 0.3500078329, 0.0030592216303],
      [0.54900063888, 0.12033191299, 0.23889088191, 0.01965928171, 0.072117284506],
      [0.047734799268, 0.5621535886, 0.051158113523, 0.28126495669, 0.057688541922],
      [0.0082395284467, 0.0060942074304, 0.92939002864, 0.053546146924, 0.0027300885616],
      [0, 0, 0, 0.99924034943, 0.00075965057061],
      [0.12841128465, 0.2099751394, 0.48414330666, 0.092035610716, 0.085434658573]
    ],
    [
      [0.0033333917803, 0.19638568698, 0.48037328917, 0.31914371416, 0.00076391791069],
      [0.58633377361, 0.13275556348, 0.25333058165, 0.010082429714, 0.01749765155],
      [0.049738351118, 0.62155078666, 0.072911937423, 0.24166534914, 0.014133575666],
      [0.011348822126, 0.0089182687678, 0.94388479601, 0.035091150298, 0.00075696280009],
      [0.0057968809248, 0.0034847117384, 0.010187404991, 0.98016317512, 0.00036782722332],
      [0.14148008282, 0.23635592345, 0.51980239179, 0.08111375048, 0.021247851463]
    ],
    [
      [0.0068308822415, 0.20629442116, 0.4449161005, 0.33712852765, 0.0048300684514],
      [0.627334685, 0.11928941436, 0.16808612795, 0, 0.085289772686],
      [0.073649048917, 0.58636652481, 0.041540265568, 0.2228789028, 0.075565257905],
      [0.038298499, 0.016733326654, 0.88723366206, 0.049534906207, 0.0081996060754],
      [0.029158800285, 0.010077010076, 0, 0.95530158998, 0.0054625996584],
      [0.17475856291, 0.22445883794, 0.41859204311, 0.070855728569, 0.11133482747]
    ],
    [
      [0.00010064049459, 0.2182478832, 0.4384528091, 0.34082071187, 0.0023779553326],
      [0.42299927682, 0.18753794546, 0.29003207018, 0.023148776755, 0.076281930781],
      [0, 0.63690675611, 0.051431732778, 0.26773320559, 0.043928305523],
      [0, 0.034068170308, 0.87333115446, 0.092001718004, 0.00059895722401],
      [0, 0, 0, 1, 0],
      [0.064784448705, 0.28248493968, 0.4828224156, 0.095396783134, 0.074511412883]
    ],
    [
      [9.2676908254e-05, 0.19790893628, 0.40116355046, 0.39912660421, 0.0017082321372],
      [0.52854540739, 0.15085937894, 0.22442156566, 0.044663612458, 0.051510035552],
      [0.004622996505, 0.58756314298, 0, 0.37616369645, 0.031650164069],
      [0.00017123108141, 0.0076451282758, 0.82628816536, 0.16479636798, 0.0010991073041],
      [0, 0, 0, 1, 0],
      [0.11503341628, 0.25050718849, 0.45167218098, 0.12449191341, 0.058295300849]
    ],
    [
      [0.0011853809446, 0.20545630718, 0.49512961425, 0.29457471059, 0.003653987035],
      [0.4480975004, 0.15656641395, 0.29445381832, 0.0093044397082, 0.091577827616],
      [0.027476477565, 0.6247010996, 0.078967659851, 0.20570574202, 0.063149020957],
      [0.0041013689634, 0.015449564522, 0.95448394535, 0.022328556279, 0.0036365648849],
      [0, 0.015757914825, 0.025159156699, 0.95663123377, 0.0024516947103],
      [0.089720959448, 0.23461787964, 0.51036988124, 0.071090222515, 0.094201057158]
    ],
    [
      [0.0010822720228, 0.19646158046, 0.47639473648, 0.32068135258, 0.0053800584527],
      [0.42426569551, 0.14744301791, 0.27933064695, 0.014027905772, 0.13493273385],
      [0.024993046687, 0.58697441231, 0.066285378981, 0.22953824056, 0.09220892146],
      [0.0043528088509, 0.011953766306, 0.94007855342, 0.038449865572, 0.0051650058503],
      [0, 0.011674189845, 0.0067775001567, 0.97842017517, 0.003128134825],
      [0.083556109548, 0.22019770985, 0.48200905084, 0.076772457082, 0.13746467268]
    ],
    [
      [0.0026969112615, 0.1402198435, 0.55311690802, 0.29908294779, 0.0048833894264],
      [0.51420489897, 0.07845606564, 0.29755408868, 0, 0.10978494671],
      [0.060703906098, 0.46602523257, 0.13041378026, 0.23905092325, 0.10380615782],
      [0, 0, 0.99722379324, 0, 0.0027762067635],
      [0.018890025219, 0, 0.041933169105, 0.9379310058, 0.0012457998716],
      [0.11811531455, 0.14877136, 0.547901782, 0.059003129922, 0.12620841353]
    ],
    [
      [0.0012283007586, 0.17590982913, 0.52604330427, 0.29348084212, 0.0033377237189],
      [0.42697786685, 0.13706716255, 0.33814565358, 0.0041915385874, 0.093617778432],
      [0.013697683284, 0.57806952455, 0.11776947792, 0.22341099162, 0.067052322626],
      [0, 0, 0.99577663088, 0.0033356535219, 0.00088771559529],
      [0, 0, 0.033904757275, 0.96592951507, 0.00016572765687],
      [0.083515338894, 0.20256934234, 0.55241280418, 0.067862555155, 0.093639959435]
    ],
    [
      [0.0023162414845, 0.18095933146, 0.57312738913, 0.23734889631, 0.0062481416194],
      [0.41846896357, 0.11675318192, 0.32465995985, 0, 0.14011789467],
      [0.077094778864, 0.57731098791, 0.17745438874, 0.050787196826, 0.11735264767],
      [0, 0, 0.99332415375, 0, 0.0066758462483],
      [0.0047211332132, 0.0010763256977, 0.046003063052, 0.94424817996, 0.0039512980794],
      [0.094380432867, 0.18385862547, 0.53884162473, 0.034684613864, 0.14823470307]
    ],
    [
      [0.0027771932696, 0.1803576647, 0.52635971908, 0.28759229486, 0.0029131280994],
      [0.54757411595, 0.1144460617, 0.27087845052, 0.0023706235997, 0.064730748228],
      [0.049799118764, 0.58508894384, 0.099291749801, 0.20933260528, 0.056487582313],
      [0.0053515947886, 0, 0.99193735744, 0, 0.0027110477689],
      [0.018275193749, 0.0021021161581, 0.030845626169, 0.9474459658, 0.0013310981207],
      [0.12857974666, 0.19996492532, 0.53627007876, 0.058411962595, 0.076773286669]
    ],
    [
      [0.001082382432, 0.15280389778, 0.52979500024, 0.31406642174, 0.0022522978069],
      [0.47177662455, 0.11778877449, 0.33188199141, 0.011644433249, 0.066908176304],
      [0.02423625691, 0.50999875618, 0.14946430081, 0.26602694788, 0.050273738223],
      [0, 0, 0.97500961493, 0.024990385067, 0],
      [0, 0, 0.02672790967, 0.97327209033, 0],
      [0.095129925367, 0.18038323886, 0.57852082724, 0.076635992772, 0.069330015761]
    ],
    [
      [0.0013485521376, 0.15421774501, 0.53618284344, 0.30501362051, 0.0032372389081],
      [0.46081472447, 0.11434718094, 0.32899166316, 0.006454523682, 0.089391907741],
      [0.030240381479, 0.51550334676, 0.13515723233, 0.24869032067, 0.070408718758],
      [0, 0, 0.98529296844, 0.014015046661, 0.0006919848986],
      [0, 0, 0.036712480586, 0.96328751941, 0],
      [0.093310417406, 0.17586364317, 0.57055897738, 0.067403662581, 0.092863299458]
    ],
    [
      [0.0013219619862, 0.19115367214, 0.46511761822, 0.33902314717, 0.0033836004821],
      [0.469955218, 0.14604509111, 0.27238301791, 0.020887252257, 0.090729420717],
      [0.024813486537, 0.58680634864, 0.061384010545, 0.26414887265, 0.062847281626],
      [0, 0.016123869807, 0.92438022916, 0.056858113716, 0.0026377873154],
      [0, 0, 0, 0.99946467491, 0.00053532509019],
      [0.097105373187, 0.22604240092, 0.49036550489, 0.090569018633, 0.09591770237]
    ],
    [
      [0.0010884114822, 0.19239461651, 0.48888195295, 0.31247350724, 0.005161511816],
      [0.41441380101, 0.14798520956, 0.29186885889, 0.010647227052, 0.13508490349],
      [0.023796988277, 0.58622214158, 0.074238174944, 0.22321369142, 0.09252900378],
      [0, 0.015107888545, 0.95072719469, 0.029079059345, 0.0050858574173],
      [0, 0.0061244695112, 0.015392305433, 0.9760511156, 0.0024321094531],
      [0.080299035204, 0.21793681995, 0.49546970805, 0.070459095049, 0.13583534175]
    ],
    [
      [0, 0.13947092894, 0.53659198508, 0.32190092656, 0.0020361594152],
      [0.39801333907, 0.12198097431, 0.37068956765, 0.01611854768, 0.093197571297],
      [0, 0.47750867283, 0.18086993418, 0.2827625299, 0.058858863098],
      [0, 0, 0.9662277186, 0.033772281403, 0],
      [0, 0, 0.016691062171, 0.98330893783, 0],
      [0.072574896224, 0.17144182608, 0.5847909772, 0.082981764136, 0.088210536363]
    ],
    [
      [0.0019652126954, 0.18609973547, 0.45068718706, 0.35437886144, 0.0068690033317],
      [0.46621085295, 0.12500911069, 0.23548807646, 0.015839290811, 0.15745266909],
      [0.037094411773, 0.55887436292, 0.015698369801, 0.27094311313, 0.11738974238],
      [0.0067642444765, 0.0094842917668, 0.92440623596, 0.052526513878, 0.006818713917],
      [0, 0, 0, 0.99639099472, 0.0036090052801],
      [0.099812435948, 0.20247392522, 0.43898017111, 0.085124889144, 0.17360857858]
    ],
    [
      [0.0036689153531, 0.18859946918, 0.46053114417, 0.34080199337, 0.006398477922],
      [0.52675215763, 0.1167768658, 0.2186738286, 0.012434674308, 0.12536247366],
      [0.061835525198, 0.55172545951, 0.041010077042, 0.24141537959, 0.10401355866],
      [0.011727940785, 0.011517942794, 0.9257225643, 0.043992068767, 0.007039483352],
      [0.00083618544148, 0.0098519354151, 0, 0.98402276029, 0.0052891188583],
      [0.12548211993, 0.20314946411, 0.44378961699, 0.078303299047, 0.14927549992]
    ],
    [
      [0.0033302745789, 0.18269065401, 0.43794625161, 0.37000991798, 0.0060229018196],
      [0.52979850858, 0.11697481551, 0.20225374253, 0.024610295733, 0.12636263765],
      [0.046480984132, 0.53683972782, 0.038849579295, 0.27605901574, 0.10177069301],
      [0.020978524512, 0.01781176815, 0.87429221396, 0.079834611482, 0.0070828818919],
      [0, 0, 0, 0.99635776151, 0.0036422384869],
      [0.12667812408, 0.20226822755, 0.42574128456, 0.095443336381, 0.14986902742]
    ],
    [
      [0.0028856011025, 0.19567093192, 0.41329004139, 0.38092875099, 0.0072246745868],
      [0.52205744859, 0.12020415313, 0.18982443352, 0.020226419745, 0.14768754501],
      [0.04249965157, 0.54110113246, 0, 0.30035592334, 0.11604329263],
      [0.02395216411, 0.038639494256, 0.85611947663, 0.073428228484, 0.0078606365233],
      [0, 0, 0, 0.99558810437, 0.0044118956301],
      [0.12424988264, 0.21066025885, 0.39436753054, 0.093537296628, 0.17718503135]
    ],
    [
      [0.0025616568643, 0.16647022146, 0.45608050129, 0.36913654906, 0.0057510713303],
      [0.51360553976, 0.10760935316, 0.22181385435, 0.026704060838, 0.13026719189],
      [0.043579688825, 0.51013765586, 0.051242208103, 0.28943044948, 0.10560999774],
      [0.014538598031, 0.0043798749151, 0.89585647194, 0.079778433347, 0.0054466217669],
      [0, 0, 0, 0.99808066391, 0.0019193360904],
      [0.11901781617, 0.18424797337, 0.44887373316, 0.096938443506, 0.1509220338]
    ],
    [
      [0.0031745125205, 0.18597679498, 0.45920637594, 0.34553677507, 0.0061055414886],
      [0.53196550971, 0.11552471176, 0.21350708989, 0.013326455332, 0.12567623331],
      [0.049313025413, 0.5471353396, 0.051950089959, 0.24660275722, 0.1049987878],
      [0.03000430033, 0.014401862349, 0.90154970978, 0.046514784048, 0.0075293434879],
      [0, 0.007280011881, 0, 0.98749368968, 0.005226298444],
      [0.12815372719, 0.20123047072, 0.44022809694, 0.080152980662, 0.15023472448]
    ],
    [
      [0.0020971085921, 0.18953636785, 0.45877022575, 0.34511600531, 0.0044802924895],
      [0.50178394704, 0.1333186506, 0.23962173336, 0.019870261437, 0.10540540756],
      [0.037611833378, 0.57177160802, 0.051819171285, 0.25939636009, 0.079401027231],
      [0.0081650803716, 0.018517258318, 0.91411319787, 0.054423277285, 0.0047811861569],
      [0, 0.0016306983904, 0, 0.99617638164, 0.002192919966],
      [0.11179190469, 0.21630693844, 0.46700413058, 0.086785075527, 0.11811195076]
    ],
    [
      [0.002051235132, 0.15645257684, 0.48761587673, 0.34907820237, 0.0048021089254],
      [0.49778886201, 0.10512959349, 0.2602969612, 0.019328964187, 0.11745561912],
      [0.041549932993, 0.49576947812, 0.081869750406, 0.28525407739, 0.095556761098],
      [0.0062908826307, 0.0018569108126, 0.93729714442, 0.050899576472, 0.0036554856667],
      [0, 0, 0, 0.999773474, 0.00022652600243],
      [0.11044428636, 0.17533738669, 0.49452711517, 0.087973403187, 0.1317178086]
    ],
    [
      [0.0014870889798, 0.1940477573, 0.46939167488, 0.33305522964, 0.0020182491965],
      [0.49772614703, 0.14949762304, 0.27965270275, 0.018366971891, 0.054756555302],
      [0.026160228128, 0.61191979796, 0.064152940655, 0.25963829529, 0.03812873797],
      [0.0030450614178, 0.0095049468563, 0.93554693953, 0.050283050633, 0.0016200015651],
      [0, 0.0010307536124, 0.00011418484597, 0.99858001917, 0.00027504236759],
      [0.1049916145, 0.23579032914, 0.51097260011, 0.08931284091, 0.058932615338]
    ],
    [
      [0.0050859958354, 0.20726830338, 0.48537560846, 0.29599329499, 0.0062767973265],
      [0.56194962875, 0.12088037091, 0.2052514971, 0, 0.11191850324],
      [0.074636305448, 0.59686471903, 0.056997900517, 0.16922856603, 0.10227250897],
      [0.02740531778, 0.019491099532, 0.93255284216, 0.010129444047, 0.01042129648],
      [0.015513294083, 0.010477787096, 0.003731165477, 0.96429946473, 0.0059782886167],
      [0.14822635022, 0.21627267692, 0.4438856136, 0.052058978797, 0.13955638046]
    ],
    [
      [0.0054514389882, 0.24762133789, 0.47872791677, 0.25921324764, 0.0089860587191],
      [0.51958141167, 0.14840954576, 0.1841806705, 0, 0.14782837207],
      [0.07966031815, 0.65470348694, 0.032905060924, 0.10336375186, 0.12936738212],
      [0.025098740574, 0.037100553366, 0.92083061191, 0, 0.016970094155],
      [0.013749129891, 0.018330872653, 0, 0.95901763467, 0.0089023627897],
      [0.13519604025, 0.2440272498, 0.40495177122, 0.038836361608, 0.17698857712]
    ],
    [
      [0.0052017555327, 0.23103739887, 0.49211178319, 0.26616984965, 0.005479212763],
      [0.54489748431, 0.1432573422, 0.2113526321, 0, 0.10049254138],
      [0.087361508194, 0.64471382656, 0.057765058603, 0.12476948515, 0.085390121491],
      [0.028107213956, 0.023052622719, 0.93802077749, 0.0014934116786, 0.0093259741597],
      [0.014131346539, 0.011175989659, 0.0061747600802, 0.96353145914, 0.0049864445772],
      [0.14863871517, 0.24509192277, 0.44924910878, 0.035301091719, 0.12171916156]
    ],
    [
      [0.0019838096658, 0.1427664966, 0.58924661339, 0.26207554535, 0.0039275349904],
      [0.45893752458, 0.068866087655, 0.37151093385, 0, 0.10068545392],
      [0.04667135621, 0.51384015174, 0.17711426135, 0.17387884293, 0.088495387769],
      [0, 0, 0.99819476141, 0, 0.0018052385863],
      [0.0026318898054, 0, 0.064966041148, 0.93184693518, 0.00055513386937],
      [0.09580464157, 0.15245812572, 0.60196663928, 0.043742128586, 0.10602846484]
    ],
    [
      [0.0019122040363, 0.20381469672, 0.50657531596, 0.28370291071, 0.0039948725754],
      [0.46474968954, 0.14958530272, 0.28850591094, 0, 0.097159096804],
      [0.033628737564, 0.62276514865, 0.087841453712, 0.18379046388, 0.071974196186],
      [0.005646922252, 0.017702821533, 0.96345601477, 0.0085468678651, 0.0046473735776],
      [0.0015067779532, 0.0087980076709, 0.01899389005, 0.96829365595, 0.0024076683768],
      [0.098431833385, 0.22892901275, 0.51011257706, 0.05937283762, 0.10315373919]
    ],
    [
      [0.0041540345464, 0.1522133066, 0.54370771496, 0.29526527423, 0.004659669673],
      [0.55257134265, 0.083859866748, 0.26798893401, 0, 0.095579856593],
      [0.065786719747, 0.50306454946, 0.12373940736, 0.21425737971, 0.093151943723],
      [0.015160702679, 0, 0.97900776864, 0.0014076406885, 0.0044238879878],
      [0.014212234102, 0, 0.040611604785, 0.9425195432, 0.0026566179104],
      [0.1354251436, 0.16131255709, 0.53116265778, 0.056432927897, 0.11566671364]
    ],
    [
      [0.0027931299903, 0.19049193023, 0.55952771484, 0.24359527668, 0.0035919482574],
      [0.47617865185, 0.12642112314, 0.31612130335, 0, 0.08127892166],
      [0.064632357258, 0.61395329365, 0.13222091657, 0.12149969041, 0.067693742113],
      [0, 0.00067561722446, 0.99576824651, 0, 0.0035561362606],
      [0.0051321013735, 0.0016210475611, 0.036415288658, 0.9546942055, 0.0021373569087],
      [0.10877897518, 0.20598752718, 0.55120657775, 0.044837874089, 0.089189045804]
    ],
    [
      [0.0011009584122, 0.2111505782, 0.5358494692, 0.24965074496, 0.0022482492194],
      [0.44416048868, 0.16508744573, 0.3331977746, 0, 0.05755429099],
      [0.034346745557, 0.67381972758, 0.11564773028, 0.13546917777, 0.040716618817],
      [0, 0.0067907764959, 0.99094732531, 0, 0.0022618981912],
      [0, 0.011933998126, 0.043357600776, 0.94330387149, 0.0014045296079],
      [0.090344590438, 0.24465471831, 0.56202079708, 0.044281023151, 0.058698871021]
    ],
    [
      [0.0015470253249, 0.16216652753, 0.51123320212, 0.3225308455, 0.0025223995241],
      [0.49999381912, 0.11888286662, 0.29853363717, 0.013626278514, 0.068963398577],
      [0.03832636528, 0.53582962189, 0.10686522564, 0.26480856604, 0.054170221156],
      [0.0013139485921, 0, 0.96106536297, 0.036539778943, 0.0010809094997],
      [0, 0, 0.018193542728, 0.98180645727, 0],
      [0.1075768788, 0.19152404025, 0.54449896622, 0.081339909892, 0.075060204843]
    ],
    [
      [0.00025782011906, 0.18175611472, 0.44553344139, 0.370069934, 0.0023826897743],
      [0.47593763568, 0.14600647294, 0.27764049275, 0.024863074434, 0.0755523242],
      [0.016395174763, 0.56560672684, 0.016061388227, 0.3534355185, 0.048501191671],
      [0.0015494402908, 0.0046008474869, 0.91941320589, 0.072791962648, 0.0016445436884],
      [0, 0, 0, 1, 0],
      [0.095731789854, 0.22521386864, 0.49665902972, 0.10317105506, 0.079224256726]
    ],
    [
      [0.0030740752436, 0.19598269651, 0.51565541904, 0.28203428232, 0.0032535268868],
      [0.51249691168, 0.1343355978, 0.28132097624, 0, 0.07184651428],
      [0.047438681877, 0.61351067418, 0.095853270964, 0.18487703106, 0.058320341923],
      [0.011875634568, 0.012416295076, 0.96688198656, 0.0049261594402, 0.0038999243598],
      [0.014131187981, 0.0081925781601, 0.030411802671, 0.94455670969, 0.0027077214951],
      [0.12001835746, 0.22092906683, 0.52576434168, 0.051956942547, 0.081331291483]
    ],
    [
      [0.0017142041265, 0.1884605407, 0.43595625636, 0.36964808479, 0.0042209140273],
      [0.50015779344, 0.13525897427, 0.22731465885, 0.032241651149, 0.10502692229],
      [0.033575768271, 0.56296392045, 0.038456182438, 0.28928998069, 0.075714148157],
      [0.00084127134269, 0.017667120587, 0.87359155064, 0.10413169556, 0.0037683618699],
      [0, 0, 0, 0.99911499477, 0.00088500522924],
      [0.10976305209, 0.22057225692, 0.44758191909, 0.10455214115, 0.11753063075]
    ],
    [
      [0.0078712343377, 0.19785822768, 0.47436685325, 0.30861487134, 0.011288813395],
      [0.53902393384, 0.11063797507, 0.17784761949, 0, 0.1724904716],
      [0.078226236427, 0.54515636577, 0.046365911608, 0.17087607618, 0.15937541001],
      [0.03311259726, 0.019264872021, 0.91928648312, 0.0094538485923, 0.018882199009],
      [0.023542124274, 0.012431848364, 0, 0.95118663176, 0.0128393956],
      [0.14232812494, 0.19252331505, 0.40428528825, 0.050348960731, 0.21051431103]
    ],
    [
      [0.00078519521826, 0.18458650784, 0.48585603537, 0.32475153555, 0.0040207260341],
      [0.42632265894, 0.14610451426, 0.29810196612, 0.017478677246, 0.11199218343],
      [0.01501528702, 0.58443643608, 0.075273475013, 0.24890320931, 0.076371592584],
      [0, 0.008592335499, 0.94480941516, 0.043804331082, 0.0027939182608],
      [0, 0, 0.0096827559524, 0.98988330484, 0.00043393920678],
      [0.084003792941, 0.21438044714, 0.50667797414, 0.08169041896, 0.11324736682]
    ],
    [
      [0.0014236989754, 0.18022347275, 0.47286861463, 0.338587514, 0.0068966996407],
      [0.42058418192, 0.13124855912, 0.26220049376, 0.016550571366, 0.16941619384],
      [0.026860899699, 0.54326502149, 0.059129273252, 0.24878355023, 0.12196125532],
      [0.0035863184682, 0.011832796082, 0.93056687673, 0.046990692557, 0.0070233161629],
      [0, 0.0059268447009, 0, 0.99064282863, 0.0034303266676],
      [0.085304027834, 0.19771977826, 0.46132809175, 0.080653578488, 0.17499452367]
    ],
    [
      [0.0028500555941, 0.14382593892, 0.51526021376, 0.3336382663, 0.0044255254304],
      [0.5515514453, 0.084442967557, 0.26000710844, 0.0074032660133, 0.096595212692],
      [0.078250838468, 0.46555341369, 0.094588144827, 0.27079999997, 0.090807603047],
      [0.01016526802, 0, 0.95481024051, 0.031669935287, 0.0033545561859],
      [0, 0, 0.024177692496, 0.97479542816, 0.0010268793462],
      [0.13293703808, 0.15662412163, 0.51740731865, 0.076694903402, 0.11633661824]
    ],
    [
      [0.0018340378735, 0.20053782723, 0.42903765976, 0.3642760226, 0.004314452542],
      [0.4907683036, 0.14878020258, 0.22541343748, 0.028010539972, 0.10702751636],
      [0.028628044619, 0.59860602893, 0.0076285773059, 0.2905220748, 0.074615274345],
      [0.0039918644676, 0.01769528124, 0.90292036231, 0.070867703566, 0.0045247884184],
      [0, 0, 0, 0.99832957328, 0.0016704267231],
      [0.10640796661, 0.23725265931, 0.43682641871, 0.1013129612, 0.11819999417]
    ],
    [
      [0.0014739255954, 0.14222834981, 0.46756363225, 0.38396166, 0.0047724323414],
      [0.48526404242, 0.10105253647, 0.25825275139, 0.028079791559, 0.12735087815],
      [0.037205474273, 0.47503884871, 0.065710545933, 0.32133422713, 0.10071090395],
      [0, 0, 0.87666960038, 0.12333039962, 0],
      [0, 0, 0, 1, 0],
      [0.09067704179, 0.13228435309, 0.48222721623, 0.15989292417, 0.13491846471]
    ],
    [
      [0.0021221080427, 0.1657987206, 0.48410463956, 0.34579186958, 0.0021826622142],
      [0.54024682425, 0.11721898131, 0.26884893223, 0.018192127358, 0.055493134857],
      [0.043923014811, 0.52970750025, 0.074818391482, 0.30688649261, 0.044664600843],
      [0.0043193879717, 0, 0.94239976083, 0.052675577553, 0.00060527364222],
      [0, 0, 0, 1, 0],
      [0.12389817376, 0.19806247574, 0.52198825478, 0.092427794824, 0.063623300894]
    ]
  ],
  "expected_outcome": [
    [
      [0.054737765116, 0.0084689462941, 0.032601066676, 0.15964310942, 0.0034404675321, 0.0061940704093, 0.087811106037, 0.021996860427, 0.014716441521, 0, 0.13494246848, 0.11328319162, 0.019113691436, 0, 0.0060161568697, 0, 0.017224260718, 0.021211315757, 0.08373487775, 0.00024031142637, 0.0013852779734, 0.0037193805179, 0.015984261839, 0.012746625198, 0.029465678512, 0.027891886575, 0.027093314601, 0.063334443825, 0.061477940174, 0.0011070454405, 0.0012047998073, 0.026078380781, 0.02705680057, 0.021575290092, 0.0085981053099, 0.016213690391, 0.016663159618, 0.01623573648, 0.014834073513, 0.01718550582, 0.0097957033402, 0, 0.035373828518, 0.10272962989, 0.056614667842, 0.051940819844, 0.030739882372, 0.034919637726, 0.027262411697, 0.028717291848, 0.017845067758, 0.040687966683, 0.049062950894, 0.036412288729, 0.019838096658, 0.013385428254, 0.05815648365, 0.030724429893, 0.018716293008, 0.044863734421, 0.004125121905, 0.039962978167, 0.015427837139, 0.1259397494, 0.0078519521826, 0.017084387704, 0.0085501667822, 0.011004227241, 0.017687107145, 0.23555399274],
