{
  "X": [
    [28, 50, 7, 15],
    [16, 58, 14, 12],
    [25, 57, 7, 11],
    [17, 56, 13, 14],
    [19, 53, 11, 17],
    [24, 56, 6, 14],
    [17, 51, 17, 15],
    [21, 51, 17, 11],
    [25, 49, 18, 8],
    [26, 57, 11, 6],
    [20, 56, 11, 13],
    [17, 61, 12, 10],
    [21, 55, 15, 9],
    [24, 47, 17, 12],
    [18, 56, 11, 15],
    [18, 60, 10, 12],
    [28, 50, 13, 9],
    [40, 42, 11, 7],
    [33, 46, 15, 6],
    [31, 53, 9, 7],
    [31, 57, 8, 4],
    [38, 42, 15, 5],
    [33, 48, 10, 9],
    [30, 48, 14, 8],
    [29, 53, 13, 5],
    [23, 52, 14, 11],
    [41, 36, 14, 9],
    [31, 49, 12, 8],
    [37, 49, 12, 2],
    [34, 49, 10, 7],
    [33, 50, 12, 5],
    [34, 45, 9, 12],
    [35, 52, 11, 2],
    [20, 61, 13, 6],
    [18, 70, 7, 5],
    [6, 78, 8, 8],
    [12, 71, 9, 8],
    [11, 64, 19, 6],
    [16, 73, 4, 7],
    [13, 64, 15, 8],
    [17, 67, 11, 5],
    [17, 69, 9, 5],
    [19, 60, 14, 7],
    [13, 73, 10, 4],
    [23, 64, 10, 3],
    [19, 66, 9, 6],
    [10, 81, 6, 3],
    [12, 72, 8, 8],
    [16, 63, 9, 12],
    [16, 64, 13, 7]
  ],
  "W": [
    [63, 16, 21],
    [59, 23, 18],
    [64, 15, 21],
    [59, 16, 25],
    [70, 11, 19],
    [68, 11, 21],
    [65, 21, 14],
    [75, 17, 8],
    [67, 19, 14],
    [63, 20, 17],
    [71, 14, 15],
    [75, 16, 9],
    [63, 13, 24],
    [62, 24, 14],
    [62, 16, 22],
    [78, 12, 10],
    [57, 32, 11],
    [21, 58, 21],
    [16, 67, 17],
    [14, 67, 19],
    [10, 68, 22],
    [21, 61, 18],
    [16, 70, 14],
    [18, 67, 15],
    [15, 69, 16],
    [20, 62, 18],
    [13, 74, 13],
    [17, 67, 16],
    [13, 70, 17],
    [23, 65, 12],
    [13, 73, 14],
    [27, 53, 20],
    [12, 72, 16],
    [16, 35, 49],
    [10, 19, 71],
    [19, 14, 67],
    [14, 14, 72],
    [19, 22, 59],
    [15, 12, 73],
    [16, 14, 70],
    [17, 16, 67],
    [19, 21, 60],
    [15, 20, 65],
    [13, 12, 75],
    [19, 26, 55],
    [9, 23, 68],
    [24, 10, 66],
    [13, 16, 71],
    [20, 19, 61],
    [19, 15, 66]
  ],
  "method": "mult",
  "cond_prob": [
    [
      [0.25951731504, 0.46201544308, 0.075692657675, 0.2027745842],
      [0.5546048014, 0.32376236551, 0.068860307391, 0.052772525694],
      [0.10334417871, 0.77973979854, 0.051956238399, 0.064959784359]
    ],
    [
      [0.13369489755, 0.54960985544, 0.14881936664, 0.16787588037],
      [0.33592685694, 0.45330865825, 0.15935918711, 0.051405297703],
      [0.04685412682, 0.81600721371, 0.089853882172, 0.0472847773]
    ],
    [
      [0.23859749495, 0.53460966639, 0.076988775205, 0.14980406346],
      [0.51323812678, 0.37703389351, 0.07048782231, 0.039240157406],
      [0.086519677559, 0.82164765278, 0.048125180673, 0.043707488989]
    ],
    [
      [0.1600786205, 0.50297705093, 0.14170303271, 0.19524129585],
      [0.39135994709, 0.40312002831, 0.14743123357, 0.05808879103],
      [0.059439123897, 0.79155233287, 0.090701937124, 0.058306606106]
    ],
    [
      [0.18371806109, 0.48568693513, 0.11704105218, 0.2135539516],
      [0.4388016198, 0.3801536155, 0.11892846949, 0.062116295212],
      [0.070215430143, 0.78693360371, 0.077131061985, 0.065719904159]
    ],
    [
      [0.23822312213, 0.51498160907, 0.065236837487, 0.18155843131],
      [0.52148659318, 0.36938285264, 0.060745229083, 0.048385325097],
      [0.088884176493, 0.81460176509, 0.041972428618, 0.054541629797]
    ],
    [
      [0.14081847353, 0.48690002635, 0.17621441989, 0.19606708024],
      [0.35235879425, 0.39990534768, 0.1879123486, 0.059823509463],
      [0.052839394862, 0.77407415388, 0.113923267, 0.059163184263]
    ],
    [
      [0.18002532082, 0.50965537273, 0.17602406144, 0.13429524501],
      [0.41037922921, 0.38127864183, 0.17098587181, 0.037356257156],
      [0.06543566126, 0.78502152836, 0.11025360593, 0.039289204452]
    ],
    [
      [0.21907280779, 0.48177869817, 0.1929936892, 0.10615480484],
      [0.46379594905, 0.33471571179, 0.17408572662, 0.027402612526],
      [0.081790952458, 0.76216675339, 0.12416108854, 0.031881205619]
    ],
    [
      [0.23277413528, 0.56188231579, 0.12129893086, 0.084044618074],
      [0.48587777151, 0.38487053334, 0.1078705697, 0.021381125448],
      [0.080541360895, 0.82375392228, 0.072320127686, 0.023384589134]
    ],
    [
      [0.18440813148, 0.53463681701, 0.11683106129, 0.16412399021],
      [0.42937563107, 0.4082289194, 0.1158182603, 0.04657718923],
      [0.066240467622, 0.81396294937, 0.072339958446, 0.047456624558]
    ],
    [
      [0.14821472399, 0.60495494128, 0.12473549064, 0.12209484408],
      [0.35735474892, 0.47859960573, 0.12813065158, 0.035914993768],
      [0.048993945818, 0.84745999325, 0.071058256587, 0.032487804345]
    ],
    [
      [0.20809459529, 0.50294710461, 0.16596657955, 0.12299172055],
      [0.453880909, 0.35948104184, 0.15399166985, 0.03264637931],
      [0.07635739876, 0.78232123586, 0.105002975, 0.036318390386]
    ],
    [
      [0.19596585666, 0.46009073597, 0.17949592414, 0.16444748324],
      [0.44174896031, 0.34054522772, 0.17250028605, 0.045205525925],
      [0.075766509228, 0.75357705685, 0.11954987246, 0.051106561462]
    ],
    [
      [0.16668919964, 0.51133756614, 0.11861479256, 0.20335844165],
      [0.40695445895, 0.40932845749, 0.12326593039, 0.060451153164],
      [0.061694007611, 0.80208615403, 0.075674048546, 0.060545789817]
    ],
    [
      [0.16553026394, 0.58710260749, 0.10442947754, 0.14293765104],
      [0.39415534293, 0.45845747446, 0.10587803726, 0.041509145346],
      [0.056126272222, 0.84380167993, 0.061039059073, 0.039032988774]
    ],
    [
      [0.2118323285, 0.51725456758, 0.13851631081, 0.13239679311],
      [0.46344116347, 0.37190044741, 0.12932022145, 0.035338167667],
      [0.077105596664, 0.79737919112, 0.086816677695, 0.038698534519]
    ],
    [
      [0.25742496616, 0.44852018422, 0.1254026795, 0.16865217012],
      [0.53725849649, 0.3081280366, 0.11186788863, 0.042745578271],
      [0.10273274167, 0.75750285743, 0.086089322479, 0.053675078418]
    ],
    [
      [0.18840220613, 0.49643671839, 0.16266700609, 0.15249406939],
      [0.42820974742, 0.37160476879, 0.1581318345, 0.042053649283],
      [0.070028980943, 0.78086761566, 0.10398300844, 0.045120394958]
    ],
    [
      [0.1736667456, 0.5507031994, 0.095844703848, 0.17978535114],
      [0.4156481573, 0.43407356391, 0.098107512912, 0.052170765879],
      [0.061762019871, 0.8287544761, 0.05861941331, 0.050864090716]
    ],
    [
      [0.18245737958, 0.61095501214, 0.090302884477, 0.11628472381],
      [0.41813005555, 0.46110573236, 0.088504152239, 0.032260059843],
      [0.060511606392, 0.85735108351, 0.051502835969, 0.030634474127]
    ],
    [
      [0.23957638794, 0.46652625303, 0.17153797491, 0.12235938411],
      [0.49768733607, 0.31907949817, 0.15235647512, 0.030876690631],
      [0.091913607397, 0.75745688376, 0.1131986588, 0.037430850047]
    ],
    [
      [0.17367431362, 0.50619911787, 0.10209389437, 0.21803267413],
      [0.42302634488, 0.40613692202, 0.10638597757, 0.064450755529],
      [0.065169150318, 0.80383435229, 0.065878958312, 0.065117539079]
    ],
    [
      [0.16332741869, 0.50349743347, 0.14466806447, 0.18850708337],
      [0.39458598368, 0.40062334249, 0.14949561752, 0.055295056316],
      [0.060647798398, 0.79121407444, 0.092385155895, 0.055752971266]
    ],
    [
      [0.1608170176, 0.57214622341, 0.13894403642, 0.12809272257],
      [0.37906863192, 0.44420617007, 0.14009840001, 0.036626797997],
      [0.055020170356, 0.82836026521, 0.081748313439, 0.034871250999]
    ],
    [
      [0.12437831106, 0.50055070853, 0.13841444542, 0.23665653499],
      [0.32981863643, 0.43703051991, 0.15693717065, 0.076213673005],
      [0.046594122798, 0.79355028189, 0.089186695836, 0.070668899474]
    ],
    [
      [0.21587425805, 0.39869106356, 0.14710366313, 0.23833101526],
      [0.49166136162, 0.29915557301, 0.14336333092, 0.06581973445],
      [0.09203695071, 0.71934055682, 0.10784089138, 0.080781601081]
    ],
    [
      [0.16994879232, 0.51265340677, 0.12491324402, 0.19248455688],
      [0.40894375934, 0.40627589684, 0.12856278914, 0.056217554679],
      [0.062769230397, 0.80127889711, 0.07934317006, 0.05660870243]
    ],
    [
      [0.2237488397, 0.57704794863, 0.14096623446, 0.058236977211],
      [0.46499722632, 0.39501025707, 0.12532079052, 0.014671726093],
      [0.075736091897, 0.82653689399, 0.082052762248, 0.015674251865]
    ],
    [
      [0.19353958801, 0.54216889128, 0.10632207122, 0.15796944948],
      [0.44311120346, 0.40879666962, 0.10411870163, 0.043973425295],
      [0.069194507106, 0.82038154602, 0.065377125951, 0.045046820923]
    ],
    [
      [0.17853582431, 0.55815522432, 0.12870859118, 0.13460036019],
      [0.41155748852, 0.42387194433, 0.12694930726, 0.037621259886],
      [0.062231780858, 0.82332313044, 0.07714396138, 0.037301127327]
    ],
    [
      [0.21233095212, 0.446416423, 0.095489636441, 0.24576298844],
      [0.49388483968, 0.34170100376, 0.094908385593, 0.069505770973],
      [0.086230488927, 0.76732377367, 0.066720768516, 0.079724968885]
    ],
    [
      [0.20476386712, 0.60992888987, 0.12679718849, 0.058510054519],
      [0.4384427475, 0.43021733055, 0.1161564538, 0.01518346815],
      [0.067128833254, 0.84614636424, 0.071479333378, 0.015245469133]
    ],
    [
      [0.17523929196, 0.51483527314, 0.15980355808, 0.15012187681],
      [0.40712579214, 0.39256592136, 0.15815212517, 0.04215616133],
      [0.063714094001, 0.79268052843, 0.10006292358, 0.043542453988]
    ],
    [
      [0.23100301078, 0.53016247767, 0.097037016183, 0.14179749536],
      [0.4996592445, 0.37457058494, 0.088958652889, 0.036811517666],
      [0.083667313125, 0.81469630494, 0.060646733788, 0.040989648149]
    ],
    [
      [0.082910819268, 0.60917856139, 0.11114056756, 0.19677005178],
      [0.23523949638, 0.56407222221, 0.1335355594, 0.067152722009],
      [0.027471053738, 0.85674141797, 0.063576223085, 0.052211305209]
    ],
    [
      [0.16343635486, 0.51281328079, 0.1210058538, 0.20274451056],
      [0.40234877843, 0.41170345974, 0.12605118125, 0.059896580576],
      [0.06026588091, 0.80287799285, 0.077053930661, 0.059802195576]
    ],
    [
      [0.11976583967, 0.49824440931, 0.24151592458, 0.14047382644],
      [0.2976559161, 0.40528527298, 0.25494258062, 0.0421162303],
      [0.043380629071, 0.76509028187, 0.15084182065, 0.040687268415]
    ],
    [
      [0.23287883044, 0.53423022807, 0.055158726536, 0.17773221495],
      [0.51568463368, 0.38546942934, 0.051639798301, 0.047206138674],
      [0.085005130427, 0.82827822454, 0.0347827017, 0.051933943331]
    ],
    [
      [0.16805810191, 0.45016244677, 0.19285892043, 0.18892053089],
      [0.40086971773, 0.35028040956, 0.19471935227, 0.054130520433],
      [0.065561419074, 0.74554381937, 0.12991216152, 0.058982600028]
    ],
    [
      [0.21996615633, 0.50863403245, 0.14807352133, 0.12332628989],
      [0.474441815, 0.35823765657, 0.13532571891, 0.031994809525],
      [0.080496549527, 0.78986573329, 0.093526458721, 0.03611125846]
    ],
    [
      [0.1980456516, 0.55905218491, 0.12035127171, 0.12255089178],
      [0.44320908067, 0.4093564509, 0.11435956395, 0.033074904482],
      [0.068910204829, 0.82476908579, 0.072216867838, 0.034103841544]
    ],
    [
      [0.21508666601, 0.43830173805, 0.17693581008, 0.16967578586],
      [0.47388519081, 0.31573079667, 0.16539041939, 0.044993593136],
      [0.085528398964, 0.73918765928, 0.12136597824, 0.053917963518]
    ],
    [
      [0.19927507692, 0.54782135379, 0.14400577267, 0.10889779662],
      [0.44123974058, 0.3951092302, 0.13475956218, 0.028891467038],
      [0.069617807421, 0.81301931458, 0.08692285135, 0.030440026654]
    ],
    [
      [0.24631719899, 0.54537553557, 0.13324841249, 0.075058852954],
      [0.50193870809, 0.36413096154, 0.11545842695, 0.018471903419],
      [0.086517397569, 0.81174818465, 0.080664480711, 0.021069937068]
    ],
    [
      [0.21719617621, 0.49471328412, 0.11937373229, 0.16871680737],
      [0.48272855461, 0.35962225357, 0.11260178227, 0.045047409554],
      [0.081796800305, 0.7900161612, 0.077529985221, 0.050657053272]
    ],
    [
      [0.15834693206, 0.67917397469, 0.089248265201, 0.073230828043],
      [0.37143057848, 0.51934886105, 0.088554413249, 0.020666147225],
      [0.048637817435, 0.88596016315, 0.047355297957, 0.018046721462]
    ],
    [
      [0.15735736387, 0.52707006717, 0.10769284922, 0.20787971974],
      [0.3934559002, 0.43011097347, 0.11403045943, 0.062402666902],
      [0.057293052886, 0.81451836156, 0.067688370249, 0.060500215303]
    ],
    [
      [0.17429220369, 0.4562847308, 0.10892563226, 0.26049743326],
      [0.43449585034, 0.37197646545, 0.11523248825, 0.07829519596],
      [0.069557685465, 0.77226559248, 0.074985071899, 0.083191650156]
    ],
    [
      [0.20139663345, 0.46976245072, 0.16793715871, 0.16090375712],
      [0.45229058861, 0.34444428661, 0.15978169089, 0.043483433889],
      [0.077053877925, 0.76274768454, 0.11090873321, 0.049289704326]
    ]
  ],
  "expected_outcome": [
    [
      [16.3495908477, 7.8879989556, 15.2702396766, 9.4446386097, 12.8602642761, 16.1991723051, 9.1532007795, 13.5018990615, 14.6778781221, 14.6647705226, 13.0929773349, 11.1161042992, 13.1099595034, 12.1498831126, 10.3347303777, 12.911360587, 12.0744427245, 5.4059242894, 3.014435298, 2.4313344385, 1.8245737958, 5.0311041468, 2.778789018, 2.9398935364, 2.412255264, 2.4875662212, 2.8063653547, 2.8891294695, 2.9087349162, 4.4514105243, 2.3209657161, 5.7329357071, 2.4571664054, 2.8038286714, 2.3100301078, 1.5753055661, 2.288108968, 2.2755509538, 3.4931824566, 2.6889296306, 3.7394246576, 3.7628673804, 3.2262999901, 2.5905759999, 4.6800267808, 1.9547655859, 3.8003263695, 2.0456457303, 3.4858440738, 3.8265360356],
      [29.1069729143, 32.4269814709, 34.2150186491, 29.6756460051, 33.9980854594, 35.0187494169, 31.6485017124, 38.2241529551, 32.2791727771, 35.3985858947, 37.959214008, 45.3716205963, 31.6856675904, 28.5256256301, 31.7029291008, 45.7940033839, 29.4835103522, 9.4189238686, 7.9429874942, 7.7098447917, 6.1095501214, 9.7970513137, 8.099185886, 9.0629538025, 8.5821933512, 10.0110141706, 5.1829838263, 8.7151079151, 7.5016233321, 12.4698844994, 7.2560179161, 12.053243421, 7.3191466785, 8.2373643703, 5.3016247767, 11.5743926663, 7.1793859311, 9.4666437769, 8.0134534211, 7.2025991484, 8.6467785517, 10.6219915132, 6.5745260707, 7.1216775993, 10.3621351758, 4.4524195571, 16.3001753926, 6.8519108732, 9.1256946159, 8.9254865636],
      [4.7686374335, 8.7803426317, 4.9272816131, 8.3604789301, 8.1928736524, 4.4361049491, 11.4539372926, 13.2018046078, 12.9305771765, 7.6418326441, 8.2950053519, 9.3551617981, 10.4558945115, 11.1287472965, 7.354117139, 8.1454992477, 7.8954297161, 2.6334562694, 2.6026720975, 1.3418258539, 0.90302884477, 3.6022974731, 1.6335023099, 2.6040251605, 2.0841605463, 2.7682889084, 1.9123476207, 2.1235251484, 1.832561048, 2.4454076382, 1.6732116853, 2.5782201839, 1.5215662619, 2.5568569293, 0.97037016183, 2.1116707837, 1.6940819531, 4.5888025669, 0.82738089805, 3.0857427269, 2.5172498626, 2.2866741625, 2.6540371512, 1.8720750447, 2.5317198373, 1.0743635906, 2.1419583648, 1.4000070399, 2.1785126452, 3.1908060155],
      [12.7747988044, 9.9046769418, 9.5874600612, 11.5192364551, 14.9487766121, 12.3459733289, 12.7443602155, 10.0721433756, 7.1123719243, 5.2948109386, 11.6528033051, 9.1571133063, 7.7484783947, 10.1957439608, 12.6082233825, 11.1491367814, 7.5466172072, 3.5416955726, 2.4399051103, 2.516994916, 1.1628472381, 2.5695470664, 3.4885227861, 3.3931275006, 1.9213908385, 4.7331306998, 3.0983031983, 3.272237467, 0.75708070374, 3.633297338, 1.7498046825, 6.635600688, 0.70212065423, 2.401950029, 1.4179749536, 3.7386309839, 2.8384231478, 2.6690027024, 2.6659832243, 3.0227284942, 2.0965469281, 2.3284669439, 2.5451367879, 1.4156713561, 1.4261182061, 1.5184512664, 1.757539873, 2.7024363567, 5.2099486651, 3.0571713852]
    ],
    [
      [8.8736768224, 7.7263177096, 7.6985719017, 6.2617591535, 4.8268178178, 5.7363525249, 7.3995346793, 6.9764468965, 8.812123032, 9.7175554301, 6.011258835, 5.7176759828, 5.900451817, 10.6019750474, 6.5112713432, 4.7298641152, 14.8301172309, 31.1609927966, 28.6900530774, 27.8484265388, 28.4328437777, 30.3589275005, 29.6118441417, 26.4372609063, 26.1557356026, 20.4487554588, 36.3829407599, 27.3992318755, 32.5498058425, 28.8022282251, 30.0436966623, 26.1758965028, 31.5678778197, 14.2494027249, 9.4935256455, 3.2933529493, 5.6328828981, 6.5484301542, 6.1882156042, 5.6121760482, 7.59106904, 9.307390694, 9.4777038162, 5.2948768869, 13.0504064104, 11.1027567561, 3.7143057848, 6.2952944032, 8.2554211564, 6.7843588291],
      [5.1801978482, 10.4260991397, 5.6555084026, 6.4499204529, 4.1816897705, 4.0632113791, 8.3980123013, 6.4817369111, 6.3595985241, 7.6974106669, 5.7152048717, 7.6575936916, 4.6732535439, 8.1730854652, 6.5492553199, 5.5014896936, 11.9008143173, 17.871426123, 24.897519509, 29.0829287822, 31.3551898007, 19.4638493886, 28.4295845411, 26.8417639467, 30.650225735, 27.0958922346, 22.1375124027, 27.2204850884, 27.6507179949, 26.571783525, 30.9426519359, 18.1101531992, 30.9756477997, 13.7398072477, 7.1168411139, 7.8970111109, 5.7638484364, 8.9162760056, 4.6256331521, 4.9039257339, 5.7318025051, 8.5964854689, 6.3146159333, 4.7413107624, 9.4674050001, 8.271311832, 5.1934886105, 6.8817755754, 7.0675528436, 5.1666642991],
      [1.1017649183, 3.6652613035, 1.0573173346, 2.3588997371, 1.3082131644, 0.66819751991, 3.9461593207, 2.9067598207, 3.3076288059, 2.157411394, 1.6214556441, 2.0500904253, 2.001891708, 4.1400068652, 1.9722548863, 1.2705364471, 4.1382470865, 6.4883375407, 10.5948329117, 6.5732033651, 6.0182823522, 9.2937449824, 7.4470184302, 10.0162063738, 9.6667896006, 9.7301045803, 10.6088864881, 8.6137068726, 8.7724553361, 6.7677156057, 9.2672994302, 5.0301444364, 8.3632646738, 5.5353243809, 1.6902144049, 1.8694978316, 1.7647165375, 5.6087367736, 0.61967757961, 2.7260709318, 2.1652115026, 2.401550843, 3.3078083877, 1.6171147462, 3.0019191006, 2.5898409921, 0.88554413249, 1.8244873509, 2.1894172768, 2.3967253634],
      [0.8443604111, 1.1823218472, 0.58860236109, 0.92942065647, 0.68327924733, 0.53223857607, 1.2562936987, 0.63505637166, 0.520649638, 0.42762250896, 0.65208064922, 0.57463990028, 0.42440293102, 1.0849326222, 0.96721845063, 0.49810974416, 1.1308213653, 2.4792435397, 2.817594502, 3.4954413139, 2.1936840693, 1.8834781285, 4.511552887, 3.7047687732, 2.5272490618, 4.7252477263, 4.8706603493, 3.7665761635, 1.0270208265, 2.8582726442, 2.7463519717, 3.6838058616, 1.0932097068, 1.4754656466, 0.69941883565, 0.94013810812, 0.83855212807, 0.9265570666, 0.56647366409, 0.75782728607, 0.5119169524, 0.69457299413, 0.89987186272, 0.34669760446, 0.4802694889, 1.0360904197, 0.20666147225, 0.99844267043, 1.4876087232, 0.65225150834]
    ],
    [
      [2.1702277528, 0.84337428275, 1.8169132287, 1.4859780974, 1.3340931727, 1.8665677064, 0.73975152807, 0.52348529008, 1.1450733344, 1.3692031352, 0.99360701433, 0.44094551237, 1.8325775702, 1.0607311292, 1.3572681674, 0.56126272222, 0.84816156331, 2.1573875751, 1.190492676, 1.1734783776, 1.3312553406, 1.6544449332, 0.91236810445, 0.90971697597, 0.8803227257, 0.83869421037, 1.1964803592, 1.0043076864, 1.2875135622, 0.83033408527, 0.87124493201, 1.7246097785, 1.0740613321, 3.1219906061, 5.9403792319, 1.8405606005, 4.3391434255, 2.5594571152, 6.2053745211, 4.5892993352, 5.3932688183, 4.1346122897, 5.5593459327, 5.2213355565, 4.7584568663, 5.5621824207, 3.2100959507, 4.0678067549, 4.2430188134, 5.0855559431],
      [16.3745357693, 14.6881298467, 17.2546007084, 19.7888083218, 14.9517384705, 17.1066370669, 10.8370381543, 6.2801722269, 10.6703345474, 14.0038166788, 12.2094442406, 7.6271399392, 18.7757096606, 10.5500787958, 17.6458953886, 8.4380167993, 8.7711711023, 15.907560006, 13.2747494662, 15.7463350459, 18.8617238373, 13.6342239077, 11.2536809321, 11.8682111166, 13.2537642433, 14.283905074, 9.3514272387, 12.8204623538, 14.0511271978, 9.8445785522, 11.5265238261, 15.3464754734, 13.5383418278, 38.8413458932, 57.8434376506, 57.4016750038, 57.8072154855, 45.1403266303, 60.4643103916, 52.1880673561, 52.9210041306, 49.4861451474, 48.0471978533, 60.9764485931, 44.6461501558, 53.7210989618, 58.4733707676, 57.8308036709, 47.1082011412, 50.3413471794],
      [1.0910810064, 1.6173698791, 1.0106287941, 2.2675484281, 1.4654901777, 0.88142100098, 1.594925738, 0.88202884745, 1.7382552395, 1.2294421707, 1.0850993767, 0.63952430928, 2.5200713999, 1.6736982145, 1.664829068, 0.61039059073, 0.95498345465, 1.8078757721, 1.7677111435, 1.1137688529, 1.1330623913, 2.0375758583, 0.92230541637, 1.3857773384, 1.307973015, 1.6053605251, 1.401931588, 1.269490721, 1.3948969582, 0.78452551141, 1.0800154593, 1.3344153703, 1.1436693341, 4.9030832554, 4.3059180989, 4.2596069467, 5.5478830076, 8.8996674181, 2.5391372241, 9.0938513067, 6.2662727343, 4.3330120703, 7.8887885853, 6.5192138513, 4.4365464391, 5.272038995, 3.1254496652, 4.8058742876, 4.5740893859, 7.319976392],
      [1.3641554715, 0.8511259914, 0.91785726876, 1.4576651527, 1.248678179, 1.1453742257, 0.82828457969, 0.31431363562, 0.44633687867, 0.39753801528, 0.71184936837, 0.29239023911, 0.87164136926, 0.71549186047, 1.332007376, 0.39032988774, 0.4256838797, 1.1271766468, 0.76704671428, 0.96641772361, 0.6739584308, 0.67375530084, 0.91164554711, 0.83629456898, 0.55794001599, 1.2720401905, 1.0501608141, 0.90573923888, 0.26646228171, 0.54056185107, 0.52221578258, 1.5944993777, 0.24392750612, 2.1335802454, 2.9102650186, 3.498157449, 4.3057580814, 2.4005488365, 3.7911778632, 4.128782002, 2.4194543168, 2.0462304927, 3.5046676287, 2.283001999, 1.1588465388, 3.4446796225, 1.1910836165, 4.2955152865, 5.0746906595, 3.2531204855]
    ]
  ],
  "prob": [
    [0.19017516214, 0.51949477983, 0.13155875124, 0.15877130678],
    [0.43275882253, 0.39324934612, 0.12901900892, 0.044972822429],
    [0.069859625736, 0.79990420932, 0.083143557372, 0.047092607576]
  ],
  "iterations": 16,
  "time": 3.6e-05,
  "message": "Converged",
  "status": 0,
  "miniter": 0,
  "maxiter": 1000,
  "maxtime": 3600,
  "param_threshold": 0.001,
  "ll_threshold": "-Inf",
  "initial_prob": "group_proportional",
  "ballotbox_id": ["1", "2", "3", "4", "5", "6", "7", "8", "9", "10", "11", "12", "13", "14", "15", "16", "17", "18", "19", "20", "21", "22", "23", "24", "25", "26", "27", "28", "29", "30", "31", "32", "33", "34", "35", "36", "37", "38", "39", "40", "41", "42", "43", "44", "45", "46", "47", "48", "49", "50"],
  "candidates_id": ["1", "2", "3", "4"],
  "group_id": ["1", "2", "3"]
}
