{
  "Z_true": {},
  "V_true": [
    [26, 1015, 155, 907, 304, 53],
    [893, 39, 58, 199, 654, 105],
    [459, 221, 549, 461, 11494, 708],
    [64, 453, 289, 4287, 455, 154],
    [110, 154, 249, 603, 657, 358],
    [28, 83, 1496, 403, 589, 90],
    [146, 68, 114, 203, 681, 695]
  ],
  "p_true": [
    [0.0106, 0.4126, 0.063, 0.3687, 0.1236, 0.0215],
    [0.4584, 0.02, 0.0298, 0.1022, 0.3357, 0.0539],
    [0.033, 0.0159, 0.0395, 0.0332, 0.8274, 0.051],
    [0.0112, 0.0794, 0.0507, 0.7518, 0.0798, 0.027],
    [0.0516, 0.0723, 0.1168, 0.283, 0.3083, 0.168],
    [0.0104, 0.0309, 0.5563, 0.1499, 0.219, 0.0335],
    [0.0766, 0.0357, 0.0598, 0.1064, 0.3571, 0.3644]
  ],
  "Z_est": [
    [
      [0.8557, 0.8422, 0.1122, 0, 0.5161, 0.1286, 0.4215, 2.3124, 0.3348, 1.3096, 0.164, 1.5004, 0.1978, 1.4112, 1.291, 0.4977, 0.7862, 0.5978, 0.5039, 0.2778, 0.0308, 0.1451, 0.0958, 0.6093, 1.0823, 0.0449, 1.2585, 0.2452, 0.0379, 0.3246, 0.2959, 0.2889, 0.1955, 0.6044, 0.2486, 0.5259, 0.2903, 0.1107, 0.407, 0.2952, 1.3562, 0.0178, 1.5194, 0.279, 3.0393, 0.5118],
      [41.7517, 27.1587, 3.4626, 3.1279, 35.2711, 3.3931, 79.5355, 120.07, 20.7405, 45.0322, 10.9122, 62.9001, 7.0141, 59.426, 51.2291, 22.4571, 27.7983, 22.866, 18.1593, 17.1212, 3.452, 4.9367, 5.3123, 29.2005, 34.8994, 4.4745, 43.4112, 18.3015, 2.3263, 10.8745, 7.5703, 16.6366, 9.3506, 21.4479, 8.7858, 21.5784, 8.5254, 16.6003, 14.0428, 9.2718, 72.093, 3.8711, 62.0401, 8.2155, 64.9254, 23.3713],
      [2.2018, 0.8108, 0.0736, 0.1122, 1.4334, 0.1542, 3.7137, 5.214, 0.9141, 2.9683, 0.5121, 2.8851, 0.6168, 3.7064, 2.1792, 1.4665, 1.1938, 1.4219, 1.1033, 0.5465, 0.1527, 0.2113, 0.2479, 1.7168, 2.1739, 0.2445, 2.616, 0.8971, 0.0734, 0.6669, 0.5496, 0.5561, 0.3939, 0.9326, 0.6168, 0.8058, 0.4286, 0.7002, 1.0225, 0.7928, 2.7868, 0.1184, 3.5762, 0.3149, 3.7186, 0.4864],
      [30.7854, 20.8431, 2.3094, 0.7598, 21.8999, 3.1288, 63.7972, 83.7716, 14.5942, 54.3135, 9.1541, 67.5531, 9.0742, 68.7946, 48.3018, 21.3826, 35.8558, 31.2429, 20.6781, 9.8432, 2.2839, 2.6387, 4.2334, 19.9773, 32.9009, 2.1839, 36.6644, 23.5562, 1.5619, 10.8418, 12.2873, 15.2251, 5.9455, 24.4153, 12.9894, 20.556, 12.4256, 12.2771, 14.0971, 11.3257, 66.6762, 1.9279, 62.7605, 7.8443, 78.8956, 23.7937],
      [0.3146, 0.2273, 0.0325, 0, 0.7197, 0.1391, 2.9654, 2.1646, 0.3136, 1.1414, 0.2069, 0, 0.0444, 0.5248, 0.5888, 0.0785, 0.2786, 0.7037, 0.4655, 0.1676, 0.0639, 0.0513, 0.0922, 0.3968, 0.7773, 0.0454, 0.8445, 0, 0, 0.2429, 0.2535, 0.2309, 0.0867, 0.4893, 0.268, 0.4165, 0.2657, 0.2231, 0.3622, 0.2636, 0.86, 0.0498, 1.8054, 0.2815, 0.9864, 2.6379],
      [0.0908, 0.1178, 0.0096, 0, 0.1599, 0.0561, 0.5667, 0.4674, 0.1028, 0.2351, 0.0507, 0.1613, 0.0526, 0.1371, 0.4101, 0.1176, 0.0872, 0.1676, 0.0899, 0.0436, 0.0167, 0.0169, 0.0185, 0.0992, 0.1662, 0.0068, 0.2054, 0, 0.0005, 0.0492, 0.0434, 0.0623, 0.0278, 0.1104, 0.0912, 0.1175, 0.0644, 0.0886, 0.0684, 0.051, 0.2278, 0.0151, 0.2985, 0.0649, 0.4347, 0.199]
    ],
    [
      [33.9171, 14.331, 2.3852, 4.16e-32, 9.2305, 4.8784, 41.2057, 110.8834, 26.0314, 33.9366, 13.5252, 21.7301, 6.9333, 26.1328, 26.4949, 12.3513, 18.4537, 8.7201, 25.5066, 27.7565, 4.778, 5.8066, 9.897, 39.0786, 68.5986, 6.4357, 68.0833, 14.8241, 2.9107, 32.8256, 9.2098, 20.4859, 15.7193, 28.0168, 24.6892, 37.4346, 16.9402, 14.7221, 15.6514, 18.5086, 50.6373, 1.4041, 52.8836, 9.6564, 155.5248, 35.3213],
      [3.9688, 1.1864, 0.1462, 0.5259, 1.3352, 0.1973, 5.4825, 13.7905, 3.5657, 2.672, 1.7785, 1.6247, 0.5108, 2.3493, 2.4901, 1.2343, 1.4531, 0.6699, 2.0973, 4.0676, 1.0315, 0.4415, 1.2218, 4.5244, 5.1761, 1.2752, 5.6298, 1.1217, 0.2658, 2.534, 0.5214, 2.6618, 1.7579, 2.3144, 1.9183, 3.572, 1.1212, 2.9201, 1.1963, 1.2613, 5.9686, 0.5848, 4.7428, 0.5945, 9.2409, 0.959],
      [6.6958, 1.3401, 0.1226, 0.6369, 1.864, 0.5518, 9.0111, 20.0979, 5.4197, 5.9885, 2.948, 2.61, 1.4773, 4.7759, 3.884, 2.5357, 2.4175, 1.4878, 4.4629, 4.4901, 1.7221, 0.6847, 2.0246, 8.6607, 11.6809, 2.5215, 12.0244, 1.9723, 0.3189, 5.4962, 1.3508, 3.1597, 2.5558, 3.6, 4.7821, 4.7473, 2.0361, 4.2844, 3.0756, 3.8733, 8.2746, 0.6566, 9.5925, 0.9535, 18.4833, 2.842],
      [0.073, 0.0232, 0.0022, 0.002, 0, 0, 0, 0, 0.0113, 0.0266, 0.0203, 0.0954, 0.0319, 0.1073, 0.0666, 0.0427, 0.1154, 0.0169, 0.0049, 0.0651, 0.0006, 0, 0.0086, 0, 0, 0.0093, 0, 0.2037, 0.021, 0, 0.0076, 0.0761, 0.0297, 0.0328, 0.0057, 0.0391, 0.0046, 0.0845, 0, 0, 0.2222, 0.0023, 0, 0, 0.075, 0],
      [9.406, 2.74, 0.3082, 0.8352, 3.1812, 1.1476, 16.3602, 34.3303, 8.7775, 10.3165, 5.1348, 4.3651, 1.764, 7.9229, 6.9527, 3.3162, 5.0523, 2.7927, 8.141, 7.7721, 3.0843, 0.9439, 3.5224, 11.4472, 18.5818, 2.5702, 18.1826, 3.6077, 0.4271, 9.263, 2.6726, 6.8493, 3.5103, 8.1696, 9.2348, 10.8622, 5.2925, 7.0169, 4.6151, 5.7972, 16.211, 1.1897, 17.086, 2.4784, 32.1561, 15.7551],
      [0.9393, 0.3793, 0.0355, 0, 0.3891, 0.2249, 1.9405, 3.8979, 1.1944, 1.0598, 0.5932, 0.5747, 0.2827, 0.7119, 1.1117, 0.5199, 0.508, 0.3126, 0.7872, 0.8485, 0.3836, 0.1233, 0.3257, 1.2891, 1.9626, 0.1881, 2.08, 0.2706, 0.0564, 0.8812, 0.2379, 0.7671, 0.427, 0.8664, 1.37, 1.3448, 0.6054, 0.9721, 0.4616, 0.5596, 1.6863, 0.1626, 1.6951, 0.3171, 4.5198, 1.1227]
    ],
    [
      [10.233, 10.9132, 4.4495, 0, 2.2201, 0.0765, 1.5237, 10.8444, 5.1676, 9.0888, 1.3956, 17.4279, 1.9307, 6.7575, 6.5543, 4.9927, 5.3491, 1.5736, 7.9684, 8.6404, 0, 5.8355, 5.4004, 6.1511, 13.3379, 1.0903, 13.9908, 2.4019, 1.3497, 12.4216, 3.7289, 7.5343, 10.2162, 14.7632, 2.3858, 11.3652, 6.2603, 0, 2.4737, 1.8836, 13.3154, 0.3018, 7.8349, 0.2773, 45.8059, 0],
      [3.1216, 2.7307, 0.814, 0.3771, 0.7471, 0, 0.4044, 2.7576, 0.8862, 0, 0.0854, 7.8052, 0.1589, 0.1025, 0.8104, 1.6009, 0.5776, 0, 0, 4.106, 0, 0.2643, 0.013, 0.2773, 0, 0.5316, 0, 0.2342, 0.6209, 0, 0, 3.38, 2.2596, 0.2904, 0, 0.7169, 0, 0.7227, 0, 0, 6.0667, 0.0907, 0, 0, 0, 0],
      [21.154, 4.4197, 0.9591, 0.2778, 4.5797, 0.3929, 5.8002, 15.7925, 12.3244, 18.9138, 5.4132, 11.1008, 5.7707, 11.0257, 6.8998, 10.1438, 3.9124, 3.5639, 15.0195, 10.4345, 3.1028, 4.8939, 11.1377, 13.4045, 23.0433, 8.4827, 25.0024, 1.8283, 1.2369, 18.3912, 5.4579, 8.7994, 15.3315, 9.6103, 10.3324, 8.5661, 3.9764, 5.7619, 11.4649, 13.4618, 17.5213, 3.1793, 17.3518, 1.4904, 27.4673, 0],
      [7.1675, 5.2818, 1.6963, 0.0399, 0, 0, 1.0386, 1.0213, 2.737, 5.3882, 2.0928, 15.8061, 3.0556, 7.8055, 4.9741, 5.12, 8.0617, 2.1142, 2.334, 6.1841, 0, 0.0277, 2.4058, 0.063, 0, 1.2556, 0, 2.6542, 1.432, 0.4227, 2.0475, 15.884, 6.0786, 8.4945, 2.2204, 6.1707, 1.4231, 4.0169, 0, 0, 23.6584, 0, 1.095, 0, 11.2704, 0],
      [353.678, 215.6325, 66.3424, 5.3052, 122.9427, 14.7473, 168.5152, 419.4099, 296.864, 464.6701, 150.0238, 289.2322, 75.3042, 258.8375, 221.9798, 153.6493, 177.9716, 110.867, 441.222, 294.7386, 135.2133, 88.7265, 300.9372, 213.0514, 498.4774, 99.3796, 487.794, 56.2314, 22.6174, 457.918, 186.6025, 413.3937, 244.714, 576.2754, 368.5133, 446.6182, 344.0946, 149.1531, 216.5969, 231.8246, 666.4103, 103.2578, 469.3962, 87.9627, 774.1252, 121.8416],
      [21.6458, 19.0222, 4.7386, 0, 9.5104, 1.7833, 12.7179, 30.1743, 26.0209, 29.939, 10.9892, 24.6279, 7.7797, 14.4713, 22.7816, 15.4932, 11.1276, 7.8813, 26.4562, 19.8963, 10.684, 7.2521, 17.1059, 15.0528, 33.1414, 4.2602, 35.2128, 2.65, 1.7431, 26.8465, 10.1632, 29.0086, 18.4, 38.5662, 36.5482, 35.5629, 25.2455, 13.3455, 13.4645, 13.83, 43.0279, 9.1704, 29.3221, 7.2696, 68.3312, 6.1584]
    ],
    [
      [1.3688, 2.1165, 0.2569, 0, 1.0581, 0.7766, 0, 2.9942, 0.6209, 3.9435, 0.165, 0, 0.242, 0.5628, 2.0825, 0, 0.3176, 1.1228, 2.2185, 0.7156, 0.044, 0.2986, 0.3748, 0.7447, 6.4245, 0.0687, 5.7197, 0.0104, 0.029, 1.878, 1.2717, 0.5543, 0.3838, 0.9847, 1.8759, 0.988, 1.4382, 0, 3.7654, 4.1152, 1.7568, 0.1167, 3.9063, 3.2312, 7.5723, 1.5371],
      [23.4467, 20.5532, 2.3537, 0.8436, 26.694, 1.3885, 23.929, 57.915, 16.6073, 23.0602, 5.6898, 35.1648, 3.1529, 27.9644, 29.1479, 15.9379, 15.2839, 8.1271, 8.0152, 15.206, 1.4972, 3.0416, 7.7231, 12.1779, 16.8679, 2.5154, 17.7092, 4.2008, 0.5425, 8.5014, 3.5721, 13.1274, 6.0828, 12.4864, 3.8212, 14.6918, 3.8444, 7.6981, 5.3549, 8.0546, 42.4875, 7.9785, 23.8486, 3.0579, 32.0701, 4.5467],
      [11.2469, 5.3864, 0.494, 0.2794, 9.8467, 0.7491, 10.563, 22.7576, 6.8385, 15.8448, 2.5259, 16.0817, 3.0056, 16.3304, 11.2441, 10.7757, 5.7678, 5.3867, 5.4394, 4.4831, 1.3557, 1.2707, 3.4359, 6.4843, 11.1788, 1.342, 10.9731, 1.9376, 0.1759, 5.529, 3.0283, 4.0013, 2.4164, 5.0066, 3.541, 5.0479, 2.2616, 3.0305, 4.8628, 8.2611, 14.7922, 2.3409, 14.2274, 1.4695, 17.7055, 1.6213],
      [125.7658, 113.1211, 12.5002, 1.877, 118.5566, 11.7797, 143.0519, 290.8671, 86.4596, 227.9463, 35.9671, 304.6189, 34.4439, 240.4964, 199.9545, 119.1543, 144.7332, 94.199, 80.9855, 64.3008, 10.4827, 12.7682, 46.5996, 61.8704, 131.3879, 9.7494, 120.7889, 39.3448, 3.1823, 71.1134, 54.137, 88.547, 29.0816, 105.3542, 59.5977, 103.606, 53.0664, 42.3032, 51.5155, 86.478, 283.276, 30.5471, 198.3224, 27.1899, 298.328, 43.283],
      [0.013, 0, 0.0633, 0, 3.1665, 0.5262, 4.1709, 4.6985, 1.0981, 3.1977, 0.5141, 0, 0, 0, 0.3909, 0, 0, 1.5042, 1.2101, 0.4235, 0.1834, 0.1171, 0.6471, 0.6509, 2.0402, 0.104, 1.6797, 0, 0, 1.0209, 0.8075, 0.5466, 0.157, 1.365, 0.8413, 1.3242, 0.8131, 0.4099, 0.9329, 1.6623, 0.8661, 0.6397, 4.146, 0.8731, 0.6473, 11.4423],
      [3.1588, 3.8228, 0.332, 0, 4.6782, 0.7799, 5.2851, 9.7675, 3.3757, 6.0075, 1.1381, 7.1346, 1.1556, 4.646, 8.1801, 4.1322, 2.8975, 2.6602, 2.1314, 1.871, 0.4371, 0.5037, 1.2195, 2.0719, 4.1007, 0.2206, 4.1294, 0.5064, 0.0704, 1.9573, 1.1836, 2.2234, 0.8784, 2.803, 2.3228, 3.3422, 1.5763, 1.5583, 1.5685, 2.4288, 6.8213, 1.3771, 5.5493, 1.1784, 9.6769, 1.5696]
    ],
    [
      [0.1785, 0.2781, 0.0506, 0, 0.0525, 0.0077, 0.0221, 0.2127, 0.0806, 0.2257, 0.0134, 0.2512, 0.0242, 0.1324, 0.1417, 0.0841, 0.1022, 0.0596, 0.1097, 0.1213, 0, 0.0858, 0.0657, 0.1228, 0.2163, 0.01, 0.2506, 0.018, 0.0088, 0.2728, 0.1142, 0.1384, 0.2193, 0.2104, 0.0498, 0.2262, 0.089, 0, 0.0957, 0.0895, 0.2349, 0, 0.2292, 0.0499, 0.6387, 0.0172],
      [0.7179, 0.6321, 0.1014, 0, 0.3227, 0.0109, 0.2828, 0.9408, 0.5315, 0.5777, 0.2619, 0.6274, 0.0694, 0.4871, 0.4567, 0.3434, 0.3272, 0.1863, 0.3131, 0.6015, 0, 0.1581, 0.3102, 0.4287, 0.4428, 0.0833, 0.5409, 0.0468, 0.0274, 0.6003, 0.2003, 1.1926, 0.6843, 0.5908, 0.2467, 0.7708, 0.2105, 0.2233, 0.2153, 0.2024, 1.404, 0.3693, 0.7317, 0.078, 0.7419, 0.047],
      [2.0536, 0.9893, 0.1323, 0, 0.7387, 0.042, 0.8073, 2.276, 1.3968, 2.5892, 0.7635, 1.5545, 0.3808, 1.7918, 1.1621, 1.2718, 0.8448, 1.0346, 1.2151, 1.0707, 0.6735, 0.4335, 0.9082, 1.4857, 1.7681, 0.288, 2.0684, 0.1408, 0.0545, 2.4158, 1.086, 2.0167, 1.7105, 1.5252, 1.1585, 1.6679, 0.665, 0.5621, 1.1195, 1.2743, 2.9338, 0.7103, 2.9345, 0.2287, 2.6395, 0.114],
      [16.0186, 13.6315, 2.2342, 0, 6.1796, 0.4434, 7.456, 20.0419, 12.0658, 25.7574, 7.3948, 19.4347, 3.1395, 18.6495, 13.466, 10.3416, 13.1494, 12.3069, 12.342, 10.4808, 3.2841, 2.8913, 8.3777, 9.6259, 14.5634, 1.4036, 15.8755, 1.8874, 0.6339, 20.9604, 13.3021, 32.0241, 13.4808, 22.2301, 13.3759, 23.909, 10.8104, 5.3465, 8.2687, 9.5022, 37.8905, 6.3242, 27.9621, 3.0288, 30.3834, 2.1815],
      [33.7775, 26.5912, 4.2783, 0, 15.2073, 1.0313, 17.4412, 46.6427, 27.0947, 52.7299, 16.0759, 31.9455, 5.3455, 35.2254, 25.9116, 18.8339, 22.9513, 23.943, 26.7353, 22.6871, 9.2529, 7.159, 19.0623, 22.9969, 33.3933, 3.5642, 36.9928, 3.2779, 0.9585, 48.5001, 26.5649, 57.1226, 26.9392, 44.1327, 27.4667, 48.898, 22.1226, 11.1768, 19.5393, 21.793, 72.2779, 16.235, 62.1524, 7.3474, 56.7941, 6.4559],
      [8.2539, 8.8777, 1.2032, 0, 4.4992, 0.4646, 4.9905, 12.8861, 8.8306, 13.1199, 4.4904, 10.1867, 2.0406, 7.7138, 9.8618, 7.1251, 5.6251, 6.4696, 6.2848, 6.0387, 2.7895, 2.2723, 4.2759, 6.3399, 8.6162, 0.6508, 10.2718, 0.6291, 0.3169, 11.2505, 5.7325, 15.5055, 7.9659, 11.3108, 9.7024, 14.528, 6.1025, 3.6912, 4.7616, 5.1386, 18.2589, 5.3613, 14.99, 2.2673, 18.8023, 1.1844]
    ],
    [
      [0.8274, 0.9013, 0.1557, 2.2898e-16, 0.401, 0.0367, 0.2335, 1.1929, 0.4419, 1.2082, 0.167, 1.1459, 0.1234, 0.8438, 0.9974, 0.4289, 0.6927, 0.4116, 0.5332, 0.4821, 0.0347, 0.2372, 0.3616, 0.3816, 1.0638, 0.0356, 1.2237, 0.1146, 0.0984, 0.6852, 0.2784, 0.5879, 0.6632, 1.2162, 0.2936, 0.6317, 0.5089, 0, 0.3413, 0.508, 1.4112, 0.0143, 0.8677, 0.0951, 2.3927, 0.1838],
      [0.8087, 0.5879, 0.0797, 0.0839, 0.5551, 0.0102, 0.298, 1.2123, 0.5052, 0.5448, 0.2075, 0.7252, 0.0662, 0.5852, 0.7389, 0.3674, 0.4623, 0.1293, 0.2979, 0.5634, 0, 0.1184, 0.3373, 0.3042, 0.4642, 0.0613, 0.5682, 0.0674, 0.091, 0.3484, 0.1014, 0.6525, 0.552, 0.7209, 0.1681, 0.4397, 0.2335, 0.363, 0.1463, 0.169, 1.5643, 0.0495, 0.4945, 0.0426, 0.7758, 0.076],
      [67.4551, 33.0665, 3.9965, 2.5271, 38.8002, 2.0332, 29.1964, 91.7454, 44.1798, 93.9258, 20.9404, 56.1906, 12.8538, 72.9115, 62.2167, 40.8657, 41.7208, 36.4868, 41.173, 32.7913, 10.6973, 11.0148, 34.101, 33.8857, 68.4381, 7.2171, 79.3996, 6.8686, 4.6672, 47.561, 18.4071, 41.9622, 41.631, 67.4449, 27.578, 34.8051, 27.4606, 22.4678, 28.7112, 47.9268, 108.0635, 3.4726, 69.8921, 4.2673, 96.433, 7.6892],
      [19.3268, 14.4499, 2.075, 0.2892, 11.0969, 0.6253, 9.2719, 28.0796, 13.3568, 33.2526, 6.9558, 24.4262, 3.8469, 27.3681, 24.4235, 12.5473, 21.1365, 14.7671, 14.4611, 11.053, 2.8402, 2.5275, 10.8794, 8.0531, 19.8618, 1.1906, 21.6912, 3.0976, 1.7867, 14.5211, 7.5852, 21.1857, 12.1624, 32.2049, 10.7818, 16.1523, 14.4239, 7.3722, 7.5827, 12.9804, 46.8702, 1, 23.4085, 1.8015, 38.5661, 4.6053],
      [5.6964, 4.089, 0.5876, 0.0998, 4.3419, 0.2284, 3.3869, 10.0208, 4.5453, 10.4438, 2.3181, 5.3486, 0.8704, 7.2822, 6.8222, 2.9834, 5.1765, 4.437, 4.8278, 3.5139, 1.2007, 0.9145, 3.7929, 2.874, 7.0372, 0.4456, 7.7552, 0.7606, 0.292, 5.1439, 2.318, 5.6287, 3.3395, 9.8223, 3.3945, 5.0115, 4.5727, 2.2921, 2.7991, 4.7488, 12.9926, 0.3826, 8.1225, 0.6635, 10.5203, 2.1989],
      [0.8856, 0.9055, 0.1055, 0, 0.8049, 0.0662, 0.6133, 1.749, 0.971, 1.6247, 0.4112, 1.1635, 0.2393, 1.0092, 1.8013, 0.8073, 0.8112, 0.7681, 0.707, 0.5963, 0.2271, 0.1877, 0.5277, 0.5013, 1.1349, 0.0498, 1.3621, 0.0912, 0.0648, 0.7403, 0.31, 0.983, 0.6519, 1.5909, 0.7839, 0.9596, 0.8004, 0.5049, 0.4194, 0.667, 2.0982, 0.0809, 1.2148, 0.13, 2.3121, 0.2468]
    ],
    [
      [1.6195, 1.6176, 0.5899, 0, 0.5217, 0.0955, 0.5935, 2.5601, 1.3228, 2.2876, 0.5699, 1.9444, 0.5486, 1.1596, 1.438, 0.6454, 1.2986, 0.5145, 2.1597, 2.0061, 0.1126, 0.5912, 0.8047, 0.9118, 3.2767, 0.3149, 2.4734, 0.3859, 0.5654, 2.5921, 1.1011, 2.4103, 2.6027, 2.2042, 1.4571, 2.8283, 1.473, 0.1672, 1.2656, 1.5999, 3.2881, 0.1452, 2.7589, 0.4111, 6.0262, 0.4288],
      [0.1845, 0.1509, 0.0424, 0.0415, 0.0749, 0, 0.0678, 0.3138, 0.1636, 0.113, 0.0646, 0.1525, 0.0277, 0.0857, 0.1269, 0.059, 0.0975, 0.0214, 0.1172, 0.3343, 0.0193, 0.0394, 0.0823, 0.0869, 0.1496, 0.0587, 0.1406, 0.0277, 0.1261, 0.1414, 0.0346, 0.349, 0.3128, 0.1493, 0.0599, 0.2304, 0.0649, 0.4725, 0.0445, 0.0409, 0.4158, 0.0562, 0.1423, 0.0115, 0.2458, 0],
      [2.1928, 0.9872, 0.2218, 0.1667, 0.7375, 0.0769, 0.9082, 3.1166, 1.9268, 2.7695, 0.8969, 1.5774, 0.8949, 1.4582, 1.4141, 0.9408, 1.1428, 0.6183, 2.5868, 2.1839, 0.2959, 0.4909, 1.1447, 1.3623, 3.7169, 0.9042, 2.9161, 0.3553, 0.4732, 2.9398, 1.1203, 2.5046, 2.9609, 1.8804, 1.9912, 2.3598, 1.1717, 1.1931, 1.7434, 2.41, 3.6278, 0.5218, 3.4255, 0.2758, 4.5527, 0.2471],
      [0.8628, 0.6495, 0.1826, 0.0319, 0.2671, 0.0228, 0.3843, 1.2185, 0.7753, 1.3153, 0.415, 1.0656, 0.408, 0.7786, 0.8135, 0.4115, 0.948, 0.353, 1.1945, 1.0729, 0.1084, 0.1466, 0.4955, 0.4103, 1.2861, 0.2076, 0.9801, 0.2561, 0.3822, 1.1406, 0.6334, 2.058, 1.2214, 1.2682, 1.0291, 1.567, 0.846, 0.5996, 0.536, 0.7136, 2.4065, 0.1986, 1.4516, 0.1355, 2.4816, 0.1364],
      [23.1145, 15.72, 4.3878, 1.7599, 9.4405, 1.1799, 12.1602, 39.7332, 23.3068, 35.5006, 11.7264, 20.1086, 7.6714, 18.2073, 19.3541, 9.1387, 18.5698, 8.7523, 35.3983, 28.6973, 4.0016, 5.0877, 14.9459, 13.5828, 43.6927, 6.8909, 32.7512, 5.1224, 4.705, 36.9111, 16.7811, 42.2281, 29.2533, 32.7457, 29.2813, 41.8694, 23.8387, 14.7281, 19.1546, 25.9106, 54.3822, 7.2455, 45.2916, 5.3933, 60.7706, 8.6684],
      [16.0258, 14.8748, 3.5756, 0, 7.9584, 1.6249, 9.8861, 31.0578, 21.5047, 25.0139, 9.3272, 18.1514, 8.4494, 11.3106, 20.8533, 9.8046, 12.9434, 6.7406, 23.5435, 21.7055, 3.4621, 4.6441, 9.5269, 10.6459, 31.8779, 3.6237, 25.7386, 2.8527, 4.748, 24.2749, 10.3295, 32.4501, 24.6489, 23.7522, 29.1814, 35.1451, 18.6056, 13.8395, 13.256, 17.325, 38.8796, 6.8327, 30.9301, 4.7727, 56.9231, 4.5192]
    ]
  ],
  "V_est": [
    [27.9213, 1204.942, 60.0284, 1138.3679, 23.0718, 5.6686],
    [1224.4475, 115.7034, 204.1915, 1.5275, 361.1433, 40.987],
    [307.2328, 42.5539, 438.1948, 172.5394, 12063.0596, 868.4196],
    [69.6523, 627.981, 302.3441, 4512.6992, 54.8944, 134.429],
    [5.6016, 18.3395, 54.6981, 564.0574, 1166.6251, 321.6783],
    [25.455, 17.7387, 1777.1394, 637.9418, 196.0444, 34.6807],
    [65.6897, 5.7415, 73.4037, 35.8669, 969.1614, 757.1368]
  ],
  "p_est": [
    [0.0114, 0.4898, 0.0244, 0.4628, 0.0094, 0.0023],
    [0.6286, 0.0594, 0.1048, 0.0008, 0.1854, 0.021],
    [0.0221, 0.0031, 0.0315, 0.0124, 0.8683, 0.0625],
    [0.0122, 0.1101, 0.053, 0.7914, 0.0096, 0.0236],
    [0.0026, 0.0086, 0.0257, 0.2647, 0.5475, 0.151],
    [0.0095, 0.0066, 0.6609, 0.2372, 0.0729, 0.0129],
    [0.0344, 0.003, 0.0385, 0.0188, 0.5082, 0.397]
  ],
  "EI_Z": {},
  "EI_V": 11.3988,
  "MAE_Z": {},
  "MAE_V": 166.7969,
  "MAE_p": 0.057,
  "runtime": 0.007
}
