{
  "X": [
    [18, 13, 37, 97, 185, 0],
    [19, 13, 39, 91, 188, 1],
    [17, 21, 48, 79, 169, 2],
    [14, 14, 45, 80, 154, 0],
    [11, 22, 22, 99, 162, 0],
    [33, 49, 41, 142, 278, 0],
    [24, 29, 37, 104, 161, 0],
    [30, 18, 58, 82, 145, 1],
    [20, 11, 35, 90, 153, 0],
    [23, 23, 29, 84, 128, 1],
    [31, 20, 47, 129, 278, 0],
    [23, 24, 58, 114, 257, 0],
    [33, 32, 63, 112, 211, 2],
    [35, 45, 23, 105, 233, 1],
    [22, 24, 23, 88, 137, 0],
    [43, 48, 44, 133, 182, 0],
    [40, 43, 42, 142, 169, 0],
    [31, 56, 47, 121, 252, 1],
    [38, 26, 55, 141, 222, 1],
    [30, 21, 51, 111, 182, 0],
    [47, 36, 49, 140, 262, 1],
    [15, 14, 32, 83, 147, 0],
    [15, 14, 31, 107, 209, 0],
    [13, 13, 28, 96, 148, 1],
    [20, 27, 50, 92, 138, 0],
    [37, 31, 42, 143, 200, 0],
    [13, 23, 30, 91, 135, 1],
    [34, 38, 28, 118, 198, 0],
    [53, 43, 47, 158, 225, 1],
    [25, 22, 57, 146, 201, 0],
    [12, 13, 42, 95, 123, 1],
    [17, 16, 52, 92, 212, 2],
    [23, 8, 40, 83, 173, 0],
    [19, 18, 41, 82, 235, 0],
    [40, 25, 27, 110, 200, 1],
    [26, 40, 25, 122, 159, 0],
    [45, 25, 29, 121, 224, 0],
    [23, 16, 40, 113, 196, 0],
    [8, 5, 18, 65, 180, 1],
    [19, 8, 49, 91, 148, 0],
    [17, 8, 40, 77, 141, 0],
    [23, 21, 33, 104, 170, 1],
    [14, 11, 37, 117, 265, 0],
    [19, 22, 13, 103, 120, 0],
    [16, 14, 19, 98, 128, 0],
    [32, 55, 18, 103, 104, 0],
    [22, 22, 18, 94, 98, 0],
    [35, 20, 55, 152, 235, 0],
    [8, 13, 27, 63, 104, 1],
    [20, 9, 24, 81, 137, 0],
    [9, 18, 19, 55, 102, 1],
    [13, 35, 17, 85, 99, 0],
    [12, 22, 12, 73, 99, 1],
    [157, 203, 148, 566, 1095, 2]
  ],
  "W": [
    [10, 17, 15, 88, 166, 54],
    [15, 11, 23, 87, 171, 44],
    [10, 15, 18, 79, 151, 63],
    [4, 4, 31, 64, 153, 51],
    [7, 12, 10, 80, 148, 59],
    [23, 34, 25, 139, 229, 93],
    [9, 12, 28, 88, 150, 68],
    [19, 15, 16, 90, 134, 60],
    [12, 6, 32, 77, 137, 45],
    [9, 20, 18, 78, 111, 52],
    [16, 17, 24, 127, 237, 84],
    [11, 16, 32, 109, 222, 86],
    [13, 23, 34, 99, 187, 97],
    [17, 27, 20, 103, 198, 77],
    [16, 18, 19, 74, 119, 48],
    [25, 38, 49, 122, 159, 57],
    [22, 32, 50, 123, 123, 86],
    [17, 24, 59, 100, 205, 103],
    [20, 17, 42, 123, 172, 109],
    [21, 13, 34, 84, 147, 96],
    [27, 22, 54, 127, 195, 110],
    [7, 4, 29, 53, 107, 91],
    [5, 3, 33, 84, 166, 85],
    [3, 7, 19, 71, 129, 70],
    [12, 18, 21, 79, 129, 68],
    [21, 28, 37, 127, 160, 80],
    [3, 16, 20, 74, 118, 62],
    [19, 31, 16, 100, 179, 71],
    [25, 32, 36, 141, 190, 103],
    [13, 16, 29, 131, 162, 100],
    [4, 7, 33, 82, 104, 56],
    [12, 9, 27, 81, 189, 73],
    [16, 6, 36, 67, 135, 67],
    [9, 19, 31, 72, 196, 68],
    [24, 18, 16, 104, 185, 56],
    [15, 29, 28, 101, 129, 70],
    [35, 16, 22, 120, 174, 77],
    [15, 12, 23, 87, 164, 87],
    [1, 1, 28, 52, 151, 44],
    [4, 4, 39, 75, 140, 53],
    [3, 10, 25, 71, 125, 49],
    [19, 18, 25, 94, 141, 55],
    [6, 5, 38, 101, 224, 70],
    [13, 17, 15, 97, 90, 45],
    [8, 8, 11, 86, 115, 47],
    [22, 41, 9, 91, 94, 55],
    [15, 18, 14, 87, 82, 38],
    [14, 12, 31, 141, 211, 88],
    [3, 7, 12, 56, 93, 45],
    [11, 7, 19, 79, 117, 38],
    [5, 13, 6, 56, 95, 29],
    [10, 24, 7, 86, 89, 33],
    [8, 17, 3, 81, 82, 28],
    [89, 154, 131, 464, 936, 397]
  ],
  "method": "mcmc",
  "mcmc_stepsize": 3000,
  "mcmc_samples": 1000,
  "burn_in": 10000,
  "cond_prob": [
    [
      [0.19999999998, 1.4414575257e-10, 0.099999999868, 0.20000000013, 0.49999999988, 0],
      [0.11764705898, 0.11764705867, 0.058823529514, 0.23529411778, 0.47058823506, 0],
      [1.8689885461e-11, 1.0889031141e-10, 0.26666666656, 0.26666666643, 0.46666666689, 0],
      [0.045454545451, 0.034090909148, 0.10227272736, 0.29545454541, 0.52272727263, 0],
      [0.048192771061, 0.036144578272, 0.10240963848, 0.28313253017, 0.53012048202, 0],
      [0.037037037065, 0.037037037062, 0.092592592716, 0.25925925918, 0.57407407398, 0]
    ],
    [
      [0.20000000004, 1.8789080737e-11, 0.066666666648, 0.19999999998, 0.53333333331, 7.6799679728e-26],
      [7.6385216907e-11, 0.27272727268, 0.090909090884, 0.18181818192, 0.45454545444, 6.0756117276e-19],
      [0.043478260857, 2.4400580575e-11, 0.21739130432, 0.21739130436, 0.52173913043, 2.5647605331e-16],
      [0.045977011494, 0.034482758611, 0.10344827585, 0.28735632183, 0.52873563222, 3.0792662119e-16],
      [0.052631578938, 0.035087719303, 0.11111111113, 0.26315789473, 0.5380116959, 3.2889291599e-16],
      [0.045454545467, 0.022727272721, 0.090909090896, 0.25000000003, 0.56818181816, 0.022727272727]
    ],
    [
      [0.2, 9.3163010263e-13, 0.1, 0.2, 0.5, 1.7486891206e-23],
      [0.13333333333, 0.066666666667, 0.13333333333, 0.2, 0.46666666667, 3.9614466897e-14],
      [1.1645839455e-13, 0.16666666667, 0.11111111111, 0.22222222222, 0.5, 2.4977012062e-21],
      [0.037974683544, 0.06329113924, 0.16455696203, 0.24050632911, 0.49367088608, 1.4684525738e-23],
      [0.046357615894, 0.059602649007, 0.13907284768, 0.24503311258, 0.50993377483, 4.2865174828e-19],
      [0.047619047619, 0.047619047619, 0.14285714286, 0.22222222222, 0.50793650794, 0.031746031746]
    ],
    [
      [0.24999999522, 1.259953227e-09, 6.5903495325e-09, 0.24999985584, 0.50000014109, 0],
      [0.24999975988, 4.7114901785e-07, 3.8250023441e-07, 0.24999962101, 0.49999976547, 0],
      [0.06451610494, 0.064516099133, 0.12903238176, 0.25806433907, 0.4838710751, 0],
      [0.031250045437, 0.062500043306, 0.15625005709, 0.24999996733, 0.49999988684, 0],
      [0.039215673587, 0.039215658045, 0.15686273751, 0.26797387015, 0.49673206071, 0],
      [0.039215701172, 0.039215697741, 0.13725474739, 0.25490210861, 0.52941174509, 0]
    ],
    [
      [0.28571383773, 2.400570711e-07, 7.8881011073e-09, 0.28571473151, 0.42857118281, 0],
      [7.5665842067e-08, 0.24999955672, 1.0150396368e-10, 0.24999974797, 0.50000061954, 0],
      [3.1099857652e-07, 4.5354695915e-07, 0.20000045217, 0.3000002449, 0.49999853838, 0],
      [0.024999955166, 0.062500085462, 0.07499993332, 0.32499988058, 0.51250014547, 0],
      [0.033783805656, 0.067567542231, 0.067567540964, 0.31756766034, 0.51351345081, 0],
      [0.033898296059, 0.06779654265, 0.06779668972, 0.30508463183, 0.52542383974, 0]
    ],
    [
      [0.13043478261, 0.086956521739, 0.04347826087, 0.26086956522, 0.47826086956, 0],
      [0.088235294118, 0.11764705882, 0.058823529412, 0.23529411765, 0.5, 0],
      [0.04, 0.12, 0.12, 0.24, 0.48, 0],
      [0.057553956834, 0.086330935252, 0.079136690647, 0.26618705036, 0.51079136691, 0],
      [0.056768558952, 0.087336244542, 0.07423580786, 0.26637554585, 0.51528384279, 0],
      [0.05376344086, 0.086021505376, 0.075268817204, 0.25806451613, 0.52688172043, 0]
    ],
    [
      [0.33333332856, 1.2470197028e-10, 7.2689627557e-09, 0.22222221745, 0.44444444659, 0],
      [0.083333331708, 0.16666667365, 0.083333333349, 0.24999999634, 0.41666666495, 0],
      [0.035714287488, 0.10714285859, 0.14285714202, 0.28571428863, 0.42857142328, 0],
      [0.056818182277, 0.079545453061, 0.11363636313, 0.30681818254, 0.44318181899, 0],
      [0.066666666352, 0.080000000301, 0.10000000012, 0.29999999965, 0.45333333358, 0],
      [0.0588235297, 0.073529411177, 0.10294117625, 0.27941176463, 0.48529411825, 0]
    ],
    [
      [0.15789473719, 0.052631578942, 0.15789473666, 0.21052631591, 0.42105263131, 6.2868414713e-22],
      [0.066666666568, 0.19999999967, 0.13333333312, 0.20000000033, 0.40000000031, 7.7216684543e-16],
      [0.062499999894, 1.1273845088e-10, 0.31250000043, 0.24999999987, 0.3749999997, 5.9158972293e-16],
      [0.088888888791, 0.044444444459, 0.16666666688, 0.26666666643, 0.43333333344, 2.6653836024e-19],
      [0.089552238846, 0.052238806022, 0.17164179094, 0.24626865676, 0.44029850743, 4.8209761666e-23],
      [0.083333333333, 0.049999999917, 0.16666666657, 0.23333333349, 0.45000000002, 0.016666666667]
    ],
    [
      [0.25000000272, 5.1048519861e-09, 0.083333332476, 0.24999999282, 0.41666666688, 0],
      [0.1666666579, 0.33333333231, 2.4491112151e-09, 0.16666667358, 0.33333333377, 0],
      [0.062499997099, 0.062499997592, 0.12499999729, 0.28124999834, 0.46875000968, 0],
      [0.051948053394, 0.02597402554, 0.12987013094, 0.29870129646, 0.49350649367, 0],
      [0.058394160115, 0.029197079363, 0.10948905101, 0.29927007415, 0.50364963536, 0],
      [0.044444445905, 0.022222226279, 0.11111111137, 0.28888889138, 0.53333332507, 0]
    ],
    [
      [0.33333333333, 3.694978673e-14, 6.3026438981e-13, 0.22222222222, 0.44444444444, 2.2499102886e-24],
      [0.05, 0.2, 0.1, 0.25, 0.4, 8.064631083e-20],
      [0.055555555556, 0.055555555556, 0.16666666667, 0.27777777778, 0.44444444444, 3.1271015786e-19],
      [0.076923076923, 0.076923076923, 0.10256410256, 0.30769230769, 0.4358974359, 9.2750635661e-17],
      [0.072072072072, 0.072072072072, 0.099099099099, 0.2972972973, 0.45945945946, 2.4089160732e-18],
      [0.076923076923, 0.076923076923, 0.096153846154, 0.28846153846, 0.44230769231, 0.019230769231]
    ],
    [
      [0.1875, 3.5934949703e-18, 0.0625, 0.25, 0.5, 0],
      [0.058823529412, 0.11764705882, 0.058823529412, 0.23529411765, 0.52941176471, 0],
      [0.041666666667, 0.041666666667, 0.125, 0.25, 0.54166666667, 0],
      [0.055118110236, 0.03937007874, 0.10236220472, 0.25984251969, 0.54330708661, 0],
      [0.059071729958, 0.037974683544, 0.092827004219, 0.25738396624, 0.55274261603, 0],
      [0.059523809524, 0.035714285714, 0.083333333333, 0.25, 0.57142857143, 0]
    ],
    [
      [0.27272727273, 6.3661595011e-16, 0.090909090909, 0.18181818182, 0.45454545455, 0],
      [1.0283154112e-15, 0.1875, 0.125, 0.1875, 0.5, 0],
      [0.03125, 0.03125, 0.15625, 0.25, 0.53125, 0],
      [0.045871559633, 0.045871559633, 0.11926605505, 0.25688073394, 0.53211009174, 0],
      [0.045045045045, 0.04954954955, 0.12162162162, 0.23873873874, 0.54504504505, 0],
      [0.046511627907, 0.046511627907, 0.11627906977, 0.23255813953, 0.55813953488, 0]
    ],
    [
      [0.23076923077, 4.3160840175e-20, 0.076923076923, 0.23076923077, 0.46153846154, 8.3902369021e-30],
      [0.04347826087, 0.17391304348, 0.13043478261, 0.21739130435, 0.4347826087, 8.3921364023e-22],
      [0.058823529412, 0.088235294118, 0.17647058824, 0.23529411765, 0.44117647059, 6.9696865609e-25],
      [0.070707070707, 0.060606060606, 0.14141414141, 0.26262626263, 0.46464646465, 3.6334156069e-25],
      [0.069518716578, 0.069518716578, 0.13903743316, 0.2513368984, 0.47058823529, 2.8465126873e-25],
      [0.072164948454, 0.061855670103, 0.13402061856, 0.23711340206, 0.47422680412, 0.020618556701]
    ],
    [
      [0.17647058824, 0.11764705882, 1.6437269298e-17, 0.23529411765, 0.47058823529, 1.0853378423e-28],
      [0.074074074074, 0.14814814815, 0.037037037037, 0.22222222222, 0.51851851852, 1.693449382e-23],
      [0.05, 0.1, 0.15, 0.2, 0.5, 1.4028309588e-27],
      [0.077669902913, 0.097087378641, 0.04854368932, 0.25242718447, 0.52427184466, 8.2987571377e-19],
      [0.075757575758, 0.10101010101, 0.050505050505, 0.23737373737, 0.53535353535, 1.7111450593e-17],
      [0.077922077922, 0.090909090909, 0.051948051948, 0.23376623377, 0.53246753247, 0.012987012987]
    ],
    [
      [0.18750000053, 0.062500000165, 0.062499999917, 0.24999999949, 0.43749999989, 0],
      [0.11111111106, 0.11111111145, 0.05555555549, 0.27777777747, 0.44444444453, 0],
      [0.052631579159, 0.15789473652, 0.10526315767, 0.26315789537, 0.42105263129, 0],
      [0.067567567511, 0.081081081131, 0.094594594688, 0.2972972973, 0.45945945937, 0],
      [0.067226890748, 0.075630251979, 0.075630252025, 0.31932773112, 0.46218487413, 0],
      [0.062499999867, 0.06250000017, 0.062500000185, 0.29166666664, 0.52083333313, 0]
    ],
    [
      [0.16000000002, 0.080000000044, 0.079999999991, 0.27999999992, 0.40000000003, 0],
      [0.10526315785, 0.13157894741, 0.078947368392, 0.28947368419, 0.39473684216, 0],
      [0.081632653066, 0.12244897959, 0.12244897961, 0.2857142857, 0.38775510203, 0],
      [0.09016393445, 0.10655737703, 0.10655737705, 0.29508196721, 0.40163934426, 0],
      [0.094339622626, 0.10062893082, 0.094339622657, 0.30817610066, 0.40251572324, 0],
      [0.087719298252, 0.1052631579, 0.087719298219, 0.28070175436, 0.43859649127, 0]
    ],
    [
      [0.13636363639, 0.090909090887, 0.090909090887, 0.31818181815, 0.36363636369, 0],
      [0.12499999999, 0.093750000045, 0.093749999985, 0.31250000002, 0.37499999996, 0],
      [0.079999999995, 0.12, 0.10000000003, 0.31999999997, 0.38000000001, 0],
      [0.089430894311, 0.097560975623, 0.10569105691, 0.32520325206, 0.3821138211, 0],
      [0.089430894303, 0.097560975592, 0.089430894299, 0.33333333333, 0.39024390247, 0],
      [0.081395348846, 0.093023255808, 0.093023255828, 0.32558139533, 0.40697674419, 0]
    ],
    [
      [0.17647058824, 0.058823529412, 0.058823529412, 0.23529411765, 0.47058823529, 9.7838134071e-35],
      [0.041666666667, 0.20833333333, 0.083333333333, 0.20833333333, 0.45833333333, 1.2574631813e-23],
      [0.050847457627, 0.10169491525, 0.1186440678, 0.23728813559, 0.49152542373, 2.2600024099e-29],
      [0.06, 0.11, 0.1, 0.24, 0.49, 5.1230605909e-27],
      [0.058536585366, 0.10731707317, 0.087804878049, 0.24390243902, 0.50243902439, 1.949265787e-28],
      [0.058252427184, 0.1067961165, 0.087378640777, 0.23300970874, 0.50485436893, 0.0097087378641]
    ],
    [
      [0.15, 0.05, 0.1, 0.25, 0.45, 7.523121119e-30],
      [0.11764705882, 0.17647058824, 0.058823529412, 0.23529411765, 0.41176470588, 6.3263363239e-25],
      [0.071428571429, 0.047619047619, 0.14285714286, 0.28571428571, 0.45238095238, 1.2420296789e-27],
      [0.073170731707, 0.048780487805, 0.12195121951, 0.30081300813, 0.45528455285, 1.4423635174e-21],
      [0.075581395349, 0.052325581395, 0.11046511628, 0.3023255814, 0.45930232558, 2.3141437558e-27],
      [0.073394495413, 0.045871559633, 0.11009174312, 0.28440366972, 0.47706422018, 0.0091743119266]
    ],
    [
      [0.19047619048, 0.047619047619, 0.095238095238, 0.23809523809, 0.42857142857, 0],
      [9.0296829949e-14, 0.23076923077, 0.15384615385, 0.23076923077, 0.38461538462, 0],
      [0.058823529412, 0.029411764706, 0.20588235294, 0.26470588235, 0.44117647059, 0],
      [0.071428571429, 0.047619047619, 0.11904761905, 0.30952380952, 0.45238095238, 0],
      [0.074829931973, 0.047619047619, 0.12244897959, 0.28571428571, 0.4693877551, 0],
      [0.072916666667, 0.052083333333, 0.125, 0.27083333333, 0.47916666667, 0]
    ],
    [
      [0.14814814815, 0.037037037037, 0.074074074074, 0.25925925926, 0.48148148148, 8.193062921e-33],
      [0.090909090909, 0.13636363636, 0.090909090909, 0.22727272727, 0.45454545455, 5.5868095355e-24],
      [0.074074074074, 0.074074074074, 0.11111111111, 0.25925925926, 0.48148148148, 7.4443533847e-30],
      [0.086614173228, 0.062992125984, 0.094488188976, 0.26771653543, 0.48818897638, 4.4436965555e-30],
      [0.087179487179, 0.066666666667, 0.087179487179, 0.26666666667, 0.49230769231, 2.6721089615e-25],
      [0.081818181818, 0.063636363636, 0.090909090909, 0.25454545455, 0.5, 0.0090909090909]
    ],
    [
      [0.42857064816, 2.8811058273e-10, 1.1692064573e-06, 0.14285675951, 0.42857142283, 0],
      [6.0147673242e-09, 0.2499993168, 6.8607851945e-07, 0.2499993152, 0.5000006759, 0],
      [0.034482759317, 0.068965422861, 0.13793112798, 0.27586178624, 0.4827589036, 0],
      [0.037735747439, 0.037735849245, 0.13207562603, 0.30188684361, 0.49056593367, 0],
      [0.046729047876, 0.046729022736, 0.1028036107, 0.29906562413, 0.50467269456, 0],
      [0.043956073424, 0.043956044232, 0.10989002017, 0.27472515526, 0.52747270692, 0]
    ],
    [
      [0.39999816662, 9.7080870099e-08, 1.8582701301e-06, 0.19999922696, 0.40000065107, 0],
      [4.704235984e-08, 0.33333170816, 0.33333306845, 3.409880432e-07, 0.33333483536, 0],
      [0.030303191662, 0.03030320185, 0.12121207954, 0.27272662625, 0.5454549007, 0],
      [0.035714327241, 0.035714182849, 0.071428972295, 0.30952388049, 0.54761863712, 0],
      [0.036144661287, 0.036144594375, 0.078313077096, 0.28313256996, 0.56626509728, 0],
      [0.035293958107, 0.035294172982, 0.082352804796, 0.28235307765, 0.56470598646, 0]
    ],
    [
      [0.66666636605, 7.8052727944e-10, 2.9684694812e-07, 2.9845458008e-07, 0.33333303786, 2.8911589031e-21],
      [1.315750156e-07, 0.28571390007, 1.3287028213e-09, 0.28571479991, 0.42857116712, 4.1324511589e-16],
      [9.4034758942e-08, 2.3719226854e-07, 0.21052598476, 0.31578923815, 0.47368444586, 1.4557039603e-15],
      [0.042253521135, 0.042253596773, 0.084507004389, 0.33802816876, 0.49295770894, 8.9337619445e-16],
      [0.038759648037, 0.038759655444, 0.093023283624, 0.3255815065, 0.5038759064, 7.9659546945e-14],
      [0.04285719424, 0.04285710382, 0.085714349866, 0.31428550943, 0.50000012836, 0.014285714286]
    ],
    [
      [0.25000000004, 1.0907301832e-11, 0.083333333364, 0.24999999996, 0.41666666663, 0],
      [0.055555555556, 0.16666666671, 0.11111111107, 0.27777777768, 0.38888888899, 0],
      [0.047619047631, 0.14285714281, 0.19047619053, 0.23809523816, 0.38095238086, 0],
      [0.050632911395, 0.075949367098, 0.17721518987, 0.27848101264, 0.41772151899, 0],
      [0.054263565893, 0.077519379835, 0.1472868217, 0.29457364342, 0.42635658916, 0],
      [0.058823529396, 0.073529411774, 0.14705882354, 0.27941176472, 0.44117647057, 0]
    ],
    [
      [0.14285714286, 0.095238095238, 0.047619047619, 0.28571428571, 0.42857142857, 0],
      [0.071428571429, 0.14285714286, 0.071428571429, 0.28571428571, 0.42857142857, 0],
      [0.081081081081, 0.054054054054, 0.13513513514, 0.2972972973, 0.43243243243, 0],
      [0.07874015748, 0.062992125984, 0.10236220472, 0.31496062992, 0.44094488189, 0],
      [0.08125, 0.0625, 0.0875, 0.33125, 0.4375, 0],
      [0.075, 0.0625, 0.0875, 0.3125, 0.4625, 0]
    ],
    [
      [0.66666651298, 2.6187601938e-07, 1.5156889897e-08, 4.2726349946e-12, 0.33333320998, 3.1870317007e-23],
      [0.06250002028, 0.18749998255, 0.062500023128, 0.24999995945, 0.43750001459, 2.3667413636e-16],
      [3.7004498605e-08, 0.10000005778, 0.15000002533, 0.29999997209, 0.4499999078, 9.3432885228e-17],
      [0.04054054054, 0.067567553181, 0.10810808565, 0.32432431871, 0.45945950192, 6.4935042582e-18],
      [0.042372877835, 0.076271182534, 0.10169491289, 0.32203390457, 0.45762712217, 1.3461466645e-16],
      [0.032258061483, 0.064516126832, 0.096774209985, 0.30645162714, 0.4838709423, 0.016129032258]
    ],
    [
      [0.15789473684, 0.052631578947, 0.052631578947, 0.26315789474, 0.47368421053, 0],
      [0.096774193548, 0.12903225806, 0.064516129032, 0.25806451613, 0.45161290323, 0],
      [0.0625, 0.125, 0.125, 0.25, 0.4375, 0],
      [0.08, 0.09, 0.07, 0.29, 0.47, 0],
      [0.078212290503, 0.08938547486, 0.067039106145, 0.2905027933, 0.4748603352, 0],
      [0.070422535211, 0.084507042254, 0.056338028169, 0.28169014085, 0.50704225352, 0]
    ],
    [
      [0.16, 0.08, 0.08, 0.28, 0.4, 3.5576074427e-30],
      [0.09375, 0.15625, 0.0625, 0.28125, 0.40625, 1.3916537492e-25],
      [0.083333333333, 0.055555555556, 0.16666666667, 0.27777777778, 0.41666666667, 3.151482928e-20],
      [0.099290780142, 0.078014184397, 0.085106382979, 0.31205673759, 0.42553191489, 9.2114650512e-32],
      [0.1, 0.078947368421, 0.084210526316, 0.30526315789, 0.43157894737, 4.0133504844e-30],
      [0.097087378641, 0.077669902913, 0.087378640777, 0.29126213592, 0.43689320388, 0.0097087378641]
    ],
    [
      [0.23076923076, 4.4970128795e-12, 0.076923076923, 0.30769230769, 0.38461538462, 0],
      [0.062500000007, 0.062500000002, 0.125, 0.31250000001, 0.43749999999, 0],
      [0.034482758626, 0.13793103448, 0.10344827586, 0.31034482758, 0.41379310345, 0],
      [0.053435114503, 0.045801526718, 0.13740458015, 0.32061068702, 0.4427480916, 0],
      [0.049382716049, 0.043209876542, 0.12962962963, 0.33333333334, 0.44444444445, 0],
      [0.049999999999, 0.04, 0.12, 0.32, 0.47, 0]
    ],
    [
      [0.49999999684, 7.1410709989e-12, 4.2855621546e-10, 0.24999999856, 0.25000000417, 2.1574630785e-24],
      [4.187025805e-09, 0.14285714179, 0.14285714286, 0.28571428284, 0.42857142832, 1.1342120804e-14],
      [0.030303030024, 0.090909091033, 0.15151515148, 0.30303030389, 0.42424242358, 9.0134774117e-18],
      [0.03658536614, 0.036585366007, 0.15853658534, 0.34146341333, 0.42682926918, 1.9363673508e-15],
      [0.038461538374, 0.038461538583, 0.14423076923, 0.34615384636, 0.43269230746, 1.3556642268e-17],
      [0.035714285325, 0.035714285325, 0.14285714289, 0.32142857292, 0.44642857069, 0.017857142857]
    ],
    [
      [0.16666666667, 0.083333333334, 0.083333333333, 0.16666666667, 0.5, 1.9352732284e-24],
      [4.4529255532e-15, 0.22222222222, 0.11111111111, 0.22222222222, 0.44444444444, 5.5431447176e-22],
      [0.037037037037, 0.037037037037, 0.18518518519, 0.22222222222, 0.51851851852, 6.7717761731e-25],
      [0.037037037037, 0.037037037037, 0.13580246914, 0.25925925926, 0.53086419753, 1.0238075656e-21],
      [0.042328042328, 0.037037037037, 0.13227513228, 0.2328042328, 0.55555555556, 1.3199828544e-21],
      [0.041095890411, 0.027397260274, 0.12328767123, 0.23287671233, 0.54794520548, 0.027397260274]
    ],
    [
      [0.18750000009, 3.4527022006e-11, 0.062500000054, 0.24999999989, 0.49999999993, 0],
      [0.16666666668, 0.1666666666, 1.6809203427e-10, 0.1666666666, 0.49999999994, 0],
      [0.055555555541, 0.055555555546, 0.11111111117, 0.24999999994, 0.5277777778, 0],
      [0.059701492552, 0.014925373131, 0.14925373133, 0.25373134332, 0.52238805967, 0],
      [0.066666666663, 0.022222222221, 0.12592592589, 0.2592592593, 0.52592592593, 0],
      [0.059701492514, 0.014925373141, 0.1194029851, 0.25373134324, 0.55223880601, 0]
    ],
    [
      [0.33333333331, 1.4180375839e-11, 1.1446388594e-13, 0.1111111111, 0.55555555558, 0],
      [6.6944150817e-12, 0.15789473683, 0.10526315793, 0.15789473684, 0.5789473684, 0],
      [0.032258064516, 0.032258064533, 0.16129032257, 0.1935483871, 0.58064516128, 0],
      [0.041666666661, 0.041666666665, 0.097222222233, 0.23611111111, 0.58333333334, 0],
      [0.045918367349, 0.040816326529, 0.10204081632, 0.20918367348, 0.60204081632, 0],
      [0.044117647061, 0.044117647061, 0.10294117647, 0.20588235292, 0.60294117649, 0]
    ],
    [
      [0.20833333333, 0.041666666667, 0.041666666667, 0.25, 0.45833333333, 6.8224547287e-29],
      [0.055555555556, 0.22222222222, 0.055555555556, 0.22222222222, 0.44444444444, 3.8571215421e-23],
      [0.0625, 1.0690715192e-16, 0.25, 0.25, 0.4375, 5.9537461503e-20],
      [0.096153846154, 0.057692307692, 0.057692307692, 0.29807692308, 0.49038461538, 2.9623082157e-20],
      [0.097297297297, 0.059459459459, 0.064864864865, 0.27027027027, 0.50810810811, 7.7776282154e-21],
      [0.089285714286, 0.053571428571, 0.053571428571, 0.26785714286, 0.51785714286, 0.017857142857]
    ],
    [
      [0.20000000001, 0.066666666672, 0.066666666667, 0.26666666666, 0.39999999999, 0],
      [0.068965517237, 0.17241379312, 0.034482758619, 0.31034482758, 0.41379310344, 0],
      [0.035714285717, 0.14285714285, 0.10714285714, 0.32142857143, 0.39285714286, 0],
      [0.069306930691, 0.099009900984, 0.079207920791, 0.32673267327, 0.42574257426, 0],
      [0.069767441862, 0.1007751938, 0.062015503879, 0.34108527131, 0.42635658915, 0],
      [0.057142857142, 0.1, 0.057142857142, 0.32857142858, 0.45714285714, 0]
    ],
    [
      [0.17142857143, 0.028571428571, 0.057142857141, 0.25714285714, 0.48571428572, 0],
      [0.0625, 0.125, 0.062500000004, 0.25, 0.49999999999, 0],
      [0.090909090912, 0.13636363636, 0.045454545459, 0.22727272727, 0.5, 0],
      [0.1, 0.049999999999, 0.075, 0.275, 0.5, 0],
      [0.097701149425, 0.051724137931, 0.063218390804, 0.28735632184, 0.5, 0],
      [0.09090909091, 0.051948051948, 0.064935064935, 0.25974025974, 0.53246753246, 0]
    ],
    [
      [0.19999999999, 3.5632485643e-13, 0.06666666669, 0.26666666664, 0.46666666668, 0],
      [4.2522850131e-12, 0.16666666667, 0.083333333351, 0.24999999999, 0.49999999998, 0],
      [0.043478260865, 0.086956521739, 0.13043478262, 0.26086956523, 0.47826086954, 0],
      [0.057471264367, 0.034482758623, 0.12643678161, 0.28735632184, 0.49425287356, 0],
      [0.054878048782, 0.036585365851, 0.097560975609, 0.30487804878, 0.50609756098, 0],
      [0.057471264368, 0.034482758623, 0.091954022981, 0.28735632184, 0.52873563219, 0]
    ],
    [
      [0.98734065311, 1.4604369574e-06, 0.0093233981226, 0.0029259019101, 0.00040858642491, 4.1249566799e-17],
      [0.98995103435, 0.00024045341207, 4.554535026e-06, 3.694752431e-06, 0.0097993944313, 8.6851842412e-07],
      [0.00048433829661, 0.10624095223, 0.036386208074, 0.21456716721, 0.64232133418, 3.116357466e-12],
      [0.019845177446, 0.00025132505061, 0.11529930453, 0.23000802045, 0.63459616759, 4.9350279954e-09],
      [0.026361941354, 0.013260589123, 0.059438203949, 0.24468569664, 0.65625356715, 1.7827094746e-09],
      [0.022648737923, 0.00021803553502, 0.045480127036, 0.22911891966, 0.67980693881, 0.022727241036]
    ],
    [
      [0.49999310145, 2.2773697844e-06, 4.6206303457e-06, 0.24999778744, 0.25000221311, 0],
      [6.8963742467e-08, 0.49999076371, 1.3540647434e-05, 0.2499955668, 0.25000005988, 0],
      [0.051281579537, 0.025641493171, 0.1794860193, 0.28205198213, 0.46153892586, 0],
      [0.053333941399, 0.013333931433, 0.17333236348, 0.29333402825, 0.46666573543, 0],
      [0.057142844912, 0.021428313757, 0.14999974674, 0.29285727892, 0.47857181566, 0],
      [0.056603807996, 0.018867939974, 0.15094492069, 0.28301751155, 0.49056581979, 0]
    ],
    [
      [0.66657156607, 9.1964897994e-09, 6.2599602753e-08, 9.5062862534e-05, 0.33333329927, 0],
      [0.099971813409, 0.19999995434, 0.10005677201, 0.19997175692, 0.39999970332, 0],
      [0.040034071053, 1.138057373e-05, 0.23997731672, 0.2400000513, 0.47997718035, 0],
      [0.056330030253, 0.028169019389, 0.14083305357, 0.28167416677, 0.49299373002, 0],
      [0.055999982133, 0.023999988907, 0.13601133843, 0.28800226719, 0.49598642334, 0],
      [0.040822152586, 0.020402386218, 0.12243745034, 0.26532340247, 0.55101460839, 0]
    ],
    [
      [0.15789473684, 0.052631578947, 0.052631578947, 0.26315789474, 0.47368421053, 1.5670421493e-27],
      [0.055555555556, 0.16666666667, 0.055555555556, 0.27777777778, 0.44444444444, 6.7314512218e-22],
      [0.04, 0.04, 0.16, 0.28, 0.48, 2.9591448382e-24],
      [0.063829787234, 0.053191489362, 0.095744680851, 0.3085106383, 0.47872340426, 1.6726927928e-20],
      [0.063829787234, 0.056737588653, 0.09219858156, 0.29787234043, 0.48936170213, 8.1852366425e-21],
      [0.054545454546, 0.054545454545, 0.090909090909, 0.29090909091, 0.49090909091, 0.018181818182]
    ],
    [
      [0.16666666259, 0.16666666911, 1.7294053823e-09, 0.16666666919, 0.49999999739, 0],
      [4.8639527721e-10, 0.39999999777, 4.1947661386e-09, 0.19999999472, 0.40000000283, 0],
      [0.026315790442, 9.3939033786e-10, 0.13157894666, 0.26315788981, 0.57894737214, 0],
      [0.029702969796, 0.01980197966, 0.089108910347, 0.26732673455, 0.59405940565, 0],
      [0.031249999801, 0.022321428668, 0.08035714277, 0.26785714327, 0.59821428549, 0],
      [0.028571429721, 0.014285714193, 0.071428572427, 0.25714285595, 0.62857142771, 0]
    ],
    [
      [0.15384615516, 0.15384615539, 3.5613167755e-10, 0.30769230463, 0.38461538446, 0],
      [0.058823530745, 0.1176470603, 0.05882353075, 0.35294117214, 0.41176470607, 0],
      [0.066666668139, 0.066666671038, 0.13333333145, 0.33333333293, 0.39999999644, 0],
      [0.061855670619, 0.072164948525, 0.041237113772, 0.3917525775, 0.43298968959, 0],
      [0.066666665707, 0.077777777204, 0.044444443808, 0.37777777686, 0.43333333642, 0],
      [0.066666666101, 0.066666665198, 0.044444444939, 0.35555555966, 0.4666666641, 0]
    ],
    [
      [0.37500033258, 2.7867008598e-06, 1.7239308793e-08, 0.2500005161, 0.37499634738, 0],
      [1.0629529807e-06, 0.37499380016, 3.4285445828e-08, 0.25000026886, 0.37500483374, 0],
      [2.0478625913e-07, 1.0102198423e-06, 0.27272522199, 0.2727304197, 0.4545431433, 0],
      [0.058139578736, 0.046511568028, 0.069767853904, 0.3604648399, 0.46511615944, 0],
      [0.052173385632, 0.043478545268, 0.060869633885, 0.38260841812, 0.46087001709, 0],
      [0.042554116258, 0.042552949712, 0.063829336454, 0.34042584656, 0.51063775102, 0]
    ],
    [
      [0.18181818201, 0.13636363618, 0.045454545549, 0.31818181828, 0.31818181799, 0],
      [0.12195121931, 0.19512195142, 0.048780487906, 0.31707317078, 0.31707317058, 0],
      [2.3101365748e-10, 0.3333333331, 0.11111111134, 0.22222222222, 0.3333333331, 0],
      [0.098901098742, 0.17582417573, 0.065934065888, 0.32967032997, 0.32967032967, 0],
      [0.09574468105, 0.17021276596, 0.053191489251, 0.35106382954, 0.3297872342, 0],
      [0.090909090871, 0.16363636375, 0.054545454659, 0.32727272712, 0.3636363636, 0]
    ],
    [
      [0.19999999974, 0.066666666567, 0.066666666701, 0.33333333321, 0.33333333378, 0],
      [0.055555556217, 0.16666666653, 0.11111111086, 0.33333333416, 0.33333333222, 0],
      [0.071428571465, 0.071428571276, 0.14285714268, 0.35714285712, 0.35714285746, 0],
      [0.080459770046, 0.080459770074, 0.068965517239, 0.39080459773, 0.37931034492, 0],
      [0.085365853663, 0.08536585371, 0.060975609851, 0.36585365836, 0.40243902442, 0],
      [0.078947368348, 0.078947368563, 0.052631578917, 0.36842105263, 0.42105263155, 0]
    ],
    [
      [0.21428571429, 1.0027396565e-14, 0.071428571429, 0.28571428571, 0.42857142857, 0],
      [0.083333333333, 0.16666666667, 0.083333333333, 0.25, 0.41666666667, 0],
      [0.064516129032, 0.064516129032, 0.12903225806, 0.29032258065, 0.45161290323, 0],
      [0.063829787234, 0.035460992908, 0.12056737589, 0.31205673759, 0.46808510638, 0],
      [0.0663507109, 0.037914691943, 0.10900473934, 0.31279620853, 0.47393364929, 0],
      [0.068181818182, 0.034090909091, 0.10227272727, 0.29545454545, 0.5, 0]
    ],
    [
      [0.66666962656, 3.8355943654e-08, 4.2346079206e-08, 4.9823814948e-08, 0.33333024291, 1.1262314752e-19],
      [1.1546314974e-08, 0.28571560924, 1.3940137711e-06, 0.28571294479, 0.4285700404, 4.9813389905e-12],
      [7.9184427639e-07, 0.083334108175, 0.24999920072, 0.24999772181, 0.41666817744, 6.5446766537e-13],
      [0.035713948559, 0.053571426251, 0.14285763973, 0.3035709353, 0.46428605016, 1.1019386564e-12],
      [0.032258062685, 0.053763240233, 0.11827946267, 0.30107597037, 0.49462326404, 1.4433838478e-13],
      [0.022222235296, 0.044444446899, 0.11111070785, 0.28888886564, 0.5111115221, 0.02222222222]
    ],
    [
      [0.27272684361, 4.5251510856e-07, 5.0108290669e-07, 0.27272765993, 0.45454454286, 0],
      [0.14285706423, 0.14285784234, 8.3173145872e-07, 0.28571492673, 0.42856933497, 0],
      [0.052631287614, 0.10526311878, 0.10526317452, 0.26315786989, 0.47368454919, 0],
      [0.06329108392, 0.025316589653, 0.11392390079, 0.30379718135, 0.49367124429, 0],
      [0.068376146346, 0.025640897762, 0.085469964518, 0.30769245574, 0.51282053563, 0],
      [0.052631738256, 0.026315664433, 0.078947745773, 0.2894736073, 0.55263124424, 0]
    ],
    [
      [0.39998953807, 5.2493519238e-06, 5.2294229411e-06, 0.20000491647, 0.39999506668, 8.6102785071e-20],
      [4.0273622282e-06, 0.23076732365, 0.076923070309, 0.23076907603, 0.46153650264, 1.152716621e-11],
      [2.6603201641e-07, 0.16666231622, 0.16666687655, 0.16666231835, 0.50000822285, 5.4643942437e-16],
      [0.03571472456, 0.071430840816, 0.12499771689, 0.26785712414, 0.49999959359, 9.1221089403e-13],
      [0.042104987027, 0.084208929758, 0.084211306897, 0.29473713828, 0.49473763802, 1.8813228243e-11],
      [0.034482759132, 0.068967215026, 0.06896642684, 0.24137849761, 0.55172234284, 0.034482758552]
    ],
    [
      [0.30000460033, 0.10000925348, 7.6738223397e-09, 0.29999536997, 0.29999076855, 0],
      [0.041664740738, 0.20834102729, 0.041666673051, 0.33332754886, 0.37500001006, 0],
      [1.0949151032e-08, 0.14285715443, 0.28570770205, 0.28570766921, 0.28572746336, 0],
      [0.046510555996, 0.1395343448, 0.069767977123, 0.34884043541, 0.39534668667, 0],
      [0.044944857511, 0.13483094242, 0.067416767064, 0.34831253324, 0.40449489976, 0],
      [0.030303030551, 0.12120652125, 0.060603259225, 0.33333753149, 0.45454965749, 0]
    ],
    [
      [0.3750001483, 2.0324704808e-08, 2.7097116302e-07, 0.24999998204, 0.37499957836, 1.0295666582e-19],
      [2.8606351564e-07, 0.23529390178, 0.05882342774, 0.2941178594, 0.41176452502, 4.530307231e-12],
      [4.007868464e-09, 4.4760849745e-08, 0.33333279474, 0.33333436388, 0.33333279261, 1.0995868925e-16],
      [0.049382636, 0.098765404799, 0.061728350056, 0.34567905732, 0.44444455182, 1.1364609995e-14],
      [0.048780450134, 0.097561059851, 0.048780526736, 0.34146332959, 0.46341463368, 2.9398017373e-12],
      [0.035714411124, 0.071428524157, 0.035714343912, 0.32142845616, 0.49999997894, 0.035714285703]
    ],
    [
      [0.089887640449, 0.089887640449, 0.067415730337, 0.25842696629, 0.49438202247, 1.0597815815e-88],
      [0.077922077922, 0.097402597403, 0.064935064935, 0.25974025974, 0.5, 6.2281465602e-47],
      [0.068702290076, 0.099236641221, 0.068702290076, 0.25954198473, 0.50381679389, 3.8055552547e-77],
      [0.071120689655, 0.092672413793, 0.071120689655, 0.26077586207, 0.50431034483, 4.7859808757e-68],
      [0.071581196581, 0.092948717949, 0.067307692308, 0.26175213675, 0.50641025641, 2.6227940423e-53],
      [0.070528967254, 0.093198992443, 0.068010075567, 0.25944584383, 0.50377833753, 0.0050377833753]
    ]
  ],
  "expected_outcome": [
    [
      [1.9999999998, 3.0000000006, 2, 0.99999998088, 1.9999968641, 3, 2.9999999571, 3.0000000066, 3.0000000326, 3, 3, 3, 3, 3, 3.0000000085, 4.0000000004, 3.0000000005, 3, 3, 4, 4, 2.9999945371, 1.9999908331, 1.9999990982, 3.0000000004, 3, 1.9999995389, 3, 4, 2.9999999999, 1.9999999874, 2, 3.0000000014, 2.9999999997, 5, 3.0000000001, 6, 2.9999999998, 0.98734065311, 1.9999724058, 1.9997146982, 3, 0.99999997551, 2.000000017, 3.0000026606, 4.0000000042, 2.9999999961, 3, 2.0000088797, 2.9999952798, 1.9999476904, 3.0000460033, 3.0000011864, 8],
      [1.4414575257e-09, 2.8183621106e-10, 9.3163010263e-12, 5.0398129082e-09, 1.6803994977e-06, 2, 1.1223177325e-09, 0.99999999989, 6.1258223833e-08, 3.3254808057e-13, 5.7495919525e-17, 7.0027754512e-15, 5.6109092227e-19, 2, 1.0000000026, 2.0000000011, 1.9999999995, 1, 1, 1, 1, 2.0167740791e-09, 4.8540435049e-07, 2.3415818383e-09, 1.3088762198e-10, 2, 7.8562805814e-07, 1, 2, 5.8461167434e-11, 2.8564283996e-11, 1, 5.5243235209e-10, 1.2762338255e-10, 1, 1.0000000001, 0.99999999999, 5.3448728464e-12, 1.4604369574e-06, 9.1094791376e-06, 2.7589469398e-08, 1, 1.0000000146, 2.0000000201, 2.2293606879e-05, 2.9999999959, 0.99999999851, 1.4038355191e-13, 1.1506783096e-07, 4.9776661942e-06, 2.6246759619e-05, 1.0000925348, 1.6259763846e-07, 8],
      [0.99999999868, 0.99999999972, 1, 2.636139813e-08, 5.5216707751e-08, 1, 6.5420664801e-08, 2.9999999965, 0.99999998971, 5.6723795082e-12, 1, 1, 1, 2.7943357807e-16, 0.99999999867, 1.9999999998, 1.9999999995, 1, 2, 2, 2, 8.1844452013e-06, 9.2913506503e-06, 8.9054084436e-07, 1.0000000004, 1, 4.5470669692e-08, 1, 2, 0.99999999999, 1.7142248618e-09, 1, 1.0000000009, 1.0301749734e-12, 1, 1, 1.9999999999, 1.0000000003, 0.0093233981226, 1.8482521383e-05, 1.8779880826e-07, 1, 1.0376432294e-08, 4.6297118081e-09, 1.3791447035e-07, 1.0000000021, 1.0000000005, 1, 1.2703823762e-07, 5.5119119736e-06, 2.6147114705e-05, 7.6738223397e-08, 2.1677693041e-06, 6],
      [2.0000000013, 2.9999999997, 2, 0.99999942336, 2.0000031206, 6, 1.9999999571, 4.0000000022, 2.9999999139, 2, 4, 2, 3, 4, 3.9999999919, 6.9999999981, 6.9999999993, 4, 5, 5, 7, 0.99999731659, 0.99999613481, 8.9536374023e-07, 2.9999999996, 6, 1.2817904984e-11, 5, 7, 4, 0.99999999423, 2, 3.9999999982, 0.99999999987, 6, 3.9999999999, 9, 3.9999999997, 0.0029259019101, 0.99999114976, 0.0002851885876, 5, 1.0000000152, 3.9999999602, 2.0000041288, 7.0000000021, 4.9999999982, 4, 1.4947144485e-07, 3.0000042592, 1.0000245824, 2.9999536997, 1.9999998563, 23],
      [4.9999999988, 7.9999999997, 5, 2.0000005644, 2.9999982797, 11, 4.0000000193, 7.9999999948, 5.0000000025, 4, 8, 5, 6, 8, 6.9999999983, 10.0000000007, 8.0000000012, 8, 9, 9, 13, 2.9999999598, 2.0000032553, 0.99999911359, 4.9999999995, 9, 0.99999962995, 9, 10, 5, 1.0000000167, 6, 7.9999999989, 5.0000000003, 11, 5.9999999998, 17.0000000001, 7.0000000002, 0.00040858642491, 1.0000088524, 0.99999989781, 9, 2.9999999843, 4.999999998, 2.999970779, 6.9999999958, 5.0000000067, 6, 0.99999072873, 4.9999899715, 1.9999753334, 2.9999076855, 2.9999966269, 44],
      [0, 1.1519951959e-24, 1.7486891206e-22, 0, 0, 0, 0, 1.1944998796e-20, 0, 2.0249192598e-23, 0, 0, 1.0907307973e-28, 1.8450743319e-27, 0, 0, 0, 1.6632482792e-33, 1.5046242238e-28, 0, 2.2121269887e-31, 0, 0, 8.6734767092e-21, 0, 0, 9.5610951021e-23, 0, 8.8940186068e-29, 0, 8.6298523138e-24, 2.3223278741e-23, 0, 0, 1.6373891349e-27, 0, 0, 0, 4.1249566799e-17, 0, 0, 2.9773800836e-26, 0, 0, 0, 0, 0, 0, 3.3786944255e-19, 0, 4.3051392535e-19, 0, 8.236533266e-19, 9.4320560753e-87]
    ],
    [
      [2.0000000026, 8.4023738598e-10, 2, 0.9999990395, 9.0799010481e-07, 3, 0.99999998049, 0.99999999852, 0.99999994738, 1, 1, 1.645304658e-14, 1, 2, 1.999999999, 3.9999999985, 3.9999999995, 1, 2, 1.1738587893e-12, 2, 2.4059069297e-08, 1.4112707952e-07, 9.2102510917e-07, 1, 2, 1.0000003245, 3, 3, 1.0000000001, 2.9309180635e-08, 4.0076329979e-14, 1.0000000001, 1.2719388655e-10, 1, 1.9999999999, 0.99999999999, 5.1027420157e-11, 0.98995103435, 2.7585496987e-07, 0.99971813409, 1, 2.431976386e-09, 1.0000000227, 8.5036238453e-06, 4.9999999917, 1.0000000119, 1, 8.0824204818e-08, 0.99999944962, 5.2355708967e-05, 0.99995377771, 4.8630797658e-06, 12],
      [1.9999999973, 2.9999999994, 1, 1.8845960714e-06, 2.9999946806, 4, 2.0000000838, 2.999999995, 1.9999999939, 4, 2, 3, 4, 4, 2.0000000062, 5.0000000016, 3.0000000014, 5, 3, 3, 3, 0.99999726722, 0.99999512447, 1.9999973005, 3.0000000007, 4, 2.9999997209, 4, 5, 1, 0.99999999252, 2, 0.99999999963, 2.9999999997, 4, 5.0000000004, 2, 2.0000000001, 0.00024045341207, 1.9999630548, 1.9999995434, 3, 1.9999999888, 2.0000000251, 2.9999504012, 8.0000000083, 2.9999999976, 2, 2.0000092647, 1.0000048964, 2.9999752075, 5.0001846549, 3.9999963302, 15],
      [1.0000000017, 0.99999999972, 2, 1.5300009376e-06, 1.2180475642e-09, 2, 1.0000000002, 1.9999999968, 1.4694667291e-08, 2, 1, 2, 3, 1, 0.99999999883, 2.9999999989, 2.9999999995, 2, 1, 2, 2, 2.7443140778e-06, 0.99999920536, 9.3009197489e-09, 1.9999999993, 2, 1.00000037, 2, 2, 1.9999999999, 1, 1, 1.0085522056e-09, 2.0000000006, 1, 0.99999999996, 1.0000000001, 1.0000000002, 4.554535026e-06, 5.4162589734e-05, 1.0005677201, 1, 2.0973830693e-08, 1.0000000228, 2.7428356662e-07, 2.0000000041, 1.9999999955, 1, 9.7580963979e-06, 5.8221202111e-06, 0.99999991402, 1.0000001532, 0.99999827159, 10],
      [4.0000000023, 2.0000000011, 3, 0.99999848404, 2.9999969757, 8, 2.999999956, 3.000000005, 1.0000000415, 5, 4, 3, 5, 6, 4.9999999944, 10.9999999991, 10.0000000007, 5, 4, 3, 5, 0.9999972608, 1.0229641296e-06, 2.0000035994, 4.9999999982, 8, 3.9999993513, 8, 9, 5.0000000001, 1.9999999799, 2, 0.99999999959, 2.9999999999, 4, 8.9999999999, 4, 2.9999999999, 3.694752431e-06, 0.99998226718, 1.9997175692, 5, 0.9999999736, 5.9999999263, 2.0000021509, 13.0000000021, 6.000000015, 3, 1.9999906135, 2.0000044871, 2.9999979884, 7.9998611726, 5.0000036097, 40],
