{
  "X": [
    [25, 42, 132, 136, 12],
    [18, 30, 119, 100, 12],
    [38, 38, 114, 149, 14],
    [18, 46, 75, 150, 15],
    [15, 56, 104, 126, 6],
    [10, 34, 70, 84, 10],
    [11, 36, 93, 112, 12],
    [22, 72, 87, 106, 13],
    [27, 78, 86, 130, 2],
    [51, 61, 101, 128, 10],
    [36, 34, 90, 53, 4],
    [32, 98, 150, 155, 15],
    [27, 47, 95, 108, 8],
    [15, 82, 79, 122, 6],
    [23, 80, 51, 161, 3],
    [25, 68, 82, 116, 7],
    [27, 111, 84, 182, 17],
    [22, 79, 91, 183, 10],
    [20, 146, 99, 174, 7],
    [24, 98, 80, 154, 6],
    [29, 92, 70, 126, 1],
    [45, 60, 75, 85, 6],
    [37, 69, 98, 137, 8],
    [25, 45, 68, 88, 10],
    [19, 70, 72, 111, 24],
    [17, 67, 73, 134, 10],
    [14, 59, 53, 119, 6],
    [12, 39, 65, 143, 10],
    [14, 65, 107, 151, 6],
    [40, 114, 122, 236, 13],
    [17, 43, 61, 88, 7],
    [15, 84, 75, 80, 9],
    [12, 64, 59, 89, 8],
    [24, 165, 85, 157, 12],
    [23, 103, 83, 124, 18],
    [17, 93, 81, 130, 4],
    [20, 134, 91, 146, 17],
    [20, 110, 67, 158, 7],
    [10, 101, 69, 134, 10],
    [7, 91, 78, 130, 10],
    [18, 130, 111, 160, 9],
    [20, 113, 74, 172, 11],
    [10, 91, 96, 149, 13],
    [25, 112, 61, 188, 9],
    [10, 76, 84, 186, 16],
    [23, 106, 48, 199, 3],
    [16, 71, 62, 158, 4],
    [28, 91, 66, 170, 8],
    [33, 77, 65, 154, 18],
    [14, 78, 79, 223, 1],
    [27, 91, 61, 122, 4],
    [11, 86, 57, 162, 5],
    [8, 56, 38, 105, 6],
    [23, 107, 73, 75, 22],
    [28, 60, 56, 90, 6],
    [39, 19, 102, 112, 4],
    [50, 44, 86, 123, 8],
    [44, 22, 133, 105, 7],
    [35, 28, 91, 77, 10],
    [41, 50, 117, 117, 4],
    [40, 49, 95, 115, 9],
    [62, 66, 152, 145, 10],
    [15, 89, 82, 58, 10],
    [30, 61, 68, 145, 8],
    [35, 40, 74, 131, 11],
    [37, 42, 96, 141, 9],
    [31, 67, 63, 111, 17],
    [25, 76, 69, 122, 19],
    [9, 68, 60, 78, 9],
    [8, 57, 51, 117, 3],
    [23, 71, 78, 101, 13],
    [30, 55, 83, 120, 14],
    [23, 71, 82, 99, 3],
    [35, 56, 78, 115, 15],
    [30, 74, 67, 124, 4],
    [17, 108, 90, 141, 6],
    [37, 56, 60, 95, 4],
    [24, 84, 99, 109, 14],
    [37, 52, 81, 78, 7],
    [44, 56, 87, 125, 12],
    [31, 64, 94, 100, 10],
    [33, 47, 90, 107, 10],
    [19, 55, 47, 105, 3],
    [15, 104, 51, 99, 12],
    [16, 70, 81, 95, 7],
    [20, 86, 96, 152, 5],
    [12, 50, 59, 80, 6],
    [12, 60, 75, 102, 13],
    [38, 73, 104, 131, 5],
    [13, 34, 75, 83, 6],
    [28, 76, 69, 136, 5],
    [30, 70, 97, 185, 28],
    [13, 57, 69, 107, 16],
    [39, 83, 104, 134, 12],
    [444, 1865, 1424, 2386, 96]
  ],
  "W": [
    [6, 41, 38, 84, 154, 24],
    [12, 27, 25, 66, 126, 23],
    [10, 50, 33, 101, 135, 24],
    [14, 35, 49, 96, 89, 21],
    [18, 21, 54, 81, 113, 20],
    [15, 19, 28, 59, 74, 13],
    [9, 13, 43, 68, 112, 19],
    [15, 30, 56, 69, 108, 22],
    [7, 43, 62, 91, 104, 16],
    [7, 60, 64, 83, 115, 22],
    [6, 38, 33, 32, 91, 17],
    [27, 43, 99, 86, 161, 34],
    [6, 33, 49, 70, 110, 17],
    [19, 25, 76, 74, 91, 19],
    [9, 39, 60, 111, 86, 13],
    [10, 32, 56, 76, 106, 18],
    [16, 46, 95, 129, 114, 21],
    [10, 42, 75, 133, 110, 15],
    [12, 38, 117, 105, 132, 42],
    [10, 45, 80, 101, 100, 26],
    [0, 43, 76, 92, 95, 12],
    [3, 47, 51, 56, 89, 25],
    [13, 46, 60, 96, 122, 12],
    [2, 43, 38, 52, 87, 14],
    [7, 25, 70, 68, 103, 23],
    [9, 24, 72, 92, 88, 16],
    [8, 21, 60, 80, 69, 13],
    [21, 20, 44, 93, 77, 14],
    [11, 26, 62, 86, 140, 18],
    [19, 47, 112, 163, 158, 26],
    [11, 21, 50, 43, 80, 11],
    [9, 17, 79, 43, 97, 18],
    [6, 16, 62, 51, 77, 20],
    [11, 28, 153, 81, 128, 42],
    [14, 27, 93, 78, 101, 38],
    [18, 22, 86, 74, 103, 22],
    [19, 38, 124, 71, 121, 35],
    [12, 34, 91, 102, 101, 22],
    [8, 19, 98, 72, 97, 30],
    [10, 18, 82, 83, 105, 18],
    [17, 25, 120, 84, 159, 23],
    [19, 41, 102, 107, 97, 24],
    [20, 14, 81, 91, 125, 28],
    [17, 51, 111, 99, 93, 24],
    [7, 26, 83, 106, 130, 20],
    [17, 42, 97, 122, 78, 23],
    [18, 25, 70, 98, 80, 20],
    [9, 37, 93, 108, 94, 22],
    [10, 40, 70, 108, 92, 27],
    [15, 43, 79, 137, 97, 24],
    [26, 26, 88, 66, 84, 15],
    [25, 19, 81, 89, 88, 19],
    [11, 18, 54, 60, 53, 17],
    [70, 25, 84, 28, 73, 20],
    [14, 31, 47, 51, 80, 17],
    [8, 56, 16, 72, 114, 10],
    [6, 64, 38, 74, 107, 22],
    [3, 50, 21, 60, 153, 24],
    [2, 42, 31, 55, 93, 18],
    [7, 58, 40, 61, 136, 27],
    [5, 52, 43, 80, 112, 16],
    [11, 68, 55, 97, 176, 28],
    [37, 14, 78, 35, 79, 11],
    [12, 33, 58, 99, 92, 18],
    [19, 45, 45, 83, 87, 12],
    [11, 58, 49, 73, 111, 23],
    [13, 41, 64, 64, 82, 25],
    [11, 35, 75, 78, 89, 23],
    [9, 9, 65, 40, 79, 22],
    [10, 18, 59, 62, 71, 16],
    [19, 32, 63, 62, 86, 24],
    [10, 53, 48, 74, 87, 30],
    [7, 39, 68, 52, 91, 21],
    [11, 47, 51, 76, 91, 23],
    [12, 43, 69, 73, 85, 17],
    [11, 34, 99, 90, 108, 20],
    [10, 48, 46, 54, 73, 21],
    [10, 31, 74, 71, 129, 15],
    [2, 48, 49, 42, 92, 22],
    [14, 55, 53, 66, 106, 30],
    [14, 37, 53, 56, 115, 24],
    [17, 41, 52, 52, 113, 12],
    [12, 36, 51, 60, 58, 12],
    [8, 32, 97, 61, 71, 12],
    [11, 23, 68, 57, 90, 20],
    [15, 34, 84, 101, 102, 23],
    [9, 15, 48, 57, 65, 13],
    [21, 26, 65, 52, 83, 15],
    [13, 46, 77, 70, 114, 31],
    [10, 18, 32, 43, 89, 19],
    [13, 30, 73, 82, 96, 20],
    [14, 50, 73, 114, 126, 33],
    [8, 25, 60, 54, 95, 20],
    [6, 53, 77, 88, 120, 28],
    [287, 558, 1708, 1480, 1703, 479]
  ],
  "method": "mvn_pdf",
  "cond_prob": [
    [
      [0.0041207907821, 0.20360881458, 0.30943253223, 0.36998074726, 0.11285711515],
      [0.49743083802, 0.010890162647, 0.18141021274, 0.28815589922, 0.022112887376],
      [0.00029312861879, 0.77896820398, 0.011718859489, 0.19903684724, 0.0099829606726],
      [0.0056784958013, 0.034878141006, 0.01722403651, 0.92997078928, 0.0122485374],
      [0.019172015435, 0.021383299102, 0.72667817644, 0.19552732764, 0.037239181388],
      [0.049254276425, 0.21165461624, 0.376302192, 0.24797748142, 0.11481143392]
    ],
    [
      [0.0042710663248, 0.18393712469, 0.35900632227, 0.32323767086, 0.12954781585],
      [0.51207654617, 0.0096503110178, 0.20640966343, 0.24702176835, 0.024841711032],
      [0.00033517068364, 0.78016383576, 0.014982508315, 0.19190211642, 0.012616368824],
      [0.0066479150727, 0.035586681212, 0.022538655441, 0.91939045722, 0.015836291056],
      [0.018124403696, 0.017606024674, 0.76970165953, 0.15568041767, 0.038887494424],
      [0.049751168592, 0.18605838508, 0.42508212647, 0.21084596612, 0.12826235374]
    ],
    [
      [0.0065613600868, 0.1962723771, 0.28760582605, 0.373362012, 0.13619842477],
      [0.61543651069, 0.0081341429553, 0.13059244678, 0.22519978603, 0.020637113549],
      [0.0004786858016, 0.76996495269, 0.011172153069, 0.20604469327, 0.012339515168],
      [0.0089370705705, 0.03323937489, 0.015818758139, 0.92741839809, 0.014586398308],
      [0.031519902806, 0.021283154584, 0.6972293612, 0.20363962517, 0.046327956241],
      [0.076893085742, 0.19976879007, 0.34256235763, 0.24509342009, 0.13568234647]
    ],
    [
      [0.0032266341018, 0.1699560615, 0.23652365511, 0.41292617153, 0.17736747777],
      [0.43670726851, 0.010178809129, 0.15501723185, 0.35948662801, 0.038610062498],
      [0.00025594725379, 0.7244781394, 0.0099811202031, 0.24789688858, 0.017387904565],
      [0.0040250094315, 0.026410002954, 0.011902771269, 0.94035602099, 0.017306195357],
      [0.017335580018, 0.020638195505, 0.64297566964, 0.2517767455, 0.067273809334],
      [0.040158027676, 0.18401702924, 0.29969963732, 0.28809966529, 0.18802564047]
    ],
    [
      [0.0045157466726, 0.21442205266, 0.33147344182, 0.38028039639, 0.069308362466],
      [0.51906708408, 0.010701889724, 0.18133270524, 0.27618921618, 0.012709104768],
      [0.00030821349479, 0.78531993338, 0.012032538231, 0.19643212354, 0.0059071913567],
      [0.0060662065567, 0.035845697915, 0.017965022724, 0.93276478124, 0.0073582915694],
      [0.020082199272, 0.021495426234, 0.74482691649, 0.19171723952, 0.021878218488],
      [0.053799167972, 0.22161426422, 0.40106585421, 0.25340688925, 0.070113824349]
    ],
    [
      [0.0029694477869, 0.22445566444, 0.30776182488, 0.31514866809, 0.14966439481],
      [0.44029142184, 0.014317649528, 0.2161758439, 0.29436468361, 0.034850401129],
      [0.00019871960956, 0.81677951735, 0.01093243296, 0.15973248053, 0.012356849549],
      [0.0046966286207, 0.04399459706, 0.019576628868, 0.91327869316, 0.018453452287],
      [0.014110650675, 0.023936495838, 0.74215979075, 0.16972154115, 0.05007152159],
      [0.035270107939, 0.23173106287, 0.37207102182, 0.20966861639, 0.15125919098]
    ],
    [
      [0.0046253079176, 0.14347504147, 0.30121056444, 0.39936736423, 0.15132172194],
      [0.52411658381, 0.0069828217612, 0.16020675961, 0.28194064038, 0.026753194439],
      [0.00041561612335, 0.69665163551, 0.014391464251, 0.2717243499, 0.01681693421],
      [0.0059533873627, 0.023046251346, 0.015643070692, 0.94010750565, 0.015249784954],
      [0.021427614246, 0.015010993744, 0.70456835541, 0.20957286754, 0.049420169063],
      [0.055926777678, 0.15020967645, 0.36923975879, 0.26948059196, 0.15514319512]
    ],
    [
      [0.0045047799042, 0.33992248642, 0.22255401652, 0.30397436774, 0.12904434941],
      [0.57366446762, 0.018781939152, 0.13558111459, 0.2457852289, 0.026187249732],
      [0.00021656180781, 0.87583448901, 0.0056975594831, 0.11055362633, 0.0076977633708],
      [0.0072581406528, 0.067835539893, 0.014479655157, 0.8941002925, 0.016326371797],
      [0.02678547484, 0.045360810831, 0.66856711357, 0.20501297611, 0.054273624649],
      [0.053223460397, 0.34883286515, 0.26719611661, 0.2011596362, 0.12958792165]
    ],
    [
      [0.0039523656408, 0.40237112096, 0.2261911376, 0.32669898419, 0.040786391614],
      [0.53523062011, 0.023825310237, 0.14813220106, 0.28382893777, 0.0089829308298],
      [0.00016325842776, 0.89069992132, 0.0049735923947, 0.10205139608, 0.002111831779],
      [0.0059724403288, 0.075118892931, 0.013796807319, 0.9002233577, 0.0048885017207],
      [0.023615003329, 0.053812655415, 0.68385097985, 0.22135205415, 0.017369307254],
      [0.047194517553, 0.41784756827, 0.27480149655, 0.2187189282, 0.041437489423]
    ],
    [
      [0.0098081605854, 0.20544558811, 0.30911137314, 0.36636376826, 0.10927110989],
      [0.70466736014, 0.0065088338051, 0.1072735778, 0.16888363446, 0.012666593789],
      [0.00069509246204, 0.78146881274, 0.011655016445, 0.1965545809, 0.0096264974549],
      [0.013536362252, 0.035280200387, 0.017211031737, 0.92210782007, 0.011864585549],
      [0.044614784158, 0.021082467894, 0.71003115644, 0.18907354361, 0.035198047901],
      [0.11043241384, 0.20066291164, 0.35352993914, 0.23089165103, 0.10448308435]
    ],
    [
      [0.0118210825, 0.20458273105, 0.4081072048, 0.30254401225, 0.072944969399],
      [0.74588226828, 0.0055389482809, 0.12152423457, 0.1197881882, 0.0072663606753],
      [0.00085870478955, 0.81036837503, 0.015737446475, 0.16643557984, 0.0065998938618],
      [0.019289312852, 0.04134428682, 0.026769361209, 0.90324037667, 0.0093566624491],
      [0.045075359937, 0.017488450116, 0.78717807071, 0.13058929496, 0.019668824274],
      [0.12589766912, 0.18825812676, 0.44038112107, 0.17973208073, 0.065731002326]
    ],
    [
      [0.0054975274156, 0.21280864703, 0.32226942046, 0.35499786787, 0.10442653722],
      [0.57209652759, 0.0098229772034, 0.16260172018, 0.23783110116, 0.01764767386],
      [0.00038402132272, 0.79088768933, 0.011989703235, 0.18764081805, 0.0090977680549],
      [0.0078522077187, 0.03790298366, 0.018605271474, 0.92385275586, 0.011786781288],
      [0.024926196688, 0.021834392225, 0.73679728947, 0.18281797967, 0.033624141953],
      [0.064280225633, 0.21617744061, 0.38306575069, 0.23265892017, 0.1038176629]
    ],
    [
      [0.0072598684923, 0.20018753553, 0.32257308318, 0.36819945793, 0.10178005486],
      [0.63826694754, 0.0076429824525, 0.13508598438, 0.20477874557, 0.014225340069],
      [0.00052225330499, 0.77748340372, 0.012338194253, 0.20056208047, 0.0090940682497],
      [0.010005095549, 0.034299184555, 0.017921023707, 0.92675389785, 0.011020798337],
      [0.032457859155, 0.020148721127, 0.72865799105, 0.18655214872, 0.032183279948],
      [0.083885014462, 0.20040701013, 0.3782019513, 0.23774479943, 0.099761224671]
    ],
    [
      [0.0036138889702, 0.29187246127, 0.25440473569, 0.3826290922, 0.067479821873],
      [0.48211816235, 0.016950308663, 0.1624066157, 0.32409429352, 0.014430619764],
      [0.00019295736613, 0.83349619967, 0.0072268100245, 0.15458495035, 0.0044990825875],
      [0.004793914211, 0.048099916392, 0.013616912316, 0.926417221, 0.007072036076],
      [0.019318706551, 0.035101528501, 0.68812478083, 0.2318385564, 0.025616427712],
      [0.044061239303, 0.30921682826, 0.31544943414, 0.26130030072, 0.069972197567]
    ],
    [
      [0.0030692315175, 0.46510786385, 0.11516818443, 0.37805149877, 0.038603221438],
      [0.48626151536, 0.03207722429, 0.088265053973, 0.38346457261, 0.0099316337645],
      [0.00011029159594, 0.89334252231, 0.0022083675195, 0.10260042412, 0.0017383944532],
      [0.0040561768554, 0.075708506471, 0.0061575643575, 0.91003262062, 0.0040451316974],
      [0.026158542072, 0.088481277495, 0.49677071912, 0.36512728957, 0.023462171741],
      [0.038477177618, 0.50764300311, 0.14691533208, 0.26574516644, 0.041219320758]
    ],
    [
      [0.0056258616689, 0.34308927499, 0.22474727624, 0.35023435413, 0.076303232972],
      [0.61236467448, 0.016152085241, 0.11679404122, 0.24142737434, 0.013261824723],
      [0.00026433841734, 0.8651680997, 0.0056234047785, 0.1244754474, 0.0044687097047],
      [0.0080109905515, 0.06045544093, 0.01292110231, 0.91004491328, 0.008567552925],
      [0.032713051855, 0.044707121502, 0.66030094247, 0.2308087779, 0.031470106269],
      [0.066739228063, 0.35319989901, 0.27072499041, 0.23246651591, 0.076869366599]
    ],
    [
      [0.0033211548678, 0.34584623264, 0.17537562028, 0.33086445545, 0.14459253676],
      [0.49593906732, 0.022846988621, 0.12739801268, 0.31882008356, 0.034995847825],
      [0.00015670857404, 0.86886256253, 0.0044102227818, 0.11810520567, 0.008465300439],
      [0.0049750277516, 0.064348430697, 0.010622414203, 0.90302621441, 0.017027912943],
      [0.022512317173, 0.052808763191, 0.60059577217, 0.25465087994, 0.069432267528],
      [0.040421486236, 0.36637161717, 0.21727643936, 0.22602866606, 0.14990179118]
    ],
    [
      [0.003292582358, 0.27018580978, 0.24862557908, 0.37900593984, 0.098890088946],
      [0.45558150851, 0.016550579381, 0.16723911324, 0.33840454892, 0.022224249947],
      [0.00018730695922, 0.82210435163, 0.0075268684968, 0.16318561221, 0.0069958606969],
      [0.0044153411477, 0.045042462121, 0.013461078357, 0.92663464596, 0.01044647242],
      [0.017781481156, 0.032882480568, 0.67913102581, 0.23232154154, 0.037883470922],
      [0.040245059569, 0.28740272412, 0.30945427675, 0.25993728934, 0.10296065021]
    ],
    [
      [0.0025144123995, 0.43050009847, 0.16732948188, 0.34820870363, 0.051447303618],
      [0.42910124965, 0.032609365306, 0.13935640541, 0.3845476497, 0.01438532993],
      [9.8159538412e-05, 0.89118515716, 0.0034829149188, 0.1027203345, 0.0025134338901],
      [0.0035871448032, 0.076277062977, 0.0096615034887, 0.90465362584, 0.0058206628904],
      [0.017969860839, 0.069347095314, 0.60381986795, 0.28266006761, 0.026203108286],
      [0.031041096793, 0.46297841265, 0.21039962699, 0.24144676328, 0.054134100278]
    ],
    [
      [0.0030116363817, 0.3887068713, 0.1922656315, 0.35843622839, 0.057579632426],
      [0.46128363261, 0.026306459857, 0.14340241753, 0.35460581746, 0.014401672546],
      [0.00012754243337, 0.87772854487, 0.0043376370767, 0.11475819811, 0.003048077512],
      [0.0042016318317, 0.067206443938, 0.010838768324, 0.91139642477, 0.0063567311318],
      [0.019583768511, 0.056815366828, 0.63241742246, 0.26453287355, 0.026650568642],
      [0.036968404209, 0.41548932756, 0.24035648822, 0.24696386012, 0.060221919886]
    ],
    [
      [0.0040909255847, 0.48450748734, 0.17322592228, 0.30528962859, 0.032886036201],
      [0.57299065848, 0.029450308629, 0.11699082903, 0.27309059694, 0.0074776069285],
      [0.00014407006859, 0.91385259435, 0.0032486539285, 0.081300901115, 0.0014537805347],
      [0.0064948987635, 0.094785109837, 0.011106017159, 0.88346641841, 0.0041475558356],
      [0.029314901328, 0.077397920788, 0.62867391855, 0.24779099297, 0.016822266359],
      [0.048856442378, 0.50302817455, 0.21038550234, 0.20432742514, 0.033402455599]
    ],
    [
      [0.011590984705, 0.31920997952, 0.26228823117, 0.32749180966, 0.079418994944],
      [0.76353209131, 0.0090901648236, 0.082417414374, 0.13661683965, 0.0083434898374],
      [0.00058198705166, 0.86302333031, 0.0070067608443, 0.12442070965, 0.0049672121495],
      [0.017407192183, 0.059281178905, 0.015878343889, 0.89804468882, 0.0093885961996],
      [0.059728781581, 0.036835778704, 0.68325675285, 0.19119101131, 0.028987675559],
      [0.12755184149, 0.30423732264, 0.29274241421, 0.20138479871, 0.074083622947]
    ],
    [
      [0.0071865993076, 0.30467896284, 0.25798185211, 0.34608890816, 0.084063677581],
      [0.65902186214, 0.012204183167, 0.11378535504, 0.20258657982, 0.012402019837],
      [0.00037408696117, 0.85068769687, 0.0071502992342, 0.1363364455, 0.005451471433],
      [0.010370109287, 0.054506149869, 0.015029759906, 0.91052829974, 0.0095656811978],
      [0.037921438793, 0.036113031598, 0.68738744757, 0.20711483661, 0.031463245427],
      [0.083233558413, 0.30622372666, 0.30346730849, 0.22438788177, 0.08268752467]
    ],
    [
      [0.0037447996325, 0.30556999802, 0.21578998204, 0.3300551708, 0.14484004951],
      [0.51498089312, 0.018324090892, 0.14341696701, 0.29138168626, 0.031896362712],
      [0.00019311817272, 0.85589653576, 0.0059210849921, 0.12878327595, 0.0092059851313],
      [0.0056340641035, 0.056661275645, 0.013088913914, 0.90763618557, 0.016979560771],
      [0.022350470518, 0.040744254628, 0.65248169993, 0.22346570743, 0.060957867498],
      [0.045043647238, 0.3198159901, 0.26419625685, 0.22258154675, 0.14836255907]
    ],
    [
      [0.0036178043492, 0.18103281914, 0.15142716561, 0.26040915754, 0.40351305337],
      [0.54038701374, 0.011728863276, 0.10771023352, 0.24584265498, 0.094331234475],
      [0.00029491559091, 0.79214918634, 0.0065736675085, 0.16079184622, 0.040190384348],
      [0.0067082641052, 0.041762324597, 0.011341892612, 0.8822919899, 0.057895528785],
      [0.025483144057, 0.028724985911, 0.53865838697, 0.20805782425, 0.19907565881],
      [0.04328281718, 0.18799950473, 0.18399762068, 0.17438399207, 0.41033606533]
    ],
    [
      [0.0048465973724, 0.21359645456, 0.26669121259, 0.38791586179, 0.12694987369],
      [0.54772254377, 0.010446259663, 0.14303604651, 0.27614098847, 0.022654161581],
      [0.00032933858843, 0.77964074109, 0.0096330640803, 0.19971338223, 0.010683474017],
      [0.0063708536349, 0.034962998177, 0.014131636053, 0.93145629795, 0.013078214181],
      [0.024539996423, 0.024354735655, 0.68325736242, 0.22247175618, 0.045376149321],
      [0.058453213276, 0.22337081209, 0.32661700129, 0.2615542408, 0.13000473255]
    ],
    [
      [0.0044069078044, 0.25565588223, 0.222953162, 0.43021523056, 0.0867688174],
      [0.52502898026, 0.013037669056, 0.12525271779, 0.32043545066, 0.016245182238],
      [0.0002552863233, 0.79793552606, 0.0068657586965, 0.18870077786, 0.0062426510569],
      [0.0052576740783, 0.037855433217, 0.010717940493, 0.93804167681, 0.0081272754023],
      [0.024765212617, 0.032215604392, 0.63512122814, 0.27342563966, 0.034472315187],
      [0.054666021492, 0.27498284687, 0.28083098211, 0.29812220648, 0.091397943052]
    ],
    [
      [0.0038129555357, 0.15977951031, 0.25260925692, 0.46495057696, 0.11884770027],
      [0.46498454186, 0.0084564670019, 0.14625544575, 0.35738948901, 0.022914056382],
      [0.0003072650446, 0.69335126866, 0.01082281588, 0.28363923712, 0.011879413295],
      [0.0042712672017, 0.022311587542, 0.011405745276, 0.9515669068, 0.010444493177],
      [0.019419848343, 0.018374766232, 0.65119002745, 0.26825490034, 0.042760457636],
      [0.048002071305, 0.17454548651, 0.32311889959, 0.32719833152, 0.12713521107]
    ],
    [
      [0.0030946643495, 0.25240066229, 0.24305283222, 0.43844979888, 0.063002042262],
      [0.42413224494, 0.015229322014, 0.16108588375, 0.38554809724, 0.014004452061],
      [0.00018160724009, 0.79306924428, 0.0075971884059, 0.19453273489, 0.004619225176],
      [0.0036461153978, 0.036945938815, 0.011576102218, 0.94195818629, 0.0058736572825],
      [0.016659753232, 0.030619679907, 0.66070344862, 0.26788792141, 0.024129196827],
      [0.038808132888, 0.27542369657, 0.31018623068, 0.30830328484, 0.067278655016]
    ],
    [
      [0.0071996691754, 0.25771926039, 0.23911931247, 0.40358071105, 0.092381046904],
      [0.64207471839, 0.010163630605, 0.10323644691, 0.23116481085, 0.013360393243],
      [0.00042362405847, 0.80563622779, 0.0074985661076, 0.17965954788, 0.0067820341674],
      [0.0091019427672, 0.040596558276, 0.012227064543, 0.92883878016, 0.0092356542548],
      [0.038722854624, 0.031324172245, 0.64823407433, 0.24642282768, 0.035296071121],
      [0.08537614937, 0.26536802267, 0.28806609219, 0.268094564, 0.093095171784]
    ],
    [
      [0.0067139309292, 0.18082795426, 0.25056940241, 0.45732417772, 0.10456453468],
      [0.61311268796, 0.0070160908041, 0.10671878167, 0.25834137498, 0.014811064593],
      [0.00049606990171, 0.72415959153, 0.0098443663227, 0.25592414044, 0.0095758317999],
      [0.0075965320336, 0.02544413581, 0.011421985148, 0.94627780315, 0.0092595438607],
      [0.034162560721, 0.020678496428, 0.6446216253, 0.26303215919, 0.037505158362],
      [0.081844599507, 0.19052378447, 0.30926400069, 0.31044596176, 0.10792165357]
    ],
    [
      [0.0053268849624, 0.32445387254, 0.2315016006, 0.33013883633, 0.10857880557],
      [0.60845245597, 0.015679895007, 0.12339165062, 0.23320787097, 0.019268127429],
      [0.00026405892858, 0.86302729708, 0.0061072846806, 0.12392348702, 0.0066778722945],
      [0.0079882149163, 0.060354414001, 0.014011862151, 0.90486712616, 0.012778382768],
      [0.030514415377, 0.041631179722, 0.66997494122, 0.21395873888, 0.043920724804],
      [0.063030678475, 0.33238382824, 0.27761871869, 0.21807850318, 0.10888827142]
    ],
    [
      [0.0043231070936, 0.27970754699, 0.22054613559, 0.38737170298, 0.10805150735],
      [0.53729290216, 0.014759882941, 0.1283041684, 0.29873639466, 0.020906651839],
      [0.00023695971272, 0.82529641569, 0.0064292754839, 0.16069843449, 0.0073389146277],
      [0.0056509637906, 0.045351804001, 0.011626973917, 0.92630449388, 0.011065764413],
      [0.024890716103, 0.036088742648, 0.64281611948, 0.25229241668, 0.043912005089],
      [0.052882272638, 0.29656746862, 0.27374497161, 0.26462785799, 0.11217742915]
    ],
    [
      [0.0048260546667, 0.36940938403, 0.15774874009, 0.38634342111, 0.081672400111],
      [0.57886413, 0.019395830968, 0.090930457056, 0.2950497654, 0.015759816573],
      [0.00021269632586, 0.86285722026, 0.0037079573586, 0.12873069759, 0.0044914284662],
      [0.0062897855222, 0.059907250779, 0.0083231919303, 0.91706334317, 0.0084164286029],
      [0.033910931995, 0.058522290253, 0.55888721288, 0.30791400914, 0.04076555573],
      [0.059208113032, 0.39359056546, 0.19657624327, 0.26545866574, 0.085166412496]
    ],
    [
      [0.0053549207007, 0.28762456851, 0.21464573243, 0.32221114108, 0.17016363728],
      [0.60747005649, 0.014192506153, 0.11621322849, 0.23144960017, 0.030674608693],
      [0.00029594500679, 0.84696786054, 0.006317524707, 0.13475899073, 0.011659679018],
      [0.0082239696763, 0.054957038791, 0.013318200839, 0.90298113272, 0.020519657972],
      [0.031727716971, 0.038404772741, 0.64209605375, 0.21650976561, 0.07126169092],
      [0.063304736888, 0.29503708323, 0.25763683753, 0.21317797601, 0.17084336634]
    ],
    [
      [0.0047467871498, 0.31217580796, 0.22256716286, 0.40871079969, 0.051799442334],
      [0.55225256814, 0.015690818117, 0.12301657107, 0.29942936157, 0.0096106810985],
      [0.0002380978857, 0.83551796055, 0.0059454987482, 0.15504535981, 0.0032530830072],
      [0.0059182257611, 0.048349740923, 0.011210601085, 0.92940428625, 0.0051171459828],
      [0.0272568324, 0.040304834383, 0.64544997243, 0.26583993818, 0.021148422612],
      [0.058119823406, 0.33157028311, 0.27662921498, 0.27983332348, 0.053847355018]
    ],
    [
      [0.0027980567961, 0.32228158141, 0.18088671428, 0.3690632938, 0.12497035371],
      [0.43653138013, 0.022317973306, 0.1374445589, 0.37199886341, 0.031707224242],
      [0.00013879149772, 0.84893239487, 0.0047826598924, 0.13843539551, 0.0077107582373],
      [0.0038196398478, 0.054738789509, 0.009989335349, 0.91800737146, 0.013444863835],
      [0.018384181531, 0.047804812245, 0.60012935633, 0.27541524692, 0.058266402969],
      [0.034691944225, 0.34795004791, 0.22838665712, 0.256919907, 0.13205144375]
    ],
    [
      [0.0030230505426, 0.422896269, 0.14385888262, 0.36988462722, 0.060337170609],
      [0.47439742437, 0.029084904782, 0.10920241757, 0.37197794874, 0.015337304533],
      [0.00011871394695, 0.88413450351, 0.0030124491677, 0.10977522181, 0.0029591115622],
      [0.0040857567644, 0.070799505186, 0.0078651668599, 0.91080125349, 0.0064483177019],
      [0.022992306506, 0.072213063284, 0.55309121836, 0.31906223879, 0.032641173061],
      [0.037619592519, 0.45804240281, 0.18218742145, 0.25820042234, 0.063950160881]
    ],
    [
      [0.0025650778955, 0.30083672141, 0.1778705495, 0.42674611204, 0.09198153915],
      [0.39942154889, 0.020504957923, 0.13326576323, 0.42379270145, 0.023015028506],
      [0.00013175076179, 0.82342086963, 0.0048665911323, 0.16570188853, 0.0058788999406],
      [0.0030790966987, 0.04489978722, 0.0086338048815, 0.93468500803, 0.0087023031728],
      [0.01663354299, 0.043941355888, 0.5832598872, 0.31384359158, 0.042321622341],
      [0.032620115676, 0.33301179936, 0.23030602787, 0.30438220794, 0.099679849152]
    ],
    [
      [0.0019049636019, 0.34143980751, 0.19663272588, 0.36053251885, 0.099489984154],
      [0.34820846883, 0.027329390365, 0.17344665312, 0.42174380696, 0.02927168073],
      [8.9829244777e-05, 0.86055967164, 0.0049366007108, 0.12858615065, 0.0058277477563],
      [0.0026524875803, 0.058997339644, 0.011065141576, 0.91638368348, 0.010901347723],
      [0.012127079682, 0.048861619324, 0.63365671865, 0.26043431932, 0.044920263016],
      [0.023666819261, 0.36994869795, 0.24915859476, 0.25171731686, 0.10550857116]
    ],
    [
      [0.0037105167921, 0.34816383146, 0.19045030706, 0.39019287593, 0.06748246875],
      [0.50269418455, 0.020683380218, 0.12430001867, 0.33755793929, 0.014764477269],
      [0.00017146969491, 0.85489943607, 0.0046926180832, 0.13634017251, 0.0038963036431],
      [0.0048139408368, 0.05616112333, 0.010001150749, 0.92209188619, 0.006931898893],
      [0.023686327274, 0.050084216042, 0.61295600275, 0.28263649152, 0.030636962414],
      [0.045836177124, 0.37388365491, 0.2391759977, 0.27018689678, 0.070917273489]
    ],
    [
      [0.0027158087102, 0.33564192053, 0.17848207197, 0.39377620875, 0.089383990039],
      [0.42276295066, 0.023160959671, 0.13536193018, 0.39605252114, 0.022661638345],
      [0.00012905965031, 0.84855321559, 0.0045197214734, 0.14150589112, 0.0052921121735],
      [0.0034989460571, 0.053734265189, 0.0092960838339, 0.92438442253, 0.0090862823923],
      [0.017916445609, 0.049909045071, 0.59540729313, 0.2948847525, 0.041882463686],
      [0.034008430138, 0.36606393339, 0.22767293391, 0.27684294252, 0.095411760044]
    ],
    [
      [0.0031688764367, 0.28899989443, 0.2175418185, 0.38471978906, 0.10556962157],
      [0.45674722024, 0.018118981003, 0.14972096573, 0.35113186508, 0.02428096794],
      [0.0001707339189, 0.82976048721, 0.0062437349017, 0.15674372982, 0.0070813141469],
      [0.0041797332365, 0.047426307057, 0.011605388581, 0.92580190349, 0.010986667636],
      [0.018573206417, 0.038182444476, 0.64354690478, 0.25581277779, 0.043884666535],
      [0.039146480315, 0.31033966928, 0.27324336378, 0.26632264228, 0.11094784435]
    ],
    [
      [0.0029273582394, 0.29472062787, 0.14211123058, 0.48822589574, 0.072014887567],
      [0.41608412018, 0.018647218505, 0.09877725808, 0.4497402504, 0.016751152835],
      [0.0001499306593, 0.80237239396, 0.0038820496674, 0.18899274055, 0.0046028851691],
      [0.0031145349185, 0.038976579333, 0.0061176383178, 0.94573745506, 0.0060537923724],
      [0.020623823754, 0.046840270317, 0.50603485758, 0.39041871317, 0.036082335183],
      [0.038211372495, 0.33504909403, 0.18893291004, 0.35766312103, 0.080143502407]
    ],
    [
      [0.0020555093104, 0.20693768177, 0.16970117895, 0.4697711268, 0.15153450317],
      [0.32846610942, 0.01470438335, 0.13217492715, 0.48537145319, 0.039283126889],
      [0.00013809242689, 0.7425164488, 0.006075672693, 0.23866003576, 0.012609750319],
      [0.0022762449094, 0.028539357223, 0.0076034322383, 0.94840684053, 0.013174125096],
      [0.013130968985, 0.029874941331, 0.54758411859, 0.34084913031, 0.068560840786],
      [0.026797461334, 0.23517234965, 0.22548968075, 0.34394006987, 0.16860043839]
    ],
    [
      [0.0031923706379, 0.33730944786, 0.12349765226, 0.4955010768, 0.040499452446],
      [0.44357809834, 0.020688391812, 0.083415297982, 0.44313175702, 0.0091864548491],
      [0.00014650010531, 0.82273580639, 0.0030239070987, 0.17176368669, 0.0023300997224],
      [0.0033420016047, 0.043816409934, 0.0052317638425, 0.94424557507, 0.0033642495448],
      [0.024128075388, 0.057373173028, 0.47204001942, 0.42463537852, 0.021823353642],
      [0.041811720704, 0.3844926094, 0.16463193108, 0.36387666527, 0.045187073554]
    ],
    [
      [0.004107220648, 0.24977589328, 0.20406595803, 0.48895228679, 0.053098641251],
      [0.49046536795, 0.012978242607, 0.11645756982, 0.36993132887, 0.010167490752],
      [0.00023841540297, 0.77498427111, 0.0063068144889, 0.2146129122, 0.0038575867922],
      [0.0043722772666, 0.033051584513, 0.0087708143577, 0.94932997728, 0.0044753465805],
      [0.023863994299, 0.032673477578, 0.59973314163, 0.32179363624, 0.021935750246],
      [0.052391540136, 0.2766351061, 0.26451558879, 0.34888747875, 0.057570286233]
    ],
    [
      [0.0059584234935, 0.26843739482, 0.18859407419, 0.45595016441, 0.081059943087],
      [0.59500274498, 0.011721278772, 0.09044108354, 0.28983778255, 0.012997110158],
      [0.00033141210871, 0.79661297903, 0.005588289534, 0.1918488079, 0.0056185114285],
      [0.0067377747524, 0.037744177029, 0.0086170326202, 0.93967075091, 0.0072302646861],
      [0.03617557132, 0.036703881152, 0.57848510547, 0.31372320521, 0.034912236849],
      [0.073737407214, 0.28830342523, 0.23703981084, 0.31568777235, 0.085231584363]
    ],
    [
      [0.0064158079619, 0.26050080235, 0.1730835821, 0.35347517417, 0.20652463341],
      [0.64552693718, 0.011446734201, 0.083565235127, 0.22638431963, 0.033076773854],
      [0.00037841310667, 0.8213699974, 0.0054395499943, 0.15776665098, 0.015045388526],
      [0.0090795565663, 0.045805171762, 0.0098962801269, 0.91236429075, 0.022854700795],
      [0.041566767091, 0.037999694336, 0.56635577645, 0.25971096138, 0.094366800736],
      [0.076448486341, 0.26937193282, 0.20941573163, 0.2357093909, 0.20905445831]
    ],
    [
      [0.0020161055034, 0.23121020555, 0.20154623093, 0.52980068617, 0.035426771847],
      [0.30458784477, 0.015645486074, 0.14951752903, 0.52139877901, 0.0088503611136],
      [0.00012236594365, 0.74764457545, 0.006514725082, 0.24301898757, 0.0026993459599],
      [0.0020026600783, 0.028575850447, 0.0080903689273, 0.95853371469, 0.0027974058544],
      [0.011728234475, 0.030386822511, 0.59323321176, 0.34993459807, 0.014717133189],
      [0.02669957652, 0.26697505248, 0.27221996655, 0.39406695214, 0.040038452309]
    ],
    [
      [0.011087172766, 0.29698254715, 0.19828015213, 0.43926072848, 0.054389399469],
      [0.74250093417, 0.0084231850613, 0.06186926009, 0.18151660338, 0.0056900172988],
      [0.00057247769623, 0.81883356473, 0.0054555735472, 0.17162191699, 0.003516467033],
      [0.012874949455, 0.042831914158, 0.0092974733002, 0.92999718006, 0.00499848303],
      [0.064739625187, 0.038914071174, 0.58394946133, 0.28987355488, 0.022523287434],
      [0.12920566751, 0.29875884307, 0.2335429016, 0.28493282171, 0.0535597661]
    ],
    [
      [0.0029377080349, 0.28591726011, 0.14934386785, 0.50970940864, 0.052091755369],
      [0.41439725739, 0.017538924085, 0.10077328369, 0.45550450417, 0.011786030661],
      [0.0001527604244, 0.79208391193, 0.0041407675328, 0.20023269597, 0.0033898641472],
      [0.0030048125867, 0.03632860136, 0.0061794865677, 0.95026654309, 0.0042205564005],
      [0.020081630968, 0.043987615372, 0.51582689868, 0.3947720732, 0.025331781787],
      [0.038675417954, 0.32726229949, 0.19993081165, 0.37576618914, 0.058365281763]
    ],
    [
      [0.0023794643914, 0.27157651413, 0.1639550011, 0.48105750658, 0.081031513799],
      [0.36904145223, 0.018195164333, 0.12130548227, 0.47149393552, 0.019963965649],
      [0.00012905223095, 0.79251022243, 0.004732690446, 0.19716737819, 0.0054606566983],
      [0.0025626908734, 0.036230670661, 0.0071229597583, 0.94723313397, 0.0068505447384],
      [0.015660137801, 0.040073230263, 0.54823997555, 0.35826409591, 0.037762560476],
      [0.03106493969, 0.3087503951, 0.21811157866, 0.35184995466, 0.090223131885]
    ],
    [
      [0.0071298202684, 0.30762171539, 0.21926651646, 0.28333969956, 0.18264224832],
      [0.69042315058, 0.012685632552, 0.099224833099, 0.17013680476, 0.027529579014],
      [0.00037792043305, 0.86770300792, 0.00619241657, 0.1136983317, 0.012028323372],
      [0.012176283225, 0.065325307823, 0.015115615178, 0.88286977594, 0.024513017839],
      [0.042033757259, 0.040825284487, 0.65194757229, 0.18918577418, 0.076007611784],
      [0.081737997245, 0.30512689653, 0.25453192125, 0.18132287848, 0.17728030649]
    ],
    [
      [0.0081186056347, 0.36882008025, 0.17942109873, 0.37134304629, 0.072297169105],
      [0.70265800868, 0.013577394027, 0.073179649657, 0.20073540808, 0.0098495395555],
      [0.00035541568554, 0.86861057166, 0.0041859375791, 0.1229016905, 0.0039463845762],
      [0.010904864251, 0.061102483896, 0.0097271173314, 0.91061928603, 0.0076462484868],
      [0.052666543259, 0.053403417611, 0.5881459815, 0.2725690444, 0.033215013225],
      [0.095422457201, 0.37534126156, 0.21366192126, 0.2435737139, 0.072000646079]
    ],
    [
      [0.0067779861446, 0.18367482063, 0.34596790118, 0.39750989786, 0.066069394187],
      [0.60534683914, 0.0072244549097, 0.14951442097, 0.22834381645, 0.0095704685389],
      [0.00050950064364, 0.7534850203, 0.013831513191, 0.22597843516, 0.0061955307042],
      [0.0087546275465, 0.029392504049, 0.018008735978, 0.93711257909, 0.0067315533324],
      [0.028770828471, 0.017539498528, 0.74235298917, 0.19142775861, 0.019908925218],
      [0.07902056736, 0.18595456401, 0.41008094122, 0.25947256869, 0.065471358721]
    ],
    [
      [0.008191766414, 0.2481279624, 0.25076328523, 0.40331622695, 0.089600759008],
      [0.6682604252, 0.0089205172676, 0.099166450043, 0.21180574347, 0.011846864016],
      [0.00049138241763, 0.8018660137, 0.0080101266514, 0.1829398107, 0.0066926665302],
      [0.010347918152, 0.038835228411, 0.012785738435, 0.92911705266, 0.0089140623427],
      [0.042540195476, 0.028981072021, 0.65780211253, 0.23767712318, 0.032999496802],
      [0.095881589495, 0.25225470018, 0.29833138809, 0.26438173336, 0.089150588871]
    ],
    [
      [0.0096315438999, 0.16423379749, 0.35422824836, 0.38922333574, 0.082683074504],
      [0.68610810944, 0.0051518839919, 0.12165576033, 0.17757459592, 0.0095096503116],
      [0.00079345858252, 0.73277845047, 0.015535295396, 0.24240197198, 0.0084908235754],
      [0.012658322399, 0.026822452381, 0.018792349665, 0.93315599482, 0.0085708807347],
      [0.039796026031, 0.015317868092, 0.73814143928, 0.18250846599, 0.024236200601],
      [0.10866793059, 0.16070164962, 0.40576294432, 0.24567045047, 0.079197025002]
    ],
    [
      [0.0085295455231, 0.14875765581, 0.3878956102, 0.29685161488, 0.15796557358],
      [0.67819394837, 0.0051537799735, 0.14704757857, 0.14974124754, 0.019863445544],
      [0.00079121044807, 0.75338780416, 0.019094351178, 0.20866990197, 0.018056732246],
      [0.014262077413, 0.030945346575, 0.026076808178, 0.90814349362, 0.020572274211],
      [0.033725051846, 0.013255717659, 0.77607514285, 0.13302448071, 0.043919606939],
      [0.093980887242, 0.14188372744, 0.43378216217, 0.18276618396, 0.14758703919]
    ],
    [
      [0.0059407171003, 0.26995396035, 0.28437732029, 0.38531952789, 0.054408474366],
      [0.59293743153, 0.011908597608, 0.13798458829, 0.24830138975, 0.0088679928123],
      [0.00033681272031, 0.8221054067, 0.0085872542409, 0.16510982012, 0.0038607062168],
      [0.0078408656857, 0.044139843653, 0.015158787968, 0.92717440806, 0.0056860946328],
      [0.029235779865, 0.029892629887, 0.70650308902, 0.21530882366, 0.019059677567],
      [0.070258201624, 0.27754951197, 0.34203905294, 0.25542082251, 0.054732410958]
    ],
    [
      [0.0071139780155, 0.26206367809, 0.2871314251, 0.33669860561, 0.10699231318],
      [0.6500353463, 0.010491894346, 0.12657370867, 0.19716153959, 0.0157375111],
      [0.00041887110207, 0.83272582229, 0.0089950160953, 0.15003877058, 0.0078215199344],
      [0.010554485938, 0.048167816116, 0.017182095049, 0.91162450335, 0.01247109955],
      [0.034892071855, 0.028865894381, 0.71174455832, 0.18735031067, 0.037147164776],
      [0.081782379491, 0.26152101645, 0.33543863023, 0.21675025644, 0.10450771738]
    ],
    [
      [0.0101458627, 0.26148054415, 0.3110257455, 0.33339178131, 0.083956066346],
      [0.72168976539, 0.0082340557148, 0.10743299644, 0.15292229569, 0.0097208867756],
      [0.00060466549496, 0.83299298925, 0.0098758544172, 0.1502814809, 0.0062450099377],
      [0.015162340174, 0.04855123846, 0.018786339185, 0.90758088868, 0.0099191935036],
      [0.046831672212, 0.027222394713, 0.72362082293, 0.1747902547, 0.027534855444],
      [0.11240182223, 0.25151297049, 0.35009609463, 0.20696070048, 0.079028412178]
    ],
    [
      [0.0079860992209, 0.29858454266, 0.3347212063, 0.24945709021, 0.1092510616],
      [0.70860221604, 0.010846417937, 0.13376523584, 0.13223606364, 0.014550066548],
      [0.00043811246745, 0.87851511242, 0.0097598948765, 0.10383199661, 0.0074548836205],
      [0.015256098867, 0.070890483942, 0.025739448002, 0.87171418824, 0.01639978095],
      [0.036377552991, 0.030460597907, 0.76980802667, 0.12830264451, 0.035051177924],
      [0.088214424787, 0.28396207218, 0.37301249458, 0.15312329013, 0.10168771832]
    ],
    [
      [0.0088945008029, 0.25468921058, 0.21944966093, 0.42610857418, 0.090858053501],
      [0.69114799331, 0.0085382821648, 0.080877226129, 0.20825413975, 0.011182358645],
      [0.00051935350679, 0.79777886783, 0.0068231980584, 0.18827537758, 0.0066032030328],
      [0.010667299386, 0.037926919318, 0.010623271394, 0.9322035409, 0.0085789689978],
      [0.04938104932, 0.031779270039, 0.6152631964, 0.26786943249, 0.035707051754],
      [0.10503818941, 0.2604169332, 0.26267920087, 0.28092083423, 0.090944842286]
    ],
    [
      [0.0081216133372, 0.16295556549, 0.27307985949, 0.42045169293, 0.13539126876],
      [0.65531559042, 0.0057581171463, 0.10557881386, 0.21592654584, 0.017420932733],
      [0.00066071961493, 0.71484998104, 0.011815816237, 0.2590243459, 0.013649137202],
      [0.0099356528518, 0.024827202491, 0.013464291902, 0.93879573299, 0.012977119762],
      [0.039226555028, 0.017765810928, 0.6666820009, 0.23016596828, 0.046159664871],
      [0.09558887337, 0.16624809629, 0.3262986907, 0.27660756227, 0.13525677738]
    ],
    [
      [0.0055608303843, 0.15622561196, 0.28120934334, 0.46539829419, 0.091605920133],
