{
  "Z_true": {},
  "V_true": [
    [26, 490, 30, 1408, 221, 54],
    [16, 16, 585, 173, 595, 53],
    [126, 100, 285, 609, 11675, 457],
    [52, 155, 51, 3967, 178, 87],
    [109, 141, 98, 788, 658, 228],
    [505, 25, 10, 566, 362, 74],
    [33, 22, 55, 159, 584, 570]
  ],
  "p_true": [
    [0.0117, 0.2198, 0.0135, 0.6317, 0.0991, 0.0242],
    [0.0111, 0.0111, 0.4068, 0.1203, 0.4138, 0.0369],
    [0.0095, 0.0075, 0.0215, 0.046, 0.881, 0.0345],
    [0.0116, 0.0345, 0.0114, 0.8835, 0.0396, 0.0194],
    [0.0539, 0.0697, 0.0485, 0.3897, 0.3254, 0.1128],
    [0.3275, 0.0162, 0.0065, 0.3671, 0.2348, 0.048],
    [0.0232, 0.0155, 0.0387, 0.1117, 0.4104, 0.4006]
  ],
  "Z_est": [
    [
      [0.23, 0.1779, 0.262, 0.1251, 0, 0, 0.1312, 0.0392, 0.1462, 0.0166, 0.0437, 0.1462, 0.0498, 0.383, 0.1297, 0.0392, 0.0513, 0.0181, 0.0121, 0.0286, 0.0196, 0.0151, 1.6555, 0.1025, 0.1312, 0.0045, 0, 0, 0.4417, 0.0709],
      [12.1492, 10.6985, 15.6851, 7.5252, 9.8825, 11.1538, 7.8879, 2.3573, 8.7946, 0.9973, 2.6293, 8.7946, 2.992, 23.029, 7.7972, 2.3573, 3.0826, 1.088, 0.7253, 1.7226, 1.1787, 0.9067, 1.9393, 6.1653, 7.8879, 0.272, 6.8757, 0, 26.565, 4.2613],
      [0, 0, 0.0361, 0.0173, 0.0228, 0.0253, 0.0182, 0.0054, 0.0203, 0.0023, 0.0061, 0.0203, 0.0069, 0, 0, 0.0054, 0.0071, 0.0025, 0.0017, 0.004, 0.0027, 0.0021, 0.0081, 0.0142, 0.0182, 0.0006, 0, 0, 0.0612, 0.0098],
      [121.3695, 106.9031, 156.6935, 75.1767, 98.8911, 109.5949, 78.7996, 23.5493, 87.8571, 9.9632, 26.2665, 87.8571, 29.8895, 230.1135, 77.8939, 23.5493, 30.7953, 10.8689, 7.2459, 17.2091, 11.7747, 9.0574, 35.324, 61.5905, 78.7996, 2.7172, 101.4432, 0, 265.3827, 42.5699],
      [0.2504, 0.2205, 0.3232, 0.1551, 0.2037, 0.2261, 0.1625, 0.0486, 0.1812, 0.0206, 0.0542, 0.1812, 0.0617, 0.4746, 0.1786, 0.0486, 0.0635, 0.0224, 0.0149, 0.0355, 0.0243, 0.0187, 0.0729, 0.127, 0.1625, 0.0056, 3.6803, 0, 0.5474, 0.0878],
      [0.0009, 0, 0, 0.0006, 0, 0, 0.0006, 0.0002, 0.0007, 0.0001, 0.0002, 0.0007, 0.0002, 0, 0.0006, 0.0002, 0.0002, 0.0001, 0.0001, 0.0001, 0.0001, 0.0001, 0.0003, 0.0005, 0.0006, 0, 0.0008, 0, 0.002, 0.0003]
    ],
    [
      [1.1163, 0.8967, 1.2078, 0.6588, 0, 0.7137, 0.9516, 0.7686, 1.2627, 0.2745, 0.5124, 1.1163, 0.6039, 2.5876, 1.3908, 0.4575, 0.1307, 0.4941, 0.3111, 0.3294, 0.6222, 0.4392, 0.4392, 0.4758, 1.098, 0.0366, 0.8235, 0, 3.8613, 0.8784],
      [20.9496, 16.0121, 21.5674, 11.764, 26.4691, 12.7444, 16.9925, 13.7247, 22.5477, 3.8358, 9.1498, 19.9335, 10.7837, 38.8866, 24.8352, 8.1695, 9.8171, 1.7002, 5.5552, 5.882, 6.4986, 7.8427, 7.8427, 8.4962, 19.6067, 0.6536, 14.705, 0, 68.9503, 14.0238],
      [32.463, 26.8931, 36.2233, 19.7582, 44.4559, 21.4047, 28.5396, 23.0512, 37.8698, 8.2326, 15.3675, 33.4791, 18.1117, 63.5322, 34.6092, 13.7209, 24.6992, 14.8186, 9.3302, 9.8791, 18.6605, 13.1721, 13.1721, 14.2698, 32.9303, 1.0977, 17.5679, 0.8159, 115.8048, 22.1205],
      [2.0995, 1.6865, 2.2716, 1.239, 4.2701, 1.3423, 1.7897, 1.4455, 2.3748, 1.5822, 0.9637, 2.0995, 1.1358, 5.4653, 2.6157, 0.8604, 4.6381, 0.9293, 0.5851, 0.6195, 1.1702, 0.826, 0.826, 0.8949, 2.0651, 0.0688, 8.6786, 0.0344, 7.2621, 1.652],
      [4.3716, 3.5116, 4.7299, 2.58, 5.8049, 2.795, 3.7266, 3.01, 4.9449, 1.075, 2.0066, 4.3716, 2.365, 8.5282, 12.5491, 1.7916, 9.7149, 9.0578, 1.2183, 1.29, 7.0486, 1.72, 1.72, 1.8633, 4.3, 0.1433, 3.225, 0.1496, 15.1215, 9.3252],
      [0, 0, 0, 0, 0, 0, 0, 0, 0, 0, 0, 0, 0, 0, 0, 0, 0, 0, 0, 0, 0, 0, 0, 0, 0, 0, 0, 0, 0, 0]
    ],
    [
      [0.8643, 8.3829, 1.6381, 3.9325, 0, 0, 1.2852, 1.6763, 3.2223, 0, 0.7103, 0, 3.1785, 1.8042, 0, 2.9063, 0, 0, 0, 0, 1.7583, 2.9501, 2.6766, 0.6293, 7.9763, 0.6383, 0, 0, 10.4647, 0.2722],
      [1.6188, 9.0715, 3.7095, 1.5141, 1.4417, 3.6115, 2.2674, 0.7828, 7.3335, 0, 1.7485, 3.6827, 0, 3.3792, 0, 0, 0, 0, 0, 0, 0, 3.5024, 0, 1.1787, 0, 0, 0, 0, 41.6103, 0],
      [0, 0, 0, 6.4517, 1.0012, 4.4822, 3.2244, 2.7471, 6.27, 0.1888, 0, 6.1383, 2.1666, 0, 0, 0.9688, 0, 0, 0.8121, 4.0231, 0.8977, 0, 5.1751, 0, 1.1562, 0, 0, 0.0422, 16.9853, 0],
      [38.3084, 6.7753, 43.1656, 23.4497, 28.0925, 15.1504, 0.7194, 0, 0, 1.5423, 6.882, 17.6548, 12.4372, 46.8514, 4.1892, 1.0758, 5.2332, 0, 0, 0, 0, 0, 0, 0, 3.2305, 0.3093, 4.4555, 0, 0, 2.4543],
      [273.2623, 337.7703, 339.4868, 270.7214, 254.4646, 226.7559, 641.2376, 802.5849, 673.207, 115.2689, 246.245, 688.2459, 295.2177, 615.9652, 540.7221, 460.5424, 388.8172, 327.3424, 357.3338, 505.9769, 648.344, 499.3262, 223.7629, 224.7274, 417.2798, 152.608, 332.6052, 11.5739, 1554.5803, 179.4171],
      [5.9463, 0, 0, 2.9305, 0, 0, 14.266, 8.2089, 13.9673, 0, 7.4142, 12.2783, 0, 0, 6.0887, 4.5068, 2.9495, 3.6576, 6.8541, 0, 0, 0.2213, 0.3854, 6.4646, 13.3571, 7.4444, 0.9393, 0.3839, 59.3594, 0.8563]
    ],
    [
      [1.8678, 1.5495, 1.7809, 1.1444, 0, 0, 0.9258, 0.6301, 10.8135, 0.1736, 1.2422, 0, 0.5594, 3.3497, 0, 0.2829, 0, 0, 0, 0.3279, 2.0353, 0.27, 2.5476, 2.7191, 3.9856, 0.1929, 0, 0, 3.4011, 0.5272],
      [6.8199, 3.0684, 3.5268, 2.2663, 2.5973, 6.4463, 1.8334, 1.2477, 2.3809, 0, 1.1942, 2.5082, 0, 6.6334, 0, 0, 0, 0, 0, 0.6493, 0, 0.5347, 0, 14.1816, 0, 0, 0, 0, 6.7352, 0],
      [0, 0, 0.2644, 2.9671, 3.4004, 4.1172, 2.4003, 1.6335, 3.1171, 0.4501, 0, 4.5503, 1.4502, 0, 0, 0.7334, 0, 0, 0.8001, 0.8501, 0.9835, 0.7001, 1.3502, 0.0049, 3.4671, 0, 0, 0.1, 54.4911, 0],
      [234.2491, 223.1071, 256.1699, 160.5827, 186.7653, 222.831, 129.9096, 78.9429, 159.0908, 24.8891, 61.3462, 177.7235, 80.1982, 482.3186, 159.6805, 39.6946, 67.6612, 22.6607, 35.4328, 46.0096, 29.7797, 29.0184, 50.9962, 81.8372, 187.6472, 27.0645, 147.9526, 5.3341, 431.564, 73.9763],
      [14.2665, 13.275, 15.258, 9.8048, 11.237, 13.6055, 7.932, 14.8659, 10.3005, 1.4872, 3.7457, 10.8514, 4.7922, 28.6983, 10.2666, 2.9839, 6.8185, 10.4351, 11.4341, 2.8092, 26.2016, 11.1854, 25.5442, 18.1391, 11.4573, 1.6525, 14.9098, 0.3305, 29.139, 6.9277],
      [1.7966, 0, 0, 1.2348, 0, 0, 0.9989, 0.6798, 1.2972, 0, 0.4717, 1.3666, 0, 0, 7.0528, 0.3052, 0.5203, 7.9042, 0.333, 0.3538, 0, 0.2913, 0.5619, 1.1181, 1.4429, 1.0901, 1.1376, 0.2354, 3.6696, 0.5688]
    ],
    [
      [8.6285, 11.5046, 16.1973, 9.9909, 4.9587, 4.139, 11.5046, 9.8395, 13.9267, 2.5296, 11.2019, 13.3688, 8.3257, 25.8854, 13.1698, 7.7706, 6.2065, 5.0951, 6.0974, 9.0079, 7.5688, 5.6009, 4.8441, 5.6009, 14.7174, 3.0275, 2.8163, 0, 33.757, 3.3303],
      [3.6507, 4.8676, 6.8531, 4.2271, 5.3342, 9.4326, 4.8676, 4.1631, 5.8924, 0, 4.7395, 8.7802, 2.7306, 12.7505, 4.074, 1.0618, 2.6259, 0, 1.2848, 2.1956, 0, 2.3698, 2.0495, 2.3698, 4.4553, 0.9719, 5.6362, 0, 14.2826, 1.409],
      [0.7958, 1.0611, 1.4939, 0.9215, 8.1052, 0.8656, 1.0611, 0.9075, 1.2845, 0.4328, 0, 4.4598, 0.7679, 0, 0, 0.5724, 0.5724, 0.5026, 0.6283, 0.8656, 0.6981, 0.5166, 0.4468, 0.5166, 1.2426, 0, 0, 0.0419, 3.1134, 0.3072],
      [11.998, 15.9973, 27.1176, 13.8924, 15.3061, 13.0505, 15.9973, 13.6819, 19.3652, 12.4698, 15.5763, 24.417, 18.4518, 36.583, 18.3127, 8.6301, 8.6301, 7.5777, 9.4721, 7.1077, 10.5246, 7.7882, 6.7357, 7.7882, 18.7337, 4.2098, 30.0188, 0.6315, 46.9395, 4.6308],
      [25.5059, 34.0079, 47.8795, 29.5332, 27.2958, 27.7433, 34.0079, 29.0857, 41.1674, 15.5678, 33.1129, 51.9067, 24.611, 76.5177, 41.6428, 18.3464, 18.3464, 18.7692, 22.4482, 36.4801, 25.576, 16.5565, 14.3191, 16.5565, 39.825, 8.9494, 39.6154, 1.9459, 99.7863, 9.8444],
      [6.4211, 8.5615, 7.4586, 7.435, 0, 6.769, 8.5615, 7.3223, 10.3639, 0, 9.3693, 13.0675, 0.113, 19.2633, 9.8007, 4.6187, 4.6187, 4.0554, 5.0693, 6.3432, 5.6326, 4.1681, 3.6048, 4.1681, 10.026, 2.8413, 9.9133, 0.3807, 25.1212, 2.4783]
    ],
    [
      [15.4078, 21.0574, 12.3263, 13.6103, 13.6103, 13.3535, 18.2326, 8.4743, 17.2054, 2.3112, 8.7311, 22.5982, 7.4471, 48.0211, 17.6307, 5.9063, 6.6767, 5.3927, 7.1903, 6.6767, 8.2175, 1.7976, 11.2991, 10.7855, 21.0574, 0.2568, 15.9214, 0, 43.6556, 4.8792],
      [0.6052, 7.0154, 0.4842, 0.5346, 1.0088, 0.5245, 0.7162, 0.3329, 0.6759, 0.0908, 0.343, 0.8877, 0.2925, 1.8863, 0, 0.232, 0.2623, 0.2118, 0.2824, 0.2623, 0.3228, 0.0706, 0, 0.4237, 0.8272, 0.0101, 0.6254, 0, 1.7149, 0.1917],
      [0.244, 0.2468, 0.1952, 0.2155, 0.2155, 0.2114, 0.2887, 0.1342, 0.2724, 0.0366, 0.1382, 0.3578, 0.1179, 0, 0, 0.0935, 0.1057, 0.0854, 0.1139, 0.1057, 0.1301, 0.0285, 0.1789, 0.1708, 0.3334, 0.0041, 0, 0, 0.6912, 0.0773],
      [36.943, 50.4888, 29.5544, 32.633, 32.633, 32.0173, 43.7159, 20.3187, 41.253, 5.5415, 20.9344, 54.1831, 17.8558, 123.5997, 57.2617, 14.1615, 16.0086, 12.9301, 17.2401, 16.0086, 19.7029, 4.31, 27.0915, 25.8601, 50.4888, 0.6157, 38.4266, 0, 104.6719, 11.6986],
      [0.4565, 0.6239, 0.3652, 0.4032, 0.4032, 0.3956, 0.5402, 0.2511, 0.5098, 0.0685, 0.2587, 0.6695, 0.2206, 1.4228, 8.2753, 0.175, 0.1978, 0.1598, 0.213, 0.1978, 0.2435, 0.0533, 0.7786, 0.3195, 0.6239, 0.0076, 0.4717, 0, 1.2934, 0.1446],
      [6.3434, 2.5677, 5.0747, 5.6034, 5.1292, 5.4976, 7.5064, 3.4889, 7.0835, 0.9515, 3.5946, 9.3037, 3.066, 12.0701, 9.8323, 2.4316, 2.7488, 2.2202, 2.9603, 2.7488, 3.3832, 0.7401, 4.6518, 4.4404, 8.6693, 0.1057, 6.5549, 0, 17.973, 2.0088]
    ],
    [
      [1.8853, 2.431, 1.5876, 1.538, 2.431, 0.7938, 3.969, 3.5721, 3.4232, 0.6946, 3.5583, 3.7705, 1.8356, 3.969, 2.679, 1.6372, 1.9349, 0, 1.3891, 2.6294, 2.7783, 2.9271, 1.538, 1.6868, 2.0341, 0.8434, 1.4387, 0, 10.4185, 1.0419],
      [0.2066, 0.2664, 0.174, 0.1685, 0.2664, 0.087, 0.435, 0.3915, 0.3752, 0.0761, 0.1957, 0.4132, 0.2012, 0.435, 0.2936, 0.1794, 0.212, 0, 0.1522, 0.2882, 0, 1.7731, 0.1685, 0.1849, 0.2229, 0.0924, 0.1577, 0, 1.1418, 0.1142],
      [4.4972, 5.799, 3.7871, 3.6688, 5.799, 1.8936, 9.4678, 8.521, 8.166, 1.6569, 2.4882, 8.9944, 4.3789, 9.4678, 6.3908, 3.9055, 4.6155, 0.5909, 3.3137, 6.2724, 6.6275, 5.5807, 3.6688, 4.0238, 4.8522, 0.8976, 3.4321, 0, 24.853, 2.4853],
      [0.0325, 0.0419, 0.0274, 0.0265, 0.0419, 0.0137, 0.0685, 0.0616, 0.0591, 0.012, 0.0308, 0.0651, 0.0317, 0.0685, 0.0462, 0.0283, 0.0334, 0.0334, 0.024, 0.0454, 0.0479, 0, 0.0265, 0.0291, 0.0351, 0.0146, 0.0248, 0, 0.1798, 0.018],
      [5.8868, 7.5908, 4.9573, 4.8024, 7.5908, 2.4786, 12.3932, 11.1539, 10.6891, 2.5121, 5.5769, 11.7736, 5.7319, 12.3932, 8.3654, 5.1122, 6.0417, 12.2133, 4.3376, 8.2105, 10.5621, 9.14, 4.8024, 5.2671, 6.3515, 2.6336, 4.4925, 0, 32.5322, 3.2532],
      [25.4916, 32.8708, 21.4666, 20.7958, 32.8708, 10.7333, 53.6666, 48.2999, 46.2874, 9.0484, 24.15, 50.9833, 24.8208, 53.6666, 36.2249, 22.1375, 26.1625, 26.1625, 18.7833, 35.5541, 35.9842, 39.5791, 20.7958, 22.8083, 27.5041, 12.5184, 19.4541, 0, 140.8748, 14.0875]
    ]
  ],
  "V_est": [
    [4.4708, 197.4011, 0.3184, 2019.1461, 7.6536, 0.0099],
    [24.4587, 449.9396, 766.0507, 63.4918, 134.0592, 0],
    [56.9668, 86.4525, 62.7309, 261.9768, 12605.3931, 178.4799],
    [40.3263, 62.6238, 87.831, 3914.4336, 350.3545, 34.4307],
    [280.6119, 123.0752, 32.1808, 451.6356, 926.95, 207.5465],
    [389.7302, 20.8351, 4.7928, 958.1483, 19.7436, 148.75],
    [70.4352, 8.6728, 160.0953, 1.1677, 228.846, 953.783]
  ],
  "p_est": [
    [0.002, 0.0886, 0.0001, 0.9059, 0.0034, 4.4429e-06],
    [0.017, 0.3129, 0.5327, 0.0442, 0.0932, 0],
    [0.0043, 0.0065, 0.0047, 0.0198, 0.9512, 0.0135],
    [0.009, 0.0139, 0.0196, 0.8718, 0.078, 0.0077],
    [0.1388, 0.0609, 0.0159, 0.2234, 0.4584, 0.1026],
    [0.2527, 0.0135, 0.0031, 0.6214, 0.0128, 0.0965],
    [0.0495, 0.0061, 0.1125, 0.0008, 0.1608, 0.6703]
  ],
  "EI_Z": {},
  "EI_V": 14.4262,
  "MAE_Z": {},
  "MAE_V": 181.3308,
  "MAE_p": 0.0817,
  "runtime": 0.7026
}
