{
  "X": [
    [5, 6, 12, 24, 0],
    [5, 5, 9, 24, 0],
    [3, 8, 8, 16, 0],
    [8, 10, 18, 19, 1],
    [3, 3, 7, 17, 2],
    [9, 5, 14, 34, 3],
    [2, 6, 9, 14, 0],
    [3, 0, 2, 4, 0],
    [8, 4, 11, 16, 1],
    [4, 9, 11, 20, 1],
    [1, 0, 2, 7, 0],
    [3, 1, 4, 6, 0],
    [0, 0, 1, 4, 1],
    [2, 0, 6, 9, 0],
    [3, 1, 4, 10, 0],
    [3, 1, 7, 9, 1],
    [4, 2, 10, 27, 1],
    [2, 0, 4, 6, 0],
    [0, 0, 5, 1, 1],
    [2, 0, 2, 6, 0],
    [5, 3, 16, 25, 0],
    [3, 0, 10, 8, 1],
    [1, 1, 4, 17, 0],
    [0, 0, 4, 9, 0],
    [1, 2, 2, 6, 0],
    [2, 5, 9, 10, 0],
    [2, 2, 3, 3, 0],
    [4, 12, 27, 35, 4],
    [0, 0, 4, 4, 1],
    [1, 0, 2, 5, 0],
    [5, 15, 46, 34, 4],
    [7, 19, 49, 37, 0],
    [2, 0, 5, 9, 1],
    [0, 5, 5, 10, 1],
    [2, 0, 3, 9, 2],
    [2, 0, 2, 3, 0],
    [0, 0, 4, 6, 1],
    [1, 1, 1, 15, 0],
    [2, 0, 4, 8, 0],
    [2, 2, 4, 10, 0],
    [0, 1, 0, 6, 0],
    [0, 0, 4, 9, 0],
    [1, 7, 6, 5, 3],
    [1, 1, 6, 20, 1],
    [2, 0, 2, 7, 0],
    [1, 1, 1, 5, 0],
    [2, 2, 4, 10, 0],
    [1, 1, 0, 11, 0],
    [4, 1, 8, 15, 1],
    [5, 3, 10, 7, 0],
    [1, 1, 10, 17, 0],
    [2, 2, 8, 21, 0],
    [1, 1, 4, 6, 0],
    [0, 0, 5, 8, 1],
    [3, 0, 0, 8, 0],
    [2, 0, 0, 5, 0],
    [1, 0, 1, 4, 0],
    [2, 1, 2, 6, 0],
    [1, 0, 3, 5, 0],
    [5, 24, 39, 34, 4],
    [2, 13, 33, 22, 3],
    [3, 15, 27, 30, 6],
    [7, 19, 27, 40, 6],
    [1, 12, 26, 25, 3],
    [4, 26, 20, 20, 3],
    [0, 8, 13, 7, 2],
    [8, 20, 50, 32, 7],
    [3, 34, 28, 42, 3],
    [0, 1, 8, 3, 1],
    [3, 16, 19, 15, 3],
    [1, 7, 28, 29, 4],
    [3, 16, 33, 32, 10],
    [10, 12, 46, 38, 12],
    [10, 15, 37, 56, 3],
    [9, 6, 24, 30, 3],
    [2, 10, 26, 24, 2],
    [9, 19, 44, 21, 3],
    [4, 15, 66, 18, 0],
    [3, 27, 39, 32, 1],
    [9, 23, 28, 31, 2],
    [4, 15, 42, 32, 1],
    [9, 36, 44, 38, 14],
    [3, 3, 19, 14, 1],
    [10, 9, 30, 25, 3],
    [1, 1, 10, 11, 1],
    [5, 12, 26, 30, 2],
    [4, 15, 22, 24, 4],
    [6, 12, 21, 24, 2],
    [3, 14, 32, 31, 1],
    [4, 28, 39, 29, 3],
    [1, 20, 31, 28, 7],
    [8, 19, 31, 17, 4],
    [4, 21, 28, 22, 9],
    [3, 27, 58, 27, 12],
    [6, 24, 41, 27, 4],
    [4, 13, 23, 14, 0],
    [5, 8, 16, 13, 2],
    [6, 10, 18, 38, 4],
    [2, 4, 21, 16, 1],
    [0, 0, 8, 8, 1],
    [1, 12, 21, 19, 2],
    [11, 12, 35, 35, 5],
    [3, 9, 13, 10, 1],
    [3, 3, 22, 26, 2],
    [12, 16, 33, 28, 5],
    [7, 14, 31, 50, 5],
    [4, 2, 17, 32, 2],
    [1, 2, 7, 6, 0],
    [4, 6, 12, 7, 1],
    [0, 6, 7, 12, 0],
    [10, 23, 52, 44, 3],
    [3, 8, 15, 40, 1],
    [13, 26, 44, 36, 2],
    [12, 16, 53, 55, 9],
    [7, 31, 62, 60, 7],
    [15, 49, 97, 88, 10],
    [7, 6, 26, 19, 0],
    [7, 6, 38, 33, 4],
    [8, 19, 39, 49, 9],
    [4, 6, 13, 16, 0],
    [3, 9, 30, 16, 1],
    [10, 22, 51, 52, 6],
    [5, 12, 38, 43, 10],
    [5, 18, 41, 37, 4],
    [8, 35, 75, 58, 6],
    [14, 49, 81, 70, 7],
    [5, 11, 20, 14, 4],
    [3, 10, 58, 39, 7],
    [2, 20, 35, 33, 9],
    [4, 29, 33, 33, 5],
    [4, 15, 28, 27, 3],
    [15, 28, 58, 94, 5],
    [1, 1, 1, 3, 0],
    [5, 2, 2, 12, 0],
    [1, 2, 5, 9, 1],
    [1, 1, 1, 4, 0],
    [8, 5, 22, 35, 2],
    [4, 12, 29, 27, 2],
    [2, 6, 6, 9, 2],
    [5, 9, 24, 27, 4],
    [5, 17, 31, 27, 1],
    [2, 5, 8, 15, 2],
    [1, 1, 5, 12, 1],
    [2, 4, 8, 17, 0],
    [1, 0, 5, 5, 0],
    [4, 2, 13, 24, 0],
    [8, 11, 24, 26, 1],
    [0, 11, 24, 17, 2],
    [5, 11, 25, 20, 6],
    [4, 14, 48, 22, 3],
    [7, 9, 27, 20, 7],
    [2, 4, 13, 5, 0],
    [3, 7, 20, 33, 5],
    [6, 20, 57, 36, 3],
    [2, 5, 5, 13, 2],
    [2, 2, 13, 15, 0],
    [2, 0, 5, 14, 0],
    [5, 2, 9, 21, 0],
    [5, 10, 17, 31, 3],
    [14, 21, 33, 36, 5],
    [4, 4, 6, 10, 0],
    [6, 6, 20, 18, 0],
    [4, 3, 8, 14, 0],
    [10, 2, 16, 19, 3],
    [4, 1, 11, 14, 0],
    [4, 3, 4, 20, 2],
    [2, 3, 10, 12, 1],
    [1, 1, 6, 10, 1],
    [5, 4, 1, 5, 0],
    [4, 2, 8, 20, 1],
    [6, 9, 28, 29, 1],
    [6, 0, 8, 19, 0],
    [2, 3, 10, 16, 2],
    [1, 1, 7, 9, 1],
    [1, 0, 3, 5, 0],
    [7, 3, 12, 20, 1],
    [1, 1, 12, 12, 1],
    [6, 1, 11, 16, 0],
    [1, 0, 0, 6, 0],
    [9, 1, 5, 15, 2],
    [5, 9, 13, 21, 1],
    [4, 5, 16, 19, 1],
    [8, 2, 10, 6, 0],
    [6, 1, 5, 16, 0],
    [2, 3, 11, 11, 3],
    [2, 2, 2, 0, 0],
    [3, 1, 2, 11, 0],
    [4, 2, 4, 4, 0],
    [2, 3, 17, 15, 0],
    [2, 0, 2, 8, 0],
    [1, 2, 7, 21, 0],
    [0, 0, 6, 7, 0],
    [0, 0, 3, 11, 2],
    [0, 1, 0, 7, 0],
    [1, 0, 3, 10, 0],
    [1, 2, 7, 7, 2],
    [1, 2, 6, 14, 0],
    [0, 4, 9, 10, 2],
    [0, 5, 12, 9, 1],
    [3, 7, 12, 12, 0],
    [1, 1, 5, 2, 0],
    [1, 7, 20, 11, 5],
    [1, 0, 3, 3, 0],
    [0, 1, 10, 7, 0],
    [2, 2, 2, 10, 1],
    [3, 1, 8, 5, 1],
    [2, 3, 13, 12, 1],
    [0, 3, 5, 9, 5],
    [1, 8, 19, 8, 1],
    [4, 1, 5, 4, 0],
    [4, 4, 14, 12, 3],
    [4, 10, 19, 16, 2],
    [0, 2, 3, 10, 0],
    [2, 1, 6, 4, 1],
    [0, 1, 6, 11, 0],
    [2, 3, 4, 7, 1],
    [1, 2, 5, 5, 0],
    [2, 2, 5, 9, 0],
    [0, 2, 1, 4, 0],
    [4, 1, 7, 19, 2],
    [4, 4, 14, 21, 2],
    [3, 1, 9, 15, 0],
    [1, 4, 6, 3, 1],
    [3, 1, 16, 27, 4],
    [3, 3, 5, 13, 0],
    [7, 11, 20, 16, 4],
    [3, 0, 4, 17, 0],
    [8, 7, 15, 21, 0],
    [6, 4, 14, 10, 2],
    [9, 5, 13, 38, 0],
    [2, 1, 3, 2, 1],
    [4, 2, 21, 36, 3],
    [1, 4, 10, 9, 1],
    [1, 2, 4, 6, 4],
    [2, 2, 4, 10, 0],
    [8, 6, 10, 8, 0],
    [3, 7, 4, 4, 1],
    [10, 1, 5, 5, 1],
    [4, 1, 10, 11, 0],
    [1, 0, 2, 4, 0],
    [0, 1, 1, 4, 1],
    [2, 0, 5, 5, 2],
    [0, 0, 6, 3, 0],
    [1, 1, 1, 4, 2],
    [3, 1, 9, 9, 1],
    [3, 5, 7, 18, 0],
    [0, 0, 3, 5, 0],
    [0, 0, 0, 6, 1],
    [2, 7, 11, 18, 1],
    [5, 2, 10, 6, 0],
    [2, 3, 14, 24, 3],
    [4, 4, 9, 20, 3],
    [0, 2, 10, 13, 1],
    [1, 7, 7, 10, 0],
    [1, 3, 11, 11, 0],
    [1, 6, 15, 16, 1],
    [1, 6, 12, 16, 4],
    [0, 1, 2, 7, 0],
    [1, 5, 12, 9, 0],
    [16, 31, 67, 80, 8],
    [0, 1, 6, 4, 0],
    [0, 2, 7, 7, 1],
    [4, 4, 8, 16, 0],
    [4, 4, 7, 7, 0],
    [12, 7, 28, 24, 1],
    [8, 23, 26, 22, 3],
    [6, 15, 38, 16, 7],
    [1, 2, 7, 7, 2],
    [4, 19, 47, 36, 12],
    [0, 2, 2, 6, 1],
    [3, 3, 8, 12, 1],
    [0, 0, 1, 8, 0],
    [2, 0, 4, 7, 0],
    [2, 1, 2, 3, 0],
    [6, 0, 6, 13, 1],
    [2, 7, 11, 7, 1],
    [2, 1, 2, 12, 2],
    [2, 3, 9, 33, 1],
    [3, 1, 3, 11, 1],
    [9, 19, 36, 61, 3],
    [5, 6, 7, 18, 0],
    [11, 10, 47, 33, 6],
    [4, 0, 0, 4, 1],
    [1, 0, 1, 4, 0],
    [1, 1, 4, 8, 0],
    [3, 0, 2, 4, 0],
    [1, 0, 2, 6, 0],
    [3, 4, 9, 11, 0],
    [4, 8, 14, 24, 1],
    [15, 5, 16, 25, 1],
    [5, 11, 27, 30, 7],
    [7, 5, 13, 43, 0],
    [3, 2, 2, 16, 0],
    [2, 2, 9, 11, 1],
    [6, 1, 3, 8, 0],
    [0, 0, 1, 5, 0],
    [7, 4, 13, 32, 2],
    [13, 6, 24, 76, 1],
    [4, 38, 47, 30, 5],
    [12, 7, 14, 29, 3],
    [36, 79, 146, 135, 17],
    [25, 100, 150, 145, 19],
    [23, 121, 231, 203, 27],
    [15, 23, 57, 65, 10],
    [7, 23, 32, 55, 10],
    [8, 13, 33, 38, 7],
    [14, 13, 40, 48, 2],
    [6, 12, 17, 24, 3],
    [1, 1, 7, 4, 1],
    [9, 24, 32, 57, 5],
    [1, 2, 13, 29, 1],
    [25, 51, 106, 85, 9],
    [205, 317, 581, 748, 59],
    [7, 16, 22, 43, 2]
  ],
  "W": [
    [15, 13, 8, 3, 4, 2, 2],
    [13, 7, 5, 6, 7, 5, 0],
    [5, 10, 4, 7, 1, 8, 0],
    [10, 20, 8, 7, 1, 7, 3],
    [3, 13, 3, 6, 4, 2, 1],
    [20, 14, 3, 13, 7, 7, 1],
    [7, 10, 2, 1, 5, 6, 0],
    [3, 3, 0, 1, 1, 1, 0],
    [13, 17, 2, 1, 3, 3, 1],
    [10, 6, 10, 9, 6, 4, 0],
    [2, 2, 1, 3, 1, 1, 0],
    [2, 5, 0, 0, 6, 1, 0],
    [0, 0, 1, 1, 2, 0, 2],
    [6, 5, 0, 2, 4, 0, 0],
    [4, 5, 2, 4, 1, 1, 1],
    [4, 7, 0, 3, 3, 4, 0],
    [10, 13, 3, 5, 11, 2, 0],
    [4, 5, 0, 1, 2, 0, 0],
    [3, 0, 0, 1, 2, 1, 0],
    [2, 2, 0, 4, 2, 0, 0],
    [12, 18, 5, 8, 4, 2, 0],
    [4, 5, 1, 0, 6, 6, 0],
    [1, 5, 2, 7, 3, 4, 1],
    [0, 3, 0, 4, 4, 2, 0],
    [1, 3, 0, 2, 4, 1, 0],
    [2, 9, 4, 6, 1, 4, 0],
    [0, 3, 1, 0, 4, 2, 0],
    [7, 40, 9, 6, 7, 9, 4],
    [1, 3, 0, 2, 2, 1, 0],
    [1, 2, 0, 1, 3, 1, 0],
    [3, 54, 17, 15, 5, 7, 3],
    [7, 63, 17, 16, 0, 5, 4],
    [1, 6, 2, 0, 7, 1, 0],
    [0, 6, 0, 3, 9, 3, 0],
    [1, 4, 0, 3, 6, 2, 0],
    [2, 0, 0, 0, 3, 1, 1],
    [0, 3, 0, 2, 5, 1, 0],
    [2, 1, 1, 5, 7, 2, 0],
    [5, 2, 0, 1, 5, 1, 0],
    [4, 4, 1, 1, 6, 1, 1],
    [2, 1, 3, 1, 0, 0, 0],
    [2, 0, 0, 2, 2, 6, 1],
    [3, 7, 2, 3, 0, 5, 2],
    [10, 5, 2, 3, 4, 4, 1],
    [3, 4, 0, 2, 2, 0, 0],
    [1, 3, 1, 0, 3, 0, 0],
    [6, 5, 3, 0, 2, 2, 0],
    [1, 2, 0, 2, 4, 3, 1],
    [3, 9, 3, 7, 5, 2, 0],
    [7, 10, 2, 4, 0, 2, 0],
    [5, 9, 2, 4, 7, 2, 0],
    [8, 12, 2, 1, 10, 0, 0],
    [5, 2, 1, 2, 2, 0, 0],
    [3, 4, 0, 0, 4, 3, 0],
    [1, 3, 0, 1, 5, 1, 0],
    [1, 1, 0, 1, 4, 0, 0],
    [1, 0, 0, 1, 2, 2, 0],
    [1, 2, 1, 4, 2, 1, 0],
    [0, 5, 0, 0, 4, 0, 0],
    [4, 44, 17, 18, 3, 16, 4],
    [5, 43, 10, 4, 3, 7, 1],
    [4, 31, 17, 10, 3, 12, 4],
    [7, 41, 22, 19, 3, 4, 3],
    [2, 23, 12, 12, 4, 14, 0],
    [4, 24, 21, 7, 1, 10, 6],
    [1, 10, 7, 6, 1, 3, 2],
    [12, 56, 19, 18, 3, 7, 2],
    [3, 44, 36, 12, 3, 9, 3],
    [0, 8, 1, 1, 0, 2, 1],
    [5, 21, 14, 6, 3, 5, 2],
    [1, 36, 9, 16, 0, 6, 1],
    [4, 44, 8, 15, 4, 12, 7],
    [8, 41, 15, 24, 8, 18, 4],
    [17, 42, 12, 21, 11, 16, 2],
    [8, 26, 5, 13, 6, 4, 10],
    [3, 28, 10, 9, 7, 5, 2],
    [12, 54, 10, 5, 1, 12, 2],
    [3, 62, 13, 6, 1, 17, 1],
    [7, 43, 19, 14, 4, 15, 0],
    [6, 48, 14, 9, 1, 11, 4],
    [7, 51, 10, 13, 3, 6, 4],
    [8, 49, 32, 18, 12, 15, 7],
    [2, 14, 7, 3, 4, 9, 1],
    [4, 35, 12, 9, 4, 10, 3],
    [2, 15, 1, 3, 0, 2, 1],
    [9, 28, 8, 9, 3, 15, 3],
    [5, 24, 9, 10, 1, 18, 2],
    [5, 31, 7, 9, 1, 9, 3],
    [7, 33, 21, 11, 1, 6, 2],
    [1, 50, 25, 11, 0, 13, 3],
    [4, 34, 18, 11, 2, 11, 7],
    [5, 42, 7, 6, 2, 13, 4],
    [6, 37, 19, 11, 1, 4, 6],
    [6, 68, 23, 8, 4, 10, 8],
    [4, 55, 20, 16, 0, 6, 1],
    [1, 34, 9, 2, 1, 4, 3],
    [7, 16, 7, 6, 1, 5, 2],
    [3, 23, 9, 15, 12, 12, 2],
    [0, 17, 7, 10, 1, 9, 0],
    [1, 8, 0, 4, 1, 3, 0],
    [3, 18, 14, 8, 2, 7, 3],
    [4, 46, 11, 14, 5, 13, 5],
    [3, 18, 6, 4, 2, 2, 1],
    [8, 22, 2, 12, 6, 5, 1],
    [13, 31, 19, 10, 1, 13, 7],
    [11, 40, 16, 25, 1, 10, 4],
    [3, 21, 5, 8, 3, 14, 3],
    [2, 4, 2, 2, 3, 1, 2],
    [1, 11, 5, 1, 3, 7, 2],
    [0, 7, 7, 5, 0, 5, 1],
    [7, 50, 19, 17, 18, 19, 2],
    [3, 28, 2, 18, 8, 5, 3],
    [4, 71, 15, 11, 1, 13, 6],
    [12, 63, 14, 18, 10, 25, 3],
    [11, 76, 32, 26, 4, 9, 9],
    [13, 130, 44, 30, 3, 25, 14],
    [2, 28, 5, 10, 3, 9, 1],
    [7, 40, 3, 19, 6, 10, 3],
    [9, 52, 19, 21, 3, 14, 6],
    [4, 14, 4, 5, 5, 5, 2],
    [5, 36, 6, 5, 5, 2, 0],
    [5, 71, 21, 11, 14, 13, 6],
    [6, 57, 11, 19, 2, 9, 4],
    [4, 51, 19, 16, 4, 9, 2],
    [4, 83, 34, 27, 5, 25, 4],
    [9, 117, 33, 34, 5, 17, 6],
    [3, 28, 3, 8, 1, 9, 2],
    [8, 50, 11, 17, 6, 15, 10],
    [6, 51, 13, 14, 1, 9, 5],
    [1, 54, 25, 12, 3, 6, 3],
    [4, 36, 13, 11, 3, 6, 4],
    [14, 86, 27, 37, 16, 18, 2],
    [2, 3, 1, 0, 0, 0, 0],
    [5, 5, 0, 4, 3, 3, 1],
    [6, 5, 1, 1, 4, 0, 1],
    [1, 1, 1, 1, 2, 1, 0],
    [3, 26, 9, 14, 10, 7, 3],
    [5, 24, 13, 14, 12, 4, 2],
    [1, 3, 8, 7, 0, 4, 2],
    [3, 33, 8, 4, 10, 10, 1],
    [7, 31, 14, 8, 11, 8, 2],
    [9, 8, 2, 6, 4, 1, 2],
    [5, 1, 1, 2, 6, 5, 0],
    [2, 12, 3, 2, 5, 7, 0],
    [1, 5, 0, 2, 1, 1, 1],
    [2, 20, 4, 5, 4, 5, 3],
    [13, 25, 6, 12, 4, 7, 3],
    [6, 25, 6, 8, 0, 6, 3],
    [7, 39, 4, 5, 6, 3, 3],
    [6, 46, 11, 7, 3, 13, 5],
    [3, 41, 7, 6, 4, 5, 4],
    [1, 13, 3, 2, 3, 2, 0],
    [4, 33, 8, 12, 3, 7, 1],
    [6, 76, 9, 12, 3, 15, 1],
    [6, 10, 2, 2, 3, 3, 1],
    [1, 12, 1, 7, 3, 7, 1],
    [3, 6, 2, 5, 4, 1, 0],
    [4, 16, 2, 7, 7, 1, 0],
    [7, 30, 8, 8, 3, 7, 3],
    [11, 43, 20, 11, 2, 20, 2],
    [7, 9, 1, 3, 3, 1, 0],
    [13, 16, 3, 8, 5, 5, 0],
    [9, 10, 2, 2, 2, 3, 1],
    [13, 15, 7, 6, 6, 0, 3],
    [6, 15, 0, 2, 7, 0, 0],
    [4, 10, 2, 10, 3, 2, 2],
    [5, 6, 1, 5, 3, 7, 1],
    [4, 8, 0, 4, 1, 2, 0],
    [1, 4, 3, 3, 1, 2, 1],
    [8, 9, 3, 8, 2, 3, 2],
    [8, 35, 6, 6, 6, 11, 1],
    [7, 13, 0, 3, 7, 2, 1],
    [4, 13, 2, 4, 4, 5, 1],
    [5, 7, 0, 1, 5, 1, 0],
    [1, 3, 1, 3, 1, 0, 0],
    [7, 12, 6, 8, 3, 4, 3],
    [4, 9, 4, 1, 5, 2, 2],
    [10, 10, 0, 3, 7, 4, 0],
    [2, 1, 0, 2, 1, 1, 0],
    [8, 5, 3, 5, 4, 5, 2],
    [11, 20, 9, 5, 3, 1, 0],
    [6, 14, 5, 8, 6, 4, 2],
    [3, 16, 1, 1, 2, 2, 1],
    [8, 9, 2, 2, 6, 0, 1],
    [3, 13, 2, 7, 1, 1, 3],
    [3, 1, 1, 1, 0, 0, 0],
    [5, 7, 0, 2, 0, 3, 0],
    [3, 7, 1, 2, 0, 0, 1],
    [2, 18, 1, 6, 2, 6, 2],
    [0, 2, 0, 0, 7, 3, 0],
    [2, 6, 1, 11, 4, 6, 1],
    [0, 5, 3, 1, 2, 1, 1],
    [1, 5, 0, 5, 3, 2, 0],
    [0, 4, 1, 1, 0, 2, 0],
    [1, 4, 0, 3, 4, 1, 1],
    [2, 7, 3, 3, 2, 2, 0],
    [5, 5, 6, 1, 5, 1, 0],
    [0, 13, 4, 3, 2, 2, 1],
    [0, 18, 1, 3, 1, 3, 1],
    [6, 21, 2, 2, 0, 3, 0],
    [0, 6, 0, 0, 1, 1, 1],
    [0, 19, 7, 4, 1, 8, 5],
    [1, 4, 0, 2, 0, 0, 0],
    [0, 12, 1, 2, 1, 2, 0],
    [1, 7, 4, 2, 1, 2, 0],
    [3, 8, 3, 1, 1, 2, 0],
    [4, 15, 6, 4, 2, 0, 0],
    [3, 12, 2, 2, 0, 3, 0],
    [5, 19, 5, 0, 4, 3, 1],
    [4, 6, 0, 1, 0, 3, 0],
    [5, 16, 3, 8, 1, 2, 2],
    [4, 22, 7, 4, 3, 8, 3],
    [0, 5, 1, 4, 4, 1, 0],
    [1, 8, 2, 1, 0, 1, 1],
    [2, 11, 0, 1, 1, 3, 0],
    [2, 4, 2, 2, 3, 2, 2],
    [2, 3, 2, 1, 5, 0, 0],
    [1, 11, 0, 1, 2, 2, 1],
    [1, 0, 2, 2, 1, 0, 1],
    [2, 8, 2, 10, 7, 4, 0],
    [6, 15, 3, 4, 9, 6, 2],
    [6, 8, 0, 6, 4, 3, 1],
    [2, 5, 1, 2, 0, 3, 2],
    [7, 24, 2, 12, 2, 3, 1],
    [5, 12, 3, 2, 1, 1, 0],
    [1, 32, 9, 5, 2, 7, 2],
    [7, 3, 2, 3, 4, 4, 1],
    [8, 16, 5, 10, 5, 6, 1],
    [5, 16, 1, 2, 3, 8, 1],
    [10, 18, 5, 15, 13, 3, 1],
    [1, 7, 0, 0, 0, 0, 1],
    [4, 25, 4, 14, 7, 7, 5],
    [3, 13, 2, 5, 1, 1, 0],
    [1, 5, 2, 5, 2, 0, 2],
    [3, 5, 2, 2, 3, 3, 0],
    [4, 9, 7, 1, 9, 2, 0],
    [6, 4, 4, 2, 3, 0, 0],
    [4, 9, 0, 1, 5, 3, 0],
    [6, 8, 0, 1, 8, 1, 2],
    [1, 1, 0, 1, 1, 3, 0],
    [0, 0, 1, 1, 3, 2, 0],
    [1, 3, 0, 1, 6, 2, 1],
    [1, 2, 0, 0, 2, 4, 0],
    [0, 0, 1, 1, 7, 0, 0],
    [3, 6, 1, 2, 5, 4, 2],
    [6, 8, 2, 8, 4, 5, 0],
    [1, 2, 0, 2, 2, 1, 0],
    [0, 1, 0, 2, 3, 1, 0],
    [2, 19, 2, 4, 4, 8, 0],
    [2, 7, 1, 2, 4, 7, 0],
    [2, 16, 0, 4, 12, 11, 1],
    [1, 15, 5, 6, 8, 5, 0],
    [4, 9, 0, 2, 6, 5, 0],
    [1, 4, 4, 2, 4, 9, 1],
    [3, 5, 2, 9, 6, 1, 0],
    [3, 18, 2, 4, 2, 9, 1],
    [3, 12, 2, 2, 9, 9, 2],
    [2, 1, 1, 1, 2, 3, 0],
    [4, 17, 4, 0, 1, 1, 0],
    [13, 72, 28, 37, 21, 27, 4],
    [0, 6, 2, 0, 0, 1, 2],
    [0, 10, 3, 2, 0, 1, 1],
    [2, 5, 4, 4, 11, 5, 1],
    [2, 7, 4, 2, 4, 3, 0],
    [3, 39, 4, 12, 6, 5, 3],
    [7, 39, 14, 12, 2, 4, 4],
    [6, 45, 12, 9, 0, 6, 4],
    [2, 12, 1, 1, 1, 0, 2],
    [5, 60, 19, 20, 4, 5, 5],
    [3, 2, 0, 5, 0, 1, 0],
    [3, 14, 4, 4, 2, 0, 0],
    [2, 2, 0, 0, 2, 2, 1],
    [3, 5, 0, 2, 3, 0, 0],
    [3, 1, 0, 0, 3, 1, 0],
    [7, 5, 1, 4, 8, 0, 1],
    [3, 11, 3, 2, 4, 4, 1],
    [3, 4, 2, 4, 5, 1, 0],
    [7, 11, 4, 9, 9, 6, 2],
    [8, 2, 0, 2, 4, 2, 1],
    [18, 52, 19, 28, 3, 5, 3],
    [6, 3, 7, 10, 4, 5, 1],
    [7, 57, 13, 13, 2, 13, 2],
    [0, 2, 0, 1, 4, 2, 0],
    [1, 0, 0, 1, 4, 0, 0],
    [2, 3, 0, 2, 4, 2, 1],
    [0, 3, 0, 2, 3, 1, 0],
    [0, 2, 0, 1, 6, 0, 0],
    [1, 12, 3, 7, 3, 1, 0],
    [5, 15, 9, 5, 13, 4, 0],
    [12, 25, 7, 7, 7, 3, 1],
    [5, 32, 12, 7, 10, 9, 5],
    [6, 16, 10, 28, 3, 5, 0],
    [4, 3, 3, 6, 5, 2, 0],
    [1, 7, 1, 1, 11, 4, 0],
    [9, 2, 2, 1, 2, 1, 1],
    [0, 0, 0, 0, 3, 2, 1],
    [9, 13, 3, 7, 15, 8, 3],
    [31, 26, 12, 24, 15, 9, 3],
    [2, 56, 33, 11, 9, 9, 4],
    [10, 19, 6, 6, 17, 6, 1],
    [31, 155, 68, 64, 18, 53, 24],
    [20, 159, 93, 70, 17, 68, 12],
    [18, 258, 117, 108, 19, 54, 31],
    [16, 68, 22, 24, 17, 17, 6],
    [20, 34, 19, 16, 16, 17, 5],
    [11, 43, 11, 12, 7, 9, 6],
    [11, 42, 14, 22, 13, 13, 2],
    [6, 19, 8, 11, 7, 10, 1],
    [1, 6, 2, 2, 0, 1, 2],
    [15, 40, 21, 28, 15, 7, 1],
    [6, 15, 3, 15, 5, 1, 1],
    [20, 126, 53, 34, 16, 17, 10],
    [236, 775, 259, 266, 167, 139, 68],
    [20, 28, 17, 11, 10, 3, 1]
  ],
  "method": "mvn_pdf",
  "cond_prob": [
    [
      [0.21564279629, 0.0097131543959, 0.084920643715, 0.6897234056, 0],
      [0.059393358472, 0.07924260993, 0.57455647493, 0.28680755667, 0],
      [0.010935974572, 0.55925722408, 0.17609808143, 0.25370871992, 0],
      [0.026602782211, 0.019514855094, 0.04766497714, 0.90621738555, 0],
      [0.099679008424, 0.0033080373922, 0.056054407372, 0.84095854681, 0],
      [0.056731173262, 0.078550405454, 0.38703591543, 0.47768250586, 0],
      [0.15688493602, 0.060606718279, 0.35344356349, 0.42906478221, 0]
    ],
    [
      [0.24735195476, 0.013340740095, 0.091539851233, 0.64776745392, 0],
      [0.062695669374, 0.10354901744, 0.59397844917, 0.23977686401, 0],
      [0.010967395453, 0.66410345913, 0.1490332591, 0.17589588632, 0],
      [0.031372988313, 0.031127428867, 0.057006002076, 0.88049358074, 0],
      [0.11584207728, 0.006060508034, 0.066198124143, 0.81189929054, 0],
      [0.058317090892, 0.11040436632, 0.42030872256, 0.41096982023, 0],
      [0.077717557033, 0.083198282771, 0.38173056669, 0.37308911131, 0.084264482203]
    ],
    [
      [0.27452449606, 0.011020238787, 0.070616902003, 0.64383836315, 0],
      [0.071350766666, 0.22756230213, 0.45619755882, 0.24488937238, 0],
      [0.0081437754914, 0.84018310963, 0.059734178884, 0.091938935997, 0],
      [0.036401940103, 0.056230020169, 0.045064799288, 0.86230324044, 0],
      [0.12638410477, 0.0064999170912, 0.051764095928, 0.81535188221, 0],
      [0.062512133196, 0.238554161, 0.30984818691, 0.3890855189, 0],
      [0.079634786944, 0.19691635677, 0.28835514405, 0.35151166051, 0.083582051722]
    ],
    [
      [0.43804699743, 0.011827932764, 0.083175616715, 0.46621646257, 0.00073299052234],
      [0.094849307133, 0.12824353725, 0.57392550582, 0.18940579272, 0.013575857075],
      [0.0098733637285, 0.71476435726, 0.13820224912, 0.13052225823, 0.0066377716636],
      [0.048419260429, 0.045629786702, 0.068057393164, 0.81841200378, 0.019481555931],
      [0.22653465454, 0.0049404405895, 0.071562054357, 0.68441362723, 0.01254922328],
      [0.096390166927, 0.1400965725, 0.42475383398, 0.32656968859, 0.012189738005],
      [0.13445210907, 0.097903371462, 0.35429169301, 0.26875199342, 0.14460083304]
    ],
    [
      [0.26907711591, 0.0059955177729, 0.043701997135, 0.67133394585, 0.0098914233329],
      [0.098608346659, 0.080781139469, 0.42505781028, 0.32052077615, 0.075031927441],
      [0.015625554858, 0.54275343716, 0.12206486779, 0.28424947151, 0.03530666868],
      [0.031138333185, 0.017761758015, 0.022831656893, 0.88089794143, 0.047370310481],
      [0.11647847314, 0.0038680388193, 0.029455378957, 0.81815353744, 0.032044571648],
      [0.070543869734, 0.072048219408, 0.27593884516, 0.54025048387, 0.041218581826],
      [0.070151850009, 0.037459179927, 0.17025872405, 0.32797689191, 0.39415335411]
    ],
    [
      [0.30535677993, 0.013289750525, 0.081746511417, 0.58496570766, 0.01464125047],
      [0.069029097836, 0.10444123615, 0.55315335871, 0.21448371981, 0.058892587495],
      [0.0092655848919, 0.65234373892, 0.1440596533, 0.16589932237, 0.028431700527],
      [0.031294617182, 0.033588928878, 0.053262209433, 0.81981528095, 0.062038963557],
      [0.13872802996, 0.0051986139722, 0.062729296324, 0.75247387703, 0.040870182718],
      [0.065062043356, 0.11201088772, 0.40110398995, 0.3772434145, 0.044579664469],
      [0.065299740505, 0.057873879385, 0.24950206331, 0.23459610927, 0.39272820754]
    ],
    [
      [0.17407778726, 0.0039702329628, 0.12142093078, 0.700531049, 0],
      [0.02414002297, 0.2444606253, 0.53059338746, 0.20080596427, 0],
      [0.00077631747895, 0.87944855068, 0.059256161991, 0.060518969853, 0],
      [0.022252923941, 0.089423704602, 0.060072638109, 0.82825073335, 0],
      [0.072619950128, 0, 0.085957625706, 0.84142242417, 0],
      [0.025524991659, 0.27988021839, 0.37262441988, 0.32197037007, 0],
      [0.043381804884, 0.24042388186, 0.34848758073, 0.3012217338, 0.06648499872]
    ],
    [
      [0.60449027208, 0, 0.04988364007, 0.34562608785, 0],
      [0.18264906231, 0, 0.49231907417, 0.32503186353, 0],
      [0.06255666694, 0.3270791179, 0.22813677313, 0.38044096218, 0.0017864798466],
      [0.057669193956, 0, 0.037732393248, 0.9045984128, 0],
      [0.35170286745, 0, 0.034747267287, 0.61354986527, 0],
      [0.22920993543, 0, 0.30091219676, 0.46987786781, 0],
      [0.36271818562, 0.0097519683907, 0.24576226372, 0.38176741037, 1.7191074225e-07]
    ],
    [
      [0.39697731617, 0.013632576891, 0.053346915642, 0.52646195591, 0.0095812353887],
      [0.10326077531, 0.11710974937, 0.50159659163, 0.24636144716, 0.031671436533],
      [0.012320316344, 0.68267056595, 0.12196064642, 0.17139017385, 0.011658297443],
      [0.042416816024, 0.02998656301, 0.045955443827, 0.85975429423, 0.021886882906],
      [0.19541715514, 0.0047278646864, 0.048417504803, 0.73630937563, 0.015128099733],
      [0.099879160353, 0.11545235763, 0.35433120007, 0.41188716822, 0.018450113718],
      [0.1309153143, 0.076042399294, 0.28122518772, 0.32072569795, 0.19109140074]
    ],
    [
      [0.25658600048, 0.014726185729, 0.14946298578, 0.56684713678, 0.012377691235],
      [0.03853832128, 0.1139852989, 0.68843500755, 0.1356980329, 0.023343339378],
      [0.0090147458949, 0.71247043866, 0.16638498837, 0.094507319655, 0.017622507419],
      [0.02733551573, 0.051191340507, 0.095523872814, 0.78898064896, 0.036968621989],
      [0.11796509891, 0.0062298327983, 0.11352613824, 0.73716662024, 0.025112309823],
      [0.039738093395, 0.13650522534, 0.54250963211, 0.26211041906, 0.019136630088],
      [0.051957565953, 0.095002692029, 0.4461504741, 0.21908936814, 0.18779989978]
    ],
    [
      [0.20049351661, 0, 0.061455588575, 0.73805089482, 0],
      [0.080708250851, 0, 0.56033027434, 0.35896147481, 0],
      [0.19644256606, 0, 0.24692290465, 0.55663452929, 0],
      [0.033051097158, 0, 0.053040246915, 0.91390865593, 0],
      [0.075643714596, 0, 0.037396651156, 0.88695963425, 0],
      [0.066356892958, 0, 0.31298797762, 0.62065512942, 0],
      [0.079921376686, 0.0098177142018, 0.28933064846, 0.61869819158, 0.0022320690755]
    ],
    [
      [0.48651071096, 0.017404963058, 0.068617232413, 0.42746709357, 0],
      [0.096457848407, 0.12543954109, 0.62044509524, 0.15765751527, 0],
      [0.0057501743142, 0.86030578097, 0.075490473201, 0.057426221515, 0.0010273499975],
      [0.05132691698, 0.030864205333, 0.065931738054, 0.8467949184, 0.0050822212372],
      [0.2404081277, 0.036374224371, 0.048517596011, 0.67470005192, 0],
      [0.10224056983, 0.11974702222, 0.4694344829, 0.30857792504, 0],
      [0.15882378753, 0.087634911599, 0.44134816461, 0.29390829227, 0.018284843991]
    ],
    [
      [0.014173791412, 0.0004089992197, 0.040401230423, 0.94170295459, 0.0033130243541],
      [0.0083886424736, 0.0037326330162, 0.64748267783, 0.30690595157, 0.033490095111],
      [0, 0, 0.35271402783, 0.59033316687, 0.056952805304],
      [0, 0, 0.034067036599, 0.93314105655, 0.032791906847],
      [0, 0, 0.057317298438, 0.89794691759, 0.044735783973],
      [0.0089903940994, 0.0036998209518, 0.340551584, 0.6213186572, 0.02543954375],
      [0, 0, 0.24929216935, 0.3403159707, 0.41039185995]
    ],
    [
      [0.21879961769, 0, 0.17778878557, 0.60341159674, 0],
      [0.043531772109, 0, 0.83632641952, 0.12014180837, 0],
      [0.0074837211338, 0.33563055361, 0.44736722699, 0.20582904994, 0.0036894483285],
      [0.033412010314, 0, 0.11505425546, 0.85153373423, 0],
      [0.10067985317, 0, 0.13038166951, 0.76893847732, 0],
      [0.029091187648, 0.018071656555, 0.70115336025, 0.24885466007, 0.0028291354761],
      [0.047883113384, 0.016414012866, 0.67276082093, 0.24567591125, 0.017266141569]
    ],
    [
      [0.39802882667, 0, 0.053973071986, 0.54799810134, 0],
      [0.13449122618, 0.026780987364, 0.51511319425, 0.32361459221, 0],
      [0.028953664719, 0.39882577206, 0.19595688131, 0.37626368191, 0],
      [0.040384336384, 0.0024340623744, 0.043252228179, 0.91392937306, 0],
      [0.18210639137, 0, 0.036856513145, 0.78103709549, 0],
      [0.1164919716, 0.033143150621, 0.3185770468, 0.53178783098, 0],
      [0.21738552449, 0.025564118948, 0.28818550554, 0.46886485102, 0]
    ],
    [
      [0.37046941009, 0.012970805513, 0.081981367678, 0.51222422601, 0.02235419071],
      [0.08174115189, 0.075150834347, 0.6263137835, 0.15272409467, 0.064070135592],
      [0.010473888674, 0.61055720677, 0.19587725064, 0.16307588985, 0.020015764064],
      [0.040009320353, 0.026824958151, 0.05859863621, 0.82011613895, 0.05445094634],
      [0.17139795212, 0.0080715972128, 0.066117413323, 0.71502875259, 0.039384284753],
      [0.077928119753, 0.079342817857, 0.47843247404, 0.31914993967, 0.045146648685],
      [0.074271800481, 0.038217145512, 0.31081065785, 0.21341945386, 0.3632809423]
    ],
    [
      [0.20509366618, 0, 0.072044906322, 0.71273442976, 0.010126997736],
      [0.060495758648, 0.040917364992, 0.55255565902, 0.31156871376, 0.03446250358],
      [0.010434734274, 0.44182896811, 0.19552178666, 0.33240519992, 0.01980931104],
      [0.018687133397, 0.0090196670049, 0.04209088102, 0.90699904297, 0.023203275611],
      [0.085420570104, 0, 0.051781555729, 0.84134241174, 0.021455462422],
      [0.049126167402, 0.04874450788, 0.36485524573, 0.51764253985, 0.019631539144],
      [0.063308604231, 0.033243193327, 0.28702669596, 0.40548153652, 0.21093996996]
    ],
    [
      [0.30775898782, 0, 0.08018625029, 0.61205476189, 0],
      [0.093553063355, 0, 0.70118183667, 0.20526509998, 0],
      [0.014400358039, 0.33951104169, 0.32621981236, 0.31691264425, 0.0029561436652],
      [0.03548312879, 0, 0.05307519584, 0.91144167537, 0],
      [0.13285780158, 0, 0.060135309828, 0.8070068886, 0],
      [0.060245001817, 0.017609567368, 0.50548063773, 0.41439640284, 0.0022683902448],
      [0.097843274597, 0.01606683928, 0.48420797309, 0.39821698845, 0.0036649245815]
    ],
    [
      [0, 0, 0.67122275702, 0.19037457027, 0.13840267271],
      [8.1767663818e-06, 1.5224223615e-08, 0.99966399241, 5.1532336063e-05, 0.00027628325963],
      [9.6913616736e-06, 4.3353957554e-16, 0.99998343157, 5.5488640407e-06, 1.3282059249e-06],
      [0, 0, 0.68437184464, 0.085349525684, 0.23027862968],
      [0, 0, 0.7035035144, 0.14192109933, 0.15457538627],
      [0, 0, 0.89495285551, 0.059684564836, 0.045362579655],
      [1.209285274e-05, 9.6817115745e-17, 4.2593814804e-09, 0.0025062821261, 0.99748162076]
    ],
    [
      [0.53603870203, 0, 0.065514941797, 0.39844635617, 0],
      [0.10533542328, 0, 0.73165333031, 0.16301124641, 0],
      [0.030115758209, 0.29233550877, 0.34627914012, 0.32786188093, 0.0034077119745],
      [0.054939635888, 0, 0.069846425533, 0.87521393858, 0],
      [0.24874660291, 0, 0.063138876829, 0.68811452026, 0],
      [0.11054173716, 0.0082832747426, 0.52557376054, 0.35329764459, 0.0023035829633],
      [0.18147832592, 0.0087269037813, 0.46563693339, 0.34120948797, 0.0029483489425]
    ],
    [
      [0.24297189669, 0, 0.10209475642, 0.65493334689, 0],
      [0.064433293059, 0.034356509843, 0.65276404886, 0.24844614823, 0],
      [0.018135116066, 0.44181531292, 0.25647647051, 0.2835731005, 0],
      [0.031827923155, 0.009128650183, 0.065181515638, 0.89386191102, 0],
      [0.11471864238, 0, 0.072222166445, 0.81305919117, 0],
      [0.060182214787, 0.049738528372, 0.46619344998, 0.42388580686, 0],
      [0.078001101682, 0.038855194646, 0.41839744991, 0.37624571276, 0.088500540995]
    ],
    [
      [0.31450099818, 0, 0.17603229317, 0.48630750418, 0.023159204469],
      [0.048310128841, 0, 0.79879991312, 0.10644384377, 0.046446114268],
      [0.30644408923, 0, 0.46983099269, 0.18943600085, 0.034288917222],
      [0.031401277801, 0.010277707942, 0.13722560156, 0.77125831384, 0.049837098851],
      [0.14063606376, 0, 0.13199114337, 0.66987259588, 0.057500196986],
      [0.058364148543, 0, 0.67334890146, 0.21897986472, 0.049307085274],
      [0.049775347233, 0.013476784538, 0.45453353474, 0.1459578539, 0.33625647958]
    ],
    [
      [0.12281197219, 0, 0.038828656967, 0.83835937085, 0],
      [0.058195308865, 0.032566765091, 0.42130780045, 0.48793012559, 0],
      [0.015249763289, 0.35085272642, 0.14244352834, 0.49145398195, 0],
      [0.015512789943, 0, 0.043236188595, 0.94125102146, 0],
      [0.048592346391, 0, 0.0332309591, 0.91817669451, 0],
      [0.043573471209, 0.027499058219, 0.23844695851, 0.69048051206, 0],
      [0.1270515033, 0.025464488825, 0.2136112526, 0.63387275528, 0]
    ],
    [
      [0.067758539805, 0.0020002671347, 0.11364253236, 0.81573341181, 0.00086524889589],
      [0, 0, 0.76918648576, 0.23081351424, 0],
      [0.0034667448123, 0.3303634439, 0.33356745713, 0.32790564639, 0.0046967077698],
      [0, 0, 0.054120126412, 0.94587987359, 0],
      [0, 0, 0.083154992716, 0.91684500728, 0],
      [0, 0, 0.5716700331, 0.4283299669, 0],
      [0.022123618357, 0.017925535869, 0.5214091521, 0.40874297161, 0.029798722063]
    ],
    [
      [0.23009735923, 0.027914824768, 0.10038053844, 0.64160727756, 0],
      [0.22345902523, 0.34423500519, 0.32311672395, 0.10918924563, 0],
      [2.8409896254e-05, 0.99842253187, 0.00076541642797, 0.00077348160307, 1.0160207529e-05],
      [0.03711231471, 0.14214664696, 0.087580570742, 0.73316046759, 0],
      [0, 0, 0.14470119019, 0.85529880981, 0],
      [0.025300935662, 0.65508686575, 0.17630338744, 0.14330881115, 0],
      [0.032473423125, 0.58061425648, 0.20172798501, 0.1809441047, 0.0042402306771]
    ],
    [
      [0.32432383815, 0.013372273953, 0.11078317605, 0.55152071184, 0],
      [0.069361175139, 0.12728058901, 0.64017627229, 0.16318196356, 0],
      [0.013397879175, 0.73890756167, 0.13877472509, 0.10891983407, 0],
      [0.044480428738, 0.04946619826, 0.071380569345, 0.83467280366, 0],
      [0.15056348751, 0.0059352668583, 0.087851582528, 0.7556496631, 0],
      [0.064016042704, 0.14234186198, 0.48640332458, 0.30723877074, 0],
      [0.083220375631, 0.10821455138, 0.45382809289, 0.28521648577, 0.069520494327]
    ],
    [
      [0.70535676245, 0.0086929400341, 0.053711666188, 0.23194434151, 0.00029428981797],
      [0.104452681, 0.18541217318, 0.59385919578, 0.11627595004, 0],
      [2.9981222539e-05, 0.92956907849, 0.043934789223, 0.026466151066, 0],
      [0.07730319727, 0.06925900428, 0.074823404827, 0.77480408859, 0.0038103050337],
      [0.36371275375, 0.018666918763, 0.070053050916, 0.54756727657, 0],
      [0.1158804804, 0.21976336346, 0.44713770988, 0.21721844626, 0],
      [0.20613673069, 0.16164986861, 0.41954737606, 0.21000457007, 0.0026614545777]
    ],
    [
      [0.17924542143, 0.010034248163, 0.075353751971, 0.7285767926, 0.0067897858363],
      [0.039256046718, 0.11712614771, 0.51288624639, 0.28239040031, 0.048341158865],
      [0.0045495107578, 0.63629986382, 0.12938554129, 0.20844872864, 0.021316355489],
      [0.014432703541, 0.028513046012, 0.042708395195, 0.87896286822, 0.035382987032],
      [0.074606460501, 0.0044384717098, 0.051496160812, 0.8438463823, 0.025612524676],
      [0.037845447632, 0.11480788633, 0.34988630367, 0.46648212728, 0.030978235078],
      [0.046161027747, 0.070649256226, 0.25672594476, 0.33731671263, 0.28914705863]
    ],
    [
      [0, 0, 0.30428239916, 0.66061744076, 0.035100160081],
      [0, 0, 0.81648111501, 0.079647281074, 0.10387160391],
      [0.0022448614922, 0.2904359934, 0.4840107861, 0.15567130277, 0.067637056235],
      [0, 0, 0.098389364783, 0.73322981484, 0.16838082038],
      [0, 0, 0.146114152, 0.73067720326, 0.12320864474],
      [0, 0, 0.75726722224, 0.17262667983, 0.07010609793],
      [0.0002814152879, 0.00024029487948, 0.014063421169, 0.0047972667222, 0.98061760194]
    ],
    [
      [0.2576414456, 0, 0.059828318939, 0.68253023546, 0],
      [0.095845973309, 0, 0.67373002712, 0.23042399958, 0],
      [0.013766061923, 0.2476315962, 0.31675355807, 0.41970769675, 0.0021410870543],
      [0.038561669631, 0, 0.03434659246, 0.92709173791, 0],
      [0.14447595059, 0, 0.041764159444, 0.81375988997, 0],
      [0.078677086392, 0, 0.43307255604, 0.48825035757, 0],
      [0.086743242668, 0.0080888250535, 0.39254190082, 0.51262151663, 4.5148227135e-06]
    ],
    [
      [0.25652096921, 0.0081446565331, 0.1285700013, 0.60112060841, 0.0056437645471],
      [0.048716304529, 0.074571566012, 0.6563342469, 0.18449495814, 0.035882924427],
      [0.0085652828132, 0.57197628597, 0.22085760476, 0.17708106951, 0.021519756951],
      [0.024723235076, 0.028215785816, 0.080995933861, 0.82533783857, 0.040727206681],
      [0.11622897571, 0.0031959987429, 0.095311167768, 0.7582298826, 0.02703397518],
      [0.046836875112, 0.088061903736, 0.5093436842, 0.33007005601, 0.025687480946],
      [0.058098436505, 0.056484832373, 0.38692024891, 0.24727495674, 0.25122152547]
    ],
    [
      [0.278499013, 0.010226783918, 0.111097358, 0.60017684508, 0],
      [0.051247418085, 0.10472135092, 0.63341697066, 0.21061426033, 0],
      [0.010225983354, 0.63860111638, 0.18216412328, 0.16900877699, 0],
      [0.037092528296, 0.036151838445, 0.074541366837, 0.85221426642, 0],
      [0.12894982924, 0.0040801916816, 0.084263235146, 0.77312493558, 0.0095818083531],
      [0.062596405127, 0.11201832182, 0.4704430037, 0.35494226935, 0],
      [0.18540384357, 0.084056850407, 0.41884558972, 0.3116937163, 0]
    ],
    [
      [0.28616133208, 0, 0.063832252086, 0.6404779103, 0.0095285055324],
      [0.076045318324, 0, 0.59076072064, 0.25977853644, 0.073415424605],
      [0.21674479633, 0, 0.29417768956, 0.43477604844, 0.054301465674],
      [0.023709811096, 0.0034560138458, 0.039017885108, 0.90012603586, 0.033690254094],
      [0.10614267177, 0, 0.05919535154, 0.77689592316, 0.057766053533],
      [0.081078462953, 0, 0.3888805842, 0.49302731209, 0.037013640758],
      [0.058906834441, 0.0070129748278, 0.19711730724, 0.25713103611, 0.47983184738]
    ],
    [
      [0.092456027155, 0.25906570716, 0.11980847922, 0.52346246359, 0.0052073228709],
      [0, 0.25842652834, 0.5847247682, 0.12256165383, 0.034287049636],
      [3.4464748462e-05, 0.99529272391, 0.0027166270053, 0.0017267748829, 0.00022940944991],
      [0, 0.42764870054, 0.10419658175, 0.43273175533, 0.035422962376],
      [0, 0, 0.076885097774, 0.85286939201, 0.070245510211],
      [0, 0.72216490945, 0.16236525519, 0.096870094307, 0.018599741053],
      [0.0063535033277, 0.7132483356, 0.1184284971, 0.063678634428, 0.09829102955]
    ],
    [
      [0.33739729018, 0, 0.059579867705, 0.59153384807, 0.011488994042],
      [0.10500822709, 0, 0.43179462122, 0.256768784, 0.20642836769],
      [0.014428920097, 0.29093342481, 0.17560285676, 0.28285186468, 0.23618293365],
      [0.042468075923, 0, 0.049130479768, 0.72047485264, 0.18792659167],
      [0.15362234935, 0, 0.076302417088, 0.7315521545, 0.038523079059],
      [0.096715738784, 0, 0.30401785279, 0.4153267655, 0.18393964293],
      [0.0053998059361, 0.00080451900569, 0.012959444773, 0.020019067977, 0.96081716231]
    ],
    [
      [0.52681669704, 0, 0.10836778718, 0.36481551577, 0],
      [0.040576455315, 0.00018410355573, 0.89365767402, 0.064300493351, 0.0012812737548],
      [0.99999999985, 3.0134118492e-120, 1.3394085063e-10, 1.2754669416e-11, 9.3224916671e-13],
      [0.051694604262, 0.00099604388308, 0.10628031451, 0.83770670146, 0.0033223358884],
      [0.25731229873, 0, 0.10137134174, 0.64131635953, 0],
      [0.062696671062, 0, 0.76987484515, 0.16742848379, 0],
      [0.11173303867, 0, 0.70927555526, 0.17899140607, 0]
    ],
    [
      [0.082852000479, 0.002227930646, 0.20581051616, 0.69815624995, 0.010953302771],
      [0, 0, 0.83216184901, 0.09735388905, 0.070484261939],
      [0.0028922926356, 0.29967381822, 0.45424056077, 0.19688632714, 0.046307001241],
      [0, 0, 0.099493731709, 0.80132171835, 0.09918454994],
      [0, 0, 0.11556965712, 0.77595695048, 0.1084733924],
      [0, 0, 0.72667870397, 0.22551014375, 0.047811152286],
      [0.0049782032757, 0.0032889114836, 0.17401162276, 0.072013272664, 0.74570798981]
    ],
    [
      [0.14811707475, 0.0067298432591, 0.02710720563, 0.81804587636, 0],
      [0.062182514617, 0.067178961633, 0.38726824351, 0.48337028024, 0],
      [0.010178499956, 0.61423947057, 0.075969889641, 0.29961213983, 0],
      [0.018355807562, 0.018045231967, 0.0063117716502, 0.95728718882, 0],
      [0.063442183935, 0.013768549626, 0.0055660749023, 0.91722319154, 0],
      [0.047765255289, 0.059257937033, 0.20601303651, 0.68696377116, 0],
      [0.063001955307, 0.043656509086, 0.19486451122, 0.63097607967, 0.067500944717]
    ],
    [
      [0.2487356753, 0, 0.16913145679, 0.58213286791, 0],
      [0.038879510376, 0, 0.855596617, 0.10552387262, 0],
      [0.0090269394415, 0.26775609742, 0.49495367279, 0.22568182545, 0.0025814648959],
      [0.032138761536, 0, 0.11176354933, 0.85609768914, 0],
      [0.12045806574, 0, 0.12284355058, 0.75669838368, 0],
      [0.044133512481, 0, 0.7171681798, 0.23869830772, 0],
      [0.052151426275, 0.0093321475726, 0.69092776953, 0.24487853561, 0.0027101210172]
    ],
    [
      [0.23346928587, 0.02107361401, 0.086449383707, 0.65900771641, 0],
      [0.054010948582, 0.15485225564, 0.58896673276, 0.20217006302, 0],
      [0.0054973609532, 0.85273101432, 0.068698766021, 0.073072858703, 0],
      [0.026816350207, 0.041153886617, 0.0519485786, 0.88008118458, 0],
      [0.1087652647, 0.018815131219, 0.061620338404, 0.81079926568, 0],
      [0.047986951777, 0.16210514015, 0.41228621618, 0.37762169189, 0],
      [0.11718681104, 0.12741569299, 0.39567994292, 0.35971755305, 0]
    ],
    [
      [0, 0.067946829694, 0, 0.93205317031, 0],
      [0, 0.11276945509, 0, 0.88723054491, 0],
      [0, 0.2401424496, 0, 0.7598575504, 0],
      [0, 0.030909536715, 0, 0.96909046328, 0],
      [0.0048333479245, 0.0001134209018, 0.0014452228011, 0.99358544321, 2.2565164076e-05],
      [0.0071621927145, 0.0061097145068, 0.01436456627, 0.97229243722, 7.1089290057e-05],
      [0.00020802215395, 0.0032212361545, 2.7674455597e-06, 0.99656797425, 2.652650183e-39]
    ],
    [
      [0, 0, 0.15082508115, 0.84917491885, 0],
      [0.014546530996, 0.0203468312, 0.68483145195, 0.2755102923, 0.0047648935496],
      [0.0035978661332, 0.32062749399, 0.28978379362, 0.38128630012, 0.0047045461377],
      [0, 0, 0.053201554038, 0.94679844596, 0],
      [0, 0, 0.078766868522, 0.92123313148, 0],
      [0, 0, 0.48491826922, 0.51508173078, 0],
      [0, 0, 0.52490337726, 0.47509662274, 0]
    ],
    [
      [0.21009108652, 0.030299405722, 0.17119829468, 0.56113800459, 0.027273208487],
      [0.02532798491, 0.32624790665, 0.45389279206, 0.10514640669, 0.089384909694],
      [0.002892374689, 0.91488565545, 0.051821648529, 0.021833247251, 0.0085670740761],
      [0.016100540377, 0.15840891607, 0.10181944999, 0.54236515104, 0.18130594252],
      [0.081295212062, 0.031061886452, 0.085602111413, 0.64231047776, 0.15973031231],
      [0.022634531942, 0.41773314623, 0.33030625312, 0.15836192658, 0.07096414213],
      [0.012585907927, 0.11585132303, 0.12426132944, 0.058994779445, 0.68830666016]
    ],
    [
      [0.067613117947, 0, 0.087946236987, 0.81938440261, 0.025056242454],
      [0.027526630732, 0.018066889701, 0.54692068874, 0.36957805352, 0.03790773731],
      [0, 0.37428744743, 0.20018992311, 0.40129156373, 0.024231065729],
      [0, 0.0023567127429, 0.040700472049, 0.9322233297, 0.024719485507],
      [0.026612092655, 0, 0.050438361034, 0.90117509139, 0.021774454926],
      [0.012285394148, 0.032661782, 0.34931893855, 0.57816205371, 0.027571831593],
      [0.030645719656, 0.023373390402, 0.26442372576, 0.44166400932, 0.23989315486]
    ],
    [
      [0.33894757567, 0, 0.032392665139, 0.62865975919, 0],
      [0.15401832655, 0, 0.45334069614, 0.39264097731, 0],
      [0.022818787613, 0.28249033162, 0.18330555737, 0.50806485416, 0.0033204692377],
      [0.041060980885, 0, 0.020842059713, 0.9380969594, 0],
