{
  "Z_true": {},
  "V_true": [
    [502, 29, 71, 2231, 75],
    [22, 1035, 1202, 253, 49],
    [65, 722, 6829, 421, 239],
    [892, 439, 392, 20210, 528],
    [47, 164, 756, 709, 905]
  ],
  "p_true": [
    [0.1726, 0.01, 0.0244, 0.7672, 0.0258],
    [0.0086, 0.4041, 0.4693, 0.0988, 0.0191],
    [0.0079, 0.0872, 0.8252, 0.0509, 0.0289],
    [0.0397, 0.0195, 0.0175, 0.8998, 0.0235],
    [0.0182, 0.0635, 0.2929, 0.2747, 0.3506]
  ],
  "Z_est": [
    [
      [10.7827, 5.9256, 0.2914, 11.0741, 8.0627, 12.7255, 6.7999, 7.3827, 7.0913, 13.2112, 0, 0.2914, 0.4857, 16.1254, 4.8571, 13.9883, 11.4627, 3.7885, 6.1199, 14.2798, 12.8226, 0.4857, 0.5828, 2.6228, 6.7999, 0.2914, 7.1885, 6.5085, 14.2798, 11.6569, 3.2057, 11.6569, 4.4685, 0.9714, 26.3253, 2.04, 12.5312, 3.3028],
      [0, 0, 0, 0, 0, 0, 0, 0, 0, 0, 0, 0, 0, 0, 0, 0, 0, 0, 0, 0, 0, 0, 0, 0, 0, 0, 0, 0, 0, 0, 0, 0, 0, 0, 0, 0, 0, 0],
      [0, 0, 0, 0, 0, 0, 0, 0, 0, 0, 0, 0, 0, 0, 0, 0, 0, 0, 0, 0, 0, 0, 0, 0, 0, 0, 0, 0, 0, 0, 0, 0, 0, 0, 0, 0, 0, 0],
      [100.2173, 55.0744, 2.7086, 102.9259, 74.9373, 118.2745, 63.2001, 68.6173, 65.9087, 122.7888, 0, 2.7086, 4.5143, 149.8746, 45.1429, 130.0117, 106.5373, 35.2115, 56.8801, 132.7202, 119.1774, 4.5143, 5.4172, 24.3772, 63.2001, 2.7086, 66.8115, 60.4915, 132.7202, 108.3431, 29.7943, 108.3431, 41.5315, 9.0286, 244.6747, 18.96, 116.4688, 30.6972],
      [0, 0, 0, 0, 0, 0, 0, 0, 0, 0, 0, 0, 0, 0, 0, 0, 0, 0, 0, 0, 0, 0, 0, 0, 0, 0, 0, 0, 0, 0, 0, 0, 0, 0, 0, 0, 0, 0]
    ],
    [
      [0, 0, 0, 0, 0, 0, 0, 0, 0, 0, 0, 0, 0, 0, 0, 0, 0, 0, 0, 0, 0, 0, 0, 0, 0, 0, 0, 0, 0, 0, 0, 0, 0, 0, 0, 0, 0, 0],
      [91.1255, 42.9958, 0.6417, 28.8778, 30.803, 34.0116, 100.1097, 97.5428, 105.2435, 42.9958, 0.6417, 1.2835, 1.9252, 75.0823, 33.3699, 39.7872, 42.3541, 14.118, 17.9684, 38.5037, 67.3815, 0.6417, 1.9252, 8.3425, 76.3657, 1.9252, 62.8894, 28.2361, 70.5902, 42.3541, 13.4763, 50.0548, 14.118, 5.1338, 136.0465, 14.7598, 143.7473, 66.0981],
      [50.8745, 24.0042, 0.3583, 16.1222, 17.197, 18.9884, 55.8903, 54.4572, 58.7565, 24.0042, 0.3583, 0.7165, 1.0748, 41.9177, 18.6301, 22.2128, 23.6459, 7.882, 10.0316, 21.4963, 37.6185, 0.3583, 1.0748, 4.6575, 42.6343, 1.0748, 35.1106, 15.7639, 39.4098, 23.6459, 7.5237, 27.9452, 7.882, 2.8662, 75.9535, 8.2402, 80.2527, 36.9019],
      [0, 0, 0, 0, 0, 0, 0, 0, 0, 0, 0, 0, 0, 0, 0, 0, 0, 0, 0, 0, 0, 0, 0, 0, 0, 0, 0, 0, 0, 0, 0, 0, 0, 0, 0, 0, 0, 0],
      [0, 0, 0, 0, 0, 0, 0, 0, 0, 0, 0, 0, 0, 0, 0, 0, 0, 0, 0, 0, 0, 0, 0, 0, 0, 0, 0, 0, 0, 0, 0, 0, 0, 0, 0, 0, 0, 0]
    ],
    [
      [5.3218, 2.329, 0.0932, 2.0391, 1.9913, 10.7492, 4.0175, 3.412, 3.9011, 5.4848, 0.1397, 0.1165, 2.8108, 4.7279, 1.5022, 4.5079, 5.9325, 0.8268, 2.0379, 6.0841, 5.0074, 0.4542, 0.0932, 2.2736, 2.9695, 0.0815, 1.4906, 3.8545, 5.2053, 2.9811, 5.3672, 5.4232, 1.6652, 4.7203, 7.5343, 1.1878, 17.4845, 1.9168],
      [35.8748, 9.0042, 0.628, 11.1222, 13.4236, 7.9884, 27.0828, 9.4572, 26.7885, 32.0042, 0.3583, 3.277, 0.0748, 31.8713, 10.1266, 16.8777, 11.6459, 5.5736, 13.7376, 21.7447, 33.7553, 3.0615, 0.628, 3.297, 21.5774, 0.0748, 10.0481, 5.7639, 32.4098, 21.7159, 7.5237, 18.9452, 11.2256, 3.8662, 48.9535, 8.0071, 79.4602, 19.3345],
      [399.4879, 181.5266, 5.5739, 127.6263, 144.6725, 170.265, 309.4992, 269.6703, 292.8412, 411.726, 8.5739, 6.2495, 15.7894, 354.9061, 112.7657, 185.9387, 170.4598, 55.7447, 152.9768, 239.2819, 375.8858, 34.092, 6.9932, 34.9299, 222.909, 6.1191, 113.0136, 309.2712, 390.7464, 223.7832, 125.0039, 233.6633, 125.0039, 77.7944, 567.2283, 85.9739, 449.8127, 188.0015],
      [5.8291, 2.551, 0.102, 1.8622, 3.5858, 2.5, 4.4005, 3.7372, 4.2729, 6.0076, 1.2674, 0.1276, 1.354, 5.1786, 1.6454, 2.7423, 2.4872, 3.1264, 2.2321, 3.5332, 5.4847, 0.4974, 0.102, 0.5357, 3.2525, 0.0893, 1.6326, 4.2219, 5.7015, 3.2653, 1.824, 9.681, 1.824, 1.5361, 8.4377, 4.4907, 7.2321, 2.7679],
      [10.4864, 4.5892, 1.6029, 3.3501, 7.3268, 4.4974, 0, 6.7232, 7.1962, 15.7773, 1.6607, 0.2295, 3.971, 9.3161, 2.9601, 4.9334, 4.4745, 5.7286, 4.0156, 6.3561, 9.8668, 0.8949, 0.1836, 0.9637, 4.2915, 0.6353, 1.815, 7.8884, 12.9369, 4.2545, 3.2813, 6.2872, 3.2813, 16.083, 14.8462, 2.3405, 13.0105, 4.9793]
    ],
    [
      [21.6695, 20.5723, 1.0185, 39.0173, 28.8672, 39.9594, 25.3234, 15.4404, 16.9443, 58.2821, 1.2634, 0.2937, 1.5097, 40.8263, 12.4573, 46.0426, 42.2431, 12.1018, 17.7789, 43.8919, 39.3367, 1.6622, 2.8266, 7.4072, 11.272, 0.5276, 11.8391, 20.5789, 44.3832, 17.7069, 13.0499, 40.6834, 18.4838, 5.3238, 62.6624, 10.7929, 56.9727, 0],
      [19.9997, 0, 0.7303, 0, 2.7734, 0, 11.8075, 0, 2.968, 0, 0, 1.4395, 0, 8.0464, 4.5035, 2.3352, 0, 0.3084, 1.294, 2.7516, 3.8631, 0.2967, 1.4468, 5.3605, 8.0568, 0, 4.0625, 0, 0, 13.93, 0, 0, 1.6564, 0, 0, 0.2332, 25.7926, 3.5674],
      [2.3531, 20.5476, 0, 3.9173, 0, 0, 24.1088, 32.4365, 32.9324, 10.2282, 0, 0, 0, 28.1006, 1.5755, 0, 4.3904, 0, 2.5217, 0, 4.0364, 4.1712, 2.2087, 0, 12.885, 0.4615, 19.8132, 22.0485, 4.3505, 1.5867, 0.308, 0, 0.3962, 0, 20.4816, 0, 0, 0],
      [746.5055, 391.0298, 20.4573, 686.013, 648.4743, 796.1725, 486.7602, 556.3485, 438.1553, 1032.7793, 32.0005, 15.7978, 35.6675, 995.1566, 319.3072, 918.0949, 712.9463, 256.6356, 436.2247, 943.569, 1144.598, 52.5002, 43.8707, 96.233, 395.7862, 27.0801, 330.2853, 543.4033, 968.4723, 749.7764, 227.013, 979.9681, 377.496, 125.7749, 2088.0921, 205.6687, 1298.4346, 639.8984],
      [15.4722, 12.8503, 3.7939, 8.0524, 20.8851, 22.8681, 0, 4.7746, 0, 62.7105, 0.7362, 1.469, 0.8228, 1.8701, 0.1566, 13.5274, 21.4202, 5.9542, 17.1807, 18.7875, 18.1658, 2.3697, 2.6472, 7.9993, 0, 1.9308, 0, 12.9693, 44.7941, 0, 15.629, 3.3485, 11.9676, 2.9013, 35.7639, 3.3053, 52.8002, 14.5342]
    ],
    [
      [14.2261, 5.1731, 0.5969, 5.8695, 4.0788, 6.5659, 7.8591, 6.7648, 7.0633, 15.0219, 0.5969, 0.2984, 1.1938, 15.3204, 3.1835, 7.4612, 7.3617, 3.2829, 7.0633, 10.7442, 12.8333, 0.3979, 0.4974, 0.6964, 7.9586, 0.0995, 3.4819, 8.0581, 13.1317, 8.655, 4.3772, 12.2364, 3.3824, 2.9845, 23.478, 3.9793, 17.0116, 3.7804],
      [0, 0, 0, 0, 0, 0, 0, 0, 0, 0, 0, 0, 0, 0, 0, 0, 0, 0, 0, 0, 0, 0, 0, 0, 0, 0, 0, 0, 0, 0, 0, 0, 0, 0, 0, 0, 0, 0],
      [49.2844, 17.9216, 2.0679, 20.3341, 14.1305, 22.7467, 28.5017, 23.436, 24.4699, 52.0416, 2.0679, 1.0339, 4.1358, 53.0756, 11.0287, 25.8485, 25.5038, 11.3733, 24.4699, 37.2218, 44.4594, 1.3786, 1.7232, 2.4125, 27.5717, 0.3446, 12.0626, 27.9164, 45.4933, 29.9842, 15.1644, 42.3915, 11.718, 10.3394, 81.3366, 13.7859, 58.9345, 13.0966],
      [17.4481, 6.3448, 0.7321, 7.1989, 5.0026, 8.053, 9.6392, 8.297, 8.6631, 18.4242, 0.7321, 0.366, 1.4642, 18.7903, 3.9045, 9.1511, 9.0291, 4.0265, 8.6631, 13.1776, 15.7399, 0.4881, 0.6101, 0.8541, 9.7612, 0.122, 4.2705, 9.8832, 16.106, 10.6153, 5.3687, 15.0078, 4.1485, 3.6604, 28.7955, 4.8806, 20.8645, 4.6366],
      [62.0414, 22.5605, 2.6031, 25.5975, 17.7881, 28.6345, 33, 29.5022, 30.8038, 65.5122, 2.6031, 1.3016, 5.2063, 66.8138, 13.8834, 32.5392, 32.1053, 14.3172, 30.8038, 46.8564, 55.9674, 1.7354, 2.1693, 3.037, 34.7085, 0.4339, 15.185, 35.1423, 57.269, 37.7455, 19.0897, 53.3643, 14.7511, 13.0157, 102.39, 17.3542, 74.1893, 16.4865]
    ]
  ],
  "V_est": [
    [282.4867, 0, 0, 2625.5133, 0],
    [0, 1643.4675, 917.5325, 0, 0],
    [137.7355, 618.3091, 7185.8008, 121.1192, 213.0354],
    [851.0124, 127.2235, 255.8595, 20762.4471, 464.4575],
    [256.7654, 0, 890.8071, 314.9204, 1118.5071]
  ],
  "p_est": [
    [0.0971, 0, 0, 0.9029, 0],
    [0, 0.6417, 0.3583, 0, 0],
    [0.0166, 0.0747, 0.8683, 0.0146, 0.0257],
    [0.0379, 0.0057, 0.0114, 0.9244, 0.0207],
    [0.0995, 0, 0.3451, 0.122, 0.4334]
  ],
  "EI_Z": {},
  "EI_V": 6.5564,
  "MAE_Z": {},
  "MAE_V": 203.4435,
  "MAE_p": 0.0533,
  "runtime": 0.7097
}
