{
  "X": [
    [48, 15, 37],
    [51, 11, 38],
    [41, 19, 40],
    [53, 15, 32],
    [58, 12, 30],
    [48, 17, 35],
    [34, 17, 49],
    [48, 15, 37],
    [43, 17, 40],
    [52, 14, 34],
    [38, 24, 38],
    [51, 16, 33],
    [48, 18, 34],
    [48, 16, 36],
    [52, 12, 36],
    [48, 18, 34],
    [40, 31, 29],
    [27, 46, 27],
    [28, 47, 25],
    [20, 45, 35],
    [16, 53, 31],
    [27, 47, 26],
    [22, 55, 23],
    [24, 44, 32],
    [28, 41, 31],
    [19, 49, 32],
    [30, 43, 27],
    [21, 55, 24],
    [29, 42, 29],
    [25, 54, 21],
    [25, 52, 23],
    [27, 46, 27],
    [26, 40, 34],
    [40, 25, 35],
    [28, 33, 39],
    [29, 30, 41],
    [35, 20, 45],
    [32, 27, 41],
    [38, 18, 44],
    [33, 21, 46],
    [33, 22, 45],
    [34, 29, 37],
    [32, 31, 37],
    [32, 28, 40],
    [45, 25, 30],
    [42, 18, 40],
    [29, 30, 41],
    [36, 31, 33],
    [39, 30, 31],
    [28, 30, 42]
  ],
  "W": [
    [65, 22, 13],
    [70, 12, 18],
    [60, 23, 17],
    [70, 11, 19],
    [72, 13, 15],
    [65, 21, 14],
    [63, 21, 16],
    [70, 16, 14],
    [62, 22, 16],
    [70, 11, 19],
    [56, 19, 25],
    [69, 15, 16],
    [63, 20, 17],
    [70, 14, 16],
    [68, 12, 20],
    [66, 15, 19],
    [54, 34, 12],
    [18, 66, 16],
    [24, 58, 18],
    [13, 72, 15],
    [17, 61, 22],
    [23, 66, 11],
    [13, 69, 18],
    [16, 60, 24],
    [14, 64, 22],
    [20, 67, 13],
    [14, 69, 17],
    [12, 72, 16],
    [16, 72, 12],
    [11, 71, 18],
    [12, 63, 25],
    [18, 65, 17],
    [12, 76, 12],
    [22, 26, 52],
    [19, 17, 64],
    [20, 19, 61],
    [12, 18, 70],
    [16, 20, 64],
    [10, 14, 76],
    [18, 12, 70],
    [21, 14, 65],
    [15, 16, 69],
    [22, 21, 57],
    [17, 17, 66],
    [17, 16, 67],
    [21, 14, 65],
    [17, 17, 66],
    [20, 14, 66],
    [20, 20, 60],
    [14, 20, 66]
  ],
  "method": "mult",
  "cond_prob": [
    [
      [0.61012390981, 0.0056231574697, 0.38425293272],
      [0.17394115244, 0.56396685052, 0.26209199705],
      [0.34732619296, 0.17132492716, 0.48134887988]
    ],
    [
      [0.60943338824, 0.013579482702, 0.37698712906],
      [0.16998826829, 0.57529519717, 0.25471653454],
      [0.34998908911, 0.17477188027, 0.47523903063]
    ],
    [
      [0.54722739492, 0.026588330559, 0.42618427452],
      [0.13601601116, 0.60882034941, 0.25516363942],
      [0.29635223811, 0.20010777235, 0.50353998954]
    ],
    [
      [0.63752398364, 0.040215615154, 0.32226040121],
      [0.14502287122, 0.67760666608, 0.1773704627],
      [0.35674050325, 0.24901229539, 0.39424720136]
    ],
    [
      [0.68629947883, 0.01478499359, 0.29891552758],
      [0.18831480524, 0.61275386948, 0.19893132527],
      [0.40922300372, 0.19797867722, 0.39279831907]
    ],
    [
      [0.61273493458, 0.020291844689, 0.36697322074],
      [0.15889051066, 0.61241651509, 0.22869297426],
      [0.34539489492, 0.20144880559, 0.45315629949]
    ],
    [
      [0.44556320802, 0.028501655588, 0.5259351364],
      [0.1082240046, 0.58325615362, 0.30851984178],
      [0.22855086241, 0.18475102949, 0.5866981081]
    ],
    [
      [0.58767006166, 0.028578950576, 0.38375098776],
      [0.14460227352, 0.62752948455, 0.22786824192],
      [0.3249613791, 0.21135726477, 0.46368135613]
    ],
    [
      [0.56154360329, 0.017784853906, 0.42067154281],
      [0.14748494592, 0.58750403619, 0.26501101789],
      [0.30872673661, 0.18576564136, 0.50550762203]
    ],
    [
      [0.62452366582, 0.034135863588, 0.34134047059],
      [0.14811871496, 0.65609352708, 0.19578775796],
      [0.35021250148, 0.23123477637, 0.41855272215]
    ],
    [
      [0.52446390341, 0.068026924948, 0.40750917164],
      [0.10227936473, 0.70001257844, 0.19770805683],
      [0.26746853916, 0.2756101285, 0.45692133234]
    ],
    [
      [0.62557339326, 0.034938623635, 0.3394879831],
      [0.14819494838, 0.65736150152, 0.1944435501],
      [0.35078197745, 0.2330507779, 0.41616724466]
    ],
    [
      [0.61884329936, 0.026885911621, 0.35427078902],
      [0.15442825947, 0.63251826234, 0.2130534782],
      [0.34848864418, 0.21504837183, 0.43646298399]
    ],
    [
      [0.58617731162, 0.041449850028, 0.37237283835],
      [0.13282143428, 0.66310515291, 0.20407341281],
      [0.31925550666, 0.23843989733, 0.44230459601]
    ],
    [
      [0.62791445952, 0.016512894944, 0.35557264554],
      [0.1706567776, 0.5952445857, 0.2340986367],
      [0.36269677108, 0.18670940577, 0.45059382316]
    ],
    [
      [0.6022353565, 0.046235483375, 0.35152916013],
      [0.13324563298, 0.67815396743, 0.18860039958],
      [0.32914641981, 0.25137624136, 0.41947733884]
    ],
    [
      [0.59460368177, 0.066240126326, 0.3391561919],
      [0.11787521614, 0.71004080262, 0.17208398124],
      [0.32363698628, 0.27347049077, 0.40289252295]
    ],
    [
      [0.61983774889, 0.0334594993, 0.34670275181],
      [0.15526866066, 0.63445029524, 0.2102810441],
      [0.34969930729, 0.22025059541, 0.4300500973]
    ],
    [
      [0.61889097653, 0.049766071566, 0.33134295191],
      [0.12261969773, 0.70655600004, 0.17082430223],
      [0.33525967194, 0.26807590445, 0.39666442361]
    ],
    [
      [0.50620186626, 0.029780692892, 0.46401744084],
      [0.13026436174, 0.58058436544, 0.28915127282],
      [0.26935611289, 0.18738511206, 0.54325877505]
    ],
    [
      [0.45286166798, 0.063505339905, 0.48363299212],
      [0.061333396687, 0.74433440173, 0.19433220159],
      [0.20727338393, 0.29618230529, 0.49654431078]
    ],
    [
      [0.61015052787, 0.038614502145, 0.35123496998],
      [0.14023521012, 0.659419546, 0.20034524388],
      [0.33736490827, 0.23547058317, 0.42716450856]
    ],
    [
      [0.61554558112, 0.047847833665, 0.33660658522],
      [0.11743991063, 0.71606447619, 0.16649561318],
      [0.32747520067, 0.27608496141, 0.39643983792]
    ],
    [
      [0.55908029146, 0.036063551452, 0.40485615709],
      [0.13070930131, 0.63563569964, 0.23365499905],
      [0.30050655242, 0.2202017166, 0.47929173098]
    ],
    [
      [0.61490428829, 0.0248075079, 0.36028820381],
      [0.17981481162, 0.57255912666, 0.24762606172],
      [0.35832691, 0.18222321743, 0.45944987257]
    ],
    [
      [0.48390731472, 0.046219657188, 0.46987302809],
      [0.092208903139, 0.67102074662, 0.23677035024],
      [0.24183516887, 0.23978591019, 0.51837892094]
    ],
    [
      [0.66105427448, 0.02369849893, 0.31524722659],
      [0.20238937936, 0.57298429416, 0.22462632648],
      [0.3988454695, 0.18425321869, 0.4169013118]
    ],
    [
      [0.60088046644, 0.044768916582, 0.35435061697],
      [0.12038638608, 0.6980808745, 0.18153273942],
      [0.32010091281, 0.26255937732, 0.41733970987]
    ],
    [
      [0.63322527679, 0.021263112698, 0.34551161052],
      [0.19937230558, 0.5497232549, 0.25090443951],
      [0.37613246411, 0.17330965365, 0.45055788224]
    ],
    [
      [0.67254570184, 0.040402991137, 0.28705130702],
      [0.15094738221, 0.68909676026, 0.15995585753],
      [0.38248517461, 0.25720539549, 0.3603094299]
    ],
    [
      [0.64798821617, 0.045149345295, 0.30686243853],
      [0.1324569896, 0.7086331976, 0.1589098128],
      [0.35517404244, 0.27257265632, 0.37225330124]
    ],
    [
      [0.61940433388, 0.034387569096, 0.34620809703],
      [0.15274788441, 0.63972683952, 0.20752527607],
      [0.34835938257, 0.22345759925, 0.42818301818]
    ],
    [
      [0.58592079885, 0.018902177883, 0.39517702327],
      [0.19534043222, 0.5000511475, 0.30460842029],
      [0.34358979711, 0.14744055464, 0.50896964825]
    ],
    [
      [0.65408162118, 0.021825130716, 0.3240932481],
      [0.18822052492, 0.58975665053, 0.22202282455],
      [0.39839366704, 0.17665719636, 0.4249491366]
    ],
    [
      [0.53411242251, 0.056932819235, 0.40895475826],
      [0.096640744079, 0.71933209068, 0.18402716524],
      [0.25326517692, 0.3076504827, 0.43908434038]
    ],
    [
      [0.53360188035, 0.047072421505, 0.41932569815],
      [0.10869191899, 0.6804198949, 0.21088818611],
      [0.26660353987, 0.26443563224, 0.46896082788]
    ],
    [
      [0.59013053823, 0.021338317754, 0.38853114402],
      [0.17928186324, 0.53563490863, 0.28508322813],
      [0.35273371433, 0.14432159759, 0.50294468808]
    ],
    [
      [0.57340743544, 0.034511478523, 0.39208108603],
      [0.13817080527, 0.63196574712, 0.22986344762],
      [0.31346976449, 0.2157578344, 0.47077240111]
    ],
    [
      [0.61980326854, 0.020205652765, 0.35999107869],
      [0.1983939454, 0.52265851647, 0.27894753814],
      [0.38190068525, 0.13790426634, 0.48019504841]
    ],
    [
      [0.55237285687, 0.029835861162, 0.41779128197],
      [0.14164608975, 0.59833499719, 0.26001891306],
      [0.30510764999, 0.18975620761, 0.5051361424]
    ],
    [
      [0.54975956297, 0.031153840534, 0.41908659649],
      [0.13735110359, 0.60849920674, 0.25414968968],
      [0.30049436504, 0.19733508391, 0.50217055105]
    ],
    [
      [0.60912131781, 0.041274153846, 0.34960452834],
      [0.13512489152, 0.67568766822, 0.18918744025],
      [0.32900263722, 0.2546360145, 0.41636134827]
    ],
    [
      [0.57501950856, 0.047956232342, 0.3770242591],
      [0.11857519535, 0.6892754323, 0.19214937235],
      [0.2957805563, 0.27140664579, 0.43281279791]
    ],
    [
      [0.57362367173, 0.040279521572, 0.38609680669],
      [0.12781752546, 0.66207273838, 0.21010973616],
      [0.30417423709, 0.2433335088, 0.45249225411]
    ],
    [
      [0.71474499082, 0.029732961833, 0.25552204735],
      [0.19390871351, 0.63869695782, 0.16739432868],
      [0.44398202597, 0.21306549737, 0.34295247666]
    ],
    [
      [0.64089964647, 0.019458481121, 0.33964187241],
      [0.1967481336, 0.55176379543, 0.25148807098],
      [0.39671743929, 0.15179505785, 0.45148750286]
    ],
    [
      [0.54125442175, 0.046448219125, 0.41229735912],
      [0.11022663888, 0.68334167582, 0.20643168529],
      [0.27158821165, 0.26656926948, 0.46184251886]
    ],
    [
      [0.62944346101, 0.051408151369, 0.31914838762],
      [0.12492673812, 0.71977378879, 0.15529947309],
      [0.32821449161, 0.30143945348, 0.37034605491]
    ],
    [
      [0.66601821056, 0.040747827825, 0.29323396161],
      [0.15307690309, 0.68287246915, 0.16405062775],
      [0.37696829545, 0.25879323434, 0.36423847021]
    ],
    [
      [0.53699019834, 0.041610324136, 0.42139947753],
      [0.11559760864, 0.66188493384, 0.22251745752],
      [0.2753058341, 0.24514783008, 0.47954633582]
    ]
  ],
  "expected_outcome": [
    [
      [39.6580541379, 42.6603371766, 32.8336436954, 44.6266788548, 49.4135624761, 39.8277707474, 28.070482105, 41.1369043163, 34.8157034039, 43.7166566074, 29.3699785911, 43.1645641351, 38.9871278596, 41.0324118136, 42.6981832473, 39.7475335289, 32.1085988158, 11.1570794801, 14.8533834367, 6.5806242614, 7.6986483556, 14.033462141, 8.0020925545, 8.9452846634, 8.6086600361, 9.6781462944, 9.2547598427, 7.2105655973, 10.1316044286, 7.3980027203, 7.7758585941, 11.1492780098, 7.0310495862, 14.389795666, 10.1481360277, 10.6720376069, 7.0815664587, 9.1745189671, 6.1980326854, 9.9427114236, 11.5449508224, 9.1368197671, 12.6504291884, 9.7516024195, 12.1506648439, 13.4588925759, 9.2013251698, 12.5888692203, 13.3203642112, 7.5178627767],
      [0.36550523553, 0.95056378917, 1.5952998335, 2.8150930607, 1.0645195385, 1.3189699048, 1.7956043021, 2.0005265403, 1.1026609421, 2.3895104511, 3.8095077971, 2.4107650308, 1.6938124322, 2.901489502, 1.1228768562, 3.0515419028, 3.5769668216, 0.6022709874, 1.1943857176, 0.3871490076, 1.0795907784, 0.88813354933, 0.62202183765, 0.57701682323, 0.3473051106, 0.92439314376, 0.33177898502, 0.53722699899, 0.34020980316, 0.44443290251, 0.54179214354, 0.61897624372, 0.22682613459, 0.48015287574, 1.0817235655, 0.9414484301, 0.25605981304, 0.55218365637, 0.20205652765, 0.53704550092, 0.65423065121, 0.61911230769, 1.0550371115, 0.68475186672, 0.50546035116, 0.40862810355, 0.78961972512, 1.0281630274, 0.81495655651, 0.5825445379],
      [24.9764406266, 26.3890990342, 25.571056471, 22.5582280844, 21.5219179854, 23.8532593478, 33.133913593, 26.8625691434, 26.0816356539, 23.8938329415, 22.8205136118, 23.4246708341, 22.3190597083, 26.0660986845, 24.1789398965, 23.2009245683, 18.3144343626, 6.2406495325, 7.9522308457, 6.032226731, 8.221760866, 8.0784043096, 4.3758856078, 6.4776985134, 5.0440348533, 9.3974605619, 4.4134611723, 4.2522074037, 5.5281857682, 3.1575643772, 3.6823492624, 6.2317457465, 4.7421242792, 7.1300514583, 7.7701404069, 8.386513963, 4.6623737283, 6.2732973765, 3.5999107869, 7.5202430755, 8.8008185264, 5.2440679252, 8.2945337001, 6.5636457138, 4.343874805, 7.1324793205, 7.0090551051, 6.3829677524, 5.8646792323, 5.8995926854]
    ],
    [
      [3.8267053536, 2.0398592194, 3.1283682567, 1.5952515834, 2.4480924682, 3.3367007238, 2.2727040965, 2.3136363764, 3.2446688103, 1.6293058646, 1.9433079299, 2.2229242257, 3.0885651893, 1.8595000799, 2.0478813312, 1.9986844948, 4.0077573489, 10.2477316033, 7.1119424685, 9.3790340452, 3.7413371979, 9.255523868, 8.1033538334, 7.8425580785, 11.5081479439, 6.1779965103, 13.9648671758, 8.6678197977, 14.354806002, 10.7172641367, 8.3447903449, 9.9286124864, 14.8458728486, 4.8937336479, 1.6428926493, 2.0651464608, 3.2270735382, 2.7634161053, 2.7775152356, 1.6997530771, 1.9229154502, 2.1619982644, 2.4900791024, 2.1728979329, 3.1025394161, 2.7544738703, 1.873852861, 1.7489743337, 3.0615380619, 2.3119521728],
      [12.4072707114, 6.903542366, 14.0028680365, 7.4536733269, 7.9658003033, 12.8607468169, 12.248379226, 10.0404717529, 12.9250887961, 7.2170287979, 13.3002389904, 9.8604225228, 12.6503652468, 9.2834721408, 7.1429350284, 10.1723095115, 24.1413872891, 41.873719486, 40.9802480023, 41.8020743115, 45.4043985053, 43.5216900358, 49.408448857, 38.1381419783, 36.643784106, 44.9583900238, 39.5359162972, 50.2618229639, 39.5800743531, 48.9258699786, 44.6438914485, 41.5822445691, 38.0038872097, 15.3336729137, 12.2286455415, 12.9279780031, 9.6414283554, 12.6393149423, 7.3172192305, 7.1800199663, 8.5189888943, 10.8110026916, 14.4747840783, 11.2552365524, 10.2191513251, 7.724693136, 11.616808489, 10.076833043, 13.6574493831, 13.2376986768],
      [5.766023935, 3.0565984145, 5.8687637067, 1.9510750897, 2.5861072286, 4.8025524594, 6.4789166774, 3.6458918707, 5.8302423936, 2.1536653376, 3.7564530797, 2.9166532514, 4.2610695639, 2.8570277793, 2.8091836404, 2.8290059938, 5.850855362, 13.8785489107, 9.9078095293, 20.8188916433, 11.8542642967, 13.2227860962, 11.4881973096, 14.0192999432, 15.8480679502, 15.8636134659, 15.499216527, 13.0703572385, 18.0651196449, 11.3568658847, 10.0113182066, 13.4891429445, 23.1502399417, 5.7725934384, 3.1284618091, 4.006875536, 5.1314981064, 4.5972689524, 3.9052655339, 3.1202269567, 3.5580956555, 3.0269990441, 4.0351368193, 3.5718655147, 2.6783092588, 3.5208329937, 3.50933865, 2.1741926233, 3.281012555, 4.4503491504]
    ],
    [
      [4.5152405085, 6.299803604, 5.0379880478, 6.7780695618, 6.1383450557, 4.8355285288, 3.6568137985, 4.5494593073, 4.9396277858, 6.6540375281, 6.686713479, 5.6125116391, 5.9243069511, 5.1080881065, 7.2539354215, 6.2537819763, 3.8836438353, 5.5951889166, 6.0346740949, 4.0403416934, 4.5600144465, 3.711013991, 5.8945536121, 7.2121572581, 7.88319202, 3.1438571953, 6.7803729815, 5.121614605, 4.5135895694, 6.884733143, 8.879351061, 5.9221095038, 4.1230775653, 20.7164706861, 16.208971323, 16.2628159322, 24.6913600031, 20.0620649276, 29.024452079, 21.3575354993, 19.5321337274, 22.7011819685, 16.8594917092, 20.0754996476, 29.74679574, 25.7866335537, 17.9248219691, 21.662156446, 22.6180977269, 18.1701850505],
      [2.2272240531, 3.1458938448, 3.40183213, 4.7312336123, 2.9696801582, 2.8202832783, 2.9560164719, 2.9590017068, 2.9722502618, 4.393460751, 6.8902532125, 3.7288124464, 3.6558223211, 3.8150383573, 3.7341881154, 4.7761485858, 3.2816458893, 3.5240095266, 4.8253662801, 2.8107766809, 6.5160107163, 2.5901764149, 4.9695293053, 5.2848411985, 4.0089107834, 3.1172168324, 3.1323047178, 4.2009500371, 2.0797158438, 4.6296971189, 6.814316408, 3.7987791872, 1.7692866557, 9.1861742106, 19.689630893, 16.1305735668, 10.1025118316, 13.8085014013, 10.4807242418, 13.2829345328, 12.8267804545, 17.5698850007, 15.4701788102, 16.0600115809, 14.2753883238, 9.8666787605, 17.5935717859, 19.8950039296, 15.5275940604, 16.1797567853],
      [6.2575354384, 8.5543025513, 8.5601798222, 7.4906968259, 5.891974786, 6.3441881929, 9.3871697296, 6.4915389858, 8.0881219525, 7.9525017209, 11.4230333085, 6.6586759145, 7.4198707278, 7.0768735362, 9.0118764631, 7.9700694379, 4.8347102754, 6.8808015568, 7.139959625, 8.1488816258, 10.9239748373, 4.6988095942, 7.1359170826, 11.5030015434, 10.1078971965, 6.7389259722, 7.0873223007, 6.6774353578, 5.4066945869, 6.4855697381, 9.306332531, 7.279111309, 6.107635779, 22.0973551033, 28.101397784, 28.606610501, 35.2061281654, 30.1294336711, 36.4948236792, 35.3595299678, 32.6410858182, 28.7289330308, 24.6703294806, 29.8644887715, 22.9778159362, 29.3466876858, 30.4816062449, 24.4428396243, 21.8543082127, 31.6500581642]
    ]
  ],
  "prob": [
    [0.59526410999, 0.032886561917, 0.3718493281],
    [0.14389101612, 0.63869317829, 0.21741580559],
    [0.3288285743, 0.22477585419, 0.44639557152]
  ],
  "iterations": 21,
  "logLik": -280.2171293943,
  "time": 3.5e-05,
  "message": "Converged",
  "status": 0,
  "miniter": 0,
  "maxiter": 1000,
  "maxtime": 3600,
  "param_threshold": 0.001,
  "ll_threshold": "-Inf",
  "initial_prob": "group_proportional",
  "adjust_prob_cond_method": "project_lp",
  "adjust_prob_cond_every": false
}
