{
  "Z_true": {},
  "V_true": [
    [554, 46, 78, 1074, 63],
    [901, 363, 331, 13159, 604],
    [151, 581, 9152, 885, 645],
    [29, 85, 320, 332, 488],
    [10, 729, 261, 221, 45],
    [74, 101, 243, 454, 566]
  ],
  "p_true": [
    [0.3052, 0.0253, 0.043, 0.5917, 0.0347],
    [0.0587, 0.0236, 0.0216, 0.8568, 0.0393],
    [0.0132, 0.0509, 0.8018, 0.0775, 0.0565],
    [0.0231, 0.0678, 0.2552, 0.2648, 0.3892],
    [0.0079, 0.5758, 0.2062, 0.1746, 0.0355],
    [0.0515, 0.0702, 0.169, 0.3157, 0.3936]
  ],
  "Z_est": [
    [
      [27.5943, 1.6289, 16.339, 1.578, 10.8124, 5.1932, 51.5631, 92.575, 36.8741, 11.3699, 10.0413, 13.7613, 7.4906, 20.5869, 29.1307, 9.6389, 17.7761, 11.6589, 24.2205, 22.5936, 4.2689, 10.6957, 3.9856, 23.8615, 61.9131, 55.7128, 12.6639, 1.2314, 20.3067, 5.323, 16.1163, 16.4493, 5.1646, 9.6742, 35.0682, 11.5505, 14.6198, 18.1927, 11.9827, 32.3082, 1.8423, 67.4998, 11.4961, 88.8391, 28.3901],
      [4.8267, 0.3136, 2.3744, 0.1572, 1.886, 0.6227, 6.0366, 11.8412, 7.8041, 1.9884, 1.5567, 2.8272, 0.741, 6.7152, 6.9362, 1.6682, 3.5628, 2.3169, 4.5417, 3.5977, 0.6353, 1.9917, 0.4328, 3.736, 14.4657, 20.2421, 2.1916, 0.1281, 2.7209, 1.0822, 4.1536, 3.1022, 1.3463, 0.9291, 4.2087, 3.0621, 1.8363, 3.9402, 1.6863, 7.778, 0.5972, 19.2495, 0.9809, 7.2288, 3.2951],
      [0.6969, 0.0523, 0.6018, 0.0323, 0.4337, 0.075, 1.8631, 2.613, 1.4497, 0.4377, 0.3754, 0.6988, 0.1474, 1.1706, 1.4973, 0.4794, 0.5558, 0.3556, 0.8831, 0.7178, 0.1089, 0.519, 0.1354, 0.6043, 1.4329, 1.5837, 0.8577, 0.0472, 0.4802, 0.1636, 0.6481, 0.4944, 0.2881, 0.1975, 1.1531, 0.4264, 0.5219, 0.5767, 0.81, 1.3854, 0.1404, 3.4703, 0.1746, 1.3199, 1.0813],
      [14.4605, 1.2739, 5.8599, 0.826, 5.0326, 2.8558, 28.9685, 57.1678, 12.9399, 4.2819, 4.4642, 6.8898, 3.1247, 11.7653, 14.4608, 5.2631, 10.0296, 5.7975, 15.0718, 11.527, 2.6555, 8.6011, 1.2598, 9.503, 30.0394, 29.0818, 10.4894, 0.538, 12.5109, 3.1027, 9.098, 12.6552, 4.5681, 6.1403, 18.1708, 9.8829, 6.1123, 10.213, 7.5982, 19.5291, 2.1836, 49.52, 3.715, 27.581, 14.2706],
      [2.4216, 0.7313, 0.8249, 0.4065, 0.8353, 0.2533, 3.5687, 8.803, 1.9321, 0.9221, 0.5624, 0.8229, 0.4964, 1.762, 1.975, 0.9505, 1.0758, 0.8711, 2.283, 1.5638, 0.3314, 1.1925, 0.1863, 1.2952, 4.1489, 3.3796, 1.7975, 0.0553, 1.9813, 0.3286, 0.984, 1.2989, 0.6329, 1.0589, 2.3992, 1.0781, 0.9096, 1.0773, 1.9228, 2.9993, 0.2366, 7.2603, 0.6333, 4.0313, 0.9628]
    ],
    [
      [13.7838, 1.7118, 13.2794, 0.7428, 5.5183, 1.1579, 6.0042, 13.9612, 26.8033, 11.8152, 7.1548, 11.9669, 5.2856, 7.7107, 9.9629, 5.0063, 7.8907, 4.5225, 13.303, 13.1943, 4.4282, 7.0452, 4.9339, 9.8005, 22.291, 21.1393, 1.1794, 1.2184, 17.7357, 6.4449, 11.4027, 15.7766, 5.2021, 9.8612, 22.0351, 8.3507, 10.4008, 9.5816, 5.2086, 19.7777, 0.8492, 18.2102, 7.9695, 44.935, 6.9758],
      [10.3067, 1.7807, 8.5266, 0.3639, 4.1659, 0.756, 2.4003, 6.5525, 23.2118, 9.0822, 4.8869, 10.4994, 2.2159, 10.6281, 10.1026, 3.5661, 6.7614, 3.8643, 10.7324, 9.0152, 2.7551, 5.3572, 2.6937, 6.8251, 18.6844, 17.9198, 0.7177, 0.5703, 8.4118, 5.727, 11.8309, 12.9189, 7.104, 1.2653, 8.8185, 10.5305, 5.312, 8.691, 1.4147, 20.3229, 2.3914, 23.1778, 3.1788, 16.5339, 2.9055],
      [2.3761, 1.9042, 3.2539, 0.589, 1.2507, 0, 1.3733, 3.2066, 7.3185, 2.6734, 1.538, 4.3357, 0.5775, 2.9122, 3.4239, 1.6182, 1.2921, 0.6407, 2.5376, 2.1605, 0.5713, 2.2504, 1.0485, 1.2872, 4.3509, 7.9207, 0.6112, 0.303, 2.8936, 0.9431, 2.7766, 3.3406, 1.9462, 2.7206, 4.5041, 2.0531, 2.2699, 1.6693, 2.9827, 4.6684, 0.7048, 5.6935, 0.8436, 6.7083, 2.1164],
      [368.2771, 74.1395, 250.4622, 19.5195, 133.489, 34.5211, 169.7423, 429.9864, 486.9209, 229.9153, 164.1292, 307.9671, 117.2089, 228.1796, 253.6353, 142.3068, 226.8883, 116.2703, 423.4989, 341.5855, 139.3534, 315.2998, 87.2995, 204.6474, 545.4166, 523.3881, 53.786, 28.4672, 553.1746, 189.4364, 323.6694, 635.7131, 282.5371, 315.8223, 573.93, 399.9492, 224.8139, 271.5976, 170.6279, 612.3661, 96.2241, 717.6741, 146.1104, 799.8437, 175.8055],
      [51.2563, 21.4638, 29.4779, 5.7848, 18.5762, 2.565, 17.48, 55.2932, 60.7455, 40.514, 17.2911, 30.2309, 15.712, 28.5695, 28.8752, 21.5026, 20.1674, 14.7022, 53.9281, 39.0446, 14.8919, 37.0473, 11.0245, 23.4398, 63.2571, 50.632, 7.7058, 2.441, 72.7843, 16.4486, 28.3203, 53.2508, 33.2107, 44.3307, 63.7123, 36.1165, 28.2033, 23.4605, 33.766, 78.8649, 8.8305, 88.2444, 20.8978, 97.9791, 9.1968]
    ],
    [
      [6.7922, 0.4795, 3.2155, 0.4805, 3.7529, 0.4539, 5.0624, 12.9019, 6.0613, 2.2264, 1.715, 5.5254, 2.185, 5.081, 4.7162, 2.9436, 5.0393, 2.8368, 2.7646, 2.1603, 0.3876, 1.118, 0.3148, 3.4596, 6.5218, 6.7321, 0.7355, 0.2421, 3.756, 1.4233, 2.0326, 5.0479, 0.7672, 2.9869, 4.6681, 2.498, 2.4084, 3.3864, 0.8362, 8.3059, 0.1506, 6.9177, 2.1385, 17.4373, 3.3805],
      [22.8557, 1.8954, 9.5372, 0.9428, 12.4415, 1.0976, 9.1704, 28.8676, 24.7862, 7.6011, 5.1647, 21.8754, 4.3192, 33.0917, 21.6035, 9.3707, 19.1027, 10.6932, 10.0413, 6.6436, 1.168, 4.2045, 0.747, 10.8829, 28.4107, 39.8666, 2.4324, 0.4491, 9.5574, 5.6181, 9.8291, 18.6419, 4.3951, 5.2292, 10.2001, 13.7133, 5.7606, 13.8316, 1.8213, 38.8917, 1.8476, 42.9545, 3.8612, 30.3666, 6.3749],
      [299.2991, 29.0332, 220.1836, 15.5881, 260.7068, 15.3263, 295.1826, 580.9161, 430.2224, 153.2701, 114.862, 493.025, 81.4802, 537.7675, 422.5632, 258.9921, 272.0893, 152.1017, 180.1592, 123.1463, 20.0072, 103.896, 23.8287, 162.2994, 255.0384, 280.4441, 116.5809, 17.5744, 157.0613, 79.3435, 142.5824, 271.727, 87.9826, 107.8648, 266.0931, 175.1657, 154.3284, 186.5427, 99.4486, 631.3738, 41.7787, 704.896, 64.7257, 492.9909, 202.6379],
      [23.9088, 3.8413, 7.9509, 2.4368, 10.9947, 1.5822, 18.3709, 51.4778, 15.0153, 5.8505, 4.9517, 18.005, 6.2903, 19.9681, 14.8405, 10.605, 18.8719, 9.0873, 11.635, 7.3868, 1.6735, 6.5052, 0.7046, 9.5392, 21.4242, 23.8116, 5.6004, 0.5012, 15.7551, 5.5533, 7.786, 26.9895, 5.2185, 13.085, 16.304, 15.625, 6.7412, 12.751, 4.2859, 34.3045, 2.3046, 39.4484, 5.1318, 42.4109, 12.0767],
      [14.1443, 3.7507, 4.1129, 1.5518, 7.104, 0.5401, 8.2136, 27.8366, 7.9148, 4.0519, 2.3066, 6.5692, 3.7252, 11.0918, 7.2766, 7.0886, 6.8968, 5.281, 6.4, 3.6631, 0.7637, 3.2762, 0.4049, 4.8188, 10.6049, 9.1456, 3.6508, 0.2333, 8.8702, 2.0619, 2.7698, 9.5937, 2.6366, 7.834, 7.7347, 5.998, 3.7613, 4.4884, 2.608, 19.124, 0.9185, 20.7834, 3.1429, 21.7944, 0.53]
    ],
    [
      [0.2194, 0.0192, 0.1774, 0.0081, 0.0884, 0, 0.0563, 0.2449, 0.4526, 0.1416, 0.0834, 0.1312, 0.0321, 0.1176, 0.1187, 0.066, 0.0944, 0.0852, 0.1285, 0.1246, 0.0179, 0.0649, 0.0749, 0.1799, 0.2356, 0.2175, 0.0249, 0.0167, 0.2895, 0.0915, 0.2087, 0.179, 0.0955, 0.1139, 0.4711, 0.1317, 0.1907, 0.1046, 0.0355, 0.3224, 0.0186, 0.3142, 0.112, 0.425, 0.0699],
      [3.2902, 0.325, 2.2617, 0.0743, 1.3449, 0, 0.5733, 2.6565, 8.2887, 2.1537, 1.1317, 2.327, 0.2851, 3.3187, 2.4325, 0.9965, 1.6275, 1.471, 2.0703, 1.7058, 0.2373, 1.0676, 0.7684, 2.4643, 4.7031, 6.6064, 0.3937, 0.1697, 3.302, 1.606, 4.5575, 2.9203, 2.3913, 0.9337, 4.7716, 3.1412, 2.0817, 1.9409, 0.4357, 6.6582, 0.7317, 7.9041, 0.8769, 3.0552, 0.6988],
      [1.8212, 0.2066, 2.202, 0.0498, 1.1932, 0, 0.6538, 2.1429, 5.8958, 1.8282, 1.0532, 2.2087, 0.2189, 2.2157, 2.0036, 1.1009, 0.9814, 0.8772, 1.5558, 1.3165, 0.1575, 1.074, 0.9314, 1.5458, 1.7376, 1.7946, 0.5726, 0.2409, 2.2493, 0.9371, 2.7423, 1.7929, 1.9759, 0.7627, 5.0479, 1.6866, 2.2802, 1.0963, 0.793, 4.5751, 0.6659, 5.4869, 0.5995, 2.0754, 0.8472],
      [32.0466, 4.3125, 18.1609, 1.2867, 11.706, 0, 8.7904, 41.4395, 44.6285, 15.0757, 10.586, 18.4365, 3.9292, 18.9131, 16.5034, 10.2466, 14.9182, 12.0201, 22.3377, 17.7822, 3.2408, 15.0062, 7.3003, 20.4245, 31.5798, 30.3324, 6.1147, 2.3667, 49.4251, 15.0003, 32.4635, 38.6906, 26.3911, 20.1919, 67.0936, 32.9497, 22.5641, 16.3666, 6.3328, 54.2764, 8.7683, 65.9796, 10.8264, 37.705, 9.7608],
      [4.6226, 2.1367, 2.198, 0.5811, 1.6676, 0, 0.9261, 5.5162, 5.7343, 2.8009, 1.1456, 1.8966, 0.5347, 2.435, 1.9417, 1.59, 1.3785, 1.5465, 2.9076, 2.0709, 0.3465, 1.7873, 0.925, 2.3855, 3.744, 3.049, 0.894, 0.206, 6.7341, 1.365, 3.028, 3.4172, 3.1462, 2.9978, 7.6158, 3.0908, 2.8832, 1.4917, 1.403, 7.1679, 0.8155, 8.3152, 1.5852, 4.7393, 0.6233]
    ],
    [
      [0.6037, 0.0517, 0.6233, 0.08, 0.3541, 0.0718, 0.3551, 1.0777, 1.1016, 0.4303, 0.2844, 0.5404, 0.2585, 0.4538, 0.6111, 0.3177, 0.4251, 0.5226, 0.4584, 0.4986, 0.2438, 0.3137, 0.0945, 0.4224, 1.0823, 0.6484, 0.0662, 0.0755, 0.4052, 0.2493, 0.5852, 0.8491, 0.1694, 0.3546, 0.9735, 0.4419, 0.5266, 0.5521, 0.3576, 1.0729, 0.0438, 1.7236, 0.3523, 3.007, 0.4393],
      [13.6108, 1.4194, 11.8915, 1.308, 8.1526, 1.331, 5.4566, 17.6633, 30.047, 9.8885, 5.8883, 14.3455, 3.5146, 19.1369, 18.7556, 7.2362, 11.0747, 13.7448, 11.0871, 10.3023, 4.9949, 7.6629, 1.5099, 8.6729, 32.4909, 30.3031, 1.56, 1.3495, 6.9989, 6.7979, 19.5075, 20.5848, 5.851, 4.4792, 15.0134, 15.2711, 8.7046, 15.5138, 6.6552, 32.997, 2.0405, 63.3606, 4.1114, 31.6048, 6.6771],
      [6.2126, 0.7132, 9.5652, 0.6737, 5.9603, 0.5488, 5.1324, 11.7091, 17.6301, 6.94, 4.5226, 11.2458, 2.2153, 10.5359, 12.7603, 6.5892, 5.5078, 6.7488, 6.8991, 6.5864, 2.7479, 6.382, 1.5356, 4.4922, 9.8778, 6.6911, 1.8502, 1.5947, 3.9233, 3.2661, 9.6829, 10.4468, 4.004, 2.9652, 13.0608, 6.7716, 7.8737, 7.2297, 10.0382, 18.7773, 1.529, 36.4417, 2.3119, 17.7411, 6.6687],
      [6.6117, 0.8987, 4.7392, 1.0277, 3.503, 0.9069, 4.154, 13.7795, 8.0866, 3.4331, 2.7018, 5.6709, 2.3507, 5.4333, 6.3394, 3.6798, 5.0352, 5.5147, 5.96, 5.3342, 3.2866, 5.3337, 0.6817, 3.5569, 10.8937, 6.931, 1.1696, 0.8278, 5.2122, 3.1047, 6.9057, 13.6443, 3.1929, 4.7496, 10.5026, 7.977, 4.6668, 6.4911, 4.7999, 13.4903, 1.1631, 26.5864, 2.4772, 19.5894, 4.6179],
      [1.9611, 0.917, 1.1808, 0.9105, 1.0299, 0.1416, 0.9019, 3.7704, 2.1348, 1.3081, 0.6029, 1.1974, 0.6609, 1.44, 1.5336, 1.177, 0.9572, 1.469, 1.5955, 1.2786, 0.7269, 1.3076, 0.1784, 0.8556, 2.6553, 1.4265, 0.354, 0.1526, 1.4603, 0.5819, 1.3187, 2.475, 0.7827, 1.4513, 2.4497, 1.5384, 1.2284, 1.2133, 2.149, 3.6626, 0.2237, 6.8877, 0.7473, 5.0577, 0.597]
    ],
    [
      [1.0065, 0.1088, 1.3654, 0.1105, 0.4739, 0.1232, 0.9589, 2.2392, 2.7071, 2.0166, 0.7211, 2.0748, 0.7481, 1.05, 1.4604, 1.0276, 0.7745, 0.3741, 1.1251, 1.4286, 0.6536, 0.7625, 0.5964, 1.276, 2.9562, 2.5499, 0.3301, 0.2159, 2.5069, 0.468, 1.6546, 1.6982, 0.6013, 1.0092, 2.7838, 1.0271, 0.8537, 1.1826, 0.5794, 2.2129, 0.0956, 3.3345, 0.9317, 6.3566, 0.7445],
      [2.1099, 0.2659, 2.4087, 0.1539, 1.0091, 0.1928, 1.3627, 3.4189, 6.8622, 4.2861, 1.3717, 5.1255, 0.9241, 4.1095, 4.1695, 2.1621, 1.8709, 0.9098, 2.5271, 2.7355, 1.2094, 1.716, 0.8482, 2.4188, 8.2452, 11.062, 0.7046, 0.3334, 4.009, 1.1687, 5.1213, 3.8319, 1.9122, 1.1635, 3.9878, 3.2818, 1.3048, 3.0826, 0.9868, 6.3521, 0.3917, 11.3535, 0.9908, 6.2108, 1.0486],
      [0.5942, 0.0905, 1.1935, 0.0671, 0.4553, 0.0499, 0.7947, 1.4123, 2.4834, 1.8506, 0.6488, 2.486, 0.3607, 1.3981, 1.7515, 1.2202, 0.5736, 0.2759, 0.9653, 1.0725, 0.4072, 0.8785, 0.5204, 0.771, 1.5624, 1.5658, 0.5273, 0.2398, 1.3924, 0.3467, 1.5677, 1.1982, 0.8032, 0.4892, 2.141, 0.8966, 0.7259, 0.8853, 0.9274, 2.22, 0.1812, 4.0115, 0.3448, 2.1645, 0.6484],
      [14.6953, 2.5342, 13.8269, 1.9033, 6.2748, 2.134, 14.974, 38.149, 26.4088, 21.4436, 9.1671, 29.0307, 9.0962, 16.7407, 20.2206, 15.8987, 12.2568, 5.31, 19.4967, 20.3844, 11.7903, 17.2539, 5.7541, 14.329, 39.6464, 36.4551, 7.84, 3.2991, 42.9221, 7.8026, 26.0773, 36.3074, 15.0924, 18.0109, 39.999, 24.6162, 10.1015, 18.5808, 10.3553, 37.0337, 3.3563, 67.7914, 8.7392, 54.8699, 10.4685],
      [6.5941, 4.0006, 5.2054, 2.7652, 2.7869, 0.5001, 4.9097, 15.7806, 10.5385, 12.403, 3.0913, 9.2831, 3.8708, 6.7018, 7.3979, 7.6914, 3.5242, 2.1302, 7.8857, 7.3791, 3.9396, 6.3891, 2.2809, 5.2051, 14.5899, 11.3673, 3.598, 0.9118, 18.1697, 2.2141, 7.5792, 9.9644, 5.5908, 8.3273, 14.0884, 7.1783, 4.0142, 5.2686, 7.1511, 15.1813, 0.9752, 26.509, 3.9935, 21.3982, 2.09]
    ]
  ],
  "V_est": [
    [991.5833, 183.3351, 33.7578, 531.0804, 75.2435],
    [473.5289, 345.4773, 112.1601, 12905.5966, 1521.2372],
    [164.0468, 572.157, 9782.1268, 598.6019, 297.0675],
    [6.3957, 102.7516, 73.1943, 954.2709, 117.3875],
    [24.1699, 570.5674, 336.6007, 267.0122, 67.6499],
    [59.2755, 130.7116, 47.1604, 868.4381, 332.4144]
  ],
  "p_est": [
    [0.5463, 0.101, 0.0186, 0.2926, 0.0415],
    [0.0308, 0.0225, 0.0073, 0.8403, 0.0991],
    [0.0144, 0.0501, 0.857, 0.0524, 0.026],
    [0.0051, 0.0819, 0.0584, 0.761, 0.0936],
    [0.0191, 0.4507, 0.2659, 0.2109, 0.0534],
    [0.0412, 0.0909, 0.0328, 0.6039, 0.2312]
  ],
  "EI_Z": {},
  "EI_V": 10.4169,
  "MAE_Z": {},
  "MAE_V": 226.0118,
  "MAE_p": 0.0923,
  "runtime": 0.098
}
