{
  "X": [
    [62, 111, 570, 45],
    [45, 172, 280, 43],
    [54, 231, 652, 50],
    [95, 518, 1579, 124],
    [25, 64, 366, 24],
    [53, 203, 573, 47],
    [54, 240, 501, 55],
    [41, 140, 413, 34],
    [44, 171, 404, 29],
    [8, 27, 115, 5],
    [18, 41, 199, 23],
    [2, 2, 11, 2],
    [11, 27, 119, 3],
    [24, 39, 101, 11],
    [36, 79, 294, 27],
    [41, 115, 671, 47],
    [65, 159, 856, 57],
    [30, 82, 409, 32],
    [45, 123, 211, 32],
    [52, 157, 229, 31],
    [25, 42, 202, 13],
    [132, 192, 562, 45],
    [28, 121, 411, 35],
    [105, 318, 677, 73],
    [49, 88, 180, 20],
    [116, 267, 739, 89],
    [53, 220, 343, 50],
    [20, 54, 202, 25],
    [8, 72, 24, 23],
    [77, 154, 502, 41],
    [13, 59, 198, 18],
    [11, 39, 47, 10],
    [35, 156, 261, 46],
    [18, 99, 187, 23],
    [75, 279, 653, 64],
    [59, 87, 356, 26],
    [32, 196, 408, 50],
    [45, 97, 305, 29],
    [16, 41, 241, 22],
    [18, 56, 144, 12],
    [32, 79, 295, 13],
    [17, 40, 222, 13],
    [47, 261, 545, 67],
    [44, 216, 354, 59],
    [38, 224, 548, 38],
    [8, 8, 67, 6],
    [114, 198, 638, 53],
    [35, 146, 452, 40],
    [26, 133, 204, 26],
    [30, 66, 117, 20],
    [89, 250, 500, 71],
    [80, 127, 309, 33],
    [13, 129, 184, 42],
    [156, 589, 1865, 114],
    [35, 101, 255, 19],
    [191, 438, 1074, 109],
    [36, 50, 232, 10]
  ],
  "W": [
    [55, 73, 140, 432, 35, 53],
    [20, 26, 185, 212, 50, 47],
    [38, 33, 305, 503, 62, 46],
    [59, 84, 633, 1290, 137, 113],
    [15, 15, 101, 298, 32, 18],
    [18, 38, 248, 462, 63, 47],
    [18, 41, 280, 395, 71, 45],
    [21, 35, 171, 313, 40, 48],
    [22, 35, 242, 287, 23, 39],
    [6, 6, 35, 95, 4, 9],
    [20, 17, 58, 154, 20, 12],
    [0, 2, 4, 11, 0, 0],
    [9, 14, 30, 91, 8, 8],
    [14, 35, 31, 77, 9, 9],
    [31, 21, 107, 231, 29, 17],
    [51, 27, 160, 553, 50, 33],
    [61, 60, 241, 697, 32, 46],
    [20, 28, 120, 322, 35, 28],
    [8, 30, 147, 151, 32, 43],
    [10, 41, 180, 171, 35, 32],
    [19, 26, 61, 159, 5, 12],
    [45, 119, 226, 453, 51, 37],
    [27, 27, 147, 327, 40, 27],
    [43, 69, 377, 516, 89, 79],
    [11, 30, 120, 124, 21, 31],
    [36, 67, 369, 561, 85, 93],
    [12, 26, 260, 262, 40, 66],
    [12, 13, 67, 173, 16, 20],
    [2, 4, 75, 16, 7, 23],
    [48, 60, 198, 405, 29, 34],
    [18, 22, 60, 167, 15, 6],
    [5, 4, 40, 42, 2, 14],
    [10, 31, 171, 187, 40, 59],
    [5, 23, 111, 139, 26, 23],
    [49, 58, 340, 473, 79, 72],
    [35, 35, 141, 261, 25, 31],
    [18, 28, 224, 320, 54, 42],
    [16, 25, 116, 253, 29, 37],
    [13, 13, 62, 200, 13, 19],
    [7, 10, 73, 105, 15, 20],
    [24, 27, 95, 232, 20, 21],
    [27, 13, 57, 172, 13, 10],
    [24, 34, 313, 415, 73, 61],
    [13, 26, 248, 264, 77, 45],
    [30, 32, 261, 433, 50, 42],
    [4, 5, 13, 59, 4, 4],
    [27, 72, 247, 533, 76, 48],
    [32, 32, 187, 339, 45, 38],
    [4, 19, 143, 159, 26, 38],
    [11, 26, 74, 82, 18, 22],
    [21, 70, 318, 380, 59, 62],
    [29, 65, 152, 253, 26, 24],
    [4, 8, 134, 166, 28, 28],
    [110, 149, 689, 1516, 146, 114],
    [10, 24, 118, 210, 28, 20],
    [61, 166, 529, 833, 79, 144],
    [18, 32, 69, 189, 13, 7]
  ],
  "method": "mvn_cdf",
  "mvncdf_method": "genz",
  "mvncdf_samples": 5000,
  "mvncdf_error": 1e-06,
  "cond_prob": [
    [
      [0.05239283622, 2.2035175071e-16, 0.94632299882, 0.0012841649621],
      [0.60538915037, 0.098987480823, 0.28505456953, 0.010568799277],
      [0.05294141199, 0.55574274657, 0.33771349114, 0.053602350305],
      [8.6845266579e-05, 8.4435692264e-08, 0.98599781142, 0.013915258875],
      [0.045232960708, 0.295438907, 0.3892108435, 0.27011728879],
      [0.11741558397, 0.26464341644, 0.23269409642, 0.38524690316]
    ],
    [
      [0.11054155508, 4.9462584148e-16, 0.88763665649, 0.0018217884292],
      [0.71587607087, 0.12338149103, 0.15229991028, 0.0084425278186],
      [0.06991323652, 0.7006875234, 0.18441434526, 0.044984894819],
      [0.00020104509524, 1.9015500763e-07, 0.97800507683, 0.021793687918],
      [0.070305090961, 0.42090602193, 0.27022862238, 0.23856026474],
      [0.1585929616, 0.3691052873, 0.13434649742, 0.33795525368]
    ],
    [
      [0.066787945163, 2.883367767e-16, 0.93210496038, 0.0011070944619],
      [0.65869519035, 0.10254980494, 0.23070217046, 0.0080528342453],
      [0.062301116749, 0.64024500034, 0.25300438522, 0.044449497694],
      [0.00012602357725, 1.1514701503e-07, 0.98541087613, 0.014462985144],
      [0.060005789408, 0.35896212418, 0.34999488076, 0.23103720565],
      [0.14118634814, 0.30632440966, 0.20589388906, 0.34659535315]
    ],
    [
      [0.062222634693, 3.6135530247e-16, 0.93631010447, 0.0014672608323],
      [0.56927177014, 0.13724216823, 0.28254319067, 0.010942870965],
      [0.045067456802, 0.65871950338, 0.24984713803, 0.046365901789],
      [9.0681158784e-05, 1.2903654126e-07, 0.98346814469, 0.016441045118],
      [0.040593840176, 0.38331620722, 0.33635648499, 0.23973346762],
      [0.10650888816, 0.3347503994, 0.19184115344, 0.366899559]
    ],
    [
      [0.06458306206, 1.6583087705e-16, 0.93447891986, 0.00093801807525],
      [0.67541607831, 0.067620685769, 0.24935163361, 0.0076116023183],
      [0.083438583793, 0.50913237445, 0.35143588804, 0.055993153714],
      [0.00012225539807, 6.9985982526e-08, 0.98784882272, 0.012028851896],
      [0.065405326356, 0.24322809322, 0.44906349283, 0.2423030876],
      [0.17053642218, 0.22657006469, 0.2576390135, 0.34525449964]
    ],
    [
      [0.077678606185, 3.353102548e-16, 0.92108591886, 0.001235474955],
      [0.66516433975, 0.10578067535, 0.22065930774, 0.0083956771654],
      [0.057977211849, 0.64757033416, 0.25316005488, 0.041292399109],
      [0.0001272301361, 1.1818974597e-07, 0.98541019414, 0.014462457529],
      [0.058134808347, 0.385837394, 0.32985842792, 0.22616936973],
      [0.15125712412, 0.31978722048, 0.19292461287, 0.33603104252]
    ],
    [
      [0.082908274326, 4.1997683044e-16, 0.91547762684, 0.0016140988296],
      [0.65688829248, 0.12443645569, 0.20883452953, 0.0098407222975],
      [0.055421865744, 0.68174940209, 0.2166770629, 0.046151669267],
      [0.00013924868054, 1.5765198689e-07, 0.98095085854, 0.018909735123],
      [0.054702144105, 0.408731678, 0.28910862525, 0.24745755264],
      [0.13219642865, 0.33873589328, 0.16314613914, 0.36592153893]
    ],
    [
      [0.056222480175, 2.9940693852e-16, 0.94271003204, 0.0010674877805],
      [0.6509529666, 0.099301506478, 0.24223299323, 0.0075125336955],
      [0.052937316491, 0.59188912751, 0.31433903645, 0.040834519544],
      [0.0001009744968, 9.7216268099e-08, 0.98948800435, 0.010410923937],
      [0.048167888288, 0.33266078171, 0.4341145761, 0.18505675391],
      [0.13060523566, 0.30560370126, 0.23785953505, 0.32593152803]
    ],
    [
      [0.071565980145, 3.1050708245e-16, 0.92737348644, 0.0010605334097],
      [0.63771102912, 0.10101847486, 0.25369645996, 0.0075740360575],
      [0.05898543579, 0.589136321, 0.31434530336, 0.037532939843],
      [0.00011035214567, 8.5401943974e-08, 0.99057535124, 0.0093142112152],
      [0.05402262151, 0.35240172133, 0.41209877927, 0.18147687789],
      [0.13728182298, 0.28395328053, 0.22635991206, 0.35240498443]
    ],
    [
      [0.060897486191, 2.7570489916e-16, 0.93827790087, 0.00082461294311],
      [0.64400591355, 0.10046276016, 0.24953179165, 0.0059995346469],
      [0.057168011638, 0.62415557722, 0.28686898097, 0.031807430169],
      [9.9278124624e-05, 1.0013659141e-07, 0.99066158973, 0.0092390320083],
      [0.054951124535, 0.37822089638, 0.39103568671, 0.17579229238],
      [0.14518732712, 0.34284130028, 0.23483777987, 0.27713359272]
    ],
    [
      [0.068788671303, 2.9363173843e-16, 0.92845462149, 0.0027567072057],
      [0.64035939632, 0.086518221902, 0.25447325507, 0.0186491267],
      [0.059549455214, 0.55423791503, 0.29390084538, 0.092311784383],
      [0.00014416186052, 1.2110550885e-07, 0.96155970687, 0.038296010163],
      [0.046167179523, 0.25456240084, 0.29029503421, 0.40897538543],
      [0.11665343269, 0.2087700263, 0.14950848972, 0.52506805128]
    ],
    [
      [0.11200326438, 2.3401262993e-16, 0.87859238747, 0.0094043481503],
      [0.90497765479, 0.025523465281, 0.04826838056, 0.021230499369],
      [0.072813221247, 0.48647564026, 0.14718369758, 0.29352744091],
      [0.00015686957975, 7.8763385918e-08, 0.89604499562, 0.10379805604],
      [0.01243855758, 0.042476715574, 0.039186011613, 0.90589871523],
      [2.7211524311e-05, 0.013754215772, 0.0084147702812, 0.97780380242]
    ],
    [
      [0.043624669949, 2.608038245e-16, 0.95582046639, 0.0005548636591],
      [0.55770454841, 0.11521418037, 0.32204740376, 0.005033867464],
      [0.042907739909, 0.61894081826, 0.31560969002, 0.022541751813],
      [6.9208297276e-05, 9.2099211785e-08, 0.99407421632, 0.0058564832806],
      [0.043241343666, 0.38319042329, 0.44541707588, 0.12815115716],
      [0.12435457385, 0.37531056013, 0.28301683118, 0.21731803483]
    ],
    [
      [0.075390965164, 6.7360997996e-16, 0.92203284311, 0.0025761917277],
      [0.59111335591, 0.1981121126, 0.19440090821, 0.01637362328],
      [0.03690455718, 0.78469847906, 0.13203814592, 0.04635881784],
      [0.00015083027055, 2.7085058741e-07, 0.9675910894, 0.032257809477],
      [0.037581534527, 0.47202652557, 0.17871912415, 0.31167281575],
      [0.065110061214, 0.42489849439, 0.10824786838, 0.40174357602]
    ],
    [
      [0.12426889991, 3.0827385096e-16, 0.87397750724, 0.001753592845],
      [0.78141303615, 0.070584369778, 0.13985320868, 0.0081493853967],
      [0.10277914336, 0.59887495098, 0.23922882884, 0.05911707682],
      [0.00019154171037, 1.0623500767e-07, 0.98183230265, 0.017976049408],
      [0.087892232894, 0.32149252304, 0.31456765891, 0.27604758515],
      [0.20911450108, 0.26042110243, 0.1408679603, 0.3895964362]
    ],
    [
      [0.073519151485, 2.3406301957e-16, 0.92510421936, 0.0013766291549],
      [0.66045766952, 0.084194888527, 0.24491759579, 0.010429846168],
      [0.067615718748, 0.56656515125, 0.30875236186, 0.057066768137],
      [0.00011174879304, 8.4657608963e-08, 0.98336576853, 0.016522398015],
      [0.062054742033, 0.28544494273, 0.37660042609, 0.27589988915],
      [0.14225489399, 0.2371201011, 0.20418409345, 0.41644091146]
    ],
    [
      [0.063443873527, 2.2824192216e-16, 0.93504882237, 0.0015073041038],
      [0.63665232548, 0.088389225705, 0.26411352043, 0.010844928382],
      [0.059773362442, 0.56197988285, 0.31583620375, 0.06241055096],
      [0.00010797147582, 9.169722934e-08, 0.98065168699, 0.019240249834],
      [0.052013525637, 0.29266685362, 0.36478148466, 0.29053813608],
      [0.12569163466, 0.23559755758, 0.20551646663, 0.43319434113]
    ],
    [
      [0.050358420013, 1.9429767881e-16, 0.94841199923, 0.0012295807574],
      [0.61976591141, 0.080909992164, 0.29001533914, 0.0093087572876],
      [0.063151037373, 0.51372890007, 0.36434540211, 0.058774660441],
      [8.6446299311e-05, 7.0938821133e-08, 0.98508940483, 0.014824077933],
      [0.046358830061, 0.24700471015, 0.43219361548, 0.27444284431],
      [0.12101479044, 0.24067148314, 0.26156617219, 0.37674755423]
    ],
    [
      [0.10829738852, 3.5973337104e-16, 0.8902485327, 0.0014540787762],
      [0.73466461968, 0.089669167936, 0.16846176828, 0.0072044441037],
      [0.081079593484, 0.64321778608, 0.23043270746, 0.045269912976],
      [0.00018450772281, 1.3654401809e-07, 0.98264143915, 0.017173916585],
      [0.075670653703, 0.38290045548, 0.30076276069, 0.24066613013],
      [0.18024585245, 0.31225261229, 0.16551923828, 0.34198229699]
    ],
    [
      [0.11503277122, 4.7790618897e-16, 0.88330919136, 0.0016580374212],
      [0.73057690114, 0.10297091154, 0.15888852527, 0.0075636620483],
      [0.072498508618, 0.70567385181, 0.1802585183, 0.041569121276],
      [0.00019474280175, 1.8487774977e-07, 0.9809406303, 0.018864442023],
      [0.070788691012, 0.43443884152, 0.25781998394, 0.23695248353],
      [0.16415833181, 0.35702141406, 0.13841988729, 0.34040036684]
    ],
    [
      [0.07082550879, 2.5304104115e-16, 0.92774715938, 0.0014273318347],
      [0.66817576889, 0.086034853789, 0.23586067473, 0.0099287025931],
      [0.06791291622, 0.57816329511, 0.296331643, 0.057592145667],
      [0.00011747081683, 9.2648864428e-08, 0.98343081188, 0.016451624654],
      [0.057458355134, 0.31037811101, 0.35201439352, 0.28014914034],
      [0.1386636164, 0.25690452914, 0.1971110154, 0.40732083906]
    ],
    [
      [0.14363389904, 4.0819003602e-16, 0.8548010187, 0.0015650822564],
      [0.77526481813, 0.086890664778, 0.13097333684, 0.0068711802517],
      [0.1003993902, 0.65398023831, 0.20016640253, 0.045453968961],
      [0.00025457120655, 1.6015673631e-07, 0.98045187728, 0.019293391359],
      [0.089317944974, 0.39471243664, 0.27854122403, 0.23742839436],
      [0.21392643024, 0.30607857938, 0.1399515777, 0.34004341267]
    ],
    [
      [0.056770327359, 3.350011094e-16, 0.94169034202, 0.0015393306176],
      [0.58971238432, 0.12758631665, 0.27094259583, 0.011758703202],
      [0.046855600027, 0.64217326906, 0.25886432253, 0.052106808381],
      [9.3103099782e-05, 1.2017235783e-07, 0.98272977335, 0.017177003379],
      [0.04103563495, 0.36505421371, 0.32962768806, 0.26428246328],
      [0.10442983623, 0.31459526201, 0.1885038921, 0.39247100966]
    ],
    [
      [0.10836755035, 3.9059180831e-16, 0.89015465294, 0.001477796712],
      [0.72647834878, 0.097025746513, 0.16919750406, 0.00729840064],
      [0.076807533757, 0.66379638019, 0.21507891217, 0.044317173885],
      [0.00018864798524, 1.4796113134e-07, 0.98261808095, 0.017193123099],
      [0.075809496421, 0.40181503218, 0.28552945195, 0.23684601945],
      [0.1784292002, 0.32770804402, 0.16092329165, 0.33293946413]
    ],
    [
      [0.1431302852, 2.6232933073e-16, 0.85574997875, 0.0011197360485],
      [0.80432446952, 0.060026870192, 0.13142758743, 0.0042210728489],
      [0.12281211309, 0.57068096256, 0.26020116288, 0.046305761468],
      [0.0002646674014, 1.0754905448e-07, 0.98653583898, 0.013199386068],
      [0.10938814834, 0.34406341594, 0.33613500932, 0.21041342641],
      [0.26802140648, 0.25808332254, 0.17870688606, 0.29518838492]
    ],
    [
      [0.11163709837, 2.8959621237e-16, 0.88685117518, 0.0015117264507],
      [0.75466597372, 0.068910834374, 0.16902517945, 0.0073980124481],
      [0.098487569766, 0.57928577466, 0.26612517314, 0.056101482435],
      [0.00018547178782, 9.7225131183e-08, 0.98179717515, 0.018017255839],
      [0.091442533197, 0.3267673098, 0.319699588, 0.26209056901],
      [0.1975250044, 0.25302085453, 0.16985876307, 0.379595378]
    ],
    [
      [0.11381334264, 4.429645596e-16, 0.88452315431, 0.0016635030483],
      [0.71958820134, 0.10542280259, 0.1669894921, 0.0079995039729],
      [0.074401134082, 0.68094922124, 0.20073525621, 0.043914388467],
      [0.00018685154832, 1.6674562354e-07, 0.98053171325, 0.019281268457],
      [0.072045694924, 0.42662741658, 0.26298793886, 0.23833894964],
      [0.1635532999, 0.3465726822, 0.14261691786, 0.34725710005]
    ],
    [
      [0.10569043246, 3.6994133191e-16, 0.89172056097, 0.002589006564],
      [0.73237987543, 0.089987317952, 0.16505278032, 0.012580026292],
      [0.059653024199, 0.64343227022, 0.21899589821, 0.077918807363],
      [0.00017617428254, 1.3509698923e-07, 0.96989097898, 0.029932711643],
      [0.062240268815, 0.32337709892, 0.24959338573, 0.36478924653],
      [0.13969075585, 0.25117461371, 0.12825574105, 0.48087888939]
    ],
    [
      [0.12496308744, 1.4054640707e-15, 0.86717183105, 0.0078650815083],
      [0.79136094876, 0.11103378715, 0.080546518858, 0.017058745235],
      [0.037503027888, 0.76733760393, 0.11566130685, 0.079498061339],
      [0.00015891458492, 2.4720591291e-07, 0.91139931184, 0.088441526374],
      [0.038836082775, 0.49071802137, 0.10151407203, 0.36893182383],
      [0.096019320918, 0.27952471929, 0.092910759039, 0.53154520075]
    ],
    [
      [0.11311141173, 3.4052044556e-16, 0.88532768907, 0.0015608991978],
      [0.75744674014, 0.083156928054, 0.15096235447, 0.008433977333],
      [0.087639067834, 0.64155289352, 0.21045698573, 0.060351052912],
      [0.00022568644674, 1.6305232039e-07, 0.97537491808, 0.024399232425],
      [0.085960562905, 0.3617025856, 0.28372585113, 0.26861100037],
      [0.18273356531, 0.30916006563, 0.13505739143, 0.37304897762]
    ],
    [
      [0.070294457805, 9.5689663276e-16, 0.92553091924, 0.0041746229533],
      [0.56115055705, 0.19382000593, 0.22618950656, 0.018839930453],
      [0.028899585721, 0.73977070144, 0.1562004849, 0.075129227937],
      [8.1421945182e-05, 1.9598640402e-07, 0.97227496794, 0.027643414129],
      [0.01890369081, 0.46898353428, 0.19874827152, 0.31336450339],
      [0.052773056415, 0.39064361608, 0.10406091669, 0.45252241082]
    ],
    [
      [0.24843787034, 7.2404983473e-16, 0.74848412397, 0.0030780056873],
      [0.76338421004, 0.14072002439, 0.087934781456, 0.0079609841163],
      [0.062070816336, 0.81479265629, 0.079913775021, 0.043222752355],
      [0.000465761, 2.9711019127e-07, 0.95002339956, 0.049510542334],
      [0.080259942525, 0.5871815417, 0.11442703351, 0.21813148226],
      [0.1601558761, 0.37617810761, 0.075263818041, 0.38840219825]
    ],
    [
      [0.068035412561, 3.9770608133e-16, 0.93024707625, 0.0017175111915],
      [0.60683802028, 0.13568223895, 0.24595528274, 0.011524458035],
      [0.04791211815, 0.68141328283, 0.22133645968, 0.049338139339],
      [0.00010338405013, 1.3985734228e-07, 0.98151893027, 0.018377545823],
      [0.04396350867, 0.39734650088, 0.30068014122, 0.25800984924],
      [0.10853949202, 0.3414736927, 0.17024343777, 0.37974337751]
    ],
    [
      [0.047761071147, 3.836497647e-16, 0.95075882115, 0.0014801077056],
      [0.53622332685, 0.16081131657, 0.29062831029, 0.012337046284],
      [0.035684114323, 0.68689627575, 0.23112587785, 0.046293732069],
      [7.6312290154e-05, 1.3691665269e-07, 0.9835498985, 0.016373652297],
      [0.034237274583, 0.4110921826, 0.31460076812, 0.2400697747],
      [0.085019285579, 0.35965659225, 0.18391981193, 0.37140431024]
    ],
    [
      [0.071190177163, 3.2306772463e-16, 0.92761519025, 0.0011946325847],
      [0.66175377465, 0.10473957498, 0.22555968833, 0.0079469620482],
      [0.055581727469, 0.65860991953, 0.24400202903, 0.04180632397],
      [0.00013166922643, 1.2942481121e-07, 0.98523230052, 0.014635900831],
      [0.054987187263, 0.38165242607, 0.33139138727, 0.2319689994],
      [0.13502142724, 0.33549064151, 0.1924750988, 0.33701283245]
    ],
    [
      [0.12481558738, 1.9417186171e-16, 0.87424259614, 0.00094181647723],
      [0.80256296121, 0.047889510985, 0.14428729114, 0.0052602366624],
      [0.12794265535, 0.50938291532, 0.32089458485, 0.041779844476],
      [0.00020999079737, 7.2947237496e-08, 0.98868432036, 0.011105615897],
      [0.11764005347, 0.27336805822, 0.38140446195, 0.22758742637],
      [0.26388374176, 0.20646749405, 0.22165294942, 0.30799581478]
    ],
    [
      [0.062340167404, 4.0889778363e-16, 0.93591581022, 0.0017440223733],
      [0.59576420066, 0.15143713653, 0.24010468102, 0.012693981785],
      [0.043419468989, 0.70012935309, 0.20705110288, 0.049400075036],
      [9.6219968046e-05, 1.5248719744e-07, 0.98012930665, 0.019774320893],
      [0.039133075275, 0.41203079426, 0.28340861092, 0.26542751954],
      [0.099372207759, 0.33193425562, 0.16057249659, 0.40812104003]
    ],
    [
      [0.14212829876, 3.4586159649e-16, 0.85645084156, 0.0014208596857],
      [0.79328222601, 0.070664271495, 0.13028896886, 0.0057645336291],
      [0.1086525364, 0.62885169633, 0.21817940465, 0.044316362621],
      [0.00025542818791, 1.3859745096e-07, 0.98247671531, 0.017267717904],
      [0.1006443158, 0.37526910833, 0.28933012516, 0.23475645071],
      [0.23383181885, 0.293068243, 0.15111275255, 0.3219871856]
    ],
    [
      [0.066117909314, 2.3282620628e-16, 0.93224480474, 0.0016372859437],
      [0.64036445276, 0.08546045461, 0.26068903022, 0.013486062415],
      [0.063743065203, 0.55072346886, 0.31709706412, 0.068436401819],
      [9.1383441989e-05, 7.133725714e-08, 0.98116385215, 0.01874469307],
      [0.045961378376, 0.26624941666, 0.35754674701, 0.33024245795],
      [0.10654898237, 0.23646289201, 0.18915988238, 0.46782824323]
    ],
    [
      [0.079162230732, 2.6201889262e-16, 0.91993452476, 0.00090324450346],
      [0.69558313258, 0.082561948979, 0.21612926367, 0.0057256547689],
      [0.076021833497, 0.59750270764, 0.29116692085, 0.035308538013],
      [0.00013269353836, 9.7081058799e-08, 0.98965771217, 0.010209497207],
      [0.070749987471, 0.35347338908, 0.38737258371, 0.18840403974],
      [0.17766955898, 0.31713704253, 0.22252926793, 0.28266413056]
    ],
    [
      [0.079793615535, 2.5569672968e-16, 0.91932837137, 0.00087801309006],
      [0.68857482435, 0.090720744745, 0.21519628184, 0.0055081490627],
      [0.068291153996, 0.64196084725, 0.26013781184, 0.029610186913],
      [0.00013383418903, 1.0898541439e-07, 0.99015447577, 0.0097115810591],
      [0.067568503825, 0.39949313789, 0.36720484405, 0.16573351424],
      [0.17523998519, 0.34867847648, 0.21798881975, 0.25809271858]
    ],
    [
      [0.069292809085, 2.3705020368e-16, 0.92944069061, 0.0012665003049],
      [0.66772937406, 0.082476189217, 0.24100475543, 0.0087896812954],
      [0.069315224467, 0.5681686866, 0.31050283635, 0.052013252581],
      [0.00011388205348, 8.5442946105e-08, 0.98566357398, 0.014222458528],
      [0.059317189226, 0.30946408349, 0.37641495374, 0.25480377354],
      [0.1468964823, 0.25755183294, 0.21455900168, 0.38099268309]
    ],
    [
      [0.065535685832, 3.6801288773e-16, 0.93285426067, 0.0016100534977],
      [0.60688412499, 0.13194800228, 0.24979478981, 0.011373082917],
      [0.049714498569, 0.66488170196, 0.23487173314, 0.05053206633],
      [0.00010959469138, 1.4019833938e-07, 0.98138028456, 0.018509980553],
      [0.044671901122, 0.3869808696, 0.30575464665, 0.26259258263],
      [0.11348018274, 0.3309878569, 0.17550629411, 0.38002566624]
    ],
    [
      [0.091214003808, 4.3772971176e-16, 0.90683806985, 0.0019479263422],
      [0.66911870077, 0.11121531783, 0.20882256093, 0.010843420471],
      [0.056480137104, 0.70192814453, 0.18877566899, 0.052816049378],
      [0.00014862352161, 1.6038362129e-07, 0.97804728424, 0.021803931853],
      [0.057343051422, 0.37231382007, 0.26999753882, 0.30034558969],
      [0.13049437492, 0.33708499972, 0.13293615917, 0.39948446618]
    ],
    [
      [0.060768679415, 4.5931002788e-16, 0.93802138564, 0.0012099349403],
      [0.58810274924, 0.15306656536, 0.24866399815, 0.010166687246],
      [0.041508647182, 0.67738737166, 0.23923870719, 0.04186527397],
      [0.00011505119224, 1.6445489644e-07, 0.98741254059, 0.012472243763],
      [0.04967466098, 0.46289846408, 0.29690649687, 0.19052037807],
      [0.1234034221, 0.38779712093, 0.17017931198, 0.318620145]
    ],
    [
      [0.14598190183, 1.9913185573e-16, 0.85209934514, 0.0019187530307],
      [0.85158760068, 0.03529090927, 0.10633591595, 0.0067855741032],
      [0.1462614154, 0.49845005851, 0.27489276924, 0.08039575685],
      [0.00024897508304, 7.7260334227e-08, 0.97647776677, 0.023273180886],
      [0.10959313727, 0.23133333394, 0.29380731036, 0.36526621843],
      [0.23180409232, 0.1650220757, 0.1394449583, 0.46372887368]
    ],
    [
      [0.17066062456, 3.3057614497e-16, 0.82798488869, 0.0013544867499],
      [0.82311164964, 0.059252449198, 0.11276562801, 0.0048702731462],
      [0.13347104748, 0.60454199805, 0.2181836924, 0.043803262069],
      [0.00031669332136, 1.3571449512e-07, 0.9825952477, 0.017087923265],
      [0.12496321165, 0.35968375289, 0.28571167358, 0.22964136188],
      [0.27714450046, 0.27536601445, 0.14774721932, 0.29974226577]
    ],
    [
      [0.054856000253, 2.7872776719e-16, 0.94387753469, 0.0012664650592],
      [0.58608407616, 0.11387544026, 0.2898583619, 0.010182121685],
      [0.050824264858, 0.59963170713, 0.3015656836, 0.047978344414],
      [8.8192096367e-05, 9.7784993942e-08, 0.98608417351, 0.013827536604],
      [0.042784606213, 0.34307206903, 0.37368195497, 0.24046136979],
      [0.11171006142, 0.31200802311, 0.20636907138, 0.36991284409]
    ],
    [
      [0.084894692073, 4.9453881955e-16, 0.91366831904, 0.0014369888825],
      [0.65250481795, 0.1363163735, 0.2035177383, 0.0076610702529],
      [0.052660720755, 0.71770911197, 0.1947629459, 0.034867221373],
      [0.00011808060982, 1.6871980073e-07, 0.98472479971, 0.015156950963],
      [0.051091795843, 0.4585254365, 0.262931378, 0.22745138966],
      [0.12144320689, 0.40203650646, 0.14532411991, 0.33119616674]
    ],
    [
      [0.10557746133, 4.10969082e-16, 0.89250886877, 0.001913669905],
      [0.72176638389, 0.10258511709, 0.16605625594, 0.0095922430814],
      [0.071569521277, 0.67061395504, 0.20274883657, 0.055067687113],
      [0.00017974416731, 1.5562461163e-07, 0.97757933387, 0.022240766339],
      [0.066193886014, 0.38944898371, 0.26173470673, 0.28262242354],
      [0.15299260389, 0.31131604829, 0.14106977843, 0.39462156938]
    ],
    [
      [0.10304422764, 3.4983062812e-16, 0.8950596832, 0.0018960891642],
      [0.72430523455, 0.092201855923, 0.17284543532, 0.0106474742],
      [0.076503028855, 0.64884166437, 0.22277825171, 0.051877055067],
      [0.00015457302173, 1.2740029058e-07, 0.9800158694, 0.019829430175],
      [0.067492248802, 0.35454064179, 0.29118162103, 0.28678548837],
      [0.14292919546, 0.27430531087, 0.15203455835, 0.43073093532]
    ],
    [
      [0.18405908739, 4.1056998495e-16, 0.81391193128, 0.0020289813353],
      [0.79422812667, 0.086433561544, 0.11146985294, 0.0078684588444],
      [0.10491264044, 0.68147813114, 0.15574330986, 0.057865918563],
      [0.00029801745096, 1.5271283805e-07, 0.97476509792, 0.024936731912],
      [0.11085754846, 0.43377154507, 0.19298684874, 0.26238405772],
      [0.23269413328, 0.23221523047, 0.11438915103, 0.42070148523]
    ],
    [
      [0.1009899906, 8.8436439809e-16, 0.89468824379, 0.0043217656069],
      [0.72071085774, 0.1409993569, 0.11582989269, 0.022459892669],
      [0.037776248547, 0.69815441153, 0.17899055936, 0.085078780566],
      [0.00012992820139, 2.2919462936e-07, 0.95134089349, 0.048528949118],
      [0.041370581629, 0.46269678104, 0.15140491726, 0.34452772007],
      [0.081172041729, 0.36410256224, 0.055879427007, 0.49884596903]
    ],
    [
      [0.056667935895, 3.5829419431e-16, 0.94233725408, 0.00099481002895],
      [0.61297507384, 0.12585864796, 0.25283826787, 0.0083280103279],
      [0.050435104514, 0.6942160471, 0.21454265639, 0.040806191996],
      [0.00012051011071, 1.3606125537e-07, 0.98755653217, 0.012322821657],
      [0.044830549008, 0.44278995834, 0.30181215767, 0.21056733499],
      [0.12073394886, 0.39757419983, 0.18257090235, 0.29912094895]
    ],
    [
      [0.11929134805, 4.2642336112e-16, 0.87942710451, 0.0012815474382],
      [0.74431364653, 0.092434079102, 0.15737484978, 0.0058774245898],
      [0.086111177593, 0.67118718635, 0.20614250586, 0.036559130196],
      [0.00020224130521, 1.5294657158e-07, 0.98521482337, 0.014582782376],
      [0.080525988914, 0.42402790639, 0.29118835944, 0.20425774525],
      [0.1867221578, 0.35495505961, 0.16113183203, 0.29719095056]
    ],
    [
      [0.096810021272, 3.6606767998e-16, 0.90171703535, 0.001472943381],
      [0.70828133585, 0.098904567745, 0.18473527137, 0.0080788250314],
      [0.072860830177, 0.65066316006, 0.23039242214, 0.046083587624],
      [0.00016593259848, 1.3881420833e-07, 0.98245138017, 0.017382548415],
      [0.069188353038, 0.38734565363, 0.30378153111, 0.23968446222],
      [0.16487050649, 0.32401559048, 0.16903956563, 0.3420743374]
    ],
    [
      [0.11378368555, 2.7735472882e-16, 0.88515469362, 0.0010616208256],
      [0.76515996566, 0.068960100484, 0.16068460043, 0.0051953334195],
      [0.099949897554, 0.59911760451, 0.2620086482, 0.038923849735],
      [0.00019800695211, 1.0941995335e-07, 0.98737802877, 0.012423854855],
      [0.093794726819, 0.35410550785, 0.34638441494, 0.20571535039],
      [0.22482254925, 0.28849044016, 0.19130496706, 0.29538204353]
    ]
  ],
  "expected_outcome": [
    [
      [2.8816059921, 2.2108311017, 2.5379419162, 3.6711354469, 0.9687459309, 1.3982149113, 1.4923489379, 1.1806720837, 1.5744515632, 0.36538491715, 1.3757734261, 0, 0.39262202954, 1.0554735123, 3.8523358973, 3.7494767257, 3.8700762851, 1.0071684003, 0.86637910817, 1.1503277122, 1.345684667, 6.4635254568, 1.5327988387, 4.6598046649, 1.5744331372, 4.0189355414, 1.3657601117, 1.2682851896, 0.24992617488, 5.4293477632, 1.2653002405, 1.2421893517, 0.68035412561, 0.23880535574, 3.488318681, 4.3685455584, 1.1221230133, 2.2740527801, 0.85953282109, 0.55413561512, 1.9150467728, 1.8709058453, 1.57285646, 1.1857820495, 1.8230603825, 0.5839276073, 4.6078368631, 1.7553920081, 0.33957876829, 1.1613520746, 2.1639287803, 5.3377135342, 0.4039599624, 6.2334729485, 1.1929134805, 5.9054112976, 2.04810634],
      [1.2119346289e-14, 9.8925168295e-15, 1.0956797515e-14, 2.1319962846e-14, 2.4874631558e-15, 6.0355845865e-15, 7.559582948e-15, 6.2875457089e-15, 6.831155814e-15, 1.6542293949e-15, 5.8726347687e-15, 0, 2.3472344205e-15, 9.4305397194e-15, 9.5564893799e-15, 1.1937213998e-14, 1.3922757252e-14, 3.8859535761e-15, 2.8778669683e-15, 4.7790618897e-15, 4.8077797818e-15, 1.8368551621e-14, 9.0450299539e-15, 1.6795447757e-14, 2.885622638e-15, 1.0425463645e-14, 5.3155747152e-15, 4.4392959829e-15, 2.8109281414e-15, 1.6344981387e-14, 1.722413939e-14, 3.6202491737e-15, 3.9770608133e-15, 1.9182488235e-15, 1.5830318507e-14, 6.7960151598e-15, 7.3601601054e-15, 5.5337855439e-15, 3.0267406817e-15, 1.8341322483e-15, 6.1367215122e-15, 6.4003554993e-15, 8.8323093055e-15, 5.6904862528e-15, 1.3779300836e-14, 7.9652742293e-16, 8.9255559143e-15, 8.91928855e-15, 1.9781552782e-15, 4.520659902e-15, 7.3464431906e-15, 1.1906529564e-14, 3.5374575923e-15, 3.9412361374e-14, 4.2642336112e-15, 2.2330128478e-14, 4.9923851188e-15],
      [52.047764935, 17.7527331298, 35.4199884943, 55.242296164, 14.017183798, 16.5795465395, 16.4785972832, 19.7969106729, 20.4022167018, 5.6296674052, 18.5690924298, 0, 8.6023841975, 12.9084598035, 27.0933027245, 47.1803151874, 57.0379781645, 18.9682399846, 7.1219882616, 8.8330919136, 17.6271960281, 38.4660458417, 25.4256392346, 38.2766500764, 9.4132497663, 31.9266423064, 10.6142778517, 10.7006467317, 1.7343436621, 42.4957290753, 16.6595565464, 3.7424206199, 9.3024707625, 4.7537941057, 45.4531443224, 30.5984908649, 16.846484584, 13.7032134649, 12.1191824616, 6.4395416734, 22.063880913, 25.0948986465, 22.3885022561, 11.7888949081, 28.1406415693, 3.4083973806, 22.3555919946, 30.20408111, 3.6546732762, 9.8175975564, 18.7962533472, 23.6034460071, 3.5787529752, 103.6570979483, 8.7942710451, 55.0047391562, 15.9327844852],
      [0.070629072913, 0.036435768584, 0.042069589551, 0.086568389106, 0.014070271129, 0.02223854919, 0.029053778932, 0.022417243391, 0.023331735014, 0.0049476776586, 0.055134144115, 0, 0.0049937729319, 0.036066684188, 0.054361378195, 0.070208086899, 0.091945550334, 0.024591615148, 0.01163263021, 0.016580374212, 0.02711930486, 0.070428701537, 0.041561926675, 0.063545258616, 0.012317096534, 0.054422152225, 0.019962036579, 0.031068078768, 0.015730163017, 0.074923161496, 0.07514321316, 0.015390028437, 0.017175111915, 0.0074005385279, 0.058536996649, 0.032963576703, 0.03139240272, 0.022733754971, 0.021284717269, 0.0063227115242, 0.021072314162, 0.034195508232, 0.038641283945, 0.025323042448, 0.036298048208, 0.0076750121227, 0.036571142246, 0.040526881893, 0.0057479555301, 0.021050368955, 0.039817872449, 0.058840458723, 0.017287062428, 0.10942910318, 0.012815474382, 0.08984954624, 0.019109174861]
    ],
    [
      [44.1934079766, 18.6127778427, 21.7369412817, 47.8188286915, 10.1312411746, 25.2762449105, 26.9324199917, 22.7833538309, 22.3198860191, 3.8640354813, 10.8861097375, 1.8099553096, 7.8078636777, 20.688967457, 16.4096737591, 17.832357077, 38.1991395288, 17.3534455195, 22.0399385903, 29.9536529469, 17.3725699911, 92.256513357, 15.9222343766, 50.127006066, 24.1297340857, 50.5626202395, 18.7092932349, 9.5209383807, 3.165443795, 45.4468044085, 12.3453122551, 3.0535368402, 18.8119786286, 12.3331365175, 38.3817189294, 28.0897036424, 16.6813976185, 19.8320556503, 8.3247378859, 6.9558313258, 18.5915202574, 8.6804818627, 20.6340602497, 17.39708622, 18.8192879757, 4.2579380034, 59.2640387744, 18.754690437, 12.397591541, 18.7659259811, 50.7013664188, 51.6248282335, 5.7656868619, 91.3332860018, 17.8635275166, 117.5747017518, 24.4851189012],
      [7.2260861001, 3.2079187668, 3.3841435629, 11.5283421316, 1.0143102865, 4.0196656632, 5.1018946835, 3.4755527267, 3.5356466202, 0.60277656096, 1.4708097723, 0.051046930562, 1.6129985252, 6.9339239409, 1.4822717653, 2.2732619902, 5.3033535423, 2.2654797806, 2.6900750381, 4.2218073731, 2.2369061985, 10.3399891086, 3.4448305495, 6.6947765094, 1.8008061058, 4.6170259031, 2.7409928672, 1.1698351334, 0.44413514859, 4.9894156832, 4.2640401305, 0.56288009755, 4.2061494075, 3.6986602812, 6.0748953487, 1.6761328845, 4.2402398229, 1.7666067874, 1.1109859099, 0.82561948979, 2.4494601081, 1.0721904598, 4.4862320776, 2.8915982637, 4.8981300917, 0.17645454635, 4.2661763423, 3.6440140884, 2.5900110965, 2.6672130443, 6.4541299146, 5.6181815004, 1.1279948552, 18.7529385466, 2.2184178985, 16.4181582457, 2.2067232155],
      [20.808983576, 3.9597976672, 7.6131716253, 23.7336280159, 3.7402745041, 8.385053694, 8.5622157106, 8.478154763, 8.8793760987, 1.4971907499, 4.3260453363, 0.096536761119, 4.5086636526, 6.8040317873, 2.9369173822, 6.6127750862, 15.8468112259, 8.1204294958, 5.0538530485, 6.514429536, 6.1323775429, 15.5858270844, 7.3154500874, 11.6746277804, 3.942827623, 11.3246870234, 4.3417267945, 2.1456861442, 0.32218607543, 9.0577412683, 4.9761691444, 0.35173912582, 7.6246137648, 6.6844511368, 13.082461923, 5.05005519, 6.7229310686, 3.2572242216, 3.3889573928, 2.1612926367, 5.8102996097, 3.1330618206, 8.4930228536, 5.4293865841, 7.9572479408, 0.53167957974, 8.1191252168, 9.2754675807, 3.8668370277, 4.3174626544, 12.0991804726, 7.2455404413, 0.92663914155, 37.6729019128, 3.7769963948, 30.6660550474, 5.1419072139],
      [0.77152234723, 0.21950572328, 0.26574353009, 0.91920116105, 0.11417403477, 0.31903573228, 0.4034696142, 0.26293867934, 0.26509126201, 0.035997207881, 0.31703515391, 0.042460998739, 0.070474144496, 0.57307681479, 0.17113709333, 0.28160584655, 0.65069570291, 0.26064520405, 0.21613332311, 0.31011014398, 0.25814626742, 0.81767044995, 0.31748498646, 0.50358964416, 0.12663218547, 0.49566683403, 0.2079871033, 0.16354034179, 0.06823498094, 0.50603863998, 0.41447846996, 0.031843936465, 0.35725819908, 0.28375206453, 0.4609237988, 0.18410828319, 0.35543148999, 0.14411334073, 0.1753188114, 0.057256547689, 0.14872002469, 0.11426585684, 0.38668481918, 0.28192893224, 0.32533399187, 0.033927870516, 0.35065966653, 0.32582789393, 0.1455603348, 0.24939832012, 0.74532319402, 0.51144982488, 0.17967914135, 1.2408735388, 0.14105819015, 1.3410849552, 0.16625066942]
    ],
    [
      [7.4117976786, 12.9339487562, 19.0018406083, 28.5277001556, 8.4272969631, 14.3783485385, 15.5181224083, 9.0522811199, 14.2744754611, 2.0008804073, 3.4538684024, 0.29125288499, 1.2872321973, 1.1440412726, 10.9973683395, 10.8185149997, 14.4053803484, 7.5781244848, 11.9187002422, 13.0497315513, 4.1426878894, 22.690262185, 6.8877732039, 28.9564402263, 14.7374535712, 36.3419132437, 19.3442948614, 3.9967526213, 2.8127270916, 17.3525354312, 1.7339751432, 2.4828326535, 8.1929722036, 3.9609366898, 18.8977873395, 18.039914405, 9.7259610536, 12.6036942226, 3.9520700426, 5.5495938452, 6.4876596297, 3.9509677946, 15.5606380521, 14.0070740017, 10.8337569145, 1.9013984001, 32.9673487274, 9.5041375285, 7.530483068, 5.2961445745, 24.327963176, 15.9467213464, 5.0620173053, 34.7497870105, 10.1611189559, 38.5433791634, 6.8965429312],
      [77.8039845195, 129.6271918297, 195.2747251029, 416.9694456389, 51.4223698194, 160.5974428726, 190.8898325843, 101.213040805, 142.5709896832, 21.8454452029, 32.1457990715, 1.9459025611, 18.5682245478, 24.3256528509, 64.0796197553, 90.6504242002, 135.4371517661, 61.6474680088, 94.5530145541, 127.0212933255, 35.2679610016, 147.7995338571, 94.3994705515, 250.2512353305, 68.4817155067, 213.7564508483, 177.0467975217, 43.109962105, 57.5503202946, 127.0274729172, 44.3862420867, 32.5917062515, 116.5216713635, 76.2454866086, 223.9273726405, 71.8229910604, 156.8289750923, 72.9467967743, 34.1448550692, 43.617697658, 60.9862804885, 32.3856151363, 208.1079727133, 174.0781798438, 176.7981040028, 6.4798507606, 149.3218735182, 112.1311292329, 102.632403012, 49.6254326732, 206.3316492691, 103.5846759331, 93.5526911444, 478.3148564545, 79.2000879896, 344.2008116692, 41.3391147114],
      [47.2798887593, 34.1166538727, 77.1663374922, 158.1532383734, 35.4950246924, 62.7836936099, 60.6695776127, 53.751975233, 76.0715634137, 10.0404143339, 17.0462490319, 0.5887347903, 9.4682907005, 4.0931825235, 25.5974846854, 49.4003778981, 76.1165251041, 43.7214482534, 33.8736079963, 32.4465332935, 18.0762302233, 45.2376069726, 38.0530554125, 81.0847498885, 31.2241395459, 98.2001888895, 52.1911666154, 14.6727251804, 8.6745980134, 41.670483175, 9.3720290939, 3.1965510008, 37.8485346059, 25.6549724418, 82.9606898702, 45.2461364634, 46.3794470461, 25.3088109391, 19.6600179754, 21.2551852218, 24.7130921251, 17.698661672, 73.5148524734, 46.8163659087, 62.4413025764, 3.5736060002, 53.8913720232, 56.3927828331, 27.8511012637, 15.003413906, 70.8434840437, 23.6729830988, 23.9847349546, 147.8198902497, 24.3248156914, 121.8775913141, 18.0785967256],
      [7.5043290426, 8.3222055414, 13.5570967965, 29.3496158322, 5.6553085252, 10.240514979, 12.9224673947, 6.982702842, 9.082971442, 1.1132600559, 5.3540834942, 1.1741097637, 0.6762525544, 1.437123353, 6.3255272198, 9.1306829019, 15.0409427814, 7.052959253, 6.6546772074, 7.4824418297, 3.5131208857, 10.2725969853, 7.6597008321, 16.7075745547, 5.5566913762, 20.7014470184, 11.4177410014, 5.2205600933, 5.9623546004, 11.9495084765, 4.5077536762, 1.7289100942, 8.436821827, 5.1386042597, 14.2141501498, 5.8909580711, 11.0656168081, 5.140698064, 4.2430569128, 2.577523275, 2.8129677568, 2.9647553971, 15.8165367612, 13.0983802458, 10.9268365063, 1.045144839, 10.8194057311, 8.9719504055, 4.9860126564, 4.0750088464, 16.4969035112, 8.7956196216, 11.4005565958, 28.1154662853, 4.3139773631, 24.3782178533, 2.6857456317]
    ],
    [
      [0.037517155162, 0.04262156019, 0.063389859355, 0.11697869483, 0.036432108624, 0.058780322878, 0.055003228812, 0.031605017497, 0.031671065808, 0.0094314218393, 0.022200926521, 0.0017255653773, 0.0062979550521, 0.011613930832, 0.044246135094, 0.061797082552, 0.075256118648, 0.027835708378, 0.027860666144, 0.033301019099, 0.018677859875, 0.11532075657, 0.030444713629, 0.097342360384, 0.032818757774, 0.10404967297, 0.048955105659, 0.030478150879, 0.0025426333587, 0.091403010928, 0.013597464845, 0.019561962, 0.019332817374, 0.010607408331, 0.062279544102, 0.054807598114, 0.030790389775, 0.064623331542, 0.018276688398, 0.013932821528, 0.031049531856, 0.019587713199, 0.045481796921, 0.039236609705, 0.04981716624, 0.014689529899, 0.16879754029, 0.029897120669, 0.018774816961, 0.01473902172, 0.058737748258, 0.075398415094, 0.021568081431, 0.18269332784, 0.042470674094, 0.13822185453, 0.037423313949],
