{
  "Z_true": {},
  "V_true": [
    [505, 51, 1236, 34],
    [792, 130, 14484, 545],
    [192, 8711, 957, 979],
    [72, 586, 586, 319],
    [83, 531, 824, 1164]
  ],
  "p_true": [
    [0.2766, 0.0279, 0.6769, 0.0186],
    [0.0497, 0.0081, 0.908, 0.0342],
    [0.0177, 0.8037, 0.0883, 0.0903],
    [0.0461, 0.3749, 0.3749, 0.2041],
    [0.0319, 0.2041, 0.3167, 0.4473]
  ],
  "Z_est": [
    [
      [34.6495, 4.7052, 10.1089, 14.2588, 9.4938, 15.5023, 10.5147, 16.5553, 38.7691, 3.1382, 27.1974, 51.2258, 3.0612, 26.2077, 5.0254, 9.0964, 1, 78.4326, 12.3614, 17.8663, 2.6563, 7.028, 3.669, 28.8688, 28.0675, 6.6294, 3.7334, 29.3119, 21.6951, 23.5676, 4.5849, 37.6455, 22.0455, 14.9857, 21.8063, 71.9844, 32.891, 35.1935, 20.552, 71.6185, 4.1764, 58.2143, 17.5343, 105.8298, 17.8375],
      [4.5578, 0.9252, 1.7323, 2.9356, 1.7092, 2.0871, 1.5755, 2.9442, 7.8048, 0.23, 4.3673, 7.6814, 0.4054, 1.7819, 1.3893, 0.6911, 0.5422, 9.8768, 2.7664, 2.6005, 0.3137, 1.0954, 0.3606, 4.3951, 3.8562, 0.7323, 0.8808, 3.6725, 4.1444, 3.596, 0.676, 6.6627, 3.1937, 1.5136, 2.8689, 16.0284, 4.596, 4.5716, 2.6514, 11.4534, 1.5384, 8.9983, 3.1616, 10.3687, 4.0283],
      [17.7783, 3.3696, 7.1589, 9.778, 5.7785, 6.4106, 5.9098, 10.5005, 25.4214, 0.6318, 14.4354, 27.0928, 1.5334, 7.0104, 5.5765, 3.2125, 1.4578, 38.6905, 8.8721, 8.5049, 1.0293, 3.8701, 0.9704, 14.736, 14.0763, 2.6324, 3.3836, 14.014, 14.1533, 14.8364, 2.7391, 24.6696, 10.7608, 4.5008, 10.3248, 47.9872, 15.5129, 15.235, 8.7966, 48.9281, 5.2852, 31.7588, 10.2834, 36.7367, 14.1342],
      [0.0145, 0, 0, 0.0276, 0.0185, 0, 0, 0, 0.0048, 0, 0, 0, 0, 0, 0.0088, 0, 0, 0, 0, 0.0284, 0.0007, 0.0066, 0, 0, 0, 0.0059, 0.0022, 0.0015, 0.0072, 0, 0, 0.0223, 0, 0, 0, 0, 0, 0, 0, 0, 0, 0.0286, 0.0207, 0.0649, 0]
    ],
    [
      [11.0036, 2.2661, 2.4969, 7.7412, 6.5062, 17.8776, 10.4227, 20.6884, 10.2309, 3.5123, 15.3806, 13.3871, 0.8957, 10.2877, 0, 5.2923, 0, 13.1523, 7.6331, 12.1996, 11.7524, 5.6512, 4.9124, 22.5325, 17.8192, 6.5329, 1.1593, 35.1948, 15.9617, 6.2185, 3.1041, 18.7705, 4.2399, 7.9608, 3.7202, 1.0156, 4.0079, 6.3985, 4.4675, 4.5704, 1.8236, 22.2849, 5.465, 78.9927, 1.1625],
      [0, 0.4123, 0, 3.4314, 1.0356, 12.1273, 0, 5.7609, 10.8993, 0.85, 7.9583, 2.1301, 0.0242, 0, 0, 0, 1.9805, 0, 8.2195, 2.1989, 2.573, 0, 2.9965, 10.6618, 0.3394, 0, 0, 0, 7.287, 0, 0, 0, 1.0742, 1.9349, 0.2925, 10.8571, 0.6808, 0.9415, 0.9574, 0, 4.544, 3.0246, 3.8568, 0, 2.9378],
      [387.3444, 123.4352, 270.8671, 363.7397, 251.164, 376.4402, 370.7668, 743.2096, 487.3111, 30.4489, 447.1119, 380.7533, 29.7724, 99.0493, 145.5496, 146.1209, 39.2825, 324.582, 352.7906, 322.2377, 253.4304, 186.0891, 66.5306, 605.6536, 456.5869, 162.027, 161.4621, 1081.8462, 643.5418, 527.8826, 244.035, 841.4675, 91.2689, 100.8577, 87.866, 264.7531, 90.7763, 128.7531, 90.8544, 301.5973, 213.0625, 673.9318, 214.8284, 1224.7788, 146.7645],
      [22.652, 5.8865, 11.636, 33.0877, 28.2942, 14.5549, 17.8105, 26.3412, 28.5586, 1.1887, 20.5492, 20.7295, 1.3076, 3.6631, 10.4504, 2.5868, 0.737, 15.2657, 20.3567, 29.3638, 22.2442, 15.2597, 4.5605, 23.1521, 20.2545, 13.4401, 10.3786, 59.959, 40.2095, 21.8989, 11.861, 52.7619, 1.417, 3.2466, 4.1212, 12.3741, 4.535, 6.9068, 3.7207, 12.8323, 8.5698, 40.7587, 15.8499, 90.2285, 4.1352]
    ],
    [
      [4.2954, 0.0279, 3.3904, 0, 0, 1.5723, 2.0398, 0.7249, 0, 0.2796, 1.3683, 1.3291, 0.0417, 6.1447, 0.9746, 5.5281, 0, 4.3177, 0, 0.9126, 0.5648, 0.3167, 0.3936, 1.5226, 1.046, 1.8077, 1.1073, 10.3538, 0.3359, 9.1793, 4.2933, 2.5688, 0.6796, 3.0077, 1.4371, 0, 1.0647, 2.3667, 1.9146, 0.811, 0, 1.4648, 0, 14.7844, 0],
      [126.5994, 26.5299, 56.1369, 279.192, 170.567, 252.9821, 166.3761, 261.0494, 495.4115, 12.6417, 446.7037, 323.2127, 38.8416, 76.8682, 76.3551, 50.7087, 10.388, 242.5268, 431.5361, 327.4552, 121.5796, 134.1871, 38.2149, 341.8277, 187.7412, 85.9691, 45.2954, 328.6234, 212.2819, 213.3891, 83.6734, 396.0144, 61.9515, 106.6431, 121.6212, 288.4302, 90.7856, 151.4939, 119.4636, 233.7829, 139.4419, 499.6583, 164.3175, 552.1857, 78.1293],
      [28.4993, 5.372, 13.9577, 48.7377, 30.493, 39.8524, 36.5047, 52.9978, 85.9324, 1.7318, 79.3743, 64.3067, 8.7472, 13.8124, 19.5528, 14.4299, 1.4602, 52.389, 69.7744, 55.3359, 21.2493, 26.4286, 4.8329, 63.4817, 38.9976, 17.4334, 10.1039, 73.6526, 40.3085, 54.3462, 20.9491, 84.5233, 11.6085, 15.4708, 24.6044, 49.2145, 16.7954, 27.1762, 21.5771, 58.1023, 26.2455, 99.3077, 28.5326, 107.7371, 16.0732],
      [6.6059, 1.0702, 2.515, 20.0704, 14.94, 6.5932, 7.0794, 8.2279, 21.6561, 0.3469, 14.5538, 14.1515, 1.3696, 2.1747, 5.1175, 1.3333, 0.1519, 9.7666, 17.6895, 24.2963, 7.6062, 9.0676, 1.5585, 10.168, 7.2152, 5.7898, 2.4934, 16.3702, 10.0738, 9.0853, 4.0842, 20.8934, 0.7603, 1.8783, 4.3374, 9.3553, 3.3543, 5.9632, 3.0447, 9.3038, 4.3126, 24.5692, 9.1499, 32.2928, 1.7974]
    ],
    [
      [0.0215, 0.0008, 0.0038, 0, 0, 0.0184, 0.0129, 0.0258, 0, 0.0109, 0.044, 0.0472, 0.0014, 0.2617, 0, 0.0311, 0, 0.039, 0.0055, 0.0215, 0.0185, 0.0041, 0.0082, 0.0389, 0.0289, 0.0091, 0, 0.0276, 0.0073, 0.0311, 0.0116, 0.0151, 0.0262, 0.0162, 0.0232, 0, 0.0293, 0.0222, 0.0212, 0, 0, 0.0361, 0.0007, 0.1334, 0],
      [19.2685, 3.9906, 10.9034, 37.2221, 33.3732, 16.8167, 16.3641, 45.9281, 42.4543, 2.1365, 69.6013, 54.3293, 2.6416, 16.1859, 13.1081, 8.4164, 0, 21.0468, 25.1288, 32.6565, 19.0215, 6.425, 4.2146, 42.3793, 25.1962, 7.0436, 9.5969, 25.7958, 47.8275, 51.2331, 15.2753, 40.8012, 10.6079, 5.6768, 12.0193, 22.0245, 12.8079, 10.7636, 9.5577, 25.2664, 27.9353, 55.2943, 15.2509, 53.0166, 7.5163],
      [7.3616, 1.4341, 4.4522, 12.3982, 11.2309, 5.2506, 6.1392, 16.4927, 14.0592, 0.5894, 23.2106, 19.2245, 0.982, 5.481, 5.2574, 3.6442, 0, 7.7927, 8.123, 10.6894, 6.224, 2.2677, 1.1491, 14.3671, 9.1877, 2.5131, 3.673, 9.8384, 16.4178, 21.0692, 6.205, 15.1151, 3.6407, 1.7504, 4.2756, 7.1923, 4.3515, 3.6162, 3.2198, 10.107, 9.6222, 19.5762, 5.0236, 18.6186, 2.682],
      [3.3484, 0.5744, 1.6406, 7.3797, 8.3959, 1.9143, 2.4838, 5.5535, 6.4865, 0.2632, 9.1441, 8.399, 0.3751, 2.0715, 2.6345, 0.9083, 0, 3.1215, 3.7426, 6.6327, 3.736, 1.3033, 0.6281, 5.2146, 3.5872, 1.4342, 1.73, 4.3382, 7.7474, 7.6666, 2.508, 7.0685, 0.7253, 0.5566, 1.6819, 2.7833, 1.8113, 1.598, 1.2013, 3.6266, 3.4425, 9.0935, 2.7248, 10.2315, 0.8017]
    ],
    [
      [0.03, 0, 0, 0, 0, 0.0295, 0.0099, 0.0056, 0, 0.059, 0.0098, 0.0108, 0, 0.0983, 0, 0.052, 0, 0.0584, 0, 0, 0.0079, 0, 0.0168, 0.0372, 0.0385, 0.0209, 0, 0.1119, 0, 0.0035, 0.0061, 0, 0.0088, 0.0296, 0.0131, 0, 0.0071, 0.0192, 0.0447, 0, 0, 0, 0, 0.2597, 0],
      [0.5744, 0.142, 0.2274, 1.219, 0.315, 0.9868, 0.6842, 1.3175, 1.43, 0.1417, 1.3695, 0.6465, 0.0872, 0.164, 0.1476, 0.1838, 0.0893, 0.5496, 1.3491, 1.0889, 0.5122, 0.2925, 0.2134, 1.7361, 0.867, 0.2551, 0.2268, 1.9083, 1.4591, 0.7818, 0.3753, 1.5217, 0.1727, 0.2316, 0.1981, 0.6598, 0.1297, 0.2294, 0.3698, 0.4974, 0.5404, 2.0244, 0.4132, 1.429, 0.3882],
      [22.0164, 4.3891, 8.5642, 35.3464, 9.3337, 21.0462, 23.6795, 37.7995, 34.276, 2.5981, 32.8678, 18.6227, 2.9651, 5.6469, 8.0636, 9.5926, 1.7995, 18.5457, 29.4398, 29.2321, 13.067, 9.3446, 3.517, 42.7615, 27.1515, 9.3941, 9.3774, 73.6488, 39.5788, 35.8656, 20.0718, 54.2245, 4.7211, 5.4204, 5.9292, 15.8528, 3.5639, 6.2195, 9.5521, 20.2653, 13.7846, 60.4256, 10.3321, 45.1289, 11.346],
      [41.3792, 7.4689, 13.2084, 86.4346, 28.3513, 31.9376, 39.6263, 52.8775, 65.294, 5.2013, 53.7529, 33.72, 4.9477, 9.0908, 16.7888, 10.1716, 2.1112, 30.8463, 56.2111, 74.679, 32.413, 22.3629, 8.2528, 64.4652, 43.943, 22.3299, 18.3957, 133.331, 76.9621, 54.3492, 33.5468, 104.2538, 4.0974, 7.3185, 9.8595, 25.4874, 6.2993, 11.532, 15.0333, 30.2373, 20.6751, 115.55, 23.2547, 102.1824, 14.2657]
    ]
  ],
  "V_est": [
    [1081.2965, 163.962, 580.4783, 0.2631],
    [466.6937, 111.9877, 14552.6225, 819.6961],
    [93.9673, 8668.7844, 1682.014, 394.2344],
    [1.0543, 1034.1196, 365.5162, 162.3099],
    [0.9882, 30.1463, 906.3689, 1664.4966]
  ],
  "p_est": [
    [0.5922, 0.0898, 0.3179, 0.0001],
    [0.0293, 0.007, 0.9123, 0.0514],
    [0.0087, 0.7998, 0.1552, 0.0364],
    [0.0007, 0.6616, 0.2339, 0.1038],
    [0.0004, 0.0116, 0.3483, 0.6397]
  ],
  "EI_Z": {},
  "EI_V": 8.5067,
  "MAE_Z": {},
  "MAE_V": 278.8576,
  "MAE_p": 0.0977,
  "runtime": 0.002
}
