{
  "Z_true": {},
  "V_true": [
    [953, 174, 1425, 76],
    [1053, 286, 12851, 363],
    [346, 10855, 907, 865],
    [54, 219, 752, 174],
    [229, 1070, 755, 876]
  ],
  "p_true": [
    [0.3626, 0.0662, 0.5422, 0.0289],
    [0.0724, 0.0197, 0.883, 0.0249],
    [0.0267, 0.8367, 0.0699, 0.0667],
    [0.045, 0.1827, 0.6272, 0.1451],
    [0.0782, 0.3652, 0.2577, 0.299]
  ],
  "Z_est": [
    [
      [47.6217, 3.4016, 17.6881, 2.0409, 16.3274, 60.1857, 145.5864, 21.7699, 61.3933, 18.3684, 35.3761, 21.2053, 34.0155, 45.5808, 16.3274, 30.614, 22.4502, 51.0233, 16.3274, 33.3352, 21.7699, 34.6958, 28.573, 99.2794, 101.3662, 26.5321, 0.6803, 21.0896, 13.6062, 32.6549, 36.7368, 11.5653, 18.3684, 48.302, 27.8927, 23.8109, 25.8518, 34.0155, 92.5222, 10.9603, 0, 2.0409, 146.8371, 22.4502, 120.4149, 58.5067],
      [2.4967, 0.1783, 0.9274, 0.107, 0.856, 3.0318, 7.6329, 1.1414, 3.4954, 0.963, 1.8547, 1.07, 1.7834, 2.3897, 0.856, 1.6051, 1.177, 2.6751, 0.856, 1.7477, 1.1414, 1.8191, 1.498, 5.1005, 5.3145, 1.8119, 0.0357, 1.1057, 0.7134, 1.7121, 1.9261, 0.6064, 0.963, 2.5324, 1.4624, 1.2484, 1.3554, 1.7834, 4.8508, 0.6064, 0, 0.107, 14.8987, 1.177, 6.3132, 3.0674],
      [10.084, 0.7203, 3.7455, 0.4322, 3.4574, 12.2449, 30.8284, 4.6099, 14.1177, 3.8896, 7.491, 4.3217, 7.2029, 9.6519, 3.4574, 6.4826, 4.7539, 10.8043, 3.4574, 7.0588, 4.6099, 7.3469, 6.0504, 20.6003, 21.4646, 5.6183, 0.1441, 4.4658, 2.8812, 6.9148, 7.7791, 2.449, 3.8896, 10.2281, 5.9064, 5.042, 5.4742, 7.2029, 19.5919, 3.054, 0, 0.4322, 56.7133, 4.7539, 25.4982, 12.389],
      [9.7975, 0.6998, 3.6391, 0.4199, 3.3591, 9.5376, 29.9523, 4.4789, 18.9936, 3.779, 7.2781, 3.4029, 6.9982, 9.3776, 3.3591, 6.2984, 4.6188, 10.4973, 3.3591, 6.8582, 4.4789, 7.1382, 5.8785, 18.0198, 20.8546, 5.0377, 0.14, 4.3389, 2.7993, 6.7183, 7.5581, 2.3794, 3.779, 9.9374, 5.7385, 4.8987, 5.3186, 6.9982, 19.0351, 2.3794, 0, 0.4199, 35.5509, 4.6188, 24.7736, 12.0369]
    ],
    [
      [5.5494, 1.157, 0, 1.7563, 0.3042, 5.2641, 5.7933, 0.4965, 0, 0, 4.0096, 1.8142, 3.1973, 3.6742, 2.2868, 3.4912, 0, 8.5726, 6.3939, 5.0024, 0, 1.8791, 7.6096, 22.2492, 19.381, 0.7928, 3.6908, 10.5853, 2.6907, 0, 8.4051, 8.1144, 13.3763, 8.568, 5.6228, 0, 3.2778, 5.1732, 10.5194, 0, 0, 0, 0, 3.7357, 45.1108, 1.5546],
      [4.4234, 2.1705, 2.3334, 2.7705, 3.2575, 1.8836, 4.6179, 14.745, 13.0961, 1.6237, 3.196, 0, 2.9398, 2.9287, 1.8228, 4.9635, 1.9322, 0, 0, 8.5498, 4.9987, 14.0749, 2.3818, 12.2674, 5.314, 1.6052, 0, 2.2258, 0, 0, 0, 0, 0, 6.8296, 18.3486, 2.7707, 2.6127, 0, 8.385, 0.2673, 0.7501, 0, 31.891, 2.4254, 0, 2.0294],
      [347.2144, 69.1724, 245.3622, 12.2676, 124.0052, 147.8523, 362.4766, 187.0031, 455.9574, 161.6482, 250.872, 117.1858, 213.6704, 229.8865, 143.0829, 218.4399, 154.0919, 438.2486, 338.0091, 361.6175, 312.6347, 544.0437, 182.3401, 512.4834, 520.4804, 49.6021, 31.8395, 557.9469, 176.3093, 332.9062, 684.4406, 253.9474, 355.1764, 546.6025, 356.8088, 220.6817, 205.0855, 182.252, 658.1812, 21.3209, 1.6515, 143.6052, 1110.3231, 204.9572, 936.9243, 159.2989],
      [6.8128, 13.5, 12.3044, 0.2056, 2.4331, 0, 7.1122, 5.7554, 8.9464, 2.7281, 4.9224, 0, 4.1925, 4.5107, 2.8075, 2.1054, 2.9759, 2.1788, 6.597, 8.8303, 1.3666, 19.0023, 3.6684, 0, 9.8245, 0, 1.4697, 11.242, 0, 16.0938, 3.1543, 8.9382, 13.4473, 0, 6.2199, 4.5476, 4.024, 3.5748, 12.9143, 0.4118, 0.5984, 24.3948, 21.7859, 0.8816, 4.9649, 4.117]
    ],
    [
      [30.6013, 0.6219, 1.8136, 2.0728, 0, 18.4021, 23.945, 3.1848, 0, 2.0828, 9.7874, 3.9913, 0, 8.2178, 1.1076, 5.577, 0, 4.7866, 1.4699, 2.8644, 0, 4.5982, 11.0086, 15.9152, 8.2164, 1.9061, 1.5892, 3.9386, 2.3745, 0, 6.9915, 3.9014, 10.7967, 6.0493, 4.2967, 0, 4.3721, 6.5224, 8.2433, 0, 0, 0, 0, 2.6948, 38.8205, 0],
      [326.8996, 29.8909, 213.765, 19.9272, 294.2211, 291.23, 626.945, 153.0775, 496.9496, 139.4907, 534.0117, 93.3596, 527.8492, 439.697, 297.2276, 288.7493, 229.1633, 224.5675, 62.7172, 137.6791, 122.9756, 221.0113, 204.6846, 313.4012, 394.9217, 117.8758, 23.3758, 189.3088, 103.1224, 197.0116, 322.3382, 63.5965, 143.6163, 294.7362, 206.5187, 152.9128, 212.0664, 78.6235, 772.1878, 15.5465, 0.9246, 66.8884, 1074.5294, 129.5271, 630.6108, 239.4297],
      [0.6334, 1.5912, 11.3796, 0, 9.3458, 2.3679, 61.2769, 8.1489, 28.321, 8.245, 24.6679, 6.6491, 7.9346, 14.4951, 4.7704, 13.6737, 13.1183, 17.749, 11.695, 7.3292, 6.4131, 11.7653, 0, 16.6836, 21.0232, 7.2181, 1.3019, 10.0777, 18.6241, 20.7493, 31.5967, 3.5199, 8.0525, 20.2145, 10.9938, 10.5256, 8.6984, 4.5325, 30.9068, 6.6814, 0.0482, 3.6646, 56.8978, 6.8952, 34.9102, 32.2774],
      [9.8657, 0.896, 9.0418, 0, 4.4331, 0, 19.8332, 4.5888, 17.7294, 4.1815, 12.5329, 0, 10.2161, 17.5901, 13.8944, 0, 10.7184, 6.8968, 2.1179, 4.1272, 3.6113, 6.6253, 13.3068, 0, 11.8386, 0, 0.7331, 5.6749, 1.879, 12.2391, 10.0736, 1.9821, 4.5345, 0, 6.1908, 4.5617, 6.8631, 4.3216, 21.6621, 1.7721, 0.0272, 5.447, 48.5729, 3.8828, 19.6586, 9.293]
    ],
    [
      [0, 0, 0, 0, 0, 0, 0, 0, 0, 0, 0, 0, 0, 0, 0, 0, 0, 0, 0, 0, 0, 0, 0, 0, 0, 0, 0, 0, 0, 0, 0, 0, 0, 0, 0, 0, 0, 0, 0, 0, 0, 0, 0, 0, 0, 0],
      [0.3146, 0.0262, 0.2097, 0, 0.0961, 0.1136, 0.2447, 0.201, 0.5156, 0.0874, 0.166, 0.0787, 0.2185, 0.166, 0.1573, 0.1835, 0.1223, 0.3059, 0.201, 0.3059, 0.201, 0.3233, 0.2097, 0.3583, 0.3583, 0.0437, 0.0262, 0.2447, 0.1573, 0.4107, 0.402, 0.1573, 0.2185, 0.568, 0.367, 0.1398, 0.201, 0.1486, 0.4544, 0.0175, 0, 0.1223, 0.8652, 0.1835, 0.5331, 0.0524],
      [27.7499, 2.3125, 18.5, 0, 8.4791, 10.0208, 21.5833, 17.7291, 45.4791, 7.7083, 14.6458, 6.9375, 19.2708, 14.6458, 13.875, 16.1875, 10.7916, 26.9791, 17.7291, 26.9791, 17.7291, 28.5208, 18.5, 31.6041, 31.6041, 3.8542, 2.3125, 21.5833, 13.875, 36.2291, 35.4583, 13.875, 19.2708, 50.1041, 32.3749, 12.3333, 17.7291, 13.1041, 40.0832, 1.5417, 0, 10.7916, 76.3123, 16.1875, 47.0207, 4.625],
      [7.9355, 0.6613, 5.2903, 0, 2.4247, 2.8656, 6.172, 5.0699, 13.0053, 2.2043, 4.1882, 1.9839, 5.5107, 4.1882, 3.9677, 4.629, 3.086, 7.715, 5.0699, 7.715, 5.0699, 8.1559, 5.2903, 9.0376, 9.0376, 1.1021, 0.6613, 6.172, 3.9677, 10.3602, 10.1397, 3.9677, 5.5107, 14.3279, 9.258, 3.5269, 5.0699, 3.7473, 11.4623, 0.4409, 0, 3.086, 21.8225, 4.629, 13.4462, 1.3226]
    ],
    [
      [9.2276, 1.8195, 6.4983, 0.13, 6.3683, 7.1481, 17.6754, 4.5488, 12.6067, 4.5488, 11.8269, 2.9892, 10.7872, 10.5272, 7.2781, 8.3178, 2.5498, 9.6175, 4.8087, 7.798, 5.2301, 11.8269, 4.8087, 14.5562, 14.0363, 3.769, 1.0397, 13.3865, 5.3286, 1.3451, 12.8666, 4.4188, 5.4586, 19.0807, 8.1879, 7.1891, 6.4983, 4.2889, 18.7151, 1.0397, 0, 0.9591, 27.1629, 3.1192, 23.6538, 4.9387],
      [13.8656, 2.7341, 9.7645, 0.1953, 9.5692, 10.741, 26.5595, 6.8352, 18.9432, 6.8352, 17.7715, 4.4917, 16.2091, 15.8185, 10.9363, 12.4986, 11.6051, 14.4515, 7.2258, 11.7174, 11.6833, 17.7715, 7.2258, 21.8726, 21.0914, 5.6634, 1.5623, 20.1149, 8.0069, 13.8656, 19.3338, 6.6399, 8.2022, 19.3338, 12.3033, 14.9283, 9.7645, 6.4446, 28.1219, 1.5623, 0.3253, 4.8823, 40.8157, 4.687, 35.5429, 7.421],
      [21.3182, 4.2036, 15.0128, 0.3003, 14.7125, 16.5141, 40.8348, 10.509, 29.1248, 10.509, 27.3233, 6.9059, 24.9213, 24.3207, 16.8143, 19.2164, 15.2442, 22.2189, 11.1095, 18.0154, 15.6133, 27.3233, 11.1095, 33.6287, 32.4277, 8.7074, 2.402, 30.9264, 12.3105, 29.2006, 29.7254, 10.2087, 12.6108, 29.8508, 18.9161, 20.4174, 15.0128, 9.9085, 43.2369, 2.402, 0.3003, 7.5064, 62.7535, 7.2061, 54.6466, 11.4097],
      [26.5886, 5.2428, 18.7244, 0.3745, 18.3499, 20.5968, 50.9303, 13.1071, 36.3253, 13.1071, 34.0784, 8.6132, 31.0825, 30.3335, 20.9713, 23.9672, 17.6009, 27.7121, 13.856, 22.4692, 19.4733, 34.0784, 13.856, 41.9426, 40.4446, 10.8601, 2.9959, 38.5722, 15.354, 26.5886, 37.0743, 12.7326, 15.7285, 30.7347, 23.5927, 25.4651, 18.7244, 12.3581, 53.9262, 2.9959, 0.3745, 11.6523, 78.2679, 8.9877, 68.1567, 14.2305]
    ]
  ],
  "V_est": [
    [1761.1619, 99.9951, 399.3116, 367.5314],
    [241.0997, 196.4322, 13839.9072, 275.5609],
    [262.7621, 11719.1598, 637.6637, 353.4144],
    [0, 10.4782, 924.2271, 264.2946],
    [369.9763, 577.9347, 888.8904, 1093.1985]
  ],
  "p_est": [
    [0.6702, 0.038, 0.1519, 0.1399],
    [0.0166, 0.0135, 0.951, 0.0189],
    [0.0203, 0.9034, 0.0492, 0.0272],
    [0, 0.0087, 0.7708, 0.2204],
    [0.1263, 0.1972, 0.3034, 0.3731]
  ],
  "EI_Z": {},
  "EI_V": 10.814,
  "MAE_Z": {},
  "MAE_V": 370.7347,
  "MAE_p": 0.094,
  "runtime": 0.8533
}
