{
  "Z_true": {},
  "V_true": [
    [55, 94, 137, 2297, 163, 2461, 91],
    [697, 39, 41, 71, 480, 154, 67],
    [404, 239, 238, 420, 8586, 705, 544],
    [81, 283, 294, 1266, 147, 6691, 231],
    [36, 68, 1359, 217, 275, 675, 91],
    [38, 819, 54, 256, 256, 633, 79],
    [69, 28, 38, 50, 357, 152, 393]
  ],
  "p_true": [
    [0.0104, 0.0177, 0.0259, 0.4336, 0.0308, 0.4645, 0.0172],
    [0.45, 0.0252, 0.0265, 0.0458, 0.3099, 0.0994, 0.0433],
    [0.0363, 0.0215, 0.0214, 0.0377, 0.771, 0.0633, 0.0489],
    [0.009, 0.0315, 0.0327, 0.1408, 0.0163, 0.744, 0.0257],
    [0.0132, 0.025, 0.4994, 0.0798, 0.1011, 0.2481, 0.0334],
    [0.0178, 0.3836, 0.0253, 0.1199, 0.1199, 0.2965, 0.037],
    [0.0635, 0.0258, 0.035, 0.046, 0.3284, 0.1398, 0.3615]
  ],
  "Z_est": [
    [
      [0.0402, 0.2151, 0.1689, 0.2225, 0.4585, 0.8389, 0.6048, 0.8561, 0.6067, 1.3439, 1.6569, 0.6471, 0.4777, 1.9938, 1.8763, 0.7521, 0.9979, 1.2788, 0.6577, 0.5101, 0.4656, 0.0033, 0.0238, 0.1188, 0.1305, 0.2137, 0.9475, 0.3192, 0.0109, 1.0389, 0.3984, 1.4146, 1.3024, 0.0875, 1.1602, 0.2186, 2.9242, 0.5366],
      [0.0749, 0.9408, 0.2525, 0.3101, 0.6662, 1.2266, 0.7875, 1.5737, 1.4903, 1.8836, 2.0441, 0.5631, 1.0605, 2.4463, 1.6091, 2.1008, 0.3753, 1.6847, 0.646, 0.4301, 0.4183, 0.0037, 0.1126, 0.0932, 0.1743, 0.2867, 1.5873, 0.0158, 0.1738, 1.275, 1.1586, 2.1453, 1.4889, 0.1502, 1.6169, 0.2568, 3.2622, 0.0644],
      [0.1337, 0.1555, 0.0255, 0.0286, 0.0505, 0.0441, 0.074, 0.1107, 0.0687, 0.1291, 0.2071, 0.065, 0.1076, 0.1989, 0.1981, 0.1284, 0.0108, 0.1016, 0.0649, 0.0468, 0.0557, 0.0002, 0.0086, 0.0104, 0.0054, 0.0162, 0.1078, 0.0019, 0.2183, 0.0898, 0.0804, 0.1249, 0.1182, 0.0066, 0.1802, 0.0061, 0.1392, 0.0159],
      [1.5376, 71.779, 8.2762, 20.8451, 33.695, 93.0947, 53.1403, 95.8364, 103.6905, 184.8117, 268.07, 63.2541, 86.0897, 155.9537, 172.9811, 139.616, 8.4534, 141.3606, 85.0683, 10.9042, 19.8628, 0.8437, 10.151, 6.5995, 10.1035, 8.6864, 71.7465, 7.5155, 5.8688, 108.1063, 102.6612, 208.2254, 153.6633, 4.2152, 199.8754, 19.8485, 266.5359, 45.1858],
      [0.0189, 0.8524, 0.0037, 0.5868, 0.0225, 0.0302, 0.0054, 0.0168, 0.2561, 0.1301, 0.4388, 0.1384, 0.1964, 0.2359, 0.9212, 0.3412, 0.0712, 0, 0.0428, 0.0785, 0.1366, 0.0001, 0.0035, 0.0067, 0.0081, 0.007, 0.1879, 0.2434, 0.2404, 0.2754, 0.0677, 0.1743, 0.173, 0.0021, 0.2409, 0, 0.3552, 0.1036],
      [2.1795, 44.9981, 5.2093, 20.9217, 21.8004, 55.4837, 45.2266, 68.259, 69.74, 124.253, 165.1498, 39.1968, 61.018, 113.3306, 133.6471, 92.7139, 5.0003, 111.9734, 48.3822, 19.5914, 17.6582, 0.1478, 5.6815, 6.1053, 7.5219, 10.6358, 63.0238, 5.8098, 4.3944, 79.7676, 47.3279, 157.5035, 102.8524, 9.4998, 155.9369, 17.5552, 181.8583, 44.035],
      [0.0152, 0.059, 0.0639, 0.0851, 0.3069, 0.2818, 0.1613, 0.3472, 0.1477, 0.4486, 0.4334, 0.1356, 0.0501, 0.8409, 0.767, 0.3475, 0.0911, 0.6008, 0.1381, 0.4389, 0.4028, 0.0013, 0.019, 0.0661, 0.0563, 0.1542, 0.3992, 0.0944, 0.0934, 0.4469, 0.3057, 0.412, 0.4019, 0.0387, 0.9895, 0.1149, 0.925, 0.0588]
    ],
    [
      [6.6083, 15.8616, 6.5997, 14.7349, 18.5886, 19.0567, 18.3624, 26.647, 15.2608, 26.8885, 59.1253, 22.6503, 14.8729, 35.9588, 47.4119, 31.0414, 3.7482, 35.6352, 21.7986, 15.1352, 7.9799, 4.053, 5.104, 6.5056, 6.2113, 11.5474, 20.4578, 0, 0.9323, 22.6298, 12.664, 52.8684, 34.3287, 2.7252, 26.9303, 6.4727, 128.2579, 20.8568],
      [0.4337, 2.4896, 0.4156, 0.8514, 1.174, 1.1486, 1.0365, 2.1444, 1.4207, 1.5672, 2.9114, 0.8721, 1.5665, 1.8807, 1.8507, 1.7909, 0.0851, 2.034, 0.8459, 0.5447, 0.3026, 0.1468, 0.7976, 0.2145, 0.3448, 0.6671, 1.5059, 0, 0.105, 1.1549, 1.5195, 3.6539, 1.4448, 0.1918, 1.4187, 0.2744, 5.9674, 0.0878],
      [0.6108, 0.4963, 0.1917, 0.3556, 0.3904, 0.2265, 0.3438, 0.933, 0.5183, 0.4815, 1.0452, 0.3975, 0.2746, 0.6179, 0.9014, 0.3652, 0.0156, 0.6263, 0.3506, 0.2408, 0.1539, 0.0771, 0.1566, 0.1133, 0.0722, 0.1849, 0.3452, 0, 0.0628, 0.4112, 0.2983, 1.5006, 0.5138, 0.0816, 0.6975, 0.0527, 1.4037, 0.2007],
      [0.066, 5.012, 0.3295, 1.4805, 1.5016, 2.2874, 1.8352, 3.4328, 2.501, 4.0039, 10.1556, 2.5275, 3.1311, 3.1962, 5.0189, 3.4979, 0.0426, 4.4892, 2.9602, 0.3298, 0.3571, 0.2734, 1.8788, 0.3592, 0.4881, 0.496, 1.7887, 0, 0.135, 2.5808, 3.4167, 9.2941, 3.9523, 0.1345, 4.2168, 0.5477, 12.797, 1.996],
      [5.5129, 5.35, 2.1042, 6.9222, 6.6626, 4.2141, 5.5265, 7.761, 2.0809, 4.5037, 8.9423, 6.5347, 2.7823, 11.6496, 17.9677, 3.3069, 0.9375, 10.8504, 3.7038, 9.7188, 3.0504, 1.5231, 1.6089, 2.6987, 2.9859, 6.6439, 6.0109, 0, 1.1215, 5.5791, 5.0257, 11.2933, 4.2799, 0.7417, 15.2056, 2.2801, 24.3853, 6.6226],
      [0.5097, 12.1053, 1.0764, 5.9762, 4.2161, 5.465, 6.2614, 9.8643, 6.7457, 10.5989, 25.2081, 6.3384, 9.0254, 8.941, 15.5941, 9.2199, 0.1116, 14.3775, 6.8281, 2.5534, 1.2874, 0.6745, 5.104, 1.397, 1.5922, 2.5391, 6.2988, 0, 0.4898, 7.6074, 6.2477, 28.3904, 10.512, 1.9468, 13.5263, 2.1027, 34.6647, 7.7132],
      [0.2586, 0.6853, 0.2828, 0.6792, 1.4666, 0.6018, 0.6342, 1.2175, 0.4726, 0.9564, 1.6122, 0.6795, 0.3472, 1.7558, 2.2554, 0.7776, 0.0593, 1.9874, 0.5128, 1.4774, 0.8688, 0.2522, 0.35, 0.7117, 0.3056, 0.9216, 1.5926, 0, 0.1534, 1.0369, 0.8281, 1.9994, 0.9686, 0.1784, 2.0048, 0.2696, 4.524, 0.5228]
    ],
    [
      [0.9992, 7.5594, 6.4346, 12.8546, 17.9099, 5.9139, 13.0661, 11.3817, 10.6602, 17.4968, 37.3491, 7.7533, 10.1074, 12.6416, 17.5752, 20.7258, 0.7783, 16.7589, 10.8464, 3.1045, 6.9252, 3.8977, 2.4382, 5.4035, 6.5812, 8.2849, 6.578, 6.8838, 0.0196, 9.7603, 2.9649, 26.3822, 17.6204, 1.3334, 7.4934, 2.7497, 63.8837, 4.6814],
      [0.6716, 3.3976, 1.5898, 2.3843, 3.5516, 1.043, 2.2112, 2.7446, 2.9229, 3.0643, 5.5027, 0.8719, 2.9539, 2.0172, 1.784, 3.537, 0.1317, 2.8627, 1.2849, 0.7124, 0.8942, 0.4902, 1.5835, 0.4157, 1.1638, 1.7628, 1.4103, 0.5873, 0.1141, 1.4809, 1.0418, 5.3839, 2.2474, 0.6247, 1.0545, 0.3833, 8.9907, 0.0864],
      [5.7644, 5.206, 4.4105, 6.5967, 7.8311, 1.3342, 4.6966, 7.5344, 7.0371, 6.1573, 12.7305, 2.6409, 3.5528, 4.2607, 6.4376, 4.8268, 0.0946, 5.6189, 3.39, 1.895, 3.2839, 0.841, 2.1757, 2.0426, 0.9961, 2.6167, 2.126, 1.8141, 0.1037, 3.3785, 1.356, 14.2195, 5.1667, 2.6112, 3.9258, 0.3207, 13.5491, 0.8721],
      [0.0057, 0.3935, 0.0363, 0.1745, 0.2559, 0.0249, 0.1599, 0.2507, 0.3126, 0.4221, 0.7787, 0.2035, 0.3359, 0.0338, 0.4188, 0.4203, 0, 0.341, 0.2722, 0.0102, 0.0365, 0.1482, 0.2236, 0.034, 0.1212, 0.0407, 0.0316, 2.1646, 0.0029, 0.1799, 0, 0.7933, 0.3175, 0.0121, 0.1966, 0.0339, 1.0821, 0.0975],
      [207.5878, 215.9129, 210.5822, 555.6512, 544.2865, 99.8555, 300.573, 251.0973, 113.8729, 226.8731, 426.8865, 170.2926, 141.2605, 313.5385, 500.7562, 171.6767, 25.9478, 386.3464, 141.8879, 244.5306, 234.6318, 202.3929, 154.0032, 188.901, 312.3174, 445.1278, 144.5167, 15.5321, 9.0597, 181.7874, 92.5226, 426.0582, 169.4278, 129.9186, 343.209, 77.2094, 941.8479, 121.4935],
      [0.2399, 8.7354, 0.5354, 8.2045, 3.7511, 1.9571, 6.5835, 6.0392, 7.1013, 10.5647, 23.0254, 3.5109, 8.2815, 3.4659, 9.138, 9.4405, 0.1277, 9.9526, 5.4576, 0.4969, 0.7611, 0.179, 4.0518, 1.2486, 1.789, 1.6086, 2.6841, 5.2308, 0.002, 4.779, 1.6775, 20.6998, 8.0436, 4.4084, 5.4861, 1.1835, 26.1761, 2.8578],
      [3.7313, 13.7952, 13.4112, 26.1343, 60.414, 7.8713, 18.7096, 21.952, 14.0928, 26.4216, 42.7272, 9.7269, 9.508, 26.0423, 34.8902, 22.3729, 0.9199, 39.1195, 10.8608, 20.2505, 32.4674, 9.0511, 9.5239, 23.9545, 15.0312, 34.5585, 20.6533, 5.7873, 0.6979, 18.6341, 8.4372, 41.4631, 21.1766, 8.0916, 24.6346, 5.1195, 95.4704, 4.9113]
    ],
    [
      [0.1853, 0.1101, 0.9325, 0.2896, 0.4518, 0.7425, 0.5569, 0.9329, 0.7352, 1.1381, 1.4146, 0.7575, 0.4397, 2.2107, 1.9172, 0.7251, 0.275, 1.1028, 0.6056, 2.0688, 0.7437, 0.079, 0.0243, 0.1847, 0.1497, 0.7855, 0.7535, 0.0553, 0.0135, 0.947, 0.4253, 1.7818, 0.9186, 1.3496, 0.5316, 0.2195, 2.4664, 0.3323],
      [0.1637, 1.7051, 0.8204, 0.5862, 1.5508, 2.6519, 1.6274, 3.8682, 3.0385, 3.917, 4.7384, 1.4591, 2.3858, 6.1632, 3.7472, 3.7774, 0.3952, 3.4185, 1.5521, 0.8082, 0.8682, 0.1396, 0.4297, 0.2442, 0.4863, 0.6334, 3.281, 0.0403, 0.2376, 2.8765, 3.1479, 5.7092, 3.485, 1.525, 2.4084, 0.5063, 6.9998, 0.1293],
      [0.63, 1.089, 0.9824, 0.6319, 1.3584, 1.3236, 1.3935, 4.1566, 2.5126, 3.1207, 4.4159, 1.7408, 1.3353, 5.2365, 5.0559, 2.366, 0.1837, 2.6703, 1.621, 0.9371, 1.1856, 0.1235, 0.3273, 0.3416, 0.255, 0.4526, 1.9973, 0.0594, 0.5288, 2.5957, 1.7088, 5.7924, 3.1671, 2.4897, 3.3351, 0.1623, 4.1923, 0.5367],
      [0.3344, 22.3883, 4.2721, 6.399, 12.9317, 33.5841, 18.4027, 39.1549, 35.3163, 63.9981, 103.0947, 27.3727, 32.7973, 65.614, 69.0446, 53.2226, 1.3974, 47.7655, 33.853, 1.6829, 6.5626, 1.434, 6.3106, 2.7409, 4.5664, 2.5203, 24.5171, 3.0431, 2.7023, 40.6468, 46.4742, 91.942, 59.8373, 3.2533, 49.184, 6.3377, 95.5785, 14.0631],
      [0.1602, 0.8632, 0.0201, 0.8958, 0.2591, 0.067, 0.3866, 0.0505, 0.5794, 0.3103, 1.1392, 0.1724, 0.594, 0.403, 0.857, 0.9221, 0.3584, 0.113, 0.0625, 0.1262, 0.2213, 0.1307, 2.2559, 0.0304, 0.1846, 0.0245, 0.5648, 2.5521, 0.0211, 0.0398, 0.1198, 0.7396, 0.4623, 1.4896, 0.849, 0, 0.6066, 0.5403],
      [7.5085, 129.7801, 25.8449, 62.1069, 79.0185, 187.2108, 145.453, 261.2733, 222.6717, 402.9117, 595.5535, 159.3246, 217.379, 444.0229, 499.2221, 330.4323, 9.3305, 354.1794, 181.1045, 56.8937, 56.9829, 7.0491, 33.5815, 25.3158, 33.2632, 36.3768, 203.4876, 37.2863, 21.198, 281.2202, 200.5394, 651.4058, 374.4922, 155.5163, 360.7534, 53.5983, 608.9229, 128.3314],
      [0.0179, 0.0642, 0.1275, 0.0905, 0.4297, 0.42, 0.1799, 0.5636, 0.1463, 0.6041, 0.6437, 0.1729, 0.069, 1.3496, 1.1559, 0.5544, 0.0596, 0.7505, 0.2014, 0.4832, 0.4356, 0.044, 0.0707, 0.1425, 0.0947, 0.2069, 0.3987, 0.9635, 0.2987, 0.674, 0.5848, 0.6292, 0.6375, 0.3765, 0.9385, 0.176, 1.2335, 0.0669]
    ],
    [
      [0.0003, 0.0104, 0.0073, 0.0147, 0.0299, 0.0255, 0.0616, 0.0427, 0.039, 0.0648, 0.0893, 0.0195, 0.0284, 0.0913, 0.1229, 0.0377, 0.0141, 0.0718, 0.036, 0.0338, 0.0189, 0.7174, 0.0017, 0.0134, 0.0168, 0.0185, 0.0274, 0.0011, 0, 0.0568, 0.0263, 0.1142, 0.0487, 0.0087, 0.0237, 0.0167, 0.1532, 0.049],
      [0.1314, 8.5107, 0.9039, 1.8859, 3.4009, 2.9945, 5.4623, 5.2911, 5.7522, 6.8805, 8.9654, 1.5757, 4.1219, 7.6955, 7.6922, 7.8951, 0.4142, 6.705, 2.7826, 2.4044, 1.2499, 0.7496, 3.6482, 0.8467, 1.9495, 2.362, 3.4973, 0.0862, 0.014, 4.643, 6.5433, 10.6858, 7.2111, 2.3862, 4.6523, 1.1328, 13.6634, 0.3905],
      [7.5051, 63.4965, 15.2693, 27.6085, 39.6964, 20.5896, 62.8293, 79.0354, 73.9607, 73.4391, 109.7739, 24.9668, 25.1235, 87.0012, 127.797, 55.576, 3.6143, 70.8663, 39.8939, 37.2989, 22.8755, 9.7549, 29.1184, 16.3368, 14.785, 23.2144, 27.6606, 1.7298, 1.8395, 57.0538, 44.5139, 150.2693, 88.4554, 58.0919, 78.6185, 8.2199, 110.2913, 9.9203],
      [0.0064, 1.8883, 0.0853, 0.3838, 0.5252, 0.6107, 1.1417, 0.9832, 1.23, 2.1293, 3.7507, 0.4889, 1.0035, 1.542, 2.5497, 1.8644, 0.0274, 1.7731, 1.1785, 0.123, 0.1759, 0.1314, 0.9594, 0.172, 0.3297, 0.212, 0.4418, 0.1227, 0.0018, 1.2488, 1.7252, 3.2743, 2.3593, 0.0712, 1.6947, 0.2706, 3.5044, 0.3226],
      [0.0671, 0.8711, 0.2035, 1.2779, 1.54, 0.7572, 1.9436, 1.3476, 0.721, 1.5273, 2.1605, 0.6759, 0.5791, 3.5857, 5.9434, 1.1615, 0.3355, 2.7444, 0.9497, 3.0674, 0.9856, 1.0044, 0.5883, 0.818, 1.3203, 1.7703, 0.9451, 0.0272, 0.0124, 1.7041, 1.6354, 2.5959, 1.6534, 1.9083, 3.9702, 0.7178, 4.3329, 0.6697],
      [0.2103, 22.8574, 0.8938, 7.3041, 6.3735, 7.4345, 18.1454, 13.2093, 15.3334, 26.6537, 43.1525, 6.0255, 13.2054, 20.8132, 36.2641, 22.934, 0.316, 26.1154, 12.4421, 6.2709, 2.9953, 0.5965, 9.0465, 3.0998, 4.7841, 4.9672, 7.6839, 1.957, 0.0273, 17.0608, 14.8867, 46.0554, 29.3288, 12.0022, 24.2796, 4.5266, 44.4304, 5.9165],
      [0.0795, 2.3656, 0.6369, 1.5251, 4.434, 1.588, 3.416, 3.0908, 1.9636, 4.3054, 5.1076, 1.2477, 0.9381, 7.2712, 9.6307, 3.5313, 0.2786, 6.724, 1.7172, 6.8016, 3.699, 1.0457, 1.6376, 2.7133, 1.8147, 3.4558, 3.7439, 0.0762, 0.1052, 4.2327, 3.6692, 6.0051, 4.9432, 2.5316, 6.761, 1.1155, 10.6242, 0.7313]
    ],
    [
      [0.0228, 0.4191, 0.3051, 0.2723, 0.4116, 0.9896, 1.1835, 1.0541, 0.7701, 1.452, 2.4741, 1.0358, 0.3584, 2.1225, 3.307, 1.2947, 0.097, 0.9458, 0.5584, 0.6536, 0.3475, 0.051, 0.0591, 0.3016, 0.2707, 0.3815, 0.6433, 0.0578, 0.0183, 1.0284, 0.2893, 1.7344, 1.5062, 0.0965, 1.3084, 0.1721, 3.6574, 0.2105],
      [1.4303, 44.7491, 13.6906, 10.6541, 16.9929, 39.6929, 43.2721, 54.5775, 46.5759, 54.8206, 77.5467, 26.2597, 24.2265, 72.3235, 82.3523, 50.1464, 2.5768, 34.6684, 14.3543, 15.9341, 9.0825, 1.4079, 6.9083, 7.0424, 10.5527, 14.8818, 31.3124, 1.1839, 3.3476, 34.3179, 23.3333, 75.3516, 41.6299, 4.8363, 45.5854, 5.3863, 108.7139, 2.1952],
      [0.1613, 1.3533, 0.8376, 0.6083, 0.7856, 1.0781, 1.9704, 3.3012, 2.3912, 2.3929, 3.9169, 1.6386, 0.59, 3.3545, 5.5656, 1.4363, 0.0466, 1.4838, 0.8109, 0.9646, 0.6328, 0.0247, 0.2201, 0.4947, 0.2968, 0.5618, 0.984, 0.071, 0.2089, 1.7035, 0.6169, 4.365, 2.0854, 0.1778, 3.1391, 0.1372, 3.6205, 0.1976],
      [0.0493, 8.4568, 0.99, 1.6989, 2.0563, 7.3822, 7.2691, 8.2763, 7.86, 13.5183, 25.9476, 7.1388, 4.5636, 11.6507, 20.9528, 9.3112, 0.0765, 7.2162, 4.6457, 0.9474, 0.9964, 0.166, 1.4297, 1.0855, 1.373, 1.0385, 3.4441, 1.0931, 0.2858, 7.2305, 4.7163, 18.3854, 10.8237, 0.3108, 12.8223, 0.9601, 22.2946, 1.3186],
      [0.0188, 0.3143, 0.3564, 0.3236, 0.1489, 0.3702, 0.3484, 0.5106, 0.2195, 0.4122, 0.5928, 0.4535, 0.0757, 1.1708, 1.3269, 0.2539, 0.0224, 0.2793, 0.094, 0.7099, 0.2025, 0.0195, 0.3899, 0.1634, 0.2755, 0.3485, 0.2595, 0.0834, 0.0646, 0.4019, 0.114, 0.6203, 0.3141, 0.0495, 1.3002, 0.0809, 1.2197, 0.0602],
      [0.2725, 17.929, 2.2422, 5.9049, 4.216, 15.1484, 20.244, 20.2414, 18.1721, 31.1992, 54.6701, 15.1656, 10.8403, 28.9819, 54.8912, 21.1208, 0.1014, 19.1838, 8.9776, 5.9767, 3.0849, 0.2948, 2.7994, 3.565, 3.6376, 4.4402, 10.2526, 3.4393, 0.8532, 18.3205, 7.1045, 47.8112, 24.8093, 2.2367, 34.6072, 2.9473, 52.0311, 3.777],
      [0.045, 0.7785, 0.5781, 0.5379, 1.3886, 1.3386, 1.7125, 2.0388, 1.0112, 2.2047, 2.8518, 1.3079, 0.3457, 4.3961, 6.6043, 1.4367, 0.0793, 2.2227, 0.5591, 2.8137, 1.6534, 0.0359, 0.1936, 1.3475, 0.5937, 1.3478, 2.1041, 0.0715, 0.2216, 1.9973, 0.8257, 2.732, 1.8314, 0.2925, 4.2375, 0.3161, 5.4627, 0.2409]
    ],
    [
      [0.1438, 0.8244, 0.5519, 0.6114, 1.1496, 0.433, 1.1647, 1.0855, 0.9279, 1.616, 2.8907, 1.1364, 0.7155, 0.9814, 2.7894, 1.4231, 0.0894, 1.2066, 1.4973, 0.4941, 0.5192, 0.1985, 0.349, 0.4723, 0.6398, 0.7685, 0.5925, 0.6828, 0.0054, 0.5388, 0.2318, 1.7045, 1.275, 0.3992, 0.5523, 0.1507, 5.6571, 0.3334],
      [0.0944, 1.2071, 0.3272, 0.328, 0.6636, 0.2425, 0.6029, 0.8006, 0.7995, 0.8668, 1.2912, 0.3985, 0.6849, 0.4737, 0.9645, 0.7524, 0.0218, 0.6266, 0.5342, 0.1662, 0.1843, 0.0622, 0.5201, 0.1433, 0.3286, 0.4062, 0.4056, 0.0866, 0.0078, 0.2519, 0.2557, 1.0702, 0.493, 0.2858, 0.2637, 0.0602, 2.4025, 0.0465],
      [1.1946, 2.2034, 1.283, 1.1704, 1.8875, 0.4038, 1.6924, 2.9286, 2.5114, 2.2794, 3.9106, 1.5504, 1.0162, 1.3302, 4.0445, 1.3012, 0.0343, 1.6327, 1.8687, 0.6168, 0.8126, 0.1787, 0.9934, 0.6607, 0.5894, 0.9534, 0.7791, 0.3237, 0.038, 0.7674, 0.4257, 3.7282, 1.4933, 1.5411, 1.1037, 0.1011, 4.8038, 0.2566],
      [0.0006, 0.0821, 0.0106, 0.0182, 0.0343, 0.0159, 0.0509, 0.0657, 0.0896, 0.1164, 0.2028, 0.0145, 0.0789, 0.0096, 0.0341, 0.0675, 0.0028, 0.0544, 0.0221, 0.0025, 0.0087, 0.0032, 0.0468, 0.009, 0.0181, 0.0062, 0.0303, 0.061, 0.0035, 0.0068, 0.0063, 0.0855, 0.0466, 0.003, 0.0103, 0.0016, 0.2075, 0.0163],
      [6.6343, 14.836, 10.7299, 14.3424, 22.0803, 4.7058, 17.2165, 15.2162, 6.2702, 13.2433, 20.84, 15.7324, 6.512, 15.4165, 49.2275, 7.3377, 1.3272, 17.6666, 12.2592, 15.7686, 10.7718, 4.9293, 11.1503, 10.3818, 17.9083, 22.0781, 8.5151, 0.5619, 0.4803, 6.2123, 4.5148, 17.5184, 7.6895, 12.8902, 15.2251, 2.7117, 52.2524, 5.5101],
      [0.0796, 1.5948, 0.198, 0.5817, 0.6244, 0.3005, 1.0862, 1.1135, 1.2357, 1.8188, 3.2405, 0.4382, 1.2505, 0.4445, 1.2434, 1.1386, 0.0124, 1.218, 0.8079, 0.217, 0.2303, 0.0583, 0.7352, 0.2685, 0.4121, 0.4324, 0.5692, 1.2768, 0.0354, 0.2446, 0.2163, 2.1338, 0.9617, 0.3899, 0.4107, 0.0864, 3.9165, 0.369],
      [1.8526, 10.2522, 6.8995, 7.9479, 25.5602, 3.8985, 11.1865, 13.79, 8.1658, 16.0593, 21.6242, 9.7295, 4.7419, 13.3441, 36.6966, 9.9795, 0.5121, 18.5951, 10.0106, 13.7347, 16.4731, 2.5698, 7.2051, 14.0644, 9.1038, 17.3552, 13.1081, 2.0071, 0.4297, 6.9782, 4.3494, 17.7593, 10.0409, 8.4909, 11.4341, 1.8884, 54.7601, 2.468]
    ]
  ],
  "V_est": [
    [27.5186, 36.4499, 3.1354, 3048.1523, 6.6137, 2165.3901, 10.74],
    [826.5114, 46.8611, 15.7095, 102.5115, 228.0885, 293.1102, 36.2079],
    [425.7988, 74.9549, 163.4157, 10.3668, 9439.3728, 219.476, 802.6151],
    [29.3533, 81.522, 72.0125, 1134.3404, 19.1724, 7640.543, 16.0563],
    [2.1535, 157.1771, 1798.0913, 40.3027, 58.1187, 539.5988, 125.5579],
    [31.8616, 1153.9141, 54.2256, 239.782, 13.9697, 581.4907, 59.7563],
    [36.8029, 19.1209, 54.4099, 1.5443, 498.6642, 31.3913, 445.0664]
  ],
  "p_est": [
    [0.0052, 0.0069, 0.0006, 0.5753, 0.0012, 0.4087, 0.002],
    [0.5336, 0.0303, 0.0101, 0.0662, 0.1472, 0.1892, 0.0234],
    [0.0382, 0.0067, 0.0147, 0.0009, 0.8476, 0.0197, 0.0721],
    [0.0033, 0.0091, 0.008, 0.1261, 0.0021, 0.8496, 0.0018],
    [0.0008, 0.0578, 0.6608, 0.0148, 0.0214, 0.1983, 0.0461],
    [0.0149, 0.5405, 0.0254, 0.1123, 0.0065, 0.2724, 0.028],
    [0.0339, 0.0176, 0.0501, 0.0014, 0.4588, 0.0289, 0.4094]
  ],
  "EI_Z": {},
  "EI_V": 12.9122,
  "MAE_Z": {},
  "MAE_V": 173.4932,
  "MAE_p": 0.0451,
  "runtime": 0.582
}
