{
  "X": [
    [8, 3, 16, 2, 220, 11, 6],
    [25, 63, 74, 110, 239, 238, 28],
    [15, 18, 23, 14, 224, 36, 22],
    [29, 17, 37, 31, 580, 111, 37],
    [39, 28, 52, 51, 575, 120, 94],
    [28, 49, 25, 137, 110, 273, 16],
    [35, 55, 73, 82, 326, 243, 36],
    [42, 71, 98, 148, 276, 380, 43],
    [29, 62, 89, 151, 124, 341, 26],
    [50, 73, 88, 269, 247, 608, 51],
    [105, 103, 136, 412, 461, 910, 75],
    [34, 32, 33, 101, 194, 230, 23],
    [27, 37, 32, 128, 152, 321, 16],
    [56, 93, 102, 238, 346, 620, 55],
    [75, 100, 150, 271, 577, 750, 92],
    [56, 70, 66, 208, 185, 487, 39],
    [6, 4, 4, 10, 29, 15, 2],
    [57, 52, 83, 203, 418, 537, 70],
    [36, 22, 48, 128, 159, 264, 24],
    [22, 21, 42, 14, 274, 92, 46],
    [17, 13, 29, 28, 250, 83, 56],
    [9, 3, 11, 3, 210, 9, 13],
    [8, 14, 33, 21, 170, 61, 19],
    [13, 9, 20, 11, 203, 41, 43],
    [14, 15, 17, 17, 335, 53, 27],
    [22, 21, 28, 13, 476, 61, 58],
    [30, 43, 34, 102, 161, 294, 42],
    [8, 2, 4, 14, 19, 55, 9],
    [1, 4, 3, 9, 11, 27, 2],
    [36, 46, 66, 160, 196, 409, 34],
    [17, 37, 49, 159, 104, 278, 19],
    [86, 104, 180, 332, 459, 954, 71],
    [57, 58, 101, 231, 184, 551, 40],
    [6, 10, 65, 8, 147, 186, 20],
    [38, 57, 91, 268, 380, 595, 51],
    [10, 8, 9, 28, 83, 82, 9],
    [207, 150, 138, 402, 1025, 952, 173],
    [27, 3, 12, 63, 135, 193, 9]
  ],
  "W": [
    [4, 14, 219, 9, 8, 2, 10],
    [119, 42, 255, 156, 100, 74, 31],
    [14, 11, 237, 33, 18, 19, 20],
    [43, 31, 612, 71, 40, 20, 25],
    [57, 34, 638, 96, 56, 26, 52],
    [151, 33, 118, 226, 34, 66, 10],
    [100, 34, 346, 168, 93, 76, 33],
    [167, 52, 301, 310, 103, 90, 35],
    [176, 29, 156, 265, 99, 77, 20],
    [313, 49, 291, 476, 115, 106, 36],
    [438, 109, 549, 711, 173, 168, 54],
    [104, 40, 195, 191, 35, 53, 29],
    [149, 32, 176, 255, 45, 41, 15],
    [275, 64, 362, 525, 128, 124, 32],
    [312, 91, 571, 581, 190, 175, 95],
    [236, 50, 233, 392, 93, 85, 22],
    [15, 5, 28, 12, 5, 3, 2],
    [257, 70, 461, 410, 115, 66, 41],
    [135, 37, 174, 219, 59, 30, 27],
    [32, 30, 271, 63, 56, 28, 31],
    [39, 14, 279, 67, 32, 16, 29],
    [1, 7, 217, 9, 14, 2, 8],
    [16, 15, 174, 43, 45, 12, 21],
    [13, 12, 222, 29, 24, 14, 26],
    [18, 12, 338, 39, 25, 17, 29],
    [20, 23, 494, 41, 36, 23, 42],
    [138, 38, 178, 235, 44, 49, 24],
    [14, 0, 38, 44, 4, 6, 5],
    [11, 3, 10, 25, 2, 5, 1],
    [191, 41, 220, 329, 86, 65, 15],
    [152, 30, 108, 253, 73, 37, 10],
    [370, 109, 535, 758, 219, 151, 44],
    [260, 56, 224, 443, 134, 83, 22],
    [14, 6, 147, 166, 77, 8, 24],
    [360, 64, 386, 418, 120, 103, 29],
    [38, 12, 87, 61, 16, 10, 5],
    [456, 212, 1151, 720, 187, 197, 124],
    [90, 38, 135, 144, 18, 8, 9]
  ],
  "method": "mvn_cdf",
  "mvncdf_method": "genz",
  "mvncdf_samples": 5000,
  "mvncdf_error": 0.001,
  "cond_prob": [
    [
      [0.010062045871, 0.018715124109, 0.033416324854, 0.38439961201, 0.0047245879961, 0.54488233358, 0.0037999715744],
      [0.47202265208, 0.030978352893, 0.043631870779, 0.0047177178225, 0.39377675802, 0.036404788887, 0.018467859514],
      [0.0045625678822, 0.0030666564835, 0.026321674189, 2.6248870651e-05, 0.94788945585, 0.0010954907398, 0.017037905989],
      [0.020587554261, 0.018187378161, 0.07000190682, 0.037152313172, 0.017804978757, 0.83427312869, 0.0019927401387],
      [3.756393576e-05, 0.016423656932, 0.93814062203, 0.00079998980803, 0.0083839644171, 0.026281988608, 0.0099322142692],
      [0.011416488566, 0.71516107758, 0.0806420437, 0.02462715316, 0.0093869252199, 0.13626819638, 0.022498115393],
      [0.014381084423, 0.0094446979118, 0.11946156373, 5.7995642111e-05, 0.66343458308, 0.0079640689399, 0.18525600627]
    ],
    [
      [0.0018078427477, 0.0079055239507, 0.0013070765711, 0.60318520918, 0.007163107676, 0.37813534537, 0.00049589450103],
      [0.37765603067, 0.059276348055, 0.01181692529, 0.11933363865, 0.12738007262, 0.28822127682, 0.016315707892],
      [0.029644532737, 0.013323871371, 0.020415643732, 0.0015433281826, 0.84671733245, 0.034256382842, 0.054098908685],
      [0.00070568720916, 0.010930188842, 0.0069810296428, 0.1435144893, 0.0055334456416, 0.83192373196, 0.00041142740485],
      [0.00010374854184, 0.08510726956, 0.63496463129, 0.018882918572, 0.0087111261273, 0.22857382795, 0.023656477959],
      [0.0056631525012, 0.60471744947, 0.018287737839, 0.11428063866, 0.0042477505011, 0.24228357628, 0.010519694749],
      [0.026594265579, 0.038939392127, 0.071076178081, 0.0026477144635, 0.47858205457, 0.051443645963, 0.33071674922]
    ],
    [
      [0.012065909772, 0.018034736136, 0.0018191028267, 0.5911537763, 0.00026561894812, 0.37209638497, 0.0045644710461],
      [0.59997022334, 0.037783364107, 0.017431209098, 0.029956663826, 0.19129270622, 0.097855460843, 0.025710372564],
      [0.027150116299, 0.0067081070492, 0.01860950761, 0.00015316970205, 0.888532588, 0.0022589661626, 0.056587545176],
      [0.028258683465, 0.024860537481, 0.029771078273, 0.1294590743, 0.00060828987654, 0.78317937764, 0.0038629589695],
      [0.00040554745263, 0.050218421313, 0.84829433421, 0.0047366039433, 0.011305259558, 0.049654305705, 0.035385527814],
      [0.01605909853, 0.72055751936, 0.044082966805, 0.052106820573, 0.018757211069, 0.11800842139, 0.030427962272],
      [0.027593398152, 0.016357656498, 0.064150799437, 0.00052923483133, 0.53649414809, 0.0099004294688, 0.34497433353]
    ],
    [
      [0.0051752720875, 0.0072118465487, 0.00066450499165, 0.48477055814, 0.013647061371, 0.48655212226, 0.0019786346005],
      [0.47531819262, 0.027465885066, 0.011470698859, 0.04775779509, 0.22329824362, 0.19277986565, 0.021909319091],
      [0.021004237314, 0.0038958353857, 0.010778920676, 0.00028506810407, 0.90792674653, 0.013406074077, 0.042703117908],
      [0.004079496481, 0.0082566139279, 0.0089002454575, 0.090126701787, 0.012617461877, 0.87474545793, 0.001274022541],
      [0.00036758483288, 0.047146858272, 0.69021357175, 0.0095951707266, 0.031947400623, 0.18260159276, 0.038127821037],
      [0.013612538135, 0.53270562935, 0.030416233402, 0.084944569026, 0.01617903069, 0.2952460351, 0.026895964298],
      [0.024456307455, 0.01311961594, 0.04681400807, 0.00072874544212, 0.57369781991, 0.023266145876, 0.31791735731]
    ],
    [
      [0.0080441966612, 0.011687979555, 0.00088632156911, 0.59113955219, 0.00039553915343, 0.38246247496, 0.0053839359114],
      [0.54672476997, 0.034529236391, 0.011483351902, 0.044164469198, 0.19595895143, 0.12400380073, 0.043135420387],
      [0.028071924974, 0.0055667368375, 0.012274416026, 0.0004011486155, 0.85311359375, 0.0058794101995, 0.094692769599],
      [0.0047063498576, 0.016154302345, 0.014149582882, 0.13470486819, 0.0026987037638, 0.82310970476, 0.0044764882094],
      [0.00053365963514, 0.060730220179, 0.70886515133, 0.0093791246063, 0.027500715545, 0.1138129324, 0.079178196305],
      [0.015831259823, 0.65357296731, 0.030216120517, 0.079088613326, 0.0057273916587, 0.16215487334, 0.053408774027],
      [0.022108523014, 0.012761740781, 0.036298859937, 0.00065997087343, 0.42462210179, 0.0120069888, 0.49154181481]
    ],
    [
      [0.0055553185345, 0.0081232353042, 0.00029187224437, 0.61652144091, 0.00020006371496, 0.36744160022, 0.0018664690705],
      [0.57747446189, 0.034805480166, 0.0068635873786, 0.069315153249, 0.12769949518, 0.16560499164, 0.018236830492],
      [0.050118185098, 0.0088387813539, 0.011306848843, 0.00021134718564, 0.84623300777, 0.016585726295, 0.06670610345],
      [0.0032854798596, 0.011734211188, 0.0058568455416, 0.14860208111, 0.00029660278483, 0.82836649641, 0.0018582831084],
      [0.0007490541368, 0.088072494426, 0.60557680541, 0.017963135824, 0.022270905857, 0.21866196338, 0.046705640966],
      [0.014993478089, 0.60140779959, 0.016335571991, 0.11185125955, 0.0056090211995, 0.22952095517, 0.0202819144],
      [0.043298797454, 0.024252311175, 0.040381451623, 0.0015923319166, 0.47057736929, 0.030051995412, 0.38984574313]
    ],
    [
      [0.0060483522212, 0.0078754867351, 0.00074028408422, 0.53140298669, 5.4079212626e-05, 0.45226601534, 0.0016127957114],
      [0.54006990459, 0.030484328466, 0.010110588955, 0.053977882267, 0.16254497682, 0.18415940808, 0.018652910813],
      [0.037763382102, 0.0063907196817, 0.013574063325, 0.00046224364101, 0.8687081321, 0.019027369735, 0.054074089418],
      [0.0033146234334, 0.0096871314208, 0.0082946704648, 0.10954001199, 0.0023012634881, 0.86579138344, 0.0010709157643],
      [0.00066246908501, 0.058734023018, 0.67558433846, 0.012276683545, 0.020898919445, 0.19511203184, 0.03673153461],
      [0.015572732654, 0.56937037216, 0.025926106336, 0.095646627555, 0.0045838731373, 0.26636785265, 0.022532435515],
      [0.035292841547, 0.018271049863, 0.051283438192, 0.001543022906, 0.52171100086, 0.032914560077, 0.33898408655]
    ],
    [
      [0.0051263507312, 0.0094234942929, 0.00066310189058, 0.5738706505, 0.00010063363329, 0.40873646242, 0.0020793065339],
      [0.51244265453, 0.041238229449, 0.017942058336, 0.066016030244, 0.14924969511, 0.18969778476, 0.023413547566],
      [0.037813107661, 0.0091182405013, 0.025031295821, 0.00083279730417, 0.83421032838, 0.02006388046, 0.072930349873],
      [0.0030092154457, 0.012477934913, 0.013408515027, 0.12630627487, 0.00016281460453, 0.84281703265, 0.0018182124856],
      [0.0004143174602, 0.051369570362, 0.76733403977, 0.0095453762218, 0.013083506711, 0.12824582808, 0.030007361399],
      [0.011712551744, 0.60641676871, 0.03667995089, 0.091958590483, 0.0056734496517, 0.22490480756, 0.022653880966],
      [0.031013566935, 0.02287323933, 0.083674673551, 0.0018772486025, 0.43474905736, 0.031813281587, 0.39399893263]
    ],
    [
      [0.0034470620205, 0.0084675902664, 0.00039038787651, 0.58915033335, 0.0014552885853, 0.39625027928, 0.00083905862883],
      [0.52623590507, 0.048988066433, 0.017871564945, 0.086242518889, 0.0717537858, 0.23261056607, 0.016297592796],
      [0.068334917455, 0.01873684741, 0.045109628631, 0.0020040314105, 0.72995437667, 0.045521469173, 0.090338729252],
      [0.0027743133388, 0.011465853248, 0.009481477189, 0.13326906672, 0.0021864263809, 0.84027067921, 0.00055218391239],
      [0.00039439117986, 0.058103088607, 0.7470775365, 0.01242444356, 0.0072830762348, 0.15488318634, 0.019834277572],
      [0.010001591175, 0.60488199758, 0.03105514761, 0.10207777198, 0.0028506816511, 0.23600083718, 0.013131972823],
      [0.046393421623, 0.03997656472, 0.12557001744, 0.0044784173444, 0.31350983176, 0.061783266947, 0.40828848016]
    ],
    [
      [0.004293557154, 0.0060177958433, 0.00041251935833, 0.59045285049, 0.00041571914369, 0.39697446212, 0.0014330958958],
      [0.54874482315, 0.031983664278, 0.0098255103926, 0.081713175847, 0.091911601592, 0.21630350744, 0.0195177173],
      [0.06012657146, 0.010530249939, 0.021159253379, 0.0014505681381, 0.77963261655, 0.036304813728, 0.090795926804],
      [0.0023908868193, 0.008228988534, 0.0065561147571, 0.13444989105, 0.00065192435382, 0.84645313271, 0.0012690617789],
      [0.00056305116157, 0.059830653309, 0.6386009916, 0.01851533228, 0.013280918968, 0.23177107752, 0.037437975155],
      [0.013698278373, 0.51717574722, 0.022574422515, 0.12753159928, 0.0038885408187, 0.29433214455, 0.020799267246],
      [0.044887707341, 0.024077076158, 0.063315979246, 0.0032343326762, 0.36786980591, 0.050523563687, 0.44609153498]
    ],
    [
      [0.0037828033033, 0.0046667998221, 0.00047284009329, 0.61203192904, 0.0010017603414, 0.37705438845, 0.00098947895409],
      [0.54243393568, 0.02671016689, 0.0095887375988, 0.093170257183, 0.08203937541, 0.23126692748, 0.014790599753],
      [0.068031124099, 0.010023147936, 0.023188438331, 0.0014183862894, 0.77757096282, 0.041940580498, 0.077827360032],
      [0.00198955412, 0.0066644662311, 0.0062107944136, 0.14499952892, 0.0016023107311, 0.83762802307, 0.00090532251636],
      [0.00051616296549, 0.0518233778, 0.63453136457, 0.021680513548, 0.012488251393, 0.24943659637, 0.029523733345],
      [0.014727057794, 0.46158748575, 0.023314956699, 0.15444975244, 0.0035283889134, 0.32541753917, 0.01697481923],
      [0.053532058364, 0.023911996559, 0.072417729122, 0.0037557529638, 0.38592590198, 0.060009294731, 0.40044726628]
    ],
    [
      [0.0062218967696, 0.005414159561, 0.00062468135441, 0.60821275058, 0.0013308888317, 0.37689224078, 0.0013033821219],
      [0.56625656738, 0.0218015468, 0.0099386469441, 0.063188607632, 0.16336746781, 0.15845914969, 0.016988013738],
      [0.039760612881, 0.0044713818537, 0.013543074421, 0.0010434516547, 0.87329529751, 0.01800449471, 0.049881686969],
      [0.0039661870582, 0.0076390245869, 0.0091139842331, 0.14331239103, 0.00090283932782, 0.83416040155, 0.00090517221541],
      [0.00055781700093, 0.045019300277, 0.71333660715, 0.013968263855, 0.019312356234, 0.1721563607, 0.035649294779],
      [0.019544103464, 0.49546621609, 0.030916957521, 0.13469502309, 0.0085569152469, 0.28614411223, 0.024676672351],
      [0.039187507656, 0.013741634949, 0.053463336614, 0.00049877299242, 0.54249705334, 0.015110939072, 0.33550075537]
    ],
    [
      [0.0032059679147, 0.0071177831797, 0.00072186231116, 0.57778312609, 0.0013182466738, 0.40951697965, 0.00033603418157],
      [0.46477956137, 0.048953735086, 0.0085816411731, 0.097846240559, 0.086946796103, 0.28204242315, 0.010849602557],
      [0.057428480838, 0.016783331847, 0.020186566295, 0.0019085232285, 0.80261663054, 0.047053903032, 0.054022564222],
      [0.0017242404987, 0.0093560748787, 0.0052363828123, 0.12861677147, 0.0023293901932, 0.85246656107, 0.00027057907558],
      [0.00063061880837, 0.091598842603, 0.55830024979, 0.022300985684, 0.012868257612, 0.29345344313, 0.020847602373],
      [0.0087406954515, 0.59088934372, 0.014389497779, 0.11130707445, 0.0018456187336, 0.26439645431, 0.0084313155581],
      [0.047701633496, 0.045656951647, 0.067749070916, 0.0052615528312, 0.43413468904, 0.083366194521, 0.31612990754]
    ],
    [
      [0.0072500183986, 0.0088955266562, 0.00072314023036, 0.56710449811, 0.00085791000892, 0.41211116981, 0.0030577367768],
      [0.56185554697, 0.029385340214, 0.0096553309455, 0.04994134426, 0.18202519028, 0.139702553, 0.027434694327],
      [0.034921454109, 0.0055723712615, 0.011770021543, 9.3257115044e-05, 0.8661284304, 0.0095743760556, 0.071940089511],
      [0.0042108802675, 0.011739390248, 0.0099742680266, 0.12497909929, 0.00076762813915, 0.84575797993, 0.0025707541039],
      [0.00071339203715, 0.060120840666, 0.67969694896, 0.012046590224, 0.028013362595, 0.16260283018, 0.056806035342],
      [0.017116779483, 0.58325438289, 0.027052635132, 0.093957016629, 0.009441953607, 0.23372511301, 0.035452119249],
      [0.03066926781, 0.014802469868, 0.04156939128, 0.00029991164862, 0.48176416657, 0.013891407464, 0.41700338536]
    ],
    [
      [0.0060138729834, 0.0051574269904, 0.0006350022368, 0.5544267367, 0.0029525813231, 0.42835612806, 0.0024582517086],
      [0.52101029831, 0.020336888718, 0.0099051266831, 0.055153000499, 0.19744677581, 0.17136362736, 0.024784282622],
      [0.030779686694, 0.0031243278283, 0.011274195621, 0.00073350331071, 0.87698114958, 0.016003465188, 0.061103671781],
      [0.0032998672784, 0.006449533423, 0.008702117193, 0.11883749161, 0.0014751242047, 0.85924629381, 0.0019895724724],
      [0.00064663996958, 0.040485364991, 0.67261575452, 0.013419327056, 0.031281273818, 0.19086367033, 0.050687969318],
      [0.018897167756, 0.47058477553, 0.031803168961, 0.11973020815, 0.0075821238136, 0.31366396527, 0.037738590515],
      [0.029362574108, 0.010152639272, 0.042573358503, 0.00035856335346, 0.51818463963, 0.01308875098, 0.38627947415]
    ],
    [
      [0.0031868559317, 0.0089016891596, 0.00054404949857, 0.59159329188, 0.0014458807236, 0.39285567303, 0.0014725597806],
      [0.62082863738, 0.035818746686, 0.0073044877775, 0.06995818803, 0.066138549259, 0.18439872277, 0.015552668103],
      [0.088952117669, 0.015180321871, 0.02071576966, 0.0018040159496, 0.73680969505, 0.040517201092, 0.096020878711],
      [0.0018497495208, 0.0096362161829, 0.0060357239598, 0.13577198663, 0.0023524163636, 0.84293957441, 0.0014143329306],
      [0.00040552908801, 0.084893423619, 0.59759176724, 0.02004720062, 0.01248911504, 0.24660162005, 0.037971344334],
      [0.015232334052, 0.5899574949, 0.01689788055, 0.10954360984, 0.0029867388215, 0.24847952229, 0.01690241955],
      [0.064684650127, 0.034198946437, 0.059147618449, 0.0030692157012, 0.33353081943, 0.051754270169, 0.45361447969]
    ],
    [
      [0.066529648247, 0.025016768027, 0.00072257101149, 0.56355800669, 0.0047463624501, 0.33335557519, 0.0060710683831],
      [0.74964897506, 0.017019737893, 0.0031247384887, 0.0085175574656, 0.18750159608, 0.022317634745, 0.011869760264],
      [0.02779715175, 0.0047032111798, 0.0033786153401, 0, 0.92670666603, 0.0045621476654, 0.032852208035],
      [0.022919825289, 0.032936407349, 0.01531053513, 0.11644888783, 0.02986822598, 0.77754564195, 0.004970476465],
      [0.0028123239024, 0.082833626037, 0.72286073361, 0.0054709978087, 0.067091324214, 0.06320457914, 0.05572641529],
      [0.032339584405, 0.8589274344, 0.015534824474, 0.025490693146, 0.0074700330847, 0.033788696591, 0.026448733903],
      [0.044685937891, 0.010886277763, 0.017150974923, 0.0014141948935, 0.66361225096, 0.0062006874603, 0.25604967611]
    ],
    [
      [0.0049760357516, 0.0065553906685, 0.00039529873465, 0.55004124656, 0, 0.43569428081, 0.0023377474747],
      [0.50907361113, 0.029057368901, 0.0089469290553, 0.064131823793, 0.15500641413, 0.20539241107, 0.028391441926],
      [0.03635346121, 0.0062098675593, 0.012188547805, 0.00073960900026, 0.83806162308, 0.02158904618, 0.084857845165],
      [0.002689859933, 0.008337699972, 0.0065130366556, 0.11650126027, 0.00027550349627, 0.86385209752, 0.0018305421569],
      [0.00062451520918, 0.05830402859, 0.61622912703, 0.015417932346, 0.023863928568, 0.22709058274, 0.058469885516],
      [0.014330022005, 0.52527932076, 0.022482456196, 0.10933614882, 0.0042312563614, 0.2906635063, 0.033677289563],
      [0.029429686374, 0.015284009364, 0.039821119689, 0.0013279870448, 0.43089199102, 0.029706886665, 0.45353831984]
    ],
    [
      [0.004871632381, 0.0047851413353, 0.00048057601182, 0.63013550235, 0.00031733996095, 0.358386852, 0.0010229559612],
      [0.58915107967, 0.022862016539, 0.0094746866149, 0.080006055978, 0.10010344904, 0.18454307393, 0.013859638225],
      [0.062335807409, 0.0073846674616, 0.019483040568, 0.0015642641632, 0.81544788985, 0.03136579521, 0.062418535341],
      [0.002765157654, 0.0070872252827, 0.0074015985116, 0.15458001343, 0.00028527115159, 0.8269610293, 0.00091970467203],
      [0.00061074791212, 0.047163228648, 0.67616857414, 0.019973773829, 0.016096566301, 0.21088254926, 0.029104559914],
      [0.018614882144, 0.47847560166, 0.027028962373, 0.15485716216, 0.0031341048841, 0.29925344391, 0.018635842868],
      [0.055454039782, 0.019784381203, 0.069212776122, 0.00081891429434, 0.45404458211, 0.029921990289, 0.3707633162]
    ],
    [
      [0.015940205685, 0.013439803328, 0.0014614745758, 0.34075603653, 0.0024542805992, 0.61223199589, 0.013716203389],
      [0.50450588166, 0.018155240999, 0.0080259662707, 0.010991845884, 0.32396104259, 0.085113210613, 0.049246811988],
      [0.01145586185, 0.0026287166695, 0.006992609979, 3.7590853287e-05, 0.90232680662, 0.001833410438, 0.074725003588],
      [0.032837382481, 0.012827822987, 0.014875238562, 0.02671210602, 0.0020025133229, 0.90307535943, 0.0076695771947],
      [0.00060309295441, 0.042935799811, 0.66605164358, 0.0021971481915, 0.054774331527, 0.11198016014, 0.1214578238],
      [0.023341082801, 0.56907577402, 0.034450784089, 0.033836389862, 0.025353665472, 0.21345251929, 0.10048978447],
      [0.015939347962, 0.0053615334206, 0.019896854741, 8.2014165534e-05, 0.50866592292, 0.0070005945849, 0.44305373221]
    ],
    [
      [0.011937511902, 0.010724904585, 0.001429406414, 0.50930284698, 0.0035030642395, 0.45277507724, 0.010327188632],
      [0.56999009136, 0.021610920107, 0.010993935305, 0.025507732451, 0.21788363081, 0.091956970617, 0.062056719343],
      [0.024821506368, 0.0032051325326, 0.011770100358, 0.0001308821663, 0.84097410743, 0.0027278248711, 0.11637044627],
      [0.01110064207, 0.012958828957, 0.017695976825, 0.097949887635, 0.0033023819708, 0.85049052026, 0.0065017622819],
      [0.00059074303477, 0.039059254697, 0.71485827207, 0.0054963721533, 0.030801060479, 0.093601909725, 0.11559238784],
      [0.021719068333, 0.5676564045, 0.039551257533, 0.062272406549, 0.012659098393, 0.19280441085, 0.10333735385],
      [0.017904261755, 0.0063553000252, 0.028019475225, 0.00029930012575, 0.37144119271, 0.0079418868156, 0.56803858335]
    ],
    [
      [0.0032711841763, 0.0036609110975, 0.00017852159803, 0.8437085287, 0.00011378307509, 0.1478002978, 0.0012667735602],
      [0.57899710034, 0.020973281738, 0.011009870826, 0.039050338531, 0.21758116285, 0.09636231153, 0.036025934182],
      [0.017961868735, 0.0022589075932, 0.003875486406, 0.000683036445, 0.93268596043, 0.00082476414592, 0.041709976249],
      [0.0087832826199, 0.015509948728, 0.013719802803, 0.15933856347, 0.014520362527, 0.783234954, 0.0048930858529],
      [0.051246130402, 0.053544473988, 0.69678033052, 0.0093887829197, 0.071743623657, 0.042604082589, 0.074692575919],
      [0.025518932298, 0.70396353242, 0.012345850975, 0.083024605665, 0.0097707045981, 0.14740659876, 0.017969775281],
      [0.024811295527, 0.0077754912236, 0.02233465975, 0.00039761870088, 0.61616615768, 0.0072880952553, 0.32122668187]
    ],
    [
      [0.0014862780284, 0.0070344474217, 0.00053516409867, 0.63443867963, 0.00022183719298, 0.35509303225, 0.0011905613787],
      [0.34026863471, 0.053174163125, 0.01044106171, 0.12525389218, 0.10726333051, 0.34026680244, 0.023332115329],
      [0.014012747883, 0.0091004255108, 0.01250399674, 0.0012853087871, 0.88507572608, 0.023286466561, 0.05473532844],
      [0.00056397325802, 0.0099940653173, 0.0076106902466, 0.14675872913, 0.052461772423, 0.7809662466, 0.0016445230199],
      [3.7865436579e-05, 0.08107115403, 0.64707565808, 0.021319126541, 0.013072926876, 0.20103293138, 0.036390337657],
      [0.004921134611, 0.57568895256, 0.018340299879, 0.11914270203, 0.0324876839, 0.2332826035, 0.016136623516],
      [0.01661730901, 0.024768961178, 0.047303720164, 0.0022300258584, 0.53096829424, 0.035011547981, 0.34310014156]
    ],
    [
      [0.0091413179467, 0.0071689324106, 0.00080140899724, 0.50765215707, 0.00051177716994, 0.46963648737, 0.0050879190378],
      [0.54213612683, 0.017872439311, 0.0094437406378, 0.02993310872, 0.22489201145, 0.116416937, 0.059305636053],
      [0.024340253018, 0.0018727138733, 0.0092010002052, 0.0001531334321, 0.85090537568, 0.005624432763, 0.10790309102],
      [0.0063701287402, 0.0084195469043, 0.011777744046, 0.094514527187, 0.0010476362453, 0.8729575177, 0.0049128991746],
      [0.00055838147946, 0.035278801512, 0.68069818353, 0.007164704285, 0.03408523613, 0.12915847181, 0.11305622125],
      [0.02154006206, 0.50302954938, 0.035332888423, 0.077533538004, 0.011674444431, 0.25464162945, 0.096247888257],
      [0.018165285264, 0.0055123207414, 0.025410128073, 0.00034558877668, 0.39929923143, 0.010328622992, 0.54093882272]
    ],
    [
      [0.0072482191276, 0.0096838499833, 0.00030005596351, 0.5613048544, 0.00045082530008, 0.41788225028, 0.0031299449462],
      [0.517611718, 0.028733138782, 0.0060186604074, 0.04067264477, 0.24882157289, 0.13267920502, 0.02546306014],
      [0.019471030936, 0.0034432778657, 0.0029471500533, 0.00035863873177, 0.92401585684, 0.005293028282, 0.044471017288],
      [0.0038388161375, 0.012470345283, 0.00653858079, 0.11708710608, 0.0047340534418, 0.85290280768, 0.0024282905888],
      [0.00067101292506, 0.077978917258, 0.5914005735, 0.013188917047, 0.052810048795, 0.19136369106, 0.072586839415],
      [0.015925827707, 0.62074551433, 0.017458092118, 0.080767244304, 0.016204458146, 0.21397372534, 0.03492513805],
      [0.022060508964, 0.011330171559, 0.020325234328, 0.0006226819225, 0.61752798498, 0.014209323053, 0.3139240952]
    ],
    [
      [0.010685107997, 0.014335069302, 0.00080842094128, 0.43432020929, 0.00035096567337, 0.5317904151, 0.0077098116976],
      [0.50206045744, 0.029005424379, 0.0080396156216, 0.021566634586, 0.28886382158, 0.11039432822, 0.040069718165],
      [0.016771065916, 0.0035684835426, 0.0052969549213, 8.2351999757e-05, 0.90106835894, 0.0032563187107, 0.069956465965],
      [0.019158052247, 0.015448567345, 0.011039840179, 0.061470879587, 0.00059651573265, 0.88723918086, 0.0050469640494],
      [0.00051250957112, 0.065610102786, 0.64484409844, 0.005887635721, 0.049175392553, 0.13797666789, 0.095993593043],
      [0.016588725964, 0.64703334858, 0.02442759841, 0.045150610685, 0.015150629788, 0.19305071377, 0.058598372802],
      [0.018298323154, 0.0096719286769, 0.022699260386, 0.00014657943057, 0.52566923118, 0.010294472141, 0.41322020504]
    ],
    [
      [0.0068659246397, 0.011502359109, 0.00078087402383, 0.51990234103, 0.0013618055579, 0.45669403033, 0.0028926653086],
      [0.53836423688, 0.039629850238, 0.0090855133706, 0.047071466462, 0.15818033045, 0.16575744149, 0.041911161112],
      [0.036954888517, 0.0079233127916, 0.011944011886, 0.00017728951059, 0.81189136375, 0.015079157273, 0.11602997627],
      [0.0032062083778, 0.013961728892, 0.0084991911531, 0.10432798375, 0.0024036006822, 0.86590487447, 0.001696412677],
      [0.00062216174838, 0.079485131367, 0.62864933788, 0.01004047644, 0.021480299067, 0.17463363146, 0.085088962041],
      [0.013128788063, 0.63902860136, 0.020080813138, 0.070287330957, 0.0052954549226, 0.20923736502, 0.042941646542],
      [0.024689439229, 0.01690153836, 0.032463130401, 0.0012611382476, 0.35479578825, 0.023716453045, 0.54617251246]
    ],
    [
      [0.022799921436, 0.0011287765872, 0.00013858341768, 0.53682117348, 0.017383763676, 0.41498660772, 0.0067411736787],
      ["NaN", "NaN", "NaN", "NaN", "NaN", "NaN", "NaN"],
      [0.18115230659, 0.015453957238, 0.047740023526, 0.05696288569, 0.4087397497, 0.13765272294, 0.1522983543],
      [0.001257627076, 0.00091640484608, 0.0013501990783, 0.069161078955, 0.058001231853, 0.84741550921, 0.021897948987],
      [0.00027183017872, 0.021538947356, 0.4324394166, 0.030663658428, 0.0067898756402, 0.48924840905, 0.019047862746],
      [0.0096396525369, 0.19730844227, 0.011838333743, 0.18218938418, 0.013902832755, 0.57321154767, 0.011909806842],
      [0.1365505244, 0.01732369929, 0.064748501971, 0.012207100448, 0.11237722382, 0.25536773857, 0.4014252115]
    ],
    [
      [0.00099029584107, 0.015801387999, 0.0198425781, 0.53352541699, 0.021854774283, 0.39949222643, 0.0084933203547],
      [0.31077645841, 0.035012454143, 0.020949050001, 0.045002402741, 0.37384452888, 0.16327857274, 0.051136533084],
      [0.0019594081221, 0.011410668303, 0.010373983807, 0.00029441452991, 0.90597382285, 0.00019526828236, 0.069792434109],
      [0.00054057579383, 0.0095055126117, 0.021152862445, 0.10809049276, 0.00084259058989, 0.84791849954, 0.01194946626],
      [0, 0.0069844224502, 0.91973014979, 0.00088110379495, 0.0061866077302, 0.013637280289, 0.052580435946],
      [0.0036563286244, 0.66952928086, 0.041780133529, 0.05715362738, 0.012922737218, 0.1706377752, 0.044320117191],
      [0.0053872513259, 0.0077876220714, 0.037962124479, 0.0034763961592, 0.48027400149, 0.03537118308, 0.4297414214]
    ],
    [
      [0.0054393986879, 0.0066752706114, 0.00047040729167, 0.56600176311, 0.0014420346973, 0.41763118717, 0.0023399384354],
      [0.55194718145, 0.028167147294, 0.0100299583, 0.062946798051, 0.13607474342, 0.18554513866, 0.025289032825],
      [0.044364849467, 0.0067312598502, 0.015356858397, 0.00081755879645, 0.82630644534, 0.021722750934, 0.084700277214],
      [0.0028783198747, 0.0087431870748, 0.0078897412533, 0.12354651925, 0.0001209318766, 0.85477276788, 0.0020485327924],
      [0.0006609529932, 0.053988207193, 0.66341648242, 0.014521369713, 0.019815187858, 0.19838092288, 0.049216876944],
      [0.015820800546, 0.5279679238, 0.026207651059, 0.1112387892, 0.0061831812286, 0.2818537327, 0.030727921459],
      [0.035920819788, 0.016792246253, 0.051158359368, 0.00045451099465, 0.41415262628, 0.016306315636, 0.46521512168]
    ],
    [
      [0.002621376099, 0.007622177897, 0.00052909304912, 0.67540290103, 0.00044563143092, 0.31136750155, 0.0020113189446],
      [0.42213254623, 0.050650074474, 0.0099447479665, 0.11389085093, 0.16752237981, 0.20825591682, 0.027603483779],
      [0.02745260364, 0.0096465216806, 0.012555228669, 0, 0.85669088974, 0.015532688713, 0.078122067556],
      [0.0016810596726, 0.012442118658, 0.0067539762964, 0.18369234738, 0.00047335834759, 0.79264578847, 0.0023113511793],
      [0.00035981102342, 0.08963420226, 0.60977943382, 0.023633115489, 0.022403042557, 0.20392804397, 0.050262350877],
      [0.0078194384856, 0.63062857919, 0.016674031696, 0.12746801287, 0.0030803439025, 0.19201403894, 0.022315554926],
      [0.023179972717, 0.025569216855, 0.042567687644, 0.00063357219104, 0.4514822043, 0.021628074651, 0.43493927164]
    ],
    [
      [0.0038231328789, 0.0057981748219, 0.00033751748671, 0.56277138489, 0.00047121078532, 0.42568512319, 0.0011134559543],
      [0.48503082609, 0.033521653523, 0.013767253036, 0.085267032811, 0.10360782348, 0.26046268123, 0.018342729841],
      [0.049312500999, 0.01006343765, 0.026578543044, 0.001482714338, 0.79637046116, 0.038691294225, 0.077501048581],
      [0.0023506852918, 0.0075319468844, 0.0076417312453, 0.12129550633, 0.00097570141469, 0.8593744022, 0.00083002663025],
      [0.00052144652838, 0.048793517988, 0.68616141504, 0.01495126239, 0.011853417603, 0.21029861238, 0.02742032807],
      [0.011485904208, 0.49901750653, 0.028907294833, 0.12175752104, 0.0041080138396, 0.31663071687, 0.018093042675],
      [0.038738749557, 0.024323551714, 0.084731448243, 0.0019437023128, 0.39814573435, 0.04849542118, 0.40362139265]
    ],
    [
      [0.0050091949479, 0.0057263806539, 0.00045448584335, 0.59101270187, 0.00066538309883, 0.39558611356, 0.0015457400246],
      [0.6130120944, 0.025800279651, 0.0091748689383, 0.07057678262, 0.076426400095, 0.18771399545, 0.017295578838],
      [0.078662674843, 0.01003294259, 0.023065715325, 0.001417193038, 0.75637396655, 0.035909066605, 0.094538441052],
      [0.0020735339619, 0.0078667925634, 0.0071492889419, 0.13507289217, 0.0010436587002, 0.84535478489, 0.0014390487767],
      [0.00036362441644, 0.053814218678, 0.66011529347, 0.017606926256, 0.012338662056, 0.21887190089, 0.036889374229],
      [0.018146457194, 0.50156482322, 0.025125272119, 0.13040655399, 0.0037849187183, 0.29890727231, 0.022064702457],
      [0.057956168089, 0.022407795186, 0.067879039765, 0.002117414324, 0.34952198677, 0.043713081114, 0.45640451475]
    ],
    [
      [0.0062468646106, 0.010730410353, 0.00047284410543, 0.30108252895, 0.00014986099456, 0.67855562367, 0.0027618673168],
      [0.45419748592, 0.031972079517, 0.013601537195, 0.022423464435, 0.12361043344, 0.32446463916, 0.029730360346],
      [0.0090708741831, 0.0042494053918, 0.017763457896, 8.2607542111e-05, 0.88379978581, 0.029989118651, 0.055044750523],
      [0.0081300532629, 0.0091869251111, 0.014998333327, 0.019597909421, 0.0089736214959, 0.93684521767, 0.0022679397135],
      [0.00011345743004, 0.030989542397, 0.75444037875, 0.00092406983556, 0.024783036642, 0.15587209628, 0.032877418668],
      [0.012057422741, 0.60453417477, 0.022228988036, 0.038848959739, 0.0061886714952, 0.27958356483, 0.036558218391],
      [0.016631501223, 0.01190756059, 0.064211593686, 0.00012343668281, 0.53709360289, 0.016246121948, 0.35378618298]
    ],
    [
      [0.0032228675211, 0.0044914486681, 0.00050064704299, 0.55520934211, 0.00066916784203, 0.43315793953, 0.002748587291],
      [0.42078575181, 0.022167751241, 0.010899096929, 0.065887311162, 0.23758735642, 0.21134785071, 0.03132488173],
      [0.019413070993, 0.0027318357186, 0.01017050945, 0.00050938180385, 0.8891423667, 0.014212571416, 0.063820263914],
      [0.0012718833474, 0.0057617164283, 0.0079786446478, 0.11766495885, 0.0020311867618, 0.86304636452, 0.0022452454474],
      [0.00019786796323, 0.038769250597, 0.65515433944, 0.01412224307, 0.033084971287, 0.20232982504, 0.056341502608],
      [0.012702684325, 0.44257668399, 0.030476600903, 0.1244881614, 0.012623473152, 0.33599182461, 0.041140571628],
      [0.019043665282, 0.0090947525321, 0.038059452596, 0.00035603310035, 0.52500361595, 0.014162394815, 0.39428008573]
    ],
    [
      [0.0057513951277, 0.0067571513104, 0.00016130401396, 0.52232818427, 0, 0.46197876383, 0.0030232014494],
      [0.53939281675, 0.022867882595, 0.0043948671961, 0.045639684655, 0.19001071941, 0.17522766233, 0.022466367065],
      [0.031606133479, 0.0044053305791, 0.0036859021293, 0.00038966514799, 0.88746462129, 0.013603399314, 0.058844948055],
      [0.0035976985527, 0.0082992658697, 0.0026600643192, 0.10389646605, 0, 0.87866044247, 0.0028860627333],
      [0.0010434700156, 0.070801423452, 0.51374641089, 0.016914713432, 0.044863923397, 0.2829127291, 0.069717329718],
      [0.017209743633, 0.53863044315, 0.013718588783, 0.096007663719, 0.008094055906, 0.29472635736, 0.03161314745],
      [0.030149400641, 0.012033494786, 0.020213234066, 0.00031108653647, 0.54233719621, 0.01728501124, 0.37767057652]
    ],
    [
      [0.00641272472, 0.007153913477, 0.00030522465803, 0.58450850462, 0.00077901751211, 0.39881213223, 0.002028482782],
      [0.60498996176, 0.028148058094, 0.0066213875546, 0.060363170096, 0.11502491003, 0.16351276064, 0.021339751826],
      [0.055502780736, 0.0078112409258, 0.011771611272, 0.00094011336297, 0.81828658863, 0.022742035916, 0.082945629157],
      [0.0034256030686, 0.0097219405524, 0.0058225942993, 0.1327479268, 0.00084251045023, 0.84572619198, 0.001713232854],
      [0.00081936057478, 0.073066552231, 0.58979321766, 0.01874028675, 0.023170843108, 0.23759574493, 0.056813994747],
      [0.018565653701, 0.55184744455, 0.018378296848, 0.11317049494, 0.0061912588516, 0.26411745939, 0.027729391716],
      [0.045622069277, 0.019374998315, 0.038740602777, 0.0016736365602, 0.42139024514, 0.03158449258, 0.44161395535]
    ],
    [
      [0.0059618460517, 0.00071512298879, 0.00017692390083, 0.50206408503, 0.0011506188107, 0.48927824847, 0.0006531547458],
      [0.5488643631, 0.0023100335289, 0.0052826098031, 0.052527430344, 0.17427894136, 0.20297886809, 0.013757753777],
      [0.034676767183, 0.00063999139742, 0.0064598514864, 0.00072229450571, 0.89995189231, 0.021169221056, 0.036379982065],
      [0.0023075658602, 0.00089773829078, 0.0037269779703, 0.097660696485, 0.0037521389731, 0.89119017017, 0.00046471225355],
      [0.0027228139913, 0.021693747254, 0.55113049033, 0.017922173808, 0.037207589672, 0.32869441941, 0.040628765536],
      [0.02631312887, 0.27439988663, 0.024700038718, 0.16482827609, 0.0075259009364, 0.47212526212, 0.030107506636],
      [0.03704659124, 0.0051664400828, 0.028513751381, 0.001812733839, 0.61223191558, 0.041003295282, 0.27422527259]
    ]
  ],
  "expected_outcome": [
    [
      [0.040248183485, 0.21513328698, 0.1689227368, 0.22253669976, 0.45851920969, 0.83885309872, 0.60483522212, 0.85610057211, 0.60668291561, 1.3438833892, 1.6568678468, 0.64707726404, 0.47768921928, 1.9937550596, 1.8763283708, 0.75209799988, 0.99794472371, 1.2788411882, 0.65767037143, 0.51008658191, 0.46556296416, 0.0032711841763, 0.023780448455, 0.11883713331, 0.1304679443, 0.21370215993, 0.94749760028, 0.31919890011, 0.010893254252, 1.0389251494, 0.39844916705, 1.4145591652, 1.3023906864, 0.087456104549, 1.1602323076, 0.21855301485, 2.9242024723, 0.53656614466],
      [0.074860496437, 0.94075735013, 0.2524863059, 0.31010940159, 0.66621483465, 1.2266085309, 0.78754867351, 1.5737235469, 1.4902958869, 1.8835700989, 2.0440583221, 0.56307259434, 1.0605496938, 2.4462698305, 1.609117221, 2.1007986417, 0.37525152041, 1.6847354018, 0.64599408026, 0.43007370649, 0.4182712788, 0.0036609110975, 0.11255115875, 0.093196121338, 0.1743092997, 0.28670138605, 1.587325557, 0.01580287222, 0.17381526799, 1.2749766868, 1.1585710403, 2.1453246841, 1.48885897, 0.15022574494, 1.6169215205, 0.2567717498, 3.2621845455, 0.064361068991],
      [0.13366529942, 0.15554211197, 0.025467439574, 0.028573714641, 0.050520329439, 0.044072708899, 0.074028408422, 0.11073801573, 0.068708266267, 0.12911855916, 0.20710396086, 0.064966860859, 0.10755748436, 0.19886356335, 0.19812069788, 0.12839568166, 0.010838565172, 0.1015917748, 0.064877761596, 0.046767186424, 0.055746850146, 0.00017852159803, 0.0085626255787, 0.010418316964, 0.0054010073431, 0.016168418826, 0.10776061529, 0.0019401678475, 0.2182683591, 0.08984779271, 0.080422143466, 0.12488147008, 0.11816631927, 0.006619817476, 0.18023293548, 0.0061295525304, 0.13918244406, 0.015923151075],
      [1.5375984481, 71.7790398928, 8.2761528682, 20.845134, 33.6949544748, 93.0947375772, 53.1402986694, 95.8363986329, 103.690458669, 184.8117422031, 268.0699849174, 63.2541260602, 86.0896857877, 155.9537369816, 172.9811418505, 139.6160168827, 8.4533701004, 141.3606003656, 85.0682928177, 10.904193169, 19.8628110324, 0.8437085287, 10.1510188741, 6.5994780419, 10.1034873793, 8.6864041858, 71.7465230619, 7.5154964287, 5.8687795869, 108.1063367537, 102.6612409567, 208.2254124085, 153.6633024868, 4.2151554052, 199.8753631581, 19.8484710022, 266.5358781068, 45.185767653],
      [0.018898351984, 0.85240981345, 0.0037186652736, 0.58682363896, 0.022545731745, 0.030209620958, 0.0054079212626, 0.01680581676, 0.25613079102, 0.13012009197, 0.43877102952, 0.13841243849, 0.1964187544, 0.23592525245, 0.9212053728, 0.34122785077, 0.071195436752, 0, 0.042840894728, 0.078536979175, 0.13661950534, 0.00011378307509, 0.0035493950877, 0.0066531032093, 0.0081148554015, 0.0070193134674, 0.18792916699, 0.24337269147, 0.24040251712, 0.27542862718, 0.0677359775, 0.17434799057, 0.17299960569, 0.0020980539238, 0.24090042313, 0, 0.35523198552, 0.10355569296],
      [2.1795293343, 44.9981060991, 5.2093493896, 20.9217412572, 21.8003610728, 55.4836816336, 45.2266015342, 68.2589892245, 69.7400491526, 124.2530066422, 165.1498221414, 39.1967930413, 61.0180299674, 113.3305716989, 133.6471119539, 92.7139388351, 5.0003336278, 111.9734301686, 48.3822250196, 19.5914238686, 17.6582280125, 0.1478002978, 5.681488516, 6.1052743358, 7.521880505, 10.635808302, 63.0237761859, 5.8098125081, 4.3944144908, 79.7675567491, 47.3278602353, 157.5034955785, 102.8523895254, 9.4997787314, 155.9368582304, 17.5551930256, 181.8583322972, 44.0350423622],
      [0.015199886298, 0.059011445622, 0.063902594646, 0.08508128782, 0.30688434695, 0.28183682964, 0.16127957114, 0.34724419116, 0.14767431867, 0.44855901537, 0.43339178189, 0.13555174068, 0.050069093053, 0.84087761361, 0.76697453308, 0.34752410822, 0.091066025747, 0.60080110101, 0.13809905476, 0.43891850845, 0.40276035666, 0.0012667735602, 0.019048982059, 0.066142947491, 0.056339009032, 0.15419623395, 0.39918781259, 0.094376431501, 0.093426523902, 0.44692824116, 0.30572047958, 0.4119787031, 0.40189240639, 0.038666142436, 0.98949142476, 0.11488165508, 0.92498814858, 0.058783927122]
    ],
    [
      [6.6083171291, 15.8615532882, 6.5996724567, 14.7348639713, 18.5886421789, 19.0566572424, 18.3623767561, 26.6470180355, 15.2608412469, 26.8884963345, 59.1252989894, 22.6502626953, 14.8729459637, 35.9587550058, 47.411937146, 31.0414318688, 3.7482448753, 35.6351527788, 21.798589948, 15.1351764498, 7.9798612791, 4.0529797024, 5.1040295207, 6.5056335219, 6.2113406159, 11.5473905212, 20.4578410013, 0, 0.93232937523, 22.6298344393, 12.6639763868, 52.8683600435, 34.3286772867, 2.7251849155, 26.9302881156, 6.4727138009, 128.2578718939, 20.8568457978],
