{
  "Z_true": {},
  "V_true": [
    [460, 1160, 200, 30],
    [707, 11870, 1489, 420],
    [101, 396, 14229, 300],
    [32, 407, 977, 564],
    [91, 531, 1060, 512]
  ],
  "p_true": [
    [0.2486, 0.627, 0.1081, 0.0162],
    [0.0488, 0.8194, 0.1028, 0.029],
    [0.0067, 0.0264, 0.947, 0.02],
    [0.0162, 0.2056, 0.4934, 0.2848],
    [0.0415, 0.242, 0.4831, 0.2334]
  ],
  "Z_est": [
    [
      [32.5184, 23.9406, 48.7649, 17.2348, 0, 36.1214, 6.4826, 27.8076, 4.417, 23.9213, 8.3034, 43.2475, 7.4607, 3.2457, 4.8657, 19.9823, 28.8497, 8.9518, 28.6103, 20.426, 30.3196, 16.6517, 3.5811, 11.8618, 16.9454, 7.3632, 1.6178, 0.6866, 12.0787, 13.5766, 8.3214, 1.9996, 9.1517, 9.6857, 15.1528, 17.7629, 16.5257, 32.6687, 13.5838, 16.0667, 31.1591, 2.859, 3.8643, 17.287, 2.1683, 40.0166, 10.5334, 77.0691, 16.2551],
      [23.7406, 19.8032, 40.2592, 12.4688, 4.0349, 20.6063, 3.0824, 20.7983, 5.7543, 25.7217, 6.2866, 33.4627, 7.4789, 2.2706, 6.9154, 16.4315, 24.8353, 7.6829, 20.6282, 22.5289, 21.9726, 15.576, 3.9492, 11.2788, 11.675, 7.4863, 1.5009, 0.2165, 8.9036, 10.4237, 5.2918, 6.1345, 6.196, 7.0441, 13.0759, 11.4821, 12.7075, 41.0883, 13.2541, 12.263, 24.2708, 1.452, 1.2481, 10.2375, 2.112, 55.4745, 9.8813, 38.9211, 11.8318],
      [9.741, 10.2563, 17.9759, 5.2963, 1.9651, 8.2712, 1.434, 9.394, 2.8287, 11.3409, 2.4095, 10.2306, 3.0604, 0.4837, 2.2173, 6.5862, 9.315, 3.3654, 7.7615, 9.0419, 9.7078, 6.7703, 1.4675, 4.844, 5.3796, 3.1475, 0.881, 0.0969, 4.0139, 3.9997, 2.3862, 1.8506, 2.6507, 3.2695, 5.7713, 5.755, 5.7668, 19.243, 6.1621, 5.6703, 10.5701, 0.6832, 0.8876, 4.4733, 0.7161, 22.4795, 3.5824, 17.0035, 3.9029],
      [0, 0, 3.7368e-33, 0, 0, 0.0011, 0.001, 0, 0, 0.0161, 0.0006, 0.0592, 0, 0, 0.0017, 0, 0, 0, 0, 0.0032, 0, 0.0019, 0.0021, 0.0154, 0, 0.0029, 0.0003, 0, 0.0038, 0, 0.0006, 0.0153, 0.0016, 0.0007, 0, 0, 0, 0, 0, 0, 0, 0.0057, 0, 0.0022, 0.0036, 0.0294, 0.0029, 0.0063, 0.0101]
    ],
    [
      [17.311, 9.8573, 12.9727, 6.1238, 0, 22.4634, 2.9678, 24.781, 0.5711, 11.8776, 13.1054, 12.7205, 2.4752, 5.6933, 5.0819, 12.3644, 25.5185, 2.9982, 14.1387, 7.4764, 20.7874, 8.229, 4.3448, 8.0283, 18.7226, 4.5695, 0.3714, 1.1556, 15.6751, 2.5551, 4.3496, 0, 11.4646, 17.0901, 15.6001, 13.0017, 16.2483, 11.1119, 10.241, 9.773, 5.3775, 1.101, 2.0319, 11.0713, 4.1918, 9.7527, 7.2638, 55.168, 5.4099],
      [349.7193, 283.7959, 315.2204, 119.0111, 32.2477, 327.8259, 36.5541, 529.6741, 57.4739, 465.4297, 286.8997, 242.3454, 87.7152, 153.0356, 251.1941, 288.848, 630.5966, 88.2987, 264.5403, 297.7851, 422.6924, 253.7454, 157.6706, 255.9026, 362.0499, 159.9091, 27.3379, 16.4406, 339.3149, 56.5448, 80.8676, 20.5032, 223.6417, 364.1053, 405.2203, 236.408, 363.7488, 609.5495, 332.4534, 216.4074, 114.0324, 20.1813, 16.4959, 182.0914, 144.2916, 629.9483, 205.6888, 680.8014, 102.2644],
      [26.7999, 58.77, 34.2304, 10.3005, 5.5839, 20.4657, 3.4103, 57.2576, 11.3912, 45.5816, 14.4053, 3.9672, 7.1773, 0, 7.678, 20.7333, 32.5114, 8.6284, 13.7632, 21.73, 40.4519, 23.6528, 7.2176, 21.1988, 41.6867, 13.3123, 9.7283, 1.4557, 33.9286, 3.9609, 7.4185, 0.9472, 18.2032, 42.5175, 40.046, 38.0688, 40.5221, 96.3623, 44.1881, 24.2661, 10.229, 1.7569, 10.0816, 15.3927, 0, 48.5327, 8.2771, 53.1718, 3.1644],
      [15.1698, 19.5768, 11.5765, 2.5646, 2.1683, 21.245, 3.0677, 33.2872, 1.5638, 40.111, 16.5897, 15.9669, 3.6323, 5.2711, 17.046, 10.0543, 29.3734, 5.0747, 12.5578, 17.0086, 22.0683, 16.3727, 11.767, 25.8703, 21.5408, 11.2091, 4.5625, 0.9481, 28.0813, 2.9392, 6.3643, 1.5496, 16.6905, 27.2871, 23.1336, 16.5215, 20.4809, 37.9762, 23.1175, 10.5535, 4.3611, 2.9608, 0.3906, 13.4446, 19.5166, 42.7663, 11.7703, 54.8588, 6.1613]
    ],
    [
      [1.8019, 0, 8.1721e-30, 0.5604, 0, 4.0414, 0.4285, 0, 0, 0, 0.4021, 1.8572, 0, 0.0263, 0, 0.4411, 0.2396, 0, 1.054, 0, 0.594, 0, 0, 0, 0, 0, 0, 0.1075, 0, 0.7896, 0.264, 0, 0.246, 0, 0, 0, 0, 0, 0, 0, 0.3518, 0, 0, 1.4416, 0.548, 0, 0.0939, 6.9528, 1.2726],
      [5.5214, 0, 0, 0.3076, 0, 6.6368, 0, 0, 0, 0, 4.7845, 9.2995, 1.3194, 0.291, 0.5653, 3.486, 3.6367, 0, 4.0738, 1.7904, 0.2551, 0.3944, 1.1907, 0.7321, 0, 0.4797, 0, 0.0965, 0, 3.6364, 0, 1.9448, 1.1198, 0, 0.1637, 0, 0, 0, 0, 0, 0.3162, 0.0317, 0, 1.2223, 4.663, 9.4177, 4.6253, 2.335, 5.9169],
      [509.4073, 576.7381, 616, 170.1321, 27.9183, 430.5868, 100.0654, 897.8134, 93, 721.597, 229.8838, 232.2599, 187.6806, 17.6091, 46.1799, 273.9796, 260.4297, 216.5572, 217.3953, 190.5055, 388.444, 189.8827, 77.2954, 202.3872, 413.277, 89.098, 150.8956, 131.5968, 278.3795, 175.1221, 249.6062, 52.3066, 179.7468, 309.7264, 335.0291, 357.4634, 405.3111, 1295.8308, 476.5081, 145.8073, 177.332, 92.2719, 101, 305.9091, 123.3587, 1129.4613, 169.4832, 710.3655, 139.997],
      [0.2694, 0.2619, 0, 0, 0.0817, 1.735, 0.5061, 2.1866, 0, 5.403, 0.9296, 1.5834, 0, 0.0737, 0.2547, 0.0933, 0.694, 0.4428, 0.4769, 0.704, 0.7069, 0.7229, 0.5139, 1.8806, 0.723, 0.4224, 1.1044, 0.1992, 1.6205, 0.452, 1.1299, 0.7486, 0.8874, 1.2736, 0.8071, 0.5366, 0.6889, 2.1692, 1.4919, 0.1927, 0, 2.6964, 0, 1.427, 3.4303, 7.1211, 0.7976, 3.3466, 0.8135]
    ],
    [
      [0.1475, 0.0589, 0.0583, 0.0325, 0, 0.1855, 0.0527, 0.1295, 0.0032, 0.0506, 0.08, 0.0672, 0.0279, 0.0343, 0.0135, 0.0776, 0.1329, 0.0199, 0.0889, 0.0257, 0.0875, 0.0363, 0.0259, 0.0248, 0.1199, 0.0156, 0.0037, 0.0115, 0.0829, 0.0267, 0.0209, 0, 0.042, 0.0835, 0.0881, 0.0582, 0.0856, 0.0662, 0.053, 0.0447, 0.0466, 0.0163, 0.027, 0.0841, 0.0356, 0.0525, 0.0307, 0.2, 0.0121],
      [17.7561, 15.379, 9.8846, 4.1596, 0.8337, 13.6541, 3.3299, 19.6141, 2.1296, 16.0781, 10.9001, 6.8734, 7.635, 4.3607, 4.9538, 11.677, 21.1875, 3.9677, 9.3729, 9.278, 11.7766, 9.9898, 8.6317, 6.7831, 16.0472, 4.9184, 1.3798, 1.1213, 12.9178, 3.5304, 2.662, 0.9067, 5.3999, 12.9684, 17.0498, 7.7256, 13.6876, 28.0986, 14.6318, 6.9485, 6.2443, 2.233, 2.0165, 7.9289, 7.4486, 27.1845, 5.8106, 14.2685, 1.4816],
      [29.4484, 32.2199, 17.5213, 7.1058, 1.656, 22.3888, 6.2943, 35.7303, 4.1471, 28.6081, 16.7256, 9.5165, 12.6003, 3.7812, 6.4022, 18.9362, 32.1149, 6.9981, 14.5648, 15.0597, 20.9132, 17.5006, 12.6673, 11.7622, 29.9381, 8.3495, 3.3381, 2.0401, 23.6137, 5.568, 4.8431, 1.2004, 9.327, 24.4925, 30.4272, 15.5381, 25.0836, 53.1586, 27.6336, 12.866, 10.8566, 4.266, 5.8342, 14.0006, 9.4098, 44.3914, 8.5699, 25.3221, 2.1445],
      [20.648, 26.3422, 9.5358, 2.7021, 1.5103, 22.7717, 7.3231, 31.5261, 1.72, 34.2632, 16.2943, 11.5429, 8.7368, 4.8238, 8.6305, 11.3092, 26.5647, 6.0143, 11.9733, 13.6367, 16.2227, 16.4733, 15.6751, 16.4298, 24.8948, 8.7165, 5.2784, 1.8271, 26.3857, 4.8748, 5.4741, 1.8929, 10.2311, 24.4557, 25.4349, 13.6782, 20.1431, 43.6766, 25.6815, 9.1408, 6.8526, 8.4847, 3.1224, 14.9864, 21.106, 46.3716, 8.5888, 29.2094, 2.3618]
    ],
    [
      [0.2212, 0.1432, 0.2041, 0.0485, 0, 0.1883, 0.0684, 0.2818, 0.0087, 0.1504, 0.1091, 0.1077, 0.0362, 2.0005, 0.0389, 0.1345, 0.2593, 0.0302, 0.1081, 0.0719, 0.2116, 0.083, 0.0482, 0.0852, 0.2121, 0.0517, 0.007, 0.0388, 0.1633, 0.052, 0.0441, 0.0004, 0.0957, 0.1407, 0.1591, 0.1772, 0.1404, 0.1531, 0.1222, 0.1155, 0.065, 0.0237, 0.0769, 0.1161, 0.0563, 0.1782, 0.0782, 0.6102, 0.0503],
      [31.2627, 32.022, 37.6359, 7.0529, 0.8837, 19.2769, 6.0336, 45.9134, 5.6421, 43.7705, 17.1291, 14.019, 8.8516, 16.0422, 14.3713, 22.5575, 45.7438, 6.0508, 14.3847, 23.6176, 31.3032, 20.2943, 13.5578, 22.3033, 31.2279, 16.2065, 1.7814, 4.1251, 26.8637, 7.8647, 6.1786, 2.5108, 13.6426, 22.8822, 31.4902, 25.3843, 23.8562, 52.2636, 30.6607, 19.3811, 10.1363, 3.102, 6.2394, 13.5198, 12.4849, 84.9751, 15.9939, 49.6739, 6.5053],
      [26.6033, 34.0157, 34.2724, 6.1652, 0.8766, 16.2875, 5.796, 42.8046, 5.633, 39.8724, 13.5759, 10.0257, 7.4814, 5.126, 9.5226, 18.7647, 35.6291, 5.4508, 11.5152, 19.6629, 28.4832, 18.1936, 10.3522, 19.8077, 29.7187, 14.0927, 2.1571, 3.8105, 25.0643, 6.3493, 5.7461, 1.6952, 12.0723, 21.9942, 28.7264, 26.1748, 22.3164, 50.4053, 29.508, 18.3904, 9.0124, 3.022, 9.1967, 12.2243, 8.5153, 71.1351, 12.0875, 45.1371, 4.7911],
      [5.9128, 8.8191, 5.8876, 0.7333, 0.2397, 5.2473, 2.1021, 12.0001, 0.7162, 15.2067, 4.1859, 3.8477, 1.6308, 2.8314, 4.0671, 3.5433, 9.3679, 1.4682, 2.992, 5.6475, 7.0021, 5.4291, 4.0419, 8.8037, 7.8413, 4.6491, 1.0544, 1.0256, 8.9086, 1.734, 2.0311, 0.7936, 4.1894, 6.9829, 7.6243, 7.2637, 5.6871, 13.178, 8.7091, 4.113, 1.7864, 1.8523, 1.487, 4.1398, 5.9435, 23.7116, 3.8403, 16.5788, 1.6533]
    ]
  ],
  "V_est": [
    [851.9654, 701.7393, 296.1073, 0.188],
    [505.1852, 12108.5198, 1104.125, 768.1699],
    [23.5141, 80.2538, 14868.6319, 53.6002],
    [2.7681, 454.8167, 786.8752, 735.54],
    [7.5672, 1018.6703, 899.2607, 268.5019]
  ],
  "p_est": [
    [0.4605, 0.3793, 0.1601, 0.0001],
    [0.0349, 0.8359, 0.0762, 0.053],
    [0.0016, 0.0053, 0.9895, 0.0036],
    [0.0014, 0.2297, 0.3974, 0.3715],
    [0.0034, 0.4643, 0.4099, 0.1224]
  ],
  "EI_Z": {},
  "EI_V": 6.814,
  "MAE_Z": {},
  "MAE_V": 242.1421,
  "MAE_p": 0.068,
  "runtime": 0.002
}
