{
  "Z_true": {},
  "V_true": [
    [460, 1160, 200, 30],
    [707, 11870, 1489, 420],
    [101, 396, 14229, 300],
    [32, 407, 977, 564],
    [91, 531, 1060, 512]
  ],
  "p_true": [
    [0.2486, 0.627, 0.1081, 0.0162],
    [0.0488, 0.8194, 0.1028, 0.029],
    [0.0067, 0.0264, 0.947, 0.02],
    [0.0162, 0.2056, 0.4934, 0.2848],
    [0.0415, 0.242, 0.4831, 0.2334]
  ],
  "Z_est": [
    [
      [32.561, 24.2572, 48.972, 17.3189, 1.0352e-31, 36.1853, 6.5292, 27.9423, 4.4615, 24.018, 8.2712, 43.0849, 7.4848, 3.1522, 4.7724, 19.9642, 28.6845, 9.0033, 28.5775, 20.4018, 30.422, 16.7014, 3.5583, 11.876, 17.0378, 7.359, 1.6663, 0.6975, 12.1265, 13.5832, 8.368, 2, 9.1587, 9.7374, 15.2038, 17.9144, 16.6075, 32.9809, 13.6828, 16.1415, 31.4668, 2.8939, 3.943, 17.3624, 2.1484, 39.9589, 10.4641, 77.3015, 16.1875],
      [27.1582, 23.0003, 46.3331, 14.2042, 4.6725, 23.4927, 3.5454, 23.9991, 6.6703, 29.6582, 7.1819, 37.5421, 8.5335, 2.5522, 7.8154, 18.7868, 28.3222, 8.8139, 23.4063, 25.7299, 25.2676, 17.8685, 4.4947, 12.9885, 13.4673, 8.6137, 1.7581, 0.2444, 10.264, 11.8705, 6.0987, 6.8275, 7.1285, 8.1316, 15.0439, 13.3403, 14.637, 47.4931, 15.3186, 14.1436, 27.3437, 1.6635, 1.48, 11.7437, 2.3941, 63.6966, 11.2652, 44.7449, 13.3978],
      [6.2808, 6.7424, 11.695, 3.4769, 1.3275, 5.322, 0.925, 6.0586, 1.8682, 7.3059, 1.5467, 6.3105, 1.9816, 0.2956, 1.4107, 4.249, 5.9933, 2.1828, 5.0161, 5.8678, 6.3104, 4.4302, 0.9451, 3.1182, 3.4949, 2.0247, 0.5752, 0.0581, 2.6058, 2.5464, 1.5325, 1.1562, 1.7112, 2.1307, 3.7522, 3.7453, 3.7555, 12.526, 3.9986, 3.7148, 7.1895, 0.4365, 0.577, 2.8917, 0.4537, 14.3143, 2.2681, 10.9408, 2.4038],
      [0, 0, 0, 0, 0, 0, 0.0004, 0, 0, 0.0178, 0.0002, 0.0625, 0, 0, 0.0015, 0, 0, 0, 0, 0.0005, 0, 0, 0.0019, 0.0173, 0, 0.0026, 0.0003, 0, 0.0037, 0, 0.0009, 0.0163, 0.0016, 0.0003, 0, 0, 0, 0, 0, 0, 0, 0.0061, 0, 0.0022, 0.0038, 0.0302, 0.0026, 0.0128, 0.0108]
    ],
    [
      [18.6944, 9.7428, 12.9796, 6.6572, 0, 22.9163, 3.365, 24.9714, 0.5385, 11.982, 13.3671, 13.0722, 2.5098, 4.9867, 5.2237, 12.9763, 26.0645, 2.989, 14.498, 7.5982, 21.5013, 8.2972, 4.4372, 8.124, 18.8852, 4.641, 0.333, 1.2411, 15.8289, 2.6367, 4.617, 0, 11.6498, 17.2229, 15.7585, 13.041, 16.3485, 11.0191, 10.3124, 9.8274, 5.5042, 1.1002, 2.0377, 11.5148, 3.6543, 10.0411, 7.4513, 56.513, 5.5456],
      [351.1812, 283.6173, 314.0751, 118.0565, 31.657, 328.8283, 36.5648, 531.1958, 57.1642, 466.8141, 288.3656, 242.0042, 88.0759, 154.3818, 252.3474, 289.9166, 632.8796, 87.5925, 264.4296, 298.5803, 423.2756, 253.8571, 158.5365, 257.9695, 362.8784, 161.257, 27.2297, 16.6186, 340.6212, 56.7901, 80.8011, 20.5961, 225.128, 364.9504, 405.9481, 237.8397, 363.6635, 607.535, 333.2716, 216.7995, 112.1547, 20.1947, 16.9092, 182.9449, 145.7919, 635.7055, 206.947, 684.477, 102.4907],
      [26.2933, 62.0352, 37.3035, 11.2009, 6.2961, 20.3695, 3.3052, 57.8304, 12.0402, 46.5812, 13.8755, 4.6671, 7.6797, 0, 7.3459, 20.5166, 32.2923, 9.7191, 14.5097, 22.0899, 40.9274, 24.8098, 7.2519, 20.4809, 42.9627, 12.7792, 10.0953, 1.323, 34.5235, 3.8471, 7.4793, 0.9339, 17.451, 43.5022, 41.2927, 38.1383, 42.3957, 102.052, 45.1397, 24.9353, 12.8541, 1.998, 10.053, 14.9851, 0, 45.7112, 7.5877, 50.8388, 2.9464],
      [12.831, 16.6047, 9.6418, 2.0854, 2.0469, 19.8859, 2.7649, 31.0023, 1.2571, 37.6227, 15.3918, 15.2565, 2.7347, 4.6315, 16.0831, 8.5905, 26.7636, 4.6994, 11.5628, 15.7315, 20.2957, 15.0359, 10.7744, 24.4255, 19.2737, 10.3228, 4.3421, 0.8173, 26.0265, 2.7261, 6.1026, 1.47, 15.7712, 25.3245, 21.0006, 14.981, 18.5924, 34.3939, 21.2763, 9.4378, 3.487, 2.7071, 0, 12.5552, 18.5538, 39.5422, 11.014, 52.1712, 6.0173]
    ],
    [
      [0.623, 0, 0, 0, 0, 3.7398, 0.0531, 0, 0, 0, 0.3069, 1.7691, 0, 0.0132, 0, 0, 0.1445, 0, 0.8504, 0, 0, 0, 0, 0, 0, 0, 0, 0.0501, 0, 0.7547, 0, 0, 0.1571, 0, 0, 0, 0, 0, 0, 0, 0, 0, 0, 1.0562, 1.1757, 0, 0.0591, 5.8518, 1.2447],
      [2.8448, 0, 0, 0, 0, 4.0156, 0, 0, 0, 0, 3.5503, 7.199, 0, 0.1392, 0.2619, 1.8143, 2.1636, 0, 2.4711, 0.5336, 0, 0, 0.6981, 0, 0, 0.0503, 0, 0.3268, 0, 2.7405, 0, 1.4938, 0.326, 0, 0, 0, 0, 0, 0, 0, 0, 0, 0, 0, 3.9152, 5.4727, 3.7897, 0, 5.1182],
      [513.5323, 577, 616, 171, 27.9906, 434.7333, 100.7894, 899.9451, 93, 723.4636, 231.8419, 235.2007, 189, 17.8352, 46.6495, 276.1857, 262.6392, 217, 219.6786, 192.2609, 390, 190.797, 78.0469, 203.7482, 414, 89.7785, 151.2522, 131.6231, 279.1824, 176.5047, 250.4577, 52.9259, 181.1218, 310.5611, 336, 358, 406, 1298, 477.7414, 146, 178, 92.6069, 101, 308.3624, 123.9649, 1136.3091, 170.8155, 715.7943, 141.217],
      [0, 0, 0, 0, 0.0094, 0.5114, 0.1575, 0.0549, 0, 3.5364, 0.3008, 0.8313, 0, 0.0124, 0.0886, 0, 0.0526, 0, 0, 0.2055, 0, 0.203, 0.255, 1.2518, 0, 0.1713, 0.7478, 0, 0.8176, 0, 0.5423, 0.5802, 0.3951, 0.4389, 0, 0, 0, 0, 0.2586, 0, 0, 2.3931, 0, 0.5814, 2.9441, 4.2181, 0.3357, 1.3539, 0.42]
    ],
    [
      [0.059, 0, 0.0143, 0.0114, 3.4479e-32, 0.0966, 0.0286, 0.0331, 0, 0, 0.0283, 0.0343, 0.001, 0.013, 0.0012, 0.0261, 0.0435, 0.0031, 0.0407, 0, 0.0271, 0, 0, 0, 0.0338, 0, 0, 0.0032, 0.0174, 0.0104, 0.0059, 0, 0.0128, 0.0166, 0.0148, 0.0141, 0.0195, 0, 0, 0.0109, 0.0144, 0.002, 0.0067, 0.0348, 0.01, 0, 0.0087, 0.0941, 0.0046],
      [21.2847, 18.6873, 11.9409, 5.0122, 0.9748, 16.0608, 4.0156, 23.5214, 2.6076, 19.0835, 12.8808, 7.883, 9.1678, 5.0353, 5.7315, 14.0155, 25.1298, 4.7033, 11.0164, 10.9782, 14.0836, 11.8892, 10.1822, 8.0043, 19.362, 5.874, 1.6164, 1.3721, 15.4215, 4.1766, 3.1222, 1.0349, 6.3738, 15.4982, 20.4748, 9.3443, 16.4111, 33.7629, 17.6123, 8.3858, 7.3958, 2.6571, 2.6097, 9.3927, 8.6476, 32.453, 6.8421, 16.7704, 1.6982],
      [24.0784, 26.504, 14.3552, 5.903, 1.3493, 18.1055, 5.1378, 28.8696, 3.4451, 22.8979, 13.4678, 7.6161, 10.3634, 2.9079, 5.0584, 15.523, 26.1021, 5.6494, 11.875, 12.2406, 17.0199, 14.3096, 10.2609, 9.3817, 24.486, 6.738, 2.6281, 1.6001, 19.1463, 4.4927, 3.8252, 0.937, 7.4681, 19.9197, 24.8912, 12.6232, 20.4724, 43.2458, 22.4763, 10.5766, 9.0602, 3.4193, 4.9139, 11.3014, 7.3475, 35.594, 6.8408, 20.2542, 1.6836],
      [22.5779, 28.8087, 10.6896, 3.0734, 1.676, 24.7371, 7.8181, 34.5759, 1.9473, 37.0187, 17.623, 12.4666, 9.4678, 5.0438, 9.209, 12.4353, 28.7246, 6.6442, 13.0679, 14.7811, 17.8694, 17.8013, 16.5569, 17.6141, 27.1182, 9.388, 5.7555, 2.0246, 28.4148, 5.3203, 6.0467, 2.0281, 11.1453, 26.5655, 27.6191, 15.0184, 22.097, 47.9913, 27.9115, 10.0267, 7.5295, 8.9215, 3.4696, 16.271, 21.9949, 49.953, 9.3084, 31.8813, 2.6137]
    ],
    [
      [0.0626, 0, 0.0341, 0.0125, 0, 0.062, 0.0241, 0.0532, 0, 0, 0.0265, 0.0395, 0.0044, 2.8349, 0.0028, 0.0333, 0.063, 0.0046, 0.0335, 0, 0.0496, 0.0014, 0.0045, 0, 0.0432, 0, 0.0007, 0.0081, 0.0272, 0.015, 0.0091, 0, 0.0216, 0.0231, 0.0229, 0.0305, 0.0246, 0, 0.0048, 0.0202, 0.0146, 0.0039, 0.0125, 0.0318, 0.0115, 0, 0.0168, 0.2396, 0.0175],
      [25.5311, 25.6951, 30.6509, 5.727, 0.6958, 15.6026, 4.8742, 37.2837, 4.5579, 35.4442, 14.0214, 11.3717, 7.2228, 13.8915, 11.8439, 18.4668, 37.5048, 4.8903, 11.6766, 19.1779, 25.3732, 16.3853, 11.0886, 18.0377, 25.2924, 13.2052, 1.3958, 3.4381, 21.6933, 6.4223, 4.978, 2.0477, 11.0438, 18.4198, 25.5331, 20.4756, 19.2884, 42.2089, 24.7975, 15.671, 8.1057, 2.4847, 5.001, 10.9186, 10.2512, 69.6722, 13.1559, 40.0078, 5.295],
      [31.8152, 39.7183, 40.6464, 7.4192, 1.0365, 19.4697, 6.8425, 50.2962, 6.6465, 46.7515, 16.268, 12.2056, 8.9753, 5.9613, 11.5355, 22.5257, 42.9731, 6.4488, 13.9207, 23.5407, 33.7423, 21.6534, 12.4952, 23.271, 35.0564, 16.6796, 2.4492, 4.3957, 29.5421, 7.6091, 6.7054, 2.0469, 14.2479, 25.8864, 34.0638, 30.4933, 26.3764, 59.1762, 34.6442, 21.7733, 10.8962, 3.5393, 10.456, 14.4593, 10.2339, 84.0714, 14.4879, 53.1719, 5.7492],
      [6.5911, 9.5866, 6.6686, 0.8412, 0.2677, 5.8656, 2.2592, 13.3669, 0.7956, 16.8044, 4.6841, 4.3831, 1.7975, 3.3123, 4.6178, 3.9742, 10.4591, 1.6564, 3.3693, 6.2813, 7.8349, 5.9599, 4.4117, 9.6913, 8.608, 5.1153, 1.1542, 1.1581, 9.7374, 1.9536, 2.3075, 0.9054, 4.6868, 7.6707, 8.3803, 8.0006, 6.3106, 14.6148, 9.5535, 4.5355, 1.9835, 1.9722, 1.5304, 4.5903, 6.5034, 26.2564, 4.3394, 18.5807, 1.9382]
    ]
  ],
  "V_est": [
    [854.1916, 804.148, 191.464, 0.1964],
    [514.2169, 12140.9104, 1125.2464, 705.6263],
    [17.8494, 48.9248, 14935.557, 23.6689],
    [0.7963, 542.1988, 638.3631, 798.6418],
    [3.9458, 827.8179, 1064.3696, 297.8667]
  ],
  "p_est": [
    [0.4617, 0.4347, 0.1035, 0.0001],
    [0.0355, 0.8381, 0.0777, 0.0487],
    [0.0012, 0.0033, 0.994, 0.0016],
    [0.0004, 0.2738, 0.3224, 0.4034],
    [0.0018, 0.3773, 0.4851, 0.1358]
  ],
  "EI_Z": {},
  "EI_V": 6.552,
  "MAE_Z": {},
  "MAE_V": 232.8314,
  "MAE_p": 0.0623,
  "runtime": 0.003
}
