{
  "X": [
    [6, 2, 7, 9, 5, 8, 10, 10, 29, 14],
    [11, 3, 4, 13, 6, 7, 5, 16, 26, 9],
    [6, 5, 8, 17, 4, 11, 8, 8, 27, 6],
    [10, 4, 8, 7, 4, 11, 6, 19, 22, 9],
    [9, 5, 6, 18, 2, 5, 8, 7, 26, 14],
    [6, 5, 3, 15, 7, 3, 9, 15, 28, 9],
    [5, 3, 0, 21, 3, 7, 6, 8, 38, 9],
    [2, 8, 1, 14, 3, 9, 9, 19, 31, 4],
    [5, 2, 1, 23, 5, 4, 9, 12, 27, 12],
    [6, 8, 2, 13, 7, 4, 6, 12, 34, 8],
    [6, 0, 3, 18, 2, 4, 13, 12, 34, 8],
    [5, 5, 4, 17, 3, 3, 5, 9, 42, 7],
    [8, 3, 6, 13, 6, 5, 9, 10, 29, 11],
    [8, 2, 3, 13, 5, 5, 7, 11, 33, 13],
    [9, 7, 9, 11, 5, 5, 8, 15, 25, 6],
    [7, 3, 6, 24, 7, 6, 4, 10, 29, 4],
    [11, 4, 4, 18, 7, 4, 7, 10, 23, 12],
    [6, 7, 0, 5, 7, 12, 12, 13, 34, 4],
    [8, 5, 1, 11, 11, 7, 16, 12, 19, 10],
    [11, 4, 5, 8, 7, 12, 10, 10, 27, 6],
    [5, 3, 3, 8, 11, 9, 18, 8, 30, 5],
    [14, 3, 7, 11, 6, 3, 17, 11, 22, 6],
    [5, 3, 3, 9, 11, 7, 21, 4, 32, 5],
    [6, 3, 4, 10, 4, 6, 18, 15, 26, 8],
    [6, 7, 2, 16, 10, 4, 17, 11, 23, 4],
    [7, 5, 2, 12, 8, 6, 12, 15, 23, 10],
    [8, 8, 2, 9, 3, 6, 16, 9, 30, 9],
    [8, 4, 5, 9, 10, 4, 22, 14, 16, 8],
    [10, 5, 1, 9, 8, 8, 18, 11, 18, 12],
    [4, 2, 3, 13, 3, 7, 20, 9, 31, 8],
    [8, 6, 7, 8, 5, 8, 14, 11, 26, 7],
    [12, 6, 5, 9, 7, 6, 19, 6, 22, 8],
    [7, 3, 5, 15, 7, 7, 16, 11, 20, 9],
    [7, 8, 3, 14, 7, 10, 13, 11, 23, 4],
    [5, 9, 4, 18, 10, 6, 12, 5, 24, 7],
    [7, 12, 5, 16, 7, 11, 12, 11, 16, 3],
    [13, 11, 3, 17, 5, 10, 13, 8, 18, 2],
    [5, 13, 5, 24, 10, 7, 14, 7, 10, 5],
    [8, 12, 3, 16, 10, 7, 14, 10, 16, 4],
    [6, 13, 5, 24, 7, 7, 10, 7, 17, 4],
    [7, 9, 7, 20, 4, 5, 12, 7, 23, 6],
    [3, 9, 6, 21, 9, 11, 12, 10, 16, 3],
    [7, 7, 7, 18, 5, 17, 13, 8, 17, 1],
    [11, 9, 7, 16, 11, 9, 8, 12, 13, 4],
    [6, 9, 1, 21, 11, 12, 9, 9, 17, 5],
    [9, 7, 5, 17, 8, 7, 7, 8, 26, 6],
    [5, 6, 5, 21, 7, 9, 8, 19, 15, 5],
    [5, 12, 3, 17, 8, 7, 10, 13, 22, 3],
    [5, 6, 5, 21, 5, 9, 20, 10, 14, 5],
    [3, 20, 4, 14, 8, 11, 12, 10, 14, 4]
  ],
  "W": [
    [64, 19, 17],
    [64, 19, 17],
    [68, 20, 12],
    [65, 20, 15],
    [66, 15, 19],
    [62, 23, 15],
    [74, 14, 12],
    [59, 18, 23],
    [70, 17, 13],
    [60, 19, 21],
    [62, 24, 14],
    [69, 17, 14],
    [66, 16, 18],
    [68, 13, 19],
    [67, 14, 19],
    [64, 19, 17],
    [53, 34, 13],
    [15, 77, 8],
    [18, 63, 19],
    [20, 61, 19],
    [14, 73, 13],
    [18, 61, 21],
    [19, 74, 7],
    [16, 72, 12],
    [25, 52, 23],
    [14, 69, 17],
    [17, 70, 13],
    [15, 70, 15],
    [15, 61, 24],
    [13, 70, 17],
    [21, 65, 14],
    [19, 63, 18],
    [18, 64, 18],
    [15, 41, 44],
    [25, 14, 61],
    [17, 18, 65],
    [16, 15, 69],
    [13, 15, 72],
    [14, 17, 69],
    [19, 12, 69],
    [23, 15, 62],
    [14, 16, 70],
    [17, 13, 70],
    [23, 13, 64],
    [14, 15, 71],
    [19, 13, 68],
    [19, 12, 69],
    [16, 14, 70],
    [13, 21, 66],
    [12, 17, 71]
  ],
  "method": "mult",
  "cond_prob": [
    [
      [0.05912854799, 0.0074536449576, 0.076062658308, 0.09434928298, 0.027872065933, 0.05809418748, 0.039842015926, 0.10921621968, 0.35124337616, 0.17673800059],
      [0.065278224202, 0.013812606502, 0.036731604191, 0.030131076846, 0.078448641932, 0.086792729194, 0.25282766011, 0.084757541755, 0.23812269826, 0.11309721701],
      [0.057381568755, 0.074148658775, 0.084358199333, 0.14053855466, 0.10150962256, 0.15487706745, 0.15566973169, 0.082339332177, 0.11741721524, 0.031760049363]
    ],
    [
      [0.10712715048, 0.012181402608, 0.04360016795, 0.13785413052, 0.03301397337, 0.050941917786, 0.018249497605, 0.17340295655, 0.31141158039, 0.11221722274],
      [0.12943504837, 0.022810440648, 0.02288455649, 0.048006295688, 0.10187915531, 0.082400830093, 0.13638457284, 0.14683778817, 0.23080929763, 0.07855201476],
      [0.099093908832, 0.10511716828, 0.045575451638, 0.19207153109, 0.11478833844, 0.12788832294, 0.072983839373, 0.12425251798, 0.099075423526, 0.019153497906]
    ],
    [
      [0.059954400268, 0.029670761282, 0.090753177818, 0.19307141375, 0.025790458864, 0.090629841648, 0.034118520133, 0.08769042928, 0.31617389917, 0.072147097786],
      [0.069220589317, 0.045333254617, 0.045406018131, 0.063925921361, 0.071467045092, 0.13540365014, 0.22319335755, 0.071212547271, 0.22603906816, 0.048798548349],
      [0.04489074962, 0.17297692837, 0.076721962146, 0.21605211982, 0.06807565795, 0.17742481376, 0.10133945665, 0.051066655296, 0.081616124426, 0.0098355319638]
    ],
    [
      [0.099136380418, 0.019123761893, 0.089275034588, 0.076864737873, 0.023765009742, 0.084838012051, 0.024077659571, 0.20839266531, 0.26309313142, 0.11143360713],
      [0.11388974448, 0.031723651453, 0.044625273562, 0.025454755058, 0.067261780668, 0.12841440059, 0.15917753499, 0.1683151659, 0.18648188684, 0.074655806452],
      [0.085222692218, 0.14149882986, 0.08697448537, 0.099646462472, 0.074002583563, 0.19448274698, 0.08342676187, 0.13921156243, 0.077953914725, 0.017579960505]
    ],
    [
      [0.088512031838, 0.019753448876, 0.064143149595, 0.18489624548, 0.011250573124, 0.036378377456, 0.031384157047, 0.075852365061, 0.31244206672, 0.1753875848],
      [0.10814922293, 0.036973913758, 0.034009949693, 0.065063608423, 0.035042573748, 0.059381633022, 0.2380426985, 0.064936508602, 0.23421150433, 0.124188387],
      [0.08084039762, 0.16535071936, 0.06612646744, 0.25373124588, 0.038517029874, 0.089910662768, 0.1241055346, 0.053668225102, 0.098192159562, 0.029557557794]
    ],
    [
      [0.059266013186, 0.023750382612, 0.034065751426, 0.16850077756, 0.040382542606, 0.022896821434, 0.034042820621, 0.16566626172, 0.33855600113, 0.1128726277],
      [0.067951953345, 0.039268023627, 0.016997350009, 0.055694041362, 0.11384606008, 0.034580138893, 0.22318991189, 0.13355648808, 0.23946583647, 0.075450196246],
      [0.050840817034, 0.17495411564, 0.033132290757, 0.21813258932, 0.12518819844, 0.052336925102, 0.1170651432, 0.11045950318, 0.10012091275, 0.017769504586]
    ],
    [
      [0.048728059917, 0.01472323534, 0, 0.21941510673, 0.018634156944, 0.054854557363, 0.025582865363, 0.084349576937, 0.42925232261, 0.1044601188],
      [0.060854331515, 0.028245188347, 0, 0.078750780458, 0.059786151803, 0.091710231241, 0.20317226657, 0.073722740589, 0.32830866125, 0.075449648223],
      [0.045180243745, 0.12625399567, 0, 0.30506426464, 0.065338855079, 0.13806829315, 0.10520468593, 0.060501078204, 0.13658390578, 0.017804677813]
    ],
    [
      [0.02029563999, 0.033655089027, 0.011193213816, 0.15006501273, 0.017062324752, 0.066391405239, 0.035977080035, 0.21540568468, 0.39623443099, 0.053720118744],
      [0.023262815612, 0.05235369294, 0.0055711738638, 0.04949724853, 0.047133520277, 0.0989012879, 0.23244025769, 0.17370123264, 0.28109135229, 0.036047418262],
      [0.016688111285, 0.22052101193, 0.010405185012, 0.18500929459, 0.049779107593, 0.14359495255, 0.11710554954, 0.1375844529, 0.11141409697, 0.0078982376255]
    ],
    [
      [0.049146712333, 0.00970461284, 0.01087282329, 0.24612784484, 0.030536828286, 0.031197005569, 0.037670139479, 0.12883515726, 0.31269361972, 0.14321525639],
      [0.05786527912, 0.017193048515, 0.0055679197052, 0.0835873359, 0.090444386085, 0.048857000792, 0.26558156567, 0.1064758351, 0.22644245873, 0.097985170378],
      [0.044309260898, 0.079107328958, 0.011095979595, 0.33462047317, 0.10191288127, 0.07581850744, 0.14216950924, 0.090111522704, 0.097071140063, 0.023783396661]
    ],
    [
      [0.059281744177, 0.031753307283, 0.022056613131, 0.13804340295, 0.03795383196, 0.028706403006, 0.021855288361, 0.13292230629, 0.4230440905, 0.10438301234],
      [0.071148434604, 0.055345113882, 0.011490597198, 0.0477233106, 0.11364618025, 0.045508530671, 0.15773470182, 0.11194260967, 0.31256849376, 0.072892027544],
      [0.051965480566, 0.2401544952, 0.021822945971, 0.18145966294, 0.12207107894, 0.06728351128, 0.080558255416, 0.090369144707, 0.12755015182, 0.016765273158]
    ],
    [
      [0.057362643649, 0, 0.033017747155, 0.19467392163, 0.010414708677, 0.028361109939, 0.044001941506, 0.12911517749, 0.40411618578, 0.098936564176],
      [0.066902404586, 0, 0.016785904237, 0.06525621113, 0.0318635237, 0.045244287694, 0.31334245199, 0.10559164967, 0.28838522461, 0.066628342378],
      [0.059847027409, 0, 0.039288426766, 0.311719128, 0.042111678087, 0.082553448508, 0.19654719849, 0.10433281453, 0.14453936364, 0.019060914573]
    ],
    [
      [0.047420843473, 0.020799706301, 0.042494120516, 0.17724577799, 0.016330709426, 0.021801143974, 0.01679718207, 0.094350832021, 0.47997976734, 0.082779916887],
      [0.063445253248, 0.0451524813, 0.024495979143, 0.067855765032, 0.058391219814, 0.039589534259, 0.15915011581, 0.087933111567, 0.39044870505, 0.063537834782],
      [0.046385178222, 0.19980200594, 0.046533859925, 0.25832095095, 0.062895022339, 0.058764213101, 0.081103033461, 0.071066406707, 0.16026914768, 0.014860181677]
    ],
    [
      [0.079663513389, 0.011991523947, 0.064757091809, 0.1348859407, 0.034875088163, 0.037098982959, 0.038207303822, 0.10937852864, 0.35066763162, 0.13847439495],
      [0.088888588457, 0.020980552214, 0.031562180587, 0.043587508082, 0.097735399508, 0.055366996338, 0.24545766633, 0.085806341805, 0.24080302627, 0.089811740405],
      [0.073332816724, 0.10404836578, 0.067835391734, 0.18889598802, 0.1185820994, 0.09253306574, 0.14172196036, 0.078228646728, 0.11128266069, 0.023539004824]
    ],
    [
      [0.077532415037, 0.0060254476958, 0.030840727954, 0.126403972, 0.026543521837, 0.034401797075, 0.027417145455, 0.11694277688, 0.39231950393, 0.16157269213],
      [0.091479643966, 0.013782982295, 0.015891200781, 0.043380169849, 0.084695467191, 0.056482157767, 0.20779843993, 0.096449173428, 0.28101753994, 0.10902322486],
      [0.080976863469, 0.07426793615, 0.03664446784, 0.20213619451, 0.11021049692, 0.10138998673, 0.12811865211, 0.094423785139, 0.14047609018, 0.031355526946]
    ],
    [
      [0.092166121906, 0.033915501144, 0.099032741897, 0.11680609307, 0.031837052654, 0.039475508764, 0.037993523289, 0.1672015246, 0.3054802412, 0.076091691486],
      [0.10219813112, 0.05004171487, 0.047742042597, 0.037234459744, 0.084087818864, 0.056570702018, 0.23136309653, 0.13068233955, 0.21045375047, 0.049625944237],
      [0.073373473508, 0.21195144291, 0.089285141922, 0.13961628042, 0.088930947793, 0.082271109714, 0.11659739938, 0.10357605781, 0.083498491221, 0.010899655324]
    ],
    [
      [0.067273038719, 0.013587968924, 0.065806538498, 0.25887856427, 0.038050186388, 0.043947190807, 0.012960545052, 0.10750331324, 0.3428508746, 0.049141779508],
      [0.090209265419, 0.025498012755, 0.03785414863, 0.098804961547, 0.13040488717, 0.077670312331, 0.11932971271, 0.10056758542, 0.28151908038, 0.038142033651],
      [0.057679381119, 0.096818102735, 0.062891336008, 0.3267339775, 0.12277030676, 0.10068493259, 0.053132975014, 0.071117872345, 0.10051067639, 0.0076604395369]
    ],
    [
      [0.10214012192, 0.018599508596, 0.047279355114, 0.21798435836, 0.033858837918, 0.028326470427, 0.017823742217, 0.10856842245, 0.2756705739, 0.1497486091],
      [0.12980894497, 0.034279522701, 0.026079051247, 0.080403422135, 0.10997016411, 0.047767166337, 0.15004669781, 0.09656307449, 0.2148397494, 0.11024220681],
      [0.090236108424, 0.14220940558, 0.04673126435, 0.28562405035, 0.11280738543, 0.067277954762, 0.073365687459, 0.07405608288, 0.083454469515, 0.024237591247]
    ],
    [
      [0.053889104123, 0.034324926679, 0, 0.09844055738, 0.026669128837, 0.078911189072, 0.021489313533, 0.15652987998, 0.4709236201, 0.058822280292],
      [0.062715442927, 0.058284146949, 0, 0.032777427123, 0.077212107889, 0.12199806111, 0.14403372228, 0.12773529437, 0.33569568297, 0.039548114378],
      [0.045321791592, 0.24965584809, 0, 0.12494121886, 0.081828844996, 0.17781018228, 0.073382960197, 0.10205426672, 0.13594726369, 0.0090576235675]
    ],
    [
      [0.075819628297, 0.019187875766, 0.014920165861, 0.17596423535, 0.043280037198, 0.044874189165, 0.032531352973, 0.14910484518, 0.28307116704, 0.16124650317],
      [0.085836333314, 0.031450351896, 0.0072756264068, 0.056168940742, 0.12176184797, 0.067423323823, 0.21097262148, 0.11817906427, 0.19580682262, 0.10512506748],
      [0.064608299571, 0.14069716141, 0.01437223952, 0.22600002615, 0.13420857413, 0.10234711548, 0.11174528911, 0.098464828309, 0.08257311413, 0.024983352188]
    ],
    [
      [0.098270300489, 0.014309409481, 0.069253876404, 0.11804958026, 0.026012479518, 0.072529563249, 0.019079382141, 0.11642932923, 0.37582106522, 0.090245014011],
      [0.11985703965, 0.025048214136, 0.036750834232, 0.041302998898, 0.078820206817, 0.11699784147, 0.13516984107, 0.099806560095, 0.28224779346, 0.063998670166],
      [0.090700766923, 0.11504582885, 0.072269557041, 0.16418555063, 0.087985147043, 0.17960738975, 0.072265897455, 0.083327013131, 0.11928754183, 0.01532530735]
    ],
    [
      [0.046080824857, 0.012889351479, 0.047914568427, 0.1469370039, 0.041953550612, 0.058182688138, 0.0335461516, 0.098701845702, 0.43583788019, 0.077956135098],
      [0.052322539206, 0.020777487125, 0.023284559745, 0.046117849358, 0.11828600015, 0.087306225724, 0.21859459511, 0.078484118268, 0.30355878853, 0.051267836785],
      [0.041178699229, 0.10021480917, 0.048417167739, 0.19817530325, 0.13675171389, 0.13939137601, 0.12099603343, 0.068371809738, 0.13372908575, 0.012774001796]
    ],
    [
      [0.12551712383, 0.010081246815, 0.096852555677, 0.16029949109, 0.021934116029, 0.017802255346, 0.032502712708, 0.12915708945, 0.31300756556, 0.092845843495],
      [0.15135887861, 0.017101818557, 0.05031614253, 0.05388645351, 0.065574277581, 0.028272224284, 0.22580317526, 0.10941059164, 0.23294829839, 0.065328139633],
      [0.11941905598, 0.084539363112, 0.10416044302, 0.22988264268, 0.076435951382, 0.045473986783, 0.12575988001, 0.09529172856, 0.10266750564, 0.016369442833]
    ],
    [
      [0.046862504463, 0.015879896695, 0.049467947912, 0.1778609723, 0.045087403946, 0.048819073139, 0.041179789181, 0.04953063211, 0.45088851828, 0.074423261976],
      [0.051767578605, 0.025355485622, 0.023335293361, 0.054325801351, 0.12389061049, 0.071543809888, 0.25996011519, 0.038247663624, 0.30421114191, 0.047362499959],
      [0.03983022835, 0.11742514668, 0.047613897283, 0.22864746091, 0.13934773553, 0.11117081124, 0.14007649737, 0.032655840244, 0.13164195019, 0.011590432208]
    ],
    [
      [0.051076237888, 0.012206475338, 0.058644256159, 0.16893019375, 0.014213888532, 0.036182737558, 0.030871984882, 0.17004071997, 0.34448709728, 0.11334640864],
      [0.063686625497, 0.021587663541, 0.031753190406, 0.059950497605, 0.043929627301, 0.059507406675, 0.22259861333, 0.14913491175, 0.26531815215, 0.082533311744],
      [0.049778596499, 0.1041987183, 0.064621849351, 0.24839008936, 0.050803718151, 0.094711909875, 0.12324567351, 0.12846956953, 0.11544162406, 0.020338251351]
    ],
    [
      [0.058968290352, 0.026974251151, 0.028179559598, 0.2306067872, 0.042428872105, 0.026437499149, 0.038983335749, 0.13747220186, 0.34498324392, 0.064965958924],
      [0.066578022859, 0.044847997611, 0.013856535522, 0.076398438412, 0.11873081535, 0.039792808019, 0.25342638871, 0.10852133578, 0.23608650891, 0.041761148816],
      [0.04624937185, 0.17363251502, 0.024998746213, 0.27226571837, 0.12022938257, 0.055210282797, 0.12379323449, 0.083481977954, 0.091257410369, 0.008881360369]
    ],
    [
      [0.059050274539, 0.017870934171, 0.028177487867, 0.18727133727, 0.027362605771, 0.0344506101, 0.020182249614, 0.16902298325, 0.31052099712, 0.1460905203],
      [0.075841110572, 0.03327462842, 0.015912865535, 0.070767065444, 0.08725273589, 0.058645915472, 0.15064099982, 0.15284770448, 0.24571422628, 0.10910274809],
      [0.05530938394, 0.14434456239, 0.029854555763, 0.26442786839, 0.093910867223, 0.086536664177, 0.077836442241, 0.12277568386, 0.099907319236, 0.025096652784]
    ],
    [
      [0.069767441976, 0.032985073908, 0.029502243788, 0.1509787401, 0.010975420758, 0.036965320574, 0.028397610314, 0.10404264852, 0.40602611496, 0.1303593851],
      [0.08572337073, 0.05884821366, 0.015852981717, 0.054014078088, 0.03350350528, 0.060236337635, 0.20226862258, 0.089871903705, 0.30674714465, 0.092933841961],
      [0.062562887333, 0.25537529133, 0.029904087339, 0.20402891939, 0.036013267502, 0.088849685832, 0.10449515725, 0.072326285836, 0.12501968618, 0.021424732007]
    ],
    [
      [0.076851789025, 0.017129923488, 0.080795879343, 0.16333434029, 0.039808930648, 0.026640235936, 0.043617687598, 0.17897536336, 0.24239082208, 0.13045502824],
      [0.084089853732, 0.027053250766, 0.037799748757, 0.049563865206, 0.10844548898, 0.038690913034, 0.27359437335, 0.13687434662, 0.16180174256, 0.082086417],
      [0.06406222689, 0.12328823961, 0.076138626458, 0.20536762208, 0.12077878746, 0.059468836573, 0.14627523678, 0.11561101909, 0.069201045974, 0.019808359096]
    ],
    [
      [0.095142194111, 0.016564177718, 0.014593019434, 0.13616234571, 0.030322095664, 0.048987636498, 0.036610399118, 0.13802780052, 0.2791578432, 0.20443248803],
      [0.10624728286, 0.025385920181, 0.0068747900293, 0.040275556688, 0.083842946115, 0.071792391002, 0.23312340227, 0.10785212217, 0.19179087516, 0.13281471352],
      [0.08715761808, 0.13345817513, 0.015072604863, 0.18753149402, 0.10128120217, 0.12024373339, 0.13459651979, 0.097941814149, 0.088057873631, 0.034658964781]
    ],
    [
      [0.033338099252, 0.0068793324174, 0.042010077132, 0.20200212512, 0.010055157786, 0.039457184875, 0.033304846669, 0.10051317238, 0.41608765769, 0.11635234668],
      [0.042586314924, 0.01210166136, 0.023137993733, 0.071758023894, 0.031736456421, 0.066077563373, 0.2454100048, 0.09034663564, 0.32958309936, 0.087262246497],
      [0.034444862648, 0.062556022553, 0.049071143292, 0.314759453, 0.038101823489, 0.10950748003, 0.1404903916, 0.080533192013, 0.14823785264, 0.02229777873]
    ],
    [
      [0.071062614906, 0.024784628374, 0.10057257037, 0.12758310004, 0.018996473378, 0.050263431705, 0.026202090228, 0.12754355539, 0.35179563496, 0.10119590065],
      [0.086693296438, 0.044072841863, 0.053731773084, 0.04557423854, 0.057649300948, 0.08140247177, 0.18649013328, 0.10934751055, 0.26353691283, 0.071501520699],
      [0.062330058463, 0.18677057736, 0.099672197991, 0.16845924243, 0.060990678391, 0.11809337637, 0.094849817282, 0.086714082231, 0.10588516657, 0.016234802915]
    ],
    [
      [0.11500869685, 0.023887223415, 0.075463641006, 0.14635502193, 0.028170068389, 0.039283930374, 0.039545008361, 0.075156582075, 0.32831600289, 0.1288138247],
      [0.12810400293, 0.038521290025, 0.036066487893, 0.04559029765, 0.077971779162, 0.058084689394, 0.25146657873, 0.058550385253, 0.22314215159, 0.082502337373],
      [0.0969045875, 0.17329452686, 0.071889004647, 0.18594810174, 0.086252589635, 0.088570549505, 0.13368057673, 0.049075037202, 0.094668910838, 0.019716115342]
    ],
    [
      [0.061241177981, 0.010981988351, 0.069897224704, 0.227150767, 0.025309313576, 0.04174343509, 0.028862771067, 0.1265708426, 0.27472261159, 0.13351986804],
      [0.076735723196, 0.020115447565, 0.03857084013, 0.084382842995, 0.078908708027, 0.069477148169, 0.21178219443, 0.11157358803, 0.21151737037, 0.096936137092],
      [0.054809583988, 0.084163086973, 0.070739788166, 0.30615468013, 0.083015280106, 0.10011559364, 0.10702275986, 0.087834177742, 0.084326738206, 0.021818311185]
    ],
    [
      [0.067732533585, 0.018946013187, 0.037101224296, 0.15840281842, 0.024977270553, 0.053974950372, 0.028374450209, 0.13766458531, 0.39342722198, 0.079398932086],
      [0.08081455151, 0.032676934383, 0.01925110132, 0.054443318436, 0.073983003716, 0.085285345071, 0.19578704218, 0.1152684862, 0.28776040778, 0.054729809396],
      [0.060695804188, 0.1449103521, 0.037595147306, 0.21344958336, 0.081637222485, 0.12940174083, 0.10334351176, 0.095659620135, 0.12046397616, 0.01284304167]
    ],
    [
      [0.049843265114, 0.015593794431, 0.040667290606, 0.15306491383, 0.035470569282, 0.029387437473, 0.033265450436, 0.06075658202, 0.42976897038, 0.15218172643],
      [0.058453753333, 0.027935549097, 0.020734584867, 0.051566505068, 0.10487017171, 0.046041580268, 0.22798504579, 0.049987293997, 0.30915128499, 0.10327423088],
      [0.048124029926, 0.13473864675, 0.04414809093, 0.22051550956, 0.12532874367, 0.075749703925, 0.13076349341, 0.045594480878, 0.14635504509, 0.02868225585]
    ],
    [
      [0.076737092822, 0.024057548013, 0.057545955147, 0.15354359534, 0.026457598259, 0.058301293664, 0.033842567766, 0.15096176808, 0.33877944656, 0.079773134348],
      [0.08741906183, 0.039357056263, 0.028491581125, 0.050630596285, 0.074504736802, 0.087770705577, 0.22261538704, 0.12056413806, 0.23624579403, 0.052400942992],
      [0.063414250909, 0.1674245334, 0.053982620035, 0.19197550994, 0.080140547187, 0.12967700473, 0.11411691356, 0.096361468578, 0.092128078705, 0.010779072957]
    ],
    [
      [0.13992144011, 0.020005339557, 0.032950019022, 0.15329723407, 0.018057190269, 0.050276191602, 0.036372830658, 0.10771627045, 0.38622868677, 0.055174797499],
      [0.15681485958, 0.032478183508, 0.016035067532, 0.049454490099, 0.050165693607, 0.074553201767, 0.23482289551, 0.084666793627, 0.26529675141, 0.035712063359],
      [0.12187005891, 0.14772089586, 0.032351792503, 0.20007865077, 0.057371007994, 0.11706207113, 0.12892306198, 0.072558518384, 0.1136360832, 0.0084278592699]
    ],
    [
      [0.058454296251, 0.025453932651, 0.059589249651, 0.23329002816, 0.038379128918, 0.037541970093, 0.041292821345, 0.10331034281, 0.24267947961, 0.16000875051],
      [0.066030845712, 0.041316144403, 0.029261918949, 0.07641735255, 0.10725869759, 0.056065712046, 0.27020671329, 0.081785680965, 0.16762584808, 0.10403108642],
      [0.04513377032, 0.16735217652, 0.052589041254, 0.27529124091, 0.10961376195, 0.078763454279, 0.13069573088, 0.061530282347, 0.060149708942, 0.018880832599]
    ],
    [
      [0.086624941783, 0.021952740681, 0.033618732688, 0.14736557615, 0.035979899891, 0.035334480181, 0.038399135649, 0.13658076172, 0.35076343037, 0.11338030088],
      [0.095366984655, 0.035013994463, 0.016059520255, 0.046613657532, 0.098201710615, 0.051477506002, 0.24319794415, 0.10544015836, 0.23658459658, 0.072043927381],
      [0.07486974023, 0.16083222789, 0.032700375334, 0.19049927182, 0.11343264233, 0.081597096745, 0.13518908769, 0.091237487589, 0.10242570772, 0.01721636264]
    ],
    [
      [0.064473501701, 0.024141895812, 0.053845462174, 0.21226281939, 0.025675926194, 0.035386777094, 0.028786337911, 0.092991408174, 0.3557342512, 0.10670162035],
      [0.079919870974, 0.042689588717, 0.028987888578, 0.076000239541, 0.078772984242, 0.057879640019, 0.20813343874, 0.080822172997, 0.27035231351, 0.076441862678],
      [0.055303840811, 0.17433375239, 0.052595384866, 0.27615947184, 0.080679443354, 0.081639066014, 0.10080374369, 0.061786915489, 0.10140320964, 0.0152951719]
    ],
    [
      [0.067200896449, 0.014656518442, 0.069047391194, 0.1646314417, 0.013357057775, 0.023294155419, 0.030725408947, 0.082577891007, 0.40510119579, 0.12940804327],
      [0.084460397504, 0.028283183804, 0.037705321538, 0.059379934274, 0.042576195005, 0.039169952305, 0.22941135648, 0.072778762418, 0.31216194939, 0.094072947277],
      [0.067539893857, 0.13288148901, 0.078166615798, 0.24714157785, 0.049260399131, 0.06252717969, 0.12664750398, 0.064661726945, 0.1451652138, 0.026008399928]
    ],
    [
      [0.032378243354, 0.016459993486, 0.066608470753, 0.19120067074, 0.032180092283, 0.055114969209, 0.03267817242, 0.13603823121, 0.35163950797, 0.085701648573],
      [0.038419640881, 0.028156298014, 0.034361448852, 0.065653236604, 0.0946361809, 0.086490061172, 0.22495081669, 0.11318235002, 0.25550039745, 0.058649569418],
      [0.027599861985, 0.11884370461, 0.064538546112, 0.24675341177, 0.10050428305, 0.12635070646, 0.11347560742, 0.089779245182, 0.099843436132, 0.012311197276]
    ],
    [
      [0.078278154981, 0.013310286228, 0.07876211016, 0.16582809621, 0.018865009475, 0.088618058219, 0.038548410653, 0.11130011542, 0.37784915608, 0.028640602573],
      [0.087819052642, 0.021406658034, 0.038379577132, 0.053701748972, 0.052294828231, 0.13128806212, 0.2492619342, 0.08755905586, 0.25973895503, 0.018550127779],
      [0.0646803383, 0.09279197971, 0.073744423208, 0.20689713754, 0.057135172456, 0.19695354575, 0.13006102678, 0.070994718739, 0.10285654187, 0.0038851156447]
    ],
    [
      [0.12019522415, 0.01835864333, 0.077613386088, 0.14794779911, 0.043057240761, 0.048281737235, 0.024404484576, 0.16031289127, 0.26090454983, 0.098924043664],
      [0.13931349314, 0.030131901178, 0.039063093886, 0.049500060995, 0.12288227984, 0.073693522923, 0.16316435517, 0.13033025002, 0.18556694839, 0.066354094448],
      [0.10038178803, 0.12790682013, 0.073547998429, 0.18677655981, 0.13144084101, 0.10830475384, 0.083086878712, 0.10341422267, 0.071669141013, 0.013470996374]
    ],
    [
      [0.06187154842, 0.015234301122, 0.010505890178, 0.18010307472, 0.03725011142, 0.056826729487, 0.023524237873, 0.11685356691, 0.3595412334, 0.13828930647],
      [0.074819122497, 0.026723822087, 0.0055200347872, 0.062784014939, 0.11191731054, 0.090963019205, 0.1650819791, 0.099109038131, 0.26650222135, 0.096579437361],
      [0.056500161756, 0.11811073877, 0.010846718531, 0.24699713704, 0.12393998285, 0.13859127464, 0.087245506807, 0.082780485792, 0.11223787904, 0.022750114775]
    ],
    [
      [0.080080159217, 0.0092657882822, 0.044648816097, 0.12398848755, 0.023317570001, 0.028551231013, 0.016094825429, 0.088330326178, 0.45280305226, 0.13291974397],
      [0.10535250875, 0.019352783098, 0.025485629718, 0.046548417831, 0.078698950916, 0.05057163994, 0.12689924567, 0.081436517113, 0.36470212894, 0.10095217801],
      [0.089836681781, 0.096652409447, 0.056181754527, 0.20645719566, 0.096086467766, 0.085295518993, 0.074183942987, 0.077397780591, 0.18611197545, 0.031796272801]
    ],
    [
      [0.048959702423, 0.0095520977406, 0.048938020019, 0.16821743751, 0.022984510114, 0.040928149671, 0.020726982745, 0.23023894511, 0.28725109981, 0.12220305486],
      [0.063153432542, 0.018293929071, 0.027424726489, 0.062482802571, 0.074406413695, 0.070214282626, 0.1576525905, 0.20822237494, 0.22707433197, 0.091075115598],
      [0.047998905268, 0.081144681074, 0.054218563794, 0.24716050806, 0.0821799615, 0.10695353282, 0.082816757128, 0.17575060208, 0.098801987247, 0.02297450102]
    ],
    [
      [0.049617486493, 0.019318241472, 0.030117500738, 0.13945152552, 0.026264167272, 0.03202386914, 0.025619830672, 0.16132810951, 0.43885673116, 0.077402538024],
      [0.060846797847, 0.034801272355, 0.01604120267, 0.049152532631, 0.080391233587, 0.052101487332, 0.18294881703, 0.13877435373, 0.33006648177, 0.05487582104],
      [0.047918072089, 0.16005271891, 0.032764902154, 0.20115200193, 0.092204229335, 0.082259961016, 0.10041141815, 0.12108441851, 0.14796230795, 0.014189969958]
    ],
    [
      [0.052919025529, 0.011067116938, 0.056534785121, 0.19729303764, 0.017683771209, 0.045223356338, 0.052174237278, 0.13452919603, 0.29715111336, 0.13542436055],
      [0.058292171202, 0.017646789333, 0.026962289971, 0.062003496195, 0.048328584996, 0.065908005361, 0.33012696248, 0.10391131533, 0.20064690565, 0.086173479492],
      [0.046786622316, 0.083114316724, 0.056043025819, 0.25959268319, 0.056897131657, 0.10648527659, 0.18771316217, 0.091954285298, 0.089749250117, 0.021664246113]
    ],
    [
      [0.034959701324, 0.039482550196, 0.048258892954, 0.13830053245, 0.03056486611, 0.059137743476, 0.034611772953, 0.14791325568, 0.33929587977, 0.12747480508],
      [0.039194837272, 0.063924590995, 0.023534714342, 0.045042557325, 0.084876243063, 0.087759932206, 0.22484273672, 0.11620567901, 0.23244218912, 0.08217651995],
      [0.026960159866, 0.25971114578, 0.042546523109, 0.16302352304, 0.087187682741, 0.12392152438, 0.10932862254, 0.088021751953, 0.084182144053, 0.015116922533]
    ]
  ],
  "expected_outcome": [
    [
      [3.7842270713, 6.8561376309, 4.0768992182, 6.4438647271, 5.8417941013, 3.6744928176, 3.6058764338, 1.1974427594, 3.4402698633, 3.5569046506, 3.5564839062, 3.2720381997, 5.2577918837, 5.2722042225, 6.1751301677, 4.305474478, 5.4134264615, 0.80833656185, 1.3647533093, 1.9654060098, 0.645131548, 2.2593082289, 0.8903875848, 0.8172198062, 1.4742072588, 0.82670384355, 1.1860465136, 1.1527768354, 1.4271329117, 0.43339529028, 1.492314913, 2.1851652401, 1.1023412037, 1.0159880038, 1.2460816278, 1.304530578, 2.2387430417, 0.75990585127, 1.212749185, 1.2249965323, 1.5456206183, 0.45329540696, 1.3307286347, 2.7644901554, 0.86620167788, 1.5215230251, 0.93023434603, 0.79387978389, 0.68794733188, 0.41951641589],
      [0.47703327728, 0.77960976689, 2.0176117672, 1.2430445231, 1.3037276258, 1.4725237219, 1.0895194151, 1.9856502526, 0.6793228988, 1.905198437, 0, 1.4351797348, 0.79144058048, 0.40973044332, 2.2723385766, 0.86963001116, 0.9857739556, 0.51487390019, 0.34538176379, 0.28618818962, 0.1804509207, 0.18146244266, 0.3017180372, 0.19530360541, 0.67435627877, 0.25019307839, 0.56074625643, 0.25694885232, 0.24846266577, 0.089431321426, 0.52047719585, 0.45385724489, 0.19767579032, 0.2841901978, 0.38984486077, 0.40897831621, 0.32008543291, 0.33090112447, 0.30733836953, 0.45869602043, 0.33709992416, 0.23043990881, 0.22627486588, 0.42224879658, 0.21328021571, 0.17604997736, 0.18148985707, 0.30909186356, 0.14387252019, 0.47379060235],
      [4.8680101317, 2.7904107488, 6.1712160916, 5.8028772482, 4.2334478733, 2.1120765884, 0, 0.66039961517, 0.76109763027, 1.3233967878, 2.0471003236, 2.9320943156, 4.2739680594, 2.0971695009, 6.6351937071, 4.2116184639, 2.5058058211, 0, 0.2685629855, 1.3850775281, 0.67080395797, 1.7433460022, 0.93989101032, 0.93830809854, 0.70448898995, 0.39448483014, 0.5015381444, 1.2119381901, 0.21889529151, 0.54613100271, 2.1120239777, 1.4338091791, 1.2581500447, 0.55651836443, 1.0166822651, 0.97828123749, 0.52720030435, 0.77466024546, 0.47066225764, 1.0230637813, 1.5880899975, 0.93251859054, 1.3389558727, 1.78510788, 0.1470824625, 0.84832750584, 0.92982238036, 0.48188001181, 0.73495220658, 0.57910671545],
      [6.0383541107, 8.8226643534, 13.128856135, 4.9962079618, 12.2031522019, 10.4470482089, 16.2367178979, 8.853835751, 17.2289491385, 8.2826041769, 12.0697831409, 12.2299586812, 8.9024720864, 8.5954700962, 7.8260082356, 16.5682281131, 11.5531709929, 1.4766083607, 3.1673562364, 2.3609916051, 2.0571180546, 2.8853908397, 3.3793584736, 2.7028831001, 5.76516968, 2.6217987218, 2.5666385818, 2.4500151044, 2.0424351856, 2.6260276265, 2.6792451008, 2.7807454167, 4.0887138059, 2.3760422763, 3.8266228456, 2.6102411207, 2.4527557451, 3.0327703661, 2.0631180661, 4.0329935683, 3.786523159, 2.6768093904, 2.8190776356, 3.4027993794, 2.5214430461, 2.3557812635, 3.1961313127, 2.2312244083, 2.5648094893, 1.6596063894],
      [1.7838122197, 2.1128942957, 1.7537512028, 1.5447256332, 0.74253782618, 2.5037176416, 1.3789276138, 1.0066771604, 2.13757798, 2.2772299176, 0.64571193799, 1.1268189504, 2.3017558187, 1.8049594849, 2.1330825278, 2.4352119288, 1.7945184097, 0.40003693255, 0.77904066957, 0.52024959036, 0.58734970857, 0.39481408853, 0.85666067497, 0.22742221651, 1.0607218026, 0.38307648079, 0.18658215288, 0.59713395972, 0.45483143496, 0.13071705122, 0.39892594093, 0.5352312994, 0.45556764437, 0.3746590583, 0.88676423205, 0.4497791704, 0.2889150443, 0.49892867594, 0.50371859848, 0.48784259768, 0.30721232882, 0.45052129196, 0.32070516107, 0.99031653749, 0.52150155987, 0.44303383002, 0.43670569217, 0.42022667635, 0.22988902572, 0.36677839332],
      [3.7180279987, 3.2602827383, 6.1628292321, 5.5144707833, 2.4009729121, 1.4196029289, 4.0592372449, 3.9170929091, 2.1837903898, 1.7223841804, 1.7583888162, 1.5042789342, 2.4485328753, 2.3393222011, 2.6448590872, 2.8126202116, 1.5013029326, 1.1836678361, 0.80773540497, 1.450591265, 0.81455763394, 0.32044059623, 0.92756238965, 0.57892380093, 0.66093747872, 0.4823085414, 0.62841044976, 0.39960353905, 0.73481454748, 0.51294340338, 1.0555320658, 0.74639467711, 0.75138183163, 0.80962425558, 0.73468593682, 0.99112199229, 0.80441906563, 0.48804561121, 0.49468272254, 0.67234876478, 0.53576557464, 0.77160956893, 1.5065069897, 1.1104799564, 0.79557421282, 0.54247338925, 0.77763484375, 0.51238190624, 0.58790363239, 0.70965292171],
      [2.5498890193, 1.1679678467, 2.3200593691, 1.5650478721, 2.0713543651, 2.1106548785, 1.8931320369, 2.1226477221, 2.6369097635, 1.3113173016, 2.7281203734, 1.1590055628, 2.5216820522, 1.8643658909, 2.5455660604, 0.82947488332, 0.9446583375, 0.322339703, 0.58556435351, 0.38158764281, 0.4696461224, 0.58504882874, 0.78241599445, 0.49395175811, 0.97458339372, 0.28255149459, 0.48275937534, 0.65426531396, 0.54915598677, 0.4329630067, 0.55024389478, 0.75135515886, 0.51952987921, 0.42561675313, 0.83163626091, 0.57532365202, 0.58196529053, 0.53680667749, 0.53758789909, 0.54694042031, 0.70668440579, 0.45749441388, 0.65532298111, 0.56130314526, 0.32933933022, 0.30580168316, 0.39381267216, 0.40991729075, 0.67826508461, 0.41534127544],
      [6.9898380597, 11.0977892191, 5.962949191, 13.5455232455, 5.006256094, 10.2713082265, 6.2418686933, 12.7089353959, 9.0184610081, 7.9753383774, 8.0051410045, 6.5102074095, 7.21898289, 7.9521088278, 11.2025021479, 6.8802120472, 5.7541263899, 2.3479481997, 2.6838872132, 2.3285865847, 1.3818258398, 2.3248276101, 0.94108201008, 2.7206515195, 3.4368050464, 2.3663217654, 1.7687250248, 2.6846304503, 2.0704170078, 1.306671241, 2.6784146632, 1.4279750594, 2.2782751667, 2.0649687797, 1.5189145505, 2.5663500574, 1.7234603271, 1.3430344566, 1.9121306641, 1.7668367553, 1.8992914932, 1.9045352369, 1.8921019621, 3.6871964991, 1.6359499368, 1.6782761974, 4.374539957, 2.5812497522, 1.7488795484, 1.7749590681],
      [22.479576074, 19.930341145, 21.4998251436, 17.1010535423, 20.6211764033, 20.99047207, 31.7646718731, 23.3778314285, 21.8885533807, 25.3826454302, 25.0552035183, 33.1186039467, 23.1440636871, 26.6777262674, 20.4671761602, 21.9424559743, 14.6105404168, 7.0638543015, 5.0952810067, 7.5164213044, 6.1017303226, 5.6341361801, 8.5668818473, 5.5117935565, 8.624581098, 4.3472939597, 6.9024439544, 3.6358623311, 4.187367648, 5.40913955, 7.3877083341, 6.238004055, 4.9450070087, 5.9014083297, 10.7442242595, 5.7592505916, 6.1796589883, 3.154833235, 4.9106880251, 6.7589507728, 9.3173275033, 4.9229531116, 6.4234356534, 6.0008046461, 5.0335772675, 8.603257993, 5.4577708963, 7.0217076986, 3.8629644737, 4.0715505573],
      [11.3112320376, 7.1819022552, 4.9060026495, 7.2431844634, 11.575580597, 6.9981029176, 7.7300487911, 3.1694870059, 10.025067947, 6.2629807404, 6.1340669789, 5.7118142652, 9.1393100667, 10.9869430649, 5.0981433295, 3.1450738885, 7.9366762824, 0.88233420438, 2.9024370571, 1.8049002802, 1.0913858914, 1.6712251829, 1.4140419776, 1.8135425382, 1.6241489731, 2.0452672842, 2.2161095467, 1.9568254235, 3.0664873205, 1.5125805068, 2.1251139137, 2.4474626693, 2.4033576248, 1.1909839813, 3.8045431609, 1.3561432839, 0.88279675999, 2.0801137566, 1.5873242124, 2.0273307867, 2.9763849953, 1.19982308, 0.48689024375, 2.2752530043, 1.9360502906, 2.5254751353, 2.3218580424, 1.2384406084, 1.7605166872, 1.529697661]
    ],
    [
      [1.2402862598, 2.459265919, 1.3844117863, 2.2777948896, 1.6222383439, 1.5628949269, 0.85196064121, 0.41873068101, 0.98370974504, 1.3518202575, 1.6056577101, 1.0785693052, 1.4222174153, 1.1892353716, 1.4307738357, 1.713976043, 4.4135041289, 4.8290891054, 5.4076889988, 7.3112794187, 3.819545362, 9.2328915955, 3.8308008168, 4.5854370358, 3.4620571887, 5.2330366295, 6.0006359511, 5.8862897613, 6.4810842544, 2.9810420447, 5.6350642685, 8.0705521849, 4.9110862845, 3.3133966119, 0.81835254667, 1.5735431129, 2.3522228937, 0.99046268568, 1.6212387391, 0.95903845168, 1.2669059626, 0.6147142541, 1.1416476843, 1.8110754108, 1.1222868375, 1.3695826138, 0.75784119051, 0.85185516986, 1.2241355952, 0.66631223362],
      [0.26243952354, 0.43339837231, 0.90666509234, 0.63447302906, 0.55460870637, 0.90316454342, 0.39543263686, 0.94236647293, 0.29228182475, 1.0515571637, 0, 0.76759218211, 0.33568883542, 0.17917876984, 0.70058400818, 0.48446224234, 1.1655037718, 4.4878793151, 1.9813721695, 1.5279410623, 1.5167565601, 1.043210932, 1.8763059361, 1.5543117749, 2.3320958758, 2.295949361, 4.1193749562, 1.8937275536, 1.5485411311, 0.84711629518, 2.8647347211, 2.4268412716, 1.2873886442, 1.3397543097, 0.39109768735, 0.70842701274, 0.48717275262, 0.61974216604, 0.59523790587, 0.5122750646, 0.42424775707, 0.45050076822, 0.27828655444, 0.39171471531, 0.4008573313, 0.25158618027, 0.21952714885, 0.48721781297, 0.37058257599, 1.0867180469],
      [0.69790047963, 0.43480657332, 0.90812036262, 0.89250547124, 0.51014924539, 0.3909390502, 0, 0.10028112955, 0.094654634988, 0.21832134676, 0.40286170168, 0.41643164544, 0.50499488939, 0.20658561015, 0.66838859636, 0.71922882396, 0.88668774239, 0, 0.45836446363, 2.2418008882, 1.6997728614, 3.0692846943, 1.7268117087, 2.2862297092, 0.72053984716, 1.0979877219, 1.1097087202, 2.645982413, 0.41936219179, 1.6196595613, 3.4925652504, 2.2721887372, 2.4685337683, 0.78929515412, 0.29028418814, 0.51284846026, 0.24052601298, 0.43892878424, 0.27301184434, 0.34785466293, 0.56557982307, 0.54978318163, 0.49893450271, 0.50782022051, 0.082800521807, 0.33131318633, 0.32909671787, 0.22457683738, 0.56620808938, 0.40009014381],
      [0.57249046007, 0.91211961808, 1.2785184272, 0.50909510117, 0.97595412634, 1.2809629513, 1.1025109264, 0.89095047353, 1.4209847103, 0.9067429014, 1.5661490671, 1.1535480055, 0.69740012931, 0.56394220803, 0.52128243642, 1.8772942694, 2.7337163526, 2.5238618884, 3.5386432668, 2.5194829328, 3.3666030031, 3.2870736641, 4.0201093, 4.3164358276, 3.9727187974, 4.8829275156, 3.7809854662, 3.4694705644, 2.456808958, 5.0230616726, 2.9623255051, 2.8721887519, 5.4005019517, 2.2321760559, 0.72193107096, 0.91135073313, 0.74181735148, 1.1462602882, 0.79243217804, 0.9120028745, 0.8906990141, 1.0504517857, 0.69812273663, 0.64350079293, 0.94176022409, 0.6051294318, 0.74979363085, 0.68813545683, 1.3020734201, 0.76572347452],
      [1.4905241967, 1.9357039509, 1.4293409018, 1.3452356134, 0.52563860622, 2.6184593819, 0.83700612524, 0.84840336499, 1.5375545634, 2.1592774247, 0.76472456879, 0.99265073685, 1.5637663921, 1.1010410735, 1.1772294641, 2.4776928562, 3.7389855797, 5.9453323075, 7.6709964219, 4.8080326158, 8.6348780109, 4.0000309324, 9.1679051763, 3.1629331657, 6.1740023983, 6.0204387764, 2.3452453696, 7.5911842284, 5.114419713, 2.2215519495, 3.7472045616, 4.9122220872, 5.0501573137, 3.0333031523, 1.4681824039, 1.3410852624, 0.7524854041, 1.6088804638, 1.6694290804, 0.9452758109, 0.63864292508, 1.5141788944, 0.67983276701, 1.597469638, 1.6787596581, 1.0230863619, 0.89287696434, 1.1254772702, 1.0149002849, 1.4428961321],
      [1.6490618547, 1.5656157718, 2.7080730029, 2.5682880119, 0.89072449533, 0.79534319454, 1.2839432374, 1.7802231822, 0.83056901346, 0.86466208275, 1.0858629047, 0.6730220824, 0.88587194141, 0.73426805096, 0.79198982825, 1.4757359343, 1.6240836555, 9.3938507057, 4.2476694008, 7.1368683298, 6.3733544779, 1.7246056813, 5.2942419317, 4.2845332806, 2.069226017, 4.0465681676, 4.2165436344, 2.7083639124, 4.3793358511, 4.6254294361, 5.2911606651, 3.6593354318, 4.4465374828, 3.4966991479, 0.64458212376, 1.5798727004, 1.1182980265, 0.84098568069, 0.87511760203, 0.69455568023, 0.58754928457, 1.3838409788, 1.7067448075, 0.958015798, 1.3644452881, 0.65743131923, 0.84257139151, 0.72942082265, 1.3840681126, 1.4919188475],
