{
  "Z_true": {},
  "V_true": [
    [622, 24, 392, 172, 13],
    [39, 1260, 138, 1840, 21],
    [51, 434, 107, 11040, 137],
    [340, 400, 10510, 1553, 172],
    [181, 272, 481, 1298, 133],
    [36, 189, 349, 631, 182]
  ],
  "p_true": [
    [0.5086, 0.0196, 0.3205, 0.1406, 0.0106],
    [0.0118, 0.382, 0.0418, 0.5579, 0.0064],
    [0.0043, 0.0369, 0.0091, 0.9381, 0.0116],
    [0.0262, 0.0308, 0.81, 0.1197, 0.0133],
    [0.0765, 0.115, 0.2034, 0.5488, 0.0562],
    [0.026, 0.1363, 0.2516, 0.4549, 0.1312]
  ],
  "Z_est": [
    [
      [1.274, 8.918, 0.9555, 7.9625, 0, 14.014, 13.6955, 19.747, 7.644, 13.0585, 8.281, 0.9555, 0.637, 0.3185, 11.1475, 16.562, 0.9555, 0, 0.637, 8.918, 0.3185, 9.2365, 13.6955, 13.377, 0.9555, 9.555, 5.096, 11.466, 10.192, 12.74, 3.185, 1.274, 13.377, 3.822, 4.459, 7.007, 0, 100.3275, 9.2365, 23.2505, 1.274],
      [0.5076, 3.5532, 0.3807, 3.1725, 0, 5.5836, 5.4567, 7.8678, 3.0456, 5.2029, 3.2994, 0.3807, 0.2538, 0.1269, 4.4415, 6.5988, 0.3807, 0, 0.2538, 3.5532, 0.1269, 3.6801, 5.4567, 5.3298, 0.3807, 3.807, 2.0304, 4.5684, 4.0608, 5.076, 1.269, 0.5076, 5.3298, 1.5228, 1.7766, 2.7918, 0, 39.9735, 3.6801, 9.2637, 0.5076],
      [0.92, 6.44, 0.69, 5.75, 0, 10.12, 9.89, 14.26, 5.52, 9.43, 5.98, 0.69, 0.46, 0.23, 8.05, 11.96, 0.69, 0, 0.46, 6.44, 0.23, 6.67, 9.89, 9.66, 0.69, 6.9, 3.68, 8.28, 7.36, 9.2, 2.3, 0.92, 9.66, 2.76, 3.22, 5.06, 0, 72.45, 6.67, 16.79, 0.92],
      [0.8612, 6.0284, 0.6459, 5.3825, 0, 9.4732, 9.2579, 13.3486, 5.1672, 8.8273, 5.5978, 0.6459, 0.4306, 0.2153, 7.5355, 11.1956, 0.6459, 0, 0.4306, 6.0284, 0.2153, 6.2437, 9.2579, 9.0426, 0.6459, 6.459, 3.4448, 7.7508, 6.8896, 8.612, 2.153, 0.8612, 9.0426, 2.5836, 3.0142, 4.7366, 0, 67.8195, 6.2437, 15.7169, 0.8612],
      [0.4372, 3.0604, 0.3279, 2.7325, 0, 4.8092, 4.6999, 6.7766, 2.6232, 4.4813, 2.8418, 0.3279, 0.2186, 0.1093, 3.8255, 5.6836, 0.3279, 0, 0.2186, 3.0604, 0.1093, 3.1697, 4.6999, 4.5906, 0.3279, 3.279, 1.7488, 3.9348, 3.4976, 4.372, 1.093, 0.4372, 4.5906, 1.3116, 1.5302, 2.4046, 0, 34.4295, 3.1697, 7.9789, 0.4372]
    ],
    [
      [0.571, 5.2532, 0.6852, 5.8813, 0.0571, 2.7408, 2.3982, 7.9369, 2.855, 4.2825, 2.5124, 0.3997, 0.2855, 0.3426, 5.71, 9.7641, 0.2284, 0.0571, 0.1142, 2.6266, 0.2855, 1.5988, 2.855, 2.284, 0.1142, 8.2795, 4.7964, 6.6807, 3.4831, 4.7393, 2.284, 1.0278, 5.1961, 6.0526, 6.852, 10.1067, 0.6281, 31.8618, 9.2502, 19.4711, 5.7671],
      [4.736, 43.5712, 5.6832, 48.7808, 0.4736, 22.7328, 19.8912, 65.8304, 23.68, 35.52, 20.8384, 3.3152, 2.368, 2.8416, 47.36, 80.9856, 1.8944, 0.4736, 0.9472, 21.7856, 2.368, 13.2608, 23.68, 18.944, 0.9472, 68.672, 39.7824, 55.4112, 28.8896, 39.3088, 18.944, 8.5248, 43.0976, 50.2016, 56.832, 83.8272, 5.2096, 264.2688, 76.7232, 161.4976, 47.8336],
      [3.068, 28.2256, 3.6816, 31.6004, 0.3068, 14.7264, 12.8856, 42.6452, 15.34, 23.01, 13.4992, 2.1476, 1.534, 1.8408, 30.68, 52.4628, 1.2272, 0.3068, 0.6136, 14.1128, 1.534, 8.5904, 15.34, 12.272, 0.6136, 44.486, 25.7712, 35.8956, 18.7148, 25.4644, 12.272, 5.5224, 27.9188, 32.5208, 36.816, 54.3036, 3.3748, 171.1944, 49.7016, 104.6188, 30.9868],
      [1.481, 13.6252, 1.7772, 15.2543, 0.1481, 7.1088, 6.2202, 20.5859, 7.405, 11.1075, 6.5164, 1.0367, 0.7405, 0.8886, 14.81, 25.3251, 0.5924, 0.1481, 0.2962, 6.8126, 0.7405, 4.1468, 7.405, 5.924, 0.2962, 21.4745, 12.4404, 17.3277, 9.0341, 12.2923, 5.924, 2.6658, 13.4771, 15.6986, 17.772, 26.2137, 1.6291, 82.6398, 23.9922, 50.5021, 14.9581],
      [0.145, 1.334, 0.174, 1.4935, 0.0145, 0.696, 0.609, 2.0155, 0.725, 1.0875, 0.638, 0.1015, 0.0725, 0.087, 1.45, 2.4795, 0.058, 0.0145, 0.029, 0.667, 0.0725, 0.406, 0.725, 0.58, 0.029, 2.1025, 1.218, 1.6965, 0.8845, 1.2035, 0.58, 0.261, 1.3195, 1.537, 1.74, 2.5665, 0.1595, 8.091, 2.349, 4.9445, 1.4645]
    ],
    [
      [0.9555, 3.2046, 1.029, 8.085, 0.4704, 2.8812, 4.1748, 5.5419, 3.9249, 8.3496, 3.4398, 0.294, 0.2205, 0.2058, 4.2042, 4.557, 0.4998, 0.0441, 0.1911, 2.9253, 0.6321, 3.528, 5.88, 3.4839, 0.2205, 5.6742, 4.3659, 5.7477, 7.0413, 6.3651, 2.8224, 1.2054, 7.2177, 2.2491, 1.5435, 2.499, 0.2793, 33.3543, 6.9237, 15.141, 1.6317],
      [0.728, 2.4416, 0.784, 6.16, 0.3584, 2.1952, 3.1808, 4.2224, 2.9904, 6.3616, 2.6208, 0.224, 0.168, 0.1568, 3.2032, 3.472, 0.3808, 0.0336, 0.1456, 2.2288, 0.4816, 2.688, 4.48, 2.6544, 0.168, 4.3232, 3.3264, 4.3792, 5.3648, 4.8496, 2.1504, 0.9184, 5.4992, 1.7136, 1.176, 1.904, 0.2128, 25.4128, 5.2752, 11.536, 1.2432],
      [3.8025, 12.753, 4.095, 32.175, 1.872, 11.466, 16.614, 22.0545, 15.6195, 33.228, 13.689, 1.17, 0.8775, 0.819, 16.731, 18.135, 1.989, 0.1755, 0.7605, 11.6415, 2.5155, 14.04, 23.4, 13.8645, 0.8775, 22.581, 17.3745, 22.8735, 28.0215, 25.3305, 11.232, 4.797, 28.7235, 8.9505, 6.1425, 9.945, 1.1115, 132.7365, 27.5535, 60.255, 6.4935],
      [58.916, 197.5952, 63.448, 498.52, 29.0048, 177.6544, 257.4176, 341.7128, 242.0088, 514.8352, 212.0976, 18.128, 13.596, 12.6896, 259.2304, 280.984, 30.8176, 2.7192, 11.7832, 180.3736, 38.9752, 217.536, 362.56, 214.8168, 13.596, 349.8704, 269.2008, 354.4024, 434.1656, 392.4712, 174.0288, 74.3248, 445.0424, 138.6792, 95.172, 154.088, 17.2216, 2056.6216, 426.9144, 933.592, 100.6104],
      [0.5915, 1.9838, 0.637, 5.005, 0.2912, 1.7836, 2.5844, 3.4307, 2.4297, 5.1688, 2.1294, 0.182, 0.1365, 0.1274, 2.6026, 2.821, 0.3094, 0.0273, 0.1183, 1.8109, 0.3913, 2.184, 3.64, 2.1567, 0.1365, 3.5126, 2.7027, 3.5581, 4.3589, 3.9403, 1.7472, 0.7462, 4.4681, 1.3923, 0.9555, 1.547, 0.1729, 20.6479, 4.2861, 9.373, 1.0101]
    ],
    [
      [0.62, 2.6412, 0.5952, 3.3356, 0.3348, 3.6704, 3.9556, 9.9448, 2.9016, 5.3816, 4.0052, 0.3596, 0.2356, 0.248, 6.1628, 7.3656, 0.124, 0.062, 0.3596, 3.968, 0.62, 2.8396, 4.1912, 3.3728, 0.0496, 8.0352, 3.1124, 3.8688, 4.092, 4.9724, 1.9592, 0.8804, 7.564, 4.2408, 2.6908, 4.1912, 0.3844, 31.062, 4.3028, 10.6888, 1.5004],
      [0.92, 3.9192, 0.8832, 4.9496, 0.4968, 5.4464, 5.8696, 14.7568, 4.3056, 7.9856, 5.9432, 0.5336, 0.3496, 0.368, 9.1448, 10.9296, 0.184, 0.092, 0.5336, 5.888, 0.92, 4.2136, 6.2192, 5.0048, 0.0736, 11.9232, 4.6184, 5.7408, 6.072, 7.3784, 2.9072, 1.3064, 11.224, 6.2928, 3.9928, 6.2192, 0.5704, 46.092, 6.3848, 15.8608, 2.2264],
      [33.45, 142.497, 32.112, 179.961, 18.063, 198.024, 213.411, 536.538, 156.546, 290.346, 216.087, 19.401, 12.711, 13.38, 332.493, 397.386, 6.69, 3.345, 19.401, 214.08, 33.45, 153.201, 226.122, 181.968, 2.676, 433.512, 167.919, 208.728, 220.77, 268.269, 105.702, 47.499, 408.09, 228.798, 145.173, 226.122, 20.739, 1675.845, 232.143, 576.678, 80.949],
      [14.645, 62.3877, 14.0592, 78.7901, 7.9083, 86.6984, 93.4351, 234.9058, 68.5386, 127.1186, 94.6067, 8.4941, 5.5651, 5.858, 145.5713, 173.9826, 2.929, 1.4645, 8.4941, 93.728, 14.645, 67.0741, 99.0002, 79.6688, 1.1716, 189.7992, 73.5179, 91.3848, 96.657, 117.4529, 46.2782, 20.7959, 178.669, 100.1718, 63.5593, 99.0002, 9.0799, 733.7145, 101.6363, 252.4798, 35.4409],
      [0.36, 1.5336, 0.3456, 1.9368, 0.1944, 2.1312, 2.2968, 5.7744, 1.6848, 3.1248, 2.3256, 0.2088, 0.1368, 0.144, 3.5784, 4.2768, 0.072, 0.036, 0.2088, 2.304, 0.36, 1.6488, 2.4336, 1.9584, 0.0288, 4.6656, 1.8072, 2.2464, 2.376, 2.8872, 1.1376, 0.5112, 4.392, 2.4624, 1.5624, 2.4336, 0.2232, 18.036, 2.4984, 6.2064, 0.8712]
    ],
    [
      [1.672, 3.5948, 0.7524, 6.8552, 0.1672, 4.0964, 3.2604, 7.942, 3.8456, 5.3504, 3.9292, 1.4212, 0.0836, 0.1672, 10.1156, 10.3664, 0.3344, 0.0836, 0.1672, 3.0932, 0.9196, 2.8424, 3.6784, 3.6784, 0.1672, 7.7748, 5.016, 7.942, 4.8488, 6.1028, 2.0064, 0.5016, 6.7716, 3.8456, 2.8424, 3.4276, 0.5016, 45.7292, 6.5208, 13.794, 1.5048],
      [2.49, 5.3535, 1.1205, 10.209, 0.249, 6.1005, 4.8555, 11.8275, 5.727, 7.968, 5.8515, 2.1165, 0.1245, 0.249, 15.0645, 15.438, 0.498, 0.1245, 0.249, 4.6065, 1.3695, 4.233, 5.478, 5.478, 0.249, 11.5785, 7.47, 11.8275, 7.221, 9.0885, 2.988, 0.747, 10.0845, 5.727, 4.233, 5.1045, 0.747, 68.1015, 9.711, 20.5425, 2.241],
      [8.016, 17.2344, 3.6072, 32.8656, 0.8016, 19.6392, 15.6312, 38.076, 18.4368, 25.6512, 18.8376, 6.8136, 0.4008, 0.8016, 48.4968, 49.6992, 1.6032, 0.4008, 0.8016, 14.8296, 4.4088, 13.6272, 17.6352, 17.6352, 0.8016, 37.2744, 24.048, 38.076, 23.2464, 29.2584, 9.6192, 2.4048, 32.4648, 18.4368, 13.6272, 16.4328, 2.4048, 219.2376, 31.2624, 66.132, 7.2144],
      [6.84, 14.706, 3.078, 28.044, 0.684, 16.758, 13.338, 32.49, 15.732, 21.888, 16.074, 5.814, 0.342, 0.684, 41.382, 42.408, 1.368, 0.342, 0.684, 12.654, 3.762, 11.628, 15.048, 15.048, 0.684, 31.806, 20.52, 32.49, 19.836, 24.966, 8.208, 2.052, 27.702, 15.732, 11.628, 14.022, 2.052, 187.074, 26.676, 56.43, 6.156],
      [0.98, 2.107, 0.441, 4.018, 0.098, 2.401, 1.911, 4.655, 2.254, 3.136, 2.303, 0.833, 0.049, 0.098, 5.929, 6.076, 0.196, 0.049, 0.098, 1.813, 0.539, 1.666, 2.156, 2.156, 0.098, 4.557, 2.94, 4.655, 2.842, 3.577, 1.176, 0.294, 3.969, 2.254, 1.666, 2.009, 0.294, 26.803, 3.822, 8.085, 0.882]
    ],
    [
      [0.8946, 3.5784, 1.278, 6.9012, 0.2556, 5.112, 3.3228, 6.1344, 3.195, 5.4954, 1.5336, 0.1278, 0.1278, 0.2556, 5.4954, 4.3452, 0.2556, 0, 0.639, 2.4282, 0.5112, 2.8116, 4.7286, 2.8116, 0.2556, 5.8788, 6.39, 6.5178, 8.0514, 6.7734, 3.195, 1.5336, 9.4572, 2.4282, 1.5336, 3.5784, 0.2556, 31.311, 5.8788, 19.17, 2.8116],
      [1.0829, 4.3316, 1.547, 8.3538, 0.3094, 6.188, 4.0222, 7.4256, 3.8675, 6.6521, 1.8564, 0.1547, 0.1547, 0.3094, 6.6521, 5.2598, 0.3094, 0, 0.7735, 2.9393, 0.6188, 3.4034, 5.7239, 3.4034, 0.3094, 7.1162, 7.735, 7.8897, 9.7461, 8.1991, 3.8675, 1.8564, 11.4478, 2.9393, 1.8564, 4.3316, 0.3094, 37.9015, 7.1162, 23.205, 3.4034],
      [1.7787, 7.1148, 2.541, 13.7214, 0.5082, 10.164, 6.6066, 12.1968, 6.3525, 10.9263, 3.0492, 0.2541, 0.2541, 0.5082, 10.9263, 8.6394, 0.5082, 0, 1.2705, 4.8279, 1.0164, 5.5902, 9.4017, 5.5902, 0.5082, 11.6886, 12.705, 12.9591, 16.0083, 13.4673, 6.3525, 3.0492, 18.8034, 4.8279, 3.0492, 7.1148, 0.5082, 62.2545, 11.6886, 38.115, 5.5902],
      [2.3359, 9.3436, 3.337, 18.0198, 0.6674, 13.348, 8.6762, 16.0176, 8.3425, 14.3491, 4.0044, 0.3337, 0.3337, 0.6674, 14.3491, 11.3458, 0.6674, 0, 1.6685, 6.3403, 1.3348, 7.3414, 12.3469, 7.3414, 0.6674, 15.3502, 16.685, 17.0187, 21.0231, 17.6861, 8.3425, 4.0044, 24.6938, 6.3403, 4.0044, 9.3436, 0.6674, 81.7565, 15.3502, 50.055, 7.3414],
      [0.9079, 3.6316, 1.297, 7.0038, 0.2594, 5.188, 3.3722, 6.2256, 3.2425, 5.5771, 1.5564, 0.1297, 0.1297, 0.2594, 5.5771, 4.4098, 0.2594, 0, 0.6485, 2.4643, 0.5188, 2.8534, 4.7989, 2.8534, 0.2594, 5.9662, 6.485, 6.6147, 8.1711, 6.8741, 3.2425, 1.5564, 9.5978, 2.4643, 1.5564, 3.6316, 0.2594, 31.7765, 5.9662, 19.455, 2.8534]
    ]
  ],
  "V_est": [
    [389.5255, 155.1987, 281.29, 263.3119, 133.6739],
    [188.3158, 1561.9328, 1011.8264, 488.4338, 47.821],
    [173.0043, 131.8128, 688.4865, 10667.4216, 107.0979],
    [160.89, 238.74, 8680.275, 3800.3775, 93.42],
    [197.714, 294.4425, 947.892, 808.83, 115.885],
    [177.2586, 214.5689, 352.4367, 462.8419, 179.8939]
  ],
  "p_est": [
    [0.3185, 0.1269, 0.23, 0.2153, 0.1093],
    [0.0571, 0.4736, 0.3068, 0.1481, 0.0145],
    [0.0147, 0.0112, 0.0585, 0.9064, 0.0091],
    [0.0124, 0.0184, 0.669, 0.2929, 0.0072],
    [0.0836, 0.1245, 0.4008, 0.342, 0.049],
    [0.1278, 0.1547, 0.2541, 0.3337, 0.1297]
  ],
  "EI_Z": {},
  "EI_V": 16.1234,
  "MAE_Z": {},
  "MAE_V": 354.8968,
  "MAE_p": 0.084,
  "runtime": 125.58
}
