{
  "X": [
    [21, 68, 68, 237, 34],
    [6, 16, 32, 79, 24],
    [61, 125, 178, 447, 77],
    [33, 76, 140, 287, 39],
    [28, 56, 108, 165, 17],
    [6, 6, 18, 14, 5],
    [12, 26, 61, 114, 16],
    [10, 28, 21, 44, 11],
    [3, 14, 10, 33, 4],
    [4, 8, 7, 19, 8],
    [4, 35, 44, 59, 14],
    [9, 97, 77, 186, 48],
    [11, 100, 70, 225, 37],
    [18, 176, 101, 338, 69],
    [11, 60, 48, 125, 26],
    [20, 151, 70, 292, 45],
    [18, 83, 149, 303, 54],
    [14, 60, 82, 259, 45],
    [45, 159, 214, 446, 75],
    [19, 81, 112, 255, 43],
    [7, 63, 102, 251, 47],
    [28, 264, 188, 521, 100],
    [9, 68, 74, 176, 29],
    [12, 77, 72, 205, 34],
    [12, 166, 112, 300, 64],
    [4, 112, 87, 240, 46],
    [8, 77, 62, 192, 33],
    [12, 49, 64, 101, 20],
    [39, 157, 201, 266, 60],
    [16, 105, 102, 183, 52],
    [7, 35, 45, 74, 21],
    [40, 221, 244, 431, 93],
    [6, 88, 105, 219, 41],
    [14, 124, 237, 256, 58],
    [12, 81, 204, 190, 45],
    [38, 251, 282, 579, 103],
    [12, 68, 100, 195, 63],
    [30, 95, 145, 272, 39],
    [71, 153, 260, 571, 76],
    [63, 159, 200, 681, 89],
    [37, 120, 151, 467, 86],
    [28, 112, 177, 438, 70],
    [15, 81, 85, 246, 47],
    [29, 114, 133, 360, 69],
    [12, 43, 66, 140, 18],
    [33, 111, 145, 332, 61],
    [6, 21, 15, 39, 11],
    [65, 147, 137, 416, 56],
    [11, 39, 24, 103, 13],
    [2, 32, 38, 61, 20],
    [21, 105, 134, 244, 56],
    [15, 63, 58, 179, 34],
    [9, 103, 160, 247, 41],
    [10, 102, 175, 278, 44],
    [5, 48, 51, 78, 17],
    [35, 100, 54, 240, 40],
    [7, 210, 244, 332, 84],
    [69, 276, 368, 689, 146],
    [22, 75, 73, 152, 49],
    [202, 607, 555, 964, 206],
    [29, 61, 74, 126, 26]
  ],
  "W": [
    [28, 32, 219, 97, 24, 11, 17],
    [7, 17, 60, 49, 10, 6, 8],
    [125, 39, 372, 247, 27, 44, 34],
    [75, 36, 224, 178, 21, 20, 21],
    [42, 11, 159, 135, 10, 14, 3],
    [6, 2, 16, 23, 1, 1, 0],
    [21, 11, 98, 81, 6, 7, 5],
    [11, 3, 62, 31, 1, 3, 3],
    [3, 3, 35, 14, 0, 7, 2],
    [7, 2, 22, 9, 2, 0, 4],
    [7, 6, 70, 60, 5, 6, 2],
    [14, 31, 208, 105, 22, 16, 21],
    [8, 35, 250, 75, 37, 17, 21],
    [26, 37, 399, 137, 45, 18, 40],
    [11, 18, 136, 61, 12, 8, 24],
    [11, 59, 348, 96, 18, 18, 28],
    [20, 47, 268, 183, 32, 26, 31],
    [22, 45, 228, 102, 19, 25, 19],
    [54, 68, 447, 277, 33, 45, 15],
    [26, 40, 232, 156, 21, 16, 19],
    [14, 45, 215, 150, 14, 16, 16],
    [26, 73, 576, 267, 60, 43, 56],
    [9, 25, 180, 92, 25, 8, 17],
    [15, 24, 203, 110, 28, 12, 8],
    [14, 41, 353, 148, 44, 26, 28],
    [5, 33, 247, 135, 28, 16, 25],
    [11, 33, 202, 83, 15, 11, 17],
    [18, 7, 113, 82, 3, 12, 11],
    [56, 28, 321, 229, 38, 18, 33],
    [19, 39, 222, 118, 23, 20, 17],
    [12, 8, 77, 51, 11, 9, 14],
    [66, 47, 509, 273, 47, 25, 62],
    [15, 25, 203, 162, 32, 11, 11],
    [18, 31, 282, 278, 25, 44, 11],
    [13, 23, 190, 241, 32, 16, 17],
    [35, 75, 613, 371, 62, 43, 54],
    [14, 41, 177, 137, 25, 19, 25],
    [32, 32, 274, 191, 20, 15, 17],
    [89, 50, 528, 333, 43, 51, 37],
    [110, 106, 558, 283, 57, 33, 45],
    [46, 66, 396, 214, 32, 70, 37],
    [33, 79, 362, 250, 40, 40, 21],
    [12, 31, 227, 118, 20, 31, 35],
    [38, 71, 319, 168, 51, 31, 27],
    [21, 16, 129, 84, 8, 8, 13],
    [49, 49, 309, 205, 25, 18, 27],
    [9, 2, 42, 22, 3, 7, 7],
    [58, 59, 407, 186, 38, 34, 39],
    [16, 17, 110, 30, 1, 3, 13],
    [6, 3, 66, 55, 14, 6, 3],
    [50, 21, 233, 188, 19, 33, 16],
    [23, 17, 180, 80, 13, 16, 20],
    [17, 26, 236, 198, 27, 24, 32],
    [21, 26, 250, 228, 36, 27, 21],
    [11, 8, 85, 78, 1, 8, 8],
    [48, 49, 234, 79, 19, 17, 23],
    [10, 105, 355, 294, 29, 10, 74],
    [106, 72, 713, 479, 64, 68, 46],
    [24, 28, 154, 104, 24, 17, 20],
    [192, 98, 1205, 782, 105, 69, 83],
    [38, 5, 150, 86, 15, 15, 7]
  ],
  "method": "mvn_cdf",
  "mvncdf_method": "genz",
  "mvncdf_samples": 5000,
  "mvncdf_error": 1e-06,
  "cond_prob": [
    [
      [0.48718711506, 0.0017863687986, 0.018990114937, 0.47183973293, 0.020196668273],
      [6.3878407163e-05, 0.023598381036, 0.0056845909288, 0.8774992651, 0.09315388453],
      [0.02799962052, 0.2448738737, 0.03482737551, 0.64539297752, 0.046906152754],
      [0.008218403976, 0.059945287801, 0.58953879172, 0.28179470847, 0.060502808026],
      [0.0016763847077, 0.081672901873, 0.056348543894, 0.55656830628, 0.30373386325],
      [0.0056903853396, 0.015675639525, 0.056615023398, 0.71638186228, 0.20563708946],
      [0.00039023251157, 0.36580782027, 0.018779546261, 0.35974819646, 0.2552742045]
    ],
    [
      [0.50735307738, 0.001349850735, 0.018393741562, 0.43368109914, 0.039222231178],
      [5.9429711148e-05, 0.017584038629, 0.0054287931737, 0.79709534415, 0.17983239434],
      [0.028519416408, 0.19950917284, 0.036241841744, 0.63758815331, 0.098141415693],
      [0.0076739605954, 0.044844819902, 0.57509452175, 0.25556668337, 0.11682001438],
      [0.0012812526934, 0.050061737966, 0.044321110038, 0.41426490389, 0.49007099541],
      [0.0047225289111, 0.010418140518, 0.048293563099, 0.57917661931, 0.35738914816],
      [0.00032458896691, 0.24515444523, 0.01607012081, 0.29126656763, 0.44718427736]
    ],
    [
      [0.41395149895, 0.002174861394, 0.025821676748, 0.52919494444, 0.028857018468],
      [4.8311208437e-05, 0.024921374008, 0.0067060626785, 0.85296982444, 0.11535442766],
      [0.021010791135, 0.2566889458, 0.04081413166, 0.62374210452, 0.057744026891],
      [0.0056060389905, 0.057105555095, 0.6222283176, 0.24747850514, 0.067581583171],
      [0.0011845178985, 0.08055215858, 0.062051792657, 0.50577624958, 0.35043528129],
      [0.0041431167175, 0.015941767574, 0.064268397921, 0.6707716148, 0.24487510299],
      [0.00027496258558, 0.35914369393, 0.020630874017, 0.32612598322, 0.29382448626]
    ],
    [
      [0.37944124406, 0.0022485820576, 0.033864589817, 0.56050603951, 0.023939544557],
      [4.2627602478e-05, 0.024922975921, 0.0085045280378, 0.87395780048, 0.092572067954],
      [0.018310260239, 0.25380369717, 0.05113783501, 0.63098470127, 0.045763506316],
      [0.0042556426845, 0.049158337367, 0.68187922404, 0.21802419438, 0.046682601525],
      [0.0010885918706, 0.083947819608, 0.082030300302, 0.5396167828, 0.29331650542],
      [0.0037115325897, 0.016186995328, 0.082803219255, 0.697658268, 0.19963998482],
      [0.0002536464775, 0.37630714348, 0.027369434559, 0.34921174681, 0.24685802867]
    ],
    [
      [0.52338515952, 0.0020697359584, 0.029607974555, 0.42891343323, 0.016023696737],
      [7.5797329658e-05, 0.030123972939, 0.0097616697674, 0.87863613085, 0.081402429117],
      [0.030377872439, 0.28650678257, 0.054726449366, 0.5908997369, 0.03748915873],
      [0.0067968713149, 0.053391044677, 0.70626790256, 0.19665298694, 0.036891194509],
      [0.0019384972334, 0.10168464309, 0.094383596316, 0.54300461483, 0.25898864853],
      [0.0066125398162, 0.019597243912, 0.095282672626, 0.70240442164, 0.176103122],
      [0.00042687173634, 0.43199166447, 0.029752631751, 0.33203292888, 0.20579590316]
    ],
    [
      [0.79146465708, 0.00095496644682, 0.015987152623, 0.17210172564, 0.019491498205],
      [0.00016762298974, 0.029138457843, 0.011027185788, 0.7429406991, 0.21672603428],
      [0.067641933192, 0.28522463629, 0.061451588541, 0.48994447118, 0.095737370788],
      [0.012535926779, 0.043575802411, 0.7266642753, 0.13626641835, 0.080957577161],
      [0.002987767713, 0.06937250797, 0.075937889925, 0.31577440207, 0.53592743232],
      [0.011907112529, 0.015416713403, 0.088855700769, 0.4779325495, 0.4058879238],
      [0.00070207383935, 0.32748349443, 0.025448527378, 0.20607490758, 0.44029099677]
    ],
    [
      [0.43183978234, 0.0016911183741, 0.028444858343, 0.51478527325, 0.023238967694],
      [5.0908376898e-05, 0.020383656913, 0.0077653997074, 0.87381370898, 0.097986326022],
      [0.022927500921, 0.21786085371, 0.048908485332, 0.65968485635, 0.050618303682],
      [0.0053869549028, 0.042658643184, 0.66912829271, 0.23041023476, 0.052415874443],
      [0.001303456133, 0.068911676939, 0.075274942694, 0.54017089357, 0.31433903066],
      [0.0044213867445, 0.013204212506, 0.075532857114, 0.6950406901, 0.21180085354],
      [0.00031990603945, 0.32677054692, 0.026439586956, 0.36802600417, 0.27844395592]
    ],
    [
      [0.65281484327, 0.0023760370979, 0.015945347269, 0.30073450866, 0.028129263702],
      [0.00010589318123, 0.043144662602, 0.0065495624857, 0.76937513736, 0.18082474437],
      [0.039022472774, 0.37996978415, 0.033626244024, 0.47198541112, 0.075396087938],
      [0.011443557491, 0.092303690924, 0.59173248172, 0.20629498005, 0.098225289817],
      [0.0021135108936, 0.11409495681, 0.04967414564, 0.36952953268, 0.46458785398],
      [0.0082960913717, 0.025183053027, 0.05760566977, 0.55045259102, 0.35846259481],
      [0.00042458212869, 0.44721171862, 0.014263548176, 0.20602958967, 0.3320705614]
    ],
    [
      [0.56438270837, 0.0022551038762, 0.016450747038, 0.40222303953, 0.014688401184],
      [6.5925065348e-05, 0.034734964723, 0.0057293945643, 0.87971976751, 0.079749948133],
      [0.026191133568, 0.33074412977, 0.031570256342, 0.57572936261, 0.03576511771],
      [0.0078976178446, 0.082384398366, 0.60269257951, 0.25878175846, 0.048243645825],
      [0.0017254507018, 0.12078878503, 0.057209556546, 0.55241731242, 0.2678588953],
      [0.0059975247348, 0.023497687095, 0.058652718501, 0.72926209288, 0.18258997679],
      [0.00034809315196, 0.4827667165, 0.016440723074, 0.30804438283, 0.19240008443]
    ],
    [
      [0.47350624459, 0.002135726749, 0.024293361921, 0.4252801501, 0.074784516638],
      [4.4432114208e-05, 0.023843976668, 0.006088030875, 0.66534583564, 0.30467772471],
      [0.020627518054, 0.26858376199, 0.039699009513, 0.51391057022, 0.15717914023],
      [0.0047183998645, 0.050426559413, 0.61034867685, 0.1738572509, 0.16064911297],
      [0.00069358860457, 0.049806733357, 0.036665108284, 0.24816326141, 0.66467130834],
      [0.002949771315, 0.011869509254, 0.046011147827, 0.40163217239, 0.53753739921],
      [0.00017108629032, 0.24177797949, 0.012892167201, 0.170060518, 0.57509824901]
    ],
    [
      [0.39753215973, 0.0043419081496, 0.03579559915, 0.52396298324, 0.038367349738],
      [4.0152932174e-05, 0.046981743272, 0.008764544578, 0.79833881191, 0.1458747473],
      [0.014392167891, 0.40330315645, 0.043940083578, 0.47865583561, 0.059708756476],
      [0.0036900377461, 0.085449659254, 0.66095110213, 0.18235049883, 0.067558702043],
      [0.00084974477139, 0.13157055087, 0.070318676626, 0.40707663409, 0.39018439364],
      [0.0032562273011, 0.028401680611, 0.079722126257, 0.59226999431, 0.29634997153],
      [0.00016386722163, 0.49369369222, 0.019375530676, 0.21765619712, 0.26911071276]
    ],
    [
      [0.3929421844, 0.0037096044909, 0.030157369419, 0.53193005173, 0.041260789955],
      [4.1465445298e-05, 0.039600153162, 0.007293193169, 0.79911140524, 0.15395378299],
      [0.015943193548, 0.36117465135, 0.03921682381, 0.51569729463, 0.06796803666],
      [0.0043776197634, 0.082539537158, 0.62058253815, 0.21055095047, 0.081949354465],
      [0.00089216489712, 0.11239417494, 0.059273997074, 0.41540553154, 0.41203413154],
      [0.0033724156803, 0.024017764217, 0.06634306669, 0.59558113301, 0.31068562041],
      [0.00018255504912, 0.44268095345, 0.017356235227, 0.23596629305, 0.30381396323]
    ],
    [
      [0.48729674868, 0.0026069167238, 0.030682316252, 0.45826241274, 0.021151605602],
      [6.3240934479e-05, 0.034648762795, 0.0092397112367, 0.85787239012, 0.098175894909],
      [0.024677352408, 0.31992234437, 0.050370067078, 0.56106604217, 0.043964193975],
      [0.0058252095216, 0.062965177852, 0.68850073635, 0.19711103427, 0.045597842007],
      [0.0015413714531, 0.11134883502, 0.085100444678, 0.50519530502, 0.29681404383],
      [0.0054303151031, 0.022178531368, 0.088761898223, 0.67489665446, 0.20873260084],
      [0.00032529265749, 0.45206796568, 0.025684387217, 0.29594817605, 0.2259741784]
    ],
    [
      [0.40769266822, 0.0034161075075, 0.025694646241, 0.53129145237, 0.031905125661],
      [4.5612686299e-05, 0.038001952282, 0.0064776428031, 0.83160681243, 0.1238679798],
      [0.017708421213, 0.34938787539, 0.035175849539, 0.54242237357, 0.055305480279],
      [0.005247629365, 0.086291386362, 0.59751275868, 0.23904868618, 0.071899539416],
      [0.0010618143662, 0.11662217337, 0.056912599865, 0.46803213432, 0.35737127807],
      [0.003883970298, 0.024132367562, 0.061648416496, 0.64919424405, 0.26114100159],
      [0.00021615906284, 0.45606771332, 0.016587085026, 0.26458643703, 0.26254260556]
    ],
    [
      [0.55070448041, 0.0022971424427, 0.023491673819, 0.40086511539, 0.022641587933],
      [7.7794863526e-05, 0.034166398628, 0.0079124214803, 0.84003925435, 0.11780413068],
      [0.030661786577, 0.3189132553, 0.043519918979, 0.55374977275, 0.053155266396],
      [0.0078695467128, 0.06821508986, 0.65222206746, 0.21162465478, 0.060068641193],
      [0.0018282053798, 0.10598756232, 0.070342457293, 0.47659639207, 0.34524538293],
      [0.0065740517629, 0.021520868002, 0.074845906376, 0.64989276989, 0.24716640397],
      [0.00038781151783, 0.43372706695, 0.021339377226, 0.28060200297, 0.26394374134]
    ],
    [
      [0.59137228383, 0.0024872982268, 0.016792723775, 0.37052255212, 0.018825142048],
      [9.425739927e-05, 0.040361040234, 0.0061763471735, 0.8466988175, 0.10666953769],
      [0.035212973854, 0.3565623058, 0.032215241149, 0.53027731294, 0.04573216626],
      [0.01108066596, 0.093596140022, 0.58365171849, 0.24844564194, 0.063225833593],
      [0.0022747930039, 0.12840667069, 0.056264397294, 0.49385903164, 0.31919510737],
      [0.0082072510002, 0.026196713305, 0.060098873678, 0.67556029803, 0.22993686398],
      [0.00044837259863, 0.48649054631, 0.015872681578, 0.27025777234, 0.22693062718]
    ],
    [
      [0.46829009889, 0.0017720931653, 0.030951182884, 0.47568454352, 0.023302081538],
      [5.9994257431e-05, 0.022842552965, 0.0090424832313, 0.86321017644, 0.10484479311],
      [0.026132231994, 0.23533368756, 0.055045227511, 0.63101676828, 0.05247208466],
      [0.0057421696235, 0.043144899259, 0.69418385981, 0.20630059248, 0.050628478821],
      [0.0014869280301, 0.07462856336, 0.084612295261, 0.51714285489, 0.32212935846],
      [0.0051068626468, 0.014499061674, 0.086037911595, 0.67344451392, 0.22091165016],
      [0.00035776260556, 0.34504125751, 0.029143361099, 0.34552702011, 0.27993059867]
    ],
    [
      [0.39527388314, 0.0018107326284, 0.028770677971, 0.54510868356, 0.029036022699],
      [4.4097701831e-05, 0.02026784231, 0.007297110727, 0.85888095322, 0.11350999604],
      [0.020060027506, 0.21824241271, 0.046423929255, 0.65594437707, 0.059329253453],
      [0.0048745997528, 0.044228235984, 0.65057395789, 0.23701342933, 0.063309777038],
      [0.0010933561655, 0.066252819198, 0.068348803448, 0.51468140299, 0.3496236182],
      [0.0037701576946, 0.012923167449, 0.069775665669, 0.67301630341, 0.24051470578],
      [0.00026901432144, 0.31339415856, 0.024069541015, 0.35163847887, 0.31062880724]
    ],
    [
      [0.52933500838, 0.0021208654563, 0.025861625673, 0.41980632647, 0.022876174018],
      [7.6553486924e-05, 0.030399443929, 0.0084025560861, 0.84671813838, 0.11440330812],
      [0.031024015484, 0.29154211129, 0.047616832942, 0.57649645988, 0.05332058041],
      [0.0075911800372, 0.05949759516, 0.6658032683, 0.20986104676, 0.057246909744],
      [0.0018272785437, 0.09563667456, 0.075681021065, 0.48871933383, 0.338135692],
      [0.006467991928, 0.019153646922, 0.079325191012, 0.65588753584, 0.2391656343],
      [0.00040380349981, 0.40585643785, 0.023949420324, 0.29996950641, 0.26982083191]
    ],
    [
      [0.46015725569, 0.0021108840632, 0.02463034732, 0.48842837615, 0.024673136782],
      [5.7212135161e-05, 0.026373382275, 0.0069739699902, 0.85896296076, 0.10763247484],
      [0.024401667132, 0.26635047376, 0.041579801723, 0.61492375774, 0.052744299648],
      [0.0064535665165, 0.058732884211, 0.63161986412, 0.24192135044, 0.06127233471],
      [0.001419914551, 0.086311423285, 0.065355269688, 0.51525427024, 0.33165912224],
      [0.0049437282239, 0.016994211514, 0.067363859338, 0.68026693799, 0.23043126294],
      [0.00032395986122, 0.37875108138, 0.021348588242, 0.32643236756, 0.27314400296]
    ],
    [
      [0.30944765983, 0.0021876221963, 0.027466233039, 0.62388652628, 0.037011958656],
      [2.9862729656e-05, 0.021126204182, 0.0060114278626, 0.84797094082, 0.12486156441],
      [0.013683394233, 0.22932764925, 0.03853047502, 0.65269746239, 0.065761019106],
      [0.0037229254231, 0.051996915386, 0.60181713631, 0.2639176813, 0.07854534159],
      [0.00072657785558, 0.067768136579, 0.055224063978, 0.49859387851, 0.37768734307],
      [0.0025461097829, 0.013434984341, 0.057300137914, 0.66270737369, 0.26401139427],
      [0.000175925802, 0.31544332598, 0.019142914464, 0.33517323399, 0.33006459977]
    ],
    [
      [0.47464771254, 0.0031200538898, 0.022945775638, 0.47334975133, 0.025936706599],
      [6.0351451663e-05, 0.039345624352, 0.0065593193671, 0.83994295262, 0.11409175221],
      [0.022986587742, 0.3545814353, 0.034931806218, 0.5375125101, 0.049987660645],
      [0.0068993204832, 0.088755296094, 0.59852774823, 0.24001096678, 0.065806668406],
      [0.0014319426448, 0.1230300299, 0.058706258796, 0.48192674656, 0.3349050221],
      [0.0051984446267, 0.025273049273, 0.063115609149, 0.66335539316, 0.24305750379],
      [0.0002866949472, 0.47281238438, 0.016831270002, 0.2679701958, 0.24209945487]
    ],
    [
      [0.45476152713, 0.0023882336616, 0.029579575142, 0.4906929587, 0.022577705363],
      [5.5113449824e-05, 0.029825998195, 0.0083695708539, 0.86323782463, 0.098511492874],
      [0.022610080663, 0.2897035826, 0.047960551013, 0.59336330891, 0.046362476816],
      [0.0054777718071, 0.058501117222, 0.6727443703, 0.21389134494, 0.049385395729],
      [0.0013693371729, 0.097743112914, 0.078590741746, 0.51805745608, 0.30423935209],
      [0.0047663246027, 0.01922931129, 0.080973661227, 0.68385848632, 0.21117221656],
      [0.0003021871823, 0.41539593966, 0.024808729108, 0.31730894394, 0.2421842001]
    ],
    [
      [0.44077344063, 0.0025610477503, 0.020443580427, 0.51171392878, 0.024508002416],
      [5.1882744781e-05, 0.030620702511, 0.0055392569211, 0.86143656433, 0.10235159349],
      [0.021463876968, 0.30015180085, 0.032019867574, 0.59775050365, 0.048613950959],
      [0.0066690137193, 0.077704577179, 0.57296175944, 0.27627466206, 0.066389987601],
      [0.0013062372987, 0.10168133863, 0.052663614799, 0.52403648752, 0.32031232175],
      [0.0045789729369, 0.020149197597, 0.054647873189, 0.69667210805, 0.22395184822],
      [0.00028126002506, 0.42153988768, 0.016232585209, 0.31321863293, 0.24872763416]
    ],
    [
      [0.40786486591, 0.0038422460618, 0.02932502447, 0.52688263732, 0.03208522624],
      [4.5356334143e-05, 0.042758913037, 0.0073958025604, 0.82516391767, 0.1246360104],
      [0.016857287728, 0.37641856859, 0.038438136412, 0.51503545158, 0.053250555693],
      [0.0047696762933, 0.08873987987, 0.62363551862, 0.21674325994, 0.066111665275],
      [0.0010339368086, 0.12850187441, 0.063634163521, 0.45469543873, 0.35213458653],
      [0.003830480615, 0.026927822126, 0.069814424895, 0.63881149064, 0.26061578172],
      [0.00020296035973, 0.48474587464, 0.017879338384, 0.24781760265, 0.24935422397]
    ],
    [
      [0.3211774336, 0.0036784831829, 0.025182012649, 0.6172711562, 0.032690914372],
      [3.1095010716e-05, 0.035870955089, 0.0055648542074, 0.84722873169, 0.111304364],
      [0.012388144257, 0.33879803228, 0.031006515067, 0.56682906068, 0.050978247714],
      [0.0039455950555, 0.08983007009, 0.56665770418, 0.26832131605, 0.071245314632],
      [0.00075568660755, 0.11495054463, 0.051043799073, 0.49753545592, 0.33571451377],
      [0.0027170107629, 0.023374108204, 0.054349379253, 0.67856526145, 0.24099424033],
      [0.00015498758292, 0.45338323, 0.014983174265, 0.28320259953, 0.24827600862]
    ],
    [
      [0.38783976607, 0.0028439337712, 0.027497017472, 0.55203685799, 0.029782424693],
      [4.1685665121e-05, 0.031047980479, 0.0068007752795, 0.84849242561, 0.11361713297],
      [0.017178187156, 0.30325546581, 0.039185771909, 0.58662287301, 0.053757702107],
      [0.004713935708, 0.06930753287, 0.6218289513, 0.23934315659, 0.064806423533],
      [0.0010083709193, 0.099060585551, 0.062159257483, 0.49584551461, 0.34192627143],
      [0.0035851322793, 0.019911400765, 0.06542923626, 0.66866756931, 0.24240666138],
      [0.00021892867354, 0.41400865911, 0.019308524838, 0.29881149421, 0.26765239316]
    ],
    [
      [0.48249417539, 0.00282651272, 0.031977168676, 0.45465174047, 0.028050402745],
      [6.0464270059e-05, 0.036530617352, 0.0093571442349, 0.8271488219, 0.12690295224],
      [0.023336229776, 0.33519740164, 0.050493986112, 0.53484871189, 0.05612367058],
      [0.0054489899595, 0.065075522836, 0.68600767264, 0.18576013726, 0.057707677304],
      [0.0013654287352, 0.10897830908, 0.079986367591, 0.4509060427, 0.35876385189],
      [0.0049912615798, 0.022486057393, 0.086514929592, 0.62522689321, 0.26078085823],
      [0.00028652357992, 0.4420916862, 0.024009306161, 0.26265079237, 0.27096169169]
    ],
    [
      [0.51715696799, 0.0031866123264, 0.041180807789, 0.41165436771, 0.026821244189],
      [7.2910158833e-05, 0.044631246104, 0.013069212347, 0.81112273857, 0.13110389282],
      [0.025794104605, 0.37413823318, 0.064682436856, 0.48204973108, 0.053335494279],
      [0.0051651059052, 0.062425061918, 0.74195351359, 0.14359102742, 0.046865291173],
      [0.0015594151342, 0.12588027696, 0.10554609506, 0.41942975627, 0.34758445657],
      [0.0058101401417, 0.026524398311, 0.11644203843, 0.59253553927, 0.25868788384],
      [0.0003123831081, 0.48477848473, 0.030268260745, 0.23336190095, 0.25127897047]
    ],
    [
      [0.50579549137, 0.0033501764991, 0.037310506498, 0.41683002613, 0.036713799507],
      [6.5783802601e-05, 0.044253876758, 0.011165203995, 0.77497940871, 0.16953572673],
      [0.023789369194, 0.3793609411, 0.056441719068, 0.47006832643, 0.070339644203],
      [0.0051672258331, 0.068618274167, 0.70716311752, 0.15193479879, 0.067116583689],
      [0.0013177033723, 0.11692321863, 0.084508247533, 0.37507149934, 0.42217933112],
      [0.0050796658048, 0.025478136028, 0.096454639845, 0.54829232634, 0.32469523199],
      [0.00026697375009, 0.45599265651, 0.024496015679, 0.21099885139, 0.30824550267]
    ],
    [
      [0.43309430982, 0.002915524432, 0.042993613375, 0.48557966825, 0.035416884118],
      [4.8616024656e-05, 0.034438530255, 0.011485293029, 0.80739340659, 0.1466341541],
      [0.019072772269, 0.32182096769, 0.063060000687, 0.53019200412, 0.065854255233],
      [0.0037501892059, 0.052532380322, 0.73173126586, 0.15496614848, 0.057020016125],
      [0.0010377636126, 0.097215990755, 0.093018841992, 0.41574632404, 0.3929810796],
      [0.003846029848, 0.020321468683, 0.10199891837, 0.58457850065, 0.28925508245],
      [0.00022631965037, 0.41075841043, 0.028981595083, 0.25162514306, 0.30840853177]
    ],
    [
      [0.43589169275, 0.0030953458933, 0.043807000476, 0.48555047869, 0.031655482189],
      [5.2993841485e-05, 0.037096193392, 0.011898459802, 0.81860451905, 0.13234783391],
      [0.02018003746, 0.33443058928, 0.063397637486, 0.52399649098, 0.057995244797],
      [0.0040720275544, 0.056262920569, 0.73109241467, 0.15725532036, 0.051317316846],
      [0.0011618069334, 0.10719762037, 0.09844856732, 0.43399730338, 0.35919470201],
      [0.0042599017983, 0.022240638301, 0.10690205372, 0.60336135597, 0.26323605021],
      [0.00024705461208, 0.43762596898, 0.029974064355, 0.25634172975, 0.2758111823]
    ],
    [
      [0.29978432611, 0.0034873905444, 0.0274779963, 0.63646783388, 0.032782453165],
      [2.8526238527e-05, 0.033177027905, 0.0059234421567, 0.85198815482, 0.10888284888],
      [0.011617503468, 0.32066305139, 0.033757241783, 0.58296342847, 0.05099877489],
      [0.0035162779259, 0.080765395125, 0.58577734122, 0.26219374982, 0.067747235916],
      [0.00069993819377, 0.10737612734, 0.054872035028, 0.5051884123, 0.33186348714],
      [0.002491889675, 0.021615522514, 0.05784557538, 0.68224230266, 0.23580470977],
      [0.00014750606753, 0.43555716306, 0.016554693475, 0.29552383894, 0.25221679846]
    ],
    [
      [0.42876242381, 0.0033126717534, 0.048538203223, 0.48737710402, 0.032009597191],
      [5.0821081002e-05, 0.039350720398, 0.013067652499, 0.81478839787, 0.13274240816],
      [0.018918012103, 0.34701977406, 0.068014964145, 0.50926137705, 0.056785872646],
      [0.0036330196939, 0.055524271564, 0.74749414396, 0.14548446097, 0.047864103813],
      [0.0010971661726, 0.1120011633, 0.10648943235, 0.42516839527, 0.35524384291],
      [0.0040463028914, 0.023362014947, 0.1162951774, 0.59460019321, 0.26169631155],
      [0.00023005845609, 0.45151337824, 0.031962750665, 0.24754788229, 0.26874593035]
    ],
    [
      [0.47310033883, 0.0025562171412, 0.045228366817, 0.45138755246, 0.027727524751],
      [6.0442824055e-05, 0.033273857291, 0.013342197773, 0.82726676997, 0.12605673215],
      [0.023549138771, 0.30697078657, 0.072617642099, 0.54048631071, 0.056376121847],
      [0.0042838681434, 0.046543433036, 0.7577964257, 0.14632085796, 0.045055415154],
      [0.0013396694548, 0.097251681787, 0.1116581633, 0.44302006335, 0.3467304221],
      [0.0048346611077, 0.019843148269, 0.11929818743, 0.60626298741, 0.24976101578],
      [0.00029680813718, 0.41459959916, 0.035408432013, 0.27251400196, 0.27718115872]
    ],
    [
      [0.5069031097, 0.0024578404761, 0.026364919053, 0.4415119439, 0.02276218687],
      [7.0009674893e-05, 0.033610838811, 0.0081732409054, 0.84957910514, 0.10856680547],
      [0.027652750148, 0.31402847043, 0.04513867616, 0.5638470313, 0.049333071954],
      [0.0070549609555, 0.066833168707, 0.6568880423, 0.21402002697, 0.055203801069],
      [0.00168470796, 0.10658316048, 0.074189734072, 0.49441260034, 0.32312979714],
      [0.0059796469486, 0.021408036855, 0.077982005824, 0.66533299498, 0.22929731539],
      [0.00035893813376, 0.43579343853, 0.022635907698, 0.29257001077, 0.24864170487]
    ],
    [
      [0.46729671904, 0.0022225576178, 0.027576887721, 0.45883883749, 0.044064998131],
      [5.5167361149e-05, 0.026823965848, 0.0075421924864, 0.77960192216, 0.18597675214],
      [0.023819986057, 0.27418570338, 0.045485873137, 0.564420193, 0.092088244428],
      [0.0057880892411, 0.055544882049, 0.63623842397, 0.20409391812, 0.098334686617],
      [0.0011394926646, 0.073066091101, 0.058834487633, 0.38904396883, 0.47791595977],
      [0.0042915675419, 0.015560023696, 0.065597446221, 0.55563103257, 0.35891992998],
      [0.00026531744541, 0.32723964053, 0.019609308596, 0.2515246751, 0.40136105833]
    ],
    [
      [0.56922114141, 0.0017697639565, 0.023078285209, 0.38831515883, 0.017615650598],
      [8.9678012877e-05, 0.028041337229, 0.0082878388052, 0.86615289735, 0.097428248604],
      [0.036839101241, 0.2725725405, 0.047573897357, 0.59703721762, 0.04597724328],
      [0.0090193886707, 0.05566914528, 0.66831740224, 0.21753848932, 0.049455574486],
      [0.0022453839906, 0.092570737242, 0.078347470105, 0.5242136973, 0.30262271137],
      [0.0077471172573, 0.018062125425, 0.080022884355, 0.68575604992, 0.20841182305],
      [0.00050541094047, 0.40064833023, 0.025248956171, 0.32767603732, 0.24592126533]
    ],
    [
      [0.54686864804, 0.001498232423, 0.023226065784, 0.41154100668, 0.016866047073],
      [8.4262001928e-05, 0.022763253366, 0.0079993683983, 0.87978799728, 0.08936511895],
      [0.036381578291, 0.23249089111, 0.048305313782, 0.63841983356, 0.044402383257],
      [0.008804704535, 0.04694683929, 0.66726978941, 0.22984088024, 0.047137786518],
      [0.0021922176971, 0.078046990882, 0.07852044078, 0.5535817453, 0.28765860534],
      [0.0073753181853, 0.014859357305, 0.078225225102, 0.70610256622, 0.19343753319],
      [0.00052323630692, 0.35754829342, 0.026840912712, 0.3670145388, 0.24807301876]
    ],
    [
      [0.42901984329, 0.0017646775092, 0.021400129301, 0.52657240809, 0.021242941807],
      [5.2180057495e-05, 0.021072784741, 0.0057927491313, 0.8846276316, 0.088454654475],
      [0.023493420308, 0.22449339882, 0.036488511076, 0.66967527429, 0.045849395505],
      [0.0067318057635, 0.053663277576, 0.59661370841, 0.28538044597, 0.057610762272],
      [0.0013968993886, 0.074344671007, 0.058502967738, 0.57280485081, 0.29295061105],
      [0.0046771229338, 0.014087966649, 0.058006685941, 0.72715327594, 0.19607494853],
      [0.00033566537014, 0.3428420252, 0.020135335755, 0.38233000169, 0.25435697198]
    ],
    [
      [0.4945859796, 0.0016876045811, 0.019872559953, 0.45968724814, 0.024166607726],
      [6.6208303953e-05, 0.022422537583, 0.0059852900982, 0.85949604755, 0.11202991647],
      [0.029386197055, 0.23542377272, 0.037141950708, 0.64086363339, 0.057184446136],
      [0.0082684461813, 0.05526704415, 0.597602923, 0.2682599347, 0.070601651969],
      [0.0016578421411, 0.07399750775, 0.056547973843, 0.52042516652, 0.34737150974],
      [0.0057303177791, 0.014472635356, 0.057875527127, 0.6820205417, 0.23990097803],
      [0.00039438181682, 0.33798914542, 0.019265434237, 0.34385769554, 0.29849334298]
    ],
    [
      [0.47499984166, 0.0017981346409, 0.022340868904, 0.47851094723, 0.022350207571],
      [6.1591718139e-05, 0.023215606549, 0.0065386201848, 0.86950435766, 0.10067982388],
      [0.027033855977, 0.24104962008, 0.040119136785, 0.64098443385, 0.050812953312],
      [0.007309414649, 0.054374478684, 0.62018479502, 0.25783650914, 0.06029480251],
      [0.0015760276685, 0.0782943512, 0.06313004114, 0.53797453994, 0.31902504005],
      [0.0053897723504, 0.015149601365, 0.063925889803, 0.69755786539, 0.21797687109],
      [0.00037153010755, 0.35446660622, 0.021312248368, 0.35221139713, 0.27163821818]
    ],
    [
      [0.52691628139, 0.0017844300994, 0.019722849629, 0.43006906898, 0.021507369898],
      [7.3164150225e-05, 0.025375580293, 0.0063569599419, 0.86137872113, 0.10681557448],
      [0.031429331907, 0.25768629092, 0.038118099072, 0.62012002461, 0.052646253499],
      [0.0087392169189, 0.059797576792, 0.61042018164, 0.25669975173, 0.06434327292],
      [0.0018341851775, 0.083872133995, 0.06016817689, 0.52181963388, 0.33230587006],
      [0.0063566252487, 0.016435754962, 0.061723786788, 0.68567491553, 0.22980891747],
      [0.00042173192026, 0.37082595332, 0.019803564718, 0.33311679317, 0.27583195687]
    ],
    [
      [0.49066519812, 0.0020892406889, 0.026175234228, 0.45654284781, 0.024527479157],
      [6.5180218146e-05, 0.027673653116, 0.0078576768054, 0.85102802251, 0.11337546735],
      [0.027276836463, 0.27410195212, 0.045979019256, 0.59809511744, 0.054547074719],
      [0.006783106969, 0.056845140021, 0.65557512339, 0.22126443821, 0.059532191404],
      [0.001578128335, 0.088327809023, 0.071816523409, 0.49818166035, 0.34009587888],
      [0.0055438449527, 0.017552620191, 0.074699521546, 0.66354763594, 0.23865637737],
      [0.00035758870648, 0.38456395084, 0.023298813938, 0.31350432398, 0.27827532254]
    ],
    [
      [0.41649843278, 0.0021215509177, 0.030962461067, 0.52917042081, 0.021247134417],
      [4.8354787758e-05, 0.025032301533, 0.0082732086957, 0.87907225221, 0.087573882772],
      [0.020726868102, 0.25459253045, 0.049609661902, 0.63195834043, 0.04311259911],
      [0.0048841096395, 0.049968689283, 0.67908116329, 0.22137240244, 0.044693635345],
      [0.0012515245135, 0.085527985987, 0.081018107492, 0.54954063204, 0.28266174997],
      [0.0042457546363, 0.016392147845, 0.081333752035, 0.70711511255, 0.19091323293],
      [0.00029015396285, 0.3826451123, 0.026875036478, 0.35367451934, 0.23651517793]
    ],
    [
      [0.47472320118, 0.0021465905827, 0.02373429723, 0.47238313192, 0.027012779086],
      [6.0805351689e-05, 0.027315373965, 0.0068450226854, 0.84580205771, 0.11997674029],
      [0.025742168453, 0.27380534199, 0.040526547794, 0.60152307862, 0.058402863145],
      [0.0069096162327, 0.06128198256, 0.62283891237, 0.24016010258, 0.068809386261],
      [0.0014625302083, 0.086620335979, 0.06214524188, 0.49185749015, 0.35791440178],
      [0.0051729088443, 0.017330820139, 0.065080224006, 0.65964256737, 0.25277347964],
      [0.00033139354743, 0.37716149943, 0.020165264415, 0.30953546637, 0.29280637623]
    ],
    [
      [0.51815700144, 0.00296692344, 0.019829368045, 0.42667627003, 0.032370437046],
      [6.1559315153e-05, 0.03961345808, 0.0059772485253, 0.80190550233, 0.15244223175],
      [0.023611904929, 0.36538866637, 0.032032772682, 0.51247998488, 0.066486671142],
      [0.0070903411683, 0.090510619744, 0.58509604428, 0.22883395188, 0.08846904292],
      [0.0013255368108, 0.11333750615, 0.048976977363, 0.41551233933, 0.42084764035],
      [0.0050454397363, 0.024213496767, 0.055069494514, 0.60042588089, 0.3152456881],
      [0.00026778402111, 0.44913267449, 0.01414411308, 0.23279409016, 0.30366133825]
    ],
    [
      [0.69940369184, 0.0012717637631, 0.013029772005, 0.27531042857, 0.010984343822],
      [0.00015867725937, 0.028801766658, 0.0066887296681, 0.87757243239, 0.086778394028],
      [0.06331244798, 0.27176533927, 0.037295369849, 0.58782395181, 0.039802891097],
      [0.018215672694, 0.065251559234, 0.61453340086, 0.25172396611, 0.050275401098],
      [0.0041276619586, 0.098757763475, 0.065661641707, 0.55200128105, 0.27945165181],
      [0.014027706357, 0.018985126046, 0.066065573901, 0.71117708727, 0.18974450643],
      [0.00090961284259, 0.41806393204, 0.02072149638, 0.33786686904, 0.2224380897]
    ],
    [
      [0.48480135159, 0.0021681575106, 0.02212220263, 0.47007392691, 0.020834361357],
      [6.1208450453e-05, 0.028462229198, 0.0065692865781, 0.86918675276, 0.095720523017],
      [0.025571269272, 0.28234037036, 0.038387994659, 0.60788214074, 0.045818224967],
      [0.0070118556981, 0.064436829563, 0.62544097455, 0.24776595453, 0.055344385663],
      [0.0015574929935, 0.095687457231, 0.063377404241, 0.53377287259, 0.30560477295],
      [0.0053920498263, 0.018695737889, 0.064902175399, 0.70099049586, 0.21001954103],
      [0.00034418057853, 0.40895735258, 0.02001936538, 0.32737239867, 0.24330670279]
    ],
    [
      [0.28763614633, 0.0043890059314, 0.034698580062, 0.61802366106, 0.055252606617],
      [2.4622128599e-05, 0.039350624232, 0.0070388871852, 0.77952435881, 0.17406150764],
      [0.0095647336144, 0.36666260524, 0.038332994188, 0.508015505, 0.077424161951],
      [0.002621209092, 0.082938265053, 0.61466830968, 0.20639845332, 0.093373762852],
      [0.00050577663957, 0.10694777188, 0.054791416381, 0.38592361005, 0.45183142505],
      [0.0019531454253, 0.023289286326, 0.062632175169, 0.56609545992, 0.34602993316],
      [0.00010441049941, 0.42880986247, 0.016166198803, 0.22086367415, 0.33405585407]
    ],
    [
      [0.35760330073, 0.0036026375784, 0.032396544443, 0.56607934872, 0.04031816853],
      [3.6854703372e-05, 0.036748160729, 0.0074874921583, 0.81212543029, 0.14360206212],
      [0.014487517728, 0.34281735833, 0.041197304214, 0.53657690648, 0.064920913246],
      [0.0038709522701, 0.076251035087, 0.63060491016, 0.21314602263, 0.076127079861],
      [0.00081569739827, 0.10728731142, 0.062575849545, 0.43451715352, 0.39480398812],
      [0.0030323455759, 0.022552575806, 0.068878232142, 0.61258792737, 0.29294891911],
      [0.00017044632863, 0.43138108026, 0.018723792569, 0.25215672852, 0.29756795232]
    ],
    [
      [0.44265343205, 0.002226817299, 0.02316143715, 0.50333063755, 0.02862767595],
      [5.2355266504e-05, 0.026633915284, 0.0062754924445, 0.84736948879, 0.11966874822],
      [0.022465440451, 0.27085900579, 0.037651781651, 0.61007021809, 0.058953554014],
      [0.0062521036922, 0.062812683682, 0.60633944945, 0.25248176727, 0.072113995912],
      [0.0012671469296, 0.085044672656, 0.057401693337, 0.49550910966, 0.36077737742],
      [0.0044794818976, 0.016994465977, 0.060063071141, 0.66432245554, 0.25414052544],
      [0.00028810036469, 0.37232832898, 0.018680265878, 0.31280111338, 0.2959021914]
    ],
    [
      [0.34570938891, 0.0031083556226, 0.04192844289, 0.58322020981, 0.026033602773],
      [3.6299410146e-05, 0.032643501912, 0.0099774532805, 0.86194563324, 0.095397112162],
      [0.014478884543, 0.30860464245, 0.055678012946, 0.57746957183, 0.043768888234],
      [0.0032071740851, 0.056939554407, 0.70714560513, 0.19016637217, 0.042541294206],
      [0.00089039546873, 0.10559169028, 0.092408480554, 0.51101740091, 0.29009203279],
      [0.0031136284307, 0.02088227164, 0.095687699299, 0.67771587322, 0.20260052741],
      [0.0001923140554, 0.43863915586, 0.028567913615, 0.30643334337, 0.2261672731]
    ],
    [
      [0.33110070488, 0.0029806377679, 0.037625398664, 0.60250048129, 0.025792777396],
      [3.4065222719e-05, 0.030533930946, 0.0087347336542, 0.8685166599, 0.092180610273],
      [0.013931285125, 0.29595362004, 0.04997873626, 0.59676315006, 0.043373208513],
      [0.0033178293558, 0.058716175488, 0.68135951178, 0.21128468979, 0.04532179359],
      [0.00085641369654, 0.10122026499, 0.082894913606, 0.52781522526, 0.28721318244],
      [0.002966759349, 0.019832625509, 0.085033856549, 0.69342575191, 0.19874100668],
      [0.00018746938169, 0.42607204288, 0.025977870048, 0.32079293075, 0.22696968693]
    ],
    [
      [0.35844073682, 0.0049815012678, 0.030000373049, 0.56815561965, 0.038421769212],
      [3.4926471876e-05, 0.050293785773, 0.0068548300359, 0.80688108155, 0.13593537617],
      [0.012286696067, 0.42324413433, 0.033759571496, 0.47589938384, 0.054810214267],
      [0.0037556653288, 0.1070303166, 0.59938401329, 0.21606440054, 0.073765604236],
      [0.00076193072306, 0.14514736346, 0.056602688162, 0.42459322395, 0.3728947937],
      [0.0029200329791, 0.031358139318, 0.064191533218, 0.6176733406, 0.28385695388],
      [0.00014075213402, 0.52034780283, 0.014958360967, 0.21757500955, 0.24697807451]
    ],
    [
      [0.55238148307, 0.0024369173055, 0.016386308946, 0.40743164624, 0.021363644438],
      [8.1615959551e-05, 0.036048140097, 0.0054910312974, 0.84804245918, 0.11033675346],
      [0.031838652938, 0.33338004936, 0.029955559663, 0.55536622281, 0.049459515229],
      [0.010334359668, 0.090146643174, 0.56086825244, 0.26814533478, 0.070505409931],
      [0.0019850366417, 0.11566490574, 0.050441713182, 0.49857506041, 0.33333328403],
      [0.0071144921235, 0.023432296284, 0.053516767242, 0.67756021447, 0.23837622988],
      [0.00040609488094, 0.45555413153, 0.014775761172, 0.28325731761, 0.2460066948]
    ],
    [
      [0.35686001478, 0.0047307270732, 0.052062796236, 0.54754830802, 0.038798153893],
      [3.7083597591e-05, 0.049026792907, 0.012227186499, 0.7984057073, 0.1403032297],
      [0.012910455066, 0.40432536131, 0.059549327172, 0.46702555141, 0.05618930504],
      [0.0027503964612, 0.071754641263, 0.72506562153, 0.14794584881, 0.052483491936],
      [0.00077604211892, 0.13524743597, 0.0965576205, 0.40390229135, 0.36351661005],
      [0.0029523521483, 0.02910866714, 0.10879832722, 0.58271999137, 0.27642066213],
      [0.00015009961139, 0.50246350536, 0.026732772047, 0.21691765197, 0.25373597101]
    ],
    [
      [0.46249702872, 0.0025797865575, 0.030460052057, 0.47314812973, 0.031315002927],
      [5.83432418e-05, 0.031945694106, 0.0085505467205, 0.82420446261, 0.13524095332],
      [0.023568903821, 0.30538256688, 0.048322858714, 0.55983916153, 0.062886509062],
      [0.0056936254524, 0.061529756708, 0.66501126431, 0.20115948159, 0.066605871945],
      [0.0013212970253, 0.09533744244, 0.073042199777, 0.4514742756, 0.37882478516],
      [0.0048000447072, 0.019602339645, 0.07858579043, 0.62184143197, 0.27517039325],
      [0.00028991330898, 0.40135484832, 0.022954188604, 0.27517197995, 0.30022906981]
    ],
    [
      [0.61916858271, 0.0022987061011, 0.018729987044, 0.33000939202, 0.029793332125],
      [0.00010096045358, 0.038567153087, 0.0071189458603, 0.77936749918, 0.17484544142],
