{
  "Z_true": {},
  "V_true": [
    [38, 88, 885, 536],
    [147, 1855, 460, 233],
    [233, 7690, 266, 204],
    [206, 508, 14751, 379],
    [1553, 1126, 713, 175],
    [92, 331, 307, 333]
  ],
  "p_true": [
    [0.0246, 0.0569, 0.5721, 0.3465],
    [0.0545, 0.6883, 0.1707, 0.0865],
    [0.0278, 0.9162, 0.0317, 0.0243],
    [0.013, 0.0321, 0.931, 0.0239],
    [0.4354, 0.3157, 0.1999, 0.0491],
    [0.0865, 0.3114, 0.2888, 0.3133]
  ],
  "Z_est": [
    [
      [0.161, 0.0083, 0.0056, 0, 0.0056, 0.1916, 0.397, 0.0972, 0.1749, 0.0333, 0.1721, 0.4025, 0.1305, 0.0555, 0.2387, 0.05, 0, 0.0111, 0, 0.1471, 0.2457, 0.0056, 0, 0.4958, 0.0139, 0.1388, 0.0861, 0.1777, 0.1166, 0.0583, 0.2554, 0.1693, 0.136, 0.0972, 0.0194, 0.0111, 0, 0.0361, 0.0028, 0.1832, 0.075, 0.05, 0.2054, 0.0194, 0, 0.0305, 1.4158, 0.1666, 0.4719, 0.0361],
      [4.6078, 0.3322, 0.594, 0, 0, 2.5107, 8.4355, 2.5278, 3.075, 2.2913, 4.2322, 8.9989, 0.69, 1.7767, 6.4642, 1.3561, 0, 0.1444, 0, 5.0411, 0.2311, 0.3007, 0, 4.677, 0.3076, 4.4344, 2.2506, 12.253, 3.0767, 0, 3.2278, 4.68, 4.754, 2.7205, 0.3033, 0.2456, 0, 1.0833, 0.544, 4.2615, 2.47, 1.6033, 1.2988, 1.0111, 0, 2.2822, 41.6577, 4.5211, 10.8189, 2.1233],
      [11.2497, 0.8672, 3.4004, 0, 0.409, 22.2215, 61.9681, 24.1558, 26.0923, 18.1124, 28.2754, 36.995, 11.8606, 13.1376, 52.4718, 3.2722, 0, 0.4483, 0, 27.3324, 1.0361, 2.4143, 0, 10.6668, 3.9044, 10.5427, 11.7241, 27.9661, 7.9879, 0.8181, 22.3755, 28.4342, 26.8742, 17.6128, 7.3943, 1.1036, 0, 12.6492, 2.1388, 32.634, 8.4901, 8.0214, 17.2369, 3.9594, 0, 7.0633, 270.9517, 13.7268, 37.4822, 9.3398],
      [7.9815, 0.7923, 0, 0, 0.5854, 14.0762, 23.1994, 8.2193, 10.6577, 4.563, 10.3203, 22.6036, 8.319, 6.0302, 15.8253, 3.3217, 0, 0.3961, 0, 11.4794, 0.4871, 1.2794, 0, 3.1604, 0.7741, 6.8841, 5.9392, 12.6033, 5.8189, 1.1236, 10.1413, 10.7164, 11.2358, 5.5695, 2.283, 0.6397, 0, 4.2314, 0.3145, 9.9212, 4.965, 4.3253, 11.2588, 2.0101, 0, 3.624, 108.9747, 12.5855, 30.227, 3.5007]
    ],
    [
      [0.1587, 0.0093, 0.0101, 0.0093, 0.0072, 0.1441, 0.3033, 0.0687, 0.1064, 0.008, 0.1336, 0.287, 0.087, 0.0133, 0.2067, 0.0881, 0, 0.0085, 0.0034, 0.192, 0.2643, 0.0013, 0.0036, 0.0113, 0, 0.1519, 0.069, 0.1335, 0.0793, 0.0345, 0.1492, 0.1154, 0.1293, 0.0878, 0.012, 0.0144, 0.0028, 0.0321, 0.0065, 0.1406, 0.0707, 0.0545, 0.0015, 0.0208, 0, 0.0425, 1.3474, 0.1776, 0.4252, 0.0087],
      [63.6037, 4.1108, 2.4094, 2.332, 3.4164, 54.7257, 110.6502, 28.1699, 35.0824, 17.0717, 52.0774, 109.0817, 31.2936, 29.2104, 77.4999, 41.6008, 1.8896, 2.984, 3.2635, 81.3614, 4.5741, 4.9859, 1.8192, 3.4942, 0, 60.8161, 26.5567, 50.2534, 31.8684, 10.8775, 47.1, 46.4144, 50.9976, 33.0566, 3.9346, 5.0644, 0.9086, 13.2777, 2.6368, 50.5097, 30.0731, 21.8694, 0.6557, 10.0185, 0, 21.8871, 543.8959, 77.6368, 171.7107, 66.4226],
      [15.4788, 0.6998, 3.5805, 1.6587, 0.4197, 9.608, 26.0559, 1.5869, 7.1499, 8.9943, 8.5791, 15.9274, 5.1687, 8.4011, 20.7789, 8.6117, 0.3506, 0.8718, 0.7524, 21.8509, 0.9653, 3.6839, 0.1024, 1.2791, 0, 17.346, 5.1814, 9.37, 1.7916, 2.5075, 10.6107, 2.6107, 12.5296, 9.3711, 0.838, 2.6394, 0.0512, 2.0842, 1.3496, 13.0839, 4.6004, 6.0542, 0.0512, 0.5631, 0, 1.2285, 118.599, 12.8788, 33.3288, 9.4698],
      [2.7587, 0.1801, 0, 0, 0.1568, 2.5221, 4.9906, 1.1745, 1.6612, 0.9259, 2.21, 4.7038, 1.4507, 1.3751, 3.5145, 1.6993, 0.7599, 0.1356, 0.9806, 3.5957, 0.1963, 0.3289, 0.0749, 0.2154, 0, 2.686, 1.1929, 2.2431, 1.2607, 0.5806, 2.14, 1.8596, 2.3434, 1.4846, 0.2154, 0.2818, 0.0374, 0.606, 0.0071, 2.2657, 1.2558, 1.022, 0.2917, 0.3976, 0, 0.8419, 24.1576, 3.3068, 7.5353, 0.0989]
    ],
    [
      [2.4488, 0.2114, 0.0557, 0.0445, 0.1017, 0.8662, 8.0482, 0.0008, 4.0226, 0.0003, 2.5156, 4.9428, 2.0486, 0.0005, 3.1837, 0.7903, 0, 0.1103, 0, 2.6044, 0.5303, 0, 0, 0.0669, 0.048, 2.4041, 0.0007, 5.2069, 0.001, 0.206, 7.1297, 2.8605, 0.5158, 0.6702, 0.1559, 0.2428, 0, 0.0003, 0.0753, 1.9372, 1.0838, 0.9794, 1.4421, 0.0002, 0.0111, 0.0003, 18.399, 4.0214, 15.0471, 0.0003],
      [204.1875, 16.1672, 4.7761, 2.9053, 13.7893, 296.5737, 382.4876, 107.8538, 117.8966, 35.3205, 198.9041, 406.5059, 166.1674, 71.0181, 261.1287, 65.0226, 3.3222, 4.4468, 3.448, 215.4571, 10.8318, 6.942, 6.3574, 4.2495, 2.4851, 201.1548, 176.9469, 314.8781, 136.4781, 133.8463, 315.7354, 229.322, 164.5605, 96.8417, 11.8914, 9.4589, 4.5855, 51.0592, 7.2504, 160.1182, 104.3285, 74.6975, 36.5653, 48.6277, 0.9672, 106.5614, 1880.783, 208.1889, 494.1867, 62.2502],
      [4.7717, 1.3012, 0.1682, 1.0502, 0.4334, 8.3648, 13.5811, 2.5377, 2.9064, 2.7198, 16.5687, 9.6302, 1.9331, 1.7135, 8.5569, 2.1027, 0.6154, 0.1084, 0.6441, 5.0754, 0.0834, 2.1599, 0.2297, 0.1301, 1.0899, 6.3113, 0.7927, 3.5363, 3.1667, 2.2237, 12.1086, 14.5029, 3.8825, 4.0306, 0.3037, 1.6611, 0.2498, 5.4248, 0.5097, 5.8529, 2.4509, 7.9789, 1.3514, 2.2572, 0.0217, 4.8041, 44.3338, 8.457, 22.1792, 1.4315],
      [8.592, 1.3201, 0, 0, 1.6757, 15.1953, 20.8831, 6.6077, 9.1744, 2.9594, 8.0116, 22.9211, 13.8509, 6.268, 13.1307, 3.0844, 1.0624, 0.3344, 1.9079, 10.8631, 0.5545, 1.898, 0.4129, 1.5534, 0.3771, 6.1298, 7.2597, 14.3787, 6.3542, 9.724, 9.0263, 10.3147, 10.0413, 3.4574, 1.649, 0.6373, 0.1646, 3.5157, 0.1646, 6.0917, 5.1368, 4.3442, 6.6412, 2.115, 0, 2.6342, 100.4842, 13.3327, 31.587, 2.318]
    ],
    [
      [1.0692, 0.0235, 0.0973, 0.0302, 0.0548, 0.0004, 9.3735, 0.0002, 4.5649, 0.0001, 3.0358, 4.4925, 4.2071, 0.0001, 9.063, 0.3842, 0, 0.6267, 5.3886e-06, 0.8955, 0.0421, 0, 0.0028, 1.2499, 0.0422, 0.4697, 0.5678, 2.1764, 0.0002, 0.4256, 2.0981, 0.3104, 0.0003, 0.0002, 0, 0.2781, 0, 0.0001, 5.3886e-06, 2.045, 0.0001, 0.4342, 7.29, 0, 5.3886e-06, 0.0001, 0.0027, 5.3116, 8.6752, 0.0001],
      [13.1438, 0.5687, 0.2225, 0.1483, 1.3285, 24.1222, 14.4391, 8.7068, 4.6976, 3.9995, 7.2443, 24.0437, 12.3317, 4.3415, 11.1434, 3.9291, 0.1483, 1.0325, 0.1978, 15.3928, 0.0839, 0.3461, 2.7648, 2.5635, 0.0742, 10.4839, 7.9649, 2.5421, 14.7254, 8.611, 0, 8.7424, 18.0564, 10.4637, 0.5192, 0.4203, 0.2654, 1.8543, 0.272, 9.1761, 16.666, 2.7444, 1.0137, 4.7968, 0.4478, 9.0548, 110.6438, 7.7387, 18.5186, 6.3538],
      [565.6908, 25.7533, 33.6802, 14.8215, 10.5767, 293.0013, 1010.1998, 244.2095, 250.391, 400.2098, 381.6137, 524.3863, 155.9774, 149.2815, 489.0317, 153.6437, 8.7814, 11.3357, 13.6907, 569.1852, 9.7965, 11.5517, 59.7233, 110.7364, 9.8786, 268.9654, 171.0878, 295.9574, 247.9156, 91.176, 361.7881, 292.0709, 452.0471, 341.4829, 117.4614, 64.9659, 10.6756, 251.3163, 31.7255, 516.6854, 220.75, 160.2072, 67.0521, 75.194, 10.5522, 230.9047, 4086.7699, 287.2752, 868.6461, 193.6107],
      [0.0961, 0.6545, 0, 0, 1.04, 8.8761, 5.9876, 0.0835, 6.3465, 0.7906, 0.1063, 6.0775, 4.4838, 1.3769, 2.7619, 0.043, 0.0703, 0.0051, 0.1115, 2.5265, 0.0775, 0.1021, 0.5092, 1.4502, 0.0051, 0.081, 1.3795, 2.324, 0.3587, 0.7873, 0.1139, 2.8764, 1.8962, 0.0531, 1.0193, 0.3357, 0.059, 0.8293, 0.0025, 0.0936, 0.5838, 2.6142, 0.6442, 1.0092, 0, 0.0405, 35.5836, 9.6744, 16.1601, 0.0354]
    ],
    [
      [49.1426, 2.5382, 1.6222, 0.916, 1.4125, 60.6867, 115.2566, 29.1863, 50.157, 10.4943, 49.241, 120.2347, 37.8082, 15.9569, 68.0787, 13.1321, 0, 2.825, 0.7874, 43.5139, 0.7085, 1.1565, 0.7845, 3.5487, 4.6868, 42.2341, 27.7666, 52.3314, 38.2473, 17.1385, 76.511, 54.1977, 40.8986, 29.7526, 5.7669, 3.2445, 1.5733, 10.2126, 0.7063, 54.5829, 22.215, 14.3905, 63.5971, 6.123, 0.7763, 6.9531, 440.9391, 42.3753, 123.8386, 9.6087],
      [30.7869, 1.8182, 0.9216, 0.6144, 0.4028, 49.1769, 63.0929, 26.2363, 27.6441, 6.7586, 28.0573, 68.2951, 22.4792, 12.9446, 38.3715, 5.0798, 0.6398, 0.8183, 1.0878, 28.824, 0.2014, 1.2994, 2.9417, 1.007, 0.1058, 27.544, 23.2062, 32.0177, 25.0656, 10.5848, 51.4233, 34.387, 25.2924, 20.8617, 4.1656, 1.808, 0.8511, 7.076, 0.2042, 30.151, 14.4899, 9.1514, 1.4461, 5.0871, 1.8739, 16.871, 282.8428, 12.252, 47.3587, 8.6051],
      [11.8965, 0.3755, 0.4561, 0.4696, 0.0753, 9.4029, 21.387, 7.0523, 7.3914, 3.5695, 6.003, 29.1911, 5.0225, 4.2231, 8.0881, 0.7155, 1.2527, 0.1431, 1.9099, 5.2774, 0.0358, 1.3279, 2.901, 0.1789, 2.9938, 8.7949, 4.8776, 8.4155, 17.1565, 2.5637, 11.2326, 19.3349, 8.5842, 7.5596, 5.2123, 0.6271, 0.4858, 3.5325, 0.0358, 16.7138, 3.0506, 1.065, 1.288, 1.0148, 0.3498, 4.4928, 123.4069, 2.1464, 6.7252, 0.7155],
      [5.174, 0.268, 0, 0, 0.1094, 6.7335, 11.2634, 3.5251, 4.8075, 1.1776, 4.6988, 12.2792, 3.6901, 1.8754, 6.4616, 1.0727, 0.1075, 0.2136, 0.2149, 4.3847, 0.0544, 0.2162, 0.3729, 0.2655, 0.2136, 4.4269, 3.1496, 5.2354, 4.5306, 1.713, 7.833, 6.0804, 4.2248, 0.8261, 0.8552, 0.3205, 0.0898, 1.1789, 0.0537, 2.5523, 2.2445, 1.3931, 12.6688, 0.7751, 0, 0.683, 47.8111, 3.2263, 10.0775, 1.0708]
    ],
    [
      [5.0197, 0.2092, 0.2091, 0, 0.4183, 7.1111, 9.6215, 5.6468, 3.9741, 1.464, 6.9019, 14.6405, 2.7186, 3.9736, 5.2292, 3.5554, 0, 0.4183, 0.2091, 5.647, 0.2091, 0.8365, 0.2091, 0.6274, 0.2092, 4.6014, 2.5099, 3.9741, 3.5556, 3.1371, 5.8566, 3.3467, 7.32, 4.3921, 1.0457, 0.2091, 0.4238, 2.7188, 0.2091, 7.1111, 3.5555, 2.0915, 1.4639, 0.8366, 0.2126, 3.9735, 47.8959, 7.9475, 21.542, 3.3462],
      [2.6703, 0.0029, 0.0763, 0, 0.063, 2.8907, 4.8946, 1.5054, 1.6043, 0.5584, 2.4848, 6.0747, 0.0381, 3.7087, 2.3923, 1.0116, 0, 0.574, 0.0029, 2.9236, 0.0777, 0.1258, 0.117, 0.0088, 0.0274, 2.5666, 0.0746, 0.0557, 1.7859, 3.0803, 3.5134, 0.4543, 2.3391, 3.0557, 0.1858, 0.0029, 0.3894, 0.6494, 0.0926, 6.7835, 2.9725, 0.934, 0.0205, 0.4588, 0.7111, 1.3434, 24.1768, 2.6624, 6.4065, 1.245],
      [2.9124, 0.0029, 0.7146, 0, 0.0859, 2.4014, 1.808, 6.4578, 0.0689, 0.3941, 6.9602, 10.8699, 0.0377, 1.2432, 0.0726, 4.6542, 0, 0.0926, 0.0029, 2.2787, 0.083, 0.8622, 0.0437, 0.0087, 0.1333, 3.0398, 1.3364, 0.7547, 1.9817, 0.711, 2.8845, 0.0465, 7.0825, 3.943, 0.7904, 0.0029, 0.5376, 2.9931, 0.2407, 4.03, 1.6579, 0.6733, 0.0203, 0.0116, 0.0763, 5.5066, 11.9387, 5.5158, 19.6385, 4.4326],
      [13.3976, 0.785, 0, 0, 1.4328, 21.5968, 29.6759, 13.39, 13.3527, 4.5834, 16.6531, 38.4148, 10.2055, 10.0744, 17.306, 7.7789, 0, 0.9152, 0.785, 16.1506, 0.6301, 2.1754, 0.6301, 2.355, 0.6301, 11.7922, 8.0791, 14.2154, 9.6769, 8.0715, 15.7455, 12.1525, 18.2584, 9.6092, 2.9781, 0.785, 0.6491, 6.6387, 0.4576, 16.0754, 8.8141, 6.3012, 5.4953, 2.693, 0, 8.1764, 144.9887, 21.8742, 55.413, 6.9762]
    ]
  ],
  "V_est": [
    [7.0016, 170.2154, 946.8186, 422.9644],
    [5.4327, 2145.1502, 450.6944, 93.7227],
    [95.0326, 7639.5281, 248.2988, 410.1404],
    [69.3416, 429.0903, 15223.4311, 122.1369],
    [1869.8563, 1114.2221, 390.7216, 192.2],
    [222.3352, 99.7938, 122.0354, 618.8355]
  ],
  "p_est": [
    [0.0045, 0.11, 0.612, 0.2734],
    [0.002, 0.796, 0.1672, 0.0348],
    [0.0113, 0.9102, 0.0296, 0.0489],
    [0.0044, 0.0271, 0.9608, 0.0077],
    [0.5242, 0.3124, 0.1095, 0.0539],
    [0.2092, 0.0939, 0.1148, 0.5822]
  ],
  "EI_Z": {},
  "EI_V": 5.6268,
  "MAE_Z": {},
  "MAE_V": 155.2486,
  "MAE_p": 0.0617,
  "runtime": 2.079
}
