{
  "Z_true": {},
  "V_true": [
    [953, 174, 1425, 76],
    [1053, 286, 12851, 363],
    [346, 10855, 907, 865],
    [54, 219, 752, 174],
    [229, 1070, 755, 876]
  ],
  "p_true": [
    [0.3626, 0.0662, 0.5422, 0.0289],
    [0.0724, 0.0197, 0.883, 0.0249],
    [0.0267, 0.8367, 0.0699, 0.0667],
    [0.045, 0.1827, 0.6272, 0.1451],
    [0.0782, 0.3652, 0.2577, 0.299]
  ],
  "Z_est": [
    [
      [42.2654, 2.909, 13.4495, 1.747, 10.9915, 46.6584, 101.9835, 16.4703, 43.564, 13.1521, 25.2854, 16.0078, 23.4816, 32.7374, 12.3883, 23.0984, 14.1223, 42.4286, 13.1939, 26.4122, 15.0745, 26.3898, 24.4456, 86.646, 82.853, 18.8437, 0.7244, 18.7348, 10.7729, 20.4795, 30.3258, 10.6113, 17.3513, 40.8194, 22.4027, 17.9679, 20.5276, 30.5635, 66.9019, 7.2426, 0, 1.3978, 106.3454, 17.4624, 109.05, 36.4983],
      [17.6379, 1.2958, 8.3251, 1.0986, 9.8359, 25.6266, 59.6987, 11.0657, 33.8676, 8.1344, 18.8228, 7.1166, 20.3151, 23.1164, 8.8646, 14.8302, 12.3531, 15.8982, 3.2249, 11.7128, 9.2728, 13.9473, 11.539, 30.9711, 35.4263, 12.3384, 0.1841, 6.079, 4.4545, 12.3411, 12.6424, 2.7399, 4.5264, 17.6284, 12.3324, 9.8983, 11.4548, 7.2648, 44.6288, 2.0135, 0, 1.0015, 86.7936, 9.3524, 36.5354, 25.4174],
      [7.4215, 0.4886, 3.104, 0.1254, 2.5255, 9.6963, 40.1393, 3.2879, 15.6238, 4.6956, 6.3597, 5.8837, 4.7345, 8.4046, 1.8813, 5.7576, 5.17, 13.3139, 6.9438, 8.9972, 6.6483, 8.6707, 3.9707, 20.0329, 22.7949, 5.9777, 0.067, 5.1577, 4.1482, 10.9784, 9.5397, 3.0774, 4.2961, 10.6427, 4.883, 5.4076, 4.4634, 8.8807, 19.1718, 6.3638, 0, 0.3947, 47.2974, 4.9954, 24.81, 19.0451],
      [2.6752, 0.3068, 1.1209, 0.029, 0.647, 3.0188, 12.1785, 1.176, 4.9445, 1.0178, 1.5321, 0.992, 1.4688, 2.7416, 0.8658, 1.3138, 1.3546, 3.3592, 0.6374, 1.8778, 1.0043, 1.9922, 2.0447, 5.35, 7.9258, 1.8401, 0.0245, 1.0285, 0.6245, 4.201, 1.4922, 0.5714, 0.8262, 1.9094, 1.3819, 1.7261, 1.5541, 3.291, 5.2976, 1.3801, 0, 0.206, 13.5636, 1.1899, 6.6046, 5.039]
    ],
    [
      [9.9611, 2.1764, 2.8304, 2.0097, 1.1984, 4.9375, 7.4435, 4.117, 5.899, 2.4134, 3.0904, 2.7706, 2.5126, 3.5999, 1.6696, 3.8705, 1.5414, 9.594, 8.7385, 10.1278, 5.1341, 11.4408, 5.1142, 19.6488, 15.3599, 1.0796, 1.9435, 13.2612, 2.7498, 3.4775, 11.2167, 8.8448, 12.4137, 13.3531, 8.755, 3.4388, 3.6384, 6.551, 11.0365, 0.5878, 0, 0.6608, 14.6466, 3.9771, 28.9374, 2.7572],
      [2.3105, 1.0685, 2.2543, 1.8417, 1.5835, 0.5344, 0.3717, 2.4198, 3.116, 1.0914, 2.1307, 0.4169, 2.7192, 1.395, 1.4795, 1.967, 0.9913, 1.3986, 0.6092, 1.6712, 1.9027, 4.2574, 1.3012, 1.876, 2.041, 0.0595, 0.372, 3.5905, 0.4244, 0.7749, 3.9855, 1.0307, 2.4288, 2.8671, 3.7897, 0.9955, 1.3646, 0.191, 5.9249, 0.0004, 0.5871, 1.2872, 7.8408, 1.2918, 4.0993, 0.2418],
      [331.5345, 69.4446, 238.1878, 12.6063, 121.8739, 143.9107, 358.0221, 187.9514, 443.9236, 154.6336, 247.1142, 111.8434, 208.3852, 224.0804, 138.2094, 213.8339, 148.8038, 417.5851, 324.7702, 348.3875, 295.1929, 525.2374, 176.4851, 500.1348, 507.5007, 49.088, 31.9916, 530.2201, 167.8677, 321.3418, 651.1815, 244.136, 345.7205, 522.6697, 350.6125, 209.132, 198.468, 173.6593, 640.2727, 20.2698, 1.762, 142.1372, 1084.6065, 198.0608, 906.8789, 158.4847],
      [20.194, 13.3101, 16.7278, 0.5423, 5.3442, 5.6173, 14.1628, 13.5118, 25.0614, 7.8616, 10.6647, 3.9691, 10.383, 11.9248, 8.6415, 9.3285, 7.6635, 20.4224, 16.8821, 23.8135, 16.7703, 38.0645, 13.0995, 25.3405, 30.0984, 1.773, 2.6929, 34.9282, 7.958, 23.4057, 29.6163, 16.9885, 21.437, 23.1101, 23.8427, 14.4336, 11.529, 10.5987, 32.7659, 1.142, 0.651, 23.9149, 56.9061, 8.6703, 47.0844, 5.517]
    ],
    [
      [34.3039, 1.0847, 8.3591, 2.1216, 9.0073, 32.8032, 73.0675, 7.1986, 20.9337, 7.9575, 28.242, 9.476, 18.2648, 26.846, 10.6737, 17.2071, 7.9461, 17.6849, 5.0089, 8.0738, 4.7431, 10.0577, 19.1784, 32.2466, 35.5255, 10.2905, 3.1333, 11.6364, 8.7398, 8.2388, 19.9538, 5.928, 14.9299, 21.3687, 10.8949, 6.7357, 13.2041, 9.362, 44.724, 3.4628, 0, 0.7098, 45.5622, 9.1877, 74.3157, 23.62],
      [304.1573, 28.3732, 200.8151, 19.449, 273.1174, 258.7523, 569.6506, 149.2075, 464.3155, 129.9201, 497.6301, 85.8515, 484.0202, 404.5259, 274.7472, 266.8822, 214.2674, 210.3339, 62.9781, 132.0778, 117.5402, 212.4014, 189.41, 290.3379, 361.1678, 104.7488, 21.7519, 179.6855, 98.8971, 186.2007, 306.5171, 60.8193, 136.4679, 277.6828, 201.4665, 143.4695, 196.7956, 74.1459, 712.8711, 15.0917, 0.8988, 63.3995, 1006.4046, 121.2339, 587.5825, 217.3873],
      [4.8955, 0.0895, 5.4876, 0.0633, 7.4202, 3.0552, 21.773, 1.9522, 11.5628, 4.2134, 16.9152, 2.4802, 9.8052, 10.6326, 5.9076, 6.3137, 8.2674, 6.0826, 4.1259, 1.763, 2.6364, 3.7782, 2.556, 2.9372, 4.9928, 2.2957, 0.3002, 3.7836, 8.5522, 7.1918, 20.9341, 1.1552, 4.404, 6.4206, 2.9123, 2.6073, 4.1796, 1.0363, 18.4513, 1.2437, 0, 0.8638, 29.1184, 3.6923, 12.828, 14.6695],
      [24.6432, 3.4526, 21.3385, 0.3661, 18.455, 17.3893, 67.5089, 10.6417, 46.1879, 11.909, 38.2127, 6.1922, 33.9098, 37.9955, 25.6715, 17.597, 22.519, 19.8986, 5.887, 10.0855, 8.0804, 17.7627, 17.8556, 20.4783, 34.3139, 9.665, 1.8146, 13.8945, 9.8109, 28.3688, 23.5949, 5.0975, 11.1982, 15.528, 12.7263, 15.1875, 17.8207, 9.4558, 56.9535, 4.2018, 0.1012, 11.0269, 98.9149, 8.8861, 49.2738, 25.3224]
    ],
    [
      [0.5095, 0.143, 0.1209, 0, 0.0321, 0.1575, 0.1722, 0.3121, 0.2981, 0.0426, 0.0586, 0.0774, 0.1117, 0.0875, 0.1399, 0.1287, 0.0435, 0.3177, 0.5847, 1.0329, 0.2828, 1.7484, 0.3418, 1.7944, 0.5995, 0.0363, 0.3756, 1.3385, 0.0873, 0.1708, 0.1986, 0.7163, 0.7765, 0.6801, 0.5891, 0.1353, 0.1678, 0.5663, 0.2789, 0.0199, 0, 0.0701, 0.4021, 0.1665, 0.867, 0.0219],
      [0.7752, 0.2351, 0.4855, 0, 0.4373, 0.3144, 0.2452, 0.7278, 1.3223, 0.1233, 0.4588, 0.09, 1.3319, 0.4039, 0.7452, 0.5191, 0.2766, 0.2949, 0.4195, 1.2727, 0.4843, 2.8682, 0.6537, 1.7376, 0.5635, 0.0771, 0.0918, 2.1554, 0.1561, 0.4981, 0.3959, 0.7779, 0.8872, 0.9942, 1.1401, 0.2355, 0.4832, 0.318, 1.0157, 0.0039, 0, 0.5152, 1.6006, 0.2782, 0.7191, 0.033],
      [32.0173, 2.1699, 21.6423, 0, 9.991, 11.8416, 25.9664, 19.9311, 53.322, 9.2847, 17.5266, 8.4377, 22.1739, 17.33, 15.8969, 19.3, 12.8779, 32.2786, 19.0476, 27.7119, 20.7717, 29.3864, 20.6371, 32.9345, 36.4922, 4.6322, 2.2824, 22.4448, 16.8682, 42.4284, 43.2079, 14.3562, 20.2238, 59.8853, 36.7181, 14.45, 20.7981, 13.5417, 47.5808, 1.8466, 0, 10.196, 90.6877, 19.3516, 55.7444, 5.6412],
      [2.698, 0.4519, 1.7513, 0, 0.5396, 0.6865, 1.6162, 2.0291, 4.0575, 0.5495, 0.9561, 0.3949, 1.3825, 1.1786, 1.218, 1.0522, 0.802, 2.1089, 2.9482, 4.9825, 1.4613, 2.9971, 2.3674, 4.5335, 3.3449, 0.2545, 0.2502, 2.0613, 0.8884, 3.9026, 2.1976, 2.1497, 3.1125, 3.4404, 3.5526, 1.1792, 1.5509, 2.574, 3.1245, 0.1296, 0, 3.2187, 6.3096, 1.2037, 3.6695, 0.3039]
    ],
    [
      [5.9601, 0.6869, 1.2401, 0.1218, 1.7706, 6.4434, 10.3333, 1.902, 3.3051, 1.4345, 4.3236, 1.6682, 3.6294, 4.7292, 2.1285, 3.6953, 1.3467, 3.9748, 1.4739, 3.3533, 1.7655, 3.3634, 2.92, 11.6642, 8.6622, 2.7499, 0.8232, 4.029, 1.6502, 1.6333, 3.3051, 1.8996, 2.5286, 5.7787, 3.3583, 2.7222, 2.4621, 2.9572, 7.0586, 0.6869, 0, 0.1616, 7.0437, 1.2063, 14.8299, 2.1026],
      [23.119, 4.0273, 15.1201, 0.6107, 23.0259, 21.7722, 36.0339, 12.5792, 30.3785, 9.7308, 37.9577, 5.525, 40.6136, 31.5588, 25.1635, 23.8014, 16.1115, 14.0744, 3.7684, 13.2655, 11.8, 21.5258, 13.0961, 28.0775, 27.8013, 9.7762, 2.6001, 21.4896, 8.0678, 13.1852, 20.4591, 5.6321, 8.6896, 24.8275, 20.2712, 17.4011, 15.9017, 5.0802, 49.5595, 0.8905, 0.5141, 5.7966, 60.3605, 5.8437, 44.0636, 8.9205],
      [31.1313, 5.8073, 25.5783, 0.2051, 18.1893, 20.4962, 71.0992, 14.8774, 48.5677, 19.1726, 37.0843, 13.355, 27.9012, 32.5524, 20.1048, 28.7948, 22.8808, 46.7399, 27.1124, 34.1405, 31.7507, 51.9273, 14.3511, 58.9606, 55.2194, 13.0064, 3.3588, 63.3938, 26.5638, 44.0596, 64.1369, 21.2753, 24.3556, 57.3817, 29.8741, 37.4031, 24.091, 19.882, 66.5234, 5.2762, 0.238, 12.4083, 111.29, 13.8999, 98.7387, 22.1595],
      [10.7896, 3.4785, 8.0616, 0.0625, 6.0142, 6.2881, 18.5336, 5.6414, 14.7486, 4.6621, 11.6344, 2.4518, 10.8558, 12.1596, 8.6032, 7.7085, 6.661, 9.2109, 4.6453, 9.2408, 6.6837, 14.1836, 6.6328, 13.2977, 16.3171, 3.4674, 1.2179, 14.0876, 4.7182, 12.1219, 11.099, 5.193, 6.4262, 11.012, 9.4964, 10.4736, 7.5452, 5.0805, 20.8585, 1.1465, 0.2479, 6.6336, 30.3058, 3.0501, 24.3677, 4.8176]
    ]
  ],
  "V_est": [
    [1362.7789, 733.6248, 416.2695, 115.3263],
    [300.5262, 85.8963, 13398.2137, 768.3646],
    [794.0099, 10915.4478, 296.3465, 967.1952],
    [16.8021, 29.1623, 1061.8548, 91.1809],
    [160.8829, 839.8689, 1517.3155, 411.933]
  ],
  "p_est": [
    [0.5186, 0.2792, 0.1584, 0.0439],
    [0.0207, 0.0059, 0.9206, 0.0528],
    [0.0612, 0.8414, 0.0228, 0.0746],
    [0.014, 0.0243, 0.8856, 0.076],
    [0.0549, 0.2866, 0.5179, 0.1406]
  ],
  "EI_Z": {},
  "EI_V": 10.6296,
  "MAE_Z": {},
  "MAE_V": 364.4132,
  "MAE_p": 0.1015,
  "runtime": 109.537
}
