{
  "Z_true": {},
  "V_true": [
    [658, 60, 902, 469, 64],
    [1046, 169, 7889, 5016, 431],
    [110, 6749, 105, 8402, 580],
    [8, 20, 12, 2006, 5],
    [55, 331, 234, 951, 668]
  ],
  "p_true": [
    [0.3056, 0.0279, 0.419, 0.2178, 0.0297],
    [0.0719, 0.0116, 0.5422, 0.3447, 0.0296],
    [0.0069, 0.4232, 0.0066, 0.5269, 0.0364],
    [0.0039, 0.0098, 0.0059, 0.9781, 0.0024],
    [0.0246, 0.1478, 0.1045, 0.4247, 0.2983]
  ],
  "Z_est": [
    [
      [6.1046, 33.9147, 30.2041, 29.8449, 33.7064, 12.4182, 1.3566, 8.1395, 1.5629, 3.3927, 36.0718, 10.1778, 53.2193, 38.6627, 23.7403, 1.3566, 37.4853, 18.5467, 73.3263, 16.279, 33.9147, 1.774, 6.1046, 35.2487, 23.6536, 30.7497, 12.2093, 20.6486, 178.585, 34.1196, 6.0284, 14.2442, 4.1389, 2.7132, 2.5774, 5.3221, 11.124, 8.3001, 12.4182, 15.9269, 18.9922, 30.5232, 2.3825, 70.5425, 1.3566, 117.9529, 45.4457],
      [1.3866, 7.2531, 3.6267, 4.584, 10.5816, 1.685, 0.818, 4.8448, 0.7426, 1.4622, 11.2284, 3.7128, 14.5316, 18.051, 10.907, 0.3713, 14.5608, 8.7372, 23.5549, 8.2855, 6.7831, 0.5569, 3.8985, 10.3959, 7.4256, 9.6533, 4.3773, 6.4974, 56.0637, 8.7801, 2.6196, 7.9543, 0.8045, 1.4851, 0.7426, 1.6708, 5.2899, 1.6906, 3.163, 4.8267, 8.0844, 10.2103, 0.7426, 54.2891, 0.8042, 28.8489, 12.9728],
      [1.7674, 6.9348, 9.9783, 3.4593, 7.7352, 2.8498, 1.4761, 3.132, 1.3453, 0.9499, 8.278, 2.7141, 11.8064, 13.9663, 8.0857, 0.1278, 8.9565, 11.049, 16.8275, 3.3557, 6.921, 0.4071, 9.4189, 7.5995, 5.4282, 7.0567, 2.9855, 4.7497, 40.983, 7.3281, 1.3915, 4.3732, 1.4454, 2.2606, 0.5428, 1.2213, 3.1212, 1.2464, 3.0382, 3.5283, 5.0211, 9.1373, 0.5428, 24.4967, 3.9054, 25.2412, 7.5105],
      [0.5302, 2.7569, 2.5448, 10.3971, 3.022, 3.8359, 0.2121, 0.9543, 0.2121, 0.7305, 3.2341, 2.7142, 4.6125, 10.8985, 4.2817, 0.0598, 2.9275, 2.2267, 6.5742, 1.6435, 2.283, 0.1591, 1.1134, 0.7094, 2.1207, 2.7569, 1.6734, 2.6396, 16.0113, 2.2093, 0.5832, 3.612, 0.3711, 1.4989, 0, 0.4772, 2.6762, 0.6362, 1.1134, 0.8264, 3.3816, 2.975, 0.1949, 10.9787, 0.3711, 7.1562, 2.6361],
      [0.2112, 1.1405, 1.6462, 1.7147, 1.9548, 0.2112, 0.1372, 0.9293, 0.1372, 0.4646, 2.1877, 0.681, 2.8301, 3.4215, 1.9853, 0.0845, 2.0698, 1.4404, 3.7172, 1.4362, 1.0983, 0.1029, 0.4646, 2.0466, 1.3718, 1.7833, 0.7545, 0.4646, 10.3571, 1.5629, 0.3772, 1.8164, 0.2401, 0.0422, 0.1372, 0.3087, 0.7888, 0.1267, 1.2672, 0.8917, 1.5207, 2.1543, 0.1372, 5.693, 0.5628, 6.8008, 2.4349]
    ],
    [
      [2.6898, 14.9433, 4.2981, 13.1501, 16.6421, 3.228, 0.5977, 3.5864, 0.3855, 1.4943, 43.0717, 4.483, 33.7007, 17.0353, 10.4603, 0.5977, 13.2452, 6.9394, 25.6868, 7.1781, 14.9433, 4.0679, 2.6898, 15.8399, 16.8923, 22.8295, 5.3796, 8.966, 60.9735, 19.5465, 1.8119, 6.2762, 0.771, 1.1955, 2.9208, 5.6082, 4.5106, 4.1937, 9.0802, 12.1031, 8.3682, 13.4489, 1.2107, 31.082, 0.5977, 93.2064, 20.4261],
      [0, 0.2007, 0, 0, 4.597, 0, 0.5038, 0.9446, 0.063, 0.2582, 2.5755, 0.6126, 3.4132, 23.1286, 2.6454, 0.3187, 1.9144, 1.1335, 2.6457, 2.0129, 1.4295, 1.243, 0.5959, 3.9383, 1.9355, 3.9043, 2.3867, 0.7377, 0, 2.1096, 0.6001, 1.8254, 0, 0, 0.4639, 1.5646, 0.7368, 0.4723, 0.7251, 2.4589, 1.6625, 2.2505, 0.9127, 7.3265, 0, 7.4874, 7.5329],
      [26.6374, 146.6165, 58.6023, 49.1459, 351.4306, 45.203, 62.2774, 91.7603, 8.1713, 21.8096, 373.5125, 81.9691, 455.2034, 415.7745, 239.1716, 3.7687, 189.0691, 107.2558, 366.4121, 98.9304, 170.0966, 41.5848, 73.3824, 373.1006, 336.4246, 366.1205, 187.2923, 127.1471, 692.3534, 214.8155, 20.0413, 202.2374, 13.5733, 27.9511, 24.4965, 48.4674, 45.5854, 36.7448, 178.3642, 175.4127, 135.254, 219.9483, 72.5473, 598.3827, 27.9699, 733.953, 224.2705],
      [14.0568, 79.6048, 31.2733, 31.5892, 318.1359, 22.5996, 13.22, 45.5409, 0.7627, 13.3494, 170.0104, 60.421, 250.2926, 227.4213, 169.7613, 2.5271, 83.0538, 56.3998, 194.9663, 65.4865, 30.2897, 14.5987, 22.9991, 158.0045, 242.0535, 200.2534, 170.5495, 74.8166, 199.4988, 89.5076, 21.8576, 201.6316, 4.7093, 8.4596, 7.368, 47.421, 60.6312, 32.4076, 75.598, 94.4517, 106.2236, 112.7136, 27.016, 315.8919, 5.0691, 290.938, 125.725],
      [1.616, 10.6348, 4.8264, 6.1149, 39.1944, 1.9694, 3.4011, 8.1679, 0.6175, 4.0885, 31.83, 5.5144, 26.3902, 33.6404, 20.9614, 0.7878, 16.7175, 8.2715, 29.2891, 13.392, 10.241, 5.5056, 4.3327, 31.1167, 19.6941, 26.8923, 13.392, 4.3327, 53.1742, 16.0207, 2.6891, 18.0295, 0.9463, 0.3939, 1.7507, 3.9388, 5.5361, 1.1816, 14.2324, 14.5737, 12.4916, 19.6387, 5.3132, 47.3168, 2.3633, 63.4152, 20.0456]
    ],
    [
      [0.0767, 0.443, 0.2983, 0.4086, 1.2799, 0.1363, 0.017, 0.1023, 0.017, 0.0426, 0.6902, 0.1244, 0.7584, 0.4857, 0.2983, 0.012, 0.5557, 0.2216, 1.5594, 0.2045, 0.4261, 0.0511, 0.0767, 0.652, 0.3551, 0.4624, 0.1534, 0.1404, 2.0707, 1.8101, 0.0682, 0.179, 0.0426, 0.0211, 0.0511, 0.1023, 0.1363, 0.1108, 0.1875, 0.2819, 0.2386, 0.3835, 0.0341, 0.8862, 0.017, 1.8406, 0.5709],
      [19.5055, 124.9789, 50.1569, 63.1605, 505.3015, 23.2208, 13.5305, 156.8989, 5.1542, 25.0785, 191.3393, 44.3366, 253.571, 288.3952, 185.7663, 3.1693, 249.4311, 145.8039, 474.29, 150.2972, 114.2463, 25.0785, 61.3029, 298.9519, 138.3959, 196.3721, 99.385, 51.5212, 464.3832, 149.5419, 44.5839, 135.6094, 11.146, 8.4342, 16.719, 42.5056, 90.6616, 28.702, 53.8722, 124.4634, 199.5881, 166.6311, 67.8047, 521.7198, 11.146, 490.4498, 194.8602],
      [1.0014, 1.5698, 5.3173, 0.4896, 6.6327, 0.4443, 0.1611, 1.5074, 1.2778, 0.2176, 3.5542, 0.6024, 4.352, 0, 2.2939, 0, 2.8797, 5.0457, 7.2044, 0.952, 1.6592, 0.3899, 0.7707, 7.7517, 1.8401, 2.3963, 1.4035, 0.7277, 6.7819, 2.9674, 0.1995, 1.8037, 2.6795, 0.1092, 0.2357, 0, 0.4533, 0.3231, 1.6773, 1.4607, 1.3056, 2.1397, 0.6981, 5.8934, 1.8475, 6.7474, 0],
      [30.3155, 169.0631, 74.9931, 99.8861, 731.9864, 43.0976, 16.5431, 124.4915, 4.1106, 42.2392, 280.2413, 75.9435, 329.7636, 362.0194, 294.0966, 3.4958, 287.7613, 185.0804, 603.0038, 186.7307, 127.9434, 25.8382, 59.4276, 325.2492, 204.8642, 250.6418, 162.541, 85.1886, 552.1517, 168.5336, 55.3613, 201.0322, 17.3682, 12.2154, 12.1134, 53.1903, 147.9161, 37.2036, 90.6572, 148.0114, 297.2526, 206.6159, 39.4996, 660.5361, 13.3594, 539.5111, 195.6602],
      [1.101, 5.9452, 3.2344, 4.0551, 30.7994, 1.101, 0.7483, 6.9999, 0.4404, 2.4221, 17.175, 2.993, 14.5549, 16.0997, 10.545, 0.3228, 13.3722, 4.8485, 24.9423, 10.8155, 5.725, 2.6423, 2.4221, 17.3952, 8.5447, 11.1274, 6.5171, 2.4221, 40.6124, 8.1471, 1.7872, 8.3757, 0.7637, 0.2202, 0.8808, 2.2019, 4.8325, 0.6606, 6.6058, 6.7826, 9.6151, 11.2298, 3.9635, 27.9644, 1.6301, 35.451, 9.9087]
    ],
    [
      [0.0085, 0.0302, 0.0201, 0.0078, 0.1154, 0.0034, 0.0019, 0.0113, 0.0009, 0.0034, 0.0784, 0.0141, 0.0879, 0.0537, 0.0329, 0, 0.0181, 0.0233, 0.0629, 0.0172, 0.0471, 0.006, 0.0085, 0.0706, 0.0672, 0.0724, 0.0169, 0.0207, 0.081, 0.0527, 0.0017, 0.0198, 0.0026, 0.0038, 0.3703, 0.0258, 0.0151, 0.0113, 0.0198, 0.056, 0.0264, 0.0424, 0.0138, 0.0979, 0.0019, 0.1103, 0.0302],
      [0.001, 0.006, 0.0026, 0.0016, 0.0231, 0.0007, 0.0007, 0.0177, 0.0002, 0.0007, 0.0157, 0.0038, 0.0141, 0.0487, 0.0131, 0, 0.0036, 0.0047, 0.0126, 0.0035, 0.0066, 0.0013, 0.0022, 0.0152, 0.0135, 0.0145, 0.0091, 0.0028, 0.0162, 0.0071, 0.0003, 0.0148, 0.0005, 0.0005, 0.001, 0.0052, 0.0043, 0.0015, 0.0028, 0.0112, 0.0101, 0.0128, 0.0035, 0.0317, 0.0009, 0.0221, 0.006],
      [0.0056, 0.0218, 0.0137, 0.0056, 0.0522, 0.0025, 0.0024, 0.0175, 0.0015, 0.0025, 0.0568, 0.0137, 0.0672, 0.0618, 0.0474, 0, 0.0131, 0.0169, 0.0456, 0.0125, 0.0256, 0.006, 0.0119, 0.0555, 0.0487, 0.0524, 0.0331, 0.015, 0.0587, 0.0319, 0.0012, 0.0537, 0.0019, 0.004, 0.4037, 0.0187, 0.007, 0.0055, 0.0155, 0.0406, 0.0202, 0.0676, 0.0108, 0.1755, 0.0052, 0.0799, 0.0218],
      [8.9849, 34.9419, 21.9635, 8.9851, 133.8092, 3.9934, 2.995, 27.9536, 0.9974, 3.9934, 90.8491, 21.9683, 101.8308, 98.8358, 75.9065, 0, 20.9652, 26.9552, 72.8789, 19.9668, 37.9207, 6.9866, 12.9774, 81.8586, 77.8706, 83.8607, 52.9408, 23.9615, 93.8441, 40.9083, 1.9967, 85.9117, 2.995, 4.9917, 5.2249, 29.9502, 24.9736, 10.9818, 22.9618, 64.8922, 58.9433, 73.8773, 15.9719, 183.6948, 4.9917, 127.7877, 34.9419],
      [2.5744e-06, 0, 7.2082e-06, 3.9493e-06, 0.0001, 1.7552e-06, 1.3164e-06, 0, 1.0297e-06, 1.7552e-06, 0, 7.2082e-06, 0, 0, 0, 0, 9.215e-06, 0, 0, 8.7762e-06, 0, 6.1785e-06, 5.6636e-06, 0, 0, 0, 0, 5.6636e-06, 0, 0, 8.7762e-07, 0, 1.3164e-06, 5.1487e-07, 2.6329e-06, 5.1487e-06, 8.7529e-06, 1.5446e-06, 0, 0, 0, 0, 9.2677e-06, 0.0001, 0.0004, 0.0001, 0]
    ],
    [
      [0.1204, 0.6689, 0.1794, 0.5887, 1.2561, 0.2141, 0.0268, 0.1605, 0.0336, 0.0669, 1.0879, 0.2007, 1.2337, 0.7626, 0.4682, 0.0336, 0.6957, 0.2692, 1.3646, 0.3211, 0.6689, 0.1009, 0.1204, 1.1888, 1.0318, 0.886, 0.2408, 0.2243, 1.2898, 0.471, 0.0897, 0.2809, 0.0449, 0.0665, 0.0803, 0.9416, 0.2141, 0.3842, 0.2943, 2.6322, 0.3746, 0.602, 0.3589, 1.3914, 0.0268, 2.8897, 0.5271],
      [0.1069, 0.5613, 0.2138, 0.2539, 1.4968, 0.0936, 0.147, 0.294, 0.0401, 0.2005, 0.8411, 0.3341, 1.4701, 1.3765, 0.6682, 0.1407, 1.0901, 0.3207, 1.4968, 0.4009, 0.5346, 0.1203, 0.2005, 1.6986, 1.2295, 1.0558, 0.842, 0.2409, 1.5369, 0.5613, 0.196, 0.5961, 0.049, 0.0802, 0.0735, 0.2539, 0.3074, 0.1336, 0.2368, 2.2398, 0.6549, 0.8954, 3.5365, 2.6328, 0.049, 2.1918, 0.6281],
      [0.5882, 2.8571, 1.0884, 0.8997, 7.1492, 0.5004, 1.0829, 1.5828, 0.2041, 1.0204, 6.5985, 1.7007, 8.571, 7.1974, 3.4013, 0.1035, 4.0816, 1.6326, 7.5104, 1.7494, 4.2976, 0.6122, 1.4161, 7.4928, 6.2584, 5.3741, 4.2856, 1.3605, 7.823, 2.8571, 0.3665, 3.532, 0.2999, 1.6751, 0.3213, 1.2925, 0.833, 0.6803, 1.9047, 4.5577, 2.3991, 4.7071, 3.2009, 21.0517, 0.2721, 12.9785, 3.1972],
      [5.1126, 28.6332, 10.2253, 12.1425, 72.0465, 4.4736, 7.0299, 14.0597, 1.9172, 9.6875, 61.6652, 17.953, 75.5004, 65.8251, 31.9539, 1.9172, 37.2922, 15.3379, 71.5768, 19.1724, 25.5631, 4.4174, 9.4825, 67.1783, 63.0909, 50.4872, 44.2952, 14.3938, 73.494, 26.8413, 5.2012, 40.8126, 2.5563, 3.8345, 2.2936, 12.9613, 15.8029, 7.7708, 17.6696, 42.8183, 33.1988, 42.8183, 16.3176, 125.8985, 2.2087, 90.6069, 30.0367],
      [2.0718, 9.2795, 4.293, 5.1153, 30.0513, 1.7184, 2.7134, 5.9029, 0.8049, 4.0247, 26.8073, 4.8116, 23.2248, 27.8384, 13.5083, 0.8049, 16.8405, 6.4396, 30.0513, 8.3563, 8.9358, 3.7491, 3.7805, 28.4415, 20.3894, 21.1969, 13.3364, 3.7805, 30.8563, 11.2693, 2.1465, 14.7784, 1.0499, 0.3437, 1.2313, 3.5506, 5.8426, 1.0311, 7.8946, 14.752, 12.3726, 17.9771, 8.5861, 46.0257, 1.4434, 55.333, 12.6108]
    ]
  ],
  "V_est": [
    [1216.5074, 411.5562, 315.6967, 135.5328, 73.7069],
    [612.3527, 101.2678, 8560.2389, 4591.1568, 685.9838],
    [19.0817, 6781.4618, 99.7656, 8634.7464, 410.9446],
    [1.8833, 0.3919, 1.732, 2046.9915, 0.0013],
    [27.1748, 34.3223, 164.5668, 1435.5726, 577.3635]
  ],
  "p_est": [
    [0.565, 0.1912, 0.1466, 0.063, 0.0342],
    [0.0421, 0.007, 0.5883, 0.3155, 0.0471],
    [0.0012, 0.4253, 0.0063, 0.5415, 0.0258],
    [0.0009, 0.0002, 0.0008, 0.998, 6.1133e-07],
    [0.0121, 0.0153, 0.0735, 0.6412, 0.2579]
  ],
  "EI_Z": {},
  "EI_V": 7.138,
  "MAE_Z": {},
  "MAE_V": 210.9412,
  "MAE_p": 0.0595,
  "runtime": 5.867
}
