{
  "Z_true": {},
  "V_true": [
    [292, 19, 15, 42, 1567, 18],
    [110, 519, 427, 7200, 719, 200],
    [571, 171, 141, 112, 15353, 171],
    [11, 22, 803, 398, 347, 33],
    [73, 552, 118, 787, 830, 323]
  ],
  "p_true": [
    [0.1495, 0.0097, 0.0077, 0.0215, 0.8024, 0.0092],
    [0.012, 0.0566, 0.0465, 0.7847, 0.0784, 0.0218],
    [0.0346, 0.0104, 0.0085, 0.0068, 0.9294, 0.0104],
    [0.0068, 0.0136, 0.4975, 0.2466, 0.215, 0.0204],
    [0.0272, 0.2057, 0.044, 0.2933, 0.3094, 0.1204]
  ],
  "Z_est": [
    [
      [11.0223, 9.7736, 6.4599, 20.4827, 7.5628, 10.714, 8.3506, 22.0583, 5.357, 0, 0.7878, 0.1576, 1.8907, 13.0774, 10.2414, 3.3087, 3.1512, 16.2286, 7.7204, 16.8588, 5.0419, 5.0419, 10.2414, 7.7204, 7.5628, 6.9326, 0.8054, 0.8755, 19.7422, 5.357, 4.8843, 12.1321, 0.9454, 23.6339, 3.3087, 18.592, 1.8907],
      [0, 2.4346, 1.61, 5.1049, 1.8849, 2.6702, 2.0812, 5.4976, 1.3351, 0.1416, 0.1963, 0.0393, 0.4712, 3.2593, 2.5524, 0.8246, 0.7854, 4.0446, 1.9241, 4.2017, 1.2566, 1.2566, 2.5524, 1.9241, 1.8849, 1.7278, 1.1628, 0, 1.9956, 1.3351, 1.2173, 3.0237, 0.2356, 5.8902, 0.8246, 4.6337, 0.4712],
      [0, 0, 0, 0, 0, 0, 0, 0, 0, 0, 0, 0, 0, 0, 0, 0, 0, 0, 0, 0, 0, 0, 0, 0, 0, 0, 0, 0, 0, 0, 0, 0, 0, 0, 0, 0, 0],
      [0.0045, 0, 0.0033, 0.0103, 0.0038, 0.0054, 0.0042, 0.0111, 0.0027, 0.0553, 0.0004, 0.0001, 0.001, 0.0066, 0.0052, 0.0017, 0.0016, 0.0082, 0.0039, 0.0085, 0.0025, 0.0025, 0.0052, 0.0039, 0.0038, 0.0035, 0.0008, 0, 0.0092, 0.0027, 0.0025, 0.0061, 0.0005, 0.0119, 0.0017, 0.0094, 0.001],
      [44.9732, 49.7918, 32.9268, 104.4021, 38.5485, 54.6103, 42.5639, 112.433, 27.3052, 0.8031, 4.0155, 0.8031, 9.6371, 66.6567, 52.201, 16.865, 16.0619, 82.7186, 39.3516, 85.9309, 25.699, 25.699, 52.201, 39.3516, 38.5485, 35.3361, 8.0309, 8.1245, 94.253, 27.3052, 24.8959, 61.8382, 4.8186, 120.4639, 16.865, 94.765, 9.6371],
      [0, 0, 0, 0, 0, 0, 0, 0, 0, 0, 0, 0, 0, 0, 0, 0, 0, 0, 0, 0, 0, 0, 0, 0, 0, 0, 0, 0, 0, 0, 0, 0, 0, 0, 0, 0, 0]
    ],
    [
      [0.8389, 0.3082, 0.6934, 1.3797, 3.6451, 0.4762, 5.4533, 5.4488, 0.8404, 0, 0, 0.2196, 0.1066, 1.7229, 0, 0, 6.141, 2.0871, 2.1011, 2.9485, 7.3363, 0, 10.9925, 1.4567, 1.5268, 2.2704, 0, 0.028, 2.7944, 1.4077, 0.565, 2.9776, 1.5548, 5.2247, 0.8404, 6.1912, 0.3572],
      [0, 1.5123, 0.2837, 0.5646, 0.1978, 0.6165, 0, 2.2298, 0.3439, 0.0201, 0, 0, 0, 0.7051, 0, 0, 0.0316, 0.8541, 0.8598, 0, 1.2073, 5.3797, 1.1178, 3.995, 3.2251, 0.4665, 1.1321, 0, 0, 0, 1.1896, 2.197, 0.6363, 2.1381, 0, 2.5337, 1.3432],
      [1.3889, 0.719, 1.6177, 3.2191, 0, 1.1112, 0, 0, 1.9609, 0, 1.1072, 0, 2.1079, 4.0198, 8.8601, 8.6668, 4.3908, 4.8695, 9.6169, 6.8794, 0, 15.76, 6.3728, 0, 3.5622, 3.2822, 0.1995, 0, 0.8386, 0, 0, 1.7321, 3.6276, 12.1901, 1.9609, 14.4451, 0.8334],
      [75.5092, 38.7336, 87.946, 175.0036, 56.4053, 60.4073, 474.6874, 703.8441, 106.6012, 6.9475, 39.797, 41.7521, 109.3985, 194.0519, 373.9106, 326.9472, 105.8596, 246.2826, 258.2714, 349.0013, 219.4208, 352.9639, 346.4539, 184.7754, 191.0585, 282.157, 6.8541, 2.9284, 319.2241, 182.0028, 247.564, 92.5238, 180.4093, 662.7041, 107.2922, 785.2955, 45.3055],
      [5.268, 2.7269, 6.1356, 12.2093, 7.1323, 5.3888, 32.5374, 48.2173, 7.4371, 0.0325, 0, 0, 9.2107, 39.7267, 37.137, 16.5042, 14.6118, 36.9125, 22.1097, 62.1708, 15.3081, 0.4508, 24.1706, 12.891, 13.5108, 13.7947, 4.8143, 0.3801, 70.6338, 12.4572, 15.405, 6.5694, 13.7587, 46.234, 7.4371, 54.7867, 3.1608],
      [1.995, 0, 2.3236, 4.6237, 1.6195, 0, 12.322, 18.26, 2.8164, 0, 3.0959, 5.0283, 8.1763, 5.7737, 10.0923, 7.8819, 1.9652, 6.9942, 7.0411, 0, 3.7275, 15.4456, 0.8924, 4.8818, 5.1165, 9.0292, 0, 0.6635, 5.509, 5.1323, 0.2764, 0, 22.0134, 17.5089, 2.4694, 20.7478, 0]
    ],
    [
      [16.7807, 8.8469, 4.7469, 39.2024, 8.8725, 8.148, 14.1806, 41.706, 0.4903, 0, 0, 0.359, 3.0002, 30.2304, 0, 1.1305, 3.0002, 6.0106, 7.8886, 14.1764, 7.6673, 6.9499, 20.1486, 9.6931, 3.9442, 7.5904, 0, 0, 27.0535, 4.9937, 5.7697, 12.2318, 0.094, 28.8368, 5.7247, 48.2825, 6.1372],
      [0, 3.9673, 1.8111, 0.3632, 2.8776, 1.9863, 0, 2.4496, 4.331, 0.0184, 0, 0, 0, 3.3263, 0, 0, 0.5379, 14.7519, 0.7922, 0, 1.3747, 1.5908, 6.6382, 3.7874, 2.1857, 1.361, 2.5369, 0, 0, 0, 1.6961, 6.763, 2.9857, 4.8847, 0, 27.529, 2.4358],
      [1.8014, 4.1477, 0.5096, 2.5682, 0, 0.0462, 0, 0, 0.4103, 0, 0.2049, 0, 0.6848, 4.5298, 26.116, 7.0989, 0.6848, 9.103, 2.148, 20.8719, 0, 3.9478, 12.7306, 0, 11.3346, 1.7325, 0, 0, 0, 0, 0.6553, 0.7726, 6.3235, 9.1261, 2.5161, 8.9933, 2.413],
      [4.4381, 0, 5.985, 10.5676, 0, 4.1133, 50.5805, 40.1756, 4.9227, 0.1887, 1.9632, 3.097, 1.3673, 0, 0, 2.6644, 1.3673, 0, 0, 0, 13.2866, 4.0434, 10.3724, 10.6245, 0, 3.4591, 0, 0, 0, 4.6579, 2.6294, 0, 0, 0.571, 12.37, 59.8963, 0.7486],
      [437.2329, 328.0381, 287.5299, 954.5498, 331.6709, 417.7062, 486.7165, 1171.6557, 267.538, 3.7929, 32.6922, 9.8609, 111.4804, 794.8574, 563.2463, 216.1955, 110.9424, 632.8662, 348.2761, 817.9517, 276.6713, 328.0862, 572.1102, 353.2466, 261.8219, 280.6749, 46.4631, 40.8362, 1027.9465, 191.5417, 213.3509, 457.2326, 262.4916, 1552.413, 172.3892, 994.8119, 177.2654],
      [1.7469, 0, 0.4175, 7.7487, 2.5789, 0, 1.5224, 5.0131, 2.3077, 0, 0.1398, 0.6832, 0.4673, 3.0561, 4.6378, 0.9107, 0.4673, 0.2683, 7.8951, 0, 0, 1.382, 0, 0.6485, 5.7135, 1.1822, 0, 0.1638, 0, 0.8068, 0.8987, 0, 4.1052, 6.1685, 0, 21.4871, 0]
    ],
    [
      [0.0327, 0.0374, 0.0468, 0.092, 0.0125, 0.0296, 0.0842, 0.1887, 0.0312, 0, 0.0016, 0.0094, 0.0109, 0.0561, 0.1606, 0.0686, 0.0405, 0.0936, 0.1138, 0.1466, 0.1029, 0.0951, 0.0639, 2.3853, 0.053, 0.0655, 0.0016, 0, 0.0842, 0.0655, 0.0608, 0.0265, 0.1248, 0.2589, 0.0359, 0.1419, 0.0094],
      [0.0534, 0.061, 0.0762, 0.1499, 0.0203, 0.0483, 0.1372, 0.3075, 0.0508, 0, 0.0025, 0.0152, 0.0178, 0.0915, 0.2617, 0.1118, 0.0661, 0.1525, 0.1855, 0.2389, 1.0532, 0.155, 0.1042, 0.1143, 0.0864, 0.1067, 0.0026, 0, 0.1372, 0.1067, 0.0991, 0.0432, 0.2033, 0.4218, 0.0584, 0.2312, 0.0152],
      [14.147, 16.168, 20.2101, 39.7464, 5.3893, 12.7997, 36.3781, 81, 13.4734, 0, 0.6737, 4, 4.7157, 24.2521, 69.3879, 29.6414, 17.5154, 40.4201, 49.1778, 63.3248, 43, 41.0938, 27.6204, 28, 22.9047, 28.2941, 0.6737, 0, 36.3781, 28.2941, 26.2731, 11.4524, 53.8935, 111.829, 15.4944, 61.3038, 4.042],
      [0.0409, 0.0467, 0.0584, 0.1149, 0.0156, 0.037, 0.1051, 0.7495, 0.0389, 0, 0.0019, 0.0117, 0.0136, 0.0701, 0.2005, 0.0857, 0.0506, 0.1168, 0.1421, 0.183, 0.7051, 0.1188, 0.0798, 0.0876, 0.0662, 0.0818, 0.0019, 0, 0.1051, 0.0818, 0.0759, 0.0331, 0.1558, 0.3232, 0.0448, 0.1772, 0.0117],
      [6.724, 7.6846, 9.6058, 18.8913, 2.5615, 6.0836, 17.2904, 38.7432, 6.4038, 0, 0.3202, 1.9212, 2.2413, 11.5269, 32.9798, 14.0884, 8.325, 19.2115, 23.374, 30.098, 21.1327, 19.5317, 13.1279, 14.4086, 10.8865, 13.4481, 0.3202, 0, 17.2904, 13.4481, 12.4875, 5.4433, 25.6154, 53.1519, 7.3644, 29.1375, 1.9212],
      [0.0019, 0.0022, 0.0028, 0.0054, 0.0007, 0.0017, 0.005, 0.0111, 0.0018, 0, 0.0001, 0.0426, 0.0006, 0.0033, 0.0095, 0.004, 0.0024, 0.0055, 0.0067, 0.0086, 0.0061, 0.0056, 0.0038, 0.0041, 0.0031, 0.0039, 0, 0, 0.005, 0.0039, 0.0036, 0.0016, 0.0074, 0.0153, 0.0021, 0.0084, 0.0006]
    ],
    [
      [5.3253, 4.0339, 4.0531, 9.8431, 2.9071, 4.6321, 12.9312, 16.5982, 3.281, 0, 0.2106, 1.2545, 2.9915, 7.9131, 11.598, 8.4921, 3.6671, 11.5802, 6.1761, 11.8697, 6.8516, 7.9131, 9.5536, 5.7445, 7.9131, 7.1411, 0.193, 0.0965, 10.3256, 6.1761, 7.7201, 4.6321, 3.281, 18.0458, 3.0903, 27.7924, 2.6055],
      [15.9466, 13.0248, 17.2189, 41.8173, 9.0194, 19.6787, 38.7816, 70.5155, 13.9391, 0.8199, 3.8011, 2.9455, 11.511, 33.6179, 60.1858, 36.0636, 15.579, 49.1969, 26.2383, 45.5594, 29.1081, 33.6179, 40.5874, 22.1792, 33.6179, 30.3381, 1.1655, 0, 43.8672, 18.5582, 32.7979, 19.9731, 13.9391, 76.6651, 13.1169, 118.0725, 14.7345],
      [2.6626, 1.9652, 2.6626, 6.4663, 0.6107, 3.043, 3.6219, 0, 2.1554, 0, 1.0143, 0, 2.4916, 5.1984, 9.6361, 5.5929, 2.409, 7.6074, 4.0573, 16.9239, 0, 5.1984, 6.2761, 0, 5.1984, 4.6912, 0.1268, 0, 6.7833, 3.7059, 5.0716, 3.043, 2.1554, 11.8549, 2.0286, 18.2578, 1.7117],
      [3.0073, 2.2197, 3.0073, 7.3035, 1.5753, 3.4369, 30.6228, 23.2197, 2.4345, 0.8085, 5.2375, 4.1391, 2.2197, 5.8714, 10.8836, 6.3011, 2.7209, 8.5924, 4.5826, 8.8072, 9.5849, 5.8714, 7.0887, 3.5085, 5.8714, 5.2986, 0.1432, 0.0716, 7.6615, 8.2548, 5.7282, 3.4369, 2.4345, 13.3898, 2.2913, 20.6217, 1.9333],
      [7.8019, 5.7586, 7.8019, 18.9476, 4.0867, 13.211, 24.8919, 31.9508, 6.3159, 0.3715, 2.9722, 2.4149, 6.4304, 15.2323, 33.436, 16.3469, 7.0589, 22.2912, 11.8887, 22.8485, 13.189, 15.2323, 18.3903, 9.1023, 15.2323, 13.7463, 0.3715, 0.6591, 19.8764, 16.248, 14.8608, 8.9165, 6.3159, 34.7372, 5.9443, 53.499, 5.0155],
      [7.2562, 3.9978, 7.2562, 17.6222, 3.8009, 3.9983, 23.1507, 29.7158, 5.8741, 0, 2.7643, 2.246, 5.3558, 14.1668, 26.2605, 15.2034, 6.5651, 20.732, 11.057, 16.9914, 12.2664, 14.1668, 17.1039, 8.4656, 14.1668, 12.7847, 0, 0.1728, 18.486, 11.057, 13.8213, 7.9984, 5.8741, 32.3073, 5.5285, 49.7567, 0.9994]
    ]
  ],
  "V_est": [
    [309.9123, 72.4515, 0, 0.2049, 1570.4313, 0],
    [79.9345, 34.7808, 125.3397, 8040.291, 681.2314, 213.4227],
    [403.8876, 102.982, 141.4708, 254.0896, 15534.1532, 82.4168],
    [4.8321, 4.9869, 1082.9678, 4.2331, 516.7897, 0.1904],
    [258.4335, 1067.7989, 154.2217, 240.1814, 513.3944, 448.9701]
  ],
  "p_est": [
    [0.1587, 0.0371, 0, 0.0001, 0.8041, 0],
    [0.0087, 0.0038, 0.0137, 0.8763, 0.0742, 0.0233],
    [0.0244, 0.0062, 0.0086, 0.0154, 0.9404, 0.005],
    [0.003, 0.0031, 0.671, 0.0026, 0.3202, 0.0001],
    [0.0963, 0.398, 0.0575, 0.0895, 0.1914, 0.1673]
  ],
  "EI_Z": {},
  "EI_V": 8.0309,
  "MAE_Z": {},
  "MAE_V": 171.0269,
  "MAE_p": 0.0501,
  "runtime": 0.7115
}
