{
  "X": [
    [6, 60, 102, 14],
    [36, 424, 772, 119],
    [43, 578, 920, 96],
    [7, 71, 119, 11],
    [16, 240, 369, 61],
    [9, 138, 260, 33],
    [25, 438, 764, 123],
    [3, 30, 52, 3],
    [8, 71, 184, 15],
    [5, 65, 221, 29],
    [35, 320, 571, 120],
    [47, 408, 725, 124],
    [64, 668, 842, 156],
    [27, 201, 334, 79],
    [37, 424, 569, 97],
    [0, 10, 48, 11],
    [30, 477, 416, 70],
    [11, 145, 197, 32],
    [16, 223, 246, 56],
    [39, 299, 503, 55],
    [47, 311, 497, 71],
    [29, 276, 483, 75],
    [47, 807, 1051, 124],
    [35, 607, 918, 145],
    [44, 586, 867, 135],
    [29, 511, 717, 97],
    [11, 129, 94, 19],
    [6, 89, 143, 21],
    [15, 245, 216, 59],
    [7, 149, 311, 51],
    [71, 990, 1101, 181],
    [19, 135, 249, 46],
    [159, 903, 1469, 306],
    [20, 133, 129, 20]
  ],
  "W": [
    [3, 6, 91, 65, 8, 9],
    [35, 39, 624, 501, 65, 87],
    [55, 59, 631, 731, 85, 76],
    [7, 12, 96, 83, 4, 6],
    [19, 30, 279, 288, 24, 46],
    [15, 9, 208, 157, 28, 23],
    [43, 44, 623, 497, 65, 78],
    [3, 3, 40, 34, 2, 6],
    [14, 6, 143, 94, 4, 17],
    [7, 11, 188, 93, 6, 15],
    [35, 37, 494, 368, 36, 76],
    [48, 41, 618, 475, 50, 72],
    [66, 63, 677, 738, 72, 114],
    [18, 20, 285, 241, 17, 60],
    [37, 33, 480, 469, 42, 66],
    [2, 1, 39, 14, 3, 10],
    [40, 37, 317, 502, 46, 51],
    [10, 5, 161, 161, 22, 26],
    [25, 36, 174, 258, 18, 30],
    [39, 75, 330, 350, 49, 53],
    [36, 83, 349, 358, 41, 59],
    [19, 44, 351, 360, 38, 51],
    [53, 83, 787, 892, 105, 109],
    [57, 49, 710, 709, 72, 108],
    [51, 69, 634, 688, 80, 110],
    [41, 59, 481, 658, 44, 71],
    [8, 14, 70, 145, 8, 8],
    [7, 9, 119, 100, 5, 19],
    [23, 23, 153, 278, 19, 39],
    [4, 9, 267, 174, 40, 24],
    [77, 70, 824, 1142, 107, 123],
    [5, 13, 219, 166, 23, 23],
    [78, 108, 1276, 1095, 77, 203],
    [7, 30, 97, 142, 8, 18]
  ],
  "method": "mvn_cdf",
  "mvncdf_method": "genz",
  "mvncdf_samples": 5000,
  "mvncdf_error": 1e-06,
  "cond_prob": [
    [
      [0.011654616654, 0.46698343246, 0.46745188397, 0.053910066916],
      [0.23630785833, 0.23236246968, 0.5257913479, 0.0055383240875],
      [0.033084378944, 0.035116809324, 0.83472390293, 0.097074908804],
      [0.0051084027518, 0.77252797506, 0.21056256606, 0.011801056133],
      [9.8428955844e-07, 0.42859294897, 0.5712657049, 0.00014036183777],
      [0.090259131, 0.052480011446, 0.40547618038, 0.45178467717]
    ],
    [
      [0.011336002665, 0.39600585635, 0.52633189791, 0.066326243081],
      [0.21773367794, 0.19509292642, 0.58048014822, 0.0066932474227],
      [0.028662415905, 0.027077916039, 0.83789106778, 0.10636860027],
      [0.0055006545437, 0.71575798665, 0.26263796477, 0.016103394037],
      [9.5269180188e-07, 0.36146326102, 0.63836375298, 0.00017203331178],
      [0.076612187979, 0.040049346052, 0.40405724858, 0.47928121739]
    ],
    [
      [0.011977621988, 0.36432268395, 0.56876630146, 0.054933392605],
      [0.22061627, 0.17226316658, 0.60180166816, 0.0053188952605],
      [0.028876522334, 0.023772831949, 0.86335707406, 0.083993571651],
      [0.0060473941837, 0.68476735273, 0.29530644816, 0.013878804931],
      [9.8448147496e-07, 0.3252311025, 0.6746285486, 0.00013936441755],
      [0.085096811566, 0.038765923436, 0.45905481729, 0.4170824477]
    ],
    [
      [0.011487100847, 0.42094289075, 0.52012718141, 0.047442827001],
      [0.22385529547, 0.20382337384, 0.56759307849, 0.0047282521988],
      [0.030201796042, 0.029519283586, 0.86114354199, 0.079135378378],
      [0.0053354472903, 0.73551298749, 0.24814481309, 0.011006752133],
      [9.4970935934e-07, 0.37802579757, 0.6218523094, 0.00012094331848],
      [0.090119882142, 0.048369854618, 0.4587990767, 0.40271118654]
    ],
    [
      [0.0093904493592, 0.40150189825, 0.51996016935, 0.069147483042],
      [0.1886141193, 0.20608376034, 0.59802982464, 0.0072722957268],
      [0.023983653901, 0.027677953549, 0.83627941364, 0.11205897891],
      [0.0045224258696, 0.72136998142, 0.25745466419, 0.016652928523],
      [7.9116186262e-07, 0.36741138262, 0.63240812929, 0.00017969693149],
      [0.063194484597, 0.040320911727, 0.39702131426, 0.49946328942]
    ],
    [
      [0.0094611430026, 0.40260605298, 0.53014548274, 0.057787321273],
      [0.18868961221, 0.20361396203, 0.60169983009, 0.0059965956748],
      [0.024214936841, 0.027722193228, 0.85424336455, 0.093819505382],
      [0.0045287952174, 0.7207445175, 0.26089527095, 0.013831416337],
      [7.8637594548e-07, 0.36346447827, 0.63638658226, 0.00014815308679],
      [0.068816231576, 0.043464007878, 0.43626848192, 0.45145127862]
    ],
    [
      [0.0083914632654, 0.414782368, 0.50770216059, 0.069124008143],
      [0.17266723681, 0.21920317654, 0.60064781692, 0.0074817697242],
      [0.02190017266, 0.029276600766, 0.83437709183, 0.11444613474],
      [0.0039771750261, 0.73219410686, 0.24743773702, 0.016390981089],
      [7.0916729675e-07, 0.38067762011, 0.61914140524, 0.00018026547803],
      [0.057366054243, 0.042452647175, 0.39447515293, 0.50570614565]
    ],
    [
      [0.010382349287, 0.44355287119, 0.51762115463, 0.028443624898],
      [0.21286888877, 0.21391426586, 0.57034226269, 0.0028745826767],
      [0.028381904197, 0.03149052369, 0.89096208194, 0.049165490175],
      [0.0046084287957, 0.75344165877, 0.23563110535, 0.0063188070796],
      [8.4293279438e-07, 0.39055780646, 0.60936986523, 7.1485375088e-05],
      [0.099996257821, 0.059722511721, 0.5468946558, 0.29338657465]
    ],
    [
      [0.012048025006, 0.32281766434, 0.62124712389, 0.043887186764],
      [0.21769893339, 0.14608292805, 0.63213318463, 0.0040849539331],
      [0.027408417518, 0.01969261339, 0.88964067379, 0.063258295304],
      [0.0063895545602, 0.64337071812, 0.33859833755, 0.011641389771],
      [9.647544102e-07, 0.28075351601, 0.71913703595, 0.00010848328508],
      [0.0901148853, 0.035572431641, 0.52299506733, 0.35131761573]
    ],
    [
      [0.0079887676458, 0.28210792263, 0.6373500573, 0.072553252417],
      [0.15402827064, 0.13808700817, 0.70060153425, 0.0072831869292],
      [0.017244467177, 0.016375529194, 0.86696019548, 0.099419808144],
      [0.0045414686125, 0.60261776047, 0.37223961889, 0.020601152032],
      [6.5103035851e-07, 0.2495894426, 0.75022772491, 0.00018218146237],
      [0.049080290636, 0.025745795879, 0.44380152708, 0.4813723864]
    ],
    [
      [0.013094922316, 0.40624615432, 0.49527237407, 0.085386549297],
      [0.25027536334, 0.19868106547, 0.54248794082, 0.0085556303678],
      [0.033573974299, 0.02813970321, 0.79941941743, 0.13886690506],
      [0.0062974215295, 0.72822811557, 0.24493306587, 0.02054139703],
      [1.1323355453e-06, 0.38159112903, 0.61817991291, 0.00022782572604],
      [0.078509281063, 0.036400890187, 0.33711777013, 0.54797205862]
    ],
    [
      [0.015394641586, 0.40105077192, 0.50816283787, 0.075391748631],
      [0.27893907608, 0.18606436789, 0.52783152004, 0.0071650359833],
      [0.039078293961, 0.027523206111, 0.81202503724, 0.12137346269],
      [0.0074378229277, 0.72184706189, 0.25249033202, 0.018224783157],
      [1.3165334772e-06, 0.372557663, 0.62724203652, 0.00019898394916],
      [0.096401528603, 0.037560309936, 0.36129775446, 0.504740407]
    ],
    [
      [0.015187218267, 0.45609401973, 0.45956480088, 0.06915396112],
      [0.28317158855, 0.21813264209, 0.491921914, 0.006773855363],
      [0.042105304622, 0.034207901833, 0.80209027609, 0.12159651745],
      [0.006840170736, 0.76470494844, 0.2128694694, 0.015585411418],
      [1.3105425912e-06, 0.42750234481, 0.57231215669, 0.0001841879591],
      [0.10253533451, 0.046097171269, 0.35243473939, 0.49893275483]
    ],
    [
      [0.01731961802, 0.39813539227, 0.49648376069, 0.088061229019],
      [0.30848424488, 0.18002792957, 0.50332225987, 0.0081655656714],
      [0.043701688091, 0.027075574277, 0.78831246882, 0.14091026881],
      [0.0084127471304, 0.72218124712, 0.2480135647, 0.021392441046],
      [1.5059891819e-06, 0.37622274704, 0.62353950313, 0.00023624384726],
      [0.099661080268, 0.034092969469, 0.323467826, 0.54277812426]
    ],
    [
      [0.013586378251, 0.46329152438, 0.45862924559, 0.064492851772],
      [0.26108502091, 0.22767798784, 0.50474282088, 0.006494170375],
      [0.038195996299, 0.035189208168, 0.81162373725, 0.11499105828],
      [0.0060555863095, 0.76933931371, 0.21022296344, 0.014382136541],
      [1.1657530275e-06, 0.43181246851, 0.56801558111, 0.00017078462654],
      [0.096000632456, 0.048906655869, 0.3677338961, 0.48735881557]
    ],
    [
      [0.0046936894801, 0.24613786406, 0.66092497048, 0.088243475979],
      [0.095768176413, 0.12579328974, 0.76914030761, 0.0092982262411],
      [0.0096423811426, 0.013276013213, 0.86122701174, 0.11585459391],
      [0.0027663816548, 0.57274773144, 0.39868008104, 0.025805805866],
      [3.834921696e-07, 0.2176052881, 0.782173965, 0.00022036341282],
      [0.025618983331, 0.019445924466, 0.40809658445, 0.54683850775]
    ],
    [
      [0.0124125968, 0.51835925096, 0.41095172046, 0.058276431785],
      [0.25098495279, 0.26764494966, 0.47520521316, 0.0061648843912],
      [0.038543439952, 0.043473030677, 0.80320361576, 0.11477991361],
      [0.0051823323553, 0.80619719557, 0.17644837713, 0.012172094954],
      [1.0732556122e-06, 0.48690307086, 0.51294036204, 0.000155493844],
      [0.096107717393, 0.059912143281, 0.36081307746, 0.48316706186]
    ],
    [
      [0.012905290955, 0.45827406145, 0.46941393186, 0.059406715742],
      [0.25226745776, 0.22472340075, 0.51702476058, 0.0059843809045],
      [0.036040982068, 0.034339638479, 0.82445076521, 0.10516861424],
      [0.0057601857018, 0.76549657267, 0.21548311884, 0.013260122784],
      [1.0966731524e-06, 0.42330305179, 0.57654008935, 0.00015576218691],
      [0.09470557967, 0.049639766106, 0.38810864955, 0.46754600467]
    ],
    [
      [0.010565085114, 0.41615422694, 0.46871082404, 0.1045698639],
      [0.21806032813, 0.21867226155, 0.55202120314, 0.011246207181],
      [0.027562863722, 0.029279644024, 0.76992556497, 0.17323192728],
      [0.0050361543198, 0.74035962164, 0.22970463629, 0.024899587755],
      [9.3547213023e-07, 0.40037712489, 0.59933672075, 0.00028521888375],
      [0.057759535051, 0.03392231364, 0.2905896801, 0.61772847121]
    ],
    [
      [0.014025447311, 0.37737748583, 0.55507902641, 0.053518040443],
      [0.25147905208, 0.17315553957, 0.57033462123, 0.0050307871225],
      [0.034403234319, 0.025018469229, 0.85731533359, 0.083262962862],
      [0.0069503934954, 0.69695997828, 0.28282227014, 0.013267358085],
      [1.1579034989e-06, 0.33838959255, 0.66147290088, 0.00013634866607],
      [0.10021688343, 0.040298697893, 0.45012343486, 0.40936098382]
    ],
    [
      [0.015917349762, 0.39424628972, 0.52584243894, 0.063993921578],
      [0.28189068815, 0.17862738569, 0.5335422038, 0.0059397223654],
      [0.039968737252, 0.026752125518, 0.83134946769, 0.10192966954],
      [0.0077347890071, 0.71397629545, 0.26273412532, 0.015554790229],
      [1.3404308748e-06, 0.36062680482, 0.63920556908, 0.00016628567122],
      [0.10610016087, 0.03927424977, 0.3978332308, 0.45679235857]
    ],
    [
      [0.013400481407, 0.34353029564, 0.56585535672, 0.077213866234],
      [0.2437734754, 0.1597232833, 0.58915071278, 0.0073525285217],
      [0.031315929947, 0.02169573175, 0.8325291013, 0.11445923701],
      [0.0069988224015, 0.66894838179, 0.3038837937, 0.020169002101],
      [1.1257860753e-06, 0.3135163352, 0.68628242, 0.0002001190138],
      [0.080978345072, 0.031020083353, 0.38799838368, 0.50000318789]
    ],
    [
      [0.0092511741045, 0.46271410832, 0.47952388318, 0.048510834388],
      [0.18880914945, 0.24283402047, 0.56314308615, 0.0052137439251],
      [0.026096948064, 0.035329924926, 0.85177266484, 0.08680046217],
      [0.0041141807845, 0.76578875354, 0.21930078255, 0.010796283125],
      [7.7445877182e-07, 0.42066335341, 0.57921051827, 0.00012535386247],
      [0.075500726258, 0.056585755713, 0.44485750219, 0.42305601584]
    ],
    [
      [0.0093081041366, 0.4163112298, 0.50916179478, 0.065218871284],
      [0.18754876902, 0.21554902116, 0.58998712412, 0.0069150856914],
      [0.024331883745, 0.029448960599, 0.83807679149, 0.10814236416],
      [0.0044002567937, 0.73264922368, 0.2475232591, 0.015427260432],
      [7.8414735731e-07, 0.38088771356, 0.61894193344, 0.00016956885521],
      [0.065025563056, 0.043566762348, 0.40427758885, 0.48713008574]
    ],
    [
      [0.010841003497, 0.40710102567, 0.51688092756, 0.065177043277],
      [0.2111095556, 0.20362292853, 0.57859155276, 0.0066759631093],
      [0.027893607236, 0.0283446341, 0.83738932893, 0.10637242973],
      [0.0051857206182, 0.72495825093, 0.25425610601, 0.015599922443],
      [9.1237202207e-07, 0.37210402833, 0.62772576882, 0.00016929047666],
      [0.07457816505, 0.041946936077, 0.40407313868, 0.4794017602]
    ],
    [
      [0.0096432222332, 0.36902638494, 0.55547702344, 0.065853369387],
      [0.18768040106, 0.18439485505, 0.62118750103, 0.0067372428557],
      [0.023452060167, 0.024285776287, 0.85066777846, 0.10159438509],
      [0.0048510886977, 0.69123669773, 0.28733858366, 0.016573629914],
      [8.0185643265e-07, 0.33326740695, 0.66656282041, 0.00016897077603],
      [0.064819530523, 0.03714864538, 0.42424116486, 0.47379065923]
    ],
    [
      [0.018990342975, 0.48585872077, 0.40975183625, 0.085399100012],
      [0.35244330004, 0.22085597978, 0.4187493507, 0.0079513694797],
      [0.055278972559, 0.037795784012, 0.74912073773, 0.1578045057],
      [0.008242234399, 0.79035952059, 0.18291669683, 0.018481548183],
      [1.6916968601e-06, 0.47124033667, 0.52852398481, 0.00023398682591],
      [0.11489638251, 0.043083070194, 0.27767541447, 0.56434513283]
    ],
    [
      [0.0083822184202, 0.45810634635, 0.48175531556, 0.051756119675],
      [0.17659642028, 0.24279096872, 0.57496802756, 0.0056445834401],
      [0.023483545116, 0.034289616018, 0.85019065073, 0.092036188133],
      [0.0037264730938, 0.76471069705, 0.22006472519, 0.011498104663],
      [7.0224055779e-07, 0.41671085525, 0.58315475469, 0.00013368781808],
      [0.066868791195, 0.053763890088, 0.4337041942, 0.44566312452]
    ],
    [
      [0.01151117664, 0.45099068119, 0.43427672145, 0.10322142071],
      [0.23888042701, 0.23744312013, 0.51254779649, 0.01112865638],
      [0.031754962464, 0.033526860462, 0.75396628883, 0.18075188824],
      [0.0052491572681, 0.7675847182, 0.20364801873, 0.023518105805],
      [1.0297613808e-06, 0.43850973533, 0.561204701, 0.0002845339126],
      [0.064394555284, 0.037546153263, 0.27504970536, 0.62300958609]
    ],
    [
      [0.0077433204958, 0.38541998805, 0.52674587241, 0.080090819048],
      [0.16099360678, 0.20424371355, 0.6260635465, 0.0086991331742],
      [0.019325749271, 0.025912450266, 0.82788694388, 0.12687485658],
      [0.0038142780542, 0.70969787632, 0.26676777095, 0.019720074676],
      [6.5657140479e-07, 0.35493812881, 0.64485186188, 0.00020935273773],
      [0.048556483905, 0.035991917824, 0.37468882001, 0.54076277826]
    ],
    [
      [0.014150055553, 0.44501934211, 0.47295967514, 0.067870927197],
      [0.26638196448, 0.2151940352, 0.51170404094, 0.0067199593738],
      [0.038556003151, 0.032826669173, 0.81132639524, 0.11729093244],
      [0.0064598859995, 0.75597296409, 0.22206151834, 0.015505631573],
      [1.2134946885e-06, 0.41452483726, 0.58529429018, 0.00017965906585],
      [0.096209849835, 0.045341011214, 0.36543367306, 0.49301546589]
    ],
    [
      [0.019801842132, 0.37637204057, 0.5158940749, 0.087932042398],
      [0.33680702355, 0.16080275486, 0.49468309346, 0.0077071281304],
      [0.048285458845, 0.02467370707, 0.79110348509, 0.135937349],
      [0.0098867092243, 0.70325139569, 0.26491611228, 0.021945782813],
      [1.7141761004e-06, 0.35425821207, 0.64550530512, 0.00023476862709],
      [0.11125615696, 0.031324068426, 0.32717645113, 0.53024332349]
    ],
    [
      [0.027134685363, 0.39234533782, 0.49494556866, 0.08557440816],
      [0.41044711099, 0.1524539516, 0.43028994281, 0.0068089945949],
      [0.067230359922, 0.026319216269, 0.77199112596, 0.13445929785],
      [0.013307880966, 0.71603505412, 0.24965346328, 0.02100360163],
      [2.3788809999e-06, 0.37361592578, 0.62615010671, 0.00023158863498],
      [0.15023034268, 0.032557884811, 0.31143873971, 0.5057730328]
    ],
    [
      [0.020456488597, 0.50558435064, 0.4209599759, 0.05299918486],
      [0.35899142489, 0.22154204541, 0.41469454039, 0.0047719893087],
      [0.061528269, 0.040721515035, 0.79661141747, 0.10113879849],
      [0.0086226874221, 0.79780778051, 0.18240652591, 0.01116300616],
      [1.7658216308e-06, 0.47446552195, 0.52539162167, 0.00014109055915],
      [0.15444542593, 0.056206383092, 0.35780505759, 0.43154313339]
    ]
  ],
  "expected_outcome": [
    [
      [0.034963849961, 0.39676009328, 0.65876920934, 0.080409705929, 0.17841853783, 0.14191714504, 0.36083292041, 0.031147047862, 0.16867235009, 0.055921373521, 0.45832228105, 0.73894279613, 1.0023564056, 0.31175312436, 0.5026959953, 0.0093873789602, 0.49650387198, 0.12905290955, 0.26412712785, 0.54699244515, 0.57302459142, 0.25460914673, 0.49031222754, 0.53056193578, 0.55289117836, 0.39537211156, 0.1519227438, 0.058675528942, 0.26475706272, 0.030973281983, 1.0895542776, 0.099009210661, 2.1165054583, 0.14319542018],
      [1.4009502974, 13.8602049721, 20.037747617, 2.9466002352, 7.6285360667, 6.0390907948, 17.8356418242, 1.3306586136, 4.5194473008, 1.9747554584, 14.2186154011, 19.250437052, 30.1022053022, 7.1664370609, 17.1417864022, 0.49227572813, 20.7343700384, 4.5827406145, 10.4038556735, 14.7177219474, 14.1928664298, 6.5270756171, 24.5238477412, 23.7297400986, 20.762152309, 15.1300817825, 3.8868697661, 3.2067444244, 10.3727856675, 1.5416799522, 34.2664893421, 1.8818602029, 30.6029363499, 3.5390904545],
      [1.4023556519, 18.4216164267, 31.2821465804, 3.6408902698, 9.8792432177, 7.9521822411, 21.8311929052, 1.5528634639, 8.6974597345, 4.4614504011, 17.3345330924, 24.3918162176, 30.3312768582, 8.9367076925, 16.969282087, 1.321849941, 16.4380688182, 4.6941393186, 11.717770601, 21.6480820302, 18.930327802, 10.7512517777, 25.4147658087, 29.0222223024, 26.3609273055, 22.7745579611, 3.27801469, 3.3722872089, 9.9883645935, 2.1069834896, 36.4178949861, 2.5794703745, 38.6057543552, 2.9467198313],
      [0.16173020075, 2.3214185078, 3.0213365933, 0.33209978901, 1.3138021778, 0.86680981909, 2.9723323502, 0.085330874695, 0.6144206147, 0.50787276692, 2.9885292254, 3.6188039343, 4.5641614339, 1.5851021223, 2.3862355156, 0.17648695196, 2.3310572714, 0.59406715742, 2.6142465976, 2.0872035773, 2.3037811768, 1.4670634584, 2.5710742226, 3.7174756632, 3.3240292071, 2.6999881449, 0.6831928001, 0.36229283772, 2.3740926763, 0.32036327619, 5.2260613942, 0.43966021199, 6.6748038365, 0.37099429402]
    ],
    [
      [1.41784715, 8.4916134395, 13.0163599302, 2.6862635456, 5.6584235789, 1.6982065099, 7.5973584196, 0.63860666631, 1.3061936004, 1.6943109771, 9.2601884435, 11.4365021194, 17.8398100785, 6.1696848976, 8.6158056901, 0.095768176413, 9.2864432533, 1.2613372888, 7.8501718127, 18.8609289058, 23.3969271165, 10.7260329176, 15.6711594044, 9.189889682, 14.5665593365, 11.0731436624, 4.9342062005, 1.5893677826, 5.4942498211, 1.448942461, 18.6467375137, 4.3784913062, 44.3282879874, 10.7697427466],
      [1.3941748181, 7.6086241306, 10.1635268282, 2.4458804861, 6.1825128101, 1.8325256583, 9.6449397679, 0.64174279759, 0.87649756829, 1.5189570899, 7.3511994225, 7.6286390836, 13.742356452, 3.6005585915, 7.5133735986, 0.12579328974, 9.9028631374, 1.1236170038, 7.8722014157, 12.9866654676, 14.826073012, 7.0278244651, 20.1552236993, 10.5619020371, 14.0499820683, 10.8792964482, 3.091983717, 2.1851187185, 5.461191763, 1.8381934219, 15.0635824643, 2.0904358131, 16.4650267727, 6.6462613624],
      [3.1547480874, 22.6387257805, 35.5062984212, 6.8111169419, 17.9408947392, 5.4152984708, 26.4285039447, 1.7110267881, 3.7927991078, 7.7066168768, 20.0720538104, 21.6410923217, 30.9910805817, 10.0664451975, 16.6565130889, 0.76914030761, 17.5825928869, 2.5851238029, 19.8727633131, 42.7750965923, 44.2840029152, 25.9226313623, 46.7408761505, 28.9093690821, 39.9228171407, 36.6500625609, 5.8624909098, 5.174712248, 11.7885993192, 5.6345719185, 35.8192828658, 6.430880215, 46.4713138237, 12.4408362118],
      [0.033229944525, 0.26103664949, 0.31381482037, 0.056739026385, 0.21816887181, 0.053969361073, 0.32919786787, 0.0086237480301, 0.024509723599, 0.080115056221, 0.31655832361, 0.29376647531, 0.42675288787, 0.16331131343, 0.21430762238, 0.0092982262411, 0.22810072247, 0.029921904523, 0.40486345852, 0.37730903419, 0.49299695633, 0.32351125495, 0.43274074578, 0.33883919888, 0.46064145454, 0.39749732849, 0.11131917272, 0.050801250961, 0.25595909675, 0.078292198567, 0.47039715616, 0.1001926657, 0.73537141625, 0.14315967926]
    ],
    [
      [3.0106784839, 17.8853475245, 18.2210855931, 2.89937242, 6.6914394384, 5.036706863, 13.6438075671, 1.1352761679, 3.9194037051, 3.2419598294, 16.5855433036, 24.1503856676, 28.5052912294, 12.4549811059, 18.3340782237, 0.37605286456, 12.2182704648, 5.8025981129, 4.7959382876, 11.3530673254, 13.9490893008, 10.9918914113, 20.5382981265, 17.2756374586, 17.6845469878, 11.2804409406, 3.8695280791, 2.7945418688, 4.858509257, 5.1599750554, 31.7701465967, 10.5745154871, 85.7859392608, 5.968242093],
      [3.1956296485, 16.8966196086, 15.00065696, 2.8338512243, 7.7221490403, 5.7662161914, 18.2393222775, 1.2596209476, 2.8160437147, 3.0785994885, 13.901013386, 17.0093413769, 23.1587495411, 7.716538669, 16.8908199204, 0.51776451531, 13.7809507245, 5.5286817951, 5.0946580602, 8.2560948455, 9.3364918059, 7.6152018441, 27.8046509165, 20.9087620255, 17.9704980194, 11.6814583938, 2.6457048809, 4.0804643061, 5.1296096506, 6.918624221, 27.0491753987, 5.4035418482, 33.5833199588, 3.9499869584],
      [75.9598751665, 522.8440262959, 544.7783137349, 82.6697800314, 233.3219564045, 177.6826198261, 519.8169282113, 35.6384832775, 127.2186163518, 162.9885167511, 394.9131922114, 501.831473014, 543.0151169153, 224.6690536146, 389.5793938798, 33.5878534578, 254.6155461972, 132.736573199, 133.9670483049, 282.9140600845, 290.1409642251, 292.2177145551, 670.3450872292, 595.0345219603, 530.9048345415, 409.1712014381, 52.4384516409, 101.1726874373, 115.3568421912, 221.0458140169, 668.5329496767, 173.2516632345, 985.0606767262, 77.2713074946],
      [8.8338167011, 66.374006571, 52.999943712, 7.5969963243, 31.2644551169, 19.5144571195, 71.2999419441, 1.966619607, 9.0459362284, 18.690923931, 68.600251099, 75.0087999415, 82.3208423142, 40.1594266105, 55.1957079761, 4.5183291624, 36.3852326135, 16.932146893, 30.1423553473, 27.4767777446, 35.5734546682, 40.1751921895, 68.3119637278, 76.7810785556, 67.4401204513, 48.8668992275, 11.0463153991, 10.9523063878, 27.6550389013, 33.8755867067, 96.647728328, 29.7702794301, 171.5700640543, 9.810463454]
    ],
    [
      [0.33204617886, 2.7558279264, 4.4206451483, 0.4428421251, 1.3024586505, 0.71102084914, 1.976655988, 0.15668657905, 0.60061812866, 0.42235658096, 2.3174511229, 3.5329658907, 5.0480460032, 2.0274720584, 2.8400699792, 0.038729343167, 2.6015308424, 0.92738989799, 1.2993278145, 2.4326377234, 2.7690544645, 2.5195760646, 3.6698492598, 3.1197820667, 3.5677757853, 3.1920163631, 1.1951239878, 0.37264730938, 1.4592657205, 0.66368438143, 7.3771898114, 1.6411937312, 14.5721296577, 1.2244216139],
      [50.2143183787, 358.594751311, 500.5649348422, 61.0475779613, 207.7545546493, 113.1568892468, 363.9004711118, 25.6170163983, 60.4768475036, 56.0434517237, 267.9879465306, 342.8773543983, 564.3522519521, 174.0456805568, 360.8201381292, 8.0184682401, 404.7109921737, 123.2449482, 191.0127823831, 243.9359923963, 255.6035137702, 240.821417446, 683.0835681595, 519.4482995874, 498.7712766389, 454.8337471072, 114.6021304854, 76.4710697055, 213.3885516597, 123.4874304789, 863.3211249921, 116.7397316841, 784.0583842661, 113.2887048321],
      [13.6865667938, 131.5816203503, 215.8690136046, 20.5960194866, 74.1469432857, 40.9605575391, 122.9765552989, 8.0114575819, 31.8282437293, 34.6182845564, 90.1353682396, 119.9329077115, 157.0976684185, 59.7712690926, 98.594569854, 5.5815211346, 88.5770853172, 34.6927821338, 59.2637961616, 98.9877945506, 94.0588168632, 109.398165733, 195.6162980335, 175.4939906995, 174.9282009349, 189.0687880462, 26.5229210402, 22.0064725189, 56.6141492059, 46.417592146, 253.5942539395, 43.9760746377, 273.3705422918, 25.9017266792],
      [0.76706864862, 8.0678004123, 10.1454064049, 0.91356042706, 4.7960434145, 2.1715323649, 8.1463176013, 0.21483944071, 1.0942906384, 1.9159071389, 7.5592341069, 8.6567719995, 11.5020336263, 5.1555782922, 6.7452220376, 0.36128128212, 6.1103916667, 2.1348797682, 6.4240936409, 4.6435753298, 5.5686149021, 7.2608407565, 9.6302845473, 10.9379276464, 10.7327466409, 10.9054484836, 2.6798244866, 1.1498104663, 6.5380334139, 3.4312929937, 17.7074312569, 3.642999947, 22.9989437844, 1.5851468747]
    ],
    [
      [7.8743164675e-06, 6.1924967122e-05, 8.3680925371e-05, 3.7988374374e-06, 1.8987884703e-05, 2.2018526473e-05, 4.6095874289e-05, 1.6858655888e-06, 3.8590176408e-06, 3.9061821511e-06, 4.076407963e-05, 6.5826673862e-05, 9.4359066567e-05, 2.5601816092e-05, 4.8961627156e-05, 1.1504765088e-06, 4.9369758163e-05, 2.4126809352e-05, 1.6838498344e-05, 5.6737271448e-05, 5.4957665868e-05, 4.2779870862e-05, 8.1318171041e-05, 5.6458609727e-05, 7.2989761766e-05, 3.5281683036e-05, 1.3533574881e-05, 3.511202789e-06, 1.9565466235e-05, 2.6262856191e-05, 0.00012984393167, 3.9426050309e-05, 0.00018317383699, 1.4126573046e-05],
      [3.4287435918, 23.4951119661, 27.6446437122, 1.5121031903, 8.8178731829, 10.1770053917, 24.7440453074, 0.78111561292, 1.123014064, 1.4975366556, 13.737280645, 18.6278831499, 30.7801688263, 6.3957866996, 18.1361236774, 0.6528158643, 22.3975412596, 9.3126671394, 7.206788248, 16.581090035, 14.7856989976, 11.9136207376, 44.169652108, 27.423915376, 29.7683222666, 14.663765906, 3.7699226934, 2.0835542762, 8.3316849713, 14.1975251526, 44.3541575866, 8.1479388777, 28.7684262848, 3.7957241756],
      [4.5701256392, 41.4936439437, 57.3434266313, 2.4874092376, 15.1777951029, 17.8188243034, 40.2441913406, 1.2187397305, 2.8765481438, 4.5013663494, 22.2544768648, 31.362101826, 41.2064752816, 10.6001715531, 23.8566544066, 2.346521895, 23.5952566539, 12.6838819657, 10.7880609736, 32.412172143, 26.2074283322, 26.07873196, 60.8171044183, 44.5638192078, 50.2180615055, 29.3287640982, 4.2281918785, 2.9157737735, 10.6628893189, 25.794074475, 62.6264890494, 14.8466220178, 48.2135582164, 4.2031329734],
      [0.0011228947021, 0.011182165266, 0.011845975491, 0.00048377327392, 0.0043127263558, 0.0041482864303, 0.011717256072, 0.00014297075018, 0.00043393314034, 0.0010930887742, 0.0082017261375, 0.0099491974581, 0.013261533055, 0.0040161454034, 0.0071729543147, 0.00066109023846, 0.0071527168239, 0.003426768112, 0.0051339399075, 0.0066810846376, 0.0068177125201, 0.0076045225246, 0.013162155559, 0.012208957575, 0.013543238133, 0.0074347141455, 0.0018718946073, 0.00066843909039, 0.0054061443393, 0.0083741095091, 0.019223520046, 0.0053996784231, 0.017832324894, 0.0011287244732]
    ],
    [
      [0.812332179, 6.6652603541, 6.467357679, 0.54071929285, 2.9069462915, 1.5827733262, 4.474552231, 0.59997754693, 1.5319530501, 0.73620435954, 5.9667053608, 6.9409100594, 11.6890281344, 5.9796648161, 6.3360417421, 0.25618983331, 4.9014935871, 2.4623450714, 1.7327860515, 5.3114948217, 6.2599094911, 4.1298955986, 8.2295791621, 7.02276081, 8.2035981555, 4.6021866671, 0.91917106004, 1.2705070327, 2.5113876561, 1.1653556137, 11.8338115297, 2.55889161, 30.4967595645, 2.7800176667],
      [0.47232010302, 3.4842931066, 2.9462101811, 0.29021912771, 1.8547619394, 0.99967218119, 3.3113064796, 0.35833507032, 0.6047313379, 0.38618693819, 2.7664676542, 2.7043423154, 5.2550775246, 2.0455781681, 3.2278392874, 0.19445924466, 3.0555193073, 1.2906339188, 1.0176694092, 2.1358309883, 2.3171807364, 1.582024251, 6.1678473727, 4.7052103336, 4.6141629685, 2.637553822, 0.34466456156, 1.0215139117, 1.4642999773, 0.86380602778, 5.5769443793, 0.72045357379, 6.6092506167, 1.0117148957],
      [3.6492856234, 35.1529806263, 34.8881661143, 2.7527944602, 18.2629804558, 10.0341750842, 30.7690619284, 3.2813679348, 8.8909161446, 6.6570229062, 25.6209505301, 26.0134383212, 40.1775602901, 19.4080695601, 24.2704371427, 4.0809658445, 18.4014669507, 10.0908248883, 8.7176904029, 23.8565420475, 23.472160617, 19.7879175678, 48.489467739, 43.6619795962, 44.4480452546, 30.1211227054, 2.2214033158, 8.2403796897, 10.726938509, 8.9925316801, 44.9483417863, 7.5250583759, 63.2220641605, 6.4404910366],
      [4.0660620946, 41.697465913, 31.6982660256, 2.4162671192, 22.9753113133, 10.3833794084, 39.445079361, 1.7603194479, 5.9723994674, 7.2205857961, 41.6458764548, 36.341309304, 56.8783340509, 32.5666874557, 32.1656818279, 5.4683850775, 24.6415201549, 12.1561961215, 18.5318541364, 21.6961321425, 26.9507491555, 25.5001625825, 46.1131057262, 52.6100492601, 52.7341936215, 33.6391368055, 4.5147610626, 8.4675993659, 24.2973738576, 12.9783066784, 60.6409023047, 12.1955964403, 102.6719256583, 7.767776401]
    ]
  ],
  "prob": [
    [0.013564063784, 0.41496209761, 0.50274725504, 0.06872658357],
    [0.25283666073, 0.19962014466, 0.54077614213, 0.0067670524821],
    [0.035233490839, 0.029224515427, 0.82231514739, 0.11322684634],
    [0.0064358458116, 0.73190954039, 0.24533218436, 0.016322429444],
    [1.1533492512e-06, 0.38316506416, 0.61665337037, 0.00018041212034],
    [0.090219067521, 0.041469758496, 0.38062448831, 0.48768668567]
  ],
  "iterations": 261,
  "time": 0.063691,
  "message": "Converged",
  "status": 0,
  "miniter": 0,
  "maxiter": 1000,
  "maxtime": 3600,
  "param_threshold": 0.001,
  "ll_threshold": "-Inf",
  "initial_prob": "random",
  "adjust_prob_cond_method": "",
  "adjust_prob_cond_every": false,
  "candidates_id": ["GOLDIE, Xavier Heath.c", "HENARE, Raymond Tau.c", "CARTER, Chris Joseph.c", "Other candidates votes.c"],
  "group_id": ["ACT New Zealand.p", "Green Party.p", "Labour Party.p", "National Party.p", "New Zealand First Party.p", "Other parties votes.p"]
}
