{
  "Z_true": {},
  "V_true": [
    [646, 7, 29, 22, 88, 0],
    [31, 833, 61, 37, 58, 0],
    [137, 48, 201, 528, 588, 0],
    [89, 46, 389, 4535, 292, 1],
    [88, 48, 759, 118, 7901, 1],
    [445, 478, 642, 823, 1529, 23]
  ],
  "p_true": [
    [0.8157, 0.0088, 0.0366, 0.0278, 0.1111, 0],
    [0.0304, 0.8167, 0.0598, 0.0363, 0.0569, 0],
    [0.0912, 0.032, 0.1338, 0.3515, 0.3915, 0],
    [0.0166, 0.0086, 0.0727, 0.8473, 0.0546, 0.0002],
    [0.0099, 0.0054, 0.0851, 0.0132, 0.8863, 0.0001],
    [0.1129, 0.1213, 0.1629, 0.2089, 0.3881, 0.0058]
  ],
  "Z_est": {},
  "V_est": [
    [684.3635, 0.8141, 0, 0, 106.8224, 0],
    [0, 1020, 0, 0, 0, 0],
    [79.4561, 0, 649.0897, 371.6827, 401.7715, 0],
    [587.723, 132.3486, 4.4983, 4627.43, 0, 0],
    [0, 0, 615.0996, 0, 8299.9004, 0],
    [84.4573, 306.8373, 812.3123, 1063.8873, 1647.5057, 25]
  ],
  "p_est": [
    [0.8641, 0.001, 0, 0, 0.1349, 0],
    [0, 1, 0, 0, 0, 0],
    [0.0529, 0, 0.4322, 0.2475, 0.2675, 0],
    [0.1098, 0.0247, 0.0008, 0.8646, 0, 0],
    [0, 0, 0.069, 0, 0.931, 0],
    [0.0214, 0.0779, 0.2062, 0.27, 0.4181, 0.0063]
  ],
  "EI_Z": {},
  "EI_V": 10.689,
  "MAE_Z": {},
  "MAE_V": 127.7991,
  "MAE_p": 0.0478,
  "runtime": 0.0241
}
