{
  "X": [
    [0, 17, 104, 3],
    [97, 537, 720, 83],
    [2, 40, 96, 6],
    [8, 57, 182, 13],
    [29, 166, 361, 47],
    [26, 131, 424, 46],
    [23, 140, 258, 26],
    [6, 2, 73, 7],
    [5, 15, 138, 9],
    [14, 58, 228, 9],
    [27, 258, 466, 44],
    [41, 355, 610, 48],
    [62, 500, 1081, 72],
    [43, 320, 570, 50],
    [15, 113, 205, 12],
    [44, 260, 437, 46],
    [53, 306, 574, 54],
    [0, 2, 35, 5],
    [5, 22, 176, 5],
    [14, 90, 236, 11],
    [0, 12, 74, 6],
    [22, 122, 96, 22],
    [7, 50, 128, 5],
    [14, 77, 326, 14],
    [10, 41, 248, 13],
    [8, 41, 156, 10],
    [2, 17, 128, 4],
    [4, 28, 184, 5],
    [16, 100, 255, 10],
    [2, 11, 142, 8],
    [2, 4, 45, 0],
    [10, 33, 129, 15],
    [10, 117, 241, 49],
    [15, 88, 111, 36],
    [28, 146, 314, 50],
    [68, 313, 728, 97],
    [1, 15, 73, 11],
    [1, 5, 31, 9],
    [10, 72, 275, 12],
    [3, 10, 78, 3],
    [4, 10, 69, 2],
    [12, 68, 131, 4],
    [2, 1, 46, 1],
    [6, 41, 62, 9],
    [40, 419, 370, 44],
    [2, 9, 33, 4],
    [2, 12, 24, 1],
    [0, 13, 23, 0],
    [3, 38, 49, 5],
    [34, 483, 463, 77],
    [0, 5, 14, 1],
    [66, 637, 787, 71],
    [1, 15, 17, 2],
    [0, 8, 21, 1],
    [2, 19, 19, 5],
    [6, 25, 45, 1],
    [3, 10, 2, 2],
    [20, 192, 306, 38],
    [2, 16, 31, 1],
    [7, 42, 52, 9],
    [1, 14, 15, 2],
    [14, 238, 342, 25],
    [3, 67, 54, 7],
    [1, 23, 34, 7],
    [5, 46, 117, 12],
    [0, 4, 30, 14],
    [1, 3, 32, 1],
    [3, 11, 69, 5],
    [0, 7, 2, 1],
    [23, 95, 329, 23],
    [21, 80, 237, 17],
    [9, 41, 85, 23],
    [31, 163, 434, 103],
    [7, 92, 56, 11],
    [8, 36, 133, 13],
    [0, 4, 36, 4],
    [8, 58, 120, 17],
    [8, 18, 141, 10],
    [13, 97, 149, 36],
    [4, 18, 129, 6],
    [22, 102, 356, 25],
    [2, 10, 44, 10],
    [0, 1, 4, 0],
    [10, 86, 138, 24],
    [119, 725, 1509, 152],
    [7, 71, 136, 19],
    [53, 533, 960, 111],
    [3, 62, 128, 13]
  ],
  "W": [
    [3, 17, 91, 5, 1, 7],
    [69, 579, 543, 123, 68, 55],
    [9, 42, 75, 7, 7, 4],
    [11, 65, 146, 19, 7, 12],
    [21, 209, 269, 59, 26, 19],
    [12, 170, 353, 52, 15, 25],
    [17, 163, 192, 43, 21, 11],
    [0, 3, 70, 6, 5, 4],
    [5, 26, 115, 13, 2, 6],
    [15, 70, 187, 21, 7, 9],
    [21, 354, 309, 62, 25, 24],
    [31, 458, 411, 76, 31, 47],
    [47, 624, 799, 125, 53, 67],
    [34, 400, 387, 87, 36, 39],
    [15, 137, 142, 28, 10, 13],
    [27, 324, 311, 63, 33, 29],
    [28, 402, 388, 89, 30, 50],
    [2, 4, 33, 0, 3, 0],
    [11, 35, 143, 8, 8, 3],
    [12, 112, 184, 25, 6, 12],
    [1, 12, 64, 5, 4, 6],
    [11, 128, 72, 30, 9, 12],
    [4, 59, 96, 15, 9, 7],
    [12, 86, 264, 39, 2, 28],
    [10, 55, 218, 12, 9, 8],
    [7, 54, 120, 13, 7, 14],
    [3, 21, 115, 2, 4, 6],
    [4, 43, 148, 17, 2, 7],
    [11, 105, 211, 30, 10, 14],
    [0, 16, 127, 6, 5, 9],
    [0, 4, 39, 3, 3, 2],
    [5, 38, 104, 23, 6, 11],
    [11, 173, 157, 45, 9, 22],
    [5, 117, 83, 24, 9, 12],
    [12, 220, 229, 39, 13, 25],
    [39, 398, 545, 120, 41, 63],
    [2, 17, 63, 7, 3, 8],
    [1, 7, 30, 3, 2, 3],
    [8, 80, 234, 22, 10, 15],
    [0, 19, 64, 4, 7, 0],
    [4, 12, 52, 11, 4, 2],
    [5, 72, 106, 27, 2, 3],
    [1, 2, 43, 3, 0, 1],
    [2, 45, 60, 8, 2, 1],
    [21, 445, 289, 58, 24, 36],
    [3, 14, 25, 4, 0, 2],
    [2, 16, 16, 2, 1, 2],
    [2, 13, 19, 1, 1, 0],
    [5, 39, 40, 5, 1, 5],
    [32, 548, 338, 56, 51, 32],
    [0, 6, 9, 4, 0, 1],
    [41, 735, 607, 91, 44, 43],
    [2, 15, 13, 4, 0, 1],
    [4, 6, 16, 1, 0, 3],
    [2, 22, 18, 1, 1, 1],
    [4, 23, 35, 6, 5, 4],
    [0, 14, 0, 1, 1, 1],
    [15, 241, 218, 36, 14, 32],
    [1, 26, 20, 2, 1, 0],
    [6, 46, 43, 5, 4, 6],
    [2, 16, 11, 1, 0, 2],
    [24, 273, 253, 34, 16, 19],
    [6, 73, 40, 4, 4, 4],
    [3, 21, 23, 3, 9, 6],
    [33, 35, 93, 6, 5, 8],
    [0, 12, 29, 1, 0, 6],
    [0, 3, 29, 2, 1, 2],
    [2, 15, 56, 4, 7, 4],
    [0, 6, 0, 1, 0, 3],
    [12, 148, 248, 38, 8, 16],
    [7, 112, 175, 41, 10, 10],
    [10, 47, 61, 24, 8, 8],
    [20, 208, 354, 81, 24, 44],
    [7, 103, 37, 9, 4, 6],
    [6, 48, 102, 14, 5, 15],
    [0, 5, 35, 1, 0, 3],
    [9, 67, 92, 21, 5, 9],
    [4, 27, 130, 6, 3, 7],
    [9, 119, 136, 8, 5, 18],
    [6, 24, 111, 5, 4, 7],
    [27, 129, 280, 28, 19, 22],
    [1, 10, 43, 3, 1, 8],
    [0, 1, 2, 1, 0, 1],
    [5, 101, 121, 17, 3, 11],
    [88, 840, 1165, 199, 101, 112],
    [10, 83, 109, 15, 5, 11],
    [81, 643, 724, 78, 59, 72],
    [18, 69, 106, 5, 4, 4]
  ],
  "method": "mcmc",
  "mcmc_stepsize": 3000,
  "mcmc_samples": 1000,
  "burn_in": 10000,
  "cond_prob": [
    [
      [0, 0.25131748636, 0.71831666435, 0.030365849282],
      [0, 0.15843503261, 0.8345224171, 0.0070425502875],
      [0, 0.1326067534, 0.8461888366, 0.021204409999],
      [0, 0.13771856077, 0.84053009822, 0.021751341012],
      [0, 0.0615406794, 0.92932985518, 0.0091294654197],
      [0, 0.10504342056, 0.78900063417, 0.10595594527]
    ],
    [
      [0.10144927536, 0.36231884058, 0.49275362319, 0.04347826087],
      [0.067357512953, 0.37478411054, 0.50086355786, 0.056994818653],
      [0.066298342541, 0.37569060773, 0.50092081031, 0.057090239411],
      [0.065040650407, 0.37398373984, 0.50406504065, 0.056910569106],
      [0.058823529412, 0.36764705882, 0.51470588235, 0.058823529412],
      [0.054545454545, 0.36363636364, 0.49090909091, 0.090909090909]
    ],
    [
      [0.06467226953, 0.21599626288, 0.70884515869, 0.010486308909],
      [0.0031931856391, 0.33379608478, 0.63761771675, 0.025393012822],
      [0.016999568398, 0.25577869613, 0.67837516864, 0.048846566831],
      [0.00016840562251, 0.30401176986, 0.67628880198, 0.019531022531],
      [0.00048004934095, 0.19358948732, 0.73435926994, 0.071571193394],
      [0.001082240693, 0.34249676575, 0.52194382917, 0.13447716438]
    ],
    [
      [0.18180885815, 0.18181085873, 0.63637852138, 1.7617298807e-06],
      [0.030768818155, 0.23077291939, 0.69230283918, 0.046155423273],
      [0.027396964268, 0.22602483683, 0.69863363022, 0.047944568683],
      [1.4511471691e-06, 0.21052697612, 0.78947056216, 1.0105723237e-06],
      [8.813135028e-06, 0.14287351559, 0.71425256707, 0.1428651042],
      [6.9444523429e-06, 0.16667395507, 0.66666108797, 0.16665801251]
    ],
    [
      [0.1428571435, 0.23809524065, 0.57142856887, 0.04761904698],
      [0.052631578562, 0.2727272726, 0.59808612498, 0.076555023859],
      [0.044609665278, 0.28252788104, 0.5985130113, 0.074349442379],
      [0.033898306678, 0.27118643954, 0.62711864293, 0.067796610852],
      [0.038461537945, 0.26923076975, 0.57692307796, 0.11538461435],
      [1.4135491188e-09, 0.26315789615, 0.57894736489, 0.15789473755]
    ],
    [
      [0.16666666667, 0.16666667327, 0.66666665538, 4.6751773503e-09],
      [0.041176471581, 0.21764705715, 0.6705882344, 0.070588236868],
      [0.039660056311, 0.20963172744, 0.67988668747, 0.070821528772],
      [0.03846153814, 0.19230769885, 0.69230768863, 0.07692307438],
      [8.763951199e-10, 0.20000000882, 0.66666666225, 0.13333332805],
      [0.039999998283, 0.19999999776, 0.6399999947, 0.12000000926]
    ],
    [
      [0.17647058811, 0.29411764706, 0.52941176465, 1.9187244345e-10],
      [0.049079754583, 0.31901840495, 0.57668711655, 0.05521472391],
      [0.04687500001, 0.31770833334, 0.57812500003, 0.057291666619],
      [0.046511627922, 0.30232558124, 0.60465116269, 0.046511628142],
      [0.04761904773, 0.28571428548, 0.5714285716, 0.095238095185],
      [3.5866931657e-11, 0.27272727302, 0.54545454516, 0.18181818178]
    ],
    [
      [0, 0, 0, 0],
      [0.19291900653, 0.0048966717224, 0.79551775751, 0.0066665642395],
      [0.075408363268, 0.022407647895, 0.82596151365, 0.076222475186],
      [0.010206977754, 0.065005650258, 0.91351324651, 0.011274125479],
      [0.0069894989612, 0.0020738484755, 0.86800268455, 0.12293396802],
      [0.011617047574, 0.0040928720591, 0.74376196754, 0.24052811283]
    ],
    [
      [0.19944969417, 0.00047047165287, 0.7996354116, 0.00044442257096],
      [0.038462553879, 0.11519605261, 0.80777912255, 0.038562270956],
      [0.026072950122, 0.095631475515, 0.82616357349, 0.052132000875],
      [0.00025491529711, 0.076848933508, 0.92259699122, 0.0002991599757],
      [9.0084432864e-06, 0.0014434955213, 0.99785151422, 0.00069598181671],
      [0.00016732475284, 0.00050124382747, 0.66688181503, 0.33244961639]
    ],
    [
      [0.13333048763, 0.13333209473, 0.73333591371, 1.5039276995e-06],
      [0.057141948145, 0.18571397279, 0.72857325662, 0.028570822447],
      [0.042780843662, 0.19786081884, 0.73262026816, 0.02673806934],
      [4.1458801245e-06, 0.19047618676, 0.80951960146, 6.5891553809e-08],
      [1.3929948513e-07, 0.14286030621, 0.85713931149, 2.4300830623e-07],
      [5.6881972778e-08, 0.111116144, 0.66666181928, 0.22222197983]
    ],
    [
      [0.095238095335, 0.28571428619, 0.57142857056, 0.047619047907],
      [0.036723163825, 0.32485875707, 0.58474576275, 0.05367231635],
      [0.032362459573, 0.32686084141, 0.58576051777, 0.055016181249],
      [0.032258064451, 0.33870967752, 0.58064516119, 0.048387096839],
      [1.7623383406e-13, 0.31999999968, 0.6400000004, 0.039999999919],
      [7.3417390451e-13, 0.29166666633, 0.58333333375, 0.12499999992]
    ],
    [
      [0.096774190059, 0.32258063818, 0.54838711073, 0.032258061026],
      [0.041484715449, 0.33624454833, 0.57860261607, 0.043668120145],
      [0.036496350628, 0.34306568659, 0.57664234129, 0.043795621491],
      [0.026315790897, 0.32894737696, 0.60526314651, 0.039473685634],
      [0.032258074985, 0.32258064865, 0.58064514035, 0.064516136012],
      [0.021276593443, 0.31914891776, 0.57446809892, 0.085106389884]
    ],
    [
      [0.085106382979, 0.27659574468, 0.6170212766, 0.021276595745],
      [0.036858974359, 0.29166666667, 0.62980769231, 0.041666666667],
      [0.035043804756, 0.29411764706, 0.62953692115, 0.041301627034],
      [0.032, 0.288, 0.64, 0.04],
      [0.018867924528, 0.28301886792, 0.64150943396, 0.056603773585],
      [0.029850746269, 0.28358208955, 0.62686567164, 0.059701492537]
    ],
    [
      [0.088235294118, 0.32352941176, 0.55882352941, 0.029411764706],
      [0.0475, 0.325, 0.5775, 0.05],
      [0.041343669251, 0.33074935401, 0.57881136951, 0.049095607235],
      [0.034482758621, 0.32183908046, 0.59770114943, 0.045977011494],
      [0.027777777778, 0.30555555556, 0.61111111111, 0.055555555556],
      [0.025641025641, 0.30769230769, 0.5641025641, 0.10256410256]
    ],
    [
      [0.19999955731, 0.26666729491, 0.53333313508, 1.2706005538e-08],
      [0.036496167728, 0.34306592405, 0.59124089608, 0.029197012143],
      [0.042253665862, 0.32394357447, 0.60563368829, 0.028169071378],
      [0.035714669553, 0.32142811634, 0.64285711518, 9.892400978e-08],
      [1.0531990126e-08, 0.29999828179, 0.50000163047, 0.20000007722],
      [1.971856972e-08, 0.30769241008, 0.53846161112, 0.15384595908]
    ],
    [
      [0.14814814815, 0.2962962963, 0.51851851852, 0.037037037037],
      [0.055555555556, 0.33641975309, 0.5524691358, 0.055555555556],
      [0.054662379421, 0.33440514469, 0.55305466238, 0.057877813505],
      [0.047619047619, 0.31746031746, 0.5873015873, 0.047619047619],
      [0.030303030303, 0.30303030303, 0.57575757576, 0.090909090909],
      [0.034482758621, 0.31034482759, 0.55172413793, 0.10344827586]
    ],
    [
      [0.10714285714, 0.28571428571, 0.57142857143, 0.035714285714],
      [0.057213930348, 0.31094527363, 0.57960199005, 0.05223880597],
      [0.051546391753, 0.31443298969, 0.57989690722, 0.05412371134],
      [0.044943820225, 0.30337078652, 0.60674157303, 0.044943820225],
      [0.033333333333, 0.3, 0.56666666667, 0.1],
      [0.04, 0.3, 0.58, 0.08]
    ],
    [
      [0, 0.044579960437, 0.86768066205, 0.087739377515],
      [0, 0.060637736416, 0.82152389869, 0.1178383649],
      [0, 0.047302381877, 0.83371838925, 0.11897922888],
      [0, 0, 0, 0],
      [0, 0.035770177174, 0.82194541202, 0.14228441081],
      [0, 0, 0, 0]
    ],
    [
      [0.090962959506, 0.091110449673, 0.81779390523, 0.0001326855932],
      [0.028614794083, 0.14281979352, 0.82852314655, 4.2265847336e-05],
      [0.020946332707, 0.11183558207, 0.84624183936, 0.020976245857],
      [0.00015359509336, 0.0004679362153, 0.99924180845, 0.00013666023931],
      [0.00014694882766, 0.00023445948855, 0.87482659739, 0.12479199429],
      [5.3241344077e-05, 0.00032829278423, 0.66694221251, 0.33267625336]
    ],
    [
      [0.083332450229, 0.25001472101, 0.66665264924, 1.7952741615e-07],
      [0.053568458113, 0.25000494557, 0.66964141728, 0.02678517904],
      [0.038043655892, 0.26630199746, 0.66847999145, 0.027174355192],
      [5.6994295728e-06, 0.23999657216, 0.71999875471, 0.039998973696],
      [1.3117677197e-05, 0.16667855408, 0.66662725552, 0.16668107272],
      [7.4510543705e-06, 0.2499763569, 0.66668988711, 0.083326304936]
    ],
    [
      [0, 0.10015379991, 0.86830379773, 0.031542402358],
      [0, 0.15480975467, 0.78525817383, 0.059932071502],
      [0, 0.12563811217, 0.82161884875, 0.052743039074],
      [0, 0.12118107849, 0.83237038878, 0.046448532724],
      [0, 0.12867669, 0.71979230918, 0.15153100082],
      [0, 0.14677963542, 0.68066176925, 0.17255859533]
    ],
    [
      [0.18181976912, 0.45453580858, 0.3636437444, 6.7789633036e-07],
      [0.085937108677, 0.47656313411, 0.3593745202, 0.078125237017],
      [0.083333710781, 0.47222129554, 0.36111164562, 0.083333348066],
      [0.066666108865, 0.43334015442, 0.43332636842, 0.0666673683],
      [1.1045831164e-06, 0.44443835968, 0.33334368625, 0.22221684949],
      [0.083334353796, 0.41666181595, 0.3333381261, 0.16666570415]
    ],
    [
      [0.24891032229, 0.25036603145, 0.50008191191, 0.00064173435776],
      [0.047235515607, 0.27000187825, 0.66509032134, 0.017672284809],
      [0.033026727657, 0.28041464599, 0.66530036935, 0.021258257005],
      [0.00022586324725, 0.21271818766, 0.77997722623, 0.0070787228614],
      [0.0046623071637, 0.21017869785, 0.78497635043, 0.00018264455235],
      [0.00022124597252, 0.15231970679, 0.58943748403, 0.25802156322]
    ],
    [
      [0.083331558602, 0.16666677173, 0.74996633657, 3.5333091348e-05],
      [0.046508283226, 0.1744128462, 0.75582746482, 0.023251405754],
      [0.030299735098, 0.18561014001, 0.75378541869, 0.0303047062],
      [0.025652408586, 0.15385261204, 0.7948533366, 0.025641642771],
      [3.8234292672e-06, 0.00031099410491, 0.49986910049, 0.49981608197],
      [2.5974704255e-05, 0.17851939803, 0.75003118301, 0.071423444259]
    ],
    [
      [0.19997984765, 0.10000001225, 0.70001005749, 1.008261557e-05],
      [0.036359948386, 0.14545635057, 0.78182375323, 0.036359947808],
      [0.027523394857, 0.13302798935, 0.79816375076, 0.041284865031],
      [1.6901756967e-05, 0.083324899922, 0.91665819811, 2.0866640732e-10],
      [1.1268149759e-05, 0.11109992805, 0.77776628278, 0.11112252102],
      [6.1405547315e-09, 0.12500009566, 0.7500125512, 0.12498734701]
    ],
    [
      [0.14285254631, 0.14285687905, 0.71428861478, 1.9598611064e-06],
      [0.055554271256, 0.18518303957, 0.72222559215, 0.037037097015],
      [0.033333372336, 0.20000004309, 0.72500038178, 0.041666202793],
      [3.2419499541e-06, 0.23077026223, 0.76921921412, 7.2816971103e-06],
      [7.6684110087e-07, 0.14286079464, 0.71427955495, 0.14285888357],
      [3.5238856098e-06, 0.14286239763, 0.71428180277, 0.14285227571]
    ],
    [
      [0.22192498794, 0.025516572585, 0.74660410637, 0.0059543331],
      [0.0083036466525, 0.17365308861, 0.80126177253, 0.016781492206],
      [0.0099191743364, 0.10847103756, 0.85823607731, 0.023373710797],
      [0.00088842769051, 0.048853507806, 0.90926464176, 0.040993422739],
      [0.00024146918341, 0.059241845068, 0.89855125124, 0.041965434513],
      [0.0027334459449, 0.077981951117, 0.80396787975, 0.11531672319]
    ],
    [
      [0.24439351396, 0.0040993916847, 0.7510881583, 0.00041893605786],
      [0.023160510426, 0.16234384176, 0.81418702854, 0.00030861927014],
      [0.013484855006, 0.12816039156, 0.8381860451, 0.020168708337],
      [0.00091000781627, 0.11772018848, 0.87904925127, 0.0023205524359],
      [0.00028252657076, 0.0084334607277, 0.99063017471, 0.00065383799315],
      [0.002104324137, 0.0024241659475, 0.71556754908, 0.27990396084]
    ],
    [
      [0.18181807447, 0.18181706585, 0.63636478082, 7.8861670574e-08],
      [0.047619294715, 0.26666820912, 0.66666477136, 0.0190477248],
      [0.037914560825, 0.27014176926, 0.66824699893, 0.023696670988],
      [0.033333333817, 0.26666412317, 0.70000174841, 7.9460330774e-07],
      [2.5021840931e-07, 0.19999804675, 0.70000265017, 0.099999052853],
      [2.7503032027e-08, 0.21428806011, 0.64285647786, 0.14285543453]
    ],
    [
      [0, 0, 0, 0],
      [0.041037031455, 0.10205145841, 0.85058921758, 0.0063222925527],
      [0.010181293609, 0.069744632864, 0.87612281597, 0.043951257554],
      [0.00037481192359, 0.012869568275, 0.9797866393, 0.0069689805022],
      [0.00015445019181, 0.00956362518, 0.862267872, 0.12801405263],
      [0.0052624539843, 0.042730306237, 0.77032396604, 0.18168327374]
    ],
    [
      [0, 0, 0, 0],
      [0.072713380062, 0.075608204075, 0.85167841586, 0],
      [0.035156770436, 0.073304952464, 0.8915382771, 0],
      [0.062227737105, 0.13674281066, 0.80102945224, 0],
      [0.027852054192, 0.10698343079, 0.86516451501, 0],
      [0.03389652943, 0.053747656631, 0.91235581394, 0]
    ],
    [
      [0.39969618146, 0.00027666876682, 0.59991446357, 0.0001126861957],
      [0.052633574627, 0.18430197792, 0.68416699184, 0.078897455607],
      [0.048075794652, 0.19226003607, 0.68272867815, 0.076935491136],
      [0.043523628267, 0.17384756314, 0.73914155266, 0.043487255939],
      [7.0553631279e-05, 0.16675409874, 0.83311162247, 6.3725162851e-05],
      [8.5310092429e-06, 0.091007199969, 0.63630672899, 0.27267754003]
    ],
    [
      [0.090909092346, 0.27272727661, 0.5454545399, 0.090909091148],
      [0.028901733875, 0.28323699564, 0.57225433503, 0.11560693546],
      [0.019108280376, 0.28662420223, 0.57961783527, 0.11464968212],
      [0.022222221687, 0.26666666771, 0.59999999994, 0.11111111066],
      [1.0481380015e-09, 0.22222221879, 0.66666666326, 0.11111111689],
      [8.8231441586e-10, 0.27272727022, 0.54545454534, 0.18181818356]
    ],
    [
      [0.39700243896, 0.20298789241, 0.39999109707, 1.8571554167e-05],
      [0.068626884536, 0.35986212859, 0.43476061931, 0.13675036756],
      [0.048194412358, 0.35983797667, 0.4599662637, 0.13200134727],
      [0.041054900084, 0.33394324174, 0.49939388093, 0.12560797725],
      [1.0423286604e-05, 0.33333078559, 0.3333413103, 0.33331748082],
      [7.8897582531e-06, 0.33333537971, 0.41419393612, 0.25246279442]
    ],
    [
      [0.083333333336, 0.24999999999, 0.58333333333, 0.083333333341],
      [0.059090909092, 0.26818181818, 0.58181818182, 0.090909090908],
      [0.048034934497, 0.27947598253, 0.5807860262, 0.091703056768],
      [0.051282051281, 0.28205128205, 0.58974358974, 0.076923076929],
      [4.8624195443e-12, 0.23076923077, 0.6923076923, 0.076923076926],
      [0.039999999999, 0.24, 0.56, 0.16]
    ],
    [
      [0.076923076923, 0.25641025641, 0.58974358974, 0.076923076923],
      [0.057788944724, 0.25879396985, 0.60301507538, 0.08040201005],
      [0.056880733945, 0.2623853211, 0.60183486239, 0.078899082569],
      [0.05, 0.25833333333, 0.61666666667, 0.075],
      [0.048780487805, 0.24390243902, 0.60975609756, 0.097560975609],
      [0.047619047619, 0.25396825397, 0.60317460317, 0.095238095239]
    ],
    [
      [0.16978398371, 0.060605186046, 0.69074177407, 0.078869056175],
      [0.0031867515236, 0.18395119227, 0.71103994208, 0.10182211413],
      [0.0086688544943, 0.15989485031, 0.75158945498, 0.079846840223],
      [0.0047108306372, 0.14472522734, 0.77818260737, 0.07238133465],
      [0.0012071731085, 0.027170580466, 0.72227256641, 0.24934968001],
      [0.0029402612185, 0.072956932165, 0.57082572777, 0.35327707885]
    ],
    [
      [0.058917367248, 0.13369073027, 0.72034556449, 0.087046337996],
      [0.031981228162, 0.12099321397, 0.63642996938, 0.21059558849],
      [0.020968338587, 0.10957655895, 0.70121180313, 0.16824329933],
      [0.014176153176, 0.11254204418, 0.65107365792, 0.22220814472],
      [0.010201386822, 0.077410379556, 0.54582439018, 0.36656384345],
      [0.0084108816174, 0.079871037221, 0.58114026728, 0.33057781388]
    ],
    [
      [0.24698345374, 0.12800653086, 0.62500943115, 5.8424894393e-07],
      [0.025150507625, 0.212648885, 0.73704966014, 0.025150947233],
      [0.025589313653, 0.20064907558, 0.74395014856, 0.029811462201],
      [0.0005513271407, 0.18127214201, 0.81817287202, 3.658829258e-06],
      [4.4633081036e-08, 0.10241327906, 0.79879126583, 0.098795410477],
      [0.000804181461, 0.13333555682, 0.73092674217, 0.13493351955]
    ],
    [
      [0, 0, 0, 0],
      [0.032612018901, 0.12989873605, 0.80230815721, 0.035181087839],
      [0.034853574692, 0.1014968192, 0.83496421526, 0.028685390848],
      [0.024084180095, 0.12134912344, 0.84277003494, 0.011796661531],
      [0.0076294485983, 0.078675870339, 0.84962215668, 0.064072524381],
      [0, 0, 0, 0]
    ],
    [
      [0.22940282785, 0.15405233252, 0.60972742371, 0.0068174159185],
      [0.05382942311, 0.15583012241, 0.77191353206, 0.018426922421],
      [0.041129750099, 0.11064519557, 0.82412230882, 0.024102745512],
      [0.023445447794, 0.11233392777, 0.85931060422, 0.0049100202103],
      [0.0054436005925, 0.053838279688, 0.92265317614, 0.018064943584],
      [0.0090071390137, 0.15462635367, 0.65036925532, 0.185997252]
    ],
    [
      [0.062089191536, 0.19739403334, 0.73284866499, 0.0076681101418],
      [0.085770648704, 0.34432655571, 0.55646126281, 0.01344153277],
      [0.047352159447, 0.31895548815, 0.60962699677, 0.024065355631],
      [0.014514950218, 0.24900026183, 0.72956910808, 0.0069156798646],
      [0.046735157778, 0.042925273421, 0.90754467005, 0.0027948987477],
      [0.0031214876126, 0.53445948724, 0.37887627878, 0.08354274637]
    ],
    [
      [0.12217764124, 0.036561031587, 0.81368077304, 0.02758055413],
      [0.14754358835, 0.037636583046, 0.76669125193, 0.048128576672],
      [0.032338512708, 0.015811545739, 0.93576632259, 0.016083618962],
      [0.047522767386, 0.054882137654, 0.86014813038, 0.037446964585],
      [0, 0, 0, 0],
      [0.049610833473, 0.043622922597, 0.83454046052, 0.072225783412]
    ],
    [
      [0.23398516452, 0.15846992775, 0.47037604695, 0.13716886079],
      [0.042436195646, 0.40223241678, 0.47981658848, 0.075514799097],
      [0.051560754108, 0.32683551833, 0.55282075685, 0.068782970715],
      [0.063308456565, 0.30044623081, 0.58832167296, 0.047923639666],
      [0.0085257730231, 0.20070988221, 0.59430993214, 0.19645441263],
      [0.0052364218368, 0.16748067862, 0.40306276596, 0.42422013358]
    ],
    [
      [0.095238095238, 0.47619047619, 0.38095238095, 0.047619047619],
      [0.047191011236, 0.4808988764, 0.42247191011, 0.049438202247],
      [0.044982698962, 0.48442906574, 0.42214532872, 0.048442906574],
      [0.034482758621, 0.46551724138, 0.46551724138, 0.034482758621],
      [0.041666666667, 0.45833333333, 0.41666666667, 0.083333333333],
      [0.027777777778, 0.47222222222, 0.41666666667, 0.083333333334]
    ],
    [
      [0.1031446595, 0.20891724215, 0.64374587732, 0.044192221034],
      [0.046956987463, 0.20143621298, 0.66421328137, 0.087393518186],
      [0.033741330632, 0.18697180803, 0.69982773563, 0.079459125707],
      [0.035440107048, 0.14479863236, 0.75468262447, 0.065078636124],
      [0, 0, 0, 0],
      [0.023937251505, 0.14982578077, 0.62767627017, 0.19856069756]
    ],
    [
      [0.17759942702, 0.29965335939, 0.50445461277, 0.01829260082],
      [0.056216590993, 0.34886382871, 0.56549692881, 0.029422651484],
      [0.038384054962, 0.27987425793, 0.66408835459, 0.017653332519],
      [0.030245486071, 0.27611823984, 0.67580325042, 0.017833023668],
      [0.031600425981, 0.20398404301, 0.73396870914, 0.030446821874],
      [0.019549706279, 0.29233168616, 0.616075515, 0.072043092554]
    ],
    [
      [0, 0.3656868979, 0.6343131021, 0],
      [0, 0.39089087646, 0.60910912354, 0],
      [0, 0.34213158536, 0.65786841464, 0],
      [0, 0.37797695701, 0.62202304299, 0],
      [0, 0.30856773126, 0.69143226874, 0],
      [0, 0, 0, 0]
    ],
    [
      [0.16394440107, 0.38442675618, 0.43966236476, 0.011966477996],
      [0.031646888737, 0.40885277827, 0.50530237175, 0.054197961238],
      [0.022416740768, 0.4002277544, 0.53023742, 0.047118084827],
      [0.0046610528143, 0.4043918246, 0.58549781915, 0.0054493034378],
      [0.0071801620614, 0.12860463093, 0.83773768705, 0.02647751996],
      [0.0037788554122, 0.39458678729, 0.424034419, 0.1775999383]
    ],
    [
      [0.0625, 0.4375, 0.4375, 0.0625],
      [0.034671532847, 0.45620437956, 0.43795620438, 0.071167883212],
      [0.029585798817, 0.46153846154, 0.43786982249, 0.07100591716],
      [0.017857142857, 0.46428571429, 0.44642857143, 0.071428571429],
      [0.019607843137, 0.45098039216, 0.43137254902, 0.098039215686],
      [0.03125, 0.4375, 0.4375, 0.09375]
    ],
    [
      [0, 0, 0, 0],
      [0, 0.29220422094, 0.6557366781, 0.052059100961],
      [0, 0.22968126637, 0.72748773445, 0.042830999185],
      [0, 0.23600079555, 0.71761706231, 0.046382142145],
      [0, 0, 0, 0],
      [0, 0.23564009487, 0.64772207214, 0.11663783299]
    ],
    [
      [0.09756097561, 0.39024390244, 0.48780487805, 0.024390243902],
      [0.043537414966, 0.40816326531, 0.50340136054, 0.044897959184],
      [0.04118616145, 0.41021416804, 0.50411861614, 0.044481054366],
      [0.032967032967, 0.41758241758, 0.50549450549, 0.043956043956],
      [0.022727272727, 0.38636363636, 0.54545454545, 0.045454545455],
      [0.023255813953, 0.39534883721, 0.48837209302, 0.093023255814]
    ],
    [
      [0.075049880803, 0.35184347711, 0.53389690616, 0.039209735933],
      [0.026060023712, 0.46525859258, 0.45414680392, 0.05453457979],
      [0.028226262714, 0.40349133879, 0.50703063926, 0.06125175923],
      [0.019864543228, 0.42518402576, 0.50398009565, 0.050971335359],
      [0, 0, 0, 0],
      [0.012600294527, 0.3713106498, 0.51268543582, 0.10340361986]
    ],
    [
      [0, 0.26193364812, 0.72038542191, 0.017680929962],
      [0, 0.29952898828, 0.66506622509, 0.035404786631],
      [0, 0.25688847709, 0.71402643955, 0.029085083367],
      [0, 0.27561246968, 0.68939002716, 0.034997503155],
      [0, 0, 0, 0],
      [0, 0.25642112492, 0.6714159673, 0.072162907778]
    ],
    [
      [0.10650789319, 0.51915256816, 0.32112349761, 0.053216041043],
      [0.044619272147, 0.44508613042, 0.40612767612, 0.10416692131],
      [0.040526926372, 0.38862245206, 0.45118244565, 0.11966817592],
      [0.032516288469, 0.46186701469, 0.40502965482, 0.10058704202],
      [0.023568603888, 0.33702939253, 0.51940953996, 0.11999246362],
      [0.019790659329, 0.37569945003, 0.37722091365, 0.22728897699]
    ],
    [
      [0.23690707334, 0.19342997607, 0.55414245675, 0.015520493837],
      [0.093455816629, 0.34952722336, 0.55198825484, 0.0050287051721],
      [0.067403637872, 0.34288561955, 0.58083984551, 0.0088708970699],
      [0.035276172251, 0.32285410582, 0.63134068695, 0.010529034979],
      [0.024030969192, 0.23803774647, 0.7235717609, 0.014359523442],
      [0.052987179799, 0.26471097669, 0.58810069822, 0.09420114529]
    ],
    [
      [0, 0, 0, 0],
      [0.1896639936, 0.59588972394, 0.11182291018, 0.10262337227],
      [0, 0, 0, 0],
      [0.15600878175, 0.58804765346, 0.15770938946, 0.098234175327],
      [0.10043660614, 0.53478952795, 0.13972784304, 0.22504602287],
      [0.088258701679, 0.53470668338, 0.13704202498, 0.23999258996]
    ],
    [
      [0.066664493786, 0.33334637053, 0.53332464187, 0.066664493812],
      [0.041493099741, 0.34439820505, 0.54771892421, 0.066389771002],
      [0.032110689763, 0.3532104111, 0.55045796812, 0.064220931017],
      [0.027780493845, 0.33333333325, 0.58333152264, 0.055554650266],
      [1.2095074906e-11, 0.28571428572, 0.57143089943, 0.14285481484],
      [0.031248981528, 0.34374898155, 0.53125203685, 0.093750000072]
    ],
    [
      [0.11087764678, 0.34187882043, 0.53896008643, 0.0082834463567],
      [0.040258396873, 0.33521957556, 0.60634991664, 0.018172110926],
      [0.03857716489, 0.30364272842, 0.63511757558, 0.022662531103],
      [0.024388208565, 0.31798442546, 0.63948284712, 0.018144518853],
      [0.022084319597, 0.23358879562, 0.71462487499, 0.029702009801],
      [0, 0, 0, 0]
    ],
    [
      [0.32882305734, 0.33790947755, 0.33164570696, 0.0016217581461],
      [0.065038034241, 0.412833066, 0.45651206034, 0.065616839418],
      [0.04626052393, 0.3940663185, 0.48981418799, 0.069858969577],
      [0.0037093262254, 0.20722812045, 0.78727676316, 0.0017857901655],
      [0.0012877636047, 0.25095014824, 0.49765224883, 0.25010983933],
      [0.003735311053, 0.332904868, 0.33692801462, 0.32643180633]
    ],
    [
      [0.05698965941, 0.40048909309, 0.50182483884, 0.040696408662],
      [0.028909117355, 0.46512545817, 0.44742324403, 0.05854218045],
      [0.032503312321, 0.41417440984, 0.49029037266, 0.063031905181],
      [0.021761690777, 0.44318327282, 0.48925923447, 0.045795801934],
      [0, 0, 0, 0],
      [0.022088338596, 0.37895635102, 0.47756254211, 0.12139276827]
    ],
    [
      [0.083333333502, 0.37499999978, 0.54166666644, 2.7938997343e-10],
      [0.025641025567, 0.38461538483, 0.54945054937, 0.040293040233],
      [0.019762845886, 0.38735177848, 0.55335968394, 0.039525691694],
      [1.3689887903e-10, 0.38235294141, 0.58823529356, 0.029411764893],
      [1.4533425479e-10, 0.3749999995, 0.5625000005, 0.062499999856],
      [8.0763864413e-13, 0.36842105225, 0.52631578949, 0.10526315826]
    ],
    [
      [0.12624964491, 0.48608266439, 0.3802263237, 0.0074413670029],
      [0.025926204275, 0.52756616066, 0.40213075942, 0.044376875653],
      [0.0076993746748, 0.49779207697, 0.44210300752, 0.052405540835],
      [0.0069975147935, 0.47017453901, 0.51750703814, 0.0053209080617],
      [0.00050000539261, 0.45097981732, 0.36407251163, 0.18444766565],
      [0.0029810376779, 0.49371844541, 0.28816453015, 0.21513598676]
    ],
    [
      [0.16991602991, 0.34385203212, 0.46644344159, 0.019788496376],
      [0.0050252663749, 0.39025937528, 0.52112946245, 0.083585895893],
      [0.013066299118, 0.33807376416, 0.56420157276, 0.084658363966],
      [0.0031717830236, 0.38743754192, 0.56124811227, 0.048142562787],
      [0.0061150654337, 0.33513388191, 0.46113348517, 0.19761756748],
      [0.0032742497829, 0.30313048068, 0.47439484784, 0.2192004217]
    ],
    [
      [0.060546186283, 0.2423787991, 0.63647313636, 0.060601878258],
      [0.028543667315, 0.28576256544, 0.62851744531, 0.05717632194],
      [0.021529183027, 0.25803888227, 0.65592685855, 0.064505076156],
      [0.00011392120954, 0.16686517655, 0.83299091955, 2.9982690403e-05],
      [5.308800918e-06, 0.20026457608, 0.59980099798, 0.19992911714],
      [2.9254810841e-06, 0.2499599811, 0.62501594526, 0.12502114816]
    ],
    [
      [0, 0, 0, 0],
      [0, 0.09433624834, 0.61864055263, 0.28702319903],
      [0, 0.079988019749, 0.65701056819, 0.26300141206],
      [0, 0.1095937075, 0.67063996705, 0.21976632545],
      [0, 0, 0, 0],
      [0, 0.073119789952, 0.47539448731, 0.45148572274]
    ],
    [
      [0, 0, 0, 0],
      [0.034881677727, 0.10897737052, 0.83079730511, 0.025343646646],
      [0.027985750221, 0.081961334387, 0.86816171962, 0.021891195772],
      [0.014344846844, 0.074389015415, 0.87718969354, 0.034076444196],
      [0.019265671197, 0.049495537553, 0.82826913559, 0.10296965566],
      [0.017906422765, 0.048957811408, 0.87413484652, 0.059000919312]
    ],
    [
      [0.33302345555, 0.092810176786, 0.56304716493, 0.011119202724],
      [0.052450491484, 0.17094987657, 0.75496528408, 0.02163434787],
      [0.024753972699, 0.13069030975, 0.79257768974, 0.051978027813],
      [0.023727668092, 0.095154888113, 0.86017407043, 0.020943373362],
      [0.0064960042248, 0.061940958569, 0.81229335684, 0.11926968037],
      [0.0051476358814, 0.029316972347, 0.75958150103, 0.20595389074]
    ],
    [
      [0, 0, 0, 0],
      [0, 0.73450835081, 0.19938004445, 0.066111604736],
      [0, 0, 0, 0],
      [0, 0.69790182362, 0.23173922039, 0.070358955992],
      [0, 0, 0, 0],
      [0, 0.6316826905, 0.19066017096, 0.17765713853]
    ],
    [
      [0.16666666537, 0.16666666506, 0.66666666832, 1.2439228983e-09],
      [0.054054053515, 0.20270270434, 0.69594594399, 0.047297298152],
      [0.048387097002, 0.20564516077, 0.697580646, 0.048387096231],
      [0.026315789896, 0.21052631409, 0.73684210603, 0.026315789978],
      [9.3317352361e-10, 0.12500000008, 0.74999999756, 0.12500000143],
      [9.6727811419e-10, 0.18749999808, 0.68750000329, 0.12499999766]
    ],
    [
      [0.28571417578, 0.14285735217, 0.57142830641, 1.6563655332e-07],
      [0.062500019006, 0.2321428647, 0.66071425947, 0.044642856822],
      [0.057142848303, 0.22857138284, 0.66857148827, 0.04571428058],
      [0.04878048695, 0.21951228811, 0.70731697631, 0.024390248624],
      [5.6687942591e-09, 0.20000005468, 0.69999990963, 0.10000003002],
      [1.6626714779e-08, 0.20000013311, 0.59999992215, 0.19999992812]
    ],
    [
      [0.19997885906, 0.20003339959, 0.4999581996, 0.10002954176],
      [0.063832011173, 0.27657931083, 0.53192448469, 0.12766419331],
      [0.049174307283, 0.26229398082, 0.55738064998, 0.13115106192],
      [0.04167162144, 0.25003077687, 0.5416652563, 0.1666323454],
      [3.8625950133e-05, 0.24998622268, 0.49998605136, 0.24998910001],
      [5.7772307785e-06, 0.2499846424, 0.49998662659, 0.25002295377]
    ],
    [
      [0.15, 0.2, 0.55, 0.1],
      [0.038461538462, 0.23076923077, 0.59134615385, 0.13942307692],
      [0.042372881356, 0.22316384181, 0.59604519774, 0.1384180791],
      [0.037037037037, 0.22222222222, 0.60493827161, 0.13580246914],
      [0.041666666667, 0.20833333333, 0.58333333333, 0.16666666667],
      [0.022727272727, 0.20454545455, 0.59090909091, 0.18181818182]
    ],
    [
      [0.28439811061, 0.42904945905, 0.28571936026, 0.00083307007624],
      [0.038754388425, 0.572794069, 0.33005253353, 0.058399009048],
      [0.027296151476, 0.56726888025, 0.35168079884, 0.053754169426],
      [0.00064947250621, 0.4445872647, 0.44398770967, 0.11077555312],
      [7.152285357e-05, 0.50123150426, 0.25081185818, 0.24788511471],
      [0.00023704490079, 0.50061745184, 0.33220452461, 0.16694097866]
    ],
    [
      [0.16665731077, 0.16670186081, 0.66662397698, 1.6851438391e-05],
      [0.062496398721, 0.18749399193, 0.68751140928, 0.06249820007],
      [0.039213461703, 0.20587933438, 0.69608569755, 0.058821506373],
      [1.3672965885e-05, 0.21428003458, 0.78567854635, 2.7746102438e-05],
      [2.081126279e-05, 5.4529966027e-05, 0.7999442378, 0.19998042097],
      [1.069501295e-05, 0.13334613213, 0.66664976701, 0.19999340585]
    ],
    [
      [0, 0, 0, 0],
      [0, 0.12658875288, 0.78766204161, 0.085749205513],
      [0, 0.087899410814, 0.8253616209, 0.086738968288],
      [0, 0.089060343528, 0.85286271303, 0.058076943442],
      [0, 0, 0, 0],
      [0, 0.067172171197, 0.77372344917, 0.15910437964]
    ],
    [
      [0.2217558262, 0.22258548067, 0.55518780224, 0.00047089089082],
      [0.044773669641, 0.29854105614, 0.5820744931, 0.074610781119],
      [0.032571498448, 0.29360150745, 0.59766442998, 0.076162564125],
      [0.00034153764179, 0.2849360644, 0.66701042543, 0.047711972528],
      [2.131498883e-06, 0.19964337975, 0.40219582703, 0.39815866172],
      [6.6765890583e-05, 0.22236299736, 0.55566590166, 0.22190433509]
    ],
    [
      [0.2498944146, 8.9737692298e-06, 0.74999682512, 9.9786514973e-05],
      [0.074078466247, 0.11107657812, 0.77778310416, 0.03706185148],
      [0.0384606351, 0.11538103356, 0.79232511248, 0.053833218861],
      [7.7808676616e-06, 0.00011888890532, 0.99981433031, 5.899991664e-05],
      [2.3849703991e-06, 2.0282356143e-05, 0.99994020902, 3.7123655103e-05],
      [5.2478544479e-05, 8.399324331e-05, 0.71412823655, 0.28573529166]
    ],
    [
      [0.22218119651, 0.22225858072, 0.44444981446, 0.11111040831],
      [0.050417590288, 0.32773750967, 0.50419652225, 0.11764837779],
      [0.036763637751, 0.34558119114, 0.50001009375, 0.11764507737],
      [6.3548119781e-05, 0.37496575109, 0.62494966971, 2.1031079222e-05],
      [5.1768029271e-07, 0.20005116461, 0.59995648596, 0.19999183175],
      [1.7237756828e-05, 0.27777140535, 0.49998961028, 0.22222174661]
    ],
    [
      [0.18421973471, 0.11592351887, 0.65279159943, 0.047065146996],
      [0.009342824448, 0.16169547581, 0.80776678419, 0.021194915547],
      [0.021320928512, 0.11303307962, 0.82874334262, 0.036902649248],
      [0.015392094086, 0.067938521236, 0.91606472707, 0.0006046576095],
      [0.056234020101, 0.017922981806, 0.92493257285, 0.00091042523888],
      [0.00027631275698, 0.066530156626, 0.77518323214, 0.15801029847]
    ],
    [
      [0.074074074143, 0.18518518522, 0.70370370362, 0.037037037018],
      [0.054263565902, 0.20155038766, 0.69767441854, 0.046511627896],
      [0.042857142836, 0.20714285711, 0.70357142863, 0.046428571419],
      [0.035714285806, 0.21428571407, 0.71428571434, 0.035714285783],
      [1.6256045901e-12, 0.15789473721, 0.78947368364, 0.052631579153],
      [1.5912862083e-12, 0.18181818175, 0.68181818195, 0.1363636363]
    ],
    [
      [0.22994757559, 0.31542289788, 0.40450158672, 0.050127939811],
      [0.029031247804, 0.19112077134, 0.66346802347, 0.11637995739],
      [0.028688507952, 0.14023732209, 0.68425438169, 0.14681978827],
      [0.0261787992, 0.12087683636, 0.70460708425, 0.14833728019],
      [0.018511561857, 0.074458637693, 0.64570658867, 0.26132321178],
      [0.018635768125, 0.163259424, 0.59729399057, 0.22081081731]
    ],
    [
      [0, 0, 0, 0],
      [0, 0.2492371791, 0.7507628209, 0],
      [0, 0.19932201397, 0.80067798603, 0],
      [0, 0.17495601236, 0.82504398764, 0],
      [0, 0, 0, 0],
      [0, 0.17716278061, 0.82283721939, 0]
    ],
    [
      [0.39997734991, 0.20000239827, 0.40001659595, 3.655865359e-06],
      [0.039601921194, 0.33663264562, 0.53465521879, 0.089110214392],
      [0.033056431559, 0.34710550535, 0.52892870156, 0.090909361534],
      [2.259599991e-05, 0.29412688831, 0.64702653869, 0.058823976997],
      [9.3391517976e-07, 0.33332665264, 0.66666646067, 5.9527751502e-06],
      [9.4597666292e-06, 0.27274432676, 0.45453786309, 0.27270835039]
    ],
    [
      [0.056818181818, 0.28409090909, 0.60227272727, 0.056818181818],
      [0.04880952381, 0.28928571429, 0.60238095238, 0.059523809524],
      [0.047210300429, 0.29098712446, 0.6017167382, 0.06008583691],
      [0.045226130653, 0.2864321608, 0.60804020101, 0.060301507538],
      [0.039603960396, 0.28712871287, 0.60396039604, 0.069306930693],
      [0.044642857143, 0.28571428571, 0.59821428571, 0.071428571429]
    ],
    [
      [0.19958683176, 0.29972773856, 0.50000222911, 0.00068320056758],
      [0.024181314766, 0.32528426168, 0.5782406649, 0.072293758648],
      [0.027484363563, 0.30268872199, 0.59645839461, 0.073368519831],
      [5.127951998e-05, 0.26712536148, 0.66632420565, 0.066499153354],
      [9.8910498018e-05, 0.20041379238, 0.39987889389, 0.39960840323],
      [2.1075591472e-06, 0.27291898303, 0.54525272318, 0.18182618623]
    ],
    [
      [0.049382716049, 0.32098765432, 0.56790123457, 0.061728395062],
      [0.03265940902, 0.32192846034, 0.57853810264, 0.066874027994],
      [0.031767955801, 0.32320441989, 0.57872928177, 0.066298342541],
      [0.025641025641, 0.32051282051, 0.58974358974, 0.064102564103],
      [0.016949152542, 0.30508474576, 0.61016949153, 0.067796610169],
      [0.027777777778, 0.31944444444, 0.56944444444, 0.083333333333]
    ],
    [
      [0.055647042827, 0.27866118774, 0.60998763108, 0.055704138345],
      [0.014462350095, 0.31913258182, 0.60839523226, 0.058009835821],
      [0.0094166944746, 0.30153109813, 0.63238992723, 0.056662280157],
