{
  "Z_true": {},
  "V_true": [
    [11, 105, 809, 580],
    [1657, 1778, 510, 87],
    [556, 6434, 509, 158],
    [328, 467, 16437, 426],
    [327, 961, 900, 354],
    [151, 287, 531, 487]
  ],
  "p_true": [
    [0.0073, 0.0698, 0.5375, 0.3854],
    [0.411, 0.441, 0.1265, 0.0216],
    [0.0726, 0.8403, 0.0665, 0.0206],
    [0.0186, 0.0264, 0.9309, 0.0241],
    [0.1286, 0.378, 0.3541, 0.1393],
    [0.1037, 0.1971, 0.3647, 0.3345]
  ],
  "Z_est": [
    [
      [0.1027, 0.1908, 0.135, 0.0646, 0.1585, 0.0881, 0.138, 0.0822, 0.2436, 0.0558, 0.1321, 0.0763, 0.0029, 0.1703, 0.0176, 0.1703, 0.0411, 0.0088, 0.0851, 0.2025, 0.091, 0.1497, 0.0675, 0.3288, 0.0059, 0.0147, 1.3614, 1.139, 0.1057, 0.2847, 0.0528],
      [0, 0, 0, 0, 0, 0, 0, 0, 0, 0, 0, 0, 0, 0, 0, 0, 0, 0, 0, 0, 0, 0, 0, 0, 0, 0, 0, 0, 0, 0, 0],
      [19.2788, 35.8034, 25.3378, 12.1181, 29.7444, 16.5247, 25.8886, 15.423, 45.7182, 10.4656, 24.787, 14.3214, 0.5508, 31.9477, 3.3049, 31.9477, 12.6531, 1.6525, 15.9738, 38.0067, 17.0755, 28.0919, 21.6797, 61.692, 1.1016, 2.7541, 2.2033, 213.7189, 19.8296, 53.4297, 9.9148],
      [15.6185, 29.0058, 20.5272, 9.8173, 24.0971, 13.3873, 20.9734, 12.4948, 37.0382, 8.4786, 20.0809, 11.6023, 0.4462, 25.8821, 2.6775, 25.8821, 1.3058, 1.3387, 12.941, 30.7908, 13.8335, 22.7584, 1.2528, 49.9792, 0.8925, 2.2312, 0.4353, 173.1422, 16.0647, 43.2855, 8.0324]
    ],
    [
      [46.7668, 159.9638, 78.6533, 33.4808, 72.8074, 121.1686, 86.0935, 39.2786, 103.0996, 10.6288, 37.7323, 27.6349, 4.2515, 31.355, 2.6572, 44.1096, 33.4808, 2.1258, 33.4808, 83.4363, 69.0874, 66.9616, 40.7377, 126.483, 0.5314, 3.7201, 7.735, 435.7817, 77.5904, 180.69, 81.3105],
      [30.5001, 104.3242, 51.2956, 21.8353, 47.4831, 79.023, 56.1479, 27.4519, 67.2389, 6.9318, 24.608, 18.0228, 2.7727, 20.4489, 1.733, 28.7671, 11.7981, 1.3864, 21.8353, 54.415, 45.057, 43.6706, 26.6876, 82.4889, 0.3466, 2.4261, 2.6855, 284.2055, 50.6024, 117.8413, 53.0286],
      [8.7481, 29.9225, 14.7127, 6.2629, 13.6192, 25.1631, 16.1045, 7.5552, 19.2856, 1.9882, 7.0581, 5.1693, 0.7953, 5.8652, 0.4971, 8.2511, 17.7211, 0.4678, 6.2629, 15.6074, 12.9234, 12.5257, 9.5748, 23.6597, 0.0994, 0.6959, 1.5796, 81.5165, 14.5139, 33.7995, 15.2098],
      [1.985, 6.7895, 3.3383, 1.4211, 3.0902, 2.6453, 3.6541, 1.7143, 4.3759, 0.4511, 1.6015, 1.1729, 0.1805, 1.3308, 0.1128, 1.8722, 0, 0.0201, 1.4211, 3.5414, 2.9323, 2.8421, 0, 5.3684, 0.0226, 0.1579, 0, 18.4962, 3.2932, 7.6692, 3.4511]
    ],
    [
      [19.9467, 35.6177, 27.8711, 14.4333, 17.507, 14.2857, 5.9622, 0, 14.2948, 4.3984, 20.5182, 10.2605, 1.5406, 1.1963, 1.2768, 13.9355, 4.3417, 0.6039, 13.653, 36.7916, 13.2353, 17.9972, 0, 1.4372, 0.1849, 3.8321, 0.9555, 103.7961, 16.9467, 77.7938, 6.8627],
      [229.5655, 434.7123, 335.9084, 122.3787, 210.9977, 172.1741, 175.2651, 94.1377, 263.8261, 107.1119, 247.2893, 140.1025, 18.5678, 211.1194, 5.1213, 167.9542, 52.3274, 15.8938, 75.9208, 380.6399, 136.8348, 175.9672, 69.9329, 302.931, 3.4712, 2.6417, 7.5959, 1481.204, 204.2458, 453.2511, 82.7111],
      [13.5561, 25.1186, 19.8357, 7.2266, 12.4596, 10.1671, 9.8182, 11.8866, 24.5303, 6.0803, 14.6027, 8.2732, 1.0964, 11.9612, 0.3489, 9.9179, 5.3308, 2.5023, 4.8842, 23.5835, 32.099, 57.4189, 38.0671, 16.5962, 0.1994, 0.3987, 0.4485, 106.5693, 12.0609, 28.9562, 4.8842],
      [8.9317, 8.5514, 14.3848, 0.9614, 9.0357, 7.3731, 5.9546, 3.9757, 11.3488, 4.4094, 10.5898, 7.3638, 0.7951, 15.7231, 0.253, 7.1924, 0, 0, 3.542, 9.985, 6.831, 5.6167, 0, 12.0355, 0.1446, 1.1275, 0, 63.4306, 8.7465, 20.9989, 3.542]
    ],
    [
      [5.2667, 6.2542, 21.1452, 5.2985, 2.7207, 7.4294, 0, 0, 0, 0, 17.5886, 0, 3.5104, 0, 0.6316, 0.3673, 7.4695, 0.1226, 6.1142, 6.1234, 6.697, 4.8068, 0, 0, 0, 0.1553, 0.3924, 0, 4.1064, 69.757, 1.718],
      [27.6602, 37.8524, 9.8306, 1.8813, 11.245, 5.3151, 19.2551, 4.5359, 0, 20.7124, 2.9165, 4.4072, 2.7273, 14.0998, 0, 8.8689, 0, 0.1469, 0, 10.6508, 0, 0, 0, 17.062, 0.8229, 0, 0, 39.0378, 17.6741, 0, 7.318],
      [274.073, 720.8934, 615.1042, 229.8202, 499.6752, 688.2554, 908.7449, 282.8314, 784.7455, 189.0916, 391.444, 325.3262, 25.3901, 383.2011, 11.3352, 500.7166, 305.5305, 14.7304, 262.4841, 732.2258, 592.8529, 712.1932, 428, 1118.7156, 16.5191, 17.6437, 47.6076, 4127.0564, 439.1771, 1054.4738, 352.0954],
      [0, 0, 9.9199, 0, 6.3591, 0, 0, 2.6328, 3.2545, 10.196, 9.0509, 15.2666, 0.3723, 2.6991, 4.0332, 9.0472, 0, 0, 6.4017, 0, 3.4501, 0, 0, 6.2224, 0.658, 1.201, 0, 19.9058, 13.0423, 38.7692, 1.8685]
    ],
    [
      [0, 0, 0, 0, 0, 0, 0, 0, 0, 0, 0, 0, 0, 0, 0, 0, 0, 0, 0, 0, 0, 0, 0, 0, 0, 0, 0, 0, 0, 0, 0],
      [65.2742, 121.1111, 117.9654, 51.9048, 65.2742, 64.4877, 50.3319, 18.8745, 84.9351, 32.2439, 47.1861, 42.4675, 3.9322, 50.3319, 3.1457, 57.4098, 18.8745, 1.5729, 32.2439, 87.2944, 40.1082, 83.3622, 24.3795, 97.518, 2.3593, 3.9322, 4.7186, 524.5527, 53.4776, 132.9076, 14.9423],
      [17.7258, 32.8889, 32.0346, 14.0952, 17.7258, 17.5123, 13.6681, 5.1255, 23.0649, 8.7561, 12.8139, 11.5325, 1.0678, 13.6681, 0.8543, 15.5902, 5.1255, 0.4271, 8.7561, 23.7056, 10.8918, 22.6378, 6.6205, 26.482, 0.6407, 1.0678, 1.2814, 142.4473, 14.5224, 36.0924, 4.0577],
      [0, 0, 0, 0, 0, 0, 0, 0, 0, 0, 0, 0, 0, 0, 0, 0, 0, 0, 0, 0, 0, 0, 0, 0, 0, 0, 0, 0, 0, 0, 0]
    ],
    [
      [2.917, 10.9735, 8.1954, 4.7228, 6.8064, 4.0283, 6.8064, 2.6392, 7.362, 2.917, 9.0289, 4.0283, 0.6945, 5.2784, 0.4167, 5.4173, 1.6669, 0.1389, 1.6669, 14.4462, 3.8894, 12.0848, 3.1948, 8.751, 0.2778, 0.2778, 0.5556, 45.2832, 6.2507, 18.4744, 3.0559],
      [0, 0, 0, 0, 0, 0, 0, 0, 0, 0, 0, 0, 0, 0, 0, 0, 0, 0, 0, 0, 0, 0, 0, 0, 0, 0, 0, 0, 0, 0, 0],
      [4.6182, 17.3731, 12.9749, 7.477, 10.7757, 6.3775, 10.7757, 4.1783, 11.6554, 4.6182, 14.2943, 6.3775, 1.0996, 8.3567, 0.6597, 8.5766, 2.639, 0.2199, 2.639, 22.8709, 6.1576, 19.1324, 5.058, 13.8545, 0.4398, 0.4398, 0.8797, 71.6916, 9.8961, 29.2484, 4.8381],
      [13.4648, 50.6534, 37.8297, 21.8002, 31.4179, 18.5943, 31.4179, 12.1825, 33.9826, 13.4648, 41.6768, 18.5943, 3.2059, 24.3649, 1.9235, 25.0061, 7.6942, 0.6412, 7.6942, 66.6829, 17.9531, 55.7828, 14.7472, 40.3944, 1.2824, 1.2824, 2.5647, 209.0252, 28.8532, 85.2772, 14.106]
    ]
  ],
  "V_est": [
    [5.7675, 0, 842.9391, 656.2933],
    [2142.8342, 1387.0593, 417.1554, 84.9511],
    [501.4763, 6381.8007, 520.8786, 252.8444],
    [177.6755, 264.0203, 17051.9535, 164.3507],
    [0, 1999.1197, 542.8803, 0],
    [202.2464, 0, 320.193, 933.5605]
  ],
  "p_est": [
    [0.0038, 0, 0.5601, 0.4361],
    [0.5315, 0.344, 0.1035, 0.0211],
    [0.0655, 0.8335, 0.068, 0.033],
    [0.0101, 0.015, 0.9657, 0.0093],
    [0, 0.7864, 0.2136, 0],
    [0.1389, 0, 0.2199, 0.6412]
  ],
  "EI_Z": {},
  "EI_V": 8.1884,
  "MAE_Z": {},
  "MAE_V": 237.8058,
  "MAE_p": 0.0827,
  "runtime": 0.7572
}
