{
  "Z_true": {},
  "V_true": [
    [582, 574, 299, 30],
    [752, 10765, 1127, 215],
    [153, 197, 15939, 306],
    [48, 625, 381, 136],
    [183, 589, 1668, 456]
  ],
  "p_true": [
    [0.3919, 0.3865, 0.2013, 0.0202],
    [0.0585, 0.8372, 0.0876, 0.0167],
    [0.0092, 0.0119, 0.9605, 0.0184],
    [0.0403, 0.5252, 0.3202, 0.1143],
    [0.0632, 0.2034, 0.576, 0.1575]
  ],
  "Z_est": {},
  "V_est": [
    [1188.5743, 152.0825, 64.9503, 79.3929],
    [306.1936, 12115.3982, 0, 437.4082],
    [0, 0, 16595, 0],
    [223.232, 482.5193, 437.4195, 46.8291],
    [0, 0, 2316.6302, 579.3698]
  ],
  "p_est": [
    [0.8004, 0.1024, 0.0437, 0.0535],
    [0.0238, 0.9422, 0, 0.034],
    [0, 0, 1, 0],
    [0.1876, 0.4055, 0.3676, 0.0394],
    [0, 0, 0.7999, 0.2001]
  ],
  "EI_Z": {},
  "EI_V": 11.1019,
  "MAE_Z": {},
  "MAE_V": 388.8425,
  "MAE_p": 0.1065,
  "runtime": 0.0203
}
