{
  "Z_true": {},
  "V_true": [
    [22, 48, 632, 546],
    [1488, 552, 865, 136],
    [616, 3650, 501, 269],
    [160, 67, 22660, 431],
    [217, 537, 538, 336],
    [72, 91, 815, 296]
  ],
  "p_true": [
    [0.0176, 0.0385, 0.5064, 0.4375],
    [0.4893, 0.1815, 0.2844, 0.0447],
    [0.1223, 0.7248, 0.0995, 0.0534],
    [0.0069, 0.0029, 0.9718, 0.0185],
    [0.1333, 0.3299, 0.3305, 0.2064],
    [0.0565, 0.0714, 0.6397, 0.2323]
  ],
  "Z_est": [
    [
      [0.339, 0.2236, 0.0793, 0.2091, 0.137, 0.238, 0.0288, 0.2596, 0.0433, 0.0505, 0.4615, 0.4255, 0.2236, 0.5914, 0.0072, 0, 0.101, 0.1587, 0.2164, 0.238, 0.4868, 0.3606, 0, 0.0072, 0.0072, 0.0072, 0.0577, 0.0144, 0.3029, 0.1803, 0.2236, 0.0144, 0.1298, 4.5523, 0.4183, 0, 0.1082, 0, 0.0938, 0.4039, 0.1226, 0.101, 0.2164, 0.0433, 0.0649, 0.1154, 0.5986, 0, 0.137, 0.137, 0.0505, 0.6058, 0.0433],
      [0.0441, 0.0291, 0.0103, 0.0272, 0.0178, 0.031, 0.0038, 0.0338, 0.0056, 0.0066, 0.0601, 0.0554, 0.0291, 0.077, 0.0009, 0, 0.0131, 0.0207, 0.0282, 0.031, 0.0422, 0.0469, 0.6685, 0.0009, 0.0009, 0.0009, 0.0075, 0.0019, 0.0394, 0.0235, 0.0291, 0.0019, 0.0169, 0.0094, 0.0544, 0, 0.0141, 0, 0.0122, 0.0526, 0.016, 0.0131, 0.0282, 0.0056, 0.0084, 0.015, 0.0779, 0, 0.0178, 0.0178, 0.0066, 0.0789, 0.0056],
      [15.5803, 10.2764, 3.6465, 9.6134, 6.2984, 10.9394, 1.326, 11.9339, 1.989, 2.3205, 21.2158, 19.5583, 10.2764, 27.1827, 0.3315, 0, 4.6409, 7.2929, 9.9449, 10.9394, 14.9173, 16.5748, 0.3315, 0.3315, 0.3315, 0.3315, 2.652, 0.663, 13.9228, 8.2874, 10.2764, 0.663, 5.9669, 3.315, 19.2268, 0, 4.9724, 0, 4.3095, 18.5638, 5.6354, 4.6409, 9.9449, 1.989, 2.9835, 5.3039, 27.5142, 0, 6.2984, 6.2984, 2.3205, 27.8457, 1.989],
      [31.0366, 20.4709, 7.2639, 19.1502, 12.5467, 21.7917, 2.6414, 23.7727, 3.9621, 4.6225, 42.2626, 38.9608, 20.4709, 54.149, 0.6604, 0, 9.2449, 14.5278, 19.8106, 21.7917, 29.5537, 33.0177, 0, 0.6604, 0.6604, 0.6604, 5.2828, 1.3207, 27.7348, 16.5088, 20.4709, 1.3207, 11.8864, 2.1234, 38.3005, 0, 9.9053, 0, 8.5846, 36.9798, 11.226, 9.2449, 19.8106, 3.9621, 5.9432, 10.5657, 54.8093, 0, 12.5467, 12.5467, 4.6225, 55.4697, 3.9621]
    ],
    [
      [82.3463, 43.2318, 12.7596, 45.2905, 25.3901, 54.2113, 1.7969, 85.7774, 7.5484, 12.352, 75.4841, 81.9406, 52.8389, 121.4609, 1.3724, 0, 34.6273, 24.0177, 35.6834, 35.5077, 46.9081, 62.446, 0, 5.4898, 9.6071, 0.6862, 93.3259, 3.6647, 26.7626, 34.9972, 65.8771, 2.0587, 33.6248, 5.4898, 113.9124, 0, 20.0752, 2.7449, 17.8417, 57.6424, 26.7626, 23.3315, 19.2141, 18.5279, 31.5661, 27.4488, 143.4199, 1.464, 28.135, 28.135, 39.1145, 203.121, 29.9602],
      [1.1235, 0.5898, 6.0211, 0.6179, 0.3464, 0, 0.0562, 1.1703, 0.103, 0.1685, 1.0298, 0, 0.7209, 1.6571, 0.0187, 0, 1.1024, 0.3277, 0.4868, 6.2472, 0.5992, 0.852, 0.7423, 0.0749, 0.1311, 0.0094, 1.2733, 0.0468, 0.3651, 0.4775, 0.8988, 0.0281, 0, 0.0749, 1.5541, 0, 0.7093, 0.0374, 0.2434, 0.7864, 0.3651, 0.3183, 0.2621, 0.2528, 0.4307, 0.3745, 1.9567, 0.0206, 0.3838, 0.3838, 0.5336, 2.7712, 0.4026],
      [30.9238, 16.235, 6.9579, 17.0081, 9.5348, 21.0978, 3.9243, 32.2123, 2.8347, 4.6386, 28.3468, 43.0594, 19.8428, 45.6126, 0.5154, 0, 23.3737, 9.0194, 13.4003, 26.8812, 16.4927, 23.4505, 0.2577, 2.0616, 3.6078, 0.2577, 35.047, 1.2885, 10.0502, 13.1426, 24.739, 0.7731, 15.152, 2.0616, 42.7779, 0, 7.2156, 1.0308, 6.7002, 21.6467, 10.0502, 8.7617, 7.2156, 6.9579, 11.8541, 10.3079, 53.8589, 0.5154, 10.5656, 10.5656, 14.6888, 76.2787, 11.081],
      [5.6064, 2.9434, 1.2614, 3.0835, 1.7286, 3.6909, 0.2227, 5.84, 0.5139, 0.841, 5.1392, 0, 3.5974, 8.2695, 0.0934, 0, 2.8966, 1.6352, 2.4294, 3.3638, 0, 4.2515, 0, 0.3738, 0.6541, 0.0467, 6.3539, 0, 1.8221, 2.3827, 4.4851, 0.1402, 0.2232, 0.3738, 7.7555, 0, 0, 0.1869, 1.2147, 3.9245, 1.8221, 1.5885, 1.3082, 1.2614, 2.1491, 1.8688, 9.7645, 0, 1.9155, 1.9155, 2.663, 13.8291, 1.5562]
    ],
    [
      [9.4491, 9.6516, 0, 7.6268, 2.2969, 3.2397, 0.135, 21.0264, 1.262, 6.2769, 15.2435, 7.9642, 4.8595, 21.6885, 1.358, 0.7516, 3.9146, 6.6819, 0.5037, 0, 11.0851, 13.0027, 0, 2.9086, 1.3195, 3.1744, 3.9821, 0.9853, 7.9642, 7.3748, 2.507, 0.6979, 4.13, 1.9317, 20.8036, 0, 3.2805, 0.7424, 1.9561, 2.9299, 7.626, 11.7439, 6.3444, 3.0372, 4.2079, 2.1158, 9.1512, 0.2025, 4.4228, 6.9518, 8.1667, 38.5051, 2.2948],
      [113.3984, 115.8283, 42.9294, 85.9469, 54.0726, 36.5495, 1.62, 271.1751, 36.869, 75.3289, 234.0866, 94.5513, 58.3192, 247.5508, 3.9802, 3.97, 46.9793, 78.5264, 74.2341, 68.039, 72.8989, 63.8907, 2.43, 14.641, 18.6297, 7.1343, 47.7893, 6.4799, 95.5786, 53.515, 112.4431, 5.2592, 31.7215, 12.0656, 143.4385, 0, 23.4897, 6.9626, 26.7296, 140.2191, 98.0086, 140.938, 76.1389, 32.325, 42.2987, 24.3424, 244.6165, 2.597, 111.6114, 79.6138, 98.0086, 387.0736, 27.5396],
      [9.3582, 9.5587, 3.5427, 13.1352, 8.789, 5.5384, 0.1337, 22.2591, 2.8743, 6.2165, 19.318, 15.4845, 4.8128, 19.5185, 2.5014, 0, 3.877, 8.28, 14.36, 8.6957, 6.016, 6.7513, 0.57, 1.3369, 1.5374, 2.0814, 3.9438, 0.5348, 7.8876, 13.8034, 8.7566, 0.4679, 9.4761, 1.0027, 11.9651, 0, 2.2298, 0.7353, 3.1334, 44.3745, 8.6288, 11.6309, 6.2834, 3.008, 3.5427, 17.6485, 36.9191, 0.2005, 9.6565, 6.885, 8.0881, 32.4194, 2.2727],
      [7.7944, 7.9614, 6.5279, 6.2912, 3.8415, 2.6724, 0.1113, 18.5394, 1.9947, 5.1777, 20.3519, 0, 4.0085, 3.2422, 0.1604, 0.2784, 3.2291, 5.5117, 2.9022, 7.2652, 0, 17.3554, 0, 1.1135, 1.5134, 0.6099, 3.2848, 0, 6.5695, 6.3067, 7.2933, 0.575, 2.6724, 0, 2.7928, 0, 0, 2.5597, 1.1809, 10.4765, 6.7365, 9.6873, 5.2334, 6.6298, 2.9507, 4.8932, 11.3132, 0, 5.3093, 9.5494, 6.7365, 27.0019, 1.8929]
    ],
    [
      [21.0595, 7.2935, 0, 4.4854, 0, 2.1071, 0, 0, 0, 7.9769, 0, 0, 0.6381, 4.7386, 0.2621, 0.2484, 0, 2.7921, 0, 0, 7.0787, 8.9497, 0, 1.5551, 0, 0.106, 19.173, 0.2827, 3.2947, 3.1687, 0, 0.1766, 5.7047, 1.9071, 7.0272, 0, 1.2722, 0.5127, 0, 0, 0, 3.5049, 5.8792, 1.1934, 4.7492, 0, 0, 0.0959, 0, 2.4962, 6.2961, 25.48, 1.5824],
      [5.3397, 1.3004, 1.9046, 0, 0, 0, 0.0369, 7.2495, 6.3164, 3.3737, 20.7267, 0, 0.8123, 58.5202, 0, 0.03, 2.3551, 0, 0, 5.5535, 4.3404, 0, 0.073, 0, 5.0993, 0, 2.9583, 2.9018, 17.1994, 0, 5.2189, 0, 0, 0, 0, 0, 0.8092, 0, 1.5912, 0, 1.7827, 9.4631, 3.4474, 0, 0, 0, 28.3124, 0.1139, 4.1475, 0, 3.4724, 0, 3.202],
      [916.3602, 760.6697, 294.6204, 659.8623, 615.531, 658.7459, 96.9631, 638.4682, 82.6836, 121.2859, 576.9801, 1354, 565.5577, 875.7412, 16.7379, 4, 227.4384, 604.9383, 578, 495.2447, 610.5809, 864.2113, 7.927, 32.617, 31.6936, 20.894, 235.7735, 5.8155, 324.7109, 282.575, 723.3126, 33.2253, 364.2953, 81.0929, 1163.9728, 7, 132.9186, 17.2339, 154.4088, 1233, 357.0975, 165.2943, 232.7936, 139.3837, 445.9411, 341.4985, 1823.6876, 18.7902, 264.8525, 337.4043, 348.7046, 1667.337, 195.2156],
      [11.2406, 5.7364, 2.4751, 5.6523, 5.469, 7.147, 0, 5.2823, 0, 1.3634, 20.2932, 0, 3.9918, 0, 0, 0.7216, 1.2065, 6.2696, 0, 2.2018, 0, 3.839, 0, 1.8279, 5.2071, 0, 2.0952, 0, 5.795, 1.2563, 4.4685, 1.598, 0, 0, 0, 0, 0, 0.2534, 0, 0, 1.1199, 0.7377, 4.8798, 2.4229, 1.3097, 1.5015, 0, 0, 0, 2.0996, 9.5269, 9.183, 0]
    ],
    [
      [0.7989, 0.5894, 0.1572, 0.3798, 0.1703, 0.1965, 0.0393, 0.9299, 0.1441, 0.3405, 0.7989, 0.6549, 0.4322, 1.5062, 0, 0, 0.3536, 0.3405, 0.5894, 0.2489, 0.4322, 1.2312, 0, 0.0393, 0.0655, 0.0262, 0.4584, 0.0524, 0.668, 0.275, 0.3798, 0.0524, 0.406, 0.1179, 0.8251, 0, 0.262, 0, 0.1048, 1.0085, 0.4846, 0.3143, 0.3405, 0.1965, 0.406, 0.3143, 1.8075, 0.0655, 0.3012, 0.275, 0.3667, 1.2574, 0.1179],
      [26.0908, 19.2473, 5.1326, 12.4038, 5.5603, 6.4158, 1.2832, 30.368, 4.7049, 11.1207, 26.0908, 21.3859, 14.1147, 49.1876, 0, 0, 11.5484, 11.1207, 19.2473, 8.1266, 14.1147, 40.2055, 0, 1.2832, 2.1386, 0.8554, 14.9701, 2.5693, 21.8136, 8.9821, 12.4038, 1.7109, 13.2593, 3.8495, 26.9462, 0, 11.9768, 0, 3.4217, 32.9343, 15.8256, 10.2652, 11.1207, 6.4158, 13.2593, 10.2652, 59.0251, 3.2682, 9.8375, 8.9821, 11.9761, 41.0609, 3.8495],
      [13.2777, 9.795, 2.612, 6.3123, 2.8297, 3.265, 0.653, 15.4544, 2.3943, 5.6593, 13.2777, 10.8833, 7.183, 25.0317, 0, 0, 5.877, 5.6593, 9.795, 4.1357, 7.183, 20.4607, 0, 0.653, 1.0883, 0.4353, 7.6183, 0.8707, 11.101, 4.571, 6.3123, 0.8707, 6.7477, 1.959, 13.713, 0, 4.3533, 0, 1.7413, 16.7604, 8.0537, 5.224, 5.6593, 3.265, 6.7477, 5.224, 30.038, 1.6663, 5.0063, 4.571, 6.0947, 20.896, 1.959],
      [20.8326, 15.3683, 4.0982, 9.904, 4.4397, 5.1228, 1.0246, 24.2478, 3.7567, 8.8795, 20.8326, 17.0759, 11.2701, 39.2745, 0, 0, 9.221, 8.8795, 15.3683, 6.4888, 11.2701, 32.1027, 0, 1.0246, 1.7076, 0.683, 11.9531, 0.5076, 17.4174, 7.1719, 9.904, 1.3661, 10.587, 3.0737, 21.5156, 0, 3.4079, 0, 2.7321, 26.2969, 12.6362, 8.1964, 8.8795, 5.1228, 10.587, 8.1964, 47.1294, 0, 7.8549, 7.1719, 9.5625, 32.7857, 3.0737]
    ],
    [
      [0.0071, 0.0101, 0.0039, 0.0084, 0.0057, 0.0074, 0, 0.0067, 0.0022, 0.0032, 0.0118, 0.0148, 0.0076, 0.0145, 0.0002, 0, 0.0034, 0.0091, 0.0071, 0.0054, 0.0091, 0.0099, 0, 0, 0.0007, 0, 0.003, 0.0005, 0.0076, 0.0039, 0.0126, 0, 0.0047, 0.0012, 0.0133, 0, 0.002, 0, 0.0037, 0.0153, 0.0042, 0.0044, 0.0054, 0.0017, 0.0059, 0.0057, 0.0229, 0.1722, 0.0039, 0.0049, 0.0054, 0.0308, 0.0015],
      [0.0036, 0.0051, 0.002, 0.0042, 0.0028, 0.0037, 0, 0.0033, 0.0011, 0.0016, 0.0059, 0.0074, 0.0038, 0.0073, 0.0001, 0, 0.0017, 0.0046, 0.0036, 0.0027, 0.0046, 0.0049, 0.0862, 0, 0.0004, 0, 0.0015, 0.0002, 0.0038, 0.002, 0.0063, 0, 0.0023, 0.0006, 0.0067, 0, 0.001, 0, 0.0019, 0.0077, 0.0021, 0.0022, 0.0027, 0.0009, 0.003, 0.0028, 0.0115, 0.0002, 0.002, 0.0025, 0.0027, 0.0155, 0.0007],
      [26.4998, 37.4652, 14.6206, 31.0687, 21.0171, 27.4136, 0, 24.6722, 8.2241, 11.8792, 43.8617, 56.0145, 28.3273, 53.9133, 0.9138, 0, 12.793, 33.8101, 26.4998, 20.1033, 33.8101, 36.5514, 0.9138, 0, 2.7414, 0, 10.9654, 1.8276, 28.3273, 14.6206, 46.6031, 0, 17.3619, 4.5689, 49.3444, 0, 7.3103, 0, 13.7068, 56.6547, 15.5344, 16.4481, 20.1033, 6.3965, 21.9309, 21.0171, 84.982, 1.8276, 14.6206, 18.2757, 20.1033, 114.2232, 5.4827],
      [2.4895, 3.5196, 1.3735, 2.9187, 1.9744, 2.5753, 0, 2.3178, 0.7726, 1.116, 4.1205, 3.9633, 2.6612, 5.0648, 0.0858, 0, 1.2018, 3.1763, 2.4895, 1.8886, 3.1763, 3.4338, 0, 0, 0.2575, 0, 1.0301, 0.1717, 2.6612, 1.3735, 4.3781, 0, 1.631, 0.4292, 4.6356, 0, 0.6868, 0, 1.2877, 5.3224, 1.4594, 1.5452, 1.8886, 0.6009, 2.0603, 1.9744, 7.9836, 0, 1.3735, 1.7169, 1.8886, 10.7306, 0.5151]
    ]
  ],
  "V_est": [
    [13.6354, 1.8391, 413.7074, 818.8181],
    [2056.9923, 39.1471, 815.8733, 128.9873],
    [319.476, 3994.3833, 452.0414, 270.0993],
    [163.0883, 207.6517, 22809.088, 138.1719],
    [21.3228, 701.7353, 354.9397, 550.0022],
    [0.4852, 0.2436, 1165.35, 107.9212]
  ],
  "p_est": [
    [0.0109, 0.0015, 0.3315, 0.6561],
    [0.6764, 0.0129, 0.2683, 0.0424],
    [0.0634, 0.7932, 0.0898, 0.0536],
    [0.007, 0.0089, 0.9782, 0.0059],
    [0.0131, 0.431, 0.218, 0.3378],
    [0.0004, 0.0002, 0.9147, 0.0847]
  ],
  "EI_Z": {},
  "EI_V": 6.2152,
  "MAE_Z": {},
  "MAE_V": 184.1007,
  "MAE_p": 0.0829,
  "runtime": 0.8689
}
