{
  "X": [
    [0, 12, 19, 3],
    [0, 9, 6, 5],
    [16, 65, 262, 31],
    [5, 51, 143, 16],
    [37, 126, 648, 104],
    [22, 24, 159, 28],
    [5, 16, 42, 5],
    [7, 23, 89, 24],
    [35, 116, 263, 68],
    [50, 134, 337, 67],
    [59, 92, 261, 79],
    [9, 58, 122, 21],
    [26, 108, 251, 57],
    [90, 311, 700, 150],
    [51, 183, 379, 76],
    [11, 72, 87, 26],
    [93, 175, 449, 122],
    [45, 49, 170, 57],
    [145, 383, 600, 189],
    [3, 15, 12, 1],
    [0, 7, 5, 2],
    [2, 6, 8, 0],
    [0, 2, 9, 1],
    [25, 136, 487, 53],
    [14, 104, 303, 39],
    [45, 135, 431, 81],
    [9, 84, 253, 43],
    [12, 11, 86, 18],
    [62, 620, 682, 125],
    [19, 230, 444, 77],
    [34, 235, 489, 95],
    [16, 73, 263, 51],
    [15, 169, 406, 53],
    [0, 2, 10, 7],
    [126, 183, 785, 148],
    [89, 149, 727, 136],
    [36, 117, 390, 71],
    [54, 145, 628, 93],
    [67, 78, 459, 65],
    [6, 7, 97, 14],
    [6, 10, 22, 5],
    [3, 6, 6, 1],
    [43, 78, 399, 60],
    [29, 195, 295, 44],
    [35, 340, 421, 70],
    [24, 125, 216, 46],
    [31, 76, 470, 51],
    [1, 12, 19, 0],
    [6, 14, 23, 6],
    [2, 11, 14, 3],
    [3, 6, 16, 4],
    [28, 56, 170, 15],
    [28, 279, 882, 120],
    [6, 26, 34, 7],
    [1, 25, 32, 7],
    [12, 130, 354, 60],
    [129, 428, 848, 149],
    [31, 67, 184, 41],
    [230, 471, 997, 276],
    [40, 66, 210, 20]
  ],
  "W": [
    [1, 0, 6, 13, 8, 2, 3, 1],
    [3, 2, 3, 3, 5, 0, 4, 0],
    [9, 5, 33, 201, 36, 20, 43, 27],
    [6, 1, 8, 125, 26, 18, 18, 13],
    [12, 12, 51, 606, 85, 47, 42, 60],
    [3, 8, 52, 135, 12, 11, 6, 6],
    [0, 4, 9, 38, 8, 3, 4, 2],
    [2, 3, 18, 90, 11, 4, 7, 8],
    [25, 32, 68, 204, 85, 20, 28, 20],
    [26, 31, 103, 253, 92, 24, 31, 28],
    [18, 22, 111, 211, 54, 20, 17, 38],
    [11, 8, 24, 103, 43, 5, 11, 5],
    [23, 14, 58, 204, 72, 15, 34, 22],
    [59, 60, 165, 596, 201, 52, 64, 54],
    [31, 28, 90, 313, 126, 30, 41, 30],
    [15, 11, 31, 63, 53, 8, 9, 6],
    [44, 36, 153, 357, 136, 23, 55, 35],
    [14, 12, 53, 150, 37, 9, 16, 30],
    [87, 95, 263, 434, 300, 32, 68, 38],
    [1, 0, 5, 11, 9, 0, 3, 2],
    [1, 1, 2, 5, 4, 0, 1, 0],
    [0, 0, 2, 8, 6, 0, 0, 0],
    [0, 0, 0, 8, 4, 0, 0, 0],
    [17, 11, 36, 462, 79, 42, 28, 26],
    [16, 6, 38, 281, 64, 29, 11, 15],
    [17, 5, 61, 398, 82, 34, 46, 49],
    [11, 6, 16, 239, 56, 13, 29, 19],
    [4, 4, 24, 54, 15, 15, 2, 9],
    [113, 40, 121, 560, 432, 87, 96, 40],
    [24, 11, 25, 430, 134, 50, 53, 43],
    [45, 17, 81, 408, 147, 48, 53, 54],
    [20, 10, 44, 225, 49, 13, 20, 22],
    [19, 15, 38, 360, 107, 36, 33, 35],
    [3, 1, 2, 10, 3, 0, 0, 0],
    [54, 53, 226, 588, 130, 55, 75, 61],
    [23, 42, 159, 571, 112, 67, 67, 60],
    [17, 18, 88, 304, 95, 13, 43, 36],
    [22, 30, 79, 540, 92, 66, 50, 41],
    [10, 23, 113, 379, 55, 24, 26, 39],
    [0, 5, 15, 89, 5, 0, 2, 8],
    [0, 0, 11, 19, 10, 1, 1, 1],
    [0, 0, 1, 8, 5, 1, 0, 1],
    [18, 23, 72, 337, 43, 38, 23, 26],
    [26, 7, 64, 243, 146, 22, 32, 23],
    [59, 18, 58, 352, 243, 38, 75, 23],
    [18, 8, 51, 164, 84, 21, 42, 23],
    [10, 11, 51, 411, 60, 37, 23, 25],
    [2, 0, 4, 16, 8, 0, 1, 1],
    [3, 0, 8, 24, 8, 2, 2, 2],
    [3, 2, 2, 14, 7, 1, 1, 0],
    [2, 1, 2, 19, 3, 1, 0, 1],
    [12, 5, 40, 142, 35, 8, 14, 13],
    [46, 17, 74, 776, 174, 59, 89, 74],
    [13, 0, 14, 25, 15, 2, 3, 1],
    [4, 2, 7, 25, 20, 2, 2, 3],
    [3, 7, 17, 328, 121, 30, 7, 43],
    [101, 47, 229, 697, 306, 44, 70, 60],
    [15, 11, 44, 147, 50, 23, 10, 23],
    [86, 73, 348, 849, 360, 51, 115, 92],
    [20, 6, 84, 171, 40, 6, 4, 5]
  ],
  "method": "mvn_cdf",
  "mvncdf_method": "genz",
  "mvncdf_samples": 5000,
  "mvncdf_error": 0.001,
  "cond_prob": [
    [
      [0, 0.58063312566, 0.31702041561, 0.10234645873],
      ["NaN", "NaN", "NaN", "NaN"],
      [0, 0.05233766802, 0.71251966818, 0.2351426638],
      [0, 0.080214357892, 0.87053253867, 0.049253103439],
      [0, 0.96254082986, 0.0094843573422, 0.027974812798],
      [0, 0.34498641325, 0.64224040677, 0.012773179982],
      [0, 0.5356471178, 0.39966031418, 0.064692568017],
      [0, 0.065313394853, 0.53160195778, 0.40308464737]
    ],
    [
      [0, 0.71741905847, 0.059348711646, 0.22323222988],
      [0, 0.071419122309, 0.10087620432, 0.82770467338],
      [0, 0.065241025448, 0.54285589318, 0.39190308138],
      [0, 0.047488089339, 0.84759434885, 0.10491756181],
      [0, 0.88436901386, 0.034128196075, 0.081502790065],
      ["NaN", "NaN", "NaN", "NaN"],
      [0, 0.48621804158, 0.3195524375, 0.19422952093],
      ["NaN", "NaN", "NaN", "NaN"]
    ],
    [
      [0.0099517914508, 0.72990179139, 0.12579122641, 0.13435519075],
      [0.12464888952, 0.010461853599, 0.24638026482, 0.61850899205],
      [0.40310663168, 0.0047422947666, 0.49756300739, 0.094588066168],
      [0.0056018660186, 0.036661471491, 0.92577365322, 0.031963009268],
      [0.0049138325898, 0.85092145904, 0.10122649967, 0.042938208701],
      [0.0020143939647, 0.17705893584, 0.80980147078, 0.011125199408],
      [0.0015148116895, 0.38292461186, 0.5142659153, 0.10129466115],
      [0.021347139224, 0.0078893911199, 0.56230653093, 0.40845693873]
    ],
    [
      [0.0057659149772, 0.80921712703, 0.048742044399, 0.13627491359],
      [0.15562476549, 0.0013401573682, 0.12066956273, 0.72236551442],
      [0.46585714093, 0.00072119136162, 0.39903028745, 0.13439138027],
      [0.0056997789836, 0.065360633009, 0.8891501232, 0.039789464809],
      [0.0028750455858, 0.91672106212, 0.049483494352, 0.030920397938],
      [0.0017416556551, 0.29324105861, 0.69214839067, 0.012868895067],
      [0.0011785721061, 0.4799428803, 0.4337524632, 0.08512608439],
      [0.018702689181, 0.016573069832, 0.51523724989, 0.4494869911]
    ],
    [
      [0.015574692853, 0.70667641981, 0.027825082323, 0.24992380501],
      [0.13518778503, 0.0005702933647, 0.086085990166, 0.77815593143],
      [0.54273108324, 0.013392230792, 0.28867694777, 0.1551997382],
      [0.0085289179914, 0.037268464987, 0.8934534674, 0.06074914962],
      [0.0073115460693, 0.84140028959, 0.074543637858, 0.076744526485],
      [0.0032046842775, 0.18620882964, 0.78974579277, 0.020840693313],
      [0.0021698935332, 0.32280179561, 0.52160421995, 0.1534240909],
      [0.024663393532, 0.0069471810933, 0.41860171387, 0.5497877115]
    ],
    [
      [0.007546908642, 0.7737043835, 0.023481155453, 0.1952675524],
      [0.076436039208, 0.0096586149198, 0.21146779432, 0.70243755155],
      [0.39395469194, 0.0047347654206, 0.4379774483, 0.16333309434],
      [0.00528432646, 0.042883437514, 0.89294725034, 0.058884985683],
      [0.0033761463546, 0.91168919238, 0.020843275369, 0.064091385891],
      [0.0024636786422, 0.20790859592, 0.77030816891, 0.019319556529],
      [0.00036362481681, 0.38290009132, 0.46875074847, 0.14798553539],
      [0.016174489547, 0.0069134420326, 0.39651573633, 0.58039633209]
    ],
    [
      ["NaN", "NaN", "NaN", "NaN"],
      [0.14446809898, 0.099235267375, 0.13719461804, 0.61910201561],
      [0.45190198521, 0.019214290712, 0.45461081999, 0.074272904081],
      [0.0072786125196, 0.10391505471, 0.86571172406, 0.023094608709],
      [0.002056157402, 0.95843573989, 0.029254922609, 0.010253180097],
      [0.0022385567395, 0.41702264892, 0.57387612597, 0.00686266837],
      [0.001786170285, 0.62423319046, 0.33387709848, 0.040103540773],
      [0.024056425422, 0.032935803643, 0.58575124047, 0.35725653046]
    ],
    [
      [0.0050582119692, 0.83445213801, 0.012393438041, 0.14809621198],
      [0.053811029398, 0.008868261178, 0.048634140258, 0.88868656917],
      [0.3443630312, 0.0079541112418, 0.38512871783, 0.26255413973],
      [0.0056082481865, 0.071863142212, 0.82565061743, 0.096877992173],
      [0.0022566348697, 0.91230011476, 0.0198166592, 0.065626591169],
      [0.0014977278379, 0.33471121121, 0.63262689562, 0.031164165337],
      [0.0011985229801, 0.46144330982, 0.35041682204, 0.18694134516],
      [0.010746254221, 0.011173107886, 0.2983787032, 0.67970193469]
    ],
    [
      [0.010096700092, 0.72288702956, 0.083898928004, 0.18311734234],
      [0.1099512635, 0.0011892301418, 0.14987241462, 0.73898709175],
      [0.42590681779, 0.0059028824665, 0.43232408767, 0.13586621208],
      [0.0064618197762, 0.042434059575, 0.89722098788, 0.053883132768],
      [0.0051098502386, 0.87630344304, 0.057893167149, 0.06069353957],
      [0.0024904803424, 0.20649731602, 0.77265332519, 0.018358878451],
      [0.0018122565868, 0.35809761854, 0.51049505498, 0.12959506989],
      [0.020718858022, 0.0094676218623, 0.4503821396, 0.51943138052]
    ],
    [
      [0.0087492638814, 0.77574088384, 0.079068961833, 0.13644089044],
      [0.11393414943, 0.0097527440789, 0.20602868308, 0.67028442342],
      [0.42323338654, 0.0037512802978, 0.45659254267, 0.11642279049],
      [0.0061125567513, 0.048617522427, 0.90349818115, 0.041771739671],
      [0.0042787886768, 0.90039866613, 0.052162559814, 0.043159985377],
      [0.0023550266041, 0.22587711928, 0.75781315446, 0.013954699664],
      [0.0016807342733, 0.39488955234, 0.50417188373, 0.099257829653],
      [0.021384745569, 0.012231522836, 0.51169451732, 0.45468921428]
    ],
    [
      [0.0088365264022, 0.77575394831, 0.05181899145, 0.16359053384],
      [0.10204443052, 0.013843868154, 0.16347363158, 0.72063806974],
      [0.48264560814, 0.0039076274757, 0.35504121041, 0.15840555398],
      [0.008863488193, 0.064732288143, 0.85778582182, 0.068618401847],
      [0.0039139712869, 0.91509605857, 0.029515638628, 0.051474331511],
      [0.0034069200055, 0.29265923607, 0.68149924577, 0.022434598156],
      [0.00076812867557, 0.46917304311, 0.38923258754, 0.14082624067],
      [0.022619881687, 0.010402388572, 0.37441242397, 0.59256530577]
    ],
    [
      [0.0055868989233, 0.76537887164, 0.087069912011, 0.14196431743],
      [0.071901654449, 0.015431789162, 0.22975516744, 0.68291138895],
      [0.32820857262, 0.0074514019583, 0.5247225684, 0.13961745702],
      [0.0028959878262, 0.047851471561, 0.90223185421, 0.0470206864],
      [0.0023266146337, 0.90363002424, 0.048017701815, 0.046025659313],
      [0.001122177939, 0.22808265978, 0.75561412313, 0.015181039154],
      [0.00092686794333, 0.39450014135, 0.49920665664, 0.10536633407],
      [0.014437504177, 0.0027673969683, 0.46937239723, 0.51342270162]
    ],
    [
      [0.0079516938527, 0.73855089661, 0.070882761365, 0.18261464818],
      [0.083979548626, 0.011897705565, 0.18370264611, 0.7204200997],
      [0.39401055089, 0.0054980755582, 0.44266308646, 0.15782828709],
      [0.0052176179686, 0.047987440544, 0.88707297316, 0.059721968329],
      [0.0038153566496, 0.88622810554, 0.050278814817, 0.059677722992],
      [0.0018838273652, 0.22989016194, 0.74839588784, 0.019830122861],
      [0.0012649417554, 0.39015502073, 0.47021922988, 0.13836080764],
      [0.017200919746, 0.0098358415371, 0.42395668656, 0.54900655216]
    ],
    [
      [0.008885885593, 0.78931629992, 0.05957474897, 0.14222306552],
      [0.11742217622, 0.010741412156, 0.16922781719, 0.70260859443],
      [0.45926938685, 0.0067025619153, 0.40285697904, 0.13117107219],
      [0.0072275891008, 0.060369047397, 0.87838768577, 0.054015677736],
      [0.0041928777529, 0.91052962531, 0.04056839819, 0.04470909875],
      [0.0024179081246, 0.27504935379, 0.70524978304, 0.017282955049],
      [0.0016902342692, 0.44896840742, 0.43407031979, 0.11527103852],
      [0.023456214774, 0.011981100962, 0.43950409817, 0.5250585861]
    ],
    [
      [0.010051000167, 0.78367252797, 0.064245788788, 0.14203068308],
      [0.12655698622, 0.01235310529, 0.18783312361, 0.67325678488],
      [0.47992168219, 0.0059515286791, 0.39391263258, 0.12021415654],
      [0.0077315064914, 0.056147537345, 0.88513116749, 0.050989788669],
      [0.0047814046567, 0.90789652941, 0.042504278975, 0.044817786963],
      [0.0026602771361, 0.2595047015, 0.72125143323, 0.016583588131],
      [0.0019212206721, 0.43216955452, 0.45410284352, 0.11180638129],
      [0.025695836767, 0.011713080977, 0.45465206654, 0.50793901572]
    ],
    [
      [0.003595480862, 0.79009831585, 0.075964564981, 0.13034163831],
      [0.059240206651, 0.011858250004, 0.17926763094, 0.7496339124],
      [0.32393254608, 0.00079316869892, 0.49516291022, 0.180111375],
      [0.0020027426222, 0.070277621304, 0.8709846781, 0.056734957973],
      [0.00068702446108, 0.91921055447, 0.037956651804, 0.042145769266],
      [0.0014413406449, 0.30516178026, 0.67512472559, 0.018272153503],
      [0.00067602883513, 0.4803409044, 0.40766673169, 0.11131633508],
      [0.012052753182, 0.013914061968, 0.43080028537, 0.54323289947]
    ],
    [
      [0.017754797911, 0.64385681711, 0.080793349379, 0.2575950356],
      [0.13184991852, 0.0077488634746, 0.16202300484, 0.69837821317],
      [0.53186148166, 0.0030756159018, 0.33290728989, 0.13215561256],
      [0.0099413439013, 0.034640912747, 0.89090601473, 0.06451172862],
      [0.0096572278094, 0.83031581785, 0.070157189436, 0.089869764909],
      [0.0032269808304, 0.17210946519, 0.80195846265, 0.022705091332],
      [0.0026579151206, 0.29974778374, 0.52663016893, 0.17096413221],
      [0.028986756748, 0.005324824184, 0.39065486132, 0.57503355775]
    ],
    [
      [0.035228118326, 0.57659079415, 0.083970703778, 0.30421038375],
      [0.20812726717, 0.005002004602, 0.11578069258, 0.67109003565],
      [0.6976242647, 0.0022966653313, 0.1972971538, 0.10278191617],
      [0.017617997014, 0.034249300852, 0.86580291061, 0.082329791525],
      [0.019226660746, 0.80062538511, 0.06675759866, 0.11339035549],
      [0.0076345306919, 0.16593308546, 0.79650681189, 0.029925571955],
      [0.0063716984474, 0.27481575766, 0.51009498111, 0.20871756278],
      [0.050348305236, 0.003166576524, 0.31025813128, 0.63622698696]
    ],
    [
      [0.011582150476, 0.73121640134, 0.08425710703, 0.17294434115],
      [0.12552163809, 0.00077520298569, 0.14938601506, 0.72431714387],
      [0.47704740917, 0.00069625695838, 0.3895593149, 0.13269701897],
      [0.0082903212168, 0.050638225415, 0.88648796921, 0.054583484157],
      [0.0060851032396, 0.87873526828, 0.058264150813, 0.056915477662],
      [0.0024178209784, 0.22400615987, 0.75676539226, 0.016810626891],
      [0.0024968813714, 0.38508639554, 0.48538472216, 0.12703200093],
      [0.024569476135, 0.0046255497848, 0.43647849734, 0.53432647674]
    ],
    [
      [0.00064183851471, 0.98022799497, 0.0042700981948, 0.01486006832],
      ["NaN", "NaN", "NaN", "NaN"],
      [0.57970978512, 0.044815794639, 0.3457911825, 0.029683237745],
      [0.0033271723242, 0.20245068916, 0.78563151603, 0.0085906224877],
      [0, 0.98953965459, 0.0088397063215, 0.0016206390893],
      ["NaN", "NaN", "NaN", "NaN"],
      [0.0025554774975, 0.80453239883, 0.17818383581, 0.01472828786],
      [0.028271953914, 0.12464068165, 0.50535922433, 0.3417281401]
    ],
    [
      [0, 0.92162223909, 0, 0.078377760906],
      [0, 0.15559589992, 0.08849634506, 0.75590775502],
      [0, 0.065979974784, 0.5839917621, 0.35002826311],
      [0, 0.20726288186, 0.72146573193, 0.071271386207],
      [0, 0.98461926811, 0, 0.015380731888],
      ["NaN", "NaN", "NaN", "NaN"],
      [0, 0.81603042966, 0.13619147108, 0.047778099261],
      ["NaN", "NaN", "NaN", "NaN"]
    ],
    [
      ["NaN", "NaN", "NaN", "NaN"],
      ["NaN", "NaN", "NaN", "NaN"],
      [0.89716080756, 0.011570971926, 0.091268220509, 0],
      [0.017269596518, 0.038812278079, 0.9439181254, 0],
      [0.011253602122, 0.94439330525, 0.044353092625, 0],
      ["NaN", "NaN", "NaN", "NaN"],
      ["NaN", "NaN", "NaN", "NaN"],
      ["NaN", "NaN", "NaN", "NaN"]
    ],
    [
      ["NaN", "NaN", "NaN", "NaN"],
      ["NaN", "NaN", "NaN", "NaN"],
      ["NaN", "NaN", "NaN", "NaN"],
      [0, 0.0023873847325, 0.96869782375, 0.028914791518],
      [0, 0.49522523053, 0.3126043525, 0.19217041696],
      ["NaN", "NaN", "NaN", "NaN"],
      ["NaN", "NaN", "NaN", "NaN"],
      ["NaN", "NaN", "NaN", "NaN"]
    ],
    [
      [0.0092949096212, 0.80821775021, 0.055798323542, 0.12668901663],
      [0.12973628399, 0.014742539946, 0.19938884735, 0.65613232871],
      [0.52211959805, 0.00056968514162, 0.35408409845, 0.12322661836],
      [0.0074848116399, 0.057754616964, 0.89045421231, 0.044306359084],
      [0.0044458322237, 0.90525073429, 0.05153634795, 0.03876708554],
      [0.0024873164986, 0.26209387926, 0.72135299677, 0.014065807478],
      [0.0016726415615, 0.4479285434, 0.45035578319, 0.10004303184],
      [0.025310650109, 0.012701478923, 0.49011993325, 0.47186793771]
    ],
    [
      [0.0045245569561, 0.80096176379, 0.068139825461, 0.1263738538],
      [0.074930306026, 0.012305562877, 0.15947700129, 0.75328712981],
      [0.32583976327, 0.0088813242999, 0.50943958159, 0.15583933084],
      [0.0026098060855, 0.064235002874, 0.88175928632, 0.051395904716],
      [0.001861961094, 0.9127098056, 0.045886867222, 0.039541366083],
      [0.0011526480733, 0.28834071368, 0.69469160348, 0.015815034771],
      [0.00078080447671, 0.52373515381, 0.35595980986, 0.11952423185],
      [0.013438505654, 0.012457154935, 0.45476422104, 0.51934011837]
    ],
    [
      [0.01543773133, 0.74999961919, 0.020613197392, 0.21394945209],
      [0.24558296005, 0.00077542249115, 0.078844772441, 0.67479684501],
      [0.59707988402, 0.0018030052044, 0.26364079092, 0.13747631986],
      [0.011372865298, 0.05476599756, 0.86918282398, 0.064678313164],
      [0.00744176897, 0.88215832669, 0.051901428878, 0.058498475463],
      [0.0041243083502, 0.25294783886, 0.72197521173, 0.020952641052],
      [0.0028100264791, 0.41172599727, 0.44355965077, 0.14190432548],
      [0.034319544822, 0.0094423230715, 0.38840165899, 0.56783647312]
    ],
    [
      [0.0068475889252, 0.73370013705, 0.071340566831, 0.18811170719],
      [0.077587895617, 0.0068558580439, 0.13366249985, 0.78189374649],
      [0.42003150647, 0.0005529183377, 0.38403129602, 0.19538427918],
      [0.0050489036072, 0.049723603588, 0.88314757014, 0.062079922669],
      [0.0034444367216, 0.88194547699, 0.053857350761, 0.060752735529],
      [0.0018107883423, 0.23543921178, 0.74222266512, 0.020527334762],
      [0.0011554583049, 0.39081837637, 0.46658944983, 0.14143671549],
      [0.014843162465, 0.011157158628, 0.42107939119, 0.55292028772]
    ],
    [
      [0.0094749269704, 0.32952047067, 0.25426795106, 0.4067366513],
      [0.10382737499, 0.0021142330282, 0.23310794085, 0.66095045113],
      [0.43742144155, 0.0010378731606, 0.43783867709, 0.1237020082],
      [0.0028720762175, 0.0041345921939, 0.94288018262, 0.050113148964],
      [0.0449256915, 0.56412843286, 0.19725876884, 0.1936871068],
      [0.0024037523508, 0.048960464787, 0.9304832867, 0.018152496165],
      [0.0005348900335, 0.10683423558, 0.6906038484, 0.20202702599],
      [0.020285849036, 0.0016980349974, 0.48105553229, 0.49696058367]
    ],
    [
      [0.0062872348284, 0.83908291907, 0.046618949129, 0.10801089697],
      [0.10477558936, 0.023671986925, 0.20342866845, 0.66812375526],
      [0.42607523334, 0.010163627322, 0.43556454321, 0.12819659613],
      [0.0057987517394, 0.077386037875, 0.86997472576, 0.046840484628],
      [0.0027110688208, 0.93064524086, 0.034878493751, 0.031765196563],
      [0.0017589546675, 0.32114812784, 0.66252939364, 0.014563523861],
      [0.0012412599596, 0.51347467562, 0.39143929576, 0.093844768661],
      [0.021318573474, 0.0099642629206, 0.46050042295, 0.50821674066]
    ],
    [
      [0.0057383009612, 0.8230372174, 0.054810810644, 0.11641367099],
      [0.10067612216, 0.010753480909, 0.13081133326, 0.75775906367],
      [0.5329228879, 0.00067327915979, 0.27924352794, 0.187160305],
      [0.0070382357372, 0.087911416845, 0.84441015693, 0.060640190483],
      [0.0027209316499, 0.92439624618, 0.03834084044, 0.034541981727],
      [0.0020668788886, 0.37231263506, 0.60793452986, 0.01768595619],
      [0.0011851179308, 0.54741075492, 0.34572196664, 0.10568216051],
      [0.020338833321, 0.018897174829, 0.40256969429, 0.55819429756]
    ],
    [
      [0.0056661333124, 0.79801457262, 0.058502179453, 0.13781711461],
      [0.082342729504, 0.011719987642, 0.17823537331, 0.72770190954],
      [0.36350281659, 0.0083024807165, 0.47493966167, 0.15325504103],
      [0.0038510367397, 0.062595039793, 0.87972461544, 0.053829308026],
      [0.0023838659115, 0.91475322965, 0.03964633, 0.043216574434],
      [0.0014465434795, 0.28153607456, 0.70000217622, 0.017015205746],
      [0.00098813699074, 0.45616412951, 0.43057728785, 0.11227044565],
      [0.015889126474, 0.0096235567878, 0.43872099368, 0.53576632306]
    ],
    [
      [0.0071306273612, 0.69489908103, 0.076695647363, 0.22127464425],
      [0.065591903585, 0.008149800222, 0.18507442501, 0.74118387118],
      [0.32117795984, 0.004818480105, 0.50430377327, 0.16969978679],
      [0.0026038241513, 0.035582005358, 0.90394635512, 0.057867815366],
      [0.003392832696, 0.85581566544, 0.066739218881, 0.074052282984],
      [0.0013806023196, 0.18201357396, 0.79671892624, 0.019886897484],
      [0.00099881611387, 0.31723390926, 0.53652980956, 0.14523746507],
      [0.012709308886, 0.0071242633593, 0.43999467811, 0.54017174964]
    ],
    [
      [0.0041247101622, 0.86311452588, 0.032335583796, 0.10042518016],
      [0.07235077725, 0.022895925861, 0.25208091457, 0.65267238232],
      [0.32416682754, 0.0059483903023, 0.5349388041, 0.13494597806],
      [0.0022702530274, 0.069513270041, 0.88948434251, 0.038732134426],
      [0.0014819046867, 0.92853668711, 0.040808439566, 0.029172968638],
      [0.0010481919669, 0.30082551611, 0.68596213555, 0.012164156376],
      [0.00064672446798, 0.49370635214, 0.42370531586, 0.081941607536],
      [0.013802791201, 0.015174724378, 0.51482734271, 0.45619514171]
    ],
    [
      [0, 0.18070211162, 0.031595125859, 0.78770276253],
      [0, 0.010603235597, 0.015722073344, 0.97367469106],
      [0, 0.048019455807, 0.32122238733, 0.63075815687],
      [0, 0.033504157912, 0.86841327769, 0.098082564399],
      [0, 0.33873664627, 0.18763833251, 0.47362502121],
      ["NaN", "NaN", "NaN", "NaN"],
      ["NaN", "NaN", "NaN", "NaN"],
      ["NaN", "NaN", "NaN", "NaN"]
    ],
    [
      [0.017982599955, 0.6505796376, 0.10012182239, 0.23131594005],
      [0.13651775745, 0.0064025818819, 0.21316441394, 0.64391524672],
      [0.48543682559, 0.002148801342, 0.40399124351, 0.10842312956],
      [0.0081647835349, 0.023345868188, 0.92288205146, 0.045607296812],
      [0.0096635052238, 0.81691048317, 0.094132171969, 0.079293839633],
      [0.0032281257666, 0.13536632246, 0.84489670587, 0.0165088459],
      [0.0023938588448, 0.25810329617, 0.60834785155, 0.13115499343],
      [0.027385920437, 0.005165661819, 0.49190902152, 0.47553939623]
    ],
    [
      [0.017210720408, 0.64600717298, 0.084006065762, 0.25277604085],
      [0.12446709178, 0.00624943037, 0.19404368953, 0.67523978832],
      [0.47757550015, 0.0025103516662, 0.39677399909, 0.12314014909],
      [0.0079687341981, 0.025068452687, 0.91384926455, 0.053113548566],
      [0.0090723902495, 0.81622575681, 0.087668433491, 0.087033419454],
      [0.0028123187528, 0.14454630245, 0.83355288741, 0.019088491388],
      [0.0023772566178, 0.26513533784, 0.58416548369, 0.14832192185],
      [0.025467909457, 0.0050028647491, 0.45361723666, 0.51591198913]
    ],
    [
      [0.0091978582263, 0.69065144239, 0.096316749141, 0.20383395024],
      [0.085897662831, 0.0088909740286, 0.2303402954, 0.67487106774],
      [0.36283516387, 0.0033159050057, 0.49974272038, 0.13410621075],
      [0.0041023770827, 0.030215217544, 0.91901017545, 0.046672229927],
      [0.0047503352467, 0.8475845602, 0.079480142293, 0.068184962256],
      [0.0014890130661, 0.16454622466, 0.81804246155, 0.015922300726],
      [0.0012689406412, 0.29598219769, 0.57748390502, 0.12526495665],
      [0.016546054443, 0.0065220425652, 0.49564066069, 0.48129124231]
    ],
    [
      [0.015811823275, 0.71450440566, 0.079132197568, 0.1905515735],
      [0.14374438492, 0.0092835583253, 0.20080283859, 0.64616921816],
      [0.5347644386, 0.0020788231898, 0.35070004717, 0.11245669104],
      [0.0088977265919, 0.037239456648, 0.90396584979, 0.049896966973],
      [0.0079798103519, 0.86086595665, 0.068438816229, 0.062715416773],
      [0.0030842747485, 0.19094608952, 0.78846121144, 0.017508424292],
      [0.0024787353797, 0.33228561013, 0.53874420263, 0.12649145186],
      [0.029926923816, 0.0076212750607, 0.46624689523, 0.49620490589]
    ],
    [
      [0.018342996736, 0.74068566494, 0.048250202793, 0.19272113553],
      [0.15802666244, 0.0081370877383, 0.23498852334, 0.59884772648],
      [0.51347278806, 0.002682369583, 0.39258443783, 0.091260404531],
      [0.0086948935539, 0.029734137036, 0.92171549429, 0.039855475121],
      [0.0089746880598, 0.85371801893, 0.077216173116, 0.060091119894],
      [0.0030374166496, 0.15977145612, 0.8229411311, 0.01424999613],
      [0.002531624449, 0.2998723085, 0.58555030108, 0.11204576597],
      [0.031585615647, 0.0063579134367, 0.51791701614, 0.44413945477]
    ],
    [
      ["NaN", "NaN", "NaN", "NaN"],
      [0.075629918818, 0.061661836951, 0.17895493711, 0.68375330712],
      [0.34252696865, 0.0022414704518, 0.52401637328, 0.13121518762],
      [0.0038206942979, 0.021250644449, 0.92753275962, 0.047395901637],
      [0.0051341295161, 0.83663114015, 0.078855376464, 0.079379353865],
      ["NaN", "NaN", "NaN", "NaN"],
      [0.0011616892379, 0.27557449208, 0.56721621551, 0.15604760317],
      [0.014488757195, 0.0040570896919, 0.52073184952, 0.46072230359]
    ],
    [
      ["NaN", "NaN", "NaN", "NaN"],
      ["NaN", "NaN", "NaN", "NaN"],
      [0.52293198584, 0.010217777858, 0.29443322018, 0.17241701612],
      [0.0082368284223, 0.03534883035, 0.87592843319, 0.080485908036],
      [0.0056179718316, 0.86773145658, 0.049783820841, 0.07686675075],
      [0.0082025485182, 0.19483717018, 0.77133964371, 0.02562063759],
      [0.0034814121328, 0.3318953886, 0.48903356194, 0.17558963733],
      [0.023384736745, 0.011929542348, 0.3603829333, 0.60430278761]
    ],
    [
      ["NaN", "NaN", "NaN", "NaN"],
      ["NaN", "NaN", "NaN", "NaN"],
      [0.98314665199, 0.0041937025263, 0.0098841433424, 0.0027755021421],
      [0.17651435252, 0.11283120395, 0.63439012763, 0.076264315899],
      [0.014669184736, 0.90088447065, 0.054215163219, 0.030231181399],
      [0.11156139567, 0.44504928923, 0.42714931329, 0.016240001809],
      ["NaN", "NaN", "NaN", "NaN"],
      [0.4198312085, 0.14368502339, 0.21676970625, 0.21971406186]
    ],
    [
      [0.014560677697, 0.70666498216, 0.099717658662, 0.17905668148],
      [0.13914786741, 0.0091274105566, 0.20739284738, 0.64433187466],
      [0.494376292, 0.0035602931584, 0.3945906778, 0.10747273705],
      [0.0081617097909, 0.036170013651, 0.90891955293, 0.046748723624],
      [0.0072362976456, 0.8767024546, 0.05605695664, 0.060004291112],
      [0.0027478307277, 0.18553196404, 0.79550343417, 0.01621677106],
      [0.0022583924376, 0.33398244588, 0.54256914192, 0.12119001976],
      [0.027861393658, 0.0074787589933, 0.48461379293, 0.48004605441]
    ],
    [
      [0.0064573983661, 0.82586873566, 0.058641230441, 0.10903263553],
      [0.11376342179, 0.0013805589648, 0.18376690718, 0.70108911207],
      [0.40379878696, 0.0087248849786, 0.46865249923, 0.11882382883],
      [0.0051364940532, 0.065328238829, 0.88810126639, 0.041434000725],
      [0.0028290141121, 0.92574080276, 0.03864907523, 0.032781107901],
      [0.0017365936578, 0.28754651677, 0.69757811212, 0.013138777454],
      [0.0012424410748, 0.47481221074, 0.43481851971, 0.089126828472],
      [0.019716262362, 0.017670563948, 0.49925721275, 0.46335596094]
    ],
    [
      [0.0088395817485, 0.81137516095, 0.05811039197, 0.12167486533],
      [0.12398612087, 0.022409440012, 0.21103471546, 0.64256972366],
      [0.4799401858, 0.00069533419851, 0.40337953357, 0.11598494643],
      [0.0073354078843, 0.064703695636, 0.88232180836, 0.045639088121],
      [0.0042163666062, 0.91771567441, 0.040935824009, 0.037132134972],
      [0.0023795358874, 0.2818391836, 0.70108885795, 0.014692422559],
      [0.0016763184247, 0.46595743411, 0.43138425488, 0.10098199259],
      [0.025538992111, 0.010776518235, 0.47204224145, 0.49164224821]
    ],
    [
      [0.0075925345373, 0.78072056119, 0.066509251652, 0.14517765262],
      [0.10000139218, 0.0090792457337, 0.17538777554, 0.71553158655],
      [0.41701625663, 0.0082576374411, 0.4341407107, 0.14058539523],
      [0.005871266032, 0.059024811656, 0.88037285336, 0.05473106895],
      [0.0035790545925, 0.90208070689, 0.048046982583, 0.046293255934],
      [0.0020921611435, 0.26732154884, 0.71290826247, 0.017678027553],
      [0.00096068467286, 0.45391358854, 0.42181903577, 0.12330669101],
      [0.019464425983, 0.013925421239, 0.44147771817, 0.5251324346]
    ],
    [
      [0.017956586742, 0.67248366717, 0.086614628505, 0.22294511758],
      [0.13901040304, 0.0064618165888, 0.21285807905, 0.64166970133],
      [0.48758099252, 0.0016242913323, 0.40463421838, 0.10616049777],
      [0.0074836845105, 0.021953434616, 0.92876165912, 0.041801221753],
      [0.0089836206476, 0.81903105319, 0.09829619272, 0.073689133444],
      [0.0028319298567, 0.13219610021, 0.85016971693, 0.014802252996],
      [0.0022878503524, 0.25810927938, 0.6169529035, 0.12264996677],
      [0.026099021802, 0.0051500214356, 0.51564239757, 0.4531085592]
    ],
    [
      [0.0018856330046, 0.92225439439, 0.075859972604, 0],
      ["NaN", "NaN", "NaN", "NaN"],
      [0.23165103142, 0.042089713682, 0.72625925489, 0],
      [0.00037081587318, 0.082306288499, 0.91732289563, 0],
      [0.00012595497878, 0.99040710165, 0.0094669433704, 0],
      ["NaN", "NaN", "NaN", "NaN"],
      [0.00045280656828, 0.5901010567, 0.40944613673, 0],
      [0.062231107926, 0.1568738706, 0.78089502147, 0]
    ],
    [
      [0.01463884906, 0.78604620116, 0.0087543551867, 0.19056059459],
      ["NaN", "NaN", "NaN", "NaN"],
      [0.68011609692, 0.007786121195, 0.18925129243, 0.12284648946],
      [0.014781696193, 0.087053254424, 0.79532023193, 0.10284481745],
      [0.0071032609688, 0.94165287379, 0.0061862793281, 0.045057585913],
      [0.0091047803592, 0.39632421182, 0.56619435183, 0.02837665599],
      [0.0054505235033, 0.55000088783, 0.30137824638, 0.14317034229],
      [0.037228636682, 0.032210565575, 0.29370279884, 0.63685799891]
    ],
    [
      [0.01004054983, 0.81336296701, 0.050306675415, 0.12628980775],
      [0.15667032933, 0.02180317397, 0.14970703204, 0.67181946466],
      [0.7096182143, 0.00027916541435, 0.21107007498, 0.079032545307],
      [0.013324175595, 0.068728486666, 0.8613674092, 0.056579928536],
      [0.0053983601692, 0.95460837042, 0.0086681722722, 0.03132509714],
      [0.0051010373832, 0.34647052337, 0.63177261167, 0.01665582758],
      [0.0078732463406, 0.52481849058, 0.37593221332, 0.09137604976],
      ["NaN", "NaN", "NaN", "NaN"]
    ],
    [
      [0.030150294585, 0.74063287866, 0.0092382571114, 0.21997856964],
      [0.34168458392, 0.0229810063, 0.060281403511, 0.57505300627],
      [0.96127119362, 0.00017141907461, 0.022548256681, 0.016009130624],
      [0.029555892125, 0.072754153349, 0.7860896171, 0.11160033743],
      [0.01045462034, 0.92579166378, 0.012330615541, 0.051423100337],
      [0.015173184486, 0.31813741247, 0.63363674762, 0.033052655422],
      ["NaN", "NaN", "NaN", "NaN"],
      [0.067373443786, 0.017569080787, 0.26981424981, 0.64524322562]
    ],
    [
      [0.018072217527, 0.80534235635, 0.082659683891, 0.093925742229],
      [0.24108610909, 0.015069641026, 0.268938927, 0.47490532289],
      [0.60031589477, 0.0046062965116, 0.34316438428, 0.051913424435],
      [0.01119894289, 0.047318853005, 0.92056804019, 0.020914163918],
      [0.0082800086392, 0.91200575159, 0.05205983913, 0.027654400639],
      [0.0032764406352, 0.21933117412, 0.76882023121, 0.0085721540367],
      [0.0034243329634, 0.39456422881, 0.5359132018, 0.06609823643],
      [0.046989590317, 0.012174202273, 0.59543931046, 0.34539689695]
    ],
    [
      [0.0051854627439, 0.77034350627, 0.078218967116, 0.14625206387],
      [0.073963129599, 0.0086011007559, 0.1719996796, 0.74543609004],
      [0.31574278989, 0.0032932142828, 0.52856032094, 0.15240367489],
      [0.0021420698006, 0.048662761398, 0.90386464329, 0.04533052551],
      [0.0022975945384, 0.89648195788, 0.054607262812, 0.04661318477],
      [0.0011924721037, 0.22707349465, 0.75688599759, 0.01484803565],
      [0.00069554103935, 0.39620266449, 0.49598741034, 0.10711438412],
      [0.012768141039, 0.010334395966, 0.49546876903, 0.48142869397]
    ],
    [
      [0.005543496556, 0.77897015775, 0.022887255523, 0.19259909017],
      ["NaN", "NaN", "NaN", "NaN"],
      [0.40238102393, 0.086678855325, 0.38321158508, 0.12772853566],
      [0.0063638135348, 0.047216989394, 0.90047803423, 0.045941162838],
      [0.0067047174738, 0.79926207049, 0.14438305896, 0.049650153071],
      [0.0035440376423, 0.21156550984, 0.77056447476, 0.014325977759],
      [0.0033837153916, 0.35503560672, 0.54332063455, 0.098260043343],
      [0.017694887803, 0.0022903425986, 0.48871589362, 0.49129887598]
    ],
    [
      [0.00064637893985, 0.80364549949, 0.082729175168, 0.1129789464],
      [0.022184537508, 0.041975748964, 0.24308866262, 0.69275105091],
      [0.13250435491, 0.031590409417, 0.64521133506, 0.19069390061],
      [0.00028932277979, 0.052489621508, 0.89451201678, 0.052709038931],
      [0.00019656590285, 0.92868843388, 0.03114030743, 0.039974692792],
      [0.00012098384978, 0.28098726826, 0.70281196223, 0.016079785654],
      [0.00017160199782, 0.47203674683, 0.42467680655, 0.10311484462],
      [0.0045884552088, 0.029425464259, 0.47528084098, 0.49070523955]
    ],
    [
      [0.017231851817, 0.60287608911, 0.027135173702, 0.35275688537],
      [0.09210572197, 0.045485918769, 0.098202519268, 0.76420583999],
      [0.47621368354, 0.080251033063, 0.25918507994, 0.18435020345],
      [0.005612032618, 0.041946603798, 0.89811831588, 0.054323047701],
      [0.0044659837164, 0.85400556099, 0.077705772531, 0.063822682765],
      [0.0020763050477, 0.19817075881, 0.78137289298, 0.018380043164],
      [0.0018604086721, 0.45503261795, 0.35647466177, 0.18663231161],
      [0.017476489071, 0.0066323889301, 0.43961197622, 0.53627914578]
    ],
    [
      [0.011545760166, 0.78574628171, 0.058254681688, 0.14445327644],
      [0.13834635162, 0.0141062647, 0.21694265161, 0.63060473207],
      [0.4895905796, 0.0047985488228, 0.40007112723, 0.10553974434],
      [0.0079536855829, 0.049582994576, 0.89857424462, 0.043889075224],
      [0.0057485795796, 0.89305417428, 0.056505861825, 0.04469138432],
      [0.0022911623398, 0.23123800089, 0.7517060896, 0.014764747173],
      [0.0019127059516, 0.40322012054, 0.4892172459, 0.1056499276],
      [0.027964536758, 0.010732640017, 0.48977278359, 0.47153003963]
    ],
    [
      [0.019346481492, 0.68632117592, 0.090002868404, 0.20432947419],
      [0.16703725618, 0.0095680768799, 0.1800273357, 0.64336733123],
      [0.58637167546, 0.0031861200335, 0.30644819033, 0.10399401418],
      [0.010987472386, 0.038425893799, 0.89279095083, 0.057795682981],
      [0.0099918146917, 0.85648829776, 0.064122686001, 0.069397201544],
      [0.0034774683236, 0.19173372375, 0.78503627361, 0.019752534313],
      [0.0024418345131, 0.34444322909, 0.50532354455, 0.14779139185],
      [0.03708217163, 0.0057571747971, 0.41871574328, 0.53844491029]
    ],
    [
      [0.016854725256, 0.69884769213, 0.067485718214, 0.2168118644],
      [0.14955478389, 0.0086553847566, 0.140786228, 0.70100360335],
      [0.57672503701, 0.0039329153469, 0.29091827165, 0.12842377599],
      [0.011962316236, 0.048313734223, 0.86838897088, 0.071334978661],
      [0.0086749799242, 0.86812149547, 0.050147843259, 0.073055681351],
      [0.0036279484713, 0.22965382747, 0.74305739807, 0.023660825989],
      [0.0031267234899, 0.37319023476, 0.45904205316, 0.16464098859],
      [0.033794387957, 0.0079052166059, 0.36606578031, 0.59223461513]
    ],
    [
      [0.0043873199597, 0.85187025625, 0.049211031395, 0.094531392398],
      [0.13057067706, 0.019407665344, 0.29924923133, 0.55077242627],
      [0.44566893267, 0.0027041590542, 0.46737855191, 0.084248356359],
      [0.0080258978185, 0.053218718289, 0.91418715899, 0.024568224903],
      [0.0049117264193, 0.89460713322, 0.073395120421, 0.027086019936],
      [0.0017961287283, 0.24896038935, 0.74004735422, 0.0091961277013],
      [0.00030407359826, 0.55543930026, 0.3545758591, 0.089680767038],
      [0.022349708667, 0.0037587657999, 0.56801781152, 0.40587371401]
    ]
  ],
  "expected_outcome": [
    [
      [0, 0, 0.089566123057, 0.034595489863, 0.18689631424, 0.022640725926, 0, 0.010116423938, 0.25241750231, 0.22748086092, 0.15905747524, 0.061455888156, 0.18288895861, 0.52426724999, 0.31158100517, 0.05393221293, 0.7812111081, 0.49319365656, 1.0076470914, 0.00064183851471, 0, 0, 0, 0.15801346356, 0.072392911298, 0.26244143262, 0.075323478177, 0.037899707882, 0.71045753561, 0.13771922307, 0.25497599906, 0.14261254722, 0.078369493082, 0, 0.97106039755, 0.39584656939, 0.15636358985, 0.34786011205, 0.18342996736, 0, 0, 0, 0.26209219854, 0.16789235752, 0.52153532316, 0.13666562167, 0.17956586742, 0.0037712660091, 0.04391654718, 0.03012164949, 0.060300589169, 0.21686661032, 0.23853128622, 0.072065455227, 0.0025855157594, 0.051695555452, 1.1661217767, 0.29019722239, 1.4495063721, 0.087746399194],
      [0.58063312566, 2.1522571754, 6.5691161225, 4.8553027622, 8.4801170377, 2.3211131505, 0, 1.668904276, 18.0721757391, 20.1692629799, 13.9635710696, 8.419167588, 16.9866706219, 46.5696616952, 24.293848367, 11.8514747377, 28.3296999529, 8.0722711181, 63.6158269166, 0.98022799497, 0.92162223909, 0, 0, 13.7397017536, 12.8153882206, 12.7499935262, 8.0707015076, 1.3180818827, 94.8163698555, 19.7528932177, 35.910655768, 13.8979816205, 16.3991759917, 0.54210633485, 35.1313004303, 14.8581649784, 11.7410745206, 15.7190969245, 7.4068566494, 0, 0, 0, 12.7199696788, 21.4725871272, 47.8711344962, 14.0529701013, 6.7248366717, 1.8445087888, 2.3581386035, 2.440088901, 1.4812657573, 9.6641082762, 35.4358012883, 10.1266120508, 3.214581998, 1.8086282673, 79.3603744525, 10.2948176388, 60.1009015233, 17.0374051249],
      [0.31702041561, 0.17804613494, 1.1321210377, 0.2924522664, 0.33390098787, 0.070443466359, 0, 0.024786876082, 2.0974732001, 2.0557930077, 0.93274184609, 0.95776903212, 1.6303035114, 3.5149101892, 1.9916194524, 1.1394684747, 3.5549073727, 1.1755898529, 7.3303683116, 0.0042700981948, 0, 0, 0, 0.94857150021, 1.0902372074, 0.35042435566, 0.78474623514, 1.0170718043, 5.2679412516, 1.3154594554, 2.6325980754, 1.5339129473, 0.61437609213, 0.094785377577, 5.4065784092, 1.9321395125, 1.6373847354, 1.7409083465, 0.48250202793, 0, 0, 0, 1.7949178559, 1.5246719915, 3.4285131262, 1.1971665297, 0.86614628505, 0.15171994521, 0.02626306556, 0.15092002625, 0.018476514223, 0.99191620669, 3.5980724873, 0.29753432181, 0.33091670067, 0.081405521105, 5.8837228505, 1.3500430261, 5.8037717664, 0.9842206279],
      [0.10234645873, 0.66969668965, 1.2091967168, 0.81764948153, 2.9990856602, 0.5858026572, 0, 0.29619242395, 4.5779335585, 3.5474631515, 2.9446296091, 1.5616074917, 4.2001369081, 8.3911608656, 4.4029511755, 1.9551245746, 11.3341815664, 4.2589453725, 15.0461576804, 0.01486006832, 0.078377760906, 0, 0, 2.1537132827, 2.0219816607, 3.6371406855, 2.0692287791, 1.6269466052, 12.2052313573, 2.7939281038, 6.2017701576, 4.425492885, 1.9080784231, 2.3631082876, 12.491060763, 5.8138489397, 3.4651771541, 4.192134617, 1.9272113553, 0, 0, 0, 3.2230202667, 2.8348485238, 7.1788170544, 2.6131977472, 2.2294511758, 0, 0.57168178377, 0.37886942324, 0.43995713929, 1.1271089067, 6.7275949382, 2.5037881722, 0.4519157856, 1.0582706561, 14.5897809202, 3.0649421128, 18.6458203382, 1.890627848]
    ],
    [
