{
  "X": [
    [1, 21, 53, 16, 9],
    [5, 25, 40, 15, 15],
    [4, 23, 43, 16, 14],
    [7, 22, 51, 10, 10],
    [6, 20, 55, 14, 5],
    [5, 26, 34, 19, 16],
    [5, 17, 47, 13, 18],
    [4, 20, 47, 11, 18],
    [2, 19, 47, 18, 14],
    [5, 27, 44, 10, 14],
    [3, 17, 39, 17, 24],
    [6, 21, 47, 11, 15],
    [5, 24, 39, 17, 15],
    [4, 30, 42, 11, 13],
    [7, 19, 45, 11, 18],
    [4, 29, 45, 13, 9],
    [7, 17, 35, 23, 18],
    [13, 10, 26, 39, 12],
    [18, 15, 34, 24, 9],
    [12, 21, 31, 26, 10],
    [11, 16, 31, 29, 13],
    [8, 17, 32, 33, 10],
    [4, 21, 33, 32, 10],
    [6, 14, 38, 29, 13],
    [12, 16, 29, 30, 13],
    [6, 14, 38, 28, 14],
    [13, 14, 34, 29, 10],
    [12, 22, 27, 24, 15],
    [10, 21, 29, 27, 13],
    [7, 18, 34, 28, 13],
    [7, 21, 27, 28, 17],
    [6, 16, 31, 33, 14],
    [11, 21, 30, 26, 12],
    [7, 17, 41, 22, 13],
    [4, 12, 56, 16, 12],
    [6, 15, 54, 11, 14],
    [2, 15, 46, 15, 22],
    [8, 17, 45, 12, 18],
    [7, 19, 41, 12, 21],
    [3, 17, 52, 13, 15],
    [3, 22, 48, 13, 14],
    [3, 12, 51, 16, 18],
    [2, 20, 49, 11, 18],
    [4, 11, 59, 8, 18],
    [5, 18, 53, 16, 8],
    [5, 9, 59, 10, 17],
    [5, 15, 47, 7, 26],
    [3, 12, 46, 15, 24],
    [6, 12, 48, 10, 24],
    [3, 6, 62, 9, 20]
  ],
  "W": [
    [68, 14, 18],
    [64, 16, 20],
    [64, 19, 17],
    [67, 20, 13],
    [65, 19, 16],
    [59, 19, 22],
    [76, 6, 18],
    [68, 16, 16],
    [73, 14, 13],
    [67, 18, 15],
    [64, 14, 22],
    [67, 20, 13],
    [69, 15, 16],
    [65, 12, 23],
    [72, 21, 7],
    [56, 24, 20],
    [48, 42, 10],
    [14, 73, 13],
    [13, 65, 22],
    [22, 62, 16],
    [16, 70, 14],
    [15, 66, 19],
    [25, 60, 15],
    [17, 67, 16],
    [21, 63, 16],
    [16, 62, 22],
    [17, 74, 9],
    [22, 66, 12],
    [13, 68, 19],
    [24, 58, 18],
    [17, 63, 20],
    [21, 59, 20],
    [17, 66, 17],
    [16, 39, 45],
    [14, 26, 60],
    [16, 16, 68],
    [17, 23, 60],
    [17, 19, 64],
    [14, 18, 68],
    [17, 18, 65],
    [22, 19, 59],
    [13, 19, 68],
    [11, 14, 75],
    [17, 12, 71],
    [17, 22, 61],
    [15, 10, 75],
    [16, 10, 74],
    [17, 19, 64],
    [16, 17, 67],
    [10, 15, 75]
  ],
  "method": "mcmc",
  "mcmc_stepsize": 3000,
  "mcmc_samples": 1000,
  "burn_in": 10000,
  "cond_prob": [
    [
      [0.0010955032853, 0.24759147773, 0.51042785086, 0.13362997171, 0.10725519642],
      [0.055400056157, 0.16105593226, 0.33635819995, 0.40491274163, 0.042273070007],
      [0.0083280550225, 0.10605535906, 0.75454951902, 0.069132418923, 0.061934647971]
    ],
    [
      [0.013788088168, 0.28098724674, 0.41105436695, 0.093642402593, 0.20052789554],
      [0.24305863399, 0.19745003969, 0.10538871806, 0.4409485299, 0.013154078369],
      [0.011431210675, 0.19288077867, 0.6003150513, 0.097585487785, 0.097787471569]
    ],
    [
      [0.01183955779, 0.2301331119, 0.47501676966, 0.093486608357, 0.1895239523],
      [0.16795279631, 0.22986774315, 0.098575204279, 0.49925071896, 0.0043535373003],
      [0.0030097159713, 0.22964668934, 0.63094105062, 0.031240788527, 0.10516175555]
    ],
    [
      [0.012713684288, 0.25280151021, 0.5670561343, 0.05631643834, 0.11111223287],
      [0.27433574477, 0.15453982769, 0.20179762287, 0.29232244984, 0.077004354833],
      [0.050882173637, 0.15165402018, 0.69009896497, 0.029257664186, 0.078107177029]
    ],
    [
      [0.010162569186, 0.24873745292, 0.57235352737, 0.10419331897, 0.06455313155],
      [0.2565143642, 0.089111756687, 0.31394885868, 0.32024545346, 0.020179566984],
      [0.029103755196, 0.13368388643, 0.7394995254, 0.071423165691, 0.026289667285]
    ],
    [
      [0.013385746133, 0.30242022134, 0.33002817566, 0.12973432154, 0.22443153532],
      [0.20621086872, 0.17377366949, 0.099073076004, 0.50862942207, 0.012312963705],
      [0.013283385108, 0.22070487365, 0.57481587237, 0.076441636804, 0.11475423207]
    ],
    [
      [0.029369378394, 0.18554894457, 0.46603893794, 0.12732475493, 0.19171798417],
      [0.30536177315, 0.19854762636, 0.1162915891, 0.34297415067, 0.03682486072],
      [0.051986477955, 0.094833025258, 0.60462728788, 0.070304095646, 0.17824911326]
    ],
    [
      [0.0022602318672, 0.19211130209, 0.51828872397, 0.064738387146, 0.22260135493],
      [0.23533082551, 0.23285236926, 0.14569300217, 0.37196027823, 0.014163524833],
      [0.0050631890527, 0.20067459685, 0.58907992096, 0.040401576405, 0.16478071673]
    ],
    [
      [0.0037969874871, 0.20904623576, 0.48670313763, 0.14378197054, 0.15667166858],
      [0.099622893041, 0.19632921705, 0.18736143856, 0.4615110997, 0.055175351658],
      [0.02523841622, 0.076231980861, 0.68058544715, 0.080212365749, 0.13773179002]
    ],
    [
      [0.010771668063, 0.28389899215, 0.48134780129, 0.053793654268, 0.17018788424],
      [0.23436697647, 0.26373301571, 0.17786156055, 0.31896927496, 0.0050691723131],
      [0.0039795108909, 0.21543821623, 0.56987928159, 0.043625214318, 0.16707777697]
    ],
    [
      [0.009233747453, 0.20460844384, 0.40496479052, 0.11869897464, 0.26249404355],
      [0.13340307242, 0.14666371786, 0.15827375366, 0.51872373404, 0.042935722028],
      [0.024608961324, 0.084171252007, 0.49392822069, 0.097324243037, 0.29996732294]
    ],
    [
      [0.014463404688, 0.23815160899, 0.50079233014, 0.06287508876, 0.18371756742],
      [0.21338974117, 0.17705612946, 0.19815668737, 0.32364648853, 0.087750953466],
      [0.058704389425, 0.11559381601, 0.72952154871, 0.024187637119, 0.071992608738]
    ],
    [
      [0.021080246319, 0.25780742303, 0.41321320353, 0.12400204629, 0.18389708083],
      [0.21215609845, 0.16191762109, 0.098254466929, 0.50987811086, 0.017793702672],
      [0.022695095449, 0.2364077184, 0.56340449705, 0.049730446455, 0.12776224265]
    ],
    [
      [0.0069466031454, 0.34123944309, 0.40610507043, 0.087265972023, 0.15844291131],
      [0.28367996418, 0.25759342616, 0.09990399442, 0.3539935059, 0.0048291093468],
      [0.0062744011054, 0.20557891676, 0.62627489082, 0.046947380335, 0.11492441098]
    ],
    [
      [0.013590654924, 0.21234822523, 0.49913240558, 0.069579338444, 0.20534937581],
      [0.25210472535, 0.13480785178, 0.23360088802, 0.2706217341, 0.10886480075],
      [0.10389623044, 0.1257089851, 0.59383544995, 0.043890173702, 0.13266916081]
    ],
    [
      [0.001411189197, 0.36025303943, 0.45184299555, 0.072156567628, 0.1143362082],
      [0.16297857615, 0.22759322531, 0.27339081206, 0.32799777542, 0.0080396110505],
      [0.00047437886331, 0.16817961922, 0.656770638, 0.054364280139, 0.12021108379]
    ],
    [
      [0.00045235815577, 0.18743684902, 0.41522074992, 0.12603407135, 0.27085597155],
      [0.16539553171, 0.18934408399, 0.17116778558, 0.38026059024, 0.093832008494],
      [0.0031674476884, 0.0050579719494, 0.78803570095, 0.09794197855, 0.10579690086]
    ],
    [
      [0.0018995401615, 0.13728580697, 0.40655101221, 0.14570726605, 0.30855637461],
      [0.17726200815, 0.085528292231, 0.1883773887, 0.49899624844, 0.049836062473],
      [0.0025599878973, 0.1411102592, 0.50436434259, 0.041028626091, 0.31093678422]
    ],
    [
      [0.0028803457979, 0.150802687, 0.47293988901, 0.14732742788, 0.22604965031],
      [0.26083736699, 0.15355295746, 0.21409007578, 0.33924807779, 0.032271521984],
      [0.045823938657, 0.13902831065, 0.63345120532, 0.0015281082341, 0.18016843714]
    ],
    [
      [0.0043692986963, 0.28562970686, 0.36934740466, 0.15319559272, 0.18745799706],
      [0.18981012607, 0.1936853549, 0.23251177811, 0.34962438444, 0.034368356475],
      [0.0084779757762, 0.16922840282, 0.5286641784, 0.059561570302, 0.2340678727]
    ],
    [
      [0.00060503111782, 0.12870975544, 0.54783932442, 0.10043673412, 0.22240915491],
      [0.15489567353, 0.16816645656, 0.22937998782, 0.37826490232, 0.069292979772],
      [0.010544453922, 0.1549279967, 0.44128369016, 0.065319220824, 0.32792463839]
    ],
    [
      [0.00052928975935, 0.17621559465, 0.4077559571, 0.19255834671, 0.22294081178],
      [0.12028064707, 0.18137050552, 0.21870141148, 0.44912938328, 0.030518052642],
      [0.0028177866701, 0.12559540609, 0.60259828873, 0.024688710669, 0.24429980783]
    ],
    [
      [0.0038412048816, 0.32497296272, 0.41996919929, 0.080748807643, 0.17046782546],
      [0.06341058192, 0.18970157465, 0.22334819876, 0.47814604282, 0.045393601849],
      [0.0066223308514, 0.099572096864, 0.60665853948, 0.086167815976, 0.20097921683]
    ],
    [
      [0.0012183744141, 0.14649384564, 0.5583423774, 0.035348639758, 0.25859676279],
      [0.088969282742, 0.14270985818, 0.30600369731, 0.41581429106, 0.046502870709],
      [0.0011466057045, 0.12175275789, 0.50037074152, 0.033719726436, 0.34301016844]
    ],
    [
      [0.0044808785724, 0.2247639743, 0.35706099773, 0.15315550538, 0.26053864402],
      [0.18711534231, 0.14350540028, 0.19590171748, 0.40050290667, 0.072974633253],
      [0.0073521865141, 0.13994477012, 0.5724944279, 0.097003204181, 0.18320541128]
    ],
    [
      [0.0032895909116, 0.12887078016, 0.37972375094, 0.18480790623, 0.30330797176],
      [0.094289296963, 0.14901271283, 0.30617653553, 0.40046987297, 0.050051581714],
      [0.0046104606218, 0.12269451464, 0.58824885374, 0.0097246080117, 0.27472156298]
    ],
    [
      [0.0077436332518, 0.12036220453, 0.47033903454, 0.12206826257, 0.27948686511],
      [0.17202529124, 0.15731130941, 0.26849996454, 0.35785139894, 0.044312035869],
      [0.015387409225, 0.034756180707, 0.68169322631, 0.049315112776, 0.21884807098]
    ],
    [
      [0.0028973996159, 0.23032824122, 0.36131964088, 0.14049416881, 0.26496054947],
      [0.17538589096, 0.22507235476, 0.20832267608, 0.30569094138, 0.085528136808],
      [0.030065700409, 0.17316693988, 0.44180593992, 0.061127179598, 0.29383424019]
    ],
    [
      [0.00059259819697, 0.28839873329, 0.38431491135, 0.086017408212, 0.24067634896],
      [0.14550563633, 0.22250457539, 0.20555111589, 0.36646131438, 0.059977358015],
      [0.005153313314, 0.11160554427, 0.52770685642, 0.05065285871, 0.30488142729]
    ],
    [
      [0.0050600561026, 0.19479984574, 0.38314850237, 0.10460418988, 0.31238740591],
      [0.11323770912, 0.21616180363, 0.19822369659, 0.42262144419, 0.049755346469],
      [0.017265084712, 0.04374550509, 0.73930341894, 0.054303093319, 0.14538289794]
    ],
    [
      [0.0029656191712, 0.3097910125, 0.28032695864, 0.1493493398, 0.25756706989],
      [0.10999062146, 0.20207071324, 0.19044346777, 0.39251426399, 0.10498093353],
      [0.0010087660939, 0.15015489266, 0.51182516167, 0.036633129592, 0.30037804998]
    ],
    [
      [0.00077726129008, 0.16271497603, 0.31377629369, 0.23059774034, 0.29213372865],
      [0.099397220878, 0.17723624921, 0.2195420164, 0.46720259782, 0.036621915697],
      [0.0059620740556, 0.10630234, 0.57288594326, 0.029624709068, 0.28522493361]
    ],
    [
      [0.0085379946419, 0.20723823677, 0.3565762483, 0.16116762043, 0.26647989985],
      [0.16349943225, 0.23201507132, 0.21693892079, 0.34709191503, 0.040454660604],
      [0.0037583271929, 0.12729148632, 0.56589617688, 0.020710827098, 0.28234318251]
    ],
    [
      [0.0056503784647, 0.13922463551, 0.43276244016, 0.1385073166, 0.28385522927],
      [0.12939967925, 0.18093580823, 0.18335277987, 0.47653564237, 0.029776090278],
      [0.041400143418, 0.17146465135, 0.59833427872, 0.026644286269, 0.16215664024]
    ],
    [
      [0.0069100417626, 0.1312146524, 0.60066960365, 0.092153667935, 0.16905203425],
      [0.10605026088, 0.1295979954, 0.31175312028, 0.42459091404, 0.028007709406],
      [0.019099210541, 0.11322411643, 0.65808407369, 0.061174748066, 0.14841785127]
    ],
    [
      [0.032462892824, 0.25091218947, 0.43823666534, 0.094836231001, 0.18355202137],
      [0.21263602053, 0.1683338815, 0.16215244831, 0.38319014835, 0.073687501304],
      [0.030564961563, 0.12194210095, 0.65284962032, 0.049287910741, 0.14535540643]
    ],
    [
      [0.0010579917589, 0.18934334454, 0.36007589409, 0.12881336615, 0.32070940347],
      [0.075318934291, 0.21814136123, 0.20986181233, 0.4369208883, 0.05975700386],
      [0.0041613108568, 0.11273186391, 0.58419813528, 0.046016539078, 0.25289215087]
    ],
    [
      [0.0056607053149, 0.38825383808, 0.33084159094, 0.10109491812, 0.17414894755],
      [0.31008675942, 0.11983968618, 0.15810957169, 0.3557045948, 0.056259387917],
      [0.031439368448, 0.12691766743, 0.56830642331, 0.055046860793, 0.21828968002]
    ],
    [
      [0.0068797556073, 0.27577721828, 0.30136166842, 0.14937982585, 0.26660153184],
      [0.26256391148, 0.16579034376, 0.13523613816, 0.37751123651, 0.058898370088],
      [0.032022544335, 0.17874842289, 0.50509832581, 0.045786473249, 0.23834423371]
    ],
    [
      [0.0057645727275, 0.29431328028, 0.32201452252, 0.1223162721, 0.25559135238],
      [0.097020135607, 0.1714503419, 0.21969814348, 0.4837042653, 0.028127113707],
      [0.017779074196, 0.13708566279, 0.6549413313, 0.034060716905, 0.15613321481]
    ],
    [
      [0.0098409563639, 0.3337043578, 0.43729492246, 0.075337105486, 0.14382265789],
      [0.065031060504, 0.1913184409, 0.1785532764, 0.50428955148, 0.060807670725],
      [0.02623574255, 0.18683819918, 0.59299999075, 0.029848850868, 0.16407721666]
    ],
    [
      [0.0071413722169, 0.22585697276, 0.39105386778, 0.17072611343, 0.20522167381],
      [0.088572127857, 0.14280078006, 0.19325837751, 0.52036242603, 0.055006288541],
      [0.018004290175, 0.093391831367, 0.62124103744, 0.0572599181, 0.21010292291]
    ],
    [
      [0.0050706442805, 0.29748774559, 0.39705874861, 0.093318606936, 0.20706425459],
      [0.094226167884, 0.24529946635, 0.21560401229, 0.3997119699, 0.045158383574],
      [0.0083340875005, 0.17724589693, 0.55485196791, 0.058367036601, 0.20120101106]
    ],
    [
      [0.0048286739784, 0.14293745741, 0.54638624047, 0.10040969176, 0.20543793638],
      [0.21133705312, 0.17097513683, 0.27627304177, 0.30267097714, 0.038743791136],
      [0.019462928238, 0.091807909607, 0.65346700579, 0.037478641047, 0.19778351532]
    ],
    [
      [0.00068164769948, 0.28055019165, 0.40450307705, 0.17153531688, 0.14272976672],
      [0.19049225811, 0.14004258213, 0.24903856339, 0.40189299269, 0.018533603683],
      [0.013075119846, 0.16638868746, 0.66630490648, 0.069545143836, 0.084686142373]
    ],
    [
      [0.012035921186, 0.14772654886, 0.52831717764, 0.13006821411, 0.18185213821],
      [0.16684834967, 0.10965325132, 0.26510165162, 0.39013135087, 0.068265396529],
      [0.042013035807, 0.07583425672, 0.64565634426, 0.055302177063, 0.18119418615]
    ],
    [
      [0.013631969422, 0.26623829843, 0.35199338869, 0.076953015296, 0.29118332816],
      [0.23685091646, 0.17999460142, 0.16192672113, 0.330855964, 0.090371796983],
      [0.032613234116, 0.12081407042, 0.53714646716, 0.033245839396, 0.27618038891]
    ],
    [
      [0.0022225828571, 0.19779231006, 0.30575970012, 0.17359541945, 0.32062998752],
      [0.12629840649, 0.15905580458, 0.17616641599, 0.48375230416, 0.05472706878],
      [0.0087897870014, 0.087741725657, 0.58523317491, 0.044649751411, 0.27358556102]
    ],
    [
      [0.0070050212074, 0.15891019443, 0.33919990635, 0.15019269162, 0.34469218638],
      [0.23448293075, 0.20898164038, 0.17521738668, 0.31051295123, 0.070805090963],
      [0.028383728925, 0.088130582129, 0.59095680485, 0.034599951688, 0.25792893241]
    ],
    [
      [0.0077174760174, 0.090786758542, 0.55777462154, 0.095910561688, 0.24781058222],
      [0.11916589684, 0.092868024948, 0.31043614522, 0.36080516468, 0.11672476831],
      [0.01513782383, 0.049321493872, 0.69020948808, 0.035050892171, 0.21028030204]
    ]
  ],
  "expected_outcome": [
    [
      [0.074494223402, 0.88243764272, 0.75773169854, 0.85181684731, 0.66056699711, 0.78975902184, 2.2320727579, 0.15369576697, 0.27718008656, 0.72170176022, 0.59095983699, 0.9690481141, 1.454536996, 0.45152920445, 0.9785271545, 0.07902659503, 0.021713191477, 0.026593562262, 0.037444495372, 0.096124571318, 0.0096804978852, 0.0079393463902, 0.096030122039, 0.02071236504, 0.09409845002, 0.052633454586, 0.13164176528, 0.063742791549, 0.0077037765605, 0.12144134646, 0.05041552591, 0.016322487092, 0.14514590891, 0.090406055435, 0.096740584676, 0.51940628519, 0.017985859901, 0.096231990353, 0.096316578502, 0.097997736367, 0.21650104001, 0.09283783882, 0.055777087085, 0.082087457633, 0.011588010891, 0.18053881779, 0.21811151076, 0.037783908571, 0.11208033932, 0.077174760174],
      [16.8362204853, 17.9831837915, 14.7285191614, 16.937701184, 16.1679344401, 17.8427930593, 14.1017197872, 13.0635685422, 15.2603752101, 19.0212324738, 13.0949404059, 15.9561578026, 17.7887121894, 22.1805638006, 15.2890722169, 20.1741702082, 8.996968753, 1.9220012975, 1.9604349311, 6.2838535509, 2.059356087, 2.6432339197, 8.1243240679, 2.4903953758, 4.7200434603, 2.0619324826, 2.0461574771, 5.0672213069, 3.7491835327, 4.6751962977, 5.2664472125, 3.4170144967, 3.5230500252, 2.2275941681, 1.8370051336, 4.0145950315, 3.2188368571, 6.6003152473, 3.8608810559, 5.0033257647, 7.3414958715, 2.9361406459, 3.2723652015, 2.4299367759, 4.7693532581, 2.2158982328, 4.2598127749, 3.362469271, 2.5425631109, 0.90786758542],
      [34.7090938582, 26.3074794851, 30.4010732582, 37.992760998, 37.2029792788, 19.4716623639, 35.4189592836, 35.2436332299, 35.5293290473, 32.2503026863, 25.9177465935, 33.5530861193, 28.5117110433, 26.3968295781, 35.937533202, 25.3032077505, 19.9305959963, 5.691714171, 6.1482185571, 8.1256429026, 8.7654291906, 6.1163393565, 10.4992299824, 9.4918204158, 7.4982809522, 6.075580015, 7.9957635871, 7.9490320994, 4.9960938475, 9.1955640568, 4.7655582968, 6.5893021674, 6.0617962211, 6.9241990426, 8.4093744512, 7.0117866455, 6.1212901995, 5.6243070459, 4.2190633579, 5.4742468828, 9.6204882942, 5.0837002811, 4.3676462347, 9.288566088, 6.8765523099, 7.9247576646, 5.6318942191, 5.197914902, 5.4271985017, 5.5777462154],
      [9.0868380766, 5.993113766, 5.9831429349, 3.7732013688, 6.7725657333, 7.654324971, 9.6766813744, 4.4022103259, 10.4960838495, 3.6041748359, 7.5967343767, 4.2126309469, 8.5561411938, 5.6722881815, 5.009712368, 4.0407677872, 6.0496354246, 2.0399017247, 1.9152565625, 3.3703030399, 1.606987746, 2.8883752007, 2.0187201911, 0.60092687589, 3.2162656129, 2.9569264997, 2.0751604637, 3.0908717137, 1.1182263067, 2.5105005572, 2.5389387766, 4.8425525472, 2.7398495473, 2.2161170656, 1.2901513511, 1.517379696, 2.1898272245, 1.7186136081, 2.0913175619, 2.0793766257, 1.6574163207, 2.2194394746, 1.0265046763, 1.70696476, 2.9161003869, 1.9510232116, 1.2312482447, 2.9511221306, 2.403083066, 0.95910561688],
      [7.2933533564, 12.8337853147, 12.129532947, 7.444519602, 4.1959535507, 13.241460584, 14.570566797, 15.136892135, 11.4370318065, 11.4025882438, 16.799618787, 12.3090770171, 12.6888985775, 10.2987892354, 14.7851550587, 6.4028276591, 13.0010866346, 4.3197892446, 2.938645454, 4.1240759353, 3.5585464785, 3.3441121767, 4.2616956366, 4.3961449674, 5.4713115245, 4.8529275482, 4.7512767069, 5.8291320883, 3.1287925365, 7.4972977418, 4.3786401882, 6.1348083016, 4.5301582974, 4.5416836683, 2.3667284794, 2.9368323419, 5.452059859, 2.9605321083, 3.7324214458, 4.3450529905, 3.1640984736, 2.6678817596, 2.2777068005, 3.4924449185, 2.4264060342, 2.7277820732, 4.6589332506, 5.4507097879, 5.5150749821, 2.4781058222]
    ],
    [
      [0.77560078619, 3.8889381438, 3.1911031299, 5.4867148954, 4.8737729198, 3.9180065058, 1.8321706389, 3.7652932082, 1.3947205026, 4.2186055764, 1.8676430139, 4.2677948234, 3.1823414768, 3.4041595701, 5.2941992324, 3.9114858277, 6.9466123316, 12.9401265951, 16.9544288542, 11.7682278163, 10.8426971472, 7.9385227069, 3.8046349152, 5.9609419437, 11.7882665658, 5.8459364117, 12.7298715517, 11.5754688035, 9.8943832705, 6.5677871287, 6.9294091522, 5.8644360318, 10.7909625288, 5.0465874908, 2.7573067829, 3.4021763285, 1.7323354887, 5.891648429, 4.7261504067, 1.7463624409, 1.2355901496, 1.6828704293, 1.3191663504, 2.5360446375, 4.1908296785, 1.6684834967, 2.3685091646, 2.3996697233, 3.9862098227, 1.7874884526],
      [2.2547830516, 3.1592006351, 4.3674871199, 3.0907965537, 1.693123377, 3.3016997204, 1.1912857582, 3.7256379081, 2.7486090387, 4.7471942828, 2.05329205, 3.5411225892, 2.4287643163, 3.0911211139, 2.8309648874, 5.4622374075, 7.9524515275, 6.2435653329, 9.9809422346, 12.008492004, 11.7716519591, 11.9704533645, 11.3820944791, 9.5615604979, 9.0408402177, 9.2387881953, 11.6410368966, 14.8547754145, 15.1303111262, 12.5373846106, 12.7304549343, 10.4569387033, 15.3129947074, 7.056496521, 3.3695478805, 2.6933421039, 5.0172513082, 2.2769540373, 2.9842261877, 3.0861061542, 3.6350503771, 2.7132148211, 3.4341925289, 2.051701642, 3.0809368069, 1.0965325132, 1.7999460142, 3.022060287, 3.5526878864, 1.3930203742],
      [4.7090147994, 1.6862194889, 1.8729288813, 4.0359524574, 5.9650283148, 1.8823884441, 0.69774953459, 2.3310880347, 2.6230601398, 3.2015080898, 2.2158325512, 3.9631337475, 1.4738170039, 1.198847933, 4.9056186483, 6.5613794896, 7.1890469942, 13.7515493754, 13.9158549259, 14.415730243, 16.0565991471, 14.4342931576, 13.4008919255, 20.5022477198, 12.3418082014, 18.9829452026, 19.8689973761, 13.7492966215, 13.9774758805, 11.4969744024, 11.9979384698, 12.9529789674, 14.317968772, 7.1507584151, 8.1055811272, 2.594439173, 4.8268216836, 3.0040818621, 2.4342504868, 3.9545665827, 3.3925122515, 3.6719091727, 3.018456172, 3.3152765012, 5.4788483945, 2.6510165162, 1.6192672113, 3.3471619038, 2.9786955735, 4.6565421783],
      [5.6687783828, 7.0551764783, 9.4857636602, 5.8464489968, 6.0846636157, 9.6639590194, 2.057844904, 5.9513644516, 6.4611553957, 5.7414469493, 7.2621322765, 6.4729297706, 7.6481716629, 4.2479220708, 5.6830564161, 7.8719466101, 15.9709447899, 36.4267261361, 22.0511250564, 21.6767118353, 26.4785431625, 29.6425392966, 28.6887625693, 27.8595575011, 25.2316831202, 24.8291321241, 26.4810035213, 20.1756021311, 24.9193693778, 24.5120437631, 24.7283986315, 27.5649532715, 22.908066392, 18.5848900523, 11.0393637649, 6.1310423736, 10.0491804308, 6.7583873011, 6.7952022571, 8.7066767755, 9.5815014781, 9.8868860946, 5.5959675786, 3.6320517257, 8.8416458391, 3.9013135087, 3.30855964, 9.1912937791, 5.278720171, 5.4120774703],
      [0.5918229801, 0.2104652539, 0.082717208706, 1.5400870967, 0.3834117727, 0.2339463104, 0.22094916432, 0.22661639733, 0.77245492321, 0.091245101636, 0.60110010839, 1.7550190693, 0.26690554008, 0.057949312162, 2.2861608157, 0.19295066521, 3.9409443568, 3.6380325605, 2.097648929, 2.1308381015, 4.850508584, 2.0141914744, 2.723616111, 3.1156923375, 4.597401895, 3.1031980663, 3.2790906543, 5.6448570294, 4.078460345, 2.8858100952, 6.6137988122, 2.1606930261, 2.6700075999, 1.1612675208, 0.72820044457, 1.1790000209, 1.3744110888, 1.0689283704, 1.0601706616, 0.50628804673, 1.1553457438, 1.0451194823, 0.63221737003, 0.46492549363, 0.40773928102, 0.68265396529, 0.90371796983, 1.0398143068, 1.2036865464, 1.7508715246]
    ],
    [
      [0.14990499041, 0.2286242135, 0.051165171512, 0.66146825729, 0.46566008313, 0.29223447239, 0.93575660318, 0.081011024842, 0.32809941086, 0.059692663363, 0.54139714912, 0.76315706252, 0.36312152718, 0.14431122542, 0.72727361307, 0.0094875772662, 0.031674476884, 0.033279842664, 1.0081266505, 0.13564761242, 0.1476223549, 0.053537946732, 0.099334962772, 0.018345691273, 0.11763498423, 0.10143013368, 0.13848668302, 0.3607884049, 0.097912952966, 0.31077152482, 0.020175321879, 0.11924148111, 0.06389156228, 1.8630064538, 1.1459526325, 2.0784173863, 0.24967865141, 2.0121195807, 2.1775330148, 1.1556398227, 1.5479088104, 1.2242917319, 0.62505656254, 1.3818679049, 0.79758231062, 3.1509776855, 2.4133793246, 0.56254636809, 1.9017098379, 1.1353367872],
      [1.9089964631, 3.8576155734, 3.9039937188, 1.9715022623, 2.1389421829, 4.8555072203, 1.7069944546, 3.2107935496, 0.9910157512, 3.2315732434, 1.8517675441, 1.5027196081, 3.7825234943, 4.7283150856, 0.87996289572, 3.3635923843, 0.050579719494, 1.8344333696, 3.0586228343, 2.7076544451, 2.1689919539, 2.3863127158, 1.493581453, 1.9480441263, 2.239116322, 2.6992793221, 0.31280562637, 2.0780032786, 2.120505341, 0.78741909162, 3.0030978533, 2.1260468, 2.1639552675, 7.7159093108, 6.7934469859, 8.2920628646, 6.7639118347, 8.1227307154, 12.1548927564, 8.9105680811, 11.0234537514, 6.3506445329, 13.2934422696, 6.5183615821, 10.1497099351, 5.687569254, 8.9402412109, 5.615470442, 5.9047490026, 3.6991120404],
      [13.5818913424, 12.006301026, 10.7259978605, 8.9712865446, 11.8319924064, 12.6459491921, 10.8832911819, 9.4252787354, 8.8476108129, 8.5481892239, 10.8664208553, 9.4837801332, 9.0144719528, 14.4043224888, 4.1568481496, 13.1354127599, 7.8803570095, 6.5567364536, 13.935926517, 8.4586268544, 6.1779716622, 11.4493674859, 9.0998780922, 8.0059318644, 9.1599108464, 12.9414747824, 6.1352390368, 5.301671279, 10.026430272, 13.3074615409, 10.2365032334, 11.4577188652, 9.6202350069, 26.9250425423, 39.4850444217, 44.3937741815, 35.0518881169, 36.371611092, 34.3466861553, 42.5711865346, 34.9869994543, 42.2443905462, 41.6138975933, 46.3961574108, 40.6445992956, 48.4242258193, 39.7488385696, 37.4549231943, 39.5941059248, 51.7657116063],
      [1.2443835406, 1.9517097557, 0.53109340495, 0.38034963442, 1.1427706511, 1.6817160097, 1.2654737216, 0.64642522247, 1.0427607547, 0.65437821476, 2.1411333468, 0.31443928254, 0.79568714327, 1.0797897477, 0.30723121592, 1.0872856028, 0.9794197855, 0.53337213918, 0.033618381149, 0.95298512483, 0.91446909153, 0.46908550272, 1.2925172396, 0.53951562297, 1.5520512669, 0.21394137626, 0.44383601499, 0.73352615517, 0.96240431549, 0.97745567974, 0.73266259184, 0.59249418136, 0.35208406066, 1.1989928821, 3.670484884, 3.3515779304, 2.7609923447, 3.5229990908, 3.1134801809, 2.2139465989, 1.7610822012, 3.8936744308, 4.3775277451, 2.6609835143, 4.242253774, 4.1476632797, 2.4601921153, 2.8575840903, 2.3181967631, 2.6288169129],
      [1.1148236635, 1.9557494314, 1.7877498443, 1.0153933014, 0.42063467655, 2.5245931056, 3.2084840387, 2.6364914677, 1.7905132703, 2.5061666546, 6.5992811046, 0.9359039136, 2.0441958825, 2.6432614525, 0.92868412567, 2.4042216757, 1.0579690086, 4.0421781949, 3.963705617, 3.7450859633, 4.5909449375, 4.6416963489, 3.0146882524, 5.4881626951, 2.9312865806, 6.0438743856, 1.9696326388, 3.5260108823, 5.7927471185, 2.6168921629, 6.0075609996, 5.7044986723, 4.7998341027, 7.2970488109, 8.905071076, 9.8841676372, 15.1735290523, 13.9705395212, 16.2074078926, 10.1486589627, 9.6805557827, 14.2869987582, 15.0900758295, 14.0426295879, 5.1658546848, 13.5895639615, 20.4373487796, 17.5094759053, 17.2812384715, 15.7710226532]
    ]
  ],
  "prob": [
    [0.0092222478639, 0.23801212394, 0.44692912877, 0.10801482294, 0.19782167649],
    [0.15743734371, 0.17591905426, 0.21585955236, 0.39939470751, 0.05138934216],
    [0.020515282623, 0.12783717044, 0.60572104955, 0.048108230935, 0.19781826645]
  ],
  "iterations": 25,
  "time": 0.250879,
  "message": "Converged",
  "status": 0,
  "miniter": 0,
  "maxiter": 1000,
  "maxtime": 3600,
  "param_threshold": 0.001,
  "ll_threshold": "-Inf",
  "initial_prob": "group_proportional",
  "ballotbox_id": ["1", "2", "3", "4", "5", "6", "7", "8", "9", "10", "11", "12", "13", "14", "15", "16", "17", "18", "19", "20", "21", "22", "23", "24", "25", "26", "27", "28", "29", "30", "31", "32", "33", "34", "35", "36", "37", "38", "39", "40", "41", "42", "43", "44", "45", "46", "47", "48", "49", "50"],
  "candidates_id": ["1", "2", "3", "4", "5"],
  "group_id": ["1", "2", "3"]
}
