{
  "Z_true": {},
  "V_true": [
    [0, 31, 1464, 161, 63, 121],
    [0, 34, 24, 1769, 82, 190],
    [3, 257, 94, 341, 6602, 371],
    [3, 400, 68, 351, 203, 9887],
    [23, 364, 427, 812, 943, 1554]
  ],
  "p_true": [
    [0, 0.0168, 0.7957, 0.0875, 0.0342, 0.0658],
    [0, 0.0162, 0.0114, 0.8428, 0.0391, 0.0905],
    [0.0004, 0.0335, 0.0123, 0.0445, 0.861, 0.0484],
    [0.0003, 0.0367, 0.0062, 0.0322, 0.0186, 0.9061],
    [0.0056, 0.0883, 0.1036, 0.1969, 0.2287, 0.3769]
  ],
  "Z_est": [
    [
      [0, 0, 0, 0, 2, 1, 0, 1, 1, 0, 1, 0, 1, 0, 0, 0, 1, 0, 1, 1, 0, 2, 0, 0, 0, 0, 0, 2, 0, 0, 0, 0, 0, 0, 1, 0, 0, 0, 0, 0, 0, 0, 0.9995, 0, 0, 0, 0, 0, 0, 0, 2, 1, 1, 0, 0, 0, 0, 1, 0, 0, 1, 0, 0, 3],
      [2.9951, 1.9998, 2, 2, 1, 2, 2.9999, 1, 4, 3, 2, 3, 0, 2, 3, 3, 2, 3, 3, 3, 3, 1, 3, 2.9998, 1.9999, 4, 4, 1, 0, 3, 2, 2, 2, 3, 1, 0.9548, 2.0006, 3, 3, 1.9983, 1.9997, 1.9998, 1.0004, 1.9995, 3, 4, 4, 4, 1, 2, 2, 2, 2, 2, 3, 2, 3, 2, 1.9987, 3, 2, 3, 3, 13],
      [1.0036e-06, 0.0003, 5, 1, 5.3812e-08, 6.3549e-08, 1, 1, 6, 6, 2, 0, 1, 4, 2, 6, 1, 1.5429e-08, 1, 9, 1.231e-06, 8.6441e-10, 1.3066e-07, 2, 9.9614e-06, 1, 2, 2.2275e-07, 3, 5, 2, 9.7661e-07, 1, 4, 2.0746e-09, 0.0005, 1.136e-06, 1, 1, 8.0832e-06, 3.1067e-06, 3.9544e-06, 0.0003, 0, 3, 4, 3, 1, 2.0001, 1, 8.7388e-11, 1, 2.0121e-08, 3.0898e-07, 1.0336e-06, 1.4923e-06, 4, 1, 0.0019, 1, 2, 3.6484e-07, 1, 53],
      [3.7346e-07, 1.0002, 3, 1, 1.0001, 1, 1.0001, 2, 6, 7, 3, 3, 1, 5, 3, 10, 5, 2, 4, 11, 1, 1.193e-07, 1, 1.0003, 0.0001, 2, 2, 2, 4, 17, 12, 2, 7, 17, 1, 0.0033, 1, 2, 1, 0.0004, 0.9999, 0.0001, 0.0006, 0.0009, 4, 3, 2, 2, 2, 1, 1, 1, 3.0857e-09, 0.0013, 1, 1.659e-06, 3, 1, 0.0001, 3.3873e-08, 1, 0.0001, 7.4507e-09, 63],
      [3.0024, 5.0002, 15, 5, 3.0001, 5, 3, 4, 14, 15, 8, 4, 6, 11, 7, 14, 5, 3, 6, 13, 2, 1, 4, 8, 1.9999, 6, 6, 6, 6, 8, 6, 3, 5, 8, 2, 0.9594, 2.999, 6, 4, 1.0003, 2.0003, 1.9999, 0.9995, 3.9991, 9, 12, 8, 7, 6, 5, 5, 7, 4, 3, 4, 1, 8, 6, 3.0011, 4, 6, 2.0001, 3, 156],
      [5.0024, 4.9995, 17, 7, 5.9998, 10, 6, 6, 18, 16, 11, 6, 6, 14, 11, 15, 9, 6, 9, 15, 6, 3, 7, 9.9998, 3.0001, 10, 10, 9, 8, 9, 8, 5, 6, 10, 4, 1.082, 3.0003, 10, 6, 3.0009, 4, 2.0002, 0.9997, 5.0005, 12, 14, 13, 11, 11, 11, 12, 11, 5, 5.9987, 9, 3, 12, 10, 6.9982, 9, 14, 4.9998, 6, 253]
    ],
    [
      [0, 0, 0, 0, 1.7379e-14, 1.6405e-13, 0, 4.9539e-15, 1.639e-21, 0, 3.1219e-19, 0, 3.6218e-14, 0, 0, 0, 3.9054e-20, 0, 3.343e-18, 9.8474e-22, 0, 5.8542e-17, 0, 0, 0, 0, 0, 6.3362e-19, 0, 0, 0, 0, 0, 0, 6.7621e-15, 0, 0, 0, 0, 0, 0, 0, 1.4111e-11, 0, 0, 0, 0, 0, 0, 0, 4.7353e-20, 3.0166e-13, 2.1274e-15, 0, 0, 0, 0, 2.1547e-13, 0, 0, 1.4631e-16, 0, 0, 9.2651e-140],
      [0.0049, 0, 2.0501e-07, 1, 2, 2.4238e-08, 1.0001, 2, 3, 4.0387e-07, 3, 7.5834e-06, 0, 3.4719e-11, 1, 2.6049e-13, 2, 1, 2, 2, 1, 2, 1, 1, 1.0002, 1, 2, 2, 0, 1, 2, 1, 1, 2, 2, 0.9558, 5.6785e-06, 1, 1, 0.999, 0.0003, 1.9997, 0.0004, 0.9995, 4.6538e-10, 2, 1, 1, 2, 1, 2, 1, 1, 0.0013, 2, 1, 1, 1, 0.0006, 1, 1, 1, 1, 11],
      [2.9951, 2.9997, 4, 3, 1, 3, 2.9998, 3, 5, 6, 3, 4, 3, 5, 4, 11, 5, 3, 4, 9, 4, 1, 3, 2.9997, 1.9999, 4, 2, 2, 4, 11, 6, 3, 4, 10, 2, 0.956, 2, 3, 3, 1.9975, 2.9998, 0.9999, 1.9987, 1.9991, 5, 7, 4, 2, 3, 2, 1, 2, 2, 1.9987, 2, 2, 4, 2, 2.9997, 2, 2, 1.9999, 2, 43],
      [0.9976, 4.0009, 2, 2, 4.1805e-08, 1, 2.9998, 3, 5, 7, 2, 7.0001, 1, 5, 4, 13, 13, 5, 8, 10, 4, 1, 1, 0.0001, 0, 2, 3, 2, 9, 36, 26, 8, 27, 33, 3, 2.0876, 3.0006, 4, 2, 0.0023, 5.0001, 0.0003, 0.0005, 1.0005, 4, 3, 1, 1, 1, 2.2889e-06, 2.2449e-08, 1, 3.7215e-08, 5.7566e-07, 2, 1, 3, 3.0827e-08, 0.0019, 3.0645e-08, 2.5657e-08, 0.0001, 9.1065e-08, 49],
      [6.0024, 11.9994, 9, 7, 3.0001, 4, 5.0001, 8, 10, 12, 7, 9, 7, 9, 9, 18, 14, 9, 10, 12, 6, 4, 5, 4.0001, 4.0001, 6, 5, 6, 12, 18, 13, 12, 19.9999, 14, 8, 5.9671, 7.9987, 10, 6, 1.9997, 7.9998, 3.9997, 1.0009, 4.9991, 7, 11, 5, 4, 5.0001, 4, 2, 6, 5, 3.0025, 6, 2, 6, 3, 2.9991, 3, 2, 2.0002, 3, 122],
      [8, 12, 10, 10, 4.9999, 9, 10.0002, 11, 14, 13, 10, 13, 8, 12, 13, 19, 22, 16, 16, 14, 16, 8, 10, 5.0002, 6.9998, 10, 9, 9, 16, 20, 18, 17, 21.0001, 18, 13, 8.0335, 8.0006, 15, 8, 5.0015, 12.0001, 5.0003, 0.9995, 7.0018, 10, 13, 9, 6, 9.9999, 8, 6, 10, 7, 4.9975, 12, 7, 9, 6, 6.9987, 7, 5, 5.9998, 6, 197]
    ],
    [
      [0, 0, 0, 0, 5.2785e-08, 4.5126e-08, 0, 1.3267e-08, 1.2738e-13, 0, 1.5346e-15, 0, 2.9268e-08, 0, 0, 0, 1.9381e-06, 0, 1.7999e-12, 1.0144e-11, 0, 1.2685e-07, 0, 0, 0, 0, 0, 1.6984e-12, 0, 0, 0, 0, 0, 0, 8.2194e-12, 0, 0, 0, 0, 0, 0, 0, 0, 0, 0, 0, 0, 0, 0, 0, 2.2223e-08, 1.6568e-11, 3.2896e-10, 0, 0, 0, 0, 1.3777e-08, 0, 0, 1.5386e-11, 0, 0, 1],
      [5, 2.9998, 2, 3, 2, 1, 5, 2, 5, 2, 8, 1, 0, 2, 4, 1, 2, 4, 3, 2, 4, 3, 5, 4.0005, 5, 7, 9, 2, 0, 1, 1, 3, 2, 3, 5, 1.1285, 3, 3, 4, 4.0024, 2, 6.9996, 5.9976, 2.0005, 2, 6, 5, 7, 2, 2, 9, 4, 7, 2.9987, 6, 7, 4, 3, 1.0003, 8, 5, 8.9999, 8, 36],
      [6.0024, 5, 17, 9, 4.9999, 4, 4.0002, 6, 17, 15, 11, 4.0001, 5, 15, 10, 18, 6, 3, 6, 17, 5, 5, 6, 9.0003, 2, 7, 6, 6, 7, 12, 7, 5, 3, 10, 6, 2.0402, 4, 8, 3, 1.9996, 2.9998, 3, 2.0013, 3.9986, 9, 12, 8, 7, 8, 7, 7, 10, 6, 4.9987, 7, 3, 9, 8, 3.9987, 3, 8, 3.0001, 4, 158],
      [10.9854, 15.9999, 13, 15, 7.0001, 8, 8.0001, 15, 16, 20, 16, 21.9999, 13, 22, 15, 31, 20, 16, 19, 24, 16, 8, 12, 8.0001, 8, 13, 12, 14, 21, 51, 37, 23, 37, 41, 14, 10.0354, 12, 14, 12, 5.9942, 12.0006, 6.9994, 6.9989, 10.9986, 13, 13, 8, 8, 10, 7, 6, 7, 9, 4, 10, 5, 12, 6, 4.9983, 6, 5, 6.0002, 7, 189],
      [42.9976, 43, 51, 33, 23, 21, 16.9997, 30, 34, 41, 38, 24, 45, 41, 31, 39, 20, 26, 23, 25, 21, 22, 29, 29.0001, 25.0003, 31, 23, 32, 29, 24, 19, 34, 29, 18, 36, 24.8509, 36.0009, 31, 20.9999, 20.0056, 23.0004, 33.0013, 60.0037, 35.0032, 23, 35, 20, 27, 25, 26, 32, 36, 49, 26.9987, 28, 22, 24, 22, 13.0011, 21, 23, 16.9997, 26, 458],
      [59.0146, 42.0003, 57, 45, 41, 44, 28.9999, 39, 44, 43, 51, 32, 46, 52, 45, 41, 32, 44, 34, 29, 49, 43, 52, 36.9991, 38.9998, 45, 40, 46, 40, 27, 25, 46, 29, 22, 53, 34.9451, 35.9991, 46, 31, 38.9983, 32.9993, 43.9997, 45.9985, 45.9991, 33, 41, 34, 42, 46, 54, 67, 60, 66, 50.0038, 57, 58, 35, 38, 31.0015, 46, 52, 43.0001, 47, 740]
    ],
    [
      [0, 0, 0, 0, 6.0412e-09, 2.731e-09, 0, 5.1334e-11, 1.4063e-09, 0, 4.718e-14, 0, 7.8361e-07, 0, 0, 0, 8.7681e-09, 0, 1.571e-13, 5.6849e-15, 0, 1.1159e-08, 0, 0, 0, 0, 0, 1.1565e-07, 0, 0, 0, 0, 0, 0, 4.6113e-08, 0, 0, 0, 0, 0, 0, 0, 0.0005, 0, 0, 0, 0, 0, 0, 0, 1, 2.2268e-11, 9.4095e-10, 0, 0, 0, 0, 9.4634e-08, 0, 0, 3.3995e-09, 0, 0, 2],
      [6, 3.0003, 2, 4, 4.0001, 3, 7.0001, 3, 6, 2, 9, 2, 0, 2, 5, 1, 3, 7, 5, 2, 7, 6, 7, 5, 7.9998, 9, 16, 4, 0, 1, 1, 3, 2, 4, 7, 1.9166, 2.9997, 5, 7, 5.9965, 3, 9.0009, 4.0014, 3, 2, 8, 9, 9, 3, 4, 16, 7, 9, 5.9975, 12, 17, 6, 6, 3.9996, 16, 9, 17.0003, 16, 58],
      [7.9976, 4, 17, 10, 5.0001, 5, 6.9999, 7, 18, 14, 12, 5.9999, 6, 16, 12, 17, 8, 5, 8, 14, 8, 6, 7, 9.9999, 4.0001, 9, 10, 6, 8, 10, 6, 5, 4, 12, 7, 2.0023, 3.9997, 10, 5, 3.0011, 5, 2, 1.0002, 5.0018, 10, 15, 13, 8, 13, 11, 9, 12, 6, 7.9987, 10, 7, 12, 11, 8.9983, 7, 15, 5.9999, 8, 248],
      [13.0024, 15, 13, 14, 11.9998, 12, 11.0001, 17, 19, 17, 16, 23, 11, 21, 18, 26, 29, 23, 28, 19, 28, 11, 13, 7.9998, 7.9999, 13, 18, 20, 22, 43, 39, 25, 42.0001, 51, 18, 15.9146, 9.9997, 18, 12, 6.0026, 16.999, 8.0004, 2.9994, 9.9991, 13, 14, 10, 11, 13.0001, 11, 11, 10, 9, 7.9975, 17, 10, 14, 7, 10.9989, 9, 6, 9.9995, 9, 295],
      [58.0024, 42.9991, 58, 42, 38.9998, 36, 27.9999, 40, 41, 38, 48, 32, 52, 45, 38, 38, 33, 43, 38, 24, 37, 43, 42, 36.9993, 36.9999, 38, 42, 49, 33, 23, 22, 41, 34, 24, 53, 40.2346, 37.0007, 45, 35.0001, 34.9965, 37.9997, 42.999, 42.9986, 44.0018, 31, 44, 34, 38, 43.9998, 50, 61, 57, 61, 51.9962, 53, 50, 33, 40, 37.9995, 44, 45, 35, 52, 725],
      [76.9976, 42.0006, 63, 55, 66.0001, 72, 45.0001, 51, 52, 42, 60, 40, 50, 54, 55, 38, 48, 72, 55, 25, 84, 76, 71, 44.001, 57.0003, 54, 69, 67, 44, 23, 28, 52, 34, 28, 76, 55.9319, 36.0003, 66, 45.9999, 63.0033, 51.0013, 54.9997, 31, 55.9973, 38, 50, 55, 57, 74.0001, 102, 123, 93, 80, 95.0101, 103, 134, 46, 64, 86.0037, 92, 98, 85.0003, 89, 1168]
    ],
    [
      [0, 0, 0, 0, 9.1735e-12, 1.2625e-09, 0, 9.5711e-12, 1.4897e-12, 0, 2.0685e-12, 0, 1.4214e-13, 0, 0, 0, 1.0212e-15, 0, 6.25e-13, 5.9414e-16, 0, 8.9793e-13, 0, 0, 0, 0, 0, 5.0083e-14, 0, 0, 0, 0, 0, 0, 2.4713e-11, 0, 0, 0, 0, 0, 0, 0, 2.2402e-06, 0, 0, 0, 0, 0, 0, 0, 4.3639e-11, 3.655e-14, 1.1431e-13, 0, 0, 0, 0, 1.4008e-12, 0, 0, 3.8338e-13, 0, 0, 4.0295e-60],
      [2, 2, 1.0174e-07, 2, 1.9999, 1, 4, 4.5475e-10, 2, 1, 5, 0, 0, 1, 1, 1.5075e-09, 1, 2, 2, 1, 1, 2, 3, 1.9998, 1.0001, 6, 6, 1, 0, 4.5096e-09, 1.184e-07, 1, 1, 1, 2, 0.0443, 0.9997, 1, 3, 1.0039, 0.0001, 2, 2.0001, 0.0005, 1, 2, 3, 3, 1, 1, 4, 2, 2, 1.0025, 5, 6, 2, 2, 0.0007, 6, 3, 4.9998, 4, 19],
      [3.0049, 3, 6, 5, 2, 1, 4.0001, 2, 7, 7, 6, 2, 2, 9, 4, 9, 4, 1, 4, 9, 1, 2, 4, 5.0001, 1, 6, 4, 2, 3, 5, 3, 2, 1, 4, 2, 0.001, 1.0003, 3, 2, 1.0019, 1.0004, 0, 0.9995, 1.0005, 5, 5, 5, 3, 5, 3, 2, 3, 2, 2.0038, 4, 2, 5, 4, 1.0015, 3, 5, 1.0002, 2, 84],
      [5.0146, 8.9991, 5, 7, 4, 3, 5.9999, 4, 7, 9, 8, 8, 4, 12, 6, 14, 13, 6, 13, 12, 5, 4, 6, 3.9998, 1, 8, 7, 7, 10, 20, 21, 9, 18, 17, 7, 3.9592, 2.9997, 5, 5, 1.0005, 4.0004, 1.9998, 2.0006, 2.0009, 7, 4, 4, 4, 5, 2, 2, 2, 2, 1.0013, 7, 3, 5, 2, 1.0007, 3, 2, 3.0001, 2, 100],
      [23.9951, 26.0014, 22, 19, 16.9999, 11, 14.0004, 10, 16, 19, 24, 11, 20, 26, 15, 18, 16, 10, 18, 14, 9, 15, 21, 18.0005, 8.9999, 23, 18, 18, 14, 10, 11, 14, 14, 8, 22, 11.988, 12.0006, 13, 14, 8.9979, 9.9998, 11.0001, 20.9974, 12.9968, 14, 15, 13, 15, 15, 13, 19, 16, 19, 14.0025, 24, 16, 12, 13, 5.9992, 16, 15, 11, 14, 245],
      [34.9854, 25.9996, 26, 27, 34.0002, 25, 25.9997, 16, 22, 22, 34, 17, 23, 34, 22, 22, 25, 20, 30, 19, 19, 34, 39, 25.9998, 16, 37, 32, 29, 22, 14, 17, 20, 16.9999, 12, 32, 18.0075, 13.9997, 21, 24, 19.9959, 14.9993, 18.0001, 18.0023, 17.0014, 23, 20, 23, 24, 30.0001, 29, 37, 30, 27, 27.9899, 49, 47, 21, 24, 16.9979, 38, 36, 30, 25, 398]
    ]
  ],
  "V_est": [
    [24.9995, 160.9464, 145.0031, 229.0074, 504.9614, 775.0822],
    [1.486e-11, 77.9618, 258.9434, 334.0924, 570.969, 857.0335],
    [1, 277.1278, 596.0399, 1069.011, 2286.8631, 3437.9582],
    [3.0005, 431.9128, 785.9996, 1313.9127, 3316.227, 5060.9474],
    [2.2416e-06, 138.0513, 291.014, 487.9765, 1213.9795, 1991.9787]
  ],
  "p_est": [
    [0.0136, 0.0875, 0.0788, 0.1245, 0.2744, 0.4212],
    [1.3302e-10, 0.0371, 0.1234, 0.1592, 0.272, 0.4083],
    [0.0001, 0.0361, 0.0777, 0.1394, 0.2982, 0.4484],
    [0.0003, 0.0396, 0.072, 0.1204, 0.3039, 0.4638],
    [2.808e-07, 0.0335, 0.0706, 0.1184, 0.2944, 0.4831]
  ],
  "EI_Z": {},
  "EI_V": 47.3165,
  "MAE_Z": {},
  "MAE_V": 840.4035,
  "MAE_p": 0.1718,
  "runtime": 0.5499
}
