{
  "X": [
    [53, 23, 24],
    [57, 23, 20],
    [54, 17, 29],
    [62, 20, 18],
    [63, 22, 15],
    [51, 20, 29],
    [55, 22, 23],
    [59, 16, 25],
    [60, 16, 24],
    [60, 19, 21],
    [66, 17, 17],
    [60, 21, 19],
    [47, 35, 18],
    [41, 44, 15],
    [29, 56, 15],
    [35, 49, 16],
    [39, 46, 15],
    [45, 42, 13],
    [35, 51, 14],
    [36, 52, 12],
    [39, 47, 14],
    [39, 45, 16],
    [41, 48, 11],
    [31, 49, 20],
    [30, 49, 21],
    [19, 60, 21],
    [15, 56, 29],
    [26, 56, 18],
    [18, 60, 22],
    [16, 61, 23],
    [16, 56, 28],
    [19, 53, 28],
    [17, 55, 28],
    [24, 50, 26],
    [19, 54, 27],
    [16, 59, 25],
    [20, 61, 19],
    [22, 43, 35],
    [31, 22, 47],
    [22, 32, 46],
    [24, 28, 48],
    [20, 39, 41],
    [21, 25, 54],
    [20, 28, 52],
    [23, 27, 50],
    [23, 27, 50],
    [30, 31, 39],
    [25, 30, 45],
    [20, 33, 47],
    [20, 31, 49]
  ],
  "W": [
    [60, 16, 13, 11],
    [60, 13, 12, 15],
    [69, 14, 6, 11],
    [63, 11, 10, 16],
    [67, 13, 8, 12],
    [65, 7, 14, 14],
    [61, 11, 12, 16],
    [63, 9, 9, 19],
    [70, 13, 12, 5],
    [63, 17, 14, 6],
    [61, 11, 11, 17],
    [59, 24, 4, 13],
    [38, 36, 12, 14],
    [14, 60, 14, 12],
    [8, 59, 22, 11],
    [16, 61, 9, 14],
    [12, 63, 11, 14],
    [16, 56, 7, 21],
    [10, 60, 15, 15],
    [13, 58, 14, 15],
    [7, 72, 10, 11],
    [13, 72, 7, 8],
    [13, 63, 12, 12],
    [9, 62, 12, 17],
    [10, 59, 16, 15],
    [18, 11, 55, 16],
    [12, 15, 57, 16],
    [10, 10, 72, 8],
    [7, 14, 68, 11],
    [12, 8, 71, 9],
    [11, 11, 65, 13],
    [12, 18, 52, 18],
    [8, 11, 72, 9],
    [12, 9, 69, 10],
    [14, 15, 61, 10],
    [8, 11, 67, 14],
    [10, 11, 70, 9],
    [14, 12, 33, 41],
    [20, 10, 10, 60],
    [13, 10, 14, 63],
    [11, 16, 11, 62],
    [7, 19, 16, 58],
    [14, 11, 12, 63],
    [9, 12, 16, 63],
    [16, 6, 19, 59],
    [13, 8, 13, 66],
    [21, 15, 9, 55],
    [17, 17, 11, 55],
    [8, 15, 12, 65],
    [13, 15, 9, 63]
  ],
  "method": "mvn_pdf",
  "cond_prob": [
    [
      [0.75941180769, 0.033704959148, 0.20688323316],
      [0.35596653115, 0.60408379715, 0.039949671701],
      [0.060175091781, 0.70958469862, 0.2302402096],
      [0.087050077018, 0.18979641951, 0.72315350347]
    ],
    [
      [0.82570857115, 0.034854688332, 0.13943674051],
      [0.3709770116, 0.60305762089, 0.025965367509],
      [0.067836863361, 0.7708734221, 0.16128971454],
      [0.12138281464, 0.25456590422, 0.62405128114]
    ],
    [
      [0.70137223794, 0.037088819304, 0.26153894276],
      [0.32660676119, 0.62317923037, 0.050214008441],
      [0.051451390447, 0.6674698491, 0.28107876045],
      [0.065828416629, 0.15559483166, 0.77857675171]
    ],
    [
      [0.86079918947, 0.031785846258, 0.10741496427],
      [0.41614318635, 0.56209502572, 0.021761787936],
      [0.08154185031, 0.76840951929, 0.1500486304],
      [0.14854109442, 0.25814695062, 0.59331195496]
    ],
    [
      [0.84684057941, 0.042461149906, 0.11069827069],
      [0.32558720419, 0.65688783353, 0.017524962282],
      [0.059276215238, 0.82803974106, 0.1126840437],
      [0.12956981694, 0.33260359933, 0.53782658373]
    ],
    [
      [0.72487933321, 0.040565498965, 0.23455516782],
      [0.30846121624, 0.64978577938, 0.041753004381],
      [0.049963960401, 0.72060359117, 0.22943244843],
      [0.073151384426, 0.19473513108, 0.73211348449]
    ],
    [
      [0.79871753245, 0.036394507065, 0.16488796049],
      [0.35076687349, 0.61928838883, 0.029944737675],
      [0.061439368088, 0.76100885557, 0.17755177635],
      [0.10515765595, 0.23972853282, 0.65511381124]
    ],
    [
      [0.8228542503, 0.025348262779, 0.15179748692],
      [0.44905938702, 0.51688075856, 0.034059854422],
      [0.085578009498, 0.6932012087, 0.22122078181],
      [0.12360240329, 0.18485903893, 0.69153855778]
    ],
    [
      [0.75553001127, 0.022977937446, 0.22149205128],
      [0.44310962845, 0.50321599756, 0.053674373987],
      [0.076838947434, 0.60224762935, 0.32091342322],
      [0.086081334417, 0.12455297166, 0.78936569393]
    ],
    [
      [0.79430200932, 0.020369485793, 0.18532850489],
      [0.47525484758, 0.47922762655, 0.04551752587],
      [0.088439497418, 0.62393458183, 0.28762592075],
      [0.10691467333, 0.13912809968, 0.75395722699]
    ],
    [
      [0.90292851304, 0.02097460136, 0.076096885601],
      [0.55376478718, 0.42577301211, 0.020462200705],
      [0.12890700845, 0.69403288164, 0.17706010991],
      [0.20070417369, 0.20015791093, 0.59913791539]
    ],
    [
      [0.81988176481, 0.030226252059, 0.14989198313],
      [0.40662922466, 0.56247692945, 0.030893845891],
      [0.076139710716, 0.73138549741, 0.19247479188],
      [0.12025504935, 0.21474329478, 0.66500165587]
    ],
    [
      [0.81640505145, 0.032909716644, 0.15068523191],
      [0.37608133979, 0.5940527219, 0.029865938312],
      [0.068783316604, 0.75393321448, 0.17728346892],
      [0.11516285809, 0.23688101468, 0.64795612723]
    ],
    [
      [0.83284087645, 0.025883142577, 0.14127598098],
      [0.44344060253, 0.52312236631, 0.033437031163],
      [0.086346060228, 0.70605542066, 0.20759851911],
      [0.12707889457, 0.19712651135, 0.67579459408]
    ],
    [
      [0.78722552441, 0.037433540407, 0.17534093518],
      [0.34435848438, 0.6214063746, 0.034235141013],
      [0.060113573834, 0.7504566591, 0.18942976707],
      [0.096595145614, 0.22977355227, 0.67363130212]
    ],
    [
      [0.7840693867, 0.038229621744, 0.17770099155],
      [0.33758363052, 0.62864200037, 0.033774369106],
      [0.058748387616, 0.75468706757, 0.18656454481],
      [0.09525377588, 0.23207003009, 0.67267619403]
    ],
    [
      [0.83041979344, 0.028743255175, 0.14083695139],
      [0.41924236568, 0.54990785698, 0.030849777343],
      [0.080178543098, 0.72797543722, 0.19184601968],
      [0.12433781907, 0.21451115278, 0.66115102816]
    ],
    [
      [0.89833754187, 0.029094203296, 0.072568254835],
      [0.46075573848, 0.53188105451, 0.0073632070008],
      [0.099003881125, 0.78544122316, 0.11555489571],
      [0.19672622891, 0.29766976821, 0.50560400289]
    ],
    [
      [0.84300058505, 0.033477499035, 0.12352191591],
      [0.39106417196, 0.58595378967, 0.022982038367],
      [0.07454802273, 0.77216651083, 0.15328546644],
      [0.13252823271, 0.2616999978, 0.60577176949]
    ],
    [
      [0.85837429666, 0.037649065775, 0.10397663757],
      [0.3737254915, 0.6125458409, 0.013728667603],
      [0.071591773925, 0.80792379245, 0.12048443363],
      [0.14418472012, 0.31146468522, 0.54435059466]
    ],
    [
      [0.81126960165, 0.026159176112, 0.16257122224],
      [0.43442190764, 0.52764144195, 0.037936650402],
      [0.081712934849, 0.68654147969, 0.23174558546],
      [0.11141873542, 0.17829883177, 0.7102824328]
    ],
    [
      [0.71155123234, 0.026469419346, 0.26197934831],
      [0.39930184996, 0.54755368437, 0.053144465669],
      [0.064072113378, 0.60554579384, 0.33038209278],
      [0.068949498574, 0.12415146464, 0.80689903679]
    ],
    [
      [0.86819305811, 0.030477022068, 0.10132991982],
      [0.42553366382, 0.55699192635, 0.017474409829],
      [0.085619116065, 0.7735210311, 0.14085985283],
      [0.15645333591, 0.26925458166, 0.57429208242]
    ],
    [
      [0.75084142569, 0.033521871864, 0.21563670244],
      [0.35690557824, 0.60079238222, 0.042302039539],
      [0.060072998507, 0.69749548886, 0.24243151263],
      [0.081965019755, 0.1811311523, 0.73690382794]
    ],
    [
      [0.72309175751, 0.032965653869, 0.24394258862],
      [0.35194977416, 0.60129460141, 0.046755624438],
      [0.057260984275, 0.67218810231, 0.27055091342],
      [0.072524666751, 0.16259682276, 0.76487851049]
    ],
    [
      [0.74869556407, 0.062210752778, 0.18909368315],
      [0.23480901726, 0.7399618628, 0.02522911994],
      [0.031528820164, 0.83001687465, 0.13845430518],
      [0.075405971734, 0.31810611584, 0.60648791243]
    ],
    [
      [0.68222133145, 0.046945717211, 0.27083295134],
      [0.26433809315, 0.69098512186, 0.044676784984],
      [0.033774331018, 0.7332731527, 0.23295251628],
      [0.057695984826, 0.20470655384, 0.73759746133]
    ],
    [
      [0.90987463472, 0.017820101932, 0.072305263349],
      [0.59005475125, 0.38983367553, 0.020111573222],
      [0.12778359876, 0.69862790785, 0.17358849339],
      [0.22503587874, 0.20278160752, 0.57218251374]
    ],
    [
      [0.82447756514, 0.029502716007, 0.14601971885],
      [0.40521318152, 0.56418887512, 0.03059794336],
      [0.077238260543, 0.72766057308, 0.19510116638],
      [0.11849734416, 0.21944706973, 0.66205558611]
    ],
    [
      [0.76079999341, 0.040503812822, 0.19869619376],
      [0.31260539882, 0.65254437264, 0.034850228538],
      [0.050983155658, 0.74957794512, 0.19943889922],
      [0.083305870753, 0.23039612905, 0.68629800019]
    ],
    [
      [0.73357030567, 0.036963234009, 0.22946646032],
      [0.32466499789, 0.63250584238, 0.042829159737],
      [0.052175186968, 0.70978648629, 0.23803832674],
      [0.074463423692, 0.19228604239, 0.73325053392]
    ],
    [
      [0.74536123083, 0.037435356401, 0.21720341277],
      [0.32617127106, 0.63353443599, 0.040294292945],
      [0.053163315936, 0.72126217416, 0.22557450991],
      [0.078893884567, 0.20230682328, 0.71879929215]
    ],
    [
      [0.77472863925, 0.026384318064, 0.19888704269],
      [0.41470238914, 0.54104291097, 0.044254699892],
      [0.075169863498, 0.65826256667, 0.26656756983],
      [0.092023825958, 0.1602831816, 0.74769299244]
    ],
    [
      [0.85480191907, 0.018244024619, 0.12695405631],
      [0.53783204078, 0.42834242219, 0.033825537033],
      [0.10770564982, 0.64258161887, 0.24971273131],
      [0.14701987662, 0.1587858203, 0.69419430308]
    ],
    [
      [0.72199672439, 0.035895970761, 0.24210730485],
      [0.32941885837, 0.62470063294, 0.045880508686],
      [0.05307674662, 0.69406665471, 0.25285659867],
      [0.071308143915, 0.17888809782, 0.74980375827]
    ],
    [
      [0.79089874212, 0.03398387119, 0.17511738669],
      [0.36048261525, 0.60552482157, 0.033992563177],
      [0.064669461909, 0.73156457257, 0.20376596552],
      [0.098189096241, 0.21803783078, 0.68377307298]
    ],
    [
      [0.84719938311, 0.029223189693, 0.12357742719],
      [0.41605482071, 0.55831930132, 0.025625877973],
      [0.08194251854, 0.7484676042, 0.16958987726],
      [0.13504742703, 0.24150261051, 0.62344996246]
    ],
    [
      [0.8048836423, 0.03612007514, 0.15899628256],
      [0.35189545645, 0.61896773384, 0.029136809708],
      [0.063539454002, 0.76006699597, 0.17639355002],
      [0.10761174508, 0.243524275, 0.64886397992]
    ],
    [
      [0.84190171155, 0.02064803506, 0.13745025339],
      [0.49764634484, 0.46833525934, 0.034018395823],
      [0.10010407309, 0.66450624721, 0.2353896797],
      [0.13640769316, 0.17097707056, 0.69261523628]
    ],
    [
      [0.80747088001, 0.034800559539, 0.15772856046],
      [0.36343452175, 0.60698983466, 0.029575643588],
      [0.065030589691, 0.75320076111, 0.1817686492],
      [0.11044611249, 0.23702990038, 0.65252398713]
    ],
    [
      [0.81392369316, 0.026218402514, 0.15985790433],
      [0.43280870019, 0.53222664465, 0.034964655159],
      [0.080710320139, 0.69224136699, 0.22704831287],
      [0.11667881695, 0.18679542292, 0.69652576013]
    ],
    [
      [0.81204253448, 0.036880693099, 0.15107677242],
      [0.35344996169, 0.61943979859, 0.027110239719],
      [0.063701740745, 0.76869560549, 0.16760265376],
      [0.11346422646, 0.25298878082, 0.63354699273]
    ],
    [
      [0.7542502295, 0.028894198089, 0.21685557242],
      [0.38488017348, 0.56906141393, 0.046058412585],
      [0.064982254988, 0.66782726246, 0.26719048255],
      [0.086143298712, 0.16383934165, 0.75001735964]
    ],
    [
      [0.79070907255, 0.025931977997, 0.18335894945],
      [0.4235263816, 0.53574536765, 0.040728250751],
      [0.076415526123, 0.67082415061, 0.25276032326],
      [0.10442306905, 0.16832510121, 0.72725182974]
    ],
    [
      [0.7966625277, 0.026401643537, 0.17693582876],
      [0.42047208629, 0.54042568682, 0.03910222689],
      [0.076240231886, 0.68116547742, 0.2425942907],
      [0.1064746209, 0.1761504324, 0.7173749467]
    ],
    [
      [0.81985630634, 0.027211387646, 0.15293230601],
      [0.42574257866, 0.54114168116, 0.033115740176],
      [0.079491222251, 0.70676605066, 0.21374272709],
      [0.11973547726, 0.19892666443, 0.68133785831]
    ],
    [
      [0.82422281726, 0.035172578395, 0.14060460435],
      [0.36485282672, 0.6092727252, 0.025874448078],
      [0.066498509655, 0.77157763008, 0.16192386026],
      [0.12036439727, 0.25778338736, 0.62185221537]
    ],
    [
      [0.77314102563, 0.034303923585, 0.19255505079],
      [0.35847736477, 0.60481049637, 0.03671213886],
      [0.061498393465, 0.7199102406, 0.21859136594],
      [0.092472818819, 0.20392804026, 0.70359914092]
    ],
    [
      [0.8059188611, 0.033697542184, 0.16038359671],
      [0.37183489025, 0.59776133475, 0.030403775002],
      [0.066703253034, 0.74382929567, 0.18946745129],
      [0.11037979571, 0.22827766297, 0.66134254132]
    ],
    [
      [0.75089936612, 0.040666346409, 0.20843428747],
      [0.31376425535, 0.6499709077, 0.036264836954],
      [0.051578766211, 0.74296865793, 0.20545257586],
      [0.080438658959, 0.22277866603, 0.69678267501]
    ]
  ],
  "expected_outcome": [
    [
      [45.5647084613, 49.5425142692, 48.3946844177, 54.2303489364, 56.7383188203, 47.1171566588, 48.7217694793, 51.8398177688, 52.8871007889, 50.0410265872, 55.0786392954, 48.3730241237, 31.0233919551, 11.6597722703, 6.2978041953, 12.5451101873, 9.9650375213, 14.3734006699, 8.4300058505, 11.1588658566, 5.6788872115, 9.2501660205, 11.2865097554, 6.7575728312, 7.2309175751, 13.4765201533, 8.1866559774, 9.0987463472, 5.771342956, 9.129599921, 8.0692733623, 8.94433477, 6.197829114, 10.2576230288, 10.1079541414, 6.3271899369, 8.4719938311, 11.2683709921, 16.8380342311, 10.4971214401, 8.9531606248, 5.6842977414, 10.5595032129, 7.1163816529, 12.7466004432, 10.6581319825, 17.3086791624, 13.1433974357, 6.4473508888, 9.7616917595],
      [2.0222975489, 2.0912812999, 2.5591285319, 2.0025083143, 2.8448970437, 2.6367574328, 2.220064931, 1.5969405551, 1.6084556212, 1.283277605, 1.279450683, 1.7833488715, 1.2505692325, 0.36236399608, 0.29946832326, 0.61167394791, 0.3449190621, 0.46550725273, 0.33477499035, 0.48943785508, 0.18311423278, 0.34410245149, 0.39620128688, 0.30169684678, 0.32965653869, 1.11979355, 0.56334860654, 0.17820101932, 0.20651901205, 0.48604575386, 0.4065955741, 0.44922427681, 0.21107454451, 0.21892829543, 0.50254359065, 0.27187096952, 0.29223189693, 0.50568105197, 0.4129607012, 0.452407274, 0.28840242765, 0.25816485169, 0.40451877325, 0.23338780198, 0.4224262966, 0.3537480394, 0.73862414629, 0.58316670094, 0.26958033747, 0.52866250331],
      [12.4129939899, 8.3662044309, 18.0461870503, 6.7671427493, 7.416784136, 15.2460859085, 10.0581655897, 9.5632416762, 15.5044435899, 11.6756958078, 4.6419100217, 8.8436270049, 5.7260388125, 1.9778637337, 1.4027274814, 2.8432158648, 1.6900434166, 1.1610920774, 1.2352191591, 1.3516962884, 1.1379985557, 3.405731528, 1.3172889577, 1.940730322, 2.4394258862, 3.4036862967, 3.249995416, 0.72305263349, 1.022138032, 2.3843543252, 2.5241310636, 2.6064409532, 1.5910963415, 1.5234486757, 3.3895022679, 1.4009390935, 1.2357742719, 2.2259479559, 2.7490050677, 2.0504712859, 1.7584369476, 1.0575374069, 3.0359780138, 1.6502305451, 2.8309732602, 1.9881199782, 2.9526966913, 3.2734358634, 1.2830687737, 2.7096457372]
    ],
    [
      [5.6954644984, 4.8227011508, 4.5724946567, 4.5775750498, 4.2326336545, 2.1592285137, 3.8584356084, 4.0415344832, 5.7604251698, 8.0793324089, 6.091412659, 9.7591013918, 13.5389282324, 26.6064361517, 20.3171505786, 20.5926014619, 26.4122690377, 25.8023213552, 23.4638503178, 21.6760785067, 31.2783773503, 28.7497331973, 26.8086208208, 22.1281458508, 20.7650366752, 2.5828991899, 3.9650713973, 5.9005475125, 5.6729845413, 2.5008431905, 3.5713149768, 5.8710828791, 4.5617262805, 4.840488367, 4.9412828756, 3.9653087678, 4.5766030278, 4.2227454774, 4.9764634484, 3.6343452175, 6.9249392031, 6.7155492722, 4.2336819083, 5.0823165792, 2.5228325177, 3.4059406293, 5.4727924008, 6.0941152012, 5.5775233537, 4.7064638302],
      [9.6653407544, 7.8397490716, 8.7245092252, 6.1830452829, 8.5395418358, 4.5485004557, 6.8121722772, 4.651926827, 6.5418079683, 8.1468696513, 4.6835031332, 13.4994463068, 21.3858979883, 31.3873419785, 36.6629761016, 38.3471620227, 34.6441949896, 29.7853390528, 35.1572273801, 35.5276587723, 37.9901838208, 39.4238652745, 35.0904913599, 37.2491276978, 35.4763814829, 8.1395804908, 10.3647768279, 3.8983367553, 7.8986442517, 5.2203549811, 6.9575642661, 11.4036198478, 5.9514720207, 3.8550817997, 9.3705094941, 6.6607730373, 6.1415123145, 7.4276128061, 4.6833525934, 6.0698983466, 8.5156263144, 11.7693561732, 6.2596755532, 6.4289444118, 3.2425541209, 4.3291334493, 9.139090878, 10.2817784382, 8.9664200213, 9.7495636155],
      [0.63919474722, 0.33754977761, 0.70299611818, 0.2393796673, 0.22782450967, 0.29227103067, 0.32939211443, 0.3065386898, 0.69776686183, 0.77379793979, 0.22508420775, 0.74145230137, 1.0751737792, 2.0062218698, 2.0198733198, 2.0602365155, 1.9435359726, 0.41233959204, 1.378922302, 0.79626272096, 2.7314388289, 3.8264015282, 1.1008878192, 2.6227264514, 2.7585818419, 0.27752031933, 0.67015177475, 0.20111573222, 0.42837120704, 0.2788018283, 0.47112075711, 0.72529727302, 0.48680169881, 0.3044298333, 0.6882076303, 0.37391819495, 0.2818846577, 0.34964171649, 0.34018395823, 0.29575643588, 0.55943448254, 0.51509455467, 0.50664253844, 0.48873900901, 0.23461336134, 0.26492592141, 0.38811672118, 0.62410636062, 0.45605662503, 0.54397255431]
    ],
    [
      [0.78227619316, 0.81404236033, 0.30870834268, 0.8154185031, 0.47420972191, 0.69949544561, 0.73727241706, 0.77020208548, 0.92206736921, 1.2381529639, 1.417977093, 0.30455884286, 0.82539979925, 1.2088448432, 1.3224986243, 0.52873548855, 0.88196397408, 0.69302716787, 1.1182203409, 1.002284835, 0.81712934849, 0.44850479365, 1.0274293928, 0.72087598208, 0.91617574841, 1.734085109, 1.925136868, 9.2004191104, 5.252201717, 3.6198040517, 3.3913871529, 2.7644924287, 5.4122301719, 7.4316898379, 3.2376815438, 4.3328539479, 5.7359762978, 2.0968019821, 1.0010407309, 0.91042825568, 0.88781352153, 1.0192278519, 0.77978705986, 1.222648418, 1.4485644058, 1.0333858893, 0.5984865869, 0.67648232812, 0.8004390364, 0.4642088959],
      [9.2246010821, 9.2504810652, 4.0048190946, 7.6840951929, 6.6243179285, 10.0884502764, 9.1321062668, 6.2388108783, 7.2269715521, 8.7350841457, 7.6343616981, 2.9255419896, 9.0471985737, 9.8847758893, 16.5100465002, 6.7921836081, 8.0077298094, 5.4980885621, 11.5824976625, 11.3109330942, 6.8654147969, 4.2388205569, 9.2822523732, 8.3699458663, 10.7550096369, 45.6509281058, 41.7965697041, 50.3012093652, 49.4809189692, 53.2200341035, 46.1361216088, 37.5056330563, 47.3949048004, 44.3381317019, 42.3380659371, 49.0148263623, 52.392732294, 25.0822108671, 6.6450624721, 10.5448106556, 7.6146550369, 12.2991296878, 8.0139271495, 10.7331864098, 12.942144071, 9.1879586586, 6.9441986707, 7.9190126466, 8.9259515481, 6.6867179214],
      [2.9931227248, 1.9354765745, 1.6864725627, 1.500486304, 0.90147234957, 3.212054278, 2.1306213161, 1.9909870363, 3.8509610786, 4.0267628905, 1.947661209, 0.76989916751, 2.127401627, 2.9063792675, 4.1674548755, 1.6790809033, 2.1103062165, 0.80888426999, 2.2992819966, 1.6867820708, 2.3174558546, 2.3126746494, 1.690318234, 2.9091781516, 4.3288146147, 7.6149867852, 13.2782934279, 12.4983715244, 13.2668793138, 14.1601618448, 15.4724912383, 11.7298745151, 19.1928650277, 17.2301784602, 15.4242525191, 13.6523196898, 11.8712914082, 5.8209871508, 2.353896797, 2.5447610888, 2.4975314416, 2.6816424602, 3.2062857906, 4.0441651722, 4.6092915232, 2.7786554521, 1.4573147424, 2.4045050253, 2.2736094155, 1.8490731827]
    ],
    [
      [0.9575508472, 1.8207422196, 0.72411258291, 2.3766575107, 1.5548378033, 1.024119382, 1.6825224952, 2.3484456625, 0.43040667208, 0.64148804001, 3.4119709527, 1.5633156416, 1.6122800133, 1.5249467349, 1.0625466017, 1.3335528623, 1.7407294669, 4.1312508071, 1.9879234907, 2.1627708017, 1.2256060896, 0.5515959886, 1.877440031, 1.3934053358, 1.0878700013, 1.2064955477, 0.92313575722, 1.8002870299, 1.3034707858, 0.74975283677, 0.968024508, 1.4200899222, 0.82821443362, 1.4701987662, 0.71308143915, 1.3746473474, 1.2154268432, 4.4120815484, 8.1844615896, 6.9581050868, 7.2340866506, 6.5809251345, 5.4270278189, 6.5786533499, 6.2820026332, 7.902541499, 6.6200418499, 5.086005035, 7.1746867211, 5.0676355144],
      [2.0877606146, 3.8184885633, 1.7115431483, 4.1303512099, 3.991243192, 2.7262918352, 3.8356565251, 3.5123217397, 0.62276485829, 0.83476859806, 3.4026844857, 2.7916628321, 3.3163342055, 2.3655181361, 2.5275090749, 3.2489804213, 3.0031561389, 6.2510651323, 3.925499967, 4.6719702784, 1.9612871495, 0.99321171708, 3.23105498, 3.0792295891, 2.4389523414, 5.0896978534, 3.2753048615, 1.6222528602, 2.4139177671, 2.0735651615, 2.499718551, 3.6415228191, 1.4425486344, 1.587858203, 1.7888809782, 3.0525296309, 2.1735234946, 9.9844952748, 10.2586242333, 14.9328837238, 11.5813162211, 14.6733492873, 10.321878524, 10.6044813765, 10.3928755115, 13.1291598527, 14.178086305, 11.2160422143, 14.8380480932, 14.0350559598],
      [7.9546885382, 9.3607692171, 8.5643442688, 9.4929912794, 6.4539190047, 10.2495887829, 10.4818209798, 13.1392325978, 3.9468284696, 4.5237433619, 10.1853445616, 8.6450215263, 9.0713857813, 8.109535129, 7.4099443233, 9.4174667164, 9.2561143942, 10.6176840606, 9.0865765423, 8.1652589199, 7.8131067608, 6.4551922943, 6.8915049891, 12.5273650751, 11.4731776573, 9.7038065988, 11.8015593813, 4.5774601099, 7.2826114472, 6.1766820017, 9.532256941, 12.9383872587, 6.7292369319, 6.9419430308, 7.4980375827, 9.5728230217, 5.6110496622, 26.6034231768, 41.556914177, 41.1090111894, 43.1845971283, 36.7457255782, 47.2510936572, 45.8168652737, 42.3251218553, 44.9682986483, 34.2018718451, 38.6979527507, 42.9872651858, 43.8973085258]
    ]
  ],
  "prob": [
    [0.79936666929, 0.03200000196, 0.16863332875],
    [0.39064780066, 0.57655159482, 0.032800604522],
    [0.070218195901, 0.72001886392, 0.20976294018],
    [0.11016733415, 0.2122295393, 0.67760312655]
  ],
  "iterations": 21,
  "logLik": 268.3356623086,
  "time": 0.001557,
  "message": "Converged",
  "status": 0,
  "miniter": 0,
  "maxiter": 1000,
  "maxtime": 3600,
  "param_threshold": 0.001,
  "ll_threshold": "-Inf",
  "initial_prob": "group_proportional",
  "adjust_prob_cond_method": "project_lp",
  "adjust_prob_cond_every": false
}
