{
  "Z_true": {},
  "V_true": [
    [19, 584, 19, 866, 34],
    [469, 647, 5519, 751, 383],
    [281, 3242, 102, 15050, 507],
    [457, 244, 870, 715, 546]
  ],
  "p_true": [
    [0.0125, 0.3837, 0.0125, 0.569, 0.0223],
    [0.0604, 0.0833, 0.7104, 0.0967, 0.0493],
    [0.0146, 0.169, 0.0053, 0.7846, 0.0264],
    [0.1614, 0.0862, 0.3072, 0.2525, 0.1928]
  ],
  "Z_est": {},
  "V_est": [
    [0, 0, 0, 1522, 0],
    [420.9026, 303.5696, 6510, 0, 534.5278],
    [0, 4221.2433, 0, 14919.8111, 40.9456],
    [805.0974, 192.1871, 0, 940.1889, 894.5266]
  ],
  "p_est": [
    [0, 0, 0, 1, 0],
    [0.0542, 0.0391, 0.8379, 0, 0.0688],
    [0, 0.2201, 0, 0.7778, 0.0021],
    [0.2843, 0.0679, 0, 0.332, 0.3159]
  ],
  "EI_Z": {},
  "EI_V": 11.8179,
  "MAE_Z": {},
  "MAE_V": 369.9584,
  "MAE_p": 0.0955,
  "runtime": 0.0153
}
