{
  "Z_true": {},
  "V_true": [
    [32, 77, 547, 727, 104],
    [657, 50, 59, 1200, 52],
    [120, 101, 88, 12127, 127],
    [39, 176, 4190, 2079, 120],
    [70, 179, 791, 2299, 267],
    [8, 791, 175, 1314, 70],
    [78, 85, 125, 1159, 255]
  ],
  "p_true": [
    [0.0215, 0.0518, 0.3679, 0.4889, 0.0699],
    [0.3256, 0.0248, 0.0292, 0.5946, 0.0258],
    [0.0096, 0.008, 0.007, 0.9653, 0.0101],
    [0.0059, 0.0267, 0.6345, 0.3148, 0.0182],
    [0.0194, 0.0496, 0.2194, 0.6375, 0.074],
    [0.0034, 0.3355, 0.0742, 0.5573, 0.0297],
    [0.0458, 0.0499, 0.0734, 0.681, 0.1498]
  ],
  "Z_est": [
    [
      [0, 0, 0, 0, 0, 0, 0, 0, 0, 0, 0, 0, 0, 0, 0, 0, 0, 0, 0, 0, 0, 0, 0, 0, 0, 0, 0, 0, 0, 0, 0, 0, 0, 0, 0, 0, 0, 0, 0, 0, 0, 0, 0, 0, 0, 0, 0, 0, 0, 0, 0],
      [13.3447, 5.1139, 2.1624, 2.6541, 3.4539, 1.7765, 0.6886, 3.9429, 6.81, 2.2629, 5.7101, 11.7349, 1.0812, 11.3116, 6.5072, 4.2483, 6.2071, 2.6648, 1.865, 16.8288, 3.0506, 2.851, 2.7135, 4.1278, 2.7626, 6.6961, 6.2969, 7.7706, 6.104, 8.5504, 5.1206, 6.2098, 7.0807, 2.6527, 7.8765, 6.0021, 4.5324, 15.2586, 5.9043, 12.8966, 4.1412, 3.4116, 2.9515, 3.8411, 0.2961, 2.2602, 0.7864, 17.0551, 1.2821, 18.9121, 2.4983],
      [32.3509, 9.6987, 3.091, 4.5943, 9.2059, 7.2146, 1.03, 10.0059, 21.6847, 3.9429, 14.1227, 27.9204, 2.0267, 23.5767, 16.8812, 12.2232, 18.1465, 7.8529, 1.3181, 37.3262, 5.3886, 4.7934, 3.09, 7.1056, 7.5619, 15.8191, 11.5771, 16.7122, 15.6411, 13.9115, 13.2906, 15.0511, 13.1569, 3.6382, 18.554, 13.9133, 10.2562, 37.1166, 11.5975, 28.2487, 14.4019, 10.3861, 5.0839, 10.8962, 0.6867, 3.5545, 0.5936, 51.6233, 4.0514, 39.2793, 7.2827],
      [18.4975, 4.2627, 1.6239, 2.0299, 10.0996, 2.688, 1.0408, 8.6502, 15.2598, 2.0299, 7.2048, 29.8586, 0.8119, 9.7433, 14.97, 12.8819, 7.8821, 6.1992, 1.0149, 20.8777, 3.9568, 2.2328, 3.0361, 3.0448, 7.1141, 9.4798, 8.6824, 7.234, 6.0896, 6.2925, 5.4235, 12.9747, 6.9981, 1.8269, 10.1636, 5.4806, 9.4094, 18.6575, 8.3754, 19.8498, 5.254, 12.6409, 2.6388, 4.0597, 0.937, 1.6239, 0.609, 27.9107, 1.6239, 36.9967, 10.7378],
      [2.8069, 1.9248, 1.1228, 0.7218, 0.2406, 0.3208, 0.2406, 0.401, 2.2455, 1.7644, 0.9624, 2.4861, 0.0802, 3.3683, 0.6416, 2.6465, 1.7644, 1.2832, 0.802, 2.9673, 1.604, 1.1228, 0.1604, 0.7218, 0.5614, 2.005, 1.4436, 1.2832, 2.1654, 2.2455, 2.1654, 1.7644, 1.7644, 0.8822, 2.4059, 1.604, 0.802, 2.9673, 1.1228, 2.005, 1.203, 0.5614, 2.3257, 1.203, 0.0802, 0.5614, 1.011, 4.4109, 1.0426, 4.8119, 0.4812]
    ],
    [
      [25.2509, 13.3107, 2.9571, 8.8237, 1.9714, 3.0087, 0.9425, 4.3948, 8.9758, 10.7011, 12.9773, 26.0005, 2.6735, 33.0668, 10.9811, 12.6727, 14.5578, 10.5587, 7.7213, 22.1924, 9.5118, 11.4913, 2.0662, 4.9285, 0, 10.8794, 17.6899, 13.6441, 19.8794, 18.6035, 15.9571, 26.288, 15.138, 12.187, 27.8396, 20.4229, 9.2393, 40.1212, 17.233, 42.4262, 25.4321, 7.7213, 17.3197, 13.4052, 4.9226, 9.8452, 4.4318, 40.0634, 12.0056, 76.2544, 8.8161],
      [9.992, 6.7432, 2.8867, 0.8716, 2.6035, 1.3794, 0.8159, 0.4358, 5.3605, 4.0368, 6.6482, 13.0573, 1.7816, 15.5179, 6.6744, 3.5355, 6.7399, 2.105, 3.5715, 18.7354, 3.9811, 4.9477, 0.7235, 7.1097, 2.0085, 8.6629, 8.5257, 6.5296, 8.3946, 12.0447, 6.6417, 8.0441, 9.3776, 4.6364, 10.6817, 8.3356, 5.9047, 19.2139, 7.8671, 16.9203, 5.7243, 2.9424, 4.7904, 5.2917, 0.2679, 3.6042, 1.2844, 18.172, 1.057, 25.9868, 0.7864],
      [0.4867, 0.3971, 0.4087, 0.1336, 0.1579, 0.1292, 0.0363, 0.0668, 0.4876, 3.0775, 0.4462, 1.1079, 0.119, 1.0641, 0.5327, 0.3799, 0.534, 0.2947, 1.0747, 1.0133, 0.2463, 2.518, 0.0382, 1.1473, 1.3361, 0.5314, 0.5447, 0.2767, 1.4671, 0.6924, 0.534, 0.721, 0.5308, 0.3392, 0.8388, 0.6237, 0.4463, 1.3862, 0.5199, 1.2308, 0.6332, 0.294, 0.4863, 0.5111, 0.0051, 0.2609, 0.0763, 1.604, 0.2526, 2.1069, 0.9509],
      [12.1907, 7.6206, 3.8625, 3.3465, 2.8694, 2.0875, 0.992, 1.6732, 11.0398, 12.2509, 9.3739, 46.4159, 4.3916, 25.9621, 19.0991, 10.2123, 11.1239, 8.6454, 8.4786, 20.3573, 5.8015, 13.3094, 0.9561, 10.5842, 3.1575, 16.6316, 16.9265, 6.932, 21.3423, 17.7824, 15.4304, 22.9434, 14.6511, 10.391, 25.1043, 16.1623, 15.8499, 38.1753, 15.3143, 34.8776, 14.8892, 9.991, 9.1566, 15.9135, 4.7702, 5.3122, 1.9123, 44.2196, 6.465, 71.7729, 14.2821],
      [3.0797, 1.9284, 0.8851, 0.8246, 0.3978, 0.3952, 0.2134, 0.4294, 2.1363, 1.9337, 1.5545, 4.4184, 0.0342, 4.3892, 1.7127, 2.1996, 2.0444, 1.3962, 1.154, 3.7015, 1.4594, 1.7336, 0.216, 1.2304, 0.4979, 2.2946, 2.3132, 1.6176, 2.9165, 2.8769, 2.4369, 3.0036, 2.3026, 1.4464, 3.5357, 2.4555, 1.5598, 5.1034, 2.0656, 4.5451, 2.3212, 1.0513, 2.2471, 1.8785, 0.0342, 0.9775, 0.2951, 5.941, 1.2198, 8.8791, 1.1646]
    ],
    [
      [5.1862, 1.8981, 0.0011, 3.5783, 0.0007, 0.1388, 0.0004, 0.3383, 0.0036, 0.0043, 0.9271, 0.01, 0.0011, 4.2414, 0.0043, 2.2616, 1.2852, 0.7716, 0.0032, 0.0089, 1.8183, 0.0046, 0.4034, 0.0018, 0, 0.0043, 1.4331, 2.0897, 0.9628, 0.0078, 0.677, 5.4729, 0.5292, 1.5859, 3.3489, 3.1572, 0.0036, 2.9168, 2.3431, 7.9692, 4.4303, 0.3034, 2.5685, 0.0057, 1.4563, 1.323, 0.1887, 0.0171, 0.9064, 2.6355, 0.3082],
      [4.7726, 3.2438, 0.9508, 6.179, 0.461, 0.2616, 0.1386, 0.6473, 0.0759, 0.0429, 3.7033, 0.4528, 0.8292, 8.7811, 0.0892, 0.0363, 0.5737, 0.0297, 2.5493, 12.5181, 3.0355, 1.9713, 2.2848, 1.9431, 0.692, 1.9931, 6.0031, 4.9492, 2.9093, 6.9294, 0.0859, 0.3804, 7.2913, 2.4904, 1.8693, 2.8446, 1.2964, 7.6823, 2.0077, 12.9855, 0.2235, 0.033, 0.0561, 0.0627, 0.0033, 2.3814, 0.0165, 0.2377, 0.0165, 9.3613, 0.0165],
      [15.5149, 1.5377, 2.5012, 2.8587, 0.8847, 3.0057, 0.052, 1.3991, 3.558, 0.5542, 3.8424, 5.4145, 0.881, 9.9263, 1.0911, 0.7014, 7.7713, 0.5109, 0.4598, 7.8601, 2.2685, 3.6638, 2.7744, 0.8227, 2.9344, 1.0825, 2.9158, 2.6338, 9.3684, 8.4062, 3.0653, 1.8186, 4.2557, 2.1308, 3.9735, 4.0958, 2.1413, 9.4893, 0.7447, 15.4649, 2.2273, 1.7499, 5.5084, 6.9634, 0.0346, 7.0222, 27.1781, 25.2289, 0.6856, 2.3208, 1.1678],
      [510.7489, 312.1015, 96.815, 114.9483, 28.4411, 23.3971, 13.2011, 63.1546, 181.9985, 136.8011, 172.4765, 276.2511, 88.2845, 524.2052, 204.7816, 137.5805, 236.1413, 140.1236, 193.1054, 528.3562, 122.2639, 275.2327, 48.529, 204.1944, 62.3829, 202.4274, 212.9593, 324.2597, 299.3952, 448.3535, 299.0974, 184.5061, 206.1254, 201.7464, 452.3559, 334.5523, 133.4546, 724.7551, 206.8453, 210.4746, 92.3893, 56.4911, 491.5792, 357.9047, 49.5015, 248.2438, 232.5321, 632.2354, 172.8621, 491.1843, 71.2357],
      [2.7775, 4.2189, 0.7319, 0.4357, 0.2125, 0.1968, 0.608, 0.4608, 1.364, 4.5974, 0.0507, 2.8717, 0.0042, 4.846, 0.0338, 2.4201, 2.2285, 1.5641, 0.8823, 0.2566, 3.6139, 1.1276, 0.0085, 0.038, 0.9907, 4.4927, 0.6886, 0.0676, 4.3643, 1.303, 4.0744, 1.822, 3.7984, 0.0465, 1.4523, 0.3501, 0.1042, 0.1564, 0.0592, 0.1057, 0.7295, 0.4226, 3.2877, 0.0634, 0.0042, 0.0296, 19.0846, 4.2809, 2.5294, 5.4979, 0.2717]
    ],
    [
      [2.562, 1.1234, 0, 0.7095, 0, 0.3513, 0, 1.8798, 0, 0.0419, 1.9441, 0, 0, 2.5818, 0, 1.015, 1.7442, 0.7095, 0.1483, 0, 0.3942, 0.1218, 0.2583, 0, 0, 0, 0.8474, 1.5569, 1.4584, 0.6086, 1.1332, 1.2022, 1.0544, 0.6898, 1.5274, 1.4584, 0, 3.3799, 1.1234, 3.1265, 5.5696, 0.5251, 1.4091, 0.6388, 0.1388, 1.3994, 1.5376, 4.3453, 2.0888, 15.0242, 0.4139],
      [2.0322, 0.9048, 0.7393, 0.5669, 0.9022, 0.1813, 0.8312, 1.1384, 0.0407, 0.023, 1.4386, 1.5891, 0.2584, 2.0718, 0.5416, 0.0195, 1.3709, 0.0159, 0.2559, 6.1017, 0.3283, 0.509, 0.1203, 0.9573, 0.3905, 2.361, 0.7049, 5.0222, 1.16, 2.2773, 0.7312, 0.9573, 0.8738, 0.5537, 1.2281, 1.1635, 0.6038, 2.7005, 2.5198, 1.7381, 0.0301, 0.0177, 0.0301, 0.0336, 0.039, 0.3919, 0.4603, 3.5664, 0.0089, 4.0399, 0.0089],
      [194.5366, 67.9903, 84.5449, 50.8951, 52.1138, 34.6442, 4.6606, 61.1181, 140.9558, 52.5608, 94.4164, 145.999, 20.8959, 186.126, 101.069, 64.1047, 124.7358, 47.3777, 15.2398, 240.3802, 24.5346, 48.5023, 11.0152, 79.002, 39.9222, 101.6857, 63.3808, 111.2854, 109.5542, 118.0832, 85.1712, 86.3005, 78.334, 38.8215, 113.9879, 103.7715, 56.6158, 243.6846, 68.6074, 163.0527, 107.3703, 50.6164, 100.8406, 93.2027, 3.2544, 38.5823, 147.7584, 338.6941, 32.7915, 213.0739, 31.5586],
      [42.4527, 32.8533, 13.3025, 14.9728, 5.8681, 0, 2.0452, 1.2267, 47.993, 18.2943, 30.8094, 38.7601, 11.4928, 50.2873, 55.5667, 18.8441, 37.2563, 14.6815, 11.1042, 75.4591, 4.8406, 8.4337, 1.6942, 38.4957, 6.0507, 31.6787, 12.709, 32.0554, 22.8471, 26.3944, 15.7541, 22.9307, 16.4785, 25.0797, 24.0545, 31.0962, 13.4786, 74.0224, 34.4392, 36.1861, 2.4804, 6.9909, 27.1509, 16.3621, 1.0982, 5.9297, 41.7717, 92.0437, 11.3106, 79.7344, 6.9216],
      [18.4166, 11.1283, 7.4133, 4.8557, 1.1159, 1.8232, 1.463, 2.6371, 17.0105, 10.08, 6.3915, 15.6517, 0.3528, 20.9331, 2.8227, 19.0168, 11.8928, 9.2153, 4.2518, 21.0591, 9.9024, 6.4332, 0.912, 3.545, 3.6366, 12.2746, 8.3579, 8.08, 12.9803, 13.6365, 12.2102, 10.6093, 10.2593, 4.8553, 14.2021, 10.5104, 5.3019, 19.2126, 7.3103, 12.8966, 7.5496, 3.8499, 13.5692, 6.7627, 0.4695, 2.6968, 20.4719, 30.3505, 5.8003, 29.1276, 3.0971]
    ],
    [
      [0.2273, 0.1123, 0.0002, 0.0566, 0.0002, 0.0307, 0.0027, 0.1033, 0.0008, 0.0564, 0.0753, 0.1079, 0.0002, 0.2319, 0.001, 0.0948, 0.0821, 0.0433, 0.0271, 0.002, 0.0539, 0.0842, 0.0161, 0.0004, 0, 0.001, 0.0652, 0.1336, 0.1194, 0.1958, 0.1521, 0.0741, 0.0846, 0.0607, 0.1759, 0.1131, 0.0008, 0.2588, 0.0665, 0.1326, 0.0796, 0.039, 0.1802, 0.0013, 0.0151, 0.2645, 0.0587, 0.2587, 0.0462, 0.1612, 0.014],
      [1.8564, 0.9221, 0.5232, 0.4625, 0.2029, 0.25, 0.0252, 1.2008, 0.0231, 0.013, 0.6241, 0.8957, 0.2616, 1.9022, 0.7802, 0.3708, 0.6761, 0.009, 0.2262, 1.9658, 0.4413, 0.6863, 0.1363, 0.865, 0.3388, 0.7974, 0.5452, 1.1068, 0.9761, 1.6154, 1.2353, 0.5999, 0.7114, 0.4954, 1.4306, 0.9251, 0.4241, 2.1284, 0.5528, 1.0971, 0.6323, 0.01, 0.017, 0.019, 0.001, 0.6939, 0.4717, 2.1194, 0.005, 1.3227, 0.1111],
      [14.126, 6.8614, 9.9722, 3.4878, 1.4458, 3.8377, 0.1749, 2.2028, 5.7761, 3.4907, 4.7499, 6.8425, 1.9637, 14.2976, 5.9531, 3.2259, 5.2574, 2.6896, 1.6316, 13.2295, 3.2514, 5.1453, 0.9965, 6.4916, 2.7123, 5.3996, 4.0183, 8.4534, 7.4215, 12.0126, 9.2941, 4.5663, 5.2537, 3.6828, 10.7395, 6.9873, 3.2526, 16.0843, 4.1057, 8.2645, 4.9424, 2.7817, 10.9897, 11.6637, 0.0117, 5.2586, 3.9877, 16.4533, 2.7942, 9.9082, 0.9095],
      [153.1453, 75.7855, 37.3223, 37.8337, 14.2905, 18.7944, 1.7896, 20.4022, 60.1467, 38.2805, 50.3382, 71.8504, 21.7744, 155.912, 64.2657, 34.1643, 54.753, 29.1367, 18.0392, 141.2071, 36.1016, 56.8452, 10.8056, 71.3433, 27.8312, 57.5592, 43.1893, 89.9269, 80.1453, 132.6185, 102.886, 48.5549, 56.7114, 40.5905, 118.157, 75.6559, 34.1783, 173.7963, 44.0891, 87.1378, 52.1257, 26.0592, 123.3009, 129.3159, 10.9722, 57.783, 39.315, 173.4365, 31.0256, 104.1679, 8.9275],
      [0.6449, 0.3187, 0.1821, 0.1593, 0.0607, 0.0873, 0.0076, 0.091, 1.0533, 0.1593, 0.2124, 0.3035, 0, 0.6563, 0, 0.1442, 0.2314, 0.1214, 0.0759, 0.5956, 0.1517, 0.239, 0.0455, 0.2997, 0.1176, 0.2428, 0.1821, 0.3794, 0.3376, 0.5577, 0.4325, 0.2049, 0.239, 0.1707, 0.497, 0.3187, 0.1442, 0.7322, 0.1859, 0.368, 0.22, 0.11, 0.5121, 0, 0, 0, 0.1669, 0.7322, 0.129, 0.4401, 0.0379]
    ],
    [
      [0.1052, 0.0858, 0, 0.0277, 0, 0.0083, 0.0055, 0.0512, 0, 0.0471, 0.0609, 0.1038, 0.0125, 0.1468, 0, 0.0762, 0.0845, 0.0249, 0.0263, 0.1793, 0.0249, 0.0332, 0.0111, 0, 0, 0, 0.0665, 0.126, 0.0609, 0.144, 0.0748, 0.054, 0.0969, 0.0346, 0.1011, 0.0845, 0.0415, 0.1897, 0.0817, 0.0775, 0.0263, 0.0152, 0.6242, 0.0665, 0.0014, 0.0249, 0.0083, 0.1758, 0.0194, 0.1288, 0.0042],
      [20.4558, 13.7649, 6.5242, 6.1122, 3.9947, 2.0486, 1.3658, 9.6008, 10.4678, 6.3738, 11.6794, 18.9201, 2.7197, 26.8774, 12.1939, 2.6273, 13.1846, 3.9963, 5.2931, 36.2781, 5.907, 6.7614, 2.9704, 11.0655, 3.7222, 13.2503, 13.5229, 20.3227, 12.1571, 24.0449, 11.7499, 10.4499, 17.4518, 6.864, 17.2819, 14.3788, 8.0935, 33.4015, 13.9348, 21.9867, 6.0096, 3.517, 9.1548, 9.4624, 0.3414, 5.4293, 1.8098, 30.226, 2.6305, 31.5149, 1.502],
      [0.304, 0.1771, 0.1645, 0.0772, 0.0745, 0.0404, 0.0116, 0.1189, 0.208, 0.1065, 0.158, 0.2617, 0.0334, 0.3528, 0.1872, 0.1593, 0.2152, 0.0708, 0.0504, 0.4537, 0.0576, 0.0865, 0.0267, 0.1468, 0.0762, 0.1743, 0.1461, 0.2669, 0.1729, 0.3016, 0.175, 0.1426, 0.2021, 0.0794, 0.2352, 0.1997, 0.1034, 0.4583, 0.1703, 0.2394, 0.1136, 0.0605, 0.1857, 0.1696, 0.0043, 0.0685, 0.1157, 0.5102, 0.0522, 0.3446, 0.0303],
      [54.0842, 47.115, 23.8827, 13.5064, 6.7787, 3.8197, 2.5618, 26.7175, 41.055, 27.0026, 31.4934, 54.6774, 6.2345, 77.1575, 43.0991, 48.0566, 46.6723, 13.6592, 13.3675, 98.1948, 11.7616, 16.787, 4.8812, 33.1656, 9.0219, 35.8841, 33.601, 69.0262, 31.0007, 78.0716, 41.2537, 27.8143, 51.2814, 17.6763, 54.3726, 45.4936, 21.3468, 101.0563, 43.9975, 32.9221, 12.5877, 7.2553, 44.2749, 37.6378, 0.639, 12.2284, 3.9832, 94.3321, 11.1043, 59.726, 1.4221],
      [1.0508, 0.8572, 0.4286, 0.2765, 0.1521, 0.083, 0.0553, 0.5116, 1.2691, 0.4701, 0.6083, 1.0369, 0, 1.4655, 0.5198, 4.0807, 0.8434, 0.2489, 0.2627, 1.8941, 0.2489, 0.3318, 0.1106, 0.6222, 0.1797, 0.6913, 0.6636, 1.2582, 0.6083, 1.4379, 0.7466, 0.5392, 0.9678, 0.3456, 1.0093, 0.8434, 0.4148, 1.8941, 0.8157, 0.7742, 0.2627, 0.1521, 0.7604, 0.6636, 0.0138, 0.2489, 0.083, 1.7559, 0.1936, 1.2858, 0.0415]
    ],
    [
      [2.6683, 1.4697, 0.0416, 0.8042, 0.0277, 0.4622, 0.0489, 0.2326, 1.0198, 1.1492, 1.0152, 1.7778, 0.3127, 2.7314, 1.0137, 0.8797, 1.2463, 0.892, 1.0737, 2.6174, 1.197, 1.2648, 0.2449, 0.0693, 0, 1.1154, 1.898, 1.4497, 1.519, 2.4402, 2.0058, 1.9088, 1.0969, 1.442, 3.0072, 1.764, 0.7148, 3.1335, 1.1524, 2.2678, 1.4621, 0.3959, 2.8983, 1.8825, 0.4659, 1.1431, 0.7749, 3.1397, 0.9336, 4.7959, 0.4437],
      [0.5465, 0.3074, 0.2135, 0.1537, 0.3819, 0.1025, 0.1347, 0.0342, 0.222, 0.2476, 0.1964, 0.3501, 0.0683, 0.5379, 0.2135, 0.1622, 0.2476, 0.1793, 0.2391, 0.5721, 0.2562, 0.2732, 0.0512, 0.9316, 0.0854, 0.2391, 0.4013, 0.2989, 0.2989, 0.5379, 0.4355, 0.3586, 0.2135, 0.3074, 0.6319, 0.3501, 0.1452, 0.6148, 0.2135, 0.3757, 0.2391, 0.0683, 0, 0.2893, 0.0512, 0.2391, 0.1708, 0.6233, 0, 0.8624, 0.0768],
      [0.681, 0.3378, 0.3177, 0.9533, 0.1173, 0.1282, 0.0347, 0.0884, 0.3297, 0.2674, 0.2644, 0.4539, 0.0803, 0.6563, 0.2856, 0.2056, 0.3398, 0.2035, 0.2256, 0.737, 0.2531, 0.2906, 0.059, 0.284, 0.4567, 0.3074, 0.4172, 0.3716, 0.3747, 0.5925, 0.4698, 0.3999, 0.267, 0.3082, 0.6711, 0.4088, 0.1844, 0.7807, 0.2545, 0.499, 0.3113, 0.1114, 3.9053, 0.5932, 0.0031, 0.2529, 0.2902, 0.8863, 0.3725, 0.9663, 0.1002],
      [53.8806, 30.2614, 21.191, 14.3624, 7.6526, 10.2133, 3.3696, 3.1756, 21.5072, 24.3406, 19.3038, 34.1866, 7.0102, 52.7327, 21.2178, 15.2603, 24.1711, 17.5544, 23.8901, 56.5479, 25.274, 27.1593, 5.0979, 24.1722, 8.4418, 23.3392, 39.9326, 29.5659, 29.1798, 53.4869, 43.1549, 35.276, 20.7541, 30.6893, 62.7922, 34.5592, 14.2824, 60.537, 20.9392, 36.5519, 23.2736, 6.5716, 53.8988, 41.8063, 5.0818, 23.8791, 15.8767, 60.8219, 17.6086, 84.4177, 7.4733],
      [6.2237, 3.6238, 3.2362, 1.7264, 0.8204, 1.0939, 0.4121, 0.4692, 2.9212, 2.9952, 2.2202, 4.2316, 0.5285, 6.3416, 2.2694, 2.4922, 2.9952, 2.1709, 2.5714, 6.5257, 3.0198, 3.0121, 0.5469, 2.5429, 1.0161, 2.999, 4.3509, 3.3141, 3.6276, 5.9425, 4.9341, 4.0567, 2.6685, 3.2532, 6.8977, 3.918, 1.6732, 6.9339, 2.4405, 4.3055, 2.714, 0.8528, 6.2976, 4.4287, 0.398, 2.4859, 2.8874, 7.5287, 2.0854, 9.9576, 0.9059]
    ]
  ],
  "V_est": [
    [0, 292.2625, 678.4767, 438.9813, 77.2794],
    [789.5026, 343.9505, 35.0982, 743.0007, 106.4479],
    [69.5367, 130.3897, 234.4626, 12032.9835, 95.6276],
    [67.8421, 56.5509, 4687.4204, 1293.7839, 498.4027],
    [4.1635, 35.7027, 309.0503, 3243.7843, 13.2992],
    [3.4438, 585.3933, 8.3417, 1724.7421, 36.0791],
    [69.5112, 14.7505, 22.1501, 1427.7241, 167.864]
  ],
  "p_est": [
    [0, 0.1965, 0.4563, 0.2952, 0.052],
    [0.3912, 0.1704, 0.0174, 0.3682, 0.0527],
    [0.0055, 0.0104, 0.0187, 0.9578, 0.0076],
    [0.0103, 0.0086, 0.7098, 0.1959, 0.0755],
    [0.0012, 0.0099, 0.0857, 0.8996, 0.0037],
    [0.0015, 0.2483, 0.0035, 0.7314, 0.0153],
    [0.0408, 0.0087, 0.013, 0.8389, 0.0986]
  ],
  "EI_Z": {},
  "EI_V": 11.6435,
  "MAE_Z": {},
  "MAE_V": 201.8519,
  "MAE_p": 0.0695,
  "runtime": 2.241
}
