{
  "Z_true": {},
  "V_true": [
    [179, 186, 768, 531, 99],
    [406, 1323, 4419, 1000, 135],
    [823, 353, 65, 19798, 318],
    [99, 2046, 311, 515, 30],
    [751, 179, 235, 1558, 269]
  ],
  "p_true": [
    [0.1015, 0.1055, 0.4356, 0.3012, 0.0562],
    [0.0557, 0.1817, 0.6068, 0.1373, 0.0185],
    [0.0385, 0.0165, 0.003, 0.927, 0.0149],
    [0.033, 0.6818, 0.1036, 0.1716, 0.01],
    [0.251, 0.0598, 0.0785, 0.5207, 0.0899]
  ],
  "Z_est": [
    [
      [1.337, 2.5885, 0.1252, 0.9703, 5.4552, 10.7905, 6.9226, 10.6654, 0.1492, 1.9171, 0.2737, 0.5404, 0.4324, 0.1838, 13.583, 3.5374, 7.8457, 4.0275, 2.8038, 12.7545, 9.1707, 3.3792, 12.691, 4.9095, 3.066, 5.0685, 2.5938, 2.264, 0.2503, 0.3755, 0.3982, 1.8649, 1.0867, 1.1887, 1.9932, 6.2684, 9.7224, 6.9113, 8.982, 1.8091, 0, 15.9894, 10.8243, 16.3993, 3.9202, 0, 3.8282, 24.5225, 2.0369, 16.9416, 0.6768],
      [3.2868, 2.9843, 0.5526, 0.4277, 5.4654, 8.9671, 7.1119, 9.7789, 0.1069, 2.065, 0.1069, 0.4213, 0.7971, 0, 7.9003, 3.1558, 10.8303, 3.9268, 2.1695, 15.8584, 11.1734, 3.7682, 12.3846, 6.0583, 2.1983, 7.1943, 1.7838, 2.3726, 0.2701, 0.0375, 0.1069, 1.5109, 3.0442, 0.7728, 3.3316, 4.389, 13.3916, 6.5514, 7.3865, 2.6622, 0, 12.0639, 6.2235, 12.715, 5.6123, 0, 2.0316, 22.8745, 3.4662, 25.926, 4.0579],
      [3.3759, 9.456, 0.3081, 0.8842, 9.6092, 15.208, 11.6656, 18.8387, 0.221, 4.285, 0.221, 0.5617, 1.4641, 0.5432, 15.4884, 10.606, 24.1542, 7.4711, 34.0806, 32.4438, 24.0527, 7.7624, 26.5054, 13.9374, 4.4457, 8.1977, 3.7348, 4.751, 0.7446, 0.7588, 0.221, 2.1033, 2.8621, 1.6373, 3.076, 8.2341, 27.2527, 13.836, 14.6396, 4.4697, 0, 23.091, 12.6206, 24.733, 13.1412, 0, 7.4397, 44.3793, 7.3624, 41.7207, 7.4819],
      [3.5141, 5.543, 0.0142, 0.3698, 8.0323, 13.1535, 5.8874, 5.9008, 0.0925, 2.7487, 0.0925, 0.4766, 1.6486, 1.3553, 11.8602, 6.6001, 31.2706, 6.8553, 18.3193, 29.8803, 27.8892, 9.4346, 18.8187, 10.455, 4.1352, 7.977, 3.8995, 4.5105, 0.4968, 1.8282, 0.0925, 1.817, 2.5101, 2.4012, 2.9659, 7.2862, 18.984, 6.4958, 16.4355, 5.5268, 0, 16.426, 8.2193, 24.4712, 21.4194, 1, 1.7566, 27.5453, 8.6494, 38.7363, 9.9925],
      [1.4862, 2.4282, 0, 1.348, 3.4379, 4.8809, 4.4124, 6.8163, 0.4304, 1.9842, 0.3059, 0, 0.6578, 0.9178, 7.1682, 2.1007, 7.8992, 3.7194, 6.6269, 14.0629, 8.714, 2.6556, 8.6003, 4.6399, 2.1548, 3.5625, 0.9881, 1.1018, 0.2382, 0, 0.1814, 0.7038, 1.497, 0, 0.6333, 3.8223, 10.6494, 5.2056, 6.5564, 1.5322, 0, 8.4297, 6.1124, 8.6815, 1.9069, 0, 3.944, 18.6784, 2.4851, 16.6753, 2.791]
    ],
    [
      [1.9199, 3.5297, 0.2271, 3.6334, 10.3616, 30.6206, 13.0286, 22.3849, 0.7228, 2.311, 1.0117, 0.8669, 0.4333, 0.2065, 30.0385, 4.7475, 12.4302, 7.5962, 4.1887, 14.8029, 17.0582, 3.8998, 25.3584, 6.4314, 4.8096, 10.3388, 6.1538, 4.171, 0.3716, 0.5367, 0.5947, 2.3029, 1.3394, 1.5172, 4.7339, 15.8716, 11.1217, 10.8265, 15.8727, 2.0221, 0.2411, 27.8913, 24.0777, 34.6152, 5.2231, 0, 6.4689, 45.6314, 2.0221, 27.956, 1.0111],
      [2.7471, 3.6607, 1.2872, 12.7551, 18.3816, 36.3963, 28.5605, 41.3533, 1.2733, 6.5014, 2.6412, 0.9301, 2.2577, 0, 18.4635, 3.9222, 19.2658, 10.658, 6.537, 46.1383, 27.0914, 8.9082, 38.2521, 16.9291, 4.6527, 4.6143, 2.7455, 7.3261, 0.3922, 0.2615, 1.6399, 2.1612, 2.7195, 1.1241, 2.629, 10.9716, 46.0385, 25.521, 12.6141, 6.1194, 0.7334, 37.9699, 14.9038, 38.3846, 5.4876, 0, 27.7928, 76.2878, 9.9134, 32.9005, 2.2528],
      [14.8439, 18.2224, 2.4713, 46.111, 87.606, 117.0463, 126.4935, 255.1013, 9.2095, 44.6391, 6.0251, 4.1583, 10.0347, 1.1735, 100.4022, 24.9501, 140.545, 46.7994, 61.9951, 312.103, 209.1181, 59.775, 303.7578, 171.9058, 27.8648, 33.6297, 29.1607, 46.1869, 2.5155, 2.7753, 8.3756, 10.8089, 13.3455, 10.134, 9.684, 51.2663, 321.0674, 185.8684, 81.7621, 29.1106, 6.9884, 215.4463, 94.837, 184.5861, 40.3794, 0, 128.2642, 460.5982, 64.4012, 282.3628, 36.8085],
      [3.393, 5.4563, 0.0143, 13.1974, 28.0783, 57.9166, 35.111, 98.5149, 2.7368, 9.2939, 4.2657, 1.0447, 2.2128, 1.6059, 30.3637, 7.3734, 29.947, 14.616, 15.5689, 111.008, 81.4018, 24.4049, 103.1898, 54.7473, 6.491, 8.5563, 12.9372, 11.3134, 0.5901, 1.4265, 2.3884, 2.6554, 6.7633, 3.2247, 2.9504, 17.5002, 92.8959, 89.5538, 21.2082, 7.7412, 1.7472, 67.4897, 34.6775, 73.1322, 12.9005, 0, 36.6776, 133.6133, 14.4565, 71.0942, 8.3506],
      [0.0961, 0.1308, 0, 0.303, 0.5725, 0.0202, 0.8064, 1.6456, 0.0576, 0.2546, 0.0563, 0, 0.0615, 0.0142, 0.7321, 0.0067, 0.812, 0.3304, 2.7102, 1.9478, 1.3305, 0.0121, 1.4419, 0.9863, 0.1819, 0.8609, 0.0027, 0.0027, 0.1306, 0, 0.0013, 0.0716, 1.8323, 0, 0.0027, 0.3903, 1.8765, 1.2304, 0.5429, 0.0067, 0.29, 1.2027, 2.5039, 1.2819, 0.0094, 0, 0.7965, 2.8693, 0.2068, 1.6866, 1.5771]
    ],
    [
      [1.4852, 0.9043, 0.0488, 0.0119, 6.4368, 3.3583, 7.0111, 9.7413, 0.2779, 0.0106, 0.2793, 0.0033, 0.002, 0.0007, 18.19, 1.6048, 0.9961, 1.7705, 0.0192, 0.067, 0.0471, 0.0179, 0.2781, 0.0259, 3.3387, 5.2504, 2.4319, 1.1985, 0.1221, 0.1342, 0.0027, 2.6046, 0.0053, 0.1264, 1.2758, 2.7763, 0.0511, 0.0398, 4.2828, 0.0093, 0.0007, 18.9914, 8.5048, 21.3487, 1.2008, 0, 0.0226, 3.1527, 0.0093, 5.8289, 0.0046],
      [2.731, 0.636, 0.0329, 8.0581, 8.0528, 14.1155, 20.3412, 11.737, 0.539, 2.0942, 0.3407, 1.0143, 0.6117, 0, 3.2771, 0.6814, 2.4984, 12.4722, 1.1356, 8.1167, 6.7645, 1.7356, 4.7697, 2.1577, 2.4888, 3.8404, 0.477, 2.1147, 0.0681, 0.0454, 0.5296, 2.7236, 0.9828, 0.2231, 3.015, 4.7415, 5.8599, 6.1831, 1.9533, 3.2486, 0.1376, 18.3605, 1.8397, 8.3742, 0.8404, 0, 18.475, 9.8346, 2.3862, 11.6462, 0.2953],
      [1.7549, 4.4184, 0.0607, 2.1783, 2.4537, 3.3796, 7.6268, 16.7348, 1.0818, 6.3845, 0.162, 0.1157, 2.5708, 0.0463, 3.0092, 3.1296, 15.3097, 1.3889, 6.2391, 18.1879, 9.5329, 1.7361, 25.945, 16.2292, 2.6305, 1.0879, 0.8333, 4.1316, 0.4532, 0.0926, 0.3676, 0.7162, 0.4167, 0.3787, 0.3241, 1.5509, 23.2008, 5.149, 6.6003, 1.0575, 0.4172, 6.0878, 2.8009, 5.324, 1.3657, 0, 11.8319, 36.9691, 3.4561, 29.4737, 4.9847],
      [88.2081, 219.4705, 0.8577, 118.2832, 406.4691, 551.3733, 343.0103, 645.2643, 31.818, 200.9373, 46.6341, 39.8667, 50.9045, 27.7269, 810.4247, 270.3265, 737.5791, 283.1817, 395.5845, 1384.4276, 833.9799, 282.0463, 1180.3058, 488.7642, 216.3414, 327.6053, 106.1547, 103.4521, 20.1818, 22.7278, 20.0485, 70.7151, 41.0453, 11.2718, 62.282, 381.8443, 1128.8209, 730.5628, 718.3701, 251.4268, 11.7157, 872.8588, 418.4479, 757.4064, 220.2322, 7, 490.549, 2671.0407, 219.6844, 984.1762, 248.0277],
      [1.8208, 1.5708, 0, 2.4685, 1.5876, 0.7734, 3.0106, 5.5226, 1.2833, 2.5734, 0.5839, 0, 0.911, 0.2262, 6.099, 0.2578, 3.6166, 5.1868, 3.0215, 16.2008, 5.6756, 0.464, 1.7014, 2.8231, 2.2005, 2.2159, 0.1031, 0.1031, 0.1748, 0, 0.0516, 0.2405, 0.5499, 0, 0.1031, 3.087, 10.0673, 3.0653, 4.7934, 0.2578, 0.7288, 1.7014, 3.4068, 1.5467, 0.3609, 0, 7.1215, 16.0029, 0.464, 16.875, 1.6877]
    ],
    [
      [0.0217, 0.0497, 0.0059, 0.9582, 0.1364, 0.2426, 0.1873, 0.2822, 0.0064, 0.0451, 0.5444, 0.0091, 0.005, 0, 0.261, 0.0629, 0.1525, 0.0747, 0.081, 0.3014, 0.181, 0.0685, 0.2992, 0.1188, 0.0112, 0.0996, 0.1646, 0.0536, 0.2088, 0.1099, 0.0102, 0.0259, 0.0155, 0.0166, 0.0305, 0.1242, 0.1294, 0.1653, 0.1777, 0.0382, 0.0031, 0.3398, 0.2084, 0.3282, 0.0629, 0, 0.1482, 0.608, 0.0459, 0.2862, 0.016],
      [6.9651, 20.3923, 5.9715, 58.7317, 75.5926, 113.8339, 115.6899, 158.9248, 1.9898, 24.4217, 11.711, 0.9652, 9.9446, 0, 69.8656, 22.0286, 75.4044, 24.8782, 38.8946, 172.3955, 86.4862, 31.4086, 150.6778, 68.1638, 15.9587, 36.3175, 15.5629, 28.5203, 2.217, 1.6415, 4.9804, 12.5258, 2.9788, 4.7207, 9.8833, 41.48, 188.4393, 86.2939, 61.8068, 20.9222, 1.9513, 137.5958, 55.7034, 119.2161, 24.2335, 0, 118.6434, 316.0168, 31.2205, 86.5499, 5.9727],
      [0.0014, 0.1729, 0.0156, 1.564, 0.526, 0.7251, 0.7693, 1.5111, 0.0004, 0.2889, 0.0337, 0.0242, 0.082, 0, 0.64, 0.2069, 0.9346, 0.0049, 3.8028, 1.8936, 1.1844, 0.3672, 1.8512, 1.0394, 0.0032, 0.2337, 0.1767, 0.2947, 0.054, 0.0198, 0.001, 0.0699, 0.0006, 0.0635, 0.0693, 0.3307, 1.9658, 1.0666, 0.5571, 0.0041, 0.0423, 1.2929, 0.5938, 1.1305, 0.2887, 0, 0.7759, 2.86, 0.4199, 0.0171, 0.0012],
      [0.01, 2.3792, 0.007, 1.7298, 5.7239, 1.1984, 4.3224, 14.2369, 0.0029, 1.2377, 2.707, 0.0014, 0.9656, 0, 4.2142, 2.6952, 4.4876, 0.0357, 3.2098, 13.3611, 0.1258, 1.1472, 15.1286, 6.6585, 0.0229, 2.3392, 2.0958, 2.1313, 0.5195, 1.2288, 0.0071, 0.375, 0.0043, 0.1992, 0.0143, 1.054, 22.4106, 4.4505, 6.4406, 0.03, 0.0029, 2.735, 3.4789, 2.2936, 0.4085, 0, 10.3991, 37.4234, 0.3054, 0.1244, 0.0086],
      [0.0018, 0.0059, 0, 0.0162, 0.0211, 0, 0.0311, 0.045, 0.0005, 0.0067, 0.0039, 0, 0.0028, 0, 0.0193, 0.0064, 0.0208, 0.0064, 0.0118, 0.0484, 0.0226, 0.0085, 0.0432, 0.0195, 0.0041, 0.01, 0, 0, 0.0008, 0, 0.0013, 0.0033, 0.0008, 0, 0.0026, 0.0111, 0.0548, 0.0237, 0.0177, 0.0054, 0.0005, 0.0365, 0.0154, 0.0316, 0.0064, 0, 0.0334, 0.0918, 0.0082, 0.0224, 0.0015]
    ],
    [
      [5.2362, 12.9277, 0.593, 12.4261, 24.61, 50.9881, 33.8504, 51.9262, 1.8437, 11.7162, 2.8909, 3.5803, 2.1272, 0.6091, 61.9275, 17.0473, 35.5754, 20.5312, 21.9073, 73.0741, 44.543, 19.6346, 69.3733, 27.5144, 15.7746, 22.2427, 11.6559, 11.3128, 1.0472, 1.8437, 2.9942, 3.2017, 5.553, 4.1511, 5.9665, 30.9595, 55.9754, 42.0571, 47.6847, 10.1212, 0.7551, 79.7881, 55.3848, 71.3086, 16.5931, 0, 23.5322, 139.0855, 9.8857, 82.9873, 5.2916],
      [0.27, 0.3268, 0.1558, 1.0274, 1.5077, 2.6871, 2.2965, 3.206, 0.091, 0.9177, 0.2001, 1.6691, 0.3889, 0, 2.4936, 0.212, 2.0011, 1.0648, 1.2633, 4.491, 2.4844, 1.1793, 3.9158, 1.6911, 0.7015, 1.0335, 0.4308, 0.6663, 0.0526, 0.0141, 1.7432, 0.0784, 0.2746, 0.1593, 0.1412, 1.4179, 4.2707, 2.4507, 2.2393, 4.0476, 0.1778, 4.0099, 2.3295, 3.31, 0.8263, 0, 2.0572, 7.9862, 1.0138, 3.9774, 0.4213],
      [1.024, 2.7303, 0.1444, 3.2625, 5.8051, 9.641, 8.4448, 14.8141, 0.4872, 3.4025, 0.5581, 0.14, 0.8484, 0.2371, 10.4602, 3.1074, 10.0565, 4.3357, 7.8824, 21.3717, 13.112, 5.3593, 19.9407, 9.8882, 3.0557, 3.8509, 2.0945, 4.6358, 0.2327, 0.3534, 1.0348, 0.3017, 1.3752, 0.7865, 0.8466, 5.618, 26.5133, 12.08, 9.4409, 4.3581, 1.5521, 17.0819, 10.1478, 14.2265, 3.8249, 0, 7.6883, 35.1934, 10.3603, 21.4257, 2.7237],
      [0.8748, 8.1509, 0.1068, 7.4197, 7.6963, 19.3582, 12.6689, 16.0831, 0.3499, 7.7825, 1.3007, 4.6105, 1.2685, 1.312, 20.1373, 9.0049, 16.7157, 9.3114, 15.3175, 43.323, 20.6033, 21.967, 40.557, 15.3751, 8.0095, 7.5222, 2.9127, 6.5927, 0.2118, 1.7888, 3.4634, 0.4374, 2.677, 1.903, 0.7873, 14.3153, 42.8886, 27.9372, 28.5456, 16.2752, 1.5342, 38.4906, 27.1764, 21.6967, 10.0394, 0, 10.6177, 82.3773, 15.9042, 37.8688, 7.6207],
      [2.5951, 4.8643, 0, 4.8643, 7.3809, 9.3256, 10.7394, 16.9706, 1.2281, 5.1811, 1.0501, 0, 1.3669, 0.8419, 17.9814, 2.6283, 13.6513, 8.7569, 11.6295, 32.7402, 17.2572, 5.8598, 21.2132, 10.5312, 5.4587, 7.3507, 0.9061, 0.7924, 0.4556, 0, 0.7644, 0.9807, 3.1201, 0, 1.2583, 9.6893, 26.3521, 14.4751, 16.0894, 3.1979, 0.9807, 21.6296, 16.9615, 18.4582, 4.7164, 0, 11.1045, 49.3577, 5.8359, 34.7408, 4.9427]
    ]
  ],
  "V_est": [
    [266.0355, 271.2722, 556.0777, 465.7905, 203.8242],
    [485.5321, 733.0684, 4552.7151, 1477.7978, 33.8866],
    [135.3025, 224.5979, 301.3777, 20551.4342, 144.2877],
    [7.523, 2776.6899, 29.9727, 186.0887, 0.7256],
    [1363.6069, 81.3717, 357.8568, 720.8888, 468.2759]
  ],
  "p_est": [
    [0.1509, 0.1539, 0.3154, 0.2642, 0.1156],
    [0.0667, 0.1007, 0.6251, 0.2029, 0.0047],
    [0.0063, 0.0105, 0.0141, 0.9623, 0.0068],
    [0.0025, 0.9253, 0.01, 0.062, 0.0002],
    [0.4558, 0.0272, 0.1196, 0.2409, 0.1565]
  ],
  "EI_Z": {},
  "EI_V": 9.9555,
  "MAE_Z": {},
  "MAE_V": 289.8735,
  "MAE_p": 0.0683,
  "runtime": 1.1846
}
