{
  "Z_true": {},
  "V_true": [
    [292, 19, 15, 42, 1567, 18],
    [110, 519, 427, 7200, 719, 200],
    [571, 171, 141, 112, 15353, 171],
    [11, 22, 803, 398, 347, 33],
    [73, 552, 118, 787, 830, 323]
  ],
  "p_true": [
    [0.1495, 0.0097, 0.0077, 0.0215, 0.8024, 0.0092],
    [0.012, 0.0566, 0.0465, 0.7847, 0.0784, 0.0218],
    [0.0346, 0.0104, 0.0085, 0.0068, 0.9294, 0.0104],
    [0.0068, 0.0136, 0.4975, 0.2466, 0.215, 0.0204],
    [0.0272, 0.2057, 0.044, 0.2933, 0.3094, 0.1204]
  ],
  "Z_est": [
    [
      [5.3462, 4.7151, 3.1172, 10.0464, 3.6493, 5.1699, 4.0295, 10.6439, 2.585, 0, 0.3801, 0.076, 0.9123, 6.3103, 4.9418, 1.5966, 1.5206, 7.8309, 3.7254, 8.135, 2.4329, 2.4329, 4.9418, 3.7254, 3.6493, 3.3452, 0.3839, 0.4246, 8.8193, 2.585, 2.3569, 5.8542, 0.4562, 11.4042, 1.5966, 8.9713, 0.9123],
      [0.0001, 1.2054, 0.7971, 2.3646, 0.9332, 1.322, 1.0305, 2.7219, 0.661, 0.0615, 0.0972, 0.0195, 0.2333, 1.6137, 1.2638, 0.4084, 0.3889, 2.0026, 0.9527, 2.0803, 0.6222, 0.6222, 1.2638, 0.9527, 0.9333, 0.8555, 0.5708, 0, 0.3932, 0.661, 0.6028, 1.497, 0.1167, 2.9163, 0.4083, 2.2945, 0.2333],
      [0.005, 0.0058, 0.0063, 0.013, 0.0015, 0.0043, 0.01, 0.0203, 0.0045, 0, 0.3299, 0.001, 0.0025, 0.0095, 0.0285, 0.0128, 0.0063, 0.0155, 0.0163, 0.027, 0.0108, 0.0165, 0.0133, 0.007, 0.0108, 0.0095, 0.0003, 0, 0.011, 0.008, 0.008, 0.0043, 0.0165, 0.0363, 0.0055, 0.0258, 0.0023],
      [0.7592, 2.131, 1.0742, 3.9502, 0.2224, 1.0513, 2.1228, 2.9337, 0.4358, 0.1928, 0.1795, 0, 0.4315, 0.765, 1.4706, 0.0005, 0.4202, 0.9754, 1.0047, 1.3685, 0.928, 1.3859, 1.3904, 2.1645, 0.9373, 1.1114, 0.2489, 0.0527, 1.2504, 0.7449, 0.9776, 0.3681, 0.6984, 2.5867, 0.466, 3.3072, 0.1834],
      [49.8837, 53.9407, 36.0001, 113.61, 43.1894, 60.4505, 45.7877, 123.6523, 30.3079, 0.7456, 4.0102, 0.8993, 10.413, 74.2893, 57.2737, 18.9692, 17.6594, 92.1609, 43.2873, 95.3803, 27.9977, 27.5262, 57.3812, 42.1431, 42.4562, 38.6663, 8.7961, 8.1234, 105.5135, 29.9922, 27.0469, 69.2723, 4.6953, 133.027, 18.5194, 103.3528, 10.6681],
      [0.0058, 0.0021, 0.0053, 0.0158, 0.0042, 0.0021, 0.0195, 0.0279, 0.0058, 0, 0.0032, 0.0042, 0.0074, 0.0121, 0.0216, 0.0126, 0.0047, 0.0147, 0.0137, 0.0089, 0.0084, 0.0163, 0.0095, 0.0074, 0.0132, 0.0121, 0, 0.3994, 0.0126, 0.0089, 0.0079, 0.0042, 0.0168, 0.0295, 0.0042, 0.0484, 0.0005]
    ],
    [
      [0.2509, 0.0857, 0.1929, 0.3838, 1.2193, 0.1325, 2.1482, 1.5158, 0.2338, 0, 0, 0.0824, 0, 1.8966, 0, 0, 2.718, 0.5806, 0.5845, 0.8202, 0.4812, 0, 0.7598, 0.4052, 0.4247, 0.8219, 0, 0.0078, 0.7774, 0.3916, 0.0439, 0.8413, 0.4325, 1.4534, 0.4485, 1.7223, 0.6576],
      [0.1031, 0.8417, 0.3122, 0.3093, 0.1594, 0.2293, 0.2642, 1.3026, 0.2493, 0.0135, 0.0258, 0.0193, 0.0773, 0.511, 0.4059, 0.2384, 0.1095, 0.7436, 0.4943, 0.3221, 0.4669, 2.6657, 0.7199, 2.4047, 1.9603, 0.2396, 2.8173, 0, 0.2964, 0.1289, 0.842, 1.9486, 0.3387, 1.3285, 0.0902, 1.8728, 0.2424],
      [5.231, 5.5046, 6.3922, 13.3723, 1.3269, 4.1543, 8.8457, 17.9125, 4.9962, 0, 1.0817, 0.8846, 3.5545, 10.7422, 35.6007, 15.4072, 7.6707, 16.544, 19.2686, 34.6763, 9.5091, 20.8825, 18.845, 6.192, 11.8983, 10.1622, 0.3099, 0, 9.7613, 7.0766, 7.0766, 4.7672, 16.7521, 39.4755, 6.2729, 31.1821, 2.4752],
      [75.077, 36.0785, 87.4072, 172.1105, 54.3644, 60.3715, 490.9876, 702.489, 105.1306, 6.8912, 39.8993, 43.7461, 107.322, 187.3149, 360.7111, 314.5569, 102.7548, 238.4503, 247.3633, 335.8545, 224.0457, 340.2928, 340.969, 182.8802, 184.4769, 272.5308, 6.5768, 2.8155, 306.9121, 177.985, 239.273, 89.7029, 172.3623, 636.2221, 108.3815, 786.6969, 44.4704],
      [1.896, 0.9814, 2.2082, 4.3942, 10.0656, 2.6044, 11.7103, 38.4837, 6.3925, 0.0954, 0.7492, 0.2809, 12.0876, 39.5897, 22.7883, 22.9499, 17.6355, 34.9059, 24.6959, 47.1676, 8.8325, 14.6716, 26.2094, 11.7949, 13.3844, 19.8804, 3.296, 1.0005, 75.7976, 10.7494, 15.6922, 7.7239, 16.2199, 51.0359, 2.6767, 39.9728, 3.0275],
      [2.4421, 0.508, 2.4872, 6.43, 1.8644, 0.508, 11.044, 16.2964, 2.9977, 0, 2.244, 1.9867, 5.9586, 5.9456, 10.4939, 6.8476, 2.1114, 6.7757, 7.5934, 2.1592, 3.6645, 11.4873, 2.4968, 4.323, 5.8554, 7.365, 0, 0.1762, 5.4553, 4.6686, 2.0722, 1.0161, 15.8945, 16.4847, 2.1302, 22.553, 0.127]
    ],
    [
      [25.5623, 16.3945, 10.6691, 55.6803, 16.6346, 16.4083, 28.43, 60.9294, 5.551, 0, 0.5205, 1.2205, 5.6161, 40.8774, 11.4505, 7.1942, 9.9345, 21.8487, 16.5746, 31.1184, 17.8866, 13.6184, 40.5743, 19.3333, 13.013, 16.2867, 0.5205, 0.5205, 45.2847, 11.949, 12.774, 22.7713, 3.4016, 54.1018, 9.2408, 76.6011, 8.1486],
      [0, 1.4731, 0.592, 0, 1.2565, 0.879, 0, 0.513, 1.9249, 0.006, 0, 0, 0, 1.1969, 0, 0, 0.069, 6.4885, 0.1735, 0, 1.058, 0.5196, 2.7555, 0.643, 0.428, 0.4445, 0.9965, 0, 0, 0, 0.3379, 2.3866, 1.4078, 1.6292, 0, 11.8726, 1.4739],
      [0.5769, 1.7984, 0.0008, 0.5408, 0.0002, 0.0005, 0.0013, 0.0026, 0.0006, 0, 0.2095, 0.0001, 0.1519, 1.4843, 3.1578, 3.1348, 0.1524, 3.4534, 0.4775, 1.1086, 0.0014, 2.8569, 1.7054, 0.0009, 4.4802, 0.3847, 0, 0, 0.0014, 0.001, 0.0394, 0.0362, 2.4685, 2.0801, 0.6204, 1.9056, 0.9878],
      [2.3752, 0.1738, 3.0903, 5.6964, 0.2459, 2.327, 23.0953, 22.0209, 2.4285, 0.0753, 1.078, 0.0523, 0.9161, 0.8478, 1.632, 0.8518, 0.9034, 1.0809, 1.1149, 1.5176, 4.8728, 2.8314, 3.8668, 5.1216, 0.8351, 2.3394, 0.0297, 0.0127, 1.3862, 1.5813, 2.1789, 0.4069, 0.7757, 2.8698, 6.8307, 32.9975, 0.8296],
      [432.7816, 325.1432, 286.5998, 949.865, 326.7122, 412.3681, 501.3159, 1176.0899, 269.2661, 3.9187, 32.7304, 10.9608, 110.1413, 790.4658, 577.0018, 216.4931, 105.7875, 630.0093, 345.8171, 819.1831, 275.1131, 325.7018, 573.0214, 352.8417, 263.8041, 276.156, 47.4533, 40.4223, 1008.2255, 188.198, 209.385, 451.365, 267.1891, 1539.5074, 176.2741, 1028.4796, 177.5559],
      [0.7041, 0.017, 0.0479, 3.2174, 1.1507, 0.017, 0.1576, 1.4443, 0.8289, 0, 0.4616, 1.7663, 0.1745, 1.1278, 0.7579, 0.3261, 0.1532, 0.1192, 2.8423, 0.0724, 0.0681, 0.4718, 0.0766, 0.0596, 2.4396, 0.3886, 0, 0.0445, 0.1022, 0.2708, 0.2848, 0.0341, 0.7574, 1.8117, 0.0341, 9.1437, 0.0043]
    ],
    [
      [0.0278, 0.0318, 0.0397, 0.0782, 0.0106, 0.0252, 0.0715, 0.1603, 0.0265, 0, 0.0013, 0.0079, 0.0093, 0.0477, 0.1364, 0.0583, 0.0344, 0.0795, 0.0967, 0.1245, 0.8692, 0.0808, 0.0543, 1.2248, 0.045, 0.0556, 0.0013, 0, 0.0715, 0.0556, 0.0517, 0.0225, 0.106, 0.2199, 0.0305, 0.1205, 0.0079],
      [0, 0, 0, 0, 0, 0, 0, 0, 0, 0, 0, 0, 0, 0, 0, 0, 0, 0, 0, 0, 0, 0, 0, 0, 0, 0, 0, 0, 0, 0, 0, 0, 0, 0, 0, 0, 0],
      [12.7766, 14.6444, 17.1867, 34.6459, 4.3842, 11.233, 29.4443, 63.0081, 11.8556, 0, 0.8447, 3.1115, 5.2534, 23.0109, 67.4114, 29.4836, 15.8897, 37.9537, 43.0642, 62.7029, 33.4487, 39.4714, 29.1075, 21.7806, 23.8542, 24.9565, 0.6226, 0, 30.6378, 23.1664, 22.1936, 10.5845, 45.6324, 97.0889, 14.0218, 60.2384, 4.6308],
      [1.1481, 0.5722, 1.3438, 2.6734, 0.7998, 0.9413, 7.6584, 10.9902, 1.5736, 0, 0.0004, 0.6754, 0.0026, 2.761, 5.3275, 2.4123, 1.5209, 3.5256, 3.6403, 4.9533, 3.3629, 5.0096, 3.8536, 2.7506, 2.5346, 4.0134, 0.0965, 0, 4.5125, 2.6946, 3.5315, 1.3252, 8.3471, 9.3625, 1.6846, 8.0369, 0.3461],
      [6.0152, 8.3758, 10.491, 18.787, 2.0548, 6.4249, 13.3537, 41.867, 5.512, 0, 0.1535, 1.4271, 1.0748, 8.022, 26.2762, 9.7934, 7.7102, 15.8133, 23.7582, 24.6224, 26.8167, 13.5288, 6.2951, 17.9297, 5.2203, 10.816, 0.2795, 0, 16.5257, 14.4878, 11.8153, 4.317, 21.9185, 54.0717, 6.5121, 13.9721, 0.9212],
      [1.0323, 0.3758, 0.9387, 2.8155, 0.7506, 0.3757, 3.472, 4.9744, 1.0323, 0, 0, 0.7781, 0.66, 2.1583, 3.8484, 2.2523, 0.8448, 2.6279, 2.4406, 1.5969, 1.5024, 2.9093, 1.6894, 1.3143, 2.3459, 2.1585, 0, 0, 2.2526, 1.5956, 1.408, 0.7508, 3.996, 5.2569, 0.751, 8.6321, 0.0939]
    ],
    [
      [2.8128, 1.7728, 1.9811, 4.8113, 1.4862, 2.2641, 6.3207, 12.7507, 1.6038, 0, 0.0981, 0.6132, 1.4623, 3.8679, 5.4712, 4.1509, 1.7924, 5.6603, 3.0188, 5.8018, 5.33, 3.8679, 4.6698, 2.3113, 3.8679, 3.4905, 0.0943, 0.0472, 5.0471, 3.0188, 3.7736, 2.5107, 1.6038, 8.8207, 1.6836, 13.5848, 1.2736],
      [15.8969, 17.4798, 19.2987, 45.3261, 11.6509, 22.5697, 39.7054, 76.4626, 17.1648, 0.919, 3.877, 2.9612, 11.6894, 37.6784, 61.3303, 36.3532, 16.4327, 59.7654, 28.3795, 47.5976, 31.8529, 38.1924, 46.2608, 27.9997, 37.6784, 32.4604, 1.6153, 0, 45.3105, 19.2101, 35.2173, 26.1679, 16.1368, 84.126, 13.5015, 136.9601, 17.0504],
      [1.4105, 1.0468, 1.414, 3.4279, 0.2872, 1.6079, 1.6987, 0.0565, 1.1431, 0, 0.5341, 0.0028, 1.0378, 2.7531, 7.8016, 2.9617, 1.281, 4.0334, 2.1734, 9.4852, 0.03, 2.7727, 3.3288, 0.0195, 2.7566, 2.4871, 0.0672, 0, 3.5886, 1.7481, 2.6824, 1.6079, 1.1305, 6.3191, 1.0794, 9.6482, 0.9041],
      [3.6405, 2.0445, 4.0845, 8.5695, 2.3675, 3.3089, 32.1359, 29.5661, 4.4315, 0.8407, 5.8429, 4.5262, 4.3278, 8.3113, 15.8587, 18.1784, 4.4007, 10.9678, 9.8769, 14.3062, 9.7905, 13.4802, 13.9201, 6.0831, 8.2161, 11.0049, 0.048, 0.1191, 12.9389, 11.9943, 10.0391, 4.1969, 0.8164, 25.9589, 4.6372, 34.9615, 2.1705],
      [11.4236, 5.5589, 8.7009, 22.3439, 1.978, 15.1522, 31.8324, 22.9072, 3.5215, 0.2403, 2.3567, 1.4319, 5.2833, 15.6332, 35.6599, 11.7944, 8.2075, 21.1106, 7.4414, 32.6466, 13.24, 7.5716, 17.0928, 4.2907, 15.1351, 11.4813, 0.1751, 0.4538, 23.9376, 17.5727, 17.0606, 7.3218, 2.9772, 29.358, 6.0177, 41.2227, 4.8272],
      [6.8157, 3.097, 6.5208, 17.5213, 4.2301, 3.0972, 22.307, 30.2569, 6.1353, 0, 3.2912, 3.4647, 7.1996, 13.7562, 25.8782, 14.5614, 5.8858, 18.4624, 13.1099, 13.1626, 10.7565, 16.1152, 13.7276, 8.2957, 14.3459, 13.0758, 0, 0.3799, 16.1773, 10.456, 11.2271, 6.1948, 11.3353, 32.4173, 5.0806, 51.6228, 0.7743]
    ]
  ],
  "V_est": [
    [149.0235, 35.1011, 0.7052, 40.2909, 1727.0884, 0.791],
    [22.5144, 25.0947, 415.8045, 7885.4748, 623.6476, 202.464],
    [748.641, 40.5254, 33.8221, 141.2896, 15523.3437, 31.3783],
    [4.085, 0, 969.3412, 113.9824, 456.9601, 69.6313],
    [132.7361, 1182.2789, 84.327, 357.9624, 484.9603, 440.7354]
  ],
  "p_est": [
    [0.0763, 0.018, 0.0004, 0.0206, 0.8843, 0.0004],
    [0.0025, 0.0027, 0.0453, 0.8595, 0.068, 0.0221],
    [0.0453, 0.0025, 0.002, 0.0086, 0.9397, 0.0019],
    [0.0025, 1.4514e-08, 0.6006, 0.0706, 0.2831, 0.0431],
    [0.0495, 0.4407, 0.0314, 0.1334, 0.1808, 0.1643]
  ],
  "EI_Z": {},
  "EI_V": 7.3945,
  "MAE_Z": {},
  "MAE_V": 157.4724,
  "MAE_p": 0.0455,
  "runtime": 1.0713
}
