{
  "X": [
    [11, 24, 26, 127, 31, 11],
    [15, 31, 24, 228, 26, 26],
    [1, 3, 5, 4, 6, 3],
    [9, 22, 53, 121, 70, 14],
    [40, 62, 85, 388, 108, 17],
    [44, 91, 146, 531, 167, 36],
    [54, 57, 167, 573, 177, 24],
    [48, 68, 226, 561, 219, 42],
    [2, 6, 13, 43, 10, 5],
    [7, 22, 28, 167, 47, 12],
    [4, 7, 15, 50, 12, 13],
    [4, 7, 9, 29, 7, 0],
    [1, 7, 10, 54, 10, 7],
    [0, 9, 2, 34, 1, 0],
    [69, 82, 110, 725, 113, 33],
    [6, 38, 16, 262, 19, 15],
    [62, 115, 136, 732, 117, 33],
    [30, 52, 29, 282, 55, 22],
    [29, 79, 67, 416, 51, 30],
    [35, 90, 101, 587, 81, 34],
    [62, 198, 323, 1155, 285, 67],
    [38, 129, 166, 607, 181, 51],
    [41, 93, 186, 828, 153, 35],
    [40, 149, 256, 1011, 200, 43],
    [30, 17, 26, 260, 27, 13],
    [21, 51, 35, 290, 70, 17],
    [9, 18, 23, 117, 22, 6],
    [20, 19, 50, 118, 54, 17],
    [0, 5, 1, 21, 3, 0],
    [2, 5, 8, 27, 3, 2],
    [1, 4, 3, 39, 4, 2],
    [5, 11, 18, 64, 8, 4],
    [2, 2, 13, 63, 10, 3],
    [4, 17, 20, 91, 14, 7],
    [23, 49, 61, 354, 96, 26],
    [5, 6, 7, 20, 6, 3],
    [73, 109, 322, 1085, 263, 83],
    [56, 73, 191, 613, 121, 34],
    [59, 79, 76, 675, 128, 47],
    [20, 33, 37, 243, 43, 26],
    [1, 0, 3, 9, 1, 1],
    [89, 143, 190, 738, 188, 59],
    [56, 77, 118, 427, 82, 29],
    [65, 160, 246, 769, 185, 79],
    [14, 63, 45, 207, 38, 26],
    [117, 192, 520, 2107, 516, 102],
    [76, 193, 205, 1351, 260, 75],
    [12, 38, 77, 271, 38, 17],
    [52, 260, 359, 1102, 192, 89],
    [5, 27, 17, 119, 20, 9]
  ],
  "W": [
    [11, 24, 37, 151, 7],
    [7, 22, 39, 270, 12],
    [3, 7, 7, 3, 2],
    [6, 60, 64, 147, 12],
    [26, 101, 104, 445, 24],
    [35, 130, 181, 630, 39],
    [42, 137, 189, 649, 35],
    [36, 207, 223, 630, 68],
    [3, 9, 12, 53, 2],
    [9, 39, 42, 180, 13],
    [3, 11, 17, 60, 10],
    [2, 7, 10, 35, 2],
    [2, 13, 12, 60, 2],
    [2, 1, 4, 36, 3],
    [39, 88, 138, 839, 28],
    [5, 13, 43, 285, 10],
    [44, 90, 185, 831, 45],
    [20, 53, 59, 317, 21],
    [30, 38, 92, 493, 19],
    [35, 67, 139, 664, 23],
    [68, 218, 440, 1296, 68],
    [49, 154, 223, 712, 34],
    [53, 115, 206, 910, 52],
    [49, 139, 299, 1155, 57],
    [19, 22, 32, 290, 10],
    [25, 52, 60, 333, 14],
    [9, 16, 33, 132, 5],
    [19, 49, 58, 134, 18],
    [0, 4, 1, 21, 4],
    [2, 7, 9, 28, 1],
    [5, 5, 2, 38, 3],
    [1, 10, 20, 76, 3],
    [6, 6, 14, 65, 2],
    [6, 12, 35, 98, 2],
    [26, 87, 79, 401, 16],
    [5, 8, 7, 26, 1],
    [71, 208, 331, 1250, 75],
    [47, 109, 199, 692, 41],
    [57, 84, 107, 792, 24],
    [18, 36, 42, 284, 22],
    [0, 0, 4, 10, 1],
    [75, 143, 226, 897, 66],
    [43, 75, 134, 498, 39],
    [63, 165, 288, 929, 59],
    [11, 35, 59, 274, 14],
    [85, 402, 550, 2359, 158],
    [66, 189, 291, 1545, 69],
    [10, 36, 90, 304, 13],
    [53, 189, 478, 1246, 88],
    [5, 12, 36, 137, 7]
  ],
  "method": "mvn_cdf",
  "mvncdf_method": "genz",
  "mvncdf_samples": 5000,
  "mvncdf_error": 0.001,
  "cond_prob": [
    [
      [0.50255853871, 0.097463191897, 0.015060109098, 0.20114455799, 0.086371818972, 0.097401783339],
      [0.013908506517, 0.01548668075, 0.10588426873, 0.036746436602, 0.78344092788, 0.044533179525],
      [0.0014667662929, 0.25748745802, 0.51128465599, 0.11831246311, 0.085409882707, 0.026038773873],
      [0.031663858264, 0.082315678866, 0.015840106889, 0.78225365773, 0.046115474981, 0.041811223267],
      [0.043219852435, 0.085645870789, 0.28338970552, 0.20109027582, 0.16053219144, 0.22612210401]
    ],
    [
      [0.5278714202, 0.070578194413, 0.0087618339174, 0.18362816929, 0.044792389123, 0.16436799306],
      [0.024440536964, 0.019018066528, 0.10280908765, 0.058087904727, 0.67161971715, 0.12402468698],
      [0.0020129556079, 0.27417504513, 0.43511529925, 0.16223790982, 0.065316484236, 0.061142305947],
      [0.037376267479, 0.068842435371, 0.0095445910887, 0.8026512723, 0.026975601836, 0.054609831923],
      [0.049759229791, 0.067272572098, 0.17752758078, 0.19946224218, 0.090005343153, 0.415973032]
    ],
    [
      [0.29769793171, 0.13514536034, 0.018640527339, 0.20571158172, 0.077379229771, 0.26542536911],
      [0.0054916226228, 0.018852328261, 0.11101301809, 0.031003485366, 0.73418115865, 0.099458387011],
      [0.00041795084103, 0.28988078224, 0.5199477072, 0.087193800863, 0.048545855711, 0.054013903143],
      [0.012501189319, 0.092004278408, 0.016388757428, 0.76502447992, 0.029729799839, 0.084351495085],
      [0.014017811329, 0.078709655112, 0.23909353434, 0.13020540574, 0.099791905322, 0.43818168817]
    ],
    [
      [0.48902642787, 0.072300263118, 0.020980432308, 0.17776718227, 0.13292613925, 0.10699955518],
      [0.00990954713, 0.0083304686391, 0.10223660771, 0.023395169873, 0.82199497868, 0.034133227964],
      [0.001705765384, 0.16462177003, 0.60696459211, 0.091394259214, 0.1105577561, 0.024755857162],
      [0.033548897616, 0.067193733338, 0.026388852739, 0.7541276715, 0.069896621082, 0.048844223723],
      [0.035867639234, 0.054424851702, 0.33458547466, 0.1519738678, 0.21102039615, 0.21212777046]
    ],
    [
      [0.6315938961, 0.071839939441, 0.013192735751, 0.17656643338, 0.062723461662, 0.044083533664],
      [0.023869869139, 0.015989380751, 0.12655257124, 0.045761091924, 0.76053957159, 0.027287515355],
      [0.0011541978454, 0.23394871511, 0.54332516088, 0.13058997745, 0.077010703878, 0.013971244831],
      [0.043324666674, 0.072336024043, 0.01712734214, 0.80812115173, 0.040161710266, 0.018929105148],
      [0.073674528013, 0.083209877002, 0.32282063296, 0.23300551138, 0.15306745811, 0.13422199253]
    ],
    [
      [0.52721680225, 0.083754197226, 0.018654000234, 0.19404679972, 0.10360577631, 0.072722424262],
      [0.013246051185, 0.011874814272, 0.11412281437, 0.031777841412, 0.79966950213, 0.029308976637],
      [0.0012166654563, 0.20420270709, 0.57460928362, 0.1072869256, 0.094616315818, 0.018068102414],
      [0.034603987694, 0.074208632418, 0.021083186211, 0.78290427693, 0.05549174442, 0.031708172332],
      [0.046274271078, 0.07212176502, 0.3390886276, 0.19047729818, 0.18798488218, 0.16405315594]
    ],
    [
      [0.58150606333, 0.052250054286, 0.019443753047, 0.19539924976, 0.10128562294, 0.050115256639],
      [0.014950479349, 0.0062084800854, 0.12165659531, 0.034207553395, 0.80282614049, 0.020150751361],
      [0.0013549145431, 0.13516659041, 0.63482199996, 0.11708498593, 0.099169281709, 0.012402227457],
      [0.039081054638, 0.041175586282, 0.025306406491, 0.81787669597, 0.057222321613, 0.019337935008],
      [0.054538467449, 0.048156996125, 0.37460551454, 0.20502167635, 0.19652976054, 0.121147585]
    ],
    [
      [0.54514693231, 0.061997749129, 0.023812971601, 0.20577164683, 0.09170723424, 0.071563465891],
      [0.014713193651, 0.0077119787394, 0.15573289788, 0.036678806541, 0.75429919966, 0.030863923528],
      [0.0011999806678, 0.13613338392, 0.6655687731, 0.10409073797, 0.076825269458, 0.016181854891],
      [0.034915417625, 0.048284840082, 0.026723977139, 0.8092959016, 0.0504588877, 0.030320975854],
      [0.045070155268, 0.049919228924, 0.40658942887, 0.19016257626, 0.15643339555, 0.15182521513]
    ],
    [
      [0.35175735163, 0.098607314608, 0.037892440619, 0.23608286504, 0.10363631116, 0.17202371694],
      [0.0061863495609, 0.011616142948, 0.19315787963, 0.029378156051, 0.70522421955, 0.054437252257],
      [0.00027249254142, 0.13449428362, 0.71992297076, 0.069191748308, 0.052831458596, 0.023287046177],
      [0.016092351743, 0.073279142741, 0.030581521642, 0.77212570408, 0.046796659208, 0.061124620585],
      [0.016443123091, 0.050953400468, 0.44400273269, 0.1371923522, 0.11393632469, 0.23747206686]
    ],
    [
      [0.39009777307, 0.090038524759, 0.01453112714, 0.29758700868, 0.10825134453, 0.099494221821],
      [0.0085499635293, 0.012234844967, 0.085022424632, 0.045868021681, 0.81002371872, 0.03830102647],
      [0.00035091578215, 0.22795982698, 0.47374853486, 0.16914330446, 0.10297598886, 0.025821429055],
      [0.015256815445, 0.056760226268, 0.0081131136974, 0.84424397312, 0.043165455128, 0.032460416338],
      [0.030362017065, 0.070872373985, 0.24581125889, 0.26653308666, 0.18000303185, 0.20641823155]
    ],
    [
      [0.42131995895, 0.051677210259, 0.014122496843, 0.15309335805, 0.05390519836, 0.30588177754],
      [0.015112210645, 0.011564918046, 0.12390960563, 0.043907414168, 0.64404741859, 0.16145843292],
      [0.0036509964895, 0.16784336227, 0.56886729679, 0.12057096665, 0.067812027136, 0.071255350666],
      [0.037360934117, 0.058559376384, 0.033179759631, 0.76332870461, 0.047191065919, 0.060380159339],
      [0.026608281871, 0.035085452908, 0.19330972242, 0.12083096604, 0.076949438396, 0.54721613836]
    ],
    [
      [0.77547960387, 0.068870085643, 0.01169758301, 0.1098322522, 0.034120475271, 0],
      [0.0425530244, 0.023607136442, 0.17355161086, 0.041634314869, 0.71865391343, 0],
      [0.0026773231801, 0.26440218137, 0.59525635826, 0.089562492435, 0.048101644753, 0],
      [0.051768808556, 0.10943782382, 0.027813489244, 0.77713517076, 0.033844707623, 0],
      [0.1562440451, 0.11133211316, 0.41785392591, 0.19676969526, 0.11780022056, 0]
    ],
    [
      [0.27525204992, 0.099592315941, 0.018403463059, 0.30376010103, 0.05660568408, 0.24638638596],
      [0.0071509146307, 0.019360200249, 0.15395173534, 0.066610011989, 0.62702330953, 0.12590382826],
      [0, 0.218846665, 0.53791400405, 0.14791682314, 0.045669819614, 0.049652688195],
      [0.0054328177707, 0.063387586977, 0.017086552007, 0.83896955122, 0.017384264628, 0.0577392274],
      [0.015282471854, 0.059858783088, 0.24082967273, 0.20668734569, 0.072195947427, 0.4051457792]
    ],
    [
      [0, 0.59402635693, 0.0099444423791, 0.36030966408, 0.035719536608, 0],
      [0, 0.1297182136, 0.11167737118, 0.10720486187, 0.65139955336, 0],
      [0, 0.65483971003, 0.1957918199, 0.13004085767, 0.019327612403, 0],
      [0, 0.10589371985, 0.01533294077, 0.87849870683, 0.00027463254461, 0],
      [0, 0.41689877259, 0.17776019892, 0.34201964442, 0.06332138407, 0]
    ],
    [
      [0.65651975956, 0.055685108558, 0.011869544201, 0.17116698631, 0.05512930346, 0.049629297907],
      [0.028293492127, 0.013678705644, 0.12743546134, 0.049484169059, 0.74609912793, 0.035009043904],
      [0.0013529862236, 0.20539732431, 0.55433217803, 0.14372679823, 0.07665935785, 0.018531355361],
      [0.045797429792, 0.05764639845, 0.015736554603, 0.81934522934, 0.036499828752, 0.024974559065],
      [0.081969513424, 0.068371271971, 0.30792704636, 0.2394619674, 0.14253165004, 0.1597385508]
    ],
    [
      [0.37370339012, 0.12311645908, 0.0085265690407, 0.32434962655, 0.059625514318, 0.11067844089],
      [0.01398757527, 0.026562436009, 0.081737090333, 0.081895869892, 0.72733095275, 0.068486075743],
      [0.014464918386, 0.36241195917, 0.30871523181, 0.21604956171, 0.065335797566, 0.03302253135],
      [0.010519754602, 0.071467150925, 0, 0.86581289396, 0.018686774391, 0.033513426124],
      [0.032952301877, 0.10872537784, 0.16200300125, 0.3266799627, 0.11114000459, 0.25849935174]
    ],
    [
      [0.58534147967, 0.082083985772, 0.013702475897, 0.20375269506, 0.061707502571, 0.053411861033],
      [0.022821212938, 0.017986726643, 0.13081067468, 0.052139128545, 0.74279686772, 0.033445389482],
      [0.001414159479, 0.24833435773, 0.52376362036, 0.14010123199, 0.070282372162, 0.016104258288],
      [0.037363993072, 0.072046061981, 0.015383706914, 0.81976290346, 0.033893417719, 0.02154991685],
      [0.063999288522, 0.087941456495, 0.30986666952, 0.24890353672, 0.13923295151, 0.15005609723]
    ],
    [
      [0.63132210704, 0.080968943417, 0.005650547446, 0.17541318277, 0.041382660222, 0.065262559103],
      [0.034526458356, 0.025325757894, 0.083886141856, 0.066124827436, 0.73042605674, 0.059710757719],
      [0.0018820577927, 0.36746388616, 0.34959751818, 0.18034439509, 0.070556933976, 0.030155208801],
      [0.042979734536, 0.078969061428, 0.00034817818931, 0.81582038795, 0.027746734805, 0.03413590309],
      [0.086097062318, 0.11070448605, 0.17639987971, 0.27293991427, 0.11910436907, 0.23475428857]
    ],
    [
      [0.46854315099, 0.12625334192, 0.017010499522, 0.2247992168, 0.064533161203, 0.098860629561],
      [0.016482655417, 0.024495634644, 0.14601860039, 0.051868388432, 0.70525471825, 0.055880002874],
      [0.0010955015258, 0.29556581761, 0.50338109712, 0.11975362278, 0.05670427722, 0.02349968374],
      [0.027286384405, 0.091405191728, 0.018006853376, 0.79545212489, 0.030151786792, 0.037697658808],
      [0.040231100649, 0.10667109917, 0.30276518685, 0.21630494042, 0.11487902516, 0.21914864776]
    ],
    [
      [0.47006424869, 0.10309921142, 0.017227377091, 0.25472958203, 0.068205570717, 0.086674010061],
      [0.016000025861, 0.019642396749, 0.14330375279, 0.056587720214, 0.71706023405, 0.047405870336],
      [0.0010089340588, 0.24920542832, 0.52703368804, 0.13959020484, 0.061809133879, 0.021352610866],
      [0.024695404771, 0.072922487057, 0.01569435967, 0.82712715385, 0.028867454147, 0.030693140501],
      [0.040772128754, 0.087626133713, 0.30943273511, 0.24685298882, 0.12218739915, 0.19312861446]
    ],
    [
      [0.43363136232, 0.10011956088, 0.021107479555, 0.25795152715, 0.10542284077, 0.081767229326],
      [0.010381201063, 0.013579018717, 0.1242015202, 0.040702722224, 0.77946960572, 0.031665932072],
      [0.00048963256755, 0.2115769935, 0.56254645566, 0.12393413013, 0.083934211588, 0.017518576562],
      [0.021404570008, 0.069428594235, 0.018550071244, 0.81704914053, 0.045944247089, 0.027623376893],
      [0.033738301038, 0.075857478103, 0.33716804656, 0.22293234301, 0.16811875668, 0.16218507461]
    ],
    [
      [0.41069857961, 0.12274991343, 0.021093904767, 0.23430457038, 0.10373853971, 0.1074144921],
      [0.009773926366, 0.016088879057, 0.12436101111, 0.037410176083, 0.77068453373, 0.041681473657],
      [0.00046188240734, 0.24890547759, 0.54047308649, 0.10858002865, 0.079421959965, 0.022157564903],
      [0.021389734369, 0.087035717165, 0.020096138151, 0.78503520442, 0.04792760966, 0.038515596231],
      [0.030532185026, 0.089182786598, 0.32296630307, 0.19410285281, 0.15870112384, 0.20451474866]
    ],
    [
      [0.41817552991, 0.088474077676, 0.025979539835, 0.29272152534, 0.10272880775, 0.071920519493],
      [0.0098047871597, 0.011673678988, 0.15137571833, 0.046005568789, 0.7537654799, 0.027374766834],
      [0.00027477693314, 0.16692727454, 0.61999306327, 0.12614617229, 0.073291029862, 0.013367683104],
      [0.017675150198, 0.054217360281, 0.021312215697, 0.84501559665, 0.041585881487, 0.020193795683],
      [0.030156839668, 0.062376622843, 0.38658056659, 0.23547719807, 0.15252382109, 0.13288495173]
    ],
    [
      [0.38988001583, 0.1098876815, 0.02867553295, 0.27910371344, 0.11804290896, 0.074410147327],
      [0.0079841897414, 0.0130935307, 0.14813606906, 0.038912229614, 0.76677586482, 0.025098116065],
      [0, 0.18692570519, 0.61630557454, 0.10856572356, 0.07581046841, 0.0123925283],
      [0.015833563505, 0.070800340559, 0.023361778514, 0.82033570651, 0.048163112063, 0.021505498845],
      [0.026286157933, 0.072461818278, 0.39904849675, 0.20993378522, 0.16383031164, 0.12843943018]
    ],
    [
      [0.7059378995, 0.035606540943, 0.0082893447682, 0.16347357502, 0.037620427918, 0.049072211849],
      [0.04053516199, 0.011606317901, 0.12273143578, 0.064595606506, 0.71320193551, 0.047329542309],
      [0.0022709240382, 0.18014534701, 0.53615132589, 0.18540169699, 0.071055038401, 0.024975667666],
      [0.050319399309, 0.03370050303, 0.011620803976, 0.8510330509, 0.024634441857, 0.028691800926],
      [0.10301109769, 0.053033974528, 0.26155352807, 0.27404596663, 0.11770199208, 0.19065344101]
    ],
    [
      [0.4565209972, 0.11413860344, 0.011807353602, 0.24038261142, 0.10032581406, 0.076824620271],
      [0.011933131962, 0.016488798314, 0.07721918606, 0.041399335446, 0.82046736585, 0.032492182369],
      [0.0011562767291, 0.31036648621, 0.4167980514, 0.14776893342, 0.10264809079, 0.021262161452],
      [0.024959029493, 0.081739499375, 0.007298849441, 0.80930216878, 0.04800587099, 0.028694581927],
      [0.041837055941, 0.10341963839, 0.23221560979, 0.24813650455, 0.19162222409, 0.18276896724]
    ],
    [
      [0.51426898092, 0.086725412214, 0.015554025268, 0.23370367588, 0.082166209049, 0.06758169667],
      [0.014523540838, 0.014527946968, 0.11373931614, 0.044221578817, 0.7809859706, 0.032001646637],
      [0.001527222112, 0.22967356463, 0.53232066489, 0.13702807144, 0.081382587491, 0.018067889431],
      [0.029247452683, 0.06825466878, 0.014672879097, 0.8215686242, 0.040003240637, 0.026253134608],
      [0.045628086878, 0.079636045355, 0.30735654644, 0.24402738091, 0.15973508756, 0.16361685286]
    ],
    [
      [0.61454663444, 0.05056463373, 0.014993445082, 0.15227777019, 0.074123764424, 0.093493752127],
      [0.018915314821, 0.008773681812, 0.12061406949, 0.033499052733, 0.76896089584, 0.049236985309],
      [0.00097649761511, 0.16251827086, 0.60648096521, 0.11075393824, 0.089456230781, 0.029814097297],
      [0.046720159228, 0.054283136733, 0.022231817294, 0.77559556287, 0.051577331772, 0.049591992105],
      [0.059979184508, 0.050520084349, 0.31389309108, 0.17287416333, 0.15626337429, 0.24647010245]
    ],
    [
      [0.16360773309, 0.38720024625, 0.0058722437451, 0.38069428473, 0.031921188923, 0.030704303265],
      [0, 0.11744886952, 0.079536124101, 0.13462456249, 0.6683904439, 0],
      [0, 0.72288490639, 0.12121148346, 0.1371302523, 0.018773357847, 0],
      [0, 0.10170999626, 0.0042664581554, 0.89106242727, 0.0029611183147, 0],
      [0, 0.41785242353, 0.11776209972, 0.40301513126, 0.06137034549, 0]
    ],
    [
      [0.51186458006, 0.10184280609, 0.017402552947, 0.27339182018, 0.020717453423, 0.0747807873],
      [0.092109182104, 0.03680042502, 0.27731111876, 0.10327319003, 0.41646164631, 0.07404443778],
      [0.013720447399, 0.24786674563, 0.58123955753, 0.13697152355, 0, 0.020201725884],
      [0.0061533236188, 0.079083238455, 0.015298286158, 0.86492449599, 0, 0.034540655775],
      [0.03572947723, 0.093580025258, 0.36450903254, 0.27967442969, 0.043333568997, 0.18317346629]
    ],
    [
      [0.18448052279, 0.19129799792, 0.016390266418, 0.47029233304, 0.052322882607, 0.085215997231],
      [0.0060302723436, 0.025568337045, 0.14393000354, 0.10375773703, 0.67357105578, 0.047142594254],
      [0, 0.26483722219, 0.46820007605, 0.20936217998, 0.040480669508, 0.01711985226],
      [0, 0.055475289741, 0.012415091698, 0.90956417758, 0.0011464881791, 0.021398952804],
      [0.015815341447, 0.092644290221, 0.26340833785, 0.38252884724, 0.082000806076, 0.16360237717]
    ],
    [
      [0.68846623973, 0.066317891119, 0.015307727275, 0.14790850259, 0.029794691238, 0.052204948046],
      [0.033524712634, 0.023114838312, 0.23423330711, 0.0574247665, 0.60041281192, 0.051289563522],
      [0.0016876889642, 0.20949713458, 0.63759290259, 0.10110988166, 0.032882030088, 0.017230362117],
      [0.049170690267, 0.082517734804, 0.022002452577, 0.79806231159, 0.014209147477, 0.034037663283],
      [0.068520131444, 0.080414396328, 0.406104918, 0.20097017272, 0.076180459862, 0.16780992164]
    ],
    [
      [0.3012083489, 0.054724883245, 0.03151721152, 0.38286361121, 0.13489603531, 0.094789909816],
      [0.0041230780532, 0.0034130466992, 0.13421847311, 0.043446883455, 0.78880681799, 0.025991700685],
      [0, 0.08400137765, 0.68193425365, 0.13732558589, 0.080971419334, 0.015767363478],
      [0.0020832831246, 0.0063276492364, 0.02561691889, 0.89266757723, 0.046082842714, 0.027221728807],
      [0.01629901758, 0.031927966438, 0.39670330663, 0.24809315487, 0.16439911655, 0.14257743793]
    ],
    [
      [0.38565501164, 0.1086120877, 0.015304700715, 0.29761424021, 0.069680617835, 0.1231333419],
      [0.011374528456, 0.019523587133, 0.12110512582, 0.061118914295, 0.72416087071, 0.062716973587],
      [0.00028413216824, 0.26511308034, 0.48099917223, 0.16015502436, 0.062715678372, 0.030732912519],
      [0.015124167768, 0.068024452369, 0.01131760527, 0.84031081945, 0.02518106511, 0.040041890031],
      [0.028731260745, 0.084345142024, 0.25540697058, 0.26250071411, 0.11459636034, 0.25441955219]
    ],
    [
      [0.45214904462, 0.090772176572, 0.016263036077, 0.2500601294, 0.091690135008, 0.099065478318],
      [0.012258806642, 0.014037042935, 0.10910969047, 0.044344322429, 0.77664920803, 0.043600929493],
      [0.00096505833042, 0.22729578245, 0.51864342448, 0.14142535086, 0.086449546038, 0.025220837841],
      [0.023691448214, 0.065518642483, 0.01391730345, 0.81978042143, 0.041607565919, 0.035484618506],
      [0.037568645007, 0.074334889033, 0.28318429838, 0.23349555459, 0.15833920751, 0.21307740547]
    ],
    [
      [0.67260144052, 0.093389111474, 0.014815218435, 0.109141433, 0.030518822385, 0.07953397419],
      [0.027959991534, 0.027431919275, 0.20718828232, 0.03726899208, 0.62949402083, 0.070656793958],
      [0.00095057662557, 0.27850082032, 0.59583609677, 0.067563990402, 0.032599623788, 0.024548892095],
      [0.051780050493, 0.12526483769, 0.027761370502, 0.71319766703, 0.019431809721, 0.062564264568],
      [0.060377515943, 0.10720756626, 0.37576933882, 0.14005362285, 0.078029302159, 0.23856265396]
    ],
    [
      [0.47317584687, 0.066512694905, 0.027378281817, 0.22951351208, 0.10325682254, 0.10016284178],
      [0.011316131463, 0.0078570679614, 0.15792139447, 0.036015725277, 0.74877935318, 0.038110327652],
      [0.00088611471376, 0.12855456116, 0.67234686756, 0.10235777813, 0.075946415713, 0.01990826273],
      [0.027369299516, 0.045295943335, 0.027585991746, 0.81090232372, 0.050728261608, 0.038118180073],
      [0.033944415507, 0.046291194858, 0.40238918796, 0.18273254095, 0.15165426036, 0.18298840037]
    ],
    [
      [0.56928424444, 0.065659907839, 0.023694392939, 0.20948245122, 0.067759501892, 0.064119501666],
      [0.018987346775, 0.011909875425, 0.19349559553, 0.045946184143, 0.69531689506, 0.034344103064],
      [0.0011353969899, 0.14673280626, 0.67321728855, 0.10704637188, 0.057328410059, 0.01453972626],
      [0.036014382444, 0.053648339771, 0.025018258868, 0.8215478705, 0.037052345246, 0.026718803168],
      [0.04941763562, 0.055886057169, 0.42713336735, 0.20323991044, 0.12139476431, 0.14292826511]
    ],
    [
      [0.52532675206, 0.071951827181, 0.012423903946, 0.20750072552, 0.092213411751, 0.090583379546],
      [0.014971141675, 0.011451235758, 0.086858731524, 0.038505033007, 0.80694326862, 0.041270589417],
      [0.0014763325205, 0.22313977971, 0.49310878597, 0.14600600465, 0.10775509962, 0.02851399753],
      [0.033362624167, 0.061150722598, 0.011645290669, 0.80676183773, 0.04927991536, 0.03779960948],
      [0.050734721323, 0.06789638834, 0.2504164049, 0.22333407905, 0.18337968092, 0.22423872547]
    ],
    [
      [0.50660253099, 0.080596039097, 0.014279229707, 0.20631054354, 0.065773020963, 0.1264386357],
      [0.017683566342, 0.016039574398, 0.12344540442, 0.047552832273, 0.72439540124, 0.070883221334],
      [0.0014489652591, 0.23224879987, 0.52471363763, 0.1343259402, 0.071299387054, 0.03596326998],
      [0.03240607465, 0.06924261581, 0.015574682552, 0.80072281446, 0.035462507347, 0.046591305177],
      [0.044562014194, 0.070567915145, 0.2653525764, 0.2057972481, 0.12145112888, 0.29226911727]
    ],
    [
      [0.99078704326, 0.00041660142534, 0.00025930549781, 0.0057040479849, 0.0010400771132, 0.0017929247172],
      [0.013905242962, 0.002374066213, 0.058093904106, 0.02552067035, 0.87406220179, 0.026043914578],
      [0.071357367786, 0, 0.68182212951, 0.12385200463, 0.085486896363, 0.037481601717],
      [0.059450559356, 0, 0, 0.8279047827, 0.051684743113, 0.060959914829],
      [0.1200649353, 0, 0.27271148197, 0.22554415447, 0.14120498341, 0.24047444484]
    ],
    [
      [0.58822224222, 0.084730145992, 0.016490779425, 0.16312922863, 0.076957386591, 0.070470217141],
      [0.018755982142, 0.015204007009, 0.12997271596, 0.034702622249, 0.76468939773, 0.036675274903],
      [0.00087804328897, 0.23131079027, 0.56752773961, 0.10143999784, 0.079183113165, 0.019660315828],
      [0.042510019511, 0.085548352326, 0.021793018698, 0.76465603388, 0.049660423585, 0.035832152002],
      [0.058656077302, 0.082696294086, 0.33890130662, 0.18152925717, 0.15813376664, 0.18008329818]
    ],
    [
      [0.64697266783, 0.073122955422, 0.015452652633, 0.15986909644, 0.048991251276, 0.055591376399],
      [0.028623964409, 0.018791720927, 0.17218405585, 0.048053632422, 0.69153203781, 0.040814588581],
      [0.0004343837809, 0.22218910653, 0.59347386131, 0.11077934123, 0.055857334477, 0.017265972661],
      [0.046449388544, 0.079295585891, 0.021473881917, 0.79065744834, 0.032218607895, 0.029905087418],
      [0.072907052083, 0.081635687131, 0.36416002916, 0.20332731859, 0.11535189251, 0.16261802052]
    ],
    [
      [0.48583718842, 0.10493052967, 0.022576147373, 0.19517706214, 0.076318729995, 0.1151603424],
      [0.014859520588, 0.017525125377, 0.16631920366, 0.03888143451, 0.7070124141, 0.055402301764],
      [0.0011152513097, 0.22067441297, 0.59983448701, 0.093963911069, 0.060692032537, 0.023719905104],
      [0.031629136435, 0.088525747579, 0.024802142883, 0.76775784414, 0.041824658862, 0.045460470098],
      [0.037894510284, 0.079713228922, 0.36172052737, 0.16914855584, 0.12204166493, 0.22948151265]
    ],
    [
      [0.41516981587, 0.18917884019, 0.01809410656, 0.16829914907, 0.059373465733, 0.14988462258],
      [0.015072823778, 0.033045449195, 0.15755304012, 0.043322134722, 0.66573762141, 0.085268930768],
      [0.0015093784327, 0.3796768464, 0.46051072953, 0.083681848658, 0.0458923717, 0.028728825284],
      [0.030561066142, 0.12908138531, 0.029622613085, 0.71772025829, 0.036539378814, 0.056475298356],
      [0.03162841019, 0.1423720374, 0.28570567114, 0.14570391444, 0.094759671578, 0.29983029525]
    ],
    [
      [0.48923497691, 0.065015570761, 0.023233043106, 0.24696514251, 0.10690957557, 0.068641691153],
      [0.011827981207, 0.0076770480157, 0.1350627141, 0.03924021481, 0.78007715493, 0.026114886938],
      [0.0010024520095, 0.13999546066, 0.63395327984, 0.12270115754, 0.08748204969, 0.014865600266],
      [0.027101257207, 0.041740532834, 0.023416133344, 0.83434363225, 0.049874603411, 0.023523840955],
      [0.039094709883, 0.050152423203, 0.37858872025, 0.21855146462, 0.17438198114, 0.13923070091]
    ],
    [
      [0.47036066116, 0.095063377782, 0.015284584983, 0.24626802238, 0.093104387599, 0.079918966091],
      [0.013090607829, 0.014734621213, 0.10325847903, 0.044453990215, 0.78895294654, 0.035509355174],
      [0.0010556127682, 0.24494515266, 0.49840466274, 0.14412869656, 0.090495183425, 0.020970691847],
      [0.025423697732, 0.069238094503, 0.013003691802, 0.8204460021, 0.043158843159, 0.028729670707],
      [0.041960509733, 0.082450409097, 0.28041890092, 0.2436809048, 0.16997815168, 0.18151112377]
    ],
    [
      [0.44527201348, 0.094117868302, 0.026447095221, 0.26914237013, 0.067726490695, 0.09729416217],
      [0.01366987476, 0.016625833857, 0.20364442038, 0.055022127979, 0.6619943063, 0.049043436727],
      [0.00068307797002, 0.17849928436, 0.63904965194, 0.11528779175, 0.047468032774, 0.019012161209],
      [0.021650434809, 0.064225795951, 0.021998209683, 0.83262769224, 0.025983877793, 0.033513989527],
      [0.031688859573, 0.066977979761, 0.40018503814, 0.21792769187, 0.1015167898, 0.18170364086]
    ],
    [
      [0.41027683693, 0.138650602, 0.022900388903, 0.25585551318, 0.065849683695, 0.10646697529],
      [0.013472018701, 0.024918018271, 0.18363547996, 0.055855461546, 0.66573159231, 0.056387429218],
      [0.00032569809862, 0.26500771038, 0.55344047656, 0.11378494295, 0.046562665038, 0.020878506979],
      [0.019945215342, 0.090196049753, 0.022201485204, 0.80637334894, 0.025309928625, 0.035973972138],
      [0.03070106933, 0.10095510327, 0.35081335589, 0.2130975007, 0.10106330527, 0.20336966554]
    ],
    [
      [0.39742069025, 0.14176678544, 0.011496209092, 0.25420265339, 0.0896570342, 0.10545662763],
      [0.010409683124, 0.021120105877, 0.078521885896, 0.045776744007, 0.7975405156, 0.046631065495],
      [0.00084003628509, 0.36156072655, 0.37778271001, 0.14592104792, 0.086265904855, 0.02762957439],
      [0.019194279232, 0.088951751509, 0.0068689732635, 0.80452625823, 0.042014006038, 0.038444731725],
      [0.032588970037, 0.11930695569, 0.20843277521, 0.24377295743, 0.15996246283, 0.2359358788]
    ]
  ],
  "expected_outcome": [
    [
      [5.5281439258, 3.6950999414, 0.89309379514, 2.9341585672, 16.4214412986, 18.4525880788, 24.42325466, 19.6252895632, 1.0552720549, 3.5108799576, 1.2639598768, 1.5509592077, 0.55050409985, 0, 25.604270623, 1.8685169506, 25.7550251054, 12.6264421409, 14.0562945298, 16.4522487041, 29.4869326379, 20.124230401, 22.1633030853, 19.1041207755, 13.4128200905, 11.4130249301, 4.6284208283, 11.6763860544, 0, 1.0237291601, 0.92240261394, 0.68846623973, 1.8072500934, 2.3139300699, 11.7558751602, 3.3630072026, 33.5954851279, 26.7563594887, 29.9436248673, 9.1188455579, 0, 44.1166681667, 27.8198247167, 30.6077428704, 4.5668679746, 41.584973037, 31.0438036368, 4.4527201348, 21.7446723575, 1.9871034512],
      [1.0720951109, 0.49404736089, 0.40543608103, 0.43380157871, 1.8678384255, 2.9313969029, 2.19450228, 2.2319189687, 0.29582194383, 0.81034672283, 0.15503163078, 0.13774017129, 0.19918463188, 1.1880527139, 2.1717192338, 0.6155822954, 3.611695374, 1.6193788683, 3.7876002576, 3.6084723996, 6.8081301398, 6.0147457582, 4.6891261168, 5.3844963935, 0.67652427791, 2.8534650861, 0.78052870993, 0.96072804086, 0, 0.20368561217, 0.95648998959, 0.066317891119, 0.32834929947, 0.65167252617, 2.3600765909, 0.46694555737, 4.7224013382, 3.0860156684, 4.1012541493, 1.4507287037, 0, 6.3547609494, 3.1442870832, 6.6106233692, 2.0809672421, 5.5263235147, 6.2741829336, 0.94117868302, 7.3484819058, 0.70883392719],
      [0.16566120008, 0.061332837422, 0.055921582018, 0.12588259385, 0.34301112953, 0.65289000819, 0.81663762797, 0.85726697764, 0.11367732186, 0.13078014426, 0.04236749053, 0.023395166019, 0.036806926117, 0.019888884758, 0.46291222386, 0.042632845204, 0.60290893948, 0.11301094892, 0.51031498567, 0.60295819819, 1.4353086098, 1.0336013336, 1.3769156112, 1.4051011145, 0.1574975506, 0.29518384005, 0.13998622741, 0.28487545656, 0, 0.034805105895, 0.081951332089, 0.015307727275, 0.18910326912, 0.091828204292, 0.42283893801, 0.074076092177, 1.943858009, 1.1136364682, 0.7081625249, 0.25702613472, 0, 1.2368084568, 0.66446406323, 1.4222972845, 0.19903517216, 1.974808664, 1.0087826089, 0.26447095221, 1.2137206119, 0.057481045462],
      [2.2125901378, 1.285397185, 0.61713474516, 1.0666030936, 4.5907272679, 6.7916379901, 8.2067684898, 7.4077792858, 0.70824859513, 2.6782830781, 0.45928007414, 0.21966450441, 0.60752020207, 0.72061932817, 6.6755124661, 1.6217481328, 8.9651185826, 3.5082636554, 6.7439765041, 8.9155353709, 17.5407038463, 11.4809239487, 15.514240843, 13.6760819583, 3.1059979254, 6.0095652854, 2.1033330829, 2.8932776337, 0, 0.54678364037, 2.3514616652, 0.14790850259, 2.2971816672, 1.7856854413, 6.5015633645, 0.54570716499, 16.2954593579, 9.8456752075, 11.8275413545, 3.7135897837, 0, 12.2346921472, 6.8743711469, 12.2961549147, 1.8512906398, 20.9920371132, 16.2536894772, 2.6914237013, 13.5603421987, 1.271013267],
      [0.9500900087, 0.31354672386, 0.23213768931, 0.79755683549, 1.6308100032, 3.6262021709, 4.2539961634, 3.3014604326, 0.31090893349, 0.97426210074, 0.16171559508, 0.068240950541, 0.11321136816, 0.071439073215, 2.1500428349, 0.29812757159, 2.7151301131, 0.82765320445, 1.9359948361, 2.3871949751, 7.1687531721, 5.0831884458, 5.4446268106, 5.7841025392, 0.71478813044, 2.5081453516, 0.73949588144, 1.4083515241, 0, 0.041434906845, 0.26161441303, 0.029794691238, 0.80937621186, 0.41808370701, 2.3839435102, 0.15259411192, 7.3312344007, 3.1846965889, 5.2561644698, 1.1839143773, 0, 5.7718039943, 2.1066238049, 4.8080799897, 0.65310812306, 9.087313923, 6.1448895815, 0.67726490695, 3.4900332358, 0.448285171],
      [1.0714196167, 1.1505759514, 0.79627610734, 0.64199733111, 1.1461718753, 2.5452848492, 2.1048407788, 2.5762847721, 0.51607115081, 0.89544799638, 0.91764533263, 0, 0.49277277193, 0, 1.9355426184, 0.55339220444, 2.3501218855, 1.3052511821, 2.9658188868, 3.0335903521, 5.5601715942, 5.2633101129, 3.8117875331, 3.646097219, 0.93237202513, 1.9206155068, 0.60823527003, 1.7763812904, 0, 0.1495615746, 0.42607998615, 0.052204948046, 0.56873945889, 0.73880005141, 2.5757024363, 0.39766987095, 7.1115617663, 3.0136165783, 5.1632526341, 2.2758954427, 0, 5.2852662856, 2.3904291852, 7.2551015714, 1.6487308484, 5.834543748, 5.274651762, 0.9729416217, 5.6427496903, 0.52728313813]
    ],
    [
      [0.33380415641, 0.53769181322, 0.03844135836, 0.5945728278, 2.4108567831, 1.7219866541, 2.0482156709, 3.0456310857, 0.055677146048, 0.33344857764, 0.1662343171, 0.2978711708, 0.0929618902, 0, 2.4898273072, 0.1818384785, 2.0539091644, 1.8299022929, 0.62634090586, 1.0720017327, 2.2631018316, 1.5051846604, 1.1275505234, 1.1098023741, 0.89177356378, 0.62052286201, 0.23237665341, 0.92685042625, 0, 0.64476427473, 0.030151361718, 0.33524712634, 0.024738468319, 0.13649434147, 1.0665161778, 0.22367993227, 2.3537553442, 2.0696207985, 1.2575759007, 0.63660838832, 0, 2.6821054464, 2.1467973307, 2.451820897, 0.52754883222, 4.7548484453, 2.4741248797, 0.49211549138, 2.5462115345, 0.12491619748],
      [0.37168033799, 0.41839746361, 0.13196629783, 0.49982811835, 1.6149274558, 1.5437258553, 0.8505617717, 1.5963795991, 0.10454528653, 0.47715895373, 0.1272140985, 0.16524995509, 0.25168260324, 0.1297182136, 1.2037260966, 0.34531166812, 1.6188053979, 1.3422651684, 0.93083411648, 1.3160405822, 2.9602260803, 2.4776873748, 1.3424730836, 1.8200007674, 0.25533899382, 0.85741751233, 0.2324471515, 0.42991040879, 0.46979547806, 0.25760297514, 0.12784168522, 0.23114838312, 0.020478280195, 0.23428304559, 1.2212227353, 0.2194553542, 1.634270136, 1.2981764214, 0.96190380367, 0.57742467832, 0, 2.1741730024, 1.4093790695, 2.8916456872, 1.1565907218, 3.0861733023, 2.7848434093, 0.59853001884, 4.7095054531, 0.25344127053],
      [2.5412224495, 2.2617999284, 0.77709112663, 6.1341964627, 12.7818096955, 14.8359658676, 16.6669535581, 32.2367098611, 1.7384209167, 3.3158745606, 1.3630056619, 1.214861276, 2.0013725594, 0.11167737118, 11.214320598, 1.0625821743, 11.7729607208, 4.4459655184, 5.5487068147, 9.6013514367, 27.0759314034, 19.1515957112, 17.4082076084, 20.5909135993, 2.7000915872, 4.0153976751, 1.8198290583, 5.9100894048, 0.31814449641, 1.9411778313, 0.71965001772, 2.3423330711, 0.80531083868, 1.4532615099, 9.4925430706, 1.6575062586, 32.8476500487, 21.0910199126, 7.296133448, 4.444034559, 0, 18.5860983828, 12.9138041886, 27.4426686043, 5.5143564043, 54.2952110676, 19.515852537, 7.3311991335, 34.7071057121, 0.94226263075],
      [0.88191447844, 1.277933904, 0.21702439756, 1.4037101924, 4.6218702843, 4.1311193836, 4.6864348151, 7.5925129539, 0.26440340446, 1.7888528456, 0.48298155585, 0.29144020408, 0.86593015585, 0.10720486187, 4.3546068772, 1.0646463086, 4.692521569, 3.5046158541, 1.9709987604, 3.7913772544, 8.8731934449, 5.7611671167, 5.2906404107, 5.4087999164, 1.4211033431, 2.1527654432, 0.70754526108, 1.6414535839, 0.53849824995, 0.72291233018, 0.51878868515, 0.574247665, 0.26068130073, 0.73342697154, 3.8579560513, 0.29815193664, 7.4912708577, 5.0081340716, 3.2344227726, 1.7119019618, 0, 4.9624749817, 3.6040224316, 6.4154366942, 1.5162747153, 15.7745663535, 8.4018041507, 1.9807966072, 10.5566822322, 0.54932092808],
      [18.802582269, 14.7756337772, 5.1392681105, 49.319698721, 76.8144967305, 103.9570352766, 109.9871812478, 156.1399343299, 6.347017976, 31.5909250301, 7.0845216045, 5.030577394, 8.1513030239, 0.65139955336, 65.6567232575, 9.4553023858, 66.8517180945, 38.7125810072, 26.7996792933, 48.0430356815, 169.924374048, 118.6854181938, 86.6830301879, 106.5818452098, 15.6904425813, 42.6643030242, 12.4957755295, 37.6790838961, 2.6735617756, 2.9152315242, 3.3678552789, 6.0041281192, 4.732840908, 8.6899304485, 67.568481099, 5.0359521667, 155.7461054617, 75.7895415619, 67.783234564, 26.0782344445, 0, 109.3505838757, 51.864902836, 116.6570483262, 23.3008167494, 313.591016282, 149.1121068954, 23.8317950269, 125.8232709458, 9.5704861872],
      [1.0687963086, 2.7285431135, 0.69620870908, 2.0479936778, 2.7560390508, 3.8101669629, 2.7606529365, 6.3888321703, 0.48993527031, 1.4937400323, 1.7760427621, 0, 1.6367497674, 0, 3.0807958635, 0.89031898465, 3.0100850534, 3.1646701591, 2.1234401092, 3.1761933125, 6.9031731917, 6.4189469432, 3.1480981859, 3.4886381331, 1.0412499308, 1.6895934832, 0.5120263462, 2.4126122802, 0, 0.51831106446, 0.23571297127, 0.51289563522, 0.15595020411, 0.75260368304, 3.7932808659, 0.56525435166, 7.9269481517, 3.743507234, 3.466729511, 2.551795968, 0, 5.2445643112, 3.0610941436, 9.1413797911, 2.9844125769, 10.4981845492, 6.7112681279, 1.7655637222, 10.6572241223, 0.55957278594]
    ],
    [
      [0.054270352838, 0.078505268708, 0.0029256558872, 0.10916898458, 0.12003657592, 0.22021644759, 0.25607884865, 0.26759568891, 0.003269910497, 0.01473846285, 0.062066940322, 0.026773231801, 0, 0, 0.18671209886, 0.62199149058, 0.26161950362, 0.11104140977, 0.10078614037, 0.14024183417, 0.21543832972, 0.10299977684, 0.056604048226, 0, 0.072669569222, 0.069376603745, 0.050398329695, 0.056636861677, 0, 0.1234840266, 0, 0.033753779283, 0, 0.0099446258883, 0.076239608103, 0.006654036379, 0.29330397025, 0.225944001, 0.15796757969, 0.060856540882, 0.28542947114, 0.19843778331, 0.058207426641, 0.3211923772, 0.089053327528, 0.55134860522, 0.30718331554, 0.061477017302, 0.15568369114, 0.030241306263],
      [9.5270359469, 10.6928267602, 2.0291654757, 10.5357932818, 24.3306663715, 36.9606899829, 25.5464855869, 30.357744614, 1.6139314035, 9.5743127334, 2.8533371586, 2.6440218137, 2.62615998, 2.6193588401, 28.3448307548, 15.5837142444, 45.9418561799, 21.6803692835, 27.19205522, 34.6395545367, 93.09387714, 55.5059215015, 34.3870185558, 55.8907858512, 5.7646511044, 18.6219891723, 7.5792276329, 9.4260597098, 0.72288490639, 2.2308007107, 0.52967444438, 4.1899426916, 1.1760192871, 9.2789578121, 17.9563668135, 1.9495057422, 42.5515597425, 29.199828445, 23.8759564289, 9.7544495947, 0, 52.2762386018, 29.7733402755, 63.554230936, 22.4009339373, 76.9975033617, 71.2790394227, 16.064935592, 126.6736855602, 13.0161861557],
      [18.9175322716, 16.9694966709, 3.6396339504, 38.845733895, 56.5058167317, 104.0042803352, 119.9813579922, 148.4218364004, 8.6390756491, 19.897438464, 9.6707440454, 5.9525635826, 6.4549680486, 0.78316727959, 76.4978405681, 13.2747549679, 96.8962697659, 20.6262535727, 46.3110609352, 73.2576826369, 247.5204404885, 120.5254982873, 127.7185710331, 184.2753667883, 17.1568424285, 25.0078830839, 17.5665819414, 35.1758959819, 0.12121148346, 5.2311560178, 0.93640015211, 12.7518580517, 9.5470795511, 16.8349710282, 40.9728305338, 4.1708526774, 222.5468131627, 133.9702404218, 52.7626400992, 22.0379727806, 2.727288518, 128.2612691511, 79.5254974161, 172.7523322581, 27.1701330423, 348.6743039104, 145.0357568574, 57.514468675, 264.5445477943, 13.6001775602],
      [4.3775611352, 6.3272784831, 0.61035660604, 5.8492325897, 13.5813576552, 19.4189335342, 22.1290623399, 23.2122345671, 0.8303009797, 7.1040187873, 2.049706433, 0.89562492435, 1.7750018777, 0.52016343067, 19.8342981551, 9.2901311536, 25.9187279173, 10.6403193102, 11.0173332961, 19.4030384727, 54.5310172562, 24.2133463888, 25.9861114918, 32.4611513441, 5.9328543037, 8.8661360054, 4.5219263576, 6.4237284181, 0.1371302523, 1.232743712, 0.41872435997, 2.0221976332, 1.9225582024, 5.6054258527, 11.1726027182, 0.47294793281, 33.8804245599, 21.3022280046, 15.6226424972, 5.6416894883, 0.49540801851, 22.9254395112, 14.8444317253, 27.061606388, 4.9372290708, 67.4856366469, 41.9414507002, 10.3759012573, 54.3892027304, 5.253157725],
