{
  "Z_true": {},
  "V_true": [
    [2639, 991, 772, 106],
    [1032, 4652, 508, 218],
    [1038, 348, 17600, 734],
    [186, 575, 344, 226],
    [204, 192, 846, 682]
  ],
  "p_true": [
    [0.5854, 0.2198, 0.1713, 0.0235],
    [0.161, 0.7257, 0.0793, 0.034],
    [0.0526, 0.0176, 0.8925, 0.0372],
    [0.1397, 0.432, 0.2585, 0.1698],
    [0.106, 0.0998, 0.4397, 0.3545]
  ],
  "Z_est": [
    [
      [6.7157, 65.6332, 93.6906, 116.7871, 2.7068, 30.5424, 35.9499, 70.5665, 87.9144, 61.9545, 64.3542, 72.5598, 105.6274, 139.2538, 51.7236, 57.1765, 99.6015, 67.4176, 4.8014, 6.214, 27.1195, 5.5511e-17, 0.8774, 78.5332, 31.3142, 92.994, 63.9208, 51.6767, 15.1523, 57.1221, 196.5229, 144.1178, 54.8918, 108.6202, 6.922, 1.6559, 7.1773, 56.4816, 142.7518, 48.0895, 62.166, 13.4069, 2, 2.8959, 41.1258, 0, 38.3073, 268.8782, 5.5016, 140.2885, 13.3088, 377.0292, 91.7345],
      [1.2761, 7.4464, 13.3438, 17.6079, 0, 3.9034, 6.8238, 11.6307, 16.9281, 10.6049, 9.5991, 9.2011, 13.9644, 19.8337, 10.6029, 9.0318, 16.9059, 11.7376, 1.4151, 1.4367, 0, 1.8078, 0.069, 9.936, 0.1251, 13.8501, 7.5469, 5.1328, 2.1294, 6.0348, 31.3208, 18.5037, 5.2473, 0, 0.3163, 0.1333, 0.8475, 7.6825, 17.6347, 8.0459, 6.6952, 2.9111, 1.2454, 2.2459, 4.6071, 0, 4.8342, 38.7522, 0, 19.276, 2.0374, 51.4566, 11.5325],
      [0.4184, 6.0156, 8.9671, 14.5787, 0.2932, 2.8502, 3.6045, 7.4306, 9.8078, 5.7491, 7.0479, 8.2574, 8.0981, 13.3776, 6.0455, 6.8416, 10.1001, 8.4248, 0.0939, 0.3517, 1.516, 0.1922, 0.0537, 7.7027, 2.849, 10.6138, 6.7741, 4.8445, 1.7375, 4.4277, 13.133, 12.8765, 5.3141, 8.0722, 0.5534, 0.0678, 0.4642, 4.4814, 13.3238, 5.6026, 4.545, 0.8525, 0.4788, 0.6238, 3.9531, 0, 3.2383, 26.5524, 2.9831, 13.8676, 1.8608, 35.1209, 6.2973],
      [0.5898, 4.9048, 5.9986, 9.0263, 0, 1.704, 3.6217, 4.3722, 6.3497, 3.6915, 3.9988, 3.9817, 4.31, 7.5349, 4.6281, 4.95, 7.3926, 4.42, 0.6896, 0.9976, 0.3645, 0, 0, 3.8281, 1.7117, 6.5421, 2.7582, 2.3461, 0.9808, 3.4154, 17.0233, 9.502, 2.5467, 4.3076, 0.2084, 0.1429, 0.5109, 4.3546, 9.2897, 3.262, 4.5938, 0.8294, 0.2758, 0.2344, 3.314, 0, 1.6202, 16.8172, 0.5153, 8.5679, 0.793, 19.3933, 2.4357]
    ],
    [
      [0.1401, 9.4423, 9.3849, 13.5451, 1.8418, 3.877, 3.3455, 9.853, 9.088, 8.5128, 10.1764, 10.6667, 17.2062, 13.4793, 3.9845, 4.6176, 10.0715, 4.6067, 0.0377, 0.2493, 5.5276, 0, 0.5862, 3.5492, 2.0806, 7.9032, 9.2554, 11.9177, 3.5518, 6.2248, 12.1943, 15.5685, 12.1169, 10.5025, 2.8651, 0.7903, 1.2078, 6.875, 9.8052, 2.3681, 3.394, 0.5052, 0, 0, 6.7285, 0, 4.8384, 28.1872, 0.2067, 10.7463, 1.9326, 32.7166, 4.2876],
      [3.3626, 91.1446, 148.0473, 189.4129, 0.7262, 55.4488, 78.9226, 191.6239, 221.15, 168.5924, 183.7564, 78.0506, 217.3497, 211.6563, 109.3813, 88.9968, 202.7365, 98.6958, 2.5903, 7.388, 15.3531, 0, 3.931, 50.9774, 25.073, 137.1486, 60.572, 43.5712, 35.8633, 58.0386, 190.9323, 214.7538, 46.2116, 88.4631, 8.4556, 7.9682, 15.5582, 96.3817, 133.4137, 49.6062, 39.6146, 12.0421, 4.1952, 7.2932, 60.8299, 0.9937, 66.2115, 451.8569, 4.5144, 165.2216, 21.9296, 483.6934, 54.4707],
      [0.201, 12.1435, 16.6671, 26.8199, 3.432, 6.7068, 6.5895, 20.4235, 21.0734, 14.3223, 23.3123, 12.0061, 20.3444, 24.0263, 10.3627, 11.3084, 20.1893, 11.969, 0.0937, 0.2795, 2.9463, 0, 0.4828, 6.4148, 3.9056, 17.5727, 9.3556, 7.7675, 5.0976, 7.0836, 15.3329, 24.8401, 8.4897, 13.1788, 1.829, 0.417, 1.2872, 9.1757, 16.5241, 5.8007, 4.6546, 0.6842, 0.4755, 0.5089, 8.5668, 0.0063, 7.357, 52.0013, 1.6, 19.8164, 3.48, 55.4652, 5.5121],
      [0.2963, 12.2696, 13.9007, 20.2222, 0, 4.9674, 9.1424, 15.0996, 17.6886, 12.5726, 15.7548, 7.2766, 14.0997, 16.8381, 10.2715, 10.0772, 19.0027, 7.7285, 0.2783, 1.0831, 1.1731, 0, 0, 4.0587, 2.9409, 13.3754, 4.8171, 4.7436, 3.4873, 6.653, 22.5404, 22.8375, 5.1819, 8.8557, 0.8503, 1.8246, 1.9469, 11.5676, 14.257, 4.225, 5.3368, 0.7685, 0.3292, 0.1979, 8.8749, 0, 4.5931, 40.9546, 0.6789, 15.2157, 1.6578, 38.1248, 2.7296]
    ],
    [
      [1.8782, 16.0901, 29.4519, 20.2055, 0, 11.2232, 6.8261, 20.379, 17.613, 15.1022, 14.0872, 12.6058, 24.8353, 27.4558, 7.1521, 11.2383, 19.2514, 11.5178, 0.0758, 1.1568, 8.0468, 0, 0.5364, 23.088, 15.7376, 27.495, 15.463, 24.301, 6.6204, 18.7324, 35.2379, 46.2924, 15.3244, 37.9507, 0.9363, 3.5826, 4.1894, 16.4173, 30.5524, 5.0583, 19.4081, 2.0571, 0, 0, 7.7779, 0, 17.2276, 94.5463, 0, 36.7554, 0.3151, 95.0378, 18.0326],
      [1.5055, 0, 7.0249, 0, 0, 0.5461, 8.5844, 11.5921, 21.6705, 13.0189, 2.368, 0, 5.8694, 6.1686, 11.6733, 1.783, 13.8092, 4.749, 0.1897, 2.3156, 0, 0.1922, 0, 0.4077, 0, 1.7012, 0, 0, 0, 0, 18.1042, 4.792, 0, 0, 0, 0.8575, 1.1676, 4.5944, 0.3715, 2.7282, 0.2367, 2.7536, 0, 0.5335, 0, 0.0063, 2.4874, 21.4291, 0, 4.5691, 0, 15.8547, 2.5842],
      [27.955, 281.177, 560.5362, 803.5569, 15, 197.0297, 195.5226, 506.059, 575.0076, 327.5064, 347.8427, 450.5992, 339.2364, 523.6946, 299.4066, 368.8127, 483.6617, 459.97, 3.6428, 26.7319, 81.9532, 20.8078, 18.4636, 432.5189, 382.3116, 752.9139, 441.537, 554.1511, 216.5814, 236.3862, 527.5358, 742.4488, 392.2055, 569.036, 22.0637, 28.6508, 49.3223, 244.2714, 506.3693, 179.0874, 228.7394, 38.858, 8.9284, 11.4665, 160.7652, 4.9937, 257.5018, 1889.5764, 44, 719.592, 74.6849, 1649.804, 208.3832],
      [0.6613, 3.733, 4.987, 5.2376, 0, 1.2011, 4.067, 2.9699, 4.7089, 2.3726, 1.7021, 0.795, 1.0589, 2.6811, 3.7681, 4.166, 5.2777, 1.7632, 0.0917, 1.7958, 0, 0, 0, 0.9854, 1.9508, 4.8898, 0, 0.548, 0.7982, 2.8814, 12.1221, 8.4668, 0.4701, 2.0133, 0, 2.9091, 1.3207, 4.7169, 4.7067, 1.1261, 4.6158, 0.3313, 0.0716, 0, 2.4569, 0, 0.7831, 14.4481, 0, 5.0834, 0, 7.3035, 0]
    ],
    [
      [0.0033, 0.2435, 0.1662, 0.1933, 0.0552, 0.1003, 0.0495, 0.2192, 0.1538, 0.1406, 0.2194, 0.1395, 0.2381, 0.2138, 0.0524, 0.0639, 0.1725, 0.1012, 0, 0.0023, 0.0227, 0, 0, 0.1141, 0.0337, 0.1008, 0.0533, 0.1778, 0.0254, 0.1706, 0.1857, 0.1988, 0.0826, 0.1914, 0.0391, 0.0216, 0.0173, 0.0938, 0.1152, 0.0381, 0.0991, 0, 0, 0, 0.1338, 0, 0.0677, 0.6898, 0, 0.1696, 0.0127, 0.5009, 0.0237],
      [0.79, 27.7582, 27.5489, 43.868, 2.2672, 14.5764, 14.9595, 52.0372, 56.2103, 31.1632, 50.1802, 23.6389, 29.8035, 35.2647, 21.6554, 14.0137, 41.6092, 30.6391, 0.7722, 0.7253, 1.5528, 0, 0, 17.1431, 4.305, 18.8962, 7.8038, 20.9793, 4.5412, 16.9312, 29.0457, 28.41, 9.6567, 18.5821, 2.2078, 1.9208, 2.201, 13.2749, 16.3673, 10.1041, 10.6629, 0, 1.5594, 0.8699, 16.1178, 0, 9.5805, 117.6644, 3.4298, 27.5441, 7.7572, 76.8543, 3.3175],
      [0.0363, 2.5295, 2.2135, 4.0975, 0.6776, 1.232, 1.0121, 3.9855, 3.988, 2.1395, 4.3249, 2.3085, 2.2236, 2.8422, 1.5351, 1.2177, 3.091, 2.5567, 0.0265, 0.0332, 0.1801, 0, 0, 1.5073, 0.4674, 1.6596, 0.7601, 2.2253, 0.421, 1.459, 1.9715, 2.3644, 1.0445, 1.8988, 0.2512, 0.1031, 0.1521, 1.0031, 1.4255, 0.8135, 0.9089, 0, 0.1173, 0.0465, 1.5146, 0, 0.762, 9.5699, 0.4615, 2.3129, 0.7695, 6.2509, 0.2527],
      [0.1704, 8.4688, 6.0714, 10.8412, 0, 3.0913, 3.9789, 9.7581, 10.6478, 5.5568, 10.2756, 4.9131, 4.7349, 6.6794, 4.7571, 3.7047, 9.1272, 5.703, 0.2013, 0.2392, 0.2445, 0, 0, 3.2355, 1.1939, 4.3434, 1.3829, 4.6176, 1.0124, 4.4391, 7.7971, 7.0268, 2.2163, 4.3277, 0.5019, 0.9545, 0.6297, 3.6282, 4.092, 2.0443, 3.3291, 0, 0.3233, 0.0835, 5.2337, 0, 1.5898, 25.0759, 1.1087, 5.9734, 1.4606, 14.3939, 0.406]
    ],
    [
      [0.2628, 4.591, 11.3064, 11.2691, 0.3961, 3.2571, 2.829, 9.9823, 8.2309, 7.2899, 11.1628, 7.0282, 12.093, 11.5973, 6.0875, 5.9037, 8.903, 5.3567, 0.0851, 0.3776, 1.2835, 0, 0, 9.7155, 3.8339, 7.507, 7.3075, 10.9268, 2.6502, 7.7501, 12.8591, 15.8224, 7.5844, 8.7353, 0.2376, 0.9496, 1.4082, 6.1322, 7.7754, 2.446, 5.9327, 1.0307, 0, 0.1041, 3.2341, 0, 5.5589, 34.6985, 0.2917, 8.0401, 1.4308, 41.7156, 6.9216],
      [0.0658, 0.6508, 2.0351, 2.1111, 0.0066, 0.5254, 0.7097, 2.1162, 2.0411, 1.6207, 2.0962, 1.1094, 2.0129, 2.0768, 1.687, 1.1747, 1.9392, 1.1784, 0.0327, 0.1345, 0.0942, 0, 0, 1.5359, 0.4969, 1.4038, 1.0773, 1.3168, 0.4661, 0.9953, 2.597, 2.5405, 0.8844, 0.9548, 0.0203, 0.1202, 0.2257, 1.0666, 1.2127, 0.5156, 0.7906, 0.2932, 0, 0.0575, 0.4452, 0, 0.8864, 6.2973, 0.0558, 1.3893, 0.2758, 7.141, 1.0951],
      [0.3893, 7.1343, 18.6162, 22.9471, 0.5972, 5.1813, 5.2713, 18.1014, 16.1231, 12.2827, 20.4722, 12.8288, 17.0975, 19.0594, 12.6501, 11.8195, 15.958, 11.0795, 0.1431, 0.6037, 1.4044, 0, 0, 15.8564, 6.4664, 14.2399, 12.5733, 17.0116, 5.1625, 10.6435, 19.0268, 24.4701, 11.9462, 11.8141, 0.3027, 0.7613, 1.7742, 9.0685, 12.3573, 4.6958, 8.1522, 1.6053, 0, 0.3543, 5.2003, 0, 8.1409, 58.3, 0.9554, 13.4111, 3.2049, 66.359, 9.5546],
      [1.2822, 14.6239, 31.0423, 37.6727, 0, 8.0363, 12.1901, 26.8002, 25.605, 18.8066, 30.2688, 17.0336, 21.7965, 27.2666, 23.5753, 22.1021, 28.1998, 15.3853, 0.739, 2.8842, 1.2179, 0, 0, 20.8923, 10.2028, 22.8493, 14.0418, 21.7448, 7.7213, 19.6111, 44.5171, 44.167, 15.585, 16.4957, 0.4395, 4.1689, 4.5919, 19.7328, 21.6546, 7.3426, 18.1244, 3.0708, 0, 0.4841, 11.1205, 0, 10.4138, 92.7042, 1.6971, 21.1595, 4.0886, 92.7844, 9.4287]
    ]
  ],
  "V_est": [
    [3483.7749, 475.2508, 333.3274, 215.6469],
    [362.5592, 5004.1726, 579.9005, 463.3677],
    [894.8658, 198.2393, 18488.858, 138.0369],
    [5.9071, 1018.762, 84.7451, 221.5858],
    [351.893, 61.5753, 583.169, 927.3627]
  ],
  "p_est": [
    [0.7728, 0.1054, 0.0739, 0.0478],
    [0.0566, 0.7807, 0.0905, 0.0723],
    [0.0454, 0.0101, 0.9376, 0.007],
    [0.0044, 0.7654, 0.0637, 0.1665],
    [0.1829, 0.032, 0.3031, 0.482]
  ],
  "EI_Z": {},
  "EI_V": 9.8833,
  "MAE_Z": {},
  "MAE_V": 334.9738,
  "MAE_p": 0.0899,
  "runtime": 0.003
}
