{
  "Z_true": {},
  "V_true": [
    [82, 1580, 228, 3019, 73],
    [376, 1133, 128, 11591, 174],
    [161, 465, 11791, 718, 551],
    [525, 286, 1235, 1506, 708]
  ],
  "p_true": [
    [0.0165, 0.3171, 0.0458, 0.606, 0.0147],
    [0.0281, 0.0845, 0.0096, 0.8649, 0.013],
    [0.0118, 0.034, 0.8615, 0.0525, 0.0403],
    [0.1232, 0.0671, 0.2899, 0.3535, 0.1662]
  ],
  "Z_est": [
    [
      [0.1235, 0.0047, 1.7816, 0.2186, 0.4919, 0.1164, 2.054, 0.2541, 0.133, 0.0546, 0.0522, 0.0658, 0, 0.0095, 0.6385, 0, 0, 0.0475, 0, 0.0676, 0.0997, 0.0404, 0.1377, 0, 0.1805, 0.323, 0, 0.0974, 0.342, 0, 0.0095, 0, 0.0404, 0.0047, 0.3515, 0.399, 0.3206, 0, 0, 0.2399, 0.076, 0.0024, 0.2114, 0, 0.1235, 0.0712, 0.2779, 0.266, 0.0546, 1.1542, 0.1259, 0.9357, 0.3064],
      [23.5815, 0.907, 83.4653, 34.4653, 77.5469, 22.2211, 63.8505, 48.5235, 25.3955, 10.4303, 9.9768, 4.037, 4.1073, 1.814, 6.3489, 0.4559, 83.4234, 9.0698, 0.4559, 43.7437, 19.0466, 7.7093, 26.3025, 146.324, 34.5035, 61.6748, 45.8026, 15.2588, 65.3027, 60.7103, 1.814, 87.9772, 7.7093, 0, 67.1167, 75.1247, 61.2213, 84.8028, 78.4089, 45.8026, 14.5117, 0.4535, 40.3607, 0, 23.5815, 13.6047, 53.0584, 50.791, 10.4303, 215.2556, 24.035, 178.6754, 58.5003],
      [0.7164, 0.0276, 2.5763, 1.047, 2.3558, 0.6751, 11.8939, 1.4741, 0.7715, 0.3169, 0.3031, 0.124, 0.124, 0.0551, 1.0891, 0.0138, 2.5212, 0.2755, 0.0138, 1.3226, 0.5786, 0.2342, 0.7991, 0, 1.047, 1.8737, 1.6313, 0.5649, 1.9839, 2.0528, 0.0551, 3.1334, 0.2342, 0.0276, 2.039, 2.3145, 1.8599, 3.1142, 2.3696, 1.3915, 0.4409, 0.0138, 1.2261, 0, 0.7164, 0.4133, 1.6119, 1.543, 0.3169, 11.8366, 0.7302, 5.4281, 1.7772],
      [27.5525, 1.0597, 99.083, 40.269, 90.6053, 25.9629, 93.2017, 56.6945, 29.6719, 12.1867, 11.6568, 4.7687, 4.7687, 2.1194, 5.9236, 0.5299, 96.9636, 10.5971, 0.5299, 50.8661, 22.2539, 9.0075, 30.7316, 172.5159, 40.269, 72.0603, 53.5154, 25.0584, 76.2992, 86.1622, 2.1194, 102.792, 9.0075, 1.0597, 78.4186, 90.0775, 71.5305, 99.083, 91.1351, 53.5154, 16.9554, 0.5299, 47.1571, 0, 27.5525, 15.8957, 61.9931, 59.3438, 12.1867, 257.5098, 28.0823, 208.7631, 68.3514],
      [0.0261, 0.001, 0.0939, 0, 0, 0.0246, 0, 0.0537, 0.0281, 0.0115, 0.011, 0.0045, 0, 0.002, 0, 0.0005, 0.0918, 0.01, 0.0005, 0, 0.0211, 0.0085, 0.0291, 0.1601, 0, 0.0683, 0.0507, 0.0206, 0.0723, 0.0748, 0.002, 0.0974, 0.0085, 0.908, 0.0743, 0.0843, 0.0678, 0, 0.0863, 0.0507, 0.0161, 0.0005, 0.0447, 0, 0.0261, 0.0151, 0.0587, 0.0562, 0.0115, 0.2439, 0.0266, 0.1977, 0.0647]
    ],
    [
      [30.8435, 0, 27.1637, 10.1452, 5.8484, 8.6022, 3.8325, 3.3154, 0.58, 0, 0.4136, 0.904, 0, 0, 0.1877, 0, 0, 1.533, 0, 0, 4.599, 1.6113, 3.7888, 0, 0.5526, 0, 0, 1.6412, 0, 0, 0.1564, 0, 0.5006, 0.7473, 6.3979, 4.0828, 3.4727, 0, 0, 23.4057, 6.4509, 0, 12.2036, 0, 7.7492, 4.6287, 5.8676, 4.4975, 4.8493, 14.2206, 0, 15.949, 2.5967],
      [0, 0.2696, 0, 3.2503, 5.9991, 2.225, 0, 5.8133, 0, 2.3636, 3.9188, 0, 5.8449, 2.2545, 0.2229, 0.5194, 13.5701, 0.3446, 0.13, 4.5672, 0, 0, 0, 8.4693, 19.5666, 6.5006, 3.2503, 0, 8.3586, 0, 0.1857, 2.4063, 3.8979, 0, 0, 0, 4.1232, 5.9619, 11.6798, 3.9294, 0, 0.9229, 10.476, 0, 9.2888, 0, 0, 9.5945, 0, 0, 4.9797, 110.8391, 3.0831],
      [0, 0, 2.2471, 1.7032, 3.1436, 0, 2.3844, 6.3643, 6.9643, 0.7105, 0.253, 0, 0.3264, 0, 0.2454, 1.3854, 0, 0.9538, 0.0681, 1.9111, 8.7807, 0.7591, 0, 0, 0, 6.0186, 4.4406, 0, 0, 10.2142, 0.0973, 14.6455, 0.3114, 0.1476, 4.5965, 2.5401, 2.1606, 11.5868, 2.9489, 0, 0, 0, 0, 0.0292, 3.0436, 0, 3.2549, 0, 1.9174, 29.6397, 7.5644, 0, 1.6156],
      [184.8194, 9.9327, 382.031, 159.9014, 308.009, 596.5789, 238.7831, 294.1513, 130.4557, 69.926, 21.1358, 11.65, 13.8287, 15.7455, 11.344, 4.0951, 518.2839, 94.1179, 6.2738, 106.5217, 280.6203, 74.9522, 501.2008, 446.5205, 139.8808, 333.7285, 165.4329, 83.1099, 310.0686, 232.7858, 9.4533, 366.7884, 27.2901, 6.4553, 386.6404, 251.5789, 209.8635, 303.4513, 286.4353, 295.443, 111.5491, 19.852, 330.5874, 2.7525, 134.9133, 248.6221, 892.0846, 473.6226, 303.2334, 943.4403, 207.8301, 870.3587, 156.9249],
      [2.3371, 0.7977, 3.5581, 0, 0, 7.594, 0, 3.3556, 0, 0, 0.2787, 0.4461, 0, 0, 0, 0, 2.146, 1.0506, 0.5281, 0, 0, 0.6774, 9.0105, 1.0102, 0, 3.7523, 1.8762, 0.2489, 9.5728, 0, 0.1072, 4.1597, 0, 0.6498, 11.3653, 2.7981, 2.38, 0, 1.936, 2.2218, 0, 0.2251, 3.7331, 0.2183, 4.005, 9.7492, 2.7928, 5.2854, 0, 10.6994, 5.6258, 51.8532, 1.7797]
    ],
    [
      [1.3055, 0, 5.7984, 4.0936, 6.9871, 1.2178, 3.2549, 0, 0, 0, 0.155, 2.0364, 0, 0, 0.7824, 0, 0, 1.6551, 0, 0, 2.0308, 0.4935, 1.2455, 0, 0.5148, 0, 0, 0.3045, 0.4141, 0, 0.0498, 0, 1.0783, 0.0554, 3.2362, 2.0387, 5.9013, 0, 0, 1.8994, 1.6254, 0, 18.3227, 0, 0.3875, 1.5848, 2.5408, 1.1791, 1.2289, 0, 0.5442, 5.2974, 7.5252],
      [0.0548, 0.0791, 0, 12.1873, 4.7636, 2.1749, 0, 7.0837, 0, 0.8502, 4.8301, 0, 0.2773, 2.3754, 0.08, 0.0617, 4.0828, 0, 0.1384, 2.0958, 0, 0, 0, 2.3726, 4.9328, 1.1266, 2.9979, 0, 4.8779, 0, 0.089, 0, 1.7332, 0, 0, 0, 4.825, 14.5449, 8.7306, 2.5406, 0, 0.3123, 1.5916, 0, 0.692, 1.1055, 0, 10.2724, 0, 0, 2.0068, 46.5854, 1.9866],
      [74.3526, 6.5061, 354.3811, 198.7191, 548.3054, 195.9292, 554.1917, 536.9669, 321.897, 80.7739, 21.3112, 7.5429, 11.31, 9.212, 14.1375, 3.77, 384.6179, 89.8385, 12.4517, 209.9042, 105.6442, 30.1601, 197.873, 223.5377, 84.3545, 881.2403, 540.5729, 47.1032, 228.5544, 173.4205, 8.4825, 678.9229, 60.1884, 9.425, 408.1038, 347.6158, 297.8492, 561.4311, 424.3518, 241.7464, 59.2938, 16.1867, 134.3115, 3.9042, 65.9752, 106.9894, 432.6089, 189.7282, 209.2357, 1147.2023, 191.9076, 864.8506, 195.0748],
      [3.026, 0.2751, 12.9292, 0, 19.944, 18.9864, 30.5534, 0, 7.103, 4.3759, 0, 0.3439, 0.4126, 0.4126, 0, 0.1375, 21.1235, 4.1076, 0, 0, 3.8513, 1.1004, 24.1513, 12.2442, 3.1979, 39.3345, 13.2722, 7.1694, 18.2005, 9.9749, 0.3095, 16.5029, 0, 0, 14.5694, 16.0892, 10.549, 12.024, 24.9176, 8.8372, 6.0808, 1.2606, 5.5362, 0, 2.407, 8.4052, 20.3208, 7.3243, 11.5355, 56.5642, 6.9804, 32.9076, 7.0313],
      [9.2611, 1.1398, 2.8913, 0, 0, 1.6917, 0, 7.9494, 0, 0, 1.7037, 0.0769, 0, 0, 0, 0.0308, 3.1758, 4.3988, 1.4099, 0, 0.4737, 0.2461, 1.7302, 1.8455, 0, 13.2986, 3.157, 0.4229, 1.9532, 0.6046, 0.0692, 1.5742, 0, 0.5196, 7.0907, 4.2563, 4.8756, 0, 0, 1.9762, 0, 2.2403, 1.238, 1.0958, 0.5383, 0.9151, 3.5295, 4.4962, 0, 4.2336, 1.561, 7.359, 9.382]
    ],
    [
      [11.7275, 0.9953, 23.2562, 14.5426, 32.6726, 22.0636, 22.8587, 27.4304, 18.287, 5.9454, 3.3791, 0.9939, 0, 0.9905, 1.3914, 0, 21, 5.7644, 0, 10.9324, 18.2705, 6.8549, 27.828, 22, 7.7521, 23.677, 12, 6.957, 25.244, 10, 2.7843, 13, 4.3807, 1.1926, 30.0145, 19.4796, 15.3054, 15, 16, 23.455, 12.8476, 0.9976, 22.2624, 0, 9.7398, 13.7152, 46.3137, 23.0575, 28.8672, 60.6253, 11.33, 61.8179, 4.5717],
      [11.3637, 1.7444, 22.5347, 13.0971, 23.6904, 21.3791, 22.1495, 26.5794, 15.6045, 6.356, 3.2743, 0.963, 0.7704, 3.5562, 1.3482, 0.963, 36.9236, 5.5855, 3.2757, 10.5933, 16.9534, 2.2907, 24.6975, 21.8341, 10.9972, 28.6981, 16.9492, 6.7412, 24.4608, 13.2897, 1.9113, 25.6164, 3.6595, 0, 21.8833, 18.8753, 14.8306, 23.6904, 21.1807, 22.7274, 1.4883, 2.3113, 21.5717, 0, 9.4376, 13.2897, 39.9416, 22.3421, 3.5697, 58.7444, 10.9785, 59.9001, 4.4299],
      [3.931, 0.4664, 7.7955, 4.5307, 8.1952, 7.3957, 15.5299, 9.1947, 14.3672, 2.1987, 1.1327, 0.3331, 2.2396, 0.7329, 0.5279, 1.8308, 9.8609, 1.9322, 0.4664, 4.8621, 5.9965, 1.8466, 9.3279, 7.4623, 2.5985, 15.8675, 11.3551, 2.332, 8.4617, 8.3125, 1.365, 22.2981, 1.2659, 0.3998, 17.2608, 6.5295, 5.1303, 18.8678, 6.3297, 7.8621, 2.2653, 0.7995, 7.4623, 0.0666, 3.2648, 4.5973, 15.5243, 7.7288, 5.5301, 20.3215, 3.7978, 20.7213, 1.5324],
      [14.6022, 1.7325, 28.9568, 16.8296, 30.4418, 27.4718, 28.4618, 34.1542, 22.7695, 12.5115, 4.2074, 1.2375, 0.99, 2.7224, 1.7325, 1.2375, 36.6291, 7.1773, 1.1964, 13.6122, 22.2745, 5.9399, 36.9163, 27.7193, 9.6523, 36.8766, 21.7795, 8.6623, 31.4318, 17.0771, 2.1178, 32.9167, 4.7024, 1.485, 37.3716, 24.2544, 19.057, 30.4418, 23.5119, 29.2043, 8.4148, 4.3576, 27.7193, 0.2475, 12.1272, 17.0771, 62.6015, 28.7093, 21.0445, 75.4857, 14.1072, 76.9707, 5.6924],
      [17.3756, 2.0615, 34.4567, 19, 28, 32.6897, 26, 40.6413, 20.9719, 5.9885, 5.0065, 1.4725, 0, 2.998, 2, 0.9687, 43.5863, 8.5406, 2.0615, 15, 26.5052, 7.068, 41.2303, 32.9842, 8, 43.8808, 25.9162, 10.3076, 37.4017, 20.3206, 2.8216, 39.1688, 4.9915, 2.9226, 44.4698, 28.8612, 22.6767, 35, 27.9777, 34.7512, 8.9839, 3.534, 32.9842, 0.6859, 14.4306, 20.3206, 68.619, 34.1622, 23.9885, 89.8231, 16.7866, 91.5901, 6.7735]
    ]
  ],
  "V_est": [
    [12.3048, 2229.6902, 81.0554, 2655.9437, 3.0059],
    [223.3385, 278.8071, 144.9735, 12585.0556, 169.8253],
    [86.7844, 154.4589, 12803.9655, 526.3798, 114.4115],
    [821.5723, 801.0438, 352.0057, 1066.6209, 1218.7573]
  ],
  "p_est": [
    [0.0025, 0.4475, 0.0163, 0.5331, 0.0006],
    [0.0167, 0.0208, 0.0108, 0.939, 0.0127],
    [0.0063, 0.0113, 0.9356, 0.0385, 0.0084],
    [0.1929, 0.188, 0.0826, 0.2504, 0.2861]
  ],
  "EI_Z": {},
  "EI_V": 10.9993,
  "MAE_Z": {},
  "MAE_V": 399.6058,
  "MAE_p": 0.059,
  "runtime": 0.6124
}
