{
  "X": [
    [13, 64, 248, 202, 19],
    [2, 9, 31, 26, 2],
    [2, 5, 17, 17, 0],
    [8, 74, 162, 149, 27],
    [4, 14, 14, 13, 1],
    [0, 8, 29, 16, 0],
    [7, 22, 88, 74, 12],
    [0, 4, 15, 11, 3],
    [6, 21, 19, 36, 8],
    [4, 7, 26, 35, 15],
    [53, 127, 510, 419, 75],
    [59, 107, 497, 513, 99],
    [30, 111, 481, 402, 60],
    [34, 92, 346, 371, 74],
    [5, 22, 50, 68, 16],
    [2, 17, 26, 30, 7],
    [3, 2, 20, 16, 8],
    [2, 13, 10, 22, 5],
    [5, 54, 82, 148, 15],
    [12, 56, 133, 155, 23],
    [15, 72, 183, 177, 28],
    [43, 60, 518, 621, 103],
    [49, 84, 374, 440, 73],
    [62, 104, 620, 716, 135],
    [37, 114, 231, 547, 42],
    [0, 4, 11, 19, 3],
    [18, 28, 103, 202, 23],
    [17, 47, 194, 306, 85],
    [4, 4, 20, 22, 4],
    [11, 59, 121, 138, 22],
    [7, 18, 29, 152, 14],
    [13, 14, 25, 109, 16],
    [23, 44, 116, 425, 60],
    [24, 181, 152, 712, 70],
    [14, 64, 41, 134, 13],
    [3, 14, 72, 26, 3],
    [40, 126, 720, 462, 63],
    [28, 89, 442, 369, 71],
    [36, 48, 297, 360, 52],
    [2, 6, 10, 18, 8],
    [22, 144, 147, 290, 60],
    [30, 79, 153, 301, 40],
    [1, 8, 17, 16, 7],
    [49, 162, 565, 565, 65],
    [5, 7, 22, 15, 3],
    [6, 28, 60, 71, 18],
    [0, 5, 3, 10, 1],
    [3, 4, 20, 23, 2],
    [44, 130, 225, 437, 71],
    [41, 111, 206, 348, 40],
    [28, 90, 194, 292, 46],
    [41, 156, 382, 444, 43],
    [35, 188, 437, 504, 47],
    [1, 9, 13, 29, 5],
    [8, 19, 96, 60, 13],
    [21, 22, 268, 155, 38],
    [19, 45, 30, 160, 22],
    [19, 51, 56, 265, 54],
    [42, 124, 255, 871, 114],
    [32, 89, 100, 481, 68],
    [3, 5, 81, 191, 31],
    [38, 167, 710, 716, 114],
    [16, 46, 150, 210, 22],
    [83, 460, 784, 929, 212],
    [0, 65, 119, 172, 23]
  ],
  "W": [
    [30, 65, 173, 173, 45, 29, 31],
    [13, 8, 20, 20, 5, 1, 3],
    [2, 11, 6, 8, 6, 4, 4],
    [25, 75, 139, 92, 46, 19, 24],
    [1, 9, 14, 9, 5, 7, 1],
    [4, 12, 12, 22, 2, 0, 1],
    [18, 21, 64, 59, 13, 11, 17],
    [5, 4, 6, 11, 5, 1, 1],
    [2, 12, 36, 16, 4, 11, 9],
    [20, 8, 31, 15, 4, 4, 5],
    [98, 115, 392, 314, 89, 120, 56],
    [110, 76, 460, 315, 107, 138, 69],
    [125, 105, 341, 331, 49, 81, 52],
    [71, 85, 314, 230, 56, 73, 88],
    [16, 19, 63, 22, 15, 16, 10],
    [7, 15, 29, 16, 3, 6, 6],
    [7, 4, 13, 11, 4, 6, 4],
    [3, 13, 19, 9, 3, 2, 3],
    [18, 71, 118, 47, 18, 19, 13],
    [28, 60, 135, 87, 18, 25, 26],
    [43, 68, 168, 114, 29, 28, 25],
    [93, 45, 580, 339, 97, 113, 78],
    [66, 56, 400, 254, 77, 102, 65],
    [104, 78, 672, 405, 116, 144, 118],
    [47, 126, 467, 136, 62, 56, 77],
    [4, 7, 15, 9, 0, 0, 2],
    [11, 27, 186, 56, 31, 32, 31],
    [38, 33, 288, 124, 51, 38, 77],
    [4, 5, 19, 15, 4, 7, 0],
    [45, 38, 120, 70, 17, 40, 21],
    [6, 14, 146, 20, 14, 8, 12],
    [5, 9, 108, 21, 11, 11, 12],
    [25, 40, 392, 60, 48, 37, 66],
    [38, 207, 583, 103, 62, 53, 93],
    [9, 55, 121, 29, 12, 18, 22],
    [19, 13, 27, 39, 6, 8, 6],
    [177, 96, 418, 462, 91, 112, 55],
    [104, 76, 305, 311, 69, 82, 52],
    [46, 27, 346, 194, 44, 70, 66],
    [5, 6, 16, 9, 3, 2, 3],
    [34, 108, 294, 76, 37, 59, 55],
    [41, 61, 272, 80, 53, 48, 48],
    [11, 6, 16, 7, 3, 1, 5],
    [142, 147, 491, 373, 80, 100, 73],
    [7, 7, 14, 12, 1, 5, 6],
    [12, 18, 64, 38, 19, 14, 18],
    [0, 3, 11, 3, 0, 0, 2],
    [6, 5, 16, 11, 1, 11, 2],
    [45, 108, 389, 145, 40, 104, 76],
    [55, 85, 309, 128, 46, 70, 53],
    [37, 71, 273, 93, 37, 80, 59],
    [109, 135, 380, 228, 58, 97, 59],
    [125, 161, 455, 292, 54, 74, 50],
    [7, 11, 26, 4, 3, 2, 4],
    [39, 21, 47, 56, 2, 26, 5],
    [54, 23, 142, 186, 31, 42, 26],
    [7, 38, 153, 20, 10, 25, 23],
    [10, 36, 256, 32, 41, 26, 44],
    [47, 106, 794, 163, 101, 85, 110],
    [17, 69, 441, 63, 53, 44, 83],
    [0, 4, 182, 78, 14, 3, 30],
    [189, 184, 606, 452, 115, 97, 102],
    [23, 42, 192, 114, 32, 16, 25],
    [196, 359, 883, 540, 148, 134, 208],
    [30, 83, 152, 83, 8, 4, 19]
  ],
  "method": "mult",
  "cond_prob": [
    [
      [0.00037988400805, 0.033742364008, 0.94348695804, 0.0095124528693, 0.012878341075],
      [0.00010089063907, 0.83201735888, 0.050481061372, 0.11712689036, 0.00027379875548],
      [0.0086317969426, 0.015225739467, 0.046808753566, 0.89651381706, 0.032819892962],
      [0.00026171037022, 5.6087434205e-05, 0.99841842811, 0, 0.0012637740841],
      [0.031059152682, 0.025250736831, 0.45766039887, 0.39663844521, 0.089391266399],
      [0.31086384443, 0.067421979422, 0.48416613301, 0.11069686924, 0.026851173905],
      [0.03325017626, 0.10230077865, 0.030783355898, 0.57888867569, 0.2547770135]
    ],
    [
      [0.0028620669959, 0.049545179495, 0.83210259348, 0.10201740655, 0.013472753481],
      [4.4947725896e-05, 0.88898322485, 0.0040712737504, 0.10681827638, 8.2277288404e-05],
      [0.010067483933, 0.025380891497, 0, 0.93492454763, 0.029627076941],
      [0.016903561311, 0.011418715836, 0.91107872309, 0.05725030922, 0.0033486905439],
      [0.079748173925, 0.029758023569, 0.35983605626, 0.44700309625, 0.083654649999],
      [0.78759450631, 0.031047916806, 0.10871110264, 0.054564665695, 0.018081808546],
      [0.078892422147, 0.10940556214, 0.0068767496733, 0.5620500733, 0.24277519274]
    ],
    [
      [0, 0.0056837294944, 0.89530545878, 0.099010811721, 0],
      [0.015937818344, 0.44288615708, 0.2232206243, 0.31795540028, 0],
      [0.0025704176348, 0, 0.016520289585, 0.98090929278, 0],
      [0, 0, 0.98767255452, 0.012327445475, 0],
      [0.017656714679, 0, 0.46106967111, 0.52127361421, 0],
      [0.38077826035, 0.0089444964252, 0.46141716456, 0.14886007867, 0],
      [0.045052040738, 0.020276706857, 0.035343339134, 0.89932791327, 0]
    ],
    [
      [0.00023048410606, 0.023832640779, 0.94967110439, 0.0049235692953, 0.021342201429],
      [8.2551995791e-05, 0.850971455, 0.08447913145, 0.063518111392, 0.00094875016174],
      [0.0076902817509, 0.028859320024, 0.066693195079, 0.83377352081, 0.062983682334],
      [0.00020290979696, 0, 0.99706317166, 0, 0.0027339185429],
      [0.025058079613, 0.028279271242, 0.44645815449, 0.34289311956, 0.1573113751],
      [0.27279118052, 0.082789878148, 0.50054634955, 0.094026367736, 0.049846224045],
      [0.023530230867, 0.11233438376, 0.036444411454, 0.44412285556, 0.38356811836]
    ],
    [
      [0.00081268518209, 0.40953722358, 0.57571513244, 0.0058645071151, 0.0080704516821],
      [0.00028364999975, 0.99942864344, 0, 0.00028770655862, 0],
      [0.023434562365, 0.17941662338, 0.026340936435, 0.74750452021, 0.023303357614],
      [0, 0.014832009432, 0.98400754405, 0, 0.0011604465197],
      [0.070815318923, 0.10035889355, 0.42359518917, 0.33186465853, 0.073365939816],
      [0.46422796743, 0.16587712532, 0.2949395493, 0.063041908707, 0.011913449236],
      [0.064878225044, 0.28734982826, 0.016891070031, 0.42586619735, 0.20501467931]
    ],
    [
      [0, 0.019551808268, 0.83030205942, 0.15014613231, 0],
      [0, 0.64291314728, 0.2050080482, 0.15207880452, 0],
      [0, 0.0044964049152, 0.019223384761, 0.97628021032, 0],
      [0, 0, 0.99566063285, 0.004339367149, 0],
      [0, 0.017991827954, 0.53198293286, 0.45002523918, 0],
      ["NaN", "NaN", "NaN", "NaN", "NaN"],
      [0, 0.11689448473, 0.019514778355, 0.86359073692, 0]
    ],
    [
      [0.00089202386523, 0.034192365904, 0.93479157383, 0.009892071308, 0.020231965091],
      [0.00025294931577, 0.84940365563, 0.034327529853, 0.11547986014, 0.00053600506116],
      [0.015285318172, 0.017198708356, 0.026965996405, 0.88653776394, 0.054012213126],
      [0.00090649586509, 0.00048129581496, 0.99133027686, 0.0050300558322, 0.0022518756239],
      [0.044160266286, 0.024782607123, 0.41567389526, 0.38112710038, 0.13425613095],
      [0.42329865974, 0.058541006072, 0.39380046391, 0.087555731965, 0.036804138318],
      [0.042148193938, 0.085401288126, 0.029588099879, 0.49670059475, 0.34616182331]
    ],
    [
      [0, 0.038645487881, 0.68120007352, 0.23266489712, 0.04748954148],
      [0, 0.8531810302, 0.013359104033, 0.13070683286, 0.0027530329062],
      [0, 0.00038614240232, 0, 0.90533347956, 0.094280378035],
      [6.8978852538e-18, 0.012726899159, 0.87547073466, 0.092376164659, 0.019426201527],
      [0, 0.020000151681, 0.27048808928, 0.45654016357, 0.25297159547],
      [0, 0.094871169204, 0.55551902967, 0.23663112394, 0.11297867718],
      [0, 0.056863767023, 0.002425659005, 0.34637755253, 0.59433302144]
    ],
    [
      [0.00083690773381, 0.30059734052, 0.65988063137, 0.011565963509, 0.027119156863],
      [0, 0.96768551892, 0, 0.032314481082, 0],
      [0.0043465516216, 0.1195323086, 0.0053001313428, 0.79764100134, 0.073180007099],
      [0.029297203892, 0.061240548391, 0.86739100209, 0.029066190492, 0.013005055136],
      [0.051977147848, 0.067463729242, 0.25952004522, 0.40928120018, 0.21175787751],
      [0.43866652979, 0.15043077106, 0.23198687549, 0.12725245462, 0.051663369049],
      [0.037761627203, 0.17544153438, 0.002360240473, 0.37467304472, 0.40976355322]
    ],
    [
      [0.035225044891, 0.024330397345, 0.60701813592, 0.21404674256, 0.11937967928],
      [0.0021519586265, 0.76105369964, 0.026782201283, 0.19507518695, 0.014936953504],
      [0.0059968687648, 0.0025565888895, 0, 0.80399793149, 0.18744861086],
      [0.0053262862062, 0.0032298139133, 0.82795413862, 0.11014045205, 0.053349309211],
      [0.05759144532, 0.012354458647, 0.16854130803, 0.33464136416, 0.42687142384],
      [0.6503930904, 0.033298538416, 0.13797558999, 0.064127786891, 0.1142049943],
      [0.036109613091, 0.022929800692, 0, 0.1974688784, 0.74349170781]
    ],
    [
      [0.00077071052002, 0.035747619522, 0.93097612775, 0.0074542857261, 0.025051256477],
      [0.00026257955236, 0.8737514138, 0.025857477367, 0.099735820414, 0.0003927088696],
      [0.014536876421, 0.020886872547, 0.034847062856, 0.85800525037, 0.071723937804],
      [0.00034281978963, 0.00030104072437, 0.99489943156, 0.0015116781343, 0.0029450297932],
      [0.038433560918, 0.025278455978, 0.41480373405, 0.35566257525, 0.1658216738],
      [0.34728149539, 0.063566031822, 0.43314413523, 0.10935348783, 0.046654849729],
      [0.035603685376, 0.086704169173, 0.014954122773, 0.45019192561, 0.41254609706]
    ],
    [
      [0.00089287583371, 0.062640991604, 0.88039888025, 0.024691932692, 0.031375319624],
      [6.8964437714e-05, 0.92815102164, 0.0038821601701, 0.067582405897, 0.00031544785246],
      [0.012297115318, 0.02337086525, 0.0072261672507, 0.88198324055, 0.07512261163],
      [0.00095809400718, 0.0032909000389, 0.96161069629, 0.024095856757, 0.010044452912],
      [0.036005558091, 0.026810105323, 0.35774941767, 0.39097406275, 0.18846085617],
      [0.34041795248, 0.068337441116, 0.39627819963, 0.13890434553, 0.056062061247],
      [0.030547790497, 0.079471501562, 0.0096245434086, 0.44698716851, 0.43336899602]
    ],
    [
      [0.00040706041889, 0.036000618324, 0.84874906842, 0.088756540855, 0.026086711981],
      [7.2750969778e-05, 0.84917804814, 0.022073514848, 0.12798242155, 0.00069326449572],
      [0.0084367422722, 0.017134421628, 0.0047014449428, 0.90681312878, 0.062914262375],
      [0.00035468079413, 0.0015645909869, 0.95456635918, 0.03562503068, 0.0078893383609],
      [0.02904274005, 0.024419479597, 0.37927518743, 0.40828147162, 0.1589811213],
      [0.29771948222, 0.068026003098, 0.44376433985, 0.14013255097, 0.050357623869],
      [0.02709188108, 0.082093259851, 0.0095114242826, 0.48260744852, 0.39869598627]
    ],
    [
      [0.0007450201555, 0.036601025528, 0.91213630109, 0.022243453288, 0.028274199937],
      [0.00014706827336, 0.84950469179, 0.020809541938, 0.12852917029, 0.0010095277059],
      [0.011794292816, 0.014938171348, 0.013037150168, 0.89268123546, 0.067549150205],
      [0.00043540693109, 0.00077433812349, 0.9719678022, 0.018091996715, 0.0087304560303],
      [0.035067730317, 0.023612432722, 0.36485924448, 0.40322734593, 0.17323324655],
      [0.34869413052, 0.062721178656, 0.40583540167, 0.12992210331, 0.052827185851],
      [0.030824850021, 0.072997756124, 0.020058521434, 0.47690480965, 0.39921406277]
    ],
    [
      [7.0130697956e-05, 0.048452545668, 0.90575055984, 0.0091064699143, 0.036620293876],
      [3.9398124978e-05, 0.88957689429, 0.031224310798, 0.077898022839, 0.0012613739446],
      [0.0056626576158, 0.026697066388, 0.020406136958, 0.85748668113, 0.089747457912],
      [0.00021627898242, 0.0014056222598, 0.98095750528, 0.0059469005861, 0.011473692888],
      [0.022244280418, 0.028261417071, 0.33893820791, 0.38128901723, 0.22926707737],
      [0.25751929228, 0.085317018889, 0.42681712684, 0.15315468029, 0.077191881701],
      [0.018265089434, 0.08209658473, 0.013493024466, 0.40519311804, 0.48095218333]
    ],
    [
      [0.00012392720892, 0.067377307403, 0.88761707938, 0.0098937906449, 0.034987895367],
      [5.2645724273e-05, 0.90711711432, 0.014613463896, 0.077371187576, 0.00084558848139],
      [0.0048902656973, 0.046928958738, 0.01280014609, 0.84700706476, 0.088373564712],
      [0.00025879061735, 0.007865220634, 0.97594508689, 0.0052368807609, 0.010694021102],
      [0.023288900999, 0.036138321452, 0.34484673731, 0.36848084966, 0.22724519058],
      [0.27849569354, 0.10857864213, 0.41467723211, 0.12598475958, 0.072263672643],
      [0.018590600725, 0.11248866378, 0.0097582090966, 0.37697159584, 0.48219093056]
    ],
    [
      [0.00059419579252, 0.0027987195825, 0.80867565216, 0.11689474095, 0.071036691519],
      [0.032752518299, 0.47990026833, 0.18839774942, 0.27662917904, 0.022320284919],
      [0.0041808524982, 0.000924414011, 0, 0.82586191336, 0.16903282013],
      [0.0007757111426, 0.00021812135964, 0.93562107577, 0.028880550613, 0.034504541114],
      [0.037723979762, 0.00062197348735, 0.29527968311, 0.31838123604, 0.3479931276],
      [0.42397152512, 0.0025425862221, 0.34785087899, 0.11625304409, 0.10938196558],
      [0.026805395354, 0.0071619403099, 0.0064058993389, 0.26257148952, 0.69705527548]
    ],
    [
      [0.0022239697314, 0.11650777791, 0.74739080256, 0.072966113532, 0.060911336264],
      [0.00027945740746, 0.85697988484, 0.0074148017759, 0.1291658937, 0.0061599622773],
      [0.0046254920326, 0.0096298124272, 0, 0.88465171515, 0.10109298039],
      [0.033777568317, 0.095048237021, 0.76043809357, 0.085636553144, 0.025099547952],
      [0.057615855788, 0.029778609025, 0.19553639193, 0.42774075604, 0.28932838722],
      [0.65506532818, 0.060309505287, 0.11544157567, 0.098787014901, 0.070396575965],
      [0.038278152439, 0.087127585481, 0, 0.34734572576, 0.52724853632]
    ],
    [
      [0.00017392747759, 0.041938567843, 0.91720693845, 0.016407962778, 0.024272603455],
      [0.0035925087277, 0.70334130571, 0.063720543924, 0.2276391594, 0.0017064822436],
      [0.0012414375119, 0.0051675167005, 0.0021330607684, 0.94181873654, 0.049639248483],
      [0.00020435255037, 0, 0.97427214518, 0.017670830197, 0.0078526720711],
      [0.017237768617, 0.016454644861, 0.33376702599, 0.48136812376, 0.15117243677],
      [0.21432919489, 0.077597594872, 0.46124477882, 0.19180654181, 0.055021889609],
      [0.015628650118, 0.071351399446, 0.01170517151, 0.55909122309, 0.34222355584]
    ],
    [
      [0.00068051630723, 0.04209326337, 0.91057359129, 0.021799325102, 0.024853303929],
      [0.00026023974198, 0.8116194478, 0.04169246186, 0.14537140153, 0.0010564490699],
      [0.011422895975, 0.012495665287, 0.018571430425, 0.89892814888, 0.058581859434],
      [0.00038931057999, 0.00010810845282, 0.98167960799, 0.010666975117, 0.0071559978644],
      [0.03541222483, 0.024552944247, 0.36795840308, 0.41372406118, 0.15835236666],
      [0.35714672865, 0.068495839471, 0.40558124254, 0.12135120716, 0.047424982178],
      [0.031664689176, 0.087444327906, 0.01255155428, 0.49627671504, 0.3720627136]
    ],
    [
      [0.00075353571358, 0.046671821638, 0.92063525135, 0.0076865137494, 0.024252877553],
      [0.00019242166229, 0.86941551747, 0.032339808154, 0.097505939994, 0.00054631272247],
      [0.01354178194, 0.029714966861, 0.030444588963, 0.86288328637, 0.063415375867],
      [0.00071747197918, 0.0025652711652, 0.99013062996, 0.0012350031057, 0.0053516237864],
      [0.039124908907, 0.029804897863, 0.39626848937, 0.37374212052, 0.16105958334],
      [0.37771234368, 0.07516900527, 0.40622670733, 0.094704149409, 0.04618779431],
      [0.035485365533, 0.10476907802, 0.014314419167, 0.45774623387, 0.38768490341]
    ],
    [
      [0.00029228074803, 0.025935926106, 0.91989922874, 0.025020084549, 0.028852479857],
      [0, 0.90615535411, 0.0059016629149, 0.087710596776, 0.00023238619844],
      [0.0079658732289, 0.0091424389543, 0.024841185143, 0.8894763921, 0.068574110575],
      [0.00032111474268, 0.00039261650446, 0.9760135566, 0.014483878929, 0.0087888332264],
      [0.027617274059, 0.017763950386, 0.36642604026, 0.40736115073, 0.18083158457],
      [0.29753824651, 0.049817136289, 0.44620489457, 0.14663969525, 0.059800027379],
      [0.024910975386, 0.051574573854, 0.012087626093, 0.485070458, 0.42635636667]
    ],
    [
      [0.00072069546082, 0.083937680457, 0.87627769553, 0.012382161945, 0.026681766609],
      [0.00014130443179, 0.93023130769, 0.0037058458999, 0.065760729467, 0.00016081251307],
      [0.01372394362, 0.0264372899, 0.011697488759, 0.8841257861, 0.064015491617],
      [0.0013488278598, 0.0039773437795, 0.96426036982, 0.021898546969, 0.0085149115693],
      [0.039992839793, 0.028401504106, 0.35447179255, 0.40849992347, 0.16863394009],
      [0.37013380213, 0.069654357269, 0.3760668669, 0.13557671785, 0.048568255843],
      [0.035065305311, 0.084466743412, 0.01082872056, 0.47698941172, 0.392649819]
    ],
    [
      [0.00043832993324, 0.03545792241, 0.91520967359, 0.020157201459, 0.02873687261],
      [6.8947566914e-08, 0.91930917671, 0.0059682451003, 0.074502100401, 0.00022040883846],
      [0.010815361188, 0.015007831164, 0.029103966324, 0.87303068745, 0.07204215387],
      [0.00035464697752, 0.00042869772133, 0.9841125005, 0.0062821484198, 0.0088220063777],
      [0.032477464816, 0.021749051472, 0.37047363587, 0.39097660629, 0.18432324154],
      [0.32909318907, 0.057798384626, 0.42397236839, 0.13153074203, 0.057605315894],
      [0.028695325598, 0.063572184826, 0.018663389373, 0.46252442336, 0.42654467685]
    ],
    [
      [0.00093007973744, 0.043170026079, 0.92395664272, 0.014841935101, 0.017101316362],
      [0.00048893703297, 0.77900674153, 0.056821743241, 0.15936671289, 0.0043158653011],
      [0.013108781062, 0.0069369844645, 0.013076134455, 0.93725361001, 0.029624490011],
      [0.0010796179589, 0, 0.98243070525, 0.013423350519, 0.0030663262765],
      [0.044579108186, 0.022169388316, 0.32347995835, 0.50814677017, 0.10162477499],
      [0.44095843488, 0.059117821477, 0.34649264081, 0.12367210643, 0.029758996401],
      [0.041149017233, 0.076512824907, 0.016078209579, 0.62686329833, 0.23939664995]
    ],
    [
      [0, 0.018415087081, 0.74038330842, 0.19007434922, 0.051127255276],
      [0, 0.55042749634, 0.045345066079, 0.39677075675, 0.0074566808371],
      [0, 0.00018223083932, 0, 0.90839709971, 0.091420669451],
      [0, 0.0021680647823, 0.85728162095, 0.12006111475, 0.020489199516],
      ["NaN", "NaN", "NaN", "NaN", "NaN"],
      ["NaN", "NaN", "NaN", "NaN", "NaN"],
      [0, 0.025550565839, 0.0027583576168, 0.37790038873, 0.59379068781]
    ],
    [
      [0.00061573234677, 0.027824139537, 0.94112737417, 0.010920341205, 0.019512412743],
      [0.00025513198125, 0.82698246737, 0.089917915792, 0.082470189363, 0.00037429548903],
      [0.014039674402, 0.0070233947125, 0.053994116614, 0.88240455974, 0.042538254535],
      [0.00056587883645, 0, 0.99034323719, 0.0056933778092, 0.0033975061654],
      [0.041778415609, 0.018989728461, 0.3698716806, 0.44110686275, 0.12825331258],
      [0.40125434065, 0.048485058524, 0.38901310804, 0.12487204203, 0.036375450766],
      [0.038967740079, 0.061898483045, 0.02591118159, 0.56570599276, 0.30751660253]
    ],
    [
      [0.00048833448795, 0.041137789924, 0.90970117193, 0.010939986859, 0.037732716795],
      [0, 0.92649689352, 0.0046023717997, 0.068087094885, 0.00081363979048],
      [0.0082878455443, 0.021543182088, 0.017949656638, 0.85379372502, 0.098425590706],
      [0.00032243962733, 0.0013480154476, 0.97679831553, 0.006698708911, 0.014832520481],
      [0.025599046863, 0.023558571095, 0.31518287332, 0.39230823055, 0.24335127817],
      [0.30756350442, 0.069630745174, 0.4062555035, 0.12997324578, 0.086577001131],
      [0.020280476637, 0.0603028662, 0.019155185545, 0.41126585141, 0.48899562021]
    ],
    [
      [0.0027837034384, 0.022630752533, 0.75413346919, 0.17220441262, 0.048247662219],
      [0.01316373528, 0.74522939382, 0.03807810942, 0.20033195789, 0.003196803597],
      [0.0046238936203, 0.0031311731688, 0, 0.88831028668, 0.10393464653],
      [0.0088618869469, 0.0011331337782, 0.91144465052, 0.060791515666, 0.017768813094],
      [0.051417064113, 0.011840900105, 0.27825265953, 0.38965781246, 0.26883156379],
      [0.49951371006, 0.0084967319266, 0.28691359719, 0.13730330403, 0.067772656796],
      ["NaN", "NaN", "NaN", "NaN", "NaN"]
    ],
    [
      [0.00024713497804, 0.12776196735, 0.80325283306, 0.041039713143, 0.027698351465],
      [0, 0.94535835699, 0, 0.054641643009, 0],
      [0.002042505619, 0.044512544159, 0, 0.89313534062, 0.060309609604],
      [0.0031870321989, 0.044087787252, 0.90096488104, 0.043408177413, 0.0083521220967],
      [0.023228021433, 0.04527384295, 0.33325604756, 0.4300299706, 0.16821211746],
      [0.24275058653, 0.13074883567, 0.40008065718, 0.17318257812, 0.053237342503],
      [0.019799341536, 0.13808736856, 0.0055953211345, 0.45829545506, 0.37822251371]
    ],
    [
      [0.0010051525795, 0.074446183485, 0.87211106401, 0.016398292274, 0.036039307654],
      [2.1486287965e-05, 0.92410950012, 0.0019426311622, 0.073808381972, 0.00011800045776],
      [0.0037658414119, 0.018701704478, 0.0028551083219, 0.9282119012, 0.046465444586],
      [0.059824537385, 0.003210204121, 0.90399855713, 0.019247333421, 0.013719367939],
      [0.043798453426, 0.02700850243, 0.22049567682, 0.54536505885, 0.16333230848],
      [0.52627649556, 0.073184702238, 0.25775215799, 0.088578635777, 0.054208008432],
      [0.035331197519, 0.071461692444, 0.0078635902188, 0.55172239539, 0.33362112443]
    ],
    [
      [0.0033590368163, 0.099864139461, 0.82706402302, 0.017087540136, 0.052625260567],
      [0.00063167998937, 0.93373723311, 0.00060184363588, 0.064653520171, 0.00037572309043],
      [0.010970746569, 0.029713450492, 0.0021311700036, 0.88794869121, 0.069235941725],
      [0.10472471098, 0.0050917277845, 0.80015398056, 0.069872147932, 0.020157432742],
      [0.085063763434, 0.028699023363, 0.18892710108, 0.48251507947, 0.21479503265],
      [0.72012210141, 0.056556601953, 0.11549926218, 0.060557024157, 0.047265010301],
      [0.061367968561, 0.070271115796, 0.039764445336, 0.41609281005, 0.41250366025]
    ],
    [
      [0.00076393514016, 0.04398478431, 0.9058407296, 0.014116215659, 0.035294335296],
      [2.7868505807e-05, 0.83700077418, 0.073525598532, 0.089112358159, 0.00033340061846],
      [0.010387347088, 0.0077414479023, 0.01502391658, 0.90896053585, 0.057886752582],
      [0.00091576198723, 0.00037443135484, 0.97501322638, 0.011895002651, 0.011801577628],
      [0.035467276995, 0.019180424538, 0.2699285337, 0.49351944642, 0.18190431834],
      [0.41120658987, 0.055086913865, 0.33154707168, 0.14029679538, 0.061862629205],
      [0.029332242159, 0.051581208713, 0.012105722226, 0.53297659414, 0.37400423276]
    ],
    [
      [0.00071163119569, 0.084122648273, 0.84977054859, 0.031055512663, 0.034339659276],
      [0.00010037794104, 0.77301757094, 0.0047755990649, 0.22095892372, 0.0011475283362],
      [0.0015192512801, 0.0065346909406, 0.00023480615372, 0.94794795425, 0.043763297376],
      [0.022643001418, 0.0049568806361, 0.85880997994, 0.10069048868, 0.012899649327],
      [0.025602615808, 0.024858646532, 0.22007034468, 0.57371769269, 0.15575070029],
      [0.32455571481, 0.091130422214, 0.30093971832, 0.2239623252, 0.05941181945],
      [0.020918409389, 0.076314733283, 0.0057170299423, 0.58727005876, 0.30977976863]
    ],
    [
      [0.0017162013372, 0.12484742655, 0.83359358425, 0.014932317857, 0.024910470006],
      [9.5051808895e-05, 0.91008693772, 0.0015660411646, 0.088113053537, 0.00013891576716],
      [0.0074677157961, 0.055604154341, 0.0019188248943, 0.89804484025, 0.03696446472],
      [0.051413833271, 0.019777254008, 0.89687326071, 0.023376624925, 0.0085590270892],
      [0.06360069567, 0.045831058403, 0.2487720493, 0.51086273148, 0.13093346514],
      [0.53899234253, 0.099587875259, 0.22367327985, 0.10594164702, 0.031804855342],
      [0.050893684031, 0.14442700406, 0.0072108852771, 0.5291245899, 0.26834383673]
    ],
    [
      [5.4548682182e-05, 0.016954291353, 0.98190767967, 0, 0.0010834802981],
      [8.64390622e-05, 0.86970748194, 0.081074073436, 0.049000518565, 0.00013148699329],
      [0.0067252912135, 0.031367547568, 0.1794388997, 0.75061496342, 0.031853298104],
      [0.00015248721722, 0, 0.9992701086, 0, 0.00057740418361],
      [0.031702797151, 0.028502375948, 0.59531929685, 0.27455297044, 0.069922559609],
      [0.29658179557, 0.065391711908, 0.55112226378, 0.068665904798, 0.018238323945],
      [0.041239809255, 0.13843324396, 0.082085452185, 0.48329069756, 0.25495079704]
    ],
    [
      [0.0001771231969, 0.041566985742, 0.91037031044, 0.02892608361, 0.018959497009],
      [0, 0.9305275683, 0.0064621874666, 0.063010244235, 0],
      [0.0086161144941, 0.02831617785, 0.018486091501, 0.8911414071, 0.053440209051],
      [0.00028778932995, 0.0021450945379, 0.98408313277, 0.009580346765, 0.0039036365939],
      [0.029299411548, 0.028710658797, 0.44681514341, 0.36765377995, 0.12752100629],
      [0.28491568825, 0.073616624628, 0.48646942236, 0.11658489707, 0.038413367688],
      [0.030133656909, 0.10231034619, 0.013195238387, 0.49807034422, 0.35629041429]
    ],
    [
      [0.00033972756868, 0.036347852133, 0.82270987917, 0.10879363515, 0.031808905978],
      [0, 0.8873488451, 0.0022614108918, 0.10983516457, 0.00055457943369],
      [0.0071889313534, 0.019660879697, 0, 0.89710315348, 0.076047035466],
      [0.00035596214335, 0.0015569118826, 0.94635529029, 0.040940071632, 0.010791764049],
      [0.026023806359, 0.024359920768, 0.362931129, 0.40003295354, 0.18665219034],
      [0.27633046891, 0.06944888719, 0.4449640675, 0.14782395441, 0.061432621998],
      [0.023203826044, 0.075478845476, 0.0080867042704, 0.44741014021, 0.445820484]
    ],
    [
      [0.0007149735784, 0.03673967568, 0.93222605407, 0.0097409471387, 0.02057834953],
      [6.1069628406e-05, 0.92812483359, 0.0055985334835, 0.066215563296, 0],
      [0.014135280386, 0.029516807153, 0.041991499088, 0.86237171736, 0.051984696017],
      [0.00081736783471, 0.0015902087719, 0.99142453306, 0.00096460387946, 0.0052032864575],
      [0.040704373935, 0.025831420624, 0.38962745653, 0.40199869682, 0.14183805209],
      [0.38025849196, 0.06216411304, 0.4027317847, 0.114686382, 0.040159228295],
      [0.037984834416, 0.079412397195, 0.026760454464, 0.50727817371, 0.34856414022]
    ],
    [
      [0.0038392075347, 0.064948723697, 0.65261847566, 0.15405431524, 0.12453927786],
      [0.00034071346957, 0.83648329287, 0.0092153021772, 0.13800516913, 0.015955522359],
      [0.0047837369217, 0.0030478436492, 0, 0.8051669199, 0.18700149953],
      [0.037593845552, 0.037989969134, 0.66905579003, 0.19022176104, 0.065138634239],
      [0.052940113864, 0.018232633452, 0.14272844586, 0.34665395554, 0.43944485128],
      [0.66807115653, 0.045757738177, 0.11596418035, 0.058536007443, 0.1116709175],
      [0.022970875382, 0.039822675674, 0, 0.21666565325, 0.7205407957]
    ],
    [
      [0.00027690129673, 0.090287920432, 0.86947460546, 0.0081810751605, 0.031779497653],
      [0, 0.95431941993, 0.0036302029603, 0.042050377107, 0],
      [0.0081558560936, 0.069147671166, 0.028926030018, 0.81633363734, 0.077436805386],
      [0.00010026202601, 0.0088356859195, 0.97837628675, 0.0024330230588, 0.01025474225],
      [0.028106545078, 0.045893719616, 0.31585025439, 0.39483086012, 0.21531862079],
      [0.29359382003, 0.13121589297, 0.36810854847, 0.13920666754, 0.067875070999],
      [0.022239385467, 0.13496328344, 0.014183401903, 0.40311760688, 0.42549632231]
    ],
    [
      [0.00091789737786, 0.062903203992, 0.89990996609, 0.012168177016, 0.024100755529],
      [0.00015074301224, 0.92783569906, 0.0092670499893, 0.06274650794, 0],
      [0.016077131574, 0.033253005145, 0.015743269576, 0.88640471629, 0.048521877416],
      [0.0012843730942, 0.003768563895, 0.97890053374, 0.0086650897946, 0.007381439479],
      [0.048032429708, 0.033911487444, 0.31820783065, 0.45342174365, 0.14642650854],
      [0.43664271556, 0.079212649706, 0.31909375376, 0.125084739, 0.039966141981],
      [0.041101502638, 0.10160775963, 0.015889044009, 0.51755953873, 0.323842155]
    ],
    [
      [0.0052509794626, 0.075050958653, 0.84375493505, 0.018469985635, 0.057473141199],
      [0, 0.95534756656, 0, 0.041629630393, 0.0030228030464],
      [0.0095717937077, 0.045688484585, 0, 0.80624229498, 0.13849742672],
      [0.00055223641894, 0.012749647987, 0.94150031669, 0.023754829257, 0.021442969646],
      [0.037460940629, 0.035987387014, 0.30417919262, 0.31498491191, 0.30738756783],
      [0.54023561148, 0.071616637818, 0.19666999231, 0.11112559722, 0.080352161167],
      [0.026521287657, 0.088502393465, 0.0037971854914, 0.28496230363, 0.59621682976]
    ],
    [
      [0.0008617697696, 0.042106629922, 0.89967088002, 0.037317457936, 0.020043262353],
      [7.547421135e-05, 0.86797150969, 0.015514540811, 0.1161973334, 0.00024114188857],
      [0.01246911351, 0.022593455565, 0.0073821933985, 0.91095629241, 0.046598945118],
      [0.00080500680916, 0.0029576971609, 0.96434484914, 0.026642297205, 0.0052501496879],
      [0.038781360672, 0.027713976198, 0.3827235466, 0.42408408637, 0.12669703017],
      [0.36643797573, 0.070056526765, 0.40212570605, 0.12470379136, 0.036676000098],
      [0.036953771006, 0.0960228511, 0.01110078793, 0.53432452725, 0.32159806271]
    ],
    [
      [0.006789421581, 0.02981219901, 0.95000536885, 0, 0.013393010555],
      [0.0080436384556, 0.8387102387, 0.084823724184, 0.067489454146, 0.00093294451039],
      [0.056904013757, 0.014785019962, 0.056804855634, 0.82288735873, 0.048618751919],
      [3.5154150511e-05, 0, 0.99855491062, 0, 0.001409935227],
      [0.10115582908, 0.025417681506, 0.4346439241, 0.31868059056, 0.12010197476],
      [0.67941578777, 0.0295491237, 0.23822450984, 0.033501332416, 0.019309246278],
      [0.10014262823, 0.090031559421, 0.058750494853, 0.42016059103, 0.33091472647]
    ],
    [
      [0.00024037323988, 0.12931472087, 0.83481586599, 0.00855130083, 0.02707773907],
      [0, 0.95300574208, 0.0024014032462, 0.044592854677, 0],
      [0.0088700166099, 0.063736943372, 0.013308637741, 0.83584531476, 0.078239087517],
      [0.00039873785148, 0.014865567471, 0.96554239527, 0.009515147564, 0.009678151847],
      [0.029579576378, 0.046197127392, 0.34585295177, 0.37851413903, 0.19985620543],
      [0.31535061728, 0.11114544375, 0.38866356913, 0.12312136507, 0.061719004757],
      [0.024297879253, 0.12312680108, 0.021340247927, 0.40686497229, 0.42437009945]
    ],
    [
      ["NaN", "NaN", "NaN", "NaN", "NaN"],
      [0, 0.98219024119, 0.00029001423905, 0.017519744573, 0],
      [5.0464682938e-18, 0.14722818394, 0.0033023195, 0.81987873301, 0.029590763557],
      [0, 0.013438351655, 0.98051030725, 0.0013735799162, 0.0046777611795],
      ["NaN", "NaN", "NaN", "NaN", "NaN"],
      ["NaN", "NaN", "NaN", "NaN", "NaN"],
      [0, 0.19680209909, 0.010636760517, 0.46232698172, 0.33023415867]
    ],
    [
      [0.00039690540124, 0.015862697731, 0.77849332935, 0.18565281323, 0.019594254286],
      [0.00079747352134, 0.7252416369, 0.040486176558, 0.23271897143, 0.00075574158679],
      [0.0012993172367, 0.0021317831826, 0, 0.95677826828, 0.039790631302],
      [0.0004771516085, 0.00068743592495, 0.93486836406, 0.058168376392, 0.0057986720144],
      [0.025410740502, 0.014100152022, 0.33325694112, 0.50619857192, 0.12103359443],
      [0.26328337788, 0.011971775494, 0.40857493353, 0.28119441978, 0.03497549332],
      [0.023032779675, 0.045577810279, 0.0077379632519, 0.58742332059, 0.33622812621]
    ],
    [
      [0.00066758801278, 0.065557779899, 0.88625817529, 0.014421788806, 0.033094667995],
      [0, 0.899881394, 0.0029781861729, 0.096721811467, 0.0004186083601],
      [0.0059545784262, 0.029969149846, 0.0011826078661, 0.89844775448, 0.064445909382],
      [0.012881266014, 0.0047831988236, 0.9517558042, 0.01951834617, 0.011061384796],
      [0.036031799353, 0.031679061262, 0.29359278112, 0.45251248876, 0.1861838695],
      [0.34733768202, 0.087429066651, 0.32681971806, 0.18254788931, 0.05586564396],
      [0.029229645463, 0.094096853303, 0.0078835528185, 0.48017430446, 0.38861564395]
    ],
    [
      [0.0010959612278, 0.070296570477, 0.87706008462, 0.029313900603, 0.02223348307],
      [0.00015583010333, 0.93596435925, 0, 0.063879810647, 0],
      [0.011549836827, 0.040191806088, 0.0031791262173, 0.90145366139, 0.043625569476],
      [0.015566087445, 0.0090566730674, 0.94084505945, 0.027892476593, 0.0066397034406],
      [0.051384335052, 0.037574344339, 0.31626290727, 0.46217806258, 0.13260035076],
      [0.43782904944, 0.086519548381, 0.30386935666, 0.13734807196, 0.034433973562],
      [0.04440386657, 0.11723410618, 0.010042057245, 0.52762221268, 0.30069775733]
    ],
    [
      [0.00027310090031, 0.041442007613, 0.92845493436, 0.0081429563718, 0.021687000754],
      [0, 0.91320791342, 0.029709522144, 0.057082564434, 0],
      [0.0087814877342, 0.033188099723, 0.055267121974, 0.84881009125, 0.053953199316],
      [0, 0.0030569856679, 0.99022800321, 0.0016171752263, 0.0050978358957],
      [0.029379882483, 0.031770852717, 0.38288540904, 0.40310191476, 0.152861941],
      [0.28680216893, 0.086855309933, 0.43182765707, 0.14924282187, 0.045272042204],
      [0.026463049988, 0.10441163777, 0.027893051845, 0.49010338536, 0.35112887504]
    ],
    [
      [0.00058856161838, 0.05426877801, 0.89819902882, 0.029869127763, 0.01707450379],
      [6.1589312756e-05, 0.88585530004, 0.010073504733, 0.10385867964, 0.00015092627466],
      [0.010353266369, 0.031325894884, 0.0047845205673, 0.91562737471, 0.037908943469],
      [0.00046868989391, 0.0066764909079, 0.96452401279, 0.02424149385, 0.0040893125561],
      [0.036291510295, 0.032987264225, 0.37362186802, 0.44661283243, 0.11048652503],
      [0.33758137593, 0.085305526187, 0.39875502824, 0.14695580969, 0.031402259955],
      [0.034510655055, 0.11661458208, 0.011143794975, 0.56101055109, 0.2767204168]
    ],
    [
      [0.00068512354305, 0.060251091736, 0.88253387305, 0.037472517325, 0.01905739435],
      [1.1650064386e-05, 0.90427706987, 0.002541460963, 0.093072727852, 9.7091253722e-05],
      [0.0096854567511, 0.037084224429, 0, 0.91133978327, 0.041890535548],
      [0.002206687265, 0.010892823371, 0.94919361502, 0.032643606657, 0.0050632676874],
      [0.036394830965, 0.035164873064, 0.36445955063, 0.44323489803, 0.12074584731],
      [0.35391053371, 0.091370413083, 0.39090396005, 0.12817769999, 0.035637393159],
      [0.034130960535, 0.12331330062, 0.010036925811, 0.5343971465, 0.29812166653]
    ],
    [
      [0.0001375954306, 0.038350248033, 0.91040428202, 0.014891505628, 0.036216368891],
      [0.0095802655061, 0.73920214414, 0.069977280568, 0.17689701652, 0.0043432932711],
      [0.001615723888, 0.0066657319978, 0.0089182891183, 0.90674804986, 0.076052205134],
      [0.00031471312772, 0, 0.97714133958, 0.010973522489, 0.011570424799],
      [0.022760531094, 0.018316133655, 0.29821284588, 0.43838924178, 0.22232124759],
      [0.35407179439, 0.065408120053, 0.39037731723, 0.11289167937, 0.077251088956],
      [0.018490263941, 0.06031275131, 0.01039647303, 0.44739945212, 0.4634010596]
    ],
    [
      [0.00037409922341, 0.015052106982, 0.77756512963, 0.16490649611, 0.042102168057],
      [0.000373460131, 0.78239795665, 0.057299953438, 0.1572195511, 0.0027090786807],
      [0.0070826536335, 0.0052399565454, 0.00069746204673, 0.87972598944, 0.10725393833],
      [0.00050247926863, 0.0017480392588, 0.93569786631, 0.047240496707, 0.014811118458],
      [0.027976564349, 0.017624751108, 0.33407738108, 0.37976353059, 0.24055777287],
      [0.2862228291, 0.05062244184, 0.43604176416, 0.15217065426, 0.074942310647],
      [0.023759444502, 0.057401918358, 0.006911812527, 0.3116965375, 0.60023028711]
    ],
    [
      [0.0010813584432, 0.0061343996657, 0.92450163018, 0.036650309983, 0.03163230173],
      [0.0003215944546, 0.7951921426, 0.039382678263, 0.16376972921, 0.0013338554734],
      [0.016216648903, 0.0045793115436, 0.022161899454, 0.86554715288, 0.09149498722],
      [0.00044749169449, 0.00028762953694, 0.98106348241, 0.0085425521383, 0.0096588442237],
      [0.041079094835, 0.014032071536, 0.4210513459, 0.32907572514, 0.19476176258],
      [0.38745688253, 0.026832721109, 0.43283281595, 0.096671623531, 0.056205956879],
      [0.038521975617, 0.042830511578, 0.012105497208, 0.40369282364, 0.50284919196]
    ],
    [
      [0.0019161260132, 0.096045290501, 0.83698387114, 0.016962945097, 0.048091767246],
      [0, 0.91069509513, 0.0020167025108, 0.086929906257, 0.00035829610139],
      [0.0088826293713, 0.033389464945, 0.0014152212993, 0.89523907511, 0.06107360927],
      [0.0028170806302, 0.0031974349155, 0.9607304028, 0.014303036298, 0.01895204536],
      [0.065199657182, 0.034851030823, 0.19488468651, 0.50443335203, 0.20063127346],
      [0.63291266271, 0.081041491605, 0.10287436296, 0.13282231656, 0.050349166172],
      [0.047669133566, 0.094529779056, 0.0048971892568, 0.47632140408, 0.37658249404]
    ],
    [
      [0.0007783096808, 0.096612391095, 0.84408102392, 0.014525103336, 0.044003171971],
      [0.00010745769068, 0.93618997878, 0.0013384925802, 0.061680378362, 0.00068369259125],
      [0.0079645152603, 0.035917114906, 0.010524812605, 0.86255473337, 0.083038823862],
      [0.0012010590909, 0.0027901691456, 0.96387963473, 0.011958464609, 0.020170672427],
      [0.072616457994, 0.032530262871, 0.18389004213, 0.46577888236, 0.24518435465],
      [0.47353492122, 0.085748625165, 0.24508496497, 0.11800035312, 0.077631135527],
      [0.036859452257, 0.079176477101, 0.0013818834822, 0.43801430406, 0.4445678831]
    ],
    [
      [0.00072680913541, 0.057639559887, 0.88945577995, 0.015629960897, 0.036547890128],
      [0, 0.87780278925, 0.021635191039, 0.10029389714, 0.00026812257406],
      [0.0029326428173, 0.014939554286, 0.0026570597702, 0.92227983883, 0.057190904298],
      [0.024799492375, 0.0018051463158, 0.94607438417, 0.01463443975, 0.01268653739],
      [0.029846116777, 0.024575249294, 0.25513564445, 0.50796967136, 0.18247331812],
      [0.35160163778, 0.073793078935, 0.32741936276, 0.18237425031, 0.064811670212],
      [0.024494611916, 0.066664438041, 0.0089370190086, 0.52865349953, 0.37125043151]
    ],
    [
      [0.000768227023, 0.090537838799, 0.85520813888, 0.015684405042, 0.037801390255],
      [0.0013451440144, 0.92624141512, 0.0023999840627, 0.069822734741, 0.0001907220633],
      [0.0065264263485, 0.025534793491, 0.0077820645725, 0.90423186899, 0.0559248466],
      [0.0366321269, 0.0029523947049, 0.93195951826, 0.013482914926, 0.014973045208],
      [0.044779332394, 0.031149941089, 0.22475857375, 0.51605449219, 0.18325766058],
      [0.4757843094, 0.081946996262, 0.25260066211, 0.13253748418, 0.057130548045],
      [0.04096786697, 0.082490838409, 0.0014926394001, 0.51948652004, 0.35556213518]
    ],
    [
      ["Inf", "NaN", "NaN", "NaN", "NaN"],
      [6.1807696988e-05, 0.83056660777, 0.0069023446963, 0.16207929435, 0.00038994549044],
      [0.0055238029938, 0.0037791936848, 0.0040154546563, 0.91461759783, 0.072063950831],
      [0.0013781217311, 0.00027189597353, 0.9584206419, 0.026363072549, 0.013566267849],
