{
  "Z_true": {},
  "V_true": [
    [622, 24, 392, 172, 13],
    [39, 1260, 138, 1840, 21],
    [51, 434, 107, 11040, 137],
    [340, 400, 10510, 1553, 172],
    [181, 272, 481, 1298, 133],
    [36, 189, 349, 631, 182]
  ],
  "p_true": [
    [0.5086, 0.0196, 0.3205, 0.1406, 0.0106],
    [0.0118, 0.382, 0.0418, 0.5579, 0.0064],
    [0.0043, 0.0369, 0.0091, 0.9381, 0.0116],
    [0.0262, 0.0308, 0.81, 0.1197, 0.0133],
    [0.0765, 0.115, 0.2034, 0.5488, 0.0562],
    [0.026, 0.1363, 0.2516, 0.4549, 0.1312]
  ],
  "Z_est": [
    [
      [2.832, 21.1416, 0.9881, 13.5251, 0, 33.4616, 24.881, 31.4466, 14.2903, 26.9656, 14.0789, 0.9931, 1.638, 0.5061, 19.6573, 33.2424, 1.253, 0, 0.7064, 14.897, 0.4313, 16.449, 27.6981, 21.4833, 2.4344, 18.813, 8.3706, 21.7147, 16.1853, 26.7792, 6.3843, 2.8136, 23.7855, 5.817, 8.4187, 11.1069, 0, 183.911, 18.7244, 42.9032, 2.6028],
      [0.0004, 0.0031, 0.0004, 0.0031, 0, 0.0077, 0.0051, 0.0012, 0, 0.0018, 0.003, 0.0459, 0.0011, 0.0003, 0.0014, 0.0041, 0.0009, 0, 0.0208, 0.003, 0.0002, 0.0032, 0, 0.006, 0, 0.0021, 0.002, 0.0031, 0.0031, 0.003, 0.0008, 0.0001, 0.0033, 0.0016, 0.001, 0.0026, 0, 0, 0.0022, 0.0009, 0.0004],
      [0.6693, 4.4855, 1.3267, 6.0179, 0, 7.0098, 11.1965, 19.0565, 5.5611, 8.0898, 7.5044, 0.9955, 0.2945, 0.3617, 10.5941, 12.323, 0.2891, 0, 1.0175, 8.1643, 0.2685, 6.6446, 9.2123, 13.423, 0.1987, 7.0563, 3.9145, 8.1021, 8.5368, 7.4447, 1.9977, 0.6741, 10.7709, 4.5403, 3.4246, 7.4198, 0, 83.0531, 5.9899, 18.6289, 0.7485],
      [0.3979, 1.9495, 0.5788, 4.4854, 0, 2.8521, 5.8759, 8.2713, 3.2698, 5.0424, 3.837, 0.8638, 0.0664, 0.132, 3.9018, 5.3142, 0.5179, 0, 0.2554, 3.9509, 0.2589, 4.2068, 5.1528, 6.1228, 0.2956, 3.3174, 2.9678, 5.0212, 5.4305, 4.2235, 1.1635, 0.4228, 5.7048, 1.4695, 1.9359, 3.072, 0, 37.0842, 3.5592, 9.2917, 0.548],
      [0.1004, 0.4203, 0.106, 0.9685, 0, 0.6688, 1.0416, 3.2244, 0.8788, 0.9005, 0.5766, 0.1017, 0, 0, 0.8454, 1.1163, 0.9391, 0, 0, 0.9847, 0.0412, 1.6965, 0.9369, 0.9649, 0.0714, 0.8113, 0.7451, 1.1589, 1.8442, 1.5496, 0.4537, 0.0894, 1.7355, 0.1716, 0.2198, 0.3988, 0, 10.9517, 0.7243, 2.1753, 0.1003]
    ],
    [
      [0.078, 0.723, 0, 0.354, 0.0004, 0.4361, 0.1965, 0.5648, 0.3079, 0.5152, 0.16, 0, 0.0551, 0.0153, 0.3731, 0.9649, 0, 0.0083, 0.0026, 0.1641, 0.0078, 0.1101, 0.3648, 0.1388, 0.0184, 0.807, 0.2887, 0.6261, 0.2138, 0.567, 0.224, 0.1453, 0.4198, 0.1858, 0.3485, 0.2837, 0, 3.2015, 0.9588, 1.3511, 0.6547],
      [5.3945, 54.5764, 6.4497, 62.5708, 0.9737, 29.0304, 23.8858, 72.7725, 23.9782, 39.8757, 25.7122, 4.1271, 2.3829, 4.4714, 66.2162, 104.4994, 2.827, 0.9513, 1.0134, 28.0675, 3.0204, 17.6016, 24.2347, 22.3688, 0.8657, 86.6392, 47.9038, 65.8037, 34.6128, 48.0742, 24.2402, 9.2055, 52.301, 59.3033, 75.3886, 103.7417, 5.198, 290.621, 95.2594, 226.8383, 59.099],
      [2.0443, 19.4833, 2.9278, 15.9283, 0.0127, 10.1409, 8.6618, 34.8643, 11.6982, 15.2577, 8.8799, 1.0383, 1.7947, 0.904, 19.1337, 34.9238, 0.2499, 0.0341, 0.6491, 8.9433, 0.666, 4.4949, 11.8792, 9.0699, 0.2696, 29.4019, 14.1125, 22.3607, 11.407, 15.9476, 7.1051, 3.7962, 18.416, 28.1101, 20.4952, 39.5572, 2.5772, 138.4047, 29.7752, 55.9696, 16.6293],
      [2.4759, 17.2077, 2.6157, 24.1307, 0.0131, 8.3876, 9.256, 30.7984, 14.0003, 19.3514, 9.2478, 1.8267, 0.7672, 0.6093, 14.2738, 30.6119, 0.9231, 0.0063, 0.3348, 8.815, 1.3034, 5.7934, 13.5213, 8.4225, 0.839, 28.128, 21.6638, 28.1787, 14.7664, 18.4112, 8.4308, 4.8414, 19.8532, 18.4008, 23.7677, 33.4174, 3.2249, 125.7276, 36.0002, 56.8065, 24.5534],
      [0.0073, 0.0096, 0.0067, 0.0161, 0, 0.0049, 0, 0, 0.0155, 0, 0, 0.0079, 0, 0, 0.0031, 0, 0, 0, 0, 0.0101, 0.0024, 0, 0, 0, 0.0072, 0.0239, 0.0312, 0.0307, 0, 0, 0, 0.0117, 0.01, 0, 0, 0, 0, 0.0453, 0.0063, 0.0344, 0.0637]
    ],
    [
      [1.1443, 5.0192, 0, 4.1653, 0.627, 5.0626, 3.3205, 3.7089, 3.2236, 8.2628, 2.3228, 0, 0.6999, 0.2457, 3.8984, 5.1771, 0.4629, 0.3637, 0.1223, 1.9579, 0.0548, 2.5499, 5.8824, 2.1839, 0.1148, 5.8629, 2.0382, 4.7056, 3.3465, 6.9277, 2.7829, 1.3791, 5.5215, 2.9385, 1.7482, 2.2572, 0, 30.6299, 6.7407, 12.9942, 1.4512],
      [0.7069, 3.5516, 0.6896, 7.7133, 0, 3.4276, 3.8094, 4.3443, 1.9366, 5.9671, 3.3947, 0.1918, 0.2324, 0.3987, 6.4633, 5.3588, 0.457, 0.7436, 0.2527, 3.1913, 0.5836, 3.5821, 3.187, 3.286, 0.038, 6.0132, 3.6063, 4.7431, 5.7761, 5.6967, 2.7297, 0.743, 6.5636, 2.6213, 1.7141, 2.7706, 0.5422, 25.5284, 6.4677, 19.6641, 1.4529],
      [0.5108, 3.4814, 0.9997, 4.9376, 2.88, 3.3911, 3.2279, 5.3324, 2.9651, 6.0629, 2.7886, 0.2316, 0.4639, 0.2375, 5.1949, 4.4852, 0.0288, 0.3426, 0.3291, 2.4101, 0.4517, 2.3391, 4.6982, 3.1687, 0, 4.9257, 2.984, 3.9312, 5.0603, 4.6051, 1.8218, 0.7297, 5.5094, 3.2387, 1.1397, 2.6305, 0.2305, 31.2586, 4.8245, 12.9498, 0.9248],
      [59.8519, 198.663, 66.0866, 514.1054, 28.493, 177.0511, 265.8027, 341.2492, 247.354, 532.1074, 220.1738, 19.1532, 13.6039, 13.1181, 260.8661, 284.8556, 29.3988, 1.5501, 12.2959, 183.5852, 40.6745, 217.1846, 374.9098, 222.684, 14.0786, 354.4034, 276.3113, 363.1862, 439.9288, 391.836, 173.4298, 76.2345, 450.1424, 143.0343, 99.1319, 159.6914, 15.2919, 2077.5184, 437.8833, 946.652, 103.8848],
      [2.7861, 7.2848, 2.224, 19.0784, 0, 7.0675, 7.8394, 22.3651, 11.5207, 15.5997, 5.3202, 0.4234, 0, 0, 9.5772, 10.1233, 3.6525, 0, 0, 7.8554, 1.2354, 14.3444, 11.3227, 5.6774, 0.7686, 14.7948, 12.0603, 14.4339, 24.8884, 23.9345, 11.2357, 2.9137, 23.2632, 1.1672, 1.2662, 2.6503, 2.9354, 104.0646, 15.0838, 37.7399, 3.2863]
    ],
    [
      [1.2857, 6.02, 0, 3.8026, 0.2704, 8.1205, 5.0825, 9.4735, 4.2039, 9.7857, 4.2929, 0, 0.4225, 0.1202, 7.1496, 11.6814, 0.1636, 0.4096, 0, 4.0721, 0.2602, 3.8401, 7.1163, 3.0886, 0.2552, 12.4744, 3.2748, 5.7511, 4.0064, 9.6153, 3.3802, 1.8078, 9.5882, 2.002, 3.5376, 3.2354, 0, 41.5252, 7.3918, 14.2103, 2.6638],
      [1.2794, 6.5672, 1.1383, 10.3456, 4.6986, 9.4499, 9.4027, 18.3044, 4.695, 11.5564, 10.0911, 0.9725, 0.3402, 0.9067, 18.9984, 19.6703, 0.5466, 0.9177, 0.5305, 10.806, 1.9816, 8.8843, 6.9049, 7.4352, 0.0607, 20.7587, 8.4607, 9.4473, 10.23, 12.5505, 5.4562, 1.6622, 18.4794, 9.0399, 8.2287, 10.1489, 0.0477, 57.3592, 11.4753, 36.4612, 4.2785],
      [36.5599, 164.144, 38.3987, 185.2335, 16.4715, 230.6545, 240.956, 633.0325, 173.3891, 314.2921, 245.6815, 19.7017, 16.8156, 16.4319, 398.2335, 462.3874, 4.8577, 3.3403, 25.5766, 244.8417, 32.5831, 163.4535, 252.7895, 212.7846, 2.1671, 496.372, 173.2626, 226.0606, 238.4342, 293.5199, 114.9743, 51.473, 458.178, 285.7691, 159.9532, 268.9492, 23.0968, 1959.4388, 252.4823, 647.3078, 83.6097],
      [10.4662, 35.5287, 8.2266, 68.1639, 5.5595, 46.6722, 62.7225, 137.3299, 50.2174, 97.0492, 62.6598, 8.1075, 1.4216, 2.5412, 71.168, 98.4119, 4.1549, 0.3324, 2.893, 58.5708, 14.7405, 51.3636, 70.1789, 48.4061, 1.4658, 115.4422, 64.2561, 69.077, 75.1371, 82.8762, 33.123, 15.5867, 120.2422, 45.189, 45.2804, 55.6665, 7.8554, 434.7151, 74.2382, 160.3736, 29.8452],
      [0.4087, 0.7402, 0.2364, 1.4544, 0, 1.1029, 0.8362, 3.8597, 1.4944, 1.3165, 0.2747, 0.2183, 0, 0, 1.4505, 1.8491, 0.2772, 0, 0, 1.7093, 0.4347, 1.4584, 1.0103, 0.2856, 0.0512, 2.9526, 1.7458, 1.664, 2.1924, 2.4382, 1.0662, 0.4704, 3.5122, 0, 0, 0, 0, 11.9617, 1.4125, 3.6472, 0.6028]
    ],
    [
      [1.3817, 4.2538, 0.0119, 3.0675, 0.0562, 5.0903, 1.7923, 3.6267, 2.261, 3.9416, 1.8545, 0, 0.0927, 0.0563, 5.5488, 7.5675, 0.1005, 0.2184, 0.042, 1.4471, 0.2084, 1.5063, 2.6195, 1.594, 0.1239, 5.3607, 2.0989, 4.744, 2.0228, 4.9811, 1.3906, 0.3988, 3.6696, 1.5717, 1.6098, 1.4533, 0, 27.7235, 4.5986, 8.0276, 0.9764],
      [0.4477, 1.2636, 0.3401, 2.6136, 0.6264, 1.5, 1.0719, 2.2114, 0.8673, 1.4967, 1.3868, 0.6379, 0.0162, 0.0959, 4.974, 4.0725, 0.1224, 0.3875, 0.0369, 1.2035, 0.3109, 1.1439, 0.8549, 1.1842, 0.0195, 2.8749, 1.6444, 2.5288, 1.5689, 2.029, 0.7338, 0.1229, 2.2788, 1.2858, 1.1921, 1.2521, 0.1675, 12.5773, 2.2945, 6.7885, 0.5163],
      [7.0603, 17.56, 4.0349, 25.8688, 0.5897, 20.5221, 15.2748, 41.2324, 16.8002, 22.3386, 18.8201, 5.0168, 0.5775, 0.9919, 56.2954, 52.8261, 0.5625, 0.283, 1.1695, 15.1095, 2.9714, 11.6047, 16.5019, 18.8865, 0.3513, 37.9304, 18.7915, 33.4106, 20.1996, 26.243, 8.5368, 2.0694, 31.2345, 23.5376, 12.6936, 18.5089, 2.057, 232.4227, 27.8678, 65.0953, 5.6722],
      [10.6941, 19.3064, 4.4899, 48.8867, 0.7278, 21.1533, 20.3305, 45.3298, 25.0723, 35.2961, 24.4065, 11.1159, 0.3136, 0.856, 52.5041, 57.7467, 2.5745, 0.1112, 0.7516, 18.5559, 7.3301, 18.6427, 23.3959, 21.8331, 1.4638, 45.197, 36.1173, 52.5169, 32.5802, 37.7112, 12.6166, 3.306, 41.9325, 19.2992, 18.2139, 19.4248, 3.1348, 262.8043, 41.9782, 82.2396, 10.5495],
      [0.4161, 0.6162, 0.1232, 1.5634, 0, 0.7342, 0.5306, 2.5997, 0.9992, 0.9271, 0.532, 0.2294, 0, 0, 1.6777, 1.7871, 0.6401, 0, 0, 0.6841, 0.1792, 1.1024, 0.6277, 0.5021, 0.0415, 1.637, 1.348, 1.7997, 1.6285, 2.0357, 0.7222, 0.1029, 1.8846, 0.3057, 0.2906, 0.3609, 0.6407, 11.4723, 1.2609, 2.8489, 0.2857]
    ],
    [
      [0.2782, 1.8424, 0, 1.0854, 0.046, 2.8289, 0.7273, 1.1795, 0.7134, 1.5291, 0.2908, 0.0069, 0.0918, 0.0564, 1.3727, 1.3667, 0.02, 0, 0.1267, 0.4618, 0.0375, 0.5446, 1.3189, 0.5114, 0.0533, 1.682, 0.9289, 1.4585, 1.2252, 2.1297, 0.838, 0.4554, 2.0154, 0.485, 0.3372, 0.6635, 0, 8.009, 1.5857, 4.5137, 0.6511],
      [0.1712, 1.038, 0.3819, 1.7537, 0.7013, 1.5844, 0.8252, 1.3662, 0.5229, 1.1022, 0.4121, 0.0248, 0.0272, 0.127, 2.3467, 1.3949, 0.0461, 0, 0.1457, 0.7286, 0.1033, 0.7849, 0.8185, 0.7198, 0.016, 1.7118, 1.3827, 1.4741, 1.8091, 1.6466, 0.8393, 0.2664, 2.374, 0.7482, 0.4754, 1.0841, 0.0447, 6.9141, 1.5009, 7.247, 0.6529],
      [0.1553, 0.8459, 0.3121, 1.0139, 0.0461, 1.2814, 0.6829, 1.4819, 0.5862, 0.9589, 0.3255, 0.0162, 0.0538, 0.0731, 1.5483, 1.0545, 0.012, 0, 0.2583, 0.5311, 0.0594, 0.4633, 0.9189, 0.6674, 0.0133, 1.3137, 0.9349, 1.1348, 1.3621, 1.2398, 0.5642, 0.2576, 1.8912, 0.8041, 0.2938, 0.9344, 0.0385, 7.4221, 1.0604, 4.0485, 0.4155],
      [6.1141, 23.3447, 9.0023, 48.2279, 1.2066, 32.8837, 23.0124, 41.0214, 22.0862, 38.1535, 10.6752, 0.9329, 0.8272, 1.7434, 36.2862, 29.0597, 1.4308, 0, 4.4693, 16.5222, 3.6926, 18.8088, 32.8413, 19.5315, 1.8572, 39.512, 44.6838, 45.0199, 55.157, 44.942, 21.2363, 10.6087, 64.1249, 16.6071, 10.6702, 24.7279, 1.4929, 211.1504, 40.3409, 128.6366, 19.6192],
      [0.2813, 0.929, 0.3037, 1.9191, 0, 1.4216, 0.7521, 2.9511, 1.0913, 1.2562, 0.2964, 0.0192, 0, 0, 1.4461, 1.1243, 0.4911, 0, 0, 0.7563, 0.1071, 1.3983, 1.1024, 0.57, 0.0602, 1.7804, 2.0698, 1.9128, 3.4465, 3.042, 1.5221, 0.4119, 3.5946, 0.3556, 0.2234, 0.59, 0.4239, 11.5044, 1.5122, 5.5543, 0.6612]
    ]
  ],
  "V_est": [
    [723.3301, 0.1387, 307.0063, 152.8114, 39.7135],
    [15.835, 1912.0972, 678.0152, 691.7044, 0.3483],
    [151.8949, 160.1406, 147.7232, 10847.4569, 461.7844],
    [215.3816, 390.5687, 9867.6592, 2447.256, 54.1344],
    [119.0905, 68.741, 939.5207, 1192.5104, 45.1373],
    [43.4679, 47.3138, 37.0753, 1202.2609, 56.882]
  ],
  "p_est": [
    [0.5914, 0.0001, 0.251, 0.1249, 0.0325],
    [0.0048, 0.5798, 0.2056, 0.2097, 0.0001],
    [0.0129, 0.0136, 0.0126, 0.9217, 0.0392],
    [0.0166, 0.0301, 0.7605, 0.1886, 0.0042],
    [0.0504, 0.0291, 0.3973, 0.5042, 0.0191],
    [0.0313, 0.0341, 0.0267, 0.8668, 0.041]
  ],
  "EI_Z": {},
  "EI_V": 11.2611,
  "MAE_Z": {},
  "MAE_V": 247.8709,
  "MAE_p": 0.0791,
  "runtime": 0.092
}
