{
  "Z_true": {},
  "V_true": [
    [614, 69, 2153, 571],
    [73, 510, 780, 786],
    [237, 5627, 5800, 616],
    [3122, 72, 4719, 270],
    [260, 189, 998, 198],
    [46, 41, 4247, 46],
    [88, 313, 658, 505]
  ],
  "p_true": [
    [0.1802, 0.0203, 0.6319, 0.1676],
    [0.034, 0.2373, 0.363, 0.3658],
    [0.0193, 0.4582, 0.4723, 0.0502],
    [0.3815, 0.0088, 0.5767, 0.033],
    [0.1581, 0.1149, 0.6067, 0.1204],
    [0.0105, 0.0094, 0.9696, 0.0105],
    [0.0563, 0.2001, 0.4207, 0.3229]
  ],
  "Z_est": [
    [
      [11.0045, 15.0311, 29.0555, 32.5733, 124.6, 6.966, 1.0414, 38.1379, 0.6371, 9.2108, 68.8255, 14.6028, 95.0578, 55.0215, 51.77, 44.8499, 65.5282, 191.0417, 39.2035, 43.9246, 3.4112, 17.2759, 83.3588, 32.9778, 25.9423, 57.1155, 13.8854, 166.4403, 40.9505, 12.4637, 35.2693, 5.0799, 2.0241, 0, 10.3088, 27.5281, 10.4142, 17.8891, 33.267, 45.6717, 35.1222, 1.0762, 126.3818, 17.9934, 138.3922, 35.5474],
      [0.3475, 0.4073, 0.7705, 0.9102, 3.3975, 0.2111, 0.0525, 0.9728, 0.0141, 0.8798, 1.7821, 0.3641, 2.4935, 1.6538, 1.4264, 1.0953, 1.7283, 4.9874, 1.0191, 1.1923, 0.0705, 0.4848, 2.0862, 0.8401, 0.6078, 1.4881, 0.3465, 4.2394, 1.0579, 0.2645, 0.9684, 0.5707, 0.0423, 0, 0.2116, 0.7467, 0.3006, 0.4787, 0.8317, 1.1707, 0.8401, 0.0555, 3.4879, 0.5003, 3.677, 1.6885],
      [8.8358, 9.2497, 20.1768, 24.2666, 101.6919, 5.8833, 0.6053, 21.1668, 0.2172, 6.8196, 36.7851, 7.4547, 62.0682, 39.2055, 38.1831, 24.3732, 47.4069, 132.4145, 27.3372, 30.0732, 1.086, 11.605, 44.6643, 16.6118, 9.9824, 31.7601, 6.152, 96.5552, 22.4631, 5.1213, 24.7949, 4.4661, 0.6516, 0, 3.258, 22.1608, 8.4213, 9.4899, 15.4249, 28.7586, 14.0601, 0.6516, 94.4033, 12.8346, 83.7765, 30.9318],
      [2.8123, 2.3119, 2.9972, 3.2499, 4.3105, 0.9396, 0.3008, 6.7226, 0.1316, 1.0898, 8.6073, 1.5784, 7.3805, 5.1192, 4.6205, 3.6816, 4.3366, 13.5564, 2.4403, 4.8099, 0.4323, 1.6343, 7.8907, 3.5703, 1.4674, 5.6364, 1.6162, 14.7651, 4.5286, 0.1505, 2.9675, 0.8834, 0.282, 0, 1.2217, 0.5644, 0.8638, 2.1423, 3.4763, 3.399, 2.9776, 1.2167, 9.7269, 1.6718, 18.1543, 3.8322]
    ],
    [
      [0.443, 2.429, 2.7632, 1.9921, 3.5577, 0.0015, 0, 1.0472, 0.0555, 0.6083, 5.5318, 1.0517, 5.5377, 4.4232, 2.0392, 2.6041, 2.2768, 8.0427, 1.6089, 3.4836, 0.2205, 0.6614, 3.858, 1.9841, 1.9933, 4.2056, 1.4926, 13.662, 2.9332, 1.5714, 1.7177, 0.2335, 0.4182, 0.1323, 0.5511, 1.0541, 0.6087, 1.2125, 2.3806, 1.9971, 2.6574, 0.0551, 5.5983, 1.7131, 13.1552, 2.763],
      [2.2492, 12.9457, 14.072, 10.1529, 18.055, 5.9128, 0, 5.3418, 0.282, 3.1002, 28.2074, 5.358, 28.2024, 22.5839, 10.4025, 13.2467, 11.5587, 40.8703, 8.1734, 17.7529, 1.1246, 3.3738, 19.6804, 10.1214, 10.1669, 21.4523, 7.6139, 69.6098, 14.9546, 3.7371, 8.7573, 3.9434, 1.4564, 0.5631, 2.8115, 5.3592, 3.1045, 6.1853, 12.1428, 10.1571, 13.5538, 0.2895, 28.5148, 8.7377, 67.0627, 14.0938],
      [0.1468, 7.2284, 9.179, 2.789, 10.3746, 5.9182, 0, 0.3486, 0.0183, 0.2399, 4.4577, 1.3776, 16.7988, 13.9347, 0.6789, 6.2236, 4.8278, 18.8039, 5.4634, 7.026, 0.0734, 0.2202, 1.2844, 0.6605, 6.3912, 9.3214, 4.2219, 47.328, 3.3419, 3.0055, 2.6449, 1.8958, 0.7335, 0.0992, 0.1835, 7.0489, 1.7248, 0.4037, 3.5036, 3.8438, 7.0346, 0.0183, 11.0006, 6.7121, 20.475, 6.3912],
      [5.161, 21.3969, 23.9858, 21.066, 32.0126, 9.1675, 0, 12.2624, 0.6442, 7.0516, 61.8031, 11.2127, 49.4611, 39.0582, 23.8794, 24.9257, 22.3368, 77.2831, 13.7543, 34.7375, 2.5816, 7.7447, 45.1772, 23.234, 17.4485, 41.0207, 13.6716, 116.4002, 31.7704, 2.686, 17.8801, 7.9274, 2.3919, 1.2054, 6.4539, 5.5378, 5.562, 14.1986, 24.973, 20.002, 24.7542, 0.637, 55.8862, 13.837, 137.3071, 26.7521]
    ],
    [
      [1.1739, 0.0134, 5.686, 1.5143, 16.2655, 0.0049, 0.0008, 8.6101, 0.2829, 0.0069, 18.2758, 4.0907, 23.1726, 1.1401, 0.0563, 7.7106, 5.7466, 23.4848, 4.2659, 8.9544, 4.3195, 5.125, 36.2673, 9.4328, 10.3593, 18.1009, 3.6353, 49.9375, 11.3154, 1.8594, 0.0308, 0.0028, 0.7902, 0.9323, 4.9096, 3.8744, 0.0081, 3.8407, 11.9941, 8.8486, 14.3388, 2.1457, 10.4267, 0.1412, 25.1707, 0.0243],
      [22.5077, 44.2182, 34.163, 96.1683, 188.8255, 23.367, 52.0651, 53.7827, 2.6176, 22.3887, 284.1756, 49.5674, 267.8755, 290.0276, 142.6701, 97.5377, 94.1515, 309.8539, 59.608, 118.8089, 20.975, 58.9491, 279.5808, 157.3805, 144.3086, 266.9824, 69.4746, 492.8509, 166.4906, 18.2455, 131.8332, 19.5158, 15.4167, 2.4127, 50.565, 53.2311, 36.7343, 113.8327, 168.7649, 109.8027, 182.3265, 28.1612, 372.1909, 66.1683, 435.0969, 109.0682],
      [14.4803, 34.622, 47.9573, 88.8158, 345.8944, 26.8297, 24.6444, 68.5978, 2.836, 19.7941, 233.4056, 46.565, 237.5163, 290.2475, 211.7044, 106.1104, 88.2294, 301.4287, 79.2641, 72.2038, 19.1911, 45.2438, 164.5728, 244.1848, 197.7433, 284.8189, 74.5865, 294.8944, 105.5973, 14.7321, 229.2213, 13.5694, 10.5487, 1.933, 51.5991, 74.2834, 45.806, 85.3217, 167.6412, 119.3444, 151.9312, 30.8623, 376.062, 62.5498, 339.0116, 107.0233],
      [1.838, 11.1464, 11.1937, 9.5016, 3.0146, 1.7985, 2.2897, 8.0094, 0.2635, 6.8103, 34.143, 7.7769, 11.4357, 3.5849, 8.5692, 7.6413, 6.8726, 23.2327, 1.8621, 19.0329, 0.5144, 5.6821, 30.579, 3.0019, 1.5888, 9.0978, 1.3036, 33.3172, 14.5967, 0.1629, 1.9147, 3.9119, 0.2444, 0.722, 9.9264, 0.6111, 1.4516, 9.0049, 5.5998, 3.0042, 2.4035, 11.8308, 7.3203, 1.1406, 83.7207, 10.8841]
    ],
    [
      [4.1701, 15.2853, 24.2129, 29.4317, 105.6193, 4.8996, 0.839, 38.8941, 2.0244, 7.0836, 73.9061, 17.0648, 92.2783, 54.3699, 52.2823, 57.3581, 67.0068, 198.1205, 41.6165, 37.0262, 5.9013, 14.6627, 84.2323, 38.6868, 34.8259, 59.4958, 17.5431, 171.2545, 44.0173, 19.0722, 38.3872, 1.5997, 2.6865, 0.9354, 17.1073, 24.2887, 8.869, 20.6973, 39.601, 49.9217, 45.1147, 35.5571, 117.9871, 17.8912, 134.773, 21.2985],
      [5.2228, 0.4014, 0.5033, 0.731, 0.0679, 0.1256, 0.8888, 0.2338, 0.0863, 0.165, 1.8251, 0.4356, 2.1676, 1.4532, 1.4951, 0.0361, 0.7205, 0.1145, 0.0222, 0.7989, 0.2423, 0.3104, 1.8672, 1.0005, 0.8973, 1.4281, 0.4662, 4.0237, 1.0861, 1.6512, 1.067, 1.3229, 0.2582, 0.0241, 0.4811, 0.0191, 0.2972, 0.5552, 1.0045, 1.2751, 4.4287, 0.0093, 2.9505, 0.4711, 3.222, 0.6434],
      [27.6736, 48.9511, 57.752, 87.6825, 473.1875, 14.601, 8.0887, 105.0345, 3.9294, 19.2242, 215.8809, 53.2128, 256.2344, 177.0279, 190.8212, 191.8315, 172.2189, 550.7117, 125.3105, 89.7943, 12.8412, 34.1211, 213.4261, 120.3994, 110.2108, 164.9551, 57.9365, 474.9311, 128.7126, 30.2699, 134.1772, 12.0811, 8.0452, 2.9685, 60.996, 132.6667, 38.9706, 66.1486, 119.4846, 158.0604, 140.3567, 31.116, 356.4791, 57.2899, 379.3471, 75.3122],
      [3.9334, 1.3623, 1.5317, 2.1548, 0.1253, 0.3738, 0.1835, 14.8375, 1.9599, 0.5272, 5.3879, 1.2868, 6.3197, 0.149, 4.4014, 4.7743, 4.0538, 20.0533, 0.0508, 2.3806, 0.0152, 0.9057, 5.4745, 2.9132, 0.066, 4.121, 0.0542, 11.7908, 3.1841, 0.0068, 2.3687, 0.9963, 0.0102, 0.0721, 1.4156, 0.0254, 0.8632, 1.5989, 2.9099, 3.7428, 0.0999, 9.3176, 8.5833, 1.3478, 9.6579, 6.7459]
    ],
    [
      [0.03, 0.0324, 0.0426, 0.0562, 0.1461, 0.009, 0.0147, 0.055, 0, 0.0156, 0.1351, 0.0402, 0.1439, 0.107, 0.0623, 0.0575, 0.0501, 0.195, 0.0348, 0.0589, 0.021, 0.0317, 0.1485, 0.0704, 0.0721, 0.128, 0.0272, 0.1618, 0.083, 0.0168, 0.088, 0.0097, 0.0067, 0, 0.018, 0.0447, 0.0102, 0.0326, 0.0869, 0.097, 0.0812, 0.016, 0.2316, 0.0519, 0.199, 0.0235],
      [0.0173, 0.0268, 0.0255, 0.0492, 0.1002, 0.0122, 0.0221, 0.0312, 0, 0.0122, 0.1382, 0.4553, 0.1325, 0.1328, 0.0666, 0.0492, 0.0452, 0.1569, 0.0296, 0.0598, 0.2177, 0.0285, 0.1352, 0.074, 0.0696, 0.1284, 0.0329, 0.2256, 0.0812, 0.0109, 0.0686, 0.0109, 0.0075, 0, 0.0217, 0.0295, 0.016, 0.0489, 0.0822, 0.0625, 0.087, 0.0126, 0.1895, 0.0377, 0.2171, 0.0476],
      [18.5248, 18.3317, 22.2302, 31.0419, 73.1542, 4.781, 9.7699, 28.1044, 0, 8.7028, 73.4367, 22.9486, 74.8235, 60.251, 30.886, 27.0635, 19.2254, 88.0089, 14.5098, 29.82, 12.6986, 17.4845, 78.5632, 38.8036, 41.5864, 71.9635, 14.5, 66.8447, 45.5574, 7.8288, 51.75, 5.7673, 3.8862, 0, 8.656, 24.8212, 4.8109, 17.3656, 49.634, 54.6759, 44.756, 6.6542, 129.6675, 31.2528, 100.5506, 9.3244],
      [0.4279, 0.6091, 0.7017, 0.8527, 1.5994, 0.1977, 0.1933, 0.8093, 0, 0.2694, 2.29, 0.5559, 1.9002, 1.5092, 0.9851, 0.8297, 0.6793, 2.6392, 0.4258, 1.0613, 0.0627, 0.4552, 2.1531, 1.0519, 0.2718, 1.7801, 0.4398, 2.7679, 1.2785, 0.1435, 1.0934, 0.2122, 0.0996, 0, 0.3043, 0.1046, 0.1629, 0.5528, 1.1969, 1.1646, 1.0759, 0.3172, 2.9114, 0.6575, 4.0333, 0.6045]
    ],
    [
      [0.0008, 0.0015, 0.0028, 0.003, 0.0114, 0.0005, 0.0003, 0.004, 0.0001, 0.0008, 0.0077, 0.0017, 0.0099, 0.0053, 0.0049, 0.0051, 0.0064, 0.0192, 0.004, 0.0043, 0.0007, 0.0017, 0.0095, 0.0038, 0.0035, 0.0064, 0.0017, 0.0184, 0.0046, 0.0016, 0.0035, 0.0003, 0.0003, 0.0001, 0.0015, 0.0026, 0.0009, 0.002, 0.004, 0.0049, 0.0045, 0.0018, 0.0119, 0.0017, 0.0143, 0.0027],
      [0, 0, 0, 0, 0, 0, 0, 0, 0, 0, 0, 0, 0, 0, 0, 0, 0, 0, 0, 0, 0, 0, 0, 0, 0, 0, 0, 0, 0, 0, 0, 0, 0, 0, 0, 0, 0, 0, 0, 0, 0, 0, 0, 0, 0, 0],
      [15.9931, 26.9851, 26.9824, 64.9813, 289.9679, 13.9944, 19.9977, 32.9804, 2.999, 13.9936, 232.9446, 57.9899, 182.9585, 210.9701, 189.9742, 81.9778, 77.9779, 226.9277, 49.9877, 69.9711, 14.7943, 35.7271, 137.9511, 162.9772, 124.9856, 182.9651, 49.9894, 229.9112, 100.9714, 7.9973, 184.9834, 10.9947, 6.9981, 0.9994, 64.9915, 96.9932, 26.9955, 50.9863, 146.9776, 138.9809, 107.9791, 13.9896, 227.9484, 38.9904, 278.8848, 40.9788],
      [0.0061, 0.0134, 0.0148, 0.0156, 0.0207, 0.005, 0.002, 0.0156, 0.0008, 0.0056, 0.0478, 0.0084, 0.0316, 0.0246, 0.021, 0.017, 0.0156, 0.0531, 0.0084, 0.0246, 0.205, 1.2712, 0.0394, 0.019, 0.0109, 0.0285, 0.0089, 0.0704, 0.024, 0.0011, 0.0131, 0.005, 0.0017, 0.0006, 0.007, 0.0042, 0.0036, 0.0117, 0.0184, 0.0142, 0.0165, 0.0087, 0.0397, 0.0078, 0.1009, 0.0184]
    ],
    [
      [0.1777, 0.2073, 0.2369, 0.4295, 0.7998, 0.1185, 0.1037, 0.2517, 0, 0.0741, 1.3181, 0.1481, 0.7998, 0.933, 0.7849, 0.4147, 0.3851, 1.0961, 0.2666, 0.548, 1.1258, 0.2416, 1.1256, 0.8441, 2.8036, 0.9478, 0.4147, 1.5255, 0.6961, 0.0148, 0.5035, 0.074, 0.074, 0, 0.1037, 0.2074, 0.0889, 0.3258, 0.6664, 0.4591, 0.6813, 0.1481, 1.3625, 0.2073, 2.2955, 0.3406],
      [1.6555, 2.0006, 2.4657, 4.9883, 9.5539, 1.3713, 1.9716, 2.6376, 0, 0.4541, 14.8715, 1.8196, 12.1286, 13.1487, 7.9394, 5.0349, 4.7959, 15.017, 3.1477, 6.3872, 1.3699, 2.8533, 13.6502, 8.5835, 6.9497, 12.5207, 4.0659, 23.0506, 8.3298, 0.0908, 6.3056, 0.6364, 0.819, 0, 0.9092, 2.6143, 1.5474, 4.8992, 8.1738, 5.5318, 8.764, 1.4719, 17.6663, 3.085, 24.7243, 4.4584],
      [2.3456, 0.632, 0.7223, 4.4229, 10.7294, 0.9923, 0.894, 0.7674, 0, 0.2257, 14.0894, 0.4514, 4.6004, 10.3633, 11.7523, 3.42, 3.1137, 4.7047, 3.1273, 4.1116, 3.3155, 2.5984, 11.5381, 13.3627, 10.1001, 10.2159, 8.6137, 5.5354, 7.3564, 0.0451, 6.4283, 0.2257, 1.1367, 0, 0.316, 3.0257, 0.2709, 2.2842, 8.334, 5.336, 8.8823, 0.708, 15.439, 1.3703, 19.9543, 1.0383],
      [7.8212, 11.1601, 12.575, 19.1594, 32.9169, 5.5179, 4.0307, 13.3432, 0, 4.2461, 58.721, 7.5809, 36.4712, 38.555, 32.5234, 19.1304, 17.7054, 53.1823, 11.4584, 25.9532, 5.1888, 10.3067, 49.686, 34.2097, 18.1466, 40.3156, 14.9058, 72.8885, 30.6178, 0.8492, 20.7626, 4.0639, 2.9702, 0, 5.6712, 8.1526, 4.0929, 14.4907, 27.8257, 19.6731, 27.6724, 7.672, 57.5321, 9.3374, 108.0258, 17.1627]
    ]
  ],
  "V_est": [
    [1933.8701, 52.7619, 1244.2997, 176.0684],
    [118.3269, 607.0358, 265.397, 1158.2403],
    [368.2879, 5824.7391, 5653.4207, 433.5523],
    [1989.8969, 48.4971, 5990.4724, 154.1337],
    [3.0442, 3.506, 1595.0178, 43.4319],
    [0.2025, 0, 4377.4957, 2.3018],
    [26.3716, 284.4601, 228.8967, 1024.2716]
  ],
  "p_est": [
    [0.5676, 0.0155, 0.3652, 0.0517],
    [0.0551, 0.2825, 0.1235, 0.539],
    [0.03, 0.4743, 0.4604, 0.0353],
    [0.2432, 0.0059, 0.7321, 0.0188],
    [0.0019, 0.0021, 0.9696, 0.0264],
    [0, 0, 0.9994, 0.0005],
    [0.0169, 0.1819, 0.1464, 0.6549]
  ],
  "EI_Z": {},
  "EI_V": 13.9305,
  "MAE_Z": {},
  "MAE_V": 334.4113,
  "MAE_p": 0.1096,
  "runtime": 1.4727
}
