{
  "Z_true": {},
  "V_true": [
    [614, 69, 2153, 571],
    [73, 510, 780, 786],
    [237, 5627, 5800, 616],
    [3122, 72, 4719, 270],
    [260, 189, 998, 198],
    [46, 41, 4247, 46],
    [88, 313, 658, 505]
  ],
  "p_true": [
    [0.1802, 0.0203, 0.6319, 0.1676],
    [0.034, 0.2373, 0.363, 0.3658],
    [0.0193, 0.4582, 0.4723, 0.0502],
    [0.3815, 0.0088, 0.5767, 0.033],
    [0.1581, 0.1149, 0.6067, 0.1204],
    [0.0105, 0.0094, 0.9696, 0.0105],
    [0.0563, 0.2001, 0.4207, 0.3229]
  ],
  "Z_est": [
    [
      [11.0812, 15.1232, 29.236, 32.7801, 125.3932, 7.013, 1.0482, 38.3673, 0.6406, 9.2715, 69.2255, 14.6859, 95.6298, 55.3651, 52.0961, 45.106, 65.9336, 192.2095, 39.4426, 44.1971, 3.4288, 17.3817, 83.8361, 33.165, 26.7267, 57.4466, 13.962, 167.4119, 41.1884, 12.4979, 35.4874, 5.1164, 2.0347, 0, 10.3619, 27.7014, 10.4818, 17.9926, 33.4516, 45.9429, 35.0729, 1.0859, 127.1767, 18.1056, 139.2274, 35.7887],
      [0.2922, 0.3424, 0.6431, 0.7636, 2.8352, 0.1775, 0.0477, 0.8118, 0.0117, 0.8372, 1.5034, 0.3064, 2.0922, 1.327, 1.1957, 0.9175, 1.4423, 4.1656, 0.8509, 1.0001, 0.0585, 0.4103, 1.7547, 0.7104, 0.5166, 1.2575, 0.2936, 3.5619, 0.8921, 0.2212, 0.8146, 0.5447, 0.0351, 0, 0.1755, 0.6241, 0.2526, 0.4066, 0.7044, 0.9809, 0.7128, 0.0483, 2.9256, 0.421, 3.0907, 1.5161],
      [8.8495, 9.2647, 20.2081, 24.3037, 101.1105, 5.8921, 0.6063, 21.2022, 0.2176, 6.8302, 36.8466, 7.4672, 62.1655, 39.266, 38.2414, 24.4133, 47.4794, 132.6189, 27.3793, 30.1201, 1.0882, 11.6231, 44.7383, 16.6399, 9.2879, 31.8122, 6.1628, 96.7116, 22.5002, 5.1303, 24.8331, 4.4728, 0.6529, 0, 3.2645, 22.1096, 8.4339, 9.5058, 15.4517, 28.8041, 14.0856, 0.6529, 94.5469, 12.8543, 83.912, 30.9778],
      [2.7771, 2.2696, 2.9128, 3.1525, 4.6611, 0.9174, 0.2978, 6.6187, 0.1301, 1.0611, 8.4245, 1.5404, 7.1125, 5.042, 4.4668, 3.5632, 4.1447, 13.006, 2.3273, 4.6827, 0.4245, 1.5848, 7.671, 3.4847, 1.4688, 5.4837, 1.5815, 14.3147, 4.4192, 0.1506, 2.8649, 0.8661, 0.2773, 0, 1.1981, 0.5649, 0.8317, 2.095, 3.3923, 3.2721, 3.1287, 1.2129, 9.3508, 1.619, 17.7698, 3.7173]
    ],
    [
      [0.4352, 2.3864, 2.7148, 1.9572, 3.4958, 0.0015, 0, 1.0288, 0.0545, 0.5977, 5.4349, 1.0333, 5.4409, 4.3457, 2.0034, 2.5585, 2.2371, 7.9023, 1.5808, 3.4226, 0.2166, 0.6497, 3.7902, 1.9492, 1.9585, 4.132, 1.4664, 13.4228, 2.8818, 0.5999, 1.6877, 0.1766, 0.2954, 0.1304, 0.5415, 1.0357, 0.598, 1.1912, 2.3389, 1.9622, 2.6109, 0.0541, 5.5005, 1.6831, 12.9247, 2.7146],
      [2.2525, 12.9647, 14.0929, 10.168, 18.0819, 5.9216, 0, 5.3498, 0.2824, 3.1048, 28.2494, 5.366, 28.2443, 22.6174, 10.418, 13.2664, 11.5759, 40.9311, 8.1856, 17.7793, 1.1263, 3.3788, 19.7097, 10.1364, 10.182, 21.4842, 7.6253, 69.7134, 14.9768, 4.6774, 8.7703, 4.5315, 1.5427, 0.564, 2.8157, 5.3671, 3.1091, 6.1945, 12.1608, 10.1722, 13.574, 0.29, 28.5572, 8.7507, 67.1625, 14.1147],
      [0.1607, 7.3111, 9.2739, 2.8536, 10.4947, 5.9386, 0, 0.3816, 0.0201, 0.2591, 4.634, 1.4116, 16.987, 14.0858, 0.7432, 6.3104, 4.903, 19.0714, 5.5186, 7.1411, 0.0803, 0.241, 1.406, 0.7231, 6.4593, 9.4611, 4.2724, 47.7985, 3.4363, 3.0273, 2.7008, 1.9217, 0.7428, 0.1027, 0.2009, 7.0054, 1.7454, 0.4419, 3.581, 3.9094, 7.1239, 0.0201, 11.185, 6.7719, 20.9041, 6.4833],
      [5.1515, 21.3379, 23.9184, 21.0211, 31.9276, 9.1384, 0, 12.2398, 0.643, 7.0385, 61.6817, 11.1892, 49.3278, 38.9511, 23.8354, 24.8646, 22.2841, 77.0952, 13.7151, 34.657, 2.5768, 7.7304, 45.0941, 23.1912, 17.4002, 40.9227, 13.6359, 116.0653, 31.7051, 2.6954, 17.8412, 7.3702, 2.4191, 1.2029, 6.442, 5.5918, 5.5475, 14.1724, 24.9192, 19.9561, 24.6912, 0.6358, 55.7573, 13.7942, 137.0087, 26.6874]
    ],
    [
      [1.1773, 0.0134, 5.6541, 1.4745, 16.3117, 0.0049, 0.0008, 8.644, 0.2856, 0.0069, 18.2549, 4.1217, 23.1893, 1.1153, 0.0564, 9.0735, 5.7629, 23.2478, 4.278, 8.8693, 4.3454, 5.0688, 36.1787, 9.4167, 10.3888, 18.0598, 3.6481, 50.1729, 11.3119, 1.9015, 0.0331, 0.0028, 0.9072, 0.9422, 5.0009, 3.8854, 0.0081, 3.8612, 12.0093, 8.9052, 14.6491, 2.1518, 10.332, 0.1472, 25.0973, 0.0243],
      [22.5392, 44.276, 34.2845, 96.3195, 189.3597, 23.3943, 52.0571, 53.9363, 2.6195, 22.4322, 284.457, 49.6308, 268.2952, 286.7834, 142.9236, 97.6934, 94.29, 310.6095, 59.7621, 118.9941, 21.0063, 59.0265, 279.9318, 157.5184, 144.4081, 267.2173, 69.5263, 493.525, 166.6619, 18.2717, 132.0052, 19.5437, 15.3368, 2.4126, 50.6112, 53.3461, 36.7853, 113.908, 168.9003, 110.0168, 182.5504, 28.167, 372.795, 66.2493, 435.6598, 109.234],
      [14.3999, 34.3817, 47.6554, 88.4498, 345.3111, 26.7206, 24.6162, 68.336, 2.8246, 19.7073, 232.4987, 46.3674, 236.4833, 293.5129, 211.0712, 104.3444, 87.8543, 300.1665, 78.8643, 71.7571, 19.1334, 45.0943, 163.7126, 243.7131, 197.6128, 284.1147, 74.5208, 292.886, 105.0725, 14.6637, 229.0452, 13.5006, 10.5113, 1.9215, 51.4093, 74.1568, 45.6912, 85.0714, 167.1707, 118.7802, 151.3947, 30.7198, 374.6844, 62.3256, 337.2723, 102.8402],
      [1.8836, 11.3289, 11.406, 9.7562, 3.0175, 1.8802, 2.326, 8.0838, 0.2703, 6.8536, 34.7894, 7.8801, 12.0322, 3.5884, 8.9488, 7.8887, 7.0929, 23.9762, 2.0956, 19.3795, 0.5149, 5.8104, 31.1768, 3.3518, 1.5903, 9.6082, 1.3049, 34.4161, 14.9537, 0.1631, 1.9165, 3.9529, 0.2447, 0.7237, 9.9786, 0.6117, 1.5154, 9.1593, 5.9196, 3.2978, 2.4058, 11.9614, 8.1886, 1.2779, 84.9707, 14.9015]
    ],
    [
      [4.0487, 15.1812, 24.0494, 29.1931, 104.6302, 4.8266, 0.8046, 38.5779, 2.0192, 7.0122, 73.3165, 16.9211, 91.573, 53.9039, 51.8206, 55.6844, 66.5369, 197.0502, 41.3315, 36.7727, 5.6981, 14.5656, 83.6349, 38.3615, 34.5346, 59.0415, 17.391, 169.9467, 43.666, 19.9578, 38.0585, 1.6012, 2.6646, 0.9274, 16.9458, 24.0632, 8.7915, 20.5192, 39.2765, 49.4959, 44.7355, 35.5092, 117.0196, 17.7372, 133.7305, 21.0345],
      [5.2438, 0.3896, 0.4883, 0.7096, 0.068, 0.122, 0.9008, 0.2341, 0.0864, 0.1601, 1.7721, 0.4227, 2.1038, 4.9833, 1.4506, 0.0362, 0.8476, 0.1146, 0.0222, 0.7757, 0.4092, 0.3015, 1.8127, 0.9714, 0.8712, 1.387, 0.4526, 3.9054, 1.0545, 0.7291, 1.0355, 0.7329, 0.2584, 0.0234, 0.4668, 0.0192, 0.2885, 0.5393, 0.9754, 1.2371, 4.3075, 0.0093, 2.8637, 0.4573, 3.1279, 0.6249],
      [27.7141, 49.0816, 57.9138, 87.9186, 474.1764, 14.6735, 8.1091, 105.2129, 3.9387, 19.2769, 216.4641, 53.355, 256.9322, 173.4892, 191.2777, 193.4443, 172.4224, 551.4364, 125.5954, 90.045, 12.8775, 34.2171, 214.017, 120.7213, 110.5281, 165.4046, 58.1022, 476.2249, 129.0602, 30.3063, 134.2241, 12.113, 8.0668, 2.9764, 61.1558, 132.8923, 39.0471, 66.3248, 119.8057, 158.4818, 140.732, 31.2468, 357.4365, 57.4209, 380.3783, 79.3381],
      [3.9935, 1.3476, 1.5485, 2.1788, 0.1254, 0.3778, 0.1855, 14.9752, 1.9558, 0.5508, 5.4473, 1.3012, 6.391, 0.6236, 4.4511, 4.8351, 4.1931, 20.3987, 0.0508, 2.4066, 0.0153, 0.9157, 5.5354, 2.9458, 0.0661, 4.1669, 0.0542, 11.923, 3.2194, 0.0068, 2.6818, 1.5528, 0.0102, 0.0729, 1.4316, 0.0254, 0.8729, 1.6167, 2.9424, 3.7853, 0.225, 9.2348, 8.6803, 1.3846, 9.7633, 3.0026]
    ],
    [
      [0.0466, 0.049, 0.0626, 0.0841, 0.2116, 0.0134, 0.0235, 0.0803, 0, 0.0234, 0.2014, 0.0612, 0.2111, 0.1611, 0.0903, 0.0819, 0.0676, 0.2745, 0.0479, 0.086, 0.2103, 0.0474, 0.2192, 0.1053, 0.1088, 0.1925, 0.0403, 0.223, 0.124, 0.0238, 0.1342, 0.015, 0.0102, 0, 0.0258, 0.0665, 0.0146, 0.0483, 0.1314, 0.1459, 0.1213, 0.0221, 0.3476, 0.0799, 0.2906, 0.0322],
      [0.0144, 0.0239, 0.022, 0.0444, 0.0888, 0.0115, 0.0206, 0.0268, 0, 0.0109, 0.1267, 0.4521, 0.1208, 0.1234, 0.0617, 0.045, 0.0422, 0.1431, 0.0273, 0.0551, 0.0279, 0.0258, 0.1229, 0.068, 0.0632, 0.1171, 0.0307, 0.215, 0.074, 0.0096, 0.0605, 0.01, 0.0069, 0, 0.0204, 0.0257, 0.0152, 0.0462, 0.0744, 0.0539, 0.08, 0.0115, 0.1693, 0.0328, 0.2011, 0.0461],
      [18.5255, 18.3322, 22.2309, 31.043, 73.1571, 4.7811, 9.7703, 28.1054, 0, 8.703, 73.4389, 22.949, 74.8261, 60.2531, 30.8869, 27.0644, 19.2259, 88.0117, 14.5103, 29.8208, 12.6991, 17.4851, 78.5659, 38.8049, 41.5559, 71.9661, 14.5005, 66.846, 45.5589, 7.8292, 51.7521, 5.7674, 3.8864, 0, 8.6562, 24.8031, 4.8111, 17.3661, 49.6358, 54.6781, 44.7576, 6.6543, 129.6725, 31.2541, 100.5529, 9.3244],
      [0.4135, 0.5949, 0.6845, 0.8286, 1.5425, 0.194, 0.1857, 0.7875, 0, 0.2627, 2.233, 0.5377, 1.842, 1.4623, 0.9611, 0.8087, 0.6644, 2.5708, 0.4146, 1.0381, 0.0628, 0.4416, 2.0921, 1.0218, 0.2721, 1.7242, 0.4285, 2.716, 1.2431, 0.1374, 1.0531, 0.2077, 0.0966, 0, 0.2976, 0.1047, 0.1591, 0.5393, 1.1583, 1.1221, 1.0411, 0.3121, 2.8106, 0.6332, 3.9554, 0.5973]
    ],
    [
      [0.0008, 0.0015, 0.0028, 0.003, 0.0114, 0.0005, 0.0003, 0.004, 0.0001, 0.0008, 0.0077, 0.0017, 0.0099, 0.0053, 0.0049, 0.0052, 0.0064, 0.0192, 0.004, 0.0043, 0.0007, 0.0017, 0.0095, 0.0038, 0.0035, 0.0064, 0.0017, 0.0184, 0.0046, 0.0016, 0.0035, 0.0003, 0.0003, 0.0001, 0.0015, 0.0026, 0.0009, 0.002, 0.004, 0.0049, 0.0045, 0.0018, 0.0119, 0.0017, 0.0143, 0.0027],
      [0, 0, 0, 0, 0, 0, 0, 0, 0, 0, 0, 0, 0, 0, 0, 0, 0, 0, 0, 0, 0, 0, 0, 0, 0, 0, 0, 0, 0, 0, 0, 0, 0, 0, 0, 0, 0, 0, 0, 0, 0, 0, 0, 0, 0, 0],
      [15.9931, 26.9851, 26.9824, 64.9813, 289.9679, 13.9944, 19.9977, 32.9804, 2.999, 13.9936, 232.9445, 57.9899, 182.9585, 210.9701, 189.9741, 81.9778, 77.9779, 226.9276, 49.9876, 69.9711, 14.7941, 35.7258, 137.951, 162.9772, 124.9856, 182.9651, 49.9894, 229.9112, 100.9714, 7.9973, 184.9834, 10.9946, 6.998, 0.9993, 64.9915, 96.9932, 26.9955, 50.9862, 146.9775, 138.9809, 107.979, 13.9896, 227.9483, 38.9904, 278.8847, 40.9788],
      [0.0062, 0.0134, 0.0148, 0.0157, 0.0207, 0.005, 0.002, 0.0157, 0.0008, 0.0056, 0.0478, 0.0084, 0.0316, 0.0246, 0.021, 0.0171, 0.0157, 0.0531, 0.0084, 0.0246, 0.2052, 1.2724, 0.0394, 0.019, 0.0109, 0.0285, 0.0089, 0.0705, 0.0241, 0.0011, 0.0131, 0.005, 0.0017, 0.0006, 0.007, 0.0042, 0.0036, 0.0117, 0.0185, 0.0143, 0.0165, 0.0087, 0.0397, 0.0078, 0.101, 0.0185]
    ],
    [
      [0.2102, 0.2452, 0.2803, 0.508, 0.946, 0.1401, 0.1226, 0.2978, 0, 0.0876, 1.559, 0.1752, 0.946, 1.1036, 0.9284, 0.4905, 0.4555, 1.2964, 0.3153, 0.6482, 1.1001, 0.2849, 1.3314, 0.9985, 2.2792, 1.1211, 0.4905, 1.8044, 0.8233, 0.0175, 0.5956, 0.0876, 0.0876, 0, 0.1226, 0.2453, 0.1051, 0.3854, 0.7883, 0.5431, 0.8058, 0.1752, 1.6116, 0.2452, 2.7152, 0.4029],
      [1.6579, 2.0034, 2.4691, 4.9949, 9.5665, 1.3731, 1.974, 2.6413, 0, 0.4549, 14.8915, 1.822, 12.1437, 13.1654, 7.9504, 5.0415, 4.8021, 15.0361, 3.1519, 6.3957, 1.3719, 2.8571, 13.6682, 8.5954, 6.9588, 12.5369, 4.0716, 23.0793, 8.3408, 0.091, 6.3138, 0.6373, 0.8201, 0, 0.9105, 2.6177, 1.5493, 4.9054, 8.1845, 5.5391, 8.7753, 1.4739, 17.6892, 3.0888, 24.758, 4.4642],
      [2.3573, 0.6436, 0.7356, 4.45, 10.7823, 0.9996, 0.9004, 0.7816, 0, 0.2299, 14.1731, 0.4597, 4.6474, 10.4229, 11.8054, 3.4454, 3.1372, 4.7675, 3.1445, 4.1447, 3.3273, 2.6135, 11.6092, 13.4205, 10.5703, 10.2762, 8.4519, 5.6219, 7.4005, 0.046, 6.4613, 0.2299, 1.1418, 0, 0.3218, 3.0397, 0.2758, 2.3038, 8.3776, 5.3656, 8.9272, 0.7166, 15.5264, 1.3827, 20.0957, 1.0574],
      [7.7746, 11.1077, 12.515, 19.0471, 32.7052, 5.4872, 4.0031, 13.2794, 0, 4.2277, 58.3763, 7.5431, 36.2629, 38.3081, 32.3158, 19.0226, 17.6052, 52.8999, 11.3883, 25.8114, 5.2006, 10.2445, 49.3913, 33.9856, 18.1916, 40.0659, 14.9861, 72.4944, 30.4354, 0.8455, 20.6293, 4.0452, 2.9506, 0, 5.6451, 8.0973, 4.0698, 14.4055, 27.6496, 19.5523, 27.4917, 7.6343, 57.1728, 9.2832, 107.4311, 17.0755]
    ]
  ],
  "V_est": [
    [1945.9185, 44.4934, 1244.7351, 171.8529],
    [115.144, 609.5394, 269.2449, 1155.0717],
    [369.9919, 5829.2721, 5632.342, 448.394],
    [1974.1617, 49.7931, 6005.5767, 153.4685],
    [4.6577, 3.0687, 1595.0195, 42.254],
    [0.2027, 0, 4377.4933, 2.304],
    [29.9234, 284.8333, 230.5885, 1018.6548]
  ],
  "p_est": [
    [0.5712, 0.0131, 0.3653, 0.0504],
    [0.0536, 0.2836, 0.1253, 0.5375],
    [0.0301, 0.4747, 0.4587, 0.0365],
    [0.2413, 0.0061, 0.7339, 0.0188],
    [0.0028, 0.0019, 0.9696, 0.0257],
    [0, 0, 0.9994, 0.0005],
    [0.0191, 0.1821, 0.1474, 0.6513]
  ],
  "EI_Z": {},
  "EI_V": 14.0017,
  "MAE_Z": {},
  "MAE_V": 336.1201,
  "MAE_p": 0.1096,
  "runtime": 0.9237
}
