{
  "Z_true": {},
  "V_true": [
    [6, 562, 587, 441, 13, 11],
    [117, 1134, 3519, 11572, 356, 91],
    [21, 97, 2341, 518, 45, 4],
    [33, 53, 321, 479, 23, 33],
    [614, 234, 829, 632, 383, 302]
  ],
  "p_true": [
    [0.0037, 0.3469, 0.3623, 0.2722, 0.008, 0.0068],
    [0.007, 0.0675, 0.2096, 0.6893, 0.0212, 0.0054],
    [0.0069, 0.0321, 0.7736, 0.1712, 0.0149, 0.0013],
    [0.035, 0.0563, 0.3408, 0.5085, 0.0244, 0.035],
    [0.2051, 0.0782, 0.2769, 0.2111, 0.1279, 0.1009]
  ],
  "Z_est": {},
  "V_est": [
    [138.6236, 938.9877, 520.4272, 0, 21.9615, 0],
    [347.5853, 509.6206, 2766.0611, 12951.5143, 214.2187, 0],
    [0, 0, 3026, 0, 0, 0],
    [0, 0, 116.3615, 690.4857, 10.0173, 125.1355],
    [304.7911, 631.3917, 1168.1503, 0, 573.8025, 315.8645]
  ],
  "p_est": [
    [0.0856, 0.5796, 0.3213, 0, 0.0136, 0],
    [0.0207, 0.0304, 0.1648, 0.7714, 0.0128, 0],
    [0, 0, 1, 0, 0, 0],
    [0, 0, 0.1235, 0.733, 0.0106, 0.1328],
    [0.1018, 0.2109, 0.3902, 0, 0.1917, 0.1055]
  ],
  "EI_Z": {},
  "EI_V": 15.9966,
  "MAE_Z": {},
  "MAE_V": 270.5668,
  "MAE_p": 0.0853,
  "runtime": 0.4175
}
