{
  "Z_true": {},
  "V_true": [
    [52, 61, 35, 1386, 244, 2745, 157],
    [509, 19, 18, 33, 290, 224, 61],
    [238, 198, 208, 225, 7511, 1344, 539],
    [76, 157, 126, 459, 202, 7078, 310],
    [67, 117, 1519, 192, 507, 1330, 103],
    [22, 871, 48, 64, 330, 1012, 177],
    [76, 38, 47, 60, 370, 277, 534]
  ],
  "p_true": [
    [0.0111, 0.013, 0.0075, 0.2962, 0.0521, 0.5865, 0.0335],
    [0.4411, 0.0165, 0.0156, 0.0286, 0.2513, 0.1941, 0.0529],
    [0.0232, 0.0193, 0.0203, 0.0219, 0.7319, 0.131, 0.0525],
    [0.009, 0.0187, 0.015, 0.0546, 0.024, 0.8418, 0.0369],
    [0.0175, 0.0305, 0.3961, 0.0501, 0.1322, 0.3468, 0.0269],
    [0.0087, 0.3451, 0.019, 0.0254, 0.1307, 0.401, 0.0701],
    [0.0542, 0.0271, 0.0335, 0.0428, 0.2639, 0.1976, 0.3809]
  ],
  "Z_est": [
    [
      [0.1969, 0.2834, 3.5766, 4.2584, 2.0824, 1.2781, 2.1677, 0.8054, 3.4359, 6.0252, 3.0624, 3.3808, 4.1822, 2.0734, 0.2366, 0.4694, 2.6001, 1.3716, 1.0942, 3.9066, 4.657, 2.9507, 0.9517, 3.1587, 3.0238, 0.1762, 2.5794, 0.1053, 7.0836, 0.5302],
      [0, 0.0855, 0.7094, 1.1608, 0.4525, 0.6768, 0.6555, 0.6961, 0.4241, 1.3506, 0.7544, 0.546, 0.8446, 0.802, 0.075, 0.2584, 0.8738, 0.5443, 0.2952, 0.8513, 1.5753, 0.7571, 0.2914, 0.8013, 0.6306, 0.1307, 0.8297, 0.0088, 1.69, 0.1169],
      [0.0428, 0, 0.0426, 0, 0, 0.2406, 0.0632, 0, 0.0118, 0.1173, 0.0295, 0.1902, 0.0304, 0.0377, 0.0414, 0.0353, 0.0026, 0.0429, 0.0707, 0.007, 0.1317, 0, 0.0173, 0, 0.032, 0, 0, 0.0035, 0.0625, 0.0247],
      [2.4482, 4.2302, 72.5385, 68.564, 28.6954, 45.0911, 50.47, 41.7992, 18.2846, 69.3848, 41.6887, 55.2725, 54.978, 36.4892, 4.9841, 7.5183, 48.3324, 28.1311, 25.1175, 54.1595, 122.3112, 42.946, 17.5478, 53.838, 29.7924, 3.6341, 44.6884, 2.4256, 104.1014, 7.4443],
      [0.0975, 0.0744, 1.5908, 1.8082, 1.2097, 0.4157, 0.946, 1.1068, 0.6764, 2.3624, 1.2835, 0.8603, 1.4927, 1.2393, 0, 0.7595, 1.2483, 0.8273, 1.2078, 1.5129, 2.1917, 1.0606, 0.6204, 1.2112, 1.0216, 0.2253, 1.5065, 0.0127, 2.2428, 0.2733],
      [11.2146, 13.195, 210.7692, 201.3412, 112.6562, 118.7949, 129.3254, 128.8065, 68.8483, 199.2314, 128.9504, 164.7945, 124.7818, 102.8134, 8.593, 42.8514, 134.7084, 57.2315, 56.4161, 128.9806, 334.6284, 110.2444, 46.9289, 177.0794, 87.693, 20.7131, 160.1943, 2.4374, 229.3892, 31.5348],
      [0, 0.1314, 1.7728, 1.8674, 0.9038, 0.5028, 0.3721, 0.786, 0.3189, 1.5284, 1.2311, 0.9557, 0.6902, 0.5451, 0.0699, 0.1076, 1.2343, 0.8513, 0.7985, 1.5821, 2.5047, 1.0413, 0.6425, 0.9113, 0.8066, 0.1207, 0.2017, 0.0068, 2.4305, 0.0758]
    ],
    [
      [2.7793, 1.454, 32.2441, 35.9076, 21.7681, 19.0182, 15.1314, 15.5417, 25.608, 40.1397, 39.7153, 32.8131, 49.7191, 25.0004, 1.6156, 10.287, 35.5611, 16.8059, 15.5805, 34.7458, 38.9221, 39.5903, 16.5787, 18.0104, 19.5274, 2.284, 27.7878, 1.7174, 85.783, 13.7335],
      [0.1335, 0.0297, 0.6443, 0.7698, 0.4063, 0.7885, 0.3511, 0.6388, 0.2354, 0.7101, 0.8079, 0.4832, 0.8012, 0.8352, 0.0096, 0.4022, 0.9945, 0.5866, 0.3771, 0.6168, 1.0734, 0.8491, 0.4047, 0.3415, 0.327, 0.127, 0.7072, 0.0045, 1.769, 0.1786],
      [0.0048, 0.0004, 0.0295, 0.0127, 0.0108, 0.0338, 0.012, 0.0018, 0.0043, 0.0263, 0.0293, 0.0248, 0.0236, 0.0264, 0.0011, 0.0257, 0.0231, 0.0162, 0.0345, 0.0161, 0.0358, 0.0165, 0.0179, 0.007, 0.0106, 0.0079, 0.0272, 0.0008, 0.049, 0.0091],
      [0.2194, 0.1195, 5.1762, 4.4991, 2.3825, 5.4799, 2.7765, 4.3448, 0.9117, 3.6468, 4.2735, 4.2311, 5.14, 3.4538, 0.1541, 1.1931, 5.2165, 2.6686, 2.7042, 3.7943, 8.0361, 4.53, 2.3405, 2.3964, 1.4883, 0.3425, 3.8266, 0.1293, 9.9885, 1.4736],
      [0.2559, 0.1303, 5.2751, 5.0605, 3.3444, 2.7507, 2.237, 3.8143, 1.0266, 6.2263, 6.7893, 3.3109, 6.4581, 5.1811, 0.0524, 4.6756, 6.9514, 3.5497, 5.5977, 4.8168, 6.9808, 5.7674, 3.647, 2.1858, 2.5445, 0.961, 5.0185, 0.0569, 10.1573, 0.9226],
      [0.5616, 0.2106, 8.4577, 7.4289, 5.2508, 8.1012, 3.9986, 7.5361, 1.9524, 5.8853, 7.4284, 7.0916, 6.5637, 5.4709, 0.1511, 3.8185, 8.1733, 3.0534, 3.406, 5.0803, 12.3587, 6.5372, 3.5136, 4.4345, 2.4627, 1.0906, 7.7037, 0.081, 12.3913, 3.4568],
      [0.0455, 0.0556, 2.1731, 2.3215, 1.8371, 0.8277, 0.4935, 1.1224, 0.2616, 1.3655, 1.9564, 1.0452, 1.2942, 1.0322, 0.0161, 0.598, 2.0801, 1.3196, 1.2999, 1.9299, 2.5932, 1.7096, 1.4975, 0.6244, 0.6394, 0.187, 0.9289, 0.01, 3.8618, 0.2259]
    ],
    [
      [0.866, 0.7131, 7.3637, 7.1287, 6.727, 3.7144, 4.99, 2.3738, 8.0107, 8.6037, 9.0692, 6.0208, 12.5104, 5.5288, 0.8527, 1.0902, 9.8371, 3.7244, 2.7827, 12.2021, 11.7693, 11.0916, 2.8609, 6.6866, 11.1428, 0.331, 7.6108, 0.9529, 19.3665, 3.3021],
      [1.4617, 0.8879, 6.5412, 7.1599, 5.616, 7.1583, 5.5066, 5.0148, 3.9824, 7.2424, 8.6167, 4.117, 9.7105, 8.1956, 0.4679, 3.458, 12.9197, 5.7315, 3.1717, 10.2518, 15.3062, 11.0344, 3.4233, 6.0404, 9.117, 5.2398, 8.2483, 0.2493, 18.3791, 2.15],
      [1.0304, 0.4352, 11.4178, 5.4954, 5.9433, 7.8992, 6.4391, 1.8211, 2.1995, 8.4867, 10.9191, 5.4552, 9.3794, 9.3054, 0.4695, 6.5101, 11.4434, 5.2286, 12.0332, 9.9283, 17.971, 8.8814, 5.0608, 4.8137, 10.0621, 10.9133, 12.4388, 0.6068, 17.518, 1.4706],
      [0.5527, 0.596, 8.3267, 6.2604, 4.2341, 7.0555, 6.2797, 4.6441, 2.1418, 5.4394, 6.5696, 5.4726, 8.839, 5.3367, 0.8179, 0, 10.2407, 3.9056, 4.0309, 9.1951, 16.8824, 8.9336, 3.0055, 6.2127, 5.9281, 0, 6.2589, 0.5045, 14.8207, 2.4543],
      [23.1542, 22.8613, 308.1839, 256.5391, 258.3615, 136.45, 190.3744, 149.2943, 94.295, 342.0059, 394.0769, 157.075, 418.274, 286.4913, 12.9573, 197.8398, 494.2099, 202.8397, 323.3137, 432.0408, 544.7965, 412.9372, 166.9118, 209.6646, 380.3782, 204.5146, 315.796, 16.3973, 587.5913, 57.6359],
      [4.045, 2.7391, 38.3071, 29.1448, 32.311, 30.6395, 26.1529, 22.3215, 14.3559, 24.7173, 33.059, 25.6489, 33.042, 23.0548, 2.5674, 13.8616, 44.8198, 12.9072, 10.4506, 34.8577, 74.311, 36.0996, 11.7816, 32.3016, 27.6138, 19.2793, 37.9759, 1.9555, 56.2724, 15.8925],
      [1.89, 4.7676, 61.8597, 57.2716, 66.8071, 20.0831, 20.2572, 21.5303, 12.0147, 36.5046, 55.6895, 24.2105, 40.2448, 27.0874, 1.8672, 8.2404, 72.5294, 36.663, 37.2171, 83.5241, 98.9636, 60.0222, 32.9559, 29.2804, 46.758, 18.7219, 26.6712, 1.3338, 109.0519, 7.0946]
    ],
    [
      [0.0905, 0.2805, 1.0745, 1.6383, 0.7533, 0.5479, 0.9842, 0, 0.0412, 1.7493, 1.04, 0.9066, 1.2511, 0.6475, 0.1348, 0.0587, 1.0597, 0.562, 0.2709, 1.1222, 1.3507, 1.0811, 0.2605, 1.1689, 1.0489, 0.1781, 0.4957, 0.1477, 2.1678, 0.3319],
      [0.1978, 0.7056, 3.414, 5.8075, 2.1493, 3.1209, 3.7142, 2.52, 2.0027, 5.6894, 3.758, 2.1736, 3.7867, 3.7413, 0.2273, 1.0835, 5.5133, 3.2978, 1.5268, 3.6102, 7.7895, 4.1603, 1.2128, 3.7495, 3.3499, 3.257, 3.6916, 0.1042, 8.2386, 0.6749],
      [0.1658, 0.0546, 1.2543, 0.4509, 0.4004, 1.2816, 1.0043, 0, 0.2375, 1.4632, 0.9524, 0.8936, 0.74, 0.8653, 0.1152, 0.468, 0.894, 0.6807, 1.0281, 0.6646, 2.0453, 0.5913, 0.3631, 0.3957, 0.7725, 0.762, 0.8725, 0.0762, 1.5911, 0.1889],
      [1.3625, 4.6206, 41.2416, 44.7128, 17.0089, 27.1785, 37.1723, 23.7438, 10.6237, 38.3853, 26.6261, 26.9595, 32.1776, 21.4706, 2.7135, 2.2306, 39.0649, 21.1727, 15.7619, 29.7373, 77.8139, 30.1572, 9.4283, 33.3142, 20.3309, 6.9595, 25.8386, 3.2254, 63.667, 5.6218],
      [0.3024, 0.4192, 5.1597, 6.7465, 4.1257, 1.501, 4.0761, 3.4114, 2.19, 7.5912, 4.793, 2.4293, 4.9839, 4.1418, 0.0308, 2.3952, 5.8541, 3.628, 4.3105, 4.6961, 8.0883, 4.3395, 1.874, 4.2735, 4.0654, 4.6658, 4.9519, 0.0998, 7.907, 1.3746],
      [21.8809, 49.4877, 416.6002, 456.3893, 237.1147, 253.5096, 333.8814, 254.0998, 142.4589, 384.198, 287.8546, 279.4338, 255.3037, 210.5634, 17.6446, 82.3316, 379.1143, 151.1405, 123.8129, 247.2136, 743.0101, 269.8434, 88.0884, 381.6772, 209.0848, 188.6485, 325.1498, 13.3467, 491.948, 83.6478],
      [0, 0.4319, 2.2558, 2.2546, 0.4477, 0.8605, 0.1675, 1.2251, 0.4461, 1.9235, 1.976, 1.2035, 0.7571, 0.5701, 0.1338, 1.4324, 2.4998, 1.5182, 1.2889, 1.9559, 3.9022, 1.8273, 0.7728, 1.4209, 1.3475, 0.5291, 0, 0, 3.4805, 0.1601]
    ],
    [
      [0.035, 0.0626, 0.3599, 0.5587, 0.4055, 0.2915, 0.4645, 0.1822, 0.6369, 0.817, 0.6535, 0.5017, 0.8505, 0.4375, 0.1259, 0.0451, 0.5937, 0.2936, 0.1456, 0.6499, 0.8346, 0.8432, 0.1958, 0.5989, 0.8343, 0, 0.21, 0.0597, 1.0189, 0.0693],
      [1.3196, 1.2278, 5.2254, 8.6321, 5.6418, 7.9558, 7.8767, 6.8206, 6.1292, 10.45, 9.5256, 5.3612, 9.9957, 13.6131, 0.7372, 2.6923, 12.153, 7.4277, 3.6255, 8.3639, 17.2096, 13.114, 3.5954, 8.2044, 10.4455, 6.3213, 10.4137, 0.1964, 15.3991, 0.6561],
      [3.6578, 4.3269, 61.0103, 48.4537, 42.102, 59.5393, 64.6277, 28.7439, 23.387, 85.6474, 84.6651, 47.8238, 68.9263, 104.5446, 5.33, 37.3096, 76.5307, 42.283, 71.355, 58.4159, 139.7337, 75.5125, 37.605, 47.1586, 80.1464, 110.369, 114.0552, 4.2695, 100.0106, 3.2271],
      [0.1202, 0.2925, 2.4514, 2.9556, 1.8699, 3.1202, 3.5915, 2.7166, 1.3334, 3.1366, 2.9211, 2.7417, 3.7373, 3.3408, 0.6193, 0.012, 3.7303, 1.9401, 1.5118, 3.0009, 7.4941, 4.0926, 1.2211, 3.355, 2.7562, 0, 3.2066, 0.2914, 5.0049, 0.3262],
      [1.0736, 2.4235, 19.3361, 25.7476, 21.099, 12.5349, 22.7435, 18.5099, 11.7834, 41.5751, 36.2632, 16.5939, 36.6414, 38.5344, 1.8152, 14.3072, 38.4668, 20.3646, 24.8486, 29.6228, 50.7236, 40.3226, 14.711, 23.8177, 36.7738, 23.5735, 33.672, 1.1801, 39.9402, 1.5354],
      [2.7937, 4.6379, 36.4707, 44.4762, 38.8819, 43.4323, 47.696, 42.8728, 26.6683, 46.2245, 46.7075, 41.838, 43.8373, 47.5296, 6.3133, 13.6338, 53.2514, 20.5472, 17.2972, 36.768, 105.5863, 53.8191, 16.6171, 56.7075, 41.8326, 30.7362, 60.4426, 2.003, 57.3386, 7.1769],
      [0, 0.0288, 0.1463, 0.1761, 0, 0.1258, 0, 0.154, 0.0617, 0.1495, 0.264, 0.1396, 0.0115, 0, 0.0592, 0, 0.2741, 0.1438, 0.2164, 0.1785, 0.4182, 0.2959, 0.0547, 0.1578, 0.2113, 0, 0, 0, 0.2876, 0.009]
    ],
    [
      [0.0288, 0.186, 0.3669, 0.4974, 0.2489, 0.1379, 0.2483, 0.0968, 0.2609, 0.6439, 0.4355, 0.3667, 0.4643, 0.2989, 0.0325, 0.0495, 0.3304, 0.2309, 0.1261, 0.347, 0.4425, 0.418, 0.1414, 0.3594, 0.4022, 0.0307, 0.2971, 0.0147, 0.5413, 0.0279],
      [6.005, 16.6521, 34.0556, 48.5584, 20.9716, 24.782, 26.3378, 24.0557, 15.3608, 52.3949, 40.6248, 25.028, 34.6832, 46.1008, 1.3663, 11.9639, 43.0392, 37.4883, 16.0302, 28.5299, 57.4177, 41.5524, 16.5801, 31.2252, 31.9887, 12.3763, 34.2633, 0.3704, 52.0276, 1.7109],
      [0.0362, 0.0525, 0.4595, 0.2874, 0.1762, 0.2581, 0.2614, 0.0663, 0.0678, 0.5256, 0.4247, 0.2892, 0.2819, 0.4209, 0.0184, 0.2041, 0.3095, 0.2754, 0.3768, 0.2287, 0.5592, 0.2679, 0.2033, 0.1992, 0.2944, 0.2258, 0.421, 0.008, 0.3959, 0.0102],
      [0.2046, 1.7202, 6.8771, 7.2007, 3.0756, 4.3185, 5.2539, 4.152, 1.4656, 6.8319, 5.4308, 5.5132, 5.6511, 4.8042, 0.5693, 0.8291, 5.7094, 4.2345, 2.8585, 4.4376, 10.8854, 5.5971, 2.4132, 5.5484, 3.6743, 0.7904, 4.6821, 0.2808, 7.3877, 0.3658],
      [0.4662, 3.386, 13.5605, 15.6981, 8.4749, 4.2184, 8.2293, 7.0984, 3.1527, 22.5797, 16.7204, 8.3365, 13.7564, 13.9818, 0.3698, 6.8352, 14.7151, 11.0116, 11.5056, 10.9133, 18.3308, 13.7858, 7.2918, 9.8299, 12.1692, 4.5857, 11.9829, 0.2304, 14.5632, 0.4261],
      [3.2117, 17.8673, 68.6276, 72.5931, 41.7704, 39.3474, 46.3837, 44.0006, 19.0987, 67.4323, 57.8373, 56.5364, 44.1664, 46.4394, 3.5586, 17.5349, 54.6758, 29.8019, 22.1479, 36.3665, 102.3962, 49.3895, 22.2123, 62.7916, 37.2392, 16.3536, 57.8341, 1.066, 56.0454, 5.3806],
      [0.0476, 1.1359, 4.0529, 5.1648, 3.2824, 0.9377, 1.2856, 1.5302, 0.5936, 3.5918, 3.5265, 1.9299, 1.9967, 1.9539, 0.0852, 0.5832, 3.2206, 2.9574, 1.9549, 3.1769, 4.9681, 2.9895, 2.1579, 2.0462, 2.2319, 0.6376, 1.5196, 0.0297, 4.039, 0.0785]
    ],
    [
      [0.0035, 0.0205, 0.0142, 0.0108, 0.0147, 0.012, 0.0138, 0, 0.0064, 0.0212, 0.0242, 0.0102, 0.0224, 0.0136, 0.0019, 0, 0.0179, 0.0116, 0, 0.0264, 0.0239, 0.0252, 0.011, 0.017, 0.0206, 0, 0.0193, 0.0024, 0.0388, 0.0051],
      [0.8823, 1.4114, 2.4102, 1.9115, 1.7626, 3.5177, 2.558, 3.254, 0.8655, 3.1627, 3.9126, 1.2909, 3.1782, 3.712, 0.1168, 1.1418, 4.5065, 2.9238, 1.9735, 3.776, 6.6282, 4.5328, 2.4922, 2.6377, 3.1412, 1.5479, 3.8462, 0.0665, 7.4966, 0.5126],
      [0.0622, 0.1305, 0.7861, 0.2999, 0.3673, 0.7473, 0.5923, 0.3669, 0.092, 0.7336, 0.9801, 0.3231, 0.6183, 0.7996, 0.0244, 0.4473, 0.7968, 0.4731, 1.1016, 0.7394, 1.5233, 0.7305, 0.7326, 0.4259, 0.6819, 0.722, 1.1854, 0.0353, 1.3729, 0.0694],
      [0.0925, 0.421, 1.3886, 0.8074, 0.7336, 1.7563, 1.4561, 1.5994, 0.2392, 1.1752, 1.4902, 0.8094, 1.477, 1.1047, 0.1418, 0.2168, 1.7058, 0.9474, 1.0151, 1.6752, 3.5769, 1.7435, 1.0435, 1.3352, 1.0298, 0.2735, 1.4987, 0.1429, 3.0297, 0.314],
      [1.6502, 6.7053, 20.8939, 13.4, 15.3848, 13.1293, 17.3938, 20.7651, 3.8759, 29.6594, 35.0737, 9.3941, 27.3935, 24.4302, 0.7745, 14.1876, 33.5543, 18.7791, 31.2162, 31.3973, 45.8883, 32.787, 23.944, 18.0171, 26.0472, 12.4741, 29.0722, 1.0228, 45.5982, 2.8321],
      [0.2925, 0.8624, 2.7674, 1.6264, 2.015, 3.1752, 2.562, 3.3627, 0.6176, 2.3113, 3.1628, 1.6568, 2.3052, 2.1286, 0.172, 0.9682, 3.2569, 1.3183, 1.4692, 2.7332, 6.7093, 3.0667, 1.858, 3.0081, 2.0739, 1.1787, 3.6997, 0.1103, 4.6152, 0.9105],
      [1.0169, 9.4488, 27.7395, 19.9441, 27.722, 12.6623, 12.4241, 19.652, 3.3034, 20.9367, 32.3565, 9.5156, 18.0054, 15.8113, 0.7685, 6.0383, 32.1617, 22.5468, 23.2243, 40.6526, 54.65, 31.1142, 31.9188, 16.559, 21.0054, 7.8038, 17.6786, 0.6198, 55.8487, 2.3563]
    ]
  ],
  "V_est": [
    [71.7038, 18.8882, 1.2777, 1186.9069, 31.0856, 3345.1466, 24.9912],
    [735.3705, 16.404, 0.5388, 96.9374, 115.7458, 153.6507, 35.3528],
    [189.224, 196.3995, 221.5763, 164.9394, 7597.2615, 772.4864, 1121.1129],
    [22.4446, 94.2682, 21.2731, 740.3216, 114.4254, 7378.4784, 36.7888],
    [12.7755, 220.3297, 1730.7677, 72.8914, 700.5347, 1094.1374, 3.5636],
    [8.073, 833.541, 7.6055, 122.7627, 288.2056, 1200.1067, 63.7055],
    [0.4086, 81.1695, 17.9609, 34.2406, 606.7414, 65.9939, 595.4851]
  ],
  "p_est": [
    [0.0153, 0.004, 0.0003, 0.2536, 0.0066, 0.7148, 0.0053],
    [0.6372, 0.0142, 0.0005, 0.084, 0.1003, 0.1331, 0.0306],
    [0.0184, 0.0191, 0.0216, 0.0161, 0.7403, 0.0753, 0.1092],
    [0.0027, 0.0112, 0.0025, 0.088, 0.0136, 0.8776, 0.0044],
    [0.0033, 0.0575, 0.4513, 0.019, 0.1827, 0.2853, 0.0009],
    [0.0032, 0.3302, 0.003, 0.0486, 0.1142, 0.4755, 0.0252],
    [0.0003, 0.0579, 0.0128, 0.0244, 0.4328, 0.0471, 0.4247]
  ],
  "EI_Z": {},
  "EI_V": 10.137,
  "MAE_Z": {},
  "MAE_V": 133.5023,
  "MAE_p": 0.0406,
  "runtime": 0.143
}
