{
  "X": [
    [9, 2, 17, 27, 2],
    [19, 3, 17, 44, 2],
    [26, 21, 80, 507, 25],
    [1, 2, 8, 57, 6],
    [56, 49, 111, 649, 21],
    [1, 0, 7, 13, 1],
    [54, 51, 371, 1228, 73],
    [5, 5, 18, 111, 5],
    [2, 4, 2, 26, 1],
    [2, 2, 9, 33, 2],
    [4, 10, 54, 130, 12],
    [7, 6, 15, 111, 3],
    [30, 50, 80, 273, 9],
    [4, 6, 7, 65, 3],
    [3, 2, 6, 30, 0],
    [147, 328, 738, 2803, 147],
    [60, 143, 323, 1022, 68],
    [1, 3, 7, 40, 2],
    [125, 309, 701, 1764, 80],
    [81, 74, 152, 1161, 49],
    [0, 0, 0, 9, 0],
    [7, 40, 57, 230, 21],
    [0, 0, 3, 8, 0],
    [1, 1, 3, 24, 0],
    [22, 28, 32, 306, 12],
    [3, 4, 8, 33, 5],
    [33, 50, 84, 175, 13],
    [122, 109, 214, 1093, 56],
    [17, 54, 79, 547, 20],
    [5, 4, 10, 62, 4],
    [1, 1, 1, 7, 1],
    [0, 1, 14, 41, 4],
    [7, 5, 9, 86, 1],
    [6, 33, 37, 203, 8],
    [0, 0, 10, 11, 1],
    [10, 43, 84, 332, 15],
    [34, 39, 33, 431, 13],
    [2, 2, 3, 11, 0],
    [0, 1, 2, 10, 1],
    [11, 22, 27, 140, 3],
    [5, 0, 2, 30, 0],
    [22, 21, 165, 610, 35],
    [22, 23, 143, 458, 25],
    [25, 48, 85, 316, 7],
    [3, 1, 9, 24, 1],
    [21, 40, 55, 324, 7],
    [3, 10, 18, 123, 3],
    [2, 2, 7, 20, 1],
    [16, 15, 47, 167, 10],
    [66, 54, 120, 560, 28],
    [5, 15, 49, 226, 8],
    [1, 3, 2, 37, 1],
    [14, 14, 41, 51, 5],
    [10, 19, 42, 89, 6],
    [1, 3, 14, 16, 3],
    [7, 21, 16, 114, 2],
    [36, 56, 93, 563, 17],
    [6, 22, 37, 249, 12],
    [37, 86, 214, 688, 42],
    [43, 134, 314, 791, 49],
    [16, 26, 145, 121, 26],
    [30, 57, 156, 396, 25],
    [15, 24, 66, 314, 15],
    [29, 67, 156, 497, 37],
    [7, 21, 24, 80, 3],
    [7, 14, 32, 161, 10],
    [12, 33, 64, 309, 9],
    [2, 1, 1, 7, 1],
    [1, 4, 4, 9, 0],
    [17, 57, 83, 422, 16],
    [14, 29, 39, 172, 8],
    [24, 64, 112, 330, 13],
    [34, 56, 95, 195, 17],
    [14, 32, 62, 201, 13],
    [34, 89, 145, 428, 19],
    [32, 43, 42, 506, 13],
    [60, 19, 157, 407, 21],
    [185, 159, 574, 1578, 103],
    [205, 188, 517, 1381, 111],
    [1, 0, 2, 2, 0]
  ],
  "W": [
    [19, 23, 2, 13],
    [24, 35, 3, 23],
    [97, 508, 19, 35],
    [12, 51, 6, 5],
    [154, 607, 67, 58],
    [7, 13, 1, 1],
    [418, 1217, 59, 83],
    [20, 112, 7, 5],
    [7, 25, 3, 0],
    [11, 29, 3, 5],
    [66, 125, 7, 12],
    [20, 108, 8, 6],
    [99, 251, 57, 35],
    [11, 65, 7, 2],
    [8, 31, 1, 1],
    [897, 2676, 384, 206],
    [376, 1002, 161, 77],
    [7, 38, 5, 3],
    [766, 1667, 359, 187],
    [194, 1138, 90, 95],
    [0, 9, 0, 0],
    [67, 237, 39, 12],
    [4, 7, 0, 0],
    [1, 23, 2, 3],
    [45, 289, 45, 21],
    [14, 32, 4, 3],
    [97, 162, 56, 40],
    [299, 998, 166, 131],
    [101, 525, 61, 30],
    [9, 65, 3, 8],
    [0, 8, 1, 2],
    [15, 43, 1, 1],
    [12, 86, 3, 7],
    [45, 193, 29, 20],
    [8, 14, 0, 0],
    [91, 309, 57, 27],
    [64, 393, 39, 54],
    [4, 10, 2, 2],
    [2, 11, 1, 0],
    [30, 133, 24, 16],
    [3, 29, 1, 4],
    [185, 627, 20, 21],
    [149, 470, 20, 32],
    [91, 302, 47, 41],
    [14, 20, 2, 2],
    [82, 293, 46, 26],
    [23, 113, 13, 8],
    [7, 15, 4, 6],
    [58, 146, 33, 18],
    [165, 512, 65, 86],
    [50, 218, 21, 14],
    [4, 33, 5, 2],
    [49, 41, 13, 22],
    [54, 84, 17, 11],
    [13, 15, 7, 2],
    [23, 106, 23, 8],
    [120, 546, 64, 35],
    [40, 239, 29, 18],
    [256, 657, 101, 53],
    [365, 762, 126, 78],
    [170, 108, 32, 24],
    [184, 378, 63, 39],
    [77, 315, 17, 25],
    [199, 454, 86, 47],
    [23, 79, 21, 12],
    [42, 154, 22, 6],
    [69, 302, 31, 25],
    [4, 5, 1, 2],
    [4, 9, 4, 1],
    [85, 416, 67, 27],
    [49, 153, 34, 26],
    [132, 311, 75, 25],
    [119, 186, 61, 31],
    [65, 192, 39, 26],
    [185, 406, 91, 33],
    [61, 476, 57, 42],
    [186, 368, 26, 84],
    [717, 1540, 148, 194],
    [688, 1336, 178, 200],
    [2, 3, 0, 0]
  ],
  "method": "mult",
  "cond_prob": [
    [
      [0.073932128033, 0.028979089168, 0.80881227597, 0.012311807942, 0.075964698887],
      [0.010119169492, 0, 0.039962232279, 0.93696870443, 0.012949893801],
      [0.018733790703, 0.6599701655, 0.072266984916, 0.24786761002, 0.0011614488679],
      [0.56346777597, 0.0099582288324, 0.043761649564, 0.36308155594, 0.01973078969]
    ],
    [
      [0.15482629686, 0.036646994429, 0.70047561458, 0.043315351759, 0.064735742368],
      [0.02083516074, 0, 0, 0.9734965255, 0.0056683137618],
      [0.026546946547, 0.64889736997, 0.054090498597, 0.26990144095, 0.00056374393797],
      [0.62936075694, 0.0075556532079, 0.0011440762729, 0.35123255837, 0.010706955204]
    ],
    [
      [0.065386967047, 0.047939082615, 0.70854745868, 0.033858283793, 0.14426820787],
      [0.0038100732872, 0.0061210713689, 0.017889556636, 0.95304994613, 0.019129352575],
      [0.01574212523, 0.66291782024, 0.059211525534, 0.26036248367, 0.0017660453226],
      [0.49779561678, 0.018427604183, 0.030228078622, 0.41769961849, 0.035849081933]
    ],
    [
      [0, 0, 0.60879262932, 0.078731571144, 0.31247579953],
      [0, 0, 0, 0.96666846528, 0.033331534724],
      [0, 0.326312748, 0.072800707213, 0.59553983706, 0.0053467077344],
      [0.2, 0.008424702403, 0.051536840967, 0.63637807897, 0.10366037766]
    ],
    [
      [0.12841002378, 0.040128434657, 0.68921965486, 0.046663878197, 0.095578008513],
      [0.0028274717462, 0, 0, 0.98863120202, 0.0085413262293],
      [0.023048319835, 0.62734950407, 0.054175352011, 0.29456533308, 0.00086149100659],
      [0.56835075103, 0.013582832592, 0.021214216679, 0.37894389332, 0.017908306387]
    ],
    [
      [0.043096469482, 0, 0.85359446441, 0.0038234176746, 0.099485648432],
      [0, 0, 0.059030480852, 0.91952953271, 0.021439986442],
      [0.043427848244, 0, 0.22608291567, 0.72611436243, 0.0043748736606],
      [0.65489686538, 0, 0.031359582372, 0.29323778868, 0.020505763567]
    ],
    [
      [0.044296010664, 0.033273344883, 0.7756238254, 0.030524532241, 0.11628228681],
      [0, 0.00085699432692, 0.0316532067, 0.94994660211, 0.017543196866],
      [0.013627555035, 0.58849520733, 0.082095924528, 0.31392305367, 0.0018582594416],
      [0.4178342385, 0.015994729048, 0.041248540752, 0.4895695252, 0.035352966497]
    ],
    [
      [0.077152689114, 0.02858451636, 0.73204254049, 0.030926777708, 0.13129347632],
      [0.0045922644226, 0, 0.024318666582, 0.95137221455, 0.019716854448],
      [0.020018512978, 0.62352375142, 0.070156960159, 0.28435881386, 0.001941961583],
      [0.56049660231, 0.012728682566, 0.028871962375, 0.36745294389, 0.030449808857]
    ],
    [
      [0.274376944, 0.22541139239, 0.28223015004, 0.080338945008, 0.13764256855],
      [0, 0, 0, 0.9985399192, 0.001460080805],
      [0.026453797336, 0.80737341775, 0.0081296498953, 0.15804313502, 0],
      [0.95002337961, 0.0030469869512, 0.0010640349401, 0.043465220881, 0.0024003776188]
    ],
    [
      [0.0026281914539, 0.0029075673604, 0.78512541597, 0.083233160054, 0.12610566516],
      [0, 0, 0, 0.98521092504, 0.014789074956],
      [0.0082852815867, 0.6339426271, 0.063125930397, 0.29311245827, 0.0015337026441],
      [0.38924680985, 0.013237775549, 0.034848526627, 0.52679620766, 0.035870680313]
    ],
    [
      [0.011490464939, 0.06310359881, 0.75566067833, 0.032466736545, 0.13727852137],
      [0, 0.0044120233735, 0.025260618938, 0.95166665734, 0.018660700351],
      [0.0047814226838, 0.70271941318, 0.057196896018, 0.23375957938, 0.0015426887407],
      [0.26734661294, 0.030385305381, 0.047369965904, 0.60521218043, 0.049685935348]
    ],
    [
      [0.11057998756, 0.039802881346, 0.71518182184, 0.041253590589, 0.093181718668],
      [0.0083770565711, 0, 0.0013058478749, 0.98076683852, 0.0095502570316],
      [0.024063689082, 0.6413267392, 0.054172612379, 0.27946814626, 0.00096881307773],
      [0.61519477107, 0.012221409907, 0.020325182297, 0.33606074295, 0.016197893768]
    ],
    [
      [0.081649041878, 0.061696419558, 0.75286476125, 0.037141623279, 0.06664815404],
      [0.0075816879085, 0.014639799498, 0.0062831828178, 0.96407682716, 0.0074185026135],
      [0.017349952349, 0.69262599513, 0.051644002091, 0.23789317344, 0.00048687699167],
      [0.54356554015, 0.021079516207, 0.027017189435, 0.39370813691, 0.014629617302]
    ],
    [
      [0.13993639212, 0.057093980611, 0.59994996996, 0.037527031266, 0.16549262604],
      [0.012962108844, 0.0064495739924, 0.0017443651266, 0.96150001337, 0.017343938671],
      [0.027421807738, 0.7041794453, 0.037436287285, 0.22959631674, 0.0013661429404],
      [0.7131049788, 0.011743893343, 0.012556293119, 0.24126378508, 0.021331049652]
    ],
    [
      [0.17579759343, 0.077199003347, 0.71777380493, 0.029229598292, 0],
      [0.02421712611, 0.016829460048, 0.0072187566557, 0.95173465719, 0],
      [0.017971867335, 0.84953302061, 0.023677247215, 0.10881786484, 0],
      [0.82491647582, 0.011161691117, 0.010350857015, 0.15357097605, 0]
    ],
    [
      [0.054300950379, 0.052298543113, 0.74263426259, 0.036918710034, 0.11384753388],
      [0.00058544185437, 0.0071903725526, 0.015720186491, 0.96227616682, 0.014227832282],
      [0.012297930668, 0.67021014264, 0.059174570596, 0.25704596318, 0.001271392911],
      [0.44661650355, 0.021777063606, 0.034304914054, 0.46663711081, 0.030664407976]
    ],
    [
      [0.053933163189, 0.052935297009, 0.74310095352, 0.026672962972, 0.12335762331],
      [0.0020954638415, 0.011117138157, 0.030638408339, 0.9375113918, 0.018637597864],
      [0.012647565684, 0.68450052354, 0.062575148022, 0.23856531901, 0.00171144374],
      [0.46214568567, 0.022758072734, 0.036620227119, 0.44383811662, 0.03463789785]
    ],
    [
      [0, 0, 0.82778258999, 0.03151166875, 0.14070574126],
      [0, 0, 0.0099080617308, 0.96752986289, 0.02256207538],
      [0, 0.58994887753, 0.12483935694, 0.28284868512, 0.0023630804129],
      [0.33333333333, 0.016751870784, 0.068272913194, 0.53301336779, 0.048628514895]
    ],
    [
      [0.048853633752, 0.053482815386, 0.79804188454, 0.025484206028, 0.074137460291],
      [0, 0.011647438189, 0.034477323724, 0.94262661651, 0.011248621576],
      [0.01125980749, 0.68011774059, 0.068114176578, 0.23941788776, 0.0010903875857],
      [0.44671575218, 0.02381612343, 0.041568066312, 0.46614709495, 0.021752963137]
    ],
    [
      [0.086394176352, 0.049435378435, 0.68656848217, 0.037109962889, 0.14049200015],
      [0.0089977736791, 0.0036459185747, 0.010100757664, 0.96075372409, 0.016501825989],
      [0.020324347874, 0.6526039374, 0.0553418899, 0.27013383458, 0.0015959902478],
      [0.54916707402, 0.016064493474, 0.024529285744, 0.38053562178, 0.029703524976]
    ],
    [
      [-0, 0, -0, 1, 0],
      [0, 0, 0, 1, 0],
      [0, -0, 0, 1, 0],
      [-0, 0, 0, 1, 0]
    ],
    [
      [0.033328289145, 0.066137653113, 0.68967642597, 0.020165933975, 0.1906916978],
      [0, 0.026973784914, 0.034647614739, 0.90733031391, 0.031048286434],
      [0.0072309662536, 0.73823774335, 0.053789945756, 0.19819794418, 0.0025434004586],
      [0.37374974528, 0.032059852174, 0.040198906887, 0.49015651694, 0.063834978711]
    ],
    [
      [0, 0, 0.75, 0.25, 0],
      [0, 0, 0, 1, 0],
      [1.1102230246e-16, -0, 0.16146402117, 0.83853597883, 0],
      [0, 0, 0.055842075322, 0.94415792468, 0]
    ],
    [
      [0.01075678131, 0.0085214737625, 0.97067925453, 0.010042490398, 0],
      [0, 0, 0.038127357942, 0.96187264206, 0],
      [0.0068339050086, 0.49573926312, 0.26140484118, 0.23602199069, 0],
      [0.32519180289, 0, 0.20986061014, 0.46494758696, 0]
    ],
    [
      [0.15457570427, 0, 0.64761279064, 0.043135772639, 0.15467573245],
      [0.0042572751465, 0, 0.00072593322373, 0.97977453435, 0.015242257283],
      [0.030391634584, 0.61670735419, 0.050206035891, 0.30118885683, 0.0015061185041],
      [0.59267224925, 0.011817574352, 0.01849324306, 0.35002624989, 0.026990683453]
    ],
    [
      [0.077643224049, 0.055833372799, 0.5523688067, 0.039670257357, 0.27448433909],
      [0.0045874161825, 0.0070289538202, 0.0024145759841, 0.95509852373, 0.030870530284],
      [0.014903903933, 0.73531938784, 0.034431987286, 0.21308924588, 0.0022554750598],
      [0.56886064325, 0.01737623573, 0.017280775181, 0.34303555139, 0.053446794456]
    ],
    [
      [0.07829396182, 0.061628509348, 0.75424349174, 0.0090490596943, 0.096784977393],
      [0.011985425737, 0.020363440314, 0.036134242937, 0.91571505724, 0.01580183377],
      [0.019298989088, 0.71027219052, 0.063864252781, 0.20490289646, 0.0016616711534],
      [0.55957758363, 0.02369786484, 0.035205894732, 0.35754599336, 0.023972663437]
    ],
    [
      [0.12836467816, 0.018269051577, 0.67594521073, 0.045573926526, 0.131847133],
      [0.0051509561996, 0, 0, 0.98177748225, 0.01307156155],
      [0.025003932882, 0.61434008215, 0.05532018772, 0.30408614592, 0.0012496513228],
      [0.56738667239, 0.011886259096, 0.020681151375, 0.37466540809, 0.025380509046]
    ],
    [
      [0.041936681629, 0.068762901403, 0.72397960819, 0.04172894833, 0.12359186045],
      [0, 0.0080748115161, 0.0036314856426, 0.97595016445, 0.012343538393],
      [0.009673062764, 0.68968094448, 0.049329826334, 0.25028948259, 0.0010266838303],
      [0.40581127756, 0.024837776631, 0.032080340135, 0.50479604818, 0.032474557492]
    ],
    [
      [0.050521072553, 0.050116996579, 0.72192488009, 0.018437501038, 0.15899954974],
      [0.0048435506935, 0.016189610505, 0.04669423462, 0.89883177428, 0.033440829904],
      [0.011247738367, 0.76699771313, 0.052831245983, 0.16695186067, 0.0019714418432],
      [0.52459204211, 0.024453651073, 0.038632136367, 0.36364269757, 0.048679472885]
    ],
    [
      [0, 0, 0, 0, 1],
      [0, 0, 0.088229683006, 0.81689729763, 0.094873019361],
      [0, 0.92506142289, 0.044015692348, 0.028985670042, 0.0019372147203],
      [0.5, 0.037469288555, 0.1250734218, 0.21791797445, 0.1195393152]
    ],
    [
      [2.3418766926e-18, 0.022156398953, 0.78755238731, 0.018647659554, 0.17164355419],
      [0, 0, 0.047316907543, 0.92180127592, 0.03088181654],
      [0, 0.64589807122, 0.078490249486, 0.27297988093, 0.0026317983603],
      [0, 0.021755944487, 0.073596916568, 0.80985036132, 0.094796777622]
    ],
    [
      [0.11192095576, 0.084808003857, 0.72018577715, 0.037484506826, 0.045600756405],
      [0.013890588343, 0.017051826764, 0.0015036234722, 0.96291408935, 0.0046398720698],
      [0.015430540069, 0.78615055966, 0.032181462244, 0.16595043238, 0.0002870056471],
      [0.63086661617, 0.022485024723, 0.018844952694, 0.32024613382, 0.0075572725997]
    ],
    [
      [0, 0.10945140551, 0.74341742323, 0.035281650073, 0.11184952119],
      [0, 0.027520172046, 0.0077894615022, 0.95315712423, 0.011533242218],
      [0.0013041349877, 0.75676067532, 0.042689473658, 0.19860685574, 0.00063886030046],
      [0.29810900427, 0.040861698145, 0.04024275744, 0.58467009766, 0.036116442486]
    ],
    [
      [0, 0, 0.91907361003, 0, 0.080926389968],
      [0, 0, 0.18910079427, 0.78571428571, 0.025184920018],
      [0, -0, 0.31898944758, 0.6770989137, 0.0039116387282],
      [5.5511151231e-17, 0, 0.12066484815, 0.81866401954, 0.060671132306]
    ],
    [
      [0.012961705753, 0.054132785798, 0.79210187369, 0.035648590467, 0.10515504429],
      [0, 0, 0.021992296918, 0.96383655695, 0.014171146131],
      [0.0062038763811, 0.65625444478, 0.067823266811, 0.26834538511, 0.0013730269223],
      [0.31358754899, 0.024719005185, 0.046562353272, 0.57906648957, 0.036064602981]
    ],
    [
      [0.10024983127, 0.15431926042, 0.48762108572, 0.11156236564, 0.14624745694],
      [0, 0, 0, 0.99401958138, 0.0059804186191],
      [0.013778560309, 0.71492741559, 0.027410904178, 0.24347812977, 0.00040499014685],
      [0.50086383235, 0.022988854165, 0.013393060198, 0.4391604825, 0.023593770787]
    ],
    [
      [0.1373832103, 0.086459621505, 0.73295198424, 0.043205183957, 0],
      [0, 0.0022848700949, 0, 0.99771512991, 0],
      [0.015628402423, 0.80054675226, 0.024784535946, 0.15904030937, 0],
      [0.70960517697, 0.015109654257, 0.0093114955811, 0.26597367319, 0]
    ],
    [
      [0, 0.031322848989, 0.7494149928, 0.010465303955, 0.20879685426],
      [0, 0.0019029986101, 0.043664311577, 0.90169040048, 0.052742289333],
      [0, 0.91642131731, 0.020862587061, 0.060474986814, 0.0022411088127],
      [-0, 0.04380614323, 0.06822528246, 0.74499639156, 0.14297218276]
    ],
    [
      [0.067666800232, 0.06336441961, 0.77646097398, 0.033060013119, 0.059447793062],
      [0.0027908837929, 0.019770574097, 0.014563216056, 0.9555408333, 0.0073344927555],
      [0.013533467757, 0.71180762348, 0.052886083863, 0.22122976031, 0.00054306459391],
      [0.5171253264, 0.024137380826, 0.03124981453, 0.41323465815, 0.014252820087]
    ],
    [
      [0.33510962821, 0, 0.62537030467, 0.039520067122, 0],
      [0.029047599356, 1.6008577023e-33, 0, 0.97095240064, 0],
      [0.10133467853, 0, 0.123889086, 0.77477623546, 0],
      [0.76273901387, 0, 0, 0.23726098613, 0]
    ],
    [
      [0.05346006542, 0.035057244997, 0.76343593864, 0.027533882539, 0.1205128684],
      [0.0031398740862, 0.0033166643746, 0.034114287856, 0.94037496637, 0.019054207312],
      [0.015897781112, 0.60523029677, 0.079073462447, 0.2979238963, 0.0018745633646],
      [0.46777291538, 0.015726437009, 0.037772553183, 0.44441189948, 0.03431619494]
    ],
    [
      [0.045880917052, 0.041510115304, 0.78861180685, 0.021124949647, 0.10287221114],
      [0.0013772147403, 0.0066250646631, 0.0480416086, 0.92563691991, 0.01831919209],
      [0.012665614996, 0.65270337696, 0.075620908722, 0.25746592289, 0.0015441764239],
      [0.44572312911, 0.020223277775, 0.043902080072, 0.45792849028, 0.032223022771]
    ],
    [
      [0.054688112635, 0.066810846266, 0.80190422387, 0.028164658515, 0.048432158715],
      [0, 0.02323968953, 0.025641550891, 0.94441702039, 0.0067017391921],
      [0.011076138602, 0.7181009108, 0.057705395385, 0.2126002979, 0.00051725731231],
      [0.4756781277, 0.028075218143, 0.038312528681, 0.44465516871, 0.013278956761]
    ],
    [
      [0.11377302306, 0, 0.63307829377, 0.18596539873, 0.067183284436],
      [0, 0, 0, 0.99800043517, 0.0019995648333],
      [0.063043148457, 0.49580293004, 0.057142756174, 0.38358956239, 0.0004216029398],
      [0.6405456901, 0.0041970699626, 0.011309187455, 0.33464829481, 0.0092997576736]
    ],
    [
      [0.086653509997, 0.09749522602, 0.64207953009, 0.10596528051, 0.067806453376],
      [0, 0, 0, 0.99625672432, 0.0037432756842],
      [0.014630100236, 0.68419919097, 0.039191665559, 0.26185412724, 0.00012491600351],
      [0.50851644498, 0.02047033392, 0.021025458331, 0.43701295848, 0.01297480429]
    ],
    [
      [0.0094916491183, 0.052885929066, 0.74113141187, 0.10948548819, 0.087005521757],
      [0, 0, 0, 0.99293171271, 0.0070682872893],
      [0.0068130734217, 0.6614965328, 0.051920342054, 0.2791276445, 0.00064240723217],
      [0.33664026447, 0.023021088143, 0.034876635037, 0.58148635711, 0.023975655235]
    ],
    [
      [0, 0, 0.83869219329, 0.073850429468, 0.087457377244],
      [0, 0, 0, 0.98626416177, 0.013735838229],
      [0.0037664793942, 0.5, 0.16263528929, 0.33157677914, 0.0020214521824],
      [0.33082234707, 0, 0.079768914974, 0.56046290843, 0.028945829521]
    ],
    [
      [0.077971574691, 0, 0.73586126657, 0.062473311039, 0.1236938477],
      [0, 0, 0, 0.984493165, 0.015506835004],
      [0.057844947072, 0.45086044385, 0.11614657315, 0.37309396715, 0.0020540687703],
      [0.53159807859, 0.006755852937, 0.027067201371, 0.4071358308, 0.027443036309]
    ],
    [
      [0.089362230148, 0.051623855415, 0.69507768144, 0.044221826323, 0.11971440667],
      [0.0078453535753, 0.0026984687568, 0, 0.97766525597, 0.011790921701],
      [0.019104838383, 0.65668627027, 0.051859585261, 0.27130165974, 0.001047646343],
      [0.53484414535, 0.016463259132, 0.022573366512, 0.40121139207, 0.024907836934]
    ],
    [
      [0.011036627328, 0.031898610113, 0.83106878672, 0.033681119796, 0.092314856038],
      [0, 0, 0.023464443527, 0.96326825609, 0.013267300387],
      [0.0070139545156, 0.62403499842, 0.077606202397, 0.28998849506, 0.0013563496131],
      [0.3072053992, 0.02145246626, 0.050112980318, 0.58812184196, 0.033107312267]
    ],
    [
      [0.004183760932, 0.054869696635, 0.49312357112, 0.27144010426, 0.17638286705],
      [0, 0, 0, 0.99279843949, 0.0072015605096],
      [0, 0.550616058, 0, 0.44894441044, 0.00043953155733],
      [0.49163247814, 0.013720461718, 0.013752857752, 0.45358451379, 0.027309688606]
    ],
    [
      [0.056910947526, 0.067228824827, 0.7790724042, 0.014902303122, 0.081885520325],
      [0.00034480629724, 0.017103510544, 0.029230183325, 0.94127680751, 0.012044692325],
      [0.011739497009, 0.72221876998, 0.058370410882, 0.20657453512, 0.0010967870118],
      [0.502027866, 0.02798634734, 0.039463606201, 0.40872586739, 0.021796313073]
    ],
    [
      [0.069055039663, 0.075854239193, 0.73715423228, 0.028444603115, 0.08949188575],
      [0.0035085737812, 0.025196475501, 0.012664613716, 0.94765939944, 0.010970937562],
      [0.013085555434, 0.73508947894, 0.047441791162, 0.20368057978, 0.00070259468642],
      [0.52307756529, 0.026440545416, 0.02939395046, 0.39982109296, 0.021266845874]
    ],
    [
      [0, 0, 0.83484345508, 0, 0.16515654492],
      [0, 0, 0.089858586407, 0.86673246176, 0.04340895183],
      [0.030710115377, 0.42641541295, 0.2388279452, 0.29279894058, 0.011247585888],
      [0.39251459618, 0.0075460546587, 0.063680335746, 0.47471024475, 0.06154876867]
    ],
    [
      [0.0995400807, 0.13575479696, 0.65443766926, 0.046897125497, 0.06337032758],
      [0, 0.010149639449, 0, 0.9856047349, 0.0042456256501],
      [0.014363665936, 0.72255546038, 0.03411440277, 0.22895148824, 1.4982681041e-05],
      [0.54752672842, 0.022875287447, 0.020412792918, 0.39767249808, 0.011512693137]
    ],
    [
      [0.09132876786, 0.058558216803, 0.71912793084, 0.039390381404, 0.091594703097],
      [0.007615881088, 0.0087651891046, 0.0047901904204, 0.96910630644, 0.0097224329461],
      [0.019127309401, 0.68039909783, 0.050575697392, 0.24908316436, 0.00081473102403],
      [0.56166082803, 0.01833367062, 0.0243531342, 0.37713681131, 0.018515555837]
    ],
    [
      [0.0043287197342, 0.060347022608, 0.7474963096, 0.034699385264, 0.15312856279],
      [0, 0, 0.018790859737, 0.96077711237, 0.020432027895],
      [0.0066358183452, 0.66038907142, 0.063366329046, 0.26766007311, 0.0019487080723],
      [0.31302291548, 0.024157556909, 0.042861588692, 0.56800847852, 0.051949460402]
    ],
    [
      [0.049791598663, 0.050256297148, 0.74914058968, 0.034297841643, 0.11651367287],
      [5.1703395947e-05, 0.0066544628281, 0.021362646812, 0.95627246492, 0.015658722044],
      [0.011573526667, 0.66928084946, 0.061890982686, 0.25581324103, 0.0014414001585],
      [0.43491425317, 0.021981887864, 0.036486053496, 0.47380388195, 0.032813923527]
    ],
    [
      [0.032402746785, 0.072653901155, 0.77176010919, 0.024978788347, 0.098204454521],
      [0, 0.019173298774, 0.028525467947, 0.93839228285, 0.013908950427],
      [0.0076711927588, 0.7178694107, 0.057536281661, 0.21580216297, 0.0011209519064],
      [0.38726188636, 0.031022136724, 0.042584385635, 0.50816346391, 0.030968127367]
    ],
    [
      [0.034829752694, 0.030488272916, 0.80145570703, 0.0009253501914, 0.13230091717],
      [0, 1.3149440965e-05, 0.045818464297, 0.9319142232, 0.022254163063],
      [0.010523809316, 0.63646482397, 0.082619037545, 0.26749266045, 0.0028996687141],
      [0.40592417267, 0.018695795731, 0.048346935823, 0.48484121781, 0.042191877967]
    ],
    [
      [0.055730408585, 0.052586558775, 0.7626703456, 0.028915144757, 0.10009754228],
      [0.0015772913163, 0.009622610818, 0.027235340904, 0.94718512367, 0.014379633296],
      [0.012883720157, 0.67979631773, 0.062768568866, 0.24323482286, 0.0013165703884],
      [0.47019780341, 0.022039955881, 0.036391736119, 0.44409853279, 0.027271971801]
    ],
    [
      [0.049234159303, 0.067622496036, 0.73638704187, 0.030063781218, 0.11669252158],
      [0, 0.017558410514, 0.023943615598, 0.94210190727, 0.016396066614],
      [0.0096544743108, 0.73682596474, 0.049982717118, 0.20235884004, 0.0011780037879],
      [0.44179374681, 0.029445083702, 0.036250106879, 0.45931551097, 0.033195551632]
    ],
    [
      [0.043386082814, 0.049764161024, 0.72487593602, 0.043178691239, 0.1387951289],
      [0, 0, 0.01118041971, 0.97241611534, 0.016403464946],
      [0.010876421045, 0.65278282156, 0.059043558972, 0.27579557199, 0.0015016264391],
      [0.41342121936, 0.020374666004, 0.033958130019, 0.49387457205, 0.03837141256]
    ],
    [
      [0.041850270731, 0.074103295501, 0.79847370012, 0.012392689805, 0.073180043846],
      [0, 0.040304099801, 0.04744615303, 0.89928716462, 0.012962582555],
      [0.0093282731465, 0.74843990843, 0.064435074546, 0.17662305107, 0.0011736928014],
      [0.48679583643, 0.03286352018, 0.044476853544, 0.41351650478, 0.022347285075]
    ],
    [
      [0.082816744811, 0.0096078838862, 0.7054225368, 0.041236010711, 0.16091682379],
      [0, 0, 0.005578379038, 0.97508025042, 0.019341370542],
      [0.018482539414, 0.61426631105, 0.061577148926, 0.30362057156, 0.0020534290453],
      [0.51918014181, 0.013768338944, 0.026414301036, 0.40434606851, 0.036291149699]
    ],
    [
      [0.027387115901, 0.076540020232, 0.78762385911, 0.031766276107, 0.076682728652],
      [0, 0.015591291498, 0.022765408081, 0.95139637551, 0.010246924912],
      [0.0079413485153, 0.71797280846, 0.055983619903, 0.21731068448, 0.00079153864753],
      [0.39456428795, 0.030120460379, 0.041732330569, 0.50999161304, 0.023591308056]
    ],
    [
      [0.16791231177, 0.038228339404, 0.25, 0.29385934883, 0.25],
      [0, 0, 0, 1, 0],
      [0.010188487251, 0.84708664238, 0, 0.14272487037, 0],
      [0.65908113284, 0, 0, 0.34091886716, 0]
    ],
    [
      [0.053441343402, 0.080751838053, 0.86281158554, 0.0029952330082, 0],
      [0, 0.049520047434, 0.034677848932, 0.91580210363, 0],
      [0.0088048180251, 0.8029690324, 0.053677024721, 0.13454912485, 0],
      [0.75101535429, 0.019436091283, 0.021944918582, 0.20760363585, 0]
    ],
    [
      [0.047945895431, 0.053224663691, 0.76779352315, 0.028770772779, 0.10226514495],
      [0.0005870590279, 0.013404064198, 0.029796982926, 0.94083614901, 0.015375744841],
      [0.010975869045, 0.69018723879, 0.063763485461, 0.23371126258, 0.0013621441283],
      [0.44240737432, 0.024343254857, 0.039624152192, 0.46325895312, 0.030366265513]
    ],
    [
      [0.042907644122, 0.07153454056, 0.73186861214, 0.042174758478, 0.1115144447],
      [0, 0.0087610007868, 0.0044336866989, 0.97519342967, 0.01161188284],
      [0.010145463126, 0.69206549728, 0.049464370766, 0.24756865276, 0.00075601606749],
      [0.44432998814, 0.024005672492, 0.029934435931, 0.47351953463, 0.028210368803]
    ],
    [
      [0.067747400319, 0.057958955255, 0.76864493717, 0.032905546949, 0.072743160311],
      [0.0037731190755, 0.013642634489, 0.017279781234, 0.95599706454, 0.0093074006614],
      [0.014822295499, 0.68754608611, 0.058085724829, 0.23879130923, 0.00075458433208],
      [0.51088923852, 0.021624084887, 0.032337078719, 0.41728130154, 0.017868296335]
    ],
    [
      [0.094313892177, 0.065253626596, 0.71956934357, 0.011009889918, 0.10985324774],
      [0.016181004283, 0.021494083099, 0.027079843232, 0.91866097492, 0.016584094465],
      [0.022625404404, 0.71418283646, 0.056662099992, 0.20502840415, 0.0015012549993],
      [0.59312356018, 0.021669869505, 0.028322876613, 0.33264997134, 0.024233722361]
    ],
    [
      [0.036476734199, 0.054079534212, 0.76518126321, 0.022518126109, 0.12174434227],
      [0, 0.0070732756554, 0.043573971012, 0.92847743225, 0.020875321087],
      [0.010252693451, 0.6800994052, 0.070769827901, 0.23672684336, 0.002151230088],
      [0.43189066279, 0.023187867221, 0.043730468049, 0.46293492001, 0.038256081928]
    ],
    [
      [0.074272609329, 0.07167337809, 0.73991818936, 0.034390390748, 0.079745432477],
      [0.0041565964509, 0.024090597926, 0.0068607293764, 0.9560423864, 0.0088496898503],
      [0.014526935925, 0.71598032286, 0.048167291462, 0.22082242995, 0.0005030198086],
      [0.5227284226, 0.024407058049, 0.028680464218, 0.40574932452, 0.018434730606]
    ],
    [
      [0.13387359067, 0.060876745873, 0.63545687806, 0.047617245068, 0.12217554033],
      [0.00049302700651, 0.0017361132148, 0, 0.98815970501, 0.0096111547665],
      [0.01857200345, 0.6623463375, 0.042493442678, 0.27572922462, 0.00085899174375],
      [0.53667680756, 0.016818746995, 0.019404862034, 0.4051133967, 0.021986186706]
    ],
    [
      [0.077887892055, 0.021152413059, 0.78125588796, 0.03750107128, 0.082202735647],
      [0.0036190453008, 0, 0.018393611513, 0.96711962098, 0.010867722203],
      [0.022104129493, 0.54751354267, 0.084506347535, 0.34456592689, 0.0013100534144],
      [0.5191230481, 0.0098845126383, 0.032385604367, 0.4186436443, 0.019963190596]
    ],
    [
      [0.081908665871, 0.054218431949, 0.73153520282, 0.027296000014, 0.10504169934],
      [0.010745629998, 0.010002074646, 0.022783264725, 0.94167502356, 0.014794007071],
      [0.018664623685, 0.68229884869, 0.05858491761, 0.23918098256, 0.0012706274564],
      [0.55134459829, 0.019288452223, 0.029548783986, 0.37551776437, 0.024300401133]
    ],
    [
      [0.094296308872, 0.060313177164, 0.69761129261, 0.025986600201, 0.12179262116],
      [0.015779541571, 0.013579382192, 0.016891551414, 0.93748158643, 0.016267938387],
      [0.020596360078, 0.69875208714, 0.052451129784, 0.22688032988, 0.0013200931183],
      [0.57688259932, 0.019923039958, 0.025700084483, 0.35130560433, 0.026188671916]
    ],
    [
      [0.2334111699, 0, 0.7665888301, 0, 0],
      [0.17772588674, 0, 0.1556074466, 0.66666666667, 0],
      [0.30715886536, -0, 0.20842733834, 0.4844137963, 0],
      [1, 0, 0, 0, 0]
    ]
  ],
  "expected_outcome": [
    [
      [1.4047104326, 3.7158311247, 6.3425358036, 0, 19.7751436616, 0.30167528637, 18.5157324574, 1.5430537823, 1.920638608, 0.028910105992, 0.75837068599, 2.2115997512, 8.083255146, 1.5393003133, 1.4063807474, 48.7079524898, 20.2788693589, 0, 37.4218834539, 16.7604702122, 0, 2.2329953727, 0, 0.01075678131, 6.9559066922, 1.0870051367, 7.5945142965, 38.3810387711, 4.2356048445, 0.45468965298, 0, 3.5128150389e-17, 1.3430514691, 0, 0, 1.1795152235, 6.4159892011, 0.54953284121, 0, 2.030004007, 1.0053288846, 9.8901121026, 6.8362566407, 4.9766182498, 1.5928223229, 7.1055878198, 0.21830792972, 0, 4.5223513321, 14.7447679745, 0.55183136641, 0.016735043728, 2.7886364288, 3.7289721418, 0, 2.2894218561, 10.9594521432, 0.17314878937, 12.7466492576, 11.8270025764, 5.9210579579, 10.2543951797, 3.7910302663, 8.63383048, 0.9625562268, 3.4783032821, 1.8897109972, 0.67164924707, 0.21376537361, 4.0754011117, 2.102474562, 8.9426568421, 11.2233531691, 2.3709877229, 13.7404327258, 8.1662890306, 14.4871479222, 58.7285134299, 64.8758605036, 0.46682233979],
      [0.55060269418, 0.8795278663, 4.6500910136, 0, 6.1797789372, 0, 13.908258161, 0.57169032721, 1.5778797468, 0.031983240964, 4.1648375215, 0.79605762693, 6.1079455362, 0.62803378672, 0.61759202678, 46.9117931726, 19.9036716755, 0, 40.967836586, 9.5904634163, 0, 4.4312227586, 0, 0.0085214737625, 0, 0.78166721919, 5.9779654068, 5.4624464214, 6.9450530417, 0.45105296922, 0, 0.33234598429, 1.0176960463, 4.925313248, 0, 4.9260835076, 9.876432667, 0.34583848602, 0.062645697977, 1.9009325883, 0, 6.4855903245, 6.1850071802, 6.0797870102, 0, 7.9946085336, 1.2163763685, 0, 0, 8.5179361435, 1.5949305056, 0.21947878654, 3.2942124165, 4.0961289164, 0, 3.1223603302, 7.0269860164, 2.4138809043, 12.8656120698, 26.5186739214, 5.1830063957, 9.6759268146, 5.2069321948, 9.9030680439, 1.7043757965, 0.40353112322, 5.281261396, 0.15291335762, 0.32300735221, 4.5240964137, 3.5051924874, 7.6505820936, 7.7651815649, 3.5151697238, 13.2595749466, 3.7134814982, 3.9343488289, 38.8746157074, 41.4954658889, 0],
      [15.3674332434, 16.8114147499, 68.729103492, 7.3055115519, 106.1398268479, 5.9751612509, 324.2107590169, 14.6408508099, 1.9756110503, 8.6363795757, 49.8736047698, 14.3036364367, 74.5336113633, 6.5994496695, 5.7421904394, 666.142933545, 279.4059585245, 5.7944781299, 611.3000835598, 133.1942855414, 0, 46.2083205397, 3, 0.97067925453, 29.142575579, 7.7331632938, 73.1616186992, 202.1076180083, 73.1219404272, 6.4973239208, 0, 11.8132858096, 8.6422293258, 33.4537840452, 7.3525888803, 72.0812705057, 31.2077494864, 2.9318079369, 1.4988299856, 23.2938292193, 1.876110914, 141.2356486486, 117.5031592212, 72.973284372, 8.8630961127, 52.6505214677, 17.046022473, 5.870845353, 42.6799534612, 114.687817438, 41.5534393362, 1.9724942845, 38.1745478058, 39.8063285431, 10.852964916, 15.0520663929, 86.2953517003, 29.899852384, 191.7799909578, 281.6924398554, 136.2474701948, 140.331343591, 56.7018022237, 144.2503112689, 18.3648951027, 29.6277465456, 54.3460462784, 1, 3.4512463421, 65.2624494676, 35.8615619948, 101.4611317059, 85.6287518844, 49.7367821084, 136.884865031, 38.7628695619, 145.3135951605, 524.5107404246, 479.9565693123, 1.5331776602],
      [0.2339243509, 1.0395684422, 3.2842535279, 0.94477885372, 7.1862372423, 0.026763923722, 12.7592544767, 0.61853555416, 0.56237261506, 0.91556476059, 2.142804612, 0.82507181179, 3.6770207046, 0.41279734393, 0.23383678633, 33.1160829003, 10.0290340773, 0.22058168125, 19.5209018177, 7.1993328004, 0, 1.3511175763, 1, 0.010042490398, 1.9411097688, 0.555383603, 0.87775879035, 13.6266040312, 4.2146237814, 0.16593750934, 0, 0.27971489331, 0.44981408191, 1.5876742533, 0, 3.2440217325, 7.1399914011, 0.17282073583, 0.02093060791, 0.99180039357, 0.11856020137, 5.0937682698, 3.1476174974, 2.5629839248, 2.6035155823, 8.6891530021, 2.5181662283, 0.51695300628, 3.6234520403, 7.2966013433, 1.6840559898, 1.0857604171, 0.73021285298, 1.5360085682, 0, 1.0786338864, 4.7268457685, 1.3879754106, 8.7802474606, 9.1172577467, 0.15730953254, 5.3203866352, 2.3149111538, 8.5925595566, 0.28503186552, 1.7319124499, 2.1918730514, 1.1754373953, 0.011980932033, 2.4455156862, 2.0665631654, 4.3435321973, 1.3101769003, 1.4636781971, 6.3622222884, 2.9046519491, 6.975199258, 19.5712320103, 17.8787809382, 0],
      [1.4433292789, 1.5536578168, 13.9940161629, 3.7497095944, 14.719013311, 0.69639953902, 48.605995888, 2.6258695265, 0.96349797988, 1.3871623168, 9.0603824107, 1.8636343734, 6.5981672499, 1.8204188865, 0, 102.1212378923, 46.3824663638, 0.98494018881, 56.7892945826, 27.2554480297, 0, 12.7763437527, 0, 0, 6.96040796, 3.8427807473, 9.3881428071, 39.422292768, 12.4827779052, 1.4309959476, 0, 2.5746533128, 0.54720907686, 5.0332284536, 0.64741111975, 9.5691090306, 9.3598372445, 0, 0.41759370852, 1.7834337919, 0, 22.2948806545, 15.3279594604, 4.4073264431, 0.94056598211, 5.5601291768, 2.0011270004, 0.61220164071, 7.1742431664, 19.7528771007, 4.6157428019, 0.70553146818, 4.0123904959, 4.8325618305, 2.147035084, 1.4575175343, 10.9913643716, 6.1251425117, 29.8275002541, 35.8446259001, 22.4911559191, 18.4179477795, 8.9853241614, 27.6202306505, 1.6831410085, 6.7585065993, 5.291108277, 1, 0, 8.6925373208, 5.4642077903, 9.602097161, 13.0725364813, 7.9133822478, 14.7529050082, 7.4527079601, 15.2897088304, 75.314898428, 83.7933233569, 0]
    ],
    [
      [0.23274089831, 0.72923062591, 1.9355172299, 0, 1.7162753499, 0, 0, 0.51433361533, 0, 0, 0, 0.90472210968, 1.903003665, 0.84253707488, 0.75073090941, 1.5666424023, 2.0996547692, 0, 0, 10.2394664468, 0, 0, 0, 0, 1.2303525173, 0.14679731784, 1.9416389694, 5.1406542872, 0, 0.31483079508, 0, 0, 1.1945905975, 0, 0, 0, 0, 0, 0, 0.37118754445, 0.84238038133, 1.9687010521, 0.64729092796, 0, 0, 0, 0, 0, 0, 4.0168210306, 0, 0, 0.014137058187, 0.29472019762, 0, 0, 4.158271074, 0, 0.033969131137, 0, 0, 0.59621611756, 0, 0, 0, 0, 0, 0, 0, 0.24421655561, 0, 1.1734400325, 3.0096667966, 0, 1.6875781591, 0.2346808551, 1.3318086707, 16.5482701973, 21.0814675394, 0.53317766021],
      [0, 0, 3.1095042554, 0, 0, 0, 1.0429620959, 0, 0, 0, 0.55150292169, 0, 3.674589674, 0.41922230951, 0.52171326149, 19.2414369506, 11.1393724336, 0, 19.4162794613, 4.149055338, 0, 6.3927870246, 0, 0, 0, 0.22492652225, 3.2988773308, 0, 4.239276046, 1.0523246828, 0, 0, 1.4664571017, 5.311393205, 0, 0, 0, 0.022848700949, 0.020932984711, 2.629486355, 4.6424873366e-32, 2.0795485628, 3.1137803917, 7.0183862381, 0, 0, 0, 0, 0, 1.3816160035, 0, 0, 0.70124393231, 2.1165039421, 0, 1.0758617816, 4.7857932511, 0, 4.3719820781, 14.6100536657, 0.0014201396242, 3.6373468892, 5.530899312, 0, 3.1840238842, 0, 4.7085700323, 0, 0.44568042691, 5.5760907062, 1.3404331204, 4.242859326, 3.9978994565, 1.3580689258, 9.7807827579, 0.82638989023, 0, 15.4031949555, 18.1420546091, 0],
      [0.91913134241, 0, 9.0878947711, 0, 0, 0.76739625107, 38.5219525536, 2.7236906572, 0, 0, 3.1575773672, 0.14103157049, 1.5770788873, 0.11338373323, 0.22378145633, 42.0672190512, 30.6996851558, 0.37650634577, 57.4736986485, 11.4946622219, 0, 8.2114846932, 0, 0.87692923267, 0.20979470166, 0.07726643149, 5.8537473557, 0, 1.9065299623, 3.0351252503, 0.70583746405, 2.0346270243, 0.12931161861, 1.5033660699, 2.6474111197, 6.7956197478, 0, 0, 0.48030742735, 1.9369077355, 0, 21.3896584856, 22.5795560421, 7.743748369, 0, 0, 0, 0, 0, 0, 5.115248689, 0, 1.1984375163, 1.0638275521, 1.3478787961, 0, 2.6154439696, 4.4910154772, 14.0352589556, 21.7364065757, 4.948394144, 10.2949588618, 7.5422389133, 5.0759105486, 3.7482460893, 0.85907037185, 6.8751532404, 0, 0.31210064039, 12.3955448973, 0.67835406494, 5.3740119639, 5.0368508411, 8.3662024342, 2.7854561268, 0, 6.7688490367, 35.0862276758, 22.5671126895, 0.46682233979],
      [21.5502802018, 34.0723783924, 484.1493726353, 49.3000917291, 600.0991396289, 11.9538839252, 1156.0850147649, 106.5536880294, 24.9634979799, 28.5711168263, 118.9583321672, 105.9228185604, 241.9832836177, 62.4975008687, 29.5037743728, 2575.051022409, 939.3864145817, 36.7661347898, 1571.3585697225, 1093.337738018, 9, 215.0372843973, 7, 22.1230707673, 283.1548404262, 30.5631527593, 148.3458392733, 979.8139272855, 512.3738363353, 58.4240653281, 6.5351783811, 39.6374548644, 82.8106116842, 183.9593249771, 11, 297.8254960979, 390.6496954827, 9.9771512991, 9.9185944053, 127.0869308286, 28.1576196187, 589.615103915, 435.0493523559, 285.2139401569, 19.9600087033, 291.9032202245, 112.2012835363, 14.7939624266, 143.7360020894, 500.5646110553, 209.9924798265, 32.7623485032, 38.5923491078, 79.603389553, 13.0009869265, 104.4741018995, 529.1320433167, 229.6257298559, 628.2710094523, 715.0549195335, 100.6467361055, 358.0359767457, 296.7621007912, 441.4769163661, 71.0436860046, 150.1623585647, 287.3217054038, 5, 8.2422189327, 391.3878379871, 149.2045947402, 297.3150870719, 170.8709413353, 178.2676669913, 388.1532088769, 470.3640195858, 355.9000205218, 1450.1795362827, 1252.4753994771, 2],
      [0.29784755743, 0.19839098166, 9.7177111083, 1.6999082709, 5.1845850212, 0.27871982375, 21.3500705857, 2.2082876981, 0.036502020124, 0.42888317373, 2.3325875439, 1.0314277594, 1.862044156, 1.1273560136, 0, 38.0736791869, 18.6748730597, 0.85735886445, 18.7514521676, 18.7790779753, 0, 7.3584438849, 0, 0, 4.4050123548, 0.9878569691, 2.5598970708, 13.0454184273, 6.4803576564, 2.1736539438, 0.75898415489, 1.3279181112, 0.399028998, 2.225915748, 0.35258888025, 4.3788841543, 2.3503045173, 0, 0.58016518267, 0.97548753648, 0, 11.9469879845, 8.6100202824, 2.023925236, 0.039991296665, 1.0967797755, 0.79871646369, 0.20603757344, 2.2639979106, 6.0369519107, 2.8922714845, 0.23765149682, 0.49383238533, 0.9215587552, 0.65113427744, 0.45003631891, 5.3084483886, 4.883254667, 10.2877803829, 10.5986202251, 2.4034496108, 5.4355013858, 5.1647609835, 7.4471730854, 1.0240440218, 2.9785710635, 3.0945713235, 0, 0, 6.3963098538, 1.7766180745, 2.8946016057, 3.0846415705, 4.0080616486, 3.5929740792, 4.5749096689, 3.9993217708, 22.7827708888, 21.7339656849, 0]
    ],
    [
