{
  "Z_true": {},
  "V_true": [
    [953, 174, 1425, 76],
    [1053, 286, 12851, 363],
    [346, 10855, 907, 865],
    [54, 219, 752, 174],
    [229, 1070, 755, 876]
  ],
  "p_true": [
    [0.3626, 0.0662, 0.5422, 0.0289],
    [0.0724, 0.0197, 0.883, 0.0249],
    [0.0267, 0.8367, 0.0699, 0.0667],
    [0.045, 0.1827, 0.6272, 0.1451],
    [0.0782, 0.3652, 0.2577, 0.299]
  ],
  "Z_est": [
    [
      [55.1604, 4.0954, 17.6124, 2.4292, 15.9034, 59.704, 137.5253, 20.9684, 57.4081, 17.5814, 38.4124, 20.6977, 33.1615, 45.7399, 17.3201, 31.5455, 19.5207, 50.4507, 18.0285, 33.1925, 19.9058, 35.2557, 31.9926, 100.9452, 98.8072, 24.2934, 0.5808, 25.5196, 14.9647, 27.5565, 40.4756, 13.9946, 20.4895, 51.9913, 29.5443, 22.2922, 26.4495, 33.8699, 90.0011, 9.7448, 0, 2.0322, 136.1278, 22, 137.963, 50.8184],
      [1.6498, 0.1178, 1.872, 0.0707, 1.0991, 4.8314, 8.7381, 1.7305, 5.2664, 1.4629, 1.2256, 1.2562, 3.306, 4.5413, 0.5656, 1.5237, 3.8054, 3.1101, 0.9595, 2.0424, 1.5363, 2.6165, 1.8754, 10.02, 5.8804, 3.4375, 0.0236, 0.7306, 1.0013, 2.3128, 2.5034, 0.4007, 0.6363, 3.4707, 2.2921, 2.1314, 2.1493, 1.661, 10.1177, 0.5005, 0, 0.0707, 20.0343, 1.5433, 6.6247, 13.0824],
      [5.8339, 0.4167, 2.7192, 0.25, 4.068, 14.3169, 48.1771, 5.7318, 24.163, 5.0186, 6.1832, 5.7599, 7.6953, 9.3706, 2.6191, 7.2915, 5.7923, 13.9764, 2.0825, 8.321, 6.9481, 6.534, 3.5004, 20.1442, 30.1838, 8.0393, 0.0833, 2.5836, 1.6668, 11.8677, 4.5005, 1.4168, 2.2502, 8.3547, 4.2382, 6.3935, 5.1298, 9.7228, 21.5702, 5.2435, 0, 0.25, 71.7665, 6.2216, 14.7515, 14.4334],
      [7.3559, 0.3701, 3.7965, 0.25, 2.9295, 6.1477, 19.5594, 3.5693, 11.1626, 2.9371, 6.1789, 2.2862, 5.8371, 7.3482, 3.4951, 4.6393, 3.8816, 7.4628, 2.9295, 5.444, 3.6097, 6.5938, 4.6317, 11.8905, 14.1286, 3.2298, 0.3123, 2.1662, 2.3672, 6.263, 6.5206, 1.1879, 3.6239, 7.1833, 4.9254, 4.1829, 4.2714, 4.7463, 14.311, 1.5111, 0, 0.6471, 26.0714, 3.2352, 17.6608, 7.6659]
    ],
    [
      [8.4585, 1.0315, 1.379, 1.875, 2.032, 7.8475, 13.9173, 2.1764, 3.9248, 1.326, 5.7829, 2.7439, 4.7157, 5.9411, 2.885, 4.7641, 1.326, 9.2842, 5.1548, 5.8933, 1.432, 4.5278, 6.8038, 21.6066, 19.3618, 2.4236, 4.1828, 10.327, 2.8813, 1.8033, 8.2293, 7.3302, 15.0755, 9.7931, 5.7507, 1.6442, 4.2042, 5.9722, 13.5788, 0.6634, 0, 0.1591, 9.2287, 3.9216, 37.9352, 5.0652],
      [6.8009, 5.1446, 4.3328, 2.5504, 1.4312, 1.1733, 2.8766, 11.8626, 14.4447, 2.8256, 1.9909, 1.1509, 1.6957, 1.8244, 1.1355, 2.8681, 1.7517, 2.8132, 0.8254, 13.4577, 9.1981, 19.1818, 3.9947, 10.3294, 7.9839, 0.7338, 0.2906, 10.6606, 1.302, 2.4761, 4.6765, 3.3101, 2.6273, 8.0207, 17.3219, 3.7254, 4.2547, 1.0114, 11.3878, 0.3758, 0.816, 3.9992, 29.6502, 3.0505, 7.8235, 1.2642],
      [343.2536, 71.564, 246.3221, 12.3891, 124.2873, 144.9413, 355.8954, 189.9639, 451.9566, 159.59, 250.6665, 114.665, 213.5686, 228.7962, 143.0937, 219.0937, 153.1371, 433.9403, 340.6904, 358.5622, 306.532, 543.2787, 181.9591, 512.8941, 519.6165, 48.308, 31.5884, 550.4997, 174.062, 334.0422, 679.1827, 253.6839, 356.135, 542.4565, 359.0906, 218.8953, 203.1753, 181.169, 654.5263, 20.4936, 1.7619, 148.6165, 1107.2309, 203.7988, 934.2585, 157.744],
      [5.487, 8.2599, 7.966, 0.1854, 2.2494, 1.0378, 7.3106, 3.9971, 7.6739, 2.2585, 4.5597, 0.4403, 4.0201, 4.4384, 2.8858, 2.2742, 2.7853, 2.9624, 4.3294, 6.0868, 1.8378, 12.0118, 3.2424, 2.17, 8.0378, 0.5346, 0.9382, 10.5127, 0.7548, 10.6784, 3.9116, 6.6758, 8.1623, 1.7297, 4.8368, 3.7351, 3.3658, 2.8475, 10.5071, 0.4673, 0.4221, 15.2252, 17.8902, 1.2292, 6.9827, 2.9267]
    ],
    [
      [19.9518, 0.6457, 2.5692, 1.3313, 0.8521, 15.0877, 22.6675, 3.09, 2.7416, 2.6061, 7.9625, 3.5109, 2.4835, 7.6848, 1.9408, 5.1876, 0.9262, 5.7152, 1.9876, 3.5949, 1.0473, 4.8202, 8.0928, 14.2787, 10.4023, 2.7094, 1.0487, 4.2622, 2.3643, 1.2596, 6.7516, 3.0812, 7.248, 6.796, 4.3735, 1.2689, 4.1267, 5.3977, 10.5627, 0.4446, 0, 0.1111, 6.4464, 2.8597, 28.5102, 3.2213],
      [321.4801, 27.2391, 208.6388, 20.2792, 291.3247, 284.7349, 620.2972, 153.3381, 486.768, 136.5399, 524.1781, 91.1786, 514.0222, 431.0423, 289.518, 284.7003, 223.9607, 221.0125, 63.2155, 133.3841, 120.5913, 216.0291, 199.6122, 310.3162, 388.8965, 116.1173, 22.9582, 184.5866, 102.0438, 194.2963, 316.0401, 61.6106, 140.6768, 292.2682, 205.4814, 151.5922, 207.4751, 78.2549, 759.2282, 15.757, 0.7785, 63.0401, 1055.8416, 126.6258, 619.1894, 232.7221],
      [10.5826, 0.8388, 11.5443, 0.2068, 7.9557, 6.1463, 58.3176, 4.2955, 25.2233, 8.0562, 31.115, 6.7517, 13.8116, 20.4485, 10.3876, 11.3498, 15.6545, 13.8458, 6.095, 3.8634, 3.3805, 6.2018, 7.0179, 8.7944, 14.0946, 5.0663, 1.5379, 5.3122, 16.2299, 18.2295, 30.8516, 1.8555, 8.9977, 11.8838, 5.7952, 5.0481, 9.7064, 2.5734, 30.8028, 5.4516, 0.0254, 1.9317, 56.0948, 7.4112, 42.7399, 32.455],
      [15.9855, 4.2765, 13.2478, 0.1828, 7.8675, 6.0312, 30.7177, 8.2764, 28.2671, 6.7978, 17.7444, 2.5587, 15.6827, 20.8243, 15.1537, 6.7623, 12.4586, 13.4264, 6.7019, 11.1575, 7.9809, 16.9489, 14.2772, 12.6107, 22.6066, 3.107, 1.4553, 14.839, 5.362, 16.2146, 17.3567, 6.4527, 10.0775, 10.052, 12.35, 10.0908, 10.6918, 7.774, 32.4062, 2.3468, 0.196, 10.9171, 61.6172, 6.1033, 33.5605, 12.6016]
    ],
    [
      [0.2873, 0.0216, 0.0803, 0, 0.0711, 0.2811, 0.5962, 0.0927, 0.2286, 0.0772, 0.1884, 0.0927, 0.1483, 0.2101, 0.0834, 0.1483, 0.0772, 0.2286, 0.0896, 0.1514, 0.0834, 0.1637, 0.1606, 0.4696, 0.4418, 0.1019, 0.0216, 0.1514, 0.0741, 0.105, 0.2008, 0.0865, 0.1483, 0.2533, 0.1421, 0.0958, 0.1236, 0.1545, 0.4016, 0.0371, 0, 0.0093, 0.5375, 0.0989, 0.7043, 0.2008],
      [0.5826, 0.0559, 0.3823, 0, 0.0481, 0.0568, 0.1223, 0.3156, 0.9091, 0.2258, 0.083, 0.1603, 2.0653, 0.083, 1.7482, 1.0702, 0.0612, 0.4487, 0.1873, 0.3485, 0.2728, 0.4733, 0.3688, 0.6105, 0.7009, 0.0218, 0.0437, 0.3826, 0.2155, 0.4657, 0.6214, 0.1654, 0.2962, 0.6799, 0.4756, 0.2801, 0.3767, 0.1806, 0.2272, 0.0307, 0, 0.2442, 1.8538, 0.2604, 1.0889, 0.0262],
      [28.1128, 1.542, 18.4426, 0, 8.1187, 9.5795, 18.4962, 18.407, 46.6103, 7.295, 13.4849, 7.0552, 17.1314, 13.3133, 11.9348, 15.6172, 10.3689, 27.7156, 18.6384, 28.143, 18.4091, 28.5356, 18.7257, 31.9516, 30.7391, 3.4753, 2.3041, 21.0804, 14.5266, 37.6497, 36.7084, 14.2644, 19.6504, 54.1532, 34.2037, 11.711, 17.9651, 13.2415, 39.6909, 1.3118, 0, 9.9539, 75.3989, 17.1764, 45.9345, 3.062],
      [7.0173, 1.3805, 5.0948, 0, 2.7621, 3.0826, 8.7852, 4.1847, 11.252, 2.402, 5.2436, 1.6918, 5.655, 5.3936, 4.2336, 4.1642, 3.4927, 6.6071, 4.0847, 6.3572, 4.2347, 7.8274, 4.7449, 7.9683, 9.1182, 1.401, 0.6306, 6.3856, 3.1837, 8.7796, 8.4694, 3.4837, 4.9051, 9.9136, 7.1787, 3.9131, 4.5347, 3.4234, 11.6803, 0.6204, 0, 3.7927, 21.2098, 3.4643, 13.2722, 2.711]
    ],
    [
      [9.142, 1.2058, 4.3592, 0.3644, 4.1414, 8.0797, 18.2936, 3.6725, 9.6969, 3.4094, 8.6538, 2.9548, 7.491, 8.4241, 4.7707, 6.3546, 3.15, 8.3213, 3.7395, 6.168, 4.5314, 8.2327, 4.9502, 14.6999, 13.9869, 3.4716, 1.1661, 8.7398, 3.7156, 3.2755, 9.3428, 3.5075, 5.0387, 13.1663, 6.1895, 5.699, 5.0961, 4.6057, 15.4558, 1.1102, 0, 0.6883, 21.6597, 3.1199, 22.8872, 5.6943],
      [17.4866, 2.4426, 11.7741, 0.0997, 14.0969, 16.2036, 33.9657, 8.7533, 25.6118, 7.9458, 29.5224, 5.254, 27.9108, 23.509, 18.0327, 17.8377, 14.421, 14.6155, 5.8124, 10.7673, 9.4014, 16.6993, 10.149, 21.7239, 23.5383, 6.6896, 1.684, 16.6396, 7.4374, 13.4491, 20.1586, 5.5133, 8.7633, 19.5605, 13.4291, 14.2709, 11.7442, 5.8921, 33.039, 1.3359, 0.4055, 4.6459, 55.6201, 6.5201, 38.2734, 4.9051],
      [19.217, 3.6385, 14.9718, 0.1541, 15.5702, 14.016, 36.1136, 9.6017, 25.0468, 12.0402, 23.5504, 7.7682, 20.7931, 21.0714, 13.9648, 20.6477, 13.0473, 26.522, 14.4936, 22.1103, 21.7303, 34.45, 6.797, 41.2157, 32.366, 10.1111, 2.4862, 45.5241, 17.5146, 24.2109, 37.7569, 12.7794, 11.9667, 40.1518, 21.6723, 26.9521, 16.0233, 10.2934, 45.4098, 2.4994, 0.2127, 5.2479, 52.5089, 5.3921, 61.3155, 12.3057],
      [25.1543, 6.713, 18.8949, 0.3818, 15.1915, 16.7007, 47.6271, 12.9724, 36.6445, 11.6047, 29.2734, 7.023, 26.8051, 27.9954, 19.2319, 19.16, 16.3818, 24.5412, 12.9545, 20.9545, 16.3369, 31.6181, 15.1038, 34.3604, 38.1088, 8.7277, 2.6637, 32.0965, 12.3324, 30.0645, 31.7417, 12.1999, 16.2313, 26.1214, 21.7091, 21.078, 17.1364, 12.2088, 50.0953, 3.0545, 0.3818, 14.4179, 79.2114, 8.968, 59.5238, 15.0948]
    ]
  ],
  "V_est": [
    [1764.073, 145.8274, 447.5819, 270.5177],
    [296.3601, 252.4222, 13781.3763, 222.8415],
    [254.0221, 11508.8818, 605.979, 604.1171],
    [8.1214, 19.317, 921.8306, 249.731],
    [312.4234, 677.5516, 933.2323, 1006.7927]
  ],
  "p_est": [
    [0.6713, 0.0555, 0.1703, 0.1029],
    [0.0204, 0.0173, 0.947, 0.0153],
    [0.0196, 0.8871, 0.0467, 0.0466],
    [0.0068, 0.0161, 0.7688, 0.2083],
    [0.1066, 0.2312, 0.3185, 0.3436]
  ],
  "EI_Z": {},
  "EI_V": 9.4153,
  "MAE_Z": {},
  "MAE_V": 322.7859,
  "MAE_p": 0.0836,
  "runtime": 1.148
}
