{
  "X": [
    [24, 58, 48, 193, 832, 18],
    [35, 90, 60, 172, 964, 13],
    [0, 1, 0, 1, 2, 3],
    [2, 5, 17, 34, 47, 5],
    [7, 3, 8, 15, 49, 1],
    [13, 22, 38, 123, 158, 7],
    [23, 6, 29, 91, 199, 3],
    [53, 38, 74, 229, 626, 18],
    [39, 39, 82, 255, 583, 17],
    [65, 23, 48, 194, 660, 27],
    [34, 10, 45, 156, 430, 19],
    [17, 10, 22, 92, 299, 6],
    [4, 6, 6, 9, 35, 2],
    [3, 2, 2, 5, 17, 0],
    [0, 0, 1, 2, 3, 1],
    [26, 54, 59, 209, 732, 21],
    [88, 131, 193, 565, 911, 33],
    [41, 79, 144, 349, 687, 20],
    [100, 150, 262, 799, 817, 48],
    [55, 83, 121, 479, 1204, 35],
    [14, 29, 30, 110, 327, 12],
    [31, 49, 47, 223, 160, 6],
    [53, 62, 102, 280, 482, 17],
    [94, 131, 170, 585, 1415, 41],
    [50, 52, 94, 368, 950, 26],
    [41, 71, 70, 443, 775, 25],
    [11, 30, 18, 93, 242, 11],
    [65, 85, 127, 495, 1007, 32],
    [64, 82, 132, 390, 438, 28],
    [28, 34, 54, 184, 343, 11],
    [56, 63, 77, 282, 791, 21],
    [7, 13, 12, 32, 143, 3],
    [2, 9, 5, 23, 31, 2],
    [1, 4, 6, 13, 16, 0],
    [0, 0, 0, 1, 3, 0],
    [6, 22, 88, 236, 221, 47],
    [120, 189, 227, 894, 2752, 62],
    [17, 15, 39, 116, 236, 6],
    [150, 108, 256, 496, 1177, 56],
    [22, 35, 43, 73, 287, 11]
  ],
  "W": [
    [29, 181, 806, 69, 88],
    [44, 190, 902, 70, 128],
    [0, 0, 4, 0, 3],
    [2, 43, 45, 14, 6],
    [3, 19, 47, 5, 9],
    [13, 126, 139, 49, 34],
    [27, 79, 191, 30, 24],
    [67, 228, 579, 81, 83],
    [53, 236, 526, 99, 101],
    [70, 184, 603, 54, 106],
    [44, 126, 407, 55, 62],
    [12, 67, 279, 41, 47],
    [3, 12, 37, 2, 8],
    [0, 9, 16, 1, 3],
    [1, 1, 4, 0, 1],
    [27, 185, 721, 79, 89],
    [91, 523, 881, 232, 194],
    [32, 384, 662, 144, 98],
    [83, 696, 806, 379, 212],
    [81, 424, 1129, 199, 144],
    [18, 99, 302, 54, 49],
    [35, 171, 172, 77, 61],
    [50, 293, 444, 103, 106],
    [111, 558, 1312, 235, 220],
    [61, 302, 919, 160, 98],
    [50, 298, 754, 213, 110],
    [20, 70, 234, 41, 40],
    [88, 411, 957, 211, 144],
    [60, 380, 433, 145, 116],
    [24, 143, 332, 95, 60],
    [68, 214, 764, 127, 117],
    [8, 34, 141, 12, 15],
    [2, 17, 37, 6, 10],
    [2, 10, 21, 4, 3],
    [0, 1, 3, 0, 0],
    [11, 169, 254, 121, 65],
    [174, 740, 2652, 378, 300],
    [24, 86, 232, 53, 34],
    [173, 547, 1172, 128, 223],
    [36, 83, 303, 15, 34]
  ],
  "method": "mult",
  "cond_prob": [
    [
      [0.46932452396, 0.0065257517671, 0.071316829264, 0.15136280599, 0.29591481316, 0.0055552758655],
      [0.02099224482, 0.12329738818, 0.21590942006, 0.51766202347, 0.10696225766, 0.015176665805],
      [0, 0.017639051196, 0, 0.01476549853, 0.96371024149, 0.0038852087846],
      [0.00016363197122, 0.031093718132, 0.019616397206, 0.90396524161, 0.022839037866, 0.022321973212],
      [0.074757975987, 0.2174020923, 0.062484949015, 0.23453476013, 0.29240856282, 0.11841165974]
    ],
    [
      [0.48608898016, 0.0083822410261, 0.079556264121, 0.12187696045, 0.3010132967, 0.0030822575449],
      [0.018038996842, 0.16544985029, 0.23960108904, 0.4221710568, 0.14594053293, 0.0087984741001],
      [0, 0.020285418415, 0, 0, 0.97798575055, 0.00172883104],
      [0.00020637304073, 0.04839458417, 0.02651959049, 0.88172091572, 0.028153700629, 0.015004835948],
      [0.079454916874, 0.28523938701, 0.071241766621, 0.19300350662, 0.30400630978, 0.067054113082]
    ],
    [
      [5.5511151231e-17, 0.022227094402, 0, 0.54455352522, 0.32051300892, 0.11270637146],
      [0, 0.10664405782, -0, 0.80701790826, 0.018072625082, 0.068265408838],
      [8.3266726847e-17, 0.11538569691, 0, 0.12268102119, 0.45871158793, 0.30322169396],
      [0, 0, 0, 1, 0, 0],
      [0, 0.17948573745, 0, 0.16975863841, 0.055051216091, 0.59570440805]
    ],
    [
      [0.44256942226, 0.0042669956389, 0.1191157407, 0.1429647957, 0.27599287357, 0.015090172126],
      [0.018418157815, 0.073517664034, 0.35713215961, 0.44379813982, 0.067263455491, 0.039870423228],
      [0, 0.017416692103, 0.0089744664116, 0.030197483868, 0.92961067928, 0.013800678335],
      [0.00013021116912, 0.020308836855, 0.032521776909, 0.8650225207, 0.02112201932, 0.060894635045],
      [0.053509568845, 0.12702193244, 0.090988298349, 0.19359138874, 0.23791613809, 0.29697267354]
    ],
    [
      [0.74455047775, 0.001768588315, 0.054700948817, 0.062487669181, 0.13490085974, 0.001591456201],
      [0.078029282243, 0.065886494028, 0.35588491781, 0.42110731689, 0.070638561182, 0.0084534278512],
      [0.028565528384, 0.010542544355, 0, 0.0096769398294, 0.94950970306, 0.001705284369],
      [0.00051283405673, 0.019742941421, 0.034818119992, 0.90568772623, 0.024183125287, 0.015055253017],
      [0.21540535553, 0.12762628408, 0.099999235023, 0.20313812983, 0.27836589867, 0.075465096866]
    ],
    [
      [0.49787171943, 0.0050284740131, 0.079356386311, 0.14627581913, 0.26672242701, 0.0047451741138],
      [0.028554914646, 0.097867135089, 0.26391707912, 0.5147463966, 0.081582073907, 0.013332400641],
      [0, 0.01497884121, 0, 0.02241441979, 0.95926011782, 0.0033466211844],
      [0.00017703275186, 0.024933902338, 0.022692183512, 0.91095326114, 0.021385903219, 0.019857717042],
      [0.085913935213, 0.18528090217, 0.076555824028, 0.24964865392, 0.29024122066, 0.112359464]
    ],
    [
      [0.55973979881, 0.0015993027876, 0.077215597837, 0.13737774448, 0.22172214698, 0.0023454091036],
      [0.03983620285, 0.035386361355, 0.29753252766, 0.54955103148, 0.07021026967, 0.0074836069893],
      [0.0087417962657, 0.005452786678, 0.0017964520111, 0.043914341093, 0.93869795031, 0.0013966736422],
      [0.00021936114044, 0.0086609497022, 0.024089738933, 0.93688952041, 0.019416326214, 0.010724103602],
      [0.12765422858, 0.077499397132, 0.097678944645, 0.30758102713, 0.31637885133, 0.073207551181]
    ],
    [
      [0.5274312652, 0.0036627174812, 0.075263935732, 0.13365666112, 0.2550714535, 0.004913966963],
      [0.036781136813, 0.077842873379, 0.26534042368, 0.51405518346, 0.090879469897, 0.015100912768],
      [0.001508438253, 0.010850953521, 0, 0.014652940402, 0.96952546011, 0.0034622077152],
      [0.00021148654269, 0.019931516035, 0.023647819991, 0.91117661667, 0.022481534951, 0.022551025809],
      [0.10102999855, 0.1458947941, 0.078846099846, 0.24760317389, 0.3013668403, 0.12525909331]
    ],
    [
      [0.47388309348, 0.0038294335059, 0.087690326732, 0.14899434436, 0.28112154677, 0.0044812551495],
      [0.022055753035, 0.073231142318, 0.2801634578, 0.51562398412, 0.096533603802, 0.012392058921],
      [0, 0.0096726034316, 0, 0.016031408675, 0.97220576898, 0.0020902189122],
      [0.00017106966947, 0.018783460946, 0.024836081765, 0.91534027869, 0.022333645815, 0.01853546312],
      [0.085763390415, 0.14422909305, 0.086881827206, 0.26103793013, 0.31413229806, 0.10795546114]
    ],
    [
      [0.57404799261, 0.0020675835943, 0.052499160268, 0.12618663013, 0.23893898602, 0.0062596473778],
      [0.046790989002, 0.051340732911, 0.20141047204, 0.56721171048, 0.11077207885, 0.022474016724],
      [0.0059041583774, 0.005476183719, 0, 0.0073349169797, 0.97720890322, 0.0040758377055],
      [0.00024534902862, 0.011987598767, 0.017572598205, 0.91715197665, 0.02243826004, 0.030604217313],
      [0.11918530369, 0.089236841291, 0.059590675691, 0.25330961779, 0.30588277158, 0.17279478995]
    ],
    [
      [0.51732620957, 0.0014815590014, 0.07859264287, 0.14536325394, 0.2498134664, 0.0074228682076],
      [0.03528450253, 0.03098387026, 0.27899913051, 0.55009732912, 0.082206333521, 0.022428834064],
      [0.0015484584827, 0.0047523398195, 0, 0.031998279447, 0.95608752611, 0.0056133961434],
      [0.0001906832584, 0.0074531354908, 0.022810787977, 0.91770167809, 0.020346743852, 0.031496971333],
      [0.099211117392, 0.059463209558, 0.082797418239, 0.27088486013, 0.29683089383, 0.19081250086]
    ],
    [
      [0.58724444955, 0.0019926418039, 0.062131423885, 0.11956929156, 0.22614076259, 0.002921430606],
      [0.046727054339, 0.049814099929, 0.24793960794, 0.54085203912, 0.1041278785, 0.010539320174],
      [0.0018233419308, 0.0055713584479, 0, 0.012781278015, 0.97863855388, 0.0011854677229],
      [0.00025880008222, 0.012284902406, 0.022068831853, 0.92763307692, 0.022558957522, 0.015195431217],
      [0.1341070375, 0.097456459522, 0.079524405857, 0.27083296086, 0.32648232335, 0.091596812905]
    ],
    [
      [0.66034255308, 0.006349348672, 0.08277073692, 0.080922169385, 0.16427909821, 0.0053360937286],
      [0.043187984523, 0.15662761367, 0.36199503701, 0.36302281254, 0.056504596812, 0.018661955444],
      [0.016240009246, 0.047735712794, 0.016371516766, 0.038404257388, 0.86910499221, 0.012143511594],
      [0.00031476309406, 0.050387150664, 0.037227868508, 0.85527399169, 0.020877087049, 0.035919138997],
      [0.11240083228, 0.27930311441, 0.090943185977, 0.15868177932, 0.20380858221, 0.15486250581]
    ],
    [
      [0.97704003701, 0.00030075438448, 0.003167502122, 0.0056874829209, 0.013804223562, 0],
      [0.17726751781, 0.11892848545, 0.2050965671, 0.40557930384, 0.09312812579, 0],
      [0.010217640731, 0.02239902987, 0, 0, 0.9673833294, 0],
      [0.0011458983789, 0.034746485219, 0.020464824908, 0.91845636952, 0.025186421971, 0],
      [0.41332139653, 0.17883755593, 0.044555357062, 0.14377663197, 0.21950905851, 0]
    ],
    [
      [0, 0, 0.29388133041, 0.42263291835, 0.24021609173, 0.043269659514],
      [0, 0, 0.44273915754, 0.51751228376, 0.013192133094, 0.026556425602],
      [0, 0, 0.052691301029, 0.22687460053, 0.67436351631, 0.046070582125],
      [0, 0, 0.0035015770633, 0.98582247892, 0.00088115598908, 0.0097947880239],
      [0, 0, 0.052614307932, 0.15235639577, 0.049137709919, 0.74589158638]
    ],
    [
      [0.49042376922, 0.0057593889366, 0.08042449434, 0.14723197307, 0.2700956844, 0.0060646900381],
      [0.029952213954, 0.1091519407, 0.26234487079, 0.50503304837, 0.076899117432, 0.016618808751],
      [0, 0.01903471255, 0, 0.026696311071, 0.94891571678, 0.0053532595949],
      [0.00017543561709, 0.028171497341, 0.022709724479, 0.90252742817, 0.021399507914, 0.025016406474],
      [0.080938643099, 0.19889675764, 0.073041228352, 0.23647096259, 0.27665490865, 0.13399749967]
    ],
    [
      [0.52825632081, 0.0058267691058, 0.087536736634, 0.13860425613, 0.23575368543, 0.0040222318934],
      [0.033588758098, 0.112371972, 0.29359485352, 0.48379073648, 0.065429353471, 0.011224326438],
      [0.004283112796, 0.025351829105, 0.0097720017009, 0.048189305187, 0.90786723912, 0.004536512088],
      [0.0002041434892, 0.030428966385, 0.026411359357, 0.90529836161, 0.019948093894, 0.017709075266],
      [0.095572013702, 0.21806567533, 0.08632721498, 0.2416518544, 0.2622055016, 0.096177739998]
    ],
    [
      [0.52473114352, 0.0053506582901, 0.093708010316, 0.12831843131, 0.24375078355, 0.0041409730135],
      [0.033889254889, 0.10555161371, 0.32150023129, 0.45808130002, 0.069160858354, 0.011816741739],
      [0.002624916259, 0.02110612578, 0.00597804486, 0.026186611489, 0.94016259129, 0.003941710321],
      [0.00021559830682, 0.029921098368, 0.030267832611, 0.89798801732, 0.02208088054, 0.019526572856],
      [0.096187640922, 0.2042455698, 0.094175727143, 0.22800795603, 0.27627472537, 0.10110838074]
    ],
    [
      [0.5534009104, 0.0052927122665, 0.087592375825, 0.13470308002, 0.2142798984, 0.0047310230978],
      [0.036145126584, 0.10481221655, 0.30163320655, 0.48277715778, 0.061074168131, 0.013558124411],
      [0.0086336338432, 0.028037355784, 0.019393239557, 0.071777292229, 0.86550599206, 0.0066524865225],
      [0.00021990851941, 0.028414161903, 0.02717134085, 0.90414281856, 0.018639287662, 0.021412482507],
      [0.10315406664, 0.20398267001, 0.088982225399, 0.24190621119, 0.24549541409, 0.11647941267]
    ],
    [
      [0.45302540045, 0.0049901647165, 0.078485304736, 0.16097667549, 0.29653317481, 0.0059892797965],
      [0.01781552575, 0.091729615784, 0.23684529863, 0.53554740795, 0.10213300047, 0.015929151415],
      [0, 0.013062013252, 0, 0.018280414843, 0.96471762688, 0.0039399450209],
      [0.00015166192696, 0.022601438357, 0.020535437117, 0.91207898394, 0.021761256578, 0.022871222077],
      [0.074451242515, 0.16984541924, 0.070373136873, 0.25518390384, 0.29985923493, 0.1302870626]
    ],
    [
      [0.47000417675, 0.0063012413899, 0.079098002231, 0.14148984873, 0.29631939758, 0.0067873333174],
      [0.019617164426, 0.1202072302, 0.24224982243, 0.48828119608, 0.11094796453, 0.018696622328],
      [0, 0.016801597713, 0, 0.00098846130657, 0.97747826928, 0.0047316716961],
      [0.00017046500382, 0.031642886803, 0.022903616151, 0.8924459853, 0.024082842075, 0.028754204672],
      [0.073237151635, 0.20822986671, 0.068504250341, 0.21679073041, 0.2894590114, 0.1437789895]
    ],
    [
      [0.54694048715, 0.0073857452343, 0.067133867408, 0.17499874635, 0.20108708435, 0.002454069512],
      [0.031946195402, 0.13250247935, 0.20953400949, 0.56787838059, 0.051777457562, 0.0063614776131],
      [0.0033343733324, 0.042073191833, 0.02112703202, 0.17504942252, 0.75462442084, 0.003791559445],
      [0.0001694652752, 0.0312915672, 0.016414699861, 0.92956873573, 0.013785348052, 0.0087701838858],
      [0.095208565519, 0.26946779145, 0.06429864954, 0.29643520446, 0.21723171507, 0.057358073959]
    ],
    [
      [0.55207367912, 0.0048416459506, 0.079300051061, 0.12737330341, 0.23270850514, 0.0037028153255],
      [0.038208610383, 0.10219318833, 0.29114438806, 0.48653018946, 0.070620507317, 0.011303116461],
      [0.0063653651025, 0.018629244461, 0.0025276060246, 0.027722967513, 0.9412768102, 0.0034780067031],
      [0.00023111464316, 0.027534192692, 0.02604406219, 0.90699962106, 0.021433985916, 0.017757023502],
      [0.10708647442, 0.19535761448, 0.084197134582, 0.2391323658, 0.27866190399, 0.095564506734]
    ],
    [
      [0.50672451771, 0.0053535578408, 0.075277707914, 0.14050763755, 0.26753136349, 0.0046052154908],
      [0.032075550533, 0.10692836976, 0.25150061987, 0.50795919723, 0.088225637765, 0.013310624847],
      [0, 0.016000025897, 0, 0.015135754936, 0.96537151557, 0.0034927035993],
      [0.00019378924476, 0.027641374164, 0.022456690734, 0.90727928505, 0.022383020633, 0.020045840174],
      [0.090044913017, 0.19659985385, 0.072861391878, 0.2404258078, 0.29203033866, 0.10803769479]
    ],
    [
      [0.50597887755, 0.0038427060474, 0.076503227394, 0.14739699724, 0.26076725258, 0.0055109391897],
      [0.033206333474, 0.076801574623, 0.25945973127, 0.53310248345, 0.081497928822, 0.01593194836],
      [4.4993297047e-05, 0.012261552387, 0, 0.02849552791, 0.95474503489, 0.0044528915159],
      [0.00018496316781, 0.019057084592, 0.021912298056, 0.91484911573, 0.020951043195, 0.023045495256],
      [0.092204416461, 0.14544917568, 0.07622955711, 0.25967943367, 0.29304050115, 0.13339691592]
    ],
    [
      [0.48836155563, 0.0055712682537, 0.060618249502, 0.1690151594, 0.27116111751, 0.0052726497055],
      [0.025427656399, 0.10519014977, 0.19337138399, 0.5879741808, 0.073637019351, 0.014399609689],
      [0, 0.017143953734, 0, 0.043704391844, 0.93458285575, 0.0045687986724],
      [0.00015673728166, 0.024283366305, 0.015259749393, 0.92177557648, 0.019146718233, 0.01937785231],
      [0.081555414278, 0.1934170347, 0.055400804313, 0.2731056992, 0.27949443763, 0.11702660988]
    ],
    [
      [0.42747477061, 0.0093755183189, 0.070606085664, 0.17483444401, 0.30906019077, 0.0086489906284],
      [0.0030380685401, 0.1553335228, 0.19795723402, 0.52392691673, 0.092653975076, 0.02709028283],
      [0, 0.029718388639, 0, 0.030489553289, 0.93318858961, 0.00660346846],
      [0.00012539319605, 0.038147211878, 0.016551325987, 0.89513920766, 0.020342704341, 0.029694156933],
      [0.055817466724, 0.26052511023, 0.051306688489, 0.22482909912, 0.25332092705, 0.15420070839]
    ],
    [
      [0.48324489055, 0.0050210665845, 0.079113948438, 0.15649974542, 0.27085862525, 0.0052617237567],
      [0.025536782902, 0.094108155514, 0.25516042846, 0.53084294177, 0.080083595537, 0.014268095815],
      [0, 0.015921586732, 0, 0.034403897583, 0.94539819791, 0.0042763177714],
      [0.00016678171383, 0.023438048692, 0.021333637161, 0.91386792844, 0.020485154886, 0.020708449107],
      [0.082941950818, 0.17845352394, 0.074066937502, 0.25903410032, 0.285983612, 0.11951987542]
    ],
    [
      [0.55941435225, 0.0054024707897, 0.080782545017, 0.13750638999, 0.21159469194, 0.0052995500078],
      [0.036771798434, 0.10808750325, 0.28107734374, 0.49784439887, 0.060881845006, 0.015337110706],
      [0.010492701393, 0.029214027775, 0.017095958783, 0.076371039667, 0.85875335358, 0.0080729188054],
      [0.00021705116504, 0.028421117451, 0.024547240425, 0.90527633162, 0.018029760059, 0.023508499285],
      [0.10247451153, 0.20544710744, 0.080877212622, 0.24340531697, 0.23891982823, 0.12887602321]
    ],
    [
      [0.56493903673, 0.0045084983753, 0.07995132993, 0.1245710842, 0.22220868701, 0.0038213637509],
      [0.039345534141, 0.096891269565, 0.29910360618, 0.48422574299, 0.06856766506, 0.011866182059],
      [0.0063539965293, 0.019051093435, 0.0046339647558, 0.033699837189, 0.93222237138, 0.0040387367159],
      [0.00023881205152, 0.026189868859, 0.026798804532, 0.90715241976, 0.020896674417, 0.018723420378],
      [0.11138062906, 0.18705573215, 0.087083161134, 0.23996978179, 0.27298006736, 0.1015306285]
    ],
    [
      [0.52549165535, 0.0051577870607, 0.078692072313, 0.13736985266, 0.24890664212, 0.0043819905028],
      [0.034758997207, 0.10387919805, 0.2758164511, 0.50069394222, 0.072088077381, 0.01276333404],
      [0.0020476475726, 0.018390867348, 0.00049744962315, 0.028566158904, 0.94650620526, 0.0039916712942],
      [0.00020450402558, 0.027221187757, 0.023981185963, 0.90781262505, 0.021280134995, 0.01950036221],
      [0.096049292971, 0.19582400511, 0.078620140317, 0.24268032137, 0.28046309244, 0.10636314779]
    ],
    [
      [0.54523463842, 0.00695781356, 0.080563021705, 0.11731431703, 0.24543753717, 0.0044926721099],
      [0.034604930879, 0.14470375772, 0.29017828358, 0.44137723198, 0.075635283003, 0.013500512848],
      [0.00071894348815, 0.025914049112, 0, 0.017288058497, 0.95173247944, 0.0043464694629],
      [0.00022208533826, 0.041252478495, 0.027411523013, 0.88510221023, 0.023495209478, 0.022516493443],
      [0.090501279121, 0.25836660416, 0.077366393905, 0.19972112038, 0.26591186439, 0.10813273805]
    ],
    [
      [0.51489180472, 0.010718655625, 0.072716898444, 0.18957148119, 0.20612473931, 0.0059764207113],
      [0.021395602982, 0.17041355958, 0.20357925894, 0.5449588066, 0.045982882706, 0.01366988919],
      [0, 0.069790353514, 0.02005578963, 0.14271239303, 0.75519338774, 0.012248076081],
      [0.00011318527895, 0.039765826643, 0.015366686315, 0.91371039864, 0.012263994648, 0.018779908479],
      [0.060581202818, 0.3260694136, 0.055945446699, 0.25939363914, 0.17903022009, 0.11898007765]
    ],
    [
      [0.4561072676, 0.010187592997, 0.15619813259, 0.18571430031, 0.1917927065, 0],
      [0, 0.13647587792, 0.36951071934, 0.45900041128, 0.035012991465, 0],
      [0, 0.063225345909, 0.069946122221, 0.16801727313, 0.69881125874, 0],
      [0, 0.037783584119, 0.032485699249, 0.91846523411, 0.011265482522, 0],
      [0.0292618216, 0.37866647809, 0.1312283926, 0.2787812048, 0.18206210291, 0]
    ],
    [
      [0, 0, 0, 0.51987621176, 0.48012378824, 0],
      [0, 0, 0, 0.985680194, 0.014319805999, 0],
      [0, 0, 0, 0.0047732686665, 0.99522673133, 0],
      [0, 0, 0, 1, 0, 0],
      [0, -0, 0, 0.68368301899, 0.31631698101, -0]
    ],
    [
      [0.26273625894, 0.0044448000057, 0.18723103925, 0.22276260753, 0.29806665419, 0.024758640087],
      [0.0078929482926, 0.051671610235, 0.37878264343, 0.46836095732, 0.049756113924, 0.043535726794],
      [0, 0.020498355691, 0.042663422604, 0.13444462451, 0.76736665216, 0.035026945034],
      [5.9314842378e-05, 0.013886922481, 0.033760131047, 0.8719786044, 0.015073840384, 0.065241186849],
      [0.027212550682, 0.097410847764, 0.10776471739, 0.22674251957, 0.19349875716, 0.34737060744]
    ],
    [
      [0.46759975456, 0.0056089653832, 0.079886594973, 0.15594248309, 0.28587935422, 0.0050828477724],
      [0.020438354643, 0.10362655222, 0.24751122629, 0.52149706225, 0.093335212813, 0.013591591787],
      [0, 0.016370089971, 0, 0.023232174042, 0.95665958607, 0.0037381499169],
      [0.00016203517758, 0.026193940067, 0.021558195977, 0.91043896553, 0.02163650871, 0.020010354541],
      [0.078173369914, 0.19341867811, 0.072641423141, 0.25066842449, 0.29316370778, 0.11193439656]
    ],
    [
      [0.48431508117, 0.003728513099, 0.10706874832, 0.15078114297, 0.25010234989, 0.0040041645522],
      [0.027347905935, 0.067349814622, 0.33691809567, 0.4932122459, 0.064734789886, 0.010437147992],
      [0, 0.013958990928, 0.0093741697559, 0.052566421526, 0.92089038315, 0.0032100346431],
      [0.00016939989921, 0.01802582184, 0.029834084636, 0.91607350535, 0.01956095979, 0.016336228484],
      [0.088692351379, 0.14484050516, 0.10880529247, 0.27110864246, 0.28667799746, 0.099875211076]
    ],
    [
      [0.54451122218, 0.0041178128583, 0.10140721169, 0.12669383054, 0.21733752601, 0.0059323967264],
      [0.035645232849, 0.081585089755, 0.34941282234, 0.45437355379, 0.061974931271, 0.017008370005],
      [0.011331428116, 0.020295440828, 0.01688833361, 0.050755499115, 0.8930382261, 0.0076910722269],
      [0.00022812659078, 0.023261470212, 0.033097718008, 0.8952657556, 0.019893990034, 0.028252939552],
      [0.10310305936, 0.16097241902, 0.10447580119, 0.23076310187, 0.25252506223, 0.14816055633]
    ],
    [
      [0.47971698072, 0.0088897079948, 0.123851436, 0.13696941157, 0.24255170694, 0.0080207567792],
      [0.025290320205, 0.14465885324, 0.35114967684, 0.40349859148, 0.056566780677, 0.018835777563],
      [0.0009539220819, 0.042447797597, 0.018239758081, 0.049732683814, 0.87761407953, 0.011011758901],
      [0.00017530336814, 0.044588046672, 0.035801799756, 0.86579553199, 0.019685353926, 0.033953964287],
      [0.068806593408, 0.2689053624, 0.098007395041, 0.19184652693, 0.2164926279, 0.15594149432]
    ]
  ],
  "expected_outcome": [
    [
      [13.6104111947, 21.3879151272, 0, 0.88513884452, 2.2336514332, 6.4723323525, 15.1129745679, 35.3378947685, 25.1158039545, 40.1833594829, 22.7623532213, 7.0469333947, 1.9810276592, 0, 0, 13.2414417689, 48.0713251936, 16.7913965927, 45.9322755632, 36.6950574364, 8.4600751815, 19.1429170502, 27.6036839558, 56.2464214661, 30.8647115308, 24.4180777816, 8.5494954122, 42.525550368, 33.5648611352, 13.5585368814, 35.7334325635, 4.3618771074, 1.0297836094, 0.9122145352, 0, 2.8900988483, 81.3623572926, 11.6235619481, 94.2004414377, 17.2698113058],
      [0.18924680125, 0.36881860515, 0, 0.0085339912778, 0.0053057649451, 0.06537016217, 0.043181175266, 0.24540207124, 0.20295997581, 0.1447308516, 0.065188596062, 0.023911701647, 0.019048046016, 0, 0, 0.15550350129, 0.53023598863, 0.17122106528, 0.43929511812, 0.40420334203, 0.11342234502, 0.2585010832, 0.24208229753, 0.59424492033, 0.23440506889, 0.27856341268, 0.18751036638, 0.44185385943, 0.32414824738, 0.10820396101, 0.35072952013, 0.05566250848, 0.02143731125, 0.020375185994, 0, 0.048892800063, 0.97595997667, 0.089484314375, 0.71238162448, 0.32002948781],
      [2.0681880487, 3.5004756213, 0, 0.2382314814, 0.16410284645, 1.031633022, 2.0848211416, 5.042683694, 4.6475873168, 3.6749412188, 3.4580762863, 0.74557708662, 0.24831221076, 0, 0.29388133041, 2.1714613472, 7.9658430337, 2.9986563301, 7.2701671935, 6.3573096836, 1.4237640402, 2.3496853593, 3.965002553, 8.3558255785, 4.666696871, 3.0309124751, 1.4121217133, 6.9620274626, 4.846952701, 1.9188319183, 5.3510609173, 0.64450417364, 0.14543379689, 0.31239626517, 0, 2.0595414318, 13.9002675252, 2.5696499596, 17.5434476217, 4.4586516961],
      [4.3895213737, 5.3625862597, 0, 0.28592959141, 0.18746300754, 1.9015856487, 3.7091991009, 8.9549962951, 7.896700251, 8.8330641088, 6.3959831735, 1.4348314987, 0.24276650816, 0, 0.42263291835, 3.9752632728, 12.6129873078, 4.1061898021, 11.1803556413, 13.0391107149, 2.5468172772, 6.1249561223, 6.3686651704, 15.5963477679, 8.9912168314, 8.45075797, 3.4966888803, 13.7719775974, 8.2503833995, 2.9897060209, 9.341149981, 0.93851453621, 0.37914296238, 0.37142860063, 0, 2.4503886829, 27.1339920582, 3.6187474313, 21.9180326826, 4.9308988164],
      [8.5815295815, 13.2445850546, 0, 0.55198574714, 0.40470257921, 3.4673915511, 5.9864979685, 17.0897873845, 14.899441979, 16.7257290216, 10.9917925218, 2.7136891511, 0.49283729464, 0, 0.24021609173, 7.2925834787, 21.4535853739, 7.8000250735, 17.7852315668, 24.0191871595, 5.3337491564, 7.0380479521, 11.6354252569, 29.6959813477, 15.9068024073, 13.5580558754, 6.1812038153, 23.8355590221, 12.6956815164, 5.3330084883, 16.9256516639, 1.9635002974, 0.41224947862, 0.38358541301, 0, 3.278733196, 49.7430076349, 6.0024563974, 37.5993919999, 8.7318614498],
      [0.1611030001, 0.13561933198, 0, 0.030180344252, 0.0047743686031, 0.061687263479, 0.063326045796, 0.32923578652, 0.23750652292, 0.43817531645, 0.32660620114, 0.035057167271, 0.016008281186, 0, 0.043269659514, 0.16374663103, 0.3660231023, 0.13251113643, 0.39267491712, 0.48513166352, 0.12217199971, 0.085892432922, 0.18514076627, 0.51117891948, 0.33616729057, 0.26363248528, 0.17297981257, 0.46303169059, 0.31797300047, 0.091712730022, 0.29797535419, 0.035941376879, 0.011952841423, 0, 0, 0.27234504095, 0.88441551239, 0.096099949252, 1.0263046337, 0.28874724405]
    ],
    [
      [3.7995963124, 3.4274094, 0, 0.79198078605, 1.4825563626, 3.5979192454, 3.1470600252, 8.3860991935, 5.2051577163, 8.6095419764, 4.4458473187, 3.1307126407, 0.51825581428, 1.5954076603, 0, 5.5411595815, 17.5669204855, 13.0134738773, 25.1570081023, 7.5537829179, 1.9420992782, 5.4627994138, 11.1951228423, 17.8981571976, 10.0283127091, 7.5774416069, 0.21266479781, 10.4956177727, 13.9732834049, 5.6264113821, 7.4384254023, 1.1765676499, 0.3637252507, 0, 0, 1.3339082615, 15.124382436, 2.3519199104, 19.4979423685, 2.099096577],
      [22.3168272613, 31.435471555, 0, 3.1612595535, 1.2518433865, 12.3312590213, 2.795522547, 17.7481751303, 17.2825495871, 9.4466948556, 3.9039676528, 3.3375446952, 1.879531364, 1.0703563691, 0, 20.1931090303, 58.7705413548, 40.531819663, 72.9493027158, 38.8933570925, 11.9005157894, 22.6579239686, 29.9426041794, 59.6660303272, 23.1940755362, 31.3466646318, 10.8733465961, 38.6784519162, 41.0732512333, 13.8554515478, 22.2301483831, 4.9199277624, 2.8970305129, 1.3647587792, 0, 8.7325021297, 76.6836486399, 5.7920840575, 44.6270440957, 12.0066848187],
      [39.0796050308, 45.5242069169, 0, 15.3566828633, 6.7618134384, 33.2535519689, 23.5050696848, 60.4976165995, 66.1185760407, 37.0595268549, 35.1538904442, 16.6119537321, 4.3439404441, 1.8458691039, 0.44273915754, 48.5338010957, 153.5501083909, 123.4560888166, 209.9367117567, 100.4224066203, 23.982732421, 35.830315622, 85.3053057008, 140.3373458857, 78.3568388433, 57.6246724297, 13.8570063817, 104.8709360962, 106.8093906201, 42.7718156842, 59.0247205363, 9.8660616416, 3.4608474019, 3.6951071934, 0, 64.0142667398, 183.1583074529, 28.9749562274, 191.1288138174, 29.1454231777],
      [93.6968262483, 80.2125007918, 0, 19.0833200123, 8.0010390208, 64.8580459714, 43.4145314869, 117.2045818289, 121.6872602534, 104.3669547274, 69.3122634686, 36.237086621, 4.3562737505, 3.6502137346, 0.51751228376, 93.4311139487, 253.0225551765, 175.9032192074, 336.0129018159, 227.0721009697, 48.3398384121, 97.1072030806, 142.5533455104, 283.4412320526, 160.9969500023, 175.2163058775, 36.674884171, 218.176449069, 189.1808715713, 69.2442812479, 107.1485036341, 15.0068258872, 9.2642997123, 4.5900041128, 0.985680194, 79.1530017878, 385.9078260678, 42.4162531472, 248.5423339205, 33.4903830926],
      [19.3601686365, 27.7287012573, 0, 2.8923285861, 1.3421326625, 10.2793413123, 5.5466113039, 20.7205191366, 22.7819304973, 20.3820625085, 10.3579980237, 6.9765678593, 0.67805516175, 0.83815313211, 0.013192133094, 14.226336725, 34.2195518655, 26.5577696078, 42.507621019, 43.3043921997, 10.9838484888, 8.8539452431, 20.691808644, 49.2299058726, 24.6123745043, 21.9438317666, 6.4857782554, 32.9143577659, 23.1351011022, 9.8051761036, 15.4268485596, 2.5715996221, 0.781709006, 0.35012991465, 0.014319805999, 8.4087832531, 69.0680574813, 5.5671919302, 33.900287405, 4.6950427962],
      [2.7469765107, 1.671710079, 0, 1.7144281988, 0.16061512917, 1.6798824808, 0.59120495215, 3.4430081112, 2.9245259053, 4.1352190772, 2.826033092, 0.70613445163, 0.22394346533, 0, 0.026556425602, 3.0744796189, 5.8703227268, 4.5376288277, 9.4364545902, 6.7539601999, 1.8509656105, 1.0878126718, 3.3118131231, 7.4273286644, 4.8114484047, 4.2910836874, 1.8963197981, 5.8641873801, 5.8281020683, 1.6968640344, 2.7313534846, 0.45901743682, 0.23238811624, 0, 0, 7.3575378282, 10.0577779221, 0.89759472728, 9.303578393, 1.5633695378]
    ],
    [
      [0, 0, 3.3306690739e-16, 0, 1.3425798341, 0, 1.6696830868, 0.87338574849, 0, 3.5602075016, 0.63022260247, 0.5087123987, 0.60088034209, 0.16348225169, 0, 0, 3.7734223733, 1.7376945634, 6.9587088776, 0, 0, 0.57351221318, 2.8262221055, 0, 0.041348839986, 0, 0, 0, 4.5433397032, 2.1095268477, 1.5644027455, 0.10137103183, 0, 0, 0, 0, 0, 0, 13.2804337524, 0.28903839082],
      [14.2170752639, 18.2974474102, 0.46154278766, 0.78375114464, 0.4954995847, 2.0820589281, 1.0414822555, 6.2827020889, 5.087789405, 3.3021387825, 1.9342023065, 1.554409007, 1.7662213734, 0.35838447792, 0, 13.7240277488, 22.3349614415, 13.9722552662, 22.5981087619, 14.747012962, 5.0740825093, 7.2365889953, 8.2713845405, 20.9920339768, 11.2683666434, 12.9265411154, 6.9541029415, 15.2369585024, 12.6496740264, 6.3249630203, 14.0506226539, 3.6538809248, 2.58224308, 1.3277322641, 0, 5.2065823455, 43.4134786039, 3.2384858953, 23.786256651, 12.8616826718],
      [0, 0, 0, 0.40385098852, 0, 0, 0.34312233413, 0, 0, 0, 0, 0, 0.60574612033, 0, 0.21076520412, 0, 8.6091334985, 3.9574656973, 15.6309510829, 0, 0, 3.6338495075, 1.1222570749, 0, 0, 0, 0, 0, 7.4025501531, 1.5384762989, 0.38005151209, 0, 0.7420642163, 1.4688685666, 0, 10.8365093415, 0, 2.1748073834, 19.7931269913, 5.5266466984],
      [11.900991815, 0, 0.49072408476, 1.358886774, 0.45481617198, 3.1156043509, 8.3876391487, 8.4840524929, 8.4325209632, 4.4229549388, 13.0232997351, 3.5659765661, 1.4209575234, 0, 0.90749840213, 19.2480402822, 42.4547778696, 17.3355368055, 57.8524975367, 20.638588358, 0.29851531458, 30.1085006742, 12.3089975759, 19.8581104758, 26.1873901494, 32.9531114504, 7.1345554697, 32.924529987, 33.0686601759, 11.1883459467, 21.8245454028, 2.4376162481, 5.2803585421, 3.5283627357, 0.014319805999, 34.1489346251, 61.6117255591, 12.1954097941, 59.4854449629, 15.0690031956],
      [776.7504546407, 882.1431469917, 1.8348463517, 41.8324805677, 44.6269560439, 133.3371563764, 179.2913085092, 561.3552414026, 511.380234484, 589.2569686407, 389.1276231255, 273.0401565336, 32.1568847119, 15.4781332704, 2.6974540653, 684.1682318012, 799.8310376676, 622.387635435, 697.5978296037, 1089.1662007514, 295.1984373239, 129.7954003853, 417.926903727, 1266.5674284251, 877.4106870641, 704.6754732352, 218.3661299692, 904.7460754033, 371.8402020986, 309.4978272967, 723.130740817, 134.194279601, 27.9421553466, 14.6750364335, 2.985680194, 194.9111296492, 2537.0612222573, 213.64656889, 1046.6408009925, 265.9170660964],
      [3.1314782804, 1.5594055981, 1.2128867759, 0.6210305251, 0.080148365345, 0.46518034463, 0.26676466565, 2.0046182671, 1.0994551478, 2.4577301364, 2.2846522304, 0.3307454947, 0.44930992899, 0, 0.1842823285, 3.8597001679, 3.9966671495, 2.6094122325, 5.3619041371, 4.4481979286, 1.4289648522, 0.65214822455, 1.5442349762, 4.5824271223, 4.0922073031, 3.444874199, 1.5452116196, 4.0924361072, 3.4955738427, 1.3408605897, 3.0496368688, 0.61285219427, 0.45317881501, 0, 0, 8.8968440387, 9.9135735797, 0.74472803721, 9.01393665, 3.3365629469]
    ],
    [
      [0.011290606014, 0.014446112851, 0, 0.0018229563677, 0.0025641702836, 0.0086746048412, 0.0065808342131, 0.017130409958, 0.016935897278, 0.013248847545, 0.010487579212, 0.010610803371, 0.00062952618811, 0.0011458983789, 0, 0.01385941375, 0.047361289495, 0.031046156182, 0.083345328856, 0.030180723465, 0.0092051102064, 0.01304882619, 0.023804808246, 0.045540472519, 0.02959410685, 0.033385040993, 0.0051411210382, 0.035190941618, 0.031472418931, 0.022687144895, 0.025972011249, 0.0026650240592, 0.00067911167372, 0, 0, 0.0071770959278, 0.061249297126, 0.0089781946581, 0.029200203619, 0.0026295505221],
      [2.1454665511, 3.3876208919, 0, 0.28432371597, 0.098714707103, 1.2217612146, 0.25982849106, 1.6144527989, 1.8595626336, 0.6473303334, 0.40992245199, 0.50368099863, 0.10077430133, 0.034746485219, 0, 2.2255482899, 7.0595202013, 4.308638165, 10.7689673614, 4.497686233, 1.7087158873, 2.4094506744, 2.8360218472, 6.4957229287, 3.0491335348, 5.1723570229, 1.564035687, 4.9454282741, 4.1210620304, 2.4880375417, 3.4570908451, 0.49502974194, 0.23859495986, 0.15113433648, 0, 1.6803176202, 9.9013093453, 0.9553685575, 2.9774681871, 0.66882070008],
      [1.3535314072, 1.8563713343, 0, 0.45530487672, 0.17409059996, 1.1119169921, 0.72269216799, 1.9154734193, 2.4587720947, 0.94892030309, 1.2545933387, 0.90482210598, 0.074455737015, 0.020464824908, 0, 1.7940682338, 6.1274353707, 4.3585678959, 10.2979381823, 4.0865519863, 1.2367952721, 1.2639318893, 2.6825384056, 5.2773223226, 3.5059676889, 3.2503266207, 0.67860436547, 4.5013974409, 3.5593498616, 2.5458864306, 3.0456106172, 0.32893827616, 0.092200117891, 0.12994279699, 0, 4.0849758566, 8.1489980794, 1.5812064857, 4.236507905, 0.53702699634],
      [62.3736016712, 61.7204641006, 0, 12.1103152898, 4.5284386311, 44.6367097957, 28.1066856122, 73.8053059504, 90.6186875899, 49.5262067389, 50.4735922949, 38.0329561537, 1.7105479834, 0.91845636952, 0, 71.2996668258, 210.0292198933, 129.3102744939, 342.6701282336, 181.5037178048, 48.192083206, 71.576792651, 93.4209609689, 213.2106319868, 146.3758585172, 196.3381977899, 36.7007075143, 192.826132901, 131.2650680842, 86.1794798774, 115.2922033813, 10.6212265228, 5.4822623918, 3.6738609364, 0, 105.5094111321, 344.1459289693, 48.5518957836, 114.5940167173, 12.9869329799],
      [1.5758936128, 1.9707590441, 0, 0.29570827048, 0.12091562644, 1.0479092577, 0.58248978642, 1.8210043311, 2.2110309357, 1.2116660422, 1.1190709119, 0.92491725842, 0.041754174098, 0.025186421971, 0, 1.6905611252, 4.6279577834, 3.1796467977, 7.0642900238, 4.3304900591, 1.300473472, 1.0614718, 2.2077005494, 5.2600098487, 3.3521669112, 4.0782509836, 0.83405087798, 4.3223676809, 2.6143152086, 1.9851840696, 2.7025771444, 0.28194251373, 0.073583967888, 0.045061930086, 0, 1.8239346864, 8.1786002923, 1.0367308689, 2.5464307243, 0.29528030889],
      [1.5402161517, 1.0503385164, 0, 0.85252489064, 0.075276265085, 0.97302813506, 0.32172310806, 1.8266330905, 1.8350108489, 1.6526277349, 1.7323334233, 0.62301267988, 0.071838277994, 0, 0, 1.9762961115, 4.1085054617, 2.8118264912, 8.1153308701, 4.5513731933, 1.5527270523, 0.67530415921, 1.8289734207, 4.7107724408, 3.687279241, 4.127482542, 1.2174604343, 4.3694827615, 3.4087323963, 1.7787249359, 2.4765460007, 0.27019792132, 0.11267945088, 0, 0, 7.8941836087, 7.5639140166, 0.86582010967, 3.6163762627, 0.50930946431]
    ],
    [
      [6.5787018869, 10.1702293599, 0, 0.32105741307, 1.9386481998, 2.9210737972, 3.063701486, 8.3854898795, 8.6621024319, 12.6336421916, 6.1510892783, 6.3030307625, 0.8992066582, 1.2399641896, 0, 7.2035392358, 18.5409706581, 9.4263888104, 21.868662128, 10.7209789222, 3.5886204301, 5.8077224966, 11.3511662881, 19.8098808638, 9.0360328132, 8.9710955706, 2.2326986689, 11.9436409177, 11.8870433378, 6.6828377438, 11.2377672776, 1.3575191868, 0.60581202818, 0.0877854648, 0, 1.7688157943, 23.4520109742, 3.0155399469, 22.9919822378, 2.3394241759],
      [19.1313841224, 36.5106415378, 0.53845721234, 0.76213159463, 1.1486365567, 6.2995506739, 1.8599855312, 12.1092679107, 14.5671383984, 9.4591051769, 3.6867189926, 4.5804535975, 2.2344249153, 0.53651266778, 0, 17.7018114297, 42.3047410137, 20.0160658404, 43.2443260428, 24.4577403705, 10.2032634689, 16.4375352785, 20.7079071354, 43.251967847, 14.2540192168, 21.2758738172, 10.4210044091, 25.6973074478, 23.8318644626, 11.2233439292, 22.9114085977, 3.8754990624, 3.260694136, 1.1359994343, 0, 6.3317051047, 58.0256034342, 4.9245771753, 35.8968494417, 9.1427823216],
      [5.4986755133, 9.1189461275, 0, 0.54592979009, 0.89999311521, 2.602898017, 2.3442946715, 6.5442262872, 8.7750645478, 6.3166116233, 5.1334399308, 3.7376470753, 0.72754548782, 0.13366607118, 0.052614307932, 6.5006693233, 16.7474797062, 9.22922126, 18.8642317847, 10.1337317097, 3.3567082667, 3.9222176219, 8.9248962657, 16.0295062132, 7.4704965967, 6.0940884745, 2.0522675396, 10.6656390003, 9.3817566641, 5.224989668, 9.1985564171, 1.1604959086, 0.55945446699, 0.3936851778, 0, 7.0047066303, 21.7924269424, 3.6993799439, 23.2981036647, 3.3322514314],
      [20.6390588918, 24.7044488479, 0.50927591524, 1.1615483324, 1.8282431685, 8.4880542334, 7.3819446512, 20.5510634327, 26.3648309426, 26.8508194861, 16.794861328, 12.7291491605, 1.2694542346, 0.4313298959, 0.15235639577, 21.0459156706, 46.8804597528, 22.3447796911, 51.2841167725, 36.7464821526, 10.6227457901, 18.082547472, 25.3480307744, 52.893677717, 25.4485844996, 30.0416269123, 8.9931639648, 37.3009104457, 28.2350167691, 14.3981869072, 28.3935976008, 2.9958168057, 2.5939363914, 0.83634361441, 0, 14.7382637721, 75.2005273457, 9.2176938438, 51.4601717167, 6.5227819155],
      [25.7319535285, 38.9128076523, 0.16515364827, 1.4274968286, 2.505293088, 9.8682015025, 7.5930924319, 25.0134477452, 31.7273621041, 32.4235737871, 18.4035154172, 15.3446691976, 1.6304686577, 0.65852717553, 0.049137709919, 24.6222868699, 50.8678673096, 27.074923086, 52.0450277866, 43.1797298303, 14.1834915588, 13.2511346195, 29.5381618227, 64.246674506, 28.7179691131, 30.7443881391, 10.1328370822, 41.1816401278, 27.7147000742, 16.3788040418, 32.8141818151, 3.9886779658, 1.7903022009, 0.54618630873, 0, 12.5774192151, 87.9491123343, 9.7470519135, 56.3130888783, 7.3607493487],
      [10.4202260572, 8.5829264745, 1.7871132241, 1.7818360412, 0.6791858718, 3.8202217761, 1.7569812283, 10.3965047447, 10.9035015751, 18.316247735, 11.8303750531, 4.3050502065, 1.2389000465, 0, 0.74589158638, 11.9257774707, 18.6584815597, 9.9086213121, 24.6936354854, 18.7613370147, 7.0451704853, 3.4988425115, 10.1298377138, 23.768292853, 13.0728977606, 12.8729270863, 6.1680283354, 17.2108620606, 14.9496186922, 6.0918377099, 12.4444882917, 1.6219910707, 1.1898007765, 0, 0, 22.5790894835, 33.5803189692, 3.3957571766, 33.0398040607, 5.3020108069]
    ]
  ],
  "prob": [
    [0.51004477749, 0.0050623318269, 0.082560538792, 0.14277445049, 0.25432347441, 0.0052344269929],
    [0.032949280164, 0.098532911423, 0.27939204017, 0.50306373452, 0.071310651776, 0.014751381952],
    [0.001378710876, 0.018110486934, 0.0012366278448, 0.032186655197, 0.94216592556, 0.0049215935887],
    [0.00019304535126, 0.025727515756, 0.024254174632, 0.90645154581, 0.020951044888, 0.022422673562],
    [0.090942960496, 0.18546345655, 0.079835931855, 0.24403244417, 0.27734541462, 0.12237979231]
  ],
  "iterations": 129,
  "time": 0.000334,
  "message": "Converged",
  "status": 0,
  "miniter": 0,
  "maxiter": 1000,
  "maxtime": 3600,
  "param_threshold": 0.001,
  "ll_threshold": "-Inf",
  "initial_prob": "random",
  "adjust_prob_cond_method": "lp",
  "adjust_prob_cond_every": false,
  "candidates_id": ["SUMMERHAYS, Karen Mary.c", "BALDOCK, Larry David.c", "PANKHURST, Anne Marie.c", "PETERS, Winston Raymond.c", "BRIDGES, Simon Joseph.c", "Other candidates votes.c"],
  "group_id": ["Green Party.p", "Labour Party.p", "National Party.p", "New Zealand First Party.p", "Other parties votes.p"]
}
