{
  "X": [
    [28, 35, 356, 413, 44],
    [15, 9, 114, 118, 8],
    [14, 6, 81, 61, 6],
    [17, 18, 118, 74, 5],
    [32, 41, 305, 347, 20],
    [8, 21, 130, 199, 13],
    [2, 2, 6, 13, 0],
    [11, 6, 51, 53, 5],
    [5, 5, 87, 78, 10],
    [9, 14, 128, 176, 16],
    [5, 0, 22, 19, 5],
    [7, 6, 23, 66, 3],
    [15, 13, 172, 100, 10],
    [8, 6, 48, 52, 6],
    [19, 21, 99, 147, 5],
    [24, 31, 58, 274, 15],
    [40, 22, 108, 303, 15],
    [19, 33, 105, 250, 16],
    [42, 35, 115, 418, 26],
    [23, 33, 161, 252, 12],
    [4, 0, 10, 30, 1],
    [32, 17, 171, 248, 23],
    [15, 14, 31, 243, 21],
    [14, 9, 228, 88, 24],
    [27, 26, 362, 302, 22],
    [67, 37, 639, 450, 28],
    [65, 59, 322, 633, 42],
    [46, 42, 268, 466, 45],
    [38, 43, 271, 436, 14],
    [37, 31, 257, 412, 36],
    [28, 34, 67, 301, 7],
    [22, 27, 152, 204, 9],
    [1, 6, 33, 69, 4],
    [27, 38, 297, 483, 28],
    [22, 23, 167, 318, 13],
    [24, 25, 279, 399, 21],
    [10, 23, 167, 258, 21],
    [11, 10, 115, 181, 7],
    [16, 27, 113, 223, 12],
    [67, 70, 519, 691, 54],
    [16, 37, 227, 322, 11],
    [16, 23, 188, 300, 16],
    [18, 33, 157, 304, 17],
    [2, 0, 9, 18, 3],
    [2, 1, 3, 12, 0],
    [467, 582, 4177, 6523, 460],
    [96, 71, 322, 741, 38],
    [144, 115, 612, 1045, 70],
    [50, 5, 172, 173, 18]
  ],
  "W": [
    [29, 62, 269, 432, 66, 18],
    [9, 20, 79, 129, 22, 5],
    [9, 20, 36, 88, 11, 4],
    [15, 35, 21, 131, 24, 6],
    [28, 46, 188, 362, 93, 28],
    [14, 29, 89, 174, 51, 14],
    [0, 1, 11, 9, 2, 0],
    [5, 7, 47, 57, 6, 4],
    [21, 13, 43, 97, 8, 3],
    [13, 24, 101, 160, 33, 12],
    [2, 3, 12, 24, 6, 4],
    [3, 8, 53, 28, 11, 2],
    [16, 24, 43, 191, 26, 10],
    [4, 8, 32, 60, 11, 5],
    [14, 20, 82, 128, 39, 8],
    [12, 29, 241, 81, 25, 14],
    [17, 45, 233, 123, 48, 22],
    [15, 32, 182, 129, 51, 14],
    [24, 66, 335, 133, 56, 22],
    [13, 46, 139, 199, 61, 23],
    [0, 7, 15, 18, 5, 0],
    [40, 87, 117, 195, 44, 8],
    [10, 20, 194, 53, 28, 19],
    [19, 13, 57, 251, 13, 10],
    [23, 61, 147, 420, 66, 22],
    [64, 122, 212, 718, 83, 22],
    [42, 99, 392, 421, 135, 32],
    [47, 80, 272, 351, 91, 26],
    [28, 72, 251, 344, 87, 20],
    [26, 57, 268, 322, 70, 30],
    [15, 41, 231, 94, 42, 14],
    [14, 38, 107, 180, 59, 16],
    [5, 10, 46, 40, 10, 2],
    [26, 68, 245, 386, 107, 41],
    [16, 52, 197, 209, 51, 18],
    [37, 60, 214, 343, 75, 19],
    [27, 36, 133, 208, 56, 19],
    [15, 29, 81, 144, 48, 7],
    [20, 31, 119, 142, 63, 16],
    [62, 110, 393, 653, 140, 43],
    [19, 46, 152, 293, 87, 16],
    [20, 48, 161, 236, 61, 17],
    [30, 65, 144, 203, 62, 25],
    [1, 6, 8, 15, 0, 2],
    [1, 4, 8, 3, 1, 1],
    [518, 898, 4217, 4917, 1311, 348],
    [32, 129, 571, 372, 108, 56],
    [49, 196, 685, 767, 199, 90],
    [15, 87, 83, 203, 15, 15]
  ],
  "method": "mult",
  "cond_prob": [
    [
      [2.8173921152e-05, 0.0096211787444, 0.32358320792, 0.41160092316, 0.25516651626],
      [0.24512161457, 0.011059768639, 0.067945773059, 0.66265362814, 0.013219215597],
      [0.0027837733123, 0.024760786589, 0.01404522872, 0.90050574241, 0.057904468966],
      [0.021186341244, 0.035785710719, 0.78284930113, 0.12122949063, 0.038949156269],
      [0, 0.1384608772, 0.003996139976, 0.8556661651, 0.0018768177195],
      [0.16112824525, 0.15426575791, 0.0094799547984, 0.49432759582, 0.18079844623]
    ],
    [
      [0.00049189230557, 0.0089212217277, 0.38592690588, 0.42978425756, 0.17487572252],
      [0.37735603023, 0.0079570185786, 0.066898354952, 0.54095669657, 0.0068318996698],
      [0.0090909997069, 0.021936629, 0.029889873363, 0.90185680292, 0.037225695012],
      [0.041065171204, 0.027985615142, 0.8262363589, 0.083222612727, 0.021490242031],
      [0.00090956649942, 0.12566702083, 0.0085462260932, 0.86385941828, 0.0010177683],
      [0.2825691679, 0.13055122608, 0.01097669616, 0.4650992152, 0.11080369467]
    ],
    [
      [0.00073831148807, 0.0097749293279, 0.40133149054, 0.39124445012, 0.19691081852],
      [0.41951989882, 0.0085807013409, 0.074619274441, 0.48988878481, 0.0073913405841],
      [0.010496984911, 0.026057459223, 0.031774972268, 0.88729244979, 0.044378133812],
      [0.045286587534, 0.029538831531, 0.84771174875, 0.054928962132, 0.02253387005],
      [0.0010371578378, 0.14839227031, 0.0095527021275, 0.8398793333, 0.0011385364208],
      [0.30710933103, 0.14265273226, 0.01200462028, 0.4165186816, 0.12171463484]
    ],
    [
      [0, 0.020891332487, 0.42284421894, 0.42415672161, 0.13210772697],
      [0.34452194367, 0.019740622716, 0.079932065763, 0.55078078934, 0.0050245785107],
      [0.005901056081, 0.052334519624, 0.018642125071, 0.89537424522, 0.027748054009],
      [0.026465038758, 0.062159784414, 0.8256673604, 0.071980777163, 0.013727039264],
      [0, 0.2541522636, 0.0099220497786, 0.7354586048, 0.00046708182359],
      [0.22514828609, 0.27568287017, 0.011279396749, 0.41282901264, 0.075060434356]
    ],
    [
      [0.00021433300052, 0.012583659176, 0.37274790648, 0.4629296101, 0.15152449124],
      [0.3038549075, 0.011906910153, 0.06485844223, 0.61306207817, 0.0063176619497],
      [0.005302406036, 0.029465670893, 0.01634077344, 0.91830375236, 0.03058739727],
      [0.030189882377, 0.041092939526, 0.7946924919, 0.11479813606, 0.01922655013],
      [0.00022908650418, 0.15740380026, 0.0058073790453, 0.83579884806, 0.000760886129],
      [0.2167777904, 0.18022128627, 0.010312019607, 0.49677827688, 0.095910626847]
    ],
    [
      [0, 0.011963076012, 0.30374290662, 0.49428591102, 0.19000810634],
      [0.1522733738, 0.013388576436, 0.055303199773, 0.76975367692, 0.0092811730757],
      [0, 0.017612724395, 0, 0.94611350564, 0.036273769962],
      [0.012488898322, 0.054220727836, 0.71301999839, 0.19175653296, 0.028513842491],
      [0, 0.1341996297, 0, 0.86479103051, 0.0010093397901],
      [0.10078598942, 0.18558057071, 0.0055947709926, 0.57736138012, 0.13067728876]
    ],
    [
      [0.00095249607051, 0.030801794479, 0.39180572325, 0.5764399862, 0],
      [0.71629161081, 0.0097551331285, 0.019140788232, 0.25481246783, 0],
      [0.014630183388, 0.058674479151, 0, 0.92669533746, 0],
      [0.12452875793, 0.084169413525, 0.66453991242, 0.12676191613, 0],
      [0.0010087752771, 0.29365043725, 0, 0.70534078748, 0],
      [0.5170391309, 0.21909753196, 0.0039987434078, 0.25986459374, 0]
    ],
    [
      [0.0018043540196, 0.013478221989, 0.39357845148, 0.38279589587, 0.20834307664],
      [0.53971111685, 0.0097829274352, 0.055757416244, 0.388400762, 0.0063477774641],
      [0.025738349317, 0.036189397071, 0.04572428623, 0.84619252699, 0.046155440393],
      [0.077304551598, 0.041271945843, 0.8140830356, 0.044194199134, 0.02314626782],
      [0.0023544565162, 0.19577669452, 0.0078516246648, 0.7928400364, 0.0011771878963],
      [0.39570295346, 0.15901641388, 0.010730399646, 0.33001421228, 0.10453602073]
    ],
    [
      [0, 0.0070696294377, 0.34664909422, 0.43433464219, 0.21194663415],
      [0.21983381754, 0.0086531348779, 0.071337532924, 0.68955027824, 0.010625236424],
      [0.0020361399892, 0.018969128969, 0.014680755622, 0.91884779946, 0.045466175964],
      [0.016452443873, 0.027356428043, 0.80513625842, 0.12038382896, 0.030671040708],
      [0, 0.10940105513, 0.0039689610395, 0.8851870543, 0.0014429295365],
      [0.15290643227, 0.1315308405, 0.010579948864, 0.54854522575, 0.15643755261]
    ],
    [
      [0, 0.0089989236237, 0.31457644452, 0.44456092423, 0.23186370763],
      [0.19702021613, 0.01045679745, 0.063754156342, 0.71687873078, 0.011890099302],
      [0.001308550227, 0.022029874259, 0.0024187596083, 0.92516826602, 0.049074549882],
      [0.016009577783, 0.034568316869, 0.76261759308, 0.15125973788, 0.035544774391],
      [0, 0.12373539628, 0.00052542874315, 0.87412108364, 0.0016180913353],
      [0.13148489957, 0.14940289814, 0.0083298089338, 0.54383914645, 0.16694324691]
    ],
    [
      [0.0014800125246, 0, 0.3121718832, 0.279137757, 0.40721034727],
      [0.52900827048, 0, 0.061833631991, 0.39173505289, 0.017423044634],
      [0.018760221842, 0, 0.042200497798, 0.82129126144, 0.11774801892],
      [0.068046864137, 0, 0.85396629512, 0.011982872824, 0.066003967915],
      [0.0042876762108, 0, 0.019296857267, 0.97050808244, 0.0059073840857],
      [0.38151042621, 0, 0.018194284368, 0.32509668692, 0.2751986025]
    ],
    [
      [0.00096498729613, 0.015599081485, 0.35607222308, 0.45851271249, 0.16885099566],
      [0.45718157079, 0.011676550858, 0.047102932157, 0.47879085776, 0.0052480884377],
      [0.019033103832, 0.036720816663, 0.0083097394859, 0.90382897513, 0.032107364885],
      [0.058966239615, 0.050870522416, 0.75262121371, 0.11711228179, 0.020429742463],
      [0.0025067302627, 0.19264241416, 0.0024378937421, 0.80166387169, 0.00074909014385],
      [0.32613461328, 0.18507294105, 0.0071664327924, 0.39687641986, 0.084749593026]
    ],
    [
      [1.0100165443e-06, 0.010298298151, 0.39981715867, 0.4123948512, 0.17748868197],
      [0.31696009612, 0.010398627254, 0.077829587174, 0.58697974169, 0.0078319477632],
      [0.0052270434864, 0.026669502168, 0.022113481286, 0.90666954303, 0.039320430028],
      [0.02568713325, 0.03132411054, 0.85031408381, 0.071475294034, 0.021199378366],
      [0, 0.14754978107, 0.0093670021138, 0.84205791501, 0.0010253018097],
      [0.22619362122, 0.16196721614, 0.013060361112, 0.47820912793, 0.1205696736]
    ],
    [
      [0.00064326113664, 0.011098638398, 0.3242234897, 0.40233729695, 0.26169731381],
      [0.40846054125, 0.010170355392, 0.053799491652, 0.51716510977, 0.010404501934],
      [0.010630069205, 0.028879265976, 0.012303908938, 0.89048566245, 0.057701093434],
      [0.049655775775, 0.040225983151, 0.7633019791, 0.10957353272, 0.037242729253],
      [0.0013785794131, 0.16108528329, 0.0037010204164, 0.83200034149, 0.0018347753855],
      [0.27901389816, 0.15292179736, 0.0080310103223, 0.40627460316, 0.153758691]
    ],
    [
      [0.0011347321486, 0.018579571845, 0.36340176623, 0.51277928017, 0.10410464961],
      [0.40916997225, 0.013812497355, 0.045564142234, 0.52822817417, 0.0032252139953],
      [0.010875143281, 0.040310498143, 0, 0.93038317767, 0.018431180903],
      [0.05889825173, 0.060324488523, 0.72617973662, 0.14255607699, 0.012041446143],
      [0, 0.19895990426, 0, 0.80080321057, 0.00023688516817],
      [0.29624704182, 0.20965055029, 0.0062607676717, 0.43582536976, 0.052016270465]
    ],
    [
      [0.00076227218417, 0.023740381946, 0.30463760931, 0.47536153952, 0.19549819705],
      [0.41154419133, 0.018869963904, 0.040622912594, 0.52222400227, 0.0067389299086],
      [0.0035932541461, 0.055414183217, 0, 0.9039150433, 0.037077519341],
      [0.091955256647, 0.084581448516, 0.65555169259, 0.14072874628, 0.027182855964],
      [0.0012273052658, 0.25584773587, 6.4089273287e-05, 0.74192127702, 0.00093959257448],
      [0.26507417971, 0.25469839869, 0.0046424922346, 0.38289854654, 0.092686382819]
    ],
    [
      [0.0014109576869, 0.011668922923, 0.37054859049, 0.45549218398, 0.16087934492],
      [0.43960577918, 0.0090167469564, 0.052932745874, 0.49301680149, 0.0054279265],
      [0.023164227305, 0.027359449374, 0.016919459216, 0.90015815409, 0.032398710019],
      [0.059653066151, 0.037521951469, 0.77213273373, 0.11049668561, 0.020195563033],
      [0.0033692899236, 0.14987066279, 0.0043958650824, 0.84152902578, 0.00083515641894],
      [0.33170162005, 0.1460059613, 0.0087790284887, 0.42497915161, 0.088534238558]
    ],
    [
      [0.00031116915378, 0.018921552635, 0.33803702335, 0.44162632909, 0.20110392578],
      [0.3259938848, 0.018307750844, 0.057641506466, 0.58959452317, 0.0084623347146],
      [0.0065602756165, 0.047393721091, 0.0073879025763, 0.89721836752, 0.041439733201],
      [0.034380448865, 0.066245376738, 0.74832642484, 0.1238365747, 0.027211174863],
      [0.00051473534798, 0.22674495575, 0.0019646691268, 0.76969092635, 0.0010847134174],
      [0.20773061289, 0.24250179302, 0.0075722317606, 0.42754871816, 0.11464664417]
    ],
    [
      [0.00080300622977, 0.014877102688, 0.33887988445, 0.44108068059, 0.20435932604],
      [0.38249189733, 0.013198056098, 0.053487467856, 0.54286424393, 0.0079583347866],
      [0.014214380053, 0.036482461562, 0.0087320166851, 0.89802501203, 0.042546129674],
      [0.04599536884, 0.051422299521, 0.75260573645, 0.12213533456, 0.027841260628],
      [0.0015574176492, 0.18792888384, 0.0026197626487, 0.80672295126, 0.0011709846025],
      [0.26226572113, 0.19032135812, 0.0076461203934, 0.42391635322, 0.11585044714]
    ],
    [
      [0.00012848435993, 0.015827995397, 0.35839799706, 0.4790542607, 0.14659126248],
      [0.27800050098, 0.015319445656, 0.060628127401, 0.63994946171, 0.0061024642546],
      [0.0038141044908, 0.036603880773, 0.0070571051606, 0.92408767467, 0.02843723491],
      [0.026728114945, 0.053862855762, 0.76528041977, 0.13519833715, 0.018930272373],
      [0, 0.18492893265, 0.0014606883555, 0.81292679687, 0.0006835821269],
      [0.18961962001, 0.21748821495, 0.0083082189877, 0.49536647354, 0.089217472506]
    ],
    [
      [0.00034448501161, 0, 0.2421069277, 0.55749325159, 0.2000553357],
      [0.37295830478, 0, 0, 0.62181459805, 0.0052270971714],
      [0, 0, 0, 0.97096356858, 0.029036431421],
      [0.077182881476, 0, 0.55555555556, 0.33812043347, 0.029141129504],
      [0, 0, 0, 0.99933529652, 0.00066470348332],
      [0.31016191555, 0, 0.0057655474631, 0.57122025814, 0.11285227885]
    ],
    [
      [0, 0.0090178344017, 0.33093777855, 0.43912599143, 0.22091839561],
      [0.28311568703, 0.0093868563628, 0.06145001524, 0.63543538738, 0.010612053989],
      [0.003919020125, 0.022488319381, 0.0098264589015, 0.91619179865, 0.047574402944],
      [0.027316430547, 0.033302373696, 0.77470091835, 0.13181353089, 0.032866746517],
      [0, 0.12650260603, 0.002909145235, 0.86893448972, 0.0016537590169],
      [0.19796323966, 0.14142740208, 0.0089950465922, 0.50261064087, 0.1490036708]
    ],
    [
      [0.00031033672698, 0.010605582256, 0.22183814527, 0.46918229718, 0.29806363856],
      [0.33935922186, 0.0097486406719, 0.032758224687, 0.60591965484, 0.012214257946],
      [0, 0, 0, 0.94038697728, 0.059613022719],
      [0.073791590942, 0.13860418817, 0.53027300158, 0.20275507836, 0.054576140943],
      [0, 0.13224497294, 0, 0.86585830091, 0.0018967261499],
      [0.22625041451, 0.13947842889, 0.0011571036622, 0.46129782948, 0.17181622347]
    ],
    [
      [5.9861124539e-05, 0.0060917581258, 0.36809651258, 0.31449957447, 0.3112522937],
      [0.35175911815, 0.0074967912516, 0.082836022058, 0.5411726078, 0.016735460745],
      [0.0062539037021, 0.019675447301, 0.026646661115, 0.86109546184, 0.086328526044],
      [0.02681074083, 0.020141694695, 0.86925051926, 0.041778196465, 0.042018848753],
      [0.00034529981543, 0.11811332508, 0.0073529997236, 0.87150021539, 0.0026881599942],
      [0.23355367457, 0.10742592186, 0.013296896092, 0.40909927461, 0.23662423287]
    ],
    [
      [1.1675128139e-05, 0.0084362551914, 0.37084558476, 0.44941442494, 0.17129205998],
      [0.24027229824, 0.0089137682665, 0.074029659756, 0.66872406796, 0.008060205769],
      [0.0029902139939, 0.020312487641, 0.018410590198, 0.92234301872, 0.035943689449],
      [0.019209578204, 0.027807336397, 0.82274512257, 0.10763878192, 0.022599180917],
      [0, 0.1143455401, 0.0065800719192, 0.87804530434, 0.0010290836349],
      [0.17434258984, 0.13865471135, 0.0118704237, 0.55125444718, 0.12387782794]
    ],
    [
      [0.000189572752, 0.008538177031, 0.4028707326, 0.45724826436, 0.13115325325],
      [0.31691323266, 0.0079250135097, 0.072252383935, 0.5975652413, 0.0053441285933],
      [0.0057392936736, 0.020406223994, 0.019960694585, 0.92679292474, 0.027100863002],
      [0.030242737936, 0.026205229628, 0.83475950328, 0.093193710652, 0.015598818504],
      [0.00028603991845, 0.11399262607, 0.0066791328902, 0.87831889874, 0.00072330238273],
      [0.2440770704, 0.13108375903, 0.011732892559, 0.52452267057, 0.088583607436]
    ],
    [
      [0.00059344915815, 0.012570563308, 0.31806921386, 0.4644451532, 0.20432162048],
      [0.34985771866, 0.011296684747, 0.047541672197, 0.58315196256, 0.0081519618359],
      [0.0024325400075, 0.029450103563, 0, 0.92680709867, 0.041310257758],
      [0.051173918222, 0.046307217894, 0.72145909574, 0.15158104935, 0.029478718796],
      [0, 0.15548763137, 0, 0.84331152689, 0.0012008417435],
      [0.24504330417, 0.1663454683, 0.0062558801101, 0.46219370903, 0.12016163839]
    ],
    [
      [0.00040262668948, 0.011309474375, 0.29535230217, 0.44428172008, 0.24865387668],
      [0.31741595339, 0.011146524546, 0.047860314543, 0.61242997495, 0.011147232567],
      [0, 0.025742517434, 0, 0.92120111052, 0.053056372043],
      [0.042797302056, 0.045788266728, 0.71264399159, 0.15944986547, 0.039320574155],
      [0, 0.14703768337, 0, 0.85112567636, 0.0018366402719],
      [0.21407489433, 0.1585637381, 0.0058298301864, 0.46685845271, 0.15467308468]
    ],
    [
      [0.00026455867725, 0.014244278969, 0.35945877139, 0.51995901114, 0.10607337982],
      [0.2939998807, 0.012525957764, 0.053161519876, 0.63629871415, 0.0040139275097],
      [0.0023095216969, 0.030700140131, 0, 0.94777421196, 0.019216126209],
      [0.034770460677, 0.047932424401, 0.74696000259, 0.15691449495, 0.013422617384],
      [0, 0.15733383758, 0, 0.84223515477, 0.00043100765085],
      [0.21419362637, 0.19083790965, 0.007664203932, 0.52416341704, 0.063140843004]
    ],
    [
      [0.00027647144586, 0.0093052236556, 0.32037902343, 0.43742868113, 0.23261060034],
      [0.31229179688, 0.0092688979624, 0.056528583738, 0.61146450975, 0.010446211669],
      [0.0060118612194, 0.022737883662, 0.0038748435118, 0.9171800602, 0.050195351407],
      [0.034181868967, 0.034315570101, 0.75800896574, 0.13862121747, 0.03487237773],
      [0.00045740233274, 0.12794171903, 0.0013851090139, 0.86857997199, 0.001635797629],
      [0.21808068476, 0.13768167583, 0.0077904486171, 0.48441636794, 0.15203082286]
    ],
    [
      [0.00083491501938, 0.024385724209, 0.33188378089, 0.54627788003, 0.096617699855],
      [0.38693905083, 0.018009006471, 0.038009435302, 0.55410374274, 0.0029387646496],
      [0, 0.043637269593, 0, 0.94060141394, 0.01576131647],
      [0.089501303475, 0.10036845408, 0.64256941082, 0.15532428719, 0.012236544435],
      [0, 0.23352726141, 0, 0.76619265194, 0.00028008665597],
      [0.26498947599, 0.25520399517, 0.0044165587636, 0.43057695361, 0.044813016459]
    ],
    [
      [0.00025782893728, 0.015018202469, 0.38072140487, 0.47192676217, 0.13207580156],
      [0.31650387869, 0.013739508583, 0.064155738998, 0.60041059641, 0.005190277314],
      [0.0057666928106, 0.034736386152, 0.015963476044, 0.91768247123, 0.025850973763],
      [0.031997981347, 0.048257569204, 0.7889995105, 0.11471849997, 0.016026438976],
      [0.00031214927098, 0.17944668462, 0.0058311708886, 0.81387069502, 0.00053930020277],
      [0.22338458903, 0.20482085448, 0.0099962087474, 0.48235607776, 0.079442269992]
    ],
    [
      [0, 0.013974353227, 0.32998230842, 0.47032836465, 0.1857149737],
      [0.079749190282, 0.017483641712, 0.071234041478, 0.82159599639, 0.0099371301424],
      [0, 0.028700010092, 0, 0.93518233622, 0.036117653688],
      [0.0026190307451, 0.056267425729, 0.76549069474, 0.14974295655, 0.025879892237],
      [0, 0.17174101547, 0, 0.8272122559, 0.0010467286248],
      [0.048873433688, 0.23349208432, 0.0090601267279, 0.57608496292, 0.13248939235]
    ],
    [
      [0, 0.0094304620077, 0.32134053239, 0.49572065597, 0.17350834964],
      [0.20189741395, 0.0098160038484, 0.056098013617, 0.7241981064, 0.0079904621911],
      [0, 0.014996560707, 0, 0.95161977676, 0.033383662538],
      [0.019142931127, 0.040104599426, 0.73723698907, 0.17828224659, 0.025233233788],
      [0, 0.11108097795, 0, 0.88799323889, 0.00092578315657],
      [0.14345864479, 0.14749078863, 0.0062683768773, 0.58260299168, 0.12017919802]
    ],
    [
      [6.7662120457e-05, 0.010999714686, 0.34824216116, 0.50417768313, 0.1365127789],
      [0.251128872, 0.010496423819, 0.056620322526, 0.67604542705, 0.0057089546042],
      [0, 0.022926529338, 0, 0.95143477332, 0.025638697341],
      [0.027005819218, 0.039210023287, 0.75760948614, 0.15783899048, 0.018335680872],
      [0, 0.13022165992, 0, 0.86909342139, 0.00068491869319],
      [0.18311110252, 0.16252581799, 0.0079714470529, 0.55744616764, 0.088945464793]
    ],
    [
      [0, 0.0083117197677, 0.34228540664, 0.50131503153, 0.14808784206],
      [0.22204124689, 0.0083214425719, 0.059359321843, 0.70371948372, 0.0065585049719],
      [0.0015139183143, 0.018363335886, 0, 0.95178012979, 0.028342616013],
      [0.021043127497, 0.029478809827, 0.76561854068, 0.16333831565, 0.020521206352],
      [0, 0.10206216442, 0, 0.89713929547, 0.00079854010438],
      [0.16503968083, 0.1314490438, 0.0087747995817, 0.59140724252, 0.10332923327]
    ],
    [
      [0, 0.010482968787, 0.31435095645, 0.46813251805, 0.20703355671],
      [0.15547131642, 0.01215878816, 0.063046388358, 0.75861447141, 0.010709035653],
      [0, 0.022320876521, 0, 0.93561361392, 0.042065509555],
      [0.011761534552, 0.041905378969, 0.75048105308, 0.16448119739, 0.031370836017],
      [0, 0.13127316574, 0, 0.86737660247, 0.0013502317833],
      [0.10298070642, 0.17068162025, 0.0075155344789, 0.56992166291, 0.14890047595]
    ],
    [
      [0, 0.0070618206366, 0.34071208619, 0.52597721315, 0.12624888002],
      [0.22429481356, 0.0067856980674, 0.054240710218, 0.70943276722, 0.005246010935],
      [0, 0.012029485877, 0, 0.96505007107, 0.022920443058],
      [0.022800864649, 0.028819675674, 0.75178952361, 0.17951949932, 0.017070436745],
      [0, 0.078963983611, 0, 0.92049520836, 0.0005408080331],
      [0.1731608425, 0.11179922574, 0.0083781015987, 0.61902255616, 0.087639274005]
    ],
    [
      [5.2226621368e-05, 0.015192158959, 0.33505610993, 0.48548336257, 0.16421614192],
      [0.27659730897, 0.014616843476, 0.054276772575, 0.64770585508, 0.0068032199056],
      [0, 0.034295423106, 0, 0.93433222372, 0.031372353176],
      [0.031104059106, 0.056652960558, 0.73601346572, 0.15414539174, 0.022084122883],
      [0, 0.17169384527, 0, 0.8276417766, 0.0006643781312],
      [0.18797890603, 0.20627791701, 0.0063991074848, 0.49973994166, 0.099604127809]
    ],
    [
      [0.00028410351105, 0.01198927289, 0.32990302174, 0.45732866882, 0.20049493304],
      [0.3057590058, 0.011599495597, 0.055891067724, 0.61808298488, 0.0086674459994],
      [0.0057634232132, 0.028453898088, 0.0034588059694, 0.92098254807, 0.041341324663],
      [0.033548221785, 0.043110244538, 0.75134291475, 0.14323046857, 0.028768150359],
      [0.00043076899902, 0.15267284811, 0.00058233487727, 0.84507210777, 0.0012419402466],
      [0.21201332875, 0.16914302786, 0.0076798660417, 0.48536655223, 0.12579722512]
    ],
    [
      [0, 0.014123430159, 0.348165497, 0.52491812509, 0.11279294775],
      [0.19142699363, 0.014173336063, 0.058677980585, 0.73083724249, 0.0048844472302],
      [0, 0.028266001443, 0, 0.95138845085, 0.020345547709],
      [0.017237363737, 0.052421500219, 0.74252792568, 0.17303784355, 0.01477536682],
      [0, 0.15082753826, 0, 0.84874357765, 0.0004288840939],
      [0.13398816986, 0.20635960977, 0.0078116392043, 0.57851365779, 0.073326923373]
    ],
    [
      [0, 0.010011107532, 0.33377158349, 0.49407026977, 0.16214703921],
      [0.19747884422, 0.010484909301, 0.059550452739, 0.72500238912, 0.0074834046182],
      [0, 0.020444663151, 0, 0.94832735759, 0.031227979259],
      [0.017535564526, 0.038078955792, 0.75562991894, 0.16586527545, 0.022890285292],
      [0, 0.12034841604, 0, 0.87877436464, 0.00087721932546],
      [0.14015424996, 0.15747202884, 0.0080873957809, 0.58166671214, 0.11261961329]
    ],
    [
      [0, 0.014805898347, 0.31341775628, 0.51008321039, 0.16169313499],
      [0.18274253266, 0.015671378871, 0.049768233585, 0.74448449032, 0.0073333645657],
      [0, 0.019832849835, 0, 0.9501639446, 0.03000320557],
      [0.01518488526, 0.06675290558, 0.71058960358, 0.18432694552, 0.023145660052],
      [0, 0.15825249052, 0, 0.84100260213, 0.00074490734979],
      [0.12156814677, 0.21275035206, 0.004513704051, 0.5568749009, 0.10429289621]
    ],
    [
      [0, 0, 0.17704557155, 0.42043812131, 0.40251630714],
      [0.21944808119, 0, 0.0030956574186, 0.75714675641, 0.020309504975],
      [0, 0, 0, 0.9211214432, 0.078878556804],
      [0.027117181772, 0, 0.58695869893, 0.30253700893, 0.083387110364],
      [0.00021888310731, 0, 0.0019261035726, 0.99529265448, 0.0025623588361],
      [0.13827689312, 0, 0, 0.56482733032, 0.29689577656]
    ],
    [
      [0.00020057402198, 0.018644292222, 0.44229683919, 0.53885829457, 0],
      [0.40695455595, 0.015578524911, 0.02922731058, 0.54823960856, 0],
      [0, 0.0360696159, 0, 0.9639303841, 0],
      [0.032088947548, 0.046694933247, 0.81152564991, 0.10969046929, 0],
      [0.00021957932786, 0.22362534237, 0.000453372274, 0.77570170603, 0],
      [0.27549478022, 0.26677453883, 0.0057635964847, 0.45196708447, 0]
    ],
    [
      [0.00011452765324, 0.011399917545, 0.35035704594, 0.4444757074, 0.19365280146],
      [0.27875016574, 0.011643629325, 0.065589606027, 0.63514650049, 0.0088700984209],
      [0.0041086391203, 0.027594649852, 0.015565278409, 0.91166026428, 0.041071168336],
      [0.026848286509, 0.039449350432, 0.78534114132, 0.12146945211, 0.026891769629],
      [5.8394015997e-05, 0.14960536651, 0.0046220063501, 0.84449549753, 0.0012187355907],
      [0.1931244694, 0.17002049881, 0.0097556401256, 0.49864884579, 0.12845054588]
    ],
    [
      [0.00082843940863, 0.014873861062, 0.37353257844, 0.44751435947, 0.16325076162],
      [0.40064041655, 0.012545878344, 0.058864608707, 0.52194965674, 0.0059994396683],
      [0.016609991044, 0.035960896827, 0.021970688156, 0.89193554387, 0.0335228801],
      [0.049924911227, 0.047897136617, 0.77639277252, 0.10526698883, 0.020518190808],
      [0.0020573927636, 0.18537522161, 0.0051641300704, 0.80653868015, 0.00086457540514],
      [0.28593403435, 0.18810155885, 0.009505760784, 0.42477396299, 0.091684683028]
    ],
    [
      [0.00067682886833, 0.014012083261, 0.34288824219, 0.44647155993, 0.19595128575],
      [0.37825124837, 0.012394297535, 0.053656448095, 0.54801746951, 0.0076805364848],
      [0.012405063689, 0.033903664189, 0.0077199006517, 0.9051079758, 0.04086339567],
      [0.048491756912, 0.048413922404, 0.75394486995, 0.12238914321, 0.026760307524],
      [0.001859827513, 0.17702154905, 0.0021715216202, 0.81778774337, 0.0011593584471],
      [0.26409820946, 0.18110387655, 0.0076203589736, 0.43444747044, 0.11273008457]
    ],
    [
      [0.0009445328755, 0.0033825326718, 0.34244746378, 0.4147842699, 0.23844120077],
      [0.39084953023, 0.0029464116312, 0.05833196005, 0.53828454067, 0.0095875574196],
      [0.011387795367, 0.0086870069252, 0.011867184555, 0.91475185758, 0.053306155574],
      [0.05176445673, 0.01170435723, 0.79116023687, 0.11224777727, 0.033123171901],
      [0.0011714861361, 0.053752644775, 0.0037133390591, 0.9396798085, 0.001682721533],
      [0.30073192353, 0.052641895591, 0.0094802020704, 0.47610538805, 0.16104059076]
    ]
  ],
  "expected_outcome": [
    [
      [0.00081704371342, 0.0044270307501, 0.0066448033926, 0, 0.0060013240146, 0, 0, 0.0090217700981, 0, 0, 0.0029600250492, 0.0028949618884, 1.6160264709e-05, 0.0025730445466, 0.015886250081, 0.00914726621, 0.023986280677, 0.0046675373067, 0.019272149514, 0.0016702966791, 0, 0, 0.0031033672698, 0.0011373613662, 0.0002685279472, 0.012132656128, 0.024924864642, 0.018923454405, 0.0074076429631, 0.0071882575923, 0.012523725291, 0.003609605122, 0, 0, 0.0010825939273, 0, 0, 0, 0.0010445324274, 0.017614417685, 0, 0, 0, 0, 0.00020057402198, 0.05932532438, 0.026510061076, 0.033164614548, 0.014167993132],
      [0.27901418359, 0.080290995549, 0.087974363951, 0.3133699873, 0.35234245693, 0.16748306416, 0, 0.067391109946, 0.14846221819, 0.11698600711, 0, 0.046797244456, 0.16477277042, 0.044394553591, 0.26011400583, 0.28488458335, 0.19837168969, 0.28382328953, 0.35705046451, 0.20576394016, 0, 0.36071337607, 0.10605582256, 0.11574340439, 0.1940338694, 0.54644332998, 0.52796365896, 0.53154529563, 0.39883981114, 0.24193581504, 0.36578586313, 0.21025483457, 0.069871766134, 0.2451920122, 0.17599543498, 0.3075336314, 0.28304015724, 0.10592730955, 0.30384317917, 0.74333491916, 0.26834517302, 0.20022215064, 0.4441769504, 0, 0.018644292222, 5.9051572883, 0.47596355398, 0.68659207978, 0.050737990078],
      [9.3839130297, 3.4733421529, 3.6119834148, 6.3426632841, 10.4369413815, 4.2524006927, 0, 1.9678922574, 7.2796309786, 4.0894937787, 0.6243437664, 1.0682166692, 6.3970745386, 1.2968939588, 5.0876247272, 3.6556513117, 6.2993260383, 5.0705553502, 8.1331172268, 4.6591739618, 0, 13.2375111421, 2.2183814527, 6.9938337391, 8.5294484495, 25.7837268866, 13.3589069822, 13.8815582022, 10.0648455988, 8.3298546091, 4.9782567133, 5.3300996681, 1.6499115421, 8.3548538421, 5.5718745786, 12.6645600455, 8.4874758242, 5.1106812928, 6.7011221987, 20.4539873481, 6.615144443, 6.6754316699, 9.4025326883, 0.17704557155, 0.44229683919, 181.4849497988, 11.9530425101, 16.8015238672, 5.1367119567],
      [11.9364267716, 3.868058318, 3.5212000511, 6.3623508241, 12.9620290827, 6.9200027543, 0, 1.9139794793, 9.1210274861, 5.779292015, 0.55827551401, 1.3755381375, 6.5983176192, 1.6093491878, 7.1789099224, 5.7043384742, 7.7433671276, 6.6243949364, 10.5859363341, 6.2277053891, 0, 17.5650396573, 4.6918229718, 5.9754919149, 10.3365317736, 29.2638889193, 19.5066964342, 20.8812408436, 14.558852312, 11.3731457094, 8.1941682004, 6.6069746704, 2.3516418232, 12.8887370551, 8.06684293, 18.5486561667, 12.6395779874, 7.8896581973, 9.7096672514, 28.3543774666, 9.9734443767, 9.8814053953, 15.3024963116, 0.42043812131, 0.53885829457, 230.2384164331, 14.3204595031, 21.8771064366, 6.2217640485],
      [7.3998289715, 1.5738815027, 1.7721973667, 1.9816159045, 4.2426857548, 2.6601134888, 0, 1.0417153832, 4.4508793172, 3.0142281991, 0.81442069454, 0.50655298697, 2.8398189115, 1.0467892552, 1.4574650945, 2.3459783646, 2.7349488637, 3.0165588866, 4.9046238251, 1.9056864122, 0, 8.8367358245, 2.9806363856, 5.9137935802, 3.9397173795, 8.393808208, 8.58150806, 11.6867322041, 2.9700546351, 6.0478756088, 1.4492654978, 1.8490612218, 0.9285748685, 4.5112170906, 2.1842044624, 5.4792501563, 5.5899060312, 1.8937332003, 3.2843228384, 12.4306858485, 2.1430660073, 3.2429407841, 4.8507940496, 0.40251630714, 0, 100.3121511553, 5.2240243718, 9.6016130019, 3.5766180116]
    ],
    [
      [15.1975401033, 7.5471206046, 8.3903979765, 12.0582680285, 13.9773257448, 4.4159278401, 0.71629161081, 3.777977818, 2.857839628, 4.7284851871, 1.5870248114, 3.6574525663, 7.6070423069, 3.26768433, 8.1833994449, 11.9347815485, 19.782260063, 10.4318043136, 25.2444652239, 12.7880230449, 2.6107081334, 24.6310647715, 6.7871844372, 4.572868536, 14.6566101929, 38.6634143848, 34.6359141476, 25.3932762714, 21.1679914106, 17.8006324222, 15.8645010842, 12.0271473902, 0.79749190282, 13.7290241485, 13.0587013441, 13.3224748136, 5.5969673911, 6.5045495931, 8.574516578, 33.633490638, 8.8056417072, 9.4789845225, 11.8782646228, 1.3166884872, 1.6278182238, 250.3176488334, 51.6826137343, 74.1372446807, 34.0039091302],
      [0.6857056556, 0.15914037157, 0.17161402682, 0.69092179505, 0.54771786703, 0.38826871663, 0.0097551331285, 0.068480492046, 0.11249075341, 0.2509631388, 0, 0.093412406861, 0.2495670541, 0.081362843135, 0.2762499471, 0.54722895321, 0.40575361304, 0.58584802701, 0.87107170248, 0.70469450019, 0, 0.81665650356, 0.19497281344, 0.097458286271, 0.54373986426, 0.96685164819, 1.11837179, 0.89172196369, 0.90186895904, 0.52832718386, 0.73836926531, 0.52210132617, 0.17483641712, 0.66748826169, 0.5458140386, 0.49928655431, 0.43771637375, 0.19678524395, 0.45312214775, 1.2759445157, 0.65197345889, 0.50327564645, 1.0186396266, 0, 0.062314099642, 10.4559791335, 1.6184183064, 2.429282317, 0.25633781192],
      [4.2126379297, 1.337967099, 1.4923854888, 2.7976223017, 2.9834883426, 1.6037927934, 0.019140788232, 0.39030191371, 0.92738792801, 1.5300997522, 0.18550089597, 0.37682345725, 1.8679100922, 0.43039593322, 0.91128284468, 1.1780644652, 2.3819735643, 1.8445282069, 3.5301728785, 2.7888938604, 0, 5.3461513258, 0.65516449373, 1.0768682868, 4.5158092451, 8.8147908401, 4.7066255475, 3.8288251635, 3.8276294311, 3.2221292731, 1.5583868474, 2.4379180819, 0.71234041478, 3.814664926, 2.9442567714, 3.5615593106, 2.2696699809, 1.5729805963, 1.6825799498, 6.1480174497, 2.6991871069, 2.8584217315, 3.234935183, 0.018573944512, 0.11690924232, 58.8994662121, 7.5935345232, 10.5166638266, 5.0748805243],
      [41.0845249444, 10.8191339314, 9.7977756962, 19.2773276269, 28.2008555959, 22.3228566306, 0.25481246783, 2.718805334, 8.9641536171, 17.2050895387, 1.1752051587, 3.830326862, 14.0875138005, 4.1373208782, 10.5645634834, 15.1444960657, 22.1857560671, 18.8670247416, 35.8290400993, 29.4376752388, 4.3527021864, 55.282878702, 12.1183930968, 7.0352439013, 40.7921681459, 72.9029594385, 57.7320442931, 48.994397996, 45.8135074185, 34.8534770557, 22.7182534525, 22.8156026637, 8.2159599639, 49.2454712349, 35.1543622065, 42.2231690231, 27.3101209707, 20.5735502495, 20.0788815073, 67.9891283367, 33.6185131544, 34.8001146779, 48.3914918708, 4.5428805385, 2.1929584342, 570.3615574391, 67.3315057189, 107.4114240248, 46.830755038],
      [0.81959136703, 0.1366379934, 0.14782681168, 0.17586024787, 0.29061244969, 0.26915401919, 0, 0.044434442249, 0.13812807351, 0.28536238325, 0.052269133902, 0.041984707501, 0.18796674632, 0.083236015475, 0.064504279906, 0.19542896735, 0.2442566925, 0.27079471087, 0.52525009592, 0.28071335571, 0.0365896802, 0.92324869708, 0.24428515891, 0.21756098969, 0.49167255191, 0.65198368839, 0.80704422175, 0.89177860536, 0.2890027807, 0.59543406511, 0.12048935064, 0.19723053793, 0.099371301424, 0.54335142899, 0.29686563942, 0.39351029831, 0.3855252835, 0.15213431712, 0.21089981707, 0.95341905994, 0.22468457259, 0.35920342167, 0.47666869677, 0.12185702985, 0, 7.9653483819, 0.77392771721, 1.505385151, 0.8341174955]
    ],
    [
      [0.748835021, 0.71818897685, 0.37789145679, 0.1239221777, 0.99685233477, 0, 0.16093201727, 1.2097024179, 0.087554019535, 0.13216357292, 0.2251226621, 1.0087545031, 0.22476286991, 0.34016221458, 0.89176174902, 0.86597424921, 5.3972649622, 1.1939701622, 4.7618173177, 0.53016052422, 0, 0.45852535463, 0, 0.35647251102, 0.4395614571, 1.2167302588, 0.95355568292, 0, 0.57968994593, 1.6111788068, 0, 0.61703613074, 0, 0, 0, 0.32397851927, 0, 0, 0, 2.2650253228, 0, 0, 0, 0, 0, 17.3261311702, 9.4843048862, 8.4974686267, 0.94518701547],
      [6.6606515923, 1.732993691, 0.93806853204, 1.0990249121, 5.539546128, 1.5675324712, 0.64541927066, 1.7009016623, 0.81567254567, 2.2250173002, 0, 1.9462032831, 1.1467885932, 0.92413651124, 3.3054608478, 13.3548181552, 6.3747517041, 8.6256572385, 12.2216246231, 5.0879394275, 0, 2.6311333676, 0, 1.1215004962, 2.9859356833, 4.3261194867, 11.5444405968, 7.001964742, 7.705735173, 6.0937528214, 10.080209276, 3.7167933183, 1.3202004642, 3.6741573732, 4.5165262796, 3.9297538795, 2.9686765773, 0.97438835601, 4.0811553496, 11.1823819485, 4.2964322194, 3.2915907673, 2.8559303762, 0, 0.2885569272, 116.3666384253, 20.533672088, 23.2240099694, 0.72102157479],
      [3.7781665256, 2.3612999957, 1.1438990016, 0.39148462648, 3.0720654067, 0, 0, 2.1490414528, 0.63127249175, 0.24429472044, 0.50640597358, 0.44041619275, 0.9508796953, 0.39372508601, 0, 0, 3.9422339974, 1.3445982689, 2.9252255895, 0.98093761732, 0, 1.1496956915, 0, 1.5188596835, 2.7063567591, 4.2316672521, 0, 0, 0, 1.0384580612, 0, 1.7080919367, 0, 0, 0, 0, 0, 0, 0, 1.359310746, 0, 0, 0, 0, 0, 65.63877905, 12.5452629372, 5.2881319464, 0.9849763181],
      [242.2360447093, 71.2466874305, 31.9425281923, 18.8028591495, 172.6411054439, 84.2041020022, 10.1936487121, 39.7710487685, 39.5104553766, 93.4419948684, 9.8554951372, 47.9029356821, 38.9867903504, 28.4955411983, 76.2914205692, 217.8435254344, 209.736849902, 163.2937428878, 300.8383790289, 128.4481867785, 14.5644535287, 107.1944404419, 182.4350735926, 49.0824413248, 135.5844237516, 196.4801000459, 363.3083826792, 250.5667020623, 237.8913272026, 245.8042561334, 217.2789266193, 98.1920244215, 43.0183874661, 233.1468453051, 187.4326503441, 203.6809477744, 124.4366106519, 78.1690557563, 111.1855346225, 361.9461413902, 144.6110445287, 152.680704572, 136.8236080217, 7.3689715456, 7.7114430728, 3844.4713344822, 509.2951955515, 619.9989634236, 75.924404179],
      [15.5763021518, 2.9408299059, 1.5976128172, 0.58270913418, 5.7504306867, 3.2283655266, 0, 2.1693056985, 1.9550455665, 4.956529538, 1.4129762271, 1.7016903389, 1.6907784912, 1.8464349899, 1.511356834, 8.9356821612, 7.5488994344, 7.5420314426, 14.2529534408, 3.9527756525, 0.43554647132, 5.5662051445, 11.5649264074, 4.9207259845, 5.2837223489, 5.7453829565, 16.1936210411, 14.4313331957, 4.8232476786, 13.4523541772, 3.6408641047, 2.7660541927, 1.6614120696, 8.1789973217, 5.0508233762, 6.0653198268, 5.5947127709, 1.8565558877, 3.733310028, 16.2471405925, 3.0925232518, 5.0277046606, 4.3204616021, 0.63102845443, 0, 173.1971168723, 19.1415645371, 27.9914260338, 4.4244109126]
    ],
    [
      [9.1524994175, 5.2974070854, 3.985219703, 3.4669200773, 10.9287374204, 2.173068308, 1.1207588214, 4.4063594411, 1.5958870556, 2.5615324452, 1.6331247393, 1.6510547092, 4.9062424507, 2.9793465465, 7.5389762214, 7.4483757884, 7.3373271366, 4.4350779036, 6.1173840558, 5.318894874, 1.3892918666, 5.3267039566, 3.9109543199, 6.7294959484, 8.0680228456, 21.7142858382, 21.5442195714, 15.0218530216, 11.961038473, 11.0065618073, 8.4131225267, 5.7596366425, 0.1047612298, 7.389171415, 5.6442162165, 7.2177927313, 2.4463991869, 3.2833245094, 4.416776393, 21.9069888254, 5.050547575, 4.1383932282, 3.0825317079, 0.40675772658, 0.096266842643, 132.013024766, 18.5720669765, 37.1931775518, 10.5081847162],
      [15.4594270307, 3.6101443533, 2.5994171748, 8.1429317583, 14.8756441084, 9.4344066434, 0.75752472172, 2.352500913, 2.6535735202, 5.5309306991, 0, 1.4243746276, 5.9829051131, 2.4135589891, 7.7215345309, 6.8510973298, 4.6152000307, 8.5456535992, 6.8391658363, 10.7187082966, 0, 6.4939628708, 7.3460219728, 5.0555653686, 11.6790812867, 18.8153548732, 19.4953387335, 16.0716816215, 16.488753994, 11.0496135726, 9.434634684, 8.6863624567, 2.2506970291, 15.4803753786, 8.194894867, 10.1112317707, 8.7163188255, 4.150033297, 8.0447203993, 28.1509896833, 15.3594995641, 8.986633567, 13.5508398327, 0, 0.14008479974, 193.9724560743, 17.8177348214, 37.1334784838, 2.3759845177],
      [338.1908980903, 106.5844902975, 74.5986338902, 108.1624242125, 287.678682069, 124.06547972, 5.9808592118, 46.4027330295, 78.0982170668, 122.0188148929, 20.495191083, 21.073393984, 162.4099900078, 45.7981187458, 92.9510062867, 53.0996871, 94.9723262493, 96.5341088039, 100.0965629482, 152.290803534, 10, 151.0666790775, 28.1044690839, 218.1818803333, 345.5529514782, 599.3573233551, 303.7342793068, 250.1380410495, 256.9542408914, 244.0788869672, 60.4015246166, 142.0199118908, 30.6196277896, 284.57347778, 158.340382603, 262.6071594518, 156.1000590399, 108.2576913997, 104.5139121318, 490.6269233337, 217.5606822228, 178.3286608704, 144.2496895274, 8.8043804839, 2.4345769497, 3861.5223918505, 288.8181113781, 578.2757152497, 160.605528084],
