{
  "X": [
    [3, 3, 4, 3],
    [5, 14, 45, 3],
    [79, 19, 73, 2],
    [23, 12, 18, 2],
    [64, 43, 60, 5],
    [34, 17, 51, 6],
    [59, 24, 54, 6],
    [3, 4, 20, 1],
    [1, 3, 7, 0],
    [6, 5, 5, 1],
    [4, 4, 8, 1],
    [3, 0, 7, 1],
    [5, 4, 23, 3],
    [45, 25, 59, 4],
    [18, 21, 28, 6],
    [28, 18, 21, 11],
    [27, 16, 27, 2],
    [8, 4, 9, 3],
    [78, 56, 91, 22],
    [9, 7, 34, 4],
    [9, 9, 15, 3],
    [29, 15, 58, 3],
    [21, 37, 46, 11],
    [26, 24, 38, 9],
    [11, 6, 10, 3],
    [59, 32, 71, 6],
    [1, 1, 5, 0],
    [5, 6, 5, 4],
    [10, 13, 16, 7],
    [12, 10, 12, 2],
    [9, 17, 27, 3],
    [4, 14, 22, 3],
    [8, 11, 16, 1],
    [22, 19, 20, 4],
    [17, 22, 45, 6],
    [15, 24, 28, 6],
    [23, 45, 29, 3],
    [7, 9, 14, 1],
    [7, 7, 21, 3],
    [15, 34, 25, 11],
    [8, 21, 21, 4],
    [64, 69, 77, 13],
    [83, 89, 90, 20],
    [5, 3, 7, 0],
    [11, 28, 15, 2],
    [16, 32, 29, 4],
    [25, 67, 53, 10],
    [27, 55, 50, 11],
    [39, 88, 93, 9],
    [4, 34, 11, 4],
    [3, 7, 6, 0],
    [16, 55, 27, 1],
    [63, 74, 68, 13],
    [46, 79, 94, 9],
    [58, 111, 90, 14],
    [33, 37, 36, 13],
    [29, 41, 55, 9],
    [38, 58, 51, 4],
    [3, 1, 9, 0],
    [9, 2, 5, 0],
    [2, 1, 7, 0],
    [2, 1, 16, 3],
    [6, 6, 7, 1],
    [36, 42, 18, 2],
    [96, 200, 147, 25],
    [40, 91, 73, 9],
    [2, 0, 4, 1],
    [2, 2, 11, 0],
    [2, 5, 6, 0],
    [25, 28, 69, 4],
    [3, 2, 19, 0],
    [38, 52, 85, 4],
    [15, 14, 13, 2],
    [5, 39, 9, 5],
    [51, 98, 131, 12],
    [1, 0, 6, 1],
    [21, 89, 59, 9],
    [62, 85, 219, 14],
    [13, 46, 50, 6],
    [2, 6, 2, 1],
    [37, 61, 82, 8],
    [47, 64, 82, 5],
    [14, 9, 30, 5],
    [3, 1, 7, 3],
    [10, 9, 14, 9],
    [13, 12, 8, 3],
    [9, 52, 49, 3],
    [23, 47, 45, 7],
    [55, 61, 68, 8],
    [18, 29, 37, 6],
    [31, 48, 44, 7],
    [45, 63, 61, 8],
    [20, 25, 35, 4],
    [24, 42, 42, 5],
    [30, 41, 58, 6],
    [44, 94, 168, 17],
    [43, 71, 93, 16],
    [20, 21, 40, 4],
    [57, 78, 70, 10],
    [36, 75, 119, 7],
    [10, 14, 23, 2],
    [77, 104, 106, 14],
    [19, 30, 46, 1],
    [9, 15, 19, 1],
    [23, 26, 45, 5],
    [61, 37, 56, 7],
    [64, 103, 91, 12],
    [7, 15, 25, 1],
    [31, 46, 65, 7],
    [67, 56, 79, 12],
    [24, 32, 25, 2],
    [2, 25, 7, 3],
    [2, 0, 4, 0],
    [2, 3, 7, 0],
    [1, 2, 11, 1],
    [0, 8, 3, 0],
    [7, 1, 6, 3],
    [5, 15, 10, 5],
    [3, 1, 3, 0],
    [2, 13, 15, 1],
    [18, 19, 28, 6],
    [3, 6, 10, 0],
    [8, 1, 14, 1],
    [8, 18, 27, 4],
    [35, 25, 40, 7],
    [6, 3, 8, 0],
    [10, 13, 21, 4],
    [11, 22, 38, 1],
    [0, 1, 8, 1],
    [8, 10, 20, 1],
    [2, 4, 8, 1],
    [1, 3, 8, 1],
    [23, 28, 68, 10],
    [44, 41, 90, 8],
    [11, 9, 24, 3],
    [11, 28, 40, 2],
    [19, 21, 52, 8],
    [2, 0, 4, 4],
    [8, 5, 9, 2],
    [10, 8, 20, 4],
    [22, 23, 30, 2],
    [6, 4, 16, 2],
    [9, 7, 15, 3],
    [2, 2, 13, 0],
    [8, 4, 12, 3],
    [45, 39, 79, 12],
    [21, 8, 23, 5],
    [39, 28, 73, 10],
    [6, 14, 16, 4],
    [1, 0, 5, 0],
    [46, 40, 53, 11],
    [23, 17, 34, 1],
    [17, 8, 34, 4],
    [15, 2, 11, 2],
    [11, 4, 7, 1],
    [6, 3, 11, 0],
    [47, 37, 54, 10],
    [20, 8, 20, 2],
    [19, 15, 17, 3],
    [3, 2, 12, 0],
    [4, 3, 14, 1],
    [13, 11, 20, 7],
    [50, 36, 74, 18],
    [14, 9, 26, 5],
    [119, 168, 203, 27],
    [155, 316, 356, 48],
    [78, 78, 220, 18],
    [71, 56, 102, 21],
    [64, 114, 126, 10],
    [364, 574, 612, 62],
    [8, 12, 23, 1]
  ],
  "W": [
    [5, 2, 0, 0, 4, 2, 0],
    [5, 12, 7, 21, 4, 16, 2],
    [14, 60, 12, 43, 3, 34, 7],
    [1, 22, 5, 8, 1, 17, 1],
    [17, 71, 17, 30, 8, 24, 5],
    [6, 38, 11, 25, 10, 12, 6],
    [11, 60, 11, 23, 12, 20, 6],
    [4, 6, 1, 11, 4, 1, 1],
    [3, 0, 0, 3, 3, 2, 0],
    [2, 5, 1, 1, 1, 6, 1],
    [0, 3, 3, 8, 1, 1, 1],
    [3, 3, 0, 0, 3, 0, 2],
    [8, 5, 1, 8, 10, 0, 3],
    [13, 46, 10, 24, 16, 21, 3],
    [5, 23, 12, 11, 9, 10, 3],
    [7, 22, 10, 5, 9, 20, 5],
    [15, 27, 6, 8, 6, 9, 1],
    [4, 4, 2, 3, 6, 5, 0],
    [12, 96, 25, 37, 15, 47, 15],
    [2, 17, 2, 12, 8, 9, 4],
    [6, 10, 1, 4, 4, 9, 2],
    [18, 19, 5, 38, 2, 20, 3],
    [10, 50, 10, 24, 3, 15, 3],
    [11, 26, 15, 21, 5, 12, 7],
    [3, 11, 3, 7, 0, 6, 0],
    [16, 64, 16, 38, 9, 19, 6],
    [1, 2, 0, 3, 1, 0, 0],
    [0, 5, 6, 3, 2, 2, 2],
    [4, 12, 7, 8, 5, 9, 1],
    [3, 17, 5, 7, 2, 2, 0],
    [9, 15, 7, 10, 5, 8, 2],
    [2, 7, 11, 14, 2, 6, 1],
    [8, 8, 3, 10, 2, 3, 2],
    [7, 21, 16, 8, 3, 7, 3],
    [9, 32, 17, 15, 5, 8, 4],
    [9, 21, 15, 15, 3, 6, 4],
    [8, 46, 22, 10, 5, 9, 0],
    [5, 4, 2, 9, 5, 5, 1],
    [2, 15, 5, 3, 8, 4, 1],
    [26, 17, 12, 15, 1, 7, 7],
    [6, 10, 12, 17, 2, 4, 3],
    [26, 89, 46, 38, 4, 16, 4],
    [26, 124, 48, 46, 6, 20, 12],
    [2, 6, 2, 4, 0, 1, 0],
    [8, 15, 19, 8, 2, 2, 2],
    [4, 30, 21, 14, 3, 6, 3],
    [10, 58, 37, 28, 2, 17, 3],
    [24, 42, 23, 33, 4, 12, 5],
    [22, 79, 52, 46, 5, 15, 10],
    [13, 16, 15, 6, 0, 3, 0],
    [3, 3, 4, 6, 0, 0, 0],
    [11, 34, 26, 14, 0, 9, 5],
    [22, 73, 46, 38, 14, 16, 9],
    [31, 88, 28, 38, 15, 23, 5],
    [21, 106, 52, 46, 8, 25, 15],
    [14, 51, 17, 14, 6, 11, 6],
    [14, 53, 26, 28, 1, 3, 9],
    [13, 56, 30, 29, 5, 12, 6],
    [2, 7, 1, 2, 1, 0, 0],
    [2, 5, 0, 3, 4, 1, 1],
    [1, 1, 1, 3, 2, 1, 1],
    [4, 3, 0, 7, 4, 4, 0],
    [1, 11, 1, 1, 2, 3, 1],
    [2, 45, 35, 7, 1, 8, 0],
    [19, 195, 108, 73, 12, 37, 24],
    [18, 76, 52, 31, 8, 16, 12],
    [0, 4, 0, 0, 1, 2, 0],
    [2, 5, 1, 4, 1, 2, 0],
    [2, 3, 4, 2, 0, 2, 0],
    [16, 30, 10, 36, 17, 15, 2],
    [3, 4, 3, 8, 4, 2, 0],
    [17, 53, 25, 43, 7, 27, 7],
    [7, 15, 5, 0, 6, 5, 6],
    [3, 5, 40, 6, 1, 2, 1],
    [9, 94, 69, 68, 9, 35, 8],
    [2, 0, 0, 1, 2, 2, 1],
    [18, 53, 50, 40, 2, 7, 8],
    [29, 114, 36, 124, 21, 46, 10],
    [14, 38, 16, 29, 0, 8, 10],
    [2, 4, 4, 0, 0, 0, 1],
    [8, 63, 38, 41, 11, 17, 10],
    [13, 75, 33, 37, 13, 19, 8],
    [11, 15, 1, 9, 10, 10, 2],
    [2, 3, 1, 4, 3, 1, 0],
    [0, 13, 5, 5, 3, 11, 5],
    [0, 17, 6, 2, 4, 6, 1],
    [8, 24, 33, 33, 3, 9, 3],
    [10, 36, 19, 32, 5, 12, 8],
    [13, 90, 22, 39, 4, 17, 7],
    [9, 31, 14, 21, 5, 8, 2],
    [5, 57, 17, 35, 3, 11, 2],
    [10, 65, 23, 35, 15, 19, 10],
    [2, 38, 16, 18, 4, 5, 1],
    [9, 47, 16, 22, 5, 7, 7],
    [9, 48, 12, 25, 13, 21, 7],
    [15, 120, 42, 90, 9, 37, 10],
    [12, 87, 42, 46, 11, 17, 8],
    [7, 29, 10, 22, 9, 5, 3],
    [11, 81, 43, 42, 7, 19, 12],
    [18, 60, 44, 63, 10, 26, 16],
    [5, 14, 7, 14, 3, 5, 1],
    [11, 115, 58, 60, 14, 35, 8],
    [8, 29, 16, 24, 5, 11, 3],
    [6, 11, 4, 14, 4, 4, 1],
    [8, 38, 12, 25, 3, 9, 4],
    [11, 75, 17, 36, 5, 9, 8],
    [12, 133, 44, 45, 4, 23, 9],
    [5, 13, 6, 12, 4, 8, 0],
    [9, 51, 20, 36, 12, 15, 6],
    [11, 96, 30, 34, 11, 17, 15],
    [8, 30, 18, 18, 1, 2, 6],
    [0, 9, 19, 5, 0, 2, 2],
    [1, 2, 0, 1, 2, 0, 0],
    [1, 2, 3, 4, 1, 1, 0],
    [1, 1, 2, 7, 2, 2, 0],
    [2, 1, 4, 2, 0, 1, 1],
    [2, 7, 1, 1, 5, 0, 1],
    [2, 12, 5, 4, 0, 2, 10],
    [1, 2, 1, 3, 0, 0, 0],
    [2, 10, 6, 5, 4, 3, 1],
    [2, 30, 6, 18, 3, 5, 7],
    [2, 7, 1, 3, 3, 1, 2],
    [1, 8, 1, 4, 6, 3, 1],
    [2, 23, 10, 17, 4, 1, 0],
    [6, 51, 16, 12, 7, 11, 4],
    [2, 3, 2, 4, 3, 2, 1],
    [4, 15, 4, 8, 8, 8, 1],
    [6, 21, 10, 18, 4, 7, 6],
    [1, 1, 1, 6, 0, 1, 0],
    [3, 11, 6, 4, 5, 9, 1],
    [1, 1, 6, 3, 3, 0, 1],
    [0, 3, 2, 6, 1, 1, 0],
    [13, 47, 20, 36, 2, 8, 3],
    [14, 59, 19, 59, 7, 17, 8],
    [1, 15, 8, 14, 1, 2, 6],
    [9, 12, 26, 22, 0, 9, 3],
    [6, 17, 11, 30, 10, 20, 6],
    [2, 2, 0, 1, 5, 0, 0],
    [2, 11, 2, 3, 3, 2, 1],
    [9, 7, 4, 9, 6, 6, 1],
    [6, 24, 12, 17, 2, 13, 3],
    [4, 6, 3, 5, 5, 5, 0],
    [1, 8, 3, 4, 8, 7, 3],
    [1, 4, 0, 4, 7, 1, 0],
    [3, 7, 1, 7, 3, 5, 1],
    [15, 59, 23, 34, 8, 29, 7],
    [3, 21, 3, 14, 2, 12, 2],
    [13, 34, 19, 35, 6, 38, 5],
    [8, 10, 7, 3, 4, 5, 3],
    [0, 3, 0, 1, 1, 1, 0],
    [12, 55, 25, 23, 5, 19, 11],
    [17, 25, 6, 13, 4, 6, 4],
    [6, 18, 3, 14, 10, 9, 3],
    [6, 7, 1, 4, 4, 7, 1],
    [1, 10, 2, 0, 1, 7, 2],
    [2, 6, 1, 8, 2, 1, 0],
    [12, 54, 21, 20, 13, 23, 5],
    [10, 22, 2, 6, 4, 5, 1],
    [5, 17, 6, 9, 7, 7, 3],
    [1, 5, 0, 4, 3, 4, 0],
    [5, 4, 3, 5, 3, 2, 0],
    [10, 13, 2, 11, 10, 4, 1],
    [13, 52, 20, 34, 15, 35, 9],
    [1, 11, 5, 18, 5, 12, 2],
    [55, 143, 104, 107, 29, 59, 20],
    [62, 285, 173, 208, 35, 96, 16],
    [39, 116, 54, 114, 29, 26, 16],
    [30, 66, 23, 52, 24, 50, 5],
    [19, 102, 66, 77, 12, 27, 11],
    [153, 593, 289, 306, 75, 134, 62],
    [3, 14, 8, 16, 2, 1, 0]
  ],
  "method": "mvn_cdf",
  "mvncdf_method": "genz",
  "mvncdf_samples": 5000,
  "mvncdf_error": 1e-06,
  "cond_prob": [
    [
      [1.1396162461e-15, 2.5728209575e-15, 1.8529603052e-15, 1],
      [0.34809925548, 0.4773334405, 0.17455480885, 1.2495176973e-05],
      [0.0048846042619, 0.94227025864, 0.052839509147, 5.6279478076e-06],
      [0.019019954795, 0.11542245871, 0.86555380649, 3.7799983692e-06],
      [3.0216729854e-16, 1.1269001534e-18, 1.1906110312e-15, 1],
      [4.9226113095e-16, 2.4942069345e-17, 4.9603263222e-16, 1],
      [1.5955212294e-17, 3.7284346354e-17, 1.8719182391e-17, 1]
    ],
    [
      [0.092855255201, 0.25825232405, 0.59684931163, 0.052043109123],
      [0.20850765011, 0.36590230637, 0.40468495097, 0.020905092547],
      [0.0032975899491, 0.84213688579, 0.13846538986, 0.016100134405],
      [0.0052088349487, 0.042055661057, 0.9494547855, 0.0032807184927],
      [0.061097538668, 0.00032669231745, 0.88260832145, 0.055967447563],
      [0.17855481479, 0.013694812817, 0.72630783261, 0.08144253978],
      [0.10578509193, 0.27071475809, 0.47670661764, 0.14679353235]
    ],
    [
      [0.49021957476, 0.13803826017, 0.3342693217, 0.037472843364],
      [0.71580270311, 0.12555441569, 0.14878111948, 0.0098617617218],
      [0.03217713874, 0.79914629683, 0.14689005855, 0.021786505876],
      [0.047078427334, 0.039794756204, 0.9090235598, 0.0041032566648],
      [0.37918488583, 0.00021152223267, 0.57327253344, 0.047331058497],
      [0.66759779585, 0.0053499031217, 0.2860434283, 0.041008872727],
      [0.51892420734, 0.13469729302, 0.24984549058, 0.09653300907]
    ],
    [
      [0.34980252892, 0.27104189799, 0.3255410434, 0.053614529684],
      [0.55948989573, 0.26870902397, 0.15656982686, 0.015231253446],
      [0.012328537539, 0.89443012757, 0.076571887428, 0.016669447461],
      [0.032505296265, 0.074670435235, 0.88712559388, 0.0056986746158],
      [0.2981768839, 0.00044506982907, 0.62591607223, 0.07546197404],
      [0.57943122681, 0.012326884624, 0.33690612341, 0.071335765154],
      [0.36408063215, 0.25940690039, 0.23841830521, 0.13809416225]
    ],
    [
      [0.35153191037, 0.26624442543, 0.32862160408, 0.05360206012],
      [0.55976035379, 0.26494220217, 0.15991125542, 0.015386188628],
      [0.013359549609, 0.88532384248, 0.083365816626, 0.017950791283],
      [0.033494704611, 0.075730066634, 0.88497537732, 0.0057998514317],
      [0.30074714889, 0.00044883957483, 0.62376190304, 0.075042108497],
      [0.57692994797, 0.012390213536, 0.33967692036, 0.071002918135],
      [0.36624561851, 0.25560288367, 0.24185995291, 0.13629154491]
    ],
    [
      [0.31687755322, 0.16319073523, 0.43662538292, 0.083306328618],
      [0.56040296201, 0.17955766426, 0.23379999063, 0.026239383096],
      [0.017074424201, 0.78656453348, 0.15685727045, 0.039503771865],
      [0.023694207173, 0.036612147436, 0.93264132345, 0.0070523219442],
      [0.22212682173, 0.00022627812092, 0.68193989276, 0.095707007395],
      [0.47803228305, 0.0069790367081, 0.41364750818, 0.10134117206],
      [0.32302400835, 0.15325536466, 0.31367601199, 0.210044615]
    ],
    [
      [0.38857497971, 0.18888257827, 0.35809801515, 0.064444426866],
      [0.61964186333, 0.18789629172, 0.17400750346, 0.018454341488],
      [0.019421606663, 0.83271122808, 0.11948521763, 0.028381947625],
      [0.034743090663, 0.050541440353, 0.90817391089, 0.0065415580963],
      [0.30132143937, 0.00028927555122, 0.61658779772, 0.081801487365],
      [0.57898716171, 0.0079902973541, 0.33560292153, 0.077419619413],
      [0.39923052964, 0.17882348163, 0.25974840891, 0.16219757982]
    ],
    [
      [0.12963664683, 0.20028614135, 0.62186901428, 0.048208197544],
      [0.29438454243, 0.28101592575, 0.40579900427, 0.018800527545],
      [0.0052510458413, 0.81692431009, 0.16088309342, 0.016941550649],
      [0.0066860264408, 0.030228172124, 0.96025596736, 0.0028298340725],
      [0.078028346467, 0.00023283488015, 0.87396672737, 0.047772091288],
      [0.22955177589, 0.0095885530149, 0.69183007203, 0.069029599068],
      [0.14946024358, 0.21195507382, 0.49593906235, 0.14264562025]
    ],
    [
      [0.027078829008, 0.8578915051, 0.11051937313, 0.0045102927713],
      [0.036719334017, 0.91318687695, 0.048791318699, 0.001302470335],
      [0.00026204777152, 0.99299400106, 0.0063697751327, 0.00037417603469],
      [0.0059521805229, 0.26792121124, 0.72490725152, 0.0012193567136],
      [0.09207939266, 0.0022478557711, 0.8807887911, 0.02488396047],
      [0.26318419491, 0.087667128157, 0.61638007791, 0.032768599023],
      [0.030789620857, 0.87212044646, 0.08677771821, 0.010312214474]
    ],
    [
      [0.22315958922, 0.48272662824, 0.25345093067, 0.040662851859],
      [0.36969350504, 0.49548397261, 0.1230329387, 0.011789583642],
      [0.0039714216546, 0.95982237164, 0.029803193777, 0.0064030129245],
      [0.022823939129, 0.13306547636, 0.83921072493, 0.0048998595862],
      [0.24816015074, 0.00088617831235, 0.67420637363, 0.076747297319],
      [0.52718827882, 0.026206669626, 0.37007897933, 0.076526072228],
      [0.23716828514, 0.46644079253, 0.1885582705, 0.10783265182]
    ],
    [
      [0.51993779074, 0.19168278075, 0.21764741298, 0.070732015531],
      [0.76039550093, 0.14464657534, 0.08016476909, 0.014793154645],
      [0.017207350185, 0.90167109845, 0.057786296987, 0.023335254374],
      [0.050830231419, 0.065831670376, 0.874593646, 0.0087444522084],
      [0.44154838249, 0.00031444985179, 0.45025251552, 0.10788465215],
      [0.75611316347, 0.0064372655184, 0.16594639344, 0.071503177568],
      [0.49197783989, 0.16492491227, 0.14439947932, 0.19869776852]
    ],
    [
      [0.16855361918, 0.058104782948, 0.72518704514, 0.048154552728],
      [0.426131018, 0.086262518613, 0.46840911575, 0.019197347634],
      [0.013395968833, 0.60439219445, 0.34791031453, 0.034301522189],
      [0.006986195522, 0.007724331499, 0.98295686588, 0.0023326070963],
      [0.08355018789, 6.366101924e-05, 0.87730367819, 0.039082472902],
      [0.2577620448, 0.0026696773481, 0.68197452631, 0.057593751541],
      [0.20138207565, 0.064699015566, 0.57983537609, 0.15408353269]
    ],
    [
      [0.17132468895, 0.17445013825, 0.56486507413, 0.089360098668],
      [0.37269055613, 0.23436536778, 0.35952314573, 0.033420930363],
      [0.0078042616255, 0.78791412414, 0.16870513304, 0.035576481192],
      [0.0098075117018, 0.029650992975, 0.95476313818, 0.0057783571451],
      [0.10640880736, 0.00021158205515, 0.80148708186, 0.091892528721],
      [0.28457393889, 0.0079847627882, 0.58751598625, 0.11992531207],
      [0.17943147761, 0.16809460267, 0.41355299366, 0.23892092607]
    ],
    [
      [0.31789356078, 0.23147462623, 0.39859997467, 0.052031838319],
      [0.53589755254, 0.24361120112, 0.20471259302, 0.01577865333],
      [0.013279064047, 0.85656711574, 0.1109950003, 0.019158819904],
      [0.025705225653, 0.055823924332, 0.9136830205, 0.004787829518],
      [0.24650579051, 0.00035306908861, 0.68710594978, 0.066035190618],
      [0.51499311848, 0.010600606673, 0.40644000189, 0.067966272951],
      [0.33832857137, 0.22700658493, 0.29940808599, 0.13525675771]
    ],
    [
      [0.23637036198, 0.28197139182, 0.36712658795, 0.11453165825],
      [0.43517869931, 0.32343767461, 0.20414745707, 0.03723616902],
      [0.0080617133754, 0.87455320588, 0.083288189792, 0.034096890949],
      [0.02002894375, 0.070914529326, 0.89814511207, 0.010911414855],
      [0.18925447334, 0.00043881566212, 0.65893128229, 0.1513754287],
      [0.41646551572, 0.013810548401, 0.40608631284, 0.16363762304],
      [0.22691477496, 0.24895398685, 0.2483290892, 0.27580214899]
    ],
    [
      [0.30560252532, 0.24050395847, 0.27636695506, 0.17752656115],
      [0.53567634235, 0.26241935902, 0.14688776685, 0.05501653178],
      [0.011901847735, 0.85563145297, 0.072023790457, 0.060442908836],
      [0.033288271558, 0.077916796313, 0.86707442856, 0.02172050357],
      [0.25143334063, 0.00038494435536, 0.50717375362, 0.24100796139],
      [0.48549210324, 0.010649949044, 0.275313226, 0.22854472172],
      [0.26206245034, 0.1894369267, 0.16729756236, 0.38120306061]
    ],
    [
      [0.34102946944, 0.23304977705, 0.37848830519, 0.047432448316],
      [0.56058945979, 0.23779738603, 0.18769755268, 0.013915601499],
      [0.013977216222, 0.86525638606, 0.10353529253, 0.017231105184],
      [0.028339238217, 0.057935059033, 0.90921293309, 0.0045127696627],
      [0.26896968257, 0.00036015812335, 0.66925788761, 0.061412271697],
      [0.54780885671, 0.010472944172, 0.38063601885, 0.061082180261],
      [0.36329556625, 0.22868345663, 0.28392581757, 0.12409515955]
    ],
    [
      [0.34693949606, 0.22610761689, 0.29299907935, 0.13395380771],
      [0.58737024318, 0.23103016289, 0.14388956912, 0.03771002481],
      [0.011680623106, 0.88163110427, 0.067262388823, 0.039425883799],
      [0.033424525039, 0.064445461019, 0.88747027526, 0.014659738685],
      [0.27776005831, 0.00033450155507, 0.53956561126, 0.18233982887],
      [0.54351092936, 0.0090720493406, 0.27950019489, 0.16791682641],
      [0.31117276463, 0.18351670037, 0.18494570097, 0.32036483403]
    ],
    [
      [0.26486504547, 0.23957680578, 0.36531747065, 0.1302406781],
      [0.48115304609, 0.27271479799, 0.20347256407, 0.042659591851],
      [0.010747003753, 0.84416481124, 0.098757460991, 0.046330724014],
      [0.023295466518, 0.062812775233, 0.90096979731, 0.012921960944],
      [0.20595463401, 0.00036793353163, 0.62809301063, 0.16558442183],
      [0.43565659793, 0.011233149821, 0.37946241489, 0.17364783736],
      [0.24925997532, 0.20773563077, 0.24300908683, 0.29999530709]
    ],
    [
      [0.13869249775, 0.16556081826, 0.61269844308, 0.083048240906],
      [0.3149678137, 0.23565534926, 0.41615667701, 0.03322016003],
      [0.0068266767282, 0.76127457055, 0.19648001131, 0.035418741409],
      [0.0075697005066, 0.026689456886, 0.9606606862, 0.0050801564056],
      [0.083704700881, 0.00019574985667, 0.83384941892, 0.082250130343],
      [0.23184423364, 0.0077656538135, 0.64738016576, 0.11300994679],
      [0.14924839967, 0.16401640698, 0.46188260872, 0.22485258463]
    ],
    [
      [0.18257732941, 0.39734707186, 0.34717295883, 0.072902639894],
      [0.33295035153, 0.45387603808, 0.1897555863, 0.023418024086],
      [0.0044269041007, 0.92478773522, 0.05541594631, 0.015369414369],
      [0.015655471508, 0.097831743356, 0.87943879876, 0.007073986375],
      [0.16653015796, 0.00067161142677, 0.72224715473, 0.11055107588],
      [0.38820862849, 0.022296076975, 0.46361745984, 0.12587783469],
      [0.18745903114, 0.37393301275, 0.25038162338, 0.18822633274]
    ],
    [
      [0.32560646306, 0.21449120294, 0.40829300199, 0.051609332012],
      [0.55032556521, 0.22511809082, 0.20894429145, 0.015612052527],
      [0.01422525001, 0.84619080359, 0.11959270842, 0.019991237975],
      [0.025625415793, 0.0505766967, 0.9191641125, 0.0046337750055],
      [0.24655287034, 0.0003191818788, 0.68914385654, 0.063984091246],
      [0.51779142699, 0.0095743543216, 0.40672716392, 0.065907054771],
      [0.34738483182, 0.21072968779, 0.30697818252, 0.13490729787]
    ],
    [
      [0.14293419763, 0.33020030174, 0.340892107, 0.18597339363],
      [0.29342371693, 0.42520073453, 0.2135906826, 0.067784865938],
      [0.004335729098, 0.87849776133, 0.068488191957, 0.048678317618],
      [0.013003043226, 0.089003251337, 0.87922476607, 0.018768939363],
      [0.11819963242, 0.00053428903604, 0.62765076574, 0.2536153128],
      [0.27479551107, 0.017897194665, 0.41428341867, 0.2930238756],
      [0.12373346436, 0.26302129425, 0.20819253279, 0.4050527086]
    ],
    [
      [0.29065573289, 0.22089295176, 0.34721500399, 0.14123631136],
      [0.52081255291, 0.24603045885, 0.18836068484, 0.044796303399],
      [0.012277908989, 0.83722641145, 0.098156539447, 0.052339140116],
      [0.026223431143, 0.059709007869, 0.89973847395, 0.014329087042],
      [0.22397950361, 0.00033472687044, 0.59656784563, 0.17911792388],
      [0.46222187926, 0.0098828559407, 0.34618688583, 0.18170837897],
      [0.26625650855, 0.18627013307, 0.22426963679, 0.3232037216]
    ],
    [
      [0.34677152558, 0.19407768151, 0.26327166282, 0.19587913009],
      [0.60465634333, 0.20562950629, 0.13417014937, 0.055544001011],
      [0.014814614776, 0.83810435262, 0.076457757317, 0.070623275286],
      [0.036854904726, 0.062803960192, 0.87798321724, 0.022357917838],
      [0.27003961607, 0.00029239330279, 0.46831900699, 0.26134898363],
      [0.51475511935, 0.0077950440871, 0.23904540843, 0.23840442813],
      [0.27409324682, 0.13977558836, 0.14575845419, 0.44037271064]
    ],
    [
      [0.35754184085, 0.19920484321, 0.38081328463, 0.062440031316],
      [0.58683706269, 0.20409027532, 0.19064515186, 0.018427510128],
      [0.017082910269, 0.83515680152, 0.12146701931, 0.0262932689],
      [0.030306731727, 0.050533982253, 0.91315465374, 0.0060046322819],
      [0.27398543567, 0.00030171740925, 0.64745337854, 0.078259468378],
      [0.5473243555, 0.0086665914557, 0.36690632694, 0.077102726103],
      [0.37135828307, 0.19066637477, 0.27926048712, 0.15871485504]
    ],
    [
      [0.13381370129, 0.20334661497, 0.65959032161, 0.0032493621385],
      [0.33263224036, 0.29139778735, 0.37383258211, 0.0021373901818],
      [0.0035752607019, 0.90319356648, 0.09203981775, 0.0011913550665],
      [0.0050869591536, 0.021203476891, 0.97339010171, 0.00031946224467],
      [0.061764234373, 0.00018137365299, 0.93635073302, 0.001703658949],
      [0.24474261178, 0.008896290174, 0.74364612802, 0.0027149700243],
      [0.18107946438, 0.24775908772, 0.56982811784, 0.0013333300621]
    ],
    [
      [0.2219717942, 0.11398762655, 0.17130296984, 0.49273760942],
      [0.54636105702, 0.16273871545, 0.11695110523, 0.1739491223],
      [0.011976779277, 0.70469040883, 0.064951887955, 0.21838092394],
      [0.031680033505, 0.051304299005, 0.84635342093, 0.070662246559],
      [0.14785297396, 0.00014901592672, 0.26450862631, 0.58748938381],
      [0.29957436241, 0.0041054429504, 0.13725504899, 0.55906514565],
      [0.10466456327, 0.049102784298, 0.056788924059, 0.78944372837]
    ],
    [
      [0.18032021166, 0.27694393222, 0.259675799, 0.28306005712],
      [0.37640198761, 0.36031196589, 0.16261379324, 0.10067225325],
      [0.0058905388057, 0.85920700184, 0.056532354463, 0.078370104896],
      [0.020106676802, 0.090710510229, 0.85490183303, 0.034280979944],
      [0.14515414195, 0.00042342648782, 0.47119277383, 0.38322965774],
      [0.30872722562, 0.012832278881, 0.2780878933, 0.4003526022],
      [0.13159660221, 0.18456033819, 0.13356738723, 0.55027567237]
    ],
    [
      [0.33222533124, 0.24804671886, 0.31806178308, 0.10166616683],
      [0.55881472749, 0.25524248272, 0.15719930262, 0.028743487165],
      [0.012276700599, 0.87651795415, 0.07876864717, 0.032436698082],
      [0.030236507885, 0.068150322327, 0.89135494019, 0.010258229597],
      [0.26931354153, 0.00039034574891, 0.59102123305, 0.13927487966],
      [0.53794809696, 0.010955474859, 0.3178239923, 0.13327243588],
      [0.3142371073, 0.21551885163, 0.21094194428, 0.25930209679]
    ],
    [
      [0.15057919763, 0.33396273345, 0.45110073015, 0.064357338771],
      [0.29709642705, 0.41238817654, 0.26795932993, 0.022556066487],
      [0.0044000302782, 0.89251850029, 0.086663075978, 0.016418393449],
      [0.010588839561, 0.06879954749, 0.91550590001, 0.0051057129347],
      [0.11804936379, 0.00050290297497, 0.79842212166, 0.083025611573],
      [0.30352521884, 0.018473691756, 0.57275652902, 0.10524456038],
      [0.16108142251, 0.32856678852, 0.33884961268, 0.17150217629]
    ],
    [
      [0.13219675412, 0.29030926211, 0.46105160422, 0.11644237955],
      [0.28197166438, 0.38470636574, 0.29078541712, 0.042536552766],
      [0.0041311495022, 0.8699208293, 0.094695105174, 0.031252916025],
      [0.0089945693832, 0.057638516887, 0.92471986154, 0.008647052185],
      [0.096070771394, 0.0004013942862, 0.76314180984, 0.14038602448],
      [0.25262565791, 0.014894432681, 0.55017499726, 0.18230491215],
      [0.12864584928, 0.25883442997, 0.31320203062, 0.29931769013]
    ],
    [
      [0.2390236521, 0.39229512373, 0.32836590024, 0.04031532393],
      [0.4089001795, 0.41280968035, 0.16613594077, 0.01215419939],
      [0.0059082040933, 0.93080382316, 0.054357086325, 0.0089308864227],
      [0.020975862905, 0.10165109836, 0.87325479183, 0.0041182469035],
      [0.22533661219, 0.00069618938171, 0.7109457649, 0.063021433523],
      [0.49416425459, 0.021326612638, 0.41851467637, 0.065994456405],
      [0.25735723251, 0.38770922316, 0.24771901394, 0.10721453039]
    ],
    [
      [0.39059913483, 0.18396541401, 0.33875768747, 0.086677763692],
      [0.6297849712, 0.18250349307, 0.16323745931, 0.024474076421],
      [0.019140723088, 0.83132058559, 0.11182264175, 0.037716049578],
      [0.035448385578, 0.050554427599, 0.9050674925, 0.008929694323],
      [0.30151689806, 0.00027989209121, 0.58782012887, 0.11038308098],
      [0.57814277698, 0.0076073588407, 0.3115406872, 0.10270917698],
      [0.38442208511, 0.16672044775, 0.23449426717, 0.21436319996]
    ],
    [
      [0.1597490694, 0.1564792457, 0.58782163096, 0.095950053939],
      [0.35358625329, 0.21608355895, 0.3926689619, 0.037661225855],
      [0.0084910508604, 0.74107546854, 0.20590756423, 0.044525916366],
      [0.0091448569815, 0.026742233327, 0.95796766879, 0.006145240905],
      [0.097935146289, 0.00018990799342, 0.80563069521, 0.096244250505],
      [0.26055409766, 0.0072519512121, 0.60507964918, 0.12711430195],
      [0.16690134152, 0.1506404926, 0.43151839793, 0.25093976795]
    ],
    [
      [0.22241018132, 0.26842421951, 0.37158610664, 0.13757949252],
      [0.42353078225, 0.3174533941, 0.21308126294, 0.045934560713],
      [0.0079031083901, 0.86150312899, 0.087973955832, 0.042619806785],
      [0.018606222148, 0.067049912174, 0.90150407547, 0.012839790211],
      [0.17322452571, 0.00040881875723, 0.64933257429, 0.17703408124],
      [0.38717076393, 0.013034940546, 0.40531699597, 0.19447729955],
      [0.20591698869, 0.22873208638, 0.24210480552, 0.32324611941]
    ],
    [
      [0.19852810799, 0.40395776779, 0.34086030677, 0.056653817452],
      [0.35134396176, 0.44713219899, 0.18354984987, 0.017973989373],
      [0.0051474621577, 0.92334574494, 0.058631602946, 0.012875189953],
      [0.017724731597, 0.10693404066, 0.86962188868, 0.0057193390573],
      [0.18812615589, 0.0007465024091, 0.72286072141, 0.088266620288],
      [0.4218321714, 0.024026654904, 0.45654762325, 0.097593550448],
      [0.20884457598, 0.39132980898, 0.25282366694, 0.1470019481]
    ],
    [
      [0.18875746606, 0.57411259258, 0.20740929992, 0.029720641431],
      [0.30861829459, 0.58152102331, 0.10122067529, 0.0086400068184],
      [0.0031396895261, 0.96911890399, 0.023313296644, 0.00442810984],
      [0.023160021038, 0.19582346001, 0.77672246027, 0.0042940586815],
      [0.26391936652, 0.001372415851, 0.66525458191, 0.06945363572],
      [0.53593959341, 0.038749003811, 0.35885600856, 0.066455394219],
      [0.20269043628, 0.56286183958, 0.1565900955, 0.077857628647]
    ],
    [
      [0.13535108242, 0.12769613714, 0.64289715732, 0.094055623124],
      [0.32189493108, 0.18977490004, 0.44979893823, 0.03853123065],
      [0.0078006610527, 0.70802139365, 0.23782465097, 0.046353294323],
      [0.0069976124725, 0.019596558618, 0.96801854489, 0.0053872840237],
      [0.077212528803, 0.00014408119304, 0.83444201276, 0.088201377243],
      [0.21750316024, 0.0057950359972, 0.65312654417, 0.1235752596],
      [0.14315810576, 0.12437940139, 0.47434518345, 0.25811730941]
    ],
    [
      [0.17236834901, 0.39646439373, 0.2398190964, 0.19134816087],
      [0.32726805587, 0.46998257544, 0.13852661312, 0.064222755565],
      [0.0044631174196, 0.91101068077, 0.041475660247, 0.043050541558],
      [0.02040280353, 0.13917310956, 0.81520945636, 0.025214630551],
      [0.16831794295, 0.00075135530675, 0.52235916798, 0.30857153377],
      [0.35204354843, 0.022507059438, 0.30741392795, 0.31803546418],
      [0.14505144341, 0.3069950382, 0.14247385079, 0.4054796676]
    ],
    [
      [0.19760748464, 0.40379089432, 0.27559542752, 0.12300619352],
      [0.35875017262, 0.45301906144, 0.14963594518, 0.038594820754],
      [0.0048662624052, 0.92313254612, 0.045632586627, 0.026368604851],
      [0.020316873267, 0.12311865985, 0.84249792002, 0.014066546859],
      [0.19252632138, 0.00074944587441, 0.60686408158, 0.19986015116],
      [0.41295518848, 0.022645727371, 0.35638021186, 0.2080188723],
      [0.18291446343, 0.34329553326, 0.17951583526, 0.29427416805]
    ],
    [
      [0.28978125402, 0.22345129589, 0.37087856803, 0.11588888206],
      [0.51399693164, 0.24786264916, 0.2012220988, 0.036918320393],
      [0.012495491582, 0.83699523863, 0.10667385417, 0.043835415612],
      [0.025128999513, 0.057925874409, 0.90562855079, 0.011316575287],
      [0.22272774208, 0.00033980110755, 0.6311661239, 0.14576633291],
      [0.46447846408, 0.010208861006, 0.3748378579, 0.15047481702],
      [0.27787262815, 0.19748424246, 0.25122675688, 0.27341637251]
    ],
    [
      [0.27358528941, 0.25227443353, 0.3350234944, 0.13911678267],
      [0.48909340321, 0.28246283744, 0.18365676464, 0.044786994712],
      [0.010714886345, 0.85405089398, 0.087487461588, 0.04774675809],
      [0.025852339049, 0.071166554652, 0.88817916864, 0.014801937663],
      [0.22021589681, 0.00040168479203, 0.59620006922, 0.18318234917],
      [0.4521347378, 0.011899691645, 0.34953075434, 0.18643481622],
      [0.25232856927, 0.21445177743, 0.21841710573, 0.31480254756]
    ],
    [
      [0.35741605633, 0.16083413834, 0.46964354792, 0.012106257405],
      [0.62217050425, 0.1598680025, 0.21408989787, 0.0038715953772],
      [0.015925515535, 0.83870044293, 0.13950851481, 0.0058655267307],
      [0.020297815796, 0.029128928739, 0.94958093325, 0.00099232221088],
      [0.23070592489, 0.00020685095647, 0.75725876378, 0.011828460373],
      [0.55497626259, 0.0064923489624, 0.42619587832, 0.01233551013],
      [0.42161489399, 0.17425965558, 0.37521404103, 0.028911409406]
    ],
    [
      [0.25622050138, 0.37750880431, 0.30564159391, 0.060629100403],
      [0.43377984549, 0.39379882329, 0.15440038803, 0.018020943196],
      [0.0068230675679, 0.9240764679, 0.05472303678, 0.014377427754],
      [0.024250327434, 0.10705503624, 0.86215131162, 0.0065433247025],
      [0.24382395296, 0.00069382443261, 0.66006172371, 0.095420498904],
      [0.50833873301, 0.020350950121, 0.37538645823, 0.095923858636],
      [0.26408748486, 0.35800716058, 0.22140823622, 0.15649711834]
    ],
    [
      [0.20408144293, 0.30040048538, 0.40877319841, 0.086744873274],
      [0.38514377466, 0.3530505343, 0.23283361003, 0.028972081004],
      [0.0066852142081, 0.87969297354, 0.088769939415, 0.024851872839],
      [0.015708559786, 0.068841172769, 0.90796140993, 0.0074888575143],
      [0.16126180877, 0.00046418017466, 0.72545738781, 0.11281662325],
      [0.37814520163, 0.015557870405, 0.47596748745, 0.13032944052],
      [0.20700429251, 0.28056869196, 0.29161809168, 0.22080892385]
    ],
    [
      [0.15406013222, 0.37169520845, 0.34994929002, 0.12429536931],
      [0.29843708424, 0.45123409975, 0.20723628024, 0.043092535772],
      [0.0042850171595, 0.90097994727, 0.064629031124, 0.030106004444],
      [0.01365547074, 0.097813720581, 0.87621011942, 0.012320689255],
      [0.1355531007, 0.00064167908965, 0.68426831846, 0.17953690175],
      [0.31646691111, 0.021577374727, 0.45396042877, 0.2079952854],
      [0.14646033226, 0.32546513471, 0.23480453185, 0.29327000118]
    ],
    [
      [0.19120489598, 0.39498585251, 0.28229643272, 0.13151281878],
      [0.34884664586, 0.45090257548, 0.15736455792, 0.042886220747],
      [0.005060852342, 0.91474628391, 0.049814882487, 0.030377981265],
      [0.020093977688, 0.12340547847, 0.8409992002, 0.015501343639],
      [0.18466370599, 0.00074699436047, 0.60576253119, 0.20882676846],
      [0.39259642493, 0.022833743657, 0.36511227538, 0.21945755603],
      [0.17696750031, 0.33664095841, 0.18455641486, 0.30183512642]
    ],
    [
      [0.17685950094, 0.305642983, 0.44678721172, 0.070710304339],
      [0.34151163453, 0.36974908527, 0.26410141028, 0.024637869918],
      [0.0058482464227, 0.87541684218, 0.098206388301, 0.020528523097],
      [0.012901420275, 0.066413630965, 0.91486239089, 0.0058225578676],
      [0.13783383341, 0.0004701485009, 0.77168049547, 0.090015522624],
      [0.33682923799, 0.01656218681, 0.53750172172, 0.10910685348],
      [0.18676297152, 0.29744857149, 0.33315327739, 0.1826351796]
    ],
    [
      [0.086137933799, 0.59501964392, 0.19983501781, 0.11900740448],
      [0.15907070323, 0.69042828956, 0.11221532761, 0.038285679595],
      [0.0015584827252, 0.95647562297, 0.023791574939, 0.018174319364],
      [0.011083804572, 0.22203414664, 0.75031665628, 0.016565392509],
      [0.11658105314, 0.0015204414791, 0.61198104209, 0.26991746328],
      [0.26358654261, 0.049120020604, 0.38494154596, 0.30235189083],
      [0.079343670933, 0.50403074914, 0.12967160728, 0.28695397265]
    ],
    [
      [0.35808039874, 0.40604219131, 0.22477069659, 0.011106713363],
      [0.55888115884, 0.3466095762, 0.091386647387, 0.0031226175715],
      [0.0068919653781, 0.95763937969, 0.032931370872, 0.0025372840623],
      [0.033290862008, 0.12350713411, 0.8415602034, 0.0016418004751],
      [0.37953505541, 0.00077598668559, 0.60047572546, 0.019213232446],
      [0.73142640203, 0.017490179057, 0.23773014852, 0.013353270395],
      [0.39670955636, 0.40852658918, 0.17210432136, 0.022659533102]
    ],
    [
      [0.14938857105, 0.53710577118, 0.28100648597, 0.032499171807],
      [0.25883086617, 0.58266887027, 0.1483289595, 0.010171304068],
      [0.0030154543826, 0.95356615728, 0.037632365449, 0.0057860228895],
      [0.01523317198, 0.16174935313, 0.81924704928, 0.0037704256116],
      [0.17920655795, 0.0012477636945, 0.75565874288, 0.063886935476],
      [0.40660037855, 0.040551793319, 0.48149982556, 0.07134800257],
      [0.16218739934, 0.53674479692, 0.21509009641, 0.085977707329]
    ],
    [
      [0.32779891873, 0.27750970951, 0.29613495573, 0.098556416028],
      [0.53774989073, 0.28455034599, 0.1486256657, 0.029074097585],
      [0.011988222571, 0.88392271209, 0.072395507901, 0.031693557439],
      [0.034065824481, 0.086184094464, 0.86817161607, 0.011578464981],
      [0.28613624443, 0.00047804364551, 0.5725097878, 0.14087592412],
      [0.54460974487, 0.013095998067, 0.30987984088, 0.13241441619],
      [0.31688734907, 0.24721432708, 0.20234919002, 0.23354913383]
    ],
    [
      [0.1754059256, 0.36225052244, 0.39935414747, 0.062989404493],
      [0.32697336302, 0.42354689156, 0.22825418457, 0.021225560855],
      [0.0050483098232, 0.90264204144, 0.076405751156, 0.015903897585],
      [0.014013225059, 0.086040647194, 0.89425714715, 0.0056889805961],
      [0.15074231196, 0.00061316928811, 0.76016569678, 0.088478821968],
      [0.35855472126, 0.021045796466, 0.51601897661, 0.10438050566],
      [0.18559600557, 0.35321594355, 0.29856879165, 0.16261925924]
    ],
    [
      [0.19828682853, 0.38246485034, 0.33610953919, 0.083138781937],
      [0.35647304937, 0.43110710548, 0.18541567019, 0.027004174957],
      [0.005477130467, 0.91255611032, 0.061819458321, 0.020147300893],
      [0.01827192944, 0.10492453572, 0.86815466517, 0.0086488696671],
      [0.18381931394, 0.00069917296727, 0.68948464394, 0.12599686916],
      [0.4055655023, 0.022260388828, 0.43433109977, 0.1378430091],
      [0.20000970062, 0.35552695083, 0.23964453685, 0.20481881171]
    ],
    [
      [0.22465895384, 0.25750789983, 0.31146978947, 0.20636335686],
      [0.43441000011, 0.31120303015, 0.18355501828, 0.070831951453],
      [0.0084048987823, 0.84692030874, 0.077584820533, 0.067089971946],
      [0.022282128347, 0.076144960154, 0.8787505544, 0.022822357103],
      [0.17864976718, 0.00040278615962, 0.550700181, 0.27024726566],
      [0.3767452815, 0.012219424196, 0.32911303112, 0.28192226318],
      [0.18741876363, 0.19782730097, 0.18342660111, 0.43132733429]
    ],
    [
      [0.20874303896, 0.21390456067, 0.45167207242, 0.12568032795],
      [0.41589419463, 0.26597813894, 0.27354040666, 0.044587259771],
      [0.0090605255856, 0.81304800613, 0.13021098358, 0.047680484703],
      [0.015111738589, 0.046299831798, 0.92840511672, 0.010183312894],
      [0.14695935378, 0.00029779680156, 0.70769444713, 0.14504840229],
      [0.34700782306, 0.010105778974, 0.47323710928, 0.16964928869],
      [0.20121595061, 0.19003271996, 0.30681664794, 0.30193468148]
    ],
    [
      [0.2610212507, 0.35220642336, 0.33373333554, 0.053038990404],
      [0.44056058379, 0.3714574205, 0.17186666211, 0.016115333597],
      [0.0077239326463, 0.91258627579, 0.065857545084, 0.013832246478],
      [0.024080515234, 0.096867362738, 0.87349937551, 0.0055527465165],
      [0.23924083935, 0.00063409397491, 0.68050330569, 0.079621760987],
      [0.49826368239, 0.018970070614, 0.40103066441, 0.081735582581],
      [0.27452446321, 0.34125870342, 0.2477880666, 0.13642876676]
    ],
    [
      [0.08483094707, 0.049775398596, 0.8584547885, 0.006938865834],
      [0.25385548643, 0.089538227016, 0.65266679089, 0.0039394956644],
      [0.0081326619481, 0.529236497, 0.45580652618, 0.0068243148701],
      [0.0031612148479, 0.0056880147933, 0.99079819608, 0.00035257427658],
      [0.037790723165, 4.7605363167e-05, 0.95810123918, 0.0040604322961],
      [0.13309670993, 0.0023136889328, 0.85714795974, 0.0074416414026],
      [0.12051514533, 0.065575832142, 0.7935659765, 0.020343046028]
    ],
    [
      [0.67635742784, 0.17070096192, 0.13960611511, 0.013335495134],
      [0.83327807746, 0.11651275858, 0.047407530117, 0.0028016338428],
      [0.028374037347, 0.92274523552, 0.043199328506, 0.0056813986314],
      [0.10554432109, 0.08402062153, 0.80752911053, 0.002905946843],
      [0.65163888731, 0.000301386952, 0.32594903019, 0.022110695544],
      [0.88038406746, 0.0052946791423, 0.10222735396, 0.012093899441],
      [0.70347397885, 0.16295663544, 0.10178945661, 0.031779929097]
    ],
    [
      [0.23534571995, 0.078217672223, 0.6706556081, 0.01578099973],
      [0.54117443571, 0.092777220878, 0.36019151451, 0.0058568289109],
      [0.01130023273, 0.76804690581, 0.21251126768, 0.0081415937738],
      [0.0093186409565, 0.010653067137, 0.97914415252, 0.00088413938728],
      [0.11582935953, 8.8761054873e-05, 0.87168645077, 0.012395428646],
      [0.3716484493, 0.0034498052482, 0.60813346224, 0.016768283205],
      [0.30064089103, 0.094066136923, 0.56093923331, 0.04435373874]
    ],
    [
      [0.10839964755, 0.10876495547, 0.58020311056, 0.20263228641],
      [0.28903502392, 0.18297264652, 0.44139281065, 0.08659951892],
      [0.0060033437081, 0.69821891828, 0.20491999502, 0.090857742985],
      [0.0060294992008, 0.017930999498, 0.96429700302, 0.01174249828],
      [0.060515887393, 0.00012109125379, 0.74909231493, 0.19027070642],
      [0.16652321167, 0.0047007871811, 0.56483472447, 0.26394127668],
      [0.090340895119, 0.081761661314, 0.33550058882, 0.49239685475]
    ],
    [
      [0.20300823737, 0.34539681638, 0.40197534876, 0.049619597493],
      [0.37379355402, 0.39550176088, 0.21487268262, 0.015832002475],
      [0.0053236933861, 0.91601053596, 0.067402102904, 0.01126366775],
