{
  "X": [
    [21, 38, 206, 47, 17],
    [2, 0, 21, 8, 2],
    [185, 41, 1218, 674, 181],
    [2, 10, 77, 9, 11],
    [91, 145, 1314, 244, 155],
    [6, 5, 61, 5, 5],
    [7, 17, 67, 13, 11],
    [2, 0, 5, 8, 1],
    [14, 17, 189, 50, 15],
    [2, 7, 54, 5, 2],
    [9, 3, 59, 11, 4],
    [92, 129, 1098, 258, 85],
    [45, 97, 443, 131, 45],
    [14, 36, 164, 34, 12],
    [55, 69, 377, 80, 43],
    [4, 1, 12, 1, 2],
    [0, 1, 5, 0, 0],
    [26, 137, 359, 67, 45],
    [9, 52, 131, 19, 12],
    [9, 19, 53, 14, 5],
    [12, 2, 54, 34, 6],
    [38, 28, 328, 119, 31],
    [224, 104, 2127, 429, 187],
    [18, 5, 124, 21, 18],
    [10, 7, 70, 41, 7],
    [2, 1, 13, 4, 1],
    [86, 27, 596, 308, 111],
    [3, 4, 17, 3, 8],
    [422, 179, 3866, 1622, 378],
    [11, 2, 108, 30, 14],
    [21, 48, 312, 41, 20],
    [2, 1, 16, 4, 1],
    [77, 19, 268, 242, 36],
    [8, 12, 156, 24, 16],
    [139, 191, 2395, 433, 246],
    [18, 29, 157, 35, 12],
    [6, 25, 104, 13, 7],
    [0, 0, 22, 2, 1],
    [29, 13, 137, 67, 17],
    [1, 0, 2, 1, 2],
    [15, 5, 78, 64, 12],
    [11, 27, 94, 25, 15],
    [6, 11, 58, 35, 13],
    [13, 2, 54, 21, 15],
    [33, 2, 121, 94, 20],
    [7, 0, 35, 40, 8],
    [36, 8, 166, 159, 33],
    [28, 11, 125, 56, 20],
    [16, 14, 105, 26, 29],
    [9, 28, 199, 29, 41],
    [20, 8, 147, 37, 14],
    [9, 15, 197, 52, 29],
    [5, 7, 36, 12, 9],
    [3, 0, 6, 3, 3],
    [0, 3, 11, 4, 1],
    [14, 13, 84, 23, 4],
    [5, 5, 19, 4, 5],
    [5, 4, 17, 4, 3],
    [3, 5, 37, 3, 4],
    [4, 10, 22, 6, 7],
    [1, 1, 16, 2, 2],
    [39, 8, 119, 118, 19],
    [62, 23, 352, 124, 41],
    [11, 6, 69, 32, 25],
    [35, 1, 17, 89, 14],
    [71, 16, 334, 86, 46],
    [39, 8, 183, 37, 21],
    [12, 0, 30, 71, 9],
    [5, 0, 12, 5, 1],
    [30, 2, 143, 52, 23],
    [11, 6, 50, 41, 13],
    [31, 10, 108, 158, 37],
    [11, 0, 9, 32, 2],
    [27, 6, 50, 103, 9],
    [16, 7, 114, 84, 25],
    [42, 2, 103, 75, 17],
    [1, 2, 11, 4, 1],
    [72, 24, 434, 256, 64],
    [59, 9, 290, 113, 30],
    [16, 6, 116, 63, 18],
    [19, 5, 119, 64, 14],
    [32, 6, 188, 112, 22],
    [33, 28, 253, 79, 37],
    [8, 25, 112, 32, 8],
    [20, 13, 123, 51, 21],
    [51, 4, 100, 139, 22],
    [17, 18, 192, 22, 24],
    [17, 19, 295, 54, 39],
    [22, 29, 196, 93, 20],
    [18, 17, 91, 67, 21],
    [8, 2, 30, 52, 11],
    [13, 7, 81, 13, 11],
    [12, 4, 57, 18, 13],
    [19, 9, 58, 32, 20],
    [23, 14, 170, 24, 20],
    [27, 1, 80, 75, 21],
    [13, 0, 27, 63, 8],
    [3, 0, 0, 4, 0],
    [4, 0, 6, 22, 2],
    [0, 1, 8, 4, 4],
    [28, 4, 91, 77, 8],
    [22, 118, 449, 98, 42],
    [152, 178, 1838, 532, 228],
    [172, 94, 939, 363, 158],
    [3, 0, 6, 3, 0]
  ],
  "W": [
    [24, 68, 214, 23],
    [0, 8, 20, 5],
    [39, 812, 1092, 356],
    [7, 12, 81, 9],
    [93, 317, 1371, 168],
    [6, 8, 60, 8],
    [8, 17, 79, 11],
    [0, 8, 5, 3],
    [16, 66, 188, 15],
    [5, 9, 54, 2],
    [10, 20, 47, 9],
    [130, 380, 1037, 115],
    [85, 191, 437, 48],
    [31, 58, 160, 11],
    [59, 138, 377, 50],
    [3, 4, 11, 2],
    [0, 0, 6, 0],
    [87, 109, 399, 39],
    [31, 35, 149, 8],
    [16, 16, 54, 14],
    [4, 47, 52, 5],
    [12, 172, 319, 41],
    [96, 655, 2034, 286],
    [5, 38, 123, 20],
    [1, 42, 59, 33],
    [3, 4, 10, 4],
    [19, 365, 559, 185],
    [3, 8, 17, 7],
    [155, 2126, 3691, 495],
    [2, 44, 109, 10],
    [16, 63, 338, 25],
    [0, 4, 18, 2],
    [14, 330, 241, 57],
    [14, 32, 153, 17],
    [179, 573, 2364, 288],
    [18, 53, 168, 12],
    [11, 23, 106, 15],
    [0, 1, 20, 4],
    [12, 84, 138, 29],
    [0, 3, 2, 1],
    [8, 79, 69, 18],
    [15, 40, 105, 12],
    [6, 44, 61, 12],
    [4, 35, 37, 29],
    [1, 123, 101, 45],
    [1, 43, 30, 16],
    [7, 183, 131, 81],
    [13, 73, 116, 38],
    [11, 36, 116, 27],
    [19, 48, 197, 42],
    [4, 55, 145, 22],
    [11, 61, 194, 36],
    [1, 16, 45, 7],
    [0, 7, 7, 1],
    [1, 5, 10, 3],
    [14, 37, 77, 10],
    [5, 11, 15, 7],
    [3, 10, 15, 5],
    [8, 6, 32, 6],
    [10, 15, 21, 3],
    [7, 4, 9, 2],
    [6, 164, 106, 27],
    [25, 235, 301, 41],
    [8, 45, 75, 15],
    [0, 115, 7, 34],
    [24, 152, 299, 78],
    [15, 81, 160, 32],
    [1, 89, 24, 8],
    [2, 11, 8, 2],
    [2, 67, 130, 51],
    [3, 53, 44, 21],
    [7, 155, 71, 111],
    [0, 40, 0, 14],
    [2, 116, 47, 30],
    [3, 105, 104, 34],
    [3, 113, 94, 29],
    [2, 6, 10, 1],
    [32, 356, 388, 74],
    [8, 198, 251, 44],
    [4, 93, 112, 10],
    [4, 83, 115, 19],
    [10, 180, 147, 23],
    [28, 105, 260, 37],
    [14, 46, 108, 17],
    [15, 68, 115, 30],
    [4, 196, 80, 36],
    [22, 40, 184, 27],
    [30, 70, 281, 43],
    [19, 121, 192, 28],
    [12, 89, 90, 23],
    [2, 55, 25, 21],
    [3, 24, 84, 14],
    [2, 24, 63, 15],
    [4, 47, 62, 25],
    [14, 48, 163, 26],
    [2, 100, 69, 33],
    [0, 73, 20, 18],
    [0, 7, 0, 0],
    [0, 24, 3, 7],
    [0, 5, 11, 1],
    [10, 107, 72, 19],
    [130, 130, 422, 47],
    [226, 660, 1738, 304],
    [145, 492, 828, 261],
    [1, 3, 5, 3]
  ],
  "method": "mult",
  "cond_prob": [
    [
      [0.0026793195471, 0.77939914988, 0.20035777485, 0, 0.017563755717],
      [0.22159591099, 0.0093689106564, 0.13247927192, 0.60913538289, 0.027420523539],
      [0.0060897731215, 0.086705936106, 0.86815167742, 0, 0.039052613352],
      [0.19843317111, 0.0044462674556, 0.27818973674, 0.24255625927, 0.27637456543]
    ],
    [
      [0.01102608225, 0, 0.92256882822, 0.00087444199706, 0.06553064753],
      [0.13450247064, 0, 0.1135106761, 0.73402068235, 0.017966170914],
      [0.010577984966, 0, 0.93349224012, 0.025879757018, 0.030050017895],
      [0.14248410711, 0, 0.28441395776, 0.32204788017, 0.25105405496]
    ],
    [
      [0.005187314982, 0.55870737644, 0.3975802473, 0.00066865132931, 0.037856409948],
      [0.15055115662, 0, 0.13294461236, 0.68716014883, 0.029344082189],
      [0.011330844097, 0.017591952673, 0.91034596696, 0.01570590685, 0.04502532942],
      [0.14094627468, 0, 0.2821504191, 0.27766581872, 0.29923748749]
    ],
    [
      [1.5368974689e-05, 0.74060915465, 0.2242743383, 0, 0.035101138071],
      [0.11275744575, 0.074014033761, 0.15959174794, 0.59575132103, 0.057885451517],
      [0, 0.048218871474, 0.87898446877, 0, 0.07279665976],
      [0.071867007576, 0.0024265469921, 0.25747074295, 0.20566490529, 0.4625707972]
    ],
    [
      [0.0033161380359, 0.72632250285, 0.24073204744, 0, 0.029629311666],
      [0.17560835114, 0.0023263254219, 0.14070262246, 0.64091206907, 0.04045063191],
      [0.0075843862232, 0.055690527614, 0.87744465073, 0.0013759768655, 0.057904458565],
      [0.1465807044, 0.00215981379, 0.26209864353, 0.23181196323, 0.35734887504]
    ],
    [
      [0.0083528437895, 0.63668624379, 0.32744577926, 0, 0.027515133162],
      [0.35971504848, 0, 0.1487375492, 0.46271933146, 0.028828070857],
      [0.012218098854, 0.019664708955, 0.92722315936, 0, 0.040894032835],
      [0.29238457727, 0, 0.27650442118, 0.16228066854, 0.26883033301]
    ],
    [
      [0.0031918295982, 0.83787247047, 0.13587193782, 1.8127842293e-05, 0.023045634265],
      [0.22984658995, 0.010561650858, 0.10711782452, 0.60773939754, 0.044734537137],
      [0.013079658782, 0.12693366897, 0.78282762419, 0.004939418955, 0.072219629104],
      [0.1848891173, 0.0081556657463, 0.20442174268, 0.2070973747, 0.39543609957]
    ],
    [
      [0.016966783437, -0, 0.90160325789, 0.0012001585399, 0.080229800132],
      [0.17007896323, 0, 0.0008312825325, 0.82371930354, 0.0053704507015],
      [0.020894276089, 0, 0.88646383237, 0.05988556975, 0.032756321788],
      [0.17829897125, 0, 0.18701019262, 0.37027257431, 0.26441826182]
    ],
    [
      [0.0038731318125, 0.66941829143, 0.29900073852, 0.00032593309965, 0.027381905133],
      [0.15549304249, 0, 0.13956241882, 0.67551478234, 0.029429756349],
      [0.0080322141261, 0.033395313587, 0.90791941699, 0.0072202371875, 0.043432818114],
      [0.14436218874, 0.00073255884913, 0.2877345432, 0.27022698964, 0.29694371956]
    ],
    [
      [0, 0.75393724755, 0.233917201, 0, 0.012145551445],
      [0.18404649936, 0.11942851868, 0.17348385041, 0.50229815427, 0.02074297729],
      [0, 0.039848359453, 0.93611415228, 0, 0.024037488268],
      [0.17179075289, 0.0018228418602, 0.3594475591, 0.2396583058, 0.22728054035]
    ],
    [
      [0.024004013895, 0.3, 0.64457432543, 0, 0.031421660676],
      [0.31667943261, 0, 0.18974903064, 0.47148638336, 0.022085153399],
      [0, 0, 0.97291131653, 0, 0.027088683472],
      [0.26959680098, 0, 0.33693825068, 0.17447470365, 0.21899024468]
    ],
    [
      [0.0020500325092, 0.67199554451, 0.30185654514, 0, 0.024097877834],
      [0.192011447, 0.013280852617, 0.16131516994, 0.60477990235, 0.028612628097],
      [0, 0.035142664756, 0.92728096296, 0, 0.03757637228],
      [0.16320996448, 0.0013122770999, 0.31190022574, 0.24507510528, 0.27850242739]
    ],
    [
      [0.001074932087, 0.7396355719, 0.23470944607, 0, 0.024580049941],
      [0.19255680711, 0.011064944734, 0.13736071419, 0.62513952804, 0.033878005925],
      [0.0011257136424, 0.07284638964, 0.877954089, 0, 0.048073807713],
      [0.15913216153, 0.0038270764854, 0.27391382874, 0.24163229465, 0.3214946386]
    ],
    [
      [0, 0.74131777937, 0.23837455202, 0, 0.020307668613],
      [0.20770842121, 0.059054048348, 0.15827643748, 0.54394377588, 0.031017317084],
      [0, 0.059743816839, 0.90073055085, 0, 0.039525632306],
      [0.17753741545, 0.0031821219254, 0.30122430699, 0.22284190898, 0.29521424665]
    ],
    [
      [0.0035878708372, 0.7304776893, 0.23889276402, 0, 0.027041675847],
      [0.29993083574, 0.0072069605011, 0.14193428032, 0.51317855106, 0.037749372375],
      [0.0047666045512, 0.065596589633, 0.87652469176, 0, 0.053112114058],
      [0.23201700745, 0.0035468298107, 0.25737174892, 0.18362719907, 0.32343721475]
    ],
    [
      [0.18959682234, 0.33333333333, 0.4130484425, 0.00024444693829, 0.063776954893],
      [0.61251516718, 0, 0.12421852749, 0.21668379163, 0.046582513702],
      [0.016831161702, 0, 0.90019807235, 0.0022719642869, 0.080698801663],
      [0.39800304279, 0, 0.18090088336, 0.053769942745, 0.36732613111]
    ],
    [
      [0, 1, 0, 0, 0],
      [0, 0.0040412004179, 0.99595879958, -0, 0],
      [0, 0.16666666667, 0.83333333333, 0, 0],
      [0, 0.013746170561, 0.98625382944, -0, -0]
    ],
    [
      [0, 0.82160006514, 0.15643512449, 0, 0.021964810365],
      [0.18672836004, 0.095722954691, 0.13221760587, 0.54009919012, 0.045231889272],
      [0, 0.13710642467, 0.80530946981, 0, 0.057584105512],
      [0.14478483988, 0.0097827904291, 0.24769094033, 0.20844072505, 0.38930070431]
    ],
    [
      [0, 0.83593232112, 0.1464945841, 0, 0.017573094783],
      [0.21703991213, 0.11205163411, 0.1350691467, 0.49648589788, 0.039353409172],
      [0, 0.14839442008, 0.80296462828, 0, 0.048640951637],
      [0.17545038442, 0.0066902823822, 0.26118976808, 0.20287419679, 0.35379536834]
    ],
    [
      [0.005399322789, 0.79651924356, 0.18336676619, 0.001774001731, 0.012940665728],
      [0.26567272153, 0.015015337353, 0.097636147653, 0.60414669089, 0.017529102581],
      [0.016161484144, 0.10770666973, 0.83499363434, 0.011925851334, 0.029212360449],
      [0.27072336766, 0.014234752862, 0.24387836599, 0.26151949615, 0.20964401734]
    ],
    [
      [0.021188649975, 0.5, 0.42920282088, 0.0023103000654, 0.047298229076],
      [0.20440298194, 0, 0.10259774155, 0.66150298295, 0.03149629356],
      [0.026576796462, 0, 0.88896466727, 0.031750670017, 0.052707866254],
      [0.18526236657, 0, 0.24698643313, 0.24981675206, 0.31793444824]
    ],
    [
      [0.0028136575852, 0.75013291129, 0.22643730526, 0, 0.020616125866],
      [0.182791457, 0.0039580964341, 0.15081354116, 0.63218653809, 0.030250367303],
      [0.00027036949638, 0.057151675697, 0.90070090322, 0, 0.041877051587],
      [0.15706969841, 0.0021031202577, 0.29315207633, 0.25033940117, 0.29733570384]
    ],
    [
      [0.0062328499862, 0.59546656478, 0.36701123882, 0, 0.031289346421],
      [0.24664496733, 0, 0.16165355037, 0.56101547306, 0.03068600924],
      [0.0021371786352, 0.022994171928, 0.93401766272, 0, 0.040850986714],
      [0.20105654356, 0.00022749678545, 0.30102069792, 0.21515687113, 0.28253839061]
    ],
    [
      [0.0086856961816, 0.57445273894, 0.36756541279, 0, 0.049296152092],
      [0.32413170125, 0, 0.15424415907, 0.47300122033, 0.048622919354],
      [0.0086114328196, 0.017298669149, 0.90526893466, 0, 0.068820963369],
      [0.22901803175, 0, 0.2476407964, 0.15129768137, 0.37204349049]
    ],
    [
      [0.0012360303882, 0.87187040174, 0.12124509404, 0, 0.0056484738353],
      [0.12629087738, 0.0072235944605, 0.14453684203, 0.71286410208, 0.0090845840511],
      [0.0014254787755, 0.094355661721, 0.89063933725, 1.5809225818e-06, 0.013577941336],
      [0.13971042037, 0.0078107451334, 0.34122686797, 0.33513983146, 0.17611213507]
    ],
    [
      [0.11571490461, 0.33333333333, 0.5265611899, 0.0047987181703, 0.019591853977],
      [0.19583389839, 0, 0.13382261839, 0.65899914321, 0.011344340013],
      [0, 0, 0.96163513208, 0.020599330082, 0.017765537841],
      [0.21737992315, 0, 0.31716865899, 0.28590349296, 0.1795479249]
    ],
    [
      [0.0043859017532, 0.6296268493, 0.32638546661, 0.00061749133487, 0.038984291005],
      [0.15062886064, 0, 0.1261469564, 0.6855182518, 0.037705931152],
      [0.011236043695, 0.026899981866, 0.88740633257, 0.01628875717, 0.058168884697],
      [0.13327667733, 0, 0.25781025481, 0.2630740027, 0.34583906516]
    ],
    [
      [0, 0.79476025248, 0.15645061853, 0, 0.048789128983],
      [0.26259379807, 0.1192921947, 0.17244880889, 0.31894425793, 0.12672094041],
      [0, 0.033681263185, 0.8167085646, 0, 0.14961017222],
      [0.12846423077, 0.012685744396, 0.18100172502, 0.064063705227, 0.61378459458]
    ],
    [
      [0.0045371321502, 0.60211962091, 0.35957724156, 0.0004823566745, 0.03328364871],
      [0.14957758242, 0, 0.14009249864, 0.6806259159, 0.029704003034],
      [0.0092449874351, 0.023176978733, 0.91277748232, 0.010704707789, 0.044095843726],
      [0.13974051648, 0.00025299041913, 0.28963068326, 0.27354234559, 0.29683346425]
    ],
    [
      [0.0072974847793, 0.4578446145, 0.46758341077, 0.00034244708115, 0.066932042863],
      [0.18946847915, 0, 0.14067394107, 0.62195385722, 0.047903722561],
      [0.01066570084, 0.0099478052385, 0.90302125567, 0.0050165687135, 0.071348669535],
      [0.14862305561, 0, 0.2445862903, 0.20865393986, 0.39813671423]
    ],
    [
      [0.0021654931558, 0.82266992977, 0.16241441805, 0, 0.012750159028],
      [0.25188277063, 0.016290730846, 0.14666100586, 0.55847938718, 0.026686105489],
      [0, 0.099747416534, 0.86608232824, 0, 0.034170255222],
      [0.2038695024, 0.0038535316806, 0.29703595983, 0.23263194431, 0.26260906178]
    ],
    [
      [0, 1, 0, 0, 0],
      [0.23417788264, 0, 0.077480238137, 0.67498336962, 0.013358509609],
      [0.029139316272, 0.055478478404, 0.84681979508, 0.038950670673, 0.029611739568],
      [0.26939038828, 0.00069369436191, 0.22366136798, 0.29947722471, 0.20677732467]
    ],
    [
      [0.0048401488658, 0.69859469748, 0.26997240333, 0.00094997511229, 0.025642775204],
      [0.19192399526, 0, 0.10883405724, 0.67252199282, 0.026719954675],
      [0.014165557049, 0.038077385598, 0.88458908077, 0.018895440918, 0.044272535662],
      [0.17865649526, 0.00075481238655, 0.26524875436, 0.27194107817, 0.28339885982]
    ],
    [
      [0.0037699418335, 0.61776926998, 0.34080692449, 0, 0.037653863693],
      [0.17511053462, 0, 0.15736108293, 0.62789232219, 0.039636060264],
      [0.00096041898699, 0.021901992708, 0.92376368929, 0, 0.053373899012],
      [0.12921997656, 1.3255055829e-05, 0.28572376127, 0.22984974647, 0.35519326065]
    ],
    [
      [0.00315333477, 0.64607016013, 0.31701630304, 0, 0.033760202058],
      [0.17003699205, 0, 0.15626897981, 0.63580766722, 0.037886360911],
      [0.0013581481652, 0.031791320301, 0.91599635122, 0, 0.050854180314],
      [0.13122810545, 0.00069013938887, 0.28922424319, 0.23847988431, 0.34037762766]
    ],
    [
      [0.0042535409122, 0.78307096851, 0.19472275853, 3.7469990163e-05, 0.017915262058],
      [0.24804659288, 0.0087145582853, 0.12303784887, 0.59288651881, 0.027314481154],
      [0.012257738878, 0.085738740348, 0.85602372541, 0.0046457819294, 0.041334013431],
      [0.22647222579, 0.0032285499295, 0.26349987392, 0.23298738991, 0.27381196045]
    ],
    [
      [0, 0.83669692115, 0.15394646899, 0, 0.0093566098642],
      [0.15380928879, 0.21197840869, 0.18152462467, 0.42640024319, 0.026287434664],
      [0, 0.10138934639, 0.87641426204, 0, 0.022196391565],
      [0.16415909052, 0.011570650004, 0.34877404647, 0.21285296045, 0.26264325256]
    ],
    [
      [0, 0, 0.96120859213, 0.00075886219653, 0.038032545677],
      [0, 0, 0.12267132476, 0.86663100786, 0.010697667377],
      [0, 0, 0.98979070943, 0, 0.010209290568],
      [0, 0, 0.52037862165, 0.28334224803, 0.19627913031]
    ],
    [
      [0.0069549432966, 0.69266773079, 0.27064840062, 0.0027168778148, 0.027012047477],
      [0.2294441993, 0, 0.096129238531, 0.64769197303, 0.026734589137],
      [0.024421805274, 0.033931455713, 0.85988496609, 0.035246197789, 0.046515575139],
      [0.2163109935, 0.00018780489866, 0.24183578745, 0.26542401506, 0.27624139909]
    ],
    [
      [0.015448000384, -0, 0.66975273004, 0.00026883904087, 0.31453043054],
      [0.31054053393, 0, 0.1270825996, 0.32868807015, 0.23368879632],
      [0, 0, 0.77967687627, 0, 0.22032312373],
      [0.068378398222, 0, 0.059398448655, 0.013935789559, 0.85828736356]
    ],
    [
      [0.005265629011, 0.58706117704, 0.36580529577, 0.0027008052007, 0.039167092974],
      [0.13897716367, 0, 0.10956406119, 0.72067705243, 0.030781722709],
      [0.022912862972, 0.0043987041114, 0.89457297058, 0.027443101668, 0.050672360672],
      [0.13320508292, 0, 0.26069232389, 0.28618513342, 0.31991745977]
    ],
    [
      [0, 0.82372388897, 0.15072771991, 0, 0.025548391122],
      [0.22657427416, 0.037250652236, 0.11906050207, 0.56679516677, 0.050319404765],
      [0, 0.12436842113, 0.80332331014, 0, 0.072308268728],
      [0.16141908614, 0.0079526131263, 0.21897637946, 0.19401611076, 0.41763581051]
    ],
    [
      [0.0016196501788, 0.81073457782, 0.15826100367, 7.0240855963e-05, 0.02931452747],
      [0.10510901098, 0.016015895891, 0.10558988951, 0.7198699333, 0.05341527032],
      [0.0059702586237, 0.087935572208, 0.81716290189, 0.0060807830518, 0.082850484225],
      [0.083441653332, 0.0055686007666, 0.21312848533, 0.24619781029, 0.45166345028]
    ],
    [
      [0.0056276286051, 0.5, 0.44539821736, 0, 0.048974154035],
      [0.23304502976, 0, 0.22954415248, 0.485342601, 0.052068216752],
      [0, 0, 0.94154138831, 0, 0.058458611692],
      [0.16623839462, 0, 0.32232173884, 0.13837961948, 0.37306024707]
    ],
    [
      [0.0069933312746, 0.52713846654, 0.42760718372, 0.00043515776386, 0.037825860697],
      [0.19187699611, 0, 0.12649909533, 0.6555557659, 0.026068142666],
      [0.013457064718, 0.01458278746, 0.91557430703, 0.014630980879, 0.041754859911],
      [0.17851050247, 0, 0.27866664622, 0.26418836818, 0.27863448312]
    ],
    [
      [0.0095988875239, 0, 0.88959739867, 0.0019098105105, 0.098893903297],
      [0.1148698246, 0, 0.075152899177, 0.78327774791, 0.026699528318],
      [0.010548008716, 0, 0.90106114965, 0.036750877068, 0.051639964563],
      [0.10840989958, 0, 0.24043709045, 0.32591379484, 0.32523921513]
    ],
    [
      [0.0037268257359, 0.65144477404, 0.3156781834, 0.00084860713491, 0.028301609687],
      [0.1316652708, 0, 0.12272554465, 0.72185696153, 0.023752223021],
      [0.01119485282, 0.026258676196, 0.90443217122, 0.017440157569, 0.040674142199],
      [0.12855113511, 0, 0.28210942736, 0.30382191541, 0.28551752212]
    ],
    [
      [0.0073654721534, 0.64677798886, 0.31141774461, 0.0018015442986, 0.032637250086],
      [0.23708709958, 0, 0.11931838516, 0.61171745216, 0.031877063108],
      [0.021792343389, 0.022343846076, 0.88519393907, 0.019880106856, 0.050789764605],
      [0.21234154631, 0, 0.25154816503, 0.23723982951, 0.29887045915]
    ],
    [
      [0.0056951431356, 0.72618696987, 0.21788470142, 0.00053988178785, 0.04969330378],
      [0.25048634032, 0.0018006913762, 0.1139665164, 0.56559551108, 0.068150940829],
      [0.019300433685, 0.050801572832, 0.80637854758, 0.0093175601439, 0.11420188576],
      [0.17337018024, 0.0020050367917, 0.18372452501, 0.16858466388, 0.47231559408]
    ],
    [
      [0, 0.73650913185, 0.22525248066, 0, 0.038238387492],
      [0.1186767945, 0.14276927528, 0.19402530306, 0.4692028227, 0.075325804463],
      [0, 0.035166662655, 0.8846826751, 0, 0.080150662244],
      [0.078655092002, 0.0053706842515, 0.26486907918, 0.1542443931, 0.49686075146]
    ],
    [
      [0.0055871352625, 0.68934658758, 0.2800286446, 0.00011140390518, 0.024926228654],
      [0.24715801136, 0.00020391183977, 0.14437541915, 0.57895856722, 0.029304090426],
      [0.010935235216, 0.035950618025, 0.90873056689, 0.0021998805564, 0.042183699315],
      [0.21810689671, 0.00084358567757, 0.28060478043, 0.21990229575, 0.28054244142]
    ],
    [
      [0.001631644285, 0.68286597923, 0.27970966394, 0, 0.035792712554],
      [0.10207058232, 0.0021408870424, 0.15025809761, 0.70159688329, 0.043933549737],
      [0, 0.03771644757, 0.90134564109, 0, 0.060937911343],
      [0.076548510873, 0.0011358136225, 0.27489987143, 0.25562750331, 0.39178830076]
    ],
    [
      [0.0016707366689, 0.90689002629, 0.073746379324, 0.00018767709584, 0.017505180622],
      [0.20441900108, 0.006180360179, 0.095476944429, 0.63261856099, 0.061305133316],
      [0.015260509099, 0.13250668101, 0.73786709004, 0.011373311625, 0.10299240823],
      [0.14870033379, 0.0044890807493, 0.17065763688, 0.19515947485, 0.48099347373]
    ],
    [
      [0.024985733321, -0, 0.68003130665, 0.00041206116115, 0.29457089887],
      [0.38077682989, 0, 0.071293517292, 0.41679906225, 0.13113059057],
      [0.025983030843, 0, 0.77279037354, 0.0020159555302, 0.19921064009],
      [0.15268097488, 0, 0.091412764193, 0.068294875518, 0.68761138541]
    ],
    [
      [0, 0.9441239247, 0.05483771117, 0, 0.0010383641312],
      [0, 0.20320020672, 0.16834458817, 0.61671550605, 0.011739699056],
      [0, 0.095689556764, 0.89884149882, 0, 0.0054689444204],
      [0, 0.027659824687, 0.3716747866, 0.30547415658, 0.29519123213]
    ],
    [
      [0.0051022925242, 0.69576233399, 0.28623254069, 0, 0.012902832798],
      [0.27981673527, 0.0020802845101, 0.14646128669, 0.55702137693, 0.014620316602],
      [0.010382259968, 0.041139074418, 0.92731302639, 0.00034998968249, 0.020815649542],
      [0.27759146823, 0.0014648067093, 0.31705737908, 0.23632598481, 0.16756036118]
    ],
    [
      [0, 0.73045286493, 0.23536169101, 0, 0.034185444061],
      [0.32202886139, 0.092931195431, 0.20746648198, 0.31180244701, 0.065771014186],
      [0, 0.015991335158, 0.91270153479, 0, 0.071307130049],
      [0.20824036067, 0.012231785465, 0.26436246018, 0.081453297558, 0.43371209613]
    ],
    [
      [0, 0.80556162085, 0.17510491039, 0, 0.019333468755],
      [0.3652045845, 0.076252641873, 0.17130798664, 0.34553657907, 0.041698207925],
      [0, 0.050657149347, 0.89824259725, 0, 0.051100253403],
      [0.269590831, 0.012186295702, 0.25759328874, 0.10892684187, 0.35170274269]
    ],
    [
      [0, 0.60025992379, 0.36635499449, 0, 0.033385081715],
      [0.29110240844, 0.032986768275, 0.26876064299, 0.3657801641, 0.041370016192],
      [0, 0, 0.95580633201, 0, 0.044193667989],
      [0.20889759156, 0, 0.31179892696, 0.1342198359, 0.34508364558]
    ],
    [
      [0, 0.73305046061, 0.2025054595, 0, 0.064444079894],
      [0.24075541856, 0.11165697201, 0.15371204399, 0.38162467261, 0.11225089283],
      [0, 0.046344386948, 0.81741379436, 0, 0.13624181869],
      [0.12955624055, 0.0071362292882, 0.16785835449, 0.091876636937, 0.60357253873]
    ],
    [
      [0, 0.14285714286, 0.78759583453, 0, 0.069547022614],
      [0.19125831404, 0, 0.31833722452, 0.43970847997, 0.050695981477],
      [0, 0, 0.95139559846, 0, 0.048604401537],
      [0.11748337193, 0, 0.32545993703, 0.12058304007, 0.43647365098]
    ],
    [
      [0.0049099026502, 0.70338681048, 0.26237724525, 0.00086796866288, 0.028458072957],
      [0.19802496404, 0, 0.10572739882, 0.66533054758, 0.030917089561],
      [0.015926137594, 0.035509409805, 0.87995926155, 0.017827309446, 0.0507778816],
      [0.17801021842, 0.00058080362188, 0.2522504221, 0.25892176235, 0.31023679351]
    ],
    [
      [0.0028369182854, 0.60895392895, 0.35106256599, 0, 0.037146586773],
      [0.23166852777, 0.028652925803, 0.1997550306, 0.49675535158, 0.043168164241],
      [0, 0.0033946079797, 0.94409470881, 0, 0.05251068321],
      [0.18260909795, 0.00051066367373, 0.29532917824, 0.17713396043, 0.3444170997]
    ],
    [
      [0.0056541743371, 0.61465749927, 0.28942854179, 0.0012757832811, 0.088984001314],
      [0.17447343333, 0, 0.10072154515, 0.62838917304, 0.096415848482],
      [0.019385137681, 0.014436533411, 0.79675938689, 0.015660338963, 0.15375860306],
      [0.10997178529, 0, 0.15967654117, 0.16918370165, 0.56116797189]
    ],
    [
      [0, 1, 0, 0, 0],
      [0.23129687661, 0, 0.059005052039, 0.68703207367, 0.022665997688],
      [0.074920930341, 0.14285714286, 0.70546181051, 0.010544579216, 0.066215537071],
      [0.23165919641, 0, 0.15518195123, 0.291691161, 0.32146769136]
    ],
    [
      [0.0095372318795, 0.53579590021, 0.41304951184, 0, 0.041617356068],
      [0.31818799784, 0, 0.16332856291, 0.48091543078, 0.03756800847],
      [0.0095863905032, 0.010504676906, 0.92843907754, 0, 0.051469855051],
      [0.25051538465, 0, 0.27766135857, 0.1653955708, 0.30642768598]
    ],
    [
      [0.0094074134201, 0.49135274457, 0.45621485988, 0, 0.043024982136],
      [0.37101791892, 0.0050444613494, 0.183430631, 0.40272339715, 0.037783591581],
      [0, 0.0013819216387, 0.95037339746, 0, 0.048244680904],
      [0.27520116769, 0, 0.28872351243, 0.13685640096, 0.29921891891]
    ],
    [
      [0.010579560634, 0, 0.84588523869, 0.0013915561037, 0.14214364457],
      [0.12305141999, 0, 0.068011688939, 0.76772542514, 0.041211465926],
      [0.0090425580194, 0, 0.89315074227, 0.018470926343, 0.079335773365],
      [0.10260283347, 0, 0.2081820789, 0.27846792172, 0.41074716591]
    ],
    [
      [0.022815889958, 7.4837411883e-50, 0.92429256475, 0, 0.052891545297],
      [0.38288294582, 0, 0.17018788985, 0.42793376399, 0.018995400338],
      [0.014781412154, 0, 0.95936981219, 0.00026078368513, 0.025587991971],
      [0.31220225941, 0, 0.30219479233, 0.14532116329, 0.24028178496]
    ],
    [
      [0.010708989209, 0.42591902356, 0.51426223309, 0.00045384370321, 0.048655910443],
      [0.24850506738, 0, 0.13544781094, 0.58507990502, 0.030967216659],
      [0.016646196029, 0.0088320150222, 0.91654070432, 0.010807605016, 0.047173479615],
      [0.21891641222, 0, 0.26953295371, 0.22340686322, 0.28814377084]
    ],
    [
      [0.0021631401565, 0.81036771035, 0.16506157263, 0, 0.022407576864],
      [0.15073717769, 0.0092054689022, 0.12448604905, 0.67350162286, 0.042069681503],
      [0.0075870523918, 0.067716371854, 0.85863673293, 0.0038122513271, 0.062247591496],
      [0.12717189795, 0.0048326978845, 0.24414468731, 0.2446035681, 0.37924714876]
    ],
    [
      [0.002370457861, 0.7680142757, 0.20873135618, 0.0012573860688, 0.019626524193],
      [0.11385017981, 0.0031063741701, 0.10044269683, 0.76467079484, 0.017929954347],
      [0.0072366423906, 0.053224472269, 0.88002052711, 0.018464673716, 0.041053684514],
      [0.11552096679, 0.0032745454293, 0.25665590156, 0.34374984923, 0.28079873699]
    ],
    [
      [0.016910732198, -0, 0.94727082724, 0.00084862663315, 0.034969813933],
      [0.19715447173, 0, 0.11482622822, 0.68502748841, 0.0029918116386],
      [0.010876299765, -0, 0.9645901984, 0.0067549256328, 0.017778576205],
      [0.22241579506, 0, 0.31478220509, 0.32849289025, 0.1343091096]
    ],
    [
      [0.0025536742944, 0.87335114698, 0.11394566184, 0.0011266769668, 0.0090228399225],
      [0.17635192841, 0.00020364750254, 0.035174652111, 0.7786356908, 0.0096340811768],
      [0.015644720907, 0.08884260826, 0.83032528123, 0.032362376228, 0.032825013379],
      [0.19342556909, 0.0018024002519, 0.22221869379, 0.37183249437, 0.21072084249]
    ],
    [
      [0.0022755629099, 0.73636649863, 0.22939509068, 0.00023996358112, 0.031722884199],
      [0.11477386848, 0.001038081973, 0.13066990161, 0.70865475405, 0.044863393876],
      [0.0063576049093, 0.044622505996, 0.8753347081, 0.0077335125176, 0.065951668478],
      [0.096491947351, 0.0012106256879, 0.25166662989, 0.25841898917, 0.3922118079]
    ],
    [
      [0.012343960874, 0.47042465496, 0.46696900655, 0.00090184095553, 0.049360536661],
      [0.28363785329, 0, 0.097310278678, 0.58771415159, 0.031337716436],
      [0.029197940269, 0.0062630429268, 0.89019857601, 0.022673237259, 0.051667203534],
      [0.24714773483, 0, 0.23877121878, 0.22256244982, 0.29151859657]
    ],
    [
      [0, 0.78426667148, 0.19820918386, 0, 0.017524144653],
      [0.14622567389, 0.038980977163, 0.15692489938, 0.62878654426, 0.029081905307],
      [0, 0.019643184878, 0.9392630674, 0, 0.041093747726],
      [0.12264595665, 0.0011489452731, 0.26940156202, 0.22728073446, 0.37952280159]
    ],
    [
      [0.0051132068227, 0.57362459607, 0.37629926386, 0.00049988032272, 0.044463052925],
      [0.15866769655, 0, 0.14228500138, 0.65928781744, 0.039759484629],
      [0.013266711146, 0.014546425066, 0.9058626873, 0.0084898089307, 0.05783436756],
      [0.13788099306, 0, 0.26797622153, 0.2430202021, 0.35112258331]
    ],
    [
      [0.006862311738, 0.55194720175, 0.40615850503, 0, 0.035031981481],
      [0.25131027688, 0.0080645239341, 0.18145513995, 0.52679671166, 0.032373347578],
      [0, 0.011868492785, 0.94593118173, 0, 0.042200325488],
      [0.20876515192, 0.00019670358945, 0.3044065372, 0.19759661569, 0.28903499159]
    ],
    [
      [0.0036270259587, 0.6590516591, 0.29114717895, 6.9868705986e-05, 0.046104267286],
      [0.15046683481, 0, 0.14335920733, 0.65257776406, 0.053596193807],
      [0.0074407303049, 0.029985610692, 0.88492014633, 0.0012919302546, 0.076361582419],
      [0.11587144648, 0.0005404966097, 0.23919486138, 0.21652922794, 0.42786396759]
    ],
    [
      [0.0052480537677, 0.62506374303, 0.334891587, 0.00083131005409, 0.033965306144],
      [0.17168684024, 0, 0.11925179652, 0.67885508312, 0.030206280122],
      [0.014856965059, 0.021732765624, 0.8931853034, 0.022046385963, 0.048178579953],
      [0.15897100332, 2.5104266646e-05, 0.26559077103, 0.26928255134, 0.30613057004]
    ],
    [
      [0.0039327544023, 0.48644904676, 0.46486001979, 0, 0.044758179041],
      [0.16043519005, 0.005524183407, 0.20177913104, 0.59406424735, 0.038197248146],
      [0, 0.00096024842921, 0.95136991607, 0, 0.047669835499],
      [0.13401470637, 0, 0.31216428485, 0.22036675988, 0.33345424891]
    ],
    [
      [0.0059068508027, 0.67449066485, 0.27852851774, 0.0015059431101, 0.039568023499],
      [0.21042116095, 0, 0.11932725931, 0.62774376853, 0.04250781121],
      [0.01649414286, 0.034976858489, 0.86184526917, 0.018028047599, 0.068655681881],
      [0.17437592254, 0.00054805883911, 0.23221808895, 0.22587690599, 0.36698102367]
    ],
    [
      [0, 0.80739827487, 0.18155188119, 0, 0.011049843943],
      [0.12609031824, 0.10114499883, 0.1579201303, 0.59363827345, 0.021206279183],
      [0, 0.082215860148, 0.89325602245, 0, 0.024528117401],
      [0.1294026683, 0.0096730182232, 0.33660572028, 0.27603761301, 0.24828098018]
    ],
    [
      [0.0053839371218, 0.65654434917, 0.29961725304, 0.00081571836354, 0.037638742309],
      [0.196283709, 0, 0.13189651669, 0.63120172138, 0.04061805293],
      [0.013885519493, 0.027407258804, 0.8868715888, 0.010372365401, 0.061463267498],
      [0.16583713298, 0, 0.2515515119, 0.22910750499, 0.35350385013]
    ],
    [
      [0.0065605651763, 0.63937541628, 0.31706511283, 0.00073677476812, 0.036262130948],
      [0.21508992761, 0, 0.096847236456, 0.65630923718, 0.031753598761],
      [0.023605881478, 0.018031229186, 0.8884717445, 0.015751271202, 0.054139873633],
      [0.19243503917, 0, 0.24088726787, 0.25278724218, 0.31389045079]
    ],
    [
      [0.0035536060069, 0.62056194635, 0.33516159794, 0, 0.040722849701],
      [0.29103296446, 0.036376791156, 0.17704965582, 0.44658140022, 0.048959188342],
      [0, 0.015720464859, 0.9242539518, 0, 0.060025583346],
      [0.19557415146, 0, 0.27710116601, 0.15321274041, 0.37411194212]
    ],
    [
      [0.0042400803076, 0.5460777942, 0.39933086264, 0, 0.05035126285],
      [0.15701204906, 0, 0.16044462148, 0.6364170561, 0.046126273369],
      [0.0030176982952, 0.0093155379854, 0.92482688934, 0, 0.062839874376],
      [0.11706932409, 0, 0.27703708633, 0.21978618775, 0.38610740184]
    ],
    [
      [0.0025410038321, 0.76319706136, 0.2143464191, 6.2072895642e-05, 0.019853442809],
      [0.14028703188, 0.0099578211281, 0.12785115542, 0.69424850756, 0.027655484007],
      [0.0064901457202, 0.068729529241, 0.87786640917, 0.005320132325, 0.041593783548],
      [0.13324578896, 0.0035103522636, 0.28239563112, 0.28476020692, 0.29608802073]
    ],
    [
      [0.0030758343092, 0.77617828017, 0.18834350713, 0.0007968833093, 0.03160549508],
      [0.15826494612, 0.013758962206, 0.10018249471, 0.67925139814, 0.048542198833],
      [0.010254462364, 0.070617210854, 0.83156380586, 0.011398648757, 0.076165872167],
      [0.12846122484, 0.0045984358624, 0.2166475373, 0.23961672078, 0.41067608121]
    ],
    [
      [0.0025573292701, 0.74768720056, 0.21703766097, 0.0019028773705, 0.030814931829],
      [0.098523327172, 0, 0.064726761107, 0.8055563097, 0.031193602016],
      [0.023052241706, 0.020185023955, 0.86352135596, 0.029383445082, 0.063857933297],
      [0.095228395444, 0, 0.21037709134, 0.33123862307, 0.36315589014]
    ],
    [
      [0.005345752236, 0.76373985473, 0.20530967306, 0, 0.025604719974],
      [0.35739478834, 0.0018516754043, 0.14431435814, 0.45402481794, 0.042414360177],
      [0.0090180766363, 0.055197101011, 0.87521348014, 0, 0.060571342212],
      [0.26064067041, 0.0019845529415, 0.24304243241, 0.15024316924, 0.344089175]
    ],
    [
      [0.0064119803773, 0.74236426611, 0.21261067275, 0.00074371005093, 0.037869370713],
      [0.28295379953, 0, 0.098200703996, 0.56815371421, 0.050691782268],
      [0.029962645257, 0.039879581983, 0.81574685399, 0.023724185329, 0.090686733442],
      [0.22057587996, 0.0001905201918, 0.18839399715, 0.19121331754, 0.39962628516]
    ],
    [
      [0.004221204908, 0.82472650471, 0.14134207709, 0.00042679507091, 0.029283418215],
      [0.26993604529, 0.00892925965, 0.089093556731, 0.56963914912, 0.062401989201],
      [0.021069128787, 0.082823544188, 0.78735586172, 0.010484272719, 0.098267192584],
      [0.19959340267, 0.0058543615167, 0.17724684394, 0.18300911609, 0.43429627578]
    ],
    [
      [0.0053637174258, 0.64702574771, 0.3133508828, 0, 0.034259652063],
      [0.34529000134, 0.020379179525, 0.17098606664, 0.42105471312, 0.042290039376],
      [0, 0.024230612301, 0.92178098982, 0, 0.053988397879],
      [0.24426876507, 0.00053265806443, 0.2752098116, 0.14574514501, 0.33424362026]
    ],
    [
      [0.0096064128913, 0.39670844176, 0.52218777873, 0.00083313579558, 0.070664230821],
      [0.20009101975, 0, 0.099987203389, 0.65713657326, 0.042785203603],
      [0.020669408148, 0.0029939582097, 0.88971684181, 0.019494274396, 0.067125517436],
      [0.16804533446, 0, 0.22928612178, 0.24059307482, 0.36207546894]
    ],
    [
      [0.013021914094, 0, 0.88732516549, 0.0010592076156, 0.098593712796],
      [0.14108728341, 0, 0.062488154543, 0.77561588823, 0.02080867382],
      [0.010828038312, 0, 0.91603741978, 0.020949313736, 0.052185228175],
      [0.1380037525, 0, 0.22875646238, 0.33116966025, 0.30207012487]
    ],
    [
      [0.98050318548, -0, 0, 0.019496814518, 0],
      [0.42857142857, 0, 0, 0.57142857143, 0],
      [0.80283581159, -0, 0, 0.19716418841, 0],
      [0.65110118541, 0, 0, 0.34889881459, -0]
    ],
    [
      [0.012815148157, -0, 0.90880965882, 0.0011959538597, 0.077179239158],
      [0.12536180969, 0, 0.064049231924, 0.80470807521, 0.0058808831757],
      [0.008741750887, 0, 0.93862934037, 0.014770012379, 0.037858896364],
      [0.13787018781, 0, 0.23527577325, 0.37752802256, 0.24932601638]
    ],
    [
      [0, 1, 0, 0, 0],
      [0, 0.0063435079461, 0.083973513488, 0.77384555779, 0.13583742077],
      [0, 0.087985007332, 0.68094846015, 0, 0.23106653252],
      [5.5511151231e-17, 0.00044737961263, 0.089699370921, 0.13077221103, 0.77908103843]
    ],
    [
      [0.088383156706, 0.4, 0.48088458709, 0.0023011055456, 0.028431150658],
      [0.20165684439, 0, 0.12546588263, 0.65616443643, 0.01671283655],
      [0.021892867939, 0, 0.93007241653, 0.020038972306, 0.027995743222],
      [0.20855787322, 0, 0.30532056301, 0.28024148636, 0.2058800774]
    ],
    [
      [0, 0.70328085724, 0.27077026394, 0, 0.025948878823],
      [0.130512718, 0.027422057905, 0.15060147046, 0.65775949639, 0.033704257242],
      [0, 0.054173353363, 0.90103056208, 0, 0.044796084559],
      [0.10709248212, 0.0031375726001, 0.29759100704, 0.26577160573, 0.32640733251]
    ],
    [
      [0.0041460047375, 0.61902694574, 0.33921382377, 0.00032595932852, 0.037287266433],
      [0.14675856783, 0, 0.14509468895, 0.67146868431, 0.036678058911],
      [0.0085276984676, 0.021921697505, 0.90964330449, 0.0065769248129, 0.053330374726],
      [0.12954344811, 0, 0.27833920369, 0.25436284941, 0.33775449879]
    ],
    [
      [0.0071512612756, 0.58979320031, 0.36093209426, 0.0010844167795, 0.041039027381],
      [0.21752809226, 0, 0.14111628197, 0.60284357032, 0.038512055447],
      [0.018753811657, 0.010241528931, 0.90372585975, 0.010282715096, 0.056996084566],
      [0.18548310219, 0, 0.26417863498, 0.22118634049, 0.32915192234]
    ],
    [
      [0.04678653338, 0, 0.94122378308, 0.011989683537, 0],
      [0.38410860308, 0, 0.027528281846, 0.58836311507, 0],
      [0.063056417849, 0, 0.87488160697, 0.06206197518, 0],
      [0.49520185604, 0, 0.20059444551, 0.30420369845, 0]
    ]
  ],
  "expected_outcome": [
    [
      [0.064303669131, 0, 0.2023052843, 0.00010758282283, 0.30840083734, 0.050117062737, 0.025534636785, 0, 0.061970109, 0, 0.24004013895, 0.2665042262, 0.091369227399, 0, 0.21168437939, 0.56879046701, 0, 0, 0, 0.086389164623, 0.084754599899, 0.033763891022, 0.59835359867, 0.043428480908, 0.0012360303882, 0.34714471384, 0.083332133311, 0, 0.70325548328, 0.014594969559, 0.034647890492, 0, 0.067762084121, 0.052779185669, 0.56444692383, 0.076563736419, 0, 0, 0.083459319559, 0, 0.042125032088, 0, 0.0097179010727, 0.02251051442, 0.0069933312746, 0.0095988875239, 0.026087780151, 0.095751137994, 0.062646574492, 0, 0.02234854105, 0.017948087135, 0.0016707366689, 0, 0, 0.071432095339, 0, 0, 0, 0, 0, 0.029459415901, 0.070922957136, 0.045233394697, 0, 0.22889356511, 0.1411112013, 0.010579560634, 0.045631779917, 0.021417978419, 0.0064894204696, 0.016593205027, 0, 0.0051073485888, 0.0068266887298, 0.037031882623, 0, 0.16362261833, 0.054898493904, 0.014508103835, 0.020992215071, 0.039327544023, 0.16539182247, 0, 0.080759056828, 0.026242260705, 0.078179332152, 0.12720240923, 0.04827907281, 0.036910011711, 0.0051146585402, 0.016037256708, 0.012823960755, 0.016884819632, 0.075092043961, 0.019212825783, 0, 0, 0, 0, 0.88383156706, 0, 0.93699707069, 1.036932885, 0.04678653338],
