{
  "X": [
    [2, 9, 2, 1],
    [19, 116, 527, 42],
    [16, 100, 329, 33],
    [10, 60, 329, 20],
    [31, 235, 428, 39],
    [12, 193, 247, 22],
    [9, 33, 87, 8],
    [2, 4, 25, 1],
    [14, 164, 357, 16],
    [24, 508, 241, 19],
    [22, 327, 382, 48],
    [37, 482, 521, 44],
    [11, 131, 254, 14],
    [32, 706, 629, 60],
    [2, 4, 5, 2],
    [6, 9, 18, 6],
    [4, 25, 40, 4],
    [0, 5, 3, 0],
    [0, 2, 5, 0],
    [2, 5, 12, 1],
    [31, 159, 334, 27],
    [8, 101, 219, 20],
    [18, 97, 109, 15],
    [2, 16, 41, 3],
    [10, 22, 76, 7],
    [7, 39, 20, 1],
    [3, 11, 16, 3],
    [13, 222, 115, 16],
    [118, 383, 1058, 80],
    [43, 370, 493, 32],
    [80, 314, 671, 54],
    [9, 109, 102, 12],
    [2, 11, 2, 1],
    [75, 796, 888, 82],
    [2, 7, 14, 0],
    [60, 600, 542, 50],
    [5, 26, 21, 1],
    [0, 16, 27, 1],
    [2, 10, 12, 1],
    [3, 6, 13, 1],
    [14, 167, 203, 22],
    [17, 202, 236, 33],
    [5, 52, 67, 3],
    [54, 117, 320, 18],
    [79, 301, 678, 46],
    [11, 79, 181, 19],
    [13, 79, 188, 16],
    [13, 40, 186, 31],
    [15, 148, 261, 28],
    [167, 1491, 2493, 219],
    [5, 47, 33, 4],
    [0, 25, 50, 1],
    [1, 15, 23, 3],
    [0, 12, 15, 2],
    [8, 63, 64, 7],
    [24, 171, 250, 17],
    [165, 713, 1038, 132],
    [10, 70, 59, 5]
  ],
  "W": [
    [3, 2, 8, 0, 1],
    [51, 373, 173, 66, 41],
    [36, 234, 140, 40, 28],
    [28, 236, 90, 31, 34],
    [59, 248, 342, 49, 35],
    [41, 132, 257, 23, 21],
    [10, 54, 54, 12, 7],
    [6, 17, 6, 1, 2],
    [78, 131, 272, 35, 35],
    [57, 126, 571, 20, 18],
    [74, 211, 411, 44, 39],
    [86, 276, 606, 54, 62],
    [36, 125, 202, 27, 20],
    [119, 346, 825, 79, 58],
    [4, 1, 6, 0, 2],
    [7, 13, 15, 1, 3],
    [9, 28, 32, 1, 3],
    [0, 2, 6, 0, 0],
    [1, 3, 2, 0, 1],
    [3, 7, 9, 0, 1],
    [84, 188, 222, 30, 27],
    [26, 133, 157, 22, 10],
    [23, 68, 114, 22, 12],
    [3, 26, 22, 6, 5],
    [14, 48, 39, 9, 5],
    [5, 11, 43, 1, 7],
    [2, 11, 17, 0, 3],
    [32, 47, 253, 19, 15],
    [268, 614, 556, 118, 83],
    [131, 263, 436, 48, 60],
    [198, 383, 397, 82, 59],
    [28, 36, 143, 12, 13],
    [1, 2, 10, 2, 1],
    [171, 532, 968, 98, 72],
    [2, 8, 11, 0, 2],
    [136, 304, 696, 65, 51],
    [8, 15, 29, 0, 1],
    [10, 9, 21, 2, 2],
    [2, 9, 11, 1, 2],
    [6, 6, 7, 2, 2],
    [37, 125, 197, 31, 16],
    [39, 148, 244, 31, 26],
    [11, 35, 71, 8, 2],
    [129, 160, 163, 32, 25],
    [244, 276, 447, 75, 62],
    [34, 93, 103, 37, 23],
    [18, 126, 113, 20, 19],
    [21, 139, 66, 27, 17],
    [50, 149, 192, 41, 20],
    [452, 1469, 1894, 326, 229],
    [12, 14, 55, 4, 4],
    [10, 30, 30, 2, 4],
    [7, 12, 20, 0, 3],
    [2, 11, 14, 1, 1],
    [13, 31, 88, 6, 4],
    [51, 164, 208, 17, 22],
    [285, 627, 926, 97, 113],
    [28, 28, 82, 3, 3]
  ],
  "method": "mult",
  "cond_prob": [
    [
      [0.59328025054, 0.26912573777, 0.13115711697, 0.0064368947124],
      [0.043088582038, 0.067830241644, 0.58284578238, 0.30623539393],
      [7.6405613085e-05, 0.98114021709, 0.011384780505, 0.007398596797],
      ["NaN", "NaN", "NaN", "NaN"],
      [0.13337083939, 0.20784056671, 0.34975884028, 0.30902975362]
    ],
    [
      [0.24648175631, 0.019192628605, 0.72394390147, 0.01038171362],
      [0.0041552318753, 0.00273168811, 0.92435262916, 0.068760450857],
      [0.018561679964, 0.64864106334, 0.30151387943, 0.031283377272],
      [0.0031014232298, 0.0099874868199, 0.88825159636, 0.098659493589],
      [0.035699131025, 0.027516541184, 0.84167863045, 0.095105697338]
    ],
    [
      [0.29539657309, 0.021049569289, 0.67146489318, 0.012088964443],
      [0.0056531738021, 0.0040386574698, 0.90592568252, 0.084382486213],
      [0.018997253182, 0.6917502267, 0.25523394409, 0.034018576032],
      [0.0039118691036, 0.013435452788, 0.86188894253, 0.12076373558],
      [0.043813946046, 0.032668564583, 0.80829800942, 0.11521947995]
    ],
    [
      [0.22422067327, 0.018955330929, 0.74866000186, 0.0081639939438],
      [0.0036885823804, 0.0022990775861, 0.94080606206, 0.053206277969],
      [0.018568480663, 0.64160563965, 0.31433442077, 0.025491458912],
      [0.0027758527525, 0.010008764921, 0.91028045152, 0.076934930809],
      [0.03217944152, 0.025643798306, 0.86760286571, 0.074573894463]
    ],
    [
      [0.35273412956, 0.011575389145, 0.62536953501, 0.010320946286],
      [0.0092718163546, 0, 0.91165499271, 0.079073190935],
      [0.01654318034, 0.68033548241, 0.27549634066, 0.02762499659],
      [0.0051579064821, 0.010109465293, 0.87062184865, 0.11411077957],
      [0.05653630874, 0.032770093054, 0.80378686151, 0.1069067367]
    ],
    [
      [0.22365214592, 0.012922201422, 0.75163014771, 0.011795504948],
      [0.0084837152482, 0.0028549913045, 0.90877153172, 0.079889761724],
      [0.0037809146995, 0.7434351679, 0.22932305006, 0.023460867333],
      [0.0027366215506, 0.0085961634561, 0.87336834603, 0.11529886896],
      [0.032179725293, 0.039656237099, 0.81913456814, 0.10902946947]
    ],
    [
      [0.52671435388, 0.0030928428401, 0.46213465017, 0.0080581531116],
      [0.012283129785, 0.0013425990553, 0.90931582391, 0.077058447247],
      [0.042662926833, 0.6045165904, 0.32144776916, 0.031372713611],
      [0.0094191791877, 0.0069645368978, 0.87161263074, 0.11200365318],
      [0.093248464805, 0.02415727117, 0.77972398626, 0.10287027777]
    ],
    [
      [0.28440653346, 0.0076730694556, 0.69922939829, 0.0086909987895],
      [0.0048858094292, 0.0016804084757, 0.95457081136, 0.03886297074],
      [0.02036853646, 0.64491355707, 0.31573805473, 0.018979851736],
      [0.0036578077236, 0.0097129161241, 0.92682939913, 0.059799877019],
      [0.042316506221, 0.023100190308, 0.87783104485, 0.056752258623]
    ],
    [
      [0.1458905083, 0.00056795719634, 0.8462865934, 0.0072549410976],
      [0.0024942555459, 0, 0.95266376851, 0.044841975939],
      [0.0055157499192, 0.59998624232, 0.37590179943, 0.018596208332],
      [0.0017486543115, 0.002063745736, 0.93072923288, 0.065458367069],
      [0.020923028479, 0.019634580762, 0.89628226983, 0.063160120933]
    ],
    [
      [0.3380648511, 0.02063661187, 0.63299226652, 0.0083062705045],
      [0.016292026885, 0.014495977422, 0.89820026591, 0.071011729783],
      [0.0027173083021, 0.8815734921, 0.10539762535, 0.010311574242],
      [0.0051779630951, 0.015139393122, 0.87677505281, 0.10290759097],
      [0.056798099847, 0.073109339663, 0.77937012066, 0.090722439825]
    ],
    [
      [0.23592829125, 0.038474823682, 0.70978529108, 0.015811593986],
      [0.0087670691679, 0.0085036644462, 0.87565149731, 0.10707776907],
      [0.0030420498995, 0.77796585551, 0.19000932356, 0.02898277103],
      [0.0028359851239, 0.01569810697, 0.82873619709, 0.15272971081],
      [0.033753564079, 0.049330936665, 0.77321020178, 0.14370529747]
    ],
    [
      [0.30716849341, 0.014524294737, 0.66864378603, 0.009663425818],
      [0.013487829368, 0.008026888085, 0.90562404343, 0.072861239118],
      [0.0059763028729, 0.78339797886, 0.19206171732, 0.018564000941],
      [0.0042678410915, 0.013974280093, 0.87585192634, 0.10590595248],
      [0.048528479051, 0.04905972943, 0.80417731766, 0.098234473855]
    ],
    [
      [0.22156389917, 0.0063913872124, 0.76441076048, 0.0076339531349],
      [0.0039626442475, 0, 0.94481300283, 0.051224352926],
      [0.0089116755226, 0.64415467753, 0.3277005052, 0.019233141745],
      [0.0028124185208, 0.004016034985, 0.9186357299, 0.074535816596],
      [0.032613767167, 0.027111612689, 0.8690460256, 0.071228594542]
    ],
    [
      [0.21696527464, 0.055908339905, 0.71522476153, 0.011901623922],
      [0.0080947601044, 0.017063080508, 0.89317711873, 0.081665040658],
      [0.0016301974067, 0.83353963397, 0.14709994548, 0.017730223146],
      [0.0026566084567, 0.024123801068, 0.85529791967, 0.11792167081],
      [0.031475179192, 0.066674196356, 0.79177551072, 0.11007511373]
    ],
    [
      [0.45024893704, 0.0083802267112, 0.49880047265, 0.042570363602],
      [0.0087181264986, 0, 0.65463404048, 0.33664783302],
      [0.014897812477, 0.65983694595, 0.21648887758, 0.10877636399],
      ["NaN", "NaN", "NaN", "NaN"],
      [0.050449625239, 0.0037287087147, 0.52561540173, 0.42020626432]
    ],
    [
      [0.62032591618, 0.0017005525584, 0.3566309253, 0.021342605965],
      [0.026760076372, 0, 0.72687070801, 0.24636921561],
      [0.062744791973, 0.59533625857, 0.24804083329, 0.093878116165],
      [0.0097139841237, 0.0053963834697, 0.64274979732, 0.34213983509],
      [0.11965057673, 0.017551956683, 0.56363400736, 0.29916345923]
    ],
    [
      [0.35137063496, 0.031940294864, 0.60532101035, 0.011368059828],
      [0.015066728141, 0.0088557391562, 0.88539950441, 0.090678028293],
      [0.0076752518332, 0.75964590176, 0.20583668664, 0.026842159768],
      [0.0048998326213, 0.018291152164, 0.84445275597, 0.13235625925],
      [0.055096002049, 0.045872213813, 0.7765660183, 0.12246576584]
    ],
    [
      ["NaN", "NaN", "NaN", "NaN"],
      [0, 0.0065799516948, 0.99342004831, 0],
      [0, 0.8311400161, 0.1688599839, 0],
      ["NaN", "NaN", "NaN", "NaN"],
      ["NaN", "NaN", "NaN", "NaN"]
    ],
    [
      [0, 0.047144799306, 0.95285520069, 0],
      [0, 0.025527433393, 0.97447256661, 0],
      [0, 0.91234175191, 0.087658248091, 0],
      ["NaN", "NaN", "NaN", "NaN"],
      [0, 0.051589396697, 0.9484106033, 0]
    ],
    [
      [0.50097824343, 0, 0.49104353481, 0.0079782217668],
      [0.0098138750559, 0, 0.90849507779, 0.08169104715],
      [0.038523021222, 0.55388260823, 0.37508659183, 0.032507778713],
      ["NaN", "NaN", "NaN", "NaN"],
      [0.081660953328, 0.015056525919, 0.79162452452, 0.11165799623]
    ],
    [
      [0.29674180847, 0.025285021501, 0.6676861703, 0.010286999725],
      [0.0094294273782, 0.0017948140575, 0.91340597434, 0.075369784221],
      [0.01287062687, 0.69910147669, 0.26133643108, 0.02669146536],
      [0.0043275652371, 0.012404546272, 0.87399443825, 0.10927345024],
      [0.048661097003, 0.035776627296, 0.81324139524, 0.10232088046]
    ],
    [
      [0.21997282272, 0.014207726416, 0.75324791124, 0.012571539623],
      [0.0036772290635, 0, 0.91408142449, 0.082241346445],
      [0.0090949119694, 0.63809291993, 0.32081073942, 0.032001428682],
      [0.0026178786662, 0.0072456696868, 0.87271058813, 0.11742586352],
      [0.030614063391, 0.02906059509, 0.82758058232, 0.1127447592]
    ],
    [
      [0.53407047823, 0.017411511862, 0.43852177844, 0.0099962314661],
      [0.033187672976, 0.028757220986, 0.83341502804, 0.104640078],
      [0.017507827051, 0.81658318588, 0.14240722274, 0.023501764328],
      [0.010589315764, 0.036166000441, 0.8008009527, 0.15244373109],
      [0.10256333397, 0.063159083293, 0.69914440317, 0.13513317956]
    ],
    [
      [0.37779380668, 0.014302536205, 0.60027918793, 0.0076244691861],
      [0.0082769923339, 0.0047143458881, 0.92713430233, 0.05987435945],
      [0.016111857642, 0.70789017361, 0.25419448402, 0.021803484729],
      [0.0046749738082, 0.014522105137, 0.89311657728, 0.087686343779],
      [0.053781213665, 0.034760589593, 0.82853849274, 0.082919704006]
    ],
    [
      [0.48763993162, 0.0036034484236, 0.49997123231, 0.0087853876478],
      [0.012055566844, 0.0017979298183, 0.90555398344, 0.080592519895],
      [0.052838461422, 0.55681441367, 0.35412696441, 0.036220160497],
      [0.0094297222386, 0.0048057214784, 0.8682667416, 0.11749781468],
      [0.089761250643, 0.020847492902, 0.78169185117, 0.10769940528]
    ],
    [
      [0.75562269981, 0.013309287609, 0.22886402878, 0.0022039838036],
      [0.064762258936, 0.015777184483, 0.88111026574, 0.038350290844],
      [0.025454385408, 0.88601334116, 0.084147466696, 0.004384806737],
      [0.020200070796, 0.045608025142, 0.8749569547, 0.059234949363],
      [0.19925185847, 0.087960405379, 0.6671669872, 0.045620748949]
    ],
    [
      [0.76542551095, 0.0027835722063, 0.2238280369, 0.0079628799423],
      [0.031744221682, 0, 0.82217558052, 0.1460801978],
      [0.041861433569, 0.64377210009, 0.2660625582, 0.04830390814],
      ["NaN", "NaN", "NaN", "NaN"],
      [0.13610605631, 0.016769051343, 0.66178301705, 0.1853418753]
    ],
    [
      [0.33678375041, 0.020617414528, 0.6286871162, 0.013911718862],
      [0.015611886673, 0.012742816315, 0.85506667775, 0.11657861926],
      [0.0023261157446, 0.86769970535, 0.11135240843, 0.018621770474],
      [0.0046937229462, 0.014987105149, 0.81446756257, 0.16585160933],
      [0.054098219592, 0.061903327834, 0.73645569365, 0.14754275893]
    ],
    [
      [0.34569100755, 0.017367653191, 0.62795856869, 0.0089827705706],
      [0.0097984795025, 0.0027510640314, 0.91785618465, 0.069594271814],
      [0.024474769231, 0.67034858015, 0.27806938068, 0.027107269943],
      [0.0058752343991, 0.011192372605, 0.88154748542, 0.10138490758],
      [0.0606902917, 0.031588013261, 0.81342442503, 0.094297270011]
    ],
    [
      [0.27007034963, 0.054596404646, 0.66756612001, 0.0077671257099],
      [0.011421928949, 0.021096288778, 0.90883282974, 0.05864895253],
      [0.0040920953941, 0.80841817591, 0.17230484597, 0.015184882725],
      [0.0038145446926, 0.025130944138, 0.88484951109, 0.086205000076],
      [0.044159419124, 0.060382283781, 0.81546857802, 0.079989719076]
    ],
    [
      [0.33123710085, 0.033662066894, 0.62581278739, 0.0092880448649],
      [0.017214978165, 0.0097377972141, 0.89991398679, 0.073133237827],
      [0.0099528788924, 0.75448802738, 0.21152226181, 0.024036831921],
      [0.0054128548433, 0.018347657346, 0.86926859624, 0.10697089157],
      [0.05807746401, 0.043543722873, 0.79945166654, 0.098927146579]
    ],
    [
      [0.26566688779, 0.013210185722, 0.70658958534, 0.01453334115],
      [0.010916661498, 0.0051641397061, 0.87621135517, 0.10770784362],
      [0.0042747245279, 0.75538791083, 0.2123859288, 0.027951435839],
      [0.0032001081227, 0.0090393279187, 0.83296349002, 0.15479707394],
      [0.039895417154, 0.024250968176, 0.79270254813, 0.14315106655]
    ],
    [
      [0.93390964006, 0.013295381024, 0.052734188914, 6.0790002454e-05],
      [0.31533720285, 0.22565014976, 0.35195511509, 0.1070575323],
      [0.0042034190499, 0.98536119205, 0.007210101343, 0.003225287557],
      [0.041017658669, 0.22391901474, 0.44609441229, 0.28896891431],
      [0.3113464464, 0.23395436947, 0.27906574291, 0.17563344121]
    ],
    [
      [0.32967916979, 0.037115223688, 0.6229780094, 0.010227597119],
      [0.015049745598, 0.015527087274, 0.88997263071, 0.079450536417],
      [0.0064833578248, 0.80065711072, 0.17323380988, 0.019625721573],
      [0.004799827841, 0.022846347461, 0.85688765064, 0.11546617405],
      [0.053779497283, 0.057192515137, 0.78250004343, 0.10652794415]
    ],
    [
      [0.61465321814, 0.00022722703367, 0.38511955483, 0],
      [0.014195145625, 0, 0.98580485438, 0],
      [0.039702130183, 0.63242709759, 0.32787077223, 0],
      ["NaN", "NaN", "NaN", "NaN"],
      [0.11020448336, 0.021423736245, 0.8683717804, 0]
    ],
    [
      [0.34895142022, 0.052989241973, 0.5885007939, 0.0095585439097],
      [0.016793772201, 0.019601880323, 0.88405597337, 0.079548374106],
      [0.0058024856059, 0.83574091794, 0.14175976933, 0.016696827126],
      [0.0053369137747, 0.026206150669, 0.85254657428, 0.11591036127],
      [0.059840602424, 0.06775319207, 0.76726567339, 0.10514053212]
    ],
    [
      [0.50630801039, 0.056324351597, 0.43365181786, 0.0037158201491],
      [0.031929612537, 0.025952811577, 0.89645046356, 0.045667112328],
      [0.01257242599, 0.86483904035, 0.11480227165, 0.007786262006],
      ["NaN", "NaN", "NaN", "NaN"],
      [0.10599137509, 0.079780843417, 0.75476262577, 0.059465155718]
    ],
    [
      [0, 0.037661852924, 0.9544718692, 0.007866277873],
      [0, 0.0037863829369, 0.95403073077, 0.042182886288],
      [0, 0.73742009695, 0.24858930422, 0.013990598829],
      [0, 0.011914344225, 0.92543125312, 0.062654402657],
      [0, 0.039826649947, 0.89888341808, 0.061289931972]
    ],
    [
      [0.64652368445, 0.013336802224, 0.33534774695, 0.0047917663847],
      [0.034214383926, 0.041059405251, 0.86050950642, 0.064216704401],
      [0.014542783982, 0.85563995692, 0.11706197045, 0.012755288644],
      [0.011175690097, 0.04309089094, 0.84607710118, 0.099656317786],
      [0.11393843094, 0.074330665613, 0.72548008608, 0.086250817374]
    ],
    [
      [0.43494124028, 0.034632272802, 0.52434083382, 0.0060856530965],
      [0.023320134263, 0.0095018350732, 0.8971219221, 0.070056108566],
      [0.010753885297, 0.80209940282, 0.16763242633, 0.01951428556],
      [0.0069538415496, 0.016267239642, 0.86875178193, 0.10802713688],
      [0.080623436272, 0.043982526873, 0.78014645818, 0.095247578672]
    ],
    [
      [0.29321497744, 0.045082406617, 0.64943836358, 0.012264252367],
      [0.011774419864, 0.025693421814, 0.87295107666, 0.089581081661],
      [0.0042917037635, 0.8131343196, 0.16024000913, 0.022333967509],
      [0.0038368471272, 0.030087118396, 0.83652280662, 0.12955322785],
      [0.044677215593, 0.062506974787, 0.77202544762, 0.120790362]
    ],
    [
      [0.31813318326, 0.036776422672, 0.62986670661, 0.015223687454],
      [0.013098130834, 0.020328973877, 0.85439333034, 0.11217956495],
      [0.0052435184303, 0.80011559067, 0.16612837355, 0.028512517349],
      [0.0042048254307, 0.026284769764, 0.80924261718, 0.16026778762],
      [0.047865938611, 0.05823074598, 0.74473620283, 0.14916711258]
    ],
    [
      [0.33817371759, 0.009798567325, 0.6467354389, 0.005292276186],
      [0.015145104778, 5.2337681262e-05, 0.94286465506, 0.041937902477],
      [0.0085044946525, 0.72896502187, 0.25040595329, 0.012124530189],
      [0.0047365773951, 0.0077483908348, 0.92529492816, 0.062220103607],
      [0.054149349878, 0.035940130699, 0.85223256791, 0.057677951513]
    ],
    [
      [0.35597864435, 0.01861625622, 0.61875132671, 0.0066537727286],
      [0.017053512815, 0.00096807089865, 0.9252809462, 0.056697470085],
      [0.021077162532, 0.69506287603, 0.2626397798, 0.021220181629],
      [0.0063177743917, 0.010496822883, 0.8990439809, 0.084141421827],
      [0.06849786223, 0.032498579115, 0.82225743863, 0.07674612002]
    ],
    [
      [0.27625388843, 0.015914329797, 0.69838159899, 0.0094501827882],
      [0.0063375284571, 0, 0.92536386886, 0.068298602681],
      [0.01482671886, 0.65999835393, 0.29920891198, 0.025966015232],
      [0.0039884785728, 0.0048596312504, 0.89149076321, 0.09966112697],
      [0.047067970103, 0.027954306142, 0.83203663137, 0.092941092389]
    ],
    [
      [0.25351441468, 0.030323696355, 0.70327890277, 0.0128829862],
      [0.0094683967, 0.0068777626833, 0.89681688937, 0.086836951251],
      [0.005163171263, 0.73578219678, 0.2284823377, 0.030572294255],
      [0.002974705878, 0.016654689415, 0.85565309469, 0.12471751002],
      [0.037307750009, 0.040329244247, 0.8039870134, 0.11837599234]
    ],
    [
      [0.4149073746, 0.011122070023, 0.5652246121, 0.0087459432807],
      [0.012201091934, 0.0041994825519, 0.91235555868, 0.071243866837],
      [0.022841740464, 0.68445342387, 0.26647599291, 0.026228842756],
      [0.0063211093435, 0.014453215308, 0.87592978601, 0.10329588934],
      [0.067725832332, 0.033598249198, 0.80204071945, 0.096635199017]
    ],
    [
      [0.39564735159, 0.012185566606, 0.57522419156, 0.016942890241],
      [0.0074242779905, 0.0023434620526, 0.85724820348, 0.13298405648],
      [0.03774363926, 0.58880857258, 0.3103699409, 0.063077847254],
      [0.0056784508828, 0.0068351954478, 0.80185673636, 0.1856296173],
      [0.059707800642, 0.021908576972, 0.74283786541, 0.17554575698]
    ],
    [
      [0.24092180108, 0.035065909986, 0.71029605125, 0.013716237687],
      [0.0088738321557, 0.0086624886771, 0.89040083546, 0.092062843706],
      [0.0042252920045, 0.74646441488, 0.21970305463, 0.029607238492],
      [0.0028754015349, 0.018108014518, 0.84704335334, 0.1319732306],
      [0.035128071351, 0.044619871818, 0.79518544891, 0.12506660792]
    ],
    [
      [0.28062092374, 0.034309200501, 0.67448484937, 0.010585026392],
      [0.011865245022, 0.012074227382, 0.90043182186, 0.075628705739],
      [0.0060443881366, 0.76028572929, 0.21053998691, 0.023129895662],
      [0.0038476466869, 0.020755548756, 0.86582650929, 0.10957029526],
      [0.043785561499, 0.048068651425, 0.80513678839, 0.10300899869]
    ],
    [
      [0.35950229457, 0.028344704279, 0.60004090619, 0.012112094956],
      [0.01649775106, 0.011841264133, 0.86300515763, 0.10865582717],
      [0.003585944267, 0.84055029127, 0.13510232146, 0.020761443],
      [0.0048572466695, 0.01308658206, 0.82434349995, 0.15771267133],
      [0.059587007234, 0.052868375677, 0.74735880964, 0.14018580745]
    ],
    [
      [0, 0.049640864573, 0.94674797688, 0.0036111585455],
      [0, 0.019244813715, 0.96079265593, 0.019962530358],
      [0, 0.78906318841, 0.20461652087, 0.0063202907112],
      [0, 0.022678486374, 0.947698997, 0.029622516626],
      [0, 0.052248579408, 0.91871173329, 0.029039687303]
    ],
    [
      [0.13117615916, 0.037319201305, 0.81050019854, 0.021004440997],
      [0.0016678921334, 0.0024685210052, 0.86931358822, 0.12654999864],
      [0.00081695223635, 0.73027453989, 0.22823975305, 0.040668754818],
      ["NaN", "NaN", "NaN", "NaN"],
      [0.015137711849, 0.034550846986, 0.77664683016, 0.173664611]
    ],
    [
      [0, 0.064505852135, 0.91431601037, 0.021178137495],
      [0, 0.026210193589, 0.86111917909, 0.11267062732],
      [0, 0.82111510778, 0.15053452792, 0.028350364298],
      [0, 0.026350586814, 0.81058015582, 0.16306925737],
      [0, 0.060714070467, 0.78099346255, 0.15829246698]
    ],
    [
      [0.44111340108, 0.0083627439221, 0.53955137796, 0.010972477041],
      [0.022200244802, 0.00034420936259, 0.87814535411, 0.099310191721],
      [0.014083510613, 0.7132385925, 0.24551212387, 0.027165773024],
      [0.0063192638581, 0.0076670759246, 0.84169853508, 0.14431512514],
      [0.075013420005, 0.017403810858, 0.77701699959, 0.13056576955]
    ],
    [
      [0.35175842828, 0.036334336168, 0.60444839896, 0.0074588365942],
      [0.017303860899, 0.019371370675, 0.90301687173, 0.060307896694],
      [0.0086637719486, 0.79002417504, 0.1848978818, 0.016414171218],
      [0.0055222336226, 0.025111904976, 0.88041446166, 0.088951399736],
      [0.060297474237, 0.055368785118, 0.80238906487, 0.081944675774]
    ],
    [
      [0.43451760588, 0.028124563588, 0.52515420789, 0.012203622636],
      [0.026050573552, 0.005973526204, 0.85925700779, 0.10871889245],
      [0.016178334232, 0.75015002678, 0.20225544254, 0.031416196446],
      [0.007553602126, 0.016786533762, 0.81862915595, 0.15703070816],
      [0.080663148684, 0.043998936944, 0.73346317648, 0.14187473789]
    ],
    [
      [0.32475020975, 0.051775699404, 0.61359506125, 0.0098790295983],
      [0.015185244756, 0.012764238931, 0.88377438107, 0.088276135238],
      [0.0036090154816, 0.82940255461, 0.14848581327, 0.018502616641],
      [0.0044171513237, 0.012249277909, 0.85381265789, 0.12952091288],
      [0.057538850127, 0.048374804983, 0.77879365111, 0.11529269378]
    ]
  ],
  "expected_outcome": [
    [
      [1.7811435006, 12.4539286806, 10.5158008477, 6.2244126263, 20.4157963642, 9.1123136954, 5.1031430431, 1.7085251845, 11.2968866672, 19.2234649062, 17.431970401, 26.1196778832, 7.8763626484, 25.8690469802, 1.794194599, 4.2604733933, 3.1459473488, 0, 0, 1.4744360386, 24.7643093132, 5.6584145548, 12.0410953352, 1.1154887393, 6.6664997698, 3.6743096489, 1.4708860331, 10.7850837367, 91.7530761383, 35.3719936399, 65.2613867607, 7.407159748, 0.93213350582, 55.8796583183, 1.197964172, 47.2175862196, 4.0186428675, 0, 1.2706095137, 2.6035470643, 10.8112530484, 12.320242441, 3.6607497348, 45.6454042344, 67.0531172729, 8.6000981785, 7.2891487113, 8.1656201413, 12.0238663288, 126.0387246473, 4.3180205143, 0, 0.92500098929, 0, 5.6036832878, 17.7763887485, 122.2427822497, 9.1137996764],
      [0.79699044417, 0.97033562991, 0.75163379635, 0.53061696314, 0.73449483831, 0.64552568673, 0.037683481342, 0.035983203508, 0.05397633279, 1.4331987384, 2.7428720289, 1.5219019377, 0.28034369658, 6.2526530916, 0.026199632792, 0.0093039537822, 0.27232372249, 0, 0.046840902034, 0, 1.9316305826, 0.37454357764, 0.46340054167, 0.045929106809, 0.039429910501, 0.081080791558, 0.0067830599046, 0.80385431356, 4.1334555427, 6.6878647465, 6.277029117, 0.45067152654, 0.016199214401, 6.1598569001, 0.00055371101128, 6.7681228038, 0.41915266362, 0.35521400692, 0.032499364742, 0.19536786819, 1.5971606787, 1.4044952637, 0.13132530906, 2.0081508524, 3.0571861274, 0.98395631283, 0.22236956827, 0.25311671853, 1.6627826902, 14.8634292649, 0.36582294079, 0.47505874944, 0.25310390806, 0.12070130161, 0.13246017244, 1.7846183059, 7.6033062601, 1.3892537117],
      [0.40513527981, 37.0282824351, 24.2820949245, 21.0088272173, 37.2194851481, 30.7450131699, 4.7747716291, 4.1974834167, 66.0625930356, 35.8600088707, 52.6205668176, 57.5038679299, 27.56007043, 85.4238701065, 2.0026455532, 2.5700767654, 5.4758011445, 0, 0.95315909797, 1.5004878799, 56.4034001257, 19.6299516701, 10.2566121202, 1.8150303525, 7.1648349447, 1.2332785491, 0.50430296695, 19.9548242163, 169.5950392919, 87.8862471384, 124.544710216, 19.7236556473, 0.051619766873, 107.1577793973, 0.80148211696, 80.6730303117, 3.5313695838, 9.5635723476, 0.68709068362, 3.163517721, 24.1241473693, 24.6634054836, 7.1482144535, 80.4410215898, 171.4607937027, 23.9618200196, 10.3253548102, 12.2083411489, 35.6042182683, 306.1511389529, 7.1660921497, 9.4875601646, 5.6698064627, 1.8355983051, 7.1168895031, 31.0455062289, 151.5323185593, 17.2091976246],
      [0.016730775403, 0.54745325433, 0.45047043146, 0.23614319324, 0.63022364939, 0.49714744789, 0.084401846442, 0.058008195326, 0.58654396443, 0.48332748473, 1.2045907525, 0.85455224919, 0.28322322506, 1.4544298217, 0.176960215, 0.16014588749, 0.10592778416, 0, 0, 0.025076081562, 0.90065997843, 0.33709019745, 0.23889200299, 0.023551801375, 0.12923537504, 0.011331010461, 0.018027940034, 0.45623773343, 2.5184290271, 1.0538944752, 1.9168739063, 0.41851307816, 4.7512907366e-05, 1.8027053842, 0, 1.3412606649, 0.030834885098, 0.081213645448, 0.0098004379569, 0.037567346537, 0.46743890363, 0.61185681174, 0.059710502644, 0.90542332352, 2.4289028969, 0.4541254891, 0.16312691026, 0.3729219913, 0.70913271272, 4.9467071349, 0.15006439527, 0.037381086001, 0.15208863991, 0.043700393279, 0.14696703673, 0.39348671666, 3.6215929309, 0.28774898729]
    ],
    [
      [0.084594602148, 1.2113887633, 1.075290737, 0.6803790549, 2.020140458, 1.1368682303, 0.51842059451, 0.064917963885, 0.25538282542, 2.080906144, 1.8691924659, 3.7880700318, 0.38714579177, 2.8301926501, 0.01062224543, 0.32367659465, 0.42915706743, 0, 0, 0.053693042001, 1.6498275815, 0.38225376369, 2.3145442435, 0.19001463471, 0.45228097323, 0.71341278866, 0.33486833501, 0.74529793586, 5.1936124687, 3.0153944679, 6.741286893, 0.3992578942, 0.63208145514, 8.1434786254, 0.090569671927, 5.16575825, 0.48317488923, 0, 0.31661899526, 0.14211804612, 1.4898465149, 1.9702282346, 0.54172204236, 2.6757817155, 1.4085638733, 0.88860726564, 1.402996872, 0.80658189714, 1.3330491797, 17.7398313672, 0.23344841871, 0, 0.015643309998, 0, 0.70152260076, 2.8992233698, 16.8072689858, 0.42540357824],
      [0.13665187578, 0.79637824812, 0.73863915146, 0.42407734837, 0, 0.45916828818, 0.05666560662, 0.022327661019, 0, 2.2254160424, 2.1861589508, 2.699289438, 0, 6.9068687796, 0, 0, 0.24931549939, 0.016034147206, 0.082927429014, 0, 0.26372831313, 0, 1.9743818684, 0.095801925171, 0.067451780458, 0.21145373192, 0, 0.72972033065, 1.3202267109, 5.9990218337, 3.7329004419, 0.22651326962, 0.50683901092, 9.1898927749, 0, 6.7434308606, 0.43002441378, 0.041520273844, 0.37752408305, 0.062931997141, 3.3625203771, 3.1867546678, 0.0022319049109, 0.12106165113, 0, 0.56583680923, 0.41356689908, 0.25459634872, 1.2632620917, 17.8734595392, 0.20198507028, 0.6040445464, 0.036092024089, 0.30422923441, 0.013001023352, 3.2965167246, 3.9301413197, 0.43545784783],
      [1.1621529203, 345.1969465536, 212.3589961936, 222.2569015297, 226.4762384497, 119.9877087701, 49.263792022, 16.2519805976, 124.9469223281, 112.9625229381, 184.5720765152, 249.6324956773, 118.268893079, 308.3277411983, 0.65817862852, 9.4746814408, 24.7920900844, 1.9839658528, 2.917072571, 6.3782211405, 171.9540513569, 121.732882913, 56.6107790704, 24.1533458424, 43.6035623858, 9.6556989232, 9.071436504, 40.1634658708, 564.704694305, 238.6344698761, 344.5049548299, 31.5847835149, 0.66900876444, 472.7349962986, 7.9094303281, 268.1249246626, 13.4063303094, 8.5844392988, 7.7275034096, 5.3729929083, 109.0015690938, 126.3355115965, 33.0086171023, 148.1256475042, 255.8447351347, 83.4602346433, 115.1995858251, 119.3533574579, 132.7243006178, 1322.5980128, 12.0703454399, 28.7980574376, 10.4462815351, 9.4632737007, 27.2728117077, 147.9460015218, 538.3831326041, 24.7106983646],
      [0.61660060173, 25.795286435, 19.8270739179, 12.638642067, 19.5036210923, 10.4162547114, 4.1611217769, 0.6607737775, 5.7976948465, 8.7311548754, 22.3725720681, 19.8801448529, 6.3439611292, 27.9351973719, 0.33119912605, 3.2016419645, 2.5294373488, 0, 0, 0.56808581749, 14.1323927484, 10.8848633233, 7.1002948177, 1.5608375977, 3.8767048606, 0.41943455625, 1.593695161, 5.3615158627, 42.7814665154, 15.3511138224, 28.0208578352, 3.7894453212, 0.1920707695, 41.9316323011, 0, 23.9658862268, 0.68047038755, 0.37404042733, 0.57835351209, 0.42195704843, 11.1460640142, 16.5075055011, 1.4474289505, 9.0775091292, 18.746700992, 8.0853212818, 8.9838504038, 18.5854642962, 13.6793881107, 110.7886962936, 1.4942210711, 0.59789801597, 1.5019831308, 1.2324970649, 3.0126646682, 9.8582583838, 67.8794570903, 2.4284402093]
    ],
    [
      [0.00047774340124, 3.6314071271, 2.999399925, 1.8945152503, 6.3109632571, 1.0007439379, 2.6065116082, 0.13700266422, 1.6466104362, 1.5485262305, 1.2311739066, 3.820046369, 1.9996785891, 1.2182243836, 0.092476227281, 1.0522866549, 0.25321667021, 0, 0, 0.3906928183, 3.1317639439, 1.5882095876, 2.1682077735, 0.39252951194, 2.3438079286, 1.2140147278, 0.78967945235, 0.55121712967, 15.2879019819, 1.7522629721, 4.1052080503, 0.63079371977, 0.032853537074, 6.5763372447, 0.49254395856, 4.1783836279, 0.39308227777, 0, 0.17100162144, 0.079675785806, 0.84713502561, 1.3105089272, 0.64806969527, 3.7716645653, 7.3137467316, 0.52653467911, 2.8819908228, 2.8371028116, 0.80557978606, 11.7663191079, 0.18769722739, 0, 0.012770447232, 0, 1.3559771151, 1.8934953864, 16.1192548797, 0.27411760358],
      [7.8820749357, 112.4394664078, 97.068547604, 57.8439366104, 232.6354092791, 190.8354378191, 32.6668061952, 3.883861886, 163.1810839575, 502.7144912043, 319.4734237188, 473.98753277, 130.0533346622, 687.230665554, 3.9647141813, 8.9339947586, 24.3270568199, 4.9839658528, 1.8184278682, 4.9851376198, 155.4791036183, 100.1738347416, 93.0849904028, 15.6049466901, 21.7541470703, 38.0837474586, 10.9418739713, 219.2117601681, 373.6572294344, 352.6378824838, 299.9551526326, 107.8378143362, 9.8855844221, 774.4674222023, 6.9585112613, 581.4979749297, 25.0766078578, 15.5004747458, 9.4101605191, 5.6195078685, 160.1844523588, 195.1678954243, 51.7190916705, 113.7070340207, 295.800385959, 75.9430835716, 77.4611129871, 38.944911768, 143.4730609949, 1440.9618481763, 46.1595450283, 23.6744783462, 14.6084319023, 11.4922381781, 62.715058493, 164.3357112609, 694.9705859339, 67.9855501382],
      [0.071185918693, 51.6673940769, 35.2517898735, 28.0495640369, 93.4281505252, 58.9455465226, 17.0246192987, 1.8710332638, 101.9743886089, 60.56829408, 78.0577490102, 116.5913578551, 65.960511771, 121.4682904589, 1.2821186884, 3.6134930861, 6.5517434542, 1.0160341472, 0.18157213177, 3.3279363946, 57.4205167849, 50.1286824284, 16.0560380333, 5.524756178, 13.4987159349, 3.5117238941, 4.4293232034, 28.3195719051, 152.0763198205, 74.901342467, 83.4515807369, 30.3722278515, 0.056353489617, 167.5135997528, 3.5489447802, 98.4211320634, 3.3011334715, 5.1979173181, 1.2798155803, 1.1684959882, 31.4997327427, 40.4312378441, 17.7428636735, 42.1047697966, 132.1683934054, 23.3850239217, 29.6881520953, 20.1615922706, 41.9721279914, 396.9856962802, 7.4694460917, 6.1350020952, 4.5463397359, 2.1030043917, 21.4451304228, 38.3228379245, 185.508391528, 12.1787546002],
      [0.046261402213, 5.2617323881, 4.6802625974, 2.2119841024, 9.6254769386, 6.2182717205, 1.7020628979, 0.10810218606, 5.1979169973, 6.1686884852, 12.2376533644, 11.6010630058, 3.9864749777, 15.0828196035, 0.66069090298, 1.4002255005, 0.86798305573, 0, 0, 0.29623316729, 5.968615653, 5.1092732425, 2.6907637904, 0.47776761996, 1.4033290663, 0.19051391954, 0.83912337292, 4.9174507972, 14.9785487632, 6.7085120771, 9.4880585801, 4.1591640925, 0.025208551199, 19.4426408003, 0, 11.902509379, 0.22917639284, 0.30160793609, 0.13902227922, 0.13232035748, 4.4686798729, 7.0903578044, 0.88997496078, 3.4165316174, 11.717473904, 3.1453578276, 2.9687440947, 4.0563931498, 5.7492312276, 44.2861364356, 1.1833116525, 0.19051955864, 0.83245791455, 0.40475743023, 2.4838339692, 3.4479554282, 29.4017676584, 1.561577658]
    ],
    [
      [0, 0.22196224936, 0.16961650242, 0.093356469078, 0.27437923123, 0.068248693266, 0.12314575394, 0.0039453954182, 0.066700735944, 0.11220721188, 0.13496312824, 0.24935615859, 0.082429122696, 0.22681033445, 0, 0.010824736202, 0.0052997790755, 0, 0, 0, 0.14050365096, 0.062477198221, 0.25034748861, 0.030370142491, 0.092545938827, 0.021379920098, 0, 0.096680923081, 0.75110160736, 0.19644927382, 0.47638676084, 0.042119080697, 0.08693164688, 0.50781820405, 0, 0.37345912901, 0, 0, 0.011938739002, 0.015135864333, 0.12801533227, 0.14079345484, 0.041137437078, 0.22145793223, 0.3304546818, 0.11728976792, 0.13697680852, 0.16681502862, 0.12661512019, 1.3527900196, 0.021240225949, 0, 0, 0, 0.041540060533, 0.10098364605, 0.79025150467, 0.014693350045],
      [0, 0.65694833643, 0.53249435383, 0.31806644727, 0.5083299325, 0.24089382438, 0.073572952173, 0.01032915028, 0.088007036842, 0.36891951368, 0.73941338636, 0.83953998333, 0.13137000788, 1.9517155279, 0, 0.0062620819255, 0.018464897043, 0, 0, 0, 0.38194218286, 0.16470449395, 0.75887137298, 0.083912131289, 0.036375173017, 0.042995982428, 0, 0.34694810576, 1.3093739896, 1.2051297457, 1.5195509914, 0.1321632023, 0.38770365992, 2.2543752089, 0, 1.7230260731, 0, 0.02551267872, 0.039876676074, 0.034835917684, 0.90872599536, 0.79916971168, 0.075525684696, 0.35467137699, 0.43081766773, 0.60351104117, 0.28074257662, 0.1739030207, 0.73801410788, 6.6921931606, 0.063779247295, 0.044513532738, 0, 0.025449848724, 0.05604981452, 0.41723291277, 1.6721405518, 0.044773898259],
      [0, 58.6105060037, 34.4699664303, 28.2027402835, 42.6789308788, 20.0794832761, 10.4653449805, 0.92594277604, 32.5974725769, 17.5091840801, 36.4853027703, 47.2666241647, 24.8030833103, 67.6176691589, 0, 0.64234227828, 0.84476931412, 0, 0, 0, 26.2231813909, 19.2176348323, 17.6414400236, 5.3604089648, 7.8165391518, 0.87671437193, 0, 15.4727223909, 104.0174886495, 42.4877260236, 71.2560061973, 10.0146260847, 0.92818383021, 84.024831933, 0, 55.4409606724, 0, 1.8516046231, 0.84825483563, 1.733757359, 25.9687673382, 25.1241708659, 7.3939783932, 28.7412341806, 66.8452366269, 31.6762895624, 17.5227391711, 21.6470505389, 34.757866666, 282.4290033617, 3.2963353376, 1.8966254765, 0, 0.81274014414, 5.0571642845, 14.9765729313, 79.4010001762, 2.5598163302],
      [0, 6.5105834105, 4.8279227135, 2.3858368002, 5.5383599575, 2.6113742063, 1.3379363134, 0.059782678261, 2.2478196503, 2.0096891943, 6.6403207151, 5.6444796934, 1.9831175591, 9.2038049787, 0, 0.34057090359, 0.13146600976, 0, 0, 0, 3.2543727753, 2.5551834756, 3.3493411148, 0.52530876138, 1.0545397363, 0.058909725542, 0, 3.0836485803, 11.9220357535, 4.1106949568, 8.7480560505, 1.8110916323, 0.59718086299, 11.2129746541, 0, 7.4625541255, 0, 0.12288269822, 0.099929749291, 0.21627085895, 3.9944913342, 4.9358659675, 0.48935848502, 2.6826365102, 7.3934910236, 4.6029096285, 2.0595414438, 5.0122314117, 5.3775041059, 35.5260134581, 0.61864518918, 0.058860990723, 0, 0.16181000713, 0.84524584045, 1.5052105099, 15.1366077674, 0.38071642151]
    ],
    [
      [0.13378415384, 1.4813131796, 1.2398919878, 1.1073365995, 1.9787206895, 0.68182544313, 0.64877900028, 0.085608791994, 0.73441933531, 1.0348955074, 1.3327000983, 3.0228495574, 0.65438384804, 1.8557256517, 0.10270692833, 0.35273862091, 0.16637913445, 0, 0, 0.081178101137, 1.3135955104, 0.30864489569, 1.2258051592, 0.27159697156, 0.4448653896, 1.3768829146, 0.40456617953, 0.82172027463, 5.0143078038, 2.6638996462, 3.4157315352, 0.52066955736, 0.31599985509, 3.8927076076, 0.21892219748, 3.0648127734, 0.10509996554, 0, 0.22983113062, 0.15952323948, 0.72375007877, 1.2582269424, 0.10832109045, 1.6856915527, 2.8941174404, 0.86747010886, 1.2888867853, 1.0238801214, 0.7108895852, 10.102334858, 0.23959361367, 0, 0.046585253476, 0, 0.29727693586, 1.3299088492, 9.0404423801, 0.1719857917],
      [0.18428274436, 1.1368713777, 0.90868509433, 0.88330263078, 1.1217659501, 0.81897438165, 0.16527176466, 0.047498099234, 0.67693267283, 1.2579745012, 1.8581319151, 2.9517358709, 0.53495163336, 3.6580970469, 0.0090861859164, 0.050439205709, 0.1328390612, 0, 0.051803800722, 0.01486238016, 0.94359530311, 0.28691718684, 0.7183558142, 0.16941014666, 0.10259606577, 0.58072203552, 0.051342968772, 0.90771708196, 2.5797143223, 3.4701011904, 2.5153668171, 0.35283766536, 0.20367369264, 3.9284529139, 0.040935027729, 3.2674453327, 0.074215064758, 0.077278294749, 0.13993935708, 0.087356348448, 0.94714059014, 1.4416849325, 0.071825430876, 0.8090820988, 1.7116102459, 0.90361226512, 0.62220796892, 0.37347214402, 0.86288011535, 10.6090698591, 0.20886771329, 0.20190482524, 0.10237216556, 0.057381437195, 0.083430496727, 1.1659207958, 4.8238259346, 0.144964404],
      [0.36152588115, 34.4968709306, 22.6371525782, 29.4819669325, 28.1971949981, 17.2422482614, 5.4714720697, 1.7535599459, 31.4186234504, 14.0999900311, 30.2643048867, 50.005654373, 17.4074414097, 46.1624290773, 1.0570571298, 1.6994064295, 2.3355960028, 0, 0.94819619928, 0.79335458505, 21.9988503416, 8.2908481562, 8.4351307526, 4.1464586622, 3.9163475829, 4.7225842617, 1.9949373256, 11.089415617, 67.6064579332, 49.0902144949, 47.2427480198, 10.3047069015, 0.29483414886, 56.5687926183, 1.7401427748, 39.3399522899, 0.76116663519, 1.8024664123, 1.4573354909, 1.5612360235, 12.4057834561, 19.4456742099, 1.7063263776, 20.5873269289, 51.6808411302, 18.516631853, 15.2641680984, 12.6296585836, 15.9414864564, 184.8361486052, 2.9977809811, 3.6827548261, 2.3375722662, 0.78538345832, 3.1080040819, 17.7090813936, 83.1751571323, 2.3415330804],
      [0.32040722066, 3.8849445121, 3.2142703397, 2.5273938372, 3.7023183623, 2.2569519139, 0.71447716539, 0.11333316285, 2.1700245414, 1.6071399603, 5.5448630999, 6.0197601986, 1.4032231089, 6.3237482241, 0.83114975597, 0.89741574392, 0.36518580154, 0, 0, 0.11060493366, 2.7439588449, 1.1135897612, 1.620708274, 0.4125342196, 0.53619096178, 0.3198107882, 0.54915352607, 2.1811470264, 7.7995199407, 4.7757846685, 5.8261536279, 1.8217858758, 0.18549230341, 7.6100468603, 0, 5.3277896039, 0.05951833451, 0.12025529291, 0.17289402144, 0.19188438861, 1.923325875, 3.8544139153, 0.11352710108, 1.9178994196, 5.7134311835, 2.712285773, 1.8247371474, 2.972989151, 2.484743843, 23.4524466778, 0.5537576919, 0.11534034866, 0.51347031477, 0.15723510448, 0.51128848547, 1.7950889614, 15.9605745529, 0.34151672387]
    ]
  ],
  "prob": [
    [0.31346302764, 0.028788387556, 0.64748853809, 0.010260046711],
    [0.012242698038, 0.0090181089425, 0.89995851452, 0.078780678503],
    [0.0092358411019, 0.76042250489, 0.20745939326, 0.022882260751],
    [0.0045356320327, 0.016819930348, 0.8640948972, 0.11454954042],
    [0.051619662966, 0.044695112438, 0.79691008724, 0.10677513736]
  ],
  "iterations": 177,
  "time": 0.000429,
  "message": "Converged",
  "status": 0,
  "miniter": 0,
  "maxiter": 1000,
  "maxtime": 3600,
  "param_threshold": 0.001,
  "ll_threshold": "-Inf",
