{
  "Z_true": {},
  "V_true": [
    [30, 23, 643, 49, 1351, 292, 71],
    [14, 692, 36, 33, 152, 725, 64],
    [137, 271, 177, 233, 381, 11076, 297],
    [67, 57, 234, 119, 5480, 302, 115],
    [51, 39, 117, 1536, 816, 889, 95],
    [596, 16, 47, 51, 605, 670, 91],
    [37, 105, 50, 70, 255, 660, 463]
  ],
  "p_true": [
    [0.0122, 0.0094, 0.2615, 0.0199, 0.5494, 0.1187, 0.0289],
    [0.0082, 0.4033, 0.021, 0.0192, 0.0886, 0.4225, 0.0373],
    [0.0109, 0.0216, 0.0141, 0.0185, 0.0303, 0.881, 0.0236],
    [0.0105, 0.0089, 0.0367, 0.0187, 0.8597, 0.0474, 0.018],
    [0.0144, 0.011, 0.033, 0.4335, 0.2303, 0.2509, 0.0268],
    [0.2871, 0.0077, 0.0226, 0.0246, 0.2914, 0.3227, 0.0438],
    [0.0226, 0.064, 0.0305, 0.0427, 0.1555, 0.4024, 0.2823]
  ],
  "Z_est": [
    [
      [0.0095, 0.0063, 0.1547, 0.6914, 0.3212, 0.2999, 0.3536, 0.1326, 0.0789, 0.1137, 0.322, 0, 0, 0.0852, 0.1926, 0.1082, 0.2115, 0.2178, 0.0979, 0.2463, 0.1642, 0.1231, 1.4296, 0.2336, 0.2333, 0, 0.262, 0, 0.3662, 0.2336, 0.0284, 0.0537, 0.1105, 1.4295, 0.0063, 0, 0.0158, 0.6883, 0.0474],
      [0.0007, 0.0004, 0.011, 0.049, 0, 0.0213, 0.0251, 0.0094, 0.0056, 0.0081, 0.0228, 0.0007, 0.0414, 0.006, 0.0136, 0, 0.015, 0.0154, 0.0069, 0.0175, 0.0116, 0.0087, 0, 0.0166, 0, 0.1251, 0, 0.0136, 0, 0, 0, 0, 0.0078, 0.0148, 0.0004, 0.0204, 0.0011, 0.0488, 0.0034],
      [1.0946, 0.7297, 17.8779, 79.9033, 34.6613, 34.6613, 40.8638, 15.3239, 9.1214, 13.1348, 37.2152, 1.104, 67.4982, 9.8511, 22.2562, 11.6754, 24.4453, 25.175, 11.3105, 28.4587, 18.9725, 14.2294, 21.4029, 26.9993, 25.175, 13.4996, 30.283, 22.2562, 42.3492, 22.3966, 3.2857, 6.2025, 12.7699, 23.0654, 0.7297, 33.2018, 1.8243, 79.5385, 5.5197],
      [0.0094, 0.0062, 0.153, 0.6838, 0.2966, 0.2966, 0.3497, 0.1311, 0.0781, 0.1124, 0.3185, 0.0094, 0, 0.0843, 0.1905, 0.0999, 0.2092, 0.2154, 0.0968, 0.2435, 0.1624, 0, 0, 0.231, 0.2154, 0.1155, 0.2591, 0.1905, 0.3622, 4.8503, 0.0281, 0.0569, 0.1093, 0, 0.0062, 0.2841, 0.0156, 0.6806, 0],
      [1.8827, 1.2552, 30.7513, 137.4393, 59.6198, 59.6198, 70.2886, 26.3582, 15.6894, 22.5928, 64.0128, 1.8827, 116.1017, 16.9446, 38.2822, 20.0825, 42.0477, 43.3028, 19.4549, 48.951, 32.634, 24.4755, 40.1005, 46.4407, 43.3028, 23.2203, 52.0889, 38.4748, 72.7989, 46.4407, 5.6482, 10.6688, 21.9652, 41.4201, 1.2552, 57.3968, 3.1379, 136.8118, 9.4137],
      [0.0032, 0.0021, 0.0522, 0.2332, 0.1011, 0.1011, 0.1192, 0.0447, 0.0266, 0.0383, 0.1086, 0.0032, 1.3586, 0.0287, 0.0649, 0.0341, 0.0713, 0.0735, 0.033, 0.083, 0.0554, 0.1633, 0.0671, 0.0788, 0.0735, 0.0394, 0.1069, 0.0649, 0.1235, 0.0788, 0.0096, 0.0181, 0.0373, 0.0703, 0.0021, 0.0969, 0.0053, 0.2321, 0.016],
      [0, 0, 0, 0, 0, 0, 0, 0, 0, 0, 0, 0, 0, 0, 0, 0, 0, 0, 0, 0, 0, 0, 0, 0, 0, 0, 0, 0, 0, 0, 0, 0, 0, 0, 0, 0, 0, 0, 0]
    ],
    [
      [0.1843, 1.513, 10.8743, 17.5095, 9.5842, 9.7685, 20.6428, 9.5842, 6.0823, 5.5293, 12.1645, 0, 18.2468, 2.0274, 13.6533, 7.2061, 10.3214, 15.1158, 3.6862, 10.8743, 10.3214, 4.0794, 4.0548, 7.3724, 9.2874, 3.1333, 5.7136, 5.7136, 8.8469, 6.3828, 2.3759, 1.4745, 1.6588, 10.69, 0.3686, 11.7959, 0.9216, 40.5484, 2.6632],
      [0.5892, 4.1246, 26.989, 55.9765, 25, 31.229, 65.9934, 30.6398, 19.4445, 17.6768, 38.889, 5.8391, 58.3334, 6.4815, 40.3929, 16, 32.9967, 49.8613, 11.7845, 34.7644, 32.9967, 11.5724, 12.963, 23.5691, 10.8246, 10.0169, 14, 18.266, 24.5564, 10, 3.9992, 4, 5.303, 34.1751, 1.1785, 37.7105, 2.9461, 129.6299, 14.7307],
      [0.0281, 0.1965, 1.6559, 2.6663, 1.4595, 1.4875, 3.1434, 1.4595, 0.9262, 0.842, 1.8524, 2.7742, 2.7786, 0.3087, 1.9366, 0.842, 1.5717, 2.3576, 0.5613, 1.6559, 1.5717, 0.5052, 0.6175, 1.1227, 0.7297, 0.4771, 3.4366, 0.8701, 5.0737, 0.6736, 0.8393, 0.2245, 0.2526, 1.6279, 0.0561, 1.7963, 0.1403, 6.1746, 4.013],
      [0.045, 0.3151, 2.6561, 4.2768, 2.341, 2.386, 5.0421, 2.341, 1.4856, 1.3506, 2.9713, 0.173, 4.4569, 0.4952, 3.1063, 1.3506, 2.5211, 3.7816, 0.9004, 2.6561, 2.5211, 0.8103, 0.9904, 1.8008, 1.1705, 0.7653, 1.3956, 1.3956, 2.1609, 3.2626, 0.4052, 1.074, 0.4052, 2.6111, 0.09, 2.8812, 0.2251, 9.9042, 0],
      [0.0234, 0.1637, 1.3794, 2.221, 1.2157, 1.2391, 2.6185, 1.2157, 0.7715, 0.7014, 1.543, 0.5328, 2.3145, 0.2572, 1.6132, 0.7014, 1.3092, 1.9639, 0.4676, 1.3794, 1.3092, 0.4208, 0.5143, 0.9352, 0.6079, 0.3974, 2.4242, 0.7248, 1.1222, 0.5611, 0.2104, 0.187, 0.2104, 1.356, 0.0468, 4.7845, 0.1169, 5.1434, 0.5845],
      [0.034, 0.2379, 9.7807, 3.229, 7.4072, 1.8014, 3.8068, 1.7674, 1.1216, 1.0197, 2.2433, 5.0083, 3.3649, 0.3739, 2.3453, 1.0197, 1.9034, 2.8551, 0.6798, 2.0054, 1.9034, 0.6118, 0.7478, 1.3596, 0.8837, 0.5778, 1.0537, 1.0537, 1.6315, 0.8157, 0.3059, 0.2719, 0.3059, 1.9714, 0.068, 2.1753, 0.1699, 7.4776, 0.8497],
      [0.096, 0.4493, 5.6645, 9.1208, 4.9924, 5.0884, 10.7529, 4.9924, 3.1683, 2.8803, 6.3366, 0.6725, 9.5048, 1.0561, 5.9524, 2.8803, 5.3765, 8.0647, 1.9202, 5.6645, 5.3765, 0, 2.1122, 3.8403, 2.4962, 1.6321, 2.9763, 2.9763, 4.6084, 2.3042, 0.8641, 0.7681, 0.8641, 5.5685, 0.192, 2.8563, 0.48, 21.1219, 2.1589]
    ],
    [
      [0, 0.2459, 0, 1.7798, 1.4628, 5.9358, 0, 0, 0, 0.8672, 1.9226, 0, 0, 1.5682, 6.4264, 0.7993, 0, 0, 0.1613, 1.4877, 1.5584, 0.2068, 0.6974, 1.7651, 4.9446, 0, 0, 0, 1.0723, 0.395, 0.1975, 0, 0.2993, 0.7993, 0, 0, 0.2006, 2.2884, 0],
      [0.7621, 1.7748, 0, 6.5205, 0, 4.1539, 4.7259, 2.2296, 16.1095, 7.233, 0, 0, 2.4163, 0.5551, 0, 0, 0, 4.9961, 2.2869, 6.8668, 8.5469, 0.6097, 0, 9.0834, 0, 2.6988, 0, 0.9081, 0, 0, 0, 0, 0.7151, 2.357, 0.2121, 0, 0, 58.9798, 0.7735],
      [0.1088, 2.6153, 0, 11.9282, 15.4365, 1.9366, 2.2822, 0, 0.7425, 5.3513, 0, 0.0753, 1.7251, 0.2552, 0, 0.7773, 0, 0, 0.916, 3.2082, 7.3846, 0.2802, 0, 5.259, 5.7887, 0.4266, 1.5058, 1.1545, 1.9199, 0, 0.2677, 0, 1.2414, 0, 0.0083, 0, 0.6126, 0, 0.8564],
      [0.1818, 3.4668, 0, 3.6059, 0, 0, 3.9147, 1.3321, 11.1228, 0, 0, 0, 0, 2.1829, 3.1355, 0, 0.2281, 0, 0, 0.7644, 1.7092, 0, 0, 0, 6.7298, 0, 0.1369, 0, 0, 1.0423, 0.2215, 4.504, 0, 0, 1.82, 0.8341, 0.577, 16.9248, 0],
      [0, 0.5539, 7.1747, 2.8186, 0, 5.6735, 0, 9.5199, 0, 1.5821, 7.6341, 0.6968, 5.9799, 4.4048, 0, 0, 6.6416, 0, 0, 0, 0, 0.821, 7.8841, 19.2583, 17.4859, 1.2499, 10.961, 9.6068, 18.0736, 4.0533, 0, 0, 6.7133, 22.6284, 0, 28.7583, 0, 4.4284, 3.4662],
      [23.7522, 15.3432, 503.1342, 795.2997, 457.1008, 443.1393, 704.4381, 227.7128, 271.0253, 264.7344, 611.5739, 17.2279, 475.6967, 51.4947, 319.4381, 255.135, 522.7037, 530.6519, 215.6358, 752.469, 481.3389, 65.0823, 216.3056, 344.3438, 229.3391, 97.6246, 344.5576, 255.1386, 437.9342, 122.5094, 62.7855, 100.496, 88.0309, 228.0528, 77.6072, 387.4075, 63.1175, 770.6048, 79.9039],
      [1.1952, 0, 5.6911, 11.0473, 0, 2.1609, 4.6391, 4.2056, 0, 1.232, 1.8694, 0, 2.182, 0.539, 0, 2.2884, 12.4266, 13.352, 0, 2.2039, 4.462, 0, 1.1129, 5.2902, 5.7119, 0, 2.8387, 9.192, 0, 0, 0.5278, 0, 0, 5.1625, 6.3524, 0, 0.4923, 26.7738, 0]
    ],
    [
      [0, 0.0519, 0, 0.6312, 1.228, 0.451, 0, 0, 0, 0.6866, 0.9106, 0, 0, 0.1115, 0.1786, 1.4636, 0, 0, 0.0806, 0.3277, 3.5981, 0.1276, 0.1746, 1.5249, 0.7747, 0, 0.2336, 0, 0.423, 0.2028, 0.0524, 0, 0.7453, 0.2243, 0, 0, 0.7666, 0.7118, 0],
      [1.5841, 0.0476, 0, 1.8626, 0, 0.9947, 1.0185, 0.9517, 0.3091, 0.4121, 0.5805, 0.0476, 1.391, 0.471, 0, 0, 0, 0.8926, 0.2378, 0.967, 1.6096, 0.7386, 0, 0.9154, 0, 3.7507, 0, 0.6975, 0, 0, 0, 0, 0.3289, 0.6618, 0.1585, 0.5208, 0, 6.6146, 0.1308],
      [4.9399, 0.148, 0, 5.7968, 2.9477, 4.3017, 3.1697, 0, 0.962, 1.2827, 0, 0.1641, 4.3291, 1.5346, 0, 1.3074, 0.7477, 0, 3.8766, 3.6294, 2.3064, 1.1717, 0, 2.8491, 1.8007, 2.4575, 3.0673, 2.1707, 3.8851, 0, 1.5438, 0, 1.0237, 0, 0.4933, 0, 1.4597, 2.0226, 0.407],
      [0.1104, 0.0631, 0, 2.4715, 0, 0, 10.9886, 1.3163, 0.7473, 0, 0.7809, 0.0631, 0, 1.9783, 0.6994, 0.0368, 1.1358, 0.4678, 0, 1.2831, 0.9834, 0, 0, 0, 0.7677, 0, 1.2358, 0, 0, 0.794, 0.2051, 15.815, 0, 0, 4.0755, 1.4987, 0.1525, 2.787, 0],
      [13.3781, 11.1609, 156.2533, 437.1372, 215.5061, 233.4499, 227.8869, 93.9827, 72.5462, 96.7282, 233.4583, 11.1609, 326.4578, 77.1966, 114.4556, 92.5428, 202.3175, 116.4155, 53.1625, 209.0882, 161.2607, 88.3575, 121.7236, 214.8483, 135.7915, 126.7943, 218.5686, 164.8558, 296.0842, 148.7022, 33.7692, 40.5864, 77.1966, 158.2611, 33.3917, 270.428, 25.2575, 492.9419, 31.0088],
      [0.9249, 0.5285, 11.2462, 20.7006, 19.3181, 11.055, 13.1706, 4.4484, 3.4354, 4.5806, 12.5279, 0.5285, 17.7765, 0, 17.6664, 10.3336, 9.5135, 33.7713, 2.6426, 27.9778, 8.2362, 4.6046, 7.7146, 10.1741, 6.4304, 2.9975, 11.1947, 7.7517, 13.8738, 1.3009, 3.3134, 2.5986, 3.6556, 7.3553, 1.7618, 12.5525, 1.2773, 23.3432, 1.4534],
      [0.0626, 0, 0.5005, 1.4001, 0, 0.7477, 0.7656, 0.3009, 0, 0.3098, 0.7418, 0.0357, 1.0456, 1.7081, 0, 0.3158, 2.2855, 0.4528, 0, 0.7269, 9.0057, 0, 0.3873, 0.6882, 0.4349, 0, 0.7001, 0.5243, 0.7339, 0, 0.1162, 0, 0.0499, 0.4975, 0.1192, 0, 0.0864, 1.5789, 0]
    ],
    [
      [0.047, 0.0627, 1.1498, 4.0889, 2.068, 8.3877, 2.6037, 1.2111, 0, 4.8687, 2.6163, 0, 1.5666, 0.564, 1.3003, 1.175, 0, 0, 0.4857, 2.5379, 1.88, 0.3447, 0.987, 1.6136, 0.94, 0, 1.927, 0, 2.1463, 1.41, 0.2663, 0, 1.5856, 7.0094, 0, 0, 0.2037, 3.5876, 0.1097],
      [0.0279, 0.0372, 0, 2.43, 0, 1.1266, 2.2531, 0.8286, 0.8286, 1.2864, 1.5548, 0.0466, 0.931, 0.3352, 0, 0, 1.2043, 1.3035, 3.1094, 1.5083, 1.1172, 1.9959, 0, 0.959, 0, 0.4748, 0, 0.81, 0, 0, 0, 0, 0.4003, 5.3775, 0.27, 1.1172, 0, 2.1321, 1.2818],
      [0.1452, 0.1936, 1.4757, 12.6351, 6.3902, 5.8577, 11.7153, 3.2104, 4.3085, 2.9046, 7.7474, 0.3204, 4.841, 1.7428, 0.2107, 3.6308, 6.9227, 2.1323, 1.598, 7.8425, 5.8093, 1.4794, 3.0499, 4.9863, 3.4633, 2.4689, 5.9545, 4.2117, 10.7357, 0, 0.823, 0, 2.0817, 3.0014, 1.4039, 5.0319, 0.7504, 11.086, 0.9313],
      [1.5836, 2.1115, 43.9042, 137.7739, 68.0652, 48.4112, 128.9319, 48.2617, 53.8368, 27.0157, 88.1542, 2.6393, 44.2887, 19.0033, 43.8132, 39.5902, 75.4853, 73.9017, 13.4665, 85.5148, 63.3443, 9.0396, 26.4349, 53.0841, 31.6722, 19.7353, 64.9279, 43.8405, 65.487, 47.5082, 8.9738, 111.958, 19.0539, 16.6281, 15.7625, 63.3443, 6.8623, 120.8821, 1.886],
      [0.5131, 0.6841, 17.4457, 44.6406, 22.5769, 29.1824, 41.3909, 15.2223, 9.8192, 10.2622, 28.9002, 0.8552, 21.8997, 6.1573, 14.1961, 12.8278, 26.8256, 23.9451, 5.3021, 27.708, 20.5244, 4.1454, 18.1828, 17.6168, 10.2622, 16.7417, 21.0375, 18.3273, 27.4352, 20.6479, 2.9076, 0, 10.0871, 15.8658, 4.9601, 23.2613, 2.2235, 39.1674, 1.1973],
      [0.6811, 0.9082, 37.957, 59.2584, 32.8998, 27.9542, 54.9446, 20.2069, 20.2069, 13.6226, 37.9163, 1.1352, 26.4065, 8.1736, 23.4798, 17.1545, 32.4673, 38.6246, 7.0384, 36.7811, 27.2452, 4.995, 14.3038, 23.3855, 13.6226, 11.5792, 29.0716, 19.7528, 31.105, 20.4339, 4.018, 10.042, 9.7629, 14.0767, 6.5843, 27.2452, 2.9516, 51.993, 1.5893],
      [0.002, 0.0027, 0.0676, 0.173, 0, 0.0802, 0.1604, 0.059, 0, 0.0398, 0.1107, 0.0033, 0.0663, 0.0239, 0, 0.6218, 0.0948, 0.0928, 0, 0.1074, 0.0796, 0, 0.0418, 1.3547, 0.0398, 0, 0.0815, 0.0577, 0.0908, 0, 0.0113, 0, 0.0285, 0.0411, 0.0192, 0, 0.0086, 0.1518, 0.0046]
    ],
    [
      [0.4869, 1.0295, 12.0109, 28.3114, 12.5257, 12.5257, 17.5016, 6.3486, 4.6328, 11.0295, 21.6196, 0, 18.1961, 1.3727, 9.4371, 12.5257, 14.2029, 13.0404, 3.9464, 12.3541, 11.6677, 2.5738, 5.8627, 13.0404, 8.2768, 4.2326, 11.3246, 4.926, 14.2415, 5.8339, 0.1716, 0.4718, 3.6033, 8.5792, 1.0295, 9.2109, 1.0295, 24.1934, 1.5443],
      [0.0051, 0.0051, 0, 0.1401, 0, 0.062, 0.0866, 0.0314, 0.0229, 0.0535, 0.107, 0.0042, 0.0925, 0.0068, 0.0467, 0, 0.0722, 0.0645, 0.0195, 0.0611, 0.0577, 0.0127, 0, 0.0645, 0, 0.2507, 0, 0.0365, 0, 0, 0.0008, 0, 0.0178, 0.0424, 0.0051, 0.0637, 0.0051, 0.1197, 0.0076],
      [0.6475, 0.1049, 1.2233, 2.8835, 1.3377, 1.2757, 1.7825, 0.6466, 0.4718, 1.101, 2.2019, 0.9453, 1.9048, 0.1398, 0.9612, 1.2757, 1.4854, 1.3281, 0.4019, 1.2582, 1.1883, 0.2621, 0.5942, 1.3281, 0.8388, 0.4544, 1.1534, 3.0252, 1.5209, 0.5942, 0.0175, 0.3495, 0.367, 0.8738, 0.1049, 1.3107, 0.1049, 2.4641, 0.1887],
      [0.0209, 0.0209, 0.2441, 0.5754, 0.2546, 0.2546, 0.3557, 0.129, 0.0942, 0, 0.4394, 0.0174, 0, 0.0279, 0.1918, 0.2546, 0.2964, 0.265, 0.0802, 0.2511, 0.2371, 0.0523, 0.1186, 0.265, 0.1674, 0.0907, 0.2301, 0.1499, 0.2894, 0.1474, 0.0035, 3.0466, 0.0732, 0.1744, 0.0209, 0.2615, 0.0209, 0.4917, 0],
      [2.1719, 2.1719, 25.339, 59.7275, 26.4249, 26.4249, 36.9225, 13.3934, 9.7736, 22.8051, 45.6101, 1.8099, 39.4564, 2.8959, 19.9092, 26.4249, 31.1505, 27.5109, 8.3257, 26.0629, 24.615, 5.4298, 12.3075, 27.5109, 17.3753, 9.4116, 23.891, 15.7438, 30.0448, 12.3075, 0.362, 7.2397, 7.6017, 18.0993, 2.1719, 30.8068, 2.1719, 51.0399, 3.2579],
      [2.6677, 2.6677, 31.1828, 73.3621, 32.4572, 32.4572, 45.3511, 16.4509, 12.0047, 28.011, 56.022, 2.2231, 49.3501, 3.557, 24.454, 32.5192, 37.7926, 33.791, 10.2262, 32.0126, 30.2341, 6.6693, 15.117, 33.791, 21.3417, 11.5601, 29.4009, 19.1186, 36.9034, 15.117, 0.4446, 8.8924, 9.337, 22.231, 2.6677, 33.3464, 2.6677, 62.6913, 4.0016],
      [0, 0, 0, 0, 0, 0, 0, 0, 0, 0, 0, 0, 0, 0, 0, 0, 0, 0, 0, 0, 0, 0, 0, 0, 0, 0, 0, 0, 0, 0, 0, 0, 0, 0, 0, 0, 0, 0, 0]
    ],
    [
      [0.2724, 0.0908, 5.8102, 8.9877, 5.8102, 3.6314, 7.8983, 2.7235, 3.206, 2.9051, 7.4444, 0, 6.9904, 1.271, 4.8116, 3.7222, 6.2642, 7.6259, 2.542, 7.172, 5.8102, 0.5447, 2.7938, 3.4498, 1.5433, 1.6341, 4.5392, 2.3604, 3.9037, 2.542, 0.9078, 0, 1.9973, 3.2683, 0.5956, 4.9932, 0.8623, 12.9822, 0.6355],
      [0.0309, 0.0103, 0, 1.0213, 0, 0.4126, 0.8975, 0.3095, 2.2798, 0.3301, 0.8459, 0.0619, 0.7943, 0.1444, 0.5468, 0, 0.7118, 0.8666, 1.5549, 0.815, 0.6602, 0.0619, 0.037, 0.392, 0.1754, 0.683, 0, 0.2682, 0.4436, 0, 0, 0, 0.227, 0.3714, 0.1754, 0.5674, 0.0477, 1.4752, 0.0722],
      [0.036, 0.012, 0.7672, 1.1868, 0.7672, 0.4795, 1.0429, 0.3596, 0.4675, 0.3836, 0.983, 0.6166, 0.9231, 0.1678, 0.6354, 0.4915, 0.8272, 1.007, 0.3357, 0.947, 0.7672, 0.0719, 0.3357, 0.4555, 0.2038, 0.2158, 0.5994, 0.3117, 0.5155, 0.3357, 0.223, 0.2234, 0.2637, 0.4316, 0.2038, 0.6593, 0.1079, 1.7142, 0.0839],
      [0.0489, 0.0163, 1.0426, 1.6128, 1.0426, 0.6516, 1.4173, 0.4887, 0.6353, 0.5213, 1.3359, 0.0977, 1.2544, 0.2281, 0.8634, 0.6679, 1.1241, 1.3684, 0.4561, 1.287, 1.0426, 0.0977, 0.4561, 0.6191, 0.2769, 0.2932, 0.8145, 0.4236, 0.7005, 5.3951, 0.1629, 8.5455, 0.3584, 0.5865, 1.2247, 0.896, 0.1466, 2.3296, 0.114],
      [0.0308, 0.0103, 0.6566, 1.0157, 0.6566, 0.4104, 0.8926, 0.3078, 0.4001, 0.3283, 0.8413, 0.0616, 0.79, 0.1436, 0.5438, 0.4207, 0.7079, 0.8618, 0.2873, 0.8105, 0.6566, 0.35, 0.2873, 0.3899, 0.1744, 0.1847, 1.0288, 0.2668, 0.4412, 0.2873, 0.1026, 0.3181, 0.2257, 0.3694, 0.1744, 0.5643, 0.0923, 1.4671, 0.0718],
      [0.9369, 0.3123, 20.647, 30.917, 31.7157, 12.4917, 27.1695, 9.3688, 12.1794, 9.9934, 25.608, 1.8738, 24.0466, 4.3721, 16.5515, 12.804, 21.5482, 26.2326, 8.7442, 24.6712, 19.9868, 1.8738, 8.7442, 11.8671, 5.309, 5.6213, 15.6147, 8.1196, 13.4286, 8.7442, 3.1229, 9.6811, 6.8704, 11.2426, 5.309, 17.1761, 2.8106, 44.6579, 2.1861],
      [1.6442, 0.5481, 35.0763, 54.2587, 24.0076, 21.9227, 47.6819, 16.442, 19.8317, 17.5382, 44.9415, 3.2884, 42.2012, 7.6729, 29.0476, 22.8937, 37.8167, 46.0377, 14.0798, 43.2973, 35.0763, 3, 15.3459, 20.8266, 9.3171, 9.3679, 27.4034, 14.2498, 23.5669, 10.6958, 5.4807, 12.2319, 12.0575, 19.7304, 9.3171, 30.1437, 4.9326, 78.3737, 3.8365]
    ]
  ],
  "V_est": [
    [9.0689, 0.5422, 890.0627, 11.1515, 1544.2547, 3.9201, 0],
    [321.9711, 975.4437, 60.7065, 78.5207, 45.2886, 76.2392, 157.8302],
    [37.0817, 145.5149, 74.0642, 64.4345, 208.0685, 11909.887, 132.9492],
    [15.6807, 27.8949, 65.7961, 50.4572, 5834.1132, 353.7362, 26.3217],
    [58.7439, 34.7475, 153.0936, 1836.178, 634.9457, 821.5744, 3.7169],
    [344.9109, 1.5656, 40.1175, 9.6138, 755.699, 924.0932, 0],
    [144.5428, 17.2913, 20.1596, 40.6443, 17.6303, 524.5499, 875.1819]
  ],
  "p_est": [
    [0.0037, 0.0002, 0.362, 0.0045, 0.628, 0.0016, 0],
    [0.1876, 0.5684, 0.0354, 0.0458, 0.0264, 0.0444, 0.092],
    [0.0029, 0.0116, 0.0059, 0.0051, 0.0166, 0.9473, 0.0106],
    [0.0025, 0.0044, 0.0103, 0.0079, 0.9153, 0.0555, 0.0041],
    [0.0166, 0.0098, 0.0432, 0.5183, 0.1792, 0.2319, 0.001],
    [0.1661, 0.0008, 0.0193, 0.0046, 0.364, 0.4451, 0],
    [0.0881, 0.0105, 0.0123, 0.0248, 0.0108, 0.3198, 0.5336]
  ],
  "EI_Z": {},
  "EI_V": 12.1924,
  "MAE_Z": {},
  "MAE_V": 151.1861,
  "MAE_p": 0.0554,
  "runtime": 0.695
}
