{
  "Z_true": {},
  "V_true": [
    [953, 174, 1425, 76],
    [1053, 286, 12851, 363],
    [346, 10855, 907, 865],
    [54, 219, 752, 174],
    [229, 1070, 755, 876]
  ],
  "p_true": [
    [0.3626, 0.0662, 0.5422, 0.0289],
    [0.0724, 0.0197, 0.883, 0.0249],
    [0.0267, 0.8367, 0.0699, 0.0667],
    [0.045, 0.1827, 0.6272, 0.1451],
    [0.0782, 0.3652, 0.2577, 0.299]
  ],
  "Z_est": {},
  "V_est": [
    [1967.1499, 0, 319.2113, 341.6388],
    [186.6423, 0, 14091.1965, 275.1612],
    [0, 12075.2873, 530.9632, 366.7495],
    [0, 10.4782, 924.2271, 264.2946],
    [481.2078, 518.2345, 824.4019, 1106.1558]
  ],
  "p_est": [
    [0.7485, 0, 0.1215, 0.13],
    [0.0128, 0, 0.9683, 0.0189],
    [0, 0.9308, 0.0409, 0.0283],
    [0, 0.0087, 0.7708, 0.2204],
    [0.1642, 0.1769, 0.2814, 0.3775]
  ],
  "EI_Z": {},
  "EI_V": 13.2852,
  "MAE_Z": {},
  "MAE_V": 455.456,
  "MAE_p": 0.1074,
  "runtime": 0.019
}
