{
  "Z_true": {},
  "V_true": [
    [34, 490, 95, 674, 211],
    [35, 81, 484, 607, 600],
    [255, 254, 5586, 4021, 380],
    [126, 3776, 124, 2997, 161],
    [46, 115, 54, 6935, 62],
    [1101, 495, 222, 1240, 76],
    [50, 101, 218, 671, 349]
  ],
  "p_true": [
    [0.0226, 0.3258, 0.0632, 0.4481, 0.1403],
    [0.0194, 0.0448, 0.2678, 0.3359, 0.332],
    [0.0243, 0.0242, 0.5322, 0.3831, 0.0362],
    [0.0175, 0.5256, 0.0173, 0.4172, 0.0224],
    [0.0064, 0.0159, 0.0075, 0.9616, 0.0086],
    [0.3513, 0.1579, 0.0708, 0.3957, 0.0243],
    [0.036, 0.0727, 0.1569, 0.4831, 0.2513]
  ],
  "Z_est": [
    [
      [2.2781, 3.3318, 0.0849, 0.6364, 1.2397, 1.9642, 2.588, 7.587, 0.8523, 0.7895, 2.5957, 1.8667, 1.1455, 0.7212, 1.5697, 2.965, 1.1879, 3.4093, 1.7047, 2.333, 4.1153, 2.7507, 1.6726, 2.5957, 0.4667, 1.3152, 0.3099, 0.2546, 3.9327, 0.3874, 5.8123, 0.6788],
      [31.5582, 46.2296, 1.3721, 7.9639, 43.4894, 19.2093, 42.7333, 50.0567, 21.0018, 31.19, 61.0129, 30.1861, 19.7883, 11.6628, 25.3837, 28.3594, 18.8972, 70.5406, 7.587, 20.9782, 67.6316, 56.8545, 43.2209, 54.4659, 7.5465, 21.1802, 12.3488, 4.1163, 79.2654, 8.9186, 76.1779, 10.9767],
      [0.7176, 0.1468, 0.0119, 0.1587, 0.3936, 0.167, 0.3638, 0.2645, 0.1789, 0.2245, 0.5248, 0.2624, 0.1402, 0.1014, 0.2207, 0.2564, 0.167, 0.4364, 0.0775, 0.1908, 0.5785, 0.4592, 0.3757, 0.4533, 0.0656, 0.1481, 0.1073, 0.0358, 0.6262, 0.0775, 0.817, 0.0954],
      [7.0598, 4.6395, 0.2549, 2.7392, 8.4112, 3.5684, 6.8895, 10.2991, 3.8233, 5.6074, 11.2149, 5.6074, 3.4409, 2.1665, 4.7153, 5.48, 3.5684, 11.0453, 1.6567, 4.0781, 12.3618, 9.5931, 8.5857, 9.6856, 1.4019, 3.4992, 2.7477, 0.7647, 13.3814, 1.6567, 27.2634, 2.0391],
      [4.3863, 6.6523, 0.2762, 3.5018, 12.466, 3.0911, 8.4254, 10.7928, 4.1437, 6.1886, 12.6517, 6.0774, 2.4851, 2.3481, 5.1105, 5.9392, 4.1796, 7.5684, 1.9741, 4.4199, 12.3128, 7.3425, 9.145, 8.7995, 1.5193, 4.8573, 2.4862, 0.8287, 7.7943, 1.9597, 26.9294, 2.21]
    ],
    [
      [2.1856, 1.9297, 0.8128, 0.5115, 1.488, 2.6697, 2.1856, 6.0197, 1.023, 0.8835, 3.1156, 5.7218, 1.6275, 2.0344, 3.0909, 5.5337, 1.2555, 2.7126, 4.422, 3.3993, 5.0221, 2.9669, 1.9497, 1.8225, 0.9748, 1.2715, 0.372, 0.4185, 3.2551, 0.465, 9.8331, 0.7629],
      [0.9799, 0.5837, 0.2071, 0.2626, 0.5539, 0.546, 1.1532, 1.4121, 0.8006, 0.4895, 1.9016, 2.5418, 3.4489, 0.9037, 0.9992, 0.9351, 0.57, 1.205, 0.2434, 1.0826, 5.2782, 1.9022, 0.8661, 0.8096, 0.432, 0.5648, 0.3907, 0.2824, 2.4491, 0.4519, 2.1008, 0.3202],
      [14.2164, 12.739, 6.1606, 11.6316, 35.8731, 13.4276, 23.694, 29.238, 16.4656, 7.6893, 43.5109, 58.1581, 13.3548, 20.6784, 23.2632, 50.8345, 14.2164, 27.5712, 18.9512, 27.7733, 54.9729, 32.0743, 19.3954, 18.5244, 8.9517, 12.8538, 3.7873, 6.462, 31.4485, 10.3392, 99.9458, 7.7544],
      [3.5861, 3.0944, 1.8142, 2.6951, 8.3848, 4.3353, 5.49, 7.7176, 3.6085, 2.5953, 10.0817, 23.4779, 3.7453, 4.7913, 5.3902, 11.7786, 3.2298, 6.3884, 4.7913, 5.8893, 15.0106, 6.9873, 4.5917, 4.2922, 1.7464, 2.9946, 0.9982, 1.4973, 8.1428, 2.304, 24.2916, 1.5422],
      [12.032, 12.6532, 2.0053, 11.8992, 37.7002, 8.0213, 22.4771, 30.6126, 15.1022, 14.3423, 42.3902, 45.1004, 8.8235, 19.5921, 21.2565, 48.9181, 13.7282, 26.1228, 19.5921, 20.8554, 43.7162, 26.0693, 19.1972, 17.5512, 10.8951, 12.3153, 4.4518, 6.3398, 27.7046, 10.4399, 95.8288, 7.6203]
    ],
    [
      [2.617, 4.7885, 0.5568, 1.6164, 1.7818, 1.4474, 3.1995, 3.0624, 1.225, 1.0579, 3.7306, 5.5045, 1.9488, 3.6522, 10.2739, 17.5927, 1.5034, 4.587, 2.4499, 3.3965, 6.0135, 3.8188, 2.3943, 3.7306, 1.377, 2.0664, 0.4454, 0.5011, 3.8305, 0.5568, 7.6282, 0.8352],
      [1.5789, 3.9707, 0.1502, 0.684, 0, 0, 4.4853, 2.5584, 4.2056, 5.0029, 5.696, 3.32, 6.693, 5.4309, 2.6026, 2.4358, 0, 7.0738, 0.634, 1.8018, 6.4508, 4.955, 3.4368, 4.7047, 1.0976, 1.6183, 1.0177, 5.9385, 5.3053, 0.971, 0, 0.0155],
      [98.2224, 90.2181, 16.6071, 97.5331, 179.7851, 95.0948, 219.8874, 158.7367, 117.8525, 54.456, 315.7909, 340.8105, 86.1543, 230.4357, 225.7083, 427.5596, 95.2529, 273.6528, 106.1012, 195.157, 389.3197, 251.1478, 137.3592, 274.1694, 64.1873, 91.0309, 26.8216, 85.1854, 218.6368, 69.8987, 424.1262, 52.0177],
      [80.4679, 75.5394, 12.9081, 80.1241, 133.8101, 72.3465, 143.0432, 130.3839, 93.8055, 53.3584, 262.9045, 265.2754, 93.7816, 164.3202, 193.1704, 360.1425, 71.4879, 229.2637, 85.8146, 150.5554, 345.2596, 203.9668, 143.0983, 256.4392, 54.6837, 76.5951, 25.0734, 75.7345, 193.4936, 39.3733, 291.6439, 15.176],
      [4.1138, 5.4833, 0.7778, 5.0424, 14.6229, 3.1113, 10.3846, 8.2586, 5.9114, 10.1247, 19.878, 15.0896, 3.4224, 14.161, 8.2448, 28.2694, 5.7558, 10.4227, 7.0003, 8.0893, 16.9564, 10.1116, 8.7115, 9.956, 8.6544, 6.6892, 1.6418, 8.6405, 10.7339, 4.2002, 33.6016, 2.9557]
    ],
    [
      [2.3987, 6.1087, 0.5104, 0.9945, 1.6331, 3.3868, 3.2163, 3.1708, 1.1228, 0.9697, 3.4194, 3.5218, 1.7862, 2.7049, 6.9142, 6.0732, 1.5445, 4.4911, 2.2456, 3.1132, 1.9863, 3.6235, 2.1945, 3.4194, 1.0207, 1.4626, 0.4083, 0.4593, 3.5725, 0.5104, 6.9919, 2.0211],
      [116.2217, 183.3138, 7.0189, 31.325, 133.4251, 63.953, 167.496, 152.5608, 95.1682, 121.8153, 233.2747, 156.893, 101.6709, 75.4359, 124.4887, 111.1564, 67.7597, 333.5965, 28.9311, 82.2253, 262.9017, 226.1196, 154.7397, 215.0893, 31.9765, 71.1767, 45.9901, 81.1095, 223.4138, 43.3967, 249.7213, 38.0673],
      [3.3028, 2.4404, 0.5496, 5.4095, 5.0787, 5.3684, 5.7382, 4.3971, 3.1609, 1.473, 8.3449, 9.4978, 1.6577, 2.7816, 5.9361, 5.5217, 7.9673, 12.0191, 1.3701, 5.3205, 6.9799, 8.1373, 2.1307, 8.1788, 1.204, 1.7649, 0.6428, 2.9685, 5.7251, 1.8908, 12.4658, 3.1271],
      [65.096, 68.6581, 7.6507, 44.3645, 92.6567, 58.9712, 93.9015, 106.6457, 48.0391, 62.4406, 149.5661, 126, 49.4326, 49.2481, 119.1617, 134.9294, 51.1744, 224.4695, 30.4821, 73.5184, 172.1321, 149.8279, 87.2376, 163.0868, 21.884, 47.7567, 27.1665, 55.4389, 125.7328, 24.4195, 238.1633, 21.5851],
      [1.9808, 4.4789, 0.2704, 2.9065, 6.2064, 1.3205, 4.6479, 4.2256, 2.509, 3.3014, 7.3949, 5.0874, 1.4526, 3.8295, 3.4994, 8.3192, 3.5541, 4.4237, 2.9712, 2.8226, 0, 4.2917, 3.6974, 4.2256, 1.9147, 2.8391, 0.7923, 3.0238, 4.5558, 1.7827, 15.6576, 4.1994]
    ],
    [
      [0.4831, 0.884, 0.0576, 0.1131, 0.3289, 0.257, 0.5457, 0.5653, 0.2261, 0.1953, 0.6887, 0.9765, 0.3598, 0.5448, 1.6794, 4.1084, 0.3404, 0.9045, 0.6702, 1.487, 1.1101, 0.7298, 0.3512, 1.1666, 0.2056, 0.2981, 0.0822, 0.0925, 0.7195, 0.3357, 1.4082, 0.1542],
      [1.2439, 1.1489, 0.0982, 0.4472, 0, 0.1371, 2.3998, 0, 1.5511, 0.8275, 3.952, 2.1707, 1.8652, 1.8318, 1.7017, 1.5926, 0.9708, 4.3591, 0.4145, 1.1781, 3.9851, 3.6062, 1.5908, 3.9931, 0.4581, 1.0581, 0.6353, 9.9906, 3.4688, 2.8656, 0, 0.3776],
      [0.0672, 0.0555, 0.0071, 0.06, 0.0818, 0.0585, 0.1305, 0, 0.0762, 0, 0.2102, 0.216, 0.053, 0.1335, 0.1443, 0.2765, 0.2614, 0.165, 0.0654, 0.121, 0.2332, 0.5348, 0, 0.2337, 0.0306, 0, 0.0165, 0.0757, 0.1345, 0.2858, 0.1697, 0.032],
      [140.0807, 139.5442, 14.6938, 100.2172, 170.4479, 85.7974, 227.599, 158.8951, 158.6929, 100.3646, 437.8748, 408.9992, 148.897, 223.3097, 301.4871, 576.3999, 142.0399, 381.0588, 136.1624, 227.2639, 486.584, 350.6917, 193.958, 486.8541, 63.2182, 124.0313, 56.816, 146.5572, 328.0897, 136.2351, 353.6304, 45.7237],
      [1.125, 1.3674, 0.1434, 1.1625, 3.1414, 0.75, 2.3251, 1.5396, 1.4537, 1.6125, 4.2744, 3.6376, 0.825, 2.1802, 1.9875, 5.6227, 1.3875, 2.5126, 1.6875, 1.95, 4.0876, 2.4376, 2.1001, 4.7525, 1.0875, 1.6125, 0.45, 4.2839, 2.5876, 3.2778, 5.7917, 0.7125]
    ],
    [
      [33.5936, 64.3351, 6.5946, 5.1984, 21.1026, 13.3069, 28.7646, 29.347, 13.8625, 12.4762, 44.1836, 77.4468, 24.6013, 34.4868, 52.8803, 66.2688, 17.0237, 60.8028, 25.4459, 36.5195, 71.2213, 46.8214, 28.3566, 44.1836, 13.1891, 29.4578, 5.2757, 5.9351, 46.162, 6.3617, 84.827, 9.8918],
      [1.1469, 2.4314, 0.0634, 0.1792, 1.0036, 0, 0.9916, 0, 0.4779, 0.4301, 2.1781, 2.8196, 5.0657, 1.0394, 0, 1.0291, 0.5025, 5.7973, 0, 0, 3.2975, 2.0935, 1.452, 1.9877, 0.296, 1.0155, 0.43, 0.2151, 3.428, 0.2031, 0, 0.1912],
      [0.6412, 0.1696, 0.0529, 0.0496, 0.353, 0.1224, 0.2745, 0, 0.1323, 0, 0.5899, 2.6985, 0.2679, 0.2877, 0, 0, 0.1521, 0.6052, 0, 0.3208, 0.9128, 0.4722, 0.3043, 0.5027, 0.1091, 0.1712, 0.0695, 0.0595, 0.463, 0.0562, 0.7111, 0.0529],
      [59.8806, 115.395, 9.1661, 9.3563, 54.9571, 23.079, 51.7718, 48.653, 24.9503, 22.4552, 102.2949, 150.6503, 50.5243, 49.76, 83.1197, 116.0187, 27.412, 114.1474, 28.7606, 60.1597, 197.8885, 89.0148, 60.0669, 103.7524, 18.6927, 48.3678, 14.922, 11.2276, 88.2506, 10.1337, 126.3601, 5.6332],
      [0.7376, 2.669, 0.1229, 0.2164, 6.5837, 0.4917, 1.1974, 0, 0.5771, 0.6384, 2.7536, 2.3849, 0.5409, 1.426, 0, 2.6834, 0.9097, 1.6473, 0.7935, 0, 2.6799, 1.5981, 1.8202, 1.5735, 0.713, 5.9877, 0.303, 0.5627, 1.6964, 0.2453, 3.1018, 0.2308]
    ],
    [
      [3.4439, 4.6222, 1.3831, 1.9297, 4.4258, 1.9679, 6.5003, 5.2478, 3.6883, 2.6278, 9.2664, 14.9619, 3.5309, 8.8557, 13.5917, 16.4583, 4.1447, 11.0927, 7.0617, 10.7516, 18.5314, 10.2889, 6.0811, 10.0816, 2.7661, 5.1284, 1.1064, 1.3389, 8.5277, 1.3831, 20.4993, 0.656],
      [0.2704, 0.3219, 0.0901, 0.1381, 0.528, 0.1545, 0.7408, 0.4121, 1.7948, 0.2447, 0.9847, 1.0688, 0.468, 0.6954, 0.8242, 0.4916, 0.2997, 1.4277, 0.1901, 0.734, 1.4551, 1.469, 0.6936, 0.9496, 0.1932, 0.3863, 0.1874, 0.3477, 0.6696, 0.1932, 0, 0.0515],
      [4.8324, 5.2305, 1.6108, 5.1575, 9.4347, 2.7614, 10.9116, 7.3637, 7.1335, 3.1572, 17.0285, 20.3567, 4.3722, 12.5816, 14.7273, 22.5512, 5.983, 15.5503, 9.4347, 13.1165, 26.0029, 16.1744, 9.4347, 14.9377, 3.4517, 6.0312, 1.555, 6.2131, 11.966, 3.4517, 28.7643, 0.9205],
      [6.8287, 8.1294, 2.5122, 6.5036, 13.3323, 3.9021, 14.3049, 10.4057, 10.0805, 6.1784, 24.0632, 26.9898, 6.1784, 17.4042, 21.9556, 32.251, 8.0877, 21.6268, 13.3323, 18.5351, 37.7634, 21.9184, 13.4619, 20.8897, 4.3731, 9.7553, 2.2762, 8.7798, 16.9092, 4.8777, 40.6472, 1.3007],
      [5.6246, 6.6959, 1.4038, 6.2712, 13.2793, 3.214, 12.5424, 8.5707, 8.3029, 6.792, 22.6572, 19.6228, 4.4505, 14.4631, 12.9012, 26.2479, 7.485, 14.3025, 10.9813, 13.8628, 29.2471, 13.1493, 11.3286, 17.1415, 4.2159, 8.6988, 1.8749, 10.3205, 13.9275, 5.0944, 35.0891, 1.0713]
    ]
  ],
  "V_est": [
    [65.1426, 1031.9038, 8.8445, 199.246, 198.8631],
    [81.7366, 36.6682, 775.9571, 197.2837, 715.3544],
    [109.1901, 93.8348, 5508.9172, 4473.0407, 311.0172],
    [86.9964, 4031.4326, 152.5511, 2790.8378, 122.1821],
    [22.0692, 59.9196, 3.9293, 7052.2147, 73.8672],
    [1059.9239, 39.7653, 10.6023, 1976.8225, 46.8859],
    [221.9411, 18.4757, 322.1985, 455.5546, 370.8301]
  ],
  "p_est": [
    [0.0433, 0.6861, 0.0059, 0.1325, 0.1322],
    [0.0452, 0.0203, 0.4294, 0.1092, 0.3959],
    [0.0104, 0.0089, 0.5249, 0.4262, 0.0296],
    [0.0121, 0.5612, 0.0212, 0.3885, 0.017],
    [0.0031, 0.0083, 0.0005, 0.9778, 0.0102],
    [0.3382, 0.0127, 0.0034, 0.6308, 0.015],
    [0.1598, 0.0133, 0.232, 0.328, 0.267]
  ],
  "EI_Z": {},
  "EI_V": 8.9439,
  "MAE_Z": {},
  "MAE_V": 167.2567,
  "MAE_p": 0.0676,
  "runtime": 6.374
}
