{
  "X": [
    [27, 8, 34, 117, 51, 15],
    [40, 45, 187, 295, 422, 92],
    [30, 47, 183, 258, 450, 101],
    [53, 87, 238, 475, 710, 131],
    [33, 34, 170, 214, 378, 56],
    [7, 13, 42, 94, 118, 25],
    [25, 15, 110, 119, 181, 38],
    [23, 20, 61, 131, 168, 35],
    [1, 4, 12, 25, 15, 6],
    [3, 1, 4, 16, 21, 9],
    [12, 37, 230, 249, 317, 87],
    [10, 12, 50, 97, 170, 40],
    [6, 7, 41, 82, 89, 22],
    [39, 76, 481, 472, 594, 170],
    [22, 33, 108, 325, 409, 68],
    [5, 11, 22, 53, 154, 13],
    [7, 11, 18, 95, 107, 21],
    [41, 29, 173, 196, 193, 63],
    [4, 8, 8, 19, 23, 9],
    [8, 5, 40, 67, 71, 16],
    [13, 8, 35, 46, 67, 22],
    [11, 22, 67, 72, 95, 36],
    [8, 19, 74, 49, 79, 28],
    [11, 36, 134, 140, 193, 42],
    [11, 21, 41, 64, 91, 18],
    [4, 7, 9, 21, 30, 7],
    [54, 66, 373, 357, 391, 117],
    [53, 10, 64, 116, 91, 13],
    [29, 25, 42, 183, 337, 47],
    [41, 83, 153, 413, 643, 101],
    [6, 2, 25, 46, 71, 11],
    [1, 3, 3, 11, 20, 7],
    [62, 104, 377, 515, 492, 147],
    [64, 68, 472, 487, 522, 121],
    [27, 28, 121, 184, 164, 48],
    [24, 17, 102, 95, 119, 25],
    [17, 5, 43, 37, 43, 14],
    [28, 11, 131, 114, 116, 25],
    [26, 21, 135, 101, 132, 63],
    [0, 0, 0, 0, 1, 0],
    [4, 11, 14, 14, 59, 16],
    [38, 41, 236, 191, 366, 72],
    [13, 19, 48, 54, 114, 28],
    [184, 113, 358, 696, 826, 222],
    [29, 6, 26, 18, 53, 7]
  ],
  "W": [
    [11, 73, 89, 30, 22, 13, 14],
    [61, 74, 504, 127, 131, 115, 69],
    [48, 51, 567, 130, 113, 68, 92],
    [66, 102, 927, 166, 192, 98, 143],
    [32, 58, 496, 100, 94, 50, 55],
    [18, 23, 156, 24, 27, 23, 28],
    [38, 37, 222, 73, 53, 35, 30],
    [17, 49, 213, 49, 49, 17, 44],
    [6, 4, 27, 8, 11, 3, 4],
    [7, 3, 29, 4, 3, 2, 6],
    [105, 15, 387, 199, 99, 68, 59],
    [19, 18, 227, 29, 23, 32, 31],
    [19, 9, 114, 39, 25, 20, 21],
    [157, 68, 776, 379, 187, 138, 127],
    [38, 29, 589, 91, 77, 55, 86],
    [10, 7, 157, 23, 27, 5, 29],
    [5, 19, 160, 21, 16, 9, 29],
    [61, 86, 239, 131, 72, 58, 48],
    [4, 7, 31, 6, 12, 3, 8],
    [10, 18, 105, 31, 15, 8, 20],
    [21, 8, 87, 28, 24, 17, 6],
    [28, 22, 109, 58, 44, 25, 17],
    [23, 7, 99, 52, 40, 16, 20],
    [30, 31, 260, 73, 73, 40, 49],
    [18, 16, 113, 28, 34, 20, 17],
    [3, 8, 43, 10, 7, 4, 3],
    [128, 130, 520, 234, 162, 90, 94],
    [27, 91, 148, 32, 24, 13, 12],
    [9, 38, 420, 54, 49, 28, 65],
    [55, 80, 821, 144, 142, 85, 107],
    [5, 10, 87, 25, 13, 7, 14],
    [1, 1, 30, 0, 6, 2, 5],
    [150, 162, 617, 255, 236, 176, 101],
    [170, 142, 701, 300, 192, 121, 108],
    [54, 49, 251, 84, 60, 34, 40],
    [42, 45, 146, 64, 42, 22, 21],
    [21, 28, 46, 34, 16, 10, 4],
    [44, 76, 136, 83, 39, 30, 17],
    [58, 44, 151, 97, 46, 44, 38],
    [0, 0, 1, 0, 0, 0, 0],
    [0, 2, 70, 14, 15, 4, 13],
    [66, 64, 421, 136, 127, 78, 52],
    [15, 24, 134, 33, 29, 13, 28],
    [132, 298, 1142, 291, 211, 148, 177],
    [11, 28, 64, 13, 11, 0, 12]
  ],
  "method": "mult",
  "cond_prob": [
    [
      [0.003452010662, 0.0022718810937, 0.69317164469, 0.20442265723, 0.0042070663003, 0.092474740019],
      [0.31914018418, 0.0029231399245, 0.044123731996, 0.63165684041, 0.0011238152221, 0.0010322882676],
      [0.011054675261, 0.01679379972, 0.0038559495121, 0.43837520966, 0.48920729478, 0.040713071072],
      [0.0018970352604, 0.0053358807955, 0.56311494529, 0.27824635354, 0.031429591405, 0.11997619371],
      [0.0025718166483, 0.26489141918, 0.23912157903, 0.26715518869, 0.16107271186, 0.065187284592],
      [0.00049374520562, 0.01887281412, 0.17572706809, 0.5233832819, 0.080535601241, 0.20098748945],
      [0.0028571522766, 0.04662195463, 0.0045225577764, 0.40456728987, 0.31840812457, 0.22302292088]
    ],
    [
      [0.0040780553461, 0.0021410901793, 0.75994912374, 0.13397375184, 0.0059141490771, 0.093943829817],
      [0.44611358912, 0.0032666398569, 0.058150107391, 0.48934663153, 0.0018736228388, 0.0012494092668],
      [0.012507166014, 0.015136519187, 0.0041083646048, 0.27476775434, 0.65376726969, 0.039712926159],
      [0.0023004335286, 0.0051602599329, 0.6351991101, 0.18709555739, 0.045333487786, 0.12491115126],
      [0.003105179878, 0.24886974471, 0.27050067999, 0.17887694416, 0.2308749974, 0.067772453854],
      [0.00066971706549, 0.020382914362, 0.22348569958, 0.39290735756, 0.12981301036, 0.23274130107],
      [0.003418981377, 0.044305985026, 0.0050961619863, 0.26822200533, 0.45114231515, 0.22781455113]
    ],
    [
      [0.0036424646366, 0.0022051130592, 0.7786040011, 0.11069897204, 0.0052363694634, 0.099613079708],
      [0.45950166684, 0.0038669485743, 0.068443223849, 0.46475877301, 0.0019067375117, 0.0015226502126],
      [0.012711749867, 0.017738081154, 0.0047866914903, 0.25832806185, 0.65852368182, 0.047911733812],
      [0.0020853750423, 0.0053939562669, 0.6604521673, 0.15690166849, 0.040737209707, 0.13442962319],
      [0.0028881497696, 0.26701518096, 0.28849469065, 0.1539125523, 0.2128572295, 0.074832196825],
      [0.00063847331968, 0.022407597841, 0.24430523373, 0.34653405508, 0.12267734528, 0.26343729475],
      [0.0033319358449, 0.049790820065, 0.0056936995704, 0.24181550619, 0.43578028824, 0.26358775009]
    ],
    [
      [0.0036072175498, 0.0026151860829, 0.76330410832, 0.13426048496, 0.0054031475086, 0.090809855587],
      [0.41448471763, 0.0042052288151, 0.061599799451, 0.51663287454, 0.0018041106481, 0.0012732689124],
      [0.011715666101, 0.019577951101, 0.00437336607, 0.29156202535, 0.63210929803, 0.040661693347],
      [0.0020429387375, 0.0063277609642, 0.64061018541, 0.18822841758, 0.041579297778, 0.12121139952],
      [0.0026572895263, 0.29354962585, 0.26297573642, 0.17341660921, 0.20401609088, 0.063384648117],
      [0.00060011820173, 0.02521672004, 0.22750908956, 0.39874751511, 0.12012483006, 0.22780172702],
      [0.0031401974908, 0.056172686508, 0.0053187492136, 0.2790529986, 0.42776286057, 0.22855250762]
    ],
    [
      [0.003312440409, 0.0017139096644, 0.83078282066, 0.095176369701, 0.004563664577, 0.06445079499],
      [0.46610290472, 0.0033551595461, 0.081420467791, 0.44616701956, 0.0018550627946, 0.0010993855901],
      [0.013478524489, 0.016076347937, 0.0059470448027, 0.25899562934, 0.66936442216, 0.036138031272],
      [0.0019590394985, 0.00433088213, 0.72781634765, 0.13935822988, 0.036676362651, 0.089859138189],
      [0.002970272075, 0.23500074138, 0.34781070978, 0.14965600938, 0.20981268217, 0.054749585222],
      [0.00067999192734, 0.02039860695, 0.30499306766, 0.34898688289, 0.12522025235, 0.19972119822],
      [0.0037582815427, 0.048011705789, 0.0075250479197, 0.25789882386, 0.47116022233, 0.21164591855]
    ],
    [
      [0.0022340830784, 0.0025111479043, 0.74983700922, 0.14663381259, 0.0052559651257, 0.093527982087],
      [0.29432202514, 0.0045016406055, 0.066569545637, 0.63119301177, 0.0019562723097, 0.0014575045455],
      [0.0071980664657, 0.01865843768, 0.0041991216171, 0.31619862243, 0.61229275293, 0.041452998878],
      [0.0012571939407, 0.0060392967426, 0.62392755653, 0.2043903366, 0.040202778805, 0.12418283739],
      [0.0016486753401, 0.28767672041, 0.25640956751, 0.18982309451, 0.19909666253, 0.06534527969],
      [0.00035898422044, 0.023424686883, 0.2137495725, 0.42178077105, 0.11297468157, 0.22771130378],
      [0.0019061828923, 0.053046162258, 0.0050487280886, 0.29914310697, 0.40904195129, 0.23181386849]
    ],
    [
      [0.0047483253291, 0.0015832887227, 0.79375058657, 0.11227851662, 0.0053232004646, 0.082316082288],
      [0.52442832268, 0.0024111828788, 0.06041917376, 0.40996675661, 0.0016832363613, 0.001091327714],
      [0.016460834746, 0.012654435459, 0.0048316204677, 0.26039973394, 0.66635747042, 0.039295904972],
      [0.00274230936, 0.003907289067, 0.67888352008, 0.1605744811, 0.041781976335, 0.11211042405],
      [0.0040708599521, 0.20876544587, 0.31736690924, 0.16882301788, 0.23413444728, 0.06683931978],
      [0.00086678127829, 0.016765117571, 0.25882521195, 0.36645234484, 0.12993582274, 0.22715472162],
      [0.0045565112105, 0.037551907244, 0.0060704292579, 0.25745049625, 0.46542608745, 0.22894456859]
    ],
    [
      [0.0038008628632, 0.0024284165444, 0.74647130855, 0.14340111487, 0.0055173781814, 0.098380918984],
      [0.41582597001, 0.003680144739, 0.056327037383, 0.52113336092, 0.0017361012427, 0.0012973857112],
      [0.01189739099, 0.017527579802, 0.0040863255576, 0.30035038548, 0.62373769185, 0.04240062632],
      [0.0021340858658, 0.0058262398431, 0.62027371066, 0.19938355356, 0.042101447833, 0.13028096223],
      [0.0028103165943, 0.27633672827, 0.25671221478, 0.1859598278, 0.20929534145, 0.068885571105],
      [0.00060675500511, 0.022487415525, 0.21223856116, 0.40933085014, 0.11777219307, 0.2375642251],
      [0.0031660625798, 0.05000251525, 0.0049352142515, 0.28544522495, 0.41877225204, 0.23767873092]
    ],
    [
      [0.0017439595773, 0.0024148001282, 0.68631505322, 0.19743567312, 0.0035510732303, 0.10853944073],
      [0.22887374557, 0.0035836502182, 0.048619157581, 0.71644997154, 0.0010937476421, 0.001379727445],
      [0.0060757716199, 0.019390275117, 0.0039818835158, 0.46250305386, 0.45662313657, 0.051425879321],
      [0.00095949436501, 0.0056851333098, 0.5550908527, 0.26995361257, 0.026608710991, 0.14170219606],
      [0.001301801355, 0.29457364476, 0.23140028436, 0.25917222634, 0.13714198765, 0.076410055527],
      [0.00024642912352, 0.019908081415, 0.16751348399, 0.50670289968, 0.06749355028, 0.23813555552],
      [0.0014593829615, 0.050491759313, 0.0043583020537, 0.39802433222, 0.27546852263, 0.27019770082]
    ],
    [
      [0.0096091502837, 0.0019466428419, 0.49960855297, 0.20851062866, 0.0072516621952, 0.27307336305],
      [0.62618753275, 0.0013473142527, 0.016100352143, 0.35370937749, 0.001041237243, 0.0016141861251],
      [0.020912310019, 0.0098025826771, 0.0017618743926, 0.30517228522, 0.58172494063, 0.08062600706],
      [0.0047682527406, 0.0041386078507, 0.3629050659, 0.25728582428, 0.049016971564, 0.32188527767],
      [0.0060802240331, 0.22122588369, 0.14032416919, 0.23211416109, 0.23740206557, 0.16285349642],
      [0.00096074779743, 0.011433777021, 0.084703373046, 0.37953350639, 0.097554517808, 0.42581407794],
      [0.0046793472085, 0.024062301812, 0.0017984714671, 0.2448952085, 0.32730977378, 0.39725489723]
    ],
    [
      [0.0038470304864, 0.0023341671611, 0.73931318013, 0.15046556889, 0.0058063985242, 0.098233654808],
      [0.41260440023, 0.0034118787495, 0.054241455555, 0.52672837223, 0.0017623311689, 0.00125156207],
      [0.011520577818, 0.016106449445, 0.0039041110492, 0.30122504582, 0.62671715, 0.040526665873],
      [0.0021461070715, 0.0055639673527, 0.61125264485, 0.20783173947, 0.044020227993, 0.12918531327],
      [0.0028261301941, 0.26218487933, 0.2540443689, 0.19384077527, 0.21873009046, 0.068373755843],
      [0.00060007363537, 0.021112031254, 0.20666630929, 0.41931288569, 0.12108286597, 0.23122583417],
      [0.0031038777515, 0.046497534032, 0.0047753422368, 0.28994928989, 0.42638854195, 0.22928541414]
    ],
    [
      [0.0033781446888, 0.002108945759, 0.76193527975, 0.11345583704, 0.0051925962062, 0.11392919656],
      [0.44241074139, 0.0037430924082, 0.067083745043, 0.48308980381, 0.0019135232117, 0.0017590941433],
      [0.011705339393, 0.016849900441, 0.0045966527312, 0.26298548183, 0.64954042603, 0.05432219957],
      [0.0019197393782, 0.0051220270143, 0.64044042707, 0.15968457247, 0.040106968941, 0.15272626513],
      [0.0026869712237, 0.26014804758, 0.28115607235, 0.15828823865, 0.21190779672, 0.08581287347],
      [0.0005698909464, 0.020653068011, 0.22832620149, 0.34240771507, 0.11715159622, 0.29089152827],
      [0.0029723804717, 0.045933765204, 0.0052999676005, 0.23860253665, 0.41632740771, 0.29086394236]
    ],
    [
      [0.0046777525721, 0.0017708842609, 0.69669911628, 0.18826142657, 0.0059553944655, 0.10263542585],
      [0.42219422652, 0.0020834475753, 0.040694698757, 0.53252366759, 0.0014546865193, 0.0010492730407],
      [0.012796199355, 0.011164457988, 0.003318768526, 0.34458153479, 0.58955761151, 0.038581427838],
      [0.0025523485604, 0.0041303958021, 0.56243487423, 0.25452962884, 0.044179934615, 0.13217281795],
      [0.0034976361667, 0.20629827202, 0.24183983262, 0.24699161446, 0.22871802113, 0.072654623596],
      [0.00066124428087, 0.01454080092, 0.17510544865, 0.4769821304, 0.11268231565, 0.2200280601],
      [0.0034736390681, 0.032579801007, 0.0040939530485, 0.3344514221, 0.40385896827, 0.22154221651]
    ],
    [
      [0.0034464265913, 0.0022262362639, 0.77508589508, 0.12542328933, 0.0048755843605, 0.088942568373],
      [0.4185414611, 0.0037727744227, 0.066011790025, 0.50864377054, 0.0017157144024, 0.0013144895062],
      [0.012234379441, 0.018215097747, 0.0048606584667, 0.29768250376, 0.62347756536, 0.043529795223],
      [0.0019714487759, 0.0054407350749, 0.65718181793, 0.17760422891, 0.037896438483, 0.11990533083],
      [0.002735988801, 0.2693286282, 0.28804642289, 0.17458304149, 0.19840084732, 0.066905071287],
      [0.00059895005669, 0.022424741439, 0.24158111477, 0.38912920571, 0.11323718773, 0.23302880029],
      [0.0032373562442, 0.051598997392, 0.0058362442195, 0.28129014719, 0.41654186403, 0.24149539093]
    ],
    [
      [0.0044472842561, 0.0022574147749, 0.72383613066, 0.17555166894, 0.0054496400282, 0.088457861335],
      [0.41137684324, 0.0028840550163, 0.046285510964, 0.5370229552, 0.001445705311, 0.00098493026537],
      [0.013202784283, 0.015446439915, 0.0037787586041, 0.34846484218, 0.58292218417, 0.036184990853],
      [0.0024659262526, 0.0053481461711, 0.59450855085, 0.24099262145, 0.041061600097, 0.11562315518],
      [0.0032733347872, 0.25412807838, 0.24869908844, 0.22657855924, 0.20563776613, 0.061683173013],
      [0.00067092500972, 0.019745979532, 0.19525745567, 0.47303980227, 0.10988896112, 0.2013968764],
      [0.0035953485681, 0.04506070123, 0.0046703991777, 0.33893339044, 0.40082241952, 0.20691774106]
    ],
    [
      [0.005144377211, 0.0030756717673, 0.75629147765, 0.14159972646, 0.0096807205606, 0.084208026348],
      [0.50862432493, 0.0039420285492, 0.047715380408, 0.43620476134, 0.0025761071662, 0.00093739761323],
      [0.010956471575, 0.01509270306, 0.0027788262574, 0.20173339542, 0.74480293058, 0.024635673102],
      [0.0028314890011, 0.0072362720626, 0.61497223747, 0.19311079319, 0.072438448909, 0.10941075936],
      [0.0031043352424, 0.28837827683, 0.21059612467, 0.1499236345, 0.2998959128, 0.048101715957],
      [0.00077584138045, 0.026938953549, 0.2014866295, 0.38267668577, 0.19536805753, 0.19275383227],
      [0.003310444047, 0.049010899369, 0.0038158627099, 0.21796409001, 0.5682597913, 0.15763891256]
    ],
    [
      [0.0031303192504, 0.003449420806, 0.667003129, 0.20186519126, 0.0057677503645, 0.11878418931],
      [0.30665583852, 0.0045701903207, 0.043256805158, 0.64256386517, 0.0015865575674, 0.001366743263],
      [0.0084100173141, 0.021378796759, 0.0030754521712, 0.36302552362, 0.56023856986, 0.043871640279],
      [0.0016820723446, 0.0079225553665, 0.52889944815, 0.26871248484, 0.042128344381, 0.15065509492],
      [0.0019418384455, 0.33480909412, 0.19015840499, 0.21968485357, 0.18366199195, 0.069743816932],
      [0.00041374435144, 0.026484523507, 0.15502475441, 0.47784214284, 0.10198252605, 0.23825230885],
      [0.0021613474526, 0.059049684091, 0.0035890097892, 0.33333575019, 0.36325363241, 0.23861057607]
    ],
    [
      [0.0037801852013, 0.0023323183047, 0.76540005972, 0.1308265441, 0.0050290920901, 0.09263180058],
      [0.43218200629, 0.0037204687457, 0.061198590109, 0.49994580064, 0.0016657510341, 0.0012873831892],
      [0.012931067169, 0.018395157219, 0.0046123778444, 0.29935853584, 0.62103918959, 0.043663672333],
      [0.0021498089051, 0.0056673044164, 0.64491234736, 0.18420966954, 0.038867296755, 0.12419357302],
      [0.0029211234361, 0.27627195898, 0.27637646473, 0.17728321991, 0.19933888881, 0.067808344142],
      [0.00063882795127, 0.022855408935, 0.23152463471, 0.39501313432, 0.11362386372, 0.23634413037],
      [0.0034172102743, 0.052078769828, 0.0055308921769, 0.28249097578, 0.41407675776, 0.24240539418]
    ],
    [
      [0.0051316404709, 0.0050547223535, 0.66620767119, 0.14906097869, 0.0054268393997, 0.16911814789],
      [0.50747753419, 0.0061902457109, 0.038518038623, 0.44465642271, 0.0013794368347, 0.0017783219312],
      [0.015057114087, 0.034221098008, 0.003221946109, 0.29405963242, 0.58575833626, 0.067681873119],
      [0.002775788734, 0.011695091255, 0.52853818779, 0.2002072609, 0.039956521957, 0.21682714936],
      [0.0028139772279, 0.44864828102, 0.16367865865, 0.14365373231, 0.1536994753, 0.087505875493],
      [0.00068592230342, 0.039369879303, 0.15242277678, 0.36065634688, 0.097428077993, 0.34943699674],
      [0.003427496994, 0.084213221777, 0.0033364772383, 0.23945866353, 0.33487874835, 0.33468539211]
    ],
    [
      [0.0029055728334, 0.0013936121296, 0.78034275302, 0.13369052619, 0.004102370734, 0.077565165099],
      [0.37296338806, 0.0024069628534, 0.066465899457, 0.55553038371, 0.00147096637, 0.0011623995509],
      [0.011334584693, 0.012544972723, 0.0052662621893, 0.34927973185, 0.5800013928, 0.041573055745],
      [0.0016774859845, 0.0034393540484, 0.66570581558, 0.19124849454, 0.032199162097, 0.10572968775],
      [0.0026372285876, 0.19928810344, 0.32724826643, 0.21291595087, 0.19129051652, 0.066619934144],
      [0.00051990443681, 0.014493594076, 0.24695063075, 0.42888575195, 0.098246698629, 0.21090342016],
      [0.0030129605504, 0.03587373297, 0.0063572812987, 0.33174269691, 0.38869326204, 0.23432006623]
    ],
    [
      [0.012052620482, 0.0024231347545, 0.69219268178, 0.14036455472, 0.0062152636868, 0.14675174457],
      [0.71315669761, 0.0018419747606, 0.026069521157, 0.2569831944, 0.00098087926961, 0.00096773279868],
      [0.033629844474, 0.015581929621, 0.0033548751744, 0.26218217372, 0.6290501399, 0.056201037105],
      [0.0066033628228, 0.0056755508349, 0.56092226286, 0.19061175077, 0.04630642525, 0.18988064746],
      [0.0085056608284, 0.26770703183, 0.22645595624, 0.17384769567, 0.22548022333, 0.098003432096],
      [0.0017304433693, 0.02021745315, 0.17644087141, 0.36169837339, 0.11950970208, 0.3204031566],
      [0.0085482649598, 0.042615115057, 0.0038763317553, 0.23833733246, 0.40326536786, 0.30335758791]
    ],
    [
      [0.0040978097584, 0.0035927331697, 0.72165536132, 0.13047537906, 0.0060480374703, 0.13413067923],
      [0.45939973035, 0.0054646805022, 0.054748233293, 0.47670325748, 0.0019100239617, 0.0017740744169],
      [0.012107008623, 0.024470926313, 0.0037341038323, 0.25802335185, 0.64714491172, 0.054519697666],
      [0.0022643274094, 0.0084840364447, 0.59036625542, 0.17859299919, 0.045430631481, 0.17486175006],
      [0.0026238849509, 0.35540896508, 0.21519329983, 0.14656138316, 0.19889261289, 0.08131985408],
      [0.00061374011548, 0.031227275681, 0.19278610993, 0.34990336245, 0.12121092093, 0.3042585909],
      [0.0030298986345, 0.065711439211, 0.0042430215379, 0.23069703339, 0.40835285332, 0.28796575391]
    ],
    [
      [0.0060776363811, 0.0028758747194, 0.79299093174, 0.093176812909, 0.0046112546627, 0.10026748959],
      [0.63874886309, 0.0038728308742, 0.053177037026, 0.30173836979, 0.001289309118, 0.0011735900946],
      [0.023638904341, 0.025760661698, 0.0053862824193, 0.24242221031, 0.64921313015, 0.053578811078],
      [0.0035282914731, 0.0071365720417, 0.6815090978, 0.13404416144, 0.036399980301, 0.13738189695],
      [0.0046202107531, 0.33837468735, 0.28045301185, 0.12429139142, 0.18009089007, 0.072169808556],
      [0.0011266546954, 0.030955155879, 0.26198748791, 0.30965491565, 0.11444357725, 0.28183220861],
      [0.0059636828061, 0.069830822872, 0.0061771378888, 0.21874841974, 0.41337377599, 0.28590616071]
    ],
    [
      [0.0019980486037, 0.0024408035012, 0.8262744409, 0.099879748093, 0.0040079102388, 0.065399048667],
      [0.33800500139, 0.0056785488048, 0.096087489779, 0.55696776076, 0.0019361246079, 0.0013250746614],
      [0.0087056375654, 0.024512918328, 0.0063212680717, 0.29108451231, 0.63013103431, 0.039244629413],
      [0.0011808091179, 0.0061635799249, 0.72316816177, 0.14616342122, 0.032189946113, 0.091134081857],
      [0.0016591623426, 0.31073318513, 0.31999912456, 0.1454573611, 0.17071081814, 0.051440348729],
      [0.00040536983497, 0.028718274173, 0.29946034466, 0.36222720555, 0.10871960671, 0.20046919907],
      [0.0023180057792, 0.06994719237, 0.0076399136713, 0.27684418905, 0.42347227286, 0.21977842627]
    ],
    [
      [0.0054824250423, 0.0043142376842, 0.75442437734, 0.1404511414, 0.0060131224154, 0.089314696112],
      [0.51748810992, 0.0054581124631, 0.047318371798, 0.4271743689, 0.001579479898, 0.0009815570223],
      [0.016087779872, 0.029185111292, 0.0038510760111, 0.27589945076, 0.63894879944, 0.036027782622],
      [0.0030795963648, 0.010357536061, 0.62676748878, 0.19546482152, 0.045918790954, 0.11841176632],
      [0.0032940325464, 0.402082088, 0.21020530514, 0.14805823359, 0.18556349973, 0.050796840987],
      [0.00087412758331, 0.039934846546, 0.21358965435, 0.40125454372, 0.12830490836, 0.21604191945],
      [0.0043403852968, 0.084550927141, 0.0047187508367, 0.26599419487, 0.43474756853, 0.20564817332]
    ],
    [
      [0.0044235598786, 0.006396900881, 0.69834763842, 0.14437367879, 0.005991463009, 0.14046675902],
      [0.47155193724, 0.0086070531011, 0.044541161425, 0.4720059434, 0.0016730561744, 0.0016208486596],
      [0.012419487201, 0.041521272958, 0.0032474117509, 0.27234207046, 0.61669255632, 0.05377720131],
      [0.0024176729613, 0.014958676617, 0.5601895421, 0.19585040295, 0.044560500423, 0.18202320494],
      [0.0021265998117, 0.51278050974, 0.15086560283, 0.12194336723, 0.14858712693, 0.063696793453],
      [0.00061742092461, 0.05213135158, 0.16735898744, 0.36410177874, 0.11223170675, 0.30355875457],
      [0.0029767160755, 0.10792372968, 0.0035395053317, 0.23344611751, 0.37155448125, 0.28055945015]
    ],
    [
      [0.0028962210391, 0.0022469003607, 0.79240874288, 0.11505335065, 0.0043822376611, 0.0830125474],
      [0.39324547336, 0.0042728661811, 0.075681977679, 0.52369288376, 0.0017304424937, 0.0013763565245],
      [0.011322056729, 0.020247849018, 0.0054690762559, 0.30076774744, 0.61745521793, 0.044738052628],
      [0.0016771112807, 0.0055588154516, 0.68005747016, 0.16492872005, 0.034481538363, 0.1132963447],
      [0.0023711782142, 0.28056960134, 0.30356666326, 0.16516507264, 0.18393330805, 0.064394176489],
      [0.0005318648836, 0.023916854277, 0.26085068741, 0.37724363549, 0.10755511026, 0.22990184768],
      [0.0029609184185, 0.05668808707, 0.0064894921307, 0.28085793908, 0.40760055314, 0.24540301016]
    ],
    [
      [0.0045724259728, 0.0020497181294, 0.80613312573, 0.1280485574, 0.0041706640708, 0.055025508695],
      [0.48306500399, 0.0030219159983, 0.059074017855, 0.45285783866, 0.0012766228281, 0.00070460067166],
      [0.017933746001, 0.018553145862, 0.0055202062849, 0.33616036801, 0.59214276818, 0.029689765663],
      [0.0026745437225, 0.0051237185676, 0.69760656638, 0.18548015327, 0.033157590135, 0.075957427929],
      [0.0038451486652, 0.26851114591, 0.31492627673, 0.1888632489, 0.18005806417, 0.043796115624],
      [0.00087257429592, 0.022709643148, 0.27362805309, 0.43703966126, 0.1064593919, 0.15929067631],
      [0.0050334892112, 0.055898191882, 0.0070305671466, 0.33689575321, 0.4189435547, 0.17619844385]
    ],
    [
      [0.0069802376076, 0.00324409595, 0.68602928447, 0.17593310886, 0.008018304678, 0.11979496843],
      [0.52232781463, 0.0033571228423, 0.035349684602, 0.43616274832, 0.0017229262849, 0.0010797033263],
      [0.015903635748, 0.017039906642, 0.0027334189458, 0.26808602746, 0.65864068745, 0.037596323754],
      [0.0037464706554, 0.0074399430578, 0.54492697842, 0.23380092994, 0.058483039116, 0.15160263881],
      [0.0042121779469, 0.30047902381, 0.19254936894, 0.18617826739, 0.24810674621, 0.068474415706],
      [0.0009379310864, 0.025281122704, 0.16418357354, 0.42240703463, 0.14402330013, 0.2431670379],
      [0.0043912547384, 0.050423503363, 0.0034254605245, 0.26437796072, 0.45910319774, 0.21827862292]
    ],
    [
      [0.0041991995707, 0.0038932168049, 0.71615794974, 0.16657794947, 0.0068543482133, 0.1023173362],
      [0.40545105588, 0.0052510743276, 0.048448884303, 0.53772611991, 0.0019196965474, 0.0012031690353],
      [0.010854994919, 0.023197969495, 0.0032636349216, 0.287924485, 0.6382985705, 0.03646034517],
      [0.002296335534, 0.0090959945393, 0.58029600842, 0.22550285599, 0.05093176877, 0.13187703675],
      [0.002509722528, 0.35489751169, 0.20009694832, 0.17456664694, 0.20998933286, 0.057939837661],
      [0.00060458362459, 0.032490634467, 0.18464865376, 0.42819491376, 0.13188465669, 0.22217655769],
      [0.0029508667645, 0.067516141085, 0.0040257124921, 0.27949831489, 0.43808870436, 0.2079202604]
    ],
    [
      [0.0042319463678, 0.00078275890231, 0.77010771717, 0.13898936156, 0.0058473351302, 0.080040880863],
      [0.4639658789, 0.0011176439042, 0.053838990684, 0.47835423504, 0.0017332174571, 0.00099003400866],
      [0.013077476714, 0.0055805425585, 0.0040828005528, 0.287706387, 0.65562061882, 0.033932174348],
      [0.0024080976018, 0.0019044187083, 0.64679042233, 0.19604620741, 0.045244900875, 0.10760595307],
      [0.0038373660532, 0.11270562515, 0.3210386372, 0.22120327021, 0.27256241466, 0.068652686737],
      [0.00071688258012, 0.0077130949195, 0.22952462074, 0.42280256127, 0.13264643238, 0.20659640811],
      [0.0037408904352, 0.017200816358, 0.0053074750271, 0.29424034492, 0.47285932578, 0.20665114748]
    ],
    [
      [0.0034374375865, 0.0021742050087, 0.75509678278, 0.087896192344, 0.003553785232, 0.14784159705],
      [0.66195103639, 0.0029442948548, 0.039405805575, 0.29300090566, 0.00099862843888, 0.0016993290816],
      [0.015740165502, 0.022850796997, 0.0045536498379, 0.26970111624, 0.59612868645, 0.091025584974],
      [0.0020241946218, 0.0054877301825, 0.6275632624, 0.12890992337, 0.028533460265, 0.20748142915],
      [0.0030055286847, 0.32413489287, 0.25502834244, 0.13534508064, 0.16081473894, 0.12167141642],
      [0.00060755783715, 0.022538003617, 0.19530806826, 0.28420211082, 0.084663173533, 0.41268108594],
      [0.0032706072627, 0.052074282976, 0.0043417552387, 0.20208576124, 0.31331831921, 0.42490927408]
    ],
    [
      [0.0030689580251, 0.0029100811724, 0.74806137369, 0.14922485944, 0.0051947905716, 0.091539937104],
      [0.35393191379, 0.0047064482268, 0.060786790997, 0.5775392724, 0.0017445575616, 0.001291017019],
      [0.0098778543842, 0.02159031497, 0.0042528381612, 0.32116043462, 0.60249509767, 0.0406234602],
      [0.0017241686549, 0.0069847905302, 0.62290226075, 0.20753011173, 0.039655988052, 0.12120268028],
      [0.0021747454103, 0.31413580967, 0.24811194908, 0.18540999267, 0.18870361271, 0.061463890454],
      [0.00049092780817, 0.026979733564, 0.21456770772, 0.42613759749, 0.11105433062, 0.22076970279],
      [0.0026134226806, 0.061142004625, 0.0051051563028, 0.30339941854, 0.40239635438, 0.22534364347]
    ],
    [
      [0.0031121493514, 0.0019414226122, 0.79579346169, 0.12611224841, 0.004531664084, 0.068509053852],
      [0.39140328354, 0.003422182579, 0.07048576245, 0.53197699546, 0.0016587048511, 0.001053071121],
      [0.011697954134, 0.016821249845, 0.0052838769085, 0.31696512784, 0.61372724209, 0.035504549181],
      [0.0018029596048, 0.0048051675877, 0.68332419707, 0.18085691156, 0.035672525411, 0.093538238762],
      [0.0026156586068, 0.24867552804, 0.31306837479, 0.18584593639, 0.19523637056, 0.054558131601],
      [0.00057287470426, 0.020712957294, 0.26268088725, 0.41442050554, 0.11147876966, 0.19013400555],
      [0.0032125892259, 0.04945008806, 0.0065839476247, 0.31081908352, 0.42549340486, 0.2044408867]
    ],
    [
      [0.0041020660361, 0.0026745990128, 0.74250736247, 0.15394202331, 0.0043665574489, 0.092407391714],
      [0.41895375187, 0.0037857985375, 0.052596731116, 0.52224131017, 0.001283349168, 0.0011390591357],
      [0.014398091494, 0.021644009294, 0.0045827208489, 0.36146182205, 0.55323666547, 0.044676690844],
      [0.0023126446178, 0.0064429879524, 0.62004934421, 0.21489879082, 0.033455374907, 0.1228408575],
      [0.0030547234941, 0.30583338316, 0.25809145853, 0.20104403239, 0.16679668497, 0.065179717451],
      [0.00065968126991, 0.024945866878, 0.21348904633, 0.44248758213, 0.093886997714, 0.22453082568],
      [0.0036978111754, 0.059573431738, 0.0053414682079, 0.33153820594, 0.35853501146, 0.24131407148]
    ],
    [
      [0.0040474553385, 0.0023562319171, 0.80279058321, 0.1143180397, 0.0051875915555, 0.071300098282],
      [0.47902020982, 0.0038547778512, 0.065601806265, 0.44874634678, 0.0017621230718, 0.001014736218],
      [0.01420753115, 0.019074330701, 0.0049448880179, 0.26856679712, 0.65875324372, 0.034453209289],
      [0.0023468181251, 0.0058381114802, 0.68925885444, 0.16415735651, 0.040883010386, 0.097515849053],
      [0.0031709014581, 0.28504787781, 0.29318081417, 0.15708720947, 0.20861996463, 0.052893232455],
      [0.00075064110286, 0.025355422095, 0.26581878155, 0.3792701839, 0.12868707417, 0.20011789718],
      [0.0039600143043, 0.057020262483, 0.0062554382729, 0.26734188332, 0.46300347908, 0.20241892255]
    ],
    [
      [0.0053783239211, 0.0020987742092, 0.75909247086, 0.11657906879, 0.0065211258707, 0.11033023635],
      [0.5497725034, 0.0029250098302, 0.052430606724, 0.39165367923, 0.0018866087204, 0.0013315920931],
      [0.015658100035, 0.014111049086, 0.0038448287856, 0.22756515106, 0.6947229028, 0.044097968239],
      [0.0030296666445, 0.0050541669399, 0.63236575897, 0.1627580727, 0.049964161795, 0.14682817296],
      [0.0040254961432, 0.24983859238, 0.26342564867, 0.15313402528, 0.25147897736, 0.078097260175],
      [0.0008783103475, 0.019933014678, 0.22005628047, 0.34178341123, 0.1427582406, 0.27459074268],
      [0.0042525727023, 0.041263712192, 0.0047407494612, 0.22075185069, 0.47407132078, 0.25491979417]
    ],
    [
      [0.0027517648439, 0.0015024806674, 0.81964007036, 0.10990994924, 0.0050414123437, 0.061154322539],
      [0.3910563583, 0.002973894556, 0.08112789271, 0.521716765, 0.0020718358351, 0.0010532536014],
      [0.010112974132, 0.012736802851, 0.0052931681823, 0.2703182855, 0.67059127109, 0.03094749824],
      [0.0016111148481, 0.0037590062782, 0.71071415414, 0.15935122237, 0.040118341164, 0.084446161198],
      [0.0024420431209, 0.20606978799, 0.33934587779, 0.17106907755, 0.2296803267, 0.051392886843],
      [0.00053753312422, 0.017029790637, 0.28609193962, 0.38391043977, 0.13172487149, 0.18070542536],
      [0.0029073680608, 0.039269748832, 0.0069053901912, 0.27750486833, 0.48600608454, 0.18740654004]
    ],
    [
      [0.0045278986921, 0.0025484351568, 0.76244102508, 0.10185321888, 0.0052122456832, 0.1234171765],
      [0.53293885665, 0.0041457080987, 0.062094860768, 0.39731175537, 0.0017605405639, 0.0017482785492],
      [0.015869048694, 0.020594893687, 0.0047004744636, 0.23883927397, 0.66042132643, 0.059574982761],
      [0.0025742357559, 0.0061911200368, 0.64211291885, 0.14339503504, 0.040275491143, 0.16545119917],
      [0.0034403631533, 0.29827327504, 0.27048368549, 0.13572991277, 0.20325182539, 0.088820938162],
      [0.00076754575896, 0.025061271329, 0.23115139697, 0.30872013887, 0.1181685257, 0.31613112137],
      [0.0039378450864, 0.054794696019, 0.0052938612767, 0.21167135849, 0.41333781216, 0.31096442697]
    ],
    [
      [0, 0, -0, 0, 1, -0],
      [-0, 0, -0, -0, 1, 0],
      [0, 0, 0, 0, 0, 0],
      [0, 0, -0, 0, 1, -0],
      [0, -0, -0, 0, 1, -0],
      [0, -0, -0, -0, 1, -0],
      [0, -0, -0, 0, 1, -0]
    ],
    [
      [0.0081390267451, 0.00416893285, 0.77213973723, 0.057485811316, 0.0057260470433, 0.15234044482],
      [0.80354740768, 0.0044837118746, 0.039751616224, 0.14952291767, 0.001278445977, 0.0014159005675],
      [0.028478539099, 0.03354681053, 0.0045092765005, 0.13450603621, 0.72616269013, 0.072796647533],
      [0.0046702585967, 0.010234097474, 0.65170991295, 0.081853537409, 0.044710319177, 0.20682187439],
      [0.0052192812313, 0.424628428, 0.22408494538, 0.064748204717, 0.1889464571, 0.092372683578],
      [0.0014218041391, 0.042410701748, 0.23351221613, 0.18097093673, 0.13415491221, 0.40752942905],
      [0.0066334972148, 0.084478096356, 0.0047893044388, 0.11237299834, 0.4275983833, 0.36412772034]
    ],
    [
      [0.0038476200283, 0.0018220442553, 0.82633376636, 0.087960891089, 0.0052560546443, 0.074779623626],
      [0.51947655514, 0.0034249399202, 0.077900391543, 0.39592150276, 0.0020515198521, 0.0012250907811],
      [0.014349710121, 0.015663590716, 0.0054320052772, 0.21938528949, 0.70673382329, 0.038435581102],
      [0.0022613041661, 0.0045752120088, 0.71960227612, 0.12798543494, 0.041976627311, 0.10359914545],
      [0.0033084054227, 0.23927300121, 0.33214511518, 0.13262639121, 0.23172986149, 0.060917225488],
      [0.00077087080522, 0.021162286887, 0.29646333361, 0.31476482497, 0.14075606216, 0.22608262157],
      [0.0040071313259, 0.046840559448, 0.0068834078491, 0.21877691594, 0.49816198127, 0.22533000417]
    ],
    [
      [0.0039127599313, 0.0035166688896, 0.78773717547, 0.089098127069, 0.0055085400858, 0.11022672856],
      [0.52629555452, 0.0064394925889, 0.071478051478, 0.39193868376, 0.0020942719997, 0.0017539456519],
      [0.013608995112, 0.028207629602, 0.0047652411895, 0.20744978101, 0.69324010537, 0.052728247716],
      [0.0022493009268, 0.0086398576704, 0.6696606634, 0.12687750903, 0.043044554318, 0.14952811466],
      [0.0026827077445, 0.37432495101, 0.25037267353, 0.10716687183, 0.19390984987, 0.071542946011],
      [0.00069749738452, 0.036392946782, 0.24923001373, 0.28441185564, 0.13137203956, 0.2978956469],
      [0.003452403951, 0.076823078088, 0.0054884622513, 0.18800390829, 0.44353960932, 0.28269253809]
    ],
    [
      [0.0052266783394, 0.0030638057913, 0.72822922886, 0.14076057236, 0.0053676605721, 0.11735205408],
      [0.49550565733, 0.0040831102415, 0.048763635309, 0.44879822581, 0.0014854078588, 0.001363963455],
      [0.016477283219, 0.02226483781, 0.0040554095533, 0.29670323699, 0.6094847231, 0.051014509329],
      [0.002910864333, 0.007289733043, 0.6011134954, 0.19404739942, 0.040617836554, 0.15402067125],
      [0.0036150773016, 0.32273717137, 0.23575465445, 0.17069938136, 0.19028311395, 0.076910601585],
      [0.00080570648159, 0.027371772063, 0.20129002881, 0.3872798627, 0.11056805675, 0.2726845732],
      [0.004181457522, 0.060472820265, 0.0046691404689, 0.26883845761, 0.39048757466, 0.27135054948]
    ],
    [
      [0.0078608489851, 0.0026184266589, 0.86512860234, 0.052155457253, 0.0052897796104, 0.066946885154],
      [0.76993970521, 0.0034982237876, 0.056277321526, 0.16804547676, 0.0014670088321, 0.0007722638812],
      [0.031155918474, 0.023979849275, 0.0058531168825, 0.13863220575, 0.76400929398, 0.036369615635],
      [0.0047525587016, 0.0067683502183, 0.77111566542, 0.078156147141, 0.043489271127, 0.095718007392],
      [0.0062816579153, 0.33594839539, 0.31655872398, 0.073148966658, 0.21751073884, 0.05055151722],
      [0.0018088614581, 0.035065763819, 0.34866694109, 0.21553722452, 0.16305199158, 0.23586921754],
      [0.008869557677, 0.073585907086, 0.0075650564112, 0.14096108541, 0.54724081551, 0.2217775779]
    ]
  ],
  "expected_outcome": [
    [
      [0.037972117282, 0.24876137611, 0.17483830256, 0.23807635828, 0.10599809309, 0.040213495412, 0.18043636251, 0.064614668674, 0.010463757464, 0.067264051986, 0.40393820107, 0.064184749087, 0.08887729887, 0.54108897484, 0.16899680173, 0.05144377211, 0.015651596252, 0.23059129728, 0.020526561883, 0.029055728334, 0.25310503012, 0.11473867324, 0.13978563677, 0.05994145811, 0.098683650761, 0.013270679636, 0.370716293, 0.12345550127, 0.062822138469, 0.23095597639, 0.021159731839, 0.0034374375865, 0.46034370377, 0.52906538973, 0.22151156595, 0.16999312422, 0.11294480234, 0.12107765313, 0.26261812414, 0, 0, 0.25394292186, 0.05869139897, 0.6899215408, 0.086469338836],
      [0.02499069203, 0.13060650094, 0.10584542684, 0.17260228147, 0.05484510926, 0.045200662277, 0.060164971462, 0.041283081255, 0.014488800769, 0.013626499893, 0.24508755192, 0.040069969421, 0.033646800957, 0.34951909344, 0.085781761448, 0.030756717673, 0.01724710403, 0.14227141658, 0.020218889414, 0.013936121296, 0.050885829845, 0.10059652875, 0.066145118547, 0.073224105035, 0.077656278316, 0.019190702643, 0.28760324616, 0.055342389493, 0.02919686355, 0.21412692427, 0.0039137945116, 0.0021742050087, 0.43651217586, 0.33004184407, 0.14442834669, 0.09896174052, 0.044074258394, 0.066109149365, 0.1478092391, 0, 0, 0.12025492085, 0.052750033343, 0.40442236445, 0.028802693248],
      [7.6248880916, 46.3568965483, 37.3729920526, 50.3780711489, 26.5850502611, 13.4970661659, 30.1625222898, 12.6900122454, 4.1178903193, 3.4972598708, 77.627883914, 14.4767703152, 13.2372832093, 121.6884855279, 27.5057729651, 7.5629147765, 3.335015645, 46.6894036428, 2.6648306848, 7.8034275302, 14.5360463174, 20.2063501169, 18.2387914301, 24.7882332269, 13.5796387922, 2.0950429153, 101.4283190892, 21.7655943947, 6.1742635603, 39.3886872355, 3.8505385859, 0.75509678278, 112.2092060538, 135.2848884871, 40.0953975736, 33.7172044948, 15.940941888, 36.064163096, 44.2215794548, 0, 0, 54.5380285796, 11.816057632, 96.1262582089, 9.5164146257],
      [2.2486492295, 8.1723988621, 5.3135506578, 8.8611920071, 3.0456438304, 2.6394086266, 4.2665836316, 2.4378189528, 1.1846140387, 1.4595744006, 15.798884733, 2.1556609038, 3.5769671048, 19.6914564247, 6.6709634199, 1.4159972646, 1.0093259563, 7.9804191904, 0.59624391477, 1.3369052619, 2.9476556492, 3.6533106135, 2.1430666969, 2.9963924428, 2.5281205452, 0.43312103637, 14.7268288838, 3.4573110499, 1.5833979797, 9.1617872209, 0.69494680782, 0.087896192344, 22.3837289153, 21.43908223, 8.3128692589, 4.8013576673, 2.4481604447, 4.8360377667, 5.9074866952, 0, 0, 5.8054188118, 1.336471906, 18.5803955518, 0.57371002978],
      [0.046277729304, 0.3607630937, 0.25134573424, 0.35660773557, 0.14603726646, 0.094607372262, 0.20228161765, 0.093795429083, 0.021306439382, 0.050761635366, 0.60967184505, 0.098659327917, 0.11315249484, 0.7654667446, 0.20708632107, 0.096807205606, 0.028838751823, 0.3067746175, 0.021707357599, 0.04102370734, 0.13052053742, 0.16934504917, 0.10605885724, 0.12023730716, 0.10823620348, 0.017974389027, 0.56092642062, 0.11260792991, 0.072164742102, 0.37698915173, 0.029236675651, 0.003553785232, 0.77921858574, 0.77038289428, 0.23579410224, 0.21787884533, 0.13694364329, 0.22182214312, 0.30231024963, 0, 0, 0.34689960652, 0.082628101287, 0.70853119552, 0.058187575715],
      [1.0172221402, 5.7305736189, 4.781427826, 5.9934504688, 2.0624254397, 1.6835036776, 3.1280111269, 1.6724756227, 0.65123664437, 1.9115135414, 10.3145337549, 2.1646547346, 1.9500730912, 13.9639832345, 3.3613987307, 0.84208026348, 0.59392094656, 5.6505398354, 0.67647259157, 0.77565165099, 3.081786636, 3.7556590184, 2.3061522605, 1.96197146, 1.60766453, 0.42140027707, 10.6256060672, 1.4856887348, 1.0781547159, 5.6274534912, 0.40020440432, 0.14784159705, 13.7309905655, 11.6465391548, 4.9899991526, 2.9946041279, 2.3169349633, 2.6907901917, 7.1581962371, 0, 0, 4.9354551593, 1.6534009284, 15.4904711384, 0.7364157367]
    ],
    [
      [23.2972334455, 33.0124055945, 23.4345850089, 42.2774411982, 27.0339684739, 6.7694065782, 19.4038479391, 20.3754725303, 0.91549498228, 1.8785625982, 6.1890660034, 7.9633933449, 3.7997480387, 28.4608193549, 11.9299284541, 3.5603702745, 5.8264609318, 37.1676525406, 3.5523427393, 6.713340985, 5.7052535809, 10.1067940676, 4.4712420417, 10.4781550431, 8.2798097588, 3.772415498, 51.121911537, 43.9589153631, 19.8484569558, 32.43608447, 4.639658789, 0.66195103639, 57.3369700347, 55.5792662629, 20.5287338418, 21.5559094417, 15.3936300952, 29.7202832305, 23.4493096925, 0, 1.6070948154, 33.246499529, 12.6310933086, 147.6606858844, 21.558311746],
