{
  "X": [
    [41, 212, 512, 61, 47],
    [62, 255, 587, 77, 58],
    [34, 162, 348, 38, 46],
    [33, 58, 231, 29, 30],
    [31, 70, 197, 24, 26],
    [28, 34, 249, 26, 25],
    [4, 6, 50, 0, 6],
    [25, 42, 261, 12, 44],
    [77, 121, 471, 32, 52],
    [74, 139, 323, 46, 46],
    [31, 99, 140, 31, 20],
    [45, 86, 283, 30, 25],
    [119, 208, 478, 40, 42],
    [41, 118, 189, 29, 14],
    [130, 289, 712, 80, 67],
    [40, 113, 262, 19, 29],
    [59, 98, 341, 38, 47],
    [56, 157, 324, 28, 30],
    [67, 115, 330, 37, 20],
    [23, 152, 100, 24, 23],
    [57, 154, 530, 42, 37],
    [58, 307, 505, 60, 45],
    [36, 109, 155, 30, 23],
    [39, 209, 186, 42, 21],
    [62, 197, 307, 22, 34],
    [77, 252, 454, 50, 47],
    [59, 253, 348, 68, 55],
    [36, 229, 312, 48, 36],
    [66, 146, 275, 38, 36],
    [56, 109, 169, 37, 28],
    [85, 168, 330, 39, 34],
    [20, 83, 96, 14, 9],
    [22, 70, 98, 10, 16],
    [118, 328, 535, 61, 43],
    [72, 211, 463, 50, 39],
    [138, 498, 845, 115, 93],
    [112, 197, 435, 36, 52],
    [40, 78, 292, 10, 24],
    [176, 127, 589, 26, 47],
    [71, 71, 229, 32, 23],
    [33, 56, 204, 15, 28],
    [28, 186, 167, 64, 24],
    [6, 25, 19, 17, 7],
    [57, 322, 384, 96, 60],
    [37, 254, 325, 93, 35],
    [312, 858, 2262, 176, 176],
    [39, 133, 187, 41, 14],
    [240, 459, 787, 84, 102],
    [51, 42, 124, 6, 7]
  ],
  "W": [
    [25, 307, 505, 36],
    [33, 387, 556, 63],
    [16, 251, 341, 20],
    [19, 111, 239, 12],
    [7, 139, 187, 15],
    [12, 82, 258, 10],
    [2, 10, 52, 2],
    [13, 72, 282, 17],
    [27, 209, 492, 25],
    [23, 243, 319, 43],
    [7, 155, 140, 19],
    [18, 164, 274, 13],
    [45, 353, 451, 38],
    [14, 174, 184, 19],
    [41, 479, 704, 54],
    [10, 191, 247, 15],
    [18, 204, 335, 26],
    [21, 224, 325, 25],
    [27, 192, 330, 20],
    [12, 186, 93, 31],
    [26, 264, 511, 19],
    [37, 415, 481, 42],
    [20, 175, 141, 17],
    [17, 272, 180, 28],
    [29, 274, 280, 39],
    [31, 364, 443, 42],
    [24, 384, 346, 29],
    [15, 295, 317, 34],
    [24, 243, 268, 26],
    [23, 185, 167, 24],
    [22, 295, 314, 25],
    [5, 115, 91, 11],
    [4, 99, 101, 12],
    [49, 483, 499, 54],
    [15, 338, 446, 36],
    [62, 740, 812, 75],
    [33, 353, 410, 36],
    [12, 131, 282, 19],
    [65, 296, 566, 38],
    [31, 138, 239, 18],
    [12, 101, 209, 14],
    [10, 249, 166, 44],
    [2, 45, 22, 5],
    [34, 421, 376, 88],
    [18, 324, 345, 57],
    [114, 1288, 2243, 139],
    [16, 190, 186, 22],
    [112, 690, 766, 104],
    [25, 74, 123, 8]
  ],
  "method": "mvn_cdf",
  "mvncdf_method": "genz",
  "mvncdf_samples": 5000,
  "mvncdf_error": 0.001,
  "cond_prob": [
    [
      [0.64944319813, 0.0954277678, 0.18849268309, 0.022626208898, 0.044010142082],
      [0.056688942484, 0.58942106667, 0.17806820263, 0.1362295834, 0.039592204811],
      [0.011093107258, 0.022094027909, 0.89193547003, 0.015960593531, 0.058916801274],
      [0.048844320526, 0.48623761784, 0.060925898659, 0.2931045261, 0.11088763688]
    ],
    [
      [0.67295301166, 0.077888901779, 0.18767787119, 0.018996258665, 0.042483956706],
      [0.070481360671, 0.5519594087, 0.20245520974, 0.13133487158, 0.043769149306],
      [0.015819467492, 0.01761326503, 0.89571892739, 0.01361531737, 0.057233022717],
      [0.059057779522, 0.46076824948, 0.070424451634, 0.28533986831, 0.12440965106]
    ],
    [
      [0.66502922391, 0.083297100297, 0.1757965795, 0.016666715654, 0.059210380638],
      [0.066927347889, 0.57642462312, 0.18615826219, 0.11293426905, 0.057555497756],
      [0.015955971473, 0.019091951999, 0.87154264019, 0.013441585965, 0.079967850377],
      [0.055989091245, 0.47371551807, 0.063274530789, 0.24016251018, 0.16685834972]
    ],
    [
      [0.72973860564, 0.050779103477, 0.14598895554, 0.021696574076, 0.05179676127],
      [0.099924576248, 0.44942856084, 0.19643086409, 0.18938471416, 0.06483128466],
      [0.030139731086, 0.013292355019, 0.86067994506, 0.013007078071, 0.08288089076],
      [0.069995233323, 0.33097949428, 0.059989755041, 0.37144751344, 0.16758800391]
    ],
    [
      [0.7641751679, 0.041454658893, 0.13971743602, 0.011787028478, 0.042865708711],
      [0.12893580144, 0.45026892783, 0.22874998308, 0.12603417912, 0.066011108527],
      [0.033336087886, 0.0085374741423, 0.87195660753, 0.012940477901, 0.073229352543],
      [0.099656599282, 0.36839525032, 0.077989646181, 0.26525803566, 0.18870046856]
    ],
    [
      [0.75079661456, 0.035159780202, 0.15035428528, 0.022249364652, 0.041439955306],
      [0.1187639032, 0.36130535571, 0.23326459006, 0.22529182309, 0.061374327938],
      [0.032700622842, 0.0051525320723, 0.88126396331, 0.011297548426, 0.069585333353],
      [0.081503986961, 0.26216901948, 0.070194965836, 0.4344310637, 0.15170096403]
    ],
    [
      [0.73417811009, 0.037528660074, 0.17363337721, 0, 0.054659852625],
      [0.14824557071, 0.46278174708, 0.29814362178, 0, 0.090829060423],
      [0.013010694594, 0.0089425880793, 0.89324570418, 0, 0.084801013147],
      [0.1863159769, 0.41605531445, 0.11126020519, 0, 0.28636850345]
    ],
    [
      [0.69285075048, 0.045206645028, 0.16191186233, 0.0094033036099, 0.09062743855],
      [0.10421235959, 0.44270487966, 0.24278276926, 0.089485464928, 0.12081452656],
      [0.025564560596, 0.013624817249, 0.85147674004, 0.0086216354163, 0.1007122467],
      [0.075320250885, 0.33502140089, 0.076373277231, 0.17667661123, 0.33660845977]
    ],
    [
      [0.8083186355, 0.040952564068, 0.10945507968, 0.0085984502227, 0.03267527053],
      [0.15081467112, 0.49276378751, 0.19931289438, 0.10077855473, 0.056330092254],
      [0.041837051287, 0.013083209705, 0.86305540719, 0.010451906498, 0.071572425324],
      [0.12285205375, 0.4187884002, 0.070602303473, 0.22251143638, 0.16524580621]
    ],
    [
      [0.81207007268, 0.040296881181, 0.10340446804, 0.010608125712, 0.033620452379],
      [0.14976775987, 0.48152112945, 0.18803341347, 0.12360773184, 0.057069965377],
      [0.043454047496, 0.012900774877, 0.85322774629, 0.014077813368, 0.07633961797],
      [0.11783677976, 0.39414395562, 0.063951783603, 0.26112818157, 0.16293929945]
    ],
    [
      [0.79119606, 0.061128162293, 0.099094819229, 0.016277732403, 0.032303226075],
      [0.11282416173, 0.56213468912, 0.13615039661, 0.14511563393, 0.04377511862],
      [0.045417423731, 0.021017659948, 0.83813197682, 0.018519550536, 0.076913388968],
      [0.085023325798, 0.44730282412, 0.04550252821, 0.30528397577, 0.1168873461]
    ],
    [
      [0.77108107733, 0.045063088964, 0.13989986098, 0.013332498478, 0.030623474248],
      [0.12530799229, 0.47165214588, 0.22035128826, 0.13619259634, 0.046495977234],
      [0.033850937479, 0.0098668434806, 0.88811349034, 0.013035505273, 0.05513322343],
      [0.099605615672, 0.39495364313, 0.077007298069, 0.29636159872, 0.13207184441]
    ],
    [
      [0.82599041898, 0.040538856924, 0.10544043517, 0.0066190935914, 0.02141119533],
      [0.1612111849, 0.51307981066, 0.20389079475, 0.082657308525, 0.039160901161],
      [0.043328453299, 0.016570474946, 0.8833076355, 0.0067057795802, 0.050087656671],
      [0.1416250115, 0.46277089672, 0.076578585732, 0.19736327074, 0.12166223531]
    ],
    [
      [0.79607121922, 0.064549928012, 0.10621517138, 0.013175891114, 0.019987790266],
      [0.11412202451, 0.59492029815, 0.1479095797, 0.11881962178, 0.024228475863],
      [0.044735409174, 0.020966863808, 0.87375189261, 0.017009708508, 0.043536125904],
      [0.092971335693, 0.51169822051, 0.052966973305, 0.26374405102, 0.078619419469]
    ],
    [
      [0.79641348655, 0.050002417215, 0.11538426701, 0.01143364774, 0.026766181486],
      [0.13129399009, 0.52640902036, 0.18408249916, 0.11752527461, 0.040689215785],
      [0.040726784796, 0.015002083874, 0.87437296741, 0.013082369073, 0.056815794843],
      [0.10714017225, 0.4488613536, 0.065465905492, 0.25975233479, 0.11878023387]
    ],
    [
      [0.76040166031, 0.052798835042, 0.14201405616, 0.0080641379065, 0.036721310579],
      [0.11939305373, 0.53288264046, 0.21566841454, 0.07827113528, 0.053784755995],
      [0.032726373761, 0.014633914712, 0.88335073584, 0.0048201478528, 0.064468827831],
      [0.10056638769, 0.47179002592, 0.079970700538, 0.18526635086, 0.162406535]
    ],
    [
      [0.78224733409, 0.035329278755, 0.12782271315, 0.011089397422, 0.043511276587],
      [0.14565498349, 0.42131071185, 0.23164994405, 0.12910238624, 0.072281974373],
      [0.036770517719, 0.0078107980592, 0.8639872984, 0.013540235467, 0.077891150357],
      [0.11106953533, 0.3384642467, 0.077186831334, 0.26644327588, 0.20683611076]
    ],
    [
      [0.77710280447, 0.067207232128, 0.11819739796, 0.0099104946425, 0.0275820708],
      [0.10946594371, 0.60641854504, 0.16099422956, 0.087061057289, 0.036060224404],
      [0.039552507443, 0.019422548113, 0.87374440244, 0.0099762404743, 0.057304301526],
      [0.09223619187, 0.53754263596, 0.059528657116, 0.20191698502, 0.10877553003]
    ],
    [
      [0.81999070102, 0.046050514369, 0.1042246482, 0.012167717483, 0.017566418927],
      [0.14268346837, 0.51835839605, 0.17863202873, 0.13358531022, 0.026740796626],
      [0.045875159954, 0.016418807919, 0.88372718891, 0.015472275705, 0.038506567515],
      [0.11631111799, 0.44068087288, 0.062930632121, 0.29586205417, 0.084215322838]
    ],
    [
      [0.69240331293, 0.11508180189, 0.12371699388, 0.014856015547, 0.053941875762],
      [0.057008159557, 0.69583217275, 0.11091846758, 0.08869557218, 0.047545627926],
      [0.027057167556, 0.033133492731, 0.82434758136, 0.01545399931, 0.10000775904],
      [0.050687934988, 0.58428449745, 0.039362452787, 0.18990740168, 0.13575771309]
    ],
    [
      [0.71550094259, 0.06073214447, 0.17719450247, 0.013990442557, 0.03258196791],
      [0.094672297988, 0.51936445815, 0.2294699779, 0.11681959012, 0.039673675839],
      [0.023273625542, 0.013126181229, 0.90651460296, 0.011300092185, 0.045785498088],
      [0.07950874589, 0.45269835174, 0.083363508425, 0.26429103131, 0.12013836264]
    ],
    [
      [0.66694591846, 0.10579032793, 0.17271490497, 0.017199711308, 0.037349137335],
      [0.056942005467, 0.64530056414, 0.16203319389, 0.10288739289, 0.032836843613],
      [0.01557336442, 0.024351425859, 0.89173156242, 0.014553832057, 0.053789815239],
      [0.052411439569, 0.56126161692, 0.058164083952, 0.23011784315, 0.098045016415]
    ],
    [
      [0.7330141907, 0.068697382056, 0.13816931678, 0.016460309639, 0.043658800829],
      [0.090997384924, 0.55759567343, 0.16956833349, 0.13046989582, 0.051368712337],
      [0.029821587595, 0.016575441476, 0.86231898085, 0.015270329528, 0.076013660551],
      [0.071195880797, 0.45351013298, 0.05736347079, 0.27561444563, 0.1423160698]
    ],
    [
      [0.72923568997, 0.10613984686, 0.11677047675, 0.017909328749, 0.029944657661],
      [0.069416473153, 0.68035580462, 0.1091857023, 0.11401367892, 0.027028341],
      [0.033781724991, 0.033289754495, 0.85113125146, 0.021322942577, 0.060474326474],
      [0.058607216941, 0.57666742631, 0.039741628806, 0.24448896715, 0.080494760798]
    ],
    [
      [0.74694225743, 0.070739885537, 0.14222623542, 0.0069932774479, 0.03309834416],
      [0.10192188654, 0.6109430472, 0.18732882057, 0.05755035208, 0.042255893617],
      [0.032063444626, 0.020778411042, 0.88848049792, 0, 0.058677646411],
      [0.088059310954, 0.55723572554, 0.071097510755, 0.1545743201, 0.12903313265]
    ],
    [
      [0.7512393114, 0.072832184612, 0.13145444122, 0.011999727297, 0.032474335473],
      [0.097092245428, 0.60239833151, 0.16460732821, 0.096837084818, 0.039065010035],
      [0.033802386588, 0.01903274884, 0.87471118319, 0.011683716346, 0.060769965035],
      [0.08084635125, 0.5247071874, 0.059780730963, 0.21912912474, 0.11553660565]
    ],
    [
      [0.71814977448, 0.083675798243, 0.12845289551, 0.019894036398, 0.04982749537],
      [0.077474009294, 0.59597933764, 0.13961275463, 0.13766311479, 0.049270783646],
      [0.02967463137, 0.024567975208, 0.83808903137, 0.018495129712, 0.089173232337],
      [0.060240116886, 0.47017916441, 0.045759581888, 0.28484800569, 0.13897313112]
    ],
    [
      [0.68796813809, 0.11395238269, 0.13905705002, 0.019294136541, 0.039728292652],
      [0.057211595328, 0.6721101225, 0.12377977282, 0.11245515041, 0.034443358944],
      [0.022376303614, 0.030802885006, 0.85777913308, 0.019875028865, 0.069166649439],
      [0.050287325334, 0.56628569336, 0.043621355385, 0.24223336564, 0.097572260281]
    ],
    [
      [0.80188096152, 0.049497593639, 0.10565896149, 0.010881552292, 0.032080931063],
      [0.13335564762, 0.53139984734, 0.17156346123, 0.11395907506, 0.049721968753],
      [0.04318178418, 0.015381523918, 0.85529608756, 0.013577661578, 0.072562942763],
      [0.10679678429, 0.44460178611, 0.059804322308, 0.24646054624, 0.14233656104]
    ],
    [
      [0.82091791621, 0.046030435444, 0.087409698205, 0.013153001743, 0.032488948396],
      [0.14081949098, 0.51448878427, 0.1488363799, 0.14400406367, 0.051851281182],
      [0.050941967187, 0.01823760596, 0.8280690465, 0.017400676946, 0.085350703408],
      [0.10666556568, 0.40479977913, 0.0486381623, 0.2979506721, 0.14194582079]
    ],
    [
      [0.83726471048, 0.03961991703, 0.093124906177, 0.0079534356823, 0.022037030628],
      [0.16347941651, 0.5113191206, 0.18337343416, 0.10018967518, 0.041638353548],
      [0.047301724859, 0.016431552761, 0.86687456877, 0.011533582268, 0.057858571339],
      [0.14004027571, 0.44518854724, 0.066298975723, 0.22590101615, 0.12257118517]
    ],
    [
      [0.77653206634, 0.078144255489, 0.11043397984, 0.011134380948, 0.023755317379],
      [0.099422950608, 0.6455691415, 0.13630105691, 0.090637522997, 0.028069327988],
      [0.041485423234, 0.022577853624, 0.87050308934, 0.013692504358, 0.051741129447],
      [0.082593348556, 0.57402207003, 0.050675220624, 0.20681773218, 0.085891628615]
    ],
    [
      [0.80923323624, 0.060674689746, 0.088228282498, 0.0074646907157, 0.034399100797],
      [0.12540826273, 0.61700007332, 0.13483892312, 0.072347723743, 0.050405017093],
      [0.050695074555, 0.022663762682, 0.82887347391, 0.0078490280894, 0.089918660761],
      [0.10228720956, 0.53210449596, 0.048484384708, 0.16791372913, 0.14921018064]
    ],
    [
      [0.78045116129, 0.064145061099, 0.12223836688, 0.010086685302, 0.023078725425],
      [0.11385353917, 0.59345969912, 0.17240950317, 0.090987474908, 0.029289783636],
      [0.039142968366, 0.019119601563, 0.88632708302, 0.010138144138, 0.045272202914],
      [0.096931341943, 0.5310217806, 0.06406139933, 0.21296052064, 0.09502495748]
    ],
    [
      [0.77886208697, 0.056442890532, 0.12745285217, 0.011153564526, 0.026088605803],
      [0.11896372622, 0.5502446238, 0.18817838353, 0.10631190871, 0.036301357742],
      [0.037081630491, 0.015351082226, 0.88568170465, 0.011707994513, 0.050177588119],
      [0.099136723167, 0.48122475344, 0.068607591963, 0.24104182879, 0.10998910264]
    ],
    [
      [0.72861539896, 0.077504551429, 0.14195256214, 0.01514204558, 0.036785441887],
      [0.086386768468, 0.59399229668, 0.16528886171, 0.1134246208, 0.040907452346],
      [0.029027027105, 0.019552486909, 0.87377643496, 0.014119691821, 0.063524359204],
      [0.071062541186, 0.50351731866, 0.058382910615, 0.24882378696, 0.11821344258]
    ],
    [
      [0.83305396991, 0.035947603372, 0.098829373512, 0.00571882006, 0.026450233142],
      [0.17322660814, 0.49065300046, 0.20666814765, 0.076797667313, 0.05265457643],
      [0.043737557395, 0.017154666702, 0.86841534424, 0.0052711262626, 0.065421305401],
      [0.15077299408, 0.43277240492, 0.075957872637, 0.18168168358, 0.15881504478]
    ],
    [
      [0.78028706978, 0.041646270348, 0.14438917481, 0.0051507433726, 0.028526741691],
      [0.14838116054, 0.4919313059, 0.25740227259, 0.053550830617, 0.048734430361],
      [0.03111027717, 0.015230796662, 0.90294518708, 0, 0.050713739084],
      [0.12765920896, 0.46116626443, 0.100899444, 0.15384380362, 0.15643127899]
    ],
    [
      [0.88895177616, 0.017011080867, 0.076991083451, 0.0027282488548, 0.014317810664],
      [0.28722928207, 0.34991171601, 0.25622846882, 0.061496290851, 0.045134242248],
      [0.040280765352, 0.017347225925, 0.89115053758, 0.0030820074085, 0.048139463739],
      [0.27366720703, 0.32899689292, 0.098967066783, 0.1546143563, 0.14375447697]
    ],
    [
      [0.87151375543, 0.028450693714, 0.071436337127, 0.010349125314, 0.018250088412],
      [0.19997428714, 0.43526629716, 0.16825113302, 0.15549433308, 0.041013949607],
      [0.05663885189, 0.015753109811, 0.84756018651, 0.018149935888, 0.061897915897],
      [0.15832979751, 0.34923812452, 0.055551811988, 0.32684024853, 0.11004001745]
    ],
    [
      [0.78414195211, 0.040335930924, 0.12264260516, 0.0085821685808, 0.044297343224],
      [0.14076448465, 0.47227736037, 0.21686381354, 0.097692372523, 0.072401968923],
      [0.037414426997, 0.011207612014, 0.85923256453, 0.0099968364185, 0.082148560041],
      [0.11096202735, 0.39096889434, 0.074674113142, 0.21005325291, 0.21334171225]
    ],
    [
      [0.70430881432, 0.10576215717, 0.12081979837, 0.031955393301, 0.037153836843],
      [0.057291279992, 0.63176633847, 0.10447454737, 0.17408315877, 0.032384675392],
      [0.028244866646, 0.041283374102, 0.83311482574, 0.025357639083, 0.071999294433],
      [0.045516710809, 0.47226181928, 0.033649514725, 0.36646298739, 0.082108967797]
    ],
    [
      [0.7224562406, 0.072674157951, 0.074977569853, 0.0656720091, 0.064220022493],
      [0.074793309796, 0.4933178334, 0.078611760625, 0.29227881046, 0.060998285725],
      [0.046532887093, 0.067927223799, 0.69227129704, 0.029375098019, 0.16389349405],
      [0.033133012387, 0.23219005154, 0.016509419451, 0.61397147094, 0.10419604567]
    ],
    [
      [0.67468026028, 0.10500013799, 0.14591721638, 0.025092346676, 0.049310038678],
      [0.054225818646, 0.62577271648, 0.13266321329, 0.14468135804, 0.042656893553],
      [0.019121002536, 0.030583807098, 0.84928322208, 0.020590437107, 0.080421531175],
      [0.045935278943, 0.49409284321, 0.043830799389, 0.30106822871, 0.11507284974]
    ],
    [
      [0.67651671494, 0.12194018641, 0.12682768998, 0.039612749949, 0.035102658716],
      [0.046518231255, 0.63876266459, 0.099944895117, 0.18898226597, 0.025791943065],
      [0.022040644918, 0.052302160042, 0.83639782394, 0.024924586932, 0.064334784167],
      [0.03766262645, 0.4702057562, 0.031187829872, 0.39399533042, 0.066948457061]
    ],
    [
      [0.75853600023, 0.064470029008, 0.13797525946, 0.010925206839, 0.028093504459],
      [0.10681615557, 0.57522874898, 0.18726951826, 0.095047364227, 0.035638212972],
      [0.033596409481, 0.01730999061, 0.88963377325, 0.0097146331611, 0.049745193499],
      [0.090582310333, 0.51028402212, 0.069202356173, 0.21973812313, 0.11019318824]
    ],
    [
      [0.76891819104, 0.07945481103, 0.10920784127, 0.020914373504, 0.021504783154],
      [0.091621098067, 0.60752728497, 0.12571209825, 0.15457333181, 0.020566186905],
      [0.041642833457, 0.029833142111, 0.86254598058, 0.021363963848, 0.044614080001],
      [0.070169694897, 0.48861702032, 0.04244652197, 0.33285180475, 0.065914958059]
    ],
    [
      [0.81846071422, 0.049748984284, 0.096496974202, 0.007371228258, 0.02792209904],
      [0.14388315807, 0.5611400019, 0.16643306925, 0.082804273404, 0.045739497385],
      [0.047531036937, 0.020026983451, 0.85517263971, 0.0079335132565, 0.069335826641],
      [0.12157929469, 0.48943118393, 0.060493068137, 0.19194617915, 0.13655027409]
    ],
    [
      [0.90132573696, 0.025439015286, 0.062247161082, 0.0023928289784, 0.0085952576911],
      [0.26170267846, 0.46435018055, 0.19034993504, 0.058615489395, 0.02498171656],
      [0.057578257134, 0.028588215897, 0.87625684254, 0.0031995061231, 0.034377178308],
      [0.25234159282, 0.43572008772, 0.072291768526, 0.15113672589, 0.088509825049]
    ]
  ],
  "expected_outcome": [
    [
      [16.2360799534, 22.2074493848, 10.6404675826, 13.8650335072, 5.3492261753, 9.0095593747, 1.4683562202, 9.0070597562, 21.8246031586, 18.6776116717, 5.53837242, 13.879459392, 37.1695688543, 11.1449970691, 32.6529529484, 7.6040166031, 14.0804520135, 16.3191588939, 22.1397489275, 8.3088397551, 18.6030245074, 24.6769989829, 14.6602838139, 12.3970067295, 21.6613254656, 23.2884186533, 17.2355945876, 10.3195220713, 19.2451430765, 18.8811120729, 18.4198236306, 3.8826603317, 3.236932945, 38.2421069032, 11.6829313045, 45.1741547356, 27.4907810072, 9.3634448374, 57.7818654506, 27.0169264184, 9.4097034253, 7.0430881432, 1.4449124812, 22.9391288495, 12.177300869, 86.4731040265, 12.3026910566, 91.6675999923, 22.5331434241],
      [2.385694195, 2.5703337587, 1.3327536047, 0.96480296606, 0.29018261225, 0.42191736243, 0.075057320149, 0.58768638537, 1.1057192298, 0.92682826717, 0.42789713605, 0.81113560135, 1.8242485616, 0.90369899217, 2.0500991058, 0.52798835042, 0.6359270176, 1.4113518747, 1.243363888, 1.3809816226, 1.5790357562, 3.9142421333, 1.3739476411, 1.8043773967, 2.0514566806, 2.257797723, 2.0082191578, 1.7092857404, 1.1879422473, 1.0587000152, 0.87163817467, 0.39072127745, 0.24269875898, 3.1431079938, 0.84664335798, 4.8052821886, 1.1862709113, 0.49975524418, 1.1057202564, 0.88197150514, 0.48403117109, 1.0576215717, 0.1453483159, 3.5700046916, 2.1949233554, 7.3495833069, 1.2712769765, 5.5718862398, 0.63597538216],
      [4.7123170771, 6.1933697493, 2.812745272, 2.7737901552, 0.97802205213, 1.8042514234, 0.34726675443, 2.1048542103, 2.9552871512, 2.378302765, 0.6936637346, 2.5181974976, 4.7448195826, 1.4870123994, 4.7307549475, 1.4201405616, 2.3008088367, 2.4821453571, 2.8140655015, 1.4846039265, 4.6070570642, 6.390451484, 2.7633863356, 1.9850981048, 4.1245608272, 4.0750876779, 3.0828694922, 2.0858557504, 2.5358150757, 2.0104230587, 2.0487479359, 0.5521698992, 0.35291312999, 5.9896799773, 1.9117927826, 8.8010588529, 3.2613693259, 1.7326700977, 5.0044204243, 2.2145264509, 1.4717112619, 1.2081979837, 0.14995513971, 4.9611853568, 2.2828984197, 15.7291795787, 1.7473254604, 10.8076611106, 1.556179027],
      [0.56565522245, 0.62687653594, 0.26666745046, 0.41223490744, 0.082509199347, 0.26699237582, 0, 0.12224294693, 0.23215815601, 0.24398689138, 0.11394412682, 0.2399849726, 0.29785921161, 0.18446247559, 0.46877955732, 0.080641379065, 0.19960915359, 0.20812038749, 0.32852837205, 0.17827218657, 0.36375150647, 0.6363893184, 0.32920619279, 0.30445858873, 0.20280504599, 0.37199154621, 0.47745687356, 0.28941204812, 0.26115725501, 0.30251904009, 0.17497558501, 0.05567190474, 0.029858762863, 0.4942475798, 0.16730346788, 0.93880682593, 0.18872106198, 0.061808920472, 0.17733617556, 0.32082288474, 0.10298602297, 0.31955393301, 0.1313440182, 0.85313978699, 0.71302949909, 1.2454735796, 0.33462997607, 0.8255775649, 0.059820724461],
      [1.1002535521, 1.4019705713, 0.94736609022, 0.98413846414, 0.30005996098, 0.49727946367, 0.10931970525, 1.1781567011, 0.8822323043, 0.77327040471, 0.22612258252, 0.55122253646, 0.96350378984, 0.27982906372, 1.0974134409, 0.36721310579, 0.78320297856, 0.5792234868, 0.47429331102, 0.64730250915, 0.84713116565, 1.3819180814, 0.87317601659, 0.50905918023, 0.95985198065, 1.0067043996, 1.1958598889, 0.59592438978, 0.7699423455, 0.7472458131, 0.48481467381, 0.11877658689, 0.13759640319, 1.1308575458, 0.39132908705, 2.280697397, 0.87285769367, 0.34232090029, 0.93065769318, 0.56575274076, 0.53156811869, 0.37153836843, 0.12844004499, 1.6765413151, 0.63184785689, 3.2026595083, 0.34407653046, 3.1272750925, 0.21488144228]
    ],
    [
      [17.4035053426, 27.2762865795, 16.7987643201, 11.0916279635, 17.9220764007, 9.7386400625, 1.4824557071, 7.5032898906, 31.5202662647, 36.3935656475, 17.4877450675, 20.5505107351, 56.9075482708, 19.8572322646, 62.8898212539, 22.8040732626, 29.7136166323, 24.5203713906, 27.3952259278, 10.6035176775, 24.9934866688, 23.630932269, 15.9245423617, 18.8812806977, 27.9265969121, 35.3415773358, 29.7500195687, 16.8774206217, 32.4054223716, 26.0516058305, 48.2264278708, 11.4336393199, 12.4154180102, 54.991259417, 40.2097394623, 63.9262086663, 61.1489926738, 19.4379320303, 85.0198674932, 27.5964516248, 14.2172129494, 14.2655287179, 3.3656989408, 22.82906965, 15.0719069267, 137.5792083722, 17.4080086327, 99.2793790661, 19.3659982059],
      [180.9522674685, 213.6082911675, 144.6825804021, 49.886570253, 62.5873809683, 29.6270391682, 4.6278174708, 31.8747513353, 102.9876315906, 117.0096344553, 87.1308768129, 77.3509519243, 181.1171731625, 103.5161318774, 252.1499207524, 101.7805843271, 85.9473852183, 135.8377540896, 99.5248120413, 129.4247841324, 137.1122169529, 267.799734118, 97.5792428501, 185.0567788577, 167.3983949317, 219.27299267, 228.8560656523, 198.2724861386, 129.1301629037, 95.1804250904, 150.8391405773, 74.2404512724, 61.0830072586, 286.6410346738, 185.9826828455, 439.5542995418, 173.2005091639, 64.4430010729, 103.5738679394, 60.0667490086, 47.7000133971, 157.3098182793, 22.1993025028, 263.4503136366, 206.9591033267, 740.8946286806, 115.4301841439, 387.1866013077, 34.3619133607],
      [54.6669382068, 78.3501661687, 46.7257238091, 21.803825914, 31.7962476475, 19.127696385, 2.9814362178, 17.4803593868, 41.6563949261, 45.6921194739, 21.1033114751, 36.1376112751, 71.9734505473, 25.7362668684, 88.1755170959, 41.192667177, 47.2565885854, 36.0627074205, 34.2973495168, 20.6308349703, 60.5800741647, 67.2437754637, 29.6744583611, 29.6985110253, 51.3280968352, 59.9170674679, 53.611297778, 36.5150329812, 41.6899210778, 27.5347302808, 54.0951630763, 15.6746215443, 13.3490533884, 83.273790032, 63.6042936328, 122.3137576624, 72.9538561212, 33.7196977087, 75.8436267702, 23.2186563562, 21.9032451675, 26.0141622963, 3.5375292281, 55.8512127932, 32.3821460179, 241.2031395148, 23.8852986677, 114.8388177816, 14.0858951926],
      [41.8224821051, 50.8265953028, 28.346501532, 21.0217032723, 17.5187508982, 18.4739294934, 0, 6.4429534748, 21.0627179375, 30.0366788367, 22.4929232584, 22.3355857991, 29.1780299095, 20.6746141895, 56.2946065367, 14.9497868384, 26.336886792, 19.5016768328, 25.6483795619, 16.4973764255, 30.8403717922, 42.6982680498, 22.8322317681, 31.0117206672, 15.76879647, 35.2486988738, 52.8626360811, 33.17426937, 27.6920552399, 26.6407517796, 29.5559541791, 10.4233151447, 7.1624246505, 43.9469503807, 35.9334251427, 83.9342193932, 27.1095765614, 7.0151588108, 18.2029020918, 21.4582179646, 9.8669296248, 43.3467065339, 13.1525464707, 60.9108517343, 61.2302541755, 122.4210051245, 29.3689330437, 57.1349486491, 4.3375462153],
      [12.154806877, 16.9386607815, 14.4464299368, 7.1962725973, 9.1755440852, 5.0326948909, 0.90829060423, 8.6986459125, 11.772989281, 13.8680015866, 6.7851433861, 7.6253402664, 13.8237981098, 4.2157548001, 19.490134361, 10.272888395, 14.745522772, 8.0774902665, 5.1342329522, 8.8434867942, 10.4738504214, 13.6272900994, 8.9895246591, 7.351708752, 11.5781148511, 14.2196636527, 18.91998092, 10.1607908886, 12.0824384069, 9.5924870187, 12.2833142965, 3.2279727187, 4.9900966922, 14.1469654964, 12.2698589166, 30.2715147362, 18.5870654796, 6.3842103773, 13.3597357054, 5.6599250458, 7.3125988612, 8.0637841726, 2.7449228576, 17.9585521859, 8.3565895531, 45.9020183079, 3.907575512, 31.5602531955, 1.8486470255]
    ],
    [
      [5.6020191651, 8.7956239258, 5.4409862724, 7.2033957295, 6.2338484347, 8.4367606932, 0.67655611891, 7.2092060882, 20.583829233, 13.8618411512, 6.3584393223, 9.2751568691, 19.541132438, 8.2313152881, 28.6716564963, 8.083414319, 12.3181234357, 12.8545649188, 15.1388027849, 2.5163165827, 11.8928226519, 7.4907882862, 4.2048438508, 6.0807104984, 8.9777644952, 14.9744572585, 10.267422454, 7.0932882457, 11.5727181604, 8.5073085202, 14.8527416059, 3.7751735143, 5.1202025301, 19.5323412148, 16.5384071991, 23.5699460091, 17.9323985321, 8.773098162, 22.7989131891, 13.5366856016, 7.8196152423, 4.6886478633, 1.023723516, 7.1894969534, 7.6040224967, 75.356746465, 7.7455670229, 36.4087742936, 7.0821256275],
      [11.1574840943, 9.7929753566, 6.5103556318, 3.1768728496, 1.5965076646, 1.3293532747, 0.46501458012, 3.8421984642, 6.4369391746, 4.1153471857, 2.9424723927, 2.7035151137, 7.4732842007, 3.8579029407, 10.5614670472, 3.6145769338, 2.6166173498, 6.3123281367, 5.4182066131, 3.081414824, 6.7074786079, 11.7130358382, 2.3371372481, 5.992155809, 5.8179550917, 8.4315077361, 8.500519422, 9.7645145468, 4.12224841, 3.0456801953, 5.159507567, 2.0545846798, 2.2890400309, 9.5406811798, 6.8465826728, 15.8766193701, 7.0334133478, 4.2950846587, 9.8185298734, 3.7649932449, 2.342390911, 6.8530401009, 1.4943989236, 11.4995114689, 18.0442452145, 38.8263089374, 5.5489644326, 15.3406693236, 3.5163505554],
      [450.4274123643, 498.0197236291, 297.1960403032, 205.7025068704, 163.0558856076, 227.3661025332, 46.4487766173, 240.1164406899, 424.6232603358, 272.1796510662, 117.3384767543, 243.3430963524, 398.3717436122, 160.7703482394, 615.55856906, 218.1876317534, 289.4357449632, 283.9669307945, 291.6299723393, 76.6643250667, 463.228962111, 428.9228815262, 121.5869762999, 153.2036252633, 248.7745394182, 387.4970541538, 289.9788048551, 271.9159851854, 229.2193514665, 138.2875307653, 272.1986145948, 79.2157811297, 83.7162208651, 442.2772144269, 395.014040274, 709.5064651886, 356.050291138, 254.6305427576, 504.3912042678, 202.5668845771, 179.5796059866, 138.2970610721, 15.2299685349, 319.3304915037, 288.5572492597, 1995.4485533984, 160.4335523886, 655.0622420216, 107.7795916321],
      [8.0600997331, 7.570116458, 4.5835808139, 3.108691659, 2.4198693676, 2.9147674938, 0, 2.4313011874, 5.142337997, 4.4908224644, 2.5927370751, 3.5717284449, 3.0243065907, 3.1297863655, 9.2099878272, 1.1905765196, 4.5359788816, 3.2422781541, 5.1058509826, 1.4372219359, 5.7743471065, 7.0003932196, 2.1531164635, 3.8381296639, 0, 5.1758863411, 6.3993148803, 6.3003841501, 3.6388133028, 2.90591305, 3.6215448321, 1.2460178966, 0.79275183703, 5.0589339246, 5.221765553, 11.4651897589, 2.1611617677, 0, 1.7444161932, 4.3378346771, 2.0893388115, 4.2093680878, 0.64625215641, 7.7420043521, 8.5989824916, 21.7899221802, 3.9736972757, 6.0770711545, 0.39353925315],
      [29.7529846432, 31.8215606305, 27.2690369787, 19.8085328916, 13.6938889255, 17.9530160051, 4.4096526836, 28.4008535703, 35.2136332595, 24.3523381325, 10.7678744555, 15.1065032198, 22.5895331584, 8.0106471663, 39.9983195693, 15.9238004742, 26.0935353697, 18.6238979959, 12.70716728, 9.3007215907, 23.3963895228, 25.8729011297, 10.7179261377, 10.8853787654, 16.4297409949, 26.9210945106, 30.8539383886, 21.9258278721, 19.4468686604, 14.2535674692, 18.1675914003, 4.7084427797, 9.0817847369, 22.5908292538, 22.3792043011, 51.5817796733, 26.8227352145, 14.3012744217, 27.2469364765, 14.7936018993, 17.1690490486, 11.9518828759, 3.605656869, 30.2384957217, 22.1955005375, 111.5784690189, 8.2982188802, 53.1112432068, 4.2283929319]
    ],
    [
      [1.7583955389, 3.7206401099, 1.1197818249, 0.83994279988, 1.4948489892, 0.81503986961, 0.37263195381, 1.280444265, 3.0713013436, 5.0669815296, 1.6154431902, 1.2948730037, 5.3817504368, 1.7664553782, 5.7855693013, 1.5084958153, 2.8878079185, 2.3059047968, 2.3262223598, 1.5713259846, 1.5106661719, 2.2012804619, 1.2103299736, 1.6410020743, 3.4343131272, 3.3955467525, 1.7469633897, 1.7097690613, 2.7767163916, 2.5599735764, 3.5010068927, 0.90852683412, 1.2274465147, 5.2342924649, 3.568922034, 5.329690589, 5.427827787, 2.4255249703, 10.3993538671, 2.8499363552, 1.5534683829, 2.0027352756, 0.16566506194, 4.042304547, 2.1467697076, 12.5909411363, 1.5437332877, 12.644246648, 2.0187327425],
      [17.5045542422, 29.0283997172, 9.4743103613, 3.9717539313, 5.5259287548, 2.6216901948, 0.83211062891, 5.6953638151, 10.4697100049, 16.9481900919, 8.4987536583, 5.1343973607, 17.5852940752, 9.7222661897, 24.2385130946, 7.0768503888, 8.8000704143, 13.438565899, 8.8136174576, 18.112819421, 8.601268683, 23.5729879104, 7.7096722607, 16.1466879365, 21.732193296, 22.037701871, 13.6351957679, 19.2537135742, 11.559646439, 9.7151946991, 11.129713681, 6.3142427703, 6.3852539515, 28.6751761525, 17.3240911237, 37.7637988995, 15.579806577, 8.7621590242, 12.5018819308, 6.2862862413, 5.4735645208, 20.7795200481, 1.1609502577, 43.4801702029, 26.8017281034, 70.9294790751, 10.7495744471, 50.9008431289, 3.4857607017],
      [2.1933323517, 4.436740453, 1.2654906158, 0.71987706049, 1.1698446927, 0.70194965836, 0.22252041038, 1.2983457129, 1.7650575868, 2.7499266949, 0.86454803599, 1.0010948749, 2.9099862578, 1.0063724928, 3.5351588966, 1.1995605081, 2.0068576147, 1.4882164279, 1.2586126424, 1.2202360364, 1.5839066601, 2.442891526, 0.97517900343, 1.1127656066, 2.7728029195, 2.5107907004, 1.3270278747, 1.4831260831, 1.55491238, 1.1673158952, 1.6574743931, 0.55742742687, 0.58181261649, 3.4593155638, 2.4698733107, 4.3787182961, 2.7344834149, 1.917089436, 3.7607485377, 0.99993261579, 1.045437584, 1.4805786479, 0.082547097254, 3.8571103462, 1.7777063027, 9.6191275081, 0.93382348334, 6.2912790863, 0.57833414821],
      [10.5517629394, 17.9764117033, 4.8032502037, 4.4573701613, 3.9788705349, 4.344310637, 0, 3.0035023909, 5.5627859094, 11.2285118074, 5.8003955397, 3.8527007834, 7.4998042882, 5.0111369694, 14.0266260787, 2.7789952629, 6.9275251728, 5.0479246255, 5.9172410834, 5.8871294521, 5.0215295948, 9.6649494122, 4.6854455756, 6.8456910802, 6.028398484, 9.2034232389, 8.2605921651, 8.2359344318, 6.4079742023, 7.1508161303, 5.6475254038, 2.2749950539, 2.0149647496, 11.4998681148, 8.6775058364, 18.661784022, 6.5405406089, 2.9230322688, 5.8753455395, 5.8831244735, 2.9407455407, 16.1243714453, 3.0698573547, 26.4940041266, 22.4577338338, 30.5435991156, 7.3227397045, 19.9624026316, 1.2090938071],
      [3.9919549277, 7.8378080167, 3.3371669943, 2.011056047, 2.8305070283, 1.5170096403, 0.5727370069, 5.722343816, 4.1311451552, 7.0063898762, 2.2208595759, 1.7169339773, 4.6231649419, 1.4937689699, 6.4141326287, 2.436098025, 5.3777388798, 2.7193882508, 1.6843064568, 4.2084891059, 2.2826288902, 4.1178906894, 2.4193731867, 2.2538533024, 5.0322921733, 4.8525374371, 4.0302208026, 3.3174568496, 3.7007505871, 3.406699699, 3.0642796293, 0.94480791476, 1.7905221677, 5.1313477039, 3.9596076952, 8.8660081934, 5.7173416121, 2.9721943007, 5.4626701249, 1.9807203142, 2.9867839715, 3.6127945831, 0.52098022837, 10.1264107773, 3.8160620525, 15.3168531649, 1.4501290773, 14.2012285052, 0.70807860039]
    ]
  ],
  "prob": [
    [0.77241483434, 0.060357974176, 0.12308587787, 0.012414863898, 0.031726449713],
    [0.11136765166, 0.56022128464, 0.17439719915, 0.11176490541, 0.042248959134],
    [0.033974367532, 0.018906256134, 0.8735152984, 0.012022111218, 0.061581966714],
    [0.091885287617, 0.47384416852, 0.06102442008, 0.24893298724, 0.12431313654]
  ],
  "iterations": 101,
  "logLik": -977.9908734379,
  "time": 0.10319,
  "message": "Converged",
  "status": 0,
  "miniter": 0,
  "maxiter": 1000,
  "maxtime": 3600,
  "param_threshold": 0.001,
  "ll_threshold": "-Inf",
  "initial_prob": "group_proportional",
  "adjust_prob_cond_method": "project_lp",
  "adjust_prob_cond_every": false,
  "candidates_id": ["Green Party.p", "Labour Party.p", "National Party.p", "New Zealand First Party.p", "Other parties votes.p"],
  "group_id": ["STEEDMAN, Geoffrey.c", "LITTLE, Andrew James.c", "YOUNG, Jonathan Edgar Joseph.c", "Other candidates votes.c"]
}
