{
  "X": [
    [0, 2, 14, 15, 4],
    [3, 17, 13, 51, 6],
    [3, 4, 27, 29, 2],
    [30, 69, 152, 301, 17],
    [15, 6, 62, 108, 22],
    [32, 53, 362, 794, 106],
    [0, 1, 29, 17, 3],
    [0, 1, 4, 0, 1],
    [1, 0, 6, 7, 0],
    [14, 16, 57, 76, 8],
    [24, 32, 144, 247, 34],
    [5, 11, 93, 137, 13],
    [10, 7, 86, 123, 14],
    [11, 8, 65, 190, 17],
    [95, 87, 803, 1364, 129],
    [1, 7, 11, 21, 2],
    [6, 15, 47, 74, 8],
    [0, 8, 11, 29, 1],
    [40, 105, 191, 393, 21],
    [11, 20, 58, 94, 6],
    [3, 2, 13, 14, 2],
    [0, 7, 3, 16, 3],
    [1, 8, 10, 20, 4],
    [29, 58, 268, 734, 80],
    [23, 20, 186, 518, 49],
    [11, 16, 43, 128, 10],
    [9, 14, 53, 281, 19],
    [5, 12, 77, 237, 15],
    [5, 10, 70, 135, 7],
    [77, 96, 541, 1853, 161],
    [39, 60, 375, 859, 110],
    [24, 44, 212, 599, 48],
    [32, 27, 200, 521, 47],
    [30, 64, 168, 1254, 89],
    [2, 1, 5, 38, 4],
    [7, 6, 47, 122, 12],
    [0, 2, 10, 22, 5],
    [16, 18, 80, 146, 15],
    [2, 5, 57, 112, 14],
    [0, 5, 2, 21, 2],
    [0, 6, 4, 8, 1],
    [1, 2, 1, 2, 1],
    [8, 13, 85, 104, 11],
    [1, 5, 3, 9, 0],
    [0, 0, 5, 4, 1],
    [0, 0, 1, 6, 0],
    [11, 43, 64, 280, 8],
    [129, 197, 848, 1921, 149],
    [8, 13, 69, 136, 11],
    [2, 0, 1, 10, 0],
    [7, 6, 16, 31, 2],
    [2, 3, 13, 22, 5],
    [8, 6, 86, 147, 17],
    [2, 3, 9, 15, 1],
    [2, 0, 1, 3, 2],
    [2, 0, 3, 3, 1],
    [25, 23, 164, 212, 18],
    [17, 18, 111, 177, 21],
    [5, 3, 20, 24, 3],
    [15, 10, 70, 141, 11],
    [11, 8, 87, 120, 8],
    [10, 12, 72, 133, 17],
    [5, 5, 30, 51, 12],
    [22, 19, 98, 182, 15],
    [0, 1, 3, 6, 0],
    [1, 0, 9, 26, 1],
    [0, 1, 3, 8, 0],
    [2, 5, 0, 8, 0],
    [3, 5, 18, 46, 7],
    [2, 10, 23, 38, 6],
    [2, 5, 16, 10, 1],
    [38, 29, 178, 246, 14],
    [2, 0, 7, 5, 0],
    [1, 0, 4, 10, 2],
    [2, 1, 15, 62, 8],
    [17, 20, 84, 250, 34],
    [6, 13, 64, 158, 14],
    [3, 6, 87, 225, 21],
    [10, 9, 76, 230, 42],
    [6, 12, 42, 125, 15],
    [12, 21, 76, 249, 41],
    [8, 11, 96, 173, 20],
    [4, 7, 50, 108, 11],
    [4, 4, 53, 124, 16],
    [5, 6, 27, 134, 12],
    [4, 4, 21, 80, 4],
    [1, 2, 9, 76, 8],
    [0, 3, 5, 14, 2],
    [1, 0, 4, 0, 1],
    [5, 1, 7, 15, 6],
    [18, 26, 87, 167, 25],
    [2, 4, 5, 12, 1],
    [0, 0, 0, 4, 2],
    [1, 0, 2, 5, 0],
    [2, 2, 5, 12, 6],
    [1, 2, 4, 17, 1],
    [0, 2, 4, 8, 2],
    [3, 6, 22, 38, 2],
    [0, 8, 9, 20, 1],
    [0, 5, 12, 44, 2],
    [15, 30, 95, 245, 22],
    [16, 14, 97, 147, 9],
    [15, 141, 163, 560, 32],
    [164, 329, 785, 2569, 310],
    [86, 175, 410, 1331, 182],
    [0, 2, 4, 4, 0]
  ],
  "W": [
    [3, 4, 10, 15, 3],
    [3, 19, 42, 15, 11],
    [6, 10, 28, 18, 3],
    [44, 100, 254, 141, 30],
    [12, 14, 105, 61, 21],
    [49, 58, 770, 367, 103],
    [2, 3, 15, 29, 1],
    [1, 1, 0, 3, 1],
    [0, 2, 4, 7, 1],
    [12, 15, 79, 57, 8],
    [42, 47, 216, 132, 44],
    [17, 15, 126, 84, 17],
    [17, 23, 99, 88, 13],
    [13, 8, 190, 67, 13],
    [166, 153, 1208, 787, 164],
    [1, 5, 22, 12, 2],
    [10, 12, 69, 48, 11],
    [1, 8, 25, 12, 3],
    [58, 139, 343, 171, 39],
    [14, 44, 65, 57, 9],
    [3, 2, 12, 14, 3],
    [0, 1, 25, 3, 0],
    [0, 12, 17, 10, 4],
    [42, 58, 722, 266, 81],
    [27, 33, 496, 185, 55],
    [11, 25, 111, 49, 12],
    [8, 26, 236, 81, 25],
    [10, 20, 222, 70, 24],
    [8, 8, 124, 76, 11],
    [114, 172, 1728, 523, 191],
    [60, 91, 803, 377, 112],
    [48, 73, 540, 207, 59],
    [35, 51, 458, 233, 50],
    [49, 75, 1195, 183, 103],
    [2, 2, 36, 5, 5],
    [3, 16, 112, 51, 12],
    [0, 1, 20, 15, 3],
    [17, 28, 134, 91, 5],
    [9, 15, 100, 55, 11],
    [0, 2, 23, 2, 3],
    [0, 3, 8, 4, 4],
    [1, 2, 2, 1, 1],
    [14, 14, 102, 78, 13],
    [2, 2, 9, 2, 3],
    [1, 0, 4, 3, 2],
    [1, 0, 5, 0, 1],
    [17, 68, 242, 57, 22],
    [204, 309, 1656, 850, 225],
    [10, 31, 103, 74, 19],
    [1, 0, 10, 2, 0],
    [3, 11, 25, 23, 0],
    [0, 2, 23, 15, 5],
    [9, 9, 142, 79, 25],
    [1, 3, 17, 7, 2],
    [1, 0, 3, 4, 0],
    [2, 0, 4, 3, 0],
    [41, 28, 179, 148, 46],
    [19, 24, 154, 109, 38],
    [3, 1, 23, 21, 7],
    [20, 14, 121, 78, 14],
    [22, 11, 99, 89, 13],
    [13, 10, 118, 85, 18],
    [7, 6, 45, 28, 17],
    [21, 18, 172, 107, 18],
    [2, 2, 5, 0, 1],
    [2, 3, 21, 10, 1],
    [0, 1, 8, 3, 0],
    [1, 4, 6, 3, 1],
    [3, 14, 39, 16, 7],
    [4, 16, 32, 24, 3],
    [4, 6, 9, 14, 1],
    [55, 53, 188, 173, 36],
    [2, 0, 5, 6, 1],
    [3, 1, 11, 2, 0],
    [4, 9, 52, 13, 10],
    [18, 15, 243, 90, 39],
    [12, 25, 132, 65, 21],
    [10, 15, 205, 87, 25],
    [14, 19, 219, 80, 35],
    [7, 9, 118, 57, 9],
    [28, 34, 229, 69, 39],
    [11, 19, 155, 98, 25],
    [7, 17, 99, 50, 7],
    [8, 6, 104, 68, 15],
    [8, 9, 126, 26, 15],
    [3, 7, 77, 20, 6],
    [3, 1, 76, 7, 9],
    [0, 2, 18, 4, 0],
    [0, 0, 2, 3, 1],
    [3, 3, 12, 12, 4],
    [31, 27, 149, 84, 32],
    [2, 2, 10, 5, 5],
    [1, 1, 2, 2, 0],
    [0, 0, 5, 3, 0],
    [1, 0, 17, 6, 3],
    [2, 0, 19, 3, 1],
    [0, 1, 10, 4, 1],
    [7, 9, 30, 21, 4],
    [2, 6, 21, 7, 2],
    [0, 6, 41, 12, 4],
    [16, 33, 222, 105, 31],
    [23, 27, 127, 97, 9],
    [23, 166, 524, 151, 47],
    [154, 350, 2526, 818, 309],
    [87, 166, 1303, 427, 201],
    [0, 2, 3, 4, 1]
  ],
  "method": "mult",
  "cond_prob": [
    [
      [0, 0, 0.80001394478, 0.18753303589, 0.012453019331],
      [0, 0.48499333747, 0.10646998404, 0.40200161779, 0.0065350606996],
      [0, 0, 0, 0.87412301957, 0.12587698043],
      [0, 0, 0.73312958693, 0.20243515861, 0.064435254457],
      [8.1047616692e-17, 0.020008883377, 0.059044808502, 0.35054561545, 0.57040069267]
    ],
    [
      [0.4482046904, 0.0047066258875, 0.42797667344, 0.11711522279, 0.0019967874833],
      [0.020512533046, 0.66342194322, 0.0079028601176, 0.28028335079, 0.027879312822],
      [0.0011572602855, 0.077878049231, 0, 0.88524534091, 0.035719349575],
      [0.060652213514, 0.017780036326, 0.71761718596, 0.18418880565, 0.019761758549],
      [0.02793269693, 0.07666223532, 0.07287798618, 0.48910311488, 0.33342396669]
    ],
    [
      [0.27523849108, 0, 0.65915529366, 0.065606215257, 0],
      [0.076804780957, 0.39101845101, 0.18511418739, 0.34706258065, 0],
      [0.0048524425173, 0, 0.14462131274, 0.81323522765, 0.037291017095],
      [0.020264507422, 0, 0.92244025743, 0.05163412709, 0.0056611080629],
      [0.026630573298, 0.029938496648, 0.18020165792, 0.47857874672, 0.28465052541]
    ],
    [
      [0.37740861342, 0.0029268454658, 0.5116065741, 0.10713693088, 0.00092103613526],
      [0.026506412811, 0.56527100345, 0.082986037056, 0.32523654668, 0],
      [0.0083095035739, 0.037753359189, 0.030163145829, 0.89069221062, 0.033081780788],
      [0.054094160142, 0.0072149680922, 0.77953427868, 0.14887931038, 0.010277282706],
      [0.033516308031, 0.057915157298, 0.12049782331, 0.55115053708, 0.23692017427]
    ],
    [
      [0.49022590456, 0, 0.42971598156, 0.076587630055, 0.0034704838267],
      [0.060748943416, 0.39593142401, 0.12134947905, 0.42100148438, 0.00096866915296],
      [0.023953618276, 0.0005578275013, 0.054884061868, 0.82134092967, 0.099263562683],
      [0.079740447193, 0, 0.77499127223, 0.1143546567, 0.030913623874],
      [0.042262225697, 0.018970865535, 0.10034387679, 0.37954742779, 0.45887560419]
    ],
    [
      [0.28112824714, 0.0010891956553, 0.59466443378, 0.11976997019, 0.0033481532327],
      [0.019636355301, 0.53181521167, 0.093006857146, 0.3552147775, 0.00032679838098],
      [0.0033146508418, 0.022817849745, 0.033101611463, 0.86698883698, 0.073777050973],
      [0.034444111575, 0.0010040179521, 0.79353673193, 0.14678951045, 0.024225628089],
      [0.018374147441, 0.040418720815, 0.10437692802, 0.44733650055, 0.38949370318]
    ],
    [
      [0, 0, 0.86291178513, 0.13158308562, 0.0055051292494],
      [1.9259299444e-34, 0.32776919095, 0.2655281308, 0.40643311144, 0.00026956680911],
      [9.2518585385e-19, 0, 0.059349341914, 0.83390722378, 0.10674343431],
      [0, 0, 0.87888313731, 0.09211552263, 0.029001340062],
      [0, 0.016692427144, 0.09974092671, 0.33757598147, 0.54599066467]
    ],
    [
      [0, 0.0012870085837, 0.99785008011, 0, 0.00086291130261],
      [0, 0.98178578912, 0.01821421088, 0, 0],
      [1.1102230246e-16, 0.17419161131, 0.12969286369, 0, 0.696115525],
      [1.8431436932e-18, 0.0011319296706, 0.98380888235, 0, 0.015059187982],
      [0, 0.013531413284, 0.032509061963, 0, 0.95395952475]
    ],
    [
      [0.85070427103, 0, 0.12098958045, 0.02830614852, 0],
      [0.10324571476, 0, 0.15686910119, 0.73988518405, 0],
      [0.0079246018815, 0, 0.035962102391, 0.95611329573, 0],
      [0.097547752979, 0, 0.7718008631, 0.13065138392, 0],
      [0.078975892113, 0, 0.13980734635, 0.78121676153, 0]
    ],
    [
      [0.49644269531, 0.003792129561, 0.43180958783, 0.067020476249, 0.00093511104755],
      [0.036730299815, 0.66543792759, 0.074621265583, 0.22321050702, 0],
      [0.024648710243, 0.058235859566, 0.05751147973, 0.80280958496, 0.0567943655],
      [0.090386383341, 0.013956115676, 0.79358055087, 0.088516415175, 0.013560534937],
      [0.049057649918, 0.072099254028, 0.115183458, 0.42252547536, 0.34113416269]
    ],
    [
      [0.34207972171, 0.00080992526695, 0.5460512527, 0.1081937486, 0.0028653517148],
      [0.025617171246, 0.53476515035, 0.092637895739, 0.34668586316, 0.00029391950666],
      [0.0059089712581, 0.022760512003, 0.036352627588, 0.86724845498, 0.067729434169],
      [0.045874946562, 0.00057919324698, 0.78901145078, 0.1426255697, 0.021908839705],
      [0.024927588672, 0.041802203885, 0.10704970964, 0.45475876167, 0.37146173613]
    ],
    [
      [0.17648638297, 0.00070197297916, 0.69637697599, 0.12429317748, 0.0021414905792],
      [0.011409433092, 0.52574465513, 0.10572261293, 0.35712329885, 0],
      [0.0014593501549, 0.018898398178, 0.054269399555, 0.87484112467, 0.050531727438],
      [0.017193315094, 0, 0.83956517418, 0.1289940654, 0.014247445326],
      [0.011792553276, 0.04239402718, 0.13025489642, 0.4979225469, 0.31763597621]
    ],
    [
      [0.31297249847, 0, 0.56104867117, 0.12258266005, 0.0033961703124],
      [0.072669085046, 0.29454841981, 0.1235100265, 0.50842901336, 0.00084345527753],
      [0.0018832332199, 0, 0.032352381885, 0.89706367863, 0.068700706264],
      [0.028966834709, 0, 0.78507687119, 0.16136499321, 0.024591300882],
      [0.020965925139, 0.017337411099, 0.10244550069, 0.47790799111, 0.38134317197]
    ],
    [
      [0.39901402976, 0.00073144041002, 0.49057475948, 0.10736335891, 0.0023164114287],
      [0.032325631428, 0.4985150462, 0.090364064033, 0.37863594676, 0.00015931157635],
      [0.0071880153193, 0.018347257549, 0.027382896789, 0.888259811, 0.05882201934],
      [0.05653174437, 0.00056386636019, 0.76657120987, 0.15667631379, 0.019656865606],
      [0.030835598324, 0.036816378822, 0.10281493564, 0.48527012656, 0.34426296066]
    ],
    [
      [0.30717041136, 9.5824823234e-05, 0.57237143677, 0.11817153547, 0.0021907915709],
      [0.025671922061, 0.44896869969, 0.10725546447, 0.41804140384, 6.2509947228e-05],
      [0.0058527686914, 0.010715433368, 0.038342304019, 0.8927022049, 0.052387289021],
      [0.037093487156, 0, 0.79571158839, 0.15044686519, 0.01674805926],
      [0.023287735776, 0.03260755194, 0.11605934214, 0.50998319451, 0.31806217563]
    ],
    [
      [0.37869883856, 0.0048693353643, 0.52196182494, 0.09266951749, 0.0018004836462],
      [0.010261615526, 0.77345210118, 0.047667595547, 0.16861868775, 0],
      [0.0029541172749, 0.11399440772, 0.01887881613, 0.81319184281, 0.050980816074],
      [0.038514603886, 0.035235476359, 0.80153951934, 0.11108629153, 0.013624108892],
      [0.021413628568, 0.098583736344, 0.10294600521, 0.42049050187, 0.35656612801]
    ],
    [
      [0.33330889937, 0.0056305940306, 0.55225886654, 0.10696898628, 0.0018326537837],
      [0.015370514388, 0.69263862529, 0.061117679502, 0.23087318082, 0],
      [0.0034239664413, 0.068942958199, 0.02441532397, 0.85047649309, 0.052741258303],
      [0.041424011556, 0.020207088315, 0.78913817891, 0.13356576334, 0.015664957879],
      [0.023441690414, 0.082275109221, 0.10733720353, 0.46052702765, 0.32641896919]
    ],
    [
      [0, 0.0042756634459, 0.81381262571, 0.18069066552, 0.0012210453197],
      [0, 0.68896150672, 0.047932873062, 0.26310562022, 0],
      [0, 0.068767047011, 0, 0.91461008652, 0.016622866466],
      [7.1083949819e-19, 0.040924345676, 0.78701451644, 0.16668572985, 0.0053754080294],
      [2.7369110631e-47, 0.09125465314, 0.11951673083, 0.61632781714, 0.17290079889]
    ],
    [
      [0.38258474992, 0.0045595611258, 0.51080006277, 0.10135357535, 0.00070205083415],
      [0.025991500623, 0.59616341119, 0.080740889691, 0.2971041985, 0],
      [0.0096319627681, 0.050548925132, 0.032739746368, 0.87637035461, 0.030709011122],
      [0.055659674679, 0.01142630668, 0.78401198131, 0.13960406214, 0.0092979751875],
      [0.035274315862, 0.066067988132, 0.12448284318, 0.54760725078, 0.22656760205]
    ],
    [
      [0.39235104357, 0, 0.49277835904, 0.11414086642, 0.00072973097078],
      [0.037519935587, 0.44748572088, 0.098059443273, 0.41693490026, 0],
      [0.01342141101, 0, 0.029505543792, 0.91545152195, 0.04162152325],
      [0.0472146432, 0, 0.76975176623, 0.16905933543, 0.01397425514],
      [0.032509094005, 0.034514253468, 0.11030849421, 0.54624013474, 0.27642802358]
    ],
    [
      [0.50868219228, 0.0011343295844, 0.41252851308, 0.076990254499, 0.00066471054722],
      [0.026839628975, 0.70239335652, 0.057082410802, 0.2136846037, 0],
      [0.014413462448, 0.032939450997, 0.035511973518, 0.86065868871, 0.056476424331],
      [0.080436846714, 0.0019929476835, 0.7802770604, 0.12409717121, 0.013195973996],
      [0.040398920607, 0.05621187289, 0.099409037116, 0.42546512257, 0.37851504682]
    ],
    [
      [0, 0.0092195351726, 0.87330120743, 0.11073542595, 0.006743831454],
      [0, 0.95030392628, 0.013141329701, 0.036554744014, 0],
      [4.0502762643e-37, 0.23995342004, 0.015707634817, 0.62814701427, 0.11619193088],
      [0, 0.016953524256, 0.86472259996, 0.086589966419, 0.031733909365],
      [0, 0.17696264422, 0.067270998144, 0.21744654402, 0.53831981361]
    ],
    [
      [0.44616994667, 0.0010037845662, 0.468017958, 0.08165604818, 0.0031522625889],
      [0.026000916187, 0.60351074965, 0.088363067804, 0.2805990987, 0.0015261676574],
      [0.0071368136756, 0.032493107082, 0.033822468792, 0.82649838004, 0.10004923041],
      [0.04763452855, 0.0037860713641, 0.80025732214, 0.11867809081, 0.029643987133],
      [0.022579471944, 0.041906867548, 0.090521998863, 0.3488893617, 0.49610229995]
    ],
    [
      [0.30695367169, 0.0013831468541, 0.57067087069, 0.11821046313, 0.0027818476409],
      [0.020328879262, 0.56242388698, 0.084566911914, 0.33250782044, 0.00017250140597],
      [0.0039152274185, 0.02881050859, 0.029517004504, 0.87459812096, 0.063159138533],
      [0.038997096003, 0.0023128474673, 0.78657011158, 0.15132592535, 0.020794019601],
      [0.021343815543, 0.048208861229, 0.10602488406, 0.46959466036, 0.35482777881]
    ],
    [
      [0.3436577042, 0.00041294371962, 0.53939757088, 0.11423650125, 0.0022952799383],
      [0.031536056153, 0.41086860649, 0.11103141141, 0.44640752424, 0.00015640169779],
      [0.0057928999288, 0.0099270903408, 0.033954656909, 0.89503791888, 0.055287433938],
      [0.045128677971, 0, 0.78264188688, 0.15417237025, 0.018057064897],
      [0.026517606258, 0.027388176296, 0.11167218381, 0.50406308916, 0.33035894448]
    ],
    [
      [0.47108253168, 0.00091571853031, 0.41467278197, 0.11140968205, 0.0019192857712],
      [0.036414084907, 0.51938417735, 0.069549072239, 0.37459537147, 5.729404032e-05],
      [0.0075448627574, 0.021823859746, 0.0033541730251, 0.9185828664, 0.048694238074],
      [0.073770591712, 0.0013278588938, 0.71944419625, 0.18712615098, 0.018331202168],
      [0.037958439077, 0.043150762068, 0.089566147539, 0.52314413689, 0.30618051443]
    ],
    [
      [0.4152918174, 0.00069166476341, 0.42384513764, 0.15780953922, 0.0023618409762],
      [0.028572175409, 0.42420660313, 0.062960436313, 0.48398500658, 0.00027577856595],
      [0, 0, 0, 0.95673382015, 0.043266179855],
      [0.052906652219, 0.027215454433, 0.5709413976, 0.3283030276, 0.020633468152],
      [0.025974002817, 0.030425727658, 0.069040573978, 0.59088746901, 0.28367222654]
    ],
    [
      [0.2174401922, 0.00058184857748, 0.64867574341, 0.13158610582, 0.0017161099945],
      [0.016271884705, 0.4410947384, 0.11188796694, 0.43074540995, 0],
      [0.002183527894, 0.010640304695, 0.037529126988, 0.91326721106, 0.036379829366],
      [0.023348422349, 0, 0.81162461453, 0.15346887056, 0.011558092566],
      [0.015876151123, 0.033755795996, 0.13042891746, 0.56587870621, 0.25406042922]
    ],
    [
      [0.26508905626, 0.0017394708042, 0.6009733682, 0.13078375203, 0.0014143527042],
      [0.01408445359, 0.60417636393, 0.073870413988, 0.30786876849, 0],
      [0.0019063118634, 0.033494055815, 0.023905430499, 0.90996967421, 0.030724527616],
      [0.030463387859, 0.0038134887317, 0.79336039821, 0.16249906902, 0.0098636561817],
      [0.019546524808, 0.064507750676, 0.12196237246, 0.57314645349, 0.22083689856]
    ],
    [
      [0.33256063705, 0.00038088918083, 0.54081226141, 0.12390239565, 0.0023438167119],
      [0.028279678927, 0.42563684286, 0.10207230354, 0.44382465812, 0.00018651655053],
      [0.0040077749216, 0.009865815199, 0.022216361022, 0.91146153394, 0.052448514922],
      [0.043170846533, 0, 0.7706740264, 0.16802075793, 0.018134369132],
      [0.02471306178, 0.029837240823, 0.10648470333, 0.52176386733, 0.31720112674]
    ],
    [
      [0.29842941278, 0.00064136035902, 0.57670044019, 0.12093505279, 0.0032937338823],
      [0.022922058007, 0.4835070258, 0.09919952491, 0.39390834925, 0.00046304203349],
      [0.0037154591309, 0.015179593666, 0.029601117234, 0.87963241046, 0.071871419507],
      [0.036598700558, 0, 0.78534362694, 0.15391447014, 0.024143202367],
      [0.019884858589, 0.033688976042, 0.10291582435, 0.460068359, 0.38344198201]
    ],
    [
      [0.28171275205, 0.00055102634533, 0.58148351885, 0.13390880883, 0.0023438939217],
      [0.020370104272, 0.47101248815, 0.094274618687, 0.41420446364, 0.0001383252468],
      [0.0016691764276, 0.013802899914, 0.018381350277, 0.9172234785, 0.048923094885],
      [0.033507597939, 0, 0.77735826966, 0.17205526103, 0.017078871368],
      [0.01954817365, 0.036204629606, 0.10792632138, 0.5325310832, 0.30378979216]
    ],
    [
      [0.39582317449, 0.00031588771606, 0.47742621874, 0.12392182433, 0.0025128947159],
      [0.034269755105, 0.4203931889, 0.091120306687, 0.45387695207, 0.00033979724507],
      [0.0049236577033, 0.0090019893802, 0.0058199930088, 0.9245007025, 0.055753657409],
      [0.054432699403, 0, 0.7353560176, 0.18920152671, 0.021009756284],
      [0.029211543868, 0.0285196032, 0.09278875606, 0.52019468251, 0.32928541436]
    ],
    [
      [0.34700620396, 0.0010929485241, 0.49931362684, 0.15013011659, 0.0024571040824],
      [0.022301207052, 0.49571917409, 0.070874757123, 0.41096994057, 0.00013492115683],
      [0, 0.016504254199, 0, 0.93752861432, 0.04596713148],
      [0.049272213617, 0.015640508347, 0.70743875715, 0.20820809656, 0.019440424324],
      [0.022400877526, 0.040608841456, 0.08501682468, 0.55701070834, 0.29496274799]
    ],
    [
      [0.56276356621, 0, 0.33993276918, 0.095341517246, 0.0019621473612],
      [0.049268564158, 0.40000002476, 0.081719924571, 0.46881791831, 0.00019356820247],
      [0.0050513511003, 0.0029295428173, 0.0054477165697, 0.92907432656, 0.057497062952],
      [0.080026383897, 0, 0.715766765, 0.18250502882, 0.021701822286],
      [0.038791036033, 0.01890728181, 0.0763485982, 0.50249604572, 0.36345703823]
    ],
    [
      [0.45407171934, 0.00017734575638, 0.44596554501, 0.097639095917, 0.0021462939767],
      [0.051664831095, 0.35942807871, 0.11413671632, 0.47442598512, 0.00034438874664],
      [0.0099522459309, 0, 0.033530063616, 0.89605101888, 0.060466671576],
      [0.063653159427, 0, 0.7614513874, 0.15494895167, 0.019946501505],
      [0.037515405786, 0.020718225274, 0.10387733512, 0.48801302508, 0.34987600874]
    ],
    [
      [1.734723476e-18, 0.0033233631785, 0.78109082683, 0.20668756657, 0.0088982434193],
      [6.9363445698e-32, 0.79472055522, 0.029622835978, 0.1747238011, 0.00093280770185],
      [0, 0, 0, 0.87564659976, 0.12435340024],
      [0, 0.069293234511, 0.65501763587, 0.21728574997, 0.058403379654],
      [0, 0.055293642372, 0.048370875345, 0.35101931808, 0.5453161642]
    ],
    [
      [0.44147700754, 0.00081337568687, 0.45014472556, 0.10445906384, 0.0031058273704],
      [0.035286272293, 0.52942987141, 0.079364867648, 0.35551975703, 0.00039923161621],
      [0.0088985554917, 0.021748757617, 0.017083190631, 0.87475610113, 0.077513395135],
      [0.067651578791, 0.00062040228498, 0.74068634763, 0.16361354971, 0.027428121582],
      [0.031635028338, 0.038269217064, 0.08674363846, 0.43269842867, 0.41065368747]
    ],
    [
      [0.12954632818, 0, 0.71882171494, 0.14720524157, 0.0044267153037],
      [0.027844762025, 0.32085724586, 0.14033288369, 0.51002313748, 0.00094197094445],
      [0, 0, 0.027761794172, 0.89331701953, 0.078921186297],
      [0.0062483834001, 0, 0.80924683799, 0.15753464177, 0.026970136845],
      [0.0066136844525, 0.017012846554, 0.10371416398, 0.45715441029, 0.41550489472]
    ],
    [
      [0, 0.0049844314558, 0.82093441068, 0.17075656748, 0.003324590391],
      [0, 0.84774292731, 0.025201066828, 0.12705600586, 0],
      [0, 0.12514150532, 0.0016266119145, 0.8303394701, 0.042892412667],
      [1.8735013541e-16, 0.0088061045483, 0.83355741557, 0.14198037684, 0.015656103041],
      [3.081487911e-33, 0.1362157713, 0.08169032039, 0.45470647413, 0.32738743419]
    ],
    [
      [0, 0.0046995806813, 0.87025069534, 0.12319236837, 0.0018573556067],
      [0, 0.9068126786, 0.02439996889, 0.06878735251, 0],
      [0, 0.25006965344, 0.0016333356067, 0.74481482735, 0.0034821836061],
      [0, 0.078346146417, 0.8637680251, 0.057885828488, 0],
      [0, 0.24140503775, 0.11466532702, 0.40089400244, 0.24303563279]
    ],
    [
      [0.80829130224, 0.021917458599, 0.14985756985, 0.019933669304, 0],
      [0, 0.86630347976, 0.019990652605, 0.11370586764, 0],
      [0.040352285022, 0.08715544107, 0.0083591954332, 0.77639091242, 0.087742166058],
      [0.092910378884, 0.023452411416, 0.77421693798, 0.085244888204, 0.024175383511],
      [0.018093748829, 0.047712288327, 0.019225796085, 0.11462788239, 0.80034028437]
    ],
    [
      [0.28752907554, 0.001626338611, 0.61275206618, 0.096395543281, 0.0016969763862],
      [0.018359941129, 0.60621825607, 0.094640801568, 0.28078100124, 0],
      [0.0059905680756, 0.034214665045, 0.070435767292, 0.8345286147, 0.05483038489],
      [0.036099646431, 0.0033471252843, 0.84865329129, 0.098532176641, 0.013367760355],
      [0.022364877023, 0.056861851362, 0.13208422055, 0.45477691536, 0.3339121357]
    ],
    [
      [0.45146897878, 0.037007384503, 0.45719531699, 0.054328319726, 0],
      [0.0043407317043, 0.91094354323, 0.018726457649, 0.06598926742, 0],
      [0, 0.23404338885, 0.0021680735634, 0.76378853759, 0],
      [0.043024636832, 0.038468338322, 0.82082115365, 0.097685871193, 0],
      [0.00077710178813, 0.30692365609, 0.12900049378, 0.56329874834, 0]
    ],
    [
      [0, 0, 0.93641837308, 0.063581626919, 0],
      [0, -0, 0.317175702, 0.68245643764, 0.00036786036666],
      [0, 0, 0.16917454201, 0.8089450604, 0.021880397583],
      [0, 0, 0.98910980813, 0.010890191867, 0],
      [0, 0, 0.20977701724, 0.33398377793, 0.45623920483]
    ],
    [
      [0, 0, 0.81109495883, 0.18890504117, 0],
      [0, -0, 0.21868808911, 0.78131191089, 0],
      [0, 0, 0, 1, 0],
      [0, 0, 1, 0, 0],
      [0, 0, 0.18890504117, 0.81109495883, 0]
    ],
    [
      [0.33731962324, 0.001308332194, 0.52975471066, 0.13083776475, 0.00077956915977],
      [0.021604661764, 0.52180029251, 0.077705299446, 0.37888974628, 0],
      [0.002700467988, 0.025559075953, 0.013612516256, 0.94018307704, 0.017944862765],
      [0.0440481667, 0.0020524314481, 0.76745009865, 0.17969726947, 0.0067520337321],
      [0.028735938636, 0.054229704047, 0.12142386362, 0.64746392041, 0.14814657329]
    ],
    [
      [0.34170653433, 0.00078702668647, 0.53228372848, 0.12337134905, 0.0018513614548],
      [0.025333151767, 0.50050560692, 0.087647152823, 0.38651408849, 0],
      [0.0040124573243, 0.019515937092, 0.02077944952, 0.91190412021, 0.043788035854],
      [0.045710732611, 0.00037142410159, 0.76865885942, 0.17020346085, 0.015055523024],
      [0.026511871345, 0.04244049647, 0.10915711227, 0.54050322961, 0.2813872903]
    ],
    [
      [0.33282429837, 0, 0.53497904175, 0.13021831444, 0.0019783454418],
      [0.035177124052, 0.40240307939, 0.098731663472, 0.46360842862, 7.9704469282e-05],
      [0.0055893808796, 0, 0.019014421374, 0.9321593119, 0.043236885848],
      [0.034394862184, 0, 0.76498242576, 0.18522614099, 0.015396571066],
      [0.024228428341, 0.02765813363, 0.1064391109, 0.55825326367, 0.28342106346]
    ],
    [
      [0.92300111809, 0, 0.054034218158, 0.022964663756, 0],
      [0.19913451457, -0, 0.070174912912, 0.73069057251, 0],
      [0.041193887326, 0, 0, 0.95880611267, 0],
      [0.33253000433, 0, 0.47298289092, 0.19448710475, 0],
      [0.15561571731, 0, 0.065911057115, 0.77847322557, 0]
    ],
    [
      [0.67427500557, 0.00021596752663, 0.24979009007, 0.074141568926, 0.0015773679041],
      [0.073550859367, 0.50887820135, 0.054832543008, 0.36259706463, 0.00014133164247],
      [0.025286965246, 0.015619207142, 0, 0.89987127, 0.059222557613],
      [0.15373658257, 0.0004874653898, 0.63684659812, 0.18661851445, 0.022310839474],
      [0.063716620381, 0.036168489452, 0.070677697879, 0.45201166329, 0.377425529]
    ],
    [
      [0.61353246841, 0.0010316939047, 0.32552745021, 0.05772107688, 0.0021873106012],
      [0.031895792206, 0.72869635482, 0.054462744142, 0.18454988007, 0.00039522876552],
      [0.014379313291, 0.04907713077, 0.040920006911, 0.79805823154, 0.097565317489],
      [0.092319219086, 0.0071066282672, 0.76653282792, 0.10490957921, 0.029131745517],
      [0.044139184722, 0.061446771731, 0.090384386785, 0.34038344527, 0.46364621149]
    ],
    [
      [0.31507580196, 0.00031656479456, 0.58341902881, 0.099294710131, 0.0018938943019],
      [0.029482204429, 0.43327971507, 0.12620643594, 0.41103164457, 0],
      [0.008389973797, 0.0097614532146, 0.0726512698, 0.85578363054, 0.053413672648],
      [0.038715640263, 0, 0.83416400202, 0.11307694715, 0.014043410563],
      [0.0259626433, 0.028460284991, 0.13591737384, 0.47810833783, 0.33155136003]
    ],
    [
      [0.59891106097, 0.0011151117007, 0.36085554656, 0.039075382299, 4.2898463044e-05],
      [0.041113055791, 0.68236607158, 0.092528721553, 0.18399215108, 0],
      [0.031278270142, 0.045852850289, 0.12152949763, 0.77377775266, 0.027561629282],
      [0.08708385434, 0.004128437307, 0.85240428582, 0.052752921213, 0.003630501322],
      [0.068216099428, 0.071694578754, 0.16436341418, 0.44272796039, 0.25299794724]
    ],
    [
      [0.92320522671, 0, 0.028617434145, 0.040469920139, 0.0077074190028],
      [0.20430468482, 0, 0.050200955335, 0.74289720476, 0.0025971550882],
      [0, 0, 0, 0.63982045162, 0.36017954838],
      [0.26919869332, 0, 0.24284564146, 0.26001718125, 0.22793848396],
      [0, 0, 0, 0, 1]
    ],
    [
      [0.69983170391, 0, 0.28204744613, 0.018120849961, 0],
      [0.14813721521, 0, 0.18366475501, 0.66691512525, 0.0012829045237],
      [0.052291622289, 5.9654962239e-33, 0.042891323052, 0.69254720396, 0.2122698507],
      [0.13039003434, 0, 0.75477993851, 0.064523161414, 0.050306865732],
      [0, 0, 0, 0, 1]
    ],
    [
      [0.34244303787, 0.0010767826538, 0.55766655561, 0.098547912856, 0.00026571101372],
      [0.025111605663, 0.55331503692, 0.095606270561, 0.32596708686, 0],
      [0.0090289787747, 0.026698402757, 0.057298578847, 0.87424895172, 0.032725087899],
      [0.048537043678, 0.0013605436558, 0.82279393081, 0.1201811474, 0.0071273344632],
      [0.03167480052, 0.05397078963, 0.1397553972, 0.53380619496, 0.2407928177]
    ],
    [
      [0.38560010887, 0.00076786113061, 0.51342520451, 0.098651023721, 0.0015558017709],
      [0.030766179132, 0.53248889506, 0.094674265757, 0.34207066005, 0],
      [0.0098354476531, 0.022609726298, 0.047986852574, 0.87013248958, 0.049435483898],
      [0.056424366131, 0.00018139871227, 0.79793979234, 0.131453494, 0.01400094882],
      [0.033428810145, 0.044842285464, 0.12124542303, 0.48913422281, 0.31134925855]
    ],
    [
      [0.56403225091, 0.001975955124, 0.37365880095, 0.06005421752, 0.00027877549623],
      [0.024764218194, 0.79609131138, 0.041458606437, 0.13768586399, 0],
      [0.026220696047, 0.05920229649, 0.057910008642, 0.81687723396, 0.039789764866],
      [0.10678955273, 0.0060564126643, 0.79247408389, 0.087824185098, 0.0068557656167],
      [0.062497487524, 0.10130619115, 0.1233827186, 0.43566674506, 0.27714685766]
    ],
    [
      [0.42204999482, 0.00066626251362, 0.45753955502, 0.11789085124, 0.0018533364124],
      [0.032394195654, 0.50542339235, 0.078063137324, 0.38404557085, 7.3703821674e-05],
      [0.0064054745093, 0.019116466164, 0.0083890404706, 0.92022749749, 0.045861521364],
      [0.062312510395, 0.00032250013938, 0.73570188745, 0.18498022765, 0.016682874362],
      [0.033574509862, 0.040892845725, 0.096893132786, 0.53496857356, 0.29367093807]
    ],
    [
      [0.31102119304, 0.00058203845864, 0.56079310762, 0.12621977648, 0.0013838843932],
      [0.021723155751, 0.50846630417, 0.089063665304, 0.38074687478, 0],
      [0.0027419688318, 0.018528809134, 0.025117334562, 0.91690954539, 0.036702342085],
      [0.037496376548, 0, 0.78291173554, 0.16793697784, 0.011654910067],
      [0.023842047132, 0.043054900295, 0.11669928686, 0.56265486718, 0.25374889854]
    ],
    [
      [0.37319435886, 0.0021160552053, 0.50011843066, 0.12136129925, 0.0032098560345],
      [0.021245111132, 0.61441161622, 0.063871207014, 0.30012907142, 0.00034299421424],
      [0.0027683210868, 0.036535986156, 0.0029936091771, 0.88938410334, 0.068317980241],
      [0.049112670002, 0.0061405055601, 0.74060465327, 0.17838526712, 0.025756904052],
      [0.024154632505, 0.055288098951, 0.086394828918, 0.46171891648, 0.37244352314]
    ],
    [
      [0.37843243083, 0.00052071849073, 0.52146899947, 0.095756536071, 0.00382131514],
      [0.027354431397, 0.56454390147, 0.089141071016, 0.31812853073, 0.00083206538708],
      [0.0075948575428, 0.021207011974, 0.040448017279, 0.84398843136, 0.08676168184],
      [0.049899924149, 0, 0.79369094365, 0.12825490521, 0.028154226997],
      [0.026345878247, 0.038516236641, 0.10419784576, 0.4029597827, 0.42798025665]
    ],
    [
      [0.46795404219, 0.0019152343424, 0.43489397307, 0.093775720985, 0.0014610294151],
      [0.034109720382, 0.60157955849, 0.070732305901, 0.29357841523, 0],
      [0.014303323679, 0.037525024798, 0.028400864967, 0.87285093591, 0.04691985065],
      [0.077839237773, 0.0055155437872, 0.7552113443, 0.14652344591, 0.014910428229],
      [0.042778890704, 0.060382254199, 0.10563791361, 0.49655159427, 0.29464934722]
    ],
    [
      [0, 0, 0.93867723407, 0.061322765929, 0],
      [0, 0.48113934453, 0.23132448847, 0.287536167, 0],
      [0, 0, 0.073184909449, 0.92681509055, 0],
      [6.9388939039e-18, 0.00032832131137, 0.9524676131, 0.047204065589, 0],
      [5.5511151231e-17, 0.037721310941, 0.29407200768, 0.66820668138, 0]
    ],
    [
      [0.33695338699, 0, 0.52002865904, 0.14155493717, 0.0014630168004],
      [0.034418142107, 0, 0.148612371, 0.81673583618, 0.00023365071442],
      [0, 0, 0, 0.96989604569, 0.030103954311],
      [0.020295119635, 0, 0.74116434897, 0.2271791445, 0.011361386898],
      [0.019887603355, 0, 0.1024620792, 0.6270742127, 0.25057610474]
    ],
    [
      [0, 0.0016952095191, 0.8642093832, 0.13409540728, 0],
      [0, 0.84805320539, 0.033525527094, 0.11842126752, 0],
      [0, 0.018993349327, 0.038803042063, 0.94220360861, 0],
      [0, 0, 0.88535004547, 0.11464995453, 0],
      [0, 0.089914664742, 0.17487529137, 0.73521004389, 0]
    ],
    [
      [0.93733523343, 0.024916057301, 0, 0.037748709273, 0],
      [0, 0.84965777215, 0, 0.15034222785, 0],
      [0, 0.13256773461, 0, 0.86743226539, 0],
      [0.31930739446, 0.2071904226, 0, 0.47350218294, 0],
      [0.1047425832, 0.15947517863, 0, 0.73578223817, 0]
    ],
    [
      [0.40153467793, 0, 0.49599783184, 0.098888864027, 0.0035786262025],
      [0.066646468479, 0.34854578012, 0.13358283384, 0.44817136325, 0.0030535543176],
      [0, 0, 0.03587233692, 0.87599281813, 0.088134844947],
      [0.042315334441, 0, 0.78471308041, 0.14456987249, 0.028401712666],
      [0.026471436633, 0.017194154052, 0.098202343479, 0.42172806507, 0.43640400077]
    ],
    [
      [0.27211740651, 0.0011667347059, 0.59683816975, 0.12431391197, 0.0055637770604],
      [0.013960495625, 0.56938189724, 0.07843004025, 0.33549463533, 0.0027329315559],
      [0, 0.023537724268, 0.015059843394, 0.85302191561, 0.10838051673],
      [0.027140689065, 0.0010470631937, 0.77666138493, 0.15641805994, 0.038732802871],
      [0.012261968795, 0.035628670705, 0.078659483362, 0.36136514959, 0.51208472755]
    ],
    [
      [0.3289071998, 0.0060815933496, 0.59866126063, 0.066349946221, 0],
      [0.013330377591, 0.69866555984, 0.096295454209, 0.19170860836, 0],
      [0.0047501978296, 0.051778336566, 0.061637653558, 0.82362717259, 0.058206639458],
      [0.038487454264, 0.018060359495, 0.88204466072, 0.056887530516, 0.0045199950075],
      [0.022812795093, 0.064830205557, 0.12421810015, 0.37527858443, 0.41286031478]
    ],
    [
      [0.39926246253, 0, 0.49322116747, 0.10751637, 0],
      [0.035100697755, 0.47594842098, 0.095668367062, 0.3932825142, 0],
      [0.013884092199, 0.012057157025, 0.03511572213, 0.91117252381, 0.027770504834],
      [0.058906479551, 0, 0.77873084332, 0.15479422945, 0.0075684476812],
      [0.038311035675, 0.0418885602, 0.12445057446, 0.58785528405, 0.20749454562]
    ],
    [
      [0.57312933375, 0, 0.41039476302, 0.016475903224, 0],
      [0.10907112631, 0, 0.22134430041, 0.66958457328, 0],
      [0.040838624671, 0, 0.1042463079, 0.85491506743, 0],
      [0.093506646568, 0, 0.90649335343, 0, 0],
      [0.088508329727, 0, 0.21901881386, 0.69247285641, 0]
    ],
    [
      [0.30009108856, 0, 0.60559236165, 0.086910673308, 0.00740587648],
      [0.044924601168, 0, 0.21730310651, 0.73629499316, 0.0014772991681],
      [0, 0, 0.029352963661, 0.79893480624, 0.1717122301],
      [0.027401066571, 0, 0.82151860414, 0.10734505916, 0.043735270128],
      [0.0084953799656, 0, 0.048134182552, 0.18607370929, 0.75729672819]
    ],
    [
      [0.29976020502, 0, 0.56224403718, 0.13432655097, 0.0036692068276],
      [0.031042309939, 0.11111111111, 0.18110977709, 0.67518281609, 0.0015539857702],
      [0, 0, 0.0019444024868, 0.92609106718, 0.071964530331],
      [0.027472243239, 0, 0.77359670355, 0.17415147876, 0.024779574449],
      [0.016443922836, 0, 0.096316978209, 0.49653437339, 0.39070472557]
    ],
    [
      [0.42967558103, 0.0016340620255, 0.46030901952, 0.10552007843, 0.0028612589835],
      [0.028519764731, 0.60175581329, 0.068403854104, 0.30103519277, 0.00028537510222],
      [0.0075538375486, 0.035087374194, 0.016278055627, 0.87067117374, 0.070409558887],
      [0.064037051358, 0.0035602553575, 0.74684914002, 0.16089072354, 0.024662829718],
      [0.031772459587, 0.053784481359, 0.090163838915, 0.44953462456, 0.37474459558]
    ],
    [
      [0.26488743604, 0.00018622672562, 0.59240745522, 0.14009651646, 0.0024223655516],
      [0.018408510281, 0.45277290859, 0.094757422359, 0.43389714776, 0.00016401101306],
      [0.0017763829332, 0.0075824309841, 0.014485204158, 0.92761743966, 0.04853854227],
      [0.027197651399, 0, 0.77543459954, 0.18010992304, 0.017257826019],
      [0.017086101064, 0.03226484165, 0.10508947902, 0.53898886078, 0.30657071749]
    ],
    [
      [0.13869758661, 0.00028254252243, 0.70622583918, 0.1518515329, 0.0029424987881],
      [0.011091337541, 0.3282569216, 0.12940636061, 0.53102727893, 0.00021810131941],
      [0.0010753411026, 0.002985234861, 0.025045284924, 0.9168803273, 0.054013811808],
      [0.011768483658, 0, 0.80477175948, 0.1652526049, 0.01820715197],
      [0.0080940426582, 0.018453904173, 0.11388878861, 0.52714527055, 0.33241799401]
    ],
    [
      [0.33880816775, 0.00015982777136, 0.53426948914, 0.12182904206, 0.0049334732865],
      [0.030462810911, 0.38475203705, 0.10856808538, 0.47490934006, 0.0013077265933],
      [0.0031861117881, 0.0047213064238, 0.013554742104, 0.87513455849, 0.10340328119],
      [0.041240063073, 0, 0.75741671746, 0.16470503785, 0.036638181618],
      [0.019455106193, 0.018671645725, 0.082731646067, 0.41257841749, 0.46656318453]
    ],
    [
      [0.39165202321, 0.0024143200596, 0.46922696865, 0.13273813622, 0.0039685518582],
      [0.018727898739, 0.64566893968, 0.050035031059, 0.28508733814, 0.00048079238238],
      [0, 0.022445955509, 0, 0.89800708064, 0.079546963853],
      [0.050801621429, 0.052673510805, 0.66030409015, 0.20321419517, 0.033006582442],
      [0.02157692527, 0.057896270725, 0.06975142237, 0.43966692922, 0.41110845242]
    ],
    [
      [0.29840874132, 0.0003301577553, 0.5628891015, 0.13305733078, 0.0053146686442],
      [0.020476175626, 0.49133497577, 0.08719780671, 0.39928513324, 0.0017059086525],
      [0, 0.012953051025, 0.006961763104, 0.88667912934, 0.093406056531],
      [0.033566011985, 0.0017020502313, 0.76000320052, 0.17152155567, 0.033207181599],
      [0.016213088331, 0.030812211688, 0.08307474726, 0.43113313457, 0.43876681815]
    ],
    [
      [0.28627895282, 0.00040142931144, 0.5910576268, 0.11962140585, 0.0026405852129],
      [0.022598487165, 0.45868615834, 0.10755278857, 0.4110016911, 0.00016087481609],
      [0.0052214031452, 0.009707949839, 0.039198022524, 0.8857974423, 0.060075182192],
      [0.031804489939, 0, 0.80154995148, 0.14740478054, 0.019240778042],
      [0.019816110453, 0.031032601762, 0.11309097543, 0.48523441423, 0.35082589813]
    ],
    [
      [0.26457220547, 0, 0.60598648475, 0.12609461058, 0.0033466991968],
      [0.025521808127, 0.40210066114, 0.11550797436, 0.45625756775, 0.00061198862538],
      [0.0037312678231, 0, 0.033130369206, 0.89205672513, 0.071081637838],
      [0.024623049047, 0, 0.79577257843, 0.15587545726, 0.023728915265],
      [0.016225122387, 0.023469822941, 0.1037033671, 0.46479577474, 0.39180591283]
    ],
    [
      [0.25843836367, 0.00063991409986, 0.57390839326, 0.1625415445, 0.0044717844626],
      [0.016997692016, 0.425970874, 0.086085983272, 0.47035387547, 0.00059157524374],
      [0, 0, 0, 0.92518695208, 0.074813047918],
      [0.024145413209, 0.015797445218, 0.68776025696, 0.24019392555, 0.032102959062],
      [0.012574589355, 0.024321944562, 0.07496796541, 0.48832762913, 0.39980787154]
    ],
    [
      [0.36450245328, 0.00050175110716, 0.50490129386, 0.12769560267, 0.002398899086],
      [0.02752246654, 0.45226635953, 0.088261391913, 0.43177332803, 0.00017645398537],
      [0.0019233576257, 0.0115704939, 0.0092957081941, 0.92479470338, 0.052415736898],
      [0.047060195907, 0.00010257419096, 0.75294524965, 0.18058140677, 0.019310573479],
      [0.0246913347, 0.03100263967, 0.094573426563, 0.52488173495, 0.32485086412]
    ],
    [
      [0.46014656995, 0.00032462269067, 0.44421781519, 0.094264073209, 0.0010469189681],
      [0.042541747689, 0.44118519101, 0.10124242488, 0.41503063643, 0],
      [0.0098252118717, 0.009228390978, 0.035779988923, 0.91374373985, 0.031422668376],
      [0.065244995052, 0, 0.77327550961, 0.15150148563, 0.0099780097065],
      [0.043387806863, 0.033357281596, 0.12301337351, 0.5706159407, 0.22962559733]
    ],
    [
      [0.24712198265, 0.00089799865082, 0.6056324014, 0.1432243886, 0.003123228703],
