{
  "Z_true": {},
  "V_true": [
    [2639, 991, 772, 106],
    [1032, 4652, 508, 218],
    [1038, 348, 17600, 734],
    [186, 575, 344, 226],
    [204, 192, 846, 682]
  ],
  "p_true": [
    [0.5854, 0.2198, 0.1713, 0.0235],
    [0.161, 0.7257, 0.0793, 0.034],
    [0.0526, 0.0176, 0.8925, 0.0372],
    [0.1397, 0.432, 0.2585, 0.1698],
    [0.106, 0.0998, 0.4397, 0.3545]
  ],
  "Z_est": [
    [
      [5.161, 56.9251, 80.8634, 98.5008, 2.0042, 26.5158, 29.5016, 60.2619, 72.5157, 51.8544, 54.2824, 60.1578, 89.982, 119.1127, 42.2422, 48.2788, 83.3402, 54.5272, 3.87, 4.6535, 21.8787, 0, 0.7104, 65.4274, 23.2997, 77.2982, 51.9798, 44.0211, 13.3493, 49.7517, 169.4792, 125.1035, 46.0441, 85.9961, 5.6709, 1.332, 6.1561, 49.237, 122.9338, 39.6413, 53.754, 10.8132, 1.5197, 2.1892, 35.7204, 0, 33.5464, 233.0137, 4.1356, 119.3316, 10.9089, 324.9872, 79.2656],
      [1.7256, 9.8363, 15.2161, 18.9431, 0.1739, 4.8039, 10.4947, 17.3668, 26.3302, 17.18, 15.4371, 8.8736, 22.499, 25.8522, 15.0925, 9.5366, 24.9021, 13.7719, 2.0503, 2.2017, 1.4476, 0.7597, 0.1251, 8.6791, 1.8304, 12.8781, 5.795, 4.215, 1.933, 7.0039, 36.1013, 21.0155, 4.2206, 8.204, 0.8478, 0.2907, 1.2035, 9.7603, 18.3355, 9.6891, 6.914, 3.9981, 1.3901, 2.5884, 6.2819, 0, 5.4843, 44.9274, 0.7685, 20.4455, 2.8046, 56.368, 11.9357],
      [1.2701, 12.031, 18.6627, 31.0148, 0.8219, 5.7753, 6.0839, 11.1479, 15.4445, 8.6429, 9.9494, 20.8898, 14.0277, 26.8397, 10.1791, 14.53, 17.6429, 19.2017, 0.4292, 0.8648, 5.3239, 1.2403, 0.1645, 21.0437, 9.4809, 27.7636, 20.6862, 12.9836, 3.7838, 9.6552, 31.6624, 27.8843, 15.1923, 22.7116, 1.2367, 0.0812, 0.8579, 8.6614, 32.5643, 12.4174, 11.3742, 2.0228, 0.9148, 1.0456, 7.3252, 0, 7.0618, 52.6977, 3.578, 33.8968, 3.3591, 78.3066, 17.4385],
      [0.8432, 5.2076, 7.2578, 9.5412, 0, 1.905, 3.9198, 5.2233, 6.7095, 4.3227, 5.3311, 4.0787, 5.4912, 8.1892, 5.4862, 5.6545, 8.1146, 4.4992, 0.6504, 1.28, 0.3499, 0, 0, 4.8499, 1.389, 6.0601, 2.539, 2.7802, 0.9339, 4.5892, 20.7571, 10.9967, 2.5431, 4.0884, 0.2446, 0.2961, 0.7825, 5.3413, 9.1664, 3.2522, 5.9578, 1.1659, 0.1754, 0.1768, 3.6725, 0, 1.9074, 20.3612, 0.5179, 8.3261, 0.9275, 23.3382, 3.3604]
    ],
    [
      [0.226, 12.6958, 15.1598, 18.4262, 1.562, 6.086, 6.1724, 17.1875, 16.2828, 16.3709, 20.3844, 9.755, 32.4489, 26.1473, 8.0656, 8.1183, 19.0185, 7.8809, 0.3639, 0.503, 7.4183, 0, 0.4047, 5.6781, 2.7817, 12.2923, 9.0295, 6.0207, 2.9419, 8.8199, 22.0667, 25.8077, 8.9311, 17.2373, 3.2969, 1.0168, 1.7173, 11.1696, 18.6247, 5.3346, 5.6019, 1.164, 0.249, 0.3944, 8.7516, 0, 7.3554, 43.0104, 0.4015, 18.2955, 2.2018, 59.0727, 9.4386],
      [3.2563, 89.2119, 141.4485, 182.4383, 1.9892, 53.4314, 75.8354, 184.8863, 215.4613, 160.5119, 172.73, 78.9249, 202.2688, 201.2564, 104.3738, 83.7198, 194.6465, 96.9312, 2.1577, 6.7927, 14.0196, 0, 3.4825, 49.5691, 22.73, 130.9044, 59.382, 47.9512, 33.7438, 54.8115, 182.8073, 202.0411, 46.9616, 81.4152, 8.4556, 7.079, 14.4677, 91.0608, 126.9057, 47.956, 37.2545, 11.1975, 4.0892, 6.8769, 59.0348, 0.7368, 63.1839, 436.2238, 4.973, 160.5151, 21.5165, 459.7498, 51.1257],
      [0.0243, 6.5206, 9.6346, 18.349, 2.4488, 4.3471, 3.6903, 13.3948, 13.0958, 10.2022, 16.8724, 7.4948, 15.4021, 14.7647, 5.5678, 6.9727, 12.242, 6.7744, 0.0104, 0.0843, 1.8633, 0, 1.1128, 2.1348, 2.7102, 12.5968, 6.3476, 4.5038, 5.2131, 2.9985, 4.7403, 14.801, 5.565, 7.6466, 1.3359, 0.1895, 0.7221, 5.0608, 7.9827, 2.6358, 1.2287, 0.196, 0.2422, 0.3439, 5.2182, 0.2632, 5.0696, 30.2968, 0.5453, 11.2233, 2.5417, 29.6342, 1.6502],
      [0.4937, 16.5716, 21.757, 30.7866, 0, 7.1355, 12.3019, 21.5313, 24.16, 16.915, 23.0132, 11.8253, 18.8799, 23.8225, 15.9928, 16.1893, 26.0928, 11.4134, 0.468, 1.62, 1.6982, 0, 0, 7.618, 5.7781, 20.2065, 9.2408, 9.5243, 6.1012, 11.3701, 31.3857, 35.3502, 10.5423, 14.701, 0.9115, 2.7147, 3.093, 16.7088, 20.4869, 6.0735, 8.9148, 1.4424, 0.4196, 0.3847, 11.9954, 0, 7.391, 63.469, 1.0802, 20.9662, 2.7401, 61.5432, 4.7856]
    ],
    [
      [3.3294, 18.4929, 35.2163, 32.2299, 0.97, 12.1644, 9.3144, 23.2706, 23.5888, 16.6388, 14.8338, 24.4749, 24.0215, 31.4295, 11.7661, 16.2472, 23.8701, 19.938, 0.442, 2.2735, 10.9322, 0, 0.8849, 33.385, 23.5409, 38.4907, 27.6833, 38.4791, 9.4073, 20.7608, 46.9346, 52.2011, 26.9663, 51.7748, 1.5734, 3.527, 4.6856, 17.7751, 38.4743, 9.5856, 23.3108, 3.8129, 0.1994, 0.2878, 9.6964, 0, 19.3782, 111.7634, 1.0823, 48.0754, 2.4415, 113.5035, 23.7426],
      [0.5969, 2.1978, 6.1531, 6.3715, 0.0063, 2.1777, 5.1446, 9.4432, 14.598, 8.1865, 4.0226, 2.4697, 4.0738, 5.2922, 5.5857, 3.2405, 8.1232, 5.7961, 0.0247, 1.3385, 0.1041, 1.2403, 0.3924, 2.1033, 1.1207, 6.7541, 1.7663, 1.9395, 1.7293, 1.3056, 8.2453, 6.5949, 1.0453, 1.9647, 0.0727, 1.0189, 0.757, 3.0811, 3.261, 1.7962, 1.1277, 0.73, 0.2078, 0.3681, 1.0746, 0.2632, 2.762, 22.6045, 0.1411, 6.7869, 0.5474, 14.0472, 1.0209],
      [27.3859, 276.9983, 554.3593, 782.5731, 14.0237, 193.9588, 196.2813, 503.2632, 574.1529, 329.8085, 343.711, 433.9806, 340.5478, 519.1924, 299.9253, 361.6766, 483.4975, 448.5627, 3.4333, 26.4721, 78.8688, 19.7597, 17.7228, 417.6796, 371.4673, 735.2303, 425.4228, 534.179, 211.2271, 232.8636, 526.8813, 734.5751, 377.6662, 552.0736, 21.2604, 28.4828, 49.3588, 245.1868, 495.5172, 175.0368, 224.449, 38.9112, 8.4469, 11.2935, 158.1569, 4.7368, 254.1316, 1865.3668, 42.3157, 705.3073, 71.4936, 1626.9095, 203.3137],
      [0.6871, 3.311, 6.2713, 7.8255, 0, 1.699, 4.2597, 5.0229, 6.6603, 3.3662, 3.4326, 3.0748, 2.3574, 4.0663, 4.723, 4.8357, 6.5092, 3.703, 0.0999, 1.9159, 0.0955, 0, 0, 3.8321, 3.8711, 6.5249, 2.1276, 4.4024, 1.6363, 3.07, 10.9387, 8.6288, 2.3222, 3.1871, 0.0935, 2.9713, 1.1987, 3.957, 4.7475, 1.5815, 4.1125, 0.5461, 0.1459, 0.0505, 2.0721, 0, 1.7283, 20.2653, 0.4609, 5.8304, 0.5176, 13.5398, 0.9226]
    ],
    [
      [0.0115, 2.3422, 1.9045, 2.9773, 0.1895, 1.0944, 0.9948, 2.307, 3.2008, 1.7545, 1.8629, 1.6883, 1.5069, 2.7524, 1.3528, 0.9149, 2.8601, 1.9275, 0.0789, 0.045, 0.2018, 0, 0, 1.1909, 0.2626, 1.1651, 0.5058, 1.4172, 0.2637, 1.5716, 2.2663, 2.081, 0.7073, 1.5748, 0.1561, 0.1792, 0.1539, 1.0089, 1.2963, 0.7282, 0.9394, 0, 0.0319, 0.012, 1.0477, 0, 0.6476, 8.0853, 0.0746, 1.9352, 0.2509, 5.7072, 0.2615],
      [0.6756, 19.6847, 20.1935, 30.6095, 0.7115, 10.4421, 11.8815, 39.2485, 43.5266, 24.5253, 36.9882, 14.8894, 23.1383, 26.5852, 16.4973, 10.1389, 32.2307, 21.7622, 0.527, 0.5819, 0.9157, 0, 0, 11.2534, 2.4846, 13.5215, 4.9892, 11.0494, 2.9705, 11.5565, 22.5648, 20.5818, 5.592, 11.1776, 1.3991, 1.4387, 1.646, 9.8411, 11.8685, 7.679, 7.5435, 0, 1.3129, 0.6874, 11.374, 0, 6.8222, 85.5413, 1.7073, 20.302, 5.0879, 56.0379, 2.5281],
      [0.0555, 7.1182, 6.0912, 12.1544, 2.099, 3.7395, 2.6463, 12.979, 11.8119, 5.616, 14.3409, 8.5362, 5.8788, 6.9056, 3.9718, 3.3469, 7.9974, 8.6568, 0.0581, 0.0837, 0.5814, 0, 0, 4.8396, 1.8879, 4.9375, 2.4639, 9.7413, 1.4516, 3.8867, 3.4603, 6.1292, 3.8331, 7.1369, 0.9683, 0.3396, 0.3932, 2.3164, 3.1483, 1.8854, 2.0348, 0, 0.3961, 0.1611, 4.3562, 0, 2.2115, 28.1985, 2.2338, 5.9523, 3.0857, 15.8687, 0.4119],
      [0.2576, 9.8549, 7.8108, 13.2588, 0, 3.7238, 4.4774, 11.4655, 12.4607, 7.1043, 11.808, 5.8861, 6.4759, 8.7555, 6.178, 4.5993, 10.9117, 6.6536, 0.3361, 0.2894, 0.3011, 0, 0, 4.7162, 1.3649, 5.3759, 2.041, 5.7922, 1.3141, 5.9851, 10.7087, 9.2079, 2.8677, 5.1108, 0.4765, 1.0425, 0.8068, 4.8336, 5.6869, 2.7074, 4.4822, 0, 0.2591, 0.1396, 6.2221, 0, 2.3188, 31.1749, 0.9843, 7.8105, 1.5756, 20.3862, 0.7986]
    ],
    [
      [0.272, 5.5441, 10.856, 9.8658, 0.2743, 3.1394, 3.0168, 7.973, 7.4119, 6.3815, 8.6365, 6.924, 12.0407, 12.5581, 5.5733, 5.4407, 8.911, 4.7265, 0.2451, 0.525, 1.5689, 0, 0, 9.3187, 3.1151, 6.7538, 6.8015, 9.0619, 2.0377, 9.096, 16.2531, 16.8067, 7.3512, 9.417, 0.3027, 0.945, 1.2872, 6.8094, 9.6708, 2.7103, 7.3938, 1.2099, 0, 0.1165, 3.7839, 0, 5.0724, 31.1272, 0.306, 8.3623, 1.197, 43.7294, 8.2918],
      [0.7457, 6.0692, 14.9888, 14.6376, 0.1191, 4.1448, 6.6438, 18.0552, 18.084, 14.5964, 18.8221, 6.8423, 17.0201, 16.014, 13.4508, 8.3643, 17.0975, 8.7387, 0.2404, 1.0852, 0.5129, 0, 0, 8.3952, 1.8342, 8.9419, 5.0674, 5.8449, 2.6233, 7.3225, 22.2814, 18.7666, 4.1806, 5.2385, 0.2247, 1.1727, 1.9258, 9.2567, 8.6293, 3.8797, 5.1602, 2.0743, 0, 0.4792, 4.2348, 0, 5.7476, 46.7031, 0.41, 9.9505, 2.0437, 48.7971, 6.3897],
      [0.2642, 6.3319, 18.2521, 27.9087, 0.6066, 5.1794, 3.2981, 15.2151, 11.4949, 7.7304, 18.1263, 15.0986, 11.1436, 15.2976, 10.356, 13.4739, 11.6202, 10.8043, 0.069, 0.4952, 1.3626, 0, 0, 18.3024, 10.4538, 16.4718, 16.0796, 24.5923, 7.3244, 10.596, 10.2557, 23.6103, 16.7435, 14.4315, 0.1988, 0.9069, 1.668, 6.7746, 10.7875, 4.0246, 7.9133, 0.8701, 0, 0.1559, 4.9435, 0, 8.5256, 59.4402, 1.3273, 12.6203, 3.52, 62.281, 7.1857],
      [0.7183, 9.0548, 18.9031, 21.5879, 0, 4.5367, 8.0413, 15.757, 15.0094, 11.2917, 18.4151, 9.1351, 12.7956, 16.1664, 14.62, 13.7211, 17.3716, 8.7307, 0.4456, 1.8946, 0.5553, 0, 0, 11.9838, 5.5969, 13.8326, 7.0515, 11.5009, 4.0145, 11.9855, 30.2098, 27.8164, 7.7247, 8.9128, 0.2738, 2.9754, 3.119, 13.1594, 13.9124, 4.3854, 12.5327, 1.8455, 0, 0.2484, 7.0378, 0, 5.6545, 54.7296, 0.9567, 13.0668, 2.2393, 53.1926, 5.1327]
    ]
  ],
  "V_est": [
    [2953.0465, 580.5291, 729.8655, 244.5524],
    [569.3822, 4794.4941, 346.5066, 699.6071],
    [1158.8685, 192.8164, 18179.0968, 189.1991],
    [67.4901, 736.3118, 248.3983, 278.7985],
    [350.2127, 453.8486, 566.1328, 553.8428]
  ],
  "p_est": [
    [0.6551, 0.1288, 0.1619, 0.0542],
    [0.0888, 0.748, 0.0541, 0.1091],
    [0.0588, 0.0098, 0.9219, 0.0096],
    [0.0507, 0.5532, 0.1866, 0.2095],
    [0.182, 0.2359, 0.2942, 0.2879]
  ],
  "EI_Z": {},
  "EI_V": 7.0777,
  "MAE_Z": {},
  "MAE_V": 239.8837,
  "MAE_p": 0.0606,
  "runtime": 99.441
}
