{
  "X": [
    [42, 48, 65, 171, 473, 560, 52],
    [46, 59, 67, 154, 428, 451, 49],
    [35, 39, 48, 120, 355, 341, 32],
    [60, 38, 60, 149, 415, 342, 49],
    [49, 51, 63, 141, 435, 517, 45],
    [4, 8, 14, 5, 25, 129, 4],
    [8, 12, 15, 31, 39, 136, 10],
    [8, 10, 7, 14, 44, 39, 9],
    [10, 9, 16, 40, 83, 119, 8],
    [3, 7, 16, 30, 42, 133, 9],
    [4, 3, 7, 9, 10, 62, 4],
    [3, 7, 15, 14, 24, 55, 8],
    [14, 19, 12, 35, 128, 97, 6],
    [12, 9, 10, 33, 176, 44, 20],
    [13, 6, 1, 35, 143, 58, 11],
    [21, 30, 23, 79, 457, 151, 31],
    [6, 11, 11, 39, 170, 38, 14],
    [9, 11, 6, 23, 164, 47, 15],
    [3, 7, 6, 26, 141, 35, 16],
    [12, 4, 15, 21, 50, 164, 12],
    [12, 3, 23, 31, 42, 162, 10],
    [3, 2, 3, 19, 21, 89, 2],
    [8, 2, 15, 14, 29, 109, 3],
    [7, 15, 19, 21, 40, 118, 8],
    [0, 2, 2, 7, 15, 50, 1],
    [6, 9, 6, 12, 39, 123, 6],
    [26, 12, 23, 52, 209, 238, 34],
    [56, 28, 49, 143, 432, 450, 58],
    [47, 31, 61, 164, 507, 660, 54],
    [2, 3, 5, 7, 18, 86, 2],
    [16, 17, 20, 50, 168, 228, 26],
    [47, 36, 58, 131, 381, 364, 40],
    [0, 2, 1, 2, 12, 6, 2],
    [44, 50, 78, 205, 527, 547, 49],
    [4, 8, 11, 10, 43, 101, 3],
    [0, 3, 9, 3, 10, 60, 7],
    [37, 52, 13, 88, 382, 158, 49],
    [3, 9, 4, 19, 57, 15, 9],
    [23, 27, 14, 56, 334, 97, 31],
    [14, 11, 14, 33, 105, 162, 21],
    [1, 1, 0, 2, 0, 4, 0],
    [16, 6, 14, 9, 20, 94, 8],
    [9, 5, 8, 14, 31, 92, 7],
    [1, 4, 6, 9, 15, 57, 3],
    [3, 1, 2, 9, 15, 39, 0],
    [0, 7, 3, 4, 66, 11, 3],
    [2, 3, 15, 3, 10, 61, 6],
    [6, 5, 6, 22, 35, 123, 9],
    [10, 16, 21, 29, 109, 167, 9],
    [2, 3, 9, 15, 16, 92, 2],
    [5, 4, 9, 22, 35, 99, 5],
    [6, 5, 13, 18, 25, 118, 9],
    [0, 3, 10, 22, 18, 72, 3],
    [14, 11, 17, 42, 97, 169, 21],
    [9, 27, 16, 63, 227, 170, 25],
    [30, 50, 14, 114, 287, 220, 31],
    [17, 29, 29, 75, 224, 257, 27],
    [2, 0, 2, 8, 34, 42, 5],
    [1, 5, 3, 10, 20, 45, 3],
    [6, 2, 6, 9, 32, 63, 2],
    [17, 9, 12, 25, 69, 123, 4],
    [1, 7, 7, 8, 19, 52, 1],
    [2, 3, 6, 15, 12, 70, 3],
    [0, 1, 0, 1, 3, 1, 0],
    [2, 8, 4, 17, 47, 52, 16],
    [7, 26, 16, 32, 76, 127, 10],
    [0, 5, 1, 6, 21, 32, 4],
    [9, 17, 10, 18, 84, 74, 12],
    [4, 5, 7, 13, 53, 105, 8],
    [7, 7, 5, 9, 31, 90, 7],
    [1, 2, 2, 3, 4, 10, 0],
    [4, 9, 14, 4, 16, 41, 2],
    [8, 6, 13, 8, 45, 133, 6],
    [3, 5, 1, 50, 136, 117, 35],
    [29, 40, 62, 157, 429, 529, 45],
    [11, 20, 9, 32, 74, 102, 9],
    [67, 166, 113, 169, 520, 742, 107],
    [2, 6, 3, 0, 36, 49, 5]
  ],
  "W": [
    [123, 69, 461, 352, 254, 90, 62],
    [107, 76, 424, 326, 192, 72, 57],
    [67, 49, 328, 212, 185, 83, 46],
    [80, 38, 399, 239, 182, 109, 66],
    [113, 87, 377, 342, 200, 111, 71],
    [28, 9, 26, 102, 9, 10, 5],
    [32, 21, 40, 90, 42, 17, 9],
    [13, 10, 43, 27, 17, 13, 8],
    [25, 15, 70, 78, 66, 18, 13],
    [32, 6, 41, 96, 36, 16, 13],
    [13, 2, 13, 48, 13, 5, 5],
    [7, 9, 25, 46, 25, 4, 10],
    [23, 21, 122, 61, 45, 22, 17],
    [14, 8, 151, 31, 52, 16, 32],
    [8, 7, 131, 40, 46, 23, 12],
    [30, 24, 433, 109, 124, 31, 41],
    [9, 4, 164, 30, 44, 18, 20],
    [16, 11, 164, 29, 33, 8, 14],
    [8, 6, 132, 30, 23, 13, 22],
    [43, 11, 44, 103, 41, 23, 13],
    [52, 15, 40, 94, 39, 32, 11],
    [21, 3, 18, 63, 20, 10, 4],
    [24, 2, 25, 76, 19, 22, 12],
    [28, 14, 39, 87, 30, 16, 14],
    [5, 3, 16, 43, 6, 1, 3],
    [23, 5, 42, 76, 29, 15, 11],
    [47, 17, 198, 132, 98, 60, 42],
    [76, 28, 416, 294, 220, 112, 70],
    [124, 38, 460, 422, 293, 120, 67],
    [24, 4, 17, 56, 12, 4, 6],
    [33, 20, 152, 155, 76, 41, 48],
    [81, 35, 370, 232, 191, 85, 63],
    [2, 4, 10, 5, 3, 0, 1],
    [120, 51, 507, 373, 267, 92, 90],
    [16, 14, 35, 67, 24, 19, 5],
    [9, 3, 8, 46, 7, 12, 7],
    [29, 50, 375, 113, 110, 42, 60],
    [5, 9, 57, 11, 18, 6, 10],
    [20, 36, 295, 71, 92, 22, 46],
    [44, 19, 99, 100, 54, 19, 25],
    [1, 0, 2, 2, 2, 1, 0],
    [16, 8, 18, 65, 19, 28, 13],
    [17, 4, 33, 76, 13, 9, 14],
    [17, 4, 10, 41, 13, 4, 6],
    [8, 0, 13, 26, 11, 8, 3],
    [6, 5, 62, 6, 8, 0, 7],
    [27, 1, 9, 36, 5, 9, 13],
    [11, 8, 33, 94, 31, 9, 20],
    [50, 21, 92, 106, 52, 25, 15],
    [19, 4, 17, 71, 21, 2, 5],
    [14, 2, 37, 69, 35, 10, 12],
    [25, 7, 17, 88, 30, 13, 14],
    [26, 4, 18, 53, 23, 4, 0],
    [39, 18, 80, 126, 53, 25, 30],
    [34, 26, 209, 123, 89, 21, 35],
    [33, 57, 286, 133, 146, 42, 49],
    [39, 29, 241, 172, 101, 38, 38],
    [14, 4, 28, 26, 16, 0, 5],
    [8, 4, 19, 33, 15, 5, 3],
    [18, 6, 31, 43, 11, 5, 6],
    [24, 5, 63, 96, 39, 20, 12],
    [8, 5, 23, 45, 9, 2, 3],
    [21, 2, 11, 48, 20, 4, 5],
    [0, 1, 2, 0, 1, 0, 2],
    [10, 3, 48, 41, 20, 5, 19],
    [30, 17, 70, 79, 58, 18, 22],
    [4, 6, 18, 24, 8, 0, 9],
    [17, 13, 90, 43, 28, 16, 17],
    [21, 8, 38, 75, 19, 15, 19],
    [27, 7, 24, 66, 14, 10, 8],
    [6, 2, 2, 6, 2, 0, 4],
    [14, 10, 17, 26, 11, 11, 1],
    [29, 6, 38, 97, 30, 10, 9],
    [0, 1, 149, 115, 55, 4, 23],
    [124, 65, 387, 336, 239, 73, 67],
    [23, 25, 68, 69, 36, 23, 13],
    [199, 164, 506, 542, 213, 121, 139],
    [10, 7, 37, 32, 4, 2, 9]
  ],
  "method": "mvn_cdf",
  "mvncdf_method": "genz",
  "mvncdf_samples": 5000,
  "mvncdf_error": 1e-06,
  "cond_prob": [
    [
      [0.0055424049221, 0.0075852219281, 0.25087097381, 0.022484594065, 0.0036334857958, 0.7054070901, 0.0044762293772],
      [0.058597823544, 0.47889495541, 0.11263452536, 0.10190293014, 0.089615620284, 0.14792664622, 0.010427499035],
      [0.0015018863012, 0.00061031680565, 0.0027557301349, 0.074181413015, 0.87740359261, 0.0039780190543, 0.039569042075],
      [0.0005362283226, 0.00027224649351, 0.0013778953134, 0.0056471729561, 0.0050745355151, 0.97213585883, 0.014956062568],
      [0.049503990465, 0.012703666544, 0.023604475628, 0.45738014727, 0.16908810736, 0.27189495757, 0.015824655166],
      [0.23201739289, 0.015810113694, 0.18195920894, 0.06936842977, 0.052144907511, 0.44099261799, 0.0077073292037],
      [0.047392475444, 0.14510382955, 0.036190509906, 0.041934522325, 0.20094983557, 0.16534911926, 0.36307970794]
    ],
    [
      [0.008947420454, 0.012286559543, 0.33438383738, 0.030570665717, 0.0047184279065, 0.60351629943, 0.0055767895665],
      [0.067637220463, 0.54710801154, 0.10653398221, 0.099416917636, 0.080090157713, 0.089941958955, 0.0092717514764],
      [0.0018320803236, 0.0012204823918, 0.0023065038725, 0.079666217341, 0.87302674435, 0.0028177240392, 0.039130247682],
      [0.00085195062867, 0.00090484632367, 0.0015167919344, 0.0079421781838, 0.007844687344, 0.95948879827, 0.021450747315],
      [0.065493970205, 0.016839368317, 0.025309537384, 0.51286921687, 0.17356457991, 0.18982215985, 0.016101167468],
      [0.31664530778, 0.021337587548, 0.20307308376, 0.079714836885, 0.054982117839, 0.31619136484, 0.0080557013507],
      [0.060953593943, 0.18461754028, 0.038091609313, 0.045531033196, 0.20007818811, 0.11207843671, 0.35864959844]
    ],
    [
      [0.0059913110983, 0.0098198231218, 0.28400014255, 0.023961176243, 0.0047138605087, 0.66724342174, 0.0042702647464],
      [0.053757015365, 0.52260621823, 0.10742366124, 0.092232010076, 0.097426877207, 0.11800507953, 0.0085491383559],
      [0.0012230985062, 0.0009187666048, 0.0023641313752, 0.062733502038, 0.89884000074, 0.0035544336514, 0.030366067085],
      [0.00051219326435, 0.00061044019151, 0.0014446399958, 0.0059014164274, 0.0069853665318, 0.9694696191, 0.015076324487],
      [0.049847422136, 0.015307968346, 0.024627300744, 0.45542717182, 0.20211901723, 0.23853776832, 0.014133351414],
      [0.2417969051, 0.019514091226, 0.19703942935, 0.071154674694, 0.064272914756, 0.39909429567, 0.007127689205],
      [0.047039367455, 0.17069466685, 0.037308891418, 0.041036499147, 0.23659057182, 0.1427111887, 0.32461881461]
    ],
    [
      [0.010867341722, 0.012742300256, 0.34243364372, 0.036626648564, 0.0061143197066, 0.58485823103, 0.0063575150053],
      [0.077300893873, 0.52643636166, 0.10132892662, 0.11014996282, 0.094117217882, 0.08082608035, 0.00984055679],
      [0.00045278548447, 0.0015127561583, 0.0029079029724, 0.076673409758, 0.88255174568, 0, 0.03590139995],
      [0.0016440294679, 0.001170292285, 0.0022579974277, 0.010327000435, 0.010575067454, 0.94901169173, 0.025013921205],
      [0.069380755963, 0.015231533428, 0.022843912863, 0.52868119777, 0.19006682439, 0.15782409926, 0.015971676317],
      [0.35434174545, 0.020154628555, 0.1891283378, 0.086529697922, 0.063450493285, 0.27794868463, 0.0084464123536],
      [0.066197672799, 0.16854168298, 0.034580509974, 0.04805471003, 0.22364464681, 0.095541870475, 0.36343890693]
    ],
    [
      [0.0068935846084, 0.0075809471257, 0.2529098089, 0.028400467386, 0.0060355908403, 0.69317112592, 0.0050084752168],
      [0.064475823366, 0.43821086228, 0.10167153306, 0.11554215021, 0.13924421459, 0.13029705455, 0.010558361941],
      [0.0011348983071, 0, 0.0018655370815, 0.056087932924, 0.91065244424, 0.0035854972563, 0.026673690186],
      [0.00062114475857, 0, 0.0015009933596, 0.0070392725282, 0.0080499404978, 0.96584598708, 0.016942661781],
      [0.049696913758, 0.0088589895838, 0.019003980495, 0.46133844192, 0.23364382797, 0.2132778719, 0.014179974384],
      [0.25802899298, 0.014470108677, 0.16605637021, 0.07952408257, 0.081753239769, 0.39228973714, 0.007877468652],
      [0.047756889645, 0.12170461938, 0.029944617141, 0.043537135931, 0.28635641166, 0.13331019406, 0.33739013219]
    ],
    [
      [0.011196274694, 0.011956078191, 0.32931959311, 0.00025779642076, 0, 0.64447285683, 0.0027974007531],
      [0.042493338665, 0.63402354846, 0.12802381063, 0.035712014225, 0.036879867117, 0.11741066066, 0.005456760248],
      [0.011792010009, 0.0021974417412, 0.0056104916695, 0.05672614319, 0.86914079122, 0.0095347481354, 0.044998374035],
      [0, 0.0014182472427, 0.0013185043143, 0, 0, 0.98693015866, 0.010333089787],
      [0.065968196321, 0.027097183576, 0.048609132229, 0.30999053648, 0.13176295597, 0.40152056028, 0.015051435143],
      [0.2152954719, 0.0225529918, 0.26096368574, 0.029834401767, 0.026161007325, 0.44021902393, 0.004973417532],
      [0.050160702897, 0.25756372007, 0.059871565281, 0.021647000651, 0.12458878944, 0.19348182929, 0.29268639238]
    ],
    [
      [0.0058195241002, 0.0066302004232, 0.23865333464, 0.023119837178, 0.00022226485538, 0.72035560454, 0.0051992342642],
      [0.059573706809, 0.46592433286, 0.11941503058, 0.11608730386, 0.057891506586, 0.16725889128, 0.013849228025],
      [0.0029335859859, 0.0013185253089, 0.0042673125895, 0.11305613067, 0.80105303363, 0.0066671168507, 0.070704294966],
      [0.00052566111289, 0.0011790746308, 0.0031785754827, 0.0070393041036, 0, 0.97104983811, 0.017027546556],
      [0.053414354967, 0.01169925081, 0.024227787419, 0.50067125894, 0.098286137736, 0.29194913293, 0.019752077202],
      [0.22151651946, 0.013968334659, 0.18062736355, 0.073572490708, 0.030972794966, 0.46984968872, 0.0094928079401],
      [0.043210078534, 0.12397051599, 0.034486788934, 0.043069335082, 0.1200543602, 0.16952283804, 0.46568608321]
    ],
    [
      [0.013871531756, 0.025594936471, 0.30019705618, 0.037738736223, 0.0079177281177, 0.60268545424, 0.011994557009],
      [0.056919962847, 0.70398378769, 0.050518787683, 0.065568582585, 0.065350045421, 0.046043505032, 0.011615328745],
      [0, 0.001498404717, 0.0046428179953, 0.065790673139, 0.86920157268, 0, 0.058866531467],
      [0.0050348442989, 0.0034980302903, 0.0034475351294, 0.012458584011, 0.01291393187, 0.91406472916, 0.048582345242],
      [0.078956300093, 0.027487042747, 0.018169923996, 0.4978663399, 0.20552065176, 0.14160970831, 0.030390033185],
      [0.4162699273, 0.035788384591, 0.14314839077, 0.077517916872, 0.065858076184, 0.24684116717, 0.014576137114],
      [0.04509543827, 0.19200262524, 0.016213497824, 0.027108649038, 0.14615240301, 0.051075767838, 0.52235161878]
    ],
    [
      [0.0063710010081, 0.0061457688555, 0.30210699613, 0.023871721035, 0.0044084289045, 0.65349443073, 0.0036016533403],
      [0.065568723228, 0.42441410454, 0.13700363981, 0.11212160057, 0.11350332321, 0.13878174399, 0.0086068646433],
      [0.0023090096562, 0, 0.0025730260149, 0.064188981624, 0.9019003141, 0.0030745259195, 0.025954142682],
      [0.0015209904678, 0, 0.0017355976948, 0.0058080032164, 0.0065156545904, 0.97148767028, 0.012932083746],
      [0.051997663249, 0.009184302942, 0.026233604732, 0.46786417031, 0.19779359121, 0.23485308558, 0.012073581974],
      [0.24710690315, 0.012561240512, 0.20945071899, 0.071622378771, 0.061888146452, 0.39140490394, 0.0059657081774],
      [0.05362739714, 0.12675983747, 0.044250092622, 0.046683995572, 0.25981790217, 0.15723585045, 0.31162492457]
    ],
    [
      [0.0010694043604, 0.0092890301284, 0.29860134412, 0.02899562614, 0.002598181545, 0.65467901941, 0.00476739429],
      [0.028505286219, 0.53693644968, 0.11841589544, 0.12300654358, 0.062389148329, 0.12196154686, 0.0087851298934],
      [0, 0.00026435964697, 0.0039024251457, 0.11576074686, 0.82988254969, 0.0065566242739, 0.043633294381],
      [0, 0, 2.2552978417e-05, 0.0051871340355, 0.0036262604122, 0.97444739833, 0.016716654248],
      [0.0058655449205, 0.022683699203, 0.033381118834, 0.57492117698, 0.12008493312, 0.22908007674, 0.013983450204],
      [0.13997175574, 0.020085909231, 0.23713393619, 0.10182601656, 0.04406753657, 0.44882570741, 0.0080891382886],
      [0.026464587243, 0.1794081441, 0.044325680106, 0.058735890558, 0.16469842969, 0.15958739862, 0.36677986969]
    ],
    [
      [0.0086785133409, 0.0048119513234, 0.35300820352, 0.016801658931, 0, 0.61237494988, 0.0043247230022],
      [0.076009077228, 0.59957247946, 0.12826857007, 0.061909604571, 0.021111278322, 0.10619751952, 0.006931470833],
      [0.017627038369, 0.027615612358, 0.016205829577, 0.17042670139, 0.67646310224, 0.011771164149, 0.079890551918],
      [0, 0, 0, 0.0013210070132, 0, 0.98219810822, 0.016480884763],
      [0.099758936745, 0.019129598582, 0.040471547856, 0.45950914356, 0.059028525922, 0.30567804021, 0.016424207127],
      [0.35502685689, 0.015619942429, 0.2261787146, 0.044726571688, 0.011222436122, 0.34169920299, 0.0055262752774],
      [0.086801842231, 0.2105024439, 0.057331346884, 0.036310409072, 0.068054819325, 0.16917714924, 0.37182198934]
    ],
    [
      [0.0032740238243, 0.0074782098567, 0.84592811757, 0.0090739296938, 0.0021817361231, 0.12846787348, 0.0035961094587],
      [0.023401234586, 0.27773352254, 0.57978647335, 0.036131300176, 0.021573245547, 0.053218536919, 0.008155686886],
      [0, 0, 0, 0.09277594747, 0.79391520396, 0.029373252609, 0.083935595959],
      [0, 0, 0, 0, 0, 0.96218179311, 0.037818206886],
      [0.050734758849, 0.070221308461, 0, 0.43734376739, 0.12479604634, 0.28954558885, 0.027358530106],
      [0.06439429717, 0.0092623752582, 0.78784480231, 0.018181335512, 0.0095235280919, 0.10660265696, 0.0041910046947],
      [0.12405245621, 0.26554686156, 0.070904570764, 0.02855825769, 0.078469326736, 0.096201390577, 0.33626713647]
    ],
    [
      [0.009964771257, 0.014946900964, 0.24733501202, 0.029049704107, 0.005952689689, 0.69097716022, 0.0017737617505],
      [0.065815073962, 0.61208024774, 0.067798525674, 0.081629803582, 0.081005549851, 0.088391704285, 0.0032790949084],
      [0.0017909314363, 0.00064962935724, 0.0024609803171, 0.068130906987, 0.91037743856, 0.0042439356631, 0.01234617768],
      [0.00080414999385, 0.0005641842835, 0.0015071768633, 0.0075912033509, 0.0093484037614, 0.97323612468, 0.0069487570647],
      [0.071351907451, 0.019906839828, 0.018311826668, 0.47684566411, 0.19775769724, 0.2096970734, 0.0061289913026],
      [0.34822609873, 0.025173519268, 0.14367270448, 0.072465812578, 0.061554174251, 0.34586784503, 0.0030398456685],
      [0.073490406806, 0.24936710802, 0.03003038815, 0.04648788892, 0.25131666161, 0.13651028676, 0.21279725973]
    ],
    [
      [0.013661314218, 0.014720727817, 0.34863600364, 0.044229573649, 0.015951628574, 0.55063578277, 0.012164969335],
      [0.07132395486, 0.47901131282, 0.076370497428, 0.10078484371, 0.20158729778, 0.056521393387, 0.014400700018],
      [0, 0, 0, 0.038345058911, 0.93310982492, 0, 0.028545116165],
      [0.0021461502256, 0.0013963375601, 0.0022453725384, 0.013316266889, 0.026635795933, 0.9064435023, 0.047816574554],
      [0.074738438434, 0.021303516445, 0.025287340197, 0.44081059941, 0.36190840982, 0.054509580906, 0.021442114782],
      [0.36443870334, 0.01928370762, 0.15648450176, 0.086336149479, 0.14636038433, 0.21368385014, 0.013412703326],
      [0.04544378916, 0.10944408333, 0.019369740705, 0.033377171531, 0.35242756626, 0.046429359793, 0.39350828922]
    ],
    [
      [0.013425597435, 0.013101789967, 0.096805590843, 0.095987906453, 0.014079952648, 0.75560753194, 0.010991630715],
      [0.075383449333, 0.4747412719, 0.032222181893, 0.13351767689, 0.18716363809, 0.082948795038, 0.014022986852],
      [0, 0, 0, 0.049071489762, 0.92012435108, 0.0029466251258, 0.027857534037],
      [0, 6.9645762567e-05, 0, 0.013172737268, 0.017159129776, 0.93635412048, 0.033244366713],
      [0.053526114605, 0.010416411603, 0, 0.50119690903, 0.29132272529, 0.12570611531, 0.017831724155],
      [0.40207476973, 0.036019910431, 0, 0.12032141087, 0.12972677647, 0.29932962911, 0.012527503391],
      [0.054582508301, 0.10513317273, 0, 0.043312341263, 0.33083320899, 0.072271891225, 0.39386687749]
    ],
    [
      [0.0093490606423, 0.021376221943, 0.34450698251, 0.030749446139, 0.0094005036766, 0.57742752684, 0.0071902582416],
      [0.046277193215, 0.64608224939, 0.07164649948, 0.065760712295, 0.10596363448, 0.05627959609, 0.007990115053],
      [0.00051935081145, 0.00099016096221, 0.0021600226626, 0.042108493182, 0.92729994546, 0, 0.026922026918],
      [0.0011822947753, 0.0012708408402, 0.0019412392468, 0.0083854976177, 0.015978540228, 0.94277278356, 0.028468803731],
      [0.064213265109, 0.024597703278, 0.021952511471, 0.43357684707, 0.29361283173, 0.144420976, 0.017625865339],
      [0.30673623815, 0.034546523537, 0.19293548017, 0.074222373086, 0.10230402609, 0.27951381605, 0.0097415429188],
      [0.043508737942, 0.22352245298, 0.026714105823, 0.031410734873, 0.27641230361, 0.072953686807, 0.32547797797]
    ],
    [
      [0.006137913518, 0.0314178443, 0.44617173467, 0.048514998548, 0.010674330031, 0.44822697128, 0.0088562076575],
      [0.020894128957, 0.72597529161, 0.061592230645, 0.071421794995, 0.083723290444, 0.029552683422, 0.0068405799303],
      [0, 0, 0, 0.055986659979, 0.91345577504, 0, 0.03055756498],
      [0.00083228694842, 0.0020458200614, 0.003013877858, 0.01779472147, 0.022247938138, 0.91099831058, 0.043067044944],
      [0.035430790735, 0.028317343276, 0.034183181848, 0.58056575011, 0.26694602121, 0.036877021639, 0.017679891181],
      [0.211918706, 0.052989475553, 0.25572564766, 0.12200755324, 0.12144612966, 0.22331119889, 0.012601288997],
      [0.023136107684, 0.27760949845, 0.027027373527, 0.041049749466, 0.25815986749, 0.043780333765, 0.32923706962]
    ],
    [
      [0.016341434466, 0.019960753001, 0.24068098903, 0.031327179531, 0.0091888260666, 0.67161569298, 0.010885124927],
      [0.081820087961, 0.62700850148, 0.048222753893, 0.066283632588, 0.10177903245, 0.062931682202, 0.011954309426],
      [0.00046602730198, 0.0023098966589, 0.00051842372203, 0.042211866848, 0.9128698829, 0.00014906161403, 0.041474840952],
      [0.0010050960926, 0.0012458347827, 0.00095299131793, 0.0071804752112, 0.013219040339, 0.93976079081, 0.036635771448],
      [0.094779907717, 0.021418510069, 0.013654120995, 0.41754293513, 0.2676276833, 0.16004912069, 0.024927722096],
      [0.46261708276, 0.025647892202, 0.10554548815, 0.060525346066, 0.079281323319, 0.25466039678, 0.011722470722],
      [0.064590442861, 0.17547058607, 0.015074696146, 0.026824685502, 0.22667373748, 0.068963372339, 0.4224024796]
    ],
    [
      [0.0057271726685, 0.018317704266, 0.31884461748, 0.079984552055, 0.019780089606, 0.54149002824, 0.015855835685],
      [0.02544567122, 0.5046300448, 0.056018963747, 0.1510107137, 0.20243206805, 0.044857218062, 0.015605320423],
      [0, 0, 0, 0.052933920051, 0.91786547932, 0, 0.029200600629],
      [0, 0.017869516711, 0.016776025851, 0.036888225618, 0.03216028737, 0.83444986022, 0.061856084231],
      [0.0058387339828, 0.02203400095, 0.0097630175869, 0.56502732964, 0.3127361468, 0.06531643844, 0.019284332602],
      [0.17932159793, 0.027094923782, 0.15982606948, 0.17709419296, 0.20179612129, 0.23514581656, 0.019721278006],
      [0.015274406211, 0.11048075294, 0.01398000884, 0.048285545266, 0.34944700139, 0.036648498171, 0.42588378718]
    ],
    [
      [0.0076445256935, 0, 0.20001972437, 0.015014642794, 0.0038585454492, 0.76766266846, 0.0057998932332],
      [0.10135972414, 0.31607210697, 0.13092349358, 0.0966989453, 0.102173357, 0.23478973771, 0.017982635303],
      [0.001118485968, 0, 0.0028543865548, 0.059569799787, 0.87347204948, 0.0050932834685, 0.057891994739],
      [0, 0, 0, 0.0041263848433, 0.0061674918127, 0.97231891882, 0.017387204527],
      [0.071316047228, 0, 0.027241098137, 0.36211396961, 0.16031400229, 0.35622321445, 0.022791668296],
      [0.28238230956, 0, 0.14469511695, 0.044738570869, 0.040617431709, 0.47831209126, 0.0092544796558],
      [0.083720306986, 0.040246678717, 0.029886746232, 0.028379480634, 0.16423682782, 0.18681039534, 0.46671956427]
    ],
    [
      [0.0035442181296, 0, 0.2425414522, 0.023779087752, 0.0018332563006, 0.72261584444, 0.0056861411814],
      [0.12683307561, 0.15913847685, 0.19631531885, 0.17760990101, 0.088785868592, 0.23558892331, 0.015728435778],
      [0, 0, 0.0034984281571, 0.10741634094, 0.82728995673, 0.0071155660533, 0.054679708122],
      [0, 0, 0, 0.0051734232683, 0.0023457906471, 0.97615319184, 0.016327594241],
      [0.050270390427, 0, 0.024969223306, 0.49777351903, 0.11438477213, 0.29572342892, 0.016878666191],
      [0.23009363127, 0, 0.18333882959, 0.073170017511, 0.034038575535, 0.47090113603, 0.0084578100641],
      [0.053605735982, 0.055720258844, 0.042048665539, 0.051070517686, 0.15550359303, 0.20409722575, 0.43795400317]
    ],
    [
      [0.013391962715, 0.011077838146, 0.087577685058, 0.050733690489, 0.025978196455, 0.80890194902, 0.0023386781173],
      [0.04803987471, 0.37524708386, 0.0546233117, 0.23870947843, 0.11492227231, 0.16192000397, 0.0065379750253],
      [0, 0, 0, 0.11810083616, 0.8571439654, 0.0076939534523, 0.017061244983],
      [0, 0, 0, 0, 0.0051327037689, 0.98803185136, 0.0068354448718],
      [0.024010920278, 0.0053975745372, 0.0029843754585, 0.65549964224, 0.12936751873, 0.17743443046, 0.005305538291],
      [0.19304649812, 0.010591153008, 0.086554401408, 0.15714857822, 0.065663254848, 0.4824854541, 0.0045106602907],
      [0.040991443018, 0.10694028164, 0.01794178886, 0.10279259661, 0.27843910492, 0.19231452768, 0.26058025728]
    ],
    [
      [0.0081914502812, 0, 0.32131218707, 0.018674182541, 0.0028243441275, 0.64899783598, 0],
      [0.082830033363, 0.30532277738, 0.20527774066, 0.11898324862, 0.088661359004, 0.19378802754, 0.0051368134343],
      [0.0089659935174, 0, 0.0025715981046, 0.083571591491, 0.88598559361, 0.0073848581564, 0.011520365124],
      [0.00036277656338, 0, 0, 0.00738827656, 0.0049474324882, 0.98730151439, 0],
      [0.058616201246, 0.0058447513551, 0.034558949714, 0.45838527479, 0.14017969489, 0.29759405345, 0.0048210745501],
      [0.24337103045, 0.0032223741955, 0.23953870317, 0.058287209723, 0.03679454608, 0.41808909067, 0.00069704571179],
      [0.076512814684, 0.10061766143, 0.073932546858, 0.055951290088, 0.22969617474, 0.24705769362, 0.21623181858]
    ],
    [
      [0.0059822546099, 0.013524185819, 0.38935539288, 0.018973804037, 0.00065380791043, 0.56733231931, 0.0041782354397],
      [0.037610299148, 0.65920886511, 0.11800242273, 0.058727641738, 0.038941175105, 0.081692393501, 0.0058172026616],
      [0.0065354242664, 0.00023277820618, 0, 0.09298575918, 0.84878717598, 0.0076351457336, 0.043823716632],
      [0, 0, 0, 0.0057299509029, 0, 0.9778846673, 0.016385381796],
      [0.061293398134, 0.02786444171, 0.035130213593, 0.46864295241, 0.12992578626, 0.26216618595, 0.014977021944],
      [0.22282512388, 0.029618842387, 0.28722294419, 0.05910923754, 0.033163961434, 0.3617353455, 0.0063245450644],
      [0.046219086451, 0.29096325757, 0.056895826167, 0.036897128084, 0.13610143521, 0.13889383608, 0.29402943044]
    ],
    [
      [0, 0.0044320416063, 0.18762387015, 0.027586491593, 0.0021944283718, 0.77718138433, 0.00098178395297],
      [0, 0.44754924996, 0.11526283505, 0.1721866452, 0.068706531075, 0.19190258387, 0.0043921548392],
      [0, 0.00068251381554, 0.0043791951982, 0.132433293, 0.83853583719, 0.0072110144782, 0.016758146314],
      [0, 0, 0.0060773512692, 0.0026086773932, 0.0034932794988, 0.98782069184, 0],
      [0, 0.014645327265, 0.014844530755, 0.62182106014, 0.093774363822, 0.25064041829, 0.004274299727],
      [0, 0.062004925899, 0.17355328941, 0.11412008743, 0.038667657709, 0.60835049616, 0.0033035433922],
      [0, 0.15813164385, 0.040692814144, 0.089785114067, 0.20493667025, 0.2781754467, 0.22827831098]
    ],
    [
      [0.0058292301378, 0.011821701975, 0.13212405128, 0.0083936470604, 0, 0.83952651603, 0.0023048535168],
      [0.032316120255, 0.71487683793, 0.049889421572, 0.029554786193, 0.024367809111, 0.14467655289, 0.0043184720559],
      [0.018464218303, 0.0039784342287, 0.0028660982836, 0.072655313655, 0.83390888129, 0.014207581423, 0.053919472817],
      [0.0012541958321, 0.0020672083019, 0, 0.0040125408999, 0, 0.98600365826, 0.006662396707],
      [0.05560737647, 0.032162873373, 0.019979830162, 0.26391202675, 0.089403169121, 0.52622403092, 0.012710693199],
      [0.18357240218, 0.028535085179, 0.11535397933, 0.028746041068, 0.018826912098, 0.62045567543, 0.0045099047209],
      [0.042484645752, 0.3153422719, 0.025599892737, 0.019823319364, 0.088990214026, 0.26065262648, 0.24710702974]
    ],
    [
      [0.0064527599618, 0.0045740939694, 0.19254948747, 0.015088371528, 0.0044512501819, 0.7713983299, 0.005485706983],
      [0.077984231326, 0.40622761224, 0.10676334473, 0.086380344559, 0.10744675862, 0.1992861694, 0.015911539131],
      [0.0019662063315, 0, 0.0020772619057, 0.051638657106, 0.89114337706, 0.0023776775509, 0.050796820048],
      [0.00060555217457, 0, 0.00089132445109, 0.0026688038414, 0.007131779346, 0.9719094748, 0.016793065388],
      [0.067437536755, 0.0030534441115, 0.020568331183, 0.35942356766, 0.18901944921, 0.33823186543, 0.022265805649],
      [0.25349376972, 0.010082766366, 0.14111147727, 0.047724058449, 0.051981541882, 0.48597980921, 0.009626577102],
      [0.049600995796, 0.094641539774, 0.02675855836, 0.02758788879, 0.18889557805, 0.17352551004, 0.43898992919]
    ],
    [
      [0.0079793109743, 0.0082239555882, 0.25401463719, 0.023861146777, 0.0043625136118, 0.69580066343, 0.0057577724289],
      [0.077667138078, 0.47752558539, 0.1038409333, 0.099039236776, 0.096496240662, 0.13302163412, 0.012409231664],
      [0.0015433847248, 0.00032638427689, 0.0023562433616, 0.066942076725, 0.88095152193, 0.004136755554, 0.043743633426],
      [0.00052228580614, 0.00015494746236, 0.0013297653478, 0.0057412603229, 0.0062451257929, 0.96656520552, 0.019441409744],
      [0.066126423759, 0.012606949202, 0.021953249904, 0.44927061989, 0.18396740379, 0.24717855013, 0.018896803318],
      [0.30184733507, 0.015288584676, 0.16449772631, 0.066051586343, 0.055024515066, 0.38833381281, 0.0089564397287],
      [0.058122538174, 0.13338688947, 0.030896183786, 0.037718653084, 0.2002725657, 0.13758307179, 0.40202009799]
    ],
    [
      [0.0052285160727, 0.0065940313517, 0.22289179541, 0.019951417557, 0.0046926030241, 0.73592900667, 0.0047126299164],
      [0.058737667365, 0.44971675053, 0.1058021202, 0.096086971385, 0.11487953398, 0.16327092158, 0.011506034957],
      [0.0010703915767, 0, 0.002068207939, 0.055779507038, 0.90237597275, 0.0034642729545, 0.035241647745],
      [0.00017318242811, 0, 0.001180688992, 0.0045023458214, 0.0068336114721, 0.97214392716, 0.015166244126],
      [0.047671316563, 0.010617289807, 0.021135596279, 0.41092613045, 0.20704569699, 0.28583526011, 0.016768709792],
      [0.22239149366, 0.014038551503, 0.16352515429, 0.062530059364, 0.064138483236, 0.46517767563, 0.0081985823195],
      [0.043276037988, 0.12384494774, 0.030978539852, 0.035987952081, 0.23455158541, 0.1661366126, 0.36522432434]
    ],
    [
      [0.0064461360985, 0.0048567102074, 0.14894699958, 0.013348092249, 0.00079731907914, 0.82560474279, 0],
      [0.049240838746, 0.43692576244, 0.10203608372, 0.082745305258, 0.068010996883, 0.2554962144, 0.0055447985565],
      [0.0034918105296, 0.0014121021402, 0.0020092904283, 0.072704261945, 0.88705405396, 0.00921709618, 0.024111384821],
      [0.0038223926886, 0.0025586482773, 0, 0.0064930315242, 0, 0.98712592751, 0],
      [0.039110663981, 0.0097971977467, 0.019306514265, 0.3616374804, 0.12078967093, 0.44219016027, 0.0071683123989],
      [0.15894130921, 0.0099383806734, 0.13300799982, 0.044356567617, 0.030737721068, 0.6199686375, 0.0030493841125],
      [0.044970234077, 0.13518766162, 0.036543261261, 0.038667718549, 0.17607908364, 0.32360037776, 0.2449516631]
    ],
    [
      [0.0050351140616, 0.0066165672776, 0.22178886905, 0.020746534223, 0.0042038598607, 0.73731021915, 0.0042988363849],
      [0.056441617912, 0.45635192648, 0.10530088306, 0.10008338807, 0.10814012506, 0.16311774944, 0.01056430998],
      [0.0014469710564, 0, 0.0026662458972, 0.061424943631, 0.89788880606, 0.0026646725185, 0.03390836084],
      [0.00045270178626, 0, 0.0017449410398, 0.0052759849384, 0.0057891621572, 0.97274286365, 0.013994346426],
      [0.045377611016, 0.010987816888, 0.021079229365, 0.42867860321, 0.19402669403, 0.28456712652, 0.015282918972],
      [0.21664266922, 0.014186893813, 0.16459567147, 0.065714955768, 0.060601650943, 0.47066082277, 0.0075973360122],
      [0.043413596353, 0.12995579209, 0.032266051265, 0.039280010037, 0.23106989653, 0.17295913211, 0.35105552162]
    ],
    [
      [0.0079711143424, 0.010035831803, 0.32643784035, 0.023592983733, 0.0038331202201, 0.62409583265, 0.0040332769002],
      [0.070889737931, 0.52305217182, 0.12140390323, 0.089168606395, 0.078873867066, 0.10872032886, 0.0078913846954],
      [0.0016626646535, 0.0013403130903, 0.0021285582497, 0.073824369174, 0.88221339737, 0.004735957005, 0.034094740462],
      [0.00055535414918, 0.00081396361668, 0.0010919706626, 0.0063549922778, 0.0060339540987, 0.96995263143, 0.015197133764],
      [0.069435049283, 0.016315992564, 0.028911201077, 0.4657971043, 0.17298398759, 0.23269901303, 0.013857652165],
      [0.30225496759, 0.018527274686, 0.210773899, 0.065160180915, 0.049214933099, 0.34781669573, 0.0062520489769],
      [0.066276256641, 0.18260862349, 0.04493132939, 0.042425872901, 0.20455375549, 0.1405044577, 0.31869970438]
    ],
    [
      [0, 0.012822490071, 0.26941022954, 0.040178187744, 0.015496382101, 0.63218934785, 0.029903362697],
      [0, 0.46721973383, 0.0530224338, 0.10010938372, 0.28987285742, 0.050839244546, 0.038936346686],
      [0, 0.0020554607753, 0.016649123539, 0.027047198282, 0.91666233684, 0, 0.037585880562],
      [0, 0.0061614660921, 0.0090321832738, 0.013262498703, 0.012690399435, 0.86549095622, 0.093362496281],
      [0, 0.012146100844, 0.011165825062, 0.39129920735, 0.47472139115, 0.065037409184, 0.045630066409],
      [0.042371918499, 0.020651628881, 0.14930908248, 0.11757370846, 0.30650699041, 0.31206354272, 0.051523128545],
      [0, 0.017675843789, 0.0039401787783, 0.0085239912296, 0.1552762671, 0.0096973174912, 0.80488640161]
    ],
    [
      [0.006113313164, 0.0097902338106, 0.32464261816, 0.029038789724, 0.0046353715218, 0.62242058915, 0.0033590844729],
      [0.053922712892, 0.50937896213, 0.1215643572, 0.11144874079, 0.087446702599, 0.10917521208, 0.0070633123057],
      [0.0014972884762, 0.0012182459869, 0.0019058796861, 0.082034525744, 0.88173811372, 0.0048113397262, 0.026794606663],
      [0.00067644884346, 0.0008348693614, 0.0010426377828, 0.006911414167, 0.0079298822589, 0.96970875735, 0.012895990236],
      [0.047415259637, 0.014330584824, 0.025897499659, 0.52040383457, 0.17210491681, 0.20920919851, 0.010638706],
      [0.24162409583, 0.019108449319, 0.22233059058, 0.08565990217, 0.057754820051, 0.3677522222, 0.0057699198424],
      [0.051284580522, 0.18148382668, 0.045765244084, 0.053705139863, 0.23021608461, 0.14343130343, 0.2941138208]
    ],
    [
      [0.0021466849759, 0.0058436468041, 0.23562198806, 0.0091865839461, 0.005028545901, 0.7401159605, 0.0020565898143],
      [0.037664881893, 0.45765238695, 0.13394290821, 0.060186126995, 0.1101865266, 0.19360614062, 0.0067610287255],
      [0, 0.001746620678, 0.0094994293977, 0.028536486217, 0.9358542136, 0.002944915662, 0.021418334442],
      [0, 0, 0.0029001994759, 0, 0.011282344195, 0.97944279628, 0.0063746600475],
      [0.025549131112, 0.02019525228, 0.032036165029, 0.29918728315, 0.22600862452, 0.38605017666, 0.010973367243],
      [0.14023810581, 0.013694394448, 0.20190303887, 0.036882888394, 0.05992856595, 0.54290728062, 0.0044457259098],
      [0.032128307357, 0.13867139217, 0.044605676602, 0.026072437228, 0.26065352288, 0.22829533855, 0.26957332521]
    ],
    [
      [0, 0.0070901705576, 0.38952336398, 0.0073112190915, 0.0037937765123, 0.58596646362, 0.0063150062334],
      [0, 0.52164035341, 0.19685800417, 0.041682608727, 0.062282257895, 0.15571583459, 0.021820941212],
      [0, 0.0021246853733, 0.00049150162394, 0.036782414672, 0.84994744128, 0.0090868143544, 0.10156714269],
      [0, 0, 0, 0, 0, 0.97644747176, 0.023552528238],
      [0, 0.017757912429, 0.058291409771, 0.29441020299, 0.17755037209, 0.40414184415, 0.047848258574],
      [0, 0.043919690437, 0.35002983073, 0.031102804962, 0.087243237049, 0.47227122503, 0.015433211787],
      [0, 0.10041832136, 0.041626551639, 0.011540972023, 0.098522608316, 0.1105183569, 0.63737318976]
    ],
    [
      [0.017452654301, 0.026011130588, 0.22311211974, 0.041435125548, 0.0089401546689, 0.67170078068, 0.011348034474],
      [0.075052488477, 0.65869466193, 0.039336203727, 0.075680852142, 0.084770044479, 0.055700104004, 0.010765645241],
      [0, 0, 0, 0.060931604456, 0.89524620361, 0, 0.043822191936],
      [0, 0.0019196492558, 0, 0.015606413797, 0.013488644282, 0.9306275542, 0.038357738469],
      [0.088614595244, 0.033521533436, 0, 0.48289668138, 0.22667795697, 0.14532858158, 0.022960651393],
      [0.45474587882, 0.032663280026, 0.09684015587, 0.07745891981, 0.074304522796, 0.25205572252, 0.011931520152],
      [0.064905270233, 0.21724662186, 0.0082608632441, 0.03382587898, 0.20342208182, 0.066704570269, 0.40563471359]
    ],
    [
      [0.0081494315365, 0.026294171122, 0.34449569427, 0.065957783262, 0.0099749631666, 0.53053591151, 0.014592045129],
      [0.030807513827, 0.67350966439, 0.05227297666, 0.10997298661, 0.085580072234, 0.035146298239, 0.01271048804],
      [0, 0, 0, 0.078018020156, 0.87385338818, 0, 0.048128591661],
      [0.001407341682, 0.0023291263493, 0.0023954154444, 0.018973898242, 0.017220756132, 0.89878683218, 0.058886629968],
      [0.046030433608, 0.036654507162, 0.029786712546, 0.6466074288, 0.20041565776, 0.017268264375, 0.023236995749],
      [0.26458802359, 0.04091504514, 0.17898599837, 0.15440627581, 0.10201677201, 0.23993713002, 0.019150755072],
      [0.02504285129, 0.18760503752, 0.017063835279, 0.045934280136, 0.19612506185, 0.039389706542, 0.48883922738]
    ],
    [
      [0.015985588613, 0.015519329782, 0.29879754088, 0.03815988986, 0.01426611394, 0.60657552329, 0.010696013629],
      [0.087377689965, 0.49949711943, 0.068015661376, 0.089288719561, 0.17881261532, 0.063941502298, 0.013066692053],
      [0, 0.00013633470783, 0.0014493619613, 0.035758691416, 0.93524146851, 0, 0.027414143401],
      [0.0015622796276, 0.0016329319687, 0.0015665132014, 0.010105737373, 0.022165590499, 0.92349856784, 0.039468379494],
      [0.082436518634, 0.026042266154, 0.014557758073, 0.41053748223, 0.34537070912, 0.10077067298, 0.020284592817],
      [0.41587271285, 0.019531772086, 0.13021903724, 0.071799127834, 0.12302125339, 0.22823980529, 0.01131629131],
      [0.058487176924, 0.12447766792, 0.018099317282, 0.030588213048, 0.33319262215, 0.058826510973, 0.3763284917]
    ],
    [
      [0.0084065879003, 0.0052003507297, 0.18967803117, 0.020026183837, 0.0045738276929, 0.76576882968, 0.0063461889919],
      [0.095038437785, 0.41940455939, 0.09235799636, 0.098298390654, 0.10451834282, 0.17345894831, 0.016923324672],
      [0.0014444106133, 0, 0.00065085305025, 0.060768549877, 0.87824198368, 0.0049667386089, 0.053927464166],
      [0, 0, 0, 0.0047543486402, 0.0065992287833, 0.96897368182, 0.019672740761],
      [0.077430517443, 0.0041987818894, 0.016992414369, 0.4061410197, 0.18073555217, 0.29141479813, 0.023086916301],
      [0.31772877443, 0.010905673606, 0.1241469633, 0.055457585602, 0.050459712542, 0.43103163766, 0.010269652859],
      [0.058531540305, 0.094742236754, 0.022341902683, 0.030973919879, 0.17954277796, 0.14781503832, 0.4660525841]
    ],
    [
      [0.070112651019, 0.37156553331, 0, 0.12710592406, 0, 0.43121589161, 0],
      [0.059477876296, 0.54071144727, 0.096058328674, 0.091899527741, 0.090993502119, 0.11107895404, 0.009780363861],
      [0.14219894858, 0, 0, 0.47185254033, 0, 0.38594851109, 0],
      [0, 0, 0, 0, 0, 1, 0],
      [0.28010740014, 0, 0, 0.40125888975, 0, 0.31863371011, 0],
      [0.085274651541, 0.62843446669, 0, 0.12667121577, 0, 0.159619666, 0],
      [0.05071189065, 0.17414418758, 0.032549672763, 0.039799301001, 0.21449821976, 0.13077487406, 0.3575218542]
    ],
    [
      [0.0084208165948, 0.0063204169409, 0.32654774541, 0.010429945484, 0.00026024756702, 0.64329515365, 0.0047256743495],
      [0.13687558194, 0.425404368, 0.16487121492, 0.057296586148, 0.05235427133, 0.15254535815, 0.010652619525],
      [0.0015677881256, 0.0018981632491, 0.0062669672712, 0.064043166681, 0.85510982692, 0.010382241652, 0.0607318461],
      [0, 0, 0, 0, 0, 0.98218974329, 0.017810256705],
      [0.13849992606, 0.013859581534, 0.042242989424, 0.3211655373, 0.12088792073, 0.34364104163, 0.019703003317],
      [0.38055737123, 0.019566120927, 0.20840372997, 0.028949738973, 0.010839997512, 0.34453500335, 0.0071480380322],
      [0.11191823869, 0.12694523164, 0.054272284986, 0.023787175605, 0.12189496612, 0.17550316368, 0.38567893928]
    ],
    [
      [0, 0.0095237936721, 0.29704662884, 0.048168610095, 0.0025476590905, 0.63815677363, 0.0045565346808],
      [0.17747496865, 0.45777799356, 0.098189324621, 0.11009168386, 0.050121566774, 0.099634524149, 0.006709938384],
      [0, 0.00034938223448, 0.0053361246656, 0.12658196178, 0.82028219339, 0.0071670795339, 0.040283258398],
      [0, 0, 0, 0.002799702394, 0.0036509199097, 0.97597514787, 0.017574229826],
      [0.14800841769, 0.011863364674, 0.021180384626, 0.52581199242, 0.096385650526, 0.18620992176, 0.010540268301],
      [0.57089746323, 0.010533794551, 0.118242509, 0.054889280851, 0.021171895225, 0.22026059827, 0.0040044588703],
      [0.087708109022, 0.1961732877, 0.074416451158, 0.072944667364, 0.14041862283, 0.13850696583, 0.28983189609]
    ],
    [
      [0, 0.012618697082, 0.25198418399, 0.029024696749, 0.0054722975372, 0.69572998696, 0.0051701376903],
      [0.02386420824, 0.58626814289, 0.078264933963, 0.096871079459, 0.10620140655, 0.10132791116, 0.0072023177372],
      [0, 0.00078258024004, 0.0022274587314, 0.055142649274, 0.91996051938, 0.00097424323165, 0.020912549147],
      [0, 0, 0.0050067790487, 0.0079015864075, 0.0074599321701, 0.96350416083, 0.016127541548],
      [0.015394110368, 0.02017909826, 0.018695037182, 0.50646391502, 0.22370125312, 0.20345355413, 0.01211303192],
      [0.14274672722, 0.022959944829, 0.18908399167, 0.095385608728, 0.088182197191, 0.4541204496, 0.0075210807636],
      [0.022238803895, 0.17973595316, 0.029380859676, 0.046355161975, 0.28597630393, 0.13208125814, 0.30423165923]
    ],
    [
