{
  "X": [
    [5, 21, 19, 93, 8],
    [10, 54, 84, 189, 12],
    [1, 1, 52, 30, 9],
    [62, 288, 464, 931, 85],
    [5, 6, 27, 36, 8],
    [31, 133, 56, 315, 11],
    [11, 55, 129, 276, 34],
    [76, 299, 700, 1162, 93],
    [0, 3, 2, 1, 0],
    [79, 266, 1080, 1485, 170],
    [15, 81, 26, 150, 6],
    [17, 45, 50, 210, 10],
    [64, 330, 243, 1169, 98],
    [24, 72, 97, 276, 20],
    [4, 14, 34, 55, 6],
    [8, 14, 30, 109, 13],
    [0, 4, 8, 15, 0],
    [61, 155, 309, 580, 24],
    [126, 422, 515, 1095, 57],
    [3, 15, 24, 86, 16],
    [4, 19, 156, 159, 47],
    [21, 134, 85, 360, 27],
    [19, 69, 51, 200, 14],
    [6, 22, 43, 72, 3],
    [7, 30, 14, 77, 3],
    [3, 23, 29, 67, 5],
    [1, 2, 26, 15, 3],
    [10, 28, 71, 94, 1],
    [37, 103, 320, 361, 32],
    [32, 78, 179, 285, 16],
    [11, 57, 68, 179, 10],
    [23, 114, 196, 405, 20],
    [21, 101, 120, 249, 19],
    [38, 133, 259, 424, 29],
    [21, 44, 97, 224, 32],
    [9, 31, 81, 120, 5],
    [9, 31, 56, 118, 7],
    [32, 102, 226, 490, 46],
    [25, 61, 76, 178, 14],
    [0, 1, 5, 3, 0],
    [3, 17, 98, 94, 5],
    [19, 51, 157, 203, 29],
    [28, 66, 258, 384, 44],
    [21, 58, 194, 339, 31],
    [17, 49, 132, 191, 20],
    [7, 18, 104, 154, 10],
    [19, 63, 85, 236, 17],
    [4, 9, 12, 27, 2],
    [0, 6, 6, 22, 1],
    [3, 4, 10, 16, 3],
    [1, 11, 14, 24, 6],
    [1, 3, 4, 13, 1],
    [18, 115, 54, 261, 21],
    [12, 36, 22, 106, 2],
    [39, 161, 125, 532, 27],
    [2, 31, 33, 90, 6],
    [12, 26, 50, 157, 11],
    [2, 16, 25, 71, 7],
    [18, 53, 91, 212, 19],
    [21, 61, 197, 424, 55],
    [23, 42, 146, 132, 7],
    [12, 33, 197, 133, 13],
    [19, 35, 233, 195, 8],
    [20, 55, 131, 325, 27],
    [2, 5, 8, 14, 2],
    [1, 7, 16, 14, 1],
    [0, 1, 6, 7, 0],
    [3, 3, 8, 12, 0],
    [11, 29, 41, 85, 4],
    [3, 13, 12, 29, 3],
    [20, 39, 83, 147, 9],
    [72, 470, 393, 1201, 28],
    [187, 680, 697, 1890, 174],
    [125, 388, 497, 1063, 95]
  ],
  "W": [
    [25, 81, 18, 6, 9, 7],
    [76, 149, 91, 18, 11, 4],
    [6, 30, 43, 9, 1, 4],
    [306, 792, 540, 86, 77, 29],
    [10, 33, 31, 3, 4, 1],
    [216, 211, 66, 12, 33, 8],
    [55, 259, 148, 25, 10, 8],
    [293, 1024, 779, 101, 93, 40],
    [1, 3, 2, 0, 0, 0],
    [345, 1265, 1187, 177, 72, 34],
    [98, 129, 31, 3, 15, 2],
    [62, 170, 66, 14, 13, 7],
    [459, 983, 281, 77, 62, 42],
    [69, 265, 112, 18, 20, 5],
    [10, 48, 45, 4, 5, 1],
    [22, 101, 32, 12, 4, 3],
    [6, 10, 10, 0, 1, 0],
    [218, 447, 350, 22, 75, 17],
    [621, 827, 564, 42, 135, 26],
    [14, 73, 39, 7, 6, 5],
    [15, 156, 170, 30, 2, 12],
    [190, 282, 100, 21, 23, 11],
    [76, 172, 75, 7, 18, 5],
    [26, 66, 43, 5, 5, 1],
    [34, 68, 20, 1, 7, 1],
    [35, 51, 24, 3, 10, 4],
    [2, 17, 24, 2, 0, 2],
    [48, 66, 73, 0, 15, 2],
    [130, 289, 333, 31, 54, 16],
    [120, 208, 187, 21, 44, 10],
    [68, 160, 70, 14, 10, 3],
    [113, 335, 246, 25, 23, 16],
    [104, 224, 137, 15, 22, 8],
    [110, 369, 298, 46, 45, 15],
    [36, 228, 109, 17, 19, 9],
    [33, 98, 90, 7, 8, 10],
    [36, 90, 67, 12, 10, 6],
    [123, 435, 254, 33, 38, 13],
    [73, 147, 85, 17, 23, 9],
    [1, 4, 4, 0, 0, 0],
    [15, 83, 107, 6, 4, 2],
    [37, 185, 175, 31, 17, 14],
    [75, 324, 298, 40, 33, 10],
    [65, 282, 237, 22, 24, 13],
    [47, 173, 155, 8, 21, 5],
    [21, 114, 131, 14, 11, 2],
    [94, 196, 89, 18, 19, 4],
    [11, 22, 20, 0, 1, 0],
    [9, 19, 6, 0, 1, 0],
    [7, 7, 11, 6, 4, 1],
    [6, 29, 16, 2, 2, 1],
    [5, 9, 6, 1, 0, 1],
    [123, 230, 65, 10, 24, 17],
    [40, 78, 39, 2, 15, 4],
    [220, 416, 144, 30, 54, 20],
    [32, 79, 34, 7, 8, 2],
    [49, 118, 58, 13, 13, 5],
    [23, 56, 25, 6, 7, 4],
    [74, 157, 115, 20, 22, 5],
    [62, 373, 245, 45, 18, 15],
    [62, 113, 142, 4, 24, 5],
    [33, 107, 213, 14, 12, 9],
    [45, 144, 259, 15, 17, 10],
    [57, 293, 145, 23, 32, 8],
    [8, 9, 9, 1, 4, 0],
    [6, 12, 19, 1, 1, 0],
    [3, 6, 5, 0, 0, 0],
    [6, 9, 5, 1, 5, 0],
    [33, 78, 40, 2, 10, 7],
    [12, 28, 9, 3, 7, 1],
    [46, 119, 103, 10, 18, 2],
    [565, 1057, 399, 23, 97, 23],
    [728, 1798, 771, 92, 181, 58],
    [365, 952, 573, 73, 157, 48]
  ],
  "method": "mult",
  "cond_prob": [
    [
      [0.0053712095957, 0.50249450002, 0.0028876785346, 0.4887935671, 0.00045304474351],
      [0, 0.075339233272, 0.036674073437, 0.84914537345, 0.038841319845],
      [0.0054314380777, 0, 0.83469052891, 0.1558126769, 0.0040653561084],
      [0.0021082418205, 0, 0.021180678923, 0.38151139361, 0.59519968565],
      [0.48684561305, 0.19246134484, 0.024711355772, 0.29567812641, 0.00030355992898],
      [0.053384843763, 0.086143928695, 0.083327470329, 0.60636941281, 0.1707743444]
    ],
    [
      [0.030522875869, 0.4950070454, 0.0064282036537, 0.46804187507, 0],
      [0.0049366803254, 0.093800252128, 0.042782888499, 0.8403794989, 0.018100680144],
      [0.0078076250356, 0, 0.83562198401, 0.15657039095, 0],
      [0.0046525745577, 0.0001462069551, 0.027711041589, 0.47727649912, 0.49021367778],
      [0.53327725314, 0.18320075416, 0.022518085698, 0.261003907, 0],
      [0.071101515159, 0.096346740317, 0.087176974931, 0.62558665495, 0.11978811464]
    ],
    [
      [0.025188041878, 0.14868983891, 0.081429652097, 0.74469246711, 0],
      [0, 0, 0.24366146604, 0.70114685276, 0.055191681199],
      [0, 0, 1, 0, 0],
      [0, 0, 0.060275217537, 0.23659477906, 0.7031300034],
      [0.63955093519, 0.041826662715, 0.046663780384, 0.27186162823, 9.6993486424e-05],
      [0.052330203385, 0.016508575957, 0.15310934199, 0.52405624369, 0.25399563498]
    ],
    [
      [0.030389300844, 0.54985610048, 0, 0.41975459867, 0],
      [0.0053126815368, 0.12215418618, 0.021527294365, 0.81488662491, 0.03611921301],
      [0.01087420789, 0.0060259443235, 0.81745278283, 0.16199903268, 0.0036480322695],
      [0.0043173395772, 0.0011926402275, 0.020582580992, 0.39550260879, 0.57840483042],
      [0.521934182, 0.21339522417, 0.019189440883, 0.24538962984, 9.1523110104e-05],
      [0.071066713327, 0.11068650138, 0.078558317935, 0.57852353029, 0.16116493708]
    ],
    [
      [0.074160690729, 0.41683981941, 0.0017165735141, 0.49893212625, 0.0083507901032],
      [0.025717508892, 0.043690941402, 0.033220881658, 0.77509876816, 0.12227189989],
      [0.01121245211, 0, 0.83003919999, 0.12396792639, 0.034780421512],
      [0.0028170937707, 0, 0.010359653759, 0.17127947429, 0.81554377818],
      [0.73851293079, 0.08474433452, 0.014522820409, 0.15870069813, 0.0035192161476],
      [0.099626279398, 0.050823401602, 0.066159727618, 0.4407724547, 0.34261813668]
    ],
    [
      [0.030511201005, 0.4902852177, 0, 0.4792035813, 0],
      [0.018016189646, 0.097786599543, 0.0092759280474, 0.85472103904, 0.020200243723],
      [0.014706374402, 0.0022538203946, 0.79830235907, 0.18253045336, 0.0022069927768],
      [0.0061411094005, 0.00063287161889, 0.022473411751, 0.49652156376, 0.47423104347],
      [0.57222203282, 0.16793627456, 0.015185093489, 0.24465659913, 0],
      [0.085065432663, 0.095897100949, 0.073004307143, 0.63336884305, 0.1126643162]
    ],
    [
      [0.036646557674, 0.50506088783, 8.9091991332e-05, 0.45646106011, 0.0017424023935],
      [0.0044655864493, 0.09538303762, 0.024938913327, 0.8187845193, 0.056427943304],
      [0.011026703163, 0, 0.81956227635, 0.15972730682, 0.009683713673],
      [0.0036591953517, 9.5481702753e-05, 0.017389260059, 0.33070094283, 0.64815512006],
      [0.55428226729, 0.17977896843, 0.019875601143, 0.24558347625, 0.00047968689186],
      [0.070199726593, 0.089658462384, 0.075902122106, 0.55830643159, 0.20593325733]
    ],
    [
      [0.033688071311, 0.53741567231, 0.0030517057052, 0.42584455068, 0],
      [0.0048872987375, 0.11346623012, 0.039028370836, 0.81264730391, 0.029970796402],
      [0.010573771844, 0.0026287019106, 0.83596389356, 0.1494936351, 0.0013399975843],
      [0.0047549665641, 0.00066204244917, 0.024885825228, 0.42084204877, 0.54885511698],
      [0.53167182813, 0.20342664245, 0.021623979996, 0.24327754942, 0],
      [0.074052532337, 0.1078621388, 0.085010673055, 0.58728266705, 0.14579198876]
    ],
    [
      [0, 0.998793958, 0, 0.0012060420036, 0],
      [0, 0.63710660085, 0.029962079821, 0.33293131933, 0],
      [0, 0.044943119732, 0.95505688027, 0, 0],
      [1.1102230246e-16, 0.010176022793, 0.15267609379, 0.83714788341, -0],
      [0, 0.89188065135, 0.024225493222, 0.083893855429, 0],
      [0, 0.55987588661, 0.13455206119, 0.3055720522, -0]
    ],
    [
      [0.042257278701, 0.46153236079, 0.0060027547654, 0.48975660917, 0.00045099657147],
      [0.010373097047, 0.073464928725, 0.050268543843, 0.82426866197, 0.04162476841],
      [0.005509032906, 0, 0.84708035734, 0.14206639281, 0.0053442169371],
      [0.0038687037208, 0, 0.024388772766, 0.37891028838, 0.59283223514],
      [0.57526362664, 0.15446118344, 0.022638312581, 0.24741136848, 0.00022550886355],
      [0.078126686685, 0.079911631856, 0.085534887949, 0.58295778226, 0.17346901125]
    ],
    [
      [0.029558194196, 0.59187985993, 0, 0.37856194587, 0],
      [0.020520340861, 0.15097281162, 0.0038920019562, 0.79458984627, 0.030024999294],
      [0.016813126021, 0.007007327601, 0.80956688466, 0.16335626801, 0.0032563937086],
      [0.0059381920099, 0.0010729638593, 0.019724865766, 0.39639005406, 0.5768739243],
      [0.58228979179, 0.20344717064, 0.013295539449, 0.20096749811, 0],
      [0.091402319112, 0.12406371063, 0.071375317107, 0.56555609656, 0.14760255659]
    ],
    [
      [0.046170184677, 0.44851573651, 0, 0.50531407881, 0],
      [0.010563434943, 0.086996054635, 0, 0.88526840556, 0.01717210486],
      [0.045027257736, 0.0026832462933, 0.74469590206, 0.20653684096, 0.0010567529455],
      [0.0087414386761, 0.00071041920262, 0.018908359877, 0.52211153575, 0.4495282465],
      [0.65188067395, 0.12548988684, 0.01040232468, 0.21222711453, 0],
      [0.11043381376, 0.083469485037, 0.064303314983, 0.6392789536, 0.10251443262]
    ],
    [
      [0.033291680122, 0.48840360212, 0, 0.47665883171, 0.0016458860445],
      [0.0071786719276, 0.092555162102, 0.012916405267, 0.84409101996, 0.043258740743],
      [0.013169615275, 0.0010740558318, 0.8005135462, 0.17964259229, 0.0056001904107],
      [0.0043773754671, 0.00025155929398, 0.017335938871, 0.38339369183, 0.59464143454],
      [0.55599601385, 0.1736271357, 0.017329329036, 0.25268836936, 0.00035915205107],
      [0.075071706115, 0.08940381222, 0.070228129717, 0.59058480997, 0.17471154198]
    ],
    [
      [0.051492804, 0.5306238035, 0, 0.4178833925, 0],
      [0.01721917742, 0.11778776034, 0.01897318554, 0.81323753081, 0.032782345892],
      [0.021618998479, 0.0042551307798, 0.8119386467, 0.15923746287, 0.0029497611637],
      [0.0075731258029, 0.00091311873724, 0.020775684242, 0.40210634724, 0.56863172397],
      [0.63930469412, 0.15809864803, 0.014239286971, 0.18835737088, 0],
      [0.10803530626, 0.10364346469, 0.075245869068, 0.56368854864, 0.14938681134]
    ],
    [
      [0.025265889438, 0.57914912234, 0, 0.39434136631, 0.0012436219162],
      [0, 0.12661508875, 0, 0.81990614456, 0.053478766691],
      [0.019393498926, 0.021421521391, 0.75187214306, 0.19620113641, 0.011111700213],
      [0.0035213098725, 0.0013760130822, 0.011192796597, 0.30668288596, 0.67722699449],
      [0.55790337366, 0.20966649812, 0.011454484749, 0.22022308634, 0.00075255713042],
      [0.071031546137, 0.11317951094, 0.063709952205, 0.54419328427, 0.20788570645]
    ],
    [
      [0.084516721457, 0.37335957177, 0.0020324153616, 0.53875311772, 0.0013381736929],
      [0.018977013482, 0.052735483999, 0.033294400656, 0.84658974546, 0.048403356399],
      [0.022469608265, 0, 0.81521698425, 0.15612447301, 0.0061889344714],
      [0.0076954212648, 0, 0.019259601914, 0.35996608135, 0.61307889547],
      [0.7520726839, 0.073292057147, 0.012926735722, 0.16137951874, 0.0003290044912],
      [0.13476350366, 0.055545769532, 0.074262244621, 0.56025764362, 0.17517083856]
    ],
    [
      [5.9592523886e-33, 0.48096675059, 0, 0.51903324941, 0],
      [0, 0.074848183562, 0.0063265253355, 0.9188252911, 0],
      [0, 0, 0.79003366049, 0.20996633951, 0],
      [0, 0.00086371773428, 0.040777435279, 0.95835884699, -0],
      [5.5511151231e-17, 0.36571766084, 0.036398141734, 0.59788419743, 0],
      [0, 0.10465124982, 0.085293493285, 0.8100552569, 0]
    ],
    [
      [0.04177925382, 0.47236148117, 0.0034146984011, 0.48244456661, 0],
      [0.0070329473093, 0.086202426897, 0.036091232421, 0.84620540612, 0.024467987253],
      [0.011708517885, 0, 0.82458325084, 0.16286608881, 0.00084214246594],
      [0.0059278982164, 0.00029147493379, 0.025930659171, 0.47990981813, 0.48794014955],
      [0.57453458042, 0.15954447015, 0.020365218851, 0.24555573058, 0],
      [0.084112156959, 0.089439092533, 0.083577126245, 0.62326123928, 0.11961038498]
    ],
    [
      [0.045093330354, 0.50614731141, 0.0066443855978, 0.44211497264, 0],
      [0.0091248701892, 0.099630517196, 0.040871856668, 0.81645497782, 0.033917778125],
      [0.01506625234, 0, 0.83527187031, 0.14719242724, 0.0024694501072],
      [0.0057983704909, 0.00032687082133, 0.024055180276, 0.40760248496, 0.56221709345],
      [0.58824978336, 0.16865079759, 0.020576886045, 0.22252253301, 0],
      [0.088313675758, 0.09640367864, 0.08427996288, 0.57930615561, 0.15169652711]
    ],
    [
      [0.0076661495264, 0.48845986749, 0, 0.49639110899, 0.0074828740015],
      [0, 0.028108632289, 0, 0.86286797132, 0.10902339639],
      [0.00062224937065, 0.11406858731, 0.60805920195, 0.24611241519, 0.031137546184],
      [0.00082149688242, 0.00031292945294, 0.0014339634475, 0.25168693974, 0.74574467048],
      [0.44497200753, 0.2120939431, 0.010872169405, 0.32856024132, 0.003501638646],
      [0.03856473156, 0.077240525648, 0.042084072711, 0.54592166988, 0.2961890002]
    ],
    [
      [0.032543497105, 0.4785803585, 0.0030930804419, 0.48336071847, 0.0024223454881],
      [0.011558718771, 0.068126920071, 0.049721353829, 0.77171858875, 0.098874418578],
      [0, 0, 0.86222939026, 0.10457419751, 0.033196412226],
      [0.00075655308931, 0, 0.018206870676, 0.23506043796, 0.74597613827],
      [0.52869883259, 0.17428552453, 0.027299886268, 0.26910576736, 0.00060998925696],
      [0.052382763105, 0.070410336867, 0.084772529888, 0.49948759394, 0.2929467762]
    ],
    [
      [0.024244625599, 0.51757794895, 0, 0.45682392408, 0.0013535013733],
      [0.0084384377629, 0.10556817846, 0.010281472318, 0.8342034221, 0.04150848936],
      [0.011158404565, 0.0026324323964, 0.80526753386, 0.1757263874, 0.0052152417839],
      [0.0038340223843, 0.00062521730705, 0.017623334439, 0.37867616493, 0.59924126093],
      [0.52490350144, 0.1971021507, 0.01804695892, 0.25964144236, 0.00030594658513],
      [0.067704202494, 0.098203736928, 0.071700121993, 0.58740891039, 0.17498302819]
    ],
    [
      [0.026248293642, 0.54771980682, 0, 0.42475545048, 0.001276449058],
      [0, 0.12104734752, 0, 0.83248086681, 0.046471785673],
      [0.074792110411, 0.037317916933, 0.67339220815, 0.20743675563, 0.0070610088736],
      [0.0054912574533, 0.0012063734195, 0.012131775211, 0.3477402402, 0.63343035372],
      [0.60530181122, 0.17873980452, 0.0074487852658, 0.20808688217, 0.00042271682639],
      [0.092369999664, 0.1057092087, 0.055316765456, 0.55887488789, 0.18772913829]
    ],
    [
      [0.046724075398, 0.53312369768, 0.014636669731, 0.40551555719, 0],
      [0.014104579443, 0.10976653485, 0.071606866089, 0.79489286562, 0.0096291539948],
      [0.011941019414, 0, 0.87231416359, 0.115744817, 0],
      [0.0083710339725, 0.0004076547495, 0.035967858175, 0.50121157857, 0.45404187453],
      [0.63854872991, 0.1566152645, 0.021059597308, 0.18377640828, 0],
      [0.1062091422, 0.10907796405, 0.098747113526, 0.59169931652, 0.094266463694]
    ],
    [
      [0.025592349408, 0.56025348164, 0, 0.41415416895, 0],
      [0, 0.13605912604, 0, 0.83200682971, 0.03193404425],
      [0.08931434979, 0.015693120945, 0.69333838275, 0.19763898851, 0.004015158008],
      [0.0055990204505, 0.00080860930504, 0.01498731287, 0.38177210371, 0.59683295366],
      [0.60640705474, 0.18160327668, 0.0084997817034, 0.20348400164, 5.8852382715e-06],
      [0.093124720726, 0.11346708863, 0.058746560305, 0.58335394982, 0.15130768052]
    ],
    [
      [0, 0.4869613814, 0.046001471033, 0.46641455414, 0.00062259343372],
      [0, 0.054000603876, 0.098481505077, 0.80440902162, 0.043108869422],
      [0, 0, 0.8823458032, 0.11383332489, 0.0038208719077],
      [0, 0, 0.027169099372, 0.33367109225, 0.63915980838],
      [0.28834853843, 0.28563643352, 0.066787569322, 0.35884290414, 0.0003845545829],
      [0.02912865392, 0.086489129543, 0.1104273717, 0.5822970967, 0.19165774814]
    ],
    [
      [0.077794635682, 0.50547554022, 0.010685087441, 0.40604473665, 0],
      [0.03278815324, 0.050325440776, 0.12828882979, 0.73022010345, 0.058377472743],
      [0, 0, 0.97979224947, 0.020207750526, 0],
      [0.0053095871547, 0, 0.028280762819, 0.20510925516, 0.76130039486],
      [0.939404997, 0.023595810215, 0.0046389133641, 0.032328286428, 3.1992989408e-05],
      [0.13819647463, 0.066758213181, 0.11307210283, 0.43948212255, 0.24249108682]
    ],
    [
      [0.031939766159, 0.45175977975, 0.026385556875, 0.48991489721, 0],
      [0.0022861964501, 0.056746472396, 0.083239545932, 0.84547392062, 0.012253864598],
      [0, 0, 0.87055912502, 0.12853151469, 0.00090936029591],
      [0.0063246391951, 0.00056963209459, 0.037230334427, 0.60931769531, 0.34655769897],
      [0.54428717711, 0.15951142212, 0.03217718021, 0.26401200076, 1.2219799428e-05],
      [0.075847300972, 0.08879603101, 0.10310470462, 0.66991279442, 0.062339168971]
    ],
    [
      [0.034061521352, 0.51277799235, 0.015419885718, 0.43774060058, 0],
      [0.0079150056044, 0.085213146313, 0.071611630581, 0.79852787596, 0.036732341538],
      [0, 0, 0.88072885896, 0.11777464533, 0.0014964957061],
      [0.0034691048269, 0, 0.028279046022, 0.38025054432, 0.58800130483],
      [0.53769113781, 0.18838177262, 0.029945963954, 0.24398112561, 0],
      [0.071356369561, 0.096227874277, 0.09520069404, 0.57109132614, 0.16612373598]
    ],
    [
      [0.037687772979, 0.4602303993, 0.017255057666, 0.48482677006, 0],
      [0.0092498250625, 0.071888757803, 0.063305463848, 0.83433584756, 0.021220105723],
      [0, 0, 0.86059817129, 0.13940182871, 0],
      [0.0050667394362, 0, 0.030746694411, 0.47055879808, 0.49362776807],
      [0.56058453581, 0.15823485197, 0.028404583081, 0.25277602913, 0],
      [0.078138252571, 0.085715697463, 0.0934516331, 0.62069092885, 0.12200348802]
    ],
    [
      [0.0375617884, 0.53480337666, 0.006707244862, 0.42092759008, 0],
      [0.0088683064826, 0.11432537687, 0.047387064657, 0.8120780978, 0.017341154191],
      [0.012527802239, 0.0026611250877, 0.84387971887, 0.1409313538, 0],
      [0.006387033522, 0.00081224921025, 0.029574429393, 0.47185361728, 0.49137267059],
      [0.57971139096, 0.18169497373, 0.020560507515, 0.21803312779, 0],
      [0.087796938656, 0.10890336845, 0.090249865452, 0.59765051374, 0.1153993137]
    ],
    [
      [0.02581386382, 0.54614651724, 0, 0.42803961894, 0],
      [0.0091136498548, 0.12804751232, 0.00024550683091, 0.8431002997, 0.019493031292],
      [0.013460699808, 0.011168938907, 0.78788656247, 0.18740900552, 7.4793294787e-05],
      [0.0058077463783, 0.0015871177249, 0.022319877669, 0.50220184029, 0.46808341793],
      [0.53562784078, 0.2060380846, 0.01561100092, 0.2427230737, 0],
      [0.078374658558, 0.11646337896, 0.073788180007, 0.62203941258, 0.10933436989]
    ],
    [
      [0.03488486517, 0.58945709766, 0, 0.37565803717, 0],
      [0.010140683343, 0.14558653728, 0.023761279767, 0.78379223506, 0.036719264553],
      [0.014693931914, 0.010020545713, 0.82724466556, 0.14503022172, 0.0030106350851],
      [0.0052947988411, 0.0014562673715, 0.021234833102, 0.36986938781, 0.60214471288],
      [0.56088416861, 0.21388809773, 0.017546999095, 0.20768073457, 0],
      [0.083564823657, 0.12311007126, 0.080049709168, 0.54699326587, 0.16628213005]
    ],
    [
      [0.034014967983, 0.58337125449, 0, 0.38261377753, 0],
      [0.012295989629, 0.14469707744, 0.027302272339, 0.80180196696, 0.013902693625],
      [0.011777470866, 0.011855894434, 0.82438959757, 0.15197703713, 0],
      [0.0066657481968, 0.002254718253, 0.026728152577, 0.48184749273, 0.48250388824],
      [0.54722294499, 0.21879870839, 0.017274492381, 0.21670385424, 0],
      [0.085319339282, 0.13021499806, 0.083367617041, 0.58944956606, 0.11164847956]
    ],
    [
      [0.055660565788, 0.50677383355, 0.00061731860753, 0.43495784815, 0.0019904339104],
      [0.01499504324, 0.09752902742, 0.026814503688, 0.78812679458, 0.072534631077],
      [0.02040459718, 0.00012907454623, 0.82242189549, 0.14502163147, 0.01202280131],
      [0.0054140271318, 0.0001078138768, 0.015637667836, 0.27805176176, 0.70078872939],
      [0.65126688706, 0.14416311963, 0.015817736322, 0.18756923936, 0.0011830176304],
      [0.098571040526, 0.084946945135, 0.072633970805, 0.5056172195, 0.23823082403]
    ],
    [
      [0.039415557619, 0.52681883962, 0.0042504084857, 0.42951519427, 0],
      [0.010410167283, 0.11069200503, 0.041907290236, 0.82560074075, 0.011389796699],
      [0.011209060226, 0.0030037613089, 0.83875088657, 0.14703629189, 0],
      [0.0072228862642, 0.00076497591814, 0.031133461414, 0.53450556443, 0.42637311197],
      [0.58804683262, 0.17504571837, 0.019365555689, 0.21754189331, 0],
      [0.091533991962, 0.10911027035, 0.089238361, 0.62019856272, 0.089918813975]
    ],
    [
      [0.030898232398, 0.51141464508, 0, 0.45768712253, 0],
      [0.0094448454999, 0.1082770695, 0.01643657956, 0.85490082375, 0.010940681689],
      [0.012119190016, 0.0064106757516, 0.80023460656, 0.18123552767, 0],
      [0.0060826223678, 0.0014302103059, 0.023766488367, 0.51823312164, 0.45048755731],
      [0.56588615595, 0.17782117589, 0.015564484128, 0.24072818403, 0],
      [0.082298129938, 0.10320782744, 0.07735774974, 0.63555496617, 0.1015813267]
    ],
    [
      [0.039540673828, 0.47611519235, 0.0017284385085, 0.48133620473, 0.0012794905862],
      [0.0051259314418, 0.083049818211, 0.032639230149, 0.8307563516, 0.048428668603],
      [0.0092326646194, 0, 0.82342358588, 0.16018714886, 0.0071566006348],
      [0.0039975001623, 0, 0.019459486335, 0.35611129393, 0.62043171957],
      [0.564828825, 0.16401675516, 0.020507534945, 0.25011031817, 0.00053656673424],
      [0.074323636419, 0.082963363364, 0.078330519826, 0.57486409788, 0.18951838251]
    ],
    [
      [0.054335639522, 0.53155564331, 0, 0.41410871717, 0],
      [0.021593822241, 0.11698821406, 0.029982009368, 0.8071289955, 0.024306958833],
      [0.023892232955, 0.0045944850765, 0.82478000642, 0.14668309715, 5.0178396471e-05],
      [0.0087466321364, 0.0011255242173, 0.023897010463, 0.42463277174, 0.54159806144],
      [0.63884535411, 0.15851022473, 0.015298924696, 0.18734549646, 0],
      [0.10958119484, 0.10486336214, 0.080913292369, 0.56959272361, 0.13504942704]
    ],
    [
      [0, 0.76887922633, 0.033092647606, 0.19802812606, 0],
      [0, 0.057780193418, 0.2417268381, 0.70049296848, 0],
      [0, 0, 1, 0, 0],
      [0, 0.0015099615161, 0.097249816572, 0.90124022191, -0],
      [0, 0.5447158482, 0.065599952913, 0.38968419888, 0],
      [0, 0.16746513829, 0.17242433894, 0.66011052278, 0]
    ],
    [
      [0.024250180534, 0.52616084565, 0.0051037662133, 0.4444852076, 0],
      [0.0075918951954, 0.096617820498, 0.055472599785, 0.81975849509, 0.02055918943],
      [0, 0, 0.86771261114, 0.13228738886, 0],
      [0.0034271264783, 0.00027382299159, 0.029359827138, 0.45922380671, 0.50771541668],
      [0.46958275438, 0.21929090185, 0.026951291169, 0.2841750526, 0],
      [0.053613107188, 0.10475083429, 0.095002102418, 0.62298656748, 0.12364738863]
    ],
    [
      [0.044956104993, 0.57341066258, 0.0024460139186, 0.37918721851, 0],
      [0.011766901796, 0.13082557501, 0.039807682856, 0.77846168267, 0.039138157666],
      [0.018748684029, 0.0042237326905, 0.84201068968, 0.13214882876, 0.0028680648471],
      [0.0065811221445, 0.00096482831513, 0.023271885496, 0.36000817604, 0.60917398801],
      [0.60691780484, 0.18723657838, 0.018043380539, 0.18779461223, 7.6240112047e-06],
      [0.096936436368, 0.11635638401, 0.083217110263, 0.53398962313, 0.16950044623]
    ],
    [
      [0.041824058101, 0.46273196529, 0.0017143441462, 0.49273339349, 0.00099623896627],
      [0.0072935650623, 0.078449354615, 0.03252489255, 0.83496174025, 0.046770447522],
      [0.0084871662636, 0, 0.82243932362, 0.16085268896, 0.0082208211503],
      [0.0040368174368, 0, 0.019806009369, 0.36463126114, 0.61152591206],
      [0.5769334094, 0.15407662983, 0.020230660774, 0.24819349421, 0.00056580578603],
      [0.077062980814, 0.079298292346, 0.078658838346, 0.58076545806, 0.18421443044]
    ],
    [
      [0.037763600692, 0.45992328577, 0, 0.50126666182, 0.0010464517164],
      [0.0045639283108, 0.082531357395, 0.013463913116, 0.85294026464, 0.046500536536],
      [0.011378379949, 0, 0.79523568379, 0.18500239044, 0.0083835458227],
      [0.0040309352244, 0.00020138633269, 0.016880994319, 0.36882937559, 0.61005730853],
      [0.56350644544, 0.15818113752, 0.01779132164, 0.25999962301, 0.00052147237908],
      [0.072986681377, 0.07925891073, 0.071841988354, 0.59143912335, 0.18447329619]
    ],
    [
      [0.037745775743, 0.53743121021, 0, 0.42321191217, 0.0016111018689],
      [0.0059260894309, 0.10964093945, 0.024035238493, 0.79508608306, 0.065311649568],
      [0.01240991245, 0.0020697510279, 0.81917743064, 0.15495054778, 0.011392358095],
      [0.0035583827135, 0.00037525203451, 0.01533176028, 0.27711126934, 0.70362333563],
      [0.56587075436, 0.18923233317, 0.018229080405, 0.22577666481, 0.00089116726263],
      [0.073089147092, 0.095031634554, 0.072787444096, 0.51672254734, 0.24236922692]
    ],
    [
      [0.030335208032, 0.40594223298, 0, 0.56372255899, 0],
      [0.00019420225577, 0.067049621357, 0.011500540462, 0.89690752145, 0.024348114478],
      [0.0049026418489, 0, 0.77898881018, 0.21477156819, 0.0013369797778],
      [0.0033340295757, 0.00019357090533, 0.019650953624, 0.49100678569, 0.4858146602],
      [0.50325751872, 0.15346309746, 0.01982761388, 0.32345176993, 0],
      [0.058033185975, 0.070376104011, 0.074093575233, 0.67361445689, 0.12388267789]
    ],
    [
      [0.046311576619, 0.46813245387, 0.0070341690877, 0.47852180043, 0],
      [0.0083675034059, 0.080832941006, 0.04517022723, 0.83367444957, 0.031954878788],
      [0.01230243443, 0, 0.83493746317, 0.15091725064, 0.0018428517606],
      [0.0053928528683, 0, 0.024723693516, 0.41540331892, 0.55448013469],
      [0.60319669339, 0.14805575892, 0.020628894975, 0.22811865271, 0],
      [0.088488984971, 0.084808369965, 0.084753464676, 0.59390229878, 0.14804688161]
    ],
    [
      [0.071235620921, 0.52109300807, 0, 0.40674473697, 0.00092663404364],
      [0, 0.10768154511, 0, 0.81299463639, 0.079323818504],
      [0.11816391124, 0.041636260501, 0.59994561646, 0.22802841656, 0.012225795241],
      [0.0035391770149, 0.00012773283507, 0.0037795830844, 0.10138818109, 0.89116532598],
      [0.85312994499, 0.066257708826, 0.0010876708706, 0.079357561705, 0.00016711360891],
      [0.16642732829, 0.075189374468, 0.038692310799, 0.41753045803, 0.30216052841]
    ],
    [
      [1.8092478729e-32, 0.4942882609, 0.0050828346429, 0.49988717925, 0.0007417252107],
      [2.4651903288e-32, 0.061961407565, 0.041421968322, 0.84589649994, 0.050720124169],
      [0, 0, 0.85308807202, 0.14205009044, 0.0048618375366],
      [1.1102230246e-16, 9.821740328e-05, 0.0056028250287, 0.10092622233, 0.89337273523],
      [0, 0.37413890817, 0.048708657974, 0.57668134519, 0.00047108866741],
      [0, 0.080534366898, 0.080274247404, 0.57867056967, 0.26052081603]
    ],
    [
      [0.039735588769, 0.4274594746, 0.011481246593, 0.52132369004, 0],
      [0.0029686393192, 0.068269323886, 0.054070300821, 0.87469173597, 0],
      [0, 0, 0.82833203886, 0.17166796114, 0],
      [0.015600523056, 0, 0.042715198896, 0.46190673581, 0.47977754223],
      [0.63105734094, 0.11418180644, 0.022725541015, 0.2320353116, 0],
      [0.083237901266, 0.073171184854, 0.082293383177, 0.6399627841, 0.1213347466]
    ],
    [
      [0.0075872522718, 0.72061358005, 0, 0.26637013655, 0.0054290311213],
      [0, 0.19508488486, 0.011515456132, 0.67173425266, 0.12166540635],
      [0, 0.013624045148, 0.84653474169, 0.116088898, 0.023752315169],
      [0.00076359473251, 0.0013224167298, 0.0084570845118, 0.14249382025, 0.84696308377],
      [0.45730236112, 0.32806958381, 0.018844907227, 0.19367504239, 0.002108105455],
      [0.038344574672, 0.14208813541, 0.066891921685, 0.39172576023, 0.360949608]
    ],
    [
      [0.059054415778, 0.44350132566, 0, 0.49744425856, 0],
      [0, 0.077903919685, 0, 0.91960840545, 0.0024876748603],
      [0.084526776057, 0.0022423351348, 0.65878456286, 0.22990189675, 0.024544429195],
      [0.0076572819777, 0.00037931148305, 0.0041826868379, 0.29561248376, 0.69216823594],
      [1, 0, 0, 0, 0],
      [0.18990998279, 0.067524772231, 0.043109936007, 0.56127919383, 0.13817611514]
    ],
    [
      [0.01748343582, 0.59132503984, 0, 0.39038327643, 0.00080824791331],
      [0.0085316812098, 0.147444712, 0.00026663848639, 0.79697053747, 0.046786430843],
      [0.011350645527, 0.0073686138565, 0.80419499169, 0.17134713608, 0.0057386128488],
      [0.0035262894365, 0.0012982960958, 0.015752136609, 0.33689780342, 0.64252547444],
      [0.50059043086, 0.24159917985, 0.015672787566, 0.24182502423, 0.00031257748746],
      [0.064707383624, 0.12143606841, 0.066607671807, 0.55113476008, 0.19611411609]
    ],
    [
      [0.0032877152187, 0.53524584112, 0, 0.46146644366, 0],
      [0, 0.095808391177, 0, 0.89227561293, 0.011915995894],
      [0.079073282503, 0.096800754933, 0.55829295078, 0.26447402417, 0.0013589876194],
      [0.0073248105378, 0.0014303178207, 0.016874690416, 0.60745470162, 0.36691547961],
      [0.56117675161, 0.1916317378, 0, 0.24719151059, 0],
      [0.088083119599, 0.11613642463, 0.048206384726, 0.67664386007, 0.070930210973]
    ],
    [
      [0.025895991143, 0.49232949506, 0, 0.48177451379, 0],
      [0.0048073838933, 0.097045140721, 0.014985650122, 0.86026555718, 0.022896268081],
      [0.010521578658, 0.0020831724929, 0.80302583047, 0.18227491209, 0.0020945062847],
      [0.0046294923489, 0.00060229066525, 0.022201231979, 0.48175794577, 0.49080903924],
      [0.52298877801, 0.1865808957, 0.017720132957, 0.27271019334, 0],
      [0.070381206977, 0.096165930985, 0.075366291084, 0.63562295115, 0.12246361981]
    ],
    [
      [0, 0.57965803506, 0.0049130174045, 0.41542894754, 0],
      [0, 0.11697288805, 0.042567256991, 0.81665059458, 0.023809260382],
      [0, 0.0024399483986, 0.84853839412, 0.14822703475, 0.00079462272792],
      [0.00087229942232, 0.00069572631562, 0.025995298843, 0.42832120217, 0.54411547325],
      [0.24305629957, 0.35950366453, 0.033125587124, 0.36431444877, 0],
      [0.024721753745, 0.1231135382, 0.091346475817, 0.61919676008, 0.14162147216]
    ],
    [
      [0.047225525519, 0.37418348869, 0, 0.57859098579, 0],
      [0.0062211688958, 0.049995029156, 0.023323600549, 0.89156881262, 0.028891388779],
      [0.0092878268431, 0, 0.79986288412, 0.18807424536, 0.0027750436839],
      [0.0051930126231, 0, 0.019642156759, 0.45595898907, 0.51920584155],
      [0.60963884513, 0.11222282248, 0.017485089089, 0.26062560568, 2.7637617183e-05],
      [0.084068642428, 0.061339784297, 0.074622732098, 0.64400316891, 0.13596567227]
    ],
    [
      [0, 0.46240030687, 0.018406568007, 0.51758499459, 0.0016081305367],
      [0, 0.053421823187, 0.051261589705, 0.85209557274, 0.043221014364],
      [0, 0, 0.83875632694, 0.15564996354, 0.0055937095276],
      [0, 0, 0.021048328112, 0.36839819659, 0.6105534753],
      [0.27056059769, 0.29348149158, 0.036739025089, 0.39852363618, 0.0006952494644],
      [0.02651895404, 0.079700100627, 0.088407148658, 0.62172233241, 0.18365146426]
    ],
    [
      [0.029416983269, 0.47146069375, 0, 0.49797279966, 0.0011495233173],
      [0.0092336305, 0.08857987637, 0.00021043068588, 0.86386966898, 0.038106393464],
      [0.012751189377, 0.0017040115032, 0.782517008, 0.19708797556, 0.0059398155608],
      [0.0044896693653, 0.00042267124439, 0.015734016902, 0.40751579601, 0.57183784648],
      [0.56526313647, 0.16248155093, 0.014388673209, 0.25740959691, 0.00045704247833],
      [0.076298816303, 0.085171840828, 0.069255062729, 0.60880611072, 0.16046816942]
    ],
    [
      [0.043416052701, 0.44827469425, 0, 0.50659300985, 0.0017162431925],
      [0.0067406688425, 0.079132126535, 0.0053612586401, 0.85303671932, 0.055729226664],
      [0.014601757415, 6.1918732368e-05, 0.78793547547, 0.1855930911, 0.011807757283],
      [0.0044830941683, 7.3895478901e-05, 0.014115521349, 0.35324201666, 0.62808547234],
      [0.59956143935, 0.14175715432, 0.016286274878, 0.24175743474, 0.00063769672254],
      [0.081510636124, 0.074704106331, 0.068513841909, 0.57938034592, 0.19589106971]
    ],
    [
      [0.055567010527, 0.4977104829, 0.030137720309, 0.41658478626, 0],
      [0.030967641068, 0.06468004354, 0.098301999769, 0.77214895173, 0.033901363892],
      [0, 0, 0.92667348603, 0.073326513968, 0],
      [0.0066287300238, 0, 0.030266648128, 0.36799152576, 0.59511309609],
      [0.64596609577, 0.14084548202, 0.03261713111, 0.1805712911, 0],
      [0.10516013764, 0.090562714291, 0.10636452224, 0.54017392666, 0.15773869918]
    ],
    [
      [0.039184544312, 0.55448524331, 0.0072706400069, 0.39905957237, 0],
      [0.018360024349, 0.10669014347, 0.056887020233, 0.78665166685, 0.031411145093],
      [0.0047579747862, 0, 0.88794261264, 0.10729941258, 0],
      [0.0052063585981, 0.00011793980637, 0.028337253513, 0.37942765188, 0.5869107962],
      [0.5750836002, 0.1913590409, 0.023657281178, 0.20990007773, 0],
      [0.083894064464, 0.10979799679, 0.09564136664, 0.55263809119, 0.15802848092]
    ],
    [
      [0.049734436119, 0.46210055406, 0.0067810319191, 0.48138397791, 0],
      [0.024140496997, 0.076210406065, 0.051710908596, 0.8401278566, 0.0078103317473],
      [0.0061784596252, 0, 0.86266054688, 0.1311609935, 0],
      [0.0081358537413, 0.0001816751797, 0.034406341712, 0.55559495546, 0.40168117391],
      [0.62104133111, 0.13845373979, 0.021348130756, 0.21915679835, 0],
      [0.10057573291, 0.08747378901, 0.094038773597, 0.63290224251, 0.085009461974]
    ],
    [
      [0.033288092908, 0.45998966509, 0.0019243363882, 0.50439064387, 0.00040726174275],
      [0, 0.077047270394, 0.033245058537, 0.85026139493, 0.03944627614],
      [0.0049055526358, 0.00086453188955, 0.8227617868, 0.16657793066, 0.0048901980172],
      [0.0032696530574, 0, 0.021043224314, 0.39503588876, 0.58065123387],
      [0.52503846735, 0.16987610813, 0.022559959574, 0.28217427351, 0.00035119143961],
      [0.064355074583, 0.080543285064, 0.080392340356, 0.60674280575, 0.16796649424]
    ],
    [
      [0, 0.48060583835, 0.015878979793, 0.49049267423, 0.013022507635],
      [0, 0.052846224712, 0.032986109944, 0.82581265548, 0.088355009867],
      [0, 0, 0.81696737677, 0.16118314324, 0.021849479989],
      [0, 0, 0.0039528926703, 0.11906669598, 0.87698041135],
      [0.5, 0.1698843177, 0.054858472138, 0.26850743044, 0.0067497797162],
      [0.047688732385, 0.068411426632, 0.066090686917, 0.49150095866, 0.32630819541]
    ],
    [
      [0.018703839903, 0.68079846474, 0, 0.30049769536, 0],
      [0.012335393102, 0.18221998606, 0.020927374968, 0.76323320118, 0.021284044697],
      [0.0043126269062, 0.02800745388, 0.82753213467, 0.14014778454, 0],
      [0.0027956970075, 0.0018315526359, 0.013736738247, 0.23704454847, 0.74459146364],
      [0.65501663514, 0.19459620254, 0.01202420334, 0.13836295898, 0],
      [0.075805178311, 0.15343964236, 0.080004853933, 0.51915317897, 0.17159714643]
    ],
    [
      [0, 0.33333333333, 0.096875625112, 0.56979104156, 0],
      [0, 0, 0.15800404665, 0.84199595335, 0],
      [0, 0, 0.95226976895, 0.047730231045, 0],
      [1.1102230246e-16, 0.00048346550045, 0.06870278801, 0.93081374649, -0],
      [0, 0.2520863801, 0.076148471968, 0.67176514793, 0],
      [0, 0.059846818554, 0.14444755007, 0.79570563138, 0]
    ],
    [
      [0, 0.39808551623, 0.12010212263, 0.48181236114, 0],
      [0, 0.0095014348894, 0.19948029423, 0.79101827088, 0],
      [0, 0, 0.96407702175, 0.035922978246, 0],
      [0.0044786713815, 0, 0.10436897328, 0.89115235534, 0],
      [0.59910426572, 0.10519479772, 0.11186210682, 0.18383882974, 0],
      [0.089098505469, 0.069841800643, 0.16587037464, 0.67518931925, 0]
    ],
    [
      [0.052227261597, 0.54081922588, 0.012545086017, 0.3944084265, 0],
      [0.016925255561, 0.11301714485, 0.064610587656, 0.78021387213, 0.025233139809],
      [0.01881291294, 5.7834110032e-05, 0.86480852939, 0.11558935315, 0.00073137041035],
      [0.0075374609602, 0.00048613550317, 0.028848126184, 0.41474214005, 0.54838613731],
      [0.64247657979, 0.15842636728, 0.021717061201, 0.17737999172, 0],
      [0.109139028, 0.10715413424, 0.097025469159, 0.55728308233, 0.12939828627]
    ],
    [
      [0, 0.62345413358, 0.027006366069, 0.34953950035, 0],
      [0, 0.11811894318, 0.10486126423, 0.74616223022, 0.030857562369],
      [0, 0, 0.9108214665, 0.088730198919, 0.00044833457925],
      [0.0007053215231, 0, 0.033842372853, 0.31366592412, 0.65178638151],
      [0.42091970063, 0.29790950289, 0.046139182252, 0.23503161423, 0],
      [0.05144613102, 0.12585346766, 0.11791361603, 0.52819268736, 0.17659409794]
    ],
    [
      [0.051392970382, 0.50149360597, 0, 0.44711342365, 0],
      [0.022401341137, 0.10559063655, 0.0079477423823, 0.83675333785, 0.027306942083],
      [0.028368728296, 0.0057235754434, 0.79128587157, 0.17339812387, 0.0012237008219],
      [0.0084260345285, 0.00088749979973, 0.020199659739, 0.43465032331, 0.53583648262],
      [0.65228524459, 0.14316674248, 0.011287170404, 0.19326084252, 0],
      [0.11139500233, 0.095301871275, 0.073304110081, 0.58696507571, 0.13303394061]
    ],
    [
      [0.027386295645, 0.55402869371, 0.0063982088571, 0.41218680178, 0],
      [0.0030856837483, 0.12382902067, 0.044693691417, 0.81292853023, 0.015463073926],
      [0.0087576506777, 0.0035788858931, 0.84419179242, 0.14253661313, 0.00093505788177],
      [0.0056419877957, 0.0008601486319, 0.033912146946, 0.55558050474, 0.40400521188],
      [0.49515582398, 0.22528413975, 0.024151843258, 0.25540819301, 0],
      [0.070043129248, 0.12113881533, 0.095154209373, 0.62712806814, 0.086535777904]
    ],
    [
      [0.046592996027, 0.5602787402, 0, 0.39190342597, 0.0012248378056],
      [0.013634685741, 0.12734512997, 0.027762641555, 0.77804864242, 0.053208900307],
      [0.018023298641, 0.0043667956832, 0.82731827285, 0.14387695067, 0.0064146821547],
      [0.005429728609, 0.0007576530476, 0.018547536088, 0.31742776706, 0.6578373152],
      [0.60131892242, 0.18507785508, 0.016972996337, 0.19618944837, 0.00044077779462],
      [0.091912253239, 0.10715410558, 0.076584421734, 0.51931160557, 0.20503761388]
    ],
    [
      [0.036104276728, 0.57863450148, 0, 0.38514718867, 0.00011403312937],
      [0.011131328878, 0.13953480351, 0.019926738236, 0.78807573028, 0.041331399102],
      [0.015790335149, 0.0085609394889, 0.82073913073, 0.15045942286, 0.0044501717762],
      [0.0052910143558, 0.0013841230685, 0.019886765895, 0.36212190349, 0.61131619319],
      [0.55927044677, 0.21177061957, 0.016422906904, 0.21237382746, 0.00016219930295],
      [0.083028076493, 0.11889223832, 0.07741860415, 0.54546545309, 0.17519562795]
    ]
  ],
  "expected_outcome": [
    [
