{
  "X": [
    [15, 15, 153, 86, 42],
    [0, 5, 43, 70, 10],
    [2, 2, 40, 36, 9],
    [3, 2, 19, 40, 5],
    [2, 5, 78, 70, 14],
    [106, 171, 1658, 1766, 216],
    [14, 8, 81, 62, 11],
    [1, 2, 8, 11, 5],
    [7, 10, 83, 79, 20],
    [1, 3, 16, 27, 2],
    [119, 101, 1115, 1216, 210],
    [4, 5, 69, 61, 24],
    [0, 0, 2, 4, 1],
    [4, 14, 55, 57, 17],
    [9, 8, 103, 109, 33],
    [0, 5, 19, 26, 4],
    [0, 5, 24, 18, 4],
    [6, 6, 111, 112, 7],
    [0, 1, 4, 4, 0],
    [0, 0, 19, 41, 10],
    [2, 2, 46, 106, 14],
    [224, 244, 3006, 2408, 504],
    [94, 158, 1182, 1023, 176],
    [9, 15, 101, 47, 17],
    [8, 15, 145, 167, 16],
    [0, 1, 6, 15, 3],
    [1, 2, 13, 13, 2],
    [0, 8, 31, 66, 11],
    [75, 94, 1200, 1511, 278],
    [12, 20, 116, 98, 16],
    [5, 2, 47, 39, 18],
    [3, 2, 18, 68, 5],
    [7, 3, 54, 62, 14],
    [2, 5, 39, 14, 11],
    [18, 28, 121, 167, 29],
    [5, 2, 29, 31, 5],
    [0, 0, 3, 4, 1],
    [4, 5, 40, 82, 16],
    [10, 7, 55, 83, 13],
    [4, 2, 24, 39, 1],
    [2, 2, 31, 58, 8],
    [0, 1, 15, 4, 7],
    [23, 10, 143, 163, 24],
    [3, 8, 46, 37, 15],
    [3, 4, 43, 49, 5],
    [5, 4, 28, 27, 6],
    [1, 1, 13, 27, 4],
    [17, 20, 123, 216, 13],
    [9, 5, 51, 95, 5],
    [8, 23, 114, 178, 41],
    [9, 8, 53, 102, 25],
    [30, 16, 114, 120, 28],
    [2, 5, 35, 37, 15],
    [2, 3, 7, 9, 3],
    [11, 4, 42, 125, 21],
    [2, 1, 7, 2, 1],
    [35, 34, 175, 320, 61],
    [5, 0, 11, 9, 3],
    [6, 5, 36, 93, 19],
    [1, 4, 13, 6, 3],
    [0, 6, 29, 47, 10],
    [2, 3, 9, 20, 9],
    [10, 4, 74, 99, 15],
    [8, 4, 79, 61, 15],
    [14, 18, 67, 66, 8],
    [0, 3, 6, 10, 6],
    [1, 1, 7, 7, 1],
    [0, 0, 3, 5, 1],
    [33, 31, 207, 301, 57],
    [20, 20, 159, 123, 35],
    [7, 2, 22, 56, 16],
    [4, 1, 15, 57, 6],
    [2, 8, 32, 114, 15],
    [4, 0, 26, 113, 14],
    [2, 2, 15, 10, 1],
    [8, 27, 126, 108, 29],
    [5, 5, 61, 64, 11],
    [2, 10, 24, 32, 4],
    [7, 7, 63, 60, 15],
    [6, 11, 60, 56, 11],
    [11, 22, 141, 77, 27],
    [27, 36, 259, 354, 52],
    [0, 0, 5, 4, 0],
    [5, 2, 67, 100, 11],
    [3, 10, 48, 72, 11],
    [19, 19, 149, 271, 52],
    [3, 1, 10, 56, 3],
    [3, 2, 8, 60, 2],
    [15, 14, 88, 81, 30],
    [3, 5, 27, 134, 14],
    [2, 1, 5, 7, 2],
    [1, 3, 16, 22, 10],
    [6, 10, 54, 34, 9],
    [0, 5, 10, 8, 4],
    [23, 57, 292, 133, 57],
    [129, 259, 1353, 1106, 337],
    [76, 134, 686, 660, 249],
    [1, 3, 9, 9, 3]
  ],
  "W": [
    [16, 9, 183, 48, 12, 43],
    [8, 5, 54, 55, 3, 3],
    [8, 3, 43, 27, 3, 5],
    [10, 3, 21, 26, 5, 4],
    [20, 11, 78, 50, 2, 8],
    [396, 248, 1746, 1159, 127, 241],
    [10, 4, 98, 40, 11, 13],
    [5, 1, 12, 6, 1, 2],
    [15, 6, 90, 67, 9, 12],
    [9, 2, 17, 20, 0, 1],
    [316, 96, 1280, 786, 108, 175],
    [16, 4, 76, 45, 6, 16],
    [1, 0, 3, 3, 0, 0],
    [15, 11, 64, 45, 2, 10],
    [27, 6, 121, 82, 8, 18],
    [4, 5, 23, 19, 0, 3],
    [2, 7, 24, 16, 0, 2],
    [22, 9, 123, 78, 3, 7],
    [0, 1, 4, 4, 0, 0],
    [17, 0, 22, 24, 2, 5],
    [26, 4, 48, 69, 8, 15],
    [411, 284, 3411, 1625, 195, 460],
    [196, 165, 1298, 701, 76, 197],
    [14, 12, 111, 25, 7, 20],
    [29, 26, 161, 118, 5, 12],
    [5, 1, 9, 9, 0, 1],
    [2, 0, 17, 12, 0, 0],
    [11, 10, 37, 47, 1, 10],
    [289, 91, 1365, 1127, 105, 181],
    [19, 27, 124, 63, 10, 19],
    [16, 8, 43, 22, 3, 19],
    [24, 1, 24, 42, 2, 3],
    [11, 6, 62, 31, 7, 23],
    [0, 2, 44, 8, 5, 12],
    [33, 22, 148, 113, 19, 28],
    [4, 2, 35, 23, 3, 5],
    [2, 0, 4, 2, 0, 0],
    [27, 6, 42, 49, 9, 14],
    [22, 5, 65, 46, 10, 20],
    [17, 0, 27, 21, 5, 0],
    [8, 2, 35, 39, 6, 11],
    [2, 2, 18, 2, 1, 2],
    [31, 14, 166, 102, 26, 24],
    [5, 4, 65, 17, 5, 13],
    [10, 6, 52, 33, 3, 0],
    [12, 2, 32, 15, 5, 4],
    [11, 2, 11, 15, 1, 6],
    [29, 17, 167, 135, 17, 24],
    [19, 12, 58, 59, 6, 11],
    [53, 19, 137, 108, 15, 32],
    [22, 4, 74, 68, 8, 21],
    [32, 11, 144, 78, 20, 23],
    [9, 8, 40, 19, 4, 14],
    [2, 1, 8, 9, 2, 2],
    [29, 6, 48, 93, 10, 17],
    [1, 0, 10, 0, 0, 2],
    [68, 31, 225, 203, 36, 62],
    [6, 1, 11, 3, 3, 4],
    [11, 3, 44, 74, 7, 20],
    [1, 1, 14, 3, 2, 6],
    [10, 5, 33, 30, 3, 11],
    [4, 3, 5, 20, 2, 9],
    [18, 12, 80, 61, 11, 20],
    [15, 5, 89, 43, 7, 8],
    [11, 5, 96, 39, 11, 11],
    [1, 2, 11, 7, 2, 2],
    [1, 1, 8, 6, 1, 0],
    [0, 0, 5, 4, 0, 0],
    [72, 17, 285, 183, 24, 48],
    [26, 8, 197, 74, 21, 31],
    [27, 1, 30, 34, 5, 6],
    [10, 0, 19, 48, 4, 2],
    [27, 5, 40, 81, 3, 15],
    [34, 1, 39, 71, 3, 9],
    [3, 1, 12, 6, 4, 4],
    [23, 14, 151, 72, 11, 27],
    [9, 4, 75, 45, 4, 9],
    [8, 3, 29, 17, 3, 12],
    [12, 12, 73, 34, 3, 18],
    [5, 8, 72, 38, 13, 8],
    [19, 12, 173, 40, 11, 23],
    [73, 49, 289, 232, 32, 53],
    [0, 0, 5, 4, 0, 0],
    [16, 6, 79, 68, 6, 10],
    [17, 5, 60, 49, 5, 8],
    [63, 16, 162, 208, 25, 36],
    [17, 0, 14, 36, 3, 3],
    [10, 1, 12, 49, 2, 1],
    [19, 8, 106, 50, 14, 31],
    [48, 2, 34, 91, 1, 7],
    [1, 1, 8, 6, 1, 0],
    [7, 5, 15, 13, 2, 10],
    [6, 3, 74, 15, 5, 10],
    [1, 0, 12, 6, 0, 8],
    [20, 66, 306, 82, 14, 74],
    [219, 190, 1589, 747, 111, 328],
    [163, 81, 829, 462, 60, 210],
    [2, 1, 12, 7, 0, 3]
  ],
  "method": "mvn_pdf",
  "cond_prob": [
    [
      [0.0095576856075, 0.0004595186153, 0.021766260241, 0.8551222422, 0.11309429333],
      [9.9073051462e-05, 0.24778534708, 0.65688556836, 0.085723421203, 0.009506590308],
      [0.034013180935, 0.037286505242, 0.76552389039, 0.1041920363, 0.058984387132],
      [0.0019856010614, 0.00079703759342, 0.021743651148, 0.90712676092, 0.068346949275],
      [0.48014537497, 0.0063235957294, 0.080737625963, 0.3238141932, 0.10897921014],
      [0.055799628362, 0.13740854065, 0.11297660215, 0.1122509881, 0.58156424075]
    ],
    [
      [0.0016398015995, 0.00036834821617, 0.012853104121, 0.89614943392, 0.088989312145],
      [2.4241790665e-05, 0.30338281702, 0.56321737961, 0.12299323319, 0.010382328388],
      [0.0089573948232, 0.047016297431, 0.71145367374, 0.16237406572, 0.070198568288],
      [0.00033527723543, 0.0006273678116, 0.012606856567, 0.9337805411, 0.052649957283],
      [0.14506345066, 0.0091303036983, 0.085827668782, 0.60557847157, 0.1544001053],
      [0.012065541955, 0.14505722642, 0.085651099656, 0.14695887427, 0.6102672577]
    ],
    [
      [0.0054444826065, 0.00035778673136, 0.028374580336, 0.84049068885, 0.12533246148],
      [4.7746907098e-05, 0.17064412335, 0.75289611862, 0.067723043174, 0.0086889679471],
      [0.015526247155, 0.023699776014, 0.83151184298, 0.077997911485, 0.051264222363],
      [0.0011310044003, 0.00062060242886, 0.028359049457, 0.89452736124, 0.07536198247],
      [0.35657731707, 0.0058909239683, 0.12616765788, 0.36825092649, 0.1431131746],
      [0.029479768746, 0.10140310012, 0.13750925667, 0.098299196619, 0.63330867785]
    ],
    [
      [0.0052866430575, 0.00025393841982, 0.014715323154, 0.9201587237, 0.059585371674],
      [7.491244861e-05, 0.21082685059, 0.6633008532, 0.11902958171, 0.0067678020602],
      [0.025459543737, 0.02928249766, 0.76121164863, 0.14268454861, 0.041361761366],
      [0.0010662272184, 0.00042765429914, 0.014276159713, 0.94933814953, 0.034891809239],
      [0.39663441199, 0.0046838432118, 0.073337748137, 0.44922737989, 0.076116616765],
      [0.049355653237, 0.12752695419, 0.12366001892, 0.18283234886, 0.5166250248]
    ],
    [
      [0.0054808876646, 0.00044035476407, 0.031820734692, 0.85153578151, 0.11072224137],
      [4.3541553059e-05, 0.1845072622, 0.74465517437, 0.063791091907, 0.0070029299689],
      [0.014475194259, 0.026696331753, 0.84145680031, 0.075172137203, 0.042199536473],
      [0.0011332265058, 0.00076044025948, 0.03164662411, 0.89997487192, 0.066484837208],
      [0.34490366833, 0.0072403985801, 0.14119795606, 0.38001440058, 0.12664357646],
      [0.031396558734, 0.13031543935, 0.1623744502, 0.10790883027, 0.56800472145]
    ],
    [
      [0.0066817251672, 0.00046826231141, 0.023425693583, 0.91016279209, 0.059261526849],
      [6.616967622e-05, 0.23754062913, 0.66907423163, 0.088550124897, 0.0047688446684],
      [0.023237062704, 0.037047503097, 0.79906761911, 0.11031935485, 0.030328460243],
      [0.0013538614808, 0.00079189217693, 0.022809978552, 0.94008280747, 0.034961460321],
      [0.39374532535, 0.0078226460842, 0.10548025376, 0.42356245468, 0.069389320133],
      [0.053976067801, 0.19256371977, 0.16863373329, 0.1685187263, 0.41630775284]
    ],
    [
      [0.016836204665, 0.00050487330686, 0.021918817255, 0.8971292734, 0.063610831373],
      [0.00016698413575, 0.26830375221, 0.64137310656, 0.085031122414, 0.0051250346764],
      [0.058740280664, 0.040453180757, 0.76289107182, 0.10549822893, 0.032417237831],
      [0.0034375104318, 0.00086143437454, 0.021537508534, 0.9363581828, 0.037805363864],
      [0.64650129348, 0.0050669743686, 0.05930171591, 0.24459902266, 0.04453099358],
      [0.12159961564, 0.18933182225, 0.14038633817, 0.14302518949, 0.40565703446]
    ],
    [
      [0.004214661659, 0.00061171963061, 0.010663070473, 0.73493265274, 0.2495778955],
      [4.4724757841e-05, 0.55025676937, 0.36742519239, 0.06245853088, 0.019814782599],
      [0.02189557529, 0.07983143993, 0.61494278384, 0.10826802862, 0.17506217231],
      [0.00091828881087, 0.0011091375897, 0.01118093623, 0.83321438024, 0.15357725713],
      [0.37800638986, 0.010174952824, 0.047642708868, 0.28652686289, 0.27764908556],
      [0.011378247717, 0.099849376297, 0.026843153886, 0.039776702086, 0.82215252001]
    ],
    [
      [0.0095378844196, 0.001014649806, 0.035691863289, 0.80559206244, 0.14816354005],
      [5.6452554106e-05, 0.3240902421, 0.62320763256, 0.045588888247, 0.007056784534],
      [0.021689834073, 0.053273952968, 0.81401039208, 0.062017834974, 0.049007985902],
      [0.0020127053043, 0.0017883482517, 0.036233453142, 0.86914769103, 0.090817802272],
      [0.45524315056, 0.012883892262, 0.12217914179, 0.278727731, 0.13096608439],
      [0.039010160178, 0.21786732361, 0.13042065276, 0.073468448966, 0.53923341448]
    ],
    [
      [0.0099897487274, 0.0017035585689, 0.036444305018, 0.88788619422, 0.063976193469],
      [4.021006278e-05, 0.51205645998, 0.45711071819, 0.028916527109, 0.0018760846585],
      [0.021256122535, 0.088322172341, 0.81971377495, 0.053261864557, 0.017446065613],
      [0.0020038766905, 0.0028803254598, 0.035470414828, 0.92212570145, 0.037519681574],
      [0.72067076513, 0.01350624803, 0.07816259697, 0.15701988018, 0.030640509689],
      [0.045533782956, 0.50169290898, 0.14511119874, 0.075011429435, 0.23265067988]
    ],
    [
      [0.010538990563, 0.00047213159019, 0.022555071076, 0.88585761061, 0.080576196159],
      [0.00010682031078, 0.24539994383, 0.65969038639, 0.08816742082, 0.0066354286441],
      [0.036941854597, 0.037654121367, 0.77570405173, 0.10814980808, 0.041550164225],
      [0.0021624632208, 0.00080857537598, 0.022241361588, 0.92665087805, 0.048136721768],
      [0.5026602893, 0.0063699685842, 0.08202260381, 0.33276452795, 0.076182610352],
      [0.072650389103, 0.16572625219, 0.13852871896, 0.13986223382, 0.48323240592]
    ],
    [
      [0.0062484515215, 0.00047839647154, 0.028593277333, 0.78680255294, 0.17787732173],
      [5.254625494e-05, 0.2135322725, 0.711519211, 0.062890986561, 0.012004983678],
      [0.017493525576, 0.030770909175, 0.80516948036, 0.07417792475, 0.072388160141],
      [0.0013327695353, 0.00085178642428, 0.029333578501, 0.85838405264, 0.1100978129],
      [0.35791829898, 0.0073109228076, 0.1178754421, 0.32724068169, 0.18965465442],
      [0.02665452152, 0.10580091843, 0.10891591625, 0.074587126576, 0.68404151722]
    ],
    [
      [6.3081544299e-06, 1.459394063e-06, 0.0034852006635, 0.88878154567, 0.10772548612],
      [6.684623101e-05, 0.24957053126, 0.65312590734, 0.08812862253, 0.00910809263],
      [2.6553900295e-05, 0.00010183888448, 0.74898653223, 0.13480300699, 0.11608206799],
      [1.9435929481e-06, 2.3382985061e-06, 0.0032708958339, 0.94066836796, 0.056056454317],
      [0.44948661584, 0.0057242980888, 0.063904989119, 0.3707352766, 0.11014882035],
      [0.041502541034, 0.14183049929, 0.092228257311, 0.12192123904, 0.60251746332]
    ],
    [
      [0.010692207651, 0.0016254441545, 0.026017990062, 0.78463680374, 0.17702755439],
      [6.0957512064e-05, 0.51234034821, 0.4374793538, 0.042077219323, 0.0080421211624],
      [0.02975216162, 0.10427183662, 0.72290414932, 0.072409369071, 0.070662483364],
      [0.0022817173795, 0.0029012734069, 0.026750356989, 0.85836545185, 0.10970120037],
      [0.50855523054, 0.019034521347, 0.082138806647, 0.24670798694, 0.14356345453],
      [0.036264158471, 0.29110140702, 0.078432448554, 0.058295039912, 0.53590694604]
    ],
    [
      [0.0094180317878, 0.00048571234054, 0.024309393044, 0.80105733695, 0.16472952587],
      [8.8982331141e-05, 0.24178352194, 0.67276554607, 0.072829209146, 0.012532740513],
      [0.030069565575, 0.035464805725, 0.77085004193, 0.087053977221, 0.076561609549],
      [0.0020026647126, 0.00086253552167, 0.024864433877, 0.87045690462, 0.10181346127],
      [0.46445790933, 0.0064247423732, 0.086700719362, 0.29039653655, 0.15202009239],
      [0.042793582007, 0.11341143391, 0.09824652319, 0.081634080669, 0.66391438023]
    ],
    [
      [0.0013985218253, 0.00066200138312, 0.012763771851, 0.91855662973, 0.066619075212],
      [1.628753752e-05, 0.46376557243, 0.44125639249, 0.089093891496, 0.0058678560544],
      [0.0074889318249, 0.084235375146, 0.70907791336, 0.14919477124, 0.050003008432],
      [0.00028373889163, 0.0011136794528, 0.012368866474, 0.94739174368, 0.038841971498],
      [0.13211689229, 0.017615518061, 0.091499732076, 0.63551527745, 0.12325258013],
      [0.010205804171, 0.28205542763, 0.086521002265, 0.14146635757, 0.47975140836]
    ],
    [
      [0.0024679615585, 0.0010253992091, 0.028349679232, 0.84523507141, 0.12292188859],
      [1.6181507578e-05, 0.39237361079, 0.5555966889, 0.046034900717, 0.0059786180823],
      [0.0067478521338, 0.0668147255, 0.81007128824, 0.06984038142, 0.046525752709],
      [0.00051095922282, 0.0017675279173, 0.028148841455, 0.89672911864, 0.07284355277],
      [0.20773156267, 0.02110096939, 0.15769094636, 0.4400295572, 0.17344696437],
      [0.010675050322, 0.25507677744, 0.11457007396, 0.07690745236, 0.54277064592]
    ],
    [
      [0.0078764716597, 0.00034509762746, 0.023561038639, 0.92293752439, 0.04527986768],
      [8.1928314905e-05, 0.18825623594, 0.71628136019, 0.091591344755, 0.0037891308087],
      [0.027474107092, 0.02747042641, 0.81361342972, 0.10852904243, 0.022912994347],
      [0.0015852240623, 0.000580286771, 0.022811653318, 0.94847992333, 0.026542912516],
      [0.46132310291, 0.0053059519999, 0.0977056815, 0.38720715903, 0.048458104557],
      [0.073993161636, 0.16654892661, 0.19573247955, 0.19207001502, 0.37165541719]
    ],
    [
      [6.3312353167e-05, 0.00063301735301, 0.021109800122, 0.97049136954, 0.0077025006357],
      [3.8462463242e-07, 0.67103963087, 0.31751023494, 0.011244909921, 0.00020483964606],
      [8.6787771718e-05, 0.058657834647, 0.90906939161, 0.02997496451, 0.002211021458],
      [1.571695601e-05, 0.0010361387579, 0.019893775289, 0.97400725598, 0.0050471130157],
      [0.43618761945, 0.010537038433, 0.10002437756, 0.34772491087, 0.10552605369],
      [5.2970603704e-05, 0.72927446562, 0.22196670851, 0.048624650767, 8.120450218e-05]
    ],
    [
      [0.0016745113378, 0.00013059468396, 0.016415537326, 0.85339858081, 0.12838077584],
      [2.4888572313e-05, 0.10208149144, 0.76946403464, 0.11367837585, 0.014751209494],
      [0.0073423243841, 0.013317234926, 0.77858965069, 0.1204574295, 0.080293360497],
      [0.00034848128294, 0.00022578334003, 0.016370576417, 0.90608343183, 0.076971727129],
      [0.14159529668, 0.003077401857, 0.10484849763, 0.53958267709, 0.21089612675],
      [0.0099550222614, 0.039725746345, 0.089321944147, 0.11182936104, 0.74916792621]
    ],
    [
      [0.0024689795028, 0.00016548117272, 0.015881181272, 0.92815508114, 0.05332927691],
      [3.7629378022e-05, 0.13273352658, 0.72633143009, 0.13435290658, 0.0065445073796],
      [0.011894198562, 0.018391357394, 0.78135857747, 0.15084257256, 0.037513294013],
      [0.00049703341847, 0.00027783502234, 0.015356428706, 0.95266209886, 0.031206603989],
      [0.21028738686, 0.0038876689621, 0.10075941248, 0.59744990165, 0.087615630049],
      [0.026365254773, 0.091534908737, 0.15205242653, 0.22097811037, 0.50906929959]
    ],
    [
      [0.0085048900125, 0.00042537916593, 0.022740876068, 0.88728960773, 0.081039247027],
      [8.7941149271e-05, 0.22510835059, 0.67780046699, 0.090193054402, 0.0068101868671],
      [0.029948588378, 0.034064995538, 0.78501267245, 0.10897038254, 0.042003361089],
      [0.0017427265346, 0.00072748285355, 0.022392879251, 0.92678809256, 0.0483488188],
      [0.44772430191, 0.0063558627953, 0.091582227313, 0.36945902515, 0.084878582835],
      [0.060222522969, 0.15324608962, 0.14348939475, 0.14409911287, 0.4989428798]
    ],
    [
      [0.0097323551051, 0.00066055477754, 0.024792918781, 0.89221104119, 0.072603130146],
      [8.4806800351e-05, 0.29516163878, 0.62329044655, 0.076322796306, 0.0051403115633],
      [0.031422065267, 0.04852191928, 0.78526692043, 0.10030496645, 0.03448412858],
      [0.0019884909333, 0.0011264879653, 0.024344666749, 0.92935004383, 0.043190310524],
      [0.48011508919, 0.0092145408993, 0.093219452198, 0.34647381502, 0.07097710269],
      [0.065299686136, 0.22571084883, 0.14820290875, 0.1370644371, 0.42372211918]
    ],
    [
      [0.011857195613, 0.00089180425666, 0.030613229821, 0.85826439263, 0.098373377681],
      [8.1181485364e-05, 0.3238268841, 0.614505701, 0.056131831974, 0.0054544014439],
      [0.031188209313, 0.053770797264, 0.80101713877, 0.076241630253, 0.037782224402],
      [0.0024493577375, 0.0015390779681, 0.030428254201, 0.90648772514, 0.059095584955],
      [0.53240575588, 0.010590108371, 0.098006763862, 0.27737865588, 0.081618716008],
      [0.0619895019, 0.24164995748, 0.14221398017, 0.09938706638, 0.45475949407]
    ],
    [
      [0.0066562890008, 0.00039698844262, 0.018517249392, 0.91869893571, 0.055730537458],
      [7.9302840415e-05, 0.24691015261, 0.64215018558, 0.10550307777, 0.0053572812074],
      [0.027975691322, 0.038075193876, 0.76811079102, 0.13169314196, 0.034145181815],
      [0.0013448497636, 0.00066982619477, 0.017989722778, 0.9472172896, 0.032778311667],
      [0.41624529244, 0.0067060280087, 0.084345535523, 0.42695474713, 0.065748396898],
      [0.058989524773, 0.1801955403, 0.14565451625, 0.18270545907, 0.4324549596]
    ],
    [
      [0.00041738158526, 0.00014028372963, 0.0055435346062, 0.89695852822, 0.096940271862],
      [1.2383229069e-05, 0.29943318277, 0.5039009008, 0.17813921243, 0.018514320759],
      [0.0039489007077, 0.033824321373, 0.61133670411, 0.2287115095, 0.1221785643],
      [8.8111275886e-05, 0.00023752354672, 0.0054187125122, 0.93805831208, 0.056197340589],
      [0.0065036602663, 0.0045371795155, 0.048289335791, 0.72130881194, 0.21936101249],
      [0.0020886576997, 0.044559902879, 0.032137702017, 0.11350406699, 0.80770967041]
    ],
    [
      [0.011345290998, 0.0019707869743, 0.029857431875, 0.84549736058, 0.11132912957],
      [3.4678481798e-05, 0.70446480669, 0.27451788883, 0.01869838774, 0.0022842382614],
      [0.028438881332, 0.12361240663, 0.76088427195, 0.053587214147, 0.033477225946],
      [0.002303841273, 0.0033843778286, 0.029493528118, 0.89955861109, 0.065259641689],
      [0.84084149484, 0.010072923312, 0.040642804868, 0.078524327925, 0.02991844906],
      [0.037760825473, 0.51287288379, 0.087576911775, 0.048785827754, 0.3130035512]
    ],
    [
      [0.0014599673022, 0.00037206973343, 0.0094159024499, 0.9227435953, 0.066008465215],
      [2.5486342865e-05, 0.35613392014, 0.48675351981, 0.14796269506, 0.0091243786564],
      [0.010041978302, 0.059376708247, 0.65675065837, 0.20832536615, 0.065505288932],
      [0.00029558842984, 0.00062701452455, 0.0091392903769, 0.95122908993, 0.038709016735],
      [0.13816494905, 0.0098261828377, 0.067026978492, 0.66288361571, 0.12209827391],
      [0.013190878426, 0.17919606278, 0.076714751473, 0.18356387388, 0.54733443344]
    ],
    [
      [0.0061237193473, 0.00043328919164, 0.022384164303, 0.87317467935, 0.097884147807],
      [6.367762244e-05, 0.23096239933, 0.67153667837, 0.089169043409, 0.0082682012611],
      [0.021837097482, 0.035155549104, 0.78317141082, 0.10848309506, 0.051352847532],
      [0.0012617050903, 0.00074508925402, 0.022163174947, 0.91711488538, 0.058715145334],
      [0.36470978942, 0.0073120376687, 0.101815561, 0.41039432954, 0.11576828237],
      [0.039937262809, 0.14389337697, 0.13009904603, 0.13049846073, 0.55557185345]
    ],
    [
      [0.010757804435, 0.00065153276323, 0.021860280164, 0.90179362504, 0.0649367576],
      [0.00010006654413, 0.31920737406, 0.59505403311, 0.080743562588, 0.0048949636996],
      [0.038061133302, 0.052795907679, 0.76700241267, 0.10856098369, 0.033579562652],
      [0.0021884698435, 0.0011072048781, 0.021391192371, 0.93686086021, 0.0384522727],
      [0.5289986693, 0.0085715105513, 0.077548001334, 0.32517493495, 0.059706883864],
      [0.076375524654, 0.23810284081, 0.1378925223, 0.14296465999, 0.40466445225]
    ],
    [
      [0.012330635788, 0.0002946617319, 0.031308551282, 0.82906352709, 0.12700262411],
      [0.00010387411645, 0.13025591886, 0.7956427513, 0.065410413973, 0.0085870417559],
      [0.032198375603, 0.017588569886, 0.83103989816, 0.071286520421, 0.047886635929],
      [0.0025755313922, 0.00051468134484, 0.031512116106, 0.88825516819, 0.077142502963],
      [0.55958992827, 0.0032666756097, 0.093750499169, 0.2453583481, 0.098034548849],
      [0.066341088023, 0.080472317246, 0.14848828291, 0.096144345257, 0.60855396657]
    ],
    [
      [0.0081139450555, 0.00026900037618, 0.01133499572, 0.92829524556, 0.051986813291],
      [0.00013431179864, 0.27164043213, 0.58097623094, 0.14047800616, 0.0067710189726],
      [0.048217401234, 0.037380377748, 0.69562101559, 0.17565731585, 0.043123889579],
      [0.0016316900835, 0.00045284049856, 0.010989760861, 0.95644502196, 0.030480686601],
      [0.54949086185, 0.0038787897495, 0.044075967324, 0.35163890036, 0.050915480718],
      [0.083346545417, 0.14790554713, 0.10174587471, 0.20054112934, 0.4664609034]
    ],
    [
      [0.0053415784109, 0.00013682262674, 0.011508753235, 0.94493818673, 0.038074658997],
      [0.0001054797782, 0.14148360535, 0.67575245206, 0.17654969425, 0.0061087685614],
      [0.033123849025, 0.019395356495, 0.71713209482, 0.1957904409, 0.034558258762],
      [0.0010692189027, 0.00022868202306, 0.01107689742, 0.96543306401, 0.022192137643],
      [0.38905269227, 0.0026449924289, 0.060007757526, 0.49672391196, 0.051570645815],
      [0.069366295526, 0.090803630803, 0.13240552551, 0.26881795602, 0.43860659214]
    ],
    [
      [0.004416889531, 0.00063018072381, 0.026563458562, 0.84186653675, 0.12652293444],
      [3.5700696648e-05, 0.28173018123, 0.64751062416, 0.062423681443, 0.0082998124753],
      [0.013018680021, 0.043360622877, 0.80795117929, 0.080898980644, 0.054770537169],
      [0.00091667835265, 0.0010905328235, 0.026503785107, 0.89554497997, 0.075944023749],
      [0.29889898658, 0.011306979406, 0.12846800259, 0.40216383113, 0.15916220029],
      [0.022133417074, 0.17035406329, 0.11993741217, 0.090215498908, 0.59735960856]
    ],
    [
      [0.0096218840218, 0.00082881992641, 0.01662852622, 0.8962093884, 0.076711381433],
      [9.4709249135e-05, 0.43069721891, 0.47756449806, 0.085517316414, 0.0061262573598],
      [0.040893535262, 0.080726679352, 0.69990752153, 0.13070854993, 0.047763713924],
      [0.0019662238131, 0.001414229135, 0.016338381918, 0.93465910759, 0.045622057547],
      [0.49828686318, 0.011753256858, 0.063551944329, 0.35033899636, 0.076068939269],
      [0.062187556461, 0.27673624707, 0.095743760057, 0.13064530227, 0.43468713413]
    ],
    [
      [0.016894066049, 0.0002811270677, 0.018481984229, 0.9020075656, 0.062335257053],
      [0.0002082680038, 0.19364209225, 0.69884832659, 0.10112690811, 0.0061744050405],
      [0.067792336899, 0.025930510519, 0.75629459833, 0.11436846927, 0.035614084981],
      [0.00342904995, 0.00047818272331, 0.018110742536, 0.94111805115, 0.036863973643],
      [0.70709031614, 0.0025042665628, 0.044472608932, 0.2077383995, 0.038194408867],
      [0.13851607256, 0.11855973089, 0.13158533697, 0.15210569518, 0.4592331644]
    ],
    [
      [4.3438353471e-05, 5.8566772138e-06, 0.0069956065316, 0.90211221245, 0.090842885984],
      [5.9674644333e-05, 0.21748896278, 0.69465329221, 0.079654242302, 0.0081438280618],
      [0.00020028480648, 0.00054123959431, 0.83753465646, 0.096328170561, 0.06539564858],
      [1.0777203118e-05, 9.4910447213e-06, 0.0065898108339, 0.94453913392, 0.048850787001],
      [0.43832222066, 0.0056678574688, 0.076504425005, 0.36995382162, 0.10955167524],
      [0.040468867085, 0.13762691505, 0.10876230955, 0.12037904454, 0.59276286378]
    ],
    [
      [0.0042517126414, 0.00034692750473, 0.017771923241, 0.89436796953, 0.083261467086],
      [5.2160270971e-05, 0.23066880393, 0.65687843138, 0.10416110588, 0.0082394985463],
      [0.017963296989, 0.034071377353, 0.76949359658, 0.12715728466, 0.051314444413],
      [0.00086752058245, 0.00059067527842, 0.017429421273, 0.93175543455, 0.049356948319],
      [0.3084263958, 0.006790031396, 0.093875241514, 0.47719930836, 0.11370902292],
      [0.031962939244, 0.13684720011, 0.11989634735, 0.14935947078, 0.56193404252]
    ],
    [
      [0.0087897520652, 0.00030873776941, 0.014729872522, 0.92851729607, 0.047654341575],
      [0.00012648279801, 0.23730237199, 0.6295934281, 0.12740693444, 0.0055707826716],
      [0.043467813904, 0.03507954854, 0.73243718723, 0.15458252405, 0.034432926282],
      [0.001771028511, 0.000519616081, 0.014276442277, 0.95547239258, 0.027960520553],
      [0.50302283582, 0.0046640727576, 0.060005076781, 0.38203310781, 0.050274906829],
      [0.087558932769, 0.15940274625, 0.13033487458, 0.20425093965, 0.41845250676]
    ],
    [
      [0.010866585159, 0.00086127265444, 0.031038446919, 0.91657374433, 0.040659950934],
      [6.4177877882e-05, 0.36693427957, 0.58208908282, 0.04901462096, 0.0018978387739],
      [0.026976050783, 0.053779953344, 0.83223536342, 0.072700940164, 0.01430769229],
      [0.0021813782007, 0.0014479719424, 0.030033156959, 0.94253693512, 0.023800557781],
      [0.56801686221, 0.010463688434, 0.10109302739, 0.28728155006, 0.033144871898],
      [0.072169599213, 0.38091619764, 0.18856786869, 0.12719884386, 0.2311474906]
    ],
    [
      [0.0024470614859, 0.00015769111701, 0.012735165452, 0.94379803634, 0.040862045606],
      [4.3394068214e-05, 0.15012171663, 0.68843259548, 0.15554740522, 0.0058548886063],
      [0.013956117906, 0.020873919385, 0.75345313221, 0.17763854613, 0.034078284367],
      [0.00048984965409, 0.00026321247875, 0.012242679966, 0.96322914171, 0.02377511619],
      [0.21974652513, 0.0038423657952, 0.083803365645, 0.62290365716, 0.069704086273],
      [0.030633675162, 0.10366417493, 0.14313158048, 0.25749126611, 0.46507930331]
    ],
    [
      [0.0011374400881, 0.00019553190778, 0.012010695019, 0.32989829549, 0.6567580375],
      [1.9853553976e-05, 0.20415689712, 0.66774315306, 0.048022084694, 0.080058011571],
      [0.0047656415167, 0.019901053142, 0.5560908246, 0.041793946828, 0.37744853392],
      [0.00031770848404, 0.00045170114782, 0.016073096713, 0.48513939726, 0.49801809639],
      [0.066129166028, 0.0031492002393, 0.052247310018, 0.13352336906, 0.74495095466],
      [0.00099195328917, 0.0089644778004, 0.010264020618, 0.0060751570622, 0.97370439123]
    ],
    [
      [0.0098903115381, 0.00028603439333, 0.01758080492, 0.91342846971, 0.058814379443],
      [0.00013074526614, 0.19719364178, 0.67916133209, 0.11720128792, 0.0063129929432],
      [0.042872542863, 0.028358875788, 0.75532109922, 0.13604069898, 0.037406783146],
      [0.0020067148313, 0.00048455495663, 0.017149579751, 0.9456231587, 0.034735991765],
      [0.51130340754, 0.0040695566003, 0.067440036821, 0.35862868417, 0.058558314865],
      [0.087936840236, 0.13030402367, 0.1391589859, 0.18331754354, 0.45928260666]
    ],
    [
      [0.0032794968481, 0.00041841553015, 0.010245918465, 0.89701151551, 0.089044653647],
      [5.2642957015e-05, 0.36816964643, 0.48546610537, 0.13473642057, 0.011575184663],
      [0.020689769398, 0.060951799994, 0.64838889826, 0.18775257304, 0.082216959313],
      [0.00066961300547, 0.00071258638676, 0.010052998986, 0.9358347846, 0.052730017019],
      [0.26462278349, 0.0091168239017, 0.060109215988, 0.52998557567, 0.13616560096],
      [0.024101793197, 0.16219946862, 0.067250438863, 0.14402622598, 0.60242207333]
    ],
    [
      [0.005776320236, 0.00036928234257, 0.016200537968, 0.90959803425, 0.068055825207],
      [7.3877431693e-05, 0.26540161095, 0.62020164885, 0.10744541321, 0.0068774495512],
      [0.02660640282, 0.039604314751, 0.75254327332, 0.13645036089, 0.044795648216],
      [0.0011701539929, 0.00062520079849, 0.015790498511, 0.94239532018, 0.040018826523],
      [0.40975695931, 0.0064601310385, 0.076443168904, 0.42505305605, 0.082286684698],
      [0.047504472126, 0.15953321897, 0.11847743657, 0.16159498689, 0.51288988544]
    ],
    [
      [0.015039898092, 0.00097815721723, 0.029914271623, 0.84721006471, 0.10685760835],
      [9.3332785226e-05, 0.37111251245, 0.5752638565, 0.048211277046, 0.005319021219],
      [0.038116640753, 0.059215044758, 0.79467614232, 0.069172322764, 0.038819849404],
      [0.003113722443, 0.0016945782471, 0.029859146627, 0.90117315382, 0.064159398861],
      [0.62772321273, 0.0094648520239, 0.078035051488, 0.21386746179, 0.070909421969],
      [0.070946529684, 0.25855845752, 0.12649112121, 0.084474988087, 0.4595289035]
    ],
    [
      [0.0038589118942, 0.00020250994013, 0.023778534004, 0.92227117259, 0.049888871572],
      [3.8830548383e-05, 0.11066065034, 0.80649841404, 0.078886278124, 0.0039158269424],
      [0.012121536025, 0.015084635571, 0.86311855737, 0.087550399225, 0.022124871813],
      [0.0007739383573, 0.00033891851883, 0.022931579735, 0.94688819017, 0.029067373221],
      [0.35112333799, 0.0039514009929, 0.12608086986, 0.45235651106, 0.066487880097],
      [0.038711193896, 0.10773783811, 0.21417486473, 0.1845771664, 0.45479893686]
    ],
    [
      [0.005728369415, 0.00029395361329, 0.0085617311523, 0.957174023, 0.028241922817],
      [0.00011485856727, 0.3093674178, 0.49997854984, 0.18593883781, 0.0046003359788],
      [0.042758702924, 0.050155599746, 0.6311801388, 0.24499357382, 0.030911984708],
      [0.0011427798073, 0.00048959612963, 0.0082104527295, 0.97374611949, 0.016411051841],
      [0.40179348369, 0.0056712614368, 0.044518490869, 0.50987415444, 0.038142609572],
      [0.076684294759, 0.20239456773, 0.10188668631, 0.28867929576, 0.33035515544]
    ],
    [
      [0.011033778286, 0.0001728676917, 0.010584437816, 0.95024319286, 0.027965723344],
      [0.00022067151102, 0.18424321258, 0.63060191464, 0.18040353318, 0.0045306680873],
      [0.070529275588, 0.025281905041, 0.6760358108, 0.20225356815, 0.025899440422],
      [0.0022065920751, 0.0002890794935, 0.010190993151, 0.97099399816, 0.016319337125],
      [0.59024682392, 0.0023052578643, 0.038090087088, 0.34339161321, 0.025966217923],
      [0.14883832735, 0.11865309382, 0.12529633029, 0.27884573967, 0.32836650887]
    ],
    [
      [0.0044494902842, 0.00063216546847, 0.015669892285, 0.87811702373, 0.10113142823],
      [5.0389559749e-05, 0.37669543774, 0.51765986327, 0.096321860825, 0.0092724486118],
      [0.020283565742, 0.066052906117, 0.70862468494, 0.13749467428, 0.067544168927],
      [0.00091571514543, 0.0010858336252, 0.015499699395, 0.92196477119, 0.06053398064],
      [0.30699860873, 0.012106510023, 0.080883721795, 0.46447768179, 0.13553347767],
      [0.02779598789, 0.20400226041, 0.087398917441, 0.12414158688, 0.55666124738]
    ],
    [
      [0.0080063333656, 0.00035262501869, 0.010999961184, 0.8870656798, 0.093575400636],
      [0.00013212920447, 0.31222149355, 0.53511642332, 0.14004423492, 0.012485719011],
      [0.047277981447, 0.047690324413, 0.64772070134, 0.17687726988, 0.080433722917],
      [0.0016445044124, 0.00060484081768, 0.010868040018, 0.93097832335, 0.055904291398],
      [0.47033217627, 0.0054807282192, 0.046071370244, 0.37657024807, 0.1015454772],
      [0.057737956529, 0.13128452308, 0.070341620728, 0.14213307115, 0.59850282852]
    ],
    [
      [0.03072035717, 0.00063685668711, 0.019890157274, 0.84966299775, 0.099089631119],
      [0.0003042782698, 0.33357856018, 0.57659547263, 0.081557294194, 0.0079643947258],
      [0.10750505003, 0.050986354778, 0.68910661859, 0.10171195846, 0.050690018138],
      [0.0064523374288, 0.0011175395935, 0.020099733961, 0.91175186009, 0.060578528927],
      [0.76019086845, 0.0042146063798, 0.035481746945, 0.15433788874, 0.04577488949],
      [0.16427912583, 0.17500262713, 0.09437265589, 0.10193094951, 0.46441464164]
    ],
    [
      [0.0031991996392, 0.00027967953491, 0.012531297232, 0.88431324078, 0.099676582812],
      [5.1799228645e-05, 0.244787224, 0.60918947155, 0.13297841903, 0.01299308619],
      [0.017672060911, 0.035749719229, 0.70551482746, 0.16080258804, 0.080260804366],
      [0.00065617886838, 0.00047839161831, 0.012350703968, 0.92725238107, 0.059262344473],
      [0.25801163462, 0.0060105101565, 0.072632648747, 0.51317406495, 0.15017114153],
      [0.022794510822, 0.10389926915, 0.079833783548, 0.13688363222, 0.65658880426]
    ],
    [
      [0.017731962512, 0.005360136919, 0.036579446661, 0.73329513795, 0.20703331596],
      [2.0361414145e-05, 0.84530092378, 0.14605738373, 0.0067050690007, 0.0019162620741],
      [0.025736983612, 0.22534242669, 0.67806592715, 0.029817012852, 0.041037649694],
      [0.0037819997028, 0.0095967997182, 0.037872638268, 0.82289643477, 0.12585212754],
      [0.74839910332, 0.030483121865, 0.055653457116, 0.090332424707, 0.075131892993],
      [0.023024393252, 0.64485176626, 0.04651351236, 0.01762839072, 0.26798193741]
    ],
    [
      [0.013427897021, 0.00025853271406, 0.014780616607, 0.88495300652, 0.086579947136],
      [0.00019958360121, 0.20564152689, 0.65763929805, 0.12612849942, 0.010391092038],
      [0.063684838867, 0.028141572153, 0.70693092193, 0.14166228378, 0.059580383262],
      [0.0027612633418, 0.00044425653543, 0.014629506784, 0.93033546499, 0.05182950835],
      [0.60248594484, 0.0029867326747, 0.046059261362, 0.27883040589, 0.069637655235],
      [0.099025150254, 0.097558479325, 0.096452397664, 0.14469351413, 0.56227045862]
    ],
    [
      [0.088446509997, 0.00033242345515, 0.015747285329, 0.85811464871, 0.037359132513],
      [0.0010859465677, 0.30402488374, 0.62820177129, 0.062769472088, 0.0039179263198],
      [0.34594173652, 0.024763264131, 0.55616728027, 0.056244763201, 0.016882955879],
      [0.017545907008, 0.00057641277633, 0.015762524182, 0.94345561798, 0.022659538059],
      [0.99991961739, 2.5932841492e-06, 3.2299066334e-05, 3.0300901273e-05, 1.5189362431e-05],
      [0.61345238628, 0.093253998017, 0.063035537954, 0.052385999304, 0.17787207844]
    ],
    [
      [0.009296514525, 0.00041289053845, 0.011690385572, 0.90784270931, 0.070757500055],
      [0.00014336483206, 0.33075914478, 0.52359734284, 0.13663639402, 0.0088637535283],
      [0.052892359553, 0.05360070302, 0.65582854253, 0.17856469271, 0.059113702189],
      [0.0018951578734, 0.00070265022111, 0.011455626139, 0.94395525665, 0.04199130912],
      [0.49788126266, 0.0061555876157, 0.046974485546, 0.37511533271, 0.073873331465],
      [0.075409975918, 0.17131196995, 0.084423844315, 0.16735345981, 0.50150075001]
    ],
    [
      [0.058305080642, 0.00015387407799, 0.027591330259, 0.84274758043, 0.071202134587],
      [0.00049500936375, 0.070500636091, 0.86287599352, 0.061197782541, 0.004930578481],
      [0.13924216989, 0.0085604393613, 0.77047594564, 0.057834555212, 0.023886889892],
      [0.012148585759, 0.00027014209769, 0.02795495777, 0.91629440015, 0.043331914223],
      [0.92917090643, 0.00034015889294, 0.016613786708, 0.043243219437, 0.010631928528],
      [0.34253883697, 0.042871694846, 0.13791840104, 0.090030637539, 0.3866404296]
    ],
    [
      [0.0063857281316, 0.00029071386523, 0.012829575745, 0.903509001, 0.076984981262],
      [0.00010103733544, 0.2475357023, 0.60686812096, 0.13565360461, 0.0098415347886],
      [0.03462300864, 0.036197248451, 0.70436572603, 0.16412596522, 0.060688051661],
      [0.0013002547269, 0.00049425930233, 0.012565207233, 0.94004438371, 0.045595895028],
      [0.41987763462, 0.0050064651772, 0.059572208171, 0.42304267536, 0.09250101667],
      [0.052704642376, 0.12436678368, 0.094017754485, 0.16439079255, 0.56452002691]
    ],
    [
      [0.0042192534567, 0.0013919468552, 0.027964802016, 0.89751317196, 0.068910825708],
      [2.184602292e-05, 0.49315412402, 0.46650334833, 0.037326790827, 0.0029938907953],
      [0.010598389177, 0.087384452805, 0.8110111531, 0.065256964329, 0.025749040591],
      [0.0008491024567, 0.002334800083, 0.027057535368, 0.92969158709, 0.040066974998],
      [0.33734759961, 0.026067266869, 0.14101930921, 0.40569452507, 0.089871299248],
      [0.020452384315, 0.43849597814, 0.12652589254, 0.082611518315, 0.3319142267]
    ],
    [
      [0.0016536919714, 0.0004357923535, 0.013568654662, 0.91711443335, 0.067227427658],
      [2.2334064597e-05, 0.32793148852, 0.55125905615, 0.11351382376, 0.0072732975054],
      [0.0086020563434, 0.053164639482, 0.73087112589, 0.15640380609, 0.050958372195],
      [0.00033475848008, 0.0007345892624, 0.013175890033, 0.94632498704, 0.039429775187],
      [0.14974265326, 0.011023212836, 0.092561871984, 0.62761829015, 0.11905397177],
      [0.01381071827, 0.19760685408, 0.10276536851, 0.16725769587, 0.51855936326]
    ],
    [
      [0.012798573375, 0.0010316611387, 0.047103162505, 0.71786104976, 0.22120555322],
      [5.3914689725e-05, 0.26484759661, 0.70130179757, 0.026355800537, 0.0074408905927],
      [0.01905366573, 0.037816126158, 0.86330898956, 0.032776378384, 0.047044840166],
      [0.002768713088, 0.0018702040528, 0.049321794391, 0.80743663078, 0.13860265769],
      [0.60275948689, 0.0088454118285, 0.10924835652, 0.15014712947, 0.12899961528],
      [0.03826356471, 0.17241709697, 0.12847184698, 0.042933931063, 0.61791356027]
    ],
    [
      [0.0070987980951, 0.00017312367932, 0.014489032766, 0.93158329352, 0.046655751944],
      [0.0001159366887, 0.14801642798, 0.6999108217, 0.14577733069, 0.0061794829362],
      [0.036522679973, 0.02040003568, 0.74571959308, 0.162247577, 0.035110114265],
      [0.0014284956375, 0.00029092557535, 0.01402088143, 0.95692576368, 0.027333933675],
      [0.44661754691, 0.0029165296614, 0.065850034237, 0.42963010485, 0.054985784341],
      [0.078252961221, 0.097505287512, 0.14179594762, 0.22818266781, 0.45426313583]
    ],
    [
      [0.012109336766, 0.00040690713199, 0.028358355405, 0.83815563383, 0.12096976687],
      [0.00010579599742, 0.18897801098, 0.7327057039, 0.069717516245, 0.0084929728763],
      [0.034525746655, 0.02662640033, 0.80853855919, 0.080284296337, 0.050024997492],
      [0.0025271795895, 0.00070961621935, 0.028483908449, 0.89493618139, 0.073343114354],
      [0.54368875689, 0.0047355149211, 0.089029100087, 0.26458319068, 0.097963437419],
      [0.065434771795, 0.11310842997, 0.13602130764, 0.10005107067, 0.58538441991]
    ],
    [
      [0.015227577107, 0.0015705090821, 0.014711076226, 0.91788044394, 0.050610393646],
      [0.00010852850167, 0.6264115467, 0.30812794876, 0.062411707561, 0.0029402684831],
      [0.064436079728, 0.15392250915, 0.61955555473, 0.13077199414, 0.031313862263],
      [0.0030842793997, 0.0026585881263, 0.014339332456, 0.95006567083, 0.029852129183],
      [0.63169508224, 0.017028907454, 0.042935359046, 0.27009824871, 0.038242402552],
      [0.086041556325, 0.47477928545, 0.073903899072, 0.11437145497, 0.25090380418]
    ],
    [
