{
  "Z_true": {},
  "V_true": [
    [493, 289, 47, 1051, 63],
    [14, 155, 32, 1938, 37],
    [740, 5504, 110, 9229, 475],
    [131, 193, 6622, 2141, 691],
    [17, 97, 204, 606, 638],
    [5, 64, 219, 517, 503],
    [55, 106, 179, 479, 591]
  ],
  "p_true": [
    [0.2537, 0.1487, 0.0242, 0.5409, 0.0324],
    [0.0064, 0.0712, 0.0147, 0.8906, 0.017],
    [0.0461, 0.3428, 0.0069, 0.5747, 0.0296],
    [0.0134, 0.0197, 0.6772, 0.219, 0.0707],
    [0.0109, 0.0621, 0.1306, 0.388, 0.4085],
    [0.0038, 0.0489, 0.1674, 0.3953, 0.3846],
    [0.039, 0.0752, 0.127, 0.3397, 0.4191]
  ],
  "Z_est": [
    [
      [3, 2, 11, 6, 5, 1.3048, 3, 1.9989, 1.1393, 1.556, 1.9283, 2, 2, 3, 2, 3, 4, 3, 4, 2, 2, 2, 3, 3, 2, 1, 3, 3, 5, 2, 2.9999, 5, 2, 2, 3, 3, 1, 4, 8, 8, 4, 3, 1, 3, 3, 5, 1.9987, 7, 2.0008, 1.5728, 4, 3, 2, 2, 1.9998, 5, 3, 7, 3, 17, 5],
      [4, 6.7697e-06, 17, 9, 6, 0.6756, 2, 2.0034, 0.279, 0.7638, 2.0164, 3, 1, 6, 2, 2, 2, 2, 9, 4, 1, 6, 1, 2, 3, 2, 2, 3, 12, 4, 2, 14, 2, 3, 1, 7, 2, 5, 12, 14, 6, 4, 2, 6, 3, 7, 1.9956, 10, 2.9996, 0.7937, 9, 4, 3, 3, 2.9998, 10, 2, 18, 5, 45, 7],
      [4, 1, 25, 18, 12, 1.84, 5, 2.0003, 0.4107, 1.3656, 1.0374, 2, 1, 3, 1, 1, 4, 3, 12, 5, 3, 4, 1, 2, 2, 1.5325e-15, 1, 4, 15, 4, 2, 15, 3, 6, 4, 7, 3, 7, 20, 18, 8, 7, 2, 7, 4, 10, 1.0053, 9, 1.9992, 1.4203, 11, 3, 4, 6, 1.9999, 5, 2, 25, 4, 42, 8],
      [15, 3, 62, 37, 18, 1.6025, 10, 3.9996, 1.1165, 2.3374, 1.9908, 6, 4, 12, 5, 5, 9, 12, 25, 13, 7, 12, 4, 7, 6, 2, 5, 7, 20, 7, 4.0001, 27, 7, 6, 4, 16, 6, 14, 44, 62, 24, 17, 6, 19, 10, 23, 3.0007, 29, 8, 1.9993, 21, 11, 7, 9, 4.0002, 24, 3, 47, 9, 73, 15],
      [2, 1, 10, 5, 1, 0.5771, 1, 0.9979, 0.0544, 0.9772, 0.027, 1, 2.9657e-11, 2, 1, 7.6546e-20, 1, 2, 4, 2, 1, 2, 4.8017e-12, 1, 1, 1.2017e-10, 1.0369e-11, 1, 4, 2, 1, 5, 1, 1, 1, 2, 2, 2, 5, 8, 4, 2, 1, 3, 1, 4, 0.9998, 3, 1.0004, 0.2139, 5, 2, 1, 1, 0.0002, 4, 2.5369e-17, 9, 3, 15, 3]
    ],
    [
      [3, 1, 3, 2, 1, 0.2725, 2.7688e-06, 0.9946, 0.0942, 0.2467, 0.0003, 1, 2, 5.4677e-22, 2, 2, 2, 2, 4, 3, 1.1595e-10, 3, 3.6971e-12, 9.6882e-14, 2, 2.6738e-15, 5.7097e-13, 1.4831e-08, 2, 3, 1, 3, 2.0735e-09, 2, 1.6426e-16, 3, 3, 2, 3, 6, 2, 3, 2, 3, 1, 3, 0.9934, 4, 1.9992, 0.0002, 1, 2, 1, 1, 0, 5, 2.5395e-17, 3, 1, 8, 2],
      [5, 3, 7, 7, 3, 0.2199, 4, 0.9975, 1.3971, 0.8132, 2.9652, 9, 9, 11, 4, 17, 7, 6, 12, 6, 8, 18, 6, 6, 10, 9, 9, 4, 7, 9, 2.9999, 10, 7, 6, 6, 16, 6, 7, 8, 16, 12, 13, 5, 13, 3, 9, 0.9968, 13, 3.0004, 1.5748, 4, 4, 6, 6, 3, 10, 27, 14, 7, 25, 1],
      [5, 3, 7, 8, 3, 0.7412, 2, 0.009, 0.1666, 0.1003, 1.0052, 5, 5, 6, 3, 7, 11, 8, 15, 8, 9, 12, 5, 4, 7, 5, 5, 1, 7, 8, 1, 11, 5, 10, 8, 16, 9, 7, 11, 17, 11, 16, 5, 13, 3, 10, 0.002, 9, 1.9996, 0.2134, 5, 2, 7, 7, 2.0001, 5, 29, 17, 6, 21, 1],
      [17, 8, 19, 17, 4, 0.57, 5, 0.9961, 1.2664, 0.729, 2.0193, 13, 17, 17, 8, 29, 23, 25, 32, 20, 24, 34, 12, 12, 18, 16, 17, 2, 10, 15, 3, 19, 11, 11, 8, 34, 18, 14, 25, 60, 35, 41, 16, 36, 8, 23, 0.0042, 29, 9.0012, 0.9994, 9, 8, 11, 11, 2.9998, 25, 39, 32, 11, 37, 1],
      [2, 2, 3, 2, 7.678e-11, 0.1964, 5.7612e-07, 0.0029, 0.0757, 0.1107, 0.01, 3, 2, 3, 1, 4, 4, 4, 5, 3, 4, 6, 2, 2, 4, 3, 2, 2.197e-09, 2, 4, 0, 4, 2, 2, 1, 6, 5, 2, 3, 7, 6, 6, 3, 6, 1, 4, 0.0036, 4, 0.9996, 0.2122, 2, 1, 1, 1, 0.0002, 4, 10, 6, 3, 7, 1.603e-10]
    ],
    [
      [10, 2, 25, 12, 11, 1.8346, 5, 4.9932, 1.195, 1.3465, 1.036, 4, 6, 10, 5, 12, 7, 6, 21, 9, 3, 14, 4, 6, 6, 2, 4, 5, 17, 7, 2, 19, 2, 5, 4, 18, 5, 14, 33, 29, 17, 12, 8, 13, 5, 14, 1.9973, 32, 5.9996, 0.0049, 8, 7, 3, 4, 2, 17, 2, 31, 9, 96, 13],
      [37, 7, 54, 31, 24, 1.8684, 11, 17.9832, 8.0054, 4.1072, 14.9829, 49, 59, 100, 32, 92, 38, 32, 78, 38, 29, 139, 36, 40, 92, 57, 41, 22, 71, 53, 16, 111, 38, 53, 30, 124, 29, 45, 72, 75, 55, 50, 40, 51, 21, 52, 10.9855, 73, 24.9988, 15.4086, 45, 34, 45, 42, 21.9996, 53, 86, 128, 31, 290, 31],
      [34, 12, 74, 55, 47, 5.4484, 28, 10.9884, 5.6597, 3.2478, 21.8895, 40, 39, 58, 24, 42, 67, 40, 101, 50, 48, 99, 38, 36, 60, 44, 36, 31, 89, 49, 19.9999, 120, 49, 97, 73, 138, 40, 69, 122, 95, 71, 78, 40, 62, 31, 66, 7.0048, 69, 13.0008, 16.9998, 56, 30, 67, 72, 21.0005, 26, 99, 170, 31, 264, 35],
      [121, 30, 187, 111, 70, 5.2067, 48, 23.0289, 18.0352, 9.1506, 26.0288, 92, 126, 192, 62, 175, 133, 128, 212, 116, 114, 272, 88, 104, 161, 121, 104, 46, 118, 88, 31.0001, 213, 96, 104, 67, 283, 78, 128, 266, 318, 214, 192, 117, 162, 64, 150, 17.0148, 206, 59.0016, 25.3736, 101, 92, 104, 114, 33.0002, 119, 134, 317, 63, 458, 59],
      [17, 9, 32, 15, 7, 1.6419, 6, 5.0063, 2.1046, 4.148, 6.0627, 23, 20, 39, 13, 27, 23, 22, 35, 19, 21, 52, 14, 17, 34, 23, 17, 9, 26, 25, 7.9999, 46, 18, 23, 16, 50, 25, 18, 35, 41, 39, 30, 22, 31, 8, 27, 4.9976, 27, 6.9992, 8.2131, 23, 17, 17, 18, 6.9996, 19, 34, 67, 20, 97, 12]
    ],
    [
      [4, 1, 16, 10, 10, 2.5166, 4, 2.0079, 0.3615, 0.746, 1.0346, 2, 1, 3, 2, 3, 5, 3, 13, 5, 2, 6, 2, 3, 2, 1, 1, 4, 12, 4, 1, 10, 2, 5, 5, 11, 3, 9, 20, 14, 9, 8, 3, 6, 3, 9, 1.0075, 14, 0.9996, 0.4203, 7, 3, 3, 3, 1.0001, 5, 2, 21, 6, 62, 7],
      [16, 5, 34, 23, 20, 3.029, 9, 7.0009, 2.9598, 1.1173, 12.9993, 24, 16, 34, 14, 25, 25, 13, 46, 25, 20, 64, 17, 21, 37, 30, 17, 16, 49, 27, 8.9999, 58, 31, 50, 36, 74, 23, 31, 45, 37, 29, 33, 21, 27, 12, 33, 5.0017, 33, 6, 10.7909, 35, 14, 36, 38, 18.0006, 16, 70, 85, 21, 187, 17],
      [17, 12, 52, 45, 40, 9.3438, 23, 7.9885, 2.5553, 1.8223, 18.012, 21, 14, 21, 12, 13, 46, 20, 65, 35, 33, 47, 21, 21, 28, 26, 15, 23, 65, 27, 14.9999, 67, 37, 97, 94, 85, 32, 50, 78, 49, 38, 56, 22, 32, 22, 46, 4.9796, 33, 5.0008, 14.9407, 47, 15, 58, 67, 21.9995, 12, 83, 115, 22, 173, 21],
      [53, 24, 124, 88, 59, 5.7482, 40, 11.9889, 7.7006, 4.2062, 22.9717, 46, 38, 66, 28, 48, 91, 57, 131, 78, 80, 126, 45, 56, 67, 66, 43, 33, 84, 47, 21, 114, 78, 103, 86, 171, 60, 89, 168, 162, 117, 132, 61, 87, 42, 99, 9.01, 94, 15.9988, 21.6423, 81, 41, 87, 104, 30.9993, 40, 111, 213, 42, 297, 34],
      [7, 7, 21, 12, 6, 2.3624, 5, 2.0139, 0.4229, 1.1083, 4.9824, 12, 6, 13, 5, 7, 16, 9, 22, 13, 15, 24, 7, 9, 14, 12, 7, 6, 19, 13, 5.0002, 24, 14, 23, 20, 30, 19, 12, 22, 21, 21, 21, 11, 16, 5, 18, 2.0011, 12, 2.0008, 7.2059, 18, 7, 14, 16, 6.0004, 6, 28, 45, 13, 63, 7]
    ],
    [
      [1, 6.7863e-06, 1, 1, 2.7365e-10, 0.0389, 6.4237e-08, 0.0003, 0, 0.0293, 0.0003, 2.0336e-13, 4.8081e-12, 1, 7.336e-09, 1.7149e-21, 3.2625e-24, 9.2552e-16, 1, 2.0648e-17, 1.328e-14, 1, 7.5747e-12, 2.3852e-15, 1.5843e-14, 1.2017e-10, 1.2123e-12, 2.6758e-08, 2, 9.5258e-13, 1.3541e-06, 1, 1.2709e-13, 2.2973e-17, 8.7146e-17, 1, 1.0494e-13, 1, 2, 3, 1, 1, 7.3141e-19, 2, 1.0503e-11, 1, 0.0005, 3, 2.1233e-10, 0.001, 5.7093e-19, 1.0459e-13, 7.4724e-19, 6.0692e-18, 1.3761e-06, 1, 3.469e-22, 2, 1, 8, 1],
      [3, 1, 3, 2, 1, 0.1135, 3.1001e-06, 0.003, 0, 0.5122, 1.0003, 5, 8, 11, 2, 4, 4, 2, 5, 3, 1, 14, 4, 5, 11, 6, 3, 3.5638e-09, 8, 5, 2.0001, 10, 6, 4, 4, 12, 3, 3, 5, 7, 4, 5, 3, 8, 1, 4, 0.007, 6, 0.0004, 2.4224, 3, 2, 4, 6, 0, 4, 6, 11, 4, 25, 2],
      [5, 2, 6, 5, 2, 0.3214, 1, 0.002, 0, 0.209, 1.0069, 4, 6, 6, 3, 2, 8, 4, 8, 7, 3, 10, 5, 6, 7, 6, 2, 9.2097e-08, 11, 7, 2, 12, 7, 9, 13, 15, 7, 5, 10, 9, 5, 8, 5, 9, 2, 5, 0.0044, 6, 0.9996, 3.0021, 5, 3, 9, 10, 1.5146e-06, 3, 9, 15, 4, 22, 5],
      [14, 6, 15, 12, 7, 0.4442, 5, 0.9935, 0, 1.1606, 2.9898, 11, 20, 23, 6, 11, 18, 12, 17, 10, 9, 30, 14, 15, 22, 14, 9, 3, 14, 9, 5.9999, 20, 17, 10, 13, 29, 12, 10, 24, 34, 19, 23, 11, 28, 5, 13, 2.9821, 21, 5.6134e-08, 7.7787, 10, 7, 13, 18, 1, 10, 12, 30, 12, 42, 6],
      [1, 1, 2, 1, 1.4612e-11, 0.0821, 3.6355e-06, 0.0012, 0, 0.0889, 0.0027, 2, 3, 4, 1, 1, 2, 1, 2, 1, 1, 5, 2, 2, 4, 2, 1, 1.0804e-07, 3, 2, 1, 4, 2, 2, 2, 5, 3, 1, 2, 4, 3, 3, 1, 4, 1.205e-11, 2, 0.006, 2, 1.7955e-08, 0.7958, 1, 1, 1, 2, 1.407e-06, 1, 2, 6, 3, 8, 1]
    ],
    [
      [2.0435e-16, 8.1168e-07, 3, 1, 1, 0.0326, 3.0957e-06, 0.0037, 0.1218, 0, 0.0004, 1.8756e-13, 3.0032e-11, 5.238e-26, 6.9382e-11, 6.3727e-20, 6.4146e-25, 4.6271e-16, 2, 2.7607e-17, 1.0693e-16, 1, 7.088e-13, 2.682e-15, 1.0562e-14, 2.4034e-10, 2.7893e-14, 5.534e-08, 3.0687e-20, 5.2121e-17, 0, 1.9204e-24, 2.0734e-09, 1.6514e-17, 9.5806e-17, 1, 1.0343e-13, 2.7004e-16, 3, 1, 3, 1, 3.8581e-19, 1, 3.6982e-12, 8.5807e-26, 0.0013, 2, 8.4789e-08, 0.0005, 1, 4.0258e-13, 9.1468e-22, 5.5686e-18, 0.0001, 1, 3.8066e-17, 3, 1, 5, 1],
      [1, 7.4707e-06, 6, 2, 2, 0.0936, 5.3781e-06, 0.006, 1.1201, 0, 1.0352, 3, 3, 4, 1, 4, 3, 3, 7, 2, 2, 10, 1, 2, 6, 3, 2, 2, 3, 4, 1.0001, 5, 2, 7, 2, 8, 2, 2, 6, 4, 9, 5, 5, 5, 1, 2, 1.0102, 6, 0.0004, 1.0061, 6, 2, 4, 4, 0.9999, 3, 2, 12, 3, 16, 2],
      [1, 1, 8, 4, 4, 0.3052, 1, 0.0049, 0.9862, 0, 1.0296, 2, 2, 2, 1, 2, 6, 4, 10, 3, 3, 7, 1, 2, 4, 2, 1, 3, 5, 4, 2, 5, 2, 15, 6, 9, 4, 3, 11, 5, 12, 8, 5, 5, 1, 3, 1.0028, 5, 8.3631e-08, 1.4193, 7, 2, 6, 7, 1.9999, 1, 2, 16, 3, 15, 3],
      [8, 4, 23, 12, 6, 0.4284, 4, 1.9923, 4.0055, 0, 2.9608, 9, 10, 9, 5, 10, 14, 15, 22, 9, 9, 21, 5, 7, 14, 9, 6, 6, 8, 10, 3.9999, 13, 5, 18, 6, 22, 10, 9, 26, 20, 38, 22, 17, 15, 5, 11, 4.9812, 18, 2.9996, 1.9985, 16, 10, 11, 13, 3.0003, 11, 5, 30, 7, 26, 8],
      [1, 1, 4, 1, 1, 0.1402, 2, 0.9932, 0.7663, 0, 0.974, 2, 2, 3, 1, 2, 3, 3, 4, 2, 2, 4, 1, 1, 2, 2, 2, 1, 2, 2, 2, 2, 2, 4, 2, 3, 3, 1, 5, 3, 8, 4, 4, 5, 1, 2, 0.0046, 3, 8.7891e-08, 1.5757, 3, 2, 3, 3, 1.9997, 1, 1, 7, 3, 7, 1]
    ],
    [
      [2.4729e-16, 2.2727e-07, 2, 1, 1.1061e-10, 0, 2.0861e-09, 0.0014, 0.0883, 0.0755, 0.0001, 1.9564e-13, 7.2674e-11, 1, 1.4133e-10, 2.8282e-21, 5.5355e-24, 4.6271e-16, 2.8562e-26, 3.6418e-19, 1.0309e-15, 1, 4.1803e-12, 1.6375e-14, 1.0562e-14, 4.7419e-17, 4.1534e-14, 4.4541e-09, 1, 1.0519e-18, 2.0292e-07, 2, 2.0734e-09, 7.3627e-17, 8.0847e-17, 1, 1.0095e-15, 2.8649e-16, 2, 2, 1, 1.1214e-31, 1, 1, 6.7821e-10, 1, 0.0012, 3, 0.0008, 0.0003, 4.554e-19, 1.5144e-13, 2.7611e-20, 1.6759e-17, 3.66e-06, 1, 1.2697e-17, 2, 1, 6, 1.6129e-10],
      [2, 4.4643e-06, 4, 2, 4.6821e-12, 0, 1.8559e-06, 0.006, 0.2384, 0.6863, 0.0006, 4, 4, 10, 5, 7, 4, 2, 2, 3, 2, 13, 3, 1, 7, 5, 3, 2, 7, 3, 2, 13, 2, 1, 2, 10, 3, 2, 5, 6, 5, 2, 5, 4, 2, 4, 1.0033, 6, 2.0004, 0.0036, 3, 3, 5, 3, 1, 4, 17, 8, 4, 19, 1],
      [2, 1, 6, 5, 4.9311e-12, 0, 1, 0.007, 0.2215, 0.2551, 0.0193, 3, 3, 5, 4, 3, 7, 3, 3, 4, 3, 9, 3, 1, 4, 4, 2, 2, 9, 3, 3.0002, 14, 2, 3, 6, 12, 5, 4, 8, 7, 6, 4, 6, 5, 3, 5, 1.0011, 6, 1, 0.0044, 3, 3, 9, 6, 2, 2, 20, 10, 3, 18, 1],
      [9, 4, 17, 10, 1, 0, 2, 1.0008, 0.8758, 1.4162, 0.0389, 9, 10, 19, 11, 14, 15, 10, 7, 9, 8, 26, 8, 4, 12, 12, 8, 4, 12, 7, 4.9999, 25, 5, 4, 6, 24, 11, 8, 18, 25, 20, 11, 18, 13, 6, 13, 2.007, 19, 7.9988, 1.2083, 6, 10, 14, 9, 3.0001, 11, 28, 20, 8, 31, 3],
      [4, 3, 5, 3, 2, 0, 2, 1.9847, 0.5761, 1.5669, 1.9411, 5, 4, 5, 4, 4, 5, 4, 3, 3, 3, 7, 3, 2, 5, 4, 4, 3, 4, 4, 3.9999, 8, 2, 3, 3, 7, 6, 3, 4, 5, 5, 4, 5, 4, 2, 4, 2.9874, 5, 2, 1.7834, 4, 4, 4, 3, 1.9999, 5, 9, 6, 4, 9, 2]
    ]
  ],
  "V_est": [
    [212.4991, 325.527, 388.0788, 878.0472, 138.8479],
    [107.6011, 467.9648, 427.2374, 1007.5853, 165.6114],
    [655.4072, 3102.3398, 3436.2397, 7484.8405, 1379.1728],
    [380.0941, 1794.8994, 2294.6423, 4482.266, 826.0982],
    [37.0703, 269.0588, 345.5454, 798.3488, 111.9767],
    [32.1604, 207.2716, 252.7478, 673.3663, 142.4538],
    [30.1677, 240.9386, 268.5085, 636.5459, 233.8393]
  ],
  "p_est": [
    [0.1094, 0.1675, 0.1997, 0.4519, 0.0715],
    [0.0494, 0.2151, 0.1963, 0.463, 0.0761],
    [0.0408, 0.1932, 0.214, 0.4661, 0.0859],
    [0.0389, 0.1836, 0.2347, 0.4584, 0.0845],
    [0.0237, 0.1723, 0.2212, 0.5111, 0.0717],
    [0.0246, 0.1585, 0.1932, 0.5148, 0.1089],
    [0.0214, 0.1709, 0.1904, 0.4515, 0.1658]
  ],
  "EI_Z": {},
  "EI_V": 32.7449,
  "MAE_Z": {},
  "MAE_V": 640.5829,
  "MAE_p": 0.1286,
  "runtime": 0.5773
}
