{
  "X": [
    [42, 554, 494, 78],
    [102, 1260, 1099, 183],
    [11, 302, 339, 42],
    [1, 17, 9, 2],
    [0, 3, 12, 1],
    [5, 70, 57, 13],
    [70, 1147, 1528, 211],
    [12, 150, 178, 26],
    [14, 216, 236, 33],
    [115, 1672, 1872, 256],
    [3, 67, 48, 10],
    [56, 738, 962, 98],
    [54, 1436, 1874, 223],
    [7, 106, 199, 33],
    [18, 502, 457, 78],
    [11, 75, 106, 27],
    [7, 103, 204, 21],
    [2, 192, 163, 33],
    [33, 350, 587, 81],
    [2, 11, 22, 10],
    [20, 308, 288, 46],
    [4, 45, 94, 14],
    [37, 317, 580, 69],
    [32, 299, 687, 91],
    [8, 65, 127, 12],
    [30, 321, 276, 53],
    [23, 243, 149, 39],
    [19, 206, 187, 30],
    [13, 142, 93, 27],
    [22, 317, 238, 49],
    [22, 286, 268, 41],
    [17, 122, 99, 22],
    [28, 410, 233, 49],
    [8, 168, 61, 20],
    [14, 143, 129, 24],
    [2, 23, 12, 1],
    [3, 16, 14, 5],
    [12, 184, 61, 18],
    [4, 30, 135, 16],
    [1, 9, 7, 0],
    [11, 116, 175, 22],
    [19, 185, 208, 47],
    [7, 88, 74, 10],
    [6, 105, 103, 20],
    [11, 144, 141, 17],
    [6, 178, 150, 27],
    [23, 174, 241, 36],
    [2, 142, 121, 27],
    [13, 250, 168, 45],
    [12, 168, 125, 43],
    [13, 157, 91, 14],
    [2, 101, 47, 9],
    [1, 44, 25, 9],
    [1, 63, 43, 9],
    [14, 70, 189, 20],
    [26, 283, 282, 42],
    [16, 208, 139, 17],
    [22, 264, 212, 39],
    [11, 224, 157, 25],
    [18, 158, 214, 36],
    [6, 74, 102, 22],
    [6, 39, 88, 16],
    [0, 3, 16, 2],
    [17, 147, 181, 29],
    [1, 58, 26, 7],
    [11, 190, 212, 42],
    [5, 49, 67, 14],
    [27, 329, 360, 51],
    [16, 238, 445, 84],
    [85, 931, 1491, 316],
    [55, 670, 950, 237],
    [0, 0, 3, 0]
  ],
  "W": [
    [74, 17, 544, 430, 103],
    [276, 55, 1154, 957, 202],
    [57, 41, 343, 221, 32],
    [4, 0, 10, 15, 0],
    [3, 0, 6, 7, 0],
    [18, 6, 57, 54, 10],
    [238, 148, 1520, 827, 223],
    [40, 33, 174, 89, 30],
    [45, 15, 241, 166, 32],
    [310, 193, 1867, 1224, 321],
    [5, 0, 54, 60, 9],
    [114, 79, 998, 521, 142],
    [265, 254, 1766, 1052, 250],
    [16, 36, 186, 78, 29],
    [91, 76, 447, 360, 81],
    [20, 15, 101, 53, 30],
    [19, 16, 195, 77, 28],
    [27, 9, 172, 143, 39],
    [54, 54, 593, 256, 94],
    [3, 5, 25, 5, 7],
    [59, 21, 310, 220, 52],
    [15, 4, 94, 34, 10],
    [56, 21, 595, 230, 101],
    [66, 30, 666, 231, 116],
    [8, 13, 112, 54, 25],
    [65, 15, 304, 225, 71],
    [41, 12, 179, 184, 38],
    [48, 25, 206, 127, 36],
    [33, 11, 93, 114, 24],
    [62, 23, 254, 220, 67],
    [62, 22, 307, 164, 62],
    [31, 9, 112, 88, 20],
    [75, 16, 260, 305, 64],
    [37, 8, 59, 129, 24],
    [25, 13, 129, 109, 34],
    [6, 0, 14, 15, 3],
    [5, 0, 15, 10, 8],
    [34, 4, 78, 134, 25],
    [3, 9, 124, 27, 22],
    [2, 2, 7, 6, 0],
    [16, 19, 167, 85, 37],
    [41, 20, 215, 132, 51],
    [17, 7, 76, 62, 17],
    [21, 11, 112, 66, 24],
    [22, 21, 149, 92, 29],
    [47, 14, 164, 107, 29],
    [45, 13, 239, 117, 60],
    [23, 19, 122, 95, 33],
    [44, 26, 157, 185, 64],
    [37, 28, 110, 122, 51],
    [30, 15, 87, 120, 23],
    [25, 4, 48, 58, 24],
    [4, 7, 20, 38, 10],
    [12, 4, 39, 55, 6],
    [13, 12, 180, 50, 38],
    [45, 17, 291, 212, 68],
    [27, 22, 146, 149, 36],
    [59, 23, 224, 179, 52],
    [41, 11, 193, 147, 25],
    [41, 16, 230, 101, 38],
    [22, 6, 104, 49, 23],
    [7, 4, 97, 24, 17],
    [1, 1, 15, 2, 2],
    [33, 13, 187, 93, 48],
    [17, 7, 23, 37, 8],
    [38, 13, 227, 126, 51],
    [4, 0, 77, 46, 8],
    [63, 21, 388, 235, 60],
    [35, 85, 412, 164, 87],
    [159, 185, 1479, 648, 352],
    [127, 83, 941, 486, 275],
    [0, 0, 3, 0, 0]
  ],
  "method": "mult",
  "cond_prob": [
    [
      [0.067126728671, 0.88845916776, 0.021857681146, 0.022556422425],
      [5.6891201591e-06, 0.13329192658, 0.75386166616, 0.11284071814],
      [0.020126534791, 0.12149860443, 0.8235632794, 0.034811581378],
      [0.025659362804, 0.93739784067, 0.022819202613, 0.014123593916],
      [0.14611810127, 0.16322084015, 0.21103108889, 0.4796299697]
    ],
    [
      [0.074076905758, 0.8731543717, 0.025707918333, 0.027060804214],
      [3.2674799157e-05, 0.12196926701, 0.75534292316, 0.12265513503],
      [0.021278851773, 0.094291674203, 0.84276446771, 0.041665006312],
      [0.028864339069, 0.91404053048, 0.037441557526, 0.019653572922],
      [0.14541588842, 0.14233516843, 0.20781676967, 0.50443217347]
    ],
    [
      [0.036768002146, 0.90952418978, 0.026178756571, 0.027529051506],
      [0, 0.12371526489, 0.75168993212, 0.12459480299],
      [0.010095439926, 0.10010211154, 0.84963358296, 0.040168865581],
      [0.013717277423, 0.9312843307, 0.037202064325, 0.017796327551],
      [0.075311552266, 0.1542479369, 0.22007964026, 0.55036087058]
    ],
    [
      [0.083105257733, 0.81898088338, 0.028060513064, 0.069853345824],
      [2.1341166514e-06, 0.087742060805, 0.62052415631, 0.29173164876],
      [0.020086059696, 0.068950614516, 0.81364630018, 0.09731702561],
      [0.03111455814, 0.86897135476, 0.050086329731, 0.049827757374],
      [0.038425745748, 0.027628439745, 0.04311245739, 0.89083335712]
    ],
    [
      [8.690679473e-49, 0.57698429558, 0.2825788569, 0.14043684752],
      [8.3266726847e-17, 0.016269044806, 0.82052374753, 0.16320720766],
      [0, 0, 0.98185781544, 0.01814218456],
      [7.5576824292e-33, 0.18129244475, 0.75158807666, 0.067119478583],
      [0, 0, 0, 1]
    ],
    [
      [0.069187628831, 0.86351326206, 0.027852935747, 0.039446173363],
      [0.00016876089977, 0.11081951446, 0.72908392806, 0.15992779658],
      [0.019899936841, 0.075455948492, 0.84280948183, 0.061834632833],
      [0.027622632866, 0.89563139262, 0.043177353052, 0.033568621465],
      [0.11276915409, 0.11267599309, 0.17524260588, 0.59931224694]
    ],
    [
      [0.050345430728, 0.89348525357, 0.029473667303, 0.026695648402],
      [0, 0.11703701792, 0.76617523321, 0.11678774887],
      [0.013033958545, 0.082369304271, 0.8671943503, 0.037402386885],
      [0.018852211808, 0.91751284948, 0.04616425852, 0.017470680188],
      [0.10141431091, 0.1481818923, 0.22994653999, 0.5204572568]
    ],
    [
      [0.062482431297, 0.89527947196, 0.020339557028, 0.021898539715],
      [3.7228253415e-05, 0.13586039119, 0.75334428776, 0.11075809279],
      [0.018688515232, 0.12320605193, 0.82498360261, 0.033121830224],
      [0.023757344962, 0.93613306641, 0.02646452833, 0.013645060299],
      [0.13777562879, 0.16505774219, 0.21411887822, 0.48304775079]
    ],
    [
      [0.059865143668, 0.88235132466, 0.029636819081, 0.028146712591],
      [7.1631981921e-06, 0.11568297505, 0.76213338049, 0.12217648126],
      [0.015885911503, 0.079080221002, 0.86427830999, 0.040755557506],
      [0.022735972301, 0.9098491234, 0.047915341054, 0.019499563244],
      [0.11572765664, 0.13955181308, 0.21841634724, 0.52630418303]
    ],
    [
      [0.058535148405, 0.89255241874, 0.026445104327, 0.022467328524],
      [0, 0.12493850615, 0.76939464089, 0.10566685296],
      [0.015723179768, 0.099802358686, 0.85317498327, 0.031299478274],
      [0.021862802906, 0.92579331942, 0.038833527487, 0.013510350187],
      [0.12691232589, 0.16103922699, 0.23332997057, 0.47871847654]
    ],
    [
      [0.049004615557, 0.89438866516, 0.023719977451, 0.032886741833],
      [1.6807277864e-06, 0.12287333373, 0.72580697364, 0.15131801191],
      [0.014725444228, 0.10408309775, 0.82769000627, 0.053501451759],
      [0.019297547454, 0.92864896727, 0.026189858359, 0.025863626915],
      [0.089105565186, 0.13207015106, 0.17941647476, 0.59940780899]
    ],
    [
      [0.061430816044, 0.89594373374, 0.024671178937, 0.017954271281],
      [0, 0.13198238351, 0.77835688949, 0.089660727005],
      [0.016388947521, 0.11366308277, 0.84673165194, 0.023216317773],
      [0.022665715068, 0.93395396607, 0.033804987178, 0.0095753316868],
      [0.14670337883, 0.17894389532, 0.2468077773, 0.42754494855]
    ],
    [
      [0.033429617146, 0.91284345554, 0.030537635592, 0.02318929172],
      [0, 0.11816386966, 0.77913229224, 0.1027038381],
      [0.007983367685, 0.084294223861, 0.87886504532, 0.028857363136],
      [0.012050867652, 0.92574835639, 0.049224672605, 0.012976103351],
      [0.073460045418, 0.1653279645, 0.25659159491, 0.50462039517]
    ],
    [
      [0.047729411725, 0.88992117537, 0.029548863205, 0.032800549697],
      [6.0767409235e-05, 0.10783895166, 0.75543417779, 0.13666610314],
      [0.012483302134, 0.069936040889, 0.86851658, 0.049064076974],
      [0.018057889894, 0.91179628744, 0.046832242801, 0.023313579864],
      [0.086335592309, 0.1293394796, 0.21153755066, 0.57278737743]
    ],
    [
      [0.034033759753, 0.91828782831, 0.022195547179, 0.025482864756],
      [0, 0.13347436447, 0.74393010939, 0.12259552614],
      [0.0098195978345, 0.12045572293, 0.83180319141, 0.037921487822],
      [0.01265819343, 0.94706290175, 0.02506976209, 0.015209142729],
      [0.073538493773, 0.16673337215, 0.21728859233, 0.54243954175]
    ],
    [
      [0.089985625725, 0.84543952985, 0.028924291756, 0.035650552674],
      [0.00049953827517, 0.10565429505, 0.75080566826, 0.14304049842],
      [0.026643299218, 0.060326376299, 0.85196747645, 0.061062848032],
      [0.036256312196, 0.88892994801, 0.044607321563, 0.030206418229],
      [0.1526745548, 0.11000479088, 0.19155086589, 0.54576978843]
    ],
    [
      [0.048274952081, 0.89379267089, 0.035061947747, 0.022870429286],
      [0, 0.10513608189, 0.80116171564, 0.093702202466],
      [0.0098067473031, 0.052005362148, 0.91413786944, 0.024050021113],
      [0.01748138327, 0.90929815617, 0.060113636474, 0.013106824082],
      [0.10087120266, 0.14924136781, 0.27248574979, 0.47740167974]
    ],
    [
      [0.0094220306764, 0.94117386653, 0.022882671876, 0.026521430913],
      [0, 0.13265859423, 0.74027907697, 0.1270623288],
      [0.0026309386732, 0.12500872361, 0.83503974601, 0.037320591702],
      [0.0033901997881, 0.95873684618, 0.024125262373, 0.013747691658],
      [0.020725260263, 0.17419253309, 0.22161300854, 0.58346919811]
    ],
    [
      [0.066519233191, 0.87946896193, 0.028142278887, 0.025869525994],
      [0, 0.11684906812, 0.76840146472, 0.11474946716],
      [0.017651960697, 0.082363680826, 0.86282562568, 0.0371587328],
      [0.025304195155, 0.91343995283, 0.043893458023, 0.017362393997],
      [0.13257951867, 0.14379293324, 0.22440762303, 0.49921992506]
    ],
    [
      [0.074633942271, 0.86118366012, 0.011469724434, 0.052712673178],
      [0.0020173249593, 0.1210664434, 0.63370401255, 0.24321221909],
      [0.033631989633, 0.10359970651, 0.72183542243, 0.14093288142],
      [0.029699561805, 0.91254631707, 0.015109642883, 0.042644478238],
      [0.11095914265, 0.094056079216, 0.096519569813, 0.69846520832]
    ],
    [
      [0.057642250514, 0.8966382852, 0.021078384335, 0.024641079947],
      [2.5537789963e-05, 0.13261553984, 0.74644272272, 0.12091619965],
      [0.017383366706, 0.12115157253, 0.82300860325, 0.038456457519],
      [0.022048941912, 0.93840518227, 0.0235602181, 0.01598565772],
      [0.12228769281, 0.15975552412, 0.20702236843, 0.51093441464]
    ],
    [
      [0.064254497538, 0.8502710088, 0.041665175984, 0.043809317675],
      [0, 0.088245355563, 0.76041352981, 0.15134111462],
      [0.013641211467, 0.012071944986, 0.91524734869, 0.059039494858],
      [0.024267603553, 0.87697223225, 0.067124975699, 0.031635188501],
      [0.092881013826, 0.094113472062, 0.20178682905, 0.61121868507]
    ],
    [
      [0.074923518032, 0.87209760751, 0.030620866385, 0.022358008076],
      [0, 0.11365873024, 0.7882419922, 0.09809927755],
      [0.017958483873, 0.070901425724, 0.88298106973, 0.028159020675],
      [0.028196794601, 0.90776257332, 0.05002965914, 0.014010972935],
      [0.15478932998, 0.14657386608, 0.24605536194, 0.452581442]
    ],
    [
      [0.064942880529, 0.86729199371, 0.038557714034, 0.029207411726],
      [0, 0.095438182668, 0.79584021703, 0.1087216003],
      [0.012979259124, 0.028676568556, 0.92447853007, 0.033865642245],
      [0.024244430587, 0.89076187043, 0.065840871528, 0.019152827454],
      [0.11611310209, 0.12095686385, 0.25575898285, 0.50717105121]
    ],
    [
      [0.078975030782, 0.86883308111, 0.035743959168, 0.016447928944],
      [0, 0.10009981264, 0.83166889693, 0.068231290437],
      [0.013248125005, 0.042278408398, 0.93270882383, 0.011764642771],
      [0.027753454018, 0.89378627614, 0.071609713138, 0.0068505567036],
      [0.17542892945, 0.14993588539, 0.30288159554, 0.37175358962]
    ],
    [
      [0.074776789565, 0.88357758729, 0.018192101817, 0.023453521327],
      [4.9713079122e-05, 0.13609377255, 0.74465658639, 0.11919992799],
      [0.02383853247, 0.12864270451, 0.80896366897, 0.03855509405],
      [0.029266320936, 0.93796236161, 0.016863749005, 0.015907568452],
      [0.15925249156, 0.16024136204, 0.19617416469, 0.4843319817]
    ],
    [
      [0.089492063969, 0.86897143327, 0.011103883561, 0.030432619201],
      [0.00021744194654, 0.14398601024, 0.6968044895, 0.15899205831],
      [0.04409006713, 0.14566490824, 0.7516168769, 0.058628147732],
      [0.027089906616, 0.94659971599, 0, 0.026310377395],
      [0.16977766422, 0.14199928413, 0.1485175246, 0.53970552706]
    ],
    [
      [0.076056244864, 0.89143773713, 0.011431240112, 0.021074777894],
      [0.00016596423792, 0.15025901775, 0.73241252899, 0.11716248903],
      [0.026260296749, 0.15742204816, 0.78022707587, 0.036090579219],
      [0.029828466351, 0.95166646307, 0.0050789800893, 0.013426090486],
      [0.170758744, 0.17122029008, 0.18803275413, 0.46998821179]
    ],
    [
      [0.087177151912, 0.85050061351, 0.023442159666, 0.038880074917],
      [0.00030768715292, 0.11606401503, 0.72231996867, 0.16130832915],
      [0.026858215009, 0.08573149072, 0.82380020645, 0.063610087824],
      [0.036499980368, 0.89421016987, 0.031959918002, 0.037329931756],
      [0.1442065696, 0.11432448277, 0.16766830099, 0.57380064664]
    ],
    [
      [0.058485975157, 0.90338430196, 0.016011198016, 0.022118524867],
      [1.860420829e-05, 0.14238195197, 0.74005630195, 0.11754314187],
      [0.018476430177, 0.14104570176, 0.80517925652, 0.035298611548],
      [0.022298840781, 0.9556024171, 0.0092977651612, 0.012800976956],
      [0.13096542398, 0.17398878171, 0.20037270577, 0.49467308853]
    ],
    [
      [0.05749232867, 0.91478066478, 0.010611044001, 0.01711596255],
      [0, 0.15824810106, 0.73764546292, 0.10410643602],
      [0.019184854301, 0.17876055791, 0.77519386334, 0.026860724449],
      [0.02155981076, 0.96652095647, 0.0032533468342, 0.0086658859411],
      [0.14532123206, 0.20021310358, 0.20315887356, 0.4513067908]
    ],
    [
      [0.11932570312, 0.83314334386, 0.014795232471, 0.032735720544],
      [0.00042515412482, 0.12852001097, 0.71654284664, 0.15451198827],
      [0.041886496766, 0.11322135865, 0.78499292423, 0.059899220357],
      [0.050607479036, 0.90802858686, 0.012672618708, 0.028691315399],
      [0.20761655116, 0.12142842147, 0.15290321069, 0.51805181668]
    ],
    [
      [0.066709065929, 0.89666872178, 0.01415711896, 0.022465093334],
      [2.9168307574e-05, 0.14385070501, 0.73480829778, 0.1213118289],
      [0.021819417953, 0.14142067272, 0.79911100727, 0.037648902061],
      [0.025882950456, 0.96006287297, 0.00049122698083, 0.013562949595],
      [0.14732820009, 0.1696825535, 0.19160308118, 0.49138616524]
    ],
    [
      [0.051688410744, 0.90473154056, 0.01678305685, 0.026796991847],
      [4.2584673032e-05, 0.13573118461, 0.73014048738, 0.13408574333],
      [0.015969952758, 0.11876206426, 0.82180957414, 0.043458408842],
      [0.020060202667, 0.95092231972, 0.01153268675, 0.017484790862],
      [0.10654978202, 0.15679760363, 0.19014256385, 0.5465100505]
    ],
    [
      [0.079375749192, 0.87434702868, 0.023590424474, 0.022686797657],
      [4.2886127612e-05, 0.12733833839, 0.76244319073, 0.11017558475],
      [0.023176960067, 0.10583318946, 0.83649213477, 0.034497715705],
      [0.030714125882, 0.92326983238, 0.031092319622, 0.014923722118],
      [0.16698179943, 0.15285390338, 0.2118214613, 0.46834283588]
    ],
    [
      [0.08273779323, 0.90597962573, 0.0060014752133, 0.0052811058311],
      [3.5050780935e-06, 0.14879407886, 0.79645520351, 0.054747212551],
      [0.034595175084, 0.15779766349, 0.80441738831, 0.0031897731188],
      [0.01833764957, 0.98166235043, 0, 0],
      [0.24805868197, 0.21000656679, 0.23404923746, 0.30788551378]
    ],
    [
      [0.099860730072, 0.85643284825, 0.017369455122, 0.026336966551],
      [3.5896196148e-06, 0.12298349243, 0.75395663399, 0.12305628396],
      [0.034029150207, 0.1005891217, 0.82062131158, 0.044760416518],
      [0.041053166854, 0.91539674005, 0.022923180286, 0.020626912806],
      [0.1974659285, 0.13187894159, 0.17182515599, 0.49882997393]
    ],
    [
      [0.068812843545, 0.90932406127, 0.0016475386769, 0.020215556508],
      [1.8970988836e-05, 0.16796087071, 0.69877215609, 0.13324800222],
      [0.072162197548, 0.19269355113, 0.69475670209, 0.040387549232],
      [0, 0.99070496771, 0, 0.0092950322929],
      [0.16126544107, 0.18506303093, 0.15831489189, 0.4953566361]
    ],
    [
      [0.060977813318, 0.86288251178, 0.043367559631, 0.032772115273],
      [0, 0.074474894954, 0.82447896039, 0.10104614466],
      [0.0086469317035, 0.0052525473414, 0.96122182889, 0.024878692068],
      [0.022444775286, 0.8832144382, 0.074186509923, 0.020154276587],
      [0.097219913458, 0.10195330492, 0.28432018762, 0.516506594]
    ],
    [
      [0.14847363569, 0.85114254622, 0.0003838180964, 0],
      [0.0014640329759, 0.16863621605, 0.82989975097, 0],
      [0.07304747915, 0.16417639773, 0.76277612312, 0],
      [0.031465384771, 0.96853461523, 0, 0],
      [0.56927603068, 0.19488934525, 0.23583462407, 0]
    ],
    [
      [0.064551281627, 0.88838587017, 0.028474893385, 0.018587954818],
      [0, 0.12101995476, 0.79155158852, 0.087428456725],
      [0.015078725046, 0.090018459172, 0.87454033365, 0.020362482136],
      [0.023372223315, 0.92124961805, 0.046303395534, 0.0090747631019],
      [0.14763225485, 0.16613910057, 0.25732154553, 0.42890709905]
    ],
    [
      [0.074791762201, 0.86933815579, 0.023884455102, 0.031985626907],
      [0.00020919174167, 0.12048852972, 0.73865637374, 0.1406459048],
      [0.023179818939, 0.092700639183, 0.82951724601, 0.054602295866],
      [0.029871111807, 0.91161644001, 0.032634152993, 0.025878295187],
      [0.13730796244, 0.13104622573, 0.18811164272, 0.54353416912]
    ],
    [
      [0.06822664937, 0.89589964816, 0.019980387674, 0.015893314796],
      [0, 0.13842062864, 0.772935279, 0.088644092362],
      [0.019191416268, 0.13039247633, 0.82912220697, 0.021293900433],
      [0.0248637699, 0.948077104, 0.020877144842, 0.0061819812562],
      [0.16706150533, 0.18295017245, 0.23188916157, 0.41809916065]
    ],
    [
      [0.044116440047, 0.91621531708, 0.015746268112, 0.023921974758],
      [4.4948892781e-05, 0.14472125357, 0.72883140925, 0.12640238829],
      [0.014356764699, 0.15020096079, 0.7966233474, 0.038818927106],
      [0.01674384364, 0.95712537343, 0.011546432428, 0.014584350499],
      [0.098333708115, 0.17394842903, 0.19451264244, 0.53320522042]
    ],
    [
      [0.061472064935, 0.90942477139, 0.014994832335, 0.014108331338],
      [0, 0.15967933862, 0.75471348522, 0.085607176163],
      [0.018818323307, 0.17124445798, 0.79116704658, 0.018770172131],
      [0.022303417249, 0.96806404793, 0.0047154593132, 0.0049170755104],
      [0.16523344868, 0.20903697481, 0.22425580352, 0.40147377299]
    ],
    [
      [0.029517452942, 0.93187507877, 0.014029871889, 0.024577596397],
      [1.4045161803e-05, 0.14252578246, 0.72923695732, 0.12822321507],
      [0.0092795691261, 0.14732175643, 0.80444943822, 0.03894923623],
      [0.011049863362, 0.96217148812, 0.012269653037, 0.014508995485],
      [0.065803391827, 0.17563424347, 0.20305923712, 0.55550312758]
    ],
    [
      [0.083646436947, 0.86490130744, 0.030873534395, 0.020578721221],
      [0, 0.11647135778, 0.78849841723, 0.095030224988],
      [0.020731728237, 0.077800758414, 0.87482876671, 0.02663874664],
      [0.031544418539, 0.90690621462, 0.048900216871, 0.012649149969],
      [0.17650550533, 0.14771508571, 0.24258018185, 0.43319922712]
    ],
    [
      [0.011748539611, 0.94689533556, 0.017511720298, 0.023844404534],
      [0, 0.14688709415, 0.72776811277, 0.12534479309],
      [0.0034916245472, 0.15162037166, 0.81053934715, 0.034348656642],
      [0.0042107549388, 0.97546090049, 0.0097505674652, 0.010577777102],
      [0.027387384091, 0.18982065466, 0.21083430391, 0.57195765734]
    ],
    [
      [0.043535779577, 0.91233197076, 0.0207475402, 0.023384709466],
      [0, 0.13547870777, 0.74667458637, 0.11784670586],
      [0.012620887135, 0.12263677439, 0.82993032899, 0.034812009485],
      [0.016058328037, 0.95187340255, 0.020129761729, 0.01193850768],
      [0.095814933306, 0.17163115365, 0.21328908459, 0.51926482846]
    ],
    [
      [0.055094769016, 0.89120998614, 0.021494685527, 0.032200559312],
      [0.00033588763954, 0.12569034414, 0.73170917691, 0.14226459131],
      [0.017026259415, 0.10332491323, 0.8271747964, 0.052474030955],
      [0.022127186389, 0.92556075072, 0.025231017212, 0.027081045682],
      [0.10548398858, 0.14160291831, 0.18920447016, 0.56370862295]
    ],
    [
      [0.083664481957, 0.88171428372, 0.018558235142, 0.016062999176],
      [0, 0.13935372701, 0.77138306262, 0.089263210365],
      [0.024809513663, 0.12388538189, 0.82691581722, 0.024389287233],
      [0.031317983383, 0.94699370791, 0.014979973425, 0.0067083352843],
      [0.19884694985, 0.17569532217, 0.2231840912, 0.40227363678]
    ],
    [
      [0.015181564914, 0.98401350866, 0.00080492642772, 0],
      [0, 0.16725299195, 0.7622339976, 0.070513010451],
      [0.0034006771753, 0.21209956214, 0.78449976069, 0],
      [0, 1, 0, 0],
      [0.060717848864, 0.31457797222, 0.26145634733, 0.36324783159]
    ],
    [
      [0.022761584815, 0.92239932262, 0.023849335552, 0.030989757014],
      [6.7801737826e-05, 0.12533789766, 0.73270915566, 0.14188514494],
      [0.0064936905009, 0.1054118121, 0.84114660725, 0.046947890151],
      [0.0086853355377, 0.94361096978, 0.026334589599, 0.02136910508],
      [0.044856248813, 0.14675843322, 0.19519920185, 0.61318611613]
    ],
    [
      [0.019433249746, 0.90264340971, 0.036743894453, 0.041179446087],
      [8.567163259e-06, 0.10123664529, 0.74457748421, 0.15417730334],
      [0.0046569434027, 0.058860177398, 0.88110798241, 0.055374896786],
      [0.0072339314312, 0.88696260674, 0.07313543193, 0.032668029898],
      [0.031213285494, 0.11414036883, 0.19918387657, 0.6554624691]
    ],
    [
      [0.097832286361, 0.84772440059, 0.035013441674, 0.019429871375],
      [0, 0.099912634922, 0.82022729269, 0.079860072385],
      [0.018621060416, 0.044679511585, 0.91852372998, 0.018175698016],
      [0.03675959277, 0.89258648567, 0.05904418691, 0.011609734654],
      [0.19837920431, 0.1344472317, 0.27409518431, 0.39307837968]
    ],
    [
      [0.072587243017, 0.88401095249, 0.024188148238, 0.019213656252],
      [0, 0.12999925263, 0.77352799491, 0.096472752464],
      [0.019954495224, 0.11134372399, 0.84237032086, 0.026331459922],
      [0.027044090916, 0.93013202718, 0.032582727957, 0.010241153947],
      [0.16460983353, 0.16794862352, 0.23123905467, 0.43620248827]
    ],
    [
      [0.07131201613, 0.90399331407, 0.01318390783, 0.011510761971],
      [0, 0.16435781899, 0.76103231158, 0.074609869429],
      [0.033343983796, 0.17225514424, 0.77891134028, 0.015489531683],
      [0.013398238759, 0.98615407904, 0, 0.0004476822022],
      [0.20027823209, 0.21916943517, 0.22722966536, 0.35332266738]
    ],
    [
      [0.070156034875, 0.89164773778, 0.016373450498, 0.021822776846],
      [5.5729636554e-05, 0.13988725528, 0.74552326813, 0.11453374695],
      [0.022179573548, 0.13470355269, 0.80810930033, 0.035007573433],
      [0.0271286982, 0.94579530926, 0.013562689062, 0.013513303483],
      [0.15452405208, 0.16739270078, 0.20082166611, 0.47726158103]
    ],
    [
      [0.04887656238, 0.92083356236, 0.0079500343888, 0.022339840869],
      [3.5227878081e-05, 0.1585037743, 0.71099401958, 0.13046697824],
      [0.028236428786, 0.18420830886, 0.74778976418, 0.039765498176],
      [0.0048096901174, 0.98230325101, 0, 0.012887058871],
      [0.11356072931, 0.18206003673, 0.1811875955, 0.52319163846]
    ],
    [
      [0.08046583703, 0.86751098852, 0.023347364353, 0.028675810098],
      [0.00012841157323, 0.12323947311, 0.74515640637, 0.13147570896],
      [0.02470001817, 0.099439553149, 0.82823568765, 0.047624741027],
      [0.03159528608, 0.9147681106, 0.032680095869, 0.02095650745],
      [0.15333468483, 0.13677740806, 0.19277257148, 0.51711533563]
    ],
    [
      [0.054699166502, 0.87905162793, 0.030829848008, 0.035419357559],
      [6.1072319879e-05, 0.10969021378, 0.7486831536, 0.14156556031],
      [0.015005980585, 0.065604038181, 0.86417917993, 0.055210801304],
      [0.021034948349, 0.90583915268, 0.046682851591, 0.026443047375],
      [0.095865976224, 0.12146888915, 0.20293695572, 0.57972817891]
    ],
    [
      [0.078099234308, 0.86547709103, 0.025035860747, 0.031387813915],
      [0.00010573659857, 0.11677263857, 0.74188374195, 0.14123788288],
      [0.024008768944, 0.087551536709, 0.83343028879, 0.055009405557],
      [0.030380862715, 0.91092926129, 0.03580165401, 0.022888221984],
      [0.14087594828, 0.12469226334, 0.18560213518, 0.5488296532]
    ],
    [
      [0, 0.91944575308, 0.043045436738, 0.037508810183],
      [0, 0.068205137413, 0.80720813765, 0.12458672493],
      [0, 0.0014540062568, 0.97142045734, 0.027125536405],
      [0, 0.91560594443, 0.061948642641, 0.022445412934],
      [0, 0.079663563402, 0.22727114013, 0.69306529647]
    ],
    [
      [0.074167102389, 0.88357954058, 0.023068905476, 0.019184451554],
      [0, 0.13162845567, 0.76988847134, 0.098483072993],
      [0.020828831088, 0.11572953031, 0.83684540947, 0.026596229128],
      [0.027939990001, 0.92942056567, 0.031569855249, 0.011069589076],
      [0.1678973987, 0.16777438461, 0.22508516421, 0.43924305248]
    ],
    [
      [0.018010989511, 0.95052089064, 0.0099589850582, 0.021509134793],
      [0, 0.14498283698, 0.73010615196, 0.12491101106],
      [0.0054284716371, 0.1348863895, 0.8236668341, 0.03601830477],
      [0.0065470505582, 0.98106379096, 0.0041068801715, 0.0082822783086],
      [0.040839682501, 0.17806472204, 0.20295780496, 0.5781377905]
    ],
    [
      [0.042228017562, 0.9091801006, 0.021979344848, 0.02661253699],
      [1.8482194454e-05, 0.13119698793, 0.7413632695, 0.12742126037],
      [0.012616920118, 0.11958020875, 0.82645336965, 0.041349501474],
      [0.015975297676, 0.9398584777, 0.026801579533, 0.017364645088],
      [0.088591503727, 0.16036705404, 0.20676761686, 0.54427382537]
    ],
    [
      [0.088920794117, 0.83626553806, 0.026467452818, 0.048346215002],
      [2.7490652162e-06, 0.1035853618, 0.69768543055, 0.19872645859],
      [0.026267921551, 0.059161215573, 0.82864588943, 0.085924973445],
      [0.036114805023, 0.8781204782, 0.042126080058, 0.043638636716],
      [0.12005072912, 0.08824778141, 0.14382462749, 0.64787686197]
    ],
    [
      [0.068559756271, 0.88454489965, 0.023138263389, 0.023757080688],
      [1.9521118209e-05, 0.1289471357, 0.7561070372, 0.11492630598],
      [0.020173853695, 0.11123773128, 0.83213696161, 0.03645145342],
      [0.026312801522, 0.9279281814, 0.030096756941, 0.015662260136],
      [0.14448936367, 0.15570698513, 0.212036044, 0.4877676072]
    ],
    [
      [0.042850456347, 0.89819588271, 0.028126082257, 0.030827578684],
      [5.3303529615e-05, 0.11413680307, 0.75350083892, 0.13230905448],
      [0.011540365468, 0.082248055337, 0.85975879971, 0.046452779484],
      [0.0161801545, 0.92002577526, 0.042389414525, 0.021404655712],
      [0.081465831233, 0.13897804485, 0.21604053275, 0.56351559117]
    ],
    [
      [0.056812338133, 0.8851907681, 0.02667468589, 0.031322207874],
      [0.00013505817568, 0.11722974973, 0.74653390551, 0.13610128659],
      [0.016437342402, 0.086136724577, 0.84621325496, 0.051212678062],
      [0.021982861918, 0.91589746905, 0.038794232395, 0.023325436639],
      [0.10621059244, 0.13542439937, 0.20443717542, 0.55392783277]
    ],
    [
      [0.050944870675, 0.88677645748, 0.028603709903, 0.033674961938],
      [9.3102427204e-05, 0.1129451896, 0.74784333485, 0.13911837312],
      [0.014361543409, 0.074551141823, 0.85649824957, 0.054589065197],
      [0.019743935221, 0.91046673412, 0.043597474113, 0.026191856551],
      [0.092409123846, 0.12860175246, 0.20779311558, 0.57119600811]
    ],
    [
      [-0, -0, 1, 0],
      [0, 0, 1, -0],
      [0, 0, 1, 0],
      [0, -0, 1, 0],
      [-0, 0, 1, -0]
    ]
  ],
  "expected_outcome": [
    [
      [4.9673779216, 20.4452259891, 2.0957761223, 0.33242103093, 2.6072038419e-48, 1.245377319, 11.9822125132, 2.4992972519, 2.6939314651, 18.1458960054, 0.24502307779, 7.003113029, 8.8588485438, 0.7636705876, 3.0970721375, 1.7997125145, 0.91722408954, 0.25439482826, 3.5920385923, 0.22390182681, 3.4008927803, 0.96381746308, 4.1957170098, 4.2862301149, 0.63180024626, 4.8604913217, 3.6691746227, 3.6506997535, 2.8768460131, 3.6261304598, 3.5645243775, 3.6990967968, 5.0031799447, 1.9124711975, 1.9843937298, 0.49642675938, 0.49930365036, 2.3396366805, 0.18293343995, 0.29694727137, 1.032820506, 3.0664622502, 1.1598530393, 0.92644524098, 1.3523854286, 1.3873202883, 3.7640896626, 0.27021641104, 1.9155743014, 2.0385064536, 2.5099344587, 0.37953912286, 0.091046339258, 0.23319899696, 1.2718197227, 3.2664259357, 1.9254244355, 4.1392060576, 2.0039390576, 3.2990993182, 1.203381663, 0.54669464015, 0, 2.4475143788, 0.30618682169, 1.6046646674, 0.35568317647, 4.319264645, 1.4997659721, 9.0331617632, 6.4699985758, 0],
      [65.7459784141, 240.990606588, 51.8428788173, 3.2759235335, 1.7309528867, 15.5432387171, 212.6494903489, 35.8111788784, 39.7058096097, 276.6912498106, 4.4719433258, 102.1375856462, 241.9035157188, 14.238738806, 83.5641923764, 16.9087905969, 16.9820607468, 25.4116943964, 47.4913239441, 2.5835509803, 52.901658827, 12.754065132, 48.8374660204, 57.2412715849, 6.9506646488, 57.4325431739, 35.627828764, 42.7890113823, 28.0665202457, 56.0098267215, 56.7164012163, 25.8274436598, 67.2501541333, 33.4750670007, 21.8586757169, 5.4358777544, 4.2821642413, 30.9170180832, 2.5886475353, 1.7022850924, 14.2141739227, 35.6428643874, 15.2302940187, 19.2405216587, 20.0073449706, 43.7981287023, 38.9205588347, 21.7785927178, 40.1426067133, 32.9747694874, 26.4514285117, 24.6003377164, 3.6895972905, 10.8317209166, 11.0204172077, 39.7804928622, 24.4078194798, 52.6072165291, 37.7541760568, 35.5679505293, 19.3391358145, 6.0583396372, 0.91944575308, 29.1581248392, 16.1588551408, 34.5488438228, 3.3450621523, 55.7263286781, 31.4368558949, 140.7453321284, 112.6206101004, 0],
      [1.6174684048, 7.09538546, 1.4921891246, 0.11224205226, 0.84773657071, 0.50135284345, 7.0147328181, 0.81358228112, 1.3336568586, 8.1979823415, 0.11859988725, 2.8125143988, 8.0924734318, 0.47278181128, 2.0197947933, 0.57848583512, 0.66617700719, 0.61783214064, 1.5196830599, 0.034409173303, 1.2436246758, 0.62497763975, 1.7147685176, 2.5448091262, 0.28595167334, 1.1824866181, 0.45525922601, 0.54869952538, 0.77359126897, 0.99269427697, 0.65788472808, 0.4586522066, 1.061783922, 0.62097310345, 0.58976061184, 0.03600885128, 0.086847275608, 0.056016315015, 0.13010267889, 0.0007676361928, 0.45559829416, 0.97926265918, 0.33966659045, 0.33067163036, 0.32988631137, 0.6594039788, 1.3893090478, 0.40276956684, 0.91289176881, 0.79530336449, 0.55674705427, 0.020123160693, 0.095397342208, 0.44092673344, 0.45517474177, 1.0884666707, 0.35596551142, 0.96603357939, 0.32595140994, 0.95724193848, 0.67825665618, 0.17525102523, 0.043045436738, 0.7612738807, 0.16930274599, 0.83521510421, 0.10586981127, 1.4577105935, 0.984412879, 4.2412750564, 3.6326711577, 0],
      [1.6691752594, 7.4687819629, 1.5691559358, 0.27941338329, 0.42131054256, 0.71003112054, 6.3535643197, 0.87594158858, 1.2666020666, 6.9648718425, 0.16443370916, 2.046786926, 6.1451623057, 0.52480879515, 2.3189406928, 0.71301105348, 0.43453815644, 0.71607863466, 1.3969544037, 0.15813801954, 1.4538237169, 0.65713976513, 1.2520484523, 1.9276891739, 0.13158343156, 1.5244788863, 1.2477373872, 1.0115893389, 1.2830424722, 1.3713485417, 1.0611896781, 1.0148073368, 1.6848820001, 0.99148869835, 0.56716994142, 0.031686634987, 0.13168483276, 0.68732892126, 0.098316345818, 0, 0.29740727709, 1.3114107032, 0.27018635154, 0.50236146992, 0.31038328944, 1.1551470307, 0.92604245493, 0.54842130427, 1.0289272165, 1.1914206945, 0.48188997528, 0, 0.12395902806, 0.49415335305, 0.25258832788, 0.86461453135, 0.31079057322, 1.2875438339, 0.91593347563, 1.175708214, 0.7792258663, 0.21971469741, 0.037508810183, 0.63308690127, 0.36565529149, 1.0112764056, 0.19338486001, 1.4966960833, 1.078965254, 4.980231052, 4.2767201661, 0]
    ],
    [
      [9.6715042705e-05, 0.0017971139536, 0, 0, 0, 0.0010125653986, 0, 0.0012285323627, 0.00010744797288, 0, 0, 0, 0, 0.0021876267325, 0, 0.0074930741275, 0, 0, 0, 0.010086624797, 0.00053629358922, 0, 0, 0, 0, 0.00074569618683, 0.0026093033585, 0.004149105948, 0.0033845586821, 0.00042789679066, 0, 0.0038263871233, 0.00046669292118, 0.00034067738425, 0.00055751965895, 0, 0, 7.5883955344e-05, 0, 0.0029280659518, 0, 0.0041838348335, 0, 0.00049443782059, 0, 0.00019663226525, 0, 0, 0, 0.009404853907, 0, 0, 0.00047461216478, 3.4268653036e-05, 0, 0, 0, 0.0012817816407, 0.00038750665889, 0.0020545851718, 0.00036643391927, 0.00042294639429, 0, 0, 0, 0.0002402685279, 0, 0.00040994348238, 0.0045308000173, 0.024985762501, 0.0077275014579, 0],
      [2.2659627519, 6.7083096854, 5.0723258605, 0, 0, 0.66491708675, 17.3214786524, 4.4833929093, 1.7352446258, 24.113131687, 0, 10.4266082971, 30.0136228932, 3.8822022598, 10.1440516995, 1.5848144257, 1.6821773103, 1.1939273481, 6.3098496787, 0.60533221701, 2.7849263367, 0.35298142225, 2.3868333351, 2.86314548, 1.3012975643, 2.0414065882, 1.7278321229, 3.7564754436, 1.2767041653, 3.2747848954, 3.4814582234, 1.1566800987, 2.3016112802, 1.0858494769, 1.6553983991, 0, 0, 0.67184348284, 0.67027405458, 0.3372724321, 2.2993791404, 2.4097705944, 0.96894440045, 1.5919337893, 3.3532661111, 1.9953609544, 1.5141276511, 2.7908547888, 3.5224464021, 3.519329636, 2.0903059052, 0.66901196779, 0.87736528359, 0.40494658118, 1.1989516191, 2.2099872946, 3.6158720177, 3.2174068715, 1.7435415173, 1.9718315697, 0.65814128266, 0.46709055429, 0.068205137413, 1.7111699237, 1.0148798589, 1.7055608431, 0, 2.7078898497, 9.7016282613, 21.6875036997, 9.3744507364, 0],
      [12.8156483247, 41.543860774, 30.8192872167, 0, 0, 4.3745035684, 113.3939345148, 24.8603614962, 11.4320007074, 148.4931656912, 0, 61.4901942695, 197.89960223, 27.1956304005, 56.5386883138, 11.2620850238, 12.8185874503, 6.6625116927, 41.4936790947, 3.1685200627, 15.675297177, 3.0416541192, 16.5530818363, 23.875206511, 10.81169566, 11.1698487958, 8.361653874, 18.3103132247, 7.9455196554, 17.0212949449, 16.2282001842, 6.4488856197, 11.7569327645, 5.8411238991, 9.9117614795, 0, 0, 2.7950886243, 7.4203106435, 1.6597995019, 15.0394801818, 14.7731274747, 5.410546953, 8.0171455017, 15.8489831895, 10.2093174024, 10.250479424, 13.8275941425, 19.4135392455, 20.4878569534, 11.5707459393, 3.0489359904, 5.1289640896, 2.9783099368, 9.8427275123, 13.1499759135, 16.7427108548, 17.1470351669, 7.8209342154, 11.9225025019, 4.4920989216, 2.9675349678, 0.80720813765, 10.0085501274, 5.1107430637, 9.6377225035, 0, 15.8782477811, 64.0475713082, 138.1087725186, 62.0709967928, 0],
      [1.9182922084, 6.7460324266, 5.1083869227, 0, 0, 0.9595667795, 17.2845868328, 3.6550170621, 1.8326472188, 20.3937026219, 0, 7.0831974334, 26.0867748769, 4.9199797129, 9.3172599866, 2.1456074763, 1.4992352395, 1.1435609592, 6.1964712265, 1.2160610955, 2.5392401927, 0.6053644585, 2.0600848286, 3.261648009, 0.88700677568, 1.7879989198, 1.9079046998, 2.9290622257, 1.7743916206, 2.7034922629, 2.2903415924, 1.3906078944, 1.9409892624, 1.0726859467, 1.4322826017, 0, 0, 0.53299200886, 0.9094153019, 0, 1.6611406778, 2.812918096, 0.62050864653, 1.3904262712, 1.7977506994, 1.7951250109, 1.2353929248, 2.3815510686, 3.0640143523, 3.9834085567, 1.3389481555, 0.2820520418, 0.9931960146, 0.61670921335, 0.95832086862, 1.6400367919, 1.6414171274, 2.6342761799, 1.4351367607, 2.1036113433, 0.84939336185, 0.56495153151, 0.12458672493, 1.2802799489, 0.87437707743, 1.6564763849, 0, 2.4134524257, 11.2462696305, 25.1787380192, 11.5468249693, 0]
    ],
    [
      [10.9488349263, 24.5557949465, 3.4627358947, 0.20086059696, 0, 1.1342963999, 19.8116169883, 3.2518016504, 3.8285046723, 29.3551766269, 0.79517398829, 16.3561696259, 14.0986273317, 2.321894197, 4.389360232, 2.6909732211, 1.9123157241, 0.4525214518, 10.4676126934, 0.84079974083, 5.388843679, 1.2822738779, 10.6852979044, 8.6441865769, 1.4837900005, 7.2469138707, 7.8921220162, 5.4096211302, 2.4978139959, 4.6930132649, 5.8897502703, 4.6912876378, 5.6730486679, 0.94222721271, 2.9898278486, 0.48433245117, 0.5104372531, 5.6286514087, 1.0722195312, 0.51133235405, 2.5181470827, 4.9836610719, 1.4585476363, 1.6079576462, 2.8039301728, 1.5218493367, 4.9548830487, 0.42597819476, 1.9814792802, 1.8728885357, 2.1584276887, 0.16323250441, 0.12987381002, 0.1816207927, 3.3517908749, 5.8067581101, 4.8682216342, 4.9682244748, 5.4496307557, 5.681004179, 1.5606219808, 2.3288505875, 0, 3.8949914135, 0.12485484765, 2.8640408669, 2.0226299595, 7.8274552335, 4.7546305726, 24.3108294123, 13.514212348, 0],
      [66.0952408121, 108.8125920306, 34.3350242566, 0.68950614516, 0, 4.3009890641, 125.2013424922, 21.4378530361, 19.0583332614, 186.3310036671, 5.6204872783, 113.4357566014, 148.8635993385, 13.0081036054, 53.8437081498, 6.0929640062, 10.1410456189, 21.5015004611, 48.8416627297, 2.5899926628, 37.5569874831, 1.1347628287, 42.186348306, 19.0985946586, 4.7351817406, 39.1073821711, 26.0740185744, 32.4289419207, 7.9730286369, 35.825608246, 54.8794912778, 12.6807921686, 36.769374907, 7.0069617913, 13.6524814399, 2.2091672888, 1.5088368255, 15.0300969879, 0.65131587034, 1.1492347841, 15.0330826817, 19.9306374244, 9.909828201, 16.8225076086, 25.5154242396, 24.1607680543, 18.5943812609, 18.4976853426, 19.2539735786, 11.3657404552, 10.7780282242, 10.1807789825, 2.108236242, 2.2955469185, 8.0423120854, 32.4010236815, 25.1492510594, 30.1735958021, 35.552203609, 22.8710972242, 6.8228199709, 8.4924990608, 0.021810093852, 21.641422168, 3.1023869584, 27.1447073874, 4.5554135991, 43.1602397351, 33.8861987988, 127.3962156488, 70.1526244556, 0],
      [448.0184239919, 972.5501957394, 291.4243189546, 8.1364630018, 5.8911468926, 48.0401404646, 1318.135412454, 143.5471468546, 208.2910727072, 1592.8776937694, 44.6952603384, 845.0381886352, 1552.0756700312, 161.5440838805, 371.8160265616, 86.0487151215, 178.25688454, 143.6268363143, 511.6555960262, 18.0458855609, 255.1326670071, 86.0332507768, 525.3737364877, 615.7027010293, 104.4633882685, 245.9249553669, 134.5394209653, 160.72677763, 76.6134191996, 204.5155311558, 237.9845160462, 87.9192075135, 207.7688618892, 48.4867648743, 107.9074853855, 11.2618434363, 12.3093196736, 54.1910227633, 119.191506782, 5.3394328619, 146.048235719, 178.3462078926, 63.0132877297, 89.2218149093, 117.8838899401, 131.9297078673, 209.0840752435, 98.8858003523, 130.299061652, 90.9892276042, 71.9416760978, 37.655988513, 16.8229321449, 34.3632113142, 165.3342713968, 245.129763371, 113.7210556807, 181.0164832741, 144.3234244873, 190.4942081605, 89.8746347127, 80.8427380126, 14.5713068601, 156.4900915716, 18.9443371842, 187.6049149111, 63.8057334861, 322.8691411045, 354.2206254813, 1251.5494040857, 805.964852846, 3],
