{
  "Z_true": {},
  "V_true": [
    [50, 1732, 523, 2049, 168, 82],
    [73, 521, 2500, 1553, 160, 128],
    [973, 540, 208, 7186, 14364, 313],
    [124, 87, 142, 361, 117, 448],
    [505, 141, 97, 567, 1157, 190]
  ],
  "p_true": [
    [0.0109, 0.3762, 0.1136, 0.445, 0.0365, 0.0178],
    [0.0148, 0.1056, 0.5066, 0.3147, 0.0324, 0.0259],
    [0.0413, 0.0229, 0.0088, 0.3047, 0.6091, 0.0133],
    [0.097, 0.068, 0.111, 0.2823, 0.0915, 0.3503],
    [0.1901, 0.0531, 0.0365, 0.2134, 0.4355, 0.0715]
  ],
  "Z_est": [
    [
      [0, 0, 0, 0, 0, 0.0059, 0, 0.0107, 0, 0, 0, 0, 0.0704, 0.2267, 0, 0, 0, 0.1009, 0, 0.0179, 0, 0.0441, 0.1857, 0, 0, 0, 0.0621, 0.0062, 0.0301, 0.0321, 0, 0.0169, 0, 0.0003, 0.0051, 0.0051, 0.004, 0.0096, 0.018, 0, 0, 0, 0.0689, 0.0055, 0.2423, 0],
      [2.9652, 6.2573, 5.3349, 11.6366, 2.4574, 17.6722, 66.0354, 70.702, 26.9194, 63.1521, 32.8384, 63.6839, 14.9973, 7.5033, 28.8019, 2.5826, 10.1482, 0, 2.3732, 55.124, 26.6483, 6.3788, 56.7935, 30.2088, 137.6294, 18.5234, 65.7721, 1.4127, 85.7107, 74.8304, 67.4365, 2.5716, 13.8025, 6.6351, 31.3649, 28.7445, 21.0322, 47.9776, 52.777, 13.806, 4.738, 0.9076, 358.274, 172.1121, 281.3649, 184.7577],
      [0.4042, 0.3728, 0.1806, 2.0198, 0.0883, 2.0987, 8.5914, 8.8557, 3.7384, 9.9576, 4.6567, 7.9099, 2.6546, 3.2627, 3.834, 0.1817, 0.364, 0.2197, 0, 4.9225, 2.8366, 0.874, 10.8204, 2.3349, 12.2428, 2.426, 7.0544, 0.4693, 5.7532, 7.009, 3.9178, 0.0751, 1.3809, 1.0626, 3.3947, 3.4847, 1.9846, 5.0375, 6.7348, 1.2806, 0.2896, 0.1831, 42.9976, 16.7666, 28.9285, 19.0369],
      [3.5909, 2.3342, 1.4846, 15.1187, 2.4543, 11.0744, 60.2776, 48.4936, 24.0236, 61.9492, 39.117, 59.5036, 9.0306, 15.824, 31.7655, 0.2356, 6.2904, 0.6793, 0.5712, 46.4021, 23.2186, 9.6084, 67.0931, 17.194, 118.442, 19.8722, 75.4396, 1.0865, 59.7481, 68.9714, 39.1699, 2.3013, 11.6638, 4.2765, 24.8422, 39.1005, 25.6949, 51.3465, 63.8897, 7.7869, 1.9476, 2.8087, 394.7255, 120.7734, 172.8258, 172.3176],
      [0, 0, 0, 0.008, 0, 0, 0.0289, 0.0328, 0.008, 0.0337, 0.0333, 0.0306, 0.0581, 0.0897, 0.0524, 0, 0.1974, 0, 0.0557, 0.0095, 0.0003, 0.0393, 0.2417, 0, 0.0707, 0.0423, 0.1048, 0, 0.0205, 0.0012, 0.0243, 0.0133, 0.002, 0.003, 0, 0.0145, 0.0322, 0.0178, 0.0575, 0.0059, 0, 0, 0.1878, 0.355, 0.9599, 0.9194],
      [0.0397, 0.0357, 0, 0.217, 0, 0.1489, 1.0668, 0.9053, 0.3106, 0.9074, 0.3546, 0.872, 0.1891, 0.0936, 0.5462, 0, 0, 0, 0, 0.524, 0.2962, 0.0554, 0.8656, 0.2624, 1.6151, 0.136, 0.5669, 0.0254, 0.7373, 1.1559, 0.4515, 0.0218, 0.1507, 0.0224, 0.3931, 0.6506, 0.2521, 0.611, 0.5231, 0.1206, 0.0248, 0.1006, 5.7463, 1.9874, 2.6787, 0.9683]
    ],
    [
      [0.2559, 0.0402, 0.0876, 0.1719, 0, 0.615, 1.1236, 2.9687, 1.1932, 2.2532, 2.4262, 2.9364, 0.163, 0.1846, 2.3141, 0, 0.2812, 0.0065, 0, 1.602, 0.6286, 0.1535, 1.0542, 0.4142, 4.2845, 0.2125, 1.6315, 0.0498, 1.1751, 1.5375, 1.3925, 0.073, 0.3185, 0.0569, 1.2111, 1.6073, 1.3952, 1.7055, 2.6122, 0.0759, 0.182, 0.013, 13.5926, 2.1077, 3.1448, 1.3753],
      [0.6827, 1.0891, 1.4785, 1.7956, 0.3779, 4.7844, 10.1835, 20.9335, 6.0182, 19.223, 8.5075, 14.4215, 1.2337, 0.4502, 7.0736, 1.7614, 1.6978, 0, 0.6268, 9.8894, 6.4814, 0.8779, 6.945, 5.6293, 28.2726, 4.0148, 11.9791, 0.2128, 12.6969, 10.3683, 20.2441, 0.7781, 2.948, 0.8297, 9.6294, 8.3278, 4.5753, 8.4428, 11.7016, 2.4751, 2.9402, 0.0258, 68.2174, 26.8154, 44.5005, 21.8862],
      [6.1136, 4.7876, 3.3053, 18.029, 0.8426, 32.7909, 73.4214, 144.5076, 46.8782, 167.1959, 66.9966, 98.8265, 13.8147, 15.1285, 52.3308, 0.6163, 3.3356, 0.9442, 0, 49.2484, 38.8586, 7.076, 75.4153, 24.7087, 138.5017, 29.5502, 70.2968, 5.8609, 47.5035, 53.8503, 65.1855, 1.6227, 16.9545, 8.6027, 58.1409, 56.143, 24.2777, 49.218, 82.5116, 13.7081, 11.6913, 0.5398, 448.7316, 143.8341, 253.8238, 122.7834],
      [3.6613, 1.9558, 2.1283, 9.8458, 1.775, 12.5671, 38.6031, 59.3892, 22.4396, 78.2845, 42.24, 55.9159, 3.1468, 4.94, 32.509, 0.6223, 4.3789, 0.0482, 1.2589, 34.6568, 23.6229, 5.6094, 34.2331, 13.5294, 100.766, 17.9374, 56.7989, 0.7379, 36.8566, 39.679, 48.9984, 3.3717, 10.55, 2.3599, 31.8515, 47.2342, 23.3692, 37.5716, 58.8411, 6.0136, 5.6399, 0.3409, 310.9607, 78.1142, 113.6113, 84.3048],
      [0.0637, 0.0193, 0.0003, 0.1999, 0.0045, 0.1777, 0.8071, 1.4709, 0.4764, 2.0931, 1.092, 1.2641, 0.0597, 0.1027, 0.9227, 0, 0.1369, 0.0011, 0.1142, 0.8751, 0.4254, 0.0839, 0.5892, 0.3397, 1.8409, 0.3978, 1.1056, 0.0051, 0.7078, 0.8283, 1.2476, 0.044, 0.2836, 0.054, 0.6555, 1.1977, 0.7548, 0.9453, 1.8256, 0.1619, 0.0805, 0.0026, 8.0133, 1.4418, 2.1155, 1.6655],
      [0.2227, 0.108, 0, 0.9579, 0, 1.065, 4.8614, 7.7301, 1.9944, 7.9504, 2.7378, 5.6357, 0.5821, 0.194, 3.8499, 0, 2.1697, 0, 0, 2.7283, 1.9832, 0.1993, 2.7633, 1.3788, 9.3342, 0.8873, 3.1881, 0.1334, 3.06, 4.7366, 3.932, 0.1105, 0.9454, 0.0968, 3.5116, 5.49, 1.6278, 3.1169, 3.508, 0.5654, 0.466, 0.0779, 31.4845, 9.6869, 12.8041, 3.9849]
    ],
    [
      [1.6302, 0.5357, 0.3631, 2.1846, 0, 2.6749, 13.4938, 23.8185, 14.6482, 21.0499, 27.2981, 27.1757, 3.3464, 1.0901, 24.3753, 0, 2.1185, 1.0975, 0, 12.7121, 3.9949, 1.7561, 7.2398, 4.8857, 26.5268, 1.0528, 8.1543, 0.4729, 13.5232, 17.8585, 22.446, 0.8779, 6.921, 2.6476, 18.1404, 18.4282, 24.0428, 28.9758, 45.447, 0.5203, 1.555, 0.6446, 165.3719, 24.981, 45.6578, 15.375],
      [0.3335, 0.5796, 0.136, 1.404, 0.145, 1.3054, 6.9393, 9.7101, 4.3572, 10.0128, 5.0162, 7.6718, 1.7046, 0, 4.4084, 0.656, 1.13, 0, 0, 4.3417, 2.3177, 0.629, 2.6422, 3.4411, 9.7296, 1.1202, 3.521, 0.3413, 7.3519, 6.7266, 16.9556, 0.5788, 3.8211, 2.3371, 7.9798, 4.3831, 3.8574, 7.7592, 9.1954, 1.4213, 1.1201, 0.0647, 42.8409, 16.6194, 32.6628, 15.9006],
      [0.2323, 0.3982, 0.1906, 1.8955, 0.026, 0.894, 6.0362, 7.9425, 3.9846, 10.8233, 5.8671, 6.6179, 1.3402, 0.5808, 4.5909, 0.2019, 0.244, 0.4522, 0, 2.4856, 1.6323, 0.7203, 3.1616, 2.2451, 5.7711, 0.9671, 2.6754, 0.0305, 3.4893, 4.0595, 7.6423, 0.043, 2.6723, 1.9312, 5.8711, 4.1514, 0.8602, 5.1791, 9.444, 1.0045, 0.6868, 0.2261, 36.5904, 11.9828, 23.7385, 11.7264],
      [9.0504, 9.7784, 3.5694, 58.2409, 1.3857, 22.5188, 181.7113, 183.6155, 109.8851, 293.1238, 193.5554, 205.791, 27.6319, 16.8684, 149.9472, 2.1421, 12.9716, 4.9918, 0.1699, 105.589, 57.7879, 22.9, 97.6428, 62.6437, 241.7438, 31.191, 109.2611, 6.2422, 162.5209, 176.4696, 324.9187, 12.0093, 92.0786, 42.8517, 183.0102, 208.6992, 155.264, 245.4869, 383.8337, 23.7113, 18.5628, 3.6191, 1457.9292, 357.9108, 640.1234, 406.0148],
      [17.2545, 16.2502, 8.7409, 110.73, 3.4433, 44.4586, 357.2461, 415.2061, 220.3312, 720.5866, 451.1628, 433.5785, 27.2761, 17.0789, 363.8863, 0, 11.5154, 15.4584, 10.8301, 257.1322, 102.3164, 24.4534, 111.6541, 153.8849, 411.2244, 56.8111, 190.0517, 8.2542, 298.1749, 356.2773, 775.2154, 9.994, 239.5297, 90.6891, 369.4219, 500.6149, 468.7069, 589.966, 1108.8328, 60.8257, 37.0128, 6.735, 3552.6737, 532.7373, 758.6841, 619.6072],
      [0.4991, 0.4578, 0, 3.5452, 0, 1.1483, 12.5733, 13.7075, 5.7938, 17.4037, 6.1005, 12.1652, 2.7008, 0.3818, 10.792, 0, 1.0204, 0, 0, 4.7394, 2.9508, 0.5411, 4.6597, 3.8995, 13.0043, 0.8579, 3.3365, 0.6588, 7.9398, 11.6086, 14.822, 0.497, 4.9773, 0.5433, 11.5766, 13.7232, 5.2687, 11.6331, 8.247, 1.5168, 1.0625, 0.7105, 84.5938, 23.7688, 40.1334, 9.376]
    ],
    [
      [0.5319, 0.14, 0, 0.673, 0, 0.793, 3.0055, 11.4794, 10.9426, 8.4887, 11.0271, 13.041, 0.3249, 1.0966, 11.4591, 0, 0.2298, 0, 0, 6.7981, 2.4512, 0.9354, 5.7011, 3.1805, 11.4, 2.5395, 7.219, 0, 7.5458, 9.4432, 9.815, 0.1861, 2.3335, 0.9971, 4.7625, 5.0767, 7.6351, 6.9215, 18.3799, 1.0476, 0.5842, 0, 78.5886, 11.4227, 17.1963, 3.0497],
      [0.0075, 0.0383, 0, 0.0535, 0, 0.0593, 0.2355, 0.7139, 0.4613, 0.6036, 0.3287, 0.5405, 0.0251, 0.0394, 0.287, 0, 0.0149, 0, 0, 0.3675, 0.2178, 0.0539, 0.3778, 0.3683, 0.6494, 0.2793, 0.4782, 0, 0.7183, 0.5635, 1.2309, 0.0218, 0.1858, 0.1219, 0.3341, 0.2309, 0.2182, 0.3011, 0.7276, 0.1842, 0.0871, 0, 3.486, 1.2765, 2.2723, 0.3804],
      [0.0274, 0.0659, 0, 0.2306, 0, 0.1781, 0.7452, 2.1678, 1.5658, 2.311, 1.1382, 1.6291, 0.117, 0.5006, 0.9345, 0, 0.012, 0, 0, 0.8019, 0.5709, 0.1825, 1.7909, 0.7063, 1.4015, 0.8916, 1.2337, 0, 1.1818, 1.2829, 1.7472, 0.0197, 0.4628, 0.512, 0.885, 0.6847, 0.5062, 0.7703, 2.2614, 0.4345, 0.1484, 0, 10.1346, 3.0206, 5.7141, 0.9399],
      [0.1823, 0.3161, 0, 1.2953, 0, 0.6994, 3.9196, 8.9098, 7.5555, 10.7852, 7.1784, 9.1973, 0.2874, 1.7435, 5.8095, 0, 0.1569, 0, 0, 5.6624, 3.5035, 1.5466, 8.2175, 3.9176, 10.1584, 5.5001, 9.9755, 0, 9.183, 9.4607, 13.1097, 0.4459, 2.9376, 1.5531, 4.8613, 5.7633, 4.9125, 5.8869, 16.0985, 1.9922, 0.7578, 0, 69.7876, 16.3478, 25.5389, 6.4431],
      [0.0662, 0.0981, 0, 0.4744, 0, 0.2623, 1.4893, 3.862, 2.9292, 5.1218, 3.2367, 3.7463, 0.0541, 0.3362, 2.7172, 0, 0.0316, 0, 0, 2.6559, 1.1879, 0.2989, 1.8003, 1.8502, 3.3328, 1.9079, 3.3133, 0, 3.2522, 3.6901, 6.0624, 0.0632, 1.47, 0.6345, 1.8951, 2.6683, 2.8174, 2.7273, 8.9043, 0.9788, 0.2883, 0, 32.7896, 4.681, 5.7811, 1.8634],
      [0.1846, 0.3415, 0, 2.2732, 0, 1.008, 8.6049, 19.8672, 11.5455, 18.6897, 8.0909, 15.8459, 1.1915, 1.2836, 11.7928, 0, 2.5548, 0, 0, 7.7142, 5.0687, 0.9826, 11.1125, 6.9771, 16.0578, 4.8817, 9.7802, 0, 13.1188, 19.5596, 18.0348, 0.2632, 4.6103, 1.1814, 9.2619, 11.5762, 5.9107, 8.3929, 16.6284, 3.3627, 1.1342, 0, 120.2136, 35.2514, 49.4973, 5.3234]
    ],
    [
      [1.582, 0.284, 0.5494, 2.9705, 0, 4.9112, 16.3771, 31.7227, 12.216, 30.2083, 22.2487, 34.8469, 1.0953, 0.402, 36.8516, 0, 0.3706, 0.795, 0, 10.87, 7.9253, 2.1108, 7.8194, 6.5196, 26.7887, 1.1952, 7.933, 0.4711, 11.7258, 18.1288, 19.3465, 0.8461, 6.4269, 1.2981, 20.8809, 14.8828, 23.923, 25.3876, 32.543, 1.3561, 1.6788, 0.3424, 153.378, 22.4831, 35.7587, 18.2],
      [0.0111, 0.0358, 0.0506, 0.1104, 0.0197, 0.1788, 0.6064, 0.9405, 0.2438, 1.0086, 0.3091, 0.6824, 0.0393, 0.0071, 0.4292, 0, 0.009, 0, 0, 0.2774, 0.3348, 0.0603, 0.2416, 0.3525, 0.719, 0.0624, 0.2495, 0.0331, 0.5221, 0.5112, 1.1329, 0.0497, 0.2426, 0.0761, 0.6918, 0.3137, 0.3169, 0.5194, 0.5985, 0.1134, 0.1146, 0.0019, 3.1817, 1.1767, 2.1995, 1.0751],
      [0.2225, 0.3754, 0.3236, 2.8252, 0.0431, 3.0383, 11.2058, 16.5265, 4.8331, 22.7122, 6.3416, 12.0166, 1.0734, 0.5273, 8.3098, 0, 0.0444, 0.3838, 0, 3.5416, 5.1016, 1.1471, 6.8118, 4.0051, 9.0828, 1.1651, 3.7397, 1.6393, 5.0722, 6.7983, 9.5071, 0.2395, 3.5296, 1.8915, 10.7083, 5.5362, 4.3713, 7.7952, 11.0482, 1.5723, 1.1838, 0.051, 54.5458, 16.3959, 32.7952, 15.5134],
      [0.515, 0.6155, 0.8178, 5.4993, 0.385, 4.1403, 20.4885, 23.592, 8.0962, 36.8573, 13.9092, 23.5923, 0.9033, 0.6241, 17.9689, 0, 0.2023, 0.2807, 0, 8.6898, 10.8672, 3.3356, 10.8135, 7.7153, 22.8898, 2.4992, 10.5248, 0.9334, 13.6913, 17.4193, 24.8033, 1.8717, 7.77, 1.9587, 20.4348, 16.2028, 14.7595, 20.7081, 27.337, 2.496, 2.0919, 0.2313, 130.597, 30.8538, 50.9005, 36.9197],
      [0.6156, 0.6323, 1.2587, 6.5878, 0.5522, 5.1014, 25.4287, 33.4282, 10.2552, 57.1648, 20.4752, 31.3806, 0.5521, 0.3925, 27.4214, 0, 0.1187, 0.5405, 0, 13.3273, 12.0699, 2.1245, 7.7147, 11.9253, 24.5311, 2.8409, 11.4246, 0.7407, 15.8445, 22.2031, 37.4503, 0.8855, 12.7147, 2.6194, 26.0274, 24.5046, 27.6887, 31.3437, 49.3798, 4.0277, 2.6184, 0.2623, 200.3356, 28.7849, 37.4595, 34.9444],
      [0.0539, 0.057, 0, 1.0068, 0, 0.6299, 4.8936, 5.79, 1.3558, 7.0488, 1.7163, 4.4813, 0.3365, 0.047, 4.0192, 0, 0.2551, 0, 0, 1.294, 1.7012, 0.2216, 1.599, 1.4822, 3.9886, 0.2371, 1.1284, 0.1825, 2.1441, 3.9392, 3.7598, 0.1075, 1.3162, 0.1561, 4.2568, 3.5599, 1.9406, 3.2461, 3.0935, 0.4344, 0.3124, 0.111, 24.9618, 7.3055, 10.8865, 3.3474]
    ]
  ],
  "V_est": [
    [1.1685, 2283.3956, 252.6894, 2036.3649, 3.7514, 26.6302],
    [60.6279, 434.0438, 2648.5043, 1603.2702, 36.694, 151.8598],
    [687.1096, 265.1692, 203.306, 7116.964, 14936.5154, 374.9359],
    [298.4431, 18.5412, 49.9086, 301.5977, 121.3396, 489.1698],
    [677.651, 19.8503, 315.5917, 657.8031, 867.6996, 118.4043]
  ],
  "p_est": [
    [0.0003, 0.496, 0.0549, 0.4423, 0.0008, 0.0058],
    [0.0123, 0.088, 0.5367, 0.3249, 0.0074, 0.0308],
    [0.0291, 0.0112, 0.0086, 0.3018, 0.6333, 0.0159],
    [0.2333, 0.0145, 0.039, 0.2358, 0.0949, 0.3825],
    [0.255, 0.0075, 0.1188, 0.2476, 0.3266, 0.0446]
  ],
  "EI_Z": {},
  "EI_V": 5.6949,
  "MAE_Z": {},
  "MAE_V": 140.6986,
  "MAE_p": 0.0363,
  "runtime": 0.028
}
