{
  "X": [
    [4, 4, 7, 17, 18, 1],
    [1, 8, 6, 15, 17, 1],
    [1, 7, 4, 8, 10, 0],
    [6, 15, 25, 90, 118, 8],
    [0, 3, 1, 6, 4, 0],
    [9, 24, 39, 51, 50, 4],
    [34, 84, 100, 305, 385, 32],
    [70, 103, 180, 324, 454, 48],
    [39, 38, 61, 172, 234, 21],
    [62, 94, 213, 481, 785, 52],
    [63, 47, 85, 296, 476, 19],
    [78, 87, 127, 354, 470, 39],
    [5, 18, 19, 41, 28, 5],
    [3, 8, 20, 40, 18, 2],
    [75, 41, 70, 238, 395, 31],
    [0, 5, 1, 3, 0, 0],
    [3, 13, 4, 24, 12, 6],
    [2, 0, 2, 6, 16, 0],
    [0, 3, 0, 2, 11, 0],
    [32, 70, 61, 201, 274, 17],
    [15, 36, 49, 119, 116, 12],
    [5, 8, 10, 43, 27, 2],
    [22, 67, 98, 218, 122, 21],
    [15, 40, 34, 105, 168, 14],
    [69, 177, 167, 494, 441, 44],
    [5, 24, 35, 77, 62, 7],
    [25, 82, 85, 262, 206, 18],
    [1, 2, 8, 9, 9, 1],
    [34, 107, 63, 282, 318, 27],
    [47, 93, 73, 312, 383, 41],
    [53, 107, 88, 451, 820, 41],
    [2, 4, 2, 20, 11, 1],
    [16, 21, 25, 125, 254, 12],
    [5, 10, 14, 53, 94, 2],
    [45, 50, 79, 265, 398, 29],
    [40, 42, 70, 317, 529, 35],
    [57, 30, 32, 224, 500, 15],
    [63, 65, 68, 361, 625, 27],
    [99, 75, 112, 550, 1169, 32],
    [3, 18, 18, 42, 66, 6],
    [4, 9, 14, 29, 40, 3],
    [1, 1, 1, 7, 7, 1],
    [411, 476, 593, 2364, 3794, 267],
    [61, 218, 192, 604, 568, 78],
    [102, 363, 345, 1003, 805, 116],
    [38, 224, 170, 706, 659, 23]
  ],
  "W": [
    [7, 11, 29, 1, 3],
    [9, 8, 28, 1, 2],
    [7, 7, 13, 0, 3],
    [29, 31, 178, 5, 19],
    [5, 3, 5, 0, 1],
    [31, 52, 73, 3, 18],
    [136, 129, 578, 18, 79],
    [129, 237, 654, 47, 112],
    [55, 79, 359, 35, 37],
    [136, 277, 1073, 46, 155],
    [77, 124, 689, 31, 65],
    [132, 179, 693, 44, 107],
    [27, 19, 64, 2, 4],
    [27, 21, 36, 5, 2],
    [65, 99, 558, 33, 95],
    [3, 3, 3, 0, 0],
    [17, 12, 29, 3, 1],
    [1, 1, 22, 0, 2],
    [3, 2, 11, 0, 0],
    [107, 99, 387, 24, 38],
    [53, 72, 171, 13, 38],
    [17, 14, 51, 4, 9],
    [136, 121, 227, 29, 35],
    [50, 46, 231, 17, 32],
    [270, 283, 708, 43, 88],
    [41, 53, 92, 16, 8],
    [149, 145, 317, 32, 35],
    [3, 7, 16, 0, 4],
    [152, 102, 493, 35, 49],
    [152, 111, 573, 44, 69],
    [111, 141, 1162, 50, 96],
    [5, 6, 24, 1, 4],
    [27, 32, 350, 12, 32],
    [12, 12, 141, 5, 8],
    [60, 105, 596, 22, 83],
    [72, 120, 750, 26, 65],
    [49, 56, 658, 22, 73],
    [105, 101, 889, 25, 89],
    [124, 161, 1565, 63, 124],
    [23, 23, 89, 8, 10],
    [7, 21, 60, 3, 8],
    [4, 1, 12, 0, 1],
    [802, 881, 5340, 315, 567],
    [312, 262, 968, 72, 107],
    [487, 430, 1541, 106, 170],
    [378, 236, 1078, 18, 110]
  ],
  "method": "mvn_pdf",
  "cond_prob": [
    [
      [0, 0.42397411593, 0.045965881225, 0.52740819896, 0, 0.0026518038867],
      [0.023218486705, 0.062223179289, 0.57064209401, 0.31486984987, 0.0053253699266, 0.023721020197],
      [0.050946963488, 0.011606445264, 0.0035432431967, 0.32189994434, 0.59614767978, 0.015855723934],
      [0.55486196878, 0.0033724593993, 0.031480216378, 0.14087470372, 0.073847496683, 0.19556315503],
      [0.57075757877, 0.0025889480951, 0.088980509412, 0.12286705636, 0.19309690685, 0.021709000506]
    ],
    [
      [0, 0.69826457348, 0.033158220403, 0.26613964314, 0, 0.0024375629807],
      [0.0049137656601, 0.13419110034, 0.61756708967, 0.22626279417, 0.0019573814549, 0.015107868705],
      [0.017979379853, 0.021398653543, 0.0066589890338, 0.35974173574, 0.57993048273, 0.014290759098],
      [0.14698844689, 0.017571194976, 0.081024343312, 0.25498396863, 0.11449209917, 0.38493994702],
      [0.15513939597, 0.012678270922, 0.24678163138, 0.23344414448, 0.31589766636, 0.036058890892]
    ],
    [
      [0, 0.75927557656, 0.020581645686, 0.22014277775, 0, 0],
      [0.011656187022, 0.21772555271, 0.47123774756, 0.29938051272, 0, 0],
      [0.024678817091, 0.0097601854242, 0.011565966241, 0.28547796683, 0.66851706442, 0],
      [0.25679293356, 0.028731958622, 0.063728028043, 0.33162821949, 0.21868710224, 0.10043175804],
      [0.19919402289, 0.011369894865, 0.13563556206, 0.21737446599, 0.4364260542, 0]
    ],
    [
      [0, 0.40414035817, 0.056442376138, 0.53761809734, 0.00022068571818, 0.0015784826358],
      [0.005368876717, 0.05780296208, 0.59531876116, 0.29881238988, 0.0056843441062, 0.037012666062],
      [0.010909917743, 0.0077852387017, 0.0057105740763, 0.33671287946, 0.62182413167, 0.017057258352],
      [0.13622175079, 0.0048292459759, 0.054237544793, 0.20464178597, 0.10790412966, 0.49216554281],
      [0.16897319524, 0.0041115299956, 0.19055892561, 0.22040997987, 0.34700891376, 0.06893745552]
    ],
    [
      [0, 0.4862277036, 0.016075006636, 0.49769728976, 0, 0],
      [0, 0.13348050853, 0.27719428908, 0.58932520239, 0, 0],
      [0, 0.030232865517, 0.0067533205483, 0.28542350746, 0.67759030647, 0],
      [5.5511151231e-17, 0.024851619356, 0.3892597024, 0.32700510262, 0.25888357563, 2.5574430114e-57],
      [0, 0.017255628804, 0.054275496839, 0.31642040672, 0.61204846764, 0]
    ],
    [
      [8.7301991187e-05, 0.57211030425, 0.053062681663, 0.37345474747, 0, 0.0012849646298],
      [0.011500934419, 0.092966775716, 0.63478035167, 0.23458891846, 0.0028871349875, 0.023275884752],
      [0.03308401387, 0.017479554779, 0.0056208185929, 0.32181253983, 0.60939331759, 0.012609755336],
      [0.2718404077, 0.0092075464665, 0.069733266462, 0.19227827122, 0.10278158255, 0.35415892559],
      [0.28714393405, 0.0070376718234, 0.20705327917, 0.17528493596, 0.28087844716, 0.042601731836]
    ],
    [
      [0, 0.48875686518, 0.051195480306, 0.45868357732, 0.00016671265477, 0.0011973645397],
      [0.0084638298799, 0.078685901617, 0.57979886439, 0.28238145332, 0.0055081778216, 0.045161772972],
      [0.021333072816, 0.011844855977, 0.0056245644795, 0.32460734565, 0.61837821576, 0.018211945314],
      [0.16880896633, 0.0058939680588, 0.048324392896, 0.17195316899, 0.093746296652, 0.51127320707],
      [0.22201377802, 0.0053945170443, 0.17876612445, 0.1958686478, 0.31843962142, 0.079517311268]
    ],
    [
      [3.8916233056e-05, 0.55287225063, 0.054578120561, 0.39116432868, 0.00011747882126, 0.0012289050682],
      [0.012234347216, 0.089126605219, 0.61531915823, 0.24029792778, 0.005369299291, 0.037652662269],
      [0.033313046361, 0.01462865586, 0.0065990530298, 0.29292663282, 0.63535255647, 0.017180055454],
      [0.25083016677, 0.0070286491539, 0.053969414988, 0.15386740699, 0.094855794555, 0.43944856754],
      [0.29928294069, 0.0058838106158, 0.1810396318, 0.15878041715, 0.29226363414, 0.062749565596]
    ],
    [
      [0, 0.49447290901, 0.054878588371, 0.44951935309, 7.9020788784e-05, 0.0010501287433],
      [0.014745643183, 0.076643046017, 0.60605214232, 0.26806520679, 0.0052569734803, 0.029236988214],
      [0.037519990188, 0.012153717837, 0.0060849426567, 0.31744723364, 0.61341710283, 0.013377012854],
      [0.32355416014, 0.0061215538078, 0.053294081158, 0.17354716841, 0.096018479757, 0.34746455672],
      [0.35246005692, 0.0046418995245, 0.16361543627, 0.16382639119, 0.27035043905, 0.045105777039]
    ],
    [
      [0, 0.46774191926, 0.057748518225, 0.4731633744, 0.00016665613949, 0.0011795319686],
      [0.0079268419586, 0.070469818167, 0.60889807137, 0.27251038461, 0.0067461977158, 0.033448686176],
      [0.017542137621, 0.0092030343712, 0.0052918602305, 0.28348327874, 0.67119667441, 0.013283014636],
      [0.18930348402, 0.0060659188326, 0.058579320247, 0.19082834436, 0.12924665961, 0.42597627294],
      [0.20821671513, 0.0046004593632, 0.18134594189, 0.18199188788, 0.36754361302, 0.056301382721]
    ],
    [
      [0, 0.42888267592, 0.048519950526, 0.52158642043, 0.00035655873382, 0.00065439438332],
      [0.019396450089, 0.069408833361, 0.55331102893, 0.32385195456, 0.0078458996397, 0.026185833426],
      [0.036405782703, 0.0072604086061, 0.0048981986144, 0.28951362177, 0.65471302341, 0.0072089648959],
      [0.36956686124, 0.0048573957225, 0.04332424374, 0.18534710793, 0.11998495186, 0.2769194395],
      [0.37007204936, 0.003328274155, 0.12208439725, 0.16091626946, 0.31050533517, 0.033093674612]
    ],
    [
      [0, 0.48515554574, 0.047608379694, 0.46588043897, 0.00014109710105, 0.001214538498],
      [0.01602326721, 0.081550829292, 0.56024911012, 0.299206342, 0.0062309206993, 0.036739530673],
      [0.035639152528, 0.011008967724, 0.0051582108795, 0.30818823867, 0.62553437028, 0.014471059919],
      [0.30374934996, 0.0056837586185, 0.043525174899, 0.16941262035, 0.098438493493, 0.37919060268],
      [0.34643860812, 0.0045099953991, 0.13963883489, 0.16745086118, 0.29008811269, 0.051873587716]
    ],
    [
      [0.0012133927964, 0.56109401727, 0.090689384037, 0.3449006751, 0.0021025307979, 0],
      [0.0082087935157, 0.058024345759, 0.75378157991, 0.13850271262, 0.0027707137023, 0.038711854493],
      [0.052752264836, 0.026782896972, 0.011964470543, 0.44190839333, 0.42757868003, 0.039013294285],
      [0.15165994939, 0.0047879684417, 0.064605492572, 0.093894623404, 0.025630231854, 0.65942173434],
      [0.28295161735, 0.0060794053122, 0.3336498782, 0.14655095312, 0.11857303059, 0.11219511542]
    ],
    [
      [0.0089746163772, 0.28005109146, 0.10285722824, 0.60459486852, 0.0030987455517, 0.00042344984915],
      [0.0084805643573, 0.020011100432, 0.74512473743, 0.21183373474, 0.0043616371917, 0.010188225852],
      [0.027763323967, 0, 0.007211492179, 0.48264493943, 0.47394052581, 0.0084397186138],
      [0.23110544394, 0.002796191638, 0.12639810369, 0.27961050654, 0.077580590531, 0.28250916365],
      [0.21229331189, 0.0022032316169, 0.34181555732, 0.22707988407, 0.18748880369, 0.029119211416]
    ],
    [
      [0, 0.44586243653, 0.046846181758, 0.50506264186, 0.00066680658069, 0.0015619332732],
      [0.02284281613, 0.072363757516, 0.53643066896, 0.31448357349, 0.0082707523333, 0.045608431574],
      [0.039717672221, 0.0079277285329, 0.0044620759274, 0.27921988497, 0.65247112279, 0.01620151556],
      [0.35243248494, 0.0039752158713, 0.032996548335, 0.14143148129, 0.094267293144, 0.37489697642],
      [0.40995608527, 0.0031586840698, 0.10810144733, 0.14279073481, 0.28366469371, 0.052328354814]
    ],
    [
      [0, 0.86068937674, 0.062741742222, 0.076568881042, 0, 0],
      [0, 0.59652331755, 0.20487480856, 0.1986018739, 0, 0],
      [0, 0.20945397239, 0.065716782554, 0.72482924506, 0, 0],
      [1.1102230246e-16, 0.089495460937, 0.025030464794, 0.20440179763, 0.0031821192898, 0.67789015735],
      [8.3266778205e-17, 0.15754628042, 0.21776363938, 0.41855460069, 0.0074896125651, 0.19864586695]
    ],
    [
      [0, 0.58223349438, 0.020654109379, 0.38637368029, 0.010738715951, 0],
      [0.023485469866, 0.13161301972, 0.27426687577, 0.32467278429, 0.010261020854, 0.23570082951],
      [0.072739905579, 0.052098324428, 0.010201677059, 0.4586229659, 0.39875111134, 0.0075860156933],
      [0.071491066857, 0.0021343739546, 0.0043275403393, 0.035202049913, 0.0097610378837, 0.87708393105],
      [0.39424389923, 0.0054198287359, 0.048846375642, 0.12990186274, 0.10124423604, 0.3203437976]
    ],
    [
      [0.1014032139, 0, 0.19908867582, 0.69950811028, 0, 0],
      [0.004421948701, 0, 0.96742613918, 0.02765896796, 0.00049294416155, 0],
      [0.048625303079, 0, 0.013326447976, 0.23153308013, 0.70651516881, 0],
      [0.59722957902, 0.00077978481306, 0.11013237574, 0.14770183024, 0.12589152988, 0.0182649003],
      [0.41220908483, 0, 0.27015166476, 0.089552579448, 0.22808667095, 0]
    ],
    [
      [0, 0.77732886099, 0, 0.20394715684, 0.018723982168, 0],
      [0, 0.33400670852, 0, 0.61076245854, 0.055230832937, 0],
      [0, 0, 0, 0.015148510216, 0.98485148978, 0],
      [0, 0.016502887254, 0.01293293081, 0.1836310482, 0.78693313374, 6.0051005531e-15],
      [0.0082745272918, 0.004296069611, 0.0039990878096, 0.091334838059, 0.89138740447, 0.00070807275567]
    ],
    [
      [0.00010274128966, 0.51693509109, 0.036709301472, 0.44538564269, 2.452086878e-05, 0.00084270258091],
      [0.015867177972, 0.10113489604, 0.50885401747, 0.33400296347, 0.0078185410396, 0.032322404004],
      [0.030030855209, 0.011129924387, 0.0032644634498, 0.28181660932, 0.6636729208, 0.010085226834],
      [0.29318949422, 0.0071006332453, 0.039682063773, 0.19087520823, 0.12824852761, 0.34090407292],
      [0.30946492725, 0.0052077528695, 0.11789052967, 0.17456342216, 0.35010409718, 0.042769270861]
    ],
    [
      [0, 0.5032646541, 0.041121965944, 0.45426689807, 0.00010206352874, 0.0012444183559],
      [0.0082505287042, 0.09258094023, 0.54096699545, 0.3216494474, 0.0054911014915, 0.031060986721],
      [0.020157575234, 0.013514390631, 0.0048053812421, 0.35216894684, 0.59571451022, 0.013639195828],
      [0.19457213641, 0.0080603229913, 0.052169130467, 0.22847486209, 0.10964073143, 0.40708281661],
      [0.22183102092, 0.0064579115554, 0.16765771695, 0.22563239663, 0.32386106761, 0.054559886332]
    ],
    [
      [0.0023742688485, 0.37545608655, 0.039555274416, 0.5791754209, 0.0026541552658, 0.00078479402381],
      [0.010392006341, 0.065011314488, 0.51152553839, 0.39109473811, 0.0058917210313, 0.016084681634],
      [0.030198059881, 0.012422936047, 0.0090038055842, 0.46419114167, 0.47607398294, 0.0081100738774],
      [0.24569818463, 0.0067518701144, 0.055843333612, 0.33272530089, 0.091802048017, 0.26717926273],
      [0.25458394981, 0.0051678785517, 0.16484837535, 0.29711578693, 0.24726821601, 0.031015793339]
    ],
    [
      [0.0013736585899, 0.42005462589, 0.064203920158, 0.51077866907, 0.0018382282401, 0.0017508980562],
      [0.0084244699477, 0.057334835297, 0.63585293915, 0.26784800013, 0.004538363593, 0.026001391883],
      [0.029002390349, 0.011411010963, 0.0065795226809, 0.44536335077, 0.49082113406, 0.016822591183],
      [0.20390904149, 0.0060539780623, 0.075273091836, 0.23389433052, 0.073085747281, 0.40778381081],
      [0.23705476445, 0.004834027306, 0.247245426, 0.2355450509, 0.21899928179, 0.056321449558]
    ],
    [
      [0, 0.60796071871, 0.036792110531, 0.35416258526, 0, 0.0010845855022],
      [0.0086676262562, 0.12454104095, 0.5437352952, 0.28206464167, 0.0065213830661, 0.034470012862],
      [0.018830794501, 0.014927066159, 0.0055015075733, 0.28205447636, 0.66491241055, 0.013773744861],
      [0.19251130892, 0.010137857852, 0.049265324453, 0.18908464782, 0.12711931054, 0.43188155042],
      [0.21808385659, 0.0078931348345, 0.15750662904, 0.18587106779, 0.37325691446, 0.057388397291]
    ],
    [
      [0, 0.51085469741, 0.036049865421, 0.45169848276, 0.00022258084764, 0.0011743735658],
      [0.01482292723, 0.10111941602, 0.49876902299, 0.34089902731, 0.0058037581706, 0.038585848272],
      [0.034031146466, 0.013612178417, 0.0042319081034, 0.35274107729, 0.58026042413, 0.015123265593],
      [0.27460323326, 0.0070271434502, 0.038722439441, 0.19257784946, 0.0904634361, 0.39660589829],
      [0.32844455529, 0.0058278122473, 0.1301550795, 0.19938016677, 0.27935376789, 0.056838618296]
    ],
    [
      [0, 0.4530374837, 0.046303549546, 0.49932294267, 0.0011364094258, 0.00019961465855],
      [0.0037133447002, 0.077685445984, 0.5651664522, 0.32805955231, 0.0069948918669, 0.018380312938],
      [0.009539184146, 0.01221930236, 0.0060916145422, 0.35277392251, 0.61271448667, 0.0066614897753],
      [0.1654308272, 0.0086060281867, 0.06822544402, 0.29389573665, 0.14410423641, 0.31973772753],
      [0.15983681928, 0.0057827828896, 0.18696210745, 0.24788380264, 0.36340967356, 0.036124814178]
    ],
    [
      [0.00036637134493, 0.44174181155, 0.037255612396, 0.51964678361, 0.00070600513164, 0.00028341596258],
      [0.010846557727, 0.084640261012, 0.49357725855, 0.37890329985, 0.0069299656773, 0.025102657183],
      [0.022873453788, 0.011016167685, 0.0050122897935, 0.35627940863, 0.59678983599, 0.008028844113],
      [0.23542267827, 0.0072309941796, 0.046754170771, 0.26235036276, 0.12430156321, 0.32394023081],
      [0.24537854982, 0.0052604360587, 0.13700519812, 0.23702476053, 0.33514091946, 0.04019013601]
    ],
    [
      [0.0023120648104, 0.4834775927, 0.12289797265, 0.38637972622, 0, 0.0049326436249],
      [0.0072531649331, 0.029916054593, 0.81433602949, 0.10039037158, 0.02666456447, 0.021439814938],
      [0.02859471023, 0.019803314716, 0, 0.40518041471, 0.50805469148, 0.038366868867],
      [0.071331795217, 0.003900578426, 0.11296902568, 0.12802455659, 0.044520988027, 0.63925305607],
      [0.12119407184, 0.0058254510764, 0.48273846891, 0.16381039625, 0.17111824625, 0.055313365672]
    ],
    [
      [0.0001515762626, 0.56632404377, 0.030183040678, 0.40228546284, 8.9508139723e-05, 0.00096636830249],
      [0.011189268702, 0.12647460369, 0.476746985, 0.34447485948, 0.0061387933012, 0.034975489834],
      [0.024836534167, 0.014815362176, 0.0037370643454, 0.33993743654, 0.60343943768, 0.013234165097],
      [0.22414124833, 0.0096312733811, 0.040713113794, 0.2151225106, 0.10916585449, 0.40122599941],
      [0.26012857071, 0.0076993397803, 0.13299293147, 0.21628020199, 0.32742428905, 0.055474666997]
    ],
    [
      [0.0001058493354, 0.49502723419, 0.037040947571, 0.46667738622, 0, 0.0011485826865],
      [0.013462382448, 0.094174508511, 0.49621224701, 0.33944344225, 0.0065489700897, 0.050158449685],
      [0.028464098816, 0.011652622866, 0.0037018762693, 0.31845805005, 0.62106538095, 0.016657971048],
      [0.21939315741, 0.005907972402, 0.034546962372, 0.17271570004, 0.096387959882, 0.47104824789],
      [0.28299070872, 0.0052983517523, 0.12534746528, 0.19291103948, 0.3211816058, 0.072270828969]
    ],
    [
      [0, 0.611916116, 0.027825740305, 0.35941810284, 0.00014788732492, 0.0006921535297],
      [0.0096556634931, 0.1472451766, 0.47068372658, 0.33184974773, 0.0078492105939, 0.032716475004],
      [0.017510951364, 0.014552803353, 0.0037322674265, 0.28777762626, 0.66590402681, 0.010522324792],
      [0.20405635566, 0.011622473471, 0.041698590889, 0.21435907699, 0.14226241793, 0.38600108506],
      [0.21966675187, 0.0085860422283, 0.12628242796, 0.1999814645, 0.39565881009, 0.049824503345]
    ],
    [
      [0.003073847335, 0.51181160027, 0.010946740563, 0.4684325753, 0.0029774222011, 0.0027578143287],
      [0.011370650535, 0.13697354093, 0.26721555578, 0.55686654371, 0.0073805961187, 0.020193112923],
      [0.031818834229, 0.023653423871, 8.3894777794e-05, 0.51459694273, 0.41173343391, 0.018113470485],
      [0.19796122482, 0.011168796078, 0.024124933604, 0.3934186209, 0.079911194337, 0.29341523026],
      [0.23869840345, 0.010062446019, 0.078958638559, 0.39322315369, 0.24482892605, 0.034228432232]
    ],
    [
      [0, 0.51602922852, 0.041023824457, 0.44193110108, 2.7705516517e-06, 0.0010130754002],
      [0.0097066278564, 0.093268798919, 0.54267613556, 0.31150266177, 0.0077818144659, 0.035063961433],
      [0.018081108923, 0.010919359103, 0.0041943807423, 0.2709308632, 0.68382042599, 0.012053862046],
      [0.19923843204, 0.007156139667, 0.045653404718, 0.19547373038, 0.14055899805, 0.41191929514],
      [0.21781683128, 0.0054674969606, 0.14096394642, 0.18525900657, 0.39772031437, 0.052772404394]
    ],
    [
      [5.4088550455e-05, 0.56162730489, 0.077510332057, 0.36051335122, 0.00017869057855, 0.0001162327011],
      [0.0043499822922, 0.064706032109, 0.74968156736, 0.16888530486, 0.0036182029304, 0.0087589104487],
      [0.018101333403, 0.016839685119, 0.0061259541638, 0.31213353993, 0.64368541466, 0.0031140727276],
      [0.20865822531, 0.011409052053, 0.13413788161, 0.24697275023, 0.14557948723, 0.25324260357],
      [0.16894650169, 0.0065698867421, 0.31740603273, 0.1751904058, 0.30836204682, 0.02352512622]
    ],
    [
      [0, 0.52720391706, 0.044805282465, 0.42685923982, 0, 0.0011315606549],
      [0.011275441489, 0.093126213486, 0.56061002066, 0.28996731651, 0.0055124373898, 0.039508570468],
      [0.027763633822, 0.013326081758, 0.0051520654492, 0.31791385505, 0.61974722259, 0.016097141325],
      [0.22183141808, 0.0070177477462, 0.046999948524, 0.17799191722, 0.099271207218, 0.44688776121],
      [0.26974291191, 0.0059370768946, 0.16075904829, 0.1873421396, 0.31166123915, 0.06455758416]
    ],
    [
      [3.1413749247e-05, 0.40116972856, 0.038556748109, 0.55858800163, 0.00011030019584, 0.0015438077587],
      [0.013254534734, 0.070300390727, 0.47686431901, 0.37573048215, 0.0088721815972, 0.05497809178],
      [0.022668745381, 0.0058042400655, 0.002964206893, 0.28632074553, 0.66705796525, 0.015184096883],
      [0.19918481292, 0.004009378381, 0.03050425978, 0.17564076028, 0.11692003767, 0.47374075097],
      [0.24964353647, 0.0034201349149, 0.10744507585, 0.19056595552, 0.37836925661, 0.070556040626]
    ],
    [
      [1.3674040292e-05, 0.43069149529, 0.031667130365, 0.53629914573, 0.00053550850121, 0.00079304607126],
      [0.02461684561, 0.084040655063, 0.44183211847, 0.40278838744, 0.012117968086, 0.034604025327],
      [0.032881875253, 0.0058706673525, 0, 0.24302998219, 0.71166399289, 0.0065534823227],
      [0.35595908968, 0.0045867825528, 0.02683525719, 0.18003857941, 0.14812423916, 0.28445605201],
      [0.35826592778, 0.0030963248377, 0.070073100268, 0.15466596078, 0.38029470261, 0.033603983722]
    ],
    [
      [2.7669001233e-05, 0.45948816018, 0.038550561231, 0.50081496506, 8.9729419473e-05, 0.001028915107],
      [0.016638359504, 0.084584259126, 0.50038229038, 0.35296389819, 0.0082766724421, 0.037154520365],
      [0.029961656749, 0.0086649996942, 0.0029363989227, 0.2838740275, 0.66339939081, 0.011163526332],
      [0.28453275148, 0.0055147420054, 0.036323706474, 0.18738181444, 0.1249660415, 0.3612809441],
      [0.30974594166, 0.0041537048414, 0.11118009482, 0.17659010277, 0.35133061832, 0.046999537591]
    ],
    [
      [8.691230389e-05, 0.42840362008, 0.043402426431, 0.52723255092, 0.00035291745352, 0.00052157280773],
      [0.016023174089, 0.074020190196, 0.52583840823, 0.3483664606, 0.01008299539, 0.025668771504],
      [0.026789837845, 0.0058769284778, 0.0033585354119, 0.25220953678, 0.70773375397, 0.0040314075207],
      [0.30292346449, 0.0053482090141, 0.042650418962, 0.20605387215, 0.16374800274, 0.27927603264],
      [0.28547755931, 0.0034384697787, 0.11302444423, 0.16811971392, 0.39849537782, 0.031444434944]
    ],
    [
      [0, 0.60461316089, 0.044177659816, 0.3494122378, 0.00024060107979, 0.001556340421],
      [0.0030933391241, 0.10864517715, 0.60513480261, 0.24911915799, 0.006225154588, 0.02778236854],
      [0.0044848665585, 0.016033465153, 0.006170783529, 0.27728132358, 0.68187861535, 0.014150945832],
      [0.13509996237, 0.01082142674, 0.065062031787, 0.20450143936, 0.14297013671, 0.44154500303],
      [0.14489003775, 0.0081508412605, 0.19961173758, 0.19197285836, 0.40203297599, 0.053341549063]
    ],
    [
      [0, 0.68023074602, 0.032111593621, 0.28671489656, 0, 0.00094276380209],
      [0.008396303571, 0.14317376555, 0.56033389286, 0.25946236656, 0.0033921935562, 0.025241477906],
      [0.023375574048, 0.018493169753, 0.0059066950164, 0.32171183414, 0.61594860998, 0.014564117062],
      [0.20357649414, 0.013606230483, 0.058616381236, 0.20913804744, 0.11363110281, 0.40143174389],
      [0.22630171246, 0.010165853096, 0.18474453123, 0.20177022947, 0.32886925349, 0.048148420251]
    ],
    [
      [0, 0.22917628882, 0.040117607847, 0.72284705856, 0, 0.0078590447761],
      [0.011846217086, 0.020437986683, 0.5937709464, 0.25624268626, 0.0014399114106, 0.11626225216],
      [0.052157791606, 0.0051399732414, 0.01544092093, 0.30876574122, 0.56443983974, 0.054055733262],
      [0, 0, 0, 0, 0, 1],
      [0.36226028365, 0.0011771791366, 0.060467571055, 0.14718018482, 0.22528201175, 0.20363276959]
    ],
    [
      [2.8324108676e-05, 0.44940611327, 0.042958063754, 0.50622194754, 0.00015191601847, 0.0012336353061],
      [0.015114508476, 0.078303902136, 0.52040682208, 0.33599612975, 0.0080355590408, 0.042143078517],
      [0.028384140004, 0.0080026967796, 0.0036012085707, 0.28213042358, 0.66474078852, 0.013140742553],
      [0.25595093507, 0.0050753306651, 0.037922667455, 0.17769724992, 0.11953058786, 0.40382322903],
      [0.29182636672, 0.0039813569886, 0.12150463597, 0.17539032124, 0.3517299647, 0.055567354378]
    ],
    [
      [1.1182195998e-05, 0.55547113308, 0.043799863552, 0.39901211382, 0.0010595722366, 0.00064613511104],
      [0.0078183439321, 0.10203606827, 0.56174485576, 0.28011463822, 0.0048783570023, 0.043407736808],
      [0.023760774213, 0.017093520492, 0.0068744648445, 0.38186605325, 0.55010464742, 0.020300539777],
      [0.16333139611, 0.0081118595396, 0.05018556026, 0.18217286153, 0.074710442943, 0.52148787962],
      [0.2260543466, 0.0077474286704, 0.19522848649, 0.21827476348, 0.26645638631, 0.086238588452]
    ],
    [
      [0.00051763342183, 0.582417139, 0.048827190999, 0.36561835221, 0.0018460736631, 0.00077361070554],
      [0.0071381220394, 0.10256237912, 0.60469560776, 0.24621945495, 0.0044032692169, 0.034981166919],
      [0.027634245157, 0.021215987239, 0.0081981615266, 0.42863075748, 0.49242691872, 0.021893929871],
      [0.16803461577, 0.009788681232, 0.065045030339, 0.19316113526, 0.062686821808, 0.50128371559],
      [0.22519105287, 0.00899761023, 0.24514062658, 0.22396717193, 0.2160757147, 0.080627823692]
    ],
    [
      [0, 0.4904633457, 0.040688690238, 0.46654380422, 0.0022256644286, 7.849540701e-05],
      [0.0056352858813, 0.093556407285, 0.53579075201, 0.33844131793, 0.006322519718, 0.020253717173],
      [0.01256118199, 0.014434753618, 0.0062513020492, 0.38563848903, 0.57378538134, 0.0073288919727],
      [0.17798885795, 0.01005321789, 0.064278061639, 0.296100838, 0.12381121515, 0.32776780938],
      [0.18113926277, 0.0071265534779, 0.18433771724, 0.26114713378, 0.32633946576, 0.039909866982]
    ]
  ],
  "expected_outcome": [
    [
      [0, 0, 0, 0, 0, 0.0027063617268, 0, 0.0050201940642, 0, 0, 0, 0, 0.032761605502, 0.24231464218, 0, 0, 0, 0.1014032139, 0, 0.010993317994, 0, 0.040362570425, 0.18681756823, 0, 0, 0, 0.054589330394, 0.0069361944313, 0.023039591916, 0.016089098981, 0, 0.015369236675, 0, 0.00064906260546, 0, 0.0022617899458, 0.00067002797432, 0.0029052451295, 0.010777125682, 0, 0, 0, 0.022715935159, 0.0034888451513, 0.25208747643, 0],
      [2.9678188115, 6.2843811613, 5.3149290359, 11.7200703868, 2.431138518, 17.7354194317, 66.4709336649, 71.3205203316, 27.1960099954, 63.6129010199, 33.0239660462, 64.0405320372, 15.1495384663, 7.5613794695, 28.9810583742, 2.5820681302, 9.8979694044, 0, 2.331986583, 55.3120547471, 26.6730266675, 6.3827534714, 57.1274291208, 30.3980359354, 137.9307683006, 18.5745368316, 65.8195299213, 1.4504327781, 86.0812546536, 75.2441395963, 67.9226888759, 2.5590580013, 13.9327891699, 6.7395276587, 31.6322350236, 28.8842204563, 21.1038832692, 48.2462568191, 53.1220488903, 13.9061027004, 4.7616152221, 0.91670515528, 360.4237028434, 173.3069935224, 283.6371466944, 185.3951446758],
      [0.32176116858, 0.29842398363, 0.1440715198, 1.636828908, 0.080375033179, 1.6449431315, 6.9625853217, 7.0405775524, 3.0183223604, 7.8537984786, 3.7360361905, 6.2843061196, 2.448613369, 2.7771451625, 3.0450018143, 0.18822522667, 0.35111985944, 0.19908867582, 0, 3.9278952575, 2.179464195, 0.67243966506, 8.7317331415, 1.8396055265, 9.7334636636, 1.8984455314, 5.551086247, 0.36869391794, 4.5878221831, 5.6302240307, 3.0886571738, 0.054733702817, 1.1076432603, 0.93012398468, 2.6883169479, 2.7760858639, 1.5516893879, 4.0478089293, 5.3819008775, 1.0160861758, 0.22478115535, 0.16047043139, 34.4523671306, 13.6655574282, 23.7788420168, 15.3803249098],
      [3.6918573927, 2.3952567882, 1.5409994443, 15.5909248229, 2.4884864488, 11.5770971715, 62.380966515, 50.4601984002, 24.7235644199, 64.3502189189, 40.1621543733, 61.4962179441, 9.3123182277, 16.32406145, 32.829071721, 0.22970664313, 6.568352565, 0.69950811028, 0.61184147053, 47.6562637682, 24.0761455976, 9.8459821552, 69.4658989932, 17.708129263, 121.9585903442, 20.4722406495, 77.4273707582, 1.1591391787, 61.1473903522, 70.9349627056, 39.8954094155, 2.3421628765, 11.932139729, 4.3261602146, 25.6115543892, 40.2183361172, 26.2786581409, 52.5855713312, 65.3768363141, 8.0364814693, 2.0070042759, 2.8913882342, 405.9900019286, 124.4917795119, 178.0561375249, 176.3535579966],
      [0, 0, 0, 0.0063998858271, 0, 0, 0.022672921048, 0.015154767942, 0.0043461433831, 0.02266523497, 0.027455022504, 0.018624817339, 0.056768331543, 0.083666129896, 0.043342427745, 0, 0.18255817117, 0, 0.056171946505, 0.0026237329594, 0.0054093670233, 0.045120639519, 0.24999904066, 0, 0.060096828862, 0.046592786458, 0.10519476461, 0, 0.013605237238, 0, 0.016415493066, 0.014887111005, 7.4804894597e-05, 0.0021442869426, 0, 0.0079416141004, 0.026239916559, 0.0094215890447, 0.043761764237, 0.0055338248351, 0, 0, 0.12183664681, 0.33058653783, 0.89903787393, 0.841301154],
      [0.018562627207, 0.021938066827, 0, 0.045775996437, 0, 0.039833903524, 0.1628415774, 0.15852875379, 0.057757080881, 0.16041634772, 0.050388367516, 0.16031908174, 0, 0.011433145927, 0.10152566276, 0, 0, 0, 0, 0.090169176158, 0.065954172861, 0.013341498405, 0.23812213565, 0.05422927511, 0.31708086278, 0.0081842010004, 0.042228978425, 0.014797930875, 0.14688798198, 0.17458456835, 0.076829041797, 0.013789071644, 0.027353035806, 0.0013947924132, 0.067893639296, 0.11115415863, 0.038859257492, 0.10803608623, 0.064675028159, 0.035795829682, 0.0065993466146, 0.031436179104, 0.98937551547, 0.20159415464, 0.3767484136, 0.02967126385]
    ],
    [
      [0.25540335376, 0.039310125281, 0.081593309155, 0.16643517823, 0, 0.59804858977, 1.0918340545, 2.8995402902, 1.1649058114, 2.1957352225, 2.405159811, 2.8681648307, 0.1559670768, 0.1780918515, 2.2614387968, 0, 0.2818256384, 0.004421948701, 0, 1.5708506192, 0.59403806671, 0.14548808878, 1.0193608637, 0.39871080779, 4.1948884062, 0.19680726911, 1.5727508705, 0.050772154531, 1.1413054076, 1.4943244517, 1.3614485525, 0.068223903208, 0.3106120914, 0.052199787507, 1.1839213564, 1.590544168, 1.3785433541, 1.6804743099, 2.5797310283, 0.071146799855, 0.17632237499, 0.011846217086, 13.3158819676, 2.0484061102, 3.069392477, 1.329927468],
      [0.68445497218, 1.0735288027, 1.5240788689, 1.7918918245, 0.40044152559, 4.8342723372, 10.1504813086, 21.1230054368, 6.0548006354, 19.5201396323, 8.6066953367, 14.5975984433, 1.1024625694, 0.42023310907, 7.1640119941, 1.7895699526, 1.5793562366, 0, 0.66801341704, 10.0123547084, 6.6658276966, 0.91015840283, 6.937515071, 5.7288878838, 28.6167947342, 4.1173286371, 12.2728378467, 0.20941238215, 12.9004095762, 10.4533704447, 20.7615699, 0.8218412456, 2.9846015654, 0.77647238531, 9.778252416, 8.4360468873, 4.7062766835, 8.5430101718, 11.9172506215, 2.4988390744, 3.0066490765, 0.020437986683, 68.9857377816, 26.7334498871, 44.1018230206, 22.0793121193],
      [6.2770630341, 4.9405367174, 3.2986642329, 18.4548815959, 0.83158286724, 33.0085782867, 74.7940535059, 145.8306404998, 47.8781192433, 168.6647657705, 68.6105675872, 100.284590712, 14.3218500183, 15.647619486, 53.1066362267, 0.61462442567, 3.2912025092, 0.96742613918, 0, 50.3765477293, 38.9496236723, 7.1613575375, 76.9382056367, 25.0118235792, 141.1516335069, 29.9538219668, 71.5687024894, 5.7003522064, 48.6281924696, 55.0795594184, 66.3664054479, 1.6032933347, 17.3656363379, 8.9961788083, 58.8640521688, 57.2237182815, 24.7425986344, 50.5386113281, 84.6599837244, 13.9181004601, 11.7670117501, 0.5937709464, 458.4784102558, 147.1771522097, 260.0191113357, 126.4466174751],
      [3.4635683486, 1.8101023534, 2.095663589, 9.2631840861, 1.7679756072, 12.1986237599, 36.4272074786, 56.9506088834, 21.177151336, 75.4853765368, 40.157642365, 53.5579352183, 2.6315515398, 4.4485084295, 31.1338737756, 0.59580562169, 3.8960734114, 0.02765896796, 1.2215249171, 33.0662933838, 23.1587602131, 5.4753263336, 32.409608016, 12.9749735166, 96.4744247294, 17.3871562723, 54.9409784786, 0.70273260105, 35.1364356667, 37.6782220903, 46.7908144302, 3.3411992623, 9.9680851766, 2.0266236583, 30.4465682338, 45.0876578579, 22.5561496968, 35.6493537167, 56.0870001559, 5.7297406337, 5.4487096977, 0.25624268626, 296.012590307, 73.3900352146, 105.8743656282, 79.8721510314],
      [0.058579069192, 0.015659051639, 0, 0.17621466729, 0, 0.15013101935, 0.71055493899, 1.272523932, 0.41530090494, 1.8686967673, 0.97289155533, 1.1153348052, 0.052643560344, 0.091594381027, 0.81880448099, 0, 0.12313225025, 0.00049294416155, 0.11046166587, 0.77403556292, 0.39535930739, 0.082484094438, 0.54914199475, 0.29998362104, 1.6424635623, 0.37072926894, 1.0048450232, 0.18665195129, 0.62615691672, 0.72693567996, 1.1067386937, 0.044283576712, 0.24901806291, 0.043418435165, 0.57880592593, 1.0646617917, 0.67860621281, 0.83594391665, 1.6233622577, 0.14317855553, 0.071236064681, 0.0014399114106, 7.079327515, 1.2781295346, 1.8934057633, 1.4921146535],
      [0.26093122216, 0.12086294964, 0, 1.1473926479, 0, 1.2103460071, 5.8258687134, 8.9236809578, 2.3097220689, 9.2652860706, 3.2470433448, 6.5763759905, 0.73552523536, 0.21395274289, 4.5152347258, 0, 2.8284099541, 0, 0, 3.1999179964, 2.2363910439, 0.22518554288, 3.1461684179, 1.5856205916, 10.9197950611, 0.97415658569, 3.6398852916, 0.15007870457, 3.567499963, 5.567587915, 4.6130229756, 0.12115867754, 1.1220467659, 0.10510692538, 4.1483998991, 6.5973710136, 1.9378254183, 3.7526065569, 4.1326722122, 0.63899447641, 0.53007103603, 0.11626225216, 37.128052173, 11.3728270438, 15.0419017753, 4.7798772528]
    ],
    [
      [1.4774619411, 0.50342263589, 0.32082462219, 1.9419653582, 0, 2.4151330125, 12.3305160879, 21.7867323202, 13.4696764774, 18.822713667, 25.0835842822, 24.6979327022, 3.3761449495, 0.99947966281, 22.1624610992, 0, 2.1094572618, 1.0697566677, 0, 11.6219409659, 3.446945365, 1.5401010539, 6.5835426093, 4.3499135296, 24.0940516976, 0.87760494143, 7.2508848508, 0.45751536367, 12.2444113442, 16.3099286216, 20.3477254845, 0.7636520215, 6.3283881231, 2.5522880099, 16.5471257578, 17.0015590356, 21.6362739168, 26.6359128502, 41.926096228, 0.39915312371, 1.4025344429, 0.62589349927, 151.571307621, 23.0004294384, 42.5843717863, 13.5409541848],
      [0.33658691264, 0.59916229919, 0.12688241051, 1.3857724889, 0.15116432758, 1.2760074988, 6.8463267549, 9.5671409324, 4.3631847035, 9.8748558803, 5.0024215296, 7.6292146326, 1.7141054062, 0, 4.4236725213, 0.62836191716, 1.5108514084, 0, 0, 4.3072807376, 2.3109607979, 0.63356973839, 2.5902994887, 3.4481522827, 9.6374223192, 1.1241758171, 3.4921251562, 0.31685303545, 7.3039735526, 6.6769529024, 16.9103574967, 0.56768217291, 3.8217756859, 2.3743956018, 7.9423447277, 4.3531800491, 3.862899118, 7.7031847281, 9.1973930677, 1.4269783987, 1.1095901852, 0.061679678897, 42.734400803, 16.546527836, 32.6938363353, 15.5606644004],
      [0.1027540527, 0.18645169295, 0.15035756113, 1.0164821856, 0.033766602741, 0.41031975728, 3.2509982691, 4.3157806815, 2.1844944138, 5.6781660273, 3.3748588454, 3.5746401395, 0.76572611477, 0.25961371844, 2.4898383675, 0.19715034766, 0.2958486347, 0.29318185547, 0, 1.2633473551, 0.8217201924, 0.4591940848, 1.4935516486, 1.2708482494, 2.9961909372, 0.56042853789, 1.5888958645, 0, 1.8423727223, 2.1211751023, 4.3368947496, 0.0020134746671, 1.4680332598, 0.86375953709, 3.0706310077, 2.2231551698, 0, 2.6104586423, 5.2561079195, 0.54919973408, 0.35440170099, 0.18529105116, 19.2304537676, 6.6544819695, 12.6333669124, 6.738903609],
      [9.3350983859, 10.0727686008, 3.7112135688, 59.9348925435, 1.4271175373, 23.4923154077, 187.6230457881, 191.5740178668, 113.9635568756, 304.1775580829, 199.474885401, 213.5744493961, 28.2821371732, 17.3752178196, 155.8046958141, 2.1744877352, 13.3000660111, 5.0937277629, 0.16663361238, 109.0630278081, 60.2208899103, 23.6737482253, 101.0974806241, 65.1545840383, 249.7406827237, 32.4552008706, 112.9405725365, 6.4828866353, 167.5891562125, 182.476462678, 334.3976017126, 12.3503266255, 94.8258021194, 44.0108291295, 189.4766576112, 214.7405591487, 159.9137282785, 252.3640104446, 394.7079250588, 24.6780377984, 19.3027100483, 3.7051888947, 1506.5764618985, 369.6463395508, 660.5199972824, 415.7182911727],
      [17.2882827136, 16.2380535165, 8.6907218374, 110.6846954371, 3.3879515324, 44.4857121841, 357.4226087083, 415.520571932, 220.2167399152, 720.1940316377, 451.0972731286, 433.4953186055, 27.365035522, 17.061858929, 364.0788865155, 0, 11.5637822289, 15.5433337139, 10.8333663876, 256.8414203488, 101.8671812478, 24.2797731298, 111.4163974308, 153.5947668371, 410.8243802825, 56.3697327736, 189.1823780081, 8.1288750637, 297.4956427757, 355.870463285, 773.7804791484, 9.8816024138, 239.3371490957, 90.7596434672, 369.3693446659, 500.2934739349, 468.2749073184, 589.7620584258, 1107.603324956, 60.6871967661, 36.956916599, 6.7732780768, 3549.7158106749, 532.5012987007, 758.8298817527, 618.5406410865],
      [0.45981599408, 0.40014125473, 0, 3.0361919867, 0, 0.92051213954, 10.5265043916, 11.2357562671, 4.8023476145, 14.2526747049, 4.9669768133, 10.0284445242, 2.4968508343, 0.3038298701, 9.0404456823, 0, 0.21999445511, 0, 0, 3.9029827846, 2.3323024866, 0.41361376775, 3.8187281986, 3.1817350629, 10.7072720397, 0.61285705933, 2.5451435838, 0.61386990187, 6.5244433927, 9.5450174107, 12.2269414082, 0.43472329163, 4.218851716, 0.43908425459, 9.5938962297, 11.388072662, 4.3121913684, 9.9243749089, 6.3091527699, 1.259434179, 0.87384702369, 0.64866879914, 70.171565235, 19.6509225046, 33.7385459308, 7.9005455465]
    ],
    [
      [0.55486196878, 0.14698844689, 0, 0.68110875397, 0, 0.81552122311, 3.0385613939, 11.7890178381, 11.3243956049, 8.7079602649, 11.4565726985, 13.3649713983, 0.30331989879, 1.1555272197, 11.6302720031, 0, 0.21447320057, 0, 0, 7.0365478613, 2.5294377733, 0.98279273854, 5.9133622032, 3.2726922516, 11.8079390303, 2.6468932352, 7.5335257047, 0, 7.8449436915, 9.6532989262, 10.202817783, 0.19796122482, 2.3908611845, 1.0432911265, 4.8802911977, 5.1788051358, 7.831099973, 7.1133187869, 19.0841782631, 1.080799699, 0.61072948243, 0, 80.6245445479, 11.7598605198, 17.811669272, 3.203799443],
      [0.0033724593993, 0.017571194976, 0, 0.024146229879, 0, 0.0276226394, 0.10609142506, 0.33034651023, 0.21425438327, 0.2790322663, 0.1505792674, 0.25008537922, 0.0095759368833, 0.01398095819, 0.13118212375, 0, 0.0064031218638, 0, 0, 0.17041519789, 0.10478419889, 0.027007480457, 0.17556536381, 0.17234358348, 0.30216716836, 0.13769645099, 0.23139181375, 0, 0.33709456834, 0.25995078569, 0.58112367355, 0.011168796078, 0.085873676004, 0.057045260263, 0.15439045042, 0.10424383791, 0.10090921616, 0.13786855013, 0.33693716789, 0.086571413918, 0.04081869145, 0, 1.5987291595, 0.58405388685, 1.0376002106, 0.18095792202],
      [0.031480216378, 0.081024343312, 0, 0.27118772396, 0, 0.20919979939, 0.86983907214, 2.5365625044, 1.8652928405, 2.6946487314, 1.3430515559, 1.9151076956, 0.12921098514, 0.63199051847, 1.0888860951, 0, 0.012982621018, 0, 0, 0.95236953054, 0.67819869607, 0.22337333445, 2.1829196633, 0.83751051571, 1.6650648959, 1.0916071043, 1.4961334647, 0, 1.4249589828, 1.5200663443, 2.0849295445, 0.024124933604, 0.54784085661, 0.67068940805, 1.0339988675, 0.79311075429, 0.59037565818, 0.90809266184, 2.6869763946, 0.5204962543, 0.17584914371, 0, 11.9456402484, 3.6133603387, 6.8947732159, 1.1570051095],
      [0.14087470372, 0.25498396863, 0, 1.0232089298, 0, 0.57683481367, 3.0951570419, 7.2317681287, 6.0741508945, 8.7781038404, 5.7457603458, 7.4541552954, 0.18778924681, 1.3980525327, 4.6672388825, 0, 0.10560614974, 0, 0, 4.5810049976, 2.9701732071, 1.3309012036, 6.7829355852, 3.214439013, 8.2808475268, 4.7023317864, 8.3952116082, 0, 7.5292878709, 7.5994908019, 10.7179538494, 0.3934186209, 2.3456847646, 1.2348637512, 3.9158221789, 4.5666597674, 3.960848747, 4.684545361, 12.9813939451, 1.6360115149, 0.62741414231, 0, 55.9746337235, 13.1164460301, 20.4750803372, 5.329815084],
