{
  "X": [
    [11, 24, 37, 151, 7],
    [7, 22, 39, 270, 12],
    [3, 7, 7, 3, 2],
    [6, 60, 64, 147, 12],
    [26, 101, 104, 445, 24],
    [35, 130, 181, 630, 39],
    [42, 137, 189, 649, 35],
    [36, 207, 223, 630, 68],
    [3, 9, 12, 53, 2],
    [9, 39, 42, 180, 13],
    [3, 11, 17, 60, 10],
    [2, 7, 10, 35, 2],
    [2, 13, 12, 60, 2],
    [2, 1, 4, 36, 3],
    [39, 88, 138, 839, 28],
    [5, 13, 43, 285, 10],
    [44, 90, 185, 831, 45],
    [20, 53, 59, 317, 21],
    [30, 38, 92, 493, 19],
    [35, 67, 139, 664, 23],
    [68, 218, 440, 1296, 68],
    [49, 154, 223, 712, 34],
    [53, 115, 206, 910, 52],
    [49, 139, 299, 1155, 57],
    [19, 22, 32, 290, 10],
    [25, 52, 60, 333, 14],
    [9, 16, 33, 132, 5],
    [19, 49, 58, 134, 18],
    [0, 4, 1, 21, 4],
    [2, 7, 9, 28, 1],
    [5, 5, 2, 38, 3],
    [1, 10, 20, 76, 3],
    [6, 6, 14, 65, 2],
    [6, 12, 35, 98, 2],
    [26, 87, 79, 401, 16],
    [5, 8, 7, 26, 1],
    [71, 208, 331, 1250, 75],
    [47, 109, 199, 692, 41],
    [57, 84, 107, 792, 24],
    [18, 36, 42, 284, 22],
    [0, 0, 4, 10, 1],
    [75, 143, 226, 897, 66],
    [43, 75, 134, 498, 39],
    [63, 165, 288, 929, 59],
    [11, 35, 59, 274, 14],
    [85, 402, 550, 2359, 158],
    [66, 189, 291, 1545, 69],
    [10, 36, 90, 304, 13],
    [53, 189, 478, 1246, 88],
    [5, 12, 36, 137, 7]
  ],
  "W": [
    [11, 24, 26, 127, 31, 11],
    [15, 31, 24, 228, 26, 26],
    [1, 3, 5, 4, 6, 3],
    [9, 22, 53, 121, 70, 14],
    [40, 62, 85, 388, 108, 17],
    [44, 91, 146, 531, 167, 36],
    [54, 57, 167, 573, 177, 24],
    [48, 68, 226, 561, 219, 42],
    [2, 6, 13, 43, 10, 5],
    [7, 22, 28, 167, 47, 12],
    [4, 7, 15, 50, 12, 13],
    [4, 7, 9, 29, 7, 0],
    [1, 7, 10, 54, 10, 7],
    [0, 9, 2, 34, 1, 0],
    [69, 82, 110, 725, 113, 33],
    [6, 38, 16, 262, 19, 15],
    [62, 115, 136, 732, 117, 33],
    [30, 52, 29, 282, 55, 22],
    [29, 79, 67, 416, 51, 30],
    [35, 90, 101, 587, 81, 34],
    [62, 198, 323, 1155, 285, 67],
    [38, 129, 166, 607, 181, 51],
    [41, 93, 186, 828, 153, 35],
    [40, 149, 256, 1011, 200, 43],
    [30, 17, 26, 260, 27, 13],
    [21, 51, 35, 290, 70, 17],
    [9, 18, 23, 117, 22, 6],
    [20, 19, 50, 118, 54, 17],
    [0, 5, 1, 21, 3, 0],
    [2, 5, 8, 27, 3, 2],
    [1, 4, 3, 39, 4, 2],
    [5, 11, 18, 64, 8, 4],
    [2, 2, 13, 63, 10, 3],
    [4, 17, 20, 91, 14, 7],
    [23, 49, 61, 354, 96, 26],
    [5, 6, 7, 20, 6, 3],
    [73, 109, 322, 1085, 263, 83],
    [56, 73, 191, 613, 121, 34],
    [59, 79, 76, 675, 128, 47],
    [20, 33, 37, 243, 43, 26],
    [1, 0, 3, 9, 1, 1],
    [89, 143, 190, 738, 188, 59],
    [56, 77, 118, 427, 82, 29],
    [65, 160, 246, 769, 185, 79],
    [14, 63, 45, 207, 38, 26],
    [117, 192, 520, 2107, 516, 102],
    [76, 193, 205, 1351, 260, 75],
    [12, 38, 77, 271, 38, 17],
    [52, 260, 359, 1102, 192, 89],
    [5, 27, 17, 119, 20, 9]
  ],
  "method": "mult",
  "cond_prob": [
    [
      [0.47356122857, 0.034264230128, 0.00054060346621, 0.45749039538, 0.034143542464],
      [0.04987991917, 0.013273223386, 0.43079322036, 0.4871865809, 0.018867056186],
      [0.026220880834, 0.12307297362, 0.79897940156, 0.039654630142, 0.012072113845],
      [0.0026953051621, 0.0031226535533, 0.011272031049, 0.96659223397, 0.016317776261],
      [0.065366712449, 0.60201469612, 0.097590193432, 0.15344551239, 0.081582885611],
      [0.14029942568, 0.095055110195, 0.12951888119, 0.52091661153, 0.1142099714]
    ],
    [
      [0.28274091137, 0.042632638963, 0.00013108559095, 0.6219982744, 0.052497089672],
      [0, 0.0088581791466, 0.44268891057, 0.52585145643, 0.022601453857],
      [0.012233349845, 0.12363562353, 0.80413068725, 0.04512422032, 0.01487611906],
      [0, 0, 0, 0.98291990138, 0.017080098617],
      [0.027503204415, 0.6023810334, 0.10059937043, 0.16904847425, 0.1004679175],
      [0.067315485322, 0.094490193421, 0.12922912936, 0.5686404462, 0.1403247457]
    ],
    [
      [0.81221317887, 0.049774774228, 0.0040414822668, 0.089316600916, 0.044653963716],
      [0.12342483612, 0.070009209873, 0.61018896717, 0.15078160038, 0.045595386458],
      [0, 0.18291230936, 0.79580864075, 0, 0.021279049894],
      [0.22588233312, 0.13867620548, 0.039282890078, 0.52031699819, 0.075841573127],
      [0.0071954699426, 0.78284009116, 0.094760160758, 0, 0.11520427814],
      [0.29027005354, 0.1912968935, 0.15355196254, 0.12569020173, 0.23919088869]
    ],
    [
      [0.284124999, 0.057448356304, 0.001399274424, 0.60407677656, 0.05295059371],
      [0.022070540861, 0.019746034441, 0.4561886571, 0.47989442835, 0.022100339249],
      [0.0099881875752, 0.14974646433, 0.79994211246, 0.026724736235, 0.013598499403],
      [0, 0.020874232982, 0.021477767235, 0.93783430236, 0.019813697422],
      [0.021597100275, 0.66964795173, 0.099359843511, 0.12363697631, 0.085758128175],
      [0.065439439235, 0.12220361532, 0.14288037375, 0.5326201171, 0.1368564546]
    ],
    [
      [0.39111222873, 0.051393371564, 0.00019190694897, 0.5119470395, 0.045355453247],
      [0.038559186792, 0.021046564689, 0.41725639059, 0.49987207853, 0.0232657794],
      [0.019845393786, 0.1653129014, 0.76258364542, 0.037280912535, 0.014977146859],
      [0, 0.024725851518, 0.0068605114081, 0.94737532339, 0.02103831368],
      [0.041590022224, 0.66590940177, 0.079360009764, 0.12940234055, 0.083738225694],
      [0.10507414103, 0.12211386638, 0.12176812726, 0.51788786642, 0.13315599891]
    ],
    [
      [0.390385925, 0.04051755982, 0.00052145849349, 0.52049915581, 0.048075900878],
      [0.037529425868, 0.014527046769, 0.42855813918, 0.49557870847, 0.023806679718],
      [0.019517434475, 0.13022678225, 0.79400867463, 0.040910710045, 0.015336398605],
      [0, 0.0058520683389, 0.010388885541, 0.96350101596, 0.020258030156],
      [0.046551771216, 0.60604130243, 0.095234811929, 0.1525925071, 0.099579607326],
      [0.10511528666, 0.099050280825, 0.12867463474, 0.52570619014, 0.14145360762]
    ],
    [
      [0.42419045067, 0.038679268684, 0.0010302698993, 0.49484519065, 0.041254820097],
      [0.042227081805, 0.014310636403, 0.43778249166, 0.48464489455, 0.021034895588],
      [0.021856393414, 0.12620744558, 0.80086803792, 0.037724055458, 0.013344067637],
      [0.00084063445401, 0.0062396520519, 0.016130639647, 0.9585381493, 0.018250924548],
      [0.054753064979, 0.60494052396, 0.10057668097, 0.15020327199, 0.089526458109],
      [0.11932409405, 0.098715684948, 0.13336966751, 0.52188936517, 0.12670118832]
    ],
    [
      [0.36176730149, 0.052783325055, 6.8963622074e-05, 0.5118561578, 0.073524252041],
      [0.035294637195, 0.021433149177, 0.41550422438, 0.49066492587, 0.037103063382],
      [0.018053656067, 0.17145671786, 0.75555682972, 0.030059544215, 0.024873252134],
      [0.00037498581763, 0.033264042785, 0.0049146937462, 0.92621612971, 0.035230147941],
      [0.037212818445, 0.64249204576, 0.074996714595, 0.11663458031, 0.12866384089],
      [0.090357943935, 0.11649623795, 0.11440798294, 0.47909549092, 0.19964234426]
    ],
    [
      [0.49072843461, 0.032596840977, 0, 0.45048315651, 0.026191567897],
      [0.052274027811, 0.014639278631, 0.36250886249, 0.55400551155, 0.016572319522],
      [0.028613905864, 0.14756529377, 0.6665207615, 0.14569220955, 0.011607829319],
      [0, 0, 0, 0.98705384322, 0.012946156783],
      [0.061826117788, 0.64202100396, 0.066371073449, 0.16423710037, 0.065544704426],
      [0.14293140196, 0.10168235753, 0.099293238219, 0.5590631263, 0.097029875996]
    ],
    [
      [0.44378986831, 0.042983582796, 0.00093072370035, 0.4592751694, 0.053020655792],
      [0.043747697604, 0.01802175511, 0.453885339, 0.45653854175, 0.027806666536],
      [0.021749708628, 0.13692943613, 0.79407134922, 0.030229695149, 0.017019810872],
      [0.0027078674686, 0.023048136538, 0.022167962084, 0.92477643327, 0.027299600641],
      [0.051715450959, 0.62394502303, 0.095162224399, 0.12189724495, 0.10728005666],
      [0.11993247255, 0.10784643435, 0.13327795693, 0.47732996359, 0.16161317259]
    ],
    [
      [0.32915355248, 0.042625245858, 0, 0.51841690284, 0.10980429883],
      [0.028794989206, 0.015972775792, 0.41604715933, 0.48514906499, 0.054036010686],
      [0.011545944527, 0.13789352784, 0.77744429932, 0.037187277312, 0.035928951008],
      [0, 0.013802759183, 0.0023445002763, 0.93202301207, 0.051829728472],
      [0.031913164051, 0.56504453818, 0.077564980985, 0.12782515899, 0.19765215779],
      [0.071205671472, 0.090662634706, 0.10600004687, 0.44903286636, 0.28309878059]
    ],
    [
      [0.38584111255, 0.048501470416, 0, 0.51187865463, 0.053778762405],
      [0.03106797341, 0.021796814031, 0.40402802646, 0.51484926669, 0.028257919418],
      [0, 0.19512152909, 0.74373675939, 0.042895905846, 0.018245805677],
      [0, 0.0072457953276, 0, 0.96754100831, 0.025213196365],
      [0.034165676561, 0.66959922769, 0.068310425757, 0.12911258873, 0.098812081256],
      [0.092313829991, 0.11582307365, 0.11247185545, 0.51441146908, 0.16497977183]
    ],
    [
      [0.42526460237, 0.059930396798, 0.00030807462116, 0.48744151386, 0.027055412351],
      [0.038097072823, 0.027079202795, 0.41549149057, 0.50461619274, 0.014716041065],
      [0.018487682609, 0.20180368627, 0.73694431271, 0.033812156569, 0.0089521618442],
      [0.00038260561666, 0.039287706427, 0.0045569394546, 0.94247905844, 0.013293690058],
      [0.035095246312, 0.74886688451, 0.064037588589, 0.10706766647, 0.044932614117],
      [0.10736655648, 0.16032476125, 0.11933682112, 0.52536825008, 0.087603611063]
    ],
    [
      [0.91584931106, 0.0041920003001, 3.7486044265e-05, 0.062182783034, 0.017738419566],
      [0.17356344732, 0.010674621638, 0.28878904904, 0.45949719858, 0.067475683418],
      [0.096714261984, 0.12964222785, 0.68141643043, 0.042978552988, 0.049248526751],
      [0.003289905966, 0.0024906316634, 0, 0.93214729412, 0.062072168252],
      [0.13264364727, 0.559962473, 0.038065697815, 0.085560106736, 0.18376807518],
      [0.33057791289, 0.050755420157, 0.05193111571, 0.29620246256, 0.27053308868]
    ],
    [
      [0.380904047, 0.037362018983, 0, 0.54548191731, 0.03625201671],
      [0.036560019557, 0.01294095907, 0.41333186152, 0.5192695483, 0.017897611553],
      [0.019734394747, 0.12642433614, 0.79527123492, 0.046653797098, 0.011916237094],
      [0, 0, 0, 0.98603841515, 0.01396158485],
      [0.036106342143, 0.5956302794, 0.11005233484, 0.17867502778, 0.079536015833],
      [0.10511815361, 0.095392833268, 0.12700114174, 0.56307872551, 0.10940914588]
    ],
    [
      [0.33726602855, 0.03338293298, 0.00083788020578, 0.57869111448, 0.049822043784],
      [0.019928217082, 0.0030268000139, 0.5009292436, 0.45588814623, 0.02022759307],
      [0.012731232908, 0.083770362435, 0.85627849351, 0.034923198902, 0.012296712249],
      [0, 0, 0.019923405845, 0.96242031365, 0.017656280505],
      [0.041736935679, 0.53718877832, 0.13614528956, 0.17665976135, 0.10826923509],
      [0.081495338341, 0.075851427638, 0.16350084884, 0.54231166214, 0.13684072304]
    ],
    [
      [0.41381823185, 0.034572918492, 0.00067600241308, 0.49762569696, 0.053307150285],
      [0.040996231531, 0.012346614385, 0.43401464472, 0.48562068683, 0.027021822534],
      [0.021632249518, 0.11456486624, 0.80618678861, 0.040165099509, 0.017450996124],
      [0.00062453155894, 0.0026891979988, 0.012544639487, 0.9610236918, 0.023117939156],
      [0.055419901041, 0.56439160866, 0.10218413366, 0.15813389268, 0.11987046396],
      [0.1134979255, 0.086469255825, 0.1292963853, 0.51113231604, 0.15960411734]
    ],
    [
      [0.40937239122, 0.051059507447, 0.0013521591487, 0.48100834968, 0.057207592497],
      [0.039680782804, 0.021312492657, 0.4497531915, 0.46030063313, 0.028952899902],
      [0.019544354562, 0.15092078248, 0.77958956862, 0.032517375819, 0.017427918509],
      [0.0011309173475, 0.02739593137, 0.018791462998, 0.92451114867, 0.028170539611],
      [0.043723257155, 0.64792254498, 0.087042356651, 0.11771760536, 0.10359423586],
      [0.10749742908, 0.11917590211, 0.13080225436, 0.47747729396, 0.1650471205]
    ],
    [
      [0.47970110247, 0.026734106107, 0, 0.45809955796, 0.03546523346],
      [0.062659143997, 0, 0.38341373343, 0.5333232816, 0.020603840975],
      [0.04036417474, 0.10255363613, 0.79462724897, 0.04820269202, 0.014252248139],
      [0, 0, 0, 0.98363968055, 0.016360319454],
      [0.077789106465, 0.54931155816, 0.097436685036, 0.17841300618, 0.097049644161],
      [0.14889838384, 0.077957594533, 0.11670061471, 0.53532742618, 0.12111598074]
    ],
    [
      [0.46524316638, 0.033627197815, 0.00050018239541, 0.46775275914, 0.032876694264],
      [0.049473290014, 0.012837327688, 0.43020031267, 0.4896255582, 0.017863511436],
      [0.026330708347, 0.11969499123, 0.80185231362, 0.040554878371, 0.011567108428],
      [0.0024127585293, 0.0025734156901, 0.011231318723, 0.96855294782, 0.015229559236],
      [0.067074080337, 0.59173316945, 0.10147981346, 0.16005452367, 0.079658413083],
      [0.13985887554, 0.092279786321, 0.13131567116, 0.52827393202, 0.10827173497]
    ],
    [
      [0.43332329786, 0.036381569905, 0.0016502528053, 0.4860605297, 0.042584349729],
      [0.041788709977, 0.012721962805, 0.4674474225, 0.45718832239, 0.020853582331],
      [0.021022163659, 0.11053833631, 0.8250188665, 0.030711965369, 0.012708668158],
      [0.0012961611703, 0.0045269830828, 0.032720013708, 0.9428721193, 0.018584722739],
      [0.057652301455, 0.58282570327, 0.11660045518, 0.14833727818, 0.094584261906],
      [0.12151731386, 0.092351052353, 0.14685455569, 0.50936675282, 0.12991032527]
    ],
    [
      [0.46828770767, 0.039783046011, 0.00090154415685, 0.45812468395, 0.032903018216],
      [0.050135898494, 0.01684967081, 0.43846685538, 0.47656752319, 0.017980052128],
      [0.02608017146, 0.13728754943, 0.79124663861, 0.034010105572, 0.011375534926],
      [0.003285209848, 0.013355342163, 0.017791455949, 0.94928243164, 0.016285560397],
      [0.06228877947, 0.62956530118, 0.096532326293, 0.13873869035, 0.072874902707],
      [0.13999678978, 0.10719394717, 0.1330354931, 0.51259284376, 0.10718092617]
    ],
    [
      [0.49676104843, 0.0297457002, 0.00011912040231, 0.42663962907, 0.046734501893],
      [0.058527313578, 0.012709995884, 0.40877946811, 0.4919272857, 0.028055936722],
      [0.032552210356, 0.12006558224, 0.78579649065, 0.042779845461, 0.018805871284],
      [0.0048648615142, 0.0030796951814, 0.0043932767752, 0.96343825651, 0.024223910015],
      [0.076861009235, 0.55427768785, 0.092389826144, 0.15600505846, 0.12046641831],
      [0.15277731367, 0.083192129303, 0.11563433421, 0.49159531552, 0.15680090729]
    ],
    [
      [0.43287015006, 0.030494817146, 0.00021968252306, 0.49121909694, 0.04519625333],
      [0.044791667731, 0.010480009734, 0.41874508095, 0.5021856696, 0.023797571992],
      [0.026997548019, 0.091094028123, 0.81946916748, 0.046706423146, 0.01573283323],
      [0, 0, 0.00085401578268, 0.98014525897, 0.019000725251],
      [0.063753680924, 0.54730203659, 0.10282100903, 0.17454001438, 0.11158325908],
      [0.12439830298, 0.079958310388, 0.12526690699, 0.52869458923, 0.14168189042]
    ],
    [
      [0.45021131724, 0.033057280364, 0, 0.48036052619, 0.036370876196],
      [0.048353359726, 0.01326673482, 0.40582927114, 0.51234417638, 0.020206457935],
      [0.026566419267, 0.12603933532, 0.7892383786, 0.044610886199, 0.013544980609],
      [0.0020170440088, 0.0012019207113, 0.0021234648995, 0.97815589872, 0.016501671662],
      [0.06385842167, 0.59297187279, 0.09174724529, 0.16361410121, 0.087808359041],
      [0.133255203, 0.090998802194, 0.11934061925, 0.53702582885, 0.1193795467]
    ],
    [
      [0.51288289237, 0.033340897714, 0.00032313611204, 0.42269436895, 0.030758704854],
      [0.060265153088, 0.014545567892, 0.41919192805, 0.48748693987, 0.018510411095],
      [0.032136514393, 0.13098298353, 0.78518013931, 0.039667827423, 0.012032535349],
      [0.0064904009585, 0.0067120137281, 0.0089126342548, 0.96150688984, 0.016378061221],
      [0.076779635836, 0.60538322745, 0.092204308394, 0.14844267863, 0.077190149686],
      [0.1631980978, 0.09707663878, 0.12318561257, 0.50854263539, 0.10799701547]
    ],
    [
      [0.50047264566, 0.029775052464, 0.0012855817444, 0.43748186043, 0.030984859702],
      [0.052030121556, 0.011198848913, 0.45471241114, 0.46500716812, 0.017051450274],
      [0.028611078161, 0.1025000607, 0.82273079182, 0.03558189087, 0.01057617845],
      [0.0031419448994, 0, 0.02183786932, 0.95998966733, 0.015030518449],
      [0.073881309102, 0.5753368854, 0.11273610579, 0.1576912987, 0.080354401009],
      [0.15135880832, 0.085922062069, 0.14092885238, 0.51435851511, 0.10743176212]
    ],
    [
      [0.49178375634, 0.04602346317, 0.002965862047, 0.39606703317, 0.063159885278],
      [0.054834424211, 0.021647026034, 0.45217873055, 0.43503857899, 0.036301240214],
      [0.029007338224, 0.15369928506, 0.78345467035, 0.010461029945, 0.02337767642],
      [0.0081792190843, 0.036970606088, 0.025946644575, 0.89057254698, 0.038330983272],
      [0.061750596852, 0.62467486766, 0.091994181294, 0.091620492881, 0.12995986131],
      [0.13955434236, 0.11107638924, 0.12630373595, 0.4267533929, 0.19631213955]
    ],
    [
      [0, 0.096920134842, 0.00016508203633, 0.60653538489, 0.29637939823],
      [5.5560702128e-32, 0.13153096975, 0.10432405723, 0.60655815551, 0.15758681751],
      [0, 0.38801827669, 0.44980593741, 0.05275519845, 0.10942058746],
      [0, 0.04062847423, 0, 0.84515008225, 0.11422144352],
      [0, 0.70037630524, 0.0095245921451, 0.055434098917, 0.2346650037],
      [1.1102230246e-16, 0.12899683884, 0.026122392566, 0.32495876367, 0.51992200492]
    ],
    [
      [0.54271418016, 0.069489735063, 0.0015992525007, 0.35986745806, 0.026329374214],
      [0.05384240256, 0.040598375619, 0.4441053015, 0.44423429545, 0.017219624875],
      [0.023306769451, 0.25094915543, 0.70708789207, 0.0091161359717, 0.0095400470718],
      [0.0023898009591, 0.067458164499, 0.027007683293, 0.88572966242, 0.017414688831],
      [0.036047667845, 0.80955701802, 0.051081873442, 0.064470513398, 0.038842927296],
      [0.14311892092, 0.20019695639, 0.11855939084, 0.4390260467, 0.099098685145]
    ],
    [
      [0.82410299736, 0.017723892499, 0, 0.13295253775, 0.025220572393],
      [0.33168948723, 0.026716081747, 0.088302374542, 0.50370966574, 0.04958239075],
      [0.13790407144, 0.27718203499, 0.49952347807, 0.046541572185, 0.038848843315],
      [0.028170455247, 0.032626645101, 0, 0.89184525012, 0.047357649528],
      [0.14781311212, 0.64272700419, 0.020602706388, 0.076319876652, 0.11253730064],
      [0.37276331815, 0.10025924991, 0.032904621035, 0.31266991066, 0.18140290025]
    ],
    [
      [0.16343217137, 0.06468608641, 5.2080377916e-05, 0.71558451513, 0.056245146706],
      [0, 0.028640952372, 0.42423614395, 0.52584413112, 0.02127877255],
      [0, 0.16270336858, 0.77976944746, 0.044245130362, 0.013282053589],
      [0, 0.0058849928837, 0.0021572376153, 0.97521697349, 0.016740796007],
      [0.0066549961678, 0.69375642518, 0.079939866859, 0.14049556546, 0.079153146339],
      [0.032399793448, 0.12654187784, 0.1299274545, 0.57588220205, 0.13524867216]
    ],
    [
      [0.71993600974, 0.013707432645, 0.00045170952469, 0.25027239963, 0.015632448451],
      [0.10822706849, 0.0090549974182, 0.42640914251, 0.44203255083, 0.014276240748],
      [0.074246742601, 0.067549628673, 0.81526265377, 0.033780955057, 0.009160019896],
      [0.013123754688, 0, 0.017152775833, 0.95633598802, 0.013387481463],
      [0.16689657301, 0.4896734888, 0.11107427398, 0.15952647429, 0.072829189933],
      [0.2942346381, 0.059865026388, 0.11883205988, 0.44393523181, 0.083133043826]
    ],
    [
      [0.53718269664, 0.032373344747, 0.0026916115587, 0.41177150503, 0.015980842025],
      [0.050878692432, 0.012090075593, 0.52408305549, 0.40473355101, 0.0082146254705],
      [0.023639589219, 0.096338088155, 0.85685082859, 0.018586946432, 0.0045845476005],
      [0.0034694622408, 0.005926823444, 0.063273121116, 0.91925769738, 0.0080728958174],
      [0.074716903234, 0.60903623519, 0.13755623129, 0.13829188384, 0.040398746442],
      [0.16454027836, 0.096052192397, 0.17988053984, 0.50173826407, 0.057788725331]
    ],
    [
      [0.47240621865, 0.044261356705, 0.00014561193195, 0.45410612042, 0.029080692299],
      [0.052938380143, 0.020039922215, 0.40951340629, 0.50067848467, 0.016829806691],
      [0.028072687211, 0.16375207376, 0.75862363272, 0.038629657654, 0.010921948657],
      [0.0038552258118, 0.02206220717, 0.0055517463274, 0.95330162553, 0.015229195159],
      [0.059763932843, 0.66724557246, 0.078952941358, 0.13225328019, 0.061784273153],
      [0.1433136513, 0.12098306976, 0.1196019943, 0.51926207802, 0.096839206624]
    ],
    [
      [0.56829166949, 0.054222238388, 0, 0.35805126781, 0.019434824315],
      [0.078754175504, 0.035026173976, 0.35936185431, 0.51228298327, 0.014574812944],
      [0.10235073903, 0.23957947173, 0.61630174154, 0.032196565767, 0.0095714819355],
      [0, 0.042679826676, 0, 0.94363144353, 0.013688729798],
      [0.06696181121, 0.7539767831, 0.042864450021, 0.096024897409, 0.040172058258],
      [0.18926351969, 0.15473940998, 0.090843327759, 0.487297182, 0.077856560568]
    ],
    [
      [0.4270692792, 0.035239182076, 0, 0.49049072437, 0.047200814356],
      [0.045102239413, 0.013479346964, 0.40841652842, 0.50759423534, 0.025407649858],
      [0.024704789519, 0.1274743731, 0.78395924261, 0.046904417384, 0.016957177386],
      [0.0013689762973, 0.0019766605648, 0.00045055708088, 0.97515311311, 0.02105069295],
      [0.058420395788, 0.58251936849, 0.090150671875, 0.16112376575, 0.1077857981],
      [0.12172232437, 0.091135808751, 0.11866555597, 0.52224704769, 0.14622926322]
    ],
    [
      [0.44667242047, 0.037070453024, 0.00017002499145, 0.46716400504, 0.048923096473],
      [0.048104682685, 0.014929788096, 0.41740927571, 0.49264639213, 0.026909861382],
      [0.026080206277, 0.1335796016, 0.78220532082, 0.040427829884, 0.017707041418],
      [0.0031024444803, 0.0083645366986, 0.0068305388181, 0.95806201439, 0.023640465611],
      [0.059774070811, 0.59442252957, 0.089580663908, 0.14698334449, 0.10923939122],
      [0.12820359365, 0.096114385844, 0.12035307558, 0.50226217879, 0.15306676613]
    ],
    [
      [0.49294415198, 0.027130474433, 0, 0.45500339777, 0.024921975818],
      [0.057994456109, 0.011054465256, 0.39207509594, 0.52401080647, 0.014865176231],
      [0.033235513593, 0.11977501462, 0.78802257362, 0.048617171762, 0.010349726402],
      [0, 0, 0, 0.98878765088, 0.01121234912],
      [0.10388358031, 0.53505513378, 0.083274294306, 0.20867339173, 0.069113599877],
      [0.15982416359, 0.08374555358, 0.11653706712, 0.55151451662, 0.088378699092]
    ],
    [
      [0.43745658169, 0.035714140215, 0, 0.46482061793, 0.062008660169],
      [0.050841249615, 0.015552489565, 0.36063033991, 0.53568963382, 0.037286287084],
      [0.029602881774, 0.15294179358, 0.74064369155, 0.050255502227, 0.026556130859],
      [0, 0, 0, 0.96907697221, 0.030923027794],
      [0.075773084063, 0.62116555074, 0.006416350511, 0.15708325462, 0.13956176007],
      [0.12382914956, 0.092443076753, 0.093056889361, 0.49715738262, 0.1935135017]
    ],
    [
      [0, 0, 0.0070651813379, 0.83939137628, 0.15354344238],
      [0, 0, 0.56873580439, 0.3946346123, 0.036629583315],
      [0, 0, 0.976863172, 0.015574713356, 0.0075621146456],
      [0, 0, 0.067014758922, 0.92670346738, 0.0062817736983],
      [0, 0, 0.27622996775, 0.28441457237, 0.43935545988],
      [0, 0, 0.18298250462, 0.48913870486, 0.32787879052]
    ],
    [
      [0.44709614857, 0.033060937814, 0, 0.46597945985, 0.053863453766],
      [0.050136062974, 0.013158658555, 0.39919514022, 0.50698855374, 0.030521584516],
      [0.036003830356, 0.1279205452, 0.7691996803, 0.046157188057, 0.020718756096],
      [0.0021286899643, 0.0031408734761, 0, 0.96888888888, 0.025841547677],
      [0.063760450583, 0.56605766431, 0.085962023226, 0.15732775964, 0.12689210224],
      [0.12949695086, 0.087019987439, 0.11197110722, 0.50238949747, 0.16912245701]
    ],
    [
      [0.44907618759, 0.037268691989, 0, 0.45192612967, 0.061728990747],
      [0.050174228877, 0.015882896342, 0.40837417581, 0.49048143959, 0.035087259385],
      [0.027589054222, 0.13822465585, 0.77110462565, 0.039736687515, 0.023344976761],
      [0.005123816722, 0.01142456272, 0.0034845084844, 0.94838361074, 0.031583501331],
      [0.059405341414, 0.58261115322, 0.083194646172, 0.13934641515, 0.13544244404],
      [0.12667937024, 0.094036482543, 0.11224125955, 0.47758375636, 0.1894591313]
    ],
    [
      [0.43137975036, 0.038729284517, 5.9954866191e-05, 0.48244647744, 0.047384532818],
      [0.045572456874, 0.015458459549, 0.41491085791, 0.49848472336, 0.025573502301],
      [0.024533879634, 0.13709937645, 0.77976993281, 0.041752662601, 0.016844148512],
      [0.0020236928266, 0.0087073261871, 0.0051297820211, 0.96194340103, 0.022195797932],
      [0.056244984273, 0.60407706131, 0.088248345982, 0.14836829308, 0.10306131536],
      [0.1224284413, 0.09914691383, 0.12045842805, 0.51176783056, 0.14619838626]
    ],
    [
      [0.33964668064, 0.042439327737, 0, 0.56996730219, 0.047946689434],
      [0.025461627813, 0.017964956081, 0.31053554233, 0.62187265078, 0.024165222994],
      [0.018541193424, 0.15340769184, 0.75424308477, 0.056728322021, 0.017079707945],
      [0, 0, 0, 0.98180055406, 0.018199445943],
      [0.039554629751, 0.62418326816, 0.073469877666, 0.1665062608, 0.096285963622],
      [0.088593626314, 0.10199026368, 0.1039794872, 0.56652898766, 0.13890763515]
    ],
    [
      [0.34834197227, 0.041351519013, 7.5071113461e-05, 0.54775203905, 0.062479398551],
      [0.032958060886, 0.014445891465, 0.41321512008, 0.50915187246, 0.030229055112],
      [0.01468862538, 0.13580992326, 0.78434889934, 0.045140565259, 0.020011986766],
      [0, 0.0044478571956, 0.0022891370703, 0.9681889706, 0.025074035132],
      [0.04108645729, 0.5904250153, 0.088618323351, 0.15588200656, 0.1239881975],
      [0.0889935725, 0.09545252952, 0.12002175798, 0.52228903474, 0.17324310526]
    ],
    [
      [0.40725741248, 0.035917151195, 0.00031704910622, 0.51369645299, 0.042811934234],
      [0.040393305142, 0.012525209182, 0.42346242585, 0.50196483227, 0.021654227553],
      [0.021664645542, 0.1208651584, 0.79993517121, 0.043321518528, 0.014213506322],
      [5.8957757924e-05, 7.6691149819e-05, 0.0072873682055, 0.97490023218, 0.017676750705],
      [0.054605138034, 0.58511295862, 0.099193227639, 0.1648987533, 0.096189922403],
      [0.11379051471, 0.091234595749, 0.12833963132, 0.53646741478, 0.13016784343]
    ],
    [
      [0.36877885632, 0.040612581951, 0.00077421294998, 0.54426070388, 0.04557364489],
      [0.032734603121, 0.013495481565, 0.44410139115, 0.48846066778, 0.021207856383],
      [0.013596861141, 0.12376130709, 0.81049022559, 0.038834989071, 0.013316617104],
      [0, 0.0032274565731, 0.01637966812, 0.96251135991, 0.017881515395],
      [0.043692616359, 0.60375865671, 0.10317344929, 0.15627923853, 0.093096039108],
      [0.095497710355, 0.097219434392, 0.13809576921, 0.53752249525, 0.13166459079]
    ],
    [
      [0.38058558845, 0.043149882129, 0.0014654913881, 0.51073971278, 0.064059325259],
      [0.034951976046, 0.01602272521, 0.46284306305, 0.45599073226, 0.030191503439],
      [0.017410346971, 0.12584241528, 0.8107950233, 0.027398170369, 0.018554044078],
      [0.00074096390662, 0.01300595337, 0.031158914807, 0.92729290375, 0.027801264172],
      [0.043786854888, 0.59494437871, 0.10320654431, 0.1346851675, 0.12337705458],
      [0.097169693288, 0.099449316446, 0.13883600073, 0.48664796964, 0.1778970199]
    ],
    [
      [0.40035434561, 0.029306826377, 0.001443482404, 0.51886685587, 0.050028489739],
      [0.027773810302, 0, 0.50438476497, 0.44596537143, 0.021876053301],
      [0.016016878957, 0.079869764464, 0.85755572272, 0.033364546333, 0.013193087526],
      [0, 0, 0.025751258757, 0.95545696312, 0.018791778126],
      [0.052926348805, 0.49265492645, 0.1644270877, 0.17143393479, 0.11855770225],
      [0.1019468306, 0.071397927017, 0.16033390017, 0.51881623306, 0.14750510914]
    ]
  ],
  "expected_outcome": [
    [
      [5.2091735142, 4.2411136706, 0.81221317887, 2.557124991, 15.6444891494, 17.1769806998, 22.9062843364, 17.3648304714, 0.98145686923, 3.1065290782, 1.3166142099, 1.5433644502, 0.42526460237, 0, 26.282379243, 2.0235961713, 25.656730375, 12.2811717367, 13.9113319718, 16.2835108234, 26.8660444674, 17.7949328914, 20.3672029858, 17.3148060026, 13.5063395173, 10.7705407398, 4.5042538109, 9.8356751267, 0, 1.0854283603, 0.82410299736, 0.81716085686, 1.4398720195, 2.1487307866, 10.8653430289, 2.8414583474, 31.1760573816, 25.0136555463, 29.0837049665, 8.7491316338, 0, 39.7915572231, 25.1482665053, 28.0396837735, 4.755053529, 40.756010756, 30.9515633482, 4.4253462759, 19.7904505992, 2.0017717281],
      [0.37690653141, 0.63948958444, 0.049774774228, 0.51703520674, 2.0557348626, 1.7827726321, 2.0886805089, 2.5335996026, 0.065193681955, 0.30088507958, 0.17050098343, 0.19400588167, 0.059930396798, 0, 2.5779793099, 0.20029759788, 2.1435209465, 1.5317852234, 0.77528907711, 1.1769519235, 2.2556573341, 1.5117557484, 1.2195737082, 1.2197926859, 0.99171841093, 0.70015885199, 0.26797547218, 0.9204692634, 0, 0.13897947013, 0.017723892499, 0.32343043205, 0.02741486529, 0.12949337899, 1.0180112042, 0.27111119194, 2.5724602916, 2.0759453693, 1.6006979915, 0.7142828043, 0, 2.9424234655, 2.0870467514, 2.5174034936, 0.59415058831, 4.8381277245, 2.7297034908, 0.48735098341, 2.2437938707, 0.14653413189],
      [0.0059466381283, 0.0019662838643, 0.0040414822668, 0.012593469816, 0.0076762779587, 0.022944173713, 0.055634574562, 0.0033102538595, 0, 0.0065150659025, 0, 0, 0.00030807462116, 0, 0, 0.0050272812347, 0.041912149611, 0.040564774462, 0, 0.017506383839, 0.10231567393, 0.03425867796, 0.0048839364945, 0.0087873009225, 0, 0.0067858583528, 0.011570235699, 0.059317240939, 0, 0.0031985050014, 0, 0.00026040188958, 0.00090341904938, 0.010766446235, 0.0033490744348, 0, 0, 0.009521399521, 0, 0, 0.0070651813379, 0, 0, 0.0038970663024, 0, 0.008783320275, 0.024095732073, 0.0092905553998, 0.07620555218, 0.0072174120202],
      [5.0323943491, 9.329974116, 0.089316600916, 5.436690989, 20.4778815802, 22.9019628558, 26.7216402949, 24.5690955742, 0.90096631303, 3.2149261858, 2.0736676113, 2.0475146185, 0.48744151386, 0, 37.6382522942, 3.4721466869, 30.8527932112, 14.4302504905, 13.2848871808, 16.37134657, 30.1357528413, 17.4087379901, 17.4922247918, 19.6487638774, 14.4108157858, 8.8765817479, 3.9373367439, 7.9213406634, 0, 0.71973491612, 0.13295253775, 3.5779225757, 0.50054479927, 1.6470860201, 10.4444407696, 1.790256339, 35.8058228789, 26.1611842824, 26.8452004686, 9.2964123585, 0.83939137628, 41.4721719262, 25.3078632616, 31.3590210335, 7.9795422307, 64.0869885687, 39.0409304271, 6.5311284466, 26.5584650644, 2.5943342793],
      [0.3755789671, 0.78745634507, 0.044653963716, 0.47655534339, 1.8142181299, 2.1153396386, 2.2277602852, 3.5291640979, 0.052383135794, 0.37114459055, 0.43921719532, 0.21511504962, 0.027055412351, 0, 2.501389153, 0.2989322627, 3.3050433177, 1.7162277749, 1.0284917703, 1.1506842992, 2.6402296832, 1.2503146922, 1.9161145776, 1.8078501332, 1.0911262859, 0.64593280193, 0.27886373732, 1.2631977056, 0, 0.052658748429, 0.025220572393, 0.28122573353, 0.031264896901, 0.063923368098, 0.66885592289, 0.097174121576, 3.445659448, 2.7396934025, 1.4703965733, 1.2401732034, 0.15354344238, 4.7938473852, 3.4568234818, 3.0799946332, 0.67125365208, 7.3100896304, 3.2537070018, 0.54688373868, 3.3310849135, 0.2501424487]
    ],
    [
      [1.1971180601, 0, 0.37027450836, 0.48555189894, 2.3906695811, 3.415177754, 2.4069436629, 2.4000353292, 0.31364416686, 0.96244934729, 0.20156492444, 0.21747581387, 0.26667950976, 1.5620710259, 2.9979216037, 0.75727224913, 4.7145666261, 2.0634007058, 4.9500723757, 4.4525961013, 8.2741645755, 6.4675309057, 5.4430401628, 6.673958492, 0.82200711534, 3.0735228075, 0.936542188, 1.04185406, 2.7780351064e-31, 0.2692120128, 1.3267579489, 0, 0.21645413698, 0.86493777134, 2.593980627, 0.47252505302, 4.9161440961, 3.511641836, 4.5815620326, 1.6777612373, 0, 7.1694570053, 3.8634156235, 7.2915930998, 1.6040825523, 6.3279476901, 7.7959078925, 1.2439149186, 9.0875137719, 0.74989287814],
      [0.31855736127, 0.27460355354, 0.21002762962, 0.4344127577, 1.3048870107, 1.321961256, 0.81570627499, 1.457454144, 0.087835671785, 0.39647861242, 0.11180943054, 0.15257769821, 0.18955441956, 0.09607159474, 1.0611586437, 0.11501840053, 1.4198606543, 1.1082496181, 0, 1.1553594919, 2.5189486354, 2.1736075345, 1.1820296172, 1.5615214504, 0.22553449194, 0.7418239625, 0.20157928044, 0.41129349465, 0.65765484875, 0.20299187809, 0.10686432699, 0.3150504761, 0.018109994836, 0.20553128508, 0.98195618852, 0.21015704386, 1.4692488191, 1.089874531, 0.8733027552, 0.51323215566, 0, 1.8816881734, 1.2229830183, 2.4733535278, 1.1317922331, 2.7736111613, 2.4173653722, 0.51282829946, 4.1659085547, 0],
      [10.3390372886, 13.7233562276, 1.8305669015, 10.0361504561, 25.8698962168, 38.9987906654, 24.9536020244, 28.2542872575, 2.1750531749, 9.985477458, 2.9123301153, 2.8281961852, 2.908440434, 2.5991014413, 33.8932126444, 19.0353112569, 49.9116841427, 23.3871659582, 30.2896849409, 38.7180281399, 92.5545896542, 56.5622243436, 38.0164905344, 62.3930170609, 6.8990976094, 21.3787883306, 8.1848234005, 8.5913958805, 0.52162028616, 2.2205265075, 0.35320949817, 4.6665975835, 0.85281828503, 8.9094119434, 20.066156908, 2.1561711258, 44.5174015979, 30.4708771266, 30.973932579, 11.9008012171, 0, 57.0849050514, 31.4448115374, 66.3857372661, 19.563739167, 79.3373030553, 81.7282481887, 16.8758528638, 120.3391963926, 13.6183886541],
      [11.6924779415, 16.3013951493, 0.45234480114, 10.5576774238, 30.9920688686, 45.0976624704, 27.6247589892, 33.3652149593, 3.3240330693, 10.0438479185, 3.3960434549, 3.6039448668, 3.5323133492, 4.1354747872, 42.5801029609, 17.3237495568, 55.8463789855, 23.935632923, 42.1325392464, 44.0663002377, 90.5232878335, 61.4772104917, 45.7492375705, 74.82566477, 8.7098509984, 24.8618339335, 8.3701290262, 8.2657330008, 3.0327907775, 2.2211714772, 2.0148386629, 5.7842854424, 0.88406510166, 6.8804703672, 24.5332457486, 3.0736978996, 55.3277716524, 35.9631866255, 41.3968537109, 17.6777579161, 0, 72.4993631842, 37.7670708481, 79.7575557381, 39.1779769991, 97.7571595118, 96.8792126289, 18.5615053756, 118.5575903865, 12.0410650287],
      [0.45280934847, 0.70064506956, 0.13678615937, 0.48620746348, 1.4424783228, 2.1664078544, 1.1989890485, 2.5230083099, 0.09943391713, 0.6117466638, 0.3782520748, 0.19780543593, 0.10301228746, 0.60728115076, 1.4676041473, 0.76864853665, 3.1075095914, 1.5055507949, 1.627703437, 1.6077160292, 4.1290093015, 2.3194267245, 2.6092021152, 3.5458382268, 0.3435097849, 0.94403096585, 0.30692610494, 0.68972356406, 0.78793408756, 0.086098124373, 0.198329563, 0.23406649805, 0.028552481495, 0.139648633, 0.82466052784, 0.087448877663, 2.7694338346, 1.9644198809, 1.1743489223, 1.2304474738, 0, 4.3645865858, 2.7017189726, 4.0917603682, 1.5224090486, 5.8039785815, 4.1792659178, 0.80589854256, 7.8497908942, 0.59065343912]
    ],
    [
      [0.6817429017, 0.29360039627, 0, 0.52937394149, 1.6868584718, 2.8495454334, 3.6500177001, 4.0801262711, 0.37198077623, 0.60899184159, 0.1731891679, 0, 0.18487682609, 0.19342852397, 2.1707834221, 0.20369972653, 2.9419859344, 0.5667862823, 2.7043997076, 2.6594015431, 6.7901588618, 4.3293084623, 6.0547111262, 6.9113722928, 0.69072690093, 1.1247780038, 0.65805479769, 1.4503669112, 0, 0.18645415561, 0.41371221431, 0, 0.96520765382, 0.47279178438, 1.7124339199, 0.71645517321, 7.954942225, 4.981319399, 2.5258990331, 1.0953066256, 0, 6.8407277676, 3.2555083981, 6.03533439, 0.83435370409, 7.6380851974, 4.4412523361, 1.0469583078, 6.2503145625, 0.27228694227],
      [3.1998973142, 2.9672549646, 0.91456154679, 7.9365626093, 14.0515966186, 19.0131102081, 21.0766434111, 38.7492182369, 1.918348819, 3.8340242115, 2.0684029176, 1.7560937618, 2.0180368627, 0.2592844557, 13.9066769759, 1.340325799, 15.580821809, 4.3767026921, 6.8710936207, 12.0891941143, 35.7038826289, 22.7897332053, 22.3321982973, 23.3200711995, 3.2770227184, 4.5844044234, 2.3575013961, 7.6849642529, 0.38801827669, 2.0075932435, 0.83154610498, 2.9286606345, 0.87814517275, 1.9267617631, 9.9888764995, 1.6770563021, 41.0467481385, 25.5137039065, 9.1029011113, 5.6588463626, 0, 24.3049035871, 16.3105093907, 33.7264466057, 6.9033461329, 70.6211600953, 24.7773574712, 9.5296206462, 45.1774270851, 1.3577859959],
      [20.7734644405, 19.299136494, 3.9790432037, 42.3969319604, 64.8196098611, 115.9252664957, 133.7449623318, 170.7558435173, 8.6647698995, 22.2339977783, 11.6616644897, 6.6936308345, 7.3694431271, 1.3628328609, 87.4798358409, 13.7004558961, 109.6414032506, 22.6080974901, 53.2400256811, 80.987083676, 266.4810938802, 131.3469420098, 146.1581472618, 209.7841068755, 20.5201978437, 27.4813048759, 18.9228082118, 39.1727335177, 0.44980593741, 5.6567031366, 1.4985704342, 14.0358500544, 10.598414499, 17.1370165719, 46.2760415956, 4.3141121908, 252.4348761204, 149.4012162757, 59.8897155951, 27.4038165875, 2.930589516, 146.1479392562, 90.9903458266, 191.8234034706, 33.9409388145, 407.8614276543, 163.9867100985, 62.4077473704, 291.0754133658, 14.5784472862],
      [1.0310203837, 1.0829812877, 0, 1.4164110204, 3.1688775655, 5.9729636665, 6.2999172616, 6.7934569926, 1.8939987241, 0.84643146418, 0.55780915968, 0.38606315262, 0.33812156569, 0.085957105976, 5.1319176808, 0.55877118243, 5.4624535332, 0.94300389875, 3.2295803654, 4.0960427154, 9.919964814, 5.645677525, 7.9570512558, 11.9568443254, 1.1598830412, 1.3883739598, 0.81838349001, 0.52305149724, 0.05275519845, 0.072929087773, 0.13962471656, 0.79641234652, 0.43915241575, 0.37173892864, 2.3564091169, 0.22537596037, 15.1032223978, 7.7217155079, 3.6949050539, 1.8594535824, 0.046724140068, 8.7698657309, 4.6889291268, 10.2711549998, 2.5527744909, 23.4730939347, 8.8809112982, 2.9902941585, 9.8359431626, 0.56719728766],
      [0.31387495996, 0.35702685744, 0.10639524947, 0.72072046837, 1.273057483, 2.2391141963, 2.2284592954, 5.6213549822, 0.15090178115, 0.47655470441, 0.53893426511, 0.16421225109, 0.089521618442, 0.098497053503, 1.3107860803, 0.19674739599, 2.3733354729, 0.50540963677, 0.95490062529, 1.1682779512, 4.104899815, 1.8883387976, 3.4978920589, 4.0276053069, 0.35216949583, 0.4211387372, 0.24325210434, 1.168883821, 0.10942058746, 0.076320376574, 0.11654652994, 0.2390769646, 0.11908025865, 0.09169095201, 0.66623886805, 0.067000373548, 5.4602111182, 3.3820449109, 0.78657920654, 0.98257684178, 0.022686343937, 3.9365636582, 2.7547072578, 4.1436605338, 0.76858685754, 10.4062331183, 2.913768796, 1.025379517, 6.660901824, 0.22428248794]
    ],
    [
      [0.34230375558, 0, 0.90352933249, 0, 0, 0, 0.48168354215, 0.21036704369, 0, 0.45221386725, 0, 0, 0.0206607033, 0.11185680284, 0, 0, 0.45715710114, 0.318918692, 0, 1.4162892567, 1.4970661516, 1.9941223777, 4.0281053338, 0, 0.52443144229, 1.882216278, 0.36760755323, 0.96514785195, 0, 0.064524625896, 1.0986477546, 0, 0.82679654533, 0.31572106391, 1.3647499374, 0, 1.4853392826, 1.9017984664, 0, 0, 0, 1.5709731936, 2.1878697403, 1.5562197837, 0, 0, 0.079651930955, 0, 0.81654222509, 0],
      [0.39657700127, 0, 0.55470482194, 2.5257821909, 9.5936303888, 3.107448288, 3.5753206257, 18.6611280022, 0, 3.8490388018, 0.69013795914, 0.2101280645, 2.1215361471, 0.084681476556, 0, 0, 1.9684929351, 7.7256526464, 0, 1.5105950101, 5.2286654606, 8.1066926926, 2.5499876102, 0, 0.31249938495, 1.9464839811, 0, 4.3625315184, 0.85319795883, 1.8213704415, 1.2724391589, 0.37663954455, 0, 0.5393409334, 7.810021338, 0.85359653353, 2.1446767129, 5.1274609962, 0, 0, 0, 2.3179646254, 4.8782882816, 6.6959338378, 0, 9.3716351112, 0.10360974341, 0.8746407313, 14.3325606133, 0],
