{
  "X": [
    [5, 12, 53, 38, 23],
    [11, 9, 93, 297, 57],
    [38, 65, 259, 772, 180],
    [4, 6, 19, 242, 31],
    [75, 114, 746, 1190, 204],
    [4, 9, 46, 60, 24],
    [31, 76, 158, 706, 130],
    [61, 88, 268, 687, 123],
    [41, 78, 177, 525, 124],
    [106, 187, 859, 1125, 234],
    [13, 31, 72, 508, 88],
    [16, 26, 70, 320, 76],
    [29, 36, 182, 165, 47],
    [13, 38, 94, 755, 116],
    [15, 25, 49, 203, 41],
    [94, 123, 587, 775, 197],
    [15, 42, 88, 484, 78],
    [36, 94, 287, 888, 213],
    [14, 31, 83, 746, 126],
    [14, 42, 76, 649, 127],
    [8, 47, 66, 290, 77],
    [11, 15, 34, 194, 39],
    [33, 72, 163, 646, 125],
    [16, 44, 99, 433, 84],
    [9, 37, 36, 423, 64],
    [10, 10, 71, 75, 20],
    [21, 43, 46, 407, 63],
    [10, 20, 71, 204, 61],
    [61, 149, 299, 742, 150],
    [4, 20, 18, 413, 53],
    [2, 12, 21, 67, 26],
    [47, 103, 418, 754, 150],
    [11, 24, 63, 202, 28],
    [58, 127, 369, 1721, 418],
    [4, 13, 52, 93, 12]
  ],
  "W": [
    [36, 76, 7, 12],
    [294, 123, 14, 36],
    [797, 338, 51, 128],
    [251, 20, 6, 25],
    [1177, 884, 85, 183],
    [57, 63, 7, 16],
    [697, 215, 77, 112],
    [678, 372, 67, 110],
    [539, 228, 74, 104],
    [1037, 1062, 167, 245],
    [537, 88, 25, 62],
    [321, 103, 20, 64],
    [155, 226, 42, 36],
    [768, 114, 46, 88],
    [195, 59, 28, 51],
    [689, 788, 105, 194],
    [463, 105, 40, 99],
    [882, 373, 101, 162],
    [798, 93, 25, 84],
    [676, 103, 41, 88],
    [294, 78, 46, 70],
    [193, 38, 16, 46],
    [664, 207, 68, 100],
    [424, 128, 48, 76],
    [430, 64, 32, 43],
    [81, 81, 10, 14],
    [423, 75, 31, 51],
    [202, 106, 21, 37],
    [705, 426, 117, 153],
    [411, 24, 13, 60],
    [71, 34, 6, 17],
    [718, 522, 84, 148],
    [194, 78, 25, 31],
    [1794, 520, 117, 262],
    [85, 56, 17, 16]
  ],
  "method": "mcmc",
  "mcmc_stepsize": 3000,
  "mcmc_samples": 1000,
  "burn_in": 10000,
  "cond_prob": [
    [
      [0.079408680621, 0.086373921249, 0.3868554427, 0.27829758588, 0.16906436955],
      [0.027735685744, 0.10349620951, 0.40960849007, 0.28842989013, 0.17072972455],
      [0.0022086094458, 0.0018356462669, 0.55811789627, 0.29259870835, 0.14523913967],
      [0.0014929262502, 0.084331449016, 0.33634446199, 0.33436869169, 0.24346247105]
    ],
    [
      [0.030609131965, 0.020403496692, 0.19727890926, 0.63267173019, 0.11903673189],
      [0.016263881714, 0.024393959385, 0.20327062541, 0.63409057007, 0.12198096342],
      [1.3678419058e-08, 2.1022244455e-08, 0.21418771816, 0.71438367087, 0.071428576268],
      [1.2709998456e-05, 2.5407611736e-05, 0.19441904713, 0.63888888368, 0.16665395158]
    ],
    [
      [0.030112923463, 0.048933500627, 0.19698870765, 0.58720200753, 0.13676286073],
      [0.029585798817, 0.05325443787, 0.19526627219, 0.58579881657, 0.13609467456],
      [0.019607843137, 0.039215686275, 0.21568627451, 0.60784313725, 0.11764705882],
      [0.0234375, 0.046875, 0.1953125, 0.5859375, 0.1484375]
    ],
    [
      [0.015935773543, 0.023883122552, 0.059781950311, 0.8007829079, 0.099616245695],
      [5.0780648217e-07, 0.00013360327483, 0.099866472983, 0.80006560685, 0.099933809082],
      [5.7816385462e-06, 4.2871354436e-06, 0.16644198248, 0.83332351353, 0.00022443521626],
      [3.0397926521e-06, 0.00010553804691, 0.039949964695, 0.80008947596, 0.1598519815]
    ],
    [
      [0.03313508921, 0.048428207307, 0.32030586236, 0.5106202209, 0.087510620221],
      [0.032805429864, 0.049773755656, 0.32013574661, 0.51018099548, 0.087104072398],
      [0.023529411765, 0.058823529412, 0.32941176471, 0.50588235294, 0.082352941176],
      [0.027322404372, 0.043715846995, 0.31693989071, 0.51912568306, 0.092896174863]
    ],
    [
      [0.051783294399, 0.069575611416, 0.31397506294, 0.40496800667, 0.15969802457],
      [0.016204699632, 0.063320620328, 0.33586306532, 0.42802451111, 0.1565871036],
      [0.0013420086849, 0.004855984095, 0.28736577544, 0.56405254082, 0.14238369096],
      [0.0011288801011, 0.06318744875, 0.30828049182, 0.3751819771, 0.25222120223]
    ],
    [
      [0.028694404591, 0.070301291248, 0.14347202296, 0.63988522238, 0.11764705882],
      [0.027906976744, 0.06976744186, 0.14418604651, 0.64186046512, 0.11627906977],
      [0.025974025974, 0.064935064935, 0.14285714286, 0.64935064935, 0.11688311688],
      [0.026785714286, 0.0625, 0.14285714286, 0.64285714286, 0.125]
    ],
    [
      [0.051622418879, 0.072271386431, 0.21828908555, 0.55899705015, 0.098820058997],
      [0.048387096774, 0.075268817204, 0.21774193548, 0.55913978495, 0.099462365591],
      [0.044776119403, 0.059701492537, 0.22388059701, 0.58208955224, 0.089552238806],
      [0.045454545455, 0.063636363636, 0.21818181818, 0.55454545455, 0.11818181818]
    ],
    [
      [0.046382189239, 0.083487940631, 0.18552875696, 0.5547309833, 0.12987012987],
      [0.039473684211, 0.083333333333, 0.19736842105, 0.55263157895, 0.12719298246],
      [0.040540540541, 0.081081081081, 0.17567567568, 0.58108108108, 0.12162162162],
      [0.038461538462, 0.076923076923, 0.18269230769, 0.54807692308, 0.15384615385]
    ],
    [
      [0.043394406943, 0.075216972035, 0.34136933462, 0.44744455159, 0.092574734812],
      [0.04143126177, 0.074387947269, 0.34369114878, 0.44821092279, 0.092278719397],
      [0.041916167665, 0.071856287425, 0.34131736527, 0.45508982036, 0.089820359281],
      [0.040816326531, 0.073469387755, 0.3387755102, 0.44489795918, 0.10204081633]
    ],
    [
      [0.020484171322, 0.042830540037, 0.10055865922, 0.71322160149, 0.12290502793],
      [0.011363636364, 0.056818181818, 0.11363636364, 0.70454545455, 0.11363636364],
      [1.0912628364e-12, 0.040000000001, 0.08, 0.76, 0.12],
      [0.016129032258, 0.032258064516, 0.096774193548, 0.70967741935, 0.14516129032]
    ],
    [
      [0.034267903229, 0.049844227257, 0.13707095366, 0.62928447794, 0.14953243791],
      [0.029126027501, 0.058253074653, 0.14563303058, 0.62135551883, 0.14563234844],
      [1.1372113689e-06, 0.050000127234, 0.15000333486, 0.69999759769, 0.099997803],
      [0.031249991979, 0.046873965884, 0.12499929732, 0.62500175292, 0.1718749919]
    ],
    [
      [0.070967741085, 0.083870974757, 0.39354838101, 0.35483870356, 0.096774199583],
      [0.061946903041, 0.079646014616, 0.39823009265, 0.35840708286, 0.10176990683],
      [0.04761904845, 0.071428562216, 0.40476190051, 0.38095238913, 0.095238099691],
      [0.055555555825, 0.055555555455, 0.38888889395, 0.3611111077, 0.13888888707]
    ],
    [
      [0.014322916667, 0.037760416667, 0.092447916667, 0.7421875, 0.11328125],
      [0.0087719298246, 0.043859649123, 0.09649122807, 0.73684210526, 0.11403508772],
      [3.4977293951e-23, 0.021739130435, 0.086956521739, 0.78260869565, 0.10869565217],
      [0.011363636364, 0.034090909091, 0.090909090909, 0.73863636364, 0.125]
    ],
    [
      [0.05128204356, 0.07692309189, 0.1435897228, 0.60512824537, 0.12307689639],
      [0.03389833004, 0.084745711885, 0.16949155075, 0.59322030745, 0.11864409988],
      [0.035714303986, 0.071428536774, 0.14285710475, 0.64285702013, 0.10714303435],
      [0.039215676898, 0.058823550013, 0.13725497308, 0.6274509304, 0.13725486961]
    ],
    [
      [0.055152394775, 0.069666182874, 0.32946298984, 0.43541364296, 0.11030478955],
      [0.052030456853, 0.069796954315, 0.33248730964, 0.43527918782, 0.11040609137],
      [0.047619047619, 0.066666666667, 0.32380952381, 0.45714285714, 0.10476190476],
      [0.051546391753, 0.067010309278, 0.32989690722, 0.43298969072, 0.11855670103]
    ],
    [
      [0.023758099351, 0.060475161986, 0.12311015119, 0.68250539957, 0.11015118791],
      [0.019047619046, 0.066666666675, 0.13333333333, 0.67619047618, 0.10476190477],
      [2.2193082092e-11, 0.050000000004, 0.12500000003, 0.72499999995, 0.099999999996],
      [0.0202020202, 0.050505050501, 0.12121212122, 0.68686868688, 0.1212121212]
    ],
    [
      [0.026077097506, 0.062358276644, 0.18820861678, 0.58390022676, 0.13945578231],
      [0.02144772118, 0.061662198391, 0.19302949062, 0.58445040214, 0.13941018767],
      [0.019801980198, 0.059405940594, 0.18811881188, 0.59405940594, 0.13861386139],
      [0.018518518519, 0.061728395062, 0.18518518519, 0.58641975309, 0.14814814815]
    ],
    [
      [0.015037593985, 0.031328320802, 0.082706766917, 0.74561403509, 0.12531328321],
      [0.010752688172, 0.043010752688, 0.086021505376, 0.74193548387, 0.11827956989],
      [1.823623542e-20, 2.5204083591e-18, 0.12, 0.76, 0.12],
      [0.011904761905, 0.02380952381, 0.071428571429, 0.75, 0.14285714286]
    ],
    [
      [0.01775147929, 0.045857988166, 0.082840236686, 0.71449704142, 0.13905325444],
      [0.0097087378641, 0.058252427184, 0.087378640777, 0.70873786408, 0.1359223301],
      [7.9704097625e-18, 0.024390243902, 0.09756097561, 0.75609756098, 0.12195121951],
      [0.011363636364, 0.045454545455, 0.079545454545, 0.70454545455, 0.15909090909]
    ],
    [
      [0.020408106706, 0.098639270292, 0.13265299926, 0.59183680567, 0.15646281807],
      [0.012820707279, 0.10256465594, 0.14102636771, 0.58974264438, 0.1538456247],
      [4.6552274513e-08, 0.086957154958, 0.15217284035, 0.60869666306, 0.15217329508],
      [0.014285704563, 0.085714032039, 0.12857158399, 0.60000009103, 0.17142858838]
    ],
    [
      [0.046628526801, 0.051815091782, 0.11398683416, 0.65803761475, 0.12953193251],
      [0.026324148241, 0.078935327753, 0.10527139387, 0.6578809908, 0.13158813934],
      [7.8410318977e-06, 2.8645605888e-05, 0.18748841215, 0.68747044409, 0.12500465712],
      [0.021744592124, 0.04347144569, 0.10870464013, 0.67390729559, 0.15217202647]
    ],
    [
      [0.03313253012, 0.07078313253, 0.15662650602, 0.62048192771, 0.11897590361],
      [0.028985507246, 0.072463768116, 0.16425120773, 0.61835748792, 0.11594202899],
      [0.029411764706, 0.058823529412, 0.14705882353, 0.64705882353, 0.11764705882],
      [0.03, 0.06, 0.15, 0.62, 0.14]
    ],
    [
      [0.025943394393, 0.066037732926, 0.14622640238, 0.63915095246, 0.12264151784],
      [0.023437493575, 0.070312512192, 0.14843751672, 0.64062497074, 0.11718750678],
      [0.020833362909, 0.062500010444, 0.14583336103, 0.6666666189, 0.10416664672],
      [0.013157897108, 0.052631568126, 0.14473686738, 0.63157897628, 0.15789469111]
    ],
    [
      [0.018604651162, 0.065116279069, 0.062790697673, 0.74186046512, 0.11162790698],
      [0.015625000004, 0.078125000003, 0.062499999997, 0.73437499999, 0.10937500001],
      [2.9159740644e-12, 0.062500000011, 0.093750000003, 0.74999999998, 0.09375],
      [2.1888537805e-12, 0.046511627907, 0.046511627924, 0.76744186045, 0.13953488371]
    ],
    [
      [0.073896815269, 0.06161508933, 0.37010082669, 0.39572470562, 0.098662563088],
      [0.049511004281, 0.061747675455, 0.39527765207, 0.39461720881, 0.098846459381],
      [0.00033186140866, 0.00063818622784, 0.40055086719, 0.49813235956, 0.10034672561],
      [4.6285886883e-05, 8.815643754e-05, 0.3570596106, 0.42864152394, 0.21416442314]
    ],
    [
      [0.040189125296, 0.075650118202, 0.078014184397, 0.69976359338, 0.10638297872],
      [0.026666666666, 0.080000000005, 0.09333333333, 0.69333333334, 0.10666666666],
      [0.032258064516, 0.064516129034, 0.064516129031, 0.74193548387, 0.09677419355],
      [0.019607843137, 0.058823529414, 0.078431372552, 0.70588235294, 0.13725490196]
    ],
    [
      [0.034651511147, 0.054452328497, 0.19306620465, 0.55446171411, 0.1633682416],
      [0.018867486646, 0.056607406269, 0.1981201777, 0.56603011767, 0.16037481172],
      [7.7749252127e-06, 0.047620903604, 0.19045646623, 0.57144481164, 0.19047004361],
      [0.02703453758, 0.054059610902, 0.18919735228, 0.54051892521, 0.18918957403]
    ],
    [
      [0.045390070922, 0.10638297872, 0.21276595745, 0.52907801418, 0.10638297872],
      [0.042253521127, 0.10798122066, 0.21596244131, 0.52816901408, 0.10563380282],
      [0.042735042735, 0.10256410256, 0.21367521368, 0.53846153846, 0.10256410256],
      [0.039215686275, 0.1045751634, 0.2091503268, 0.52941176471, 0.11764705882]
    ],
    [
      [0.0097323600638, 0.041362530355, 0.034063260273, 0.81265206831, 0.102189781],
      [2.1469874749e-10, 0.041666667104, 0.083333333745, 0.79166666506, 0.083333333878],
      [8.2270797883e-11, 2.5229513111e-10, 1.0973882847e-09, 0.92307692137, 0.076923077196],
      [1.2607360706e-10, 0.033333333509, 0.033333333391, 0.79999999974, 0.13333333323]
    ],
    [
      [0.02353781634, 0.098758538598, 0.15694795143, 0.51649738896, 0.20425830467],
      [0.008629086202, 0.11408259893, 0.19962263462, 0.50643677126, 0.17122890898],
      [0.0046824080146, 0.0093011378001, 0.16591545183, 0.69263360148, 0.12746740087],
      [0.00043127417226, 0.06197226877, 0.12200195059, 0.526707856, 0.28888665047]
    ],
    [
      [0.034818941504, 0.069637883008, 0.28272980501, 0.51114206128, 0.10167130919],
      [0.030651340996, 0.072796934866, 0.28352490421, 0.51149425287, 0.10153256705],
      [0.02380952381, 0.059523809524, 0.29761904762, 0.52380952381, 0.095238095238],
      [0.027027027027, 0.067567567568, 0.28378378378, 0.51351351351, 0.10810810811]
    ],
    [
      [0.041105848877, 0.072263147718, 0.19042689277, 0.61366425055, 0.082539860085],
      [0.025804391276, 0.089498740109, 0.19312245011, 0.61448855835, 0.077085860152],
      [0.00025447987377, 0.040001469564, 0.23949090713, 0.6407619647, 0.07949117873],
      [0.03246325166, 0.064516479844, 0.16149545212, 0.6129025395, 0.12862227688]
    ],
    [
      [0.022296544036, 0.047380156076, 0.13656633222, 0.63879598662, 0.15496098105],
      [0.021153846154, 0.048076923077, 0.13846153846, 0.63846153846, 0.15384615385],
      [0.017094017094, 0.042735042735, 0.1452991453, 0.64102564103, 0.15384615385],
      [0.019083969466, 0.045801526718, 0.13358778626, 0.64122137405, 0.16030534351]
    ],
    [
      [0.035074429182, 0.082148802124, 0.29388388713, 0.52995599139, 0.058936890176],
      [0.017885215137, 0.071066102966, 0.32256273257, 0.53484121603, 0.053644733295],
      [0.00028842086087, 0.060649846985, 0.29309120158, 0.58723773938, 0.058732791191],
      [0.00076239482533, 0.062912665915, 0.24836288395, 0.50122444154, 0.18673761377]
    ]
  ],
  "expected_outcome": [
    [
      [2.8587125024, 8.9990847977, 24, 3.9998791592, 39, 2.9516477808, 20, 35, 25, 45, 11, 10.9999969365, 10.9999998682, 11, 9.9999984943, 38, 10.9999999995, 23, 12, 12, 5.9999833714, 8.9993056726, 22, 10.9999992226, 7.9999999995, 5.9856420368, 17, 6.9996052516, 32, 3.9999999862, 1.6711849601, 25, 7.9745346821, 40, 2.9813264805],
      [3.109461165, 5.9986280274, 39, 5.9946637605, 57, 3.9658098507, 49, 49, 45, 78, 23, 15.9999969494, 13.0000010874, 29, 15.0000029185, 48, 27.9999999993, 55, 25, 31, 28.9999454659, 10.000312714, 46.9999999999, 27.9999987606, 27.9999999995, 4.9908222358, 31.9999999995, 10.9993703565, 75, 16.9999999757, 7.0118562405, 50, 14.0190506572, 85, 6.9826481805],
      [13.9267959372, 57.9999993236, 157, 15.0052695281, 377, 17.8965785875, 100, 148, 100, 354, 54, 43.9997761243, 60.9999990569, 71, 27.9999959458, 227, 56.9999999988, 166, 66, 56, 38.9999817834, 21.9994589926, 103.9999999999, 61.9999946093, 26.9999999993, 29.978166962, 33.0000000001, 38.9993733385, 150, 13.9999999724, 11.1433045518, 203, 36.9428171975, 245, 24.9801304059],
      [10.0187130915, 186.0054886768, 468, 200.9965098826, 601, 23.0831763805, 446, 379, 299, 464, 383.0000000001, 202.00031742, 54.999999052, 570, 118.0000078462, 300, 316.0000000014, 515, 595, 483, 174.0000208658, 127.001259647, 412.0000000001, 271.0000038418, 319.000000002, 32.0537011553, 295.9999999998, 112.0012662504, 373, 334.0000000763, 36.6713146162, 367, 119.0508646066, 1146, 45.0462592681],
      [6.0863173039, 34.9967991746, 109, 25.0036776695, 103, 9.1027874006, 82, 67, 70, 96, 66, 47.9999125697, 15.0000009354, 87, 23.9999947953, 76, 51.0000000011, 123, 100, 94, 46.0000685135, 24.9996629738, 79.0000000001, 52.0000035657, 47.9999999997, 7.9916676101, 45.0000000005, 33.000384803, 75, 41.9999999894, 14.5023396314, 73, 16.0127328565, 278, 5.009635665]
    ],
    [
      [2.1079121165, 2.0004574508, 10, 1.0156129643e-05, 29, 1.0208960768, 6, 18, 9, 44, 1, 2.9999808326, 14.0000000872, 1, 2.0000014723, 41, 1.9999999998, 8, 1, 1, 1.0000151677, 1.0003176332, 6, 2.9999991776, 1.0000000003, 4.0103913467, 2, 1.9999535845, 18, 5.1527699398e-09, 0.29338893087, 16, 2.0127425196, 11, 1.0015720477],
      [7.865711923, 3.0004570043, 18, 0.0026720654966, 44, 3.9891990806, 15, 28, 19, 79, 5, 6.0000666893, 17.9999993032, 5, 4.9999970012, 55, 7.0000000009, 23, 4, 6, 8.0000431633, 2.9995424546, 15.0000000001, 9.0000015606, 5.0000000002, 5.0015617118, 6.0000000004, 6.0003850645, 46, 1.0000000105, 3.8788083636, 38, 6.9809017285, 25, 3.9797017661],
      [31.130245245, 25.0022869256, 66, 1.9973294597, 283, 21.1593731154, 31, 81, 45, 365, 10, 15.0002021501, 90.0000009394, 11, 10.000001494, 262, 13.9999999993, 72, 8, 9, 11.000056681, 4.000312967, 34.0000000001, 19.0000021403, 3.9999999998, 32.0174898176, 6.9999999997, 21.0007388363, 92, 2.0000000099, 6.7871695772, 148, 15.0635511086, 72, 18.063513024],
      [21.9206716498, 77.9931401185, 198, 16.0013121371, 451, 26.9655442002, 138, 208, 126, 476, 62, 63.9996184391, 81.0000007273, 84, 34.9999981396, 343, 70.9999999993, 218, 69, 73, 45.9999262616, 24.9994776504, 127.9999999999, 81.9999962541, 46.9999999991, 31.963993914, 52.0000000003, 59.9991924725, 225, 18.9999999614, 17.2188502229, 267, 47.9301075515, 332, 29.9511080977],
      [12.9754590658, 15.0036585008, 46, 1.9986761816, 77, 9.8649875269, 25, 37, 29, 98, 10, 15.0001318889, 22.999998943, 13, 7.0000018928, 87, 11.0000000007, 52, 11, 14, 11.9999587264, 5.0003492948, 24, 15.0000008675, 7.0000000006, 8.0065632098, 7.9999999997, 16.9997300422, 45, 2.0000000131, 5.8217829054, 53, 6.0126970919, 80, 3.0041050645]
    ],
    [
      [0.015460266121, 1.9149786682e-07, 1, 3.4689831277e-05, 2, 0.0093940607945, 2, 3, 3, 7, 2.728157091e-11, 2.2744227378e-05, 2.0000000349, 1.6089555218e-21, 1.0000005116, 5, 8.8772328369e-10, 2, 4.559058855e-19, 3.2678680026e-16, 2.1414046276e-06, 0.00012545651036, 2, 1.0000014196, 9.331117006e-11, 0.0033186140866, 1, 0.00016327342947, 5, 1.0695203725e-09, 0.028094448088, 2, 0.0063619968444, 2, 0.0049031546347],
      [0.012849523868, 2.9431142237e-07, 2, 2.5722812662e-05, 5, 0.033991888665, 5, 4, 6, 12, 1, 1.0000025447, 2.9999996131, 1, 1.9999990297, 7, 2.0000000002, 6, 6.3010208977e-17, 1, 4.0000291281, 0.0004583296942, 4, 3.0000005013, 2.0000000004, 0.0063818622784, 2, 1.0000389757, 12, 3.2798367045e-09, 0.0558068268, 5, 1.0000367391, 5, 1.0310473987],
      [3.9068252739, 2.9986280542, 11, 0.99865189487, 28, 2.0115604281, 11, 15, 13, 57, 2, 3.0000666972, 16.9999998215, 4, 3.9999989331, 34, 5.0000000012, 19, 3, 4, 6.9999506561, 2.9998145945, 10.0000000001, 7.0000013295, 3.0000000001, 4.0055086719, 2, 3.9995857907, 25, 1.4266047701e-08, 0.99549271098, 25, 5.9872726783, 17, 4.9825504269],
      [2.0481909584, 10.0013713922, 31, 4.9999410812, 43, 3.9483677857, 50, 39, 43, 76, 19, 13.9999519539, 16.0000003435, 36, 17.9999965637, 48, 28.9999999979, 60, 19, 31, 28.0000465006, 10.9995271054, 43.9999999999, 31.9999977071, 23.9999999994, 4.9813235956, 22.9999999999, 12.0003410444, 63, 11.9999999778, 4.1558016089, 44, 16.0190491175, 75, 9.9830415695],
      [1.0166739777, 1.0000000678, 6, 0.0013466112976, 7, 0.99668583673, 9, 6, 9, 15, 3, 1.99995606, 4.000000187, 5, 3.0000049619, 11, 3.9999999998, 14, 3, 5, 6.9999715738, 2.000074514, 8, 4.9999990425, 3, 1.0034672561, 3, 3.9998709158, 12, 1.0000000035, 0.76480440523, 8, 1.9872794683, 18, 0.99845745025]
    ],
    [
      [0.017915115002, 0.00045755994441, 3, 7.5994816303e-05, 5, 0.018062081618, 3, 5, 4, 10, 1, 1.9999994867, 2.0000000097, 1, 1.9999995218, 10, 1.9999999998, 3, 1, 1, 0.99999931944, 1.0002512377, 3, 1.0000001802, 9.4120712563e-11, 0.00064800241636, 1, 1.0002778905, 6, 7.5644164234e-09, 0.0073316609285, 4, 1.0063608015, 5, 0.012198317205],
      [1.0119773882, 0.00091467402251, 6, 0.0026384511728, 8, 1.01099918, 7, 7, 8, 18, 2, 2.9999338166, 1.9999999964, 3, 3.0000010506, 13, 4.9999999996, 10, 2, 4, 5.9999822427, 1.9996865017, 6, 3.9999991776, 2, 0.0012341901256, 3.0000000001, 2.0002056034, 16, 2.0000000105, 1.0535285691, 10, 2.0000108752, 12, 1.0066026546],
      [4.0361335439, 6.9990856966, 25, 0.99874911738, 58, 4.9324878691, 16, 24, 19, 83, 6, 7.9999550283, 14.0000001822, 8, 7.0000036271, 64, 12.0000000007, 30, 6, 7, 9.0000108794, 5.0004134459, 14.9999999999, 11.0000019209, 2.0000000007, 4.9988345484, 4.0000000002, 7.0003020344, 32, 2.0000000034, 2.07403316, 42, 5.0063590157, 35, 3.9738061432],
      [4.0124243003, 22.9999998125, 75, 20.0022368991, 95, 6.0029116336, 72, 61, 57, 109, 44, 40.000112187, 12.9999998772, 65, 31.9999974504, 84, 68.0000000014, 95, 63, 62, 42.0000063721, 30.9997355971, 62, 48.000002197, 32.9999999995, 6.0009813352, 35.9999999999, 19.9992002327, 81, 47.9999999845, 8.954033552, 76, 18.9999787244, 168, 8.0195910647],
      [2.9215496526, 5.9995422569, 19, 3.9962995375, 17, 4.0355392357, 14, 13, 16, 25, 9, 10.9999994814, 4.9999999345, 11, 6.99999835, 23, 11.9999999984, 24, 12, 14, 12.0000011863, 6.9999132175, 14, 11.9999965244, 5.9999999997, 2.9983019239, 6.9999999998, 7.000014239, 18, 7.999999994, 4.911073058, 16, 3.9872905834, 42, 2.9878018203]
    ]
  ],
  "prob": [
    [0.03137226453, 0.059995094542, 0.18109320926, 0.60768674211, 0.11985268956],
    [0.033475120361, 0.067814075603, 0.2461530253, 0.540017875, 0.11253990374],
    [0.02446002162, 0.058452394433, 0.21374929277, 0.59329163495, 0.11004665622],
    [0.026154132569, 0.056926449868, 0.19319267912, 0.58716196183, 0.13656477661]
  ],
  "iterations": 1,
  "time": 0.012281,
  "message": "Converged",
  "status": 0,
  "miniter": 0,
  "maxiter": 1000,
  "maxtime": 3600,
  "param_threshold": 0.001,
  "ll_threshold": "-Inf",
  "initial_prob": "group_proportional",
  "candidates_id": ["HINTON, Gordon John.c", "PALMER, Lindy Michelle.c", "AIONO, Fepulea'i Ulua'ipou-O-Malo.c", "HAWKINS, George Warren.c", "Other candidates votes.c"],
  "group_id": ["Labour Party.p", "National Party.p", "New Zealand First Party.p", "Other parties votes.p"]
}
