{
  "X": [
    [19, 17, 63, 101, 500, 30],
    [17, 40, 45, 141, 191, 16],
    [9, 18, 27, 61, 279, 28],
    [26, 27, 55, 197, 457, 22],
    [57, 70, 110, 402, 1123, 55],
    [14, 11, 25, 69, 327, 19],
    [33, 41, 50, 164, 447, 38],
    [21, 33, 60, 202, 407, 28],
    [8, 14, 51, 113, 281, 14],
    [21, 25, 53, 141, 365, 22],
    [4, 1, 9, 14, 73, 9],
    [12, 7, 25, 61, 194, 13],
    [0, 0, 3, 2, 16, 0],
    [6, 8, 17, 31, 116, 6],
    [7, 3, 37, 40, 87, 2],
    [15, 20, 21, 72, 282, 19],
    [19, 24, 52, 112, 641, 25],
    [22, 30, 38, 71, 336, 20],
    [50, 28, 55, 172, 821, 35],
    [15, 25, 34, 115, 199, 20],
    [18, 15, 41, 126, 189, 16],
    [7, 8, 23, 53, 195, 12],
    [22, 23, 143, 160, 511, 24],
    [1, 3, 3, 5, 48, 2],
    [37, 28, 39, 76, 409, 13],
    [45, 59, 101, 265, 518, 48],
    [7, 11, 36, 105, 138, 6],
    [58, 60, 96, 318, 669, 48],
    [20, 32, 55, 175, 290, 15],
    [14, 14, 17, 49, 172, 11],
    [1, 11, 17, 59, 20, 11],
    [27, 26, 116, 151, 519, 34],
    [3, 13, 15, 28, 140, 12],
    [3, 9, 17, 32, 51, 2],
    [12, 26, 29, 142, 156, 15],
    [19, 21, 30, 101, 128, 6],
    [33, 53, 87, 292, 588, 31],
    [15, 20, 65, 113, 285, 16],
    [29, 36, 62, 181, 426, 14],
    [3, 16, 29, 43, 136, 9],
    [10, 7, 19, 34, 199, 12],
    [13, 10, 17, 47, 105, 8],
    [9, 14, 31, 71, 277, 11],
    [7, 2, 6, 17, 75, 2],
    [34, 49, 64, 256, 419, 27],
    [12, 21, 37, 118, 224, 13],
    [35, 41, 57, 220, 507, 41],
    [1, 5, 4, 2, 14, 3],
    [39, 57, 123, 148, 593, 34],
    [0, 2, 3, 7, 34, 2],
    [25, 17, 42, 105, 369, 18],
    [8, 16, 25, 117, 156, 16],
    [8, 21, 37, 103, 211, 15],
    [19, 23, 66, 192, 314, 22],
    [23, 5, 86, 90, 288, 10],
    [0, 1, 0, 1, 2, 0],
    [107, 188, 238, 778, 2224, 150],
    [10, 21, 43, 81, 243, 9],
    [35, 82, 219, 419, 967, 65],
    [2, 4, 25, 41, 98, 7]
  ],
  "W": [
    [38, 90, 81, 429, 49, 43],
    [30, 43, 131, 147, 70, 29],
    [14, 32, 70, 248, 35, 23],
    [23, 71, 180, 417, 67, 26],
    [54, 142, 366, 1011, 171, 73],
    [23, 37, 59, 282, 35, 29],
    [30, 65, 153, 395, 96, 34],
    [26, 60, 194, 346, 86, 39],
    [10, 61, 92, 264, 40, 14],
    [32, 62, 137, 319, 45, 32],
    [6, 11, 13, 63, 8, 9],
    [20, 47, 38, 167, 24, 16],
    [0, 3, 3, 13, 2, 0],
    [6, 15, 30, 105, 18, 10],
    [10, 42, 29, 70, 14, 11],
    [13, 43, 67, 238, 42, 26],
    [33, 68, 88, 570, 65, 49],
    [27, 46, 71, 300, 53, 20],
    [53, 102, 146, 741, 77, 42],
    [23, 50, 103, 180, 36, 16],
    [15, 54, 114, 150, 45, 27],
    [12, 28, 38, 176, 24, 20],
    [36, 153, 132, 459, 60, 43],
    [1, 0, 6, 46, 6, 3],
    [34, 42, 78, 361, 68, 19],
    [53, 118, 237, 460, 118, 50],
    [16, 45, 82, 115, 27, 18],
    [83, 125, 285, 558, 141, 57],
    [23, 50, 170, 230, 72, 42],
    [14, 19, 41, 159, 23, 21],
    [2, 15, 60, 10, 9, 23],
    [25, 147, 144, 430, 69, 58],
    [11, 20, 20, 126, 24, 10],
    [3, 12, 42, 39, 10, 8],
    [17, 25, 130, 128, 49, 31],
    [19, 28, 96, 97, 45, 20],
    [39, 108, 265, 512, 119, 41],
    [23, 75, 107, 241, 42, 26],
    [35, 65, 166, 343, 96, 43],
    [14, 29, 40, 116, 27, 10],
    [19, 14, 32, 179, 23, 14],
    [15, 22, 39, 87, 25, 12],
    [15, 40, 61, 249, 29, 19],
    [5, 10, 11, 69, 7, 7],
    [32, 61, 230, 372, 103, 51],
    [21, 54, 111, 184, 41, 14],
    [51, 61, 206, 444, 110, 29],
    [0, 7, 1, 12, 8, 1],
    [35, 122, 154, 525, 98, 60],
    [1, 3, 7, 26, 10, 1],
    [25, 49, 91, 318, 57, 36],
    [12, 35, 110, 137, 30, 14],
    [12, 44, 105, 183, 34, 17],
    [21, 106, 168, 254, 57, 30],
    [31, 110, 69, 246, 21, 25],
    [0, 1, 1, 1, 1, 0],
    [135, 341, 710, 1922, 361, 216],
    [17, 49, 77, 206, 39, 19],
    [52, 227, 402, 856, 149, 101],
    [5, 39, 34, 84, 7, 8]
  ],
  "method": "mvn_cdf",
  "mvncdf_method": "genz",
  "mvncdf_samples": 5000,
  "mvncdf_error": 1e-06,
  "cond_prob": [
    [
      [0.31314384154, 0.0092474220604, 0.041032390524, 0.15622198814, 0.2996795517, 0.18067480604],
      [0.013489831073, 0.014144932029, 0.52869741237, 0.11575602378, 0.26869727247, 0.059214528274],
      [0.0064512676178, 0.026405964973, 0.028237541396, 0.85260840102, 0.084519595055, 0.0017772299372],
      [0.00055267483988, 0, 0.0020720252234, 0.0079428579256, 0.97456275101, 0.014869691004],
      [0.091403206333, 0.21213117351, 0.057910695637, 0.10963060228, 0.30013771917, 0.22878660307],
      [0.015070742587, 0.066098684054, 0.1824241462, 0.15825247129, 0.57649225331, 0.0016617025598]
    ],
    [
      [0.33559260613, 0.021509819392, 0.060356193282, 0.21236877044, 0.24553279548, 0.12463981528],
      [0.010363102765, 0.028310419414, 0.62671786555, 0.12577731996, 0.17620318795, 0.032628104366],
      [0.0044731071816, 0.043327170799, 0.032647558242, 0.86568463664, 0.05292755314, 0.00093997399868],
      [0, 0, 0.001570908396, 0.012596868521, 0.9735312815, 0.012300941583],
      [0.078449630223, 0.40635056107, 0.068939259768, 0.12058617401, 0.19857312538, 0.12710124955],
      [0.014108870374, 0.13851581841, 0.23817048742, 0.19045009916, 0.41774318743, 0.0010115372011]
    ],
    [
      [0.27648845057, 0.012409827732, 0.032310051241, 0.075671870107, 0.22196920137, 0.38115059898],
      [0.013438752913, 0.024775448894, 0.50693085588, 0.06743383485, 0.24136282974, 0.14605827772],
      [0.010474941083, 0.064656327316, 0.041670813501, 0.76472872509, 0.11846919301, 0],
      [0.0046244135618, 0.0057732660845, 0.0065104907679, 0.0012591456309, 0.9678493612, 0.013983322757],
      [0.068876650301, 0.24037615369, 0.039602620585, 0.045287131082, 0.19234832067, 0.41350912368],
      [0.017753843441, 0.11576390291, 0.19166180515, 0.10236446272, 0.57031062252, 0.0021453632596]
    ],
    [
      [0.47836819891, 0.010161319093, 0.037078157046, 0.18119959582, 0.1863945515, 0.10679817764],
      [0.021921293459, 0.019692176119, 0.56339020213, 0.1573981742, 0.19639354272, 0.041204611365],
      [0.0085918701645, 0.026241463228, 0.023055953319, 0.89327343342, 0.047693897576, 0.0011433822911],
      [0.0011998775059, 0.0013034503667, 0.0014818663893, 0.012337767481, 0.96934716532, 0.014329872934],
      [0.1590736991, 0.26520688248, 0.060113568416, 0.14593758967, 0.21437688805, 0.15529137228],
      [0.028319084616, 0.089703147922, 0.20580304118, 0.22866359096, 0.44627164536, 0.0012394899638]
    ],
    [
      [0.44292289438, 0.011305747482, 0.035793131995, 0.17534652695, 0.21564407139, 0.1189876278],
      [0.020540207297, 0.021749400209, 0.53553701967, 0.15113190292, 0.2254399583, 0.045601511608],
      [0.0084542886583, 0.029916407411, 0.022641444133, 0.88105224841, 0.056807894581, 0.0011277168112],
      [0.0012518036385, 0.0012234890475, 0.00078207758337, 0.010566865537, 0.97253903793, 0.013636726267],
      [0.14019265867, 0.27637710235, 0.054542651737, 0.13292466609, 0.23335428778, 0.16260863337],
      [0.025105020642, 0.093893668026, 0.18652974854, 0.20811254045, 0.48507542598, 0.0012835963738]
    ],
    [
      [0.3498625223, 0.0082186465079, 0.029932697951, 0.14399631362, 0.29365956866, 0.17433025096],
      [0.016376919653, 0.016088504372, 0.46177606209, 0.12633309843, 0.31201144976, 0.067413965695],
      [0.0096459570758, 0.023557053427, 0.022077336154, 0.85395841369, 0.088859620538, 0.0019016191151],
      [0.0018216735521, 0, 0.00059233308334, 0.0082180357163, 0.97454182091, 0.014826136734],
      [0.10681253918, 0.19938610299, 0.04453027784, 0.10649313868, 0.30986593703, 0.23291200428],
      [0.01813633377, 0.063700576264, 0.14474735044, 0.1581195797, 0.61353749566, 0.0017586641626]
    ],
    [
      [0.47302875293, 0.012148616368, 0.03100293409, 0.135762218, 0.18766697293, 0.16039050567],
      [0.024426244668, 0.02633113304, 0.5269216846, 0.13202204228, 0.22134989535, 0.068949000071],
      [0.011089135402, 0.040345675486, 0.024600476093, 0.86042314489, 0.062111142164, 0.0014304259674],
      [0.0012315854999, 0.0021101634797, 0.00077501094694, 0.0094429105994, 0.96680699893, 0.019633330542],
      [0.14591536212, 0.29174833778, 0.046393475195, 0.10108301606, 0.19955814183, 0.21530166701],
      [0.030307139878, 0.11499336795, 0.18518313804, 0.18432471516, 0.48332049027, 0.0018711486963]
    ],
    [
      [0.35398170719, 0.011653945347, 0.052976947877, 0.18286109227, 0.2501864264, 0.14833988092],
      [0.012431816193, 0.017040374654, 0.60843146543, 0.11992746766, 0.19897124609, 0.043197629984],
      [0.0063976795513, 0.028944949172, 0.031630523, 0.86963712946, 0.061793673831, 0.001596044986],
      [0.0010199011518, 0.00078763794886, 0.0012386157764, 0.0093025612882, 0.97266500352, 0.014986280319],
      [0.10226887605, 0.26245993215, 0.074056060307, 0.12701583709, 0.24813721994, 0.18606207446],
      [0.016959171022, 0.082440459147, 0.23546173648, 0.18457210848, 0.47915418703, 0.001412337844]
    ],
    [
      [0.30790805849, 0.011039735001, 0.065228832014, 0.28438461089, 0.20487724953, 0.12656151407],
      [0.0091304950072, 0.013765552948, 0.64660581525, 0.15946109717, 0.13929870588, 0.031738333753],
      [0.0036816372638, 0.01836577173, 0.02672189129, 0.91652854049, 0.03351128796, 0.001190871268],
      [0.0010417017098, 0.0007711065072, 0.0035153999097, 0.016497552267, 0.96209761802, 0.016076621581],
      [0.088979586123, 0.25321865932, 0.092379921926, 0.19939865268, 0.20531012143, 0.16071305852],
      [0.013646849648, 0.073423887886, 0.27307717843, 0.26979295235, 0.36891370988, 0.0011454218032]
    ],
    [
      [0.39795776666, 0.013877455116, 0.046414733334, 0.15411566047, 0.2339810044, 0.15365338002],
      [0.015481530668, 0.022577784709, 0.5933602439, 0.11223366656, 0.20673356374, 0.04961321042],
      [0.0083728504501, 0.04008562061, 0.032094908174, 0.85092058489, 0.066759425104, 0.00176661077],
      [0.0014984907157, 0.0016270738761, 0.0011524877463, 0.0077494557046, 0.97150018456, 0.016472307395],
      [0.11171105802, 0.30594537676, 0.063350224195, 0.10447734195, 0.22650380153, 0.18801219755],
      [0.020418747019, 0.105555945, 0.22221835349, 0.16750420784, 0.48274549136, 0.0015572552851]
    ],
    [
      [0.30923928476, 0.0029364449437, 0.026671275161, 0.072501646194, 0.18085135447, 0.40779999447],
      [0.024527661773, 0, 0.50055134264, 0.075680347397, 0.22922782089, 0.1700128273],
      [0.02963111671, 0, 0.036369459433, 0.83217391674, 0.10182550712, 0],
      [0.0088751820173, 0, 0.011470706987, 0.0055454072759, 0.97014396791, 0.0039647358098],
      [0.088661573701, 0.081406037523, 0.03900588255, 0.052708504049, 0.18902420657, 0.54919379561],
      [0.024569604224, 0.036792558906, 0.20293366742, 0.12702407702, 0.60426562443, 0.0044144680016]
    ],
    [
      [0.36392422741, 0.0074648291385, 0.027185376817, 0.24361103739, 0.22176445924, 0.13605007001],
      [0.022732987905, 0.010976090351, 0.44037097784, 0.22258465069, 0.24763887065, 0.05569642257],
      [0.0054327101007, 0.014496391932, 0.012542143518, 0.92262032707, 0.04339419133, 0.0015142360468],
      [0.0016931899157, 0, 0, 0.0086119694112, 0.97236120592, 0.017333634753],
      [0.11857853269, 0.19922272516, 0.043424347651, 0.1924993631, 0.25118146481, 0.19509356658],
      [0.019873408493, 0.062663679591, 0.14000441925, 0.2842840397, 0.49150175499, 0.0016726979801]
    ],
    [
      [2.0238276944e-05, 0.0017272762361, 0.10010555995, 0.051604083947, 0.81474555373, 0.031797287861],
      [0, 0, 0.78867237464, 0, 0.21132762536, 0],
      [0, 0, 0.089488814096, 0.64485375415, 0.26565743175, 0],
      [0, 0, 0, 0, 1, 0],
      [0, 0, 0.1827582169, 0.032719368775, 0.78452241433, 0],
      [0.0003887837342, 0.003350663718, 0.21567089551, 0.019293642048, 0.76116594674, 0.00013006825608]
    ],
    [
      [0.44958297389, 0.012316205989, 0.063654447565, 0.13490666895, 0.21343934317, 0.12610036044],
      [0.013346074404, 0.016335181273, 0.70410895758, 0.079933040094, 0.15336719212, 0.03290955453],
      [0.012637749202, 0.038486886976, 0.044119270146, 0.83749260505, 0.065277695879, 0.0019857927487],
      [0.0019893347992, 0.0027104311491, 0, 0.0064073668659, 0.97273799474, 0.016154872442],
      [0.12795888462, 0.29577589572, 0.092766408856, 0.097376516641, 0.22057880205, 0.16554349211],
      [0.021103848748, 0.091790704205, 0.30630654871, 0.1441235413, 0.43526172978, 0.0014136272597]
    ],
    [
      [0.38999666787, 0.0055570577858, 0.076713923802, 0.23302294182, 0.23138763032, 0.063321778407],
      [0.017593848812, 0, 0.71152421937, 0.12316860851, 0.14700591881, 0.00070740448907],
      [0.011953960067, 0.0013784096524, 0.036742808499, 0.90272157843, 0.047203243348, 0],
      [0, 0, 0, 0.017434127995, 0.982565872, 0],
      [0.13062742386, 0.17599889228, 0.12861282759, 0.19385601672, 0.27539975188, 0.095505087671],
      [0.01687662684, 0.04004282276, 0.31661113778, 0.21667182326, 0.40979758936, 0]
    ],
    [
      [0.4559368898, 0.01180799076, 0.018690073604, 0.11103501789, 0.23952218874, 0.1630078392],
      [0.027888285059, 0.030818440937, 0.38732223372, 0.13019526225, 0.33973688, 0.08403889803],
      [0.02042006778, 0.052900031018, 0.0014853777628, 0.83126315605, 0.091768025469, 0.0021633419184],
      [0, 0.0011924377967, 0, 0.0082998891443, 0.97399780175, 0.016509871309],
      [0.13757457947, 0.28246617174, 0.027335360814, 0.082351746352, 0.25259499123, 0.2176771504],
      [0.027974896007, 0.10883160281, 0.1097910588, 0.14728346431, 0.60417698276, 0.0019419953088]
    ],
    [
      [0.32072884498, 0.010936803504, 0.041206754972, 0.17934941467, 0.31159735064, 0.13618083124],
      [0.012442575395, 0.017702440492, 0.52191464831, 0.13013291949, 0.27398370809, 0.043823708219],
      [0.0057981255811, 0.027481986282, 0.024925447395, 0.86299433945, 0.077593293536, 0.0012068077591],
      [0.00057474966339, 0.00073883528728, 0.0012658170163, 0.0083992190136, 0.97800715903, 0.01101421999],
      [0.092586977573, 0.24619584841, 0.057557240156, 0.12449068642, 0.30866154422, 0.17050770322],
      [0.014568511986, 0.07332731587, 0.17334296572, 0.17162202988, 0.56594090665, 0.0011982698851]
    ],
    [
      [0.46434991911, 0.018318175598, 0.040511065357, 0.10955797409, 0.22622306463, 0.14103980121],
      [0.020136594515, 0.033370627171, 0.58207239697, 0.089305440023, 0.22401106459, 0.05110387674],
      [0.02006750483, 0.061813548319, 0.03677524073, 0.79439914606, 0.08473318976, 0.0022113703015],
      [0.00048982833007, 0, 0.0022332454202, 0.0044270390629, 0.97600049816, 0.01684938903],
      [0.12196907937, 0.38834437751, 0.052016210855, 0.069579245269, 0.2058649295, 0.16222615749],
      [0.025008314388, 0.14996732352, 0.20464980409, 0.1257866685, 0.49302105502, 0.0015668344818]
    ],
    [
      [0.53543739109, 0.0077579981258, 0.02027402493, 0.1248247963, 0.20569324925, 0.1060125403],
      [0.034425110903, 0.021035872099, 0.43152253697, 0.15201185441, 0.30363236111, 0.057372264506],
      [0.0091147953245, 0.034023640285, 0.011103277039, 0.86977093636, 0.07447024435, 0.0015171066442],
      [0, 0, 0, 0.0090080977788, 0.97731373573, 0.013678166491],
      [0.19779905279, 0.22278240982, 0.036359332753, 0.1112457653, 0.26153615297, 0.17027728636],
      [0.0368849947, 0.079082621602, 0.13070073425, 0.18218084655, 0.56969855541, 0.0014522474879]
    ],
    [
      [0.39030792069, 0.020963007738, 0.034770322954, 0.1955319995, 0.16683875557, 0.19158799355],
      [0.018225792319, 0.040191960137, 0.52579841919, 0.16897020817, 0.17437960774, 0.072434012444],
      [0.0089010821299, 0.047061106787, 0.020196728889, 0.88457536352, 0.038492593144, 0.00077312552802],
      [0.002573339172, 0, 0.0024174745025, 0.017128940976, 0.95229754285, 0.025582702495],
      [0.093889512813, 0.41058851133, 0.040863321103, 0.11431827614, 0.13877210492, 0.20156827369],
      [0.021974577292, 0.17998577551, 0.18274209794, 0.23402024021, 0.37935235313, 0.0019249559122]
    ],
    [
      [0.48405601911, 0.0077331351295, 0.033896851359, 0.16309846849, 0.18809446404, 0.12312106187],
      [0.022990045408, 0.015612111584, 0.54924722178, 0.15065844292, 0.21082037262, 0.050671805692],
      [0.0099217816614, 0.019783815641, 0.023552035862, 0.89088504242, 0.053487786672, 0.0023695377425],
      [0, 0, 0.0010356242832, 0.011572328949, 0.97018879433, 0.017203252434],
      [0.16806234384, 0.21772090799, 0.057968731689, 0.13860653663, 0.22832821492, 0.18931326493],
      [0.029770691814, 0.073635300183, 0.19938254063, 0.21792328624, 0.47754023763, 0.0017479435081]
    ],
    [
      [0.31373075205, 0.0094684330756, 0.0444806686, 0.23518551603, 0.22989782017, 0.16723681007],
      [0.011604644477, 0.014836852107, 0.55936926102, 0.1655831933, 0.19666845763, 0.051937591463],
      [0.004682474483, 0.018404878487, 0.021255468191, 0.90925634463, 0.045018238862, 0.0013825953433],
      [0.0012565864035, 0, 0.0018291631802, 0.011469996969, 0.96699981994, 0.01844443351],
      [0.091905363102, 0.22378356441, 0.064199372896, 0.1679765718, 0.23521415716, 0.21692097064],
      [0.015273948913, 0.070037800792, 0.20667336038, 0.24697730548, 0.45933540934, 0.0017021751009]
    ],
    [
      [0.34780786949, 0.010651486184, 0.087579448611, 0.2023052739, 0.22796843424, 0.12368748758],
      [0.0089371980735, 0.011151517731, 0.72583172638, 0.096845286463, 0.13122187357, 0.026012397784],
      [0.005742649967, 0.02397443371, 0.046987429407, 0.87132536985, 0.051069297344, 0.00090081972591],
      [0.0012935245839, 0.00041941847715, 0.00051391177452, 0.014158539794, 0.97060605113, 0.013008554237],
      [0.10200831065, 0.24434558239, 0.12418596193, 0.14279084331, 0.22941616388, 0.15725313783],
      [0.014866724985, 0.067267232796, 0.34663957703, 0.18182586342, 0.38841616647, 0.0009844353035]
    ],
    [
      [0.32999598002, 0.017659479143, 0.14868165163, 0.090905503643, 0.25987148891, 0.15288589665],
      [0.002114461496, 0.0061636983416, 0.91986551281, 0.014249827052, 0.048027388102, 0.0095791121939],
      [0.046841021265, 0.096035574376, 0.033026201413, 0.73778675054, 0.08377210002, 0.0025383523856],
      [0, 0, 0, 0.00031198794114, 0.97999706542, 0.019690946636],
      [0.060977447693, 0.36224372733, 0.16889011927, 0.049835583031, 0.20434335606, 0.15370976662],
      [0.0076977354092, 0.077554903548, 0.54660680809, 0.056336349879, 0.31052358838, 0.0012806147003]
    ],
    [
      [0.59195711669, 0.010456407153, 0.035574881248, 0.084489471857, 0.20667363323, 0.070848489824],
      [0.029386404732, 0.02206579064, 0.59800736939, 0.080832156795, 0.23990961057, 0.029798667877],
      [0.0077567784198, 0.061600212966, 0.041617849399, 0.78832709931, 0.10029398212, 0.00040407778789],
      [0, 0.0013677525739, 0.0031933045965, 0.0030073749965, 0.98751170804, 0.0049198597958],
      [0.21057800828, 0.28770746623, 0.062098931297, 0.07297103405, 0.25607178297, 0.11057277717],
      [0.037626092321, 0.097633471358, 0.21328642014, 0.11553689139, 0.53522917776, 0.00068794703401]
    ],
    [
      [0.44090230828, 0.014690210069, 0.044534609045, 0.17431034945, 0.16972032605, 0.15584219711],
      [0.018651832906, 0.025638008961, 0.6047285553, 0.13641546347, 0.1605520482, 0.054014091171],
      [0.0087456608282, 0.038942369004, 0.028737215946, 0.87879588206, 0.043475005406, 0.0013038667599],
      [0.0022915005138, 0.0020499566431, 0.0025882247689, 0.014067258501, 0.95718987038, 0.021813189199],
      [0.12725540401, 0.32827337578, 0.06206827909, 0.12075961397, 0.16724587113, 0.19439745602],
      [0.025766237064, 0.12575107915, 0.23912671379, 0.21338658767, 0.39427503171, 0.0016943506165]
    ],
    [
      [0.26276628382, 0.01185817664, 0.056942046965, 0.35692099355, 0.22547646674, 0.086036032289],
      [0.0079775196543, 0.015683890741, 0.58612771509, 0.20713333595, 0.16146249733, 0.021615041239],
      [0.0011963220585, 0.01639827706, 0.021976385756, 0.92803799653, 0.032391018599, 0],
      [0.0010305293423, 0.0017994317392, 0.0068318609507, 0.013372787629, 0.97053058537, 0.0064348049645],
      [0.075003978835, 0.26798239324, 0.079723769188, 0.24619349151, 0.22354093205, 0.10755543517],
      [0.010835242372, 0.07318756133, 0.2207172589, 0.31578074568, 0.37910434132, 0.00037485039742]
    ],
    [
      [0.41072654578, 0.01245134563, 0.038062713795, 0.17917139008, 0.23136769551, 0.12822030921],
      [0.018061395585, 0.022603802317, 0.53879037125, 0.14578678349, 0.22836153048, 0.046396116876],
      [0.0077664454262, 0.032049967866, 0.023362372742, 0.87642122629, 0.059154053286, 0.0012459343941],
      [0.0013693960505, 0.0013586633321, 0.00069682446859, 0.00988696533, 0.97292675271, 0.01376139811],
      [0.12354225817, 0.28862911629, 0.05506289571, 0.12887480638, 0.23758480653, 0.16630611693],
      [0.022017612419, 0.097403204295, 0.18738641698, 0.20065092707, 0.49122454463, 0.0013172945969]
    ],
    [
      [0.38614585188, 0.01302420432, 0.057439630728, 0.18168597691, 0.25796559053, 0.10373874562],
      [0.013020856964, 0.018232906767, 0.63091480462, 0.11362486636, 0.19578347229, 0.028423093003],
      [0.0070361144278, 0.032693808182, 0.034041250917, 0.86216355591, 0.064065270568, 0],
      [0.0020495084182, 0.0018121895061, 0.0011323330483, 0.0090036743465, 0.97821686002, 0.0077854346643],
      [0.11186043379, 0.29340865211, 0.08061947808, 0.12673575035, 0.25713218542, 0.13024350025],
      [0.017764879446, 0.087824381738, 0.2447880139, 0.17562751392, 0.47340777744, 0.00058743356313]
    ],
    [
      [0.56767825675, 0.013138976354, 0.027253886588, 0.12880326758, 0.13615780346, 0.12696780926],
      [0.031700122036, 0.032630522856, 0.54493027898, 0.14392740925, 0.18454481473, 0.062266852147],
      [0.012266905878, 0.045781934825, 0.022777385866, 0.87093153338, 0.046284440417, 0.0019577996346],
      [0, 0.0021354887873, 0.0018964250342, 0.013244327088, 0.9590917541, 0.023632004992],
      [0.1784159528, 0.3429877311, 0.043236819146, 0.10147680586, 0.15306740141, 0.18081528968],
      [0.040175811012, 0.14717878745, 0.19213900218, 0.20543457466, 0.41303038478, 0.0020414399104]
    ],
    [
      [0.052471340765, 0.0061106350693, 0.012910792409, 0.038324658535, 0.033638870475, 0.85654370275],
      [0.0050169559266, 0.34866888784, 0.50327355906, 0.07001906523, 0.073021531945, 0],
      [0, 0, 0.047767031132, 0.87902831175, 0.073204657123, 0],
      [0.071719325104, 0.052539496154, 0.011367970438, 0.016116085142, 0.6531714357, 0.19508568746],
      [0.011401080948, 0.098183290935, 0.02048239461, 0.025258965035, 0.029556966263, 0.81511730221],
      [0, 0.18907394923, 0.2722187785, 0.20621193318, 0.33249533909, 0]
    ],
    [
      [0.4352602372, 0.0086437044401, 0.046020255062, 0.11710114264, 0.23799283781, 0.15498182285],
      [0.018271354588, 0.01393213471, 0.6076040277, 0.088407250773, 0.21942618867, 0.052359043561],
      [0.011716300474, 0.031795421557, 0.041079134225, 0.8256796691, 0.087595595534, 0.0021338791055],
      [0.0016203335184, 0, 0.0021624906479, 0.0046073313833, 0.9751744397, 0.016435404746],
      [0.13982346674, 0.21778888839, 0.071790666636, 0.090531947395, 0.26332566838, 0.21673936246],
      [0.024153363092, 0.071205337649, 0.23677378012, 0.13708407507, 0.52907385125, 0.0017095928159]
    ],
    [
      [0.22125245149, 0.022947237629, 0.045246691565, 0.20122223146, 0.26961815021, 0.23971323764],
      [0.0066714238042, 0.033840477409, 0.54075481105, 0.13319065341, 0.21634168295, 0.069200951385],
      [0.0023528936631, 0.049820636124, 0.02370192345, 0.86429757112, 0.058050322394, 0.0017766532536],
      [0, 0, 0, 0.0094894960423, 0.96944623002, 0.021064273935],
      [0.012327326661, 0.39929484348, 0.05717068332, 0.11650246788, 0.19512694659, 0.21957773207],
      [0.0089880844432, 0.14912818719, 0.18410553032, 0.18450552331, 0.47130885397, 0.0019638207655]
    ],
    [
      [0.40062295017, 0.0229441217, 0.10541490679, 0.093237103087, 0.27549996277, 0.10228095549],
      [0.0084351709043, 0.018214784724, 0.78725572215, 0.03799505038, 0.13076687859, 0.017332393252],
      [0.018301515376, 0.078501948153, 0.074173631506, 0.71691319871, 0.10957901798, 0.0025306882786],
      [0, 0, 0, 0.0011993013487, 0.98915966919, 0.0096410294622],
      [0.08189673062, 0.43945013082, 0.11318402105, 0.052050270903, 0.21387670275, 0.099542143856],
      [0.013659768331, 0.12762588594, 0.37369423501, 0.073339784847, 0.41074808596, 0.00093223990207]
    ],
    [
      [0.3464639635, 0.016587451709, 0.048803313606, 0.23865779346, 0.19892953513, 0.1505579426],
      [0.012558280065, 0.025276006794, 0.58891544481, 0.16303237924, 0.16466134633, 0.045556542767],
      [0.005041886042, 0.032951884568, 0.024077289453, 0.89938356398, 0.036147844679, 0.0023975312757],
      [0.0013159020995, 0.0022313869115, 0.0026510696046, 0.01461900731, 0.95993472456, 0.019247909517],
      [0.090800386552, 0.34271724292, 0.062631278338, 0.15130104689, 0.17963580472, 0.17291424058],
      [0.016872774958, 0.12011631386, 0.22287549586, 0.24716646708, 0.39124662134, 0.0017223269048]
    ],
    [
      [0.50478291638, 0.012902876313, 0.047283825265, 0.16563221158, 0.19983841292, 0.069559757535],
      [0.019794557474, 0.021514860158, 0.63007629827, 0.12450497073, 0.18233418606, 0.021775127311],
      [0.0044633536848, 0.036185114043, 0.031839079519, 0.87137148454, 0.056140968215, 0],
      [0.0042391890667, 0.0034854567579, 0.0024802048168, 0.011196110495, 0.97859903886, 0],
      [0.16632472602, 0.31796649774, 0.074156687322, 0.12883902484, 0.22229837425, 0.090414689825],
      [0.026529050759, 0.10160383069, 0.24126442689, 0.19157037241, 0.43903231925, 0]
    ],
    [
      [0.38398295948, 0.013913216486, 0.045813668501, 0.2119603983, 0.2311833426, 0.11314641463],
      [0.014911381004, 0.022346428784, 0.57299587085, 0.15221180764, 0.20154694421, 0.035987567507],
      [0.0063346296713, 0.030730230473, 0.024322523373, 0.88740269765, 0.050707957299, 0.00050196152951],
      [0.0015401662282, 0.0016478950743, 0.0015240944548, 0.011219778702, 0.97280750822, 0.011260557316],
      [0.1106789685, 0.31039673372, 0.063705712429, 0.14631698811, 0.22805074364, 0.14085085361],
      [0.018931614855, 0.10047623373, 0.20787629372, 0.21894405076, 0.45277288479, 0.0009989221446]
    ],
    [
      [0.3643477234, 0.013012278197, 0.062551766799, 0.16723017981, 0.25850963387, 0.13434841793],
      [0.011528382029, 0.017326579042, 0.65120556183, 0.09890181082, 0.18568111238, 0.0353565539],
      [0.0070211038363, 0.034604836, 0.039275387348, 0.84965362955, 0.06797356446, 0.0014714788023],
      [0.0012311664819, 0.0017830749863, 0.00025511639572, 0.00790625148, 0.97564733791, 0.01317705275],
      [0.10190094334, 0.28584423173, 0.085167381939, 0.11313481486, 0.24982265201, 0.16412997612],
      [0.016444802176, 0.087051073735, 0.26461202645, 0.16023318692, 0.47044091443, 0.0012179962902]
    ],
    [
      [0.38985546087, 0.011412070565, 0.049997502085, 0.18093051133, 0.2874655145, 0.080338940652],
      [0.014386721203, 0.017210739087, 0.58813905739, 0.1221023236, 0.23519184663, 0.022969312096],
      [0.0052450972405, 0.028792999889, 0.030537092351, 0.86335990397, 0.072064906548, 0],
      [0.0027402652157, 0.0020613986195, 0.0023713184035, 0.0093670111105, 0.98346000665, 0],
      [0.1233783918, 0.26804751204, 0.07387066131, 0.13277356097, 0.30093891772, 0.10099095616],
      [0.017790680648, 0.075874898264, 0.21039408531, 0.17334628711, 0.52259404867, 0]
    ],
    [
      [0.20980754801, 0.025710824577, 0.092377369574, 0.19258101074, 0.31716508945, 0.16235815765],
      [0, 0.02396344663, 0.70060778508, 0.080619365286, 0.1618736183, 0.032935784703],
      [0, 0.056480783879, 0.048514352655, 0.82186701687, 0.070525806456, 0.0026120401441],
      [0, 0, 0, 0.003060204513, 0.98120886668, 0.01573092881],
      [0, 0.42162670394, 0.092725081762, 0.12485030261, 0.21899245874, 0.14180545294],
      [0.0062694327904, 0.1301956142, 0.29449397449, 0.13652816876, 0.43112966382, 0.0013831459412]
    ],
    [
      [0.35002580895, 0.0089208614188, 0.067919533479, 0.12556663625, 0.27492927708, 0.17263788282],
      [0.010119882551, 0.010928058339, 0.6860363049, 0.068808816039, 0.18257624641, 0.04153069176],
      [0.0083658718168, 0.029564127235, 0.053809965403, 0.8162146295, 0.08988545725, 0.0021599487983],
      [0.0020770044651, 0.00038570924442, 7.7076646058e-05, 0.0043685669244, 0.97670299858, 0.016388644145],
      [0.10207777866, 0.20929685355, 0.097578981914, 0.089211562424, 0.27950915389, 0.22232566956],
      [0.01575361912, 0.060613511316, 0.29464202848, 0.12130020911, 0.50609959779, 0.0015910341738]
    ],
    [
      [0.50691423426, 0.010369896179, 0.03199030992, 0.15913741477, 0.1849832465, 0.10660489837],
      [0.024008604308, 0.021685809876, 0.54614122687, 0.15073366172, 0.21268896808, 0.044741729147],
      [0.0082474363301, 0.030048039701, 0.021690943944, 0.88653026052, 0.051515150104, 0.0019681693985],
      [0, 0.0023775783861, 0.00069572078765, 0.010475375518, 0.9708122145, 0.015639110813],
      [0.16728584933, 0.27406238893, 0.052913888808, 0.13043531739, 0.21687780996, 0.15842474558],
      [0.03035841177, 0.094756762406, 0.18964305147, 0.21248978794, 0.47119960338, 0.0015523830318]
    ],
    [
      [0.3367847823, 0.013943634496, 0.047578094165, 0.19636974886, 0.27590012657, 0.12942361361],
      [0.011947626391, 0.021074008291, 0.56964883802, 0.13264523284, 0.22601210605, 0.038672188412],
      [0.0054714202223, 0.032100860637, 0.026209045806, 0.87259016506, 0.062498091831, 0.0011304164458],
      [0.00083618597497, 0.0018514305048, 0.0010024407444, 0.0088248521377, 0.97564798868, 0.011837101954],
      [0.091156734787, 0.30186029921, 0.063239282576, 0.12950524123, 0.2599768212, 0.154261621],
      [0.014990050514, 0.093409356798, 0.20095138593, 0.18776864249, 0.50173438213, 0.0011461821392]
    ],
    [
      [0.7685063592, 0.0031910077778, 0.011081069259, 0.097681829511, 0.0846430035, 0.034896730756],
      [0, 0.014764714614, 0.45428958125, 0.27272023318, 0.22474203408, 0.033483436876],
      [0, 0.022674766592, 0.01890191593, 0.91927426984, 0.03826770004, 0.00088134760135],
      [0, 0, 0, 0.010664237364, 0.97765135876, 0.011684403876],
      [0.37610729759, 0.16821159412, 0.033305658141, 0.14569344426, 0.18137560015, 0.095306405736],
      [0.074959588701, 0.058499174798, 0.13723402271, 0.27381215208, 0.45440671226, 0.0010883494582]
    ],
    [
      [0.45610905921, 0.013643924318, 0.045016178678, 0.20478467111, 0.17029605854, 0.11015010815],
      [0.018818987287, 0.023423990455, 0.60398978784, 0.15751436725, 0.15863083619, 0.037622030986],
      [0.0078537685958, 0.031690675385, 0.025489808235, 0.89675101809, 0.037168985691, 0.001045744005],
      [0.002266916022, 0.0025205904523, 0.0028146966384, 0.015485822103, 0.9610674716, 0.015844503186],
      [0.13880376767, 0.32189833355, 0.066477427502, 0.14991453786, 0.17743385853, 0.14547207488],
      [0.025688319077, 0.11279387572, 0.2344942578, 0.24282072039, 0.38298806956, 0.0012147574488]
    ],
    [
      [0.32972704983, 0.015847301234, 0.042314460118, 0.19986527108, 0.28549837931, 0.12674753843],
      [0.012401951975, 0.025351241581, 0.5319891625, 0.14275063514, 0.24735259303, 0.040154415782],
      [0.0051497829163, 0.036207696428, 0.022948628404, 0.8706062227, 0.063844527546, 0.0012431420108],
      [0.00045272438704, 0.0019521915505, 0.0007993271662, 0.0087140434197, 0.97690896384, 0.011172749639],
      [0.086486405341, 0.32812685415, 0.054115332013, 0.12695131446, 0.25893739907, 0.14538269497],
      [0.014654052645, 0.10477007571, 0.17649135705, 0.18918688634, 0.51379062467, 0.0011070035826]
    ],
    [
      [0.3778351423, 0.011881481856, 0.044665927619, 0.1756577549, 0.23164203319, 0.15831766013],
      [0.01501895393, 0.019572289141, 0.57646203995, 0.12970004823, 0.20739911672, 0.051847552028],
      [0.0072192299724, 0.030939942211, 0.027995279619, 0.87255274488, 0.05988610165, 0.0014067016704],
      [0.0012931842605, 0.0011223292619, 0.0013794928057, 0.0095562781871, 0.97006757738, 0.016581138107],
      [0.11073869468, 0.2699077277, 0.063142050429, 0.12334380641, 0.23226635737, 0.20060136341],
      [0.019712412155, 0.090977325969, 0.21492087242, 0.19217516871, 0.48065757176, 0.0015566489884]
    ],
    [
      [0.44469010481, 0.035173027441, 0.025512222638, 0.088683462601, 0.15289021825, 0.25305096425],
      [0.026364281959, 0.054378664827, 0.52588414141, 0.093552842121, 0.18886582672, 0.11095424296],
      [0.0087514515248, 0.11286399269, 0.021351550112, 0.80219932577, 0.050994129318, 0.0038395505867],
      [0, 0, 0, 0, 0.95494040361, 0.045059596391],
      [0.098386486149, 0.52357472653, 0.018474639787, 0.053233304348, 0.096966727678, 0.2093641155],
      [0.019606685564, 0.31788754125, 0.14966234176, 0.1170643446, 0.39192641889, 0.0038526679382]
    ],
    [
      [0.50556634861, 0.016125062585, 0.059581452252, 0.10076236347, 0.19174003772, 0.12622473537],
      [0.018131069445, 0.023935165814, 0.69664539719, 0.067068640122, 0.15635469614, 0.037865031285],
      [0.014829157395, 0.065460361184, 0.058005944131, 0.78131966275, 0.078193277088, 0.0021915974521],
      [0.0019792079001, 0.00044056753344, 0.0014292653099, 0.0042708211767, 0.97432687245, 0.017553265628],
      [0.14397229191, 0.36053008072, 0.082209097847, 0.068803890404, 0.18815486608, 0.15632977303],
      [0.027685472212, 0.13118985154, 0.30306899068, 0.11637921238, 0.42018793609, 0.0014885370977]
    ],
    [
      [0, 0.0091208067906, 0.13283281729, 0.12313192895, 0.61337413366, 0.12154031331],
      [0, 0.010521611158, 0.52621267095, 0.063812915215, 0.37342227551, 0.026030527164],
      [0, 0.02200166436, 0.034059211987, 0.79037745894, 0.15045427394, 0.0031073907792],
      [0, 0, 0.010901348678, 0.010618531564, 0.96207043146, 0.016409688302],
      [0, 0.17718658726, 0.063656715657, 0.080156204344, 0.54391192048, 0.13508857226],
      [0, 0.033436836665, 0.13011246375, 0.07514324874, 0.76022869955, 0.0010787512991]
    ],
    [
      [0.48395472632, 0.0074634292075, 0.036237102239, 0.14321313287, 0.22353376799, 0.10559784137],
      [0.022279366192, 0.014607430462, 0.557997429, 0.12584769117, 0.23811518465, 0.041152898529],
      [0.01213282427, 0.019063664136, 0.030395793022, 0.86698165307, 0.070075301758, 0.0013507637418],
      [0, 0, 0.00093639981112, 0.0093537686619, 0.97744621848, 0.012263613044],
      [0.17008194712, 0.21025264991, 0.062255991147, 0.12227978303, 0.27240670445, 0.16272292434],
      [0.028074580674, 0.066068213781, 0.19832818396, 0.17814884206, 0.52811332392, 0.0012668556061]
    ],
    [
      [0.32409416771, 0.014644787266, 0.036405768325, 0.2123455954, 0.19348923696, 0.21902044434],
      [0.013868780601, 0.026563601456, 0.5210023381, 0.17175152796, 0.18990039093, 0.076913360954],
      [0.0045898752408, 0.033270079005, 0.019333300157, 0.9002263243, 0.042580421295, 0],
      [0.0024159099787, 0.0032948375819, 0.0013255276685, 0.01379744407, 0.95669015438, 0.022476126318],
      [0.084797050547, 0.30412344753, 0.046787644211, 0.1354866452, 0.17635374758, 0.25245146493],
      [0.017548943323, 0.11855225976, 0.18686852231, 0.24720032213, 0.42790039668, 0.0019295557926]
    ],
    [
      [0.32550080873, 0.018595202519, 0.052746432139, 0.16642560025, 0.24956364906, 0.1871683073],
      [0.011001348494, 0.026758026873, 0.60466871222, 0.10783780729, 0.19617960369, 0.053554501433],
      [0.0058753487111, 0.048707301336, 0.03342882614, 0.84450718879, 0.065309433722, 0.0021719012974],
      [0.00051523290266, 0.00077994070086, 0.0014625670596, 0.0082654889022, 0.97022899833, 0.018747772102],
      [0.077850587228, 0.35774281451, 0.061999000034, 0.097117972147, 0.20794863505, 0.19734099103],
      [0.014812456464, 0.12819134738, 0.22799864464, 0.1629517018, 0.46433428363, 0.0017115660828]
    ],
    [
      [0.38648157296, 0.010328940844, 0.034934429064, 0.20727768877, 0.23035905551, 0.13061831285],
      [0.017441360921, 0.019091628946, 0.5086231027, 0.17269708019, 0.23346082317, 0.048686004068],
      [0.006750196561, 0.023153123839, 0.018578070705, 0.89771157632, 0.052153829717, 0.001653202853],
      [0.0018330086259, 0.00040970254707, 0.00025534529979, 0.010729634346, 0.97208998195, 0.014682327227],
      [0.1196389888, 0.25122447455, 0.052432202689, 0.15467941255, 0.24577336367, 0.17625155774],
      [0.020535437853, 0.081526509095, 0.17259063218, 0.23278931913, 0.49112773465, 0.0014303670891]
    ],
    [
      [0.49321148231, 0.0047770821624, 0.052925759568, 0.1623272941, 0.20450896098, 0.08224942089],
      [0.018452193389, 0, 0.66040039806, 0.11874743638, 0.17748824831, 0.024911723864],
      [0.015954689578, 0.0037737725456, 0.040383205328, 0.88142738129, 0.05834608216, 0.00011486909809],
      [0, 0, 0, 0.012871033625, 0.97972283455, 0.0074061318293],
      [0.1856862007, 0.1646180779, 0.097404253594, 0.14855681665, 0.26733803834, 0.13639661282],
      [0.027216759205, 0.04538162046, 0.27533308697, 0.19204716602, 0.45938876494, 0.00063260241184]
    ],
    [
      [0.40131100345, 0.013045593906, 0.044977427159, 0.17065877282, 0.22981865964, 0.14018854302],
      [0, 0.21433847855, 0, 0.2182804422, 0.56738107924, 0],
      [0, 0.0023627708864, 0, 0.34832179519, 0.64931543392, 0],
      [0, 0, 0, 0.21669651316, 0.78330348684, 0],
      [0, 0.78329875056, 0, 0.21670124944, 0, 0],
      [1.2002081516e-06, 0.00030843782148, 3.2791263582e-05, 0.0014328357562, 0.99822472923, 5.7254254565e-09]
    ],
    [
      [0.37873303144, 0.01543258146, 0.032924638795, 0.16371829304, 0.24053007053, 0.16866138473],
      [0.017799796301, 0.029792109099, 0.49338879981, 0.14173400085, 0.25243720935, 0.064848084594],
      [0.0085275444929, 0.04272644147, 0.020766550227, 0.85990193784, 0.066630225843, 0.0014473001289],
      [0.0010036611377, 0.0010981223374, 0, 0.009777388822, 0.97136085517, 0.016759972531],
      [0.10360395608, 0.32442755078, 0.043053077902, 0.10688865636, 0.22391540496, 0.19811135391],
      [0.020447633213, 0.12126287914, 0.16214435761, 0.18359913899, 0.5108836431, 0.0016623479483]
    ],
    [
      [0.32782969213, 0.017882648146, 0.06404405411, 0.17707429886, 0.30481273643, 0.10835657033],
      [0.0096513465998, 0.022459258828, 0.63483722404, 0.099275436351, 0.20746078174, 0.02631595244],
      [0.0056100350401, 0.044037332999, 0.037789730869, 0.83786654087, 0.07469636022, 0],
      [0.00048393906934, 0.0019499508441, 0.0014890296862, 0.0077358369418, 0.98218416903, 0.0061570744248],
      [0.081421847846, 0.35349968979, 0.077829492433, 0.10684621291, 0.26274157434, 0.11766118267],
      [0.012992791472, 0.10612836222, 0.23959618448, 0.14994379881, 0.49074343253, 0.00059543048109]
    ],
    [
      [0.32452944988, 0.016236005911, 0.072281065273, 0.18177655709, 0.22865302387, 0.17652389798],
      [0.0092436337035, 0.019761676348, 0.67949078415, 0.098752895778, 0.15020741881, 0.042543591213],
      [0.0054010452312, 0.040378341993, 0.042338576067, 0.85395234294, 0.056310990846, 0.0016187029209],
      [9.9536516895e-06, 0.0021558115267, 0.00063775200112, 0.01159635188, 0.96658360331, 0.019016527635],
      [0.083092390786, 0.32086675252, 0.08902521022, 0.11167927046, 0.20016789441, 0.1951684816],
      [0.014511455642, 0.10676448404, 0.29867521771, 0.17104139919, 0.40747880865, 0.0015286347582]
    ],
    [
      [0.23591166304, 0.011165967287, 0.048357858782, 0.22576732661, 0.26245878805, 0.21633839623],
      [0.0056823635919, 0.01849254939, 0.5610904195, 0.1465132098, 0.20688239766, 0.061339060056],
      [0.0027387557312, 0.023024990812, 0.02287507217, 0.89762157291, 0.051845189598, 0.001894418776],
      [0, 0.0018569284105, 0, 0.010408687147, 0.9677105938, 0.020023790639],
      [0.06057820829, 0.2396467994, 0.062545137378, 0.14465166572, 0.24054094707, 0.25203724214],
      [0.010208043975, 0.075825183429, 0.20751449127, 0.21889041565, 0.48563494947, 0.0019269162082]
    ]
  ],
  "expected_outcome": [
    [
