{
  "X": [
    [296, 140, 40],
    [218, 67, 33],
    [7, 71, 7],
    [32, 100, 11],
    [14, 110, 16],
    [381, 397, 57],
    [222, 137, 47],
    [129, 123, 30],
    [336, 180, 65],
    [349, 377, 60],
    [296, 194, 48],
    [447, 221, 97],
    [687, 333, 105],
    [135, 292, 30],
    [237, 184, 43],
    [344, 328, 61],
    [336, 388, 66],
    [168, 293, 31],
    [204, 456, 32],
    [185, 99, 37],
    [360, 198, 68],
    [268, 262, 53],
    [260, 174, 55],
    [294, 146, 57],
    [242, 188, 36],
    [674, 478, 89],
    [357, 579, 64],
    [122, 91, 10],
    [158, 227, 18],
    [160, 338, 26],
    [390, 269, 82],
    [508, 277, 78],
    [205, 251, 39],
    [130, 105, 26],
    [122, 51, 34],
    [105, 152, 37],
    [440, 652, 93],
    [265, 477, 54],
    [118, 154, 37],
    [189, 371, 30],
    [56, 134, 17],
    [14, 117, 3],
    [153, 400, 27],
    [19, 149, 8],
    [89, 355, 23],
    [485, 716, 111],
    [29, 129, 9],
    [11, 99, 3],
    [18, 120, 11],
    [2, 32, 1],
    [81, 111, 26],
    [24, 42, 3],
    [99, 157, 21],
    [24, 175, 9],
    [149, 249, 23],
    [51, 57, 9],
    [31, 199, 14],
    [22, 133, 7],
    [47, 35, 9],
    [897, 1263, 208],
    [125, 129, 33],
    [618, 743, 184],
    [84, 96, 18]
  ],
  "W": [
    [10, 316, 98, 27, 8, 17],
    [11, 224, 43, 20, 7, 13],
    [0, 11, 64, 4, 2, 4],
    [1, 40, 93, 4, 0, 5],
    [0, 16, 109, 7, 3, 5],
    [23, 422, 305, 21, 28, 36],
    [17, 219, 112, 18, 16, 24],
    [18, 136, 97, 12, 7, 12],
    [12, 365, 121, 45, 15, 23],
    [20, 369, 293, 52, 23, 29],
    [10, 314, 142, 24, 24, 24],
    [42, 454, 145, 45, 23, 56],
    [29, 702, 230, 67, 24, 73],
    [10, 141, 247, 19, 16, 24],
    [14, 246, 128, 32, 23, 21],
    [16, 350, 278, 41, 15, 33],
    [35, 358, 310, 37, 22, 28],
    [8, 187, 251, 19, 13, 14],
    [15, 210, 391, 20, 25, 31],
    [13, 204, 66, 21, 4, 13],
    [15, 380, 136, 42, 30, 23],
    [24, 287, 199, 22, 21, 30],
    [20, 276, 128, 19, 17, 29],
    [20, 309, 91, 29, 12, 36],
    [17, 253, 139, 20, 19, 18],
    [30, 684, 344, 76, 47, 60],
    [20, 391, 466, 42, 38, 43],
    [7, 132, 67, 5, 6, 6],
    [8, 171, 184, 14, 14, 12],
    [5, 205, 259, 18, 18, 19],
    [30, 397, 190, 46, 27, 51],
    [24, 527, 195, 47, 22, 48],
    [15, 232, 196, 20, 10, 22],
    [17, 127, 79, 11, 9, 18],
    [19, 115, 35, 10, 17, 11],
    [15, 107, 126, 10, 11, 25],
    [16, 487, 512, 71, 44, 55],
    [21, 276, 426, 19, 29, 25],
    [10, 132, 133, 19, 7, 8],
    [20, 194, 318, 23, 10, 25],
    [5, 58, 119, 12, 9, 4],
    [0, 17, 109, 5, 1, 2],
    [16, 143, 355, 33, 11, 22],
    [4, 18, 136, 7, 3, 8],
    [4, 99, 305, 29, 13, 17],
    [56, 521, 589, 47, 61, 38],
    [1, 27, 115, 4, 11, 9],
    [2, 15, 89, 0, 2, 5],
    [6, 21, 100, 12, 5, 5],
    [0, 2, 28, 2, 2, 1],
    [13, 84, 89, 12, 10, 10],
    [1, 30, 35, 2, 1, 0],
    [5, 105, 127, 13, 14, 13],
    [3, 27, 152, 12, 5, 9],
    [5, 150, 191, 19, 37, 19],
    [6, 55, 42, 3, 4, 7],
    [6, 37, 179, 10, 7, 5],
    [0, 28, 110, 13, 8, 3],
    [2, 46, 31, 5, 2, 5],
    [67, 929, 1084, 109, 61, 118],
    [10, 140, 104, 12, 6, 15],
    [89, 689, 605, 57, 38, 67],
    [12, 88, 79, 6, 4, 9]
  ],
  "method": "mvn_pdf",
  "cond_prob": [
    [
      [0.17103591546, 0.062545290127, 0.76641879441],
      [0.88202005817, 0.066580089953, 0.051399851874],
      [9.5579963631e-05, 0.98960446643, 0.010299953611],
      [0.20734623332, 0.40665667263, 0.38599709406],
      [0.21811117594, 0.69099650216, 0.0908923219],
      [0.48345281878, 0.28507639916, 0.23147078206]
    ],
    [
      [0.17826295237, 0.048244325121, 0.77349272251],
      [0.90444939468, 0.043858805039, 0.051691800278],
      [0.0010410306429, 0.98571456477, 0.013244404584],
      [0.23492829914, 0.34293554442, 0.42213615644],
      [0.26518713122, 0.62841102573, 0.10640184305],
      [0.52636945353, 0.23089428778, 0.2427362587]
    ],
    [
      [0.020968365012, 0.045621634941, 0.93341000005],
      [0.55940733915, 0.22125553653, 0.21933712432],
      [0.0027307863335, 0.9934889494, 0.0037802642681],
      [0.033764100393, 0.4123999611, 0.55383593851],
      [0.039513956074, 0.82936596836, 0.13112007557],
      [0.11441615756, 0.4186411389, 0.46694270354]
    ],
    [
      [0.052938461882, 0.042611912697, 0.90444962542],
      [0.74523975515, 0.12091657563, 0.13384366922],
      [0.005949189238, 0.98937231144, 0.0046784993236],
      [0.082528147422, 0.36491310272, 0.55255874986],
      [0.10162286822, 0.75387287232, 0.14450425946],
      [0.25081682865, 0.32988953748, 0.41929363388]
    ],
    [
      [0.018934483112, 0.0087750817568, 0.97229043513],
      [0.63246123341, 0.060621479325, 0.30691728727],
      [0.022754283875, 0.97607355344, 0.0011721626822],
      [0.043763376308, 0.10588609208, 0.85035053161],
      [0.11045514355, 0.44654243156, 0.44300242489],
      [0.15253885166, 0.11144181325, 0.73601933509]
    ],
    [
      [0.15699700644, 0.095514715374, 0.74748827818],
      [0.84169226201, 0.10647197809, 0.0518357599],
      [0.00071106444962, 0.99267619588, 0.0066127396726],
      [0.16014162601, 0.52228342744, 0.31757494655],
      [0.14921609513, 0.78431840918, 0.066465495692],
      [0.40102874493, 0.39380221154, 0.20516904353]
    ],
    [
      [0.15530607491, 0.036519850989, 0.8081740741],
      [0.90393855871, 0.034847365176, 0.061214076116],
      [0.004443014059, 0.97718964087, 0.01836734507],
      [0.2248073272, 0.28869856276, 0.48649411004],
      [0.28047854572, 0.58394324092, 0.13557821336],
      [0.5152269239, 0.19844515824, 0.28632791786]
    ],
    [
      [0.15669508376, 0.070856829357, 0.77244808689],
      [0.86287114211, 0.082871930323, 0.05425692757],
      [0, 0.99068369899, 0.0093163010123],
      [0.18294865365, 0.44571850184, 0.37133284451],
      [0.18502871386, 0.73133509623, 0.083636189916],
      [0.44486902708, 0.32414233752, 0.2309886354]
    ],
    [
      [0.13056927085, 0.052539374462, 0.81689135469],
      [0.85942578702, 0.072268201748, 0.068306011232],
      [0.00035967020615, 0.98707510226, 0.012565227538],
      [0.17371153105, 0.37386163013, 0.45242683882],
      [0.19771804454, 0.68684782609, 0.11543412937],
      [0.43114986204, 0.27952416297, 0.28932597498]
    ],
    [
      [0.17189210566, 0.082768690401, 0.74533920394],
      [0.86404070804, 0.087783645032, 0.048175646931],
      [0, 0.99265381301, 0.0073461869874],
      [0.18569720108, 0.47861810385, 0.33568469507],
      [0.17989556837, 0.74705629224, 0.073048139394],
      [0.44611324458, 0.34601578761, 0.20787096781]
    ],
    [
      [0.14780270041, 0.055068511853, 0.79712878774],
      [0.87200636196, 0.067108827651, 0.060884810392],
      [0.00019584531387, 0.98763384744, 0.01217030725],
      [0.19089673692, 0.38102937059, 0.42807389249],
      [0.21167164313, 0.68207147098, 0.10625688588],
      [0.45927184105, 0.27577985272, 0.26494830622]
    ],
    [
      [0.15713883621, 0.054693021184, 0.7881681426],
      [0.87994532197, 0.062100954843, 0.057953723182],
      [0.00053669719352, 0.98723211839, 0.012231184416],
      [0.20151338534, 0.37627072147, 0.42221589319],
      [0.22311765902, 0.67180818894, 0.10507415203],
      [0.47548862699, 0.26743985059, 0.25707152241]
    ],
    [
      [0.17827543138, 0.059586770399, 0.76213779822],
      [0.89018768461, 0.059810636919, 0.050001678467],
      [0.00073521214803, 0.98834828253, 0.01091650532],
      [0.21864210829, 0.39059432228, 0.39076356943],
      [0.23359193574, 0.67243208749, 0.093975976773],
      [0.49991686828, 0.26926879269, 0.23081433903]
    ],
    [
      [0.14864292592, 0.088567566049, 0.76278950803],
      [0.8406603728, 0.10438073839, 0.054958888809],
      [0, 0.99232913545, 0.0076708645494],
      [0.15799056658, 0.50669119213, 0.33531824129],
      [0.15011117781, 0.77861384721, 0.071274974984],
      [0.39903577358, 0.38359956518, 0.21736466124]
    ],
    [
      [0.16678424672, 0.070388899394, 0.76282685388],
      [0.87095577788, 0.077427800492, 0.051616421628],
      [0, 0.99076251406, 0.009237485941],
      [0.19364281642, 0.43825168078, 0.3681055028],
      [0.19690775288, 0.71922732131, 0.083864925809],
      [0.46116432121, 0.31349678633, 0.22533889246]
    ],
    [
      [0.17059100496, 0.053788312705, 0.77562068233],
      [0.89077856903, 0.056273029079, 0.052948401892],
      [0.001464468041, 0.98594096033, 0.012594571628],
      [0.21820824799, 0.36835545331, 0.41343629869],
      [0.24092503032, 0.65661805616, 0.10245691352],
      [0.50092451584, 0.25455743693, 0.24451804722]
    ],
    [
      [0.16727084442, 0.084614478965, 0.74811467662],
      [0.85895501613, 0.091531557464, 0.049513426401],
      [0, 0.99270302015, 0.0072969798538],
      [0.17944516574, 0.4860808261, 0.33447400816],
      [0.17286140657, 0.75476832457, 0.072370268857],
      [0.43561437829, 0.35508448973, 0.20930113198]
    ],
    [
      [0.13793128432, 0.080475685413, 0.78159303027],
      [0.83685689801, 0.10244260574, 0.060700496242],
      [0, 0.99129640935, 0.0087035906475],
      [0.15424827134, 0.48423608762, 0.36151564104],
      [0.15147337639, 0.76919126357, 0.07933536004],
      [0.39317419633, 0.37028974312, 0.23653606056]
    ],
    [
      [0.18894743792, 0.11012007431, 0.70093248777],
      [0.85606823535, 0.10451828626, 0.039413478395],
      [0.0017412338544, 0.99525265273, 0.0030061134111],
      [0.17640957636, 0.55204308253, 0.27154734111],
      [0.1564213868, 0.78966194793, 0.053916665271],
      [0.4281261411, 0.40236003881, 0.16951382009]
    ],
    [
      [0.13406455771, 0.06237211041, 0.80356333188],
      [0.85089651123, 0.083960684984, 0.065142803785],
      [0, 0.98943316011, 0.010566839893],
      [0.16720390055, 0.4181374058, 0.41465869365],
      [0.17860771027, 0.72269316838, 0.098699121359],
      [0.4191199774, 0.31437969734, 0.26650032526]
    ],
    [
      [0.14086563593, 0.048256173198, 0.81087819087],
      [0.87490265094, 0.060444460216, 0.064652888843],
      [0.00091624723188, 0.98525486531, 0.013828887454],
      [0.19119833588, 0.35041376405, 0.45838790007],
      [0.22241901158, 0.65801454791, 0.11956644051],
      [0.46071730546, 0.25455592651, 0.28472676802]
    ],
    [
      [0.15112997398, 0.077301790345, 0.77156823567],
      [0.85160799147, 0.091971436829, 0.056420571702],
      [0, 0.9913683819, 0.0086316180952],
      [0.17050758416, 0.4675504306, 0.36194198524],
      [0.16944974247, 0.7498824689, 0.08066778863],
      [0.42172585433, 0.34776684475, 0.23050730092]
    ],
    [
      [0.13357101036, 0.052918881633, 0.81351010801],
      [0.86183808099, 0.071278340438, 0.066883578568],
      [0.00027836052394, 0.98727068594, 0.012450953536],
      [0.17681750823, 0.37553728488, 0.44764520688],
      [0.20010588415, 0.68660281955, 0.11329129629],
      [0.43670022774, 0.27898952624, 0.28431024602]
    ],
    [
      [0.14950001704, 0.062439015321, 0.78806096763],
      [0.86482848331, 0.075890865063, 0.059280651632],
      [0, 0.98938832254, 0.010611677462],
      [0.18411120797, 0.41196624219, 0.40392254984],
      [0.19600065679, 0.70765369301, 0.0963456502],
      [0.44685459458, 0.30077054718, 0.25237485823]
    ],
    [
      [0.18786829748, 0.079013983391, 0.73311771913],
      [0.87871370593, 0.078074152523, 0.043212141548],
      [0, 0.99271488553, 0.0072851144674],
      [0.20508852072, 0.46292864104, 0.33198283824],
      [0.19969235874, 0.72794574376, 0.072361897501],
      [0.47754145068, 0.32372725849, 0.19873129083]
    ],
    [
      [0.20688977788, 0.077839917774, 0.71527030435],
      [0.89145231165, 0.070630184697, 0.037917503657],
      [0.00098261710908, 0.99233562316, 0.0066817597339],
      [0.22458657707, 0.45109279438, 0.32432062855],
      [0.2194132522, 0.70933772106, 0.071249026737],
      [0.50534837503, 0.30613960842, 0.18851201655]
    ],
    [
      [0.14948507522, 0.098713276196, 0.75180164859],
      [0.83179820855, 0.11398986688, 0.054211924573],
      [0.0013763440631, 0.99205641943, 0.0065672365027],
      [0.15080154291, 0.5330540856, 0.31614437149],
      [0.13954213786, 0.79468356891, 0.065774293226],
      [0.38371061813, 0.40863157804, 0.20765780383]
    ],
    [
      [0.22773526737, 0.12316925419, 0.64909547844],
      [0.87527187315, 0.10049950919, 0.024228617661],
      [0.0020897391114, 0.99711858677, 0.0007916741161],
      [0.19580493179, 0.57744776453, 0.22674730368],
      [0.16534555807, 0.79222248941, 0.042431952519],
      [0.45980922409, 0.40406015585, 0.13613062006]
    ],
    [
      [0.19517270397, 0.11881770019, 0.68600959583],
      [0.85586306084, 0.10875789899, 0.035379040178],
      [0.0023947070446, 0.99566772943, 0.0019375635217],
      [0.17445848829, 0.57320000761, 0.2523415041],
      [0.15066576983, 0.80072221538, 0.048612014798],
      [0.42447243797, 0.41784036117, 0.15768720086]
    ],
    [
      [0.10527337733, 0.17273248695, 0.72199413572],
      [0.7156063037, 0.22124282802, 0.063150868274],
      [0.022588714812, 0.97140655212, 0.0060047330649],
      [0.079922144072, 0.69719878608, 0.22287906985],
      [0.063850780397, 0.89626644104, 0.039882778565],
      [0.22820795146, 0.60552035434, 0.1662716942]
    ],
    [
      [0.15755335743, 0.06034103352, 0.78210560905],
      [0.87380424015, 0.069472602245, 0.056723157608],
      [0.00012861691421, 0.98877689122, 0.011094491861],
      [0.19525719483, 0.40018541702, 0.40455738815],
      [0.20970419584, 0.69269025388, 0.097605550285],
      [0.46480067599, 0.28687001045, 0.24832931356]
    ],
    [
      [0.17424747866, 0.063048345686, 0.76270417565],
      [0.88360920293, 0.065829633103, 0.050561163966],
      [0.00035525565073, 0.98936771216, 0.010277032191],
      [0.2099574888, 0.40634020863, 0.38370230257],
      [0.2207791501, 0.688529356, 0.090691493904],
      [0.48669984249, 0.28379757396, 0.22950258355]
    ],
    [
      [0.13602056288, 0.095901026836, 0.76807841028],
      [0.82133631685, 0.11853691828, 0.060126764876],
      [0.0014535867472, 0.9911138991, 0.0074325141528],
      [0.14012399241, 0.53202724038, 0.32784876721],
      [0.13045420602, 0.8011337461, 0.068412047885],
      [0.36444277896, 0.41594150297, 0.21961571807]
    ],
    [
      [0.1987871889, 0.073270915582, 0.72794189552],
      [0.89061217426, 0.068831204761, 0.040556620981],
      [0, 0.99229170522, 0.0077082947806],
      [0.22242022304, 0.4419170303, 0.33566274666],
      [0.21940310138, 0.70678037405, 0.073816524565],
      [0.50509007178, 0.29998200102, 0.1949279272]
    ],
    [
      [0.15887915503, 0.029488671287, 0.81163217368],
      [0.91611216766, 0.021718678691, 0.062169153649],
      [0.0039398330941, 0.97519543646, 0.020864730451],
      [0.23700000847, 0.25909479404, 0.50390519749],
      [0.30796973874, 0.54691806096, 0.14511220031],
      [0.53500154292, 0.1746974494, 0.29030100769]
    ],
    [
      [0.10795180675, 0.048401504344, 0.84364668891],
      [0.84072234696, 0.079295338834, 0.079982314208],
      [0.001071656067, 0.98756602129, 0.011362322647],
      [0.15080074642, 0.36273067472, 0.48646857886],
      [0.17794654665, 0.69480282226, 0.12725063108],
      [0.3929193453, 0.28343678822, 0.32364386648]
    ],
    [
      [0.12720349511, 0.081657753044, 0.79113875184],
      [0.8232974352, 0.10997537446, 0.066727190333],
      [0.00076799741929, 0.99073329011, 0.0084987124676],
      [0.1423133709, 0.48811393422, 0.36957269487],
      [0.1406710122, 0.77713674251, 0.082192245294],
      [0.36967099245, 0.38236214635, 0.2479668612]
    ],
    [
      [0.15414170835, 0.059926547905, 0.78593174374],
      [0.87175164413, 0.070938832131, 0.05730952374],
      [0, 0.98873323336, 0.011266766639],
      [0.19216746256, 0.40016511453, 0.40766742291],
      [0.20680467428, 0.69488681178, 0.09830851394],
      [0.46044212008, 0.28828850785, 0.25126937207]
    ],
    [
      [0.090622534978, 0.03874403268, 0.87063343234],
      [0.8313023361, 0.075618718722, 0.093078945174],
      [0.0039634807798, 0.98451093876, 0.011525580462],
      [0.13808657848, 0.31582522417, 0.54608819735],
      [0.17853814579, 0.66480137749, 0.15666047672],
      [0.37016391612, 0.25458063069, 0.3752554532]
    ],
    [
      [0.20746708979, 0.1205673055, 0.67196560471],
      [0.86172816368, 0.10502846937, 0.033243366955],
      [0.0029652732663, 0.99636712819, 0.00066759854816],
      [0.18290934732, 0.57162499423, 0.24546565845],
      [0.15749075206, 0.79508828112, 0.047420966815],
      [0.43802460172, 0.41080505565, 0.15117034264]
    ],
    [
      [0.12706444088, 0.052102475375, 0.82083308375],
      [0.85957448947, 0.073834549763, 0.066590960764],
      [0, 0.98736616776, 0.012633832244],
      [0.17110727969, 0.37961958789, 0.44927313242],
      [0.19236325897, 0.69678168174, 0.11085505929],
      [0.43120017979, 0.28350989591, 0.2852899243]
    ],
    [
      [0.10195361643, 0.14365871469, 0.75438766888],
      [0.75134803721, 0.19366160025, 0.054990362541],
      [0.0022478346532, 0.99311760795, 0.0046345573972],
      [0.083856941582, 0.68113038933, 0.23501266909],
      [0.065338396814, 0.89454481921, 0.040116783977],
      [0.24872314279, 0.57886838167, 0.17240847554]
    ],
    [
      [0.24248945917, 0.10263546996, 0.65487507088],
      [0.89168653076, 0.079511225969, 0.028802243267],
      [0.0019123812073, 0.9974513437, 0.00063627508823],
      [0.22771131418, 0.51756053481, 0.25472815101],
      [0.20320947848, 0.74578422126, 0.05100630026],
      [0.50819644519, 0.34588073044, 0.14592282438]
    ],
    [
      [0.13428970014, 0.12230221887, 0.743408081],
      [0.80630591678, 0.14341606798, 0.050278015239],
      [0.0011766603967, 0.99404888234, 0.0047744572598],
      [0.12080023465, 0.61277061183, 0.26642915352],
      [0.10143188873, 0.84908028785, 0.049487823426],
      [0.32992644683, 0.48775234449, 0.18232120868]
    ],
    [
      [0.12522737266, 0.1221948025, 0.75257782483],
      [0.78368979498, 0.15692946198, 0.059380743042],
      [0.0033039874339, 0.99079026345, 0.005905749115],
      [0.11459106182, 0.60178970382, 0.28361923436],
      [0.099321043307, 0.84555087664, 0.055128080057],
      [0.31128060491, 0.49059475849, 0.1981246366]
    ],
    [
      [0.14700027242, 0.075252663832, 0.77774706375],
      [0.8496427931, 0.09176318821, 0.058594018687],
      [0, 0.99108208667, 0.0089179133307],
      [0.16816158424, 0.46007880511, 0.37175961065],
      [0.16942484707, 0.74631487195, 0.084260280981],
      [0.41751524757, 0.34423604449, 0.23824870794]
    ],
    [
      [0.12247763599, 0.061846686934, 0.81567567708],
      [0.84452779404, 0.091168724946, 0.06430348101],
      [0, 0.98830882144, 0.011691178559],
      [0.15621148899, 0.42978300513, 0.41400550588],
      [0.16414901434, 0.74129828323, 0.094552702436],
      [0.40497631235, 0.3275189042, 0.26750478345]
    ],
    [
      [0.075555167733, 0.24700781573, 0.67743701654],
      [0.58548491971, 0.36216596104, 0.052349119246],
      [0.015198766056, 0.98176963715, 0.0030315967951],
      [0.041070863614, 0.82416161988, 0.1347675165],
      [0.0281762336, 0.95150393202, 0.020319834376],
      [0.13151464453, 0.75859787652, 0.10988747894]
    ],
    [
      [0.09175206164, 0.14801111177, 0.76023682659],
      [0.70663618965, 0.22510075328, 0.068263057065],
      [0.0029679826016, 0.98850122827, 0.008530789128],
      [0.075178740515, 0.67546172041, 0.24935953908],
      [0.060276343156, 0.89512145885, 0.044602197997],
      [0.22196055708, 0.59070934885, 0.18733009408]
    ],
    [
      [0.070283931998, 0.12170061741, 0.80801545059],
      [0.78121966789, 0.17622584138, 0.042554490729],
      [0, 0.99066825944, 0.0093317405625],
      [0.065146674955, 0.72034584467, 0.21450748038],
      [0.044993002855, 0.92328122597, 0.031725771176],
      [0.2172813086, 0.62158291171, 0.16113577969]
    ],
    [
      [0.1286435854, 0.059518595276, 0.81183781932],
      [0.85020270044, 0.08322100042, 0.066576299142],
      [0, 0.98882181957, 0.011178180427],
      [0.16442185353, 0.41033972576, 0.42523842071],
      [0.17749076833, 0.72086021566, 0.10164901601],
      [0.41626366272, 0.30978734185, 0.27394899542]
    ],
    [
      [0.12102608983, 0.13696622934, 0.74200768083],
      [0.78226621656, 0.16694758874, 0.050786194701],
      [0.0038181363719, 0.98874624087, 0.0074356227618],
      [0.10041926221, 0.68048403995, 0.21909669784],
      [0.076514115878, 0.88751959834, 0.035966285783],
      [0.28579973214, 0.55810166049, 0.15609860737]
    ],
    [
      [0.13729643526, 0.07235447014, 0.7903490946],
      [0.84422439334, 0.094347806314, 0.061427800344],
      [0, 0.99010212105, 0.0098978789483],
      [0.16104056104, 0.45834487988, 0.38061455908],
      [0.16271737694, 0.75177287018, 0.085509752879],
      [0.40756815017, 0.34657192245, 0.24585992739]
    ],
    [
      [0.10628432162, 0.16044003325, 0.73327564513],
      [0.72364264302, 0.21766188547, 0.058695471505],
      [0.0043854794797, 0.99073088807, 0.0048836324508],
      [0.08270776109, 0.68828776435, 0.22900447456],
      [0.065413056688, 0.8941552906, 0.040431652709],
      [0.2396271529, 0.5911649312, 0.16920791591]
    ],
    [
      [0.18108711034, 0.092235445306, 0.72667744435],
      [0.86451948042, 0.092209389941, 0.043271129634],
      [0.00024683579053, 0.9941322735, 0.0056208907058],
      [0.18534361105, 0.50732963547, 0.30732675348],
      [0.17267079559, 0.76342446639, 0.063904738028],
      [0.44521835273, 0.36537798489, 0.18940366238]
    ],
    [
      [0.1679604722, 0.11492817886, 0.71711134894],
      [0.84076919398, 0.11671490975, 0.042515896268],
      [0.00052986467527, 0.99465277302, 0.0048173623086],
      [0.1537629109, 0.58551064077, 0.26072644833],
      [0.13093215478, 0.82010546677, 0.048962378451],
      [0.3918085471, 0.43982009063, 0.16837136227]
    ],
    [
      [0.089091100451, 0.10785491441, 0.80305398514],
      [0.74147522849, 0.17970780259, 0.078816968925],
      [0.0017411273884, 0.99034214568, 0.0079167269281],
      [0.088576131377, 0.58935479655, 0.32206907207],
      [0.078655104771, 0.85806253252, 0.063282362713],
      [0.2565722187, 0.50649040948, 0.23693737182]
    ],
    [
      [0.086840913418, 0.14805060684, 0.76510847975],
      [0.69645157155, 0.23296329063, 0.070585137823],
      [0.0041247966581, 0.98840490451, 0.0074702988283],
      [0.072202625076, 0.67617182251, 0.25162555241],
      [0.058178341962, 0.89674135895, 0.045080299091],
      [0.21385583421, 0.59610793388, 0.19003623191]
    ],
    [
      [0.15657113994, 0.032599859416, 0.81082900065],
      [0.9144162003, 0.02775930525, 0.057824494453],
      [0.0039734392254, 0.97594470554, 0.020081855236],
      [0.23798484796, 0.2715102759, 0.49050487614],
      [0.29899918813, 0.5692982487, 0.13170256316],
      [0.54252265488, 0.18148769821, 0.27598964691]
    ],
    [
      [0.14357933294, 0.058257871778, 0.79816279528],
      [0.86388560631, 0.073577708428, 0.06253668526],
      [0.00044381665396, 0.98816197261, 0.011394210733],
      [0.18203003318, 0.39413875402, 0.4238312128],
      [0.19971472211, 0.69555670554, 0.10472857235],
      [0.44343633484, 0.28970652477, 0.2668571404]
    ],
    [
      [0.099483716292, 0.050259432303, 0.8502568514],
      [0.82671260014, 0.088852586395, 0.084434813469],
      [0.001070321419, 0.98824734469, 0.010682333893],
      [0.13825268265, 0.37526383813, 0.48648347922],
      [0.16151667068, 0.7125321825, 0.12595114681],
      [0.3683968783, 0.30013070543, 0.33147241626]
    ],
    [
      [0.11025621362, 0.060373495776, 0.82937029061],
      [0.82539724891, 0.095653581324, 0.078949169766],
      [0.00107048031, 0.98903266459, 0.0098968551031],
      [0.14140594587, 0.41327675042, 0.44531730371],
      [0.15591972716, 0.73364697534, 0.1104332975],
      [0.37098154261, 0.32718387211, 0.30183458527]
    ],
    [
      [0.16892963675, 0.080015815444, 0.7510545478],
      [0.86476846135, 0.087448968247, 0.047782570402],
      [0, 0.99218676021, 0.0078132397945],
      [0.18580282646, 0.47803465205, 0.33616252149],
      [0.17861779114, 0.74978541534, 0.071596793522],
      [0.44932573742, 0.34379970878, 0.2068745538]
    ]
  ],
  "expected_outcome": [
    [
      [1.7103591546, 1.9608924761, 0, 0.052938461882, 0, 3.6109311482, 2.6402032735, 2.8205115076, 1.5668312502, 3.4378421132, 1.4780270041, 6.599831121, 5.1699875099, 1.4864292592, 2.3349794541, 2.7294560794, 5.8544795547, 1.1034502746, 2.8342115689, 1.7428392502, 2.112984539, 3.6271193755, 2.6714202072, 2.9900003409, 3.1937610572, 6.2066933364, 2.9897015043, 1.5941468716, 1.5613816318, 0.52636688663, 4.7266007229, 4.1819394879, 2.0403084432, 3.3793822112, 3.0187039455, 1.6192771012, 2.0352559218, 3.2369758754, 0.90622534978, 4.1493417957, 0.63532220439, 0, 3.8798313466, 0.53715880055, 0.50090949065, 8.2320152555, 0.12247763599, 0.15111033547, 0.55051236984, 0, 1.6723666102, 0.12102608983, 0.68648217628, 0.31885296486, 0.9054355517, 1.0077628332, 0.53454660271, 0, 0.31314227988, 9.6198153073, 0.99483716292, 9.8128030119, 2.0271556411],
      [0.62545290127, 0.53068757633, 0, 0.042611912697, 0, 2.1968384536, 0.62083746681, 1.2754229284, 0.63047249354, 1.655373808, 0.55068511853, 2.2971068897, 1.7280163416, 0.88567566049, 0.98544459152, 0.86061300328, 2.9615067638, 0.64380548331, 1.6518011147, 0.81083743533, 0.72384259797, 1.8552429683, 1.0583776327, 1.2487803064, 1.3432377176, 2.3351975332, 1.9742655239, 0.86218477932, 0.95054160155, 0.86366243475, 1.8102310056, 1.5131602965, 1.4385154025, 1.2456055649, 0.56028475445, 0.72602256517, 1.3065240487, 1.258457506, 0.3874403268, 2.4113461101, 0.26051237688, 0, 1.6421675193, 0.48920887546, 0.48877921002, 4.2141491746, 0.061846686934, 0.49401563146, 0.88806667062, 0, 0.77374173858, 0.13696622934, 0.3617723507, 0.48132009976, 0.46117722653, 0.68956907318, 0.64712948645, 0, 0.065199718832, 3.9032774091, 0.50259432303, 5.3732411241, 0.96018978532],
      [7.6641879441, 8.5084199476, 0, 0.90444962542, 0, 17.1922303982, 13.7389592597, 13.9040655639, 9.8026962562, 14.9067840788, 7.9712878774, 33.1030619893, 22.1019961485, 7.6278950803, 10.6795759544, 12.4099309173, 26.1840136816, 6.2527442421, 10.5139873165, 10.4463233145, 12.1631728631, 18.5176376562, 16.2702021601, 15.7612193527, 12.4630012252, 21.4581091304, 15.0360329718, 4.5436683491, 5.4880767667, 3.6099706786, 23.4631682715, 18.3049002157, 11.5211761543, 12.3750122239, 15.4210113, 12.6547003337, 12.6582200295, 16.5045666186, 8.7063343234, 13.4393120942, 4.1041654187, 0, 10.4780011341, 2.973632324, 3.0103112993, 43.5538355699, 0.81567567708, 1.3548740331, 4.5614209595, 0, 10.5538916512, 0.74200768083, 3.951745473, 2.1998269354, 3.6333872218, 4.3026680936, 4.8183239108, 0, 1.6216580013, 53.4769072836, 8.502568514, 73.8139558641, 9.0126545736]
    ],
    [
      [278.7183383827, 202.5966644091, 6.1534807307, 29.809590206, 10.1193797346, 355.1941345673, 197.9625443571, 117.3504753266, 313.6904122623, 318.8310212657, 273.8099976547, 399.4951761766, 624.9117545987, 118.5331125648, 214.2551213586, 311.7724991599, 307.5058957762, 156.4922399284, 179.7743294227, 173.582888291, 332.4630073576, 244.4114935515, 237.8673103543, 267.2320013415, 222.3145676002, 609.7533811657, 325.2330995416, 115.535887256, 146.3525834028, 146.699292259, 346.9002833382, 465.6620499449, 190.5500255087, 113.1077461308, 105.3528992809, 89.9572911245, 400.9458509439, 240.6034537798, 109.7319083658, 167.1752637536, 49.8553203895, 12.7729166325, 127.5111738994, 14.5135065021, 77.5852897029, 442.6638952064, 22.8022504392, 8.7822737957, 14.8393599827, 1.5624393358, 71.4170268368, 23.4679864969, 88.6435613009, 19.5383513616, 129.6779220637, 46.2423056689, 27.4345834541, 19.5006440033, 42.0631452136, 802.5497282638, 115.7397640191, 568.6987044988, 76.0996245989],
      [21.039308425, 9.8243723287, 2.4338109018, 4.8366630253, 0.9699436692, 44.931174755, 7.6315729735, 11.2705825239, 26.377893638, 32.3921650168, 21.0721718824, 28.1938334988, 41.9870671173, 14.7176841131, 19.047238921, 19.6955601778, 32.7682975723, 19.1567672743, 21.9488401144, 17.1279797368, 22.9688948821, 26.39580237, 19.6728219608, 23.4502773043, 19.7527605883, 48.3110463331, 44.5700379503, 13.2659352127, 18.5976007268, 45.3547797449, 27.5806230914, 34.6922166451, 27.50056504, 8.7415630046, 2.4976480495, 8.4846012552, 53.5580073638, 19.579117668, 9.9816708712, 20.3755230572, 4.2824038862, 3.2922472043, 11.3701053135, 2.5814892236, 15.5360167359, 47.8086210575, 2.4615555735, 5.4324894156, 4.727115819, 0.35245168276, 6.9905640353, 5.0084276621, 9.9065196629, 5.8768709077, 13.8314084912, 6.4193200363, 6.6491886957, 6.5229721376, 1.2769280415, 68.3536911296, 12.4393620953, 65.9053175324, 7.6955092058],
      [16.2423531923, 11.5789632622, 2.4127083675, 5.3537467687, 4.9106765962, 21.8746906777, 13.4058826694, 7.3789421495, 24.9316940997, 17.7768137175, 19.117830463, 26.3109903247, 35.1011782841, 7.7492033221, 12.6976397204, 18.5319406623, 17.7258066515, 11.3509927973, 8.2768304629, 13.2891319722, 24.5680977603, 16.1927040785, 18.4598676849, 18.3177213542, 10.9326718116, 25.9355725012, 21.196862508, 3.1981775313, 6.0498158704, 12.9459279962, 22.5190935704, 26.64573341, 13.9494094513, 5.1506908646, 7.1494526696, 8.5581076203, 32.4961416923, 15.8174285521, 12.2864207629, 6.4492131892, 3.8622757243, 0.9348361632, 4.1187207872, 0.9050042743, 5.8786935611, 30.5274837361, 1.7361939873, 0.78523678869, 1.4335241984, 0.085108981459, 5.5924091279, 1.523585841, 6.4499190362, 1.5847777306, 6.4906694451, 2.3383742947, 2.9162278502, 1.976383859, 2.6599267449, 58.0965806066, 11.8208738856, 54.3959779688, 4.2048661953]
    ],
    [
      [0.0093668364358, 0.044764317643, 0.17477032534, 0.55327459914, 2.4802169424, 0.21687465714, 0.4976175746, 0, 0.043520094944, 0, 0.027810034569, 0.07782109306, 0.16909879405, 0, 0, 0.4071221154, 0, 0, 0.68082243706, 0, 0.12460962354, 0, 0.035630147065, 0, 0, 0.33802028552, 0.64137633341, 0.14001252046, 0.4406260962, 5.8504771363, 0.0244372137, 0.069274851892, 0.28490300246, 0, 0.13789415829, 0.13502866445, 0.39321467868, 0, 0.52714294372, 0.94295689868, 0, 0.2450139772, 0.67889532858, 0.16002581396, 1.0077161673, 0, 0, 1.352690179, 0.29679826016, 0, 0, 0.13363477302, 0, 0.66659288092, 0.047145635992, 0.022254316361, 0.31166180252, 0.45372763239, 0.12317661599, 0.48109725289, 0.11131342758, 0.64764058756, 0],
      [96.9812377097, 42.3857262853, 63.5832927615, 92.0116249638, 106.3920173253, 302.7662397427, 109.4452397775, 96.0963188018, 119.436087373, 290.8475672127, 140.244006336, 143.1486571666, 227.3201049824, 245.1052964563, 126.8176017996, 274.0915869719, 307.7379362453, 248.8153987475, 389.1437872192, 65.3025885671, 133.9946616827, 197.282307999, 126.3706478003, 90.034337351, 137.987369089, 341.363454366, 462.2982914564, 66.8069453138, 183.2028622158, 251.5942969999, 187.8676093327, 192.9267038708, 194.2583242236, 78.3910447123, 34.1318402759, 124.433318682, 507.2554445379, 421.2003574119, 130.9399548549, 316.844746763, 117.4965739629, 108.2498192665, 354.0952270151, 135.1906479987, 302.1910303526, 583.7473490482, 113.6555144657, 87.3774977062, 98.850122827, 27.7387112642, 88.005141942, 34.6061184303, 125.7429693736, 150.5910949866, 189.8792642392, 41.7754164667, 177.2712440773, 108.7245394965, 30.2542858717, 1071.1675783127, 102.7777238475, 598.3647620751, 78.3827540562],
      [1.0093954538, 0.5695093971, 0.24193691316, 0.4351004371, 0.12776573236, 2.0168856002, 2.0571426479, 0.90368119819, 1.5203925321, 2.1524327873, 1.7281836295, 1.7735217404, 2.5107962235, 1.8947035437, 1.1823982004, 3.5012909127, 2.2620637547, 2.1846012525, 1.1753903438, 0.69741143294, 1.8807286938, 1.717692001, 1.5937220526, 0.965662649, 1.012630911, 2.2985253485, 3.0603322102, 0.053042165779, 0.35651168799, 1.5552258638, 2.1079534536, 2.0040212773, 1.4567727739, 0.60895528767, 0.73026556577, 1.4316526536, 4.3513407834, 4.7996425881, 1.5329022014, 0.21229633831, 1.5034260371, 0.50516675629, 0.22587765632, 0.64932618734, 1.8012534801, 5.2526509518, 1.3444855343, 0.26981211477, 0.8530789128, 0.26128873575, 0.99485805801, 0.26024679666, 1.2570306264, 0.74231213251, 1.0735901248, 0.20232921696, 1.4170941201, 0.82173287111, 0.62253751231, 12.3513244344, 1.1109627249, 5.9875973374, 0.61724594376]
    ],
    [
      [5.5983482995, 4.6985659828, 0.13505640157, 0.33011258969, 0.30634363416, 3.3629741462, 4.0465318895, 2.1953838438, 7.8170188974, 9.6562544559, 4.5815216861, 9.0681023402, 14.6490212555, 3.0018207651, 6.1965701256, 8.9465381677, 6.6394711324, 2.9307171554, 3.5281915273, 3.5112819116, 8.0303301068, 3.7511668514, 3.3595326564, 5.339225031, 4.1017704145, 17.0685798573, 6.3336648023, 0.97902465893, 2.442418836, 1.4385985933, 8.9818309622, 9.8680019738, 2.8024798483, 2.4466224534, 2.3700000847, 1.5080074642, 10.1042493341, 3.6511817886, 2.6236449912, 4.2069149884, 2.0532873562, 0.41928470791, 7.514473368, 0.84560164256, 3.3231407927, 7.9035944593, 0.62484595598, 0, 0.90214488618, 0.13029334991, 1.9730622424, 0.20083852441, 2.0935272935, 0.99249313308, 3.52152861, 0.4612887327, 0.88576131377, 0.93863412598, 1.1899242398, 19.8412736164, 1.6590321918, 8.0601389146, 1.1148169588],
      [10.9797301609, 6.8587108885, 1.6495998444, 1.4596524109, 0.74120264459, 10.9679519762, 5.1965741297, 5.348622022, 16.8237733558, 24.8881414002, 9.1447048942, 16.9321824661, 26.1698195926, 9.6271326504, 14.0240537848, 15.1025735858, 17.9849905657, 9.2004856649, 11.0408616505, 8.7808855219, 14.7173780902, 10.2861094732, 7.1352084128, 11.9470210236, 9.2585728207, 34.2830523726, 22.3882715951, 2.8872388227, 8.0248001066, 12.5495781494, 18.4085291828, 19.0979898055, 10.6405448076, 4.8610873333, 2.5909479404, 3.6273067472, 34.6560893298, 7.6031371761, 6.0006792592, 13.1473748674, 4.5554350547, 3.4056519466, 17.0794976487, 4.2893942828, 17.4519014108, 21.6237038402, 1.7191320205, 0, 8.1055406449, 1.4406916893, 4.9240767091, 1.3609680799, 5.9584834384, 8.2594531721, 9.6392630739, 1.7565319223, 5.8935479655, 8.7902336926, 1.3575513795, 42.961124188, 4.5031660576, 23.556774774, 2.8682079123],
      [10.4219215396, 8.4427231288, 2.215343754, 2.2102349994, 5.9524537213, 6.6690738776, 8.7568939808, 4.4559941341, 20.3592077468, 17.4556041439, 10.2737734197, 18.9997151937, 26.1811591519, 6.3710465845, 11.7793760896, 16.9508882465, 12.3755383019, 6.8687971798, 5.4309468222, 8.7078325666, 19.252291803, 7.9627236754, 8.5052589308, 11.7137539454, 6.6396567648, 24.6483677701, 13.2780636026, 1.1337365184, 3.5327810574, 4.0118232574, 18.609639855, 18.0340082206, 6.5569753442, 3.6922902133, 5.0390519749, 4.8646857886, 26.2396613361, 7.7456810353, 10.3756757496, 5.6457101443, 5.3912775891, 1.1750633454, 8.4060289833, 1.8650040746, 8.2249577965, 17.4727017005, 1.6560220235, 0, 2.9923144689, 0.42901496075, 5.1028610485, 0.43819339569, 4.9479892681, 2.7480536948, 5.8392083161, 0.78217934498, 3.2206907207, 3.2711321814, 2.4525243807, 46.1976021956, 5.8378017506, 25.3830863114, 2.0169751289]
    ],
    [
      [1.7448894075, 1.8563099185, 0.079027912147, 0, 0.33136543065, 4.1780506637, 4.4876567316, 1.295200997, 2.9657706681, 4.1375980724, 5.0801194352, 5.1317061575, 5.6062064577, 2.4017788449, 4.5288783162, 3.6138754547, 3.8029509446, 1.9691538931, 3.91053467, 0.71443084106, 6.6725703474, 3.5584445918, 3.4018000306, 2.3520078815, 3.794154816, 10.3124228534, 5.3026012386, 0.99207334841, 2.1093207776, 1.1493140471, 5.6620132876, 4.8571413022, 1.3045420602, 1.9746279125, 5.2354855585, 1.9574120132, 6.1895245366, 5.9973355542, 1.2497670205, 1.5749075206, 1.7312693307, 0.065338396814, 2.2353042633, 0.30429566618, 1.291173563, 10.3349156713, 1.8056391577, 0.056352467201, 0.30138171578, 0.089986005711, 1.7749076833, 0.076514115878, 2.2780432771, 0.32706528344, 6.3888194367, 0.52372861911, 0.5505857334, 0.46542673569, 0.59799837627, 12.1825980487, 0.9691000241, 5.9249496322, 0.71447116454],
      [5.5279720173, 4.3988771801, 1.6587319367, 0, 1.3396272947, 21.9609154569, 9.3430918547, 5.1193456736, 10.3027173914, 17.1822947215, 16.3697153036, 15.4515883457, 16.1383700997, 12.4578215554, 16.5422283902, 9.8492708424, 16.6049031406, 9.9994864264, 19.7415486982, 2.8907726735, 19.7404364372, 15.747531847, 11.6722479324, 8.4918443161, 13.8309691315, 33.3388728899, 30.1979756188, 4.7533349365, 11.2101110153, 16.1327959387, 18.7026368547, 15.1476458319, 8.011337461, 6.3610233665, 9.2976070363, 7.6428310449, 34.1940166704, 20.1517175416, 4.6536096424, 7.9508828112, 6.2710351357, 0.89454481921, 8.2036264339, 2.5472408635, 10.9921613963, 45.5252071889, 8.1542811155, 1.903007864, 4.4756072942, 1.8465624519, 7.2086021566, 0.88751959834, 10.5248201826, 4.470776453, 28.2467052563, 3.2804218671, 6.0064377276, 7.1739308716, 1.1385964974, 42.4289590381, 4.275193095, 27.8785850627, 2.9991416614],
      [0.7271385752, 0.74481290135, 0.26224015114, 0, 1.3290072747, 1.8610338794, 2.1692514137, 0.58545332941, 1.7315119405, 1.6801072061, 2.5501652612, 2.4167054968, 2.2554234425, 1.1403995997, 1.9288932936, 1.5368537029, 1.5921459148, 1.0313596805, 1.3479166318, 0.39479648543, 3.5869932153, 1.6940235612, 1.925952037, 1.1561478024, 1.3748760525, 3.3487042566, 2.4994231426, 0.25459171512, 0.68056820718, 0.71789001417, 2.6353498577, 1.9952128659, 0.68412047885, 0.66434872109, 2.4669074052, 1.3997569419, 3.616458793, 2.8509469043, 1.096623337, 0.47420966815, 0.99769553358, 0.040116783977, 0.56106930286, 0.14846347028, 0.71666504075, 5.1398771399, 1.0400797268, 0.040639668752, 0.22301098999, 0.063451542351, 1.0164901601, 0.035966285783, 1.1971365403, 0.20215826354, 2.364475307, 0.1958495138, 0.44297653899, 0.36064239272, 0.26340512633, 6.3884429132, 0.75570688087, 4.196465305, 0.28638717409]
    ],
    [
      [8.2186979192, 6.8428028958, 0.45766463024, 1.2540841432, 0.76269425828, 14.4370348174, 12.3654461737, 5.3384283249, 9.916446827, 12.9372840928, 11.0225241853, 26.6273631117, 36.4939313841, 9.576858566, 9.6844507455, 16.5305090228, 12.1972025921, 5.5044387486, 13.2719103741, 5.4485597062, 10.5964980257, 12.6517756298, 12.6643066044, 16.086765405, 8.5957461122, 30.3209025017, 16.4995565797, 2.7588553445, 5.0936692556, 4.3359510777, 23.7048344754, 23.3615924393, 8.0177411372, 9.0916212921, 5.8850169721, 9.8229836325, 20.3319045849, 11.511053002, 2.9613113289, 10.950615043, 1.7248007192, 0.49744628557, 11.1803217942, 2.6394115746, 5.2917702834, 15.8655794076, 3.6447868111, 0.65757322267, 1.1098027854, 0.2172813086, 4.1626366272, 0, 5.2983859522, 2.1566443761, 8.4591487019, 2.7426598297, 1.2828610935, 0.64156750263, 2.7126132744, 52.325487511, 5.5259531745, 24.855763355, 4.0439316367],
      [4.8462987858, 3.0016257411, 1.6745645556, 1.6494476874, 0.55720906626, 14.1768796156, 4.7626837977, 3.8897080502, 6.4290557483, 10.0344578407, 6.6187164653, 14.9766316332, 19.6566218664, 9.2063895643, 6.5834325129, 8.4003954188, 9.9423657124, 5.1840564036, 12.473161203, 4.0869360654, 5.8547863098, 10.4330053425, 8.0906962611, 10.8277396986, 5.8270906529, 18.3683765051, 17.5711578556, 2.4243609351, 5.0140843341, 11.5048867324, 14.6303705328, 13.6222835501, 9.1507130653, 5.3996760184, 1.9216719434, 7.0859197055, 21.0299180493, 7.2072126963, 2.0366450455, 10.2701263911, 1.1340395836, 1.1577367633, 7.6093760696, 3.9020187559, 8.3401108944, 13.0809696906, 2.9476701378, 3.7929893826, 2.9535467442, 0.62158291171, 3.0978734185, 0, 4.5054349918, 5.3204843808, 6.9421817129, 3.0787406344, 2.5324520474, 1.7883238016, 0.90743849106, 34.1853699223, 4.5019605815, 21.9213194317, 3.094197379],
