{
  "X": [
    [11, 18, 26, 87, 177, 9],
    [2, 12, 25, 71, 256, 9],
    [12, 79, 48, 269, 266, 14],
    [58, 276, 267, 1245, 1619, 85],
    [2, 28, 20, 154, 80, 11],
    [1, 6, 25, 50, 99, 7],
    [3, 30, 13, 107, 81, 6],
    [6, 19, 12, 88, 45, 11],
    [39, 35, 156, 582, 397, 31],
    [3, 6, 14, 45, 38, 6],
    [7, 9, 24, 68, 185, 2],
    [28, 50, 107, 415, 547, 18],
    [12, 29, 51, 133, 399, 13],
    [2, 4, 20, 93, 89, 4],
    [98, 164, 189, 992, 1469, 38],
    [8, 9, 6, 64, 52, 5],
    [97, 111, 139, 732, 1384, 50],
    [0, 5, 2, 9, 31, 1],
    [22, 20, 47, 137, 195, 11],
    [4, 0, 13, 15, 162, 2],
    [6, 32, 23, 97, 104, 7],
    [6, 27, 63, 201, 136, 25],
    [17, 46, 63, 221, 180, 19],
    [11, 115, 52, 210, 432, 13],
    [0, 40, 37, 128, 135, 9],
    [6, 17, 14, 79, 111, 5],
    [11, 80, 54, 297, 210, 12],
    [6, 43, 29, 226, 110, 15],
    [5, 26, 28, 87, 202, 3],
    [6, 13, 20, 49, 197, 5],
    [20, 82, 65, 302, 332, 20],
    [5, 21, 28, 37, 163, 1],
    [9, 41, 55, 240, 310, 21],
    [3, 63, 21, 110, 125, 7],
    [14, 43, 59, 229, 271, 13],
    [17, 94, 21, 148, 230, 7],
    [0, 2, 1, 11, 12, 2],
    [18, 21, 68, 241, 184, 16],
    [8, 12, 39, 143, 89, 7],
    [6, 6, 10, 37, 51, 5],
    [7, 17, 25, 60, 55, 9],
    [4, 1, 6, 12, 32, 4],
    [2, 9, 6, 40, 69, 2],
    [18, 17, 29, 101, 184, 14],
    [0, 1, 2, 16, 8, 6],
    [2, 4, 15, 31, 25, 7],
    [46, 39, 36, 195, 399, 9],
    [3, 4, 8, 25, 20, 5],
    [1, 1, 4, 14, 16, 0],
    [7, 19, 26, 94, 99, 7],
    [6, 18, 39, 152, 201, 12],
    [9, 5, 8, 33, 102, 1],
    [9, 8, 11, 42, 146, 3],
    [4, 3, 7, 11, 88, 1],
    [9, 16, 45, 73, 376, 8],
    [1, 6, 5, 38, 53, 1],
    [7, 17, 15, 30, 186, 5],
    [11, 25, 24, 46, 158, 6],
    [1, 1, 2, 8, 29, 0],
    [1, 0, 1, 19, 1, 2],
    [3, 6, 5, 28, 21, 5],
    [2, 7, 9, 27, 67, 4],
    [0, 4, 5, 28, 7, 4],
    [2, 9, 21, 57, 90, 8],
    [7, 18, 12, 25, 83, 3],
    [9, 3, 7, 45, 37, 8],
    [1, 3, 6, 12, 119, 2],
    [0, 5, 1, 17, 12, 1],
    [3, 5, 11, 34, 24, 3],
    [3, 3, 33, 68, 56, 3],
    [0, 0, 1, 5, 7, 1],
    [4, 2, 11, 21, 47, 2],
    [1, 4, 5, 10, 25, 4],
    [1, 3, 3, 5, 15, 1],
    [23, 24, 29, 186, 159, 9],
    [14, 11, 27, 68, 287, 9],
    [23, 22, 40, 149, 230, 12],
    [9, 25, 29, 129, 163, 11],
    [23, 21, 22, 146, 157, 10],
    [9, 6, 10, 47, 106, 4],
    [43, 28, 38, 183, 352, 11],
    [28, 28, 32, 144, 195, 7],
    [1, 3, 3, 7, 36, 0],
    [0, 2, 2, 11, 8, 2],
    [26, 95, 20, 208, 279, 14],
    [97, 260, 153, 981, 895, 100],
    [73, 162, 111, 572, 638, 57],
    [0, 1, 2, 8, 0, 0]
  ],
  "W": [
    [17, 88, 171, 39, 13],
    [6, 72, 258, 32, 7],
    [53, 289, 263, 51, 32],
    [172, 1321, 1646, 275, 136],
    [14, 171, 76, 23, 11],
    [3, 50, 109, 18, 8],
    [32, 101, 85, 14, 8],
    [12, 108, 42, 14, 5],
    [25, 575, 362, 214, 64],
    [5, 53, 30, 15, 9],
    [14, 70, 178, 29, 4],
    [63, 405, 509, 137, 51],
    [14, 143, 387, 57, 36],
    [6, 96, 82, 19, 9],
    [149, 1053, 1380, 254, 114],
    [8, 63, 50, 11, 12],
    [110, 734, 1330, 231, 108],
    [2, 12, 25, 5, 4],
    [13, 154, 174, 73, 18],
    [0, 15, 158, 15, 8],
    [8, 120, 110, 22, 9],
    [15, 228, 139, 59, 17],
    [32, 239, 175, 72, 28],
    [55, 258, 425, 54, 41],
    [11, 143, 136, 48, 11],
    [8, 80, 108, 18, 18],
    [39, 322, 215, 60, 28],
    [19, 254, 101, 36, 19],
    [10, 97, 196, 35, 13],
    [5, 53, 193, 27, 12],
    [25, 341, 333, 84, 38],
    [4, 50, 166, 28, 7],
    [17, 271, 296, 71, 21],
    [24, 130, 135, 18, 22],
    [19, 247, 275, 64, 24],
    [49, 164, 237, 30, 37],
    [2, 11, 11, 2, 2],
    [18, 261, 157, 81, 31],
    [5, 133, 87, 59, 14],
    [12, 34, 46, 15, 8],
    [7, 68, 60, 24, 14],
    [0, 12, 31, 10, 6],
    [4, 37, 70, 8, 9],
    [12, 113, 181, 42, 15],
    [0, 19, 7, 5, 2],
    [2, 40, 17, 19, 6],
    [36, 201, 373, 71, 43],
    [3, 26, 18, 15, 3],
    [2, 13, 15, 6, 0],
    [10, 101, 95, 32, 14],
    [19, 158, 196, 46, 9],
    [4, 36, 92, 18, 8],
    [5, 44, 130, 30, 10],
    [0, 13, 77, 17, 7],
    [7, 76, 375, 49, 20],
    [0, 43, 49, 6, 6],
    [11, 35, 178, 21, 15],
    [9, 63, 154, 31, 13],
    [1, 5, 30, 3, 2],
    [0, 20, 2, 1, 1],
    [3, 29, 16, 8, 12],
    [5, 33, 69, 7, 2],
    [1, 29, 7, 9, 2],
    [4, 59, 86, 29, 9],
    [3, 41, 77, 16, 11],
    [1, 52, 36, 11, 9],
    [3, 17, 110, 10, 3],
    [4, 18, 9, 5, 0],
    [2, 34, 26, 13, 5],
    [6, 69, 48, 39, 4],
    [1, 4, 6, 2, 1],
    [1, 21, 42, 14, 9],
    [1, 14, 24, 4, 6],
    [2, 6, 13, 5, 2],
    [19, 195, 148, 44, 24],
    [7, 72, 271, 46, 20],
    [13, 162, 203, 67, 31],
    [13, 150, 150, 43, 10],
    [27, 146, 146, 37, 23],
    [2, 52, 107, 12, 9],
    [27, 188, 335, 68, 37],
    [16, 171, 189, 43, 15],
    [3, 6, 31, 9, 1],
    [1, 12, 7, 4, 1],
    [85, 222, 267, 19, 49],
    [167, 1116, 843, 184, 176],
    [99, 653, 618, 148, 95],
    [0, 8, 0, 2, 1]
  ],
  "method": "mult",
  "cond_prob": [
    [
      [0.11462193661, 0.51136970538, 0.00010558791214, 0.31460447088, 0.058639718694, 0.0006585805185],
      [0.0039725742421, 0.069131072335, 0.036649838676, 0.80472993989, 0.02695720614, 0.05855936872],
      [0.0064939223514, 0.0056392652666, 0.012011365398, 0.012742172231, 0.96194709833, 0.001166176427],
      [0.098367487758, 0, 0.52660233559, 0.17230453089, 0.17697575416, 0.025749891598],
      [0.28884983074, 0.1737589448, 0.013968048525, 0.14897700991, 0.17199095506, 0.20245521096]
    ],
    [
      [0.030572501281, 0.5747719881, 0.00030560198309, 0.33332807705, 0.060175118842, 0.00084671274276],
      [0.00088280795985, 0.071611837532, 0.038884881754, 0.78997018091, 0.02279885092, 0.075851440921],
      [0.0013124757793, 0.0073903385517, 0.013169847017, 0.020127131871, 0.95722662485, 0.00077358192768],
      [0.02553501551, 0, 0.58367899715, 0.17857962584, 0.1770711657, 0.035135195799],
      [0.085323367405, 0.21265834611, 0.017558066089, 0.1735472089, 0.19524078659, 0.3156722249]
    ],
    [
      [0.050104602827, 0.63306946374, 0.00028795328284, 0.27183585634, 0.044490667882, 0.00021145592872],
      [0.0014779429608, 0.10771264642, 0.042946743541, 0.80843707012, 0.0080154667624, 0.031410130196],
      [0.0029450327695, 0.017361188854, 0.016966630194, 0.024149510172, 0.93857763801, 0],
      [0.050186642263, 0.0010349938829, 0.59787315884, 0.17378298755, 0.16315524842, 0.01396696904],
      [0.17447713002, 0.30311207029, 0.019355460971, 0.17937915029, 0.19245900755, 0.13121718088]
    ],
    [
      [0.058992318658, 0.59328568181, 0.00069093485315, 0.29799599061, 0.04859908106, 0.00043599300511],
      [0.0019155417344, 0.089472928865, 0.04759594551, 0.81225481612, 0.0066722596986, 0.04208850807],
      [0.0034806956124, 0.012463463131, 0.021446961695, 0.030075671747, 0.93182188319, 0.00071132462859],
      [0.052590506675, 0.00031572427035, 0.60340981762, 0.17068845888, 0.15494525164, 0.018050240912],
      [0.18478879593, 0.25852528831, 0.020349385229, 0.17876614433, 0.18704514022, 0.17052524598]
    ],
    [
      [0.025681743842, 0.62030458619, 0, 0.30376571851, 0.049801469108, 0.00044648234767],
      [0, 0.089547715555, 0.032103567051, 0.82590650025, 0.005129885876, 0.047312331266],
      [0.0010464829633, 0.011430699715, 0.012842762043, 0.025160340378, 0.94913339987, 0.00038631502922],
      [0.025637995905, 0.00014051439578, 0.57998118453, 0.19435215413, 0.17667930601, 0.023208845035],
      [0.088295361381, 0.28464649308, 0.017697534093, 0.19408936219, 0.20252786538, 0.21274338387]
    ],
    [
      [0.025323418829, 0.51562303012, 0.0017406533597, 0.39684171522, 0.059484212833, 0.00098696963171],
      [0, 0.043177033314, 0.084004487461, 0.79984981614, 0, 0.072968663087],
      [0.0014330953239, 0.0080934350723, 0.067055309789, 0.044731042968, 0.87709697698, 0.0015901398693],
      [0.012779888652, 0, 0.73305805934, 0.13200409065, 0.097838440724, 0.024319520643],
      [0.067223044683, 0.17651185263, 0.03630997898, 0.19565334154, 0.18211061724, 0.34219116493]
    ],
    [
      [0.039046985197, 0.58380529676, 0, 0.34068351863, 0.035806910158, 0.00065728925971],
      [0, 0.061367370878, 0.034266402665, 0.86372998803, 0, 0.040636238423],
      [0.0019788926256, 0.035304157083, 0.014717588345, 0.050981481191, 0.89589036689, 0.0011275138681],
      [0.037306277315, 0.00028607526031, 0.58160168548, 0.20384110995, 0.15717034932, 0.019794502674],
      [0.13250033976, 0.26440845493, 0.018209340599, 0.20927464649, 0.18788909988, 0.18771811834]
    ],
    [
      [0.12315181896, 0.57745987592, 0.00013766812866, 0.25160456348, 0.046689491071, 0.00095658244364],
      [0.0083670743073, 0.097904538599, 0.037000319063, 0.75630541968, 0.015020455759, 0.085402192592],
      [0.009507426452, 0.012814309759, 0.014100326458, 0.01276428944, 0.94915085229, 0.0016627955973],
      [0.12018588215, 0.00073537186648, 0.52510498591, 0.15613328163, 0.16230452615, 0.035535952291],
      [0.30732397725, 0.18965902085, 0.011726001929, 0.1155587627, 0.13618354455, 0.23954869272]
    ],
    [
      [0.12267635072, 0.3433252668, 0.00068890285228, 0.4601160927, 0.072762569516, 0.00043081740966],
      [0, 0.03176514727, 0.046381118396, 0.88099018199, 0.0088116094638, 0.03205194288],
      [0.0028539411217, 0.0023343741351, 0.01984264862, 0.026504606847, 0.94829649125, 0.00016793802731],
      [0.074718591772, 0, 0.56444979837, 0.19018126941, 0.15656581157, 0.014084528872],
      [0.29547165479, 0.11416976895, 0.020911542161, 0.2130356829, 0.20821635644, 0.14819499475]
    ],
    [
      [0.082516354796, 0.48176024879, 0.0017613947897, 0.35252492554, 0.081042629111, 0.00039444697062],
      [0.0013052100392, 0.04264113607, 0.071882896244, 0.75436389095, 0.066041894311, 0.063764972388],
      [0, 0, 0.016691569407, 0, 0.98330843059, 0],
      [0.048942320965, 0, 0.63093193591, 0.12628922723, 0.17421475932, 0.019621756584],
      [0.19823414216, 0.14791317159, 0.024074822696, 0.15130563819, 0.22023246094, 0.25823976442]
    ],
    [
      [0.13980242508, 0.40869673847, 0.00078590050831, 0.37598844751, 0.074520318849, 0.00020616958338],
      [0.013832517372, 0.038877936936, 0.066508236761, 0.82298455365, 0.037515957406, 0.020280797871],
      [0, 0, 0.013857662153, 0, 0.98614233785, 0],
      [0.090999410043, 0, 0.57877341912, 0.15204098614, 0.17016687645, 0.0080193082419],
      [0.35887673539, 0.13919751898, 0.020581950428, 0.17951359529, 0.21560574096, 0.08622445896]
    ],
    [
      [0.094828002173, 0.42097192925, 0.00076756555977, 0.41041215665, 0.072805805292, 0.00021454107456],
      [0.0001769989759, 0.038201672496, 0.048015554718, 0.85502812191, 0.03270526278, 0.025872389123],
      [0, 0, 0.015909564795, 0.014682172934, 0.96940826227, 0],
      [0.064500273516, 0, 0.57163923189, 0.17955067249, 0.17511767291, 0.0091921491982],
      [0.25720811385, 0.1570017862, 0.021427459989, 0.21148973735, 0.2303465913, 0.12252631132]
    ],
    [
      [0.06659179343, 0.56733374698, 0.00053234776492, 0.30436790841, 0.06079594877, 0.00037825464268],
      [0.0059595160213, 0.078822620547, 0.05068906066, 0.7929396938, 0.031785743358, 0.03980336561],
      [0.00050818644459, 0.0041230301707, 0.020973221515, 0.0017217741377, 0.97267378773, 0],
      [0.052282113503, 0, 0.61143427557, 0.15103609553, 0.16859844883, 0.016649066565],
      [0.19552098548, 0.22750222578, 0.021545028429, 0.16869691754, 0.21023966614, 0.17649517663]
    ],
    [
      [0.060951320547, 0.28145761837, 0.0011430799256, 0.55866590849, 0.097465077743, 0.00031699492111],
      [0, 0.015192721837, 0.05949595407, 0.86704673434, 0.034066870701, 0.024197719048],
      [0, 0, 0.019353604928, 0.010974196376, 0.9696721987, 0],
      [0.011838461437, 0, 0.65301220392, 0.16450109684, 0.16004246309, 0.010605774715],
      [0.15659570105, 0.094750332597, 0.03192249457, 0.26512367879, 0.28787365052, 0.16373414247]
    ],
    [
      [0.1299165065, 0.47751354448, 0.00015921391379, 0.32860507026, 0.063601860734, 0.00020380410622],
      [0.0034454041165, 0.06426398864, 0.037145718326, 0.83136195363, 0.039877623317, 0.023905311969],
      [0.00522641927, 0.0035244286476, 0.012111805012, 0.002669622084, 0.97646772499, 0],
      [0.11015843305, 0, 0.51728879707, 0.17607548828, 0.18660445186, 0.0098728297318],
      [0.34931341586, 0.17821745878, 0.015405178554, 0.16847767419, 0.19832626443, 0.090260008185]
    ],
    [
      [0.15170597332, 0.43680538999, 0, 0.35657433288, 0.054167320508, 0.00074698330124],
      [0.0040574560414, 0.055144857521, 0.017246826358, 0.8736101376, 0.0054367399021, 0.044503982576],
      [0.0079412943473, 0.0066763065001, 0.0044792263088, 0.033539799036, 0.94512666348, 0.0022367103299],
      [0.14796690835, 0, 0.41763830315, 0.22238149616, 0.18929771582, 0.02271557652],
      [0.3755026478, 0.14146796094, 0.0079556074451, 0.16556502154, 0.15712823118, 0.15238053109]
    ],
    [
      [0.14913026981, 0.43824519182, 0, 0.34870770109, 0.06346024592, 0.00045659135791],
      [0.0041572127509, 0.056743836861, 0.028963384628, 0.83900916797, 0.030895264421, 0.040231133365],
      [0.0065018283533, 0.0039826507403, 0.007091584804, 0.011792690468, 0.97003059813, 0.00060064750135],
      [0.13006590408, 0, 0.46337921138, 0.19385168618, 0.19369228404, 0.019010914326],
      [0.35973722786, 0.14672339962, 0.011745093204, 0.16060560886, 0.1801725531, 0.14101611736]
    ],
    [
      [4.9303806576e-32, 0.77721790711, 0, 0.16470318592, 0.05807890697, 0],
      [0, 0.146424109, 0, 0.60745508929, 0.22644435884, 0.019676442875],
      [0, 0, 0, 0, 1, 0],
      [0, 0, 0.39571522099, 0.17136604447, 0.41302485562, 0.019893878909],
      [0, 0.42211871946, 0.0053559737565, 0.13107558357, 0.27534640048, 0.16610332274]
    ],
    [
      [0.16294187573, 0.47515609116, 0.00040860910219, 0.29828836198, 0.062782033885, 0.00042302813852],
      [0.018426897633, 0.067137990094, 0.042233683983, 0.77961154187, 0.046554169079, 0.046035717344],
      [0.0015870046114, 0.0042122321532, 0.014993609213, 0, 0.97920221503, 4.9389907079e-06],
      [0.13462098202, 0, 0.51549621545, 0.14638890752, 0.18526887283, 0.018225022182],
      [0.38558571612, 0.15282177476, 0.013921612077, 0.13198242211, 0.17270435496, 0.14298411998]
    ],
    [
      [0.22341709337, 0, 0.00092899595669, 0.63105032983, 0.14365900928, 0.00094457157147],
      [0.0092228832674, 0, 0.16997040549, 0.77489829792, 0.03391365443, 0.011994758896],
      [0, 0, 0.0069528326148, 0, 0.99304716739, 0],
      [0.07374912894, 0, 0.61027600053, 0.13080398102, 0.16996712261, 0.015203766901],
      [0.34442747711, 0, 0.024719544577, 0.17680822699, 0.25504198719, 0.19900276413]
    ],
    [
      [0.06456866805, 0.71646262945, 0.0005781059631, 0.18616142999, 0.031865981454, 0.00036318509507],
      [0, 0.16204347057, 0.053754291562, 0.74063653063, 0, 0.043565707244],
      [0.015192652876, 0.033176497737, 0.024328024121, 0.021432091622, 0.90430483258, 0.0015659010654],
      [0.077551332317, 0.0025073568817, 0.62331444323, 0.14287093064, 0.13676884793, 0.016987089003],
      [0.23401439203, 0.34650065489, 0.017317751161, 0.12595937024, 0.14029176782, 0.13591606386]
    ],
    [
      [0.052719058014, 0.54737858352, 0.0019452049611, 0.34287704224, 0.054091863563, 0.0009882476981],
      [0, 0.050818527591, 0.077885713007, 0.79316148754, 0, 0.078134271867],
      [0.0061336872794, 0.028201151223, 0.037281718578, 0.025299270404, 0.90129215966, 0.0017920128525],
      [0.034479514583, 0, 0.67096648262, 0.1463337501, 0.11912559158, 0.029094661117],
      [0.13660824927, 0.19310217273, 0.02609988254, 0.16857266861, 0.16944717353, 0.30616985332]
    ],
    [
      [0.087107058306, 0.56631500939, 0.0017140085683, 0.29638944918, 0.047879641983, 0.00059483257584],
      [0.0041916921119, 0.083192656288, 0.058039269747, 0.8027717416, 0.0010136474297, 0.050790992826],
      [0.0063112127655, 0.010388132521, 0.026734615791, 0.021669993815, 0.93377639189, 0.0011196532129],
      [0.072229973823, 0.00010053211183, 0.60860706353, 0.1581264744, 0.14065836389, 0.020277592234],
      [0.24663354894, 0.22034690513, 0.020553568516, 0.15984772535, 0.16740424782, 0.18521400425]
    ],
    [
      [0.032350139216, 0.74001075253, 0, 0.18676443722, 0.040825529352, 4.9141682308e-05],
      [0.0069196083496, 0.16949243451, 0.045902034236, 0.72089725939, 0.027306594294, 0.029482069212],
      [0, 0.032448456021, 0.013803151828, 0, 0.95374839215, 0],
      [0.04011169623, 0.0022409574562, 0.62107515633, 0.14701737188, 0.17649510205, 0.013059716051],
      [0.12852321445, 0.40631109743, 0.018362858492, 0.14140304751, 0.19111444836, 0.11428533376]
    ],
    [
      [0, 0.75422566545, 0, 0.21114946356, 0.034298124725, 0.00032674626005],
      [0, 0.15197891006, 0.035047995165, 0.7711887389, 0, 0.041784355876],
      [5.0980498528e-34, 0.035846209035, 0.011459952999, 0.0341360174, 0.91782723632, 0.00073058424141],
      [0, 0.0041820626354, 0.62968133182, 0.18425291465, 0.16169473073, 0.020188960168],
      [8.3266726847e-17, 0.44497364602, 0.018625377836, 0.17370254261, 0.18516994662, 0.17752848691]
    ],
    [
      [0.068169161389, 0.57870639503, 2.6728328942e-05, 0.30201157759, 0.050837214976, 0.0002489226865],
      [0.0011154093035, 0.084247106877, 0.033427053914, 0.83349081026, 0.017716564086, 0.030003055561],
      [0.0014049696093, 0.010108692872, 0.010768570608, 0.028748711193, 0.94896905572, 0],
      [0.067288469921, 5.5320480433e-05, 0.54892291622, 0.19184246471, 0.17734299099, 0.014547837679],
      [0.22236026601, 0.25210253838, 0.015666874594, 0.18592318805, 0.19417473877, 0.12977239419]
    ],
    [
      [0.046529923489, 0.65945384457, 0.00022859853497, 0.25659007549, 0.036968614807, 0.00022894310048],
      [0, 0.11215139573, 0.041806870795, 0.82045761435, 0, 0.025584119132],
      [0.005846036385, 0.03971972361, 0.017706957124, 0.031839038696, 0.90450897457, 0.00037926961418],
      [0.050871183474, 0.0021284544924, 0.60307069924, 0.18100158466, 0.15135144796, 0.011576630171],
      [0.17414871974, 0.33932509973, 0.019215518756, 0.18214810131, 0.17884670042, 0.10631586005]
    ],
    [
      [0.046757485283, 0.61790687832, 0, 0.28626026718, 0.048688389038, 0.00038698018589],
      [0.00042945027371, 0.097131957806, 0.029878403822, 0.8189618137, 0.010910420854, 0.042687953544],
      [0.0025453920422, 0.012496009188, 0.011860805125, 0.021283454173, 0.95143032574, 0.00038401373114],
      [0.04948011995, 0.0004380426004, 0.55322876071, 0.19390036438, 0.18200561639, 0.020947095964],
      [0.15600834188, 0.27949397724, 0.015616248739, 0.17972169761, 0.19247413797, 0.17668559657]
    ],
    [
      [0.044730681742, 0.67465740948, 0.00014230410187, 0.23366108818, 0.046695991955, 0.00011252454348],
      [0.0026883225882, 0.12207787904, 0.042929363251, 0.7832264629, 0.031435175422, 0.017642796805],
      [0.001630180329, 0.014478267768, 0.013125122196, 0.0041223219208, 0.96664410779, 0],
      [0.049103237367, 0.00029554314227, 0.60036560551, 0.16223432083, 0.17997022172, 0.0080310714211],
      [0.1733690184, 0.35106054972, 0.019162198479, 0.16955737626, 0.209432706, 0.077418151135]
    ],
    [
      [0.074593147229, 0.61371622822, 0.00022259535424, 0.25807545694, 0.053001492215, 0.00039108003978],
      [0.0048179979992, 0.097364554091, 0.041442718187, 0.78020218687, 0.030648821439, 0.045523721409],
      [0.0034767425604, 0.009254724941, 0.011792213121, 0.0016789170807, 0.9737974023, 0],
      [0.072478846423, 0, 0.56793857462, 0.15813161755, 0.18166195462, 0.019789006796],
      [0.22864501686, 0.24874463154, 0.016015359366, 0.14711017839, 0.18856946538, 0.17091534847]
    ],
    [
      [0.065011089972, 0.66743793069, 8.8109026076e-05, 0.22815289375, 0.038962184516, 0.00034779203889],
      [0.0038722565098, 0.13262696845, 0.037067159882, 0.78449926069, 0.0035774735428, 0.03835688093],
      [0.0060755857674, 0.023645192909, 0.013663166509, 0.025019596351, 0.93044159875, 0.0011548597091],
      [0.077891989674, 0.002207844265, 0.56238824879, 0.1756762672, 0.1644386113, 0.017397038773],
      [0.2233733181, 0.31655124566, 0.014932852869, 0.14983151926, 0.16200345196, 0.13330761215]
    ],
    [
      [0.050166429631, 0.7838058317, 0.0005542268117, 0.13325064515, 0.032162705257, 6.0161459515e-05],
      [0.02873374035, 0.21022256168, 0.067446061553, 0.65449305143, 0.026835645891, 0.012268939101],
      [0, 0.025228241551, 0.033156238808, 0, 0.94161551964, 0],
      [0.065091232427, 0.00081489315788, 0.67762805581, 0.10665348482, 0.14566168599, 0.0041506477994],
      [0.22001325086, 0.44899192622, 0.021136972913, 0.10800675328, 0.16326620234, 0.038584894389]
    ],
    [
      [0.054304411228, 0.5923228502, 0.0001834934114, 0.29669517657, 0.055979103035, 0.00051496555507],
      [0.0013854811298, 0.085471678981, 0.038227390119, 0.79275035533, 0.027829778991, 0.054335315448],
      [0.0025733662775, 0.0090744822461, 0.012677618407, 0.014328923446, 0.96126561093, 7.9998696908e-05],
      [0.049786072977, 0, 0.57078332948, 0.17401894181, 0.18091510015, 0.024496555579],
      [0.16213485826, 0.24198284751, 0.017098402298, 0.16781569022, 0.19651867606, 0.21444952565]
    ],
    [
      [0.017296103114, 0.77842161194, 9.0640790916e-05, 0.1801732949, 0.023839957393, 0.0001783918681],
      [0, 0.18278806765, 0.046883968575, 0.73899982164, 0, 0.031328142131],
      [0.0035265215775, 0.074579389868, 0.019230588531, 0.025884717808, 0.87655458367, 0.00022419855002],
      [0.023309915411, 0.0045456967223, 0.65970421148, 0.15447021049, 0.14443080424, 0.013539161652],
      [0.076783392495, 0.47297237935, 0.019641065809, 0.151407428, 0.15878262506, 0.12041310928]
    ],
    [
      [0.077898960857, 0.58562568944, 0.00077127159455, 0.28797374017, 0.047379923, 0.00035041493839],
      [0.0031627636288, 0.090616367631, 0.052142273447, 0.81516520475, 0.003993792102, 0.034919598439],
      [0.005397732302, 0.012524688783, 0.024888423069, 0.027480323227, 0.92898548757, 0.00072334505352],
      [0.068866506739, 0.00040570236613, 0.60579142796, 0.16429939494, 0.1463302969, 0.014306671098],
      [0.24362017971, 0.25085894704, 0.020468190198, 0.17126846666, 0.17821528048, 0.13556893591]
    ],
    [
      [0.058150245566, 0.72383663633, 0, 0.18939754731, 0.028480746462, 0.0001348243264],
      [0.005224292849, 0.18442677152, 0.026310284603, 0.76117555364, 5.3593523675e-05, 0.022809503863],
      [0.00858700293, 0.058304715042, 0.0038967532086, 0.013058441627, 0.91598386179, 0.00016922539752],
      [0.092675970912, 0.0051583513187, 0.51243757397, 0.18816046418, 0.1899967145, 0.011570925117],
      [0.22914743563, 0.38683908881, 0.01049879988, 0.13910985928, 0.15696155149, 0.077443264913]
    ],
    [
      [0, 0.58434885609, 0, 0.35326535302, 0.061790581773, 0.00059520911633],
      [2.4511835656e-34, 0.043019583543, 0, 0.83799649557, 0.029099311512, 0.089884609374],
      [0, 0, 0, 0.021810768308, 0.97818923169, 0],
      [0, 0, 0.4938708345, 0.24407882557, 0.20965295077, 0.05239738916],
      [0, 0.17904343442, 0.0061291655038, 0.17371587007, 0.18846947984, 0.45264205017]
    ],
    [
      [0.12224517513, 0.39537450135, 0.0012676539435, 0.40387794622, 0.076845818084, 0.0003889052754],
      [0.0009232309027, 0.037786437334, 0.059650884553, 0.82336982979, 0.040248184847, 0.038021432572],
      [0.0036387336132, 0.00021666913463, 0.023895724495, 0.0049294788897, 0.96731939387, 0],
      [0.073464219687, 0, 0.59200825232, 0.15347620067, 0.16751080347, 0.01354052386],
      [0.29150776162, 0.1286123154, 0.022709812163, 0.1814571275, 0.21530577779, 0.16040720552]
    ],
    [
      [0.08676720334, 0.45082524251, 0.00028827982716, 0.40645612164, 0.055276148008, 0.00038700466983],
      [0, 0.02929134901, 0.034363902601, 0.9058084583, 0, 0.030536290088],
      [0.0015420014413, 0.039103945759, 0.015307302649, 0.04813994354, 0.89535407177, 0.0005527348428],
      [0.066616198814, 0, 0.55653693674, 0.2231318476, 0.13897034772, 0.014744669124],
      [0.25011815199, 0.17486293486, 0.018624639761, 0.22444573868, 0.18775460719, 0.14419392752]
    ],
    [
      [0.14841071279, 0.37778142954, 0.00055099058635, 0.39635196827, 0.075453712479, 0.0014511863298],
      [0.0087275596102, 0.019255158643, 0.043702158648, 0.82203224864, 0.035463763177, 0.07081911128],
      [0, 0, 0.010318988218, 0.011467066533, 0.97532484359, 0.0028891016556],
      [0.096095029426, 0, 0.52794091966, 0.17018543332, 0.17540375955, 0.030374858041],
      [0.31011362229, 0.10149343146, 0.014215933245, 0.15180167083, 0.17409853796, 0.24827680422]
    ],
    [
      [0.08230622996, 0.64053487819, 0.0029400239176, 0.24015098996, 0.033042323154, 0.0010255548181],
      [0, 0.085880372188, 0.082825142026, 0.75889592535, 0, 0.072398560434],
      [0.022256140001, 0.051636300367, 0.047788569046, 0.027357927996, 0.84628030261, 0.004680759979],
      [0.071185879268, 0.0026848731931, 0.67161994748, 0.13331102203, 0.095547036004, 0.025651242025],
      [0.24143049199, 0.25098396895, 0.025794092325, 0.13379142413, 0.12133976551, 0.2266602571]
    ],
    [
      [0.19375401001, 0.35739686776, 0.0003895697327, 0.37668310192, 0.070436659625, 0.001339790944],
      [0.0088852513428, 0.033271933286, 0.035771886464, 0.79436724886, 0.019099686628, 0.10860399342],
      [0.017960650173, 0.0054948463583, 0.010917858394, 0.0080291427642, 0.94800359324, 0.0095939090665],
      [0.12813189378, 0.00060368426776, 0.51669824981, 0.15208922532, 0.15661678887, 0.045860157956],
      [0.34254631513, 0.070726620129, 0.010883542359, 0.11629955579, 0.13608741353, 0.32345655306]
    ],
    [
      [0.042973736722, 0.60292160047, 0, 0.30812830533, 0.045792370847, 0.00018398662776],
      [0, 0.085980104375, 0.027421887862, 0.85558724129, 0.0083768547957, 0.022633911677],
      [0, 0.011165998078, 0.0073253912386, 0.049057622074, 0.93245098861, 0],
      [0.047244415571, 0.00017127397874, 0.54232714479, 0.21784976254, 0.17970882518, 0.012698577939],
      [0.16112774762, 0.29156218655, 0.014888400454, 0.2148808006, 0.19973856501, 0.11780229977]
    ],
    [
      [0.17553019751, 0.47645321054, 0.00045225337224, 0.29114048085, 0.055501120543, 0.00092273719328],
      [0.010055946907, 0.06891779783, 0.0406205981, 0.77995725199, 0.022316114584, 0.078132290584],
      [0.016040851938, 0.0078373143872, 0.016632606643, 0.0064785477364, 0.94966911819, 0.003341561108],
      [0.14762537782, 5.7410997153e-05, 0.50505241195, 0.15328697656, 0.16238906426, 0.031588758414],
      [0.37691037069, 0.13825901019, 0.012116151325, 0.11736497323, 0.14012096766, 0.21522852692]
    ],
    [
      [0, 0.5114447749, 0.00024880064517, 0.41146886972, 0.073938546055, 0.0028990086749],
      [0, 0.027228124354, 0, 0.76168323671, 0, 0.21108863893],
      [9.2941538152e-33, 0.01078097528, 0, 0.025132235128, 0.95583301718, 0.0082537724142],
      [3.9602374571e-33, 0.046353343396, 0.39862424585, 0.22234679544, 0.2094855448, 0.12319007051],
      [0, 0.087716046669, 0.0034393853756, 0.12017943968, 0.13087057786, 0.65779455041]
    ],
    [
      [0.068161607292, 0.53051252331, 0.0012058752869, 0.31625090454, 0.082887197574, 0.00098189199574],
      [0.0039263723162, 0.051952900829, 0.07051191219, 0.69301639195, 0.076250662452, 0.10434176026],
      [0, 0, 0.014776500678, 0, 0.98522349932, 0],
      [0.042869731548, 0, 0.62114569156, 0.10161987388, 0.19952181594, 0.034842887072],
      [0.14868283223, 0.1434764867, 0.020690518435, 0.11934415152, 0.20741418591, 0.3603918252]
    ],
    [
      [0.18840566825, 0.45173435925, 0, 0.29912441226, 0.060494372736, 0.00024118750375],
      [0.019687100538, 0.068665921282, 0.02524776877, 0.82190240354, 0.040200277978, 0.02429652789],
      [0.0063541068511, 0.0065161303322, 0.003229707159, 0, 0.98354482572, 0.00035522993552],
      [0.1856466281, 0, 0.41324849846, 0.18488674538, 0.20509677313, 0.011121354915],
      [0.45835572753, 0.15128363431, 0.0088342864204, 0.13725997964, 0.17018269351, 0.074083678583]
    ],
    [
      [0.11319168078, 0.53723206384, 0, 0.29838706846, 0.049204367852, 0.0019848190733],
      [0.0052668833196, 0.068451847753, 0.020217027819, 0.78634806927, 0.0034316185981, 0.11628455324],
      [0.0077167274405, 0.0089844151851, 0.0051634776302, 0.027357957387, 0.94431035927, 0.0064670630853],
      [0.1073139771, 0.00057564440671, 0.49034261554, 0.18692916656, 0.15889130148, 0.05594729491],
      [0.25829174698, 0.14606720916, 0.0087584820652, 0.12113608738, 0.12740294126, 0.33834353315]
    ],
    [
      [0.15139701274, 0.36949556499, 6.2304393626e-05, 0.41219872002, 0.066846397852, 0],
      [0.00829108846, 0.020077605387, 0.035625016579, 0.90701281528, 0.028993474297, 0],
      [0, 0, 0.011470240411, 0.020575540646, 0.96795421894, 0],
      [0.098236970755, 0, 0.56078276159, 0.17930047528, 0.16167979238, 0],
      [0.48732723697, 0.10756441509, 0.016811457757, 0.19267693073, 0.19561995945, 0]
    ],
    [
      [0.077345085444, 0.5833962313, 0.00067354935459, 0.28828531007, 0.049909581095, 0.00039024273869],
      [0.0026521705303, 0.087191658067, 0.047771000371, 0.80767349197, 0.013391525207, 0.041320153851],
      [0.0046627549543, 0.01059516918, 0.020468629432, 0.020390335332, 0.94346253936, 0.00042057173666],
      [0.068897715634, 0.0001415004769, 0.59246130695, 0.1651638051, 0.15607417042, 0.017261501422],
      [0.23649937865, 0.23918650964, 0.018936560754, 0.16570004217, 0.18036038928, 0.15931711951]
    ],
    [
      [0.073230592107, 0.4649909913, 0.00080038523798, 0.39234441209, 0.067935949636, 0.00069766963572],
      [0.0011019586765, 0.048360833017, 0.047066250126, 0.82773534034, 0.020847866126, 0.054887751715],
      [0.0025777749162, 0.00035422326441, 0.020764384626, 0.021169823114, 0.95447161199, 0.00066218209325],
      [0.048585110629, 0, 0.59331718283, 0.17192850805, 0.16288492039, 0.023284278105],
      [0.18826114517, 0.16163686543, 0.020657262647, 0.18947507733, 0.20512353578, 0.23484611365]
    ],
    [
      [0.20486035155, 0.42264105244, 0, 0.30389845626, 0.068600139758, 0],
      [0.022484994061, 0.062906085519, 0.018730422059, 0.76722898117, 0.11470460168, 0.013944915503],
      [0, 0, 0, 0, 1, 0],
      [0.19001525762, 0, 0.40330261993, 0.17268859976, 0.22737050219, 0.0066230205044],
      [0.49385302131, 0.13060208895, 0.0082822058964, 0.13197100714, 0.18794559261, 0.047346084102]
    ],
    [
      [0.13822126629, 0.50518600055, 0, 0.29033374124, 0.065999437803, 0.00025955412672],
      [0.0030703373056, 0.074057794895, 0, 0.75716161519, 0.13548174957, 0.030228503038],
      [0, 0, 0, 0, 1, 0],
      [0.15118094598, 0.015791201191, 0.3643102958, 0.19428446459, 0.25725256889, 0.017180523544],
      [0.36383704477, 0.17417909862, 0.0070691125939, 0.14046862877, 0.19912287631, 0.11532323894]
    ],
    [
      [0.10468721441, 0.6123296743, 0.00020767434884, 0.21944836974, 0.063112032342, 0.00021503485652],
      [0.0034304535814, 0.10033882421, 0.029767145939, 0.78173758444, 0.056931556201, 0.027794435629],
      [0, 0, 0, 0, 1, 0],
      [0.099185694244, 0.0069205873085, 0.38538074482, 0, 0.50851297362, 0],
      [0.3241781859, 0.22542075728, 0.0087934915422, 0.11963020033, 0.23073845968, 0.09123890526]
    ],
    [
      [0.075633457749, 0.56052007807, 0.00056847381478, 0.30150794063, 0.061297754743, 0.00047229499053],
      [0.0070008774019, 0.077774766877, 0.055428297816, 0.78724589685, 0.028006285093, 0.044543875964],
      [0.002537427419, 0.0050612435062, 0.02542370425, 0.002699965362, 0.96427765946, 0],
      [0.055552354552, 0, 0.62851360054, 0.13971830664, 0.15870118111, 0.017514557164],
      [0.2132449229, 0.2133755428, 0.022620726468, 0.16000361095, 0.20309789385, 0.18765730304]
    ],
    [
      [0.035300511221, 0.63322555221, 0.00024985496866, 0.27823692925, 0.052855905374, 0.00013124698393],
      [0, 0.089429097017, 0.028948222416, 0.82289912063, 0.046278569058, 0.012444990879],
      [0, 0.0030829396215, 0.005898135369, 0.0051233054717, 0.98589561954, 0],
      [0.020903141893, 0.016378762572, 0.56118701011, 0.19044151339, 0.20420105692, 0.0068885151186],
      [0.14576352477, 0.31753536856, 0.016515957058, 0.20360779408, 0.24598830528, 0.070589050251]
    ],
    [
      [0.078581573986, 0.65712827, 0, 0.20859461914, 0.055489600555, 0.00020593632265],
      [0.025955093004, 0.16677070712, 0.057197778075, 0.66172393706, 0.037498901632, 0.050853583109],
      [0, 0, 0.0049461622439, 0, 0.99505383776, 0],
      [0.080627879126, 0, 0.56675637984, 0.13383224484, 0.19605203554, 0.022731460648],
      [0.23559926463, 0.26230761872, 0.014385127417, 0.11564295006, 0.18936513132, 0.18269990787]
    ],
    [
      [0.093826461171, 0.71114035277, 0.00026632278939, 0.15432709496, 0.040130050106, 0.00030971821235],
      [0.043267877982, 0.18202920569, 0.051350103351, 0.63337364788, 0.03418806938, 0.05579109571],
      [0, 0.020255990794, 0.016566683657, 0, 0.96310833919, 6.8986358716e-05],
      [0.11398684046, 0.0018575318421, 0.58156242629, 0.11371195792, 0.16907532041, 0.019805923083],
      [0.29969949863, 0.30422236901, 0.014064775816, 0.09103427949, 0.14807400078, 0.14290507627]
    ],
    [
      [0.088675942583, 0.44788202949, 6.1213872478e-05, 0.41506914644, 0.048311667616, 0],
      [0, 0.035748007141, 0.023161750339, 0.92833640972, 0.012753832795, 0],
      [0, 0.00016101415994, 0.0073120362381, 0.057605858624, 0.93492109098, 0],
      [0.061899521909, 0.014445084707, 0.54491617199, 0.22955323083, 0.14918599056, 0],
      [0.36281274584, 0.16260612794, 0.015010215652, 0.26320667687, 0.19636423369, 0]
    ],
    [
      [0.42967255921, 0, 0.00035269853618, 0.53758188183, 0.031143068218, 0.0012497922043],
      [0, 0, 0, 0.90994659443, 0, 0.090053405572],
      [0.038282469605, 0, 0.22908137849, 0.27154500931, 0.45836974396, 0.0027213986281],
      [0.20720148107, 0, 0.53683329687, 0.17068538869, 0.053738401909, 0.031541431467],
      [0.71623357972, 0, 0.0050039461532, 0.087292704125, 0.029522110162, 0.16194765984]
    ],
    [
      [0.068357585493, 0.55260079526, 0, 0.31600544563, 0.062522176699, 0.00051399691807],
      [0, 0.066929471551, 0.021143712537, 0.80773326448, 0.042350210494, 0.061843340941],
      [0.00060767442491, 0.0054441807813, 0.005153111901, 0.014259408206, 0.97361306784, 0.00092255684532],
      [0.061507444229, 0, 0.52521153505, 0.18339475102, 0.20015681036, 0.029729459342],
      [0.19109540824, 0.19284467056, 0.0085575221366, 0.16103420448, 0.2004344831, 0.24603371147]
    ],
    [
      [0.088829112078, 0.60812132662, 0.0011823636838, 0.25100858123, 0.049962441491, 0.00089617489193],
      [0.0042051922143, 0.088862349329, 0.063689409119, 0.73007601661, 0.019892303007, 0.093274729721],
      [0.0072071626059, 0.0092621618291, 0.032340828409, 0.0088460954276, 0.940614815, 0.0017289367308],
      [0.064637179667, 0, 0.66032272124, 0.11587125652, 0.12867201685, 0.030496825716],
      [0.23366430953, 0.19392333642, 0.019280735876, 0.11548458278, 0.14530772024, 0.29233931515]
    ],
    [
      [1.9610323063e-16, 0.6728709309, 0, 0.29263583131, 0.033453220877, 0.0010400169117],
      [0, 0.049059650935, 0, 0.85780133302, 0, 0.093139016041],
      [0, 0.014996552567, 0.0070200478231, 0.036059964486, 0.93939771624, 0.0025257188833],
      [0, 0.13987973233, 0.54767318349, 0.24601550455, 0.013112556227, 0.053319023394],
      [0, 0.27025286651, 0.010900506901, 0.18228310931, 0.1363748797, 0.40018863758]
    ],
    [
      [0.034914817749, 0.57800221519, 0.00028805295462, 0.32748538827, 0.058531319108, 0.00077820673319],
      [0.00061743981607, 0.071287293354, 0.040060815364, 0.79561014499, 0.019600182677, 0.072824123796],
      [0.0013798766545, 0.0064524729905, 0.014463782405, 0.024337574497, 0.95311641725, 0.00024987620448],
      [0.028087680458, 0, 0.59408779827, 0.17579772597, 0.16930779647, 0.032718998834],
      [0.098966628255, 0.21412535047, 0.018092027222, 0.1730993814, 0.19239177384, 0.30332483882]
    ],
    [
      [0.077955326429, 0.77592123766, 0, 0.11065251374, 0.035350355838, 0.00012056633159],
      [0.040299414453, 0.27429663021, 0.04781663352, 0.54429569503, 0.052050456985, 0.041241169802],
      [0, 0.0034396746829, 0.0083724935014, 0, 0.98818783182, 0],
      [0.11904702877, 0.0015216226931, 0.57911544922, 0.098183116977, 0.18762184444, 0.014510937895],
      [0.2917368698, 0.37607941226, 0.011726258045, 0.070999008253, 0.15158796684, 0.097870484802]
    ],
    [
      [0.27771164737, 0.30452701722, 0.00027977288716, 0.3541686017, 0.062085454143, 0.0012275066767],
      [0.025803061219, 0.036942234441, 0.031107209299, 0.80069369301, 0.0055286995315, 0.099925102501],
      [0.026049292556, 0.0051553256385, 0.011487928471, 0.0080975729016, 0.94200511853, 0.0072047619002],
      [0.20243401588, 0.00033249985544, 0.44463692844, 0.15962383463, 0.15369925596, 0.039273465242],
      [0.46844227362, 0.065025285606, 0.0086193006411, 0.10693161739, 0.11639400972, 0.23458751302]
    ],
    [
      [0.054028416517, 0.57037886473, 5.6531454496e-06, 0.28578873585, 0.089125712742, 0.00067261701458],
      [0.001257285942, 0.045045707827, 0.026903646159, 0.55287497255, 0.32767088308, 0.046247504437],
      [0, 0, 0, 0, 1, 0],
      [0.040503266263, 0, 0.54985229056, 0.13596497693, 0.24180363311, 0.031875833135],
      [0.13716940893, 0.17436212425, 0.014699383406, 0.12803649659, 0.2480605061, 0.29767208072]
    ],
    [
      [0, 0.69115928988, 0, 0.24931846508, 0.059522245042, 0],
      [0, 0.095459805854, 0, 0.80210800546, 0.057032338375, 0.045399850307],
      [0, 0.0019629160857, 0, 0.00773215947, 0.99030492444, 0],
      [0, 0.099884018072, 0.2, 0.29903852122, 0.36451692182, 0.036560538893],
      [0, 0.33359341016, 0.0049465663356, 0.18062544495, 0.24192694067, 0.23890763789]
    ],
    [
      [0.095506333688, 0.55469599846, 0.0011506579954, 0.30876519913, 0.039239954822, 0.00064185589538],
      [0, 0.038128011444, 0.058568972424, 0.85281278462, 0, 0.050490231508],
      [0.013691951972, 0.060372619759, 0.031715029911, 0.048043075868, 0.84339388741, 0.0027834350852],
      [0.079262936153, 0.00091071551884, 0.62143714418, 0.17616846921, 0.10164830258, 0.020572432357],
      [0.28451568227, 0.2025456397, 0.020615993924, 0.16950497044, 0.13437021684, 0.18844749682]
    ],
    [
      [0.089233384665, 0.28705296309, 0.0029119142931, 0.52605569796, 0.09438990506, 0.0003561349393],
      [0.0023987841293, 0.013244843169, 0.081104791402, 0.84413513228, 0.030187272117, 0.028929176902],
      [0, 0, 0.035467971913, 0.00090717685346, 0.96362485123, 0],
      [0.036676513271, 0, 0.65528118224, 0.14382941091, 0.15486244999, 0.0093504435889],
      [0.21717489238, 0.090947010707, 0.031967287107, 0.23636254261, 0.26427759615, 0.15927067104]
    ],
    [
      [2.7755575616e-17, 0, 0, 0.8598054457, 0.1401945543, 0],
      [0, 0, 0, 0.86796001749, 0.062244923561, 0.069795058951],
      [0, 0, 0, 0, 1, 0],
      [0, 0, 0.49766901467, 0.24614852919, 0.21303834769, 0.043144108445],
      [0, 0, 0.004661970665, 0.17605742596, 0.18474905607, 0.6345315473]
    ],
    [
      [0.13494529977, 0.37652281363, 0.00076678110058, 0.40674849487, 0.080664070845, 0.00035253977582],
      [0, 0.030082679053, 0.088827237742, 0.81376139508, 0.041926550371, 0.025402137755],
      [0, 0, 0.0088517377168, 0, 0.99114826228, 0],
      [0.068861080768, 0, 0.61047929736, 0.13917914163, 0.17011997431, 0.011360505935],
      [0.3223332855, 0.11019343625, 0.023930897682, 0.17286158063, 0.22544130169, 0.14523949825]
    ],
    [
      [0.038951149134, 0.71702120957, 0.00099916356408, 0.19424392654, 0.047831882979, 0.00095266821039],
      [0.010584152596, 0.13007278218, 0.07609091983, 0.63494128139, 0.031291296928, 0.11701956707],
      [0, 1.0091161805e-05, 0.036475812175, 0, 0.96122250459, 0.002291592074],
      [0.028822899139, 0, 0.72731803365, 0.086326649525, 0.12436238202, 0.033170035659],
      [0.11626318633, 0.24361960866, 0.024839388667, 0.095211922639, 0.15788338697, 0.36218250674]
    ],
    [
      [0.058780306261, 0.73617228845, 0, 0.15454293673, 0.050504468558, 0],
