{
  "Z_true": {},
  "V_true": [
    [3273, 413, 2996, 234],
    [1278, 207, 8150, 375],
    [694, 8103, 499, 287],
    [243, 258, 969, 219],
    [233, 506, 362, 472]
  ],
  "p_true": [
    [0.4733, 0.0597, 0.4332, 0.0338],
    [0.1277, 0.0207, 0.8142, 0.0375],
    [0.0724, 0.8456, 0.0521, 0.0299],
    [0.1439, 0.1528, 0.5737, 0.1297],
    [0.1481, 0.3217, 0.2301, 0.3001]
  ],
  "Z_est": [
    [
      [18.6439, 39.4955, 44.841, 4.6975, 13.7605, 1.8046, 90.2151, 80.5041, 46.7887, 38.0238, 48.1723, 60.9567, 176.105, 5.6088, 111.6431, 19.8843, 130.435, 5.7674, 45.9109, 76.2869, 31.1154, 44.1631, 26.0268, 165.9731, 169.1539, 54.718, 89.7284, 222.5648, 153.2989, 126.2614, 85.3322, 34.0672, 107.8897, 74.5503, 83.5855, 94.8985, 57.5169, 66.5722, 2.2343, 9.7705, 7.2177, 11.2275, 44.3301, 58.222, 103.165, 49.0829, 122.7018, 45.4836, 520.2126, 13.5103, 123.0943, 507.4987, 101.9064],
      [1.1118, 1.6654, 0.9412, 0.0324, 0.2995, 0, 7.4307, 2.9165, 0.7891, 3.1236, 1.7133, 1.374, 6.2312, 0, 4.6495, 0.8851, 0.4043, 0.1225, 1.792, 3.5674, 1.2038, 3.0745, 0.0404, 13.2549, 10.6022, 2.3659, 5.1983, 4.2979, 1.8202, 3.9076, 4.3276, 0, 2.4317, 3.0173, 4.9084, 6.6337, 3.2452, 4.4475, 0.1578, 0.1161, 0, 0.2214, 0.5711, 4.4508, 0, 3.2357, 6.9953, 3.1284, 23.1745, 0.7695, 5.2533, 15.9166, 5.3315],
      [6.9155, 18.1241, 19.5616, 1.1423, 5.0914, 0.1954, 42.6525, 28.6948, 12.0863, 15.8306, 16.5457, 21.3093, 71.2673, 3.0273, 35.7885, 5.443, 53.5126, 1.8046, 18.6699, 31.0577, 10.9766, 20.4517, 14.843, 68.2576, 55.0277, 24.8583, 31.2184, 87.147, 58.9642, 66.4882, 40.9597, 14.0194, 53.6261, 33.7894, 40.0536, 47.4548, 23.2671, 26.6518, 0.6079, 1.936, 0.837, 2.767, 16.7441, 22.0881, 35.8331, 20.0159, 58.6599, 20.9903, 224.4542, 4.5875, 55.3519, 141.244, 36.0851],
      [2.3288, 3.7151, 6.6562, 1.1278, 1.8487, 0, 8.7017, 10.8846, 2.3359, 6.0221, 6.5687, 3.3599, 18.3965, 0.3639, 9.9189, 1.7876, 17.6481, 0.3056, 4.6272, 8.088, 4.7042, 6.3107, 4.0898, 19.5144, 19.2162, 8.0577, 7.8549, 24.9903, 14.9167, 13.3428, 9.3805, 3.9134, 12.0525, 10.643, 8.4525, 9.013, 5.9709, 8.3286, 0, 1.1774, 0.9453, 0.784, 3.3547, 8.239, 9.0019, 2.6655, 11.643, 6.3978, 59.1586, 2.1327, 13.3005, 60.3406, 12.677]
    ],
    [
      [5.7801, 17.3318, 4.5302, 1.7565, 3.9204, 0.1965, 4.0267, 5.2106, 8.7151, 2.1178, 7.5313, 8.018, 16.1047, 0, 9.8954, 3.2225, 7.9731, 0.6262, 14.4356, 16.5407, 6.3601, 1.9916, 1.1298, 10.579, 30.3329, 6.5264, 14.6307, 21.2381, 19.7454, 5.7594, 9.7388, 4.2196, 7.3477, 7.9748, 5.078, 5.5294, 6.2542, 10.093, 0.5556, 0.6858, 2.0584, 2.8368, 4.6285, 7.3386, 5.0431, 5.386, 14.5193, 1.9283, 40.0955, 3.989, 8.2848, 62.0588, 6.7989],
      [7.9745, 5.3156, 1.0562, 0, 0, 0, 7.6529, 2.8618, 1.5654, 3.2707, 3.2824, 2.0723, 8.3677, 0, 5.4901, 1.8093, 1.7848, 0.1934, 5.7081, 12.2161, 3.1352, 2.6449, 0.1388, 14.3707, 32.9871, 4.3598, 14.7037, 5.7672, 1.6883, 3.8085, 10.0233, 0, 2.4999, 5.0532, 5.486, 8.1189, 6.21, 14.9401, 1.5875, 0.2235, 0, 0.5104, 0.7841, 11.3677, 1.3168, 7.8148, 17.1618, 2.4699, 29.3487, 4.5886, 6.093, 24.6894, 5.0017],
      [105.2293, 415.2649, 90.9232, 20.8433, 62.3674, 1.8035, 132.9069, 79.8726, 76.8129, 52.6662, 102.0045, 106.4995, 289.2078, 18.5177, 131.495, 34.7977, 129.2763, 8.8902, 272.1245, 322.282, 94.2805, 54.9344, 36.5359, 232.0072, 445.358, 154.8171, 235.0504, 332.2238, 285.4573, 175.9302, 294.6258, 92.3178, 205.3878, 192.4778, 132.7628, 167.9542, 127.0273, 218.4785, 10.8569, 6.3706, 10.0486, 24.31, 68.7288, 146.6548, 68.1572, 125.539, 404.2376, 52.3662, 845.8448, 62.6097, 189.2479, 660.3229, 108.6891],
      [7.016, 17.0878, 6.4903, 4.4002, 4.7121, 0, 5.4135, 6.055, 2.9066, 3.9454, 8.1817, 3.4102, 15.3198, 0.4823, 7.1195, 2.1705, 8.9659, 0.2902, 13.7319, 16.9613, 8.2243, 3.4291, 2.1956, 13.0431, 30.322, 10.2967, 11.6152, 19.7708, 15.109, 7.5019, 13.6122, 5.4626, 9.7646, 12.4941, 5.6732, 6.3974, 6.5084, 13.4885, 0, 0.7202, 1.8929, 1.3428, 2.8586, 10.6388, 3.4829, 3.2602, 16.0814, 3.2356, 45.711, 5.8127, 9.3743, 54.929, 7.5102]
    ],
    [
      [3.4329, 6.4096, 1.7341, 1.8291, 1.5815, 0.8919, 3.1308, 6.4084, 7.7274, 1.5158, 3.7962, 5.4507, 15.3161, 1.3912, 9.1792, 2.0168, 7.8064, 0.8572, 7.7424, 11.6333, 5.5839, 1.8254, 1.1318, 14.6394, 24.6284, 5.2895, 13.2553, 11.3403, 10.4613, 4.7568, 5.6747, 3.2353, 3.3246, 4.2111, 6.799, 5.7889, 7.1878, 4.6716, 0.1605, 3.8721, 3.2829, 2.0028, 6.974, 8.229, 8.3516, 3.779, 13.5529, 1.7011, 34.8293, 2.1135, 7.3813, 72.7818, 4.9302],
      [85.9633, 138.8677, 33.6602, 12.2952, 21.9626, 1, 136.8524, 110.4472, 75.6344, 50.916, 63.8765, 78.9907, 296.3577, 10, 144.3829, 29.4568, 124.3629, 12.1731, 152.6999, 255.9641, 96.0031, 66.5995, 29.7319, 688.6256, 506.4861, 133.143, 278.6082, 191.0262, 158.1776, 129.1173, 159.6614, 27.2314, 71.8972, 99.9179, 250.3137, 304.2915, 185.6622, 126.0763, 5.7869, 30.0542, 5.8532, 20.6864, 93.7616, 292.3461, 101.9278, 109.7014, 450.195, 58.3848, 810.5032, 47.1152, 181.4294, 883.243, 97.9169],
      [3.3306, 11.8172, 2.8071, 0.9745, 1.8883, 0.1081, 8.6368, 6.7652, 3.8088, 2.6586, 3.8919, 5.7717, 22.5326, 2.455, 7.3802, 1.094, 10.8411, 0.8437, 12.1478, 17.5665, 6.0095, 4.467, 3.4365, 22.5833, 14.6032, 10.8388, 10.9999, 14.9791, 13.5018, 12.2679, 12.4602, 2.87, 6.5689, 7.8738, 18.9248, 20.9862, 10.7073, 6.387, 0.0526, 1.1344, 0.367, 0.9924, 8.8566, 5.7455, 7.9606, 5.8423, 33.2847, 3.9449, 60.7295, 1.7844, 14.4637, 37.5599, 5.3921],
      [1.2732, 1.9055, 0.7986, 0.9013, 0.5677, 0, 1.38, 2.3792, 0.8294, 0.9095, 1.4354, 0.7869, 4.7936, 0.1539, 2.0577, 0.4324, 2.9896, 0.126, 2.4099, 3.8361, 2.4035, 1.1081, 0.6998, 7.1517, 7.2823, 2.7287, 3.1366, 3.6544, 2.8593, 1.8581, 2.2037, 0.6632, 1.2093, 1.9972, 2.9624, 2.9335, 2.4427, 1.8651, 0, 0.9393, 0.4969, 0.3185, 1.4078, 3.6794, 1.7599, 0.6773, 4.9674, 0.9693, 12.938, 0.9869, 2.7256, 19.4153, 1.7607]
    ],
    [
      [0.7377, 1.7197, 0.3749, 0.2845, 0.2448, 0.107, 0.4498, 0.2679, 0.361, 0.2289, 0.5116, 0.6839, 1.2157, 0, 0.9398, 0.397, 0.3594, 0, 1.455, 1.4143, 0.4581, 0.3428, 0.1776, 1.5344, 2.7676, 0.6011, 1.6381, 1.8172, 1.8945, 0.3999, 1.2114, 0.4051, 0.831, 0.6754, 0.4485, 0.6356, 0.6073, 1.1404, 0.0585, 0.1237, 0.4409, 0.2548, 0.2951, 1.5014, 0.8182, 0.4251, 1.5319, 0.2596, 3.2558, 0.3851, 0.7819, 3.4011, 0.3459],
      [3.607, 7.0438, 1.3633, 0.452, 0.7322, 0, 2.49, 1.0129, 0.957, 1.2301, 1.7838, 2.1091, 4.6919, 0, 3.2838, 1.2558, 1.239, 0, 5.5063, 5.9391, 1.6674, 1.9111, 0.7706, 8.3579, 11.6796, 2.6942, 6.8727, 6.0874, 5.6074, 1.7738, 6.1036, 1.089, 3.3673, 2.9561, 2.1969, 3.4913, 2.7403, 5.8551, 0.336, 0.2979, 0.1468, 0.6034, 0.9348, 8.7029, 2.3045, 2.0275, 7.7934, 1.3674, 13.8934, 1.7137, 3.4024, 10.7526, 1.3961],
      [21.0221, 59.1661, 11.5732, 4.3942, 6.4504, 0.893, 16.7585, 6.9974, 6.8522, 7.6431, 12.4884, 16.4863, 35.0383, 0, 21.919, 7.7636, 10.1337, 0, 42.9484, 42.3353, 11.6062, 13.0431, 7.5571, 49.8262, 67.5188, 20.2824, 42.5575, 48.7279, 48.2671, 14.73, 45.6378, 11.3315, 30.0623, 22.5585, 16.0753, 24.7271, 18.5199, 35.7146, 1.6054, 1.865, 2.7474, 4.3603, 7.7259, 46.5504, 18.7711, 13.3737, 56.2198, 9.4343, 101.8003, 9.9116, 25.6312, 69.3988, 9.1905],
      [4.6331, 8.0704, 2.6886, 2.8693, 1.5726, 0, 2.3018, 1.7218, 0.8298, 1.8978, 3.2162, 1.7206, 6.0541, 0, 3.8574, 1.5837, 2.2679, 0, 7.0903, 7.3113, 3.2683, 2.703, 1.4947, 9.2814, 15.034, 4.4223, 6.9317, 9.3675, 8.231, 2.0962, 7.0472, 2.1744, 4.7394, 4.81, 2.2793, 3.146, 3.1326, 7.29, 0, 0.7134, 1.6649, 0.7814, 1.0442, 11.2453, 3.1062, 1.1737, 7.4548, 1.9387, 18.0505, 2.9895, 4.1845, 18.4475, 2.0675]
    ],
    [
      [3.4054, 7.0435, 2.5197, 0.4325, 1.4929, 0, 5.1776, 4.609, 3.4078, 4.1137, 2.9886, 4.8906, 11.2586, 0, 5.3425, 3.4795, 8.4262, 0.7492, 6.4562, 7.1248, 2.4824, 2.6771, 1.534, 13.2741, 18.1172, 5.865, 9.7475, 13.0395, 9.5998, 4.8225, 11.0429, 1.0728, 4.607, 5.5884, 4.089, 4.1476, 4.4338, 7.5229, 0.9911, 0.5479, 0, 1.6781, 2.7723, 5.709, 6.622, 6.327, 9.6941, 1.6274, 33.6068, 3.0021, 6.4577, 34.2596, 5.0186],
      [3.3433, 6.1075, 1.9791, 0.2204, 1.0058, 0, 5.5741, 3.7617, 2.0541, 4.4596, 2.344, 3.4539, 9.3515, 0, 4.1937, 2.593, 6.209, 0.511, 5.2937, 6.3134, 1.9905, 2.77, 1.3183, 14.3909, 16.245, 5.4371, 8.6171, 9.8213, 6.7066, 4.3928, 10.8841, 0.6796, 3.8039, 5.0555, 4.095, 4.4646, 4.1424, 7.681, 1.1318, 0.3083, 0, 0.9784, 1.9485, 6.1324, 4.4509, 6.2207, 9.8546, 1.6496, 30.0802, 2.8129, 5.8219, 24.3984, 4.3538],
      [7.5024, 18.6278, 6.1348, 0.6457, 3.2025, 0, 14.0453, 9.6699, 5.4397, 10.2015, 6.0694, 9.9332, 25.9539, 0, 10.4173, 5.9018, 19.2362, 1.4616, 15.1094, 16.7585, 5.1273, 7.1038, 4.6276, 32.3256, 35.4924, 15.2034, 20.1738, 28.9222, 20.8096, 13.5837, 30.3166, 2.4612, 12.3549, 14.3005, 11.1834, 11.8777, 10.4784, 17.7682, 1.8771, 0.694, 0, 2.5703, 5.9445, 12.9611, 13.2779, 15.229, 26.598, 4.2644, 82.1712, 6.1068, 16.3052, 58.4744, 10.6431],
      [2.749, 4.2212, 2.3664, 0.7014, 1.2988, 0, 3.203, 3.9593, 1.0983, 4.2252, 2.598, 1.7223, 7.436, 0, 3.0464, 2.0258, 7.1286, 0.2782, 4.1407, 4.8033, 2.3997, 2.4491, 1.5201, 10.0094, 13.1454, 5.4945, 5.4616, 9.2169, 5.884, 3.201, 7.7564, 0.7864, 3.2342, 5.0557, 2.6326, 2.5101, 2.9454, 6.0279, 0, 0.4497, 0, 0.7733, 1.3347, 5.1975, 3.6491, 2.2233, 5.8534, 1.4587, 24.1418, 3.0782, 4.4151, 25.8676, 3.9846]
    ]
  ],
  "V_est": [
    [4466.6189, 183.1485, 1768.9773, 497.2552],
    [478.6693, 319.5146, 8715.3964, 496.4197],
    [407.5983, 8527.3386, 515.8955, 132.1677],
    [43.2182, 175.5917, 1238.1922, 231.9979],
    [324.8954, 281.4066, 737.5385, 229.1595]
  ],
  "p_est": [
    [0.6458, 0.0265, 0.2558, 0.0719],
    [0.0478, 0.0319, 0.8707, 0.0496],
    [0.0425, 0.8898, 0.0538, 0.0138],
    [0.0256, 0.104, 0.7331, 0.1374],
    [0.2065, 0.1789, 0.4689, 0.1457]
  ],
  "EI_Z": {},
  "EI_V": 11.5786,
  "MAE_Z": {},
  "MAE_V": 344.7063,
  "MAE_p": 0.0801,
  "runtime": 0.002
}
