{
  "Z_true": {},
  "V_true": [
    [13, 206, 495, 487],
    [1026, 1827, 597, 130],
    [394, 9562, 619, 468],
    [190, 594, 16315, 450],
    [63, 1430, 551, 1003],
    [64, 301, 574, 352]
  ],
  "p_true": [
    [0.0108, 0.1715, 0.4122, 0.4055],
    [0.2866, 0.5103, 0.1668, 0.0363],
    [0.0357, 0.8659, 0.0561, 0.0424],
    [0.0108, 0.0338, 0.9297, 0.0256],
    [0.0207, 0.4693, 0.1808, 0.3292],
    [0.0496, 0.2332, 0.4446, 0.2727]
  ],
  "Z_est": [
    [
      [0, 0, 0, 0, 0, 0, 0, 0, 0, 0, 0, 0, 0, 0, 0, 0, 0, 0, 0, 0, 0, 0, 0, 0, 0, 0, 0, 0, 0, 0, 0, 0, 0, 0, 0, 0, 0, 0, 0, 0, 0, 0, 0, 0],
      [2.6905, 5.2016, 3.408, 3.2286, 10.5826, 7.1747, 7.5334, 5.0223, 7.8921, 1.973, 10.4033, 1.2556, 3.0492, 0, 4.1254, 1.7937, 2.8699, 2.1524, 4.6635, 2.5111, 3.5873, 2.8699, 0.8968, 12.5557, 6.2778, 5.0223, 3.9461, 0, 0.5381, 0.3587, 4.1254, 3.2286, 1.6143, 5.7397, 6.9953, 5.9191, 7.1747, 4.4842, 2.5111, 0, 40.7163, 2.6905, 6.6366, 0],
      [7.1661, 13.8545, 9.0771, 8.5994, 28.1868, 19.1097, 20.0652, 13.3768, 21.0207, 5.2552, 27.7091, 3.3442, 8.1216, 0, 10.9881, 4.7774, 7.6439, 5.7329, 12.4213, 6.6884, 9.5549, 7.6439, 2.3887, 33.442, 16.721, 13.3768, 10.5103, 0, 1.4332, 0.9555, 10.9881, 8.5994, 4.2997, 15.2878, 18.632, 15.7655, 19.1097, 11.9436, 6.6884, 0, 108.4476, 7.1661, 17.6765, 0],
      [5.1434, 9.9438, 6.5149, 6.172, 20.2305, 13.7156, 14.4014, 9.6009, 15.0872, 3.7718, 19.8877, 2.4002, 5.8291, 0, 7.8865, 3.4289, 5.4862, 4.1147, 8.9152, 4.8005, 6.8578, 5.4862, 1.7145, 24.0023, 12.0012, 9.6009, 7.5436, 0, 1.0287, 0.6858, 7.8865, 6.172, 3.086, 10.9725, 13.3727, 11.3154, 13.7156, 8.5723, 4.8005, 0, 77.8362, 5.1434, 12.687, 0]
    ],
    [
      [11.6822, 17.5233, 21.8068, 15.1869, 33.3294, 34.2678, 12.0716, 11.2928, 28.2853, 14.0186, 39.0765, 5.8411, 14.0186, 1.9244, 23.8894, 2.3364, 27.2585, 30.3737, 32.501, 26.869, 52.5699, 18.9498, 6.2305, 44.3923, 54.5169, 47.7548, 41.2771, 0.3947, 2.7258, 4.4627, 14.0186, 54.8588, 15.5763, 30.1533, 36.2148, 31.7386, 58.0216, 47.5076, 22.975, 0, 239.485, 24.1432, 93.4576, 13.6292],
      [13.2462, 19.8694, 24.7263, 17.2201, 38.8557, 38.8557, 13.6878, 12.8047, 32.6741, 15.8955, 52.985, 6.6231, 15.8955, 2.4693, 30.4664, 2.6492, 30.9079, 34.4402, 47.27, 30.4664, 59.6081, 26.2055, 7.0647, 50.3357, 61.8158, 53.4265, 46.8034, 0.4415, 3.0908, 8.8308, 15.8955, 61.3743, 17.6617, 46.7779, 41.0634, 54.68, 65.7897, 54.5099, 26.051, 0, 271.5481, 27.3756, 105.97, 15.454],
      [4.9137, 7.3706, 9.1723, 6.3878, 15.352, 14.4136, 5.0775, 4.7499, 12.6513, 5.8965, 19.6549, 2.4569, 5.8965, 0.6062, 14.2812, 0.9827, 11.4654, 12.7757, 15.7239, 11.3016, 22.1118, 8.8447, 2.6207, 18.6722, 22.9307, 19.8187, 17.3618, 0.1638, 1.1465, 3.2758, 5.8965, 22.7669, 6.5516, 15.0688, 15.2326, 17.0343, 24.4048, 19.9825, 9.6637, 0, 100.7314, 10.155, 39.3098, 5.7327],
      [0.1578, 0.2367, 0.2946, 0.2052, 0.463, 0.463, 0.1631, 0.1526, 0.3893, 0.1894, 8.2837, 0.0789, 0.1894, 0, 0.363, 0.0316, 0.3683, 0.4104, 0.5051, 0.363, 0.7102, 0, 0.0842, 0.5998, 0.7365, 0, 0.5577, 0, 0.0368, 3.4306, 0.1894, 0, 0.2104, 0, 0.4893, 0.5471, 0.7839, 0, 0.3104, 0, 3.2355, 0.3262, 1.2626, 0.1841]
    ],
    [
      [1.9657, 1.394, 2.2036, 0.5486, 0, 3.5796, 0.8859, 1.0479, 0, 0, 0, 0.3176, 0.9932, 0.0517, 0, 0.1655, 12.1641, 0.6645, 0, 4.7269, 3.8796, 0, 1.6646, 4.2728, 4.0969, 4.6561, 2.5243, 0.1816, 0.2276, 0, 4.3426, 1.7063, 0.9311, 0, 0.6834, 0, 2.6899, 1.362, 0.8173, 0, 22.2846, 2.1209, 33.7161, 1.594],
      [181.3762, 275.3774, 203.3323, 63.4703, 319.5667, 330.2956, 199.5138, 193.7862, 437.2825, 200.3218, 434.3483, 186.368, 91.6427, 4.7936, 144.1464, 12.6811, 255.8359, 163.3782, 161.4869, 151.943, 357.9794, 138.5773, 43.2864, 394.2546, 378.0262, 307.385, 232.9252, 3.8184, 17.3926, 28.6383, 223.8211, 112.6442, 73.3951, 204.4741, 256.9602, 220.0103, 248.199, 312.6172, 75.4143, 6, 2056.2335, 195.6954, 526.9241, 47.6188],
      [5.8764, 8.9074, 6.5877, 9.6766, 19.0344, 10.7012, 6.464, 0, 27.7961, 16.677, 18.7797, 0, 3.3641, 0.1546, 6.2324, 3.0876, 0, 5.2578, 5.165, 3.7271, 11.5981, 4.4227, 3.8474, 12.7734, 12.2476, 9.9589, 7.5465, 0, 4.3798, 1.1845, 6.3798, 3.6495, 13.0246, 6.5259, 8.2579, 7.0517, 8.0414, 10.0208, 2.4433, 0.7309, 66.6196, 6.3403, 17.9693, 1.5773],
      [0.7817, 2.3213, 0.8764, 0.3045, 1.3989, 1.4236, 2.1363, 8.1659, 1.9214, 3.0011, 1.872, 2.3144, 0, 0, 0.6213, 0.0658, 0, 0.6994, 0.3481, 3.6029, 1.5429, 0, 0.2016, 1.6992, 1.6293, 0, 1.0039, 0, 0, 0.1771, 4.4566, 0, 2.6492, 0, 1.0985, 0.9381, 1.0697, 0, 0.325, 0.2691, 8.8624, 0.8434, 2.3905, 0.2098]
    ],
    [
      [0.658, 0, 1.0163, 0, 0, 10.8107, 0, 1.3483, 0, 1.1043, 0, 0.3872, 0.3949, 0.0138, 0, 3.5431, 2.2612, 0, 0, 1.0095, 13.7932, 0, 0.6569, 0.5794, 12.9739, 11.9756, 9.6803, 1.4238, 0.4589, 0, 1.4866, 15.6624, 4.9105, 0, 0, 0, 5.4111, 0, 6.082, 0, 3.7529, 3.7646, 26.5265, 4.5275],
      [4.2986, 17.6806, 13.6922, 0, 0, 13.7006, 10.6501, 12.9472, 24.5498, 11.6477, 28.6321, 16.5699, 14.2291, 0.1486, 1.5528, 0, 33.3694, 31.2688, 29.9432, 8.7208, 30.2104, 32.9702, 0, 57.1797, 46.4538, 35.7072, 21.7914, 0.74, 0, 1.2961, 12.8423, 20.0951, 0, 45.1073, 49.768, 55.6006, 41.4482, 93.7395, 8.7162, 0, 224.8315, 5.5295, 0, 0],
      [196.4348, 270.6199, 236.4644, 265.4174, 604.8935, 357.2415, 195.0381, 172.9844, 378.3212, 179.1646, 579.9982, 38.2275, 231.376, 1.8376, 372.2179, 113.1048, 191.3694, 206.2452, 340.0568, 134.1437, 530.2611, 373.0298, 91.9585, 840.0766, 731.1786, 429.3172, 490.2995, 1.8362, 116.5411, 45.9396, 197.5404, 395.2425, 148.818, 471.8927, 576.2673, 444.6904, 648.8602, 409.2605, 157.1763, 8.2691, 2865.7827, 253.5257, 625.2932, 138.8051],
      [8.6085, 7.6995, 6.8272, 6.5826, 5.1065, 15.2473, 7.3118, 7.7201, 8.1291, 3.0834, 13.3697, 0.8154, 0, 0, 18.2294, 0.3521, 0, 13.486, 0, 2.1259, 5.7353, 0, 2.3846, 18.1643, 3.3938, 0, 3.2288, 0, 0, 2.7643, 3.1306, 0, 2.2715, 0, 13.9647, 16.709, 5.2805, 0, 5.0255, 0.7309, 39.6329, 12.1803, 27.1803, 1.6674]
    ],
    [
      [0.65, 1.02, 0.79, 0.29, 0, 1.14, 0.72, 0.71, 0, 0.58, 0, 0.41, 0.41, 0.01, 0.44, 0.05, 0.88, 0.5, 0.55, 0.42, 0.72, 0.31, 0.1, 1.18, 1.28, 0.69, 0.43, 0, 0.17, 0.05, 0.76, 4.5451, 0.19, 0.48, 0.64, 0.73, 0.65, 0.65, 0.36, 0, 5.8598, 0.44, 0.94, 0.11],
      [11.3884, 17.871, 13.8413, 5.081, 16.995, 19.9735, 12.6148, 12.4396, 22.6016, 10.1619, 26.6313, 7.1834, 7.1834, 0.5884, 7.7091, 0.876, 23.0169, 8.7603, 9.6363, 7.3586, 12.6148, 8.3772, 1.7521, 20.6743, 22.4264, 12.4591, 7.5339, 0, 2.9785, 0.876, 13.3157, 6.6578, 3.3289, 16.9009, 11.2132, 12.79, 11.3884, 27.6492, 6.3074, 0, 102.6707, 7.7091, 16.4694, 1.9273],
      [26.1017, 40.9596, 31.7236, 11.6454, 39.9217, 45.7783, 28.9126, 28.5111, 53.0918, 23.2907, 61.0378, 16.4641, 27.2668, 0.4016, 17.6688, 2.0078, 35.3377, 20.0782, 22.086, 16.8657, 28.9126, 19.2134, 4.0156, 47.3846, 51.4002, 27.7079, 17.2673, 0, 7.0964, 2.0078, 30.5189, 15.2594, 7.6297, 19.2751, 25.7001, 29.3142, 26.1017, 26.1017, 14.4563, 0, 235.3167, 17.6688, 37.747, 4.4172],
      [26.86, 42.1495, 32.6452, 11.9837, 40.0833, 47.1082, 29.7526, 29.3393, 53.3067, 23.9673, 64.3309, 16.9424, 6.1397, 0, 18.1821, 2.0662, 28.7654, 20.6615, 22.7277, 17.3557, 29.7526, 3.0994, 4.1323, 48.7611, 52.8935, 28.143, 17.7689, 0, 6.7551, 2.0662, 31.4055, 11.5377, 7.8514, 11.344, 26.4467, 30.1658, 26.86, 10.5991, 14.8763, 0, 242.1528, 18.1821, 38.8436, 4.5455]
    ],
    [
      [1.0441, 3.0628, 1.1833, 0.9745, 1.6706, 3.202, 1.3226, 1.601, 2.7147, 2.2971, 2.9235, 1.0441, 1.1833, 0, 1.6706, 0.9049, 2.4363, 1.4618, 1.949, 0.9745, 4.0373, 1.7402, 0.348, 2.5755, 3.1324, 2.9235, 2.0882, 0, 0.4176, 0.4873, 1.3922, 2.2275, 1.3922, 2.3667, 1.4618, 1.5314, 2.2275, 3.4804, 0.7657, 0, 14.6177, 1.5314, 5.3598, 0.1392],
      [0, 0, 0, 0, 0, 0, 0, 0, 0, 0, 0, 0, 0, 0, 0, 0, 0, 0, 0, 0, 0, 0, 0, 0, 0, 0, 0, 0, 0, 0, 0, 0, 0, 0, 0, 0, 0, 0, 0, 0, 0, 0, 0, 0],
      [3.5073, 10.2881, 3.9749, 3.2735, 5.6117, 10.7557, 4.4426, 5.3778, 9.119, 7.716, 9.8204, 3.5073, 3.9749, 0, 5.6117, 3.0397, 8.1837, 4.9102, 6.5469, 3.2735, 13.5615, 5.8455, 1.1691, 8.6513, 10.5219, 9.8204, 7.0146, 0, 1.4029, 1.6367, 4.6764, 7.4822, 4.6764, 7.9499, 4.9102, 5.144, 7.4822, 11.691, 2.572, 0, 49.1021, 5.144, 18.0041, 0.4676],
      [10.4486, 30.6492, 11.8417, 9.752, 16.7177, 32.0423, 13.2349, 16.0212, 27.1663, 22.9869, 29.256, 10.4486, 11.8417, 0, 16.7177, 9.0554, 24.38, 14.628, 19.504, 9.752, 40.4012, 17.4143, 3.4829, 25.7732, 31.3458, 29.256, 20.8972, 0, 4.1794, 4.876, 13.9314, 22.2903, 13.9314, 23.6835, 14.628, 15.3246, 22.2903, 34.8286, 7.6623, 0, 146.2802, 15.3246, 53.6361, 1.3931]
    ]
  ],
  "V_est": [
    [0, 215.4196, 573.7688, 411.8116],
    [1358.6074, 1603.7823, 590.6075, 27.0028],
    [124.4605, 10473.2377, 384.0803, 61.2216],
    [146.2135, 1057.6284, 16057.0189, 288.1393],
    [30.8543, 569.932, 1243.6637, 1202.55],
    [89.8643, 0, 301.8609, 899.2748]
  ],
  "p_est": [
    [0, 0.1794, 0.4777, 0.3429],
    [0.3795, 0.448, 0.165, 0.0075],
    [0.0113, 0.9484, 0.0348, 0.0055],
    [0.0083, 0.0603, 0.915, 0.0164],
    [0.0101, 0.187, 0.4082, 0.3947],
    [0.0696, 0, 0.2338, 0.6966]
  ],
  "EI_Z": {},
  "EI_V": 8.6474,
  "MAE_Z": {},
  "MAE_V": 271.7512,
  "MAE_p": 0.0843,
  "runtime": 0.7982
}
