{
  "Z_true": {},
  "V_true": [
    [490, 101, 607, 98, 15],
    [658, 448, 11078, 300, 130],
    [196, 496, 721, 18370, 236],
    [118, 210, 942, 821, 180],
    [121, 573, 315, 405, 174]
  ],
  "p_true": [
    [0.3738, 0.077, 0.463, 0.0748, 0.0114],
    [0.0522, 0.0355, 0.8782, 0.0238, 0.0103],
    [0.0098, 0.0248, 0.036, 0.9176, 0.0118],
    [0.052, 0.0925, 0.4148, 0.3615, 0.0793],
    [0.0762, 0.3608, 0.1984, 0.255, 0.1096]
  ],
  "Z_est": [
    [
      [3.8861, 11.9761, 98.627, 0, 3.9884, 16.9075, 26.7702, 102.1494, 99.3315, 6.3403, 0, 31.7015, 17.5875, 10.5672, 7.0448, 7.7493, 11.2717, 12.6806, 0.7045, 1.409, 4.9314, 0, 2.1134, 2.1134, 0, 4.9314, 21.1344, 2.8179, 4.2269, 19.0209, 0, 2.7488, 11.2717, 14.0896, 9.1582, 7.0448, 15.4985, 8.4537, 7.0448, 13.3851, 16.203, 22.5433, 16.203, 14.9968, 15.4985, 9.1582, 20.4299, 4.9314, 4.2269, 2.8179, 8.7052, 0, 43.6777, 61.9941, 49.3135],
      [1, 4.6366, 38.184, 0, 0, 6.5458, 10.3642, 39.5477, 38.4568, 0, 0.9772, 12.2734, 9.546, 4.0911, 2.7274, 3.0002, 4.3639, 4.9094, 0.2727, 0.5455, 1.9092, 0, 0.8182, 0.8182, 0, 1.9092, 8.1823, 1.091, 1.6365, 7.3641, 0, 2.4603, 4.3639, 5.4549, 3.5457, 2.7274, 6.0003, 3.2729, 2.7274, 5.1821, 6.2731, 8.7278, 6.2731, 8.4565, 6.0003, 3.5457, 7.9095, 1.9092, 1.6365, 1.091, 1.067, 0, 16.9101, 24.0014, 19.092],
      [0.0329, 0.1119, 0.9215, 0, 0.0395, 0.158, 0.2501, 0.9544, 0.9281, 0.0592, 0.0066, 0.2962, 3.9878, 0.0987, 0.0658, 0.0724, 0.1053, 0.1185, 0.0066, 0.0132, 0.0461, 0, 0.0197, 0.0197, 0, 0.0461, 0.1975, 0.0263, 0.0395, 0.1777, 0, 0.7006, 0.1053, 0.1316, 0.0856, 0.0658, 0.1448, 0.079, 0.0658, 0.1251, 0.1514, 0.2106, 0.1514, 0.158, 0.1448, 0.0856, 0.1909, 0.0461, 0.0395, 0.0263, 0.0658, 0, 0.6064, 0.5792, 0.4608],
      [0.065, 0.2209, 1.8196, 0, 1.9721, 0.3119, 0.4939, 1.8845, 1.8326, 2.6005, 0.013, 0.5849, 0.4549, 0.195, 0.13, 0.143, 0.2079, 0.2339, 0.013, 0.026, 0.091, 0, 0.039, 0.039, 0, 0.091, 0.3899, 0.052, 0.078, 0.3509, 0, 2.7654, 0.2079, 0.2599, 0.169, 0.13, 0.2859, 0.156, 0.13, 0.2469, 0.2989, 0.4159, 0.2989, 0.3119, 0.2859, 0.169, 0.3769, 0.091, 0.078, 0.052, 0.13, 0, 0.8058, 1.1437, 0.9098],
      [0.016, 0.0544, 0.4479, 0, 0, 0.0768, 0.1216, 0.4639, 0.4511, 0, 0.0032, 0.144, 3.4238, 0.048, 0.032, 0.0352, 0.0512, 0.0576, 0.0032, 0.0064, 0.0224, 0, 0.0096, 0.0096, 0, 0.0224, 0.096, 0.0128, 0.0192, 0.0864, 0, 1.3249, 0.0512, 0.064, 0.0416, 0.032, 0.0704, 0.0384, 0.032, 0.0608, 0.0736, 0.1024, 0.0736, 0.0768, 0.0704, 0.0416, 0.0928, 0.0224, 0.0192, 0.0128, 0.032, 0, 0, 0.2815, 0.2239]
    ],
    [
      [1.8, 0.3443, 0, 0.2417, 0, 0, 17.1602, 24.3615, 28.9081, 0.5071, 0, 0, 0, 0.0344, 0, 2.7823, 3.6028, 0, 0.5199, 1.5347, 0, 0, 0, 0.0831, 0.1247, 0.3238, 2.1063, 0, 5.3389, 0.7046, 0.0584, 0, 0.5214, 3.7898, 5.9903, 6.7672, 11.7552, 0, 2.9087, 3.88, 3.9077, 3.0799, 11.629, 0, 1.5889, 3.8251, 4.167, 0.824, 0.3464, 0, 1.8894, 0, 0.9572, 8.1479, 12.3441],
      [0, 0.0567, 0, 0, 0, 1.2429, 9.08, 55.1748, 97.9972, 0, 1.0267, 0, 11.7653, 0, 0, 6.7223, 0, 6.8932, 0, 2.937, 0, 0.2195, 1.9599, 0.2634, 0.3952, 0, 0, 1.2733, 5.0099, 10.9622, 0.1317, 0, 7.0079, 6.4799, 4.8762, 8.9028, 9.2641, 9.6464, 4.9632, 15.8193, 26.028, 22.8193, 17.5183, 13.5004, 22.96, 23.2761, 12.7326, 4.028, 0.6483, 0, 0, 0.2195, 5.3565, 25.8165, 44.9981],
      [85.3136, 193.4899, 1196.6428, 2.1974, 10.8911, 81.6833, 375.743, 1099.2258, 2027.7654, 7.2607, 10.9058, 257.756, 291.3369, 222.36, 83.2114, 140.8801, 228.6394, 144.6674, 8.1683, 19.6622, 31.7657, 4.538, 32.6733, 5.4456, 7.5053, 20.5452, 122.7551, 26.3202, 28.7865, 181.5569, 2.7228, 43.5644, 194.4333, 208.9784, 160.3157, 181.2591, 189.1953, 151.5678, 141.0036, 260.3007, 252.0643, 330.4481, 369.8527, 193.317, 108.5623, 187.8618, 263.3893, 76.2377, 17.2011, 27.1873, 52.3554, 3.2251, 110.7262, 533.6639, 378.625],
      [2.7285, 12.2622, 83.125, 0.0326, 1.1089, 7.0738, 12.0169, 35.2379, 64.7867, 0.2322, 0, 24.648, 16.0939, 16.0321, 12.6024, 4.6732, 26.2968, 4.5571, 0.2612, 0.7257, 1.0159, 0.1451, 1.1479, 0.1742, 0.2612, 12.4541, 25.1641, 1.2436, 2.6286, 5.7762, 0.0871, 1.3933, 6.0375, 9.7519, 0, 0, 0, 4.8474, 0, 0, 0, 10.6527, 0, 6.1826, 0, 0, 8.4176, 2.4382, 3.1985, 0.8127, 7.5434, 1.5554, 4.9601, 17.0675, 13.0328],
      [4.1579, 4.8468, 7.2322, 2.5283, 0, 0, 0, 0, 12.5425, 0, 0.0674, 1.5959, 1.8038, 6.5735, 0.1862, 5.942, 1.461, 0.8822, 0.0506, 0.1405, 2.2184, 0.0974, 0.219, 0.0337, 0.7136, 1.677, 1.9746, 0.163, 0.236, 0, 0, 3.0423, 0, 0, 0.8178, 1.0709, 0.7854, 0.9384, 0.1245, 0, 0, 0, 0, 0, 0.8888, 1.037, 1.2934, 0.472, 3.6057, 0, 0.2118, 0, 0, 3.3042, 0]
    ],
    [
      [2.8316, 0, 0, 0.0644, 0, 0, 2.2527, 4.3338, 0, 0.3285, 0, 0, 0, 0, 0, 4.4783, 0.7016, 0, 0.5205, 0.2396, 0, 0, 0, 0, 0.0695, 0, 1.8774, 0, 0.9621, 0, 0.4224, 0, 0, 1.1527, 0.3889, 0.5196, 0.7346, 0, 2.212, 2.2502, 9.2369, 0, 4.7201, 0, 0.3951, 0.476, 0.9333, 0, 0.3155, 0, 0.3733, 0, 0, 30.3519, 16.3995],
      [0, 0, 0, 0, 0, 0, 0, 83.8844, 29.0312, 0, 0.0819, 0, 0, 0, 0, 0, 0, 0.181, 0, 3.2524, 0, 0.2076, 2.3619, 0, 0.3539, 0, 0, 2.0764, 1.1031, 8.412, 0.3898, 0, 0, 2.8161, 1.6222, 15.0773, 18.0028, 19.8143, 1.8039, 10.1428, 3.7819, 41.097, 16.0268, 12.4536, 3.5859, 8.5497, 24.6025, 5.6039, 0, 0, 0, 0.3588, 2.323, 5.1475, 9.2529],
      [1.2185, 2.0493, 23.0689, 0.0277, 0.2826, 8.1212, 8.767, 0, 43.9799, 1.7853, 0.0277, 2.5775, 3.704, 4.6001, 0, 0, 0, 3.7812, 0, 0, 0.1341, 0.2765, 1.0779, 0, 0, 0, 0, 0.7791, 0, 2.6932, 0, 0.7408, 7.778, 1.5024, 10.875, 1.1562, 1.4124, 0.2449, 0.9624, 1.3016, 1.5716, 0, 1.7793, 11.5471, 0.8793, 1.0593, 7.4226, 8.5374, 0, 5.2837, 0, 0, 2.2199, 1.8475, 0],
      [171.5333, 288.4879, 3283.4465, 3.8985, 13.7174, 311.8788, 555.9803, 1304.7817, 2152.7832, 88.8862, 3.8809, 861.3941, 530.0297, 348.9144, 249, 355.6672, 665.7174, 462.3687, 104.1722, 73.0415, 109.9833, 13.8071, 177.381, 102.9966, 73.5425, 239.4319, 514.8966, 156.6313, 82.8428, 377.8947, 31.1879, 104.2845, 236.222, 211.4928, 111.818, 149.8516, 183.3673, 328.6707, 133.6928, 174.3054, 211.935, 410.903, 234.4738, 334.9993, 121.8391, 142.5529, 267.0416, 157.8558, 108.4265, 171.7163, 119.6267, 97.6412, 174.4572, 756.9699, 687.3476],
      [0.4166, 5.4628, 25.4845, 0.0095, 0, 0, 0, 0, 15.2056, 0, 0.0095, 2.0284, 1.2663, 4.4856, 0, 0.8544, 1.5811, 1.6691, 0.3072, 0.4665, 1.8827, 1.7088, 1.1791, 0.0034, 3.034, 0.5681, 1.226, 0.5132, 0.092, 0, 0, 1.9747, 0, 0.036, 0.2959, 0.3953, 0.4828, 0.27, 0.329, 0, 0.4746, 0, 0, 0, 0.3006, 0.3621, 0, 2.0029, 0.258, 0, 0, 0, 0, 0.6832, 0]
    ],
    [
      [0.4802, 0.1771, 0, 0.0505, 0.0111, 0.155, 1.0628, 4.1403, 3.4873, 0.0443, 0, 0, 0, 0.6421, 0, 0.4871, 0.9189, 0, 0.1218, 0.0664, 0, 0, 0, 0.0332, 0.0554, 0.2436, 0.3764, 0, 0.2214, 0.5203, 0.0752, 0, 0.4539, 0.465, 0.2103, 0.1661, 0.5093, 0, 0.3321, 1.2319, 0.3986, 0.62, 2.9434, 0, 0.2657, 0.2878, 0.465, 0.2436, 0.1107, 0, 0.5308, 0, 0.1107, 0.7418, 2.9322],
      [0, 0.2273, 1.8422, 0, 0, 0.1988, 1.3635, 2.3436, 4.4741, 0.0568, 0.0253, 0, 0.9232, 0.4238, 0, 0.6249, 0.6907, 0.6107, 0, 0.0852, 0, 0, 0.3538, 0.0426, 0.071, 0, 0.4829, 0.142, 0.2841, 5.0694, 0.0852, 0, 0.5823, 0.5965, 0.2699, 0.2131, 0.6534, 0.6571, 0.4261, 0.5965, 0.5113, 1.2977, 0.8096, 4.1504, 0.3409, 0.3693, 0.5965, 0.3125, 0.142, 0, 0, 0.0284, 1.4316, 0.9516, 1.1931],
      [15.7691, 13.2793, 229.9248, 1.6599, 0.9783, 11.6194, 79.6757, 136.9425, 261.4357, 3.3198, 0.83, 60.5867, 53.9471, 48.5374, 31.5383, 36.518, 68.8862, 36.1641, 4.1352, 4.9797, 10.7894, 0, 11.6194, 2.4899, 4.1498, 18.259, 28.2185, 8.2995, 16.5991, 39.0079, 4.1622, 9.9595, 38.039, 34.8581, 15.7691, 12.4493, 38.1779, 21.5788, 24.8986, 34.8581, 29.8784, 46.4775, 47.3074, 28.2185, 19.9189, 21.5788, 34.8581, 18.259, 8.2995, 7.2849, 17.429, 1.6599, 8.3517, 55.607, 69.7162],
      [0.2013, 0.1695, 2.8707, 0.0212, 0.0106, 0.1483, 7.0287, 1.7478, 3.3368, 0.0424, 0.0106, 2.6183, 1.4082, 0.6144, 1.363, 0.4661, 0.9634, 0.4555, 5.267, 0.0636, 0.4663, 0, 0.1483, 0.0318, 0.053, 0.5455, 0.3602, 0.2166, 0.2119, 0.4979, 1.6773, 0.1271, 0.4343, 0.4449, 0.2013, 0.1589, 0.4873, 0.2754, 0.3178, 0.4449, 0.3813, 0.5932, 0.6038, 0.3602, 0.2542, 0.2754, 0.4449, 0.233, 0.1059, 0.0847, 0.2225, 0.3117, 0.1059, 0.7097, 0.8898],
      [2.5494, 2.1468, 36.3623, 0.2684, 0, 1.8785, 6.8693, 19.8258, 42.2661, 0.5367, 0.1342, 9.795, 8.7216, 7.7823, 5.0988, 5.9038, 11.5407, 5.7697, 1.476, 0.8051, 1.7443, 0, 1.8785, 0.4025, 0.6709, 2.9519, 4.5621, 1.3418, 2.6836, 1.9045, 0, 1.9134, 1.4904, 5.6355, 2.5494, 2.0127, 6.1722, 3.4886, 4.0253, 4.8685, 4.8304, 7.0117, 5.3358, 1.271, 3.2203, 3.4886, 5.6355, 2.9519, 1.3418, 0.6303, 2.8177, 0, 0, 8.9899, 9.2687]
    ],
    [
      [4.0021, 4.5024, 44.373, 0.6434, 1.0005, 3.9375, 7.7541, 28.0149, 43.273, 1.7799, 0, 12.2985, 8.4125, 11.7563, 2.9552, 5.5029, 9.5051, 3.3194, 2.1333, 0.7504, 1.0686, 0, 0.8866, 1.7702, 0.7504, 2.5013, 10.5056, 0.1821, 1.2507, 7.7541, 0.444, 2.2512, 5.7531, 5.5029, 4.2523, 4.5024, 4.5024, 3.5463, 4.5024, 5.2528, 7.2539, 12.7568, 8.5045, 6.0032, 3.2517, 5.2528, 9.0048, 2.0011, 1.0005, 1.1821, 2.5013, 0, 8.2544, 26.7642, 20.0107],
      [0, 7.0794, 71.9737, 0, 0, 11.0124, 12.1923, 44.0495, 68.0407, 1.9432, 0.8888, 17.7266, 13.7655, 18.4851, 3.2726, 8.6526, 14.9454, 11.4057, 1.7273, 1.1799, 4.0908, 0.5728, 5.5062, 0.8757, 1.1799, 3.0908, 16.3348, 2.4174, 1.9665, 12.1923, 0.3933, 3.5397, 9.0459, 8.6526, 6.6861, 7.0794, 7.0794, 10.6093, 7.0794, 8.2593, 11.4057, 20.0583, 13.3722, 9.4392, 5.1129, 8.2593, 14.1588, 3.1464, 1.5732, 1.909, 3.933, 0.3933, 12.9789, 42.083, 31.4639],
      [3.6658, 2.0696, 22.442, 0.115, 2.8085, 3.4182, 3.5643, 12.8773, 19.8908, 0.5749, 0.23, 6.7836, 4.0242, 5.4039, 2.1845, 2.5295, 4.3691, 7.2688, 0.6899, 0.3449, 1.2647, 0.1856, 1.6097, 0.0448, 0.3449, 1.1498, 4.829, 0.5749, 0.5749, 3.5643, 0.115, 1.0348, 2.6444, 2.5295, 1.9546, 2.0696, 2.0696, 2.5295, 2.0696, 2.4145, 3.3343, 5.8638, 3.9092, 2.7594, 1.4947, 2.4145, 4.1391, 0.9198, 0.4599, 2.2177, 1.1498, 0.115, 6.0958, 12.3024, 9.1981],
      [4.472, 0.8595, 8.7382, 0.0477, 0.191, 8.5872, 1.4802, 5.348, 8.2607, 0.2387, 0.0955, 10.7547, 2.0134, 2.2442, 6.9047, 1.0505, 1.8145, 1.3847, 0.2865, 0.1432, 2.4436, 0.0477, 3.2838, 3.7585, 0.1432, 0.4775, 2.1893, 0.8565, 0.2387, 1.4802, 0.0477, 0.4297, 1.0982, 1.0505, 0.8117, 0.8595, 0.8595, 1.0505, 0.8595, 1.0027, 1.3847, 2.4352, 1.6235, 1.146, 0.6207, 1.0027, 1.719, 0.382, 0.191, 0.3342, 0.4775, 0.4917, 5.671, 5.1092, 3.82],
      [3.8601, 3.4892, 35.4731, 0.1938, 0, 1.0447, 6.0091, 21.7103, 33.5347, 0.4633, 0.7857, 11.4367, 6.7845, 9.1106, 3.683, 4.2645, 7.366, 5.6214, 1.1631, 0.5815, 2.1323, 0.1938, 2.7138, 1.5507, 0.5815, 2.7806, 8.1414, 0.9692, 0.9692, 6.0091, 0, 1.7446, 4.4584, 4.2645, 3.2953, 3.4892, 3.4892, 4.2645, 3.4892, 4.0707, 5.6214, 9.886, 6.5906, 4.6522, 2.5199, 4.0707, 6.9783, 1.5507, 0.7754, 1.3569, 1.9384, 0, 0, 20.7411, 15.5074]
    ]
  ],
  "V_est": [
    [911.377, 353.7988, 13.2197, 24.0519, 8.5526],
    [178.8559, 499.9726, 11387.7505, 472.4849, 74.9361],
    [89.542, 333.3986, 177.0732, 19341.6667, 77.3196],
    [26.3894, 36.5513, 1889.7553, 41.4841, 276.82],
    [376.8358, 604.2788, 195.2013, 114.3125, 297.3716]
  ],
  "p_est": [
    [0.6952, 0.2699, 0.0101, 0.0183, 0.0065],
    [0.0142, 0.0396, 0.9028, 0.0375, 0.0059],
    [0.0045, 0.0167, 0.0088, 0.9662, 0.0039],
    [0.0116, 0.0161, 0.8321, 0.0183, 0.1219],
    [0.2373, 0.3805, 0.1229, 0.072, 0.1873]
  ],
  "EI_Z": {},
  "EI_V": 9.6159,
  "MAE_Z": {},
  "MAE_V": 290.809,
  "MAE_p": 0.1059,
  "runtime": 1.3574
}
