{
  "X": [
    [24, 77, 81, 18, 17],
    [53, 154, 514, 52, 60],
    [28, 250, 76, 39, 30],
    [23, 540, 43, 35, 29],
    [10, 96, 9, 8, 5],
    [14, 173, 18, 14, 11],
    [25, 248, 18, 9, 19],
    [35, 213, 79, 37, 20],
    [11, 51, 32, 14, 4],
    [21, 53, 149, 15, 21],
    [7, 53, 62, 12, 11],
    [99, 193, 389, 59, 52],
    [24, 64, 39, 2, 17],
    [98, 161, 485, 58, 44],
    [2, 4, 3, 1, 0],
    [0, 7, 7, 0, 0],
    [125, 79, 74, 14, 15],
    [141, 116, 118, 19, 23],
    [77, 126, 367, 46, 42],
    [56, 48, 97, 12, 15],
    [67, 134, 242, 57, 60],
    [16, 11, 47, 5, 5],
    [107, 123, 394, 37, 41],
    [44, 49, 332, 20, 27],
    [129, 149, 423, 46, 38],
    [35, 73, 177, 25, 18],
    [97, 357, 360, 55, 56],
    [18, 51, 32, 7, 7],
    [50, 381, 131, 74, 53],
    [8, 217, 29, 20, 15],
    [146, 145, 259, 51, 35],
    [236, 337, 764, 88, 94],
    [156, 125, 233, 34, 22],
    [86, 103, 223, 33, 40],
    [2, 16, 15, 2, 9],
    [4, 45, 42, 10, 8],
    [6, 21, 23, 3, 9],
    [22, 89, 85, 32, 10],
    [29, 97, 49, 10, 15],
    [47, 175, 130, 59, 23],
    [54, 141, 140, 44, 25],
    [29, 92, 49, 20, 16],
    [108, 166, 115, 31, 31],
    [8, 257, 20, 17, 13],
    [18, 275, 25, 14, 10],
    [11, 163, 39, 27, 10],
    [11, 6, 13, 2, 4],
    [16, 13, 11, 3, 1],
    [95, 162, 535, 58, 49],
    [85, 147, 345, 39, 46],
    [77, 143, 473, 41, 39],
    [62, 105, 743, 45, 42],
    [3, 0, 2, 0, 0],
    [1204, 3720, 4147, 774, 532],
    [171, 675, 423, 53, 104],
    [331, 769, 726, 127, 127],
    [168, 116, 265, 20, 25]
  ],
  "W": [
    [17, 60, 130, 10],
    [38, 410, 326, 59],
    [26, 60, 320, 17],
    [17, 31, 587, 35],
    [9, 3, 112, 4],
    [12, 15, 191, 12],
    [8, 17, 282, 12],
    [23, 59, 285, 17],
    [7, 24, 74, 7],
    [19, 115, 104, 21],
    [9, 50, 78, 8],
    [73, 312, 360, 47],
    [14, 30, 94, 8],
    [66, 384, 356, 40],
    [2, 3, 5, 0],
    [3, 4, 7, 0],
    [44, 57, 199, 7],
    [72, 92, 234, 19],
    [47, 273, 308, 30],
    [39, 83, 89, 17],
    [49, 215, 237, 59],
    [14, 36, 30, 4],
    [84, 288, 304, 26],
    [42, 302, 106, 22],
    [66, 325, 362, 32],
    [28, 129, 155, 16],
    [44, 266, 566, 49],
    [13, 24, 73, 5],
    [34, 88, 525, 42],
    [8, 19, 249, 13],
    [94, 180, 333, 29],
    [195, 626, 612, 86],
    [98, 199, 243, 30],
    [70, 179, 195, 41],
    [1, 11, 29, 3],
    [8, 34, 61, 6],
    [8, 19, 33, 2],
    [19, 56, 151, 12],
    [12, 32, 145, 11],
    [30, 86, 292, 26],
    [24, 94, 265, 21],
    [12, 37, 142, 15],
    [46, 75, 307, 23],
    [5, 18, 276, 16],
    [7, 19, 308, 8],
    [8, 24, 199, 19],
    [12, 8, 15, 1],
    [11, 8, 24, 1],
    [64, 396, 400, 39],
    [52, 260, 309, 41],
    [54, 358, 312, 49],
    [61, 565, 326, 45],
    [0, 4, 1, 0],
    [737, 3460, 5701, 479],
    [136, 365, 829, 96],
    [249, 569, 1144, 118],
    [84, 242, 251, 17]
  ],
  "method": "mvn_pdf",
  "cond_prob": [
    [
      [0.58380467114, 0.0049358204563, 0.23417713024, 0.026964369217, 0.15011800895],
      [0.031665552549, 0, 0.94081280245, 0.010052502953, 0.017469142043],
      [0.092981784252, 0.58268451358, 0.14380088058, 0.11697865971, 0.063554161881],
      [0.0087755484819, 0.11671042874, 0.18761061627, 0.17312297842, 0.51378042809]
    ],
    [
      [0.46691708915, 0.0037870878893, 0.37461464078, 0.022731116974, 0.13195006521],
      [0.013909334318, 0.0070877864552, 0.95917967582, 0.0083511066733, 0.011472096734],
      [0.089392041733, 0.44904609355, 0.27037770038, 0.11930757582, 0.07187658852],
      [0.0069918294456, 0.0773063003, 0.31114993628, 0.14945752714, 0.45509440684]
    ],
    [
      [0.57126406887, 0.013553177274, 0.19067298667, 0.040742741314, 0.18376702587],
      [0.034450529111, 0.0053649531711, 0.91350351809, 0.018324646449, 0.02835635318],
      [0.034318292287, 0.76823732916, 0.044483654423, 0.10458549959, 0.048375224538],
      [0.0057793488688, 0.20528087474, 0.11750128505, 0.19846176874, 0.47297672261]
    ],
    [
      [0.63760660947, 0.019403851115, 0.19242695998, 0.028249345109, 0.12231323433],
      [0.041266552697, 0.003216102834, 0.92465826912, 0.011959713089, 0.018899362258],
      [0.018123996139, 0.89774872708, 0.011053587728, 0.048947458514, 0.024126230537],
      [0.0069325363328, 0.35976950132, 0.13073940975, 0.15476719657, 0.34779135603]
    ],
    [
      [0.65599267414, 0.016730004953, 0.19526455471, 0.028126059895, 0.10388670631],
      [0.040373138057, 0.00097585350351, 0.93208312124, 0.011390020452, 0.015177866746],
      [0.035173990086, 0.84426487682, 0.034283806832, 0.062649196445, 0.023628129822],
      [0.0088649072393, 0.3222090479, 0.15164581968, 0.17399634943, 0.34328387575]
    ],
    [
      [0.65970941401, 0.019580810058, 0.17167499106, 0.029835834209, 0.11919895067],
      [0.045738818587, 0.0041422053429, 0.91610617073, 0.013967990674, 0.02004481467],
      [0.027774122982, 0.88249742023, 0.0038812794345, 0.059701348912, 0.026145828444],
      [0.007712271966, 0.34549082798, 0.12141526454, 0.16912437393, 0.35625726159]
    ],
    [
      [0.70259292891, 0.013717315551, 0.13217265131, 0.01613033465, 0.13538676958],
      [0.064473497194, 0.003121570144, 0.89424249596, 0.0089011583441, 0.029261278354],
      [0.064366773581, 0.86605831776, 0.0015509459057, 0.026298204358, 0.041725758398],
      [0.010981413884, 0.30072909797, 0.10859413439, 0.10862866683, 0.47106668692]
    ],
    [
      [0.64778452901, 0.010559862466, 0.19132466435, 0.037516048919, 0.11281489525],
      [0.041419792265, 0.0031286502821, 0.9211475304, 0.016640792527, 0.017663234526],
      [0.061392269949, 0.7326750062, 0.061901881638, 0.10909133208, 0.034939510132],
      [0.0094347737397, 0.22118564885, 0.15351718585, 0.23907614542, 0.37678624614]
    ],
    [
      [0.66125757145, 0.008839382657, 0.21243542265, 0.048308608361, 0.069159014886],
      [0.037076962596, 0.0042860030562, 0.93428689943, 0.015556533386, 0.0087936015303],
      [0.073092117064, 0.6683735647, 0.091849003388, 0.14626593363, 0.020419381221],
      [0.010361890683, 0.19651663717, 0.18474860063, 0.35211483599, 0.25625803553]
    ],
    [
      [0.49116740924, 0.0042343123689, 0.35305695963, 0.020328721657, 0.1312125971],
      [0.01690962401, 0.00477555169, 0.95839295973, 0.008019941189, 0.011901923383],
      [0.091958069608, 0.48602798092, 0.24797367839, 0.10423539801, 0.06980487308],
      [0.007598724953, 0.086830933579, 0.2994030879, 0.13576093615, 0.47040631741]
    ],
    [
      [0.46223854255, 0.0089776899995, 0.29954754159, 0.039893860703, 0.18934236516],
      [0.0075233499418, 0.0054668152902, 0.95506961722, 0.013260307806, 0.018679909747],
      [0.031257175313, 0.66044536121, 0.1298492309, 0.12109922132, 0.057349011259],
      [0.0032032431876, 0.14139023143, 0.17779390686, 0.19152507501, 0.48608754351]
    ],
    [
      [0.61782289262, 0.0038512092557, 0.24884741127, 0.02483179424, 0.10464669262],
      [0.0334967866, 0.00040010432538, 0.9453428943, 0.0077448972698, 0.013015317503],
      [0.11914370884, 0.52064561659, 0.17842849645, 0.12619656951, 0.055585608618],
      [0.011833962528, 0.10982142985, 0.24793398372, 0.19872566059, 0.43168496331]
    ],
    [
      [0.66465874162, 0.0085228430161, 0.13362898797, 0.0044462997312, 0.18874312767],
      [0.059874247125, 0.0085136292381, 0.89785796981, 0, 0.033754153826],
      [0.13625505994, 0.66703974165, 0.09886829125, 0.016296384654, 0.081540522505],
      [0.011321821149, 0.11544195069, 0.11247946208, 0.05073645578, 0.7100203103]
    ],
    [
      [0.59028357619, 0.0032279770864, 0.29999076924, 0.021869856031, 0.084627821451],
      [0.028460556787, 0.0030438888326, 0.95031239916, 0.0077242362363, 0.010458918983],
      [0.13373867096, 0.43858343088, 0.24470931661, 0.12931253633, 0.053656045214],
      [0.012536582616, 0.087059970169, 0.32910328094, 0.1888804963, 0.38241966997]
    ],
    [
      [0.85372143622, 0, 0.092792720915, 0.053485842869, 0],
      [0.017273976366, 0, 0.93197731974, 0.050748703893, 0],
      [0.048147039694, 0.8, 0.0036965197896, 0.14815644052, 0],
      [0.010115998982, 0.3619778259, 0.10864907795, 0.50853448988, 0.01072260729]
    ],
    [
      [0, 0.25919968724, 0.74080031276, 0, 0],
      [0, 0, 1, 0, 0],
      [0, 0.88891441976, 0.11108558024, 0, 0],
      [0.0025490988594, 0.4733028147, 0.43354025898, 0.053150672226, 0.037457155235]
    ],
    [
      [0.89616309473, 0.023220129374, 0.049871276177, 0.0064259743786, 0.024319525338],
      [0.18918064848, 0.029265242245, 0.75553960332, 0.0093869367693, 0.016627569188],
      [0.37278837549, 0.37985582318, 0.13709429273, 0.061936714105, 0.048324794497],
      [0.085805735212, 0.10269809797, 0.2083060295, 0.12239937495, 0.48079076237]
    ],
    [
      [0.86250932815, 0.016183546114, 0.077815194104, 0.0067734084425, 0.036718523191],
      [0.11225392036, 0.018876584893, 0.84710356654, 0.0071933155747, 0.014572612631],
      [0.28934914841, 0.4725601772, 0.12897005115, 0.065049039766, 0.044071583478],
      [0.045487735344, 0.13258196871, 0.22551504919, 0.13837127653, 0.45804397023]
    ],
    [
      [0.56150203443, 0.0029497325145, 0.31507319041, 0.019325924332, 0.10114911832],
      [0.027506942597, 0.0039265340068, 0.94815282931, 0.009145514873, 0.011268179218],
      [0.13881445479, 0.3983801904, 0.27110283439, 0.12321395152, 0.06848856889],
      [0.011505232563, 0.069610671477, 0.32820548857, 0.15483529758, 0.43584330981]
    ],
    [
      [0.7978676148, 0.0049759305907, 0.12832352466, 0.012284014459, 0.056548915487],
      [0.063800993382, 0.0056042107668, 0.90701279496, 0.0095554202357, 0.014026580659],
      [0.21528377979, 0.50703718999, 0.14253683526, 0.088695570937, 0.046446624032],
      [0.025142598275, 0.13026348851, 0.23691424818, 0.16670104372, 0.44097862132]
    ],
    [
      [0.61755233256, 0.0057772393004, 0.18016112423, 0.036534955722, 0.15997434818],
      [0.047202950537, 0.0068072406861, 0.91543353113, 0.0086055720101, 0.021950705633],
      [0.10969257694, 0.53368912538, 0.11866899209, 0.16632583524, 0.071623470348],
      [0.010070518709, 0.097780267986, 0.13948041684, 0.23627739383, 0.51639140264]
    ],
    [
      [0.66028312774, 0.00092512326179, 0.25017297504, 0.017491427392, 0.071127346571],
      [0.028929087619, 0, 0.94372125923, 0.013411255211, 0.013938397935],
      [0.18835190275, 0.35756274982, 0.27158254217, 0.12130226993, 0.06120053534],
      [0.016007993751, 0.065041444965, 0.34403418802, 0.15831168273, 0.41660469053]
    ],
    [
      [0.59252926451, 0.0037944811219, 0.3028572717, 0.014819527633, 0.085999455037],
      [0.029446858776, 0.0060472237978, 0.94498818209, 0.0084079309623, 0.01110980437],
      [0.15917635624, 0.3917213438, 0.28590437089, 0.098684151457, 0.06451377761],
      [0.013739775259, 0.071399023731, 0.36494092241, 0.1282189815, 0.42170129711]
    ],
    [
      [0.55896068775, 0.0028976913201, 0.2955862318, 0.021573313178, 0.12098207595],
      [0.024934694827, 0.00070199717178, 0.95384982303, 0.0079716781108, 0.012541806863],
      [0.12052218478, 0.44310848541, 0.23990109624, 0.12406575675, 0.072402476822],
      [0.0099100767993, 0.077127016613, 0.2769643413, 0.16070472009, 0.4752938452]
    ],
    [
      [0.690128279, 0.0028488014683, 0.23283802387, 0.013521356554, 0.060663539111],
      [0.034896300835, 0.0048437800862, 0.94114767407, 0.0091204959309, 0.009991749077],
      [0.19745436209, 0.39928816128, 0.24940394217, 0.10277092322, 0.051082611235],
      [0.01974239805, 0.084232380988, 0.35860841515, 0.15438609638, 0.38303070943]
    ],
    [
      [0.5359925747, 0.0040645055925, 0.34524131837, 0.024360306574, 0.09034129477],
      [0.022320119426, 0.0044844327316, 0.95494830331, 0.0077923979266, 0.010454746602],
      [0.10935484828, 0.45723374235, 0.24966153993, 0.13084701202, 0.052902857414],
      [0.010181938677, 0.089779497257, 0.34046082931, 0.18946282628, 0.37011490848]
    ],
    [
      [0.63260345649, 0.0051704180857, 0.24170868623, 0.018342023409, 0.10217541578],
      [0.034555672034, 9.8459835552e-05, 0.94629787641, 0.0059385504973, 0.013109441224],
      [0.10488935147, 0.6168732276, 0.15104337391, 0.079920420636, 0.047273626386],
      [0.012372780057, 0.15502172383, 0.24814353155, 0.15057833588, 0.43388362869]
    ],
    [
      [0.70679562946, 0.0055686832736, 0.17243966712, 0.019383477419, 0.095812542721],
      [0.048400389587, 0, 0.92500235621, 0.0095730056944, 0.01702424851],
      [0.10384132623, 0.68411857343, 0.090906873747, 0.078082296465, 0.043050930123],
      [0.013926130357, 0.1973902514, 0.18440519898, 0.16365100298, 0.44062741628]
    ],
    [
      [0.58335778375, 0.010116818258, 0.20356742592, 0.040614853043, 0.16234311904],
      [0.034836592535, 0.0031001207576, 0.92153531488, 0.016676116432, 0.023851855393],
      [0.051088620822, 0.71019337666, 0.070847203489, 0.11797477971, 0.049896019319],
      [0.0066354589965, 0.1793260668, 0.13782899946, 0.21940089056, 0.45680858419]
    ],
    [
      [0.58304442471, 0.017409415739, 0.21629150708, 0.033998105325, 0.14925654714],
      [0.031998254226, 0.0034482330245, 0.93069315093, 0.013219771471, 0.020640590352],
      [0.010674407039, 0.85515454545, 0.031458232195, 0.069330751809, 0.033382063506],
      [0.0053654168674, 0.29705587918, 0.13487678917, 0.17026786915, 0.39243404563]
    ],
    [
      [0.74045774413, 0.0033390181277, 0.18038561354, 0.016909808395, 0.058907815806],
      [0.046465303369, 0.0025640774263, 0.93087218297, 0.0093442537423, 0.010754182492],
      [0.20241967578, 0.42482912641, 0.19845926669, 0.12558258549, 0.048709345635],
      [0.021636738343, 0.095051698839, 0.28964908912, 0.20377625407, 0.38988621963]
    ],
    [
      [0.6575931824, 0.0036637200639, 0.22838895419, 0.01942240339, 0.090931739952],
      [0.03797595784, 0.00023283090067, 0.94181847375, 0.0076104561628, 0.012362281347],
      [0.13523106755, 0.53232571134, 0.17551138382, 0.10516661701, 0.051765220279],
      [0.014360075371, 0.12042426861, 0.26131188916, 0.17542460667, 0.42847916018]
    ],
    [
      [0.82943474171, 0.0076545502653, 0.11553839242, 0.012906488495, 0.034465827109],
      [0.072744166733, 0.011446151837, 0.8980738646, 0.011413299562, 0.0063225172686],
      [0.24365371362, 0.48446942579, 0.14420956557, 0.099365959111, 0.028301335912],
      [0.034381790782, 0.14153331307, 0.26392046845, 0.21059964835, 0.34956477934]
    ],
    [
      [0.68427095886, 0.0029591246597, 0.197542856, 0.019599520409, 0.095627540069],
      [0.043302389106, 0, 0.93316677383, 0.0090723977046, 0.014458439356],
      [0.15249707726, 0.50475368194, 0.16740494525, 0.11593603498, 0.059408260578],
      [0.014950613765, 0.10648520234, 0.23149227415, 0.18040359908, 0.46666831068]
    ],
    [
      [0.18726337926, 0.0069838234058, 0.11866700193, 0.0078488166297, 0.67923697877],
      [0.02088263962, 0.052927541224, 0.87767849034, 0.010460914, 0.03805041482],
      [0.054373847148, 0.52837790137, 0.17672750722, 0.063177671822, 0.17734307243],
      [0.0020620058782, 0.029284694421, 0.033923964993, 0.014976215509, 0.9197531192]
    ],
    [
      [0.44197099504, 0.012850478318, 0.29919522238, 0.051328055236, 0.19465524903],
      [0.0011583762674, 0.0094454329449, 0.95193593545, 0.0168038611, 0.020656394242],
      [0.0068352800718, 0.71410011981, 0.10314262268, 0.12602275757, 0.049899219869],
      [0.0013158603728, 0.16932402416, 0.15815273877, 0.22177601144, 0.44943136525]
    ],
    [
      [0.34894448888, 0.016243916235, 0.15899503301, 0.016729649525, 0.45908691236],
      [0.036674393139, 0.02834426573, 0.90881787335, 0.013776764532, 0.012386703253],
      [0.075906233701, 0.61324549953, 0.13194740625, 0.076575000395, 0.10232586012],
      [0.0033624536155, 0.047203068315, 0.053117868065, 0.038714632323, 0.85760197768]
    ],
    [
      [0.5551723525, 0.0086068377897, 0.29766361875, 0.05501818322, 0.083539007733],
      [0.022693014897, 0.0080505751643, 0.95443100427, 0.0058306603513, 0.0089947453198],
      [0.066812003898, 0.57465102345, 0.15336238658, 0.1740413038, 0.031133282272],
      [0.0076919899599, 0.13444444438, 0.22821121925, 0.36232505541, 0.26732729101]
    ],
    [
      [0.71618804589, 0.0052266663598, 0.16263094204, 0.012814447189, 0.10313989853],
      [0.054796570645, 0.00049862861829, 0.92057047069, 0.0053854824587, 0.018748847588],
      [0.12745954693, 0.65547653901, 0.10710749637, 0.057490100177, 0.052466317522],
      [0.015510807615, 0.17065688474, 0.18723515096, 0.12162060631, 0.50497655039]
    ],
    [
      [0.61899407396, 0.0073534525659, 0.23398474056, 0.048268508812, 0.091399224106],
      [0.034384774215, 0.0049791142924, 0.93757068926, 0.01066322358, 0.012402198654],
      [0.086360531117, 0.58468307949, 0.12761585595, 0.16380324877, 0.037537284677],
      [0.0098389274092, 0.13937436093, 0.19559802193, 0.33862918716, 0.31655950258]
    ],
    [
      [0.6614543787, 0.0038666531072, 0.21587538357, 0.028268299578, 0.090535285046],
      [0.040201150889, 0.00051664526749, 0.93751542621, 0.0085896061929, 0.013177171444],
      [0.1285496738, 0.52235864597, 0.15811971642, 0.14108308752, 0.049888876295],
      [0.013358246279, 0.11588545184, 0.22813408948, 0.24414855408, 0.39847365833]
    ],
    [
      [0.72843999663, 0.0052551748202, 0.1412190876, 0.024354448121, 0.10073129283],
      [0.062643105303, 0.0007430123677, 0.90187545518, 0.01396375622, 0.020774670926],
      [0.1247727447, 0.63035594567, 0.082004897003, 0.11286222526, 0.050004187373],
      [0.014879693112, 0.15992681065, 0.15275224884, 0.21097677708, 0.46146447033]
    ],
    [
      [0.81171723298, 0.0051613580706, 0.11050560157, 0.011086620726, 0.061529186656],
      [0.083522915272, 0.004502378562, 0.88716072661, 0.0083867221108, 0.016427257446],
      [0.20776980813, 0.52884126508, 0.12590176738, 0.085461460231, 0.052025699177],
      [0.026585110464, 0.13350568514, 0.20555848894, 0.15758013032, 0.47677058514]
    ],
    [
      [0.64061522993, 0.019802480029, 0.18665235223, 0.029638423356, 0.12329151445],
      [0.041557149122, 0.0042491768518, 0.92179932664, 0.01293139807, 0.019462949313],
      [0.014287666293, 0.90913845949, 0.0018583864841, 0.051043133682, 0.023672354055],
      [0.0065937043257, 0.3688929749, 0.1225897306, 0.15819611385, 0.34372747632]
    ],
    [
      [0.68321123373, 0.016384530547, 0.17660353904, 0.022797393765, 0.10100330293],
      [0.048038650687, 0.0032676532113, 0.92186372937, 0.010147709105, 0.016682257629],
      [0.03968854382, 0.88291470904, 0.0165996828, 0.04048273872, 0.020314325617],
      [0.010089438024, 0.36068656125, 0.14195775831, 0.1473660306, 0.33990021181]
    ],
    [
      [0.60979642888, 0.014271158478, 0.23485750187, 0.045948733288, 0.095126177486],
      [0.030449494078, 0.0034827409299, 0.93735111004, 0.017051385324, 0.011665269628],
      [0.026503061507, 0.79147477354, 0.057517739301, 0.10661752581, 0.017886899848],
      [0.0061437616426, 0.27888236925, 0.16729911701, 0.26348890792, 0.28418584417]
    ],
    [
      [0.66330306156, 0, 0.18275265355, 0.02161685716, 0.13232742773],
      [0.034105409403, 0, 0.9380233554, 0.011789358877, 0.016081876316],
      [0.18378316149, 0.39685041773, 0.20875445065, 0.10425059065, 0.10636137948],
      [0.010772563671, 0.047243734068, 0.17146455448, 0.082523983234, 0.68799516455]
    ],
    [
      [0.86557804648, 0.0065785804689, 0.089536992874, 0.016266122618, 0.02204025756],
      [0.091951673103, 0.0033154958636, 0.88682031535, 0.01257467775, 0.0053378379375],
      [0.23763569757, 0.53041301754, 0.11142053213, 0.1036032717, 0.016927481063],
      [0.039771362188, 0.17119922709, 0.24643778439, 0.23399670849, 0.30859491784]
    ],
    [
      [0.52664777485, 0.0034775122838, 0.36281178602, 0.018825180958, 0.088237745897],
      [0.0238680569, 0.007598302265, 0.94811247453, 0.0096870013383, 0.010734164963],
      [0.12853349631, 0.39007635241, 0.30337245711, 0.11763352512, 0.060384169042],
      [0.011010085945, 0.070204373137, 0.38406469065, 0.15142886769, 0.38329198258]
    ],
    [
      [0.61126067151, 0.0032837684745, 0.27302279938, 0.015981538331, 0.096451222311],
      [0.030973323226, 0.0028864601616, 0.94747739345, 0.0070659044264, 0.011596918734],
      [0.14439085258, 0.4608532828, 0.23252186512, 0.099042509309, 0.06319149019],
      [0.013283112076, 0.089636585695, 0.30754721492, 0.1396997434, 0.44983334391]
    ],
    [
      [0.54106889313, 0.0040338096581, 0.36566721902, 0.016208705324, 0.073021372863],
      [0.02281509845, 0.0095429376996, 0.95054419303, 0.0078944249541, 0.0092033458703],
      [0.12506821033, 0.43291303426, 0.29665023212, 0.097275174905, 0.048093348385],
      [0.012105977624, 0.087692569231, 0.41641380914, 0.1418096165, 0.3419780275]
    ],
    [
      [0.38614555652, 0.0034100911221, 0.52412796047, 0.014816849599, 0.071499542281],
      [0.011626587182, 0.01733849536, 0.94485573883, 0.013907711872, 0.01227146676],
      [0.096725565768, 0.28487316915, 0.46959827999, 0.095820673108, 0.05298231198],
      [0.0076347745336, 0.047268476003, 0.53545917103, 0.11112834519, 0.29850923324]
    ],
    [
      [1, 0, 0, 0, 0],
      [0.52937665567, 0, 0.47062334433, 0, 0],
      [0.88249337731, 0, 0.11750662269, 0, 0],
      [5.2075393681e-31, 1.4139549535e-24, 3.3515333249e-74, 2.7936298927e-196, 1]
    ],
    [
      [0.66226440557, 0.0061009188337, 0.20892120427, 0.027194252277, 0.095519219055],
      [0.041481364641, 0.0010005294822, 0.93291944146, 0.010705693656, 0.013892970762],
      [0.099339977037, 0.63666552762, 0.11670460879, 0.10762545407, 0.039664432482],
      [0.012627144789, 0.1720493066, 0.20833158728, 0.21574827211, 0.39124368922]
    ],
    [
      [0.67030461136, 0.012423749056, 0.17428893821, 0.016564864628, 0.12641783674],
      [0.048842293704, 0.0076735778308, 0.91580510368, 0.005064868692, 0.022614156092],
      [0.073498547095, 0.7798298851, 0.060548615108, 0.04461064783, 0.041512304867],
      [0.011258751151, 0.2503181195, 0.15451082954, 0.12412785716, 0.45978444266]
    ],
    [
      [0.69549708856, 0.0058685966221, 0.18747822473, 0.019882235801, 0.091273854285],
      [0.048577243136, 0.00054675186994, 0.92735780241, 0.0087368649355, 0.014781337651],
      [0.11226368247, 0.65171083024, 0.11105206381, 0.084208893023, 0.04076453046],
      [0.014840007321, 0.18364769351, 0.20854043618, 0.17578875863, 0.41718310435]
    ],
    [
      [0.85449006438, 0.0103290259, 0.092533060647, 0.0060699917209, 0.036577857349],
      [0.071059086286, 0.02598988509, 0.88256398263, 0.0067079114833, 0.013679134512],
      [0.31173353112, 0.42568977719, 0.15645246444, 0.062368114209, 0.043756113041],
      [0.045965847032, 0.11733385641, 0.25748061964, 0.13014173235, 0.44907794456]
    ]
  ],
  "expected_outcome": [
    [
      [9.9246794095, 17.7428493876, 14.8528657906, 10.8393123609, 5.9039340672, 7.9165129681, 5.6207434312, 14.8990441673, 4.6288030002, 9.3321807756, 4.160146883, 45.1010711611, 9.3052223827, 38.9587160288, 1.7074428724, 0, 39.4311761683, 62.1006716267, 26.3905956181, 31.1168369774, 30.2600642956, 9.2439637883, 49.772458219, 23.4763488854, 45.5484664138, 15.0077920915, 27.8345520854, 9.188343183, 19.8341646474, 4.6643553977, 69.6030279484, 128.2306705686, 81.2846046875, 47.8989671204, 0.18726337926, 3.5357679603, 2.791555911, 10.5482746976, 8.5942565507, 18.5698222188, 15.8749050887, 8.7412799595, 37.3389927169, 3.2030761497, 4.7824786361, 4.878371431, 7.9596367388, 9.5213585113, 33.7054575901, 31.7855549183, 29.2177202293, 23.554878948, 0, 488.0888669025, 91.1614271453, 173.1787750512, 71.7771654083],
      [0.083908947756, 0.14390933979, 0.35238260914, 0.32986546896, 0.15057004457, 0.2349697207, 0.10973852441, 0.24287683673, 0.061875678599, 0.080451935008, 0.080799209996, 0.28113827566, 0.11931980223, 0.2130464877, 0, 0.77759906171, 1.0216856925, 1.1652153202, 0.13863742818, 0.19406129304, 0.28308472572, 0.012951725665, 0.31873641424, 0.12170303544, 0.18802089691, 0.11380615659, 0.22749839577, 0.072392882557, 0.34397182078, 0.13927532592, 0.31386770401, 0.71442541247, 0.750145926, 0.20713872618, 0.0069838234058, 0.10280382655, 0.12995132988, 0.163529918, 0.062719996318, 0.22060357698, 0.092799674573, 0.063062097842, 0.23742247125, 0.099012400143, 0.11469171383, 0.11416926782, 0, 0.072364385158, 0.22256078617, 0.17075596067, 0.21782572153, 0.20801555845, 0, 4.4963771804, 1.6896298716, 1.4612805589, 0.86763817558],
      [3.981011214, 14.2353563497, 4.9574976533, 3.2712583196, 1.7573809924, 2.0600998927, 1.0573812105, 4.4004672801, 1.4870479585, 6.7080822329, 2.6959278743, 18.1658610228, 1.8708058315, 19.7993907697, 0.18558544183, 2.2224009383, 2.1943361518, 5.6026939755, 14.8084399492, 5.0046174617, 8.8278950874, 3.5024216505, 25.4400108224, 12.4146217357, 15.3673095754, 9.6667569143, 10.6351821942, 2.2417156726, 6.9212924811, 1.7303320566, 16.9562476728, 44.5358460671, 11.3227624574, 13.82799992, 0.11866700193, 2.393561779, 1.2719602641, 5.6556087563, 1.9515713044, 7.0195422167, 5.1810092057, 1.6946290512, 5.0832576723, 0.93326176117, 1.2362247733, 1.878860015, 2.1930318426, 0.98490692162, 23.219954305, 14.1971855677, 19.7460298271, 31.9718055889, 0, 153.9749275454, 23.7032955967, 46.6820779585, 7.7727770943],
      [0.45839427669, 0.863782445, 1.0593112742, 0.48023886686, 0.25313453906, 0.3580300105, 0.1290426772, 0.86286912513, 0.33816025853, 0.38624571148, 0.35904474632, 1.8127209795, 0.062248196236, 1.443410498, 0.10697168574, 0, 0.28274287266, 0.48768540786, 0.9083184436, 0.4790765639, 1.7902128304, 0.24487998349, 1.2448403212, 0.90607915347, 0.89240953255, 0.68208858407, 0.80704903002, 0.25198520645, 1.3809050035, 0.2719848426, 1.5895219891, 3.7873686611, 1.2648358725, 1.3719664286, 0.0078488166297, 0.41062444189, 0.1338371962, 1.0453454812, 0.15377336627, 1.4480552644, 0.67843918988, 0.29225337745, 0.50998455337, 0.14819211678, 0.15958175635, 0.36758986631, 0.25940228592, 0.17892734879, 1.2048115813, 0.83103999321, 0.87527008751, 0.90382782554, 0, 20.0421639284, 2.2528215894, 4.9506767145, 0.50987930455],
      [2.5520061521, 5.0141024779, 4.7779426727, 2.0793249837, 0.93498035675, 1.430387408, 1.0830941567, 2.5947425908, 0.4841131042, 2.493039345, 1.7040812864, 7.639208561, 2.6424037873, 5.5854362157, 0, 0, 1.0700591149, 2.6437336697, 4.7540085609, 2.205407704, 7.8387430609, 0.995782852, 7.2239542231, 5.0812471899, 4.0037935813, 2.5295562536, 4.4957182945, 1.2455630554, 5.5196660472, 1.1940523771, 5.5373346857, 17.7316892907, 3.3776510566, 6.6939278048, 0.67923697877, 1.5572419922, 3.6726952988, 1.5872411469, 1.2376787823, 2.7419767232, 2.1728468411, 1.2087755139, 2.8303425862, 0.61645757224, 0.70702312049, 0.76100941989, 1.5879291327, 0.24244283316, 5.6472157374, 5.0154635602, 3.9431541346, 4.3614720792, 0, 70.3976644433, 17.192825797, 22.727189717, 3.0725400173]
    ],
    [
      [1.8999331529, 5.7028270703, 2.0670317467, 1.2792631336, 0.12111941417, 0.6860822788, 1.0960494523, 2.4437677436, 0.8898471023, 1.9446067611, 0.37616749709, 10.4509974193, 1.7962274137, 10.9288538061, 0.051821929099, 0, 10.7832969634, 10.3273606733, 7.509395329, 5.2954824507, 10.1486343654, 1.0414471543, 8.4806953274, 7.5302778378, 11.3412977713, 2.8792954059, 9.1918087609, 1.1616093501, 3.0656201431, 0.6079668303, 8.3637546064, 23.7729496077, 14.4760891799, 7.75112765, 0.22970903582, 0.039384793092, 0.69681346964, 1.2708088343, 1.7534902606, 2.9570905825, 3.7789081836, 2.3177948962, 6.2642186454, 0.7480286842, 0.91273436306, 0.73078785787, 0.27284327523, 0.73561338483, 9.4517505324, 8.0530640387, 8.1678052453, 6.5690217577, 2.1175066227, 143.5255216582, 17.8274372021, 27.6404513446, 17.1962988812],
      [0, 2.9059924466, 0.32189719027, 0.099699187855, 0.0029275605105, 0.062133080144, 0.053066692447, 0.18459036664, 0.10286407335, 0.54918844435, 0.27334076451, 0.12483254952, 0.25540887714, 1.1688533117, 0, 0, 1.668118808, 1.7366458102, 1.0719437839, 0.46514949364, 1.4635567475, 0, 1.7416004538, 0.21200314588, 1.574228528, 0.57849182237, 0.026190316257, 0, 0.27281062667, 0.065516427466, 0.46153393673, 0.14575214382, 2.2777842156, 0, 0.58220295346, 0.32114472013, 0.53854104887, 0.4508322092, 0.015956115785, 0.42820382915, 0.048564655144, 0.027491457605, 0.33767839215, 0.076485183332, 0.062085411015, 0.083585782317, 0, 0.026523966909, 3.0089276969, 0.75047964202, 3.4163716964, 9.7962498785, 0, 3.4618320083, 2.8008559082, 0.311101814, 6.2895521917],
      [56.4487681473, 393.263667086, 54.8102110853, 28.6644063427, 2.7962493637, 13.7415925609, 15.2021224314, 54.3477042936, 22.4228855864, 110.2151903687, 47.7534808608, 294.9469830221, 26.9357390943, 364.9199612781, 2.7959319592, 4, 43.0657573891, 77.9335281217, 258.8457224003, 75.2820619814, 196.8182091938, 33.9739653324, 272.1565964431, 288.0626465543, 305.8729940731, 123.1883311275, 251.715235125, 22.200056549, 81.0951077097, 17.6831698676, 167.5569929346, 589.5783645676, 178.7166990551, 167.0368525162, 9.6544633937, 32.3658218051, 17.2675395936, 53.448136239, 29.4582550621, 80.6310792763, 88.1264500634, 33.3693918418, 66.5370544957, 16.5923878796, 17.515410858, 22.496426641, 7.5041868432, 7.0945625228, 375.4525399155, 246.3441222977, 340.2948211032, 533.8434924367, 1.8824933773, 3227.901267446, 334.2688628435, 527.6665895698, 213.5804837962],
      [0.6031501772, 3.4239537361, 1.0994787869, 0.37075110577, 0.034170061356, 0.20951986011, 0.15131969185, 0.98180675912, 0.37335680127, 0.92229323674, 0.66301539028, 2.4164079482, 0, 2.9661067148, 0.15224611168, 0, 0.53505539585, 0.66178503287, 2.4967255603, 0.79309987957, 1.8501979822, 0.48280518759, 2.4214841171, 2.4074467895, 2.9641611775, 1.0052193325, 1.5796544323, 0.22975213667, 1.467498246, 0.25117565794, 1.6819656736, 4.7641455579, 2.2712466129, 1.6239591891, 0.115070054, 0.57133127741, 0.2617585261, 0.32651697968, 0.17233543868, 0.9170372279, 0.80742298213, 0.51665898014, 0.62900415831, 0.23276516526, 0.19280647299, 0.40923324777, 0.094314871017, 0.100597422, 3.83605253, 1.8371351509, 2.8262041336, 7.8578572079, 0, 37.0417000506, 1.8486770726, 4.9712761483, 1.623314579],
      [1.0481485226, 4.703559661, 1.7013811908, 0.58588023001, 0.045533600237, 0.30067222005, 0.49744173203, 1.042130837, 0.21104643673, 1.3687211891, 0.93399548733, 4.0607790609, 1.0126246148, 4.0162248894, 0, 0, 0.94777144373, 1.340680362, 3.0762129265, 1.1642061947, 4.7194017111, 0.50178232568, 3.1996236586, 3.7876256725, 3.24731845, 1.3486623117, 3.4871113655, 0.40858196425, 2.0989632746, 0.39217121668, 1.9357528486, 7.7387881229, 1.2581809364, 2.5880606447, 0.41855456302, 0.70231740423, 0.2353473618, 0.50370573791, 0.59996312282, 1.0665890842, 1.2386541158, 0.76866282427, 1.2320443084, 0.35033308764, 0.31696289495, 0.27996647108, 0.12865501053, 0.0427027035, 4.2507293252, 3.0151988708, 3.2947978216, 6.9333787192, 0, 48.0696788368, 8.2541669736, 8.4105811233, 3.3103505519]
    ],
    [
      [12.0876319528, 29.1418056048, 10.9818535319, 10.6387857338, 3.9394868896, 5.3048574895, 18.1514301499, 17.4967969355, 5.4088166628, 9.5636392392, 2.4380596744, 42.8917351808, 12.8079756344, 47.6109668605, 0.24073519847, 0, 74.1848867219, 67.7077007285, 42.754852076, 19.1602564012, 25.9971407352, 5.6505570824, 48.3896122968, 12.7753515871, 71.4784790773, 16.9500014837, 59.3673729308, 7.5804168151, 26.8215259317, 2.6579273527, 67.4057520333, 82.7614133417, 59.2078524092, 29.7369300652, 1.5768415673, 0.41695208438, 2.5049057121, 10.0886125887, 18.4816343049, 25.2172750861, 34.0656635558, 17.7177297476, 63.785331097, 3.9433958969, 12.2240714967, 5.2741092399, 2.7567474223, 5.7032567417, 51.4133985256, 44.616773448, 39.0212816219, 31.5325344404, 0.88249337731, 566.3372090856, 60.930295542, 128.4296527403, 78.245116311],
      [75.7489867648, 146.3890264959, 245.8359453301, 526.9785027969, 94.5576662033, 168.5570072634, 244.2284456075, 208.8123767662, 49.4596437879, 50.5469100155, 51.5147381741, 187.4324219719, 62.7017357151, 156.1357013938, 4, 6.2224009383, 75.5913088137, 110.5790814641, 122.7010986436, 45.1263099087, 126.4843227156, 10.7268824945, 119.083288515, 46.9694994532, 144.5423143835, 70.8712300649, 349.1502468205, 49.9406558604, 372.8515227472, 212.9334818173, 141.4680990929, 325.783335343, 117.7260704664, 98.426967978, 15.3229591399, 43.5601073084, 20.2371014846, 86.7723045403, 95.0440981558, 170.7274592098, 138.4250411816, 89.5105442848, 162.3542683784, 250.9222148181, 271.9377303851, 157.503479934, 5.9527562659, 12.7299124208, 156.0305409646, 142.4036643838, 135.0688666897, 92.8686531429, 0, 3629.6301729517, 646.4789747485, 745.5571897924, 106.8481340737],
      [18.694114476, 88.1431303239, 14.2347694155, 6.4884559964, 3.8397863652, 0.74132437199, 0.43736674541, 17.642036267, 6.7968262507, 25.7892625524, 10.12824001, 64.2342587202, 9.2936193775, 87.1165167146, 0.018482598948, 0.77759906171, 27.2817642527, 30.1789919682, 83.4996729934, 12.6857783379, 28.1245511256, 8.147476265, 86.9149287518, 25.4295162013, 90.2842270665, 38.6975386893, 85.4905496346, 6.6362017835, 37.194781832, 7.8330998165, 66.0869358082, 107.4129668975, 35.0429244339, 32.6439643239, 5.1250977094, 6.2916999832, 4.3542644062, 23.1577203738, 15.5305869729, 37.2638299368, 41.9017248519, 11.6446953744, 38.6518425863, 0.51291466961, 5.1127023023, 11.4460301209, 3.1313167597, 2.6740927712, 121.3489828443, 71.8492563229, 92.5548724218, 153.0890392779, 0.11750662269, 665.3329747016, 50.1948019243, 127.0435610023, 39.2695685756],
      [15.2072257619, 38.8942697178, 33.4673598703, 28.7321581475, 7.0167100019, 11.4029576423, 7.416093629, 31.0910296436, 10.8236790883, 10.8404813926, 9.4457392633, 45.4307650244, 1.5318601575, 46.0352629351, 0.74078220258, 0, 12.3254061068, 15.2214753052, 37.9498970687, 7.8939058134, 39.4192229512, 3.639068098, 29.9999820428, 13.1509702152, 37.2030742057, 20.2812868629, 45.2349580798, 5.700007642, 61.9367593469, 17.2633572005, 41.8190009692, 64.3619696071, 24.145928064, 22.6075268202, 1.8321524828, 7.687388212, 2.5269750131, 26.2802368743, 8.3360645257, 47.8305486417, 37.3870181924, 16.0264359863, 26.236668291, 14.0879048963, 12.4686835258, 21.2168876354, 1.5637588598, 2.4864785207, 47.0534100488, 30.6041353766, 30.3498545703, 31.2375394332, 0, 613.572713679, 36.9822270507, 96.3349736187, 15.6543966665],
      [8.2620410445, 23.4317678576, 15.4800718522, 14.1620973254, 2.64635054, 4.9938532328, 11.7666638682, 9.9577603877, 1.5110342104, 7.2597068003, 4.4732228782, 20.0108191026, 7.6648091155, 19.101552096, 0, 0, 9.6166341048, 10.3127505339, 21.0944792182, 4.1337495389, 16.9747624724, 1.8360160602, 19.6121883936, 7.6746625432, 18.491905267, 8.1999428991, 26.7568725342, 3.142717899, 26.1954101423, 8.312133813, 16.2202120964, 31.6803148106, 6.8772246266, 11.5846108127, 5.1429491006, 3.043852412, 3.376753384, 4.7011256231, 7.6076160406, 10.9608871256, 13.2205522182, 7.1005946069, 15.9718896472, 6.5335697191, 6.2568122901, 3.5594930698, 1.5954206922, 0.4062595455, 24.1536676167, 19.5261704688, 15.0051246962, 17.2722337056, 0, 226.1269295821, 34.4137007345, 46.6346228463, 10.9827843733]
    ],
    [
      [0.087755484819, 0.41251793729, 0.09824893077, 0.24263877165, 0.035459628957, 0.092547263593, 0.13177696661, 0.16039115357, 0.072533234782, 0.15957322401, 0.025625945501, 0.55619623879, 0.090574569192, 0.50146330462, 0, 0, 0.60064014649, 0.86426697153, 0.34515697688, 0.42742417068, 0.59416060381, 0.064031975003, 0.35723415674, 0.21802168959, 0.63175673759, 0.16291101883, 0.60626622279, 0.069630651783, 0.27868927785, 0.069750419276, 0.62746541194, 1.2349664819, 1.0314537234, 0.61297516438, 0.0061860176346, 0.0078951622369, 0.0067249072311, 0.092303879518, 0.17061888377, 0.25581211264, 0.28052317186, 0.22319539667, 0.61145754068, 0.10549926921, 0.080715504193, 0.11673147121, 0.010772563671, 0.039771362188, 0.42939335185, 0.5446075951, 0.59319290358, 0.34356485401, 0, 6.0484023537, 1.0808401105, 1.7511208639, 0.78141939955],
      [1.1671042874, 4.5610717177, 3.4897748705, 12.5919325463, 1.2888361916, 4.1458899357, 3.6087491756, 3.7601560304, 1.3756164602, 1.8234496052, 1.1311218514, 5.1616072029, 0.92353560554, 3.4823988068, 0, 0, 0.7188866858, 2.5190574055, 2.0883201443, 2.2144793046, 5.7690358112, 0.26016577986, 1.856374617, 1.6967943655, 2.6954361916, 1.4364719561, 7.5960644674, 0.98695125701, 7.5316948054, 3.8617264293, 2.7564992663, 10.3564871007, 4.245999392, 4.3658932958, 0.087854083262, 1.015944145, 0.09440613663, 1.6133333325, 1.8772257321, 3.6237333841, 2.4335944887, 2.3989021597, 3.0706307582, 5.9022875984, 2.88549249, 5.2987650158, 0.047243734068, 0.17119922709, 2.7379705523, 3.6751000135, 4.2969358923, 2.1270814201, 0, 82.4116178596, 24.0305394717, 21.6704278347, 1.994675559],
      [1.8761061627, 18.3578462404, 1.9975218458, 4.5758793412, 0.60658327873, 1.4569831744, 1.3031296127, 2.6097921594, 1.2932402044, 6.287464846, 1.4223512549, 11.6528972349, 0.89983569662, 13.1641312376, 0, 0, 1.4581422065, 4.2847859346, 9.846164657, 4.027542219, 8.2293445933, 1.3761367521, 9.4884639826, 6.0932155086, 11.4754692849, 5.4473732689, 12.1590330461, 0.92202599492, 5.7888179772, 1.7533982592, 8.3998235844, 22.4728224678, 7.9176140536, 9.49118324, 0.10177189498, 0.94891643263, 0.10623573613, 2.738534631, 2.0595866605, 5.0855485702, 4.790815879, 2.2912837326, 4.7278452457, 1.9614356896, 1.1356620665, 3.1786832232, 0.17146455448, 0.24643778439, 14.9785229352, 12.6094358118, 20.4042766479, 24.0956626965, 0, 99.790830307, 14.8330396355, 24.6077714695, 4.3771705339],
      [1.7312297842, 8.8179941012, 3.3738500686, 5.4168518799, 0.69598539771, 2.0294924871, 1.3035440019, 4.0642944721, 2.4648038519, 2.8509796592, 1.5322006001, 9.3401060479, 0.40589164624, 7.5552198522, 0, 0, 0.85679562466, 2.6290542541, 4.6450589274, 2.8339177432, 13.9403662362, 0.63324673093, 3.3336935189, 3.5355038419, 4.9403550842, 3.0314052204, 7.3783384579, 0.8182550149, 9.2148374036, 2.213482299, 5.909511368, 15.0865161739, 6.3179894506, 7.3965475621, 0.044928646526, 1.3306560687, 0.077429264646, 4.3479006649, 1.3378266694, 8.804358866, 5.1271196356, 3.1646516561, 3.6243429973, 2.5311378217, 1.1789282448, 5.0062892505, 0.082523983234, 0.23399670849, 5.9057258399, 5.7276894794, 6.9486712086, 5.0007755333, 0, 103.343422342, 11.9162742874, 20.7430735186, 2.21240945],
      [5.1378042809, 26.8505700035, 8.0406042843, 12.1726974609, 1.373135503, 4.2750871391, 5.6528002431, 6.4053661845, 1.7938062487, 9.8785326656, 3.8887003481, 20.2891932755, 5.6801624824, 15.2967867989, 0, 0, 3.3655353366, 8.7028354343, 13.0752992944, 7.4966365625, 30.4670927556, 1.6664187621, 10.9642337247, 10.4564645944, 12.2569827016, 5.9218385357, 21.2602978057, 2.2031370814, 19.1859605359, 5.1016425932, 11.3067003693, 36.8492077757, 10.4869433803, 19.1334007378, 2.7592593576, 2.6965881915, 1.7152039554, 3.2079274921, 5.5547420542, 8.230547067, 8.3679468249, 6.9219670549, 10.9657234581, 5.499639621, 2.7192016945, 5.3995310393, 0.68799516455, 0.30859491784, 14.9483873207, 18.4431671003, 16.7569233476, 13.432915496, 0, 187.4057271378, 44.139306495, 49.2276063134, 7.6343250576]
    ]
  ],
  "prob": [
    [0.66163276143, 0.0067471128043, 0.21783074831, 0.02148872424, 0.092300653224],
    [0.038358675746, 0.0045051109049, 0.93412062094, 0.0094925648845, 0.013523027527],
    [0.10963604333, 0.61045053178, 0.13696813098, 0.098009598645, 0.044935695261],
    [0.01337866086, 0.15220755526, 0.23684618133, 0.18428816822, 0.41327943433]
  ],
  "iterations": 105,
  "time": 0.02149,
  "message": "Converged",
  "status": 0,
  "miniter": 0,
  "maxiter": 1000,
  "maxtime": 3600,
  "param_threshold": 0.001,
  "ll_threshold": "-Inf",
  "initial_prob": "group_proportional",
  "adjust_prob_cond_method": "project_lp",
  "adjust_prob_cond_every": false,
  "candidates_id": ["Green Party.p", "Labour Party.p", "National Party.p", "New Zealand First Party.p", "Other parties votes.p"],
  "group_id": ["LOGIE, Heather Janet.c", "PARATA, Patricia Hekia.c", "FAAFOI, Kristopher.c", "Other candidates votes.c"]
}
