{
  "Z_true": {},
  "V_true": [
    [45, 692, 32, 733, 344, 70],
    [21, 25, 961, 57, 894, 96],
    [187, 160, 400, 146, 12597, 483],
    [110, 248, 61, 3218, 484, 159],
    [220, 247, 151, 831, 1033, 444],
    [842, 74, 20, 387, 634, 144],
    [46, 48, 88, 130, 701, 695]
  ],
  "p_true": [
    [0.0235, 0.3612, 0.0167, 0.3826, 0.1795, 0.0365],
    [0.0102, 0.0122, 0.4679, 0.0278, 0.4352, 0.0467],
    [0.0134, 0.0115, 0.0286, 0.0104, 0.9015, 0.0346],
    [0.0257, 0.0579, 0.0143, 0.7519, 0.1131, 0.0371],
    [0.0752, 0.0844, 0.0516, 0.284, 0.353, 0.1517],
    [0.4008, 0.0352, 0.0095, 0.1842, 0.3018, 0.0685],
    [0.0269, 0.0281, 0.0515, 0.0761, 0.4104, 0.4069]
  ],
  "Z_est": [
    [
      [0.0225, 0.0638, 0.045, 0.2814, 0.4726, 0.1088, 0.1913, 0.1388, 0.4502, 1.9056, 0, 0.2776, 0.3114, 0.0488, 0.0338, 0.0038, 0.015, 0.0535, 0.2589, 0.1613, 0.2551, 0.3414, 0.0825, 0.045, 0.2401, 0.1313, 0, 0.3114, 0.1576, 0.2326, 0.189, 0.4164, 0.0263, 0.0225, 0.2176, 0, 0, 0, 0.0375, 0.2589, 0, 0.5986, 0.0488, 0.5778, 0],
      [2.486, 7.0438, 4.9721, 31.0754, 18.6452, 12.0158, 21.1313, 15.3305, 49.7206, 8.1428, 0, 30.6611, 34.3901, 5.3864, 3.729, 0.4143, 1.6574, 0.7827, 28.5894, 17.8166, 28.175, 37.7048, 9.1154, 4.9721, 26.5177, 14.5018, 13.3789, 34.3901, 17.4022, 25.689, 7.4581, 45.9916, 2.8396, 2.486, 24.0316, 36.8761, 9.9441, 17.4022, 4.1434, 28.5894, 1.243, 23.6173, 5.3864, 63.8081, 8.1423],
      [0.0405, 0.1147, 0.081, 0.5062, 0, 0.1957, 0.3442, 0.2497, 0.81, 4.3962, 0, 0.4995, 0.5602, 0.0877, 0.0607, 0.0067, 0.027, 0.0135, 0.4657, 0.2902, 0.459, 0.6142, 0.1485, 0.081, 0.432, 0.2362, 0.216, 0.5602, 0.2835, 0.4185, 0, 0.7492, 0.108, 0.0405, 0.3915, 0.9347, 0.162, 0.2835, 0.0675, 0.4657, 0.0202, 0, 0.0877, 1.0395, 0.135],
      [3.2072, 9.0869, 6.4143, 40.0894, 24.0536, 15.5012, 27.2608, 19.7774, 64.143, 18.1739, 0, 39.5549, 44.3656, 6.9488, 4.8107, 0.5345, 2.1381, 1.0691, 36.8822, 22.9846, 36.3477, 48.6418, 11.7596, 6.4143, 34.2096, 18.7084, 17.1048, 44.3656, 22.4501, 33.1406, 9.6215, 59.3323, 3.7417, 3.2072, 31.0025, 47.5727, 12.8286, 22.4501, 5.3453, 36.8822, 1.6036, 30.4679, 6.9488, 82.3169, 10.9101],
      [0.2438, 0.6907, 0.4875, 3.047, 1.8282, 1.1782, 2.072, 1.5032, 4.8752, 1.3813, 0, 3.0064, 3.372, 0.5281, 0.3656, 0.0406, 0.1625, 0.0813, 2.8033, 1.747, 2.7626, 3.697, 0.8938, 0.4875, 2.6001, 1.4219, 1.3001, 3.372, 1.7063, 2.5189, 0.7313, 4.5096, 0.2844, 0.2438, 2.3564, 3.6158, 1.0651, 1.8639, 0.4063, 2.8033, 0.1219, 2.3157, 0.5281, 6.2565, 0.8125],
      [0, 0.0001, 0.0001, 0.0006, 0.0004, 0.0002, 0.0004, 0.0003, 0.0009, 0.0003, 0, 0.0006, 0.0007, 0.0001, 0.0001, 7.8851e-06, 0, 0, 0.0005, 0.0003, 0.0005, 0.0007, 0.0002, 0.0001, 0.0005, 0.0003, 0.0003, 0.0007, 0.0003, 0.0005, 0.0001, 0.0009, 0.0001, 0, 0.0005, 0.0007, 0.0002, 0.0003, 0.0001, 0.0005, 0.0113, 0.0004, 0.0001, 0.0012, 0.0002]
    ],
    [
      [0.0216, 0.1404, 0.0378, 0.0513, 0.5399, 0.0405, 0.1269, 0.0891, 0.1971, 0.108, 0.0438, 0.1782, 0.2241, 0.1458, 0.0162, 0.0108, 0.0243, 0, 0.5023, 0.0405, 0.081, 0.0675, 0.0405, 0.0108, 0.1485, 0.1458, 0, 0.1674, 0.1026, 0.081, 2.3599, 0.2241, 0.0108, 0, 0.1593, 0, 0, 0, 0.0189, 0.37, 0, 0.1323, 0.0621, 0.8074, 0],
      [0.2028, 1.3181, 0.3549, 0.4816, 0.4562, 0.3802, 1.1913, 0.8365, 1.8503, 0, 0.1693, 1.6729, 2.1038, 1.3687, 0.1521, 0.1014, 0.2281, 0, 4.5447, 0.3802, 0.7604, 0.6337, 0.3802, 0.1014, 1.3941, 1.3687, 1.1406, 1.5715, 0.9632, 0.7604, 0.3042, 2.1038, 0.1014, 1.1913, 4.9673, 2.6614, 0.8618, 0.9086, 0.1774, 3.4726, 0.1267, 1.242, 0.583, 7.5788, 0],
      [5.5517, 36.0859, 9.7154, 13.1852, 12, 10.4094, 32.6161, 22.9006, 50.659, 28.7722, 4.8577, 45.8013, 57.5986, 37.9753, 4.1638, 2.7758, 6.2456, 0, 124.9632, 10.4094, 20.8188, 17.349, 10.4094, 2.7758, 38.1677, 37.4738, 31.2282, 43.0255, 26.3704, 20.8188, 6, 57.5986, 2.7758, 28.0186, 37.4717, 73.1492, 18.8435, 39.5557, 4.8577, 95.0724, 3.4698, 34.004, 15.9611, 207.4938, 12.5379],
      [0.0743, 0.4829, 0.13, 0.1765, 0.1672, 0.1393, 0.4365, 0.3065, 0.678, 0.3715, 0.065, 0.613, 0.7708, 0, 0.0557, 0.0371, 0.0836, 0, 0, 0.1393, 0.2786, 0.2322, 0.1393, 0.0371, 0.5108, 0.5015, 0.4179, 0.5758, 0.3529, 0.2786, 0.1114, 0.7708, 0.0371, 0.4365, 0.548, 0.9752, 0.0798, 0.5294, 0.065, 1.2724, 0.0599, 0.4551, 0.2136, 2.7769, 6.4758],
      [2.1305, 13.848, 3.7283, 5.0598, 4.7935, 3.9946, 12.5165, 8.7882, 19.4405, 10.6523, 1.8642, 17.5763, 22.1035, 14.3806, 1.5978, 1.0652, 2.3968, 0, 55.5438, 3.9946, 7.9892, 6.6577, 3.9946, 1.0652, 14.6469, 14.3806, 12.1054, 16.5111, 10.1197, 7.9892, 3.1957, 22.1035, 1.0652, 17.2409, 15.7122, 27.9623, 11.4177, 15.8697, 1.8642, 36.4842, 1.3315, 13.0491, 6.1251, 79.626, 6.924],
      [0.0192, 0.1247, 0.0336, 0.0456, 0.0432, 0.036, 0.1127, 0.0791, 0.1751, 0.0959, 0, 0.1583, 0.1991, 0.1295, 0.0144, 0.0096, 0.0216, 0, 0.4461, 0.036, 0.0719, 0.06, 0.036, 0.0096, 0.1319, 0.1295, 0.1079, 0.1487, 0.0911, 0.0719, 0.0288, 0.1991, 0.0096, 0.1127, 0.1415, 0.2518, 2.7972, 0.1367, 0.0168, 0.3286, 0.012, 0.1175, 0.0552, 0.7171, 0.0624]
    ],
    [
      [0.9955, 11.8755, 1.0093, 14.3397, 5.1094, 1.7857, 2.8268, 12.0117, 8.0962, 1.8783, 0.2465, 9.0952, 11.8311, 1.3383, 0.2098, 1.3486, 0, 0.3011, 1.8265, 7.9839, 16.8094, 4.7216, 0.6577, 0, 1.4288, 10.8935, 0, 8.2879, 0, 0, 1.9252, 3.4349, 0.0214, 0, 0.9724, 0, 0, 0, 0.4359, 7.8637, 0, 4.3788, 1.8078, 38.6396, 0],
      [1.9723, 1.0681, 2.6401, 18.5649, 0, 7.1745, 9.2697, 4.2206, 0.3122, 0, 0, 0, 11.9789, 0.8448, 0.475, 0.1418, 0, 0, 0, 5.4847, 6.3893, 4.4346, 13.2143, 0.6703, 5.7388, 6.7971, 4.4216, 12.9052, 6.6646, 5.4916, 0, 0, 0, 1.0571, 7.4063, 3.6602, 0.8692, 0, 3.2554, 8.9779, 0, 0, 0, 24.2328, 0],
      [0, 6.8502, 2.7287, 8.0581, 0, 0, 3.7472, 0.2779, 8.21, 3.5217, 1.3492, 0, 2.4134, 5.865, 2.0392, 1.0453, 0.8723, 0.8233, 0, 3.2466, 0, 0.8231, 0, 3.3748, 4.3037, 6.7185, 0, 3.0362, 15.3934, 1.1223, 0, 0.6219, 0.5885, 0, 0, 14.6204, 0, 1.8391, 0, 9.0391, 0, 0, 1.6184, 52.2987, 0],
      [0, 8.3891, 5.0962, 14.8278, 16.9716, 1.4631, 0, 7.3507, 32.8158, 5.8638, 2.3463, 16.8634, 23.9554, 0, 0, 0, 0, 0.9107, 0, 2.0917, 0.5637, 17.3048, 7.1115, 0, 13.8459, 1.4644, 3.0268, 0, 0, 0, 7.0657, 25.6615, 0.7445, 0.7929, 5.0589, 11.8421, 0, 2.6486, 0, 6.5351, 6.8829, 0.5322, 3.5122, 0, 1.2405],
      [143.9347, 317.6884, 223.979, 335.2357, 290.4297, 298.2921, 784.4069, 300.356, 551.9795, 147.3487, 17.058, 449.7933, 430.5208, 95.0586, 55.7994, 7.0327, 76.3646, 19.9649, 252.9786, 232.4349, 315.1957, 316.4547, 244.9555, 42.6704, 474.1839, 515.6611, 332.1089, 648.0558, 468.2769, 402.6549, 146.6912, 738.8876, 52.372, 77.201, 99.0094, 276.0748, 69.1669, 151.1955, 29.3002, 282.9849, 134.6439, 366.8124, 137.9202, 1184.2502, 72.7595],
      [6.0975, 15.1287, 10.5468, 18.9738, 10.4894, 9.2847, 17.7494, 10.783, 9.5862, 1.3875, 0, 27.2481, 14.3004, 10.8932, 2.4767, 1.4316, 5.7631, 0, 10.1949, 5.7582, 12.042, 14.2611, 18.061, 5.2845, 21.4989, 4.4654, 3.4427, 33.7148, 26.6651, 16.7312, 8.3179, 24.3942, 2.2737, 2.949, 11.553, 0.8026, 2.9639, 2.3168, 1.0086, 6.5994, 20.4732, 1.2767, 9.1414, 126.5787, 0]
    ],
    [
      [0.2274, 0.503, 0.1723, 1.2334, 0.6822, 0.5512, 1.0405, 0.8131, 1.6537, 0.4134, 0.0829, 1.4057, 1.1645, 0.9768, 0.124, 0.1253, 0, 0.1031, 0.7235, 0.5375, 2.3654, 1.5159, 0.3928, 0, 0.8131, 0.882, 0, 3.539, 0, 0.6064, 0.3445, 1.6606, 0.0413, 0, 0.503, 0, 0, 0, 0.1102, 0.7373, 0, 0.9716, 0.2756, 7.2952, 0],
      [2.5739, 0.6297, 0.2157, 1.5441, 0.2962, 1.394, 1.3026, 1.0179, 2.0703, 0, 0, 0, 1.4578, 0.2588, 0.1553, 2.6894, 0.0705, 0.0173, 0.9058, 0.6728, 1.2422, 1.8978, 1.0352, 0.1208, 1.0179, 1.1042, 1.0971, 1.3888, 7.7801, 2.7059, 0, 0, 0.0518, 0.2649, 0.6297, 1.4147, 0.2588, 0, 0.3582, 0.923, 0, 0, 0.345, 3.1313, 0],
      [0, 0.6961, 0.2384, 1.7069, 0, 0.0589, 1.4399, 1.1252, 2.2886, 1.0897, 0.5447, 0, 1.6115, 0.5837, 1.3067, 0.0667, 1.2812, 0.0191, 1.0012, 0.7438, 0, 2.0978, 0, 0.503, 1.1252, 1.2206, 0.5853, 1.5352, 6.4223, 0.8391, 0, 2.2981, 0.0572, 0.2861, 0, 1.5638, 0.2861, 0.7438, 0, 1.0203, 0.3188, 0, 0.3814, 3.4614, 0],
      [24.1883, 60.5152, 20.7244, 148.3865, 83.5703, 66.318, 121.2808, 97.819, 198.954, 49.7385, 7.4608, 172.8159, 140.0968, 23.8016, 11.6688, 3.0967, 14.2226, 1.6579, 75.6413, 64.66, 119.3724, 182.3745, 47.2516, 11.3327, 97.819, 106.1088, 77.9236, 125.7222, 92.551, 71.003, 41.4487, 201.8619, 4.9738, 24.8692, 61.2113, 137.0819, 24.8692, 64.66, 13.196, 88.7003, 45.5936, 116.8855, 33.159, 296.1239, 30.0841],
      [4.5361, 7.3947, 2.5324, 18.1322, 10.0284, 8.1038, 19.1903, 11.9531, 24.3114, 6.0778, 0.9117, 20.6647, 17.1193, 3.0389, 1.8234, 0.7091, 5.4429, 0.2026, 22.0373, 7.9012, 14.5868, 22.2854, 5.7739, 1.4182, 11.9531, 12.9661, 10.1944, 21.622, 12.6622, 8.9142, 5.0649, 24.4127, 0.6078, 3.2395, 7.3947, 16.6128, 3.2456, 9.1115, 1.6208, 10.8388, 5.5714, 16.8438, 4.0519, 36.7709, 3.9729],
      [1.4743, 3.2613, 1.1169, 7.9969, 4.4229, 3.574, 6.746, 5.2717, 10.7221, 2.6805, 0, 9.1138, 7.5501, 1.3403, 2.9219, 0.3127, 0.9829, 0, 4.6909, 3.4847, 6.4333, 9.8286, 2.5465, 0.6255, 5.2717, 5.7185, 4.1995, 7.1927, 5.5844, 3.9314, 3.1419, 10.7668, 0.2681, 1.3403, 3.2613, 7.3268, 1.3403, 3.4847, 0.7148, 4.7803, 3.5162, 6.2992, 1.787, 16.2172, 0.9431]
    ],
    [
      [0.985, 5.2206, 2.4625, 13.3962, 7.0921, 5.4176, 11.7217, 5.2206, 15.3662, 3.0535, 2.2207, 15.2677, 12.6082, 4.2356, 0.8865, 0.197, 1.0835, 0.394, 7.0921, 6.5011, 10.6382, 8.5696, 4.6296, 0.3106, 14.2827, 12.1157, 0, 10.4412, 0.7584, 10.1581, 4.2713, 14.7752, 0.8865, 0.8865, 4.1371, 6.7966, 0, 0, 1.3199, 8.2741, 0, 8.2239, 5.2958, 17.6318, 0],
      [0.7408, 3.9265, 1.8521, 10.0755, 5.3341, 4.0747, 8.8161, 3.9265, 11.5572, 2.2966, 0.5186, 10.5178, 9.4829, 3.1856, 0.6668, 0.1482, 0.8149, 0, 5.3341, 4.8896, 8.0012, 6.4454, 3.482, 1.1233, 10.7423, 9.1124, 5.4823, 7.853, 13.5663, 14.5199, 0, 5.3366, 0, 0.6668, 3.1116, 5.1119, 1.6299, 3.1116, 0.9631, 6.2231, 1.2675, 6.0009, 0.2564, 13.2612, 0.7408],
      [0.0303, 0.1605, 0.0757, 0.4119, 0, 0.1666, 0.3604, 0.1605, 0.4724, 0.0939, 0.0212, 0, 0.3876, 2.4953, 0.0273, 0.0061, 0.0333, 0.0121, 0.218, 0.1999, 0.3271, 0.2635, 0.0691, 1.0248, 0.4391, 0.3725, 0.2241, 0.321, 0.2514, 0.3483, 0, 0.4543, 0.3445, 0.0273, 0.1272, 0.209, 0.0666, 0.1272, 0, 0.2544, 0.0909, 0, 1.4046, 0.5421, 0.0303],
      [0.55, 2.9151, 1.3751, 7.4803, 4.1782, 3.0251, 6.5453, 2.9151, 8.5804, 1.7051, 0.385, 9.9601, 7.0403, 0, 0.495, 0.11, 0.605, 0.8679, 3.9602, 3.6302, 5.9402, 4.7852, 2.6584, 0.77, 7.9753, 6.7653, 4.0702, 5.8302, 4.5652, 0, 3.8003, 14.0265, 0.495, 0.495, 2.3101, 3.7952, 1.2101, 3.8297, 0.715, 4.6202, 5.5602, 4.4552, 2.7291, 9.8454, 1.535],
      [5.5064, 29.1838, 13.7659, 74.8867, 39.6459, 30.2851, 65.5258, 29.1838, 85.8994, 17.0698, 3.8545, 85.3488, 70.4816, 23.6774, 4.9557, 1.1013, 6.057, 2.726, 39.6459, 36.3421, 59.4688, 47.9055, 25.88, 7.7089, 79.8424, 67.7284, 48.0363, 58.3676, 45.7029, 64.818, 19.2723, 82.5956, 5.0277, 4.9557, 23.1268, 37.994, 14.2811, 25.7443, 7.1583, 46.2535, 16.5191, 44.6016, 23.1268, 98.5641, 5.5064],
      [2.1875, 11.5935, 5.4686, 29.7494, 15.7497, 12.031, 26.0307, 11.5935, 34.1243, 6.7811, 0, 33.9056, 27.9994, 9.4061, 1.9687, 0.4375, 2.4062, 0, 15.7497, 14.4372, 23.6245, 19.0309, 10.281, 3.0624, 31.7181, 26.9057, 16.1872, 23.187, 18.1559, 25.1558, 7.6561, 32.8119, 2.2462, 1.9687, 9.1873, 15.0935, 4.8124, 9.1873, 2.8437, 18.3746, 6.5624, 17.7184, 9.1873, 39.1555, 2.1875]
    ],
    [
      [3.6886, 17.982, 4.1497, 60.401, 23.976, 17.982, 32.7364, 16.5988, 42.8801, 11.5269, 1.3832, 41.4969, 29.5089, 4.1497, 3.6886, 2.3054, 3.8223, 0.9249, 25.3592, 21.6706, 61.6043, 63.6286, 17.0598, 4.6108, 38.7304, 36.4251, 5, 30.8921, 20.7485, 21.6706, 13.8323, 57.1735, 0, 3.091, 12.9101, 25.0618, 1, 15.8538, 5.0729, 26.2814, 1, 48.439, 6.4551, 67.3172, 0],
      [0.8001, 3.9005, 0.9001, 13.1017, 5.2007, 3.9005, 7.1009, 3.6005, 9.3012, 2.5003, 0.3, 9.0012, 6.4008, 0.9001, 0.8001, 0.5001, 1.2002, 0.2, 5.5007, 4.7006, 13.3017, 13.8018, 3.7005, 1.0001, 8.4011, 7.901, 2.2003, 6.7009, 4.5006, 4.7006, 2.1967, 12.4016, 0, 1.3002, 2.8004, 7.2009, 0.4001, 3.5005, 1.1001, 5.7007, 0.3, 9.0048, 1.4002, 14.6019, 0.1],
      [0.0247, 0.1203, 0.0278, 0.404, 0, 0.1203, 0.219, 0.111, 0.2868, 0.0771, 0.0093, 0.1394, 0.1974, 0.0278, 0.0247, 0.0154, 0.037, 0.0062, 0.1696, 0.1449, 0.1291, 0.4256, 0.1141, 0.0308, 0.259, 0.2436, 0.0678, 0.2066, 0.1388, 0.1449, 0, 0.3824, 0, 0.0401, 0.0863, 0.222, 0.0123, 0.1079, 0.0328, 0.1758, 0.0093, 0, 0.0432, 0.4502, 0.0031],
      [1.9462, 9.4879, 2.1895, 31.8697, 12.8109, 9.4879, 17.2729, 8.7581, 22.6251, 6.082, 0.7298, 22.0334, 15.5699, 2.1895, 1.9462, 1.2164, 2.9194, 0.4866, 13.3804, 11.4342, 32.3563, 33.5727, 9.0014, 2.4328, 20.4356, 19.2192, 5.3522, 16.2998, 10.9476, 11.4342, 8.1946, 30.1668, 0, 3.1626, 6.8119, 25.6519, 0.9731, 8.7987, 2.6761, 13.867, 1.1131, 25.0579, 3.4059, 35.5189, 0.7044],
      [1.5293, 7.4551, 1.7204, 25.0416, 9.9402, 7.4551, 13.5722, 6.8817, 17.7776, 4.7789, 0.5735, 17.2042, 12.2341, 1.7204, 1.5293, 0.9558, 4.0045, 0.3823, 10.5137, 8.9844, 25.4239, 26.3797, 7.0728, 1.9116, 16.0572, 15.1014, 9.3491, 12.8075, 8.6021, 8.9844, 5.7347, 23.7035, 0, 5.3881, 5.3524, 13.7633, 1.6089, 6.6905, 2.1027, 10.896, 0.5735, 20.3553, 2.6762, 27.909, 0.1912],
      [0.0111, 0.0542, 0.0125, 0.1819, 0.0722, 0.0542, 0.0986, 0.05, 0.1292, 0.0347, 0.0042, 0.125, 0.0889, 0.0125, 0.0111, 0.0069, 0.0167, 0, 0.0764, 0.0653, 0.1847, 0.1916, 0.0514, 0.0139, 0.1167, 0.1097, 0.0306, 0.093, 0.0625, 0.0653, 0.0417, 0.1722, 0, 0.0181, 0.0389, 0.1, 0.0056, 0.0486, 0.0153, 0.0792, 0.0042, 0.143, 0.0194, 0.2028, 0.0014]
    ],
    [
      [0.0594, 0.2147, 0.1234, 0.297, 0.1279, 0.1142, 0.3564, 0.1279, 0.3564, 0.1142, 0.0228, 0.2787, 0.3518, 0.1051, 0.0411, 0.0091, 0.0548, 1.2233, 0.2376, 0.1051, 0.2467, 0.1553, 0.1371, 0.0228, 0.3564, 0.4066, 0, 0.3609, 0.233, 0.2513, 0.0777, 0.3152, 0.0137, 0, 0.1005, 0.1416, 0, 0.1462, 0.0046, 0.2147, 0, 0.2559, 0.0548, 0.731, 0],
      [0.224, 0.1134, 0.0651, 0.1568, 0.0675, 0.0603, 0.1881, 0.0675, 0.1881, 0.0603, 0.0121, 0.1471, 0.1857, 0.0555, 0.0217, 0.0048, 0.0289, 0, 0.1254, 0.0555, 0.1302, 0.082, 0.0724, 0.0121, 0.1881, 0.2147, 0.2792, 0.1905, 0.123, 0.1326, 0.041, 0.1664, 0.0072, 0.0338, 0.0531, 0.0748, 0.0362, 0.0772, 0.0024, 0.1134, 0.0627, 0.1351, 0.0289, 0.3859, 0.0169],
      [0.3529, 1.9723, 1.133, 2.7277, 0, 1.0491, 3.2732, 1.175, 3.2732, 1.0491, 0.218, 2.5598, 3.2313, 0.9652, 0.3777, 0.0839, 0.5036, 0.1259, 2.1821, 0.9652, 2.2661, 1.4268, 1.2589, 0.2098, 3.2732, 3.7348, 1.6786, 3.3152, 2.1402, 2.308, 0, 2.8955, 0.1259, 0.5875, 0.9232, 1.3009, 0.6295, 1.3429, 0.042, 1.9723, 1.0911, 1.996, 0.5036, 6.7143, 0.2938],
      [0.034, 0.1228, 0.0705, 0.1698, 1.2482, 0.0653, 0.2038, 0.0731, 0.2038, 0.0653, 0.0131, 0.1594, 0.2012, 0.0601, 0.0235, 0.0052, 0.0313, 0.0078, 0.1358, 0.0601, 0.1411, 0.0888, 0.0784, 0.0131, 0.2038, 0.2325, 0.1045, 0.2064, 0.1332, 0.1437, 0.7578, 0.1803, 0.0078, 0.0366, 0.0575, 0.081, 0.0392, 0.0836, 0.0026, 0.1228, 0.1867, 0.1463, 0.0313, 0.418, 0.0503],
      [7.1194, 25.7393, 14.7864, 35.5969, 15.3341, 13.6911, 42.7163, 15.3341, 42.7163, 13.6911, 2.7382, 33.4064, 42.1687, 12.5958, 4.9288, 1.0953, 6.5717, 1.6429, 28.4775, 12.5958, 29.5728, 18.6199, 16.4294, 2.7382, 42.7163, 48.7404, 21.9058, 43.264, 27.9299, 30.1205, 9.31, 37.7875, 1.6429, 7.731, 12.0482, 16.977, 8.2147, 17.5246, 0.5476, 25.7393, 14.2388, 31.0221, 6.5717, 87.6232, 3.8335],
      [5.2104, 18.8375, 10.8215, 26.0518, 11.2223, 10.0199, 31.2622, 11.2223, 31.2622, 10.0199, 1.9958, 24.4486, 30.8614, 9.2183, 3.6072, 0.8016, 4.8096, 0, 20.8415, 9.2183, 21.6431, 13.6271, 12.0239, 2.004, 31.2622, 35.671, 16.0319, 31.663, 20.4407, 22.0439, 6.8136, 27.655, 1.2024, 5.6112, 8.8175, 12.4247, 6.0805, 12.8255, 0.4008, 18.8375, 10.4207, 22.4447, 4.8096, 64.1276, 2.8056]
    ]
  ],
  "V_est": [
    [9.0345, 787.7967, 16.6843, 1024.3695, 78.0887, 0.0263],
    [7.5289, 53.1477, 1401.9334, 22.859, 560.9061, 7.6249],
    [196.3877, 180.3339, 166.4459, 254.7795, 12610.144, 564.9091],
    [34.5872, 44.0393, 40.5479, 3502.7947, 463.8473, 194.1836],
    [264.825, 216.168, 12.6518, 169.1053, 1625.3287, 637.9212],
    [950.0896, 208.0268, 5.4884, 521.5909, 412.8893, 2.915],
    [8.5472, 4.4875, 69.2483, 6.5011, 935.7959, 683.4199]
  ],
  "p_est": [
    [0.0047, 0.4112, 0.0087, 0.5346, 0.0408, 0],
    [0.0037, 0.0259, 0.6825, 0.0111, 0.2731, 0.0037],
    [0.0141, 0.0129, 0.0119, 0.0182, 0.9025, 0.0404],
    [0.0081, 0.0103, 0.0095, 0.8184, 0.1084, 0.0454],
    [0.0905, 0.0739, 0.0043, 0.0578, 0.5555, 0.218],
    [0.4522, 0.099, 0.0026, 0.2483, 0.1965, 0.0014],
    [0.005, 0.0026, 0.0405, 0.0038, 0.5479, 0.4001]
  ],
  "EI_Z": {},
  "EI_V": 9.85,
  "MAE_Z": {},
  "MAE_V": 135.8266,
  "MAE_p": 0.0535,
  "runtime": 1.5739
}
