{
  "X": [
    [0, 10, 116, 1],
    [0, 0, 17, 0],
    [8, 67, 124, 11],
    [16, 201, 260, 35],
    [1, 9, 103, 1],
    [8, 188, 353, 34],
    [7, 56, 103, 7],
    [15, 174, 305, 27],
    [14, 174, 408, 31],
    [9, 126, 226, 13],
    [11, 265, 435, 25],
    [1, 53, 122, 7],
    [9, 129, 286, 26],
    [6, 85, 170, 13],
    [5, 118, 222, 16],
    [15, 183, 687, 20],
    [4, 53, 119, 7],
    [3, 21, 85, 4],
    [1, 9, 35, 5],
    [15, 67, 270, 14],
    [0, 5, 43, 0],
    [13, 167, 294, 17],
    [0, 13, 32, 2],
    [0, 11, 59, 0],
    [3, 13, 184, 5],
    [7, 26, 95, 2],
    [1, 14, 86, 1],
    [14, 125, 156, 21],
    [10, 119, 352, 19],
    [3, 12, 69, 0],
    [1, 23, 56, 6],
    [10, 30, 85, 14],
    [2, 79, 63, 16],
    [5, 125, 105, 18],
    [0, 16, 100, 1],
    [2, 31, 58, 4],
    [7, 69, 86, 17],
    [2, 41, 123, 10],
    [3, 46, 110, 6],
    [23, 280, 185, 49],
    [15, 171, 181, 33],
    [38, 431, 260, 68],
    [14, 159, 76, 35],
    [35, 477, 170, 51],
    [18, 198, 83, 25],
    [7, 96, 15, 32],
    [72, 624, 341, 107],
    [35, 282, 249, 36],
    [13, 148, 141, 24],
    [53, 491, 434, 58],
    [42, 345, 418, 50],
    [63, 548, 436, 114],
    [66, 875, 555, 107],
    [47, 642, 446, 93],
    [43, 502, 301, 70],
    [24, 424, 200, 75],
    [6, 120, 108, 26],
    [33, 553, 612, 75],
    [34, 605, 372, 81],
    [53, 426, 894, 47],
    [9, 201, 327, 36],
    [18, 150, 311, 17],
    [8, 289, 272, 61],
    [45, 669, 1037, 111],
    [9, 120, 111, 15],
    [104, 575, 618, 105],
    [13, 90, 91, 10]
  ],
  "W": [
    [0, 11, 107, 5, 4],
    [0, 1, 15, 0, 1],
    [12, 55, 111, 13, 19],
    [25, 189, 207, 60, 31],
    [1, 8, 92, 7, 6],
    [15, 167, 296, 52, 53],
    [6, 51, 101, 6, 9],
    [15, 182, 253, 36, 35],
    [18, 186, 335, 40, 48],
    [14, 131, 168, 32, 29],
    [17, 264, 352, 65, 38],
    [5, 61, 96, 15, 6],
    [16, 127, 241, 23, 43],
    [9, 95, 137, 24, 9],
    [11, 115, 186, 22, 27],
    [16, 206, 601, 41, 41],
    [8, 46, 100, 13, 16],
    [6, 22, 75, 9, 1],
    [1, 9, 32, 2, 6],
    [15, 69, 230, 32, 20],
    [0, 5, 40, 1, 2],
    [18, 163, 245, 35, 30],
    [0, 15, 30, 1, 1],
    [0, 12, 52, 2, 4],
    [1, 14, 179, 1, 10],
    [4, 28, 84, 7, 7],
    [0, 14, 76, 3, 9],
    [15, 121, 138, 17, 25],
    [12, 132, 283, 38, 35],
    [4, 13, 62, 2, 3],
    [8, 22, 41, 10, 5],
    [8, 30, 78, 12, 11],
    [10, 75, 47, 12, 16],
    [7, 127, 79, 19, 21],
    [1, 18, 91, 7, 0],
    [5, 30, 50, 4, 6],
    [6, 66, 88, 6, 13],
    [1, 39, 107, 19, 10],
    [7, 43, 101, 7, 7],
    [25, 269, 150, 39, 54],
    [23, 159, 161, 17, 40],
    [53, 407, 214, 48, 75],
    [24, 153, 58, 20, 29],
    [23, 447, 131, 74, 58],
    [21, 181, 58, 30, 34],
    [7, 99, 12, 8, 24],
    [70, 604, 309, 47, 114],
    [50, 275, 206, 29, 42],
    [21, 140, 118, 22, 25],
    [66, 469, 362, 62, 77],
    [47, 314, 362, 59, 73],
    [62, 538, 355, 80, 126],
    [83, 822, 443, 131, 124],
    [53, 604, 393, 82, 96],
    [49, 465, 224, 88, 90],
    [32, 411, 146, 59, 75],
    [17, 112, 79, 23, 29],
    [44, 531, 493, 84, 121],
    [26, 584, 312, 64, 106],
    [75, 413, 784, 50, 98],
    [17, 178, 289, 51, 38],
    [26, 145, 266, 21, 38],
    [7, 285, 252, 36, 50],
    [78, 626, 862, 124, 172],
    [9, 115, 92, 17, 22],
    [99, 550, 548, 94, 111],
    [29, 75, 68, 15, 17]
  ],
  "method": "mvn_pdf",
  "cond_prob": [
    [
      [0.31289714195, 0.19198146756, 0.48200635775, 0.013115032741],
      [0, 0.73340388728, 0.23071666674, 0.03587944598],
      [0, 0.004693635264, 0.99530636474, 0],
      [0, 0.13469904275, 0.84471149204, 0.020589465215],
      [0, 0.18921076325, 0.68519454472, 0.12559469204]
    ],
    [
      [8.5542674598e-17, 2.3587100646e-19, 0.99999997592, 2.4081933806e-08],
      [0, 0, 1, 0],
      [0, 0, 1, 0],
      [4.4279091707e-08, 4.775042517e-22, 0.99999995572, 5.0916285839e-15],
      [0, 0, 1, 0]
    ],
    [
      [0.46866533586, 0.37060179345, 0.13227008073, 0.02846278996],
      [0.019564577637, 0.8784065333, 0.047408540572, 0.054620348496],
      [0.0059732658964, 0, 0.9910727099, 0.0029540242077],
      [0.012163993151, 0.48604090463, 0.41647314346, 0.085321958757],
      [0.025199988116, 0.41694144143, 0.23063513876, 0.3272234317]
    ],
    [
      [0.43286349944, 0.34717958244, 0.17899839014, 0.040958527987],
      [0.016120129809, 0.83759615742, 0.066519482371, 0.079764230395],
      [0.0043332942857, 0.00047881713513, 0.99335190138, 0.0018359872018],
      [0.010106782583, 0.39596912658, 0.48705558996, 0.10686850087],
      [0.020268035747, 0.32766367561, 0.26147351921, 0.39059476944]
    ],
    [
      [0.44702889102, 0.17327782084, 0.36898528491, 0.010708003227],
      [0.042910326243, 0.73774451764, 0.20903880465, 0.010306351472],
      [0.00065393043908, 0.0070632634827, 0.99228280608, 0],
      [0.0058945296673, 0.15313127482, 0.81950590307, 0.021468292443],
      [0.018044198494, 0.20050447899, 0.6553574662, 0.12609385632]
    ],
    [
      [0.3436710039, 0.39851755876, 0.22046710241, 0.037344334931],
      [0.0099298872467, 0.85275300284, 0.072538308511, 0.064778801402],
      [0.00024779075202, 0.0019126677147, 0.99561620791, 0.0022233336229],
      [0.00649357603, 0.39211847509, 0.51735970049, 0.084028248395],
      [0.014634561418, 0.35200329804, 0.30139611275, 0.33196602779]
    ],
    [
      [0.62063124878, 0.29888335115, 0.059413668167, 0.021071731899],
      [0.024634780232, 0.89974501092, 0.023892139047, 0.051728069798],
      [0.01492743909, 0.0049903030105, 0.97447370117, 0.0056085567348],
      [0.022049192177, 0.59728723237, 0.28456574616, 0.096097829291],
      [0.042208023817, 0.4702178153, 0.14397562277, 0.34359853811]
    ],
    [
      [0.51009480861, 0.25894606924, 0.20417923726, 0.026779884887],
      [0.024938584344, 0.81171283887, 0.094969811156, 0.068378765633],
      [0.0053141506329, 0.0022798751093, 0.98995552731, 0.0024504469486],
      [0.012698876226, 0.31619154013, 0.59639572884, 0.074713854807],
      [0.02880331046, 0.29783909829, 0.36353746181, 0.30982012944]
    ],
    [
      [0.42815243876, 0.25232877121, 0.29141140635, 0.028107383678],
      [0.020599237918, 0.77792892571, 0.13053824022, 0.070933596143],
      [0.0032911348193, 0.0084060023187, 0.98424373287, 0.0040591299923],
      [0.008628522572, 0.24708911053, 0.68148967666, 0.062792690232],
      [0.021127641294, 0.25132764036, 0.44777592554, 0.2797687928]
    ],
    [
      [0.37901232715, 0.26091414151, 0.34083064633, 0.019242885006],
      [0.019238597039, 0.79418638392, 0.14172406612, 0.04485095292],
      [0.0024298975881, 0.019646799133, 0.97792330328, 0],
      [0.0069871481974, 0.23207721841, 0.72220724513, 0.038728388265],
      [0.018681367955, 0.26143629247, 0.52623349982, 0.19364883976]
    ],
    [
      [0.36249140857, 0.34391660478, 0.26904146696, 0.024550519697],
      [0.014117827751, 0.84264036526, 0.097916516461, 0.045325290527],
      [0, 0.0073518046504, 0.99264819535, 0],
      [0.0068620879856, 0.32853582416, 0.61134799834, 0.053254089508],
      [0.017486942341, 0.33562361796, 0.4059618437, 0.240927596]
    ],
    [
      [0.2, 0.28638510699, 0.48362621483, 0.029988678184],
      [0, 0.75148964402, 0.18033280631, 0.068177549663],
      [0, 0.018122320107, 0.97514998152, 0.0067276983707],
      [0, 0.18171245412, 0.77301142838, 0.045276117499],
      [0, 0.21029610625, 0.56199968148, 0.22770421227]
    ],
    [
      [0.37533142087, 0.32241320536, 0.2671427421, 0.035112631674],
      [0.013939883992, 0.81359277319, 0.10035968277, 0.072107660043],
      [0.0014481450823, 0.0038881409119, 0.99134655402, 0.0033171599841],
      [0.0071830401756, 0.30685952273, 0.60960374855, 0.076353688539],
      [0.016514397911, 0.29116966363, 0.37313094601, 0.31918499245]
    ],
    [
      [0.39786715219, 0.2648693085, 0.30391729904, 0.033346240264],
      [0.017672347209, 0.77518040727, 0.12699399807, 0.080153247455],
      [0.0029684272653, 0.0067529638722, 0.9858775559, 0.0044010529609],
      [0.0073763923137, 0.24473230362, 0.67726656355, 0.070624740514],
      [0.017401632723, 0.24170068839, 0.43118797873, 0.30970970016]
    ],
    [
      [0.32290122191, 0.37068264026, 0.27567306564, 0.030743072192],
      [0.0083048232889, 0.84201781036, 0.093294824948, 0.056382541401],
      [0, 0.0044624199056, 0.99380675963, 0.0017308204681],
      [0.005585770956, 0.3342232641, 0.59679832655, 0.063392638391],
      [0.013709071101, 0.32990817974, 0.38003966424, 0.27634308493]
    ],
    [
      [0.43780264824, 0.20578630057, 0.33916915215, 0.017241899035],
      [0.024408755312, 0.74428391135, 0.18133545118, 0.049971882158],
      [0.0027620547371, 0.015496267374, 0.98131745002, 0.0004242278683],
      [0.0084359128508, 0.19360558681, 0.76102475798, 0.036933742357],
      [0.023441139266, 0.22277677323, 0.56693629469, 0.18684579282]
    ],
    [
      [0.36239163768, 0.36508984306, 0.24780665052, 0.024711868739],
      [0.01209355776, 0.85573898086, 0.086170419515, 0.045997041861],
      [0.0018883391692, 0.0038547793316, 0.99422496812, 3.1913378642e-05],
      [0.0068107357268, 0.35436656809, 0.58377504792, 0.055047648264],
      [0.016699360017, 0.35769030109, 0.37763344145, 0.24797689745]
    ],
    [
      [0.3944470812, 0.27193727772, 0.29108068883, 0.042534952248],
      [0.015412744489, 0.77001556297, 0.11770906576, 0.096862626786],
      [0.0029277657274, 0, 0.99153840342, 0.005533830856],
      [0.0067026866103, 0.24508329604, 0.65851142447, 0.089702592882],
      [0.014330524966, 0.22228428414, 0.37193334382, 0.39145184708]
    ],
    [
      [0.49946405019, 0.26470554101, 0.17141499221, 0.064415416598],
      [0.045923809131, 0.76962518228, 0.070235995101, 0.11421501349],
      [0, 0, 1, 0],
      [0.0074750034184, 0.30901902395, 0.50450613011, 0.17899984252],
      [0.0120452768, 0.19843829509, 0.19790813194, 0.59160829616]
    ],
    [
      [0.61980146898, 0.16327017161, 0.19732003448, 0.01960832493],
      [0.041930736446, 0.74989677415, 0.13564645163, 0.07252603777],
      [0.0061049251264, 0.0026217756093, 0.98705765483, 0.0042156444296],
      [0.017540288896, 0.23488666589, 0.68321161785, 0.064361427358],
      [0.042216756338, 0.23443441553, 0.43972809685, 0.28362073128]
    ],
    [
      [0.17425684032, 0.22540224577, 0.59294366519, 0.0073972487143],
      [0, 0.84013757368, 0.15986242632, 0],
      [0, 0.0026761015246, 0.99732389848, 0],
      [0, 0.13599016988, 0.86400983012, 0],
      [0, 0.27813895037, 0.72186104963, 0]
    ],
    [
      [0.44052333091, 0.31351236202, 0.22399851414, 0.021965792936],
      [0.020274745416, 0.84474538175, 0.090222144285, 0.044757728544],
      [0.0028463170963, 0.0048580469145, 0.99229563599, 0],
      [0.0099280121138, 0.34502357015, 0.58975928123, 0.055289136509],
      [0.024032280939, 0.34657446028, 0.38359371889, 0.24579953989]
    ],
    [
      [0.14675308433, 0.49660791242, 0.30121564118, 0.055423362065],
      [0, 0.82396763073, 0.097032318688, 0.07900005058],
      [0, 0, 0.99019117501, 0.0098088249934],
      [0, 0.34318216802, 0.56483925117, 0.091978580812],
      [0, 0.29730337099, 0.27394071832, 0.42875591069]
    ],
    [
      [0.21243175269, 0.20013264924, 0.57966301431, 0.0077725837631],
      [0, 0.74909194477, 0.25090805523, 0],
      [0, 0.015935331018, 0.98406466898, 0],
      [0, 0.12006563219, 0.87993436781, 0],
      [0, 0.23553204637, 0.76446795363, 0]
    ],
    [
      [0.69023899945, 0.12768136948, 0.16400582129, 0.018073809778],
      [0.045366719691, 0.74776077108, 0.12602355053, 0.080848958692],
      [0.0069268630215, 0, 0.99021915022, 0.0028539867567],
      [0.017971820769, 0.22331115236, 0.6861856556, 0.072531371276],
      [0.041674662325, 0.2180356683, 0.41362509259, 0.32666457678]
    ],
    [
      [0.84262942049, 0.070346446227, 0.083079028706, 0.0039451045784],
      [0.09191463469, 0.75630360957, 0.1273114418, 0.024470313939],
      [0, 0.012882301738, 0.98711769826, 0],
      [0.040666304669, 0.23571676115, 0.69230917556, 0.031307758622],
      [0.11017263058, 0.25856892473, 0.47698751883, 0.15427092586]
    ],
    [
      [0.52726849903, 0.14650048263, 0.31836402045, 0.0078669978947],
      [0.052047076678, 0.73978354289, 0.20816938043, 0],
      [0.00048419095185, 0.017944840575, 0.98157096847, 0],
      [0.0069763010842, 0.15058447586, 0.82437787001, 0.018061353039],
      [0.023734834545, 0.20305212092, 0.66812238444, 0.1050906601]
    ],
    [
      [0.56759664316, 0.29314607138, 0.10909130606, 0.030165979397],
      [0.025087489563, 0.85534708843, 0.048050472771, 0.071514949232],
      [0.0093560180068, 0.00026897793445, 0.98729171568, 0.0030832883764],
      [0.0177534976, 0.4620971706, 0.41152268881, 0.10862664299],
      [0.034300966857, 0.36852161494, 0.21229522919, 0.38488218901]
    ],
    [
      [0.41708483024, 0.20902410029, 0.35237146573, 0.021519603733],
      [0.02275236756, 0.73677653126, 0.17847550881, 0.061995592366],
      [0.0034415926919, 0.016364143626, 0.97572628529, 0.0044679783898],
      [0.0077307984553, 0.18911209922, 0.75879773276, 0.044359369559],
      [0.020683669889, 0.2119970358, 0.54994064759, 0.21737864672]
    ],
    [
      [0.52057120328, 0.14731309722, 0.3321156995, 0],
      [0.045297852155, 0.73387307894, 0.22082906891, 0],
      [0, 0.0168009226, 0.9831990774, 0],
      [0.019129391386, 0.13118164696, 0.84968896165, 0],
      [0.096861442028, 0.18879236326, 0.71434619471, 0]
    ],
    [
      [0.1225168693, 0.38025358098, 0.43932283876, 0.057906710964],
      [0, 0.75149167284, 0.14026688775, 0.10824143942],
      [0, 0.0083405233058, 0.98149505084, 0.010164425859],
      [0, 0.20925954177, 0.70494353551, 0.085796922723],
      [0.0039730091237, 0.19811953529, 0.42176266404, 0.37614479154]
    ],
    [
      [0.78681404578, 0.12126934175, 0.056785760948, 0.035130851527],
      [0.090603746065, 0.7247569973, 0.053720233407, 0.13091902323],
      [0, 0.01438167184, 0.98561832816, 0],
      [0.036765083763, 0.34106851459, 0.38077799386, 0.24138840779],
      [0.049654022425, 0.18841297896, 0.13514012613, 0.62679287248]
    ],
    [
      [0.2, 0.51751468451, 0.2192471617, 0.063238153793],
      [0, 0.84723354439, 0.063349279539, 0.089417176067],
      [0, 0, 0.99814554274, 0.0018544572573],
      [0, 0.41768359972, 0.45641437689, 0.12590202339],
      [0, 0.32938338305, 0.22915746162, 0.44145915533]
    ],
    [
      [0.38380858842, 0.37463777527, 0.20495674661, 0.036596889706],
      [0.012548732208, 0.84795843338, 0.071134416572, 0.068358417837],
      [0.0027088597784, 0, 0.99486967415, 0.0024214660723],
      [0.0078672676167, 0.39065175437, 0.51400091919, 0.087480058827],
      [0.016960613496, 0.34592529527, 0.29383381651, 0.34328027473]
    ],
    [
      [0, 0.50034687671, 0.48151674769, 0.018136375604],
      [0, 0.77887963312, 0.1817801005, 0.03934026638],
      [0, 0.0024928573977, 0.99653934872, 0.00096779388562],
      [0, 0.17899567198, 0.79448010145, 0.026524226566],
      [0.0077753436858, 0.22456736926, 0.61149105925, 0.15616622781]
    ],
    [
      [0.31945778778, 0.39236958038, 0.25729923916, 0.030873392678],
      [0.010170340238, 0.85172577394, 0.08312043529, 0.054983450534],
      [0, 0, 0.99549729744, 0.0045027025635],
      [0.0053541220584, 0.35280444481, 0.57809088301, 0.06375055012],
      [0.012697394286, 0.34586018345, 0.35544372361, 0.28599869866]
    ],
    [
      [0.57358102083, 0.32716438538, 0.043595562196, 0.055659031595],
      [0.020918147375, 0.86339777452, 0.0029645145401, 0.11271956356],
      [0.019798956838, 0.027347046078, 0.94986563878, 0.0029883583088],
      [0.018262330347, 0.57097974883, 0.18492090999, 0.22583701083],
      [0.025079535731, 0.32464169396, 0.065005153461, 0.58527361685]
    ],
    [
      [0.44784024294, 0.30500757534, 0.20487418881, 0.042277992902],
      [0.021082009985, 0.80738301605, 0.081079662221, 0.090455311748],
      [0.0035614814192, 0, 0.99371416854, 0.0027243500406],
      [0.0090400406748, 0.33663929228, 0.54649842401, 0.10782224303],
      [0.017712208296, 0.28109082455, 0.29221328946, 0.40898367769]
    ],
    [
      [0.3335946187, 0.43101376629, 0.19985459248, 0.035537022536],
      [0.012173481, 0.86763601145, 0.061975959737, 0.058214547817],
      [0, 0, 0.99630906493, 0.0036909350686],
      [0.0063787609902, 0.42872377001, 0.48361911061, 0.08127835839],
      [0.013818094168, 0.38192696482, 0.27478603594, 0.32946890507]
    ],
    [
      [0.53156724835, 0.32814425856, 0.1042712398, 0.036017253291],
      [0.02235996611, 0.86279851452, 0.038269118187, 0.076572401183],
      [0.0095624134276, 0.0028359992107, 0.98475537757, 0.0028462097959],
      [0.016314848642, 0.48965640793, 0.37126797321, 0.12276077022],
      [0.03009901475, 0.37373320999, 0.18344571523, 0.41272206003]
    ],
    [
      [0.44710466711, 0.38979098111, 0.1197115415, 0.043392810282],
      [0.015797105053, 0.8680337907, 0.038173045966, 0.077996058285],
      [0.0071464508779, 0.0032586526477, 0.98654177729, 0.0030531191795],
      [0.011662955086, 0.49685361982, 0.36496073314, 0.12652269196],
      [0.021400103132, 0.37615700251, 0.17848904073, 0.42395385363]
    ],
    [
      [0.48667583549, 0.36947559255, 0.10633729869, 0.037511273268],
      [0.018871573244, 0.87553723248, 0.033181635736, 0.072409558537],
      [0.0087494739875, 0.0035000364436, 0.98448374585, 0.0032667437168],
      [0.014138128792, 0.51359120431, 0.35346706642, 0.11880360048],
      [0.026325770581, 0.39563672491, 0.17617675499, 0.40186074952]
    ],
    [
      [0.43585027305, 0.38900315196, 0.11481780245, 0.060328772539],
      [0.015631899988, 0.85259034496, 0.033063784059, 0.098713970992],
      [0.0070724847019, 0.0065954341207, 0.98591049641, 0.00042158476414],
      [0.01103380444, 0.47737883471, 0.33865694064, 0.17293042021],
      [0.017828708523, 0.32025826555, 0.14585055777, 0.51606246816]
    ],
    [
      [0.64072830908, 0.27653997264, 0.062675322618, 0.020056395657],
      [0.029126760629, 0.89745545669, 0.019747160776, 0.053670621903],
      [0.017261258596, 0.005489874562, 0.97429550854, 0.0029533583048],
      [0.026544322762, 0.57089445803, 0.30829802915, 0.094263190054],
      [0.052035898781, 0.45709703494, 0.16008139547, 0.33078567081]
    ],
    [
      [0.54570054903, 0.3323438917, 0.096367850237, 0.025587709034],
      [0.023353246411, 0.88600260785, 0.034569726787, 0.056074418955],
      [0.010260340786, 0.0021760792481, 0.98509036801, 0.0024732119562],
      [0.017575037886, 0.52541491289, 0.36492466039, 0.092085388832],
      [0.035029410821, 0.43428371385, 0.19518157177, 0.33550530356]
    ],
    [
      [0.533136459, 0.32003584129, 0.062321213796, 0.084506485914],
      [0.020470331042, 0.84756104484, 0, 0.13196862412],
      [0.013781546941, 0.010015308961, 0.9717233562, 0.0044797878972],
      [0.015266121305, 0.46846095001, 0.22370678214, 0.29256614654],
      [0.039748936671, 0.2493055985, 0.04639237383, 0.664553091]
    ],
    [
      [0.62196453622, 0.28538180147, 0.061237646757, 0.031416015557],
      [0.028300407963, 0.87817222313, 0.01465557492, 0.078871793982],
      [0.017180136405, 0.0091927885684, 0.96873546005, 0.0048916149768],
      [0.02486124622, 0.54956015573, 0.28793200273, 0.13764659532],
      [0.042911362579, 0.39418729944, 0.13148540518, 0.43141593279]
    ],
    [
      [0.51557827805, 0.32201344466, 0.13367641368, 0.028731863615],
      [0.02184494698, 0.8608997962, 0.054950368085, 0.062304888734],
      [0.0072581501206, 0.00037539268392, 0.99034696538, 0.0020194918123],
      [0.014888742753, 0.44931824661, 0.44445835982, 0.091334650822],
      [0.030637457464, 0.38200770874, 0.24533478069, 0.3420200531]
    ],
    [
      [0.44316374786, 0.37691549047, 0.13988343683, 0.040037324846],
      [0.015847246589, 0.86132710031, 0.048489512808, 0.074336140298],
      [0.0058996473314, 0.00050996554615, 0.99076692485, 0.0028234622691],
      [0.01111985835, 0.4642239851, 0.4119445468, 0.11271160976],
      [0.021366060149, 0.36903508203, 0.21202555485, 0.39757330297]
    ],
    [
      [0.53641255544, 0.31844114608, 0.12010692321, 0.025039375273],
      [0.023226986292, 0.8714860114, 0.050191182436, 0.055095819873],
      [0.00832802736, 0.0015806044123, 0.98870230246, 0.0013890657685],
      [0.016601407106, 0.47343513378, 0.42487624922, 0.085087209896],
      [0.034536125004, 0.40689334962, 0.23741191642, 0.32115860896]
    ],
    [
      [0.56870704254, 0.29858382043, 0.10793421345, 0.024774923585],
      [0.025531275728, 0.86844460707, 0.04772056723, 0.058303549975],
      [0.0092631020318, 0.0018357967617, 0.98679291523, 0.0021081859807],
      [0.018775763944, 0.47871016951, 0.41191405899, 0.090600007559],
      [0.038259389228, 0.4022807588, 0.22494341186, 0.33451644011]
    ],
    [
      [0.60254604752, 0.26541757747, 0.097950835239, 0.034085539771],
      [0.028692974469, 0.8396083131, 0.046173872748, 0.085524839683],
      [0.010486049722, 0.0040908434986, 0.9839089765, 0.0015141302845],
      [0.021078087729, 0.45047055549, 0.39578761187, 0.13266374491],
      [0.038067699367, 0.33607098308, 0.19154610374, 0.43431521381]
    ],
    [
      [0.49293807288, 0.36285260965, 0.11445382111, 0.029755496361],
      [0.019395435057, 0.88193574714, 0.039900801195, 0.05876801661],
      [0.0082230784094, 0.0024778090986, 0.98700211812, 0.0022969943766],
      [0.014521371345, 0.50871083895, 0.38166487776, 0.09510291194],
      [0.029015878651, 0.42091338644, 0.20533739478, 0.34473334013]
    ],
    [
      [0.50603608965, 0.36874022119, 0.090143147043, 0.035080542115],
      [0.019735689688, 0.886221314, 0.024857880481, 0.069185115831],
      [0.01067108581, 0.0057872454264, 0.97945245827, 0.0040892104914],
      [0.015702525639, 0.54680826423, 0.31902173127, 0.11846747886],
      [0.028941529702, 0.41735864064, 0.15753807637, 0.3961617533]
    ],
    [
      [0.53192624645, 0.32820026201, 0.11171668728, 0.028156804252],
      [0.022590830586, 0.87283306832, 0.043584340871, 0.060991760228],
      [0.0089127645747, 0.0017977967122, 0.98699985165, 0.0022895870611],
      [0.016553497643, 0.49031945854, 0.39722959258, 0.095897451236],
      [0.033085673823, 0.405555462, 0.21349992112, 0.34785894306]
    ],
    [
      [0.44612166963, 0.38446901427, 0.12427711769, 0.045132198412],
      [0.015766753296, 0.86431145683, 0.039154159589, 0.08076763029],
      [0.0065927010725, 0.0029773211333, 0.9879917518, 0.0024382259931],
      [0.011658975789, 0.48506521922, 0.37318107691, 0.13009472809],
      [0.021247427184, 0.36548594626, 0.18221724456, 0.431049382]
    ],
    [
      [0.30637765249, 0.42454078665, 0.21327981889, 0.055801741969],
      [0.0034833750885, 0.84163413905, 0.066912601313, 0.08796988455],
      [0, 0.0022242481427, 0.99654158044, 0.0012341714163],
      [0.0048245711499, 0.39742414158, 0.47791195548, 0.11983933179],
      [0.010016440044, 0.3173555929, 0.24694041038, 0.42568755668]
    ],
    [
      [0.42965269201, 0.35780664945, 0.18334940997, 0.029191248566],
      [0.015979337948, 0.85994867095, 0.067874682319, 0.05619730878],
      [0.0040804243055, 0.0014980789117, 0.99362009113, 0.00080140565755],
      [0.010253168926, 0.41156614515, 0.50151587949, 0.076664806434],
      [0.022622625858, 0.3744930087, 0.29676967643, 0.30611468902]
    ],
    [
      [0.52794685448, 0.34480261405, 0.098473270329, 0.028777261139],
      [0.021595680229, 0.88402000788, 0.033885232841, 0.060499079055],
      [0.010021851766, 0.0032853189748, 0.98380889581, 0.0028839334475],
      [0.016708361398, 0.52595437754, 0.35721524556, 0.1001220155],
      [0.032691996692, 0.42529573352, 0.18717516777, 0.35483710202]
    ],
    [
      [0.48534494408, 0.29340441619, 0.20069456646, 0.020556073275],
      [0.024938582879, 0.84333620869, 0.087497485665, 0.044227722762],
      [0.0035819474381, 0.0046184957863, 0.99179955678, 0],
      [0.012250638433, 0.35380953687, 0.57687968164, 0.057060143051],
      [0.029374650525, 0.35087180669, 0.37139397288, 0.24835956991]
    ],
    [
      [0.3477633846, 0.44388747907, 0.161127911, 0.047221225329],
      [0.0092511047628, 0.86779216641, 0.048328296553, 0.074628432274],
      [0.001834035877, 0.0026105512514, 0.99279087347, 0.0027645394046],
      [0.0072142305629, 0.47102035672, 0.40717510051, 0.11459031221],
      [0.014299044391, 0.37395841395, 0.20989200444, 0.40185053721]
    ],
    [
      [0.47289262956, 0.28719995076, 0.21991135102, 0.01999606865],
      [0.024066338646, 0.83664659107, 0.095541990544, 0.04374507974],
      [0.0035223925714, 0.0057256191919, 0.99075198824, 0],
      [0.011168198956, 0.3297891796, 0.60616874436, 0.052873877091],
      [0.027465366464, 0.3360646868, 0.39892483532, 0.23754511142]
    ],
    [
      [0.38003163543, 0.44487405243, 0.10831265635, 0.066781655784],
      [0.010312078436, 0.86609339239, 0.024613688498, 0.098980840673],
      [0.0054378484516, 0.013225493241, 0.98076172526, 0.00057493304336],
      [0.0088730841167, 0.51654978243, 0.29795343839, 0.17662369507],
      [0.014221347193, 0.34241296674, 0.1269726327, 0.51639305337]
    ],
    [
      [0.39093769044, 0.36615171394, 0.20849355321, 0.034417042404],
      [0.013384925264, 0.84803718425, 0.074074968512, 0.064502921972],
      [0.0021847681442, 0.0021033879855, 0.99405550221, 0.0016563416557],
      [0.0084501205882, 0.38617938462, 0.52256057168, 0.082809923114],
      [0.01858611533, 0.34807863276, 0.30635592304, 0.32697932886]
    ],
    [
      [0.52633737895, 0.32340102621, 0.12543997521, 0.024821619619],
      [0.022714068075, 0.87121418707, 0.051815110994, 0.054256633856],
      [0.007620288871, 0, 0.99055627492, 0.0018234362059],
      [0.015035464507, 0.46770194075, 0.43513239467, 0.082130200073],
      [0.031553467637, 0.4067648299, 0.2447215662, 0.31696013626]
    ],
    [
      [0.68653895077, 0.21841385609, 0.069891683814, 0.025155509319],
      [0.036505723993, 0.8448210316, 0.03999352336, 0.078679721046],
      [0.012615009598, 0.0076462576714, 0.97632371333, 0.0034150194001],
      [0.030505633645, 0.47808671913, 0.36585767003, 0.12554997719],
      [0.055621088784, 0.35671315372, 0.17719161772, 0.41047413977]
    ],
    [
      [0.3921669665, 0.38921173128, 0.19241400185, 0.026207300372],
      [0.01280698422, 0.8735914844, 0.066516215361, 0.047085316014],
      [0.0029828898078, 0.00094675044437, 0.9954955801, 0.0005747796437],
      [0.0085746135562, 0.42317527513, 0.50259183531, 0.065658276],
      [0.019716379111, 0.39891119443, 0.30580593043, 0.27556649602]
    ]
  ],
  "expected_outcome": [
    [
      [0, 0, 5.6239840303, 10.8215874859, 0.44702889102, 5.1550650585, 3.7237874927, 7.6514221292, 7.7067438977, 5.3061725801, 6.1623539456, 1, 6.0053027339, 3.5808043698, 3.551913441, 7.0048423719, 2.8991331014, 2.3666824872, 0.49946405019, 9.2970220347, 0, 7.9294199564, 0, 0, 0.69023899945, 3.370517682, 0, 8.5139496474, 5.0050179629, 2.0822848131, 0.98013495438, 6.2945123662, 2, 2.686660119, 0, 1.5972889389, 3.441486125, 0.44784024294, 2.3351623309, 13.2891812087, 10.2834073435, 25.7938192809, 10.4604065531, 14.7367511089, 11.4597115296, 3.731955213, 43.5375175351, 25.7789139024, 9.3064387051, 35.4032286587, 26.7292309995, 37.3578549461, 40.9138600486, 26.8199127516, 26.0643860762, 14.2758934283, 5.2084200923, 18.9047184486, 13.7266182165, 36.4008708063, 5.9119775382, 12.2952083687, 2.660221448, 30.4931398545, 4.7370364106, 67.9673561266, 11.3728420284],
      [0, 0, 4.4472215214, 8.6794895609, 0.17327782084, 5.9777633814, 1.7933001069, 3.8841910386, 4.5419178818, 3.6527979812, 5.8465822812, 1.4319255349, 5.1586112857, 2.3838237765, 4.0775090429, 3.2925808091, 2.9207187445, 1.6316236663, 0.26470554101, 2.4490525741, 0, 5.6432225163, 0, 0, 0.12768136948, 0.28138578491, 0, 4.3971910708, 2.5082892035, 0.58925238887, 3.0420286478, 0.97015473399, 5.1751468451, 2.6224644269, 0.50034687671, 1.9618479019, 1.9629863123, 0.30500757534, 3.017096364, 8.2036064639, 8.9651925656, 19.5822064051, 9.336075647, 6.3604193707, 6.9792217257, 2.240250889, 19.9767261029, 16.1006722331, 7.9152252998, 21.0171156415, 14.03343956, 16.4558898033, 30.1167666008, 19.543231723, 16.0818128387, 12.3030084565, 7.2171933731, 15.743492576, 8.9648679653, 22.0053312139, 7.5460871442, 7.4671987199, 3.114118367, 28.5598336873, 2.9106092359, 21.6229717533, 11.2871402071],
      [0, 0, 1.5872409688, 4.4749597535, 0.36898528491, 3.3070065361, 0.356482009, 3.062688559, 5.2454053143, 4.7716290487, 4.5737049383, 2.4181310741, 4.2742838736, 2.7352556914, 3.032403722, 5.4267064344, 1.9824532042, 1.746484133, 0.17141499221, 2.9598005172, 0, 4.0319732545, 0, 0, 0.16400582129, 0.33231611482, 0, 1.6363695909, 4.2284575888, 1.328462798, 3.5145827101, 0.45428608758, 2.192471617, 1.4346972262, 0.48151674769, 1.2864961958, 0.26157337317, 0.20487418881, 1.3989821474, 2.6067809951, 2.7533654544, 5.6358768308, 2.7556272589, 1.4415324202, 2.023724855, 0.43624849657, 4.286635273, 6.6838206838, 2.9375521734, 7.9270569318, 5.072908032, 6.0729517848, 9.4996671525, 4.7775867933, 5.4741176768, 3.976867766, 3.6257569211, 8.0673740385, 2.5603050285, 15.0520924842, 2.739174487, 5.7176951266, 0.75818859445, 16.2624971506, 1.1289597769, 6.9192766976, 5.5800060537],
      [0, 0, 0.34155347952, 1.0239631997, 0.010708003227, 0.56016502396, 0.1264303914, 0.40169827331, 0.50593290621, 0.26940039009, 0.41735883485, 0.14994339092, 0.56180210678, 0.30011616237, 0.33817379411, 0.27587038455, 0.19769494992, 0.25520971349, 0.064415416598, 0.29412487396, 0, 0.39538427284, 0, 0, 0.018073809778, 0.015780418314, 0, 0.45248969096, 0.25823524479, 0, 0.46325368771, 0.28104681221, 0.63238153793, 0.25617822794, 0.018136375604, 0.15436696339, 0.33395418957, 0.042277992902, 0.24875915775, 0.90043133228, 0.99803463649, 1.9880974832, 1.4478905409, 0.46129710012, 0.53734188971, 0.5915454014, 2.199121089, 1.4365931808, 0.84078382176, 1.652598768, 1.1644214085, 2.1133034658, 2.469706198, 1.8592687321, 1.3796834083, 1.4442303492, 0.94862961347, 1.2844149369, 0.74820878961, 1.5417054956, 0.80276083059, 0.51989778491, 0.46747159049, 2.6845293075, 0.22339457657, 2.4903954226, 0.76001171079]
    ],
    [
      [0, 0, 1.0760517701, 3.0467045338, 0.34328260994, 1.6582911702, 1.2563737918, 4.5388223505, 3.8314582528, 2.5202562121, 3.7271065263, 0, 1.770365267, 1.6788729849, 0.95505467823, 5.0282035943, 0.55630365695, 0.33908037876, 0.41331428218, 2.8932208148, 0, 3.3047835029, 0, 0, 0.63513407568, 2.5736097713, 0.7286590735, 3.0355862371, 3.0033125179, 0.58887207801, 0, 2.718112382, 0, 1.5936889904, 0, 0.30511020715, 1.3805977267, 0.82219838942, 0.52345968301, 6.0148308836, 2.5117397034, 7.6807303101, 2.3916806982, 13.0196620013, 4.2269376003, 2.0265627732, 17.0934464095, 6.0073604194, 2.2186145224, 10.893456571, 8.0168205787, 15.4368202642, 15.9430476171, 11.9203565713, 10.5047362225, 6.4801356048, 0.39013800992, 8.4850284502, 12.6118772536, 10.2996347291, 1.6466966478, 3.4896191036, 2.9389423543, 8.3789632155, 2.6121178287, 20.0781481959, 0.96052381647],
      [8.06744276, 0, 48.3123593312, 158.3056737533, 5.9019561411, 142.4097514742, 45.8869955571, 147.731736674, 144.6947801827, 104.0384162938, 222.4570564289, 45.8408682855, 103.3262821954, 73.6421386906, 96.8320481915, 153.322485738, 39.3639931198, 16.9403423852, 6.9266266405, 51.7428774166, 4.2006878684, 137.693497226, 12.359514461, 8.9891033372, 10.4686507952, 21.176501068, 10.3569696004, 103.4969977006, 97.2545021268, 9.5403500262, 16.5328168024, 21.7427099189, 63.5425158295, 107.6907210395, 14.0198333962, 25.5517732182, 56.9842531184, 31.4879376258, 37.3083484922, 232.0928004058, 138.0173727207, 356.3436536207, 130.446322779, 401.1625891409, 160.3664720203, 83.9085434395, 530.4160227733, 236.7474439553, 120.5857940427, 408.7269393463, 272.691606619, 451.7092724479, 724.9511841471, 535.2776736567, 405.8673767667, 355.2320087551, 94.2630235734, 456.6327442761, 516.2676845993, 348.2978541905, 154.4670056211, 121.3137557051, 246.8366168319, 530.8712773412, 100.1896315136, 464.6515673809, 65.5193613303],
      [2.5378833342, 1, 2.6074697314, 12.5721821682, 1.6723104372, 12.1138975214, 1.2184990914, 17.2845056303, 24.2801126818, 18.5658526616, 25.8499603457, 11.0003011851, 12.7456797121, 12.0644298163, 10.7289048691, 37.3551029432, 3.9638392977, 2.5895994467, 0.63212395591, 9.3596051624, 0.79931213159, 14.7062095185, 1.4554847803, 3.0108966628, 1.7643297075, 3.5647203704, 2.9143713261, 5.8141072053, 23.558767163, 2.8707778958, 3.0858715304, 1.6116070022, 4.7511959654, 9.0340709047, 3.2720418089, 2.4936130587, 0.19565795965, 3.1621068266, 2.6649662687, 10.2943927923, 6.0695143086, 13.5049257447, 5.0587589611, 8.8269808669, 6.2571205485, 0, 8.851967252, 15.1113512234, 6.7885317932, 23.5396645624, 14.9842581101, 24.8415435383, 32.7984585826, 15.0141598102, 20.266718505, 16.0923595911, 7.4942113471, 36.0414563116, 19.788975979, 36.1364615796, 8.6024367865, 13.8535886289, 7.014901222, 46.3709302886, 5.9587377643, 21.9964378478, 4.9887161521],
      [0.39467390578, 0, 3.0041191673, 15.0754395447, 0.082450811778, 10.8180598342, 2.6381315597, 12.4449353452, 13.1936488827, 5.8754748325, 11.9658766991, 4.1588305294, 9.1576728254, 7.6145585082, 6.4839922612, 10.2942077245, 2.1158639256, 2.1309777893, 1.0279351214, 5.0042966061, 0, 7.2955097527, 1.1850007587, 0, 1.1318854217, 0.68516879029, 0, 8.653308857, 8.1834181923, 0, 2.3813116671, 3.9275706969, 6.7062882051, 8.6815190653, 0.70812479484, 1.649503516, 7.4394911952, 3.5277571582, 2.5032255561, 20.5979759183, 12.4013732673, 29.4706903245, 15.1032375618, 23.9907679908, 10.1494698309, 13.0648937874, 47.6385635653, 17.1338444018, 10.4070596417, 25.8399395203, 18.3073146922, 46.0123637496, 48.3073096531, 41.7878099618, 28.3611685058, 33.195496049, 9.8526270696, 29.8407709621, 35.3314621681, 18.2660495008, 13.2838609447, 6.3430365624, 28.2095395918, 40.3788291547, 6.2395128935, 43.2738465754, 3.5313987011]
    ],
    [
      [0, 0, 0.6630325145, 0.89699191714, 0.060161600395, 0.073346062599, 1.507671348, 1.3444801101, 1.1025301645, 0.40822279479, 0, 0, 0.34900296484, 0.40667453535, 0, 1.659994897, 0.18883391692, 0.21958242956, 0, 1.4041327791, 0, 0.69734768859, 0, 0, 1.2399084809, 0, 0.03679851234, 1.2911304849, 0.97397073181, 0, 0, 0, 0, 0.2139999225, 0, 0, 1.7423082017, 0.38107851185, 0, 1.4343620141, 1.1505785913, 1.8723874333, 0.41020411271, 2.2612248761, 0.59509976557, 0.16537856329, 5.308662149, 1.4951789249, 0.69615838511, 3.0147459043, 3.3532429355, 3.7225476511, 3.6428237354, 4.1937367233, 1.9964592647, 0.96253435658, 0, 2.0116491826, 3.1268177511, 2.8082467915, 0.53003636845, 0.936956424, 1.3703378098, 1.8832701403, 0.70106657613, 6.9130252599, 0.20283650693],
      [0.50221897325, 0, 0, 0.099115146973, 0.64982024041, 0.56614964354, 0.50402060406, 0.57680840266, 2.8160107768, 3.3006622543, 2.5878352369, 1.7397427303, 0.93704195976, 0.9251560505, 0.83001010245, 9.3132566915, 0.38547793316, 0, 0, 0.60300839015, 0.10704406098, 1.1902214941, 0, 0.82863721293, 0, 1.082113346, 1.3638078837, 0.037118954954, 4.6310526462, 1.0416572012, 0.34196145554, 1.1217704035, 0, 0, 0.22685002319, 0, 2.4065400549, 0, 0, 0.42539988161, 0.52464307627, 0.74900779893, 0.382535179, 0.71917356762, 0.12621259639, 0.12018370753, 2.8405716676, 0.077330892888, 0.060175934446, 0.57217879725, 0.66455842775, 1.452249442, 1.0976694307, 2.2743874526, 0.40270646353, 0.43468888546, 0.17571560327, 0.73855290349, 1.0250195201, 3.6209006965, 0.75444931166, 1.523014705, 3.3328242967, 1.8131204435, 0, 4.1901492039, 0.064379030217],
      [106.4977810268, 15, 110.0090707984, 205.6238435851, 91.2900181592, 294.7023975415, 98.4218438177, 250.4587484092, 329.7216505114, 164.2911149509, 349.4121647631, 93.6143982261, 238.9145195192, 135.0652251585, 184.8480572905, 589.7717874627, 99.4224968121, 74.3653802562, 32, 227.023260612, 39.892955939, 243.1124308174, 29.7057352502, 51.1713627871, 177.2492278897, 82.917886654, 74.599393604, 136.2462567642, 276.1305387377, 60.9583427988, 40.2412970843, 76.8782295965, 46.9128405089, 78.5947042578, 90.6850807332, 49.7748648718, 83.5881762123, 106.3274160338, 100.6272155581, 147.7133066349, 158.8332261445, 210.6795216123, 57.182808792, 127.6327116184, 57.1352413446, 11.6606802744, 299.3392571555, 204.0114748689, 116.9104971327, 357.9102334902, 357.2190353117, 349.2876866558, 437.2419383251, 384.924816101, 221.08796677, 144.246795763, 78.7267848548, 489.8547049247, 306.9483754932, 777.570852512, 286.916562432, 263.540028871, 247.1519547665, 856.8758429089, 91.1311772929, 535.0253949049, 67.6936994471],
      [0, 0, 0.32789668706, 0.38004935078, 0, 0.65810675238, 0.56646423022, 0.619963078, 1.3598085474, 0, 0, 0.64585904358, 0.79943555616, 0.60294425564, 0.32193260707, 0.25496094885, 0.0031913378642, 0.4150373142, 0, 0.9695982188, 0, 0, 0.2942647498, 0, 0.51086362944, 0, 0, 0.42549379595, 1.2644378843, 0, 0.41674146021, 0, 0.087159491092, 0.19129581971, 0.088069243591, 0.22513512818, 0.26297553117, 0.29150545435, 0.37278444193, 0.42693146938, 0.49155218789, 0.69908315539, 0.02445191632, 0.38688993793, 0.14344629346, 0.053757454767, 1.5115090278, 0.41601531334, 0.33316854775, 0.50284180819, 0.76316332502, 0.537516251, 1.0175685088, 1.6070597231, 0.5128675017, 0.35598099499, 0.097499541885, 0.39509298917, 0.89978723563, 0, 0.79895188793, 0, 0.14488312693, 1.4277665072, 0.16775613095, 1.8714306313, 0.039085015771]
    ],
    [
      [0, 0, 0.15813191096, 0.60640695495, 0.041261707671, 0.33766595356, 0.13229515306, 0.45715954413, 0.34514090288, 0.22358874232, 0.44603571906, 0, 0.16520992404, 0.17703341553, 0.12288696103, 0.34587242688, 0.088539564449, 0.060324179493, 0.014950006837, 0.56128924467, 0, 0.34748042398, 0, 0, 0.017971820769, 0.28466413268, 0.020928903253, 0.30180945919, 0.2937703413, 0.038258782773, 0, 0.44118100515, 0, 0.14947808472, 0, 0.021416488233, 0.10957398208, 0.17176077282, 0.044651326932, 0.63627909703, 0.19827023646, 0.67863018202, 0.22067608879, 1.9642798844, 0.52725113657, 0.12212897044, 1.1684785724, 0.43177353985, 0.24463688371, 1.0292872406, 1.1077700727, 1.6862470183, 1.9022996462, 1.2876071024, 1.4567077926, 0.68787957153, 0.11096513645, 0.86126618977, 1.0693351295, 0.61253192166, 0.36792575871, 0.23453217808, 0.3194310282, 1.0478149529, 0.25560289662, 2.8675295626, 0.12861920334],
      [0.67349521373, 0, 6.3185317603, 23.758147595, 1.0719189237, 20.3901607045, 3.5837233942, 11.3828954447, 9.8835644212, 7.4264709891, 21.3548285705, 2.7256868118, 7.0577690228, 5.8735752868, 7.3529118103, 7.9378290591, 4.6067653852, 2.2057496643, 0.6180380479, 7.5163733086, 0.13599016988, 12.0758249552, 0.34318216802, 0.24013126438, 0.22331115236, 1.650017328, 0.45175342759, 7.8556519002, 7.1862597705, 0.26236329392, 2.0925954177, 4.092822175, 5.0122031967, 7.422383333, 1.2529697039, 1.4112177793, 3.425878493, 6.3961465533, 3.0010663901, 19.0965999094, 8.4465115369, 24.6523778068, 9.5475766942, 42.2461898944, 15.7624473868, 3.7476876001, 25.8293273194, 13.0302291516, 10.2129276722, 29.3529782944, 28.2439000011, 36.0376444391, 66.6411199029, 44.8382776666, 43.1481123514, 28.6188479337, 9.1407552563, 34.5715561923, 33.6610801626, 17.6904768436, 24.0220381928, 6.9255727715, 18.5957921673, 47.8862436926, 7.9509329927, 44.9401515985, 6.3476291269],
