{
  "Z_true": {},
  "V_true": [
    [629, 25, 777, 131, 53],
    [981, 431, 7598, 895, 451],
    [184, 1030, 163, 17474, 820],
    [42, 1657, 276, 952, 85],
    [16, 189, 92, 482, 380],
    [66, 164, 209, 717, 427]
  ],
  "p_true": [
    [0.3895, 0.0155, 0.4811, 0.0811, 0.0328],
    [0.0947, 0.0416, 0.7337, 0.0864, 0.0435],
    [0.0094, 0.0524, 0.0083, 0.8883, 0.0417],
    [0.0139, 0.5501, 0.0916, 0.3161, 0.0282],
    [0.0138, 0.1631, 0.0794, 0.4159, 0.3279],
    [0.0417, 0.1036, 0.132, 0.4529, 0.2697]
  ],
  "Z_est": [
    [
      [10.509, 3.1278, 31.1642, 8.152, 26.1882, 9.6519, 0, 25.4555, 4.9367, 29.0031, 26.4609, 50.4696, 21.2191, 48.9904, 25.89, 8.8611, 10.5414, 20.3898, 31.4947, 19.3701, 31.3976, 24.2028, 11.1122, 63.4815, 2.2835, 9.536, 7.2525, 62.4971, 25.8532, 36.4637, 17.1583, 39.5769, 5.4036, 103.255, 8.6277, 99.5939, 16.3864],
      [0.0069, 0.0013, 0.0524, 0.0114, 0.0587, 0.0063, 0, 0.0181, 0.0025, 0.1167, 0.0864, 0.0427, 0.082, 0.1805, 0.0959, 0.0297, 0.0315, 0.0227, 0.1142, 0.0833, 0.0562, 0.0928, 0.0309, 0.1357, 0.0063, 0.0088, 0.3259, 0.0965, 0.0543, 0.07, 0.029, 0.1117, 0, 0.2764, 0.0227, 0.0934, 0.0233],
      [2.8098, 0.6329, 10.0426, 0.8699, 9.6976, 5.2928, 0, 8.4591, 1.2165, 7.1824, 10.1328, 18.0553, 7.4471, 20.4427, 13.2969, 1.5125, 2.4828, 28.5814, 13.2173, 4.4871, 13.0305, 5.7563, 3.1807, 19.9792, 0.5443, 2.9628, 1.9709, 19.9104, 10.1362, 11.0537, 7.1956, 9.8362, 0.6089, 38.4385, 2.9473, 23.2626, 4.9013],
      [1.7397, 0.2017, 8.9268, 0, 1.1948, 2.3577, 0, 7.414, 1.6987, 0, 4.3271, 7.4729, 0, 4.1617, 0.6391, 0, 0.9245, 2.5747, 0, 0, 4.8348, 0, 0.5233, 0, 0.7064, 1.6908, 0.8775, 19.9356, 8.7524, 5.9935, 1.5588, 0, 0, 15.2262, 0, 4.4919, 4.3095],
      [1.9345, 0.0364, 5.814, 0.9667, 4.8608, 1.6913, 0, 4.6532, 1.1455, 5.6977, 4.9928, 10.9595, 5.2518, 9.2247, 5.0781, 1.5967, 2.0198, 4.4313, 7.1738, 5.0595, 5.6809, 4.9482, 2.1529, 11.4036, 0.4595, 1.8015, 1.5732, 10.5603, 6.2039, 6.419, 3.0583, 7.4753, 0.9875, 19.8039, 1.4023, 13.5583, 2.3794]
    ],
    [
      [7.0469, 2.5395, 15.6726, 9.6864, 19.5764, 3.3227, 0.6232, 13.3996, 2.3837, 24.7236, 16.2527, 27.5098, 17.3476, 34.0951, 15.5964, 10.2481, 9.6716, 7.1201, 23.9632, 18.7965, 18.9193, 23.8218, 7.9824, 51.823, 1.2265, 6.0272, 4.362, 33.0293, 8.5441, 26.2256, 11.1744, 42.0044, 6.8068, 67.4587, 7.3271, 91.477, 10.2609],
      [0.9889, 0.7159, 20.518, 5.4691, 25.0297, 0.899, 0.0905, 2.5172, 0.3596, 37.6466, 31.1193, 20.0167, 34.5175, 65.0774, 41.1471, 12.2572, 11.3182, 9.838, 42.2382, 32.3317, 23.6248, 38.3013, 9.8514, 62.5179, 2.5649, 1.4974, 3.8241, 32.8754, 22.5299, 26.1528, 12.3353, 44.7505, 21.7951, 105.8919, 9.4535, 42.526, 10.8081],
      [46.9468, 8.6979, 191.4362, 45.5327, 219.3538, 31.3287, 5.9439, 126.5814, 13.1002, 268.671, 222.0407, 177.7504, 306.981, 480.2769, 350.5559, 89.3886, 31.2736, 88.3478, 333.5065, 265.6664, 206.8688, 336.7127, 61.0114, 524.4581, 6.2509, 57.5447, 29.7161, 353.959, 201.18, 180.3447, 113.6927, 345.6076, 168.5383, 831.2715, 80.751, 419.0353, 93.8144],
      [2.1532, 3.8994, 16.8848, 3.9346, 12.0839, 3.0492, 0.0498, 11.124, 3.2052, 16.0447, 9.8991, 8.106, 19.183, 29.0489, 32.5828, 23.2104, 5.7518, 3.7997, 27.2217, 20.2809, 8.9926, 25.382, 11.8637, 39.4378, 0.38, 3.1465, 1.4249, 15.3114, 8.5177, 25.3266, 4.908, 39.32, 19.2062, 36.2239, 5.9762, 40.4121, 13.5121],
      [10.8643, 0.1472, 25.4885, 5.3772, 26.9563, 6.4003, 1.2926, 9.3777, 1.9514, 34.9141, 26.6881, 22.617, 36.9708, 55.5017, 32.1178, 10.8957, 15.9848, 10.8944, 45.0705, 34.9244, 25.5944, 31.7821, 8.291, 64.7631, 1.5778, 7.7842, 5.6729, 42.8249, 28.2282, 35.9503, 12.8896, 46.3174, 18.6535, 103.1541, 9.4923, 62.5496, 7.6045]
    ],
    [
      [1.5375, 0.8069, 0.1543, 3.4557, 2.6697, 0.0416, 0.1609, 0.7261, 0.1695, 8.5878, 0.1395, 7.3764, 0.1276, 0.2701, 0.1365, 1.0791, 0.8931, 0.089, 0.1811, 1.0556, 0.1633, 2.7753, 2.2602, 15.6242, 0.0579, 1.2381, 1.4465, 0.3057, 0.1069, 2.7282, 1.2165, 3.684, 0.0416, 0.558, 1.6297, 30.8079, 1.3474],
      [0.6842, 0.1244, 5.1623, 1.5383, 6.3209, 0.622, 0.0622, 2.7865, 0.2488, 43.0449, 26.0362, 4.8375, 8.1536, 51.5805, 15.8818, 3.3334, 6.3759, 3.6143, 32.6958, 14.4758, 7.4695, 12.201, 7.3505, 26.0873, 1.6518, 0.8707, 2.2002, 9.516, 7.2065, 11.6466, 2.861, 28.8128, 7.2277, 47.9016, 4.1893, 9.205, 3.6881],
      [5.2483, 0.2031, 6.2464, 1.4168, 14.9401, 3.7649, 0.0317, 4.4841, 0.3452, 16.1468, 13.3034, 8.2717, 24.8943, 27.1728, 15.9566, 2.2541, 1.0153, 12.4793, 13.7943, 9.8022, 17.8556, 20.7608, 1.5839, 24.1124, 0.1828, 3.8976, 1.3135, 16.6237, 11.1429, 4.7112, 9.9661, 9.5658, 8.2948, 47.6778, 3.7849, 10.2347, 2.7523],
      [214.4973, 30.8534, 929.2698, 189.4667, 843.9206, 124.9642, 3.6905, 131.2777, 77.6852, 757.7331, 682.3563, 469.5567, 657.8872, 975.0055, 675.2294, 229.0396, 182.7349, 221.4624, 746.3702, 767.3281, 657.716, 588.3082, 326.4259, 1109.2665, 45.8677, 243.1449, 153.2636, 885.0916, 522.7798, 564.0616, 257.5157, 743.2012, 279.983, 1987.0334, 222.1881, 957.7494, 238.9796],
      [1.0328, 0.0122, 2.1672, 0.1224, 4.1486, 0.6073, 0.0547, 0.7256, 0.5513, 7.4874, 1.1646, 3.9577, 2.9373, 2.9711, 0.7956, 0.2938, 0.9807, 0.355, 9.9586, 7.3383, 0.7956, 0.9548, 0.3795, 1.9095, 1.2399, 1.8486, 1.7762, 1.463, 6.764, 2.8524, 0.4407, 8.7361, 0.4529, 5.8292, 0.2081, 5.003, 0.2326]
    ],
    [
      [0.1965, 0.0003, 0.0255, 0.0052, 0.0298, 0.0052, 0.0432, 0.0144, 0.0023, 0.0412, 0.0334, 0.02, 0.0402, 0.0775, 0.0468, 0.0157, 0.0173, 0.0092, 0.0429, 0.037, 0.0239, 0.0442, 0.0108, 0.0455, 0.002, 0.0049, 0.0029, 0.0579, 0, 0.0363, 0.0121, 0.0415, 0.0193, 0.1299, 0.0111, 0.0435, 0.0098],
      [6.8647, 0.746, 47.6261, 10.0723, 54.3722, 7.158, 0.8279, 21.0156, 3.1248, 92.764, 71.1276, 37.5848, 74.8277, 155.2193, 87.2627, 28.0411, 30.3735, 19.0254, 92.9197, 72.6513, 48.0922, 83.47, 24.4656, 103.4125, 4.3058, 8.5491, 6.8647, 97.0872, 44.6413, 65.5638, 24.6523, 90.557, 39.2011, 247.2388, 20.7043, 83.2212, 19.8959],
      [4.2315, 0.2367, 22.9484, 4.8092, 26.7826, 7.5322, 0.804, 13.3484, 1.9787, 31.7139, 29.4622, 18.7349, 38.9568, 67.5689, 43.2524, 15.4162, 13.6768, 8.4747, 36.1543, 32.7852, 22.3134, 39.8661, 7.9984, 32.9048, 1.5906, 4.9131, 2.1305, 61.6636, 17.9074, 30.6657, 11.521, 34.5191, 17.7317, 115.0382, 9.9217, 41.0197, 9.2396],
      [1.2889, 0.0002, 6.2774, 0.9455, 8.7426, 1.0533, 0.2914, 9.2525, 1.8104, 0.0224, 0.3538, 3.7723, 7.7002, 12.1877, 11.347, 4.1244, 5.6181, 0.005, 0.0233, 6.0016, 1.4815, 10.3115, 0.0059, 0.0247, 0.0011, 1.1479, 0.0016, 16.4638, 0.0114, 13.4434, 0.2116, 0.0226, 1.4274, 30.3844, 3.0777, 6.3875, 0.5361],
      [0.4184, 0.0168, 1.1226, 0.1677, 1.0728, 0.2513, 0.0335, 0.3692, 0.0838, 1.4584, 1.023, 0.888, 1.4751, 1.9466, 1.0911, 0.4027, 3.3143, 0.4857, 1.8599, 1.5249, 1.089, 1.3082, 0.5193, 2.6126, 0.1005, 0.385, 0.0003, 1.7275, 1.4399, 1.2908, 0.603, 1.8598, 0.6204, 4.2087, 0.2853, 2.3281, 0.3186]
    ],
    [
      [0.0069, 0.1471, 0.0247, 0.0017, 0.0167, 0.0034, 0, 0.0034, 0.0006, 0.0241, 0.0184, 0.0069, 0.0305, 0.0259, 0.0144, 0.0075, 0.0029, 0.0086, 0.0293, 0.0305, 0.0247, 0.031, 0.0195, 0.0575, 0.0017, 0.0086, 0.0046, 0.0322, 0, 0.0167, 0.0161, 0.0287, 0.0103, 0.0868, 0.0029, 0.031, 0.0057],
      [2.2426, 0.3738, 8.0368, 0.5606, 5.4208, 1.1214, 0, 1.1212, 0.1869, 7.8516, 5.9821, 2.2425, 9.9063, 8.4139, 4.6743, 2.4301, 0.9344, 2.8037, 9.5334, 9.9063, 8.0369, 10.0935, 6.3544, 18.6907, 0.5608, 2.8033, 1.4952, 10.4673, 9.9056, 5.4211, 5.2332, 9.3465, 3.3649, 28.2248, 0.9344, 10.0935, 1.8693],
      [0.2256, 0.037, 0.8764, 0.0002, 1.0231, 0.181, 0, 0.0003, 0.0001, 1.2193, 1.038, 0.0007, 1.4264, 0.7596, 0.3217, 0.4101, 0.0003, 0.5208, 1.4964, 1.1793, 0.9833, 7.9083, 1.5787, 2.2698, 0.0334, 1.5316, 0.1332, 2.4717, 0.9553, 0.085, 1.0394, 1.5074, 0.7349, 3.9026, 0.0003, 0.9509, 0.4173],
      [1.0506, 0.7482, 7.7786, 0, 1.4122, 0.0051, 0, 0, 0, 3.3355, 3.3879, 0, 8.2613, 0, 0, 1.5293, 0, 1.4809, 3.0667, 7.966, 8.0331, 4.0699, 9.2379, 17.824, 0.3308, 1.5551, 0.838, 5.953, 9.1251, 0, 5.9755, 2.5728, 1.2689, 23.646, 0, 0, 0.9772],
      [8.4742, 0.694, 26.2835, 2.4375, 21.1272, 4.6891, 0, 4.875, 0.8124, 29.5694, 21.5736, 9.75, 33.3755, 35.8006, 19.9897, 8.623, 4.0625, 10.1861, 36.8742, 33.9178, 25.922, 31.8973, 16.8095, 61.1581, 2.0734, 9.1014, 5.529, 37.0758, 33.014, 23.4773, 15.7359, 36.5446, 12.621, 95.1399, 4.0625, 42.9246, 6.7304]
    ],
    [
      [1.7032, 0.3783, 4.9587, 1.6989, 4.5193, 0.9752, 0.1727, 2.4009, 0.5073, 4.6201, 4.0951, 5.6173, 4.2349, 7.541, 4.3159, 1.7885, 1.8738, 2.3832, 5.2889, 3.7103, 4.4712, 5.1249, 2.6148, 9.9682, 0.4285, 1.1851, 0.9315, 7.0777, 1.4958, 5.5295, 2.4226, 6.6644, 1.7184, 16.5116, 1.4015, 14.0467, 1.9897],
      [0.2126, 0.0387, 1.6044, 0.3482, 1.7977, 0.1933, 0.0193, 0.5412, 0.0773, 3.5761, 2.6482, 1.2758, 2.5129, 5.5284, 2.9382, 0.9085, 0.9665, 0.6959, 3.4988, 2.5516, 1.7204, 2.8415, 0.9472, 4.156, 0.9104, 0.2706, 0.29, 2.9575, 1.6624, 2.1456, 0.8892, 3.4214, 1.4111, 8.4666, 0.6959, 2.8609, 0.7152],
      [1.5381, 0.1925, 5.4501, 1.3712, 5.2028, 0.9003, 0.2204, 2.1267, 0.3593, 5.0666, 5.0229, 4.187, 6.2943, 9.7791, 6.6166, 2.0186, 1.5512, 2.596, 6.8313, 5.0797, 4.9483, 6.9959, 2.6468, 10.2757, 0.398, 1.1502, 0.7357, 7.3716, 8.6781, 5.1397, 2.5852, 6.964, 3.0913, 19.6713, 1.5949, 9.4968, 1.8751],
      [13.2704, 1.2972, 45.8627, 12.6532, 35.6459, 5.5705, 1.9683, 7.9318, 2.6006, 20.8642, 31.6759, 26.0921, 34.9683, 52.5963, 35.2017, 13.0963, 13.9707, 17.6774, 37.318, 24.4233, 32.942, 41.9284, 27.9433, 55.447, 3.7141, 5.3148, 4.5944, 37.2447, 35.8136, 39.175, 15.8306, 37.8833, 16.1144, 131.4862, 8.7581, 57.9592, 10.6855],
      [2.2757, 0.0934, 6.1242, 0.9284, 5.8343, 1.3608, 0.6192, 1.9993, 0.4555, 7.873, 5.5579, 4.8279, 7.9896, 10.5552, 5.9277, 2.1881, 2.6378, 2.6475, 10.063, 8.2351, 5.9181, 7.1094, 2.8479, 14.1531, 0.549, 2.0792, 1.4484, 9.3484, 10.35, 7.0102, 3.2725, 10.0669, 3.6647, 22.8642, 1.5496, 12.6364, 1.7345]
    ]
  ],
  "V_est": [
    [975.9575, 2.4771, 341.5754, 112.5339, 182.456],
    [698.0465, 865.3963, 7314.1376, 550.855, 927.5647],
    [95.6496, 417.6651, 376.2322, 18692.9046, 88.5485],
    [1.1991, 1925.5277, 879.8125, 165.7577, 39.7029],
    [0.7816, 216.638, 37.2191, 131.4295, 772.9318],
    [146.3658, 68.2956, 166.0232, 997.5193, 204.7961]
  ],
  "p_est": [
    [0.6043, 0.0015, 0.2115, 0.0697, 0.113],
    [0.0674, 0.0836, 0.7063, 0.0532, 0.0896],
    [0.0049, 0.0212, 0.0191, 0.9503, 0.0045],
    [0.0004, 0.6393, 0.2921, 0.055, 0.0132],
    [0.0007, 0.1869, 0.0321, 0.1134, 0.6669],
    [0.0925, 0.0431, 0.1049, 0.6301, 0.1294]
  ],
  "EI_Z": {},
  "EI_V": 11.962,
  "MAE_Z": {},
  "MAE_V": 298.2204,
  "MAE_p": 0.0891,
  "runtime": 1.1396
}
