{
  "Z_true": {},
  "V_true": [
    [629, 25, 777, 131, 53],
    [981, 431, 7598, 895, 451],
    [184, 1030, 163, 17474, 820],
    [42, 1657, 276, 952, 85],
    [16, 189, 92, 482, 380],
    [66, 164, 209, 717, 427]
  ],
  "p_true": [
    [0.3895, 0.0155, 0.4811, 0.0811, 0.0328],
    [0.0947, 0.0416, 0.7337, 0.0864, 0.0435],
    [0.0094, 0.0524, 0.0083, 0.8883, 0.0417],
    [0.0139, 0.5501, 0.0916, 0.3161, 0.0282],
    [0.0138, 0.1631, 0.0794, 0.4159, 0.3279],
    [0.0417, 0.1036, 0.132, 0.4529, 0.2697]
  ],
  "Z_est": [
    [
      [10.5081, 3.1286, 31.1469, 8.1951, 26.1869, 9.6435, 0, 25.4407, 4.9336, 29.0137, 26.4503, 50.4512, 21.2182, 48.9764, 25.8796, 8.8665, 10.5432, 20.3729, 31.4892, 19.3746, 31.3839, 24.2117, 11.1139, 63.4965, 2.2825, 9.5337, 7.2512, 62.4605, 25.8287, 36.458, 17.1536, 39.592, 5.4077, 103.2201, 8.6295, 99.6385, 16.3811],
      [0.0075, 0.0014, 0.0564, 0.0122, 0.0631, 0.0068, 0, 0.019, 0.0027, 0.1256, 0.093, 0.0448, 0.0883, 0.1942, 0.1032, 0.0319, 0.0339, 0.0244, 0.1229, 0.0896, 0.0604, 0.0998, 0.0333, 0.146, 0.0068, 0.0095, 0.3385, 0.1039, 0.0584, 0.0754, 0.0312, 0.1202, 0, 0.2974, 0.0244, 0.1005, 0.0251],
      [2.744, 0.6025, 9.7896, 0.8674, 9.4077, 5.3653, 0, 8.6173, 1.2355, 7.516, 10.0632, 15.3106, 7.7973, 19.8109, 12.8521, 1.6023, 2.4284, 28.629, 12.9389, 4.8428, 12.6451, 6.0562, 3.0978, 20.5903, 0.5343, 2.8862, 1.8743, 19.4162, 9.8705, 11.4113, 7.0878, 10.2634, 0.6072, 37.3293, 3.0136, 22.7189, 4.7803],
      [1.9081, 0.2351, 9.4692, 0, 1.743, 2.356, 0, 7.2581, 1.6793, 0, 4.6511, 10.1978, 0, 5.2691, 1.3531, 0, 1.0926, 2.6674, 0.7251, 0, 5.4975, 0, 0.7283, 0, 0.7416, 1.8633, 1.023, 20.8882, 9.3891, 5.9527, 1.8172, 0, 0, 17.3774, 0, 5.5608, 4.5145],
      [1.8323, 0.0324, 5.538, 0.9253, 4.5992, 1.6283, 0, 4.6649, 1.1489, 5.3448, 4.7424, 10.9955, 4.8963, 8.7494, 4.812, 1.4993, 1.9018, 4.3063, 6.7238, 4.693, 5.4131, 4.6322, 2.0267, 10.7673, 0.4349, 1.7073, 1.513, 10.1313, 5.8533, 6.1026, 2.9102, 7.0244, 0.9851, 18.7758, 1.3325, 12.9813, 2.299]
    ],
    [
      [7.0316, 2.5157, 15.6905, 9.7104, 19.4554, 3.3301, 0.6206, 13.3806, 2.3776, 24.5711, 16.2628, 27.432, 17.3496, 34.107, 15.6072, 10.1922, 9.6285, 7.136, 23.9679, 18.6363, 18.9314, 23.6271, 7.9464, 51.503, 1.2227, 5.9994, 4.3472, 33.0591, 8.5632, 26.1048, 11.1151, 41.5241, 6.8041, 67.4919, 7.2781, 90.5389, 10.2099],
      [0.989, 0.717, 20.4799, 5.4659, 25.0158, 0.899, 0.0906, 2.5173, 0.3596, 37.6293, 30.9696, 20.0049, 34.4984, 64.7567, 39.6093, 12.2505, 11.1947, 9.8325, 42.2166, 32.3147, 23.6118, 38.2804, 9.8469, 62.693, 2.5585, 1.4967, 3.822, 32.8197, 22.5176, 26.1394, 12.3114, 44.3854, 21.7721, 105.3429, 9.4477, 42.4407, 10.8018],
      [46.9352, 8.7374, 191.2182, 45.3497, 219.1262, 31.2695, 5.9458, 126.5825, 13.1084, 268.3543, 221.8128, 177.6286, 306.5021, 479.7767, 351.471, 91.1799, 31.3191, 88.241, 333.8425, 264.6698, 206.6369, 336.2977, 61.0467, 523.6466, 6.2572, 57.4527, 29.7608, 353.7427, 200.2824, 180.4529, 113.6461, 345.6981, 168.0376, 830.8673, 80.7134, 420.9806, 93.6947],
      [2.249, 3.8843, 17.2998, 4.0778, 12.6253, 3.1427, 0.0511, 11.2041, 3.2164, 16.7678, 10.4409, 8.4667, 19.9247, 30.2076, 33.3871, 21.5495, 5.9653, 3.9688, 27.4057, 21.6962, 9.3928, 26.2207, 11.937, 40.8023, 0.3969, 3.3241, 1.4883, 15.8393, 8.8967, 25.5772, 5.1263, 40.3837, 20.0617, 37.8357, 6.0376, 39.8824, 13.7391],
      [10.7953, 0.1455, 25.3116, 5.3962, 26.7773, 6.3586, 1.2919, 9.3154, 1.938, 34.6775, 26.5138, 22.4677, 36.7252, 55.152, 31.9253, 10.8278, 15.8924, 10.8217, 44.5673, 34.683, 25.4271, 31.5741, 8.2229, 64.3551, 1.5647, 7.7272, 5.5816, 42.5391, 28.7401, 35.7257, 12.8011, 46.0087, 18.3245, 102.4622, 9.5232, 62.1575, 7.5545]
    ],
    [
      [1.554, 0.8296, 0.1553, 3.3878, 2.7921, 0.0418, 0.1639, 0.7564, 0.1781, 8.7267, 0.1404, 7.4662, 0.1285, 0.2718, 0.1374, 1.1294, 0.934, 0.0896, 0.1822, 1.2117, 0.1643, 2.9623, 2.2963, 15.9234, 0.0629, 1.2673, 1.4618, 0.3077, 0.1075, 2.8532, 1.2797, 4.1458, 0.0418, 0.5616, 1.6762, 31.6833, 1.4021],
      [0.6837, 0.1243, 5.1587, 1.5283, 6.2806, 0.6215, 0.0622, 2.7823, 0.2486, 42.9004, 26.0737, 4.8031, 8.1001, 51.6748, 17.3138, 3.3135, 6.4677, 3.595, 32.5708, 14.409, 7.4274, 12.1333, 7.3244, 25.9554, 1.6355, 0.8701, 2.1906, 9.5094, 7.1665, 11.5942, 2.859, 29.0338, 7.1988, 48.1768, 4.169, 9.1986, 3.6669],
      [5.1605, 0.1838, 6.0933, 1.5811, 14.7245, 3.7616, 0.034, 4.2572, 0.3125, 16.0116, 13.1313, 11.007, 24.7499, 28.6295, 14.3453, 2.0403, 0.9191, 12.4344, 13.5358, 9.602, 17.759, 20.4506, 1.4337, 23.7427, 0.1654, 3.7526, 1.333, 16.2602, 9.2579, 4.2644, 9.8278, 8.8407, 8.2644, 46.8699, 3.7177, 9.264, 2.6883],
      [214.5218, 30.8482, 929.2984, 189.3618, 843.9381, 124.9394, 3.6876, 131.4373, 77.7012, 757.7232, 682.3715, 466.6699, 657.9163, 973.2294, 675.2874, 229.1786, 182.644, 221.4723, 746.3592, 767.2798, 657.7332, 588.3544, 326.5087, 1109.1799, 45.8885, 243.2208, 153.1605, 885.2606, 522.7469, 564.2909, 257.5261, 743.0444, 279.9735, 1987.0822, 222.1974, 957.5897, 238.975],
      [1.08, 0.0141, 2.2943, 0.1409, 4.2648, 0.6356, 0.0523, 0.7669, 0.5596, 7.6381, 1.283, 4.0538, 3.1052, 3.1945, 0.9161, 0.3382, 1.0352, 0.4087, 10.352, 7.4976, 0.9161, 1.0993, 0.4369, 2.1986, 1.2477, 1.8892, 1.854, 1.662, 8.7212, 2.9973, 0.5074, 8.9353, 0.5215, 6.3095, 0.2396, 5.2644, 0.2678]
    ],
    [
      [0.1959, 0.0003, 0.0254, 0.0052, 0.0296, 0.0052, 0.0431, 0.0143, 0.0023, 0.041, 0.0332, 0.0199, 0.04, 0.0771, 0.0465, 0.0156, 0.0173, 0.0091, 0.0426, 0.0368, 0.0238, 0.0439, 0.0107, 0.0452, 0.002, 0.0049, 0.0029, 0.0576, 0, 0.0361, 0.012, 0.0413, 0.0192, 0.1292, 0.0111, 0.0433, 0.0098],
      [6.8733, 0.7464, 47.7035, 10.0899, 54.456, 7.1632, 0.8281, 21.0272, 3.1261, 92.9759, 71.2774, 37.6472, 74.9483, 155.5122, 87.4044, 28.0817, 30.4144, 19.0638, 93.1207, 72.7835, 48.1839, 83.6097, 24.522, 103.4556, 4.2918, 8.5607, 6.8709, 97.2026, 44.7353, 65.6618, 24.7003, 90.7545, 39.2771, 247.6594, 20.7377, 83.3642, 19.9343],
      [4.332, 0.236, 23.3199, 4.8951, 27.2169, 7.6448, 0.8083, 13.5962, 2.0044, 31.473, 29.6278, 19.1001, 37.0278, 68.4928, 45.1983, 13.6289, 13.8427, 8.4265, 35.916, 33.2796, 22.7404, 45.4514, 7.9316, 32.809, 1.6026, 5.0319, 2.1243, 62.2891, 17.7841, 31.0055, 11.6658, 34.2843, 18.0481, 115.5795, 10.0758, 41.8323, 9.4217],
      [1.1706, 0.0001, 5.7986, 0.8373, 8.1946, 0.929, 0.2861, 8.9817, 1.7811, 0.0106, 0.0085, 3.3212, 9.4677, 10.9104, 9.2247, 5.8585, 5.251, 0.0023, 0.011, 5.3338, 0.9341, 4.548, 0.0028, 0.0116, 0.0005, 1.0083, 0.0008, 15.6722, 0.0054, 12.6918, 0.0031, 0.0106, 1.0172, 29.3017, 2.8812, 5.3724, 0.3064],
      [0.4282, 0.0172, 1.1526, 0.1725, 1.1029, 0.2579, 0.0344, 0.3806, 0.0862, 1.4995, 1.053, 0.9117, 1.5162, 2.0075, 1.1261, 0.4152, 3.4747, 0.4982, 1.9097, 1.5663, 1.1179, 1.347, 0.5329, 2.6786, 0.1031, 0.3943, 0.0011, 1.7786, 1.4752, 1.6048, 0.6187, 1.9092, 0.6384, 4.3302, 0.2941, 2.3878, 0.3278]
    ],
    [
      [0.0069, 0.1468, 0.0246, 0.0017, 0.0166, 0.0034, 0, 0.0034, 0.0006, 0.0241, 0.0183, 0.0069, 0.0304, 0.0258, 0.0143, 0.0074, 0.0029, 0.0086, 0.0292, 0.0304, 0.0246, 0.0309, 0.0195, 0.0573, 0.0017, 0.0086, 0.0046, 0.0321, 0, 0.0166, 0.016, 0.0287, 0.0103, 0.0865, 0.0029, 0.0309, 0.0057],
      [2.2359, 0.3726, 8.0119, 0.559, 5.4033, 1.1179, 0, 1.1179, 0.1863, 7.8255, 5.9623, 2.2359, 9.8751, 8.3845, 4.6581, 2.4222, 0.9316, 2.7948, 9.5024, 9.8751, 8.0119, 10.0614, 6.335, 18.6322, 0.559, 2.7948, 1.4906, 10.434, 9.8751, 5.4033, 5.217, 9.3161, 3.3538, 28.1346, 0.9316, 10.0614, 1.8632],
      [0.3632, 0.0595, 1.4109, 0.0002, 1.6479, 0.1161, 0, 0.0003, 0.0001, 1.9636, 1.6718, 0.0007, 4.0801, 0.2195, 0.0186, 0.6604, 0.0003, 0.8388, 2.4099, 1.8988, 1.5833, 3.2377, 1.9387, 3.6547, 0.0537, 1.8106, 0.2144, 3.4601, 5.3328, 0.0016, 1.3586, 2.4276, 1.1837, 6.2845, 0.0003, 0.3006, 0.6722],
      [0.7993, 0.7234, 6.9566, 0, 0.4948, 0, 0, 0, 0, 2.1982, 2.4825, 0, 5.2251, 0, 0, 1.1726, 0, 1.0329, 1.647, 6.8482, 7.1563, 8.4127, 8.7665, 15.77, 0.2835, 1.1775, 0.6846, 4.5078, 4.3749, 0, 5.5092, 1.1447, 0.6531, 20.174, 0, 0, 0.6377],
      [8.5948, 0.6976, 26.596, 2.4392, 21.4374, 4.7625, 0, 4.8783, 0.8131, 29.9886, 21.865, 9.7566, 33.7893, 36.3702, 20.309, 8.7373, 4.0653, 10.3248, 37.4115, 34.3475, 26.2239, 32.2573, 16.9404, 61.8858, 2.1022, 9.2084, 5.6058, 37.566, 33.4172, 23.5785, 15.8991, 37.0829, 12.7991, 96.3203, 4.0653, 43.607, 6.8212]
    ],
    [
      [1.7035, 0.379, 4.9572, 1.6997, 4.5194, 0.9759, 0.1725, 2.4045, 0.5078, 4.6235, 4.095, 5.6238, 4.2334, 7.5418, 4.3148, 1.7888, 1.8741, 2.3838, 5.2888, 3.7103, 4.472, 5.124, 2.6132, 9.9746, 0.4283, 1.1862, 0.9323, 7.083, 1.5005, 5.5312, 2.4236, 6.6681, 1.7169, 16.5106, 1.4022, 14.0651, 1.9915],
      [0.2107, 0.0383, 1.5897, 0.3447, 1.7812, 0.1915, 0.0192, 0.5363, 0.0766, 3.5433, 2.6239, 1.2641, 2.4899, 5.4777, 2.9112, 0.9002, 0.9576, 0.6895, 3.4666, 2.5282, 1.7046, 2.8154, 0.9385, 4.1178, 0.9484, 0.2681, 0.2873, 2.9304, 1.6471, 2.126, 0.881, 3.39, 1.3981, 8.3889, 0.6895, 2.8346, 0.7087],
      [1.4651, 0.1807, 5.1682, 1.3066, 4.8768, 0.8426, 0.2119, 1.9466, 0.3392, 4.6815, 4.6929, 3.953, 5.8428, 9.0706, 6.1147, 1.8881, 1.4905, 2.4302, 6.3569, 4.707, 4.6353, 6.5064, 2.5515, 9.5567, 0.3868, 1.0661, 0.6932, 6.8317, 7.4723, 4.8643, 2.4138, 6.4858, 2.859, 19.0695, 1.4792, 8.9035, 1.7428],
      [13.3512, 1.3089, 46.1774, 12.723, 36.0042, 5.6329, 1.9752, 8.1188, 2.6221, 21.3002, 32.0455, 26.3444, 35.4662, 53.3835, 35.7477, 13.2407, 14.0471, 17.8562, 37.8521, 24.8419, 33.2861, 42.4642, 28.0567, 56.2363, 3.6891, 5.4061, 4.6428, 37.832, 39.587, 39.4874, 16.018, 38.4166, 16.2945, 132.229, 8.8837, 58.5948, 10.8273],
      [2.2695, 0.0932, 6.1075, 0.9259, 5.8184, 1.3571, 0.6214, 1.9939, 0.4543, 7.8516, 5.5427, 4.8147, 7.9678, 10.5265, 5.9116, 2.1821, 2.6307, 2.6403, 10.0356, 8.2127, 5.9019, 7.09, 2.8401, 14.1146, 0.5475, 2.0736, 1.4445, 9.323, 7.793, 6.9911, 3.2636, 10.0395, 3.7314, 22.802, 1.5454, 12.602, 1.7298]
    ]
  ],
  "V_est": [
    [975.8624, 2.6518, 336.6033, 125.9585, 173.924],
    [695.2697, 862.0993, 7312.2854, 564.4726, 921.873],
    [98.4742, 418.8218, 370.4072, 18688.5983, 94.6985],
    [1.1937, 1928.765, 889.7445, 151.1469, 41.1499],
    [0.7794, 215.9473, 50.8759, 108.8331, 782.5643],
    [146.4206, 67.7148, 155.0838, 1011.9905, 201.7903]
  ],
  "p_est": [
    [0.6042, 0.0016, 0.2084, 0.078, 0.1077],
    [0.0671, 0.0832, 0.7061, 0.0545, 0.089],
    [0.005, 0.0213, 0.0188, 0.9501, 0.0048],
    [0.0004, 0.6404, 0.2954, 0.0502, 0.0137],
    [0.0007, 0.1863, 0.0439, 0.0939, 0.6752],
    [0.0925, 0.0428, 0.098, 0.6393, 0.1275]
  ],
  "EI_Z": {},
  "EI_V": 11.9858,
  "MAE_Z": {},
  "MAE_V": 298.8131,
  "MAE_p": 0.0901,
  "runtime": 0.7587
}
