{
  "X": [
    [19, 25, 44, 12],
    [21, 21, 42, 16],
    [20, 19, 44, 17],
    [21, 30, 32, 17],
    [21, 29, 38, 12],
    [30, 23, 32, 15],
    [12, 24, 39, 25],
    [17, 17, 45, 21],
    [11, 30, 38, 21],
    [20, 25, 37, 18],
    [18, 17, 45, 20],
    [8, 25, 43, 24],
    [18, 27, 34, 21],
    [25, 25, 25, 25],
    [19, 23, 25, 33],
    [24, 29, 26, 21],
    [17, 27, 31, 25],
    [24, 16, 33, 27],
    [35, 18, 27, 20],
    [24, 19, 31, 26],
    [24, 24, 30, 22],
    [23, 17, 32, 28],
    [22, 27, 31, 20],
    [19, 26, 31, 24],
    [22, 19, 29, 30],
    [44, 23, 12, 21],
    [55, 18, 9, 18],
    [43, 23, 21, 13],
    [49, 19, 11, 21],
    [44, 20, 16, 20],
    [44, 20, 15, 21],
    [54, 18, 13, 15],
    [56, 24, 8, 12],
    [54, 19, 12, 15],
    [52, 18, 12, 18],
    [43, 18, 20, 19],
    [59, 17, 13, 11],
    [50, 21, 11, 18],
    [45, 10, 21, 24],
    [42, 11, 30, 17],
    [44, 15, 19, 22],
    [45, 8, 28, 19],
    [45, 11, 18, 26],
    [37, 14, 25, 24],
    [40, 16, 21, 23],
    [51, 16, 13, 20],
    [48, 10, 19, 23],
    [38, 13, 27, 22],
    [46, 11, 23, 20],
    [43, 9, 25, 23]
  ],
  "W": [
    [62, 11, 12, 15],
    [57, 17, 13, 13],
    [62, 12, 12, 14],
    [63, 11, 17, 9],
    [61, 16, 10, 13],
    [56, 11, 18, 15],
    [73, 5, 7, 15],
    [61, 14, 11, 14],
    [66, 15, 9, 10],
    [63, 12, 14, 11],
    [61, 12, 11, 16],
    [62, 17, 11, 10],
    [41, 37, 10, 12],
    [11, 62, 9, 18],
    [9, 73, 11, 7],
    [14, 51, 20, 15],
    [14, 67, 13, 6],
    [11, 67, 13, 9],
    [12, 57, 12, 19],
    [13, 63, 10, 14],
    [8, 67, 15, 10],
    [9, 62, 14, 15],
    [19, 57, 14, 10],
    [13, 66, 10, 11],
    [15, 61, 12, 12],
    [14, 11, 61, 14],
    [12, 12, 70, 6],
    [13, 19, 58, 10],
    [8, 14, 67, 11],
    [16, 14, 59, 11],
    [15, 10, 59, 16],
    [14, 12, 59, 15],
    [10, 14, 62, 14],
    [12, 12, 69, 7],
    [11, 19, 59, 11],
    [15, 11, 63, 11],
    [13, 17, 60, 10],
    [14, 9, 39, 38],
    [13, 9, 12, 66],
    [12, 17, 13, 58],
    [18, 11, 15, 56],
    [11, 10, 17, 62],
    [9, 10, 12, 69],
    [10, 14, 9, 67],
    [14, 14, 17, 55],
    [11, 10, 9, 70],
    [11, 9, 10, 70],
    [16, 11, 14, 59],
    [12, 13, 15, 60],
    [10, 5, 14, 71]
  ],
  "method": "mvn_cdf",
  "mvncdf_method": "genz",
  "mvncdf_samples": 5000,
  "mvncdf_error": 0.001,
  "cond_prob": [
    [
      [0.029033141365, 0.29662772312, 0.57942640721, 0.094912728304],
      [0.11355636822, 0.28625010509, 0.38804024099, 0.21215328571],
      [0.66970390197, 0.21304413189, 0.022520687963, 0.094731278182],
      [0.52762522408, 0.060253361864, 0.23579145644, 0.17632995761]
    ],
    [
      [0.034436418026, 0.25319043255, 0.57810277858, 0.13427037084],
      [0.13657562593, 0.23440054528, 0.36688422586, 0.26213960293],
      [0.7208875331, 0.15551249628, 0.01822641642, 0.1053735542],
      [0.56490773858, 0.04320566333, 0.19801279751, 0.19387380058]
    ],
    [
      [0.033730343396, 0.22855297075, 0.58875026194, 0.14896642391],
      [0.13234489399, 0.21272849874, 0.37130392055, 0.28362268673],
      [0.71885578831, 0.14464909337, 0.019204108807, 0.11729100951],
      [0.54959360871, 0.038656050585, 0.20081338624, 0.21093695447]
    ],
    [
      [0.03795060406, 0.36176381309, 0.43946357327, 0.16082200958],
      [0.14161448215, 0.31325357201, 0.25941432226, 0.28571762357],
      [0.69047964065, 0.19102718205, 0.011515349694, 0.10697782761],
      [0.59035541662, 0.057292043157, 0.14049737715, 0.21185516308]
    ],
    [
      [0.043393008331, 0.35123256889, 0.50534544472, 0.10002897806],
      [0.16414772572, 0.31746157452, 0.3106794693, 0.20771123046],
      [0.73709762177, 0.17824781781, 0.014589778378, 0.070064782042],
      [0.64274512789, 0.054842302108, 0.15824296767, 0.14416960233]
    ],
    [
      [0.054543231942, 0.31137502858, 0.48357522027, 0.15050651921],
      [0.20951618854, 0.25536284966, 0.27280016749, 0.26232079431],
      [0.792689368, 0.12155665435, 0.0095489205086, 0.07620505715],
      [0.69149948756, 0.037732484996, 0.11647368356, 0.15429434388]
    ],
    [
      [0.023066457303, 0.28245787125, 0.47710517143, 0.21737050002],
      [0.080275779408, 0.23257274541, 0.27201908085, 0.41513239434],
      [0.55932594613, 0.20380451515, 0.019266740063, 0.21760279865],
      [0.39996587313, 0.052738671043, 0.1784239934, 0.36887146243]
    ],
    [
      [0.027291363351, 0.19971644397, 0.59705213649, 0.17594005619],
      [0.10410686509, 0.18854500989, 0.37296507071, 0.33438305431],
      [0.66306320325, 0.15136774515, 0.023532668133, 0.16203638347],
      [0.47028824919, 0.036615827336, 0.22138923822, 0.27170668526]
    ],
    [
      [0.016222631725, 0.33665149621, 0.47475430786, 0.1723715642],
      [0.074243161294, 0.30598940568, 0.29347783555, 0.32628959747],
      [0.53073419305, 0.27325897049, 0.020708191722, 0.17529864473],
      [0.40390511492, 0.073182943051, 0.20776744222, 0.31514449981]
    ],
    [
      [0.035595349753, 0.30119872251, 0.49911845325, 0.16408747448],
      [0.13785242315, 0.26257251719, 0.29926671525, 0.30030834441],
      [0.70224826617, 0.16747018834, 0.014043363991, 0.1162381815],
      [0.57016256012, 0.048093421692, 0.16070270602, 0.22104131216]
    ],
    [
      [0.027450127042, 0.20342848339, 0.60039392269, 0.16872746688],
      [0.10675614327, 0.19309336245, 0.37895096276, 0.32119953152],
      [0.67023686887, 0.15261450598, 0.023323579244, 0.15382504591],
      [0.47949143586, 0.037186412372, 0.22324998694, 0.26007216483]
    ],
    [
      [0, 0.26883129991, 0.54895356163, 0.18221513846],
      [0.028647451709, 0.26454441164, 0.3469408211, 0.35986731555],
      [0.430180385, 0.28783985247, 0.032489193657, 0.24949056887],
      [0.27810090859, 0.066896603035, 0.270950409, 0.38405207937]
    ],
    [
      [0.029098975131, 0.32452076426, 0.49586469851, 0.15051556209],
      [0.11268190481, 0.29295227064, 0.30473560372, 0.28963022083],
      [0.64333632872, 0.21350811539, 0.017027292794, 0.12612826309],
      [0.5170290212, 0.060027791473, 0.18533809128, 0.23760509605]
    ],
    [
      [0.035406633436, 0.34341799147, 0.46649411269, 0.15468126241],
      [0.13418589218, 0.29774560085, 0.2735930114, 0.29447549556],
      [0.67812053512, 0.19398242645, 0.013779724639, 0.1141173138],
      [0.56599538337, 0.056462944614, 0.15454336288, 0.22299830913]
    ],
    [
      [0.030707360152, 0.29155752314, 0.47058824637, 0.20714687034],
      [0.11327273414, 0.24722940744, 0.26695040354, 0.37254745488],
      [0.63792216283, 0.18039674838, 0.015458999453, 0.16622208934],
      [0.4910829108, 0.049124473823, 0.1581824757, 0.30161013967]
    ],
    [
      [0.02350434862, 0.37029234451, 0.47951676795, 0.12668653892],
      [0.095097348238, 0.33708164228, 0.30880889558, 0.2590121139],
      [0.58162457696, 0.27367636399, 0.020816639085, 0.12388241996],
      [0.47923218799, 0.076747742706, 0.20807858615, 0.23594148315]
    ],
    [
      [0.022768390904, 0.30988808836, 0.52312783404, 0.14421568669],
      [0.091363379677, 0.28663379251, 0.32981359992, 0.29218922789],
      [0.59930545695, 0.23639359899, 0.021288571773, 0.14301237229],
      [0.46148752478, 0.063997646266, 0.21699128257, 0.25752354639]
    ],
    [
      [0.035162770721, 0.20618296984, 0.59647396144, 0.162180298],
      [0.13846001095, 0.1762492339, 0.36473156753, 0.32055918763],
      [0.72516818459, 0.12544392216, 0.019663714052, 0.1297241792],
      [0.54546693211, 0.032501963613, 0.1940159019, 0.22801520238]
    ],
    [
      [0.056165400498, 0.26620938175, 0.53781132797, 0.13981388979],
      [0.20333845803, 0.22614371071, 0.31370386772, 0.25681396354],
      [0.80598034075, 0.10733386006, 0.012937853775, 0.073747945413],
      [0.68757678932, 0.03301524147, 0.13209943994, 0.14730852927]
    ],
    [
      [0.03550995598, 0.2482890715, 0.5560400474, 0.16016092512],
      [0.13710875074, 0.2182562417, 0.33451240801, 0.31012259955],
      [0.71289744221, 0.14652069298, 0.01744244049, 0.12313942433],
      [0.55511034668, 0.039777993812, 0.18019809103, 0.22491356848]
    ],
    [
      [0.030218719694, 0.29116538582, 0.55088612834, 0.12772976614],
      [0.1227734813, 0.2721282209, 0.34727845846, 0.25781983934],
      [0.67735128447, 0.19321658373, 0.019126712041, 0.11030541976],
      [0.5372157728, 0.053983735735, 0.2038353576, 0.20496513386]
    ],
    [
      [0.026161151885, 0.21711054426, 0.59428646043, 0.16244184343],
      [0.10491075174, 0.19649148946, 0.37053880079, 0.32805895801],
      [0.65696763214, 0.16160395872, 0.023318221709, 0.15811018744],
      [0.47083574503, 0.040071822211, 0.22343740688, 0.26565502588]
    ],
    [
      [0.029822161504, 0.32530257794, 0.52163983959, 0.12323542097],
      [0.11991237652, 0.30148636979, 0.33056182923, 0.24803942446],
      [0.65934087269, 0.21566129066, 0.018573768175, 0.10642406847],
      [0.5367601252, 0.061526987184, 0.19867860275, 0.20303428486]
    ],
    [
      [0.026045948077, 0.31253033446, 0.52366566847, 0.137758049],
      [0.10472513585, 0.28839257917, 0.32898552756, 0.27789675742],
      [0.62969737314, 0.22270331592, 0.019898394483, 0.12770091645],
      [0.49568817978, 0.061469297035, 0.20730159509, 0.23554092809]
    ],
    [
      [0.03231845096, 0.24861756222, 0.5258539354, 0.19321005141],
      [0.12080982007, 0.2119280911, 0.30830295469, 0.35895913413],
      [0.67160574584, 0.15441129474, 0.017774264867, 0.15620869455],
      [0.50721293843, 0.040848956058, 0.17436829618, 0.27756980933]
    ],
    [
      [0.026623191555, 0.34762530239, 0.43480109182, 0.19095041423],
      [0.098907067027, 0.29662991527, 0.25083618353, 0.35362683417],
      [0.58955033183, 0.22912757822, 0.015213787087, 0.16610830286],
      [0.46976623852, 0.063823887653, 0.15896754881, 0.30744232501]
    ],
    [
      [0.043501777186, 0.32125188214, 0.42423043395, 0.21101590673],
      [0.15183081972, 0.2560797879, 0.22711522606, 0.36497416632],
      [0.70211494054, 0.15433304871, 0.0070080342613, 0.13654397648],
      [0.58466049984, 0.044784424932, 0.11554828026, 0.25500679497]
    ],
    [
      [0.020910102804, 0.25779074398, 0.6323010311, 0.088998122119],
      [0.09183417624, 0.26765046332, 0.44125258319, 0.19926277725],
      [0.62749174427, 0.24046219098, 0.024866456803, 0.10717960794],
      [0.45887981473, 0.061655444809, 0.29540330206, 0.1840614384]
    ],
    [
      [0.028430075767, 0.28545010485, 0.4918789531, 0.19424086628],
      [0.10670277435, 0.24579961548, 0.28461296161, 0.36288464856],
      [0.62665304402, 0.1898250894, 0.018050384522, 0.16547148206],
      [0.48117878215, 0.050629414047, 0.17009192271, 0.29809988109]
    ],
    [
      [0.025880902123, 0.2776533461, 0.52267830594, 0.17378744583],
      [0.10319025121, 0.24729852514, 0.31432946425, 0.3351817594],
      [0.62548047262, 0.195350528, 0.019155949392, 0.16001304999],
      [0.47617219679, 0.05178963257, 0.19148487194, 0.2805532987]
    ],
    [
      [0.024234411324, 0.28510623215, 0.51068916949, 0.17997018704],
      [0.095394573516, 0.25260323726, 0.30559303381, 0.34640915542],
      [0.6007448655, 0.20879710378, 0.020331737588, 0.17012629312],
      [0.45241193939, 0.05489656387, 0.19275997512, 0.29993152161]
    ],
    [
      [0.041473148714, 0.31728673739, 0.48526701228, 0.15597310161],
      [0.15745263714, 0.27227304318, 0.28105536767, 0.28921895201],
      [0.71913744268, 0.16228603667, 0.011727746069, 0.10684877458],
      [0.60672234362, 0.047722199641, 0.14277735986, 0.20277809687]
    ],
    [
      [0.047239145418, 0.46355045988, 0.35628222893, 0.13292816577],
      [0.16930541495, 0.38812611493, 0.20123213914, 0.24133633098],
      [0.70916892426, 0.20928033503, 0.0027160266795, 0.078834714028],
      [0.65634710229, 0.068239215749, 0.10368100775, 0.1717326742]
    ],
    [
      [0.03555672219, 0.29926394633, 0.51241105937, 0.15276827211],
      [0.13903697287, 0.2645738403, 0.30431300579, 0.29207618104],
      [0.69442932221, 0.17232087488, 0.01523908566, 0.11801071724],
      [0.56989320381, 0.049115170496, 0.1639734725, 0.21701815319]
    ],
    [
      [0.042468815994, 0.31242635348, 0.46273892749, 0.18236590304],
      [0.15434440701, 0.25911609188, 0.25854856198, 0.32799093913],
      [0.71275618709, 0.15497560577, 0.009387625049, 0.12288058209],
      [0.59524402294, 0.045140329603, 0.13123447656, 0.2283811709]
    ],
    [
      [0.01724618402, 0.19081858456, 0.66354401001, 0.12839122141],
      [0.076235324184, 0.19316727767, 0.45124745242, 0.27934994572],
      [0.59723417483, 0.19864821298, 0.027474119441, 0.17664349275],
      [0.38881505995, 0.045276705413, 0.30474984986, 0.26115838478]
    ],
    [
      [0.058731962269, 0.31950661278, 0.49060245251, 0.13115897244],
      [0.21229794225, 0.26910365992, 0.27875936118, 0.23983903666],
      [0.79455957329, 0.13114417518, 0.0112233549, 0.063072896621],
      [0.69538450747, 0.040300130415, 0.12098576834, 0.14332959378]
    ],
    [
      [0.039133219738, 0.44613394869, 0.35531944321, 0.15941338837],
      [0.13885917214, 0.37324245726, 0.20218071657, 0.28571765403],
      [0.6580768857, 0.22583617918, 0.0019476000768, 0.11413933504],
      [0.59308957453, 0.068087674076, 0.10868276166, 0.23013998973]
    ],
    [
      [0.034131984263, 0.25842107571, 0.52687231316, 0.18057462687],
      [0.12998764988, 0.2228707162, 0.30965329222, 0.33748834171],
      [0.69005765939, 0.15297717145, 0.016705920879, 0.14025924829],
      [0.53190459762, 0.042408538071, 0.16914104922, 0.25654581509]
    ],
    [
      [0.02871690392, 0.21439793738, 0.65171524035, 0.10516991835],
      [0.12040866678, 0.21395596111, 0.4393582491, 0.226277123],
      [0.70582687502, 0.16435856883, 0.024612704776, 0.10520185138],
      [0.52470173177, 0.045746758927, 0.24810968481, 0.1814418245]
    ],
    [
      [0.036559969976, 0.33650980424, 0.4537240627, 0.17320616308],
      [0.13751653606, 0.28451513347, 0.26198911829, 0.31597921218],
      [0.682584115, 0.18217105018, 0.011929490387, 0.12331534443],
      [0.56411565926, 0.055010558978, 0.13878828954, 0.24208549222]
    ],
    [
      [0.028026222543, 0.1772181812, 0.67422662498, 0.12052897128],
      [0.11694211239, 0.17540689066, 0.45158646296, 0.25606453399],
      [0.7112430355, 0.13884401677, 0.025688413395, 0.12422453433],
      [0.50695417459, 0.031228755081, 0.2521119269, 0.20970514343]
    ],
    [
      [0.032643387568, 0.30008313196, 0.47697106218, 0.19030241829],
      [0.12076337473, 0.25406392499, 0.27523377134, 0.34993892894],
      [0.65677173614, 0.17916798843, 0.015089590522, 0.1489706849],
      [0.51619297001, 0.052298502917, 0.15614271943, 0.27536580764]
    ],
    [
      [0.021919560042, 0.31539619572, 0.52454491724, 0.13813932699],
      [0.09048007858, 0.29536661677, 0.33448378439, 0.27966952026],
      [0.58848986184, 0.24757774925, 0.022026516915, 0.141905872],
      [0.4510100678, 0.066906054697, 0.2219931223, 0.2600907552]
    ],
    [
      [0.027323399061, 0.33373017166, 0.48163786082, 0.15730856846],
      [0.10822270437, 0.29699420042, 0.29212096444, 0.30266213077],
      [0.62519048706, 0.22095952906, 0.017020075326, 0.13682990855],
      [0.49952938676, 0.062064487215, 0.17960063938, 0.25880548664]
    ],
    [
      [0.040389511487, 0.46503642921, 0.34978682332, 0.14478723598],
      [0.14517202813, 0.39089176835, 0.20081474103, 0.26312146248],
      [0.66478880726, 0.23146727034, 0.0079204736883, 0.095823448704],
      [0.61601279753, 0.0698925166, 0.10104161814, 0.21305306773]
    ],
    [
      [0.037768608225, 0.28301615149, 0.50285134185, 0.17636389844],
      [0.14162338471, 0.2409583458, 0.29194132111, 0.32547694838],
      [0.70402531852, 0.15465616123, 0.014555154861, 0.12676336539],
      [0.56099545231, 0.045309080131, 0.1527944543, 0.24090101325]
    ],
    [
      [0.023631254984, 0.26152675741, 0.57518881231, 0.13965317529],
      [0.099989684882, 0.246808649, 0.36959217948, 0.28360948663],
      [0.63397739582, 0.2022702425, 0.022740614519, 0.14101174716],
      [0.46858186178, 0.05540497199, 0.22734061738, 0.24867254885]
    ],
    [
      [0.033955595983, 0.2541241106, 0.56732535951, 0.1445949339],
      [0.13600798174, 0.2305382583, 0.34995589179, 0.28349786817],
      [0.71044638689, 0.15521314084, 0.018458995426, 0.11588147684],
      [0.5527955547, 0.043755270036, 0.18942973602, 0.21401943924]
    ],
    [
      [0.024666059967, 0.22298249177, 0.60764627261, 0.14470517565],
      [0.10252266953, 0.21105742489, 0.39090912204, 0.29551078354],
      [0.65204428157, 0.17504280607, 0.02447466941, 0.14843824295],
      [0.4663676917, 0.0459758968, 0.23417389144, 0.25348252006]
    ]
  ],
  "expected_outcome": [
    [
      [1.8000547646, 1.9628758275, 2.0912812906, 2.3908880558, 2.6469735082, 3.0544209887, 1.6838513831, 1.6647731644, 1.0706936939, 2.2425070345, 1.6744577495, 0, 1.1930579804, 0.38947296779, 0.27636624137, 0.32906088068, 0.31875747265, 0.38679047793, 0.67398480598, 0.46162942774, 0.24174975755, 0.23545036696, 0.56662106858, 0.33859732501, 0.48477676441, 0.37272468176, 0.52202132623, 0.27183133645, 0.22744060614, 0.41409443397, 0.36351616985, 0.580624082, 0.47239145418, 0.42668066628, 0.46715697594, 0.2586927603, 0.7635155095, 0.54786507634, 0.44371579541, 0.34460284703, 0.65807945956, 0.30828844797, 0.29379048811, 0.21919560042, 0.38252758685, 0.44428462635, 0.41545469047, 0.37810007975, 0.40746715179, 0.24666059967],
      [18.3909188335, 14.4318546553, 14.1702841865, 22.7911202246, 21.4251867021, 17.4370016006, 20.6194246012, 12.1827030821, 22.2189987498, 18.9755195183, 12.4091374869, 16.6675405946, 13.3053513347, 3.7775979062, 2.6240177082, 5.1840928231, 4.3384332371, 2.2680126682, 3.194512581, 3.2277579295, 2.3293230866, 1.9539948983, 6.1807489808, 4.0628943479, 3.7292634334, 4.8667542335, 3.8550225856, 3.3512796717, 2.2836008388, 4.4424535377, 4.2765934822, 4.4420143235, 4.6355045988, 3.5911673559, 3.4366898883, 2.8622787684, 4.1535859661, 6.2458752816, 3.3594739842, 2.5727752485, 6.0571764763, 1.9493999932, 2.7007481876, 3.1539619572, 4.6722224033, 5.1154007214, 3.1131776664, 4.1844281186, 3.0494893273, 2.2298249177],
      [35.9244372471, 32.9518583792, 36.5025162403, 27.686205116, 30.8260721277, 27.0802123351, 34.8286775144, 36.4201803256, 31.333784319, 31.4444625549, 36.6240292841, 34.0351208211, 20.3304526391, 5.1314352396, 4.2352942173, 6.7132347514, 7.3237896766, 6.5612135758, 6.4537359356, 7.2285206163, 4.4070890267, 5.3485781438, 9.9111569521, 6.8076536901, 7.887809031, 6.0872152855, 5.0907652074, 8.2199134043, 3.9350316248, 8.3628528951, 7.6603375423, 6.793738172, 3.5628222893, 6.1489327125, 5.0901282024, 9.9531601501, 6.3778318827, 4.9744722049, 6.8493400711, 7.8205828843, 8.1670331287, 7.4164928748, 4.2927395596, 5.2454491724, 6.7429300515, 3.8476550565, 5.5313647603, 9.203020997, 6.8079043141, 6.0764627261],
      [5.8845891548, 7.6534111381, 9.2359182826, 10.1317866036, 6.1017676619, 8.4283650757, 15.8680465013, 10.7323434279, 11.3765232373, 10.3375108923, 10.2923754795, 11.2973385844, 6.1711380458, 1.7014938865, 1.8643218331, 1.7736115449, 2.0190196136, 1.783983278, 1.6777666774, 2.0820920265, 1.0218381291, 1.4619765909, 2.3414729985, 1.790854637, 2.8981507712, 2.6733057992, 2.5321908807, 1.1569755876, 1.5539269302, 2.7805991333, 2.6995528056, 2.1836234226, 1.3292816577, 1.8332192653, 2.0060249334, 1.9258683212, 1.7050666417, 2.2317874372, 2.3474701493, 1.2620390202, 3.1177109354, 1.3258186841, 1.7127217646, 1.3813932699, 2.2023199584, 1.5926595958, 1.9400028829, 2.2344508047, 1.7351392068, 1.4470517565]
    ],
    [
      [1.2491200505, 2.3217856408, 1.5881387278, 1.5577593036, 2.6263636115, 2.3046780739, 0.40137889704, 1.4574961112, 1.1136474194, 1.6542290778, 1.2810737193, 0.48700667905, 4.1692304781, 8.3195253154, 8.2689095919, 4.8499647601, 6.1213464383, 9.2768207334, 11.5902921079, 8.6378512967, 8.2258232474, 6.5044666076, 6.8350054617, 6.911858966, 7.3693990244, 1.0879777373, 1.8219698366, 1.7448493486, 1.4938388409, 1.444663517, 0.95394573516, 1.8894316457, 2.3702758093, 1.6684436744, 2.9325437333, 0.83858856603, 3.6090650182, 1.2497325492, 1.1698888489, 2.0469473353, 1.5126818967, 1.1694211239, 1.2076337473, 1.2667211001, 1.5151178612, 1.4517202813, 1.2746104624, 1.0998865337, 1.7681037626, 0.51261334763],
      [3.1487511559, 3.9848092698, 2.5527419848, 3.4457892921, 5.0793851924, 2.8089913463, 1.162863727, 2.6396301385, 4.5898410852, 3.1508702063, 2.3171203493, 4.497254998, 10.8392340136, 18.4602272528, 18.0477467429, 17.1911637565, 19.2044640984, 11.8086986712, 12.8901915103, 13.7501432274, 18.2325908002, 12.1824723465, 17.1847230781, 19.0339102255, 12.927613557, 3.262929068, 3.0729574548, 5.0853588031, 3.4411946168, 3.4621793519, 2.5260323726, 3.2672765181, 5.433765609, 3.1748860836, 4.9232057457, 2.1248400544, 4.5747622186, 3.3591821154, 2.0058364458, 3.6372513389, 3.1296664682, 1.7540689066, 2.5406392499, 4.1351326348, 4.1579188058, 3.9089176835, 2.1686251122, 2.714895139, 2.9969973579, 1.0552871245],
      [4.2684426508, 6.2370318397, 4.4556470466, 2.8535575449, 4.9708715088, 3.0008018424, 1.3600954042, 5.2215109899, 4.4021675333, 3.591200583, 4.5474115531, 5.8979939586, 11.2752173375, 16.9627667068, 19.4873794588, 15.7492536747, 22.0975111949, 24.4370150244, 17.8811204602, 21.0742817044, 23.2676567166, 22.9734056491, 18.8420242659, 21.7130448191, 18.8064802364, 2.7591980188, 2.7253827127, 8.3837990806, 3.9845814625, 4.4006124995, 3.0559303381, 3.372664412, 2.817249948, 3.6517560695, 4.9124226776, 4.9637219767, 4.73890914, 1.8196264491, 2.78687963, 7.4690902347, 2.8818803012, 4.5158646296, 2.7523377134, 4.6827729814, 4.0896935021, 2.0081474103, 2.62747189, 4.0655139743, 4.5494265933, 1.9545456102],
      [2.3336861428, 4.4563732498, 3.4034722407, 3.1428938593, 3.3233796873, 2.8855287374, 2.0756619717, 4.6813627604, 4.8943439621, 3.6037001329, 3.8543943783, 6.1177443643, 10.7163181707, 18.257480725, 27.1959642064, 13.2096178087, 19.5766782683, 21.477465571, 14.6383959215, 19.5377237715, 17.2739292359, 20.3396553969, 14.1382471943, 18.3411859895, 21.8965071822, 3.8898951759, 4.3796899959, 3.7859927678, 5.0803850798, 4.6925446316, 3.4640915542, 3.4706274242, 3.3787086337, 3.5049141725, 6.2318278434, 3.0728494029, 4.0772636232, 2.5714588863, 3.0373950754, 3.8467110911, 3.475771334, 2.5606453399, 3.4993892894, 3.9153732836, 4.2372698308, 2.6312146248, 2.9292925354, 3.119704353, 3.6854722861, 1.4775539177]
    ],
    [
      [8.0364468236, 9.3715379303, 8.6262694597, 11.738153891, 7.3709762177, 14.2684086239, 3.9152816229, 7.2936952357, 4.7766077375, 9.8314757264, 7.3726055575, 4.731984235, 6.4333632872, 6.103084816, 7.0171437911, 11.6324915393, 7.7909709403, 9.4271863997, 9.671764089, 7.1289744221, 10.1602692671, 9.1975468499, 9.2307722177, 6.2969737314, 8.0592689501, 35.9625702416, 49.1480458381, 36.3945211677, 41.9857539493, 36.9033478843, 35.4439470647, 42.4291091179, 43.9684733044, 47.9156232327, 42.0526150384, 37.6257530142, 47.6735743976, 25.6649985422, 8.2806919126, 9.1757493752, 10.2387617251, 12.0911316035, 7.8812608337, 5.2964087565, 10.6282382801, 5.9830992654, 7.0402531852, 8.8756835415, 10.6566958033, 9.128619942],
      [2.5565295826, 2.0216624517, 1.7357891205, 3.2474620948, 1.7824781781, 2.1880197782, 1.4266316061, 1.6650451967, 2.4593307344, 2.3445826367, 1.6787595658, 3.1662383771, 2.1350811539, 1.745841838, 1.9843642321, 5.4735272799, 3.0731167869, 1.6307709881, 1.2880063207, 1.4652069298, 2.8982487559, 2.2624554221, 3.0192580693, 2.2270331592, 1.8529355369, 13.9767822713, 10.80331341, 13.9468070771, 12.7182809899, 11.5256811521, 12.3190291233, 9.5748761638, 12.9753807717, 11.890140367, 9.1435607404, 12.5148374177, 7.8686505111, 8.8076109881, 1.8357260574, 2.1366613948, 2.7325657527, 2.3603482852, 2.1500158612, 2.2281997432, 3.7563119941, 2.0832054331, 1.5465616123, 2.831783395, 2.3281971127, 2.450599285],
      [0.27024825556, 0.23694341346, 0.23044930568, 0.1957609448, 0.14589778378, 0.17188056915, 0.13486718044, 0.25885934946, 0.1863737255, 0.19660709587, 0.25655937168, 0.35738113023, 0.17027292794, 0.12401752175, 0.17004899398, 0.4163327817, 0.27675143305, 0.25562828268, 0.1552542453, 0.1744244049, 0.28690068061, 0.32645510392, 0.26003275445, 0.19898394483, 0.21329117841, 0.92804101234, 0.49056239829, 1.4422544946, 1.209375763, 1.1302010141, 1.1995725177, 0.69193701805, 0.16839365413, 1.0514969105, 0.55386987789, 1.7308695248, 0.67340129401, 0.075956402993, 0.20047105054, 0.31996516209, 0.17894235581, 0.43670302772, 0.18107508626, 0.19823865224, 0.28934128054, 0.071284263195, 0.14555154861, 0.31836860326, 0.2768849314, 0.34264537174],
      [1.1367753382, 1.3698562046, 1.4074921142, 1.8186230694, 0.70064782042, 1.3716910287, 1.5232195905, 1.7824002181, 1.5776878026, 1.627334541, 1.692075505, 2.7443962576, 1.2612826309, 1.0270558242, 1.8284429828, 2.4776483992, 1.8591608397, 1.6864143295, 0.88497534495, 1.2313942433, 1.6545812964, 2.2135426241, 1.4899369586, 1.2770091645, 1.8745043346, 10.1326064747, 9.5580783536, 6.2164172606, 11.0865892979, 9.4407699494, 10.0374512944, 6.3040777002, 4.8877522698, 8.1427394898, 7.2499543433, 11.1285400433, 3.7843737972, 4.4514340667, 1.6831109794, 1.3676240679, 1.8497301664, 2.1118170836, 1.7876482189, 1.277152848, 2.3261084453, 0.86241103833, 1.2676336539, 1.9741644602, 1.7382221526, 2.0781354012]
    ],
    [
      [7.9143783613, 7.3438006015, 7.6943105219, 5.3131987496, 8.3556866626, 10.3724923134, 5.9994880969, 6.5840354886, 4.0390511492, 6.2717881614, 7.6718629737, 2.7810090859, 6.2043482544, 10.1879169007, 3.4375803756, 7.1884828199, 2.7689251487, 4.909202389, 13.0639589971, 7.7715448535, 5.372157728, 7.0625361755, 5.367601252, 5.4525699776, 6.0865552611, 6.5767273393, 3.5079629991, 4.5887981473, 5.2929666037, 5.2378941647, 7.2385910303, 9.1008351543, 9.1888594321, 3.9892524267, 6.5476842524, 4.2769656594, 6.9538450747, 22.5374038322, 35.1057034431, 30.4327004424, 31.5904769187, 31.4311588246, 35.6173149309, 30.2176745429, 27.4741162718, 43.1208958269, 39.2696816619, 27.646329845, 33.1677332823, 33.1121061107],
      [0.90380042795, 0.56167362329, 0.54118470819, 0.51562838841, 0.71294992741, 0.56598727494, 0.79108006564, 0.51262158271, 0.73182943051, 0.52902763861, 0.59498259794, 0.66896603035, 0.72033349768, 1.016333003, 0.34387131676, 1.1512161406, 0.38398587759, 0.29251767252, 0.62728958793, 0.55689191336, 0.53983735735, 0.60107733317, 0.61526987184, 0.67616226739, 0.4901874727, 0.89353442714, 0.26870654959, 0.61655444809, 0.55692355452, 0.56968595827, 0.87834502191, 0.71583299462, 0.95534902049, 0.34380619347, 0.49654362563, 0.49804375954, 0.40300130415, 2.5873316149, 2.7989635127, 2.6533120178, 3.0805913028, 1.936182815, 3.6085967013, 4.4827056647, 3.4135467968, 4.892476162, 3.1716356092, 3.2688933474, 2.6253162022, 3.2642886728],
      [3.5368718466, 2.5741663677, 2.8113874074, 1.2644763943, 2.0571585797, 1.7471052534, 2.676359901, 3.0994493351, 2.0776744222, 1.7677297662, 3.5719997911, 2.70950409, 2.2240570954, 2.7817805318, 1.1072773299, 3.1211787922, 1.3019476954, 1.7461431171, 2.5098893589, 2.5227732744, 2.038353576, 3.3515611032, 1.9867860275, 2.280317546, 2.0924195542, 2.2255456834, 0.69328968156, 2.9540330206, 1.8710111498, 2.1063335913, 3.084159602, 2.141660398, 1.4515341086, 1.1478143075, 1.4435792421, 3.3522483484, 1.2098576834, 4.129944943, 11.1633092484, 14.390361719, 7.7721442143, 15.6309394679, 10.7738476407, 14.8735391939, 9.8780351659, 7.0729132699, 10.6956118011, 13.4130964254, 11.3657841612, 16.626346292],
      [2.6449493642, 2.5203594076, 2.9531173625, 1.9066964677, 1.8742048303, 2.3144151583, 5.5330719365, 3.8038935936, 3.1514449981, 2.4314544338, 4.1611546373, 3.8405207937, 2.8512611525, 4.0139695644, 2.1112709777, 3.5391222473, 1.5451412783, 2.0521368214, 2.7988620561, 3.1487899587, 2.0496513386, 3.9848253882, 2.0303428486, 2.590950209, 3.330837712, 4.3041925501, 1.5300407698, 1.840614384, 3.279098692, 3.0860862857, 4.7989043458, 3.0416714531, 2.4042574388, 1.5191270723, 2.5121928799, 2.8727422326, 1.4332959378, 8.7453196099, 16.9320237959, 10.5236258208, 13.5567875642, 13.0017188925, 19.0002407271, 17.4260805985, 14.2343017655, 14.9137147411, 16.8630709278, 14.6716803821, 12.8411663544, 17.9972589246]
    ]
  ],
  "prob": [
    [0.03072785236, 0.28999727256, 0.52340455754, 0.15587031753],
    [0.12337907492, 0.25843602744, 0.32107469517, 0.29711020247],
    [0.6671425443, 0.18706680216, 0.015980500476, 0.12981015306],
    [0.52675052841, 0.051699897828, 0.18434024681, 0.23720932695]
  ],
  "iterations": 21,
  "logLik": -396.5292503183,
  "time": 0.008143,
  "message": "Converged",
  "status": 0,
  "miniter": 0,
  "maxiter": 1000,
  "maxtime": 3600,
  "param_threshold": 0.001,
  "ll_threshold": "-Inf",
  "initial_prob": "group_proportional",
  "adjust_prob_cond_method": "project_lp",
  "adjust_prob_cond_every": false
}
