{
  "X": [
    [15, 22, 37, 26],
    [19, 28, 33, 20],
    [18, 35, 27, 20],
    [12, 32, 40, 16],
    [15, 38, 27, 20],
    [15, 30, 35, 20],
    [14, 32, 35, 19],
    [12, 32, 40, 16],
    [11, 38, 27, 24],
    [19, 33, 32, 16],
    [14, 35, 36, 15],
    [19, 28, 33, 20],
    [21, 44, 21, 14],
    [28, 48, 19, 5],
    [16, 66, 13, 5],
    [21, 52, 19, 8],
    [26, 52, 12, 10],
    [23, 52, 15, 10],
    [22, 50, 17, 11],
    [19, 56, 14, 11],
    [22, 53, 16, 9],
    [12, 57, 21, 10],
    [19, 57, 14, 10],
    [21, 57, 17, 5],
    [15, 60, 13, 12],
    [26, 17, 34, 23],
    [23, 21, 29, 27],
    [25, 21, 31, 23],
    [24, 25, 20, 31],
    [29, 18, 22, 31],
    [34, 20, 21, 25],
    [24, 20, 30, 26],
    [27, 16, 26, 31],
    [27, 20, 29, 24],
    [25, 23, 26, 26],
    [27, 22, 23, 28],
    [24, 22, 30, 24],
    [27, 15, 41, 17],
    [19, 21, 51, 9],
    [21, 23, 47, 9],
    [18, 17, 54, 11],
    [22, 20, 47, 11],
    [19, 10, 60, 11],
    [17, 18, 54, 11],
    [19, 24, 48, 9],
    [12, 21, 58, 9],
    [9, 27, 52, 12],
    [24, 13, 48, 15],
    [24, 15, 47, 14],
    [12, 25, 53, 10]
  ],
  "W": [
    [65, 12, 11, 12],
    [69, 9, 10, 12],
    [60, 16, 12, 12],
    [63, 9, 12, 16],
    [68, 10, 13, 9],
    [64, 15, 9, 12],
    [60, 11, 11, 18],
    [66, 8, 10, 16],
    [64, 11, 11, 14],
    [67, 13, 9, 11],
    [64, 16, 11, 9],
    [56, 16, 10, 18],
    [34, 34, 18, 14],
    [8, 64, 12, 16],
    [13, 74, 5, 8],
    [17, 61, 7, 15],
    [10, 58, 17, 15],
    [14, 55, 21, 10],
    [12, 64, 12, 12],
    [16, 60, 15, 9],
    [16, 61, 14, 9],
    [10, 64, 5, 21],
    [18, 63, 9, 10],
    [11, 68, 11, 10],
    [9, 69, 14, 8],
    [12, 8, 63, 17],
    [19, 9, 63, 9],
    [13, 15, 60, 12],
    [14, 20, 57, 9],
    [11, 10, 67, 12],
    [10, 13, 62, 15],
    [9, 13, 62, 16],
    [11, 9, 71, 9],
    [9, 12, 63, 16],
    [13, 12, 63, 12],
    [11, 13, 66, 10],
    [10, 12, 64, 14],
    [10, 8, 44, 38],
    [10, 15, 12, 63],
    [12, 12, 17, 59],
    [11, 9, 14, 66],
    [16, 15, 7, 62],
    [14, 7, 14, 65],
    [11, 11, 16, 62],
    [14, 14, 11, 61],
    [8, 12, 12, 68],
    [10, 16, 12, 62],
    [14, 12, 18, 56],
    [11, 16, 16, 57],
    [13, 16, 7, 64]
  ],
  "method": "mvn_cdf",
  "mvncdf_method": "genz",
  "mvncdf_samples": 5000,
  "mvncdf_error": 0.001,
  "cond_prob": [
    [
      [0.11167557973, 0.19491792274, 0.38490917344, 0.30849732409],
      [0.25189108296, 0.68948871803, 0.027364346431, 0.031255852582],
      [0.28281544274, 0.05158643776, 0.21774793684, 0.44785018266],
      [0.13395203768, 0.040751632497, 0.771442022, 0.053854307819]
    ],
    [
      [0.1477298957, 0.29227006461, 0.32762928788, 0.2323707518],
      [0.26288607981, 0.70311040517, 0.016443905226, 0.017559609793],
      [0.4062965585, 0.075106771786, 0.18847439928, 0.33012227042],
      [0.19814140777, 0.062858681447, 0.69673666634, 0.042263244439]
    ],
    [
      [0.13205681499, 0.34492592241, 0.27803115397, 0.24498610863],
      [0.20865921522, 0.76192252176, 0.011704913617, 0.017713349403],
      [0.36876375701, 0.093050574048, 0.1700503811, 0.36813528784],
      [0.19273988107, 0.083089784907, 0.67418729756, 0.049983036456]
    ],
    [
      [0.086150894907, 0.35112054467, 0.38071891999, 0.18200964044],
      [0.14791992287, 0.82025264269, 0.018388599939, 0.013438834497],
      [0.29016949414, 0.11137559684, 0.27367713173, 0.3247777773],
      [0.10994877409, 0.072539046227, 0.78531781629, 0.032194363394]
    ],
    [
      [0.11101394211, 0.40185312834, 0.26987031938, 0.21726261017],
      [0.15650390238, 0.81838654204, 0.011029755199, 0.014079800378],
      [0.33722007723, 0.12069839104, 0.18284704006, 0.35923449167],
      [0.16690576766, 0.10233808542, 0.6846121344, 0.046144012529]
    ],
    [
      [0.11317934622, 0.27303325001, 0.36749109792, 0.24629630586],
      [0.21478207809, 0.74405507587, 0.01991706402, 0.021245782016],
      [0.31749857597, 0.076078491405, 0.22873780787, 0.37768512476],
      [0.1397752906, 0.056694953242, 0.76026445853, 0.043265297634]
    ],
    [
      [0.10290714002, 0.34480520312, 0.32134263289, 0.23094502397],
      [0.16899050296, 0.79906704782, 0.014962968401, 0.016979480821],
      [0.30992617991, 0.10094248448, 0.21256779204, 0.37656354356],
      [0.1420826715, 0.078421275423, 0.73425575898, 0.045240294089]
    ],
    [
      [0.090323821644, 0.35141926086, 0.37460194101, 0.18365497648],
      [0.15220926152, 0.81634990692, 0.018057058093, 0.013383773458],
      [0.29788528341, 0.11046680115, 0.26679300665, 0.32485490879],
      [0.11513130282, 0.073178844754, 0.77899283511, 0.03269701731]
    ],
    [
      [0.077860896352, 0.40248050722, 0.24212258917, 0.27753600726],
      [0.12190001478, 0.84914599896, 0.010235945946, 0.018718040309],
      [0.25025446817, 0.1202629325, 0.16492825676, 0.46455434256],
      [0.13737166578, 0.112696378, 0.68409629025, 0.065835665971]
    ],
    [
      [0.14764572492, 0.32791578815, 0.33269007026, 0.19174841667],
      [0.24247603579, 0.72848435619, 0.015491124677, 0.013548483342],
      [0.42325212579, 0.088012642833, 0.200291277, 0.28844395438],
      [0.19511625751, 0.06974834347, 0.70052356172, 0.034611837295]
    ],
    [
      [0.1026875784, 0.32343100008, 0.39910537047, 0.17477605105],
      [0.1774162407, 0.78988754628, 0.019188331938, 0.013507881086],
      [0.31950403947, 0.09921378514, 0.2780282066, 0.30325396879],
      [0.11942118856, 0.063429290897, 0.78799252294, 0.029156997603]
    ],
    [
      [0.13898984067, 0.26892976543, 0.32488400401, 0.26719638989],
      [0.26034577411, 0.70019531463, 0.017317863426, 0.022141047834],
      [0.36914926959, 0.068383194133, 0.18435560546, 0.37811193081],
      [0.1866413245, 0.058498675568, 0.70476966144, 0.050090338493]
    ],
    [
      [0.13456611822, 0.40517931787, 0.25626204076, 0.20399252314],
      [0.18815255372, 0.78704297699, 0.0074672400345, 0.017337229261],
      [0.39716916985, 0.11398436841, 0.16388633362, 0.32496012811],
      [0.20560857835, 0.10090881023, 0.64880360341, 0.044679008013]
    ],
    [
      [0.16837318513, 0.28839037301, 0.39366034857, 0.14957609329],
      [0.28152326991, 0.68579097959, 0.02124084073, 0.011444909765],
      [0.46761194756, 0.077305288312, 0.23052742042, 0.22455534371],
      [0.18901136711, 0.054661928894, 0.73281089748, 0.023515806515]
    ],
    [
      [0.10253354634, 0.37831049867, 0.35219403519, 0.16696191979],
      [0.16132880066, 0.80888465634, 0.015102431929, 0.014684111071],
      [0.3353265646, 0.11859560437, 0.24538199781, 0.30069583322],
      [0.1315124782, 0.078940115792, 0.75962344884, 0.029923957171]
    ],
    [
      [0.1295170411, 0.31303391742, 0.34033833892, 0.21711070256],
      [0.2245365604, 0.73940430417, 0.014008205552, 0.022050929872],
      [0.36933534312, 0.08547096937, 0.20732663004, 0.33786705747],
      [0.16774218098, 0.065097604255, 0.72723075262, 0.039929462136]
    ],
    [
      [0.16470851732, 0.42096845014, 0.19321969878, 0.22110333377],
      [0.21464612083, 0.76185148792, 0, 0.023502391243],
      [0.45109560829, 0.10897469629, 0.11008425571, 0.32984543971],
      [0.28232096517, 0.11669062414, 0.54642471101, 0.054563699678]
    ],
    [
      [0.13519907646, 0.40302387622, 0.27975982374, 0.18201722357],
      [0.19265641928, 0.78206885687, 0.010770678639, 0.014504045214],
      [0.40687051522, 0.11409302267, 0.17992011576, 0.29911634635],
      [0.19668290497, 0.094792512894, 0.67126527115, 0.037259310985]
    ],
    [
      [0.1130446684, 0.24821221554, 0.35281673873, 0.28592637734],
      [0.23782816093, 0.71306953183, 0.020311753069, 0.028790554173],
      [0.30628299902, 0.063926116462, 0.20352588161, 0.42626500291],
      [0.14558880763, 0.051490831579, 0.75199469663, 0.05092566416]
    ],
    [
      [0.11366305007, 0.37591093863, 0.28025729295, 0.23016871835],
      [0.17638139096, 0.79288735979, 0.010044354547, 0.020686894703],
      [0.33849121507, 0.10632041238, 0.17886907421, 0.37631929834],
      [0.16901550172, 0.090819689847, 0.69224288075, 0.047921927677]
    ],
    [
      [0.12907813046, 0.33016718671, 0.34370180616, 0.19705287668],
      [0.21554963141, 0.75102822469, 0.015143410687, 0.01827873321],
      [0.37823171016, 0.091852250938, 0.2147267316, 0.31518930729],
      [0.16566427268, 0.068741310395, 0.7300943119, 0.035500105026]
    ],
    [
      [0.064321716635, 0.2789834489, 0.2932998287, 0.36339500576],
      [0.13078529552, 0.81760293251, 0.021288937274, 0.030322834696],
      [0.18128624443, 0.074714363366, 0.17488302705, 0.56911636516],
      [0.099052033256, 0.071905048256, 0.7538140282, 0.075228890288]
    ],
    [
      [0.11842232541, 0.35433665634, 0.27694403489, 0.25029698335],
      [0.19138977133, 0.77602674405, 0.0098796843467, 0.022703800281],
      [0.33871468369, 0.097162858507, 0.17025819653, 0.39386426127],
      [0.17624103959, 0.085778958429, 0.68602634894, 0.051953653049]
    ],
    [
      [0.11819846272, 0.3199499718, 0.4241919975, 0.13765956799],
      [0.20955631174, 0.76220482915, 0.018959064638, 0.0092797944798],
      [0.37554291477, 0.09736410883, 0.28693187865, 0.24016109775],
      [0.13190156496, 0.057961673115, 0.7888420967, 0.021294665226]
    ],
    [
      [0.077786808892, 0.30060246168, 0.31551028335, 0.30610044608],
      [0.14833573142, 0.80523311679, 0.019603038919, 0.026828112875],
      [0.22645083641, 0.083652280565, 0.19613903436, 0.49375784866],
      [0.11180519278, 0.070295107337, 0.75773141043, 0.060168289451]
    ],
    [
      [0.10709368561, 0.31358513498, 0.39065857974, 0.18866259967],
      [0.1888497843, 0.77748920143, 0.0192548249, 0.014406189375],
      [0.33292659167, 0.094500970531, 0.25399082894, 0.31858160885],
      [0.1311589543, 0.062559036787, 0.77391977768, 0.03236223124]
    ],
    [
      [0.093485210096, 0.34185816237, 0.35768293967, 0.20697368786],
      [0.1587021635, 0.8088315593, 0.017121786604, 0.015344490597],
      [0.29655045441, 0.10425497956, 0.24068794619, 0.35850661983],
      [0.12364254542, 0.073016352101, 0.76517638406, 0.038164718418]
    ],
    [
      [0.10394090152, 0.28832850018, 0.41163367337, 0.19609692493],
      [0.19680134536, 0.76571451173, 0.020732860654, 0.016751282258],
      [0.32043547636, 0.085041718115, 0.26442046415, 0.33010234137],
      [0.12255162652, 0.055292394576, 0.78937845727, 0.032777521636]
    ],
    [
      [0.10832041779, 0.30668045894, 0.28298175006, 0.30201737321],
      [0.19441266741, 0.76953315185, 0.014201729724, 0.021852451015],
      [0.30042317326, 0.081332448399, 0.1661827849, 0.45206159344],
      [0.16345999188, 0.075540108788, 0.69797801836, 0.063021880962]
    ],
    [
      [0.12545874365, 0.32701587695, 0.2779346617, 0.26959071769],
      [0.20808298312, 0.75999755138, 0.012656032438, 0.019263433062],
      [0.34747728138, 0.087298296744, 0.15974207938, 0.40548234249],
      [0.18817884466, 0.079488663159, 0.67611992321, 0.05621256897]
    ],
    [
      [0.15687101766, 0.34809233074, 0.25904673432, 0.23598991728],
      [0.23790204733, 0.73499494171, 0.01011285501, 0.01699015595],
      [0.41628739456, 0.091777357115, 0.1426331646, 0.34930208373],
      [0.23524964971, 0.084929753951, 0.62898728908, 0.050833307258]
    ],
    [
      [0.099338584957, 0.31861896601, 0.35874781379, 0.22329463524],
      [0.17532538785, 0.78965617369, 0.017668135206, 0.017350303251],
      [0.30237624364, 0.093302978964, 0.23164200937, 0.37267876802],
      [0.12996222423, 0.067632147007, 0.76123620856, 0.041169420203]
    ],
    [
      [0.11121977088, 0.28697890963, 0.35172679064, 0.25007452885],
      [0.20783376838, 0.75323126572, 0.018877633544, 0.020057332359],
      [0.31820700539, 0.077688316888, 0.21455290911, 0.3895517686],
      [0.14593124688, 0.060920011505, 0.74753889488, 0.045609846731]
    ],
    [
      [0.11147870398, 0.34245344818, 0.34188166587, 0.20418618196],
      [0.18267108978, 0.78710145917, 0.0157040622, 0.014523388846],
      [0.34005562416, 0.099837657734, 0.22076907488, 0.33933764323],
      [0.14882089155, 0.073933063691, 0.73913528395, 0.038110760811]
    ],
    [
      [0.10085869824, 0.38202949645, 0.30917828282, 0.20793352249],
      [0.1542408167, 0.81828934653, 0.013470173508, 0.013999663256],
      [0.31889438767, 0.11347699439, 0.20850510292, 0.35912351502],
      [0.14563339161, 0.088757811771, 0.7236015631, 0.042007233521]
    ],
    [
      [0.11063310643, 0.36203376569, 0.29759609273, 0.22973703514],
      [0.17397921434, 0.7971527259, 0.013144835951, 0.015723223807],
      [0.33187056276, 0.10303691238, 0.18932695948, 0.37576556538],
      [0.16178489004, 0.085420692345, 0.70599807871, 0.0467963389]
    ],
    [
      [0.09328620324, 0.36771325103, 0.35169116609, 0.18730937964],
      [0.14862630728, 0.82249280836, 0.015681406056, 0.013199478306],
      [0.30532618468, 0.11475379842, 0.24436044863, 0.33555956827],
      [0.12448189006, 0.079193620739, 0.76113162531, 0.035192863891]
    ],
    [
      [0.13696902319, 0.30509946113, 0.36029643206, 0.19763508362],
      [0.23490786722, 0.73295952993, 0.017360353976, 0.014772248872],
      [0.39125674625, 0.083806909312, 0.21726262861, 0.30767371582],
      [0.17199342093, 0.063100661566, 0.72891045233, 0.035995465175]
    ],
    [
      [0.12149536352, 0.34470330319, 0.33028586528, 0.20351546802],
      [0.19542804733, 0.77610666206, 0.013245755487, 0.015219535128],
      [0.36165130726, 0.097154360415, 0.20991543357, 0.33127889876],
      [0.16688587251, 0.075325630354, 0.71395983829, 0.043828658854]
    ],
    [
      [0.12238649061, 0.43090151827, 0.28496799607, 0.16174399505],
      [0.16509151082, 0.81438988179, 0.010618781298, 0.0098998260962],
      [0.3924512874, 0.1293064495, 0.19544565175, 0.28279661135],
      [0.1843829169, 0.099293111147, 0.68017597613, 0.036147995818]
    ],
    [
      [0.11271858652, 0.33460171148, 0.32636216348, 0.22631753851],
      [0.18713399185, 0.78169820602, 0.014493855541, 0.016673946587],
      [0.33362055155, 0.093828025297, 0.20605323705, 0.36649818609],
      [0.15765457424, 0.075310681294, 0.71810342702, 0.048931317451]
    ],
    [
      [0.14874914518, 0.29129953108, 0.28879638872, 0.27115493502],
      [0.26022380252, 0.70474436718, 0.013766138376, 0.021265691929],
      [0.38791949584, 0.07150421551, 0.15981992676, 0.38075636189],
      [0.20969709949, 0.068830846555, 0.66216171319, 0.059310340766]
    ],
    [
      [0.13328258884, 0.20972336611, 0.4274993802, 0.22949466486],
      [0.29315514395, 0.65749595015, 0.027160190325, 0.022188715578],
      [0.36089151551, 0.052263283794, 0.24814517688, 0.33870002382],
      [0.15429963895, 0.026611003852, 0.77462853644, 0.044460820761]
    ],
    [
      [0.10576725309, 0.32433388649, 0.35576264902, 0.21413621141],
      [0.18204260935, 0.78508181306, 0.016230666211, 0.016644911374],
      [0.32092600892, 0.093402439277, 0.23010486636, 0.35556668545],
      [0.14031089307, 0.069386907686, 0.74558702695, 0.044715172294]
    ],
    [
      [0.1190416189, 0.40504123425, 0.28816264617, 0.18775450069],
      [0.16952287347, 0.80731851102, 0.010482274544, 0.012676340966],
      [0.3701982536, 0.11886488397, 0.19233603586, 0.31860082657],
      [0.17849043143, 0.09376147283, 0.68366024124, 0.044087854502]
    ],
    [
      [0.076447059662, 0.39094908405, 0.34186850408, 0.19073535221],
      [0.11820680196, 0.85311613914, 0.014898192362, 0.013778866543],
      [0.26338241019, 0.12657986692, 0.250793332, 0.3592443909],
      [0.10013754378, 0.089941989044, 0.76583461287, 0.04408585431]
    ],
    [
      [0.056147369455, 0.42099096041, 0.28340922801, 0.23945244213],
      [0.083338209577, 0.88490898257, 0.014313591779, 0.017439216075],
      [0.1997392733, 0.13687371045, 0.20957096327, 0.45381605298],
      [0.075939414075, 0.11272680886, 0.74874255955, 0.062591217512]
    ],
    [
      [0.15467536594, 0.20475004624, 0.34240352495, 0.29817106287],
      [0.33256572224, 0.61715684625, 0.021984507598, 0.028292923903],
      [0.37898918384, 0.045247678679, 0.17943763016, 0.39632550732],
      [0.1968205518, 0.034163553238, 0.70915462887, 0.059861266094]
    ],
    [
      [0.15146347663, 0.20447501728, 0.3336033682, 0.3104581379],
      [0.32849840647, 0.61994885213, 0.021765774834, 0.029786966561],
      [0.36888753064, 0.045705543011, 0.17385170139, 0.41155522496],
      [0.19606538181, 0.036847447152, 0.70527163737, 0.061815533664]
    ],
    [
      [0.077784709098, 0.37458715505, 0.30761575377, 0.24001238209],
      [0.12525587967, 0.84335870991, 0.013296697255, 0.018088713165],
      [0.2518571881, 0.11376676242, 0.21175948444, 0.42261656504],
      [0.1128391311, 0.091254067012, 0.73915518209, 0.056751619797]
    ]
  ],
  "expected_outcome": [
    [
      [7.2589126822, 10.1933628034, 7.9234088994, 5.4275063791, 7.5489480633, 7.2434781578, 6.1744284013, 5.9613722285, 4.9830973665, 9.89226357, 6.5720050176, 7.7834310774, 4.5752480194, 1.3469854811, 1.3329361025, 2.2017896987, 1.6470851732, 1.8927870705, 1.3565360208, 1.8186088011, 2.0652500873, 0.64321716635, 2.1316018574, 1.3001830899, 0.70008128003, 1.2851242273, 1.7762189918, 1.3512317198, 1.516485849, 1.3800461802, 1.5687101766, 0.89404726462, 1.2234174797, 1.0033083359, 1.3111630771, 1.2169641708, 0.9328620324, 1.3696902319, 1.2149536352, 1.4686378873, 1.2399044517, 2.3799863229, 1.8659562437, 1.163439784, 1.6665826646, 0.6115764773, 0.56147369455, 2.1654551232, 1.6660982429, 1.0112012183],
      [12.6696649783, 20.1666344582, 20.6955553444, 22.1205943141, 27.3260127273, 17.4741280004, 20.6883121871, 23.193671217, 25.7587524618, 21.9703578059, 20.699584005, 15.0600668643, 13.7760968077, 2.3071229841, 4.9180364828, 5.3215765961, 4.2096845014, 5.6423342671, 2.9785465864, 6.014575018, 5.2826749874, 2.789834489, 6.3780598142, 3.5194496897, 2.7054221551, 3.7630216198, 6.4953050849, 3.7482705023, 4.2935264251, 3.5971746465, 3.4809233074, 2.8675706941, 3.1567680059, 3.0820810336, 4.9663834538, 3.9823714226, 3.6771325103, 3.0509946113, 3.4470330319, 5.1708182193, 3.6806188263, 4.6607924973, 2.9361271255, 3.5676727514, 5.6705772795, 3.1275926724, 4.2099096041, 2.8665006474, 2.24922519, 4.8696330157],
      [25.0190962736, 22.606420864, 16.6818692382, 23.9852919591, 18.3511817176, 23.5194302666, 19.2805579734, 24.723728107, 15.4958457068, 22.2902347073, 25.54274371, 18.1935042246, 8.712909386, 3.1492827885, 4.5785224575, 5.7857517617, 1.9321969878, 3.9166375324, 4.2338008647, 4.4841166873, 5.4992288985, 2.932998287, 4.9849926281, 4.6661119725, 2.8395925501, 4.6879029569, 6.7959758538, 5.3512377538, 3.9617445009, 3.0572812787, 2.5904673432, 3.2287303241, 3.868994697, 3.0769349929, 4.0193176766, 3.27355702, 3.5169116609, 3.6029643206, 3.3028586528, 3.4196159528, 3.5899837983, 4.6207422195, 5.9849913227, 3.9133891392, 4.0342770464, 2.7349480327, 2.8340922801, 4.7936493492, 3.6696370502, 3.999004799],
      [20.0523260659, 16.0335818744, 14.699166518, 11.4666073477, 14.7738574917, 15.7629635753, 13.8567014382, 12.1212284475, 17.7623044648, 12.8471439169, 11.1856672675, 14.9629978336, 6.9357457869, 1.1966087463, 2.1705049573, 3.6908819434, 2.2110333377, 2.54824113, 3.431116528, 3.6826994936, 3.1528460268, 3.6339500576, 4.5053457004, 1.5142552478, 2.7549040147, 2.2639511961, 3.9325000694, 2.5492600241, 4.228243225, 2.9654978946, 2.3598991728, 2.0096517171, 2.7508198174, 1.8376756377, 2.7031357924, 2.5271073866, 1.8730937964, 1.9763508362, 2.0351546802, 1.9409279406, 2.4894929236, 4.3384789603, 3.2129253081, 2.3554983255, 2.6285630096, 1.5258828176, 2.3945244213, 4.1743948801, 3.4150395169, 3.1201609671]
    ],
    [
      [3.0226929955, 2.3659747183, 3.3385474435, 1.3312793058, 1.5650390238, 3.2217311714, 1.8588955325, 1.2176740922, 1.3409001626, 3.1521884653, 2.8386598512, 4.1655323857, 6.3971868263, 18.0174892745, 11.938331249, 13.6967301847, 12.4494750083, 10.5961030602, 15.2210022995, 10.5828834573, 13.1485275163, 8.3702589131, 12.0575555935, 14.249829198, 10.2351654679, 1.5107982744, 1.4283194715, 2.9520201804, 3.8882533482, 2.0808298312, 3.0927266153, 2.2792300421, 1.8705039154, 2.1920530774, 1.8508898004, 2.2617297864, 1.7835156874, 1.8792629377, 2.9314207099, 1.9810981298, 1.6842059267, 3.9033570377, 2.0520860077, 2.0024687029, 2.3733202286, 1.4184816235, 1.3334113532, 3.9907886669, 5.2559745035, 2.0040940747],
      [8.2738646164, 6.3279936465, 12.1907603481, 7.3822737843, 8.1838654204, 11.1608261381, 8.789737526, 6.5307992554, 9.3406059886, 9.4702966305, 12.6382007404, 11.2031250341, 26.7594612176, 43.8906226938, 59.857464569, 45.1036625544, 44.1873862996, 43.0137871279, 45.6364500371, 47.5732415877, 45.8127217059, 52.3265876808, 48.889684875, 51.829928382, 55.5610850583, 6.2199136114, 7.2794840337, 11.4857176759, 15.390663037, 7.5999755138, 9.5549342422, 10.265530258, 6.7790813915, 9.4452175101, 9.8194721584, 10.3629854367, 9.8699137003, 5.8636762395, 11.6415999308, 9.7726785814, 7.0352838542, 10.5711655077, 4.602471651, 8.6358999437, 11.3024591542, 10.2373936696, 14.1585437211, 7.405882155, 9.9191816341, 13.4937393586],
      [0.32837215717, 0.14799514703, 0.18727861787, 0.16549739945, 0.11029755199, 0.2987559603, 0.16459265241, 0.14445646475, 0.1125954054, 0.2013846208, 0.30701331101, 0.27708581481, 0.25388616117, 1.3594138067, 1.1175799627, 0.85450053867, 0, 0.59238732514, 1.2999521964, 0.60266127284, 0.92374805193, 1.3624919855, 0.62242011384, 1.2892163954, 1.3526096854, 0.1540385992, 0.15409607944, 0.31099290981, 0.28403459447, 0.12656032438, 0.13146711513, 0.22968575768, 0.1698987019, 0.18844874641, 0.16164208209, 0.17088286736, 0.18817687268, 0.13888283181, 0.19868633231, 0.12742537558, 0.13044469987, 0.20649207564, 0.19012133227, 0.17853732832, 0.14675184361, 0.17877830834, 0.22901746846, 0.26381409118, 0.34825239734, 0.21274715609],
      [0.37507023098, 0.15803648814, 0.28341359045, 0.12094951047, 0.14079800378, 0.31868673024, 0.18677428903, 0.10707018767, 0.2058984434, 0.17613028344, 0.21612609737, 0.35425676535, 0.58946579489, 0.73247422497, 1.0866242193, 1.3451067222, 1.3631386921, 0.79772248677, 1.8425954671, 1.2412136822, 1.1150027258, 1.9406614206, 1.4303394177, 0.63102602463, 1.8511397884, 0.115249515, 0.13810041537, 0.25126923387, 0.43704902031, 0.19263433062, 0.22087202735, 0.22555394227, 0.18051599123, 0.17428066615, 0.16799595907, 0.2044019095, 0.15839373967, 0.11817799098, 0.22829302692, 0.11879791315, 0.15006551928, 0.31898537894, 0.15532100904, 0.18309402511, 0.17746877352, 0.16534639851, 0.27902745719, 0.33951508683, 0.47659146497, 0.28941941063]
    ],
    [
      [3.1109698701, 4.062965585, 4.4251650842, 3.4820339296, 4.3838610039, 2.8574871837, 3.4091879791, 2.9788528341, 2.7527991499, 3.8092691321, 3.5145444342, 3.6914926959, 7.1490450574, 5.6113433707, 1.676632823, 2.5853474019, 7.6686253409, 8.5442808197, 3.6753959882, 5.0773682261, 5.2952439423, 0.90643122216, 3.0484321532, 4.1309720625, 3.1703117098, 20.9743752753, 18.6826786279, 19.2261285816, 17.1241208758, 23.2809778528, 25.8098184624, 18.7473271056, 22.592697383, 21.423504322, 20.0903464231, 21.9034571423, 19.5408758193, 17.2152968352, 4.3398156871, 6.6716718858, 4.6706877218, 2.7154364709, 5.0524812171, 5.1348161427, 4.0721807896, 3.1605889222, 2.3968712796, 6.8218053091, 5.9022004903, 1.7630003167],
      [0.56745081536, 0.75106771786, 1.1166068886, 1.3365071621, 1.5690790835, 0.68470642264, 1.1103673293, 1.1046680115, 1.3228922575, 0.7921137855, 1.0913516365, 0.68383194133, 2.0517186315, 0.92766345975, 0.59297802187, 0.59829678559, 1.852569837, 2.3959534761, 0.76711339755, 1.5948061857, 1.2859315131, 0.37357181683, 0.87446572656, 1.0710051971, 1.1711319279, 5.9535611434, 6.5680637125, 5.1025030869, 4.6359495588, 5.8489858818, 5.6901961411, 5.7847846958, 5.5158704991, 6.2897724373, 7.1490506465, 6.8004362172, 7.344243099, 3.6875040097, 1.165852325, 2.1982096416, 1.3135923542, 0.50052950857, 0.73168597312, 1.4944390284, 1.3075137237, 1.518958403, 1.6424845254, 0.81445821622, 0.73128868817, 0.79636733697],
      [2.3952273053, 1.8847439928, 2.0406045732, 3.2841255808, 2.3770115208, 2.0586402708, 2.3382457125, 2.6679300665, 1.8142108244, 1.802621493, 3.0583102726, 1.8435560546, 2.9499540051, 2.766329045, 1.226909989, 1.4512864102, 1.8714323471, 3.7783224309, 2.4423105793, 2.6830361131, 3.0061742425, 0.87441513523, 1.5323237688, 3.1562506651, 2.745946481, 16.0014222234, 15.1633406102, 15.8652278492, 9.4724187394, 10.7027193183, 8.8432562055, 14.3618045812, 15.2332565472, 13.9084517176, 13.1358214841, 12.4955793255, 15.6390687122, 9.559555659, 2.5189852029, 3.3225760797, 2.8847453187, 1.1187394874, 3.4740324763, 3.6816778618, 2.1156963945, 3.009519984, 2.5148515592, 3.2298773429, 2.7816272222, 1.4823163911],
      [4.9263520092, 3.3012227042, 4.4176234541, 3.8973333275, 4.6700483917, 3.3991661229, 4.1421989792, 3.2485490879, 5.1100977682, 2.5959955894, 3.3357936567, 3.7811193081, 5.849282306, 2.6946641245, 1.5034791661, 2.3650694023, 5.6073724751, 6.2814432733, 5.115180035, 5.6447894751, 4.4126503021, 2.8455818258, 3.5447783514, 2.6417720753, 6.9126098813, 20.0706413579, 22.5859170495, 19.8061404824, 25.7675108261, 27.1673169471, 21.656729191, 23.1060836174, 27.6581755708, 21.3782715232, 22.6247814463, 24.8005273149, 21.4758123695, 13.5376434961, 3.9753467851, 4.8075423929, 5.1309746053, 2.6652945332, 4.7418003334, 5.6890669672, 3.5046090922, 4.3109326907, 5.4457926358, 7.1338591318, 6.5848835993, 2.9583159553]
    ],
    [
      [1.6074244522, 2.3776968933, 2.3128785729, 1.7591803854, 1.5021519089, 1.6773034871, 2.5574880871, 1.8421008452, 1.9232033209, 2.1462788326, 1.074790697, 3.3595438409, 2.8785200969, 3.0241818737, 1.0520998256, 2.5161327148, 4.2348144776, 1.9668290497, 1.7470656915, 1.5211395155, 1.4909784541, 2.0800926984, 1.7624103959, 1.3190156496, 0.89444154226, 2.2297022231, 1.1127829088, 1.4706195182, 1.471139927, 2.2581461359, 3.5287447457, 2.0793955877, 1.3133812219, 2.3811342648, 1.7476006993, 1.6178489004, 1.7427464609, 6.5357499952, 10.5138099678, 10.8785920971, 10.4052018998, 13.0012201685, 10.0294765315, 8.6992753705, 10.8879163172, 6.809352977, 4.7082436726, 11.0219509008, 11.1757267632, 7.2217043904],
      [0.48901958996, 0.75430417736, 0.99707741889, 1.1606247396, 0.92104276877, 0.6803394389, 1.4115829576, 1.1708615161, 1.577749292, 0.76723177817, 0.57086361807, 1.0529761602, 1.4127233433, 0.8745908623, 0.63152092634, 0.97646406383, 1.7503593621, 0.94792512894, 0.61788997895, 0.81737720863, 0.61867179355, 1.5100060134, 0.85778958429, 0.57961673115, 0.5623608587, 1.0635036254, 0.65714716891, 0.66350873492, 0.67986097909, 0.95386395791, 1.2739463093, 1.0821143521, 0.54828010355, 1.1829290191, 1.0650937413, 0.85420692345, 1.1087106904, 2.3978251395, 4.7455147123, 5.8582935577, 4.9705049654, 4.2675124864, 1.7297152504, 4.3019882765, 5.7194498426, 6.116055255, 6.9890621494, 1.9131589813, 2.1003044877, 5.8402602888],
      [9.257304264, 8.3608399961, 8.0902475708, 12.5650850607, 6.1615092096, 9.1231735023, 13.2166036617, 12.4638853618, 9.5773480634, 7.705759179, 7.0919327065, 12.685853906, 9.0832504477, 11.7249743598, 6.0769875907, 10.9084612894, 8.1963706651, 6.7126527115, 9.0239363596, 6.2301859268, 6.5708488071, 15.8300945922, 6.8602634894, 7.888420967, 6.0618512834, 13.1566362205, 6.8865874565, 9.4725414872, 6.2818021653, 8.1134390786, 9.4348093362, 12.179779337, 6.7278500539, 11.8261645432, 8.6832187572, 7.0599807871, 10.6558427543, 27.6985971886, 44.979469812, 40.1303825919, 47.3948261831, 41.0540262175, 50.3508548687, 46.2263956708, 41.7032747155, 52.076753675, 46.4220386922, 39.7126592167, 40.2004833302, 47.3059316539],
      [0.64625169382, 0.50715893327, 0.59979643747, 0.5151098143, 0.41529611276, 0.51918357161, 0.81432529361, 0.52315227696, 0.92169932359, 0.38073021024, 0.26241297842, 0.90162609288, 0.62550611218, 0.37625290424, 0.23939165737, 0.59894193205, 0.81845549517, 0.37259310985, 0.61110796992, 0.43129734909, 0.31950094523, 1.5798066961, 0.51953653049, 0.21294665226, 0.48134631561, 0.55015793108, 0.34348246576, 0.39333025963, 0.56719692866, 0.67455082764, 0.76249960887, 0.65871072325, 0.41048862058, 0.60977217298, 0.50408680225, 0.467963389, 0.49270009447, 1.3678276767, 2.7612055078, 2.1327317533, 3.2294669518, 3.6772411275, 2.8899533495, 2.7723406823, 2.6893591246, 2.9978380931, 3.8806554857, 3.3522309012, 3.5234854189, 3.632103667]
    ]
  ],
  "prob": [
    [0.11505524798, 0.32822781834, 0.32906820606, 0.22764872762],
    [0.1971043945, 0.76851783751, 0.015116854792, 0.019260913194],
    [0.33626497595, 0.094619319905, 0.20845318974, 0.36066251441],
    [0.15637538156, 0.073435024247, 0.72256174941, 0.047627844778]
  ],
  "iterations": 19,
  "logLik": -373.9122751005,
  "time": 0.007157,
  "message": "Converged",
  "status": 0,
  "miniter": 0,
  "maxiter": 1000,
  "maxtime": 3600,
  "param_threshold": 0.001,
  "ll_threshold": "-Inf",
  "initial_prob": "group_proportional",
  "adjust_prob_cond_method": "project_lp",
  "adjust_prob_cond_every": false
}
