{
  "X": [
    [33, 53, 96, 704, 33],
    [35, 40, 103, 701, 42],
    [6, 0, 6, 19, 5],
    [20, 50, 112, 628, 27],
    [16, 17, 48, 315, 25],
    [18, 47, 63, 629, 49],
    [24, 36, 59, 287, 12],
    [18, 47, 76, 728, 40],
    [37, 55, 62, 721, 14],
    [5, 12, 7, 140, 13],
    [19, 52, 50, 602, 29],
    [11, 19, 15, 232, 7],
    [24, 45, 21, 464, 40],
    [91, 29, 283, 503, 43],
    [103, 49, 350, 433, 39],
    [74, 43, 354, 318, 23],
    [29, 17, 113, 366, 15],
    [14, 36, 70, 615, 23],
    [27, 48, 65, 739, 23],
    [18, 35, 93, 518, 29],
    [18, 52, 42, 466, 18],
    [3, 3, 15, 60, 3],
    [4, 1, 4, 13, 2],
    [0, 0, 4, 22, 1],
    [11, 11, 48, 147, 11],
    [28, 20, 156, 396, 14],
    [27, 6, 71, 180, 13],
    [2, 5, 4, 19, 3],
    [305, 441, 1146, 5159, 295],
    [54, 57, 126, 1017, 50],
    [103, 142, 278, 1660, 101],
    [13, 5, 35, 107, 8]
  ],
  "W": [
    [22, 25, 695, 101, 51, 25],
    [18, 27, 673, 116, 56, 31],
    [1, 3, 17, 5, 6, 4],
    [32, 12, 596, 119, 57, 21],
    [8, 11, 310, 55, 32, 5],
    [17, 22, 614, 76, 46, 31],
    [13, 8, 298, 65, 20, 14],
    [16, 18, 704, 79, 68, 24],
    [21, 20, 675, 84, 69, 20],
    [8, 6, 139, 4, 16, 4],
    [28, 12, 584, 65, 38, 25],
    [11, 7, 213, 13, 28, 12],
    [16, 13, 492, 25, 25, 23],
    [34, 87, 410, 285, 93, 40],
    [50, 115, 317, 346, 119, 27],
    [34, 83, 219, 355, 100, 21],
    [15, 22, 331, 126, 36, 10],
    [13, 12, 588, 72, 44, 29],
    [22, 22, 712, 67, 60, 19],
    [25, 21, 458, 113, 57, 19],
    [18, 17, 472, 43, 27, 19],
    [3, 5, 45, 19, 8, 4],
    [1, 2, 12, 6, 0, 3],
    [0, 0, 19, 6, 2, 0],
    [7, 10, 131, 55, 20, 5],
    [12, 19, 337, 173, 53, 20],
    [2, 15, 171, 77, 20, 12],
    [5, 2, 16, 7, 2, 1],
    [267, 264, 4824, 1161, 596, 234],
    [35, 47, 982, 134, 64, 42],
    [65, 94, 1636, 298, 113, 78],
    [3, 18, 90, 38, 11, 8]
  ],
  "method": "mvn_pdf",
  "cond_prob": [
    [
      [0.053927100313, 0.46929843665, 0.0035899198724, 0.15232082052, 0.32086372265],
      [0.64717335002, 4.4332448089e-06, 0.24765453082, 0.015591063609, 0.089576622311],
      [0.0019404317679, 0.056352668746, 0.003070896974, 0.93652794535, 0.0021080571668],
      [0.00044046206488, 0.0087571336985, 0.82721531011, 0.16315890864, 0.00042818549053],
      [0.18284533389, 0.049306234595, 0.079312343762, 0.55280074554, 0.13573534221],
      [0.19664285068, 0.0044452126502, 6.8369712232e-05, 0.18801422193, 0.61082934503]
    ],
    [
      [0.052095404026, 0.3779031063, 0.0029377084642, 0.15600120544, 0.41106257577],
      [0.65199420364, 3.7413857902e-06, 0.21141951107, 0.016710372796, 0.1198721711],
      [0.0025151878115, 0.044510818433, 0.0023956444917, 0.94907156095, 0.0015067883178],
      [0.00050017716075, 0.008319751874, 0.79369267601, 0.19684324187, 0.00064415308093],
      [0.17274508203, 0.038956022385, 0.063512313671, 0.554738757, 0.17004782492],
      [0.16238621573, 0.0030720578261, 4.7926536578e-05, 0.1650468152, 0.6694469847]
    ],
    [
      [0.14535618075, 0, 0.0045267622576, 0.099627508846, 0.75048954814],
      [0.81437314685, 0, 0.12495624536, 0.0037334730736, 0.056937134712],
      [0, 0, 0.0071778975849, 0.97489895696, 0.017923145456],
      [0.0006557700136, 0, 0.93877383817, 0.060189958763, 0.00038043305456],
      [0.37952179391, 0, 0.13381940426, 0.2958978579, 0.19076094393],
      [0.28277869128, 0, 0.000448656579, 0.05988821561, 0.65688443653]
    ],
    [
      [0.042752797172, 0.51180694572, 0.0048471813583, 0.18818404727, 0.25240902848],
      [0.54678964133, 5.1562572138e-06, 0.35739823113, 0.020571812259, 0.075235159027],
      [0.0012770363716, 0.050098416764, 0.0032650231693, 0.94386566891, 0.0014938547849],
      [0.00026217105869, 0.0071727474472, 0.84062336442, 0.15168779708, 0.00025391998788],
      [0.13209285977, 0.049006259326, 0.097785246837, 0.62362300115, 0.097492632918],
      [0.17851570259, 0.0055497972836, 0.00010562751185, 0.26618815005, 0.54964072256]
    ],
    [
      [0.030792738234, 0.13907313853, 0.0011436516047, 0.055153879484, 0.77383659214],
      [0.56806282209, 1.9591034869e-06, 0.11743075127, 0.0084079988549, 0.30609646869],
      [0.0027249658122, 0.045617842145, 0.0027947099382, 0.9488624821, 0],
      [0.00074726114119, 0.0078060413382, 0.81069246947, 0.18075422806, 0],
      [0.25901157171, 0.041019250954, 0.038893818775, 0.31800534619, 0.34307001237],
      [0.06615159837, 0.00078279450542, 1.2884202983e-05, 0.04025158066, 0.89280114226]
    ],
    [
      [0.02180651752, 0.39415194231, 0.0015183969591, 0.12208908461, 0.4604340586],
      [0.51539614398, 7.3377900744e-06, 0.2068037028, 0.024636370421, 0.25315644501],
      [0, 0.058678820315, 0.0032950043558, 0.93802617533, 0],
      [0, 0.016620981137, 0.71633158643, 0.26704743244, 0],
      [0.088899668065, 0.063117725458, 0.042594964641, 0.56404762001, 0.24134002182],
      [0.071006106568, 0.0033499980153, 2.5941084838e-05, 0.13524575401, 0.79037220032]
    ],
    [
      [0.14705089292, 0.55170536978, 0.0028706885842, 0.093982975198, 0.20439007351],
      [0.87793012724, 2.3645850954e-06, 0.091147679219, 0.0044353059581, 0.026484523],
      [0, 0.090125927475, 0.0039230903285, 0.89817381921, 0.007777162986],
      [0, 0.012730571342, 0.85849811629, 0.12843192413, 0.00033938823402],
      [0.39012995149, 0.05378634116, 0.06306630723, 0.41134881272, 0.081668587391],
      [0.51873559602, 0.0047907805727, 5.1070946878e-05, 0.10799210193, 0.36843045054]
    ],
    [
      [0.027603414414, 0.42070700378, 0.0029860008795, 0.1521829204, 0.39652066052],
      [0.49732898428, 6.0100777575e-06, 0.31222053224, 0.023542552897, 0.1669019205],
      [0, 0.050602719065, 0.0031305213482, 0.94490323506, 0.0013635245218],
      [0, 0.0093777155964, 0.80089521967, 0.1891150449, 0.0006120198353],
      [0.092860847017, 0.056061382313, 0.07141683279, 0.59838318356, 0.18127775432],
      [0.095495252297, 0.003802166948, 5.4183033244e-05, 0.17913686696, 0.72151153076]
    ],
    [
      [0.056659084087, 0.59409042516, 0.0018478842648, 0.20144881704, 0.14595378945],
      [0.78408304166, 6.3995821575e-06, 0.14532287337, 0.023572702461, 0.047014982931],
      [0.0014185861403, 0.054586272401, 0.002614113422, 0.94138102804, 0],
      [0.00071019667296, 0.017251595882, 0.65126416799, 0.33077403946, 0],
      [0.19570506023, 0.059091356873, 0.037435757894, 0.67173528804, 0.036032536963],
      [0.28038235401, 0.0075900765585, 4.7649882396e-05, 0.33655863393, 0.37542128563]
    ],
    [
      [0.02168601136, 0.32935571986, 0.0022298021273, 0.10090801696, 0.54582044969],
      [0.46276144761, 4.9662926794e-06, 0.27985587523, 0.016916978171, 0.2404607327],
      [0.0010339858789, 0.056884160722, 0.005104504046, 0.93697734935, 0],
      [0.00024511647778, 0.0079405096231, 0.84685657004, 0.14405393843, 0.00090386542908],
      [0.10394427437, 0.08856943792, 0.075371459924, 0.49348516061, 0.23862966718],
      [0.060532582628, 0.0023382644488, 3.2657565122e-05, 0.094851027922, 0.84224546744]
    ],
    [
      [0.03671072756, 0.53263380096, 0.0017936416945, 0.16806859615, 0.26079323364],
      [0.67594624783, 7.5903811953e-06, 0.18740805086, 0.026003962804, 0.11063414812],
      [0.0014252394945, 0.05757320236, 0.0025138475448, 0.93654055915, 0.0019471514537],
      [0.0004923942744, 0.016287058488, 0.68665670241, 0.2959915605, 0.00057228432606],
      [0.13225391351, 0.059359649223, 0.042081511525, 0.64893981295, 0.11736511279],
      [0.15883001793, 0.005963473521, 4.0454449607e-05, 0.24572723552, 0.58943881858]
    ],
    [
      [0.038889121623, 0.59729225234, 0.0035172951125, 0.22374926325, 0.13655206767],
      [0.60660793152, 6.797035929e-06, 0.31716564931, 0.028316789899, 0.047902832242],
      [0.00087409350791, 0.048147463158, 0.0031610113013, 0.94781743203, 0],
      [0.00028206062212, 0.0094755298753, 0.78054062514, 0.209540939, 0.00016084536311],
      [0.1294845676, 0.069837772972, 0.068559138562, 0.71190585115, 0.020212669712],
      [0.20921229528, 0.0079740383924, 9.756623882e-05, 0.39983595939, 0.38288014069]
    ],
    [
      [0.052055453531, 0.29508684941, 0.0010458232861, 0.063771941276, 0.5880399325],
      [0.72744831686, 3.1426856197e-06, 0.081336987417, 0.0073648694065, 0.18384668363],
      [0.0084003511148, 0.078702095823, 0, 0.91101816767, 0.0018793853919],
      [0.0074834738441, 0.01680386017, 0.76443686983, 0.20893372845, 0.0023420677099],
      [0.2505022425, 0.043650701473, 0.032585478155, 0.32604577154, 0.34721580634],
      [0.13598560727, 0.0019901899456, 1.4230059464e-05, 0.056020854081, 0.80598911864]
    ],
    [
      [0.088205219274, 0.39231830892, 0.0065981304399, 0.21586282874, 0.29701551262],
      [0.65120110073, 2.3215667817e-06, 0.28299439184, 0.013847169808, 0.051955016058],
      [0.00052094306978, 0.028246105611, 0.0070333923745, 0.96310294109, 0.0010966178537],
      [0.0004158537955, 0.0042252298275, 0.86162080008, 0.13350762183, 0.00023049447203],
      [0.21385076378, 0.029533283287, 0.10435660039, 0.56191167627, 0.090347676269],
      [0.27815751898, 0.0032321593268, 0.00010921858705, 0.2319074022, 0.48659370091]
    ],
    [
      [0.063899158325, 0.51120605484, 0.0058458243528, 0.19102199103, 0.22802697146],
      [0.60848806179, 3.9012922423e-06, 0.32402418312, 0.015850244544, 0.051633609256],
      [0.0016920683875, 0.048724175247, 0.0054010895708, 0.94418266679, 0],
      [0.00034038336927, 0.0064303778405, 0.86076929731, 0.13245994148, 0],
      [0.18693803032, 0.047261735029, 0.10843088012, 0.58338689864, 0.073982455901],
      [0.25663448319, 0.0053565872212, 0.00012336022405, 0.26170504675, 0.47618052261]
    ],
    [
      [0.05347210431, 0.5992006561, 0.0058500585669, 0.17172790958, 0.16974927145],
      [0.57517516195, 5.1106503266e-06, 0.3654549019, 0.016052451143, 0.043312374362],
      [0.0015515825661, 0.062145487875, 0.0055864809844, 0.93071644857, 0],
      [0.00028795672984, 0.0072883175496, 0.87265308822, 0.1197706375, 0],
      [0.18437754703, 0.06268449057, 0.12449864119, 0.58400224745, 0.044437073769],
      [0.26488733754, 0.0076709465252, 0.00015197035769, 0.28967592073, 0.43761382485]
    ],
    [
      [0.09465023975, 0.37953843263, 0.0049167279094, 0.2106288145, 0.31026578521],
      [0.7212724389, 2.2261323481e-06, 0.21162219359, 0.013457881268, 0.053645260112],
      [0.00080507504755, 0.028949085946, 0.003019888437, 0.96485931108, 0.0023666394923],
      [0.00056370302059, 0.0051556295393, 0.82860631838, 0.16537489818, 0.00029945087191],
      [0.23568813636, 0.02903769269, 0.079605627218, 0.56046008991, 0.095208453827],
      [0.28899734176, 0.0029760828666, 7.790535507e-05, 0.21622620203, 0.49172246798]
    ],
    [
      [0.031285892371, 0.52989112414, 0.0048081816534, 0.21869997305, 0.21531482878],
      [0.47328512694, 6.2786187304e-06, 0.42243331396, 0.028185514936, 0.076089765536],
      [0, 0.044432950094, 0.0028671760517, 0.95119395802, 0.0015059158363],
      [0, 0.0072052738676, 0.82108865591, 0.17149499751, 0.00021107271412],
      [0.085845867135, 0.051934036737, 0.092288598078, 0.69086105531, 0.079070442736],
      [0.14264288696, 0.0062375190644, 0.00011423488056, 0.33693450351, 0.51407085558]
    ],
    [
      [0.04450560526, 0.51190856826, 0.0035748676391, 0.20286998876, 0.23714097008],
      [0.61479813481, 5.5568444351e-06, 0.28497872918, 0.023871750094, 0.076345829069],
      [0.0011996986406, 0.046555268677, 0.0026017574641, 0.9484709256, 0.0011723496215],
      [0.00034524904747, 0.0090404533363, 0.78458955098, 0.20572361638, 0.0003011302587],
      [0.13451262124, 0.047981323773, 0.070506339047, 0.65735114041, 0.089648575529],
      [0.18669701713, 0.0055762184151, 7.8384062808e-05, 0.28820168412, 0.51944669627]
    ],
    [
      [0.027826239638, 0.47493147294, 0.0026126188806, 0.20855860647, 0.28607106207],
      [0.54212363556, 7.270871217e-06, 0.2932155663, 0.034714028505, 0.12993949877],
      [0, 0.041869237609, 0.0026112818386, 0.95270723467, 0.0028122458805],
      [0, 0.010602542275, 0.72052291245, 0.268416195, 0.00045835027318],
      [0.066763099203, 0.046640216436, 0.073001075186, 0.70171812963, 0.11187747954],
      [0.11127636883, 0.0049405289093, 5.4745306014e-05, 0.28358754399, 0.60014081296]
    ],
    [
      [0.029307127442, 0.65843124444, 0.0024701907881, 0.13551335115, 0.17427808618],
      [0.60315799787, 1.0316633867e-05, 0.29116652007, 0.023228141937, 0.082437023491],
      [0.0010132228601, 0.0781984014, 0.0026486005494, 0.91693821631, 0.0012015588767],
      [0.00032490006737, 0.016344021726, 0.78792429053, 0.19509222205, 0.00031456562583],
      [0.1262628707, 0.086877363755, 0.069384078931, 0.62369860258, 0.09377708403],
      [0.17460401792, 0.0099965789843, 7.6402165619e-05, 0.2706429131, 0.54468008783]
    ],
    [
      [0.019705565115, 0.49482066461, 0.0025153848554, 0.33302121031, 0.14993717511],
      [0.50919478157, 7.5731752557e-06, 0.34907198226, 0.062248703702, 0.079476959288],
      [0, 0.024154514905, 0.0097934369061, 0.96033091382, 0.0057211343648],
      [0, 0.0079530257358, 0.64054742628, 0.35130859751, 0.00019095047267],
      [0.00288305379, 0.032088616826, 0.079468433844, 0.84394427094, 0.041615624603],
      [0.09296124162, 0.005182636496, 6.0175817921e-05, 0.51209605206, 0.389699894]
    ],
    [
      [0.24875356931, 0.25099438407, 0.0012127228967, 0.11713311635, 0.38190620737],
      [0.98072218569, 1.8262137819e-07, 0.006565913089, 0.0010352755652, 0.011676443037],
      [0.0065396749754, 0.029686190803, 0, 0.95081914249, 0.012954991736],
      [0.003030283789, 0.065057122984, 0.66427083821, 0.21774408088, 0.049897674143],
      [0.6379398991, 0.012625494364, 0.01632482967, 0.24685450481, 0.086255272051],
      [0.56438141896, 0.0008094077164, 1.0140563789e-05, 0.054834045805, 0.37996498696]
    ],
    [
      [1.7293411762e-18, 1.200297343e-25, 1.2268961352e-21, 8.2972073132e-20, 1],
      [0.038322658167, 3.5136735558e-06, 0.034632484704, 0.056269437846, 0.87077190561],
      [0, 0, 0.00070199277049, 0.99929800723, 0],
      [0, 0, 0.65836812564, 0.34163187436, 0],
      [0, 0, 0.018226691771, 0.48177330823, 0.5],
      [0.11943322982, 0.0027240919501, 4.4071324175e-05, 0.29208672428, 0.58571188262]
    ],
    [
      [0.04468134476, 0.40895736659, 0.002869192232, 0.14763256488, 0.39585953153],
      [0.6370961097, 4.1992923794e-06, 0.22507303475, 0.016923619577, 0.12090303668],
      [0.0029369417561, 0.05168025631, 0.0014921878973, 0.94277000138, 0.0011206126524],
      [0.00042705590421, 0.0086905395922, 0.80372970655, 0.18656361644, 0.00058908151178],
      [0.1589572257, 0.043625270835, 0.066416670406, 0.56152289911, 0.16947793395],
      [0.14577950617, 0.0033315540048, 4.8284829447e-05, 0.16060175641, 0.69023889858]
    ],
    [
      [0.068691755339, 0.47743056259, 0.0058944967521, 0.24504045525, 0.20294273007],
      [0.62926526215, 3.4010889787e-06, 0.30847755901, 0.019081428232, 0.043172349522],
      [0.0014312892048, 0.033634876075, 0.003346487363, 0.96158734736, 0],
      [0.00034517375537, 0.0054507908632, 0.83196453818, 0.1622394972, 0],
      [0.17649294762, 0.035810577787, 0.094494095437, 0.64472278371, 0.048479595447],
      [0.26617366049, 0.0047433974499, 0.00011870068379, 0.32021453939, 0.40874970198]
    ],
    [
      [0.19500021079, 0.20852953588, 0.0039532350331, 0.11497175969, 0.47754525861],
      [0.85649881625, 6.7901646002e-07, 0.094551776252, 0.0040839151512, 0.044864813334],
      [0, 0.029097986919, 0.0043746643753, 0.95268609387, 0.013841254836],
      [0, 0.0036619206685, 0.87749802195, 0.1182722338, 0.00056782357974],
      [0.44396195181, 0.015603220548, 0.062894757383, 0.33708728202, 0.14045278824],
      [0.40693985821, 0.0010952231217, 4.2203356039e-05, 0.079230671521, 0.51269204379]
    ],
    [
      [0.013738199932, 0.648733348, 0.00032390947143, 0.084972316483, 0.25223222612],
      [0.76912798867, 1.1069287684e-05, 0.053419364308, 0.019814913893, 0.15762666384],
      [0.008835810829, 0.078381971086, 0.02201373111, 0.87387136913, 0.016897117849],
      [0.00055433009049, 0.041976825703, 0.50176869685, 0.45444599477, 0.0012541525834],
      [0.089755725908, 0.10084696129, 0.013466459137, 0.61819592055, 0.17773493312],
      [0.068288287291, 0.0066678815718, 8.2300206189e-06, 0.13605287929, 0.78898272183]
    ],
    [
      [0.046947106151, 0.51124518153, 0.004702570128, 0.17187083721, 0.26523430497],
      [0.57013703966, 5.0830887884e-06, 0.33398116786, 0.01836004025, 0.077516669136],
      [0.0014588235898, 0.054640857371, 0.0036793587848, 0.93863243632, 0.0015885239329],
      [0.00030714294601, 0.0077143698067, 0.84424513004, 0.14744542203, 0.00028793517179],
      [0.15054111835, 0.051442193856, 0.098375664239, 0.59213172446, 0.10750929909],
      [0.19159179356, 0.0055246485114, 0.00010114023876, 0.24019624045, 0.56258617724]
    ],
    [
      [0.058863723635, 0.41575199792, 0.0037266022262, 0.18859724824, 0.33306042799],
      [0.65466584053, 3.694211773e-06, 0.23998284914, 0.018088812751, 0.087258803368],
      [0.001758655621, 0.039585942582, 0.0026720615553, 0.95409756342, 0.0018857768247],
      [0.00045342593642, 0.0073406323817, 0.8014252662, 0.1903593685, 0.00042130698149],
      [0.17301117822, 0.038090179522, 0.071447906321, 0.59471990818, 0.12273082776],
      [0.19785716349, 0.0036593952633, 6.5687864636e-05, 0.21559250794, 0.58282524544]
    ],
    [
      [0.050181187677, 0.47804765692, 0.0030997432899, 0.13896875435, 0.32970265776],
      [0.649325787, 5.0036593011e-06, 0.23333232971, 0.015671613202, 0.10166526643],
      [0.0021662936617, 0.06193798576, 0.0028469843168, 0.93098744661, 0.0020612896481],
      [0.00047751859951, 0.010455557308, 0.81519241813, 0.17335652205, 0.00051798391183],
      [0.18181706488, 0.05413529779, 0.073235149425, 0.54038165252, 0.15043083538],
      [0.18551171177, 0.0046518272329, 6.0241818582e-05, 0.17532136362, 0.63445485556]
    ],
    [
      [0.0385183903, 0.45327276729, 0.0034099467596, 0.24164719823, 0.26315169742],
      [0.5859999814, 4.8241831586e-06, 0.2925863422, 0.029479684549, 0.091929167672],
      [0, 0.032540201082, 0.0043388272518, 0.96026875728, 0.0028522143833],
      [0, 0.0073272113343, 0.75429795857, 0.23806005689, 0.00031477320817],
      [0.10472620603, 0.036328350029, 0.060805359094, 0.71073391079, 0.087406174048],
      [0.14805711219, 0.0041788605485, 6.7521502703e-05, 0.30698509342, 0.54071141234]
    ]
  ],
  "expected_outcome": [
    [
      [1.1863962069, 0.93771727247, 0.14535618075, 1.3680895095, 0.24634190587, 0.37071079783, 1.911661608, 0.44165463063, 1.1898407658, 0.17348809088, 1.0279003717, 0.42778033785, 0.83288725649, 2.9989774553, 3.1949579162, 1.8180515465, 1.4197535963, 0.40671660082, 0.97912331573, 0.69565599096, 0.52752829395, 0.059116695345, 0.24875356931, 0, 0.31276941332, 0.82430106406, 0.39000042159, 0.068690999659, 12.5348773423, 2.0602303272, 3.261777199, 0.1155551709],
      [10.3245656062, 6.8022559134, 0, 16.3778222631, 1.1125851083, 6.7005830193, 7.1721698072, 6.7313120605, 12.4758989283, 2.6348457589, 14.9137464268, 6.5702147758, 4.7213895905, 13.3388225034, 25.5603027419, 20.3728223074, 5.6930764894, 6.8885846138, 11.2619885018, 11.8732868235, 11.8517624, 1.4844619938, 0.25099438407, 0, 2.8627015661, 5.729166751, 0.41705907175, 3.24366674, 136.5024634697, 14.5513199271, 31.0730976996, 1.3598183019],
      [0.078978237193, 0.052878752356, 0.0045267622576, 0.15510980347, 0.0091492128376, 0.025812748305, 0.037318951594, 0.047776014072, 0.038805569561, 0.017838417018, 0.050221967446, 0.038690246237, 0.016733172578, 0.22433643496, 0.29229121764, 0.19890199127, 0.073750918641, 0.062506361494, 0.07864708806, 0.065315472016, 0.044463434186, 0.0075461545661, 0.0012127228967, 0, 0.020084345624, 0.070733961025, 0.0079064700661, 0.0016195473571, 1.2555862242, 0.13043107792, 0.20148331384, 0.010229840279],
      [3.3510580514, 2.808021698, 0.099627508846, 6.0218895128, 0.44123103587, 2.0755144384, 1.2217786776, 2.4349267264, 4.2304251579, 0.80726413568, 4.7059206922, 2.4612418958, 1.0203510604, 7.3393361772, 9.5510995514, 5.8387489256, 3.1594322176, 2.8430996497, 4.4631397528, 5.2139651618, 2.4392403206, 0.99906363092, 0.11713311635, 0, 1.0334279542, 2.940485463, 0.22994351938, 0.42486158242, 45.8895135355, 6.6009036882, 9.032969033, 0.7249415947],
      [7.0590018983, 7.3991263638, 0.75048954814, 8.0770889112, 6.1906927372, 7.8273789962, 2.6570709556, 6.3443305684, 3.0650295784, 4.3665635975, 7.3022105419, 1.5020727444, 9.40863892, 10.0985274292, 11.4013485729, 5.7714752293, 4.6539867781, 2.7990927742, 5.2171013417, 7.1517765517, 3.1370055513, 0.44981152533, 0.38190620737, 0, 2.7710167207, 2.4353127608, 0.95509051721, 1.2611611306, 70.8175594283, 11.6571149795, 21.4306727545, 0.78945509226]
    ],
    [
      [16.1793337504, 17.6038434984, 2.4431194406, 6.5614756959, 6.248691043, 11.3387151675, 7.0234410179, 8.9519217171, 15.6816608331, 2.7765686857, 8.111354974, 4.2462555206, 9.4568281192, 56.6544957635, 69.9761271055, 47.7395384416, 15.8679936558, 5.6794215233, 13.5255589659, 11.3845963467, 10.2536859637, 2.5459739079, 1.9614443714, 0, 6.370961097, 11.9560399808, 12.8474822437, 1.5382559773, 150.5161784709, 30.7692945049, 61.0366239776, 10.5479996652],
      [0.00011083112022, 0.00010101741634, 0, 6.1875086566e-05, 2.1550138356e-05, 0.00016143138164, 1.8916680764e-05, 0.00010818139964, 0.00012799164315, 2.9797756076e-05, 9.1084574344e-05, 4.7579251503e-05, 4.0854913056e-05, 0.00020197631001, 0.00044864860787, 0.00042418397711, 4.8974911658e-05, 7.5343424764e-05, 0.00012225057757, 0.00015268829556, 0.00017538277573, 3.7865876278e-05, 3.6524275637e-07, 0, 4.1992923794e-05, 6.4620690595e-05, 1.01852469e-05, 2.2138575369e-05, 0.0013419354401, 0.00017362795333, 0.00047034397431, 8.6835296855e-05],
      [6.1913632705, 5.708326799, 0.37486873608, 4.2887787736, 1.2917382639, 4.5496814617, 0.72918143375, 5.6199695804, 2.9064574674, 1.6791352514, 2.2488966104, 2.2201595452, 1.0573808364, 24.6205120899, 37.2627810589, 30.3327568575, 4.6556882589, 5.0691997676, 6.269532042, 6.1575268923, 4.9498308412, 1.7453599113, 0.013131826178, 0, 2.2507303475, 5.8610736212, 1.4182766438, 0.10683872862, 88.1710283158, 11.2791939095, 21.9332389931, 5.2665541595],
      [0.38977659021, 0.4511800655, 0.011200419221, 0.24686174711, 0.092487987404, 0.54200014927, 0.035482447665, 0.42376595214, 0.47145404921, 0.10150186903, 0.31204755365, 0.19821752929, 0.095743302285, 1.2047037733, 1.8227781226, 1.3323534449, 0.2960733879, 0.33822617924, 0.52517850206, 0.7289945986, 0.39487841294, 0.31124351851, 0.0020705511304, 0, 0.16923619577, 0.3625471364, 0.061258727268, 0.039629827787, 4.8470506261, 0.85017419929, 1.4731316409, 0.53063432188],
      [2.2394155578, 3.2365486197, 0.17081140413, 0.90282190832, 3.3670611556, 5.5694417901, 0.211876184, 3.004234569, 0.94029965862, 1.4427643962, 1.3276097774, 0.33531982569, 2.3900068872, 4.520086397, 5.9378650644, 3.5949270721, 1.1801957225, 0.91307718643, 1.6796082395, 2.7287294741, 1.4014293994, 0.39738479644, 0.023352886074, 0, 1.2090303668, 0.82027464091, 0.6729722, 0.31525332769, 20.4644006518, 4.1011637583, 9.5565350443, 1.6547250181]
    ],
    [
      [1.3486000787, 1.6927213972, 0, 0.76111367745, 0.84473940178, 0, 0, 0, 0.95754564472, 0.14372403716, 0.83233986481, 0.18618191718, 4.1329727485, 0.21358665861, 0.53638567883, 0.33979658197, 0.26647984074, 0, 0.8541854321, 0, 0.47824118996, 0, 0.078476099704, 0, 0.38473937005, 0.48234446201, 0, 0.14137297326, 7.0373649974, 1.7269998198, 3.5440564306, 0],
      [39.1651047785, 29.9557808056, 0, 29.8586563911, 14.1415310649, 36.0287956734, 26.8575263877, 35.624314222, 36.8457338705, 7.9068983403, 33.6227501785, 10.2554096527, 38.7214311448, 11.5809033007, 15.4455635533, 13.6098618445, 9.5821474483, 26.126574655, 33.1473512979, 19.176110825, 36.909645461, 1.0869531707, 0.35623428963, 0, 6.7701135766, 11.3349532372, 4.9757557631, 1.2541115374, 263.5874959592, 38.8733956153, 101.330544704, 2.9286180974],
      [2.134273397, 1.6122687429, 0.12202425894, 1.9459538089, 0.86636008084, 2.0231326744, 1.1690809179, 2.2038870291, 1.7645265598, 0.7095260624, 1.4680869662, 0.67329540718, 0, 2.8836908735, 1.7121453939, 1.2234393356, 0.99958307265, 1.6858995184, 1.8524513144, 1.1959670821, 1.2501394593, 0.44070466077, 0, 0.013337862639, 0.19547661455, 1.1277662413, 0.74806760818, 0.35221969775, 17.7492267779, 2.6239644473, 4.6576663423, 0.39049445266],
      [650.8869220149, 638.7251605164, 16.5732822683, 562.5439386708, 294.1473694524, 575.9480716521, 267.6557981246, 665.2118774856, 635.4321939249, 130.2398515601, 546.9396865416, 201.885113023, 448.2209384939, 394.8722058471, 299.3059053739, 203.8269022379, 319.3684319664, 559.3020473149, 675.3112990251, 436.3399134797, 432.7948380999, 43.2148911221, 11.4098297098, 18.9866621374, 123.5028701813, 324.0549360595, 162.9093220518, 13.981941906, 4527.9628728132, 936.9238072757, 1523.0954626588, 86.4241881554],
      [1.4650997309, 1.0140685379, 0.30469347276, 0.89033745182, 0, 0, 2.3175945698, 0.95992126337, 0, 0, 1.137136449, 0, 0.92465761282, 0.44961332003, 0, 0, 0.78335767196, 0.88547851172, 0.83471293051, 1.2880086132, 0.56713578982, 0.25745104642, 0.15545990083, 0, 0.14680025746, 0, 2.3668545769, 0.27035388558, 7.6630394523, 1.8518328418, 3.3722698643, 0.2566992945]
    ],
    [
      [0.044486668553, 0.058020550647, 0.003278850068, 0.031198355984, 0.041099362766, 0, 0, 0, 0.059656520529, 0.0009804659111, 0.032005627836, 0.0036667880876, 0.1870868461, 0.11851833172, 0.11777264577, 0.10222463909, 0.071026580594, 0, 0.023131686181, 0, 0.013970702897, 0, 0.018181702734, 0, 0.023488074732, 0.059715059678, 0, 0.0038803106334, 0.35659296031, 0.060759075481, 0.14230054265, 0],
      [0.88447050355, 0.96509121738, 0, 0.85355694622, 0.4293322736, 1.2631945664, 0.82748713725, 0.74083953212, 1.4491340541, 0.031762038492, 1.0586588017, 0.12318188838, 0.42009650426, 1.2041905009, 2.2249107328, 2.5873527301, 0.64960932196, 0.51877971846, 0.60571037353, 1.1980872771, 0.70279293422, 0.15110748898, 0.39034273791, 0, 0.47797967757, 0.94298681933, 0.28196789147, 0.29383777992, 8.9563833456, 0.98364473915, 3.1157560779, 0.2784340307],
      [83.5487463207, 92.0683504175, 4.6938691908, 100.0341803666, 44.5880858206, 54.4412005684, 55.8023775589, 63.2707223539, 54.7061901109, 3.3874262802, 44.6326856568, 10.1470281268, 19.1109217458, 245.5619280216, 297.8261768693, 309.7918463194, 104.4043961164, 59.1183832256, 52.5674999156, 81.4190891072, 33.880744493, 12.1704010993, 3.9856250292, 3.9502087538, 44.2051338601, 143.9298651046, 67.56734769, 3.512380878, 980.1685959798, 107.3909856704, 242.9273406038, 28.6633224255],
      [16.4790497726, 22.8338160571, 0.30094979381, 18.0508478527, 9.941482543, 20.2956048652, 8.3480750686, 14.940088547, 27.7850193145, 0.57621575373, 19.2394514324, 2.724032207, 5.2233432111, 38.0496722213, 45.8311397522, 42.5185763114, 20.8372371712, 12.3476398205, 13.7834822974, 30.3310300349, 8.388965548, 6.6748633527, 1.3064644853, 2.0497912462, 10.2609989044, 28.0674330164, 9.1069620028, 3.1811219634, 171.1841349798, 25.5081553795, 51.6602435699, 9.0462821619],
      [0.043246734544, 0.074721757387, 0.0019021652728, 0.030216478557, 0, 0, 0.022060235212, 0.048349566988, 0, 0.0036154617163, 0.037198481194, 0.0020909897204, 0.058551692747, 0.06569092453, 0, 0, 0.037730809861, 0.015197235416, 0.020175727333, 0.05179358087, 0.01352632191, 0.0036280589806, 0.29938604486, 0, 0.032399483148, 0, 0.04372241564, 0.0087790680839, 0.33429273445, 0.056455135519, 0.15435920573, 0.01196138191]
    ],
    [
      [9.3251120285, 9.6737245935, 2.2771307635, 7.5292930068, 8.2883702947, 4.089384731, 7.8025990299, 6.3145375972, 13.5036491557, 1.6631083899, 5.0256487134, 3.6255678929, 6.2625560625, 19.8881210317, 22.2456256075, 18.4377547025, 8.484772909, 3.7772181539, 8.0707572747, 3.8054966546, 3.4090975089, 0.02306443032, 0, 0, 3.179144514, 9.3541262236, 8.8792390362, 0.17951145182, 89.7225065357, 11.0727154061, 20.5453283318, 1.1519882664],
      [2.5146179643, 2.1815372536, 0, 2.7933567816, 1.3126160305, 2.9034153711, 1.0757268232, 3.8121739973, 4.0773036243, 1.4171110067, 2.2556666705, 1.9554576432, 1.0912675368, 2.7465953457, 5.6241464684, 6.268449057, 1.0453569368, 2.2850976164, 2.8788794264, 2.6584923369, 2.3456888214, 0.25670893461, 0, 0, 0.8725054167, 1.8979606227, 0.31206441096, 0.20169392257, 30.6595475384, 2.4377714894, 6.1172886503, 0.39961185032],
      [4.0449295319, 3.5566895656, 0.80291642555, 5.5737590697, 1.2446022008, 1.9593683735, 1.2613261446, 4.8563446297, 2.5830672947, 1.2059433588, 1.599097438, 1.9196558797, 0.81463695388, 9.7051638365, 12.9032747342, 12.4498641188, 2.8658025798, 4.0606983154, 4.2303803428, 4.1610612856, 1.8733701311, 0.63574747075, 0, 0.036453383542, 1.3283334081, 5.0081870582, 1.2578951477, 0.026932918275, 58.6318958864, 4.5726660045, 8.275571885, 0.66885895004],
      [28.1928380226, 31.0653703918, 1.7753871474, 35.5465110656, 10.176171078, 25.9461905206, 8.2269762545, 40.6900564819, 46.349734875, 7.8957625698, 24.6597128921, 19.9333638322, 8.1511442884, 52.257785893, 69.4230409376, 58.4002247449, 20.1765632366, 30.3978864338, 39.4410684244, 39.9979333891, 16.8398622697, 6.7515541675, 0, 0.96354661646, 11.2304579822, 34.1703075368, 6.7417456405, 1.2363918411, 352.9105077795, 38.0620741236, 61.0631267353, 7.8180730187],
      [6.9225024528, 9.5226781955, 1.1445656636, 5.5570800763, 10.978240396, 11.1016410038, 1.6333717478, 12.3268872939, 2.4862450504, 3.8180746748, 4.459874286, 0.56595475195, 8.6803951584, 8.402333893, 8.8039122522, 4.4437073769, 3.4275043378, 3.4790994804, 5.3789145318, 6.3770163338, 2.5319812688, 0.33292499683, 0, 1, 3.3895586789, 2.5694185587, 2.8090557647, 0.35546986623, 64.0755422599, 7.8547729763, 16.9986843976, 0.96146791452]
    ],
    [
      [4.9160712669, 5.0339726878, 1.1311147651, 3.7488297544, 0.33075799185, 2.2011893036, 7.2622983442, 2.2918860551, 5.6076470802, 0.24213033051, 3.9707504483, 2.5105475434, 3.1276689672, 11.1263007591, 6.9291310462, 5.5626340883, 2.8899734176, 4.1366437219, 3.5472433254, 2.1142510077, 3.3174763405, 0.37184496648, 1.6931442569, 0, 0.72889753087, 5.3234732099, 4.8832782985, 0.068288287291, 44.8324796935, 8.3100008665, 14.4699135184, 1.1844568975],
      [0.11113031626, 0.095233792608, 0, 0.11654574296, 0.0039139725271, 0.10384993848, 0.067070928018, 0.091252006753, 0.15180153117, 0.0093530577953, 0.14908683802, 0.095688460709, 0.045774368748, 0.12928637307, 0.14462785497, 0.16108987703, 0.029760828666, 0.18088805287, 0.10594814989, 0.093870049278, 0.1899350007, 0.020730545984, 0.0024282231492, 0, 0.016657770024, 0.094867948998, 0.01314267746, 0.0066678815718, 1.2927677517, 0.15369460106, 0.36284252416, 0.033430884388],
      [0.0017092428058, 0.0014857226339, 0.001794626316, 0.0022181777488, 6.4421014916e-05, 0.00080417362998, 0.0007149932563, 0.0013003927979, 0.00095299764792, 0.00013063026049, 0.0010113612402, 0.0011707948658, 0.00032729136768, 0.0043687434819, 0.0033307260494, 0.0031913775116, 0.0007790535507, 0.0033128115362, 0.0014892971933, 0.0010401608143, 0.0014516411468, 0.00024070327168, 3.0421691368e-05, 0, 0.00024142414723, 0.0023740136758, 0.00050644027247, 8.2300206189e-06, 0.02366681587, 0.0027588903147, 0.0046988618494, 0.00054017202162],
      [4.7003555482, 5.1164512712, 0.23955286244, 5.5899511511, 0.2012579033, 4.1926183744, 1.511889427, 4.299284807, 6.7311726785, 0.37940411169, 6.143180888, 4.7980315127, 1.2884796439, 9.2762960881, 7.0660362623, 6.0831943354, 2.1622620203, 9.7711006019, 5.4758319983, 5.3881633359, 5.1422153488, 2.0483842083, 0.16450213741, 0, 0.80300878204, 6.4042907879, 0.95076805825, 0.13605287929, 56.2059202658, 9.0548853336, 13.6750663621, 2.4558807474],
      [15.2707336258, 20.7528565258, 2.6275377461, 11.5424551738, 4.4640057113, 24.5015382099, 5.1580263075, 17.3162767384, 7.5084257125, 3.3689818697, 14.7359704644, 4.5945616883, 18.5377497288, 19.4637480362, 12.8568741105, 9.1898903218, 4.9172246798, 14.9080548118, 9.8694872292, 11.4026754463, 10.3489216688, 1.558799576, 1.1398949609, 0, 3.4511944929, 8.1749940396, 6.1523045255, 0.78898272183, 131.6451654732, 24.4786603085, 49.4874787335, 4.3256912987]
    ]
  ],
  "prob": [
    [0.051213982767, 0.48862022302, 0.0040598638159, 0.1708333752, 0.2852725552],
    [0.61421886708, 4.8180572734e-06, 0.28510275893, 0.01807407049, 0.082599485436],
    [0.0015194399519, 0.052699168957, 0.0032546484291, 0.94082754263, 0.0016992000283],
    [0.00038012877429, 0.0083780361536, 0.82461085865, 0.16627910457, 0.00035187184565],
    [0.16375471727, 0.049106667828, 0.084684849284, 0.58701071564, 0.11544304998],
    [0.1975038485, 0.0050013441763, 8.2587040565e-05, 0.22586223154, 0.57154998874]
  ],
  "iterations": 294,
  "time": 10.837702,
  "message": "Converged",
  "status": 0,
  "miniter": 0,
  "maxiter": 1000,
  "maxtime": 3600,
  "param_threshold": 0.001,
  "ll_threshold": "-Inf",
  "initial_prob": "random",
  "adjust_prob_cond_method": "lp",
  "adjust_prob_cond_every": true,
  "candidates_id": ["STRICKSON-PUA, Muamua Sofi.c", "SAAFI, Etuate Lui (Edward).c", "TURNER-TUPOU, Fia Taemanu.c", "SIO, Sua William.c", "Other candidates votes.c"],
  "group_id": ["Conservative.p", "Green Party.p", "Labour Party.p", "National Party.p", "New Zealand First Party.p", "Other parties votes.p"]
}
