{
  "Z_true": {},
  "V_true": [
    [404, 298, 394, 9],
    [957, 3362, 10289, 213],
    [64, 2546, 333, 23],
    [159, 677, 179, 82],
    [168, 682, 697, 97],
    [172, 499, 382, 179]
  ],
  "p_true": [
    [0.3656, 0.2697, 0.3566, 0.0081],
    [0.0646, 0.2268, 0.6942, 0.0144],
    [0.0216, 0.8584, 0.1123, 0.0078],
    [0.1449, 0.6171, 0.1632, 0.0747],
    [0.1022, 0.4148, 0.424, 0.059],
    [0.1396, 0.405, 0.3101, 0.1453]
  ],
  "Z_est": {},
  "V_est": [
    [615.8151, 489.1849, 0, 0],
    [896.8493, 1925.0631, 11597.5774, 401.5103],
    [0, 2966, 0, 0],
    [183.2214, 841.7695, 4.4992, 67.5099],
    [0, 892.5609, 671.9233, 79.5158],
    [228.1143, 949.4216, 0, 54.4641]
  ],
  "p_est": [
    [0.5573, 0.4427, 0, 0],
    [0.0605, 0.1299, 0.7825, 0.0271],
    [0, 1, 0, 0],
    [0.167, 0.7673, 0.0041, 0.0615],
    [0, 0.5429, 0.4087, 0.0484],
    [0.1852, 0.7706, 0, 0.0442]
  ],
  "EI_Z": {},
  "EI_V": 14.1097,
  "MAE_Z": {},
  "MAE_V": 268.8479,
  "MAE_p": 0.1099,
  "runtime": 0.1538
}
