{
  "X": [
    [0, 7, 14, 16],
    [42, 97, 749, 197],
    [19, 28, 302, 29],
    [39, 388, 778, 264],
    [13, 370, 434, 245],
    [19, 445, 487, 243],
    [38, 84, 836, 137],
    [44, 63, 837, 133],
    [20, 113, 639, 119],
    [25, 57, 659, 101],
    [73, 9, 860, 106],
    [46, 43, 795, 133],
    [9, 17, 228, 25],
    [32, 26, 889, 117],
    [10, 6, 232, 39],
    [27, 6, 759, 103],
    [22, 93, 533, 123],
    [30, 131, 550, 133],
    [27, 39, 747, 106],
    [26, 40, 888, 125],
    [35, 118, 662, 179],
    [25, 25, 613, 103],
    [14, 72, 530, 92],
    [6, 51, 245, 59],
    [18, 225, 379, 75],
    [17, 125, 363, 92],
    [12, 156, 447, 116],
    [30, 200, 731, 186],
    [2, 27, 153, 29],
    [39, 195, 813, 194],
    [14, 59, 264, 59],
    [115, 273, 2127, 408],
    [4, 25, 90, 22]
  ],
  "W": [
    [21, 6, 0, 10],
    [808, 111, 30, 136],
    [299, 29, 16, 34],
    [816, 383, 83, 187],
    [457, 371, 82, 152],
    [498, 458, 91, 147],
    [863, 103, 36, 93],
    [872, 79, 26, 100],
    [676, 97, 42, 76],
    [684, 51, 33, 74],
    [875, 48, 28, 97],
    [835, 54, 30, 98],
    [240, 17, 1, 21],
    [910, 38, 23, 93],
    [247, 6, 9, 25],
    [759, 30, 25, 81],
    [558, 109, 26, 78],
    [565, 129, 51, 99],
    [756, 42, 27, 94],
    [927, 36, 33, 83],
    [696, 116, 54, 128],
    [655, 32, 13, 66],
    [543, 84, 18, 63],
    [246, 55, 18, 42],
    [384, 213, 36, 64],
    [362, 142, 41, 52],
    [454, 154, 41, 82],
    [770, 219, 51, 107],
    [150, 29, 10, 22],
    [816, 211, 90, 124],
    [279, 63, 20, 34],
    [2256, 302, 80, 285],
    [81, 26, 7, 27]
  ],
  "method": "mvn_pdf",
  "cond_prob": [
    [
      [0.016027869551, 9.39426922e-05, 0.57009665566, 0.4137815321],
      [0.00021833256731, 0.97820814628, 0.00010189209281, 0.021471629059],
      [0.00023633362939, 0.81362422145, 0.004830920181, 0.18130852474],
      [0.001643078705, 0.038919505176, 0.017734074084, 0.94170334204]
    ],
    [
      [0.042392199606, 4.8397192057e-06, 0.88598486813, 0.071618092543],
      [0.030804907232, 0.78050858539, 0.0094721565504, 0.17921435083],
      [0.011847725186, 0.29026115211, 0.17560477403, 0.52228634867],
      [0.027370460733, 0.0099002061885, 0.1864205939, 0.77630873918]
    ],
    [
      [0.049881575793, 2.0298145738e-06, 0.92921385545, 0.020902538944],
      [0.080371368943, 0.78038472859, 0.021863606579, 0.11738029589],
      [0.029209066876, 0.26268477263, 0.38516702605, 0.32293913444],
      [0.070016499377, 0.0090868211846, 0.42383962015, 0.49705705929]
    ],
    [
      [0.036548015672, 1.0518704604e-05, 0.89437148433, 0.069069981297],
      [0.01421454432, 0.88838128855, 0.0051167726735, 0.092287394461],
      [0.0077662462405, 0.47579264346, 0.13463911284, 0.38180199746],
      [0.024089966123, 0.021913464268, 0.19200245688, 0.76199411272]
    ],
    [
      [0.027231354582, 1.1803663252e-05, 0.87835568523, 0.094401156529],
      [0.0093011458692, 0.87550581935, 0.0044016926451, 0.11079134214],
      [0.0048464652582, 0.44727856915, 0.11048776531, 0.43738720029],
      [0.01409029729, 0.019321616841, 0.14775306531, 0.81883502055]
    ],
    [
      [0.028478779548, 9.4012045777e-06, 0.89572408303, 0.075787736216],
      [0.012176324031, 0.87090024321, 0.0056193048534, 0.1113041279],
      [0.0061478588879, 0.43144095676, 0.13671388203, 0.42569730232],
      [0.017593276675, 0.01836043254, 0.17991429514, 0.78413199565]
    ],
    [
      [0.034060048223, 2.3088042376e-06, 0.92381503733, 0.042122605643],
      [0.048328704099, 0.72642068075, 0.019282314107, 0.20596830104],
      [0.01492327037, 0.21632152853, 0.28715140307, 0.48160379803],
      [0.032459332208, 0.0069673008219, 0.28691987463, 0.67365349234]
    ],
    [
      [0.040753800165, 2.1897378932e-06, 0.91698046469, 0.04226354541],
      [0.059084838024, 0.71017481592, 0.019558950745, 0.21118139531],
      [0.018002101187, 0.20727902294, 0.28742734564, 0.48729153023],
      [0.038595744609, 0.0065677663294, 0.28305651533, 0.67177997373]
    ],
    [
      [0.027606692406, 1.104047023e-05, 0.91134129482, 0.061040972307],
      [0.01014692277, 0.90749535305, 0.0049256898701, 0.077432034306],
      [0.0059247122477, 0.51321686005, 0.13853025816, 0.34232816954],
      [0.019911415786, 0.025275196941, 0.21410855097, 0.74070483631]
    ],
    [
      [0.031049224603, 5.1917912021e-06, 0.92332965548, 0.045615928125],
      [0.022454216029, 0.85377732784, 0.0098225788312, 0.1139458773],
      [0.010324496974, 0.37536290078, 0.21768149333, 0.39663110891],
      [0.027826563414, 0.01476754831, 0.26962366278, 0.6877822255]
    ],
    [
      [0.081503669788, 1.6565431781e-07, 0.89544228584, 0.023053878713],
      [0.38673846116, 0.17378368732, 0.062492657058, 0.37698519446],
      [0.060173146968, 0.025413086286, 0.46997737331, 0.44443639344],
      [0.10718345646, 0.00068800191703, 0.38389741624, 0.50823112538]
    ],
    [
      [0.046736408098, 1.9622597712e-06, 0.90822561572, 0.045036013925],
      [0.071162156964, 0.67203478056, 0.020352708369, 0.2364503541],
      [0.020424999359, 0.18377368078, 0.28174520389, 0.51405611597],
      [0.042284019108, 0.0056234949409, 0.26785607815, 0.6842364078]
    ],
    [
      [0.032305364718, 7.8564309998e-06, 0.92614263429, 0.041544144558],
      [0.012597050925, 0.92513936485, 0.0052422462062, 0.057021338024],
      [0.0084952111737, 0.5289720966, 0.17114196319, 0.29139072903],
      [0.030075304847, 0.023786817332, 0.2798956972, 0.66624218062]
    ],
    [
      [0.029278460196, 1.1106522122e-06, 0.93329984694, 0.037420582208],
      [0.068963970783, 0.59473630757, 0.032354972135, 0.30394474951],
      [0.015365944733, 0.12421777521, 0.34771241053, 0.51270386953],
      [0.030335301971, 0.0036423641718, 0.31523305792, 0.65078927594]
    ],
    [
      [0.034489203808, 2.1810627134e-06, 0.90921309395, 0.056295521182],
      [0.040958271568, 0.70793810434, 0.015804719694, 0.2352989044],
      [0.012887775893, 0.18429965191, 0.24064682913, 0.56216574307],
      [0.02639452011, 0.0053785787939, 0.22626106752, 0.74196583357]
    ],
    [
      [0.027837136543, 2.5042962038e-07, 0.94080683391, 0.031355779113],
      [0.13510246053, 0.27259454043, 0.067118946701, 0.52518405234],
      [0.017758257584, 0.033130709038, 0.42625033608, 0.5228606973],
      [0.032294022189, 0.00091853087631, 0.35570093428, 0.61108651266]
    ],
    [
      [0.03015844566, 3.8838703601e-06, 0.911489878, 0.058347792467],
      [0.027157374293, 0.77942105483, 0.012043396055, 0.18137817483],
      [0.0099289759596, 0.27494572461, 0.21251199856, 0.50261330086],
      [0.022814742709, 0.0093298802723, 0.22445302634, 0.74340235068]
    ],
    [
      [0.039530689976, 5.8302902032e-06, 0.91052940551, 0.049934074226],
      [0.026122975373, 0.85129737935, 0.0088377518868, 0.11374189339],
      [0.012199884173, 0.3863571108, 0.19903905505, 0.40240394999],
      [0.033125319412, 0.015484405914, 0.24840296694, 0.70298730773]
    ],
    [
      [0.029112377462, 2.3236014549e-06, 0.93478863998, 0.036096658958],
      [0.041766679794, 0.75981996104, 0.019729191113, 0.17868416805],
      [0.013626541697, 0.23470782493, 0.31039727061, 0.44126836275],
      [0.030730299908, 0.0077718419236, 0.3215578946, 0.63993996357]
    ],
    [
      [0.026025362866, 3.9017225339e-06, 0.92502468618, 0.048946049233],
      [0.023669993639, 0.81036106778, 0.012393010835, 0.15357592775],
      [0.0092734339179, 0.30144706607, 0.23388770182, 0.4553917982],
      [0.022394502021, 0.010641908286, 0.25950781391, 0.70745577578]
    ],
    [
      [0.039597470136, 6.0994946892e-06, 0.897889467, 0.062506963372],
      [0.024511744238, 0.83404564168, 0.0081761071865, 0.1332665069],
      [0.010952065262, 0.36192084982, 0.17605573006, 0.45107135486],
      [0.028269338757, 0.013793179068, 0.20883873613, 0.74909874604]
    ],
    [
      [0.032864695084, 2.3199257374e-06, 0.90808150774, 0.059051477255],
      [0.041352678465, 0.68487429637, 0.016796303348, 0.25697672182],
      [0.012048317355, 0.18433876068, 0.23615935373, 0.56745356824],
      [0.024668260836, 0.0055348119757, 0.22212291073, 0.74767401646]
    ],
    [
      [0.022269865256, 3.2907538804e-06, 0.93157186964, 0.046154974345],
      [0.023730731247, 0.79169417124, 0.014555026958, 0.17002007055],
      [0.0085616628839, 0.27323996714, 0.2535411766, 0.46465719337],
      [0.019990783557, 0.009388302272, 0.2721743692, 0.69844654497]
    ],
    [
      [0.020541961871, 4.0370040218e-06, 0.93013299264, 0.049321008482],
      [0.018067677855, 0.81918429765, 0.011906379973, 0.15084164453],
      [0.0071814700416, 0.30885652627, 0.22911490392, 0.45484709976],
      [0.017495449791, 0.010996974848, 0.25689323452, 0.71461434084]
    ],
    [
      [0.034367203532, 1.0526925166e-05, 0.9227994614, 0.042822808147],
      [0.0136632561, 0.92224540305, 0.0053618260242, 0.058729514829],
      [0.0084489243695, 0.55651165092, 0.15999159569, 0.27504782903],
      [0.031591787034, 0.030705589878, 0.27542367109, 0.662278952]
    ],
    [
      [0.028970571151, 3.3689546823e-06, 0.92786353315, 0.043162526746],
      [0.030944023076, 0.79526781732, 0.014483478, 0.15930468161],
      [0.01141517638, 0.28478682426, 0.25831137059, 0.44548662876],
      [0.027107240517, 0.010013167982, 0.28197628467, 0.68090330683]
    ],
    [
      [0.023250028539, 7.492791606e-06, 0.92180828152, 0.054934197147],
      [0.012349846983, 0.87983135885, 0.0071746794745, 0.1006441147],
      [0.0062487587309, 0.43290513407, 0.17509020366, 0.38575590354],
      [0.01829060298, 0.018704840449, 0.23578920606, 0.72721535051]
    ],
    [
      [0.030260700347, 5.7520778612e-06, 0.9054346636, 0.064298883978],
      [0.019852640993, 0.82619648525, 0.0087322108331, 0.14521866292],
      [0.0084599267732, 0.34346506928, 0.17934736561, 0.46872763834],
      [0.021276145964, 0.012806724594, 0.20733357116, 0.75858355828]
    ],
    [
      [0.015231861107, 3.1205216441e-06, 0.9467697756, 0.03799524277],
      [0.01636720084, 0.82524615325, 0.014644604549, 0.14374204136],
      [0.0063619453926, 0.29296697078, 0.27692379966, 0.42374728417],
      [0.015438363204, 0.010222028856, 0.30978305627, 0.66455655167]
    ],
    [
      [0.032679436482, 3.5203719695e-06, 0.92310080085, 0.0442162423],
      [0.033829755853, 0.79466152527, 0.014057249699, 0.15745146917],
      [0.012625134846, 0.28958105439, 0.2528739053, 0.44491990546],
      [0.03011393087, 0.010257058539, 0.27713104679, 0.68249796381]
    ],
    [
      [0.038092453256, 5.146300684e-06, 0.90481404072, 0.057088359724],
      [0.026630725815, 0.82525863338, 0.0092266305752, 0.13888401023],
      [0.011500134702, 0.34037247555, 0.19277887725, 0.45534851249],
      [0.028851284819, 0.012477271389, 0.22245776591, 0.73621367789]
    ],
    [
      [0.042050112799, 4.6541660007e-06, 0.90400782252, 0.053937410518],
      [0.033601792824, 0.80780460936, 0.010655173385, 0.14793842443],
      [0.013680316159, 0.32166933413, 0.20882667213, 0.45582367758],
      [0.033573684333, 0.011727191551, 0.23545627089, 0.71924285323]
    ],
    [
      [0.024344978895, 3.0567583238e-06, 0.9500728363, 0.025579128052],
      [0.027117372604, 0.85796774551, 0.01494225394, 0.099972627946],
      [0.01179172199, 0.33828373799, 0.31917504541, 0.33074949461],
      [0.031249515475, 0.012665479096, 0.39040348396, 0.56568152147]
    ]
  ],
  "expected_outcome": [
    [
      [0.33658526056, 34.2528972813, 14.9145911621, 29.8231807884, 12.4447290439, 14.182432215, 29.3938216168, 35.5373137437, 18.6621240661, 21.2376696282, 71.3157110646, 39.0249007615, 7.7532875324, 26.6433987781, 8.5188333405, 21.1283866361, 16.8284126783, 22.3348398365, 22.0089573614, 24.1255113765, 27.5598392146, 21.5263752801, 12.0925368341, 5.0533226203, 13.1970061565, 10.4873467566, 10.5555129569, 23.3007392674, 2.2847791661, 26.6664201696, 10.6277944585, 94.8650544742, 1.9719432905],
      [0.0019727965362, 0.0039104931182, 0.00060691455758, 0.0085832629572, 0.0053942741061, 0.0046817998797, 0.001992498057, 0.0019094514429, 0.0074633578757, 0.0035511851823, 0.00014494752808, 0.001638486909, 0.00188554344, 0.0010106935131, 0.00053872249022, 0.00019007608187, 0.0021671996609, 0.0032941139648, 0.0017566426999, 0.0036168967889, 0.0042452483037, 0.001519551358, 0.0017868793571, 0.00099310298936, 0.0040423392637, 0.001219561595, 0.0034017273891, 0.0044290999531, 0.00046807824661, 0.0028726235271, 0.0014358178908, 0.010499798498, 0.00024759742423],
      [11.9720297688, 715.8757734507, 277.8349427791, 729.80713121, 401.4085481483, 446.0705933496, 797.2523772153, 799.6069652074, 616.0667152962, 631.5574843492, 783.5120001137, 758.3683891246, 222.2742322303, 849.3028607195, 224.5756342051, 714.0723869413, 508.6113519254, 514.4491141119, 706.7002118234, 857.4978840876, 624.9310690298, 594.7933875666, 505.8435252172, 228.8127161901, 354.3549931759, 335.8865989997, 418.500959811, 697.1846909692, 142.0154663402, 753.2502534902, 252.4431173606, 2039.4416475977, 76.9558997399],
      [8.6894121741, 57.8674187749, 6.2498591443, 56.3611047386, 43.1413285337, 37.7422926355, 36.3518086699, 36.8538115974, 41.2636972798, 31.2012948373, 20.1721438741, 37.605071627, 9.9705946938, 34.0527298089, 13.904993732, 23.7990363465, 32.5580681966, 28.2127519376, 27.2890741725, 45.3729876391, 43.5048465072, 38.6787176019, 25.0621510694, 12.1329680865, 16.4439583284, 15.6248346821, 24.9401255047, 49.5101406634, 5.6992864155, 36.0804537166, 15.927652363, 121.6827981295, 2.0719093722]
    ],
    [
      [0.0013099954039, 3.4193447028, 2.3307696993, 5.4441704746, 3.4507251175, 5.5767564063, 4.9778565222, 4.6677022039, 0.9842515087, 1.1451650175, 18.5634461359, 3.8427564761, 0.21414986573, 2.6206308897, 0.24574962941, 4.0530738159, 2.9601537979, 3.3698638231, 1.7542005513, 0.85211977101, 2.8433623316, 1.3232857109, 1.9933814248, 0.99372228203, 2.9102735492, 4.3940512768, 1.9018764354, 4.3477283774, 0.47464882436, 7.138078485, 1.6777357264, 10.147741433, 0.70505168769],
      [5.8692488777, 86.6364529783, 22.6311571291, 340.2500335129, 324.8126589785, 398.8723113916, 74.8213301177, 56.1038104579, 88.0270492462, 43.54264372, 8.3416169913, 36.2898781505, 15.7273692024, 22.5999796878, 4.247628626, 8.1778362129, 84.956894976, 109.8173619361, 31.9124383638, 29.17299844, 96.7492944346, 21.9159774838, 66.5023103842, 45.0551363705, 196.438270849, 112.9280300588, 135.4940292624, 180.9370302697, 23.9321384443, 167.6735818329, 51.9912939027, 243.9569920271, 22.3071613833],
      [0.00061135255683, 1.0514093771, 0.63404459079, 1.9597239339, 1.6330279713, 2.5736416229, 1.986078353, 1.5451571088, 0.4777919174, 0.50095152039, 2.9996475388, 1.0990462519, 0.089118185505, 1.2294889411, 0.094828318162, 2.013568401, 1.31273017, 1.1400699934, 0.82862602676, 0.44614839007, 0.94842843363, 0.53748170712, 1.2226222645, 0.65485089849, 1.1420689431, 2.056653876, 1.1049006391, 1.9123541725, 0.42469353192, 2.9660796866, 0.58127772624, 3.2178623622, 0.38849860244],
      [0.12882977435, 19.8927929418, 3.4040285807, 35.3460720786, 41.1035879327, 50.9772905792, 21.214735007, 16.6833302293, 7.5109073277, 5.8112397421, 18.095289334, 12.7683191215, 0.9693627464, 11.5499004813, 1.4117934264, 15.7555215702, 19.7702210561, 14.6727042473, 7.504735058, 5.5287333989, 15.4589148001, 8.2232550983, 14.2816859266, 8.296290449, 12.5093866586, 22.6212647884, 15.4991936631, 31.8028871805, 4.1685191995, 33.2222599956, 8.7496926447, 44.6774041777, 2.5992883266]
    ],
    [
      [0, 0.35543175558, 0.46734507002, 0.64459843796, 0.39741015117, 0.5594551588, 0.53723773333, 0.46805463087, 0.2488379144, 0.34070840013, 1.6848481151, 0.61274998078, 0.0084952111737, 0.35341672886, 0.11598998303, 0.44395643961, 0.25815337495, 0.62219409283, 0.36791662581, 0.30602331929, 0.59141152414, 0.15662812561, 0.15410993191, 0.12926646075, 0.3041612773, 0.46802223157, 0.25619910797, 0.43145626544, 0.063619453926, 1.1362621362, 0.23000269404, 1.0944252927, 0.082542053932],
      [0, 8.7078345634, 4.2029563621, 39.4907894074, 36.6768426702, 39.2611270653, 7.7875750271, 5.3892545964, 21.5551081221, 12.3869757259, 0.711566416, 5.5132104235, 0.5289720966, 2.8570088298, 1.6586968672, 0.82826772596, 7.14858884, 19.7042126506, 6.3371112732, 9.9477531803, 19.5437258901, 2.3964038888, 4.9183194085, 5.5594174729, 20.0344194331, 11.6762597948, 17.749110497, 17.5167185331, 2.9296697078, 26.0622948953, 6.8074495111, 25.7335467303, 2.3679861659],
      [0, 5.2681432209, 6.1626724168, 11.1750463653, 9.059996755, 12.440963265, 10.3374505105, 7.4731109867, 5.8182708427, 7.1834892798, 13.1593664527, 8.4523561167, 0.17114196319, 7.9973854421, 2.1658214621, 10.656258402, 5.5253119627, 10.1509918073, 8.3807263066, 7.7182941599, 9.5070094235, 3.0700715985, 4.5637411789, 4.1240682706, 5.7596974447, 10.5907661943, 7.1786983499, 9.146715646, 2.7692379966, 22.7586514774, 3.855577545, 16.7061337707, 2.2342253179],
      [0, 15.6685904601, 5.1670261511, 31.6895657893, 35.8657504236, 38.7384545109, 17.337736729, 12.669579786, 14.3777831208, 13.0888265941, 12.4442190162, 15.421683479, 0.29139072903, 11.7921889992, 5.0594916876, 13.0715174324, 13.0679458224, 20.5226014493, 11.9142457944, 15.0279293405, 24.3578531623, 7.3768963871, 8.3638294807, 8.1872477957, 9.901721845, 18.2649517793, 15.8159920451, 23.9051095556, 4.2374728417, 40.0427914911, 9.1069702499, 36.4658942064, 2.3152464623]
    ],
    [
      [0.01643078705, 3.7223826597, 2.3805609788, 4.504823665, 2.1417251881, 2.5862116712, 3.0187178953, 3.8595744609, 1.5132675998, 2.0591656926, 10.3967952767, 4.1438338726, 0.63158140178, 2.8211830833, 0.65986300275, 2.6158157973, 1.7795499313, 3.2794066218, 2.8886481913, 1.8587436678, 3.6184753609, 1.6281052152, 1.2594193641, 0.73480889123, 2.0218743702, 1.4095765069, 1.4998294444, 2.2765476182, 0.33964399049, 3.7341274279, 0.98094368383, 9.5685000348, 0.84373691782],
      [0.38919505176, 1.3464280416, 0.30895192028, 4.0978178181, 2.9368857599, 2.6989835833, 0.64795897643, 0.65677663294, 1.9209149675, 1.0927985749, 0.066736185952, 0.5511025042, 0.49952316396, 0.33873986797, 0.13446446985, 0.074401000981, 0.72773066124, 1.5329561855, 0.73055314081, 0.88327838777, 1.7655269208, 0.3652975904, 0.59146304313, 0.46187294362, 1.9651577522, 0.52068473509, 1.5337969168, 1.3703195315, 0.22488463482, 1.2718752588, 0.42422722724, 3.3422495919, 0.34196793558],
      [0.17734074084, 25.3532007701, 14.4105470851, 35.9044594373, 22.4584659277, 26.4474013851, 26.6835483403, 28.3056515333, 16.2722498734, 19.9521510454, 37.2380493752, 26.2498956585, 5.8778096411, 29.3166743864, 5.6565266881, 28.8117756763, 17.5073360548, 24.5918937274, 30.2264420923, 21.5391485543, 26.731358225, 14.6601121082, 17.1469852598, 10.7895158498, 17.6271149498, 14.662766803, 19.3347148971, 22.1846921139, 6.815227238, 34.3642498013, 7.5635640408, 67.1050372029, 10.5408940669],
      [9.4170334204, 105.5779885285, 16.8999400158, 142.4928990796, 124.4629231243, 115.2674033603, 62.6497747879, 67.1779973729, 56.2935675594, 50.8958846871, 49.2984191622, 67.0551679647, 13.9910857931, 60.5234026623, 18.5491458393, 49.4980075254, 57.9853833527, 69.5957434653, 60.1543565755, 58.7188293902, 95.8846394933, 49.3464850862, 44.002132333, 30.0138023153, 42.3858529278, 35.406971955, 59.6316587417, 81.1684407364, 14.6202441367, 84.629747512, 25.0312650482, 204.9842131703, 15.2734010797]
    ]
  ],
  "prob": [
    [0.035963732895, 4.8208468576e-06, 0.9130706429, 0.050960803361],
    [0.028615783112, 0.82178614996, 0.010733216617, 0.13886485031],
    [0.011900382978, 0.33658102507, 0.21468614782, 0.43683244413],
    [0.030027303338, 0.012672701433, 0.24884070869, 0.70845928654]
  ],
  "iterations": 118,
  "time": 0.010523,
  "message": "Converged",
  "status": 0,
  "miniter": 0,
  "maxiter": 1000,
  "maxtime": 3600,
  "param_threshold": 0.001,
  "ll_threshold": "-Inf",
  "initial_prob": "group_proportional",
  "candidates_id": ["SAAFI, Etuate Lui.c", "SIMICH, Clem Rudolph.c", "FIELD, Taito Phillip.c", "Other candidates votes.c"],
  "group_id": ["Labour Party.p", "National Party.p", "New Zealand First Party.p", "Other parties votes.p"]
}
