{
  "X": [
    [32, 71, 39, 70, 75, 61, 33],
    [28, 73, 48, 111, 92, 76, 35],
    [42, 67, 98, 109, 84, 88, 37],
    [29, 31, 108, 80, 60, 54, 32],
    [26, 83, 39, 88, 57, 68, 18],
    [33, 65, 31, 79, 62, 67, 23],
    [30, 64, 41, 69, 54, 74, 22],
    [44, 48, 69, 103, 54, 74, 29],
    [41, 48, 61, 78, 70, 83, 24],
    [32, 55, 50, 85, 59, 67, 30],
    [38, 69, 76, 88, 75, 64, 39],
    [30, 76, 64, 82, 68, 89, 28],
    [25, 83, 60, 108, 67, 76, 25],
    [13, 106, 38, 114, 57, 78, 40],
    [15, 83, 33, 63, 44, 83, 28],
    [31, 88, 56, 113, 86, 92, 35],
    [19, 108, 43, 92, 78, 67, 26],
    [32, 60, 118, 89, 67, 65, 19],
    [32, 55, 127, 82, 46, 46, 21],
    [7, 41, 21, 45, 22, 59, 12],
    [7, 70, 43, 63, 46, 62, 32],
    [5, 58, 43, 62, 29, 65, 14],
    [10, 82, 40, 76, 42, 55, 23],
    [22, 58, 31, 65, 106, 114, 46],
    [25, 39, 47, 73, 67, 93, 26],
    [36, 25, 37, 80, 122, 174, 73],
    [28, 85, 80, 86, 59, 69, 28],
    [48, 109, 52, 105, 72, 63, 32],
    [32, 88, 54, 91, 69, 83, 34],
    [30, 81, 68, 91, 67, 86, 29],
    [88, 79, 142, 146, 91, 87, 29],
    [75, 52, 116, 114, 64, 122, 39],
    [25, 44, 58, 96, 75, 73, 23],
    [22, 56, 78, 89, 74, 67, 26],
    [39, 55, 77, 87, 70, 75, 20],
    [46, 53, 101, 122, 85, 75, 33],
    [49, 71, 74, 103, 65, 68, 34],
    [34, 48, 65, 83, 89, 99, 37],
    [30, 45, 90, 105, 82, 95, 26],
    [19, 19, 28, 36, 140, 146, 72],
    [15, 19, 22, 43, 116, 143, 77],
    [21, 9, 17, 40, 95, 124, 60],
    [17, 19, 17, 43, 103, 103, 55],
    [18, 22, 20, 36, 80, 124, 57],
    [50, 37, 118, 93, 108, 92, 37],
    [47, 35, 116, 106, 113, 111, 48],
    [37, 21, 58, 69, 77, 103, 45],
    [32, 15, 60, 65, 88, 102, 28],
    [27, 16, 16, 24, 129, 129, 71],
    [31, 12, 27, 50, 149, 161, 77],
    [25, 20, 40, 46, 108, 115, 45],
    [31, 27, 65, 36, 113, 114, 54],
    [47, 13, 62, 63, 126, 135, 43],
    [17, 15, 61, 35, 74, 85, 31],
    [16, 7, 7, 17, 127, 100, 56],
    [15, 5, 23, 22, 100, 110, 49],
    [24, 6, 26, 19, 127, 134, 38],
    [30, 10, 17, 22, 97, 130, 42],
    [15, 9, 20, 19, 92, 117, 52],
    [13, 13, 21, 18, 102, 118, 60],
    [24, 11, 61, 43, 73, 91, 29],
    [19, 13, 28, 32, 98, 134, 64],
    [22, 2, 8, 23, 86, 124, 47],
    [16, 7, 15, 25, 96, 136, 53],
    [15, 8, 31, 32, 92, 99, 50],
    [30, 14, 27, 36, 128, 153, 59],
    [545, 480, 1391, 1230, 1027, 1414, 569]
  ],
  "W": [
    [17, 47, 72, 76, 167, 2],
    [8, 62, 86, 91, 216, 0],
    [17, 110, 69, 105, 224, 0],
    [18, 98, 55, 73, 150, 0],
    [8, 38, 61, 76, 195, 1],
    [5, 39, 56, 85, 172, 3],
    [7, 44, 52, 85, 166, 0],
    [8, 83, 35, 86, 209, 0],
    [12, 71, 59, 81, 182, 0],
    [10, 66, 62, 83, 157, 0],
    [10, 83, 69, 81, 205, 1],
    [8, 70, 71, 103, 185, 0],
    [14, 56, 65, 102, 207, 0],
    [8, 42, 71, 93, 232, 0],
    [8, 38, 41, 99, 163, 0],
    [16, 51, 83, 106, 244, 1],
    [11, 44, 74, 107, 197, 0],
    [11, 131, 55, 75, 178, 0],
    [18, 128, 40, 63, 160, 0],
    [7, 23, 21, 71, 85, 0],
    [22, 52, 40, 81, 128, 0],
    [10, 58, 28, 72, 108, 0],
    [9, 44, 45, 72, 158, 0],
    [30, 34, 101, 138, 139, 0],
    [24, 50, 52, 93, 151, 0],
    [40, 49, 117, 195, 145, 1],
    [11, 92, 56, 91, 185, 0],
    [16, 58, 73, 99, 234, 1],
    [24, 56, 57, 111, 202, 1],
    [13, 69, 54, 117, 198, 1],
    [14, 155, 72, 113, 308, 0],
    [28, 137, 62, 132, 223, 0],
    [16, 69, 68, 72, 169, 0],
    [15, 69, 60, 97, 171, 0],
    [12, 88, 49, 86, 188, 0],
    [15, 118, 74, 86, 220, 2],
    [11, 84, 61, 99, 209, 0],
    [24, 74, 77, 128, 152, 0],
    [21, 101, 65, 94, 191, 1],
    [39, 44, 124, 175, 77, 1],
    [31, 30, 104, 188, 77, 5],
    [21, 20, 105, 155, 65, 0],
    [9, 19, 114, 135, 77, 3],
    [23, 21, 86, 156, 69, 2],
    [6, 139, 85, 130, 175, 0],
    [19, 130, 95, 129, 203, 0],
    [25, 68, 68, 126, 123, 0],
    [21, 65, 82, 113, 109, 0],
    [27, 24, 125, 182, 53, 1],
    [34, 45, 150, 195, 82, 1],
    [20, 52, 96, 132, 96, 3],
    [11, 75, 123, 150, 81, 0],
    [26, 81, 111, 155, 116, 0],
    [19, 71, 63, 103, 62, 0],
    [23, 15, 129, 133, 30, 0],
    [32, 29, 92, 120, 51, 0],
    [30, 29, 130, 148, 36, 1],
    [26, 28, 102, 158, 32, 2],
    [19, 30, 90, 154, 30, 1],
    [12, 25, 88, 183, 35, 2],
    [11, 73, 68, 117, 63, 0],
    [31, 29, 105, 160, 63, 0],
    [18, 20, 93, 148, 33, 0],
    [18, 19, 102, 166, 40, 3],
    [32, 38, 79, 125, 53, 0],
    [41, 36, 109, 197, 64, 0],
    [160, 1553, 991, 1719, 2230, 3]
  ],
  "method": "mvn_pdf",
  "cond_prob": [
    [
      [0.022469029503, 0.0095731794834, 0, 0.0014179556959, 0.42087501841, 0.36777655186, 0.17788826505],
      [0.16330594263, 0, 0.70074542694, 0.048741790032, 0.043265538122, 0.039668825791, 0.0042724764862],
      [0.03350312323, 0.0045639995058, 0, 0.0041264295101, 0.65771915948, 0.1444614514, 0.15562583688],
      [0.050942798606, 0.046177329773, 0, 0.010094878833, 0.16511157004, 0.51146355853, 0.21620986422],
      [0.1057411355, 0.40119264025, 0.036317155293, 0.39892611967, 0.032820782055, 0.021512037925, 0.0034901293049],
      [0, 0, 0, 2.7459970249e-05, 0.21315749352, 0.009199261951, 0.77761578456]
    ],
    [
      [0.011539478991, 0.0059555488783, 0, 0.00088418616661, 0.43590787247, 0.3751058315, 0.17060708199],
      [0.13069822984, 0.00072669944365, 0.66846846011, 0.063930013065, 0.067821828257, 0.062398145249, 0.0059566240324],
      [0.015043368118, 0.0058229735257, 0, 0.0028331661822, 0.67966994482, 0.1475804065, 0.14905014085],
      [0.025181090747, 0.030117201906, 0, 0.0082888574512, 0.17698372578, 0.54354554452, 0.21588357959],
      [0.075088819454, 0.32252712568, 0.030347016078, 0.49088577491, 0.04514189522, 0.032295874221, 0.0037134944362],
      [3.103968751e-05, 3.9571574313e-08, 1.4394579713e-22, 1.8431319913e-09, 0.22659338367, 0.009633665047, 0.76374187018]
    ],
    [
      [0.016034894636, 0.005218682971, 0, 0.00067267474637, 0.41257604009, 0.39323874002, 0.17225896754],
      [0.11231592264, 0.00011439968885, 0.76557390718, 0.036982800942, 0.040310496467, 0.040822426689, 0.0038800463922],
      [0.023914694782, 0.0045845038773, 0, 0.0013295496027, 0.65835264584, 0.15816721975, 0.15365138615],
      [0.036527374437, 0.025348444188, 0, 0.0061235698647, 0.1639161836, 0.55561008478, 0.21247434312],
      [0.1066391386, 0.28536062954, 0.061548527722, 0.46511492262, 0.044261253866, 0.033803024191, 0.003272503466],
      [4.2575614911e-05, 3.5250409653e-08, 2.6700785606e-22, 1.7616121348e-09, 0.21547511408, 0.01015249625, 0.77432977705]
    ],
    [
      [0.023751595125, 0.004747135, 0, 0.0023303483751, 0.40735806015, 0.35802921004, 0.2037836513],
      [0.059717510273, 0, 0.88845228935, 0.027059412606, 0.013825394355, 0.0097564502995, 0.0011889431167],
      [0.034498975176, 0.0035648854005, 0, 0.0060977821718, 0.638397282, 0.13940522073, 0.17803585452],
      [0.053341927953, 0.023076692481, 0, 0.014578811212, 0.1599528604, 0.5001099242, 0.24893978376],
      [0.11285833937, 0.19355922881, 0.13954450429, 0.50604400037, 0.030161713008, 0.016160203222, 0.0016720109217],
      [5.5433798156e-05, 2.9415174253e-08, 7.2946206771e-22, 2.2697579804e-09, 0.18582409697, 0.0080901637828, 0.80603027376]
    ],
    [
      [0.023564843112, 0.014289562064, 5.0756362064e-05, 0.0017585321544, 0.37400260979, 0.46856423736, 0.11776945916],
      [0.11160357691, 0, 0.78207374613, 0.048039275388, 0.024697000184, 0.033586401387, 0],
      [0.037450841672, 0.009926153149, 0.00038217316001, 0.0063825438013, 0.63453817607, 0.20072660684, 0.11059350531],
      [0.05462728691, 0.061053915319, 0.00048460523436, 0.014886504386, 0.13558856396, 0.60714887162, 0.12621025257],
      [0.077611698585, 0.39815431075, 0.047285347653, 0.43404961217, 0.01945658414, 0.023442446702, 0],
      [8.8961274907e-05, 0, 6.2433296834e-06, 5.5400566043e-05, 0.26389960556, 0.016288481326, 0.71966130794]
    ],
    [
      [0.023348096928, 0.0088563566283, 0, 0.0010454785147, 0.41983445638, 0.41542821534, 0.13148739621],
      [0.18503783074, 0, 0.66150874037, 0.055623773056, 0.04631150884, 0.048689875002, 0.0028282719838],
      [0.034389467072, 0.0065929804975, 0, 0.0031047943439, 0.67159791293, 0.16740404384, 0.11691080132],
      [0.050930805127, 0.041484719643, 0, 0.0098656344679, 0.16372328109, 0.5758737468, 0.15812181287],
      [0.11285962514, 0.35500180314, 0.030239297241, 0.44077247793, 0.033549195098, 0.027098919049, 0.00047868240818],
      [0, 0, 0, 4.3947341242e-05, 0.2660850999, 0.013014929554, 0.7208560232]
    ],
    [
      [0.019611134936, 0.0077816824611, 1.1081925314e-05, 0.00074999519557, 0.36612804043, 0.46621618667, 0.13950187838],
      [0.1354594767, 0, 0.74059110937, 0.037837469197, 0.035567732843, 0.047724170895, 0.0028200409919],
      [0.031883125918, 0.0061200313786, 7.9270195249e-05, 0.0017499436493, 0.62669528314, 0.20044950458, 0.13302284114],
      [0.042956346896, 0.034111583524, 0.00013491306687, 0.0062562438057, 0.1368495702, 0.61854647204, 0.16114487047],
      [0.11200778944, 0.36583013248, 0.050592312971, 0.40185014214, 0.034046718566, 0.033956619354, 0.0017162850481],
      [6.2079318265e-05, 6.4440804063e-08, 3.0502439817e-22, 2.1421342163e-09, 0.22917621205, 0.01438656672, 0.75637507533]
    ],
    [
      [0.014013048814, 0.0027375586997, 9.3202082831e-05, 0.0007034158068, 0.37858457426, 0.41213528792, 0.19173291242],
      [0.1465661618, 0, 0.68838761144, 0.040894643585, 0.054785928642, 0.063480015959, 0.0058856385759],
      [0.021561101004, 0.0020526517452, 0.00040684507988, 0.0019891709385, 0.62623975703, 0.1710533511, 0.1766971231],
      [0.031163118459, 0.012282576752, 0.0010027828308, 0.0065145004316, 0.14644556188, 0.57079886783, 0.23179259182],
      [0.13535041846, 0.22416246468, 0.056280400634, 0.47354186237, 0.056992256033, 0.049562231819, 0.0041103660013],
      [3.4571761131e-05, 1.7938504467e-08, 1.472146539e-22, 1.1270765189e-09, 0.18321554507, 0.0098629857074, 0.80688687839]
    ],
    [
      [0.014133196466, 0.0030755757383, 0.00021072476441, 0.0006630679457, 0.38513993428, 0.45779702827, 0.13898047254],
      [0.14594150646, 0.00084166391079, 0.6950482099, 0.032197653015, 0.054054421671, 0.06747103458, 0.0044455104628],
      [0.021903877588, 0.0033598027406, 0.0010349494477, 0.0021752516596, 0.64840238109, 0.19232940287, 0.1307943346],
      [0.031033911739, 0.01486202101, 0.0014246240772, 0.005258953229, 0.1483663719, 0.63134291802, 0.16771120003],
      [0.14649713767, 0.25550155434, 0.063036218859, 0.41292139979, 0.061906814514, 0.056207588334, 0.0039292865002],
      [4.4930759191e-05, 2.3670527066e-08, 1.9417690265e-22, 1.1685101106e-09, 0.23940883578, 0.014034319211, 0.74651188941]
    ],
    [
      [0.022969389029, 0.0096442403012, 0, 0.001384979303, 0.36968512464, 0.41712473234, 0.17919153439],
      [0.16310762072, 0.00049986553646, 0.68627869414, 0.06707976175, 0.035687601266, 0.043183971245, 0.004162485335],
      [0.034883551467, 0.0090396994908, 0, 0.0034497841157, 0.61260851431, 0.17390459801, 0.1661138526],
      [0.048150127784, 0.044119367353, 0, 0.011505425664, 0.13695017941, 0.55204833968, 0.2072265601],
      [0.094560269712, 0.3225999848, 0.029972013927, 0.50566910182, 0.022924677018, 0.021506454165, 0.0027674985596],
      [6.0553239769e-05, 6.3936429129e-08, 2.3251216268e-22, 3.0643605532e-09, 0.19054275972, 0.010611218554, 0.79878540149]
    ],
    [
      [0.015593684926, 0.0053740920128, 1.2802171387e-06, 0.00052207615223, 0.40432385466, 0.35248335634, 0.22170165569],
      [0.11863905395, 5.8622299423e-05, 0.76157409587, 0.032306355322, 0.043530185981, 0.040085688185, 0.0038059983991],
      [0.023328113912, 0.0046146716743, 6.122000365e-06, 0.00076304917146, 0.63713692262, 0.14014389086, 0.19400722976],
      [0.035946909437, 0.026117191981, 1.3170552325e-05, 0.0046869169914, 0.16144837105, 0.49914542101, 0.27264201898],
      [0.11451535498, 0.32442677333, 0.062379746003, 0.41405395648, 0.04942084938, 0.034340950807, 0.0008623690263],
      [3.4378931304e-05, 0, 7.7568092623e-08, 0, 0.17271617768, 0.0074518311523, 0.81979753466]
    ],
    [
      [0.018625376967, 0.01000721855, 1.8388661439e-05, 0.001122694096, 0.36346048285, 0.4645834669, 0.14218237197],
      [0.10751459703, 0, 0.77703521029, 0.042162431805, 0.029886720717, 0.040912440492, 0.0024885996641],
      [0.030073408472, 0.0070426407411, 0.0001584346374, 0.0037584210688, 0.62237285424, 0.20067197358, 0.13592226726],
      [0.039858363735, 0.042699696699, 0.0002366193881, 0.010072189462, 0.13417503243, 0.61032206956, 0.16263602872],
      [0.086942441761, 0.38390187026, 0.051739283861, 0.42019116114, 0.026982403758, 0.028695016979, 0.0015478222389],
      [5.8637199336e-05, 8.2672555718e-08, 3.7761854544e-22, 2.691680696e-09, 0.22557687087, 0.014220930419, 0.76014347615]
    ],
    [
      [0.025793471309, 0.017214559822, 0.00036246121325, 0.0027874298257, 0.407748916, 0.41437309279, 0.13172006904],
      [0.078382098358, 0, 0.83603573219, 0.048937582512, 0.016682838119, 0.018905504296, 0.0010562445261],
      [0.037459888563, 0.01354082447, 0.0016787370704, 0.0079385275173, 0.65404921255, 0.16740858916, 0.11792422067],
      [0.052800867562, 0.076842813826, 0.0026480386983, 0.02228937658, 0.1491946259, 0.54532490065, 0.15089937677],
      [0.060043056259, 0.35768538919, 0.061824669969, 0.49483551044, 0.012687080114, 0.012731257478, 0.00019303654772],
      [8.5089235242e-05, 1.4593471009e-07, 7.8653421904e-22, 5.925342864e-09, 0.26095780027, 0.01308815053, 0.72586880811]
    ],
    [
      [0.011418952664, 0.013549347399, 0, 0.0021177532101, 0.31064645002, 0.44255816367, 0.21970933304],
      [0.089910509856, 0, 0.74743085776, 0.072889497966, 0.033253514042, 0.051638857931, 0.0048767624425],
      [0.014444891244, 0.0099457039446, 0, 0.010974934782, 0.54910194652, 0.19870263274, 0.21682989077],
      [0.016410090531, 0.056422668934, 0, 0.020109435452, 0.10904689067, 0.55770190061, 0.24030901381],
      [0.028365005461, 0.43076789668, 0.028482344715, 0.46669095342, 0.017200783513, 0.027226461107, 0.0012665551038],
      [2.7436022503e-05, 8.0904729299e-08, 1.9937562516e-22, 2.4802278965e-09, 0.13927516111, 0.0097863962528, 0.85091092323]
    ],
    [
      [0.010766916632, 0.010742564755, 0, 0.0015665851735, 0.32103574698, 0.48682138654, 0.16906679992],
      [0.10081567451, 0, 0.72841809826, 0.052769001309, 0.043121259398, 0.069508039447, 0.0053679270763],
      [0.017096181965, 0.0064542446593, 0, 0.0061516330533, 0.57877358559, 0.22121489224, 0.17030946249],
      [0.019166010358, 0.038951080694, 0, 0.016329829204, 0.1156410333, 0.62108475464, 0.18882729181],
      [0.052052089261, 0.48339434639, 0.03263872556, 0.3626587437, 0.028312434731, 0.036238785998, 0.0047048743599],
      [3.108879184e-05, 8.4022162583e-08, 1.9185028734e-22, 1.7649650859e-09, 0.17747686762, 0.013275715217, 0.80921624258]
    ],
    [
      [0.016441053417, 0.0080351110526, 6.100858384e-05, 0.0010334704395, 0.39460822679, 0.42643529328, 0.15338583644],
      [0.092488554657, 0, 0.79975833195, 0.038252700603, 0.031145878424, 0.035691023441, 0.0026635109225],
      [0.024896974028, 0.0065937089109, 0.00031393606697, 0.0026224163424, 0.64811500176, 0.17658833382, 0.14086962907],
      [0.03580828041, 0.03747430296, 0.00040883372498, 0.008641533177, 0.15184461842, 0.58289439632, 0.18292803499],
      [0.082614204524, 0.34160608307, 0.062057180721, 0.45040535499, 0.03270966611, 0.028282830901, 0.0023246796768],
      [3.4386168776e-05, 0, 3.7687807168e-06, 7.050552861e-06, 0.22759534205, 0.012144655702, 0.76021479674]
    ],
    [
      [0.025406240533, 0.033341488168, 0.00018142433349, 0.0044290690842, 0.45508887681, 0.35397856301, 0.12757433806],
      [0.079491209652, 0, 0.80737765607, 0.068106049651, 0.023046004456, 0.019805392024, 0.0021736881465],
      [0.033175448566, 0.0126448902, 0.0012145254446, 0.018930733579, 0.68831034551, 0.13690880023, 0.10881525648],
      [0.049258299446, 0.13536810873, 0.0017679225979, 0.039396328617, 0.16731591543, 0.46112486891, 0.14576855626],
      [0.038057344644, 0.46808697523, 0.036519517078, 0.42303722136, 0.015950404264, 0.014026326738, 0.0043222106793],
      [8.4013992074e-05, 2.9592093745e-07, 6.6637243225e-22, 6.7821545096e-09, 0.29008497286, 0.011147986748, 0.6986827237]
    ],
    [
      [0.01814915466, 0.007973036769, 6.4439586876e-05, 0.0010522610455, 0.4443789143, 0.40390765535, 0.12447453829],
      [0.090846414635, 0, 0.80899007545, 0.037504148617, 0.031644263229, 0.030347430299, 0.00066766777298],
      [0.026260320477, 0.00677622019, 0.00031936274347, 0.0023391538692, 0.69660640014, 0.15929042551, 0.10840811706],
      [0.041370826256, 0.039097178232, 0.00044502217635, 0.009331336384, 0.1783859441, 0.57699932402, 0.15437036882],
      [0.086249153855, 0.31801862987, 0.067250840824, 0.46767908971, 0.035247953058, 0.025536964701, 1.7367978187e-05],
      [6.005981317e-05, 6.6987086802e-08, 4.8641787028e-22, 3.0092032643e-09, 0.28799032628, 0.012920081223, 0.69902946269]
    ],
    [
      [0.033131591776, 0.013413602705, 0.0011579944275, 0.0022906935337, 0.41174020116, 0.37790431954, 0.16036159686],
      [0.079391364971, 0.00047816629221, 0.86863860718, 0.034450046656, 0.0088298293455, 0.0060221345949, 0.0021898509571],
      [0.048252480444, 0.011610725484, 0.0025720552017, 0.0048967401114, 0.6452856948, 0.1470445436, 0.14033776036],
      [0.071360889808, 0.061916078163, 0.0040699872236, 0.016543353793, 0.15294547805, 0.50516789307, 0.18799631989],
      [0.092598133475, 0.31457629951, 0.096463268611, 0.47694412907, 0.012571658212, 0.0044970625788, 0.0023494485399],
      [9.2747405656e-05, 9.4603096091e-08, 9.0763752566e-22, 4.3537871389e-09, 0.22581155401, 0.010250890838, 0.76384470879]
    ],
    [
      [0.015750152603, 0.01848621519, 4.0693506756e-05, 0.0034103349866, 0.302523102, 0.54129470641, 0.11849479531],
      [0.079521395206, 0, 0.78743647047, 0.07201931336, 0.01932983088, 0.041692990087, 0],
      [0.026368911433, 0.017106818419, 0.0001211999672, 0.0093618779003, 0.56816074142, 0.25564216671, 0.12323828416],
      [0.024682274721, 0.070802389977, 0.00041382017916, 0.02989141095, 0.097205227826, 0.6561241374, 0.12088073895],
      [0.032406684668, 0.41746333669, 0.033608822267, 0.48236228041, 0.0071153580049, 0.027043517967, 0],
      [6.1604282121e-05, 1.8318604559e-07, 4.9808790526e-22, 6.0408319482e-09, 0.22131320006, 0.0193992159, 0.75922579053]
    ],
    [
      [0.0085702643168, 0.018097838253, 0, 0.0075511731552, 0.35685499137, 0.40050012518, 0.20842560772],
      [0.065832737826, 0, 0.7649830066, 0.087562347615, 0.033819918442, 0.042493927819, 0.0053080617023],
      [0.012350024497, 0.012634032564, 0, 0.014366345955, 0.5961717956, 0.1699541944, 0.19452360698],
      [0.011480799956, 0.082267712916, 0, 0.03418193101, 0.12808958351, 0.51179667033, 0.23218330228],
      [0.015345359701, 0.48775626179, 0.02516315357, 0.42919720207, 0.016940830802, 0.021293866618, 0.0043033254468],
      [2.8641830008e-05, 1.3330713398e-07, 2.3779443877e-22, 3.1290557532e-09, 0.1635068822, 0.0090489850518, 0.82741535449]
    ],
    [
      [0.0094292040528, 0.023930790644, 0, 0.0051988340537, 0.30799431424, 0.53226976358, 0.12117709343],
      [0.067580148772, 0, 0.71113559397, 0.12584151096, 0.029484912496, 0.063259261607, 0.0026985721988],
      [0.013633400425, 0.021574171209, 0, 0.013957225558, 0.57417785191, 0.25096579151, 0.12569155939],
      [0.0046905230144, 0.092908544423, 0, 0.037937520263, 0.10062687981, 0.63856557362, 0.12527095887],
      [0.0024685783495, 0.46728888983, 0.016241995831, 0.47710092824, 0.0082205253041, 0.027819460449, 0.00085962200481],
      [4.3618377008e-05, 2.3671819601e-07, 3.2174720898e-22, 6.6362460958e-09, 0.22149926181, 0.018761134255, 0.7596957422]
    ],
    [
      [0.015777397843, 0.023617778228, 5.9030708471e-05, 0.0039529467614, 0.35890312355, 0.4289954667, 0.16869425621],
      [0.072414686113, 0, 0.79180760384, 0.075323985031, 0.023926514899, 0.032886526664, 0.0036406834551],
      [0.021396867003, 0.015555770619, 0.00029253695188, 0.014969077209, 0.60520388881, 0.18296219062, 0.15961966878],
      [0.025796491297, 0.095845906639, 0.00047539965572, 0.031341921967, 0.12407963426, 0.53732323322, 0.18513741296],
      [0.024376904063, 0.46953496861, 0.032357855802, 0.44126545115, 0.0098050415786, 0.017540900358, 0.0051188784407],
      [4.6197397594e-05, 1.761976461e-07, 3.8799120023e-22, 4.3694295712e-09, 0.19450465558, 0.011455558682, 0.79399340778]
    ],
    [
      [0.015052705689, 0.0079914605274, 0, 0.0014246671899, 0.40300396364, 0.41460276102, 0.15792444194],
      [0.11475259394, 0, 0.7427448575, 0.04951520713, 0.042682726484, 0.046604938758, 0.0036996761793],
      [0.022501775862, 0.0053934889267, 0, 0.0037592731016, 0.65447703398, 0.17014620432, 0.14372222381],
      [0.032769562568, 0.038458181089, 0, 0.010123585, 0.15671888392, 0.57163042831, 0.19029935911],
      [0.078071594524, 0.37344089793, 0.041342984495, 0.44242447215, 0.034023611346, 0.02811211157, 0.0025843279853],
      [4.3426709259e-05, 6.3813334437e-08, 2.4970408782e-22, 2.2809189575e-09, 0.22714071504, 0.011547441133, 0.76126835102]
    ],
    [
      [0.011539127654, 0.0030527185232, 0.00017484594809, 0.00080864404073, 0.37643460173, 0.47132207222, 0.13666798988],
      [0.10551088901, 0, 0.74389402716, 0.035590855989, 0.048211930828, 0.062905629536, 0.0038866674827],
      [0.018417574244, 0.0026312435533, 0.0003786281936, 0.0018228680906, 0.64417176091, 0.20200457733, 0.13057334768],
      [0.025522025676, 0.014530073701, 0.00068127725253, 0.0055897540831, 0.14519549803, 0.64495663821, 0.16352473304],
      [0.10673016051, 0.247937836, 0.064357979397, 0.46745969188, 0.056654702866, 0.053362804073, 0.0034968252737],
      [3.7010524431e-05, 2.6583163926e-08, 2.3445361392e-22, 1.5168633881e-09, 0.23852576037, 0.01474885919, 0.74668834182]
    ],
    [
      [0.012488811585, 2.6116347216e-06, 0.0005451771202, 0.0018185186446, 0.34669378376, 0.45336303143, 0.18508806582],
      [0.16875106291, 0, 0.61352836654, 0.050785216572, 0.066702969815, 0.092399510569, 0.0078328736006],
      [0.016097113711, 0, 0.0015943656844, 0.005028846777, 0.59970506416, 0.19794481633, 0.17962979334],
      [0.026581781325, 0, 0.0026595464664, 0.010616894732, 0.13167916236, 0.61009869278, 0.21836392234],
      [0.13906783305, 0.17241307265, 0.042828624888, 0.51572473062, 0.060984434242, 0.063431722873, 0.0055495816789],
      [0, 0, 0, 2.8156806515e-05, 0.17813099656, 0.011514306424, 0.81032654021]
    ],
    [
      [0.020968404465, 0.015684577223, 5.2433553327e-05, 0.0021673065479, 0.39023567666, 0.40865064206, 0.16224095949],
      [0.099136479144, 0, 0.78277078502, 0.056524143497, 0.027120688367, 0.031032446518, 0.0034154574541],
      [0.031559963725, 0.010230553704, 0.00026421224874, 0.0071557885768, 0.63526615644, 0.16764455287, 0.14787877244],
      [0.044033207618, 0.067762236553, 0.00043721544472, 0.017925951303, 0.14399282934, 0.53868610611, 0.18716245363],
      [0.069591414096, 0.42209835198, 0.042864478474, 0.42564298755, 0.019102983764, 0.017520687789, 0.0031790963411],
      [5.9079574925e-05, 1.1838276698e-07, 3.9422110697e-22, 3.3916633853e-09, 0.21537562123, 0.011137998057, 0.77342717937]
    ],
    [
      [0.049268841579, 0.024639045664, 0.00019017650573, 0.0034223644799, 0.41330341076, 0.3541068461, 0.15506931491],
      [0.16604899276, 0, 0.73556474417, 0.057286896832, 0.020040077103, 0.017960809131, 0.0030984800012],
      [0.069456443877, 0.014915942892, 0.00086442369472, 0.01046423769, 0.63350494501, 0.13651140909, 0.13428259775],
      [0.099402353766, 0.10483050188, 0.0011831475005, 0.024853097535, 0.1474426424, 0.44871489155, 0.17357336537],
      [0.09687896405, 0.41512261432, 0.039119468641, 0.42050500504, 0.013451584456, 0.0080962765673, 0.0068260869165],
      [2.5940923826e-05, 0, 1.1819865867e-05, 8.4964182452e-05, 0.2344676105, 0.0099276887629, 0.75548197577]
    ],
    [
      [0.024776265937, 0.013283330738, 0.00016677787507, 0.0023812716399, 0.40170961012, 0.39924354658, 0.15843919712],
      [0.11197574874, 0, 0.78505276166, 0.046739333452, 0.025956238859, 0.027582792923, 0.0026931243669],
      [0.037160486194, 0.009405719424, 0.00039540912609, 0.0053770940082, 0.64413460149, 0.16135355648, 0.14217313328],
      [0.053612410246, 0.061011658909, 0.00077828566709, 0.015889799522, 0.15050655734, 0.53301510644, 0.18518618187],
      [0.084483117299, 0.39788504909, 0.049129246211, 0.42700564131, 0.021080396108, 0.017329820327, 0.0030867296571],
      [1.2743480716e-05, 0, 6.9141345636e-06, 4.5157576677e-05, 0.22527981694, 0.011065238769, 0.76359012909]
    ],
    [
      [0.021271507175, 0.011669040328, 0.000129971277, 0.0015350219768, 0.41483211947, 0.4112545605, 0.13930777928],
      [0.093267438145, 0, 0.81070840843, 0.040624433127, 0.026036858698, 0.027544433477, 0.0018184281216],
      [0.031724349198, 0.0086396027775, 0.00053753784795, 0.0040204213909, 0.6645466155, 0.16602317993, 0.12450829335],
      [0.046652087594, 0.052665766362, 0.0011735019552, 0.013300893417, 0.1591305254, 0.56141102107, 0.1656662042],
      [0.081396870067, 0.37484782455, 0.060066128741, 0.43638194052, 0.025520686635, 0.020658332771, 0.0011282167133],
      [2.7796279799e-05, 0, 9.9285266706e-06, 2.7320297162e-05, 0.25375453427, 0.012433733454, 0.73374668717]
    ],
    [
      [0.037705397363, 0.0062892049357, 0.00015401978483, 0.0012996856455, 0.44625914238, 0.37641069378, 0.13188185611],
      [0.15212809686, 0.0012169091281, 0.7607320767, 0.033375453466, 0.027243177888, 0.02371334969, 0.0015909362645],
      [0.051056154857, 0.0057202361397, 0.00078870375313, 0.003640452634, 0.6813634934, 0.1450358423, 0.11239511692],
      [0.081830162481, 0.030953584749, 0.001248352137, 0.011290230782, 0.17861092492, 0.5332604436, 0.16280630134],
      [0.1654851231, 0.24290168226, 0.07755364082, 0.45217759885, 0.036650887641, 0.023875552965, 0.0013555143654],
      [0.00012225906109, 5.0055803588e-08, 5.351409089e-22, 2.8349260781e-09, 0.27910735724, 0.011640021701, 0.70913030911]
    ],
    [
      [0.035474677885, 0.0052418551767, 0.00059413788171, 0.001988023451, 0.30472426241, 0.49175734442, 0.16021969877],
      [0.17087783598, 0, 0.72961966332, 0.039237746907, 0.019091119403, 0.037552910113, 0.0036207242747],
      [0.058249052969, 0.0051409698251, 0.0013152275093, 0.0046007540139, 0.54647533151, 0.22329585509, 0.16092280908],
      [0.065793097559, 0.022496727474, 0.002806553544, 0.012418069516, 0.10578652356, 0.6153679761, 0.17533105225],
      [0.17175029295, 0.21777990986, 0.069836148392, 0.47822570445, 0.022452670989, 0.035933317534, 0.0040219558247],
      [0.00011196426837, 3.9943386301e-08, 4.1421627099e-22, 2.6335035186e-09, 0.17913734405, 0.014242468908, 0.8065081802]
    ],
    [
      [0.012836450284, 0.0047202557061, 1.5477157532e-05, 0.00077095473851, 0.41340743268, 0.43313185182, 0.13511757761],
      [0.11036746637, 0.00029801743444, 0.72693232779, 0.054546961786, 0.049485967652, 0.055033001749, 0.0033362572151],
      [0.019267684158, 0.0043759767191, 6.464071389e-05, 0.0014652591829, 0.67409182024, 0.17788445829, 0.12285016069],
      [0.02890007159, 0.022846875297, 7.3519324748e-05, 0.0072894884854, 0.16397261947, 0.61100540585, 0.16591201999],
      [0.081587301411, 0.24829213768, 0.04634161413, 0.54200854181, 0.043353117935, 0.03659219447, 0.0018250925691],
      [4.1003909745e-05, 3.771098593e-08, 2.4480139867e-22, 2.5244958418e-09, 0.25792200096, 0.013323005109, 0.72871394979]
    ],
    [
      [0.020153594094, 0.0099304875979, 0.00039005053672, 0.0018324363282, 0.47201333682, 0.35930102007, 0.13637907455],
      [0.056256433763, 0.0010118669047, 0.87928682781, 0.031107717863, 0.018000709526, 0.013153060673, 0.001183383462],
      [0.026960242855, 0.0088422209593, 0.001556284183, 0.004543323324, 0.70918882204, 0.13451605313, 0.11439305351],
      [0.045213544578, 0.050049290682, 0.0025340174452, 0.015615997854, 0.19226976546, 0.52116407993, 0.17315330405],
      [0.069079963529, 0.29471292056, 0.099322698129, 0.49730251305, 0.026176926423, 0.012158155389, 0.0012468229201],
      [6.3079382944e-05, 7.5553074044e-08, 8.5293509436e-22, 3.8909956247e-09, 0.28340872796, 0.01067762991, 0.7058504833]
    ],
    [
      [0.016764150805, 0.0046783083072, 0, 0.00060871789515, 0.4537558901, 0.40348226056, 0.12071067233],
      [0.12643374308, 0.00039034401138, 0.74390494331, 0.03464235681, 0.04696088362, 0.045764178934, 0.0019035502357],
      [0.02450964835, 0.0041322751326, 0, 0.0012251489964, 0.70705471693, 0.15853986193, 0.10453834866],
      [0.039794670975, 0.023620212348, 0, 0.0056376214401, 0.18586459859, 0.59165107447, 0.15343182217],
      [0.12260290599, 0.28018984194, 0.061363643559, 0.44361329916, 0.052086888042, 0.039789997275, 0.00035342404314],
      [5.5951771562e-05, 3.9505774356e-08, 3.0226908594e-22, 1.9202864518e-09, 0.2988265592, 0.013116814618, 0.68800063298]
    ],
    [
      [0.019304775955, 0.004702870247, 0, 0.00092303860189, 0.42856843112, 0.38413082205, 0.16237006202],
      [0.12541115033, 0, 0.74960382432, 0.044835842287, 0.039276769549, 0.03727285443, 0.0035995590814],
      [0.028600705324, 0.0034161320561, 0, 0.0018883173583, 0.67196428332, 0.15174662322, 0.14238393873],
      [0.044742560643, 0.022978559409, 0, 0.0083421355128, 0.17229629816, 0.54906659707, 0.2025738492],
      [0.11339777865, 0.2304568503, 0.057030676045, 0.52653802678, 0.040590297414, 0.028955970977, 0.0030303998374],
      [4.4455129998e-05, 0, 0, 0, 0.23205534407, 0.010274882485, 0.75762531832]
    ],
    [
      [0.033777018467, 0.010245292939, 0.00010303717646, 0.0014340362213, 0.40019987559, 0.37253894936, 0.18170179025],
      [0.15492524183, 7.3675089965e-05, 0.74691920753, 0.044838430412, 0.025584819009, 0.024422883688, 0.0032357424423],
      [0.04887064, 0.0088382455241, 0.00056810429177, 0.0034720655548, 0.6306866129, 0.14727095161, 0.16029338012],
      [0.07204682019, 0.047508344022, 0.00093062016135, 0.012202674558, 0.15160664329, 0.50130583021, 0.21439906757],
      [0.12201429782, 0.31406054562, 0.053257738761, 0.46793271132, 0.023769069374, 0.015491598506, 0.0034740385929],
      [8.701639858e-05, 6.6773082728e-08, 3.7947102571e-22, 3.0287235767e-09, 0.20145624208, 0.0092768617707, 0.78917980995]
    ],
    [
      [0.023010615179, 0.007802361182, 8.1109254923e-06, 0.0010917299733, 0.41909500208, 0.40130282892, 0.14768935174],
      [0.12106371793, 0.00031257355619, 0.76768663557, 0.046748265124, 0.030753251974, 0.031037686088, 0.0023978697513],
      [0.034287845993, 0.0069617367287, 2.4806128224e-05, 0.0021913723718, 0.66512691166, 0.16038756849, 0.13101975862],
      [0.051917372834, 0.037376139135, 4.9157231873e-05, 0.0099863578017, 0.16391069254, 0.55759087901, 0.17916940145],
      [0.10002264634, 0.2794040352, 0.053834158605, 0.51360156178, 0.029412095134, 0.022042552953, 0.0016829499818],
      [6.824732067e-05, 5.8652978896e-08, 3.9390337949e-22, 3.3029237134e-09, 0.2456941307, 0.011630932475, 0.74260662755]
    ],
    [
      [0.011759929138, 0.0034210210344, 0.00011993559914, 0.00089085989064, 0.40713782501, 0.45005410747, 0.12661632186],
      [0.090770469823, 0, 0.76800163267, 0.041657668615, 0.044855257715, 0.052282787568, 0.0024321836103],
      [0.017879272584, 0.0025433352961, 0.00037048527668, 0.0021307488152, 0.67300483032, 0.18748360376, 0.11658772395],
      [0.026250757359, 0.016614226071, 0.00054137714277, 0.0071106312555, 0.1614728495, 0.63317638991, 0.15483376876],
      [0.08877214224, 0.22618379326, 0.064682407178, 0.52338723179, 0.050933254893, 0.044757491826, 0.0012836788124],
      [2.0958512941e-05, 0, 5.6875148448e-06, 8.1299381704e-06, 0.26771113698, 0.014606363851, 0.7176477232]
    ],
    [
      [0.0060833917973, 0.00089919131988, 0.001591305752, 0.0014405198859, 0.41270243824, 0.38960328968, 0.18767986333],
      [0.15919929105, 0, 0.53019858018, 0.04410211315, 0.12602178501, 0.12782903725, 0.012649193374],
      [0.0057573440076, 0, 0.0050593438341, 0.0043089177419, 0.65758806349, 0.15851534486, 0.16877098607],
      [0.012673462403, 0.0038143648893, 0.0071418038834, 0.0076864614925, 0.16291958286, 0.56680739801, 0.23895692646],
      [0.11462613424, 0.23762880108, 0.035480807656, 0.41719298756, 0.10524732735, 0.082133943656, 0.0076899984604],
      [0, 0, 5.0434033212e-06, 3.0142736626e-05, 0.20375528805, 0.0094829880464, 0.78672653776]
    ],
    [
      [0.0078250804595, 0.0018810118061, 0.00026094147274, 0.00081491373846, 0.38825717296, 0.3974805205, 0.20348035907],
      [0.13255641589, 0, 0.62649667875, 0.056323747002, 0.083938712857, 0.091675402738, 0.0090090427628],
      [0.010401812344, 4.1949491529e-05, 0.00087506962324, 0.002164559054, 0.63465309683, 0.16669174042, 0.18517177224],
      [0.014672422415, 0.0082090019926, 0.0015850803805, 0.0063157001146, 0.1558580037, 0.56451649878, 0.24884329262],
      [0.090136703003, 0.22589653912, 0.036467637656, 0.51782544806, 0.068025872597, 0.057355860463, 0.0042919390977],
      [0, 0, 0, 0, 0.1805294594, 0.0092795504599, 0.81019099014]
    ],
    [
      [0.016756441388, 0.00067862646192, 0.0001562901501, 0.0011935138503, 0.35091446057, 0.43298602726, 0.19731464032],
      [0.15482507121, 0, 0.68221643529, 0.050190514038, 0.046425137454, 0.060929324816, 0.0054135171859],
      [0.021744279436, 0, 0.00078031938224, 0.0040414006004, 0.59784819268, 0.18823320482, 0.18735260308],
      [0.036783169955, 0, 0.0011554712814, 0.0095731309796, 0.13483280508, 0.5863291868, 0.2313262359],
      [0.14718573266, 0.13824228991, 0.047559347958, 0.57019913175, 0.046602285528, 0.046818407259, 0.0033928049396],
      [4.0516847135e-05, 1.4587690437e-08, 1.5113705419e-22, 1.5870994834e-09, 0.17009027242, 0.010366638741, 0.81950255582]
    ],
    [
      [0.013157012605, 0.0031932291759, 2.3823268647e-05, 0.00068332853706, 0.39312266718, 0.40152904899, 0.18829089025],
      [0.12907922722, 0, 0.70375870191, 0.049723392967, 0.053713249298, 0.058321553131, 0.0054038754833],
      [0.020481372229, 0.0008845721861, 0.00029802540837, 0.0014674852155, 0.63998459016, 0.1657780231, 0.17110593171],
      [0.030306328867, 0.013656924177, 0.00035703038123, 0.0059937022692, 0.15566263777, 0.56399551925, 0.23002785729],
      [0.10393312647, 0.22112642785, 0.046054496836, 0.53341120073, 0.050474770141, 0.04169594284, 0.0033040351389],
      [0, 0, 0, 0, 0.1940291939, 0.0098172398457, 0.79615356626]
    ],
    [
      [0.016283638338, 0.0047329088802, 7.4047412477e-06, 0.00063806165007, 0.3325799761, 0.45255281643, 0.19320519387],
      [0.1138767247, 7.4340858657e-05, 0.76281320194, 0.039558933561, 0.032541295666, 0.047182628916, 0.0039528743541],
      [0.026998790827, 0.0045082113278, 2.6654350512e-05, 0.0013281123463, 0.57968411696, 0.19932778427, 0.18812632992],
      [0.035564552671, 0.021372036958, 5.3200020354e-05, 0.0054409812928, 0.12214389408, 0.59453913858, 0.2208861964],
      [0.10672460165, 0.26330199997, 0.057538547431, 0.49553009035, 0.03520366817, 0.038955111231, 0.0027459811968],
      [5.0678857745e-05, 0, 6.0004102495e-07, 0, 0.16547935107, 0.011126137055, 0.82334323298]
    ],
    [
      [0.018661480448, 0.0032386702193, 0, 0.00081665379293, 0.49301768886, 0.34150634968, 0.14275915699],
      [0.12250640333, 0, 0.75837905437, 0.036578690382, 0.043975778986, 0.034833859969, 0.0037262129602],
      [0.025963619287, 0.00087041126835, 0, 0.0031686186356, 0.72472884455, 0.12734881064, 0.11791969562],
      [0.046639536057, 0.01497088952, 0, 0.0094001064835, 0.21109446463, 0.52573564048, 0.19215936283],
      [0.14051196416, 0.1997735279, 0.071916065385, 0.49382466107, 0.056485876567, 0.033935846854, 0.0035520580632],
      [5.4715911948e-05, 2.5147111062e-08, 3.05541316e-22, 1.8279013016e-09, 0.28423683752, 0.0097399099102, 0.70596850969]
    ],
    [
      [0.01337266506, 0.00136059305, 0, 0.0012894284058, 0.42338723578, 0.38682781004, 0.17376226767],
      [0.10122416004, 0, 0.76577379783, 0.035067354183, 0.04607689026, 0.04702119642, 0.0048366012589],
      [0.017670323833, 0, 0, 0.0049891963341, 0.66850540976, 0.1548867668, 0.15394830327],
      [0.031714610676, 0.005179254691, 0, 0.0099234149211, 0.17133958732, 0.56153930322, 0.22030382918],
      [0.13702912816, 0.16899519644, 0.081031558037, 0.49094901793, 0.065787320664, 0.051156172975, 0.0050516057934],
      [3.4936517527e-05, 1.5056175599e-08, 2.309019132e-22, 1.2096107622e-09, 0.21931506729, 0.0098994354572, 0.77075054447]
    ],
    [
      [0.020737991783, 0.0012088007609, 0.00011756679837, 0.0017801479768, 0.36923077273, 0.42089650765, 0.1860282123],
      [0.1414125216, 0, 0.73308881153, 0.040350552802, 0.036666265731, 0.044397810516, 0.0040840378171],
      [0.030099702217, 0, 0.00031920498344, 0.0044921782437, 0.61472165353, 0.17729308731, 0.17307417371],
      [0.048786166402, 0.0014678792885, 0.00059675690016, 0.011533819592, 0.14251647293, 0.57395084685, 0.22114805803],
      [0.15180213024, 0.16898233488, 0.065448165347, 0.52400755545, 0.044859972217, 0.041339833765, 0.0035600080981],
      [5.3298340329e-05, 1.9051803976e-08, 2.4187090875e-22, 1.6939659045e-09, 0.18566467597, 0.010460608885, 0.80382139606]
    ],
    [
      [0.022494386314, 0.00078420877079, 0, 0.0021242338325, 0.40464655179, 0.4481555038, 0.12179511549],
      [0.10940249616, 0, 0.78712549065, 0.037503726982, 0.030409083697, 0.035559202508, 0],
      [0.030227595005, 0, 0, 0.0067757922089, 0.66594877655, 0.18739002182, 0.10965781442],
      [0.053988976551, 0, 0, 0.01443009495, 0.16076575436, 0.6252367512, 0.14557842294],
      [0.14529393116, 0.13746359281, 0.081071955118, 0.55349938665, 0.04359176195, 0.039079372318, 0],
      [7.6175259462e-05, 2.5920863923e-08, 4.7495958701e-22, 2.7941308362e-09, 0.27384291161, 0.014967557436, 0.71111332698]
    ],
    [
      [0.01859689008, 0.0028596209646, 0.00036777923338, 0.00073348237438, 0.4163404577, 0.36902216053, 0.19207960912],
      [0.24774293552, 0, 0.55952370516, 0.039973137042, 0.074895424485, 0.070651816791, 0.0072129810047],
      [0.025507905889, 0.0019822278071, 0.0017020410063, 0.0023451152211, 0.65327227885, 0.14699099143, 0.16819943979],
      [0.040495799777, 0.013868976689, 0.0024805701137, 0.0058882440458, 0.16788603594, 0.52979112391, 0.23958924953],
      [0.18855297588, 0.24812939624, 0.035797519558, 0.40860432425, 0.066913986565, 0.047850988185, 0.0041508093245],
      [2.199842158e-05, 0, 1.3613815705e-05, 1.1682576781e-05, 0.20058276883, 0.0087972092563, 0.7905727271]
    ],
    [
      [0.013563629529, 8.9294026943e-05, 0.00062687022531, 0.0015059057567, 0.39170938261, 0.40922752778, 0.18327739007],
      [0.21915804867, 0, 0.52063837709, 0.063923582764, 0.088590007917, 0.098721987296, 0.0089679962637],
      [0.013975331568, 0, 0.0027651546147, 0.0054758783975, 0.63947105428, 0.17025607312, 0.16805650802],
      [0.029072444276, 0, 0.0035965320808, 0.01026985092, 0.15467446997, 0.57686794865, 0.2255187541],
      [0.15745485411, 0.14630443906, 0.029681249944, 0.53961231911, 0.0660317028, 0.056169006437, 0.0047464285396],
      [0, 0, 0, 2.5123856038e-05, 0.19855121888, 0.010255145292, 0.79116851198]
    ],
    [
      [0.010088439405, 0.0011094402379, 0.00066588875681, 0.0012251465956, 0.41989230392, 0.4153344295, 0.15168435159],
      [0.14053082727, 0, 0.65018618243, 0.036991202166, 0.079597506938, 0.085541726789, 0.0071525544076],
      [0.012739431048, 0, 0.003195522606, 0.0049881311689, 0.67315306384, 0.16807870646, 0.13784514488],
      [0.025369381575, 0.0019343721547, 0.00439882479, 0.0089245884036, 0.16549722349, 0.60055389954, 0.19332171004],
      [0.13457171297, 0.20544243824, 0.055099851001, 0.44161099317, 0.086132158432, 0.070844711913, 0.0062981342702],
      [0, 0, 0, 0.00013098306185, 0.24202290746, 0.011792904528, 0.74605320495]
    ],
    [
      [0.019709639389, 0.0047587328412, 0, 0.00053609830487, 0.39786998686, 0.40157562273, 0.17554991988],
