{
  "Z_true": {},
  "V_true": [
    [1783, 166, 2603, 161],
    [2879, 530, 12103, 799],
    [444, 10312, 502, 980],
    [221, 902, 586, 1306]
  ],
  "p_true": [
    [0.3783, 0.0352, 0.5523, 0.0342],
    [0.1765, 0.0325, 0.742, 0.049],
    [0.0363, 0.8426, 0.041, 0.0801],
    [0.0733, 0.2992, 0.1944, 0.4332]
  ],
  "Z_est": [
    [
      [92.6411, 21.6303, 74.6833, 34.0529, 4.3245, 88.455, 54.7532, 16.953, 1.6483, 2.6539, 13.7264, 147.4361, 77.1888, 44.3053, 29.2864, 88.5531, 26.6119, 67.4786, 19.0785, 27.796, 12.3786, 10.3376, 35.0729, 7.3203, 6.4191, 51.2195, 72.224, 5.2525, 31.9219, 54.3914, 26.6804, 33.4608, 10.5691, 25.172, 78.8236, 45.0575, 8.9733, 116.8431, 33.2147, 20.9208, 32.7784, 13.0528, 51.8971, 66.9261, 0.6718, 155.1716, 29.2653, 297.6852, 92.6291],
      [3.3702, 1.2268, 2.283, 1.1572, 0.1172, 2.2506, 2.3245, 0.7026, 0.3039, 0.0152, 0.8742, 1.8987, 1.4369, 1.5934, 0.5114, 1.9744, 0.8054, 2.9815, 0.3031, 1.6926, 0.0703, 0.4769, 0.6232, 0.1858, 0.0797, 2.4208, 3.0543, 0.4009, 1.2002, 2.1186, 1.1687, 0.861, 0.3836, 1.0232, 3.3759, 0.7892, 0.887, 0.2666, 0.6908, 0.6659, 0.0344, 0.3003, 1.8539, 2.4349, 0.0794, 8.2128, 1.1619, 4.8551, 4.5283],
      [74.4951, 24.0594, 61.6758, 28.568, 3.44, 88.0162, 48.6355, 15.7166, 1.9282, 4.6978, 11.4157, 115.5419, 75.4448, 52.9774, 33.0023, 103.7385, 20.2155, 67.2036, 17.5883, 30.0696, 4.2097, 10.3106, 20.6846, 5.3222, 2.31, 67.8052, 80.6959, 11.3352, 26.3048, 54.6384, 23.1442, 25.3666, 9.377, 21.6442, 63.8801, 38.5269, 3.4341, 110.067, 32.1027, 16.927, 27.9574, 13.8274, 59.4012, 68.1476, 3.9282, 172.4445, 29.7996, 194.9902, 78.0181],
      [5.4936, 1.0834, 3.358, 2.2219, 0.1183, 4.2783, 3.2868, 1.6278, 0.1196, 0.6331, 0.9837, 6.1232, 3.9294, 2.1239, 1.1998, 6.734, 1.3671, 4.3362, 1.0301, 1.4418, 0.3414, 0.8749, 0.6193, 0.1717, 0.1912, 3.5545, 5.0257, 1.0113, 1.5731, 2.8516, 1.0067, 1.3116, 0.6703, 1.1606, 3.9204, 2.6264, 0.7057, 7.8234, 1.9917, 0.4864, 2.2298, 0.8195, 2.8479, 3.4914, 0.3207, 7.1711, 1.7732, 15.4694, 2.8245]
    ],
    [
      [115.7244, 37.247, 93.1396, 44.937, 7.8072, 107.8578, 63.0048, 8.6775, 0.3491, 0.3461, 8.9533, 156.7296, 102.5121, 60.5864, 30.2765, 80.9407, 40.9317, 81.0727, 27.5881, 31.0201, 22.846, 7.3579, 55.2683, 13.3658, 13.2538, 84.9036, 91.9397, 8.6574, 46.6642, 76.4996, 25.0579, 47.5461, 19.3599, 30.704, 66.1613, 29.7988, 4.0267, 83.7932, 19.0385, 20.3277, 32.0869, 28.0756, 52.9961, 73.23, 0, 145.3325, 34.1156, 429.2468, 91.827],
      [31.9221, 20.331, 19.8341, 11.3388, 1.4509, 15.9756, 20.9796, 2.5974, 0.1575, 0.0614, 4.101, 11.5837, 8.2625, 14.2942, 2.3531, 10.0797, 8.9439, 28.2872, 1.1625, 16.3958, 0.7109, 2.5814, 5.8798, 2.3087, 1.0591, 31.5606, 29.6814, 5.5827, 13.8303, 22.6381, 8.1012, 8.0567, 5.4943, 9.7039, 20.1144, 4.1475, 2.5712, 2.8848, 3.1721, 4.4195, 0, 1.2645, 13.0758, 19.1162, 0, 60.182, 10.2152, 38.0038, 33.6236],
      [451.4409, 203.8427, 365.8031, 183.954, 30.5665, 512.874, 274.3836, 41.5687, 2.3199, 3.2237, 38.7508, 566.8701, 476.9629, 353.8971, 163.5223, 463.9273, 149.2756, 396.1656, 121.3437, 166.905, 34.9662, 37.936, 147.2713, 46.7392, 23.2928, 558.994, 506.6894, 98.2854, 186.6332, 373.8919, 106.1615, 169.9632, 84.3743, 128.284, 259.7753, 121.7559, 9.3633, 373.1922, 88.9426, 76.8707, 131.5077, 144.6102, 296.561, 362.7398, 94.4578, 794.9194, 170.8382, 1311.7491, 372.7143],
      [42.9126, 10.5793, 24.2232, 18.7702, 1.1753, 30.2925, 23.6321, 5.1564, 0.1735, 0.3687, 4.1948, 36.8166, 30.2626, 16.2222, 6.8481, 38.0523, 12.8488, 32.4745, 8.9057, 9.679, 3.4769, 4.1246, 4.5805, 1.5863, 2.3943, 36.5418, 40.6895, 13.4745, 13.8724, 23.9705, 5.6794, 10.434, 7.7715, 8.3081, 19.949, 10.2977, 2.0388, 33.1298, 6.8468, 2.3821, 13.4054, 11.0497, 17.3671, 22.9139, 15.5422, 39.5661, 12.8309, 133.0004, 15.8351]
    ],
    [
      [6.9305, 1.2783, 4.444, 2.4235, 0.7922, 8.3566, 3.4039, 0.2093, 0, 0, 0.1688, 8.0423, 2.3471, 2.3196, 1.0732, 4.0777, 1.8361, 5.2078, 2.8217, 0.6236, 1.3837, 0.2073, 2.894, 2.0207, 4.8398, 3.3351, 5.1647, 0, 3.7976, 5.1856, 2.8052, 3.0792, 1.7445, 1.456, 2.7773, 2.1479, 0, 3.8473, 1.3963, 0.9685, 3.6745, 1.3674, 3.3108, 4.1488, 3.2733, 7.973, 1.9987, 38.2376, 4.3001],
      [488.3238, 379.7402, 230.0466, 169.8826, 35.9232, 434.1252, 312.2984, 40.9812, 8.3597, 9.7218, 26.5716, 302.7183, 118.2466, 169.0168, 59.5241, 278.3933, 98.0297, 631.7064, 113.5687, 301.0801, 26.1287, 35.8235, 85.8455, 71.7759, 87.2889, 355.9815, 545.1319, 103.3304, 280.1061, 397.2642, 298.8185, 130.6, 158.3151, 98.7262, 181.5692, 104.0154, 17.0022, 177.2952, 80.581, 43.2354, 106.6404, 74.083, 251.9499, 293.6193, 52.2881, 929.5243, 171.9044, 1270.4947, 293.658],
      [25.9217, 11.354, 15.4003, 9.8829, 2.6048, 37.0962, 16.1232, 2.1571, 0.3487, 0.9732, 1.0785, 24.3576, 10.3175, 13.7279, 5.5446, 25.0268, 5.9578, 32.7427, 11.1903, 9.5874, 1.3549, 1.9622, 5.6626, 5.2733, 5.7296, 25.5075, 35.5078, 5.1022, 14.3082, 26.1359, 12.4507, 9.0493, 8.317, 5.6919, 10.0173, 7.8427, 0, 15.94, 6.3927, 2.9518, 10.5083, 6.887, 20.0977, 20.984, 6.349, 54.4027, 11.1796, 90.7859, 15.2726],
      [22.8239, 6.6275, 8.1091, 8.811, 0.6799, 15.422, 13.1745, 2.6525, 0.2916, 1.305, 1.1811, 11.8818, 5.0888, 4.9357, 1.8581, 14.5021, 4.1764, 26.3431, 5.4193, 6.7089, 1.1327, 2.007, 1.598, 0.9302, 4.1417, 13.1759, 24.1955, 8.5673, 9.788, 13.4144, 5.9256, 4.2715, 7.6233, 3.1259, 6.6363, 4.9941, 0.9978, 9.9175, 3.63, 0.8443, 7.1769, 3.6627, 8.6416, 10.2479, 7.0896, 22.0999, 6.9172, 69.4819, 5.7693]
    ],
    [
      [1.704, 0.8444, 1.7331, 0.5866, 0.076, 1.3306, 0.8381, 0.1602, 0.0026, 0, 0.1515, 1.792, 0.952, 0.7888, 0.3638, 0.4285, 0.6202, 1.2409, 0.5117, 0.5603, 0.3917, 0.0972, 0.7648, 0.2933, 0.4873, 1.5417, 1.6715, 0.0901, 0.6163, 0.9234, 0.4565, 0.914, 0.3265, 0.6681, 1.2378, 0.9958, 0, 1.5164, 0.3505, 0.783, 0.4603, 0.5043, 0.7959, 0.6951, 0.0549, 2.5228, 0.6203, 4.8304, 1.2438],
      [13.3838, 10.702, 11.8363, 4.6213, 0.5087, 9.6486, 7.3975, 2.7189, 0.1789, 0.2015, 2.4531, 9.7993, 6.054, 7.0955, 2.6114, 3.5525, 4.221, 12.0248, 2.9657, 6.8314, 1.0901, 1.1182, 3.6515, 1.7296, 1.5723, 18.0371, 17.1324, 2.686, 4.8634, 7.9792, 3.9116, 5.4823, 2.8069, 5.5466, 9.9406, 6.0479, 1.5396, 8.5535, 2.556, 4.6792, 2.3252, 3.3523, 7.1205, 5.8296, 1.6325, 26.0809, 5.7184, 24.6464, 10.1901],
      [32.1423, 23.7439, 31.1208, 11.5952, 1.3887, 29.0137, 17.8577, 6.5576, 0.4032, 1.1053, 4.755, 29.2304, 20.2748, 21.3975, 8.9308, 11.3074, 10.5511, 29.888, 9.8777, 15.438, 2.4692, 2.7911, 9.3814, 4.6654, 3.6677, 50.6933, 46.1069, 7.2771, 11.7539, 21.3338, 9.2436, 14.6208, 6.9317, 13.3799, 23.3273, 17.8745, 1.2026, 29.8008, 7.5619, 12.2506, 8.0266, 11.6754, 20.9401, 16.1286, 12.265, 67.2334, 15.1826, 66.4748, 23.995],
      [82.7699, 40.7097, 63.3098, 31.1969, 2.0265, 52.0072, 42.9067, 19.5633, 1.4154, 3.6931, 13.6404, 58.1783, 38.7192, 32.7182, 13.094, 25.7116, 25.6077, 68.8462, 20.6449, 28.1703, 8.049, 7.9935, 13.2023, 6.3118, 11.2728, 95.7278, 101.0893, 22.9468, 25.7665, 40.7636, 15.3883, 28.983, 17.9349, 27.4054, 52.4943, 41.0818, 8.2578, 69.1293, 16.5315, 19.2872, 21.1879, 24.468, 37.1435, 30.3467, 36.0475, 108.1629, 32.4787, 182.0483, 36.5711]
    ]
  ],
  "V_est": [
    [2359.5873, 72.0267, 2155.0307, 126.3554],
    [2753.1826, 590.0919, 12081.0777, 886.6478],
    [173.6911, 10931.2553, 703.0574, 429.9962],
    [40.539, 316.6261, 854.8342, 1803.0006]
  ],
  "p_est": [
    [0.5007, 0.0153, 0.4573, 0.0268],
    [0.1688, 0.0362, 0.7407, 0.0544],
    [0.0142, 0.8932, 0.0574, 0.0351],
    [0.0134, 0.105, 0.2835, 0.598]
  ],
  "EI_Z": {},
  "EI_V": 6.369,
  "MAE_Z": {},
  "MAE_V": 288.8093,
  "MAE_p": 0.0566,
  "runtime": 0.001
}
