{
  "X": [
    [5, 23, 94, 5],
    [83, 379, 660, 27],
    [42, 227, 660, 21],
    [38, 110, 140, 12],
    [24, 96, 522, 18],
    [81, 280, 385, 27],
    [93, 354, 515, 32],
    [123, 415, 515, 32],
    [115, 485, 629, 40],
    [101, 374, 561, 36],
    [158, 550, 587, 46],
    [43, 286, 224, 17],
    [87, 216, 231, 17],
    [137, 711, 526, 33],
    [55, 234, 927, 26],
    [13, 118, 322, 14],
    [69, 404, 817, 35],
    [76, 621, 1491, 48],
    [42, 291, 688, 24],
    [33, 224, 451, 20],
    [94, 719, 1233, 47],
    [90, 581, 916, 50],
    [74, 594, 1010, 39],
    [40, 284, 430, 24],
    [107, 492, 740, 42],
    [42, 106, 249, 17],
    [28, 100, 143, 3],
    [76, 340, 742, 33],
    [7, 11, 26, 2],
    [31, 313, 432, 41],
    [208, 1160, 2120, 78],
    [53, 127, 232, 13],
    [268, 641, 1009, 63],
    [69, 134, 244, 15]
  ],
  "W": [
    [4, 29, 77, 5, 12],
    [105, 410, 516, 40, 78],
    [51, 323, 487, 28, 61],
    [63, 112, 104, 5, 16],
    [35, 111, 436, 13, 65],
    [119, 289, 292, 25, 48],
    [140, 360, 394, 36, 64],
    [167, 399, 414, 32, 73],
    [131, 502, 496, 35, 105],
    [139, 386, 430, 40, 77],
    [222, 564, 412, 33, 110],
    [49, 323, 136, 14, 48],
    [122, 203, 162, 19, 45],
    [155, 750, 348, 52, 102],
    [68, 330, 708, 25, 111],
    [24, 159, 223, 16, 45],
    [70, 532, 583, 44, 96],
    [100, 740, 1155, 89, 152],
    [49, 385, 508, 28, 75],
    [49, 276, 308, 23, 72],
    [103, 858, 893, 83, 156],
    [93, 666, 674, 67, 137],
    [76, 756, 713, 54, 118],
    [37, 367, 277, 36, 61],
    [147, 555, 520, 43, 116],
    [50, 109, 219, 14, 22],
    [55, 82, 108, 6, 23],
    [96, 413, 554, 26, 102],
    [3, 14, 24, 1, 4],
    [27, 355, 343, 43, 49],
    [398, 1192, 1658, 79, 239],
    [59, 140, 179, 9, 38],
    [269, 762, 745, 36, 169],
    [105, 133, 198, 0, 26]
  ],
  "method": "mvn_pdf",
  "cond_prob": [
    [
      [0.60421858584, 0.33437311223, 0.018168532429, 0.0432397695],
      [0.042415807675, 0.58562601118, 0.32132586084, 0.050632320301],
      [0.0025041723645, 0.016829816868, 0.95775207635, 0.022913934417],
      [0.0015352506698, 0.37483692968, 0.4718254885, 0.15180233115],
      [0.072012512648, 0.14378484933, 0.73160106205, 0.052601575974]
    ],
    [
      [0.54218371371, 0.42010414204, 0.014558997414, 0.023153146839],
      [0.041993654427, 0.69161419569, 0.24087082755, 0.025521322334],
      [0.0034270211169, 0.027720212777, 0.95314805759, 0.015704708517],
      [0.0017619200913, 0.51157911014, 0.40166103035, 0.084997939425],
      [0.08768526743, 0.21366523295, 0.66611476217, 0.032534737443]
    ],
    [
      [0.5290691328, 0.41075558546, 0.027956131301, 0.032219150447],
      [0.033531197434, 0.55630008509, 0.38093984869, 0.029228868783],
      [0.0017645259086, 0.014375684316, 0.97226378537, 0.011596004402],
      [0.0012277174578, 0.35906970598, 0.55468203433, 0.085020542232],
      [0.052499700504, 0.1288672381, 0.79068433811, 0.027948723287]
    ],
    [
      [0.51165816497, 0.42870065224, 0.01581180041, 0.043829382374],
      [0.037101316856, 0.66834113035, 0.24882581914, 0.045731733654],
      [0.0028609503463, 0.025280178235, 0.94517495064, 0.026683920782],
      [0.001459637236, 0.46341027475, 0.39069022038, 0.14443986763],
      [0.074780430768, 0.19885951444, 0.66989790916, 0.056462145626]
    ],
    [
      [0.49462445649, 0.42989615298, 0.028264571326, 0.047214819205],
      [0.0298525502, 0.55885436987, 0.37015651512, 0.041136564812],
      [0.001602000928, 0.014697705719, 0.96702339834, 0.016676895015],
      [0.0010699956155, 0.35288323635, 0.52845226874, 0.11759449929],
      [0.047428265891, 0.13110531361, 0.78147989099, 0.039986529511]
    ],
    [
      [0.53469594079, 0.41754014769, 0.013968866847, 0.033795044674],
      [0.041496803091, 0.68926217812, 0.23189105538, 0.037349963407],
      [0.0034765912036, 0.028357763064, 0.94455897185, 0.023606673886],
      [0.0017017486939, 0.49827927706, 0.37817413785, 0.1218448364],
      [0.087577455349, 0.21517751794, 0.64908878877, 0.04815623794]
    ],
    [
      [0.51692462605, 0.43669216801, 0.014647263521, 0.03173594242],
      [0.038685017562, 0.69366760283, 0.23389433733, 0.033753042287],
      [0.0032277340659, 0.028424483126, 0.94711225478, 0.021235528032],
      [0.0015956772406, 0.50434952822, 0.38345496695, 0.11059982759],
      [0.081969461276, 0.21750522692, 0.65684278166, 0.043682530146]
    ],
    [
      [0.56084180449, 0.40473210925, 0.010270648138, 0.024155438122],
      [0.048021944427, 0.73516341983, 0.18744128395, 0.029373351785],
      [0.004937005929, 0.037122504377, 0.9351664344, 0.022774055297],
      [0.0021071433211, 0.56867774553, 0.32685989659, 0.10235521456],
      [0.11351429137, 0.25713965076, 0.58694628931, 0.042399768563]
    ],
    [
      [0.57427511686, 0.39061181161, 0.0099871608843, 0.025125910648],
      [0.050592137933, 0.73038699805, 0.18756814501, 0.031452719011],
      [0.0051957622096, 0.036844070849, 0.93361033422, 0.024349832723],
      [0.002211459135, 0.56287267771, 0.3257617809, 0.10915408226],
      [0.11872485381, 0.25360368821, 0.58261793898, 0.045053518999]
    ],
    [
      [0.5437266792, 0.41133159833, 0.013538027827, 0.031403694648],
      [0.043116901827, 0.69243626291, 0.22905104121, 0.035395794058],
      [0.0036660545063, 0.028916719449, 0.94472637924, 0.022690846802],
      [0.0017843267703, 0.50514244717, 0.37671852961, 0.11635469645],
      [0.091612597312, 0.21771227932, 0.64474893217, 0.045926191195]
    ],
    [
      [0.54315814704, 0.41381932918, 0.012201657267, 0.030820866511],
      [0.044040396393, 0.7101604513, 0.21038620725, 0.03541294505],
      [0.0040583833467, 0.032147774157, 0.93920660966, 0.024587232837],
      [0.0018559906578, 0.52753035518, 0.35217268386, 0.1184409703],
      [0.098002321819, 0.2339687114, 0.61991546544, 0.048113501346]
    ],
    [
      [0.51099705491, 0.45138667045, 0.011923585493, 0.025692689149],
      [0.039016251175, 0.73722489714, 0.19567906556, 0.028079786127],
      [0.0038514547565, 0.03572352848, 0.93951921734, 0.02090579942],
      [0.0016921443698, 0.563816553, 0.33756784604, 0.096923456591],
      [0.09194294383, 0.25665868853, 0.61101647171, 0.040381895926]
    ],
    [
      [0.58335376268, 0.38062777078, 0.011296079712, 0.024722386827],
      [0.050867652168, 0.70724406074, 0.21114322089, 0.030745066207],
      [0.0046532310525, 0.031765358376, 0.94234334847, 0.021238062101],
      [0.0021764067254, 0.53349588509, 0.35957051226, 0.10475719592],
      [0.11188909388, 0.22998405623, 0.61680021382, 0.041326636072]
    ],
    [
      [0.5589246361, 0.41345014203, 0.0095195628683, 0.018105659007],
      [0.048179552238, 0.75507961447, 0.17460365393, 0.022137179364],
      [0.005329662586, 0.041035858565, 0.93518456665, 0.018449912197],
      [0.0021849577923, 0.60370010673, 0.31449872365, 0.079616211819],
      [0.1191124704, 0.27631526445, 0.57117430691, 0.033397958245]
    ],
    [
      [0.54018141324, 0.3961557526, 0.029680372665, 0.033982461498],
      [0.034139986123, 0.53332413978, 0.40188893462, 0.030646939477],
      [0.0017072548219, 0.013096282665, 0.97364542868, 0.011551033835],
      [0.0012261554159, 0.33761520035, 0.57376749298, 0.087391151259],
      [0.051391606429, 0.11880969179, 0.80162344981, 0.028175251964]
    ],
    [
      [0.40617315323, 0.51014347161, 0.034244317742, 0.049439057424],
      [0.020788400239, 0.56220675377, 0.38050380047, 0.036501045514],
      [0.0010888463088, 0.014428363903, 0.97006853762, 0.014414252166],
      [0.000743033162, 0.35386434057, 0.54139089281, 0.10400173346],
      [0.032870066817, 0.13138400447, 0.80044022119, 0.035305707523]
    ],
    [
      [0.55209302189, 0.39862916106, 0.019738168405, 0.029539648647],
      [0.040384341417, 0.6202104023, 0.30862863072, 0.030776625572],
      [0.0026018057905, 0.019628009867, 0.96283031605, 0.014939868292],
      [0.001572551149, 0.42577666451, 0.4775392276, 0.095111556745],
      [0.072176716475, 0.16404802436, 0.73020318385, 0.03357207532]
    ],
    [
      [0.46162674263, 0.48688190094, 0.022374903388, 0.029116453038],
      [0.02895161583, 0.64660874596, 0.298543651, 0.025895987212],
      [0.0019331624912, 0.021207179008, 0.96383709357, 0.013022564934],
      [0.0011428968555, 0.44988596119, 0.46795112066, 0.081020021298],
      [0.054055963741, 0.178780806, 0.73764867358, 0.029514556683]
    ],
    [
      [0.50134952256, 0.44415673651, 0.023624071703, 0.030869669228],
      [0.032386139452, 0.61189767093, 0.32723608282, 0.028480106803],
      [0.0019736975918, 0.01830976538, 0.96663455863, 0.0130819784],
      [0.0012414212367, 0.41345953098, 0.49861285138, 0.086686196405],
      [0.056437888331, 0.15775727586, 0.75550244758, 0.030302388231]
    ],
    [
      [0.4558174292, 0.4835442639, 0.024521696067, 0.03611661084],
      [0.027525512355, 0.62329964299, 0.31800082399, 0.031174020674],
      [0.0017197863783, 0.019109665225, 0.96448822851, 0.014682319885],
      [0.0010532195773, 0.42029365759, 0.48383300887, 0.094820113966],
      [0.049106345948, 0.16445357316, 0.75246835076, 0.033971730133]
    ],
    [
      [0.49857863091, 0.45810540243, 0.018048879931, 0.025267086727],
      [0.034629716519, 0.67380901365, 0.26667481674, 0.024886453092],
      [0.0025751807482, 0.024614545643, 0.95887304126, 0.013937232347],
      [0.001415019836, 0.48531308153, 0.43267477893, 0.080597119703],
      [0.068926378762, 0.19858625204, 0.70225700644, 0.030230362765]
    ],
    [
      [0.52811231248, 0.42784613379, 0.014700463605, 0.029341090126],
      [0.040154168772, 0.6900144933, 0.23814676776, 0.031684570171],
      [0.0033071102633, 0.027915199378, 0.94911969778, 0.019657992581],
      [0.0016609029681, 0.5031379738, 0.39124198448, 0.10395913875],
      [0.084229117788, 0.21423713521, 0.66097284925, 0.040560897757]
    ],
    [
      [0.50431648742, 0.44984025491, 0.019323715958, 0.026519541711],
      [0.034686132962, 0.65620668207, 0.28320241259, 0.025904772377],
      [0.0024338172514, 0.022617780386, 0.96125823087, 0.013690171489],
      [0.0013928292624, 0.46448775447, 0.45164400686, 0.082475409409],
      [0.066396737633, 0.1859655383, 0.71737468911, 0.030263034951]
    ],
    [
      [0.5394604681, 0.41152994356, 0.018174333514, 0.030835254828],
      [0.039373857472, 0.64294473585, 0.28542801203, 0.032253394648],
      [0.0027251443205, 0.021852526074, 0.95859492484, 0.016827404767],
      [0.0015567499358, 0.44826637164, 0.44879511711, 0.10138176131],
      [0.073989597429, 0.17862481412, 0.71040112148, 0.036984466967]
    ],
    [
      [0.51626743291, 0.43524246721, 0.016796724132, 0.031693375747],
      [0.037505109225, 0.66999563642, 0.25983112545, 0.032668128902],
      [0.0028425236851, 0.024942446733, 0.95356184802, 0.018653181565],
      [0.0015147334419, 0.47695778913, 0.41684222533, 0.1046852521],
      [0.074910055709, 0.19811298448, 0.68714200815, 0.039834951655]
    ],
    [
      [0.63562468036, 0.3175523933, 0.010628008352, 0.036194917994],
      [0.061296788612, 0.66420540997, 0.22381310935, 0.050684692069],
      [0.0052092025279, 0.02770754203, 0.9344169474, 0.032666308042],
      [0.0024729944071, 0.47286824146, 0.36055872815, 0.16410003599],
      [0.12565163188, 0.20067919924, 0.61011831101, 0.063550857868]
    ],
    [
      [0.43697129168, 0.52964269334, 0.017288256922, 0.016097758055],
      [0.027648624023, 0.72030263019, 0.23740151029, 0.014647235493],
      [0.0022619339995, 0.028850933758, 0.95978587256, 0.0091012596868],
      [0.0011831360424, 0.54309641477, 0.40579451555, 0.049925933633],
      [0.059994593391, 0.23052175119, 0.68999459863, 0.01948905679]
    ],
    [
      [0.53495638721, 0.413085738, 0.019431519943, 0.032526354843],
      [0.038407706134, 0.63030755778, 0.29804943979, 0.033235296301],
      [0.0025534208484, 0.020579318889, 0.96021412284, 0.016653137426],
      [0.0014983862014, 0.43345452162, 0.46209555768, 0.1029515345],
      [0.070246249354, 0.17059830872, 0.72204023232, 0.037115209609]
    ],
    [
      [0.96065224096, 0.035382210053, 0.00086463474638, 0.0031009142359],
      [0.33063206659, 0.51814734615, 0.12164373523, 0.02957685202],
      [0.041510968673, 0.032765664781, 0.89449319323, 0.03123017332],
      [0.018217672853, 0.5342731211, 0.2942659648, 0.15324324124],
      [0.57808348402, 0.11988625604, 0.27197110975, 0.030059150195]
    ],
    [
      [0.47832704907, 0.45486155948, 0.012632252521, 0.054179138929],
      [0.034876541819, 0.71033343247, 0.19815239131, 0.056637634405],
      [0.0033440639567, 0.033434570324, 0.92227874413, 0.040942621593],
      [0.0013978527132, 0.50203089715, 0.3157854488, 0.18078580133],
      [0.079875097363, 0.24033389294, 0.60064613638, 0.079144873316]
    ],
    [
      [0.42046352929, 0.53014761346, 0.020393655499, 0.028995201747],
      [0.025741490172, 0.68462828381, 0.26455401089, 0.02507621513],
      [0.0019306344205, 0.025227369775, 0.95868163108, 0.014160364721],
      [0.0010473588437, 0.49091538407, 0.42722421683, 0.080813040251],
      [0.052265017709, 0.20595460299, 0.71069888977, 0.031081489537]
    ],
    [
      [0.65806783047, 0.30696825827, 0.01112417095, 0.023839740307],
      [0.065520330966, 0.65960897691, 0.24058519899, 0.034285493131],
      [0.0052710074946, 0.026048183612, 0.94780601538, 0.020874793509],
      [0.0027253570272, 0.48407569295, 0.39917754439, 0.11402140563],
      [0.13014621184, 0.19328323323, 0.63495594491, 0.041614610023]
    ],
    [
      [0.6945040657, 0.27269506535, 0.0098768019, 0.022924067046],
      [0.078115616548, 0.64915667244, 0.2361857661, 0.036541944912],
      [0.0064555310906, 0.026361689297, 0.9444341599, 0.022748619708],
      [0.0032820053755, 0.48082593452, 0.39411488345, 0.12177717665],
      [0.15345549685, 0.18883301016, 0.61389848807, 0.043813004918]
    ],
    [
      [0.57141274644, 0.37683391295, 0.015759726824, 0.035993613784],
      [0.045593754533, 0.642343749, 0.27097262438, 0.041089872083],
      [0.0032675712218, 0.022594482208, 0.95186503656, 0.022272910006],
      [0.0017911537972, 0.44477185406, 0.42441924795, 0.12901774419],
      [0.086547664188, 0.18020593113, 0.68549691478, 0.047749489906]
    ]
  ],
  "expected_outcome": [
    [
      [2.4168743434, 56.9292899396, 26.9825257726, 32.2344643933, 17.3118559773, 63.6288169542, 72.3694476475, 93.6605813503, 75.2300403088, 75.5780084083, 120.5811086437, 25.0388556904, 71.1691590468, 86.6333185951, 36.7323361005, 9.7481556774, 38.646511532, 46.1626742631, 24.5661266054, 22.3350540307, 51.3535989836, 49.114445061, 38.3280530438, 19.9600373198, 75.8913126379, 31.7812340179, 24.0334210425, 51.3558131722, 2.8819567229, 12.914830325, 167.3444846581, 38.8260019977, 186.8215936744, 59.9983383766],
      [1.3374924489, 44.1109349139, 20.9485348583, 27.0081410914, 15.0463653541, 49.6872775747, 61.1369035209, 67.5902622442, 51.1701473205, 57.1750921677, 91.8678910776, 22.1179468521, 46.4365880355, 64.0847720142, 26.9385911765, 12.2434433186, 27.9040412744, 48.6881900943, 21.763680089, 23.6936689309, 47.1848564507, 39.7896904421, 34.1878593733, 15.2266079115, 63.9806426798, 15.8776196648, 29.1303481337, 39.6562308483, 0.10614663016, 12.2812621059, 210.9987501582, 18.1111272381, 73.3549725791, 39.5675608595],
      [0.072674129715, 1.5286947284, 1.4257626964, 0.99614342582, 0.9892599964, 1.6622951548, 2.0506168929, 1.715198239, 1.3083180758, 1.881785868, 2.7087679133, 0.58425568916, 1.3781217248, 1.4755322446, 2.0182653412, 0.82186362581, 1.3816717883, 2.2374903388, 1.1575795135, 1.2015631073, 1.8590346329, 1.3671431152, 1.4686024128, 0.67245034003, 2.4691184474, 0.53140041762, 0.95085413073, 1.8654259145, 0.0025939042391, 0.34107081806, 8.1166748885, 0.65632608606, 2.6568597111, 1.6547713165],
      [0.172959078, 2.4310804181, 1.6431766728, 2.7612510896, 1.6525186722, 4.0216103163, 4.4430319388, 4.0339581664, 3.2914942948, 4.365113556, 6.8422323654, 1.2589417683, 3.0161311929, 2.8063771461, 2.3108073818, 1.1865373782, 2.0677754053, 2.9116453038, 1.5126137922, 1.7697139311, 2.6025099329, 2.7287213817, 2.0154851701, 1.1409044286, 4.6589262348, 1.8097458997, 0.88537669303, 3.122530065, 0.0093027427078, 1.4628367511, 11.5400902953, 1.4065446781, 6.1665740354, 3.7793294473]
    ],
    [
      [1.2300584226, 17.2173983152, 10.8305767713, 4.1553474878, 3.3136330722, 11.9925760934, 13.9266063223, 19.1607558264, 25.3972532426, 16.6431241052, 24.8387835654, 12.6022491295, 10.3261333902, 36.1346641783, 11.2661954205, 3.305355638, 21.4844696337, 21.4241957142, 12.4686636889, 7.59704141, 29.7122967735, 26.7426764022, 26.2227165195, 14.4502056921, 20.8153356201, 6.6813499587, 2.2671871699, 15.8623826334, 4.6288489323, 12.3811723456, 30.6838562854, 9.1728463353, 59.5240998099, 6.0639693528],
      [16.9831543243, 283.5618202309, 179.6849274838, 74.8542065987, 62.0328350556, 199.1967694773, 249.720337017, 293.3302045141, 366.6542730211, 267.2803974825, 400.5304945351, 238.1236417762, 143.5705443298, 566.3097108516, 175.9969661283, 89.3908738498, 329.951934021, 478.4904720087, 235.580603308, 172.0307014639, 578.1281337076, 459.5496525367, 496.0922516437, 235.9607180584, 371.8475782147, 72.3983896864, 59.0648156758, 260.3170213612, 7.2540628461, 252.1683685272, 816.0769143003, 92.3452567679, 494.6573843999, 85.4317186173],
      [9.3184499644, 98.7570392969, 123.043571128, 27.8684917441, 41.087373178, 67.0165150048, 84.2019614375, 74.7890722971, 94.159208793, 88.4137019061, 118.6578208912, 63.2043381753, 42.8620738401, 130.9527404474, 132.6233484238, 60.5001042755, 164.1904315411, 220.9223017403, 125.9858918838, 87.7682274201, 228.8069927655, 158.6057473274, 214.1010239196, 104.7520804138, 144.2062746249, 24.3956289194, 19.4669238438, 123.0944186331, 1.7030122933, 70.3440989135, 315.3483809796, 33.6819278585, 179.9735537673, 36.0393590428],
      [1.4683372887, 10.463742157, 9.440924617, 5.1219541693, 4.5661586941, 10.7941394246, 12.1510952232, 11.7199673624, 15.7892649433, 13.6627765062, 19.9729010082, 9.069770919, 6.2412484399, 16.6028845226, 10.1134900274, 5.8036662367, 16.3731648042, 19.1630305368, 10.9648411193, 8.6040297059, 21.3525767534, 21.1019237337, 19.5840079172, 11.8369958357, 18.1308115404, 5.5246314355, 1.2010733104, 13.7261773723, 0.41407592828, 20.1063602137, 29.8908484347, 4.7999690384, 27.8449620229, 5.464952987]
    ],
    [
      [0.19282127206, 1.7683428963, 0.8593241175, 0.29753883601, 0.6984724046, 1.0151646314, 1.271727222, 2.0439204546, 2.577098056, 1.5764034377, 1.6720539389, 0.52379784688, 0.7538234305, 1.8547225799, 1.2087364139, 0.24281272686, 1.5168527759, 2.2328026773, 1.0026383766, 0.52969420453, 2.2996364081, 2.2289923174, 1.7353117002, 0.75486497678, 1.4781123163, 1.1408153536, 0.24428887195, 1.41459515, 0.99626324816, 1.1470139372, 3.2009918692, 0.94351034154, 4.8093706625, 0.64697910191],
      [1.2958958989, 14.3036297929, 7.0009582619, 2.6291385364, 6.4081996935, 8.2804668146, 11.1992463515, 15.3687168119, 18.2746591413, 12.4341893632, 13.2448829527, 4.8583998733, 5.1459880569, 14.2804787806, 9.2721681268, 3.2175251503, 11.4431297524, 24.4942917539, 9.301360813, 5.8857768894, 21.9807892593, 18.814844381, 16.1264774153, 6.0531497225, 12.9700723013, 6.0679517047, 3.1159008459, 11.4009426645, 0.78637595475, 11.468057621, 41.8269790871, 4.6626248665, 19.6394585264, 4.4737074773],
      [73.746909879, 491.8243977158, 473.4924634767, 98.2981948662, 421.6222016752, 275.8112197794, 373.1622283821, 387.1589038407, 463.0707257722, 406.2323430743, 386.9531231798, 127.7746135587, 152.6596224522, 325.4442291948, 689.3409635038, 216.3252838897, 561.3300742577, 1113.2318430705, 491.0503557833, 297.0623743815, 856.2736258471, 639.7066763019, 685.377118613, 265.5307941804, 495.8521609686, 204.6373114804, 103.656874236, 531.9586240514, 21.4678366374, 316.3416092354, 1589.494144336, 169.6572767539, 703.6034491287, 188.4692772396],
      [1.7643729501, 8.1036295949, 5.6472541438, 2.7751277613, 7.2711262267, 6.8931487746, 8.3667980445, 9.4284588928, 12.0775170305, 9.7570641248, 10.1299399286, 2.8431887212, 3.4405660603, 6.4205694447, 8.1781319554, 3.2143782331, 8.7099432141, 15.0410624982, 6.6456450271, 4.5221545246, 12.4459484855, 13.2494869996, 9.7610922714, 4.6611911203, 9.6996544139, 7.1539214613, 0.98293604617, 9.2258381341, 0.74952415967, 14.0433192064, 23.4778847077, 3.7365880381, 16.9477216823, 4.4100361813]
    ],
    [
      [0.0076762533488, 0.070476803653, 0.034376088817, 0.0072981861799, 0.013909943002, 0.042543717348, 0.057444380661, 0.067428586277, 0.077401069724, 0.071373070813, 0.061247691707, 0.023690021178, 0.041351727782, 0.1136178052, 0.030653885397, 0.011888530592, 0.069192250555, 0.10171782014, 0.034759794627, 0.024224050279, 0.11744664639, 0.11128049886, 0.075212780169, 0.056042997691, 0.065133538001, 0.0346219217, 0.0070988162544, 0.038958041237, 0.018217672853, 0.060107666667, 0.082741348653, 0.024528213245, 0.11815219352, 0],
      [1.8741846484, 20.4631644055, 10.0539517675, 2.3170513737, 4.5874820726, 12.4569819264, 18.1565830159, 18.1976878569, 19.7005437197, 20.2056978868, 17.408501721, 7.8934317419, 10.1364218168, 31.3924055502, 8.4403800087, 5.6618294491, 18.7341732383, 40.0398505457, 11.5768668673, 9.6667541245, 40.2809857674, 33.7102442448, 25.0823387415, 16.1375893792, 20.5091849325, 6.6201553804, 3.2585784886, 11.269817562, 0.5342731211, 21.5873285775, 38.7823153417, 4.3566812366, 17.3097336428, 0],
      [2.3591274425, 16.0664412139, 15.5310969612, 1.9534511019, 6.8698794936, 9.4543534462, 13.8043788102, 10.4595166908, 11.4016623314, 15.0687411843, 11.6216985675, 4.7259498446, 6.8318397329, 16.3539336301, 14.3441873244, 8.662254285, 21.0117260143, 41.6476497387, 13.9611598387, 11.128159204, 35.9120066509, 26.2132129599, 24.3887763703, 16.1566242159, 17.924215689, 5.0478221941, 2.4347670933, 12.0144844997, 0.2942659648, 13.5787742985, 33.7507131298, 3.5925978995, 14.1881358041, 0],
      [0.75901165573, 3.399917577, 2.3805751825, 0.72219933817, 1.5287284908, 3.04612091, 3.9815937932, 3.275366866, 3.8203928791, 4.654187858, 3.9085520198, 1.3569283923, 1.9903867225, 4.1400430146, 2.1847787815, 1.6640277354, 4.1849084968, 7.2107818955, 2.4272134994, 2.1808626212, 6.6895609353, 6.9652622964, 4.4536721081, 3.6497434072, 4.5014658405, 2.2974005038, 0.2995556018, 2.676739897, 0.15324324124, 7.7737894573, 6.3842301798, 1.0261926507, 4.3839783595, 0]
    ],
    [
      [0.86415015178, 6.8394508596, 3.2024817307, 1.1964868923, 3.0828372829, 4.2037178567, 5.2460455217, 8.2865432699, 12.4661096503, 7.0541699931, 10.7802554, 4.4132613038, 5.0350092248, 12.1494719807, 5.7044683137, 1.4791530068, 6.9289647816, 8.2165064887, 4.2328416249, 3.5356569083, 10.7525150869, 11.539389137, 7.8348150407, 4.5133654432, 8.6895664622, 2.7643359013, 1.379875648, 7.1651174341, 2.3123339361, 3.9138797708, 12.4913392325, 4.9455560498, 25.9339789681, 2.2502392689],
      [1.725418192, 16.6658881704, 7.8609015242, 3.1817522311, 8.5218453843, 10.3285208612, 13.9203345229, 18.7711945053, 26.6283872623, 16.7638455079, 25.7365582536, 12.3196170495, 10.3492825301, 28.184156974, 13.187875789, 5.9122802012, 15.7486103385, 27.1746825117, 11.8317956895, 11.8406572673, 30.9794553177, 29.3504875236, 21.9439335199, 10.8961136615, 22.9811062001, 4.4149423834, 5.3020002773, 17.4010274893, 0.47954502417, 11.7763607539, 49.2231501138, 7.3447628629, 31.9127787163, 4.6853542093],
      [8.7792127446, 51.9569514494, 48.2317446245, 10.7183665466, 50.7961929145, 31.1562618609, 42.037938026, 42.8470791197, 61.1748835925, 49.6456677771, 68.1907011982, 29.3287906423, 27.7560096219, 58.2597793044, 88.9802029294, 36.0198099535, 70.0995056493, 112.1225983839, 56.6626835683, 54.1777212548, 109.552093004, 90.5532803467, 84.6502133152, 43.3344684104, 79.7084729458, 13.4226028423, 15.8698757685, 73.6481036966, 1.087884439, 29.4316606828, 169.8570346544, 24.1283259065, 103.7488444844, 17.8229197842],
      [0.63121891168, 2.5377095206, 1.7048721205, 0.90339433002, 2.5991244182, 2.3114994211, 2.7956819294, 3.0951831051, 4.7306194949, 3.536316722, 5.2924851481, 1.9383310044, 1.8596986232, 3.4065917409, 3.1274529679, 1.5887568385, 3.2229192307, 4.4862126158, 2.2726791173, 2.4459645696, 4.7159365914, 5.5568429927, 3.5710381242, 2.256052485, 4.620854392, 1.3981188731, 0.44824830618, 3.7857513801, 0.12023660078, 3.8780987925, 7.4284759994, 1.5813551809, 7.4043978312, 1.2414867376]
    ]
  ],
  "prob": [
    [0.53516839254, 0.41974124603, 0.016159700035, 0.028930661397],
    [0.040569142731, 0.6696539048, 0.2588652182, 0.030911734276],
    [0.0030994737726, 0.02514400518, 0.95398609421, 0.017770426839],
    [0.0016519833108, 0.48057586315, 0.41815772956, 0.099614423982],
    [0.080992324916, 0.19816792451, 0.68317938117, 0.037660369411]
  ],
  "iterations": 104,
  "time": 0.01168,
  "message": "Converged",
  "status": 0,
  "miniter": 0,
  "maxiter": 1000,
  "maxtime": 3600,
  "param_threshold": 0.001,
  "ll_threshold": "-Inf",
  "initial_prob": "group_proportional",
  "candidates_id": ["MELLOR, Diana Margaret.c", "STREET, Maryan.c", "SMITH, Nicolas Rex.c", "Other candidates votes.c"],
  "group_id": ["Green Party.p", "Labour Party.p", "National Party.p", "New Zealand First Party.p", "Other parties votes.p"]
}
