{
  "Z_true": {},
  "V_true": [
    [1188, 965, 464, 81],
    [592, 7790, 496, 357],
    [300, 496, 14780, 518],
    [152, 1247, 448, 353],
    [201, 514, 1087, 484]
  ],
  "p_true": [
    [0.4403, 0.3577, 0.172, 0.03],
    [0.0641, 0.8435, 0.0537, 0.0387],
    [0.0186, 0.0308, 0.9184, 0.0322],
    [0.0691, 0.5668, 0.2036, 0.1605],
    [0.0879, 0.2248, 0.4755, 0.2117]
  ],
  "Z_est": {},
  "V_est": [
    [2150.2634, 248.0275, 89.7617, 209.9475],
    [0, 9184.514, 0, 50.486],
    [0, 0, 15858.6906, 235.3094],
    [282.7366, 1443.6768, 157.2341, 316.3525],
    [0, 135.7817, 1169.3137, 980.9046]
  ],
  "p_est": [
    [0.797, 0.0919, 0.0333, 0.0778],
    [0, 0.9945, 0, 0.0055],
    [0, 0, 0.9854, 0.0146],
    [0.1285, 0.6562, 0.0715, 0.1438],
    [0, 0.0594, 0.5115, 0.4291]
  ],
  "EI_Z": {},
  "EI_V": 13.7516,
  "MAE_Z": {},
  "MAE_V": 447.1047,
  "MAE_p": 0.1025,
  "runtime": 0.0212
}
