{
  "X": [
    [4, 7, 14, 1],
    [2, 5, 24, 6],
    [21, 50, 109, 26],
    [59, 176, 503, 78],
    [30, 88, 446, 48],
    [9, 40, 133, 15],
    [68, 241, 1083, 115],
    [20, 39, 78, 8],
    [6, 19, 35, 6],
    [6, 12, 36, 4],
    [13, 11, 40, 3],
    [5, 8, 29, 3],
    [5, 2, 15, 1],
    [11, 13, 32, 4],
    [62, 115, 229, 16],
    [136, 259, 570, 49],
    [70, 154, 340, 50],
    [77, 250, 626, 77],
    [58, 300, 488, 57],
    [77, 208, 410, 64],
    [34, 121, 276, 45],
    [38, 183, 343, 37],
    [44, 301, 461, 81],
    [91, 245, 546, 47],
    [86, 271, 914, 94],
    [90, 247, 544, 67],
    [65, 250, 549, 62],
    [26, 119, 122, 14],
    [53, 170, 314, 28],
    [5, 10, 12, 2],
    [43, 191, 300, 38],
    [5, 11, 15, 1],
    [16, 63, 70, 7],
    [28, 60, 100, 16],
    [5, 8, 11, 1],
    [2, 2, 15, 1],
    [14, 45, 60, 6],
    [2, 5, 17, 4],
    [0, 2, 3, 2],
    [1, 5, 2, 3],
    [4, 20, 23, 8],
    [3, 4, 37, 4],
    [0, 1, 14, 1],
    [11, 16, 33, 8],
    [1, 4, 15, 1],
    [1, 4, 8, 1],
    [92, 349, 659, 72],
    [45, 110, 260, 24],
    [142, 553, 772, 66],
    [15, 108, 168, 35],
    [5, 4, 19, 2],
    [52, 190, 409, 69],
    [114, 389, 1053, 112],
    [1, 7, 6, 1],
    [76, 220, 449, 56],
    [52, 87, 318, 34],
    [103, 193, 426, 38],
    [2, 10, 22, 1],
    [37, 107, 140, 8],
    [195, 736, 1398, 207],
    [20, 75, 229, 21],
    [2, 22, 74, 9],
    [58, 154, 333, 35],
    [503, 868, 1659, 166],
    [79, 158, 278, 14]
  ],
  "W": [
    [6, 10, 8, 2, 0],
    [6, 15, 11, 3, 2],
    [47, 57, 78, 4, 20],
    [92, 406, 242, 52, 24],
    [46, 374, 108, 37, 47],
    [23, 104, 39, 18, 13],
    [103, 923, 318, 90, 73],
    [28, 55, 45, 8, 9],
    [16, 16, 24, 6, 4],
    [11, 24, 19, 1, 3],
    [17, 26, 17, 2, 5],
    [14, 14, 14, 2, 1],
    [9, 8, 6, 0, 0],
    [24, 18, 15, 2, 1],
    [102, 130, 166, 8, 16],
    [265, 293, 376, 41, 39],
    [130, 203, 228, 21, 32],
    [176, 362, 407, 26, 59],
    [128, 278, 417, 34, 46],
    [129, 254, 297, 28, 51],
    [97, 142, 185, 20, 32],
    [100, 183, 267, 26, 25],
    [116, 256, 401, 50, 64],
    [167, 337, 335, 46, 44],
    [159, 678, 395, 62, 71],
    [159, 317, 367, 59, 46],
    [123, 385, 330, 27, 61],
    [54, 66, 136, 13, 12],
    [101, 174, 253, 15, 22],
    [10, 4, 11, 2, 2],
    [75, 182, 255, 22, 38],
    [8, 4, 18, 2, 0],
    [21, 38, 86, 4, 7],
    [47, 47, 79, 16, 15],
    [9, 5, 9, 0, 2],
    [2, 11, 5, 2, 0],
    [20, 46, 52, 2, 5],
    [2, 17, 7, 2, 0],
    [0, 1, 4, 0, 2],
    [1, 3, 5, 0, 2],
    [5, 19, 24, 2, 5],
    [7, 31, 7, 1, 2],
    [3, 12, 1, 0, 0],
    [13, 26, 22, 2, 5],
    [3, 11, 4, 2, 1],
    [2, 2, 8, 1, 1],
    [227, 350, 451, 77, 67],
    [76, 169, 154, 22, 18],
    [295, 358, 755, 50, 75],
    [36, 105, 130, 26, 29],
    [10, 10, 7, 2, 1],
    [99, 244, 288, 34, 55],
    [251, 743, 550, 67, 57],
    [1, 4, 8, 2, 0],
    [134, 271, 298, 55, 43],
    [86, 233, 129, 20, 23],
    [197, 227, 281, 16, 39],
    [8, 9, 14, 2, 2],
    [73, 60, 138, 8, 13],
    [415, 868, 945, 150, 158],
    [42, 176, 102, 17, 8],
    [6, 58, 32, 6, 5],
    [113, 214, 195, 31, 27],
    [652, 1131, 1144, 113, 156],
    [150, 157, 186, 9, 27]
  ],
  "method": "mvn_pdf",
  "cond_prob": [
    [
      [0.57054424187, 0.12420063147, 0.29507415776, 0.0101809689],
      [0.030413095422, 0.016498526645, 0.91180163979, 0.041286738147],
      [0.032848051999, 0.70404101419, 0.24650668953, 0.016604244284],
      [0.0049095892839, 0.22874141561, 0.56974256968, 0.19660642543],
      ["NaN", "NaN", "NaN", "NaN"]
    ],
    [
      [0.2754194003, 0.074912033211, 0.6405422276, 0.009126338895],
      [0.0094908264705, 0.0041347513419, 0.86081342218, 0.12556100001],
      [0.017595362191, 0.38594309635, 0.50869972019, 0.087761821269],
      [0.0010348087817, 0.046776869267, 0.41107086569, 0.54111745626],
      [0.0042338953529, 0.051400931476, 0.2078178913, 0.73654728187]
    ],
    [
      [0.38363602043, 0.11448056547, 0.49669848938, 0.0051849247213],
      [0.015296443134, 0.01313365908, 0.85785445178, 0.11371544601],
      [0.024451739485, 0.52730188815, 0.3920793108, 0.056167061559],
      [0.00027913302217, 0.091430955512, 0.37232448495, 0.53596542651],
      [0.0094428784614, 0.11877618786, 0.23429915329, 0.6374817804]
    ],
    [
      [0.4603931674, 0.12838744571, 0.40570233797, 0.0055170489208],
      [0.022140940897, 0.015759199494, 0.87520684945, 0.086893010158],
      [0.02974688447, 0.60098816968, 0.33057098468, 0.038693961169],
      [0.0013984414991, 0.14917168471, 0.48164012303, 0.36778975076],
      [0.015964233117, 0.19141897219, 0.22074747251, 0.57186932219]
    ],
    [
      [0.42689653259, 0.12199260273, 0.44770312436, 0.0034077403239],
      [0.017489139126, 0.012560228684, 0.92198792202, 0.047962710174],
      [0.027520659589, 0.57943711895, 0.36782348849, 0.025218732963],
      [0.0012634816371, 0.14541181549, 0.61703739443, 0.23628730844],
      [0.017081732163, 0.20705039844, 0.38355006583, 0.39231780357]
    ],
    [
      [0.30678513289, 0.17820605788, 0.51065555168, 0.004353257554],
      [0.011454169432, 0.018175831165, 0.92140994816, 0.048960051244],
      [0.015475529721, 0.68241287201, 0.28206279371, 0.020048804561],
      [0.00038021915952, 0.21328420839, 0.53905326474, 0.2472823077],
      [0.010947593749, 0.27367357448, 0.36345230636, 0.3519265254]
    ],
    [
      [0.42234907113, 0.13502696161, 0.43851304284, 0.0041109244206],
      [0.016664008933, 0.013385957479, 0.91372271559, 0.056227317993],
      [0.024879718559, 0.58601850323, 0.36109513557, 0.028006642633],
      [0.0011160725443, 0.15017530466, 0.58560894428, 0.26309967851],
      [0.015136553395, 0.20366195552, 0.36895934241, 0.41224214868]
    ],
    [
      [0.56868577885, 0.12138790414, 0.3074386263, 0.0024876907135],
      [0.035481460813, 0.019766354018, 0.89957994594, 0.045172239232],
      [0.040283011093, 0.667753211, 0.27507190556, 0.016891872354],
      [0.0027510184362, 0.22397889458, 0.56052183341, 0.21274825357],
      [0.032286022326, 0.29702928463, 0.33915677996, 0.33152791309]
    ],
    [
      [0.33475833945, 0.15064060551, 0.5074470013, 0.0071540537394],
      [0.012385016048, 0.014095058277, 0.90120925737, 0.072310668302],
      [0.016754952302, 0.61051857919, 0.3390938092, 0.03363265931],
      [0.00027818131805, 0.15191776108, 0.50269181076, 0.34511224684],
      [0.010479592227, 0.20006922805, 0.326774394, 0.46267678572]
    ],
    [
      [0.44249982904, 0.095507128598, 0.45576199668, 0.0062310456828],
      [0.02011922887, 0.0086560921289, 0.90676564738, 0.064459031616],
      [0.031506856116, 0.53387383298, 0.39968206172, 0.034937249182],
      [0.00046385734447, 0.12593579714, 0.53707296736, 0.33652737815],
      [0.016848754702, 0.15737891683, 0.36440345311, 0.46136887536]
    ],
    [
      [0.63219666329, 0.058418207322, 0.30787271457, 0.0015124148184],
      [0.035713664689, 0.0089445963227, 0.92575598937, 0.029585749621],
      [0.063969317878, 0.50106107712, 0.4187726064, 0.016196998605],
      [0.0086925271874, 0.13069946082, 0.6994825174, 0.1611254946],
      [0.04384759678, 0.19897874769, 0.43568175704, 0.32149189849]
    ],
    [
      [0.32411149518, 0.093108039408, 0.57225669401, 0.010523771397],
      [0.011741050415, 0.0088009085111, 0.90786030308, 0.071597737994],
      [0.020235722256, 0.44937027384, 0.48451246792, 0.04588153598],
      [0.0035140335245, 0.084735451822, 0.59417842179, 0.31757209286],
      [0.0077361830082, 0.11261999168, 0.30683064622, 0.57281317909]
    ],
    [
      [0.50731726857, 0.024237960766, 0.44399516788, 0.024449602783],
      [0.018559217464, 0.0020658932761, 0.91750710607, 0.061867783186],
      [0.047611807197, 0.29422186782, 0.61066444008, 0.04750188491],
      ["NaN", "NaN", "NaN", "NaN"],
      ["NaN", "NaN", "NaN", "NaN"]
    ],
    [
      [0.42521893278, 0.13849814629, 0.42774718474, 0.0085357361901],
      [0.021480507321, 0.020621601081, 0.86258106814, 0.095316823455],
      [0.025455715533, 0.59140876656, 0.33978675195, 0.043348765957],
      [0.0099537205185, 0.13530266274, 0.47390642172, 0.38083719501],
      [0.0063533074168, 0.16311884572, 0.16299421699, 0.66753362987]
    ],
    [
      [0.50677776031, 0.10589865445, 0.38496797148, 0.0023556137737],
      [0.027250451474, 0.014489293633, 0.91704771651, 0.041212538386],
      [0.03805824721, 0.58510257414, 0.3579590851, 0.018880093548],
      [0.00060316722756, 0.17046563981, 0.5977223386, 0.23120885436],
      [0.027725961413, 0.23899854054, 0.39462980797, 0.33864569007]
    ],
    [
      [0.44271648823, 0.11099576048, 0.44271281861, 0.0035749326875],
      [0.020948902084, 0.012992569785, 0.91747538783, 0.048583140297],
      [0.03104311997, 0.5618100363, 0.38313857884, 0.024008264893],
      [0.0020084851391, 0.15326903324, 0.60627853091, 0.23844395071],
      [0.020193366893, 0.211658885, 0.38316125704, 0.38498649106]
    ],
    [
      [0.44688581411, 0.11277351379, 0.43492892865, 0.0054117434559],
      [0.021034294524, 0.012718876695, 0.8858317025, 0.080415126283],
      [0.031128657429, 0.56360043845, 0.36626929592, 0.039001608202],
      [0.00080301678779, 0.13412096529, 0.50549690623, 0.3595791117],
      [0.016271410362, 0.17000221875, 0.29720528653, 0.51652108436]
    ],
    [
      [0.35225111087, 0.11207939157, 0.52972656207, 0.0059429354857],
      [0.013757145485, 0.011273706861, 0.90836552734, 0.066603620315],
      [0.022819371003, 0.52459394396, 0.41601148831, 0.036575196724],
      [0.00027915413579, 0.12056753837, 0.5417568176, 0.3373964899],
      [0.012355522295, 0.16183820354, 0.34809239287, 0.4777138813]
    ],
    [
      [0.35305980181, 0.15312599534, 0.48878577659, 0.0050284262558],
      [0.014755309336, 0.016080210908, 0.90899948104, 0.06016499872],
      [0.019376473872, 0.62168816951, 0.33233642156, 0.026598935061],
      [0.00087987222961, 0.17535745478, 0.54971189121, 0.27405078178],
      [0.012966611136, 0.23311856126, 0.33606679948, 0.41784802813]
    ],
    [
      [0.46793145327, 0.11788777494, 0.40909640165, 0.0050843701378],
      [0.02344443741, 0.01408691118, 0.88766715238, 0.07480149903],
      [0.032670018698, 0.58961993614, 0.34341355974, 0.03429648542],
      [0.0012197284506, 0.15136875648, 0.51461710902, 0.33279440605],
      [0.018525636787, 0.19331285055, 0.30109806248, 0.48706345018]
    ],
    [
      [0.30356110545, 0.12813624374, 0.56125443495, 0.0070482158511],
      [0.0096343946533, 0.012307696083, 0.89491112099, 0.083146788276],
      [0.015731299878, 0.53852700818, 0.40241049138, 0.043331200562],
      [0.00055011670825, 0.1187513981, 0.51603675067, 0.36466173451],
      [0.0082873724526, 0.15064271994, 0.3035707722, 0.53749913541]
    ],
    [
      [0.31306654531, 0.14377567484, 0.53768867142, 0.005469108429],
      [0.011270048388, 0.014012023282, 0.915501611, 0.059216317326],
      [0.016255583119, 0.58734065459, 0.36758083951, 0.028822922781],
      [0.0007103553765, 0.1552058105, 0.57026676608, 0.27381706804],
      [0.010888667254, 0.20811705628, 0.34893271908, 0.43206155738]
    ],
    [
      [0.30359997346, 0.17284527532, 0.51678123678, 0.0067735144316],
      [0.010874764171, 0.01669257361, 0.89486849176, 0.077564170455],
      [0.013469709092, 0.63408822486, 0.31974659447, 0.032695471581],
      [0.00047592622188, 0.17085227322, 0.50151122771, 0.32716057285],
      [0.0089580280218, 0.21663527172, 0.29176713865, 0.48263956161]
    ],
    [
      [0.43672218206, 0.12445475945, 0.43598659879, 0.0028364597015],
      [0.021407749404, 0.014342179408, 0.92084773953, 0.043402331653],
      [0.02947081942, 0.59865657033, 0.35239606722, 0.019476543027],
      [0.0014485837316, 0.17586336949, 0.60450388792, 0.21818415886],
      [0.020764197502, 0.24416078757, 0.38647019127, 0.34860482366]
    ],
    [
      [0.39654130303, 0.11858227626, 0.4804874633, 0.0043889574068],
      [0.016977859453, 0.012282744256, 0.91628985334, 0.054449542948],
      [0.025910378305, 0.55894393952, 0.38752614895, 0.027619533227],
      [0.0011803551996, 0.1447694104, 0.59300392026, 0.26104631414],
      [0.015931868403, 0.19801630864, 0.37350564617, 0.41254617679]
    ],
    [
      [0.44451458264, 0.11158038518, 0.43941779299, 0.0044872391962],
      [0.021347718832, 0.012587007575, 0.90670947034, 0.059355803251],
      [0.03164561514, 0.56536123055, 0.37360711762, 0.029386036688],
      [0.0010495546695, 0.14731760875, 0.56611940392, 0.28551343267],
      [0.019110652359, 0.19759406149, 0.35197416995, 0.4313211162]
    ],
    [
      [0.39901239821, 0.14559978972, 0.4510841398, 0.0043036722649],
      [0.018381719014, 0.016126012601, 0.90913022292, 0.056362045464],
      [0.023769031041, 0.62443826791, 0.32753905854, 0.024253642501],
      [0.00079324430449, 0.18306882495, 0.54696351031, 0.26917442043],
      [0.016054350162, 0.24385613652, 0.3384526374, 0.40163687592]
    ],
    [
      [0.39987037115, 0.20306247698, 0.39289538989, 0.0041717619735],
      [0.021111742905, 0.023948976694, 0.89689956005, 0.058039720353],
      [0.020617946011, 0.72784100959, 0.2327261801, 0.018814864302],
      [0.0015945334778, 0.26422311625, 0.49512153673, 0.23906081354],
      [0.015737944449, 0.33605966381, 0.29174479265, 0.35645759909]
    ],
    [
      [0.41699076089, 0.12264449131, 0.45640193449, 0.0039628133164],
      [0.019516560639, 0.014197254869, 0.91520543072, 0.051080753777],
      [0.027980837678, 0.58461635514, 0.362866571, 0.024536236184],
      [0.00060547539044, 0.15908299628, 0.58302042791, 0.25729110042],
      [0.018173524348, 0.22038187435, 0.36850503599, 0.39293956532]
    ],
    [
      [0.46098225027, 0.14549099599, 0.38504091159, 0.0084858421559],
      [0.017225093956, 0.007631795617, 0.91110144105, 0.064041669374],
      [0.023294971683, 0.68619923777, 0.26387928013, 0.02662651042],
      [0.010404813907, 0.21932335066, 0.50263132604, 0.2676405094],
      [0.022111402566, 0.26386227047, 0.2986251932, 0.41540113376]
    ],
    [
      [0.42566062842, 0.14603275787, 0.42410385269, 0.0042027610203],
      [0.020813696996, 0.01742637018, 0.90396406585, 0.057795866977],
      [0.025845214561, 0.63946574525, 0.31067600276, 0.024013037425],
      [0.0013653120335, 0.19184012314, 0.54559943785, 0.26119512698],
      [0.017547195721, 0.25241305365, 0.32750480861, 0.40253494202]
    ],
    [
      [0.52293302539, 0.084764998326, 0.3815374084, 0.010764567885],
      [0.022392024788, 0.0045074060413, 0.9375261611, 0.035574408069],
      [0.039361274306, 0.55402928081, 0.3841134676, 0.022495977284],
      [0.0092323801246, 0.16566166728, 0.64177683583, 0.18332911677],
      ["NaN", "NaN", "NaN", "NaN"]
    ],
    [
      [0.54236773073, 0.12447800445, 0.33020672995, 0.0029475348734],
      [0.032151126575, 0.022933755177, 0.89569611973, 0.049218998518],
      [0.037033507947, 0.65886091883, 0.28451236294, 0.019593210282],
      [0.0020554837245, 0.21362603986, 0.55137678736, 0.23294168906],
      [0.027918746641, 0.28541943297, 0.33651939418, 0.35014242622]
    ],
    [
      [0.50126084944, 0.11596860212, 0.37844839863, 0.0043221498062],
      [0.026762627838, 0.014050293806, 0.89993151979, 0.059255558566],
      [0.03572289677, 0.60533613749, 0.33234367649, 0.026597289254],
      [0.00049880336874, 0.16742925274, 0.54049817657, 0.29157376732],
      [0.023520457958, 0.22591259905, 0.33420150444, 0.41636543856]
    ],
    [
      [0.50852908479, 0.12900709811, 0.35522347642, 0.0072403406801],
      [0.024867618252, 0.020810711782, 0.92217276937, 0.032148900593],
      [0.027180668529, 0.68188129869, 0.27570776631, 0.015230266465],
      ["NaN", "NaN", "NaN", "NaN"],
      [0.027137064431, 0.29897543491, 0.35537748429, 0.31851001636]
    ],
    [
      [0.68958143348, 0.034954006872, 0.26179643175, 0.013668127899],
      [0.028608878152, 0.002412514048, 0.93096262847, 0.038015979326],
      [0.060055036426, 0.35454312361, 0.56094017921, 0.024461660746],
      [0.0029321456209, 0.065419356829, 0.71555866361, 0.21608983394],
      ["NaN", "NaN", "NaN", "NaN"]
    ],
    [
      [0.53110970788, 0.16630737854, 0.29900130582, 0.003581607759],
      [0.034780933814, 0.026522610371, 0.88006549017, 0.05863096565],
      [0.031712065185, 0.73488611975, 0.21490522982, 0.018496585239],
      [0.00065420683113, 0.26385088295, 0.46369339781, 0.27180151241],
      [0.02550941674, 0.3424064718, 0.28690051792, 0.34518359354]
    ],
    [
      [0.63258725578, 0.11095669404, 0.17798958209, 0.078466468092],
      [0.028869032154, 0.015866979595, 0.81416223325, 0.141101755],
      [0.033960966944, 0.61651429919, 0.29003536536, 0.059489368503],
      [0.0031625866019, 0.096373932242, 0.38650765653, 0.51395582462],
      ["NaN", "NaN", "NaN", "NaN"]
    ],
    [
      ["NaN", "NaN", "NaN", "NaN"],
      [0, 0.013643009991, 0.89453379067, 0.091823199339],
      [0, 0.48376715443, 0.47111141236, 0.04512143321],
      ["NaN", "NaN", "NaN", "NaN"],
      [0, 0.025644186141, 0.11051027995, 0.86384553391]
    ],
    [
      [0.75618438882, 0.12537984448, 0.083250866024, 0.035184900675],
      [0.032586336362, 0.062430702396, 0.53501884693, 0.36996411431],
      [0.026001878647, 0.88832367819, 0.053558928015, 0.032115515151],
      ["NaN", "NaN", "NaN", "NaN"],
      [0.0080236044267, 0.1228548287, 0.021948976555, 0.84717259032]
    ],
    [
      [0.53803105326, 0.16186906296, 0.29482732168, 0.0052725620994],
      [0.028871399859, 0.026009842594, 0.79521691551, 0.14990184204],
      [0.028949400191, 0.72350567106, 0.20745704156, 0.040087887185],
      [0.0018163164898, 0.18370696047, 0.31963151281, 0.49484521022],
      [0.012573979764, 0.19298352989, 0.15970199476, 0.63474049558]
    ],
    [
      [0.34042253023, 0.069850719991, 0.58216688388, 0.0075598658913],
      [0.013478229686, 0.005448502514, 0.90922142541, 0.071851842393],
      [0.025512395756, 0.44011514188, 0.48620886128, 0.048163601078],
      [0.00062023741706, 0.077367262849, 0.56311508948, 0.35889741026],
      [0.010005080198, 0.091984063057, 0.38619525336, 0.51181560338]
    ],
    [
      [0, 0.12650667043, 0.8434572587, 0.030036070869],
      [0, 0.0037735625237, 0.92474631931, 0.071480118166],
      [0, 0.57519723844, 0.37267239216, 0.052130369407],
      ["NaN", "NaN", "NaN", "NaN"],
      ["NaN", "NaN", "NaN", "NaN"]
    ],
    [
      [0.66086266964, 0.086000213272, 0.24977606805, 0.0033610490423],
      [0.04106144446, 0.017107470429, 0.82671562351, 0.1151154616],
      [0.054686553236, 0.60882593904, 0.29012376907, 0.046363738656],
      [0.0021853497157, 0.13785540752, 0.39836317506, 0.4615960677],
      [0.026742573627, 0.1534643045, 0.21577112686, 0.60402199501]
    ],
    [
      [0.26685580517, 0.15375392289, 0.57569013818, 0.0037001337646],
      [0.01237292535, 0.013292023754, 0.94202521678, 0.032309834117],
      [0.013006611338, 0.69634439901, 0.27679232546, 0.01385666419],
      [0.0014216324501, 0.18146273303, 0.64524980591, 0.17186582861],
      [0.0084606953953, 0.24422290792, 0.51298328725, 0.23433310944]
    ],
    [
      [0.34405260664, 0.070718970979, 0.577639564, 0.0075888583839],
      [0.012823181107, 0.0024984816426, 0.94108257335, 0.0435957639],
      [0.033737233135, 0.4515188081, 0.4742767785, 0.040467180271],
      [0.0048491432711, 0.11066088692, 0.70481469743, 0.17967527238],
      [0.011501416154, 0.13075374305, 0.46352679991, 0.39421804088]
    ],
    [
      [0.34335802302, 0.15300936861, 0.4995839567, 0.0040486516678],
      [0.013858694985, 0.015870861128, 0.9204582966, 0.049812147288],
      [0.018373786857, 0.61704070851, 0.34270880316, 0.021876701468],
      [0.00036542112157, 0.17990350216, 0.57501556647, 0.24471551025],
      [0.013320451202, 0.24737526454, 0.36710700263, 0.37219728163]
    ],
    [
      [0.46691881061, 0.11578245933, 0.41391665294, 0.0033820771233],
      [0.023640488792, 0.013682468425, 0.91383693404, 0.048840108744],
      [0.032991139264, 0.59118219022, 0.35324446355, 0.022582206972],
      [0.0017001649077, 0.16832934814, 0.5921774609, 0.23779302605],
      [0.022271595182, 0.23016072078, 0.37090783325, 0.37665985078]
    ],
    [
      [0.39348378809, 0.14646217537, 0.45710435983, 0.0029496767117],
      [0.018446403785, 0.016223566042, 0.9216610051, 0.043669025075],
      [0.023756218968, 0.62816294837, 0.33012442612, 0.017956406546],
      [0.0012952539587, 0.19342981675, 0.59263507898, 0.21263985031],
      [0.017570159205, 0.26734806355, 0.37765171145, 0.3374300658]
    ],
    [
      [0.32102178492, 0.19066011054, 0.48182211583, 0.0064959887168],
      [0.012479261818, 0.020578255782, 0.88808491484, 0.078857567563],
      [0.014218527593, 0.66922457741, 0.28634647748, 0.030210417513],
      [0.00035242666683, 0.1904926038, 0.47342707551, 0.33572789403],
      [0.0094938472984, 0.24219022074, 0.27142557712, 0.47689035485]
    ],
    [
      [0.45441001432, 0.064981169323, 0.47023984177, 0.010368974594],
      [0.018704698086, 0.0042246679682, 0.91707043419, 0.06000019976],
      [0.033582193414, 0.43479685029, 0.4929616246, 0.038659331696],
      [0.0067727557591, 0.079112198857, 0.62948699087, 0.28462805451],
      [0.020232010554, 0.10613927736, 0.41719188651, 0.45643682557]
    ],
    [
      [0.39834909737, 0.11889446016, 0.47686255861, 0.0058938838594],
      [0.017284312801, 0.012418409977, 0.8949748618, 0.07532241542],
      [0.026187475466, 0.55960539883, 0.37673616502, 0.037470960679],
      [0.0011404548132, 0.1341172765, 0.52901418175, 0.33572808694],
      [0.013914520706, 0.17223662083, 0.30782259476, 0.50602626371]
    ],
    [
      [0.36057281694, 0.13599951064, 0.49802930248, 0.005398369936],
      [0.014681987051, 0.013800524031, 0.90723395269, 0.064283536227],
      [0.021414158469, 0.5864696723, 0.36154675263, 0.030569416599],
      [0.00091240303298, 0.15364548275, 0.5519046311, 0.29353748312],
      [0.013133129972, 0.20627660288, 0.31739463152, 0.46319563563]
    ],
    [
      [0.66201681599, 0.11499786585, 0.21136831831, 0.011616999851],
      [0.027233701648, 0.045558280072, 0.88207326387, 0.045134754411],
      [0.028011800311, 0.77919488914, 0.16825250515, 0.024540805395],
      [0.002476987466, 0.23460495036, 0.4571592925, 0.30575876967],
      ["NaN", "NaN", "NaN", "NaN"]
    ],
    [
      [0.44828141136, 0.12583958462, 0.42177114255, 0.0041078614686],
      [0.02234858158, 0.015069000156, 0.90596994521, 0.056612473055],
      [0.030166617238, 0.60357636698, 0.34073856136, 0.025518454422],
      [0.00065186656714, 0.17048745674, 0.55391735023, 0.27494332646],
      [0.019728387709, 0.22816811946, 0.34788991162, 0.40421358121]
    ],
    [
      [0.47809256291, 0.095216302422, 0.42229199027, 0.0043991443997],
      [0.023712173287, 0.010660707797, 0.90615290205, 0.059474216869],
      [0.037402648751, 0.53908034322, 0.3923794603, 0.031137547731],
      [0.0017662187137, 0.13342383013, 0.58224210906, 0.2825678421],
      [0.021688571773, 0.17902661726, 0.36032478697, 0.438960024]
    ],
    [
      [0.44854661536, 0.10976222285, 0.43803499551, 0.0036561662765],
      [0.021527274049, 0.013394118492, 0.91591516525, 0.049163442212],
      [0.031781363073, 0.56128253153, 0.3825297905, 0.024406314897],
      [0.00049008071585, 0.15190373695, 0.58356946229, 0.26403672004],
      [0.020800544894, 0.20988528328, 0.38375335504, 0.38556081679]
    ],
    [
      [0.22565829148, 0.13876787975, 0.6341679444, 0.0014058843825],
      [0.0057215654794, 0.010583190537, 0.96351676727, 0.020178476718],
      [0.0089209404501, 0.57170226138, 0.40974357859, 0.0096332195823],
      [0.00098529512812, 0.15784497392, 0.72958356473, 0.11158616622],
      [0.0081879111583, 0.23754332004, 0.52971415486, 0.22455461394]
    ],
    [
      [0.43381007932, 0.14502602861, 0.41997508001, 0.0011888120544],
      [0.021805595074, 0.016687197341, 0.93048468229, 0.031022525292],
      [0.026925478287, 0.64921442863, 0.31389564781, 0.0099644452734],
      [0.0022235234201, 0.22143473821, 0.61715587164, 0.15918586673],
      [0.022309562614, 0.31144607802, 0.4044532193, 0.26179114007]
    ],
    [
      [0.37990191201, 0.15363423016, 0.46105796502, 0.0054058928113],
      [0.016878566816, 0.016392432067, 0.89740146614, 0.069327534974],
      [0.021591497537, 0.63017117083, 0.31891488186, 0.029322449777],
      [0.00085084829866, 0.17630114402, 0.5178068644, 0.30504114328],
      [0.013661506967, 0.22820402161, 0.30804353729, 0.45009093414]
    ],
    [
      [0.36055285988, 0.14286635516, 0.49175643141, 0.0048243535422],
      [0.014835678753, 0.014551173944, 0.91338805153, 0.057225095775],
      [0.020737124311, 0.60527115573, 0.34772759834, 0.026264121619],
      [0.0010803284841, 0.1650086998, 0.57427287483, 0.25963809689],
      [0.014018520075, 0.23697508597, 0.29488486364, 0.45412153032]
    ],
    [
      [0.23772107218, 0.16590039791, 0.58995409877, 0.0064244311318],
      [0.0044277846884, 0.013021672412, 0.91595927866, 0.06659126424],
      [0.0089437355586, 0.57803707935, 0.37995695416, 0.033062230934],
      [0.00024696473737, 0.13823017664, 0.5705488827, 0.29097397592],
      [0.0058361457355, 0.18455460271, 0.35054428319, 0.45906496837]
    ],
    [
      [0.42389720537, 0.14018118965, 0.4318867489, 0.0040348560766],
      [0.020634358517, 0.015914573868, 0.9089835021, 0.054467565514],
      [0.026438646796, 0.62729580169, 0.32298409773, 0.023281453783],
      [0.0013043101408, 0.1853397878, 0.56003981251, 0.25331608955],
      [0.018070123348, 0.24761451894, 0.34559980291, 0.3887155548]
    ],
    [
      [0.60600827036, 0.10199947004, 0.28954292329, 0.0024493363003],
      [0.040019771276, 0.018694079531, 0.89065247004, 0.05063367915],
      [0.049337598558, 0.62680204748, 0.30341890429, 0.020441449675],
      [0.0023063107319, 0.19891988791, 0.5586296566, 0.24014414476],
      [0.037932182997, 0.26162725599, 0.33752367109, 0.36291688992]
    ],
    [
      [0.45888774506, 0.14540372999, 0.39469031868, 0.0010182062692],
      [0.024944206021, 0.021403511579, 0.92633194907, 0.027320333328],
      [0.030019080032, 0.65558632885, 0.30685087681, 0.0075437143132],
      [0.00056495819648, 0.23090018691, 0.60420088171, 0.16433397319],
      [0.024517199466, 0.32636779022, 0.40186167305, 0.24725333726]
    ]
  ],
  "expected_outcome": [
    [
      [3.4277613804, 1.635833526, 17.9974386084, 42.090426338, 19.2568563064, 7.0694288601, 42.5145796136, 15.9347054561, 5.3444915707, 4.8446640137, 10.772000271, 4.5105238231, 4.5639862155, 10.2194684387, 51.7045026854, 117.1530813106, 58.0244725486, 62.0224344585, 45.3057616153, 60.3223853621, 29.5564136047, 31.4813576914, 35.548991876, 72.8313108594, 62.7160042226, 70.6183290428, 48.949641488, 21.5468640243, 42.1117561716, 4.6036505968, 31.8614199288, 4.2014592764, 11.4055559585, 23.5756747163, 4.5746152609, 1.3721795635, 10.5990604446, 1.2403506999, 0, 0.75998220037, 2.6562275525, 2.3616983652, 0, 8.6217786877, 0.7831905914, 0.66642082876, 78.0623326452, 35.4350756813, 116.2090642746, 11.6057362165, 4.5217530375, 39.3901379741, 90.5223638919, 0.65188711327, 60.0041874995, 41.0249629623, 88.2363306123, 1.8081596971, 31.6312230323, 157.658189722, 15.1118902216, 1.4425625014, 47.8204060585, 396.1048378902, 68.6362529689],
      [0.7226585197, 0.44573248807, 5.2747157673, 11.5394838274, 5.4417897091, 4.1016792143, 13.3069032908, 3.3255533574, 2.3477309186, 1.0276700079, 0.96229301297, 1.2487419274, 0.17293244276, 3.21091855, 10.5461261943, 28.6824582258, 14.3387137187, 19.2536281104, 19.1417464839, 14.8661965174, 12.1042928622, 14.0186611429, 19.5291390539, 20.3244791179, 18.363843849, 17.3254517257, 17.508869233, 10.7729208626, 12.1068415772, 1.426351317, 10.7204519966, 0.65877410075, 2.5609303616, 5.3042302081, 1.1325884549, 0.062093732733, 3.2581146412, 0.20544415091, 0, 0.12742324739, 0.80268002993, 0.49309178831, 0.41869263697, 1.0858523179, 0.46243035501, 0.14294538007, 33.8942672744, 8.601098834, 42.2064571462, 6.6962118887, 0.62174903561, 11.4992365384, 33.3791412668, 0.12072945748, 16.4794825626, 8.0338846031, 21.087275286, 1.0804513797, 10.3823187485, 62.3723267829, 5.8747559346, 0.93575669717, 15.5211076308, 64.7272764663, 21.3920237833],
      [1.7923078614, 3.8822313502, 23.5737713573, 37.8988227796, 21.1466530917, 11.732340847, 46.7640663342, 8.6719542368, 8.1892832568, 5.0565153013, 5.2410276981, 8.0833734124, 4.0411133061, 10.3703665321, 39.5332936639, 118.2720818666, 57.0000818967, 93.7334494798, 62.9393458206, 53.1985303589, 54.7235536965, 53.9769811141, 60.1849532088, 73.4147363685, 77.2532953204, 70.3716077786, 56.0339765285, 21.4592063158, 46.3983644841, 3.8700479791, 32.1153784951, 3.0657950079, 6.9740190638, 17.9168192924, 3.2190733741, 0.54520592687, 6.0698818967, 0.45238894564, 0, 0.090348849661, 1.5164701455, 4.0929639974, 2.5096112491, 3.2626067245, 1.7425954257, 1.1742631169, 114.1742892658, 31.71892402, 135.8015781556, 17.4740618253, 4.7346662043, 47.5661892161, 125.8055339386, 0.21814020726, 56.9864452455, 36.5754073561, 86.9902136426, 5.1031097784, 30.9315893693, 192.8392329754, 20.8173523799, 3.5846321532, 49.219817627, 189.6736872921, 59.8751588974],
      [0.057272238485, 0.036202635757, 0.15407426705, 0.47126705489, 0.1547008927, 0.096551078667, 0.41445076137, 0.067786949625, 0.11849425391, 0.071150677142, 0.024679017923, 0.15736083719, 0.22196803568, 0.1992464792, 0.21607745639, 0.89237859708, 0.636731836, 0.9904879513, 0.61314608019, 0.61288776156, 0.6157398366, 0.5230000516, 0.73691586135, 0.42947365411, 0.66685660797, 0.68461145289, 0.50751275053, 0.22100879726, 0.38303776698, 0.09995010711, 0.30274957949, 0.073971614942, 0.059494616047, 0.20327578315, 0.073722910045, 0.020520776889, 0.072943017482, 0.10181620356, 0, 0.02224570258, 0.024622272113, 0.052245849167, 0.071696113921, 0.029762269947, 0.011783627928, 0.016370674222, 0.86911081467, 0.24490146472, 0.7829004236, 0.22399006953, 0.12183172261, 0.54443627132, 1.2929609026, 0.0092432219948, 0.52988469239, 0.36574507851, 0.68618045909, 0.0082791448793, 0.054868849935, 2.1302505197, 0.19600146395, 0.037048648262, 0.43866868371, 1.4941983515, 0.096564350312]
    ],
    [
      [0.3138741033, 0.15817550942, 0.91667284837, 9.4102234171, 6.9802324823, 1.2125663578, 16.4304409661, 2.0033945267, 0.21013460597, 0.51308920373, 0.93559409709, 0.18110051985, 0.14837004911, 0.38590541622, 3.6766457526, 6.4452004996, 4.4657050636, 5.1697969084, 4.252019695, 6.2003512078, 1.3895123805, 2.1075372566, 2.8295337572, 7.5204241036, 12.0275642209, 7.056941692, 7.3649285677, 1.4587781326, 3.5425946058, 0.079679778286, 3.9593578324, 0.097177120071, 1.2761248768, 1.3068391665, 0.13010669007, 0.32911664937, 1.658124935, 0.52440607021, 0, 0.092761728023, 0.57695960832, 0.44905092382, 0, 1.0864846231, 0.15406315419, 0.027114752421, 5.002807848, 4.1599113244, 6.8826735844, 1.3438617762, 0.2084362694, 4.4048398912, 11.2388529509, 0.11098311137, 6.3027586171, 5.7439086967, 5.1159492398, 0.053039002009, 1.3743367942, 15.1947792208, 2.7052381067, 0.24198230425, 4.6076919825, 46.2783801202, 4.0945925916],
      [0.16227914088, 0.059719118254, 0.72581925395, 6.2894762889, 4.6472781195, 1.8117873241, 12.1129403106, 1.0834448809, 0.21798598207, 0.19910975994, 0.22494470117, 0.11455848588, 0.010449311267, 0.32744777833, 1.823060919, 3.662625685, 2.5164315265, 3.9784639462, 4.3302691582, 3.4956292213, 1.7470471174, 2.5268104805, 4.2367067674, 4.7596544641, 8.1375555929, 3.8650188024, 6.012786107, 1.5702576966, 2.3643345668, 0.041753511196, 3.0476920102, 0.024659993277, 0.79768532419, 0.65483715562, 0.091905911857, 0.01677846913, 1.2136545612, 0.277707853, 0.010287622337, 0.19905783756, 0.5209878515, 0.16063820266, 0.039822054926, 0.47537492053, 0.14743687159, 0.006834589556, 5.41662818, 2.2687926171, 5.6871164261, 2.0792735856, 0.033031809922, 2.9483703364, 10.0917832713, 0.13690301364, 3.943745815, 2.3928780515, 2.8866394115, 0.11122574939, 1.00381553, 13.9330517541, 2.4993702243, 0.74921710356, 3.322259003, 21.3952745838, 3.1823454472],
      [9.1015460814, 12.9519324163, 48.8419753033, 355.0163812988, 344.37919692, 95.7900950937, 842.6177165978, 49.433696355, 14.4218937822, 21.7567094851, 24.0645040694, 12.7212853787, 7.3509106307, 15.5698373778, 119.1505849657, 268.7283333704, 179.7550916837, 328.8051266954, 252.7730068742, 225.3836174894, 127.136798899, 167.5804958909, 229.1558228333, 310.1635929462, 621.0611037952, 287.2983954063, 349.949377712, 59.1708808329, 159.2297206057, 3.637955493, 164.5148822113, 3.742981273, 34.07424457, 42.2505926318, 4.6161996051, 10.2102980022, 40.4535534703, 13.8309742688, 0.89598820652, 1.6038584482, 15.0863603372, 28.1674045468, 11.0763310991, 21.4873629724, 10.33786446, 1.8882224312, 322.1487530057, 154.3507345765, 329.8575355422, 93.2647377171, 9.1726647598, 218.3497307678, 673.8909261655, 3.553385931, 245.3955822256, 211.0469619785, 207.8685786708, 8.6597554007, 55.7550521716, 778.8045873432, 160.6806908803, 53.1699044286, 194.4388180463, 1006.3362677672, 145.4025298905],
      [0.42230067442, 1.830172956, 6.5155325944, 35.2839189952, 17.9932924782, 5.1855512243, 51.8389021255, 2.4794642374, 1.1499856298, 1.5310915512, 0.77495713237, 0.98305561552, 0.4902700089, 1.7168094276, 5.3497083628, 14.163840445, 16.2627717262, 24.04661245, 16.6447042727, 18.9204020815, 11.7266416032, 10.7851563719, 19.7779366421, 14.5563284862, 36.773776391, 18.7796440993, 21.6729076133, 3.8000833379, 8.8633502217, 0.24061121748, 10.4780679461, 0.13518161369, 1.851945229, 2.7877310461, 0.161787793, 0.44380687934, 2.6746670335, 2.366911808, 0.09372417114, 1.1043219862, 2.8156922029, 2.2229063267, 0.88384684594, 2.950777484, 0.3606355142, 0.077828226796, 17.4318109663, 8.2205614819, 15.5726744473, 8.3121269211, 0.5858671609, 18.2970590047, 47.7784376123, 0.19872794398, 15.3579133423, 13.8162512733, 11.1288326778, 0.17597984789, 1.8667955042, 60.0675816819, 10.1147007887, 3.8388961636, 11.6312309683, 56.9900775288, 4.3205320707]
    ],
    [
      [0.2512318653, 0.194345766, 1.8903430651, 7.0448829738, 2.8805452792, 0.56608530406, 7.7916319262, 1.7450095844, 0.40029342379, 0.5896198898, 1.049226489, 0.29460476272, 0.28764373543, 0.37282612087, 6.153754401, 11.5118484201, 6.9543513101, 9.0411745483, 7.7963050811, 9.4682903469, 2.7711344286, 4.1130874261, 5.0117480678, 9.6449011603, 10.0147939218, 11.3545064377, 7.6507764916, 2.7814392023, 6.9206769351, 0.26075109815, 6.4607389766, 0.68874275086, 3.1075260642, 2.7441492022, 0.24140809148, 0.29321076499, 1.610530703, 0.22994298265, 0, 0.13130412204, 0.69972243681, 0.16797937084, 0, 1.1549979943, 0.050519128957, 0.28989359871, 7.9819842609, 4.9579424775, 17.4889441352, 1.7606954034, 0.24006121437, 7.3782107726, 11.413625188, 0.23039848014, 8.7747622389, 4.6857178655, 8.7942488347, 0.11987832733, 3.6822534765, 19.8013119867, 2.0533897945, 0.28235482264, 5.0314788789, 54.2437634329, 5.5782950753],
      [5.6485309688, 4.2558918682, 41.2716688005, 145.8725112702, 62.4304995719, 26.5594765118, 186.5198542798, 30.0960092579, 14.7053679378, 10.1639291934, 8.5492029986, 6.3505512626, 1.816618246, 9.0250525263, 97.4111918601, 212.0263865944, 128.8442233859, 213.9805329546, 259.7091474755, 175.461145132, 99.9189643774, 157.1477145322, 254.6989174339, 201.0019980235, 221.2623770796, 207.9254021481, 206.5582403493, 99.1551462664, 148.2268270185, 7.5610923816, 163.3308580287, 9.9931158187, 56.7717758976, 47.9362822353, 6.1573898391, 1.7880290286, 38.2710661401, 4.3294689901, 1.9348736764, 4.4600728155, 17.3780012188, 3.0748407545, 0.5414853081, 13.4040848957, 2.7552264768, 3.6086491412, 279.0973314232, 91.2411690741, 475.2385700676, 87.1853006997, 3.0680906896, 161.44655097, 323.4197282975, 6.2297893466, 180.2972137632, 69.7075992874, 158.3242882535, 8.0081753959, 89.8001991595, 596.8263589605, 61.9205860259, 18.5362814376, 122.6339577787, 718.4371076807, 122.5392880134],
      [1.9547636621, 5.5892951875, 30.4725564084, 79.5515045204, 39.9619094693, 11.0839143933, 114.7440035783, 12.3810284808, 8.0595596183, 7.566463959, 7.1168169622, 6.7009114945, 3.6079760632, 4.9451529789, 59.2499945374, 143.2697303623, 83.1949232848, 168.814120315, 138.2030131027, 101.7221959526, 74.2311768919, 97.8923691196, 127.9945180782, 117.7462224405, 152.6155781814, 136.6895906252, 107.6063757365, 31.4360245627, 91.5243200629, 2.8722523884, 78.9536547544, 6.8842189022, 24.4050623909, 26.1407117716, 2.4500332543, 2.7878583679, 11.1168378588, 2.0180334083, 1.8849891643, 0.27390969038, 4.9996437587, 3.4264549844, 0.41405765176, 6.4181787716, 1.1384007175, 3.7605808958, 153.8435209287, 54.2529829767, 248.6841072616, 37.0269195996, 3.4203621288, 108.2354471959, 197.9724285943, 1.2955945514, 101.1256081479, 50.5203288477, 106.8810700634, 5.7400755173, 43.2173803126, 300.1207522447, 35.2807152232, 12.1049732023, 62.7018932818, 347.4500388853, 56.63616048],
      [0.1454735038, 0.96046717833, 4.365431726, 9.5311012356, 2.7270456796, 0.79052379087, 8.9445102156, 0.77795267688, 0.83477902007, 0.6799869578, 0.28475355013, 0.6539324802, 0.28776195542, 0.6569683739, 3.1850592015, 9.1920346232, 9.0065020193, 15.1641721821, 11.2915343406, 10.3483685685, 8.0787243021, 7.8468289221, 13.2948164201, 6.6068783757, 11.1072508172, 11.030500789, 8.1846074226, 2.6273899686, 6.3281759834, 0.30590413193, 6.2547482403, 0.43392252824, 1.7156356473, 2.1788567909, 0.1511688151, 0.13090183854, 1.0015652981, 0.42255461902, 0.18013715933, 0.13471337208, 0.92263258561, 0.33072489033, 0.044457040141, 1.0227383384, 0.055853676761, 0.34087636429, 10.0771633872, 3.5479054717, 13.5883785356, 4.0270842973, 0.27148596728, 10.9397910614, 17.1942179202, 0.24421762184, 7.80241585, 4.0863539995, 7.0003928483, 0.13187075951, 1.3001670514, 28.2515768081, 2.7453089563, 1.0763905375, 4.6326700606, 23.8690900011, 1.2462564313]
    ],
    [
      [0.0071326509768, 0.0031500185833, 0.0015271352053, 0.062675718915, 0.041179519595, 0.0051795064924, 0.088540789962, 0.017269091741, 0.0022828926561, 0.00063444023522, 0.011993859958, 0.0051037412269, 0, 0.01311029682, 0.0065998490664, 0.066842221302, 0.017275456585, 0.0099271296657, 0.025405001073, 0.031184524922, 0.0074319140404, 0.013817095571, 0.015045250916, 0.058679855786, 0.063341274585, 0.059775706558, 0.021105578011, 0.017789508245, 0.010539335229, 0.014138906651, 0.026213437357, 0.012620852656, 0.0071677168258, 0.010915801778, 0, 0.0054930221365, 0.0017895809596, 0.005300247247, 0, 0, 0.0031960982503, 0.00061593347424, 0, 0.0034330859389, 0.0031795185963, 0.0043973523418, 0.02651143451, 0.032155427408, 0.055596874495, 0.0060649064075, 0.009968759514, 0.033507821665, 0.051610158729, 0.0067312952194, 0.042258758803, 0.029948346714, 0.010724915437, 0.001245908441, 0.014300714439, 0.11251525631, 0.01521796883, 0.00093686280021, 0.035859688418, 0.21522115193, 0.0069544870595],
      [0.46653137066, 0.13951852629, 0.3774333422, 7.7700359001, 5.5325996313, 3.8641340874, 13.817692592, 1.7991705013, 0.92461103138, 0.12578812672, 0.26530637407, 0.17278428058, 0, 0.27437073188, 1.3707282502, 6.3037835864, 2.830922331, 3.1581818842, 5.9951924674, 4.2574784373, 2.3813146609, 4.0512224114, 8.5713500627, 8.1029410157, 9.027585703, 8.727806193, 4.9508881633, 3.4382880057, 2.4090610742, 0.43486214825, 4.2318685042, 0.32345008727, 0.85967414023, 2.7053445737, 0, 0.13309876956, 0.53460648334, 0.18737900604, 0, 0, 0.358006044, 0.078010760662, 0, 0.27394501966, 0.37110535637, 0.1053720069, 13.9111009794, 3.7147162985, 9.6899629048, 4.9898969388, 0.16529964903, 4.5730937241, 10.3324687587, 0.51257818229, 9.4092762849, 2.6924760291, 2.4428525435, 0.3141480011, 1.7618211698, 26.5692870701, 2.8313355057, 0.84010230808, 5.7742879744, 22.4873051087, 2.0730354944],
