{
  "X": [
    [4, 8, 26, 0],
    [24, 248, 126, 26],
    [25, 165, 79, 12],
    [3, 10, 58, 1],
    [3, 12, 54, 8],
    [5, 15, 104, 8],
    [21, 71, 280, 32],
    [0, 5, 16, 3],
    [1, 5, 74, 2],
    [2, 17, 81, 7],
    [5, 15, 77, 6],
    [2, 2, 75, 8],
    [46, 283, 380, 46],
    [24, 187, 107, 16],
    [18, 95, 100, 15],
    [24, 149, 64, 22],
    [62, 309, 428, 74],
    [41, 258, 184, 42],
    [59, 369, 226, 44],
    [69, 557, 302, 52],
    [35, 128, 104, 19],
    [13, 79, 278, 22],
    [34, 176, 181, 45],
    [74, 291, 402, 47],
    [32, 181, 139, 24],
    [60, 127, 125, 19],
    [53, 154, 459, 30],
    [33, 133, 282, 20],
    [19, 160, 88, 9],
    [47, 294, 181, 33],
    [63, 200, 232, 25],
    [36, 218, 133, 31],
    [31, 205, 191, 19],
    [49, 437, 404, 38],
    [14, 107, 31, 13],
    [24, 103, 195, 12],
    [26, 135, 302, 20],
    [65, 209, 158, 23],
    [68, 455, 290, 47],
    [42, 129, 237, 15],
    [23, 108, 102, 17],
    [21, 81, 45, 9],
    [56, 345, 603, 66],
    [52, 145, 419, 21],
    [27, 117, 117, 13],
    [53, 205, 503, 49],
    [39, 168, 383, 31],
    [12, 40, 146, 11],
    [7, 4, 119, 8],
    [27, 144, 389, 28],
    [1, 8, 54, 8],
    [4, 22, 119, 19],
    [25, 86, 355, 21],
    [3, 25, 38, 3],
    [126, 350, 732, 68],
    [5, 7, 21, 1],
    [12, 31, 80, 10],
    [52, 215, 474, 30],
    [2, 12, 79, 3],
    [8, 26, 90, 7],
    [1, 8, 89, 2],
    [33, 31, 95, 8],
    [5, 11, 51, 3],
    [1, 4, 39, 0],
    [1, 17, 91, 8],
    [16, 110, 153, 14],
    [1, 16, 195, 9],
    [0, 2, 45, 5],
    [9, 15, 140, 14],
    [3, 7, 57, 3],
    [4, 12, 93, 3],
    [20, 101, 243, 18],
    [1, 10, 25, 2],
    [5, 39, 45, 4],
    [9, 26, 167, 20],
    [6, 14, 88, 9],
    [16, 71, 260, 18],
    [215, 1050, 2141, 180],
    [47, 129, 194, 19],
    [212, 467, 861, 89],
    [17, 32, 82, 7]
  ],
  "W": [
    [6, 3, 24, 4, 1],
    [32, 203, 106, 51, 32],
    [21, 135, 74, 30, 21],
    [3, 8, 48, 3, 10],
    [2, 10, 51, 6, 8],
    [7, 9, 96, 5, 15],
    [25, 67, 259, 14, 39],
    [0, 6, 15, 0, 3],
    [1, 2, 60, 3, 16],
    [1, 13, 82, 2, 9],
    [5, 13, 66, 8, 11],
    [0, 4, 71, 2, 10],
    [56, 244, 363, 43, 49],
    [30, 155, 101, 22, 26],
    [23, 80, 100, 15, 10],
    [19, 132, 59, 24, 25],
    [62, 274, 397, 79, 61],
    [42, 213, 165, 58, 47],
    [60, 293, 183, 87, 75],
    [69, 480, 265, 109, 57],
    [25, 100, 108, 29, 24],
    [29, 61, 266, 17, 19],
    [25, 156, 171, 48, 36],
    [87, 253, 385, 53, 36],
    [35, 132, 138, 34, 37],
    [58, 107, 113, 21, 32],
    [60, 127, 441, 36, 32],
    [53, 116, 263, 15, 21],
    [18, 131, 81, 31, 15],
    [64, 233, 159, 50, 49],
    [48, 180, 229, 35, 28],
    [39, 183, 118, 43, 35],
    [35, 182, 183, 25, 21],
    [66, 351, 350, 93, 68],
    [11, 95, 29, 13, 17],
    [24, 91, 170, 23, 26],
    [41, 110, 290, 22, 20],
    [58, 183, 145, 31, 38],
    [62, 409, 262, 72, 55],
    [38, 104, 229, 26, 26],
    [27, 90, 91, 15, 27],
    [21, 67, 42, 13, 13],
    [54, 300, 571, 80, 65],
    [58, 121, 408, 21, 29],
    [27, 96, 120, 13, 18],
    [68, 158, 464, 53, 67],
    [55, 145, 359, 32, 30],
    [8, 30, 140, 18, 13],
    [6, 7, 111, 2, 12],
    [33, 118, 364, 47, 26],
    [0, 6, 56, 3, 6],
    [5, 12, 116, 6, 25],
    [27, 55, 325, 43, 37],
    [0, 19, 31, 10, 9],
    [143, 289, 695, 68, 81],
    [3, 8, 20, 0, 3],
    [11, 21, 69, 10, 22],
    [68, 154, 448, 60, 41],
    [5, 5, 76, 3, 7],
    [11, 17, 81, 10, 12],
    [5, 6, 76, 2, 11],
    [40, 36, 72, 6, 13],
    [9, 10, 49, 1, 1],
    [3, 1, 37, 0, 3],
    [3, 14, 83, 3, 14],
    [23, 89, 143, 21, 17],
    [4, 11, 183, 6, 17],
    [0, 3, 41, 2, 6],
    [8, 15, 134, 8, 13],
    [5, 7, 49, 3, 6],
    [5, 11, 81, 5, 10],
    [20, 93, 220, 19, 30],
    [2, 7, 23, 2, 4],
    [4, 35, 39, 8, 7],
    [7, 18, 155, 15, 27],
    [6, 13, 74, 12, 12],
    [20, 53, 229, 28, 35],
    [278, 874, 2048, 166, 220],
    [37, 124, 182, 24, 22],
    [227, 423, 794, 77, 108],
    [22, 26, 80, 3, 7]
  ],
  "method": "mult",
  "cond_prob": [
    [
      [0.62643130376, 0.21747945654, 0.1560892397, 0],
      [0.034182402478, 0.95286882017, 0.012948777352, 0],
      [0, 0, 1, 0],
      [0.025705422635, 0.93201053683, 0.042284040537, 0],
      [0.036043279484, 0.10847465291, 0.8554820676, 0]
    ],
    [
      [0.59351523318, 0.28593560251, 0.10477372972, 0.015775434584],
      [0.017014617804, 0.95125450832, 0.0037732946537, 0.027957579226],
      [0, 0.0091607906274, 0.96739996048, 0.02343924889],
      [0.019101946727, 0.82963495336, 0.034770663766, 0.11649243614],
      [0.018104557528, 0.076967784483, 0.54886131784, 0.35606634015]
    ],
    [
      [0.70799598195, 0.22065504069, 0.063755211024, 0.0075937663424],
      [0.018287911319, 0.96703311234, 0, 0.014678976344],
      [0.077689415723, 0.02858250793, 0.87788333026, 0.015844746086],
      [0.037166221339, 0.85740513348, 0.022719716159, 0.082708929024],
      [0.038057759395, 0.094262589954, 0.57219917354, 0.29548047711]
    ],
    [
      [0.75216345315, 0.16346733981, 0.082617543163, 0.0017516638723],
      [0.050239100823, 0.85706762053, 0.087587270075, 0.005106008577],
      [0, 0, 1, 0],
      [0.038325460892, 0.88435233879, 0.050736098519, 0.026586101803],
      [0.022662045129, 0, 0.88992409144, 0.087413863436]
    ],
    [
      [0.80797033787, 0.11820565637, 0.05950258654, 0.014321419219],
      [0.088843732774, 0.72024168577, 0.13634704449, 0.054567536974],
      [0, 0, 0.95467589138, 0.045324108616],
      [0.043741419485, 0.70684977349, 0.042235404208, 0.20717340281],
      [0.02914668495, 0.040009148581, 0.44695518703, 0.48388897944]
    ],
    [
      [0.6626902309, 0.23059153607, 0.093963101906, 0.012755131123],
      [0.025633633261, 0.92415686763, 0.023532791178, 0.026676707934],
      [0, 0, 0.98001152188, 0.019988478123],
      [0.026093136871, 0.82268611322, 0.038471230406, 0.1127495195],
      [0, 0.063667791515, 0.59046672759, 0.3458654809]
    ],
    [
      [0.68688695247, 0.19874144174, 0.095459933098, 0.018911672693],
      [0.03716431308, 0.79933415773, 0.11797844885, 0.045523080344],
      [0, 0, 0.96388141789, 0.03611858211],
      [0.032108236403, 0.7516182881, 0.042402092856, 0.17387138264],
      [0.022776971853, 0.050087675777, 0.49923151452, 0.42790383785]
    ],
    [
      [0, 0.64138617296, 0.27826994671, 0.080343880331],
      [0, 0.81675126401, 0.12085190419, 0.062396831799],
      [0, 0, 0.94161433229, 0.058385667706],
      [0, 0.74114198646, 0.034024164668, 0.22483384887],
      [5.5511151231e-17, 0.033164138641, 0.38355786349, 0.58327799787]
    ],
    [
      [0.74127896193, 0.17157572944, 0.084223943169, 0.002921365465],
      [0.032649334531, 0.94588829848, 0.01370011303, 0.0077622539597],
      [0, 0, 1, 0],
      [0.024447440906, 0.89196593639, 0.047706933646, 0.035879689056],
      [0.0075050028933, 0.016296866527, 0.85907843936, 0.11711969122]
    ],
    [
      [0.76876642673, 0.16752536238, 0.053402795225, 0.010305415673],
      [0.042882459748, 0.92334098642, 0.0041091762966, 0.029667377538],
      [0.0043183334837, 0.030497315903, 0.93344411625, 0.031740234368],
      [0.02992554749, 0.81701235709, 0.029158613329, 0.12390348209],
      [0.028867461766, 0.07713746622, 0.47693812823, 0.41705694378]
    ],
    [
      [0.75466129725, 0.14384207617, 0.091467109389, 0.010029517194],
      [0.044161042542, 0.5937442275, 0.33018291631, 0.031911813647],
      [0, 0, 0.98620515404, 0.013794845961],
      [0.042202042689, 0.76343097272, 0.060029269038, 0.13433771556],
      [0.028634874472, 0.041333352718, 0.60731929292, 0.32271247989]
    ],
    [
      [0.99571563481, 0.0017461557031, 0.0020900554036, 0.00044815408599],
      [0.25802773285, 0.25545769512, 0.40694065143, 0.079573920605],
      [0, 0, 0.963549879, 0.036450121004],
      [0.15548808822, 0.48908460977, 0.063561599157, 0.29186570285],
      [0.065691289216, 0, 0.48330727872, 0.45100143206]
    ],
    [
      [0.64309532956, 0.24829981425, 0.091537282345, 0.01706757384],
      [0.031783140253, 0.92835207762, 0.0047358961407, 0.03512888599],
      [0, 0.012953988391, 0.95673613653, 0.030309875075],
      [0.026314764166, 0.80124894607, 0.034662997756, 0.13777329201],
      [0.022449805379, 0.069822469315, 0.50882912378, 0.39889860153]
    ],
    [
      [0.62661647929, 0.28223247396, 0.079690143895, 0.011460902855],
      [0, 0.98081359712, 0, 0.019186402879],
      [0.040030161889, 0.051760796895, 0.88876688154, 0.019442159678],
      [0.023906742512, 0.85472954811, 0.026242535798, 0.095121173583],
      [0.024327343669, 0.095193372406, 0.54871172539, 0.33176755853]
    ],
    [
      [0.64978331826, 0.2472236105, 0.082124756015, 0.02086831523],
      [0.027731617732, 0.92852642697, 0, 0.043741955298],
      [0.0024272943195, 0.026554160514, 0.93145398332, 0.039564561842],
      [0.025477236443, 0.78132147425, 0.02979631416, 0.16340497515],
      [0.021156628292, 0.06565046358, 0.45187875668, 0.46131415145]
    ],
    [
      [0.72086032769, 0.20387473172, 0.060244830181, 0.01502011041],
      [0.028853339758, 0.93348522975, 0, 0.037661430487],
      [0.080717785317, 0.017820590271, 0.86620760904, 0.035254015371],
      [0.037443523958, 0.79121934408, 0.023229581652, 0.14810755031],
      [0.033360760687, 0.074626027434, 0.44766357334, 0.44434963854]
    ],
    [
      [0.6938503256, 0.19823003733, 0.087575181126, 0.020344455945],
      [0.054182788345, 0.8568065245, 0.038027457939, 0.050983229213],
      [0, 0, 0.95832557388, 0.041674426125],
      [0.033266756061, 0.74372784151, 0.040111995804, 0.18289340662],
      [0.0247069193, 0.052299188404, 0.46765106226, 0.45534283004]
    ],
    [
      [0.6749529946, 0.22785125533, 0.080495583121, 0.016700166951],
      [0.038437207675, 0.92342282047, 0, 0.038139971855],
      [0.0090596417495, 0.014224410509, 0.94430650273, 0.032409445013],
      [0.030277695622, 0.79491898758, 0.030476927183, 0.14432638962],
      [0.025827696967, 0.069975691546, 0.49023299536, 0.41396361612]
    ],
    [
      [0.67501753707, 0.23109481283, 0.08309929237, 0.01078835773],
      [0.041976577288, 0.93595794202, 0, 0.022065480689],
      [0.0068355418573, 0.013694289924, 0.96026232116, 0.019207847055],
      [0.031629374616, 0.83190288004, 0.032948043606, 0.10351970174],
      [0.029295345049, 0.080227047979, 0.56559410521, 0.32488350176]
    ],
    [
      [0.65917047776, 0.2370498515, 0.090758385551, 0.013021285195],
      [0.038992586167, 0.92709878724, 0.0067751101524, 0.027133516444],
      [0.00065029554123, 0.0078946062249, 0.96906707966, 0.022388018575],
      [0.028870734145, 0.81982658728, 0.036588184305, 0.11471449427],
      [0.025992233941, 0.07338550368, 0.55604790044, 0.34457436194]
    ],
    [
      [0.77134850421, 0.17937835597, 0.03944485389, 0.0098282859335],
      [0.039406347421, 0.93314136909, 0, 0.027452283485],
      [0.083563431224, 0.043008379564, 0.84620469603, 0.027223493181],
      [0.053520975496, 0.81166934043, 0.012550899643, 0.12225878443],
      [0.049945574628, 0.084087013582, 0.46915814133, 0.39680927046]
    ],
    [
      [0.43098544189, 0.31767410606, 0.22720001612, 0.024140435925],
      [0, 0.90278248202, 0.05916455594, 0.038052962038],
      [0, 0, 0.96795676793, 0.03204323207],
      [0.015634280235, 0.79508024002, 0.038912719173, 0.15037276057],
      [0.012402074801, 0.063229233711, 0.5086392171, 0.41572947439]
    ],
    [
      [0.73831756277, 0.17273673728, 0.069339344442, 0.019606355515],
      [0.073572198425, 0.86432931428, 0.0038154738409, 0.058283013459],
      [0.0056019610068, 0, 0.94517538753, 0.049222651459],
      [0.041618846248, 0.72883159239, 0.032812111027, 0.19673745033],
      [0.030809945123, 0.051730336287, 0.42975916311, 0.48770055548]
    ],
    [
      [0.67922949855, 0.2162363633, 0.087276536266, 0.017257601893],
      [0.045922275016, 0.902598371, 0.012072807889, 0.039406546098],
      [0.0018384965165, 0.00083742475422, 0.96489786111, 0.032426217622],
      [0.03144267386, 0.77866140413, 0.037207124438, 0.15268879757],
      [0.025400421502, 0.062182932829, 0.4970796341, 0.41533701157]
    ],
    [
      [0.66788805002, 0.26170863794, 0.058667286605, 0.011736025438],
      [0, 0.97728177853, 0, 0.022718221473],
      [0.047027329158, 0.07370161978, 0.85576738654, 0.023503664518],
      [0.02955591693, 0.84993410607, 0.014552932923, 0.10595704407],
      [0.030520152702, 0.10190323703, 0.49610664612, 0.37146996414]
    ],
    [
      [0.75813401561, 0.18067982514, 0.052793182599, 0.0083929766533],
      [0.072370963926, 0.90322538308, 0, 0.024403652994],
      [0.050984116665, 0.0056580770631, 0.92323885397, 0.0201189523],
      [0.04844370086, 0.80611070553, 0.030555419228, 0.11489017438],
      [0.047062845413, 0.072117707133, 0.53032315958, 0.35049628787]
    ],
    [
      [0.70105465954, 0.20009748254, 0.08658264722, 0.012265210701],
      [0.068388927412, 0.87496273978, 0.026710670566, 0.029937662244],
      [0, 0, 0.97769332453, 0.022306675466],
      [0.035894035545, 0.79952344197, 0.040838365675, 0.12374415681],
      [0.029973167714, 0.065344974529, 0.55562027254, 0.34906158522]
    ],
    [
      [0.60812523295, 0.25947126006, 0.11658553146, 0.015817975527],
      [0, 0.91071984126, 0.058947239606, 0.030332919134],
      [0, 0, 0.97616551514, 0.023834484858],
      [0.023714955252, 0.81199598686, 0.040357133283, 0.12393192461],
      [0.019697063085, 0.0678372299, 0.55458093126, 0.35788477575]
    ],
    [
      [0.67026084525, 0.24052748694, 0.081751326013, 0.0074603417892],
      [0.026774336536, 0.95948866097, 0, 0.013737002499],
      [0.024863662085, 0.021477410813, 0.94086690794, 0.01279201916],
      [0.030422403002, 0.86697677581, 0.030755275969, 0.071845545216],
      [0.031387705153, 0.090769354833, 0.6243228689, 0.25352007112]
    ],
    [
      [0.62217570235, 0.27846255105, 0.085813940289, 0.013547806309],
      [0.0087489140005, 0.96649348397, 0, 0.024757602027],
      [0.01851331444, 0.029846141321, 0.92894117591, 0.022699368331],
      [0.022721324161, 0.83959555411, 0.028568312534, 0.1091148092],
      [0.021685201706, 0.086940832479, 0.53832337195, 0.35305059387]
    ],
    [
      [0.76826429279, 0.16452586533, 0.057667616025, 0.0095422258533],
      [0.077625197846, 0.89444577001, 0, 0.027929032142],
      [0.039693712314, 0.0057384280131, 0.93158706591, 0.022980793762],
      [0.05156016797, 0.79560733837, 0.032190693156, 0.12064180051],
      [0.044868297678, 0.069362964422, 0.52756578846, 0.35820294944]
    ],
    [
      [0.66993642025, 0.23331368441, 0.080571694304, 0.016178201035],
      [0.034210988501, 0.92992207862, 0, 0.03586693288],
      [0.012370750047, 0.014945346185, 0.94214313756, 0.030540766205],
      [0.029343383801, 0.8011170532, 0.030521138172, 0.13901842482],
      [0.025438705874, 0.071812622372, 0.49635442138, 0.40639425037]
    ],
    [
      [0.65594148031, 0.24408442675, 0.087431407991, 0.012542684953],
      [0.036606533002, 0.93774646094, 0, 0.025647006058],
      [0.00068000424781, 0.019041330373, 0.95858365088, 0.021695014495],
      [0.02830597737, 0.82740057213, 0.034711075003, 0.1095823755],
      [0.026074712916, 0.077029114818, 0.55482455873, 0.34207161353]
    ],
    [
      [0.59981891488, 0.27953292645, 0.11011046004, 0.010537698633],
      [0.017097097464, 0.94833780219, 0.01680297066, 0.017762129684],
      [0, 0.0021603466443, 0.98403623764, 0.013803415715],
      [0.021403483531, 0.85351778612, 0.040990380355, 0.084088349991],
      [0.020887447645, 0.081632100737, 0.62661879983, 0.27086165179]
    ],
    [
      [0.71086858464, 0.22006460432, 0.055596976516, 0.013469834529],
      [0.0043815782515, 0.96745526227, 0, 0.028163159479],
      [0.16429840322, 0.021232262079, 0.7813216121, 0.033147722599],
      [0.033794248118, 0.813664057, 0.019881064926, 0.13266062996],
      [0.032953924476, 0.086921829155, 0.4395089802, 0.44061526617]
    ],
    [
      [0.70681018552, 0.19297374824, 0.092868927077, 0.0073471391704],
      [0.05830053619, 0.85176819462, 0.07212968684, 0.01780158235],
      [0, 0, 0.98949166254, 0.010508337458],
      [0.037792468656, 0.83011487748, 0.048482716093, 0.083609937772],
      [0.03315307597, 0.067887774998, 0.6491791979, 0.24977995113]
    ],
    [
      [0.60563198438, 0.27280424258, 0.10629549506, 0.01526827798],
      [0.0024880998615, 0.94780530668, 0.021528229538, 0.028178363923],
      [0, 0, 0.97695726774, 0.023042732264],
      [0.022506899267, 0.82286557183, 0.038159539139, 0.11646798976],
      [0.020012293594, 0.072669986978, 0.55583309744, 0.35148462199]
    ],
    [
      [0.74575665564, 0.18836545323, 0.057620643249, 0.0082572478778],
      [0.061334149663, 0.91725694151, 0, 0.02140890883],
      [0.051094080125, 0.012829501395, 0.91707235822, 0.019004060256],
      [0.046143991692, 0.81908971123, 0.030072609018, 0.10469368806],
      [0.044285769051, 0.078019070164, 0.54605947025, 0.33163569054]
    ],
    [
      [0.68803479531, 0.21781280073, 0.081537233343, 0.012615170619],
      [0.049480459661, 0.92114112011, 0.00084489107948, 0.028533529152],
      [0.0040258959968, 0.0089596531379, 0.96319037175, 0.023824079114],
      [0.033580849404, 0.81143823197, 0.035064012727, 0.1199169059],
      [0.029667796019, 0.072325571038, 0.54033899575, 0.35766763719]
    ],
    [
      [0.73762825148, 0.1878901973, 0.067321118358, 0.0071604328679],
      [0.066054246636, 0.91503080498, 0, 0.018914948384],
      [0.021241727103, 0.012731239131, 0.95202064797, 0.014006385799],
      [0.043904756698, 0.83472446045, 0.034970533459, 0.086400249389],
      [0.042100215885, 0.079949194307, 0.59691674031, 0.2810338495]
    ],
    [
      [0.6687529299, 0.24012678398, 0.077765102906, 0.01335518321],
      [0.030972539935, 0.94087162105, 0, 0.028155839016],
      [0.01096613384, 0.026099799276, 0.93823273184, 0.024701335043],
      [0.029324624173, 0.81963342741, 0.031209280115, 0.11983266831],
      [0.02660573172, 0.080316584922, 0.52048238601, 0.37259529735]
    ],
    [
      [0.71991734898, 0.21597986422, 0.054112709479, 0.0099900773194],
      [0.028404483962, 0.94844628631, 0, 0.023149229727],
      [0.071316975716, 0.025941913967, 0.8797632772, 0.022977833117],
      [0.038603435554, 0.82590789683, 0.023304906311, 0.1121837613],
      [0.037036738744, 0.084012201775, 0.5085085905, 0.37044246898]
    ],
    [
      [0.68183328135, 0.21325830607, 0.089123951673, 0.015784460901],
      [0.049746814292, 0.88922095458, 0.024268026997, 0.036764204128],
      [0, 0, 0.97044266079, 0.029557339211],
      [0.032086745687, 0.78352392193, 0.039550470476, 0.14483886191],
      [0.026000290224, 0.062090020652, 0.51723233172, 0.3946773574]
    ],
    [
      [0.70132633112, 0.20838076122, 0.080907940735, 0.0093849669239],
      [0.051706630427, 0.91644194048, 0.009388438933, 0.022462990161],
      [0.0081875158308, 0.0059221496045, 0.96880340201, 0.017086932555],
      [0.03608816831, 0.8290690833, 0.038222573791, 0.096620174598],
      [0.03338663862, 0.075784595283, 0.58954745713, 0.30128130897]
    ],
    [
      [0.70231600095, 0.22962613871, 0.057589136734, 0.010468723609],
      [0.018832037694, 0.95797775516, 0, 0.023190207146],
      [0.042885202499, 0.053103636881, 0.88171352572, 0.022297634897],
      [0.034698338418, 0.83494897507, 0.02536979824, 0.10498288827],
      [0.035127203131, 0.08930314766, 0.51720349135, 0.35836615786]
    ],
    [
      [0.65974495641, 0.22957199909, 0.095937943324, 0.014745101185],
      [0.031545986416, 0.90168896766, 0.035027629807, 0.031737416118],
      [0, 0, 0.97486359142, 0.025136408583],
      [0.028988662449, 0.8019047486, 0.04017362775, 0.1289329612],
      [0.024129522403, 0.06598948502, 0.54441709934, 0.36546389323]
    ],
    [
      [0.64062075651, 0.2378574824, 0.10502879204, 0.016492969058],
      [0.015720194, 0.88003569889, 0.070105043981, 0.034139063131],
      [0, 0, 0.97367287143, 0.026327128569],
      [0.026417911199, 0.79457075541, 0.0418923286, 0.13711900479],
      [0.021368570126, 0.062879931879, 0.53896899006, 0.37678250793]
    ],
    [
      [0.78569332823, 0.14064854265, 0.064332008525, 0.0093261205896],
      [0.14097478474, 0.80498808654, 0.022892099818, 0.031145028909],
      [0, 0, 0.97824461813, 0.021755381866],
      [0.052423412787, 0.77551267246, 0.04228828038, 0.12977563437],
      [0.041660646297, 0.058918535262, 0.54485733474, 0.3545634837]
    ],
    [
      [0.84939983146, 0.065904868532, 0.073622890919, 0.011072409088],
      [0.14622269528, 0.34263556833, 0.44535414801, 0.065787588379],
      [0, 0, 0.97886540248, 0.021134597522],
      [0.081480539786, 0.60306090524, 0.072373809651, 0.24308474533],
      [0.059756755393, 0, 0.553498027, 0.38674521761]
    ],
    [
      [0.6602137362, 0.22162946777, 0.10346411017, 0.014692685865],
      [0.027471296032, 0.82940645931, 0.11080273961, 0.032319505049],
      [0, 0, 0.97737189312, 0.022628106882],
      [0.029040957283, 0.79224356368, 0.046554514461, 0.13216096458],
      [0.023323414666, 0.060800687408, 0.55998191598, 0.35589398195]
    ],
    [
      [0.99661704652, 0.0022413370892, 0.00086284975192, 0.00027876663949],
      [0.065673667746, 0.87092746288, 0.0073885298077, 0.056010339568],
      [0.0052951348659, 0.0062231878318, 0.92270819993, 0.065773477376],
      [0.04212781624, 0.71385091865, 0.029165981529, 0.21485528358],
      [0.030507832052, 0.047397324698, 0.36608528011, 0.55600956314]
    ],
    [
      [0.6274426676, 0.26790431529, 0.083727832139, 0.020925184967],
      [0.030025509926, 0.92592188529, 0.0057335631508, 0.038319041636],
      [0, 0.024280022944, 0.92600546302, 0.049714514035],
      [0.020619227406, 0.80050875271, 0.027700128865, 0.15117189102],
      [0.015150607138, 0.077195224891, 0.43718894392, 0.47046522405]
    ],
    [
      [0.70431744345, 0.19457200813, 0.091734510562, 0.0093760378652],
      [0.059144202919, 0.78724259115, 0.12998543973, 0.023627766207],
      [0, 0, 0.98621017908, 0.01378982092],
      [0.036848439795, 0.81476291602, 0.047604093738, 0.10078455045],
      [0.030973377168, 0.065227239968, 0.61645094048, 0.28734844238]
    ],
    [
      [0.88326861029, 0.079190901405, 0.034946182742, 0.0025943055668],
      [0.09445635375, 0.85257719689, 0.041227354693, 0.011739094664],
      [0, 0, 0.99424944034, 0.0057505596605],
      [0.066153786371, 0.81845350996, 0.049475679414, 0.06591702425],
      [0.060421268337, 0.068499795488, 0.65557675735, 0.21550217882]
    ],
    [
      [0.6998738691, 0.20436726983, 0.082365028312, 0.013393832755],
      [0.053141229647, 0.90421368267, 0.010507484071, 0.032137603607],
      [0.0081754440435, 0, 0.96612717667, 0.025697379292],
      [0.035696611612, 0.79556289591, 0.037890405155, 0.13085008732],
      [0.030258248776, 0.06616603949, 0.53271855212, 0.37085715961]
    ],
    [
      [0.87237045194, 0.088146115611, 0.037281897207, 0.0022015352424],
      [0.16692087272, 0.81866568604, 0.0010465513417, 0.013366889895],
      [0.041900123442, 0, 0.95357981227, 0.004520064288],
      [0.068967793085, 0.81371703, 0.040120901882, 0.077194275028],
      [0.069839731188, 0.062078721612, 0.60272855075, 0.26535299645]
    ],
    [
      [0.74434401479, 0.17792930004, 0.069097270579, 0.0086294145942],
      [0.061455468923, 0.90653569047, 0.0079246477916, 0.024084192812],
      [0.017359995918, 0.0043639324673, 0.96223322887, 0.01604284274],
      [0.042634215725, 0.81410313077, 0.036223711727, 0.10703894177],
      [0.040794050651, 0.071062979622, 0.55987193229, 0.32827103744]
    ],
    [
      [0.65331450996, 0.241209833, 0.094684201023, 0.010791456023],
      [0.030988074058, 0.93387886491, 0.012683897635, 0.022449163395],
      [0, 0.0032880595796, 0.97962579702, 0.017086143403],
      [0.028534832441, 0.83587429465, 0.039183228893, 0.096407644014],
      [0.026594145645, 0.076948238757, 0.59475129993, 0.30170631567]
    ],
    [
      [0.37794275854, 0.50130240279, 0.11072099036, 0.010033848309],
      [0.015196625705, 0.96452272017, 0.0076270363811, 0.01265361774],
      [0, 0.014621167417, 0.97369152167, 0.011687310917],
      [0.011434359585, 0.90255067358, 0.028534950766, 0.057480016073],
      [0, 0.12171623439, 0.61744276677, 0.26084099884]
    ],
    [
      [0.66867902732, 0.22071272047, 0.098925508821, 0.011682743389],
      [0.0047517248082, 0.85948208895, 0.10989246957, 0.025873716667],
      [0, 0, 0.98263977759, 0.017360222412],
      [0.028070284012, 0.81744183343, 0.044017581775, 0.11047030078],
      [0.023587378136, 0.065545519022, 0.58413746816, 0.32672963469]
    ],
    [
      [0.19657594432, 0.40011229109, 0.39488023902, 0.0084315255676],
      [0, 0.70187467083, 0.2879502209, 0.010175108262],
      [0, 0, 0.99814621284, 0.0018537871581],
      [0.0085601392042, 0.89409525977, 0.050612559118, 0.046732041906],
      [0, 0, 0.84886910775, 0.15113089225]
    ],
    [
      [0.74337752408, 0, 0.24658878388, 0.010033692035],
      [0.072146850711, 0.73122164629, 0.15864649415, 0.037985008855],
      [0, 0, 0.98444760718, 0.015552392821],
      [0.049210621211, 0.72412948246, 0.069757764168, 0.15690213216],
      [0.028642206448, 0.025480295302, 0.62510773489, 0.32076976336]
    ],
    [
      [0.5512752109, 0.22958458833, 0.19666760139, 0.022472599372],
      [0, 0.81290681, 0.14214441015, 0.044948779846],
      [0, 0, 0.96569274127, 0.034307258731],
      [0.022760328719, 0.7557196806, 0.039235179765, 0.18228481092],
      [0.015762773156, 0.048950924415, 0.45036798397, 0.48491831846]
    ],
    [
      [0.31522420915, 0.59840352663, 0.086372264226, 0],
      [0.0054071720817, 0.99164021101, 0.0029526169098, 0],
      [0, 0.016019721301, 0.9839802787, 0],
      [0.0048534707644, 0.98198111759, 0.013165411647, 0],
      [0.016306733492, 0.206806507, 0.77688675951, 0]
    ],
    [
      [0.32415272173, 0.38521095024, 0.26692742581, 0.023708902218],
      [0, 0.88919089765, 0.080563335892, 0.030245766457],
      [0, 0, 0.97710280535, 0.02289719465],
      [0.0091806116019, 0.82597550593, 0.039164373052, 0.12567950941],
      [0, 0.06555486174, 0.56102178978, 0.37342334848]
    ],
    [
      [0.6109981436, 0.27145600026, 0.10318505703, 0.014360799115],
      [0.012830471444, 0.94870522748, 0.011884263726, 0.026580037348],
      [0, 0.0045094396442, 0.97379924283, 0.021691317529],
      [0.022072966789, 0.82865072063, 0.037453217288, 0.11182309529],
      [0.020094025655, 0.075013632103, 0.56054323115, 0.34434911109]
    ],
    [
      [0.25, 0.41619989514, 0.31266425561, 0.021135849257],
      [0, 0.84369992644, 0.13116893975, 0.025131133808],
      [0, 0, 0.98491453398, 0.015085466022],
      [0, 0.84241687144, 0.052077311673, 0.10550581689],
      [0, 0, 0.69145065013, 0.30854934987]
    ],
    [
      [1.3877787808e-17, 0.45923284898, 0.44652245267, 0.094244698349],
      [0, 0.24338920586, 0.67152324926, 0.085087544876],
      [0, 0, 0.96999971027, 0.030000289726],
      [0, 0.63491619121, 0.06693503848, 0.29814877031],
      [0, 0, 0.51359534233, 0.48640465767]
    ],
    [
      [0.79019560675, 0.11742527328, 0.075679508465, 0.016699611513],
      [0.12505781951, 0.55124224245, 0.26179525181, 0.061904686224],
      [0, 0, 0.96235286292, 0.037647137084],
      [0.051331316022, 0.66797345297, 0.049726295269, 0.23096893574],
      [0.030147486549, 0.03447511949, 0.47034932016, 0.4650280738]
    ],
    [
      [0.5816408114, 0.17104127554, 0.23598416132, 0.011333751742],
      [0, 0.50910430412, 0.46061938071, 0.03027631517],
      [0, 0, 0.98927907919, 0.010720920813],
      [0.030598647665, 0.77888458636, 0.061869984112, 0.12864678187],
      [0, 0.04073495573, 0.65590978266, 0.30335526161]
    ],
    [
      [0.72167678375, 0.16901968703, 0.10329494151, 0.0060085877063],
      [0, 0.58739488104, 0.39572285033, 0.016882268628],
      [0, 0, 0.99531227695, 0.0046877230508],
      [0.037056138434, 0.8285440615, 0.058812279028, 0.075587521034],
      [0.020633538909, 0.055083756587, 0.72162181108, 0.20266089343]
    ],
    [
      [0.69387634634, 0.2027629944, 0.092480094535, 0.01088056473],
      [0.049524702764, 0.85609271238, 0.068597101433, 0.025785483427],
      [0, 0, 0.98255745847, 0.017442541534],
      [0.034421678724, 0.81049728868, 0.044477226214, 0.11060380638],
      [0.028755460679, 0.064288979204, 0.59210531718, 0.31485024294]
    ],
    [
      [0.48691184724, 0.40349603561, 0.098010456438, 0.01158166071],
      [0, 0.97241603364, 0.0089885812698, 0.018595385095],
      [0, 0.01186682543, 0.97464394591, 0.013489228661],
      [0.01308815276, 0.86475646226, 0.032700238216, 0.089455146769],
      [0, 0.095911445982, 0.56471194648, 0.33937660754]
    ],
    [
      [0.71552385555, 0.19156003902, 0.084593846213, 0.0083222592096],
      [0.047371395372, 0.8897178686, 0.043595367337, 0.01931536869],
      [0, 0, 0.9865643166, 0.013435683403],
      [0.033957089665, 0.82697988615, 0.045611454869, 0.093451569321],
      [0.029749860348, 0.068256479099, 0.61355525316, 0.28843840739]
    ],
    [
      [0.76712566615, 0.1455720418, 0.073263839666, 0.014038452384],
      [0.067885637582, 0.77470444115, 0.11281717722, 0.044592744043],
      [0, 0, 0.96671327398, 0.033286726018],
      [0.045288191799, 0.73575438444, 0.044147598722, 0.17480982504],
      [0.064031703092, 0, 0.51680268461, 0.4191656123]
    ],
    [
      [0.77261596929, 0.1149805606, 0.098893441453, 0.013510028654],
      [0.036743037373, 0.37608839476, 0.53628068118, 0.050887886687],
      [0, 0, 0.98226688131, 0.017733118687],
      [0.047963250926, 0.6781690577, 0.075775708886, 0.19809198249],
      [0.025923807274, 0.023578234348, 0.56982773101, 0.38067022736]
    ],
    [
      [0.6662474933, 0.2167028159, 0.10604793116, 0.011001759647],
      [0.01846442326, 0.78728534278, 0.1695524667, 0.024697767264],
      [0, 0, 0.98602669283, 0.013973307166],
      [0.030153702493, 0.81398293334, 0.050135798777, 0.10572756539],
      [0.024346629468, 0.061379953755, 0.61968130334, 0.29459211344]
    ],
    [
      [0.64246334464, 0.24846653816, 0.09442460417, 0.014645513039],
      [0.030491787569, 0.92998731351, 0.009861435738, 0.029659463182],
      [0, 0.0082695943665, 0.96704491627, 0.024685489363],
      [0.027129522039, 0.81472571766, 0.036791732535, 0.12135302777],
      [0.02382666908, 0.072439963595, 0.54325295037, 0.36048041695]
    ],
    [
      [0.77289909036, 0.14911236981, 0.06820378583, 0.0097847540064],
      [0.12128291123, 0.83488436275, 0.013473930193, 0.030358795823],
      [0.0063205402893, 0, 0.9717218083, 0.021957651409],
      [0.052834331389, 0.77727065719, 0.040817699833, 0.12907731159],
      [0.042967744441, 0.059212980163, 0.54421357607, 0.35360569933]
    ],
    [
      [0.72634670494, 0.17837490692, 0.082255263893, 0.013023124246],
      [0.095357839746, 0.85149467947, 0.018727420713, 0.034420060069],
      [0, 0, 0.97429700249, 0.025702997508],
      [0.041066926437, 0.77860290805, 0.0409822205, 0.13934794502],
      [0.033525726203, 0.059020581419, 0.53387875165, 0.37357494073]
    ],
    [
      [0.68936370846, 0.21542659414, 0.0796691054, 0.015540591997],
      [0.046190558904, 0.91101686488, 0.0078360385558, 0.034956537662],
      [0.0044233058419, 0.0093408077703, 0.95609480203, 0.03014108436],
      [0.031458821104, 0.79115398011, 0.035050933024, 0.14233626576],
      [0.02640042168, 0.064778554289, 0.49297224536, 0.41584877868]
    ]
  ],
  "expected_outcome": [
    [
      [3.7585878225, 18.9924874618, 14.8679156209, 2.2564903595, 1.6159406757, 4.6388316163, 17.1721738117, 0, 0.74127896193, 0.76876642673, 3.7733064863, 0, 36.0133384555, 18.7984943786, 14.9450163199, 13.6963462261, 43.0187201874, 28.3480257731, 40.5010522244, 45.4827629651, 19.2837126053, 12.4985778148, 18.4579390692, 59.0929663735, 23.3760817506, 43.9717729055, 42.0632795722, 32.2306373464, 12.0646952146, 39.8192449502, 36.8766860538, 26.1275203898, 22.9579518108, 39.5880483818, 7.819554431, 16.9634444524, 24.8309113595, 43.2538860273, 42.6581573092, 28.0298735561, 18.0563291073, 15.1182643286, 36.818997193, 40.6769272049, 18.9625320256, 44.8626570355, 35.2341416078, 6.2855466259, 5.0963989888, 21.7870532946, 0, 3.137213338, 19.0165709731, 0, 100.0819632812, 2.6171113558, 8.1877841627, 44.4253866771, 1.8897137927, 7.3554693005, 0.98287972159, 29.7351009633, 4.9614768981, 0.94567262744, 0.97245816519, 14.0529573028, 1, 0, 6.321564854, 2.908204057, 3.6083839187, 13.8775269268, 0.97382369448, 2.8620954222, 5.369879663, 4.6356958157, 13.324949866, 178.6048098088, 28.5972663432, 164.8807020218, 15.1660015861],
      [1.3048767393, 9.1499392803, 4.6337558544, 0.49040201944, 0.23641131273, 1.6141407525, 4.9685360435, 0, 0.17157572944, 0.16752536238, 0.71921038083, 0, 13.9047895981, 8.4669742189, 5.6861430414, 3.8736199027, 12.2902623142, 9.5697527238, 13.8656887696, 16.3564397534, 4.4844588991, 9.2125490759, 4.3184184319, 18.8125636067, 9.159802328, 10.4794298579, 12.0058489525, 13.7519767831, 4.329494765, 17.8216032675, 7.897241536, 9.099233692, 8.5429549362, 18.4491731456, 2.4207106475, 4.6313699577, 11.1849739457, 10.9251962874, 13.5043936451, 7.1398274973, 6.4834231675, 4.5355771486, 11.515948528, 12.0860841509, 6.1999057451, 15.6108959379, 13.0821615319, 1.1251883412, 0.39542921119, 7.3137724363, 0, 1.3395215765, 5.2534442194, 0, 29.2245195862, 0.26443834683, 1.9572223004, 16.4022686437, 2.5065120139, 2.4278399252, 2.0005614555, 0, 2.066261295, 1.7952105799, 1.1556328507, 6.243488006, 1.6647995806, 0, 0.93940218621, 0.85520637768, 0.84509843516, 4.0552598879, 0.80699207122, 0.7662401561, 1.0190042926, 0.68988336362, 4.3340563179, 69.0736976071, 5.5171576829, 40.4911038708, 4.7393850712],
      [0.93653543819, 3.3527593512, 1.3388594315, 0.24785262949, 0.11900517308, 0.65774171334, 2.3864983274, 0, 0.084223943169, 0.053402795225, 0.45733554695, 0, 5.1260878113, 2.3907043169, 1.8888693883, 1.1446517734, 5.4296612298, 3.3808144911, 4.9859575422, 6.262328603, 0.98612134726, 6.5888004675, 1.7334836111, 7.5930586552, 2.0533550312, 3.0620045908, 5.1949588332, 6.1790331676, 1.4715238682, 5.4920921785, 2.7680455692, 3.1422960779, 3.0600992797, 7.2672903628, 0.61156674167, 2.2288542498, 4.3581152977, 3.3419973084, 5.0553084673, 2.5582024976, 2.0996577785, 1.136366899, 4.8126933903, 4.6926605626, 1.5549066918, 6.523780146, 5.7765835621, 0.5146560682, 0.44173734552, 3.4143156355, 0, 0.4186391607, 2.4768317852, 0, 11.7781990486, 0.11184569162, 0.76006997637, 6.4385256696, 0.5536049518, 1.088180597, 1.9744011951, 9.8635513553, 1.7700084125, 0.25911679268, 0.80078227742, 2.3732563116, 1.2506570224, 0, 0.60543606772, 1.1799208066, 0.51647470756, 1.8496018907, 0.19602091288, 0.33837538485, 0.51284687766, 0.59336064872, 2.1209586231, 26.2500399591, 2.5235400757, 18.6719449037, 1.7527203188],
      [0, 0.5048139067, 0.15946909319, 0.0052549916168, 0.028642838439, 0.08928591786, 0.47279181733, 0, 0.002921365465, 0.010305415673, 0.050147585971, 0, 0.95578413504, 0.34382708565, 0.47997125028, 0.28538209778, 1.2613562686, 0.70140701196, 0.64730146379, 0.89846867846, 0.24570714834, 0.70007264183, 0.49015888787, 1.5014113647, 0.41076089031, 0.48679264589, 0.73591264204, 0.83835270294, 0.1342861522, 0.86705960377, 0.45802684096, 0.63094984037, 0.43899397334, 0.6954881098, 0.14816817982, 0.17633134009, 0.62599939718, 0.47892037691, 0.78214057839, 0.27209644898, 0.36058994668, 0.20979162371, 0.85236088866, 0.54432808159, 0.28265553745, 1.0026668806, 0.90711329817, 0.074608964717, 0.066434454525, 0.48485863354, 0, 0.10462592483, 0.25315302236, 0, 1.9153180839, 0.0066046057271, 0.094923560536, 0.73381900956, 0.050169241544, 0.12851017728, 0.042157627838, 0.40134768138, 0.20225339435, 0, 0.071126706653, 0.33029837964, 0.084543397028, 0, 0.1335968921, 0.056668758712, 0.030042938531, 0.2176112946, 0.023163321419, 0.033289036839, 0.098269166686, 0.081060171924, 0.22003519293, 4.071452625, 0.36203589824, 2.9562492038, 0.34189302394]
    ],
    [
      [0.10254720743, 3.4539674142, 2.4688680281, 0.40191280658, 0.88843732774, 0.23070269935, 2.4900089764, 0, 0.065298669062, 0.55747197673, 0.57409355304, 1.0321109314, 7.7550862218, 0, 2.2185294185, 3.808640848, 14.8460840065, 8.1871252347, 12.2991371454, 18.71644136, 3.9406347421, 0, 11.4772629543, 11.6183355791, 0, 7.7436931401, 8.6853937813, 0, 3.5074380862, 2.0384969621, 13.9725356122, 6.2606108956, 6.6623890064, 6.0010812099, 0.41624993389, 5.3053487933, 0.27369098476, 11.2241493883, 20.2375080015, 6.8696416502, 2.7875285942, 1.9031004255, 14.9240442875, 6.2565022817, 1.8078756187, 4.9842658537, 2.27942813, 4.2292435421, 1.023558867, 3.2416129318, 0.39404200648, 0.36030611912, 3.2529311606, 1.7946707213, 15.3578153681, 1.3353669818, 1.2905648474, 4.772163405, 0.075983128526, 0.080779321739, 0, 2.5972866256, 0, 0.0054071720817, 0, 1.1419119585, 0, 0, 1.8758672927, 0, 0, 4.6057973571, 0, 1.657998838, 1.2219414765, 0.47765948585, 0.97861443278, 26.6498223352, 15.0390809931, 40.3363662127, 1.2009545315],
      [2.8586064605, 193.1046651882, 130.5494701654, 6.8565409642, 7.2024168577, 8.3174118086, 53.5553885678, 4.9005075841, 1.891776597, 12.0034328234, 7.7186749575, 1.0218307805, 226.5179069384, 152.0261075538, 74.2821141576, 123.2200503276, 234.7649877138, 196.6890607602, 274.2356770127, 445.0074178736, 93.3141369094, 55.0697314033, 134.8353730269, 228.3573878621, 129.0011947656, 96.6451159895, 111.1202679518, 105.6435015862, 125.6930145864, 225.1929817656, 161.0002386023, 170.1757403874, 170.6698558911, 332.8665685693, 91.9082499156, 77.5109057103, 104.2585837345, 167.8580202959, 376.7467181237, 95.1632037179, 84.6784458943, 63.5459011828, 266.7662863752, 110.8894747979, 91.9658644954, 142.4668568902, 127.6051763387, 24.1496425961, 2.3984489783, 97.8699621982, 5.2255647773, 11.1110626234, 43.298342513, 16.198966741, 261.317754293, 6.5493254883, 19.0372494999, 143.8173451964, 4.8226136009, 14.6111955122, 4.211248025, 26.3239792663, 8.1290681, 0.99164021101, 12.4486725671, 84.4347652459, 9.2806991908, 0.73016761758, 8.2686336367, 3.5637301289, 6.4613436914, 79.616622251, 6.8069122354, 31.140125401, 13.9446799408, 4.8891491319, 41.7261231671, 812.8089120084, 103.525660981, 360.1822494165, 23.6864384868],
      [0.038846332056, 0.76597881471, 0, 0.7006981606, 1.3634704449, 0.2117951206, 7.9045560728, 0.72511142513, 0.027400226059, 0.053419291856, 4.292377912, 1.6277626057, 1.1555586583, 0, 0, 0, 10.4195234753, 0, 0, 3.2520528732, 0, 3.6090379124, 0.59521391918, 3.054420396, 0, 0, 3.3922551619, 6.8378797943, 0, 0, 0, 0, 0, 5.8978427016, 0, 6.5638015025, 2.3681052492, 0, 0.34556045151, 0, 0, 0, 7.280408099, 1.1360011109, 0, 5.5343655094, 10.1652313773, 0.68676299454, 3.1174790361, 13.0747232742, 0.044331178846, 0.068802757809, 7.1491991851, 0.78331973917, 3.0366628965, 0.0083724107333, 0.16641760362, 1.9533202358, 0.038135181906, 1.8681719827, 1.7277013254, 5.7112737893, 1.4214441015, 0.0029526169098, 1.1278867025, 1.0576994716, 1.4428583373, 2.0145697478, 3.9269287772, 3.2243356649, 4.3529513536, 6.3795304333, 0.062920068889, 1.5258378568, 2.03070919, 6.9716488554, 8.9862807352, 8.618894835, 1.6707673439, 7.9216989617, 0.20373700245],
