{
  "Z_true": {},
  "V_true": [
    [1431, 121, 2365, 277, 201],
    [78, 2823, 332, 2221, 471],
    [306, 1153, 992, 10268, 787],
    [687, 198, 5740, 377, 333],
    [91, 78, 310, 245, 416],
    [176, 111, 758, 540, 632],
    [55, 252, 228, 978, 663]
  ],
  "p_true": [
    [0.3256, 0.0275, 0.5381, 0.063, 0.0457],
    [0.0132, 0.4765, 0.056, 0.3749, 0.0795],
    [0.0227, 0.0854, 0.0734, 0.7603, 0.0583],
    [0.0937, 0.027, 0.7825, 0.0514, 0.0454],
    [0.0798, 0.0684, 0.2719, 0.2149, 0.3649],
    [0.0794, 0.0501, 0.3419, 0.2436, 0.2851],
    [0.0253, 0.1158, 0.1048, 0.4494, 0.3047]
  ],
  "Z_est": [
    [
      [56.1284, 46.8166, 16.0515, 47.6437, 24.7461, 28.3368, 47.907, 44.9867, 12.796, 20.1528, 95.3911, 27.1744, 18.9576, 0.8526, 1.1969, 37.2415, 14.4317, 107.9714, 45.5665, 32.3877, 55.5458, 56.6736, 59.0804, 73.9723, 1.7094, 8.845, 102.03, 15.5408, 1.1969, 9.3809, 12.3731, 3.2209, 10.1203, 36.0978, 26.9989, 10.2613, 64.5756, 0, 55.4393, 68.2512, 100.7584, 17.7058, 14.3971, 6.0722, 2.7733, 144.7424, 19.7831, 217.1164, 124.8426],
      [1.6154, 1.1085, 0.3818, 4.0887, 1.0162, 0.6471, 0.5379, 1.0917, 0.0463, 0.0799, 2.9077, 0.8009, 0.1972, 0.1105, 0.0389, 0.615, 0.5227, 1.5918, 0.4685, 0.2429, 1.2068, 1.0859, 1.2786, 1.6138, 1.0611, 0.1128, 3.0973, 0.6268, 0.0042, 0.528, 0.4691, 0.1428, 0.93, 0.6912, 0.6536, 0.387, 0.8416, 0.8228, 0.9852, 0.8766, 0.7201, 0.3381, 0.3994, 0.1554, 0.0518, 2.6516, 0.7914, 7.3735, 2.4426],
      [49.5342, 49.0077, 16.2732, 44.4565, 21.9216, 25.0582, 53.8575, 41.6055, 8.9583, 17.3407, 101.4607, 26.0898, 16.6787, 1.288, 0.74, 41.2205, 17.314, 138.6217, 50.1267, 49.9713, 62.2965, 53.3419, 72.5829, 82.3069, 0.7005, 14.327, 94.0985, 16.5473, 0.797, 9.8881, 10.8458, 2.5637, 8.5386, 36.0362, 26.9492, 8.1607, 63.9396, 1.8611, 57.5117, 78.6565, 125.2113, 18.8036, 13.9528, 5.6829, 1.1711, 150.6271, 17.155, 207.4491, 95.103],
      [0.0982, 0.6056, 0.03, 2.8197, 1.8232, 1.6766, 3.3965, 1.6931, 0.02, 0.0345, 14.2047, 4.6423, 0.0327, 0.732, 0.0018, 2.6387, 1.5293, 21.2521, 2.5485, 2.2268, 0.1091, 0.1018, 16.6386, 6.6421, 0.2009, 1.5981, 1.7725, 1.0716, 0.0018, 0.0182, 1.0656, 0.0055, 0.2364, 3.9537, 0.05, 0.0173, 2.2914, 1.1225, 11.7847, 12.7065, 4.8701, 0.0336, 0.0264, 0.0109, 0.0036, 16.9606, 0.0345, 18.1577, 6.116],
      [0.6238, 0.4617, 0.2635, 0.9914, 0.4929, 0.2814, 0.301, 0.623, 0.1794, 0.392, 1.0358, 0.2926, 0.1338, 0.0169, 0.0224, 0.2843, 0.2023, 0.563, 0.2899, 0.1712, 0.8418, 0.7968, 0.4196, 0.4649, 0.3281, 0.1171, 1.0017, 0.2134, 0.0001, 0.1849, 0.2464, 0.0672, 0.1747, 0.221, 0.3482, 0.1737, 0.3518, 0.1936, 0.2791, 0.5093, 0.4401, 0.1188, 0.2243, 0.0786, 0.0002, 1.0182, 0.2359, 2.9033, 0.4957]
    ],
    [
      [1.4961, 0.8384, 0.2602, 0.0758, 0.8528, 4.1581, 0.6432, 1.0191, 0.4409, 0.8095, 2.6524, 0.6071, 0.1156, 0, 0.0217, 0.477, 0.3758, 0.9685, 0.571, 0.3252, 0.9757, 0.8528, 0.0857, 1.4961, 0.0072, 0.159, 2.6235, 0.5493, 0.0723, 0.5606, 0.4553, 0.1229, 0.1012, 0.5782, 0.6505, 0.2746, 0.5637, 0, 0.636, 0.5348, 0.9974, 1.0453, 0.3614, 0.159, 0.0361, 2.4573, 1.3141, 6.2083, 1.8574],
      [149.612, 93.7864, 29.7778, 428.4969, 91.6277, 59.2077, 61.0298, 99.6173, 47.5686, 84.3182, 264.9453, 66.7228, 12.315, 3.676, 2.5114, 47.6957, 43.0124, 103.4829, 53.155, 27.5618, 100.1719, 88.4091, 108.3463, 143.1748, 0.824, 12.7966, 274.9707, 57.3467, 8.3772, 54.7056, 45.2655, 13.1421, 11.761, 57.4368, 60.9141, 31.8947, 58.5412, 3.3916, 70.4912, 55.6924, 81.7012, 29.4527, 36.3003, 14.74, 4.1358, 224.7517, 70.066, 655.8157, 198.3267],
      [5.698, 3.9593, 0.9934, 1.4409, 0.6913, 1.6167, 6.1547, 3.9167, 0.6319, 1.0875, 9.4815, 2.3075, 0.9933, 0.0364, 0.0525, 1.7076, 1.5708, 4.4127, 8.8611, 3.8027, 5.9147, 4.7293, 6.1744, 6.4621, 0.0321, 3.4346, 9.6735, 0.6258, 0.226, 2.7253, 0.3347, 0.4141, 0.2451, 2.6814, 2.7691, 0.6653, 1.3656, 0.07, 3.4982, 1.2955, 21.041, 3.0396, 3.932, 1.0535, 0.0875, 16.9143, 2.3919, 8.3517, 7.1628],
      [37.1558, 13.3785, 2.5831, 122.9381, 15.2246, 20.4649, 15.5876, 27.4152, 8.5195, 16.8697, 66.8591, 9.0422, 1.5026, 0.9713, 0.2153, 12.4482, 4.5518, 18.6384, 16.1915, 10.4508, 19.104, 16.2411, 31.6088, 42.9523, 0.0718, 4.5113, 52.939, 12.7029, 0.7175, 18.8903, 12.9328, 2.2379, 1.0045, 15.4407, 19.939, 2.7266, 12.5306, 0.287, 7.8241, 11.602, 25.5556, 10.5309, 8.3187, 4.6524, 0.3588, 74.4712, 6.5965, 120.4892, 33.6819],
      [13.0382, 4.0375, 2.3855, 33.0483, 9.6036, 6.5526, 5.5847, 9.0318, 3.8392, 8.9152, 23.0616, 5.3205, 1.0735, 0.3163, 0.1991, 3.6715, 2.4893, 6.4976, 0.2215, 2.8594, 8.8337, 7.7677, 9.7848, 12.9147, 0.065, 1.0985, 22.7932, 4.7753, 0.607, 5.1182, 4.0117, 1.0831, 0.8882, 3.863, 5.7273, 2.4387, 4.9989, 0.2513, 5.5505, 4.8753, 8.7049, 1.9314, 1.0876, 1.3951, 0.3818, 21.4056, 2.6315, 68.1351, 15.9712]
    ],
    [
      [19.5463, 10.1933, 3.52, 14.0034, 7.224, 6.4675, 9.1799, 11.5911, 6.5286, 5.892, 17.2964, 6.0307, 6.3782, 0.1057, 0.5456, 6.7134, 1.9033, 13.217, 9.2595, 3.9122, 8.036, 15.9139, 7.0843, 14.4507, 0.2834, 1.1631, 34.0756, 2.2356, 0.5255, 1.3746, 3.5371, 1.4203, 4.1044, 9.2044, 6.9366, 2.6784, 14.7177, 0, 10.0019, 8.9876, 16.3946, 3.8186, 2.6485, 1.5067, 1.046, 30.332, 4.8269, 56.7114, 42.2985],
      [6.6403, 6.3713, 5.0683, 11.9156, 8.2275, 0.2284, 0.2322, 1.7955, 3.9454, 4.214, 12.1377, 8.377, 0.8667, 0.1747, 1.403, 1.3488, 6.1028, 9.0967, 0.2022, 0.1048, 5.4745, 6.1408, 0.4156, 0.5467, 0.114, 0.0487, 26.3541, 2.2809, 2.7995, 0.2097, 1.9298, 1.6267, 3.1382, 1.7152, 0.2322, 7.0772, 3.7402, 0.129, 9.8558, 3.263, 0.3108, 0.1123, 1.4945, 0.0562, 0.3323, 0.8575, 9.6118, 68.7507, 22.0694],
      [21.0366, 18.7576, 12.1251, 13.7583, 5.2568, 5.3876, 12.4655, 9.4878, 3.7486, 4.1479, 30.6211, 5.4829, 7.2618, 0.2384, 3.7626, 26.59, 6.646, 80.9467, 24.6507, 29.4497, 40.8905, 28.4993, 36.2154, 47.0321, 0.0954, 4.1904, 29.3946, 4.1003, 1.0152, 3.3797, 5.0036, 5.6718, 3.381, 11.9873, 8.3702, 12.0042, 12.3055, 0.1536, 24.126, 26.1117, 61.5146, 10.2533, 15.5079, 7.3076, 10.4374, 62.5499, 12.4598, 46.5333, 17.45],
      [451.608, 292.827, 99.0643, 505.8339, 214.2734, 142.7555, 183.2938, 274.9989, 82.6749, 184.0964, 483.4122, 133.6432, 92.9029, 7.7547, 9.9463, 177.843, 184.4621, 438.8378, 263.2748, 154.8997, 395.8143, 405.3693, 299.3365, 354.4146, 5.2483, 57.3312, 601.1597, 97.2574, 9.5774, 97.8071, 134.8033, 45.4709, 13.1079, 243.8836, 216.6896, 105.8267, 155.3164, 5.3728, 213.6228, 238.2256, 325.4689, 81.5491, 138.0317, 54.6185, 60.7674, 679.4972, 106.5682, 1141.1354, 557.5549],
      [17.1688, 8.8508, 11.2222, 31.4887, 24.0182, 14.1611, 5.8286, 30.1267, 8.1025, 19.6496, 45.5326, 14.4662, 2.5905, 0.7265, 1.3425, 5.5048, 3.8857, 10.9016, 5.6127, 3.6335, 23.7848, 25.0767, 13.9481, 12.5559, 0.2589, 2.2667, 37.0161, 9.1258, 10.0824, 8.2289, 9.7261, 2.8103, 1.2686, 4.2095, 9.7714, 5.4135, 10.9202, 0.3446, 5.3935, 23.4121, 8.3112, 2.2667, 4.3175, 1.5111, 11.4169, 22.7634, 4.5334, 128.8692, 17.6272]
    ],
    [
      [6.1635, 5.7364, 2.502, 4.0277, 2.1359, 2.7461, 5.1871, 7.4869, 1.0679, 3.6877, 7.9943, 2.5631, 2.5907, 0, 0.1526, 4.4853, 0.6646, 1.0524, 5.1871, 0, 9.2771, 7.8112, 0, 7.4145, 0, 0, 9.8556, 2.2579, 0.1221, 1.4341, 0.8849, 0.1526, 0.5492, 3.6615, 3.5395, 1.9528, 12.435, 0, 5.3397, 6.0603, 9.642, 2.0138, 2.5936, 1.2205, 1.7697, 15.4699, 2.8682, 21.6334, 26.6267],
      [1.7868, 2.5093, 0.6944, 1.0559, 3.9019, 0.7851, 0.0662, 1.271, 0.3355, 3.1205, 2.3981, 1.9309, 0.5909, 0.0363, 0.0443, 1.2304, 2.2498, 3.5738, 0.0577, 0.0299, 2.9093, 2.1525, 0.7197, 0.3493, 0, 0.0139, 2.9128, 3.6074, 0.0394, 0.4358, 0.232, 0.056, 0.1611, 1.0251, 0.0662, 0.5547, 1.8372, 1.6473, 1.4886, 2.0341, 0.0887, 0.032, 0.7216, 0.0184, 0.4693, 0.2446, 1.3537, 6.462, 2.7084],
      [169.4632, 157.6512, 69.7383, 106.4038, 53.6372, 67.4059, 149.1725, 117.0719, 28.718, 51.0319, 226.6716, 68.3429, 59.9354, 2.6132, 4.2812, 129.0906, 55.6918, 397.1239, 153.8784, 189.874, 292.9662, 216.1805, 185.5412, 218.3709, 0, 24.9889, 271.0497, 53.1033, 3.7228, 37.7214, 22.3314, 3.5151, 15.5852, 102.4826, 97.4066, 54.5575, 189.2904, 6.5154, 152.7915, 217.0253, 283.4165, 59.2029, 74.2295, 34.8013, 43.9346, 440.9416, 77.8784, 588.2169, 221.6954],
      [13.014, 14.3703, 4.1845, 3.0991, 1.6435, 13.8554, 10.4818, 7.9095, 1.6694, 4.1813, 6.1513, 5.7999, 6.6197, 1.0457, 0.1174, 7.3842, 2.9989, 19.7255, 5.9731, 6.2671, 27.7931, 15.0645, 4.6721, 7.8032, 0, 1.0168, 20.6293, 11.0431, 0.0939, 4.0397, 0.6809, 0.1174, 0.7573, 9.1531, 8.5064, 3.6615, 8.5974, 0.3452, 9.8022, 11.0474, 14.5653, 2.7708, 3.6832, 2.1943, 8.7744, 30.5962, 7.939, 40.0553, 43.1023],
      [11.5725, 7.7328, 4.8807, 17.4135, 8.6815, 5.2074, 5.0923, 11.2607, 3.2091, 6.9786, 18.7848, 5.3632, 2.2633, 0.3048, 0.4046, 4.8094, 3.3949, 9.5245, 4.9037, 2.8291, 16.0544, 14.7912, 8.0669, 9.062, 0, 1.9803, 18.5526, 3.9883, 0.0219, 3.3691, 4.8709, 1.159, 0.9472, 3.6778, 6.4813, 3.2735, 16.8399, 0.4921, 5.5781, 9.8328, 8.2875, 1.9803, 3.7721, 1.7655, 3.052, 19.7477, 3.9607, 52.6325, 9.8672]
    ],
    [
      [1.6658, 2.4154, 0.6663, 1.2493, 1.0411, 0.2915, 1.0827, 0.9162, 0.1666, 0.4581, 1.6658, 0.6247, 0.9578, 0.0416, 0.0833, 1.0827, 0.6247, 1.7907, 1.4159, 0.3748, 2.1655, 2.7485, 0.7496, 0.6663, 0, 0.8329, 2.4154, 0.4164, 0.0833, 0.2499, 0.7496, 0.0833, 0.1249, 0.4581, 0.8745, 0.8329, 0.708, 0, 0.583, 1.166, 1.2077, 0.4164, 0.9995, 0.0416, 0.3748, 2.9984, 1.2077, 5.3305, 0.3748],
      [0.0249, 0.0162, 0.0056, 0.0696, 0.0164, 0.0095, 0.0097, 0.0162, 0, 0.0143, 0.0441, 0.0121, 0.0022, 0.0006, 0.0006, 0.0079, 0.0081, 0.0184, 0.0084, 0.0044, 0.0171, 0.0153, 0.0173, 0.0227, 0, 0.002, 0.048, 0.01, 0.0019, 0.0087, 0.0075, 0.0023, 0.0025, 0.0095, 0.0097, 0.0062, 0.0101, 0, 0.0129, 0.0097, 0.0129, 0.0047, 0.0061, 0, 0.0008, 0.0357, 0.0128, 0.1153, 0],
      [3.3317, 3.0979, 2.6204, 2.3147, 1.1106, 0.5266, 5.6272, 2.3264, 0.1149, 1.0171, 4.9099, 1.3444, 1.1457, 0.0585, 0.1169, 6.0329, 1.1223, 6.3032, 3.1915, 0, 5.7049, 11.6735, 3.8578, 3.0055, 0, 0.6196, 5.3308, 1.0054, 0.0818, 0.7014, 0.5378, 0.187, 0.6257, 2.0575, 1.9172, 0.9937, 1.6695, 0, 3.1447, 3.6221, 3.165, 1.2178, 5.9355, 0, 1.4914, 8.8613, 5.3681, 11.4098, 0],
      [14.9451, 27.832, 4.5495, 6.107, 9.2716, 0.9594, 7.2727, 4.9342, 0.5482, 1.7973, 9.2714, 4.9273, 13.6495, 0.3859, 0.8841, 7.0363, 6.0469, 14.376, 14.7214, 3.8329, 17.752, 20.8069, 3.0177, 2.1929, 0, 10.4557, 20.2067, 2.9877, 0.4958, 1.1221, 8.0228, 0.3655, 0.7067, 2.4927, 7.4735, 9.519, 5.2708, 0, 2.6812, 8.4927, 10.2849, 3.7298, 6.5248, 0.1371, 2.401, 25.1518, 10.0363, 38.0057, 1.2335],
      [20.0325, 24.6385, 8.1582, 20.2594, 13.5603, 5.213, 12.0076, 13.8071, 3.1703, 7.7132, 24.1088, 8.0915, 7.2449, 0.5134, 0.9151, 11.8401, 7.1981, 20.5117, 14.6628, 4.7879, 26.3605, 30.7558, 10.3576, 10.1126, 0, 8.0898, 29.9992, 5.5805, 1.3372, 3.9179, 8.6824, 1.3618, 1.5401, 5.9822, 10.7251, 8.6482, 9.3416, 0, 7.5781, 14.7096, 14.3295, 4.6312, 10.5342, 0.8213, 4.7321, 34.9528, 12.3751, 73.1388, 7.3917]
    ],
    [
      [0, 0, 0, 0, 0, 0, 0, 0, 0, 0, 0, 0, 0, 0, 0, 0, 0, 0, 0, 0, 0, 0, 0, 0, 0, 0, 0, 0, 0, 0, 0, 0, 0, 0, 0, 0, 0, 0, 0, 0, 0, 0, 0, 0, 0, 0, 0, 0, 0],
      [0.0729, 0.0474, 0.0164, 0.2035, 0.0478, 0.0278, 0.0282, 0.0474, 0.0237, 0.0419, 0.1289, 0.0355, 0.0064, 0.0018, 0.0018, 0.0232, 0.0237, 0.0537, 0.0246, 0.0127, 0.0501, 0.0446, 0.0505, 0.0665, 0.0009, 0.0059, 0.1402, 0.0291, 0.0055, 0.0255, 0.0219, 0.0068, 0.0073, 0.0278, 0.0282, 0.0182, 0.0296, 0, 0.0378, 0.0282, 0.0378, 0.0137, 0.0178, 0.0068, 0.0023, 0.1043, 0.0373, 0.3369, 0.1029],
      [34.4348, 31.1301, 16.6226, 21.0649, 11.882, 12.4097, 19.8615, 23.5433, 4.5807, 11.9165, 44.206, 10.8266, 11.4689, 0.7656, 1.0468, 34.3583, 13.1493, 78.5918, 30.8533, 21.9023, 77.6562, 49.6472, 23.8897, 30.7678, 1.1721, 5.1603, 44.0504, 10.1648, 1.1203, 5.2681, 6.7044, 3.5641, 6.6244, 19.8278, 25.7236, 8.1708, 21.4294, 0, 26.5107, 37.2889, 40.3193, 10.9347, 14.7627, 8.6279, 2.5619, 74.1123, 13.0672, 108.8972, 22.6605],
      [25.6895, 22.451, 16.2907, 7.0702, 7.7409, 6.8879, 10.2618, 15.5153, 1.0147, 10.0353, 20.877, 2.4871, 5.3938, 0.7727, 0.4975, 17.8107, 12.5524, 29.149, 23.6186, 9.084, 56.1982, 46.531, 4.6614, 5.9212, 0.479, 1.685, 13.6403, 7.0243, 0.7051, 1.1339, 6.0619, 5.2854, 3.1742, 13.3566, 23.5211, 2.5273, 9.2536, 0, 11.3725, 15.1852, 18.5098, 6.0266, 9.96, 3.5255, 0.6299, 29.1007, 5.6598, 60.641, 4.5354],
      [15.8029, 13.3715, 8.0703, 12.6613, 7.3293, 5.6746, 7.8485, 11.894, 2.3809, 7.0063, 19.7881, 4.6508, 4.131, 0.4599, 0.454, 11.8077, 6.2747, 24.2055, 9.5035, 7.0009, 31.0956, 23.7772, 8.3984, 10.2445, 0.348, 2.1488, 18.169, 4.7818, 1.1691, 2.5726, 4.2119, 2.1437, 2.1941, 7.7878, 11.7271, 3.2837, 8.2873, 0, 9.0791, 13.4977, 14.1331, 4.025, 6.2596, 2.8397, 1.8059, 26.6827, 5.2357, 53.1249, 8.7012]
    ],
    [
      [0, 0, 0, 0, 0, 0, 0, 0, 0, 0, 0, 0, 0, 0, 0, 0, 0, 0, 0, 0, 0, 0, 0, 0, 0, 0, 0, 0, 0, 0, 0, 0, 0, 0, 0, 0, 0, 0, 0, 0, 0, 0, 0, 0, 0, 0, 0, 0, 0],
      [0.2478, 0.1611, 0.0557, 1.1697, 0.1626, 0.0945, 0.096, 0.1611, 0.0805, 0.2111, 0.4382, 0.1208, 0.0217, 0, 0, 0.079, 0.0805, 0.1827, 0.0836, 0.0434, 0.1703, 0.1518, 0.1719, 0.2261, 0, 0.0201, 0.477, 0.0991, 0.7725, 0.0867, 0.0743, 0.0232, 0, 0.0945, 0.096, 0.0619, 0, 0.0093, 0.1285, 0.096, 0.1285, 0.0465, 0.0604, 0.0232, 0.0077, 0.3546, 0.127, 1.1459, 0.35],
      [1.5015, 1.3962, 0.627, 8.561, 0.5005, 0.5953, 4.8609, 1.0484, 0.2476, 0.4584, 2.6491, 0.6059, 0.5163, 0, 0, 0, 0.5058, 0, 1.4383, 0, 2.571, 1.9283, 1.7386, 2.0547, 0, 0.2792, 2.4025, 0.4531, 0.0369, 0.3161, 0.2424, 0.0843, 0, 0.9273, 0.864, 0.4478, 0, 0.4, 1.4172, 0, 0.3323, 0.5479, 0.6796, 1.5268, 0.3161, 3.9936, 0.6796, 5.1421, 1.9283],
      [38.4894, 22.5357, 8.2978, 93.1319, 24.0227, 9.4002, 20.7058, 45.5339, 18.5533, 18.9855, 52.2242, 11.4581, 5.8988, 0.3376, 0.3376, 9.8388, 20.8586, 32.0212, 23.6721, 10.2386, 46.2294, 36.8854, 30.0648, 38.0737, 0, 3.4018, 52.6524, 5.9128, 3.4085, 10.9887, 12.4328, 3.5174, 1.0129, 20.7196, 16.8203, 4.7215, 5.7398, 0.8725, 20.9126, 17.7407, 27.7455, 6.3591, 22.4552, 9.8613, 6.065, 62.2223, 17.1657, 118.5157, 34.7759],
      [32.7613, 22.9071, 12.0195, 61.1374, 24.3142, 12.91, 17.3373, 34.2567, 11.1186, 19.3451, 51.6884, 13.8152, 6.5632, 0.6624, 0.6624, 13.0822, 12.5551, 28.7961, 16.806, 8.718, 43.0292, 39.0346, 23.0247, 26.6455, 0, 5.2988, 50.4682, 9.535, 4.7822, 9.6085, 12.2506, 3.375, 1.9871, 13.2587, 17.2197, 7.7687, 11.2602, 0.7183, 15.5416, 23.1633, 22.7937, 6.0465, 13.8047, 5.5887, 7.6112, 53.4295, 13.0277, 138.1962, 26.9458]
    ]
  ],
  "V_est": [
    [2046.2421, 50.4488, 2108.63, 169.6082, 20.071],
    [42.4441, 4343.0641, 176.7272, 991.9277, 370.837],
    [465.8226, 269.1398, 869.7632, 11219.2297, 682.0448],
    [222.0169, 62.0098, 6247.2602, 434.997, 368.716],
    [47.4744, 0.6907, 130.4976, 374.9163, 586.421],
    [0, 2.1537, 1135.2998, 611.5061, 468.0405],
    [0, 8.4931, 56.822, 1103.8151, 1006.8698]
  ],
  "p_est": [
    [0.4656, 0.0115, 0.4798, 0.0386, 0.0046],
    [0.0072, 0.733, 0.0298, 0.1674, 0.0626],
    [0.0345, 0.0199, 0.0644, 0.8307, 0.0505],
    [0.0303, 0.0085, 0.8517, 0.0593, 0.0503],
    [0.0416, 0.0006, 0.1145, 0.3289, 0.5144],
    [0, 0.001, 0.5121, 0.2758, 0.2111],
    [0, 0.0039, 0.0261, 0.5073, 0.4627]
  ],
  "EI_Z": {},
  "EI_V": 13.8065,
  "MAE_Z": {},
  "MAE_V": 289.4948,
  "MAE_p": 0.071,
  "runtime": 1.8108
}
