{
  "Z_true": {},
  "V_true": [
    [319, 186, 18127, 1726],
    [148, 2953, 282, 460],
    [29, 248, 267, 627],
    [396, 226, 957, 1295]
  ],
  "p_true": [
    [0.0157, 0.0091, 0.8904, 0.0848],
    [0.0385, 0.7684, 0.0734, 0.1197],
    [0.0248, 0.2118, 0.228, 0.5354],
    [0.1378, 0.0786, 0.333, 0.4506]
  ],
  "Z_est": [
    [
      [0, 29.0502, 12.001, 28.1021, 7.3139, 11.9932, 28.5463, 30.8712, 14.5796, 18.8748, 41.414, 32.3044, 7.1107, 24.6542, 7.6906, 20.6425, 16.5861, 22.2857, 20.4918, 19.616, 26.0407, 19.4369, 10.4148, 4.0901, 13.0968, 12.3578, 8.0706, 22.2237, 1.2013, 28.1021, 10.4865, 89.049, 2.8595],
      [1.0643, 0.2139, 0.3922, 13.3973, 10.34, 7.4542, 0.1852, 0.1389, 13.3334, 4.7105, 0.0198, 0.0948, 0.4945, 0.0573, 0.1745, 0.0132, 0.2051, 1.7134, 0.086, 3.1008, 4.2769, 0.0551, 0.1588, 0.1125, 0.4961, 0.2756, 5.3822, 0.441, 0.0595, 0.43, 0.2942, 0.602, 0.3049],
      [13.943, 742.214, 284.9114, 758.5727, 416.9867, 460.0778, 821.2967, 825.5793, 632.3804, 650.7289, 827.3688, 788.6565, 226.3172, 874.9647, 230.3832, 730.2236, 528.2957, 533.225, 729.2248, 880.5531, 650.8611, 611.4401, 521.2666, 237.3403, 366.0221, 341.9063, 433.7651, 723.2777, 147.0436, 776.1256, 260.3686, 2110.991, 76.5494],
      [5.9926, 36.522, 1.6955, 15.9279, 22.3593, 18.4748, 12.9718, 15.4106, 15.7067, 9.6857, 6.1974, 13.9443, 6.0776, 10.3238, 8.7517, 8.1206, 12.9132, 7.776, 6.1974, 23.73, 14.8213, 24.0678, 11.1598, 4.4572, 4.3849, 7.4603, 6.7821, 24.0576, 1.6955, 11.3424, 7.8507, 55.3581, 1.2863]
    ],
    [
      [0, 3.2052, 0, 0, 0, 0, 0.6485, 3.385, 0, 0, 16.2273, 3.4892, 0, 0, 0, 0, 0, 0, 0, 0, 0, 0, 0, 0, 0.1039, 0, 0, 0, 0, 0.3132, 0.1031, 0, 0],
      [5.8387, 92.2587, 26.3009, 355.9793, 342.3903, 416.7756, 79.8941, 59.9206, 94.3924, 49.629, 8.5601, 40.8982, 15.712, 24.7291, 5.5454, 5.7067, 88.4542, 123.1723, 37.0937, 35.0322, 108.2155, 23.778, 68.4807, 48.5071, 208.1253, 118.89, 142.5113, 191.2934, 25.6802, 186.0109, 56.1161, 259.6558, 23.5282],
      [0, 0, 0.0823, 0, 3.1152, 12.5503, 8.8443, 4.5933, 0, 0, 15.207, 0, 0, 4.8372, 0, 16.9616, 1.5845, 0, 0.2184, 0, 0, 0, 4.3808, 1.2766, 0.0194, 9.2311, 0.7037, 1.6027, 1.2096, 5.739, 0.5788, 3.4708, 0.3791],
      [0.1613, 15.5362, 2.6168, 27.0207, 25.4945, 28.6741, 13.6131, 11.1011, 2.6076, 1.371, 8.0056, 9.6126, 1.288, 8.4337, 0.4546, 7.3317, 18.9613, 5.8277, 4.6879, 0.9678, 7.7845, 8.222, 11.1386, 5.2163, 4.7514, 13.8789, 10.7849, 26.1039, 2.1101, 18.9369, 6.202, 38.8733, 2.0927]
    ],
    [
      [0, 0.7501, 0.4001, 2.0754, 2.0504, 2.2754, 0.9002, 0.6501, 1.0502, 0.8252, 0.7001, 0.7501, 0.025, 0.5751, 0.225, 0.6251, 0.6501, 1.2752, 0.6751, 0.8252, 1.3503, 0.3251, 0.4501, 0.4501, 0.9002, 1.0252, 1.0252, 1.2752, 0.25, 2.2504, 0.5001, 2.0004, 0.175],
      [0, 4.2576, 1.229, 17.0304, 16.2403, 20.7702, 3.687, 2.7652, 4.9599, 2.5019, 0.395, 1.8874, 0.5508, 1.1412, 0.2634, 0.2634, 4.082, 5.75, 1.7118, 1.7557, 5.1794, 1.0973, 3.1603, 2.2385, 10.2393, 5.8343, 7.6725, 8.2656, 1.1851, 8.5591, 2.5897, 11.9827, 1.0973],
      [0, 3.5998, 6.4129, 10.5067, 12.6512, 14.3719, 5.859, 3.1198, 6.6196, 5.5891, 7.0889, 4.0601, 0.12, 2.7598, 1.6168, 5.5279, 3.1198, 11.1606, 5.0868, 7.057, 8.4447, 1.5599, 2.1599, 3.5471, 5.9157, 11.8626, 7.4662, 6.1196, 2.4319, 31.1354, 3.0526, 9.5994, 1.2533],
      [0, 21.3925, 7.958, 53.3875, 51.058, 53.5824, 25.5538, 19.4648, 29.3703, 24.0838, 19.816, 23.3024, 0.3042, 18.5238, 6.8948, 18.5836, 18.148, 32.8142, 19.5263, 23.3621, 39.0257, 10.0177, 12.2298, 11.7642, 18.9449, 22.2779, 24.8361, 35.3396, 6.133, 48.055, 13.8576, 56.4175, 4.4743]
    ],
    [
      [0, 8.9945, 6.5989, 8.8225, 3.6357, 4.7313, 7.905, 9.0936, 4.3702, 5.3, 14.6586, 9.4563, 1.8643, 6.7707, 2.0843, 5.7324, 4.7638, 6.439, 5.8331, 5.5588, 7.6091, 5.238, 3.1351, 1.4598, 3.8991, 3.617, 2.9042, 6.501, 0.5486, 8.3343, 2.9103, 23.9506, 0.9655],
      [0.097, 0.2698, 0.0779, 1.593, 1.0293, 0, 0.2337, 0.1753, 0.3144, 0.1586, 0.025, 0.1196, 0.2426, 0.0723, 0.0167, 0.0167, 0.2587, 0.3644, 0.1085, 0.1113, 0.3283, 0.0695, 0.2003, 0.1419, 6.1393, 0, 0.434, 0, 0.0751, 0, 0, 0.7595, 0.0695],
      [0.057, 3.1863, 10.5935, 8.9207, 1.2469, 0, 0, 3.7075, 0, 2.682, 10.3353, 2.2834, 1.5628, 6.4383, 0, 6.2869, 0, 5.6144, 12.4699, 0.3899, 2.6942, 0, 2.1928, 2.836, 7.0428, 0, 5.065, 0, 2.3149, 0, 0, 2.9388, 11.8182],
      [9.8461, 123.5494, 16.7297, 167.6638, 146.0882, 142.2687, 84.8613, 87.0236, 71.3155, 65.8595, 71.981, 86.1407, 17.3303, 79.7187, 22.899, 68.964, 72.9775, 86.5821, 75.5885, 76.9401, 117.3685, 60.6925, 57.4719, 37.5623, 46.9188, 48.383, 73.5969, 100.499, 19.0614, 115.6657, 31.0897, 257.3511, 14.1468]
    ]
  ],
  "V_est": [
    [641.5582, 70.0782, 19212.8607, 433.503],
    [27.4754, 3369.0763, 96.5859, 349.8624],
    [29.2807, 160.3434, 210.8761, 770.4998],
    [193.6858, 13.5022, 112.6773, 2554.1348]
  ],
  "p_est": [
    [0.0315, 0.0034, 0.9437, 0.0213],
    [0.0071, 0.8767, 0.0251, 0.091],
    [0.025, 0.1369, 0.1801, 0.658],
    [0.0674, 0.0047, 0.0392, 0.8887]
  ],
  "EI_Z": {},
  "EI_V": 11.4261,
  "MAE_Z": {},
  "MAE_V": 403.4263,
  "MAE_p": 0.0923,
  "runtime": 0.4744
}
