{
  "Z_true": {},
  "V_true": [
    [319, 186, 18127, 1726],
    [148, 2953, 282, 460],
    [29, 248, 267, 627],
    [396, 226, 957, 1295]
  ],
  "p_true": [
    [0.0157, 0.0091, 0.8904, 0.0848],
    [0.0385, 0.7684, 0.0734, 0.1197],
    [0.0248, 0.2118, 0.228, 0.5354],
    [0.1378, 0.0786, 0.333, 0.4506]
  ],
  "Z_est": [
    [
      [0, 29.0505, 13.3899, 28.1027, 7.3136, 11.9931, 28.5472, 30.8717, 14.58, 18.8755, 41.4124, 32.3049, 7.111, 24.6551, 7.6909, 20.6432, 16.5866, 22.2864, 20.4924, 19.6167, 26.0414, 19.4377, 10.4151, 4.0901, 13.0971, 12.3581, 8.0707, 22.2243, 1.2013, 28.1027, 10.4868, 89.0523, 2.8595],
      [1.0644, 0.2138, 0.3922, 13.4003, 10.3422, 7.4555, 0.1852, 0.1389, 13.335, 4.7114, 0.0198, 0.0948, 0.4946, 0.0573, 0.1746, 0.0132, 0.205, 1.7136, 0.086, 3.1014, 4.2778, 0.0551, 0.1587, 0.1124, 0.496, 0.2756, 5.3834, 0.4409, 0.0595, 0.4299, 0.2942, 0.6018, 0.3049],
      [13.943, 742.2137, 283.5227, 758.5721, 416.9857, 460.0783, 821.2962, 825.5797, 632.3794, 650.7288, 827.3717, 788.6562, 226.3175, 874.9643, 230.383, 730.2236, 528.2952, 533.2256, 729.2254, 880.5529, 650.8605, 611.4397, 521.266, 237.3407, 366.0228, 341.9067, 433.7653, 723.2765, 147.044, 776.1273, 260.3682, 2110.9899, 76.5495],
      [5.9926, 36.5219, 1.6952, 15.925, 22.3584, 18.473, 12.9714, 15.4097, 15.7055, 9.6844, 6.1962, 13.9441, 6.0769, 10.3233, 8.7515, 8.1199, 12.9132, 7.7744, 6.1962, 23.7291, 14.8203, 24.0675, 11.1601, 4.4568, 4.3841, 7.4597, 6.7807, 24.0583, 1.6952, 11.3401, 7.8508, 55.356, 1.286]
    ],
    [
      [0, 3.206, 0, 0, 0, 0, 0.6487, 3.3858, 0, 0, 16.2312, 3.4901, 0, 0, 0, 0, 0, 0, 0, 0, 0, 0, 0, 0, 0.104, 0, 0, 0, 0, 0.3132, 0.1031, 0, 0],
      [5.8387, 92.2596, 26.3011, 355.9801, 342.3916, 416.7784, 79.8949, 59.9212, 94.3918, 49.6287, 8.5602, 40.8986, 15.7121, 24.7294, 5.5454, 5.7068, 88.4551, 123.1732, 37.0941, 35.032, 108.2157, 23.7783, 68.4814, 48.5076, 208.1456, 118.8913, 142.5118, 191.2952, 25.6805, 186.0127, 56.1167, 259.6585, 23.5284],
      [0, 0, 0.0823, 0, 3.1146, 12.5478, 8.844, 4.5929, 0, 0, 15.204, 0, 0, 4.8382, 0, 16.9627, 1.5842, 0, 0.2185, 0, 0, 0, 4.3813, 1.2765, 0, 9.2309, 0.7039, 1.6024, 1.2096, 5.7387, 0.5787, 3.4701, 0.379],
      [0.1613, 15.5344, 2.6166, 27.0199, 25.4938, 28.6738, 13.6124, 11.1, 2.6082, 1.3713, 8.0046, 9.6113, 1.2879, 8.4324, 0.4546, 7.3306, 18.9607, 5.8268, 4.6874, 0.968, 7.7843, 8.2217, 11.1374, 5.2159, 4.7504, 13.8778, 10.7843, 26.1024, 2.1098, 18.9353, 6.2015, 38.8713, 2.0926]
    ],
    [
      [0, 0.7503, 0.4002, 2.0759, 2.0509, 2.276, 0.9004, 0.6503, 1.0505, 0.8254, 0.7003, 0.7503, 0.025, 0.5753, 0.2251, 0.6253, 0.6503, 1.2756, 0.6753, 0.8254, 1.3506, 0.3251, 0.4502, 0.4502, 0.9004, 1.0255, 1.0255, 1.2756, 0.2501, 2.251, 0.5002, 2.0009, 0.1751],
      [0, 4.2567, 1.2288, 17.027, 16.2371, 20.7661, 3.6863, 2.7647, 4.9589, 2.5014, 0.395, 1.887, 0.5507, 1.141, 0.2633, 0.2633, 4.0812, 5.7488, 1.7115, 1.7554, 5.1783, 1.0971, 3.1596, 2.2381, 10.2372, 5.8332, 7.6709, 8.2639, 1.1849, 8.5574, 2.5892, 11.9803, 1.0971],
      [0, 3.6007, 6.4125, 10.509, 12.6531, 14.3739, 5.8598, 3.1206, 6.6206, 5.5898, 7.089, 4.0609, 0.12, 2.7605, 1.617, 5.5281, 3.1206, 11.1611, 5.0872, 7.0574, 8.4459, 1.5603, 2.1604, 3.5474, 5.9164, 11.8624, 7.4669, 6.1211, 2.4319, 31.134, 3.0531, 9.6018, 1.2535],
      [0, 21.3923, 7.9586, 53.3881, 51.0589, 53.584, 25.5536, 19.4645, 29.3701, 24.0835, 19.8158, 23.3018, 0.3042, 18.5233, 6.8946, 18.5833, 18.1479, 32.8145, 19.526, 23.3619, 39.0252, 10.0175, 12.2298, 11.7643, 18.946, 22.279, 24.8367, 35.3394, 6.1331, 48.0576, 13.8576, 56.417, 4.4744]
    ],
    [
      [0, 8.9932, 5.2099, 8.8214, 3.6355, 4.7309, 7.9038, 9.0922, 4.3696, 5.2992, 14.6561, 9.4547, 1.864, 6.7696, 2.084, 5.7315, 4.7631, 6.4381, 5.8323, 5.558, 7.608, 5.2372, 3.1347, 1.4597, 3.8985, 3.6165, 2.9039, 6.5001, 0.5486, 8.3331, 2.9099, 23.9468, 0.9654],
      [0.097, 0.2698, 0.0779, 1.5927, 1.0291, 0, 0.2336, 0.1752, 0.3143, 0.1585, 0.025, 0.1196, 0.2426, 0.0723, 0.0167, 0.0167, 0.2587, 0.3644, 0.1085, 0.1113, 0.3282, 0.0695, 0.2003, 0.1418, 6.1211, 0, 0.4339, 0, 0.0751, 0, 0, 0.7593, 0.0695],
      [0.057, 3.1856, 11.9826, 8.9189, 1.2466, 0, 0, 3.7068, 0, 2.6814, 10.3354, 2.2829, 1.5625, 6.437, 0, 6.2856, 0, 5.6133, 12.4689, 0.3898, 2.6936, 0, 2.1923, 2.8354, 7.0608, 0, 5.0639, 0, 2.3145, 0, 0, 2.9382, 11.818],
      [9.8461, 123.5514, 16.7296, 167.667, 146.0888, 142.2691, 84.8626, 87.0258, 71.3161, 65.8608, 71.9835, 86.1427, 17.3309, 79.7211, 22.8993, 68.9662, 72.9782, 86.5843, 75.5904, 76.941, 117.3702, 60.6933, 57.4728, 37.563, 46.9196, 48.3835, 73.5983, 100.4999, 19.0619, 115.6669, 31.0901, 257.3556, 14.1471]
    ]
  ],
  "V_est": [
    [642.9609, 70.0897, 19211.472, 433.4774],
    [27.4821, 3369.1165, 96.5603, 349.8411],
    [29.2879, 160.3113, 210.8965, 770.5043],
    [192.2691, 13.4825, 114.0712, 2554.1772]
  ],
  "p_est": [
    [0.0316, 0.0034, 0.9437, 0.0213],
    [0.0072, 0.8767, 0.0251, 0.091],
    [0.025, 0.1369, 0.1801, 0.658],
    [0.0669, 0.0047, 0.0397, 0.8887]
  ],
  "EI_Z": {},
  "EI_V": 11.4265,
  "MAE_Z": {},
  "MAE_V": 403.4398,
  "MAE_p": 0.0923,
  "runtime": 0.3517
}
