{
  "X": [
    [35, 13, 20, 32],
    [30, 17, 22, 31],
    [26, 12, 24, 38],
    [37, 15, 19, 29],
    [32, 9, 20, 39],
    [30, 10, 20, 40],
    [35, 11, 12, 42],
    [24, 10, 22, 44],
    [29, 11, 23, 37],
    [30, 5, 28, 37],
    [34, 10, 21, 35],
    [32, 8, 25, 35],
    [34, 15, 23, 28],
    [28, 9, 20, 43],
    [28, 7, 17, 48],
    [32, 10, 18, 40],
    [28, 9, 33, 30],
    [19, 11, 56, 14],
    [18, 10, 58, 14],
    [17, 9, 61, 13],
    [16, 11, 64, 9],
    [13, 14, 57, 16],
    [18, 14, 57, 11],
    [22, 12, 54, 12],
    [19, 16, 54, 11],
    [24, 5, 58, 13],
    [17, 13, 58, 12],
    [24, 7, 54, 15],
    [20, 13, 57, 10],
    [19, 11, 59, 11],
    [15, 8, 62, 15],
    [21, 11, 52, 16],
    [23, 8, 60, 9],
    [33, 15, 38, 14],
    [40, 14, 31, 15],
    [34, 15, 27, 24],
    [30, 18, 32, 20],
    [50, 13, 19, 18],
    [38, 20, 23, 19],
    [38, 12, 32, 18],
    [46, 14, 24, 16],
    [38, 17, 28, 17],
    [38, 19, 24, 19],
    [37, 14, 31, 18],
    [37, 10, 33, 20],
    [47, 12, 21, 20],
    [39, 9, 29, 23],
    [34, 18, 29, 19],
    [32, 22, 27, 19],
    [41, 18, 24, 17]
  ],
  "W": [
    [58, 16, 26],
    [68, 18, 14],
    [68, 14, 18],
    [58, 18, 24],
    [69, 14, 17],
    [64, 14, 22],
    [75, 9, 16],
    [70, 14, 16],
    [68, 16, 16],
    [61, 20, 19],
    [62, 16, 22],
    [65, 20, 15],
    [59, 14, 27],
    [65, 16, 19],
    [73, 15, 12],
    [70, 12, 18],
    [52, 33, 15],
    [12, 69, 19],
    [18, 69, 13],
    [14, 77, 9],
    [10, 74, 16],
    [19, 70, 11],
    [18, 71, 11],
    [14, 63, 23],
    [15, 66, 19],
    [22, 68, 10],
    [17, 63, 20],
    [13, 69, 18],
    [15, 63, 22],
    [9, 71, 20],
    [19, 67, 14],
    [16, 61, 23],
    [16, 74, 10],
    [20, 33, 47],
    [16, 19, 65],
    [19, 14, 67],
    [13, 14, 73],
    [21, 10, 69],
    [17, 14, 69],
    [17, 18, 65],
    [15, 13, 72],
    [15, 16, 69],
    [21, 16, 63],
    [18, 12, 70],
    [18, 24, 58],
    [22, 14, 64],
    [17, 18, 65],
    [21, 19, 60],
    [19, 24, 57],
    [26, 15, 59]
  ],
  "method": "mvn_pdf",
  "cond_prob": [
    [
      [0.34197050944, 0.10144145092, 0.064846747545, 0.49174129209],
      [0.11012644443, 0.10730637711, 0.74867053258, 0.033896645887],
      [0.51552643621, 0.20767283895, 0.16385231235, 0.11294841249]
    ],
    [
      [0.33198509359, 0.14848420054, 0.088106363182, 0.43142434268],
      [0.084875804929, 0.14147023196, 0.74894141112, 0.024712551994],
      [0.42123208193, 0.311186442, 0.18055870739, 0.087022768687]
    ],
    [
      [0.26605046392, 0.10562545004, 0.10591810464, 0.5224059814],
      [0.056416833004, 0.072967321819, 0.84643834321, 0.024177501966],
      [0.39548515507, 0.21088482732, 0.27485733774, 0.11877267987]
    ],
    [
      [0.37690340525, 0.11818403844, 0.055889382912, 0.44902317339],
      [0.13028150431, 0.13856664952, 0.69724934323, 0.033902502937],
      [0.53310564242, 0.23546358662, 0.13366365054, 0.097767120428]
    ],
    [
      [0.31998891762, 0.075682305609, 0.077282849804, 0.52704592697],
      [0.093256792115, 0.072445435135, 0.80147919627, 0.032818576475],
      [0.50677468206, 0.16256969536, 0.20275144798, 0.12790417461]
    ],
    [
      [0.2844225979, 0.077973411298, 0.070982867832, 0.56662112297],
      [0.089615081002, 0.079914003484, 0.79255961444, 0.037911301075],
      [0.47919739094, 0.17685934673, 0.1982391753, 0.14570408703]
    ],
    [
      [0.33571169339, 0.09116346523, 0.04625324962, 0.52687159176],
      [0.13151388045, 0.11475469554, 0.70901892542, 0.04471249859],
      [0.53987487947, 0.1956217405, 0.13436474685, 0.13013863318]
    ],
    [
      [0.23752875891, 0.085278856742, 0.089788030752, 0.5874043536],
      [0.061963477102, 0.070953883257, 0.83436241331, 0.032720226329],
      [0.40659363731, 0.1898203539, 0.25211025381, 0.15147575497]
    ],
    [
      [0.3020220593, 0.097057790631, 0.090797585754, 0.51012256432],
      [0.074794880884, 0.078508937277, 0.81988142383, 0.026814758007],
      [0.4541113671, 0.19649545254, 0.23172883671, 0.11766434365]
    ],
    [
      [0.31203172952, 0.036307249886, 0.097870873217, 0.55379014738],
      [0.07792778488, 0.037147083969, 0.85431799804, 0.030607133106],
      [0.49513204221, 0.10749031987, 0.26018509331, 0.13719254461]
    ],
    [
      [0.33564250278, 0.080497367071, 0.071328054635, 0.51253207552],
      [0.10340320885, 0.080939410496, 0.78193888129, 0.033718499362],
      [0.52435061301, 0.16882421244, 0.18484720509, 0.12197796946]
    ],
    [
      [0.34328062271, 0.069807473527, 0.084429043087, 0.50248286068],
      [0.092628118934, 0.063171036387, 0.81515588174, 0.029044962938],
      [0.52227980968, 0.14660623287, 0.21393297097, 0.11718098648]
    ],
    [
      [0.34724432132, 0.12443863303, 0.098516561025, 0.42980048462],
      [0.079446377317, 0.096258745519, 0.80364747952, 0.020647397643],
      [0.4592716948, 0.23372215607, 0.21986882171, 0.087137327423]
    ],
    [
      [0.26714176387, 0.069301816541, 0.061680685189, 0.6018757344],
      [0.094700738125, 0.080428176461, 0.77959007912, 0.04528100629],
      [0.48003018622, 0.16887005797, 0.18512179983, 0.16597795598]
    ],
    [
      [0.27664810846, 0.055632097245, 0.050470799529, 0.61724899476],
      [0.11130847051, 0.077322816041, 0.757611615, 0.053757098447],
      [0.51125508538, 0.14825122171, 0.16262145077, 0.17787224214]
    ],
    [
      [0.31236948674, 0.082976863769, 0.072655590262, 0.53199805923],
      [0.09531572301, 0.082132096666, 0.78784804092, 0.034704139399],
      [0.49946373621, 0.1781130209, 0.19221845503, 0.13020478786]
    ],
    [
      [0.32849441635, 0.077330899031, 0.073623790443, 0.52055089417],
      [0.097000312116, 0.076418017066, 0.79434003566, 0.032241635156],
      [0.51448533666, 0.16379991248, 0.19722278134, 0.12449196952]
    ],
    [
      [0.25386662591, 0.070543973038, 0.054586857074, 0.62100254398],
      [0.10063959577, 0.0966553273, 0.75467789881, 0.048027178119],
      [0.47418254637, 0.18338182841, 0.17222014195, 0.17021548326]
    ],
    [
      [0.29906873882, 0.082708696958, 0.071996614725, 0.54622594949],
      [0.091774326168, 0.088377450901, 0.78426638767, 0.035581835259],
      [0.48341032274, 0.18563071866, 0.19920616812, 0.13175279048]
    ],
    [
      [0.29010471617, 0.066359240196, 0.058141352445, 0.58539469119],
      [0.10823453098, 0.085859899565, 0.7612606981, 0.044644871355],
      [0.51160834311, 0.16219537452, 0.17432747914, 0.15186880323]
    ],
    [
      [0.30280718099, 0.099740473656, 0.089190336288, 0.50826200907],
      [0.077307205915, 0.089989082185, 0.804134164, 0.028569547898],
      [0.45319968453, 0.20896269886, 0.22513553131, 0.11270208531]
    ],
    [
      [0.21820263633, 0.11622242285, 0.068097487034, 0.59747745378],
      [0.067904199554, 0.12429132383, 0.76525379075, 0.042550685868],
      [0.37280508554, 0.28103466341, 0.19439839947, 0.15176185158]
    ],
    [
      [0.33797121581, 0.13496924326, 0.078003584478, 0.44905595645],
      [0.095979228555, 0.12228177788, 0.75501668936, 0.026722304205],
      [0.46381753528, 0.26259521742, 0.18088641228, 0.092700835026]
    ],
    [
      [0.32303420076, 0.092872438275, 0.072408149158, 0.51168521181],
      [0.09654055, 0.097186301116, 0.77246509527, 0.033808053615],
      [0.49545506693, 0.19900212582, 0.18786890912, 0.11767389813]
    ],
    [
      [0.30992765131, 0.14255229679, 0.075728934771, 0.47179111713],
      [0.091791907046, 0.12815109991, 0.74944792755, 0.030609065496],
      [0.43646417712, 0.2844075239, 0.17897382949, 0.10015446949]
    ],
    [
      [0.42808864522, 0.048274514096, 0.077637499865, 0.44599934082],
      [0.12349175828, 0.043060035284, 0.80082598262, 0.032622223823],
      [0.61846102423, 0.10098782906, 0.18358081851, 0.096970328202]
    ],
    [
      [0.28601145404, 0.12177889169, 0.10098694813, 0.49122270614],
      [0.063250225001, 0.096195992047, 0.81604610734, 0.024507675609],
      [0.40765205531, 0.24347056712, 0.24361585596, 0.10526152161]
    ],
    [
      [0.30181709395, 0.041637426793, 0.045183865277, 0.61136161398],
      [0.14073033361, 0.064685525885, 0.73699881499, 0.057585325511],
      [0.5758880422, 0.11085623142, 0.14220508427, 0.17105064211]
    ],
    [
      [0.33471921721, 0.1206384974, 0.09752187122, 0.44712041417],
      [0.078871957478, 0.097312867638, 0.80327369606, 0.020541478823],
      [0.45501265549, 0.22998690354, 0.22413313999, 0.090867300985]
    ],
    [
      [0.28287572875, 0.078218622126, 0.064893100259, 0.57401254887],
      [0.095714468572, 0.092478168734, 0.77030688938, 0.041500473312],
      [0.48291955863, 0.18650412104, 0.18620864758, 0.14436767275]
    ],
    [
      [0.2574996032, 0.073503058117, 0.095170673113, 0.57382666557],
      [0.062093112569, 0.063221426607, 0.84302970427, 0.031655756553],
      [0.42480492836, 0.16911473665, 0.26491193034, 0.14116840465]
    ],
    [
      [0.26483810935, 0.073430057384, 0.059884194341, 0.60184763892],
      [0.095827102284, 0.092097915146, 0.76802000983, 0.044054972743],
      [0.47465813092, 0.18291940252, 0.18228836048, 0.16013410608]
    ],
    [
      [0.45984296548, 0.071748933723, 0.07458902173, 0.39381907907],
      [0.12764486249, 0.074561230132, 0.77205891281, 0.025734994572],
      [0.61967927281, 0.13344860306, 0.16742161047, 0.079450513658]
    ],
    [
      [0.3548637786, 0.10784175305, 0.090160805278, 0.44713366307],
      [0.087983817116, 0.091574993345, 0.79803099663, 0.022410192904],
      [0.48934592475, 0.20896149274, 0.20982470225, 0.091867880272]
    ],
    [
      [0.34841544418, 0.084772822466, 0.089045292329, 0.47776644103],
      [0.088933977753, 0.073434480703, 0.81135792295, 0.026273618594],
      [0.50362472794, 0.1730519955, 0.21783807364, 0.10548520293]
    ],
    [
      [0.23121046699, 0.071868324118, 0.069139503675, 0.62778170522],
      [0.076151364816, 0.079269294702, 0.80155671716, 0.043022623327],
      [0.42598331373, 0.18693629427, 0.21588888642, 0.17119150559]
    ],
    [
      [0.2147470313, 0.088440008915, 0.090803836287, 0.6060091235],
      [0.054458864879, 0.077005162817, 0.83489045946, 0.03364551284],
      [0.36227211623, 0.21605763842, 0.26206963967, 0.15960060568]
    ],
    [
      [0.39359997502, 0.07319554243, 0.059600784065, 0.47360369848],
      [0.13768843439, 0.085684888964, 0.74059618087, 0.036030495774],
      [0.58489153885, 0.15371079303, 0.14989016994, 0.11150749818]
    ],
    [
      [0.28808539399, 0.1072712474, 0.062241702852, 0.54240165576],
      [0.097259667028, 0.12185364902, 0.74149932848, 0.039387355464],
      [0.46001323136, 0.23870199577, 0.16754928192, 0.13373549095]
    ],
    [
      [0.30753749223, 0.068790556943, 0.090300511976, 0.53337143885],
      [0.079484672148, 0.059671160299, 0.83086761806, 0.029976549492],
      [0.48217136205, 0.15009968687, 0.23860421802, 0.12912473306]
    ],
    [
      [0.36262695746, 0.077268123866, 0.070253728511, 0.48985119017],
      [0.11260073967, 0.081014357018, 0.7733975387, 0.032987364607],
      [0.54301091698, 0.1637193264, 0.17905591763, 0.11421383899]
    ],
    [
      [0.30208942984, 0.094103554549, 0.078513963951, 0.52529305166],
      [0.085517674989, 0.090179690107, 0.79212997011, 0.032172664794],
      [0.46522283699, 0.20500828464, 0.20504653651, 0.12472234186]
    ],
    [
      [0.31042019884, 0.10989360902, 0.065797271614, 0.51388892053],
      [0.099560680848, 0.11873862719, 0.7460711186, 0.035629573357],
      [0.47441595128, 0.23480025676, 0.16954157775, 0.12124221421]
    ],
    [
      [0.29536467784, 0.080427654301, 0.10780449931, 0.51640316855],
      [0.064733569923, 0.058899621947, 0.85180002029, 0.024566787841],
      [0.441523328, 0.16922152513, 0.26911312527, 0.1201420216]
    ],
    [
      [0.29587080562, 0.055452974819, 0.073173293104, 0.57550292646],
      [0.093596549993, 0.05825803009, 0.80923248875, 0.038912931162],
      [0.50737945343, 0.13109747812, 0.21140174128, 0.15012132717]
    ],
    [
      [0.36678008939, 0.066255452821, 0.055438947973, 0.51152550981],
      [0.13658068025, 0.083088337362, 0.7385761256, 0.041754856783],
      [0.57841732047, 0.1465491143, 0.14750433416, 0.12752923108]
    ],
    [
      [0.26374207475, 0.043692059617, 0.064399747866, 0.62816611776],
      [0.096462520137, 0.05333304747, 0.80329033207, 0.046914100325],
      [0.50430860564, 0.1122652328, 0.20686120475, 0.1765649568]
    ],
    [
      [0.28867941228, 0.10753729892, 0.079828293644, 0.52395499515],
      [0.080114784824, 0.10096882964, 0.7872284265, 0.031687959037],
      [0.44025919051, 0.23038848266, 0.20610442883, 0.123247898]
    ],
    [
      [0.27115447613, 0.12861249415, 0.05853612632, 0.5416969034],
      [0.09713993241, 0.15089455454, 0.70926632529, 0.042699187757],
      [0.43011765922, 0.27955953162, 0.15553371567, 0.13478909349]
    ],
    [
      [0.36872141713, 0.11714679093, 0.077435297254, 0.43669649469],
      [0.10326661307, 0.11028439387, 0.76076787268, 0.025681120379],
      [0.50617362642, 0.22542233098, 0.17924007087, 0.089163971735]
    ]
  ],
  "expected_outcome": [
    [
      [19.8342895478, 22.5749863643, 18.0914315467, 21.8603975044, 22.0792353154, 18.2030462653, 25.1783770044, 16.6270131236, 20.5375000323, 19.0339355005, 20.8098351721, 22.3132404761, 20.4874149581, 17.3642146518, 20.1953119178, 21.865864072, 17.0817096504, 3.0463995109, 5.3832372988, 4.0614660264, 3.0280718099, 4.1458500903, 6.0834818846, 4.5224788106, 4.6489147696, 9.4179501949, 4.8621947187, 3.9236222213, 5.0207882582, 2.5458815587, 4.8924924608, 4.2374097496, 7.3574874476, 7.0972755721, 5.5746471068, 4.3929988728, 2.7917114069, 8.2655994755, 4.8974516978, 5.2281373679, 5.4394043618, 4.5313414475, 6.5188241756, 5.3165642011, 5.3256745011, 8.0691619666, 4.4836152708, 6.0622676579, 5.1519350465, 9.5867568453],
      [5.8836041535, 10.0969256368, 7.1825306027, 6.8546742298, 5.222079087, 4.9902983231, 6.8372598922, 5.9695199719, 6.5999297629, 2.214742243, 4.9908367584, 4.5374857792, 7.3418793488, 4.5046180752, 4.0611430988, 5.8083804639, 4.0212067496, 0.84652767645, 1.4887565452, 0.92902936275, 0.99740473656, 2.2082260342, 2.4294463787, 1.3002141358, 2.1382844518, 1.0620393101, 2.0702411587, 0.54128654831, 1.809577461, 0.70396759913, 1.3965581042, 1.1748809181, 1.1479829396, 2.156835061, 1.3563651595, 1.3654981582, 1.1497201159, 1.537106391, 1.8236112058, 1.169439468, 1.159021858, 1.4115533182, 2.3077657894, 1.4476977774, 0.99815354674, 1.4576199621, 0.74276501348, 2.2582832773, 2.4436373889, 3.0458165641],
      [3.7611113576, 5.9912326964, 7.2024311158, 3.2415842089, 5.3325166365, 4.5429035413, 3.4689937215, 6.2851621526, 6.1742358313, 5.9701232663, 4.4223393874, 5.4878878007, 5.8124771005, 4.0092445373, 3.6843683656, 5.0858913183, 3.828437103, 0.65504228489, 1.295939065, 0.81397893423, 0.89190336288, 1.2938522536, 1.4040645206, 1.0137140882, 1.1359340216, 1.708024997, 1.7167781182, 0.5873902486, 1.4628280683, 0.58403790233, 1.8082427892, 0.95814710946, 1.1934243477, 1.8032161056, 1.4247246773, 1.3136505698, 1.1804498717, 1.2516164654, 1.0581089485, 1.5351087036, 1.0538059277, 1.1777094593, 1.3817427039, 1.9404809875, 1.3171192759, 1.2196568554, 1.0947957137, 1.6763941665, 1.1121864001, 2.0133177286],
      [28.5209949411, 29.3368553025, 35.5236067349, 26.0433440569, 36.366168961, 36.2637518704, 39.5153693819, 41.1183047518, 34.6883343735, 33.7811989902, 31.7769886821, 32.661385944, 25.3582285926, 39.1219227357, 45.0591766177, 37.2398641458, 27.068646497, 7.4520305277, 9.8320670909, 8.1955256766, 5.0826200907, 11.3520716219, 8.0830072161, 7.1635929653, 7.076866757, 9.811985498, 8.3507860045, 7.9477009818, 6.7068062125, 5.1661129398, 10.9027066458, 9.6295622228, 6.3011052651, 8.9426732614, 7.6442630564, 11.9278523991, 7.8781186055, 9.9456776681, 9.2208281479, 9.0673144605, 7.3477678525, 7.879395775, 10.7916673311, 9.295257034, 10.3590526763, 11.2535612159, 10.678824002, 11.0030548982, 10.2922411646, 11.354108862]
    ],
    [
      [1.7620231108, 1.5277644887, 0.78983566205, 2.3450670776, 1.3055950896, 1.254611134, 1.183624924, 0.86748867943, 1.1967180941, 1.5585556976, 1.6544513417, 1.8525623787, 1.1122492824, 1.51521181, 1.6696270576, 1.1437886761, 3.2010102998, 6.944132108, 6.3324285056, 8.3340588856, 5.7207332377, 4.7532939688, 6.8145252274, 6.08205465, 6.0582658651, 8.3974395628, 3.9847641751, 9.7103930192, 4.9689333211, 6.7957272686, 4.1602385422, 5.8454532393, 9.4457198243, 2.9034659648, 1.6897455773, 1.0661191074, 0.76242410831, 1.3768843439, 1.3616353384, 1.4307240987, 1.4638096157, 1.3682827998, 1.5929708936, 0.77680283908, 2.2463171998, 1.9121295235, 1.7363253625, 1.5221809117, 2.3313583778, 1.5489991961],
      [1.7169020337, 2.5464641752, 1.0215425055, 2.4941996914, 1.0142360919, 1.1187960488, 1.0327922599, 0.9933543656, 1.2561429964, 0.74294167938, 1.2950305679, 1.2634207277, 1.3476224373, 1.2868508234, 1.1598422406, 0.98558516, 2.5217945632, 6.6692175837, 6.0980441121, 6.6112122665, 6.6591920817, 8.7003926683, 8.6820062297, 6.1227369703, 8.4579725941, 2.9280823993, 6.0603474989, 4.4633012861, 6.1307106612, 6.5659499801, 4.2358355827, 5.6179728239, 5.5175310298, 3.0219747804, 1.3952551334, 1.1097701258, 1.0780722794, 0.85684888964, 1.7059510863, 1.0740808854, 1.0531866412, 1.4428750417, 1.8998180351, 0.70679546337, 1.3981927222, 1.1632367231, 0.95999485446, 1.9184077632, 3.6214693091, 1.654265908],
      [11.9787285213, 13.4809454002, 11.8501368049, 12.5504881781, 11.2207087478, 11.0958346021, 6.3811703288, 11.6810737864, 13.1181027813, 17.0863599609, 12.5110221006, 16.3031176348, 11.2510647133, 12.473441266, 11.3641742251, 9.4541764911, 26.2132211769, 52.072775018, 54.1143807494, 58.6170737535, 59.5059281362, 53.5677653522, 53.6061849443, 48.665301002, 49.4635632181, 54.4561668179, 51.4109047626, 50.8529182345, 50.6062428519, 54.6917891462, 56.4829901861, 46.8492205994, 57.1323595476, 26.3350228889, 15.415800536, 11.2217940402, 11.6884664325, 7.4059618087, 10.3809905988, 14.9556171251, 10.0541680032, 12.6740795218, 11.9371378977, 10.2216002435, 19.4215797301, 10.3400657584, 14.4592259772, 14.9573401034, 17.0223918069, 11.4115180902],
      [0.5423463342, 0.44482593588, 0.33848502753, 0.61024505287, 0.45946007065, 0.53075821505, 0.40241248731, 0.45808316861, 0.42903612811, 0.61214266212, 0.53949598979, 0.58089925877, 0.289063567, 0.72449610065, 0.80635647671, 0.41644967279, 1.0639739601, 3.3138752902, 2.4551466329, 3.4376550943, 2.1141465444, 2.9785480107, 1.8972835986, 2.1299073778, 2.0201983228, 2.21831122, 1.5439835634, 3.9733874603, 1.2941131658, 2.9465336051, 2.1209356891, 2.6873533373, 1.9043895983, 0.73953636584, 0.49919875329, 0.60231672658, 0.47103717976, 0.36030495774, 0.5514229765, 0.53957789085, 0.4288357399, 0.5147626367, 0.57007317371, 0.29480145409, 0.9339103479, 0.58456799497, 0.84445380585, 0.6020712217, 1.0247805062, 0.38521680568]
    ],
    [
      [13.4036873414, 5.897249147, 7.1187327913, 12.794535418, 8.615169595, 10.5423426007, 8.6379980716, 6.505498197, 7.2657818736, 9.4075088019, 11.5357134862, 7.8341971452, 12.4003357595, 9.1205735382, 6.1350610245, 8.9903472519, 7.7172800498, 9.009468381, 6.2843341956, 4.604475088, 7.2511949524, 4.100855941, 5.101992888, 11.3954665394, 8.2928193653, 6.1846102423, 8.1530411063, 10.3659847595, 10.0102784207, 9.6583911727, 5.9472689971, 10.9171370111, 6.1967927281, 22.9992584631, 32.7356073158, 28.5408820198, 26.4458644848, 40.3575161806, 31.7409129638, 31.3411385335, 39.0967860225, 32.1003757526, 29.8882049308, 30.9066329599, 29.4280082991, 37.0187085099, 32.7800593667, 26.4155514304, 24.5167065757, 29.8642439586],
      [5.3994938128, 4.356610188, 3.7959268918, 5.6511260788, 2.7636848211, 3.8909056282, 3.1299478479, 3.0371256625, 3.1439272406, 2.0423160776, 3.7141326737, 2.199093493, 6.3104982139, 3.2085311015, 1.7790146605, 3.2060343761, 2.4569986872, 3.4842547399, 2.4131993426, 1.4597583707, 3.3434031817, 3.0913812975, 2.8885473916, 4.5770488939, 5.4037429541, 1.0098782906, 4.8694113424, 1.9954121656, 5.0597118778, 3.7300824208, 2.3676063131, 4.207146258, 1.3344860306, 9.8211901586, 11.2483797072, 12.5247317159, 15.7722076047, 10.6060447193, 16.4704377079, 9.7564796466, 11.7877915008, 14.1455716401, 14.7924161756, 11.8455067592, 7.6036537311, 9.3791433149, 7.2972401321, 13.8233089595, 15.9348933021, 13.2999175279],
      [4.2601601211, 2.5278219034, 4.9474320793, 3.207927613, 3.4467746156, 4.3612618566, 2.1498359497, 4.033764061, 3.7076613874, 4.9435167728, 4.066638512, 3.2089945645, 5.9364581862, 3.5173141967, 1.9514574093, 3.4599321906, 2.9583417201, 3.2721826971, 2.5896801856, 1.5689473123, 3.6021685009, 2.1383823941, 1.9897505351, 4.3209849098, 3.4005027604, 1.8358081851, 4.8723171192, 2.5596915169, 4.9309290798, 3.7241729515, 3.7087670247, 4.1926322911, 1.6742161047, 9.8617610055, 14.1594747867, 14.46455539, 19.1310836958, 10.3424217259, 11.5609004528, 15.5092741713, 12.8920260692, 14.148211019, 10.6811193984, 18.837918769, 12.261300994, 9.4402773861, 13.4459783091, 12.36626573, 8.865421793, 10.5751641812],
      [2.9366587247, 1.2183187616, 2.1379082376, 2.3464108903, 2.1743709683, 3.2054899146, 2.0822181308, 2.4236120796, 1.8826294984, 2.6066583476, 2.6835153281, 1.7577147973, 2.3527078404, 3.1535811636, 2.1344669056, 2.3436861814, 1.8673795429, 3.234094182, 1.7127862762, 1.3668192291, 1.8032333649, 1.6693803674, 1.0197091853, 2.7064996569, 1.9029349203, 0.96970328202, 2.1052304322, 3.078911558, 1.9990806217, 2.887353455, 1.9763576651, 3.6830844399, 0.79450513658, 4.3177903728, 6.8565381903, 11.4698308743, 11.6508442148, 7.6940173741, 9.2277488756, 8.3931076486, 8.2233964076, 8.6058415883, 7.6382594952, 8.4099415119, 8.7070369758, 8.1618707891, 11.4767221922, 7.3948738801, 7.6829783292, 5.2606743323]
    ]
  ],
  "prob": [
    [0.31196694474, 0.088297796996, 0.075811833721, 0.52392342454],
    [0.094408231232, 0.089609010065, 0.78105104475, 0.034931713951],
    [0.48233648358, 0.19053382511, 0.1990453671, 0.12808432421]
  ],
  "iterations": 16,
  "logLik": 464.1256645188,
  "time": 0.001311,
  "message": "Converged",
  "status": 0,
  "miniter": 0,
  "maxiter": 1000,
  "maxtime": 3600,
  "param_threshold": 0.001,
  "ll_threshold": "-Inf",
  "initial_prob": "group_proportional",
  "adjust_prob_cond_method": "project_lp",
  "adjust_prob_cond_every": false
}
