{
  "X": [
    [53, 3, 16, 28],
    [50, 9, 8, 33],
    [51, 4, 13, 32],
    [54, 7, 14, 25],
    [53, 8, 17, 22],
    [56, 4, 14, 26],
    [50, 9, 14, 27],
    [50, 6, 15, 29],
    [60, 3, 16, 21],
    [55, 8, 18, 19],
    [42, 9, 13, 36],
    [65, 4, 11, 20],
    [48, 7, 12, 33],
    [55, 5, 12, 28],
    [51, 4, 9, 36],
    [56, 9, 14, 21],
    [54, 4, 8, 34],
    [56, 5, 12, 27],
    [53, 4, 10, 33],
    [44, 8, 10, 38],
    [59, 5, 5, 31],
    [60, 9, 6, 25],
    [52, 3, 10, 35],
    [59, 6, 6, 29],
    [52, 5, 6, 37],
    [46, 4, 12, 38],
    [48, 5, 9, 38],
    [56, 3, 10, 31],
    [52, 5, 6, 37],
    [54, 4, 10, 32],
    [45, 10, 8, 37],
    [49, 5, 9, 37],
    [56, 3, 8, 33],
    [29, 7, 18, 46],
    [25, 7, 21, 47],
    [17, 5, 27, 51],
    [23, 4, 17, 56],
    [24, 6, 21, 49],
    [26, 12, 17, 45],
    [16, 7, 22, 55],
    [26, 6, 19, 49],
    [29, 2, 17, 52],
    [18, 13, 25, 44],
    [30, 7, 18, 45],
    [21, 13, 17, 49],
    [19, 7, 19, 55],
    [29, 8, 13, 50],
    [26, 5, 20, 49],
    [19, 12, 22, 47],
    [22, 12, 19, 47]
  ],
  "W": [
    [70, 14, 16],
    [63, 19, 18],
    [70, 15, 15],
    [66, 15, 19],
    [73, 12, 15],
    [67, 17, 16],
    [64, 17, 19],
    [69, 9, 22],
    [73, 18, 9],
    [65, 24, 11],
    [67, 13, 20],
    [67, 17, 16],
    [64, 19, 17],
    [64, 18, 18],
    [58, 24, 18],
    [72, 11, 17],
    [49, 35, 16],
    [21, 56, 23],
    [14, 64, 22],
    [18, 65, 17],
    [11, 75, 14],
    [18, 70, 12],
    [16, 70, 14],
    [12, 68, 20],
    [12, 68, 20],
    [21, 60, 19],
    [17, 60, 23],
    [14, 71, 15],
    [16, 67, 17],
    [13, 72, 15],
    [17, 65, 18],
    [15, 67, 18],
    [13, 73, 14],
    [15, 36, 49],
    [18, 19, 63],
    [10, 19, 71],
    [13, 19, 68],
    [20, 11, 69],
    [25, 12, 63],
    [17, 16, 67],
    [21, 13, 66],
    [10, 25, 65],
    [17, 14, 69],
    [14, 22, 64],
    [18, 18, 64],
    [19, 9, 72],
    [27, 16, 57],
    [24, 17, 59],
    [12, 17, 71],
    [18, 16, 66]
  ],
  "method": "mvn_pdf",
  "cond_prob": [
    [
      [0.62453713651, 0.027350525444, 0.15539627027, 0.19271606777],
      [0.63040165928, 0.020486207223, 0.035530956518, 0.31358117698],
      [0.028548575885, 0.049916019864, 0.2890517306, 0.63248367365]
    ],
    [
      [0.61014037324, 0.08873167933, 0.078934301136, 0.22219364629],
      [0.58253880026, 0.055272291476, 0.016693945208, 0.34549496305],
      [0.027384404491, 0.13109614801, 0.15055300386, 0.69096644364]
    ],
    [
      [0.5992255242, 0.039746567913, 0.13265088161, 0.22837702628],
      [0.57886948021, 0.025047685917, 0.02910995813, 0.36697287574],
      [0.024744740198, 0.056134997155, 0.21851926104, 0.70060100161]
    ],
    [
      [0.6556885612, 0.065271569858, 0.12762420512, 0.15141566382],
      [0.67315229144, 0.040987192437, 0.029585495983, 0.25627502014],
      [0.033014241537, 0.1093299212, 0.27015894855, 0.58749688871]
    ],
    [
      [0.61315307869, 0.076412237987, 0.16064424369, 0.14979043963],
      [0.64997566978, 0.050607822718, 0.038564088157, 0.26085241935],
      [0.029341147869, 0.12097418362, 0.32068007685, 0.52900459166]
    ],
    [
      [0.65872164721, 0.037620475866, 0.13495402766, 0.16870384926],
      [0.66709055249, 0.024838254144, 0.031018600416, 0.27705259295],
      [0.032819390283, 0.066073612281, 0.27692274622, 0.62418425122]
    ],
    [
      [0.60738921737, 0.084832974979, 0.1352316033, 0.17254620435],
      [0.62385510148, 0.0568452539, 0.031585589303, 0.28771405532],
      [0.027450176997, 0.13706948869, 0.2530643353, 0.58241599902]
    ],
    [
      [0.63220001791, 0.055476270889, 0.13206354793, 0.18026016327],
      [0.63898509559, 0.033913076018, 0.029840548728, 0.29726127966],
      [0.028515131981, 0.084859982933, 0.25541137519, 0.63121350989]
    ],
    [
      [0.65052113354, 0.02893546985, 0.16632377171, 0.1542196249],
      [0.67848706141, 0.021333345838, 0.039416865344, 0.2607627274],
      [0.033243349584, 0.055967830655, 0.3498734543, 0.56091536547]
    ],
    [
      [0.59804781697, 0.080914636798, 0.19233040653, 0.12870713969],
      [0.65841057505, 0.056947442422, 0.047046236612, 0.23759574591],
      [0.029548917764, 0.12489181727, 0.39721944514, 0.44833981982]
    ],
    [
      [0.52357131084, 0.090596888613, 0.13215805113, 0.25367374941],
      [0.50245931954, 0.056246882294, 0.028850645597, 0.41244315257],
      [0.019437550974, 0.10993994965, 0.18851760908, 0.68210489029]
    ],
    [
      [0.763019231, 0.034413800829, 0.0946670805, 0.10789988767],
      [0.76507234875, 0.022503090105, 0.021828631496, 0.19059592965],
      [0.054467599649, 0.081982675793, 0.26788867944, 0.59566104512]
    ],
    [
      [0.57707803045, 0.071774946193, 0.12514528204, 0.22600174132],
      [0.56220478974, 0.043438866178, 0.027889416844, 0.36646692724],
      [0.02265382626, 0.093003822723, 0.2035766488, 0.68076570222]
    ],
    [
      [0.66405197082, 0.047628248576, 0.11385095851, 0.1744688221],
      [0.66172801812, 0.029568576459, 0.025827075902, 0.28287632952],
      [0.032753863429, 0.078864317492, 0.23603618273, 0.65234563634]
    ],
    [
      [0.62774891193, 0.040663798146, 0.094799999243, 0.23678729068],
      [0.58709572954, 0.024707549174, 0.020061699171, 0.36813502211],
      [0.027792533282, 0.058251029297, 0.16778440355, 0.74617203388]
    ],
    [
      [0.66393918198, 0.080714523637, 0.12529880665, 0.13004748773],
      [0.6887648656, 0.054444650886, 0.02914664535, 0.22764383816],
      [0.036468551509, 0.15233312579, 0.27399251896, 0.53720580374]
    ],
    [
      [0.6504858504, 0.041942997319, 0.091748366682, 0.2158227856],
      [0.61839287122, 0.026067602269, 0.019211365105, 0.33632816141],
      [0.030152677358, 0.064526690748, 0.17699576587, 0.72832486602]
    ],
    [
      [0.69695394702, 0.045956491863, 0.1311447705, 0.12594479062],
      [0.72183551471, 0.034706072828, 0.03322631139, 0.21023210107],
      [0.040920795156, 0.090929286631, 0.3210994079, 0.54705051031]
    ],
    [
      [0.66780585465, 0.040900651347, 0.12823984366, 0.16305365034],
      [0.67059574491, 0.028584288754, 0.032685449488, 0.26813451684],
      [0.033299561836, 0.07263620004, 0.27785333734, 0.61621090078]
    ],
    [
      [0.51714282707, 0.098174730399, 0.16480336154, 0.219879081],
      [0.52859913487, 0.062886435935, 0.041344452282, 0.36716997691],
      [0.019557961533, 0.12619038336, 0.25565588788, 0.59859576723]
    ],
    [
      [0.69578675283, 0.054571337716, 0.083945673143, 0.16569623631],
      [0.67756014337, 0.039445228241, 0.018252497676, 0.26474213072],
      [0.037809640459, 0.10295165479, 0.19340430498, 0.66583439977]
    ],
    [
      [0.65706151031, 0.11290208439, 0.093318285086, 0.13671812022],
      [0.68178418139, 0.062528253432, 0.025852031133, 0.22983553405],
      [0.037333343115, 0.2158987284, 0.20921905743, 0.53754887106]
    ],
    [
      [0.590869148, 0.036660585239, 0.17422031639, 0.19824995037],
      [0.60280228471, 0.023830580941, 0.041120587707, 0.33224654664],
      [0.024995264451, 0.05323499788, 0.30957384274, 0.61219589493]
    ],
    [
      [0.73059163556, 0.057177870231, 0.075916879362, 0.13631361485],
      [0.72507701766, 0.041713223636, 0.015844940477, 0.21736481822],
      [0.046383158616, 0.1238683175, 0.20057707476, 0.62917144912]
    ],
    [
      [0.66438841464, 0.05297156111, 0.08913826435, 0.1935017599],
      [0.63811001755, 0.037823257991, 0.018685157393, 0.30538156707],
      [0.031792891563, 0.089617986163, 0.18298750625, 0.69560161602]
    ],
    [
      [0.55545899307, 0.045199483664, 0.18234159786, 0.21699992541],
      [0.56536377525, 0.031812486483, 0.041879112485, 0.36094462578],
      [0.021764980553, 0.060108508109, 0.2977936682, 0.62033284314]
    ],
    [
      [0.62705372927, 0.052500306502, 0.11957800899, 0.20086795525],
      [0.61205517438, 0.037241379961, 0.029690698053, 0.3210127476],
      [0.026816353896, 0.081435303991, 0.22546660713, 0.66628173498]
    ],
    [
      [0.63682802396, 0.035094192383, 0.16256308659, 0.16551469707],
      [0.65672491063, 0.023053566434, 0.039040217749, 0.28118130519],
      [0.030462600651, 0.058125205988, 0.33015075517, 0.58126143819]
    ],
    [
      [0.64289103191, 0.055422607501, 0.094662859482, 0.2070235011],
      [0.6152160015, 0.039201214389, 0.020657024435, 0.32492575968],
      [0.029074787588, 0.087456289171, 0.18243374183, 0.70103518141]
    ],
    [
      [0.61300618935, 0.044539113828, 0.16998673836, 0.17246795847],
      [0.63359474833, 0.03298861465, 0.039950004778, 0.29346663224],
      [0.027473177226, 0.069720751029, 0.32758480383, 0.57522126792]
    ],
    [
      [0.53324145827, 0.13414729877, 0.12432602069, 0.20828522227],
      [0.54639797417, 0.067945504941, 0.034649873811, 0.35100664707],
      [0.023279271562, 0.18350211666, 0.20190088059, 0.5913177312]
    ],
    [
      [0.5972532706, 0.055725398132, 0.14108864044, 0.20593269082],
      [0.59106696972, 0.040294496003, 0.035258096053, 0.33338043822],
      [0.024428553866, 0.081354877544, 0.25118766432, 0.64302890427]
    ],
    [
      [0.64893637941, 0.036280255886, 0.13334397252, 0.18143939218],
      [0.64564129744, 0.023103199651, 0.034112100808, 0.2971434021],
      [0.030858025341, 0.060130221353, 0.26973892844, 0.63927282487]
    ],
    [
      [0.5420972146, 0.065189098284, 0.17644692785, 0.21626675927],
      [0.55311456919, 0.045781892152, 0.040821995539, 0.36028154311],
      [0.019518720204, 0.089265620577, 0.28334090292, 0.6078747563]
    ],
    [
      [0.62486912623, 0.052050920164, 0.14502765806, 0.17805229555],
      [0.63518893318, 0.034854534728, 0.033739686871, 0.29621684522],
      [0.026726444405, 0.085727734559, 0.28172139848, 0.60582442255]
    ],
    [
      [0.51838179416, 0.04499432866, 0.22149900244, 0.21512487475],
      [0.54766605458, 0.030532976998, 0.05088675071, 0.37091421771],
      [0.019866577767, 0.055914509161, 0.33546706637, 0.5887518467]
    ],
    [
      [0.66233385999, 0.031441958309, 0.10904911503, 0.19717506666],
      [0.6427465673, 0.018793880913, 0.02516605317, 0.31329349862],
      [0.032021691786, 0.047561335362, 0.22212068374, 0.69829628911]
    ],
    [
      [0.69305035952, 0.037652529843, 0.11520305939, 0.15409405125],
      [0.69544923502, 0.024566048517, 0.026625993756, 0.2533587227],
      [0.036073206149, 0.072126418398, 0.26671091132, 0.62508946414]
    ],
    [
      [0.64583850888, 0.085127614319, 0.10617332362, 0.16286055318],
      [0.65183012707, 0.05628878757, 0.024777621099, 0.26710346426],
      [0.032255170686, 0.14597371732, 0.22298945169, 0.59878166031]
    ],
    [
      [0.45771331314, 0.067185178928, 0.1995573279, 0.27554418003],
      [0.45811056169, 0.043995054342, 0.045746964993, 0.45214741898],
      [0.01327021925, 0.076924344608, 0.26679961173, 0.64300582441]
    ],
    [
      [0.69592562735, 0.038455327768, 0.10756887446, 0.15805017042],
      [0.69243624442, 0.024896806933, 0.024780731126, 0.25788621752],
      [0.036119555274, 0.073769388284, 0.24877127472, 0.64133978172]
    ],
    [
      [0.74748888494, 0.017388184884, 0.08843911662, 0.14668381356],
      [0.73487586213, 0.0058463351663, 0.022259295914, 0.23701850679],
      [0.048510993805, 0.025845534954, 0.23937117594, 0.6862722953]
    ],
    [
      [0.51380470956, 0.1132276502, 0.18834182393, 0.1846258163],
      [0.55291021754, 0.078497507788, 0.046256949281, 0.32233532539],
      [0.022095317273, 0.14458209909, 0.30653031454, 0.52679226909]
    ],
    [
      [0.74711896977, 0.038826478705, 0.090438119793, 0.12361643173],
      [0.74974594416, 0.026171135196, 0.021399840427, 0.20268308022],
      [0.047592557058, 0.09188538006, 0.25411046615, 0.60641159673]
    ],
    [
      [0.53898751163, 0.11728791265, 0.13248689756, 0.21123767817],
      [0.54513616375, 0.075345010254, 0.031739375768, 0.34777945022],
      [0.023215216299, 0.14894699043, 0.21943636063, 0.60840143264]
    ],
    [
      [0.61656361042, 0.051402847699, 0.12418948221, 0.20784405967],
      [0.6044358775, 0.032677005988, 0.027938880591, 0.33494823592],
      [0.025630118119, 0.079572956109, 0.22762430434, 0.66717262143]
    ],
    [
      [0.64432517483, 0.061446398993, 0.092326754032, 0.20190167214],
      [0.62227331024, 0.03852299404, 0.019534047735, 0.31966964798],
      [0.02889205817, 0.10043121618, 0.17885320837, 0.69182351727]
    ],
    [
      [0.59961534032, 0.041537461297, 0.15071066931, 0.20813652908],
      [0.59812289377, 0.026922285632, 0.034898895693, 0.34005592491],
      [0.024426146411, 0.060091899544, 0.26762140186, 0.64786055218]
    ],
    [
      [0.57982714657, 0.094229027295, 0.15014209169, 0.17580173444],
      [0.60287413324, 0.062795748982, 0.036254426091, 0.29807569168],
      [0.025256534873, 0.13805244986, 0.27580238952, 0.56088862575]
    ],
    [
      [0.59111595089, 0.09502718672, 0.13158739181, 0.18226947058],
      [0.60288446017, 0.062426225894, 0.031433829091, 0.30325548484],
      [0.025966083656, 0.14076804583, 0.24437099518, 0.58889487533]
    ]
  ],
  "expected_outcome": [
    [
      [43.7175995559, 38.4388435142, 41.9457866938, 43.2754450392, 44.7601747446, 44.1343503632, 38.8729099119, 43.6218012361, 47.4880427483, 38.8731081033, 35.0792778265, 51.1222884768, 36.9329939485, 42.4993261322, 36.4094368919, 47.8036211027, 31.8738066697, 14.6360328875, 9.3492819651, 9.3085708873, 7.6536542811, 11.8271071855, 9.4539063681, 8.7670996267, 7.9726609757, 11.6646388544, 10.6599133975, 8.9155923355, 10.2862565106, 7.9690804615, 9.0651047906, 8.9587990591, 8.4361729323, 8.131458219, 11.2476442721, 5.1838179416, 8.6103401799, 13.8610071905, 16.1459627219, 7.7811263233, 14.6144381744, 7.4748888494, 8.7346800626, 10.4596655768, 9.7017752093, 11.7147085979, 17.3967797205, 14.3907681677, 6.9579257589, 10.6400871159],
      [1.914536781, 5.5900957978, 2.7822597539, 4.3079236106, 5.5780933731, 2.5205718831, 5.4293103986, 3.8278626913, 2.112289299, 5.2594513919, 6.0699915371, 2.3057246555, 4.5935965563, 3.0482079089, 2.3585002925, 5.8114457019, 2.0552068686, 0.96508632913, 0.57260911886, 1.7671451472, 0.60028471488, 2.032237519, 0.58656936383, 0.68613444278, 0.63565873333, 0.94918915694, 0.89250521053, 0.49131869336, 0.88676172002, 0.57900847977, 2.280504079, 0.83588097198, 0.47164332651, 0.97783647427, 0.93691656295, 0.4499432866, 0.40874545802, 0.75305059686, 2.128190358, 1.1421480418, 0.80756188312, 0.17388184884, 1.9248700534, 0.54357070187, 2.1111824277, 0.97665410628, 1.6590527728, 0.99689907114, 1.1307483275, 1.710489361],
      [10.8777389192, 4.9728609716, 9.2855617125, 8.4231975378, 11.7270297894, 9.0419198534, 8.6548226112, 9.1123848072, 12.1416353351, 12.5014764248, 8.8545894257, 6.3426943935, 8.0092980504, 7.2864613445, 5.4983999561, 9.0215140788, 4.4956699674, 2.7540401805, 1.7953578112, 2.9664605076, 0.92340240457, 1.6797291315, 2.7875250622, 0.91100255234, 1.0696591722, 3.8291735551, 2.0328261528, 2.2758832122, 1.5146057517, 2.2098275986, 2.1135423517, 2.1163296066, 1.7334716428, 2.6467039177, 2.6104978451, 2.2149900244, 1.4176384954, 2.3040611877, 2.6543330906, 3.3924745744, 2.2589463637, 0.8843911662, 3.2018110068, 1.2661336771, 2.384764156, 2.3596001621, 2.4928223589, 3.6170560634, 1.8017051003, 2.3685730526],
      [13.4901247439, 13.9981997165, 15.9863918398, 9.9934338124, 10.934702093, 11.3031579004, 11.0429570783, 12.4379512654, 11.2580326176, 8.3659640801, 16.9961412107, 7.2292924741, 14.4641114447, 11.1660046144, 13.7336628595, 9.3634191166, 10.5753164942, 2.6448406029, 2.2827511048, 3.9578234579, 1.8226585994, 2.4609261639, 3.1719992059, 1.6357633782, 2.3220211188, 4.5569984335, 3.4147552392, 2.3172057589, 3.3123760176, 2.2420834601, 3.5408487786, 3.0889903624, 2.3587120984, 3.244001389, 3.2049413199, 2.1512487475, 2.5632758666, 3.0818810249, 4.0715138295, 4.6842510606, 3.3190535787, 1.4668381356, 3.1386388772, 1.7306300442, 3.802278207, 3.9490371338, 5.4513451478, 4.9952766978, 2.1096208133, 3.2808504705]
    ],
    [
      [8.82562323, 11.068237205, 8.6830422032, 10.0972843716, 7.7997080374, 11.3405393923, 10.6055367251, 5.7508658603, 12.2127671055, 15.8018538013, 6.531971154, 13.0062299288, 10.681891005, 11.9111043261, 14.090297509, 7.5764135216, 21.6437504925, 40.4227888239, 42.9181276745, 34.3589437667, 50.8170107525, 47.7248926971, 42.1961599296, 49.305237201, 43.3914811931, 33.921826515, 36.7233104629, 46.6274686547, 41.2194721004, 45.6188218801, 35.5158683213, 39.6014869714, 47.1318147129, 19.912124491, 12.0685897304, 10.405655037, 12.2121847786, 7.6499415853, 7.8219615248, 7.329768987, 9.0016711775, 18.3718965533, 7.7407430456, 16.4944107715, 9.8124509476, 5.4399228975, 9.9563729639, 10.168089194, 10.2488602651, 9.6461513628],
      [0.28680690112, 1.0501735381, 0.37571528876, 0.61480788655, 0.60729387261, 0.42225032045, 0.96636931631, 0.30521768417, 0.38400022509, 1.3667386181, 0.73120946983, 0.38255253179, 0.82533845737, 0.53223437626, 0.59298118019, 0.59889115974, 0.91236607942, 1.9435400784, 1.8293944803, 4.0876183357, 2.9583921181, 4.3769777402, 1.6681406659, 2.8364992072, 2.5719815434, 1.908749189, 2.2344827977, 1.6368032168, 2.6264813641, 2.3751802548, 4.4164578211, 2.6997312322, 1.6865335745, 1.6481481175, 0.66223615983, 0.58012656296, 0.35708373734, 0.27022653369, 0.67546545084, 0.70392086947, 0.32365849013, 0.14615837916, 1.098965109, 0.57576497432, 1.3562101846, 0.29409305389, 0.61636790464, 0.45767885574, 1.0675277327, 0.9988196143],
      [0.49743339125, 0.31718495895, 0.43664937195, 0.44378243974, 0.46276905788, 0.52731620708, 0.53695501816, 0.26856493855, 0.7095035762, 1.1291096787, 0.37505839276, 0.37108673543, 0.52989892004, 0.46488736623, 0.4814807801, 0.32061309885, 0.67239777866, 1.8606734378, 2.0918687673, 2.6873893983, 1.3689373257, 1.8096421793, 2.8784411395, 1.0774559525, 1.2705907027, 2.5127467491, 1.7814418832, 2.7718554602, 1.3840206372, 2.876400344, 2.2522417977, 2.3622924355, 2.490183359, 1.4695918394, 0.64105405055, 0.96684826349, 0.47815501023, 0.29288593131, 0.29733145319, 0.73195143989, 0.32214950463, 0.55648239786, 0.64759728993, 0.4707964894, 0.57130876383, 0.25144992532, 0.31254476376, 0.59328122678, 0.61632524355, 0.50294126546],
      [4.3901364777, 6.564404298, 5.5045931361, 3.8441253021, 3.1302290322, 4.7098940802, 4.8911389404, 2.675351517, 4.6937290933, 5.7022979019, 5.3617609834, 3.240130804, 6.9628716175, 5.0917739314, 8.8352405307, 2.5040822198, 11.7714856494, 11.7729976599, 17.1606090779, 23.8660484992, 19.8556598037, 16.0884873834, 23.2572582651, 14.7808076393, 20.7659465608, 21.6566775468, 19.2607648563, 19.9638726682, 21.7700258984, 21.1295975211, 22.8154320599, 22.3364893609, 21.6914683535, 12.9701355521, 5.6281200592, 7.0473701365, 5.9525764738, 2.7869459497, 3.2052415712, 7.2343587037, 3.3525208278, 5.9254626697, 4.5126945554, 4.4590277648, 6.260030104, 3.0145341233, 5.1147143678, 5.7809507234, 5.0672867586, 4.8520877575]
    ],
    [
      [0.45677721416, 0.49291928083, 0.37117110297, 0.62727058921, 0.44011721804, 0.52511024453, 0.52155336295, 0.62733290358, 0.29919014625, 0.3250380954, 0.38875101947, 0.87148159438, 0.38511504642, 0.58956954172, 0.50026559907, 0.61996537565, 0.48244283773, 0.94117828859, 0.73259036039, 0.33248534606, 0.52933496643, 0.44800011738, 0.34993370231, 0.92766317233, 0.63585783126, 0.41353463051, 0.61677613962, 0.45693900977, 0.494271389, 0.41209765839, 0.41902688811, 0.43971396959, 0.43201235477, 0.95641728997, 1.6837659975, 1.4105270214, 2.1774750415, 2.4890512243, 2.0320757532, 0.88910468973, 2.3838906481, 3.1532145973, 1.5245768918, 3.0459236517, 1.4857738432, 1.8453685046, 1.6468473157, 1.4411426383, 1.793213976, 1.7137615213],
      [0.79865631783, 2.3597306641, 0.84202495732, 2.0772685028, 1.8146127543, 1.0571777965, 2.6043202851, 1.8669196245, 0.50371047589, 1.37380999, 2.1987989931, 1.3117228127, 1.5810649863, 1.4195577149, 1.0485185273, 2.5896631384, 1.032427052, 2.0913735925, 1.5979964009, 2.1452365171, 1.441323167, 2.5907847407, 0.74528997032, 2.47736635, 1.7923597233, 1.1420616541, 1.8730119918, 0.87187808982, 1.4867569159, 1.0458112654, 3.3030380998, 1.4643877958, 0.84182309894, 4.3740154083, 5.4008472772, 3.9699301504, 3.2341708046, 4.9767228695, 9.1963441912, 5.1539310888, 4.8687796267, 1.679959772, 9.9761648375, 5.8806643238, 9.5326073877, 5.7292528398, 5.7245793225, 3.5454220731, 9.8017239398, 9.2906910247],
      [4.6248276896, 2.7099540695, 3.2777889156, 5.1330200225, 4.8102011527, 4.4307639395, 4.8082223707, 5.6190502543, 3.1488610887, 4.3694138965, 3.7703521816, 4.2862188711, 3.4608030295, 4.2486512892, 3.0201192638, 4.6578728223, 2.8319322539, 7.3852863817, 6.1127734215, 4.346150094, 2.7076602697, 2.5106286892, 4.3340337984, 4.0115414952, 3.6597501251, 5.6580796958, 5.1857319641, 4.9522613276, 3.1013736111, 4.9137720574, 3.6342158506, 4.5213779578, 3.7763449982, 13.8837042429, 17.7484481043, 23.8181617121, 15.1042064944, 18.4030528809, 14.0483354562, 17.8755739857, 16.4189041317, 15.5591264359, 21.1505917032, 16.2630698335, 14.0439270801, 16.3889499126, 10.1946328774, 15.7896627099, 19.5819696561, 16.1284856819],
      [10.1197387784, 12.4373959855, 10.5090150241, 11.1624408855, 7.9350688749, 9.9869480194, 11.0659039813, 13.8866972176, 5.0482382892, 4.9317380181, 13.6420978059, 9.5305767219, 11.5730169378, 11.7422214542, 13.4310966098, 9.1324986637, 11.6531978564, 12.5821617372, 13.5566398172, 10.1761280428, 9.3216815968, 6.4505864527, 8.570742529, 12.5834289825, 13.9120323204, 11.7863240196, 15.3244799045, 8.7189215728, 11.917598084, 8.6283190188, 10.6437191615, 11.5745202768, 8.9498195481, 29.7858630589, 38.166938621, 41.801381116, 47.4841476596, 43.1311730254, 37.7232445993, 43.0813902358, 42.3284255935, 44.6076991948, 36.3486665674, 38.8103421909, 38.937691689, 48.036428743, 39.4339404844, 38.2237725788, 39.8230924281, 38.867061772]
    ]
  ],
  "prob": [
    [0.62676650243, 0.059765654973, 0.13127570133, 0.18219214126],
    [0.62951567057, 0.038778861581, 0.031039932896, 0.30066553495],
    [0.029278281874, 0.093473163808, 0.25355332398, 0.62369523034]
  ],
  "iterations": 23,
  "logLik": 513.5236610496,
  "time": 0.001965,
  "message": "Converged",
  "status": 0,
  "miniter": 0,
  "maxiter": 1000,
  "maxtime": 3600,
  "param_threshold": 0.001,
  "ll_threshold": "-Inf",
  "initial_prob": "group_proportional",
  "adjust_prob_cond_method": "project_lp",
  "adjust_prob_cond_every": false
}
