{
  "Z_true": {},
  "V_true": [
    [272, 190, 15499, 1003],
    [332, 4426, 791, 509],
    [827, 91, 463, 105],
    [80, 106, 649, 851]
  ],
  "p_true": [
    [0.016, 0.0112, 0.9136, 0.0591],
    [0.0548, 0.7306, 0.1306, 0.084],
    [0.5565, 0.0612, 0.3116, 0.0707],
    [0.0474, 0.0629, 0.3849, 0.5047]
  ],
  "Z_est": {},
  "V_est": [
    [165.252, 4.8286, 15824.7868, 969.1326],
    [375.3188, 4759.269, 610.3502, 313.062],
    [950.8336, 0, 535.1664, 0],
    [19.5957, 48.9024, 431.6965, 1185.8054]
  ],
  "p_est": [
    [0.0097, 0.0003, 0.9328, 0.0571],
    [0.062, 0.7856, 0.1008, 0.0517],
    [0.6399, 0, 0.3601, 0],
    [0.0116, 0.029, 0.256, 0.7033]
  ],
  "EI_Z": {},
  "EI_V": 4.7079,
  "MAE_Z": {},
  "MAE_V": 154.1475,
  "MAE_p": 0.0515,
  "runtime": 0.0138
}
