{
  "X": [
    [6, 4, 18, 27, 1],
    [6, 2, 19, 34, 4],
    [10, 20, 106, 287, 28],
    [0, 0, 3, 12, 5],
    [1, 2, 3, 21, 4],
    [4, 6, 57, 80, 13],
    [26, 22, 245, 289, 42],
    [62, 100, 684, 1070, 123],
    [88, 271, 862, 1820, 182],
    [4, 38, 83, 207, 16],
    [44, 75, 182, 1038, 109],
    [0, 1, 2, 7, 2],
    [0, 1, 7, 2, 3],
    [4, 1, 4, 57, 11],
    [3, 5, 15, 25, 3],
    [1, 2, 3, 4, 0],
    [6, 15, 82, 185, 14],
    [5, 18, 41, 90, 11],
    [1, 9, 33, 58, 3],
    [1, 17, 38, 62, 7],
    [0, 1, 2, 11, 2],
    [0, 1, 3, 6, 0],
    [0, 2, 19, 10, 2],
    [1, 0, 12, 4, 2],
    [1, 7, 44, 36, 0],
    [12, 10, 132, 189, 23],
    [1, 2, 19, 32, 6],
    [4, 8, 18, 78, 4],
    [37, 103, 747, 711, 83],
    [17, 27, 212, 323, 40],
    [7, 24, 18, 279, 28],
    [3, 8, 21, 35, 8],
    [24, 31, 75, 381, 31],
    [0, 3, 13, 1, 10],
    [15, 37, 102, 541, 36],
    [6, 10, 33, 132, 11],
    [48, 111, 480, 437, 72],
    [16, 28, 127, 329, 24],
    [13, 25, 79, 245, 27],
    [5, 7, 53, 95, 17],
    [32, 60, 295, 555, 79],
    [5, 12, 40, 95, 11],
    [13, 32, 68, 142, 25],
    [25, 25, 72, 437, 45],
    [23, 51, 96, 419, 42],
    [16, 53, 144, 315, 40],
    [15, 24, 85, 430, 54],
    [1, 4, 16, 32, 4],
    [0, 1, 5, 22, 3],
    [15, 32, 115, 200, 24],
    [1, 3, 4, 11, 0],
    [3, 7, 28, 38, 5],
    [33, 76, 237, 396, 50],
    [14, 21, 100, 162, 12],
    [113, 113, 676, 1689, 220],
    [89, 123, 526, 1384, 170]
  ],
  "W": [
    [26, 16, 4, 10],
    [33, 19, 1, 12],
    [290, 108, 23, 30],
    [14, 4, 1, 1],
    [23, 4, 2, 2],
    [87, 60, 6, 7],
    [291, 262, 29, 42],
    [1040, 746, 121, 132],
    [1763, 942, 302, 216],
    [204, 86, 36, 22],
    [1069, 202, 81, 96],
    [8, 2, 0, 2],
    [4, 7, 1, 1],
    [58, 9, 1, 9],
    [27, 15, 4, 5],
    [3, 2, 3, 2],
    [177, 90, 18, 17],
    [93, 43, 21, 8],
    [62, 34, 6, 2],
    [57, 40, 24, 4],
    [9, 4, 2, 1],
    [6, 3, 0, 1],
    [9, 20, 1, 3],
    [5, 14, 0, 0],
    [33, 42, 9, 4],
    [189, 140, 14, 23],
    [30, 21, 3, 6],
    [85, 16, 8, 3],
    [667, 811, 110, 93],
    [319, 223, 38, 39],
    [298, 24, 21, 13],
    [35, 29, 4, 7],
    [391, 89, 34, 28],
    [9, 11, 5, 2],
    [552, 125, 27, 27],
    [132, 30, 19, 11],
    [398, 538, 120, 92],
    [315, 150, 38, 21],
    [244, 93, 31, 21],
    [96, 59, 13, 9],
    [548, 335, 63, 75],
    [92, 48, 12, 11],
    [146, 83, 29, 22],
    [455, 94, 29, 26],
    [425, 113, 53, 40],
    [329, 142, 55, 42],
    [455, 104, 24, 25],
    [31, 19, 3, 4],
    [20, 6, 3, 2],
    [196, 128, 33, 29],
    [12, 4, 3, 0],
    [33, 28, 12, 8],
    [378, 258, 87, 69],
    [149, 103, 17, 40],
    [1776, 736, 105, 194],
    [1439, 607, 97, 149]
  ],
  "method": "mvn_pdf",
  "cond_prob": [
    [
      [0.035466674021, 0.02022741614, 0.020726086875, 0.90562302017, 0.017956802792],
      [0, 0.011036482114, 0.9597558288, 0.029207689084, 0],
      [0.0082414167693, 0.64605487217, 0.17985855172, 0.14462412251, 0.02122103683],
      [0.50449008084, 0.071328397784, 0.13855942735, 0.24079819602, 0.044823898009]
    ],
    [
      [0.026371052044, 0.012495898302, 0.0044132902406, 0.89182167149, 0.064898087923],
      [0.0025624077668, 0.011967658135, 0.91858133458, 0.040163896389, 0.026724703127],
      [0.008279664862, 0.6086241658, 0.14371135068, 0.18875760704, 0.050627211631],
      [0.42273248918, 0.062635473806, 0.10480039286, 0.3015011002, 0.10833054396]
    ],
    [
      [0.011080985691, 0.0096791421288, 0.0047742528779, 0.90929802672, 0.065167592584],
      [0.001516451522, 0.012584541682, 0.89988720895, 0.055498379717, 0.030513418133],
      [0.0037449740867, 0.57542572133, 0.14840518895, 0.21371732041, 0.058706795226],
      [0.21788676605, 0.086637556348, 0.13381095844, 0.41314162909, 0.14852309007]
    ],
    [
      [0, 0, 0.055374097589, 0.79280261573, 0.15182328668],
      [0, 0, 0.52779136492, 0.13088809944, 0.34132053564],
      [0, 0, 0.089703443534, 0.21403200717, 0.6962645493],
      [0, 0, 0.023893730548, 0.16317897479, 0.81292729466]
    ],
    [
      [0.018445662512, 0.012948935639, 0, 0.84995743309, 0.11864796876],
      [0.030437721402, 0.024650043513, 0.72614372203, 0.098238083987, 0.12053042907],
      [0.003742134591, 0.72859430309, 0.023635914311, 0.1531809055, 0.090846742505],
      [0.22325730372, 0.073192850037, 0.024076641631, 0.37583244599, 0.30364075862]
    ],
    [
      [0.020841303951, 0.012230354798, 0.0065820886217, 0.85751228794, 0.10283396469],
      [0.0040874574872, 0.012221110799, 0.90932501619, 0.037102745955, 0.037263669567],
      [0.0047608179443, 0.60350468498, 0.15280485288, 0.16240716708, 0.076522477108],
      [0.27328488562, 0.083094910676, 0.13586117158, 0.31368902712, 0.194070005]
    ],
    [
      [0.028220705876, 0.0063327821416, 0.0062663305797, 0.87804653613, 0.081133645271],
      [0.0040913880183, 0.009160430083, 0.89385514298, 0.054184287632, 0.038708751285],
      [0.0095516719123, 0.52945348992, 0.16019114296, 0.2220542801, 0.078749415106],
      [0.39140077247, 0.057213726365, 0.1033549332, 0.30601429769, 0.14201627027]
    ],
    [
      [0.018494337578, 0.0086510112272, 0.0038781750872, 0.90356013829, 0.065416337816],
      [0.0038891508757, 0.014707496391, 0.87332749335, 0.069577249513, 0.038498609871],
      [0.0060673770619, 0.576316693, 0.12616829446, 0.22786658811, 0.063581047365],
      [0.29644264956, 0.078006334568, 0.099985032128, 0.38500735514, 0.14055862861]
    ],
    [
      [0.015326930984, 0.013091943607, 0.0034368004859, 0.90951935084, 0.058624974079],
      [0.0033381427441, 0.023487794189, 0.85768367948, 0.077450700123, 0.038039683467],
      [0.0042090372501, 0.66641708936, 0.092892733171, 0.18902535967, 0.047455780552],
      [0.26186556, 0.11359000143, 0.092357820643, 0.40033873299, 0.13184788494]
    ],
    [
      [0.0029333131423, 0.019751069382, 0.0065360867288, 0.92085425852, 0.049925272231],
      [0, 0.028001385719, 0.88432549489, 0.062391047563, 0.025282071831],
      [0.00065468479485, 0.76064684696, 0.081350748324, 0.12936459324, 0.027983126682],
      [0.15354706665, 0.18997164471, 0.12209176397, 0.4146807189, 0.11970880577]
    ],
    [
      [0.01565805705, 0.010399402547, 0.0026874067622, 0.89985859492, 0.071396538726],
      [0.0044067373211, 0.023075320592, 0.81959010977, 0.095203466916, 0.057724365399],
      [0.0050732774328, 0.62313965962, 0.083051258979, 0.22119294884, 0.067542855121],
      [0.27042125628, 0.091119911338, 0.071279250208, 0.40524409231, 0.16193548986]
    ],
    [
      [0, 0.03435353744, 0, 0.80690452617, 0.15874193639],
      [0, 0.024772385766, 0.94440056258, 0.0084228028414, 0.022404248811],
      [4.9525332197e-07, 0.99994991696, 5.3034213572e-06, 2.5792415672e-05, 1.8491948795e-05],
      [0, 0.33781346447, 0.055599437418, 0.26395909247, 0.34262800564]
    ],
    [
      [0, 0.08263321656, 0.12694719408, 0.30923783289, 0.48118175647],
      [0, 0, 0.90178308091, 0.098216919091, 0],
      [0, 0.64454532304, 0.10283392893, 0.031402066897, 0.22121868113],
      [0, 0.02492181072, 0.076895728386, 0.044128167907, 0.85405429299]
    ],
    [
      [0.02555203827, 0.0020408372036, 0.012416144715, 0.87065765894, 0.089333320867],
      [0.014155423622, 0.023171760795, 0.35344178132, 0.28477378021, 0.32445725406],
      [0.0077931660267, 0.41668826652, 0.015049259217, 0.35555039889, 0.20491890935],
      [0.26475442241, 0.028488592058, 0.0093153683866, 0.39814904005, 0.29929257709]
    ],
    [
      [0.033271000929, 0.02570905762, 0.0083191822962, 0.85771793675, 0.074982822404],
      [0.0050617033238, 0.021583486165, 0.92677072723, 0.022321897795, 0.024262185483],
      [0.0042377958433, 0.81458482482, 0.079735714413, 0.075768804101, 0.025672860826],
      [0.40176124834, 0.1447527705, 0.11097566237, 0.24074240488, 0.10176791391]
    ],
    [
      [0.014740712869, 0, 0.024567487686, 0.96069179944, 0],
      [0, 0, 0.99109841874, 0.00890158126, 0],
      [0.014132701324, 0.63133467512, 0.20579864794, 0.14873397561, 0],
      [0.45668987871, 0.052997987315, 0.16335237781, 0.32695975616, 0]
    ],
    [
      [0.010690532298, 0.0087554382345, 0.0026551150217, 0.93193285201, 0.045966062436],
      [0.0023597303197, 0.016304836431, 0.86542216079, 0.083896053389, 0.03201721907],
      [0.0039659289989, 0.58583574009, 0.11071941081, 0.24978398698, 0.049694933121],
      [0.22494196074, 0.084576990126, 0.097005927959, 0.47065462492, 0.12282049626]
    ],
    [
      [0.023254429714, 0.015080107024, 0.0030059155166, 0.88129510726, 0.077364440484],
      [0.0047261976648, 0.021332329858, 0.88210555761, 0.05373613378, 0.03809978109],
      [0.0051793361771, 0.70243057306, 0.095558491171, 0.14748895463, 0.049342644963],
      [0.31566818466, 0.11615222858, 0.097897820656, 0.32895415311, 0.14132761299]
    ],
    [
      [0.010673147794, 0.033865441995, 0.016180801097, 0.90027833892, 0.039002270196],
      [0.0016098493188, 0.031576888345, 0.92137756631, 0.035230517589, 0.01020517844],
      [0.00092810062995, 0.86971517241, 0.060894291077, 0.057505306326, 0.01095712956],
      [0.13898067807, 0.30421867908, 0.15229366553, 0.31993677557, 0.084570201757]
    ],
    [
      [0.005805889932, 0.0096352327386, 0.0014052248381, 0.92027756269, 0.062876089797],
      [0.00031018377108, 0.017174124589, 0.87484604873, 0.069669782866, 0.037999860039],
      [0.0014915008406, 0.6384443576, 0.10349051062, 0.20346399036, 0.053109640577],
      [0.15521522571, 0.11029054201, 0.11057199498, 0.46856296076, 0.15535927654]
    ],
    [
      [0, 0.023937409242, 0.047808669899, 0.87059071479, 0.057663206066],
      [0, 0.026322468446, 0.37956821044, 0.35985484521, 0.2342544759],
      [0, 0.32310763433, 0.020568998722, 0.51362131711, 0.14270204984],
      [0, 0.033058174385, 0.010311131705, 0.6980215518, 0.25860914211]
    ],
    [
      [0, 0.026952567458, 0.0058052840934, 0.96724214845, 0],
      [0, 0.0063484291868, 0.97272863143, 0.020922939387, 0],
      [0, 1, 0, 0, 0],
      [0, 0.81923930769, 0.04698240116, 0.13377829115, 0]
    ],
    [
      [0, 0.019097018743, 0.0013272794204, 0.9050994971, 0.074476204734],
      [0, 0.015992158947, 0.9189725386, 0.027221358172, 0.037813944279],
      [0, 0.81678490731, 0.078667632736, 0.077838363087, 0.026709096862],
      [0, 0.23049958169, 0.17664536015, 0.41061299985, 0.18224205832]
    ],
    [
      [0.2, 0, 0.035359142419, 0.62471226275, 0.13992859483],
      [0, 0, 0.84451459199, 0.062602763304, 0.092882644703],
      [0.094911317827, 0.23293476459, 0.25049917179, 0.19704697662, 0.22460776917],
      [1, 1.2361341567e-93, 2.1636722853e-92, 6.8239632637e-92, 6.5923605265e-92]
    ],
    [
      [0.0086990456466, 0.019216883662, 0.025986725043, 0.94609734565, 0],
      [0, 0, 0.9637372256, 0.036262774404, 0],
      [0.002122528196, 0.63403116095, 0.19523705302, 0.16860925784, 0],
      [0.17345718497, 0.16489059766, 0.22708528034, 0.43456693703, 0]
    ],
    [
      [0.021203295966, 0.004031882675, 0.0057648895416, 0.896694342, 0.072305589819],
      [0.0042216252259, 0.0071541739509, 0.89859300021, 0.055030284519, 0.035000916093],
      [0.0073667373928, 0.4965389181, 0.17192075107, 0.24785136411, 0.076322229331],
      [0.31732240032, 0.055862824692, 0.11741414487, 0.36307001879, 0.14633061133]
    ],
    [
      [0.0037802587464, 0.0043855741096, 0, 0.89670470511, 0.095129462032],
      [0.0011858560565, 0.008212016517, 0.85932660618, 0.070612833194, 0.060662688054],
      [0.0027528599444, 0.46710907943, 0.12943173311, 0.28330277529, 0.11740355222],
      [0.14223844676, 0.049108865259, 0.09430767849, 0.46101350395, 0.25333150554]
    ],
    [
      [0.032275819146, 0.020717080796, 0.012910842145, 0.89332033397, 0.040775923944],
      [0.0027153966655, 0.012311840977, 0.95162456334, 0.024231283495, 0.0091169155187],
      [0.0051272737812, 0.71244926887, 0.14950113538, 0.11076093039, 0.022161391584],
      [0.39069694524, 0.11415484192, 0.16019210704, 0.2646612112, 0.070294894591]
    ],
    [
      [0.015611111798, 0.012547784371, 0.00524916671, 0.90612012679, 0.06047181033],
      [0.0026247789311, 0.018060271519, 0.88721152796, 0.061386214582, 0.030717207005],
      [0.0042785265294, 0.63816137143, 0.11996076549, 0.18844907941, 0.049150257139],
      [0.25793607311, 0.10522577167, 0.11585561745, 0.38821781365, 0.13276472412]
    ],
    [
      [0.017115629999, 0.0064785558141, 0.0052359554155, 0.89835476278, 0.072815095993],
      [0.0031659246091, 0.0098516157161, 0.89464521192, 0.056689414755, 0.035647832998],
      [0.0057344555668, 0.52846811504, 0.15955991622, 0.23360302063, 0.072634492541],
      [0.27221034695, 0.068067744079, 0.12206592686, 0.38220965127, 0.15544633085]
    ],
    [
      [0.012809782821, 0.016368181515, 6.0921726864e-05, 0.89544096639, 0.075320147544],
      [0.0055214771343, 0.056117808411, 0.70172384728, 0.14423512684, 0.092401740335],
      [0.0030101332451, 0.75504795553, 0.031167725408, 0.15940292083, 0.051371264985],
      [0.22976588231, 0.14764980312, 0.037380827466, 0.41149904871, 0.17370443839]
    ],
    [
      [0.024883104289, 0.010400678324, 0.018082333767, 0.84539141989, 0.10124246373],
      [0.012283421748, 0.08094266406, 0.6915089353, 0.11057425151, 0.10469072738],
      [0.0025357285915, 0.89231719599, 0.016661047184, 0.059347413541, 0.029138614693],
      [0.25181845783, 0.24562431671, 0.035245000833, 0.2810367651, 0.18627545952]
    ],
    [
      [0.027406434649, 0.010997542953, 0.0021678973301, 0.90454461095, 0.054883514119],
      [0.00949931601, 0.028229232589, 0.79328060777, 0.11505677272, 0.053934070912],
      [0.0094301712596, 0.64817833557, 0.066003883991, 0.22346393649, 0.052923672695],
      [0.43278639659, 0.076767699851, 0.046651642748, 0.33875823236, 0.10503602845]
    ],
    [
      [0, 0.14034113009, 0.25217880568, 0.049110451618, 0.55836961262],
      [0, 0.09293952627, 0.86770532082, 0.039355152912, 0],
      [0, 0.13229172579, 0.20679231795, 0.021267303393, 0.63964865287],
      [0, 0.02656820564, 0.075835315078, 0.0093813682189, 0.88821511106]
    ],
    [
      [0.013672033716, 0.014312523301, 0.0032404184094, 0.92230960444, 0.046465420131],
      [0.004856730582, 0.042989749668, 0.7793045544, 0.12317060701, 0.049678358339],
      [0.0034496662418, 0.73656536267, 0.048069548621, 0.17579859669, 0.036116825785],
      [0.25010389176, 0.14216680139, 0.055568219446, 0.43489668003, 0.11726440738]
    ],
    [
      [0.019308293813, 0.0035748525722, 0.0034092837426, 0.91593861318, 0.057768956694],
      [0.00310156856, 0.0067359583915, 0.91420795904, 0.051117821058, 0.024836692946],
      [0.0069523608319, 0.4611663374, 0.19395470536, 0.27226931273, 0.065657283675],
      [0.2932875731, 0.051261845278, 0.13078148844, 0.39904104426, 0.12562804892]
    ],
    [
      [0.026524408318, 0.014797388708, 0.0033993568548, 0.88155159117, 0.073727254953],
      [0.0049280563951, 0.02477092659, 0.85599027749, 0.069488713202, 0.044822026321],
      [0.0065024045052, 0.68512413367, 0.08974806486, 0.16539460743, 0.053230789538],
      [0.36969241966, 0.10401070379, 0.079940422803, 0.3142411535, 0.13211530026]
    ],
    [
      [0.021731649996, 0.007221652082, 0.004198069885, 0.92480425965, 0.042044368386],
      [0.0076148514962, 0.01989335758, 0.80866515265, 0.12013759073, 0.043689047545],
      [0.008703012639, 0.56357802076, 0.084213894657, 0.28921140019, 0.054293671757],
      [0.36578990698, 0.063105293725, 0.056081290083, 0.41314220921, 0.1018813]
    ],
    [
      [0.020984187987, 0.0093887399134, 0.0025687128864, 0.90030189201, 0.066756467202],
      [0.006681549963, 0.023142137045, 0.80410928334, 0.10569626435, 0.060370765303],
      [0.0070631117054, 0.61093174384, 0.07661338122, 0.2379474753, 0.06744428793],
      [0.33521512008, 0.077049745568, 0.057907423203, 0.38667685859, 0.14315085256]
    ],
    [
      [0.02030598651, 0.0026290080404, 0.0040714160764, 0.8734305872, 0.099563002171],
      [0.0056888557311, 0.0079624286715, 0.84914252217, 0.073466862194, 0.06373933123],
      [0.0076170022685, 0.45225495524, 0.13605431101, 0.2750684111, 0.12900532039],
      [0.29066241971, 0.04427972427, 0.082336578366, 0.36002549054, 0.22269578711]
    ],
    [
      [0.017309592465, 0.011343077303, 0.0029619537386, 0.88907551069, 0.079309865803],
      [0.0042170873461, 0.021375656087, 0.83997380576, 0.079820049073, 0.054613401731],
      [0.0051307246078, 0.62903108275, 0.093304762724, 0.20244267176, 0.070090758152],
      [0.27704511224, 0.093255875139, 0.081432324916, 0.37724020509, 0.17102648262]
    ],
    [
      [0.01735450692, 0.012378029528, 0.00059807149832, 0.90452260284, 0.065146789213],
      [0.0058689088474, 0.029941454829, 0.80335626514, 0.1028510567, 0.057982314487],
      [0.0046125910552, 0.68797703881, 0.060885746974, 0.19397966826, 0.052544954907],
      [0.27875696782, 0.10620972599, 0.05938615744, 0.41084670891, 0.14480043983]
    ],
    [
      [0.028284559725, 0.018671855312, 0.0038628998127, 0.85536458147, 0.09381610368],
      [0.0078856658816, 0.045160124461, 0.78303263268, 0.088891230467, 0.075030346513],
      [0.0052910898838, 0.77503710913, 0.04617900745, 0.12114599965, 0.052346793886],
      [0.36647738206, 0.13861557406, 0.050232586322, 0.28298022667, 0.16169423088]
    ],
    [
      [0.026930014436, 0.0081444982669, 0.0048423213432, 0.89233428644, 0.067748879512],
      [0.01269361455, 0.028482361332, 0.71694577895, 0.15228201495, 0.089596230223],
      [0.01120295948, 0.58890310791, 0.053873522313, 0.26698949123, 0.07903091906],
      [0.4318753015, 0.059181584376, 0.032365708481, 0.34348826993, 0.13308913571]
    ],
    [
      [0.021007279274, 0.013528918367, 0.0019793582592, 0.89916954221, 0.064314901894],
      [0.0066003064361, 0.034070364464, 0.7943784629, 0.10661131877, 0.058339547438],
      [0.005605337091, 0.6978221551, 0.059572515865, 0.18593409345, 0.0510658985],
      [0.32572472039, 0.11039210723, 0.055916577291, 0.37378396473, 0.13418263036]
    ],
    [
      [0.016778112, 0.018583309216, 0.0076977344746, 0.87579584834, 0.081144995966],
      [0.0022429936689, 0.019171337241, 0.90711595826, 0.041363150171, 0.030106560656],
      [0.0032877759332, 0.69769441951, 0.12147378445, 0.13073311735, 0.04681090276],
      [0.2376349613, 0.13787067397, 0.14228383666, 0.32855421706, 0.153656311]
    ],
    [
      [0.016466141352, 0.0099716459982, 0.0039311075275, 0.88564016341, 0.083990941713],
      [0.005500324722, 0.025668757046, 0.77168161902, 0.11263314251, 0.084516156696],
      [0.0053874144655, 0.61343295016, 0.066882798243, 0.22768889292, 0.086607944213],
      [0.27226295866, 0.082838381372, 0.054050821544, 0.39421381591, 0.19663402251]
    ],
    [
      [0.0029612368454, 0.016119934271, 0, 0.90970261138, 0.071216217499],
      [0.012823657023, 0.031446880311, 0.81973690369, 0.082299456182, 0.053693102796],
      [0.0017683075055, 0.77536075294, 0.047563587513, 0.13703314379, 0.038274208253],
      [0.16481181296, 0.14417726322, 0.070577016848, 0.45610748706, 0.16432641991]
    ],
    [
      [0, 0, 0, 0.92109009268, 0.078909907318],
      [0, 0.004926129801, 0.77164788837, 0.13695297281, 0.086473009013],
      [0, 0.30337297722, 0.06942560125, 0.48708917325, 0.14011224828],
      [0, 0.03016214477, 0.080917933, 0.64760639487, 0.24131352736]
    ],
    [
      [0.022756731833, 0.014305958518, 0.0021926469126, 0.89345938134, 0.067285281393],
      [0.005259242646, 0.02505982342, 0.85475721561, 0.072442850996, 0.04248086733],
      [0.0056279712199, 0.69117921604, 0.085161441443, 0.16927412997, 0.048757241328],
      [0.33381980868, 0.10963657253, 0.081068622055, 0.34562862207, 0.12984637466]
    ],
    [
      [0.07769242041, 0.019288208599, 0.0065589868768, 0.89646038411, 0],
      [0.0094290850865, 0.016492102423, 0.95259640893, 0.021482403558, 0],
      [0.0099915382434, 0.90085769571, 0.036968840583, 0.052181925466, 0],
      [0.99995159954, 7.9386433897e-06, 3.8030157511e-06, 3.4895891827e-05, 1.7629083611e-06]
    ],
    [
      [0.017832790788, 0.0042954371559, 0.00068719795804, 0.91317304324, 0.064011530855],
      [0.0055926101653, 0.0073600425106, 0.89913703878, 0.05382118908, 0.03408911946],
      [0.0066784636832, 0.51445023222, 0.15647726051, 0.25475208825, 0.067641955343],
      [0.2718479069, 0.059845824613, 0.11546978192, 0.41265890247, 0.1401775841]
    ],
    [
      [0.022277848077, 0.013307941693, 0.0030127983599, 0.89377620263, 0.06762520924],
      [0.0048440937779, 0.022711312503, 0.85946110896, 0.071366008586, 0.041617476169],
      [0.0058944217314, 0.66701306789, 0.094453282387, 0.18022254491, 0.052416683086],
      [0.33067221075, 0.10260786244, 0.085547254196, 0.34870730121, 0.13246537141]
    ],
    [
      [0.017842257128, 0.015428874372, 0.0062265633892, 0.92173652619, 0.038765778918],
      [0.0037358137107, 0.020557927175, 0.89755553061, 0.060374344592, 0.01777638391],
      [0.004136850349, 0.68674613541, 0.10970452414, 0.16784004599, 0.031572444108],
      [0.2721597105, 0.12272367294, 0.11897613729, 0.38973548306, 0.096404996214]
    ],
    [
      [0.023927023013, 0.011232845315, 0.0040577501341, 0.87748288812, 0.083299493415],
      [0.0045313090504, 0.017339953558, 0.86788589965, 0.06395065419, 0.046292183549],
      [0.0069934433831, 0.61190474915, 0.1162760432, 0.19348557348, 0.071340190785],
      [0.3424549078, 0.082671454849, 0.091857881862, 0.32580785565, 0.15720789984]
    ],
    [
      [0.023624203392, 0.014617321188, 0.0031793730921, 0.88197745507, 0.076601647261],
      [0.0057116381796, 0.029160785833, 0.82989295872, 0.081320063511, 0.053914553757],
      [0.0058865339211, 0.69761188926, 0.074778956174, 0.16607471318, 0.055647907466],
      [0.34205914869, 0.1113874131, 0.069975150529, 0.33130145254, 0.14527683515]
    ]
  ],
  "expected_outcome": [
    [
      [0.92213352456, 0.87024471745, 3.2134858503, 0, 0.42425023778, 1.8131934438, 8.21222541, 19.2341110807, 27.0213793248, 0.59839588103, 16.738462986, 0, 0, 1.4820182197, 0.89831702508, 0.044222138608, 1.8922242167, 2.1626619634, 0.66173516324, 0.33093572613, 0, 0, 0, 1, 0.28706850634, 4.0074229376, 0.11340776239, 2.7434446274, 10.4126115692, 5.4598859696, 3.8173152807, 0.8709086501, 10.7159159476, 0, 7.5469626113, 2.5486947833, 10.5567145104, 6.8454697486, 5.1201418689, 1.949374705, 9.4856566711, 1.5966146367, 4.1295457198, 12.2531565684, 8.9280936914, 5.5199988481, 7.4920943153, 0.091798342208, 0, 4.4603194393, 0.93230904492, 0.58848209599, 8.4210265732, 2.658496312, 42.4943928709, 33.9952286804],
      [0.52591281964, 0.41236464398, 2.8069512174, 0, 0.2978255197, 1.0640408674, 1.8428396032, 8.9970516763, 23.0810965793, 4.029218154, 11.1169613223, 0.27482829952, 0.33053286624, 0.11836855781, 0.69414455575, 0, 1.5497125675, 1.4024499532, 2.0996574037, 0.5492082661, 0.21543668318, 0.16171540475, 0.17187316869, 0, 0.63415716084, 0.76202582557, 0.13156722329, 1.7609518677, 8.3693721758, 2.0666593047, 4.8777180914, 0.36402374133, 4.3000392944, 1.2630701708, 7.9005128621, 0.47188053953, 5.8893607059, 2.2748204058, 2.2908525389, 0.25238477187, 6.2160063621, 1.1387787166, 2.7260908755, 3.7057467114, 5.7497903062, 6.1139087319, 4.5370989292, 0.4997179624, 0, 2.8039678695, 0.23145850318, 0.14174942615, 5.03040196, 2.2989022814, 19.9495332794, 21.0343251896],
      [0.53887825875, 0.14563857794, 1.3845333346, 0.77523736624, 0, 0.57264171009, 1.8235021987, 4.0333020906, 6.0590792566, 1.3333616927, 2.8728378288, 0, 0.50778877632, 0.72013639345, 0.224617922, 0.073702463058, 0.46995535883, 0.27955014305, 1.003209668, 0.080097815771, 0.43027802909, 0.03483170456, 0.011945514783, 0.17679571209, 0.85756192642, 1.0895641234, 0, 1.0974215823, 3.5011941956, 1.6702697775, 0.018154674606, 0.63288168183, 0.84764785605, 2.2696092511, 1.788710962, 0.45002545403, 1.3529440282, 1.3223920138, 0.62676594428, 0.39085594333, 1.6231506487, 0.055022577846, 0.56398337266, 2.2032562111, 0.84122726017, 2.5325546422, 1.788653925, 0, 0, 0.42975879487, 0.078707842522, 0.022677532615, 1.1388377801, 0.92775794499, 7.2065642381, 4.5751178795],
      [23.5461985245, 29.4301151592, 263.6964277484, 11.0992366203, 19.5490209611, 74.6035690504, 255.5115420143, 939.7025438236, 1603.4826155381, 187.8542687371, 961.9488379649, 6.4552362094, 1.2369513316, 50.4981442188, 23.1583842923, 2.8820753983, 164.9521148058, 81.9604449753, 55.8172570129, 52.4558210736, 7.8353164331, 5.8034528907, 8.1458954739, 3.1235613137, 31.2212124064, 169.4752306376, 26.9011411534, 75.9322283874, 604.3821245694, 286.5751693263, 266.8414079851, 29.5886996962, 353.6769428812, 0.44199406456, 509.1149016524, 120.9038969395, 350.8575332842, 291.3133417903, 219.6736616507, 83.8493363714, 487.213379858, 83.2160794613, 124.8832288947, 406.0121003312, 382.1470554375, 288.1368341049, 402.9662743509, 28.2007809529, 18.4218018536, 175.1180387433, 10.7575246094, 30.134710427, 337.847404594, 137.3387424028, 1558.4096093058, 1269.1655578422],
      [0.46687687259, 2.1416369015, 18.8986018494, 2.1255260135, 2.7289032815, 8.9465549283, 23.6098907739, 68.0329913288, 103.3558293012, 10.1847555352, 76.322899898, 1.2699354911, 1.9247270259, 5.1813326103, 2.0245362049, 0, 8.1359930511, 7.194892965, 2.4181407522, 3.5839371184, 0.51896885459, 0, 0.6702858426, 0.69964297416, 0, 13.6657564759, 2.853883861, 3.4659535353, 40.33469749, 23.2280156219, 22.4454039682, 3.5434862305, 21.4594540207, 5.0253265135, 25.6489119123, 7.6255022837, 29.3434474713, 13.2439760415, 16.2885779973, 9.5580482084, 43.46180646, 5.9935046076, 13.6971511373, 30.8257401778, 27.3338333048, 26.6967036729, 38.2158784796, 2.2077027425, 1.5781981464, 13.187915153, 0, 2.1123805182, 25.5623290927, 5.7761010588, 147.9399003058, 110.2297704084]
    ],
    [
      [0, 0.048685747569, 0.16377676438, 0, 0.12175088561, 0.24524744923, 1.0719436608, 2.9013065533, 3.1445304649, 0, 0.89016093887, 0, 0, 0.1273988126, 0.075925549857, 0, 0.21237572877, 0.20322649958, 0.05473487684, 0.012407350843, 0, 0, 0, 0, 0, 0.59102753162, 0.024902977186, 0.043446346648, 2.1286957131, 0.70600118783, 0.13251545122, 0.35621923069, 0.84543912489, 0, 0.60709132275, 0.093047056799, 2.6512943405, 1.1422277244, 0.62138414656, 0.33564248813, 1.4127242609, 0.28170762467, 0.65451026817, 1.1931997677, 0.74583462728, 0.31850510098, 0.57203377109, 0.24364948344, 0, 0.67318305869, 0.037716340346, 0.15659308463, 1.2497761947, 0.38478881221, 3.3350434611, 3.466964375],
      [0.17658371383, 0.22738550456, 1.3591305016, 0, 0.098600174052, 0.73326664796, 2.4000326818, 10.9717923076, 22.1255021261, 2.4081191718, 4.6612147597, 0.049544771532, 0, 0.20854584715, 0.32375229248, 0, 1.4674352787, 0.9172901839, 1.0736142037, 0.68696498357, 0.10528987379, 0.01904528756, 0.31984317894, 0, 0, 1.0015843531, 0.17245234686, 0.19698945563, 14.6468802021, 2.1969103047, 1.3468274019, 2.3473372577, 2.5124017004, 1.022334789, 5.3737187084, 0.20207875174, 13.3267585054, 2.984003637, 2.1522187451, 0.46978329162, 7.160844789, 1.4371898318, 3.7482903302, 2.6773419652, 3.8499511844, 2.7223298882, 2.6695507327, 0.5974907259, 0.029556778806, 3.2076573977, 0.065968409693, 0.2060811903, 5.8595186257, 2.1174664991, 12.7622058187, 17.7005970003],
      [15.3560932608, 17.4530453571, 97.1878185662, 2.1111654597, 2.9045748881, 54.5595009715, 234.1900474611, 651.5023100384, 807.9380260669, 76.0519925604, 165.5572021739, 1.8888011252, 6.3124815664, 3.1809760319, 13.9015609085, 1.9821968375, 77.8879944712, 37.9305389771, 31.3268372545, 34.9938419494, 1.5182728418, 2.9181858943, 18.379450772, 11.8232042879, 40.476963475, 125.8030200296, 18.0458587297, 15.2259930135, 719.5285491777, 199.5058822586, 16.8413723348, 20.0537591236, 70.6019740913, 9.544758529, 97.4130693002, 27.4262387713, 460.5227692907, 121.2997728975, 74.7821633506, 50.0994088083, 281.3912249309, 38.5611007266, 64.9917085122, 67.3929032213, 89.7647663074, 128.8104660733, 80.2548883785, 15.5750011701, 4.6298873302, 109.4089235979, 3.8103856357, 25.175837086, 221.7409661128, 92.448219653, 638.7640221444, 503.7450259428],
      [0.46732302534, 0.76311403139, 5.9938250094, 0.52355239776, 0.39295233595, 2.2261647573, 14.1962833596, 51.9046281368, 72.958559516, 5.3656300904, 19.231100317, 0.016845605683, 0.68751843363, 2.5629640219, 0.33482846692, 0.01780316252, 7.550644805, 2.3106537525, 1.197837598, 2.7867913146, 1.4394193808, 0.06276881816, 0.54442716345, 0.87643868626, 1.523036525, 7.7042398327, 1.4828694971, 0.38770053592, 49.7842200261, 12.6417394904, 3.4616430441, 3.2066532939, 10.2400527722, 0.43290668204, 15.3963258763, 1.5335346317, 37.3849277029, 18.0206386093, 9.8297525845, 4.3345448694, 26.7397164394, 4.9368507215, 7.3779721288, 14.3145094048, 12.0470790205, 5.8735673243, 11.7138468212, 1.5636896675, 0.82171783686, 9.2726849275, 0.085929614232, 1.5069932942, 18.4124302151, 6.218557493, 47.0676814838, 49.3612785513],
      [0, 0.5077693594, 3.2954491584, 1.3652821426, 0.48212171628, 2.235820174, 10.1416928367, 28.7199629639, 35.8333818261, 2.1742581775, 11.6603218105, 0.044808497622, 0, 2.9201152865, 0.36393278224, 0, 2.8815497163, 1.6382905869, 0.34697606696, 1.5199944016, 0.93701790361, 0, 0.75627888559, 1.3003570258, 0, 4.900128253, 1.2739164491, 0.1458706483, 24.9116548811, 7.9494667585, 2.217641768, 3.0360310941, 4.8001323111, 0, 6.2097947923, 0.74510078838, 24.1142501605, 6.5533571317, 5.6144811732, 3.7606205425, 18.2954895798, 2.7831510954, 6.2275187606, 8.422045641, 6.5923688605, 4.2751316132, 8.7896802964, 1.0201689531, 0.51883805408, 5.4375510182, 0, 0.95449534488, 10.7373088517, 1.8309675428, 34.071047092, 32.7261341305]
    ],
    [
      [0.032965667077, 0.008279664862, 0.086134403995, 0, 0.007484269182, 0.028564907666, 0.27699848546, 0.73415262449, 1.2711292495, 0.023568652614, 0.41093547206, 0, 0, 0.0077931660267, 0.016951183373, 0.042398103972, 0.07138672198, 0.10876605972, 0.0055686037797, 0.035796020173, 0, 0, 0, 0, 0.019102753764, 0.1031343235, 0.0082585798331, 0.04101819025, 0.47063791823, 0.21790931154, 0.063212798147, 0.010142914366, 0.32062582283, 0, 0.093140988529, 0.13209485581, 0.78028854063, 0.33071448028, 0.21895646287, 0.09902102949, 0.32323565029, 0.055351092663, 0.15344160663, 0.32488582492, 0.29708286582, 0.18082767632, 0.12929794717, 0.0053049225166, 0, 0.18572305026, 0.02997461473, 0.080141564198, 0.51281469063, 0.070326455934, 0.73431155523, 0.57099379034],
      [2.5842194887, 0.6086241658, 13.2347915906, 0, 1.4571886062, 3.6210281099, 15.3541512077, 69.7343198531, 201.2579609857, 27.3832864906, 50.4743124295, 0, 0.64454532304, 0.41668826652, 3.2583392993, 1.8940040254, 10.5450433216, 14.7510420342, 5.2182910344, 15.3226645823, 0.64621526865, 0, 0.81678490731, 0, 5.7062804485, 6.9515448534, 1.4013272383, 5.6995941509, 70.1977508572, 20.0817883715, 15.8560070661, 3.569268784, 22.0380634093, 0.66145862897, 19.887264792, 8.7621604107, 82.2148960404, 21.4159647889, 18.9388840591, 5.8793144181, 39.6289582135, 8.2557244657, 22.4760761649, 17.0781901295, 36.9845742202, 38.3731930731, 14.7223908038, 2.3260822588, 0.91011893165, 22.8089141293, 2.7025730871, 6.1734027867, 58.0301369061, 11.674684302, 64.2499986612, 67.6683532582],
      [0.71943420686, 0.14371135068, 3.4133193459, 0.089703443534, 0.047271828623, 0.91682911729, 4.6455431457, 15.26636363, 28.0536054177, 2.9286269397, 6.7271519773, 0, 0.10283392893, 0.015049259217, 0.31894285765, 0.61739594383, 1.9929493946, 2.0067283146, 0.36536574646, 2.4837722549, 0.041137997445, 0, 0.078667632736, 0, 1.7571334772, 2.406890515, 0.38829519933, 1.196009083, 13.195684204, 6.0632768164, 0.65452223357, 0.066644188734, 2.2441320557, 1.0339615897, 1.2978778128, 3.6851394018, 10.7697677832, 3.200127997, 2.3750148178, 1.7687060431, 5.8782000516, 0.73062896368, 1.339191216, 1.5623321471, 3.1573433408, 6.6810581447, 1.6051871578, 0.14269076254, 0.20827680375, 2.8103275676, 0.11090652175, 1.8777271261, 8.2174355676, 1.8649769104, 12.2089845362, 7.2535587489],
      [0.57849649004, 0.18875760704, 4.9154983694, 0.21403200717, 0.30636181101, 0.9744430025, 6.439574123, 27.5718571612, 57.0856586205, 4.6571253566, 17.9166288563, 0, 0.031402066897, 0.35555039889, 0.3030752164, 0.44620192682, 4.4961117656, 3.0972680473, 0.34503183796, 4.8831357688, 1.0272426342, 0, 0.077838363087, 0, 1.5174833205, 3.4699190975, 0.84990832588, 0.8860874431, 20.7293987353, 8.876914784, 3.3474613375, 0.23738965417, 7.5977738405, 0.10633651696, 4.7465621105, 5.1731169419, 19.8473528912, 10.9900332071, 7.3763717344, 3.5758893443, 12.753888321, 2.3277560191, 3.5132339897, 7.7426952457, 9.8545069527, 7.1903214541, 5.4645334301, 0.41109943136, 1.4612675198, 5.586046289, 0.1565457764, 3.057025059, 15.6793614072, 2.8532807818, 20.315985215, 16.1092471784],
      [0.08488414732, 0.050627211631, 1.3502562902, 0.6962645493, 0.18169348501, 0.45913486265, 2.2837330381, 7.6933067311, 14.3316457266, 1.0073925605, 5.4709712648, 0, 0.22121868113, 0.20491890935, 0.1026914433, 0, 0.89450879618, 1.0361955442, 0.065742777358, 1.2746313739, 0.28540409968, 0, 0.026709096862, 0, 0, 1.0685112106, 0.35221065666, 0.17729113267, 5.4065282853, 2.7601107166, 1.0787965647, 0.11655445877, 1.7994048716, 3.1982432643, 0.97515429621, 1.2474883898, 6.3876947446, 2.0631595268, 2.0907729258, 1.6770691651, 4.4157177636, 0.63053945888, 1.5180570227, 2.2918966527, 2.7064926205, 2.5745996518, 2.0785906611, 0.11482262476, 0.42033674484, 1.6089889638, 0, 0.81170346411, 4.5602514284, 0.53673154983, 7.4907200324, 5.3978470242]
    ],
    [
      [5.0449008084, 5.0727898701, 6.5366029814, 0, 0.44651460743, 1.9129941993, 16.4388324438, 39.1304297416, 56.5629609608, 3.3780354664, 25.9604406031, 0, 0, 2.3827898017, 2.0088062417, 0.91337975742, 3.8240133325, 2.5253454773, 0.27796135614, 0.62086090286, 0, 0, 0, 0, 0.6938287399, 7.2984152073, 0.85343068059, 1.1720908357, 23.9880547995, 10.616203531, 2.98695647, 1.7627292048, 12.1180191046, 0, 6.7528050774, 3.2261633041, 34.0117026084, 7.6815880466, 7.0395175217, 2.6159617774, 20.7783834177, 3.066326646, 8.0625024054, 11.228757839, 13.0289888155, 9.9806683746, 6.8065739664, 0.65924725184, 0, 9.6807744518, 0, 2.1747832552, 22.8163825415, 10.8863884198, 66.4362521127, 50.9668131542],
      [0.71328397784, 0.75162568567, 2.5991266904, 0, 0.14638570007, 0.58166437473, 2.4029765073, 10.296836163, 24.5354403089, 4.1793761836, 8.7475114885, 0.67562692895, 0.02492181072, 0.25639732852, 0.7237638525, 0.10599597463, 1.4378088321, 0.92921782868, 0.60843735817, 0.44116216803, 0.033058174385, 0.81923930769, 0.69149874506, 0, 0.65956239064, 1.2848449679, 0.29465319156, 0.34246452576, 9.785996765, 2.6546420191, 1.9194474406, 1.719370217, 2.1494955958, 0.053136411281, 3.8385036375, 0.56388029806, 9.5689847484, 1.3252111682, 1.6180446569, 0.39851751843, 6.9941906354, 1.1683069859, 3.0495426293, 1.5387211938, 4.4156842893, 5.7905683067, 2.0709595343, 0.57670905286, 0.06032428954, 3.1794606034, 0, 0.4787665969, 7.0799425082, 4.9089469175, 16.0382622408, 16.5967245518],
      [1.3855942735, 1.2576047143, 4.0143287533, 0.023893730548, 0.048153283262, 0.95102820108, 4.3409071945, 13.1980242409, 19.9492892588, 2.6860188073, 6.84280802, 0.11119887484, 0.076895728386, 0.083838315479, 0.55487831185, 0.32670475563, 1.6491007753, 0.78318256525, 0.30458733105, 0.44228797991, 0.010311131705, 0.04698240116, 0.52993608045, 0, 0.90834112135, 2.7005253321, 0.56584607094, 0.48057632113, 10.7745724228, 4.7605711474, 0.48595075706, 0.24671500583, 1.306245997, 0.15167063016, 1.5003419251, 1.4385963729, 7.3545188979, 1.1777070917, 1.2160558873, 0.74102920529, 6.1074243687, 0.65324773184, 1.1051168991, 0.84150842051, 2.2366630916, 5.9759211399, 1.3512705386, 0.28230806739, 0.161835866, 2.3509900396, 0, 0.92375825535, 5.9027605395, 4.7590454917, 17.8204290813, 10.4262974289],
      [2.4079819602, 3.6180132024, 12.3942488728, 0.16317897479, 0.75166489198, 2.1958231898, 12.8526005031, 50.8209708784, 86.4731663254, 9.1229758159, 38.9034328617, 0.52791818493, 0.044128167907, 3.5833413605, 1.2037120244, 0.65391951232, 8.0011286236, 2.6316332249, 0.63987355113, 1.874251843, 0.6980215518, 0.13377829115, 1.2318389995, 0, 1.7382677481, 8.3506104322, 2.7660810237, 0.79398363361, 36.1042566692, 14.9061763994, 5.3494876333, 1.9672573557, 9.485230506, 0.018762736438, 11.7422103608, 4.3894514868, 28.9101861217, 8.6759863934, 8.1202140303, 3.2402294149, 28.2930153816, 4.5193137981, 6.2255649868, 8.9306950182, 14.9513585894, 13.7992771167, 9.8553453978, 1.8244299483, 1.2952127897, 10.0232300402, 0, 3.3012712198, 24.0608037837, 15.5894193224, 63.2067239954, 49.3639164281],
      [0.44823898009, 1.2999665275, 4.4556927021, 0.81292729466, 0.60728151725, 1.358490035, 5.9646833513, 18.5537389761, 28.4791431461, 2.6335937268, 15.5458070267, 0.68525601129, 0.85405429299, 2.6936331938, 0.50883956955, 0, 2.0879484364, 1.1306209039, 0.16914040351, 0.62143710617, 0.25860914211, 0, 0.54672617495, 0, 0, 3.3656040605, 1.5199890332, 0.21088468377, 12.3471193436, 6.0624069031, 2.2581576991, 1.3039282167, 2.9410087966, 1.7764302221, 3.1661389992, 1.3819085381, 12.1546076236, 2.1395073, 3.0061679037, 2.004262084, 12.8269861966, 1.5928048382, 3.5572730794, 3.4603175285, 5.3673052142, 6.4535650622, 4.9158505629, 0.65730567965, 0.48262705472, 3.765544865, 0, 1.1214206728, 9.1401106271, 3.8561998486, 30.4983325698, 21.646248437]
    ]
  ],
  "prob": [
    [0.019521015305, 0.012142101397, 0.0033616632014, 0.89441220728, 0.070563012818],
    [0.0042857300264, 0.021328083378, 0.85555992532, 0.074168640032, 0.044657621248],
    [0.0055405192867, 0.64267853897, 0.099050969822, 0.19384268482, 0.0588872871],
    [0.30244514505, 0.098062130572, 0.087858606668, 0.36611622635, 0.14551789136]
  ],
  "iterations": 77,
  "time": 0.012233,
  "message": "Converged",
  "status": 0,
  "miniter": 0,
  "maxiter": 1000,
  "maxtime": 3600,
  "param_threshold": 0.001,
  "ll_threshold": "-Inf",
  "initial_prob": "random",
  "adjust_prob_cond_method": "project_lp",
  "adjust_prob_cond_every": false,
  "candidates_id": ["TUIONO, Teanau.c", "HALL, John Harold.c", "BUNGARD, Katrina.c", "WALL, Louisa Hareruia.c", "Other candidates votes.c"],
  "group_id": ["Labour Party.p", "National Party.p", "New Zealand First Party.p", "Other parties votes.p"]
}
