{
  "Z_true": {},
  "V_true": [
    [3, 10, 30, 126, 1087, 192],
    [691, 33, 307, 221, 354, 61],
    [234, 229, 5452, 1402, 1724, 312],
    [29, 46, 29, 455, 6430, 91],
    [56, 72, 250, 4564, 1805, 104],
    [8, 789, 154, 334, 1097, 109],
    [77, 52, 272, 276, 478, 381]
  ],
  "p_true": [
    [0.0021, 0.0069, 0.0207, 0.087, 0.7507, 0.1326],
    [0.4145, 0.0198, 0.1842, 0.1326, 0.2124, 0.0366],
    [0.025, 0.0245, 0.5829, 0.1499, 0.1843, 0.0334],
    [0.0041, 0.0065, 0.0041, 0.0643, 0.9082, 0.0129],
    [0.0082, 0.0105, 0.0365, 0.6662, 0.2635, 0.0152],
    [0.0032, 0.3167, 0.0618, 0.1341, 0.4404, 0.0438],
    [0.0501, 0.0339, 0.1771, 0.1797, 0.3112, 0.248]
  ],
  "Z_est": [
    [
      [0.2388, 0.233, 0.391, 0.1601, 0.1615, 0.0431, 0.1765, 0.1956, 0.3021, 0.4716, 1.044, 0.3875, 0.2752, 0.1194, 0.4666, 0.4413, 0.101, 0.1638, 0.4563, 0.8758, 1.2435, 0.9019, 0.2741, 0.0739, 0.3723, 0.9728, 0.0433, 0.1326, 1.2916, 0.6887, 1.0356, 0.1374, 0.2002, 0.2084, 0.0648, 0.7314, 0.6641, 0.4367, 0.189, 0.094, 0.1323, 0.0038, 0.0414, 0.6437, 0.1918, 2.7261, 0.0691],
      [0.0827, 0.0491, 0.07, 0.0562, 0.035, 0.0114, 0.0389, 0.056, 0.0529, 0.1662, 0.2161, 0.0844, 0.0344, 0.013, 0.0666, 0.0613, 0.0273, 0.029, 0.0817, 0.1597, 0.276, 0.0795, 0.031, 0.1657, 0.0458, 0.1735, 0.0326, 0.024, 0.1454, 0.082, 0.2234, 0.0046, 0.0181, 0.0124, 0.0031, 0.1602, 0.1848, 0.121, 0, 0.0266, 0.0492, 0.0046, 0.0063, 0.1324, 0.0141, 0.3632, 0.0038],
      [0.1517, 0.1141, 0.185, 0.1101, 0.0605, 0.0166, 0.0439, 0.1861, 0.0825, 0.2178, 0.2262, 0.1096, 0.0257, 0.023, 0.0475, 0.1049, 0.0241, 0.0275, 0.1686, 0.2063, 0.4871, 0.2358, 0.0992, 0.0236, 0.0629, 0.1354, 0.0601, 0.0615, 0.1119, 0.1208, 0.45, 0.0048, 0.0194, 0.0217, 0.013, 0.1683, 0.2563, 0.0691, 0.0564, 0.0308, 0.1203, 0.0039, 0.0137, 0.2705, 0.0136, 0.5493, 0.0363],
      [0.3996, 0.301, 0.353, 0.634, 0.1736, 0.0295, 0.4742, 0.6312, 0.8098, 1.262, 1.1485, 0.6831, 0.1087, 0.0813, 0.4943, 0.5381, 0.1294, 0.0949, 0.6874, 1.2202, 2.0587, 0.7412, 0.4316, 0.1282, 0.2995, 0.719, 0.374, 0.3465, 1.0116, 0.8619, 2.037, 0.165, 0.0313, 0.1098, 0.0405, 1.3788, 1.5656, 0.8629, 0.0606, 0.0336, 0.1428, 0.0153, 0.0515, 1.5462, 0.0721, 2.5536, 0.0631],
      [44.5809, 21.8858, 28.5412, 13.6936, 7.09, 2.6885, 9.9723, 18.8701, 27.64, 40.5944, 56.6821, 15.7521, 10.8652, 6.5297, 23.8636, 19.1297, 11.32, 8.5987, 37.3494, 61.2219, 100.0385, 38.7652, 26.9664, 13.9682, 17.5721, 53.5783, 10.2318, 12.0698, 37.7204, 54.5531, 90.7947, 12.1431, 4.4607, 13.3759, 4.6783, 55.5529, 62.5006, 36.4129, 7.5298, 7.7357, 12.2447, 0.9358, 3.6817, 73.3646, 5.0366, 101.9585, 5.3571],
      [1.5462, 1.417, 2.4598, 0.346, 0.4795, 0.2109, 0.2942, 1.0609, 1.1127, 1.2881, 2.6831, 0.9832, 0.6909, 0.2336, 1.0615, 0.7247, 0.3982, 0.0859, 1.2566, 2.316, 3.8963, 1.2764, 1.1978, 0.6404, 1.6474, 3.421, 0.2581, 0.3656, 1.719, 2.6935, 4.4593, 0.5451, 0.2703, 0.2719, 0.2003, 2.0085, 1.8286, 1.0974, 0.1642, 0.0792, 0.3109, 0.0366, 0.2054, 3.0426, 0.6718, 6.8494, 0.4706]
    ],
    [
      [9.4946, 5.8844, 18.8882, 12.7598, 11.7665, 2.3902, 2.8532, 14.74, 13.2124, 17.8885, 35.711, 15.0419, 4.807, 4.3913, 22.7303, 19.8814, 5.5268, 3.4919, 18.2403, 70.0588, 56.2749, 32.0841, 13.0074, 1.7953, 9.3994, 30.5695, 2.8517, 9.5686, 38.5671, 29.0636, 46.9078, 1.8832, 5.2852, 7.7153, 1.9211, 42.372, 38.1554, 18.4528, 3.1781, 3.2962, 6.2346, 2.8651, 1.93, 23.7908, 10.547, 132.8703, 8.0742],
      [0.3218, 0.1355, 0.3877, 0.4909, 0.2879, 0.0567, 0.0658, 0.4831, 0.2805, 0.7524, 0.9341, 0.3738, 0.0629, 0.0383, 0.4037, 0.3083, 0.1716, 0.0564, 0.3792, 1.5631, 1.5217, 0.3378, 0.1817, 0.0988, 0.1317, 0.7485, 0.1227, 0.1936, 0.533, 0.4455, 1.2393, 0.0132, 0.0211, 0.0452, 0.0106, 1.1387, 1.2693, 0.598, 0, 0.0675, 0.2614, 0.2008, 0.0347, 0.61, 0.0918, 2.1654, 0.0562],
      [0.3353, 0.1252, 0.4996, 0.316, 0.3103, 0.0301, 0.024, 0.4014, 0.2573, 0.4577, 0.3898, 0.3487, 0.0351, 0.0385, 0.22, 0.2597, 0.1332, 0.0168, 0.4168, 1.1745, 1.4837, 0.3541, 0.3017, 0.028, 0.0907, 0.2263, 0.112, 0.2144, 0.362, 0.4838, 1.4704, 0.0054, 0.0185, 0.0605, 0.0114, 0.8107, 0.8303, 0.2086, 0.0131, 0.0528, 0.1831, 0.0646, 0.0312, 0.742, 0.049, 1.7488, 0.0947],
      [0.6413, 0.2711, 0.6539, 1.3771, 0.4733, 0.0441, 0.0816, 1.3231, 1.3651, 1.6997, 1.6033, 0.899, 0.0748, 0.2531, 1.0308, 0.8455, 0.309, 0.0496, 1.0328, 3.7425, 3.6307, 0.9159, 0.7419, 0.2318, 0.3821, 1.6817, 0.8147, 0.8215, 1.3741, 1.4867, 3.6265, 0.0357, 0.0196, 0.1371, 0.0321, 3.2953, 3.175, 1.3695, 0.0229, 0.059, 0.2292, 0.2334, 0.1277, 2.2591, 0.3072, 4.7696, 0.1991],
      [16.9345, 5.2098, 13.8031, 9.9673, 4.8609, 1.1218, 0.8054, 12.972, 11.9791, 15.2579, 18.7244, 5.8698, 1.6133, 2.0226, 11.6002, 8.4398, 6.0407, 1.3184, 14.9495, 49.0511, 46.0083, 13.5138, 12.5622, 3.3945, 4.4212, 17.8604, 4.6342, 8.1962, 11.1817, 23.0009, 41.6612, 0.8434, 0.4163, 4.6587, 0.8354, 32.7317, 35.3613, 15.5405, 0.7058, 2.4147, 5.5336, 3.1225, 1.541, 27.1649, 2.66, 50.051, 5.4717],
      [2.2724, 1.3741, 4.7674, 1.0888, 1.3011, 0.357, 0.17, 3.0804, 1.9057, 1.9438, 3.6375, 1.4668, 0.4069, 0.2562, 2.0148, 1.2654, 0.8189, 0.067, 1.9814, 7.41, 7.0807, 1.7943, 2.205, 0.4516, 1.5747, 3.9136, 0.4647, 1.0057, 1.982, 4.5196, 8.0948, 0.2191, 0.2394, 0.3832, 0.1893, 4.6516, 4.2088, 1.8305, 0.0801, 0.1097, 0.5582, 0.5136, 0.3354, 4.4333, 1.3449, 13.3949, 2.1041]
    ],
    [
      [0.502, 0.9142, 1.6891, 0.3294, 0.9533, 0.2188, 0.8542, 0.3558, 1.6148, 2.0352, 7.723, 1.5166, 1.1478, 0.2328, 2.1623, 1.1858, 0.5573, 0.4712, 1.0048, 5.5407, 6.5931, 5.7048, 0.5253, 0.0538, 1.0334, 1.1728, 0.0395, 0.504, 2.4354, 3.3441, 3.8028, 0.2853, 1.3578, 0.8077, 0.3732, 4.036, 2.2897, 1.4641, 0.6063, 0.1975, 0.9249, 0.0471, 0.3816, 1.9073, 1.2672, 9.3435, 0.4199],
      [2.4176, 2.6332, 3.9725, 1.5761, 2.9127, 0.7864, 2.5363, 1.5913, 4.1403, 10.4132, 24.5477, 4.6405, 2.2571, 0.3305, 4.7441, 2.334, 2.2141, 1.1405, 2.5525, 14.7941, 21.4857, 7.5528, 0.9192, 0.3064, 1.7951, 3.504, 0.5849, 1.2752, 4.308, 6.0219, 12.3442, 0.2778, 2.554, 0.6082, 0.1756, 12.947, 9.2996, 5.6224, 0, 0.763, 4.4008, 0.6574, 0.8129, 6.2337, 1.467, 18.547, 0.3106],
      [57.6956, 72.4993, 118.7123, 29.0151, 70.2174, 10.1034, 64.4764, 61.6243, 97.0917, 164.3418, 593.2388, 99.3284, 25.9188, 17.6384, 67.586, 46.7409, 42.8324, 10.2598, 66.8601, 310.2058, 504.7319, 247.0134, 36.6994, 7.2939, 62.6323, 59.142, 29.8355, 36.568, 69.1007, 179.7354, 363.4604, 6.0502, 56.593, 18.989, 16.8202, 222.5137, 175.4855, 84.8409, 28.7118, 13.8711, 56.8905, 14.2785, 53.3582, 187.2078, 32.8767, 391.0648, 18.2161],
      [19.6498, 22.1132, 27.8078, 20.7447, 18.8692, 2.7502, 38.027, 21.8672, 82.8855, 98.6221, 310.411, 43.9807, 10.8561, 6.8354, 48.6596, 24.9387, 15.8506, 4.6174, 27.4554, 150.5331, 206.6366, 88.548, 15.1852, 3.659, 19.9556, 39.4673, 16.4755, 22.634, 44.1001, 86.5323, 146.9128, 5.3857, 10.7637, 7.6824, 3.7921, 148.4096, 101.7271, 50.8509, 5.3521, 2.9523, 15.6991, 3.3123, 24.5043, 94.1359, 21.6912, 169.3384, 5.8133],
      [30.6807, 25.4517, 36.0542, 8.2354, 12.2113, 3.8656, 12.8927, 10.9272, 45.5181, 54.2188, 124.5185, 17.3936, 13.9141, 3.8368, 34.412, 15.2439, 18.8956, 7.4903, 23.3699, 117.8581, 162.7339, 77.0576, 14.9952, 3.5463, 14.6537, 19.6303, 6.0179, 13.665, 22.0948, 80.6992, 104.7249, 6.6971, 12.0641, 15.6336, 6.5293, 94.0699, 66.7142, 37.2956, 10.1282, 6.1953, 23.5749, 2.5911, 12.382, 70.7516, 10.8923, 109.4871, 8.6558],
      [1.0545, 1.3884, 1.764, 0.0993, 0.836, 0.2756, 0.2134, 0.6341, 1.7497, 1.3689, 5.561, 1.1403, 0.9061, 0.1261, 1.436, 0.5567, 0.6501, 0.0208, 0.7574, 4.0681, 5.8187, 2.1235, 0.6756, 0.1405, 0.9299, 1.0836, 0.0467, 0.3538, 0.961, 3.6671, 4.7549, 0.3039, 0.6673, 0.2791, 0.3096, 3.0237, 1.4841, 0.9262, 0.2015, 0.0208, 0.5097, 0.1135, 0.561, 2.7637, 0.8056, 6.2192, 0.5842]
    ],
    [
      [0.4586, 0.5014, 1.1715, 0.5314, 0.608, 0.2193, 0.6311, 0.4154, 1.0886, 1.3676, 5.336, 1.3221, 0.5168, 0.1605, 2.24, 1.4947, 0.4894, 0.6642, 1.3634, 2.8061, 4.1741, 2.8108, 0.8578, 0.055, 0.6408, 1.4432, 0.0293, 0.4692, 2.881, 2.8358, 3.7285, 0.2773, 1.267, 0.9911, 0.4483, 2.3954, 1.5753, 0.753, 0.2831, 0.292, 0.3437, 0.0715, 0.4786, 1.6286, 1.341, 7.4971, 0.2737],
      [0.4168, 0.13, 0.2648, 0.2678, 0.1312, 0.0324, 0.1682, 0.1413, 0.1646, 0.4369, 1.2793, 0.2922, 0.07, 0.0252, 0.3705, 0.2365, 0.2133, 0.1335, 0.2796, 0.531, 0.9648, 0.2451, 0.0504, 0.1053, 0.0892, 0.3526, 0.1137, 0.0847, 0.3863, 0.1896, 0.8209, 0.0117, 0.1602, 0.123, 0.011, 0.5516, 0.4601, 0.1827, 0, 0.1155, 0.067, 0.1229, 0.0343, 0.2819, 0.1395, 1.0004, 0.0086],
      [4.3661, 2.2216, 4.7637, 2.6691, 2.4358, 0.5182, 2.9625, 3.8337, 3.4623, 6.0635, 23.9047, 4.8359, 0.7728, 0.7319, 3.5151, 3.1986, 2.1497, 0.8179, 4.985, 8.5463, 17.7101, 6.641, 3.3147, 0.6251, 2.1785, 4.0983, 1.4695, 1.8533, 4.517, 8.4774, 19.4593, 0.1784, 2.8834, 1.5148, 1.417, 7.1369, 6.5792, 2.3919, 0.8096, 0.6507, 1.2397, 1.0691, 3.8226, 8.7803, 1.9276, 17.302, 0.8255],
      [5.0089, 2.9104, 4.4399, 7.9604, 3.0626, 0.5223, 7.5753, 6.2619, 13.7521, 16.353, 54.7046, 9.6996, 1.1996, 1.2362, 12.7657, 7.8103, 3.2613, 1.3774, 9.1931, 18.9088, 32.5824, 10.6582, 5.9907, 1.4752, 3.1701, 12.4806, 3.2999, 5.1596, 12.9552, 18.4092, 35.7991, 1.9618, 2.2624, 1.9256, 0.9716, 21.9442, 17.3213, 6.5677, 0.5095, 0.3623, 1.3864, 1.1038, 7.9146, 20.0235, 5.6594, 33.7391, 0.9585],
      [172.1405, 66.1288, 116.3988, 62.3965, 38.0806, 17.7135, 48.5838, 58.6265, 143.299, 170.0974, 418.912, 75.9708, 30.6691, 12.2548, 167.5445, 94.125, 77.9927, 44.5522, 157.6026, 282.0171, 485.629, 176.3821, 119.0471, 25.4026, 43.2605, 113.4, 19.4529, 59.8434, 125.2078, 321.6191, 481.4898, 41.7762, 45.7521, 83.0062, 43.3256, 261.5446, 214.1986, 89.2609, 19.7698, 21.4051, 43.3641, 16.7309, 72.8918, 283.5147, 52.6581, 408.529, 29.2929],
      [8.6092, 6.1079, 13.9613, 2.1747, 3.6819, 1.9945, 2.0792, 4.7212, 8.2333, 7.6815, 27.8635, 6.8794, 2.7718, 0.5913, 10.5642, 5.1349, 3.8936, 0.4548, 7.5762, 15.1907, 26.9396, 8.2628, 7.7393, 1.3369, 5.6609, 9.2253, 0.6347, 2.5897, 8.0526, 22.4688, 33.7024, 2.7947, 3.6749, 2.4393, 2.8265, 13.4272, 8.8654, 3.8438, 0.628, 0.1744, 1.5991, 0.9017, 4.8582, 16.771, 9.2743, 38.9325, 3.6408]
    ],
    [
      [0.0902, 0.1967, 0.3329, 0.0811, 0.2541, 0.0422, 0.2654, 0.1071, 0.2688, 0.4544, 1.4992, 0.3816, 0.129, 0.0722, 0.489, 0.3819, 0.1328, 0.1309, 0.3823, 1.1184, 1.1525, 0.9585, 0.1421, 0.0138, 0.2918, 0.357, 0.0033, 0.0959, 0.5706, 0.7819, 0.9516, 0.2665, 0.3363, 0.1759, 0.062, 0.8804, 0.4643, 0.2858, 0.0718, 0.0648, 0.1638, 0.0086, 0.0814, 0.4079, 0.34, 1.4995, 0.0843],
      [1.2962, 1.2078, 1.6521, 0.7696, 1.6861, 0.323, 1.4645, 1.1984, 1.5071, 5.2288, 10.3831, 2.4848, 0.5716, 0.2189, 2.4142, 1.7208, 1.1429, 0.6498, 2.0785, 6.5443, 8.387, 2.8857, 0.5364, 0.3169, 1.0567, 2.2024, 0.1465, 0.5213, 2.4948, 3.0423, 7.2296, 0.1525, 1.5203, 0.283, 0.098, 6.1693, 4.2207, 2.3349, 0, 0.3528, 1.6688, 0.2275, 0.3906, 3.4966, 0.8985, 6.9084, 0.1449],
      [14.8071, 16.0309, 23.9713, 6.6756, 19.245, 1.9156, 17.655, 21.9998, 16.9554, 39.9183, 121.7992, 25.5361, 3.1413, 5.3433, 16.3319, 16.3243, 10.5546, 2.7705, 25.9812, 66.1072, 94.969, 45.5221, 10.3152, 3.8789, 17.5194, 17.7291, 3.3832, 7.1203, 19.1377, 44.046, 102.3914, 1.5206, 16.4046, 4.2106, 3.2674, 50.7561, 38.2455, 16.8798, 2.4286, 3.085, 10.253, 2.4727, 12.374, 50.8475, 9.5055, 69.8588, 3.6454],
      [36.5075, 35.7396, 41.7334, 34.7073, 37.6149, 4.0752, 73.7764, 56.4594, 105.1636, 171.8188, 452.0512, 80.7592, 9.6502, 15.1754, 85.1516, 63.4107, 28.3876, 9.1845, 77.4035, 229.8518, 279.2122, 117.4195, 30.9866, 14.4138, 40.4936, 85.4642, 13.9258, 32.0866, 88.2303, 151.9048, 297.1964, 11.4975, 23.304, 12.3881, 5.6021, 243.3659, 159.1788, 72.255, 3.7573, 5.1289, 21.0526, 4.2041, 40.1758, 183.5587, 45.0536, 217.4811, 8.6356],
      [36.0478, 25.2762, 31.905, 8.619, 15.1556, 3.3843, 15.4974, 18.175, 35.6672, 58.8999, 115.9199, 20.4957, 8.0085, 5.0131, 37.9571, 25.2228, 21.0444, 9.2189, 43.7259, 113.2321, 138.047, 64.2187, 20.1147, 8.9923, 18.1767, 27.6871, 2.4953, 11.8312, 28.2979, 88.9542, 132.8517, 9.1255, 14.6018, 15.637, 5.7151, 96.5002, 65.2, 33.3238, 3.6563, 6.3413, 19.3904, 2.0108, 12.4043, 86.1403, 13.9614, 86.6657, 7.8511],
      [1.2512, 1.5488, 2.4053, 0.1475, 1.0442, 0.2597, 0.3413, 1.0601, 1.4379, 1.6798, 5.3473, 1.3426, 0.4994, 0.177, 1.6562, 0.9395, 0.7377, 0.0453, 1.4286, 4.1463, 5.2324, 1.9955, 0.905, 0.3842, 1.4618, 1.5602, 0.0459, 0.3448, 1.2688, 4.2708, 6.3793, 0.4374, 0.8329, 0.3054, 0.2554, 3.3281, 1.6907, 0.9206, 0.086, 0.0273, 0.4714, 0.0763, 0.574, 3.549, 1.241, 5.5865, 0.6387]
    ],
    [
      [0.1278, 0.1206, 0.3092, 0.0513, 0.1214, 0.0271, 0.081, 0.07, 0.3075, 0.41, 0.9755, 0.1816, 0.0893, 0.0049, 0.6711, 0.4217, 0.093, 0.0466, 0.3339, 0.7741, 0.9877, 0.8351, 0.0765, 0, 0.1168, 0.3004, 0.014, 0.1357, 0.6577, 0.7343, 0.7383, 0.0675, 0.227, 0.046, 0.0873, 0.977, 0.5015, 0.4554, 0.5009, 0.0215, 0.0864, 0.001, 0.0301, 0.3598, 0.1659, 1.7338, 0.0649],
      [12.3887, 7.7569, 16.5445, 5.7597, 8.8641, 2.7526, 5.6421, 6.4372, 17.7517, 46.6408, 67.2049, 13.022, 3.994, 0.3692, 32.9028, 18.2666, 8.1515, 2.9767, 18.5199, 44.9814, 70.011, 23.7236, 3.2433, 0, 4.8302, 18.9133, 5.9733, 7.8543, 24.9353, 30.0298, 51.6321, 1.5269, 8.6216, 0.9197, 1.6957, 69.6511, 44.2924, 41.0184, 0, 1.6543, 10.4394, 0.7797, 1.6959, 25.0901, 4.3558, 74.5141, 1.4725],
      [0.2512, 0.1755, 0.3785, 0.0559, 0.1122, 0.022, 0.0653, 0.143, 0.2449, 0.5116, 1.0724, 0.1178, 0.0486, 0.0053, 0.1749, 0.2387, 0.1231, 0.0108, 0.3626, 0.7225, 1.1921, 0.6528, 0.0507, 0, 0.0682, 0.2711, 0.179, 0.1333, 0.3004, 0.5858, 0.9947, 0.0087, 0.1806, 0.0093, 0.1004, 0.4571, 0.5429, 0.2256, 0.1551, 0.0156, 0.1511, 0.0033, 0.0358, 0.4912, 0.042, 1.1241, 0.0721],
      [6.2517, 4.0347, 7.3661, 4.5439, 3.2886, 0.4712, 4.7715, 5.2729, 21.085, 26.2407, 52.0728, 7.0978, 1.0798, 0.319, 20.0213, 11.7434, 3.5507, 0.633, 12.1343, 27.8219, 40.9505, 16.8024, 3.0614, 0, 3.1399, 13.0603, 9.4189, 8.1689, 15.4609, 25.251, 37.0363, 1.6619, 2.1988, 0.6723, 1.4633, 47.5771, 29.2652, 21.0852, 1.1151, 0.3901, 2.1196, 0.102, 2.4166, 22.372, 3.7184, 40.9241, 1.2978],
      [25.8697, 11.8292, 23.2378, 4.5822, 5.5706, 1.7116, 4.4279, 7.0312, 29.4714, 37.0888, 55.385, 7.5275, 3.7597, 0.3004, 36.0374, 19.2471, 11.0353, 2.3322, 28.5431, 56.4623, 83.4975, 37.8536, 7.5343, 0, 5.7937, 17.3346, 7.4097, 12.6691, 20.5355, 61.0637, 68.2236, 5.6984, 5.7317, 2.3467, 6.6145, 77.0454, 49.2735, 38.1177, 5.215, 1.9178, 8.1822, 0.1133, 2.8099, 43.4823, 4.6699, 68.2265, 5.0452],
      [0.1109, 0.0832, 0.1638, 0.0071, 0.0431, 0.0155, 0.0123, 0.0457, 0.1394, 0.1081, 0.2893, 0.0532, 0.0286, 0.0012, 0.1925, 0.0825, 0.0464, 0.0007, 0.1062, 0.2378, 0.3612, 0.1325, 0.0338, 0, 0.0512, 0.1204, 0.0051, 0.0387, 0.1102, 0.3354, 0.3749, 0.0367, 0.0404, 0.006, 0.0389, 0.2923, 0.1245, 0.0977, 0.0139, 0.0006, 0.0212, 0.0007, 0.0117, 0.2046, 0.048, 0.4774, 0.0475]
    ],
    [
      [0.0881, 0.1496, 0.218, 0.0869, 0.1352, 0.0593, 0.1387, 0.116, 0.2059, 0.3726, 0.7114, 0.1688, 0.0349, 0.0189, 0.2406, 0.1932, 0.0998, 0.0313, 0.2189, 0.8261, 0.5742, 0.7048, 0.1167, 0.0082, 0.1455, 0.1842, 0.0188, 0.094, 0.5965, 0.5516, 0.8353, 0.0829, 0.3266, 0.0556, 0.0434, 0.6078, 0.3497, 0.1522, 0.1707, 0.0339, 0.1143, 0.0028, 0.057, 0.2618, 0.147, 1.3297, 0.0138],
      [0.0763, 0.0876, 0.1083, 0.0797, 0.083, 0.0376, 0.0842, 0.0926, 0.1029, 0.3618, 0.4348, 0.1022, 0.0101, 0.0048, 0.0981, 0.0724, 0.0794, 0.0141, 0.1086, 0.4265, 0.3538, 0.1754, 0.038, 0.0069, 0.0514, 0.1057, 0.0263, 0.0469, 0.1972, 0.189, 0.5105, 0.0133, 0.1047, 0.0085, 0.0061, 0.382, 0.2731, 0.1225, 0, 0.0202, 0.1135, 0.0072, 0.0252, 0.1553, 0.0333, 0.5015, 0.0033],
      [1.3931, 1.8335, 2.4896, 1.1582, 1.6188, 0.394, 1.7729, 2.8116, 1.9059, 4.4893, 8.3689, 1.7235, 0.0577, 0.2196, 1.1246, 1.133, 1.1829, 0.0967, 2.2258, 7.0373, 6.4261, 4.5808, 1.2191, 0.1505, 1.4479, 1.3979, 0.9607, 1.0493, 2.4703, 4.5508, 11.7738, 0.232, 1.9005, 0.1941, 0.3706, 5.1572, 4.0604, 1.3842, 0.8253, 0.294, 1.1622, 0.1077, 1.3645, 3.6608, 0.5856, 8.3523, 0.11],
      [0.5413, 0.63, 0.6458, 1.0326, 0.5178, 0.1075, 1.2941, 1.1842, 1.939, 3.0036, 5.0087, 0.8806, 0.0308, 0.0996, 0.8767, 0.7134, 0.5113, 0.0433, 1.0936, 3.9216, 2.9289, 1.9149, 0.6025, 0.092, 0.5591, 1.1268, 0.6912, 0.7829, 1.8677, 2.5542, 5.3918, 0.2923, 0.4202, 0.0847, 0.0983, 4.029, 2.767, 1.0088, 0.1824, 0.0738, 0.3704, 0.0291, 0.8095, 2.1047, 0.4981, 4.1941, 0.0326],
      [16.7459, 14.2186, 16.0599, 7.506, 6.031, 3.5147, 7.8206, 11.398, 19.4251, 32.8428, 39.858, 6.9905, 1.1701, 1.0426, 12.5853, 8.5917, 11.6715, 1.4892, 18.4596, 59.1574, 47.0458, 31.2089, 11.7801, 1.696, 7.122, 10.5093, 3.7583, 8.7253, 17.9619, 45.1097, 75.2541, 6.7162, 7.9732, 3.342, 3.3016, 47.5553, 33.7518, 13.0486, 6.9952, 2.9902, 10.71, 0.4955, 6.2894, 30.5817, 4.1217, 51.0823, 1.3263],
      [9.1554, 15.0806, 22.4783, 3.1366, 6.6142, 4.8869, 3.8895, 10.3976, 12.4212, 16.9298, 29.6182, 7.1345, 1.6963, 0.6145, 9.0748, 5.2963, 6.4551, 0.3254, 9.8935, 35.631, 29.6712, 16.415, 8.2436, 1.0464, 10.6741, 9.676, 1.5447, 4.3016, 12.9064, 35.0448, 59.2344, 4.6632, 7.2748, 1.3153, 2.18, 27.2686, 15.7979, 6.2837, 2.8264, 0.5879, 4.5295, 0.3577, 4.4544, 20.2359, 8.6143, 54.54, 2.5141]
    ]
  ],
  "V_est": [
    [20.2688, 3.7749, 5.627, 27.9558, 1330.0965, 60.2769],
    [888.4192, 19.6919, 15.8417, 49.7501, 588.0286, 105.2684],
    [81.9272, 217.3093, 5000.3675, 2358.9915, 1630.4695, 63.935],
    [63.2285, 12.2578, 215.6272, 454.5955, 5952.8612, 381.4299],
    [17.3228, 102.229, 1134.8309, 3856.5945, 1668.6576, 71.3652],
    [15.1401, 869.8008, 12.88, 570.5302, 1017.8558, 4.7931],
    [11.6934, 5.9362, 108.8256, 59.5824, 787.0308, 562.9316]
  ],
  "p_est": [
    [0.014, 0.0026, 0.0039, 0.0193, 0.9186, 0.0416],
    [0.5329, 0.0118, 0.0095, 0.0298, 0.3527, 0.0631],
    [0.0088, 0.0232, 0.5346, 0.2522, 0.1743, 0.0068],
    [0.0089, 0.0017, 0.0305, 0.0642, 0.8408, 0.0539],
    [0.0025, 0.0149, 0.1656, 0.5629, 0.2436, 0.0104],
    [0.0061, 0.3492, 0.0052, 0.229, 0.4086, 0.0019],
    [0.0076, 0.0039, 0.0708, 0.0388, 0.5124, 0.3665]
  ],
  "EI_Z": {},
  "EI_V": 12.9325,
  "MAE_Z": {},
  "MAE_V": 187.3739,
  "MAE_p": 0.0582,
  "runtime": 0.408
}
