{
  "X": [
    [11, 17, 79, 69, 343, 24],
    [8, 12, 93, 66, 170, 27],
    [23, 23, 151, 83, 266, 48],
    [14, 9, 40, 71, 115, 7],
    [14, 14, 94, 64, 89, 14],
    [3, 4, 13, 8, 34, 8],
    [5, 10, 87, 126, 100, 7],
    [16, 10, 91, 93, 138, 21],
    [17, 24, 120, 227, 313, 27],
    [23, 64, 216, 319, 409, 31],
    [53, 105, 749, 877, 830, 75],
    [19, 21, 132, 144, 150, 19],
    [7, 7, 30, 23, 70, 7],
    [5, 1, 24, 24, 31, 2],
    [29, 41, 89, 169, 324, 26],
    [24, 23, 68, 110, 190, 14],
    [7, 12, 57, 52, 158, 13],
    [5, 5, 14, 16, 75, 1],
    [22, 24, 101, 129, 324, 23],
    [82, 69, 394, 436, 739, 69],
    [71, 103, 627, 568, 1063, 79],
    [44, 35, 305, 237, 439, 32],
    [15, 5, 52, 57, 213, 21],
    [2, 1, 12, 20, 57, 4],
    [12, 8, 84, 68, 111, 22],
    [35, 26, 83, 154, 260, 29],
    [3, 7, 36, 45, 54, 3],
    [11, 10, 47, 70, 127, 9],
    [47, 33, 96, 165, 263, 27],
    [38, 40, 238, 287, 675, 73],
    [58, 74, 500, 528, 995, 117],
    [3, 2, 8, 21, 83, 9],
    [9, 13, 78, 39, 91, 13],
    [10, 2, 25, 23, 138, 5],
    [3, 2, 22, 12, 71, 6],
    [52, 91, 287, 470, 665, 54],
    [44, 60, 226, 315, 527, 34],
    [22, 50, 106, 154, 263, 15],
    [5, 0, 33, 11, 54, 4],
    [4, 3, 18, 9, 49, 1],
    [8, 17, 70, 41, 123, 8],
    [3, 2, 18, 9, 26, 2],
    [3, 3, 71, 76, 112, 11],
    [29, 36, 252, 326, 615, 51],
    [14, 7, 45, 77, 94, 22],
    [157, 104, 490, 473, 876, 126],
    [9, 2, 23, 17, 63, 10]
  ],
  "W": [
    [47, 30, 112, 191, 90, 45, 28],
    [24, 13, 125, 78, 80, 24, 32],
    [32, 39, 190, 141, 102, 48, 42],
    [15, 26, 60, 76, 51, 15, 13],
    [8, 19, 106, 48, 75, 18, 15],
    [3, 4, 18, 21, 10, 5, 9],
    [11, 4, 119, 62, 109, 15, 15],
    [21, 33, 97, 74, 99, 19, 26],
    [30, 29, 233, 170, 161, 69, 36],
    [44, 38, 331, 202, 278, 111, 58],
    [62, 61, 1066, 532, 707, 177, 84],
    [18, 24, 168, 99, 131, 28, 17],
    [12, 7, 55, 36, 22, 9, 3],
    [7, 7, 29, 15, 26, 1, 2],
    [26, 38, 159, 197, 144, 90, 24],
    [21, 31, 91, 112, 108, 50, 16],
    [12, 13, 81, 88, 62, 23, 20],
    [9, 5, 24, 48, 22, 6, 2],
    [40, 37, 122, 181, 151, 60, 32],
    [66, 133, 603, 328, 421, 131, 107],
    [108, 116, 908, 568, 527, 197, 87],
    [42, 49, 428, 205, 233, 80, 55],
    [29, 29, 69, 137, 63, 14, 22],
    [15, 6, 15, 29, 28, 0, 3],
    [20, 16, 101, 55, 79, 14, 20],
    [59, 55, 124, 141, 135, 50, 23],
    [11, 9, 53, 25, 20, 23, 7],
    [13, 20, 75, 70, 52, 29, 15],
    [42, 54, 143, 154, 140, 62, 36],
    [59, 59, 360, 374, 293, 118, 88],
    [99, 103, 636, 575, 547, 159, 153],
    [13, 3, 19, 47, 23, 9, 12],
    [5, 6, 84, 56, 57, 17, 18],
    [14, 13, 44, 90, 33, 4, 5],
    [5, 3, 28, 49, 15, 10, 6],
    [60, 85, 485, 307, 401, 196, 85],
    [67, 83, 357, 249, 269, 124, 57],
    [39, 38, 181, 103, 126, 101, 22],
    [8, 4, 45, 22, 10, 7, 11],
    [8, 6, 24, 23, 15, 4, 4],
    [13, 13, 102, 48, 53, 21, 17],
    [1, 7, 21, 20, 9, 1, 1],
    [4, 4, 92, 90, 66, 7, 13],
    [79, 59, 363, 331, 328, 92, 57],
    [6, 15, 69, 71, 71, 13, 14],
    [115, 205, 704, 507, 388, 187, 120],
    [6, 16, 34, 35, 21, 8, 4]
  ],
  "method": "mvn_cdf",
  "mvncdf_method": "genz",
  "mvncdf_samples": 5000,
  "mvncdf_error": 0.001,
  "cond_prob": [
    [
      [0.0050817533563, 0.0017593989561, 0.0032283145685, 0.0085025779562, 0.94852903843, 0.032898916732],
      [0.31648580824, 0.01072781517, 0.011176073929, 0.021377638573, 0.56448473715, 0.075747926933],
      [0.0044818165805, 0.021585404142, 0.51513888579, 0.17544429795, 0.27393454966, 0.0094150458745],
      [0.0024009784273, 0.0021820171688, 0.022858933974, 0.026224398183, 0.90125930003, 0.045074372219],
      [0.0010019594065, 0.014401911401, 0.16452337885, 0.40563881366, 0.40053132464, 0.013902612048],
      [0.0028400225298, 0.27530379973, 0.0055820485734, 0.13892630374, 0.57488237964, 0.0024654457827],
      [0.0031448445711, 0.0027250084551, 0.049752825615, 0.019330405633, 0.59806681825, 0.32698009747]
    ],
    [
      [0.0097074584962, 0.0020450050938, 0.0047536790487, 0.012541365368, 0.91190949678, 0.059042995209],
      [0.45264426253, 0.010421300027, 0.0096270672781, 0.020855099335, 0.40075385672, 0.10569841411],
      [0.0073138739473, 0.021065317959, 0.57999475158, 0.17690560346, 0.20361329575, 0.011107157308],
      [0.0064282595242, 0.0016664228366, 0.028481643522, 0.037312500188, 0.84780474912, 0.078306424809],
      [0.0024593151723, 0.015097296197, 0.20038604596, 0.44674450049, 0.31595234413, 0.019360498064],
      [0.0050260008965, 0.32320273809, 0.0073104239978, 0.16811372956, 0.49288135384, 0.0034657536127],
      [0.0046761831761, 0.0027389950457, 0.057297307307, 0.019688310766, 0.44433123492, 0.47126796878]
    ],
    [
      [0.012219486186, 0.0021882127979, 0.0057798440249, 0.011030048094, 0.89191248282, 0.076869926074],
      [0.48431351296, 0.0099414432895, 0.012809499688, 0.016767871585, 0.35392541721, 0.12224225527],
      [0.0088902079972, 0.020908124512, 0.62480160352, 0.14635698203, 0.18975891334, 0.0092841686018],
      [0.008308800315, 0.0018779909661, 0.033785290015, 0.031488364223, 0.82552345307, 0.099016101409],
      [0.0032635460873, 0.016196859708, 0.23501286094, 0.40915140816, 0.31279380493, 0.023581520171],
      [0.0064408846661, 0.34467770222, 0.0078855662227, 0.15346070135, 0.48412166983, 0.0034134757144],
      [0.0051910692309, 0.0025788362339, 0.059276784462, 0.015377338843, 0.38237858586, 0.53519738537]
    ],
    [
      [0.010671610354, 0.0037445879178, 0.0073402730681, 0.042265913865, 0.91290820446, 0.023069410334],
      [0.4907604806, 0.018882631797, 0.01215343607, 0.052965795123, 0.38335949023, 0.041878166179],
      [0.0054895866082, 0.026269001336, 0.48358480514, 0.345745627, 0.13725592264, 0.0016550572727],
      [0.0069921417914, 0.0035240431983, 0.035119577077, 0.1047424012, 0.82100675654, 0.0286150802],
      [0.0015902877841, 0.015089851527, 0.13089486159, 0.68053435877, 0.16899944422, 0.0028911961182],
      [0.0034216561708, 0.38397713053, 0.0037244251976, 0.30292506323, 0.30548075605, 0.00047096882305],
      [0.0066881428302, 0.006128923504, 0.08909431391, 0.079431712503, 0.57738294892, 0.24127395834]
    ],
    [
      [0.020188068882, 0.0043703532946, 0.0075562670617, 0.021698975927, 0.88624635117, 0.059939983668],
      [0.61928718982, 0.015152927767, 0.016331933906, 0.024911078604, 0.25583856062, 0.068478309289],
      [0.0089937407952, 0.027478704958, 0.66242812741, 0.17801135153, 0.11520138888, 0.0078866864209],
      [0.012665823991, 0.0027326699843, 0.050744985451, 0.063804639442, 0.7933449114, 0.076706969736],
      [0.0033884551526, 0.022481804249, 0.25660028404, 0.50153158697, 0.20207459725, 0.013923272335],
      [0.0067448789653, 0.4924493707, 0.0062356319638, 0.18269902909, 0.30947856414, 0.0023925251345],
      [0.009013387247, 0.0055331113301, 0.10792264221, 0.034521346461, 0.40206564151, 0.44094387124]
    ],
    [
      [0.014373815046, 0.0037968475577, 0.0055440410872, 0.0098315341051, 0.89616700573, 0.070286756475],
      [0.59755174235, 0.014179355188, 0.0075281295303, 0.011029805083, 0.28045773652, 0.089253231333],
      [0.01215294066, 0.043686865337, 0.56130118298, 0.15279134194, 0.21475750481, 0.015310164268],
      [0.010442832324, 0.0015406381443, 0.024675090734, 0.024869558348, 0.84349784098, 0.094974039467],
      [0.0042195104173, 0.032302763259, 0.19156134971, 0.40752239294, 0.3384281522, 0.025965831472],
      [0.0054198525587, 0.55051160963, 0.0044036589829, 0.094237349882, 0.34232594976, 0.0031015791817],
      [0.0065916453142, 0.0041765976349, 0.043780596397, 0.011941179806, 0.39051855763, 0.54299142322]
    ],
    [
      [0.016043729929, 0.0035346374379, 0.0039882471047, 0.04311262027, 0.90657511623, 0.026745649027],
      [0.71329611414, 0.01645440145, 0.0060037178387, 0.02039294472, 0.20135604154, 0.042496780309],
      [0.0071784975326, 0.021313189221, 0.54181841453, 0.31955473203, 0.1083417295, 0.0017934371844],
      [0.01017835132, 0.0027127999639, 0.047782530048, 0.12218160724, 0.78360909082, 0.033535620609],
      [0.0024348136337, 0.013436082576, 0.16197245518, 0.67684727121, 0.14217807996, 0.0031312974379],
      [0.0053967177296, 0.37613937057, 0.0043542509997, 0.31809753585, 0.29519026313, 0.00082186172423],
      [0.0092460049321, 0.0056143138667, 0.11819298921, 0.086273402587, 0.5213703634, 0.25930292601]
    ],
    [
      [0.0093123478213, 0.0026686885355, 0.0088641681857, 0.030057728838, 0.89857694286, 0.050520123764],
      [0.44666738426, 0.014640389213, 0.012164246605, 0.040094117305, 0.39308963655, 0.093344226068],
      [0.0036682083109, 0.016405551424, 0.63530252468, 0.22543506349, 0.11265104129, 0.0065376108158],
      [0.0056138342507, 0.0019089685878, 0.051806397069, 0.084620743912, 0.79225012338, 0.0637999328],
      [0.001082177232, 0.012105286196, 0.22222066403, 0.57029715486, 0.18358634054, 0.010708377142],
      [0.0036848135538, 0.33879906602, 0.0075267755254, 0.2775200847, 0.3700655415, 0.0024037186997],
      [0.0044626950367, 0.0035621902017, 0.10813690689, 0.045547910605, 0.43838357911, 0.39990671815]
    ],
    [
      [0.010068393861, 0.0017640059994, 0.0027497118612, 0.026992289865, 0.92133404255, 0.037091555862],
      [0.45560006663, 0.009671500054, 0.0088716438653, 0.04707152022, 0.41307154369, 0.065713725534],
      [0.0069302701634, 0.017769471717, 0.41670239654, 0.35573177382, 0.19535680104, 0.007509286721],
      [0.006403805984, 0.00096811585573, 0.020366633034, 0.080894781065, 0.8429353822, 0.048431281858],
      [0.0016694399554, 0.0093607038099, 0.10531311603, 0.65318993059, 0.22153563602, 0.00893117359],
      [0.0044562850385, 0.25727162389, 0.0035492756559, 0.30557987779, 0.42712228143, 0.00202065619],
      [0.0057189662754, 0.0028590097528, 0.052942590601, 0.053859742907, 0.53958554222, 0.34503414824]
    ],
    [
      [0.010718322877, 0.0037761936019, 0.004949460159, 0.028681707051, 0.92260027909, 0.029274037217],
      [0.47075072236, 0.019800725752, 0.012043661538, 0.04472851691, 0.40152361225, 0.051152761191],
      [0.0061486212054, 0.031459820949, 0.49650088221, 0.29795208146, 0.16380293856, 0.0041356556097],
      [0.0067704585861, 0.0021627780724, 0.030017253071, 0.080955570405, 0.84206657928, 0.038027360589],
      [0.0016346213854, 0.018808554626, 0.14359113231, 0.61805324563, 0.21186997015, 0.0060424759021],
      [0.0036934971788, 0.42018743489, 0.0046091648425, 0.2364030217, 0.33413312629, 0.00097375509233],
      [0.0064247785914, 0.0062371472223, 0.07740233452, 0.05178654084, 0.56625586304, 0.29189333578]
    ],
    [
      [0.016838986191, 0.0034860522452, 0.0036482765894, 0.018523415896, 0.91422669002, 0.043276579062],
      [0.58542608154, 0.015312982327, 0.006389731296, 0.026282843782, 0.30695707706, 0.059631283993],
      [0.0072448583551, 0.023027829346, 0.55650921579, 0.2911922728, 0.11680912494, 0.0052166987693],
      [0.010030034078, 0.0024046347717, 0.044933557261, 0.10282820246, 0.78742861533, 0.052374956099],
      [0.0021204446165, 0.014686168981, 0.17227614679, 0.6393935276, 0.16396031184, 0.0075634001722],
      [0.0055111676715, 0.37968868174, 0.0060588069127, 0.29419684122, 0.31290983911, 0.0016346633457],
      [0.0084686157695, 0.0051764633363, 0.099629906522, 0.059626944283, 0.4745003688, 0.35259770129]
    ],
    [
      [0.021525476647, 0.0046883118114, 0.0060911656151, 0.037952492182, 0.87511908895, 0.054623464794],
      [0.62674585661, 0.015576286415, 0.01453015835, 0.037456941511, 0.24457473943, 0.061116017684],
      [0.0090274800646, 0.027622182835, 0.59124019539, 0.26178963294, 0.10353310211, 0.0067874066631],
      [0.013354471974, 0.0029519338111, 0.048847103454, 0.097975890194, 0.76738142721, 0.069489173361],
      [0.0029126749511, 0.018968117376, 0.19493210597, 0.61648208042, 0.15645605187, 0.010248969416],
      [0.0064859836229, 0.46507219919, 0.0042088131529, 0.25349339996, 0.26883953784, 0.0019000662292],
      [0.0099272661995, 0.006009788012, 0.10138038241, 0.05180290279, 0.41120531476, 0.41967434583]
    ],
    [
      [0.022930077918, 0.0028687915844, 0.0021375058176, 0.0090587708227, 0.90543337164, 0.057571482213],
      [0.68671042269, 0.0089831927675, 0.0050202503877, 0.010679674384, 0.23047390996, 0.058132549811],
      [0.020869546824, 0.041037593961, 0.47125131601, 0.19738328627, 0.25298376882, 0.016474488111],
      [0.01435484414, 0.0019432487325, 0.021466442783, 0.033321812607, 0.85191981347, 0.076993838266],
      [0.0058659037698, 0.025981239491, 0.14278436591, 0.43864579493, 0.36402361166, 0.022699084234],
      [0.0099205688464, 0.4437763703, 0.0054012124732, 0.11998039502, 0.41774049457, 0.0031809587857],
      [0.011643879738, 0.0033643092867, 0.019242298075, 0.010279995702, 0.39002589758, 0.56544361962]
    ],
    [
      [0.017058869193, 0.0018580893401, 0.0032819438422, 0.011617476046, 0.93280727406, 0.033376347514],
      [0.62732414068, 0.0054666635997, 0.0055066932333, 0.036163372763, 0.28894404773, 0.036595081997],
      [0.0080279789445, 0.011396373281, 0.60822081153, 0.23570264351, 0.1323037832, 0.004348409536],
      [0.010698936153, 0.001681042528, 0.048795795439, 0.082411436225, 0.81698991906, 0.039422870591],
      [0.002778005604, 0.0084201388478, 0.20550991603, 0.58367029356, 0.19281286181, 0.0068087841363],
      [0.0048548798058, 0.36924542561, 0.005325027158, 0.31899811463, 0.30038531157, 0.0011912412279],
      [0.00947023684, 0.0024236153428, 0.1097781152, 0.049780052958, 0.52128126504, 0.30726671462]
    ],
    [
      [0.017947407749, 0.0025597583872, 0.0018254490366, 0.019011813413, 0.91782942124, 0.040826150175],
      [0.5981669835, 0.010624704686, 0.0057901510796, 0.027127398447, 0.30526840281, 0.053022359481],
      [0.013599475314, 0.029837127708, 0.42506949325, 0.30603492972, 0.21642783433, 0.0090311396709],
      [0.011370809928, 0.0018805849808, 0.017842956119, 0.064800652622, 0.85047949345, 0.053625502906],
      [0.0033955982877, 0.01676556527, 0.11341617297, 0.59133089386, 0.26359068069, 0.011501088919],
      [0.0074563395504, 0.36558690309, 0.001943454795, 0.22245848436, 0.40041587248, 0.0021389457194],
      [0.010025799244, 0.0040860950105, 0.046856706754, 0.03652737539, 0.5243859721, 0.3781180515]
    ],
    [
      [0.021012983315, 0.0029189496699, 0.0049953244942, 0.025623788811, 0.91093735747, 0.034511596241],
      [0.64133483444, 0.0099443078563, 0.0083763881804, 0.027274294503, 0.27225229668, 0.040817878343],
      [0.013030449288, 0.025648755745, 0.51363606548, 0.27405123617, 0.1675156448, 0.0061178485282],
      [0.01334587421, 0.0021117407943, 0.028559072319, 0.06973496756, 0.84040140569, 0.045846939427],
      [0.0035364508592, 0.015933297784, 0.15115066439, 0.58713604293, 0.23354470174, 0.0086988422942],
      [0.0084333913503, 0.36533294163, 0.0047735104331, 0.23486732117, 0.38494188874, 0.0016509466744],
      [0.012077026608, 0.0045270956008, 0.070811551154, 0.044584984501, 0.53698068483, 0.33101865731]
    ],
    [
      [0.0084148255709, 0.0022716775658, 0.0020110383631, 0.01078625553, 0.943331302, 0.033184900966],
      [0.42513502267, 0.013196658023, 0.01024448576, 0.023766712821, 0.46466687004, 0.062990250685],
      [0.0068796480804, 0.027334824532, 0.52879475974, 0.19568642963, 0.23327859587, 0.0080257421436],
      [0.0055614292286, 0.0024234281236, 0.024428849639, 0.0370604592, 0.88628013239, 0.044245701417],
      [0.0021420559316, 0.018433910261, 0.17023495001, 0.4578652353, 0.3394253126, 0.011898535905],
      [0.0040449239172, 0.35441396153, 0.0053514561819, 0.15437811857, 0.47979466859, 0.002016871214],
      [0.0049884406983, 0.0039688650802, 0.059146226249, 0.025566757084, 0.58357451953, 0.32275519136]
    ],
    [
      [0.018204759077, 0.0032228288737, 0.0030569364939, 0.010549720674, 0.95541629918, 0.0095494557012],
      [0.69837939455, 0.011275666611, 0.0033510346795, 0.0099124696268, 0.26368717015, 0.013394264384],
      [0.019633054882, 0.047521693134, 0.42749160063, 0.19239130233, 0.31209402744, 0.0008683215889],
      [0.013838339902, 0.0027804835595, 0.017039611452, 0.028695110932, 0.92817128454, 0.0094751696155],
      [0.0059508609473, 0.029538023024, 0.12593213809, 0.41747807605, 0.41904075522, 0.002060146678],
      [0.0077680789225, 0.49611534472, 0.0018006345955, 0.10549184677, 0.38870332304, 0.00012077195338],
      [0.015649574344, 0.0070518930829, 0.048360893953, 0.021632415712, 0.74461129368, 0.16269392923]
    ],
    [
      [0.011408493593, 0.0020428838979, 0.0042142120999, 0.01718428924, 0.93373539054, 0.031414730629],
      [0.49298027124, 0.010248523752, 0.011264014255, 0.027914610129, 0.40404164425, 0.053550936375],
      [0.0082358611352, 0.020921897521, 0.54803370166, 0.22504388918, 0.19155629855, 0.0062083519517],
      [0.0075328026088, 0.0015449140509, 0.027541298173, 0.050790684434, 0.87073275056, 0.041857550174],
      [0.0025320592969, 0.013765120197, 0.172060725, 0.51260576485, 0.28957529151, 0.0094610391483],
      [0.0055650178963, 0.30866421399, 0.0060440489726, 0.20223809024, 0.47571822013, 0.0017704087721],
      [0.00684174569, 0.003393822981, 0.06955512511, 0.034173862064, 0.57686203254, 0.30917341161]
    ],
    [
      [0.013270395257, 0.0024192106467, 0.0031264710833, 0.018488154685, 0.92760489924, 0.035090869089],
      [0.5267577156, 0.011752777736, 0.0088305609733, 0.028139399969, 0.36880494902, 0.055714596696],
      [0.0091886084289, 0.024534104392, 0.51443752892, 0.24964034913, 0.19545291363, 0.0067464954963],
      [0.0085550387672, 0.0016188508692, 0.026055906752, 0.057648879965, 0.85980820866, 0.046313114988],
      [0.0026564209302, 0.01554463967, 0.15702414848, 0.54596624782, 0.26895983045, 0.0098487126574],
      [0.0059092358775, 0.34336920593, 0.0055155609005, 0.21238111825, 0.43100986356, 0.0018150154773],
      [0.0077208507286, 0.0039860312827, 0.065769307999, 0.036650108567, 0.55287325541, 0.33300044601]
    ],
    [
      [0.011513764796, 0.0025559454339, 0.0045099223881, 0.019061603774, 0.92628207121, 0.036076692396],
      [0.48512877341, 0.013118078277, 0.012790217455, 0.031299449098, 0.39662323099, 0.061040250775],
      [0.00726111784, 0.023662681619, 0.5558721394, 0.22757335583, 0.17922239991, 0.0064083053965],
      [0.0073487400814, 0.0016985220742, 0.031179789515, 0.057363448818, 0.85498071171, 0.047428787804],
      [0.0021869414406, 0.01591456043, 0.18020684929, 0.52981433624, 0.26194871522, 0.0099285973855],
      [0.0050137867361, 0.35538560258, 0.0060513077405, 0.20787068189, 0.42384507216, 0.0018335488884],
      [0.0065995654664, 0.0040672219508, 0.073863482026, 0.03366534646, 0.54075639093, 0.34104799317]
    ],
    [
      [0.021474812218, 0.0018930743597, 0.0056131672323, 0.017647844548, 0.92298147072, 0.03038963092],
      [0.65477709494, 0.0068944657488, 0.0072264341801, 0.018691271066, 0.27579278805, 0.036617946022],
      [0.013328868373, 0.017646805104, 0.57713404705, 0.20688776361, 0.18004113035, 0.0049613855172],
      [0.01371123847, 0.00119549341, 0.032395091624, 0.051991155115, 0.86040048018, 0.040306541203],
      [0.0041136428341, 0.012385059248, 0.19537395861, 0.50394621938, 0.27561667819, 0.0085644417313],
      [0.010438720385, 0.29654541503, 0.0081600539104, 0.21002946039, 0.47317020317, 0.001656147108],
      [0.012815350438, 0.0031891148059, 0.08328816567, 0.034817139543, 0.56743503852, 0.29845519102]
    ],
    [
      [0.0094500629819, 0.0010679089362, 0.0034204924494, 0.014883170305, 0.9298762114, 0.041302153923],
      [0.44853236264, 0.0062657948556, 0.010405163631, 0.0255826797, 0.43317870873, 0.076035290445],
      [0.0076134467682, 0.013322223921, 0.53187570962, 0.22007556166, 0.21732207723, 0.0097909808112],
      [0.0062614111994, 0.00036770571157, 0.024194924823, 0.043727933219, 0.86895695351, 0.056491071541],
      [0.0022558266965, 0.0085138796903, 0.1637327927, 0.49185111271, 0.31928152487, 0.014364863338],
      [0.0054655236161, 0.2316659524, 0.0036192457412, 0.21867224669, 0.53816307693, 0.002413954623],
      [0.0053060946855, 0.0017279864956, 0.055413269491, 0.027387190464, 0.53545737335, 0.37470808551]
    ],
    [
      [0.0049261232977, 0.011044504227, 0.0015764689717, 0.0085465858827, 0.93121555127, 0.042690766351],
      [0.29920836188, 0.016469535217, 0.0046692571331, 0.038632298162, 0.56575237432, 0.075268173291],
      [0.0035856506164, 0.020429535717, 0.48625915038, 0.24393474104, 0.2364211434, 0.0093697788477],
      [0.0018972469002, 0.0036296516889, 0.02155532947, 0.050867965244, 0.87595077745, 0.046099029246],
      [0.00049378537555, 0.011318382414, 0.13853151733, 0.51477929156, 0.32115448691, 0.013722536418],
      ["NaN", "NaN", "NaN", "NaN", "NaN", "NaN"],
      [0.0027423564637, 0.0022991943217, 0.050154375726, 0.030665050507, 0.56534571817, 0.34879330481]
    ],
    [
      [0.018614822127, 0.0022884996238, 0.0031435275907, 0.01497637448, 0.87860680159, 0.082369974592],
      [0.58746376482, 0.0082335723004, 0.0056706845769, 0.023883881026, 0.2763268515, 0.09842124578],
      [0.01023183995, 0.017773082215, 0.62012175087, 0.19758065604, 0.14508586468, 0.0092068062339],
      [0.011651357145, 0.0016212369842, 0.039609655444, 0.057637668113, 0.78655427783, 0.10292580448],
      [0.0036932970199, 0.013375704718, 0.22176473798, 0.51257679501, 0.23008534811, 0.018504117168],
      [0.0083418376708, 0.34501187784, 0.0048721899594, 0.22428212113, 0.4138372162, 0.0036547571971],
      [0.0072743325242, 0.0025698275235, 0.072397282379, 0.02795479529, 0.35610066016, 0.53370310213]
    ],
    [
      [0.016488715307, 0.0029407797225, 0.0022945167955, 0.012186605396, 0.9081067951, 0.057982587684],
      [0.55580945635, 0.013609754351, 0.0041140673946, 0.030577079341, 0.32473394632, 0.071155696243],
      [0.0094582474459, 0.028257821869, 0.47695192678, 0.31828486464, 0.15830883192, 0.0087383073436],
      [0.010235433801, 0.0025006839287, 0.029065794188, 0.088515123933, 0.80425545659, 0.065427507557],
      [0.0026447091717, 0.016313868471, 0.13132637406, 0.63306821532, 0.20508950911, 0.011557323877],
      [0.0060075187529, 0.37826576033, 0.0054212823416, 0.26120509261, 0.34669286649, 0.0024074794692],
      [0.0080093553284, 0.0045969957083, 0.060778664612, 0.048992675231, 0.45692567172, 0.4206966374]
    ],
    [
      [0.0039395108988, 0.0029597569397, 0.0054669315928, 0.034003011807, 0.93016351862, 0.023467270146],
      [0.31685883759, 0.013638256127, 0.012440557314, 0.090519869837, 0.51490707519, 0.05163540394],
      [0.00074597830962, 0.011035555128, 0.56293437971, 0.31085787042, 0.11354559055, 0.00088062588788],
      [0.0011731843696, 0.0045474620513, 0.05877945129, 0.13199587628, 0.77811420342, 0.025389822589],
      [0.00016394847052, 0.0073273690705, 0.16915923643, 0.69628963601, 0.12476544142, 0.0022943685977],
      [0.00060738492312, 0.25970768509, 0.0077846412564, 0.40951804288, 0.32215880589, 0.00022343995778],
      [0.002688651359, 0.0037576081252, 0.13723697891, 0.098745185116, 0.53690069575, 0.22067088074]
    ],
    [
      [0.010200064308, 0.0018473770058, 0.0047315334429, 0.026652940777, 0.92844345191, 0.028124632556],
      [0.47843140586, 0.009677585588, 0.010717690792, 0.041076883433, 0.4098093747, 0.05028705962],
      [0.006719505925, 0.017003139387, 0.48757270181, 0.30178711826, 0.18219954711, 0.0047179874998],
      [0.0067031118659, 0.001210542148, 0.026476003208, 0.073709015796, 0.85490586315, 0.036995463827],
      [0.0018438073138, 0.010024296108, 0.13692796199, 0.61704924714, 0.22752384309, 0.0066308443528],
      [0.0046797525535, 0.27083654071, 0.0045974217693, 0.28168587509, 0.43686627432, 0.0013341355585],
      [0.0062666311601, 0.0031290603014, 0.069952275584, 0.052190526479, 0.58168729205, 0.28677421443]
    ],
    [
      [0.030753106673, 0.0034613478808, 0.0026642087329, 0.024086433163, 0.89810552146, 0.04092938209],
      [0.71420596185, 0.0098709046301, 0.0067034899219, 0.025446598659, 0.2070687256, 0.036704319343],
      [0.017031006066, 0.030125928275, 0.48322154788, 0.30839247436, 0.15450894456, 0.0067200988505],
      [0.018707990852, 0.002508589792, 0.029331146575, 0.084124929419, 0.81303748635, 0.052289857016],
      [0.0040758060753, 0.017819806386, 0.13669770315, 0.63021620982, 0.20212787017, 0.009062604406],
      [0.010608154395, 0.40218229979, 0.0048455170276, 0.24936931405, 0.33121798369, 0.0017767310483],
      [0.016568463843, 0.00547745796, 0.068620454473, 0.051881213036, 0.49894133708, 0.35851107361]
    ],
    [
      [0.011672726706, 0.0013891328114, 0.002047677027, 0.014608475301, 0.92462931017, 0.045652677984],
      [0.49260345479, 0.0075509760682, 0.0081991947541, 0.025198115647, 0.38984525054, 0.076603008203],
      [0.0092890656337, 0.016727438948, 0.49926508017, 0.24036736522, 0.22416452281, 0.010186527217],
      [0.0075824550361, 0.00050685438805, 0.022666970744, 0.049222494546, 0.85994411185, 0.060077113431],
      [0.0026686953508, 0.010383336038, 0.15032753236, 0.51844632354, 0.30359809342, 0.014576019294],
      [0.0062229284282, 0.2544894824, 0.0049646353141, 0.21399139214, 0.51748924453, 0.002842317184],
      [0.0062678430423, 0.0021479048944, 0.051713235185, 0.029024882089, 0.51261025737, 0.39823587742]
    ],
    [
      [0.010460999127, 0.0022565197057, 0.0045450273123, 0.020575751678, 0.91711789308, 0.0450438091],
      [0.45541589142, 0.01203161228, 0.014276050149, 0.035208925619, 0.40447720137, 0.078590319161],
      [0.0059792594204, 0.019409128664, 0.57147855077, 0.2309949947, 0.16466176435, 0.0074763020898],
      [0.0064843280184, 0.0014276764206, 0.033842310117, 0.062259221897, 0.83737365035, 0.0586128132],
      [0.0017396715137, 0.013216860883, 0.18718714152, 0.54332071796, 0.24287331862, 0.011662289499],
      [0.0046433497941, 0.32473018829, 0.0062561867092, 0.2329329374, 0.4290795429, 0.0023577949136],
      [0.0054596976004, 0.0033366396829, 0.076953087718, 0.035240799049, 0.49185681805, 0.3871529579]
    ],
    [
      [0.010566916301, 0.00035362037783, 0.00037209659284, 0.012695041844, 0.9340826979, 0.041929626987],
      [0.62771668874, 0.0043974086836, 0.0017975761344, 0.011908831262, 0.28114790557, 0.073031589601],
      [0.015016330259, 0.014620602208, 0.31843068449, 0.28345995934, 0.35248008893, 0.015992334764],
      [0.0058994054225, 0.00024850531721, 0.0037946913949, 0.041739801999, 0.88885612602, 0.059461469851],
      [0.011587876731, 0.0066322334728, 0.066111975348, 0.49989201742, 0.3967592947, 0.019016602325],
      [0.0074960971417, 0.16965211384, 0.00096244413089, 0.18465209646, 0.63315826086, 0.0040789875577],
      [0.0069093044159, 0.0011107602264, 0.019333257063, 0.024361897665, 0.55968612268, 0.38859865795]
    ],
    [
      [0.040048207598, 0.0036138860946, 0.0038723286124, 0.0062596310957, 0.89214189172, 0.054064054877],
      [0.88086182428, 0.0035096268521, 0.0030755336986, 0.0032700824391, 0.069385647233, 0.039897285501],
      [0.01616386365, 0.030405310558, 0.67372618832, 0.12813976797, 0.14362079763, 0.0079440718729],
      [0.022625567741, 0.0028605929924, 0.051489552749, 0.040399538053, 0.81700097066, 0.065623777808],
      [0.0058993397199, 0.026672010758, 0.28780080883, 0.40884264505, 0.25617280526, 0.014612390375],
      [0.01335050099, 0.50715437103, 0.010622886678, 0.12933982361, 0.3371574337, 0.0023749839831],
      [0.018142821965, 0.0058169218459, 0.10558528916, 0.023342163331, 0.44295827931, 0.40415452439]
    ],
    [
      [0.014883697245, 0.00088670966629, 0.0015490923925, 0.0078416844604, 0.95541976302, 0.019419053213],
      [0.59348571983, 0.003473606639, 0.004657664836, 0.010548170565, 0.35836148473, 0.029473353401],
      [0.018356311696, 0.013823661171, 0.43156737761, 0.17460029832, 0.35530957957, 0.0063427716268],
      [0.011012313432, 0.0013667349734, 0.016831024041, 0.02139608605, 0.92229084575, 0.027102995758],
      [0.0053317419626, 0.0085751628176, 0.12759465646, 0.37539552074, 0.47384799837, 0.0092549196492],
      [0.01150684517, 0.22992690179, 0.0023251733032, 0.16807964084, 0.58667192438, 0.00148951451],
      [0.011110618361, 0.0016987918144, 0.038816385682, 0.016931716412, 0.66839095082, 0.26305153691]
    ],
    [
      [0.012956614674, 0.00061652164138, 0.0025992887877, 0.0081000568959, 0.93565826273, 0.040069255275],
      [0.64037207604, 0.0035242645159, 0.0038117042778, 0.010715194132, 0.27847126752, 0.063105493512],
      [0.013328680521, 0.0062699515487, 0.60072149364, 0.13543312713, 0.23319088695, 0.01105586021],
      [0.0091481410625, 0.00022543934052, 0.02891855707, 0.019827886032, 0.88419662795, 0.057683348542],
      [0.0041301553897, 0.0065336276476, 0.21782797622, 0.3734732326, 0.38100959715, 0.017025410991],
      [0.0087312579944, 0.16956552478, 0.010036477099, 0.14632748595, 0.66145285438, 0.0038863997979],
      [0.007228970177, 0.0010132941164, 0.06176215175, 0.016381134907, 0.55027379642, 0.36334065263]
    ],
    [
      [0.012189967306, 0.0026696010752, 0.0028045489961, 0.022979861609, 0.92588168125, 0.033474339763],
      [0.49849451917, 0.013396775685, 0.0095377923876, 0.038767744118, 0.38507853712, 0.054724631527],
      [0.0083216958558, 0.026694845833, 0.4587911939, 0.30599925167, 0.19395851461, 0.0062344981262],
      [0.0078025726832, 0.0017967727629, 0.023247288388, 0.07147963487, 0.8519369325, 0.043736798794],
      [0.0021953963086, 0.015384899515, 0.1265737574, 0.60689749622, 0.24064884216, 0.0082996083963],
      [0.004984715338, 0.35536273073, 0.0023319930488, 0.24274052292, 0.39308877091, 0.0014912670476],
      [0.00715055768, 0.0044946894828, 0.060673185606, 0.047400313075, 0.55947436233, 0.32080689183]
    ],
    [
      [0.0099117284598, 0.0027586866482, 0.0038249917091, 0.023367617218, 0.93284486966, 0.027292106303],
      [0.45970330882, 0.015292793073, 0.010003094314, 0.038253231439, 0.42603972456, 0.050707847791],
      [0.0064136327886, 0.026049159981, 0.49155588731, 0.28494975689, 0.18687446059, 0.0041571024356],
      [0.0063266014104, 0.00184796193, 0.026422530826, 0.069563438392, 0.86023533849, 0.035604128955],
      [0.0017262037398, 0.01569025471, 0.14217652428, 0.59174266648, 0.24237914086, 0.0062852099319],
      [0.0040442200848, 0.35719637921, 0.0043785293574, 0.23600977581, 0.39736698345, 0.0010041120976],
      [0.0061353825971, 0.0047919999469, 0.071234808924, 0.048543904959, 0.59213719375, 0.27715670982]
    ],
    [
      [0.011198104809, 0.0031031179547, 0.0017706312075, 0.022126658995, 0.93366288348, 0.028138603558],
      [0.48560105162, 0.015736986817, 0.0054900068507, 0.03603933636, 0.40896048617, 0.048172132173],
      [0.0080887665636, 0.031062832522, 0.46873407293, 0.28094411987, 0.2060530746, 0.0051171335132],
      [0.0073102570666, 0.0017742665227, 0.023222063968, 0.063764266238, 0.86661082502, 0.037318321187],
      [0.0022686149284, 0.018531169195, 0.13396629567, 0.57345262705, 0.26447466341, 0.0073066297516],
      [0.0045087348628, 0.40612271228, 0.0022340603893, 0.20876393287, 0.37740289153, 0.00096766806177],
      [0.0069174101246, 0.0055695228783, 0.062917817276, 0.045853280481, 0.59311945253, 0.28562251671]
    ],
    [
      [0.023628648785, 0, 0.0070553219372, 0.0075732776721, 0.94122196948, 0.020520782121],
      [0.79452622842, 0, 0.0032758618925, 0.0057317016389, 0.1764476895, 0.020018518555],
      [0.01347350512, 0, 0.63804093497, 0.11893646816, 0.22507067102, 0.0044784207346],
      [0.012869507094, 0, 0.036797782957, 0.023160786146, 0.89862833976, 0.028543584045],
      [0.0071836868065, 0, 0.24286460414, 0.37572650184, 0.36562505728, 0.0086001499373],
      [0.071551158044, 0, 0.02216117799, 0.15930267833, 0.74499684131, 0.0019881443283],
      [0.015521275927, 0, 0.075026035551, 0.016584076645, 0.63592739578, 0.2569412161]
    ],
    [
      [0.011750929569, 0.0033307892005, 0.0038497831048, 0.0042005916892, 0.96696207214, 0.0099058342987],
      [0.54937375741, 0.01124852167, 0.008801925154, 0.0098364975562, 0.40244880816, 0.018290490052],
      [0.0082308692964, 0.0317920732, 0.57796114094, 0.12301043001, 0.25813885329, 0.00086663326706],
      [0.012696157945, 0.0050223412894, 0.028291924974, 0.015751886602, 0.93065534834, 0.0075823408529],
      [0.0043194205814, 0.023521489032, 0.20566603403, 0.34192380794, 0.42275078519, 0.0018184632161],
      [0.005387347301, 0.4135716437, 0.0039112770107, 0.097534429272, 0.479441961, 0.00015334171334],
      [0.0084642062991, 0.0050575099105, 0.073493227186, 0.018459433215, 0.74754386535, 0.14698175804]
    ],
    [
      [0.010174849222, 0.0037819127124, 0.0092501633238, 0.010981131412, 0.94189679133, 0.023915152],
      [0.47958157605, 0.020104279596, 0.014088354467, 0.017630625183, 0.42565968674, 0.042935477965],
      [0.0090678992219, 0.043145040111, 0.55775038261, 0.15391225655, 0.23112692404, 0.0049974974654],
      [0.0071610043717, 0.0013949691543, 0.025826708043, 0.028883994994, 0.90341941382, 0.033313909612],
      [0.0030906458506, 0.031486425854, 0.19345356993, 0.39721891683, 0.36585694647, 0.008893495062],
      [0.0041142410902, 0.49711539941, 0.0071964121108, 0.10093254369, 0.38963059051, 0.0010108131907],
      [0.0067240734111, 0.0066778194896, 0.068365552667, 0.021787013365, 0.63000159446, 0.26644394661]
    ],
    [
      [0.0037888329325, 0.0045999877722, 0.0039387260797, 0.015282675474, 0.93582977876, 0.03655999898],
      [0.40930598041, 0.028678884755, 0.0092345271778, 0.033341863336, 0.44606631283, 0.073372431486],
      [0.0022424613923, 0.031306548258, 0.67993047378, 0.15772964944, 0.12338640866, 0.0054044584633],
      [0.0035750142559, 0.0061470379642, 0.053457489352, 0.055190493225, 0.83654711771, 0.045082847488],
      [0.00095914133369, 0.025272540804, 0.27474690862, 0.46712462047, 0.22342318158, 0.0084736071966],
      [0.001045889971, 0.77965877665, 0.0032993138484, 0.10196613867, 0.11330500347, 0.0007248773963],
      [0.0027991678637, 0.0071579023599, 0.10770835575, 0.029104055577, 0.4955354575, 0.35769506096]
    ],
    [
      [0.010341780149, 0.0015869279328, 0.0034197878956, 0.012875759623, 0.92042761433, 0.051348130071],
      [0.48249646275, 0.0086712338412, 0.0078108630955, 0.031922859353, 0.38524023427, 0.083858346698],
      [0.0041474432291, 0.008836397113, 0.57998083177, 0.26635077715, 0.13458724921, 0.0060973015185],
      [0.0053173254593, 0.00038138667698, 0.042473019171, 0.087939961521, 0.80990876152, 0.053979545657],
      [0.0012338867409, 0.0059178112193, 0.18748454953, 0.60872374167, 0.18794319946, 0.0086968113764],
      [0.0043017579165, 0.24226895964, 0.0051128182961, 0.34523393548, 0.40141456827, 0.0016679604022],
      [0.0043826253607, 0.001941212278, 0.10496147313, 0.062271768492, 0.48379692301, 0.34264599773]
    ],
    [
      [0.0081485147748, 0.0016753979465, 0.0034241667616, 0.019571738511, 0.92866597744, 0.03851420457],
      [0.40323359669, 0.010338962954, 0.0125761915, 0.038289308814, 0.4604216926, 0.075140247446],
      [0.0052543899466, 0.017172853418, 0.51572387518, 0.25932746887, 0.19490799971, 0.0076134128715],
      [0.004920249789, 0.00085161042054, 0.026526561247, 0.060494001711, 0.85653988941, 0.050667687418],
      [0.0012437180852, 0.010660286958, 0.15502289203, 0.55963030655, 0.26262277965, 0.010820016724],
      [0.0039112866846, 0.27271880391, 0.0053388488847, 0.24317373109, 0.47263339638, 0.0022239330497],
      [0.00459229808, 0.0027247688869, 0.064223761014, 0.036923751972, 0.53652028837, 0.35501513168]
    ],
    [
      [0.031967390694, 0.0023538954133, 0.0022626039982, 0.012015221813, 0.83942634004, 0.11197454804],
      [0.70313656596, 0.0061191122434, 0.003267078805, 0.02048188442, 0.17733521808, 0.089660140489],
      [0.018365390396, 0.021261357207, 0.47647348549, 0.31436535965, 0.15785875334, 0.011675653915],
      [0.018887177872, 0.0019641399842, 0.02714996113, 0.079710337581, 0.7416640042, 0.13062437924],
      [0.0047890730409, 0.012654518861, 0.13387974293, 0.63455753899, 0.19663999217, 0.017479134017],
      [0.012765012993, 0.33506304654, 0.0032310875403, 0.28602719613, 0.35922063929, 0.0036930175015],
      [0.010498303242, 0.0023794223974, 0.041831040631, 0.03557841435, 0.29440768968, 0.6153051297]
    ],
    [
      [0.023705358298, 0.0031578775906, 0.0047761201794, 0.022205244378, 0.88659529458, 0.059560104973],
      [0.64814768207, 0.010563021805, 0.0085306246882, 0.023266572736, 0.24415103375, 0.06534106495],
      [0.013271983918, 0.026345173808, 0.55548972087, 0.24053749135, 0.1555215085, 0.0088341215578],
      [0.014787097903, 0.0019731067211, 0.034126211626, 0.066546487353, 0.80577712176, 0.076789974633],
      [0.0038646768997, 0.01780527638, 0.18004851201, 0.56051825249, 0.22336511073, 0.014398171497],
      [0.0092719037699, 0.39847091787, 0.0060109660489, 0.21884561185, 0.36484754585, 0.0025530545988],
      [0.011081108452, 0.0041795688436, 0.069602850205, 0.034950625895, 0.42568568705, 0.45450015956]
    ],
    [
      [0.011519134525, 0.00063434653744, 0.006043263456, 0.010515436148, 0.89284872287, 0.078439096465],
      [0.50463892724, 0.0035147513605, 0.0059178796146, 0.012443721896, 0.34197877627, 0.13150594362],
      [0.012350140584, 0.0091357649233, 0.53576734132, 0.17097981899, 0.25458344572, 0.017183488469],
      [0.0078195370442, 0.00024682577499, 0.023586061274, 0.027386093622, 0.83694004378, 0.10402143851],
      [0.0040140252773, 0.0068992664136, 0.17359160653, 0.41121880217, 0.37386133601, 0.0304149636],
      [0.0081172400005, 0.18406527816, 0.0090063936795, 0.16222600479, 0.63064608268, 0.0059390006919],
      [0.0034603324603, 0.00082404238656, 0.027494427295, 0.0081444566669, 0.33156295958, 0.62851378161]
    ]
  ],
  "expected_outcome": [
    [
      [0.23884240775, 0.23297900391, 0.39102355795, 0.16007415532, 0.16150455106, 0.043121445137, 0.17648102922, 0.19555930425, 0.30205181584, 0.47160620659, 1.0440171438, 0.38745857965, 0.27516093502, 0.11941208435, 0.46663260149, 0.44127264962, 0.10097790685, 0.1638428317, 0.45633974372, 0.87584608694, 1.243486598, 0.90194211317, 0.27405182648, 0.073891849466, 0.37229644255, 0.97283420309, 0.043334619887, 0.13260083601, 1.2916304803, 0.68869087563, 1.0356389136, 0.13736991191, 0.20024103799, 0.20837176143, 0.06478307337, 0.73139803837, 0.66408580681, 0.43672608756, 0.18902919028, 0.094007436553, 0.13227303989, 0.0037888329325, 0.041367120598, 0.64373266721, 0.19180434416, 2.7261162043, 0.069114807153],
      [0.082691750938, 0.049080122252, 0.070022809532, 0.056168818766, 0.034962826357, 0.011390542673, 0.038881011817, 0.056042459246, 0.052920179982, 0.16615251849, 0.2161352392, 0.084389612606, 0.034425499013, 0.013006625381, 0.066553718067, 0.061297943068, 0.02726013079, 0.029005459863, 0.081715355916, 0.15966790268, 0.27604210686, 0.079509123106, 0.030969359151, 0.1656675634, 0.045769992476, 0.17350600363, 0.032557326336, 0.024015901076, 0.145376611, 0.081958835874, 0.22339545087, 0.0045970649118, 0.018069430473, 0.012413935328, 0.0030826082069, 0.16017606451, 0.18483200543, 0.12102160023, 0, 0.026646313604, 0.049164865261, 0.0045999877722, 0.0063477117313, 0.13235643777, 0.01412337248, 0.36315592291, 0.0038060792247],
      [0.15173078472, 0.11408829717, 0.1849550088, 0.11010409602, 0.060450136494, 0.016632123262, 0.043870718152, 0.1861475319, 0.082491355836, 0.217776247, 0.22619314854, 0.10964098107, 0.025650069811, 0.022973606895, 0.047461674951, 0.10490181438, 0.024132460357, 0.027512428445, 0.168568484, 0.2063470915, 0.48707161791, 0.23575302376, 0.099194281032, 0.023647034576, 0.062870551815, 0.13537649093, 0.06013624752, 0.061509934758, 0.11189676678, 0.1208129446, 0.44995770392, 0.004837255707, 0.019361643062, 0.021687293494, 0.012996443939, 0.16827293977, 0.25627444451, 0.069054617094, 0.056442575497, 0.030798264838, 0.12025212321, 0.0039387260797, 0.013679151583, 0.27050917416, 0.013575623989, 0.54925382063, 0.036259580736],
