{
  "X": [
    [287, 1375, 1798, 3082, 119],
    [35, 103, 85, 249, 11],
    [26, 111, 120, 71, 21],
    [41, 150, 124, 177, 8],
    [41, 137, 116, 199, 7],
    [54, 132, 113, 262, 7],
    [40, 101, 90, 195, 11],
    [33, 124, 61, 222, 19],
    [14, 101, 79, 191, 17],
    [43, 133, 101, 175, 13],
    [27, 80, 100, 103, 7],
    [24, 86, 112, 101, 22],
    [27, 47, 93, 133, 8],
    [38, 114, 145, 177, 8],
    [34, 131, 82, 143, 16],
    [15, 91, 81, 151, 10],
    [31, 134, 113, 190, 18],
    [22, 99, 85, 165, 6],
    [30, 117, 110, 199, 19],
    [19, 92, 76, 148, 10],
    [27, 111, 96, 191, 10],
    [16, 74, 100, 83, 10],
    [15, 80, 113, 92, 17],
    [20, 93, 112, 91, 3],
    [10, 91, 132, 96, 16],
    [33, 87, 97, 200, 8],
    [28, 118, 109, 194, 13],
    [20, 89, 110, 158, 9],
    [26, 105, 87, 126, 5],
    [24, 121, 94, 109, 2],
    [18, 79, 114, 169, 7],
    [14, 100, 154, 90, 1],
    [13, 91, 134, 105, 4],
    [26, 91, 115, 138, 11],
    [9, 92, 119, 136, 8],
    [7, 96, 163, 31, 21],
    [8, 96, 103, 79, 10],
    [10, 89, 140, 66, 6],
    [14, 68, 79, 59, 5],
    [12, 102, 121, 80, 15],
    [6, 73, 94, 43, 19],
    [9, 91, 107, 75, 9],
    [11, 113, 173, 59, 24],
    [8, 124, 157, 41, 16],
    [18, 97, 138, 95, 17],
    [11, 100, 167, 79, 25],
    [18, 93, 73, 125, 4],
    [11, 64, 95, 103, 8],
    [28, 134, 100, 202, 11],
    [34, 100, 89, 273, 6],
    [30, 128, 97, 246, 7],
    [13, 72, 91, 60, 11],
    [7, 65, 88, 39, 13],
    [18, 102, 71, 139, 13],
    [34, 84, 47, 242, 8],
    [15, 53, 34, 179, 5],
    [23, 78, 41, 173, 10],
    [21, 47, 41, 147, 6],
    [7, 56, 32, 155, 13],
    [27, 115, 71, 296, 10],
    [11, 92, 108, 62, 10],
    [18, 72, 72, 144, 6],
    [24, 95, 65, 112, 3],
    [19, 85, 77, 202, 3],
    [10, 61, 118, 99, 9],
    [47, 109, 69, 264, 5],
    [7, 112, 122, 123, 9],
    [11, 94, 178, 82, 36],
    [14, 112, 122, 134, 19]
  ],
  "W": [
    [278, 1421, 1771, 2450, 741],
    [33, 121, 90, 169, 70],
    [23, 107, 127, 44, 48],
    [34, 171, 136, 112, 47],
    [47, 134, 130, 132, 57],
    [42, 160, 121, 165, 80],
    [34, 116, 82, 151, 54],
    [33, 140, 63, 169, 54],
    [21, 105, 81, 147, 48],
    [41, 140, 107, 122, 55],
    [19, 79, 95, 74, 50],
    [23, 84, 115, 59, 64],
    [21, 57, 95, 99, 36],
    [35, 123, 145, 121, 58],
    [30, 130, 105, 94, 47],
    [15, 100, 92, 97, 44],
    [25, 155, 113, 131, 62],
    [21, 107, 94, 119, 36],
    [25, 147, 107, 126, 70],
    [16, 87, 88, 112, 42],
    [32, 127, 95, 125, 56],
    [15, 80, 89, 63, 36],
    [17, 83, 112, 57, 48],
    [17, 106, 109, 52, 35],
    [9, 97, 125, 65, 49],
    [32, 117, 106, 129, 41],
    [20, 135, 129, 120, 58],
    [15, 101, 124, 108, 38],
    [19, 101, 97, 80, 52],
    [22, 111, 98, 81, 38],
    [16, 97, 117, 111, 46],
    [9, 104, 154, 51, 41],
    [14, 98, 140, 63, 32],
    [19, 100, 119, 91, 52],
    [8, 104, 118, 83, 51],
    [3, 84, 152, 19, 60],
    [8, 104, 104, 46, 34],
    [9, 88, 131, 42, 41],
    [15, 72, 78, 31, 29],
    [12, 104, 118, 42, 54],
    [4, 76, 89, 15, 51],
    [6, 99, 103, 46, 37],
    [10, 110, 182, 27, 51],
    [8, 124, 158, 18, 38],
    [15, 97, 143, 67, 43],
    [7, 111, 165, 56, 43],
    [24, 109, 63, 87, 30],
    [8, 83, 85, 65, 40],
    [16, 141, 107, 139, 72],
    [31, 116, 96, 196, 63],
    [30, 148, 116, 162, 52],
    [13, 77, 83, 32, 42],
    [7, 65, 85, 21, 34],
    [14, 104, 80, 103, 42],
    [33, 98, 66, 165, 53],
    [20, 64, 42, 135, 25],
    [21, 87, 47, 123, 47],
    [22, 64, 43, 96, 37],
    [10, 63, 36, 121, 33],
    [21, 130, 79, 237, 52],
    [12, 99, 105, 50, 17],
    [19, 91, 71, 99, 32],
    [19, 103, 58, 85, 34],
    [23, 101, 90, 149, 23],
    [11, 60, 118, 73, 35],
    [42, 122, 64, 211, 55],
    [8, 105, 124, 94, 42],
    [7, 99, 180, 54, 61],
    [13, 117, 121, 105, 45]
  ],
  "method": "mult",
  "cond_prob": [
    [
      [0.81645700496, 0.0063881580383, 3.6489780588e-05, 0.17711831307, 3.4148267705e-08],
      [0.0071368320602, 0.71405940192, 0.065564465004, 0.20715136381, 0.0060879372043],
      [0.0016607615857, 0.09083995936, 0.87830331802, 0.0076392170312, 0.021556744007],
      [0.0024644054334, 0.0018116977261, 3.2776972619e-05, 0.99569111211, 7.7537225076e-09],
      [0.076993890309, 0.27539588961, 0.15031817675, 0.39716730359, 0.10012473974]
    ],
    [
      [0.82024964101, 0.0052074381461, 2.8008118912e-05, 0.1745148771, 3.5619032017e-08],
      [0.0082244583002, 0.68607590815, 0.059014182938, 0.23923906597, 0.0074463846428],
      [0.0020779349903, 0.094303317373, 0.86536945108, 0.0095725895902, 0.028676706965],
      [0.0024515960086, 0.0014942253538, 2.5455298004e-05, 0.99602871516, 8.1831469943e-09],
      [0.083037902573, 0.24628100101, 0.12648404784, 0.42878385089, 0.11541319769]
    ],
    [
      [0.86899744509, 0.006216590518, 3.0058608509e-05, 0.1247558274, 7.8389037847e-08],
      [0.007989416882, 0.7596031781, 0.058684514846, 0.15853444302, 0.015188447149],
      [0.001959487107, 0.10129281619, 0.83379646861, 0.0061499120524, 0.056801316038],
      [0.0035665626741, 0.0024757673892, 3.7916716731e-05, 0.99391972822, 2.4995462655e-08],
      [0.080794018232, 0.27272849549, 0.1258415015, 0.2846762801, 0.23595970468]
    ],
    [
      [0.85259399154, 0.0050830993499, 2.5044742281e-05, 0.14229783953, 2.4845165767e-08],
      [0.0091844504034, 0.71882511405, 0.056711607795, 0.20969539825, 0.0055834295061],
      [0.0024154844608, 0.10297922301, 0.86348703146, 0.0087315786149, 0.022386682447],
      [0.0031169498805, 0.0017849561656, 2.7855701986e-05, 0.99507023127, 6.9852737842e-09],
      [0.099172989956, 0.2762025672, 0.12995755173, 0.40202722624, 0.092639664874]
    ],
    [
      [0.80864447543, 0.0070756484383, 3.1278502416e-05, 0.18424857175, 2.58817359e-08],
      [0.006452504988, 0.73726218669, 0.052138962706, 0.19986496531, 0.0042813802998],
      [0.0018310847931, 0.1138674661, 0.85680150072, 0.0089804696019, 0.018519478787],
      [0.0023001971928, 0.0019211364661, 2.6899173426e-05, 0.99575176154, 5.6263970771e-09],
      [0.075171429623, 0.30562201689, 0.12897971131, 0.41359779129, 0.076629050892]
    ],
    [
      [0.84750685164, 0.0043378980305, 2.368042641e-05, 0.14813155401, 1.5892140435e-08],
      [0.010220132293, 0.68305127369, 0.059708204559, 0.24304443839, 0.0039759510735],
      [0.0025942953208, 0.094443303972, 0.87781289027, 0.0097706183708, 0.015378892069],
      [0.002997735622, 0.0014658824209, 2.5345912282e-05, 0.99551103175, 4.2997657643e-09],
      [0.10593831136, 0.252064534, 0.13141298274, 0.44739156482, 0.063192607076]
    ],
    [
      [0.85687111877, 0.0049661398909, 2.9604257427e-05, 0.1381330978, 3.9275010202e-08],
      [0.0093030093607, 0.70909990665, 0.067573555953, 0.20512821304, 0.0088953150005],
      [0.0020725671313, 0.085907202935, 0.8745649371, 0.0072366457969, 0.030218647037],
      [0.0032292813404, 0.0017975051914, 3.3939774558e-05, 0.99493926231, 1.1381908337e-08],
      [0.094016127279, 0.25469510261, 0.1449737773, 0.36801758142, 0.13829741139]
    ],
    [
      [0.83083104079, 0.0061340257067, 2.8018613308e-05, 0.16300683378, 8.1112687237e-08],
      [0.0074604183722, 0.72411432598, 0.052927702302, 0.20029580995, 0.0152017434],
      [0.001991556197, 0.10519681179, 0.82245862679, 0.0084678366291, 0.061885168596],
      [0.0026545290683, 0.0018831677764, 2.7245288971e-05, 0.99543503793, 1.9937815287e-08],
      [0.072153481179, 0.24903190259, 0.10868630072, 0.34385430121, 0.2262740143]
    ],
    [
      [0.75461249819, 0.0090377996181, 4.4198730704e-05, 0.23630539361, 1.0984748856e-07],
      [0.0045551963671, 0.72706019074, 0.056802192456, 0.19757394, 0.014008480436],
      [0.0011544648568, 0.10015194541, 0.83661185432, 0.0079294580489, 0.054152277364],
      [0.0016436109152, 0.0019145971762, 2.9657178503e-05, 0.9964121161, 1.8631772035e-08],
      [0.046014985655, 0.26064140092, 0.12168474305, 0.35394961363, 0.21770925675]
    ],
    [
      [0.84317269602, 0.0059604067929, 2.8273854967e-05, 0.1508385778, 4.5531399627e-08],
      [0.0079335616218, 0.73404327537, 0.055713505595, 0.193406489, 0.0089031684157],
      [0.002085686587, 0.10503504247, 0.84914624804, 0.0080503425603, 0.035682680349],
      [0.0029198496626, 0.0019749247518, 2.9672935275e-05, 0.99507554057, 1.2078986019e-08],
      [0.08447749632, 0.27807524244, 0.12595767596, 0.36575907115, 0.14573051414]
    ],
    [
      [0.87672273514, 0.0047852499443, 2.7286526573e-05, 0.11846470464, 2.3747108846e-08],
      [0.0099892374687, 0.73024834567, 0.06640987202, 0.18761718659, 0.0057353582478],
      [0.0022813325828, 0.090520257452, 0.88044069507, 0.006780618513, 0.019977096379],
      [0.0037761300522, 0.0020114671462, 3.6330050054e-05, 0.99417606476, 7.9923129051e-09],
      [0.10852095005, 0.28116937735, 0.15294023471, 0.36159562632, 0.095773811572]
    ],
    [
      [0.831012452, 0.0060180002239, 3.3040508255e-05, 0.16293642906, 7.821121545e-08],
      [0.0074259257887, 0.71435131067, 0.062601481474, 0.20091673462, 0.014704547441],
      [0.0017350561973, 0.09066319328, 0.84779967388, 0.0074274804979, 0.052374596143],
      [0.0026235677642, 0.0018406642563, 3.2009294413e-05, 0.99550373953, 1.9153247084e-08],
      [0.07120906995, 0.24307605858, 0.1273169903, 0.34205014905, 0.21634773212]
    ],
    [
      [0.86113942428, 0.0037408383444, 2.6402358471e-05, 0.13509330096, 3.4057456712e-08],
      [0.011302943641, 0.65901401412, 0.073963112368, 0.24625039548, 0.0094695343925],
      [0.0023321747109, 0.073613295837, 0.88619632649, 0.0080422163463, 0.029815986614],
      [0.0032619322844, 0.0013817002772, 3.0889054969e-05, 0.99532546831, 1.007205542e-08],
      [0.10409630287, 0.21471961329, 0.14441456687, 0.40229085933, 0.13447865765]
    ],
    [
      [0.84014174502, 0.0053908276316, 3.099004014e-05, 0.15443641258, 2.4732055546e-08],
      [0.0084218863642, 0.70960222857, 0.065236416585, 0.21157280954, 0.0051666589431],
      [0.0019665656525, 0.090159247385, 0.88166306699, 0.0078220198063, 0.018389100169],
      [0.0028339854636, 0.0017449452754, 3.1772421284e-05, 0.99538929043, 6.4096214402e-09],
      [0.090558749697, 0.27132658707, 0.14887646174, 0.40395663454, 0.085281566954]
    ],
    [
      [0.84843047848, 0.0060417373241, 2.2531938365e-05, 0.1455051929, 5.9354145741e-08],
      [0.0079682602776, 0.74820908061, 0.044626490793, 0.18752993651, 0.011666231804],
      [0.0024818382163, 0.12679612751, 0.80606618219, 0.0092458695355, 0.055409982545],
      [0.0030205498343, 0.0020724970461, 2.4481198853e-05, 0.99488245562, 1.6301560509e-08],
      [0.083637186499, 0.27914988523, 0.099396368081, 0.34946323024, 0.18835332995]
    ],
    [
      [0.80093634872, 0.0062933647745, 3.0493383707e-05, 0.19273974394, 4.9187059954e-08],
      [0.006654585194, 0.70550498138, 0.054589451006, 0.22451243015, 0.0087385522739],
      [0.0017846996387, 0.10282064167, 0.85011098751, 0.0095320230712, 0.035751648111],
      [0.0021090549331, 0.001631476341, 2.5038574422e-05, 0.99623441994, 1.0209367559e-08],
      [0.068995311653, 0.25927066051, 0.11989631929, 0.41254489365, 0.1392928149]
    ],
    [
      [0.84923285481, 0.0051609644994, 2.818667102e-05, 0.1455779399, 5.4128594629e-08],
      [0.0088329594724, 0.70902655728, 0.061990241396, 0.20833751513, 0.011812726721],
      [0.0021028308076, 0.091923345129, 0.85525215634, 0.0078539368205, 0.042867730898],
      [0.0030188696311, 0.0017725434354, 3.0662619054e-05, 0.99517790943, 1.4884567044e-08],
      [0.086352606088, 0.24648320974, 0.12855979001, 0.36141049228, 0.17719390188]
    ],
    [
      [0.83011659979, 0.0059550961801, 2.8451566802e-05, 0.163899823, 2.9467491841e-08],
      [0.0075625333929, 0.72429806466, 0.055274924056, 0.20718254381, 0.0056819340815],
      [0.0020276135875, 0.10554509743, 0.86038860865, 0.0087947905629, 0.023243889768],
      [0.0025977240152, 0.0018156923297, 2.747673433e-05, 0.99555909973, 7.1935968338e-09],
      [0.083581182511, 0.2840287886, 0.12952171726, 0.40609768211, 0.096770629521]
    ],
    [
      [0.8341211702, 0.0048135213603, 2.9597402599e-05, 0.16103565532, 5.5715912332e-08],
      [0.0088782354805, 0.67642038599, 0.066572604551, 0.2356939685, 0.012434805478],
      [0.0019892135527, 0.082522819292, 0.8646609688, 0.0083620837912, 0.042464914565],
      [0.0026836023866, 0.0014953164882, 2.9122166238e-05, 0.9957919451, 1.3857768999e-08],
      [0.082244634762, 0.22280860934, 0.13083486287, 0.3874573321, 0.17665456093]
    ],
    [
      [0.84368065431, 0.0061670512489, 2.5955450872e-05, 0.15012629424, 4.4755038439e-08],
      [0.0075638700981, 0.7454428216, 0.050055143838, 0.18837265189, 0.0085655125783],
      [0.0021731373609, 0.11628458923, 0.83542804459, 0.0085685150044, 0.037545713808],
      [0.0028551318666, 0.0020510938964, 2.7342935626e-05, 0.99506641938, 1.1917975619e-08],
      [0.082986475246, 0.28975403645, 0.11635675318, 0.36629598568, 0.14460674944]
    ],
    [
      [0.79301837808, 0.00655906092, 3.6224723823e-05, 0.20038629258, 4.3696282621e-08],
      [0.0064431445309, 0.70125676181, 0.061941123198, 0.22294488133, 0.0074140891309],
      [0.0015598972366, 0.092369661302, 0.87015728159, 0.0085461455231, 0.027367014349],
      [0.0020595116014, 0.0016378420697, 2.8650854028e-05, 0.99627398674, 8.7361679746e-09],
      [0.067470660566, 0.2610607002, 0.13767029071, 0.41446367178, 0.11933467674]
    ],
    [
      [0.8514994485, 0.0058962337542, 3.7496705935e-05, 0.14256676719, 5.3844475948e-08],
      [0.0077362366609, 0.72604237499, 0.073609362959, 0.18212115114, 0.010490874246],
      [0.0015895138066, 0.08094371432, 0.87865141166, 0.0059201926755, 0.032895167537],
      [0.0030109333156, 0.0020582568881, 4.145992799e-05, 0.99488933482, 1.5049448201e-08],
      [0.079367325753, 0.26366474866, 0.15994234133, 0.33123943013, 0.16578615413]
    ],
    [
      [0.80552433329, 0.0068601984806, 4.0115081561e-05, 0.18757526879, 8.4358514958e-08],
      [0.0062161430601, 0.71154277311, 0.066379773765, 0.20200806286, 0.013853247202],
      [0.0013860279969, 0.086147783002, 0.85823138121, 0.0071258390855, 0.047108968702],
      [0.0021835316351, 0.0018220595911, 3.3747523611e-05, 0.99596064331, 1.7939368486e-08],
      [0.060578233447, 0.24574519055, 0.13707148165, 0.34922842911, 0.20737666524]
    ],
    [
      [0.84745978418, 0.0051913817776, 3.0678935015e-05, 0.14731814188, 1.3221485599e-08],
      [0.0086317768052, 0.71146464593, 0.067155022917, 0.20987599172, 0.0028725626366],
      [0.0019764822882, 0.088548346493, 0.89183768856, 0.0076019766376, 0.010035506026],
      [0.0029150134839, 0.0017535673319, 3.2823519699e-05, 0.99529859209, 3.575766244e-09],
      [0.096190500177, 0.2811303739, 0.15854528653, 0.41486302183, 0.049270817571]
    ],
    [
      [0.81860613983, 0.0067542303558, 4.1491877911e-05, 0.17459806426, 7.3679367719e-08],
      [0.006330247073, 0.71793392845, 0.070431231622, 0.19289242049, 0.012412172364],
      [0.0013474489089, 0.083068326851, 0.86879092112, 0.0064979476117, 0.040295355506],
      [0.0023296214446, 0.0019283623535, 3.7521613773e-05, 0.99570447775, 1.68425677e-08],
      [0.063432539493, 0.25462503099, 0.1492415327, 0.34215625579, 0.19054464103]
    ],
    [
      [0.82101816796, 0.0045861596631, 2.7845989787e-05, 0.17436779283, 3.3560864495e-08],
      [0.008949576183, 0.6589127358, 0.063944441987, 0.26054454088, 0.007648705158],
      [0.0021139305462, 0.084634280296, 0.87595256487, 0.0097440113938, 0.02755521289],
      [0.0024474470954, 0.0013158588986, 2.5306173373e-05, 0.99621138012, 7.709761677e-09],
      [0.086083556561, 0.22521125024, 0.13052811277, 0.44487917185, 0.11329790858]
    ],
    [
      [0.84632995846, 0.0046069782867, 2.2459999958e-05, 0.14904056703, 3.6225263829e-08],
      [0.0095852052444, 0.69391228173, 0.054122030414, 0.23371792208, 0.0086625605308],
      [0.0025969416148, 0.102336403, 0.8492618393, 0.010026480521, 0.035778335561],
      [0.0029198729622, 0.001545353702, 2.3862855602e-05, 0.99551090075, 9.7290002183e-09],
      [0.09542002765, 0.24541857319, 0.11422618207, 0.41266871118, 0.13226650591]
    ],
    [
      [0.84859918302, 0.0046672503555, 2.4855299623e-05, 0.14670867765, 3.3669761421e-08],
      [0.0093709261523, 0.69607937002, 0.059198747022, 0.22739159405, 0.0079593627495],
      [0.002357034166, 0.095158774836, 0.8628897662, 0.0090552575782, 0.030539167217],
      [0.0029310930055, 0.0015889115635, 2.6801758076e-05, 0.9954531845, 9.1775828313e-09],
      [0.094554493789, 0.24895436708, 0.12649906647, 0.40656453559, 0.12342753707]
    ],
    [
      [0.85831767592, 0.0053766555503, 2.3705053803e-05, 0.13628194676, 1.671065564e-08],
      [0.0088437932379, 0.74032892004, 0.052136214805, 0.19504394809, 0.0036471238228],
      [0.0025100436077, 0.11420321701, 0.8587395425, 0.0087615852581, 0.015785611631],
      [0.0032198851854, 0.001967135082, 2.7470611554e-05, 0.99478550423, 4.8951371853e-09],
      [0.10240064771, 0.30413060827, 0.12797478824, 0.40061719892, 0.064876756863]
    ],
    [
      [0.85479009763, 0.0069076334172, 2.9747379201e-05, 0.13827251234, 9.2298056534e-09],
      [0.0072082649975, 0.77620035757, 0.053406799148, 0.16153996619, 0.0016446120941],
      [0.0020138854182, 0.11789155506, 0.86594189731, 0.0071428874002, 0.007009774806],
      [0.0031669666428, 0.0024894548652, 3.3956929362e-05, 0.9943096189, 2.6632764751e-09],
      [0.093277116028, 0.35649975944, 0.14654110749, 0.37090477194, 0.032777245101]
    ],
    [
      [0.81825881912, 0.0049092600913, 3.1455410003e-05, 0.17680043717, 2.8208848379e-08],
      [0.0082707534472, 0.66753993367, 0.068298969015, 0.24981166252, 0.006078681356],
      [0.0018534303942, 0.081294395471, 0.88721360637, 0.0088633049065, 0.020775262863],
      [0.0023571348221, 0.0013881976334, 2.8173224009e-05, 0.99622648793, 6.3866122376e-09],
      [0.082688788124, 0.23662320857, 0.14466106358, 0.44268976198, 0.093337177746]
    ],
    [
      [0.85852756276, 0.0049941547947, 2.8703361419e-05, 0.13644957576, 3.3159678429e-09],
      [0.0089745875181, 0.71971040844, 0.066079686253, 0.20447763698, 0.00075768080937],
      [0.0021020709575, 0.091668569488, 0.89594517941, 0.0075773972212, 0.0027067829269],
      [0.0031095088613, 0.0018208215748, 3.3146883828e-05, 0.99503652171, 9.6797524344e-10],
      [0.10463235405, 0.29698237362, 0.16284951272, 0.42200486908, 0.01353089052]
    ],
    [
      [0.8017166862, 0.0064767997884, 3.6176856069e-05, 0.19177031665, 2.0510721141e-08],
      [0.0064632175083, 0.70871314308, 0.063202064204, 0.21806475729, 0.0035568179193],
      [0.0015609107131, 0.093013836327, 0.88398756405, 0.0083327209228, 0.013104967984],
      [0.0021039716721, 0.0016833863266, 2.9782440987e-05, 0.99618285529, 4.2682946421e-09],
      [0.072568878233, 0.2819072288, 0.150212663, 0.43393171142, 0.061379518546]
    ],
    [
      [0.8578497235, 0.0046051584309, 2.6293429878e-05, 0.13751878993, 3.4701965079e-08],
      [0.0097671575902, 0.70052772185, 0.063887348767, 0.21745007928, 0.0083676925123],
      [0.0022953736859, 0.089487340891, 0.87014291786, 0.0080892438821, 0.029985123684],
      [0.0031923403972, 0.0016711681602, 3.0222331138e-05, 0.99510625903, 1.0082744925e-08],
      [0.098082054418, 0.24960408742, 0.13598976064, 0.38731880244, 0.12900529509]
    ],
    [
      [0.78315351539, 0.0065575088262, 3.9534706651e-05, 0.21024940422, 3.6854907753e-08],
      [0.0059852449935, 0.69097034949, 0.066552665784, 0.23033474971, 0.0061569900202],
      [0.0013695808827, 0.085975899516, 0.88282278589, 0.0083439767361, 0.021487756978],
      [0.001848367743, 0.0015580349157, 2.9752365572e-05, 0.99656383796, 7.0110377205e-09],
      [0.063208906209, 0.25826254611, 0.14858836829, 0.43036481208, 0.0995753673]
    ],
    [
      [0.89497356767, 0.0073760980221, 4.239059404e-05, 0.097607863475, 8.0239775574e-08],
      [0.0067757981908, 0.79680812459, 0.073098691624, 0.10958603047, 0.013731355127],
      [0.0013830840901, 0.088405642489, 0.8639308762, 0.0035360053892, 0.042744391828],
      [0.0043467190227, 0.0037302652733, 6.7903010843e-05, 0.9918550802, 3.2490263052e-08],
      [0.074791610474, 0.31029462186, 0.17009188613, 0.21374567597, 0.23107620557]
    ],
    [
      [0.80542486102, 0.0072953065573, 3.9213137911e-05, 0.18724055862, 6.0664994834e-08],
      [0.0057653542541, 0.72795615829, 0.062487784483, 0.19419546916, 0.0095952338161],
      [0.0013710961498, 0.094105523411, 0.86239084709, 0.0073056327052, 0.034826900645],
      [0.0021032356957, 0.001938228658, 3.299885816e-05, 0.99592552388, 1.2904746427e-08],
      [0.061473517159, 0.2743923145, 0.14074910699, 0.36629237867, 0.15709268267]
    ],
    [
      [0.83730625395, 0.0069072690807, 4.0901194148e-05, 0.15574554687, 2.8900129961e-08],
      [0.006526783454, 0.74398305868, 0.070302918054, 0.17425693554, 0.0049303042713],
      [0.0014229111171, 0.088114070898, 0.88805765167, 0.0060084432806, 0.016396923031],
      [0.002649998227, 0.0022031887766, 4.1322708532e-05, 0.99510548291, 7.3806834896e-09],
      [0.075796132474, 0.30554759706, 0.17257733423, 0.3583029015, 0.087776034746]
    ],
    [
      [0.82214981057, 0.0064386419699, 3.5650729271e-05, 0.17137586291, 3.3825118622e-08],
      [0.0067932090287, 0.72373676343, 0.063813937615, 0.19964630935, 0.0060097805781],
      [0.0016041312374, 0.092633612238, 0.87664320501, 0.0074495728592, 0.021669478652],
      [0.0024015425388, 0.0018613508817, 3.2644957252e-05, 0.99570445379, 7.8294455921e-09],
      [0.074971560212, 0.28245453772, 0.14914874945, 0.39097167926, 0.10245347336]
    ],
    [
      [0.81017297223, 0.0073342504283, 4.0713044755e-05, 0.18245199646, 6.7836243865e-08],
      [0.0059444127317, 0.72982631666, 0.064727126151, 0.1887995142, 0.010702630254],
      [0.0013672979573, 0.091276370186, 0.86294793741, 0.0068692205653, 0.037539173878],
      [0.0022315491967, 0.0020003739478, 3.5171717625e-05, 0.99573289032, 1.4813776299e-08],
      [0.062317914675, 0.27116644408, 0.1436495406, 0.35087440993, 0.17199169072]
    ],
    [
      [0.82286589178, 0.007048346679, 4.2379998088e-05, 0.17004328022, 1.0131902164e-07],
      [0.0059262808973, 0.72612520826, 0.069612067224, 0.18182193508, 0.016514508543],
      [0.001254057217, 0.083412960595, 0.85593197396, 0.0060784748819, 0.053322533345],
      [0.00229444007, 0.0020486016977, 3.9015882273e-05, 0.99561791877, 2.3578462513e-08],
      [0.057208892956, 0.24704884707, 0.14169504062, 0.31029281308, 0.24375440627]
    ],
    [
      [0.8520363887, 0.005693943717, 3.2752436932e-05, 0.14223687318, 4.1971375479e-08],
      [0.0077045272098, 0.7279696311, 0.066856201916, 0.18896633829, 0.0085033014867],
      [0.0017339166709, 0.089045060306, 0.87328626212, 0.0067279044218, 0.02920685648],
      [0.0028857058118, 0.0019896847055, 3.6251099973e-05, 0.99508834664, 1.1742883888e-08],
      [0.082016597211, 0.27360008433, 0.15017516937, 0.3554505848, 0.13875756429]
    ],
    [
      [0.83299895266, 0.0073107273021, 3.8826934977e-05, 0.15965139918, 9.3918093856e-08],
      [0.0062234349558, 0.74578662268, 0.063309511635, 0.16948200371, 0.015198427018],
      [0.0014366266407, 0.093663325056, 0.84522406725, 0.0061859819068, 0.053489999148],
      [0.0025958883213, 0.0022727563705, 3.8232118115e-05, 0.99509309981, 2.3376985806e-08],
      [0.062652666317, 0.26603544423, 0.13481350708, 0.30240781093, 0.23409057144]
    ],
    [
      [0.84527337479, 0.0085351054157, 4.4587991637e-05, 0.14614684774, 8.4055995858e-08],
      [0.0055597328335, 0.77848542693, 0.065023478666, 0.13876472954, 0.012166632032],
      [0.0012634835222, 0.096282035822, 0.85529609159, 0.0049840501574, 0.042174338907],
      [0.002823660886, 0.0028895935449, 4.7813232193e-05, 0.99423890955, 2.278467735e-08],
      [0.061739080504, 0.30596839312, 0.15254449223, 0.27288918083, 0.20685885332]
    ],
    [
      [0.85600894107, 0.0057951716515, 3.1168317715e-05, 0.13816465444, 6.4523821449e-08],
      [0.0080356479642, 0.73406401533, 0.06304562575, 0.18190103361, 0.012953677348],
      [0.0018758335053, 0.09313590246, 0.85215325461, 0.0067194038319, 0.046115605595],
      [0.0031334143567, 0.0020889547859, 3.5586207929e-05, 0.99474202603, 1.8622261631e-08],
      [0.0807292296, 0.26142176917, 0.13413371219, 0.32398650993, 0.19972877911]
    ],
    [
      [0.86949572783, 0.0052743611665, 3.2731304392e-05, 0.12519709167, 8.8031735475e-08],
      [0.0085559632022, 0.72231883849, 0.071637589999, 0.17836481576, 0.019122792543],
      [0.0017579411272, 0.080740277756, 0.85177856568, 0.005799384878, 0.059923830556],
      [0.0033984630431, 0.002096002172, 4.1199182389e-05, 0.99446430759, 2.8009705403e-08],
      [0.077760213897, 0.23222362632, 0.13750792133, 0.28668424931, 0.26582398916]
    ],
    [
      [0.79225181775, 0.007357718394, 4.4152117916e-05, 0.20034628042, 3.1322894768e-08],
      [0.0058040722161, 0.717546508, 0.068780287838, 0.20302639979, 0.0048427321556],
      [0.0012870761098, 0.086460565784, 0.88873082025, 0.0071256368669, 0.016395900986],
      [0.002032901066, 0.0018336375715, 3.4852021896e-05, 0.99609860309, 6.2500332263e-09],
      [0.06493812658, 0.28488363206, 0.16325643691, 0.40308950719, 0.08383229726]
    ],
    [
      [0.83689342758, 0.0045408068499, 3.3958050857e-05, 0.15853176974, 3.7775643449e-08],
      [0.0087776986441, 0.66313856188, 0.07909047512, 0.24026171286, 0.0087315514871],
      [0.001708673372, 0.070077287841, 0.89487244719, 0.0074013187906, 0.025940272803],
      [0.0025925594643, 0.001427362996, 3.3810674049e-05, 0.99594625736, 9.5075132845e-09],
      [0.083739107684, 0.22348098634, 0.15944813194, 0.40541072344, 0.12792105059]
    ],
    [
      [0.8693641946, 0.0046289191367, 2.1973923695e-05, 0.12598488642, 2.5915428363e-08],
      [0.010178962597, 0.72340141435, 0.054957727789, 0.20503067936, 0.006431215907],
      [0.0027358042204, 0.10586118662, 0.85632886079, 0.0087270811091, 0.026347067263],
      [0.0035332996784, 0.0018362901059, 2.7610200957e-05, 0.99460279178, 8.2312225123e-09],
      [0.10860402152, 0.27416717919, 0.12428543937, 0.38782430027, 0.10511905965]
    ],
    [
      [0.82633483948, 0.0051218498884, 2.7326411041e-05, 0.16851596417, 2.0057259605e-08],
      [0.0084749498897, 0.69155647669, 0.058989729266, 0.2366826351, 0.0042962090592],
      [0.0021673965711, 0.096196368001, 0.8752999243, 0.0095869447956, 0.016749366332],
      [0.0025540174846, 0.0015222994134, 2.5725202752e-05, 0.99589795313, 4.7730040247e-09],
      [0.089987330892, 0.2609901319, 0.13294007671, 0.44602125865, 0.070061201852]
    ],
    [
      [0.8102802573, 0.0057834445568, 2.6708619774e-05, 0.18390956355, 2.5980571738e-08],
      [0.0074780501638, 0.70282466123, 0.051943790024, 0.23273923369, 0.0050142648966],
      [0.0021283806914, 0.1089065151, 0.8567163814, 0.010490520446, 0.021758202359],
      [0.0022911875944, 0.0015746408945, 2.303279175e-05, 0.99611113306, 5.6635381954e-09],
      [0.080839330962, 0.27019909851, 0.11915289612, 0.4465244816, 0.083284192802]
    ],
    [
      [0.82978334603, 0.0064031931953, 3.9558169855e-05, 0.1637738419, 6.0708937547e-08],
      [0.0068542034946, 0.72028386978, 0.070932876837, 0.19112597058, 0.010803079314],
      [0.0014534261864, 0.082867121831, 0.87431858394, 0.0064063624183, 0.03495450562],
      [0.0025339747653, 0.0019393705277, 3.7949958549e-05, 0.99548869003, 1.4722167121e-08],
      [0.070032399237, 0.26038390536, 0.15344788271, 0.34635236245, 0.16978345024]
    ],
    [
      [0.83246964495, 0.0074679742429, 4.2437567916e-05, 0.16001985234, 9.0894246789e-08],
      [0.0058807081745, 0.74652948268, 0.067515278727, 0.16572192827, 0.014352602145],
      [0.0012836344606, 0.088306928954, 0.85686320826, 0.0057133609045, 0.047832867419],
      [0.0024951810185, 0.0023036674596, 4.1465080249e-05, 0.99515966399, 2.2449796801e-08],
      [0.060113840951, 0.26890914137, 0.14568237857, 0.29983375236, 0.22546088675]
    ],
    [
      [0.85214727536, 0.0058089409093, 2.5144851599e-05, 0.14201858194, 5.6938718786e-08],
      [0.0080327489031, 0.74097297399, 0.051229655388, 0.18825254453, 0.011512077189],
      [0.002234851358, 0.11203911926, 0.82856559363, 0.0082920130059, 0.048868422743],
      [0.0030327887445, 0.0020414806861, 2.7990022062e-05, 0.99489772453, 1.6021598739e-08],
      [0.083495375425, 0.27294377614, 0.11278581041, 0.34668832413, 0.18408671389]
    ],
    [
      [0.81698888126, 0.0052094940795, 2.039354689e-05, 0.17778119765, 3.3464941894e-08],
      [0.0082703964945, 0.69486322417, 0.043443589115, 0.24634977881, 0.0070730114045],
      [0.002701323551, 0.12330326473, 0.82601942872, 0.012742392839, 0.03523359016],
      [0.0023937215478, 0.0014670786081, 1.8191016906e-05, 0.99612100128, 7.5456782769e-09],
      [0.085445411634, 0.25495695759, 0.09529611266, 0.45178558237, 0.11251593574]
    ],
    [
      [0.77704534064, 0.0066105791455, 2.9834923644e-05, 0.21631419484, 5.044721319e-08],
      [0.0060958512849, 0.6988609608, 0.05016260185, 0.23646318876, 0.0084173973069],
      [0.0017459091592, 0.10830519876, 0.84237648967, 0.010723233662, 0.036849168747],
      [0.0018366662661, 0.0015288548562, 2.1855976672e-05, 0.99661261356, 9.3417118896e-09],
      [0.063194652052, 0.25613934848, 0.11031693627, 0.43459248644, 0.13575657676]
    ],
    [
      [0.82900755326, 0.0055398776195, 2.3900724493e-05, 0.16542861917, 4.9225527924e-08],
      [0.0079807375102, 0.71224695611, 0.049035664077, 0.22071807031, 0.010018571992],
      [0.0023143327686, 0.11211036078, 0.83111102952, 0.010134073486, 0.044330203443],
      [0.0025740138075, 0.0016739560012, 2.2875163409e-05, 0.99572914312, 1.1909335279e-08],
      [0.081247953394, 0.25706085852, 0.10591809378, 0.39854287987, 0.15723021444]
    ],
    [
      [0.80596129771, 0.0046621592952, 2.8594993146e-05, 0.18934790933, 3.8672288837e-08],
      [0.0083565223385, 0.64772371468, 0.063220638676, 0.27221673419, 0.0084823901102],
      [0.0019734308384, 0.08281371454, 0.87445305401, 0.010174857347, 0.030584943269],
      [0.0021841584152, 0.0012300226011, 2.3896416285e-05, 0.9965619144, 8.1693340764e-09],
      [0.078753388171, 0.2159959552, 0.126433448, 0.45513751613, 0.12367969251]
    ],
    [
      [0.74574286713, 0.0083250947491, 3.7468514648e-05, 0.24589443409, 1.355106939e-07],
      [0.0045821400948, 0.70961369718, 0.050809057488, 0.2167659508, 0.018229154446],
      [0.0012427795128, 0.10417603807, 0.80973363137, 0.0093095817928, 0.075537969257],
      [0.0015053906286, 0.0016932796735, 2.4139267877e-05, 0.99677716836, 2.2068620664e-08],
      [0.042865844179, 0.23415008491, 0.10060571906, 0.35866677629, 0.26371157557]
    ],
    [
      [0.84821868251, 0.005181658941, 2.3837424107e-05, 0.14657578471, 3.6415680606e-08],
      [0.0088496292268, 0.71870811101, 0.052883710031, 0.21154225323, 0.0080162965013],
      [0.0024387111502, 0.10776223138, 0.84687506664, 0.0092346513967, 0.033689339439],
      [0.0029829257362, 0.0017701817389, 2.5793514789e-05, 0.99522108905, 9.9605571119e-09],
      [0.09273832581, 0.26751622579, 0.1175378646, 0.39306210812, 0.12914547568]
    ],
    [
      [0.85227839041, 0.0070631902206, 3.8675317206e-05, 0.14061966783, 7.622344352e-08],
      [0.0066398993993, 0.75755686272, 0.066197881898, 0.1566514572, 0.01295389878],
      [0.0014812581489, 0.091799918473, 0.85704902234, 0.0055272044334, 0.044142596608],
      [0.0029975875689, 0.0024941263086, 4.3257270915e-05, 0.9944650073, 2.1550521845e-08],
      [0.069747796388, 0.28148985753, 0.14705457075, 0.29143011736, 0.21027765798]
    ],
    [
      [0.81244177527, 0.0054793168239, 3.3510493749e-05, 0.18204535988, 3.7529819398e-08],
      [0.0075403002532, 0.68291649484, 0.066635819007, 0.23550063087, 0.0074067550227],
      [0.0017107853818, 0.08411411412, 0.88006291366, 0.008457927221, 0.025654259618],
      [0.0022778473986, 0.0015035417891, 2.9125868618e-05, 0.9961894767, 8.2455291342e-09],
      [0.076112086987, 0.24428321526, 0.14258942601, 0.42152110337, 0.11549416838]
    ],
    [
      [0.86962441432, 0.0053420230764, 2.8625456438e-05, 0.12500492186, 1.5287563873e-08],
      [0.0090216018305, 0.74331542178, 0.063607952042, 0.18068400734, 0.0033710169997],
      [0.0021467053817, 0.09608496668, 0.88271795544, 0.0068047968219, 0.012245575678],
      [0.0035435149147, 0.0021295079971, 3.6143722217e-05, 0.99429082849, 4.8793586135e-09],
      [0.10476080515, 0.30604309753, 0.15661522195, 0.37210339219, 0.060477483178]
    ],
    [
      [0.7945062122, 0.0063826839298, 3.1350295898e-05, 0.19907973194, 2.1639248783e-08],
      [0.0065827792822, 0.70569673021, 0.055330880495, 0.22859819246, 0.0037914175486],
      [0.0017800585216, 0.10365222891, 0.86912451314, 0.0097885904724, 0.015654608961],
      [0.0020522804537, 0.001604497311, 2.496229604e-05, 0.99631825558, 4.3554101623e-09],
      [0.073341839922, 0.27887898829, 0.13072196581, 0.45167957959, 0.065377626384]
    ],
    [
      [0.80400349317, 0.006752839018, 4.0719189965e-05, 0.18920289568, 5.2940446619e-08],
      [0.0061419972632, 0.71067247489, 0.068186576349, 0.20619951496, 0.0087994365379],
      [0.0013612627812, 0.085340693119, 0.87630604804, 0.0072318211828, 0.029760174879],
      [0.0021145308625, 0.0017791090317, 3.3980548424e-05, 0.99607236839, 1.1167677112e-08],
      [0.064184255943, 0.26227164358, 0.1507051899, 0.38151345286, 0.14132545771]
    ],
    [
      [0.84935740222, 0.0053093248523, 2.8060085515e-05, 0.145305194, 1.8843135695e-08],
      [0.0088080195684, 0.72096324919, 0.060932105883, 0.20523707915, 0.0040595462042],
      [0.0021790291081, 0.097004960315, 0.87745937356, 0.0080418526498, 0.015314784365],
      [0.0030592192671, 0.0018289304036, 3.0616106661e-05, 0.99508122903, 5.1970649577e-09],
      [0.097782491756, 0.28460220698, 0.14368163555, 0.40454722502, 0.0693864407]
    ],
    [
      [0.7759726799, 0.0096628142143, 4.6891273492e-05, 0.21431756013, 5.448446113e-08],
      [0.0043833015223, 0.75595253224, 0.058601200529, 0.17430505005, 0.0067579156633],
      [0.001111801059, 0.10425905714, 0.86148033835, 0.0069999681609, 0.026148835281],
      [0.0017882537176, 0.0022516935946, 3.4610077884e-05, 0.99592543244, 1.0165463909e-08],
      [0.051755646232, 0.31577437282, 0.14622405472, 0.36396057129, 0.12228535494]
    ],
    [
      [0.8525719586, 0.0056727115642, 3.5655553393e-05, 0.14171955947, 1.1481419229e-07],
      [0.0077691271432, 0.71261608313, 0.071569711486, 0.18517393138, 0.022871146861],
      [0.0015813588465, 0.078895815526, 0.84258860456, 0.0059644436969, 0.070969777371],
      [0.0029748088506, 0.0019929719786, 3.9677242959e-05, 0.99499250963, 3.2296382002e-08],
      [0.067072014535, 0.21777905701, 0.13059387866, 0.28293059603, 0.30162445377]
    ],
    [
      [0.83249369559, 0.0067845273904, 3.6427411118e-05, 0.1606852647, 8.4917972381e-08],
      [0.0066595265989, 0.73469706258, 0.063053991879, 0.18100150313, 0.014587915811],
      [0.0015445276904, 0.092688557856, 0.84751921264, 0.0066465655669, 0.051601136246],
      [0.0026165105814, 0.002108581147, 3.5859342037e-05, 0.9952390278, 2.1130881732e-08],
      [0.066257758695, 0.25917777125, 0.13282033195, 0.31900966618, 0.22273447192]
    ]
  ],
  "expected_outcome": [
    [
      [226.9750473802, 27.0682381535, 19.986941237, 28.9881957122, 38.0062903452, 35.5952877691, 29.1336180382, 27.4174243461, 15.846862462, 34.5700805369, 16.6577319677, 19.1132863959, 18.0839279099, 29.4049610756, 25.4529143545, 12.0140452308, 21.2308213701, 17.4324485955, 20.8530292549, 13.4988904689, 25.3765880984, 12.7724917275, 13.6939136659, 14.4068163311, 7.3674552585, 26.2725813746, 16.9265991692, 12.7289877454, 16.3080358425, 18.8053821479, 13.0921411059, 7.7267480649, 11.2240336068, 16.2991447466, 6.2652281231, 2.684920703, 6.4433988882, 7.5357562856, 12.3322471585, 9.7220756668, 3.2914635671, 5.1122183322, 8.3299895266, 6.7621869984, 12.840134116, 6.0864700948, 19.0140436259, 6.6951474206, 13.9098271136, 25.6163800238, 24.3084077189, 10.7871834984, 5.8272875147, 11.930061855, 26.9606330816, 15.5409068129, 17.4091586185, 17.7311485497, 7.4574286713, 17.8125923328, 10.2273406849, 15.4363937301, 16.522863872, 18.2736428806, 8.8440384249, 35.6730108932, 6.2077814392, 5.9680037102, 10.8224180426],
      [1.7759079347, 0.17184545882, 0.14298158191, 0.1728253779, 0.3325554766, 0.18219171728, 0.16884875629, 0.20242284832, 0.18979379198, 0.24437667851, 0.090919748943, 0.13841400515, 0.078557605233, 0.18867896711, 0.18125211972, 0.094400471617, 0.12902411249, 0.12505701978, 0.12033803401, 0.098672819982, 0.20988994944, 0.088443506313, 0.11662337417, 0.08825349022, 0.060788073202, 0.14675710922, 0.092139565734, 0.070008755333, 0.10215645546, 0.15196793518, 0.078548161461, 0.044947393152, 0.090675197038, 0.087498010188, 0.05246007061, 0.022128294066, 0.058362452459, 0.062165421726, 0.096579629549, 0.08801100514, 0.028193386716, 0.034163662302, 0.073107273021, 0.068280843325, 0.086927574772, 0.036920528166, 0.17658524146, 0.036326454799, 0.074062706188, 0.15877734654, 0.17350333671, 0.083241511538, 0.052275819701, 0.08132517273, 0.17191330463, 0.13221158291, 0.11633743001, 0.1025675045, 0.083250947491, 0.10881483776, 0.084758282647, 0.10410701965, 0.10149843845, 0.14680173039, 0.074281229198, 0.2229916438, 0.077302513714, 0.03970898095, 0.088198856075],
      [0.010144159003, 0.00092426792409, 0.0006913479957, 0.00085152123754, 0.0014700896136, 0.00099457790923, 0.0010065447525, 0.00092461423916, 0.00092817334478, 0.0011592280536, 0.00051844400489, 0.00075993168986, 0.00055444952789, 0.0010846514049, 0.00067595815096, 0.0004574007556, 0.0007046667755, 0.00059748290284, 0.00073993506498, 0.00041528721396, 0.0011591911623, 0.00056245058902, 0.00068195638654, 0.00052154189526, 0.0003734269012, 0.00089107167317, 0.00044919999916, 0.00037282949434, 0.00045039602225, 0.00065444234241, 0.00050328656004, 0.00025833025277, 0.00050647598496, 0.00049957516767, 0.00031627765321, 0.00012717178212, 0.00031370510329, 0.00036811074733, 0.00053476093906, 0.00048855653707, 0.00016951999235, 0.00019651462159, 0.00038826934977, 0.0003567039331, 0.00046752476572, 0.00022911913074, 0.00105965083, 0.00027166440686, 0.00035158277912, 0.00084711874228, 0.00080125859321, 0.00051425620812, 0.00029706297541, 0.00035202792238, 0.00067298704736, 0.00059669847288, 0.00050191521435, 0.00062908984921, 0.00037468514648, 0.00050058590624, 0.00046410380647, 0.00063669938123, 0.00054388367233, 0.00072105680566, 0.00044791108962, 0.0011785235916, 0.00037513018793, 0.00024958887375, 0.00047355634454],
      [49.238891033, 5.7589909443, 2.8693840302, 4.8381265439, 8.6596828722, 6.2215252683, 4.6965253254, 5.3792255146, 4.9624132659, 6.1843816897, 2.2508293881, 3.7475378684, 2.8369593201, 5.4052744403, 4.365155787, 2.8910961591, 3.6394484974, 3.441896283, 4.0258913831, 2.4020207078, 6.4123613627, 2.1385015079, 3.1887795694, 2.504408412, 1.5713825783, 5.5797693705, 2.9808113405, 2.2006301648, 2.5893569885, 3.0419952716, 2.8288069948, 1.2280461819, 2.684784433, 2.6128570087, 1.6819952338, 0.29282359043, 1.4979244689, 1.4017099219, 2.5706379436, 2.1894239575, 0.6801731209, 0.85342123906, 1.5965139918, 1.1691747819, 2.0724698166, 0.87637964167, 4.8083107301, 1.268254158, 2.0157581828, 5.2239948891, 5.5172869064, 2.1290599447, 1.1201389664, 1.9882601472, 5.8667795224, 4.3262838968, 3.4740010025, 4.1656540052, 2.4589443409, 3.0780914788, 1.687436014, 3.4588618378, 2.3750935154, 4.5788338345, 2.0812318524, 6.102818148, 1.7145404811, 0.99203691629, 2.088908441],
