{
  "X": [
    [46, 91, 269, 9],
    [0, 3, 26, 4],
    [44, 34, 81, 6],
    [29, 38, 154, 4],
    [29, 16, 122, 8],
    [154, 206, 459, 30],
    [11, 31, 178, 8],
    [52, 32, 133, 7],
    [31, 38, 240, 7],
    [10, 18, 169, 9],
    [146, 237, 998, 64],
    [232, 417, 1498, 78],
    [29, 33, 70, 6],
    [8, 23, 19, 0],
    [15, 47, 145, 7],
    [15, 13, 159, 4],
    [75, 41, 135, 8],
    [14, 14, 1, 0],
    [20, 25, 209, 11],
    [6, 23, 142, 5],
    [7, 19, 190, 11],
    [41, 150, 692, 42],
    [27, 30, 97, 4],
    [51, 169, 322, 21],
    [107, 425, 731, 63],
    [46, 50, 393, 11],
    [18, 42, 218, 12],
    [9, 19, 152, 11],
    [17, 40, 266, 24],
    [111, 117, 358, 19],
    [39, 66, 142, 13],
    [36, 108, 226, 15],
    [7, 20, 172, 14],
    [4, 13, 54, 0],
    [30, 137, 229, 33],
    [68, 216, 454, 37],
    [77, 291, 453, 51],
    [63, 147, 282, 13],
    [13, 17, 45, 1],
    [54, 123, 204, 12],
    [66, 115, 282, 11],
    [98, 249, 467, 32],
    [89, 234, 384, 24],
    [96, 240, 439, 18],
    [34, 60, 322, 18],
    [131, 233, 337, 31],
    [70, 164, 311, 29],
    [183, 400, 627, 66],
    [112, 248, 658, 42],
    [26, 48, 238, 19],
    [63, 64, 141, 10],
    [16, 37, 239, 8],
    [15, 60, 146, 15],
    [198, 352, 1161, 47],
    [17, 19, 95, 10],
    [15, 23, 69, 4],
    [112, 121, 481, 28],
    [66, 113, 411, 16],
    [105, 106, 419, 15],
    [17, 134, 178, 39],
    [433, 966, 2718, 154],
    [67, 109, 308, 17],
    [310, 364, 1089, 98],
    [71, 55, 246, 14]
  ],
  "W": [
    [19, 28, 103, 195, 44, 26],
    [2, 0, 2, 27, 0, 2],
    [9, 31, 42, 56, 9, 18],
    [10, 25, 39, 128, 17, 6],
    [9, 20, 29, 102, 8, 7],
    [23, 93, 253, 377, 58, 45],
    [28, 11, 34, 144, 4, 7],
    [5, 40, 46, 116, 7, 10],
    [17, 20, 41, 193, 25, 20],
    [14, 6, 24, 150, 6, 6],
    [67, 110, 264, 847, 98, 59],
    [99, 139, 437, 1240, 209, 101],
    [4, 32, 32, 54, 9, 7],
    [2, 4, 25, 14, 2, 3],
    [7, 3, 68, 99, 22, 15],
    [8, 9, 28, 133, 9, 4],
    [15, 56, 53, 112, 12, 11],
    [0, 10, 13, 0, 1, 5],
    [27, 12, 28, 180, 9, 9],
    [8, 8, 23, 128, 6, 3],
    [15, 6, 29, 154, 12, 11],
    [61, 41, 193, 555, 46, 29],
    [9, 15, 36, 86, 7, 5],
    [23, 32, 188, 244, 39, 37],
    [39, 74, 432, 590, 137, 54],
    [26, 20, 70, 350, 17, 17],
    [15, 15, 63, 170, 15, 12],
    [20, 6, 18, 142, 0, 5],
    [30, 7, 47, 243, 10, 10],
    [21, 61, 162, 306, 32, 23],
    [11, 32, 84, 104, 15, 14],
    [12, 40, 107, 176, 31, 19],
    [21, 1, 24, 152, 3, 12],
    [5, 3, 13, 46, 3, 1],
    [21, 20, 136, 198, 33, 21],
    [56, 36, 200, 394, 55, 34],
    [52, 57, 265, 387, 58, 53],
    [23, 51, 176, 206, 27, 22],
    [3, 5, 28, 32, 4, 4],
    [15, 26, 171, 138, 24, 19],
    [24, 38, 147, 227, 17, 21],
    [29, 73, 295, 367, 46, 36],
    [25, 72, 253, 302, 45, 34],
    [19, 62, 310, 328, 41, 33],
    [26, 13, 89, 267, 24, 15],
    [17, 72, 274, 262, 63, 44],
    [18, 47, 182, 244, 47, 36],
    [39, 115, 440, 495, 122, 65],
    [37, 74, 272, 541, 85, 51],
    [23, 9, 55, 209, 17, 18],
    [9, 32, 82, 123, 15, 17],
    [27, 9, 42, 206, 8, 8],
    [16, 11, 65, 118, 14, 12],
    [55, 129, 434, 968, 105, 67],
    [8, 24, 17, 85, 3, 4],
    [3, 11, 37, 50, 8, 2],
    [21, 56, 190, 397, 34, 44],
    [26, 32, 135, 352, 39, 22],
    [24, 61, 153, 351, 26, 30],
    [3, 11, 158, 157, 27, 12],
    [189, 297, 1068, 2261, 296, 160],
    [14, 49, 120, 282, 22, 14],
    [83, 177, 457, 960, 67, 117],
    [12, 63, 67, 225, 9, 10]
  ],
  "method": "mult",
  "cond_prob": [
    [
      [0.00063075633638, 0.010626222205, 0.92727658842, 0.061466433043],
      [0.88804951615, 0.049414525035, 0.060839771401, 0.0016961874179],
      [0.095817728738, 0.67703990294, 0.20655981296, 0.020582555356],
      [0.009020401596, 0.0050881049541, 0.97170471188, 0.014186781565],
      [0.017088828449, 0.45346440777, 0.51016660199, 0.019280161793],
      [0.41708497604, 0.15964990071, 0.33741328941, 0.085851833835]
    ],
    [
      [0, 0.01548992415, 0.67702189387, 0.30748818198],
      [0, 0.59023128697, 0.34697311166, 0.06279560137],
      [0, 0.86260349256, 0.082810683426, 0.054585824014],
      [0, 0.0094133561789, 0.90572285635, 0.084863787475],
      [0, 0.6569551421, 0.27496068788, 0.068084170016],
      [0, 0.27019448588, 0.25880049579, 0.47100501833]
    ],
    [
      [0.00073552129317, 0.01040373276, 0.89096575587, 0.09789499008],
      [0.90499444777, 0.042141798436, 0.050533311937, 0.0023304418617],
      [0.11046671239, 0.66234977927, 0.19499277547, 0.032190732869],
      [0.010818734642, 0.0051230147502, 0.96098253793, 0.023075712675],
      [0.020205518211, 0.4535775093, 0.49528369676, 0.030933275725],
      [0.4414737821, 0.14197670797, 0.29232084793, 0.124228662]
    ],
    [
      [0.00065358939331, 0.011894170065, 0.92530644211, 0.062145798427],
      [0.88779946753, 0.052795418979, 0.057782223829, 0.0016228896635],
      [0.091021054702, 0.70163984357, 0.1883901944, 0.018948907332],
      [0.0093557472174, 0.005699416482, 0.97067804401, 0.014266792286],
      [0.016754883504, 0.48384275983, 0.48106609084, 0.018336265829],
      [0.41898628726, 0.17279959105, 0.32428447394, 0.083929647759]
    ],
    [
      [0.0007304934148, 0.0065557106452, 0.8534471353, 0.13926666064],
      [0.92078058981, 0.026831885517, 0.04904649906, 0.00334102561],
      [0.14389644845, 0.55091427526, 0.24530393928, 0.059885337005],
      [0.011113800663, 0.0033383431842, 0.95165523578, 0.033892620371],
      [0.02428445706, 0.34765080376, 0.5749079407, 0.053156798474],
      [0.44640594288, 0.090675767515, 0.28398150018, 0.17893678942]
    ],
    [
      [0.00080777042386, 0.011420095256, 0.87374369515, 0.11402843917],
      [0.90813986033, 0.042908919788, 0.046400341494, 0.0025508783836],
      [0.11341351306, 0.67083039609, 0.18034448311, 0.035411607735],
      [0.012046071294, 0.0057030472245, 0.95473725744, 0.027513624043],
      [0.021348438422, 0.4742827147, 0.46939321423, 0.034975632649],
      [0.45021296394, 0.14526598719, 0.26968937146, 0.13483167741]
    ],
    [
      [0.00041449879892, 0.012684984956, 0.89171316134, 0.095187354908],
      [0.8341209151, 0.081569840952, 0.080698707458, 0.0036105364886],
      [0.056626545825, 0.7371000972, 0.17780581856, 0.028467538409],
      [0.0061227484408, 0.0062706811939, 0.96500891379, 0.022597656574],
      [0.010413047074, 0.50771218284, 0.45430368412, 0.027571085958],
      [0.30016172654, 0.20642404431, 0.3497476198, 0.14366660935]
    ],
    [
      [0.00075294492408, 0.0094103368482, 0.87864837265, 0.11118834558],
      [0.91049744853, 0.037572086009, 0.04932056017, 0.0026099052952],
      [0.12009621176, 0.63607449008, 0.20497970793, 0.03884959023],
      [0.011195544447, 0.0046844383227, 0.95761831735, 0.026501699877],
      [0.021649918258, 0.42927222494, 0.5122934435, 0.036784413308],
      [0.44690384942, 0.1271399404, 0.28625994748, 0.1396962627]
    ],
    [
      [0.0006354098083, 0.0096250128118, 0.92615740825, 0.063582169126],
      [0.89382149702, 0.044322818966, 0.060122786966, 0.0017328970511],
      [0.10253199609, 0.65603505309, 0.21887276533, 0.022560185486],
      [0.0090976551056, 0.0046133798701, 0.97162261306, 0.01466635196],
      [0.017942579064, 0.43040592194, 0.53090022335, 0.020751275646],
      [0.42506636526, 0.145950773, 0.33945114566, 0.08953171608]
    ],
    [
      [0.00054599330557, 0.0092752519645, 0.86067928145, 0.12949947328],
      [0.88797972243, 0.046926610748, 0.061241648167, 0.0038520186577],
      [0.090327914396, 0.65575548665, 0.20723467708, 0.046681921871],
      [0.008276004584, 0.0047034850748, 0.95555130654, 0.0314692038],
      [0.015906624814, 0.43249369014, 0.50820977323, 0.043389911813],
      [0.3689033499, 0.13941954378, 0.31127207102, 0.18040503529]
    ],
    [
      [0.00059533803966, 0.010714882194, 0.8548779389, 0.13381184087],
      [0.88286406172, 0.053167167904, 0.060009598322, 0.0039591720546],
      [0.0897804524, 0.6758413745, 0.18969166667, 0.044686506426],
      [0.0090537932621, 0.0054568373978, 0.95252499597, 0.03296437337],
      [0.016369701211, 0.46284796331, 0.47803441443, 0.042747921052],
      [0.37257917711, 0.15310806539, 0.29663153872, 0.17768121878]
    ],
    [
      [0.00069400014663, 0.011265741049, 0.88133069909, 0.10670955971],
      [0.89468762423, 0.048673742584, 0.053887210838, 0.0027514223482],
      [0.10007051346, 0.67876854098, 0.18706328945, 0.034097656105],
      [0.0103010065, 0.0055998740527, 0.9584262482, 0.025672871246],
      [0.018484173164, 0.47102280788, 0.4774530761, 0.033039942861],
      [0.41632022088, 0.15438151944, 0.29340831903, 0.13588994065]
    ],
    [
      [0.00051231714086, 0.012257251013, 0.84164111236, 0.14558931948],
      [0.86253563297, 0.06776002366, 0.065018437979, 0.0046859053881],
      [0.070419455087, 0.7177688489, 0.16829040604, 0.043521289977],
      [0.0078860341837, 0.0063159107481, 0.95013813624, 0.035659918825],
      [0.013233009079, 0.50427199419, 0.43952176022, 0.042973236514],
      [0.32880027774, 0.17883354204, 0.29453568348, 0.19783049674]
    ],
    [
      [0.00089592817148, 0.017488667105, 0.98161540472, 0],
      [0.90760793904, 0.052396718387, 0.039995342573, 0],
      [0.091878803737, 0.76637534577, 0.14174585049, 0],
      [0.012170966597, 0.0079441466004, 0.9798848868, 0],
      [0.018471845884, 0.5784747892, 0.40305336492, 0],
      [0.50346586875, 0.21426706394, 0.28226706731, 0]
    ],
    [
      [0.00055325218336, 0.0082703133232, 0.90851541702, 0.082661017478],
      [0.88978196412, 0.042332609046, 0.06538979293, 0.0024956339042],
      [0.10006796098, 0.62780108498, 0.23943096006, 0.032699993981],
      [0.0080498931331, 0.0040273974104, 0.96860626052, 0.019316448939],
      [0.016779708814, 0.39602190669, 0.55831199435, 0.028886390143],
      [0.3948356128, 0.13207504824, 0.35027555571, 0.12281378326]
    ],
    [
      [0.00069433007706, 0.0057136163595, 0.92504568596, 0.068546367606],
      [0.92016525019, 0.023856209003, 0.054299835053, 0.001678705757],
      [0.15016450573, 0.52618086467, 0.29137256867, 0.032282060933],
      [0.0099544248464, 0.0027409016422, 0.97158029347, 0.015724380042],
      [0.023661288558, 0.31066930495, 0.63884940209, 0.026820004402],
      [0.47495485559, 0.08733990474, 0.34041614739, 0.097289092285]
    ],
    [
      [0.00085760343927, 0.010538797825, 0.87929716015, 0.10930643858],
      [0.9164856658, 0.037368758085, 0.043860029174, 0.0022855469381],
      [0.12538528941, 0.65132355348, 0.18819406986, 0.035097087252],
      [0.012720651554, 0.0052338079074, 0.95599650611, 0.026049034429],
      [0.023406621815, 0.45541780572, 0.48677713478, 0.034398437684],
      [0.47291347375, 0.13249423081, 0.26682520736, 0.12776708808]
    ],
    [
      [0.0032295909691, 0.06463709332, 0.93213331571, 0],
      [0.93178363106, 0.058358743354, 0.0098576255815, 0],
      [0.097980544539, 0.86676646868, 0.035252986779, 0],
      [0.042959101705, 0.028757350621, 0.92828354767, 0],
      [0.025576776027, 0.83822880744, 0.13619441654, 0],
      [0.63100189423, 0.28342595117, 0.085572154596, 0]
    ],
    [
      [0.00069352960662, 0.010706375705, 0.8713212607, 0.11727883398],
      [0.9012540727, 0.044663463644, 0.051193159605, 0.0028893040551],
      [0.10222265282, 0.67222383535, 0.18766124355, 0.037892268289],
      [0.010386655825, 0.0053662431198, 0.95598983849, 0.028257262569],
      [0.018847429385, 0.46392814681, 0.48044147028, 0.036782953529],
      [0.41966281279, 0.14590194249, 0.2862901106, 0.14814513412]
    ],
    [
      [0.00032844819593, 0.012926079263, 0.89057454829, 0.096170924247],
      [0.80206484739, 0.098403349843, 0.095246419782, 0.0042853829805],
      [0.044573313614, 0.75128224875, 0.17578774523, 0.028356692411],
      [0.004863299289, 0.0064031365436, 0.96598051766, 0.022753046509],
      [0.0081722588312, 0.51548091327, 0.44891070347, 0.027436124423],
      [0.25424317745, 0.22288255289, 0.36905630578, 0.15381796388]
    ],
    [
      [0.00029598102097, 0.0069781505514, 0.8652143635, 0.12751150493],
      [0.82485436251, 0.06139366544, 0.10713891448, 0.0066130575676],
      [0.061676710622, 0.61740187232, 0.26285105925, 0.058070357814],
      [0.0044874439625, 0.0035402030568, 0.96092233369, 0.03105001929],
      [0.0097300832138, 0.36525710292, 0.57671623907, 0.048296574789],
      [0.25027469049, 0.13189484291, 0.39422302544, 0.22360744116]
    ],
    [
      [0.00034703807143, 0.0098287158186, 0.86275686889, 0.12706737722],
      [0.8208591932, 0.077276779927, 0.095913644417, 0.0059503824541],
      [0.057744557851, 0.68449632843, 0.21100599881, 0.046753114912],
      [0.0052627444232, 0.0049909570754, 0.95855981778, 0.031186480719],
      [0.0099679459661, 0.44387477538, 0.50379051136, 0.042366767289],
      [0.26359542932, 0.17000659028, 0.36215762125, 0.20424035915]
    ],
    [
      [0.0009721268599, 0.012434544129, 0.89884560637, 0.087747722637],
      [0.92202595869, 0.037936135336, 0.03847112669, 0.0015667792818],
      [0.12534364263, 0.68121050255, 0.16880049809, 0.024645356731],
      [0.014156567046, 0.0060604020327, 0.95937177398, 0.020411256943],
      [0.024322179013, 0.49512380623, 0.45538205522, 0.025171959536],
      [0.50546953977, 0.14565729428, 0.25327892666, 0.095594239288]
    ],
    [
      [0.00052512146756, 0.012502660575, 0.88233380933, 0.10463840863],
      [0.86082319573, 0.068013619833, 0.067778583844, 0.0033846005917],
      [0.07208684426, 0.7183865282, 0.17780609569, 0.031720531843],
      [0.0078041838628, 0.0062217686509, 0.96083894671, 0.02513510078],
      [0.013353714325, 0.49995533977, 0.45584047779, 0.030850468117],
      [0.34596962203, 0.18745180159, 0.32072746699, 0.1458511094]
    ],
    [
      [0.00051903923834, 0.01307987619, 0.8396247395, 0.14677634507],
      [0.85736373318, 0.072226274073, 0.065577669286, 0.0048323234572],
      [0.068799893396, 0.72441746878, 0.16370822515, 0.043074412675],
      [0.0080034699087, 0.0067541083383, 0.94858523176, 0.036657189989],
      [0.013030806652, 0.51554008111, 0.42862223319, 0.042806879043],
      [0.32560071529, 0.18723653555, 0.29186898581, 0.19529376335]
    ],
    [
      [0.00089283255586, 0.0096015435534, 0.91858522549, 0.070920398405],
      [0.92208970126, 0.032532256876, 0.043951590982, 0.0014264508776],
      [0.13870404505, 0.6277041086, 0.20931219559, 0.024279650762],
      [0.012817653503, 0.0046147375705, 0.96612909589, 0.016438513032],
      [0.025121877789, 0.42667050196, 0.52509734627, 0.023110273978],
      [0.50609006911, 0.12339004956, 0.28588041382, 0.084639467515]
    ],
    [
      [0.00041625882723, 0.0082076313888, 0.8766729906, 0.11470311919],
      [0.85770100221, 0.05498788003, 0.0827682022, 0.0045429155586],
      [0.076985752849, 0.63924147927, 0.23719968665, 0.046573081229],
      [0.006234070503, 0.0041147950692, 0.96200548773, 0.027645646696],
      [0.012805831351, 0.39915833988, 0.54729377162, 0.040742057155],
      [0.31504523102, 0.14032905433, 0.36234879246, 0.18227692218]
    ],
    [
      [0.00055456141368, 0.014860234116, 0.82111620388, 0.16346900059],
      [0.86790561697, 0.071757988448, 0.05570079316, 0.0046356014219],
      [0.064853898665, 0.75392214699, 0.13961149103, 0.041612463314],
      [0.0086907353338, 0.0077893073491, 0.94246003267, 0.041059924651],
      [0.012862901316, 0.55762818544, 0.3859154179, 0.043593495339],
      [0.33436680424, 0.19923856492, 0.26394500153, 0.20244962931]
    ],
    [
      [0.00061505102121, 0.010774639621, 0.7978962625, 0.19071404686],
      [0.89267727005, 0.049933417181, 0.052155327147, 0.0052339856247],
      [0.09114713427, 0.67399505384, 0.17283631324, 0.062021498652],
      [0.0098418012221, 0.0057702442835, 0.93520876233, 0.049179192162],
      [0.017041613304, 0.4731470389, 0.44873419604, 0.061077151761],
      [0.36470712886, 0.14331855078, 0.25654514678, 0.23542917358]
    ],
    [
      [0.00091711158023, 0.010376148833, 0.88326171233, 0.10544502726],
      [0.9214635103, 0.034707856941, 0.041732295116, 0.0020963376468],
      [0.13497218508, 0.63981909907, 0.19093756894, 0.0342711469],
      [0.01354903595, 0.0051330750927, 0.95614559294, 0.025172296013],
      [0.025186555457, 0.44833353567, 0.49291299384, 0.033566915037],
      [0.49171238346, 0.12679608781, 0.26170475458, 0.11978677415]
    ],
    [
      [0.00055372987616, 0.010304244526, 0.84646813835, 0.14267388725],
      [0.87928893812, 0.053949880946, 0.06234989132, 0.0044112896104],
      [0.085998392464, 0.67303006182, 0.19229835293, 0.048673192783],
      [0.0084881459419, 0.0052884064404, 0.95105555077, 0.035167896846],
      [0.015541902783, 0.45644873643, 0.48180298127, 0.046206379523],
      [0.35636136879, 0.15064157794, 0.29894483618, 0.19405221709]
    ],
    [
      [0.00041336227585, 0.012855888126, 0.86791710743, 0.11881364217],
      [0.82869490355, 0.085360068013, 0.081269506473, 0.0046755219605],
      [0.056294521147, 0.73475097528, 0.17330800971, 0.035646493869],
      [0.0062289169924, 0.0064864572969, 0.958416377, 0.028868248708],
      [0.010421454575, 0.51065287506, 0.44427425339, 0.034651416972],
      [0.28801616526, 0.20378002929, 0.33306689226, 0.1751369132]
    ],
    [
      [0.000462209095, 0.010495641574, 0.8247692994, 0.16427284993],
      [0.86780263196, 0.060154743714, 0.066493607254, 0.005549017072],
      [0.07110651967, 0.68945967095, 0.18436980113, 0.055064008248],
      [0.0072390244887, 0.0054983195218, 0.9459424488, 0.041320207193],
      [0.012885014907, 0.46846290409, 0.46590715515, 0.052744925855],
      [0.31491878889, 0.15786002183, 0.29845236478, 0.2287688245]
    ],
    [
      [0.00059430139065, 0.014886114298, 0.98451958431, 0],
      [0.88332637089, 0.060812286429, 0.055861342686, 0],
      [0.0700018943, 0.76463892365, 0.16535918205, 0],
      [0.0081182044028, 0.0067935084957, 0.9850882871, 0],
      [0.013295397266, 0.54356642487, 0.44313817786, 0],
      [0.42212217946, 0.22497224901, 0.35290557153, 0]
    ],
    [
      [0.00046700074908, 0.013565790928, 0.76817387076, 0.21779333756],
      [0.84658246664, 0.080988257287, 0.064711938106, 0.0077173379704],
      [0.060213217345, 0.73269499537, 0.14520307364, 0.061888713639],
      [0.0076906539692, 0.0074798805684, 0.92693912267, 0.057890342791],
      [0.011692544141, 0.53460929143, 0.39056200088, 0.063136163547],
      [0.28193494467, 0.18580785182, 0.25488700901, 0.2773701945]
    ],
    [
      [0.00068680229565, 0.015322644713, 0.84116129084, 0.14282926215],
      [0.88048707089, 0.065256450835, 0.050634821628, 0.0036216566484],
      [0.079399697919, 0.7412187468, 0.14288052421, 0.036501031073],
      [0.01054339591, 0.0078764866814, 0.94610423581, 0.035475881599],
      [0.015777799536, 0.55337239377, 0.39277189727, 0.03807790942],
      [0.38103786646, 0.19352895782, 0.25777096465, 0.16766221107]
    ],
    [
      [0.00052396851808, 0.015844984551, 0.81397732559, 0.16965372134],
      [0.84705918032, 0.085444199964, 0.062046901434, 0.0054497182804],
      [0.060068177793, 0.75973756739, 0.13716863498, 0.043025619837],
      [0.0082591562223, 0.0083636144496, 0.9400927424, 0.04328448693],
      [0.01192573763, 0.56664664915, 0.37659871473, 0.044828898483],
      [0.30907357277, 0.21312620993, 0.26570058762, 0.21209962967]
    ],
    [
      [0.00056606926065, 0.012077949628, 0.90868678063, 0.078669200481],
      [0.8703185619, 0.061736064096, 0.065556942341, 0.0023884316603],
      [0.079369506583, 0.7092901383, 0.18699556088, 0.024344794237],
      [0.0082243284558, 0.0058758949783, 0.96744040654, 0.01845937003],
      [0.014539142609, 0.4879850772, 0.47406601842, 0.023409761779],
      [0.37503545885, 0.18226177096, 0.33231414788, 0.11038862231]
    ],
    [
      [0.00093521031574, 0.0087848728854, 0.95080742049, 0.039472496312],
      [0.93276562559, 0.026620029516, 0.039927459373, 0.00068688551857],
      [0.1526712842, 0.61096373044, 0.22258827024, 0.013776715112],
      [0.013063381135, 0.0041043938689, 0.97415604507, 0.0086761799222],
      [0.027068866418, 0.40656350361, 0.55345360419, 0.012914025777],
      [0.54739743329, 0.1132437188, 0.29185644586, 0.047502402045]
    ],
    [
      [0.00071917741507, 0.010448745657, 0.90072843264, 0.088103644286],
      [0.90193363603, 0.043291354161, 0.052609861106, 0.0021651487076],
      [0.10883839215, 0.66204549702, 0.1997359433, 0.029380167527],
      [0.010499089228, 0.0051074113417, 0.96364451932, 0.020748980112],
      [0.019725616765, 0.4508471996, 0.50146098465, 0.027966198976],
      [0.439037321, 0.14489313906, 0.30242568115, 0.11364385879]
    ],
    [
      [0.00077411121214, 0.012020465764, 0.91434781422, 0.0728576088],
      [0.90205573661, 0.046426772404, 0.049846659371, 0.001670831619],
      [0.10582765142, 0.68878270352, 0.1834179887, 0.021971656364],
      [0.011161978502, 0.0058035196955, 0.96607223495, 0.016962266854],
      [0.019792258839, 0.4837806192, 0.47485083383, 0.02157628814],
      [0.45382008657, 0.16032780727, 0.29550465328, 0.090347452874]
    ],
    [
      [0.0005761785892, 0.012177491697, 0.87015599363, 0.11709033608],
      [0.87271544578, 0.061573679092, 0.062185787142, 0.0035250879845],
      [0.079947517474, 0.70664908074, 0.17747161851, 0.035931783271],
      [0.0086465775957, 0.0061195681853, 0.95680333656, 0.02843051766],
      [0.014867566608, 0.49367270538, 0.45639478394, 0.035064944078],
      [0.36377706072, 0.17537216242, 0.30409168187, 0.15675909499]
    ],
    [
      [0.00057356081771, 0.013565160334, 0.88119994143, 0.10466133742],
      [0.86582310731, 0.068327975265, 0.06271183588, 0.0031370815485],
      [0.073770001045, 0.7299328975, 0.16653871077, 0.029758390684],
      [0.0085237333754, 0.0067506787593, 0.95957034168, 0.025155246186],
      [0.01398444655, 0.51976950093, 0.43664207272, 0.029603979803],
      [0.36018573333, 0.1942872244, 0.30616539244, 0.13936164983]
    ],
    [
      [0.0006248044237, 0.011499495835, 0.9161921291, 0.071683570639],
      [0.88277934002, 0.054194647105, 0.061015135939, 0.0020108769406],
      [0.090053608715, 0.69305039071, 0.19405253113, 0.022843469441],
      [0.00901572607, 0.0055565844616, 0.96869554212, 0.016732147352],
      [0.016380676552, 0.4736260749, 0.48818701201, 0.021806236539],
      [0.40418261057, 0.16961930642, 0.32789459521, 0.098303487809]
    ],
    [
      [0.00074443993056, 0.0086562763068, 0.8709879888, 0.11961129497],
      [0.9133013405, 0.034646813895, 0.049211281541, 0.0028405640663],
      [0.12581463794, 0.61398353399, 0.21569801074, 0.044503817334],
      [0.011148569538, 0.0043398247888, 0.9556060527, 0.028905552974],
      [0.022243900673, 0.40784454035, 0.52854301586, 0.041368543116],
      [0.44622038463, 0.11729980534, 0.28585944798, 0.15062036206]
    ],
    [
      [0.00081452913939, 0.012305495773, 0.85328043656, 0.13359953853],
      [0.90654382399, 0.045718437232, 0.044783641488, 0.0029540972895],
      [0.10845530853, 0.68528485733, 0.16692936927, 0.039330464862],
      [0.012357722101, 0.0062518178992, 0.94860573937, 0.032784720626],
      [0.020864915486, 0.49525507362, 0.44417420355, 0.039705807336],
      [0.44012653516, 0.15166854899, 0.25511144971, 0.15309346614]
    ],
    [
      [0.00059234951041, 0.01191417281, 0.84147255242, 0.14602092526],
      [0.87834891036, 0.058763147832, 0.058606179219, 0.0042817625931],
      [0.082981183516, 0.69875523625, 0.17308491927, 0.045178660956],
      [0.0091115490093, 0.0061366608956, 0.9484509035, 0.036300886594],
      [0.015540396678, 0.4915306734, 0.44851638843, 0.044412541493],
      [0.36168548493, 0.16571839144, 0.28376624043, 0.1888298832]
    ],
    [
      [0.00069176154115, 0.0123991439, 0.8276435604, 0.15926553416],
      [0.8918587997, 0.053520113397, 0.050522516355, 0.0040985705525],
      [0.092936755936, 0.69612129803, 0.16356358214, 0.047378363892],
      [0.010753663115, 0.0064548294203, 0.94269233081, 0.040099176651],
      [0.017811988704, 0.50123942861, 0.43330989371, 0.047638688981],
      [0.39042479338, 0.15979559037, 0.25899305571, 0.19078656054]
    ],
    [
      [0.0006183895599, 0.01179264104, 0.8670047928, 0.1205841766],
      [0.88199857086, 0.05617545518, 0.058403257912, 0.0034227160457],
      [0.087195910969, 0.69539512697, 0.17978283787, 0.037626124193],
      [0.0093005549516, 0.0059393105638, 0.95539895304, 0.029361181442],
      [0.016199779431, 0.4853304002, 0.46178833488, 0.036681485495],
      [0.3809454938, 0.16573788494, 0.29580216723, 0.15751445402]
    ],
    [
      [0.00073600482388, 0.010726251082, 0.83229964408, 0.15623810001],
      [0.906787727, 0.042747679241, 0.046776598014, 0.0036879957444],
      [0.10798670754, 0.66297350917, 0.17867054747, 0.050369235813],
      [0.011395330222, 0.005558922428, 0.94405894636, 0.038986800992],
      [0.020218960291, 0.46605169556, 0.46410933354, 0.049620010609],
      [0.41849896436, 0.13749451499, 0.25800499586, 0.18600152479]
    ],
    [
      [0.001010867256, 0.01173823588, 0.86800522879, 0.11924566808],
      [0.92550775733, 0.035454986376, 0.036908745136, 0.0021285111599],
      [0.13512694153, 0.6600111764, 0.16982777273, 0.035034109336],
      [0.015101188963, 0.005871048754, 0.95036654201, 0.02866122027],
      [0.026240456816, 0.48093749753, 0.45708645869, 0.035735586964],
      [0.5038509385, 0.13294283089, 0.23758985573, 0.12561637489]
    ],
    [
      [0.00062029659848, 0.012213290918, 0.9073347533, 0.07983165918],
      [0.88401282917, 0.055607393092, 0.058230449809, 0.0021493279279],
      [0.085108309631, 0.70897883127, 0.18189759841, 0.024015260685],
      [0.0090186817108, 0.005942891375, 0.96635274671, 0.018685680203],
      [0.015767053358, 0.49279062347, 0.46800997244, 0.023432350734],
      [0.39951375706, 0.17657197626, 0.31681258735, 0.10710167933]
    ],
    [
      [0.00042694710095, 0.012166920249, 0.81714907141, 0.17025706124],
      [0.84267266543, 0.077585900294, 0.073331920905, 0.0064095133663],
      [0.060020070615, 0.71976183646, 0.16775617807, 0.052461914853],
      [0.0067289324944, 0.0064187108336, 0.94371737853, 0.043134978143],
      [0.011179568458, 0.50354509588, 0.43385858697, 0.051416748686],
      [0.28419979757, 0.18245121899, 0.29594835266, 0.23740063079]
    ],
    [
      [0.00067695457886, 0.011066862931, 0.90183307612, 0.086423106367],
      [0.89250262257, 0.04887159869, 0.056349222244, 0.0022765564998],
      [0.099249450085, 0.67809803685, 0.19458463588, 0.028067877193],
      [0.0098793728866, 0.005408655183, 0.96427596553, 0.020436006397],
      [0.018101196716, 0.46460652846, 0.49043703934, 0.026855235482],
      [0.41956926852, 0.15665738004, 0.31007934442, 0.11369400702]
    ],
    [
      [0.00038381421596, 0.01239605869, 0.76676718656, 0.22045294054],
      [0.82843550426, 0.087105394539, 0.075446172782, 0.0090129284186],
      [0.052089005996, 0.73122992272, 0.151651986, 0.065029085282],
      [0.0063422983818, 0.0068551078729, 0.92881631599, 0.057986277757],
      [0.0099805608693, 0.52078858273, 0.40370677682, 0.06552407958],
      [0.24799650275, 0.18212685386, 0.26962913246, 0.30024751093]
    ],
    [
      [0.00059987962977, 0.0078463191907, 0.87660049333, 0.11495330785],
      [0.90135480098, 0.03730885957, 0.058172912956, 0.0031634264907],
      [0.11017136804, 0.61119804234, 0.233079815, 0.045550774618],
      [0.0089590321283, 0.0039213063036, 0.95993978597, 0.027179875598],
      [0.018694226139, 0.38899624845, 0.55157617352, 0.04073335189],
      [0.40385842069, 0.11816917417, 0.31641463644, 0.16155776871]
    ],
    [
      [0.00079970402292, 0.0085960221884, 0.87915033573, 0.11145393806],
      [0.91713895769, 0.032848205217, 0.047478231808, 0.0025346052852],
      [0.13469123801, 0.6062083966, 0.21760444533, 0.041495920058],
      [0.011881583913, 0.0042766584044, 0.95705789946, 0.026783858225],
      [0.023886292509, 0.40375489261, 0.53373595361, 0.038622861275],
      [0.46547740931, 0.11406414647, 0.28299912558, 0.13745931864]
    ],
    [
      [0.00082986650562, 0.0114097117, 0.90257437178, 0.085186050019],
      [0.91041884284, 0.041434717525, 0.046307474225, 0.0018389654114],
      [0.11648587194, 0.67109803603, 0.18602104264, 0.026395049393],
      [0.012076417448, 0.0055594492172, 0.96233077393, 0.020033359407],
      [0.021771947052, 0.47113534929, 0.48118583987, 0.025906863792],
      [0.46966286917, 0.14682562264, 0.28162517262, 0.10188633557]
    ],
    [
      [0.00083523044047, 0.0098566048175, 0.91429521899, 0.07501294575],
      [0.91526302046, 0.035969872523, 0.047139369285, 0.0016277377289],
      [0.1289859105, 0.6379772728, 0.20744461216, 0.025592204544],
      [0.012040196434, 0.0047578420232, 0.96572234983, 0.017479611715],
      [0.023332297945, 0.43330053874, 0.51906907701, 0.024298086301],
      [0.48439394137, 0.13031230434, 0.2931172863, 0.092176467992]
    ],
    [
      [0.00031311277723, 0.010937686714, 0.68822059872, 0.30052860179],
      [0.81028498068, 0.092550792546, 0.082100240775, 0.015063985994],
      [0.047746745902, 0.69784171035, 0.15362521489, 0.10078632885],
      [0.0055961166338, 0.0065446415979, 0.90130513863, 0.086554103134],
      [0.0089556519288, 0.4921817709, 0.3994927688, 0.099369808378],
      [0.19947713054, 0.15758296348, 0.24007217475, 0.40286773123]
    ],
    [
      [0.00062894902856, 0.012128905253, 0.87469341912, 0.1125487266],
      [0.88147384011, 0.05708530692, 0.058277463848, 0.0031633891199],
      [0.086974061521, 0.70039151624, 0.17812226314, 0.034512159101],
      [0.0093950299579, 0.0060675751653, 0.95727324277, 0.027264152111],
      [0.016226066615, 0.49093684134, 0.45906625435, 0.033770837693],
      [0.38555474392, 0.16997352381, 0.29789981614, 0.14657191612]
    ],
    [
      [0.00071491319262, 0.013145991153, 0.8652994658, 0.12083962985],
      [0.89200215861, 0.054437059254, 0.05059135772, 0.0029694244147],
      [0.092035510241, 0.71012813402, 0.16352786178, 0.034308493961],
      [0.010749081427, 0.0066182886395, 0.95330814997, 0.029324479962],
      [0.017695331621, 0.51254834854, 0.43512451277, 0.034631807067],
      [0.40912387491, 0.17129077651, 0.27320700292, 0.14637834566]
    ],
    [
      [0.0007974987188, 0.011209891968, 0.83223222575, 0.15576038357],
      [0.90862975437, 0.042829176544, 0.044990333446, 0.0035507356443],
      [0.11307466086, 0.66430919219, 0.17368004808, 0.048936098876],
      [0.012331329459, 0.0058047235523, 0.94283198858, 0.039031958412],
      [0.021476017653, 0.47395315149, 0.45581612091, 0.048754709941],
      [0.43193565827, 0.13873626669, 0.25018498436, 0.17914309067]
    ],
    [
      [0.00067068014578, 0.011155046222, 0.85512097664, 0.13305329699],
      [0.8936992357, 0.049401443265, 0.053412914286, 0.0034864067493],
      [0.096866198974, 0.67961600025, 0.18121056094, 0.042307239839],
      [0.010184813211, 0.005671906586, 0.95159838398, 0.032544896219],
      [0.018024242088, 0.47392617821, 0.46672377281, 0.041325806891],
      [0.39949245389, 0.15153041845, 0.2810097527, 0.16796737496]
    ]
  ],
  "expected_outcome": [
    [
      [0.011984370391, 0, 0.0066196916385, 0.0065358939331, 0.0065744407332, 0.018578719749, 0.01160596637, 0.0037647246204, 0.010801966741, 0.0076439062779, 0.039887648657, 0.068706014516, 0.0020492685635, 0.001791856343, 0.0038727652835, 0.0055546406165, 0.012864051589, 0, 0.018725299379, 0.0026275855675, 0.0044397153145, 0.021169322357, 0.0087491417391, 0.012077793754, 0.020242530295, 0.023213646452, 0.0062438824085, 0.011091228274, 0.018451530636, 0.019259343185, 0.0060910286377, 0.0049603473102, 0.0097063909949, 0.0029715069532, 0.0098070157307, 0.038460928556, 0.02724636294, 0.013019592995, 0.0028056309472, 0.010787661226, 0.018578669091, 0.016709179087, 0.014339020443, 0.01187128405, 0.019355438195, 0.01384699537, 0.010662291187, 0.026978700105, 0.022880413716, 0.016928110949, 0.0090978053039, 0.016748008159, 0.0068311536152, 0.037232501837, 0.0030705137277, 0.0017996388893, 0.016793784481, 0.021576529146, 0.020045530571, 0.00093933833168, 0.1188713664, 0.010008784697, 0.066192393661, 0.0080481617494],
      [0.2018982219, 0.030979848299, 0.093633594841, 0.11894170065, 0.059001395806, 0.2626621909, 0.35517957875, 0.047051684241, 0.1636252178, 0.1298535275, 0.71789710697, 1.1153083639, 0.04902900405, 0.03497733421, 0.057892193262, 0.045708930876, 0.15808196737, 0, 0.28907214405, 0.1034086341, 0.10467225827, 0.59955166494, 0.11191089716, 0.28756119323, 0.51011517142, 0.24964013239, 0.12311447083, 0.29720468232, 0.32323918864, 0.21789912549, 0.11334668979, 0.15427065752, 0.22040847306, 0.07443057149, 0.28488160948, 0.85806810395, 0.82393919664, 0.27779284143, 0.026354618656, 0.15673118486, 0.28849117834, 0.3531472592, 0.33912900834, 0.21849042086, 0.22506318398, 0.20919342815, 0.21445511057, 0.4835666121, 0.43632771849, 0.24670377489, 0.10564412292, 0.32975885479, 0.19467072398, 0.60867746118, 0.099168469524, 0.023538957572, 0.18051646596, 0.2966525042, 0.23655851562, 0.032813060143, 2.2923630928, 0.18404387614, 0.93042103333, 0.13386055467],
      [17.6182551799, 1.3540437877, 8.0186918028, 9.2530644211, 7.6810242177, 20.0961049884, 24.9679685175, 4.3932418632, 15.7446759403, 12.0495099404, 57.2768219064, 87.2517392102, 3.3665644495, 1.9632308094, 6.3596079191, 7.4003654877, 13.1894574023, 0, 23.525674039, 7.1245963864, 12.9782154525, 52.6281690021, 8.0896104574, 20.2936776145, 32.7453648406, 23.8832158626, 13.1500948589, 16.4223240777, 23.936887875, 18.5484959589, 9.3111495218, 10.4150052892, 17.3201552874, 4.9225979216, 16.131651286, 47.1050322872, 42.3268209307, 20.8997959545, 2.8524222615, 13.5109264896, 21.9443475414, 25.2345238153, 22.0299985356, 17.407650453, 22.6456877087, 14.5057674215, 15.1465059436, 32.2780988557, 32.0791773337, 19.1428918138, 7.8120470591, 24.4980383392, 13.0743851425, 49.6008191868, 6.1341374925, 2.62980148, 18.4621570503, 23.4669336662, 21.9430852558, 2.0646617962, 165.3170562136, 12.1141925212, 69.0752747369, 10.2614517197],
      [1.1678622278, 0.61497636397, 0.88105491072, 0.62145798427, 1.2533999457, 2.6226541009, 2.6652459374, 0.55594172791, 1.0808968751, 1.8129926259, 8.965393338, 10.5642464114, 0.58235727793, 0, 0.57862712234, 0.54837094084, 1.6395965788, 0, 3.1665285176, 0.76936739398, 1.9126725739, 7.7511100106, 0.78972950373, 2.4066833985, 5.7242774577, 1.8439303585, 1.7205467878, 3.2693800117, 5.7214214057, 2.2143455725, 1.5694127597, 1.425763706, 3.4497298485, 0, 4.5736600887, 7.9984386802, 8.8219935098, 1.8093916111, 0.11841748894, 1.3215546643, 1.7485826112, 3.3956197464, 2.6165334356, 1.3619878421, 3.1098936691, 2.271192155, 2.6283766546, 6.2113558321, 4.461614534, 3.5934763003, 1.0732110127, 2.1554547979, 2.7241129799, 4.7532708502, 1.7636235243, 0.34485992355, 2.3405326993, 2.2148373005, 1.800310698, 0.90158580536, 21.2717093272, 1.691754818, 12.9281118361, 1.5966395639]
    ],
    [
      [24.8653864521, 0, 28.0548278807, 22.1949866882, 18.4156117963, 84.4570070111, 9.1753300661, 36.419897941, 17.8764299403, 5.3278783346, 97.1150467892, 124.361579768, 27.6011402551, 3.6304317562, 2.6693458924, 8.2814872517, 51.3231972849, 9.3178363106, 10.8150488724, 6.4165187792, 4.9491261751, 33.6552269213, 13.8303893804, 27.5463422634, 63.4449162556, 18.4417940253, 12.8655150332, 5.2074337018, 6.2487408903, 56.2092741281, 28.13724602, 33.1477961421, 0.86780263196, 2.6499791127, 16.9316493327, 31.697534552, 48.2823732783, 44.3862466571, 4.663828128, 23.4502745367, 34.278117991, 63.708227542, 62.3392637261, 54.7323190809, 11.8729174265, 65.2711553273, 41.2823987867, 102.5637619649, 65.2678942439, 8.161089543, 29.6162482345, 7.9561154625, 9.2693993198, 115.1328383111, 19.8824521023, 9.9149028108, 51.3597816306, 29.1334029708, 55.8310442483, 8.9131347875, 261.7977305133, 43.708105772, 160.8274665227, 56.3030518491],
      [1.383606701, 0, 1.3063957515, 1.3198854745, 0.53663771034, 3.9905295403, 0.89726825047, 1.5028834404, 0.88645637932, 0.28155966449, 5.8483884694, 6.7656502192, 2.1683207571, 0.20958687355, 0.12699782714, 0.21470588103, 2.0926504528, 0.58358743354, 0.53596156373, 0.78722679874, 0.36836199264, 3.168347977, 0.56904203004, 2.1764358347, 5.3447442814, 0.65064513751, 0.82481820045, 0.43054793069, 0.34953392027, 2.1171792734, 1.7263961903, 3.4144027205, 0.060154743714, 0.18243685929, 1.6197651457, 2.34923223, 4.870319398, 3.1485392689, 0.13310014758, 1.1255752082, 1.7642173514, 4.4948785737, 4.9196142191, 3.3600681205, 0.45040858064, 3.2917274807, 2.7618679481, 6.1548130407, 4.1569836833, 0.38472911317, 1.134559564, 0.50046653783, 0.85344490324, 6.304436231, 2.0905294689, 0.41039745527, 1.8394994921, 1.3259109608, 2.1941622239, 1.018058718, 16.9543361552, 2.6674159034, 7.5807642483, 3.1122909257],
      [1.7035135992, 0, 1.56653267, 1.4445555957, 0.98092998119, 4.315231759, 0.88768578204, 1.9728224068, 1.2024557393, 0.367449889, 6.6010558154, 7.4903223064, 2.0805900153, 0.15998137029, 0.19616937879, 0.48869851548, 2.4561616338, 0.098576255815, 0.61431791526, 0.76197135825, 0.64283348689, 3.9324594211, 0.57706690034, 2.168914683, 4.8527475271, 0.87903181964, 1.241523033, 0.33420475896, 0.36508729003, 2.5456700021, 1.9951965222, 3.2507802589, 0.066493607254, 0.16758402806, 1.2942387621, 1.8228535786, 3.5366733817, 3.3434040594, 0.19963729687, 1.3678563888, 1.8941730561, 4.5395624614, 4.5152521833, 3.7829384282, 0.63974666004, 3.2244221871, 2.7544904233, 5.8100893808, 4.3218410855, 0.42098938212, 1.1810798443, 0.52407404828, 0.80665112995, 7.2690496695, 1.8107081468, 0.63990204252, 2.6587809813, 1.4818391752, 2.8755015264, 0.90310264853, 17.3084067628, 2.4789765283, 7.9632890199, 3.3650136],
      [0.047493247701, 0, 0.072243697714, 0.040572241587, 0.066820512201, 0.23723168968, 0.039715901374, 0.10439621181, 0.034657941022, 0.023112111946, 0.435508926, 0.38244770639, 0.14994897242, 0, 0.0074869017125, 0.015108351813, 0.12799062853, 0, 0.034671648661, 0.034283063844, 0.039678345406, 0.24396568062, 0.023501689227, 0.10830721894, 0.35759193583, 0.028529017552, 0.06814373338, 0.027813608532, 0.036637899373, 0.12787659646, 0.14116126753, 0.18702087842, 0.005549017072, 0, 0.15434675941, 0.13037963934, 0.31063394198, 0.12181001467, 0.0034344275928, 0.056293866397, 0.063491601521, 0.25733142287, 0.22586987149, 0.12467437032, 0.036927332861, 0.21269500484, 0.20124284188, 0.47133561354, 0.25328098738, 0.0331919617, 0.068112357118, 0.019343951351, 0.07050464703, 0.29367578847, 0.21631028205, 0.034797691398, 0.14193789597, 0.058846893164, 0.099292001463, 0.16570384593, 0.93952656861, 0.14550179632, 0.62848020904, 0.21964362521]
    ],
    [
      [9.86922606, 0, 4.6396019205, 3.5498211334, 4.1729970052, 28.6936188042, 1.9253025581, 5.5244257411, 4.2038118397, 2.1678699455, 23.7020394336, 43.7308143801, 2.2534225628, 2.2969700934, 6.8046213469, 4.2046061603, 6.6454203386, 1.273747079, 2.8622342788, 1.0251862131, 1.788624608, 11.1446996652, 4.5123711348, 13.5523267208, 29.7215539471, 9.7092831532, 4.8501024295, 1.167370176, 4.2839153107, 21.8654939836, 7.223864967, 6.0235137627, 1.7065564721, 0.9100246259, 8.1889975589, 15.8799395839, 15.9180671151, 13.9690331587, 4.2747959577, 18.6113650571, 15.5566647584, 23.5845176549, 18.6638102645, 27.9166187016, 11.1975027763, 29.7167545384, 15.1025754, 40.8921726118, 23.7172877837, 5.9392689148, 11.0804092058, 3.5745490045, 3.90130459, 43.0742613369, 0.88551310193, 4.0763406176, 25.5913352221, 15.7255927114, 19.7348443069, 7.5439858525, 92.8882977044, 11.0442612289, 51.6751200117, 6.4900353313],
