{
  "X": [
    [29, 9, 10, 52],
    [33, 11, 17, 39],
    [29, 7, 18, 46],
    [34, 8, 11, 47],
    [30, 10, 13, 47],
    [29, 8, 18, 45],
    [13, 23, 29, 35],
    [25, 22, 32, 21],
    [9, 45, 28, 18],
    [13, 30, 32, 25],
    [12, 33, 32, 23],
    [20, 29, 30, 21],
    [16, 28, 19, 37],
    [16, 14, 11, 59],
    [20, 16, 5, 59],
    [16, 12, 12, 60],
    [16, 20, 7, 57],
    [28, 9, 6, 57],
    [25, 11, 12, 52],
    [29, 6, 15, 50],
    [29, 11, 10, 50],
    [26, 14, 16, 44],
    [29, 5, 10, 56],
    [29, 6, 12, 53],
    [19, 8, 9, 64],
    [31, 9, 25, 35],
    [29, 16, 27, 28],
    [27, 13, 24, 36],
    [27, 15, 18, 40],
    [36, 10, 24, 30],
    [29, 10, 25, 36],
    [38, 7, 24, 31],
    [35, 18, 18, 29],
    [42, 21, 18, 19],
    [36, 21, 22, 21],
    [34, 16, 30, 20],
    [34, 16, 23, 27],
    [29, 20, 22, 29],
    [28, 12, 21, 39],
    [37, 9, 18, 36],
    [25, 11, 21, 43],
    [32, 11, 17, 40],
    [26, 16, 19, 39],
    [39, 7, 14, 40],
    [24, 10, 20, 46],
    [33, 9, 20, 38],
    [28, 11, 16, 45],
    [30, 10, 22, 38],
    [36, 9, 19, 36],
    [27, 10, 19, 44]
  ],
  "W": [
    [54, 5, 9, 11, 4, 8, 4, 5],
    [53, 9, 5, 8, 9, 1, 7, 8],
    [61, 2, 7, 4, 10, 6, 6, 4],
    [55, 4, 5, 7, 6, 7, 11, 5],
    [51, 6, 6, 9, 8, 8, 4, 8],
    [55, 4, 11, 7, 3, 9, 4, 7],
    [25, 46, 5, 4, 6, 4, 7, 3],
    [8, 49, 4, 7, 10, 6, 8, 8],
    [7, 57, 8, 7, 4, 6, 5, 6],
    [7, 64, 9, 6, 1, 6, 1, 6],
    [8, 56, 5, 4, 6, 6, 6, 9],
    [4, 50, 6, 11, 5, 8, 11, 5],
    [8, 33, 27, 5, 8, 8, 7, 4],
    [4, 7, 59, 5, 6, 3, 6, 10],
    [7, 9, 56, 10, 2, 4, 4, 8],
    [9, 1, 57, 2, 11, 12, 4, 4],
    [6, 5, 64, 6, 4, 6, 5, 4],
    [9, 4, 55, 10, 5, 10, 4, 3],
    [6, 7, 42, 14, 11, 4, 9, 7],
    [4, 10, 5, 54, 8, 3, 6, 10],
    [9, 7, 11, 50, 8, 2, 4, 9],
    [5, 10, 6, 58, 5, 4, 5, 7],
    [9, 6, 10, 49, 8, 4, 6, 8],
    [5, 7, 6, 57, 9, 8, 5, 3],
    [4, 6, 6, 61, 9, 4, 3, 7],
    [7, 11, 9, 6, 53, 6, 4, 4],
    [4, 12, 3, 7, 52, 2, 14, 6],
    [8, 4, 5, 5, 58, 5, 5, 10],
    [8, 7, 3, 8, 57, 7, 4, 6],
    [7, 4, 3, 5, 62, 9, 7, 3],
    [5, 5, 3, 10, 58, 8, 5, 6],
    [9, 6, 5, 6, 18, 39, 9, 8],
    [7, 10, 6, 10, 2, 55, 9, 1],
    [3, 5, 6, 7, 4, 63, 7, 5],
    [7, 7, 7, 11, 5, 56, 5, 2],
    [7, 3, 4, 7, 7, 61, 5, 6],
    [6, 4, 4, 4, 6, 64, 6, 6],
    [5, 7, 7, 3, 4, 37, 31, 6],
    [5, 2, 6, 7, 6, 7, 58, 9],
    [7, 6, 4, 6, 11, 6, 54, 6],
    [9, 9, 7, 7, 7, 6, 48, 7],
    [6, 8, 5, 6, 7, 4, 60, 4],
    [7, 10, 7, 4, 8, 7, 47, 10],
    [3, 6, 2, 4, 4, 9, 54, 18],
    [10, 7, 7, 4, 5, 5, 10, 52],
    [2, 8, 5, 11, 6, 7, 7, 54],
    [6, 6, 10, 5, 1, 1, 10, 61],
    [3, 6, 7, 6, 5, 6, 7, 60],
    [5, 4, 7, 5, 4, 4, 11, 60],
    [6, 4, 9, 5, 9, 4, 6, 57]
  ],
  "method": "exact",
  "cond_prob": [
    [
      [0.31104081385, 0.03833357652, 0.078309737707, 0.57231587192],
      [0.034069219526, 0.55865236512, 0.33944371816, 0.067834697194],
      [0.096104189438, 0.13076258705, 0.0057453976102, 0.76738782591],
      [0.26835130969, 0.024425075063, 0.028533021048, 0.67869059419],
      [0.33991102016, 0.091058179165, 0.21545212664, 0.35357867404],
      [0.47181686561, 0.21460258203, 0.20110838917, 0.11247216319],
      [0.35381667596, 0.078324860791, 0.12270519732, 0.44515326593],
      [0.33344042669, 0.059366623427, 0.14939747076, 0.45779547912]
    ],
    [
      [0.3755671435, 0.049962642208, 0.12825372568, 0.44621648861],
      [0.030171467084, 0.52699654668, 0.40395847515, 0.038873511082],
      [0.12951543355, 0.19098361557, 0.010512197971, 0.66898875291],
      [0.3477317154, 0.034132040904, 0.050127041508, 0.56800920219],
      [0.35457269776, 0.10264549112, 0.30436045053, 0.2384213606],
      [0.44999166773, 0.22075653432, 0.25972531174, 0.069526486211],
      [0.39646563343, 0.094816386662, 0.18648620856, 0.32223177136],
      [0.37219523978, 0.071594497097, 0.22612201431, 0.33008824882]
    ],
    [
      [0.30500071912, 0.039019115434, 0.14618582698, 0.50979433847],
      [0.026093575818, 0.43854188259, 0.48813618095, 0.047228360647],
      [0.10213003786, 0.14479790962, 0.011608076038, 0.74146397648],
      [0.27818500771, 0.026278516589, 0.056294119311, 0.63924235639],
      [0.29173952013, 0.08107439439, 0.35130605604, 0.27588002944],
      [0.40029416786, 0.18892188317, 0.32388409875, 0.086899850222],
      [0.32970396094, 0.075789750696, 0.21757444179, 0.37693184658],
      [0.30443367811, 0.056259253127, 0.25953684479, 0.37977022398]
    ],
    [
      [0.34923655195, 0.036772937324, 0.081459656882, 0.53253085385],
      [0.038629826656, 0.54256181073, 0.35508036259, 0.063728000022],
      [0.11315173058, 0.13167331921, 0.0062664086751, 0.74890854153],
      [0.30561260139, 0.023763304932, 0.030114663691, 0.64050942998],
      [0.37349329781, 0.08547292318, 0.21897862434, 0.32205515466],
      [0.5049256629, 0.19621641833, 0.19900180158, 0.099856117186],
      [0.39167738261, 0.07409057489, 0.1257817657, 0.40845027679],
      [0.36970656756, 0.056236536493, 0.15335579041, 0.42070110554]
    ],
    [
      [0.31920665554, 0.042408133149, 0.093306676845, 0.54507853446],
      [0.031377494288, 0.55010047349, 0.36057180687, 0.057950225357],
      [0.10051428212, 0.14745335476, 0.0069801340232, 0.7450522291],
      [0.28018244602, 0.027485501841, 0.034598468052, 0.65773358408],
      [0.33457591692, 0.096622868409, 0.24580766019, 0.32299355448],
      [0.45343174897, 0.22216571902, 0.224029628, 0.10037290402],
      [0.35603367401, 0.084971593281, 0.1432974381, 0.41569729461],
      [0.33490898394, 0.064287206352, 0.17409669565, 0.42670711406]
    ],
    [
      [0.31828849418, 0.037728289785, 0.15433667815, 0.48964653789],
      [0.02694342517, 0.41662231357, 0.51154006392, 0.044894197336],
      [0.10970213844, 0.14389322227, 0.012611392655, 0.73379324664],
      [0.29346453241, 0.025685195496, 0.060045664439, 0.62080460765],
      [0.29875667735, 0.076907235477, 0.36434464663, 0.25999144054],
      [0.40728746531, 0.17757123793, 0.33377003611, 0.081371260654],
      [0.34095981638, 0.072580219398, 0.22773496639, 0.35872499783],
      [0.31424105492, 0.053807038387, 0.27119619221, 0.36075571448]
    ],
    [
      [0.21775573987, 0.030097245309, 0.10557042973, 0.64657658509],
      [0.024001700534, 0.43320177961, 0.46579466569, 0.07700185417],
      [0.064105481708, 0.097329909851, 0.0074330486358, 0.83113155981],
      [0.18526189406, 0.018913476538, 0.037999421627, 0.75782520778],
      [0.23860468811, 0.071768533332, 0.29059656339, 0.39903021517],
      [0.36992260468, 0.18670775537, 0.30281766075, 0.14055197919],
      [0.25384714766, 0.062887908742, 0.1693137774, 0.51395116619],
      [0.23406823763, 0.046775322431, 0.20165841336, 0.51749802658]
    ],
    [
      [0.44106782854, 0.024891194528, 0.10178791567, 0.43225306126],
      [0.053672791088, 0.39443650655, 0.49506415698, 0.056826545383],
      [0.1668793066, 0.10354948614, 0.0092154003845, 0.72035580687],
      [0.40140805489, 0.016729937693, 0.039190494536, 0.54267151288],
      [0.44386339636, 0.054429377063, 0.25677675397, 0.24493047261],
      [0.58148510529, 0.1194000141, 0.22593201867, 0.073182861949],
      [0.47928041269, 0.04846011724, 0.15209994134, 0.32015952873],
      [0.45029113761, 0.03672491518, 0.18452484209, 0.32845910512]
    ],
    [
      [0.23641441153, 0.11013799222, 0.19273225242, 0.46071534384],
      [0.010401480704, 0.62963449162, 0.3380480687, 0.02191595898],
      [0.06681777493, 0.34658498188, 0.013122727561, 0.57347451563],
      [0.22807151028, 0.078205362324, 0.078264849474, 0.61545827793],
      [0.19294083546, 0.19707194686, 0.39861734294, 0.21136987474],
      [0.22915354196, 0.3946008208, 0.31891913652, 0.057326500717],
      [0.23297142194, 0.19556608237, 0.26265138737, 0.30881110832],
      [0.21827170742, 0.14767125283, 0.31800957043, 0.31604746932]
    ],
    [
      [0.31083851246, 0.025333789781, 0.084358358978, 0.57946933878],
      [0.04066481534, 0.43270126293, 0.44468600123, 0.081947920506],
      [0.098101195223, 0.088270770847, 0.0064089209317, 0.807219113],
      [0.26659739403, 0.016084874772, 0.030680034752, 0.68663769645],
      [0.34469929017, 0.060869851238, 0.23399711211, 0.36043374648],
      [0.5040539512, 0.14820755276, 0.22875946182, 0.11897903422],
      [0.35902912671, 0.052292985659, 0.13370736263, 0.454970525],
      [0.33517249763, 0.039404717427, 0.16126094433, 0.46416184062]
    ],
    [
      [0.25088185809, 0.047783891586, 0.1295275494, 0.57180670092],
      [0.020475647145, 0.50727834353, 0.42199282338, 0.050253185943],
      [0.075530438912, 0.15873654085, 0.0093585961579, 0.75637442408],
      [0.22184848107, 0.031201788549, 0.048436133042, 0.69851359733],
      [0.25042720578, 0.10392331265, 0.3251796142, 0.32046986737],
      [0.34968872322, 0.24353228045, 0.30519138341, 0.10158761292],
      [0.27756109865, 0.094821909802, 0.19727494929, 0.43034204226],
      [0.25724451226, 0.070887417088, 0.2361964779, 0.43567159275]
    ],
    [
      [0.38663845172, 0.043390856429, 0.12821815196, 0.44175253989],
      [0.033209000023, 0.48539113267, 0.44045857782, 0.040941289493],
      [0.13607424924, 0.16839524349, 0.010808501003, 0.68472200627],
      [0.35707447624, 0.029561544971, 0.050013020029, 0.56335095876],
      [0.36736061452, 0.089866830209, 0.30662683032, 0.23614572495],
      [0.47201772528, 0.19381890184, 0.26494924003, 0.069214132856],
      [0.41041432314, 0.08266714139, 0.18751104177, 0.3194074937],
      [0.38424580572, 0.062421512847, 0.22677094874, 0.32656173269]
    ],
    [
      [0.2940983908, 0.051627355579, 0.10514116008, 0.54913309353],
      [0.025038968894, 0.56805210392, 0.35625335996, 0.050655567226],
      [0.089296349983, 0.17306751431, 0.0076405696695, 0.72999556604],
      [0.25939527153, 0.033661219887, 0.039197861043, 0.66774564754],
      [0.30008151554, 0.11438254781, 0.26989491543, 0.31564102121],
      [0.40248057587, 0.25761696744, 0.24332476924, 0.096577687448],
      [0.32468074579, 0.10213123619, 0.15983399641, 0.41335402162],
      [0.30492178527, 0.077304491258, 0.19390742548, 0.42386629798]
    ],
    [
      [0.29178521482, 0.039857763139, 0.1297037275, 0.53865329455],
      [0.026040920309, 0.45717306874, 0.46438682116, 0.052399189792],
      [0.093514323312, 0.14143272533, 0.0098570253776, 0.75519592599],
      [0.26108438349, 0.026399884235, 0.048852437802, 0.66366329447],
      [0.28844310714, 0.085256483808, 0.32552541114, 0.30077499791],
      [0.40148174322, 0.1991283654, 0.30360226903, 0.095787622342],
      [0.32060463046, 0.078368239133, 0.19679103292, 0.40423609749],
      [0.29690740504, 0.058469381702, 0.23599451842, 0.40862869484]
    ],
    [
      [0.35981428131, 0.040631254396, 0.051919081183, 0.54763538311],
      [0.042850443837, 0.63318138904, 0.252731402, 0.071236765124],
      [0.11194598696, 0.13989066448, 0.0038466839251, 0.74431666464],
      [0.3087339275, 0.025809037253, 0.018789705367, 0.64666732988],
      [0.40493647119, 0.098939016512, 0.1481227542, 0.3480017581],
      [0.53989078465, 0.2215814091, 0.13243144008, 0.10609636617],
      [0.40971458819, 0.082795863991, 0.08155962996, 0.42592991785],
      [0.39137963222, 0.063699251159, 0.10080783396, 0.44411328265]
    ],
    [
      [0.24410657843, 0.037796522775, 0.13542936961, 0.58266752918],
      [0.022055820338, 0.43568407769, 0.48525760202, 0.057002499951],
      [0.075322112456, 0.1290249679, 0.0098950306455, 0.785757889],
      [0.21563213248, 0.02473927845, 0.050409415136, 0.70921917394],
      [0.24490950997, 0.081803530475, 0.34388011683, 0.32940684272],
      [0.35586363694, 0.19961595959, 0.33513725224, 0.10938315123],
      [0.27241106821, 0.075407436695, 0.208489428, 0.4436920671],
      [0.25058694327, 0.055846348267, 0.2481891176, 0.44537759086]
    ],
    [
      [0.30628753118, 0.061450798275, 0.10543494175, 0.5268267288],
      [0.023596238609, 0.60660852914, 0.32545393596, 0.044341296289],
      [0.092316574556, 0.2053833873, 0.0075234609545, 0.69477657719],
      [0.27308568852, 0.040576421446, 0.039509682564, 0.64682820747],
      [0.30456803049, 0.13212909727, 0.26736390876, 0.29593896348],
      [0.39392375875, 0.28711135819, 0.23124218577, 0.087722697293],
      [0.33222863381, 0.11927746206, 0.15812674416, 0.39036715997],
      [0.31364021842, 0.090671350104, 0.19350465069, 0.40218378079]
    ],
    [
      [0.42635790645, 0.023253890345, 0.064755639077, 0.48563256413],
      [0.064017503523, 0.45677606062, 0.39994527605, 0.079261159811],
      [0.15116451554, 0.091073508609, 0.0054383674383, 0.75232360841],
      [0.3742908989, 0.01511024893, 0.023956187345, 0.58664266483],
      [0.46597292474, 0.054933597799, 0.17939997596, 0.2996935015],
      [0.6237488309, 0.12344215742, 0.16097903657, 0.091829975109],
      [0.47954444203, 0.046790954393, 0.10049469878, 0.37316990479],
      [0.45474026113, 0.035737300277, 0.12332567364, 0.38619676495]
    ],
    [
      [0.37069228145, 0.031972658399, 0.11145548446, 0.48587957569],
      [0.039043448638, 0.43617992575, 0.46913283853, 0.05564378708],
      [0.12909185971, 0.12303584306, 0.0092083588215, 0.73866393841],
      [0.33399891517, 0.021305385901, 0.042340838043, 0.60235486089],
      [0.37214565441, 0.069520007005, 0.28263806733, 0.27569627125],
      [0.50163319088, 0.15756186625, 0.25562878816, 0.085176154718],
      [0.40569772853, 0.062671540083, 0.16818815552, 0.36344257587],
      [0.37904067597, 0.047158907916, 0.2032267325, 0.37057368362]
    ],
    [
      [0.34276507014, 0.021689494436, 0.11778143973, 0.51776399569],
      [0.040008844448, 0.34064353542, 0.55387520425, 0.065472415879],
      [0.11979765668, 0.083478032632, 0.0097613832395, 0.78696292745],
      [0.30598514616, 0.014270965675, 0.044322836096, 0.63542105207],
      [0.34954922946, 0.048291035216, 0.30351491663, 0.29864481869],
      [0.4965250751, 0.11610016554, 0.29011836881, 0.097256390545],
      [0.38155388374, 0.043416305623, 0.18088333986, 0.39414647078],
      [0.35313727357, 0.032365774633, 0.21641076545, 0.39808618635]
    ],
    [
      [0.35310186151, 0.053154809337, 0.10106327896, 0.49268005019],
      [0.029555364783, 0.58952914149, 0.33612683572, 0.044788658014],
      [0.11364592766, 0.18972720427, 0.0077180452737, 0.68890882279],
      [0.31750831316, 0.035266546374, 0.038287661638, 0.60893747882],
      [0.35190655206, 0.1154129253, 0.25477923536, 0.27790128728],
      [0.44947248819, 0.25025064109, 0.21872980851, 0.081547062208],
      [0.38162412175, 0.1033302329, 0.1507610219, 0.36428462345],
      [0.3609978834, 0.078605615968, 0.18439149688, 0.37600500375]
    ],
    [
      [0.31128978335, 0.076085286304, 0.18303072168, 0.42959420866],
      [0.017427623112, 0.55404636679, 0.40241473691, 0.026111273188],
      [0.1015488902, 0.275618722, 0.014145825668, 0.60868656213],
      [0.30079962699, 0.054152040585, 0.07435619946, 0.57069213297],
      [0.26297776118, 0.14025371674, 0.39117178929, 0.20559673279],
      [0.32421353423, 0.29333102243, 0.32412512512, 0.058330318221],
      [0.31279406381, 0.13770306484, 0.2540669304, 0.29543594095],
      [0.29112712623, 0.10306731672, 0.30578148584, 0.30002407121]
    ],
    [
      [0.33591781431, 0.018947521588, 0.082460145312, 0.56267451879],
      [0.048789530767, 0.37594497761, 0.48674455902, 0.088520932608],
      [0.11161850488, 0.069385335058, 0.0064982401547, 0.81249791991],
      [0.2900581171, 0.01207443398, 0.030037448718, 0.6678300002],
      [0.37173291365, 0.04567293541, 0.23057211062, 0.35202204032],
      [0.54278364174, 0.11301397209, 0.22650934507, 0.1176930411],
      [0.38681849961, 0.039196681284, 0.13094720521, 0.4430376139],
      [0.36113260328, 0.029460295635, 0.15803455661, 0.45137254448]
    ],
    [
      [0.32799416467, 0.022884129291, 0.099910093451, 0.54921161259],
      [0.040803642316, 0.38391925514, 0.50141664109, 0.07386046146],
      [0.10966549225, 0.084267546908, 0.0079175098153, 0.79814945103],
      [0.28718060384, 0.014778490268, 0.036884027526, 0.66115687836],
      [0.34862529246, 0.053031566476, 0.26842630852, 0.32991683254],
      [0.50177177134, 0.1293895477, 0.26006685208, 0.10877182888],
      [0.37169239193, 0.046615365239, 0.15620229765, 0.42548994518],
      [0.34561751511, 0.03489601159, 0.18775177857, 0.43173469473]
    ],
    [
      [0.22149652962, 0.037748428661, 0.083764741328, 0.65699030039],
      [0.023530060864, 0.54329208439, 0.35765296899, 0.075524885755],
      [0.063144314327, 0.11884212518, 0.0056664583256, 0.81234710216],
      [0.18648516937, 0.023447443261, 0.029735483688, 0.76033190368],
      [0.24960943761, 0.09286095826, 0.23915376778, 0.41837583634],
      [0.37521742198, 0.23848199469, 0.24244748024, 0.14385310309],
      [0.25930662805, 0.079535173825, 0.13538810856, 0.52577008957],
      [0.24187111263, 0.059660694916, 0.16326025846, 0.535207934]
    ],
    [
      [0.34845110956, 0.023511284496, 0.10995926803, 0.51807833792],
      [0.042186064531, 0.36959242997, 0.52054966822, 0.067671837281],
      [0.12049043157, 0.089421672463, 0.009051957746, 0.78103593822],
      [0.30962474801, 0.015440943549, 0.041354021007, 0.63358028744],
      [0.36044809274, 0.052697471758, 0.28440959033, 0.30244484518],
      [0.50800267481, 0.1250825167, 0.26939926711, 0.097515541375],
      [0.38909484821, 0.04704294914, 0.16873414563, 0.39512805702],
      [0.36162219856, 0.035207666384, 0.20240163878, 0.40076849628]
    ],
    [
      [0.34485055642, 0.056183718552, 0.13607039572, 0.46289532931],
      [0.025817711896, 0.5414129429, 0.39537763676, 0.037391708444],
      [0.11439378018, 0.20577725798, 0.010752145982, 0.66907681586],
      [0.31890963008, 0.038375543714, 0.053224473593, 0.58949035261],
      [0.32273675163, 0.11410672176, 0.31864122276, 0.24451530385],
      [0.4107133699, 0.24522146054, 0.27272944843, 0.071335721126],
      [0.36341881076, 0.10625333656, 0.19717947607, 0.33314837661],
      [0.34060588419, 0.080135011156, 0.23850731291, 0.34075179174]
    ],
    [
      [0.28514431857, 0.053043007144, 0.11723157085, 0.54458110343],
      [0.023291707844, 0.55837986542, 0.37034598226, 0.047982444474],
      [0.087365731793, 0.17922096089, 0.0085477279359, 0.72486557938],
      [0.25385420298, 0.034899352133, 0.044171549828, 0.66707489506],
      [0.28495977533, 0.11490517119, 0.29285831383, 0.30727673965],
      [0.38168586031, 0.26032827044, 0.26367932092, 0.094306548336],
      [0.31215769131, 0.10416903671, 0.17636753396, 0.40730573801],
      [0.29226942189, 0.07845484514, 0.21311506388, 0.41616066909]
    ],
    [
      [0.26909689171, 0.049851999925, 0.078795588711, 0.60225551966],
      [0.025827665104, 0.61865701404, 0.29322264617, 0.062292674689],
      [0.078032765631, 0.15903425541, 0.0054400913105, 0.75749288765],
      [0.23048412641, 0.031561658859, 0.028577361622, 0.70937685311],
      [0.29440569327, 0.11819981694, 0.21540152065, 0.37199296914],
      [0.40646257668, 0.27604397879, 0.19996409315, 0.11752935137],
      [0.30639965915, 0.10179198897, 0.12326741249, 0.46854093939],
      [0.28941645211, 0.077353915347, 0.15023877021, 0.48299086233]
    ],
    [
      [0.36897258255, 0.037088238626, 0.11136073639, 0.48257844244],
      [0.03684621357, 0.48008884062, 0.4311462494, 0.051918696409],
      [0.12695825245, 0.14069907694, 0.0091155155877, 0.72322715502],
      [0.33308752695, 0.024742473015, 0.042549306105, 0.59962069393],
      [0.36899016648, 0.080371177299, 0.27826351391, 0.27237514232],
      [0.48923138528, 0.1800252153, 0.24801434565, 0.082729053769],
      [0.40187511269, 0.072443077472, 0.16666297548, 0.35901883435],
      [0.37663203266, 0.054625299571, 0.20156298963, 0.36717967814]
    ],
    [
      [0.29607715134, 0.03622929343, 0.11652759951, 0.55116595572],
      [0.02929478788, 0.4646272613, 0.44732114666, 0.058756804161],
      [0.094924995531, 0.12791834098, 0.0088885211047, 0.76826814238],
      [0.26189073703, 0.023681673979, 0.043626920438, 0.67080066855],
      [0.30305587869, 0.080381708464, 0.29812553868, 0.31843687417],
      [0.42549170496, 0.19079243408, 0.28137170282, 0.10234415814],
      [0.32981777276, 0.072380305009, 0.17837429907, 0.41942762316],
      [0.30653241326, 0.054127562504, 0.21394919004, 0.4253908342]
    ],
    [
      [0.3281327602, 0.016119376261, 0.10715000674, 0.5485978568],
      [0.045746415068, 0.28950320129, 0.58289447629, 0.081855907351],
      [0.11222801513, 0.060402219905, 0.00870726339, 0.81866250157],
      [0.28758083923, 0.010442803596, 0.039745921794, 0.66223043538],
      [0.34918600168, 0.037120719779, 0.28500186403, 0.32869141451],
      [0.5147505363, 0.09214177236, 0.28250008042, 0.11060761092],
      [0.37348786094, 0.032860073746, 0.16759468446, 0.42605738085],
      [0.34546148277, 0.024474467881, 0.2000477981, 0.43001625126]
    ],
    [
      [0.28946806572, 0.033655632209, 0.078576138483, 0.59830016359],
      [0.034996265438, 0.51818382271, 0.3699992106, 0.076820701244],
      [0.08816860277, 0.11216016094, 0.0056879982563, 0.79398323803],
      [0.24692343771, 0.021228188733, 0.028370309423, 0.70347806413],
      [0.32354769462, 0.081349135406, 0.21961361486, 0.37548955512],
      [0.46643497984, 0.19736996005, 0.21306429264, 0.12313076747],
      [0.3345133055, 0.069630504441, 0.12480844911, 0.47104774095],
      [0.31387586202, 0.052608880791, 0.15110447373, 0.48241078346]
    ],
    [
      [0.39685715291, 0.052897985244, 0.09847333944, 0.45177152241],
      [0.03480708069, 0.58838191321, 0.33475237128, 0.042058634814],
      [0.133168665, 0.19480678086, 0.007849346992, 0.66417520716],
      [0.36016595191, 0.035489795258, 0.037797190322, 0.56654706251],
      [0.39256877396, 0.11320324062, 0.24375202784, 0.25047595758],
      [0.48815518091, 0.23700857272, 0.20382699986, 0.071009246508],
      [0.42475684638, 0.1014192714, 0.14492260219, 0.32890128002],
      [0.40357401333, 0.077567856553, 0.17771487858, 0.34114325154]
    ],
    [
      [0.37153530079, 0.057309879841, 0.13413513565, 0.43701968372],
      [0.027917701736, 0.5461234305, 0.3909963013, 0.034962566461],
      [0.12607452978, 0.21367639206, 0.010809274946, 0.64943980321],
      [0.34577294228, 0.03941038197, 0.052752697918, 0.56206397783],
      [0.34500234109, 0.1152578049, 0.31209525093, 0.22764460308],
      [0.43070486782, 0.2423341832, 0.26203796852, 0.064922980453],
      [0.38854380068, 0.10742176653, 0.19300590277, 0.31102853002],
      [0.36530080093, 0.081302882494, 0.23425166694, 0.31914464963]
    ],
    [
      [0.32115961767, 0.04509603363, 0.17077826038, 0.46296608832],
      [0.024474290643, 0.43501024888, 0.50305016977, 0.037465290709],
      [0.11125820556, 0.17151441792, 0.014045189195, 0.70318218733],
      [0.30101806113, 0.031232035874, 0.067671363068, 0.60007853992],
      [0.29050499661, 0.088315908197, 0.38652366096, 0.23465543424],
      [0.38590342573, 0.19760542227, 0.34533348733, 0.071157664672],
      [0.33743985356, 0.084913804171, 0.24675710246, 0.33088923981],
      [0.31090955678, 0.062983993126, 0.2934545839, 0.33265186619]
    ],
    [
      [0.24796002013, 0.031872132385, 0.095323104496, 0.62484474299],
      [0.028710915812, 0.46758961819, 0.42698798773, 0.076711478269],
      [0.074278492799, 0.1043892323, 0.0067836548545, 0.81454862005],
      [0.21136965901, 0.020091246612, 0.034404724836, 0.73413436954],
      [0.273797649, 0.076060480066, 0.26284830007, 0.38729357086],
      [0.41064501051, 0.19202637484, 0.26520845007, 0.13212016458],
      [0.28775752478, 0.066209195698, 0.15197728194, 0.49405599758],
      [0.2673653156, 0.04953012881, 0.18217693443, 0.50092762116]
    ],
    [
      [0.28469929191, 0.056893321803, 0.12571833257, 0.53268905372],
      [0.021986055137, 0.558050139, 0.37592748803, 0.044036317834],
      [0.087398228916, 0.19181972215, 0.0091721274514, 0.71160992148],
      [0.25553932453, 0.037742844924, 0.047720642577, 0.65899718797],
      [0.2784555686, 0.12050105116, 0.30783480002, 0.29320858022],
      [0.368506852, 0.26882690362, 0.27394373069, 0.088722513688],
      [0.30851078406, 0.11049571111, 0.18734825836, 0.39364524647],
      [0.28863091238, 0.083208190819, 0.22624930939, 0.40191158741]
    ],
    [
      [0.28329498587, 0.054970228553, 0.14578187828, 0.5159529073],
      [0.020905448617, 0.52136705806, 0.41659412293, 0.041133370394],
      [0.089504232706, 0.19171613585, 0.010934291274, 0.70784534017],
      [0.25866364396, 0.037083691825, 0.056250782697, 0.64800188151],
      [0.2673911734, 0.11248931971, 0.34487662754, 0.27524287935],
      [0.35526226088, 0.25289697463, 0.30791245393, 0.083928310553],
      [0.30292403331, 0.10548043346, 0.2144493908, 0.37714614243],
      [0.28147405235, 0.078828022406, 0.25731439191, 0.38238353334]
    ],
    [
      [0.37283312822, 0.032087425381, 0.10635254436, 0.48872690204],
      [0.040311763042, 0.45292131506, 0.44968361661, 0.057083305287],
      [0.12956188242, 0.12291083979, 0.0087822014552, 0.73874507633],
      [0.33478209801, 0.021285588313, 0.040378399945, 0.60355391373],
      [0.37848149677, 0.070647957261, 0.27049990741, 0.28037063856],
      [0.50871388844, 0.16045727361, 0.2444173233, 0.08641151465],
      [0.40936419565, 0.06320136302, 0.1606106054, 0.36682383593],
      [0.38335184103, 0.047626411391, 0.19417594522, 0.37484580236]
    ],
    [
      [0.26350554857, 0.036449609281, 0.12772217202, 0.57232267012],
      [0.024881297511, 0.44556304991, 0.4711763637, 0.058379288877],
      [0.082831502716, 0.12610245447, 0.0095432316881, 0.78152281113],
      [0.2328693981, 0.023796176732, 0.047716121024, 0.69561830415],
      [0.26718436014, 0.0801902978, 0.32475697083, 0.32786837122],
      [0.38379062582, 0.19463496851, 0.31369752107, 0.1078768846],
      [0.29416197737, 0.072992093691, 0.19616735269, 0.43667857624],
      [0.27168612711, 0.054261893723, 0.23394012256, 0.44011185661]
    ],
    [
      [0.32760235845, 0.036910320845, 0.10111882145, 0.53436849926],
      [0.033884744769, 0.49707579762, 0.40930110317, 0.059738354441],
      [0.1063747089, 0.13199999254, 0.0078058022491, 0.75381949631],
      [0.28929794914, 0.024081086495, 0.037756322845, 0.64886464152],
      [0.3401341591, 0.083132141718, 0.26317698166, 0.31355671752],
      [0.46627739116, 0.19260493927, 0.24259066599, 0.09852700358],
      [0.36472205177, 0.073714619623, 0.15486219678, 0.40670113182],
      [0.34156871677, 0.055555821449, 0.18724448879, 0.41563097299]
    ],
    [
      [0.28002378212, 0.053774221698, 0.11439730303, 0.55180469315],
      [0.022856903904, 0.56503156894, 0.36346914273, 0.048642384421],
      [0.084957022124, 0.17970243197, 0.0082559397011, 0.7270846062],
      [0.24842618671, 0.035248078133, 0.042911101525, 0.67341463363],
      [0.28140439791, 0.11721743354, 0.28815283897, 0.31322532959],
      [0.37770832189, 0.26585435859, 0.26008162407, 0.09635569545],
      [0.3073983965, 0.10589926595, 0.17275961614, 0.41394272142],
      [0.28799425126, 0.079836994446, 0.20895954286, 0.42320921143]
    ],
    [
      [0.35977166459, 0.020806653973, 0.071390906375, 0.54803077506],
      [0.055177676647, 0.42267416385, 0.43141364519, 0.090734514312],
      [0.12048294838, 0.076577702232, 0.0056831010461, 0.79725624834],
      [0.31049864677, 0.013269756985, 0.026070161059, 0.65016143518],
      [0.40275664122, 0.050490622237, 0.20006727593, 0.34668546062],
      [0.5737647974, 0.12151214273, 0.19163312697, 0.1130899329],
      [0.41357971902, 0.042882889333, 0.11282390255, 0.4307134891],
      [0.38880243855, 0.032447379171, 0.1369022544, 0.44184792788]
    ],
    [
      [0.25268089944, 0.037972795128, 0.11308120864, 0.5962650968],
      [0.024626050694, 0.4828691108, 0.42967997714, 0.062824861371],
      [0.076892345087, 0.12735440456, 0.0081851161915, 0.78756813416],
      [0.22003160505, 0.024430468579, 0.041653644425, 0.71388428194],
      [0.26450325754, 0.086259977118, 0.29649384215, 0.35274292319],
      [0.3829434302, 0.21151520443, 0.28858244717, 0.1169589182],
      [0.2858618089, 0.077089866286, 0.17591644546, 0.46113187936],
      [0.26512662091, 0.05752328839, 0.21063407272, 0.46671601798]
    ],
    [
      [0.35298494723, 0.031854865647, 0.11066023573, 0.5044999514],
      [0.037549576337, 0.44394551749, 0.46050798717, 0.057996918999],
      [0.12066486676, 0.12007792611, 0.008996813985, 0.75026039315],
      [0.31595391336, 0.021060147242, 0.041889414502, 0.6210965249],
      [0.35858593593, 0.07023892261, 0.28157167212, 0.28960346934],
      [0.48918779628, 0.16199162012, 0.25826563837, 0.09055494523],
      [0.38910510896, 0.063010638878, 0.16775877022, 0.38012548195],
      [0.36324537337, 0.047337509813, 0.20217124276, 0.38724587406]
    ],
    [
      [0.30664813605, 0.046757317428, 0.097816173804, 0.54877837272],
      [0.028307037749, 0.56474101749, 0.35206071514, 0.054891229621],
      [0.09495099353, 0.15999580321, 0.0072047617905, 0.73784844147],
      [0.26970110383, 0.030386491635, 0.036383099882, 0.66352930466],
      [0.31824052506, 0.10530744439, 0.25439958365, 0.32205244691],
      [0.42916394246, 0.2406391876, 0.23058380418, 0.099613065761],
      [0.34057863837, 0.093215931782, 0.14941861105, 0.41678681879],
      [0.32031250248, 0.070508418859, 0.18143616477, 0.42774291389]
    ],
    [
      [0.32517075934, 0.041192595997, 0.12932479006, 0.5043118546],
      [0.028884479586, 0.47583674796, 0.44684152436, 0.048437248097],
      [0.10823972792, 0.15146707767, 0.010236496708, 0.73005669771],
      [0.29454169485, 0.027563793325, 0.049536024697, 0.62835848712],
      [0.31772698243, 0.087330703222, 0.31644679158, 0.27849552277],
      [0.42816725437, 0.19911905429, 0.28664338374, 0.086070307598],
      [0.35280557251, 0.080211536939, 0.19296150258, 0.37402138797],
      [0.32831625223, 0.060048347003, 0.23182133467, 0.3798140661]
    ],
    [
      [0.38419938306, 0.040941121192, 0.11583634971, 0.45902314603],
      [0.035759554562, 0.49845532504, 0.41954619499, 0.046238925405],
      [0.13424234008, 0.15834528338, 0.0096199057517, 0.69779247079],
      [0.35095851721, 0.02762868714, 0.04474048793, 0.57667230772],
      [0.37568825329, 0.086855139544, 0.28366924666, 0.2537873605],
      [0.48689102977, 0.19054854399, 0.24706364235, 0.075496783889],
      [0.41274311251, 0.078948991689, 0.17113423245, 0.33717366335],
      [0.38751640883, 0.059614317196, 0.20743639298, 0.34543288099]
    ],
    [
      [0.28701528325, 0.044429737474, 0.11241191492, 0.55614306436],
      [0.025975644432, 0.52414791344, 0.3954214405, 0.054455001632],
      [0.089152189586, 0.15243034707, 0.0083024936515, 0.75011496969],
      [0.25352662416, 0.029000756471, 0.041999152774, 0.67547346659],
      [0.29309068278, 0.098415413981, 0.28746878701, 0.32102511624],
      [0.40335511082, 0.22949347219, 0.26585986492, 0.10129155208],
      [0.31836003294, 0.088446783972, 0.17144782033, 0.42174536276],
      [0.29723870368, 0.066413328018, 0.20666279082, 0.42968517748]
    ]
  ],
  "expected_outcome": [
    [
      [16.796203948, 19.9050586055, 18.605043866, 19.208010357, 16.2795394327, 17.5058671798, 5.4438934967, 3.5285426283, 1.6549008807, 2.1758695872, 2.0070548647, 1.5465538069, 2.3527871264, 1.1671408593, 2.5186999692, 2.1969592059, 1.8377251871, 3.837221158, 2.2241536887, 1.3710602806, 3.1779167536, 1.5564489168, 3.0232603288, 1.6399708233, 0.88598611848, 2.4391577669, 1.3794022257, 2.2811545486, 2.1527751336, 2.5828080778, 1.4803857567, 2.9531948418, 2.02627646, 1.1905714587, 2.6007471055, 2.2481173237, 1.4877601208, 1.4234964595, 1.4164749293, 2.6098318976, 2.3715499372, 1.9656141507, 1.9601664748, 1.0793149938, 2.5268089944, 0.70596989446, 1.8398888163, 0.97551227802, 1.9209969153, 1.7220916995],
      [2.0700131321, 2.648020037, 2.3801660415, 2.0225115528, 2.1628147906, 2.0750559382, 0.75243113273, 0.19912955622, 0.77096594553, 0.17733652846, 0.38227113269, 0.17356342572, 0.41301884463, 0.15943105255, 0.28441878077, 0.34016870498, 0.36870478965, 0.2092850131, 0.19183595039, 0.086757977745, 0.47839328403, 0.38042643152, 0.17052769429, 0.11442064646, 0.15099371464, 0.16457899147, 0.22473487421, 0.42434405715, 0.3988159994, 0.25961767038, 0.18114646715, 0.14507438635, 0.23558942546, 0.15869395573, 0.40116915888, 0.31567223541, 0.19123279431, 0.28446660901, 0.27485114277, 0.22461197766, 0.32804648353, 0.22146192507, 0.37641955188, 0.062419961919, 0.37972795128, 0.063709731294, 0.28054390457, 0.12357778799, 0.20470560596, 0.26657842485],
      [4.2287258362, 6.7974474609, 8.9173354458, 4.4802811285, 4.7586405191, 8.4885172982, 2.6392607434, 0.81430332537, 1.3491257669, 0.59050851285, 1.0362203952, 0.51287260785, 0.84112928067, 0.51881490998, 0.36343356828, 1.2188643265, 0.6326096505, 0.58280075169, 0.66873290677, 0.47112575892, 0.90956951064, 0.91515360842, 0.74214130781, 0.49955046725, 0.33505896531, 0.76971487621, 0.54428158288, 0.93785256684, 0.63036470969, 0.7795251547, 0.58263799756, 0.96435006064, 0.55003296938, 0.29542001832, 0.93894594956, 1.1954478227, 0.57193862698, 0.62859166283, 0.7289093914, 0.74446781053, 1.1494995482, 0.6067129287, 0.80078112124, 0.21417271912, 1.1308120864, 0.22132047145, 0.58689704282, 0.38797437018, 0.57918174856, 0.67447148952],
      [30.9050570837, 23.6494738966, 31.0974546467, 29.2891969617, 27.7990052576, 26.9305595839, 16.1644146272, 3.4580244901, 3.2250074069, 4.0562853715, 4.5744536074, 1.7670101595, 4.3930647483, 2.1546131782, 3.8334476818, 5.2440077627, 3.1609603728, 4.3706930772, 2.9152774542, 2.0710559828, 4.4341204517, 2.1479710433, 5.0640706691, 2.746058063, 2.6279612016, 3.6265483654, 1.8515813172, 4.3566488274, 4.8180441573, 3.3780490971, 2.7558297786, 4.9373807112, 4.1881011451, 1.3553145672, 3.059137786, 3.2407626182, 3.7490684579, 2.6634452686, 2.5797645365, 3.4210883143, 5.1509040311, 3.2062109956, 3.8626328521, 1.6440923252, 5.962650968, 1.0089999028, 3.2926702363, 1.5129355638, 2.2951157302, 3.3368583862]
    ],
    [
      [0.17034609763, 0.27154320376, 0.052187151636, 0.15451930662, 0.18826496573, 0.10777370068, 1.1040782246, 2.6299667633, 0.59288440014, 2.6025481818, 1.1466362401, 1.6604500012, 0.82628597349, 0.18228644216, 0.38565399453, 0.022055820338, 0.11798119304, 0.25607001409, 0.27330414046, 0.40008844448, 0.20688755348, 0.17427623112, 0.2927371846, 0.28562549621, 0.14118036518, 0.46404670984, 0.30981254275, 0.093166831374, 0.18079365573, 0.14738485428, 0.1464739394, 0.27447849041, 0.34996265438, 0.17403540345, 0.19542391216, 0.07342287193, 0.11484366325, 0.15390238596, 0.041810897234, 0.24187057825, 0.2239316776, 0.27107795815, 0.22856903904, 0.33106605988, 0.17238235486, 0.30039661069, 0.1698422265, 0.17330687752, 0.14303821825, 0.10390257773],
      [2.7932618256, 4.7429689201, 0.87708376518, 2.1702472429, 3.3006028409, 1.6664892543, 19.9272818619, 19.3273888208, 35.8891660221, 27.6928808272, 28.4075872377, 24.2695566334, 18.7457194292, 3.2002114812, 5.6986325014, 0.43568407769, 3.0330426457, 1.8271042425, 3.0532594802, 3.4064353542, 4.1267039904, 5.5404636679, 2.2556698657, 2.687434786, 3.2597525063, 4.0655167296, 6.4969553148, 2.2335194617, 4.3305990983, 1.9203553625, 2.3231363065, 1.7370192077, 5.1818382271, 2.9419095661, 3.8228640135, 1.3050307466, 1.8703584727, 3.906350973, 1.0427341161, 2.7175278903, 4.0100674492, 3.976606381, 5.6503156894, 2.5360449831, 3.3800837756, 3.55156414, 3.388446105, 2.8550204878, 1.9938213002, 2.0965916537],
      [1.6972185908, 3.6356262764, 0.97627236189, 1.4203214504, 2.1634308412, 2.0461602557, 21.4265546217, 24.2581436921, 19.2687399159, 28.4599040786, 23.6315981093, 22.0229288908, 11.7563608788, 3.2507077481, 2.274582618, 0.48525760202, 1.6272696798, 1.5997811042, 3.2839298697, 5.5387520425, 2.35288785, 4.0241473691, 2.9204673541, 3.5099164876, 2.1459178139, 5.7260463504, 4.7445316411, 1.481383929, 2.0525585232, 1.7245849976, 2.2366057333, 3.4973668578, 3.699992106, 1.6737618564, 2.7369741091, 1.5091505093, 1.7079519509, 2.6314924162, 0.83318824586, 2.6981016997, 4.2405872733, 3.2744088254, 3.6346914273, 2.5884818711, 3.00775984, 3.6840638974, 2.1123642908, 2.6810491461, 1.67818478, 1.581685762],
      [0.33917348597, 0.34986159974, 0.094456721294, 0.25491200009, 0.34770135214, 0.17957678934, 3.5420852918, 2.7845007238, 1.2492096618, 5.2446669124, 2.8141784128, 2.0470644747, 1.6716337185, 0.36679432854, 0.64113088611, 0.057002499951, 0.22170648144, 0.31704463924, 0.38950650956, 0.65472415879, 0.3135206061, 0.26111273188, 0.53112559565, 0.51702323022, 0.45314931453, 0.74439021009, 0.44870050133, 0.1919297779, 0.43604872282, 0.20767478564, 0.2937840208, 0.49113544411, 0.76820701244, 0.21029317407, 0.24473796523, 0.11239587213, 0.30684591308, 0.30825422484, 0.082266740789, 0.34249983172, 0.52541359989, 0.47790683553, 0.48642384421, 0.54440708587, 0.43977402959, 0.46397535199, 0.32934737772, 0.29062348858, 0.18495570162, 0.21782000653]
    ],
    [
      [0.86493770495, 0.64757716775, 0.71491026499, 0.56575865292, 0.60308569273, 1.2067235228, 0.32052740854, 0.66751722639, 0.53454219944, 0.88291075701, 0.37765219456, 0.81644549542, 2.4110014495, 5.5173450754, 6.2689752697, 4.29336041, 5.9082607716, 8.3140483547, 5.4218581078, 0.59898828341, 1.2501052043, 0.60929334123, 1.1161850488, 0.65799295348, 0.37886588596, 1.0844138841, 0.34318134054, 0.43682865897, 0.23409829689, 0.38087475735, 0.28477498659, 0.56114007567, 0.52901161662, 0.79901198998, 0.88252170846, 0.44503282224, 0.2971139712, 0.61178760242, 0.53702539624, 0.51824752969, 0.57982051901, 0.53187354449, 0.59469915487, 0.24096589676, 0.53824641561, 0.60332433379, 0.9495099353, 0.75767809544, 0.93969638055, 0.80236970627],
      [1.1768632834, 0.95491807785, 1.0135853674, 0.65836659606, 0.88472012855, 1.5828254449, 0.48664954925, 0.41419794458, 2.772679855, 0.79443693762, 0.79368270423, 1.0103714609, 4.6728228864, 8.3445307942, 7.8338772107, 7.3544231702, 13.1445367871, 5.0090429735, 5.1675054086, 0.41739016316, 2.086999247, 1.653712332, 0.69385335058, 0.50560528145, 0.71305275109, 0.80479505217, 0.61733177394, 0.89610480443, 0.47710276622, 0.42209723081, 0.38375502294, 0.30201109952, 0.67296096565, 1.1688406851, 1.4957347444, 0.68605767167, 0.4175569292, 1.342738055, 1.1502968151, 0.49164335915, 0.88271718128, 0.65999996269, 1.2579170238, 0.15315540446, 0.89148083193, 0.60038963054, 1.5999580321, 1.0602695437, 1.1084169837, 1.3718731236],
      [0.051708578491, 0.052560989855, 0.081256532267, 0.031332043375, 0.041880804139, 0.13872531921, 0.037165243179, 0.036861601538, 0.10498182049, 0.057680288385, 0.04679298079, 0.064851006021, 0.20629538108, 0.58156449728, 0.21541429981, 0.56401674679, 0.48150150109, 0.29911020911, 0.3867510705, 0.048806916198, 0.084898498011, 0.084874954005, 0.064982401547, 0.047505058892, 0.033998749954, 0.081467619714, 0.032256437945, 0.042738639679, 0.016320273931, 0.027346546763, 0.026665563314, 0.04353631695, 0.034127989538, 0.047096081952, 0.075664924622, 0.05618075678, 0.027134619418, 0.06420489216, 0.065605747642, 0.035128805821, 0.066802621817, 0.039029011245, 0.057791577907, 0.011366202092, 0.05729581334, 0.044984069925, 0.072047617905, 0.071655476958, 0.067339340262, 0.074722442864],
      [6.9064904332, 3.3449437645, 5.1902478354, 3.7445427076, 4.4703133746, 8.071725713, 4.155657799, 2.8814232275, 4.587796125, 7.264972017, 3.7818721204, 4.1083320376, 19.709880283, 44.5565596332, 41.6817332198, 44.788199673, 44.4657009403, 41.3777984627, 31.0238854131, 3.9348146372, 7.5779970507, 3.6521193728, 8.1249791991, 4.7888967062, 4.874082613, 7.029323444, 2.0072304476, 3.6243278969, 2.272478663, 2.1696814651, 2.3048044272, 4.0933125079, 4.7638994282, 3.9850512429, 4.5460786225, 2.8127287493, 3.2581944802, 4.9812694504, 4.247072041, 2.9549803053, 5.4706596779, 3.7690974816, 5.0895922434, 1.5945124967, 5.5129769391, 3.7513019657, 7.3784844147, 5.1103968839, 4.8845472955, 6.7510347272]
    ],
    [
