{
  "X": [
    [29, 26, 36, 9],
    [24, 19, 33, 24],
    [17, 26, 40, 17],
    [21, 18, 46, 15],
    [16, 36, 35, 13],
    [28, 16, 41, 15],
    [25, 28, 28, 19],
    [27, 13, 35, 25],
    [28, 21, 27, 24],
    [29, 15, 27, 29],
    [32, 16, 29, 23],
    [23, 24, 29, 24],
    [45, 20, 19, 16],
    [49, 20, 16, 15],
    [54, 18, 13, 15],
    [42, 24, 20, 14],
    [57, 14, 19, 10],
    [57, 14, 15, 14],
    [50, 21, 18, 11],
    [43, 15, 18, 24],
    [43, 12, 26, 19],
    [47, 16, 23, 14],
    [43, 12, 26, 19],
    [51, 13, 14, 22],
    [45, 9, 17, 29],
    [26, 12, 47, 15],
    [23, 14, 47, 16],
    [31, 8, 44, 17],
    [28, 9, 46, 17],
    [29, 11, 44, 16],
    [31, 7, 44, 18],
    [45, 13, 31, 11],
    [55, 12, 11, 22],
    [47, 9, 31, 13],
    [45, 16, 17, 22],
    [45, 13, 27, 15],
    [43, 13, 27, 17],
    [48, 14, 24, 14],
    [63, 11, 22, 4],
    [60, 7, 25, 8],
    [50, 7, 35, 8],
    [57, 13, 22, 8],
    [56, 7, 27, 10],
    [58, 17, 15, 10],
    [43, 25, 21, 11],
    [50, 29, 14, 7],
    [61, 21, 7, 11],
    [50, 23, 16, 11],
    [48, 23, 16, 13],
    [55, 22, 12, 11]
  ],
  "W": [
    [56, 6, 8, 3, 8, 4, 8, 7],
    [48, 9, 8, 9, 4, 9, 6, 7],
    [59, 3, 3, 9, 7, 5, 7, 7],
    [57, 6, 4, 7, 8, 9, 2, 7],
    [55, 6, 4, 12, 6, 4, 7, 6],
    [49, 7, 4, 7, 9, 9, 7, 8],
    [24, 49, 5, 0, 4, 3, 7, 8],
    [6, 55, 8, 6, 8, 3, 8, 6],
    [5, 61, 8, 7, 4, 5, 7, 3],
    [7, 56, 7, 5, 9, 5, 5, 6],
    [6, 55, 4, 8, 2, 9, 7, 9],
    [6, 56, 7, 10, 4, 7, 4, 6],
    [5, 36, 28, 9, 6, 4, 5, 7],
    [8, 3, 56, 6, 3, 6, 11, 7],
    [5, 4, 66, 7, 10, 1, 6, 1],
    [8, 6, 42, 9, 12, 8, 9, 6],
    [7, 7, 60, 7, 9, 4, 1, 5],
    [7, 4, 62, 5, 7, 6, 6, 3],
    [7, 5, 41, 16, 7, 5, 9, 10],
    [4, 9, 13, 50, 7, 3, 6, 8],
    [4, 4, 10, 57, 7, 8, 8, 2],
    [5, 4, 9, 53, 9, 5, 6, 9],
    [9, 10, 7, 50, 5, 9, 5, 5],
    [6, 7, 5, 61, 4, 6, 5, 6],
    [10, 5, 7, 54, 5, 7, 7, 5],
    [8, 6, 5, 6, 52, 9, 8, 6],
    [6, 6, 7, 5, 64, 6, 3, 3],
    [8, 5, 12, 7, 51, 7, 4, 6],
    [5, 3, 7, 7, 57, 10, 9, 2],
    [10, 6, 9, 5, 50, 9, 6, 5],
    [8, 7, 4, 6, 55, 4, 8, 8],
    [9, 5, 9, 3, 13, 46, 9, 6],
    [3, 7, 9, 5, 7, 55, 5, 9],
    [5, 7, 4, 8, 11, 58, 3, 4],
    [3, 8, 10, 9, 7, 52, 6, 5],
    [13, 2, 2, 9, 5, 58, 2, 9],
    [7, 6, 7, 10, 7, 53, 7, 3],
    [8, 6, 3, 6, 10, 29, 32, 6],
    [7, 6, 3, 6, 8, 4, 54, 12],
    [4, 8, 9, 8, 3, 10, 53, 5],
    [9, 9, 6, 5, 11, 4, 51, 5],
    [5, 6, 2, 8, 6, 11, 56, 6],
    [6, 3, 5, 5, 5, 7, 62, 7],
    [3, 7, 9, 5, 4, 5, 49, 18],
    [7, 7, 6, 8, 9, 8, 5, 50],
    [5, 6, 6, 4, 4, 5, 7, 63],
    [3, 8, 6, 3, 2, 8, 7, 63],
    [9, 7, 3, 8, 6, 8, 4, 55],
    [5, 7, 6, 7, 6, 9, 8, 52],
    [6, 4, 0, 5, 8, 6, 8, 63]
  ],
  "method": "exact",
  "cond_prob": [
    [
      [0.063408551393, 0.36062680679, 0.48300244218, 0.092962199633],
      [0.2496249273, 0.24263839709, 0.28247158433, 0.22526509127],
      [0.75701556228, 0.16456957323, 0.026806119433, 0.051608745051],
      [0.63744647474, 0.09141156322, 0.11634521648, 0.15479674556],
      [0.21442606414, 0.051681819132, 0.61687896616, 0.11701315056],
      [0.68440734193, 0.080622772419, 0.13806340132, 0.09690648433],
      [0.82264455079, 0.031609225165, 0.13749457312, 0.0082516509292],
      [0.70695904978, 0.25277967393, 0.015186743924, 0.025074532366]
    ],
    [
      [0.034121241619, 0.25937841041, 0.49191961484, 0.21458073313],
      [0.11991875413, 0.15665647865, 0.2580562328, 0.46536853441],
      [0.60299816369, 0.17759843693, 0.040746364685, 0.1786570347],
      [0.38373323454, 0.07480990864, 0.13462008181, 0.40683677501],
      [0.10930636229, 0.035415406575, 0.59826850543, 0.2570097257],
      [0.46185528102, 0.073877416961, 0.17890502354, 0.28536227848],
      [0.7069236408, 0.036662565314, 0.22569472639, 0.030719067501],
      [0.59569462451, 0.28847393547, 0.024344735288, 0.091486704732]
    ],
    [
      [0.024599459178, 0.32625358983, 0.49882437871, 0.15032257228],
      [0.099072659995, 0.22604695061, 0.30049452367, 0.37438586573],
      [0.52827738798, 0.27029498852, 0.050071871773, 0.15135575172],
      [0.34953229354, 0.1184670871, 0.17219324596, 0.3598073734],
      [0.086536260757, 0.048938684515, 0.6666934632, 0.19783159153],
      [0.41316433814, 0.11482714943, 0.22465141978, 0.24735709265],
      [0.63353386238, 0.056874397229, 0.28306374858, 0.026527991816],
      [0.48778265285, 0.4115687542, 0.028052239231, 0.072596353712]
    ],
    [
      [0.038368686614, 0.23194104944, 0.598466097, 0.13122416694],
      [0.1545724701, 0.16025873101, 0.35926577813, 0.32590302076],
      [0.68366165029, 0.15808317908, 0.049389591266, 0.10886557937],
      [0.47611347837, 0.073051619005, 0.17887405731, 0.27196084532],
      [0.11844164856, 0.030502853515, 0.6998257884, 0.15122970952],
      [0.53368992149, 0.067219485399, 0.22148062102, 0.17760997209],
      [0.71072189072, 0.029088586975, 0.24350806951, 0.016681452795],
      [0.66370326134, 0.25241976796, 0.029030428636, 0.054846542066]
    ],
    [
      [0.019794084336, 0.45029598152, 0.43147472044, 0.098435213698],
      [0.088765798152, 0.34799725777, 0.28994392944, 0.27329301464],
      [0.44998312195, 0.39801461497, 0.046227406533, 0.10577485655],
      [0.33856672138, 0.19713230031, 0.17969443262, 0.28460654569],
      [0.08237691422, 0.079899064757, 0.68426717472, 0.1534568463],
      [0.3916344557, 0.18713242255, 0.22969318316, 0.19153993859],
      [0.59826820619, 0.092402415405, 0.2888399294, 0.020489449007],
      [0.37788677945, 0.55222506994, 0.023621449105, 0.046266701504]
    ],
    [
      [0.048981330808, 0.23090079484, 0.57747021984, 0.14264765452],
      [0.1865702329, 0.15074899337, 0.32763025875, 0.33505051498],
      [0.72871011481, 0.13198152444, 0.040031255312, 0.099277105439],
      [0.52866124276, 0.063359273622, 0.15048942578, 0.25749005783],
      [0.14813879417, 0.029695066963, 0.66118746362, 0.16097867524],
      [0.58930674321, 0.057997763873, 0.18536245593, 0.16733303699],
      [0.76194485193, 0.024423550357, 0.19833059746, 0.015301000254],
      [0.7134787752, 0.21237209452, 0.023716619599, 0.050432510681]
    ],
    [
      [0.042523941827, 0.3990094617, 0.44087686233, 0.11758973414],
      [0.17047870505, 0.27519735055, 0.26410734606, 0.29021659833],
      [0.64777573067, 0.2361132183, 0.031616137946, 0.084494913084],
      [0, 0, 0, 0],
      [0.15684604747, 0.062623141356, 0.61857069727, 0.1619601139],
      [0.57273446156, 0.11291902926, 0.1594125552, 0.15493395398],
      [0.76117809636, 0.048860992911, 0.175371885, 0.014589025732],
      [0.58915699326, 0.3534075059, 0.017436375937, 0.039999124897]
    ],
    [
      [0.03342508235, 0.20627735257, 0.62216829627, 0.13812926882],
      [0.13518717544, 0.14387727323, 0.37659638565, 0.34433916568],
      [0.65593313482, 0.15827840129, 0.057512241288, 0.1282762226],
      [0.43276935347, 0.068836644356, 0.19677403129, 0.30161997089],
      [0.10115314102, 0.026598829609, 0.71593675684, 0.15631127253],
      [0.48997685014, 0.064031643914, 0.24647107626, 0.19952042968],
      [0.67177132624, 0.028614512956, 0.28020760078, 0.01940656002],
      [0.64445789476, 0.2560061847, 0.034146467326, 0.065389453214]
    ],
    [
      [0.037992135989, 0.34515732535, 0.49168695162, 0.12516358703],
      [0.15311903052, 0.23970384926, 0.29652123861, 0.31065588161],
      [0.63569560219, 0.22589472975, 0.03892980399, 0.099479864074],
      [0.47508523119, 0.11103102904, 0.15017663033, 0.26370710944],
      [0.13247666226, 0.051202204554, 0.65320577243, 0.16311536075],
      [0.53585488898, 0.10288429166, 0.18739512755, 0.1738656918],
      [0.72690592677, 0.045487918545, 0.21085479729, 0.016751357387],
      [0.58703148045, 0.34341927358, 0.021770844644, 0.047778401317]
    ],
    [
      [0.046833727175, 0.27003243101, 0.50622135762, 0.1769124842],
      [0.16862780642, 0.16719230407, 0.27211724166, 0.39206264784],
      [0.68743352463, 0.15453611485, 0.035025324183, 0.12300503633],
      [0.48847966532, 0.072333991762, 0.12866168882, 0.3105246541],
      [0.14782281586, 0.036201381405, 0.60737973232, 0.20859607042],
      [0.56044047945, 0.068160047443, 0.16321014599, 0.20818932712],
      [0.76487975454, 0.030317514204, 0.18463208033, 0.020170650924],
      [0.66959453971, 0.24756349187, 0.020628421305, 0.062213547115]
    ],
    [
      [0.040649256178, 0.25744525697, 0.5741498932, 0.12775559365],
      [0.16284525003, 0.17777512734, 0.34398652826, 0.31539309436],
      [0.68295469577, 0.16945054127, 0.04559387778, 0.10200088519],
      [0.49056077874, 0.080080466589, 0.16922686829, 0.26013188638],
      [0.12789143506, 0.034494787569, 0.68732610853, 0.15028766884],
      [0.54763428514, 0.073482166268, 0.20908958311, 0.16979396549],
      [0.72307498816, 0.031682691608, 0.22929699709, 0.015945323148],
      [0.65525492719, 0.26746029376, 0.026457076021, 0.050827703025]
    ],
    [
      [0.025955148045, 0.35290479173, 0.50474228618, 0.11639777404],
      [0.11077360159, 0.2600479701, 0.32291311635, 0.30626531196],
      [0.54370449716, 0.29024190867, 0.050073789439, 0.11597980473],
      [0.38680393864, 0.13577840171, 0.18423264083, 0.29318501882],
      [0.093611878238, 0.054290364686, 0.69495827405, 0.15713948302],
      [0.44280495903, 0.12769920083, 0.23338142956, 0.19611441058],
      [0.64020620271, 0.06008507501, 0.27961731077, 0.020091411507],
      [0.48867825322, 0.42983523023, 0.027266081107, 0.054220435439]
    ],
    [
      [0.053709969927, 0.369979866, 0.46239910689, 0.11391105718],
      [0.20926920941, 0.24825167796, 0.26852791215, 0.27395120049],
      [0.70800671688, 0.19163350041, 0.028745312613, 0.0716144701],
      [0.57298058452, 0.10175988624, 0.11992000749, 0.20533952176],
      [0.18590261485, 0.054443889641, 0.61201478728, 0.14763870823],
      [0.62997151033, 0.092018304564, 0.14600955317, 0.13200063193],
      [0.79649139413, 0.038072930958, 0.15355015609, 0.011885518826],
      [0.65699808247, 0.29233743789, 0.016139012984, 0.034525466658]
    ],
    [
      [0.028355652945, 0.28345903324, 0.54193520502, 0.14625010879],
      [0.11389545529, 0.19698730573, 0.32365150771, 0.36546573127],
      [0.57556153192, 0.22945719434, 0.051701667675, 0.14327960606],
      [0.38275139079, 0.099899248702, 0.17809198674, 0.33925737376],
      [0.093392458666, 0.039914431283, 0.68588801915, 0.1808050909],
      [0.4446864551, 0.0955276161, 0.22984268259, 0.22994324621],
      [0.64987822297, 0.045725307233, 0.28059554142, 0.023800928379],
      [0.5437939599, 0.3566400102, 0.029492488251, 0.070073541655]
    ],
    [
      [0.043529971903, 0.3484238493, 0.44002854509, 0.16801763371],
      [0.15940757367, 0.21998801146, 0.23854610904, 0.38205830583],
      [0.64536971398, 0.20474038977, 0.030427095278, 0.11946280097],
      [0.4737528825, 0.098405620712, 0.11566518975, 0.31217630704],
      [0.14944763165, 0.050907738615, 0.58283317689, 0.21681145284],
      [0.54757085722, 0.093593105129, 0.14827308266, 0.210562955],
      [0.76408878597, 0.042762005566, 0.17232127804, 0.020827930424],
      [0.60746865593, 0.31698111304, 0.017295701943, 0.058254529086]
    ],
    [
      [0.029339393318, 0.4022369448, 0.44874546033, 0.11967820155],
      [0.12210081689, 0.28930944233, 0.27928001124, 0.30930972953],
      [0.551435988, 0.30042219629, 0.03999240958, 0.10814940613],
      [0.41159031604, 0.14672506549, 0.15429450011, 0.28739011835],
      [0.11095046236, 0.06485103826, 0.65398974153, 0.17020875785],
      [0.47250853136, 0.13857971559, 0.19640138725, 0.1925103658],
      [0.67983794155, 0.065195288475, 0.23534575881, 0.019621011164],
      [0.48967338977, 0.43906369565, 0.021470786812, 0.049792127766]
    ],
    [
      [0.044865916975, 0.23197486661, 0.62683125168, 0.096327964735],
      [0.18886628364, 0.1686111786, 0.39082057705, 0.25170196071],
      [0.72892945575, 0.14916912253, 0.047119983204, 0.074781438516],
      [0.54495396269, 0.073108894924, 0.18283428368, 0.1991028587],
      [0.13563463518, 0.029926746735, 0.72521593213, 0.10922268595],
      [0.58961527176, 0.065119780956, 0.21951179767, 0.12575314961],
      [0.73445954566, 0.026603409027, 0.22780041159, 0.011136633718],
      [0.69995943247, 0.23551296279, 0.02732144589, 0.037206158851]
    ],
    [
      [0.044774681041, 0.25469111433, 0.54289685628, 0.15763734835],
      [0.16779832933, 0.16459871537, 0.30065424932, 0.36694870597],
      [0.68945777641, 0.15534887403, 0.038826151295, 0.11636719827],
      [0.49011401753, 0.072352268062, 0.14301990864, 0.29451380577],
      [0.13869664168, 0.03361187176, 0.64451065875, 0.18318082781],
      [0.55680516905, 0.06765221827, 0.18028620531, 0.19525640737],
      [0.74933449045, 0.029833649929, 0.20218867705, 0.018643182573],
      [0.67023908049, 0.24839249887, 0.022786726632, 0.058581694005]
    ],
    [
      [0.035444707527, 0.35244595858, 0.5159553815, 0.096153952391],
      [0.15207344918, 0.26138741245, 0.33014215907, 0.2563969793],
      [0.62731302746, 0.24783693902, 0.04301468498, 0.081835348534],
      [0.48138121509, 0.12445183921, 0.17073138715, 0.22343555855],
      [0.12427612229, 0.052690401314, 0.69637410609, 0.12665937031],
      [0.53271772918, 0.1133482615, 0.20963780135, 0.14429620797],
      [0.70569854145, 0.049185188134, 0.23154367733, 0.013572593085],
      [0.56847778591, 0.36951564905, 0.023559641023, 0.038446924026]
    ],
    [
      [0.037127273731, 0.33514832138, 0.47233073165, 0.15539367324],
      [0.14203554388, 0.22083860707, 0.26959677237, 0.36752907669],
      [0.61766884196, 0.22064094503, 0.037259051817, 0.12443116119],
      [0.44284333812, 0.1033979444, 0.13782555274, 0.31593316475],
      [0.12773930081, 0.048884762795, 0.62291408745, 0.20046184894],
      [0.51165504473, 0.098281958254, 0.17655036727, 0.21351262974],
      [0.72463930256, 0.045505291504, 0.20833107118, 0.021524334756],
      [0.57804163795, 0.3404448478, 0.021078083793, 0.060435430458]
    ],
    [
      [0.030705945453, 0.27534312621, 0.5926574933, 0.10129343503],
      [0.13369417369, 0.20697632321, 0.38657608753, 0.27275341556],
      [0.62217362906, 0.22155519234, 0.057258353291, 0.099012825305],
      [0.44049935333, 0.10232621651, 0.20908762394, 0.24808680622],
      [0.10009117173, 0.038050486905, 0.73815128802, 0.12370705334],
      [0.48848229886, 0.093362621475, 0.25717800518, 0.16097707449],
      [0.65566370391, 0.040983088173, 0.28794391362, 0.015409294302],
      [0.57919693445, 0.34072842614, 0.032226606276, 0.04784803314]
    ],
    [
      [0.037138355125, 0.34811134188, 0.5326117042, 0.08213859879],
      [0.16305524844, 0.26383093243, 0.34996896964, 0.22314484949],
      [0.64667629474, 0.2402581856, 0.044118969281, 0.068946550377],
      [0.50721755708, 0.12307422744, 0.17835985545, 0.19134836004],
      [0.1294832758, 0.051484739058, 0.71164714275, 0.10738484239],
      [0.55236757665, 0.11029227579, 0.21542728333, 0.12191286423],
      [0.71105231409, 0.046473337322, 0.2312783244, 0.011196024186],
      [0.58510764476, 0.3583553091, 0.02414354337, 0.03239350277]
    ],
    [
      [0.037645011918, 0.25326642387, 0.59857133849, 0.11051722573],
      [0.15745356957, 0.18257746177, 0.37429159619, 0.28567737247],
      [0.67464639364, 0.17918395417, 0.050932339786, 0.095237312399],
      [0.48475678829, 0.084233370802, 0.18874492988, 0.24226491103],
      [0.11837419716, 0.033799574046, 0.71769154395, 0.13013468485],
      [0.53558935749, 0.076578708486, 0.23120809512, 0.1566238389],
      [0.70056632163, 0.032774938326, 0.25204725097, 0.014611489077],
      [0.64225764319, 0.28135808199, 0.029320457723, 0.047063817098]
    ],
    [
      [0.055706465654, 0.36955318173, 0.41794625813, 0.15679409448],
      [0.20035604203, 0.22782787551, 0.22345927732, 0.34835680515],
      [0.69867963811, 0.18187653687, 0.024787487079, 0.094656337948],
      [0.54603519812, 0.092914742599, 0.099689160432, 0.26136089885],
      [0.19208570035, 0.053678163455, 0.55174768694, 0.20248844926],
      [0.61632931304, 0.086281661385, 0.12472821821, 0.17266080736],
      [0.81008597883, 0.037098931161, 0.13662246207, 0.016192627937],
      [0.65749584374, 0.28213442004, 0.014109820139, 0.046259916076]
    ],
    [
      [0.050221807603, 0.24364627385, 0.47648902663, 0.22964289191],
      [0.16495151068, 0.13696902207, 0.2323454838, 0.46573398345],
      [0.68757775736, 0.13070685623, 0.030782492322, 0.15093289409],
      [0.46890871443, 0.058346673604, 0.1082359359, 0.36450867606],
      [0.15315500907, 0.031336407224, 0.55340708719, 0.26210149652],
      [0.55162126442, 0.056459112919, 0.14108469313, 0.25083492953],
      [0.78203083507, 0.026155069957, 0.16650417483, 0.025309920139],
      [0.68751394962, 0.21560849333, 0.018601363572, 0.078276193478]
    ],
    [
      [0.032625248285, 0.3306766722, 0.5180994947, 0.11859858482],
      [0.1356040237, 0.2361875112, 0.32314109424, 0.30506737086],
      [0.60825336773, 0.24104736528, 0.045828442226, 0.10487082477],
      [0.44169647746, 0.11446809752, 0.17203687303, 0.27179855199],
      [0.11305101801, 0.048255938905, 0.68459490093, 0.15409814215],
      [0.49937993914, 0.10631516848, 0.21509425887, 0.1792106335],
      [0.6888890659, 0.047701488407, 0.24592830926, 0.017481136432],
      [0.55829054202, 0.36627648283, 0.025464062556, 0.04996891259]
    ],
    [
      [0.034481624847, 0.43227974777, 0.42123942465, 0.11199920273],
      [0.14302382143, 0.30759625015, 0.26242637608, 0.28695355234],
      [0.58797015123, 0.28718380024, 0.03421304112, 0.090633007408],
      [0.46141219625, 0.14721190958, 0.13837485733, 0.25300103684],
      [0.13510561932, 0.071051874462, 0.62932039227, 0.16452211395],
      [0.52262730316, 0.13692162528, 0.17323342579, 0.16721764577],
      [0.72349081711, 0.061550944158, 0.19857965782, 0.01637858091],
      [0.51970645847, 0.42029843773, 0.018331662661, 0.041663441137]
    ],
    [
      [0.044620679418, 0.22613693425, 0.57585848126, 0.15338390507],
      [0.16880688894, 0.1466906558, 0.32586236323, 0.35864009203],
      [0.70365797274, 0.13906435733, 0.042854807176, 0.11442286275],
      [0.49383006129, 0.063954055445, 0.15565796247, 0.2865579208],
      [0.13496291016, 0.028806219901, 0.66253015171, 0.17370071823],
      [0.55753681654, 0.059340123252, 0.19433645012, 0.18878661009],
      [0.74193195932, 0.025750720433, 0.21451489244, 0.017802427806],
      [0.69078334117, 0.22558326858, 0.025417408737, 0.058215981521]
    ],
    [
      [0.036439317118, 0.31823137332, 0.5051083141, 0.14022099547],
      [0.14377013866, 0.21500065747, 0.29900523786, 0.34222396601],
      [0.62934293493, 0.21422579144, 0.041458316057, 0.11497295758],
      [0.45170644771, 0.10034199009, 0.15371892186, 0.29423264034],
      [0.12362803281, 0.045162655088, 0.65290947815, 0.17829983395],
      [0.51580303163, 0.094118534309, 0.19407497021, 0.19600346385],
      [0.71526799548, 0.042423405223, 0.22307762495, 0.019230974343],
      [0.58845358721, 0.33229968009, 0.023456734486, 0.055789998212]
    ],
    [
      [0.0408905493, 0.30212787516, 0.52120720359, 0.13577437195],
      [0.16050921327, 0.20346141637, 0.30651974751, 0.32950962285],
      [0.66417560567, 0.19125829749, 0.040100213667, 0.10446588318],
      [0.48510930443, 0.091508953652, 0.15133446016, 0.27204728176],
      [0.13499303118, 0.042000963357, 0.65510838095, 0.16789762451],
      [0.54731553588, 0.084823641116, 0.18878995676, 0.17907086625],
      [0.73547959166, 0.037124432707, 0.21035571688, 0.017040258754],
      [0.62730866443, 0.29857515408, 0.022914459153, 0.051201722337]
    ],
    [
      [0.053342289488, 0.22244122591, 0.5526926554, 0.17152382921],
      [0.19053477915, 0.13581094421, 0.29532439014, 0.3783298865],
      [0.73402245636, 0.118622719, 0.035948836036, 0.1114059886],
      [0.52620435725, 0.055766042693, 0.13320858514, 0.28482101491],
      [0.15846198539, 0.027704296297, 0.62334341874, 0.19049029958],
      [0.59429824888, 0.051737846359, 0.16627945377, 0.18768445099],
      [0.77956047232, 0.022117045859, 0.18087540896, 0.017447072866],
      [0.72713953635, 0.19413530031, 0.021516506699, 0.057208656642]
    ],
    [
      [0.036454948682, 0.29273671036, 0.58301730588, 0.087791035077],
      [0.15932321775, 0.22068208104, 0.38185325493, 0.23814144629],
      [0.66250400772, 0.21031261664, 0.050509269292, 0.076674106348],
      [0.49714176829, 0.10311206668, 0.19532917687, 0.20441698816],
      [0.11979167833, 0.040763871865, 0.73130258575, 0.10814186405],
      [0.54163321963, 0.092426005465, 0.23589683566, 0.13004393924],
      [0.69644971718, 0.038874666973, 0.25278586854, 0.011889747303],
      [0.61347677045, 0.32140181057, 0.028291024381, 0.036830394599]
    ],
    [
      [0.060435400903, 0.38371825911, 0.32543113963, 0.23041520035],
      [0.19064322846, 0.20694441034, 0.15257791179, 0.44983444942],
      [0.68594934864, 0.17084638251, 0.017507980708, 0.12569628815],
      [0.51461356886, 0.08375115584, 0.06759867995, 0.33403659535],
      [0.21003568854, 0.055995649719, 0.43363521085, 0.30033345089],
      [0.60283140496, 0.080705422782, 0.087726617332, 0.22873655492],
      [0.83895443008, 0.036725739903, 0.10168106102, 0.022638768996],
      [0.65742555253, 0.26994051422, 0.010142248686, 0.062491684561]
    ],
    [
      [0.040020678927, 0.23045601053, 0.63680703833, 0.092716272212],
      [0.17208601663, 0.17077501558, 0.41011843828, 0.24702052951],
      [0.70683856074, 0.16077341541, 0.053611931123, 0.078776092725],
      [0.51694714748, 0.07676718094, 0.20203119424, 0.20425447734],
      [0.12235137129, 0.029783184267, 0.74171551734, 0.1061499271],
      [0.55977209076, 0.068393261034, 0.24253588645, 0.12929876176],
      [0.70535300579, 0.028198166691, 0.2548367693, 0.011612058226],
      [0.6759144251, 0.25401126555, 0.030994012322, 0.039080297036]
    ],
    [
      [0.036220207361, 0.40704566074, 0.38996827179, 0.16676586011],
      [0.13523482215, 0.26148228123, 0.2177899796, 0.38549291702],
      [0.58202340485, 0.258831572, 0.029936374498, 0.12920864866],
      [0.42707215114, 0.12397110573, 0.11309264456, 0.33586409857],
      [0.13632314505, 0.064758737364, 0.56340269765, 0.23551541993],
      [0.50200248836, 0.11986965019, 0.14733531047, 0.23079255099],
      [0.7379130736, 0.057547570468, 0.18043209901, 0.024107256927],
      [0.5319415081, 0.39022614046, 0.016546035999, 0.061286315439]
    ],
    [
      [0.037456597426, 0.27609115589, 0.57278393672, 0.11366830997],
      [0.15529581838, 0.19723952794, 0.35538013082, 0.29208452286],
      [0.66216590748, 0.19284992088, 0.048247543805, 0.09673662783],
      [0.47986402523, 0.091373170605, 0.18012583498, 0.24863696919],
      [0.12073831308, 0.037753709992, 0.70420350203, 0.1373044749],
      [0.53315172188, 0.083542034515, 0.22186071061, 0.161445533],
      [0.70438644985, 0.036117469505, 0.24431428066, 0.015181799986],
      [0.62490002453, 0.30020400551, 0.027539296884, 0.047356673083]
    ],
    [
      [0.032170812553, 0.30320763046, 0.54690204648, 0.11771951051],
      [0.13440829059, 0.21842246591, 0.34245922146, 0.30471002204],
      [0.61311269497, 0.22892498996, 0.049827568833, 0.10813474624],
      [0.43712715293, 0.10653369165, 0.18299714896, 0.27334200646],
      [0.10795881877, 0.043100294725, 0.70089277183, 0.14804811467],
      [0.49259394333, 0.098764269693, 0.2286102751, 0.18003151188],
      [0.67642192029, 0.044326626538, 0.26166526742, 0.017586185746],
      [0.56905000155, 0.3509017342, 0.027971673059, 0.052076591186]
    ],
    [
      [0.035495889152, 0.38012473573, 0.44441451045, 0.13996486467],
      [0.13942234955, 0.25684407263, 0.26175637082, 0.341977207],
      [0.59802707718, 0.25271488284, 0.035877874574, 0.11338016541],
      [0.44260430879, 0.12204244583, 0.13663444089, 0.29871880449],
      [0.12956673852, 0.05848230015, 0.6203075703, 0.19164339104],
      [0.50965238995, 0.11553700901, 0.17428313489, 0.20052746615],
      [0.72126681072, 0.053327553942, 0.20533091753, 0.020074717806],
      [0.54561117807, 0.38094339434, 0.019804907785, 0.053640519809]
    ],
    [
      [0.056242165606, 0.35026468763, 0.52678478972, 0.066708357038],
      [0.23716860045, 0.25376529989, 0.33213110096, 0.17693499869],
      [0.74374650536, 0.18116299304, 0.03309011306, 0.042000388539],
      [0.62873383467, 0.10002508792, 0.14392432116, 0.12731675625],
      [0.18926187865, 0.049408778073, 0.67718535124, 0.084143992029],
      [0.66579004883, 0.087086008182, 0.16888396729, 0.078239975692],
      [0.7921132282, 0.033867050174, 0.16745177748, 0.0065679441499],
      [0.68569009724, 0.27579007615, 0.018457411418, 0.020062415194]
    ],
    [
      [0.043026137444, 0.21393181602, 0.63387285863, 0.10916918791],
      [0.17689242285, 0.15149574952, 0.39012944119, 0.28148238645],
      [0.7202554884, 0.1413770054, 0.050605384776, 0.087762121417],
      [0.5191865647, 0.066465158154, 0.18795599553, 0.22639228162],
      [0.12867167236, 0.026906885312, 0.72221430867, 0.12220713365],
      [0.56819753162, 0.059798461258, 0.22802492702, 0.1439790801],
      [0.72100681179, 0.024790308527, 0.24130329732, 0.01289958237],
      [0.69912255922, 0.2271201611, 0.029681930976, 0.044075348707]
    ],
    [
      [0.037104939899, 0.18993315826, 0.66816073394, 0.1048011679],
      [0.15738102532, 0.1388936646, 0.42512911014, 0.27859619994],
      [0.70291644067, 0.14181315072, 0.060355455756, 0.094914952856],
      [0.48554968364, 0.064004905929, 0.21515748045, 0.23528792998],
      [0.10960302628, 0.023661760273, 0.75088707393, 0.11584813951],
      [0.53174606894, 0.057607116923, 0.26101887713, 0.149627937],
      [0.68307850555, 0.024152549222, 0.27922383473, 0.013545110499],
      [0.68695158059, 0.22943346385, 0.035644474695, 0.047970480859]
    ],
    [
      [0.036719017605, 0.41884014501, 0.43759130801, 0.10684952937],
      [0.15206075898, 0.2984655647, 0.27202608466, 0.27744759166],
      [0.60713733227, 0.27317094524, 0.034750959886, 0.084940762599],
      [0.47888761276, 0.14032256608, 0.14092767863, 0.23986214254],
      [0.14013542715, 0.067026168759, 0.63973729018, 0.15310111391],
      [0.53827965914, 0.12961973516, 0.17552351788, 0.15657708782],
      [0.72956907878, 0.057252686779, 0.19824180987, 0.01493642457],
      [0.54015126102, 0.40199315144, 0.018706635492, 0.039148952046]
    ],
    [
      [0.033593896099, 0.21143907483, 0.57399359605, 0.18097343302],
      [0.12435659914, 0.13470572949, 0.31855366401, 0.42238400736],
      [0.62857364498, 0.1568623109, 0.051522231628, 0.16304181248],
      [0.39704030614, 0.064520672864, 0.16765938075, 0.37077964025],
      [0.10208669769, 0.027025600863, 0.66474112322, 0.20614657823],
      [0.46673489308, 0.06233880521, 0.21840435538, 0.25252194633],
      [0.6796277097, 0.029591704871, 0.26508016435, 0.025700421078],
      [0.62611447557, 0.25916401441, 0.030994725175, 0.083726784841]
    ],
    [
      [0.037607421777, 0.42325469389, 0.37791207994, 0.1612258044],
      [0.14010405683, 0.27171856322, 0.21079270462, 0.37738467534],
      [0.58819656703, 0.26234410211, 0.028277344822, 0.12118198604],
      [0.43883816547, 0.12780473025, 0.10867697547, 0.32468012882],
      [0.14375113804, 0.06829655605, 0.55591224977, 0.23204005615],
      [0.51461415704, 0.12320395312, 0.14124198781, 0.22093990202],
      [0.74796855541, 0.058430425588, 0.1710916032, 0.022509415805],
      [0.53444193633, 0.39309936455, 0.015527019572, 0.056931679547]
    ],
    [
      [0.027273815233, 0.27224220502, 0.5935449498, 0.10693902995],
      [0.11881363993, 0.20548218222, 0.38562739583, 0.29007678202],
      [0.59252607213, 0.23590519006, 0.060337242847, 0.11123149496],
      [0.40600018852, 0.10596885392, 0.21511251557, 0.27291844198],
      [0.088722804098, 0.037964425706, 0.74245701309, 0.1308557571],
      [0.45569145509, 0.097901753318, 0.26794453389, 0.1784622577],
      [0.62966683549, 0.044341870346, 0.30855149973, 0.017439794439],
      [0.55163717636, 0.36092288216, 0.033888862226, 0.053551079257]
    ],
    [
      [0.031791398998, 0.31233074912, 0.56747178885, 0.088406063034],
      [0.14096095914, 0.24002322293, 0.37355900895, 0.24545680898],
      [0.62196171637, 0.24388408909, 0.051355752183, 0.082798442357],
      [0.46170247299, 0.1186620684, 0.19873611434, 0.22089934428],
      [0.1066749933, 0.044933098605, 0.73666421784, 0.11172769025],
      [0.50820045928, 0.10752145408, 0.24298897194, 0.1412891147],
      [0.67216140345, 0.046648443458, 0.26801122583, 0.013178927264],
      [0.56736293597, 0.36533929111, 0.028262344758, 0.039035428164]
    ],
    [
      [0.057647795175, 0.3382276888, 0.4138629548, 0.19026156122],
      [0.19520294109, 0.19763800983, 0.20481550526, 0.40234354381],
      [0.70284517902, 0.16367905523, 0.022996911246, 0.1104788545],
      [0.53029700553, 0.080971943284, 0.090154306601, 0.29857674459],
      [0.18959205014, 0.047450864954, 0.52742194132, 0.23553514359],
      [0.60910889323, 0.076537736007, 0.11485375758, 0.19949961319],
      [0.81885609537, 0.033737438356, 0.12848997801, 0.01891648826],
      [0.67418131875, 0.25771201599, 0.013306966935, 0.054799698327]
    ],
    [
      [0.040593951727, 0.29730943434, 0.53207922576, 0.13001738817],
      [0.16115004158, 0.20403748395, 0.3134137575, 0.32139871697],
      [0.66463053532, 0.193303885, 0.040505841274, 0.10155973841],
      [0.48686848454, 0.092894797386, 0.1540724861, 0.26616423197],
      [0.13227994702, 0.04145736564, 0.66690889224, 0.1593537951],
      [0.54753038619, 0.085984107003, 0.1921244277, 0.17436107911],
      [0.73205780031, 0.037687487727, 0.21376751611, 0.016487195855],
      [0.62755655797, 0.29973664852, 0.023086807519, 0.049619985994]
    ],
    [
      [0.032000384581, 0.27624351721, 0.54465329324, 0.14710280497],
      [0.12676499648, 0.18945915805, 0.32067294154, 0.36310290393],
      [0.60817071447, 0.20944223644, 0.04836717035, 0.13401987874],
      [0.41196616108, 0.092984703486, 0.17022966044, 0.32481947499],
      [0.10367034601, 0.038316727144, 0.67880258761, 0.17921033924],
      [0.47537824153, 0.088308057892, 0.21797388947, 0.21833981111],
      [0.67775117502, 0.041260579502, 0.25900001843, 0.021988227053],
      [0.57879653918, 0.32750508547, 0.027762146531, 0.065936228814]
    ],
    [
      [0.048405443142, 0.32337446839, 0.45105642447, 0.17716366401],
      [0.17193929241, 0.19837358739, 0.2367957258, 0.3928913944],
      [0, 0, 0, 0],
      [0.49429537306, 0.086010230061, 0.11078656792, 0.30890782897],
      [0.15977397591, 0.045585627475, 0.57437674346, 0.22026365316],
      [0.56979347377, 0.081589515401, 0.14150876806, 0.20710824276],
      [0.781856969, 0.036694375914, 0.16142375125, 0.020024903841],
      [0.64442103023, 0.28076873921, 0.016779192768, 0.058031037793]
    ]
  ],
  "expected_outcome": [
    [
      [3.550878878, 1.6378195977, 1.4513680915, 2.187015137, 1.0886746385, 2.4000852096, 1.0205746038, 0.2005504941, 0.18996067995, 0.32783609023, 0.24389553707, 0.15573088827, 0.26854984963, 0.22684522356, 0.21764985951, 0.23471514654, 0.31406141883, 0.31342276729, 0.24811295269, 0.14850909493, 0.12282378181, 0.18569177562, 0.33880510726, 0.33423879393, 0.50221807603, 0.26100198628, 0.20688974908, 0.35696543535, 0.18219658559, 0.408905493, 0.4267383159, 0.32809453814, 0.18130620271, 0.20010339464, 0.10866062208, 0.48693576654, 0.22519568787, 0.28396711321, 0.39369515924, 0.17210454978, 0.33394445909, 0.18359508803, 0.20156337659, 0.11282226533, 0.19091670663, 0.15895699499, 0.17294338553, 0.36534556554, 0.16000192291, 0.29043265885],
      [20.1951011804, 12.4501636998, 19.2489617999, 13.2206398182, 24.7662789837, 11.3141389471, 9.5762270809, 1.2376641154, 1.7257866268, 1.890227017, 1.5446715418, 2.1174287504, 1.84989933, 2.2676722659, 1.7421192465, 3.2178955584, 1.6238240663, 1.7828378003, 2.4671217101, 1.3405932855, 1.1013725048, 1.7405567094, 2.2793978148, 2.2173190904, 2.4364627385, 2.6454133776, 2.5936784866, 1.809095474, 1.5911568666, 3.0212787516, 1.7795298073, 2.6346303932, 1.1511547773, 1.1522800526, 1.2211369822, 3.5891850266, 2.1224534132, 3.0409978858, 2.4518528134, 0.85572726407, 1.7093984243, 2.0942007251, 1.268634449, 1.2697640817, 1.9056954352, 1.5616537456, 1.0146830664, 2.675784909, 1.381217586, 1.9402468103],
      [27.0481367621, 23.6121415121, 29.4306383441, 34.1125675291, 23.7311096244, 28.296040772, 10.5810446959, 3.7330097776, 2.4584347581, 3.5435495033, 3.4448993592, 3.0284537171, 2.3119955345, 4.3354816402, 2.2001427254, 3.5899636826, 4.3878187618, 3.800277994, 3.6116876705, 1.8893229266, 2.3706299732, 2.663058521, 5.3871420464, 2.5076775488, 4.7648902663, 4.1447959576, 2.5274365479, 4.6068678501, 2.5255415705, 5.2120720359, 4.4215412432, 5.2471557529, 0.9762934189, 3.1840351917, 1.1699048154, 7.4461911773, 3.8283143254, 3.5553160836, 3.6874935281, 2.5354914345, 6.0134466055, 2.1879565401, 3.4439615763, 1.1337362398, 4.1548146486, 2.8373589442, 1.2415888644, 4.7887130319, 2.7232664662, 2.7063385468],
      [5.2058831795, 10.2998751904, 8.8690317644, 7.4797775157, 5.4139367534, 6.9897350713, 2.8221536194, 0.82877561289, 0.62581793516, 1.2383873894, 0.76653356193, 0.69838664427, 0.56955528591, 1.1700008703, 0.84008816853, 0.95742561239, 0.67429575314, 1.1034614384, 0.67307766674, 0.62157469294, 0.40517374014, 0.41069299395, 0.99465503154, 0.9407645669, 2.2964289191, 0.94878867853, 0.67199521638, 1.2270712406, 0.70110497733, 1.3577437195, 1.3721906337, 0.79011931569, 0.69124560106, 0.46358136106, 0.50029758034, 1.4776880296, 0.82403657354, 1.1197189174, 0.46695849927, 0.43667675165, 0.94321051109, 0.53424764685, 1.0858405981, 0.4836774132, 0.74857320962, 0.44203031517, 0.57078468366, 1.1701564936, 0.73551402484, 1.062981984]
    ],
    [
      [1.4977495638, 1.0792687872, 0.29721797999, 0.92743482058, 0.53259478891, 1.3059916303, 8.3534565476, 7.4352946494, 9.3402608615, 9.4431571598, 8.9564887518, 6.2033216889, 7.5336915387, 0.34168636587, 0.63763029467, 0.73260490133, 1.3220639855, 0.67119331733, 0.7603672459, 1.2783198949, 0.53477669477, 0.65222099376, 1.5745356957, 1.4024922942, 0.82475755338, 0.81362414219, 0.85814292856, 0.84403444471, 0.43131041597, 0.96305527962, 1.3337434541, 0.79661608874, 1.3345025992, 1.2046021164, 1.0818785772, 0.31059163676, 0.80644974354, 0.83653409729, 1.4230116027, 1.4151393828, 1.4164292278, 0.91236455387, 0.37306979742, 0.98072839778, 0.83169547952, 0.84576575482, 1.5616235288, 1.1280502911, 0.88735497533, 0.68775716964],
      [1.4558303825, 1.4099083078, 0.67814085182, 0.96155238607, 2.0879835466, 1.0552429536, 13.4846701768, 7.9132500277, 14.6219348049, 9.3627690281, 9.7776320038, 14.5626863258, 8.9370604064, 0.5909619172, 0.87995204586, 1.735856654, 1.1802782502, 0.6583948615, 1.3069370622, 1.9875474636, 0.82790529284, 1.0553237297, 1.8257746177, 1.5947951286, 0.68484511035, 1.4171250672, 1.8455775009, 0.73345327902, 0.64500197242, 1.2207684982, 0.9506766095, 1.1034104052, 1.4486108724, 1.195425109, 2.0918582498, 0.39447905588, 1.3105347954, 1.5410644358, 1.5225917994, 1.2119659961, 1.2500429814, 1.7907933882, 0.40411718848, 1.9020299425, 1.4383752755, 1.4401393376, 1.5811040786, 1.4282623877, 1.3262141064, 0.79349434956],
      [1.694829506, 2.3225060952, 0.901483571, 2.1555946688, 1.7396635767, 2.2934118112, 12.9412599572, 20.7128012107, 18.0877955552, 15.238565533, 18.9192590545, 18.0831345157, 9.6670048373, 0.97095452312, 0.95418443617, 1.6756800675, 2.7357440394, 1.2026169973, 1.6507107954, 2.4263709513, 1.5463043501, 1.3998758785, 3.7429159619, 1.5642149412, 1.161727419, 1.9388465654, 1.5745582565, 1.6293118161, 0.89701571358, 1.839118485, 2.067270731, 1.9092662746, 1.0680453825, 2.870829068, 1.7423198368, 0.71076026164, 2.0547553288, 1.5705382249, 1.9927866058, 3.1210355295, 3.8261619913, 1.6321565079, 0.95566099204, 1.4755489323, 2.6993917708, 2.2413540537, 1.6385240421, 2.1938963025, 2.2447105908, 0.9471829032],
      [1.3515905476, 4.1883168097, 1.1231575972, 1.9554181246, 1.6397580878, 2.3453536049, 14.2206133184, 18.9386541123, 18.9500087785, 21.9555082791, 17.34662019, 17.1508574696, 9.8622432177, 1.0963971938, 1.5282332233, 1.8558583772, 1.761913725, 1.4677948239, 1.2819848965, 3.3077616902, 1.0910136623, 0.89257939797, 2.8567737247, 2.438497636, 2.3286699173, 1.8304042252, 1.721721314, 1.7932004601, 1.026671898, 1.9770577371, 2.6483092055, 1.1907072314, 3.1488411459, 1.7291437066, 3.0839433362, 0.58416904572, 1.8282601323, 2.051863242, 1.0616099922, 2.2518590916, 2.5073657995, 1.66468555, 1.2671520221, 2.6416927274, 2.0305374741, 1.4727408539, 3.2187483505, 2.2497910188, 2.5417203275, 1.5715655776]
    ],
    [
      [6.0561244983, 4.8239853095, 1.584832164, 2.7346466011, 1.7999324878, 2.9148404592, 3.2388786534, 5.2474650786, 5.0855648175, 4.8120346724, 2.7318187831, 3.8059314801, 19.8241880727, 32.2314457874, 42.5944011229, 23.160311496, 43.7357673452, 42.7463821375, 25.719834126, 8.0296949455, 6.2217362906, 5.8200866527, 4.7225247555, 3.4933981905, 4.8130443015, 3.0412668386, 4.1157910586, 8.4438956728, 4.4054005445, 5.977580451, 2.9360898254, 5.9625360695, 6.1735441377, 2.827354243, 5.8202340485, 1.324331815, 4.2917888648, 1.7940812315, 2.2312395161, 6.4822993956, 4.217498644, 1.2142746645, 3.1428682249, 5.2937691032, 3.5551564328, 3.7317702982, 4.2170710741, 1.993891606, 3.6490242868, 0],
      [1.3165565859, 1.4207874954, 0.81088496557, 0.63233271631, 1.5920584599, 0.52792609778, 1.1805660915, 1.2662272103, 1.807157838, 1.081752804, 0.67780216506, 2.0316933607, 5.3657380114, 12.8496028832, 13.5128657249, 12.6177322441, 8.9501473517, 9.6316301898, 10.1613144999, 2.8683322853, 2.2155519234, 2.1623236704, 1.2542876792, 0.90938268433, 0.91494799361, 1.2052368264, 2.0102866017, 1.668772288, 1.4995805401, 1.7213246774, 0.47449087601, 1.8928135498, 1.5376174426, 0.64309366163, 2.58831572, 0.38569984176, 1.6024749297, 0.75814464852, 0.54348897912, 1.2723930486, 0.85087890433, 0.54634189049, 0.78431155452, 2.361096919, 1.4154311404, 1.4633045345, 0.98207433141, 0.57991165499, 1.2566534186, 0],
      [0.21444895547, 0.32597091748, 0.15021561532, 0.19755836506, 0.18490962613, 0.16012502125, 0.15808068973, 0.46009793031, 0.31143843192, 0.24517726928, 0.18237551112, 0.35051652607, 0.80486875316, 2.8952933898, 2.0081882883, 1.6796812024, 2.8271989922, 2.4072213803, 1.7636020842, 0.48436767362, 0.57258353291, 0.39707072353, 0.3565263785, 0.1239374354, 0.21547744625, 0.22914221113, 0.23949128784, 0.51425768611, 0.2902082124, 0.360901923, 0.14379534415, 0.45458342363, 0.15757182637, 0.21444772449, 0.29936374498, 0.096495087611, 0.34879298183, 0.10763362372, 0.09927033918, 0.45544846298, 0.36213273453, 0.069501919771, 0.25761115814, 0.2544961034, 0.36202345708, 0.3081345131, 0.13798146747, 0.12151752382, 0.2902030221, 0],
      [0.41286996041, 1.4292562776, 0.45406725516, 0.43546231749, 0.4230994262, 0.39710842176, 0.42247456542, 1.0262097808, 0.79583891259, 0.86103525432, 0.40800354075, 0.81185863309, 2.0052051628, 8.0236579396, 7.8845448638, 4.5422750576, 4.4868863109, 7.2147662925, 3.3552492899, 1.6176050955, 0.99012825305, 0.62051895339, 0.6666611868, 0.47328168974, 1.0565302586, 0.52435412383, 0.63443105186, 1.373074353, 0.80481070304, 0.9401929486, 0.4456239544, 0.69006695714, 1.1312665933, 0.3151043709, 1.2920864866, 0.19347325566, 0.7569432237, 0.34014049623, 0.12600116562, 0.78985909275, 0.56948971714, 0.1698815252, 0.81520906242, 1.0906378744, 0.66738896977, 0.49679065414, 0.66287312702, 0.30467921522, 0.80411927244, 0]
    ],
    [
