{
  "X": [
    [48, 10, 22, 20],
    [60, 7, 18, 15],
    [39, 5, 27, 29],
    [56, 7, 17, 20],
    [47, 12, 21, 20],
    [51, 11, 27, 11],
    [39, 15, 25, 21],
    [45, 17, 25, 13],
    [51, 12, 20, 17],
    [44, 17, 27, 12],
    [47, 17, 24, 12],
    [44, 10, 27, 19],
    [44, 11, 29, 16],
    [34, 9, 42, 15],
    [46, 7, 34, 13],
    [39, 8, 45, 8],
    [31, 10, 43, 16],
    [37, 10, 41, 12],
    [33, 7, 40, 20],
    [28, 12, 35, 25],
    [25, 13, 30, 32],
    [19, 10, 30, 41],
    [26, 7, 29, 38],
    [23, 14, 36, 27],
    [21, 9, 35, 35],
    [33, 27, 16, 24],
    [38, 26, 21, 15],
    [36, 25, 23, 16],
    [38, 31, 17, 14],
    [25, 28, 21, 26],
    [37, 21, 17, 25],
    [30, 16, 26, 28],
    [28, 28, 17, 27],
    [24, 24, 25, 27],
    [32, 21, 18, 29],
    [21, 26, 22, 31],
    [23, 20, 19, 38],
    [35, 17, 20, 28],
    [48, 7, 20, 25],
    [47, 14, 16, 23],
    [49, 9, 17, 25],
    [46, 5, 21, 28],
    [43, 9, 24, 24],
    [40, 10, 27, 23],
    [24, 17, 38, 21],
    [25, 12, 41, 22],
    [27, 11, 33, 29],
    [28, 19, 36, 17],
    [30, 17, 33, 20],
    [28, 12, 31, 29]
  ],
  "W": [
    [53, 6, 4, 10, 6, 7, 8, 6],
    [55, 3, 5, 9, 6, 9, 9, 4],
    [55, 4, 10, 7, 3, 7, 9, 5],
    [56, 5, 5, 5, 4, 11, 8, 6],
    [53, 7, 7, 8, 6, 7, 2, 10],
    [63, 1, 6, 9, 3, 7, 7, 4],
    [19, 35, 10, 11, 10, 7, 5, 3],
    [9, 65, 3, 4, 8, 5, 4, 2],
    [5, 60, 7, 5, 7, 7, 7, 2],
    [9, 46, 6, 11, 9, 6, 5, 8],
    [6, 62, 4, 7, 4, 3, 8, 6],
    [8, 59, 6, 6, 3, 8, 6, 4],
    [5, 37, 31, 9, 4, 7, 4, 3],
    [4, 6, 57, 5, 8, 6, 7, 7],
    [4, 6, 53, 6, 5, 6, 12, 8],
    [6, 9, 48, 7, 12, 7, 3, 8],
    [5, 7, 54, 8, 9, 4, 5, 8],
    [7, 6, 54, 10, 4, 6, 4, 9],
    [8, 5, 46, 20, 5, 5, 3, 8],
    [4, 5, 9, 52, 5, 8, 6, 11],
    [1, 7, 9, 50, 8, 7, 11, 7],
    [11, 7, 5, 50, 7, 8, 5, 7],
    [11, 9, 3, 59, 5, 6, 3, 4],
    [7, 10, 8, 56, 5, 6, 4, 4],
    [10, 7, 6, 56, 6, 6, 5, 4],
    [8, 7, 5, 5, 52, 8, 8, 7],
    [7, 13, 6, 6, 51, 1, 6, 10],
    [7, 6, 4, 4, 64, 5, 7, 3],
    [7, 7, 7, 1, 57, 8, 6, 7],
    [6, 3, 5, 7, 63, 4, 5, 7],
    [8, 4, 7, 7, 56, 6, 6, 6],
    [7, 3, 14, 6, 19, 43, 2, 6],
    [5, 3, 9, 7, 5, 55, 10, 6],
    [2, 9, 14, 8, 5, 51, 6, 5],
    [6, 10, 6, 7, 7, 55, 6, 3],
    [2, 6, 7, 9, 6, 56, 5, 9],
    [7, 6, 4, 7, 9, 57, 4, 6],
    [3, 7, 9, 6, 12, 36, 20, 7],
    [3, 6, 4, 2, 6, 7, 64, 8],
    [3, 4, 12, 3, 5, 8, 61, 4],
    [7, 7, 6, 9, 6, 6, 53, 6],
    [8, 3, 7, 8, 4, 7, 59, 4],
    [6, 5, 6, 6, 4, 4, 60, 9],
    [4, 3, 6, 5, 3, 9, 50, 20],
    [10, 5, 7, 3, 4, 6, 4, 61],
    [5, 6, 6, 3, 8, 6, 7, 59],
    [9, 9, 4, 4, 6, 6, 9, 53],
    [5, 5, 5, 5, 12, 7, 4, 57],
    [6, 5, 3, 9, 7, 4, 9, 57],
    [10, 9, 6, 8, 2, 4, 4, 57]
  ],
  "method": "exact",
  "cond_prob": [
    [
      [0.64192803864, 0.037271652785, 0.17406492206, 0.14673538652],
      [0.52389971842, 0.16419820011, 0.22509162236, 0.086810459112],
      [0.37812518571, 0.025979660889, 0.5552487456, 0.040646407799],
      [0.097626719939, 0.073728234331, 0.38850094801, 0.44014409772],
      [0.29364073968, 0.40821284518, 0.12787154776, 0.17027486738],
      [0.16239250166, 0.33991936701, 0.11619927727, 0.38148885407],
      [0.56147531108, 0.047049877963, 0.12941907723, 0.26205573373],
      [0.15920887688, 0.16551675851, 0.45033801486, 0.22493634976]
    ],
    [
      [0.75820605518, 0.020981777177, 0.12880053216, 0.092011635482],
      [0.66407037048, 0.098874514024, 0.17864653599, 0.058408579497],
      [0.49753112413, 0.016284671237, 0.45777927993, 0.028404924699],
      [0.15941060201, 0.057489813206, 0.39955387206, 0.38354571272],
      [0.44584874901, 0.29524256358, 0.12159780788, 0.13731087952],
      [0.26999223454, 0.27062815708, 0.12115942416, 0.33822018422],
      [0.69843058131, 0.027874212007, 0.10083169488, 0.1728635118],
      [0.24830174457, 0.12314258372, 0.44191073904, 0.18664493267]
    ],
    [
      [0.5126054268, 0.023638666541, 0.21533847837, 0.24841742829],
      [0.44135588475, 0.11015433315, 0.29369335117, 0.15479643093],
      [0.28135832879, 0.015332982385, 0.63932572272, 0.063982966105],
      [0.058055894081, 0.034720538123, 0.3556686878, 0.55155488],
      [0.24889868559, 0.27778239511, 0.16765555336, 0.30566336593],
      [0.11444666684, 0.19028952752, 0.12653972238, 0.56872408326],
      [0.41428040633, 0.027593859731, 0.14792280893, 0.41020292501],
      [0.10899141183, 0.089832760283, 0.47572444917, 0.32545137872]
    ],
    [
      [0.70878461751, 0.022513825657, 0.12958257125, 0.13911898559],
      [0.62392805765, 0.10669862999, 0.18066024422, 0.088713068151],
      [0.47148343035, 0.017701600865, 0.4673523111, 0.043462657692],
      [0.12530947945, 0.051829195142, 0.33667256431, 0.48618876111],
      [0.39187938242, 0.29791544198, 0.11499044577, 0.19521472983],
      [0.21499723559, 0.24640507389, 0.10369732057, 0.43490036995],
      [0.62426427222, 0.028618706979, 0.097003085009, 0.25011393579],
      [0.21297588053, 0.12116856611, 0.40721557045, 0.2586399829]
    ],
    [
      [0.64641479768, 0.044100179242, 0.15027511484, 0.15920990823],
      [0.52214573614, 0.19229434891, 0.19233228705, 0.093227627903],
      [0.40734568449, 0.032874494452, 0.51264601493, 0.047133806129],
      [0.098373765193, 0.087356863732, 0.33545782337, 0.47881154771],
      [0.27563422942, 0.44906021184, 0.1029839196, 0.17232163914],
      [0.15151066475, 0.37179089094, 0.093002741266, 0.38369570304],
      [0.55573569164, 0.054735420571, 0.10986497118, 0.27966391661],
      [0.16207342438, 0.1981285338, 0.39282555637, 0.24697248544]
    ],
    [
      [0.64786418946, 0.052629210987, 0.21740616664, 0.082100432907],
      [0.48445538881, 0.21334835977, 0.25764276438, 0.044553487034],
      [0.33677091748, 0.032374148998, 0.61077563303, 0.020079300498],
      [0.10540250585, 0.11152836741, 0.5194258092, 0.26364331754],
      [0.26161310546, 0.51326899556, 0.14096042069, 0.084157478291],
      [0.16254539766, 0.48183344032, 0.14385201799, 0.21176914403],
      [0.60205566556, 0.070570858854, 0.1716188926, 0.15575458298],
      [0.14845146468, 0.2165935166, 0.51877625496, 0.11617876377]
    ],
    [
      [0.59331621395, 0.03993586157, 0.1790413672, 0.18770655728],
      [0.48345332956, 0.17478128739, 0.23102924375, 0.11073613929],
      [0.3496555597, 0.027838028869, 0.57057324737, 0.051933164066],
      [0.079718521206, 0.069615756655, 0.35220862665, 0.49845709549],
      [0.25822890197, 0.40954337322, 0.1250664975, 0.20716122731],
      [0.13434920482, 0.32128380035, 0.10694261177, 0.43742438307],
      [0.49973698676, 0.048549757309, 0.12826465391, 0.32344860202],
      [0.13708256094, 0.16418361279, 0.43052553274, 0.26820829354]
    ],
    [
      [0.62159330403, 0.038482663822, 0.19787243419, 0.14205159796],
      [0.49972552858, 0.16580328163, 0.25188219881, 0.082588990979],
      [0.34484042529, 0.025254935653, 0.59297697678, 0.036927662271],
      [0.090988664795, 0.072901010726, 0.42383383595, 0.41227648853],
      [0.28256410728, 0.40968909892, 0.14419202561, 0.16355476819],
      [0.15657340095, 0.34285383958, 0.13124972016, 0.36932303931],
      [0.54709601854, 0.048831334711, 0.14800111473, 0.25607153202],
      [0.14663051682, 0.16098327076, 0.4853748156, 0.20701139682]
    ],
    [
      [0.6791488698, 0.025197748657, 0.1362283417, 0.15942503985],
      [0.59319323308, 0.11782548148, 0.18828625404, 0.10069503139],
      [0.44688664785, 0.019582263468, 0.48438993825, 0.049141150425],
      [0.11019468709, 0.052928040397, 0.3234713977, 0.51340587481],
      [0.35892130001, 0.3121150525, 0.11538693601, 0.21357671148],
      [0.18988070637, 0.24928814534, 0.10032091861, 0.46051022969],
      [0.58674499955, 0.03139339716, 0.10005491465, 0.28180668865],
      [0.19232632701, 0.12659507818, 0.40162855406, 0.27945004074]
    ],
    [
      [0.68838364613, 0.03860379505, 0.17816859744, 0.09484396137],
      [0.55230919585, 0.16612891986, 0.22640918797, 0.055152696314],
      [0.39534224618, 0.026257057933, 0.55275541011, 0.025645285771],
      [0.12084535532, 0.087983630636, 0.4601254338, 0.33104558024],
      [0.32441031428, 0.4273491411, 0.13485691231, 0.11338363231],
      [0.19607315773, 0.39097190724, 0.13407621075, 0.27887872428],
      [0.63194564801, 0.051081695196, 0.13905167236, 0.17792098443],
      [0.18013897189, 0.1797363821, 0.48628998834, 0.15383465768]
    ],
    [
      [0.66961011776, 0.04295515074, 0.17038867818, 0.11704605333],
      [0.53374828261, 0.18368748822, 0.2150487159, 0.067515513276],
      [0.39484687374, 0.029968744024, 0.54278771936, 0.032396662877],
      [0.11061780086, 0.091920794566, 0.41295312602, 0.38450827856],
      [0.29794654243, 0.44856721666, 0.12163122958, 0.13185501133],
      [0.17396162596, 0.39576295535, 0.11672418687, 0.31355123182],
      [0.60007079858, 0.055483972598, 0.12979854101, 0.21464668781],
      [0.17033270572, 0.19414912912, 0.45128982978, 0.18422833538]
    ],
    [
      [0.60452626327, 0.023221524123, 0.1909152004, 0.18133701221],
      [0.52013058142, 0.10704850421, 0.25999509399, 0.11282582037],
      [0.34597572991, 0.015715085071, 0.58965005021, 0.048659134808],
      [0.083054907849, 0.04130252681, 0.38328974836, 0.49235281698],
      [0.31554978296, 0.28472956708, 0.15977188818, 0.23994876177],
      [0.15902313936, 0.216336387, 0.13232789265, 0.49231258098],
      [0.51605707799, 0.028593789343, 0.13856709569, 0.31678203697],
      [0.14668120792, 0.099954463436, 0.48149691995, 0.27186740869]
    ],
    [
      [0.66774060767, 0.03168239625, 0.14316469929, 0.15741229679],
      [0.56671679163, 0.14444873575, 0.19218613853, 0.096648334081],
      [0.4309394069, 0.024138616978, 0.49734176877, 0.04758020735],
      [0.10583578388, 0.065223930878, 0.33172209019, 0.49721819506],
      [0.32617264086, 0.36633187863, 0.11217051027, 0.19532497024],
      [0.1753358772, 0.29713082419, 0.099143150622, 0.42839014798],
      [0.5767450807, 0.039501295047, 0.10519604968, 0.27855757458],
      [0.18070332523, 0.15280794253, 0.40224248006, 0.26424625218]
    ],
    [
      [0.60720305078, 0.034961528158, 0.17884258548, 0.17899283559],
      [0.50242441595, 0.15622407878, 0.23417087455, 0.10718063072],
      [0.35849570765, 0.024365413913, 0.56771680978, 0.049422068651],
      [0.083799929127, 0.062962484158, 0.36040947272, 0.49282811399],
      [0.27701646419, 0.38367689931, 0.13106475705, 0.20824187945],
      [0.14426961175, 0.3007437579, 0.11219802244, 0.44278860791],
      [0.51566375917, 0.042942145189, 0.1292528578, 0.31214123784],
      [0.14457008873, 0.14924223466, 0.44160324199, 0.26458443462]
    ],
    [
      [0.72736235463, 0.024845195387, 0.13025776507, 0.11753468491],
      [0.63118906885, 0.11622736031, 0.17873605883, 0.073847512009],
      [0.48139462103, 0.01940974742, 0.4627507866, 0.036444844957],
      [0.13711137309, 0.061122151899, 0.358757074, 0.44300940102],
      [0.39668346857, 0.3261031296, 0.11398764835, 0.16322575347],
      [0.22745042706, 0.28244027652, 0.10745626033, 0.38265303609],
      [0.65256014815, 0.032186800321, 0.099391949921, 0.21586110161],
      [0.22349891655, 0.13705082762, 0.4151049063, 0.22434534953]
    ],
    [
      [0.7045607291, 0.020008197455, 0.2054295417, 0.070001531743],
      [0.59315955628, 0.090430040481, 0.27371257093, 0.042697832305],
      [0.37747419244, 0.012689616168, 0.59219821808, 0.017637973309],
      [0.13104163811, 0.048420742266, 0.56055343397, 0.25998418565],
      [0.41743725265, 0.28164834553, 0.19531601268, 0.10559838914],
      [0.26093754463, 0.26719424111, 0.20092457182, 0.27094364244],
      [0.6702418004, 0.027444385064, 0.16608847399, 0.13622534055],
      [0.1939514587, 0.098195086205, 0.58826144109, 0.11959201401]
    ],
    [
      [0.57837332444, 0.040211989851, 0.18896449045, 0.19245019526],
      [0.46865290435, 0.17610345521, 0.2423742465, 0.11286939394],
      [0.33384792208, 0.027417311538, 0.58674619471, 0.05198857167],
      [0.075104816763, 0.068129714103, 0.35862584572, 0.49813962342],
      [0.24724597906, 0.4131975907, 0.12986797295, 0.20968845729],
      [0.12761861789, 0.32080188471, 0.11020786755, 0.44137162984],
      [0.48493563249, 0.048768688416, 0.13488661244, 0.33140906666],
      [0.12982128442, 0.1618517539, 0.44014753163, 0.26817943006]
    ],
    [
      [0.6731760147, 0.041852786389, 0.16640499293, 0.11856620597],
      [0.53896035069, 0.1812848703, 0.21091827414, 0.068836504867],
      [0.40250994887, 0.029583981373, 0.53464454851, 0.033261521254],
      [0.11162618711, 0.090777952861, 0.40398736324, 0.39360849678],
      [0.29873031946, 0.44817500086, 0.11879163024, 0.13430304944],
      [0.17377683152, 0.39382474684, 0.11362122219, 0.31877719945],
      [0.60196655026, 0.054081596271, 0.12661312856, 0.21733872491],
      [0.172973135, 0.19355909791, 0.44395886495, 0.18950890215]
    ],
    [
      [0.64015549773, 0.027842273501, 0.16724008595, 0.16476214281],
      [0.5450048426, 0.12803763577, 0.22531534803, 0.1016421736],
      [0.38800158644, 0.019958238186, 0.545106985, 0.046933190381],
      [0.094981716594, 0.054034667265, 0.3637607791, 0.48722283704],
      [0.31980091185, 0.33587027608, 0.1344351928, 0.20989361926],
      [0.16810210832, 0.26583149504, 0.11635606175, 0.44971033488],
      [0.55169478872, 0.034694840633, 0.12274864643, 0.29086172422],
      [0.16392812875, 0.12821349422, 0.44539543355, 0.26246294348]
    ],
    [
      [0.73585734441, 0.030914593538, 0.14356605903, 0.089662003024],
      [0.61576861442, 0.13918521328, 0.1904798592, 0.054566313095],
      [0.46263364278, 0.023112159224, 0.48751358886, 0.026740609137],
      [0.14556019408, 0.08030397818, 0.42124834729, 0.35288748045],
      [0.38092888978, 0.38058645239, 0.12016690919, 0.11831774864],
      [0.23279437995, 0.35304037854, 0.1211817214, 0.29298352011],
      [0.67799533678, 0.041096003585, 0.11263111933, 0.1682775403],
      [0.219083924, 0.16570617721, 0.44861137051, 0.16659852827]
    ],
    [
      [0.66952604231, 0.037851979655, 0.15155227918, 0.14106969885],
      [0.55035301193, 0.16768804231, 0.19762893147, 0.0843300143],
      [0.41788372625, 0.02809214472, 0.51227376786, 0.041750361168],
      [0.10754601727, 0.079872990822, 0.3613337439, 0.451247248],
      [0.30752263439, 0.41440636816, 0.11266990673, 0.16540109072],
      [0.17172487488, 0.35022537559, 0.10382246233, 0.3742272872],
      [0.58659464506, 0.047917090666, 0.11319663894, 0.25229162533],
      [0.17499316849, 0.17827661555, 0.41637351087, 0.23035670508]
    ],
    [
      [0.53174551107, 0.034576933799, 0.19954677671, 0.23413077842],
      [0.44112878982, 0.15492110251, 0.26277717962, 0.14117292805],
      [0.30051011574, 0.023286102524, 0.61337931563, 0.062824466107],
      [0.061725177917, 0.052820733642, 0.34398488479, 0.54146920365],
      [0.23293487115, 0.36314599059, 0.14165879012, 0.26226034814],
      [0.11211040148, 0.26341860058, 0.11257907871, 0.51189191922],
      [0.43173878981, 0.040662225263, 0.13837402213, 0.3892249628],
      [0.11256673085, 0.13215099297, 0.44504144431, 0.31024083187]
    ],
    [
      [0.67564564753, 0.021036886639, 0.1469988141, 0.15631865173],
      [0.59508692324, 0.099760913464, 0.20516447543, 0.099987687871],
      [0.42995802283, 0.015923560397, 0.50690643164, 0.047211985133],
      [0.10797560382, 0.044219499898, 0.34950344451, 0.49830145177],
      [0.37215199372, 0.27734672792, 0.13094829518, 0.21955298318],
      [0.19582543879, 0.2206974816, 0.11400126244, 0.46947581716],
      [0.58719476479, 0.026426061344, 0.10898473038, 0.27739444349],
      [0.18859599462, 0.10595703433, 0.43235175082, 0.27309522023]
    ],
    [
      [0.64113747813, 0.048029157181, 0.18787402248, 0.1229593422],
      [0.49744163556, 0.20143008005, 0.23161736257, 0.069510921824],
      [0.36100336115, 0.032238759236, 0.57382533686, 0.032932542754],
      [0.098315523111, 0.096991585035, 0.42841523746, 0.37627765439],
      [0.26599884148, 0.47703341618, 0.12644165217, 0.13052609016],
      [0.15417123811, 0.41861778868, 0.12088309819, 0.30632787501],
      [0.57159682032, 0.06187112598, 0.1427649041, 0.2237671496],
      [0.15062904918, 0.20392448662, 0.46457143946, 0.18087502473]
    ],
    [
      [0.58520174248, 0.031524298267, 0.20800266587, 0.17527129338],
      [0.48236904568, 0.14037166263, 0.27218088909, 0.1050784026],
      [0.31866419714, 0.020474361931, 0.61545625358, 0.045405187348],
      [0.077116317267, 0.054695365245, 0.40757414611, 0.46061417138],
      [0.27504032578, 0.35603254097, 0.1583891557, 0.21053797755],
      [0.1426139155, 0.27868390138, 0.13568034319, 0.44302183994],
      [0.50165860362, 0.039089511186, 0.15212775551, 0.30712412969],
      [0.13167045999, 0.12815563591, 0.49319041078, 0.24698349333]
    ],
    [
      [0.63844283946, 0.038157354478, 0.14176283622, 0.18163696985],
      [0.53248597722, 0.17024443964, 0.18746542309, 0.10980416006],
      [0.41407757125, 0.029307077816, 0.50119418953, 0.055421161399],
      [0.093638445577, 0.072753689227, 0.30646289217, 0.52714497303],
      [0.2879336693, 0.40126469663, 0.10277083732, 0.20803079675],
      [0.15093922947, 0.31838543618, 0.088601364264, 0.44207397009],
      [0.53863965573, 0.046466918733, 0.10172417013, 0.31316925541],
      [0.16247049635, 0.17259188395, 0.37838087488, 0.28655674482]
    ],
    [
      [0.68860595635, 0.036221857617, 0.15947409985, 0.11569808617],
      [0.56493225363, 0.15894116327, 0.2073288891, 0.068797694004],
      [0.41700431647, 0.025987049388, 0.52401965521, 0.032988978931],
      [0.11857133652, 0.080957738813, 0.40506059549, 0.39541032918],
      [0.3306877913, 0.40531039502, 0.12303622446, 0.14096558923],
      [0.19226701906, 0.35693399624, 0.11769074317, 0.33310824153],
      [0.61884745605, 0.046924920799, 0.12183885568, 0.21238876746],
      [0.18517559787, 0.17292294782, 0.4490352914, 0.19286616291]
    ],
    [
      [0.63940753716, 0.028215603154, 0.21839118897, 0.11398567072],
      [0.52452498395, 0.12363843054, 0.28406016122, 0.067776424289],
      [0.33435763918, 0.017504674458, 0.62004815409, 0.02808953227],
      [0.098773071257, 0.056513810671, 0.49717990256, 0.34753321551],
      [0.3306150482, 0.33867626313, 0.18128775787, 0.14942093079],
      [0.18904712844, 0.29341940972, 0.17048034745, 0.34705311439],
      [0.58221700551, 0.037019440478, 0.16892086445, 0.21184268957],
      [0.15478557632, 0.12102409387, 0.55357473035, 0.17061559946]
    ],
    [
      [0.70804485215, 0.03924160972, 0.14587000464, 0.10684353349],
      [0.57725147077, 0.17106170507, 0.18853584895, 0.063150975215],
      [0.44290899009, 0.029071617258, 0.4965834994, 0.031435893254],
      [0.12885311963, 0.092726489719, 0.39233583308, 0.38608455757],
      [0.33289800422, 0.42940700994, 0.1101612034, 0.12753378244],
      [0.19780343119, 0.38667906374, 0.10763090433, 0.30788660074],
      [0.63973136532, 0.051109526327, 0.11198736918, 0.19717173917],
      [0.19681540102, 0.19362282165, 0.42551123607, 0.18405054126]
    ],
    [
      [0.54464195483, 0.038156367204, 0.20398651164, 0.21321516632],
      [0.44385567933, 0.16638052098, 0.26378074327, 0.12598305643],
      [0.30212813342, 0.025132497697, 0.61697097235, 0.055768396529],
      [0.06593219744, 0.060119585256, 0.36383825598, 0.51010996132],
      [0.23637956958, 0.38602519206, 0.14242404933, 0.23517118902],
      [0.11771220083, 0.2909808662, 0.11666623651, 0.47464069646],
      [0.45035963765, 0.045566344221, 0.14349922231, 0.36057479581],
      [0.11626504406, 0.14486833752, 0.4565914116, 0.28227520682]
    ],
    [
      [0.67200113532, 0.025507044099, 0.13214194835, 0.17034987223],
      [0.58899928701, 0.11937625659, 0.1834730605, 0.1081513959],
      [0.44785297816, 0.02011271612, 0.47863378224, 0.053400523482],
      [0.10640269402, 0.052410113128, 0.30804483067, 0.53314236218],
      [0.35196294683, 0.31059287602, 0.11114559451, 0.22629858263],
      [0.18298997229, 0.24453535909, 0.095080206641, 0.47739446199],
      [0.57484168223, 0.031476494893, 0.096138220254, 0.29754360262],
      [0.18854818574, 0.12691777247, 0.38845967114, 0.29607437065]
    ],
    [
      [0.65664146464, 0.02027164877, 0.18828247696, 0.13480440962],
      [0.56548516066, 0.093284223074, 0.25700563485, 0.08422498142],
      [0.37186852192, 0.013621705288, 0.57845833237, 0.03605144042],
      [0.10321256559, 0.041529308779, 0.43666399083, 0.4185941348],
      [0.36994339665, 0.26642529246, 0.17059605036, 0.19303526054],
      [0.20120296948, 0.21997019969, 0.15281626165, 0.42601056918],
      [0.58577832985, 0.026095666387, 0.14283647637, 0.24528952739],
      [0.17156844686, 0.094229264434, 0.51575133301, 0.21845095569]
    ],
    [
      [0.68706885994, 0.044845603871, 0.13889998395, 0.12918555223],
      [0.55312398086, 0.19368524411, 0.17753252819, 0.075658246829],
      [0.44077141315, 0.034139687994, 0.4859496977, 0.039139201149],
      [0.11645622314, 0.099587212997, 0.34944273479, 0.43451382907],
      [0.29933255205, 0.45918775515, 0.097671326855, 0.14380836595],
      [0.17215840117, 0.40074689616, 0.092469904719, 0.33462479796],
      [0.60607030144, 0.057138249089, 0.10424226408, 0.23254918538],
      [0.18284493976, 0.21365800168, 0.38943867302, 0.21405838554]
    ],
    [
      [0.61443991463, 0.040824567497, 0.19937032926, 0.14536518861],
      [0.48930632734, 0.17442835269, 0.25207061398, 0.084194705994],
      [0.33821469409, 0.026708333622, 0.59723868339, 0.037838288896],
      [0.087991386667, 0.076580967984, 0.42251695394, 0.41291069141],
      [0.27094986344, 0.42337195695, 0.14184389753, 0.16383428208],
      [0.1496604113, 0.35478514574, 0.12898574684, 0.36656869612],
      [0.53898116505, 0.051747571015, 0.14880216369, 0.26046910024],
      [0.14142182604, 0.16810872651, 0.48216821162, 0.20830123584]
    ],
    [
      [0.69896703056, 0.02754635368, 0.14884773499, 0.12463888076],
      [0.5959571148, 0.12560515989, 0.20127224363, 0.077165481677],
      [0.43664077824, 0.020412430274, 0.50617624973, 0.036770541753],
      [0.12200055842, 0.062767841898, 0.38494110927, 0.43029049042],
      [0.36800499421, 0.33882734439, 0.12618026794, 0.16698739346],
      [0.2082971648, 0.29117697262, 0.11762889412, 0.38289696846],
      [0.62441034991, 0.035511684053, 0.11308063854, 0.2269973275],
      [0.19797898907, 0.13907526502, 0.44373700237, 0.21920874354]
    ],
    [
      [0.61176143795, 0.041366343535, 0.19094068989, 0.15593152863],
      [0.48914857355, 0.17748234357, 0.24262936059, 0.09073972229],
      [0.34410244469, 0.027710727891, 0.58661336949, 0.041573457931],
      [0.086259002782, 0.076600799916, 0.40017199044, 0.43696820686],
      [0.26690833867, 0.42433161419, 0.13471635534, 0.1740436918],
      [0.14523806375, 0.35046553394, 0.1207868654, 0.38350953691],
      [0.53074749991, 0.051876446064, 0.14103430306, 0.27634175097],
      [0.14089093815, 0.17083879345, 0.46410742739, 0.22416284102]
    ],
    [
      [0.59853601422, 0.029505919864, 0.18336468573, 0.18859338019],
      [0.50521435395, 0.13336105539, 0.24578251114, 0.11564207952],
      [0.34693014023, 0.020340692129, 0.58099431972, 0.051734847921],
      [0.080417516487, 0.051958122644, 0.36538243156, 0.50224192931],
      [0.2895058564, 0.33458599701, 0.14314795154, 0.23276019505],
      [0.14649891818, 0.25692840851, 0.11935846281, 0.47721421049],
      [0.50612336703, 0.036074905405, 0.13200387871, 0.32579784885],
      [0.1413056814, 0.12462162026, 0.45671972907, 0.27735296927]
    ],
    [
      [0.67801887039, 0.027163582624, 0.15417999609, 0.14063755089],
      [0.57956757216, 0.1242815356, 0.20892414039, 0.087226751855],
      [0.41999571747, 0.019942231895, 0.51898633335, 0.041075717293],
      [0.11144250948, 0.058185279897, 0.37397937489, 0.45639283574],
      [0.35316997003, 0.33145843307, 0.12917028354, 0.18620131336],
      [0.19379778503, 0.27566445917, 0.11664268416, 0.41389507164],
      [0.59728548408, 0.034534734878, 0.11549420481, 0.25268557623],
      [0.18569775521, 0.13254718742, 0.44302480733, 0.23873025004]
    ],
    [
      [0.64488438778, 0.022960967615, 0.18530708005, 0.14684756455],
      [0.55179972072, 0.1057942686, 0.25136822033, 0.091037790349],
      [0.36894706399, 0.015557279706, 0.5759739076, 0.039521748706],
      [0.098571123808, 0.045532442666, 0.41594752237, 0.43994891115],
      [0.34634665315, 0.29443839399, 0.15966536186, 0.199549591],
      [0.18634972819, 0.23824926497, 0.14106833445, 0.43433267239],
      [0.56836656822, 0.029178830853, 0.13869162743, 0.26376297349],
      [0.16545370328, 0.10515463601, 0.49729301185, 0.23209864886]
    ],
    [
      [0.65742288603, 0.059630074993, 0.13320320377, 0.14974383521],
      [0.50577951977, 0.24823687495, 0.16242785095, 0.083555754329],
      [0.43168664358, 0.046271592397, 0.47587954336, 0.046162220664],
      [0.10387811767, 0.12246578079, 0.30881251903, 0.46484358251],
      [0.24566957042, 0.53274090548, 0.079856422876, 0.14173310122],
      [0.14032425516, 0.45819547199, 0.074844911635, 0.32663536121],
      [0.56575238666, 0.074052521369, 0.097368292135, 0.26282679984],
      [0.16272542681, 0.26475842932, 0.34404491993, 0.22847122394]
    ],
    [
      [0.68955042626, 0.030908774026, 0.13451024771, 0.145030552],
      [0.58713681977, 0.14186716295, 0.18149371735, 0.089502299926],
      [0.45213949141, 0.023979820351, 0.47915183051, 0.044728857729],
      [0.11642206853, 0.067827533035, 0.33404146239, 0.48170893605],
      [0.34283902719, 0.36715238465, 0.10739458436, 0.1826140038],
      [0.1893358409, 0.30527346221, 0.097457256683, 0.4079334402],
      [0.60269525038, 0.038968310476, 0.099917628038, 0.25841881111],
      [0.19444270564, 0.15606103089, 0.3969904613, 0.25250580217]
    ],
    [
      [0.63514388688, 0.019164813822, 0.18307767656, 0.16261362274],
      [0.55397331661, 0.090186430709, 0.25308519369, 0.10275505899],
      [0.36746672512, 0.013124260574, 0.57513665593, 0.044272358375],
      [0.093959613576, 0.036816238892, 0.39749647783, 0.47172766971],
      [0.35243850688, 0.25615550784, 0.16298229911, 0.22842368616],
      [0.18274418398, 0.19918113112, 0.1388256071, 0.4792490778],
      [0.55240187472, 0.024046507042, 0.13526344315, 0.28828817509],
      [0.16307776168, 0.088022149361, 0.49148575015, 0.25741433881]
    ],
    [
      [0.60138709449, 0.038629624575, 0.21125946756, 0.14872381338],
      [0.47994686317, 0.16667921028, 0.26732367493, 0.086050251625],
      [0.32279852019, 0.024565552544, 0.61505878121, 0.03757714605],
      [0.084505196776, 0.070476859839, 0.43541459072, 0.40960335267],
      [0.26796062733, 0.41321205017, 0.15111538255, 0.16771193995],
      [0.14768075562, 0.3422130929, 0.13673227027, 0.37337388121],
      [0.52765236618, 0.048884628625, 0.15743966417, 0.26602334102],
      [0.13626814586, 0.15664371523, 0.49946823633, 0.20761990258]
    ],
    [
      [0.62921285649, 0.033176453607, 0.20276603036, 0.13484465954],
      [0.51261042899, 0.14569074098, 0.26199909863, 0.079699731394],
      [0.34357053235, 0.021504873734, 0.60021115356, 0.03471344035],
      [0.094005686383, 0.064535050349, 0.44544613124, 0.39601313203],
      [0.30125881035, 0.37880535474, 0.15620200568, 0.16373382923],
      [0.16819303837, 0.31884351529, 0.14330437294, 0.3696590734],
      [0.55965405622, 0.042562798921, 0.15327286003, 0.24451028482],
      [0.15068245367, 0.14221849103, 0.50762263149, 0.19947642381]
    ],
    [
      [0.61468064865, 0.043492350553, 0.18877006252, 0.15305693828],
      [0.48790207891, 0.1858552741, 0.23792251147, 0.088320135513],
      [0.34917157084, 0.029438815288, 0.58024266429, 0.041146949579],
      [0.087489383469, 0.081260942055, 0.39730194087, 0.43394773361],
      [0.26248277028, 0.43995802085, 0.13061596739, 0.16694324148],
      [0.14414473029, 0.36574726637, 0.11816597266, 0.37194203068],
      [0.53386096216, 0.054577842967, 0.13972792743, 0.27183326744],
      [0.14191427313, 0.18054620553, 0.45702804802, 0.22051147331]
    ],
    [
      [0.62441217042, 0.02587651831, 0.2013734265, 0.14833788476],
      [0.52457425773, 0.11670349675, 0.26825511095, 0.090467134566],
      [0.34407873569, 0.016984345062, 0.60024179549, 0.038695123756],
      [0.090673719298, 0.049206895523, 0.43197711779, 0.42814226739],
      [0.32213489926, 0.31511105394, 0.16779897657, 0.19495507023],
      [0.17240436388, 0.25539837231, 0.14810071874, 0.42409654507],
      [0.54947960065, 0.03287668464, 0.15094672638, 0.26669698833],
      [0.15145995674, 0.11249922395, 0.51184062484, 0.22420019447]
    ],
    [
      [0.60393469341, 0.025730992836, 0.17091651692, 0.19941779684],
      [0.52173160865, 0.11933994277, 0.23398028908, 0.12494815951],
      [0.36537504738, 0.018505307666, 0.55913810612, 0.056981538833],
      [0.081469429116, 0.045389523807, 0.33988728253, 0.53325376455],
      [0.30268004638, 0.30462947815, 0.13828524992, 0.25440522555],
      [0.14960822376, 0.22750646601, 0.11266781019, 0.51021750004],
      [0.50562783151, 0.03112845323, 0.12197585313, 0.34126786212],
      [0.14749519379, 0.11256246245, 0.4369118142, 0.30303052956]
    ],
    [
      [0.70006348266, 0.035538460414, 0.16266753593, 0.10173052099],
      [0.57259649702, 0.15594876429, 0.21100187957, 0.060452859117],
      [0.41939591009, 0.025322374023, 0.526449422, 0.028832293884],
      [0.12510169471, 0.083100911786, 0.42978462797, 0.36201276553],
      [0.34022349692, 0.40608996426, 0.12773284354, 0.12595369527],
      [0.20273479503, 0.3670921944, 0.12543183984, 0.30474117073],
      [0.63793306466, 0.046711005733, 0.12618078638, 0.18917514323],
      [0.19053779457, 0.17317330689, 0.4637709215, 0.17251797704]
    ],
    [
      [0.70898433819, 0.036081400883, 0.14325332697, 0.11168093395],
      [0.58544122675, 0.15998261379, 0.18758163323, 0.06699452622],
      [0.44929026308, 0.027182340164, 0.49006677766, 0.033460619094],
      [0.12843617896, 0.085571096767, 0.38358248708, 0.40241023719],
      [0.34157311732, 0.40980988253, 0.11158435471, 0.13703264545],
      [0.20063570434, 0.36491514757, 0.10800396074, 0.32644518735],
      [0.63821775958, 0.046860955773, 0.10980929025, 0.2051119944],
      [0.19960661338, 0.18213742569, 0.42243402135, 0.19582193958]
    ],
    [
      [0.645842805, 0.029532485825, 0.13709229597, 0.1875324132],
      [0.55785249632, 0.1370221602, 0.18760366897, 0.11752167451],
      [0.42797704071, 0.023239015124, 0.49013540113, 0.058648543033],
      [0.095229090014, 0.057033967451, 0.29821488947, 0.54952205306],
      [0.31597809002, 0.34182939212, 0.10840558902, 0.23378692884],
      [0.16119064362, 0.26366635756, 0.091183527667, 0.48395947116],
      [0.54327704874, 0.035904738215, 0.098346306375, 0.32247190667],
      [0.17090136086, 0.14024257372, 0.37963477163, 0.30922129378]
    ]
  ],
  "expected_outcome": [
    [
      [34.0221860477, 41.7013330348, 28.1932984738, 39.6919385807, 34.2599842772, 40.8154439361, 11.273008065, 5.5943397363, 3.395744349, 6.1954528152, 4.0176607065, 4.8362101061, 3.3387030384, 2.4288122031, 2.9094494185, 4.2273643746, 2.8918666222, 4.7122321029, 5.1212439819, 2.9434293776, 0.66952604231, 5.8492006218, 7.4321021229, 4.4879623469, 5.8520174248, 5.1075427157, 4.8202416945, 4.4758527601, 4.9563139651, 3.267851729, 5.3760090826, 4.5964902525, 3.4353442997, 1.2288798293, 4.1938021834, 1.2235228759, 4.1897520995, 2.0340566112, 1.9346531633, 1.9722686581, 4.8268529838, 5.0811510951, 3.6083225669, 2.516851426, 6.1468064865, 3.1220608521, 5.4354122407, 3.5003174133, 4.2539060291, 6.45842805],
      [1.9753975976, 1.1539977448, 1.3001266598, 1.2607742368, 2.3373094998, 3.3156402922, 0.75878136983, 0.3463439744, 0.12598874328, 0.34743415545, 0.25773090444, 0.18577219299, 0.15841198125, 0.13984611263, 0.099380781548, 0.12004918473, 0.20105994925, 0.29296950472, 0.22273818801, 0.12365837415, 0.037851979655, 0.38034627179, 0.23140575303, 0.33620410027, 0.31524298267, 0.30525883582, 0.25355300332, 0.19750922208, 0.27469126804, 0.22893820322, 0.20405635279, 0.14190154139, 0.22422801935, 0.081649134995, 0.16527812208, 0.08273268707, 0.20654143905, 0.081490747871, 0.068882902844, 0.17889022498, 0.21636141818, 0.15331851057, 0.23177774745, 0.13270581443, 0.43492350553, 0.12938259155, 0.23157893552, 0.17769230207, 0.2164884053, 0.29532485825],
      [9.2254408689, 7.0840292689, 11.8436163106, 7.2566239898, 7.9645810867, 13.6965884986, 3.4017859768, 1.7808519077, 0.68114170848, 1.603517377, 1.0223320691, 1.5273216032, 0.71582349645, 0.7153703419, 0.52103106027, 1.2325772502, 0.94482245226, 1.1648349505, 1.3379206876, 0.57426423611, 0.15155227918, 2.1950145438, 1.6169869551, 1.3151181574, 2.0800266587, 1.1341026897, 1.116318699, 1.5287383228, 1.0210900325, 1.2239190698, 1.0571355868, 1.3179773388, 0.69449991976, 0.39874065852, 0.89308640997, 0.38188137979, 1.2835528001, 0.46253998827, 0.55592124016, 0.39960961132, 0.94157173394, 1.4646214125, 1.2675568054, 0.81106412144, 1.8877006252, 1.0068671325, 1.5382486523, 0.81333767967, 0.85951996184, 1.3709229597],
      [7.7769754858, 5.0606399515, 13.6629585559, 7.7906631928, 8.4381251363, 5.1723272731, 3.5664245884, 1.2784643816, 0.79712519924, 0.85359565233, 0.70227631998, 1.4506960976, 0.78706148393, 0.71597134235, 0.47013873966, 0.42000919046, 0.96225097629, 0.82996344182, 1.3180971425, 0.3586480121, 0.14106969885, 2.5754385626, 1.719505169, 0.86071539543, 1.7527129338, 1.4530957588, 0.80988660321, 0.79789969504, 0.7479047344, 1.2792909979, 1.3627989778, 0.94363086735, 0.64592776116, 0.29073037722, 0.74783328458, 0.31186305725, 1.3201536613, 0.42191265268, 0.44054269366, 0.44923150562, 1.015213864, 1.3009089819, 0.89234288026, 0.53937863817, 1.5305693828, 0.74168942382, 1.7947601715, 0.50865260497, 0.67008560371, 1.875324132]
    ],
    [
      [3.1433983105, 1.9922111115, 1.765423539, 3.1196402882, 3.655020153, 0.48445538881, 16.9208665347, 32.4821593579, 35.591593985, 25.4062230091, 33.0923935219, 30.6877043039, 20.9685212904, 3.0145464957, 3.7871344131, 5.3384360065, 3.2805703305, 3.2337621041, 2.725024213, 3.0788430721, 3.8524710835, 3.0879015287, 5.3557823091, 4.9744163556, 3.3765833197, 3.7274018405, 7.3441192972, 3.1471499037, 4.0407602954, 1.331567038, 2.355997148, 1.696455482, 1.6593719426, 4.403756946, 5.959571148, 2.9348914413, 3.0312861237, 4.0569730051, 3.3107983243, 2.0231180791, 4.1099577384, 1.6619199498, 2.3997343159, 1.537831287, 2.4395103946, 3.1474455464, 4.6955844778, 2.8629824851, 2.9272061338, 5.0206724669],
      [0.98518920065, 0.29662354207, 0.44061733258, 0.53349314994, 1.3460604424, 0.21334835977, 6.1173450587, 10.7772133061, 7.0695288891, 7.6419303138, 11.3886242693, 6.3158617487, 5.3446032229, 0.93734447268, 0.69736416186, 0.81387036433, 1.2327241865, 1.0877092218, 0.64018817886, 0.69592606641, 1.1738162961, 1.0844477176, 0.89784822118, 2.0143008005, 0.98260163839, 1.1917110775, 2.0662351225, 0.74183058327, 1.1974319355, 0.49914156293, 0.47750502636, 0.27985266922, 0.58105573234, 1.5698551742, 1.2560515989, 1.0648940614, 0.80016633236, 0.86997074921, 0.6347656116, 0.9929474998, 0.99307014062, 0.27055929213, 0.83339605139, 0.43707222295, 0.92927637051, 0.70022098049, 1.0740594849, 0.77974382145, 0.79991306897, 1.2331994418],
      [1.3505497342, 0.53593960798, 1.1747734047, 0.90330122108, 1.3463260093, 0.25764276438, 8.0860235313, 16.3723429224, 11.2971752423, 10.4148226467, 13.3330203856, 15.3397105456, 7.1108871257, 1.4050252473, 1.072416353, 2.4634131384, 1.6966197255, 1.2655096449, 1.1265767402, 0.952399296, 1.3834025203, 1.8394402574, 1.8464802788, 2.3161736257, 1.9052662236, 1.3122579616, 2.6952755583, 1.7043609673, 1.3197509426, 0.7913422298, 0.73389224202, 0.77101690455, 0.53259758458, 2.2686355258, 2.0127224363, 1.4557761635, 1.4746950669, 1.4624689827, 1.508209322, 0.64971140381, 1.2704560215, 0.75925558107, 1.3366183746, 0.78599729589, 1.1896125574, 1.6095306657, 2.1058226017, 1.0550093979, 0.93790816616, 1.6884330207],
      [0.52086275467, 0.17522573849, 0.61918572373, 0.44356534076, 0.65259339532, 0.044553487034, 3.8757648753, 5.3682844136, 6.0417018836, 2.5370240304, 4.1859618231, 6.6567234019, 3.575988361, 0.64308378432, 0.44308507206, 0.38428049075, 0.79008575757, 0.4130190292, 0.50821086798, 0.27283156548, 0.5903101001, 0.98821049636, 0.89988919084, 0.69510921824, 0.73554881822, 0.76862912039, 0.89437002206, 0.40665854573, 0.44205682651, 0.37794916928, 0.4326055836, 0.25267494426, 0.22697474049, 0.75775235395, 0.77165481677, 0.54443833374, 0.6938524771, 0.61058726299, 0.54622674209, 0.33422301732, 0.62651609948, 0.30826517697, 0.43025125813, 0.23909919418, 0.44160067757, 0.5428028074, 1.1245334356, 0.30226429559, 0.3349726311, 1.0576950706]
    ],
    [
      [1.5125007428, 2.4876556206, 2.8135832879, 2.3574171517, 2.8514197915, 2.0206255049, 3.496555597, 1.0345212759, 3.128206535, 2.3720534771, 1.5793874949, 2.0758543795, 13.359121614, 20.4342553362, 25.5139149144, 18.1187612372, 18.0277877923, 21.7355372388, 17.8480729762, 4.163702785, 3.7609535363, 1.5025505787, 1.2898740685, 2.8880268892, 1.9119851828, 2.0703878563, 2.5020258988, 1.3374305567, 3.1003629306, 1.5106406671, 3.1349708471, 5.2061593069, 3.9669427184, 4.7350057172, 2.6198446695, 2.4087171128, 1.3877205609, 3.7799614572, 1.475788256, 5.1802397229, 2.7128369485, 2.5722670759, 1.9367911212, 2.0614231941, 2.4442009959, 2.0644724141, 1.4615001895, 2.0969795504, 1.3478707892, 2.5678622443],
      [0.10391864356, 0.081423356185, 0.15332982385, 0.088508004325, 0.23012146116, 0.19424489399, 0.27838028869, 0.07576480696, 0.13707584427, 0.1575423476, 0.1198749761, 0.094290510424, 0.74829712632, 1.3888285931, 1.0287166132, 0.60910157606, 1.480534823, 1.5975349941, 0.91807895656, 0.20800943302, 0.25282930248, 0.11643051262, 0.047770681191, 0.25791007389, 0.12284617159, 0.14653538908, 0.15592229633, 0.070018697833, 0.20350132081, 0.12566248849, 0.14078901284, 0.19070387403, 0.30725719194, 0.37391667071, 0.12247458164, 0.19397509524, 0.081362768515, 0.17948008706, 0.062229118822, 0.55525910876, 0.14387892211, 0.091869824018, 0.14739331526, 0.12902924241, 0.20607170702, 0.10190607037, 0.074021230664, 0.12661187012, 0.081547020493, 0.13943409075],
      [2.2209949824, 2.2888963997, 6.3932572272, 2.3367615555, 3.5885221045, 3.6646537982, 5.7057324737, 1.7789309303, 3.3907295678, 3.3165324607, 2.1711508774, 3.5379003013, 15.4175948318, 32.3598581576, 24.5257916896, 28.4255144679, 31.6842945145, 28.8708056193, 25.0749213098, 4.3876222997, 4.6104639107, 3.0668965781, 1.5207192949, 4.5906026949, 3.6927375215, 2.5059709477, 3.1441179313, 2.4801926164, 3.4760844958, 3.0848548618, 3.3504364757, 8.0984166532, 4.3735472793, 8.3613415675, 3.0370574984, 4.1062935864, 2.3239772789, 4.6708770001, 2.3038956304, 5.7105545203, 2.874910983, 4.0259565915, 3.6903526873, 3.6012669214, 4.0616986501, 3.601450773, 2.2365524245, 2.63224711, 1.470200333, 2.9408124068],
      [0.1625856312, 0.14202462349, 0.63982966105, 0.21731328846, 0.3299366429, 0.12047580299, 0.51933164066, 0.11078298681, 0.34398805297, 0.15387171463, 0.12958665151, 0.29195480885, 1.4749864278, 2.8170579131, 1.9315767827, 0.84662271884, 2.8073828702, 1.7961221477, 2.1589267575, 0.24066548223, 0.37575325051, 0.31412233054, 0.1416359554, 0.26346034204, 0.27243112409, 0.27710580699, 0.19793387358, 0.11235812908, 0.22005125278, 0.27884198264, 0.37380366437, 0.50472016588, 0.35225281034, 0.52973604454, 0.22062325052, 0.29101420551, 0.20693939168, 0.36968145564, 0.15808699482, 0.55394664797, 0.26837314637, 0.30990650863, 0.2254628763, 0.2082806421, 0.28802864705, 0.23217074254, 0.22792615533, 0.14416146942, 0.10038185728, 0.3518912582]
    ],
    [
