{
  "Z_true": {},
  "V_true": [
    [9, 555, 42, 1244, 82],
    [133, 864, 134, 16851, 694],
    [348, 135, 7769, 1113, 418],
    [107, 66, 526, 600, 378],
    [503, 21, 272, 324, 49],
    [105, 57, 253, 837, 702]
  ],
  "p_true": [
    [0.0047, 0.2873, 0.0217, 0.6439, 0.0424],
    [0.0071, 0.0463, 0.0072, 0.9023, 0.0372],
    [0.0356, 0.0138, 0.7941, 0.1138, 0.0427],
    [0.0638, 0.0394, 0.3137, 0.3578, 0.2254],
    [0.4303, 0.018, 0.2327, 0.2772, 0.0419],
    [0.0537, 0.0292, 0.1295, 0.4284, 0.3593]
  ],
  "Z_est": [
    [
      [2.2069, 3.4245, 1.522, 2.5113, 1.9786, 1.3698, 2.9679, 2.3591, 1.8264, 4.7182, 1.6742, 1.2176, 0.9132, 3.1201, 0.5327, 0.3044, 0.761, 2.5874, 1.4459, 3.1201, 0.9893, 1.0654, 1.1415, 1.522, 1.4459, 1.2937, 12.6326, 3.044, 1.7503, 4.9465, 3.805, 6.3924, 0.2283, 5.0226, 3.6528, 1.522, 1.2176, 1.522, 18.1118, 5.0987, 1.2176, 1.3698, 1.4459, 1.2176, 0.5327, 7.9144, 0.9132, 12.6326, 2.8157],
      [12.9369, 20.0745, 8.922, 14.7213, 11.5986, 8.0298, 17.3979, 13.8291, 10.7064, 27.6582, 9.8142, 7.1376, 5.3532, 18.2901, 3.1227, 1.7844, 4.461, 15.1674, 8.4759, 18.2901, 5.7993, 6.2454, 6.6915, 8.922, 8.4759, 7.5837, 74.0526, 17.844, 10.2603, 28.9965, 22.305, 37.4724, 1.3383, 29.4426, 21.4128, 8.922, 7.1376, 8.922, 106.1718, 29.8887, 7.1376, 8.0298, 8.4759, 7.1376, 3.1227, 46.3944, 5.3532, 74.0526, 16.5057],
      [2.9, 4.5, 2, 3.3, 2.6, 1.8, 3.9, 3.1, 2.4, 6.2, 2.2, 1.6, 1.2, 4.1, 0.7, 0.4, 1, 3.4, 1.9, 4.1, 1.3, 1.4, 1.5, 2, 1.9, 1.7, 16.6, 4, 2.3, 6.5, 5, 8.4, 0.3, 6.6, 4.8, 2, 1.6, 2, 23.8, 6.7, 1.6, 1.8, 1.9, 1.6, 0.7, 10.4, 1.2, 16.6, 3.7],
      [7.8822, 12.231, 5.436, 8.9694, 7.0668, 4.8924, 10.6002, 8.4258, 6.5232, 16.8516, 5.9796, 4.3488, 3.2616, 11.1438, 1.9026, 1.0872, 2.718, 9.2412, 5.1642, 11.1438, 3.5334, 3.8052, 4.077, 5.436, 5.1642, 4.6206, 45.1188, 10.872, 6.2514, 17.667, 13.59, 22.8312, 0.8154, 17.9388, 13.0464, 5.436, 4.3488, 5.436, 64.6884, 18.2106, 4.3488, 4.8924, 5.1642, 4.3488, 1.9026, 28.2672, 3.2616, 45.1188, 10.0566],
      [3.074, 4.77, 2.12, 3.498, 2.756, 1.908, 4.134, 3.286, 2.544, 6.572, 2.332, 1.696, 1.272, 4.346, 0.742, 0.424, 1.06, 3.604, 2.014, 4.346, 1.378, 1.484, 1.59, 2.12, 2.014, 1.802, 17.596, 4.24, 2.438, 6.89, 5.3, 8.904, 0.318, 6.996, 5.088, 2.12, 1.696, 2.12, 25.228, 7.102, 1.696, 1.908, 2.014, 1.696, 0.742, 11.024, 1.272, 17.596, 3.922]
    ],
    [
      [4.92, 3.6, 3.15, 3.705, 3.5175, 1.86, 4.6575, 1.8, 3.2325, 5.3775, 2.7375, 1.7925, 1.3725, 5.52, 0.3525, 0.2025, 0.075, 2.715, 1.125, 2.37, 1.0275, 1.605, 1.185, 1.9575, 1.305, 0.7425, 8.4675, 3.5925, 1.275, 3.6375, 3, 3.0375, 0.3225, 8.3475, 5.1, 1.59, 0.69, 1.9725, 7.38, 2.01, 1.005, 1.785, 1.785, 1.7175, 2.205, 7.575, 1.32, 9.5475, 0.8025],
      [7.544, 5.52, 4.83, 5.681, 5.3935, 2.852, 7.1415, 2.76, 4.9565, 8.2455, 4.1975, 2.7485, 2.1045, 8.464, 0.5405, 0.3105, 0.115, 4.163, 1.725, 3.634, 1.5755, 2.461, 1.817, 3.0015, 2.001, 1.1385, 12.9835, 5.5085, 1.955, 5.5775, 4.6, 4.6575, 0.4945, 12.7995, 7.82, 2.438, 1.058, 3.0245, 11.316, 3.082, 1.541, 2.737, 2.737, 2.6335, 3.381, 11.615, 2.024, 14.6395, 1.2305],
      [7.6096, 5.568, 4.872, 5.7304, 5.4404, 2.8768, 7.2036, 2.784, 4.9996, 8.3172, 4.234, 2.7724, 2.1228, 8.5376, 0.5452, 0.3132, 0.116, 4.1992, 1.74, 3.6656, 1.5892, 2.4824, 1.8328, 3.0276, 2.0184, 1.1484, 13.0964, 5.5564, 1.972, 5.626, 4.64, 4.698, 0.4988, 12.9108, 7.888, 2.4592, 1.0672, 3.0508, 11.4144, 3.1088, 1.5544, 2.7608, 2.7608, 2.6564, 3.4104, 11.716, 2.0416, 14.7668, 1.2412],
      [626.4144, 458.352, 401.058, 471.7206, 447.8481, 236.8152, 592.9929, 229.176, 411.5619, 684.6633, 348.5385, 228.2211, 174.7467, 702.8064, 44.8803, 25.7823, 9.549, 345.6738, 143.235, 301.7484, 130.8213, 204.3486, 150.8742, 249.2289, 166.1526, 94.5351, 1078.0821, 457.3971, 162.333, 463.1265, 381.96, 386.7345, 41.0607, 1062.8037, 649.332, 202.4388, 87.8508, 251.1387, 939.6216, 255.9132, 127.9566, 227.2662, 227.2662, 218.6721, 280.7406, 964.449, 168.0624, 1215.5877, 102.1743],
      [9.512, 6.96, 6.09, 7.163, 6.8005, 3.596, 9.0045, 3.48, 6.2495, 10.3965, 5.2925, 3.4655, 2.6535, 10.672, 0.6815, 0.3915, 0.145, 5.249, 2.175, 4.582, 1.9865, 3.103, 2.291, 3.7845, 2.523, 1.4355, 16.3705, 6.9455, 2.465, 7.0325, 5.8, 5.8725, 0.6235, 16.1385, 9.86, 3.074, 1.334, 3.8135, 14.268, 3.886, 1.943, 3.451, 3.451, 3.3205, 4.263, 14.645, 2.552, 18.4585, 1.5515]
    ],
    [
      [2.8665, 3.7947, 1.911, 6.7158, 9.6915, 2.3751, 4.095, 3.9858, 8.5722, 18.3183, 7.4802, 2.9757, 5.3508, 16.0797, 0.546, 0.3276, 0.4095, 4.8867, 2.5116, 5.6784, 1.6653, 1.4742, 1.4196, 1.4742, 1.3104, 4.0404, 10.7016, 4.6137, 3.003, 7.2891, 3.9585, 5.8149, 2.3751, 18.3729, 14.0868, 3.3579, 1.8018, 4.1496, 15.4245, 2.457, 3.549, 2.7027, 1.8291, 1.4469, 3.1668, 16.1343, 1.638, 17.4447, 1.8018],
      [2.1105, 2.7939, 1.407, 4.9446, 7.1355, 1.7487, 3.015, 2.9346, 6.3114, 13.4871, 5.5074, 2.1909, 3.9396, 11.8389, 0.402, 0.2412, 0.3015, 3.5979, 1.8492, 4.1808, 1.2261, 1.0854, 1.0452, 1.0854, 0.9648, 2.9748, 7.8792, 3.3969, 2.211, 5.3667, 2.9145, 4.2813, 1.7487, 13.5273, 10.3716, 2.4723, 1.3266, 3.0552, 11.3565, 1.809, 2.613, 1.9899, 1.3467, 1.0653, 2.3316, 11.8791, 1.206, 12.8439, 1.3266],
      [84.7665, 112.2147, 56.511, 198.5958, 286.5915, 70.2351, 121.095, 117.8658, 253.4922, 541.6983, 221.2002, 87.9957, 158.2308, 475.4997, 16.146, 9.6876, 12.1095, 144.5067, 74.2716, 167.9184, 49.2453, 43.5942, 41.9796, 43.5942, 38.7504, 119.4804, 316.4616, 136.4337, 88.803, 215.5491, 117.0585, 171.9549, 70.2351, 543.3129, 416.5668, 99.2979, 53.2818, 122.7096, 456.1245, 72.657, 104.949, 79.9227, 54.0891, 42.7869, 93.6468, 477.1143, 48.438, 515.8647, 53.2818],
      [11.655, 15.429, 7.77, 27.306, 39.405, 9.657, 16.65, 16.206, 34.854, 74.481, 30.414, 12.099, 21.756, 65.379, 2.22, 1.332, 1.665, 19.869, 10.212, 23.088, 6.771, 5.994, 5.772, 5.994, 5.328, 16.428, 43.512, 18.759, 12.21, 29.637, 16.095, 23.643, 9.657, 74.703, 57.276, 13.653, 7.326, 16.872, 62.715, 9.99, 14.43, 10.989, 7.437, 5.883, 12.876, 65.601, 6.66, 70.929, 7.326],
      [3.612, 4.7816, 2.408, 8.4624, 12.212, 2.9928, 5.16, 5.0224, 10.8016, 23.0824, 9.4256, 3.7496, 6.7424, 20.2616, 0.688, 0.4128, 0.516, 6.1576, 3.1648, 7.1552, 2.0984, 1.8576, 1.7888, 1.8576, 1.6512, 5.0912, 13.4848, 5.8136, 3.784, 9.1848, 4.988, 7.3272, 2.9928, 23.1512, 17.7504, 4.2312, 2.2704, 5.2288, 19.436, 3.096, 4.472, 3.4056, 2.3048, 1.8232, 3.9904, 20.3304, 2.064, 21.9816, 2.2704]
    ],
    [
      [5.865, 4.3401, 2.346, 5.1612, 5.9823, 2.9325, 5.1612, 2.9325, 4.9266, 8.9148, 5.2785, 2.5806, 2.1114, 7.1553, 0.4692, 0.4692, 0.2346, 2.4633, 1.6422, 2.6979, 1.8768, 1.8768, 1.7595, 3.0498, 2.5806, 2.5806, 13.8414, 5.1612, 2.6979, 5.1612, 3.8709, 6.2169, 0.8211, 11.0262, 5.6304, 1.6422, 0.8211, 2.5806, 10.2051, 1.9941, 2.346, 2.8152, 2.8152, 2.9325, 2.6979, 10.6743, 1.4076, 11.3781, 0.5865],
      [5.445, 4.0293, 2.178, 4.7916, 5.5539, 2.7225, 4.7916, 2.7225, 4.5738, 8.2764, 4.9005, 2.3958, 1.9602, 6.6429, 0.4356, 0.4356, 0.2178, 2.2869, 1.5246, 2.5047, 1.7424, 1.7424, 1.6335, 2.8314, 2.3958, 2.3958, 12.8502, 4.7916, 2.5047, 4.7916, 3.5937, 5.7717, 0.7623, 10.2366, 5.2272, 1.5246, 0.7623, 2.3958, 9.4743, 1.8513, 2.178, 2.6136, 2.6136, 2.7225, 2.5047, 9.9099, 1.3068, 10.5633, 0.5445],
      [7.38, 5.4612, 2.952, 6.4944, 7.5276, 3.69, 6.4944, 3.69, 6.1992, 11.2176, 6.642, 3.2472, 2.6568, 9.0036, 0.5904, 0.5904, 0.2952, 3.0996, 2.0664, 3.3948, 2.3616, 2.3616, 2.214, 3.8376, 3.2472, 3.2472, 17.4168, 6.4944, 3.3948, 6.4944, 4.8708, 7.8228, 1.0332, 13.8744, 7.0848, 2.0664, 1.0332, 3.2472, 12.8412, 2.5092, 2.952, 3.5424, 3.5424, 3.69, 3.3948, 13.4316, 1.7712, 14.3172, 0.738],
      [12.89, 9.5386, 5.156, 11.3432, 13.1478, 6.445, 11.3432, 6.445, 10.8276, 19.5928, 11.601, 5.6716, 4.6404, 15.7258, 1.0312, 1.0312, 0.5156, 5.4138, 3.6092, 5.9294, 4.1248, 4.1248, 3.867, 6.7028, 5.6716, 5.6716, 30.4204, 11.3432, 5.9294, 11.3432, 8.5074, 13.6634, 1.8046, 24.2332, 12.3744, 3.6092, 1.8046, 5.6716, 22.4286, 4.3826, 5.156, 6.1872, 6.1872, 6.445, 5.9294, 23.4598, 3.0936, 25.0066, 1.289],
      [18.42, 13.6308, 7.368, 16.2096, 18.7884, 9.21, 16.2096, 9.21, 15.4728, 27.9984, 16.578, 8.1048, 6.6312, 22.4724, 1.4736, 1.4736, 0.7368, 7.7364, 5.1576, 8.4732, 5.8944, 5.8944, 5.526, 9.5784, 8.1048, 8.1048, 43.4712, 16.2096, 8.4732, 16.2096, 12.1572, 19.5252, 2.5788, 34.6296, 17.6832, 5.1576, 2.5788, 8.1048, 32.0508, 6.2628, 7.368, 8.8416, 8.8416, 9.21, 8.4732, 33.5244, 4.4208, 35.7348, 1.842]
    ],
    [
      [5.5, 5, 2.5, 7.5, 10.25, 2.5, 5.5, 3.75, 13.5, 15.25, 6, 5.75, 2.75, 20.25, 0, 0.25, 0, 6, 4.5, 10.5, 1.5, 4, 2, 3.25, 1.25, 2.5, 12.25, 6.25, 3, 9.5, 3, 4.75, 2, 12.25, 14, 3.25, 0.5, 3.5, 12.5, 5, 4.25, 7, 2.75, 2.25, 1.5, 19, 1, 17.5, 3.5],
      [2.3914, 2.174, 1.087, 3.261, 4.4567, 1.087, 2.3914, 1.6305, 5.8698, 6.6307, 2.6088, 2.5001, 1.1957, 8.8047, 0, 0.1087, 0, 2.6088, 1.9566, 4.5654, 0.6522, 1.7392, 0.8696, 1.4131, 0.5435, 1.087, 5.3263, 2.7175, 1.3044, 4.1306, 1.3044, 2.0653, 0.8696, 5.3263, 6.0872, 1.4131, 0.2174, 1.5218, 5.435, 2.174, 1.8479, 3.0436, 1.1957, 0.9783, 0.6522, 8.2612, 0.4348, 7.609, 1.5218],
      [3.6982, 3.362, 1.681, 5.043, 6.8921, 1.681, 3.6982, 2.5215, 9.0774, 10.2541, 4.0344, 3.8663, 1.8491, 13.6161, 0, 0.1681, 0, 4.0344, 3.0258, 7.0602, 1.0086, 2.6896, 1.3448, 2.1853, 0.8405, 1.681, 8.2369, 4.2025, 2.0172, 6.3878, 2.0172, 3.1939, 1.3448, 8.2369, 9.4136, 2.1853, 0.3362, 2.3534, 8.405, 3.362, 2.8577, 4.7068, 1.8491, 1.5129, 1.0086, 12.7756, 0.6724, 11.767, 2.3534],
      [6.4812, 5.892, 2.946, 8.838, 12.0786, 2.946, 6.4812, 4.419, 15.9084, 17.9706, 7.0704, 6.7758, 3.2406, 23.8626, 0, 0.2946, 0, 7.0704, 5.3028, 12.3732, 1.7676, 4.7136, 2.3568, 3.8298, 1.473, 2.946, 14.4354, 7.365, 3.5352, 11.1948, 3.5352, 5.5974, 2.3568, 14.4354, 16.4976, 3.8298, 0.5892, 4.1244, 14.73, 5.892, 5.0082, 8.2488, 3.2406, 2.6514, 1.7676, 22.3896, 1.1784, 20.622, 4.1244],
      [3.9314, 3.574, 1.787, 5.361, 7.3267, 1.787, 3.9314, 2.6805, 9.6498, 10.9007, 4.2888, 4.1101, 1.9657, 14.4747, 0, 0.1787, 0, 4.2888, 3.2166, 7.5054, 1.0722, 2.8592, 1.4296, 2.3231, 0.8935, 1.787, 8.7563, 4.4675, 2.1444, 6.7906, 2.1444, 3.3953, 1.4296, 8.7563, 10.0072, 2.3231, 0.3574, 2.5018, 8.935, 3.574, 3.0379, 5.0036, 1.9657, 1.6083, 1.0722, 13.5812, 0.7148, 12.509, 2.5018]
    ],
    [
      [5.673, 5.394, 3.534, 5.022, 4.278, 2.697, 6.045, 1.767, 3.999, 10.044, 3.534, 3.72, 1.674, 6.324, 0.279, 0.093, 0.186, 2.79, 1.953, 3.162, 1.116, 2.79, 1.116, 2.604, 1.674, 1.395, 10.323, 5.952, 1.302, 5.022, 4.371, 3.534, 0.465, 8.277, 5.952, 1.302, 1.302, 2.697, 9.207, 1.581, 1.023, 3.999, 2.325, 3.162, 3.441, 10.788, 1.395, 10.416, 1.023],
      [3.904, 3.712, 2.432, 3.456, 2.944, 1.856, 4.16, 1.216, 2.752, 6.912, 2.432, 2.56, 1.152, 4.352, 0.192, 0.064, 0.128, 1.92, 1.344, 2.176, 0.768, 1.92, 0.768, 1.792, 1.152, 0.96, 7.104, 4.096, 0.896, 3.456, 3.008, 2.432, 0.32, 5.696, 4.096, 0.896, 0.896, 1.856, 6.336, 1.088, 0.704, 2.752, 1.6, 2.176, 2.368, 7.424, 0.96, 7.168, 0.704],
      [8.3814, 7.9692, 5.2212, 7.4196, 6.3204, 3.9846, 8.931, 2.6106, 5.9082, 14.8392, 5.2212, 5.496, 2.4732, 9.3432, 0.4122, 0.1374, 0.2748, 4.122, 2.8854, 4.6716, 1.6488, 4.122, 1.6488, 3.8472, 2.4732, 2.061, 15.2514, 8.7936, 1.9236, 7.4196, 6.4578, 5.2212, 0.687, 12.2286, 8.7936, 1.9236, 1.9236, 3.9846, 13.6026, 2.3358, 1.5114, 5.9082, 3.435, 4.6716, 5.0838, 15.9384, 2.061, 15.3888, 1.5114],
      [21.2707, 20.2246, 13.2506, 18.8298, 16.0402, 10.1123, 22.6655, 6.6253, 14.9941, 37.6596, 13.2506, 13.948, 6.2766, 23.7116, 1.0461, 0.3487, 0.6974, 10.461, 7.3227, 11.8558, 4.1844, 10.461, 4.1844, 9.7636, 6.2766, 5.2305, 38.7057, 22.3168, 4.8818, 18.8298, 16.3889, 13.2506, 1.7435, 31.0343, 22.3168, 4.8818, 4.8818, 10.1123, 34.5213, 5.9279, 3.8357, 14.9941, 8.7175, 11.8558, 12.9019, 40.4492, 5.2305, 39.0544, 3.8357],
      [21.7709, 20.7002, 13.5622, 19.2726, 16.4174, 10.3501, 23.1985, 6.7811, 15.3467, 38.5452, 13.5622, 14.276, 6.4242, 24.2692, 1.0707, 0.3569, 0.7138, 10.707, 7.4949, 12.1346, 4.2828, 10.707, 4.2828, 9.9932, 6.4242, 5.3535, 39.6159, 22.8416, 4.9966, 19.2726, 16.7743, 13.5622, 1.7845, 31.7641, 22.8416, 4.9966, 4.9966, 10.3501, 35.3331, 6.0673, 3.9259, 15.3467, 8.9225, 12.1346, 13.2053, 41.4004, 5.3535, 39.9728, 3.9259]
    ]
  ],
  "V_est": [
    [147.0252, 861.8652, 193.2, 525.1176, 204.792],
    [140.07, 214.774, 216.6416, 17833.7124, 270.802],
    [267.0759, 196.6383, 7897.8159, 1085.913, 336.5352],
    [196.7121, 182.6253, 247.5252, 432.3306, 617.8068],
    [292.25, 127.0703, 196.5089, 344.3874, 208.9003],
    [181.722, 125.056, 268.4796, 681.3598, 697.3826]
  ],
  "p_est": [
    [0.0761, 0.4461, 0.1, 0.2718, 0.106],
    [0.0075, 0.0115, 0.0116, 0.9549, 0.0145],
    [0.0273, 0.0201, 0.8073, 0.111, 0.0344],
    [0.1173, 0.1089, 0.1476, 0.2578, 0.3684],
    [0.25, 0.1087, 0.1681, 0.2946, 0.1787],
    [0.093, 0.064, 0.1374, 0.3487, 0.3569]
  ],
  "EI_Z": {},
  "EI_V": 8.1668,
  "MAE_Z": {},
  "MAE_V": 191.5982,
  "MAE_p": 0.0695,
  "runtime": 159.492
}
