{
  "X": [
    [4, 65, 14, 78, 144, 7],
    [10, 58, 27, 72, 149, 15],
    [12, 83, 17, 63, 146, 6],
    [31, 46, 60, 100, 193, 13],
    [36, 51, 51, 112, 167, 9],
    [15, 48, 11, 68, 89, 7],
    [7, 46, 8, 48, 149, 7],
    [10, 54, 10, 67, 139, 4],
    [20, 51, 19, 99, 160, 13],
    [23, 46, 34, 111, 181, 15],
    [3, 42, 18, 72, 145, 14],
    [10, 28, 15, 64, 140, 12],
    [15, 23, 9, 67, 155, 2],
    [11, 18, 10, 48, 135, 15],
    [12, 49, 26, 87, 169, 16],
    [15, 39, 41, 83, 158, 12],
    [17, 43, 20, 82, 165, 12],
    [13, 33, 18, 89, 125, 12],
    [9, 45, 8, 53, 124, 16],
    [22, 3, 23, 84, 132, 12],
    [18, 21, 26, 86, 164, 7],
    [17, 17, 32, 113, 175, 6],
    [34, 16, 60, 128, 141, 14],
    [24, 12, 46, 92, 139, 10],
    [24, 15, 60, 116, 130, 13],
    [47, 20, 223, 174, 175, 14],
    [42, 24, 70, 146, 106, 14],
    [37, 34, 62, 104, 118, 12],
    [57, 38, 82, 156, 111, 8],
    [47, 36, 43, 114, 107, 12],
    [57, 19, 72, 96, 110, 4],
    [31, 6, 45, 61, 85, 2],
    [17, 16, 24, 76, 182, 5],
    [15, 4, 32, 76, 108, 5],
    [18, 7, 37, 78, 99, 3],
    [18, 12, 35, 86, 110, 12],
    [12, 15, 10, 93, 147, 12],
    [12, 10, 18, 55, 126, 10],
    [21, 16, 35, 59, 96, 11],
    [10, 6, 23, 73, 134, 14],
    [12, 7, 6, 72, 107, 6],
    [9, 9, 17, 61, 136, 7],
    [26, 22, 28, 72, 111, 3],
    [17, 11, 14, 77, 156, 9],
    [11, 14, 39, 80, 101, 4],
    [11, 13, 16, 83, 157, 18],
    [16, 14, 16, 80, 137, 8],
    [14, 11, 27, 67, 169, 4],
    [20, 21, 24, 96, 180, 15],
    [25, 12, 38, 110, 148, 9],
    [9, 15, 32, 96, 186, 3],
    [23, 18, 35, 63, 103, 8],
    [20, 13, 44, 92, 144, 3],
    [22, 19, 34, 89, 118, 5],
    [33, 17, 88, 130, 105, 3],
    [17, 22, 32, 87, 152, 19],
    [15, 15, 33, 72, 183, 12],
    [19, 22, 19, 78, 152, 7],
    [20, 17, 43, 72, 129, 11],
    [45, 20, 78, 128, 119, 11],
    [51, 17, 123, 145, 146, 7],
    [39, 10, 80, 123, 123, 5],
    [52, 23, 98, 143, 165, 10],
    [11, 16, 14, 78, 173, 10],
    [7, 14, 7, 65, 145, 18],
    [10, 9, 14, 65, 150, 26],
    [54, 8, 102, 155, 119, 9],
    [149, 140, 354, 620, 938, 54]
  ],
  "W": [
    [6, 9, 82, 145, 70],
    [7, 16, 74, 157, 77],
    [15, 9, 67, 162, 74],
    [29, 51, 105, 185, 73],
    [20, 33, 114, 166, 93],
    [10, 5, 66, 89, 68],
    [6, 6, 58, 155, 40],
    [9, 7, 71, 146, 51],
    [19, 14, 99, 155, 75],
    [25, 25, 114, 163, 83],
    [5, 14, 68, 137, 70],
    [10, 8, 62, 120, 69],
    [19, 5, 65, 136, 46],
    [12, 11, 44, 123, 47],
    [18, 23, 87, 179, 52],
    [11, 30, 88, 145, 74],
    [16, 12, 88, 151, 72],
    [9, 10, 96, 126, 49],
    [9, 5, 55, 134, 52],
    [18, 13, 72, 125, 48],
    [15, 21, 80, 148, 58],
    [12, 15, 104, 159, 70],
    [25, 44, 135, 124, 65],
    [16, 28, 82, 114, 83],
    [21, 38, 107, 112, 80],
    [47, 144, 174, 178, 110],
    [36, 43, 137, 99, 87],
    [38, 41, 95, 91, 102],
    [49, 62, 142, 111, 88],
    [47, 28, 102, 116, 66],
    [40, 44, 102, 122, 50],
    [28, 41, 48, 76, 37],
    [16, 22, 66, 155, 61],
    [5, 26, 67, 100, 42],
    [14, 29, 68, 91, 40],
    [14, 25, 89, 102, 43],
    [9, 6, 85, 125, 64],
    [7, 10, 52, 118, 44],
    [22, 25, 52, 78, 61],
    [7, 9, 73, 117, 54],
    [4, 6, 63, 92, 45],
    [7, 10, 57, 121, 44],
    [21, 16, 75, 95, 55],
    [12, 7, 66, 141, 58],
    [11, 30, 80, 92, 36],
    [6, 4, 87, 146, 55],
    [9, 8, 79, 117, 58],
    [14, 21, 71, 140, 46],
    [14, 9, 89, 168, 76],
    [15, 33, 92, 141, 61],
    [7, 22, 83, 175, 54],
    [20, 16, 64, 101, 49],
    [19, 30, 79, 133, 55],
    [18, 24, 76, 124, 45],
    [25, 55, 126, 100, 70],
    [8, 20, 73, 138, 90],
    [8, 20, 70, 168, 64],
    [14, 15, 67, 132, 69],
    [18, 28, 69, 109, 68],
    [41, 58, 131, 111, 60],
    [41, 78, 150, 141, 79],
    [31, 59, 114, 112, 64],
    [40, 60, 150, 155, 86],
    [6, 13, 75, 159, 49],
    [2, 7, 67, 133, 47],
    [5, 12, 67, 139, 51],
    [49, 74, 158, 110, 56],
    [103, 247, 544, 862, 499]
  ],
  "method": "mvn_pdf",
  "cond_prob": [
    [
      [0.45552628052, 0.35883667944, 0.089332205784, 0.08904236772, 0.0071422353359, 0.00012023120176],
      [0.019521357634, 0, 0.90295652258, 0.071593834042, 0.0057468927329, 0.00018139301063],
      [0.0064193546151, 0.17221521409, 0.039109294078, 0.6114587363, 0.15287480302, 0.017922597894],
      [0, 0.16489612155, 0, 0.076513612633, 0.73756652047, 0.021023745342],
      [0.0080680431392, 0.35450563918, 0.030434799253, 0.22267587256, 0.34889350339, 0.035422142482]
    ],
    [
      [0.64415705187, 0.18059716446, 0.10655189815, 0.064240012734, 0.0042781388088, 0.00017573397832],
      [0.018782725258, 0, 0.93196309932, 0.044746449971, 0.004108416794, 0.00039930865817],
      [0.035123701733, 0.13060148404, 0.073981248033, 0.60562297233, 0.12101507575, 0.033655518112],
      [0.004884232521, 0.16210168087, 0.0080422475219, 0.053275317721, 0.72818215506, 0.0435143663],
      [0.023693488295, 0.28079670302, 0.059811453357, 0.22927340099, 0.33278707025, 0.073637884081]
    ],
    [
      [0.45808988098, 0.38672090544, 0.077885551359, 0.061503458156, 0.01547170459, 0.00032849947516],
      [0.012432690304, 0, 0.92319240532, 0.05548856199, 0.0086865004053, 0.00019984198197],
      [0.026977907869, 0.23497688588, 0.051457805358, 0.51786717835, 0.15366193375, 0.015058288791],
      [0.011939677366, 0.18048612915, 0.0088814164167, 0.084194424245, 0.69614025876, 0.018358094062],
      [0.017229865029, 0.43536462354, 0.035628684639, 0.17893855936, 0.30567127632, 0.027166991122]
    ],
    [
      [0.74496465176, 0.097079067457, 0.088631339231, 0.065596000748, 0.0034508078647, 0.00027813293815],
      [0.033500619929, 0, 0.91100937516, 0.053555836513, 0.0014445080588, 0.00048966033733],
      [0.043694059736, 0.086072939348, 0.062950876086, 0.65187954345, 0.12939570619, 0.026006875187],
      [0.0045076381938, 0.11230777735, 0.002193258163, 0.043271757106, 0.80635324912, 0.031366320071],
      [0.031037043075, 0.18315218634, 0.054145455889, 0.25909234506, 0.41184049896, 0.060732470681]
    ],
    [
      [0.85328908577, 0.046894904889, 0.063663467121, 0.034210734029, 0.0019418081889, 0],
      [0.051083372559, 0, 0.90794886086, 0.03914472999, 0.0018230365892, 0],
      [0.088679453357, 0.077381863882, 0.088707835159, 0.63881191276, 0.092432576404, 0.013986358438],
      [0.0029705111118, 0.14124694068, 0.0098930500019, 0.061888043006, 0.7612555723, 0.0227458829],
      [0.07146133831, 0.19132878782, 0.08612342732, 0.28952726921, 0.32252973028, 0.03902944706]
    ],
    [
      [0.73499893672, 0.14918413677, 0.055413182821, 0.05351379801, 0.0063472166304, 0.00054272905122],
      [0.044779314044, 0, 0.88817492484, 0.063577049166, 0.0031936336082, 0.00027507834074],
      [0.05535825168, 0.11818034953, 0.047779021101, 0.64216584902, 0.11576822874, 0.020748299931],
      [0.01138040136, 0.20004033394, 0.0012931959627, 0.075601927213, 0.68252388409, 0.029160257431],
      [0.040582554863, 0.30742155651, 0.040242407563, 0.26522734142, 0.30198868948, 0.044537450161]
    ],
    [
      [0.62552575247, 0.23739605648, 0.065245746251, 0.065709370036, 0.005991696098, 0.00013137865773],
      [0.034586610502, 0, 0.89364157694, 0.068166872688, 0.0034693417332, 0.0001355981401],
      [0.040164347131, 0.17638634802, 0.020431754904, 0.57148199069, 0.167607697, 0.023927862244],
      [0, 0.14121093442, 0, 0.042338579568, 0.79202239641, 0.024428089606],
      [0.017744842214, 0.31143801602, 0.026540856911, 0.18720768126, 0.41146289759, 0.045605706003]
    ],
    [
      [0.61870045175, 0.23830454483, 0.063890894036, 0.072244638921, 0.0068594704637, 0],
      [0.035771833334, 0, 0.88397086079, 0.07606331608, 0.0041939897966, 0],
      [0.043055333878, 0.15216535139, 0.025098933645, 0.62452212897, 0.14343038399, 0.011727868132],
      [0.00049386733548, 0.16365508001, 0, 0.066851272055, 0.75697385414, 0.012025926466],
      [0.020632544403, 0.33642896994, 0.028532581164, 0.22972545413, 0.35700327196, 0.027677178403]
    ],
    [
      [0.701859761, 0.14252601145, 0.070423569485, 0.079924305398, 0.0048910522425, 0.00037530042275],
      [0.038141068225, 0, 0.88176715248, 0.077330814355, 0.0024792240172, 0.00028174092284],
      [0.04255848886, 0.10258657358, 0.028199829311, 0.67695476104, 0.12210106622, 0.027599280992],
      [0, 0.13579064544, 0, 0.056918800719, 0.77197103369, 0.035319520153],
      [0.025565322516, 0.22784513274, 0.033672385911, 0.27410495123, 0.37505126791, 0.063760939696]
    ],
    [
      [0.68261648565, 0.12698562364, 0.096171028467, 0.089223778357, 0.0047260450393, 0.00027703884639],
      [0.028244497471, 0, 0.90354560387, 0.066179858016, 0.0017498277503, 0.00028021289432],
      [0.030717792944, 0.08572818759, 0.047614602165, 0.67458994934, 0.1314150221, 0.029934445856],
      [0, 0.11020249585, 0, 0.048273843884, 0.80606451969, 0.035459140574],
      [0.020802976222, 0.18179926747, 0.043120717408, 0.26919299171, 0.41528040905, 0.069803638137]
    ],
    [
      [0.53857732063, 0.22536967585, 0.11336507519, 0.11630040784, 0.006313129321, 7.439116618e-05],
      [0.015767690124, 0, 0.90763899185, 0.073301279054, 0.0030926512443, 0.0001993877324],
      [0.0012700843399, 0.11922582208, 0.042875811107, 0.66346370843, 0.1366741298, 0.036490444234],
      [0, 0.11761048138, 0, 0.054566055704, 0.78578817207, 0.042035290846],
      [0, 0.23790228243, 0.02586676547, 0.25430283213, 0.39969024051, 0.082237879458]
    ],
    [
      [0.6883615848, 0.11360218319, 0.10623984951, 0.086733983333, 0.0049154799524, 0.00014691921102],
      [0.024783381835, 0.00012870333705, 0.91583614062, 0.057777091271, 0.0013533042068, 0.00012137873036],
      [0.027833758734, 0.078418633318, 0.05620850464, 0.65554501078, 0.14758642582, 0.034407666703],
      [0, 0.092612928649, 0, 0.040213349075, 0.82989961969, 0.037274102588],
      [0.017281508054, 0.15778901214, 0.045304131771, 0.24929059245, 0.45219863773, 0.078136117854]
    ],
    [
      [0.67845816805, 0.11438994319, 0.088810478972, 0.11067341457, 0.0076679952127, 0],
      [0.027942851462, 0.00011334598083, 0.88726376848, 0.082341329, 0.002338705081, 0],
      [0.019140369217, 0.085196872387, 0.021879773582, 0.69774422347, 0.16843629228, 0.0076024690696],
      [0, 0.066732290102, 0, 0.048598172659, 0.88211653139, 0.0025530058533],
      [0.015770794578, 0.13505730849, 0.031610799442, 0.27223418416, 0.52013928911, 0.025187624227]
    ],
    [
      [0.7263324986, 0.1200240251, 0.046216360914, 0.099319004199, 0.0081081111809, 0],
      [0.03845141907, 0.00032900436638, 0.85867306082, 0.098262621101, 0.0042838946416, 0],
      [0.02568149711, 0.087419126589, 0, 0.65563051986, 0.17055715671, 0.060711699729],
      [0, 0.052079192855, 0, 0.04738431362, 0.85292865224, 0.047607841289],
      [0.015554436897, 0.13412575233, 0, 0.2351333972, 0.47746469584, 0.13772171773]
    ],
    [
      [0.55652558629, 0.22177992866, 0.096707010188, 0.11797015664, 0.0070089155419, 8.4026844511e-06],
      [0.021787587778, 0, 0.88889383068, 0.085507304593, 0.0037973610645, 1.3915884102e-05],
      [0.010216180041, 0.1230179126, 0.025269631679, 0.67537189612, 0.12818513036, 0.037939249205],
      [0, 0.12469091692, 0, 0.058965738092, 0.77114344245, 0.045199902538],
      [0.011396485851, 0.23049478384, 0.031081879901, 0.26149321335, 0.37691764761, 0.088615989446]
    ],
    [
      [0.72317933289, 0.10149599473, 0.1060607552, 0.065710071418, 0.0033958380148, 0.00015800775185],
      [0.026768189675, 0, 0.9265689692, 0.045085945472, 0.0011491342177, 0.00042776143995],
      [0.040598724884, 0.08744444452, 0.074908107651, 0.64035185729, 0.12902762872, 0.027669236937],
      [0.0037981207471, 0.11396729214, 0.0050840155593, 0.041006799057, 0.80290781344, 0.033235959057],
      [0.028629274997, 0.18463750784, 0.063610363346, 0.25172515602, 0.40746091187, 0.063936785915]
    ],
    [
      [0.70547968787, 0.12921944189, 0.087560482105, 0.072939469759, 0.0045234038547, 0.00027751452421],
      [0.031638598943, 0, 0.90745553599, 0.058953420957, 0.0017402955271, 0.00021214858837],
      [0.037285948622, 0.098840383416, 0.052049994337, 0.64059891764, 0.14235483398, 0.028869922009],
      [0.0020772622015, 0.11713148457, 0, 0.041973761483, 0.80649963264, 0.032317859103],
      [0.024136551884, 0.20205112526, 0.043460643789, 0.24187200968, 0.42497322323, 0.063506446156]
    ],
    [
      [0.7446930252, 0.094743675889, 0.084569587173, 0.07303294294, 0.0028848819136, 7.5886885471e-05],
      [0.033472687858, 0, 0.90469477171, 0.060651287461, 0.0010939696136, 8.728335609e-05],
      [0.040387907382, 0.078547572399, 0.055943626926, 0.69039630797, 0.10461791066, 0.030106674662],
      [0.0045466055496, 0.1239467275, 0.0018496257246, 0.054813997447, 0.77247290585, 0.042370137925],
      [0.030876009933, 0.18345821024, 0.052822142288, 0.2969710489, 0.35894266949, 0.076929919152]
    ],
    [
      [0.63365397514, 0.21490295911, 0.070717978478, 0.07431687551, 0.0064082117614, 0],
      [0.032620394776, 0, 0.89399932782, 0.070392801152, 0.0029874762551, 0],
      [0.03935905259, 0.14485349199, 0.025559873986, 0.60479068441, 0.13360824677, 0.051828650245],
      [0, 0.15353316689, 0, 0.056157197468, 0.73645646701, 0.053853168634],
      [0.018639699181, 0.27933628742, 0.028610547795, 0.21520446175, 0.34411093386, 0.11409806999]
    ],
    [
      [0.81741908774, 0.01670606725, 0.088706971879, 0.07195797681, 0.0049801571029, 0.00022973921392],
      [0.032357466749, 0, 0.90731524771, 0.057407988506, 0.0027500648721, 0.00016923216121],
      [0.050006345765, 0.00087047872349, 0.068352247826, 0.75139039701, 0.10166863004, 0.027711900644],
      [0.0089193284172, 0.0051118925966, 0.0090566244259, 0.076922736303, 0.85184842133, 0.048140996924],
      [0.044800758451, 0.041617286392, 0.074057008109, 0.38006254051, 0.37652942291, 0.08293298363]
    ],
    [
      [0.77779950332, 0.059985405538, 0.077864722668, 0.080484716856, 0.0038656516157, 0],
      [0.037990050353, 0, 0.88879015721, 0.071576843342, 0.0016429490927, 0],
      [0.043077739497, 0.04790276317, 0.044168750544, 0.71763711403, 0.13046679246, 0.016746840304],
      [0.0020109519991, 0.066361515859, 0, 0.052250577773, 0.8585257352, 0.020851219164],
      [0.030885798916, 0.11114643993, 0.045412686465, 0.31285449835, 0.45531657048, 0.044384005851]
    ],
    [
      [0.75546234798, 0.038756449458, 0.12412821998, 0.078393868432, 0.0032591141469, 0],
      [0.023464166855, 0, 0.92896067041, 0.046252226153, 0.0013229365839, 0],
      [0.040930730316, 0.027497583449, 0.085029625465, 0.73082765611, 0.10567447549, 0.010039929169],
      [0.005223191242, 0.049803735177, 0.0093381146152, 0.06505022725, 0.85461422994, 0.015970501779],
      [0.035645799444, 0.082234000496, 0.089260143312, 0.35737754026, 0.40096055101, 0.034521965478]
    ],
    [
      [0.81824986118, 0.029592274055, 0.09126446085, 0.058072527552, 0.0026580350685, 0.00016284129673],
      [0.034313786224, 0, 0.91689696432, 0.04673355157, 0.0017687173289, 0.00028698056205],
      [0.059460738332, 0.025272803145, 0.08150647559, 0.7045281482, 0.1018034598, 0.027428374931],
      [0.0064959127996, 0.052814849957, 0.0080792020232, 0.062112682531, 0.82767481692, 0.042822535774],
      [0.049250061766, 0.081528051222, 0.082611181437, 0.33351750617, 0.376624326, 0.076468873403]
    ],
    [
      [0.81261543512, 0.024156605589, 0.10744852447, 0.052648486572, 0.0028239086761, 0.00030703956758],
      [0.027513513429, 0, 0.9333658529, 0.036564099816, 0.0020193815547, 0.00053715230506],
      [0.06142377782, 0.020949511991, 0.10248450394, 0.68648736597, 0.10790472522, 0.020750115053],
      [0.0077785481311, 0.038292249331, 0.0096282440682, 0.06081810763, 0.85175065292, 0.031732197919],
      [0.051858679444, 0.066630336189, 0.10415940458, 0.32420001374, 0.39699413104, 0.056157435003]
    ],
    [
      [0.73259534662, 0.035272571286, 0.15222859038, 0.076519811907, 0.003082363169, 0.00030131663455],
      [0.017529918325, 0, 0.94210797574, 0.03803459728, 0.0017839525916, 0.00054355606311],
      [0.040752053191, 0.023045875458, 0.10334769458, 0.71660844509, 0.091617308322, 0.02462862336],
      [0.0063712870182, 0.051399373183, 0.0099136650372, 0.070261980096, 0.81995439134, 0.042099303329],
      [0.035941337339, 0.075457969156, 0.110432034, 0.35501654822, 0.35286920444, 0.070282906848]
    ],
    [
      [0.59933434243, 0.017892535424, 0.3198275947, 0.057192701471, 0.0049948056129, 0.00075802036239],
      [0.014636234011, 0, 0.92989566946, 0.040942249191, 0.012206084341, 0.0023197630001],
      [0.057979534268, 0.015481496232, 0.23349403495, 0.61313343019, 0.065045425449, 0.014866078918],
      [0.0088613099062, 0.05772241549, 0, 0.12631531007, 0.77000230086, 0.037098663666],
      [0.045981055292, 0.056278913942, 0.30395604152, 0.32951742819, 0.22390231281, 0.040364248244]
    ],
    [
      [0.78051426717, 0.034584006981, 0.12120331254, 0.06273976586, 0.00059095678144, 0.00036769067209],
      [0.026482969397, 0, 0.93426915828, 0.038808128999, 0, 0.0004397433249],
      [0.054530714676, 0.03527086251, 0.10200369912, 0.72543682534, 0.060135105448, 0.022622792907],
      [0.0082001364565, 0.090831082397, 0.012448070125, 0.089897206649, 0.74991870819, 0.048704796185],
      [0.051496520438, 0.10265046468, 0.11788783013, 0.38836724543, 0.27009498849, 0.069502950831]
    ],
    [
      [0.73472828646, 0.069953216042, 0.12659109485, 0.066232400832, 0.0019961848779, 0.00049881693036],
      [0.024510520735, 0.00015951078303, 0.93591505271, 0.038791692974, 8.4206161466e-05, 0.00053901663902],
      [0.043598717084, 0.064464047737, 0.0933628949, 0.67570891716, 0.098748592038, 0.024116831082],
      [0.0040746689313, 0.10711905441, 0.0081386595648, 0.054243842714, 0.79098826666, 0.035435507728],
      [0.034928634985, 0.15160117022, 0.090264001948, 0.3016095347, 0.35842788248, 0.063168775671]
    ],
    [
      [0.81141738228, 0.045084940823, 0.08607252562, 0.05742515128, 0, 0],
      [0.037960821258, 0.00044666905294, 0.91242198508, 0.049170524608, 0, 0],
      [0.061516683244, 0.053254143245, 0.081691023067, 0.73627365336, 0.0561636433, 0.011100853783],
      [0.0083314754475, 0.13514736607, 0.011465753954, 0.093703061841, 0.72420787788, 0.027144464804],
      [0.059395619944, 0.14999657322, 0.094766581877, 0.39983745932, 0.25724645689, 0.038757308745]
    ],
    [
      [0.7844502967, 0.060127443995, 0.087889231153, 0.066072251511, 0.00079206156252, 0.00066871507494],
      [0.036413590772, 0, 0.90864484402, 0.054441470526, 9.887451547e-05, 0.0004012201637],
      [0.050949753968, 0.05964305264, 0.070737376189, 0.73319612865, 0.063066450735, 0.022407237822],
      [0.0070624523611, 0.14022762226, 0.0089482393994, 0.083195793951, 0.71491461681, 0.045651275216],
      [0.046896002042, 0.16400022092, 0.078393066084, 0.3777806937, 0.26662319841, 0.066306818849]
    ],
    [
      [0.87747299729, 0.010206569312, 0.078732329181, 0.029852911868, 0.0037351923504, 0],
      [0.034999351807, 0, 0.93255788157, 0.028663257049, 0.0037795095772, 0],
      [0.12891795209, 0.028938264911, 0.16118131207, 0.61566257554, 0.059800102946, 0.0054997924483],
      [0.0046591597121, 0.092218247675, 0.013277496437, 0.11603977113, 0.75571264118, 0.018092683875],
      [0.13286120062, 0.087788159805, 0.19515623294, 0.33180530866, 0.22775482321, 0.024634274751]
    ],
    [
      [0.84135454822, 0.01643396671, 0.072787801377, 0.063483583403, 0.0059401002867, 0],
      [0.035701041161, 0, 0.89541886042, 0.062188580265, 0.0066915181567, 0],
      [0.058900916034, 0.016265346679, 0.063463516239, 0.75742680682, 0.09772347317, 0.0062199410559],
      [0.014822699987, 0.031480271009, 0.0074795089406, 0.075253394716, 0.86147668373, 0.0094874416136],
      [0.054717859281, 0.063962478239, 0.071218292578, 0.39451305806, 0.38909108842, 0.026497223424]
    ],
    [
      [0.76340658005, 0.062028657048, 0.075137866722, 0.093173813371, 0.0062530828101, 0],
      [0.037554234174, 0, 0.87503017049, 0.08402170325, 0.0033938920866, 0],
      [0.037784706231, 0.051041191245, 0.022779931421, 0.71242929815, 0.16239265161, 0.013572221342],
      [0, 0.039340780973, 0, 0.050490135312, 0.89772378688, 0.012445296839],
      [0.024024769772, 0.090836095315, 0.033502539473, 0.29203994858, 0.52393742749, 0.035659219368]
    ],
    [
      [0.88804168369, 0.012535920592, 0.053578592542, 0.043726407448, 0.0020724140078, 4.4981724581e-05],
      [0.051726399096, 0, 0.88567175505, 0.057516120724, 0.0048535304173, 0.00023219471156],
      [0.078755927977, 0.0039490922309, 0.067508270023, 0.74084984223, 0.095840148941, 0.013096718603],
      [0.0078719215847, 0.016476053806, 0.0099396786413, 0.082305188015, 0.85920301643, 0.024204141525],
      [0.075025377908, 0.048217281832, 0.075895701198, 0.3909164427, 0.3695679647, 0.040377231666]
    ],
    [
      [0.80210068786, 0.024108343498, 0.096063425882, 0.073976705651, 0.0037508371088, 0],
      [0.027112654921, 0, 0.91339545391, 0.055405507835, 0.0040863833349, 0],
      [0.048138178662, 0.01363927867, 0.072974619391, 0.76441413384, 0.093588967373, 0.0072448220596],
      [0.0099870775694, 0.034894319252, 0.0098308136047, 0.078549050865, 0.85244414173, 0.01429459698],
      [0.045052579235, 0.063990729738, 0.082744142942, 0.40573604159, 0.37231291213, 0.030163594369]
    ],
    [
      [0.78592348267, 0.03767855021, 0.10209206434, 0.071129396641, 0.003176506133, 0],
      [0.028454821575, 0, 0.91934629699, 0.050341981386, 0.0018569000488, 0],
      [0.0455895476, 0.029045080241, 0.074728306209, 0.71277905612, 0.10554952796, 0.032308481877],
      [0.0061185579739, 0.05209440452, 0.0073457847843, 0.060208510948, 0.82462479972, 0.049607942052],
      [0.037305536128, 0.083112997549, 0.074115450554, 0.32946592561, 0.38147601984, 0.094524070318]
    ],
    [
      [0.76975285685, 0.05527986361, 0.073699560155, 0.096516373228, 0.0045630902675, 0.00018825588603],
      [0.038081148395, 0, 0.87211918575, 0.087804772295, 0.0018634998413, 0.00013139371704],
      [0.03721013141, 0.04112379017, 0.022651278528, 0.74109558566, 0.12882927055, 0.029089943687],
      [0, 0.043611250535, 0, 0.059989196808, 0.85849184181, 0.037907710849],
      [0.026263691065, 0.086805511659, 0.034041096394, 0.3298867129, 0.44821535884, 0.074787629144]
    ],
    [
      [0.83051623494, 0.030226018552, 0.08381964392, 0.052656206109, 0.0026634378204, 0.00011845865594],
      [0.035340004186, 0, 0.91916545873, 0.044081880448, 0.001241972783, 0.00017068385261],
      [0.058289460381, 0.030477391303, 0.078479936588, 0.67895516788, 0.12309422477, 0.030703819081],
      [0.006793393082, 0.04033635358, 0.0075883574053, 0.04997819505, 0.85385082705, 0.041452873829],
      [0.045461681592, 0.078270540908, 0.073755114292, 0.2951702729, 0.42758270289, 0.079759687427]
    ],
    [
      [0.74461446544, 0.059035279366, 0.11958174776, 0.073389300408, 0.0033792070241, 0],
      [0.024308107235, 0, 0.93004580073, 0.044725458575, 0.00092063346398, 0],
      [0.038547454081, 0.049014366098, 0.079663748694, 0.67641566656, 0.12092022437, 0.035438540198],
      [0.003039828337, 0.070219409741, 0.0068687321638, 0.047699197485, 0.8270126733, 0.045160158969],
      [0.02900335831, 0.10943217798, 0.072783286725, 0.28480568626, 0.41160330203, 0.09237218869]
    ],
    [
      [0.73355974291, 0.033341413588, 0.15231235348, 0.076379119124, 0.0044073709037, 0],
      [0.016835852465, 0, 0.94425248572, 0.036990368604, 0.001921293214, 0],
      [0.036885304444, 0.013047132533, 0.099630296142, 0.68113671795, 0.13167544781, 0.037625101119],
      [0.0041776517238, 0.016801904393, 0.010111013179, 0.055810623587, 0.86430881999, 0.048789987123],
      [0.028373086137, 0.052747159556, 0.092213722109, 0.2940668422, 0.42991513213, 0.10268405787]
    ],
    [
      [0.89579520153, 0.020760983333, 0.029032800624, 0.051798665926, 0.0024751206185, 0.00013722796475],
      [0.093389779841, 0, 0.79849403672, 0.10540505595, 0.0025011100973, 0.00021001738921],
      [0.080989290041, 0.026216634957, 0, 0.75723135853, 0.11695480094, 0.01860791553],
      [0, 0.025447649048, 0, 0.074052929445, 0.87259523697, 0.027904184537],
      [0.061203449828, 0.064980541155, 0.024286768382, 0.36982066454, 0.42951507992, 0.050193496179]
    ],
    [
      [0.75508074005, 0.045859738478, 0.10956807283, 0.084748280307, 0.0045802477756, 0.00016292055158],
      [0.024404120812, 0, 0.91907516433, 0.05456816497, 0.0017195037387, 0.00023304614635],
      [0.034398455798, 0.02796107484, 0.065981144154, 0.70889396286, 0.14081474423, 0.021950618125],
      [0.0028709259494, 0.031525190725, 0.0048929564762, 0.050210606788, 0.88293746588, 0.027562854183],
      [0.026415899799, 0.07433301107, 0.061120429464, 0.30406002464, 0.47929248718, 0.054778147851]
    ],
    [
      [0.81889259084, 0.047757011068, 0.083527234262, 0.047506757143, 0.0023164066864, 0],
      [0.037924125572, 0.00041749765604, 0.91976803466, 0.040975309059, 0.00091503305014, 0],
      [0.06477329625, 0.061560685291, 0.085121345417, 0.66366569122, 0.11755600942, 0.0073229724027],
      [0.0058237362466, 0.09177793261, 0.0078089641592, 0.04879179213, 0.83602945807, 0.0097681167806],
      [0.050640316746, 0.139172142, 0.080067036809, 0.28975647385, 0.41267664922, 0.027687381375]
    ],
    [
      [0.82830536178, 0.031501390476, 0.069816792771, 0.066713370032, 0.0034271365399, 0.00023594840029],
      [0.043120460448, 0, 0.88980040073, 0.065412929087, 0.0015250350231, 0.00014117471318],
      [0.051143749027, 0.024994385921, 0.054006870785, 0.72714221236, 0.1214082252, 0.021304556705],
      [0.0066392644505, 0.033933298129, 0.0017415811758, 0.058983287444, 0.86829723021, 0.030405338593],
      [0.04218739159, 0.072202738056, 0.053854814897, 0.33506068121, 0.43974735852, 0.056947015726]
    ],
    [
      [0.68577475625, 0.063832878256, 0.1439216756, 0.10252885195, 0.0039418379459, 0],
      [0.017391743374, 0, 0.92935123115, 0.051818780376, 0.0014382451022, 0],
      [0.02576626331, 0.040641032764, 0.075676233221, 0.73862233426, 0.10723437379, 0.012059762658],
      [0.00059258361995, 0.068319263434, 0.0077082496726, 0.060709457123, 0.84433831361, 0.018332132541],
      [0.022747406171, 0.10447731895, 0.077029639067, 0.35118228949, 0.40710049095, 0.037462855378]
    ],
    [
      [0.77741621166, 0.040820636789, 0.10825452957, 0.069795032895, 0.0037135890879, 0],
      [0.027100743151, 0, 0.92544172304, 0.04621711532, 0.0012404184874, 0],
      [0.042923206995, 0.029708297419, 0.07725411003, 0.67811750182, 0.12947005412, 0.042526829619],
      [0.0049939059729, 0.040923816187, 0.007539984198, 0.053020609863, 0.84151734856, 0.052004335222],
      [0.032066735942, 0.076283220735, 0.069577466634, 0.28471144806, 0.41540598535, 0.12195514329]
    ],
    [
      [0.83896106911, 0.034800170804, 0.067055823053, 0.056275976428, 0.0027521731385, 0.00015478746137],
      [0.046028807344, 0, 0.89456110649, 0.057999049966, 0.0012707033619, 0.00014033283949],
      [0.058884758102, 0.034766202636, 0.059173892626, 0.69853231996, 0.12751779069, 0.021125035979],
      [0.0063803908313, 0.049595181075, 0.0024772887775, 0.051450296744, 0.86260893121, 0.027487911362],
      [0.046253763826, 0.088579866704, 0.056472904073, 0.30734113476, 0.44768817928, 0.053664151352]
    ],
    [
      [0.73635582737, 0.060325158875, 0.10722554535, 0.088588939618, 0.0075045287889, 0],
      [0.023871570491, 0, 0.91330207566, 0.059337698285, 0.0034886555664, 0],
      [0.030461740406, 0.035538211201, 0.057299355579, 0.66700170578, 0.19582290472, 0.01387608232],
      [0.00069499141096, 0.028724769989, 0.00097057545745, 0.041064257132, 0.91824885374, 0.010296552274],
      [0.020209414568, 0.07849493439, 0.045986173179, 0.24799013201, 0.57311758853, 0.034201757325]
    ],
    [
      [0.79576430094, 0.040024853704, 0.098904333952, 0.062586146879, 0.002634591538, 8.5772983966e-05],
      [0.031700764672, 0, 0.92165388003, 0.045736831598, 0.00085040114146, 5.8122559608e-05],
      [0.050688107351, 0.037568608769, 0.07998752837, 0.69355729122, 0.1102663204, 0.027932143884],
      [0.0056366566335, 0.059178026773, 0.0075972129399, 0.054632529785, 0.8325629212, 0.040392652671],
      [0.040997276791, 0.094133386446, 0.077963586916, 0.31325392811, 0.3983051162, 0.075346705537]
    ],
    [
      [0.85663398956, 0.022426456493, 0.056207876265, 0.061807666751, 0.0027060667387, 0.00021794419518],
      [0.053849789667, 0, 0.86749421112, 0.075090980607, 0.0030845883388, 0.00048043026894],
      [0.060845509834, 0.017739251553, 0.049445160141, 0.76586086278, 0.089357009187, 0.016752206507],
      [0.0089763163785, 0.041276828786, 0.0034671661286, 0.080471636513, 0.83484342319, 0.030964629003],
      [0.057540976779, 0.069041953295, 0.057241766099, 0.40638004122, 0.35940737818, 0.050387884428]
    ],
    [
      [0.7010980884, 0.052003113561, 0.13448483631, 0.10793798487, 0.0044759768632, 0],
      [0.017944534486, 0, 0.92128562381, 0.058259097162, 0.0025107445439, 0],
      [0.0267515037, 0.028472151558, 0.06843599055, 0.75486969114, 0.11554869454, 0.0059219685051],
      [0.0012283557347, 0.044842009001, 0.007188764826, 0.066026414559, 0.87449711051, 0.0062173453713],
      [0.023374010404, 0.081952556491, 0.071335210405, 0.36581346399, 0.43122029252, 0.026304466187]
    ],
    [
      [0.77062148943, 0.03603372253, 0.14531997742, 0.045854949763, 0.001593363454, 0.0005764974001],
      [0.021509469458, 0.00015513889265, 0.95418081784, 0.023357325699, 0.00033541107539, 0.00046183703904],
      [0.061758650698, 0.046122727406, 0.14325984115, 0.63828315533, 0.088710919938, 0.021864705479],
      [0.0075934452693, 0.087151772779, 0.0051251486062, 0.061934379082, 0.80119804546, 0.036997208803],
      [0.051508715984, 0.11270734128, 0.14572321477, 0.29803448092, 0.33396458543, 0.058061661625]
    ],
    [
      [0.73548748489, 0.036586297326, 0.13744444074, 0.086200727505, 0.004281049537, 0],
      [0.018043765838, 0, 0.93247877392, 0.046492711098, 0.0029847491497, 0],
      [0.036820008415, 0.024346022252, 0.086877794702, 0.74491435403, 0.10164344677, 0.0053983738345],
      [0.0056448425066, 0.046169211525, 0.010271842579, 0.070837379239, 0.85854800677, 0.0085287173832],
      [0.033179638069, 0.077109444729, 0.094267119345, 0.37632362614, 0.39295273436, 0.026167437366]
    ],
    [
      [0.79746885125, 0.038369740837, 0.091956732162, 0.070318034072, 0.0018866416745, 0],
      [0.033891688265, 3.8607652556e-06, 0.91103898794, 0.05425622306, 0.00080923996926, 0],
      [0.049116325852, 0.037176946381, 0.071987372925, 0.75913367929, 0.072550305632, 0.010035369922],
      [0.007785758029, 0.086142819699, 0.0099625389793, 0.082318843031, 0.79254863672, 0.021241403542],
      [0.047419675526, 0.10671320975, 0.083854398552, 0.41178733048, 0.31459476688, 0.035630618816]
    ],
    [
      [0.75768491319, 0.022092158518, 0.16250500068, 0.055490421233, 0.0022275063793, 0],
      [0.016334182176, 0, 0.94984125199, 0.031182667705, 0.0026418981302, 0],
      [0.062780652, 0.024198905553, 0.14328193649, 0.70529658913, 0.064346498325, 9.5418506678e-05],
      [0.011146800865, 0.076723770642, 0.0097792936959, 0.10661335345, 0.78144522751, 0.014291553843],
      [0.059063641602, 0.081803669617, 0.18092361081, 0.390985531, 0.26495466291, 0.022268884055]
    ],
    [
      [0.82589773508, 0.036829285009, 0.081195490339, 0.053777431275, 0.0023000582979, 0],
      [0.038213661339, 0, 0.91273120874, 0.047582675369, 0.0014724545557, 0],
      [0.059617743685, 0.04190667105, 0.075369537287, 0.68373222505, 0.10373320825, 0.035640614683],
      [0.0068624662129, 0.069649255894, 0.0073061249749, 0.058232285211, 0.80629966098, 0.051650206723],
      [0.048104769625, 0.100384238, 0.073173227045, 0.30744021394, 0.3678919225, 0.10300562889]
    ],
    [
      [0.81026476781, 0.033264495398, 0.10227308311, 0.051266066444, 0.0028119628875, 0.00011962435136],
      [0.029840064426, 0, 0.9320839452, 0.036460347199, 0.0013183357195, 0.0002973074553],
      [0.058159328104, 0.034173108795, 0.094856959252, 0.65313360489, 0.13274019594, 0.026936803018],
      [0.0061880237975, 0.042144055505, 0.0082107585746, 0.044908563631, 0.8639093876, 0.034639210896],
      [0.043911556309, 0.08221195463, 0.086261591296, 0.27494802331, 0.44566479298, 0.067002081473]
    ],
    [
      [0.81704621006, 0.053190046053, 0.060061489493, 0.066570272485, 0.0031319819071, 0],
      [0.049971287162, 7.6677577564e-05, 0.87394763158, 0.074467581533, 0.0015368221527, 0],
      [0.049934928483, 0.051700316017, 0.043049609985, 0.7105983329, 0.12786602969, 0.01685078292],
      [0.0012047855047, 0.072834139258, 0, 0.052549690834, 0.85217722994, 0.02123415446],
      [0.047929157343, 0.11849509618, 0.031385518905, 0.31020804301, 0.44751712433, 0.044465060225]
    ],
    [
      [0.75055182121, 0.047129255593, 0.13498702276, 0.064024321977, 0.0029957005279, 0.00031187793891],
      [0.02192439783, 0, 0.94186443125, 0.035035399051, 0.00069131973433, 0.00048445213555],
      [0.04445963836, 0.042166244659, 0.10097262928, 0.66139096104, 0.12235683919, 0.028653687474],
      [0.0045239311986, 0.060378159921, 0.0082730573479, 0.046506095123, 0.84274963021, 0.037569126203],
      [0.034049419581, 0.097955633624, 0.093075806536, 0.28178574045, 0.42094689473, 0.072186505079]
    ],
    [
      [0.79068789616, 0.034629105054, 0.11110301564, 0.061359655434, 0.0017119644973, 0.00050836321388],
      [0.028843853718, 0, 0.92904848396, 0.040967482145, 0.00042067549949, 0.00071950467812],
      [0.05515474877, 0.033723456817, 0.094113301706, 0.71400238584, 0.081118072401, 0.021888034466],
      [0.0068276816646, 0.074585471467, 0.010098907664, 0.072040109345, 0.79751032997, 0.03893749989],
      [0.048761799801, 0.098057441948, 0.10183571692, 0.35962292467, 0.32925493609, 0.062467180568]
    ],
    [
      [0.76853212954, 0.016201899063, 0.16470675025, 0.047054538027, 0.0035046831193, 0],
      [0.015946086483, 0, 0.9501340296, 0.02904520089, 0.0048746830232, 0],
      [0.074595503724, 0.015638307391, 0.16858337737, 0.65996253801, 0.072768467005, 0.0084518065041],
      [0.012466574395, 0.06065484925, 0.0039623496835, 0.10051398767, 0.7996530878, 0.022749151198],
      [0.067079435379, 0.068830915006, 0.20620722811, 0.34985297858, 0.27607249729, 0.031956945638]
    ],
    [
      [0.80986385239, 0.016216752808, 0.1127827167, 0.057583076083, 0.0035536020175, 0],
      [0.022421153944, 0, 0.93311856723, 0.040020838626, 0.0044394402018, 0],
      [0.067042142799, 0.0065982553625, 0.10613695195, 0.73190517029, 0.081226096241, 0.00709138336],
      [0.0096622788599, 0.042970406238, 0.012535791236, 0.089171475635, 0.82652058247, 0.019139465561],
      [0.060099890339, 0.061443657077, 0.12415811211, 0.39733281998, 0.32496611184, 0.031999408658]
    ],
    [
      [0.8038404286, 0.021905205794, 0.12842519077, 0.043272072298, 0.0024810829956, 7.6019542415e-05],
      [0.024281313601, 0, 0.94606562289, 0.027357087384, 0.0021820458265, 0.00011393029496],
      [0.074497345902, 0.028578777073, 0.1422177809, 0.65863948725, 0.081972485203, 0.01409412367],
      [0.0093008161296, 0.067525626263, 0.0071711912684, 0.079298367643, 0.80920379556, 0.027500203132],
      [0.067131112265, 0.085703524843, 0.15877736295, 0.33186653247, 0.31450433532, 0.042017132147]
    ],
    [
      [0.81050998369, 0.051861781068, 0.056983687426, 0.076470879965, 0.0040587746261, 0.00011489322562],
      [0.050152153069, 0, 0.85857607934, 0.088704520398, 0.0023165727246, 0.00025067447269],
      [0.052500665281, 0.050842743859, 0.012901663997, 0.71339411417, 0.14446184766, 0.025898965033],
      [0, 0.045403790789, 0, 0.051861552088, 0.87151056821, 0.031224088916],
      [0.031579841059, 0.095028995688, 0.031203756007, 0.29872389, 0.48042271403, 0.063040803212]
    ],
    [
      [0.82125041185, 0.053788025312, 0.049882255042, 0.070777896879, 0.0043014109209, 0],
      [0.054969956536, 0, 0.85002258319, 0.091592108365, 0.0034153519084, 0],
      [0.052767467244, 0.06002748449, 0, 0.67003024985, 0.15836832953, 0.058806468888],
      [0, 0.042656469928, 0, 0.055660981585, 0.8508658686, 0.050816679892],
      [0.030580620749, 0.089303659322, 0.020214412927, 0.25366727993, 0.4508861939, 0.15534783317]
    ],
    [
      [0.82608940694, 0.040901167004, 0.057246084673, 0.068942357453, 0.0068209839311, 0],
      [0.048215884869, 0, 0.86528113085, 0.077383847448, 0.0091191368365, 0],
      [0.050203736742, 0.02808678755, 0.029096565522, 0.62629547047, 0.17432531521, 0.091992124501],
      [0.0040851177353, 0.028885559595, 0, 0.074784643071, 0.84700635122, 0.045238328381],
      [0.026656482745, 0.056835031675, 0.027076982677, 0.2229376497, 0.40083895098, 0.26565490222]
    ],
    [
      [0.7875749196, 0.014646069327, 0.12961543826, 0.06423630953, 0.0034441129426, 0.00048315033979],
      [0.018310729907, 0, 0.93800384449, 0.03964502721, 0.003310903522, 0.00072949487132],
      [0.0606827096, 0, 0.11070149292, 0.73627795036, 0.076146427021, 0.016191420094],
      [0.012805347143, 0.037244276487, 0.012975261856, 0.092441689912, 0.81151864332, 0.033014781283],
      [0.054596046857, 0.056883431953, 0.1306865062, 0.40032476378, 0.30871509591, 0.048794155302]
    ],
    [
      [0.78756989029, 0.037685982856, 0.11367915131, 0.058804906246, 0.0022600692968, 0],
      [0.029325729026, 0, 0.9300076345, 0.039407977682, 0.0012586587978, 0],
      [0.05655056159, 0.039232355234, 0.098455123353, 0.69606798641, 0.094149601795, 0.01554437162],
      [0.0062780327713, 0.073575753614, 0.0088471079089, 0.065719435942, 0.81951566771, 0.026064002056],
      [0.049021395746, 0.10291311203, 0.10299272059, 0.3384733182, 0.36035357755, 0.046245875885]
    ]
  ],
  "expected_outcome": [
    [
      [2.7331576831, 4.5090993631, 6.8713482146, 21.6039749011, 17.0657817154, 7.3499893672, 3.7531545148, 5.5683040658, 13.335335459, 17.0654121412, 2.6928866032, 6.883615848, 12.890705193, 8.7159899832, 10.0174605533, 7.9549726618, 11.2876750059, 6.7022372268, 5.7028857762, 14.7135435794, 11.6669925498, 9.0655481757, 20.4562465294, 13.001846962, 15.384502279, 28.1687140944, 28.0985136181, 27.9196748857, 39.7594517315, 36.869163945, 35.0989198915, 23.5579273503, 12.2145052808, 4.4402084184, 11.2294096301, 11.0029287574, 6.9277757117, 5.8136136446, 16.3815182397, 5.1349182003, 3.5831808061, 5.2855651804, 17.1967444076, 9.9396643414, 7.5435223188, 4.6644972699, 7.550649622, 10.3089815832, 11.1407002132, 12.8495098434, 4.9076866188, 15.4124297886, 13.974262213, 14.3544393226, 18.9421228297, 6.6071818806, 6.4821181425, 11.4386469409, 13.5099327817, 32.4182037426, 31.5098173111, 25.1057794242, 32.1536171438, 4.8630599021, 1.6425008237, 4.1304470347, 38.5911710604, 81.1196986997],
      [2.1530200766, 1.2641801512, 5.8008135817, 2.8152929562, 0.93789809778, 1.4918413677, 1.4243763389, 2.1447409034, 2.7079942176, 3.174640591, 1.1268483792, 1.1360218319, 2.1734089207, 1.4402883012, 3.9920387158, 1.116455942, 2.0675110702, 0.852693083, 1.934126632, 0.30070921049, 0.89978108307, 0.4650773935, 0.73980685139, 0.38650568942, 0.74072399702, 0.84094916491, 1.2450242513, 2.6582222096, 2.2091621003, 2.8259898678, 0.40826277249, 0.46015106787, 0.99245851278, 0.062679602958, 0.33751680897, 0.52749970294, 0.49751877249, 0.21158212987, 1.2987761461, 0.23338989512, 0.083043933332, 0.32101816934, 1.0028972324, 0.37801668571, 0.70216166081, 0.24492382073, 0.31320153724, 0.84455222426, 0.56034795186, 0.3363968474, 0.36402179493, 0.7206744506, 0.69513964919, 0.69065533507, 0.55230396295, 0.29463428007, 0.26611596318, 0.74466064474, 0.84832660068, 1.4197933072, 0.66427786156, 0.50271933703, 0.87620823175, 0.31117068641, 0.10757605062, 0.20450583502, 0.71765739701, 3.8816562342],
