{
  "Z_true": {},
  "V_true": [
    [41, 29, 509, 348],
    [430, 206, 14986, 538],
    [266, 3859, 802, 362],
    [1026, 96, 736, 154],
    [84, 232, 643, 648]
  ],
  "p_true": [
    [0.0442, 0.0313, 0.5491, 0.3754],
    [0.0266, 0.0127, 0.9274, 0.0333],
    [0.0503, 0.7296, 0.1516, 0.0684],
    [0.5099, 0.0477, 0.3658, 0.0765],
    [0.0523, 0.1444, 0.4001, 0.4032]
  ],
  "Z_est": [
    [
      [0, 0, 0, 0.1499, 0.1543, 0, 0, 0, 0.0373, 0, 0, 1.0963, 2.769, 0.2361, 2.6797, 1.3846, 1.5384, 0.3404, 0.3265, 0.4939, 1.4574, 0.6113, 0.7853, 0.7373, 0.3414, 0.8995, 0.44, 0.5514, 3.7477, 0.5546, 0.1635, 1.2966, 1.9538, 1.7119, 0.9125, 2.6285, 2.309, 2.345, 1.0262, 1.2291, 1.1918, 0.5783, 0, 16.5214, 2.4004, 4.9529, 3.1203],
      [0, 0, 0, 0.0126, 0.0564, 0, 0.0235, 0, 0.0452, 0, 0, 1.8826, 2.0761, 0.1768, 1.5808, 1.6248, 1.1523, 0.1066, 0.1004, 0.1366, 0.4111, 0.19, 0.0941, 0.3326, 0.0765, 0.1122, 0.1114, 0.4319, 2.9054, 2.0097, 0.1235, 1.1159, 1.5123, 2.068, 1.9309, 2.4393, 2.7914, 1.8926, 0.4483, 0.8174, 1.2115, 0.7739, 0, 15.8143, 4.5437, 5.0239, 1.4555],
      [0, 0, 0, 0.4102, 0.9904, 0, 0.2161, 0, 0.5956, 0, 0, 12.3008, 18.7024, 2.9406, 10.4878, 10.9862, 8.5651, 0.8005, 1.9754, 2.6607, 9.5488, 5.0647, 3.106, 5.8714, 3.3069, 4.5571, 4.1213, 4.2168, 28.831, 7.1071, 2.2001, 10.1891, 19.7931, 15.3467, 11.6739, 18.6117, 20.7828, 18.8492, 7.6723, 9.3348, 6.0442, 6.6258, 0, 114.0412, 27.6598, 43.6361, 7.1241],
      [0, 0, 0, 0.4272, 0.7988, 0, 0.7604, 0, 0.3218, 0, 0, 6.7203, 13.4524, 0.6464, 6.2517, 8.0044, 8.7442, 1.7525, 1.5977, 1.7089, 4.5827, 3.134, 2.0146, 3.0588, 1.2752, 2.4312, 1.3272, 2.7999, 20.516, 7.3286, 0.5129, 7.3983, 9.7408, 10.8735, 5.4827, 9.3205, 13.1168, 6.9132, 3.8532, 4.6188, 5.5525, 4.022, 0, 69.6232, 22.3961, 34.387, 7.3002]
    ],
    [
      [1.4305, 0, 2.091, 3.6133, 1.2341, 2.7252, 0, 0.6325, 0.6013, 0, 0.1813, 12.1354, 38.209, 1.3416, 21.6463, 20.7947, 25.7119, 1.1508, 12.9539, 14.1371, 34.302, 15.8025, 30.7948, 13.7976, 12.0119, 18.3372, 10.2656, 9.964, 29.8598, 8.5189, 2.0147, 11.0597, 11.8638, 20.6821, 9.833, 16.7386, 20.4548, 29.0954, 13.3169, 6.2041, 13.1097, 3.6962, 0.4297, 299.8181, 32.8625, 66.5534, 3.1533],
      [0.0039, 0.3413, 0.2935, 0.0175, 0, 0.138, 0, 0.017, 0, 0, 0.1811, 0.138, 0.0276, 0.0412, 0.4162, 0.0496, 0.2747, 0.0041, 0.006, 0.0063, 0.0139, 0.0074, 0.0057, 0.0091, 0.0024, 0.004, 0.0031, 0.0076, 0.4944, 1.1633, 0.0539, 1.0512, 1.5036, 0.4009, 0.652, 0.776, 0.0786, 0.3793, 0.7566, 0.3512, 0.2193, 0.1311, 0, 1.1988, 0.6124, 0.4927, 0.3851],
      [17.4805, 3.7552, 51.269, 22.0088, 15.9871, 18.0109, 9.5569, 18.7146, 11.8046, 8.2482, 14.5398, 285.7443, 529.2701, 33.3766, 192.0861, 333.5084, 296.2239, 10.2706, 293.991, 183.3744, 496.3214, 286.3795, 445.4419, 219.1525, 385.7716, 194.999, 217.6365, 152.6433, 488.4902, 245.1671, 47.3624, 177.3799, 258.2567, 381.0809, 269.5129, 253.6371, 395.9595, 472.0325, 203.616, 103.9644, 136.1042, 93.2214, 3.5703, 4419.1297, 815.9351, 1217.124, 51.3255],
      [1.0851, 0.9035, 0.3464, 1.3604, 0.7788, 0.1259, 1.4431, 1.6359, 0.5941, 0.7518, 1.0978, 7.9823, 19.4933, 0.2406, 5.8514, 12.6473, 14.7895, 0.5746, 8.0492, 5.4822, 11.3627, 8.8106, 9.7576, 6.0408, 5.2141, 5.6599, 3.0948, 5.385, 17.1556, 13.1506, 0.5691, 6.5093, 6.3759, 13.8361, 6.0021, 5.8483, 12.5071, 7.4928, 5.3105, 2.4804, 6.5668, 2.9513, 0, 131.8534, 33.5899, 47.8299, 1.1362]
    ],
    [
      [0.4356, 0, 0.0382, 0.6607, 0.2214, 0.0938, 0, 0.0278, 0.0556, 0, 0.0239, 1.6354, 4.5826, 0.3285, 3.0859, 1.9328, 2.7984, 0.0301, 0.7825, 1.3077, 2.0349, 0.8226, 3.3733, 0.8401, 0.4614, 1.42, 0.6876, 1.3137, 8.7923, 0.862, 0.626, 5.8118, 6.4203, 5.1627, 2.349, 5.5128, 3.3524, 4.7311, 5.7158, 2.6956, 3.0931, 1.3017, 0, 39.0837, 2.2531, 8.3015, 0.6689],
      [5.8506, 0, 2.8398, 2.8817, 1.9154, 3.7236, 0.9329, 3.6092, 2.6663, 0, 5.2046, 92.885, 110.858, 10.3866, 63.2788, 73.8694, 68.9335, 0.8169, 8.8614, 11.8074, 19.3028, 8.8515, 12.0969, 12.0234, 3.4539, 5.4838, 6.0564, 31.4496, 226.6085, 141.4714, 15.4762, 147.1284, 173.0601, 197.9414, 176.2482, 177.8683, 132.5968, 121.2923, 79.0292, 67.5209, 100.3787, 59.0043, 0, 1211.814, 142.2762, 270.0916, 12.037],
      [1.3019, 0, 0.0619, 1.198, 0.5357, 0.1316, 0.004, 0.0469, 0.1026, 0.5366, 1.0855, 12.4275, 20.1511, 2.7082, 9.3783, 9.4594, 10.1363, 0.0533, 4.3175, 4.872, 7.204, 3.3401, 13.5628, 2.9008, 1.7603, 3.7325, 3.8173, 6.0404, 44.132, 10.3411, 4.6433, 26.4724, 39.1672, 30.1725, 21.8027, 25.4682, 20.8841, 24.8099, 24.5021, 12.9186, 10.1902, 9.4243, 0, 185.3651, 14.3723, 48.5358, 5.0869],
      [1.412, 0, 0.0601, 1.2596, 0.3276, 0.051, 0.0631, 0.3161, 0.1755, 0.4634, 1.6861, 7.0521, 15.4083, 0.5767, 5.2571, 7.7384, 11.1318, 0.0997, 3.0385, 3.0128, 4.4584, 2.9858, 5.967, 2.2357, 1.3244, 2.3636, 1.4387, 4.1962, 33.4673, 11.3255, 1.2545, 22.5874, 22.3525, 22.7234, 10.6, 13.1507, 13.1667, 9.1668, 14.7529, 6.8648, 10.338, 6.2698, 0, 113.7372, 15.0983, 40.0711, 1.2072]
    ],
    [
      [0, 0, 0.5457, 2.4635, 0.3902, 1.6891, 0, 0.3267, 0.2509, 0, 0.777, 6.9403, 25.146, 1.0141, 11.127, 11.1498, 14.9725, 0.4292, 9.1967, 8.4258, 20.6294, 4.452, 15.3419, 5.7551, 4.5669, 4.5102, 7.3963, 6.7788, 31.9353, 6.0773, 1.1053, 14.4861, 13.3336, 27.5987, 10.832, 22.0387, 19.4598, 19.6419, 12.6723, 9.1278, 16.2803, 5.0464, 0.5703, 234.4, 17.1051, 36.5583, 3.6877],
      [0, 0.6587, 0.2523, 0.057, 0.0282, 0.2532, 0, 0.2544, 0.0823, 0, 0.4532, 2.9766, 4.7952, 0.22, 1.6043, 3.307, 2.853, 0.0282, 0.413, 0.5934, 1.1383, 0.3504, 0.2673, 0.6493, 0.2339, 0.1422, 0.2271, 1.3315, 6.5571, 5.426, 0.1928, 2.9506, 2.8952, 8.0993, 5.5963, 5.5755, 6.0981, 4.0123, 1.3938, 1.8034, 3.8947, 1.7509, 0, 58.2071, 8.1865, 9.459, 0.5949],
      [0, 0.2448, 1.1219, 1.1209, 0.4868, 0.9925, 0, 0.9971, 0.5584, 0.809, 2.5481, 14.4081, 32.2676, 2.6067, 7.6616, 16.4468, 15.7391, 0.4389, 18.2935, 10.1285, 27.2313, 5.7389, 19.6525, 8.1153, 11.0531, 2.5889, 14.035, 9.7624, 48.246, 14.4669, 2.507, 21.3707, 26.5626, 45.1843, 25.5763, 30.4548, 34.3562, 29.7898, 17.9866, 13.9012, 15.0433, 11.0062, 0.4297, 319.2373, 36.5279, 60.6401, 7.0586],
      [0, 0.0965, 0.0801, 0.3586, 0.0948, 0.0653, 0, 0.4219, 0.1084, 0.191, 2.2217, 2.675, 7.7912, 0.1592, 1.6071, 4.0964, 5.4354, 0.1037, 3.0968, 1.8522, 4.001, 1.4587, 2.7384, 1.4803, 1.1462, 0.7587, 1.3416, 2.1273, 11.2616, 5.0298, 0.1949, 5.1926, 4.2087, 11.1178, 3.9955, 4.9311, 7.0859, 3.556, 2.9473, 2.1675, 4.7817, 2.1965, 0, 63.1555, 10.1804, 16.3426, 0.6588]
    ],
    [
      [0.1339, 0, 0.3251, 0.1126, 0, 0.4919, 0, 0.013, 0.055, 0, 0.0178, 1.1926, 3.2933, 0.0796, 3.4611, 1.7381, 1.9787, 0.0495, 0.7403, 0.6355, 1.5763, 1.3116, 1.7048, 0.87, 1.6184, 0.8331, 1.2105, 0.3921, 2.6649, 0.9871, 0.0905, 1.3458, 1.4285, 2.8447, 1.0736, 2.0814, 1.424, 2.1867, 1.2688, 0.7433, 1.325, 0.3773, 0, 23.1769, 2.3789, 4.6339, 0.3698],
      [0.1455, 0, 1.6144, 0.0312, 0, 0.8852, 0.0436, 0.1194, 0.2062, 0, 0.1612, 5.1178, 6.2431, 0.1754, 5.1199, 5.1493, 3.7865, 0.0442, 0.6192, 0.4563, 1.134, 0.6008, 0.5361, 0.9855, 0.2334, 0.2579, 0.6019, 0.7793, 5.4347, 8.9296, 0.1537, 2.7539, 3.0288, 8.4904, 5.5725, 5.3409, 4.4351, 4.4235, 1.3722, 1.5071, 3.2958, 1.3398, 0, 56.9657, 11.3811, 11.9328, 0.5276],
      [1.2176, 0, 4.5472, 0.2621, 0, 1.8651, 0.223, 0.2414, 0.9387, 0.4062, 0.8266, 17.1194, 28.6088, 1.3679, 16.3863, 17.5992, 14.3356, 0.4367, 10.4226, 4.9644, 13.6946, 12.4768, 15.2367, 8.9601, 21.1081, 5.1224, 14.3899, 3.3371, 27.3008, 15.9178, 1.2871, 13.5879, 19.2206, 32.2156, 17.4342, 19.8282, 17.0174, 22.5187, 12.223, 7.881, 8.6181, 5.7224, 0, 214.2267, 35.5049, 53.064, 4.4048],
      [1.5029, 0, 1.5134, 0.5941, 0, 0.7578, 0.7335, 0.6262, 0.8001, 0.5938, 1.9944, 12.5703, 27.8548, 0.3771, 14.0327, 17.5135, 19.8992, 0.4696, 7.2179, 3.9438, 8.5952, 9.6109, 8.5224, 6.1844, 8.0401, 3.7866, 5.7977, 3.4915, 25.5996, 23.1655, 0.4686, 13.3124, 12.3221, 31.4493, 10.9196, 12.7495, 14.1235, 10.8712, 8.136, 4.8686, 10.761, 4.5605, 0, 169.6307, 38.7352, 56.3693, 1.6977]
    ]
  ],
  "V_est": [
    [65.6735, 59.612, 486.9479, 314.7666],
    [905.1303, 12.7096, 14780.436, 461.724],
    [135.7281, 4021.8827, 679.1552, 452.234],
    [666.232, 155.8632, 985.3932, 204.5116],
    [74.2361, 171.9325, 744.0676, 616.7638]
  ],
  "p_est": [
    [0.0708, 0.0643, 0.5253, 0.3396],
    [0.056, 0.0008, 0.9146, 0.0286],
    [0.0257, 0.7604, 0.1284, 0.0855],
    [0.3311, 0.0775, 0.4898, 0.1016],
    [0.0462, 0.107, 0.463, 0.3838]
  ],
  "EI_Z": {},
  "EI_V": 4.787,
  "MAE_Z": {},
  "MAE_V": 124.4368,
  "MAE_p": 0.0379,
  "runtime": 1.826
}
