{
  "Z_true": {},
  "V_true": [
    [883, 10, 76, 610, 20],
    [39, 1210, 680, 264, 83],
    [105, 520, 6386, 332, 220],
    [532, 421, 415, 16089, 403],
    [228, 322, 850, 684, 179],
    [52, 136, 216, 336, 432]
  ],
  "p_true": [
    [0.5522, 0.0063, 0.0475, 0.3815, 0.0125],
    [0.0171, 0.5316, 0.2988, 0.116, 0.0365],
    [0.0139, 0.0688, 0.8444, 0.0439, 0.0291],
    [0.0298, 0.0236, 0.0232, 0.9008, 0.0226],
    [0.1008, 0.1423, 0.3756, 0.3023, 0.0791],
    [0.0444, 0.116, 0.1843, 0.2867, 0.3686]
  ],
  "Z_est": [
    [
      [11.8038, 0.876, 1.8248, 50.5361, 6.8593, 15.9923, 18.7554, 50.1474, 60.1192, 50.7914, 47.6608, 36.3566, 24.0032, 15.4627, 1.6929, 0.6575, 3.0293, 17.1564, 18.7111, 33.6569, 14.4497, 33.1951, 27.5899, 38.1822, 2.7661, 2.8795, 20.9119, 1.3877, 35.2175, 23.48, 10.3738, 37.5697, 21.3115, 0.5929, 0, 239.862, 36.2068, 72.1418, 8.2428],
      [0.7261, 0.0137, 1.8374, 2.5327, 0.3884, 0.516, 0.873, 1.9964, 2.2603, 2.3234, 2.0684, 2.1532, 1.2518, 1.2342, 0.4473, 0.0355, 0.2019, 0.9433, 0.8685, 1.7661, 0.9099, 1.2719, 1.3919, 2.5877, 3.4116e-33, 0.2538, 0.8529, 0.1685, 1.3594, 0.9827, 0.5571, 2.4073, 2.2085, 0.0497, 0, 10.5688, 2.4934, 4.147, 0.9735],
      [0.2246, 0.0229, 0.317, 1.8027, 0.3501, 0.651, 0.7815, 2.0436, 1.5115, 1.7598, 1.243, 1.4019, 0.9297, 0.7613, 0.1205, 0.0423, 0.2093, 1.1008, 0.8164, 1.7123, 0.9197, 2.072, 1.5188, 2.6289, 0.0822, 0, 0.8588, 0.0314, 1.4418, 0.9673, 0.593, 1.8542, 1.6292, 0.0342, 0, 12.5871, 2.2349, 3.0541, 1.0976],
      [3.1896, 0.0874, 3.0208, 14.0165, 2.3215, 4.7053, 5.5403, 14.6644, 13.8202, 13.9072, 13.9603, 14.9775, 8.7628, 7.4556, 0.6932, 0.2626, 1.5475, 10.6745, 7.551, 10.7995, 5.6508, 11.3778, 10.4235, 17.4365, 0.1203, 0.8392, 7.3214, 0.4124, 12.9015, 7.4845, 3.4492, 13.1365, 11.757, 0.3202, 0, 93.5569, 14.9174, 24.3766, 6.6577],
      [0.0559, 0, 0, 0.112, 0.0807, 0.1354, 0.0499, 0.1482, 0.2888, 0.2183, 0.0675, 0.1109, 0.0526, 0.0863, 0.046, 0.0021, 0.0119, 0.125, 0.0531, 0.0653, 0.07, 0.0832, 0.0759, 0.1647, 0.0315, 0.0275, 0.055, 0, 0.0799, 0.0854, 0.0269, 0.0324, 0.0938, 0.0029, 0, 0.4252, 0.1475, 0.2805, 0.0284]
    ],
    [
      [0.2004, 0.0171, 0, 1.7634, 0.1214, 0.8546, 0.792, 2.2041, 1.8389, 1.8529, 0.4476, 1.2073, 0.811, 0.1175, 0.0032, 0.0064, 0.3202, 0.3098, 0.4124, 0.8212, 0.4802, 1.2644, 0.8148, 0.9533, 0.0812, 0.0316, 0.4059, 0.0196, 1.0163, 0.5747, 0.4961, 0.4272, 0.1829, 0, 0, 5.4898, 0.9755, 3.7392, 0],
      [11.9277, 1.6382, 2.6797, 79.7304, 8.319, 29.2356, 37.3397, 84.8183, 59.5062, 80.1177, 19.5547, 75.8783, 44.8366, 10.6264, 0.7802, 3.6235, 25.5528, 19.3558, 21.0506, 43.8549, 33.7597, 53.9703, 44.5896, 74.066, 0, 3.3087, 18.0547, 4.6962, 41.5587, 25.0114, 29.2685, 28.0055, 22.4813, 0, 0, 259.4745, 75.4607, 213.0053, 49.6979],
      [0.815, 0.2517, 0.1723, 10.4123, 1.2437, 6.1345, 5.7916, 14.8619, 7.8119, 10.9589, 2.431, 8.7555, 5.8883, 1.1643, 0.0688, 0.7027, 4.5711, 3.9271, 3.4667, 7.121, 5.8509, 13.6636, 8.2013, 12.8948, 0.3274, 0.0502, 3.1513, 0.125, 7.7446, 4.2526, 5.3178, 3.7643, 2.8691, 0, 0, 52.3798, 11.7856, 28.2081, 9.8489],
      [0.8581, 0.0929, 0.1479, 7.0947, 0.716, 3.8858, 3.6976, 9.6832, 5.8131, 7.6104, 2.092, 8.619, 5.0968, 1.0137, 0.0391, 0.3438, 3.1264, 3.4649, 2.8996, 4.1641, 3.1159, 7.0172, 5.2227, 7.7613, 0.119, 0.182, 2.392, 0.1593, 6.2955, 2.9977, 2.5987, 2.4756, 1.9141, 0, 0, 36.3147, 6.9849, 20.0392, 5.1489],
      [1.1989, 0, 0, 5.9993, 1.5999, 6.8895, 3.3791, 9.4325, 8.03, 9.4601, 1.4747, 6.5399, 3.3673, 1.078, 0.1087, 0.3236, 2.4295, 3.9425, 2.1708, 3.0388, 3.7934, 6.0845, 4.1717, 7.3246, 0.4724, 0.4274, 1.9961, 0, 4.3849, 3.1637, 2.319, 1.3273, 1.5525, 0, 0, 22.3412, 6.7932, 21.0083, 2.3042]
    ],
    [
      [5.2584, 0.0052, 0, 8.4089, 0, 0.9274, 2.6491, 4.1112, 16.9626, 10.31, 15.5737, 12.9048, 8.6045, 0.6412, 0, 0, 0.2068, 0, 4.0905, 0.9546, 0, 0, 2.5499, 0, 0, 0.8886, 2.6795, 0.263, 15.3807, 1.9036, 0, 1.861, 0, 0, 0, 16.459, 0, 18.2075, 0],
      [5.6437, 0.0782, 1.1472, 13.6536, 1.2538, 2.8284, 7.319, 7.834, 9.2088, 13.9347, 4.8263, 19.0983, 4.7396, 6.5444, 0.0041, 0, 0.9522, 1.922, 4.6831, 9.3333, 3.3576, 0, 9.1008, 15.2959, 0, 4.6053, 2.4104, 4.8247, 7.6431, 3.9968, 2.3152, 5.382, 8.464, 0.8231, 0, 38.492, 13.9656, 32.4479, 1.7039],
      [29.2419, 3.9165, 8.6617, 267.4378, 38.9004, 135.7948, 183.0658, 241.8283, 189.5294, 297.4395, 92.002, 82.6423, 55.0705, 33.6183, 8.2145, 22.6048, 30.7807, 50.5487, 48.3155, 241.2173, 277.2096, 378.7974, 311.9255, 504.9723, 8.2881, 6.7491, 81.0501, 10.8395, 134.0606, 120.8084, 172.2669, 116.8824, 164.5628, 7.308, 1, 1525.4287, 326.879, 628.4794, 53.3962],
      [0.5437, 0, 0.191, 0.4564, 0, 0, 0, 1.0393, 0.2922, 0.3538, 1.8025, 1.7471, 0.9392, 0.5811, 0, 0, 0.3292, 10.789, 1.3732, 0, 0, 0, 0.4935, 0, 0, 0.7566, 1.5472, 0.0728, 2.4174, 1.0854, 0, 0.7034, 0.8998, 0.5966, 1, 22.7963, 0, 2.9795, 0.2726],
      [2.3124, 0, 0, 7.0433, 2.8458, 9.4493, 4.9661, 7.1872, 10.007, 12.962, 2.7954, 3.6076, 1.6463, 1.615, 0.7813, 0.3952, 0.7311, 2.7402, 1.5377, 4.4948, 9.4328, 7.2026, 6.9304, 13.7318, 0.7119, 2.0005, 2.3129, 0, 3.4982, 4.2058, 3.4179, 1.1712, 4.0734, 0.2722, 0, 24.8239, 9.1554, 22.8857, 0.6272]
    ],
    [
      [0, 0, 0, 13.7743, 0.9784, 5.3212, 6.8952, 15.8295, 16.3846, 16.6822, 1.1031, 0, 0, 0, 0, 0, 1.2497, 0, 0, 8.2093, 3.4688, 7.7633, 4.0398, 4.1551, 3.138, 0, 1.2661, 0, 0, 6.2103, 3.7956, 4.4573, 0, 0, 0, 32.9728, 5.4782, 10.6169, 0],
      [4.6887, 0.0905, 0.1742, 19.1605, 2.7579, 0.7471, 7.2713, 8.3285, 14.0757, 21.2578, 7.765, 6.0295, 7.6359, 2.07, 0.3151, 0.6383, 2.1818, 0, 0, 8.1539, 11.8758, 6.2019, 4.8017, 12.7927, 0, 0, 1.3386, 2.1756, 2.1269, 4.3697, 7.3641, 10.2824, 9.7224, 0, 0, 18.3313, 14.9796, 41.5097, 3.2212],
      [0, 1.2542, 0, 0, 1.5284, 1.0682, 3.3253, 4.7054, 0, 0, 0, 0, 0, 0, 0.2653, 0.8619, 0.9484, 0, 0, 8.5867, 7.5894, 19.7269, 6.6353, 14.0515, 1.8127, 0, 0, 0, 0, 0, 8.0158, 2.5371, 3.9967, 0, 0, 19.1043, 11.5876, 0, 8.3521],
      [146.9575, 13.6553, 29.8258, 581.3383, 84.5913, 202.0267, 322.5591, 627.6004, 564.5099, 758.1193, 453.7487, 1295.6724, 633.9606, 295.0003, 9.8854, 18.4763, 224.9954, 532.4102, 423.9713, 356.1552, 227.5048, 379.0834, 380.255, 579.0744, 13.6011, 31.0895, 181.7162, 30.8244, 1069.8731, 328.5345, 175.0453, 349.7232, 342.6253, 32.8763, 0, 3416.5916, 540.7115, 1272.0831, 271.4267],
      [2.3539, 0, 0, 2.7269, 4.144, 7.8368, 1.949, 4.5361, 11.0298, 12.9406, 0.3833, 3.298, 0.4035, 2.9297, 0.5341, 0.0235, 0.6247, 4.5898, 1.0287, 0.8949, 2.5611, 1.2245, 1.2681, 3.9262, 1.4482, 0.9105, 0.6791, 0, 0, 2.8855, 0.7792, 0, 1.6556, 0.1237, 0, 0, 4.2431, 13.7903, 0]
    ],
    [
      [2.6337, 0, 0.1654, 18.5632, 0.9665, 6.4071, 5.3087, 15.7356, 20.5593, 22.92, 8.6877, 11.0092, 10.0714, 2.606, 0.3021, 0.2962, 1.0335, 3.3459, 6.6787, 11.853, 8.2687, 15.0985, 14.3969, 17.842, 0.9642, 1.1927, 6.4294, 0.2975, 12.1994, 8.5573, 5.0909, 8.1321, 6.1618, 0.3883, 0, 70.7955, 10.5285, 32.0609, 0.6235],
      [2.5012, 0, 0.8158, 14.1608, 0.893, 3.3574, 3.893, 9.8625, 11.7528, 16.155, 5.9207, 10.2592, 8.306, 3.3197, 0.4234, 0.3713, 1.1461, 3.87, 4.9721, 9.7121, 8.2972, 9.306, 11.5137, 19.1538, 0, 1.7732, 4.267, 0.7099, 7.4702, 5.6805, 4.3786, 8.0398, 11.9213, 0.9076, 0, 49.6317, 11.3373, 28.4462, 3.9901],
      [4.0697, 0, 1.3767, 39.9927, 2.9705, 15.4997, 13.0084, 37.2247, 33.943, 47.7996, 16.3041, 26.0697, 24.0602, 8.1517, 1.2605, 1.6095, 4.5166, 15.2278, 18.1858, 33.4844, 30.2845, 50.3529, 45.6725, 70.6965, 1.2848, 1.1689, 16.6599, 0.6811, 30.4872, 21.1766, 16.5167, 23.3855, 31.0274, 2.2108, 0, 217.1317, 37.2454, 81.8213, 12.6798],
      [1.9822, 0, 0.5378, 13.8156, 0.93, 5.0946, 4.2902, 12.4181, 12.6058, 16.7783, 6.8984, 12.3973, 10.1227, 3.4855, 0.3539, 0.4564, 1.5191, 6.606, 7.478, 10.1907, 8.5471, 13.659, 14.7476, 21.9352, 0.1469, 1.0909, 6.2277, 0.3115, 12.2377, 7.4478, 4.5402, 7.7406, 10.3855, 0.923, 0, 75.1223, 11.7255, 29.197, 3.5697],
      [1.8131, 0, 0.1043, 7.4678, 1.2401, 5.6411, 2.4997, 7.7592, 11.1391, 13.347, 3.189, 6.2646, 4.4396, 2.4371, 0.6601, 0.2666, 0.7846, 4.9503, 3.6854, 4.7597, 6.6025, 7.5836, 7.6692, 13.3725, 0.6041, 1.7743, 3.416, 0, 5.6056, 5.1378, 2.4735, 2.7019, 5.504, 0.5702, 0, 30.3188, 7.1632, 19.4747, 1.1369]
    ],
    [
      [0.1038, 0.1016, 0.0097, 0.9541, 0.0744, 0.4974, 0.5997, 0.9722, 1.1354, 1.4434, 0.5271, 0.5221, 0.5099, 0.1727, 0.0018, 0.0399, 0.1605, 0.1878, 0.1074, 0.5051, 0.3326, 0.6787, 0.6088, 0.8673, 0.0505, 0.0076, 0.3072, 0.0322, 1.1861, 0.2741, 0.2436, 0.5528, 0.3438, 0.0188, 0, 4.4208, 0.811, 2.2338, 0.1337],
      [0.5126, 0.1794, 0.3457, 3.762, 0.3878, 1.3155, 2.304, 3.1603, 3.1963, 5.2114, 1.8649, 2.5816, 2.2301, 1.2053, 0.0298, 0.3313, 0.9651, 0.9089, 0.4258, 2.1796, 1.7997, 2.25, 2.6023, 5.1039, 4.7231e-17, 0.059, 1.0765, 0.4251, 3.8418, 0.9589, 1.1164, 2.8829, 3.2024, 0.2195, 0, 16.5018, 4.7634, 10.4439, 1.4134],
      [0.6488, 0.5546, 0.4723, 8.3545, 1.0069, 4.8518, 6.0274, 9.3361, 7.2043, 12.0423, 4.0198, 5.1306, 5.0514, 2.3045, 0.0704, 1.1787, 2.9738, 3.1956, 1.2156, 5.8784, 5.1459, 9.3872, 8.0464, 14.756, 0.2048, 0.0318, 3.2799, 0.3231, 12.2659, 2.795, 3.2898, 6.5765, 6.9149, 0.447, 0, 56.3684, 12.2674, 23.4372, 4.6252],
      [0.469, 0.1644, 0.2766, 4.2786, 0.4412, 2.2875, 2.9128, 4.5946, 3.9588, 6.2309, 2.498, 3.5867, 3.118, 1.4637, 0.0283, 0.461, 1.4823, 2.0553, 0.7269, 2.6905, 2.1814, 3.8625, 3.8578, 6.7926, 0.0127, 0.0418, 1.7955, 0.2197, 7.2748, 1.4501, 1.3666, 3.2207, 3.4183, 0.2839, 0, 28.6182, 5.6607, 12.3246, 1.9244],
      [4.2658, 1, 0.8957, 21.6508, 6.0896, 24.0478, 16.1561, 26.9367, 32.5053, 46.0719, 11.0901, 17.179, 13.0906, 9.8538, 0.8697, 2.989, 7.4182, 14.6523, 3.5243, 11.7464, 15.5403, 19.8216, 18.8847, 38.4802, 1.732, 0.8598, 9.5409, 0, 31.4314, 9.5219, 6.9836, 10.7672, 17.1206, 2.0309, 0, 109.0908, 32.4975, 76.5605, 5.9033]
    ]
  ],
  "V_est": [
    [1092.4539, 57.6215, 51.4071, 394.0971, 3.4204],
    [31.0537, 1636.8355, 266.9855, 181.1978, 159.9275],
    [151.8017, 269.8331, 6891.7347, 56.0589, 193.5716],
    [173.7898, 264.4354, 125.9533, 17198.0989, 97.7226],
    [368.1713, 298.5165, 1035.2389, 357.5159, 203.5574],
    [21.7297, 91.758, 251.6804, 128.0315, 678.8005]
  ],
  "p_est": [
    [0.6832, 0.036, 0.0321, 0.2465, 0.0021],
    [0.0136, 0.7192, 0.1173, 0.0796, 0.0703],
    [0.0201, 0.0357, 0.9112, 0.0074, 0.0256],
    [0.0097, 0.0148, 0.0071, 0.9629, 0.0055],
    [0.1627, 0.1319, 0.4575, 0.158, 0.09],
    [0.0185, 0.0783, 0.2147, 0.1092, 0.5792]
  ],
  "EI_Z": {},
  "EI_V": 9.3329,
  "MAE_Z": {},
  "MAE_V": 203.6615,
  "MAE_p": 0.0609,
  "runtime": 0.005
}
