{
  "Z_true": {},
  "V_true": [
    [883, 10, 76, 610, 20],
    [39, 1210, 680, 264, 83],
    [105, 520, 6386, 332, 220],
    [532, 421, 415, 16089, 403],
    [228, 322, 850, 684, 179],
    [52, 136, 216, 336, 432]
  ],
  "p_true": [
    [0.5522, 0.0063, 0.0475, 0.3815, 0.0125],
    [0.0171, 0.5316, 0.2988, 0.116, 0.0365],
    [0.0139, 0.0688, 0.8444, 0.0439, 0.0291],
    [0.0298, 0.0236, 0.0232, 0.9008, 0.0226],
    [0.1008, 0.1423, 0.3756, 0.3023, 0.0791],
    [0.0444, 0.116, 0.1843, 0.2867, 0.3686]
  ],
  "Z_est": [
    [
      [11.6421, 0.873, 1.8188, 50.0074, 6.7797, 15.8513, 18.5293, 49.7619, 59.6002, 50.2353, 47.1131, 35.8435, 23.7212, 15.1811, 1.6973, 0.6423, 3.0158, 16.8949, 18.479, 33.243, 14.1833, 32.8239, 27.1817, 37.5123, 2.7652, 2.8108, 20.6946, 1.3535, 34.7673, 23.2222, 10.2288, 37.0937, 20.8434, 0.5697, 0, 236.9377, 35.701, 71.3326, 8.2199],
      [0.8802, 0.0168, 1.8965, 3.0476, 0.4726, 0.6272, 1.0665, 2.4061, 2.7278, 2.8172, 2.547, 2.6409, 1.5242, 1.5188, 0.4223, 0.0438, 0.2412, 1.1679, 1.0736, 2.151, 1.1202, 1.5656, 1.7077, 3.1584, 0, 0.3056, 1.036, 0.2026, 1.6907, 1.2072, 0.6827, 2.9078, 2.6918, 0.0644, 0, 12.9994, 3.011, 4.9696, 1.1517],
      [0.1582, 0.0189, 0.2384, 1.3959, 0.276, 0.507, 0.6136, 1.598, 1.1416, 1.3673, 0.9251, 1.0877, 0.722, 0.589, 0.12, 0.0338, 0.1602, 0.8582, 0.6391, 1.3702, 0.7347, 1.6813, 1.2066, 2.0841, 0.073, 0, 0.6624, 0.0219, 1.1266, 0.7611, 0.4749, 1.4632, 1.281, 0.0272, 0, 9.9077, 1.7577, 2.3468, 0.8459],
      [3.2721, 0.0913, 3.0463, 14.4637, 2.3999, 4.8975, 5.7512, 15.1204, 14.2829, 14.3995, 14.3685, 15.3435, 8.9944, 7.6424, 0.7178, 0.2786, 1.5738, 10.9822, 7.7688, 11.188, 5.906, 11.8691, 10.8479, 18.1181, 0.1318, 0.8595, 7.5688, 0.4219, 13.3564, 7.7422, 3.5929, 13.5192, 12.1119, 0.3364, 0, 96.8716, 15.4143, 25.1293, 6.7626],
      [0.0474, 0, 0, 0.0854, 0.0717, 0.117, 0.0395, 0.1136, 0.2475, 0.1806, 0.0463, 0.0843, 0.0381, 0.0688, 0.0427, 0.0016, 0.0089, 0.0968, 0.0396, 0.0478, 0.0559, 0.0602, 0.0561, 0.1271, 0.03, 0.0241, 0.0382, 0, 0.059, 0.0674, 0.0207, 0.0162, 0.0719, 0.0023, 0, 0.2836, 0.1159, 0.2217, 0.02]
    ],
    [
      [0.0267, 0, 0, 0.2673, 0, 0.0832, 0.0699, 0.2959, 0.3699, 0.226, 0.0445, 0.0459, 0.0403, 0.0011, 0, 0, 0.0017, 0.0014, 0.0155, 0.0573, 0, 0.0412, 0.0215, 0, 0.0086, 0.0033, 0.0294, 0, 0.0531, 0.0449, 0.0144, 0.0244, 0, 0, 0, 0.2109, 0, 0.2757, 0],
      [12.1724, 1.6697, 2.7034, 81.7032, 8.4528, 29.9523, 38.2943, 87.0926, 61.13, 82.1066, 20.1594, 77.9968, 46.0995, 10.8617, 0.7893, 3.6818, 26.1117, 19.9531, 21.7297, 44.9387, 34.4539, 55.4838, 45.7545, 75.6384, 0, 3.3554, 18.5549, 4.757, 43.1072, 25.7233, 29.9379, 28.6387, 22.8792, 0, 0, 267.4833, 76.9499, 217.6189, 50.341],
      [0.8667, 0.2623, 0.1827, 11.1585, 1.3096, 6.5612, 6.1498, 15.9603, 8.4216, 11.72, 2.5991, 9.3248, 6.3208, 1.2261, 0.0714, 0.7135, 4.8471, 4.1729, 3.7136, 7.5857, 6.1696, 14.5758, 8.738, 13.6685, 0.3658, 0.0537, 3.3981, 0.1273, 8.2598, 4.5454, 5.6223, 4.0215, 3.0274, 0, 0, 56.0223, 12.494, 30.1075, 10.4466],
      [0.6516, 0.0681, 0.1139, 5.4392, 0.5252, 3.001, 2.8305, 7.5046, 4.4604, 5.8252, 1.6081, 6.6128, 3.9484, 0.7674, 0.026, 0.2574, 2.4299, 2.655, 2.2292, 3.1629, 2.331, 5.3597, 4.0269, 5.8865, 0.0938, 0.1405, 1.8781, 0.1157, 4.8586, 2.3031, 1.9333, 1.8959, 1.4528, 0, 0, 28.1968, 5.2771, 15.502, 3.958],
      [1.2826, 0, 0, 6.4318, 1.7124, 7.4023, 3.6555, 10.1466, 8.618, 10.1222, 1.5889, 7.0196, 3.591, 1.1436, 0.1132, 0.3472, 2.6097, 4.2176, 2.3121, 3.2555, 4.0455, 6.5394, 4.459, 7.8065, 0.5318, 0.4471, 2.1395, 0, 4.7214, 3.3834, 2.492, 1.4195, 1.6406, 0, 0, 24.0866, 7.279, 22.4959, 2.2544]
    ],
    [
      [5.5866, 0.0095, 0, 10.3165, 0, 1.5955, 3.2526, 5.1403, 18.6213, 12.67, 16.1224, 14.4504, 9.4643, 1.0256, 0, 0, 0.2811, 0.0676, 4.6487, 1.5524, 0, 0, 3.4139, 0, 0, 1.0046, 3.1656, 0.3106, 16.6424, 2.5025, 0, 2.4622, 0, 0, 0, 24.5299, 0.7513, 23.5415, 0],
      [5.4596, 0.0709, 1.0978, 12.5104, 1.2056, 2.4139, 6.725, 6.9552, 8.3752, 12.7873, 4.4107, 17.9075, 4.3852, 6.1584, 0, 0, 0.8621, 1.3464, 3.5977, 8.5223, 3.2399, 0, 8.1191, 14.9601, 0, 4.5076, 2.1105, 4.8006, 6.9666, 3.6318, 2.2677, 4.9026, 8.2191, 0.7504, 0, 34.037, 12.9014, 29.7798, 1.6129],
      [29.3886, 3.9196, 8.726, 267.659, 39.1383, 136.2943, 183.5161, 242.5742, 189.9323, 297.7666, 92.3209, 82.8129, 55.0527, 33.8392, 8.2716, 22.6579, 30.8919, 50.816, 48.638, 241.9587, 278.1517, 379.7681, 312.8897, 506.8076, 8.3432, 6.8246, 81.1891, 10.8504, 133.685, 121.1714, 172.6721, 117.3134, 165.4634, 7.3604, 1, 1529.3081, 328.0956, 628.227, 53.5829],
      [0.4683, 0, 0.1762, 0.2598, 0, 0, 0, 0.9584, 0.0885, 0.0911, 1.6546, 1.6003, 0.8659, 0.5255, 0, 0, 0.3111, 11.3171, 1.7615, 0, 0, 0, 0.5158, 0, 0, 0.8454, 1.5201, 0.0384, 3.716, 0.9455, 0, 0.5818, 0.6875, 0.6483, 1, 22.1442, 0, 2.895, 0.2553],
      [2.097, 0, 0, 6.2543, 2.6561, 8.6963, 4.5064, 6.3718, 8.9827, 11.685, 2.4914, 3.2288, 1.2318, 1.4513, 0.7284, 0.3421, 0.6538, 2.4529, 1.354, 3.9666, 8.6084, 6.2319, 6.0616, 12.2323, 0.6568, 1.8179, 2.0146, 0, 1.99, 3.7489, 3.0602, 0.74, 3.63, 0.2409, 0, 17.9808, 8.2516, 20.5567, 0.5488]
    ],
    [
      [0, 0, 0, 13.5276, 1.1743, 5.481, 7.1598, 16.7082, 16.4547, 16.2222, 1.3976, 0, 0, 0, 0, 0.0178, 1.453, 0, 0, 8.591, 4.2068, 9.1209, 4.2197, 5.5971, 3.2219, 0, 1.2521, 0, 0, 6.3105, 4.3586, 4.5505, 0, 0, 0, 31.8373, 6.0015, 8.8465, 0],
      [4.3774, 0.0537, 0.0573, 17.0584, 2.5268, 0.1263, 6.2933, 5.9459, 12.2639, 18.9382, 6.6545, 3.9559, 5.9239, 1.6586, 0.3298, 0.515, 1.5022, 0, 0, 6.9573, 10.6335, 3.8554, 3.6368, 9.8088, 0, 0, 0.736, 2.0298, 0, 3.538, 6.3491, 9.0266, 8.8822, 0, 0, 8.3864, 13.1484, 36.9204, 2.1463],
      [0, 1.2115, 0, 0, 1.3639, 0.5301, 2.6695, 3.7297, 0, 0, 0, 0, 0, 0, 0.26, 0.7725, 0.521, 0, 0, 8.1709, 7.0965, 18.8214, 6.0516, 12.8836, 1.7705, 0, 0, 0, 0, 0, 7.6562, 2.2778, 3.6206, 0, 0, 15.2445, 10.3574, 0, 7.7267],
      [147.3654, 13.7348, 29.9427, 584.2491, 84.8818, 203.5201, 324.2009, 630.9799, 567.1061, 761.9182, 454.8954, 1298.8638, 636.0761, 295.6686, 9.898, 18.6944, 226.1616, 533.1803, 424.4006, 357.7054, 228.8123, 381.5107, 382.2837, 582.5386, 13.6343, 31.0821, 182.6132, 30.9702, 1072, 329.6879, 176.0333, 351.1451, 344.1538, 32.915, 0, 3431.5317, 543.8355, 1280.096, 273.127],
      [2.2573, 0, 0, 2.1649, 4.0532, 7.3426, 1.6764, 3.6363, 10.1752, 11.9214, 0.0525, 2.1802, 0, 2.6728, 0.5123, 0.0003, 0.3623, 3.8197, 0.5994, 0.5753, 2.2508, 0.6917, 0.8081, 3.1718, 1.3733, 0.9179, 0.3987, 0, 1.4586e-30, 2.4637, 0.6028, 0, 1.3434, 0.085, 0, 0, 3.6572, 12.1371, 0]
    ],
    [
      [2.6369, 0, 0.1706, 18.8811, 0.9687, 6.4655, 5.3682, 16.0665, 20.7645, 23.1395, 8.7734, 11.1132, 10.2353, 2.6125, 0.3006, 0.2984, 1.0761, 3.8393, 6.7439, 12.031, 8.2686, 15.3072, 14.5304, 17.9892, 0.9585, 1.1733, 6.5338, 0.3032, 12.3005, 8.6336, 5.147, 8.2916, 6.799, 0.4111, 0, 71.8645, 10.6983, 32.6499, 0.6353],
      [2.5182, 0, 0.8501, 14.3365, 0.8967, 3.3583, 3.964, 9.9474, 11.8055, 16.3204, 6.0512, 10.4745, 8.4558, 3.3918, 0.424, 0.3774, 1.1647, 3.4608, 5.0968, 9.9089, 8.4694, 9.4848, 11.7535, 19.5163, 0, 1.7622, 4.3102, 0.7283, 7.7015, 5.7813, 4.4753, 8.1942, 11.6057, 0.919, 0, 50.8358, 11.5036, 28.6775, 4.1207],
      [3.8842, 0, 1.3422, 38.6971, 2.8316, 14.8425, 12.5605, 35.9659, 32.6333, 46.0424, 15.7763, 25.1743, 23.3495, 7.8424, 1.2006, 1.5585, 4.3586, 14.659, 17.6707, 32.5385, 29.2943, 48.9626, 44.3532, 68.5408, 1.2267, 1.0863, 16.1484, 0.6595, 29.5364, 20.4728, 16.0306, 22.774, 30.1024, 2.1247, 0, 211.0956, 36.0307, 78.8469, 12.3727],
      [1.9266, 0, 0.534, 13.6828, 0.9079, 5.0413, 4.2551, 12.3034, 12.3844, 16.5524, 6.7779, 12.1431, 9.9774, 3.4048, 0.3405, 0.4605, 1.5095, 6.4599, 7.3438, 10.1258, 8.4921, 13.6493, 14.6937, 21.8507, 0.1401, 1.0435, 6.1783, 0.309, 12.086, 7.3348, 4.5247, 7.678, 10.2812, 0.9047, 0, 74.6805, 11.6558, 28.9649, 3.5828],
      [2.0341, 0, 0.1032, 8.4024, 1.3952, 6.2923, 2.8522, 8.7168, 12.4123, 14.9453, 3.6212, 7.0948, 4.9821, 2.7484, 0.7344, 0.3052, 0.8911, 5.5809, 4.1447, 5.3959, 7.4756, 8.5961, 8.6692, 15.103, 0.6748, 1.9346, 3.8293, 0, 6.3755, 5.7775, 2.8224, 3.0623, 6.2117, 0.6405, 0, 34.5235, 8.1117, 21.8609, 1.2885]
    ],
    [
      [0.1077, 0.1175, 0.0106, 1, 0.0773, 0.5235, 0.6203, 1.0273, 1.1895, 1.507, 0.549, 0.5469, 0.5389, 0.1797, 0.002, 0.0415, 0.1724, 0.1968, 0.1128, 0.5255, 0.3413, 0.7069, 0.6328, 0.9014, 0.0458, 0.008, 0.3245, 0.0327, 1.2368, 0.2864, 0.2512, 0.5777, 0.3576, 0.0192, 0, 4.6197, 0.8479, 2.3539, 0.1448],
      [0.5924, 0.189, 0.3949, 4.3439, 0.4455, 1.5219, 2.6569, 3.6528, 3.6975, 6.0302, 2.1772, 3.0243, 2.6115, 1.4107, 0.0347, 0.382, 1.1181, 1.0717, 0.5022, 2.5217, 2.0831, 2.6104, 3.0284, 5.918, 0, 0.0692, 1.2524, 0.4816, 4.534, 1.1185, 1.2873, 3.3302, 3.7221, 0.2663, 0, 19.258, 5.4857, 12.0339, 1.6274],
      [0.7023, 0.5877, 0.5107, 9.0895, 1.0806, 5.2649, 6.4904, 10.1718, 7.8711, 13.1037, 4.3786, 5.6003, 5.555, 2.5033, 0.0765, 1.2638, 3.2211, 3.4939, 1.3386, 6.376, 5.5532, 10.1907, 8.7609, 16.0153, 0.2207, 0.0354, 3.6019, 0.3409, 13.3921, 3.0493, 3.5439, 7.1501, 7.5051, 0.4877, 0, 61.4218, 13.2645, 25.4718, 5.0253],
      [0.3159, 0.1058, 0.1869, 2.9054, 0.2851, 1.5402, 1.9623, 3.1333, 2.6777, 4.2136, 1.6955, 2.4364, 2.1377, 0.9912, 0.0177, 0.3091, 1.0142, 1.4055, 0.4962, 1.8179, 1.4586, 2.6112, 2.632, 4.606, 0, 0.029, 1.2414, 0.1448, 4.983, 0.9865, 0.9157, 2.18, 2.3128, 0.1955, 0, 19.5751, 3.8173, 8.4128, 1.3142],
      [4.2817, 1, 0.8968, 21.6612, 6.1114, 24.1495, 16.2701, 27.0148, 32.5643, 46.1455, 11.1997, 17.3922, 13.157, 9.9151, 0.8691, 3.0036, 7.4743, 14.8321, 3.5502, 11.7589, 15.5638, 19.8808, 18.9459, 38.5593, 1.7334, 0.8585, 9.5798, 0, 31.8541, 9.5593, 7.0019, 10.7619, 17.1024, 2.0314, 0, 110.1254, 32.5845, 76.7276, 5.8882]
    ]
  ],
  "V_est": [
    [1079.1718, 69.7614, 40.2763, 407.1426, 2.6478],
    [2.2739, 1678.2763, 284.8115, 139.3267, 171.3115],
    [183.1292, 247.5983, 6908.8787, 55.8717, 167.5222],
    [177.7104, 214.2361, 112.7362, 17271.4138, 83.9035],
    [373.9801, 302.6421, 1002.5868, 354.1815, 229.6095],
    [22.7346, 106.4857, 273.7105, 87.0637, 682.0055]
  ],
  "p_est": [
    [0.6749, 0.0436, 0.0252, 0.2546, 0.0017],
    [0.001, 0.7374, 0.1251, 0.0612, 0.0753],
    [0.0242, 0.0327, 0.9135, 0.0074, 0.0222],
    [0.01, 0.012, 0.0063, 0.967, 0.0047],
    [0.1653, 0.1337, 0.443, 0.1565, 0.1015],
    [0.0194, 0.0909, 0.2335, 0.0743, 0.5819]
  ],
  "EI_Z": {},
  "EI_V": 9.9375,
  "MAE_Z": {},
  "MAE_V": 216.8557,
  "MAE_p": 0.0645,
  "runtime": 0.003
}
