{
  "X": [
    [5, 20, 41, 5, 11],
    [2, 13, 12, 5, 3],
    [4, 76, 158, 22, 16],
    [12, 145, 133, 23, 24],
    [60, 328, 574, 48, 59],
    [23, 255, 211, 54, 42],
    [8, 155, 48, 16, 29],
    [18, 302, 151, 33, 55],
    [19, 337, 238, 21, 37],
    [48, 380, 527, 60, 78],
    [6, 65, 75, 10, 13],
    [36, 390, 256, 58, 90],
    [29, 361, 118, 30, 56],
    [28, 341, 273, 48, 58],
    [57, 395, 329, 47, 63],
    [23, 239, 288, 39, 51],
    [22, 192, 165, 24, 32],
    [29, 288, 169, 43, 63],
    [21, 387, 326, 59, 50],
    [3, 109, 5, 4, 19],
    [1, 20, 10, 3, 2],
    [1, 7, 46, 4, 9],
    [30, 51, 70, 28, 17],
    [4, 60, 91, 16, 14],
    [11, 109, 313, 30, 21],
    [7, 84, 279, 15, 22],
    [7, 61, 140, 15, 22],
    [0, 5, 3, 2, 0],
    [9, 23, 123, 8, 13],
    [2, 14, 53, 0, 8],
    [6, 34, 72, 15, 14],
    [4, 27, 63, 6, 9],
    [33, 210, 358, 45, 51],
    [38, 226, 406, 51, 75],
    [0, 15, 2, 1, 5],
    [9, 15, 11, 10, 4],
    [42, 248, 212, 48, 42],
    [46, 340, 414, 111, 56],
    [11, 63, 206, 22, 16],
    [2, 66, 176, 13, 21],
    [3, 12, 25, 7, 7],
    [3, 13, 13, 7, 6],
    [3, 12, 67, 5, 3],
    [0, 8, 22, 4, 7],
    [1, 5, 0, 1, 3],
    [2, 44, 24, 15, 8],
    [11, 69, 114, 27, 11],
    [3, 27, 4, 10, 11],
    [2, 40, 24, 10, 5],
    [2, 93, 128, 20, 14],
    [4, 18, 15, 2, 1],
    [0, 16, 3, 1, 8],
    [1, 10, 31, 5, 2],
    [6, 43, 18, 8, 17],
    [15, 94, 72, 34, 23],
    [3, 21, 2, 9, 5],
    [5, 23, 26, 1, 5],
    [2, 9, 65, 3, 4],
    [2, 30, 53, 6, 9],
    [47, 203, 352, 14, 30],
    [0, 7, 3, 3, 0],
    [4, 36, 9, 5, 9],
    [16, 211, 192, 31, 50],
    [20, 318, 320, 67, 83],
    [23, 443, 341, 58, 94],
    [53, 463, 647, 96, 93],
    [40, 536, 456, 111, 96],
    [22, 353, 247, 44, 93],
    [2, 10, 4, 1, 2],
    [30, 343, 343, 58, 73],
    [4, 18, 29, 4, 0],
    [0, 29, 20, 8, 7],
    [12, 71, 127, 29, 23],
    [7, 243, 176, 41, 34],
    [90, 719, 1070, 136, 234],
    [16, 129, 148, 15, 23],
    [108, 637, 558, 84, 106],
    [19, 81, 116, 9, 19]
  ],
  "W": [
    [5, 5, 4, 23, 40, 5],
    [0, 1, 1, 17, 13, 3],
    [9, 4, 4, 80, 166, 13],
    [9, 6, 7, 165, 142, 8],
    [19, 33, 14, 392, 585, 26],
    [20, 17, 5, 268, 243, 32],
    [9, 8, 3, 162, 55, 19],
    [16, 16, 14, 316, 170, 27],
    [10, 9, 9, 347, 255, 22],
    [17, 35, 27, 424, 556, 34],
    [5, 7, 5, 64, 80, 8],
    [29, 29, 17, 415, 285, 55],
    [16, 16, 13, 376, 120, 53],
    [28, 18, 23, 368, 278, 33],
    [20, 46, 25, 430, 348, 22],
    [16, 16, 8, 270, 307, 23],
    [6, 21, 4, 208, 171, 25],
    [22, 23, 21, 307, 197, 22],
    [21, 17, 13, 416, 351, 25],
    [2, 3, 2, 105, 5, 23],
    [3, 2, 0, 18, 9, 4],
    [0, 2, 2, 7, 49, 7],
    [20, 17, 5, 69, 78, 7],
    [9, 7, 3, 64, 92, 10],
    [13, 7, 7, 129, 322, 6],
    [4, 12, 5, 89, 290, 7],
    [6, 9, 2, 74, 144, 10],
    [0, 0, 0, 5, 4, 1],
    [7, 8, 3, 30, 124, 4],
    [1, 3, 0, 16, 51, 6],
    [5, 6, 0, 39, 81, 10],
    [2, 2, 6, 30, 66, 3],
    [11, 46, 75, 189, 365, 11],
    [28, 27, 62, 232, 432, 15],
    [1, 0, 0, 11, 4, 7],
    [4, 4, 0, 20, 13, 8],
    [33, 39, 6, 252, 229, 33],
    [54, 33, 26, 372, 440, 42],
    [16, 8, 1, 82, 206, 5],
    [7, 3, 5, 71, 177, 15],
    [5, 2, 0, 16, 28, 3],
    [6, 2, 0, 13, 17, 4],
    [0, 2, 0, 18, 70, 0],
    [2, 0, 1, 10, 24, 4],
    [0, 0, 1, 7, 0, 2],
    [11, 1, 2, 47, 21, 11],
    [19, 9, 10, 66, 119, 9],
    [9, 5, 0, 28, 5, 8],
    [6, 4, 0, 35, 27, 9],
    [9, 4, 4, 95, 136, 9],
    [3, 1, 1, 19, 13, 3],
    [4, 1, 1, 12, 1, 9],
    [2, 0, 0, 12, 32, 3],
    [6, 7, 1, 44, 19, 15],
    [19, 8, 1, 114, 80, 16],
    [8, 2, 0, 22, 1, 7],
    [1, 6, 2, 24, 25, 2],
    [1, 2, 1, 10, 68, 1],
    [5, 3, 6, 28, 53, 5],
    [6, 38, 10, 231, 351, 10],
    [2, 1, 0, 5, 5, 0],
    [4, 7, 0, 36, 10, 6],
    [21, 12, 9, 240, 190, 28],
    [36, 26, 14, 336, 335, 61],
    [41, 33, 122, 388, 337, 38],
    [50, 35, 105, 473, 666, 23],
    [57, 45, 93, 503, 500, 41],
    [23, 36, 76, 331, 270, 23],
    [1, 0, 0, 11, 4, 3],
    [31, 34, 84, 314, 366, 18],
    [2, 1, 0, 21, 31, 0],
    [5, 0, 2, 29, 22, 6],
    [10, 5, 4, 91, 147, 5],
    [27, 13, 16, 242, 185, 18],
    [61, 66, 113, 772, 1137, 100],
    [9, 8, 7, 136, 157, 14],
    [51, 109, 64, 628, 547, 94],
    [8, 11, 9, 88, 124, 4]
  ],
  "method": "mvn_cdf",
  "mvncdf_method": "genz",
  "mvncdf_samples": 5000,
  "mvncdf_error": 0.001,
  "cond_prob": [
    [
      [0.041100722719, 0.059812689209, 0.03529850412, 0.74805977837, 0.11572830559],
      [0.59782020918, 0.14999146694, 0.13218300405, 0.0067009862945, 0.11330433355],
      [0.0006019812583, 0.33572260859, 0.15582323775, 0.011034391226, 0.49681778117],
      [0.060717327742, 0.71516966017, 0.060072362525, 0.022504443539, 0.14153620602],
      [0.0087351421238, 0.001539590283, 0.9533223905, 0.011308199921, 0.025094677168],
      [0.011416638496, 0.21952059793, 0.0049479099834, 0.042425682711, 0.72168917088]
    ],
    [
      [0.0020926655918, 0.0036057443043, 0.0015883312446, 0.98947233317, 0.0032409256923],
      [0.66712594946, 0.13641260635, 0.080780715106, 0.067053707995, 0.048627021095],
      [0.0012814175331, 0.41624170776, 0.13240020993, 0.15910083671, 0.29097582807],
      [0.062694057427, 0.66179643324, 0.075664358979, 0.11971912665, 0.080126023706],
      [0.017749102141, 0.045963400009, 0.80536426688, 0.10117366439, 0.029749566588],
      [0.011685109638, 0.19976070691, 0.01026316764, 0.47445422175, 0.30383679406]
    ],
    [
      [0.012660127511, 0.049514092781, 0.017120899869, 0.88373277288, 0.03697210696],
      [0.41386716692, 0.30762887954, 0.16325146979, 0.024571448672, 0.090681035075],
      [6.9419379924e-05, 0.52789257076, 0.14856339354, 0.029642553344, 0.29383206297],
      [0.024992291105, 0.81880424039, 0.041750112255, 0.049892691941, 0.064560664308],
      [0.00081329510105, 0.0097382593969, 0.92286589026, 0.049458818384, 0.017123736854],
      [0.0073786332311, 0.39164592867, 0.004838898734, 0.12522844839, 0.47090809098]
    ],
    [
      [0.025519315725, 0.061659711111, 0.014118105984, 0.84661329159, 0.052089575589],
      [0.5484404169, 0.25768345377, 0.09165961502, 0.01609834956, 0.086118164749],
      [0.00026139408756, 0.53613569292, 0.10148243895, 0.023600479744, 0.3385199943],
      [0.043303433157, 0.8147499871, 0.027008265696, 0.039840643838, 0.075097670208],
      [0.0087232056087, 0.011911645563, 0.89529437371, 0.054863872583, 0.029206902533],
      [0.011761528887, 0.37760131066, 0.0030546720682, 0.094288847504, 0.51329364088]
    ],
    [
      [0.056423980488, 0.06313044097, 0.026259415207, 0.79820187864, 0.055984284697],
      [0.68622234432, 0.15208893785, 0.098964881047, 0.0090528352283, 0.053671001552],
      [0.00031518898145, 0.48689456203, 0.1688470746, 0.020636826861, 0.32330634753],
      [0.082707001772, 0.76157153062, 0.049880919341, 0.033677304714, 0.072163243553],
      [0.0055044381952, 0.011883421418, 0.93704619581, 0.028667931087, 0.016898013487],
      [0.024498204751, 0.36450851044, 0.0056163869295, 0.087471616664, 0.51790528122]
    ],
    [
      [0.020979387482, 0.058828392647, 0.008140521633, 0.87387688309, 0.038174815144],
      [0.54044857796, 0.29976325954, 0.062009943793, 0.020401331007, 0.077376887696],
      [0.00021876517945, 0.60821030867, 0.066719356175, 0.02969385362, 0.29515771636],
      [0.038219623126, 0.84340665035, 0.021982760875, 0.03765953569, 0.058731429955],
      [0.011442780576, 0.024825615299, 0.83733869665, 0.09123950065, 0.035153406829],
      [0.011507435042, 0.42564994934, 0.0026481419487, 0.11760050688, 0.44259396678]
    ],
    [
      [0.022512017146, 0.096415331014, 0.0092367591507, 0.79079015269, 0.081045739999],
      [0.44225391943, 0.36611125367, 0.05566748085, 0.013562387858, 0.1224049582],
      [7.9823279475e-05, 0.57490556428, 0.046477022483, 0.015022287945, 0.36351530201],
      [0.02265193566, 0.86526657589, 0.0093148352292, 0.024128469535, 0.078638183684],
      [0.0084056348229, 0.032542439368, 0.83280154052, 0.067385197171, 0.058865188119],
      [0.0066946067488, 0.39555978101, 0.0010005377753, 0.058648671049, 0.53809640342]
    ],
    [
      [0.025285460527, 0.095379232836, 0.011122388278, 0.78911058262, 0.079102335742],
      [0.46359607813, 0.34557226396, 0.063293249695, 0.013368347332, 0.11417006088],
      [7.5315366167e-05, 0.57244051713, 0.055825861426, 0.015637038623, 0.35602126746],
      [0.026975678404, 0.8582433452, 0.01438206633, 0.024654811448, 0.075744098615],
      [0.0084712917952, 0.029254813012, 0.8496430112, 0.061682516772, 0.05094836722],
      [0.007866925393, 0.39823679685, 0.0016201062334, 0.061647048566, 0.53062912296]
    ],
    [
      [0.040844783574, 0.13830479128, 0.01934808875, 0.72947244564, 0.072029890751],
      [0.50691031529, 0.33991949575, 0.074418707227, 0.0083210663125, 0.070430415423],
      [0.00018943092281, 0.65633861121, 0.076536751413, 0.011378924903, 0.25555628155],
      [0.032853694619, 0.88805365815, 0.018413659597, 0.01218373301, 0.048495254627],
      [0.0093218669184, 0.028512535124, 0.90196859032, 0.032134978595, 0.028062029044],
      [0.011379379605, 0.51024151323, 0.0025631624184, 0.050263669378, 0.42555227537]
    ],
    [
      [0.032365621307, 0.062729108135, 0.017735672532, 0.8306466975, 0.056522900523],
      [0.5810807426, 0.22465680234, 0.099550054837, 0.014154065405, 0.080558334814],
      [0.00026239555766, 0.51167810256, 0.12085200697, 0.022730010433, 0.34447748448],
      [0.051891982427, 0.79804149306, 0.033981615629, 0.038509725265, 0.077575183622],
      [0.0083074480009, 0.011656128813, 0.90902282079, 0.045548973314, 0.025464629086],
      [0.014227415564, 0.36485022453, 0.003716002243, 0.091663261664, 0.525543096]
    ],
    [
      [0.024655473789, 0.088077879745, 0.016600494497, 0.80927523364, 0.061390918325],
      [0.47949961561, 0.32447930746, 0.094007420318, 0.012992550622, 0.089021105994],
      [0.00018304106186, 0.58834985991, 0.090131623172, 0.016414869916, 0.30492060594],
      [0.029901068634, 0.85608316085, 0.021492255989, 0.027170590793, 0.065352923733],
      [0.0066649648294, 0.013704012505, 0.90514816307, 0.043673904065, 0.030808955529],
      [0.0090555671924, 0.43260785684, 0.0026162550535, 0.068471436485, 0.48724888443]
    ],
    [
      [0.029391340396, 0.079250035133, 0.011709827909, 0.80412210076, 0.075526695803],
      [0.52859644425, 0.28422118652, 0.065614523783, 0.013652424533, 0.10791542091],
      [0.00020712361543, 0.53428106052, 0.065703007502, 0.018127115075, 0.38168169329],
      [0.038972401997, 0.82864533483, 0.019256644293, 0.030097984848, 0.083027634033],
      [0.010803590723, 0.02286538478, 0.85802506287, 0.061931358153, 0.046374603474],
      [0.01022296289, 0.36312923503, 0.0020362249799, 0.069732309539, 0.55487926756]
    ],
    [
      [0.041371573813, 0.099814002076, 0.016595009216, 0.77845655939, 0.063762855501],
      [0.57400108427, 0.27446208416, 0.071760276434, 0.010017137815, 0.069759417319],
      [0.00027876594896, 0.60859697857, 0.084808438409, 0.015713824963, 0.29060199211],
      [0.045390615931, 0.8526905568, 0.020601320152, 0.022712101262, 0.058605405859],
      [0.011036907476, 0.020500556303, 0.8966659202, 0.042731151131, 0.029065464887],
      [0.014322887285, 0.45336048655, 0.0025999797884, 0.066276469998, 0.46344017638]
    ],
    [
      [0.030860324396, 0.078263711486, 0.020436192346, 0.81110382569, 0.059335946084],
      [0.52962088324, 0.26744232146, 0.10928931955, 0.013080811714, 0.080566664033],
      [0.00023588761941, 0.54988940104, 0.11973383281, 0.018980106697, 0.31116077183],
      [0.041376001046, 0.8270966701, 0.032899063487, 0.030865003772, 0.067763261594],
      [0.0070820924467, 0.012539574961, 0.91896421799, 0.038214005132, 0.023200109466],
      [0.012185439945, 0.40877641309, 0.0038725073447, 0.079857000033, 0.49530863959]
    ],
    [
      [0.043434161628, 0.081499714688, 0.016526236451, 0.79629538713, 0.062244500103],
      [0.61577191725, 0.23029003598, 0.073215993254, 0.010684543587, 0.070037509928],
      [0.00026623835191, 0.56388076489, 0.09556861031, 0.018425350005, 0.32185903644],
      [0.054751466265, 0.82293763174, 0.02498891293, 0.029245498742, 0.068076490324],
      [0.011193609441, 0.016813695869, 0.89684354251, 0.04565985495, 0.029489297232],
      [0.016393001619, 0.4075135054, 0.0029790441433, 0.075307978203, 0.49780647064]
    ],
    [
      [0.02813279534, 0.06808859504, 0.01702531588, 0.8195552397, 0.067198054045],
      [0.53135435304, 0.2547557154, 0.099586739297, 0.01441514568, 0.099888046579],
      [0.00021320612413, 0.50336385049, 0.10482169345, 0.020058145369, 0.37154310457],
      [0.042252102096, 0.80684813849, 0.03001881354, 0.035287190317, 0.085593755561],
      [0.0077728345146, 0.012656076294, 0.90266631153, 0.046079588125, 0.030825189536],
      [0.010964009352, 0.35100727893, 0.0031302727814, 0.079218857872, 0.55567958107]
    ],
    [
      [0.026840536914, 0.066277162347, 0.01677277906, 0.84256042794, 0.047549093735],
      [0.54172139686, 0.26350741349, 0.10401962217, 0.015596743591, 0.075154823892],
      [0.00023004829793, 0.55928840052, 0.11745962762, 0.023146678995, 0.29987524457],
      [0.042555960109, 0.82450881503, 0.030975930933, 0.038159208804, 0.06380008512],
      [0.0075668170277, 0.011873759406, 0.91058310906, 0.047752096564, 0.022224217944],
      [0.012652873476, 0.41213125421, 0.0036962986577, 0.096871806288, 0.47464776737]
    ],
    [
      [0.031334345421, 0.080804500493, 0.0090975288427, 0.79817102823, 0.080592597015],
      [0.54750689424, 0.27976061239, 0.048545188648, 0.012875559466, 0.11131174525],
      [0.00025660272786, 0.53281372541, 0.049234073064, 0.017353573114, 0.40034202569],
      [0.041151382413, 0.83037831384, 0.016358069068, 0.027840038594, 0.084272196085],
      [0.014467915142, 0.029935933233, 0.82026609101, 0.075089543233, 0.060240517384],
      [0.01040652237, 0.35341806703, 0.0015932890812, 0.065461027759, 0.56912109376]
    ],
    [
      [0.018054947501, 0.067939300689, 0.012995480506, 0.85802843314, 0.042981838159],
      [0.45414647853, 0.33886030651, 0.10137244756, 0.020222357666, 0.085398409734],
      [9.4969701582e-05, 0.59702792275, 0.09516186894, 0.02514991776, 0.28256532085],
      [0.026690817293, 0.85189401112, 0.025170052787, 0.03854447581, 0.057700642993],
      [0.0044926547395, 0.019063096746, 0.88951344058, 0.061704892771, 0.025225915165],
      [0.0087527821511, 0.43888923586, 0.0030679760907, 0.10471018373, 0.44457982218]
    ],
    [
      [0.024511611412, 0.13336142972, 0.010798871297, 0.74953653326, 0.081791554308],
      [0.41057958749, 0.42235933975, 0.054481069355, 0.010034841243, 0.10254516215],
      [4.7280995304e-06, 0.64774810127, 0.044111124102, 0.010916000333, 0.29722004619],
      [0.014876386119, 0.90494991829, 0.003825074447, 0.011256102013, 0.065092519134],
      [0.0076679477656, 0.034097169608, 0.86502079684, 0.047013812094, 0.046200273693],
      [0.005168185964, 0.47741198481, 0, 0.044870897273, 0.47254893196]
    ],
    [
      [0.016199348341, 0.11718694608, 0.030558322708, 0.79770787749, 0.038347505379],
      [0.35086877115, 0.42998457128, 0.15633937994, 0.0092594226151, 0.053547855014],
      [8.9130297685e-05, 0.69829401279, 0.12817068528, 0.010179194056, 0.16326697758],
      [0.012354384906, 0.90560292122, 0.043188496609, 0.014511675818, 0.024342521442],
      [0.00053557967307, 0.0051992957044, 0.97625495572, 0.013384900691, 0.0046252682142],
      [0.0056163168301, 0.61020594395, 0.0079896828926, 0.051670812844, 0.32451724349]
    ],
    [
      [0.0065728185266, 0.022497689079, 0.014803529581, 0.90524716569, 0.050878797125],
      [0.38743808835, 0.20787340056, 0.19443669987, 0.028795125493, 0.18145668573],
      [3.2428606606e-05, 0.30209543768, 0.14651800515, 0.029141594554, 0.522212534],
      [0.028416271727, 0.67306950639, 0.07584333781, 0.068196100113, 0.15447478396],
      [0, 0, 0.91361010607, 0.054848288331, 0.031541605603],
      [0.0037350091444, 0.18122511126, 0.002898861152, 0.10274110441, 0.70939991404]
    ],
    [
      [0.0875109758, 0.037514128798, 0.011846679669, 0.81978127388, 0.043346941855],
      [0.88477903888, 0.054924773611, 0.024748539793, 0.0074209594252, 0.028126688292],
      [0, 0.42324309558, 0.10362777347, 0.03624064196, 0.43688848899],
      [0.18549971308, 0.62665003576, 0.035789481075, 0.059549215883, 0.092511554205],
      [0, 0.027981606921, 0.85037193793, 0.081198626078, 0.040447829074],
      [0.058436660119, 0.25405185533, 0.0036738586185, 0.12208946749, 0.56174815844]
    ],
    [
      [0.011561334733, 0.05001019222, 0.020339282622, 0.87341380889, 0.044675381537],
      [0.37707356065, 0.30343975111, 0.18969547071, 0.023185920362, 0.10660529717],
      [0, 0.48763177812, 0.16158750167, 0.026067214554, 0.32471350566],
      [0.018697035331, 0.80919713619, 0.047534760776, 0.047637259231, 0.076933808471],
      [0, 0.0062856999355, 0.93381434665, 0.040809060929, 0.019090892486],
      [0.0059822801655, 0.35960335677, 0.0051171074948, 0.10955544375, 0.51974181182]
    ],
    [
      [0.021514915471, 0.047227704358, 0.023514825694, 0.86325544968, 0.044487104795],
      [0.51246841047, 0.2189280078, 0.16843161605, 0.018462628857, 0.081709336828],
      [0.00020343333706, 0.46002146098, 0.18827228002, 0.027338903143, 0.32416392253],
      [0.043889993627, 0.77222255491, 0.058027083482, 0.049033349197, 0.076827018779],
      [0.004345316838, 0.0060624998372, 0.93998429148, 0.035513613273, 0.014094278571],
      [0.011766998747, 0.34409317172, 0.0061573945889, 0.11606381828, 0.52191861666]
    ],
    [
      [0.018009245956, 0.071413989958, 0.026079993871, 0.81276336189, 0.071733408321],
      [0.39005527408, 0.30311774148, 0.17074375813, 0.015677340691, 0.12040588562],
      [6.2344399157e-05, 0.47920260852, 0.14346923645, 0.017511162665, 0.35975464797],
      [0.024520326944, 0.81294573027, 0.044783850221, 0.031181783488, 0.086568309075],
      [6.4781520252e-05, 0.0099371836554, 0.93831465574, 0.028241308112, 0.023442070968],
      [0.0065560380476, 0.3495664065, 0.0046279870132, 0.072586366852, 0.56666320159]
    ],
    [
      [0.016084159559, 0.043142375081, 0.02226580445, 0.84726517097, 0.07124248994],
      [0.43348169466, 0.22320588255, 0.17767706006, 0.01954305182, 0.14609231091],
      [0.00012683670299, 0.36524463443, 0.15484083992, 0.022489418478, 0.45729827047],
      [0.033882716004, 0.73487388635, 0.055214888783, 0.048761569708, 0.12726693916],
      [0.0029619590195, 0.0082455703223, 0.92935819503, 0.036355072585, 0.023079203039],
      [0.0068063034175, 0.24337738217, 0.0044148098046, 0.085205606028, 0.66019589858]
    ],
    [
      [1.1172347911e-05, 0.00049551401667, 5.0574656274e-05, 0.99935651564, 8.6223340331e-05],
      [0.062962680677, 0.68662801984, 0.014661834198, 0.20067177184, 0.035075693445],
      [2.9152134376e-05, 0.75788326549, 0.018415395751, 0.14714840732, 0.076523779303],
      [0, 0.87321486259, 0.087578949641, 0.039206187771, 0],
      [0, 0.059539247057, 0.63620381214, 0.3042569408, 0],
      [0, 0.39576869883, 0.017290003233, 0.58694129794, 0]
    ],
    [
      [0.049010132102, 0.047501249753, 0.037267387619, 0.76470499892, 0.10151623161],
      [0.64950378143, 0.11341588589, 0.13450459862, 0.0073873828297, 0.095188351233],
      [0.0003226684312, 0.3028594523, 0.18980377955, 0.014644499005, 0.49236960071],
      [0.083489189999, 0.66330093735, 0.075162409498, 0.032004425679, 0.14604303747],
      [0.0072047288303, 0.0011687314575, 0.9581906305, 0.010965934151, 0.022469975058],
      [0.015467185913, 0.20190874663, 0.0057924229289, 0.056030960698, 0.72080068383]
    ],
    [
      [0.02847191357, 0.07772162505, 0.75689733786, 0, 0.13690912352],
      [0.4231473558, 0.19629303125, 0.24622489862, 0, 0.13433471434],
      [0.00011254208047, 0.33126323692, 0.2130097591, 0.0079254459025, 0.44768901601],
      [0.032200838255, 0.74334419635, 0.093836438128, 0, 0.13061852727],
      [0, 0, 0.97933560659, 0, 0.020664393408],
      [0.031145434494, 0.23998202327, 0.0094881700108, 0, 0.71938437223]
    ],
    [
      [0.014217110835, 0.029538397921, 0.0086532582756, 0.90709920005, 0.040492032915],
      [0.55592850431, 0.21258681155, 0.09133392094, 0.026380230302, 0.11377053289],
      [0.00019111763705, 0.42684291028, 0.09664182529, 0.037991542521, 0.43833260427],
      [0.044817581259, 0.74892229002, 0.031819516375, 0.067045107354, 0.107395505],
      [0.009251437857, 0.0091572564064, 0.865894746, 0.078413276666, 0.037283283075],
      [0.0096091284397, 0.26270800616, 0.0030294618738, 0.13399880212, 0.59065460141]
    ],
    [
      [0.032005779835, 0.048791960973, 0.018987122395, 0.84295773252, 0.057257404276],
      [0.65631569984, 0.16294685698, 0.094957746602, 0.01125630781, 0.074523388765],
      [0.00059174179654, 0.44632881469, 0.13678150898, 0.02170947178, 0.39458846276],
      [0.062423489605, 0.76404430448, 0.039130378747, 0.040501580249, 0.093900246923],
      [0.010647911623, 0.000949549246, 0.92069688325, 0.040840335903, 0.026865319978],
      [0.014779911524, 0.3048500305, 0.0038385170926, 0.083601837184, 0.5929297037]
    ],
    [
      [0.017638952743, 0.044705599367, 0.01527170209, 0.88738560013, 0.034998145674],
      [0.50603465214, 0.25500541951, 0.13606608178, 0.023476767223, 0.079417079349],
      [0.00021889023551, 0.516914136, 0.14690766914, 0.033539175914, 0.30242012871],
      [0.039496793333, 0.79714501511, 0.041252093694, 0.05533740059, 0.066768697277],
      [0.0052716630128, 0.011573722576, 0.91152677364, 0.053844097714, 0.017783743061],
      [0.011173619463, 0.37496475579, 0.0046343858744, 0.13922950325, 0.46999773562]
    ],
    [
      [0.044519726245, 0.066289806131, 0.017969000132, 0.79395466505, 0.077266802446],
      [0.63669212262, 0.18683331614, 0.079194772156, 0.010619149688, 0.086660639397],
      [0.0001553268627, 0.46745690312, 0.10557237827, 0.018767215764, 0.40804817598],
      [0.064743212759, 0.77354755175, 0.031937444734, 0.033589231331, 0.096182559426],
      [0.0099353219341, 0.013664217393, 0.90128895969, 0.042712873887, 0.032398627093],
      [0.016043043552, 0.31673893193, 0.003120261983, 0.071621451458, 0.59247631108]
    ],
    [
      [0, 0.21007700488, 0, 0.68335843456, 0.10656456056],
      [0.29599307038, 0.58292344549, 0.0039947587019, 0.005399343929, 0.1116893815],
      [4.0274944332e-05, 0.72355941843, 0.0024327207836, 0.0045244320915, 0.26944315375],
      [0, 0.92017863275, 0, 0, 0.079821367252],
      [0, 0.24472508758, 0.5, 0.07916039136, 0.17611452106],
      [0, 0.52700824065, 0, 0, 0.47299175935]
    ],
    [
      [0.027977105295, 0.026892474205, 0.0091262815877, 0.92629235192, 0.0097117869958],
      [0.93501809398, 0.040303308229, 0.015009426917, 0, 0.0096691708702],
      [0.002377910857, 0.49233592, 0.095053825562, 0.12100696169, 0.28922538189],
      [0.2346181613, 0.58237817346, 0.051517345478, 0.077498614692, 0.053987705068],
      [0, 0.067806569804, 0.74965197135, 0.1579620937, 0.024579365151],
      [0.0569569971, 0.27527099921, 0.015954328611, 0.33641888505, 0.31539879003]
    ],
    [
      [0.043260646952, 0.087839522582, 0.014589419148, 0.79862447482, 0.055685936499],
      [0.6147794387, 0.24748967691, 0.064703788315, 0.010653253518, 0.062373842556],
      [0.00028963497453, 0.60838202117, 0.084836110289, 0.018341296871, 0.2881509367],
      [0.052092352345, 0.84250026647, 0.020410854964, 0.027821703987, 0.057174822233],
      [0.012736538221, 0.020451030417, 0.88758481574, 0.050564787177, 0.028662828446],
      [0.016676445094, 0.4486531246, 0.0025947426344, 0.076650363461, 0.45542532421]
    ],
    [
      [0.021104097634, 0.038444245153, 0.011674187714, 0.90314021837, 0.025637251124],
      [0.60174345841, 0.21607322225, 0.099945902553, 0.023853702002, 0.058383714785],
      [0.0003176543778, 0.54508988146, 0.13432104679, 0.043038597018, 0.27723282035],
      [0.055150805248, 0.78883613249, 0.03857322583, 0.061438855513, 0.056000980923],
      [0.0086311212775, 0.01582207774, 0.89100116427, 0.068588305957, 0.015957330754],
      [0.016209349338, 0.38601195284, 0.0045066565307, 0.17357484874, 0.41969719255]
    ],
    [
      [0.029466362681, 0.043500676079, 0.032870789832, 0.83566797481, 0.058494196598],
      [0.56087532781, 0.15837444431, 0.1828957071, 0.013668890496, 0.084185630295],
      [0.00024354688358, 0.37201145517, 0.22834203002, 0.022846211669, 0.37655675625],
      [0.060106691293, 0.71355878764, 0.080511225356, 0.04511882705, 0.10070446867],
      [0.0050610184778, 0.0037425409558, 0.95700601638, 0.020948861314, 0.013241562873],
      [0.013994707066, 0.27643963001, 0.0074799645175, 0.096381163711, 0.60570453469]
    ],
    [
      [0.014167491115, 0.062844910538, 0.03284330681, 0.82144837442, 0.068695917116],
      [0.3413413798, 0.28764309387, 0.22990341338, 0.016843678887, 0.12426843406],
      [0, 0.43770875898, 0.18590261407, 0.018008585698, 0.35838004125],
      [0.011258690827, 0.80070208997, 0.063240454059, 0.033330642406, 0.091468122738],
      [0, 0.0040906988622, 0.95796758335, 0.020278521491, 0.017663196297],
      [0.0051624249371, 0.32898069755, 0.0067026033837, 0.076900899939, 0.58225337419]
    ],
    [
      [0.026066974902, 0.031502745032, 0.0092005369911, 0.85191770052, 0.081312042553],
      [0.68058825043, 0.12609310465, 0.058171250072, 0.012338265887, 0.12280912897],
      [0.00021079966551, 0.30075771714, 0.07354709673, 0.019479510087, 0.60600487638],
      [0.066062058478, 0.68920125446, 0.024642412264, 0.050413091482, 0.16968118332],
      [0.015059892848, 0.0025449782249, 0.87286518994, 0.061397193187, 0.048132745799],
      [0.0099395630766, 0.1639402013, 0.001050300114, 0.063334697556, 0.76173523795]
    ],
    [
      [0.03897187337, 0.063572178607, 0.0055407208374, 0.81267565155, 0.079239575633],
      [0.72679273265, 0.17124650998, 0.015669714069, 0.0070633069162, 0.079227736383],
      [0.00024875189288, 0.5019074395, 0.022559952098, 0.01459349951, 0.460690357],
      [0.057098120928, 0.81584339097, 0.0095262001882, 0.022609388368, 0.094922899547],
      [0.030397389302, 0.027968468931, 0.75325844328, 0.094748406395, 0.093627292096],
      [0.01338802607, 0.2986614635, 0.0015455271731, 0.051293629836, 0.63511135343]
    ],
    [
      [0.01491805824, 0.017523983945, 0.016346616905, 0.92361799083, 0.027593350077],
      [0.64451168691, 0.113791343, 0.15131818929, 0.021277673088, 0.069101107721],
      [0.00025733893593, 0.32725424037, 0.23008464658, 0.042782391087, 0.39962138303],
      [0.078656764147, 0.65402318411, 0.077471791516, 0.088200589492, 0.10164767073],
      [0.0042164981647, 0, 0.93289816249, 0.048140486328, 0.014744853019],
      [0.013539166712, 0.21522296324, 0.0066415662517, 0.16536397234, 0.59923233146]
    ],
    [
      [0, 0.026784758007, 0.014813728135, 0.88016591051, 0.078235603348],
      [0.26233508355, 0.26319749761, 0.16139416855, 0.02598323911, 0.28709001118],
      [0, 0.27093554106, 0.086192573659, 0.01932835447, 0.62354353081],
      [0, 0.70854204793, 0.041704865641, 0.054864503313, 0.19488858311],
      [0, 0, 0.8943824912, 0.059247444723, 0.046370064081],
      [0, 0.1475186159, 0.00048788123897, 0.062439029509, 0.78955447336]
    ],
    [
      [0.005031199802, 0.0052989862629, 0.00020056036961, 0.97827052217, 0.011198731393],
      [0.99750939579, 0.0013810355683, 7.52855494e-06, 0.00013441370974, 0.00096762637266],
      [0.013708182515, 0.33619627665, 0, 0.031947913106, 0.61814762773],
      [0.13429668445, 0.62551718663, 0, 0.11151783522, 0.1286682937],
      [0.012227216134, 0.0093102837128, 0.88644505125, 0.052177349236, 0.039840099663],
      [0.023107513176, 0.14259170847, 0, 0.093713620181, 0.74058715817]
    ],
    [
      [0.011463959134, 0.040600158194, 0.021966303977, 0.90074953024, 0.025220048457],
      [0.41379984974, 0.26625949589, 0.22894034664, 0.024264398653, 0.06673590907],
      [0.00015526739748, 0.50093499786, 0.22846204093, 0.032031235782, 0.23841645803],
      [0.028060833423, 0.80147134244, 0.062608765395, 0.057343658755, 0.05051539999],
      [0.0021958091268, 0.0055555821488, 0.95460271343, 0.031116662617, 0.0065292326789],
      [0.0086195365859, 0.40904076806, 0.0075670247441, 0.15043876552, 0.4243339051]
    ],
    [
      [0.02968581581, 0.05701582321, 0.016140163232, 0.86711048891, 0.030047708841],
      [0.61442019778, 0.22483166459, 0.097634923389, 0.01546735376, 0.047645860479],
      [0.0004702073248, 0.59528576371, 0.13673161087, 0.028545619794, 0.2389667983],
      [0.053648969635, 0.82442058016, 0.034401281784, 0.043421920643, 0.044107247782],
      [0.010096403228, 0.011899941498, 0.91710463998, 0.051401460812, 0.0094975544872],
      [0.017686851812, 0.45694504578, 0.0045966360627, 0.12417974777, 0.39659171857]
    ],
    [
      [0.01371174566, 0.053784507478, 0, 0.85275503592, 0.07974871094],
      [0.43145256953, 0.32400693, 0.031999611453, 0.020705579261, 0.19183530976],
      [9.8050338346e-05, 0.44022663547, 0.025556983571, 0.018799930031, 0.51531840059],
      [0.023330467184, 0.80995366578, 0, 0.042183347797, 0.12453251924],
      [0.0086464885379, 0.028168538072, 0.76800038855, 0.10273330647, 0.092451278374],
      [0.0028557396979, 0.25954493133, 0, 0.065859563716, 0.67173976526]
    ],
    [
      [0.0096821741141, 0.073241086037, 0.0070815672709, 0.88398128065, 0.026013891928],
      [0.36828578593, 0.47108460011, 0.071392391877, 0.022787798562, 0.066449423523],
      [9.7971244445e-05, 0.7256518789, 0.05735376504, 0.023673290649, 0.19322309416],
      [0.011019601873, 0.90922911585, 0.01103943581, 0.037671085445, 0.031040761025],
      [0.0014984481693, 0.030062780489, 0.86193410098, 0.085850490457, 0.020654179901],
      [0.0047355161626, 0.56016677284, 0.0014822276601, 0.10761220988, 0.32600327346]
    ],
    [
      [0.010305759011, 0.066830762557, 0.015413233654, 0.86693649304, 0.040513751734],
      [0.33475238125, 0.40244820206, 0.14286568615, 0.023373763049, 0.096559967491],
      [0, 0.59466399581, 0.11195188192, 0.024292389972, 0.2690917323],
      [0.0055124924032, 0.86941227308, 0.029522155516, 0.039544934933, 0.056008144066],
      [0, 0.01307403235, 0.91179497928, 0.05376910164, 0.021361886731],
      [0.0049502072877, 0.44864888924, 0.0036987409852, 0.10417114543, 0.43853101706]
    ],
    [
      [0.17904344468, 0.14508040798, 0.06048710501, 0.61538904233, 0],
      [0.89200860591, 0.057094781192, 0.044353570072, 0.00061399775385, 0.0059290450714],
      [0, 0.59982926262, 0.24860889226, 0.0075673682121, 0.14399447691],
      [0.12528471023, 0.79249583737, 0.081149688405, 0.0010697639931, 0],
      [0, 0.0044856532384, 0.99551434676, 0, 0],
      [0.063483855229, 0.59736677669, 0.014015211681, 0.041775330389, 0.28335882601]
    ],
    [
      [0, 0.40310689237, 0.13431856612, 0.25, 0.21257454151],
      [0, 0.48219885404, 0.39664711526, 0, 0.1211540307],
      [0, 0.44961980933, 0.25520912383, 0, 0.29517106684],
      [0, 0.83061601413, 0.06520639795, 0, 0.10417758792],
      [0, 0.00030468853501, 0.99388154568, 0, 0.0058137657814],
      [0, 0.38756187879, 0.00383457504, 0, 0.60860354617]
    ],
    [
      [0.010431177731, 0.020411635496, 0.014674513986, 0.93904524827, 0.015437424518],
      [0.63080305594, 0.15421511573, 0.14977200049, 0.021357176786, 0.043852651054],
      [0.00019322758003, 0.47073468613, 0.22986694242, 0.043619399086, 0.25558574478],
      [0.06850638507, 0.74243028806, 0.062109649814, 0.075560321453, 0.051393355604],
      [0.0037365541298, 0, 0.94384910974, 0.050987847724, 0.001426488407],
      [0.012497097182, 0.3500044241, 0.0073878875326, 0.19452483962, 0.43558575157]
    ],
    [
      [0.027622168426, 0.072437680747, 0.011438575037, 0.7966302935, 0.09187128229],
      [0.53335723354, 0.26057266698, 0.06459093881, 0.012253606797, 0.12922555387],
      [0.00023815350671, 0.47336254431, 0.061701633148, 0.014906048364, 0.44979162067],
      [0.040280918025, 0.80547117101, 0.016727072935, 0.030899121351, 0.10662171668],
      [0.0097631401944, 0.015306927324, 0.87720419832, 0.048579278633, 0.049146455527],
      [0.0095112096269, 0.30242930391, 0.00097729118024, 0.055797953974, 0.63128424131]
    ],
    [
      [0.023733715496, 0.032261933725, 0.008336598299, 0.90088805358, 0.034779698898],
      [0.67571467217, 0.16994699957, 0.060894405937, 0.020779702765, 0.072664219561],
      [0.00033526033333, 0.47848048019, 0.090713180808, 0.042828926017, 0.38764215265],
      [0.069257360952, 0.7498707308, 0.031768804485, 0.059993539122, 0.089109564646],
      [0.012221223558, 0.01554238057, 0.84485654109, 0.092443852666, 0.034936002121],
      [0.016873108423, 0.30126956413, 0.0033480753735, 0.15245554754, 0.52605370453]
    ],
    [
      [0.026423315227, 0.034893377783, 0.013308186074, 0.89257967855, 0.032795442363],
      [0.67113403321, 0.19786785476, 0.062583266711, 0.014277630875, 0.054137214447],
      [0.00026806187659, 0.57865276839, 0.094516584174, 0.027856166293, 0.29870641926],
      [0.059770274991, 0.79827545102, 0.035684734322, 0.044898178071, 0.061371361598],
      [0.0062134487995, 0.0075737859654, 0.93602617006, 0.036539361401, 0.013647233769],
      [0.017883701881, 0.39364050855, 0.0067539504061, 0.11521543298, 0.46650640618]
    ],
    [
      [0.051422077916, 0.11084527992, 0.036519467055, 0.70576508052, 0.095448094584],
      [0.5934739677, 0.21901298364, 0.10877418023, 0.0026484287551, 0.076090439681],
      [0.0004155509525, 0.52039078195, 0.1328821063, 0.0073847069445, 0.33892685385],
      [0.0483528159, 0.82336809215, 0.042914020398, 0.004266654588, 0.081098416969],
      [0.0079961191124, 0.00016545040984, 0.96022806346, 0.0037805588342, 0.027829808179],
      [0.013266227301, 0.3846623913, 0.0047165814043, 0.033330626046, 0.56402417395]
    ],
    [
      [0.023572462735, 0.051149901322, 0.026298983712, 0.8321875704, 0.066791081833],
      [0.56759043924, 0.18878929461, 0.13887260028, 0.011155611591, 0.093592054286],
      [0.00020608873672, 0.41801678893, 0.15844675842, 0.016910418374, 0.40641994554],
      [0.040610026149, 0.78416842781, 0.04872573725, 0.031340565049, 0.095155243746],
      [0.0062581833764, 0.0004163522672, 0.9418461119, 0.02571043247, 0.025768919991],
      [0.0093838389731, 0.2832584883, 0.0047160758826, 0.066875729606, 0.63576586724]
    ],
    [
      [0.018965027767, 0.084026297071, 0.029505382772, 0.79294645824, 0.074556834145],
      [0.39693872182, 0.31676700116, 0.1656014609, 0.011828903284, 0.10886391284],
      [0, 0.51071204817, 0.14052416411, 0.013161669805, 0.33560211792],
      [0.022009524644, 0.83587560071, 0.041909340089, 0.021668379536, 0.07853715502],
      [0.0012657002907, 0.0048109237265, 0.9493417012, 0.019402700401, 0.025178974387],
      [0.0062019780486, 0.38115988895, 0.0047904065924, 0.057150646374, 0.55069708004]
    ],
    [
      [0.072778249241, 0.089914348188, 0.034829160776, 0.7344498431, 0.068028398693],
      [0.67846951674, 0.16575485118, 0.10063826265, 0.0054811842834, 0.049656185139],
      [0.00033022866753, 0.52227151372, 0.16793230551, 0.013894223057, 0.29557172904],
      [0.078244088864, 0.78965406309, 0.051376357885, 0.017644265609, 0.063081224551],
      [0.0069927496579, 0.01263268335, 0.95259289237, 0.012952099664, 0.014829574959],
      [0.024934692427, 0.40949539985, 0.0059404106341, 0.062406137046, 0.49722336004]
    ],
    [
      [0, 0.075525421764, 0.0092560153374, 0.9152185629, 0],
      [0, 0.98225778298, 0.0086365324754, 0.009105684545, 0],
      [1.4113907722e-05, 0.9744780763, 0.0015904188266, 0.0066797820664, 0.017237608898],
      [0, 0.97754744508, 0.022452554922, 0, 0],
      [0, 0.19579082962, 0.57211773245, 0.23209143793, 0],
      [0.0011988200637, 0.90407820644, 0.00010943051704, 0.049056541537, 0.045557001439]
    ],
    [
      [0.019522128896, 0.089183123877, 0.0073930653512, 0.79471098233, 0.089190699546],
      [0.43252763089, 0.36317414356, 0.04956915655, 0.012644495043, 0.14208457396],
      [0.00011183132015, 0.54224548275, 0.039265610899, 0.012431996881, 0.40594507815],
      [0.021819399878, 0.85313576547, 0.0040194407696, 0.024655194345, 0.096370199532],
      [0.0075300035119, 0.025950346643, 0.8478743775, 0.055964226577, 0.062681045764],
      [0.0055699395815, 0.35477624601, 0, 0.047569223864, 0.59208459055]
    ],
    [
      [0.026643213887, 0.073369933408, 0.026912343806, 0.79212933885, 0.080945170053],
      [0.47155720034, 0.25623794633, 0.14685110282, 0.012872034202, 0.11248171631],
      [0.0001589783948, 0.46111120352, 0.14077262356, 0.016381162111, 0.38157603241],
      [0.036190306304, 0.79595272658, 0.04479156611, 0.02918452666, 0.093880874351],
      [0.0044241381875, 0.01014081447, 0.93437061767, 0.027326994324, 0.023737435344],
      [0.0090755546502, 0.33139164584, 0.0044743110632, 0.066677631957, 0.58838085649]
    ],
    [
      [0.015848409216, 0.062266481799, 0.016446360081, 0.8442392999, 0.061199449005],
      [0.41048454241, 0.31510079306, 0.13060506272, 0.020325376123, 0.12348422568],
      [0, 0.49931790272, 0.11027636204, 0.022703715433, 0.36770201981],
      [0.023606100218, 0.81640858865, 0.032894571637, 0.040632889911, 0.086457849589],
      [0.0013123205055, 0.01473415849, 0.9051027498, 0.049616751887, 0.029234019314],
      [0.0063210184123, 0.34960830359, 0.0033825095681, 0.089947713379, 0.55074045505]
    ],
    [
      [0.021900602103, 0.098274530797, 0.022129778662, 0.79012501651, 0.067570071932],
      [0.40529820237, 0.35729541698, 0.12587453786, 0.013585776771, 0.097946066011],
      [0, 0.57812308672, 0.10895015826, 0.015310950941, 0.29761580409],
      [0.020559899267, 0.86062114906, 0.030630789391, 0.02394876355, 0.064239398734],
      [0.0014152180142, 0.017906699611, 0.92172493793, 0.033975457084, 0.024977687365],
      [0.0071859276066, 0.43930040248, 0.0037065698228, 0.067019957377, 0.48278714272]
    ],
    [
      [0.032185748346, 0.061114154582, 0.018634301881, 0.84066474759, 0.047401047599],
      [0.58724876562, 0.22274766835, 0.10658046144, 0.014629987181, 0.068793117407],
      [0.00029096073796, 0.53149202638, 0.13555787469, 0.02466193278, 0.30799720541],
      [0.053229448387, 0.80262020496, 0.037242446278, 0.040238377839, 0.066669522539],
      [0.0079133580393, 0.011545107447, 0.91649989883, 0.044250119796, 0.019791515882],
      [0.015592581194, 0.39187228711, 0.0043383564975, 0.10269033153, 0.48550644367]
    ],
    [
      [0.018838867712, 0.069208036182, 0.010759073566, 0.85747007912, 0.043723943421],
      [0.46901882985, 0.34219735793, 0.082440305609, 0.020079322535, 0.086264184076],
      [0, 0.60878205932, 0.078313505273, 0.025078993057, 0.28782544235],
      [0.028303546665, 0.85557694661, 0.02147003164, 0.036553588158, 0.058095886926],
      [0.0064260483943, 0.023295658665, 0.86697760264, 0.072487293975, 0.030813396323],
      [0.0090397323711, 0.4399145326, 0.0025740445796, 0.10385823881, 0.44461345164]
    ],
    [
      [0.019914940257, 0.093842496905, 0.013021617959, 0.78013054491, 0.093090399967],
      [0.3945773259, 0.36634354219, 0.0795995553, 0.014423385163, 0.14505619144],
      [0, 0.52944724296, 0.061427895229, 0.014738956287, 0.39438590553],
      [0.018938880165, 0.84998854283, 0.018623928291, 0.02541635306, 0.087032295658],
      [0.0034790821556, 0.028818195102, 0.86281064572, 0.054451366188, 0.05044071083],
      [0.0056109184802, 0.36035409715, 0.0018697456016, 0.056648399552, 0.57551683922]
    ],
    [
      [0.16656454, 0.090924691114, 0.012989312459, 0.67669926156, 0.052822194875],
      [0.98142876295, 0.013440591438, 0.002015491844, 0.00024043767587, 0.0028747160965],
      [0.00098972962704, 0.65259903356, 0.066386039762, 0.0079430829979, 0.27208211406],
      [0.14787386463, 0.77219165814, 0.016401597091, 0.015416015427, 0.048116864705],
      [0.012360803682, 0.010656098002, 0.94944585734, 0.013160957084, 0.014376283889],
      [0.052459911442, 0.45744755909, 0.0029365633897, 0.033693580136, 0.45346238594]
    ],
    [
