{
  "X": [
    [24, 69, 70, 205, 11],
    [4, 46, 70, 69, 6],
    [10, 36, 39, 134, 4],
    [6, 22, 30, 104, 3],
    [32, 164, 272, 437, 40],
    [3, 53, 49, 111, 8],
    [20, 47, 33, 201, 8],
    [8, 13, 24, 150, 10],
    [81, 181, 188, 739, 61],
    [165, 297, 418, 1325, 102],
    [6, 31, 37, 56, 4],
    [3, 7, 25, 10, 2],
    [15, 10, 73, 100, 14],
    [5, 22, 36, 147, 3],
    [9, 49, 53, 114, 7],
    [2, 12, 13, 5, 2],
    [5, 1, 5, 0, 1],
    [3, 14, 22, 95, 2],
    [7, 14, 23, 161, 7],
    [21, 72, 218, 566, 33],
    [14, 55, 40, 269, 10],
    [73, 158, 166, 784, 51],
    [3, 18, 39, 66, 3],
    [31, 94, 225, 287, 38],
    [96, 178, 422, 666, 60],
    [50, 127, 101, 472, 12],
    [12, 48, 75, 321, 15],
    [12, 20, 56, 190, 5],
    [22, 132, 217, 366, 10],
    [13, 34, 86, 112, 5],
    [96, 179, 154, 815, 41],
    [30, 56, 60, 313, 18],
    [30, 109, 200, 268, 22],
    [1, 18, 24, 45, 0],
    [7, 47, 127, 138, 13],
    [6, 77, 126, 230, 16],
    [28, 145, 311, 381, 43],
    [13, 65, 150, 211, 13],
    [24, 129, 256, 286, 18],
    [28, 119, 297, 395, 36],
    [10, 39, 110, 288, 12],
    [30, 78, 150, 256, 32],
    [116, 282, 415, 576, 83],
    [37, 122, 190, 260, 32],
    [66, 172, 284, 522, 31],
    [11, 79, 64, 137, 6],
    [3, 10, 57, 185, 5],
    [30, 90, 39, 217, 10],
    [92, 319, 513, 1077, 59],
    [0, 19, 28, 94, 4],
    [7, 22, 33, 56, 6],
    [21, 84, 149, 355, 27],
    [11, 48, 174, 342, 21],
    [21, 87, 126, 292, 26],
    [26, 20, 122, 96, 22],
    [156, 414, 677, 1655, 96],
    [17, 80, 75, 169, 17],
    [107, 514, 396, 940, 116],
    [13, 107, 54, 203, 9]
  ],
  "W": [
    [27, 113, 159, 60, 20],
    [63, 55, 58, 10, 9],
    [26, 47, 118, 18, 14],
    [30, 26, 85, 18, 6],
    [145, 285, 351, 96, 68],
    [37, 56, 102, 15, 14],
    [25, 59, 167, 39, 19],
    [4, 30, 139, 17, 15],
    [67, 293, 625, 149, 116],
    [102, 608, 1138, 284, 175],
    [31, 38, 45, 13, 7],
    [12, 17, 8, 7, 3],
    [8, 79, 82, 24, 19],
    [5, 53, 120, 22, 13],
    [39, 63, 94, 15, 21],
    [10, 12, 2, 4, 6],
    [1, 7, 0, 2, 2],
    [5, 31, 80, 14, 6],
    [2, 38, 140, 19, 13],
    [25, 285, 467, 77, 56],
    [16, 71, 247, 38, 16],
    [50, 280, 675, 160, 67],
    [17, 39, 46, 15, 12],
    [27, 301, 231, 68, 48],
    [54, 519, 536, 187, 126],
    [61, 150, 425, 84, 42],
    [8, 126, 296, 20, 21],
    [15, 83, 142, 27, 16],
    [82, 272, 290, 61, 42],
    [32, 98, 79, 26, 15],
    [80, 231, 728, 147, 99],
    [20, 92, 271, 54, 40],
    [57, 272, 199, 66, 35],
    [19, 28, 32, 4, 5],
    [24, 148, 104, 25, 31],
    [32, 182, 165, 32, 44],
    [83, 368, 315, 75, 67],
    [45, 164, 178, 36, 29],
    [68, 309, 236, 51, 49],
    [51, 393, 314, 77, 40],
    [14, 143, 238, 40, 24],
    [42, 204, 197, 55, 48],
    [101, 607, 460, 188, 116],
    [38, 275, 206, 70, 52],
    [73, 369, 450, 118, 65],
    [29, 110, 110, 30, 18],
    [4, 51, 165, 24, 16],
    [45, 84, 190, 35, 32],
    [152, 667, 906, 205, 130],
    [27, 22, 80, 7, 9],
    [7, 49, 43, 20, 5],
    [39, 213, 293, 49, 42],
    [54, 188, 295, 35, 24],
    [50, 177, 234, 47, 44],
    [7, 148, 83, 31, 17],
    [206, 891, 1362, 307, 232],
    [30, 115, 145, 42, 26],
    [212, 693, 860, 165, 143],
    [55, 104, 190, 17, 20]
  ],
  "method": "mvn_cdf",
  "mvncdf_method": "genz",
  "mvncdf_samples": 5000,
  "mvncdf_error": 1e-06,
  "cond_prob": [
    [
      [0.0032928350485, 0.73184175776, 0.21916968373, 0.042167430956, 0.0035282925039],
      [0.017218079266, 0.31836846936, 0.51328010327, 0.15026770127, 0.00086564683024],
      [0.0032891696768, 0.00037813507551, 0.0093794145216, 0.98448325633, 0.0024700243933],
      [0.33220341757, 0.13790454783, 0.0545157406, 0.38994157759, 0.085434716405],
      [0.075513373184, 0.24651195779, 0.06597477624, 0.3475948354, 0.26440505739]
    ],
    [
      [0.0022884706576, 0.53626430963, 0.42075989662, 0.034252304391, 0.0064350187053],
      [0.0087500238085, 0.17229439211, 0.72936824116, 0.087559274736, 0.0020280681832],
      [0.0019300908803, 0.0019225416075, 0.019983861004, 0.97031490286, 0.0058486036503],
      [0.27967116184, 0.11189531699, 0.11593287217, 0.34363271879, 0.14886793021],
      [0.05176868329, 0.16763292713, 0.11760895437, 0.25686146213, 0.40612797308]
    ],
    [
      [0.0059486623497, 0.67831418298, 0.27708246709, 0.038654687578, 0],
      [0.017649570382, 0.26630124325, 0.59113367982, 0.12491550655, 0],
      [0.0035772119576, 0.001363510412, 0.013046329198, 0.98201294843, 0],
      [0.4008772447, 0.12334676514, 0.066873879668, 0.35164240677, 0.057259703722],
      [0.098421682526, 0.24760977206, 0.090669730333, 0.35120414844, 0.21209466664]
    ],
    [
      [0.0053778484609, 0.53165891341, 0.37585764914, 0.082433346732, 0.004672242256],
      [0.014127009675, 0.15940445942, 0.61289169452, 0.21230824092, 0.0012685954659],
      [0.00464541837, 0, 0.014256408878, 0.97807472306, 0.0030234496953],
      [0.26149160124, 0.064938478198, 0.06177407037, 0.54415584722, 0.067640002971],
      [0.061608818466, 0.12280400753, 0.077559741153, 0.51263810408, 0.22538932877]
    ],
    [
      [0.0015267496269, 0.57786156902, 0.37510947865, 0.039960210942, 0.0055419917603],
      [0.0077428099943, 0.19771630443, 0.68270303555, 0.11008892208, 0.0017489279433],
      [0, 0.00066617897749, 0.018042330971, 0.97638310477, 0.0049083852839],
      [0.26976279362, 0.1166104145, 0.099301236289, 0.38228068257, 0.13204487303],
      [0.054039592182, 0.18283083994, 0.10548505308, 0.30030899002, 0.35733552479]
    ],
    [
      [0, 0.72632362429, 0.25002634927, 0.018995906108, 0.0046541203316],
      [0, 0.32080955856, 0.60621943317, 0.069863437278, 0.0031075709938],
      [0, 0, 0.023746094708, 0.96723059956, 0.0090233057352],
      [0.17015319153, 0.24095034604, 0.13205349728, 0.31713319187, 0.13970977328],
      [0.031978723363, 0.32474538797, 0.099845192853, 0.21216285382, 0.33126784199]
    ],
    [
      [0.0052190197667, 0.74745308585, 0.1870826847, 0.056322426192, 0.0039227834896],
      [0.02704068258, 0.32760327052, 0.44197416211, 0.20251549982, 0.00086638496234],
      [0.0043836810421, 0.0055267126164, 0.00037409712861, 0.98819331112, 0.0015221980967],
      [0.40036335544, 0.10481373392, 0.03333478574, 0.38947337858, 0.072014746326],
      [0.10146729671, 0.20917806649, 0.046522444916, 0.3908305334, 0.25200165848]
    ],
    [
      [0.0039019668951, 0.62234766987, 0.32087800976, 0.045064236524, 0.0078081169541],
      [0.017200425246, 0.21985549215, 0.62821808303, 0.13309979157, 0.0016262079964],
      [0.0036248196131, 0.0010098746726, 0.012692595141, 0.9780981649, 0.0045745456685],
      [0.3486118964, 0.091975617091, 0.063385963179, 0.34084483821, 0.15518168512],
      [0.069208480672, 0.14739909906, 0.068540891415, 0.27178280903, 0.44306871982]
    ],
    [
      [0.0045745020969, 0.72040278321, 0.22815825336, 0.041225175715, 0.0056392856181],
      [0.023722175152, 0.30902442286, 0.52187259916, 0.1436277228, 0.0017530800209],
      [0.0030383826069, 0.0011871093948, 0.0094063687089, 0.98157443494, 0.0047937043518],
      [0.40817536332, 0.11532186447, 0.047717537289, 0.31706381828, 0.11172141664],
      [0.095049937723, 0.20917203834, 0.058757172175, 0.28817637661, 0.34884447515]
    ],
    [
      [0.0053188663024, 0.67753521142, 0.27089943875, 0.040235051442, 0.0060114320857],
      [0.025341809885, 0.26963009124, 0.57346710678, 0.12977488419, 0.001786107904],
      [0.0023698649426, 0.0015993695606, 0.012986574491, 0.97783361628, 0.0052105747239],
      [0.44815721598, 0.10107389864, 0.052965681462, 0.28717921476, 0.11062398916],
      [0.10900628334, 0.19103567537, 0.067881605811, 0.27233910197, 0.35973733351]
    ],
    [
      [0.0038479075896, 0.62717431426, 0.32690854615, 0.036762825159, 0.005306406837],
      [0.014726516838, 0.22658361756, 0.64569951408, 0.11044835331, 0.0025419982144],
      [0.0034052409471, 0.00018426289917, 0.013829488011, 0.97744286465, 0.0051381434888],
      [0.35611702273, 0.11571111109, 0.079785630698, 0.34868134321, 0.099704892281],
      [0.076907155254, 0.2049832166, 0.095673339221, 0.30650408903, 0.31593219989]
    ],
    [
      [0.0074672555454, 0.35477564449, 0.62071130954, 0.0067191382282, 0.010326652198],
      [0.013412980029, 0.0888955181, 0.86662379287, 0.019235981945, 0.011831727052],
      [0.0066318735516, 0.001764734337, 0.055340482907, 0.92697481405, 0.0092880951562],
      [0.34632563159, 0.10075781035, 0.22690110511, 0.22831752811, 0.097697924839],
      [0.068345954466, 0.17068197045, 0.26260940253, 0.19277914635, 0.30558352621]
    ],
    [
      [0.0066224952486, 0.40268614314, 0.53395389787, 0.04647463025, 0.010262833492],
      [0.031539179122, 0.054902022929, 0.80252840848, 0.10863959173, 0.0023907977437],
      [0, 0, 0.016052699217, 0.97648827762, 0.0074590231633],
      [0.44266592578, 0.040387315565, 0.087284728342, 0.27108502467, 0.15857700565],
      [0.096391719405, 0.077471340527, 0.10091945953, 0.23513662393, 0.4900808566]
    ],
    [
      [0.0017219927718, 0.64591499985, 0.28919482809, 0.061029774386, 0.0021384049071],
      [0.0033517147037, 0.23975590587, 0.57436860341, 0.18252377601, 0],
      [0, 0.0032050357471, 0.012158572349, 0.9846363919, 0],
      [0.19330341241, 0.13440753777, 0.070757515204, 0.56363509498, 0.037896439634],
      [0.043159544912, 0.20936860529, 0.084368912478, 0.49728860628, 0.16581433104]
    ],
    [
      [0.0040405455363, 0.66707967607, 0.28637410756, 0.039357731263, 0.0031479395752],
      [0.017135688932, 0.25813697289, 0.59914089455, 0.12509809213, 0.00048835150272],
      [0.0039764068359, 0.00072950767837, 0.012745810712, 0.98044105476, 0.0021072200094],
      [0.37127308386, 0.12209270991, 0.069270510148, 0.35808891596, 0.079274780123],
      [0.086666277186, 0.22958566528, 0.088017599501, 0.33576551378, 0.25996494425]
    ],
    [
      [0.0076911712897, 0.64951141544, 0.32546155715, 0.0098119442502, 0.0075239118774],
      [0.014626205828, 0.23840160121, 0.69492625209, 0.044861795565, 0.0071841453028],
      [0.0034881553527, 0.0015145949101, 0.027043393835, 0.96386071823, 0.0040931376739],
      [0.33607970101, 0.18470031132, 0.12428982057, 0.27226502289, 0.082665144212],
      [0.066046450406, 0.317039366, 0.14250388891, 0.22445958045, 0.24995071423]
    ],
    [
      [0.30918093268, 0.34542178024, 0.32419047931, 0, 0.021206807771],
      [0.20160624878, 0.085321572131, 0.60475396704, 0, 0.10831821205],
      [0.26735617546, 0.00041228387223, 0.0097852805063, 0.7178357068, 0.004610553365],
      [0.84765797099, 0.012206459913, 0.10905390575, 0, 0.031081663341],
      [0.79212969193, 0.016457147508, 0.11221196995, 0, 0.079201190614]
    ],
    [
      [0.0015350897016, 0.64870818671, 0.29093388689, 0.05649570225, 0.0023271344482],
      [0.0019224836876, 0.24093023259, 0.58521660264, 0.17157077958, 0.00035990150587],
      [0, 0.0040257543725, 0.010816028203, 0.98439698002, 0.00076123740906],
      [0.19159425779, 0.12130669846, 0.073070018793, 0.55480440907, 0.059224615888],
      [0.041734658023, 0.21121128799, 0.085892227408, 0.47996786559, 0.18119396099]
    ],
    [
      [0.0035926876931, 0.64761934321, 0.26793340043, 0.074655813921, 0.0061987547391],
      [0.016189464994, 0.23199310153, 0.5276794901, 0.22202058071, 0.0021173626676],
      [0.0026948169466, 0.0031742121977, 0.006017469629, 0.98298249636, 0.0051310048666],
      [0.27507652223, 0.083190792138, 0.045941633028, 0.49019562214, 0.10559543046],
      [0.059529743073, 0.1433852844, 0.05361352306, 0.421741538, 0.32172991147]
    ],
    [
      [0.0024074117636, 0.53332912535, 0.39308519341, 0.064511143799, 0.0066671256853],
      [0.0045649529094, 0.15783926017, 0.6711544081, 0.16381208098, 0.0026292978443],
      [0, 0, 0.012315405898, 0.98230411918, 0.0053804749247],
      [0.22232372072, 0.082347210891, 0.081435582164, 0.4854786361, 0.12841485012],
      [0.044997796981, 0.13110441926, 0.087000526371, 0.38540892305, 0.35148833434]
    ],
    [
      [0.0020473141029, 0.81509527774, 0.15343273726, 0.026243088704, 0.0031815821952],
      [0.025019661209, 0.40243134431, 0.45646159023, 0.11450802732, 0.0015793769299],
      [0, 0, 0.00885548301, 0.98558332794, 0.0055611890477],
      [0.29587771998, 0.21097910369, 0.053594549654, 0.33621134038, 0.1033372863],
      [0.059218354336, 0.33554026062, 0.057025381713, 0.26468298154, 0.2835330218]
    ],
    [
      [0.0042369630481, 0.72946746314, 0.21494801472, 0.04468516233, 0.0066623967651],
      [0.022328598928, 0.31797893924, 0.49949297648, 0.15831085526, 0.0018886300812],
      [0.0033245191349, 0.0013884160063, 0.0072463711255, 0.98318651895, 0.0048541747788],
      [0.36826862809, 0.11542806399, 0.044250679944, 0.34032302334, 0.13172960463],
      [0.080136018471, 0.19532616137, 0.051091888771, 0.2885987818, 0.38484714959]
    ],
    [
      [0, 0.50499032442, 0.43564707241, 0.057550003916, 0.0018125992573],
      [0, 0.15053511532, 0.70804891398, 0.1414159707, 0],
      [0, 0, 0.016141313406, 0.98385868659, 0],
      [0.16952893592, 0.10145701996, 0.11178799476, 0.55984282923, 0.057383220143],
      [0.038088830104, 0.16853664067, 0.1300643155, 0.48760708786, 0.17570312587]
    ],
    [
      [0.0035520411015, 0.59717634763, 0.35453912779, 0.035947520252, 0.0087849632207],
      [0.014323360419, 0.21115709461, 0.67019274355, 0.10432680142, 0],
      [0.0059681390536, 0.001144686196, 0.019531267319, 0.97054092746, 0.0028149799767],
      [0.32758514134, 0.10193224296, 0.079697206273, 0.29542644942, 0.19535896],
      [0.061215284827, 0.14837787716, 0.078506145096, 0.21548118587, 0.49641950705]
    ],
    [
      [0.0038823566946, 0.57718532953, 0.37998496829, 0.034718325235, 0.0042290202493],
      [0.016178050774, 0.19617761728, 0.69047065966, 0.096158814921, 0.0010148573686],
      [0.0035634291693, 0.00039231918017, 0.021062957452, 0.97109098952, 0.0038903046814],
      [0.39419175646, 0.10684259685, 0.09250771349, 0.30897490713, 0.097483026068],
      [0.093413395986, 0.19703142972, 0.11537977566, 0.28520402761, 0.30897137102]
    ],
    [
      [0.0042256866472, 0.76744495495, 0.19740365578, 0.029350394889, 0.0015753077289],
      [0.025933482234, 0.36036287167, 0.50137673933, 0.11232690677, 0],
      [0.001711490826, 0, 0.01485337528, 0.98343513389, 0],
      [0.47575718736, 0.15227183773, 0.052067066352, 0.27738493982, 0.042518968744],
      [0.12288627239, 0.31763315781, 0.072989238822, 0.28810292969, 0.19838840129]
    ],
    [
      [0.0039624424115, 0.69986731665, 0.24382376856, 0.04371834791, 0.0086281244729],
      [0.020199637143, 0.28882099578, 0.54116297186, 0.14797048209, 0.0018459131304],
      [0.0035701923769, 0.0014549633645, 0.009482850795, 0.98031718567, 0.0051748077975],
      [0.34747786909, 0.10646014227, 0.049048898744, 0.32674414455, 0.17026894535],
      [0.067467231209, 0.16427352368, 0.051189218441, 0.25224774407, 0.46482228261]
    ],
    [
      [0.0066156995395, 0.4924910609, 0.35309625093, 0.14259680958, 0.0052001790452],
      [0.032490068986, 0.12341697102, 0.53232984375, 0.31032859134, 0.0014345249066],
      [0.0049095079215, 0, 0.031514450022, 0.96154069831, 0.0020353437422],
      [0.27323969331, 0.039456310911, 0.043062679278, 0.59022415054, 0.054017165963],
      [0.070591683548, 0.081481568584, 0.055152185062, 0.60180897189, 0.19096559092]
    ],
    [
      [0.0021118746159, 0.62369443856, 0.3317458912, 0.042447795627, 0],
      [0.0063185142067, 0.22683345557, 0.64175464124, 0.12509338898, 0],
      [0, 0.0016709075589, 0.015866754997, 0.98246233744, 0],
      [0.2873314018, 0.13882542088, 0.095071461309, 0.44173983622, 0.037031879786],
      [0.061451783515, 0.24298672038, 0.11521086705, 0.39603978779, 0.18431084126]
    ],
    [
      [0.0053722262583, 0.50715536454, 0.42404481218, 0.061027664912, 0.0023999321177],
      [0.022780374364, 0.14026704393, 0.68696736973, 0.14998521197, 0],
      [0, 0, 0.017307775997, 0.982692224, 0],
      [0.35540253814, 0.07071754504, 0.080887207768, 0.43073400795, 0.062258701109],
      [0.09034307203, 0.14574679058, 0.10915880472, 0.43445293644, 0.22029839623]
    ],
    [
      [0.0054873574079, 0.74351873911, 0.21127454096, 0.035869817413, 0.0038495451085],
      [0.030634801423, 0.33313144159, 0.50509741947, 0.13013780704, 0.00099853047338],
      [0.0014234442297, 0.0019955410767, 0.010994495835, 0.98244948754, 0.0031370313222],
      [0.50266647219, 0.11494596183, 0.042826233734, 0.26472042977, 0.074840902478],
      [0.13693064108, 0.24459926839, 0.061829126242, 0.28213586949, 0.2745050948]
    ],
    [
      [0.0048868332644, 0.71050807806, 0.234185086, 0.045723699703, 0.0046963029678],
      [0.024690430288, 0.29530792315, 0.52331309776, 0.15538741113, 0.0013011376778],
      [0.0028647694655, 0.001955495837, 0.0082354781478, 0.98352967417, 0.0034145823752],
      [0.42053251554, 0.10705902749, 0.046290886925, 0.3366239226, 0.089493647443],
      [0.1036408846, 0.20775956632, 0.060999270349, 0.32689126651, 0.30070901222]
    ],
    [
      [0.003654668167, 0.61914581397, 0.32658093024, 0.044853145723, 0.0057654419068],
      [0.015945880488, 0.22256893398, 0.62842414808, 0.1312658759, 0.0017951615571],
      [0.0025075155647, 0.00053214010604, 0.013960406411, 0.97870021103, 0.0042997268877],
      [0.3389579491, 0.10397643294, 0.072169413651, 0.36490920562, 0.11998699869],
      [0.073833833823, 0.17718851736, 0.083206186332, 0.31124865381, 0.35452280868]
    ],
    [
      [0, 0.58556070389, 0.33538405181, 0.079055244295, 0],
      [0.00035867175382, 0.19257095021, 0.58405750201, 0.22301287602, 0],
      [0, 0.0037527396761, 0.01868982139, 0.97755743893, 0],
      [0.13893902571, 0.1090029665, 0.064894087458, 0.68716392033, 0],
      [0.086840217612, 0.18525209688, 0.083288465008, 0.6446192205, 0]
    ],
    [
      [0.00090395620106, 0.53591014177, 0.42115334567, 0.03793891577, 0.0040936405891],
      [0, 0.16965949664, 0.72636290333, 0.10106873774, 0.0029088622819],
      [0, 0, 0.019492887898, 0.9759171194, 0.0045899926995],
      [0.22464625803, 0.12219629924, 0.1266803636, 0.4173479344, 0.10912914474],
      [0.043940277436, 0.19269818107, 0.13536582516, 0.32910367927, 0.29889203706]
    ],
    [
      [0.00030205001696, 0.63791069247, 0.3011017631, 0.056378135436, 0.0043073589714],
      [0, 0.23724941055, 0.59304596246, 0.16655105246, 0.003153574531],
      [0, 0, 0.012794755212, 0.98301825705, 0.0041869877409],
      [0.17339631842, 0.12301414579, 0.076637555261, 0.53177762484, 0.095174355683],
      [0.010037550227, 0.21525028309, 0.087882773496, 0.42428890252, 0.26254049066]
    ],
    [
      [0.0020223705158, 0.58186362443, 0.37828611212, 0.031784821183, 0.0060430717457],
      [0.0083680983345, 0.20242396656, 0.69899091785, 0.089421696918, 0.00079532034297],
      [0.00084298587028, 0.0021052521914, 0.023338768372, 0.96817719158, 0.0055358019905],
      [0.27956308448, 0.1242480197, 0.10600683808, 0.32547744471, 0.16470461303],
      [0.052535987682, 0.18256035165, 0.10554283632, 0.23982166681, 0.41953915754]
    ],
    [
      [0.0017739455855, 0.54849206753, 0.41314298192, 0.032985254688, 0.0036057502818],
      [0.0071349574534, 0.1794292604, 0.7237007829, 0.088193852759, 0.0015411464938],
      [0.00050722523148, 0.0010727895669, 0.022961313783, 0.97136651472, 0.0040921566958],
      [0.27711239424, 0.12758487078, 0.12621711452, 0.36949151404, 0.099594106422],
      [0.058058866985, 0.21060159879, 0.14105887733, 0.30506681243, 0.28521384446]
    ],
    [
      [0.0024079061424, 0.60516181137, 0.36161946057, 0.028016833285, 0.0027939886341],
      [0.010405039073, 0.21805624018, 0.69028044271, 0.080873235636, 0.0003850423983],
      [0.0024409172099, 0.0027789715542, 0.024179113341, 0.96769229479, 0.0029087031087],
      [0.32426034342, 0.14610522612, 0.11451760265, 0.32896984481, 0.086146982999],
      [0.071587170059, 0.25229417943, 0.13401125305, 0.28473840552, 0.25736899194]
    ],
    [
      [0.0028215039465, 0.57707809241, 0.36725777007, 0.043965193528, 0.0088774400497],
      [0.011314239249, 0.19485920262, 0.67003052933, 0.12374706427, 4.8964526074e-05],
      [0.0013802563869, 0, 0.017609351456, 0.97686339452, 0.0041469976376],
      [0.27258260761, 0.096965459787, 0.081606167423, 0.35450321381, 0.19434255138],
      [0.049683649568, 0.13807525631, 0.078371111237, 0.25233313827, 0.48153684461]
    ],
    [
      [0.0020392276278, 0.54394828288, 0.38769755087, 0.06168917009, 0.0046257685317],
      [0.0025726959445, 0.1682219835, 0.66835972986, 0.15876438722, 0.0020812034655],
      [0, 0, 0.013314303742, 0.98244325713, 0.0042424391237],
      [0.21307922792, 0.09166048245, 0.087189046383, 0.51071697837, 0.097354264871],
      [0.045016090679, 0.15260671252, 0.097517782137, 0.42428624638, 0.28057316828]
    ],
    [
      [0.0052611363461, 0.60118766251, 0.33299620496, 0.051326870875, 0.0092281253079],
      [0.023746585336, 0.20646196706, 0.62259346159, 0.14630014894, 0.0008978370725],
      [0.0025602658525, 0, 0.013598989693, 0.97922216064, 0.0046185838148],
      [0.37526019704, 0.079184164252, 0.058350410517, 0.32877449193, 0.15843073626],
      [0.078980117809, 0.13076558045, 0.064933743305, 0.27103496535, 0.45428559309]
    ],
    [
      [0.0051728354573, 0.68351902142, 0.27344030684, 0.030523820714, 0.0073440155668],
      [0.025293735931, 0.2795352431, 0.5938793318, 0.099723551766, 0.0015681374096],
      [0.0044633003393, 0.0025462380219, 0.018283567228, 0.96752695, 0.0071799444098],
      [0.45810350443, 0.10785505416, 0.0569013883, 0.23224603878, 0.14489401433],
      [0.10299714586, 0.18826436728, 0.067154074856, 0.20396763703, 0.43761677498]
    ],
    [
      [0.0036996978379, 0.68002127266, 0.28015074843, 0.030365832045, 0.0057624490247],
      [0.018336661204, 0.27522158232, 0.60602223556, 0.09899151794, 0.0014280029729],
      [0.003929342923, 0.0015920002613, 0.018017190916, 0.97065861104, 0.0058028548615],
      [0.38280147167, 0.12916546653, 0.070121577572, 0.28007362242, 0.13783786181],
      [0.080986192159, 0.21353311134, 0.078425096563, 0.23197314434, 0.3950824556]
    ],
    [
      [0.0039368822524, 0.65143370273, 0.31175145252, 0.029336630368, 0.0035413321315],
      [0.018266222699, 0.25091164949, 0.63898873463, 0.091084053327, 0.0007493398546],
      [0.0038579589618, 0.002327873076, 0.020638176972, 0.96956961001, 0.0036063809852],
      [0.42763051088, 0.12760665118, 0.0801820449, 0.27750731247, 0.087073480568],
      [0.10424445543, 0.24236635872, 0.10317907618, 0.26455727587, 0.28565283381]
    ],
    [
      [0.0020087626933, 0.79526039682, 0.17493087588, 0.026039422781, 0.0017605418302],
      [0.01496109981, 0.38305358804, 0.49332753231, 0.10850562529, 0.00015215455884],
      [0, 0, 0.011105569319, 0.98695924359, 0.0019351870884],
      [0.27570774872, 0.23131134952, 0.069332752517, 0.3529068366, 0.070741312643],
      [0.0569329134, 0.38123407347, 0.075521158064, 0.28647311471, 0.19983874036]
    ],
    [
      [0.00085985525078, 0.37363885887, 0.58479676416, 0.038711782824, 0.0019927388957],
      [0, 0.072807696642, 0.84111090829, 0.085450493428, 0.00063090164168],
      [0, 0, 0.014232583847, 0.98320942692, 0.0025579892325],
      [0.1036310674, 0.094535807571, 0.24595421407, 0.4909393355, 0.064939575454],
      [0.031838435084, 0.15771204088, 0.21955494676, 0.40469238812, 0.18620218915]
    ],
    [
      [0.0050602241939, 0.83266267762, 0.12709404676, 0.032230670281, 0.002952381153],
      [0.039591849991, 0.4534693638, 0.37131759895, 0.13451983027, 0.0011013569921],
      [0, 0.0036376818621, 0, 0.99303179855, 0.003330519586],
      [0.59125123733, 0.12145527243, 0.023327769762, 0.21032416039, 0.053641560091],
      [0.17977441267, 0.29677058936, 0.039800551325, 0.25664271113, 0.22701173551]
    ],
    [
      [0.003060818232, 0.64453387993, 0.31264429577, 0.036163331842, 0.0035976742285],
      [0.013974674768, 0.24421875568, 0.63025836921, 0.11101327673, 0.00053492361813],
      [0.0025665178098, 0.0013954158351, 0.016629953297, 0.97668523957, 0.0027228734932],
      [0.34069838289, 0.13106817077, 0.083384317119, 0.35203836603, 0.092810763193],
      [0.077270876386, 0.23079783431, 0.099501631437, 0.31086635306, 0.2815633048]
    ],
    [
      [0, 0.50948022762, 0.40668280501, 0.077138790844, 0.0066981765275],
      [0, 0.15089155764, 0.65475794391, 0.19174992295, 0.002600575497],
      [0, 0, 0.0072465198732, 0.98466642118, 0.0080870589498],
      [0, 0.089401319675, 0.17695009126, 0.63734215136, 0.096306437707],
      [0, 0.14429003873, 0.088501918883, 0.4960050654, 0.27120297699]
    ],
    [
      [0.002655158469, 0.68776512898, 0.26801998281, 0.035026877943, 0.0065328518016],
      [0.013239504131, 0.2772548129, 0.59039377799, 0.11771413207, 0.001397772917],
      [0.0023028196167, 0.0017534663281, 0.012372785903, 0.97816928508, 0.0054016430745],
      [0.29819650612, 0.12946471483, 0.066715677426, 0.33589612708, 0.16972697454],
      [0.053945364471, 0.18709298329, 0.065644331327, 0.24152351664, 0.45179380428]
    ],
    [
      [0.003483022846, 0.62646813196, 0.30892394443, 0.053193993697, 0.0079309070606],
      [0.015297234734, 0.22710565938, 0.5992561998, 0.15664066008, 0.0017002460136],
      [0.0019753432782, 0.00085730641289, 0.011995050568, 0.98066994072, 0.0045023590218],
      [0.29658153939, 0.095324135641, 0.061966962454, 0.39319284047, 0.15293452204],
      [0.059394764282, 0.14933723764, 0.065701538885, 0.30852932943, 0.41703712977]
    ],
    [
      [0.0026632964474, 0.45321974732, 0.4721946021, 0.061181473462, 0.010740880669],
      [0.0096334967376, 0.10177968216, 0.74375039897, 0.14334017857, 0.001496243555],
      [0, 0, 0.011909810618, 0.98319199677, 0.0048981926105],
      [0.23017357713, 0.063584242972, 0.089467448923, 0.41857492774, 0.19819980324],
      [0.041208725239, 0.090254370585, 0.084652568147, 0.29402022261, 0.48986411342]
    ],
    [
      [0.0036460005293, 0.64536561381, 0.29183079183, 0.051802633836, 0.007354959995],
      [0.016420156598, 0.24128884172, 0.58311811486, 0.15735561653, 0.0018172702912],
      [0.002306683258, 0.0013777047522, 0.011041701177, 0.980758141, 0.0045157698085],
      [0.30998063998, 0.099368560585, 0.059134504335, 0.38889610278, 0.14262019232],
      [0.063692688506, 0.1597929333, 0.064397143179, 0.31323641718, 0.39888081783]
    ],
    [
      [0.012106506215, 0.45230197559, 0.47274959143, 0.034084571723, 0.028757355046],
      [0.049354724032, 0.10255510257, 0.76410348621, 0.083666998568, 0.00031968861332],
      [0.013808198638, 0, 0.038829378657, 0.94053357975, 0.0068288429564],
      [0.51342418493, 0.028854035313, 0.051171824635, 0.12359382927, 0.28295612585],
      [0.091089710585, 0.044779758537, 0.046721876959, 0.087235081375, 0.73017357254]
    ],
    [
      [0.0040902441706, 0.62872031529, 0.31774065549, 0.045384097362, 0.0040646876847],
      [0.018004391199, 0.22975307002, 0.61763261488, 0.13419874971, 0.00041117418851],
      [0.0030125131033, 0.0010953239375, 0.014032525201, 0.97979657764, 0.0020630601226],
      [0.37194580675, 0.10563335716, 0.070090207447, 0.36511981804, 0.087210810609],
      [0.089763325969, 0.19763947332, 0.088813672866, 0.34269425461, 0.28108927324]
    ],
    [
      [0.0024470400363, 0.76790599134, 0.20268850404, 0.022317238866, 0.0046412257201],
      [0.019065647436, 0.35771535955, 0.53224008627, 0.088278805639, 0.0027001011045],
      [0, 0, 0.020338219445, 0.97203555995, 0.0076262206084],
      [0.31379953137, 0.19486324477, 0.069961350801, 0.28051354609, 0.14086232698],
      [0.05978688563, 0.29389606272, 0.07016601558, 0.20968057914, 0.36647045693]
    ],
    [
      [0.0047115182795, 0.79897507732, 0.16910953369, 0.019688237246, 0.0075156334668],
      [0.029686116517, 0.41323324405, 0.47281801911, 0.084062298125, 0.00020032220481],
      [0.0069434755293, 0, 0.022052994214, 0.96144754169, 0.0095559885657],
      [0.41330605314, 0.15483300579, 0.044010655209, 0.18745046272, 0.20039982314],
      [0.078753787797, 0.22866573096, 0.043766143246, 0.13843852378, 0.51037581421]
    ],
    [
      [0.0036758325184, 0.84513315132, 0.12934271841, 0.018303344726, 0.0035449530212],
      [0.035349944359, 0.4727894822, 0.40463550159, 0.084678766714, 0.0025463051412],
      [0, 0, 0.015820613414, 0.97657760848, 0.0076017781101],
      [0.42696241128, 0.21732219952, 0.044116133061, 0.22099695034, 0.09060230581],
      [0.093153700325, 0.38265465685, 0.052408375563, 0.19400152679, 0.27778174047]
    ]
  ],
  "expected_outcome": [
    [
      [0.088906546309, 0.14417365143, 0.15466522109, 0.16133545383, 0.22137869589, 0, 0.13047549417, 0.015607867581, 0.30649164049, 0.54252436285, 0.11928513528, 0.089607066545, 0.052979961989, 0.0086099638588, 0.15758127591, 0.076911712897, 0.30918093268, 0.007675448508, 0.0071853753862, 0.060185294089, 0.032757025647, 0.21184815241, 0, 0.09590510974, 0.20964726151, 0.25776688548, 0.031699539292, 0.099235493092, 0.1731737185, 0.17191124027, 0.43898859263, 0.097736665287, 0.20831608552, 0, 0.021694948826, 0.0096656005427, 0.16785675281, 0.079827551349, 0.16373761768, 0.14389670127, 0.02854918679, 0.22096772654, 0.52245638118, 0.14058851784, 0.28739240443, 0.058254118106, 0.0034394210031, 0.22771008872, 0.46524437126, 0, 0.018586109283, 0.135837891, 0.14381800816, 0.18230002647, 0.084745543504, 0.84259029915, 0.07341120109, 0.99884187524, 0.20217078851],
      [19.7597274596, 33.7846515067, 17.6361687574, 15.9497674024, 83.7899275081, 26.8739740986, 18.6863271462, 2.4893906795, 48.2669864753, 69.1085915648, 19.4424037421, 4.2573077338, 3.2214891451, 3.2295749992, 26.0161073667, 6.4951141544, 0.34542178024, 3.2435409336, 1.2952386864, 13.3332281337, 13.0415244438, 36.4733731568, 8.5848355151, 16.1237613861, 31.1680077945, 46.814142252, 5.5989385332, 7.3873659136, 51.1429439617, 16.2289716652, 59.4814991285, 14.2101615612, 35.2913113961, 11.125653374, 12.8618434026, 20.4131421591, 48.2946808279, 24.6821430388, 41.1510031729, 29.4309827128, 7.6152759604, 25.2498818254, 69.0354211632, 25.840808361, 47.5546602991, 23.0625515077, 1.4945554355, 37.4698204927, 97.9691497496, 13.7559661457, 4.8143559029, 24.4322571466, 24.4738663553, 32.2682806906, 3.1661138291, 129.5163849504, 23.0371797402, 169.3827163915, 46.4823233228],
      [5.9175814607, 26.5078734868, 7.2041441445, 11.2757294742, 54.3908744041, 9.2509749231, 4.6770671175, 1.283512039, 15.2866029749, 27.6317427525, 10.1341649307, 7.4485357145, 4.271631183, 1.4459741404, 11.1685901947, 3.2546155715, 0.32419047931, 1.4546694344, 0.53586680087, 9.8271298351, 2.4549237962, 10.747400736, 7.4060002309, 9.5725564504, 20.5191882878, 12.0416230028, 1.9505901485, 5.2964437639, 27.2031630784, 13.5694339896, 16.9019632772, 4.6837017201, 18.6151130235, 6.3722969844, 10.107680296, 9.6352564193, 31.3977473062, 18.5914341862, 24.590123319, 18.7301462734, 5.4277657122, 13.9858406084, 27.6174709913, 10.6457284405, 22.757856034, 5.0729954004, 2.3391870566, 5.719232104, 47.5219329564, 10.9804357353, 1.8761398797, 12.0480338329, 25.4985085134, 14.5915395914, 3.30924714, 65.4545750309, 6.0806551211, 35.8512211421, 7.1138495126],
      [1.1385206358, 2.1578951766, 1.005021877, 2.473000402, 5.7942305866, 0.70284852601, 1.4080606548, 0.1802569461, 2.7620867729, 4.1039752471, 1.1396475799, 0.080629658738, 0.371797042, 0.30514887193, 1.5349515193, 0.098119442502, 0, 0.28247851125, 0.14931162784, 1.612778595, 0.41988941926, 2.2342581165, 0.97835006658, 0.97058304679, 1.8747895627, 1.7903740882, 0.34974678328, 2.1389521437, 3.4807192414, 1.9528852772, 2.869585393, 0.91447399405, 2.5566293062, 1.5020496416, 0.91053397849, 1.804100334, 2.6381401582, 1.484336461, 1.9051446634, 2.2422248699, 0.86364838125, 2.1557285767, 3.0829058921, 1.1539016177, 2.1415740169, 0.75514326064, 0.15484713129, 1.4503801626, 5.49682644, 2.0827473528, 0.2451881456, 2.0745657542, 3.303799567, 2.5901316918, 0.23859200206, 9.3491240565, 0.66951716599, 4.1739062962, 1.0066839599],
      [0.095263897606, 0.40540617843, 0, 0.14016726768, 0.80358880525, 0.17220245227, 0.09806958724, 0.031232467816, 0.37783213641, 0.61316607275, 0.16449861195, 0.12391982637, 0.082102667936, 0.010692024536, 0.12276964343, 0.075239118774, 0.021206807771, 0.011635672241, 0.012397509478, 0.16667814213, 0.050905315124, 0.33311983826, 0.030814187373, 0.23719400696, 0.22836709346, 0.096093771461, 0.069024995783, 0.078002685678, 0, 0.076797827766, 0.30796360868, 0.093926059357, 0.32863018869, 0, 0.098247374139, 0.13783548709, 0.5015749549, 0.16225876268, 0.18999122712, 0.45274944254, 0.064760759444, 0.38758126293, 0.74174557225, 0.21897306294, 0.2585172456, 0.051055713076, 0.0079709555829, 0.13285715189, 0.54684648273, 0.18085076624, 0.045729962611, 0.30930537536, 0.58000755615, 0.36774799975, 0.20130148532, 0.83732566304, 0.1392367716, 1.593314295, 0.19497241616]
    ],
    [
      [1.9456429571, 0.48125130947, 0.82952980795, 0.36730225155, 2.2067008484, 0, 1.5954002722, 0.51601275737, 6.9505973196, 15.4078204102, 0.55960763984, 0.22802066049, 2.4915951506, 0.1776408793, 1.0795484027, 0.17551446994, 1.4112437415, 0.059596994316, 0.61519966976, 1.3010115792, 1.7763959458, 6.2520076999, 0, 4.3113314862, 8.3964083519, 3.8900223352, 2.54515428, 2.6966757259, 1.7186358642, 2.2324766877, 7.0766391286, 2.2715195865, 4.3372794928, 0.010042809107, 0, 0, 3.0794601871, 1.1701330224, 3.2151570734, 4.4464960249, 0.36789552006, 4.8443034086, 15.3532977104, 5.0425818312, 6.7402361761, 1.6457209791, 0, 3.3257153993, 9.3211080704, 0, 0.6487357024, 3.2583109983, 1.8110973867, 2.9063677179, 7.3044991567, 16.0419125583, 2.1925494551, 20.572478746, 3.6763942133],
      [35.9756370378, 9.476191566, 12.5161584326, 4.1445159449, 56.3491467636, 17.9653352792, 19.3285929607, 6.5956647645, 90.5441558987, 163.9350954727, 8.6101774671, 1.5112238077, 4.3372598114, 12.7070630113, 16.2626292919, 2.8608192145, 0.59725100492, 7.4688372103, 8.815737858, 44.9841891492, 28.5726254462, 89.034102988, 5.8708694975, 63.5582854776, 101.8161833684, 54.0544307505, 36.3914454684, 10.2436085945, 61.6986999164, 13.746170305, 76.9533630084, 27.1683289295, 60.5387500412, 5.391986606, 25.1096055034, 43.1793927195, 74.4920196933, 29.4263987052, 67.3793782164, 76.5796666312, 24.0557436412, 42.1182412792, 169.6778925597, 75.6859351383, 92.5863986607, 42.1358946841, 3.7131925288, 38.091426559, 162.8939100355, 3.319614268, 13.585485832, 48.3735054473, 19.1345802466, 42.7081249845, 15.178155181, 204.7099853908, 41.1372663488, 286.3706381254, 49.1701061485],
      [58.0006516695, 40.115253264, 27.7832829515, 15.9351840576, 194.5703651321, 33.9482882575, 26.0764755647, 18.846542491, 152.9086715537, 348.6680009243, 24.5365815352, 14.7326044789, 63.3997442699, 30.441535981, 37.7458763566, 8.3391150251, 4.2332777693, 18.1417146818, 20.0518206238, 191.2790063072, 32.4087729061, 139.8580334155, 27.6139076451, 201.7280158079, 358.3542723617, 75.2065108992, 68.1865344541, 44.1833770315, 174.5572624166, 67.3228022338, 116.6775038982, 48.144804994, 170.9313682782, 16.3536100562, 107.5017096927, 107.9343651686, 257.2286577674, 118.6869283951, 213.2966567976, 263.3219980284, 95.5754413705, 127.0090661651, 360.4847544004, 166.6561147794, 235.7868430791, 54.2660285538, 42.8966563227, 31.1906783119, 420.3823322608, 14.4046747661, 28.9292951214, 127.6415705574, 139.8250750064, 103.2119063296, 113.0873159595, 550.3106598537, 61.2076099206, 327.6628872401, 42.0820921653],
      [16.9802502438, 4.8157601105, 5.871028808, 5.5200142638, 31.3753427921, 3.9123524876, 11.9484144896, 3.9929937472, 42.0829227817, 78.9031295872, 4.1970374257, 0.32701169306, 8.5825277464, 9.6737601284, 7.881179804, 0.53834154678, 0, 5.318694167, 8.4367820671, 46.6864430788, 8.1300699399, 44.3270394739, 5.5152228573, 31.4023672283, 49.9064249437, 16.8490360152, 18.6442807431, 25.7572730809, 34.0254018028, 14.6985507734, 30.0618334254, 14.2956418237, 35.7043182443, 6.2443605287, 14.9581731862, 30.3122915473, 32.907184466, 14.4637918524, 24.9898298115, 48.6325962568, 22.7033073727, 29.8452303843, 60.532195922, 27.2226674336, 33.6100156777, 11.9356187816, 4.3579751648, 11.2996657425, 74.04585558, 4.2184983049, 5.7679924713, 33.3644605961, 26.9479535719, 27.8519441265, 12.382715788, 119.5710859952, 10.1520626485, 58.2551726005, 8.8065917382],
      [0.097818091817, 0.11154375007, 0, 0.032983482113, 0.49844446384, 0.17402397566, 0.051116712778, 0.048786239892, 0.51365244613, 1.0859536056, 0.096595932146, 0.20113935989, 0.18887302175, 0, 0.030766144671, 0.086209743634, 0.75822748432, 0.011156946682, 0.080459781369, 0.74934988562, 0.11213576202, 0.52881642275, 0, 0, 0.5267109743, 0, 0.23258505443, 0.11906556725, 0, 0, 0.23066053935, 0.11970466636, 0.48828394353, 0, 0.43051161772, 0.57395056465, 0.29267788621, 0.25274802498, 0.11897810107, 0.019243058747, 0.29761209556, 0.18315876279, 0.9518594076, 0.39270081756, 0.27650640635, 0.016737001473, 0.032175983726, 0.09251398734, 0.35679405329, 0.057212660934, 0.068490872931, 0.36215240091, 0.28129378835, 0.32165684154, 0.047313914771, 0.36635620196, 0.31051162702, 0.13882328793, 0.26481573468]
    ],
    [
      [0.52297797861, 0.11194527106, 0.42211101099, 0.39486056145, 0, 0, 0.73207473403, 0.50384992622, 1.8989891293, 2.6969063046, 0.15323584262, 0.053054988412, 0, 0, 0.37378224257, 0.0069763107054, 0, 0, 0.37727437253, 0, 0, 2.244050416, 0, 1.3786401214, 1.9099980348, 0.72738360106, 1.0567769436, 0.69715012485, 0, 0, 1.0362673992, 0.77635252515, 0.49899559738, 0, 0, 0, 0.26554054914, 0.090286091204, 0.57605646154, 0.43340050549, 0, 0.50437237294, 2.0531181561, 0.80944464214, 1.7360815328, 0, 0, 0, 2.3252651357, 0, 0.099021243518, 0.57877558053, 0, 0.53976388238, 1.146080487, 4.1030428467, 0, 5.9713889552, 0],
      [0.060123477007, 0.11150741324, 0.16089422861, 0, 0.2338288211, 0, 0.92296100694, 0.14037257949, 0.74194337176, 1.8200825599, 0.0082918304629, 0.014117874696, 0, 0.38460428965, 0.068573721767, 0.0030291898202, 0, 0.3220603498, 0.44438970768, 0, 0, 0.93718080422, 0, 0.26442251126, 0.21028308057, 0, 0.43066915589, 0, 0.48456319208, 0, 1.4527539039, 0.52993937182, 0.1058958811, 0.12008766963, 0, 0, 0.66315444029, 0.19095654291, 0.6558372868, 0, 0, 0, 1.1712694901, 0.32795205382, 1.0475428842, 0, 0, 0.6911595538, 1.2642467466, 0, 0.075399052109, 0.25119077898, 0, 0.32238291201, 0, 1.4918312028, 0, 0, 0],
      [1.4913269089, 1.1590639382, 1.5394668454, 1.2117947546, 6.3328581709, 2.4221016602, 0.062474220478, 1.7642707247, 5.878980443, 14.7787217712, 0.62232696049, 0.44272386326, 1.3163213358, 1.4590286819, 1.1981062069, 0.05408678767, 0, 0.86528225626, 0.84244574806, 5.7512945542, 2.1873043035, 4.8913005097, 0.74250041667, 4.5117227506, 11.2897451945, 6.3126844939, 2.8069238353, 4.4750519031, 4.6013589492, 1.3673143038, 8.0039929679, 2.231814578, 2.7781208758, 0.59807428448, 2.0272603413, 2.11113461, 7.3517120371, 4.0871138534, 5.7062707486, 5.5293363571, 3.1688042907, 2.6790009694, 8.4104409247, 3.7115413288, 9.2871796372, 1.2216126251, 2.3483763347, 0, 15.0667376867, 0.57972158986, 0.53202979381, 3.5145498163, 3.5133941323, 2.5837580755, 3.2228384285, 19.1122993242, 2.9490418196, 18.965575024, 3.0059165488],
