{
  "Z_true": {},
  "V_true": [
    [453, 83, 1490, 70],
    [511, 416, 13122, 401],
    [79, 9936, 1398, 440],
    [20, 541, 494, 609],
    [12, 455, 276, 325],
    [66, 332, 483, 309]
  ],
  "p_true": [
    [0.2161, 0.0396, 0.7109, 0.0334],
    [0.0354, 0.0288, 0.9081, 0.0278],
    [0.0067, 0.8383, 0.1179, 0.0371],
    [0.012, 0.3251, 0.2969, 0.366],
    [0.0112, 0.426, 0.2584, 0.3043],
    [0.0555, 0.279, 0.4059, 0.2597]
  ],
  "Z_est": [
    [
      [9.1512, 0.6043, 0, 3.7879, 9.0551, 11.8821, 7.8995, 16.2744, 25.9338, 1.2452, 38.5594, 14.8609, 18.6386, 26.3865, 9.3459, 26.6343, 0, 7.0043, 2.4932, 10.7493, 5.9878, 4.9106, 17.2024, 4.8778, 6.1193, 12.972, 19.9865, 10.8353, 3.2719, 18.6159, 8.0019, 4.5111, 9.7556, 14.0811, 8.0512, 5.1155, 10.4256, 1.2087, 8.342, 4.4681, 21.228, 9.6266, 30.0126, 6.8855, 19.1015, 2.8199, 0, 1.6942, 61.5575, 6.8425, 53.3923, 19.3063],
      [5.5502, 0.2587, 0, 2.2747, 3.5185, 3.6312, 4.5302, 7.8954, 10.4198, 1.3722, 15.2658, 5.3088, 8.1287, 12.659, 3.6852, 9.5296, 0.5714, 2.9023, 0.4487, 4.0777, 3.5601, 1.5988, 8.0666, 2.0312, 2.2645, 3.9812, 12.0746, 4.2983, 0.2815, 9.1862, 10.6, 3.1293, 4.6723, 10.5621, 2.4166, 2.0528, 4.2311, 0.3751, 5.1756, 2.1454, 8.9617, 4.3821, 11.5888, 3.2459, 10.0192, 5.4719, 0, 2.191, 28.9647, 2.8059, 16.4906, 5.4291],
      [19.2794, 1.0389, 0, 6.8524, 10.2528, 19.952, 15.3991, 27.3968, 40.1261, 4.3697, 74.5811, 24.6211, 23.951, 45.4842, 16.8157, 53.3984, 0.4115, 8.9579, 2.022, 14.9869, 13.2785, 6.3836, 30.3996, 10.9535, 8.4875, 24.7735, 35.5286, 18.5569, 2.4265, 34.8209, 28.1657, 6.2135, 21.3355, 39.0369, 11.3811, 8.6762, 13.0979, 2.3945, 15.2941, 5.2362, 36.3346, 15.8161, 54.8275, 9.6007, 36.5389, 16.689, 0, 2.9676, 108.2494, 8.2195, 56.3378, 43.9444],
      [0.0192, 0.0981, 0, 0.085, 0.1736, 1.5347, 0.1712, 0.4334, 0.5203, 0.0129, 0.5938, 0.2092, 0.2816, 0.4703, 0.1532, 0.4377, 0.0171, 0.1354, 0.0361, 0.1862, 0.1736, 0.107, 0.3314, 0.1375, 0.1287, 0.2733, 0.4103, 0.3095, 0.0202, 0.377, 0.2325, 0.146, 0.2366, 0.3199, 0.151, 0.1555, 0.2454, 0.0217, 0.1883, 0.1503, 0.4756, 0.1752, 0.5712, 0.2679, 0.3404, 0.0192, 0, 0.1472, 1.2285, 0.132, 0.7793, 0.3203]
    ],
    [
      [1.0591, 0.0008, 0, 0.615, 5.1878, 4.8335, 0.0093, 2.188, 6.3123, 0.0016, 8.0352, 3.7603, 2.7276, 5.3182, 3.0753, 4.6549, 0, 3.0281, 2.0345, 4.2606, 0.007, 2.2261, 2.7557, 0.0054, 2.697, 3.6869, 5.146, 2.6241, 3.13, 1.678, 0.0085, 0.0062, 0.0109, 0.0147, 2.1733, 0.007, 4.2353, 0.2495, 1.5742, 0.9145, 2.7947, 2.9285, 8.3619, 0.0101, 3.3611, 0.0031, 0, 0.0016, 10.5488, 2.713, 25.2246, 2.0061],
      [1.8299, 0.046, 0.1271, 1.0647, 6.1225, 0.4557, 13.5234, 12.6661, 1.9012, 4.4366, 10.7245, 3.7377, 6.3097, 23.6976, 5.8121, 4.958, 0.7879, 2.087, 0.3131, 11.3098, 5.9269, 0.2762, 16.9336, 0.3314, 0.4097, 0.5616, 13.0366, 0.7549, 0.4064, 14.9951, 3.3358, 3.5197, 7.5809, 8.5333, 0.3867, 8.5933, 10.3529, 0.0414, 2.9113, 0.4419, 12.1865, 6.2358, 4.9495, 0.6445, 14.6667, 0.8318, 0.0046, 0.5202, 43.5964, 0.5478, 2.9415, 0.6122],
      [105.1225, 9.7918, 9.7871, 56.2827, 175.0469, 84.6716, 196.8379, 529.1162, 604.4918, 54.4256, 444.4754, 154.8983, 254.744, 502.5488, 136.0723, 406.6564, 24.8452, 115.2754, 41.5208, 223.7866, 173.5879, 101.0343, 355.2464, 73.5557, 131.3573, 354.5133, 486.7842, 301.0589, 93.0942, 446.1477, 162.0445, 264.8621, 221.3615, 247.0512, 142.2366, 227.1837, 308.6343, 23.7006, 152.3933, 295.3205, 509.1132, 138.8481, 562.5793, 352.3465, 316.9523, 47.1766, 1.9954, 159.3222, 1129.3314, 141.8439, 747.9454, 190.4209],
      [1.9885, 1.1614, 1.0858, 6.0377, 18.6428, 19.0392, 12.6294, 45.0297, 45.2947, 1.1363, 26.7649, 8.6037, 19.2188, 22.4353, 8.0403, 18.7307, 2.3669, 11.6095, 4.1316, 10.6431, 14.4782, 10.4635, 27.0644, 17.1074, 11.536, 25.2382, 32.0331, 39.562, 4.3695, 26.1793, 12.6111, 15.6119, 19.0467, 18.4008, 16.2034, 16.216, 23.7775, 2.0085, 14.1212, 15.323, 38.9056, 14.9876, 45.1094, 35.9989, 15.0199, 1.9885, 0, 24.1561, 95.5234, 12.8953, 67.8886, 14.9608]
    ],
    [
      [1.8011, 0.102, 0, 0.7184, 3.1096, 2.9663, 2.0042, 5.4735, 9.2733, 0.2041, 12.2314, 6.5115, 13.3271, 7.2541, 2.4804, 6.9877, 0, 2.4298, 0.923, 3.354, 0.9182, 1.5452, 5.5271, 1.0184, 1.9754, 3.2541, 4.4511, 3.3438, 1.4997, 6.0814, 1.1223, 0.8465, 2.8057, 1.9385, 4.1279, 0.9182, 3.4832, 0.5418, 1.3263, 1.7501, 6.4967, 2.6875, 8.7812, 2.1502, 3.5832, 0.4081, 0, 0.2041, 20.1409, 2.687, 29.8157, 6.8089],
      [220.8482, 8.821, 4.8525, 93.989, 132.8805, 91.0435, 91.5666, 297.0246, 380.4862, 23.5216, 517.9455, 178.6252, 324.9377, 675.6128, 96.7641, 292.7188, 17.9581, 112.0132, 22.6176, 138.4228, 263.1171, 54.1737, 293.3472, 66.1999, 82.4142, 110.9441, 503.4387, 151.7985, 64.7419, 341.4117, 326.7561, 135.2523, 163.5017, 331.4944, 76.2296, 59.0502, 153.4111, 8.5525, 306.3162, 87.5954, 312.0231, 108.843, 397.0294, 124.4728, 381.8143, 96.421, 0.9954, 103.638, 1075.5393, 110.1281, 592.3299, 123.5866],
      [21.3489, 1.8446, 0.829, 2.0682, 8.4448, 6.9773, 5.0423, 20.235, 53.5093, 1.2733, 35.8081, 8.8579, 34.3738, 40.1157, 5.3479, 21.0459, 0.9677, 9.0747, 1.3616, 7.6399, 16.9556, 7.5704, 17.8928, 6.2715, 7.5397, 10.31, 51.0931, 15.3472, 5.4792, 25.0571, 27.3208, 11.3242, 11.9953, 33.4409, 6.3016, 3.7766, 8.4548, 5.6274, 20.475, 13.2491, 17.1642, 6.01, 35.4674, 11.825, 24.5914, 7.1691, 1.0046, 9.5828, 79.7422, 9.7064, 57.2058, 13.6249],
      [0.0018, 0.2324, 0.3185, 1.2245, 0.5651, 1.0128, 0.3869, 1.2669, 1.7312, 0.001, 0.015, 0.0054, 1.3613, 0.0173, 0.4076, 1.2476, 0.0742, 0.4823, 0.0977, 0.5833, 0.0091, 1.7107, 1.233, 1.5102, 1.0707, 0.4918, 0.0171, 3.5106, 0.2792, 1.4498, 1.8008, 0.5769, 0.6973, 0.1262, 0.3409, 0.255, 0.6509, 0.2783, 1.8825, 0.4054, 1.316, 0.4595, 1.722, 0.552, 0.0111, 0.0018, 0, 1.5751, 4.5776, 0.4784, 2.6486, 2.9797]
    ],
    [
      [0, 0, 0, 0, 0, 0, 0, 0, 0, 0, 0, 0, 0, 0, 0, 0, 0, 0, 0, 0, 0, 0, 0, 0, 0, 0, 0, 0, 0, 0, 0, 0, 0, 0, 0, 0, 0, 0, 0, 0, 0, 0, 0, 0, 0, 0, 0, 0, 0, 0, 0, 0],
      [0.0561, 0, 0.0203, 0.3532, 0.5625, 0.021, 0.4633, 1.4358, 1.5911, 0.1106, 1.8115, 0.643, 1.1303, 5.2346, 0.4122, 1.1452, 0.0796, 0.4793, 0.0876, 0.6489, 0.9869, 0.272, 1.1034, 0.2759, 0.3914, 0.5705, 1.8425, 0.7385, 0.2636, 1.3645, 0.1193, 0.61, 0.7557, 1.1509, 0.329, 0.4139, 0.8292, 0.031, 2.3489, 0.5573, 1.4874, 0.4382, 1.6073, 0.7727, 1.4203, 1.6796, 0, 0.4623, 4.2585, 0.4432, 2.2421, 0.5156],
      [4.0392, 0, 0.3839, 5.3589, 10.383, 0.6156, 9.9611, 36.6238, 31.0117, 1.8892, 20.0371, 8.0688, 12.315, 30.0487, 7.8954, 18.5866, 1.2287, 10.1366, 1.0293, 14.8493, 15.9155, 7.0569, 12.9801, 4.1916, 10.2245, 15.6831, 26.3885, 18.0786, 5.1401, 23.271, 7.4225, 13.814, 18.455, 11.2945, 5.9257, 13.3187, 24.285, 0.2775, 10.5752, 21.2275, 36.2638, 5.9122, 29.7829, 26.1924, 20.0773, 5.5202, 0, 8.9303, 69.3291, 7.7899, 31.3712, 10.1215],
      [3.9047, 0, 0.5958, 6.2879, 13.0544, 2.3634, 11.5756, 40.9404, 37.3972, 2.0002, 24.1514, 9.2882, 15.5547, 34.7167, 8.6924, 21.2681, 1.6916, 11.3842, 1.8831, 15.5017, 17.0976, 8.671, 17.9165, 7.5324, 11.3842, 18.7465, 29.7691, 24.1829, 5.5963, 26.3644, 9.4583, 15.5761, 19.7894, 14.5546, 8.7454, 15.2675, 25.8858, 0.6915, 14.0759, 21.2152, 40.2489, 8.6496, 35.6099, 30.0349, 21.5024, 3.8002, 0, 13.6074, 82.4124, 9.7669, 43.3867, 12.3629]
    ],
    [
      [0, 0, 0, 0, 0, 0, 0, 0, 0, 0, 0, 0, 0, 0, 0, 0, 0, 0, 0, 0, 0, 0, 0, 0, 0, 0, 0, 0, 0, 0, 0, 0, 0, 0, 0, 0, 0, 0, 0, 0, 0, 0, 0, 0, 0, 0, 0, 0, 0, 0, 0, 0],
      [1.7083, 0, 0, 0.24, 0.3518, 0.2353, 0.2757, 0.7867, 0.9816, 0.0737, 1.3286, 0.4611, 0.8271, 0, 0.2614, 0.7653, 0.0523, 0.29, 0.0594, 0.385, 0.7831, 0.1426, 0.7843, 0.1711, 0.2115, 0.29, 1.2811, 0.3898, 1.3202, 0.8984, 0, 0.3565, 0.4302, 0.858, 0.1996, 0.1878, 0.4207, 0, 0, 0.2282, 0.839, 0.2971, 1.0149, 0.3327, 0.9982, 0, 0, 0.2686, 2.8236, 0.2828, 1.5187, 0.3161],
      [12.2871, 0, 0, 10.7501, 7.6252, 13.7476, 12.7059, 33.1515, 39.956, 0.9237, 47.6333, 17.5251, 29.1466, 37.956, 13.7261, 28.2025, 2.9444, 12.6929, 1.936, 12.5946, 15.1939, 5.8423, 48.1815, 7.8105, 6.7714, 14.6785, 55.6756, 22.5635, 12.6719, 30.0622, 13.9822, 21.6198, 18.5422, 25.117, 10.7819, 8.7879, 20.5432, 0, 11.9783, 19.7455, 41.1012, 9.6852, 44.9266, 17.6193, 41.9735, 3.9954, 0, 2.7018, 116.0436, 6.7001, 40.3971, 8.6629],
      [0.0046, 0, 0, 0.0099, 0.023, 0.0171, 0.0184, 0.0618, 0.0625, 0.0026, 0.0381, 0.0138, 0.0263, 0.044, 0.0125, 0.0322, 0.0033, 0.0171, 0.0046, 0.0204, 0.023, 0.0151, 0.0342, 0.0184, 0.0171, 0.0316, 0.0434, 0.0467, 0.0079, 0.0394, 0.0178, 0.0237, 0.0276, 0.025, 0.0184, 0.0243, 0.0362, 0, 0.0217, 0.0263, 0.0598, 0.0178, 0.0585, 0.048, 0.0283, 0.0046, 0, 0.0296, 0.1328, 0.0171, 0.0842, 0.021]
    ],
    [
      [0.9886, 0.2928, 0, 0.8787, 1.6476, 1.3181, 2.087, 4.0641, 6.4805, 0.5492, 4.1739, 1.8673, 2.3066, 6.0412, 1.0984, 4.7231, 0, 1.5378, 0.5492, 2.6362, 2.087, 1.3181, 3.5149, 1.0984, 1.2082, 2.087, 2.4165, 2.1968, 1.0984, 3.6247, 1.8673, 2.6362, 1.4279, 2.9657, 1.6476, 2.9593, 2.8558, 0, 1.7574, 1.8673, 6.4805, 1.7574, 3.8444, 3.9542, 3.9542, 0.7689, 0, 0.1002, 11.7528, 1.7574, 8.5675, 0.8787],
      [3.0074, 0.8743, 0, 3.0784, 4.5642, 3.6132, 5.6409, 11.1914, 17.6202, 1.4854, 11.9241, 5.2243, 6.6664, 19.7959, 3.065, 12.8831, 2.5506, 4.2282, 1.4736, 7.1557, 6.6258, 3.5366, 9.7649, 2.9904, 3.3087, 5.6527, 7.3265, 6.0201, 2.9865, 10.1441, 5.1888, 7.1322, 4.0592, 8.4013, 4.4385, 8.7021, 7.755, 0, 5.2481, 5.0318, 17.5023, 4.8039, 10.8102, 10.5313, 11.0813, 2.5957, 0, 5.9199, 32.8176, 4.7921, 23.4772, 2.5404],
      [3.9229, 1.3247, 0, 2.6877, 6.2472, 5.0359, 8.0537, 15.4766, 24.9051, 2.1185, 15.4651, 7.0288, 8.4696, 19.8466, 4.1426, 18.1102, 1.6025, 5.8625, 2.1303, 10.1428, 7.0687, 5.1125, 13.2996, 4.2171, 4.6197, 8.0417, 8.53, 8.3948, 4.1883, 13.6411, 7.0643, 10.1663, 5.3105, 11.0595, 6.373, 13.257, 10.9848, 0, 6.2841, 7.2211, 25.023, 6.7284, 14.4163, 15.4162, 14.8665, 2.4497, 0, 8.4953, 44.3042, 6.7402, 32.7427, 3.2255],
      [1.0812, 0.5081, 0, 1.3552, 2.541, 2.0328, 3.2184, 6.2679, 9.9941, 0.8469, 6.4369, 2.8796, 3.5573, 9.3163, 1.694, 7.2836, 0.8469, 2.3715, 0.8469, 4.0653, 3.2185, 2.0328, 5.4206, 1.6941, 1.8634, 3.2187, 3.727, 3.3883, 1.7268, 5.59, 2.8797, 4.0654, 2.2024, 4.5735, 2.5409, 5.0816, 4.4044, 0, 2.7104, 2.8798, 9.9941, 2.7103, 5.9291, 6.0983, 6.0979, 1.1857, 0, 5.4846, 18.1253, 2.7103, 13.2126, 1.3554]
    ]
  ],
  "V_est": [
    [651.7131, 294.282, 1135.8631, 14.1418],
    [148.2058, 298.9776, 12989.4408, 1013.3759],
    [213.3903, 10729.2169, 864.7421, 45.6508],
    [0, 46.5678, 741.2781, 876.1541],
    [0, 26.728, 1039.8604, 1.4115],
    [127.6908, 367.2277, 491.8155, 203.2659]
  ],
  "p_est": [
    [0.3109, 0.1404, 0.5419, 0.0067],
    [0.0103, 0.0207, 0.8989, 0.0701],
    [0.018, 0.9052, 0.073, 0.0039],
    [0, 0.028, 0.4455, 0.5265],
    [0, 0.025, 0.9737, 0.0013],
    [0.1073, 0.3086, 0.4133, 0.1708]
  ],
  "EI_Z": {},
  "EI_V": 10.3153,
  "MAE_Z": {},
  "MAE_V": 277.8337,
  "MAE_p": 0.1191,
  "runtime": 1.4367
}
