{
  "X": [
    [11, 18, 26, 87, 177, 9],
    [2, 12, 25, 71, 256, 9],
    [12, 79, 48, 269, 266, 14],
    [58, 276, 267, 1245, 1619, 85],
    [2, 28, 20, 154, 80, 11],
    [1, 6, 25, 50, 99, 7],
    [3, 30, 13, 107, 81, 6],
    [6, 19, 12, 88, 45, 11],
    [39, 35, 156, 582, 397, 31],
    [3, 6, 14, 45, 38, 6],
    [7, 9, 24, 68, 185, 2],
    [28, 50, 107, 415, 547, 18],
    [12, 29, 51, 133, 399, 13],
    [2, 4, 20, 93, 89, 4],
    [98, 164, 189, 992, 1469, 38],
    [8, 9, 6, 64, 52, 5],
    [97, 111, 139, 732, 1384, 50],
    [0, 5, 2, 9, 31, 1],
    [22, 20, 47, 137, 195, 11],
    [4, 0, 13, 15, 162, 2],
    [6, 32, 23, 97, 104, 7],
    [6, 27, 63, 201, 136, 25],
    [17, 46, 63, 221, 180, 19],
    [11, 115, 52, 210, 432, 13],
    [0, 40, 37, 128, 135, 9],
    [6, 17, 14, 79, 111, 5],
    [11, 80, 54, 297, 210, 12],
    [6, 43, 29, 226, 110, 15],
    [5, 26, 28, 87, 202, 3],
    [6, 13, 20, 49, 197, 5],
    [20, 82, 65, 302, 332, 20],
    [5, 21, 28, 37, 163, 1],
    [9, 41, 55, 240, 310, 21],
    [3, 63, 21, 110, 125, 7],
    [14, 43, 59, 229, 271, 13],
    [17, 94, 21, 148, 230, 7],
    [0, 2, 1, 11, 12, 2],
    [18, 21, 68, 241, 184, 16],
    [8, 12, 39, 143, 89, 7],
    [6, 6, 10, 37, 51, 5],
    [7, 17, 25, 60, 55, 9],
    [4, 1, 6, 12, 32, 4],
    [2, 9, 6, 40, 69, 2],
    [18, 17, 29, 101, 184, 14],
    [0, 1, 2, 16, 8, 6],
    [2, 4, 15, 31, 25, 7],
    [46, 39, 36, 195, 399, 9],
    [3, 4, 8, 25, 20, 5],
    [1, 1, 4, 14, 16, 0],
    [7, 19, 26, 94, 99, 7],
    [6, 18, 39, 152, 201, 12],
    [9, 5, 8, 33, 102, 1],
    [9, 8, 11, 42, 146, 3],
    [4, 3, 7, 11, 88, 1],
    [9, 16, 45, 73, 376, 8],
    [1, 6, 5, 38, 53, 1],
    [7, 17, 15, 30, 186, 5],
    [11, 25, 24, 46, 158, 6],
    [1, 1, 2, 8, 29, 0],
    [1, 0, 1, 19, 1, 2],
    [3, 6, 5, 28, 21, 5],
    [2, 7, 9, 27, 67, 4],
    [0, 4, 5, 28, 7, 4],
    [2, 9, 21, 57, 90, 8],
    [7, 18, 12, 25, 83, 3],
    [9, 3, 7, 45, 37, 8],
    [1, 3, 6, 12, 119, 2],
    [0, 5, 1, 17, 12, 1],
    [3, 5, 11, 34, 24, 3],
    [3, 3, 33, 68, 56, 3],
    [0, 0, 1, 5, 7, 1],
    [4, 2, 11, 21, 47, 2],
    [1, 4, 5, 10, 25, 4],
    [1, 3, 3, 5, 15, 1],
    [23, 24, 29, 186, 159, 9],
    [14, 11, 27, 68, 287, 9],
    [23, 22, 40, 149, 230, 12],
    [9, 25, 29, 129, 163, 11],
    [23, 21, 22, 146, 157, 10],
    [9, 6, 10, 47, 106, 4],
    [43, 28, 38, 183, 352, 11],
    [28, 28, 32, 144, 195, 7],
    [1, 3, 3, 7, 36, 0],
    [0, 2, 2, 11, 8, 2],
    [26, 95, 20, 208, 279, 14],
    [97, 260, 153, 981, 895, 100],
    [73, 162, 111, 572, 638, 57],
    [0, 1, 2, 8, 0, 0]
  ],
  "W": [
    [17, 88, 171, 39, 13],
    [6, 72, 258, 32, 7],
    [53, 289, 263, 51, 32],
    [172, 1321, 1646, 275, 136],
    [14, 171, 76, 23, 11],
    [3, 50, 109, 18, 8],
    [32, 101, 85, 14, 8],
    [12, 108, 42, 14, 5],
    [25, 575, 362, 214, 64],
    [5, 53, 30, 15, 9],
    [14, 70, 178, 29, 4],
    [63, 405, 509, 137, 51],
    [14, 143, 387, 57, 36],
    [6, 96, 82, 19, 9],
    [149, 1053, 1380, 254, 114],
    [8, 63, 50, 11, 12],
    [110, 734, 1330, 231, 108],
    [2, 12, 25, 5, 4],
    [13, 154, 174, 73, 18],
    [0, 15, 158, 15, 8],
    [8, 120, 110, 22, 9],
    [15, 228, 139, 59, 17],
    [32, 239, 175, 72, 28],
    [55, 258, 425, 54, 41],
    [11, 143, 136, 48, 11],
    [8, 80, 108, 18, 18],
    [39, 322, 215, 60, 28],
    [19, 254, 101, 36, 19],
    [10, 97, 196, 35, 13],
    [5, 53, 193, 27, 12],
    [25, 341, 333, 84, 38],
    [4, 50, 166, 28, 7],
    [17, 271, 296, 71, 21],
    [24, 130, 135, 18, 22],
    [19, 247, 275, 64, 24],
    [49, 164, 237, 30, 37],
    [2, 11, 11, 2, 2],
    [18, 261, 157, 81, 31],
    [5, 133, 87, 59, 14],
    [12, 34, 46, 15, 8],
    [7, 68, 60, 24, 14],
    [0, 12, 31, 10, 6],
    [4, 37, 70, 8, 9],
    [12, 113, 181, 42, 15],
    [0, 19, 7, 5, 2],
    [2, 40, 17, 19, 6],
    [36, 201, 373, 71, 43],
    [3, 26, 18, 15, 3],
    [2, 13, 15, 6, 0],
    [10, 101, 95, 32, 14],
    [19, 158, 196, 46, 9],
    [4, 36, 92, 18, 8],
    [5, 44, 130, 30, 10],
    [0, 13, 77, 17, 7],
    [7, 76, 375, 49, 20],
    [0, 43, 49, 6, 6],
    [11, 35, 178, 21, 15],
    [9, 63, 154, 31, 13],
    [1, 5, 30, 3, 2],
    [0, 20, 2, 1, 1],
    [3, 29, 16, 8, 12],
    [5, 33, 69, 7, 2],
    [1, 29, 7, 9, 2],
    [4, 59, 86, 29, 9],
    [3, 41, 77, 16, 11],
    [1, 52, 36, 11, 9],
    [3, 17, 110, 10, 3],
    [4, 18, 9, 5, 0],
    [2, 34, 26, 13, 5],
    [6, 69, 48, 39, 4],
    [1, 4, 6, 2, 1],
    [1, 21, 42, 14, 9],
    [1, 14, 24, 4, 6],
    [2, 6, 13, 5, 2],
    [19, 195, 148, 44, 24],
    [7, 72, 271, 46, 20],
    [13, 162, 203, 67, 31],
    [13, 150, 150, 43, 10],
    [27, 146, 146, 37, 23],
    [2, 52, 107, 12, 9],
    [27, 188, 335, 68, 37],
    [16, 171, 189, 43, 15],
    [3, 6, 31, 9, 1],
    [1, 12, 7, 4, 1],
    [85, 222, 267, 19, 49],
    [167, 1116, 843, 184, 176],
    [99, 653, 618, 148, 95],
    [0, 8, 0, 2, 1]
  ],
  "method": "mvn_pdf",
  "cond_prob": [
    [
      [0.12808736388, 0.43843987435, 0.00047904062713, 0.35187304566, 0.080018092961, 0.0011025825161],
      [0.015421483797, 0.065078785048, 0.031901186722, 0.8106609221, 0.01725411651, 0.059683505823],
      [0.0042644625641, 0.016444213475, 0.021004139183, 0.012755552521, 0.94442842485, 0.0011032074026],
      [0.084829262327, 4.8021955137e-05, 0.49672541225, 0.13989444541, 0.24685005325, 0.031652804811],
      [0.26368153158, 0.15428889933, 0.016965615378, 0.15714724822, 0.23053211077, 0.17738459472]
    ],
    [
      [0.046673633666, 0.46154249528, 0.00040672673327, 0.41704300653, 0.072774091652, 0.0015600461413],
      [0.0016009343302, 0.063644710791, 0.032199345244, 0.81272302232, 0.015722335289, 0.074109652024],
      [0.00032836777507, 0.01286275117, 0.022176243626, 0.015189465142, 0.94890553713, 0.00053763516237],
      [0.024883845105, 0.0028327244438, 0.52531783836, 0.14704504308, 0.2561636271, 0.043756921906],
      [0.10338414241, 0.17701269535, 0.021080728402, 0.19390870979, 0.20235466626, 0.30225905778]
    ],
    [
      [0.053685431746, 0.58962124568, 0.00043919392792, 0.30380093039, 0.051976194557, 0.00047700369805],
      [0.0058912650931, 0.1022410574, 0.034884555588, 0.81011463756, 0.014963324995, 0.031905159366],
      [0.00082337260669, 0.03335398696, 0.028999147287, 0.018214206922, 0.91816639485, 0.00044289137395],
      [0.04489484755, 0, 0.57949911442, 0.15178878296, 0.20513401613, 0.018683238941],
      [0.1545597589, 0.2946971819, 0.022307987039, 0.19512050257, 0.21816450303, 0.11515006656]
    ],
    [
      [0.064092696711, 0.51973061059, 0.00061981350904, 0.35393303991, 0.060866340654, 0.00075749862344],
      [0.0069030613097, 0.080758860373, 0.036340739124, 0.82010933916, 0.013887340439, 0.042000659596],
      [0.001284542037, 0.028700639966, 0.032184280957, 0.019286720433, 0.91768119621, 0.00086262039327],
      [0.046527798855, 9.2415381869e-05, 0.59132623427, 0.15138190974, 0.18658030653, 0.024091335218],
      [0.16873243601, 0.24012656479, 0.024244373639, 0.20134641982, 0.2086248487, 0.15692535704]
    ],
    [
      [0.032035801659, 0.5560879943, 0.00057429582105, 0.3558715385, 0.054493950094, 0.00093641962974],
      [0.0011811059725, 0.084892886427, 0.028943286645, 0.82523444901, 0.012359323782, 0.047388948161],
      [0.00037738307921, 0.031377369348, 0.027104487037, 0.017238710119, 0.92255981038, 0.001342240038],
      [0.013835443188, 0.013665799607, 0.55477184254, 0.18072879719, 0.20598408993, 0.031014027541],
      [0.091148486196, 0.27264463995, 0.020269495364, 0.2214366705, 0.20649642498, 0.18800428302]
    ],
    [
      [0.04116923566, 0.37675085174, 0.0006990328155, 0.53738405941, 0.042146927157, 0.0018498932189],
      [0.00093690602426, 0.037990840908, 0.056158979741, 0.8174766264, 0.015909360483, 0.071527286448],
      [0.00041568712333, 0.016252735118, 0.072727342188, 0.033528062738, 0.87601958826, 0.0010565845706],
      [0.0053738873457, 0.0076775438265, 0.77060234963, 0.10879632422, 0.077805815755, 0.029744079227],
      [0.085950890393, 0.13255768533, 0.048978915341, 0.23764047846, 0.14893142377, 0.34594060671]
    ],
    [
      [0.041803851007, 0.55438441779, 0.00041454735346, 0.38279190393, 0.01948815461, 0.0011171253061],
      [0.001467225567, 0.068875084047, 0.022912666386, 0.85640842195, 0.011585171037, 0.038751431013],
      [0.00069336897512, 0.038778417906, 0.033028133203, 0.034824715312, 0.89061372058, 0.0020616440221],
      [0.036705716644, 0.00028525846003, 0.55089767536, 0.22246354542, 0.15878806149, 0.030859742628],
      [0.1176588237, 0.25039450017, 0.019074550312, 0.27235225248, 0.16013470843, 0.18038516491]
    ],
    [
      [0.10996882966, 0.53368736224, 0.00091692585992, 0.29242207234, 0.061771920478, 0.0012328894309],
      [0.017917275296, 0.095126891218, 0.032758336588, 0.75697308571, 0.014540629297, 0.08268378189],
      [0.0027431888891, 0.029143353908, 0.025399287095, 0.011057939626, 0.93093124949, 0.0007249809885],
      [0.089787579767, 0.00042072708056, 0.52197467793, 0.13695366544, 0.20171724889, 0.049146100899],
      [0.27461365242, 0.21842727168, 0.015336197843, 0.071211418948, 0.1530390054, 0.26737245372]
    ],
    [
      [0.11836696594, 0.32139274145, 0.00046345322271, 0.50325110701, 0.055798243784, 0.00072748859201],
      [0.010900695192, 0.027529958413, 0.03402217152, 0.88249653637, 0.013767047329, 0.031283591173],
      [0.0036488856242, 0.0098966172936, 0.033321280058, 0.027479986735, 0.92510090158, 0.00055232871043],
      [0.059600021107, 0, 0.57337807707, 0.16760623746, 0.1803933494, 0.019022314962],
      [0.24527539067, 0.11801374869, 0.025944580814, 0.25262068587, 0.22184825856, 0.1362973354]
    ],
    [
      [0.086620094771, 0.38627403358, 0.0029735823461, 0.36110921962, 0.16133248412, 0.0016905855599],
      [0.010038828228, 0.052206452607, 0.067098816849, 0.76821744535, 0.031059147253, 0.07137930971],
      [0.0013240154342, 0.0065489668919, 0.024270041405, 0.012709855101, 0.95414192958, 0.0010051915912],
      [0.02999194411, 8.0966325687e-05, 0.62791890407, 0.076131407466, 0.24487496545, 0.02100181257],
      [0.17169355615, 0.12266714914, 0.031334443553, 0.10618472591, 0.36109115621, 0.20702896903]
    ],
    [
      [0.15354021899, 0.341153488, 0.00057260489187, 0.3814641078, 0.12290200343, 0.00036757688801],
      [0.018384575731, 0.045255540947, 0.054473209603, 0.82414172401, 0.036778980681, 0.020965969028],
      [0.0027239466087, 0.0032054589811, 0.021855963067, 0.0092089179367, 0.96291446017, 9.1253241035e-05],
      [0.060948160743, 3.1675181335e-05, 0.55756043247, 0.093440317609, 0.28071660635, 0.0073028076381],
      [0.32778936878, 0.12111825571, 0.02981122292, 0.15515630168, 0.29132195261, 0.074802898295]
    ],
    [
      [0.097361006226, 0.35795555806, 0.00052252565388, 0.45175892712, 0.091887355853, 0.00051462709504],
      [0.0096682989648, 0.041672321007, 0.04026790084, 0.85992680606, 0.021714654906, 0.026750018221],
      [0.0015513896269, 0.0074280076915, 0.02530473958, 0.016333705179, 0.94918904887, 0.00019310905626],
      [0.048342702703, 2.72647931e-05, 0.55768890849, 0.13875223418, 0.24252991854, 0.012658971293],
      [0.20662721444, 0.13307683614, 0.02696251244, 0.21462586507, 0.31476150255, 0.10394606935]
    ],
    [
      [0.083671355121, 0.47892566977, 0.0006324996718, 0.33530568833, 0.10065418326, 0.00081060385052],
      [0.010039554384, 0.073907794184, 0.051000909356, 0.79165792626, 0.027677231213, 0.0457165846],
      [0.0010517589861, 0.013522672848, 0.024506921005, 0.0094075294564, 0.95053830053, 0.0009728171764],
      [0.042386255131, 2.7708649108e-05, 0.58287391532, 0.10233693231, 0.25416714086, 0.018208047728],
      [0.18249715226, 0.18031589638, 0.027500649008, 0.15624216295, 0.31353188993, 0.13991224946]
    ],
    [
      [0.056975486765, 0.24883418374, 0.0019240573339, 0.54387744299, 0.1476332351, 0.00075559405865],
      [0.0018430903866, 0.016058665725, 0.05666266121, 0.87503855507, 0.022636518772, 0.027760508833],
      [0.00030268511307, 0.0019085122633, 0.025609406683, 0.016995434172, 0.95456236923, 0.00062159254067],
      [0.018669765258, 7.6259422756e-06, 0.63625300406, 0.11392726627, 0.22000947844, 0.011132860026],
      [0.12240718701, 0.089857787718, 0.040006861625, 0.24164337708, 0.38742226891, 0.11866251766]
    ],
    [
      [0.13783649144, 0.41252027559, 0.00054623457773, 0.34446442553, 0.1042972414, 0.00033533145908],
      [0.018854149904, 0.065177641284, 0.036591799853, 0.82971852109, 0.025156579259, 0.024501308608],
      [0.0021735075026, 0.011944197059, 0.01828536294, 0.0119620069, 0.95548809524, 0.00014683035561],
      [0.084466214157, 3.4211858899e-05, 0.48424752546, 0.1276545514, 0.29122705633, 0.012370440794],
      [0.29083407173, 0.15272579746, 0.018901521739, 0.15832782727, 0.30197008184, 0.07724069996]
    ],
    [
      [0.14354213779, 0.37650957168, 0.00023711246643, 0.41868459983, 0.059885538756, 0.0011410394787],
      [0.01572022598, 0.050381441009, 0.014314524215, 0.86775799503, 0.0089910743715, 0.042834739394],
      [0.0060506824238, 0.020752131921, 0.015840258559, 0.021787507121, 0.93303623615, 0.0025331838236],
      [0.13271707731, 0.00020951265413, 0.38066428369, 0.23194031499, 0.22151572998, 0.032953081375],
      [0.34157222411, 0.14783178397, 0.0097473355171, 0.19508755779, 0.1554994306, 0.150261668]
    ],
    [
      [0.16088929249, 0.3733487869, 0.00037159500622, 0.37517568739, 0.089429743172, 0.00078489503398],
      [0.018515933192, 0.054523447917, 0.025693534952, 0.83994777229, 0.020096841862, 0.041222469789],
      [0.0036844218614, 0.011789749154, 0.015648873315, 0.014965879494, 0.95315414711, 0.00075692906856],
      [0.11202598683, 3.8462596355e-05, 0.42337741473, 0.15821600522, 0.28269366897, 0.023648461649],
      [0.32345554471, 0.13168677255, 0.013767459095, 0.16441196846, 0.24457771426, 0.12210054092]
    ],
    [
      [0, 0.64794151322, 0.00069524065029, 0.12669714829, 0.22378898333, 0.00087711450272],
      [0, 0.19019401033, 0.02787688732, 0.67646847576, 0.066291811084, 0.039168815502],
      [0, 0.005816866052, 0.0065071044237, 0.0033070837268, 0.97801412402, 0.0063548217794],
      [0, 0.0078368742097, 0.29314855013, 0.057344409081, 0.63044054239, 0.01122962419],
      [0, 0.30929570681, 0.0089166274005, 0.064896213924, 0.53859112199, 0.078300329885]
    ],
    [
      [0.19826513934, 0.39895082401, 0.00048519733222, 0.30127278564, 0.10021583501, 0.00081021866535],
      [0.025095218771, 0.067775730663, 0.042140762425, 0.78918043872, 0.028048824026, 0.047759025394],
      [0.0027053143116, 0.012020334896, 0.020273397251, 0.011128192247, 0.95272970196, 0.0011430593336],
      [0.11651329371, 0, 0.50218052254, 0.10152506026, 0.25991971643, 0.019861407057],
      [0.36564968704, 0.12692436077, 0.017625875226, 0.12233507633, 0.25714265578, 0.11032234486]
    ],
    [
      ["NaN", "NaN", "NaN", "NaN", "NaN", "NaN"],
      [0.022129158311, 0, 0.088976101892, 0.82386566051, 0.017162153341, 0.047866925948],
      [0.0014077268103, 0, 0.018465075513, 0.0045652686177, 0.97408759456, 0.0014743344988],
      [0.057086169403, 0, 0.56837151694, 0.067635789614, 0.29429472295, 0.012611801087],
      [0.32366865603, 0, 0.027787973298, 0.11327072582, 0.42778836439, 0.10748428046]
    ],
    [
      [0.072574378034, 0.73795636593, 0.00026091362012, 0.17114827381, 0.017562830401, 0.00049723820004],
      [0.013141716491, 0.14529129138, 0.040160955804, 0.74307202059, 0.015319826189, 0.043014189552],
      [0.0048862057689, 0.048620915259, 0.037818766321, 0.02228061297, 0.88439310747, 0.0020003922136],
      [0.06476262817, 0, 0.62866516909, 0.12651624646, 0.15787769105, 0.022178265231],
      [0.2089042825, 0.36812149208, 0.02087777549, 0.13643849892, 0.14050746551, 0.12515048551]
    ],
    [
      [0.062996074432, 0.4701552638, 0.00057308296267, 0.41134691252, 0.053576717728, 0.0013519485576],
      [0.0044008673301, 0.060053104172, 0.053847456493, 0.79413479372, 0.010706962129, 0.076856816151],
      [0.00088894579882, 0.023778999514, 0.060322053818, 0.026554170881, 0.8874355291, 0.0010203008843],
      [0.027996393056, 0.00016177873157, 0.70691070243, 0.11595796089, 0.11359647034, 0.03537669455],
      [0.13390061623, 0.17298455377, 0.036569808891, 0.19026552341, 0.15879009253, 0.30748940516]
    ],
    [
      [0.09288955155, 0.50526843031, 0.00075930985965, 0.34364781215, 0.056482951548, 0.00095194458693],
      [0.011587619056, 0.078773232605, 0.042932783671, 0.8043066456, 0.011598223964, 0.050801495103],
      [0.0038900933777, 0.028826064289, 0.039645764726, 0.018247954308, 0.90818089662, 0.001209226681],
      [0.059415381149, 0.00020105528503, 0.62545208482, 0.13148305706, 0.15821101214, 0.025237409541],
      [0.22497927187, 0.21234180023, 0.026578851886, 0.18263605715, 0.18206143718, 0.17140258169]
    ],
    [
      [0.038978509247, 0.71808357436, 0.00054387983751, 0.17821169974, 0.063793870177, 0.00038846663783],
      [0.005970915573, 0.1852004061, 0.04273120661, 0.70814633156, 0.0253142828, 0.032636857354],
      [0.0005277891414, 0.027566004682, 0.022226833072, 0.015895959579, 0.93312837206, 0.0006550414608],
      [0.03873947747, 0, 0.56845228453, 0.10702031661, 0.27051041131, 0.015277510071],
      [0.12193764891, 0.39044260114, 0.019575802023, 0.12101763542, 0.26275931317, 0.084266999336]
    ],
    [
      [0, 0.75692353587, 0.00030905286426, 0.22473726246, 0.017454756365, 0.00057539244797],
      [0, 0.13546740964, 0.029746983304, 0.77765139434, 0.017015042188, 0.040119170529],
      [0, 0.048457147077, 0.030985128978, 0.027017758911, 0.89141397269, 0.002125992344],
      [0, 0.010081917516, 0.59002490044, 0.17876913582, 0.19314504288, 0.027979003351],
      [0, 0.47526340761, 0.018873549442, 0.18803699923, 0.17014402755, 0.14768201616]
    ],
    [
      [0.067898483815, 0.49448968965, 0.00058091733166, 0.36453369485, 0.071940085838, 0.00055712851236],
      [0.0081853724441, 0.075324668491, 0.026863753692, 0.8433067015, 0.016633414675, 0.029686089198],
      [0.0023153817469, 0.024603473753, 0.02192878736, 0.016289827189, 0.93392860692, 0.00093392303468],
      [0.055175060161, 0.00037405518443, 0.50782350684, 0.1767635347, 0.24080734168, 0.019056501442],
      [0.19770944569, 0.24190004694, 0.018728900443, 0.20434163112, 0.21638802457, 0.12093195124]
    ],
    [
      [0.046838030533, 0.61906592054, 0.00050391306773, 0.29613096756, 0.037165814044, 0.00029535424818],
      [0.0053849191122, 0.10978066301, 0.031388803265, 0.8174001313, 0.010991475196, 0.025054008118],
      [0.0015490659022, 0.04961817701, 0.036031337878, 0.02604217569, 0.88641685802, 0.00034238549725],
      [0.046991991369, 0.00012974914992, 0.59204810202, 0.17902689482, 0.16494678668, 0.016856475957],
      [0.15310015014, 0.35112009301, 0.021554606224, 0.21097744726, 0.16195880583, 0.10128889754]
    ],
    [
      [0.047660430559, 0.57162805178, 0.00032494202747, 0.32557482059, 0.054064425878, 0.00074732917068],
      [0.0037327276953, 0.092994627057, 0.027890814104, 0.81891902602, 0.013652445659, 0.042810359463],
      [0.00096612031889, 0.032373630334, 0.024434599244, 0.015146283483, 0.92604987544, 0.0010294911755],
      [0.042246322152, 0.00021874872909, 0.53030728751, 0.17737915105, 0.22193499871, 0.027913491844],
      [0.13304701237, 0.2758326382, 0.018452760271, 0.20490640682, 0.20970301776, 0.15805816459]
    ],
    [
      [0.056978454819, 0.61460978031, 0.00035964153813, 0.25974877997, 0.068087812836, 0.00021553052737],
      [0.008595300534, 0.12159769665, 0.042204813887, 0.78552159807, 0.023508033665, 0.018572557203],
      [0.00060681013107, 0.022119636741, 0.021677913852, 0.010951611485, 0.94453035876, 0.0001136690334],
      [0.041699184568, 0.00016625701647, 0.55312598555, 0.11562761443, 0.27967933536, 0.0097016230763],
      [0.15523577342, 0.28597367887, 0.022635079109, 0.15487960243, 0.31708581172, 0.064190054449]
    ],
    [
      [0.1015402878, 0.5385140112, 0.00035195420554, 0.29712857048, 0.061662392854, 0.00080278346689],
      [0.013548785707, 0.090189781096, 0.040452519703, 0.78295861836, 0.024070359709, 0.048779935426],
      [0.0026856204899, 0.016606490758, 0.018926980917, 0.0075093329113, 0.95288922473, 0.0013823501918],
      [0.061819097707, 0.00014803054629, 0.51730664827, 0.10875958422, 0.29100785139, 0.020958787864],
      [0.21556437716, 0.19319350041, 0.019505822028, 0.13597836241, 0.30426055085, 0.13149738714]
    ],
    [
      [0.073395629543, 0.65969098143, 0.00023912515487, 0.24279150689, 0.0233917609, 0.00049099608751],
      [0.01080743419, 0.11772406966, 0.029811993814, 0.78907192181, 0.014474383606, 0.038110196922],
      [0.0034872518413, 0.040487959047, 0.027107752674, 0.019778486688, 0.90815518381, 0.00098336593959],
      [0.06900630492, 0.00015678048472, 0.53743111206, 0.1639837587, 0.2054037335, 0.024018310344],
      [0.19794709806, 0.31231994178, 0.017290445453, 0.17094250507, 0.17920661436, 0.12229339528]
    ],
    [
      [0.086224464864, 0.81693686501, 0.00035532570325, 0.06515482423, 0.031200860566, 0.00012765962175],
      [0.021498358693, 0.21164091559, 0.075609340384, 0.652222774, 0.026416586595, 0.012612024742],
      [0.0029504182826, 0.027289409601, 0.031801063964, 0.010620190534, 0.92727521218, 6.3705439239e-05],
      [0.053923706427, 8.1702972718e-05, 0.66906012807, 0.061963097907, 0.21121414348, 0.0037572211408],
      [0.22579299871, 0.37398244051, 0.029350210545, 0.090046233282, 0.24466942701, 0.036158689938]
    ],
    [
      [0.06481002481, 0.53189584223, 0.00037481875679, 0.33857172802, 0.063425380121, 0.00092220606164],
      [0.0062300731148, 0.080258878095, 0.036378216947, 0.80151368184, 0.020637692244, 0.05498145776],
      [0.00062940960832, 0.019552804594, 0.022559855251, 0.012686885287, 0.94377427155, 0.00079677371161],
      [0.041282572837, 0.00023063307058, 0.53541100852, 0.1365276025, 0.25809439707, 0.028453786],
      [0.14726246898, 0.20969569574, 0.0211063109, 0.17072833444, 0.26890796998, 0.18229921996]
    ],
    [
      [0.01652535227, 0.77300775503, 0.00060529481323, 0.17848665108, 0.030730839066, 0.00064410773606],
      [0.0014617711804, 0.18456753269, 0.032269850331, 0.72871893352, 0.021241362872, 0.031740549404],
      [0.00053180343442, 0.065909415581, 0.036254878669, 0.03634832927, 0.85854489854, 0.0024106745038],
      [0.029717478641, 0, 0.63939082758, 0.15545094534, 0.15422862658, 0.021212121857],
      [0.082120600586, 0.52528470573, 0.017588584764, 0.1489871613, 0.12824573215, 0.09777321547]
    ],
    [
      [0.086223569437, 0.52303930814, 0.00037227776693, 0.34791881605, 0.04184343227, 0.00060259632887],
      [0.010252187327, 0.079433726589, 0.039326264149, 0.82296080171, 0.013308314628, 0.034718705602],
      [0.0033022811094, 0.028728891332, 0.035630794923, 0.018788159973, 0.91286496287, 0.00068490979426],
      [0.05730615702, 0.00017574719284, 0.60718950959, 0.14358399354, 0.17324415257, 0.018500440085],
      [0.21890585652, 0.23043457255, 0.025864260827, 0.19842103729, 0.19968043835, 0.12669383447]
    ],
    [
      [0.058343932609, 0.72448705519, 0.00012065125698, 0.18206794433, 0.034790541646, 0.00018987496626],
      [0.013516505554, 0.1834878747, 0.019154378448, 0.74229021471, 0.017676821077, 0.023874205505],
      [0.0057463114413, 0.05159644842, 0.01739123705, 0.027893348554, 0.89705546189, 0.00031719264544],
      [0.10273214372, 0, 0.44585770367, 0.190039538, 0.24439426872, 0.016976345884],
      [0.20217838563, 0.43729093429, 0.0096031278868, 0.13597745318, 0.1476295209, 0.067320578117]
    ],
    [
      [0, 0.4925298609, 0.00054406473719, 0.42227906058, 0.082769258281, 0.0018777555022],
      [0, 0.052209139905, 0.011965211651, 0.83606177353, 0.0072800156893, 0.092483859225],
      [0, 0.0098921889178, 0.009536256001, 0.009205818754, 0.97090734516, 0.00045839116272],
      [0, 0.011804158135, 0.37392032656, 0.2234479175, 0.31600061697, 0.074826980835],
      [0, 0.15410867244, 0.0072775366124, 0.20530126437, 0.22119964005, 0.41211288653]
    ],
    [
      [0.12385712468, 0.33923425861, 0.000872757453, 0.41971930918, 0.11543438792, 0.00088216215884],
      [0.013552419319, 0.039096065453, 0.052124537117, 0.83189836873, 0.023193765658, 0.040134843723],
      [0.0027423769507, 0.0068361420249, 0.028462575065, 0.015079937339, 0.94610020003, 0.00077876859457],
      [0.051406447597, 6.3797363628e-06, 0.60454833758, 0.10701367002, 0.2211025135, 0.015922651562],
      [0.24641660893, 0.11664255501, 0.030411178993, 0.17044905685, 0.30392171559, 0.13215888463]
    ],
    [
      [0.082971230704, 0.41880074908, 0.00037743522772, 0.47605064323, 0.021214588353, 0.00058535339989],
      [0.0072718782266, 0.039312314125, 0.024136192215, 0.89434853047, 0.0079292901049, 0.02700179486],
      [0.0040829575433, 0.026136478518, 0.037495725673, 0.041243197151, 0.89002886659, 0.0010127745269],
      [0.05940728898, 0, 0.54619899445, 0.23105299206, 0.13998873533, 0.023351989184],
      [0.19698119187, 0.17168463178, 0.021437889525, 0.31793625344, 0.15339176403, 0.13856826935]
    ],
    [
      [0.18143380323, 0.34939685594, 0.00052740825399, 0.41776192737, 0.049769441997, 0.0011105631999],
      [0.015594037205, 0.030027624236, 0.032764277894, 0.82122386955, 0.02541641773, 0.074973773385],
      [0.006100087735, 0.0029803755372, 0.021978245244, 0.015717195963, 0.95263688317, 0.00058721235279],
      [0.071028884908, 0.00017818046666, 0.51448553755, 0.13294661851, 0.24368555025, 0.037675228312],
      [0.24331997335, 0.080816065371, 0.01892541351, 0.16850687685, 0.25775357672, 0.2306780942]
    ],
    [
      [0.09648401392, 0.57996793066, 0.00030442989431, 0.29142976707, 0.030813377286, 0.0010004811739],
      [0.015453246133, 0.096368259298, 0.050857868817, 0.75881887536, 0.006497587184, 0.072004163211],
      [0.0077509819131, 0.049934371114, 0.068792482256, 0.026355774375, 0.84604728635, 0.0011191039886],
      [0.060212872942, 0.00029525220588, 0.70845457251, 0.11005793805, 0.089196288881, 0.031783075411],
      [0.24025880715, 0.24171675238, 0.029219659687, 0.15268365218, 0.10278016544, 0.23334096316]
    ],
    [
      ["NaN", "NaN", "NaN", "NaN", "NaN", "NaN"],
      [0.045597989886, 0.040333161177, 0.034692640453, 0.77734816122, 0.0060825120121, 0.095945535253],
      [0.0043867990549, 0.0055145860722, 0.02361939637, 0.023791684667, 0.94159792254, 0.0010896112947],
      [0.13106295646, 2.780870921e-05, 0.47786835626, 0.12803240037, 0.19177607546, 0.071232402735],
      [0.33436729768, 0.057461968423, 0.012133910745, 0.1089926395, 0.13661891708, 0.35042526658]
    ],
    [
      [0.040720317813, 0.47852105352, 0.00052186466389, 0.4075621234, 0.072241269107, 0.00043337149689],
      [0.0040761909895, 0.06660881341, 0.017582313421, 0.87730232941, 0.013473104001, 0.020957248771],
      [0.00084592391808, 0.030680783732, 0.02027935804, 0.021841554163, 0.9252380374, 0.0011143427447],
      [0.041867171117, 0.00036023047561, 0.47334940014, 0.2414458878, 0.22483187575, 0.018145434718],
      [0.14357195766, 0.27453922053, 0.015668520095, 0.27212104716, 0.18302360571, 0.11107564885]
    ],
    [
      [0.21806068975, 0.39411201393, 0.00071700915891, 0.31016919999, 0.075709935437, 0.0012311517447],
      [0.027339282702, 0.066231582853, 0.035108500477, 0.7732593394, 0.017293066181, 0.08076822839],
      [0.0026695593146, 0.01645073854, 0.025130985469, 0.016735776451, 0.93835365335, 0.00065928687704],
      [0.14225418042, 0.00010568333106, 0.48241945801, 0.12239130225, 0.21180514207, 0.041024233911],
      [0.38907113093, 0.12029763966, 0.014253982003, 0.1153369344, 0.15996913822, 0.2010711748]
    ],
    [
      ["NaN", "NaN", "NaN", "NaN", "NaN", "NaN"],
      [0, 0.043017234271, 0.033900119178, 0.75516570524, 0.024948384914, 0.1429685564],
      [0, 0.0066029050101, 0.004128038437, 0.036666607752, 0.95011409886, 0.0024883499357],
      [0, 0.0081174163627, 0.26327684219, 0.22223758723, 0.15155550914, 0.35481264508],
      [0, 0.047932565984, 0.0053086278, 0.14199870504, 0.058702224436, 0.74605787674]
    ],
    [
      [0.08650498279, 0.42062094628, 0.0035896690733, 0.32295387564, 0.16418514705, 0.0021453791655],
      [0.010169352083, 0.061379844754, 0.068515724706, 0.70849052, 0.038001272955, 0.1134432855],
      [0.00044501156027, 0.0032984447692, 0.021715268921, 0.014516212374, 0.95938170447, 0.00064335790888],
      [0.031042057779, 0.00069858319926, 0.6172319085, 0.062291953827, 0.25784779528, 0.030887701414],
      [0.1371419428, 0.1057029459, 0.025937640076, 0.09735811926, 0.32383028357, 0.31002906839]
    ],
    [
      [0.23567055477, 0.3822776603, 0.00032543488041, 0.28925801932, 0.092143033383, 0.00032529735152],
      [0.023248119897, 0.080397847724, 0.02539388572, 0.81862116133, 0.025979744216, 0.026359241111],
      [0.0022182201395, 0.0097487905332, 0.012426416782, 0.014526605677, 0.96092759728, 0.0001523695878],
      [0.17920582354, 0.00015913688076, 0.36357628321, 0.13348184763, 0.30973976243, 0.013837146318],
      [0.44865065921, 0.12628928487, 0.010119622028, 0.11972611111, 0.23356756494, 0.061646757842]
    ],
    [
      [0.097595989576, 0.45247584728, 0.0041997587068, 0.37823398287, 0.064768545492, 0.0027258760807],
      [0.021217826974, 0.070007064916, 0.021252546154, 0.77820129077, 0.012096445863, 0.097224825322],
      [0.0019412470528, 0.021118587795, 0.023289237017, 0.034267193105, 0.91775096386, 0.0016327711753],
      [0.10349198556, 0.0020419552679, 0.46523798929, 0.16801168711, 0.17298632331, 0.088230059464],
      [0.1894087665, 0.13720828701, 0.012352806096, 0.16502656961, 0.12562485736, 0.37037871342]
    ],
    [
      [0.13514924484, 0.29017737875, 0.0025581117746, 0.47185630687, 0.10025895777, 0],
      [0.017237214113, 0.026892417803, 0.02580759687, 0.92158512718, 0.0084776440388, 0],
      [0.006786743956, 0.0046538404727, 0.018707381534, 0.011335767395, 0.95851626664, 0],
      [0.067302761253, 3.9367329757e-05, 0.56312904902, 0.15094070368, 0.21858811872, 0],
      ["NaN", "NaN", "NaN", "NaN", "NaN", "NaN"]
    ],
    [
      [0.083248987146, 0.51464118903, 0.0007032554459, 0.3366968651, 0.063916228638, 0.00079347464253],
      [0.010639043897, 0.081881733166, 0.038402182795, 0.81445744308, 0.013029382421, 0.04159021464],
      [0.0031516614441, 0.025887842418, 0.030548875939, 0.014347825559, 0.92459510761, 0.001468687027],
      [0.057174841039, 0.00034005011373, 0.58995591157, 0.13773931857, 0.19346300465, 0.021326874055],
      [0.21171171032, 0.22237903047, 0.023829614197, 0.18586628397, 0.21553705121, 0.14067630983]
    ],
    [
      [0.075460513036, 0.38336366973, 0.00093389171083, 0.44493239959, 0.094055506857, 0.0012540190828],
      [0.0066443633977, 0.045455477003, 0.04006388619, 0.83643875003, 0.017460948164, 0.053936575211],
      [0.0010582333245, 0.011133672131, 0.028960085263, 0.016628912826, 0.94092265478, 0.0012964416705],
      [0.038243741594, 4.6672529784e-05, 0.58118551122, 0.13875992341, 0.21470822508, 0.02705592617],
      [0.17220166562, 0.14997535941, 0.026827979054, 0.19408205689, 0.23963298538, 0.21727995365]
    ],
    [
      [0.26280001003, 0.33338395771, 0.00043644383866, 0.25056357523, 0.15262973829, 0.00018627489502],
      [0.03497858725, 0.073023114885, 0.031562685973, 0.8027404276, 0.041304657221, 0.016390527071],
      [0.0015950749383, 0.0032320663165, 0.0076672601618, 0.0075914856514, 0.97985879196, 5.5320968215e-05],
      [0.16480519523, 2.2476180355e-05, 0.33781168058, 0.09350901323, 0.39654384569, 0.0073077891002],
      [0.4470413013, 0.092484670114, 0.0094999180453, 0.089688923432, 0.32721441298, 0.034070774121]
    ],
    [
      [0.16047485699, 0.42218654791, 0.00021500827657, 0.27167681108, 0.14488822627, 0.00055854946714],
      [0.024111389757, 0.078495843964, 0.021394828346, 0.79807600727, 0.041766421322, 0.036155509342],
      [0.0038837519121, 0.0085528851533, 0.0039554117303, 0.0068722634225, 0.97563011936, 0.0011055684236],
      [0.12091385957, 0, 0.31527421178, 0.11776996582, 0.42914362148, 0.016898341344],
      [0.300442103, 0.13233750561, 0.0085122633154, 0.10997784052, 0.37316121694, 0.07556907062]
    ],
    [
      ["NaN", "NaN", "NaN", "NaN", "NaN", "NaN"],
      [0.029941967017, 0.11894193673, 0.0365899214, 0.72805055476, 0.054340661241, 0.032134958848],
      [0.0052405847514, 0.0042859643231, 0.0064079829319, 0.0014526352389, 0.98188512792, 0.00072770483146],
      [0.083936138237, 0.0099896253112, 0.35030163079, 0.054699026677, 0.49143825778, 0.0096353211985],
      [0.25433072184, 0.13627313419, 0.010826944656, 0.070515203029, 0.47628088163, 0.051773114654]
    ],
    [
      [0.10990039934, 0.47500815793, 0.0005625620483, 0.35131417405, 0.062253118461, 0.00096158817612],
      [0.012544815097, 0.068717227381, 0.058597622083, 0.78812495133, 0.021438909158, 0.050576474946],
      [0.0020041777258, 0.011523627743, 0.026947221165, 0.0086845798976, 0.94985235621, 0.00098803726007],
      [0.047202237624, 2.2011577269e-05, 0.60902496379, 0.091200725696, 0.23442208976, 0.018127971555],
      [0.21064074833, 0.15649973214, 0.029760581239, 0.14588757298, 0.31267775491, 0.14453361041]
    ],
    [
      ["NaN", "NaN", "NaN", "NaN", "NaN", "NaN"],
      [0.0041208379534, 0.093168610838, 0.031712335811, 0.83188198526, 0.025026681428, 0.014089548711],
      [0.00025055834949, 0.013124706052, 0.013913516418, 0.0079483864622, 0.96469547169, 6.7361026985e-05],
      [0.026337022765, 0.00044309043168, 0.47369027106, 0.12868857222, 0.36276840636, 0.0080726371737],
      [0.10875074538, 0.22466343247, 0.018744271551, 0.17791204399, 0.41286069126, 0.057068815345]
    ],
    [
      [0.10129678891, 0.57616059531, 0.0006239120327, 0.19305282143, 0.12804753061, 0.00081835170224],
      [0.019697789264, 0.13295182332, 0.048783241252, 0.70007424026, 0.032635237705, 0.065857668203],
      [0.0028257288348, 0.016092223989, 0.015332026698, 0.0025472040286, 0.96176759336, 0.0014352230886],
      [0.066679378955, 0.00014924617503, 0.49037927168, 0.075500173657, 0.34512926592, 0.022162663613],
      [0.21953773381, 0.2094246397, 0.017243871091, 0.088994306098, 0.33379317607, 0.13100627323]
    ],
    [
      [0.13073192922, 0.6669475908, 0.00033605916657, 0.14619394715, 0.055142979546, 0.00064749411916],
      [0.029098672626, 0.18527814314, 0.054074702012, 0.64310019124, 0.029473995286, 0.058974295698],
      [0.0048553550935, 0.025023605733, 0.022772813902, 0.0063660926791, 0.9390619632, 0.0019201693897],
      [0.10469577756, 0.00014151569651, 0.54379271945, 0.071425069649, 0.25981306956, 0.020131848083],
      [0.30745403637, 0.26668664583, 0.017360122829, 0.074952845826, 0.22900799935, 0.1045383498]
    ],
    [
      [0.04935452782, 0.22133606617, 0.00094867725188, 0.7047595977, 0.023601131064, 0],
      [0.0061941483211, 0.019660467004, 0.0094052858183, 0.9629700279, 0.0017700709574, 0],
      [0.0067549237429, 0.01403930281, 0.020150645784, 0.026360683807, 0.93269444386, 0],
      [0.05958562405, 0.00014451200533, 0.44050271206, 0.30620919857, 0.19355795331, 0],
      [0.26913507307, 0.12937448924, 0.01299869198, 0.38547107645, 0.20302066926, 0]
    ],
    [
      ["NaN", "NaN", "NaN", "NaN", "NaN", "NaN"],
      [0.0084328036964, 0, 0.0082792186463, 0.90243914197, 5.844414037e-05, 0.08079039155],
      [0.14424808606, 0, 0.150956428, 0.20408550477, 0.49073723947, 0.0099727417035],
      [0.13458008604, 0, 0.52421504136, 0.26226371691, 0.010368764742, 0.068572390937],
      [0.4082676679, 0, 0.0082877297188, 0.28078243421, 0.0069878735165, 0.29567429465]
    ],
    [
      [0.0567870949, 0.41739191275, 0.0027936414071, 0.33822755422, 0.18185302214, 0.0029467745807],
      [0.0082939586351, 0.063552003985, 0.026016069344, 0.81686598771, 0.030351772146, 0.054920208176],
      [0.0018755417557, 0.017243664181, 0.016354323852, 0.053223309626, 0.90966404901, 0.0016391115804],
      [0.042424090082, 0.0018561721119, 0.47361061634, 0.17073903713, 0.27630205927, 0.035068025067],
      [0.18497604384, 0.21783901187, 0.015549912707, 0.089893203549, 0.23409985692, 0.25764197111]
    ],
    [
      [0.095478891355, 0.51143414757, 0.0013372229231, 0.2831292687, 0.10726373746, 0.0013567320025],
      [0.017137080061, 0.082218823007, 0.057695836299, 0.72959637921, 0.019243246281, 0.094108635139],
      [0.0022909348928, 0.019439987409, 0.032907916451, 0.010412715507, 0.9343633765, 0.00058506923735],
      [0.048750522697, 0.00021198618517, 0.6801494186, 0.079219507375, 0.15668983201, 0.034978733129],
      [0.22887686737, 0.1933825342, 0.028829561111, 0.11732961043, 0.13037619133, 0.30120523555]
    ],
    [
      [0, 0.64752404404, 0.00032872223304, 0.34001201141, 0.012064854799, 7.0367513223e-05],
      [0, 0.074331146869, 0.016485402094, 0.82926739964, 0.0019494580372, 0.077966593363],
      [0, 0.071746249151, 0.02880731374, 0.059323931288, 0.83755291914, 0.0025695866834],
      [0, 0.016719892517, 0.47774393874, 0.29315192703, 0.10552469493, 0.10685954678],
      [0, 0.27208496002, 0.0101239861, 0.27879926842, 0.0594040869, 0.37958769855]
    ],
    [
      [0.047235523961, 0.48598373518, 0.00044311969025, 0.39999584587, 0.06498353485, 0.0013582404461],
      [0.0017600972344, 0.066393766369, 0.033674455548, 0.81116139745, 0.015135952068, 0.071874331328],
      [0.00045633463405, 0.016810775786, 0.027465045074, 0.017473030794, 0.93712703923, 0.00066777448405],
      [0.025738875112, 0.0035887602842, 0.56737713205, 0.14882283469, 0.21171164825, 0.042760749622],
      [0.10239333451, 0.17655911974, 0.021722659784, 0.19143903475, 0.23494239065, 0.27294346057]
    ],
    [
      [0.12873580137, 0.79658763181, 0.0003006985819, 0.040359905528, 0.03367739651, 0.00033856620394],
      [0.03528881351, 0.27176917507, 0.056805118572, 0.55290530389, 0.037663052956, 0.045568536004],
      [0.0062804308682, 0.012111818594, 0.018758994377, 0.01008426477, 0.95001100754, 0.0027534838534],
      [0.099494406779, 0.00048088093664, 0.50389306308, 0.053886633346, 0.32872744134, 0.013517574525],
      [0.28104068697, 0.32067243635, 0.014850587868, 0.051920754846, 0.2676632725, 0.063852261464]
    ],
    [
      [0.45180605161, 0.36143108766, 0.00031073567291, 0.15944286509, 0.026701449971, 0.00030780999691],
      [0.028985919835, 0.035803358056, 0.028754653152, 0.79280725273, 0.012168243336, 0.10148057289],
      [0.0046692921209, 0.0071414107829, 0.026458964102, 0.028052775018, 0.93259561901, 0.0010819389655],
      [0.22501586144, 5.9486885117e-05, 0.40579471061, 0.14471610215, 0.16571934294, 0.058694495966],
      [0.48862856942, 0.057672127722, 0.0097980862223, 0.11253366315, 0.10491053776, 0.22645701572]
    ],
    [
      [0.069000204521, 0.40765855861, 0.00082382645278, 0.17706766441, 0.34450790848, 0.00094183752019],
      [0.011521457917, 0.076869672734, 0.090351932492, 0.63567749992, 0.10954355843, 0.076035878509],
      [0.0001959052802, 0.0014952009156, 0.0039126785888, 0.00075759970304, 0.99140769427, 0.0022309212425],
      [0.02576412857, 2.3550493265e-05, 0.39815794671, 0.040183427262, 0.52156556686, 0.014305380104],
      [0.10598124511, 0.10184409402, 0.016523852152, 0.059036422738, 0.61124458096, 0.10536980502]
    ],
    [
      [0, 0.65965553594, 6.9040070547e-05, 0.25260228358, 0.072779570235, 0.01489357018],
      [0, 0.11464089014, 0.0011624159231, 0.82066492442, 0.024164601108, 0.039367168409],
      [0, 0.019122284715, 0.00066944582778, 0.051475916288, 0.92422253983, 0.0045098133396],
      [0, 0.025148254259, 0.19455506813, 0.15086779591, 0.59118320813, 0.038245673572],
      ["NaN", "NaN", "NaN", "NaN", "NaN", "NaN"]
    ],
    [
      [0.097258407882, 0.4718527192, 0.00038882547194, 0.40913441757, 0.020327159938, 0.0010384699392],
      [0.010454372716, 0.059290158296, 0.031372751683, 0.85033108004, 0.0017565721214, 0.04679506514],
      [0.011590582839, 0.040891357971, 0.057129980063, 0.032117393748, 0.85406089579, 0.0042097895896],
      [0.068521673913, 0.00062281807703, 0.64024234913, 0.17187300723, 0.09029003209, 0.028450119559],
