{
  "Z_true": {},
  "V_true": [
    [854, 32, 593, 25],
    [138, 669, 449, 170],
    [266, 5806, 757, 324],
    [1236, 202, 17952, 358],
    [212, 630, 720, 223],
    [347, 210, 573, 216]
  ],
  "p_true": [
    [0.5678, 0.0213, 0.3943, 0.0166],
    [0.0968, 0.4691, 0.3149, 0.1192],
    [0.0372, 0.8117, 0.1058, 0.0453],
    [0.0626, 0.0102, 0.9091, 0.0181],
    [0.1188, 0.3529, 0.4034, 0.1249],
    [0.2578, 0.156, 0.4257, 0.1605]
  ],
  "Z_est": [
    [
      [43.4008, 21.9787, 44.3031, 65.7676, 8.2883, 30.3857, 34.7139, 11.4453, 11.6775, 37.6215, 41.7636, 39.4497, 6.4623, 2.8081, 1.2029, 10.4322, 26.5867, 24.5538, 14.6647, 2.9423, 0.6203, 50.6237, 20.4629, 0, 2.0549, 0, 0, 1.7954, 3.487, 0, 14.689, 12.7486, 0, 259.2122, 23.963, 52.1815, 6.1298],
      [0.2314, 0.3135, 0.3178, 0, 0.0904, 0.1683, 0.1742, 0.2083, 0.2043, 0.2376, 0.3074, 0.152, 0.0603, 0.0211, 0.0092, 0.0283, 0, 0.2677, 0.128, 0.0202, 0.0119, 0.0307, 0.1433, 0, 0.0088, 0, 0, 0.0135, 0.0253, 0, 0.2156, 0.1217, 0, 2.3249, 0.1863, 0.5581, 0.1677],
      [19.206, 16.7779, 25.1393, 26.6519, 9.1141, 18.6535, 20.0298, 8.8427, 11.4678, 21.2951, 23.8967, 20.0019, 3.3122, 1.0953, 0.7633, 4.3132, 12.9459, 19.0797, 5.9233, 1.8655, 0.3394, 18.2378, 8.8967, 0, 0.8779, 0, 0, 1.1127, 2.4878, 0, 10.4862, 7.7511, 0, 165.8948, 14.9452, 32.2731, 6.3733],
      [1.1618, 0.9299, 1.2399, 1.5805, 0.5072, 0.7926, 1.0821, 0.5037, 0.6503, 0.8458, 1.0323, 1.3963, 0.1651, 0.0755, 0.0245, 0.2263, 0.4674, 1.0989, 0.2839, 0.172, 0.0284, 1.1078, 0.4972, 0, 0.0585, 0, 0, 0.0784, 0, 0, 0.6092, 0.3785, 0, 8.568, 0.9054, 1.9873, 0.3291]
    ],
    [
      [1.2547, 0.7735, 2.0626, 2.4153, 0.2166, 1.0775, 0.5948, 0.3768, 0.4696, 1.9432, 1.4992, 0.9345, 0.4376, 0.2068, 0.1503, 0.349, 1.3811, 1.1942, 0.7293, 0.1247, 0.0129, 2.2928, 1.1946, 0, 0.0262, 0.0499, 0, 0.1535, 0, 0, 0.7467, 0.6446, 0.0754, 7.2051, 1.0474, 2.6679, 0.3935],
      [10.9746, 13.9425, 22.9935, 14.5576, 4.3151, 12.3865, 6.5826, 7.4241, 11.4422, 20.3928, 17.0982, 8.3229, 5.6514, 2.1789, 1.8321, 2.7181, 11.2357, 19.2717, 6.8476, 1.4671, 0.2738, 12.6632, 11.3245, 0, 0.2514, 0.2534, 1, 1.9657, 0, 0.2882, 13.58, 8.62, 0.2126, 93.1656, 12.9442, 35.6082, 15.2204],
      [15.184, 17.2017, 32.7516, 25.6143, 7.0241, 18.5839, 9.6101, 8.5243, 14.0712, 30.7869, 24.0647, 13.1342, 6.4692, 2.3623, 2.7614, 3.9978, 17.8394, 27.1133, 8.0507, 2.33, 0.2986, 22.2677, 14.4003, 0, 0.3634, 0.4152, 0, 2.9115, 0, 0.3578, 15.9338, 11.1663, 0.712, 129.8682, 18.5826, 47.1354, 14.1334],
      [12.5867, 13.0823, 22.1922, 21.4128, 5.4443, 10.9521, 7.2124, 6.6749, 11.0171, 16.8771, 14.3379, 12.6085, 4.4418, 2.2521, 1.2562, 2.935, 9.5438, 21.4208, 5.3723, 3.0782, 0.4148, 18.7762, 11.0807, 0, 0.3589, 0.2815, 0, 2.9693, 0, 0.3541, 12.7396, 7.5691, 0, 91.7611, 15.4258, 39.5885, 10.2527]
    ],
    [
      [1.3915, 0.0585, 3.2876, 27.0567, 3.6837, 9.6898, 2.9332, 0, 0.0565, 11.313, 1.3807, 18.4882, 0, 0, 2.6808, 6.2296, 10.2575, 0.2925, 0.178, 0.6683, 0, 27.1011, 0.4883, 0, 0.4754, 1.7133, 0, 0.1834, 0.1303, 2.7173e-32, 0.0206, 0.2423, 1.2846, 6.9429, 1.0316, 0, 0],
      [99.0991, 110.0231, 307.688, 124.6515, 74.9544, 286.9994, 131.0312, 381.8031, 46.3919, 174.2818, 234.709, 224.9972, 476.1243, 242.8461, 54.5872, 91.354, 92.3615, 111.3604, 39.104, 16.3667, 12.1022, 108.2493, 71.5313, 60.5827, 37.3498, 90.7932, 11, 16.4254, 11.7569, 5.837, 54.0741, 58.796, 0.6914, 1860.4704, 287.6618, 554.0815, 36.5634],
      [0, 0, 0.9526, 0.9141, 0.8013, 3.5647, 0.7509, 0, 0.013, 0.7141, 0.6914, 1.5154, 0, 0, 0.5981, 0.5658, 0.9973, 0.2622, 0, 0.0558, 0, 0.4317, 0, 0, 0.3, 1.7374, 0, 0.0645, 0.1129, 0, 0, 0.0514, 0.024, 4.1815, 1.4944, 0, 0],
      [6.5094, 5.9184, 17.0718, 12.3777, 5.5605, 14.7461, 8.2846, 20.1969, 2.5386, 8.6911, 11.2189, 20.9993, 20.8757, 14.1539, 2.1338, 5.8506, 4.3837, 7.0849, 1.718, 1.9092, 0.8978, 11.2179, 3.9804, 7.4173, 2.8748, 5.7561, 0, 1.3268, 0, 0.163, 2.9053, 2.9103, 0, 105.4052, 19.8122, 35.9185, 1.4366]
    ],
    [
      [49.9999, 23.4843, 81.1728, 53.1544, 3.6586, 27.6042, 19.9187, 7.9561, 9.9473, 73.5328, 65.7847, 53.637, 3.999, 4.2033, 6.2826, 16.5288, 17.3746, 26.9338, 17.9582, 5.0941, 0, 85.5912, 43.6412, 0, 0.5583, 0.7799, 0, 3.2541, 1.0317, 6.2624e-16, 14.429, 23.1743, 0.5007, 310.3882, 21.8875, 60.0646, 4.8699],
      [0, 14.9256, 0, 0, 0, 0, 0, 34.7408, 8.4013, 0, 0, 0, 10.3922, 6.6275, 0, 0, 0, 4.6502, 3.2086, 0, 1.1366, 0, 4.8425, 1.163, 0.0066, 0.0086, 0, 0, 0, 0.4456, 9.8243, 4.8286, 0, 31.2818, 0.2149, 20.4789, 14.7223],
      [492.649, 553.6967, 1203.6208, 629.1739, 298.8183, 577.7327, 325.044, 241.0454, 350.6773, 1217.4421, 977.3469, 830.2566, 45.427, 29.9971, 155.6815, 188.9213, 280.6254, 634.4383, 160.3909, 101.8161, 4.8246, 808.8298, 447.4321, 9.7664, 7.4018, 6.1922, 0, 62.3346, 35.9683, 10.4634, 316.6328, 382.7493, 15.4993, 5405.2177, 368.1009, 993.4459, 205.8814],
      [2.3511, 2.8935, 3.2065, 0.6717, 0.5232, 0.6632, 1.0373, 1.2577, 1.9742, 1.0251, 1.8683, 4.1064, 0.1818, 0.172, 0.0359, 0.5499, 0, 2.9778, 0.4423, 1.0898, 0.0388, 1.579, 2.0842, 0.0705, 0.0334, 0.0194, 0, 0.4113, 0, 0.091, 2.1139, 1.2478, 0, 18.1123, 1.7968, 6.0105, 1.5264]
    ],
    [
      [3.3511, 3.1144, 5.6265, 5.611, 0.8064, 2.8098, 1.8835, 1.4797, 0.9888, 5.2286, 3.1505, 3.9384, 2.109, 2.1196, 0.4095, 0.7473, 2.6318, 3.0135, 2.4938, 0.336, 0.0404, 6.9495, 2.9919, 0.0442, 0.1337, 0.7033, 0, 0.1517, 0.2735, 0, 1.2446, 0.911, 0.1393, 32.7286, 2.5213, 5.9235, 0.4581],
      [8.065, 15.0814, 16.9842, 9.4456, 4.2535, 8.7163, 5.6361, 7.865, 6.1706, 14.8421, 9.7247, 9.4792, 7.3887, 6.1152, 1.3426, 1.5958, 5.9894, 12.8601, 6.4762, 1.0566, 0.2058, 10.5038, 7.7557, 0.7866, 0.3429, 0.937, 0, 0.5132, 1.137, 0.4293, 5.8461, 3.2732, 0.096, 114.4296, 8.3784, 21.1574, 3.9333],
      [24.4936, 40.5081, 53.0318, 36.6951, 15.2486, 28.7182, 18.0781, 19.5484, 16.6579, 49.1669, 29.9907, 32.9563, 18.4542, 14.3249, 4.451, 5.1563, 20.9161, 39.6279, 16.6291, 3.6995, 0.5062, 40.8152, 21.6288, 2.6362, 1.1093, 3.4557, 0, 1.6722, 3.5895, 1.1788, 15.1164, 9.3099, 0.7647, 349.1429, 26.3632, 61.3478, 8.2701],
      [8.0902, 12.2961, 14.3574, 12.2483, 4.6915, 6.7558, 5.4023, 6.1069, 5.1826, 10.7624, 7.1341, 12.6261, 5.0482, 5.4403, 0.7969, 1.5006, 4.4627, 12.4985, 4.4009, 1.9079, 0.2477, 13.7315, 6.6236, 1.533, 0.4141, 0.904, 0, 0.6628, 0, 0.3919, 4.7929, 2.5059, 0, 98.699, 8.7372, 20.5713, 2.3385]
    ],
    [
      [24.6019, 13.5906, 63.5474, 21.995, 7.3464, 23.433, 18.9558, 14.7421, 5.8604, 42.3609, 35.4213, 46.5523, 9.9922, 6.6623, 7.274, 17.7131, 22.7683, 13.0122, 7.976, 2.8346, 1.3264, 41.4417, 14.2211, 0.9558, 1.7516, 0.7537, 0, 2.4619, 2.0776, 0, 8.8701, 9.2793, 0, 141.5231, 17.5492, 52.1624, 4.1487],
      [0.6299, 0.7139, 2.0165, 0.3453, 0.3866, 0.7295, 0.5758, 0.9587, 0.3897, 1.2456, 1.1606, 1.0487, 0.3831, 0.2111, 0.2289, 0.3038, 0.4135, 0.5899, 0.2355, 0.0894, 0.2698, 0.553, 0.4027, 0.4677, 0.0405, 0.0078, 0, 0.0823, 0.0809, 0, 0.4601, 0.3605, 0, 5.3278, 0.6145, 2.1159, 0.3928],
      [13.4674, 12.8157, 44.5039, 10.9507, 9.9936, 17.7472, 13.4871, 14.0392, 7.1128, 29.5949, 25.0096, 29.1357, 6.3374, 3.2204, 5.7446, 9.0457, 13.6759, 12.4787, 4.0059, 2.2331, 1.0312, 18.4178, 7.6422, 4.5974, 0.9477, 0.1994, 0, 1.9044, 1.8415, 0, 7.8308, 6.972, 0, 111.6948, 13.5137, 39.7978, 5.3417],
      [3.3008, 2.8798, 8.9322, 2.7091, 2.2734, 3.0903, 2.9813, 3.26, 1.6371, 4.7985, 4.4085, 8.2633, 1.2874, 0.9062, 0.7525, 1.9375, 2.1423, 2.9192, 0.7825, 0.8429, 0.3726, 4.5876, 1.734, 1.9792, 0.2603, 0.039, 0, 0.5514, 0, 0, 1.8391, 1.3882, 0, 23.4543, 3.3226, 9.9239, 1.1168]
    ]
  ],
  "V_est": [
    [928.417, 6.7477, 540.0513, 28.7839],
    [34.7016, 409.0065, 566.0211, 416.2708],
    [139.2598, 6598.7003, 20.7944, 394.2455],
    [1138.3956, 171.8997, 18375.5418, 62.1629],
    [107.0638, 338.8136, 1035.2596, 303.8631],
    [705.1621, 23.8322, 506.3318, 110.6738]
  ],
  "p_est": [
    [0.6173, 0.0045, 0.3591, 0.0191],
    [0.0243, 0.2868, 0.3969, 0.2919],
    [0.0195, 0.9225, 0.0029, 0.0551],
    [0.0576, 0.0087, 0.9305, 0.0031],
    [0.06, 0.1898, 0.58, 0.1702],
    [0.5239, 0.0177, 0.3762, 0.0822]
  ],
  "EI_Z": {},
  "EI_V": 7.5307,
  "MAE_Z": {},
  "MAE_V": 206.8554,
  "MAE_p": 0.0781,
  "runtime": 0.004
}
