{
  "X": [
    [124, 119, 565, 34],
    [63, 155, 641, 38],
    [200, 350, 1360, 67],
    [176, 149, 730, 51],
    [24, 84, 341, 19],
    [95, 309, 665, 37],
    [79, 144, 387, 26],
    [36, 433, 292, 38],
    [29, 73, 400, 23],
    [172, 211, 1349, 43],
    [149, 263, 1081, 40],
    [163, 244, 927, 60],
    [23, 500, 80, 32],
    [16, 258, 51, 23],
    [18, 58, 170, 5],
    [52, 96, 212, 13],
    [81, 110, 347, 21],
    [69, 149, 733, 48],
    [44, 56, 195, 13],
    [12, 19, 112, 9],
    [2, 14, 7, 2],
    [214, 132, 909, 51],
    [83, 96, 500, 26],
    [1, 63, 17, 11],
    [5, 38, 11, 4],
    [4, 92, 12, 7],
    [0, 12, 0, 0],
    [8, 19, 70, 6],
    [7, 13, 44, 0],
    [0, 7, 12, 1],
    [40, 84, 366, 25],
    [47, 76, 418, 16],
    [2, 1, 17, 0],
    [758, 2107, 6166, 346],
    [68, 310, 443, 50],
    [173, 634, 1174, 114],
    [16, 71, 240, 17]
  ],
  "W": [
    [64, 40, 107, 545, 44, 42],
    [40, 45, 116, 595, 71, 30],
    [71, 80, 329, 1288, 90, 119],
    [94, 64, 165, 683, 64, 36],
    [18, 17, 85, 303, 25, 20],
    [50, 43, 315, 606, 47, 45],
    [56, 24, 143, 346, 31, 36],
    [21, 23, 402, 285, 35, 33],
    [24, 37, 49, 371, 29, 15],
    [60, 70, 195, 1292, 80, 78],
    [67, 57, 248, 1045, 50, 66],
    [61, 35, 266, 888, 59, 85],
    [10, 17, 497, 60, 33, 18],
    [4, 7, 257, 41, 28, 11],
    [2, 6, 60, 162, 7, 14],
    [15, 10, 104, 206, 9, 29],
    [40, 40, 108, 298, 34, 39],
    [45, 69, 119, 669, 68, 29],
    [21, 21, 41, 182, 30, 13],
    [5, 7, 19, 108, 7, 6],
    [1, 1, 13, 6, 1, 3],
    [70, 56, 147, 896, 72, 65],
    [30, 38, 76, 498, 39, 24],
    [0, 0, 68, 11, 5, 8],
    [3, 1, 41, 8, 2, 3],
    [0, 1, 100, 7, 6, 1],
    [0, 1, 11, 0, 0, 0],
    [3, 8, 18, 66, 3, 5],
    [6, 0, 12, 37, 5, 4],
    [0, 1, 6, 11, 2, 0],
    [26, 43, 57, 343, 27, 19],
    [21, 28, 62, 412, 16, 18],
    [0, 1, 2, 16, 1, 0],
    [436, 322, 1977, 5765, 595, 282],
    [40, 48, 310, 392, 46, 35],
    [87, 125, 590, 1080, 109, 104],
    [13, 40, 38, 227, 15, 11]
  ],
  "method": "mult",
  "cond_prob": [
    [
      [0.67813772467, 0.0036160711034, 0.30009312365, 0.018153080575],
      [0.03136797033, 0.27436496041, 0.37960053247, 0.31466653679],
      [0.013004700134, 0.92615970296, 0, 0.060835596901],
      [0.091742896866, 0, 0.90394319026, 0.0043139128775],
      [0.076162482555, 0.18329566182, 0.55667300019, 0.18386885544],
      [0.58576037784, 0.014997040375, 0.32065162118, 0.078590960605]
    ],
    [
      [0.5494671708, 0.0078378618712, 0.4194472249, 0.023247742427],
      [0.017188437999, 0.30983388331, 0.38225918446, 0.29071849423],
      [0.00050413299224, 0.94847494359, 0, 0.051020923421],
      [0.039469353376, 0.025084995897, 0.93058266295, 0.0048629877767],
      [0.04386549008, 0.21241353805, 0.57053675323, 0.17318421864],
      [0.45302129922, 0.023797785331, 0.42718845894, 0.09599245651]
    ],
    [
      [0.62398662862, 0.0044761021942, 0.35407443859, 0.017462830601],
      [0.025782175635, 0.28741931372, 0.40939548149, 0.27740302915],
      [0.0099928352761, 0.93522184247, 0.0028954359112, 0.051889886342],
      [0.06302232521, 0, 0.934488168, 0.0024895067923],
      [0.06251718892, 0.18871292854, 0.58924277575, 0.15952710679],
      [0.53401202217, 0.016945394164, 0.37398208175, 0.075060501921]
    ],
    [
      [0.69965515389, 0, 0.28353102431, 0.0168138218],
      [0.037738700899, 0.22746269091, 0.40022363667, 0.33457497152],
      [0.16398007836, 0.75546378346, 0.0055398488035, 0.07501628938],
      [0.077824956023, 0, 0.92119162461, 0.00098341936798],
      [0.087671552308, 0.14758749782, 0.57336161276, 0.19137933711],
      [0.61097226214, 0.0095906569479, 0.30418536362, 0.07525171729]
    ],
    [
      [0.46046029926, 0.0050240422173, 0.50633863477, 0.028177023753],
      [0.012738848844, 0.25382762371, 0.41318255793, 0.32025096952],
      [0.043338223427, 0.88181639093, 0.0094274302377, 0.065417955403],
      [0.012074461649, 0, 0.98619896803, 0.0017265703235],
      [0.032256591896, 0.17014086217, 0.60994298396, 0.18765956197],
      [0.36732142573, 0.019329142676, 0.49968038039, 0.11366905121]
    ],
    [
      [0.60771401254, 0.0033655858209, 0.37306928886, 0.015851112786],
      [0.025058877841, 0.2880583483, 0.43218292364, 0.25469985022],
      [0.03076132578, 0.91110924008, 0.011316417141, 0.046813016999],
      [0.045551447644, 0, 0.9533542098, 0.0010943425554],
      [0.059782561038, 0.18545309249, 0.61102449989, 0.14373984658],
      [0.52073316365, 0.016211239112, 0.39438212905, 0.068673468188]
    ],
    [
      [0.61989156084, 0.003111170912, 0.35767478369, 0.019322484554],
      [0.024785317882, 0.27427641242, 0.40042042159, 0.3005178481],
      [0.020512048155, 0.91630241831, 0.0052509758465, 0.057934557688],
      [0.057568486965, 0, 0.9394336508, 0.0029978622368],
      [0.060758950242, 0.18181091644, 0.58316341041, 0.17426672291],
      [0.52654939251, 0.015993230635, 0.37464232083, 0.082815056024]
    ],
    [
      [0.54501390727, 0.0099178853022, 0.42108120015, 0.02398700727],
      [0.016380727407, 0.32278773563, 0.37062026441, 0.29021127255],
      [0, 0.94975891544, 0, 0.050241084555],
      [0.027916265567, 0.12189751765, 0.84577333916, 0.0044128776211],
      [0.042277669052, 0.22471408997, 0.55852668014, 0.17448156084],
      [0.44673021556, 0.029052630316, 0.42543009848, 0.098787055639]
    ],
    [
      [0.486564305, 0.0085138531858, 0.47782488689, 0.027096954923],
      [0.012690827007, 0.30924872407, 0.38030203095, 0.29775841797],
      [0.0011523826927, 0.94677330627, 0.00026585068512, 0.051808460351],
      [0.026812018055, 0.022644929746, 0.94522171357, 0.0053213386282],
      [0.03409700291, 0.21278044379, 0.57441059756, 0.17871195574],
      [0.39069050306, 0.025978061338, 0.47418918812, 0.10914224748]
    ],
    [
      [0.62702539044, 0.0039595589315, 0.35491772922, 0.01409732141],
      [0.027759409932, 0.29132600861, 0.43981299418, 0.24110158727],
      [0.058015376258, 0.89375295913, 0.0036619302302, 0.044569734377],
      [0.056913936083, 0, 0.94229262158, 0.00079344233698],
      [0.065357061419, 0.18552668487, 0.6145868708, 0.13452938291],
      [0.543089092, 0.015969795392, 0.37942222452, 0.061518888086]
    ],
    [
      [0.62333677475, 0.0045880393312, 0.35666782621, 0.0154073597],
      [0.026301656849, 0.29996907819, 0.42218780306, 0.2515414619],
      [0.0055673801974, 0.94640734211, 0.0027877640635, 0.045237513626],
      [0.062951896858, 0, 0.93526021119, 0.0017878919492],
      [0.063009699056, 0.19449460121, 0.5998140524, 0.14268164733],
      [0.53668657868, 0.017585045506, 0.37893275856, 0.066795617257]
    ],
    [
      [0.64671630885, 0.0024925354567, 0.32790020875, 0.022890946943],
      [0.026698712904, 0.2377957448, 0.37526217485, 0.36024336745],
      [0.069504389252, 0.84585400777, 0.0056968441487, 0.07894475883],
      [0.060402056446, 0, 0.93497360848, 0.0046243350693],
      [0.066752223532, 0.16066431582, 0.55858161464, 0.21400184601],
      [0.54767382771, 0.012338159642, 0.34277260005, 0.097215412598]
    ],
    [
      [0.6462275088, 0.0060334453964, 0.33122456394, 0.016514481865],
      [0.025741879123, 0.3324364554, 0.38053961313, 0.26128205235],
      [0, 0.95799662509, 0, 0.042003374913],
      [0.06664985025, 0.17320306419, 0.75711650657, 0.003030578988],
      [0.063907583943, 0.2238996297, 0.55921849078, 0.15297429558],
      [0.55512064899, 0.021280639136, 0.35207668598, 0.0715220259]
    ],
    [
      [0.70201500115, 0.0052798055453, 0.27383472475, 0.018870468552],
      [0.029535763579, 0.31127657223, 0.33746456049, 0.32172310369],
      [0, 0.94492641888, 0, 0.055073581116],
      [0.10251971035, 0.16164738517, 0.73163666751, 0.0041962369661],
      [0.075700554302, 0.21840101971, 0.51160319744, 0.19429522855],
      [0.60566054595, 0.019189434098, 0.29276511648, 0.082384903469]
    ],
    [
      [0.60146141735, 0.0045920213927, 0.38167329835, 0.012273262905],
      [0.025047389531, 0.30534932003, 0.4602332991, 0.20936999133],
      [0.044679724535, 0.90978729713, 0.0099690211564, 0.03556395718],
      [0.038781188762, 0, 0.96099708521, 0.00022172602354],
      [0.058499646701, 0.19180170656, 0.6358511418, 0.11384750493],
      [0.51956851783, 0.016347875954, 0.41033046729, 0.053753138931]
    ],
    [
      [0.69548151306, 0.0018856614558, 0.28754453279, 0.015088292691],
      [0.034903261224, 0.27181223377, 0.39978237517, 0.29350212984],
      [0.05989956015, 0.8784040855, 0.0054403736019, 0.056255980744],
      [0.080237048426, 0, 0.91709356835, 0.0026693832206],
      [0.083030529586, 0.17731172258, 0.57292004895, 0.16673769888],
      [0.61079598946, 0.010474563615, 0.31191909933, 0.066810347603]
    ],
    [
      [0.66466727282, 0, 0.32364814699, 0.011684580183],
      [0.034527835195, 0.28089206763, 0.44598450106, 0.23859559611],
      [0.094977147818, 0.85519871803, 0.0092341627947, 0.040589971353],
      [0.058304030966, 0, 0.94169596903, 0],
      [0.077405359312, 0.17615738545, 0.61518033662, 0.13125691863],
      [0.58380205821, 0.010602683122, 0.35066344305, 0.054931815616]
    ],
    [
      [0.5456403533, 0.0059483362948, 0.42399241403, 0.024418896373],
      [0.017306746994, 0.27930053135, 0.39294569394, 0.31044702772],
      [0.0024583842934, 0.93580136285, 0.0022036324844, 0.05953662037],
      [0.040259731621, 0.0069508985959, 0.94833823579, 0.0044511339896],
      [0.044316536298, 0.18911976938, 0.58276266784, 0.18380102648],
      [0.4486960657, 0.020342432623, 0.43030051938, 0.1006609823]
    ],
    [
      [0.69831967948, 0.0060973779733, 0.2820619208, 0.013521021754],
      [0.034730659882, 0.32607591887, 0.38336818901, 0.25582523225],
      [0.0043409132114, 0.95375722476, 0, 0.041901862024],
      [0.098671601183, 0.017629467481, 0.88126878782, 0.002430143512],
      [0.083125160768, 0.21587424301, 0.55430337941, 0.14669721681],
      [0.61353686104, 0.018117244565, 0.30814976367, 0.060196130726]
    ],
    [
      [0.58846468559, 0.0040342255748, 0.37309988723, 0.034401201602],
      [0.01782070124, 0.20958850244, 0.33285436478, 0.43973643154],
      [0.035171151441, 0.86140594167, 0.0029364426342, 0.10048646426],
      [0.047167803224, 0, 0.94274161766, 0.01009057912],
      [0.047993570814, 0.15094661451, 0.52850611505, 0.27255369963],
      [0.47243367369, 0.014895026964, 0.37218168136, 0.14048961799]
    ],
    [
      [0.62030315393, 0.011901609325, 0.33943417433, 0.028361062412],
      [0.012858648637, 0.27378425797, 0.29860081509, 0.4147562783],
      [0, 0.93093693917, 0, 0.06906306083],
      [0, 0.18942858462, 0.804103186, 0.006468229379],
      [0.040428473828, 0.20575242187, 0.50615006627, 0.24766903803],
      [0.44213657453, 0.089936664632, 0.34373194277, 0.12419481806]
    ],
    [
      [0.72319629327, 0.00043805323782, 0.26053995097, 0.015825702518],
      [0.04094243805, 0.22612939638, 0.39763830862, 0.33528985695],
      [0.18436117151, 0.73638984458, 0.0029368438263, 0.076312140087],
      [0.095525891571, 0, 0.90271179944, 0.0017623089896],
      [0.096521005959, 0.14588562391, 0.56687804147, 0.19071532866],
      [0.63756429926, 0.0085079692507, 0.28335001267, 0.070577718823]
    ],
    [
      [0.68209551898, 0.0047764322667, 0.29655615041, 0.016571898341],
      [0.031436380211, 0.29801230935, 0.37895441159, 0.29159689885],
      [0.0064245345461, 0.94120195497, 0, 0.052373510488],
      [0.087633024765, 0.0097239003364, 0.89845802036, 0.0041850545399],
      [0.076716364762, 0.1988638016, 0.55458406401, 0.16983576962],
      [0.59254594992, 0.01677916956, 0.31842396718, 0.07225091334]
    ],
    [
      [0.22769025076, 0.0085862310817, 0.69141375529, 0.072309762877],
      [0.0033074049127, 0.20624512486, 0.31583793186, 0.47460953837],
      [0, 0.89092224171, 0, 0.10907775829],
      [0, 0.10573134049, 0.88785687391, 0.0064117855956],
      [0.0088444306377, 0.15731620754, 0.52723518668, 0.30660417514],
      [0.11947223085, 0.058457722599, 0.5746748067, 0.24739523985]
    ],
    [
      [0.68495224971, 0.0029222311733, 0.29263923214, 0.019486286968],
      [0.02621243305, 0.25144856874, 0.36339593117, 0.35894306705],
      [0.011595518721, 0.91097022697, 0.0073167828805, 0.070117471433],
      [0.069785227586, 0.00082616805718, 0.92521880763, 0.0041697967287],
      [0.066838528102, 0.17147045903, 0.55463028277, 0.20706073009],
      [0.58385189112, 0.013485056538, 0.31589574924, 0.0867673031]
    ],
    [
      [0.82604400168, 0.0019125837533, 0.16418527215, 0.0078581424156],
      [0.049920682171, 0.25337139938, 0.41523428961, 0.28147362883],
      [0.017132737272, 0.90793234631, 0.017373981207, 0.057560935216],
      [0.11141040434, 0.0012218884078, 0.88459847713, 0.0027692301224],
      [0.11720856259, 0.15616782868, 0.57595621872, 0.15066739002],
      [0.75368138468, 0.0078337792025, 0.19944093747, 0.039043898649]
    ],
    [
      [-0, 1, 0, 0],
      [0, 1, 0, 0],
      [0, 1, 0, 0],
      [0, 1, -0, 0],
      [0, 1, -0, 0],
      [-0, 1, 0, 0]
    ],
    [
      [0.59846617097, 0.004487736564, 0.3709104693, 0.026135623164],
      [0.019189370183, 0.2457085809, 0.36393607098, 0.37116597794],
      [0.01018706745, 0.91252002336, 0.003584159938, 0.073708749252],
      [0.049304521351, 0, 0.94446386216, 0.0062316164883],
      [0.050578781022, 0.17105794698, 0.55741601567, 0.22094725633],
      [0.49237691186, 0.016466776345, 0.38088043915, 0.11027587265]
    ],
    [
      [0.58116357348, 0.0042086507743, 0.41462777574, 0],
      [0.026867115745, 0.40356375401, 0.56956913024, 0],
      [0.010854367316, 0.97974077052, 0.0094048621671, 0],
      [0.027882457915, 0, 0.97211754208, 0],
      [0.054703563037, 0.22739798852, 0.71789844844, 0],
      [0.51939934831, 0.020217226636, 0.46038342505, 0]
    ],
    [
      [0, 0.013526884119, 0.93758716202, 0.048885953862],
      [0, 0.28818321314, 0.35775532791, 0.35406145895],
      [4.528853445e-33, 0.97282721872, 0, 0.027172781282],
      [5.6930470439e-17, 0.040508658428, 0.95121948194, 0.0082718596331],
      [0, 0.21462911592, 0.58941518538, 0.1959556987],
      [1.3877787808e-16, 0.039312940881, 0.7836338866, 0.17705317252]
    ],
    [
      [0.56496148528, 0.0082909722542, 0.40331568844, 0.023431854023],
      [0.017364501168, 0.31581303967, 0.37055312674, 0.29626933243],
      [0.000361594423, 0.94866791211, 0, 0.050970493464],
      [0.04206712969, 0.02864219809, 0.92312782892, 0.0061628432993],
      [0.046097017694, 0.21652073518, 0.55986603708, 0.17751621004],
      [0.46684589415, 0.024214170024, 0.41214628052, 0.096793655306]
    ],
    [
      [0.60707571366, 0.0057967406387, 0.36910182366, 0.018025722047],
      [0.023021854111, 0.30785597585, 0.39879576365, 0.27032640638],
      [0.0039080349022, 0.94832263364, 0.00082826955527, 0.046941061905],
      [0.056248183942, 0.011719823104, 0.92900323176, 0.0030287611894],
      [0.056936146706, 0.20457749948, 0.58186628191, 0.15662007191],
      [0.51551498904, 0.020027262592, 0.38733531173, 0.07712243664]
    ],
    [
      [0.87066016576, 0.00066768995703, 0.12867214429, 0],
      [0.075365676136, 0.21261868718, 0.71201563668, 0],
      [0.64230784936, 0.34570115634, 0.011990994291, 0],
      [0.031293324667, 0, 0.96870667533, 0],
      [0.13932543047, 0.095979000131, 0.7646955694, 0],
      [0.81766462051, 0.0032436185853, 0.1790917609, 0]
    ],
    [
      [0.59452347603, 0.0053323092289, 0.38049276295, 0.019651451787],
      [0.022376014171, 0.28933406053, 0.403317451, 0.2849724743],
      [0.0035118276653, 0.94105733562, 0.0021150860769, 0.053315750643],
      [0.053840098747, 0.0054261559583, 0.93759197648, 0.0031417688123],
      [0.055005983937, 0.19231860917, 0.58679472657, 0.16588068033],
      [0.50185487545, 0.018893019927, 0.39608086605, 0.083171238574]
    ],
    [
      [0.59907590606, 0.0046569031422, 0.37363108302, 0.022636107777],
      [0.02182058372, 0.26967143682, 0.387137484, 0.32137049545],
      [0.0033278871143, 0.9279411775, 0.0048206663509, 0.063910269032],
      [0.055835358065, 0.0005481140054, 0.93903289296, 0.0045836349731],
      [0.054810430167, 0.18213836964, 0.57311243367, 0.18993876652],
      [0.50140544528, 0.0175572625, 0.38610528258, 0.094932009649]
    ],
    [
      [0.59978759186, 0.0064148454313, 0.37095533477, 0.022842227936],
      [0.021343593765, 0.28486522305, 0.37708290545, 0.31670827773],
      [0, 0.93912118794, 0, 0.060878812062],
      [0.055615398656, 0.018961982396, 0.9198573337, 0.0055652852518],
      [0.054343879375, 0.1941048302, 0.56282376078, 0.18872752965],
      [0.50156170083, 0.020345069276, 0.38267127285, 0.095421957042]
    ],
    [
      [0.47152223281, 0.012901173057, 0.49025748301, 0.025319111128],
      [0.0098383175887, 0.38051026811, 0.35333494013, 0.25631647417],
      [0, 0.96219522014, 0, 0.037804779863],
      [0.021453203819, 0.064855995089, 0.90696657926, 0.0067242218372],
      [0.030540830663, 0.26222142309, 0.55134050126, 0.15589724498],
      [0.37715350392, 0.035711220821, 0.48561219142, 0.10152308383]
    ]
  ],
  "expected_outcome": [
    [
      [43.4008143791, 21.9786868322, 44.3030506317, 65.7675844653, 8.2882853866, 30.3857006268, 34.7139274072, 11.4452920528, 11.6775433201, 37.6215234263, 41.7635639086, 39.4496948397, 6.462275088, 2.8080600046, 1.2029228347, 10.4322226959, 26.586690913, 24.5538158985, 14.664713269, 2.9423234279, 0.62030315393, 50.6237405289, 20.4628655695, 0, 2.0548567491, 0, 0, 1.7953985129, 3.4869814409, 0, 14.6889986174, 12.7485899868, 0, 259.21223555, 23.9630362423, 52.181520492, 6.1297890265],
      [0.23142855062, 0.31351447485, 0.31780325579, 0, 0.090432759911, 0.16827929105, 0.17422557107, 0.20827559135, 0.20433247646, 0.23757353589, 0.30739863519, 0.15204466286, 0.060334453964, 0.021119222181, 0.0091840427854, 0.028284921836, 0, 0.26767513326, 0.12804493744, 0.020171127874, 0.011901609325, 0.030663726647, 0.143292968, 0, 0.0087666935198, 0, 0, 0.013463209692, 0.025251904646, 0, 0.21556527861, 0.12173155341, 0, 2.3248868238, 0.18627612569, 0.55809155253, 0.16771524974],
      [19.2059599135, 16.7778889959, 25.1392851398, 26.6519162856, 9.1140954259, 18.6534644429, 20.0297878867, 8.8427052032, 11.4677972853, 21.2950637532, 23.8967443564, 20.0019127339, 3.3122456394, 1.095338899, 0.7633465967, 4.3131679919, 12.9459258797, 19.0796586314, 5.9233003367, 1.8654994362, 0.33943417433, 18.2377965682, 8.8966845122, 0, 0.87791769643, 0, 0, 1.1127314079, 2.4877666545, 0, 10.4862078994, 7.7511382968, 0, 165.894844647, 14.9452433209, 32.273114125, 6.3733472791],
      [1.1617971568, 0.92990969707, 1.2398609727, 1.5804992492, 0.50718642755, 0.79255563928, 1.082059135, 0.50372715267, 0.65032691815, 0.84583928461, 1.0322930999, 1.3963477635, 0.16514481865, 0.075481874207, 0.024546525811, 0.22632439036, 0.46738320733, 1.0988503368, 0.28394145682, 0.17200600801, 0.028361062412, 1.1077991762, 0.49715695024, 0, 0.058458860905, 0, 0, 0.078406869493, 0, 0, 0.60922820459, 0.37854016298, 0, 8.5680329791, 0.9054443111, 1.9872738305, 0.32914844466]
    ],
    [
      [1.2547188132, 0.77347970995, 2.0625740508, 2.4152768575, 0.21656043034, 1.0775317472, 0.59484762917, 0.37675673035, 0.46956059927, 1.9431586953, 1.4991944404, 0.93445495164, 0.43761194509, 0.20675034506, 0.15028433719, 0.34903261224, 1.3811134078, 1.1941655426, 0.72934385753, 0.12474490868, 0.012858648637, 2.2927765308, 1.194582448, 0, 0.02621243305, 0.049920682171, 0, 0.15351496147, 0, 0, 0.74667355023, 0.6446119151, 0.075365676136, 7.205076563, 1.0473880186, 2.6679492207, 0.39353270355],
      [10.9745984165, 13.942524749, 22.9935450975, 14.5576122183, 4.315069603, 12.3865089769, 6.5826338982, 7.4241179196, 11.4422027906, 20.3928206029, 17.0982374568, 8.3228510679, 5.6514197418, 2.1789360056, 1.8320959202, 2.7181223377, 11.2356827054, 19.2717366629, 6.8475942962, 1.4671195171, 0.27378425797, 12.6632461975, 11.3244677552, 0, 0.25144856874, 0.25337139938, 1, 1.9656686472, 0, 0.28818321314, 13.5799607057, 8.6199673239, 0.21261868718, 93.1655674894, 12.9442289675, 35.6081528808, 15.2204107246],
      [15.1840212986, 17.2016633009, 32.7516385195, 25.6143127467, 7.0241034848, 18.5838657164, 9.6100901182, 8.5242660815, 14.0711751452, 30.7869095929, 24.0647047745, 13.1341761197, 6.4691734232, 2.3622519234, 2.7613997946, 3.9978237517, 17.8393800426, 27.1132528821, 8.0507319691, 2.3299805535, 0.29860081509, 22.2677452826, 14.4002676406, 0, 0.36339593117, 0.41523428961, 0, 2.9114885679, 0, 0.35775532791, 15.9337844497, 11.1662813823, 0.71201563668, 129.8682192221, 18.5825992321, 47.1353631819, 14.1333976053],
      [12.5866614717, 13.0823322402, 22.1922423321, 21.4127981775, 5.4442664819, 10.9520935595, 7.2124283544, 6.6748592686, 11.0170614649, 16.8771111089, 14.3378633284, 12.6085178608, 4.44179489, 2.2520617259, 1.256219948, 2.9350212984, 9.5438238442, 21.4208449125, 5.3723298771, 3.0781550208, 0.4147562783, 18.7762319892, 11.0806821563, 0, 0.35894306705, 0.28147362883, 0, 2.9693278235, 0, 0.35406145895, 12.7395812943, 7.5691393788, 0, 91.7611367254, 15.4257837818, 39.5885347166, 10.2526589666]
    ],
    [
      [1.3915029143, 0.058479427099, 3.2876428058, 27.0567129287, 3.6837489913, 9.6898176208, 2.9332228861, 0, 0.056466751944, 11.3129983704, 1.380710289, 18.4881675411, 0, 0, 2.6807834721, 6.2295542556, 10.2575319644, 0.29254773092, 0.17797744167, 0.66825187738, 0, 27.101092212, 0.4882646255, 0, 0.47541626756, 1.7132737272, 0, 0.18336721409, 0.1302524078, 2.717312067e-32, 0.020610882111, 0.24229816394, 1.2846156987, 6.9428832944, 1.0316450054, 0, 0],
      [99.0990882172, 110.023093456, 307.6879861727, 124.651524271, 74.9543932292, 286.9994106249, 131.0312458184, 381.8030840087, 46.3918920073, 174.2818270312, 234.7090208441, 224.9971660666, 476.1243226683, 242.8460896531, 54.5872378277, 91.3540248924, 92.3614615477, 111.3603621793, 39.1040462154, 16.3667128917, 12.1021802092, 108.2493071527, 71.5313485774, 60.582712436, 37.3497793056, 90.7932346305, 11, 16.4253604205, 11.7568892462, 5.8369633123, 54.0740709905, 58.7960032856, 0.69140231269, 1860.4703525111, 287.6617650258, 554.0815008833, 36.5634183652],
      [0, 0, 0.95259841478, 0.91407505258, 0.80133157021, 3.5646713995, 0.75088954605, 0, 0.013026683571, 0.71407639489, 0.69136548775, 1.5153605436, 0, 0, 0.59814126938, 0.5657988546, 0.99728958182, 0.26223226565, 0, 0.05579241005, 0, 0.43171604247, 0, 0, 0.2999880981, 1.7373981207, 0, 0.064514878883, 0.11285834601, 0, 0, 0.051352712427, 0.023981988582, 4.1815251741, 1.4944065688, 0, 0],
      [6.5094088684, 5.9184271169, 17.0717726067, 12.3776877477, 5.5605262093, 14.7461003548, 8.2846417494, 20.1969159913, 2.5386145572, 8.6910982036, 11.2189033792, 20.9993058488, 20.8756773317, 14.1539103469, 2.1338374308, 5.8506219973, 4.3837169061, 7.0848578241, 1.717976343, 1.9092428209, 0.89781979078, 11.2178845928, 3.9803867971, 7.417287564, 2.8748163287, 5.7560935216, 0, 1.3267574865, 0, 0.16303668769, 2.9053181274, 2.9103458381, 0, 105.4052390204, 19.8121834, 35.9184991167, 1.4365816348]
    ],
    [
      [49.9998787917, 23.4842652585, 81.1727548707, 53.1544449638, 3.6585618798, 27.6041772722, 19.9186964897, 7.9561356865, 9.9472586984, 73.5328054187, 65.7847322167, 53.637026124, 3.998991015, 4.2033081244, 6.2825525795, 16.5288319758, 17.3746012279, 26.9337604545, 17.9582314153, 5.0941227482, 0, 85.5911988475, 43.6412463332, 0, 0.55828182069, 0.77987283037, 0, 3.2540984092, 1.0316509429, 6.2623517483e-16, 14.4290254838, 23.1742517842, 0.50069319467, 310.3881692741, 21.8874603614, 60.0646305488, 4.8698772669],
      [0, 14.9255725586, 0, 0, 0, 0, 0, 34.7407925309, 8.4012689357, 0, 0, 0, 10.3921838514, 6.6275427922, 0, 0, 0, 4.6501511607, 3.2085630815, 0, 1.1365715077, 0, 4.8425023675, 1.1630447454, 0.0066093444575, 0.0085532188545, 0, 0, 0, 0.44559524271, 9.8242739448, 4.8285671189, 0, 31.2817890998, 0.21486069012, 20.4789409872, 14.7223108851],
      [492.6490386901, 553.6966844557, 1203.6207603808, 629.1738796079, 298.8182873122, 577.7326511392, 325.0440431763, 241.0454016605, 350.6772557349, 1217.4420670819, 977.3469206964, 830.2565643345, 45.4269903943, 29.9971033678, 155.6815278047, 188.9212750808, 280.6253987721, 634.4382797458, 160.3909193841, 101.8160947069, 4.824619116, 808.8297722979, 447.4320941384, 9.766425613, 7.401750461, 6.1921893399, 0, 62.3346149026, 35.9683490571, 10.4634143013, 316.6328453198, 382.7493314868, 15.4993068053, 5405.2177444234, 368.1008940391, 993.4459203921, 205.881413491],
      [2.3510825182, 2.8934777272, 3.2064847485, 0.67167542833, 0.52315080802, 0.66317158858, 1.0372603339, 1.257670122, 1.974216631, 1.0251274994, 1.868347087, 4.1064095416, 0.18183473928, 0.17204571561, 0.035919615813, 0.54989294345, 0, 2.977808639, 0.44228611918, 1.089782545, 0.038809376274, 1.5790288546, 2.0841571609, 0.070529641551, 0.03335837383, 0.019384610857, 0, 0.41128668823, 0, 0.090990455964, 2.1138552516, 1.2478496101, 0, 18.1122972027, 1.7967849094, 6.0105080719, 1.526398357]
    ],
    [
      [3.3511492324, 3.1144497957, 5.6265470028, 5.6109793477, 0.8064147974, 2.8097803688, 1.8835274575, 1.4797184168, 0.98881308439, 5.2285649135, 3.1504849528, 3.9383811884, 2.1089502701, 2.1196155205, 0.40949752691, 0.74727476628, 2.6317822166, 3.0135244683, 2.493754823, 0.3359549957, 0.040428473828, 6.949512429, 2.9919382257, 0.044222153189, 0.1336770562, 0.70325137554, 0, 0.15173634306, 0.27351781518, 0, 1.2446194777, 0.9109783473, 0.13932543047, 32.7285604426, 2.5212797877, 5.9234828518, 0.45811245995],
      [8.0650091199, 15.0813612015, 16.9841635685, 9.4455998606, 4.2535215544, 8.7162953471, 5.6361384095, 7.8649931491, 6.1706328699, 14.8421347894, 9.7247300606, 9.4791946331, 7.38868778, 6.1152285518, 1.3426119459, 1.5958055032, 5.9893511051, 12.8601443177, 6.4762272902, 1.0566263016, 0.20575242187, 10.5037649218, 7.7556882624, 0.78658103772, 0.34294091807, 0.93700697205, 0, 0.51317384093, 1.1369899426, 0.42925823184, 5.84605985, 3.2732399916, 0.095979000131, 114.4295724563, 8.3783650033, 21.1574264915, 3.9333213463],
      [24.4936120082, 40.5081094793, 53.0318498173, 36.6951432168, 15.2485745991, 28.7181514947, 18.0780657227, 19.5484338048, 16.6579073292, 49.1669496642, 29.99070262, 32.956315264, 18.4542101956, 14.3248895284, 4.4509579926, 5.1562804406, 20.9161314449, 39.6278614131, 16.6291013823, 3.6995428053, 0.50615006627, 40.8152189855, 21.6287784965, 2.6361759334, 1.1092605655, 3.4557373123, 0, 1.672248047, 3.5894922422, 1.1788303708, 15.1163830011, 9.3098605105, 0.7646955694, 349.1428623068, 26.363171949, 61.3477899248, 8.270107519],
      [8.0902296395, 12.2960795234, 14.3574396114, 12.2482775749, 4.6914890491, 6.7557727894, 5.4022684103, 6.1068546293, 5.1826467165, 10.7623506328, 7.1340823666, 12.6261089145, 5.0481517542, 5.4402663993, 0.79693253454, 1.5006392899, 4.4627352333, 12.498469801, 4.4009165044, 1.9078758974, 0.24766903803, 13.7315036636, 6.6235950154, 1.5330208757, 0.41412146018, 0.9040043401, 0, 0.66284176899, 0, 0.3919113974, 4.7929376712, 2.5059211506, 0, 98.6990047943, 8.73718326, 20.5713007319, 2.3384586747]
    ],
    [
      [24.6019358692, 13.5906389766, 63.5474306381, 21.995001437, 7.3464285145, 23.4329923642, 18.9557781303, 14.7420971135, 5.860357546, 42.3609491758, 35.4213141926, 46.5522753552, 9.9921716818, 6.6622660054, 7.2739592496, 17.7130836942, 22.7682802703, 13.0121859052, 7.9759791935, 2.8346020421, 1.3264097236, 41.4416794519, 14.2211027981, 0.95577784681, 1.7515556734, 0.75368138468, 0, 2.4618845593, 2.0775973933, 0, 8.8700719888, 9.2792698027, 0, 141.5230748759, 17.5491905846, 52.1624168867, 4.1486885431],
      [0.62987569573, 0.71393355994, 2.0165019055, 0.34526365012, 0.38658285352, 0.72950576003, 0.57575630287, 0.95873680042, 0.38967092006, 1.2456440406, 1.1606130034, 1.0487435696, 0.38305150444, 0.21108377508, 0.22887026336, 0.30376234484, 0.41350464176, 0.58993054608, 0.23552417935, 0.089370161785, 0.2698099939, 0.55301800129, 0.40270006945, 0.46766178079, 0.040455169615, 0.0078337792025, 0, 0.082333881724, 0.080868906546, 0, 0.46006923045, 0.36049072666, 0, 5.3278316195, 0.61450418752, 2.1158872047, 0.39282342903],
      [13.4673680896, 12.8156537682, 44.5038677278, 10.9506730905, 9.9936076078, 17.7471958073, 13.48712355, 14.03919325, 7.1128378218, 29.5949335129, 25.009562065, 29.1356710044, 6.3373803476, 3.2204162813, 5.744626542, 9.0456538805, 13.6758742789, 12.4787150621, 4.0059469277, 2.2330900881, 1.0311958283, 18.4177508234, 7.6421752123, 4.5973984536, 0.94768724772, 0.19944093747, 0, 1.9044021957, 1.8415337002, 0, 7.83077933, 6.9720356112, 0, 111.6948042266, 13.5136848901, 39.7978123763, 5.3417341057],
      [3.3008203454, 2.8797736953, 8.9321997286, 2.7090618225, 2.2733810241, 3.0903060685, 2.9813420169, 3.2599728361, 1.6371337122, 4.7984732707, 4.408510739, 8.2633100708, 1.2873964662, 0.90623393816, 0.75254394504, 1.9375000805, 2.142340809, 2.9191684867, 0.78254969943, 0.84293770797, 0.37258445419, 4.5875517235, 1.7340219202, 1.9791619188, 0.2603019093, 0.039043898649, 0, 0.55137936326, 0, 0, 1.8390794508, 1.3882038595, 0, 23.454289278, 3.3226203377, 9.9238835323, 1.1167539222]
    ]
  ],
  "prob": [
    [0.61729854207, 0.0044865221675, 0.35907668312, 0.019138252637],
    [0.024334940366, 0.28682083226, 0.39692922146, 0.29191500591],
    [0.019468731549, 0.92250807749, 0.0029070867335, 0.055116104228],
    [0.057646120838, 0.0087046634628, 0.93050140919, 0.0031478065078],
    [0.059979724266, 0.18981152832, 0.57997734063, 0.17023140679],
    [0.52389459797, 0.017705953536, 0.37617520479, 0.082224243708]
  ],
  "iterations": 177,
  "time": 0.001116,
  "message": "Converged",
  "status": 0,
  "miniter": 0,
  "maxiter": 1000,
  "maxtime": 3600,
  "param_threshold": 0.001,
  "ll_threshold": "-Inf",
  "initial_prob": "group_proportional",
  "adjust_prob_cond_method": "project_lp",
  "adjust_prob_cond_every": false,
  "candidates_id": ["YOUNG, Paul Chung-Che.c", "MAMEDOV, Tofik Shirzad Ogly.c", "ROSS, Jami-Lee Matenga.c", "Other candidates votes.c"],
  "group_id": ["Conservative.p", "Green Party.p", "Labour Party.p", "National Party.p", "New Zealand First Party.p", "Other parties votes.p"]
}
