{
  "Z_true": {},
  "V_true": [
    [1243, 22, 136, 33, 1187, 15],
    [39, 2027, 284, 533, 376, 43],
    [71, 592, 570, 3200, 253, 52],
    [698, 469, 640, 106, 21695, 213],
    [110, 171, 2215, 304, 682, 41],
    [49, 173, 106, 113, 326, 135]
  ],
  "p_true": [
    [0.4715, 0.0083, 0.0516, 0.0125, 0.4503, 0.0057],
    [0.0118, 0.6139, 0.086, 0.1614, 0.1139, 0.013],
    [0.015, 0.1249, 0.1203, 0.6754, 0.0534, 0.011],
    [0.0293, 0.0197, 0.0269, 0.0044, 0.9108, 0.0089],
    [0.0312, 0.0485, 0.6287, 0.0863, 0.1936, 0.0116],
    [0.0543, 0.1918, 0.1175, 0.1253, 0.3614, 0.1497]
  ],
  "Z_est": [
    [
      [0.727, 0.7052, 13.3484, 18.7245, 0, 3.1785, 21.4805, 17.3794, 6.6711, 14.6399, 39.4213, 14.911, 5.6722, 2.2465, 8.3287, 37.473, 17.8978, 24.9884, 20.99, 39.2537, 13.8172, 35.7033, 16.236, 2.025, 0.5693, 12.8908, 15.4395, 7.3679, 0.4851, 31.4384, 0, 267.8538, 19.6326, 35.662, 7.0081],
      [0.0593, 0.1877, 0.5388, 0.6492, 0.0012, 0.24, 1.3162, 0.747, 1.2421, 0.3952, 2.3371, 0.4887, 0.3052, 0.2005, 0.7317, 1.3027, 0.5506, 0.369, 1.017, 1.4256, 0.3601, 2.0514, 1.0248, 0.1524, 0.0698, 0.8572, 1.1082, 0.6684, 0.1654, 1.1628, 0, 8.6382, 1.123, 2.6474, 0.3944],
      [0.4262, 1.0011, 3.6503, 4.322, 0.1567, 3.2452, 7.8984, 5.221, 7.2251, 5.0071, 14.8701, 6.7535, 2.1365, 2.265, 6.465, 13.5375, 5.002, 4.6917, 6.7012, 21.8754, 6.6555, 11.1106, 5.0006, 0.7035, 0.425, 14.6415, 12.2038, 6.4691, 0.5304, 11.0569, 0, 149.9339, 6.7014, 13.9852, 2.4241],
      [0.3806, 0.3756, 3.0959, 2.7324, 0.3149, 1.3142, 5.3117, 3.5929, 2.4287, 3.902, 10.788, 4.8128, 1.1593, 0.612, 2.5759, 9.5679, 3.8692, 4.1248, 3.595, 9.7021, 1.9031, 8.3673, 4.47, 0.361, 0.2908, 3.8742, 5.494, 2.1283, 0.724, 9.1658, 0, 73.6665, 6.2496, 9.1855, 2.4181],
      [2.3832, 3.7304, 14.1281, 25.3045, 0.5271, 3.7474, 27.7496, 20.8439, 17.8957, 25.7915, 45.9651, 27.7849, 9.7049, 6.4661, 21.7361, 59.6057, 29.3248, 38.5512, 31.493, 57.1047, 22.1785, 36.3609, 16.9775, 3.7166, 0.6451, 30.2296, 23.468, 14.1238, 1.9825, 52.816, 0, 496.954, 21.7151, 38.4743, 17.5409],
      [0.0237, 0, 0.2386, 0.2673, 0, 0.2747, 0.2438, 0.2158, 0.5375, 0.2644, 0.6184, 0.2492, 0.0218, 0.2098, 0.1626, 0.5133, 0.3556, 0.2749, 0.2038, 0.6386, 0.0856, 0.4065, 0.2911, 0.0417, 0, 0.5067, 0.2866, 0.2425, 0.1126, 0.36, 0, 3.9535, 0.5783, 1.0455, 0.2145]
    ],
    [
      [0.0394, 0.0544, 0.922, 0.878, 0, 0.4841, 0.963, 1.2065, 0.3719, 0.789, 2.0134, 0.9576, 0.1325, 0.253, 0.7077, 1.2866, 0.874, 0.688, 0.7898, 1.4284, 0.7079, 2.6149, 1.1081, 0.2, 0.0947, 1.1596, 0.8622, 0.6881, 0.0127, 1.5496, 0, 13.8879, 2.0783, 2.9197, 0.726],
      [6.4039, 7.9289, 30.6408, 44.0196, 0.6179, 44.6402, 48.7437, 50.4815, 74.1529, 34.4167, 85.5891, 43.1093, 12.7005, 21.9455, 54.1767, 53.0987, 43.6038, 27.4896, 42.5201, 48.5666, 23.4258, 103.8058, 47.5355, 6.2718, 1.4713, 70.3322, 38.9097, 38.6995, 4.2524, 71.8046, 0, 540.3434, 90.1849, 157.3424, 56.8251],
      [0.3379, 0.5224, 1.7366, 2.0662, 0.1086, 5.9961, 3.2435, 3.2159, 6.2474, 2.214, 5.8864, 3.5087, 0.7255, 3.4247, 5.6072, 3.5757, 2.0892, 1.2484, 2.3296, 6.0422, 2.7792, 6.3041, 2.7061, 0.5585, 0.2994, 10.8629, 4.838, 5.6364, 0.192, 4.5011, 0, 58.029, 6.2367, 10.22, 2.7111],
      [1.7206, 1.3814, 8.855, 11.1606, 1.0485, 10.7213, 13.1869, 14.6352, 14.7926, 9.6423, 20.9516, 13.226, 3.0243, 6.9881, 13.1434, 12.7153, 9.7907, 8.4981, 8.737, 11.8414, 4.0212, 25.1218, 12.9412, 1.4069, 0.9527, 14.6764, 9.2864, 10.5313, 1.1908, 21.2741, 0, 156.04, 30.2905, 36.4116, 19.0211],
      [1.031, 1.1129, 3.83, 8.5019, 0.225, 4.9984, 5.707, 8.1311, 11.4379, 5.4802, 7.8537, 6.6949, 1.9486, 6.2038, 9.9194, 5.9164, 6.7697, 5.0758, 6.1062, 4.1699, 3.5134, 11.0386, 4.9833, 1.8833, 0.1819, 9.5999, 3.3253, 6.302, 0.432, 9.8917, 0, 78.5957, 11.3057, 16.6794, 18.6674],
      [0.4673, 0, 4.0156, 5.3737, 0, 6.1598, 4.1559, 4.3299, 10.9973, 4.4579, 8.7058, 4.5035, 0.4686, 5.185, 3.4455, 6.4074, 5.8726, 5.0001, 3.5173, 6.9515, 1.5525, 7.1149, 4.7258, 0.6794, 0, 9.369, 3.7783, 5.1427, 0.9202, 5.9789, 0, 66.104, 10.9037, 18.4268, 5.0493]
    ],
    [
      [0.3175, 0.2665, 7.7832, 7.0372, 0, 4.2812, 7.586, 7.1397, 2.0989, 7.3761, 16.9635, 7.461, 3.0148, 1.1163, 2.7664, 13.53, 9.0836, 8.6152, 6.8282, 16.2613, 4.9662, 16.7044, 7.1798, 0.1029, 0, 6.4108, 6.2284, 3.1078, 0.1467, 12.6351, 0, 105.3103, 11.1912, 17.6491, 2.7679],
      [1.7943, 3.3522, 10.394, 11.2682, 0, 12.5849, 16.2242, 13.2353, 16.0876, 12.476, 31.0842, 11.7011, 6.0622, 4.0767, 9.0486, 19.2975, 20.7529, 6.8181, 15.0373, 20.2895, 5.9374, 32.8625, 13.3496, 0.1644, 0, 16.9026, 11.1742, 8.142, 1.4682, 21.062, 0, 133.0448, 20.7032, 47.1807, 10.8034],
      [1.1638, 3.7113, 13.5196, 10.3092, 0, 21.1911, 17.6085, 15.2819, 19.1328, 16.625, 34.1026, 21.2748, 8.0192, 14.3532, 11.0482, 23.852, 16.9567, 7.9197, 15.7079, 49.4141, 13.4024, 29.7084, 12.119, 0.1689, 0, 51.4927, 29.7913, 23.9471, 0.8545, 25.8355, 0, 355.2219, 20.043, 44.1055, 6.3468],
      [5.5908, 7.5035, 56.7916, 40.8612, 0, 34.7358, 60.9408, 52.4272, 33.6624, 54.6364, 117.4208, 67.6988, 21.2354, 18.0088, 26.1797, 84.5219, 62.0583, 35.654, 45.0146, 82.2803, 18.4558, 112.0101, 55.7432, 0.4849, 0, 55.9123, 42.1291, 32.0938, 3.6504, 97.0961, 0, 805.6581, 79.9124, 134.0461, 32.38],
      [0.9203, 2.1664, 9.9324, 9.3429, 0, 3.9844, 9.3495, 8.9931, 5.232, 13.1539, 16.3999, 12.5419, 7.4208, 4.7722, 3.8614, 14.5279, 18.2408, 7.6197, 10.6888, 13.9857, 4.6161, 15.8343, 6.9762, 0.0166, 0, 11.0642, 5.5088, 5.696, 0.3971, 16.302, 0, 150.5298, 8.3061, 17.7563, 5.1076],
      [0.2134, 0, 2.5792, 2.1813, 0, 3.2227, 2.2911, 1.9228, 3.7863, 2.7327, 6.029, 2.3224, 0.2475, 1.6727, 1.0957, 4.2708, 3.9077, 2.3734, 1.7233, 5.769, 0.6221, 3.8803, 2.6322, 0.0624, 0, 4.2174, 2.1682, 2.0133, 0.4832, 3.0694, 0, 34.2351, 4.8441, 9.2623, 1.5943]
    ],
    [
      [0.6269, 0.7505, 21.6716, 29.1267, 0, 4.3072, 23.5182, 24.5268, 6.2662, 16.1773, 40.822, 16.2183, 8.8178, 3.6294, 5.9391, 35.3201, 22.8509, 34.4207, 25.2632, 28.2516, 12.536, 43.7972, 19.5922, 1.4871, 0.0863, 11.3582, 10.8839, 7.6728, 0.2909, 32.3102, 0, 269.1808, 24.3097, 47.1034, 7.3845],
      [1.3863, 4.2171, 8.6777, 17.2565, 0.0961, 8.8874, 15.9761, 13.3506, 22.4857, 7.6659, 20.9649, 8.5807, 6.1717, 4.8631, 8.1795, 13.0566, 13.341, 7.7103, 18.2533, 8.7142, 3.8967, 25.6372, 12.1126, 1.0096, 0.0398, 11.8265, 6.8658, 7.6529, 1.6286, 17.0289, 0, 108.5394, 19.0187, 45.8523, 11.0235],
      [0.6098, 3.7439, 7.7624, 11.0112, 0.3068, 8.0417, 13.6373, 10.5622, 15.2214, 7.5235, 20.5659, 11.2494, 7.2578, 18.8367, 6.8972, 16.0937, 8.4588, 5.966, 13.4173, 24.0102, 8.6161, 16.9315, 7.3803, 0.415, 0.0458, 28.2675, 11.9773, 20.5148, 0.3378, 14.7073, 0, 248.306, 9.4912, 25.3466, 2.693],
      [1.074, 2.099, 15.1658, 15.9657, 1.3014, 4.3604, 17.6284, 15.2859, 7.0665, 10.4654, 22.9951, 13.4286, 7.6392, 5.2359, 4.0842, 16.8255, 12.5595, 12.0508, 12.3982, 11.3768, 2.3955, 21.6991, 12.1501, 0.3178, 0.026, 7.8155, 6.6084, 6.4949, 0.7975, 22.2291, 0, 163.2111, 15.8695, 27.2248, 7.564],
      [44.2175, 113.1894, 422.5424, 668.8989, 12.2957, 137.4659, 549.184, 536.2719, 432.2768, 426.1407, 794.4655, 505.6062, 287.0006, 318.9949, 257.4519, 722.0263, 591.1576, 505.3508, 635.6791, 582.0698, 246.3263, 797.4898, 378.6358, 26.6717, 1.802, 542.0098, 248.9805, 340.6179, 22.6854, 769.4611, 4, 7598.468, 462.2622, 1035.0258, 324.4703],
      [0.0856, 0, 1.18, 1.7411, 0, 0.9374, 1.0562, 1.0026, 2.6833, 1.0273, 2.1867, 0.9167, 0.113, 1.4401, 0.448, 1.6778, 1.6322, 1.5017, 0.9889, 1.5776, 0.2295, 1.4452, 1.129, 0.0985, 0, 1.7226, 0.6842, 1.0467, 0.2598, 1.2634, 0, 14.2947, 2.0486, 4.4471, 0.8645]
    ],
    [
      [0.2466, 0.185, 4.5507, 3.9166, 0, 1.4178, 5.1989, 4.1181, 1.3038, 3.6261, 12.012, 4.6523, 1.2507, 0.6086, 2.0818, 9.2002, 4.7421, 3.6307, 4.353, 11.0759, 3.6428, 11.737, 5.1446, 0.1565, 0.2004, 4.281, 2.331, 1.8928, 0.0484, 7.0459, 0, 76.214, 4.8538, 10.9057, 0.7453],
      [0.3534, 0.3878, 1.4957, 1.1784, 0.0229, 2.1818, 2.3492, 1.5937, 2.5882, 1.2203, 5.5013, 1.7216, 0.3723, 0.3677, 1.9424, 2.8221, 1.8564, 0.5341, 1.6603, 2.9075, 0.912, 6.0446, 2.8015, 0.0592, 0.1219, 3.0428, 1.0571, 1.1958, 0.1147, 2.6856, 0, 22.9224, 2.9024, 8.4176, 0.4957],
      [3.2916, 7.5001, 26.9631, 25.7035, 1.174, 24.4107, 40.9043, 30.3207, 33.6205, 25.7115, 78.6438, 39.8678, 12.5286, 19.6845, 27.1639, 57.3281, 30.412, 16.4399, 34.048, 80.9802, 26.3024, 69.9032, 31.3067, 1.101, 1.0796, 73.6248, 24.0308, 33.6983, 1.0355, 49.6311, 0, 726.5129, 34.52, 91.6148, 8.1586],
      [1.3842, 1.3095, 8.8756, 6.1949, 0.85, 5.5187, 10.7484, 7.613, 5.4615, 7.0987, 23.0049, 11.4322, 2.5329, 2.4203, 4.9524, 15.0584, 8.4015, 3.9766, 6.7378, 15.6448, 3.2428, 20.9813, 11.2847, 0.1589, 0.3479, 10.4933, 4.6954, 5.229, 0.3664, 14.2698, 0, 150.6697, 11.2549, 23.8612, 2.5185],
      [3.67, 5.6176, 19.6467, 22.6392, 0.9531, 5.8265, 24.3542, 19.0383, 14.1899, 17.958, 42.5209, 28.8674, 9.2864, 9.6214, 14.6001, 36.7646, 27.023, 13.1316, 24.9018, 31.2745, 13.7678, 42.4924, 19.8544, 0.505, 0.2503, 29.5508, 5.6171, 12.5815, 0.3756, 30.8568, 1, 418.4081, 13.6598, 43.1359, 4.9461],
      [0.0543, 0, 0.4683, 0.3675, 0, 0.6445, 0.445, 0.3162, 0.8361, 0.3854, 1.3172, 0.4588, 0.0291, 0.2975, 0.2593, 0.8266, 0.565, 0.2869, 0.2991, 1.1171, 0.1323, 0.8416, 0.6082, 0.0196, 0, 1.0072, 0.2685, 0.4026, 0.0594, 0.5108, 0, 7.2729, 0.8094, 2.0649, 0.1361]
    ],
    [
      [0.0426, 0.0383, 0.724, 0.3171, 0, 0.3312, 0.2534, 0.6295, 0.2881, 0.3917, 0.7678, 0.7998, 0.112, 0.1462, 0.1762, 1.1902, 0.5516, 0.6571, 0.7758, 0.7291, 0.3299, 1.4433, 0.7394, 0.0285, 0.0492, 0.8997, 0.255, 0.2706, 0.0162, 1.0209, 0, 7.5531, 0.9344, 1.76, 0.3683],
      [1.0029, 1.9262, 6.2531, 3.6281, 0.2619, 5.4657, 3.3907, 6.592, 6.4435, 3.826, 9.5234, 7.3987, 1.3882, 2.5465, 2.9211, 10.4225, 5.8953, 4.079, 8.512, 6.0967, 2.4681, 15.5985, 8.1761, 0.3426, 0.2972, 12.0387, 2.8849, 3.6414, 0.3708, 10.256, 0, 68.5118, 10.0678, 23.5596, 5.4578],
      [0.1709, 0.5212, 1.368, 0.5879, 0.2538, 2.1152, 0.708, 1.3983, 1.5528, 0.919, 1.9312, 2.3457, 0.3324, 1.4359, 0.8184, 2.613, 1.0813, 0.7343, 1.7961, 2.6779, 1.2445, 3.0423, 1.4873, 0.0532, 0.1503, 7.1105, 1.1588, 1.7342, 0.0498, 2.268, 0, 29.9962, 2.0077, 4.728, 0.6664],
      [0.8499, 1.3311, 7.2161, 3.0853, 1.4852, 4.3496, 3.1839, 6.4458, 3.5883, 4.2553, 7.8397, 9.4017, 1.4089, 2.7348, 2.0643, 10.3109, 5.3208, 4.6957, 6.5173, 6.1546, 1.9816, 12.8205, 7.4107, 0.2705, 0.3825, 10.2284, 2.7867, 3.5228, 0.271, 10.9653, 0, 82.7546, 10.423, 17.2707, 5.0983],
      [0.7781, 2.1833, 5.9205, 3.3125, 0.9991, 1.9773, 1.6558, 5.7217, 2.9677, 3.4758, 3.7949, 8.5048, 1.6387, 3.9416, 1.431, 9.1593, 5.4841, 5.2709, 9.1311, 3.3955, 2.5979, 8.784, 4.5728, 0.2068, 0.1208, 10.5456, 1.1002, 2.6787, 0.1274, 8.6723, 0, 73.0445, 4.7511, 10.9283, 4.2678],
      [0.1557, 0, 1.5183, 1.069, 0, 1.761, 0.808, 1.2127, 2.1596, 1.1323, 2.1429, 1.5493, 0.1199, 1.1949, 0.5889, 2.304, 1.667, 1.5631, 1.2676, 1.9462, 0.378, 2.3115, 1.6137, 0.0984, 0, 3.1771, 0.8142, 1.1521, 0.1648, 1.8175, 0, 18.1398, 2.816, 5.7534, 1.1413]
    ]
  ],
  "V_est": [
    [774.166, 34.5281, 364.2923, 202.554, 1247.0205, 13.4388],
    [43.4491, 2026.0504, 176.0007, 539.2263, 287.5135, 229.7601],
    [323.9272, 564.3796, 934.2287, 2376.7945, 421.2448, 117.4253],
    [836.498, 481.967, 606.2034, 503.4096, 21341.1924, 51.73],
    [207.3697, 85.8301, 1789.2166, 408.5899, 1008.887, 23.1074],
    [24.5901, 261.2448, 81.0584, 258.4256, 213.1418, 63.5383]
  ],
  "p_est": [
    [0.2937, 0.0131, 0.1382, 0.0768, 0.4731, 0.0051],
    [0.0132, 0.6136, 0.0533, 0.1633, 0.0871, 0.0696],
    [0.0684, 0.1191, 0.1972, 0.5016, 0.0889, 0.0248],
    [0.0351, 0.0202, 0.0254, 0.0211, 0.8959, 0.0022],
    [0.0589, 0.0244, 0.5079, 0.116, 0.2864, 0.0066],
    [0.0273, 0.2896, 0.0899, 0.2865, 0.2363, 0.0704]
  ],
  "EI_Z": {},
  "EI_V": 7.2711,
  "MAE_Z": {},
  "MAE_V": 157.2249,
  "MAE_p": 0.0472,
  "runtime": 266.53
}
