{
  "X": [
    [34, 16, 20, 83, 502, 11],
    [23, 21, 23, 41, 394, 4],
    [16, 21, 25, 97, 344, 10],
    [71, 48, 52, 193, 1109, 30],
    [23, 14, 6, 58, 384, 8],
    [24, 25, 17, 68, 497, 4],
    [41, 41, 40, 556, 604, 37],
    [86, 81, 81, 768, 1403, 53],
    [10, 20, 18, 114, 315, 11],
    [0, 1, 0, 8, 5, 0],
    [1, 4, 3, 47, 40, 6],
    [2, 3, 4, 49, 15, 8],
    [8, 12, 10, 113, 139, 14],
    [53, 41, 38, 200, 928, 23],
    [22, 63, 114, 385, 719, 41],
    [13, 37, 51, 336, 280, 24],
    [16, 17, 25, 110, 157, 9],
    [36, 69, 62, 255, 794, 28],
    [24, 30, 65, 263, 445, 26],
    [46, 50, 108, 358, 1019, 17],
    [27, 34, 43, 243, 352, 16],
    [20, 42, 66, 363, 389, 31],
    [51, 51, 53, 364, 680, 18],
    [27, 32, 28, 199, 429, 14],
    [21, 41, 43, 197, 340, 25],
    [24, 34, 38, 291, 357, 23],
    [1, 6, 1, 7, 60, 0],
    [1, 0, 0, 3, 50, 1],
    [60, 46, 44, 327, 1230, 24],
    [18, 20, 32, 195, 261, 17],
    [19, 37, 32, 256, 281, 15],
    [32, 32, 17, 96, 540, 8],
    [6, 18, 66, 183, 313, 32],
    [76, 90, 145, 677, 1807, 56],
    [13, 14, 22, 122, 210, 8],
    [101, 153, 103, 866, 1227, 92],
    [11, 19, 9, 48, 197, 1]
  ],
  "W": [
    [56, 85, 462, 21, 42],
    [62, 44, 345, 24, 31],
    [41, 99, 301, 30, 42],
    [130, 197, 1015, 59, 102],
    [48, 69, 346, 8, 22],
    [68, 68, 432, 19, 48],
    [53, 525, 553, 54, 134],
    [140, 778, 1261, 121, 172],
    [34, 120, 280, 20, 34],
    [1, 7, 4, 0, 2],
    [5, 44, 35, 1, 16],
    [1, 47, 14, 6, 13],
    [12, 129, 117, 7, 31],
    [83, 246, 836, 36, 82],
    [65, 430, 594, 103, 152],
    [21, 360, 228, 44, 88],
    [20, 133, 117, 26, 38],
    [103, 298, 663, 60, 120],
    [49, 300, 367, 73, 64],
    [107, 421, 853, 94, 123],
    [32, 247, 299, 66, 71],
    [32, 390, 346, 61, 82],
    [65, 390, 622, 41, 99],
    [49, 208, 378, 45, 49],
    [48, 218, 285, 34, 82],
    [44, 311, 296, 42, 74],
    [10, 13, 49, 1, 2],
    [9, 4, 41, 0, 1],
    [116, 399, 1055, 54, 107],
    [34, 201, 202, 42, 64],
    [31, 265, 225, 39, 80],
    [77, 106, 477, 17, 48],
    [6, 222, 276, 80, 34],
    [150, 746, 1602, 166, 187],
    [21, 120, 193, 23, 32],
    [118, 884, 1161, 91, 288],
    [12, 51, 189, 6, 27]
  ],
  "method": "mvn_pdf",
  "cond_prob": [
    [
      [0.44325230088, 0.036643670259, 0.013064326319, 0.0031392045769, 0.50367911172, 0.00022138624752],
      [0, 0.03183223809, 0.039911871201, 0.79614371872, 0.13098566714, 0.0011265048486],
      [0, 0, 0, 0.016257209654, 0.98130290104, 0.0024398893056],
      [0.015867614135, 0.0086015916577, 0.55808441948, 0.053455325749, 0.22227152826, 0.14171952072],
      [0.21058693462, 0.2633709715, 0.098955139644, 0.15520466074, 0.11025108721, 0.16163120628]
    ],
    [
      [0.30451034365, 0.069562932758, 0.0075640234175, 0.0012112656796, 0.61715143449, 0],
      [0.0012365228367, 0.059143908835, 0.057842618185, 0.72874728731, 0.15302966284, 0],
      [0, 0, 0.00058811597562, 0.012188529951, 0.98722335407, 0],
      [0.008282607224, 0.013381240012, 0.65627601614, 0.038945512961, 0.20872312528, 0.07439149838],
      [0.12474739082, 0.44398762645, 0.13007841771, 0.12000921749, 0.10973850757, 0.071438839964]
    ],
    [
      [0.27833369432, 0.058039835155, 0.0051458350013, 0.0021806514422, 0.65615224959, 0.00014773449576],
      [0.0002191226093, 0.033997402444, 0.033867815886, 0.81828094653, 0.11288811187, 0.00074660066727],
      [0, 0.00066878440972, 0.00099010589785, 0.019451146106, 0.97742729117, 0.0014626724139],
      [0.0077834094705, 0.011359978422, 0.56335662533, 0.065811176379, 0.23028443269, 0.12140437771],
      [0.10316959787, 0.35029810611, 0.10089015136, 0.19218212656, 0.11446873973, 0.13899127837]
    ],
    [
      [0.41223394452, 0.051359615404, 0.0046292258595, 0.0015904447174, 0.52999125282, 0.00019551668274],
      [0, 0.040307862282, 0.040875687009, 0.79442831625, 0.12320134133, 0.0011867931215],
      [0, 0.00031874171338, 0.00083520931761, 0.017715066509, 0.97883721715, 0.0022937653082],
      [0.012958339783, 0.010925397381, 0.55422153894, 0.053461310256, 0.20763683816, 0.16079657548],
      [0.16318671731, 0.31778901807, 0.096067471005, 0.14858680464, 0.098628666968, 0.17574132201]
    ],
    [
      [0.3964084076, 0.049564361315, 0.0021576134561, 0.00093295372488, 0.55070980197, 0.00022686193094],
      [0.0020867245395, 0.051781284758, 0.026331519861, 0.74635911261, 0.17164035283, 0.0018010054015],
      [0.00015373332907, 0.0011042645477, 0, 0.010599402344, 0.98561214963, 0.0025304501521],
      [0.016425739576, 0.014470152758, 0.3730978453, 0.049284518009, 0.28831557718, 0.25840616718],
      [0.16562794515, 0.34318932968, 0.049762587329, 0.10885318618, 0.10883712599, 0.22372982566]
    ],
    [
      [0.25936324025, 0.048680409435, 0.0036247823619, 0.001592547498, 0.68673902046, 0],
      [0.00077261962718, 0.037840403492, 0.030141789575, 0.77190055145, 0.15934463585, 0],
      [0, 0, 0.00083279878654, 0.013581088447, 0.98558611277, 0],
      [0.010011287186, 0.012982201066, 0.50821179956, 0.062949488957, 0.32931475852, 0.076530464711],
      [0.12751139733, 0.39312339377, 0.097668330018, 0.17373747442, 0.15491938009, 0.053040024385]
    ],
    [
      [0.40766958823, 0.046168476769, 0.0038014331015, 0.0046954617484, 0.53736061017, 0.00030442998297],
      [0.0024214612318, 0.012307752723, 0.011105188717, 0.91795985022, 0.054436709553, 0.0017690375594],
      [0, 0, 0, 0.046392506841, 0.95007215154, 0.0035353416225],
      [0.012164319898, 0.0092949857704, 0.46030540111, 0.12914776791, 0.19919144249, 0.18989608282],
      [0.13033859256, 0.23574306955, 0.067998569471, 0.30741181652, 0.080555055608, 0.17795289629]
    ],
    [
      [0.41061656734, 0.05077784627, 0.0032537932617, 0.0028834501807, 0.5322724692, 0.00019587375161],
      [0.00089727606557, 0.027290666893, 0.016665640732, 0.8716762084, 0.082479518511, 0.00099068939736],
      [0, 0, 0, 0.030111942231, 0.96757216912, 0.0023158886451],
      [0.014466533403, 0.012318095217, 0.46296700394, 0.099104228053, 0.23372526339, 0.177418876],
      [0.15154156542, 0.29749112301, 0.067206935911, 0.22947358192, 0.092578644046, 0.16170814969]
    ],
    [
      [0.21991946411, 0.084206021145, 0.01517684825, 0.0026588887496, 0.6777199067, 0.00031887104415],
      [0, 0.036437747221, 0.031489125008, 0.83193519357, 0.098774948279, 0.0013629859253],
      [0, 0, 1.2398879259e-05, 0.022754828116, 0.97424100658, 0.0029917664259],
      [0.0055905893848, 0.012648183469, 0.53323576493, 0.068098642141, 0.2039254094, 0.17650141068],
      [0.070909600958, 0.36798535133, 0.089326622759, 0.18658970115, 0.095251157315, 0.18993756649]
    ],
    [
      [0, 0.058107631364, 0, 0.0059548280841, 0.93593754055, 0],
      [0, 0.024114047644, 0, 0.96203377159, 0.013852180767, 0],
      [0, 0.0095565646221, 0, 0.036442005882, 0.9540014295, 0],
      [0.0015525307575, 0.01279610347, 0.37199060499, 0.35342760159, 0.25879850074, 0.0014346584563],
      [0, 0.36743388832, 0, 0.55702037363, 0.075545738049, 0]
    ],
    [
      [0.19207983501, 0.057629368134, 0.0076346466677, 0.0070891316759, 0.73556701851, 0],
      [0, 0.0014319952288, 0.025177091406, 0.92658978239, 0.046801130971, 0],
      [0, 0, 0, 0.052987179013, 0.94701282099, 0],
      [0.00257795571, 0.0059530417382, 0.44906899988, 0.089574079806, 0.12694245263, 0.32588347023],
      [0.0023139293259, 0.22768077047, 0.087810359057, 0.26565491069, 0.061907747347, 0.35463228311]
    ],
    [
      [0.50023826519, 0.054011868379, 0.0053806622034, 0.0054272565634, 0.43492609708, 1.5850583237e-05],
      [0, 0, 0.020264127267, 0.96161837343, 0.018117499304, 0],
      [0.0031021946607, 0.0018253617618, 0.0048435220415, 0.067135858781, 0.92309306275, 0],
      [0.0070196469197, 0.0059854919126, 0.3060981564, 0.074087313164, 0.073487078166, 0.53332231344],
      [0.10878562523, 0.22188616273, 0.087523623793, 0.18569871464, 0.026871237544, 0.36923463606]
    ],
    [
      [0.35692205397, 0.048799971202, 0.0049120921504, 0.0021231239523, 0.58724275873, 0],
      [0, 0.0276265437, 0.036531156723, 0.82364494338, 0.1121973562, 0],
      [0, 0.00025372764172, 0.003689772281, 0.02082271315, 0.97523378693, 0],
      [0.0075271783233, 0.0074025561879, 0.39071734143, 0.046354906385, 0.1555587767, 0.39243924097],
      [0.11820145497, 0.25061523164, 0.06651003, 0.12785751721, 0.073818175427, 0.36299759075]
    ],
    [
      [0.42913732366, 0.046295442952, 0.0057750128596, 0.00097295014448, 0.5176064713, 0.00021279907842],
      [0, 0.047571254029, 0.045104939021, 0.73135835816, 0.17434629556, 0.0016191532263],
      [0, 0, 0.00087029543592, 0.011138185843, 0.98544261846, 0.0025489002567],
      [0.016685765109, 0.010827495126, 0.5163443597, 0.04161053142, 0.2482984374, 0.16623341124],
      [0.2046452999, 0.30567268194, 0.086693841461, 0.1121412992, 0.11439879745, 0.17644808005]
    ],
    [
      [0.20903387654, 0.052954577088, 0.0084670356857, 0.0025238214707, 0.72675085482, 0.00026983440008],
      [0, 0.03079238707, 0.051283272254, 0.79284347931, 0.12351738898, 0.0015634723846],
      [0, 0, 0, 0.017077007081, 0.98041239457, 0.0025105983514],
      [0.0035007073089, 0.0073882885124, 0.65152361753, 0.046063156472, 0.176767328, 0.11475690217],
      [0.052975165606, 0.29971205482, 0.1598085724, 0.19095400118, 0.11892578958, 0.17762441641]
    ],
    [
      [0.27563488493, 0.060135474248, 0.007555724136, 0.0032254087892, 0.65319276473, 0.00025574316665],
      [0, 0.025482068546, 0.037294099809, 0.85231613646, 0.083226639732, 0.0016810554488],
      [0, 0, 0.0010661614512, 0.028523995503, 0.96774881177, 0.0026610312789],
      [0.0055751854699, 0.0086845244434, 0.60179900276, 0.068745562783, 0.16936131284, 0.1458344117],
      [0.079163173361, 0.29751694646, 0.12151378329, 0.22238842672, 0.093440168065, 0.18597750211]
    ],
    [
      [0.41167516849, 0.037006505144, 0.0041776530665, 0.0014147559392, 0.54549238219, 0.00023353517426],
      [0, 0.036653095798, 0.045116007532, 0.7642100174, 0.15223080063, 0.0017900786447],
      [0, 0.00041335189951, 0.0012362508272, 0.014465753659, 0.98186996977, 0.0020146738453],
      [0.013988292149, 0.0093230522543, 0.56816931085, 0.047327625682, 0.24127707106, 0.119914648],
      [0.19481055354, 0.29195385856, 0.10523617126, 0.14233581899, 0.12345962005, 0.1422039776]
    ],
    [
      [0.24813018448, 0.066973695663, 0.0055414611918, 0.0017931867979, 0.67732001574, 0.00024145612922],
      [0, 0.047451733161, 0.045957152415, 0.75674056402, 0.14857252027, 0.0012780301354],
      [0, 0, 0, 0.014409418866, 0.98351286972, 0.0020777114142],
      [0.0066822733287, 0.012568349288, 0.57191669457, 0.047052574577, 0.23080682228, 0.13097328597],
      [0.083680454994, 0.39339159923, 0.11182497003, 0.14108345417, 0.11703321147, 0.15298631011]
    ],
    [
      [0.31840242553, 0.047964695584, 0.0063503209776, 0.0020550515389, 0.62500240503, 0.00022510134543],
      [0.0011363814169, 0.03021344405, 0.045667974137, 0.80413307545, 0.11749788003, 0.0013512449173],
      [0.00037677419044, 0.00056976002675, 0.00016820874598, 0.019170039941, 0.97737045486, 0.0023447622309],
      [0.0076415972186, 0.007961600496, 0.58976144036, 0.050928696463, 0.18647403148, 0.15723263398],
      [0.11501959374, 0.27805309274, 0.12303319179, 0.17040906779, 0.10653057676, 0.20695447718]
    ],
    [
      [0.26822732433, 0.035713205279, 0.006303936937, 0.0020483624075, 0.68770717104, 0],
      [0.0012009078956, 0.027614746563, 0.057583176928, 0.75582182867, 0.15777933994, 0],
      [0, 0, 0, 0.015500705467, 0.98449929453, 0],
      [0.0068643860988, 0.0063085458132, 0.66071131895, 0.041894968093, 0.21691854831, 0.067302232738],
      [0.13129139658, 0.27609654817, 0.17053737626, 0.1822732243, 0.15302429922, 0.086777155469]
    ],
    [
      [0.42811113169, 0.051442117152, 0.0032316257828, 0.0024850443909, 0.51473008099, 0],
      [0.00052195577284, 0.030723886791, 0.020380667578, 0.86003018584, 0.08824837847, 9.4925545635e-05],
      [0, 0.0013329462084, 0, 0.027766123266, 0.97090093053, 0],
      [0.016392859202, 0.014069866311, 0.49793845127, 0.097600620592, 0.25046850033, 0.1235297023],
      [0.1702759437, 0.33011112846, 0.070403173232, 0.22182127973, 0.097197023626, 0.11019145125]
    ],
    [
      [0.36316020783, 0.074807919487, 0.0088732638833, 0.0033185821795, 0.54955944644, 0.00028058017885],
      [0.00069490905721, 0.033564723291, 0.044769718429, 0.85146133106, 0.068437187212, 0.0010721309504],
      [9.5732703656e-05, 0.0014332555156, 0.0018483354761, 0.034645486958, 0.95855024574, 0.0034269436077],
      [0.0065935382544, 0.0095840610047, 0.61810473845, 0.059443329688, 0.12495608719, 0.18131824541],
      [0.093567432537, 0.31018744345, 0.12087746644, 0.18549395925, 0.066376687282, 0.22349701104]
    ],
    [
      [0.49829251382, 0.053734797955, 0.0053645207351, 0.0021130615291, 0.44041770027, 7.7405688024e-05],
      [0, 0.036141254323, 0.040059037007, 0.83691147624, 0.086398041321, 0.00049019110629],
      [0, 0.000243984512, 0.0014252432794, 0.027539692396, 0.96941206744, 0.0013790123697],
      [0.015091858601, 0.011409041926, 0.62463166846, 0.065312967417, 0.16858109661, 0.11497336699],
      [0.18173959999, 0.33123858446, 0.10638264639, 0.17838035284, 0.078701842999, 0.12355697332]
    ],
    [
      [0.38945085871, 0.068927348008, 0.0029934127089, 0.0024578662054, 0.53599216422, 0.00017835014887],
      [0.0023964879836, 0.040327052512, 0.018020301812, 0.84503875801, 0.093305771123, 0.00091162855508],
      [0, 0, 0, 0.025698955157, 0.97234123234, 0.0019598125067],
      [0.014640653646, 0.017957987269, 0.46972263134, 0.0911221541, 0.25288208142, 0.15367449222],
      [0.13795120425, 0.39645762445, 0.060562889592, 0.18973063071, 0.089879674959, 0.12541797603]
    ],
    [
      [0.29791483304, 0.075440500475, 0.008306773498, 0.0025441863248, 0.6155126285, 0.00028107816445],
      [0, 0.040936021322, 0.051379427352, 0.80712414142, 0.099127820308, 0.0014325895954],
      [0, 0.0003521846905, 0.00032541201621, 0.023471747902, 0.97284285202, 0.003007803368],
      [0.0055338916373, 0.0099842291596, 0.62006692, 0.047398401434, 0.14566306433, 0.17135349344],
      [0.079413849983, 0.34164593781, 0.12470173176, 0.15394905397, 0.080887463306, 0.21940196317]
    ],
    [
      [0.33750109181, 0.055729875942, 0.0050355051006, 0.0026831379308, 0.59883527671, 0.00021511250174],
      [0.00099415413856, 0.028146558565, 0.029004627728, 0.85070367716, 0.090075984142, 0.0010749982669],
      [0.00031516213822, 0.00055384590143, 0.00066047485392, 0.026007641387, 0.97012482679, 0.0023380489307],
      [0.0091126974887, 0.010423813085, 0.52255070375, 0.075906837129, 0.20188825257, 0.18011769598],
      [0.11303714508, 0.29989955687, 0.089396870786, 0.20846958546, 0.094612992149, 0.19458384965]
    ],
    [
      [0.097668238712, 0.35384559745, 0.0024877022545, 0.0084085128339, 0.53758994875, 0],
      [0, 0.030712475312, 0.042199630998, 0.52831471229, 0.3987731814, 0],
      [0, 0, 0, 0, 1, 0],
      [0.0063708071333, 0.15518653637, 0.41263857999, 0.029048698964, 0.39675537755, 0],
      [0.0084734028724, 0.95354765501, 0.0069445972469, 0.0093874564428, 0.021646888424, 0]
    ],
    [
      [0.11085905972, 0, 0, 0, 0.88914094028, 0],
      [0.00029083785659, 0, 0, 0.7493224432, 0.24838359141, 0.002003127536],
      [0, 0, 0, 0, 1, 0],
      [4.4567938027e-30, 2.1408103066e-30, 4.528214284e-294, 1.132992856e-35, 1.9805644585e-27, 1],
      [0.0011051111376, 0, 0, 0.0027102272174, 0.0041971717891, 0.99198748986]
    ],
    [
      [0.32804539074, 0.029145463216, 0.0024943072649, 0.0014990271705, 0.63866498461, 0.00015082699966],
      [0.0015369047882, 0.031008732294, 0.029390886299, 0.7355298459, 0.2014659813, 0.0010676494218],
      [0, 0.00075723883415, 0.0011969413729, 0.013776475223, 0.98275908202, 0.0015102625498],
      [0.015261016032, 0.0093424848927, 0.42302837723, 0.053678242277, 0.37015095133, 0.12853892824],
      [0.19167677382, 0.27049776568, 0.073620478554, 0.14875605507, 0.17505562937, 0.14039329751]
    ],
    [
      [0.28145351853, 0.035548509737, 0.0041217970842, 0.0026590844848, 0.67590033909, 0.0003167510736],
      [0.0022330108603, 0.014646353544, 0.025265039912, 0.85019807653, 0.10590230079, 0.0017552183697],
      [0, 0, 0, 0.022033647037, 0.97555460104, 0.0024117519257],
      [0.0089415140199, 0.0073335911334, 0.49739182286, 0.084160986582, 0.26409864225, 0.13807344316],
      [0.11884689997, 0.24280348092, 0.092048895577, 0.25053468137, 0.13404458795, 0.16172145421]
    ],
    [
      [0.30237441576, 0.057471210172, 0.0040339068465, 0.0028526799995, 0.63320300348, 6.4783741809e-05],
      [0.0013157267456, 0.028317443214, 0.021675449865, 0.85732961888, 0.091266039626, 9.5721672617e-05],
      [0.00025646175206, 0.0010637637161, 0, 0.026086777513, 0.97173013681, 0.00086286021089],
      [0.0096756172865, 0.012761652839, 0.50658268215, 0.094483005504, 0.25196696679, 0.12453007544],
      [0.11053340694, 0.3372152342, 0.079677875873, 0.23956069703, 0.10899017381, 0.12402261214]
    ],
    [
      [0.32705899768, 0.069605489369, 0.0037974030747, 0.0015388441843, 0.5979294003, 6.9865393804e-05],
      [0.0050157831762, 0.049537981929, 0.035964434443, 0.76607733956, 0.14269541434, 0.000709046559],
      [0, 0, 0.00072476820126, 0.015046700529, 0.98328206872, 0.00094646255092],
      [0.011805421353, 0.017391416017, 0.52344939612, 0.057298936669, 0.26903020587, 0.12102462398],
      [0.12675191665, 0.4394520242, 0.076062828047, 0.13595735268, 0.1090554579, 0.11272042052]
    ],
    [
      [0.32918792448, 0.054402676668, 0.0088323774197, 0.0018738234201, 0.60539785943, 0.00030533857587],
      [0, 0.037117682404, 0.069072651524, 0.77143816746, 0.12237149861, 0],
      [0, 0.001591142028, 0.0030551145729, 0.019181223364, 0.97617252004, 0],
      [0.013534316668, 0.01234701329, 0.56881265512, 0.032379231881, 0.12713498655, 0.24579179649],
      [0.086533150579, 0.23548653481, 0.12543097252, 0.11309199069, 0.076668402906, 0.3627889485]
    ],
    [
      [0.32757595431, 0.048566176205, 0.005227118306, 0.0020125099566, 0.61647356524, 0.00014467597562],
      [0.0010156667751, 0.031484419809, 0.038743649667, 0.80764933364, 0.12021606481, 0.00089086529792],
      [0.00019087397796, 0.00041940051194, 0.00071673276221, 0.01905420088, 0.97801835939, 0.0016004324736],
      [0.0094387691225, 0.009593494497, 0.56574360435, 0.059411104169, 0.2205496948, 0.13526333305],
      [0.1295898591, 0.30461655982, 0.10829692724, 0.18077351609, 0.11471187047, 0.16201126728]
    ],
    [
      [0.4031979834, 0.057305494586, 0.0065795570682, 0.0032957558205, 0.529385462, 0.00023574712288],
      [0.0011126267725, 0.024090485769, 0.031553881842, 0.87766879852, 0.06448599496, 0.0010882121352],
      [0.00073347930368, 0.0009241341026, 0.0016076567507, 0.035551556601, 0.95852196609, 0.0026612071518],
      [0.0094461681096, 0.0095412209889, 0.61796762467, 0.083004888366, 0.15752805763, 0.12251204023],
      [0.12626574262, 0.29712251115, 0.11099469876, 0.24499907652, 0.078959410058, 0.14165856089]
    ],
    [
      [0.50389813789, 0.084572246778, 0.0056897488632, 0.0030975402308, 0.40261670495, 0.00012562128683],
      [0.0015956301976, 0.043499141101, 0.033348989134, 0.86315131897, 0.058247937005, 0.00015698359558],
      [0.00077532184072, 0.0016421018115, 0.0025433781451, 0.042189439806, 0.94963308087, 0.0032166775252],
      [0.012716147088, 0.014660225236, 0.52563465974, 0.070904704344, 0.12592017901, 0.25016408458],
      [0.13219501595, 0.35182872725, 0.076605858251, 0.16380019644, 0.048671212925, 0.22689898919]
    ],
    [
      [0.49980149327, 0.099098821884, 0.0045804809362, 0.0017527933273, 0.39476641058, 0],
      [0.0024641178095, 0.060209827244, 0.050299074653, 0.79017590505, 0.096851075248, 0],
      [0, 0, 0, 0.022982694694, 0.97701730531, 0],
      [0.016801605474, 0.024323881789, 0.65817952658, 0.055249746873, 0.17462484849, 0.070820390789],
      [0.17688527554, 0.54052480212, 0.090026083777, 0.11128768682, 0.05997697932, 0.021299172417]
    ]
  ],
  "expected_outcome": [
    [
      [24.822128849, 18.8796413064, 11.411681467, 53.5904127877, 19.0276035649, 17.636700337, 21.606488176, 57.4863194273, 7.4772617797, 0, 0.96039917507, 0.50023826519, 4.2830646476, 35.6183978641, 13.5872019751, 5.7883325836, 8.2335033697, 25.557409001, 15.6017188509, 28.7003237035, 13.699556214, 11.6211266507, 32.3890133985, 19.0830920769, 14.2999119857, 14.8500480397, 0.97668238712, 0.99773153744, 38.0532653255, 9.5694196299, 9.3736068886, 25.1835428213, 1.9751275469, 49.1363931471, 8.4671576514, 59.4599802706, 5.9976179193],
      [2.0520455345, 4.312901831, 2.3796332414, 6.6767500025, 2.3790893431, 3.3102678416, 2.4469292687, 7.1088984778, 2.8630047189, 0.058107631364, 0.28814684067, 0.054011868379, 0.58559965442, 3.842521765, 3.4420475107, 1.2628449592, 0.74013010287, 6.8982906533, 2.3502700836, 3.8213129649, 1.6461477489, 2.3938534236, 3.4927618671, 3.3774400524, 3.6211440228, 2.4521145414, 3.5384559745, 0, 3.3808737331, 1.2086493311, 1.7816075153, 5.3596226814, 0.32641606001, 7.2849264307, 1.2034153863, 9.9795251198, 1.1891858626],
      [0.73160227388, 0.46896945189, 0.21097923505, 0.60179936173, 0.10356544589, 0.24648520061, 0.20147595438, 0.45553105664, 0.51601284049, 0, 0.038173233339, 0.0053806622034, 0.058945105804, 0.47932606734, 0.55035731957, 0.15867020686, 0.08355306133, 0.57077050275, 0.3111657279, 0.67452125226, 0.10341202505, 0.28394444427, 0.34869384778, 0.14667722274, 0.3987251279, 0.22156222442, 0.024877022545, 0, 0.28933964273, 0.14014110086, 0.12505111224, 0.29240003675, 0.052994264518, 0.7840677459, 0.13817069843, 0.67139036586, 0.054965771235],
      [0.17579545631, 0.075098472133, 0.089406709132, 0.20675781326, 0.044781778794, 0.10829322986, 0.24885947267, 0.4036830253, 0.090402217487, 0.0059548280841, 0.03544565838, 0.0054272565634, 0.025477487428, 0.080754861992, 0.1640483956, 0.067733584572, 0.028295118784, 0.18469824019, 0.10069752541, 0.2191747776, 0.079521420509, 0.10619462974, 0.13734899939, 0.12043544407, 0.12212094359, 0.11805806896, 0.084085128339, 0, 0.17388715178, 0.090408872482, 0.088433079985, 0.11849100219, 0.011242940521, 0.30187649348, 0.069210872231, 0.36550974723, 0.021033519928],
      [28.2060302564, 38.2633889385, 26.9022422331, 68.8988628661, 26.4340704946, 46.698253391, 28.4801123392, 74.5181456877, 23.0424768279, 0.93593754055, 3.6778350925, 0.43492609708, 7.0469131047, 42.961337118, 47.238805563, 13.7170480593, 10.9098476438, 69.7639616215, 30.6251178463, 73.5846673017, 16.4713625916, 17.585902286, 28.6271505176, 26.2636160466, 29.5446061681, 26.3487521754, 5.3758994875, 8.0022684626, 74.0851382149, 22.9806115292, 19.6292931079, 46.040563823, 3.6323871566, 92.4710347865, 11.117094702, 47.5087711846, 4.737196927],
      [0.012397629861, 0, 0.0060571143262, 0.025417168756, 0.010889372685, 0, 0.016134789097, 0.027422325226, 0.010841615501, 0, 0, 1.5850583237e-05, 0, 0.017662323509, 0.017539236005, 0.0053706064996, 0.0046707034851, 0.02486998131, 0.011029965926, 0, 0, 0.0089785657232, 0.0050313697215, 0.0087391572948, 0.013491751893, 0.0094649500766, 0, 0, 0.017495931961, 0.010769536502, 0.0020082959961, 0.0053796353229, 0.0018320314552, 0.021701396343, 0.0049506895806, 0.014823311846, 0]
    ],
    [
      [0, 0.054407004814, 0.021693138321, 0, 0.14398399322, 0.052538134648, 1.2712671467, 0.69808077901, 0, 0, 0, 0, 0, 0, 0, 0, 0, 0, 0.34091442506, 0.50558222403, 0.12892307589, 0.27101453231, 0, 0.49846950059, 0, 0.30918193709, 0, 0.0011633514264, 0.61322501049, 0.44883518292, 0.34866758758, 0.53167301668, 0, 0.75768741421, 0.1335152127, 1.4105370947, 0.12567000828],
      [2.7057402377, 2.6023319887, 3.3657428419, 7.9406488695, 3.5729086483, 2.5731474374, 6.4615701796, 21.2321388427, 4.3725296665, 0.16879833351, 0.063007790067, 0, 3.5638241374, 11.7025284912, 13.2407264401, 9.1735446766, 4.8748617411, 14.140616482, 9.0640332151, 11.6258083032, 7.5888000375, 13.0902420835, 14.095089186, 8.3880269226, 8.9240526483, 8.7535797137, 0.39926217906, 0, 12.3724841853, 2.9439170623, 7.5041224517, 5.2510260845, 8.2401254936, 23.4873771771, 2.8908582922, 38.4532407329, 3.0707011894],
      [3.3925090521, 2.5450752002, 3.3529137727, 8.0525103408, 1.8168748704, 2.0496416911, 5.8302240764, 12.9658684896, 3.778695001, 0, 1.1077920219, 0.95241398154, 4.7125192173, 11.0958149991, 22.0518070691, 13.4258759312, 6.0004290017, 13.6952314198, 13.7003922412, 24.2425174865, 5.0340248918, 17.4601901874, 15.6230244328, 3.7482227769, 11.2007151628, 9.0204392233, 0.54859520298, 0, 11.7269636332, 5.0782730223, 5.7439942142, 3.812230051, 15.3341286383, 28.9027626516, 3.786465821, 29.4805063947, 2.5652528073],
      [67.6722160916, 32.0648806415, 81.0098137062, 156.5023783019, 51.4987787703, 52.4892374987, 481.9289213634, 678.1640901363, 99.832223228, 6.7342364011, 40.7699504253, 45.1960635512, 106.2501976957, 179.914156108, 340.9226961023, 306.8338091271, 101.6399323138, 225.5086880773, 241.2399226356, 318.2009898699, 212.427455903, 332.0699191135, 326.3954757348, 175.768061667, 175.95306283, 264.5688435969, 6.8680912598, 2.9972897728, 293.4764085122, 170.8898133822, 227.1923490025, 81.204197993, 171.2592731772, 602.5064028959, 105.3202558226, 763.0257659669, 40.2989711573],
      [11.1337817065, 6.7333051648, 11.1759230748, 24.2706642429, 11.843184345, 10.8354352381, 28.5792725152, 64.1690654013, 11.8529937934, 0.096965265368, 2.0592497627, 0.85152246728, 14.4734589496, 42.8891887081, 53.1124772631, 29.9615903034, 20.2466964836, 44.2746110406, 35.2493640078, 66.4251021164, 21.797349482, 26.6905030127, 33.695236115, 19.4076003935, 21.6098648271, 28.0136310681, 5.1840513582, 0.99353436565, 80.3849265396, 21.286362458, 24.1855005009, 15.1257139195, 27.1664726909, 89.6811843489, 7.7383193952, 51.4911763123, 4.9394048377],
      [0.095752912134, 0, 0.073913466059, 0.23379824494, 0.1242693727, 0, 0.92874471869, 0.77075635115, 0.16355831103, 0, 0, 0, 0, 0.39831169366, 0.67229312539, 0.60517996156, 0.23808045974, 0.38085298034, 0.40537347519, 0, 0.023446609772, 0.41813107065, 0.19117453145, 0.18961873946, 0.31230453179, 0.334324461, 0, 0.0080125101441, 0.42599211928, 0.3527988923, 0.025366243244, 0.075158935254, 0, 0.66458551225, 0.13058545622, 0.13877349849, 0]
    ],
    [
      [0, 0, 0, 0, 0.053191731857, 0, 0, 0, 0, 0, 0, 0.04343072525, 0, 0, 0, 0, 0, 0, 0.13827612789, 0, 0, 0.033123515465, 0, 0, 0, 0.093287992914, 0, 0, 0, 0, 0.057703894213, 0, 0, 0.30578011269, 0.14156150561, 0.90014865708, 0],
      [0, 0, 0.20130410733, 0.32352283908, 0.38207553349, 0, 0, 0, 0, 0.038226258488, 0, 0.025555064665, 0.029686134081, 0, 0, 0, 0.048362172243, 0, 0.20910192982, 0, 0.3985509163, 0.4959064084, 0.15175836646, 0, 0.10037263679, 0.16393838682, 0, 0, 0.79888697003, 0, 0.23934683613, 0, 0.43915519974, 0.67187962013, 0.1783578818, 1.9064802032, 0],
      [0, 0.20290001159, 0.29802187525, 0.84773745737, 0, 0.35976907578, 0, 0, 0.0034716861926, 0, 0, 0.06780930858, 0.43170335687, 0.72756698443, 0, 0.24308481087, 0.14464134678, 0, 0.061732609776, 0, 0, 0.63952407472, 0.8865013198, 0, 0.092742424619, 0.19550055676, 0, 0, 1.2627731484, 0, 0, 0.345714432, 0.84321162211, 1.1482058851, 0.31027775289, 2.9528620265, 0],
      [7.5108308601, 4.205042833, 5.854794978, 17.9807925066, 3.6673932109, 5.8670302093, 25.6550562832, 37.9711591535, 6.3713518726, 0.14576802353, 1.8545512654, 0.93990202294, 2.4362574385, 9.3115233643, 10.1437422063, 6.5034709747, 1.6924931781, 9.5534447078, 7.0354046584, 13.2221017634, 8.3020708565, 11.9873384876, 17.1296886702, 9.7142050494, 6.6894481522, 7.6982618505, 0, 0, 14.5341813603, 4.4507967015, 5.8695249403, 7.1772761525, 5.2940176484, 30.5248298103, 6.861450424, 48.9819396153, 4.3437292972],
      [453.3619402807, 340.5920571554, 294.2056146429, 993.5197754091, 341.0218037711, 425.7732007149, 525.3898997995, 1220.108505265, 272.7874818419, 3.816005718, 33.1454487346, 12.9233028786, 114.1023530705, 823.8300290366, 582.364962373, 220.6467290828, 114.878786463, 652.0690326245, 358.6949569354, 839.7778982366, 290.2993782272, 331.6583850256, 602.9743059495, 367.5449858231, 277.2602128265, 287.1569487295, 49, 41, 1036.8108315312, 197.0620294095, 218.6392807819, 469.0255467787, 269.4236155298, 1566.7854117492, 184.9947394554, 1102.5240068911, 184.6562707028],
      [1.1272288592, 0, 0.44026439658, 2.3281717878, 0.87553575264, 0, 1.9550439173, 2.9203355815, 0.83769459924, 0, 0, 0, 0, 2.1308806146, 1.4912954207, 0.6067151316, 0.2357168399, 1.3775226676, 0.86052773875, 0, 0, 1.1857224883, 0.85774569396, 0.74080912752, 0.85722395988, 0.69206248348, 0, 0, 1.5933269901, 0.48717388899, 0.19414354745, 0.45146263679, 0, 2.5638928226, 0.5136129803, 3.7345626068, 0]
    ],
    [
      [0.33321989683, 0.19878257338, 0.23350228412, 0.7645420472, 0.1314059166, 0.19021445654, 0.65687327448, 1.7504505417, 0.1118117877, 0, 0.00257795571, 0.042117881518, 0.052690248263, 0.60068754393, 0.36057285282, 0.24530816068, 0.36369559588, 0.40093639972, 0.55783659696, 0.64525229329, 1.0819287073, 0.40220583352, 0.61876620264, 0.65882941409, 0.18815231567, 0.38273329453, 0.0063708071333, 0, 0.82409486574, 0.37554358884, 0.37734907417, 0.200692163, 1.0827453334, 1.5668356743, 0.21726186652, 1.157169385, 0.10080963284],
      [0.18063342481, 0.32114976028, 0.34079935265, 0.64459844547, 0.11576122207, 0.24666182026, 0.5019292316, 1.4904895212, 0.25296366939, 0, 0.0059530417382, 0.035912951475, 0.051817893315, 0.38978982455, 0.76099371678, 0.38211907551, 0.24239935861, 0.75410095727, 0.58119683621, 0.59300330644, 0.92861117652, 0.58462772128, 0.46777071897, 0.8081094271, 0.33946379143, 0.43780014956, 0.15518653637, 0, 0.50449418421, 0.3080108276, 0.49770446071, 0.29565407229, 0.98776106319, 1.5925200865, 0.21944808274, 1.3340804965, 0.14594329074],
      [11.719772809, 15.7506243874, 16.90069876, 32.6990707977, 2.9847827624, 9.6560241916, 24.8564916601, 56.0190074771, 10.6647152985, 0, 0.44906899988, 1.8365889384, 2.73502139, 18.5883969493, 67.1069326059, 26.4791561215, 14.7724020822, 34.3150016739, 43.0525851463, 62.1068639809, 32.8639377836, 37.7043890455, 25.6098984069, 21.1375184104, 21.0822752801, 21.9471295574, 0.41263857999, 0, 22.8435323704, 20.8904565599, 19.7567246038, 8.898639734, 45.5050124095, 93.9134383227, 14.2132553675, 47.8327540367, 3.9490771595],
      [1.1225618407, 0.93469231106, 1.9743352914, 3.1542173051, 0.39427614407, 1.1960402902, 6.973979467, 11.9916115944, 1.3619728428, 0, 0.089574079806, 0.44452387899, 0.32448434469, 1.4979791311, 4.7445051166, 3.0248047624, 1.2305182677, 2.8231544746, 3.7177948418, 3.9381270007, 6.4416409591, 3.626043111, 2.6778316641, 4.1004969345, 1.6115456488, 3.1880871594, 0.029048698964, 0, 2.898625083, 3.5347614364, 3.6848372147, 0.97408192338, 2.5903385505, 9.862243292, 1.9091124324, 6.4523280953, 0.33149848124],
      [4.6677020936, 5.0093550068, 6.9085329806, 12.2505734512, 2.3065246174, 6.2569804119, 10.7563378946, 28.2807568701, 4.0785081881, 0, 0.12694245263, 0.44092246899, 1.0889114369, 8.9387437465, 18.2070347843, 7.4518977648, 6.2732038477, 13.8484093365, 13.612604298, 20.3903435413, 16.5309210217, 7.6223213185, 6.911824961, 11.3796936638, 4.9525441872, 8.479306608, 0.39675537755, 0, 19.9881513718, 11.0921429745, 9.8267117046, 4.5735134997, 10.1707989239, 36.6112493374, 3.6231453255, 11.4587362896, 1.047749091],
      [2.9761099351, 1.7853959611, 3.6421313313, 9.4869979534, 2.0672493374, 1.4540788295, 10.2543884722, 21.4676839955, 3.5300282135, 0, 0.32588347023, 3.1999338807, 2.7470746868, 5.9844028045, 11.8199609236, 6.416714115, 3.1177808479, 7.8583971579, 11.4779822807, 6.3264098774, 8.1529603518, 11.0604129702, 4.7139080464, 6.9153521501, 5.8260187768, 7.5649432311, 0, 0, 6.9411021249, 5.7990846127, 4.8566729421, 2.0574186076, 19.6633437196, 22.4537132871, 2.8177769253, 22.764931697, 0.42492234473]
    ],
    [
      [8.8446512542, 3.8671691154, 4.3331231106, 16.6450451651, 3.6438147934, 6.1205470718, 17.4653714029, 26.065149252, 2.4109264326, 0, 0.037022869215, 1.414213128, 3.6642451041, 16.7809145919, 8.0522251721, 6.9663592557, 7.4028010344, 10.0416545993, 7.3612539992, 16.1488417791, 12.0895920028, 7.672529468, 17.9922203989, 6.7596090084, 6.5119356986, 8.3647487358, 0.016946805745, 0.0011051111376, 20.5094147983, 7.6062015984, 8.8426725554, 6.084091999, 2.9421271197, 24.2333036517, 4.0405037637, 38.0721645926, 4.7759024396],
      [11.061580803, 13.76361642, 14.7125204567, 32.4144798434, 7.550165253, 18.8699229007, 31.5895713201, 51.1684731583, 12.5115019452, 0.73486777664, 3.6428923275, 2.8845201155, 7.7690721808, 25.0651599192, 45.5562323324, 26.1814912886, 11.0942466252, 47.2069919075, 17.7953979352, 33.9598754255, 23.4378901208, 25.4353703633, 32.7926198615, 19.4264235979, 28.0149669007, 22.1925672084, 1.90709531, 0, 28.9432609274, 15.539422779, 26.9772187362, 21.0936971618, 8.0065421835, 56.9632966855, 9.5079203569, 101.3266734477, 14.5941696572],
      [4.1561158651, 4.032430949, 4.237386357, 9.7988820425, 1.0947769212, 4.6880798408, 9.1118083091, 11.5595929767, 3.0371051738, 0, 1.4049657449, 1.1378071093, 2.06181093, 7.1088949998, 24.2909030054, 10.6932129295, 3.9989745079, 13.4189964035, 7.8741242749, 20.9760972803, 4.9986252995, 9.9119522481, 10.5318819928, 2.96758159, 10.2255420046, 6.6153684381, 0.013889194494, 0, 7.8773912053, 5.8911293169, 6.3742300698, 3.6510157463, 4.2646530656, 20.2515253947, 3.5518303602, 22.0624871762, 2.430704262],
      [6.5185957512, 3.7202857423, 8.0716493153, 15.1558540731, 2.3947700959, 8.339398772, 41.1931834137, 39.4694560905, 6.3440498391, 1.1140407473, 4.250478571, 2.4140832903, 3.9635830336, 9.1955865346, 29.0250081792, 19.5701815511, 5.4087611216, 16.9300145001, 10.9061803387, 22.4196065884, 15.7493108609, 15.2105046583, 17.6596549315, 9.296800905, 12.6238224255, 15.4267493243, 0.018774912886, 0.0027102272174, 15.9168978928, 16.0342196074, 19.1648557626, 6.5259529288, 3.8451276835, 33.8046475083, 7.8399704487, 47.1744565753, 3.0047675443],
      [4.6305456628, 3.4018937345, 4.8076870686, 10.0601240307, 2.3944167719, 7.4361302441, 10.7943774515, 15.9235267758, 3.2385393487, 0.1510914761, 0.99052395755, 0.34932608807, 2.2883634382, 9.3807013908, 18.0767200166, 8.2227347897, 4.6914655619, 14.0439853769, 6.8179569125, 18.8219888041, 6.9009886774, 5.4428883571, 7.7914824569, 4.404104073, 6.6327719911, 7.001361419, 0.043293776848, 0.0041971717891, 18.7309523425, 8.5788536288, 8.7192139048, 5.2346619791, 2.6067256988, 21.4511197781, 2.5267011219, 14.0173093223, 1.6193784416],
      [6.7885106638, 2.2146040389, 5.8376336917, 17.9256148451, 4.9220561646, 2.5459211705, 23.8456881028, 27.8138017466, 6.4578772607, 0, 5.6741165298, 4.8000502688, 11.2529253132, 14.4687425637, 26.9989112943, 16.3660201853, 5.4037511489, 18.3583572128, 13.2450865394, 10.6735901226, 7.8235930385, 18.3267549052, 12.2321403585, 6.1454808256, 17.9909609796, 14.3992048743, 0, 0.99198748986, 15.0220828338, 10.3501730695, 9.9218089712, 5.410580185, 12.334824249, 30.2961069817, 4.5330739486, 65.3469088859, 0.57507765527]
    ]
  ],
  "prob": [
    [0.35127406841, 0.055105807502, 0.005193462687, 0.0022442422856, 0.58602051912, 0.00016189999005],
    [0.00096374285556, 0.032835879378, 0.035393658946, 0.82447606638, 0.10540850226, 0.00092215018744],
    [0.00010639625106, 0.00040882354771, 0.00072354585649, 0.02229081469, 0.97458890885, 0.0018815108077],
    [0.010063497224, 0.010766367855, 0.55267791063, 0.065420272141, 0.20783253725, 0.15323941491],
    [0.12825917238, 0.31680167378, 0.098824429665, 0.18495668979, 0.10052292866, 0.17063510572]
  ],
  "iterations": 185,
  "time": 8.503044,
  "message": "Converged",
  "status": 0,
  "miniter": 0,
  "maxiter": 1000,
  "maxtime": 3600,
  "param_threshold": 0.001,
  "ll_threshold": "-Inf",
  "initial_prob": "random",
  "adjust_prob_cond_method": "project_lp",
  "adjust_prob_cond_every": true,
  "candidates_id": ["THOMPSON, John Stanley.c", "GRIMWOOD, Rachel Louise.c", "CATCHPOLE, Brent Stanley.c", "HEREORA, David.c", "COLLINS, Judith Anne.c", "Other candidates votes.c"],
  "group_id": ["ACT New Zealand.p", "Labour Party.p", "National Party.p", "New Zealand First Party.p", "Other parties votes.p"]
}
