{
  "X": [
    [84, 80, 495, 828, 86],
    [16, 8, 117, 180, 25],
    [10, 8, 50, 73, 6],
    [8, 14, 109, 213, 6],
    [170, 240, 1294, 2230, 264],
    [1, 3, 10, 9, 1],
    [0, 2, 6, 4, 1],
    [3, 5, 12, 25, 4],
    [8, 25, 140, 277, 25],
    [114, 193, 1198, 1878, 180],
    [21, 37, 159, 363, 36],
    [78, 109, 733, 1264, 119],
    [1, 1, 1, 6, 0],
    [4, 2, 14, 39, 1],
    [1, 2, 11, 9, 4],
    [0, 1, 18, 20, 3],
    [0, 1, 10, 7, 0],
    [8, 1, 26, 86, 11],
    [18, 70, 352, 783, 63],
    [15, 13, 102, 201, 25],
    [1, 0, 10, 12, 0],
    [43, 64, 519, 884, 74],
    [36, 66, 316, 580, 60],
    [14, 21, 105, 181, 11],
    [11, 13, 89, 164, 15],
    [0, 5, 7, 8, 3],
    [0, 3, 7, 15, 3],
    [16, 40, 156, 281, 23],
    [17, 17, 155, 278, 45],
    [10, 27, 131, 258, 22],
    [3, 5, 14, 34, 2],
    [0, 0, 3, 7, 0],
    [4, 11, 30, 55, 2],
    [19, 40, 192, 361, 41],
    [17, 24, 114, 207, 17],
    [68, 145, 692, 986, 90],
    [8, 1, 57, 84, 9],
    [6, 7, 21, 53, 9],
    [8, 6, 25, 48, 4],
    [9, 16, 93, 174, 16],
    [4, 3, 15, 47, 1],
    [11, 19, 72, 203, 6],
    [14, 16, 117, 189, 27],
    [20, 41, 134, 342, 21],
    [28, 24, 157, 284, 25],
    [12, 17, 65, 187, 16],
    [18, 14, 142, 262, 48],
    [14, 21, 117, 272, 28],
    [1, 2, 2, 11, 2],
    [1, 0, 5, 1, 0],
    [1, 1, 0, 4, 0],
    [0, 0, 2, 5, 3],
    [1, 2, 20, 51, 3],
    [15, 21, 89, 265, 24],
    [3, 3, 18, 69, 5],
    [0, 0, 4, 6, 0],
    [15, 23, 102, 224, 22],
    [9, 15, 39, 87, 12],
    [0, 1, 4, 13, 3],
    [11, 17, 61, 164, 7],
    [6, 8, 57, 172, 9],
    [6, 6, 34, 84, 11],
    [21, 27, 118, 226, 31],
    [8, 13, 55, 186, 24],
    [15, 6, 50, 145, 12],
    [2, 0, 1, 6, 3],
    [0, 1, 2, 7, 0],
    [0, 2, 2, 8, 0],
    [25, 34, 192, 390, 44],
    [12, 39, 164, 365, 16],
    [21, 36, 177, 401, 40],
    [16, 138, 334, 311, 34],
    [122, 276, 1093, 1394, 205],
    [115, 217, 660, 906, 177],
    [0, 1, 5, 14, 2]
  ],
  "W": [
    [170, 81, 593, 636, 93],
    [28, 14, 131, 148, 25],
    [23, 11, 56, 54, 3],
    [37, 18, 129, 155, 11],
    [334, 239, 1633, 1740, 252],
    [1, 3, 16, 4, 0],
    [0, 2, 6, 3, 2],
    [3, 9, 17, 16, 4],
    [45, 40, 177, 192, 21],
    [317, 207, 1513, 1269, 257],
    [48, 28, 213, 287, 40],
    [218, 131, 933, 869, 152],
    [3, 0, 2, 4, 0],
    [8, 0, 22, 27, 3],
    [1, 1, 10, 10, 5],
    [4, 3, 19, 14, 2],
    [1, 0, 11, 6, 0],
    [19, 3, 30, 71, 9],
    [104, 82, 529, 490, 81],
    [44, 16, 135, 135, 26],
    [1, 2, 8, 10, 2],
    [139, 81, 623, 657, 84],
    [86, 66, 410, 424, 72],
    [28, 17, 141, 129, 17],
    [38, 18, 107, 112, 17],
    [2, 3, 11, 4, 3],
    [5, 0, 11, 11, 1],
    [53, 41, 191, 205, 26],
    [43, 22, 200, 225, 22],
    [35, 19, 149, 213, 32],
    [5, 3, 20, 26, 4],
    [3, 0, 4, 3, 0],
    [8, 8, 39, 39, 8],
    [60, 42, 287, 222, 42],
    [39, 37, 160, 114, 29],
    [181, 155, 940, 569, 136],
    [15, 1, 65, 75, 3],
    [7, 8, 27, 41, 13],
    [7, 3, 31, 41, 9],
    [15, 16, 119, 138, 20],
    [11, 1, 22, 31, 5],
    [33, 19, 96, 144, 19],
    [26, 16, 139, 162, 20],
    [65, 37, 224, 202, 30],
    [44, 28, 222, 184, 40],
    [44, 16, 96, 122, 19],
    [46, 15, 202, 185, 36],
    [26, 25, 181, 183, 37],
    [2, 1, 3, 11, 1],
    [1, 0, 5, 1, 0],
    [1, 0, 3, 2, 0],
    [0, 0, 1, 5, 4],
    [8, 3, 23, 42, 1],
    [28, 36, 141, 177, 32],
    [7, 5, 25, 54, 7],
    [0, 0, 3, 7, 0],
    [40, 24, 138, 159, 25],
    [8, 12, 53, 76, 13],
    [1, 2, 4, 11, 3],
    [28, 7, 92, 123, 10],
    [22, 9, 89, 113, 19],
    [10, 11, 46, 55, 19],
    [29, 27, 165, 175, 27],
    [37, 16, 86, 121, 26],
    [27, 8, 61, 115, 17],
    [1, 0, 3, 7, 1],
    [1, 1, 3, 5, 0],
    [2, 1, 2, 4, 3],
    [70, 24, 304, 229, 58],
    [49, 40, 241, 224, 42],
    [65, 40, 271, 232, 67],
    [41, 127, 421, 196, 48],
    [232, 233, 1299, 1085, 241],
    [154, 112, 866, 734, 209],
    [6, 1, 7, 5, 3]
  ],
  "method": "mult",
  "cond_prob": [
    [
      [0.045048292159, 0.0033055731062, 0.13979935235, 0.78890906732, 0.022937715073],
      [0.00039150651279, 0.35201516681, 0.38302054197, 0.24757337409, 0.01699941062],
      [0.0048318782384, 0.071703425492, 0.63920911374, 0.26832495618, 0.015930626352],
      [0.10000275378, 0.0030211414247, 0.074497844998, 0.75355429801, 0.068923961783],
      [0.10583895811, 0.069712331156, 0.14814851976, 0.38123422261, 0.29506596835]
    ],
    [
      [0.037230589994, 0.0015869274315, 0.15173214415, 0.78157590924, 0.027874429183],
      [0.00037826266093, 0.20117381752, 0.48767859572, 0.28658226601, 0.024187058087],
      [0.003910732063, 0.032956941702, 0.68396704411, 0.26018136623, 0.018983915897],
      [0.083064944267, 0, 0.083704892409, 0.74858683687, 0.084643326454],
      [0.085853206048, 0.032870928949, 0.15743971078, 0.36916447935, 0.35467167488]
    ],
    [
      [0.065480927936, 0.0032298720371, 0.14896032358, 0.75975661862, 0.022572257823],
      [0.00055403454678, 0.34965523757, 0.40141980731, 0.23200558569, 0.016365334893],
      [0.0034327828783, 0.066995807918, 0.68143070741, 0.23391549349, 0.014225208311],
      [0.14541467167, 0.0024388992305, 0.065685846126, 0.71907416282, 0.067386420159],
      [0.14773872212, 0.065346509343, 0.15037979062, 0.34808796717, 0.28844701075]
    ],
    [
      [0.017922977399, 0.0025732469485, 0.13354969692, 0.83838128503, 0.0075727937],
      [0.0001702507795, 0.30489298196, 0.40133531478, 0.2874579643, 0.0061434881746],
      [0.0019978583934, 0.058291888582, 0.63802225238, 0.29621500256, 0.005472998089],
      [0.041610801486, 0.00057650370968, 0.080191764278, 0.85543385785, 0.022187072681],
      [0.056944305382, 0.073427680493, 0.19091195709, 0.54560598187, 0.13311007517]
    ],
    [
      [0.033933411414, 0.0034980128563, 0.13298367023, 0.80370125882, 0.025883646679],
      [0.00029280386517, 0.3687157028, 0.36151865048, 0.25043247563, 0.019040367224],
      [0.0037205486199, 0.077496947663, 0.62096042453, 0.27945063779, 0.018371441405],
      [0.076286525043, 0.0033636908882, 0.065614196303, 0.77524488233, 0.079490705441],
      [0.078500202354, 0.072632035949, 0.13882310262, 0.38270409177, 0.32734056731]
    ],
    [
      [0.083096776746, 0.0039741221175, 0.10472015062, 0.77345142618, 0.034757524338],
      [0.0006341413043, 0.47649337231, 0.28012313826, 0.21833166026, 0.02441768787],
      [0.010031064306, 0.097226473566, 0.55547413469, 0.30695943452, 0.030308892924],
      [0.18862594261, 0.0027305459759, 0.041831069899, 0.6650506602, 0.10176178132],
      [0.13874391487, 0.053419268935, 0.068722727917, 0.22086522429, 0.51824886399]
    ],
    [
      [1.2836953722e-16, 0.0056814460228, 0.1823674942, 0.78433476505, 0.027616294726],
      [0, 0.51818678646, 0.33040539344, 0.13858934343, 0.012818476669],
      [0, 0.098882800424, 0.78607807726, 0.11503912231, 0],
      [0, 0.051805484201, 0.097743381942, 0.81324313613, 0.037207997729],
      [0, 0.10745658597, 0.16474530186, 0.29642858544, 0.43136952674]
    ],
    [
      [0.055874098293, 0.0032301273956, 0.093421172558, 0.81712664113, 0.030347960625],
      [0.00052786026431, 0.40932827841, 0.28763872451, 0.2776358693, 0.024869267522],
      [0.023119656874, 0.060162752729, 0.47899008037, 0.39468111017, 0.043046399852],
      [0.12211993961, 0.0023582069035, 0.039713852677, 0.74737866892, 0.088429331885],
      [0.12016844051, 0.061464251327, 0.088183738145, 0.34556491932, 0.3846186507]
    ],
    [
      [0.013966309685, 0.0026997371723, 0.12127773463, 0.83950063535, 0.022555583169],
      [0.00013436258169, 0.32109105527, 0.36868853579, 0.29156132368, 0.018524722677],
      [0.0016321524933, 0.060609948333, 0.60629523369, 0.31437848655, 0.017084178927],
      [0.032936410312, 0, 0.0496606194, 0.8470160663, 0.070386903987],
      [0.035879037603, 0.062233750545, 0.14027929627, 0.44228293392, 0.31932498166]
    ],
    [
      [0.028369634656, 0.0030342796703, 0.13252401571, 0.81584967186, 0.020222398101],
      [0.00025780573092, 0.3369030112, 0.37944352917, 0.26772838568, 0.015667268218],
      [0.002264178157, 0.067076660546, 0.63496844014, 0.28338874412, 0.012301977038],
      [0.065419207919, 0.0023978946004, 0.061245780715, 0.80821736069, 0.062719756077],
      [0.072026395435, 0.069141223239, 0.15181685144, 0.42630691681, 0.28070861308]
    ],
    [
      [0.025276847114, 0.004082439161, 0.1191304955, 0.82968849317, 0.021821725053],
      [0.00021083383758, 0.4206999763, 0.31373312953, 0.24982545263, 0.015530607703],
      [0.0029003586235, 0.094939067335, 0.58413696753, 0.30180220119, 0.016221405316],
      [0.058090233183, 0.0041433056571, 0.051516869004, 0.8191836192, 0.06706597296],
      [0.062278367017, 0.09033233795, 0.13226732752, 0.41975680227, 0.29536516525]
    ],
    [
      [0.028739722266, 0.0027250991334, 0.12847547519, 0.81940346772, 0.020656235693],
      [0.00027318579998, 0.31685655014, 0.38486987899, 0.28125885984, 0.016741525234],
      [0.0034127235879, 0.059557712701, 0.62243783986, 0.30056070879, 0.01403101506],
      [0.066044272197, 0.0021457930013, 0.059158609764, 0.80880854103, 0.063842784005],
      [0.073173747103, 0.062274212186, 0.14757273542, 0.42925901278, 0.28772029251]
    ],
    [
      [0.08112060247, 0.003039757475, 0.068524887068, 0.84731475299, 0],
      [0, 1, 0, 0, 0],
      [0.0057964553008, 0.49544036379, 0.31338342751, 0.1853797534, 0],
      [0.1862613205, 0, 0.041914620945, 0.77182405856, 0],
      [0.16583212663, 0.49367885835, 0.055677365853, 0.28481164916, 0]
    ],
    [
      [0.047241453535, 0.0031112854954, 0.10097049082, 0.84232472078, 0.0063520493713],
      [0.00042844303438, 0.42355651136, 0.29608145489, 0.27496981904, 0.0049637716667],
      [0.0059880771085, 0.077892549166, 0.5677559216, 0.34310276967, 0.0052606824557],
      [0.11316794566, 0, 0.010721235556, 0.85792012011, 0.018190698675],
      [0.1449320475, 0.087157878131, 0.13737747942, 0.51643268602, 0.11409990893]
    ],
    [
      [0.034351560124, 0.0054950242727, 0.22413025157, 0.68881348091, 0.047209683128],
      [0.00017778650343, 0.46508985183, 0.38647783683, 0.12690764103, 0.021346883809],
      [0, 0.094004940418, 0.85633742282, 0.038990880215, 0.010666756545],
      [0.067625075718, 0.017126527233, 0.10066466025, 0.66817439972, 0.14640933708],
      [0.057843979238, 0.083620089476, 0.16387421618, 0.22252521574, 0.47213649936]
    ],
    [
      [3.7457342787e-34, 0.0012569005838, 0.16492794862, 0.79933767816, 0.034477472639],
      [3.9141872514e-18, 0.17373344049, 0.52025779891, 0.27712074356, 0.028888017038],
      [0, 0.021571822975, 0.75649463387, 0.20772958755, 0.0142039556],
      [0, 0.0010158653579, 0.07759919153, 0.80940650647, 0.11197843664],
      [0, 0.024842662327, 0.15986404188, 0.3463669013, 0.46892639449]
    ],
    [
      [0, 0.0043659770815, 0.20062069136, 0.79501333156, 0],
      [0, 0.49624839769, 0.35692533893, 0.14682626338, 0],
      [1.0092936588e-17, 0.088378192627, 0.8340118191, 0.077609988276, 0],
      [0, 0.0039123173375, 0.10420821643, 0.89187946623, 0],
      [0, 0.14754164035, 0.31373181754, 0.53872654211, 0]
    ],
    [
      [0.038235334305, 0.00077064091051, 0.119896782, 0.81265365598, 0.0284435868],
      [0.00047602464635, 0.12819150503, 0.47629263311, 0.36473046235, 0.030309374868],
      [0.0046781371486, 0.0150831084, 0.63851117873, 0.31474576288, 0.026981812848],
      [0.089010914593, 0, 0.028111927886, 0.79592590834, 0.086951249179],
      [0.090220169298, 0.016476672845, 0.12686677788, 0.39025297453, 0.37618340545]
    ],
    [
      [0.01128733054, 0.0028156903331, 0.10250086169, 0.86473093844, 0.018665178994],
      [0.00011325170028, 0.34634023701, 0.32428974747, 0.31328442998, 0.015972333829],
      [0.0026646536591, 0.065339472981, 0.53117141853, 0.38520525209, 0.015619202746],
      [0.026300752708, 0.0022472152, 0.047835353809, 0.86512720653, 0.058489471758],
      [0.031109387307, 0.069648791549, 0.12739688055, 0.49003394557, 0.28181099502]
    ],
    [
      [0.034253021365, 0.0023199416368, 0.12114451339, 0.81541349023, 0.026869033379],
      [0.00034600800545, 0.29205406176, 0.38711153012, 0.29730664003, 0.023181760085],
      [0.0073551915057, 0.049700081318, 0.59106555026, 0.32661787907, 0.025261297847],
      [0.077023996029, 0.0017830121063, 0.054418182828, 0.78556174417, 0.081213064872],
      [0.080620792875, 0.049032306443, 0.12829049853, 0.39310196358, 0.34895443858]
    ],
    [
      [0.032644276975, 0, 0.18407982255, 0.78327590047, 0],
      [0.00036234922598, 0, 0.68963238394, 0.31000526683, 0],
      [0.0029101318442, 0, 0.77859262957, 0.21849723859, 0],
      [0.069204133442, 1.3877787808e-17, 0.15990428019, 0.77089158637, 0],
      [0.1256543177, 0, 0.30443578555, 0.56990989675, 0]
    ],
    [
      [0.02233192152, 0.0025109318437, 0.13755676118, 0.81817961947, 0.019420765986],
      [0.00021197598637, 0.29202162265, 0.41161638526, 0.28043011985, 0.015719896259],
      [0.0024502949295, 0.055715459871, 0.64337003381, 0.28466661863, 0.013797592758],
      [0.050891233379, 0.00049378367428, 0.079237865409, 0.8115085249, 0.057868592638],
      [0.058531175987, 0.059072400781, 0.1626175518, 0.44106891572, 0.27870995571]
    ],
    [
      [0.028157282851, 0.0035821601727, 0.12549700958, 0.82053394475, 0.022229602653],
      [0.00024462574217, 0.38201228991, 0.34388068903, 0.25738962283, 0.016472772483],
      [0.0031808360633, 0.081881687977, 0.60476855113, 0.29390537634, 0.016263548496],
      [0.064343987262, 0.0028898995389, 0.057914091719, 0.80692553845, 0.067926483027],
      [0.069115763764, 0.078921022445, 0.13889515069, 0.41401018114, 0.29905788196]
    ],
    [
      [0.03650705349, 0.0037545596204, 0.1250941363, 0.82042717893, 0.014217071665],
      [0.00031136630748, 0.39915969663, 0.33760445456, 0.25256536343, 0.010359119073],
      [0.0031075837274, 0.086463781794, 0.60820020248, 0.29405661873, 0.0081718132746],
      [0.084267752586, 0.0029608703837, 0.057658233002, 0.81100092048, 0.044112223549],
      [0.097870581526, 0.090341880913, 0.15082046175, 0.45019563701, 0.2107714388]
    ],
    [
      [0.03142611061, 0.0026495518103, 0.13124380616, 0.81342568195, 0.021254849468],
      [0.00029677826614, 0.31281418662, 0.39248269554, 0.27725451183, 0.017151827739],
      [0.0035235828702, 0.058443769277, 0.63153941588, 0.29103459922, 0.015458632756],
      [0.072161785751, 0, 0.061204645054, 0.80228786766, 0.064345701534],
      [0.078901318638, 0.059716374086, 0.14814171182, 0.41778232815, 0.29545826731]
    ],
    [
      [0, 0.0090160552225, 0.12013578228, 0.81620180046, 0.05464636203],
      [0, 0.64878490688, 0.19141924037, 0.13693611275, 0.022859739998],
      [0, 0.23938768073, 0.52100202063, 0.19492355376, 0.044686744886],
      [0, 0.0068197573559, 0.052735506506, 0.7727311836, 0.16771355254],
      [2.7882873408e-33, 0.12502321714, 0.081168820475, 0.24056807837, 0.55323988402]
    ],
    [
      [0, 0.011044513822, 0.11668071722, 0.81894837749, 0.053326391471],
      [0, 0.75099797975, 0.13278294822, 0.10031990576, 0.015899166269],
      [0, 0.24529741316, 0.52517864077, 0.19349038478, 0.036033561299],
      [1.301678489e-33, 0.008354396342, 0.051214937896, 0.77629181759, 0.16413884817],
      [0, 0.15460752642, 0.076267048623, 0.23765388653, 0.53147153843]
    ],
    [
      [0.026767216549, 0.0042605687457, 0.13101938796, 0.81849523663, 0.019457590119],
      [0.00021370338579, 0.42016343939, 0.33045239309, 0.23591047904, 0.013259985098],
      [0.0029050605872, 0.093740536676, 0.6080538849, 0.28161521734, 0.013685300494],
      [0.059871513239, 0.010496914923, 0.075730035829, 0.79618666072, 0.057714875287],
      [0.06707880377, 0.09581456836, 0.14786442156, 0.42079426375, 0.26844794256]
    ],
    [
      [0.027282652339, 0.0022673015301, 0.13196702985, 0.80005065005, 0.03843236623],
      [0.00026758228213, 0.27543130211, 0.4088639014, 0.28326486261, 0.032172351598],
      [0.0030601602298, 0.049576876381, 0.6329465401, 0.28447692525, 0.029939498035],
      [0.062070493557, 0, 0.049035620623, 0.76885120411, 0.12004268171],
      [0.056503001952, 0.042165550527, 0.12309496475, 0.33995859525, 0.43827788752]
    ],
    [
      [0.016444974083, 0.0043197047074, 0.14167523581, 0.81955446146, 0.018005623941],
      [0.00012692127994, 0.41414185341, 0.34556629079, 0.22830323939, 0.011861695134],
      [0.0017004122297, 0.090651691033, 0.62698453186, 0.26859814063, 0.012065224249],
      [0.036649356415, 0.010600872194, 0.097507118525, 0.80295589818, 0.052286754682],
      [0.042573127005, 0.10046960561, 0.16518424152, 0.4352219698, 0.25655105607]
    ],
    [
      [0.038695318133, 0.0054767139304, 0.10913755049, 0.83404780982, 0.012642607633],
      [0.00027012393431, 0.5361529802, 0.24656168575, 0.20940617507, 0.0076090350426],
      [0.0044221640264, 0.13112013103, 0.5540485869, 0.30096379942, 0.0094453186214],
      [0.08869681823, 0.0083479136529, 0.043067401032, 0.82362463116, 0.036263235925],
      [0.10278812076, 0.13117727852, 0.12847575639, 0.44200650678, 0.19555233756]
    ],
    [
      [0, 0, 0.10790437518, 0.89209562482, 0],
      [0, -0, 0.55876617778, 0.44123382222, 0],
      [0, 0, 0.62977895736, 0.37022104264, 0],
      [1.1102230246e-16, 0, 0.052390348343, 0.94760965166, 0],
      [0, 0, 0.22310539122, 0.77689460878, 0]
    ],
    [
      [0.033144702491, 0.0055953190246, 0.12264200346, 0.8311835589, 0.0074344161289],
      [0.00023246506662, 0.51009223187, 0.2751208894, 0.21007747052, 0.0044769431387],
      [0, 0.13994410815, 0.59793572782, 0.26167013445, 0.00045002958175],
      [0.076176077098, 0.0067536457468, 0.057440822891, 0.83603363642, 0.023595817839],
      [0.095264456588, 0.14416089886, 0.15727642242, 0.48243308758, 0.12086513456]
    ],
    [
      [0.026025264928, 0.0031545226843, 0.10827187055, 0.83698163243, 0.025566709414],
      [0.0002467553393, 0.36845430623, 0.32409399055, 0.28651707954, 0.020687868339],
      [0.006026481295, 0.072933153303, 0.543847762, 0.35233303778, 0.024859565622],
      [0.058860634974, 0.002441318262, 0.048989961824, 0.81196675315, 0.077741331794],
      [0.062653792482, 0.068139526794, 0.11742049872, 0.41359961122, 0.33818657078]
    ],
    [
      [0.041153398245, 0.0026932725548, 0.10759550133, 0.8311912795, 0.017366548364],
      [0.00041605505212, 0.33716496558, 0.34406463917, 0.30335484651, 0.014999493689],
      [0.010268568662, 0.058366719511, 0.54903493155, 0.36705209547, 0.015277684814],
      [0.092921638074, 0.0020778035115, 0.048520292565, 0.8037907955, 0.052689470351],
      [0.10839950707, 0.063597031782, 0.12746487583, 0.4482387868, 0.25229979852]
    ],
    [
      [0.035087865992, 0.0034524255168, 0.12367553398, 0.818150498, 0.019633676507],
      [0.00031198243399, 0.37549780489, 0.34661010084, 0.26269329064, 0.014886821196],
      [0.0043615243422, 0.078768361771, 0.60072379521, 0.30216016783, 0.01398615084],
      [0.079962323966, 0.0026954014057, 0.05646434733, 0.800705743, 0.060172184301],
      [0.088252527648, 0.077919174695, 0.14030574697, 0.42327334032, 0.27024921037]
    ],
    [
      [0.041332718625, 0.00059783641472, 0.16044490518, 0.76966334613, 0.027961193648],
      [0.0004642727513, 0.087655658773, 0.5731346356, 0.31186236086, 0.026883072011],
      [0.0042544691688, 0.012643062733, 0.71347209628, 0.25093410437, 0.018696267451],
      [0.090886307739, 0.00058927187617, 0.095278912822, 0.72995191995, 0.083293587613],
      [0.095510457157, 0.012460775554, 0.16619568895, 0.36202555569, 0.36380752265]
    ],
    [
      [0.044579448982, 0.0039025929923, 0.10980627759, 0.81450507734, 0.027206603092],
      [0.00037840265963, 0.43246556648, 0.29844841076, 0.24889313293, 0.019814487164],
      [0.00530704381, 0.092263636413, 0.57148044564, 0.30651068697, 0.024438187164],
      [0.10347420035, 0, 0.023999891799, 0.78615425201, 0.086371655844],
      [0.099937249137, 0.07860301031, 0.10998470575, 0.36916973188, 0.34230530292]
    ],
    [
      [0.06544158652, 0.0048647190128, 0.13319003719, 0.7816968926, 0.01480676467],
      [0.0004762507988, 0.47491953609, 0.31052104869, 0.20483399898, 0.0092491654355],
      [0.0069140081227, 0.10638022334, 0.61541334947, 0.26110502956, 0.010187389514],
      [0.14367770337, 0.0068482087793, 0.067173124063, 0.74040474192, 0.041896221868],
      [0.15948445024, 0.10695831947, 0.14491051928, 0.38475215773, 0.20389455328]
    ],
    [
      [0.022633285554, 0.0031625401186, 0.1279298101, 0.82664825509, 0.01962610914],
      [0.0002029474673, 0.3542116472, 0.36307384716, 0.26747808962, 0.015033468552],
      [0.0025433087775, 0.072252551629, 0.61655211035, 0.29434995712, 0.014302072124],
      [0.052047959045, 0.0015689489849, 0.064656583484, 0.82269183032, 0.059034678168],
      [0.058599073223, 0.073530346961, 0.14897808207, 0.43807546294, 0.2808170348]
    ],
    [
      [0.038848529164, 0.0036989163598, 0.10059140275, 0.85194136539, 0.0049197863413],
      [0.00033323367692, 0.4548241052, 0.27809192948, 0.26312118494, 0.0036295467039],
      [0.0048655343272, 0.089703028811, 0.55656207685, 0.34484978716, 0.0040195728538],
      [0.091997954968, 0, 0.021432724596, 0.87344651161, 0.013122808824],
      [0.12267091726, 0.1062042362, 0.14132449744, 0.54039732366, 0.089403025442]
    ],
    [
      [0.024807236255, 0.0037517755304, 0.10728108694, 0.85718374781, 0.0069761534683],
      [0.00022067686267, 0.41719395463, 0.30210471188, 0.27518018524, 0.0053004713932],
      [0.0030427004525, 0.093266507699, 0.56466515803, 0.33347747795, 0.0055481558718],
      [0.05844501482, 0, 0.039262266621, 0.88247800062, 0.019814717937],
      [0.077315103457, 0.1050485016, 0.15042700218, 0.54704435948, 0.12016503329]
    ],
    [
      [0.031641809766, 0.0030399705327, 0.14573626209, 0.78848896954, 0.031092988078],
      [0.00027485229882, 0.32907803167, 0.40038593805, 0.24719679977, 0.023064378215],
      [0.0032982552212, 0.064378668786, 0.6508215188, 0.26048948706, 0.021012070129],
      [0.069949628223, 0.0031727949444, 0.083177201874, 0.74862505651, 0.095075318444],
      [0.06913090307, 0.059654225857, 0.14328921798, 0.35294200696, 0.37498364613]
    ],
    [
      [0.029774006221, 0.0038346721387, 0.090950331531, 0.86013187767, 0.015309112434],
      [0.00027452166939, 0.43649667405, 0.26485765115, 0.28632302438, 0.012048128743],
      [0.0085006663799, 0.094529987017, 0.47568937739, 0.40710761145, 0.014172357767],
      [0.067866328226, 0.002990242483, 0.041462075506, 0.84076350145, 0.046917852333],
      [0.081379490772, 0.094054109926, 0.11195785236, 0.48237145971, 0.23023708724]
    ],
    [
      [0.045787757429, 0.0025237860596, 0.11429763355, 0.81928103305, 0.018109789914],
      [0.00046501829357, 0.31677641141, 0.36668576343, 0.30037234263, 0.015700464234],
      [0.010450271987, 0.055516960691, 0.57181914602, 0.34680284367, 0.015410777638],
      [0.10286150945, 0.0019393584479, 0.051345846034, 0.78916377871, 0.054689507359],
      [0.11814600103, 0.058440166654, 0.13280541653, 0.43362105939, 0.25698735639]
    ],
    [
      [0.030349634033, 0.0036612691914, 0.099571599215, 0.8460351569, 0.020382340658],
      [0.00027668687508, 0.41803851809, 0.28743999965, 0.27837011188, 0.015874683505],
      [0.0038599083215, 0.089206794976, 0.54359091156, 0.34423117365, 0.019111211499],
      [0.072342650306, 0, 0.013730851201, 0.85182370121, 0.062102797283],
      [0.077043925072, 0.083496607815, 0.11367990969, 0.4395708994, 0.28620865803]
    ],
    [
      [0.03096126857, 0.0019376947031, 0.11944201156, 0.80948467551, 0.038174349657],
      [0.00032842552304, 0.25483620689, 0.40030117484, 0.30996627197, 0.034567920771],
      [0.0080251163302, 0.042120809744, 0.57781295783, 0.3275040901, 0.044537025994],
      [0.068211097549, 0.001460185428, 0.052616837904, 0.76464860947, 0.11306326965],
      [0.064742464378, 0.036382918551, 0.11246714867, 0.34717755262, 0.43922991577]
    ],
    [
      [0.02347400042, 0.0025083482983, 0.099746816637, 0.85313068384, 0.021140150802],
      [0.00024655316543, 0.32629674068, 0.33107188008, 0.3234288367, 0.018955989374],
      [0.0030721871742, 0.058549512771, 0.55849834462, 0.35859372254, 0.021286232894],
      [0.057676340506, 0, 0.003789348845, 0.87371913368, 0.06481517697],
      [0.061423674834, 0.058916286912, 0.11751715002, 0.45775178539, 0.30439110285]
    ],
    [
      [0.035696513322, 0.0099924851518, 0.084852646394, 0.82900577411, 0.040452581024],
      [0.00011125965485, 0.8040813478, 0.092838197022, 0.09190851014, 0.011060685382],
      [0.0037059647558, 0.24148165589, 0.45823391358, 0.26870705293, 0.027871412835],
      [0.077991020269, 0.026683172733, 0.027441459977, 0.74392114263, 0.12396320439],
      [0.05947659648, 0.15797381417, 0.060898709683, 0.26082621388, 0.46082466579]
    ],
    [
      [0.23302458561, 0, 0.35614304276, 0.41083237163, 0],
      [0.0032569894855, 0, 0.8661195609, 0.13062344961, 0],
      [0, 0, 0.91914788524, 0.080852114759, 0],
      [0.76697541439, 0, 0.048117531033, 0.18490705457, 0],
      [0.81920785891, 0, 0.10761160021, 0.073180540881, -0]
    ],
    [
      [0.13279427194, 0.009304376067, 0, 0.85790135199, 0],
      [0, 1, 0, 0, 0],
      [0.070836620547, 0.32637068586, 0, 0.60279269359, 0],
      [0.32734793321, 0.005791783175, 0, 0.66686028361, 0],
      [0.40919289363, 0.25959942587, 0, 0.33120768051, -0]
    ],
    [
      [1.3877787808e-17, 0, 0.18469103103, 0.77271400416, 0.042594964808],
      [0, 0, 0.70823268228, 0.2550790627, 0.036688255029],
      [0, 0, 0.83175135267, 0.1497431824, 0.018505464933],
      [7.3955709864e-33, 0, 0.1030121523, 0.74127446025, 0.15571338745],
      [1.6653345369e-16, 0, 0.16329697146, 0.28597112909, 0.55073189945]
    ],
    [
      [0.0088488327583, 0.0021085720079, 0.13070589514, 0.8413098837, 0.017026816386],
      [8.5750305719e-05, 0.28463946103, 0.40745163713, 0.29365134973, 0.014171801797],
      [0.00098545658711, 0.046753225825, 0.64361421805, 0.29629266295, 0.012354436587],
      [0.020984256373, 0, 0.065824544641, 0.85942808843, 0.053763110554],
      [0.024947817855, 0.053888846875, 0.1642400374, 0.47785591915, 0.27906737873]
    ],
    [
      [0.025956150818, 0.0024105299231, 0.087894304656, 0.86435622375, 0.019382790849],
      [0.00028676385366, 0.32978286732, 0.30698306699, 0.34466424431, 0.018283057536],
      [0.0036336884917, 0.051027206371, 0.51117343981, 0.4119328371, 0.022232828227],
      [0.065041425511, 0, 0, 0.87586362487, 0.05909494962],
      [0.069944433923, 0.058296432513, 0.10662856391, 0.47749129083, 0.28763927882]
    ],
    [
      [0.018465770429, 0.0021122323079, 0.095886819671, 0.86752443367, 0.016010743925],
      [0.00020167876314, 0.30814780761, 0.33541948611, 0.34124023795, 0.014990789566],
      [0.0024618045618, 0.042366670979, 0.5597141089, 0.38157251648, 0.013884899083],
      [0.045098252501, 0, 0.014680681954, 0.89135588162, 0.048865183922],
      [0.053268637724, 0.055044080187, 0.1237264691, 0.506942465, 0.26101834798]
    ],
    [
      [0, 0, 0.21770771044, 0.78229228956, 0],
      [0, -0, 0.74879782664, 0.25120217336, 0],
      [8.3266726847e-17, 0, 0.84110191084, 0.15889808916, 0],
      [0, 0, 0.21095632392, 0.78904367608, 0],
      [0, 0, 0.39680638457, 0.60319361543, 0]
    ],
    [
      [0.030683889909, 0.0035105855858, 0.11494551986, 0.82883365175, 0.022026352894],
      [0.00027446579513, 0.39016212548, 0.32513822499, 0.26760101777, 0.016824165972],
      [0.003637036101, 0.083705858889, 0.58356024764, 0.31139322726, 0.017703630116],
      [0.07151749816, 0, 0.036956564026, 0.82373540583, 0.067790531987],
      [0.07571456141, 0.077771081539, 0.12765815806, 0.41912138463, 0.29973481436]
    ],
    [
      [0.042487717807, 0.0054446703417, 0.11681897098, 0.80841232168, 0.026836319186],
      [0.00030808333663, 0.50233481887, 0.26935727306, 0.21134711017, 0.016652714566],
      [0.0047539902774, 0.12449625198, 0.56487342446, 0.28637327242, 0.019503060861],
      [0.094717870829, 0.012395329878, 0.044838136247, 0.76507717402, 0.082971489023],
      [0.092760122292, 0.10677526039, 0.11439777727, 0.35945288003, 0.32661396002]
    ],
    [
      [0, 0.0024753045868, 0.11333350469, 0.84816696348, 0.036024227242],
      [0, 0.37431465511, 0.33696164877, 0.26136005693, 0.027363639197],
      [2.4546488628e-35, 0.025263509432, 0.62027828087, 0.30749695187, 0.046961257824],
      [2.410317323e-19, 0, 0.037182873375, 0.84889476622, 0.11392236041],
      [5.1067724852e-33, 0.049280449156, 0.10753948905, 0.3537608956, 0.4894191662]
    ],
    [
      [0.031127606519, 0.0051730893881, 0.10638795439, 0.84618482629, 0.011126523415],
      [0.00023822859608, 0.50080586453, 0.25798199796, 0.23369763833, 0.0072762705856],
      [0.0037009313867, 0.12539981626, 0.54351382601, 0.31880455061, 0.0085808757389],
      [0.072539846632, 0.0042364886044, 0.039712305569, 0.84990104332, 0.033610315875],
      [0.086387259393, 0.12916412512, 0.13273777139, 0.48030944113, 0.17140140297]
    ],
    [
      [0.016062062812, 0.0020440466237, 0.093665959924, 0.87655276698, 0.011675163656],
      [0.00018232413094, 0.29258268444, 0.33691855422, 0.35899097196, 0.011325465247],
      [0.0021970117125, 0.047551462962, 0.55060857099, 0.38928322987, 0.010359724462],
      [0.039796638059, 0, 0.0035942797447, 0.92221919219, 0.034389890007],
      [0.050128397783, 0.057352979509, 0.13140870865, 0.55936548435, 0.20174442971]
    ],
    [
      [0.029932339834, 0.0020716378324, 0.102967824, 0.84339353594, 0.021634662393],
      [0.00032711939478, 0.28891682568, 0.35833499957, 0.33217133625, 0.020249719107],
      [0.0038760461802, 0.041021845927, 0.57741930486, 0.35564558591, 0.022037217118],
      [0.073585717786, 0, 0.0036222691817, 0.85681889835, 0.065973114684],
      [0.077450825569, 0.048115454029, 0.11937494401, 0.44354966213, 0.31150911426]
    ],
    [
      [0.041186649366, 0.0036666562749, 0.11787431745, 0.80802642586, 0.02924595105],
      [0.00035997882782, 0.39724367593, 0.32565674084, 0.25491482156, 0.021824782842],
      [0.0047997643045, 0.086124937801, 0.58793194925, 0.29847102163, 0.022672327016],
      [0.094595397969, 0, 0.032137671208, 0.78048521504, 0.092781715779],
      [0.090730073528, 0.072498999288, 0.11689069275, 0.36488526911, 0.35499496532]
    ],
    [
      [0.019561967118, 0.0028064809409, 0.089743556383, 0.86055894369, 0.027329051868],
      [0.00020168340942, 0.36253616256, 0.29303478739, 0.32015646837, 0.02407089827],
      [0.0026619597002, 0.064012970382, 0.51680257059, 0.38086510426, 0.035657395066],
      [0.048018354069, 0, 0, 0.86920355176, 0.082778094172],
      [0.047455034827, 0.061171775049, 0.097919644034, 0.42726103309, 0.366192513]
    ],
    [
      [0.043215556252, 0.0021323218513, 0.11760241463, 0.81927909168, 0.01777061559],
      [0.0004522754343, 0.2839201774, 0.39041433496, 0.30932040219, 0.01589281001],
      [0.005235240754, 0.046145338509, 0.61365661359, 0.32099788827, 0.01396491888],
      [0.10072559211, 0, 0.034010049304, 0.81178718356, 0.053477175024],
      [0.11333935288, 0.050364720104, 0.13865947216, 0.43932376547, 0.25831268939]
    ],
    [
      [0.11205751057, 0, 0.056104883289, 0.74657003149, 0.085267574654],
      [0.0020564681238, 0, 0.3766512608, 0.48181510578, 0.1394771653],
      [0.053899618775, 0, 0.30605300206, 0.39841138557, 0.2416359936],
      [0.22908587105, 0, 0, 0.55878079348, 0.21213333547],
      [0.12264253575, 0, 0.025736110538, 0.14673025743, 0.70489109629]
    ],
    [
      [6.7945155079e-18, 0.0045804219766, 0.084209846913, 0.91120973111, 0],
      [0, 0.69849748475, 0.1493933315, 0.15210918376, 0],
      [2.0318911974e-18, 0.098974031092, 0.54798542952, 0.35304053939, 0],
      [0, 0, 0.024488106608, 0.97551189339, 0],
      [0, 0.17996150369, 0.14775441241, 0.6722840839, 0]
    ],
    [
      [0, 0.0075817043238, 0.090922700298, 0.90149559538, 0],
      [0, 0.74175081906, 0.13294175876, 0.12530742219, 0],
      [0, 0.1845352542, 0.52949192322, 0.28597282258, 0],
      [0, 0.024484784578, 0.049979808307, 0.92553540712, 0],
      [0, 0.25869204186, 0.14210325366, 0.59920470448, 0]
    ],
    [
      [0.030823834387, 0.00292310026, 0.10291969757, 0.83997319601, 0.023360171771],
      [0.00030556000831, 0.35725759707, 0.32204973637, 0.30062597139, 0.019761135162],
      [0.0082882603697, 0.068881325795, 0.52563791841, 0.37319720235, 0.023995293081],
      [0.069395377432, 0.0022522508445, 0.046363696105, 0.81128260887, 0.07070606675],
      [0.076272854627, 0.064922623572, 0.11474506712, 0.42674458659, 0.3173148681]
    ],
    [
      [0.016054303919, 0.0032987257703, 0.10317543895, 0.86763323484, 0.0098382965249],
      [0.00015226335415, 0.38581823022, 0.30899169117, 0.29707435518, 0.0079634600766],
      [0.0026152004279, 0.078730446662, 0.53792659177, 0.37576742028, 0.0049603408621],
      [0.037935836582, 0.0026671717162, 0.048770844503, 0.87937056637, 0.03125558083],
      [0.049508520866, 0.091289264727, 0.14332757284, 0.5491438603, 0.16673078127]
    ],
    [
      [0.024702419479, 0.0027444983022, 0.098969841864, 0.85401481137, 0.019568428983],
      [0.00025316993782, 0.34645969962, 0.32018719688, 0.31598623194, 0.01711370163],
      [0.0070483134779, 0.063042568392, 0.5141728743, 0.39724048895, 0.018495754876],
      [0.056379468296, 0.0021438429969, 0.045199102104, 0.83623449306, 0.060043093543],
      [0.065583378197, 0.065392716657, 0.11839450418, 0.46553750877, 0.2850918922]
    ],
    [
      [0.027965995973, 0.0064594137383, 0.1491087513, 0.79339117536, 0.023074663623],
      [0.00017818670517, 0.50485131195, 0.29986652331, 0.18255520727, 0.012548770764],
      [0, 0.15539949328, 0.63886694055, 0.19712215721, 0.0086114089565],
      [0.060191285901, 0.0097754971797, 0.069164394901, 0.78895626262, 0.071912559403],
      [0.063193175354, 0.13083048542, 0.15175602839, 0.36797072562, 0.28624958522]
    ],
    [
      [0.038618721043, 0.0049472692551, 0.15118650627, 0.77691301147, 0.028334491967],
      [0.00027863033388, 0.4361704686, 0.3437061159, 0.20241532691, 0.017429458265],
      [0, 0.11117265364, 0.66841489805, 0.20440182818, 0.016010620123],
      [0.085719329661, 0.005392869089, 0.068475623916, 0.75428402253, 0.086128154802],
      [0.082863332647, 0.095269602931, 0.14636597936, 0.3430592154, 0.33244186966]
    ],
    [
      [0.05276922148, 0.006558898478, 0.14212023832, 0.7650085885, 0.033543053217],
      [0.00033918577793, 0.5158065018, 0.28791108446, 0.17755903701, 0.018384190964],
      [0.00088615210964, 0.15103519616, 0.6168737979, 0.20450508762, 0.026699766213],
      [0.11542257986, 0.0049155616744, 0.062285505411, 0.71870425606, 0.098672096986],
      [0.10214339587, 0.11394784351, 0.12410130087, 0.30464945167, 0.35515800808]
    ],
    [
      [1.0821854781e-17, 0.002615200628, 0.09476702447, 0.87564245435, 0.026975320548],
      [0, 0.42139877019, 0.28265265472, 0.27506528514, 0.020883289956],
      [3.6910732465e-18, 0.053608021957, 0.51825880193, 0.4136693597, 0.014463816405],
      [0, 0.0020697821713, 0.043389485393, 0.868007947, 0.086532785433],
      [0, 0.059101653829, 0.10132871932, 0.41178491193, 0.42778471492]
    ]
  ],
  "expected_outcome": [
    [
      [7.658209667, 1.0424565198, 1.5060613425, 0.66315016375, 11.3337594124, 0.083096776746, 0, 0.16762229488, 0.62848393583, 8.993174186, 1.2132886615, 6.2652594541, 0.24336180741, 0.37793162828, 0.034351560124, 1.4982937115e-33, 0, 0.72647135179, 1.1738823761, 1.50713294, 0.032644276975, 3.1041370913, 2.4215263252, 1.0221974977, 1.1941922032, 0, 0, 1.4186624771, 1.1731540506, 0.57557409292, 0.19347659067, 0, 0.26515761993, 1.5615158957, 1.6049825316, 6.3509037445, 0.61999077938, 0.31205614288, 0.45809110564, 0.33949928331, 0.42733382081, 0.81863879642, 0.82268705391, 1.9353104044, 2.0146613269, 1.3353838974, 1.4242183542, 0.61032401093, 0.071393026643, 0.23302458561, 0.13279427194, 0, 0.070790662067, 0.72677222289, 0.129260393, 0, 1.2273555963, 0.33990174246, 0, 0.87157298254, 0.35336538187, 0.29932339834, 1.1944128316, 0.72379278338, 1.1668200188, 0.11205751057, 6.7945155079e-18, 0, 2.1576684071, 0.78666089205, 1.6056572662, 1.1466058349, 8.9595432821, 8.1264601079, 6.4931128686e-17],
      [0.56194742806, 0.044433968083, 0.074287056853, 0.095210137096, 1.168336294, 0.0039741221175, 0, 0.0096903821868, 0.12148817275, 0.96186665549, 0.19595707973, 0.59407161107, 0.009119272425, 0.024890283963, 0.0054950242727, 0.0050276023352, 0.0043659770815, 0.0146421773, 0.29283179465, 0.10207743202, 0, 0.34901952627, 0.30806577485, 0.10512766937, 0.10068296879, 0.018032110445, 0.055222569108, 0.22581014352, 0.097493965795, 0.15118966476, 0.027383569652, 0, 0.044762552196, 0.18927136106, 0.10503762964, 0.62488901853, 0.0089675462209, 0.027318150946, 0.03405303309, 0.047438101779, 0.040688079958, 0.1238085925, 0.07903923385, 0.24925368902, 0.11104658662, 0.16109584442, 0.089133956342, 0.065217055757, 0.019984970304, 0, 0.009304376067, 0, 0.016868576063, 0.067494837848, 0.014785626155, 0, 0.14042342343, 0.043557362733, 0.0024753045868, 0.14484650287, 0.044969025722, 0.020716378324, 0.10633303197, 0.10383979481, 0.057572689985, 0, 0.0045804219766, 0.015163408648, 0.2046170182, 0.16163756274, 0.17839238964, 0.26483596327, 1.1477664672, 1.0100703656, 0.015691203768],
      [23.7658898988, 4.2485000362, 3.4260874423, 4.9413387862, 44.4165458558, 0.10472015062, 0, 0.28026351767, 5.4574980583, 42.0101129811, 5.7182637842, 28.0076535911, 0.2055746612, 0.80776392658, 0.22413025157, 0.65971179448, 0.20062069136, 2.2780388581, 10.660089616, 5.3303585891, 0.18407982255, 19.120389804, 10.7927428236, 3.5026358163, 4.9872646341, 0.24027156457, 0.58340358608, 6.9440275619, 5.6745822836, 4.9586332532, 0.54568775243, 0.32371312553, 0.98113602767, 6.4963122327, 4.196224552, 22.3852716505, 2.4066735777, 0.76864394315, 0.93233026034, 1.9189471515, 1.1065054302, 3.5402758691, 3.7891428143, 5.9117715495, 5.0290958763, 4.3811503655, 5.4943325316, 2.5934172326, 0.16970529279, 0.35614304276, 0, 0, 1.0456471612, 2.4610405304, 0.6712077377, 0, 4.5978207945, 0.93455176788, 0.11333350469, 2.978862723, 2.0606511183, 1.02967824, 3.4183552061, 3.3205115862, 3.1752651949, 0.056104883289, 0.084209846913, 0.1818454006, 7.2043788302, 5.0555965085, 6.4330397212, 6.1134588033, 35.0752694539, 21.8865167015, 0.56860214682],
      [134.1145414437, 21.8841254588, 17.4744022284, 31.020107546, 268.4362204471, 0.77345142618, 0, 2.4513799234, 37.7775285906, 258.6243459794, 39.8250476721, 178.6299559626, 2.541944259, 6.7385977662, 0.68881348091, 3.1973507126, 0.79501333156, 15.4404194637, 89.9320175978, 35.8781935701, 0.78327590047, 113.7269671063, 70.5659192483, 22.9719610099, 30.9101759141, 1.6324036009, 4.0947418875, 43.3802475413, 34.4021779522, 28.6844061512, 4.1702390491, 2.6762868745, 6.6494684712, 50.2188979457, 32.4164599006, 148.0852401387, 11.544950192, 5.7015355414, 5.4718782482, 12.3997238263, 9.3713550193, 28.2870636776, 20.5007132079, 55.9085720489, 36.048365454, 37.2255469037, 37.2362950737, 22.1813977799, 1.6580115482, 0.41083237163, 0.85790135199, 0, 6.7304790696, 24.2019742651, 6.0726710357, 0, 33.15334607, 6.4672985734, 0.84816696348, 23.693175136, 19.2841608736, 8.4339353594, 23.4327663499, 31.8406809165, 22.1205354754, 0.74657003149, 0.91120973111, 1.8029911908, 58.7981237206, 42.514028507, 55.5109627392, 32.52903819, 180.2438186605, 117.8113226295, 5.2538547261],
