{
  "X": [
    [13, 15, 0],
    [14, 6, 1],
    [10, 8, 3],
    [31, 19, 0],
    [7, 6, 0],
    [2, 6, 1],
    [8, 10, 0],
    [4, 1, 1],
    [2, 4, 0],
    [49, 24, 2],
    [7, 6, 2],
    [14, 8, 0],
    [23, 20, 1],
    [35, 16, 7],
    [6, 0, 0],
    [12, 18, 3],
    [7, 15, 1],
    [24, 35, 2],
    [92, 106, 9],
    [2, 8, 1],
    [14, 9, 1],
    [10, 16, 1],
    [5, 6, 0],
    [2, 19, 3],
    [9, 11, 1],
    [18, 38, 3],
    [12, 20, 1],
    [1, 5, 1],
    [12, 14, 1],
    [8, 27, 5],
    [16, 47, 3],
    [25, 17, 3],
    [36, 41, 9],
    [10, 7, 8],
    [17, 32, 3],
    [17, 18, 4],
    [41, 37, 1],
    [11, 16, 2],
    [5, 6, 0],
    [7, 6, 0],
    [9, 11, 0],
    [30, 24, 1],
    [2, 4, 0],
    [12, 13, 1],
    [14, 7, 4],
    [8, 20, 1],
    [20, 37, 5],
    [55, 74, 2],
    [30, 34, 3],
    [29, 18, 2],
    [52, 52, 4],
    [162, 106, 3],
    [51, 53, 4],
    [32, 39, 1],
    [48, 47, 6],
    [94, 128, 6],
    [47, 71, 5],
    [34, 30, 0],
    [21, 13, 3],
    [28, 10, 1],
    [16, 16, 2],
    [31, 22, 1],
    [36, 33, 6],
    [35, 36, 3],
    [29, 13, 2],
    [110, 69, 4],
    [29, 17, 2],
    [43, 37, 3],
    [9, 4, 3],
    [47, 41, 2],
    [50, 79, 5],
    [66, 47, 4],
    [41, 28, 5],
    [56, 60, 2],
    [130, 116, 5],
    [90, 82, 7],
    [35, 46, 2],
    [21, 26, 2],
    [51, 41, 0],
    [20, 15, 2],
    [14, 18, 0],
    [38, 46, 1],
    [31, 23, 0],
    [94, 86, 3],
    [49, 45, 6],
    [69, 81, 5],
    [19, 36, 1],
    [86, 97, 7],
    [103, 94, 6],
    [30, 44, 5],
    [13, 20, 1],
    [5, 7, 1],
    [24, 40, 0],
    [48, 54, 2],
    [30, 21, 1],
    [22, 12, 0],
    [117, 62, 7],
    [37, 40, 2],
    [53, 62, 2],
    [9, 4, 0],
    [18, 17, 1],
    [13, 9, 1],
    [4, 1, 1],
    [3, 8, 0],
    [10, 11, 1],
    [5, 2, 0],
    [14, 14, 4],
    [11, 14, 6],
    [7, 4, 2],
    [6, 6, 2],
    [15, 6, 1],
    [7, 0, 0],
    [5, 8, 1],
    [5, 4, 2],
    [11, 16, 3],
    [14, 6, 3],
    [5, 3, 0],
    [16, 24, 1],
    [35, 55, 5],
    [109, 187, 23],
    [19, 25, 4],
    [19, 21, 7],
    [7, 5, 1],
    [12, 5, 0],
    [33, 93, 6],
    [38, 75, 2],
    [3, 4, 0],
    [58, 49, 8],
    [30, 20, 1],
    [43, 31, 7],
    [11, 2, 2],
    [4, 4, 0],
    [3, 7, 0],
    [17, 20, 2],
    [8, 10, 1],
    [20, 14, 2],
    [7, 4, 2],
    [10, 6, 0],
    [33, 35, 7],
    [5, 7, 1],
    [14, 10, 0],
    [95, 76, 1],
    [5, 4, 0],
    [28, 10, 3],
    [83, 105, 6],
    [113, 149, 4],
    [41, 30, 6],
    [33, 38, 8],
    [26, 28, 4],
    [27, 34, 1],
    [27, 48, 3],
    [88, 81, 2],
    [64, 80, 3],
    [28, 23, 1],
    [51, 58, 4],
    [46, 75, 14],
    [33, 26, 1],
    [42, 41, 8],
    [65, 74, 8],
    [14, 3, 1],
    [5, 3, 1],
    [40, 46, 5],
    [71, 72, 14],
    [7, 6, 0],
    [2, 4, 0],
    [13, 10, 1],
    [7, 6, 0],
    [7, 1, 0],
    [14, 5, 1],
    [153, 57, 0],
    [3, 7, 2],
    [24, 39, 1],
    [20, 24, 1],
    [20, 24, 1],
    [32, 31, 4],
    [24, 20, 4],
    [27, 14, 2],
    [4, 9, 0],
    [8, 5, 0],
    [16, 30, 3],
    [12, 12, 1],
    [15, 18, 3],
    [25, 37, 4],
    [20, 33, 1],
    [29, 43, 1],
    [3, 5, 0],
    [4, 8, 0],
    [23, 13, 5],
    [5, 4, 0],
    [24, 29, 1],
    [19, 45, 2],
    [11, 25, 0],
    [19, 71, 5],
    [10, 39, 1],
    [28, 88, 3],
    [81, 267, 6],
    [12, 21, 2],
    [4, 8, 0],
    [6, 12, 2],
    [12, 21, 2],
    [24, 26, 1],
    [25, 26, 2],
    [21, 29, 2],
    [3, 11, 0],
    [14, 23, 2],
    [16, 28, 0],
    [22, 53, 0],
    [18, 31, 2],
    [19, 10, 0],
    [4, 9, 0],
    [90, 160, 7],
    [84, 223, 3],
    [53, 137, 3],
    [13, 9, 0],
    [8, 7, 0],
    [18, 25, 2],
    [15, 23, 2],
    [10, 13, 0],
    [6, 11, 0],
    [0, 6, 0],
    [11, 14, 0],
    [5, 2, 0],
    [11, 9, 1],
    [21, 41, 0],
    [13, 23, 0],
    [11, 1, 0],
    [35, 28, 0],
    [20, 25, 2],
    [11, 16, 1],
    [18, 4, 1],
    [31, 15, 1],
    [38, 46, 1],
    [8, 1, 0],
    [4, 8, 0],
    [4, 5, 0],
    [7, 1, 0],
    [3, 2, 1],
    [4, 10, 0],
    [74, 72, 11],
    [28, 53, 3],
    [740, 826, 64],
    [210, 206, 13],
    [913, 779, 57],
    [51, 31, 0]
  ],
  "W": [
    [1, 15, 8, 2, 2, 0],
    [2, 9, 5, 2, 0, 3],
    [4, 9, 3, 2, 1, 2],
    [10, 16, 13, 4, 4, 3],
    [0, 6, 3, 2, 1, 1],
    [1, 4, 3, 0, 0, 1],
    [3, 12, 2, 0, 0, 1],
    [0, 2, 0, 3, 1, 0],
    [0, 4, 1, 1, 0, 0],
    [5, 24, 37, 3, 4, 2],
    [1, 6, 2, 2, 2, 2],
    [1, 6, 9, 2, 4, 0],
    [1, 23, 15, 2, 3, 0],
    [0, 23, 28, 0, 0, 7],
    [0, 0, 4, 2, 0, 0],
    [2, 15, 8, 2, 2, 4],
    [0, 15, 2, 1, 4, 1],
    [4, 30, 16, 3, 2, 6],
    [4, 96, 72, 10, 9, 16],
    [1, 4, 4, 1, 0, 1],
    [2, 7, 6, 4, 4, 1],
    [0, 10, 3, 6, 5, 3],
    [0, 6, 1, 3, 0, 1],
    [0, 17, 3, 1, 3, 0],
    [2, 9, 3, 1, 3, 3],
    [3, 33, 13, 3, 2, 5],
    [0, 15, 6, 1, 11, 0],
    [0, 2, 1, 0, 3, 1],
    [1, 16, 5, 1, 1, 3],
    [1, 23, 3, 8, 3, 2],
    [6, 37, 9, 4, 3, 7],
    [2, 15, 16, 5, 4, 3],
    [2, 43, 23, 5, 4, 9],
    [2, 9, 7, 3, 2, 2],
    [0, 29, 9, 6, 4, 4],
    [3, 18, 9, 5, 2, 2],
    [7, 37, 20, 9, 3, 3],
    [1, 16, 4, 4, 2, 2],
    [4, 3, 3, 0, 0, 1],
    [0, 3, 3, 4, 1, 2],
    [1, 7, 7, 3, 2, 0],
    [7, 19, 13, 10, 3, 3],
    [2, 2, 2, 0, 0, 0],
    [3, 7, 9, 3, 3, 1],
    [2, 6, 7, 6, 3, 1],
    [4, 12, 6, 2, 3, 2],
    [0, 40, 11, 7, 2, 2],
    [1, 62, 45, 7, 10, 6],
    [1, 41, 17, 2, 1, 5],
    [4, 23, 10, 8, 2, 2],
    [7, 50, 34, 7, 3, 7],
    [4, 152, 83, 9, 10, 13],
    [4, 66, 31, 2, 0, 5],
    [2, 38, 21, 3, 1, 7],
    [3, 62, 25, 2, 5, 4],
    [3, 146, 59, 3, 6, 11],
    [4, 73, 26, 6, 7, 7],
    [1, 33, 17, 5, 5, 3],
    [0, 15, 11, 8, 1, 2],
    [2, 15, 15, 5, 0, 2],
    [0, 25, 5, 1, 1, 2],
    [4, 30, 14, 2, 3, 1],
    [3, 38, 26, 2, 1, 5],
    [7, 34, 24, 6, 2, 1],
    [3, 19, 14, 3, 1, 4],
    [8, 93, 68, 5, 4, 5],
    [3, 15, 18, 7, 2, 3],
    [3, 40, 24, 9, 4, 3],
    [2, 3, 1, 4, 1, 5],
    [3, 51, 26, 4, 3, 3],
    [1, 66, 40, 13, 5, 9],
    [6, 48, 44, 12, 4, 3],
    [0, 35, 25, 5, 6, 3],
    [4, 68, 29, 6, 3, 8],
    [8, 125, 83, 14, 11, 10],
    [4, 108, 55, 3, 4, 5],
    [3, 48, 17, 3, 7, 5],
    [1, 27, 15, 2, 1, 3],
    [3, 52, 22, 10, 3, 2],
    [1, 18, 10, 2, 2, 4],
    [1, 22, 6, 1, 2, 0],
    [5, 46, 25, 3, 1, 5],
    [1, 35, 11, 5, 2, 0],
    [9, 106, 47, 9, 8, 4],
    [2, 50, 28, 8, 7, 5],
    [3, 97, 39, 5, 3, 8],
    [1, 28, 17, 1, 5, 4],
    [6, 107, 60, 4, 5, 8],
    [1, 128, 45, 8, 10, 11],
    [0, 47, 20, 6, 5, 1],
    [1, 20, 7, 3, 1, 2],
    [0, 5, 0, 5, 1, 2],
    [1, 37, 17, 3, 4, 2],
    [1, 60, 33, 2, 3, 5],
    [0, 32, 13, 6, 0, 1],
    [0, 16, 7, 8, 2, 1],
    [3, 47, 75, 23, 22, 16],
    [2, 46, 16, 7, 2, 6],
    [6, 66, 31, 5, 1, 8],
    [1, 4, 6, 0, 0, 2],
    [1, 9, 14, 4, 4, 4],
    [0, 8, 8, 3, 3, 1],
    [0, 1, 1, 4, 0, 0],
    [1, 7, 2, 1, 0, 0],
    [1, 8, 5, 3, 2, 3],
    [0, 2, 2, 1, 0, 2],
    [1, 12, 5, 10, 0, 4],
    [0, 11, 7, 6, 2, 5],
    [0, 4, 5, 2, 1, 1],
    [0, 7, 2, 3, 1, 1],
    [1, 7, 3, 7, 1, 3],
    [0, 3, 1, 2, 0, 1],
    [0, 6, 2, 1, 4, 1],
    [0, 2, 4, 2, 0, 3],
    [1, 18, 6, 3, 0, 2],
    [4, 8, 3, 6, 1, 1],
    [0, 1, 2, 2, 2, 1],
    [0, 21, 5, 8, 5, 2],
    [3, 52, 21, 7, 5, 7],
    [7, 180, 77, 8, 23, 24],
    [1, 21, 7, 10, 4, 5],
    [0, 18, 11, 9, 4, 5],
    [0, 7, 3, 0, 2, 1],
    [0, 9, 2, 5, 1, 0],
    [3, 85, 28, 1, 9, 6],
    [2, 68, 36, 2, 3, 4],
    [1, 4, 0, 0, 0, 2],
    [2, 50, 26, 18, 10, 9],
    [2, 19, 17, 10, 0, 3],
    [1, 23, 23, 18, 10, 6],
    [0, 2, 2, 7, 1, 3],
    [0, 5, 0, 0, 3, 0],
    [0, 5, 1, 1, 2, 1],
    [1, 27, 8, 0, 1, 2],
    [0, 12, 5, 1, 0, 1],
    [2, 16, 10, 5, 3, 0],
    [1, 3, 5, 3, 1, 0],
    [0, 5, 6, 3, 0, 2],
    [3, 33, 20, 11, 6, 2],
    [0, 5, 3, 4, 0, 1],
    [1, 9, 7, 0, 3, 4],
    [2, 98, 46, 12, 8, 6],
    [0, 2, 5, 1, 0, 1],
    [2, 11, 8, 10, 3, 7],
    [5, 114, 45, 9, 13, 8],
    [3, 151, 66, 15, 19, 12],
    [3, 32, 20, 6, 8, 8],
    [3, 33, 24, 8, 4, 7],
    [0, 35, 11, 6, 4, 2],
    [2, 28, 18, 8, 3, 3],
    [0, 45, 19, 4, 8, 2],
    [5, 92, 51, 5, 12, 6],
    [5, 79, 36, 13, 8, 6],
    [1, 28, 9, 7, 4, 3],
    [2, 67, 33, 3, 4, 4],
    [1, 81, 26, 6, 14, 7],
    [2, 20, 15, 11, 4, 8],
    [3, 47, 21, 6, 4, 10],
    [1, 87, 34, 7, 10, 8],
    [0, 6, 3, 5, 2, 2],
    [0, 5, 3, 0, 0, 1],
    [3, 51, 22, 4, 6, 5],
    [6, 64, 50, 8, 14, 15],
    [1, 4, 3, 2, 2, 1],
    [0, 3, 3, 0, 0, 0],
    [1, 10, 6, 5, 1, 1],
    [0, 9, 3, 0, 1, 0],
    [2, 1, 3, 2, 0, 0],
    [1, 6, 6, 5, 2, 0],
    [27, 92, 74, 6, 4, 7],
    [0, 3, 1, 4, 2, 2],
    [4, 29, 18, 3, 2, 8],
    [2, 19, 11, 7, 3, 3],
    [2, 19, 11, 7, 3, 3],
    [1, 37, 21, 5, 0, 3],
    [2, 20, 11, 6, 3, 6],
    [1, 17, 17, 5, 1, 2],
    [0, 10, 1, 1, 0, 1],
    [2, 5, 3, 2, 0, 1],
    [1, 28, 8, 6, 2, 4],
    [0, 8, 9, 5, 1, 2],
    [3, 15, 11, 3, 3, 1],
    [0, 33, 21, 8, 3, 1],
    [3, 36, 10, 3, 1, 1],
    [1, 47, 21, 0, 2, 2],
    [0, 3, 2, 1, 2, 0],
    [0, 7, 3, 2, 0, 0],
    [2, 18, 12, 3, 2, 4],
    [0, 6, 2, 1, 0, 0],
    [4, 32, 11, 4, 2, 1],
    [1, 45, 7, 2, 5, 6],
    [0, 22, 11, 0, 2, 1],
    [4, 63, 15, 7, 3, 3],
    [1, 40, 2, 1, 1, 5],
    [3, 88, 16, 2, 4, 6],
    [2, 256, 71, 1, 9, 15],
    [1, 17, 10, 1, 4, 2],
    [0, 4, 5, 2, 1, 0],
    [1, 9, 4, 2, 1, 3],
    [0, 17, 8, 6, 2, 2],
    [0, 21, 15, 6, 5, 4],
    [1, 26, 17, 8, 1, 0],
    [4, 30, 10, 6, 0, 2],
    [0, 10, 3, 1, 0, 0],
    [0, 23, 7, 2, 2, 5],
    [3, 26, 7, 6, 1, 1],
    [1, 45, 24, 0, 3, 2],
    [1, 23, 19, 3, 3, 2],
    [3, 8, 12, 1, 1, 4],
    [0, 7, 3, 0, 3, 0],
    [6, 155, 47, 6, 24, 19],
    [4, 219, 59, 6, 12, 10],
    [3, 125, 36, 8, 11, 10],
    [0, 14, 3, 2, 3, 0],
    [0, 5, 2, 3, 3, 2],
    [1, 28, 10, 2, 1, 3],
    [1, 22, 10, 3, 2, 2],
    [0, 10, 2, 6, 1, 4],
    [0, 5, 9, 0, 1, 2],
    [0, 5, 0, 0, 1, 0],
    [1, 11, 7, 0, 6, 0],
    [1, 3, 3, 0, 0, 0],
    [3, 5, 8, 3, 1, 1],
    [1, 37, 11, 4, 6, 3],
    [1, 20, 6, 6, 1, 2],
    [0, 1, 6, 3, 0, 2],
    [1, 30, 16, 5, 3, 8],
    [1, 27, 15, 0, 3, 1],
    [1, 15, 9, 1, 0, 2],
    [1, 5, 10, 3, 2, 2],
    [0, 24, 21, 0, 0, 2],
    [1, 49, 28, 1, 2, 4],
    [0, 0, 7, 1, 0, 1],
    [0, 6, 3, 0, 2, 1],
    [0, 1, 6, 0, 0, 2],
    [1, 1, 5, 1, 0, 0],
    [1, 1, 2, 2, 0, 0],
    [0, 10, 2, 1, 1, 0],
    [11, 55, 26, 39, 15, 11],
    [2, 50, 18, 3, 5, 6],
    [46, 788, 483, 113, 117, 83],
    [8, 211, 140, 28, 17, 25],
    [66, 844, 551, 110, 84, 94],
    [7, 26, 32, 10, 1, 6]
  ],
  "method": "mult",
  "cond_prob": [
    [
      [0.86566635113, 0.13433364887, 0],
      [0.20984929296, 0.79015070704, 0],
      [0.83308835186, 0.16691164814, 0],
      [0.91139211538, 0.088607884621, 0],
      [0.24955160444, 0.75044839556, 0],
      [0.46206648605, 0.53793351395, 0]
    ],
    [
      [0.95047292889, 0.049527071106, 0],
      [0.44907958123, 0.55086393702, 5.6481750373e-05],
      [0.95864647381, 0.03941599078, 0.0019375354121],
      [0.87842112628, 0.021045785709, 0.10053308801],
      [0.3705741239, 0.53037812733, 0.099047748768],
      [0.50242109651, 0.23466629977, 0.26291260372]
    ],
    [
      [0.88274502158, 0.096354684275, 0.020900294145],
      [0.24013238056, 0.69517461638, 0.064693003061],
      [0.83379617713, 0.12282828181, 0.043375541055],
      [0.59594306222, 0.03900311772, 0.36505382006],
      [0.20349361369, 0.52201512577, 0.27449126054],
      [0.20553010958, 0.1947517544, 0.59971813602]
    ],
    [
      [0.89425245463, 0.10574754537, 0],
      [0.26996830707, 0.73003169293, 0],
      [0.87198663627, 0.12801336373, 0],
      [0.92827022431, 0.071729775692, 0],
      [0.29100638993, 0.70899361007, 0],
      [0.50834993737, 0.49165006263, 0]
    ],
    [
      [0.89829102936, 0.10170897064, 0],
      [0.27349398727, 0.72650601273, 0],
      [0.88615805833, 0.11384194167, 0],
      [0.941863688, 0.058136311998, 0],
      [0.2926869837, 0.7073130163, 0],
      [0.52414754172, 0.47585245828, 0]
    ],
    [
      [0.65332031191, 0.33948612098, 0.0071935671057],
      [0, 0.98644420946, 0.013555790539],
      [0.44602223533, 0.51091405662, 0.043063708048],
      [0.32026664876, 0.089983101981, 0.58975024926],
      [0.064506689653, 0.69449673032, 0.24099658002],
      [0.0086129820867, 0.18199487132, 0.80939214659]
    ],
    [
      [0.89190896522, 0.10809103478, 0],
      [0.25747411395, 0.74252588605, 0],
      [0.86523712155, 0.13476287845, 0],
      [0.92722258237, 0.072777417632, 0],
      [0.27938105141, 0.72061894859, 0],
      [0.50410949388, 0.49589050612, 0]
    ],
    [
      [0.96158751416, 0.036217841474, 0.0021946443672],
      [0.64124596609, 0.31843004121, 0.040323992694],
      [0.94112121007, 0.045723087139, 0.013155702788],
      [0.77307302721, 0, 0.22692697279],
      [0.3982889862, 0.36313991757, 0.23857109623],
      [0.32324905061, 0.12021344637, 0.55653750302]
    ],
    [
      [0.85756354665, 0.14243645335, 0],
      [0.07627447522, 0.92372552478, 0],
      [0.80697895041, 0.19302104959, 0],
      [0.88792314871, 0.11207685129, 0],
      [0.17035779345, 0.82964220655, 0],
      [0.37327033589, 0.62672966411, -0]
    ],
    [
      [0.89737947809, 0.1010427505, 0.0015777714088],
      [0.29656622659, 0.69380832498, 0.0096254484268],
      [0.89390365335, 0.097418502574, 0.0086778440739],
      [0.80311413159, 0.055959924632, 0.14092594377],
      [0.28588725619, 0.60553462813, 0.10857811568],
      [0.3840932889, 0.32444178313, 0.29146492797]
    ],
    [
      [0.90520105019, 0.090068988787, 0.0047299610198],
      [0.29474083006, 0.67672399507, 0.028535174864],
      [0.87528570771, 0.10345529016, 0.021259002138],
      [0.72946713923, 0.03323485984, 0.23729800093],
      [0.25862163368, 0.55286114871, 0.18851721761],
      [0.29980250409, 0.23524222169, 0.46495527422]
    ],
    [
      [0.9008541888, 0.099145811196, 0],
      [0.29003405092, 0.70996594908, 0],
      [0.91043488755, 0.089565112445, 0],
      [0.94161594944, 0.058384050562, 0],
      [0.3204489047, 0.6795510953, 0],
      [0.53190139508, 0.46809860492, 0]
    ],
    [
      [0.88959268581, 0.10864443988, 0.0017628743098],
      [0.28765036524, 0.70295526422, 0.0093943705446],
      [0.87325716146, 0.1169884112, 0.0097544273395],
      [0.79022473611, 0.058271692325, 0.15150357157],
      [0.2717140065, 0.61733831019, 0.11094768331],
      [0.35374093585, 0.32172514236, 0.32453392179]
    ],
    [
      [0.91468824185, 0.079988864495, 0.0053228936545],
      [0.34705188408, 0.59357711823, 0.059370997682],
      [0.89736792445, 0.044891569627, 0.057740505919],
      [0.64381017633, 0.03491472447, 0.3212750992],
      [0.26899034391, 0.43486176487, 0.29614789123],
      [0.27021496877, 0.15582319015, 0.57396184108]
    ],
    [
      [1, 0, 0],
      [1, 0, 0],
      [1, 0, 0],
      [1, 0, 0],
      [1, 0, 0],
      [1, 0, 0]
    ],
    [
      [0.81585476731, 0.1796840904, 0.0044611422898],
      [0.12638685921, 0.85349074632, 0.020122394468],
      [0.7500554362, 0.22594545949, 0.023999104307],
      [0.64316295874, 0.090559954775, 0.26627708648],
      [0.16159264403, 0.68513171645, 0.15327563952],
      [0.21563322052, 0.3698309015, 0.41453587798]
    ],
    [
      [0.87224424873, 0.12588464941, 0.0018711018581],
      [0.2214154752, 0.77343587659, 0.0051486482086],
      [0.83694139247, 0.15288912453, 0.010169482998],
      [0.77224846682, 0.069858778386, 0.15789275479],
      [0.22878321548, 0.66623760812, 0.1049791764],
      [0.31750375832, 0.3578743912, 0.32462185048]
    ],
    [
      [0.81808905108, 0.1809358783, 0.00097507062698],
      [0.13616913731, 0.86206332364, 0.0017675390542],
      [0.76156486864, 0.23185223468, 0.0065828966808],
      [0.76539228599, 0.10588611683, 0.12872159717],
      [0.18614925888, 0.74396650376, 0.069884237361],
      [0.2981760671, 0.48318827745, 0.21863565546]
    ],
    [
      [0.84198810204, 0.15573225083, 0.0022796471373],
      [0.18294235602, 0.80683645541, 0.010221188566],
      [0.78913689863, 0.19802860545, 0.012834495921],
      [0.74684447325, 0.08719594953, 0.16595957722],
      [0.20722627716, 0.69036073596, 0.10241298688],
      [0.30739021787, 0.41109409784, 0.28151568429]
    ],
    [
      [0.51983583614, 0.48016416386, 0],
      [0, 1, 0],
      [0.28505957387, 0.71494042613, 0],
      [0.31051767922, 0.23244183273, 0.45704048805],
      [0.044554782601, 0.81760216264, 0.13784305476],
      [0.029408189152, 0.42763229889, 0.54295951195]
    ],
    [
      [0.89778688938, 0.10204855712, 0.00016455350148],
      [0.28146576582, 0.71519155023, 0.0033426839492],
      [0.88394297149, 0.11204433499, 0.00401269352],
      [0.84628034643, 0.049252336494, 0.10446731707],
      [0.28621575398, 0.63864012432, 0.075144121703],
      [0.4005236299, 0.36572618097, 0.23375018913]
    ],
    [
      [0.82475852342, 0.17433565237, 0.00090582421256],
      [0.11568296485, 0.88431703515, 0],
      [0.77140921483, 0.22569038609, 0.0029003990777],
      [0.7935538771, 0.13994858886, 0.066497534033],
      [0.16346752338, 0.79994118326, 0.036591293357],
      [0.31676060915, 0.54678701359, 0.13645237726]
    ],
    [
      [0.87245262893, 0.12754737107, 0],
      [0.16864657035, 0.83135342965, 0],
      [0.83848218712, 0.16151781288, 0],
      [0.90197085789, 0.098029142113, 0],
      [0.23096276984, 0.76903723016, 0],
      [0.44372581709, 0.55627418291, 0]
    ],
    [
      [0.5817215403, 0.39625498436, 0.022023475344],
      [0.017141385191, 0.93479693799, 0.048061676823],
      [0.47210996384, 0.41754188411, 0.11034815205],
      [0.18325049083, 0.080863147171, 0.735886362],
      [0.036338689806, 0.59165441824, 0.37200689196],
      [0.035220174404, 0.18582815198, 0.77895167362]
    ],
    [
      [0.87490229875, 0.12509770125, 0],
      [0.2275055004, 0.7724944996, 0],
      [0.84791627034, 0.15208372966, 0],
      [0.81664117611, 0.072677514822, 0.11068130907],
      [0.24728232587, 0.68682833854, 0.065889335587],
      [0.36680297805, 0.40264679389, 0.23055022806]
    ],
    [
      [0.78403586358, 0.213203857, 0.0027602794247],
      [0.089264820304, 0.90331808524, 0.0074170944514],
      [0.71661218317, 0.26760871689, 0.015779099936],
      [0.66241569687, 0.11450101704, 0.22308328608],
      [0.147903005, 0.74013388089, 0.11196311411],
      [0.22062837147, 0.44964149669, 0.32973013184]
    ],
    [
      [0.87156687102, 0.12715855879, 0.001274570191],
      [0.22954158898, 0.76541738894, 0.0050410220796],
      [0.83958559509, 0.15372497964, 0.0066894252744],
      [0.81826856681, 0.074253270802, 0.10747816239],
      [0.24555400254, 0.68383054702, 0.070615450433],
      [0.37011453928, 0.40650187987, 0.22338358085]
    ],
    [
      [0.76733962683, 0.22815828841, 0.0045020847587],
      [0.050929883595, 0.94224226747, 0.0068278489355],
      [0.68710058288, 0.2907767784, 0.022122638712],
      [0.54079140969, 0.10345495873, 0.35575363158],
      [0.037257336537, 0.81753307646, 0.145209587],
      [0.099267640314, 0.37213945727, 0.52859290242]
    ],
    [
      [0.89194442609, 0.10713529502, 0.00092027888707],
      [0.2808827362, 0.71818545266, 0.00093181114072],
      [0.86780045503, 0.12653073444, 0.0056688105298],
      [0.82448860282, 0.061196538469, 0.11431485871],
      [0.2728122813, 0.64295882102, 0.084228897677],
      [0.39254287848, 0.35502947691, 0.25242764461]
    ],
    [
      [0.71565667898, 0.27787184897, 0.0064714720473],
      [0.04994011037, 0.94517136366, 0.0048885259723],
      [0.64223256316, 0.32135392642, 0.036413510416],
      [0.45986438069, 0.13665749708, 0.40347812222],
      [0.091762126041, 0.72152860353, 0.18670927042],
      [0.12741083468, 0.38063961019, 0.49194955514]
    ],
    [
      [0.72775093838, 0.27099601023, 0.001253051387],
      [0.035151774885, 0.96484822511, 0],
      [0.67011991677, 0.32028221728, 0.0095978659452],
      [0.64988886134, 0.1512075123, 0.19890362637],
      [0.11766750011, 0.79930800479, 0.083024495102],
      [0.19274878605, 0.54133508433, 0.26591612963]
    ],
    [
      [0.87938733852, 0.11795572532, 0.0026569361534],
      [0.25517063202, 0.73035546897, 0.014473899012],
      [0.85495852879, 0.12962145662, 0.01542001459],
      [0.75357487816, 0.058811514134, 0.1876136077],
      [0.24673808946, 0.61836610421, 0.13489580633],
      [0.32650087778, 0.32243040714, 0.35106871508]
    ],
    [
      [0.86043076579, 0.13420580756, 0.005363426642],
      [0.21545867638, 0.74370181922, 0.040839504396],
      [0.81149360831, 0.15324374785, 0.035262643841],
      [0.65174138678, 0.061891083762, 0.28636752946],
      [0.20680670248, 0.59106766925, 0.20212562827],
      [0.2515698499, 0.2837864291, 0.464643721]
    ],
    [
      [0.85973862444, 0.09370697951, 0.046554396054],
      [0.16918532447, 0.61084288316, 0.21997179237],
      [0.74542156114, 0.063078675333, 0.19149976353],
      [0.3615764542, 0.0024592866967, 0.6359642591],
      [0.1307243274, 0.34443833291, 0.52483733969],
      [0.09686294277, 0.08859741966, 0.81453963757]
    ],
    [
      [0.82184727039, 0.17564182164, 0.0025109079786],
      [0.13990837497, 0.85503821989, 0.0050534051409],
      [0.76730593363, 0.2201581873, 0.012535879076],
      [0.71130908633, 0.1028797949, 0.18581111877],
      [0.17551181885, 0.72074016811, 0.10374801304],
      [0.26675048247, 0.43055712391, 0.30269239362]
    ],
    [
      [0.84808850428, 0.14471869881, 0.0071927969107],
      [0.18919548732, 0.77441273579, 0.036391776889],
      [0.79488432462, 0.17070881165, 0.034406863722],
      [0.61681562731, 0.06500533272, 0.31817903997],
      [0.18581251997, 0.60281669164, 0.21137078838],
      [0.22027680861, 0.2796876538, 0.50003553758]
    ],
    [
      [0.86630255929, 0.13348006267, 0.00021737804583],
      [0.22794651855, 0.77104369413, 0.0010097873212],
      [0.83503625257, 0.16251611115, 0.0024476362778],
      [0.86402620572, 0.082942673489, 0.053031120793],
      [0.25373086443, 0.71172772738, 0.034541408181],
      [0.42123580085, 0.46834447063, 0.11041972852]
    ],
    [
      [0.85243661061, 0.14505894036, 0.0025044490283],
      [0.1916351915, 0.79862066688, 0.0097441416166],
      [0.80966444307, 0.17579100217, 0.014544554761],
      [0.71936316859, 0.078631193774, 0.20200563764],
      [0.20268401659, 0.66939304205, 0.12792294136],
      [0.2799609228, 0.3602677608, 0.3597713164]
    ],
    [
      [0.67379963067, 0.32620036933, 0],
      [0.036945329112, 0.96305467089, 0],
      [0.64748656396, 0.35251343604, 0],
      [0.83372583689, 0.16627416311, 0],
      [0.1190014245, 0.8809985755, 0],
      [0.25150579811, 0.74849420189, 0]
    ],
    [
      [0.83621596284, 0.16378403716, 0],
      [0.12730145624, 0.87269854376, 0],
      [0.76994473055, 0.23005526945, 0],
      [0.85043822718, 0.14956177282, 0],
      [0.17716867141, 0.82283132859, 0],
      [0.36466992975, 0.63533007025, 0]
    ],
    [
      [0.79358145039, 0.20641854961, 0],
      [0.074889699868, 0.92511030013, 0],
      [0.69536493397, 0.30463506603, 0],
      [0.83880637219, 0.16119362781, 0],
      [0.14910849809, 0.85089150191, 0],
      [0.34669365732, 0.65330634268, 0]
    ],
    [
      [0.84160695699, 0.15839304301, 0],
      [0.1820670974, 0.8179329026, 0],
      [0.80257230111, 0.19666626244, 0.00076143645831],
      [0.83918425588, 0.10516253223, 0.055653211888],
      [0.22305100504, 0.74361260179, 0.033336393177],
      [0.38501365404, 0.50379967008, 0.11118667588]
    ],
    [
      [0.49612715541, 0.50387284459, 0],
      [0, 1, 0],
      [0.50387284459, 0.49612715541, 0],
      [0.77423551341, 0.22576448659, 0],
      [0.067558240864, 0.93244175914, 0],
      [0.18150217246, 0.81849782754, 0]
    ],
    [
      [0.77787090412, 0.22212909588, 0],
      [0.09535059458, 0.9024079796, 0.0022414258174],
      [0.690248736, 0.30491825298, 0.0048330110196],
      [0.70912717467, 0.13563200715, 0.15524081818],
      [0.13644141248, 0.79112823406, 0.072430353454],
      [0.24998874012, 0.49221185467, 0.2577994052]
    ],
    [
      [0.88802782276, 0.10114033017, 0.010831847073],
      [0.25499096758, 0.69985356176, 0.04515547066],
      [0.85144283428, 0.099542977457, 0.049014188267],
      [0.63854805167, 0.020669123889, 0.34078282444],
      [0.22227301598, 0.52026788576, 0.25745909826],
      [0.2357913511, 0.21697872629, 0.54722992261]
    ],
    [
      [0.67831693261, 0.32168306739, 4.9303806576e-32],
      [0, 1, 4.6259292693e-18],
      [0.56822926197, 0.43177073803, 0],
      [0.64334280177, 0.1811523245, 0.17550487374],
      [0.080545344523, 0.86155312702, 0.057901528452],
      [0.17451753034, 0.58783963608, 0.23764283359]
    ],
    [
      [0.82813863319, 0.16677562106, 0.0050857457455],
      [0.16368944, 0.80963694466, 0.026673615338],
      [0.77112151587, 0.19905701152, 0.029821472614],
      [0.60190958671, 0.077427656213, 0.32066275708],
      [0.16903710306, 0.6319426926, 0.19902020434],
      [0.20932220616, 0.30950805409, 0.48116973974]
    ],
    [
      [0.83017198039, 0.1689520267, 0.00087599291679],
      [0.15521113255, 0.84307098799, 0.0017178794553],
      [0.77132465761, 0.22507469766, 0.0036006447293],
      [0.81846453798, 0.1069808723, 0.074554589722],
      [0.20087941292, 0.75810124458, 0.041019342499],
      [0.34984705228, 0.51706779522, 0.1330851525]
    ],
    [
      [0.88251782378, 0.11507529557, 0.0024068806546],
      [0.27113931279, 0.71480038435, 0.014060302861],
      [0.85417711294, 0.13185113892, 0.013971748143],
      [0.76184072599, 0.060988113169, 0.17717116084],
      [0.25531082559, 0.61361638259, 0.13107279181],
      [0.34015343086, 0.32020939512, 0.33963717402]
    ],
    [
      [0.91420848603, 0.084273376472, 0.0015181374958],
      [0.35222000428, 0.63803921478, 0.0097407809413],
      [0.90039596503, 0.090828295714, 0.0087757392588],
      [0.8456693135, 0.034523109081, 0.11980757742],
      [0.31264380907, 0.58859228446, 0.098763906469],
      [0.42375209056, 0.31317607769, 0.26307183175]
    ],
    [
      [0.85244782303, 0.14573682347, 0.0018153535033],
      [0.20337748757, 0.78844929832, 0.0081732141163],
      [0.80959750165, 0.17994714289, 0.010455355453],
      [0.76769089117, 0.082035679399, 0.15027342943],
      [0.22190659505, 0.68204273886, 0.096050666093],
      [0.32830282583, 0.40268521275, 0.26901196142]
    ],
    [
      [0.92103098301, 0.078424075156, 0.00054494183251],
      [0.40741220082, 0.58969605852, 0.0028917406591],
      [0.93090942033, 0.06642760573, 0.0026629739409],
      [0.90815376935, 0.045355738591, 0.04649049206],
      [0.37864844306, 0.5788055992, 0.042545957745],
      [0.55106702317, 0.33405799149, 0.11487498534]
    ],
    [
      [0.88200267896, 0.11502980333, 0.0029675177138],
      [0.27226069552, 0.7099325993, 0.017806705184],
      [0.85222127354, 0.13061081301, 0.01716791345],
      [0.73757548898, 0.05973137829, 0.20269313273],
      [0.25032680195, 0.5985020991, 0.15117109895],
      [0.32175458449, 0.30318625459, 0.37505916092]
    ],
    [
      [0.85379393472, 0.14572560589, 0.00048045938814],
      [0.19978314942, 0.80021685058, 0],
      [0.81573265551, 0.18284629696, 0.0014210475345],
      [0.85342192896, 0.091071187814, 0.055506883229],
      [0.23467344122, 0.73145781718, 0.0338687416],
      [0.39647535128, 0.49369497847, 0.10982967024]
    ],
    [
      [0.89814956942, 0.097623777671, 0.0042266529124],
      [0.3164476705, 0.65226467856, 0.031287650939],
      [0.87071067943, 0.10423841622, 0.02505090435],
      [0.69820771247, 0.046767580279, 0.25502470725],
      [0.26426812299, 0.52442207074, 0.21130980628],
      [0.30006817383, 0.23627816908, 0.46365365709]
    ],
    [
      [0.86690845487, 0.13116182498, 0.0019297201534],
      [0.23695391965, 0.75351096973, 0.0095351106184],
      [0.83261009751, 0.15651654289, 0.0108733596],
      [0.78250740794, 0.07340271506, 0.144089877],
      [0.24293415982, 0.658341376, 0.09872446419],
      [0.35226176644, 0.38083459204, 0.26690364152]
    ],
    [
      [0.84979008884, 0.14789094603, 0.0023189651243],
      [0.19804111391, 0.79142445144, 0.010534434652],
      [0.80688693928, 0.18000422471, 0.013108836018],
      [0.74727214082, 0.081282914552, 0.17144494462],
      [0.21453423641, 0.67620241467, 0.10926334892],
      [0.31134362975, 0.39046100407, 0.29819536618]
    ],
    [
      [0.89563275226, 0.10436724774, 0],
      [0.30704350216, 0.69295649784, 0],
      [0.88621124869, 0.11378875131, 0],
      [0.9363616375, 0.0636383625, 0],
      [0.32021605405, 0.67978394595, 0],
      [0.54115066372, 0.45884933628, 0]
    ],
    [
      [0.88929292484, 0.10801761294, 0.0026894622213],
      [0.2897782453, 0.69020427918, 0.020017475514],
      [0.8752007132, 0.10603757827, 0.018761708538],
      [0.76291360123, 0.038497919865, 0.1985884789],
      [0.25917143269, 0.5905746378, 0.1502539295],
      [0.33181911638, 0.2909822273, 0.37719865632]
    ],
    [
      [0.93378782478, 0.065497774705, 0.00071440051914],
      [0.41453207263, 0.58013709842, 0.0053308289527],
      [0.96382797173, 0.032543353984, 0.0036286742894],
      [0.89086457202, 0.023548218797, 0.08558720918],
      [0.36887235201, 0.55076746578, 0.080360182211],
      [0.50135041252, 0.28052828527, 0.21812130222]
    ],
    [
      [0.92400193645, 0.073333328805, 0.0026647347486],
      [0.38804228166, 0.58684301746, 0.025114700876],
      [0.90351078339, 0.080001690577, 0.016487526033],
      [0.75981919308, 0.035583291623, 0.2045975153],
      [0.32191080018, 0.48694533139, 0.19114386844],
      [0.34982952409, 0.20319374381, 0.4469767321]
    ],
    [
      [0.92052998281, 0.078504949597, 0.00096506759736],
      [0.37824683651, 0.61533098717, 0.0064221763155],
      [0.91474895757, 0.079036348206, 0.0062146942258],
      [0.85112991799, 0.045799433364, 0.10307064864],
      [0.33797239668, 0.57420586666, 0.087821736665],
      [0.44781254139, 0.30532524491, 0.24686221371]
    ],
    [
      [0.87209634951, 0.12172190681, 0.0061817436795],
      [0.24125297814, 0.71760193863, 0.041145083224],
      [0.82785964758, 0.13374094589, 0.038399406522],
      [0.6331568874, 0.054507490648, 0.31233562195],
      [0.21428015234, 0.55338303151, 0.23233681615],
      [0.24223060353, 0.2452596011, 0.51250979537]
    ],
    [
      [0.83363151885, 0.16314208386, 0.0032263972905],
      [0.16936363365, 0.81648556216, 0.014150804188],
      [0.77766657181, 0.20408092489, 0.0182525033],
      [0.68340849392, 0.084549651577, 0.23204185451],
      [0.19093700816, 0.667119946, 0.14194304584],
      [0.25989312076, 0.35801630057, 0.38209057867]
    ],
    [
      [0.93690986898, 0.061885939235, 0.0012041917831],
      [0.42760554115, 0.56282143142, 0.0095730274268],
      [0.9534359812, 0.039067505329, 0.0074965134712],
      [0.8418714149, 0.02972307252, 0.12840551258],
      [0.35938035532, 0.51885562989, 0.12176401479],
      [0.4579166936, 0.2414412658, 0.3006420406]
    ],
    [
      [0.9103836007, 0.087997052176, 0.0016193471221],
      [0.35672992661, 0.63288814172, 0.010381931672],
      [0.91186458284, 0.078917969005, 0.0092174481503],
      [0.82533319595, 0.049297747931, 0.12536905612],
      [0.3189703342, 0.57476353562, 0.10626613019],
      [0.42634181389, 0.30509232572, 0.26856586039]
    ],
    [
      [0.8769094636, 0.12196917427, 0.0011213621281],
      [0.24806829013, 0.74591789334, 0.0060138165373],
      [0.85398627988, 0.1397219941, 0.0062917260171],
      [0.80853089903, 0.066580215562, 0.12488888541],
      [0.25221153474, 0.66119715726, 0.086591307999],
      [0.37078495225, 0.38062411996, 0.24859092779]
    ],
    [
      [0.87872912545, 0.11955061482, 0.0017202597316],
      [0.26334518708, 0.72781567929, 0.0088391336283],
      [0.8537577533, 0.13653624388, 0.0097060028117],
      [0.79964508601, 0.064452271625, 0.13590264237],
      [0.25885994766, 0.64409871362, 0.09704133872],
      [0.36919116547, 0.36512861052, 0.265680224]
    ],
    [
      [0.92406022809, 0.07114944381, 0.0047903280959],
      [0.30386703933, 0.67629053544, 0.019842425232],
      [0.88582464649, 0.098148698727, 0.016026654783],
      [0.79168434358, 0.014097087758, 0.19421856866],
      [0.28485933416, 0.55433225476, 0.16080841108],
      [0.38057141417, 0.22399204031, 0.39543654552]
    ],
    [
      [0.89616241983, 0.10249057083, 0.0013470093365],
      [0.31247513785, 0.68019072884, 0.0073341333105],
      [0.88178907276, 0.11065719439, 0.0075537328477],
      [0.83052296172, 0.05746891325, 0.11200812503],
      [0.29415371152, 0.61893645959, 0.086909828889],
      [0.41473727903, 0.3463430102, 0.23891971078]
    ],
    [
      [0.80324407142, 0.19483353656, 0.0019223920239],
      [0.11010095632, 0.88675545317, 0.0031435905155],
      [0.72890981615, 0.2626052588, 0.0084849250492],
      [0.7289079138, 0.12120601521, 0.14988607099],
      [0.16846036594, 0.75406570467, 0.077473929383],
      [0.2728439396, 0.49212105349, 0.23503500691]
    ],
    [
      [0.87375859156, 0.12430519823, 0.001936210213],
      [0.25038817347, 0.73952984208, 0.010081984454],
      [0.84668428256, 0.14232965043, 0.010986067009],
      [0.78508415886, 0.067380911371, 0.14753492977],
      [0.24968997711, 0.64687223249, 0.1034377904],
      [0.35497929222, 0.36605730187, 0.27896340591]
    ],
    [
      [0.90474126956, 0.092068199196, 0.0031905312464],
      [0.34431133994, 0.62917461694, 0.026514043121],
      [0.90004870302, 0.077435804934, 0.022515492051],
      [0.73960252598, 0.039559001397, 0.22083847262],
      [0.29074099325, 0.52048379926, 0.18877520749],
      [0.3351423124, 0.24076516045, 0.42409252715]
    ],
    [
      [0.88053594152, 0.1187481555, 0.00071590298318],
      [0.2674159092, 0.73024258137, 0.0023415094287],
      [0.8565238214, 0.13957423805, 0.0039019405499],
      [0.85960715352, 0.071218867655, 0.069173978825],
      [0.27564024285, 0.67530562958, 0.049054127572],
      [0.43372749225, 0.42095360584, 0.14531890191]
    ],
    [
      [0.87816719241, 0.1207316095, 0.0011011980862],
      [0.26512548624, 0.72973065585, 0.0051438579092],
      [0.85580877695, 0.13826462266, 0.0059266003955],
      [0.83756705964, 0.070355671758, 0.092077268607],
      [0.26985524292, 0.66479180296, 0.06535295412],
      [0.41075016867, 0.40441622253, 0.1848336088]
    ],
    [
      [0.89448359159, 0.10214778705, 0.0033686213625],
      [0.31089405808, 0.66639740851, 0.02270853341],
      [0.87215923724, 0.10767851739, 0.02016224537],
      [0.7277400731, 0.051252919775, 0.22100700713],
      [0.26798708167, 0.55343433416, 0.17857858417],
      [0.32431615337, 0.26613483604, 0.40954901058]
    ],
    [
      [0.87283859663, 0.12612310838, 0.001038294994],
      [0.24575995073, 0.75056437366, 0.0036756756023],
      [0.84286534581, 0.15117719755, 0.0059574566367],
      [0.82925996492, 0.074250976033, 0.096489059045],
      [0.25711414558, 0.67715553132, 0.065730323096],
      [0.39374335646, 0.41233734665, 0.1939192969]
    ],
    [
      [0.85439798508, 0.14316773253, 0.0024342823931],
      [0.2008861984, 0.78887697082, 0.010236830784],
      [0.81037650187, 0.17634149558, 0.01328200255],
      [0.73354010289, 0.07685207073, 0.18960782638],
      [0.213313481, 0.66540256185, 0.12128395715],
      [0.29521114779, 0.36430830611, 0.3404805461]
    ],
    [
      [0.90249472228, 0.097505277721, 0],
      [0.32884854031, 0.67115145969, 0],
      [0.89314553274, 0.10685446726, 0],
      [0.94264089892, 0.057359101077, 0],
      [0.33408001005, 0.66591998995, 0],
      [0.55727049854, 0.44272950146, 0]
    ],
    [
      [0.90867255281, 0.089655588913, 0.0016718582811],
      [0.34444265593, 0.64634107841, 0.0092162656604],
      [0.90316904279, 0.087759188225, 0.0090717689867],
      [0.81271980816, 0.046092107507, 0.14118808433],
      [0.30656765233, 0.57617623671, 0.11725611096],
      [0.40527357292, 0.28851910724, 0.30620731985]
    ],
    [
      [0.89459467233, 0.10540532767, 0],
      [0.28683601669, 0.71316398331, 0],
      [0.87520842888, 0.12479157112, 0],
      [0.93197080064, 0.068029199359, 0],
      [0.30589579325, 0.69410420675, 0],
      [0.52774060979, 0.47225939021, 0]
    ],
    [
      [0.84901550429, 0.15048787555, 0.00049662015968],
      [0.19268967193, 0.80625782914, 0.0010524989301],
      [0.80871212918, 0.18825297609, 0.0030348947311],
      [0.84206867645, 0.092504632814, 0.065426690731],
      [0.22914597147, 0.73160933949, 0.039244689042],
      [0.3836084679, 0.48885056832, 0.12754096378]
    ],
    [
      [0.9248409761, 0.075159023903, 0],
      [0.40928603931, 0.59071396069, 0],
      [0.92376169944, 0.076238300556, 0],
      [0.95924111798, 0.040758882022, 0],
      [0.3962816822, 0.6037183178, 0],
      [0.62111010905, 0.37888989095, 0]
    ],
    [
      [0.89508430226, 0.10386628828, 0.001049409455],
      [0.30999102374, 0.68414647154, 0.0058625047283],
      [0.87806429929, 0.11586786478, 0.006067835926],
      [0.85188530266, 0.060247296724, 0.087867400621],
      [0.29907841294, 0.63322697126, 0.067694615795],
      [0.43914391735, 0.37296158434, 0.18789449831]
    ],
    [
      [0.88288123145, 0.11412026108, 0.002998507468],
      [0.27707117833, 0.70295490593, 0.019973915744],
      [0.85692604414, 0.12459614255, 0.018477813309],
      [0.74463439002, 0.056047594408, 0.19931801557],
      [0.25524406362, 0.59457298149, 0.15018295489],
      [0.32859316385, 0.30498611286, 0.36642072329]
    ],
    [
      [0.87841382664, 0.11951706084, 0.0020691125172],
      [0.26480017406, 0.72372852261, 0.011471303335],
      [0.84926268375, 0.13887508946, 0.01186222679],
      [0.78204532097, 0.065486504573, 0.15246817446],
      [0.257435741, 0.63183129762, 0.11073296137],
      [0.35942039278, 0.3500909025, 0.29048870472]
    ],
    [
      [0.80086327552, 0.19818652068, 0.00095020379819],
      [0.10642786099, 0.89311960003, 0.00045253898473],
      [0.73085369408, 0.26523826037, 0.0039080455493],
      [0.78696755938, 0.12162641499, 0.091406025631],
      [0.16414114661, 0.79215897071, 0.043699882682],
      [0.29674263128, 0.55074824591, 0.15250912281]
    ],
    [
      [0.86432535677, 0.1327567182, 0.0029179250233],
      [0.23087151246, 0.75317597187, 0.015952515663],
      [0.82581563887, 0.15722974738, 0.016954613751],
      [0.73221011877, 0.06972446896, 0.19806541227],
      [0.22958223315, 0.63347300913, 0.13694475772],
      [0.31063825658, 0.34169786702, 0.3476638764]
    ],
    [
      [0.91020976274, 0.088370917338, 0.0014193199249],
      [0.36379114264, 0.62662016359, 0.0095886937674],
      [0.89901780363, 0.09277408865, 0.008208107722],
      [0.84403254903, 0.048159363651, 0.10780808732],
      [0.33311234714, 0.57340825111, 0.093479401755],
      [0.45321263199, 0.31000515763, 0.23678221039]
    ],
    [
      [0.84714612255, 0.1482581693, 0.0045957081427],
      [0.19383861407, 0.7803607509, 0.025800635037],
      [0.79498300422, 0.17725432012, 0.027762675661],
      [0.63399212275, 0.069502261051, 0.2965056162],
      [0.19043163168, 0.61277473371, 0.1967936346],
      [0.23381415947, 0.2970710707, 0.46911476983]
    ],
    [
      [0.84282621034, 0.15595215443, 0.0012216352284],
      [0.16958747396, 0.8297137228, 0.00069880323739],
      [0.79808973065, 0.19533472694, 0.0065755424021],
      [0.77928156236, 0.093198410658, 0.12752002698],
      [0.20467414298, 0.72090122306, 0.07442463396],
      [0.31813868289, 0.44096692296, 0.24089439415]
    ],
    [
      [0.82815451565, 0.1704393412, 0.0014061431549],
      [0.10906032751, 0.89093967249, 0],
      [0.78658934127, 0.20539092665, 0.0080197320799],
      [0.74774239937, 0.14885249668, 0.10340510395],
      [0.16226142194, 0.77824237422, 0.059496203838],
      [0.27686247181, 0.51139838997, 0.21173913822]
    ],
    [
      [0.83173689783, 0.16826310217, 0],
      [0.15016554734, 0.84983445266, 0],
      [0.78290191331, 0.21709808669, 0],
      [0.88633475473, 0.11366524527, 0],
      [0.20901555953, 0.79098444047, 0],
      [0.40386941093, 0.59613058907, 0]
    ],
    [
      [0.87268800396, 0.12602389801, 0.0012880980282],
      [0.24837454401, 0.74650479503, 0.0051206609598],
      [0.84468839617, 0.1487665244, 0.0065450794335],
      [0.82146040863, 0.073427938114, 0.10511165326],
