{
  "X": [
    [34, 25, 58, 342, 399, 55],
    [35, 45, 72, 459, 623, 85],
    [10, 10, 25, 108, 198, 23],
    [96, 33, 68, 572, 766, 79],
    [18, 18, 55, 209, 336, 53],
    [17, 18, 44, 243, 355, 45],
    [20, 28, 36, 367, 222, 39],
    [11, 13, 44, 387, 249, 58],
    [16, 19, 34, 315, 186, 34],
    [12, 19, 30, 229, 139, 31],
    [12, 5, 13, 167, 105, 19],
    [28, 21, 34, 208, 320, 29],
    [19, 41, 44, 364, 251, 47],
    [35, 62, 73, 526, 436, 63],
    [24, 19, 34, 168, 227, 34],
    [20, 28, 41, 234, 230, 36],
    [47, 33, 79, 449, 445, 69],
    [17, 13, 23, 240, 302, 32],
    [1, 11, 2, 14, 17, 7],
    [2, 1, 2, 15, 13, 2],
    [6, 3, 0, 17, 15, 2],
    [27, 28, 20, 165, 324, 25],
    [46, 26, 32, 100, 409, 11],
    [13, 18, 34, 75, 232, 9],
    [28, 24, 29, 190, 370, 27],
    [62, 56, 71, 426, 910, 75],
    [38, 23, 23, 171, 518, 22],
    [8, 7, 7, 46, 79, 10],
    [49, 80, 73, 468, 533, 118],
    [38, 26, 53, 303, 378, 61],
    [59, 37, 48, 307, 585, 50],
    [29, 26, 25, 157, 358, 33],
    [44, 54, 28, 281, 533, 35],
    [27, 29, 22, 152, 274, 31],
    [8, 13, 29, 203, 141, 34],
    [2, 5, 4, 18, 27, 1],
    [15, 16, 25, 132, 131, 18],
    [32, 53, 76, 418, 418, 52],
    [17, 22, 12, 84, 171, 11],
    [7, 12, 11, 37, 53, 10],
    [7, 8, 10, 59, 43, 4],
    [16, 21, 18, 139, 209, 25],
    [5, 1, 3, 16, 18, 2],
    [11, 18, 27, 158, 255, 21],
    [4, 2, 8, 44, 57, 7],
    [14, 16, 29, 197, 199, 45],
    [0, 0, 0, 1, 3, 0],
    [6, 8, 11, 213, 209, 70],
    [78, 80, 78, 664, 1116, 80],
    [7, 9, 18, 161, 212, 39],
    [125, 196, 117, 726, 967, 174],
    [25, 39, 8, 157, 207, 18]
  ],
  "W": [
    [78, 33, 327, 243, 67, 107, 58],
    [123, 70, 436, 383, 82, 132, 93],
    [39, 9, 114, 116, 36, 39, 21],
    [187, 47, 550, 477, 158, 126, 69],
    [63, 32, 180, 205, 48, 112, 49],
    [52, 20, 225, 251, 61, 68, 45],
    [43, 22, 345, 141, 43, 63, 55],
    [30, 28, 386, 145, 55, 66, 52],
    [35, 17, 296, 119, 52, 42, 43],
    [20, 41, 203, 92, 21, 49, 34],
    [23, 17, 158, 59, 27, 17, 20],
    [75, 35, 198, 206, 36, 60, 30],
    [42, 53, 349, 168, 52, 47, 55],
    [85, 77, 475, 269, 84, 129, 76],
    [51, 28, 143, 162, 30, 65, 27],
    [42, 26, 216, 147, 56, 63, 39],
    [93, 42, 453, 252, 99, 104, 79],
    [60, 21, 234, 180, 53, 50, 29],
    [3, 7, 15, 14, 2, 5, 6],
    [5, 1, 12, 9, 1, 5, 2],
    [7, 7, 12, 10, 3, 1, 3],
    [104, 39, 166, 197, 36, 23, 24],
    [135, 22, 115, 252, 31, 54, 15],
    [61, 19, 81, 151, 27, 29, 13],
    [87, 41, 140, 251, 50, 61, 38],
    [223, 98, 377, 576, 113, 119, 94],
    [142, 44, 162, 331, 45, 47, 24],
    [16, 4, 47, 53, 14, 9, 14],
    [97, 139, 414, 373, 77, 116, 105],
    [69, 30, 287, 263, 63, 89, 58],
    [118, 51, 308, 396, 64, 89, 60],
    [79, 40, 165, 245, 34, 44, 21],
    [145, 91, 254, 357, 45, 41, 42],
    [67, 47, 148, 187, 26, 32, 28],
    [24, 24, 197, 84, 34, 41, 24],
    [10, 4, 17, 16, 1, 5, 4],
    [25, 22, 130, 75, 30, 32, 23],
    [85, 85, 394, 267, 56, 110, 52],
    [48, 31, 88, 101, 24, 16, 9],
    [17, 11, 41, 36, 3, 11, 11],
    [15, 13, 48, 30, 8, 6, 11],
    [43, 36, 124, 134, 36, 37, 18],
    [6, 4, 14, 14, 2, 4, 1],
    [42, 21, 138, 178, 52, 40, 19],
    [10, 6, 46, 33, 8, 12, 7],
    [35, 15, 185, 132, 55, 39, 39],
    [0, 0, 1, 3, 0, 0, 0],
    [8, 3, 227, 183, 40, 18, 38],
    [271, 100, 626, 707, 170, 141, 81],
    [27, 14, 166, 156, 32, 20, 31],
    [240, 236, 725, 632, 122, 180, 170],
    [54, 63, 153, 134, 19, 13, 18]
  ],
  "method": "mvn_pdf",
  "cond_prob": [
    [
      [0.19129516059, 0.01282292132, 0.0040328309537, 0.010633389238, 0.77651778865, 0.0046979092463],
      [0.14782223538, 0.46215743652, 0.0093015049871, 0.19754052583, 0.147416999, 0.035761298282],
      [0.0013259546293, 0.00093103023175, 0.020478304096, 0.86718174741, 0.10823496182, 0.0018480018097],
      [0.0013824906765, 0.005579917342, 0.0079109873656, 0.015422698518, 0.96945819623, 0.00024570987174],
      [0.11004358043, 0.014703481282, 0.063025684639, 0.17321725825, 0.46801496738, 0.17099502802],
      [0.03023827279, 0.010962051434, 0.3710097764, 0.22861083757, 0.27207535372, 0.087103708089],
      [0.048670624674, 0.085003054872, 0.083430124245, 0.19428784862, 0.036665718238, 0.55194262935]
    ],
    [
      [0.13062306568, 0.011788542149, 0.0038809863326, 0.010567787764, 0.83821485114, 0.0049247669392],
      [0.10940696654, 0.45540243929, 0.0096904675681, 0.21249053804, 0.17245172778, 0.040557860778],
      [0, 0.00037408037464, 0.019235980719, 0.85982621831, 0.11784080418, 0.0027229164159],
      [0, 0.0047733525376, 0.0070800471303, 0.014561401852, 0.97321541288, 0.00036978559559],
      [0.074827661768, 0.013435749147, 0.060264480578, 0.17104998837, 0.50242634468, 0.17799577546],
      [0.015460940275, 0.010087291571, 0.35869072054, 0.2303089012, 0.29413649076, 0.09131565565],
      [0.033313579377, 0.077927866482, 0.080181696642, 0.19287851986, 0.039600877011, 0.57609746063]
    ],
    [
      [0.12396180943, 0.014189065712, 0.0041049699478, 0.0070129031603, 0.84609702827, 0.0046342234779],
      [0.098862532364, 0.55762398085, 0.0097623879055, 0.13442548589, 0.16447104732, 0.034854565668],
      [0, 0.0011438570997, 0.028340052645, 0.80355898824, 0.16392503845, 0.0030320635697],
      [0, 0.008429889311, 0.010609582403, 0.011302147337, 0.967226629, 0.0024317519543],
      [0.076163506576, 0.017387723925, 0.068689207909, 0.12210911912, 0.54268499716, 0.17296544531],
      [0.020727828236, 0.012856786933, 0.40645409246, 0.1601773086, 0.31248789904, 0.087296084727],
      [0.034545481094, 0.1043986185, 0.093621239513, 0.14081192048, 0.043454531645, 0.58316820876]
    ],
    [
      [0.25274938472, 0.010948211357, 0.0031682211596, 0.0099794297966, 0.71384431836, 0.0093104346136],
      [0.22431879892, 0.40544062473, 0.0075801829595, 0.19221942627, 0.13655352726, 0.033887439871],
      [0, 0.00068622571828, 0.016618575708, 0.87534578682, 0.10544691283, 0.0019024989198],
      [0, 0.005701337248, 0.0069741673118, 0.01816342584, 0.96890880346, 0.00025226614454],
      [0.16798686722, 0.013084162433, 0.051581696494, 0.16938121509, 0.43519619857, 0.1627698602],
      [0.050308095587, 0.010623374284, 0.32982005668, 0.24332150072, 0.27560868833, 0.090318284392],
      [0.076987484703, 0.078176380833, 0.070683252301, 0.19673413973, 0.035363786611, 0.54205495582]
    ],
    [
      [0.12609257692, 0.0096393443097, 0.0042680429508, 0.010938200329, 0.84347552533, 0.0055863101615],
      [0.11335982201, 0.40359238154, 0.011438247642, 0.2364085651, 0.18575831154, 0.049442672161],
      [0, 0.0005407701497, 0.020411955238, 0.86246631704, 0.11400652582, 0.0025744317433],
      [0, 0.00052375123581, 0.0077341656767, 0.015023484101, 0.97486160957, 0.0018569894143],
      [0.069767243362, 0.010628564215, 0.064146330719, 0.17142341742, 0.48821297477, 0.19582146951],
      [0.014531014271, 0.0078101598868, 0.37527542857, 0.22450956814, 0.27961782005, 0.098256009081],
      [0.029639838163, 0.058941805696, 0.081542073248, 0.18466678201, 0.036684748768, 0.60852475211]
    ],
    [
      [0.14516184848, 0.014884903106, 0.0051545780652, 0.012688426092, 0.8164151733, 0.005695070961],
      [0.10187695866, 0.49297034493, 0.010803722498, 0.21433276917, 0.14057933989, 0.039436864845],
      [2.0068199413e-05, 0.00073215174174, 0.021643067377, 0.87840475963, 0.096876340262, 0.0023236127915],
      [0, 0.0069947272856, 0.010092590326, 0.016792554363, 0.96571318287, 0.00040694515673],
      [0.076761068359, 0.01570207994, 0.074172443603, 0.1902630625, 0.45204361298, 0.19105773262],
      [0.019494383826, 0.010816356233, 0.40492782034, 0.23212167713, 0.24277295094, 0.089866811526],
      [0.031144135361, 0.083396185534, 0.090074362573, 0.19571607869, 0.032453726122, 0.56721551172]
    ],
    [
      [0.20491392524, 0.030753751627, 0.0045251289259, 0.016771811463, 0.7379832382, 0.0050521445507],
      [0.088179485191, 0.63224312822, 0.0058341589036, 0.17408291201, 0.0781238797, 0.021536435968],
      [0.00040111056984, 0, 0.015503547159, 0.91665198098, 0.065001280255, 0.0024420810389],
      [0.0048935563032, 0.0089785690123, 0.010571292725, 0.025077311611, 0.95020706406, 0.00027220628829],
      [0.10445212263, 0.031341327389, 0.062891987995, 0.24293086765, 0.39478237083, 0.1636013235],
      [0.027119804278, 0.022102396193, 0.35125579152, 0.30352777735, 0.21716202749, 0.078832203175],
      [0.040370709319, 0.15931151983, 0.07280584667, 0.23817957067, 0.02702741829, 0.46230493522]
    ],
    [
      [0.11986735556, 0.0091385622412, 0.0052279941223, 0.013635562994, 0.84445340993, 0.0076771151503],
      [0.10244225278, 0.3636285243, 0.01330608897, 0.27949979472, 0.17657110962, 0.064552229616],
      [0, 0, 0.020573314932, 0.88224817474, 0.093973306712, 0.0032052036123],
      [0, 0, 0.0094133198013, 0.018153502963, 0.97206467853, 0.00036849870397],
      [0.058834968946, 0.0052826070435, 0.069783079839, 0.18953091593, 0.43544282453, 0.24112560371],
      [0.0024634612067, 0, 0.39840280175, 0.24074355447, 0.2434583657, 0.11493181687],
      [0.021867010073, 0.043340405096, 0.077532777763, 0.17830020204, 0.028494699409, 0.65046490562]
    ],
    [
      [0.19061339675, 0.024319217675, 0.006368150189, 0.018535797311, 0.75454404748, 0.0056193905964],
      [0.092258641457, 0.56523103152, 0.0092380434383, 0.21654285721, 0.089776728077, 0.026952698296],
      [0.0015436345359, 0.0013330499807, 0.020468094889, 0.91851655525, 0.055997606129, 0.002141059214],
      [0.0013779838283, 0.010628186268, 0.012564687104, 0.027045181712, 0.94808854221, 0.0002954188801],
      [0.091191480398, 0.023280481122, 0.083250711896, 0.25230476145, 0.37885213206, 0.17112043307],
      [0.021265613196, 0.014746210829, 0.41959929511, 0.28322201241, 0.18714429389, 0.074022574558],
      [0.034979664554, 0.1174566747, 0.095676900908, 0.24547835876, 0.025733832873, 0.4806745682]
    ],
    [
      [0.1672632269, 0.01227286404, 0.0061361471391, 0.019138102412, 0.78822294208, 0.0069667174345],
      [0.11297253034, 0.38688700692, 0.012367165656, 0.31129317555, 0.13003782245, 0.046442299075],
      [0.0017635606973, 0, 0.020201960832, 0.9154286935, 0.058068270001, 0.0045375149683],
      [0.0018160051751, 0.0045152199867, 0.011665570899, 0.02690167217, 0.95474873471, 0.00035279705719],
      [0.076851446809, 0.011283413873, 0.077120130193, 0.2504870221, 0.37951630866, 0.20474167836],
      [0.018452024239, 0.0073586034389, 0.40062077421, 0.28957515563, 0.19294507326, 0.091048369218],
      [0.028816377935, 0.055272115785, 0.086648588925, 0.23817144246, 0.025149910657, 0.56594156424]
    ],
    [
      [0.1936914627, 0, 0.0044602410391, 0.015898558153, 0.77398117707, 0.011968561037],
      [0.16893421864, 0.27404300767, 0.011635623034, 0.33496116066, 0.16467003835, 0.045755951651],
      [0.00038891472534, 0, 0.015424953004, 0.90637892537, 0.073881075138, 0.0039261317651],
      [0.0013753040824, 0, 0.011594808287, 0.022967551407, 0.96378667264, 0.00027566358752],
      [0.10157234566, 0, 0.068506543309, 0.23470896852, 0.41921611153, 0.17599603098],
      [0.025861395526, 0.004876001248, 0.35994954968, 0.29415862853, 0.23047928562, 0.084675139394],
      [0.067426305846, 0.012918842423, 0.080477679355, 0.25195994275, 0.031271792562, 0.55594543706]
    ],
    [
      [0.19292794617, 0.011649812298, 0.0040179639327, 0.010371130386, 0.77667533475, 0.0043578124671],
      [0.15636831171, 0.44218382144, 0.0097257246123, 0.20244535238, 0.15442755044, 0.034849239415],
      [0.00057832378438, 0.0006898458587, 0.020318739329, 0.86573324739, 0.1108544949, 0.0018253487319],
      [0.0024116596776, 0.0048038352072, 0.0088669144087, 0.014563283505, 0.96907524545, 0.00027906175074],
      [0.11276551738, 0.013589172922, 0.063973861151, 0.1720592515, 0.47571652256, 0.16189567449],
      [0.030776241742, 0.010071833214, 0.37640724095, 0.2259703743, 0.27482646769, 0.08194784211],
      [0.051335666495, 0.081004352545, 0.087368804341, 0.19896676632, 0.038343740049, 0.54298067025]
    ],
    [
      [0.17408103347, 0.023819321244, 0.0073881678538, 0.016313533474, 0.77168357219, 0.0067143717665],
      [0.088929065763, 0.56873812977, 0.011273608787, 0.20048560868, 0.096738331856, 0.033835255144],
      [0, 0.0012815072952, 0.023734502872, 0.9031564772, 0.068798305742, 0.0030292068904],
      [0.0011303137292, 0.010324588514, 0.01429576992, 0.023338379191, 0.95056470163, 0.00034624701427],
      [0.082091287237, 0.022414877433, 0.094964075885, 0.21821422218, 0.38124679337, 0.2010687439],
      [0.01858458655, 0.013765276561, 0.46345361646, 0.23731465905, 0.18257891654, 0.08430294484],
      [0.029877107237, 0.10658452889, 0.10339478029, 0.20119468288, 0.024557044891, 0.53439185581]
    ],
    [
      [0.16956779251, 0.022522790562, 0.0048950112929, 0.015702509525, 0.78241052198, 0.0049013741369],
      [0.091893638984, 0.56535541806, 0.0079149864129, 0.20447153514, 0.10422680379, 0.026137617616],
      [0.00024778197127, 0.00087696686861, 0.018459653331, 0.90283971795, 0.076309085372, 0.0012667945044],
      [0.0012036452643, 0.009607139053, 0.0094116067886, 0.022321487461, 0.95720483095, 0.00025129048042],
      [0.08830756697, 0.023353048608, 0.069175894669, 0.23132162478, 0.42667619276, 0.16116567221],
      [0.022415801245, 0.016065629016, 0.37521812423, 0.28160141994, 0.22893224298, 0.075766782583],
      [0.036315479429, 0.12523939102, 0.085006570393, 0.24092148258, 0.031074567436, 0.48144250914]
    ],
    [
      [0.25040705063, 0.016975261134, 0.0051394516851, 0.014946048373, 0.70443938366, 0.0080928045176],
      [0.14866003762, 0.47725331468, 0.0091406650152, 0.2145771901, 0.10276491619, 0.047603876398],
      [0.00053947260731, 0.00072592944768, 0.018790854444, 0.9056122481, 0.072573974067, 0.0017575213338],
      [0.0017837405024, 0.0091175689589, 0.013337506753, 0.025601341368, 0.95015984242, 0],
      [0.11867719865, 0.016116395929, 0.066648959413, 0.20206623035, 0.35059724992, 0.24589396574],
      [0.031440287823, 0.011604517691, 0.38132848301, 0.25802648972, 0.19691991599, 0.12068030576],
      [0.04061904268, 0.072315898558, 0.068457810583, 0.17577454401, 0.021277369628, 0.62155533455]
    ],
    [
      [0.19456260233, 0.028730421979, 0.0054675875288, 0.013549040317, 0.75233938168, 0.0053509661626],
      [0.090609134819, 0.6389384866, 0.0076186923901, 0.15213472422, 0.086059079819, 0.024639882151],
      [0.00045889265527, 0, 0.021955740292, 0.89142168507, 0.083436359696, 0.0027273222835],
      [0.0039320949295, 0.0091685815572, 0.011902936802, 0.019964085933, 0.95474810921, 0.0002841915659],
      [0.10160324971, 0.029974890945, 0.077856972226, 0.20102605737, 0.41195787695, 0.17758095279],
      [0.025209109095, 0.020193752194, 0.41646727998, 0.23998635266, 0.21642844799, 0.081715058072],
      [0.038908681329, 0.15082922706, 0.089299349359, 0.19530854969, 0.027932072123, 0.49772212044]
    ],
    [
      [0.21372872721, 0.013433296693, 0.005284124438, 0.009720820237, 0.75332942163, 0.004503609792],
      [0.1623566677, 0.4738811418, 0.011979525366, 0.17740925547, 0.14069612588, 0.033677283786],
      [0.00028826318868, 0.001385014346, 0.026350631374, 0.85473310667, 0.11516988654, 0.0020730978853],
      [0.0015894835492, 0.0060115307489, 0.010658644228, 0.014497461982, 0.96700065995, 0.00024221953803],
      [0.12334474379, 0.015444053625, 0.082812999951, 0.15871260604, 0.45550840043, 0.16417719617],
      [0.031077198935, 0.010554626742, 0.44699312117, 0.1919410897, 0.24275337907, 0.076680584382],
      [0.054809581294, 0.08960424955, 0.11008671402, 0.17877083445, 0.035864791457, 0.53086382922]
    ],
    [
      [0.1330200767, 0.0097275386821, 0.0028804459172, 0.010734763843, 0.83917813553, 0.0044590393309],
      [0.12012534145, 0.41371898473, 0.0077588806251, 0.23310431889, 0.18560895126, 0.039683523042],
      [0, 0, 0.011393732081, 0.86862147328, 0.11657611017, 0.0034086844625],
      [0.00063002226625, 0.0035193370654, 0.0052596454852, 0.015179561851, 0.97519435516, 0.00021707817271],
      [0.078421243444, 0.011434409518, 0.046167351823, 0.17936980292, 0.51777494013, 0.16683225216],
      [0.0232840173, 0.0092123094118, 0.29461397036, 0.25601753827, 0.32510744061, 0.091764724053],
      [0.03662870525, 0.069935488031, 0.064613761829, 0.21253452148, 0.042768493978, 0.57351902943]
    ],
    [
      [0.18956969642, 0.2194753769, 0.0029754898012, 0.0091646016471, 0.56124976115, 0.017565074089],
      [0.010767842266, 0.95648536571, 0.00053769637406, 0.013404911419, 0.0075985133987, 0.011205670829],
      [0.00051744616013, 0, 0.015803830047, 0.82985041994, 0.090611290255, 0.063217013603],
      [0.0042066325386, 0.040170169414, 0.027472147553, 0.015832155466, 0.91124287433, 0.0010760206959],
      [0.062976024246, 0.15676049317, 0.029655882412, 0.094274881111, 0.19579828068, 0.46053443838],
      [0.021299013633, 0.14628368106, 0.24512198683, 0.16068929557, 0.14477787101, 0.2818281519],
      [0.0094690583801, 0.33980909098, 0.013453406762, 0.036211516579, 0.0051676019848, 0.59588932531]
    ],
    [
      [0.26881324622, 0.012215097183, 0.0037817094638, 0.023344610141, 0.68615406072, 0.0056912762759],
      [0.10490793242, 0.51993554877, 0.0053084945034, 0.27150309853, 0.069489774099, 0.028855151673],
      [0.020164578516, 0.0042400697011, 0.018671143367, 0.947783668, 0, 0.0091405404133],
      [0.0017316767851, 0.024714575438, 0.0079801265596, 0.036619383878, 0.92864004743, 0.00031418990799],
      [0.10662864187, 0.011433372598, 0.050072330767, 0.32950959041, 0.30681456144, 0.19554150292],
      [0.025041999254, 0.0076488680651, 0.30707020196, 0.41294987697, 0.16061674902, 0.086672304739],
      [0.030813582541, 0.047999618516, 0.047242379094, 0.25726820229, 0.016040594458, 0.6006356231]
    ],
    [
      [0.35299384342, 0.017295792638, 0, 0.064756038145, 0.51717905081, 0.047775274987],
      [0.31371489729, 0.32011862186, 0, 0.28410882199, 0.066308821351, 0.01574883751],
      [0, 0.0033460197018, 0, 0.96386097721, 0.03222565188, 0.00056735120941],
      [0, 0.014333542872, 0, 0.040504341385, 0.9449603161, 0.00020179964322],
      [0.2891215106, 0.025002115549, 0, 0.31447517015, 0.27341853546, 0.097982668232],
      [0.092435099236, 0.11220085172, 0, 0.53747908351, 0.19552904163, 0.062355923902],
      [0.12441306133, 0.089134745008, 0, 0.36855541491, 0.021163087763, 0.39673369099]
    ],
    [
      [0.16437562233, 0.016464476698, 0.0042759622734, 0.0094839251265, 0.80033752584, 0.0050624877338],
      [0.11513628221, 0.54316399709, 0.0089546359293, 0.16018512118, 0.13750671015, 0.035053253439],
      [0.00052852026762, 0.0010446393848, 0.023196559238, 0.85070771311, 0.12224996024, 0.0022726077599],
      [0.002037486326, 0.0073916087944, 0.0096104403821, 0.012381236865, 0.96773636218, 0.00084286545195],
      [0.094261564259, 0.01883973987, 0.066915652899, 0.1543790075, 0.48045939694, 0.18514463853],
      [0.025470177006, 0.013814310685, 0.39288792978, 0.20067317655, 0.27454583272, 0.09260857327],
      [0.039427946522, 0.10328257023, 0.08403323518, 0.16403086212, 0.035561934402, 0.57366345154]
    ],
    [
      [0.24072717843, 0.021528289244, 0.005843020953, 0.0041709371387, 0.72773057423, 0],
      [0.15352302934, 0.65319577867, 0.005626807683, 0.063251339025, 0.11240041956, 0.012002625717],
      [0.0015489640998, 0.0027024626783, 0.033832716113, 0.74203390528, 0.21988195183, 0],
      [0, 0.0099186587956, 0.0095650609388, 0.0054083846034, 0.97510789566, 0],
      [0.17800048608, 0.031352675824, 0.059401198102, 0.086310181179, 0.55571499634, 0.089220462479],
      [0.053773932968, 0.025743653538, 0.39654960632, 0.12571988303, 0.35554749184, 0.042665432304],
      [0.10162572975, 0.23673322368, 0.10207525403, 0.12560618, 0.056214642342, 0.3777449702]
    ],
    [
      [0.13370281047, 0.020314830939, 0.012198092102, 0.0069934197447, 0.82474181216, 0.0020490345815],
      [0.085610437987, 0.63574315823, 0.023353865969, 0.10807920209, 0.12897133621, 0.01824199951],
      [0.00051770431732, 0.0015559205344, 0.051132081155, 0.76468110078, 0.18211319321, 0],
      [0.0019145161293, 0.011601978551, 0, 0.020985590695, 0.96549791462, 0],
      [0.076245863452, 0.023130938776, 0.19104071795, 0.11341444106, 0.49161851945, 0.10454951931],
      [0.012365675344, 0.010192984249, 0.68860279461, 0.088683363712, 0.16864880661, 0.031506375478],
      [0.036097027409, 0.14489346859, 0.2725318405, 0.13676121087, 0.041109607281, 0.36860684535]
    ],
    [
      [0.16439191832, 0.011929152861, 0.0035829904528, 0.016453537494, 0.80364240087, 0],
      [0.12105395831, 0.40922424203, 0.0078821656815, 0.29233562003, 0.14459770948, 0.024906304466],
      [0.00032710501474, 0.0004680471047, 0.011990165498, 0.9106744861, 0.076540196282, 0],
      [0.003692648504, 0.00667700983, 0.0081362504134, 0.014498027356, 0.9669960639, 0],
      [0.090933470584, 0.013156603517, 0.053911649193, 0.25843417989, 0.46344296012, 0.1201211367],
      [0.024974144898, 0.0095710799357, 0.3105377278, 0.3330742678, 0.26270340926, 0.059139370304],
      [0.044524867645, 0.084232833261, 0.079102767344, 0.32131867278, 0.040155514406, 0.43066534456]
    ],
    [
      [0.14343203181, 0.010214441612, 0.0036579813861, 0.010271235873, 0.82938098163, 0.0030433276884],
      [0.12930550996, 0.4231994246, 0.0098334166788, 0.22239715935, 0.18372447371, 0.031540015696],
      [0.00043740804038, 0.00061093149364, 0.018634601195, 0.8599398892, 0.12037717007, 0],
      [0.00046873062319, 0.003134175545, 0.0077097525294, 0.014814981973, 0.97387235933, 0],
      [0.087212522582, 0.012350784462, 0.06026666423, 0.17641603426, 0.52740441692, 0.13634957754],
      [0.02409731085, 0.0092449747787, 0.35545869555, 0.23360648703, 0.30782318634, 0.069769345447],
      [0.044523725718, 0.082098287024, 0.091966121065, 0.22818767138, 0.047688428672, 0.50553576614]
    ],
    [
      [0.15789093318, 0.0085996058882, 0.0025337731022, 0.0088183947289, 0.82041157945, 0.0017457136513],
      [0.16093471453, 0.40751417567, 0.0077063840343, 0.1905004969, 0.20522641275, 0.028117816128],
      [0.00060867016854, 0.00065291019845, 0.01641305134, 0.8321943617, 0.1501310066, 0],
      [0.0020807313086, 0.0021722437378, 0.0043273274284, 0.014024278242, 0.97739541928, 0],
      [0.10528869529, 0.011418977323, 0.045890616423, 0.14659997047, 0.57263373036, 0.11816801014],
      [0.032314840535, 0.0095092160793, 0.3030369932, 0.216288789, 0.37157433537, 0.067275825807],
      [0.060593526091, 0.085944207078, 0.079251966942, 0.2144029849, 0.058332294874, 0.50147502011]
    ],
    [
      [0.24286741514, 0.025850299605, 0.0032639237332, 0.0073435399914, 0.71706839406, 0.0036064274673],
      [0.1144149809, 0.69581757604, 0.0046932640136, 0.084989768064, 0.082684399854, 0.01740001113],
      [0.00091847862344, 0.0020053552818, 0.021961929583, 0.84064374914, 0.13246966713, 0.0020008202512],
      [0.0034903398941, 0.0056066920981, 0.013117024396, 0.0080266398449, 0.96619024116, 0.003569062605],
      [0.15244692224, 0.033037753171, 0.057244733149, 0.1337456279, 0.47532206873, 0.14820289481],
      [0.04340867646, 0.025946586265, 0.37345260783, 0.18758819821, 0.28996361932, 0.079640311916],
      [0.064526423207, 0.19397647871, 0.074220817587, 0.14615311374, 0.035559244505, 0.48556392225]
    ],
    [
      [0.19381184394, 0.016720916461, 0.0055903681457, 0.014475900848, 0.7593078894, 0.010093081199],
      [0.12018078363, 0.47651220092, 0.010340727323, 0.2206252621, 0.11573433613, 0.056606689898],
      [0.00097781936057, 0.00095489882579, 0.023386316629, 0.89557347519, 0.079107489999, 0],
      [0.0019534716102, 0.0073590359809, 0.011088272348, 0.021226673588, 0.95837254647, 0],
      [0.08724747282, 0.014986564824, 0.068303054091, 0.18430671676, 0.35782715706, 0.28732903444],
      [0.023212858268, 0.010803060003, 0.38828606783, 0.23505942715, 0.20120586386, 0.14143272288],
      [0.028103934488, 0.062814344663, 0.065733271314, 0.15033759496, 0.020419333424, 0.67259152115]
    ],
    [
      [0.2611948846, 0.016538520329, 0.0045993135547, 0.01124158524, 0.69992220093, 0.0065034953478],
      [0.16773834289, 0.49776301473, 0.0088309439521, 0.17385385249, 0.11058300151, 0.041230844422],
      [0, 0.0009212900288, 0.02186693565, 0.87969240738, 0.095042052236, 0.0024773147032],
      [0, 0.0085380829909, 0.011100416021, 0.018023301677, 0.96196407762, 0.00037412168726],
      [0.13852509135, 0.017514458506, 0.066410237271, 0.1691558149, 0.38943103279, 0.21896336519],
      [0.035999825028, 0.014895002743, 0.39000528396, 0.2224614901, 0.22559051935, 0.11104787882],
      [0.0519713361, 0.085982059664, 0.074623860013, 0.16105132459, 0.025905955106, 0.60046546453]
    ],
    [
      [0.23595230958, 0.01212950833, 0.0052971891916, 0.018214658748, 0.72176996812, 0.0066363660362],
      [0.21149460703, 0.46458554726, 0.0071288707677, 0.1434683649, 0.14574813425, 0.027574475793],
      [0, 0.0011744947635, 0.021165882781, 0.83309396347, 0.14259562739, 0.0019700315944],
      [0, 0.0077494450456, 0.0061694943235, 0.011398788929, 0.97448942859, 0.0001928431076],
      [0.16738951112, 0.015787623429, 0.051331818788, 0.13369718605, 0.49171091138, 0.14008294923],
      [0.051448722121, 0.013170605243, 0.33818157663, 0.19745249048, 0.31985323332, 0.079893372206],
      [0.084658958847, 0.10436231193, 0.077762514918, 0.17161718222, 0.04407143103, 0.51752760106]
    ],
    [
      [0.20028404452, 0.013929255177, 0.0034662447989, 0.0072182790698, 0.76783062992, 0.0072715465108],
      [0.15422314499, 0.50370158429, 0.007969189445, 0.13379585145, 0.14500027454, 0.05530995529],
      [0.00081649563093, 0.0011220559433, 0.025966805723, 0.82097534124, 0.14908255941, 0.0020367420556],
      [0.003006847309, 0.0079004372308, 0.0074602046429, 0.0087812639287, 0.97285124689, 0],
      [0.11143206353, 0.015471992639, 0.052570773006, 0.11395026153, 0.44759565815, 0.25897925115],
      [0.03413792712, 0.012868832381, 0.34794260608, 0.16801495886, 0.29031415125, 0.14672152431],
      [0.040308398116, 0.073262035357, 0.057059288174, 0.10469589747, 0.028672211063, 0.69600216982]
    ],
    [
      [0.16997213084, 0.014483521582, 0.0037215024326, 0.012314171365, 0.79531842544, 0.0041902483421],
      [0.12286829949, 0.48381180321, 0.0080307233955, 0.21423405643, 0.14121485415, 0.029840263335],
      [0.00044133514105, 0.00073965909197, 0.016432310122, 0.88311749968, 0.097982603361, 0.0012865926031],
      [0.0020060763801, 0.0064529049919, 0.0072278097769, 0.016511540652, 0.9678016682, 0],
      [0.097325814388, 0.016515901767, 0.057910805352, 0.19966549476, 0.47667235367, 0.15190963006],
      [0.026781908401, 0.01232178163, 0.34250610316, 0.26374270935, 0.27722933414, 0.077418163319],
      [0.044453273563, 0.098405860978, 0.079207499681, 0.23129244614, 0.038543837336, 0.5080970823]
    ],
    [
      [0.21242176432, 0.015097824705, 0.0043150944939, 0.009685778611, 0.75167743076, 0.0068021071118],
      [0.14981258957, 0.49894291082, 0.0090978836733, 0.16475541213, 0.12993854285, 0.047452660964],
      [0.00067275472583, 0.00094662782516, 0.023701448898, 0.85884387724, 0.1133921021, 0.002443189209],
      [0.002424557601, 0.0074005718949, 0.0098761170739, 0.012709439405, 0.96758931402, 0],
      [0.11425433698, 0.016230806643, 0.063427791267, 0.14813167579, 0.42363750709, 0.23431788223],
      [0.031917379561, 0.012316044519, 0.38468070852, 0.19929898805, 0.25059936059, 0.12118751876],
      [0.042200757221, 0.078500238452, 0.070347662891, 0.13903565265, 0.027696895319, 0.64221879346]
    ],
    [
      [0.13431010913, 0.013201567712, 0.0068253333505, 0.015141866394, 0.81996880401, 0.010552319401],
      [0.092656334851, 0.43189868813, 0.014049433795, 0.25139091111, 0.13808042879, 0.071924203319],
      [0, 0.00015362904391, 0.024266264439, 0.89238581067, 0.082893959814, 0.00030033602886],
      [0, 0.0053774258678, 0.012549974212, 0.021491874566, 0.96006384533, 0.0005168800198],
      [0.058019447431, 0.011413631568, 0.080686801121, 0.18616510003, 0.37082517395, 0.29288984589],
      [0.0033837014577, 0.0076298584375, 0.44104576681, 0.22146992347, 0.1932874812, 0.13318326862],
      [0.018392182169, 0.047280728995, 0.076588582616, 0.14950045457, 0.020770944916, 0.68746710673]
    ],
    [
      [0.13079037023, 0.027580125266, 0.0054505282959, 0.014758302306, 0.8214206739, 0],
      [0.036321426203, 0.82089575771, 0.0047549294834, 0.084707410752, 0.053320475855, 0],
      [0.00029782260475, 0, 0.023610333352, 0.88781906191, 0.088272782134, 0],
      [0.0046272437123, 0, 0.021087132149, 0.015970110848, 0.95831551329, 0],
      [0.078463419984, 0.048108710678, 0.096077295158, 0.20289312849, 0.50893264901, 0.065524796686],
      [0.041362768043, 0.026710816978, 0.51169435269, 0.20481113702, 0.21542092527, 0],
      [0.045608612251, 0.31473823024, 0.13328903978, 0.23454817358, 0.038197143324, 0.23361880083]
    ],
    [
      [0.21250622514, 0.015376840268, 0.0054766319609, 0.0098511523372, 0.75301413793, 0.003775012366],
      [0.1489491013, 0.51788602207, 0.011476912705, 0.16657296624, 0.1289334461, 0.02618155158],
      [0.0018969488303, 0.0020848185432, 0.026527893527, 0.8575029049, 0.1119874342, 0],
      [0.0017584648393, 0.0068435518448, 0.011016268709, 0.014651319606, 0.965730395, 0],
      [0.12452907833, 0.018057145914, 0.088050741507, 0.16470827304, 0.4632809541, 0.14137380711],
      [0.030661382998, 0.01186477795, 0.46548263645, 0.19206636634, 0.23708401113, 0.062840825132],
      [0.057171275046, 0.10940897552, 0.1216860521, 0.19250075705, 0.037602073383, 0.4816308669]
    ],
    [
      [0.16390341771, 0.016519069966, 0.0066391068013, 0.013589146075, 0.79362292737, 0.0057263320836],
      [0.10746996331, 0.50072868367, 0.012983494092, 0.21407463005, 0.12779709744, 0.036946131435],
      [0.00010298688555, 0.0012861232883, 0.023859728713, 0.88323246393, 0.088821776633, 0.0026969205466],
      [0.0011498648078, 0.0069656506571, 0.012619854134, 0.019096570701, 0.95987784447, 0.00029021522603],
      [0.083837915948, 0.016827609616, 0.092252803202, 0.19670760264, 0.42503277867, 0.18534128993],
      [0.019538047729, 0.010629237785, 0.46060214223, 0.21990601692, 0.20937196412, 0.079952591216],
      [0.033491602569, 0.087611872021, 0.11018177179, 0.1990560818, 0.030065033933, 0.5395936379]
    ],
    [
      [0.18113097702, 0.017439310732, 0.0035332683261, 0.0070457280211, 0.78714560181, 0.0037051140891],
      [0.12686333178, 0.58641344159, 0.0073934382277, 0.11913652005, 0.13451680386, 0.025676464499],
      [0.0007400747974, 0.0014167048867, 0.024610595052, 0.81790982155, 0.1531924905, 0.002130313221],
      [0.0054298499027, 0.0082574972354, 0.010269083862, 0.0078764444254, 0.96645914069, 0.0017079838885],
      [0.11494781242, 0.022129485697, 0.061474264708, 0.12731929339, 0.52316519225, 0.15096395154],
      [0.032475968226, 0.017017380374, 0.38417426346, 0.17395493051, 0.31319266049, 0.079184796944],
      [0.053449489531, 0.13578148912, 0.086236236934, 0.15089398008, 0.04295895987, 0.53067984446]
    ],
    [
      [0.26821686017, 0.045458048289, 0.0098872682094, 0.0082270964882, 0.65904085648, 0.0091698703647],
      [0.08231288266, 0.76759940676, 0.0092896840712, 0.06237791084, 0.04929755206, 0.029122563614],
      [0.0088247468528, 0, 0.041570203352, 0.81337305799, 0.11819631505, 0.018035676749],
      [0.0051471872489, 0.019115593208, 0.021988806936, 0.01351745405, 0.93969097321, 0.00053998534433],
      [0.12100636999, 0.04223621433, 0.1282295686, 0.10919219406, 0.31423906457, 0.28509658844],
      [0.024018183789, 0.023054455015, 0.60726286272, 0.10672074779, 0.13369073205, 0.10525301863],
      [0.032776288575, 0.15592279101, 0.1062885757, 0.076141255372, 0.015072106189, 0.61379898315]
    ],
    [
      [0.23997601517, 0.018417201528, 0.016669048289, 0.030668112791, 0.69426962223, 0],
      [0.11383431565, 0.44248245445, 0.024200440197, 0.33042675114, 0.080226777934, 0.0088292606267],
      [0.012319140772, 0.013780905306, 0.0065110393387, 0.94552630131, 0.021862613278, 0],
      [0.001934687903, 0.0083261352719, 0.034306711747, 0.041491493368, 0.91394097171, 0],
      [0.095063315801, 0.014925426073, 0.19093030133, 0.32040735881, 0.29061325705, 0.088060340939],
      [0.013248518351, 0.0057276981082, 0.652105264, 0.21946055183, 0.086280027461, 0.023177940244],
      [0.039196058034, 0.082402996283, 0.2412321198, 0.33949100892, 0.021162431242, 0.27651538572]
    ],
    [
      [0.15923599123, 0.013880976671, 0.0035315382697, 0.012064700132, 0.80515892836, 0.0061278653338],
      [0.11604731971, 0.47669242625, 0.0076825853044, 0.21204878313, 0.14343871685, 0.044090168752],
      [0.00041481454694, 0.0007154915193, 0.01555192898, 0.88139492423, 0.099689283777, 0.0022335569462],
      [0.002466448505, 0.0060330577417, 0.0058043143396, 0.016208801985, 0.96869061867, 0.00079675875412],
      [0.085544565108, 0.014897942583, 0.051778811836, 0.18438211127, 0.45280870718, 0.21058786202],
      [0.024566526842, 0.011617537892, 0.32171693457, 0.25501670972, 0.27517601081, 0.11190628016],
      [0.033591218158, 0.076603618737, 0.060988314627, 0.18384096475, 0.031429573596, 0.61354631014]
    ],
    [
      [0.36202748393, 0.0069653651571, 0.035127716511, 0.070396339616, 0.46317350503, 0.062309589757],
      [0.46508079914, 0.18985116323, 0.011103914677, 0.21578237532, 0.078496110606, 0.039685637033],
      [0, 0.0014618909764, 0.020936924995, 0.9275731934, 0.048279779972, 0.0017482106597],
      [0, 0.0096077817118, 0.01569167094, 0.026920815169, 0.94735251518, 0.00042721699584],
      [0.30435119407, 0.0051818846044, 0.074631963497, 0.17620327473, 0.23461992238, 0.20501176072],
      [0.068413292615, 0.0034160688904, 0.50323470417, 0.21601128706, 0.12163731271, 0.087287334556],
      [0.085156341252, 0.019799693738, 0.069814955466, 0.1351246434, 0.012333299653, 0.67777106649]
    ],
    [
      [0.12677509867, 0.019244513919, 0.0052544020497, 0.014649478408, 0.82950687654, 0.0045696304092],
      [0.076038534098, 0.55372132895, 0.0094151266472, 0.21194831462, 0.12181876348, 0.027057932194],
      [0, 0.0008272589179, 0.019312136426, 0.89236383751, 0.086106668856, 0.0013900982923],
      [0, 0.0077701085978, 0.0095728503099, 0.018797771587, 0.96375450888, 0.0001047606227],
      [0.055275655588, 0.025985622149, 0.082059561374, 0.22108520918, 0.46131257058, 0.15428138113],
      [0.0164456415, 0.013514255226, 0.40237236573, 0.25981219045, 0.23805158636, 0.069803960741],
      [0.028761941532, 0.11444836239, 0.097398076418, 0.2396145203, 0.03479879709, 0.48497830227]
    ],
    [
      [0.13664787232, 0, 0.0039573696501, 0.007468777961, 0.84326419488, 0.0086617851952],
      [0.16948388959, 0.29958289695, 0.014520568814, 0.22261920809, 0.24699535714, 0.046798079417],
      [0.0024925710859, 0, 0.030145582767, 0.82486270252, 0.13812224593, 0.0043768977009],
      [0.0028408793149, 0, 0.0071947944166, 0.010042828657, 0.97973747182, 0.00018402579377],
      [0.091226645078, 0, 0.068753615263, 0.13434906474, 0.54912406973, 0.15654660519],
      [0.02675874915, 0, 0.41595404927, 0.17327380562, 0.30709214085, 0.076921255105],
      [0.051041785927, 0.028928945473, 0.10110005061, 0.16577444641, 0.046046825388, 0.6071079462]
    ],
    [
      [0.17376601096, 0.022009981711, 0.0058434429848, 0.014392746304, 0.77509648982, 0.0088913282142],
      [0.092548299297, 0.56478599076, 0.009324207974, 0.18507731615, 0.10131893874, 0.046945247077],
      [0.00057574190853, 0.0022466524024, 0.023815789006, 0.8940469054, 0.079314911283, 0],
      [0.0014172431606, 0.0094519096299, 0.011327113659, 0.020629476638, 0.95689681243, 0.00027744448389],
      [0.08016851529, 0.020327136908, 0.073684635177, 0.18896708206, 0.37483809822, 0.26201453235],
      [0.020466625582, 0.014086343837, 0.40689301027, 0.23214057663, 0.2025787074, 0.12383473627],
      [0.026382308664, 0.087877386501, 0.07264189927, 0.15773471076, 0.021834255297, 0.6335294395]
    ],
    [
      [0.098035238027, 0.0087526538184, 0.0023914752799, 0.0076339510971, 0.87832610736, 0.0048605744172],
      [0.095747991365, 0.57269269133, 0.0066010596581, 0.16997168068, 0.11016202364, 0.044824553332],
      [2.149713328e-61, 3.7588854036e-18, 7.3381719616e-15, 0.99998694568, 1.3054315028e-05, 0],
      [0, 0, 0, 4.3514383451e-06, 0.99999564856, 0],
      [0.073476674504, 0.012458420772, 0.046918277571, 0.16402920351, 0.48442919027, 0.21868823336],
      [0.021184394819, 0.0099061484681, 0.36942194825, 0.23374425505, 0.24614659618, 0.11959665724],
      [0.029914346406, 0.069110316657, 0.058263104714, 0.16759660071, 0.025474362899, 0.64964126862]
    ],
    [
      [0.22050497604, 0.034158920286, 0.0041020871143, 0.012495314767, 0.67614562997, 0.052593071829],
      [0.0741428562, 0.58454262958, 0.0041800565199, 0.10228584297, 0.056317479225, 0.1785311355],
      [0.00054634098618, 0.001696089452, 0.017484143613, 0.88528235859, 0.094991067356, 0],
      [0.001747951245, 0.016617179425, 0.0090232422649, 0.023416285591, 0.94919534147, 0],
      [0.073867199784, 0.026154468509, 0.033397193044, 0.090633250906, 0.14483499318, 0.63111289457],
      [0.017688233202, 0.015109703333, 0.19680443507, 0.13888208872, 0.12179102767, 0.509724512],
      [0.00780423559, 0.032341873903, 0.012003201203, 0.032202543583, 0.0044874873009, 0.91116065842]
    ],
    [
      [0.15863594925, 0.017186260997, 0.0034211013721, 0.011170798423, 0.80564123317, 0.0039446567906],
      [0.10825633007, 0.54001256091, 0.006962263663, 0.18301494457, 0.13529868146, 0.026455219324],
      [0.00045231433575, 0.00096031077488, 0.016283435948, 0.87202926909, 0.10981528465, 0.00045938520619],
      [0.0009708862569, 0.0073501324895, 0.0058332707027, 0.01646732076, 0.96937838979, 0],
      [0.093724446976, 0.020188056473, 0.054741639417, 0.18634764779, 0.49822167049, 0.14677653886],
      [0.026534763574, 0.015479966033, 0.33033410313, 0.25274825718, 0.29797547757, 0.076927432526],
      [0.043702490614, 0.12257931052, 0.07624585963, 0.2200234143, 0.041163476221, 0.49628544871]
    ],
    [
      [0.12640694871, 0.012176187901, 0.0052613800858, 0.011434063698, 0.83284688252, 0.011874537087],
      [0.09565743376, 0.44130119172, 0.011893636881, 0.20832491887, 0.15375973734, 0.089063081424],
      [0, 0, 0.024008395254, 0.86384067352, 0.11215093122, 0],
      [0, 0.0043119446908, 0.0099755049517, 0.016244534394, 0.96946801596, 0],
      [0.044331630873, 0.010812329724, 0.083689441777, 0.1441916471, 0.38602170296, 0.33095324757],
      [0.015508986129, 0.0081218428619, 0.38491457107, 0.19212969071, 0.22611040322, 0.17321450601],
      [0.016742464568, 0.042320369757, 0.057209867053, 0.10923566851, 0.020371942488, 0.75411968762]
    ],
    [
      [0.25883486715, 0.028238677582, 0.0044894515717, 0.0093116621914, 0.6915315846, 0.0075937569105],
      [0.12713448963, 0.63621845231, 0.0065771586073, 0.10978662175, 0.083617072952, 0.036666204745],
      [0.00020075149313, 0.00085007111616, 0.02691944522, 0.85159961612, 0.11537434759, 0.0050557684617],
      [0.0020866062767, 0.013662215252, 0.0097861795392, 0.015006016007, 0.95901753489, 0.00044144803349],
      [0.13606134296, 0.029523495978, 0.063942293515, 0.13821335503, 0.38061410538, 0.25164540714],
      [0.038751532131, 0.022776090614, 0.38816246367, 0.18857994201, 0.22907038267, 0.13265958891],
      [0.046099133571, 0.13013398951, 0.064697974523, 0.11856244508, 0.022857156992, 0.61764930033]
    ],
    [
      [0.21874624402, 0.017978067997, 0.0025932991409, 0.010441611698, 0.74528361142, 0.0049571657216],
      [0.14103430976, 0.54235957121, 0.0049982202466, 0.16240109183, 0.11758602385, 0.031620783105],
      [0.0013883482614, 0.00075725508862, 0.0098677553647, 0.87710746404, 0.10727944122, 0.0035997360229],
      [0.0016364463822, 0.0081249419339, 0.0052910705366, 0.015748914567, 0.9689292477, 0.00026937888279],
      [0.12707249169, 0.020873067513, 0.041166704747, 0.17255966042, 0.45357131038, 0.18475676525],
