{
  "Z_true": {},
  "V_true": [
    [1243, 22, 136, 33, 1187, 15],
    [39, 2027, 284, 533, 376, 43],
    [71, 592, 570, 3200, 253, 52],
    [698, 469, 640, 106, 21695, 213],
    [110, 171, 2215, 304, 682, 41],
    [49, 173, 106, 113, 326, 135]
  ],
  "p_true": [
    [0.4715, 0.0083, 0.0516, 0.0125, 0.4503, 0.0057],
    [0.0118, 0.6139, 0.086, 0.1614, 0.1139, 0.013],
    [0.015, 0.1249, 0.1203, 0.6754, 0.0534, 0.011],
    [0.0293, 0.0197, 0.0269, 0.0044, 0.9108, 0.0089],
    [0.0312, 0.0485, 0.6287, 0.0863, 0.1936, 0.0116],
    [0.0543, 0.1918, 0.1175, 0.1253, 0.3614, 0.1497]
  ],
  "Z_est": [
    [
      [1.0852, 0.6375, 9.4959, 14.1082, 0, 3.2557, 17.3639, 13.0229, 9.7672, 13.5656, 30.9295, 14.9221, 5.1549, 3.2557, 10.8524, 36.1641, 15.4647, 28.6969, 17.3639, 35.2705, 12.209, 25.5033, 11.9377, 1.8992, 0.5426, 17.0926, 15.7361, 8.4106, 0.6723, 28.759, 0, 271.5825, 15.1934, 27.4024, 8.1393],
      [0.0237, 1.026, 0.2078, 0.3087, 0.0059, 0.0712, 0.3799, 0.2849, 0.2137, 0.2968, 0.6767, 0.3265, 0.1128, 0.0712, 0.2374, 0.7242, 0.3384, 0.0892, 0.3799, 0.7717, 0.2671, 0.558, 0.2612, 0.0416, 0.0119, 0.374, 0.3443, 0.184, 0.4367, 0.6292, 0, 5.9419, 0.3324, 0.5995, 0.1781],
      [0.5056, 0.7584, 4.424, 6.5728, 0.1264, 1.5168, 8.0896, 6.0672, 4.5504, 6.32, 14.4095, 6.952, 2.4016, 1.5168, 5.056, 12.3566, 7.2048, 0.68, 8.0896, 16.4319, 5.688, 11.8815, 5.5616, 0.8848, 0.2528, 7.9632, 7.3312, 3.9184, 0.5056, 13.3983, 0, 126.5257, 7.0784, 12.7663, 3.792],
      [0.031, 0.0464, 0.2709, 0.4025, 0.2791, 0.0929, 0.4954, 0.3715, 0.2787, 0.387, 0.8824, 0.4257, 0.1471, 0.0929, 0.3096, 0.9443, 0.4412, 0.565, 0.4954, 1.0062, 0.3483, 0.7276, 0.3406, 0.0542, 0.0155, 0.4876, 0.4489, 0.24, 0.031, 0.8205, 0, 7.7481, 0.4335, 0.7818, 0.2322],
      [2.3545, 3.5317, 20.6015, 30.6079, 0.5886, 7.0634, 37.6712, 28.2534, 21.1901, 29.4307, 67.1019, 32.3737, 11.1836, 7.0634, 23.5445, 71.8108, 33.5509, 42.9688, 37.6712, 76.5197, 26.4876, 55.3296, 25.899, 4.1203, 1.1772, 37.0826, 34.1396, 18.247, 2.3545, 62.393, 0, 589.2018, 32.9623, 59.4499, 17.6584],
      [0, 0, 0, 0, 0, 0, 0, 0, 0, 0, 0, 0, 0, 0, 0, 0, 0, 0, 0, 0, 0, 0, 0, 0, 0, 0, 0, 0, 0, 0, 0, 0, 0, 0, 0]
    ],
    [
      [0, 0, 0.2001, 0.6379, 0, 0.2921, 0.3041, 0.3281, 0, 0.2281, 0.5242, 0.2881, 0.076, 0, 0, 0.3321, 0.2761, 0.1921, 0.2561, 0.3161, 0.8003, 1.4038, 0.6556, 1.2262, 0.012, 0.4642, 0.2441, 0.2681, 0, 0.4602, 0, 3.6532, 0.6042, 0.9683, 0],
      [8.4443, 9.2888, 42.2217, 60.7993, 0.9941, 61.6437, 64.177, 69.2436, 100.1155, 48.1328, 110.6209, 60.7993, 16.0443, 29.2441, 71.469, 70.0881, 58.266, 40.5329, 54.0438, 66.7103, 30.3996, 131.7318, 62.4882, 7.6812, 1.7218, 97.9544, 51.5105, 55.0987, 5.911, 97.11, 0, 770.9689, 127.5096, 204.3532, 79.795],
      [0, 0.7474, 0.2429, 0, 0.0097, 0.3547, 0.3693, 0.3984, 0.5733, 0.2769, 0.6365, 0.3498, 0.0923, 9.1281, 0.4227, 0.4033, 0.3352, 0.2332, 0.3109, 0.3838, 0.1749, 0, 0, 0.0534, 0.0095, 0.5636, 0.2964, 1.804, 0.034, 0.5587, 0, 4.4359, 0.7336, 1.1758, 0.5004],
      [0.188, 0.2068, 0.9401, 1.3538, 0.9435, 1.3726, 1.429, 1.5418, 2.2187, 1.0718, 2.4632, 1.3538, 0.3573, 0, 3.4313, 1.5606, 1.2974, 0.9025, 1.2034, 1.4854, 0.6769, 2.9332, 1.3914, 0.4121, 1.2567, 2.1811, 1.147, 1.2598, 0.1596, 2.1623, 0, 17.1669, 2.8392, 4.5503, 8.0145],
      [0.4837, 0.757, 1.317, 1.8965, 0.0527, 1.9229, 2.0019, 2.1599, 3.1082, 1.5014, 3.4506, 1.8965, 1.4302, 1.159, 6.3066, 2.1863, 1.8175, 1.2644, 1.6858, 2.0809, 0.9483, 4.1092, 1.9492, 0.64, 0, 3.0555, 1.6068, 1.7648, 0.1844, 3.0292, 0, 24.0492, 3.9775, 6.3745, 6.3327],
      [0.8839, 0, 5.0781, 7.3125, 0, 7.414, 7.7187, 8.3281, 11.9843, 5.789, 13.3046, 7.3125, 1, 4.4687, 5.3704, 8.4296, 7.0078, 4.875, 6.5, 8.0234, 3, 15.822, 7.5156, 0.9871, 0, 11.7812, 6.1953, 6.8046, 0.7109, 11.6796, 0, 92.726, 15.3358, 24.578, 8.3574]
    ],
    [
      [0, 0, 22.3066, 17.9111, 0, 4.8072, 19.2299, 17.1463, 0.4555, 18.0491, 47.4074, 18.602, 7.7594, 0.3597, 4.766, 35.38, 22.0975, 11.6391, 16.0249, 32.4627, 13.8868, 48.8842, 16.7251, 0.1687, 0, 3.3161, 16.0651, 6.6032, 0, 31.7981, 0, 267.194, 24.459, 45.5444, 6.1453],
      [0.2808, 4.2002, 2.8634, 2.2748, 0, 6.4816, 5.4308, 2.7803, 2.2467, 3.0049, 6.2345, 3.0225, 1.7773, 1.2357, 1.5165, 4.4933, 10.5488, 1.9378, 2.6679, 5.2797, 1.348, 5.9256, 7.6973, 0.0281, 0, 3.9745, 3.0213, 0, 1.1798, 8.3946, 0, 0, 4.0721, 7.5825, 1.6569],
      [0, 0.8915, 0, 0, 0, 10.7743, 3.7693, 5.1918, 17.2345, 3.5552, 1.6824, 3.3631, 2.4123, 9.5446, 4.8688, 0, 0, 3.6185, 4.0807, 9.8591, 2.5172, 0, 0, 0.0524, 0, 41.206, 5.0869, 11.5134, 0.3671, 4.3281, 0, 110.5061, 7.6041, 14.1594, 3.0941],
      [6.3807, 9.7661, 64.4454, 51.6839, 0, 48.9194, 72.7403, 63.1692, 51.0459, 68.2738, 141.6523, 78.483, 29.3514, 27.9004, 36.7618, 102.0917, 83.5876, 44.0271, 60.617, 119.2074, 25.3441, 134.6334, 62.5312, 0.6381, 0, 70.9583, 61.8931, 47.8555, 4.6641, 112.3009, 0, 1010.7079, 92.5206, 172.2798, 41.4533],
      [3.2329, 2.1422, 10.3186, 8.2753, 0, 8.1732, 11.6468, 10.1143, 8.1732, 12.9877, 22.6806, 18.2314, 4.6996, 4.4952, 5.5169, 16.3463, 13.3836, 7.0494, 10.6069, 19.207, 4.9039, 21.5567, 10.0121, 0.1022, 0, 25.0044, 9.91, 7.6623, 0.7152, 17.981, 0, 178.8751, 14.8139, 27.5845, 6.0277],
      [0.1055, 0, 1.0659, 0.8548, 0, 0.8443, 1.1829, 0.5981, 0.8443, 1.1292, 2.3429, 1.2981, 0, 0.4644, 0.5699, 1.6886, 1.3825, 0.7282, 1.0026, 1.9841, 0, 0, 1.0343, 0.0106, 0, 1.5408, 1.0237, 1.3656, 0.0739, 1.1974, 0, 16.7169, 1.5303, 2.8495, 0.6227]
    ],
    [
      [0, 0, 6.015, 21.1641, 0, 0, 15.6068, 16.3385, 0, 5.1618, 19.0373, 0, 3.5667, 0, 0, 11.8133, 8.1966, 26.7004, 15.3758, 16.9903, 3.8641, 13.8183, 5.435, 0.3783, 0.1177, 0, 0, 0, 0, 11.7543, 0, 63.479, 12.284, 18.4991, 0],
      [0.4123, 1.065, 6.1603, 6.3903, 0, 1.4086, 12.259, 7.2407, 14.9649, 3.65, 25.3325, 0, 6.9739, 0, 0, 13.1755, 6.0203, 0, 22.1156, 4.8585, 1.2138, 33.5588, 7.4006, 0, 0.0172, 0, 3.862, 0, 0.2233, 7.3609, 0, 0, 4.0551, 53.8665, 0],
      [0, 1.7863, 0, 0, 0, 18.1772, 0, 0.5137, 11.085, 0, 0, 0, 3.8787, 11.6143, 4.0767, 0, 0, 0, 0, 36.1421, 9.6074, 0, 0, 0.3005, 0.0288, 32.0272, 38.8174, 27.7707, 0.3844, 0, 0, 121.0341, 5.4828, 8.1016, 1.0882],
      [1.1399, 0, 19.0163, 18.1448, 0.8953, 0, 28.8086, 20.2007, 1.9438, 10.6616, 39.2706, 19.6527, 3.6229, 0, 6.7209, 20.0355, 3.0571, 12.2949, 2.0776, 0, 0, 32.8791, 23.6479, 1.2398, 0.0696, 0, 1.3056, 1.6798, 1.4894, 36.2312, 0, 199.9969, 37.7837, 27.6254, 8.407],
      [46.4478, 121.1487, 442.025, 695.5384, 13.1047, 139.7194, 564.3255, 556.7064, 449.9028, 446.5105, 813.1979, 535.0597, 298.9578, 336.3574, 272.2024, 754.2368, 627.2017, 522.6524, 666.0178, 590.184, 259.3148, 826.7438, 392.1495, 28.0815, 1.7667, 564.4377, 241.2785, 352.7841, 22.6899, 801.6536, 4, 7984.5751, 468.3402, 1063.5456, 344.5047],
      [0, 0, 3.7834, 2.7624, 0, 4.6948, 0, 0, 8.1035, 3.0161, 5.1616, 1.2875, 0, 5.0283, 0, 5.7389, 5.5242, 5.3523, 0.4131, 7.825, 0, 0, 2.367, 0, 0, 6.5351, 0.7365, 1.7654, 1.2128, 0, 0, 32.9149, 5.0542, 13.3617, 0]
    ],
    [
      [0.2335, 0, 5.7594, 3.4537, 0, 2.0116, 4.2244, 3.1683, 2.9169, 2.8163, 8.1974, 4.3753, 1.3076, 1.6596, 2.5648, 6.1355, 5.4234, 1.9111, 3.6209, 7.1916, 3.1961, 12.3987, 9.7966, 0.1006, 0.1006, 6.1355, 1.9111, 2.766, 0.1006, 5.2805, 0, 70.5079, 3.4198, 9.0524, 0.8549],
      [1.397, 1.5363, 3.1593, 6.4596, 0, 2.0383, 4.2804, 3.2103, 2.9555, 2.8536, 8.306, 4.4333, 1.3553, 1.6816, 2.5988, 6.2168, 7.8809, 1.9364, 3.6689, 7.2869, 2.4459, 7.7455, 3.618, 0.1019, 0.1019, 6.2168, 1.9364, 2.8026, 0.1019, 5.3505, 0, 63.8506, 3.4651, 9.1723, 0.8663],
      [5.4944, 12.8164, 50.3331, 47.4272, 1.8639, 34.1771, 71.7719, 53.8289, 49.5568, 47.8479, 139.2716, 74.3352, 22.2151, 28.1961, 43.5758, 104.2401, 56.46, 32.4682, 61.5188, 122.1831, 41.0125, 125.1185, 54.4384, 1.7089, 1.7089, 104.2401, 32.4682, 46.9935, 1.7089, 89.7149, 0, 1205.4983, 58.1011, 153.7969, 14.5253],
      [1.3834, 0.2268, 0.9376, 0.9074, 1.0052, 0.6049, 1.2703, 0.9527, 0.8771, 0.8469, 2.465, 1.3157, 0.3932, 0.4991, 0.7713, 1.845, 1.104, 0.5747, 1.0888, 2.1626, 0, 2.2987, 1.0737, 0.0302, 0.0326, 1.845, 0.5747, 0.8318, 0.0302, 1.5879, 0, 21.2021, 1.0283, 2.7221, 0.2571],
      [0.4812, 0.4205, 1.7379, 1.6818, 0.1309, 1.1212, 2.3546, 1.7659, 1.6258, 1.5697, 4.569, 2.4387, 0.7288, 0.925, 1.4296, 3.4197, 2.0462, 1.0652, 2.0182, 4.0084, 1.3455, 4.2606, 1.9902, 0.0561, 0.0561, 3.4197, 1.0652, 1.5417, 0.0561, 2.9432, 1, 39.2989, 1.9061, 5.0455, 0.4765],
      [0.0105, 0, 0.0726, 0.0703, 0, 0.0469, 0.0984, 0.0738, 0.0679, 0.0656, 0.1909, 0.1019, 0, 0.0387, 0.0597, 0.1429, 0.0855, 0.0445, 0.0843, 0.1675, 0, 0.178, 0.0832, 0.0023, 0, 0.1429, 0.0445, 0.0644, 0.0023, 0.123, 0, 1.6423, 0.0797, 0.2108, 0.0199]
    ],
    [
      [0.6813, 1.3625, 5.2229, 2.725, 0, 3.6333, 2.2708, 4.9958, 3.8604, 3.1792, 5.9042, 6.8125, 1.1354, 2.725, 1.8167, 8.175, 4.5417, 3.8604, 6.3583, 4.7688, 2.0438, 9.9917, 5.45, 0.2271, 0.2271, 9.9917, 2.0438, 2.9521, 0.2271, 7.9479, 0, 63.5834, 7.0396, 14.5333, 3.8604],
      [0.4418, 0.8837, 3.3875, 1.7674, 0, 2.3565, 1.4728, 3.2402, 2.5038, 2.0619, 3.8293, 4.4184, 0.7364, 1.7674, 1.1782, 5.3021, 2.9456, 2.5038, 4.1239, 3.0929, 1.3255, 6.4804, 3.5347, 0.1473, 0.1473, 6.4804, 1.3255, 1.9146, 0.1473, 5.1548, 0, 41.2386, 4.5657, 9.426, 2.5038],
      [0, 0, 0, 0, 0, 0, 0, 0, 0, 0, 0, 0, 0, 0, 0, 0, 0, 0, 0, 0, 0, 0, 0, 0, 0, 0, 0, 0, 0, 0, 0, 0, 0, 0, 0],
      [1.8769, 3.7538, 14.3896, 7.5076, 1.8769, 10.0102, 6.2564, 13.764, 10.6358, 8.7589, 16.2665, 18.7691, 3.1282, 7.5076, 5.0051, 22.5229, 12.5127, 10.6358, 17.5178, 13.1383, 5.6307, 27.528, 15.0153, 0.6256, 0.6256, 27.528, 5.6307, 8.1333, 0.6256, 21.8972, 0, 175.178, 19.3947, 40.0407, 10.6358],
      [0, 0, 0, 0, 1.1231, 0, 0, 0, 0, 0, 0, 0, 0, 0, 0, 0, 0, 0, 0, 0, 0, 0, 0, 0, 0, 0, 0, 0, 0, 0, 0, 0, 0, 0, 0],
      [0, 0, 0, 0, 0, 0, 0, 0, 0, 0, 0, 0, 0, 0, 0, 0, 0, 0, 0, 0, 0, 0, 0, 0, 0, 0, 0, 0, 0, 0, 0, 0, 0, 0, 0]
    ]
  ],
  "V_est": [
    [725.457, 16.7064, 321.5773, 20.675, 1551.5843, 0],
    [15.0112, 2767.1136, 25.6089, 71.4721, 96.5003, 326.2939],
    [777.1945, 113.1583, 281.2809, 2997.8847, 522.4299, 46.0517],
    [295.5965, 243.5856, 331.9171, 579.8988, 22247.363, 122.6389],
    [192.5926, 181.0307, 2990.6158, 54.746, 99.9994, 4.0154],
    [204.1481, 132.4054, 0, 564.3234, 1.1231, 0]
  ],
  "p_est": [
    [0.2752, 0.0063, 0.122, 0.0078, 0.5886, 0],
    [0.0045, 0.838, 0.0078, 0.0216, 0.0292, 0.0988],
    [0.164, 0.0239, 0.0594, 0.6327, 0.1103, 0.0097],
    [0.0124, 0.0102, 0.0139, 0.0243, 0.9339, 0.0051],
    [0.0547, 0.0514, 0.8489, 0.0155, 0.0284, 0.0011],
    [0.2263, 0.1468, 0, 0.6256, 0.0012, 0]
  ],
  "EI_Z": {},
  "EI_V": 12.9751,
  "MAE_Z": {},
  "MAE_V": 280.5648,
  "MAE_p": 0.0937,
  "runtime": 0.9316
}
