{
  "X": [
    [15, 195, 129, 811, 39, 50],
    [23, 53, 228, 430, 50, 28],
    [20, 31, 80, 153, 21, 14],
    [25, 46, 143, 359, 40, 25],
    [18, 31, 172, 269, 36, 23],
    [5, 1, 9, 201, 10, 14],
    [1, 4, 6, 56, 5, 7],
    [1, 8, 8, 111, 1, 7],
    [1, 2, 4, 73, 2, 5],
    [20, 18, 48, 186, 17, 15],
    [3, 5, 2, 59, 1, 2],
    [9, 17, 12, 141, 2, 11],
    [14, 6, 16, 149, 8, 15],
    [5, 3, 3, 71, 1, 3],
    [2, 3, 3, 4, 0, 3],
    [2, 3, 0, 65, 4, 12],
    [2, 1, 1, 64, 0, 2],
    [6, 67, 50, 385, 6, 19],
    [26, 189, 195, 977, 39, 54],
    [3, 9, 9, 78, 2, 4],
    [4, 29, 14, 73, 4, 11],
    [56, 51, 195, 657, 68, 47],
    [28, 51, 140, 309, 46, 27],
    [35, 50, 181, 421, 39, 40],
    [40, 64, 167, 526, 42, 35],
    [20, 13, 94, 220, 44, 23],
    [9, 5, 8, 208, 9, 11],
    [8, 6, 6, 79, 6, 10],
    [2, 2, 15, 91, 2, 7],
    [8, 0, 1, 52, 0, 11],
    [2, 2, 4, 42, 0, 5],
    [12, 28, 138, 96, 50, 26],
    [3, 1, 4, 79, 2, 3],
    [4, 16, 30, 100, 9, 11],
    [10, 26, 17, 136, 8, 4],
    [0, 7, 14, 52, 9, 2],
    [13, 30, 65, 261, 22, 16],
    [14, 7, 14, 244, 8, 9],
    [0, 4, 3, 55, 4, 5],
    [8, 27, 33, 164, 16, 23],
    [3, 18, 21, 80, 13, 16],
    [1, 4, 0, 80, 3, 5],
    [4, 6, 5, 80, 0, 4],
    [17, 41, 236, 271, 70, 37],
    [27, 45, 171, 314, 54, 27],
    [22, 42, 176, 335, 48, 25],
    [9, 11, 42, 172, 5, 25],
    [6, 12, 52, 105, 24, 14],
    [3, 5, 42, 34, 14, 8],
    [3, 0, 2, 42, 2, 3],
    [3, 6, 3, 92, 1, 6],
    [2, 0, 0, 17, 0, 0],
    [9, 5, 4, 82, 5, 6],
    [17, 25, 73, 311, 31, 25],
    [28, 19, 72, 218, 25, 20],
    [4, 5, 9, 80, 8, 2],
    [15, 210, 167, 697, 34, 48],
    [6, 58, 50, 162, 10, 14],
    [24, 17, 40, 309, 5, 16],
    [6, 8, 43, 101, 8, 11],
    [4, 3, 15, 32, 8, 9],
    [9, 12, 31, 65, 10, 4],
    [14, 26, 89, 363, 33, 28],
    [28, 135, 124, 714, 37, 67],
    [5, 12, 45, 214, 17, 27],
    [13, 30, 48, 156, 21, 14],
    [8, 7, 21, 94, 8, 9],
    [14, 9, 13, 158, 8, 14],
    [2, 2, 3, 96, 5, 13],
    [6, 6, 4, 82, 5, 8],
    [4, 5, 7, 56, 3, 5],
    [2, 7, 16, 92, 5, 6],
    [4, 2, 2, 73, 4, 8],
    [3, 7, 6, 70, 2, 4],
    [2, 2, 2, 57, 0, 5],
    [23, 30, 61, 384, 17, 27],
    [23, 35, 104, 608, 55, 33],
    [87, 439, 631, 2937, 188, 184],
    [5, 6, 12, 75, 1, 5],
    [9, 35, 68, 239, 20, 11],
    [37, 240, 324, 1177, 66, 100],
    [3, 34, 19, 107, 2, 12]
  ],
  "W": [
    [189, 147, 853, 50],
    [43, 221, 485, 63],
    [20, 80, 196, 23],
    [37, 149, 415, 37],
    [37, 164, 306, 42],
    [3, 9, 204, 24],
    [3, 5, 61, 10],
    [5, 8, 106, 17],
    [2, 4, 70, 11],
    [18, 51, 204, 31],
    [2, 3, 59, 8],
    [12, 10, 163, 7],
    [5, 12, 168, 23],
    [2, 1, 81, 2],
    [3, 4, 5, 3],
    [1, 3, 68, 14],
    [0, 1, 64, 5],
    [55, 56, 402, 20],
    [205, 177, 1028, 70],
    [8, 9, 76, 12],
    [26, 17, 87, 5],
    [43, 191, 735, 105],
    [48, 142, 339, 72],
    [50, 176, 446, 94],
    [62, 160, 568, 84],
    [15, 105, 234, 60],
    [5, 5, 205, 35],
    [7, 4, 88, 16],
    [3, 9, 97, 10],
    [2, 1, 62, 7],
    [1, 5, 41, 8],
    [36, 152, 116, 46],
    [2, 1, 83, 6],
    [14, 31, 105, 20],
    [18, 20, 139, 24],
    [7, 12, 58, 7],
    [37, 74, 273, 23],
    [6, 16, 249, 25],
    [2, 2, 62, 5],
    [30, 36, 175, 30],
    [16, 25, 93, 17],
    [3, 2, 77, 11],
    [7, 5, 84, 3],
    [41, 251, 311, 69],
    [43, 187, 333, 75],
    [53, 177, 367, 51],
    [10, 39, 185, 30],
    [19, 59, 106, 29],
    [6, 43, 35, 22],
    [2, 1, 42, 7],
    [6, 4, 88, 13],
    [0, 0, 19, 0],
    [6, 3, 88, 14],
    [22, 85, 313, 62],
    [19, 67, 243, 53],
    [7, 9, 81, 11],
    [209, 159, 755, 48],
    [52, 57, 180, 11],
    [19, 31, 321, 40],
    [14, 40, 106, 17],
    [5, 17, 40, 9],
    [18, 33, 69, 11],
    [22, 101, 378, 52],
    [118, 129, 768, 90],
    [18, 47, 222, 33],
    [30, 59, 168, 25],
    [6, 21, 101, 19],
    [7, 10, 168, 31],
    [0, 4, 94, 23],
    [4, 6, 81, 20],
    [5, 10, 58, 7],
    [3, 23, 94, 8],
    [1, 2, 82, 8],
    [3, 5, 80, 4],
    [1, 1, 55, 11],
    [24, 54, 414, 50],
    [35, 102, 652, 69],
    [395, 668, 3121, 282],
    [2, 14, 79, 9],
    [49, 64, 248, 21],
    [238, 302, 1278, 126],
    [31, 18, 122, 6]
  ],
  "method": "mvn_pdf",
  "cond_prob": [
    [
      [0, 0.86994360015, 0.036890679486, 0.072646459599, 0.0037147016412, 0.016804559126],
      [9.7492552228e-05, 0.024813830149, 0.77990746843, 0.02046098835, 0.16489163875, 0.0098285817656],
      [0.010466610498, 0.031551750314, 0.0064186256777, 0.90758056248, 0.0054222954893, 0.038560155543],
      [0.1211529968, 0.0003876704388, 0.038123520285, 0.40191668111, 0.18867264883, 0.24974648254]
    ],
    [
      [0.00020688279865, 0.80294174563, 0.12687210369, 0.051085523492, 0.0070671843277, 0.011826560059],
      [0.0010160994104, 0.0074379053613, 0.87539884912, 0.0081347338044, 0.10579333102, 0.0022190812796],
      [0.027313087121, 0.034671839877, 0.04520843924, 0.8454989115, 0.012148847679, 0.035158874582],
      [0.15110633041, 0.00022040496364, 0.1135755691, 0.25299324192, 0.32418402849, 0.15792042512]
    ],
    [
      [0, 0.90114071772, 0.061525252587, 0.024508772141, 0.0047400836946, 0.008085173861],
      [0, 0, 0.84575263295, 0.019237251518, 0.13017472893, 0.0048353866052],
      [0.059938263206, 0.066210130845, 0.04774556998, 0.75311914574, 0.020894395907, 0.05209249432],
      [0.35878697442, 0, 0.076137069396, 0.14606486393, 0.27808340931, 0.14092768294]
    ],
    [
      [0, 0.83211251243, 0.091260043959, 0.053886813649, 0.0078446519447, 0.014895978015],
      [0, 0.0098351535628, 0.82632896633, 0.0075313715407, 0.15220134461, 0.0041031639575],
      [0.040014608739, 0.033108768998, 0.033501483542, 0.8370515292, 0.014008157956, 0.042315451565],
      [0.22686317225, 0.00016918986569, 0.07019585732, 0.22993591669, 0.30319897241, 0.16963689147]
    ],
    [
      [0.00034391505807, 0.65085305093, 0.23397883395, 0.078154729052, 0.013035298512, 0.023634172498],
      [0.0012346557232, 0.0044477681484, 0.87629103833, 0.0093460045761, 0.10531670574, 0.0033638274834],
      [0.035019652007, 0.020169650242, 0.048398623413, 0.83529830593, 0.014385285159, 0.046728483251],
      [0.16830424024, 0.00040690869671, 0.11478747841, 0.21367258715, 0.32961564179, 0.17321314371]
    ],
    [
      [0.29858626182, 0.33333333333, 0.095934269949, 0.2095438968, 0.015012127238, 0.047590110865],
      [0.0055730994443, 0, 0.73012079996, 0.020167181174, 0.23445046338, 0.0096884560475],
      [0.0067623976897, 0, 0.0069225676847, 0.93683743335, 0.0092161266714, 0.040261474606],
      [0.11143975795, 0, 0.030371090952, 0.3781261365, 0.24853415029, 0.23152886431]
    ],
    [
      [0, 0.83898356731, 0.061336038814, 0.065655220124, 0.0077935867591, 0.026231586991],
      [0, 0.0081585789859, 0.79084204861, 0.0084280087187, 0.18481020045, 0.0077611632437],
      [0.0048448427008, 0.023524363067, 0.023082296257, 0.87011738378, 0.015676558353, 0.062754555837],
      [0.070446459525, 0.00072702560344, 0.045376156886, 0.26837338852, 0.3096298178, 0.30544715167]
    ],
    [
      [0, 0.9001901452, 0.023271202307, 0.066785434372, 5.9827732273e-05, 0.0096933903933],
      [0, 0.030738835446, 0.85877401207, 0.028440598409, 0.073232534732, 0.0088140193449],
      [0, 0.01738947449, 0.0038630339266, 0.94989509921, 0, 0.028852392371],
      [0.058823529412, 0.082932605557, 0.035527664453, 0.57350985438, 0.024343563734, 0.22486278247]
    ],
    [
      [0, 0.77085410378, 0.051000511531, 0.14976312132, 0.0038399289643, 0.024542334405],
      [6.4630032955e-05, 0.0094156053485, 0.84237104055, 0.025755396903, 0.11313004133, 0.0092632858338],
      [0.00034737887742, 0.0060089910151, 0.0027325349309, 0.95531777945, 0.0025871581749, 0.033006157551],
      [0.088674996223, 0, 0.030657942688, 0.52047341893, 0.12351808223, 0.23667555993]
    ],
    [
      [0, 0.78204547292, 0.08746931505, 0.096449433119, 0.0086879263935, 0.02534785252],
      [0, 0.006696781728, 0.80786216463, 0.013568614045, 0.16470294026, 0.007169499343],
      [0.045004418745, 0.01754612326, 0.019554446746, 0.86260095141, 0.011956159461, 0.043337900372],
      [0.34900317987, 7.214432926e-05, 0.039854025707, 0.24520376771, 0.19370034973, 0.17216653265]
    ],
    [
      [0.0002532935828, 0.96235787397, 0.0057697677689, 0.02843669883, 0.00041650503705, 0.0027658608135],
      [0.11776810503, 0.066221770286, 0.66282015482, 0.032921815755, 0.11310209427, 0.0071660598366],
      [0.013035014716, 0.04864215952, 0, 0.92546680728, 0, 0.012856018482],
      [0.23464040369, 0.00084144118993, 0, 0.53022744068, 0.08248258839, 0.15180812605]
    ],
    [
      [0, 0.89615333851, 0.037373935087, 0.048059726555, 0.0017960776387, 0.016616922205],
      [0.0014191542353, 0.022572656378, 0.86392300091, 0.013269068345, 0.089000655359, 0.0098154647696],
      [0.041999191156, 0.036924192696, 0.016178589296, 0.84845184737, 0.0022653761598, 0.054180803323],
      [0.30570575703, 0.00025570921716, 0.039310387801, 0.28470592525, 0.1027406001, 0.2672816206]
    ],
    [
      [4.3520416715e-05, 0.73595396707, 0.11585869172, 0.10225451045, 0.0091204680476, 0.036768842288],
      [0.00067918198129, 0.0058718273704, 0.84376843649, 0.0092785935824, 0.13331905496, 0.0070829056152],
      [0.043607657154, 0.013391477596, 0.024933512973, 0.85067852344, 0.01141670051, 0.055972128326],
      [0.28980633967, 0, 0.048115440174, 0.23753879942, 0.19289405716, 0.23164536358]
    ],
    [
      [4.9937585256e-05, 0.81130972007, 0.078771272781, 0.088723335946, 0.0041203591253, 0.017025374493],
      [0.0014251961017, 0.0067654946511, 0.90321752797, 0.0096679352264, 0.074908341091, 0.0040155049631],
      [0.051333092401, 0.016917781399, 0.022888834468, 0.86747197839, 0.0083556384851, 0.033032674853],
      [0.42024722212, 0.0001373859584, 0.042622167286, 0.27382757146, 0.12002211168, 0.14314354149]
    ],
    [
      [0, 0.91645309876, 0, 0.061527689506, 0, 0.022019211732],
      [0.10817332622, 0.031115603079, 0.75, 0.06946998736, 0, 0.041241083345],
      [0.097176127529, 0.021710759169, 0, 0.66114748639, 0, 0.21996562692],
      [0.3604753525, 0.0058748318508, 0, 0.077266516705, 0, 0.55638329895]
    ],
    [
      [4.352202033e-05, 0.90357903702, 0, 0.056914030278, 0.0032593146575, 0.036204096021],
      [0.28700385872, 0.25759016097, 0, 0.037713805355, 0.36758684327, 0.050105331696],
      [0, 0.019132246044, 0, 0.89673154484, 0.012824047805, 0.07131216131],
      [0.081353207274, 0.0016184106483, 0, 0.27515710746, 0.14442463606, 0.49744663856]
    ],
    [
      [6.9410437629e-05, 0.85665477382, 0.02690096076, 0.10354907361, 0.0013547613926, 0.011471019979],
      [0.063581194912, 0.014261670443, 0.88720207527, 0.028196762093, 0, 0.0067582972806],
      [0.011561994226, 0.015371414259, 0, 0.95555848364, 0, 0.017508107876],
      [0.23929023492, 0.00039356339398, 0.022559584946, 0.563212057, 0, 0.17454455974]
    ],
    [
      [0, 0.9031889366, 0.024889526994, 0.060488673841, 0.00010373302062, 0.011329129546],
      [0.025563027387, 0.038167234194, 0.82951942484, 0.026372248584, 0.070217732805, 0.010160332187],
      [0.0050314093026, 0.037755821421, 0.0035513423404, 0.92168309507, 0, 0.031978331864],
      [0.12729219633, 0.00047015805552, 0.037517430166, 0.48398363995, 0.10310508234, 0.24763149316]
    ],
    [
      [0, 0.80429737906, 0.08205220224, 0.090339391133, 0.0047637173817, 0.018547310188],
      [0.00028051574204, 0.011610448604, 0.8590405212, 0.012881367168, 0.11065949563, 0.0055276516578],
      [0.015524163562, 0.021450723036, 0.021091548779, 0.90364212608, 0.0049790263532, 0.033312412195],
      [0.14273583674, 0.00018063728201, 0.063528773483, 0.38937596034, 0.19026097313, 0.21391781902]
    ],
    [
      [0.00029705922194, 0.87348777396, 0.034809720898, 0.079573298374, 0.0014308256743, 0.010401321874],
      [0.00099995317581, 0.020084065796, 0.86154898383, 0.021886174197, 0.089320145864, 0.0061606771377],
      [0.013677304642, 0.023979478908, 0.0065248374445, 0.93409101072, 0, 0.021727368286],
      [0.16242906623, 0.00074173493001, 0.039307811048, 0.51462676922, 0.098722673486, 0.18417194509]
    ],
    [
      [0.0019579954022, 0.91446708673, 0.019510908097, 0.040848322503, 0.0030678566926, 0.020147830577],
      [0.0024654661869, 0.036565047027, 0.7700781361, 0.018529723021, 0.15245774428, 0.019903883389],
      [0.035666075542, 0.052867991625, 0.0032946046088, 0.81109488852, 0.0087596353723, 0.08831680433],
      [0.16084612443, 0.00054693484276, 0.022951494969, 0.21153660444, 0.11327315917, 0.49084568214]
    ],
    [
      [0, 0.76997172586, 0.12240019094, 0.077863315054, 0.010173108064, 0.019591660083],
      [0, 0.0068761078103, 0.83319030748, 0.0082584320996, 0.14782034672, 0.0038548058863],
      [0.040706386332, 0.022528752325, 0.031932080903, 0.85276457957, 0.01333738828, 0.038730812586],
      [0.24838862901, 0.00018329750267, 0.067879653306, 0.24088143747, 0.28119894993, 0.16146803278]
    ],
    [
      [4.5805415806e-05, 0.81993455851, 0.09762255271, 0.05932963006, 0.0077686929886, 0.01529876032],
      [0.00045050852017, 0.0093893258483, 0.83717583337, 0.0072386103746, 0.14187886969, 0.0038668522037],
      [0.036854859922, 0.03036191129, 0.032911071991, 0.84725797346, 0.013072018533, 0.0395421648],
      [0.21444488356, 0.00023845824824, 0.073309662875, 0.24866447333, 0.29234567998, 0.17099684201]
    ],
    [
      [9.5914674086e-05, 0.7774218072, 0.11353304916, 0.081724350577, 0.0058650140641, 0.021359864322],
      [0.00055347000672, 0.0081546176023, 0.87848393296, 0.0084171920299, 0.099399874502, 0.0049909128949],
      [0.032133090569, 0.021690652686, 0.030688542544, 0.86827252512, 0.0058125784504, 0.041402610636],
      [0.21879186331, 0.00020921110694, 0.074713674105, 0.29981713268, 0.1980846957, 0.20838342309]
    ],
    [
      [0, 0.79413150805, 0.10424605925, 0.078262322494, 0.0064765258651, 0.016883584343],
      [0.00033836516639, 0.0089536933371, 0.86387209988, 0.0089864650118, 0.11402935177, 0.0038200248311],
      [0.034642582902, 0.023439318266, 0.028788640616, 0.87104207967, 0.008761932161, 0.033325446387],
      [0.24129612482, 0.00021098561437, 0.071015005663, 0.29711905181, 0.21877359102, 0.17158524107]
    ],
    [
      [0.00029358499877, 0.68554535475, 0.1459589146, 0.11670495184, 0.017846216876, 0.033650976944],
      [0.0012709005143, 0.0035202257123, 0.77671968406, 0.0090439810124, 0.20368091058, 0.0057642981153],
      [0.036370789274, 0.010030752047, 0.029911711286, 0.86741931113, 0.0099309139709, 0.046336522291],
      [0.18918978302, 0, 0.054261816889, 0.23872814852, 0.33369962111, 0.18412063046]
    ],
    [
      [0.00014013477959, 0.73476721499, 0.081014976939, 0.15338712116, 0.0076206653922, 0.023069886743],
      [0.00080029669768, 0.008269596092, 0.81252161415, 0.018994817699, 0.15334546036, 0.0060682150085],
      [0.017472811506, 0.0062673948516, 0.010314766644, 0.93635133819, 0.0065698779443, 0.023023810864],
      [0.15466775668, 0, 0.040508282361, 0.43388759933, 0.19566698265, 0.17526937898]
    ],
    [
      [0, 0.73042300647, 0.096331629607, 0.11263821892, 0.013128945721, 0.047478199281],
      [0.0011910892367, 0.0056793004169, 0.77062857158, 0.010398285761, 0.20269064556, 0.0094121074468],
      [0.044437347199, 0.0098218381027, 0.019490239113, 0.84852355496, 0.014721629922, 0.063005390703],
      [0.2552968181, 0, 0.03300145403, 0.2187416555, 0.23761446028, 0.25534561209]
    ],
    [
      [1.4504346311e-05, 0.54741255952, 0.28726616501, 0.1271675134, 0.0058175725947, 0.032321685129],
      [0, 0.0012399387141, 0.95411116171, 0.0055475813349, 0.036092165151, 0.003009153086],
      [0.010338692403, 0.0035732254948, 0.04264977713, 0.89691299548, 0.0013524288345, 0.045172880662],
      [0.099710332387, 0, 0.14141726679, 0.35680086667, 0.15265321989, 0.24941831426]
    ],
    [
      [0.41184219851, 0, 0.075105056676, 0.20331570549, 0, 0.30973703932],
      [0.13271064208, 0, 0.77897178352, 0.022352347432, 0, 0.065965226963],
      [0.062829948005, 0, 0.00053901114966, 0.81922237042, 0, 0.11740867043],
      [0.44973545494, 0, 0.0053427731208, 0.11131846795, 0, 0.43360330399]
    ],
    [
      [0.00027262874001, 0.90344527208, 0.013644907573, 0.065381553138, 0, 0.017255638465],
      [0.085844762579, 0.024713271373, 0.79727101849, 0.034513277074, 0, 0.057657670489],
      [0, 0.023408631372, 0, 0.92962424552, 0, 0.046967123112],
      [0.1963129448, 0.0016543106019, 0, 0.45593224941, 0, 0.34610049519]
    ],
    [
      [0.0011697923685, 0.6668097812, 0.20111213827, 0.06223639401, 0.020544687893, 0.048127206252],
      [0.0046058446144, 0.0078289876107, 0.79435557827, 0.011063811994, 0.18214577751, 0],
      [0.044204645697, 0.023620191921, 0.057966642994, 0.74496949304, 0.02554932421, 0.10368970214],
      [0.1332621781, 0.0014108586314, 0.071604011678, 0.12307237392, 0.40457633579, 0.26607424188]
    ],
    [
      [0.10267834624, 0.49887408806, 0.18899124072, 0.17438496696, 0.0090048674601, 0.026066490567],
      [0.00046500004568, 0.0022518238815, 0.91420298548, 0.008423431876, 0.071950063316, 0.0027066954016],
      [0.021157214458, 0, 0.027267907477, 0.91904331498, 0.0086972521976, 0.02383431089],
      [0.17302158458, 0, 0.074096368752, 0.39370191517, 0.19802804489, 0.1611520866]
    ],
    [
      [0, 0.87083333566, 0.052375834573, 0.055898056043, 0.0040606851802, 0.016832088545],
      [0.00020116126298, 0.015753114553, 0.84191975754, 0.0098884857686, 0.12468332038, 0.0075541604905],
      [0.014872774936, 0.031540227978, 0.019431873856, 0.8770253829, 0.0092578965546, 0.047871843774],
      [0.12160613163, 0.00041314059659, 0.056343953861, 0.3411609476, 0.20529441687, 0.27518140945]
    ],
    [
      [0.00039759670733, 0.94805308363, 0.014314178133, 0.033516409611, 0.0016601646232, 0.0020585672919],
      [0.0017208648023, 0.053216656424, 0.77294979346, 0.022085558975, 0.14690827106, 0.0031188552803],
      [0.028820850568, 0.056623822778, 0.0031591270735, 0.89829758175, 0.0066331494472, 0.0064654683814],
      [0.24801365559, 0, 0.035176260882, 0.420484566, 0.1712476601, 0.12507785742]
    ],
    [
      [0, 0.73878724292, 0.17242519674, 0.056249989242, 0.023838473034, 0.0086990980571],
      [0, 0.0020976992091, 0.74062635247, 0.011588261822, 0.24426457735, 0.0014231091517],
      [0, 0.028178628328, 0.058290792288, 0.87223356578, 0.014669816281, 0.026627197321],
      [0, 0.024136637999, 0.07494877721, 0.12537773115, 0.7215866309, 0.053950222736]
    ],
    [
      [0.00037185845777, 0.72821469836, 0.088579515934, 0.1415884424, 0.01043971158, 0.030805773265],
      [0.0014791121921, 0.0074900189137, 0.77248135027, 0.016227180047, 0.19468157159, 0.0076407669927],
      [0.029638935413, 0.0091640833739, 0.013537719736, 0.90415130647, 0.0075994525618, 0.035908502446],
      [0.20805902465, 0, 0.03752784794, 0.33596128877, 0.22315842716, 0.19529341148]
    ],
    [
      [0.00024696604336, 0.77065407936, 0.056493831113, 0.14587854856, 0.0062769845569, 0.020449590369],
      [0.0018918294388, 0.012225647366, 0.77523421972, 0.025584958459, 0.17775579349, 0.0073075515256],
      [0.030585930963, 0.0087568882168, 0.0022823390143, 0.9339154241, 0.0046472201497, 0.019812197553],
      [0.25409408492, 0, 0.027559483326, 0.40681715087, 0.15844350318, 0.1530857777]
    ],
    [
      [0, 0.89816293985, 0.035235268327, 0.043062640139, 0.0082166002277, 0.015322551457],
      [0, 0.011138143471, 0.66992807436, 0.0080014873796, 0.30452640656, 0.0064058882325],
      [0, 0.031959573117, 0.022988132573, 0.86794575363, 0.014838572786, 0.062267967897],
      [0, 0.039980860017, 0.032881819016, 0.21704700402, 0.49090449474, 0.2191858222]
    ],
    [
      [0.00038133272255, 0.78247053401, 0.06780218542, 0.097095644726, 0.008851581499, 0.043398721622],
      [0.0011020306177, 0.010989634582, 0.75843071747, 0.014894227544, 0.2028004965, 0.01178289328],
      [0.022855971503, 0.017852833734, 0.015097103879, 0.8707828733, 0.010693430182, 0.062717787406],
      [0.13163639677, 0.00020037437768, 0.03401451432, 0.27213118799, 0.2187428133, 0.34327471324]
    ],
    [
      [7.5781592095e-05, 0.87256642866, 0.042527124339, 0.046647004452, 0.0073833166597, 0.030800344296],
      [0.00050260569575, 0.01686190364, 0.69906369027, 0.015126658307, 0.26107175367, 0.0073733884171],
      [0.017745836365, 0.0387825038, 0.024706766514, 0.8147703274, 0.015923908224, 0.088070657701],
      [0.07857997472, 0.00062451158734, 0.032073203996, 0.18246123666, 0.28671468394, 0.4195463891]
    ],
    [
      [0, 0.86077006955, 0, 0.11864949378, 0.0038032856326, 0.016777151041],
      [0.00070757223536, 0.66188203801, 0, 0.044344287129, 0.27768434828, 0.015381754338],
      [0, 0, 0, 0.96081166279, 0.0073241913255, 0.03186414588],
      [0.090780441412, 0.0085387013939, 0, 0.50662408266, 0.16993261041, 0.22412416413]
    ],
    [
      [0.002164041444, 0.76951945971, 0.05118071424, 0.14816328871, 0, 0.02897249589],
      [0.070264160442, 0.011622483672, 0.87994191631, 0.026881541767, 0, 0.011289897809],
      [0.030634384994, 0.0066101352814, 0.0020269842895, 0.92395625023, 0, 0.03677224521],
      [0.35341418939, 0, 0.023919579485, 0.40537475042, 0, 0.2172914807]
    ],
    [
      [0.00024978164453, 0.74894261132, 0.15508223533, 0.058096965357, 0.012701247468, 0.024927158881],
      [0.001302895007, 0.0061137174937, 0.83016040325, 0.0093206740298, 0.14846923409, 0.004633076132],
      [0.027380064179, 0.028087643494, 0.048406563247, 0.81441575754, 0.01787917076, 0.063830800782],
      [0.11808017893, 0.00034134374515, 0.09010037633, 0.18833673398, 0.38627607232, 0.21686529469]
    ],
    [
      [0.00013021374473, 0.81008280752, 0.091466545594, 0.072884659982, 0.0081404710172, 0.017295302137],
      [0.00076064806233, 0.0097868680695, 0.82086909856, 0.0084052194261, 0.15578517179, 0.004392994087],
      [0.03350643832, 0.024982370722, 0.026712931506, 0.86642468084, 0.011501540453, 0.036872038162],
      [0.20926020881, 0.00022887329257, 0.062253478887, 0.27699686493, 0.27584159534, 0.17541897875]
    ],
    [
      [0.00032256248928, 0.66993945591, 0.19018022375, 0.09929969085, 0.014943481517, 0.025314585481],
      [0.00099379223414, 0.0042298802161, 0.84095971333, 0.0080560988722, 0.14227117833, 0.0034893370188],
      [0.034149972804, 0.015629832715, 0.03502733066, 0.86109140041, 0.014124451043, 0.039977012372],
      [0.18184241066, 0.00016414572613, 0.08265781431, 0.24099299874, 0.33024163494, 0.16410099562]
    ],
    [
      [0.00032333512115, 0.75886250647, 0.092601922516, 0.097120581907, 0.0032622280322, 0.047829425951],
      [0.025036829287, 0.0087217297531, 0.89279340356, 0.014170342799, 0.04934987855, 0.0099278160525],
      [0.020043789482, 0.016572861764, 0.02547289278, 0.87302932072, 0, 0.064881135255],
      [0.14374097508, 0.00017493495271, 0.051418429058, 0.29885754929, 0.10142441521, 0.40438369641]
    ],
    [
      [0.00038555447846, 0.59662221662, 0.16557855741, 0.16125209919, 0.021892330123, 0.054269242174],
      [0.0011584840766, 0.0019486012244, 0.75655330314, 0.01099717932, 0.22190696281, 0.0074354694268],
      [0.022456503475, 0.0051812303009, 0.026564912664, 0.88489214288, 0.0069799401274, 0.053925270554],
      [0.12220463918, 0, 0.048326957987, 0.25823480656, 0.33626418166, 0.23496941461]
    ],
    [
      [0.000219495352, 0.70439442488, 0.18888322231, 0.065519276492, 0.012887052744, 0.028096528219],
      [0.001242004, 0.0036731021256, 0.85933917339, 0.0040709805751, 0.12259101334, 0.0090837265708],
      [0.0210827177, 0.01734526626, 0.049375141408, 0.82919586892, 0.017759721932, 0.065241283781],
      [0.10033553347, 0.0003911700107, 0.099408466415, 0.20045348928, 0.36498517465, 0.23442616617]
    ],
    [
      [0.43141732799, 0, 0.17420652333, 0.31646251551, 0.017403321182, 0.060510311984],
      [0.0019650052122, 0, 0.84519299498, 0.01387691114, 0.13310073066, 0.0058643580064],
      [0.013489772129, 0, 0.013754220518, 0.92501121908, 0.011437570215, 0.036307218059],
      [0.22408998705, 0, 0.032673813802, 0.35753240807, 0.19310209685, 0.19260169422]
    ],
    [
      [0.023158887249, 0.82095141784, 0, 0.13279293847, 0.0018055360402, 0.021291220394],
      [0.063636163673, 0.019224860069, 0.75, 0.038285697172, 0.11568075856, 0.01317252053],
      [0, 0.011315801931, 0, 0.95661562926, 0, 0.032068568805],
      [0.20050015552, 0.00012319098027, 0, 0.52830186194, 0.040495673041, 0.23057911852]
    ],
    [
      [0.0011080659939, 0.88076947348, 0.0075410090684, 0.10518165339, 0.0001387707627, 0.0052610273051],
      [0.17408111963, 1.1174011762e-13, 1.5324077196e-60, 0.82591888037, 0, 7.3743908145e-24],
      [0.10526315789, 1.1900776176e-19, 1.632059506e-19, 0.89473684211, 1.5027227596e-20, 7.4124998868e-19],
      [0.99956780683, 1.7535155801e-10, 1.6693881854e-05, 5.8669982439e-06, 0, 0.00040963211668]
    ],
    [
      [0, 0.74051389347, 0.077619477266, 0.13735662654, 0.012601469128, 0.031908533599],
      [0.001854132398, 0.0066332719567, 0.74019144582, 0.015100121884, 0.22867659047, 0.0075444374641],
      [0.045306689255, 0.0061024639014, 0.011050442641, 0.88233065821, 0.014457737657, 0.040752008331],
      [0.35767492488, 0, 0.024376417611, 0.24896156801, 0.21186289286, 0.15712419664]
    ],
    [
      [0.0001511326402, 0.81455543806, 0.057612218598, 0.1002669168, 0.0063847055886, 0.021029588316],
      [0.001089068918, 0.014094191696, 0.77687032933, 0.017703977535, 0.18217278355, 0.0080696489703],
      [0.021214616168, 0.018752872008, 0.010655708129, 0.90772600714, 0.0069415782461, 0.034709218312],
      [0.16554724779, 0.00019556661184, 0.03811800893, 0.37372660494, 0.21293767555, 0.20947489618]
    ],
    [
      [0, 0.73661845571, 0.14538144553, 0.084161162511, 0.010418219237, 0.023420717017],
      [0, 0.0023328247059, 0.85687024661, 0.009251937593, 0.12702357897, 0.0045214121151],
      [0.045836523313, 0.019899029942, 0.034087592858, 0.84057364852, 0.015520330412, 0.044082874953],
      [0.3181457516, 0.00023558132476, 0.066870961273, 0.21738983968, 0.23622705195, 0.16113081418]
    ],
    [
      [0.00074856917923, 0.68104744117, 0.11188893192, 0.16547516279, 0.022436799601, 0.018403095338],
      [0.0013869866904, 0.0035743647414, 0.68825360269, 0.012767308589, 0.29203408341, 0.0019836538739],
      [0.028798497515, 0.002475291718, 0.019938150258, 0.9305454648, 0.0081093736838, 0.010133222029],
      [0.14996353062, 0, 0.037045898316, 0.30478049405, 0.41434330761, 0.093866769401]
    ],
    [
      [0, 0.86467868507, 0.058249722353, 0.058160880461, 0.0036495293712, 0.01526118274],
      [0, 0.01713492737, 0.84881131931, 0.011643963861, 0.1160246096, 0.006385179852],
      [0.012242806097, 0.035158406891, 0.022186194154, 0.88186866851, 0.006464588521, 0.042079335825],
      [0.11993086244, 0.00027300344011, 0.064879826485, 0.35796127088, 0.20642856461, 0.25052647215]
    ],
    [
      [0.00057721586214, 0.91385950351, 0.027667505021, 0.041804480701, 0.0021738474407, 0.01391744747],
      [0.0014022577118, 0.032424641081, 0.81340785621, 0.015315753818, 0.12675818971, 0.010691301471],
      [0.022787979911, 0.047926351145, 0.0096491753757, 0.86250470225, 0.0053131279775, 0.05181866334],
      [0.16256542742, 0.00039618818664, 0.041835487962, 0.33657478461, 0.15503455304, 0.30359355878]
    ],
    [
      [8.2878096058e-05, 0.72281345976, 0.1179772362, 0.13273404992, 0.0038714360231, 0.022520939993],
      [0.00099357604812, 0.0067266967269, 0.90518322263, 0.013965490142, 0.068380128551, 0.0047508859043],
      [0.036037304978, 0.0052333554337, 0.023006010657, 0.90820499602, 0, 0.027518332909],
      [0.30999123902, 0.034452739294, 0.057820579743, 0.36278297835, 0.070166468262, 0.16478599533]
    ],
    [
      [0.00062559078688, 0.54499864077, 0.22990241177, 0.15999403253, 0.011660335795, 0.052818988346],
      [0.0016835364921, 0.0010135559446, 0.8893547361, 0.0085498233581, 0.093799099351, 0.0055992487538],
      [0.028516087116, 0.0031082716173, 0.027716615903, 0.88111127952, 0.0074869891815, 0.05206075666],
      [0.17065853147, 0, 0.074659735618, 0.29531146946, 0.19359826303, 0.26577200041]
    ],
    [
      [0.0015578547335, 0.51924434155, 0.1785050811, 0.11270985867, 0.031314204679, 0.15666865927],
      [0, 0, 0.71135037207, 0.026766911929, 0.26188271601, 0],
      [0.064236527942, 0.0099719707871, 0.043327844194, 0.7503831988, 0.02355146475, 0.10852899353],
      [0.15808328985, 0.00054438453156, 0.031267166846, 0.10734280576, 0.27215157939, 0.43061077362]
    ],
    [
      [0, 0.62815844309, 0.16106595196, 0.1603114537, 0.019675351609, 0.030788799638],
      [0, 0, 0.78378255126, 0.022550311398, 0.18830344895, 0.0053636883941],
      [0.053613725268, 0.010045623543, 0.026943028081, 0.85918914979, 0.018474433454, 0.031734039864],
      [0.4818775415, 0, 0.034265430497, 0.18965292924, 0.19609944977, 0.098104648991]
    ],
    [
      [4.7170799901e-05, 0.80327856375, 0.06797926771, 0.098169971215, 0.0071349750669, 0.023390051455],
      [0.00048279397612, 0.012076765759, 0.78900968864, 0.014904185089, 0.17569342762, 0.0078331389071],
      [0.017523751262, 0.018783410057, 0.014596660557, 0.90159261877, 0.008093197157, 0.039410362193],
      [0.14088888604, 0.00015363950273, 0.044171920517, 0.35640246236, 0.23151472756, 0.22686836403]
    ],
    [
      [1.5326853191e-05, 0.88258327858, 0.04000967768, 0.056785151182, 0.0030163216832, 0.017590244026],
      [0.00071188655344, 0.024216327293, 0.81480378044, 0.015696697052, 0.13452187613, 0.010049432532],
      [0.019006883389, 0.036075979846, 0.013266702986, 0.87774162261, 0.0050554107688, 0.048853400396],
      [0.14787857359, 0.00027682650976, 0.044226027373, 0.34632124525, 0.17120218389, 0.29009514338]
    ],
    [
      [0, 0.62370853119, 0.12403045044, 0.16819372666, 0.012352011733, 0.071715279973],
      [0, 0.0033938912763, 0.80271667879, 0.016997429418, 0.1658552496, 0.011036750917],
      [0.0089808845547, 0.0027645655339, 0.016653413218, 0.9007905295, 0.010641884502, 0.060168722692],
      [0.091098291784, 0, 0.040688189534, 0.30903442995, 0.20060511207, 0.35857397666]
    ],
    [
      [0, 0.83890823428, 0.052249463715, 0.079045239682, 0.0073000285907, 0.022497033735],
      [0.0007239810581, 0.014911514519, 0.73073522673, 0.014300853184, 0.22999824185, 0.0093301826534],
      [0.038992689701, 0.023489775414, 0.015013179058, 0.8692537059, 0.0075180329836, 0.045732616939],
      [0.25626052991, 0.00026765381816, 0.03187694518, 0.2700107952, 0.23792293327, 0.20366114262]
    ],
    [
      [0.00018227761475, 0.80742383472, 0.079607132494, 0.083197455406, 0.0066491671826, 0.022940132581],
      [0.001058583504, 0.0089213445801, 0.83537899109, 0.0088969125541, 0.13900332242, 0.0067408458568],
      [0.035041544406, 0.019420073519, 0.0201770234, 0.86923570908, 0.010757155371, 0.045368494226],
      [0.23355158398, 0.00035164894915, 0.049553633095, 0.29058807827, 0.20813487019, 0.21782018551]
    ],
    [
      [8.6522519326e-05, 0.81143984157, 0.069738111189, 0.090082047257, 0.005613337558, 0.02304013991],
      [0.001151381933, 0.010787202852, 0.833249788, 0.013007069163, 0.13446025122, 0.0073443068369],
      [0.035166070769, 0.019070493622, 0.017003650231, 0.87898401502, 0.0071773563439, 0.04259841401],
      [0.26064453657, 0.00026471457849, 0.042668454935, 0.30871098238, 0.17452607287, 0.21318523866]
    ],
    [
      [4.4290492873e-05, 0.85589550768, 0.025513074979, 0.087136574597, 0.003637999976, 0.027772552277],
      [0.00032382637177, 0.019881388603, 0.73542577669, 0.028133308607, 0.1970533048, 0.019182394931],
      [0, 0.017286722663, 0, 0.92312870626, 0.0073867681494, 0.052197802927],
      [0.086900204109, 0.012848805011, 0.0025346475328, 0.3962334077, 0.15293176412, 0.34855117153]
    ],
    [
      [0.00030375236708, 0.89571237402, 0.018266795608, 0.067888440132, 0.0030451398355, 0.014783498035],
      [0.055514977308, 0.028904169217, 0.65448880293, 0.028487070499, 0.21895113597, 0.013653844079],
      [0.018422587719, 0.02737292282, 0, 0.90967945024, 0.0052775308691, 0.03924750835],
      [0.20867327607, 0.0013259370103, 0, 0.39367441734, 0.16233163122, 0.23399473835]
    ],
    [
      [0.00061892216612, 0.82156050958, 0.027772401366, 0.11524173417, 0.0039814863558, 0.030824946368],
      [0.055996420318, 0.016959121332, 0.67658139164, 0.031222680622, 0.20042195275, 0.01881843334],
      [0.027458462062, 0.012439476934, 0, 0.90779390571, 0.0035414881031, 0.048766667188],
      [0.26347862663, 0.00015951094489, 0.013617725258, 0.35135971309, 0.11006667582, 0.26131774827]
    ],
    [
      [1.7295317243e-06, 0.92568197923, 0.010639666446, 0.052024324494, 0.0012581327188, 0.010394167574],
      [0.028795537109, 0.053124015276, 0.68818754567, 0.040328816053, 0.17214003502, 0.017424050869],
      [0.0038050513679, 0.031898116378, 0, 0.92599421364, 0.0018078181506, 0.036494800463],
      [0.12250282867, 0.0003348464259, 0.017470931285, 0.48411352189, 0.10838373626, 0.26719413547]
    ],
    [
      [0.00021059115146, 0.8007655567, 0.044083380129, 0.098845851597, 0.01134968823, 0.044744932196],
      [0.0012619288713, 0.0090090625984, 0.64264168195, 0.01503397253, 0.31731322047, 0.01474013358],
      [0.03318560096, 0.014385605675, 0.0063424296454, 0.86538729533, 0.013922374672, 0.066776693712],
      [0.15950578404, 0.00019958159039, 0.018819253133, 0.23866599824, 0.27654864347, 0.30626073953]
    ],
    [
      [0.00020854034939, 0.94419477733, 0.021741465813, 0.026191216094, 0.0015792974698, 0.0060847029425],
      [0.00093935165371, 0.026713062137, 0.85272627896, 0.009977115105, 0.10432272376, 0.0053214683825],
      [0.027737297183, 0.050414687509, 0.018275909383, 0.85594748969, 0.0091327976315, 0.038491818602],
      [0.19392346152, 0.00016883915671, 0.052267864267, 0.34893540022, 0.18575616957, 0.21894826527]
    ],
    [
      [7.3706617688e-05, 0.86985926727, 0.033636334396, 0.080906809163, 0, 0.015523882557],
      [0.00054127747675, 0.012420617256, 0.91355182878, 0.018909221528, 0, 0.054577054956],
      [0, 0.019148285379, 0.011362908988, 0.93208542349, 0, 0.037403382139],
      [0.18176227417, 0.005869492692, 0.038895622045, 0.51231687974, 0, 0.26115573135]
    ],
    [
      [0.0001472706602, 0.81707557915, 0.079934633071, 0.079472566535, 0.0046578615937, 0.018712088991],
      [0.0008967659794, 0.011454051125, 0.86384155962, 0.010936127952, 0.10715640595, 0.0057150893759],
      [0.029426774782, 0.023574874396, 0.022735328891, 0.88098992238, 0.0053363761537, 0.037936723395],
      [0.21530710763, 0.00023338679236, 0.06043396852, 0.33544559255, 0.17785011345, 0.21072983105]
    ],
    [
      [0.00013594591506, 0.72627178947, 0.12428162391, 0.11069690684, 0.015982822502, 0.022630911363],
      [0.00052940165034, 0.0057689423097, 0.76675044816, 0.0096971899324, 0.21336448981, 0.0038895281375],
      [0.021395662422, 0.013791495787, 0.026813914088, 0.89503161234, 0.010553708668, 0.032413606693],
      [0.13030827573, 0, 0.057375731388, 0.28370845856, 0.37386094492, 0.1547465894]
    ],
    [
      [0, 0.85255192648, 0.055710758634, 0.071115678352, 0.0048321281102, 0.015789508426],
      [0.00020175042665, 0.017333175265, 0.81138407978, 0.014329834743, 0.15015997656, 0.0065911832287],
      [0.015387088672, 0.029026925726, 0.016759377987, 0.89565268682, 0.0073642079575, 0.035809712841],
      [0.1377380389, 0.00024961976652, 0.052069738835, 0.36881185066, 0.2226977022, 0.21843304964]
    ],
    [
      [0.00018053039612, 0.94877078905, 0.011135598924, 0.033229555165, 0.00031062119579, 0.0063729052706],
      [0.056238294923, 0.051768988948, 0.82462705914, 0.026996351389, 0.028710937177, 0.011658368419],
      [0.022826350926, 0.04273726338, 0.0026221390491, 0.89590541548, 0, 0.035908831163],
      [0.26766900969, 0.00016097439941, 0.025088998806, 0.41989601635, 0.066380626348, 0.22080437441]
    ],
    [
      [0.00043342113534, 0.65686386033, 0.16347355279, 0.14070041654, 0.014686623158, 0.023842126042],
      [0.00086364874266, 0.0041748652644, 0.82532158314, 0.0098568507975, 0.15681971733, 0.0029633347231],
      [0.023036312096, 0.010265330352, 0.02318870863, 0.90587170983, 0.01139743548, 0.026240503615],
      [0.15288016405, 3.2263781419e-05, 0.067543564367, 0.32469795721, 0.30558712177, 0.14925892882]
    ],
    [
      [0, 0.83258735409, 0.07851128895, 0.06516648721, 0.0042671201818, 0.019467749566],
      [4.9854020654e-05, 0.012692190069, 0.86606292787, 0.0099998078301, 0.10503974873, 0.0061554714764],
      [0.016079360943, 0.029722226455, 0.027165122738, 0.8738242776, 0.0061181020075, 0.047090910258],
      [0.13044064128, 0.00020764219068, 0.071795890098, 0.33113497864, 0.20193243583, 0.26448841197]
    ],
    [
      [0.00057588312615, 0.90287722796, 0.034186835857, 0.042724042624, 0.00054196899736, 0.019094041435],
      [0.00085384615246, 0.026825642638, 0.86847170441, 0.013768117768, 0.077341553612, 0.012739135425],
      [0.018483381189, 0.045293475647, 0.016722919984, 0.84929424422, 0, 0.070205978957],
      [0.11863431455, 0.00035672279158, 0.044586861837, 0.30230512728, 0.098508499345, 0.43560847419]
    ]
  ],
  "expected_outcome": [
    [
      [0, 0.0088959603421, 0, 0, 0.012724857148, 0.89575878546, 0, 0, 0, 0, 0.00050658716559, 0, 0.00021760208357, 9.9875170513e-05, 0, 4.352202033e-05, 0, 0, 0, 0.0023764737755, 0.050907880457, 0, 0.0021986599587, 0.0047957337043, 0, 0.0044037749816, 0.00070067389794, 0, 4.3513038933e-05, 0.82368439702, 0.00027262874001, 0.042112525267, 0.20535669247, 0, 0.007156740732, 0, 0.013758762938, 0.0014817962602, 0, 0.011439981676, 0.0012125054735, 0, 0.015148290108, 0.010241047426, 0.0055991910235, 0.017095811932, 0.0032333512115, 0.0073255350907, 0.001316972112, 0.86283465599, 0.13895332349, 0, 0, 0.0033249180844, 0, 0.0052399842546, 0, 0.030015224831, 0.0015746838251, 0.0087582710163, 0.0077892736673, 0, 0.0010377575978, 0.0018085686765, 0, 0, 0.0010936656885, 0.00060565763528, 0, 0.0012150094683, 0.0030946108306, 5.1885951728e-06, 0.00021059115146, 0.00062562104816, 7.3706617688e-05, 0.0035344958449, 0.0047581070273, 0, 0.00036106079225, 0.021237635631, 0, 0.017852376911],
      [164.4193404279, 34.5264950621, 18.0228143543, 30.78816296, 24.0815628844, 1, 2.5169507019, 4.500950726, 1.5417082076, 14.0768185125, 1.9247157479, 10.7538400622, 3.6797698354, 1.6226194401, 2.7493592963, 0.90357903702, 0, 49.6753915129, 164.8809627065, 6.9879021917, 23.7761442549, 33.1087842119, 39.3568588083, 38.8710903601, 49.2361534992, 10.2831803212, 3.673836075, 5.1129610453, 1.6422376786, 0, 0.90344527208, 24.0051521233, 0.99774817612, 12.1916666992, 17.0649555054, 5.1715107005, 26.9439438393, 4.6239244762, 1.7963258797, 23.4741160203, 13.9610628586, 2.5823102086, 5.386636218, 30.706647064, 34.8335607236, 35.5067911631, 7.5886250647, 11.3358221159, 4.2263665493, 0, 4.9257085071, 0, 4.4430833608, 17.9202196373, 13.9957506585, 4.7673320882, 180.7178451805, 47.5206941823, 13.7334557355, 7.6299809708, 2.5962217077, 11.3068519755, 17.6721284026, 104.144826872, 11.2267535615, 25.1672470283, 4.8445430083, 5.680078891, 0, 3.5828494961, 4.1078025479, 2.7770459377, 0.8007655567, 2.832584332, 0.86985926727, 19.6098138996, 25.4195126314, 336.7580109584, 1.8975415781, 32.1863291563, 198.1557902739, 27.9891940668],
