{
  "Z_true": {},
  "V_true": [
    [43, 2947, 148, 3368, 92],
    [972, 217, 684, 176, 69],
    [540, 1036, 6187, 1010, 438],
    [81, 1809, 113, 7207, 195],
    [79, 506, 275, 884, 229],
    [24, 421, 223, 752, 421],
    [92, 123, 314, 166, 342]
  ],
  "p_true": [
    [0.0065, 0.4467, 0.0224, 0.5105, 0.0139],
    [0.4589, 0.1025, 0.3229, 0.0831, 0.0326],
    [0.0586, 0.1125, 0.6717, 0.1097, 0.0476],
    [0.0086, 0.1923, 0.012, 0.7663, 0.0207],
    [0.04, 0.2565, 0.1394, 0.448, 0.1161],
    [0.013, 0.2287, 0.1211, 0.4085, 0.2287],
    [0.0887, 0.1186, 0.3028, 0.1601, 0.3298]
  ],
  "Z_est": [
    [
      [0.0119, 0.582, 0.4468, 0.11, 0.0781, 0.0991, 0.0902, 0.1339, 0.0973, 0.0001, 0.079, 0.0546, 0.0354, 0.0285, 0.0878, 0.0633, 9.5207e-06, 0.1129, 0.0005, 0.0615, 0.1305, 0.0667, 0.0003, 0.9109, 0.0775, 0.0001, 0.1154, 0.0003, 0.0155, 0.0002, 0.0367, 0.3135, 0.0697],
      [20.9238, 13.4109, 9.323, 165.9037, 135.9819, 162.9492, 148.4316, 211.4923, 157.9125, 17.2451, 126.6961, 95.5257, 62.7715, 50.217, 146.041, 100.8532, 6.6994, 178.9919, 393.3182, 99.8423, 181.646, 118.3232, 345.7811, 236.4378, 117.5698, 151.0876, 166.9055, 227.5208, 26.2437, 264.8656, 51.5804, 496.6791, 116.637],
      [0.0585, 1.7918, 0.0853, 1.3953, 1.3168, 1.5063, 1.5156, 1.8107, 1.5574, 4.0657, 1.0659, 0.9946, 0.1756, 0.1405, 0.4356, 0.3138, 0.0187, 1.6683, 4.1005, 0.7372, 0.5683, 0.8571, 0.8642, 0.8339, 0.3531, 0.3127, 2.3547, 0.6591, 0.7498, 4.442, 1.4878, 4.9098, 0.9821],
      [3.9775, 3.1937, 0.9513, 66.3255, 28.4349, 46.2061, 41.7448, 71.2398, 47.1979, 4.3918, 39.9685, 19.2934, 11.9324, 9.5459, 39.2246, 32.6177, 1.2728, 58.9546, 161.9455, 30.2104, 95.3399, 22.5919, 149.3544, 85.4498, 46.8124, 56.3636, 76.3453, 97.45, 5.9536, 164.6922, 24.8066, 162.3432, 30.1433],
      [0.0284, 0.0216, 1.1936, 0.2655, 0.1883, 0.2394, 0.2178, 0.3233, 0.2348, 0.2973, 0.1906, 0.1316, 0.0851, 0.0681, 0.211, 0.152, 0.0091, 0.2723, 0.6353, 0.1486, 0.3154, 0.1611, 0, 0.3676, 0.1872, 0.236, 0.2791, 0.3698, 0.0374, 0, 0.0885, 0.7544, 0.1679]
    ],
    [
      [25.3579, 6.9274, 8.1899, 48.232, 37.2766, 39.8408, 33.9569, 43.7885, 42.6646, 13.268, 29.3292, 38.2966, 37.5646, 57.5345, 107.1549, 87.7044, 1.7839, 67.8619, 84.9893, 15.6067, 21.5141, 25.0179, 43.9443, 39.6801, 18.1944, 18.4825, 15.0306, 47.2723, 6.72, 37.4611, 20.2579, 261.0868, 49.3039],
      [2.8477, 0.4232, 0.3239, 5.0231, 4.5381, 5.2231, 4.7168, 6.522, 5.0539, 0.5688, 3.6161, 3.2868, 3.33, 3.7345, 5.2433, 3.6035, 1.2686, 5.7208, 11.7933, 3.1, 3.1206, 4.2588, 9.7903, 1.1239, 3.4504, 4.4486, 0.8815, 6.8007, 0.038, 7.4704, 0.8608, 16.2569, 3.945],
      [7.2494, 2.222, 3.3501, 12.3913, 9.0986, 11.2293, 8.3231, 12.528, 12.2007, 6.3593, 5.2397, 9.3644, 10.0109, 12.9632, 27.0529, 20.6074, 0.7119, 17.4014, 22.3747, 4.4003, 5.7174, 6.6728, 11.3625, 9.1302, 4.5921, 4.7505, 3.67, 13.0181, 1.0748, 17.2644, 3.3588, 55.6444, 12.5305],
      [4.3442, 0.3772, 0.076, 8.9771, 0.8257, 6.3906, 0.7622, 6.8102, 8.7344, 2.9124, 0.6193, 3.7762, 2.8234, 2.3814, 22.7307, 17.4322, 0.2155, 5.529, 17.1551, 0.7726, 0.4923, 2.8547, 1.5666, 0.8099, 0.6276, 1.1728, 0.3176, 13.5023, 0.127, 11.4328, 0.397, 11.2752, 10.8341],
      [0.2008, 0.0502, 0.0602, 0.3765, 0.261, 0.3162, 0.2409, 0.3514, 0.3463, 0.8915, 0.1958, 0.2761, 0.271, 0.3865, 0.8182, 0.6525, 0.0201, 0.4869, 0.6877, 0.1205, 0.1556, 0.1958, 0.3363, 0.256, 0.1355, 0.1456, 0.1004, 0.4066, 0.0402, 0.3714, 0.1255, 1.7367, 0.3865]
    ],
    [
      [4.3637, 1.3699, 1.3312, 9.6434, 9.7333, 7.0482, 8.3815, 5.4985, 5.2828, 1.6172, 9.9242, 10.2008, 9.4523, 12.6879, 22.0507, 18.2629, 0.2156, 14.564, 12.9856, 3.327, 5.7495, 3.428, 10.0418, 10.408, 4.2114, 3.5119, 4.2622, 5.7141, 4.2617, 4.5281, 7.7987, 76.2854, 8.0356],
      [8.3475, 2.7449, 2.5462, 30.3699, 31.2063, 35.1084, 29.5241, 42.4957, 29.4606, 1.9199, 28.2668, 22.7458, 23.5238, 23.6597, 40.0119, 21.2244, 2.2958, 42.252, 63.3349, 17.2283, 25.2189, 43.6299, 46.3565, 50.1761, 18.2267, 25.088, 21.154, 32.3542, 7.3464, 33.5913, 3.8686, 103.0336, 37.5478],
      [104.6557, 22.82, 12.4927, 206.9016, 235.3098, 256.3906, 274.3636, 292.1347, 271.7522, 22.0579, 172.3903, 182.6533, 260.9259, 234.9715, 478.1664, 272.3216, 16.3178, 280.4034, 364.4002, 109.0993, 144.204, 133.9245, 216.1777, 213.5916, 90.6759, 77.5056, 93.6882, 163.9272, 170.9673, 240.7364, 88.7624, 836.2943, 157.7893],
      [1.1379, 0.4436, 0.1543, 4.6767, 11.505, 29.8093, 23.4906, 31.8396, 52.6019, 0.6171, 13.2998, 7.0932, 7.9515, 2.3529, 10.3945, 5.1493, 0.3086, 11.5821, 11.9648, 5.7559, 10.03, 7.3164, 24.1048, 17.6705, 5.07, 2.0557, 18.8923, 20.712, 9.3894, 5.3448, 15.1097, 30.124, 20.9417],
      [8.4952, 2.6215, 2.4756, 21.4084, 38.2457, 34.6435, 32.2402, 29.0316, 35.9025, 6.7879, 28.1189, 20.3069, 11.1465, 31.328, 36.3765, 34.0418, 1.8622, 24.1985, 46.3147, 13.5895, 19.7976, 15.7012, 29.3191, 28.1538, 11.816, 11.8388, 12.0033, 21.2926, 42.0352, 27.7994, 7.4605, 140.2627, 4.6856]
    ],
    [
      [0.2641, 0.1199, 0.0296, 0.0099, 2.9081, 0.0081, 2.5677, 1.5751, 0.9513, 0.1136, 1.6644, 1.444, 1.9438, 9.7427, 2.6959, 4.9604, 0.0003, 6.454, 0.0168, 0.0033, 0.6037, 1.4849, 0.0093, 5.9964, 0.5149, 0.0038, 1.5901, 0.0091, 0.0019, 0.0072, 1.9042, 28.2849, 1.5861],
      [3.2228, 1.5178, 0.199, 23.79, 31.8794, 28.6871, 25.8358, 33.1826, 25.5953, 1.62, 18.3613, 21.8835, 10.9064, 7.4513, 20.3757, 13.5467, 3.9379, 26.3131, 59.0891, 22.053, 11.618, 29.2705, 53.1189, 40.6269, 19.5538, 25.9502, 19.3272, 34.8415, 1.5652, 34.1719, 6.075, 78.6166, 17.4722],
      [4.9943, 0.0632, 0.0158, 3.6654, 1.9896, 1.0019, 2.4225, 2.7125, 2.3738, 0.0593, 1.5509, 1.4823, 0.9045, 4.2581, 1.6668, 0.6204, 0.3714, 2.1582, 2.9655, 1.8081, 0.5625, 1.3096, 0.8555, 0.8255, 0.3495, 0.3096, 0.3562, 0.6524, 7.3711, 2.5968, 0.7216, 7.3337, 1.4708],
      [26.0655, 14.1086, 3.6888, 270.3325, 231.0315, 389.4833, 311.2127, 358.0142, 298.0871, 12.995, 199.8131, 166.9478, 120.6645, 55.4551, 209.4079, 135.9065, 9.3063, 230.9977, 568.7425, 188.9881, 346.3485, 165.669, 647.7537, 423.516, 231.2914, 263.4648, 346.535, 435.5478, 213.5994, 371.349, 85.2154, 889.8728, 190.1313],
      [0.4533, 0.1905, 0.0668, 0.2021, 3.1913, 4.8196, 3.9612, 4.5157, 4.9925, 0.2122, 2.6103, 2.2425, 1.5808, 1.0929, 2.8537, 1.966, 0.3841, 3.0771, 7.1861, 2.1475, 2.8673, 2.2659, 0.2627, 4.0352, 2.2904, 1.2717, 0.1915, 1.9492, 18.4624, 3.8751, 1.0838, 11.8921, 2.3396]
    ],
    [
      [0, 0, 0, 0, 0, 0, 0, 0, 0, 0, 0, 0, 0, 0, 0, 0, 0, 0, 0, 0, 0, 0, 0, 0, 0, 0, 0, 0, 0, 0, 0, 0, 0],
      [1.7497, 0.477, 0.1746, 3.8679, 4.6889, 5.9896, 7.7412, 5.8504, 8.8509, 0.5585, 4.626, 3.9627, 3.2832, 2.527, 5.5032, 4.0302, 0.2513, 5.4523, 8.8645, 3.6696, 5.3776, 4.3748, 10.204, 5.7087, 4.0698, 4.6192, 4.0422, 5.7923, 4.5669, 6.8975, 2.2477, 16.8683, 1.8645],
      [4.3343, 1.3582, 0.0316, 4.198, 4.5978, 5.0143, 5.2809, 5.664, 5.3142, 0.5831, 3.3318, 3.5817, 4.9977, 3.8536, 8.0338, 5.2607, 0.3069, 5.4808, 7.1966, 2.1323, 2.8153, 2.5988, 4.2813, 4.1314, 3.5537, 1.5493, 1.7825, 3.2651, 3.3318, 4.8477, 1.7325, 16.6089, 3.1485],
      [14.0981, 3.4492, 1.1664, 31.4007, 39.3126, 53.8394, 76.3377, 50.5838, 88.6301, 4.3804, 42.4367, 36.2829, 28.8895, 18.3624, 45.0347, 32.8891, 1.9493, 48.3304, 75.4734, 35.4597, 51.6987, 41.5733, 100.0771, 49.7506, 38.7747, 45.7835, 38.9318, 53.7906, 42.3688, 63.1338, 22.1145, 143.2196, 12.4819],
      [2.8179, 0.7156, 0.6275, 6.5334, 9.4006, 10.1567, 10.6402, 8.9017, 12.2049, 1.4781, 7.6056, 6.1728, 4.8297, 7.257, 10.4283, 8.8201, 0.4924, 7.7366, 13.4654, 4.7383, 7.1083, 5.4531, 11.4375, 8.4093, 4.6017, 5.048, 4.2435, 7.152, 11.7326, 9.1209, 2.9053, 33.3032, 2.505]
    ],
    [
      [0, 0, 0.0017, 0, 0, 0, 0, 0, 0, 0, 0, 0, 0, 0, 0, 0, 0, 0, 0, 0, 0, 0, 0, 0, 0, 0, 0, 0, 0, 0, 0, 0, 0],
      [1.8955, 0.4197, 0.429, 6.9656, 8.632, 10.9584, 10.6737, 13.3512, 12.0459, 1.0799, 8.3695, 5.5438, 5.1482, 6.3787, 8.7485, 7.691, 0.5418, 7.18, 17.6, 5.0833, 6.9397, 6.1427, 13.5871, 10.81, 5.1295, 6.7326, 5.6896, 11.6904, 1.226, 13.0033, 2.3447, 27.2956, 3.4723],
      [3.9489, 0, 0.3328, 4.9337, 5.4035, 5.893, 7.2442, 6.6565, 6.2454, 0.6852, 3.9156, 4.2093, 5.8734, 5.5797, 10.4365, 12.677, 0.372, 6.4412, 8.4577, 2.506, 3.3087, 3.0542, 5.0316, 4.8554, 2.0557, 1.8208, 2.0949, 3.8373, 0, 5.6972, 2.0361, 19.6017, 3.251],
      [9.1099, 1.3236, 1.927, 30.4745, 48.9758, 68.1073, 67.3935, 83.5124, 80.4828, 6.5584, 52.7313, 28.9324, 30.2132, 27.6645, 43.5241, 41.7969, 2.8752, 26.6062, 88.7186, 26.8134, 32.3268, 28.9947, 62.9037, 54.1376, 25.4238, 34.9285, 23.978, 68.9973, 3.2855, 74.0474, 11.6718, 143.1652, 5.3389],
      [1.0457, 0.2566, 0.3094, 2.6263, 3.9886, 4.0413, 3.6887, 3.4799, 4.2259, 0.6764, 2.9836, 2.3145, 1.7652, 3.3771, 4.2908, 3.8351, 0.2111, 2.7726, 5.2236, 1.5973, 2.4248, 1.8084, 3.4776, 3.197, 1.391, 1.5181, 1.2375, 2.4749, 3.4886, 3.2521, 0.9474, 13.9375, 0.9378]
    ],
    [
      [0.0024, 0.0007, 0.0008, 0.0047, 0.004, 0.0038, 0.0036, 0.0041, 0.0039, 0.0012, 0.0033, 0.004, 0.0039, 0.0064, 0.0106, 0.0089, 0.0002, 0.0072, 0.0079, 0.0015, 0.0023, 0.0024, 0.0044, 0.0046, 0.0019, 0.0018, 0.0017, 0.0043, 0.0009, 0.0034, 0.0024, 0.0295, 0.0048],
      [0.0132, 0.0064, 0.0044, 0.0798, 0.0734, 0.0842, 0.0768, 0.1058, 0.0808, 0.0078, 0.0643, 0.0517, 0.0369, 0.0318, 0.0764, 0.0511, 0.0051, 0.09, 0, 0.0235, 0.0791, 0, 0.162, 0.1167, 0, 0.0737, 0, 0, 0.0139, 0, 0.0227, 0.2499, 0.0612],
      [9.7588, 0.7448, 0.6917, 18.5146, 18.2838, 19.9646, 17.8503, 18.4936, 19.5563, 1.1895, 12.5058, 12.7145, 17.1119, 23.2334, 35.2082, 30.1991, 0.9013, 15.4468, 22.5048, 7.3168, 11.8237, 7.583, 18.4273, 14.6321, 3.42, 6.7515, 3.0536, 10.6408, 16.5053, 15.4155, 5.9008, 56.6072, 9.8277],
      [0.267, 0.1041, 0.0362, 9.813, 3.9144, 5.164, 0.0584, 0, 2.2658, 0.1448, 1.1313, 1.6741, 4.5256, 6.238, 1.6834, 1.2082, 0.0724, 0, 0, 0, 3.7639, 0, 7.2396, 0.6656, 0, 2.2311, 0, 0, 4.2764, 0, 0.685, 0, 1.1288],
      [6.9586, 1.144, 1.2669, 18.5879, 20.7244, 21.7834, 18.0109, 17.3964, 21.0931, 2.6567, 14.2953, 12.5557, 13.3217, 21.4904, 27.0214, 23.5326, 1.0211, 14.456, 24.4873, 7.6582, 13.331, 8.4145, 20.1667, 15.5811, 5.5781, 7.9419, 4.9447, 11.3549, 24.2036, 15.5811, 5.3891, 65.1134, 6.9776]
    ]
  ],
  "V_est": [
    [3.91, 4805.808, 44.1288, 1736.2752, 7.8779],
    [1431.2942, 142.3835, 363.865, 169.0552, 11.4021],
    [316.1772, 945.859, 6698.7726, 418.89, 831.3012],
    [79.4692, 751.6556, 61.7994, 8411.5427, 100.5332],
    [0, 158.7521, 134.1991, 1432.0054, 248.0434],
    [0.0017, 252.7993, 158.4561, 1336.9404, 92.8024],
    [0.1476, 1.7424, 482.7791, 58.2911, 494.0398]
  ],
  "p_est": [
    [0.0006, 0.7284, 0.0067, 0.2632, 0.0012],
    [0.6758, 0.0672, 0.1718, 0.0798, 0.0054],
    [0.0343, 0.1027, 0.7273, 0.0455, 0.0903],
    [0.0084, 0.0799, 0.0066, 0.8944, 0.0107],
    [0, 0.0805, 0.068, 0.7258, 0.1257],
    [9.3144e-07, 0.1373, 0.0861, 0.7262, 0.0504],
    [0.0001, 0.0017, 0.4656, 0.0562, 0.4764]
  ],
  "EI_Z": {},
  "EI_V": 18.3343,
  "MAE_Z": {},
  "MAE_V": 337.173,
  "MAE_p": 0.0937,
  "runtime": 1.588
}
