{
  "Z_true": {},
  "V_true": [
    [1023, 25, 74, 320, 52],
    [62, 1202, 54, 277, 53],
    [105, 46, 6007, 771, 269],
    [61, 29, 129, 8941, 277],
    [319, 419, 734, 1802, 822]
  ],
  "p_true": [
    [0.6847, 0.0167, 0.0495, 0.2142, 0.0348],
    [0.0376, 0.7294, 0.0328, 0.1681, 0.0322],
    [0.0146, 0.0064, 0.8345, 0.1071, 0.0374],
    [0.0065, 0.0031, 0.0137, 0.9474, 0.0294],
    [0.0779, 0.1023, 0.1792, 0.4399, 0.2007]
  ],
  "Z_est": {},
  "V_est": [
    [1494, 0, 0, 0, 0],
    [0, 1363.9068, 0, 284.0932, 0],
    [0, 0, 6638.3196, 161.3358, 398.3446],
    [0, 0, 0, 9437, 0],
    [76, 357.0932, 359.6804, 2228.571, 1074.6554]
  ],
  "p_est": [
    [1, 0, 0, 0, 0],
    [0, 0.8276, 0, 0.1724, 0],
    [0, 0, 0.9222, 0.0224, 0.0553],
    [0, 0, 0, 1, 0],
    [0.0186, 0.0872, 0.0878, 0.5441, 0.2624]
  ],
  "EI_Z": {},
  "EI_V": 10.79,
  "MAE_Z": {},
  "MAE_V": 206.0712,
  "MAE_p": 0.0593,
  "runtime": 0.0277
}
