{
  "Z_true": {},
  "V_true": [
    [691, 21, 59, 428, 44],
    [39, 1340, 757, 491, 31],
    [89, 495, 4528, 340, 225],
    [527, 600, 295, 18832, 673],
    [214, 222, 672, 401, 137],
    [54, 154, 142, 602, 259]
  ],
  "p_true": [
    [0.5559, 0.0169, 0.0475, 0.3443, 0.0354],
    [0.0147, 0.5041, 0.2848, 0.1847, 0.0117],
    [0.0157, 0.0872, 0.7976, 0.0599, 0.0396],
    [0.0252, 0.0287, 0.0141, 0.8999, 0.0322],
    [0.13, 0.1349, 0.4083, 0.2436, 0.0832],
    [0.0446, 0.1272, 0.1173, 0.4971, 0.2139]
  ],
  "Z_est": [
    [
      [3.6459, 0, 0, 46.9045, 17.0912, 50.412, 38.9051, 48.766, 37.5513, 34.5362, 37.3975, 0, 0, 6.0457, 8.7533, 7.5533, 37.3667, 38.5051, 35.9976, 13.9529, 12.3636, 3.1695, 26.1059, 0.8845, 0, 0.7224, 25.4291, 17.5527, 0, 9.7378, 1.5857, 49.7044, 56.3501, 58.2423, 34.5823, 0, 90.0401, 3.4921, 10.5224, 13.6452, 1.769, 48.5044, 2.7075],
      [0.2058, 0, 0, 0.9068, 0.4082, 1.3668, 1.2714, 1.2376, 0.9265, 0.9158, 0.8954, 0.0311, 0, 0.1875, 0.4804, 0.1163, 0.7719, 1.0534, 0.7144, 1.2711, 0.883, 0.1238, 0.8383, 0.006, 0.1137, 1.3243, 0.6753, 0.4199, 0.038, 0.3601, 0.1454, 1.2121, 1.5339, 1.7421, 0.6136, 0, 1.9777, 0.0698, 0.2407, 0.3146, 0.012, 1.872, 0.3317],
      [0.6937, 0, 0, 4.8472, 2.0342, 6.5142, 5.1895, 5.525, 5.6216, 4.5089, 4.4709, 0.4788, 0, 0.4687, 1.2981, 1.3805, 3.9882, 6.3981, 4.1134, 1.7512, 3.0816, 1.2366, 3.4748, 0.067, 0.2354, 0.3389, 3.1594, 2.1884, 0.2888, 1.9728, 0.8903, 6.158, 7.5744, 7.4633, 4.7256, 0, 11.8286, 0.2678, 1.3516, 2.818, 0.1339, 7.2023, 0.6337],
      [0.4515, 0, 0, 2.308, 1.4536, 12.6638, 8.6011, 6.4337, 7.8689, 6.0112, 8.2051, 0.4895, 0, 0.2937, 0.4616, 0.9437, 1.8464, 2.0142, 6.146, 4.0119, 3.6597, 1.4664, 1.5614, 0.042, 2.4023, 0.6126, 1.7174, 3.8244, 0.2572, 1.9208, 0.3786, 5.8872, 13.4935, 8.506, 8.0492, 0, 24.0756, 0.1679, 1.8768, 2.2105, 0.0839, 4.3835, 0.3247],
      [0.003, 0, 0, 0.0335, 0.0128, 0.0432, 0.0329, 0.0378, 0.0317, 0.028, 0.0311, 0.0006, 0, 0.0043, 0.0067, 0.0061, 0.0268, 0.0292, 0.0286, 0.0128, 0.0122, 0.0037, 0.0195, 0.0006, 0.2486, 0.0018, 0.0189, 0.0146, 0.416, 0.0085, 0, 0.0384, 0.0481, 0.0463, 0.0292, 0, 0.0779, 0.0024, 0.0085, 0.0116, 0.0012, 0.0378, 0.0024]
    ],
    [
      [0.1469, 0.0423, 1.2713, 1.0372, 0.3672, 1.0758, 0.9752, 1.0669, 0.8187, 0.6993, 0.7559, 0, 0.1737, 0.1897, 0.3078, 0.1504, 0.7667, 0.9058, 0.6763, 0.3286, 0.1232, 0.0308, 0.7062, 0.0188, 0, 0.0077, 0.6381, 0.3743, 0, 0.2229, 0.0154, 1.1427, 1.2669, 1.4097, 0.5821, 0, 1.7367, 0.0986, 0.2023, 0.2701, 0.1609, 1.3647, 0.0308],
      [21.8268, 6.9844, 6.6582, 71.4846, 30.1216, 107.3048, 111.3021, 94.6457, 75.9879, 63.4193, 66.0863, 3.8272, 2.249, 17.6724, 45.0713, 5.8377, 52.6767, 85.478, 46.917, 27.5556, 33.5849, 11.1646, 75.2763, 0.8596, 3.3603, 9.3269, 59.3537, 33.4295, 3.3603, 27.8838, 5.5823, 100.2275, 127.6527, 146.1494, 36.1871, 0.8818, 145.2598, 7.4442, 16.3284, 23.2055, 20.1422, 166.3917, 42.555],
      [3.368, 0.3232, 0.8212, 9.7389, 2.5856, 9.9676, 9.8618, 8.1457, 9.5907, 2.9491, 6.0129, 1.0141, 0.7086, 6.558, 5.1513, 3.8572, 2.5993, 11.9207, 4.7366, 9.5358, 2.1722, 4.2243, 7.3143, 0.0404, 0.2485, 0.7714, 5.9612, 2.8436, 0.3147, 1.2927, 0.7289, 10.2984, 15.2491, 13.4944, 4.5738, 0.5799, 16.0428, 0.6765, 0.9252, 4.0864, 2.2095, 16.0464, 7.2998],
      [4.4402, 0.592, 1.1765, 15.0268, 2.6638, 17.6557, 22.7994, 11.2983, 16.8466, 5.4017, 9.5414, 3.8733, 0.9992, 4.369, 4.0698, 5.0456, 4.5137, 7.9175, 4.2557, 14.2021, 4.8217, 2.0942, 13.9908, 0.074, 0.3621, 0.814, 13.4653, 8.0254, 0.296, 2.3679, 1.6734, 21.3571, 25.588, 23.5943, 3.3298, 0.8197, 29.5502, 0.7297, 1.4059, 2.2199, 2.3056, 21.6922, 11.1144],
      [0.2181, 0.0582, 0.0727, 0.7125, 0.2617, 0.996, 1.0615, 0.8434, 0.7561, 0.5307, 0.6034, 1.2854, 0.8695, 0.2108, 0.3999, 0.1091, 0.4435, 0.7779, 0.4144, 0.3781, 0.2981, 0.4861, 0.7125, 0.0073, 0.0291, 0.08, 0.5816, 0.3272, 0.0291, 0.2327, 0, 0.9742, 1.2432, 1.3523, 0.3272, 0.7186, 1.4105, 0.0509, 0.1381, 0.2181, 0.1818, 1.505, 0]
    ],
    [
      [0.7979, 0.7779, 1.0327, 6.2161, 2.0059, 4.5804, 3.9513, 10.5462, 5.2501, 3.4583, 2.621, 0, 0.4102, 1.8799, 2.1302, 1.2919, 5.9606, 7.9611, 2.7317, 0.7442, 0.1676, 0.0419, 4.4004, 0.4042, 0, 0.0105, 6.0532, 1.3693, 0, 1.2217, 0.021, 5.1196, 5.3535, 8.8606, 3.928, 0, 8.1098, 0.7918, 0.9738, 2.8033, 1.773, 7.6609, 0.2234],
      [0.5728, 1.1579, 0.0508, 2.3177, 1.1834, 8.0136, 2.7276, 5.0413, 3.0997, 2.1739, 1.6563, 0.0703, 0.0191, 0.1525, 2.2682, 0.0572, 3.3058, 4.6523, 1.5513, 0.4969, 1.3452, 0.089, 3.0688, 3.7928, 0.0856, 0.9856, 1.8329, 0.7373, 0.3279, 3.1829, 0.0445, 3.0888, 3.4432, 3.7976, 2.1254, 0.0064, 1.2265, 0.2135, 0.5807, 1.4657, 0.7317, 5.1445, 0.6524],
      [39.1033, 10.7414, 19.3477, 234.0566, 71.5672, 193.0921, 173.3616, 146.905, 239.5261, 151.9695, 105.3729, 3.9975, 11.6115, 94.2247, 181.0207, 40.9233, 271.7224, 368.2276, 107.871, 27.7163, 35.9196, 16.6161, 151.7634, 7.7325, 3.1752, 16.5383, 122.2898, 44.4837, 27.794, 123.4005, 10.4892, 217.0343, 240.0773, 252.2255, 171.5635, 5.1079, 351.4872, 13.8232, 41.5821, 139.1771, 53.1115, 353.784, 34.3351],
      [1.158, 0.5935, 0.7566, 12.2257, 8.2928, 9.6962, 6.0621, 8.9648, 8.1912, 2.2722, 1.5772, 0.1504, 1.6848, 3.8703, 12.0045, 0.6015, 14.9573, 29.1288, 5.7277, 0.4277, 0.7397, 0.3141, 10.054, 0.9378, 2.3318, 1.1594, 10.3892, 0.6817, 2.3518, 10.0017, 0.4454, 12.208, 3.5286, 3.7157, 12.0782, 0.0802, 8.8692, 0.9061, 0.6282, 6.8508, 2.3482, 15.2464, 1.8601],
      [2.3679, 0.7293, 1.8122, 17.1839, 16.9507, 8.6177, 10.8975, 10.5427, 19.9328, 10.1261, 6.7726, 0.7819, 1.2746, 4.8726, 8.5764, 2.1262, 15.0539, 22.0302, 6.1183, 2.615, 2.8278, 1.9389, 11.7135, 0.1327, 0.4074, 0.3062, 8.4349, 3.728, 2.5263, 6.1932, 0, 12.5493, 11.5973, 9.4006, 10.3049, 0.8055, 27.3073, 0.2654, 3.2352, 3.7031, 3.0355, 22.1642, 0.929]
    ],
    [
      [0.8246, 1.0316, 3.252, 30.7828, 9.9574, 16.788, 13.1308, 19.5787, 12.0736, 14.1479, 15.5248, 0, 0.8172, 2.3353, 2.1259, 2.7465, 22.6181, 16.3016, 18.9856, 3.5965, 2.1259, 0.5315, 13.4796, 0.6064, 0, 0.1329, 11.9067, 7.4364, 0, 1.993, 0.2657, 26.6771, 19.0447, 23.3328, 12.3464, 0, 25.76, 1.978, 4.7244, 3.1298, 3.729, 22.0679, 0.5315],
      [1.5049, 3.2255, 0.0474, 0.5454, 5.6146, 7.5208, 10.3277, 10.8336, 0.6051, 12.6199, 7.0829, 0.0237, 0.0178, 0.1423, 4.4518, 0.0534, 7.4751, 5.3434, 8.5467, 0.1956, 5.1241, 0.083, 7.096, 0.2821, 0.25, 1.0497, 3.1217, 2.3757, 0.5773, 4.2139, 0.0415, 5.7991, 7.5071, 14.953, 2.2816, 0.0059, 1.1441, 1.1594, 3.0886, 0.1897, 1.1607, 30.9035, 0.2905],
      [4.2415, 1.0951, 2.2985, 13.0122, 2.7104, 7.5951, 8.1982, 5.9272, 16.7926, 12.946, 10.5515, 0.4759, 0.417, 9.509, 15.1316, 3.831, 23.7334, 26.9666, 7.8897, 5.8331, 1.3999, 3.7413, 5.7485, 0.2681, 0.1489, 0.9048, 4.6762, 1.7573, 0.9245, 7.0091, 0.6844, 14.3407, 26.319, 22.5261, 15.4818, 1.1063, 16.0874, 0.6604, 7.5478, 17.6791, 2.6429, 23.2271, 5.1547],
      [124.938, 55.201, 60.3208, 1053.0061, 441.2879, 886.6794, 1072.858, 866.45, 1103.5391, 672.5842, 608.8927, 36.7202, 16.4298, 126.5663, 272.0641, 95.9372, 568.0672, 784.9618, 410.1775, 222.316, 243.6282, 101.3914, 759.4882, 17.5551, 29.7553, 31.336, 611.7619, 215.7014, 42.1316, 251.9962, 38.0084, 1025.4176, 1075.7126, 911.2131, 523.4166, 18.0114, 1928.0934, 66.6256, 225.1772, 224.0997, 193.9039, 1202.0625, 208.005],
      [3.4909, 1.4468, 5.0812, 35.6536, 22.4297, 14.4166, 17.4853, 17.2105, 50.9896, 17.702, 9.9481, 1.7802, 1.3183, 7.4472, 9.2267, 2.4319, 29.1062, 41.4267, 10.4005, 5.0588, 6.7219, 3.2529, 27.1877, 0.2883, 0.8458, 0.5767, 13.5336, 10.7292, 4.3666, 6.7878, 0, 19.7655, 14.4166, 12.975, 21.4736, 2.8763, 67.9151, 0.5767, 6.4621, 4.9017, 3.5634, 41.739, 2.0183]
    ],
    [
      [0.5795, 0.1469, 0.4407, 6.9998, 2.5584, 7.0902, 5.9978, 7.99, 5.2609, 6.1204, 5.6641, 0, 0.5978, 1.5407, 2.6674, 1.2498, 6.2464, 7.2794, 4.5749, 1.3648, 1.2098, 0.2244, 4.2755, 0, 0, 0.1255, 3.9418, 2.2513, 0, 1.8131, 0.1122, 7.3041, 7.9287, 10.0941, 4.5293, 0, 15.2662, 0.6356, 1.5649, 2.1363, 1.7814, 7.344, 0.502],
      [3.5558, 0.4891, 1.1481, 15.6485, 7.1355, 24.0054, 23.5706, 24.5962, 16.2122, 21.6549, 17.1581, 0, 0.6784, 5.5591, 12.9414, 2.8281, 15.8046, 24.0182, 10.4477, 3.0873, 4.5143, 2.3727, 15.4924, 0, 1.1306, 1.1465, 12.0863, 6.5129, 0.636, 7.8346, 1.1863, 21.0865, 26.8478, 35.9134, 10.1722, 0.094, 41.0906, 1.9819, 4.4635, 6.4428, 6.6075, 31.8383, 4.5861],
      [1.3505, 0.1477, 0.7623, 16.8476, 5.9943, 18.769, 17.3637, 18.9993, 17.1795, 21.2114, 16.7927, 0, 0.8654, 7.433, 16.6746, 3.9348, 20.1283, 28.0582, 8.4879, 1.0337, 1.3291, 2.3641, 12.3205, 0, 0.8892, 0.2954, 10.053, 4.4382, 0.1477, 8.6604, 1.2072, 18.0767, 22.2433, 29.3214, 12.5142, 2.8313, 47.8815, 1.5768, 4.173, 9.3305, 6.6929, 16.4592, 1.1814],
      [1.4174, 0.2025, 0.6075, 12.7711, 6.0074, 24.0981, 23.0859, 35.1974, 13.6144, 30.893, 22.5138, 0, 0.8169, 10.1215, 18.0112, 6.7799, 18.9633, 34.3303, 6.0746, 1.4174, 1.8224, 2.9282, 11.303, 0, 2.911, 0.405, 9.421, 4.5486, 0.2025, 9.3046, 1.4943, 17.6338, 24.8322, 48.9285, 12.231, 1.0194, 104.8296, 2.709, 5.5773, 7.7307, 12.5309, 14.3765, 1.6199],
      [0.0968, 0.0138, 0.0415, 0.733, 0.3043, 1.0373, 0.982, 1.2171, 0.733, 1.1203, 0.8713, 0, 0.0415, 0.3458, 0.7054, 0.2075, 0.8575, 1.3139, 0.4149, 0.0968, 0.1245, 0.1106, 0.6086, 0, 0.0692, 0.0277, 0.4979, 0.249, 0.0138, 0.3873, 0, 0.899, 1.1479, 1.7427, 0.5532, 0.0553, 2.9321, 0.0968, 0.2213, 0.3596, 0.3873, 0.982, 0.1106]
    ],
    [
      [0.0051, 0.0014, 0.0033, 0.0595, 0.0199, 0.0536, 0.0399, 0.0523, 0.0453, 0.038, 0.0367, 0, 0.0012, 0.0086, 0.0155, 0.0081, 0.0416, 0.047, 0.0339, 0.0131, 0.0099, 0.0019, 0.0323, 0.0861, 0, 0.0011, 0.0312, 0.016, 0, 0.0115, 0, 0.0522, 0.0561, 0.0606, 0.0318, 0, 0.0871, 0.004, 0.0121, 0.0153, 0.7866, 0.058, 0.0048],
      [0.3339, 0.1431, 0.0954, 1.0971, 0.5366, 1.7887, 1.8006, 1.6456, 1.1686, 1.2163, 1.1209, 0.0477, 0.0358, 0.2862, 0.787, 0.1073, 0.9659, 1.4548, 0.8228, 0.3935, 0.5485, 0.1669, 1.2282, 0.0596, 0.0598, 0.1669, 0.9301, 0.5247, 0.0604, 0.5247, 0, 1.586, 2.0152, 2.4445, 0.6201, 0.0119, 2.3014, 0.1312, 0.2981, 0.3816, 0.3458, 2.8499, 0.5843],
      [3.2429, 0.6926, 0.7703, 20.4975, 6.1082, 19.062, 14.0251, 13.4978, 21.2895, 13.4151, 9.7991, 1.0337, 0.3976, 5.8067, 12.7237, 3.0731, 14.8284, 23.4289, 6.9014, 4.1299, 3.0977, 1.8176, 12.3785, 0.8921, 0.3027, 1.1512, 10.8603, 3.2887, 1.5304, 7.6644, 0, 15.092, 19.5368, 18.9694, 10.141, 0.3745, 28.6724, 0.9953, 4.4203, 8.9089, 4.2092, 25.2809, 4.3954],
      [3.5949, 0.411, 0.1386, 26.6624, 6.2945, 28.2067, 14.5936, 16.6558, 26.9398, 15.8378, 11.2699, 0.7667, 0.0693, 2.7791, 11.3888, 2.6921, 3.6521, 14.6473, 3.6186, 6.6249, 3.3283, 1.8057, 13.6027, 0.3911, 0.2374, 0.673, 14.2452, 2.2186, 0.761, 5.4088, 0, 11.4963, 19.8451, 16.0423, 3.8952, 0.0693, 28.582, 0.8618, 6.3346, 5.8883, 3.8274, 22.239, 5.0759],
      [3.8232, 0.752, 0.9924, 26.6835, 9.0408, 24.8891, 16.5409, 17.1486, 28.5568, 16.4928, 11.7734, 1.152, 0.4962, 5.1194, 13.085, 3.1193, 12.5121, 23.422, 6.6233, 5.8386, 4.0155, 2.2078, 15.7582, 0.5711, 0.4, 1.0077, 13.9331, 3.9521, 1.6482, 7.3906, 0, 15.7736, 21.5467, 19.4832, 9.3119, 0.5443, 35.3571, 1.0077, 5.9348, 7.806, 4.8309, 28.5721, 3.9396]
    ]
  ],
  "V_est": [
    [930.4953, 27.6084, 126.3737, 157.1054, 1.4172],
    [22.1588, 2038.7144, 226.8407, 348.3798, 21.9063],
    [123.6349, 78.5375, 4925.8694, 236.0698, 312.8885],
    [388.4185, 178.8758, 359.1918, 19423.4895, 577.0244],
    [147.41, 474.5763, 436.021, 565.2827, 22.71],
    [1.8826, 33.6877, 378.7034, 363.6728, 433.0535]
  ],
  "p_est": [
    [0.7486, 0.0222, 0.1017, 0.1264, 0.0011],
    [0.0083, 0.767, 0.0853, 0.1311, 0.0082],
    [0.0218, 0.0138, 0.8677, 0.0416, 0.0551],
    [0.0186, 0.0085, 0.0172, 0.9282, 0.0276],
    [0.0896, 0.2883, 0.2649, 0.3434, 0.0138],
    [0.0016, 0.0278, 0.3127, 0.3003, 0.3576]
  ],
  "EI_Z": {},
  "EI_V": 9.0399,
  "MAE_Z": {},
  "MAE_V": 201.0588,
  "MAE_p": 0.082,
  "runtime": 0.9813
}
