{
  "Z_true": {},
  "V_true": [
    [3273, 413, 2996, 234],
    [1278, 207, 8150, 375],
    [694, 8103, 499, 287],
    [243, 258, 969, 219],
    [233, 506, 362, 472]
  ],
  "p_true": [
    [0.4733, 0.0597, 0.4332, 0.0338],
    [0.1277, 0.0207, 0.8142, 0.0375],
    [0.0724, 0.8456, 0.0521, 0.0299],
    [0.1439, 0.1528, 0.5737, 0.1297],
    [0.1481, 0.3217, 0.2301, 0.3001]
  ],
  "Z_est": [
    [
      [18.8241, 40.8937, 46.7357, 4.5437, 13.6312, 1.437, 92.6131, 83.3503, 41.7947, 34.7357, 47.3848, 58.7555, 176.557, 5.842, 112.4567, 18.9098, 131.1196, 5.4028, 46.0866, 77.2437, 31.1571, 40.6362, 24.0085, 173.3115, 164.8731, 58.4196, 90.497, 225.0808, 150.7968, 121.9271, 89.1709, 34.5802, 110.7643, 78.3939, 88.9276, 100.7655, 58.4196, 68.8053, 1.9473, 9.8895, 5.842, 10.1303, 42.1919, 60.3669, 99.1583, 48.683, 129.8214, 43.2126, 536.8113, 13.6312, 127.874, 470.6024, 103.5142],
      [0.461, 1.0015, 0.1276, 0.1113, 0.3338, 0, 8.1088, 1.9553, 0.9856, 7.5803, 1.1605, 1.383, 4.324, 0.1431, 2.5753, 0.4451, 0, 0.1272, 1.1287, 1.8917, 0.7631, 4.0935, 0, 4.2445, 4.0378, 1.4307, 2.1302, 0.3554, 0, 0, 4.6523, 0, 0.7295, 1.9394, 2.1779, 2.5117, 1.4307, 1.6851, 0.1264, 0.2067, 0.1431, 0.2385, 1.0333, 1.4784, 0, 3.1606, 4.8882, 3.3774, 13.1468, 0.3338, 3.1317, 11.5253, 6.8053],
      [8.9538, 19.4514, 22.2302, 2.1613, 6.4838, 0.563, 46.0041, 34.2323, 19.1426, 18.8414, 22.5389, 26.8614, 83.9806, 2.7788, 42.7164, 8.6451, 62.3679, 2.47, 21.9214, 36.7415, 14.8201, 26.5475, 19.8105, 82.4368, 78.423, 27.7877, 41.3728, 104.667, 72.1933, 82.5616, 46.1769, 16.0551, 57.7866, 38.4649, 42.299, 50.5762, 27.7877, 32.7277, 0.9263, 2.5627, 2.7788, 4.6313, 20.0689, 28.7139, 48.8417, 23.1564, 61.7504, 24.4355, 255.338, 6.4838, 60.8242, 223.8453, 35.2682],
      [0.7611, 1.6534, 2.9065, 0.1837, 0.5511, 0, 2.274, 3.4621, 0.077, 1.8427, 1.9158, 0, 7.1384, 0.2362, 4.2515, 0, 8.5125, 0, 1.8633, 3.123, 1.2597, 2.7229, 1.181, 7.0072, 6.666, 2.362, 0, 8.8968, 6.0099, 5.5113, 0, 1.3647, 6.7196, 3.2018, 3.5954, 4.1466, 2.362, 2.7819, 0, 0.3412, 0.2362, 0, 1.7059, 2.4407, 0, 0, 3.54, 4.9744, 21.7039, 0.5511, 5.1701, 19.027, 10.4124]
    ],
    [
      [2.7168, 8.3363, 0.8557, 2.568, 2.6733, 0.1279, 0, 3.5393, 13.8251, 2.3345, 7.9209, 4.5183, 12.3877, 0.7154, 5.7985, 3.6304, 5.5726, 0.4699, 10.4797, 12.6536, 6.9868, 2.3721, 1.5061, 5.0101, 32.9888, 0, 12.4206, 15.1009, 12.1241, 7.2669, 0, 4.4455, 0, 0, 2.4572, 0, 5.4973, 1.2285, 0.5733, 0.3012, 2.193, 3.653, 3.4859, 4.0739, 2.9369, 3.2869, 8.96, 2.2592, 10.9943, 2.2395, 0.255, 120.0755, 4.8195],
      [9.4062, 0, 0, 0, 0, 0, 2.5435, 1.5939, 0, 1.0513, 0.964, 0, 5.5787, 0, 2.6113, 1.5444, 0, 0.1696, 0, 4.0121, 0, 1.0683, 0, 10.4235, 28.3407, 0.1568, 5.228, 0, 0, 1.6847, 5.5617, 0, 0, 2.7527, 2.5265, 8.0797, 2.4757, 19.9163, 0.397, 0.1357, 0, 0, 1.3057, 5.8895, 1.3226, 5.7932, 7.745, 1.0174, 13.597, 5.7413, 1.2726, 13.5991, 2.1704],
      [113.4741, 446.6637, 96.7456, 20.8913, 65.7017, 1.8721, 147.4565, 87.9892, 76.1749, 58.0355, 104.2231, 115.4817, 307.9623, 17.7851, 144.1526, 36.8252, 138.5362, 9.3606, 295.5203, 348.4927, 98.8042, 58.9715, 37.4422, 252.735, 472.6387, 171.6963, 258.3514, 354.411, 307.7953, 180.9503, 322.4383, 96.6023, 222.8996, 207.0935, 142.6253, 178.7783, 136.6641, 234.5478, 12.0297, 7.4884, 8.3967, 25.347, 72.0763, 164.3936, 73.0123, 132.9199, 435.295, 56.1633, 927.1784, 66.1938, 209.9038, 660.8384, 119.8151],
      [0.4029, 0, 5.3987, 3.5407, 2.625, 0, 0, 0.8775, 0, 0.5788, 7.892, 0, 3.0713, 0.4995, 1.4376, 0, 3.8912, 0, 0, 2.8416, 6.209, 0.5881, 1.0517, 1.8314, 5.0317, 4.147, 0, 9.4881, 2.0806, 3.0981, 0, 0.9522, 2.1004, 8.1538, 1.391, 1.142, 1.363, 1.3074, 0, 0.0747, 3.4103, 0, 0.1321, 1.643, 0.7282, 0, 0, 0.5601, 9.2303, 2.8253, 1.5686, 7.4869, 1.1949]
    ],
    [
      [2.1185, 3.5835, 0.879, 0.3606, 1.6709, 1.0738, 0, 2.8397, 6.981, 1.2621, 1.6452, 5.0217, 10.4646, 0.4426, 8.7547, 1.2663, 5.3247, 0.8596, 3.9441, 6.5133, 2.4791, 1.6678, 0.7888, 0, 12.4632, 2.3604, 6.8965, 4.9808, 12.4348, 3.3356, 0, 0.7663, 1.8706, 2.5693, 0, 0, 2.9791, 3.1327, 0.1352, 3.8928, 4.3539, 1.5138, 8.8007, 0, 11.1512, 2.7045, 0, 1.4649, 20.712, 1.172, 4.6427, 37.5406, 2.4791],
      [87.6675, 146.8986, 36.3727, 11.7741, 22.2695, 0.8682, 145.6065, 115.4716, 78.4675, 52.2274, 68.0822, 83.2479, 307.2795, 9.8569, 152.1678, 30.7769, 130.9228, 12.6131, 161.4263, 269.5309, 100.6355, 69.0148, 30.4114, 713.1335, 530.3414, 141.7602, 297.6477, 206.1119, 164.2717, 138.0297, 167.8739, 26.8725, 77.4085, 106.3202, 258.8664, 311.4994, 194.1372, 129.636, 5.6908, 30.2021, 5.1978, 21.7904, 93.9823, 305.7671, 104.5407, 113.8162, 468.1817, 60.6211, 857.0897, 48.4969, 192.1224, 916.1339, 102.5896],
      [2.7254, 8.5179, 1.1308, 0.4639, 0.7538, 0.058, 4.3935, 0, 2.5515, 1.6237, 2.1166, 2.7304, 16.6727, 3.4362, 0, 0.9568, 6.2226, 0.5273, 8.028, 8.3793, 3.1893, 2.1456, 2.7515, 19.8665, 0, 5.4724, 1.4558, 6.4077, 5.3639, 4.2911, 12.1261, 1.6685, 2.4065, 3.3053, 18.7211, 22.5006, 8.1659, 4.0302, 0.174, 0, 0.2899, 0.6959, 8.2169, 0, 3.4793, 3.4793, 33.8183, 1.8846, 26.6455, 1.5077, 5.9728, 0, 3.1893],
      [1.4885, 0, 0.6176, 3.4014, 1.3058, 0, 0, 7.6886, 0, 0.8868, 1.156, 0, 4.5832, 0.2643, 2.0775, 0, 3.5299, 0, 1.6017, 4.5765, 3.696, 1.1718, 1.0483, 0, 10.1953, 2.407, 0, 3.4997, 2.9296, 2.3437, 0, 4.6928, 1.3144, 1.8053, 1.4125, 0, 0.7178, 2.2011, 0, 1.9051, 0.1584, 0, 0, 4.2329, 0.8288, 0, 0, 1.0293, 14.5529, 0.8234, 3.2621, 59.3255, 1.7419]
    ],
    [
      [3.6668, 9.2892, 1.9556, 0.9778, 1.1, 0.3613, 2.689, 1.2223, 1.1, 1.3445, 2.2001, 6.2059, 5.7446, 0, 3.6668, 1.3445, 1.7112, 0, 6.9669, 6.9669, 2.0778, 2.2001, 1.2223, 8.4336, 11.856, 3.4223, 7.0891, 8.0669, 7.8225, 2.3223, 7.3336, 1.8334, 4.7668, 3.789, 2.5668, 3.9112, 3.0557, 6.1113, 0.2445, 0.3667, 0.6111, 1.0534, 1.2223, 8.3114, 3.0557, 2.0778, 8.9225, 1.5889, 16.745, 1.8334, 4.1557, 12.4671, 1.5889],
      [3.9546, 10.0183, 2.1091, 1.0546, 1.1864, 0.1318, 2.9, 1.3182, 1.1864, 1.45, 2.3728, 2.7682, 6.1956, 0, 3.9546, 1.45, 1.8455, 0, 7.5138, 7.5138, 2.2409, 2.3728, 1.3182, 9.0956, 12.7866, 3.691, 7.6723, 8.7001, 8.4365, 2.5046, 11.1096, 1.9773, 5.141, 4.0864, 2.7682, 4.2183, 3.2955, 6.591, 0.7417, 0.3955, 0.6591, 0.7909, 1.3182, 8.9638, 3.2955, 2.2409, 9.6229, 1.7137, 18.0594, 1.9773, 4.4819, 13.4457, 1.7137],
      [15.2077, 40.6609, 8.1108, 4.0554, 4.5623, 0.5069, 11.1523, 5.0692, 4.5623, 5.5761, 9.1246, 10.6454, 23.8253, 0, 15.2077, 5.5761, 7.0969, 0, 28.8946, 28.8946, 8.6177, 9.1246, 5.0692, 34.9776, 49.1714, 14.1938, 29.4015, 33.4569, 32.443, 9.6315, 30.4153, 7.6038, 19.77, 15.7146, 10.6454, 16.2215, 12.6731, 25.3461, 1.0138, 1.5208, 2.5346, 3.0415, 5.0692, 34.4707, 12.6731, 8.6177, 37.0053, 6.59, 69.4483, 7.6038, 17.2353, 51.706, 6.59],
      [7.1709, 16.0315, 3.8245, 1.9123, 2.1513, 0, 5.2587, 2.3903, 2.1513, 2.6293, 4.3026, 1.3805, 11.2345, 0, 7.1709, 2.6293, 3.3464, 0, 13.6248, 13.6248, 4.0635, 4.3026, 2.3903, 16.4932, 23.186, 6.6929, 13.8371, 15.7761, 15.298, 4.5416, 11.1415, 3.5855, 9.3222, 7.41, 5.0197, 7.649, 5.9758, 11.9516, 0, 0.7171, 1.1952, 1.1142, 2.3903, 16.2541, 5.9758, 4.0635, 17.4493, 3.1074, 32.7473, 3.5855, 8.1271, 24.3812, 3.1074]
    ],
    [
      [4.6737, 9.8973, 3.574, 0.5499, 1.9245, 0, 7.6979, 6.0484, 3.2991, 6.3233, 3.849, 5.4985, 14.846, 0, 6.3233, 3.849, 11.272, 1.2677, 8.5227, 9.6224, 3.2991, 4.1239, 2.4743, 19.2448, 22.8189, 8.7976, 12.0967, 16.7705, 11.8218, 7.1481, 16.4956, 1.3746, 6.5982, 8.2478, 6.0484, 6.3233, 6.0484, 10.7221, 1.0997, 0.5499, 0, 1.6496, 3.2991, 8.2478, 7.6979, 8.2478, 14.2961, 2.4743, 46.7374, 4.1239, 9.0726, 39.3144, 6.5982],
      [0.5107, 1.0815, 0.3905, 0.0601, 0.2103, 0, 0.8412, 0.6609, 0.3605, 0.691, 0.4206, 0.6008, 1.6223, 0, 0.691, 1.7836, 1.2317, 0.0901, 0.9313, 1.0515, 0.3605, 0.4506, 0.2704, 2.1029, 2.4935, 0.9613, 1.3218, 1.8325, 1.2918, 0.7811, 1.8025, 0.1502, 0.721, 0.9013, 0.6609, 0.691, 0.6609, 1.1716, 2.0441, 0.0601, 0, 0.1803, 0.3605, 0.9013, 0.8412, 3.989, 1.5622, 0.2704, 5.1071, 0.4506, 0.9914, 4.296, 0.721],
      [3.639, 7.7061, 2.7827, 0.4281, 1.4984, 0, 5.9936, 4.7093, 2.5687, 4.9233, 2.9968, 4.2812, 11.5591, 0, 4.9233, 2.9968, 8.7764, 0.6422, 6.6358, 7.492, 2.5687, 3.2109, 1.9265, 14.984, 17.7668, 6.8498, 9.4185, 13.0575, 9.2045, 5.5655, 12.8435, 1.0703, 5.1374, 6.4217, 4.7093, 4.9233, 4.7093, 8.3482, 0.8562, 0.4281, 0, 1.2843, 2.5687, 6.4217, 5.9936, 11.8267, 11.131, 1.9265, 36.3898, 3.2109, 7.0639, 30.6102, 5.1374],
      [8.1766, 17.3151, 6.2527, 0.9619, 3.3668, 0, 13.4673, 10.5814, 5.7717, 11.0624, 6.7336, 9.6195, 25.9726, 0, 11.0624, 5.3707, 19.72, 1, 14.9102, 16.8341, 5.7717, 7.2146, 4.3288, 33.6682, 39.9209, 15.3912, 21.1629, 29.3395, 20.6819, 12.5053, 28.8585, 2.4049, 11.5434, 14.4292, 10.5814, 11.0624, 10.5814, 18.758, 0, 0.9619, 0, 2.8858, 5.7717, 14.4292, 13.4673, 5.9365, 25.0107, 4.3288, 81.7657, 7.2146, 15.8722, 68.7794, 11.5434]
    ]
  ],
  "V_est": [
    [4472.5293, 115.6213, 2151.2056, 176.6438],
    [380.6362, 177.6759, 9339.8412, 111.8467],
    [224.2946, 8913.7228, 284.5093, 160.4733],
    [210.6385, 226.3497, 858.3262, 393.6856],
    [432.9014, 53.6303, 342.1177, 744.3506]
  ],
  "p_est": [
    [0.6467, 0.0167, 0.311, 0.0255],
    [0.038, 0.0177, 0.9331, 0.0112],
    [0.0234, 0.9302, 0.0297, 0.0167],
    [0.1247, 0.134, 0.5082, 0.2331],
    [0.2752, 0.0341, 0.2175, 0.4732]
  ],
  "EI_Z": {},
  "EI_V": 12.9221,
  "MAE_Z": {},
  "MAE_V": 384.7031,
  "MAE_p": 0.0781,
  "runtime": 2.5124
}
