{
  "X": [
    [4, 20, 104, 2],
    [4, 30, 205, 6],
    [36, 116, 292, 11],
    [3, 28, 74, 0],
    [16, 45, 158, 2],
    [3, 25, 7, 2],
    [45, 619, 327, 55],
    [25, 289, 164, 29],
    [12, 91, 144, 12],
    [2, 33, 128, 5],
    [9, 56, 83, 11],
    [3, 35, 51, 4],
    [44, 507, 993, 43],
    [27, 201, 445, 18],
    [24, 129, 125, 18],
    [18, 136, 180, 15],
    [9, 32, 73, 5],
    [2, 5, 11, 1],
    [3, 101, 60, 10],
    [9, 50, 159, 7],
    [5, 47, 22, 6],
    [117, 735, 1086, 54],
    [20, 80, 122, 8],
    [3, 13, 85, 0],
    [34, 225, 267, 33],
    [50, 274, 299, 31],
    [35, 134, 555, 29],
    [12, 68, 317, 22],
    [3, 12, 55, 3],
    [19, 89, 175, 12],
    [15, 71, 214, 6],
    [6, 29, 18, 7],
    [23, 131, 282, 16],
    [38, 225, 202, 16],
    [12, 79, 163, 2],
    [47, 430, 539, 40],
    [18, 152, 128, 14],
    [13, 117, 68, 15],
    [44, 330, 414, 26],
    [10, 138, 76, 7],
    [42, 465, 419, 31],
    [61, 422, 757, 32],
    [36, 236, 261, 24],
    [29, 315, 298, 18],
    [33, 231, 215, 10],
    [12, 60, 52, 4],
    [31, 337, 488, 27],
    [39, 376, 287, 30],
    [29, 242, 349, 11],
    [21, 245, 391, 23],
    [23, 215, 204, 15],
    [36, 262, 213, 23],
    [41, 357, 385, 41],
    [9, 103, 140, 7],
    [20, 227, 178, 23],
    [11, 78, 47, 6],
    [1, 5, 1, 1],
    [9, 43, 209, 15],
    [5, 8, 132, 0],
    [4, 12, 60, 2],
    [6, 43, 182, 6],
    [0, 6, 0, 0],
    [3, 27, 93, 5],
    [7, 140, 142, 17],
    [138, 1248, 2101, 105],
    [28, 170, 191, 18],
    [150, 732, 875, 88],
    [19, 103, 160, 12]
  ],
  "W": [
    [1, 16, 93, 4, 16],
    [3, 18, 191, 6, 27],
    [39, 86, 279, 18, 33],
    [3, 22, 69, 4, 7],
    [13, 29, 145, 8, 26],
    [4, 16, 6, 4, 7],
    [30, 481, 288, 153, 94],
    [14, 219, 141, 79, 54],
    [28, 43, 160, 7, 21],
    [5, 20, 127, 4, 12],
    [6, 44, 77, 12, 20],
    [12, 17, 54, 1, 9],
    [67, 383, 938, 68, 131],
    [41, 139, 448, 19, 44],
    [18, 91, 116, 48, 23],
    [12, 121, 173, 12, 31],
    [7, 31, 67, 4, 10],
    [1, 1, 12, 0, 5],
    [7, 71, 61, 19, 16],
    [3, 39, 147, 13, 23],
    [2, 41, 19, 5, 13],
    [104, 549, 1042, 144, 153],
    [14, 61, 117, 18, 20],
    [5, 8, 70, 6, 12],
    [24, 202, 245, 40, 48],
    [32, 231, 273, 59, 59],
    [26, 114, 516, 43, 54],
    [14, 54, 286, 15, 50],
    [2, 9, 51, 3, 8],
    [14, 67, 158, 22, 34],
    [5, 63, 206, 7, 25],
    [4, 20, 19, 8, 9],
    [23, 97, 276, 18, 38],
    [19, 202, 194, 28, 38],
    [17, 54, 162, 12, 11],
    [73, 338, 504, 61, 80],
    [12, 135, 120, 15, 30],
    [12, 102, 63, 16, 20],
    [37, 241, 409, 54, 73],
    [3, 112, 69, 10, 37],
    [50, 385, 388, 62, 72],
    [83, 301, 726, 62, 100],
    [34, 180, 241, 37, 65],
    [31, 268, 276, 39, 46],
    [23, 173, 214, 34, 45],
    [9, 48, 49, 6, 16],
    [38, 258, 467, 53, 67],
    [21, 338, 248, 57, 68],
    [31, 191, 314, 28, 67],
    [34, 190, 368, 53, 35],
    [27, 180, 189, 29, 32],
    [25, 216, 202, 37, 54],
    [34, 282, 359, 54, 95],
    [11, 69, 143, 11, 25],
    [21, 181, 170, 47, 29],
    [12, 64, 43, 12, 11],
    [1, 1, 1, 0, 5],
    [8, 32, 192, 15, 29],
    [4, 4, 127, 2, 8],
    [7, 8, 53, 3, 7],
    [8, 31, 178, 4, 16],
    [0, 3, 0, 1, 2],
    [2, 18, 84, 3, 21],
    [8, 131, 133, 17, 17],
    [175, 950, 1938, 251, 278],
    [25, 130, 194, 36, 22],
    [141, 567, 877, 78, 182],
    [29, 76, 160, 13, 16]
  ],
  "method": "mult",
  "cond_prob": [
    [
      [0.41394750643, 0.47434624959, 0.097208519163, 0.014497724813],
      [0.05431794173, 0.71815110098, 0.2246278754, 0.0029030818961],
      [8.1957566815e-05, 0, 0.99991804243, 0],
      [0.055462593403, 0.81199548153, 0.0360151427, 0.096526782366],
      [0.15546831241, 0.29920338804, 0.44826918484, 0.097059114711]
    ],
    [
      [0.26578450714, 0.59232053904, 0.11048436597, 0.03141058786],
      [0.029438745472, 0.90624006104, 0.029291215014, 0.035029978477],
      [0.00097046309471, 0, 0.99902953691, 0],
      [0.028470220039, 0.78039857228, 0.031607547831, 0.15952365985],
      [0.085798862547, 0.26771577224, 0.48655622948, 0.15992913573]
    ],
    [
      [0.46726300986, 0.43649932819, 0.075436452839, 0.020801209114],
      [0.070364351503, 0.87275458981, 0.026342750785, 0.030538307903],
      [0.014526360948, 0.0018057999423, 0.98258797812, 0.001079860992],
      [0.068899937461, 0.76276722461, 0.028777685283, 0.13955515265],
      [0.19491984264, 0.29351525001, 0.36765022854, 0.1439146788]
    ],
    [
      [0.33714600314, 0.57107152129, 0.091782475569, 0],
      [0.038160820447, 0.90054355919, 0.06129562036, 0],
      [0.00017389336447, 0, 0.99982610664, 0],
      [0.042406232686, 0.92537540435, 0.032218362968, 0],
      [0.13820005255, 0.3961893595, 0.46561058795, 0]
    ],
    [
      [0.48565197636, 0.43057617998, 0.077080396235, 0.00669144742],
      [0.073897480968, 0.84331550526, 0.076610709971, 0.0061763038059],
      [0.0083269644445, 0, 0.99167303556, 0],
      [0.07827906906, 0.83877374189, 0.032674648987, 0.050272540058],
      [0.21960980624, 0.31677577202, 0.41239449663, 0.051219925104]
    ],
    [
      [0.33692742301, 0.58257202456, 0.059491226359, 0.021009326064],
      [0.031880547088, 0.94756281934, 0, 0.020556633567],
      [0.0074600691056, 0.02610015945, 0.96404981468, 0.0023899567672],
      [0.036642146755, 0.82685690887, 0.018147645712, 0.11835329866],
      [0.13583893613, 0.57781117143, 0.12930651766, 0.15704337478]
    ],
    [
      [0.31148175209, 0.57531920935, 0.085565275124, 0.02763376343],
      [0.036279640202, 0.91941258373, 0.012310867659, 0.031996908412],
      [0.0059221275725, 0.020401532179, 0.97122048646, 0.00245585379],
      [0.036504605062, 0.79245437781, 0.025769590148, 0.14527142698],
      [0.11610918282, 0.34448733909, 0.37082198946, 0.16858148863]
    ],
    [
      [0.340636275, 0.5484808624, 0.083467105101, 0.027415757499],
      [0.041638529589, 0.90703655016, 0.018235949209, 0.033088971039],
      [0.0065766548454, 0.019862901142, 0.97107088764, 0.0024895563728],
      [0.041122749695, 0.78318331738, 0.026042855137, 0.14965107779],
      [0.12844904835, 0.33348356123, 0.36776679516, 0.17030059526]
    ],
    [
      [0.24578337757, 0.64753415135, 0.065350700731, 0.041331770351],
      [0.0259191576, 0.91518897784, 0.016088841747, 0.04280302281],
      [0.012248786551, 0.12594613959, 0.84693568295, 0.014869390906],
      [0.024421236652, 0.76905375635, 0.016912733566, 0.18961227344],
      [0.08918034031, 0.38005519457, 0.27858389415, 0.25218057096]
    ],
    [
      [0.16507057629, 0.69593232034, 0.096466156444, 0.042530946924],
      [0.015554731998, 0.92135522373, 0.022087767656, 0.041002276615],
      [0.0015156061936, 0.029196331826, 0.9657895931, 0.0034984688787],
      [0.014729648002, 0.77649107124, 0.023339428353, 0.1854398524],
      [0.051012658334, 0.35661129139, 0.36060648562, 0.23176956466]
    ],
    [
      [0.40238808886, 0.47877010942, 0.078183410823, 0.040658390904],
      [0.053286505494, 0.86807464904, 0.02466465944, 0.053974186025],
      [0.010470426597, 0.012661663858, 0.96773954949, 0.0091283600522],
      [0.048059186365, 0.69813235559, 0.024820781298, 0.22898767675],
      [0.14290660704, 0.27897792008, 0.33159299166, 0.24652248122]
    ],
    [
      [0.16780689655, 0.71817380731, 0.073672718349, 0.04034657779],
      [0.015620687648, 0.9299198852, 0.016459346062, 0.038000081093],
      [0.0035907883322, 0.11450226834, 0.87250582891, 0.009401114416],
      [0.014949054394, 0.79153177802, 0.017576195504, 0.17594297209],
      [0.056879325223, 0.39984688839, 0.30035861556, 0.24291517082]
    ],
    [
      [0.25832991152, 0.61976633187, 0.095250535946, 0.026653220661],
      [0.029085262179, 0.9172251225, 0.024675756112, 0.029013859209],
      [0.001584010077, 0.013240695131, 0.98452112277, 0.00065417202085],
      [0.028788580756, 0.81084621892, 0.027247766713, 0.13311743361],
      [0.09243370664, 0.35588640403, 0.39567739087, 0.15600249845]
    ],
    [
      [0.31247821042, 0.57934843429, 0.079934142021, 0.028239213267],
      [0.037026332974, 0.90851987155, 0.021913495329, 0.032540300151],
      [0.0070395118775, 0.045509842138, 0.94355103629, 0.0038996096943],
      [0.036154546492, 0.79202390417, 0.02387192008, 0.14794962926],
      [0.11820671329, 0.35285428619, 0.35255212697, 0.17638687355]
    ],
    [
      [0.46064968586, 0.43843817416, 0.072219109237, 0.028693030742],
      [0.068064411878, 0.86544641991, 0.024896305091, 0.041592863121],
      [0.018922913097, 0.0077840954857, 0.96863167437, 0.0046613170483],
      [0.064076112832, 0.72726066325, 0.026148942987, 0.18251428093],
      [0.18451012341, 0.28439224961, 0.33991603393, 0.19118159306]
    ],
    [
      [0.39199777646, 0.49890536961, 0.076687169699, 0.032409684227],
      [0.051841261969, 0.88237068763, 0.023689945678, 0.042098104721],
      [0.010631558093, 0.028128304963, 0.95574127993, 0.0054988570174],
      [0.048789696505, 0.74127180454, 0.024874779065, 0.18506371989],
      [0.14833864761, 0.30596206284, 0.34101715356, 0.20468213598]
    ],
    [
      [0.50500678273, 0.38687481767, 0.075678620883, 0.032439778719],
      [0.078802607617, 0.77895130169, 0.090733604014, 0.051512486679],
      [0.012180772686, 0, 0.98607687309, 0.0017423542235],
      [0.071243598326, 0.67742545956, 0.028781641938, 0.22254930018],
      [0.19209855215, 0.24346840857, 0.34752308646, 0.21690995282]
    ],
    [
      [0.45223858082, 0.49751506686, 0.034840559476, 0.015405792848],
      [0.040714469413, 0.9308617567, 0.0098722902663, 0.018551483618],
      [0.043354937554, 0.1266210444, 0.81798457711, 0.012039440931],
      [0.043109488632, 0.84067652322, 0.0116755054, 0.10453848274],
      [0.19735753982, 0.41043412872, 0.22789444499, 0.16431388647]
    ],
    [
      [0.14410694343, 0.729392812, 0.087404634438, 0.039095610139],
      [0.011671530269, 0.94761976848, 0, 0.040708701253],
      [0.0025648509358, 0.11677932286, 0.87730546849, 0.0033503577097],
      [0.013044382867, 0.80054767717, 0.020910851293, 0.16549708867],
      [0.047392097835, 0.39245638708, 0.3422017379, 0.21794977719]
    ],
    [
      [0.43125420427, 0.46007523197, 0.084240480676, 0.024430083077],
      [0.059974132122, 0.82359769871, 0.084704916298, 0.031723252873],
      [0.0055287589883, 0, 0.99447124101, 0],
      [0.057987846423, 0.75686164524, 0.030174105676, 0.15497640266],
      [0.16524681129, 0.28957663767, 0.38540221825, 0.15977433279]
    ],
    [
      [0.38246647893, 0.51298291545, 0.069915538154, 0.034635067466],
      [0.046920372064, 0.90530351916, 0, 0.047776108775],
      [0.013586053397, 0.054914275873, 0.92789333886, 0.0036063318693],
      [0.043834173628, 0.73958934989, 0.021882747085, 0.1946937294],
      [0.14107891576, 0.31655937634, 0.31698321153, 0.22537849637]
    ],
    [
      [0.40322397144, 0.50094156789, 0.076720175033, 0.019114285638],
      [0.054945173887, 0.89588256831, 0.024023485697, 0.025148772102],
      [0.010902225471, 0.023630541687, 0.96395256036, 0.0015146724849],
      [0.055031510457, 0.80145559243, 0.026842860932, 0.11667003618],
      [0.16741928144, 0.33352887051, 0.36946580576, 0.12958604229]
    ],
    [
      [0.4975478329, 0.41516356641, 0.067008393179, 0.020280207514],
      [0.077128625722, 0.86738988193, 0.024408601321, 0.031072891029],
      [0.022712196371, 0.015517671322, 0.95921733984, 0.0025527924631],
      [0.075329724769, 0.75581829744, 0.026597982322, 0.14225399546],
      [0.21581110746, 0.2928315187, 0.34328826856, 0.14806910527]
    ],
    [
      [0.35879730823, 0.50567097901, 0.13553171276, 0],
      [0.045250087681, 0.63550042136, 0.31924949096, 0],
      [0, 0, 1, 0],
      [0.050125889182, 0.89794028902, 0.051933821803, 0],
      [0.045271451859, 0, 0.95472854814, 0]
    ],
    [
      [0.41776687938, 0.46434360254, 0.079624357373, 0.038265160708],
      [0.058643301006, 0.85489675742, 0.030767996993, 0.055691944585],
      [0.010791851973, 0, 0.98556242812, 0.0036457199042],
      [0.053244691521, 0.69981291496, 0.026221187879, 0.22072120564],
      [0.15320534786, 0.2744602488, 0.34087995053, 0.23145445281]
    ],
    [
      [0.46051522795, 0.43920410355, 0.073884135501, 0.026396532995],
      [0.068838780369, 0.8635538806, 0.028591568557, 0.039015770476],
      [0.016335957558, 0, 0.98095487647, 0.0027091659764],
      [0.065573052975, 0.73777008682, 0.027124006493, 0.16953285371],
      [0.18700386274, 0.2870523245, 0.34966199439, 0.17628181837]
    ],
    [
      [0.46614314277, 0.40852923826, 0.088219302588, 0.037108316381],
      [0.072315032399, 0.71658610417, 0.15794401029, 0.053154853137],
      [0.005340544541, 0, 0.99465945546, 0],
      [0.064671097004, 0.67060331244, 0.031633423806, 0.23309216675],
      [0.16851456371, 0.23799039805, 0.3721511985, 0.22134383975]
    ],
    [
      [0.32308305397, 0.51154169355, 0.1103170565, 0.055058195993],
      [0.039745755611, 0.71505375923, 0.18031292858, 0.064887556572],
      [0, 0, 1, 0],
      [0.034991139177, 0.66109432248, 0.031097560056, 0.27281697828],
      [0.096113987076, 0.24618196909, 0.3850439933, 0.27266005054]
    ],
    [
      [0.44690959953, 0.43279287975, 0.08490348562, 0.035394035103],
      [0.058648000097, 0.78074144279, 0.11262027623, 0.047990280885],
      [0.004001768947, 0, 0.99599823105, 0],
      [0.053204969338, 0.69303665174, 0.029205305403, 0.22455307351],
      [0.15183045947, 0.25357891252, 0.36663560535, 0.22795502266]
    ],
    [
      [0.44078501454, 0.45337653416, 0.080507616364, 0.025330834944],
      [0.063366098192, 0.84107083808, 0.059747722748, 0.035815340981],
      [0.0085907504065, 0, 0.99103288543, 0.00037636415905],
      [0.060899103531, 0.74932395683, 0.029027000767, 0.16074993887],
      [0.17312830517, 0.28870162707, 0.37200017739, 0.16616989037]
    ],
    [
      [0.48393477032, 0.42652128054, 0.072117460616, 0.017426488523],
      [0.073163970681, 0.87485032607, 0.025783023424, 0.02620267982],
      [0.011017039063, 0.0041060008458, 0.98371259966, 0.0011643604286],
      [0.072775233785, 0.77627853111, 0.028614235369, 0.12233199974],
      [0.20768237248, 0.2988814865, 0.36679948173, 0.12663665929]
    ],
    [
      [0.4699374121, 0.43284474533, 0.053459484044, 0.043758358528],
      [0.064641109267, 0.85427311835, 0, 0.081085772381],
      [0.04096045114, 0.12627997539, 0.80993955671, 0.022820016757],
      [0.056398809342, 0.66334472507, 0.017726845776, 0.26252961982],
      [0.17755434665, 0.27523125764, 0.25061063556, 0.29660376015]
    ],
    [
      [0.38486165095, 0.50772849757, 0.077334427159, 0.030075424326],
      [0.050518286368, 0.88728398774, 0.023604926517, 0.038592799372],
      [0.010061192532, 0.027981740896, 0.95760034955, 0.0043567170268],
      [0.048165633043, 0.75508974875, 0.025108715612, 0.1716359026],
      [0.14747467676, 0.31424004685, 0.3468941302, 0.19139114619]
    ],
    [
      [0.47890135431, 0.4352597726, 0.066281660009, 0.019557213088],
      [0.080632867754, 0.88920687106, 0, 0.030160261186],
      [0.013546286327, 0.019768375939, 0.96445818742, 0.002227150319],
      [0.071525513275, 0.77024506393, 0.02562610023, 0.13260332257],
      [0.21006160692, 0.30811446433, 0.33995340249, 0.14187052626]
    ],
    [
      [0.36100798209, 0.55209773396, 0.078682963822, 0.0082113201255],
      [0.044675162325, 0.92236287888, 0.02290552187, 0.010056436922],
      [0.0072489537347, 0.031257795153, 0.96115518206, 0.00033806904776],
      [0.047508635091, 0.87491863701, 0.027176993591, 0.050395734305],
      [0.15508831025, 0.38581423674, 0.39929345604, 0.059803996969]
    ],
    [
      [0.30586053443, 0.57429700315, 0.088892323078, 0.030950139344],
      [0.036560564639, 0.90317330109, 0.024467023227, 0.035799111044],
      [0.0026244509239, 0.017227696521, 0.97774242757, 0.0024054249839],
      [0.035271356307, 0.77818086829, 0.026333323101, 0.16021445231],
      [0.11050542672, 0.33314938738, 0.3731561295, 0.1831890564]
    ],
    [
      [0.38638196215, 0.5088641784, 0.075939593243, 0.028814266207],
      [0.05318184986, 0.90729807056, 0.00063873189713, 0.038881347684],
      [0.0080975089698, 0.020149828732, 0.96889030833, 0.0028623539636],
      [0.048439546318, 0.76117617359, 0.02479978386, 0.16558449623],
      [0.14951908173, 0.31909227607, 0.34545541056, 0.18593323164]
    ],
    [
      [0.3633791729, 0.51931519427, 0.076185398779, 0.041120234053],
      [0.045831949046, 0.89710347095, 0, 0.057064580003],
      [0.011090716644, 0.027982249375, 0.95688373693, 0.0040432970491],
      [0.041801397938, 0.7167102015, 0.022936433821, 0.21855196674],
      [0.12985268035, 0.30167093486, 0.32175584234, 0.24672054246]
    ],
    [
      [0.3739898556, 0.53084105687, 0.073670808461, 0.021498279068],
      [0.048212872334, 0.90297373638, 0.021924906089, 0.026888485193],
      [0.01162276858, 0.05821068438, 0.92664952085, 0.0035170261882],
      [0.048027181383, 0.80326543401, 0.024365863441, 0.12434152117],
      [0.1533683968, 0.35010557643, 0.35171050774, 0.14481551903]
    ],
    [
      [0.30353703422, 0.60441702361, 0.075768252507, 0.01627768966],
      [0.033256143607, 0.95025748632, 0, 0.016486370075],
      [0.0063016798025, 0.092922001323, 0.89916330146, 0.0016130174184],
      [0.035652986096, 0.85277178499, 0.02332435919, 0.088250869728],
      [0.12360419043, 0.40050201406, 0.3647887527, 0.1111050428]
    ],
    [
      [0.31164697533, 0.57728264812, 0.087075230256, 0.023995146292],
      [0.037342248044, 0.91076925367, 0.02404390807, 0.027844590219],
      [0.0032411735538, 0.026157213983, 0.96952626546, 0.001075347004],
      [0.037091291259, 0.80795700165, 0.026643647134, 0.12830805996],
      [0.11782847694, 0.35065794173, 0.382794955, 0.14871862633]
    ],
    [
      [0.33986212075, 0.55502489208, 0.083467798046, 0.021645189118],
      [0.042270818536, 0.90779868676, 0.023893375617, 0.026037119086],
      [0.0057066949358, 0.024195888605, 0.96870681577, 0.0013906006871],
      [0.042252787715, 0.81039898108, 0.026644411734, 0.12070381948],
      [0.13305194237, 0.34874577288, 0.37947164923, 0.13873063552]
    ],
    [
      [0.381184829, 0.51520371422, 0.077790760467, 0.025820696309],
      [0.049997287673, 0.89349549449, 0.023592318566, 0.032914899274],
      [0.010353411897, 0.032000665299, 0.9542478131, 0.003398109701],
      [0.048678577756, 0.77677193599, 0.025626314821, 0.14892317144],
      [0.14990652906, 0.32617173446, 0.35671692609, 0.16720481039]
    ],
    [
      [0.32541905154, 0.5669038923, 0.086745435587, 0.020931620566],
      [0.039585219057, 0.91127937746, 0.024394358065, 0.024741045421],
      [0.0035565461216, 0.018618323902, 0.97744325469, 0.00038187528391],
      [0.039761634809, 0.81741744805, 0.027336568319, 0.11548434883],
      [0.12545348278, 0.35185148498, 0.38984215382, 0.13285287842]
    ],
    [
      [0.41280735519, 0.50776746257, 0.067373815109, 0.012051367133],
      [0.055634366468, 0.907482874, 0.021052842499, 0.015829917033],
      [0.016550425758, 0.079933441731, 0.90190367341, 0.001612459104],
      [0.057769614311, 0.84137007342, 0.024389128644, 0.076471183626],
      [0.18610505406, 0.36921049183, 0.3549254226, 0.089759031505]
    ],
    [
      [0.45723553918, 0.46127412467, 0.065140342447, 0.016349993708],
      [0.064535420899, 0.89048376864, 0.021869075478, 0.023111734987],
      [0.024030432155, 0.060808771312, 0.91294115099, 0.0022196455463],
      [0.065046279003, 0.80029458346, 0.024594589793, 0.11006454775],
      [0.20121319341, 0.33274466803, 0.34264608487, 0.12339605369]
    ],
    [
      [0.29527755308, 0.59096406733, 0.087948411655, 0.025809967941],
      [0.03455579698, 0.91238554103, 0.023757786941, 0.029300875049],
      [0.0036585866305, 0.027471087672, 0.96718223463, 0.0016880910665],
      [0.034150154667, 0.80522449839, 0.026193724566, 0.13443162238],
      [0.10963491356, 0.35286566416, 0.38009075152, 0.15740867077]
    ],
    [
      [0.37831636645, 0.51264557028, 0.084473875708, 0.024564187558],
      [0.048938124232, 0.87144254551, 0.049439721978, 0.030179608277],
      [0.0072655973969, 0.018412157363, 0.97211084308, 0.0022114021637],
      [0.04883825581, 0.7801841537, 0.028101615301, 0.14287597519],
      [0.14600914086, 0.31838457138, 0.37985502098, 0.15575126678]
    ],
    [
      [0.33422650826, 0.56388343618, 0.088778768035, 0.013111287522],
      [0.041146008465, 0.91789208015, 0.026994751509, 0.013967159876],
      [0.0019100055047, 0.0030107107518, 0.99507928374, 0],
      [0.042777577854, 0.85210470137, 0.029314480022, 0.075803240751],
      [0.13406830923, 0.36414822918, 0.4151665689, 0.086616892679]
    ],
    [
      [0.27905031983, 0.59304123917, 0.096177139812, 0.031731301189],
      [0.032238511872, 0.9043140069, 0.027795542292, 0.035651938938],
      [0.00093797129802, 0, 0.9982212626, 0.00084076610686],
      [0.031117220747, 0.78121147216, 0.027685523893, 0.1599857832],
      [0.09693102094, 0.3317922438, 0.38960190884, 0.18167482642]
    ],
    [
      [0.34055624533, 0.55024478521, 0.084870812282, 0.024328157178],
      [0.042184696816, 0.90405648117, 0.024379662373, 0.029379159642],
      [0.0044937682883, 0.018432353494, 0.97585916777, 0.0012147104434],
      [0.041626682504, 0.79653491634, 0.026839517228, 0.13499888393],
      [0.12985124845, 0.33843740014, 0.37826312914, 0.15344822228]
    ],
    [
      [0.40612777258, 0.49726230557, 0.071952989263, 0.024656932592],
      [0.054928603704, 0.91046520951, 0, 0.034606186782],
      [0.015160392111, 0.032687654329, 0.94956109885, 0.0025908547132],
      [0.053552612522, 0.77491064862, 0.024500958512, 0.14703578034],
      [0.16552558177, 0.32654364689, 0.34228329327, 0.16564747806]
    ],
    [
      [0.3437434648, 0.54389653916, 0.080974046297, 0.031385949751],
      [0.042936004555, 0.89572059989, 0.023333964186, 0.03800943137],
      [0.0077461924373, 0.037715031569, 0.94947700162, 0.0050617743756],
      [0.041077275693, 0.76529825036, 0.024905063283, 0.16871941066],
      [0.12848118884, 0.32682638576, 0.3522061845, 0.1924862409]
    ],
    [
      [0.27371707196, 0.62862237088, 0.076330239878, 0.02133031729],
      [0.029953314231, 0.92733262979, 0.019635698412, 0.023078357565],
      [0.0063790265073, 0.090095011554, 0.90033312494, 0.003192837002],
      [0.030335225738, 0.83792745567, 0.022187221355, 0.10955009723],
      [0.10705781011, 0.399936552, 0.3525523148, 0.14045332308]
    ],
    [
      [0.32353541227, 0.55991632777, 0.082865640306, 0.033682619657],
      [0.03859197864, 0.91916890455, 0, 0.042239116815],
      [0.0062757686282, 0.020689695984, 0.96995609688, 0.0030784385085],
      [0.037166232263, 0.76248295476, 0.024652441987, 0.17569837099],
      [0.11747981467, 0.32821511045, 0.35202139002, 0.20228368485]
    ],
    [
      [0.39778907579, 0.50318590314, 0.074675841586, 0.024349179481],
      [0.055140264076, 0.90909771902, 0.0038041652955, 0.031957851605],
      [0.008255666705, 0.019971035692, 0.96934583211, 0.0024274654951],
      [0.0507767149, 0.77816454341, 0.02515451556, 0.14590422613],
      [0.1575672675, 0.32570782628, 0.35242712315, 0.16429778306]
    ],
    [
      [0.30465710722, 0.65757412567, 0.018407065017, 0.019361702089],
      [0.02048104993, 0.95765560864, 0.0039440718493, 0.01791926958],
      [0.012048894068, 0.059168776919, 0.92368491547, 0.0050974135389],
      [0.021930659876, 0.87074359649, 0.004720213827, 0.10260552981],
      [0.13256258976, 0.66512029775, 0.010792789532, 0.19152432296]
    ],
    [
      [0.37727696168, 0.46751611698, 0.10184412719, 0.053362794147],
      [0.050361041138, 0.71236424797, 0.16653850774, 0.070736203153],
      [0.0018520836478, 0, 0.9980464685, 0.0001014478538],
      [0.042944283084, 0.64382302168, 0.030541841163, 0.28269085407],
      [0.11622298909, 0.23471964841, 0.37148155744, 0.27757580507]
    ],
    [
      [0.54528218849, 0.36676407242, 0.087953739086, 0],
      [0.088326977392, 0.87602000189, 0.035653020719, 0],
      [0.0025869791839, 0, 0.99741302082, 0],
      [0.097806174901, 0.85813592954, 0.044057895556, 0],
      [0.24267557879, 0.16407398046, 0.59325044075, 0]
    ],
    [
      [0.4104389289, 0.45659831677, 0.10477083315, 0.028191921181],
      [0, 0.6008653211, 0.39393079411, 0.0052038847906],
      [0, 0, 1, 0],
      [0.051607562829, 0.73273950927, 0.035822793275, 0.17983013462],
      [0.1388721156, 0.25695295514, 0.42966991933, 0.17450500993]
    ],
    [
      [0.30561903316, 0.5691806097, 0.090074389438, 0.035125967701],
      [0.035181714911, 0.89953149826, 0.024720587725, 0.040566199103],
      [0.0036806828477, 0.013538812691, 0.98044120987, 0.0023392945909],
      [0.03330202185, 0.75870219341, 0.02610888638, 0.18188689836],
      [0.10475280864, 0.31977257773, 0.36813098516, 0.20734362847]
    ],
    [
      [0, 1, 0, 0],
      [0, 1, 0, 0],
      [0, 1, -0, 0],
      [0, 1, 0, 0],
      [0, 1, 0, 0]
    ],
    [
      [0.26002647396, 0.60783737558, 0.099624399011, 0.032511751449],
      [0.027625063226, 0.91113653097, 0.025798085081, 0.035440320719],
      [0.0013252433068, 0.00093022654334, 0.99774453015, 0],
      [0.026689005807, 0.78318876546, 0.027812077265, 0.16231015147],
      [0.085300402801, 0.33124582692, 0.40201947172, 0.18143429856]
    ],
    [
      [0.23411053052, 0.61472522971, 0.098928216956, 0.052236022815],
      [0.025337451174, 0.89375215941, 0.025122625551, 0.055787763867],
      [0.0015490125051, 0.0046585350745, 0.98823327606, 0.00555917636],
      [0.022782132288, 0.71737112904, 0.025202765424, 0.23464397325],
      [0.071446749413, 0.30504534831, 0.35611985818, 0.2673880441]
    ],
    [
      [0.31598451597, 0.56690163136, 0.092761374352, 0.024352478319],
      [0.038571373645, 0.89881954536, 0.034348603669, 0.028260477324],
      [0.0020084778576, 0, 0.99799152214, 0],
      [0.038181586126, 0.80179822588, 0.028696206626, 0.13132398136],
      [0.11720826093, 0.33691471842, 0.39865204399, 0.14722497667]
    ],
    [
      [0.42868462982, 0.4733567133, 0.068678582451, 0.029280074429],
      [0.059777759211, 0.87805386822, 0.022263303563, 0.039905069011],
      [0.018935537869, 0.054042186932, 0.91967467289, 0.0073476023138],
      [0.056686053274, 0.74334798897, 0.023553767942, 0.17641218981],
      [0.1726174224, 0.30792579235, 0.32381744499, 0.19563934026]
    ],
    [
      [0.42576512593, 0.47592064671, 0.067301307451, 0.031012919908],
      [0.059769806968, 0.87650794326, 0.021702051234, 0.042020198541],
      [0.023241114969, 0.061909669664, 0.90541460599, 0.0094346093779],
      [0.056305716527, 0.73751594106, 0.022807715132, 0.18337062728],
      [0.17199633503, 0.30820967741, 0.31526286465, 0.2045311229]
    ],
    [
      [0.37199233375, 0.51492127225, 0.076116083155, 0.036970310845],
      [0.047753373226, 0.88294603873, 0.022774877054, 0.046525710987],
      [0.01135846876, 0.041058429283, 0.94059926635, 0.0069838356081],
      [0.044245031778, 0.73001981603, 0.02354269324, 0.20219245895],
      [0.13690159632, 0.30648611671, 0.32873783153, 0.22787445543]
    ]
  ],
  "expected_outcome": [
    [
      [0.41394750643, 0.79735352141, 18.2232573846, 1.0114380094, 6.3134756927, 1.3477096921, 9.3444525628, 4.7689078501, 6.881934572, 0.82535288145, 2.4143285331, 2.0136827586, 17.3081040719, 12.8116066273, 8.2916943455, 4.7039733176, 3.5350474791, 0.45223858082, 1.008748604, 1.2937626128, 0.76493295786, 41.9352930293, 6.9656696606, 1.7939865412, 10.0264051052, 14.7364872945, 12.1197217121, 4.5231627555, 0.89381919906, 6.1709902035, 2.4196738516, 1.8797496484, 8.8518179717, 9.0991257318, 6.1371356956, 22.3278190136, 4.6365835458, 4.3605500748, 13.8376246573, 0.91061110265, 15.5823487666, 28.2085560223, 12.960284186, 10.0879905978, 9.4945691694, 4.1151198526, 11.2205470169, 7.9446436955, 10.3610217561, 9.4877108742, 9.1950186238, 10.1531943144, 11.6872778031, 3.0108877915, 6.7942436577, 4.7734689095, 0.30465710722, 3.0182156935, 2.181128754, 2.8730725023, 2.4449522653, 0, 0.52005294792, 1.8728842442, 55.2972902942, 10.7171157454, 60.0328827562, 10.7877776789],
      [0.47434624959, 1.7769616171, 17.0234737993, 1.7132145639, 5.5974903398, 2.3302880983, 17.2595762805, 7.6787320736, 18.1309562377, 3.4796616017, 2.8726206565, 8.6180856877, 41.5243442354, 23.7532858059, 7.8918871349, 5.9868644353, 2.7081237237, 0.49751506686, 5.105749684, 1.3802256959, 1.0259658309, 52.0979230609, 5.8122899297, 2.528354895, 11.1442464609, 14.0545313136, 10.6217601947, 7.1615837096, 0.8655857595, 6.3472714782, 2.1326064027, 1.7313789813, 11.6777554441, 8.2699356794, 9.3856614773, 41.9236812296, 6.1063701408, 6.2317823312, 19.6411191041, 1.8132510708, 28.8641324059, 46.067066043, 17.5169262836, 17.5740206614, 11.678651639, 4.151467122, 22.4566345584, 10.7655569759, 17.4803865216, 20.1634021318, 14.8566092008, 12.4315576392, 18.4924823313, 6.9148460796, 11.7582428831, 6.0382308377, 0.65757412567, 3.7401289358, 1.4670562897, 3.1961882174, 4.5534448776, 0, 1.2156747512, 4.9178018377, 99.2077854884, 11.8339178326, 67.1048111862, 14.9327168951],
      [0.097208519163, 0.3314530979, 2.9420216607, 0.27534742671, 1.0020451511, 0.23796490544, 2.5669582537, 1.1685394714, 1.8298196205, 0.48233078222, 0.46910046494, 0.88407262019, 6.3817859084, 3.2772998229, 1.2999439663, 0.92024603639, 0.52975034618, 0.034840559476, 0.61183244107, 0.25272144203, 0.13983107631, 7.9788982034, 0.9381175045, 0.6776585638, 1.9109845769, 2.364292336, 2.2937018673, 1.5444387909, 0.16980697124, 1.1271066291, 0.36058730308, 0.21383793617, 1.7786918247, 1.2593515402, 1.337610385, 6.4891395847, 0.91127511892, 0.91422478535, 2.7258199131, 0.22730475752, 4.3537615128, 6.9278272379, 2.6448858559, 2.6891085032, 1.5495977475, 0.58626308202, 3.3420396429, 1.7739513899, 2.7521418091, 3.2700227536, 2.2915119316, 1.7988247316, 2.7531175741, 0.83963263865, 1.7401784464, 0.89611009903, 0.018407065017, 0.81475301754, 0.35181495634, 0.73339583205, 0.7205951155, 0, 0.19924879802, 0.79142573565, 16.2332405115, 1.7169645613, 9.4894843506, 2.2073664115],
      [0.014497724813, 0.09423176358, 0.81124715543, 0, 0.08698881646, 0.084037304255, 0.82901290289, 0.38382060498, 1.1572895698, 0.21265473462, 0.24395034543, 0.48415893348, 1.7857657843, 1.157807744, 0.51647455335, 0.38891621072, 0.22707845103, 0.015405792848, 0.27366927097, 0.073290249232, 0.069270134931, 1.9878857064, 0.28392290519, 0, 0.91836385699, 0.84468905584, 0.96481622592, 0.7708147439, 0.070788070205, 0.35463168922, 0.087132442617, 0.17503343411, 0.6917347595, 0.37158704868, 0.13959244213, 2.2593601721, 0.34577119448, 0.49344280863, 0.79543632552, 0.048833068981, 1.1997573146, 1.7965506968, 0.87790367449, 0.64888023754, 0.27718144407, 0.14714994337, 0.98077878175, 0.51584793872, 0.40644991318, 1.0788642404, 0.65686024381, 0.61642331481, 1.0671222915, 0.23463349019, 0.7073350128, 0.29219015378, 0.019361702089, 0.42690235318, 0, 0.19734344827, 0.28100774161, 0, 0.065023502899, 0.41788818252, 4.2616837059, 0.73200186073, 4.372821707, 1.0721390145]
    ],
    [
      [0.86908706768, 0.52989741849, 6.0513342293, 0.83953804982, 2.1430269481, 0.51008875341, 17.4505069371, 9.1188379799, 1.1145237768, 0.31109463995, 2.3446062418, 0.26555169002, 11.1396554146, 5.1466602834, 6.1938614809, 6.2727926982, 2.4428808361, 0.040714469413, 0.82867864911, 2.3389911528, 1.9237352546, 30.1649004641, 4.7048461691, 0.36200070145, 11.8459468032, 15.9017582652, 8.2439136935, 2.146270803, 0.52783200087, 4.2455285788, 4.6093301529, 1.2928221853, 4.9002737777, 16.2878392863, 2.4124587655, 12.3574708481, 7.179549731, 4.6748588027, 11.6193022324, 3.7246880839, 14.3767654969, 12.7235163794, 8.9995117812, 10.6088387073, 9.6247453989, 3.0977002032, 8.9153956209, 16.5410859903, 7.8588876168, 6.1253172557, 7.5932454268, 11.8645784002, 12.1079532845, 2.066778682, 6.9851481338, 3.5289769008, 0.02048104993, 1.6115533164, 0.35330790957, 0, 1.0906331622, 0, 0.49725113806, 3.3192061037, 36.6428049625, 7.7711086974, 33.8894805507, 3.6292563652],
      [11.4904176156, 16.3123210987, 75.0568947235, 19.8119583023, 24.4561496524, 15.1610051095, 442.237452773, 198.6410044858, 39.3531260473, 18.4271044746, 38.1952845578, 15.8086380484, 351.2972219171, 126.2842621448, 78.7556242118, 106.7668532035, 24.1474903524, 0.9308617567, 67.2810035619, 32.1203102496, 37.1174442856, 491.8395300039, 52.9107827975, 5.0840033709, 172.6891449982, 199.4809464181, 81.6908158755, 38.6129029987, 7.0266729851, 56.3517461513, 55.1155705427, 17.085462367, 86.0665468111, 179.6197879541, 49.8075954597, 305.2725757683, 122.4852395255, 91.504554037, 217.6166704686, 106.4288384676, 350.6461626618, 273.2474047149, 160.8291890077, 244.2228731586, 156.994537202, 42.7432208945, 235.3954695857, 294.5475803834, 175.3173873086, 171.8196613106, 162.7301666104, 196.660485255, 252.5932091687, 63.9859514556, 166.3695717228, 58.1822540176, 0.95765560864, 22.7956559351, 3.5040800076, 4.8069225688, 27.8854764461, 3, 16.4004575575, 117.0815328825, 853.878568095, 114.147002868, 496.9800038267, 67.1038989437],
      [3.5940460064, 0.52724187024, 2.2654765675, 1.3485036479, 2.2217105891, 0, 5.9215273439, 3.9936728768, 0.6918201951, 0.44175535311, 1.0852450154, 0.27980888305, 9.4508145911, 3.0459758508, 2.2655637633, 2.8664834271, 2.8127417244, 0.0098722902663, 0, 3.3034917356, 0, 13.1888936479, 1.4889246806, 2.5539959277, 6.2151353925, 6.6046523367, 18.0056171735, 9.7368981435, 1.0135824861, 4.0030974241, 1.6243304757, 0, 2.2896778721, 0, 1.236898181, 8.2698538506, 0.086228806113, 0, 5.2839023674, 0, 9.256904607, 7.1919060607, 4.2466173419, 6.5376879615, 3.6421417524, 1.0497156229, 6.1295090308, 16.7106260287, 5.1559975382, 5.2811530355, 4.3883392272, 0, 6.5801779006, 1.3548631904, 0, 0.24346657891, 0.0039440718493, 5.3292322476, 0.14261208288, 3.1514463528, 0.76633821947, 0, 0.46436553145, 3.2910639471, 32.6311734851, 2.8942294632, 12.3050630496, 1.7308906561],
      [0.046449310338, 0.63053961259, 2.6262944797, 0, 0.17911281037, 0.32890613707, 15.390512946, 7.2464846575, 1.8405299808, 0.82004553229, 2.3748641851, 0.64600137858, 11.1123080772, 4.523101721, 3.784950544, 5.0938706713, 1.5968870871, 0.018551483618, 2.890317789, 1.237206862, 1.9588204598, 13.8066758841, 1.8954463528, 0, 11.2497728061, 9.0126429801, 6.0596532576, 3.5039280549, 0.43191252796, 2.3996278457, 1.6507688287, 1.6217154476, 3.7435015391, 6.0923727596, 0.54304759381, 12.100099533, 5.2489819374, 5.8205871603, 6.4801249315, 1.8464734484, 10.7201672344, 7.837172845, 5.9246818692, 6.6306001727, 2.7385756467, 1.1093632794, 7.5596257627, 10.2007075976, 2.6677275363, 6.7738683982, 5.2882487355, 7.4749363449, 10.7186596462, 1.592406672, 7.6452801434, 2.0453025027, 0.01791926958, 2.2635585009, 0, 0.041631078325, 1.2575521722, 0, 0.63792577294, 7.3081970666, 26.8474534575, 5.1876589714, 23.8254525729, 3.535954035]
    ],
    [
      [0.0076220537138, 0.18535845109, 4.0528547046, 0.011998642148, 1.2074098445, 0.044760414634, 1.7055727409, 0.92730833321, 1.9598058481, 0.19248198659, 0.80622284801, 0.19390256994, 1.4858014523, 3.1537013211, 2.1950579193, 1.8392595501, 0.81611176999, 0.52025925065, 0.15645590708, 0.81272757127, 0.25813501454, 11.3601189403, 2.6573269754, 0, 2.6440037335, 4.4597164133, 2.7557209832, 0, 0.2040902163, 1.3573385642, 2.269510047, 0.77824857165, 2.7768891389, 2.6279795474, 1.174330505, 1.3227232656, 0.97170107638, 0.69871514857, 4.7537123492, 0.43481590637, 1.2575753389, 4.1430605234, 2.4951722671, 0.98160672957, 3.5417911123, 1.1774911756, 1.7085599565, 1.8018681544, 0.59974172849, 0.34517343767, 0.84932220649, 3.0623992064, 2.780883085, 0.91220079054, 1.0668806668, 0.35499366831, 0.012048894068, 0.35560006037, 0.32854635636, 0, 0.65516154689, 0, 0.11132043777, 0.20601866318, 3.892430088, 3.6734943466, 20.3824578277, 1.8173550016],
      [0, 0, 0.50381818389, 0, 0, 0.1566009567, 5.8756412676, 2.800669061, 20.1513823346, 3.7079341419, 0.9749481171, 6.1831224904, 12.4197720327, 20.3884092777, 0.90295507634, 4.8661967586, 0, 1.5194525329, 7.1235386946, 0, 1.0433712416, 24.6230244373, 1.8155675446, 0, 0, 0, 0, 0, 0, 0, 0.84583617423, 2.3993195324, 7.7229604872, 3.8350649321, 5.0637628147, 8.6827590466, 2.4179794478, 1.7628817106, 23.8081699114, 6.4116180913, 10.1489990256, 17.5662151272, 7.7121603371, 5.138657397, 17.1057565305, 2.9796297943, 12.8289979429, 4.5662150261, 0.94536317608, 0, 3.4837148105, 6.6029061745, 13.5396963332, 12.8835866523, 3.5172483173, 0.85875453476, 0.059168776919, 0, 0, 0, 2.409908659, 0, 0.07813902964, 0.61958516491, 0, 10.4841842647, 54.2947802954, 6.5693486853],
      [92.9923779463, 190.8146415489, 274.1420458948, 68.9880013579, 143.7925901555, 5.7842988881, 279.7115001, 136.9209951572, 135.5097092723, 122.6552783239, 74.5159453109, 47.1153147612, 923.4808131595, 422.7108642581, 112.3612742268, 165.3432414273, 66.067150497, 9.8158149253, 53.515633578, 146.1872724287, 17.6299734384, 1004.4385678931, 112.2284287618, 70, 241.46279489, 267.8006812751, 513.2442790168, 286, 50.7959097837, 156.5831958986, 202.6447955305, 15.3888515776, 264.2976964746, 187.1048883586, 155.7071394945, 492.7821834958, 116.2668370002, 60.2836754267, 378.9996540285, 62.0422678005, 376.176190998, 703.2811482505, 229.9737229578, 269.7743382951, 193.007386109, 44.7341163983, 451.6741035726, 241.0834890829, 312.4548950954, 367.345424635, 184.4373827093, 191.8113419669, 340.862243581, 128.7476368659, 164.8925364695, 41.6818707806, 0.92368491547, 191.6249219517, 126.6714536436, 53, 174.518535357, 0, 83.8105405326, 131.435025716, 1934.107569912, 178.4168865398, 794.0486094525, 150.4958826157],
      [0, 0, 0.30128121677, 0, 0, 0.014339740603, 0.70728589151, 0.35102744857, 2.379102545, 0.4443055476, 0.70288372402, 0.50766017846, 0.61361335556, 1.747025143, 0.5407127776, 0.95130226402, 0.11673773297, 0.14447329117, 0.20437182029, 0, 0.068520305516, 1.5782887292, 0.29867671818, 0, 0.89320137652, 0.73960231155, 0, 0, 0, 0.059465537129, 0.2398582483, 0.43358031839, 1.2024538994, 0.43206716189, 0.054767185737, 1.2123341919, 0.34348247563, 0.25472771409, 1.438463711, 0.11129820187, 0.41723463753, 1.0095760988, 0.81894443795, 0.10539757836, 0.34506624826, 0.10876263177, 0.78833852808, 0.5484277366, 0, 0.30940192733, 0.2295802738, 0.52335265208, 1.8171770009, 0.45657569129, 0.52333454644, 0.10438101629, 0.0050974135389, 0.01947798793, 0, 0, 0.41639443718, 0, 0, 0.73937045588, 0, 1.4254348489, 8.2741524244, 1.1174136973]
    ],
    [
      [0.22185037361, 0.17082132023, 1.2401988743, 0.16962493074, 0.62623255248, 0.14656858702, 5.5852045745, 3.2486972259, 0.17094865656, 0.058918592008, 0.57671023638, 0.014949054394, 1.9576234914, 0.68693638334, 3.075653416, 0.58547635806, 0.28497439331, 0, 0.24784327447, 0.7538420035, 0.21917086814, 7.9245375058, 1.3559350458, 0.30075533509, 2.1297876609, 3.8688101255, 2.7808571712, 0.52486708766, 0.15961490802, 1.3397802777, 0.5094266365, 0.45119047474, 0.86698139478, 2.0027143717, 0.57010362109, 2.1515527347, 0.72659319477, 0.66882236701, 2.5934677947, 0.35652986096, 2.2996600581, 2.6196728383, 1.801107377, 1.5507037575, 1.9641668866, 0.39027767402, 1.8099581973, 2.7837805812, 1.1977721799, 1.6492126996, 1.2071737926, 1.9814466633, 2.2181728874, 0.33368748312, 1.7468129164, 0.6093205788, 0, 0.64416424625, 0.1956123498, 0.15482268849, 0.1332080874, 0, 0.08006701742, 0.3872962489, 9.5835781178, 2.0406979179, 4.3918458891, 0.57518541312],
