{
  "Z_true": {},
  "V_true": [
    [84, 91, 948, 384],
    [815, 205, 14371, 937],
    [1485, 12369, 2042, 559],
    [1517, 261, 584, 74],
    [166, 288, 502, 332],
    [180, 264, 637, 440]
  ],
  "p_true": [
    [0.0557, 0.0604, 0.6291, 0.2548],
    [0.0499, 0.0126, 0.8801, 0.0574],
    [0.0902, 0.7517, 0.1241, 0.034],
    [0.6227, 0.1071, 0.2397, 0.0304],
    [0.1289, 0.2236, 0.3898, 0.2578],
    [0.1183, 0.1736, 0.4188, 0.2893]
  ],
  "Z_est": [
    [
      [6.5092, 6.1432, 5.2057, 2.3788, 1.5977, 7.8891, 1.0451, 3.4707, 0.5247, 0, 0.5501, 5.8263, 7.6407, 6.6358, 2.9548, 12.475, 10.1724, 12.8996, 11.1592, 4.3385, 2.5867, 9.6292, 21.5088, 6.5567, 1.8723, 1.824, 3.6819, 1.595, 4.7458, 14.8579, 27.6917, 8.8475, 6.6832, 12.888, 1.642, 3.4375, 4.1253, 12.2649, 1.7439, 4.0453, 5.4643, 1.0961, 1.1574, 12.5287, 3.6161, 18.5324, 0.3938, 19.4774, 1.2449, 19.5413, 7.2108],
      [5.4762, 6.045, 3.4576, 2.2714, 1.8405, 7.8749, 1.4878, 2.9175, 0.6852, 0, 0.4717, 5.7857, 3.125, 5.5343, 4.2236, 4.7836, 3.8061, 5.996, 3.6679, 4.1733, 3.3413, 9.6522, 14.8557, 5.2686, 1.7539, 1.0873, 4.0017, 0.606, 2.952, 8.4206, 11.2646, 3.9069, 3.9213, 5.9634, 1.3538, 2.4341, 3.6135, 8.5577, 1.7484, 3.3807, 2.6639, 2.8062, 0.7348, 5.7515, 3.1469, 9.5137, 0.4171, 13.3673, 1.5845, 14.2505, 5.2183],
      [7.1674, 6.1542, 5.9395, 2.7491, 1.8209, 10.683, 2.4376, 3.1516, 0.9829, 0, 0.3635, 3.9389, 2.8175, 4.8645, 3.0184, 8.8246, 6.7048, 11.7126, 8.604, 4.59, 2.2184, 8.9333, 15.8013, 7.9913, 2.127, 2.2702, 5.1875, 1.477, 6.7857, 10.4025, 14.4069, 4.7178, 4.3164, 7.1946, 2.1851, 3.5865, 5.1642, 15.4748, 3.5758, 2.8714, 4.1566, 1.1804, 0.5486, 7.0363, 2.0526, 15.4406, 0.3265, 15.5638, 1.1072, 16.8238, 8.1096],
      [13.8472, 12.6576, 10.3972, 6.6007, 3.7409, 21.553, 3.0295, 7.4602, 3.8073, 0, 1.6147, 7.4492, 6.4167, 6.9654, 4.8031, 14.9168, 12.3167, 17.3918, 14.5689, 4.8983, 4.8536, 23.7852, 36.8341, 13.1834, 8.2467, 5.8185, 10.1289, 3.322, 14.5164, 16.319, 31.6368, 10.5278, 11.0791, 16.954, 6.819, 7.5419, 9.097, 21.7026, 5.9319, 6.7026, 5.7152, 1.9173, 1.5592, 23.6834, 4.1845, 28.5133, 1.8627, 29.5916, 4.0634, 72.3844, 15.4613]
    ],
    [
      [11.9526, 12.0665, 11.2592, 6.6089, 2.4858, 9.1002, 0, 10.2117, 0, 0.3907, 0.674, 5.6529, 9.6697, 4.464, 2.3338, 25.7541, 22.1678, 26.7641, 17.7981, 2.2054, 3.2636, 3.9042, 16.5104, 11.3495, 4.3071, 4.6952, 3.0592, 1.0438, 3.0564, 19.6515, 46.3427, 10.1234, 12.4989, 16.4957, 3.6815, 12.0396, 7.4236, 18.4126, 1.2714, 4.7005, 3.5648, 0.2802, 3.8624, 7.6612, 4.6385, 20.3806, 4.1687, 28.469, 3.3871, 29.3424, 2.436],
      [1.1789, 1.8919, 1.0775, 0.8606, 0.5431, 2.2467, 0.5053, 0.9368, 0.0104, 0, 0, 1.0676, 1.2675, 0.4802, 0.9505, 2.9256, 2.5616, 3.575, 3.6549, 0.1834, 1.1123, 0.5441, 1.1445, 1.4411, 0.8168, 0.4528, 0.8752, 0, 0.5394, 1.2255, 5.1816, 0.853, 0.764, 1.3576, 0.6642, 0.7413, 0.9737, 3.1617, 1.5636, 0.525, 0.1509, 0.1986, 0.4142, 0.4005, 0.7925, 1.4811, 0.865, 1.8175, 1.245, 3.2444, 0.118],
      [445.5202, 413.3657, 415.5884, 277.7013, 107.1225, 502.8648, 88.7885, 303.3498, 20.1465, 12.333, 14.2836, 123.821, 127.4307, 105.1591, 90.1265, 635.3795, 522.7309, 784.2243, 488.2737, 59.8638, 98.1002, 120.5014, 388.6847, 472.6689, 176.5805, 194.2599, 194.4133, 31.1281, 155.1912, 448.1491, 877.3503, 188.3544, 261.7295, 317.7744, 181.4051, 408.7692, 331.2175, 760.5234, 171.6791, 107.4023, 88.1219, 12.5005, 58.7326, 141.1819, 84.4031, 551.4899, 96.4432, 729.3977, 107.1543, 790.517, 89.2986],
      [46.3483, 45.6759, 39.0749, 35.8291, 11.8486, 54.7883, 5.7062, 38.5017, 3.8431, 2.2763, 3.0424, 12.4585, 15.6321, 7.8967, 7.5892, 56.9408, 51.5398, 60.4366, 44.2733, 2.7474, 11.5239, 17.0503, 48.6605, 41.5405, 33.2956, 26.5921, 20.6523, 3.828, 18.2131, 36.9739, 104.1255, 22.6693, 36.0077, 40.3722, 29.2492, 46.4498, 31.3852, 54.9023, 15.486, 13.3721, 6.1623, 1.0207, 8.9908, 24.7564, 9.1659, 54.6484, 24.5232, 74.3159, 20.2137, 168.8962, 9.1474]
    ],
    [
      [28.0665, 39.0373, 19.6229, 10.2166, 6.6918, 28.1384, 1.3804, 29.7526, 0.4713, 1.6726, 0.7256, 21.9441, 30.6369, 24.3669, 5.3782, 46.657, 47.2921, 68.0749, 41.4692, 9.4034, 7.5894, 27.4799, 46.8474, 26.6162, 7.5782, 7.2783, 7.701, 3.4935, 5.6629, 66.8125, 106.9647, 30.6999, 29.2225, 44.463, 12.3456, 19.3642, 14.0244, 47.0964, 8.3643, 19.0959, 8.2988, 0.1234, 6.1015, 10.8678, 14.3527, 59.853, 4.4963, 84.1311, 5.5726, 70.078, 7.8571],
      [360.8203, 603.1144, 196.6887, 151.7694, 128.712, 458.7369, 44.425, 378.9663, 13.7895, 5.9002, 9.4196, 331.258, 208.6821, 302.1607, 137.1998, 272.5632, 271.9082, 475.4143, 208.3019, 144.0035, 163.8155, 438.0676, 483.5674, 326.6655, 110.3463, 66.608, 138.8529, 20.5774, 54.37, 571.0833, 680.9401, 213.0807, 258.7429, 319.206, 160.1728, 207.1315, 189.6692, 495.106, 149.9213, 239.1476, 62.1104, 61.3842, 59.7591, 76.3304, 186.4052, 462.1797, 80.7252, 862.2653, 114.9869, 756.1882, 86.7172],
      [65.5787, 84.8488, 46.5338, 25.3341, 17.2612, 87.0548, 9.8921, 56.4995, 2.4468, 2.0697, 0.7012, 27.225, 25.4834, 36.1022, 12.82, 69.9106, 66.5902, 128.789, 67.296, 22.5931, 13.2955, 55.2099, 70.9737, 68.9016, 19.3578, 18.8455, 24.8854, 6.3263, 16.9143, 99.5311, 122.5124, 35.6935, 39.2548, 53.6296, 36.2454, 42.0557, 37.4961, 124.7491, 41.4809, 26.5795, 13.2913, 1.9642, 5.4497, 12.8752, 14.0668, 103.919, 9.7785, 139.8309, 10.9007, 133.3018, 18.2614],
      [3.5344, 4.9995, 2.1547, 1.6799, 1.335, 5.0699, 0.3025, 3.7816, 0.2924, 0.3576, 0.1537, 1.5728, 2.1976, 0.3701, 0.602, 2.8691, 3.2094, 3.7217, 2.9329, 0, 1.2996, 4.2425, 4.6115, 2.8168, 0.7177, 1.2682, 1.5608, 0.6028, 1.0529, 2.5731, 7.5828, 2.5259, 2.7798, 3.7014, 2.2363, 2.4487, 1.8103, 3.0485, 2.2335, 2.177, 0.2995, 0.5283, 0.6896, 0.9266, 1.1752, 5.0483, 0, 6.7726, 0.5398, 1.432, 1.1644]
    ],
    [
      [39.8594, 43.4005, 39.6971, 15.6441, 10.4834, 31.5676, 2.1319, 27.8942, 0.4843, 1.5149, 0.722, 19.3656, 21.0098, 30.7969, 7.8452, 70.1746, 76.4561, 66.8749, 44.6012, 6.7129, 15.2868, 12.4714, 63.9957, 38.5253, 19.5212, 11.396, 18.739, 3.2637, 15.623, 47.5561, 153.7237, 38.2128, 52.3829, 52.5012, 13.6152, 19.4921, 27.2248, 48.528, 10.3834, 19.8615, 13.1057, 5.1616, 18.315, 24.9928, 13.8068, 74.9771, 9.4765, 105.3777, 13.0519, 69.2085, 10.7006],
      [2.0447, 2.6168, 1.6102, 0.9055, 0.7312, 1.928, 0.1795, 1.4277, 0.034, 0.0131, 0.0312, 1.1844, 0.5412, 1.5764, 0.6807, 1.6744, 1.7949, 1.9275, 0.9307, 0.39, 1.217, 0.7606, 2.6971, 1.893, 1.113, 0.4106, 1.2406, 0.0707, 0.5934, 1.6457, 3.9337, 1.0432, 1.8719, 1.4968, 0.6836, 0.8382, 1.4523, 2.0833, 0.6466, 1.0124, 0.3831, 0.8042, 0.7101, 0.6938, 0.7383, 2.3615, 0.6048, 4.414, 1.0162, 3.0936, 0.4659],
      [23.3725, 23.1656, 24.0863, 9.5774, 6.2954, 22.7514, 2.5696, 13.466, 0.4249, 0.4198, 0.215, 6.9525, 4.0902, 11.9913, 4.2212, 26.457, 26.8643, 32.3905, 18.2893, 3.7501, 6.9197, 6.1492, 25.0741, 25.0135, 11.7199, 7.4712, 13.9759, 1.5358, 11.8163, 17.7486, 42.7288, 10.8136, 17.9838, 15.5917, 9.5847, 10.8043, 18.1076, 32.6642, 11.2614, 7.4646, 5.2473, 2.8599, 4.471, 7.3884, 4.1353, 33.3139, 4.102, 44.9495, 6.1063, 31.6255, 6.3715],
      [1.7234, 1.817, 1.6065, 0.873, 0.4901, 1.753, 0.119, 1.2121, 0.0568, 0.0522, 0.0318, 0.4975, 0.3587, 0.6355, 0.2529, 1.6939, 1.8848, 1.8071, 1.1788, 0.147, 0.5765, 0.6188, 2.233, 1.5682, 1.6459, 0.7222, 1.0445, 0.1299, 0.9673, 1.0497, 3.6138, 0.9304, 1.7614, 1.4103, 1.1165, 0.8653, 1.2153, 1.7246, 0.7086, 0.6615, 0.2639, 0.1743, 0.5039, 0.9249, 0.3196, 2.3475, 0.8167, 3.2588, 0.8255, 5.0724, 0.462]
    ],
    [
      [0.9621, 1.6549, 0.7286, 0.5841, 0.2884, 1.9031, 0.1401, 1.1677, 0.0376, 0.0532, 0, 0.5853, 1.0797, 0.5469, 0.3018, 1.6889, 1.9575, 2.0705, 1.2693, 0.1878, 0.3402, 0.6372, 3.1066, 1.6171, 1.3563, 0.5196, 0.6596, 0.3068, 0.2357, 3.1704, 5.6056, 1.299, 1.7132, 3.4433, 0.3698, 0.6063, 0.9335, 2.4236, 0.2503, 0.9175, 0.3223, 0.101, 0.1982, 0.4916, 0.4499, 1.6993, 0.1041, 4.9983, 0.4128, 2.3393, 0.2145],
      [4.8878, 9.8544, 2.9199, 3.3813, 2.0238, 11.6256, 1.2794, 5.9278, 0.3073, 0.0671, 0, 3.5092, 2.6792, 2.7548, 2.6298, 3.9106, 4.4302, 5.8014, 2.5184, 1.0955, 2.6668, 3.8537, 12.9323, 7.861, 7.7887, 1.8756, 4.4085, 0.7134, 0.8848, 10.8447, 13.8024, 3.4762, 6.0707, 9.6699, 1.8484, 2.5919, 4.9573, 10.203, 1.5415, 4.6346, 0.9554, 1.6363, 0.768, 1.3665, 2.37, 5.2587, 0.6684, 20.6651, 3.199, 10.2615, 0.9413],
      [17.8695, 28.0143, 14.0218, 11.4354, 5.6076, 44.02, 5.8993, 17.8887, 1.2392, 0.6941, 0, 6.7098, 6.7821, 6.7818, 5.2806, 20.1578, 21.8019, 31.6559, 16.5503, 3.3785, 4.9731, 9.9973, 38.4424, 33.3011, 26.3282, 10.9604, 15.9795, 4.9734, 5.7299, 37.4057, 49.2709, 11.7419, 18.671, 32.5853, 8.3338, 10.6719, 19.8006, 51.5079, 8.83, 11.0251, 4.1822, 1.9771, 1.61, 4.6544, 4.3493, 23.8521, 1.4552, 67.1716, 6.2446, 33.5447, 4.1117],
      [3.2806, 5.4764, 2.3297, 2.5992, 1.0802, 8.4513, 0.6812, 4.0157, 0.4159, 0.1857, 0, 1.1957, 1.459, 0.9165, 0.7878, 3.2428, 3.8104, 4.4722, 2.662, 0.3382, 1.0199, 2.5118, 8.5187, 5.2208, 9.5268, 2.6445, 2.9524, 1.0064, 1.1496, 5.5793, 10.3211, 2.4829, 4.5452, 7.3015, 2.448, 2.1298, 3.3086, 6.8654, 1.3781, 2.4227, 0.54, 0.2856, 0.4238, 1.4875, 0.8308, 4.1899, 0.7722, 12.1651, 2.1436, 13.8545, 0.7325]
    ],
    [
      [10.6501, 8.6976, 6.4865, 6.5675, 3.4529, 12.4016, 0.3025, 7.503, 0.4821, 0.3687, 0.3284, 7.6257, 5.9632, 6.1894, 3.1863, 19.2504, 22.9541, 24.316, 9.7029, 4.1521, 4.9332, 3.8781, 19.0311, 12.3352, 4.3649, 3.2869, 5.1593, 0.2972, 3.6763, 16.9516, 49.6715, 12.8174, 15.4993, 17.2088, 5.3459, 11.0602, 5.2685, 14.2745, 1.9867, 5.3793, 5.2441, 0.2377, 3.3655, 3.4578, 6.1359, 21.5575, 2.3606, 27.5465, 5.3307, 23.4906, 2.5811],
      [2.5921, 2.4775, 1.2461, 1.8118, 1.1493, 3.5878, 0.123, 1.8239, 0.1736, 0.0196, 0.0775, 2.1952, 0.705, 1.4936, 1.3155, 2.1427, 2.499, 3.2858, 0.9263, 1.1543, 1.8471, 1.1218, 3.803, 2.8707, 1.1812, 0.5657, 1.6211, 0.0326, 0.6604, 2.7803, 5.8776, 1.64, 2.6292, 2.3062, 1.2772, 2.263, 1.334, 2.8883, 0.5786, 1.2996, 0.7363, 0.1705, 0.6138, 0.4572, 1.5471, 3.2053, 0.7196, 5.4708, 1.9685, 4.9618, 0.5393],
      [23.4917, 17.4514, 14.8303, 15.2026, 7.8924, 33.6261, 1.4128, 13.6443, 1.7597, 0.4835, 0.4368, 10.3528, 4.396, 9.1012, 6.5332, 27.2705, 30.3079, 44.2276, 14.9866, 8.8245, 8.4932, 7.2088, 28.0237, 30.1237, 9.8867, 8.1929, 14.5585, 0.5594, 10.5626, 23.763, 51.7307, 13.6789, 20.0447, 19.2244, 14.2459, 23.1123, 13.2139, 36.0805, 8.1728, 7.6571, 8.0007, 0.5179, 3.188, 3.8638, 6.993, 35.9845, 3.8945, 44.0866, 9.4869, 40.1872, 5.8472],
      [4.2661, 3.3735, 2.4371, 3.4181, 1.5053, 6.3845, 0.1616, 3.0288, 0.5846, 0.1282, 0.1573, 1.8263, 0.9358, 1.2158, 0.965, 4.3365, 5.2389, 6.1706, 2.3841, 0.8692, 1.7264, 1.7914, 6.1422, 4.6705, 3.5672, 1.9546, 2.6611, 0.1109, 2.1007, 3.505, 10.7201, 2.8637, 4.8268, 4.2605, 4.131, 4.5646, 2.1836, 4.7567, 1.2619, 1.664, 1.019, 0.0738, 0.8327, 1.2212, 1.324, 6.2527, 2.0252, 7.8961, 3.214, 16.3604, 1.0324]
    ]
  ],
  "V_est": [
    [351.9075, 231.1619, 295.5586, 628.372],
    [493.581, 60.5826, 14173.1969, 1600.6395],
    [1271.4315, 12799.9573, 2272.608, 111.0032],
    [1597.7144, 64.2115, 716.3499, 57.7242],
    [58.0506, 232.3193, 829.4708, 168.1593],
    [474.3149, 89.7674, 796.8159, 160.1018]
  ],
  "p_est": [
    [0.2335, 0.1534, 0.1961, 0.417],
    [0.0302, 0.0037, 0.868, 0.098],
    [0.0773, 0.7779, 0.1381, 0.0067],
    [0.6559, 0.0264, 0.2941, 0.0237],
    [0.0451, 0.1804, 0.644, 0.1306],
    [0.3118, 0.059, 0.5239, 0.1053]
  ],
  "EI_Z": {},
  "EI_V": 7.5182,
  "MAE_Z": {},
  "MAE_V": 247.6927,
  "MAE_p": 0.0962,
  "runtime": 0.072
}
