{
  "X": [
    [412, 1096, 1896, 2175, 155],
    [9, 56, 74, 122, 10],
    [23, 57, 77, 134, 13],
    [22, 31, 60, 169, 18],
    [17, 27, 71, 126, 12],
    [37, 32, 112, 210, 39],
    [29, 24, 100, 205, 31],
    [27, 32, 107, 147, 17],
    [15, 24, 33, 115, 15],
    [36, 61, 132, 211, 28],
    [9, 33, 67, 171, 20],
    [11, 29, 70, 162, 19],
    [11, 13, 50, 214, 15],
    [24, 41, 71, 191, 15],
    [18, 37, 63, 183, 16],
    [7, 62, 91, 152, 22],
    [14, 44, 52, 160, 12],
    [12, 50, 47, 119, 11],
    [12, 50, 67, 116, 12],
    [20, 50, 85, 195, 17],
    [23, 55, 88, 153, 8],
    [14, 69, 77, 169, 10],
    [9, 88, 123, 189, 17],
    [22, 55, 147, 106, 15],
    [28, 65, 204, 194, 13],
    [29, 96, 241, 205, 19],
    [26, 55, 207, 156, 18],
    [8, 56, 135, 103, 11],
    [20, 38, 121, 132, 6],
    [23, 45, 126, 145, 12],
    [17, 65, 122, 133, 11],
    [19, 32, 115, 145, 3],
    [28, 46, 79, 108, 12],
    [32, 32, 71, 101, 10],
    [30, 28, 73, 113, 9],
    [30, 43, 107, 108, 11],
    [13, 39, 117, 125, 12],
    [18, 38, 111, 135, 10],
    [35, 46, 123, 160, 11],
    [20, 30, 138, 201, 8],
    [11, 61, 90, 100, 17],
    [32, 54, 170, 186, 18],
    [31, 51, 181, 182, 23],
    [26, 43, 90, 131, 15],
    [24, 60, 132, 167, 16],
    [34, 60, 116, 177, 14],
    [33, 25, 103, 172, 12],
    [29, 60, 117, 144, 14],
    [18, 62, 169, 176, 15],
    [22, 46, 139, 130, 11],
    [22, 73, 195, 172, 27],
    [25, 69, 148, 169, 7],
    [19, 88, 169, 156, 12],
    [17, 78, 166, 132, 11],
    [18, 39, 121, 105, 13],
    [7, 39, 134, 98, 14],
    [28, 31, 134, 118, 9],
    [24, 45, 177, 121, 11],
    [28, 46, 173, 144, 15],
    [24, 41, 120, 113, 8],
    [16, 31, 164, 130, 11],
    [27, 27, 87, 89, 6],
    [17, 28, 157, 118, 12],
    [32, 36, 130, 100, 16],
    [13, 33, 121, 75, 11],
    [10, 43, 101, 75, 4],
    [24, 44, 211, 153, 11],
    [27, 42, 192, 124, 11],
    [22, 31, 173, 156, 14],
    [13, 67, 155, 130, 5],
    [19, 24, 164, 184, 22],
    [27, 29, 174, 156, 12],
    [21, 58, 132, 159, 8],
    [29, 53, 164, 107, 6],
    [17, 63, 209, 109, 14],
    [20, 64, 137, 130, 8],
    [17, 81, 192, 168, 12],
    [39, 52, 151, 148, 6],
    [34, 59, 119, 111, 11],
    [9, 60, 92, 126, 17],
    [15, 18, 102, 128, 20],
    [21, 29, 93, 115, 26],
    [8, 29, 67, 90, 12],
    [23, 55, 115, 134, 11],
    [21, 68, 114, 116, 17],
    [23, 51, 92, 119, 15],
    [11, 59, 64, 91, 10],
    [10, 54, 78, 84, 5],
    [12, 66, 72, 83, 7],
    [18, 53, 72, 91, 5]
  ],
  "W": [
    [510, 1022, 1461, 2172, 569],
    [12, 56, 58, 121, 24],
    [35, 55, 42, 133, 39],
    [29, 28, 46, 162, 35],
    [27, 25, 56, 123, 22],
    [54, 28, 85, 225, 38],
    [35, 26, 88, 206, 34],
    [43, 33, 82, 146, 26],
    [18, 23, 30, 116, 15],
    [57, 61, 101, 212, 37],
    [15, 34, 57, 179, 15],
    [22, 31, 55, 164, 19],
    [18, 18, 41, 210, 16],
    [35, 41, 62, 183, 21],
    [23, 43, 47, 180, 24],
    [22, 69, 64, 156, 23],
    [19, 35, 40, 165, 23],
    [16, 43, 29, 119, 32],
    [16, 60, 44, 115, 22],
    [32, 51, 49, 205, 30],
    [22, 59, 65, 154, 27],
    [22, 62, 56, 175, 24],
    [15, 88, 99, 201, 23],
    [33, 58, 112, 116, 26],
    [37, 64, 168, 195, 40],
    [39, 103, 183, 215, 50],
    [43, 53, 151, 158, 57],
    [22, 50, 105, 108, 28],
    [29, 31, 91, 140, 26],
    [36, 42, 105, 146, 22],
    [24, 63, 88, 136, 37],
    [29, 23, 99, 149, 14],
    [31, 41, 62, 123, 16],
    [43, 34, 51, 104, 14],
    [40, 27, 54, 113, 19],
    [39, 44, 91, 105, 20],
    [17, 30, 99, 124, 36],
    [27, 30, 93, 132, 30],
    [44, 42, 91, 172, 26],
    [28, 32, 116, 199, 22],
    [17, 73, 55, 107, 27],
    [39, 46, 149, 183, 43],
    [47, 54, 142, 187, 38],
    [30, 38, 76, 140, 21],
    [33, 58, 111, 159, 38],
    [44, 56, 98, 186, 17],
    [44, 23, 80, 169, 29],
    [36, 52, 106, 144, 26],
    [34, 59, 133, 173, 41],
    [38, 46, 103, 136, 25],
    [34, 69, 155, 184, 47],
    [36, 69, 111, 172, 30],
    [30, 86, 125, 162, 41],
    [32, 69, 123, 135, 45],
    [24, 49, 86, 113, 24],
    [18, 37, 105, 108, 24],
    [31, 31, 109, 124, 25],
    [35, 43, 148, 125, 27],
    [41, 59, 136, 144, 26],
    [35, 40, 96, 119, 16],
    [31, 29, 128, 145, 19],
    [34, 25, 60, 94, 23],
    [28, 27, 125, 121, 31],
    [38, 40, 110, 100, 26],
    [21, 28, 98, 77, 29],
    [12, 50, 76, 78, 17],
    [37, 50, 167, 161, 28],
    [43, 37, 149, 132, 35],
    [34, 33, 133, 158, 38],
    [19, 67, 127, 126, 31],
    [26, 27, 124, 206, 30],
    [44, 27, 145, 158, 24],
    [33, 59, 88, 155, 43],
    [58, 56, 120, 106, 19],
    [27, 63, 169, 124, 29],
    [31, 59, 104, 138, 27],
    [27, 85, 155, 173, 30],
    [47, 49, 121, 157, 22],
    [52, 59, 92, 109, 22],
    [17, 57, 75, 116, 39],
    [17, 20, 89, 134, 23],
    [32, 28, 75, 122, 27],
    [17, 29, 53, 89, 18],
    [30, 46, 98, 131, 33],
    [29, 72, 89, 119, 27],
    [29, 50, 76, 117, 28],
    [18, 46, 49, 96, 26],
    [13, 58, 61, 87, 12],
    [9, 62, 57, 83, 29],
    [16, 43, 51, 97, 32]
  ],
  "method": "mvn_pdf",
  "cond_prob": [
    [
      [0.66832223042, 0.0046803981843, 0.19860975666, 0.10018639875, 0.028201215989],
      [0.0035921019009, 0.8548087057, 0.098797046929, 0.040196660724, 0.0026054847454],
      [0.0090795152674, 0.0091676641703, 0.94991252542, 0.02874119988, 0.0030990952654],
      [0.012966519707, 0.016060500236, 0.057506455277, 0.86718022453, 0.046286300247],
      [0.045559228502, 0.30058137101, 0.31616829912, 0.26701991289, 0.070671188482]
    ],
    [
      [0.57611606436, 0.0051621413087, 0.21912802969, 0.15219963515, 0.047394129491],
      [0.0024014541376, 0.84848965601, 0.093300657626, 0.052085902749, 0.0037223294798],
      [0.0062808419817, 0.0089618074649, 0.94193771583, 0.038269866148, 0.004549768573],
      [0.0067198065449, 0.011720178258, 0.041621259874, 0.88806763812, 0.051871117206],
      [0.028674249976, 0.2699273164, 0.2795958712, 0.32621332122, 0.095589241201]
    ],
    [
      [0.57769270046, 0.0044683287577, 0.25266428107, 0.12346056165, 0.041714128059],
      [0.002876229783, 0.82382021808, 0.1216406001, 0.04794258387, 0.0037203681667],
      [0.0058834551002, 0.0068591261414, 0.95614899334, 0.027551181501, 0.003557243921],
      [0.0085691092391, 0.012252426468, 0.0579691504, 0.86624709928, 0.054962214616],
      [0.032414811043, 0.24936696347, 0.34513869727, 0.28312796508, 0.089951563142]
    ],
    [
      [0.63193278069, 0.0030811997709, 0.14848557498, 0.15681979416, 0.059680650404],
      [0.0043325370405, 0.80355629757, 0.099787056586, 0.084905669165, 0.0074184396413],
      [0.010339524233, 0.0076915886985, 0.91681005107, 0.056891696054, 0.0082671399474],
      [0.0075246102582, 0.0068731378035, 0.027733413422, 0.89392936058, 0.063939477939],
      [0.038971047467, 0.19139942288, 0.2253677611, 0.40067205677, 0.14358971179]
    ],
    [
      [0.55906517143, 0.0041636366697, 0.21126037921, 0.16803926951, 0.057471543181],
      [0.0028338952324, 0.81978593601, 0.10484607971, 0.067258345975, 0.0052757430677],
      [0.0065611093001, 0.0074533255413, 0.9366812905, 0.043613577879, 0.0056906967825],
      [0.0061683014956, 0.0086074086976, 0.036436566616, 0.89164636051, 0.057141362684],
      [0.029128397983, 0.22016554988, 0.27084780997, 0.36302104156, 0.11683720061]
    ],
    [
      [0.58703145418, 0.0030712206734, 0.1789173574, 0.1196974326, 0.11128253515],
      [0.0041411959257, 0.79669015473, 0.12034308086, 0.064968144076, 0.013857424408],
      [0.0083888940822, 0.0065159889131, 0.93495516628, 0.037009604984, 0.013130345744],
      [0.0084856531839, 0.0080992021415, 0.039555913063, 0.80299960946, 0.14085962215],
      [0.034638648104, 0.17756268202, 0.2533411898, 0.28478914867, 0.2496683314]
    ],
    [
      [0.65946593702, 0.0017542831746, 0.12371472554, 0.12801415259, 0.087050901678],
      [0.0073101561969, 0.73051794575, 0.1335252588, 0.11128599693, 0.017360642322],
      [0.012997452341, 0.0052361371208, 0.91171659377, 0.055618348861, 0.014431467912],
      [0.0092408414033, 0.0045716686989, 0.027040348941, 0.85018184945, 0.1089652915],
      [0.046888833397, 0.1239420739, 0.21497380412, 0.37418056128, 0.2400147273]
    ],
    [
      [0.56710969988, 0.0032306860444, 0.22622792421, 0.14284741789, 0.060584271971],
      [0.0036538742569, 0.77815719453, 0.13996194165, 0.071291224282, 0.0069357652721],
      [0.0064355743314, 0.0054834031606, 0.94713348693, 0.035242564621, 0.0057049709564],
      [0.0073564545989, 0.0076982273364, 0.045081530943, 0.87050069738, 0.069363089737],
      [0.032693010387, 0.18405608894, 0.31505732592, 0.33459531945, 0.1335982553]
    ],
    [
      [0.67649550714, 0.0029695133428, 0.1052487782, 0.13739092065, 0.077895280668],
      [0.0045611083766, 0.83563751363, 0.073165849053, 0.076694468657, 0.0099410602809],
      [0.0143652285, 0.010104283905, 0.89351051646, 0.067472092033, 0.014547879098],
      [0.0084707929399, 0.0073091056626, 0.021611975476, 0.87017143236, 0.092436693558],
      [0.043023222265, 0.20154817648, 0.17216768902, 0.3798234333, 0.20343747894]
    ],
    [
      [0.56364623567, 0.0040755011687, 0.2086652625, 0.14693927883, 0.076673721825],
      [0.0031190248335, 0.81731382348, 0.10977996439, 0.062322296344, 0.0074648909471],
      [0.0069629896064, 0.0074560591729, 0.93862743542, 0.039151049371, 0.0078024664265],
      [0.0071208449562, 0.0093566735248, 0.040188440151, 0.8588605333, 0.084473508064],
      [0.030729417661, 0.21681775619, 0.27223801855, 0.32201338118, 0.15820142641]
    ],
    [
      [0.49224689944, 0.004416870322, 0.20420905144, 0.1939071438, 0.105220035],
      [0.002321865288, 0.81916478695, 0.096042066214, 0.07335234284, 0.0091189387095],
      [0.005784599259, 0.0080655111397, 0.92422480978, 0.051314181867, 0.010610897952],
      [0.0045320705032, 0.0077377286514, 0.029916091072, 0.86902620836, 0.088787901411],
      [0.021875375971, 0.20208581673, 0.22714222726, 0.36306106941, 0.18583551063]
    ],
    [
      [0.44256958128, 0.0039501984157, 0.23571717137, 0.21265061085, 0.10511243809],
      [0.0022898713197, 0.78276463767, 0.11882380336, 0.086343141183, 0.0097785464698],
      [0.0046489858028, 0.0063000221407, 0.9305961756, 0.049188159387, 0.0092666570705],
      [0.0038270543446, 0.0063614357421, 0.03171618895, 0.87662429038, 0.081471030585],
      [0.019202368931, 0.17213895244, 0.25048722514, 0.38075110295, 0.17742035054]
    ],
    [
      [0.511272768, 0.0019447405595, 0.17976991513, 0.23860207293, 0.068410503379],
      [0.0044505221382, 0.66404082173, 0.15498878276, 0.1656211646, 0.010898708773],
      [0.0067679494425, 0.0039674931293, 0.91082657242, 0.070699793293, 0.0077381917143],
      [0.0040811677745, 0.0029370990224, 0.02270646995, 0.92059617082, 0.049679092433],
      [0.026044216689, 0.10005705488, 0.22761346803, 0.50885384474, 0.13743141566]
    ],
    [
      [0.59598550169, 0.0039276330499, 0.15221502953, 0.19131608253, 0.05655575321],
      [0.0033101552911, 0.82579459349, 0.082137845486, 0.083119011395, 0.0056383943401],
      [0.0095022718451, 0.0094721875139, 0.90648553443, 0.066979997645, 0.0075600085706],
      [0.0059932387257, 0.007330553898, 0.0237858172, 0.91219698363, 0.050693406547],
      [0.032587858014, 0.21512691127, 0.20301139161, 0.42975702403, 0.11951681507]
    ],
    [
      [0.63499439298, 0.0023080631898, 0.15514244662, 0.15488227459, 0.052672822621],
      [0.0053898631472, 0.75071472991, 0.13074773421, 0.10495545286, 0.0081922198751],
      [0.00988878993, 0.0055538573845, 0.92344091233, 0.054092412543, 0.0070240278115],
      [0.0076224624987, 0.0052452440538, 0.029533749806, 0.90001748217, 0.057581061472],
      [0.041241957981, 0.15196057604, 0.25079718479, 0.42111874659, 0.13488153459]
    ],
    [
      [0.3191697179, 0.0055481575498, 0.32886305642, 0.21014881114, 0.13627025699],
      [0.0012562789547, 0.80144190487, 0.12403010529, 0.063800231711, 0.0094714791693],
      [0.0024924992546, 0.0064772197814, 0.94664834517, 0.035590473175, 0.0087914626211],
      [0.0027326270489, 0.0086915321482, 0.04309973637, 0.8426816877, 0.10279441673],
      [0.011615768946, 0.19900212756, 0.28893280419, 0.31056506917, 0.18988423014]
    ],
    [
      [0.61070108169, 0.0075374644721, 0.18482529748, 0.15091836447, 0.046017791892],
      [0.0018566604626, 0.90249075127, 0.056130762272, 0.036935226573, 0.0025865994202],
      [0.0079425575086, 0.015268651442, 0.92727755116, 0.044346877787, 0.0051643621011],
      [0.0073629555714, 0.017350416979, 0.035569512906, 0.88876558937, 0.050951525173],
      [0.02867581707, 0.36868482488, 0.21788228189, 0.29900952938, 0.085747546783]
    ],
    [
      [0.60584444536, 0.0059666895521, 0.20531773763, 0.13700026214, 0.045870865317],
      [0.0022695681818, 0.8752244984, 0.077605207844, 0.041695003803, 0.0032057217733],
      [0.0071188446873, 0.011029340232, 0.94044155376, 0.036715487754, 0.0046947735685],
      [0.0078616064266, 0.01491399497, 0.04290436979, 0.87912460874, 0.055195420077],
      [0.030747061416, 0.31575597394, 0.2641471062, 0.29608069258, 0.093269165857]
    ],
    [
      [0.60098745766, 0.002689440765, 0.21213686456, 0.13226936966, 0.051916867358],
      [0.0043405229172, 0.75558503612, 0.15529577244, 0.077781916164, 0.0069967523511],
      [0.0068746124159, 0.0048569798444, 0.94851644003, 0.034575942727, 0.0051760249837],
      [0.0080087946061, 0.0069154937205, 0.045610773216, 0.87505387933, 0.064411059124],
      [0.036417978671, 0.16842089002, 0.3264661694, 0.3421441862, 0.12655077571]
    ],
    [
      [0.5396017049, 0.0041689453702, 0.27225129257, 0.13633784633, 0.047640210832],
      [0.0027985691588, 0.80144441691, 0.13629044728, 0.055047722225, 0.0044188444268],
      [0.0051136666728, 0.005945130966, 0.95687676751, 0.028287155482, 0.003777279369],
      [0.0072994695131, 0.010405405898, 0.05689685658, 0.86823489549, 0.057163372515],
      [0.028878243398, 0.22145599017, 0.35419728842, 0.29763343282, 0.097835045192]
    ],
    [
      [0.77705225042, 0.002093442114, 0.12746344822, 0.075845475225, 0.017545384016],
      [0.0076614985682, 0.80090585523, 0.12726684211, 0.060925427089, 0.0032403770014],
      [0.014765775145, 0.0062700531693, 0.94305313709, 0.032991708905, 0.0029193256885],
      [0.018350918271, 0.0095390111932, 0.048671253969, 0.8849528938, 0.038485922769],
      [0.076889627564, 0.21425873905, 0.32003514093, 0.31936374107, 0.069452751389]
    ],
    [
      [0.54403870159, 0.0086553785574, 0.25355621323, 0.15430077788, 0.03944892875],
      [0.0014850164692, 0.89533056205, 0.067923688284, 0.033304420487, 0.0019563127045],
      [0.0053654620281, 0.013068444493, 0.94443399807, 0.033826796014, 0.0033052993969],
      [0.0065033583597, 0.019393567118, 0.047548744741, 0.88403603368, 0.0425182961],
      [0.023106747728, 0.37384030058, 0.26609664581, 0.27169951779, 0.065256788086]
    ],
    [
      [0.47998037964, 0.007537155753, 0.28914738898, 0.16131701373, 0.062018061899],
      [0.0014765197974, 0.86835386836, 0.087441980582, 0.039262083753, 0.0034655475059],
      [0.0041743628381, 0.010053200751, 0.94991403382, 0.031267206256, 0.0045911963376],
      [0.0053770944829, 0.015832852427, 0.050932038366, 0.86515332456, 0.062704690164],
      [0.019686682125, 0.31274638149, 0.29357719949, 0.27463325486, 0.099356482029]
    ],
    [
      [0.57275975007, 0.0039032927743, 0.28667894326, 0.087889608154, 0.048768405744],
      [0.0031521779127, 0.80116884893, 0.15301677763, 0.037847978581, 0.0048142169427],
      [0.0051950752308, 0.0053527796308, 0.96822281958, 0.017520728856, 0.0037085966991],
      [0.011049346046, 0.013955824648, 0.085728406604, 0.80529955636, 0.083966866341],
      [0.03379943656, 0.22980251355, 0.41305105806, 0.21235484782, 0.11099214401]
    ],
    [
      [0.62019475993, 0.0038160619177, 0.23384289482, 0.11208716953, 0.030059113805],
      [0.0036029058997, 0.81181369704, 0.13087017214, 0.050593346412, 0.0031198785145],
      [0.0068771115431, 0.0063524485047, 0.95678988127, 0.027191232595, 0.0027893260818],
      [0.010304336664, 0.011673810101, 0.060019487046, 0.87385328077, 0.04414908542],
      [0.039318690232, 0.23909069139, 0.35960829214, 0.2891032724, 0.072879053838]
    ],
    [
      [0.59253935088, 0.0035515843917, 0.27377686466, 0.095721618722, 0.034410581347],
      [0.0036404004864, 0.78595053459, 0.16120015745, 0.045452423023, 0.0037564844475],
      [0.0057049195803, 0.0051073876296, 0.96634962679, 0.020077487989, 0.0027605780141],
      [0.011163282531, 0.012249982424, 0.079312485352, 0.84028539126, 0.056988858429],
      [0.037352905444, 0.21934512046, 0.41666528663, 0.24410082929, 0.082535858172]
    ],
    [
      [0.5129164663, 0.0037328066502, 0.33174301774, 0.10867486171, 0.042932847594],
      [0.0029156952657, 0.76571954862, 0.17956055935, 0.047491641278, 0.0043125554859],
      [0.0041109221262, 0.0044408956354, 0.96974531065, 0.018854842201, 0.0028480293881],
      [0.0084816509089, 0.011244936882, 0.083801183994, 0.8344023597, 0.062069868519],
      [0.028301065742, 0.20104320206, 0.43952682051, 0.24141234899, 0.089716562697]
    ],
    [
      [0.35040454654, 0.0095207465219, 0.43373228626, 0.14849561075, 0.05784680993],
      [0.00085697581621, 0.86667302693, 0.10180652514, 0.028147795564, 0.0025156765498],
      [0.0021144436139, 0.0086123425327, 0.96686350865, 0.019509393156, 0.0029003120432],
      [0.0041759051466, 0.020855103508, 0.079327146683, 0.83466503183, 0.060976812831],
      [0.012236816653, 0.33204950622, 0.36738259357, 0.21104325044, 0.077287833119]
    ],
    [
      [0.58313433974, 0.0055959948616, 0.2881758637, 0.10049863918, 0.022595162518],
      [0.0023226011666, 0.85270071435, 0.11181920512, 0.031527047463, 0.0016304318979],
      [0.0052108281901, 0.0076010028717, 0.96562734565, 0.019853322181, 0.0017075011024],
      [0.010379970748, 0.01859218967, 0.079942699311, 0.85498245623, 0.036102684037],
      [0.031772946152, 0.30930344311, 0.38573942214, 0.22557982521, 0.047604363389]
    ],
    [
      [0.57078497816, 0.0054024873006, 0.23896337345, 0.14067902527, 0.044170135816],
      [0.0023885193804, 0.85184948873, 0.096589909575, 0.045866526839, 0.0033055554749],
      [0.0061040307773, 0.0086981811816, 0.94834408506, 0.032907698769, 0.0039460042101],
      [0.0075416103854, 0.013188076451, 0.048783943743, 0.87866510032, 0.051821269097],
      [0.029679834372, 0.28116814455, 0.30208643601, 0.298855859, 0.088209726067]
    ],
    [
      [0.57605517709, 0.0048503527907, 0.27302669015, 0.11136385558, 0.034703924392],
      [0.0026413538628, 0.83160284754, 0.12255630875, 0.040312755049, 0.0028867348013],
      [0.0053948059392, 0.0069340800374, 0.9617576808, 0.023155091813, 0.0027583414094],
      [0.0092630690742, 0.014588580573, 0.068761802827, 0.85718585957, 0.050200687954],
      [0.031756330248, 0.26913069586, 0.37100586429, 0.25376249756, 0.074344612048]
    ],
    [
      [0.5763686322, 0.0096852139345, 0.25563904365, 0.13629676696, 0.022010343257],
      [0.0013686704973, 0.91298223002, 0.059175606904, 0.025525566743, 0.00094792583543],
      [0.0056890708821, 0.014546251422, 0.9482019058, 0.029726447881, 0.0018363240123],
      [0.0078273213777, 0.024606200771, 0.054131204789, 0.88656855764, 0.026866715419],
      [0.024648908129, 0.42946095329, 0.26873944501, 0.24072644257, 0.036424251008]
    ],
    [
      [0.76162894765, 0.0043374547093, 0.14527520945, 0.060308472909, 0.028449915275],
      [0.0039736189318, 0.89253156258, 0.075485634348, 0.025276050513, 0.0027331336252],
      [0.0129623363, 0.011455549531, 0.94833137279, 0.023095089825, 0.0041556515552],
      [0.021182134819, 0.022956247139, 0.064173428806, 0.81910700436, 0.072581184875],
      [0.060682491573, 0.3587997953, 0.28946407159, 0.20156328583, 0.089490355705]
    ],
    [
      [0.6841635393, 0.0029119603669, 0.18216462105, 0.095335441719, 0.035424437557],
      [0.0049139546821, 0.80949265464, 0.1272892747, 0.053731217081, 0.0045728989007],
      [0.0095346494029, 0.006149336828, 0.95101668231, 0.029165760117, 0.0041335713424],
      [0.012946719576, 0.010250847682, 0.053450076514, 0.86331895978, 0.060033396448],
      [0.051209997544, 0.21966178712, 0.33321687274, 0.29337627981, 0.10253506279]
    ],
    [
      [0.67933854334, 0.0031266040687, 0.17951142488, 0.10655169607, 0.031471731631],
      [0.0045807844548, 0.8172316302, 0.11787901673, 0.05648106864, 0.0038274999773],
      [0.0095538506002, 0.0066698315576, 0.94708837369, 0.032969523567, 0.0037184205861],
      [0.011736177509, 0.010069064631, 0.048205430464, 0.8812576783, 0.0487316491],
      [0.049086964546, 0.22826006728, 0.31749717469, 0.31712218816, 0.088033605324]
    ],
    [
      [0.68433992305, 0.0032816294904, 0.1658565383, 0.10763119409, 0.038890715073],
      [0.0045318411605, 0.82767051098, 0.10714259408, 0.056016257494, 0.00463879628],
      [0.010360091483, 0.0075467114323, 0.94124708495, 0.035897537194, 0.0049485749436],
      [0.011626649487, 0.010388974102, 0.043883071253, 0.87490921562, 0.059192089539],
      [0.048912950287, 0.23601323386, 0.2903312552, 0.3169920623, 0.10775049836]
    ],
    [
      [0.59291505873, 0.0054129675689, 0.22560873724, 0.13113613156, 0.044927104897],
      [0.0024306576837, 0.85895728328, 0.092050563051, 0.043163371481, 0.0033981245025],
      [0.0064934489131, 0.0091989527125, 0.94766713031, 0.032399820618, 0.0042406474498],
      [0.0080892797109, 0.014060726319, 0.04903132121, 0.87269541899, 0.056123253769],
      [0.031023419206, 0.29162918293, 0.2956163769, 0.28866803394, 0.093062987022]
    ],
    [
      [0.57498976475, 0.0059545513408, 0.23072844177, 0.14801104672, 0.040316195419],
      [0.0021862477879, 0.86510910253, 0.085605983183, 0.044324442681, 0.002774223815],
      [0.00626584163, 0.0098717541389, 0.94449420265, 0.035656930937, 0.0037112706462],
      [0.0072134578238, 0.013955496434, 0.045200522517, 0.88823769913, 0.045392824101],
      [0.028811869877, 0.30244079307, 0.28401637757, 0.30631744359, 0.07841351589]
    ],
    [
      [0.68589585484, 0.0038007657462, 0.20479296139, 0.081588568615, 0.023921849408],
      [0.004038510053, 0.83940816164, 0.11653748566, 0.037489648476, 0.0025261941676],
      [0.0086578514096, 0.0072265539552, 0.95900635404, 0.022578112149, 0.0025311284461],
      [0.015172304955, 0.015546708825, 0.070094359771, 0.85216353647, 0.047023089979],
      [0.050009244893, 0.27693813805, 0.3633708676, 0.24278445818, 0.066897291278]
    ],
    [
      [0.59357705704, 0.002884284987, 0.22547928413, 0.14921452549, 0.028844848364],
      [0.0041193744139, 0.75842519766, 0.15246167208, 0.081376632329, 0.0036171235242],
      [0.0066702680665, 0.0049201393042, 0.94863678737, 0.037034477089, 0.0027383281743],
      [0.0075895865365, 0.0068705635944, 0.044965085563, 0.90755629285, 0.033018471461],
      [0.036487216588, 0.17753830184, 0.33974640209, 0.37763330007, 0.068594779413]
    ],
    [
      [0.51276190707, 0.0031618524475, 0.29974579711, 0.10606550929, 0.078264934084],
      [0.0032045688538, 0.74853818992, 0.18625155913, 0.053047804997, 0.0089578771017],
      [0.0043152529389, 0.0041253401332, 0.96584887532, 0.020070169578, 0.0056403620261],
      [0.0079271587927, 0.009263845862, 0.073437451037, 0.79865769649, 0.11071384782],
      [0.027334638664, 0.17114867317, 0.39930504698, 0.23704928502, 0.16516235617]
    ],
    [
      [0.67393760075, 0.003926340274, 0.168821419, 0.11345726829, 0.03985737169],
      [0.0039248776406, 0.84541386267, 0.095010942697, 0.051493022469, 0.0041572945239],
      [0.010116657341, 0.0088716979936, 0.93864893638, 0.037347554572, 0.0050151537105],
      [0.011054643686, 0.011897880967, 0.042917543581, 0.87616893478, 0.057960996985],
      [0.045409789461, 0.26286317527, 0.27653801358, 0.31205483072, 0.10313419096]
    ],
    [
      [0.57269640362, 0.0031597684353, 0.24884201185, 0.11804059252, 0.05726122357],
      [0.003832292124, 0.7695201738, 0.15902516403, 0.060845044319, 0.0067773257282],
      [0.0060214493165, 0.0049431197862, 0.95714528605, 0.026904415029, 0.0049857298211],
      [0.0088241737486, 0.0088886015222, 0.058701859189, 0.84623389227, 0.077351473268],
      [0.03452409619, 0.18637938602, 0.36073897356, 0.28719381453, 0.13116372969]
    ],
    [
      [0.72481532948, 0.0040943065735, 0.14400028939, 0.086509219169, 0.040580855393],
      [0.0039835742043, 0.87561038633, 0.078371465226, 0.037951886231, 0.0040826880092],
      [0.012386632579, 0.010791132216, 0.9378048567, 0.033094652699, 0.0059227258021],
      [0.014677058194, 0.015686952542, 0.046128640388, 0.84867923993, 0.074828108949],
      [0.052836526067, 0.30649347039, 0.26093985615, 0.26337981582, 0.11635033157]
    ],
    [
      [0.6109401119, 0.0041356157334, 0.19103559341, 0.14510182757, 0.048786851395],
      [0.0033108290681, 0.83010950084, 0.10039632615, 0.061439084046, 0.004744259892],
      [0.0080488755614, 0.0082304212632, 0.93631703059, 0.042007284998, 0.0053963875901],
      [0.0079010516326, 0.0099086149009, 0.038374956184, 0.88769249372, 0.05612288356],
      [0.035494954537, 0.23919304308, 0.27063774998, 0.34541559386, 0.10925865854]
    ],
    [
      [0.67981987228, 0.0053590918384, 0.17202241863, 0.10750401431, 0.035294602947],
      [0.0029859216372, 0.88434153296, 0.073080930849, 0.036817051078, 0.0027745634744],
      [0.010001495196, 0.011881930697, 0.93912808592, 0.034643674278, 0.0043448139068],
      [0.011682404464, 0.017022648536, 0.045754882651, 0.87166758446, 0.05387247989],
      [0.04254042415, 0.3361018142, 0.26183499256, 0.27473228585, 0.084790483242]
    ],
    [
      [0.65937322472, 0.0026471561688, 0.18168047036, 0.12369561447, 0.032603534277],
      [0.0051449173162, 0.77840849508, 0.13673566805, 0.075158385251, 0.0045525343007],
      [0.00923856617, 0.0055712027386, 0.94348645885, 0.037886333255, 0.0038174389881],
      [0.010117261091, 0.0074999652466, 0.043061245304, 0.89497839627, 0.044343132086],
      [0.047111547175, 0.18792256585, 0.31503295642, 0.3605813704, 0.089351560154]
    ],
    [
      [0.6883563141, 0.0056063100371, 0.15138385491, 0.11331182631, 0.041341694646],
      [0.0029018294193, 0.89410381014, 0.062284093414, 0.037565059653, 0.0031452073706],
      [0.011263333003, 0.013945750619, 0.9281387802, 0.040947984262, 0.0057041519181],
      [0.011133950935, 0.016909462733, 0.038236265253, 0.87382011392, 0.059900207155],
      [0.042134888255, 0.34670423749, 0.22722781344, 0.2858395387, 0.098093522119]
    ],
    [
      [0.46734161887, 0.0056094612457, 0.31485433338, 0.16224758897, 0.049946997523],
      [0.0018820156332, 0.82300637911, 0.12117546697, 0.050372636968, 0.0035635013182],
      [0.0038744175141, 0.0069298788464, 0.95657304631, 0.029187877473, 0.0034347798595],
      [0.0054119386377, 0.011873901779, 0.055861809496, 0.87609598733, 0.05075636276],
      [0.021214869692, 0.25037240429, 0.34435437966, 0.29785324604, 0.086205100324]
    ],
    [
      [0.51539290156, 0.004715192362, 0.32644112909, 0.11593723952, 0.037513537463],
      [0.0023773222365, 0.80857803479, 0.14452222045, 0.041443240779, 0.0030791817425],
      [0.0041435206021, 0.0056739753896, 0.96738778901, 0.020286752546, 0.0025079624558],
      [0.008026062096, 0.013485690272, 0.078044565649, 0.84884703037, 0.051596651611],
      [0.026806272722, 0.24318078384, 0.41079420287, 0.24477919712, 0.074439543445]
    ],
    [
      [0.53276695334, 0.0049544585374, 0.27604333478, 0.11310951859, 0.073125734749],
      [0.0024515347546, 0.82943640159, 0.12186063765, 0.040273656864, 0.005977769146],
      [0.0050352214703, 0.0070021432739, 0.95891332854, 0.023297304672, 0.00575200204],
      [0.0082003517718, 0.01398436271, 0.065375211127, 0.81329189486, 0.09914817953],
      [0.027377405841, 0.25067739822, 0.3428534584, 0.23560500972, 0.14348672782]
    ],
    [
      [0.5908514102, 0.004756520128, 0.26750006861, 0.1133580829, 0.023533918163],
      [0.0027989940799, 0.83104311919, 0.12234177941, 0.041819556142, 0.0019965511787],
      [0.0057350017723, 0.0069490629517, 0.96129897427, 0.024102431529, 0.0019145294778],
      [0.0096680210112, 0.014360924896, 0.067660974964, 0.87416793895, 0.034142140177],
      [0.034064235934, 0.27245926366, 0.37505072519, 0.2664850584, 0.051940716816]
    ],
    [
      [0.52532931178, 0.0058733512005, 0.31996356368, 0.11432870067, 0.034505072668],
      [0.002056597712, 0.8399754117, 0.12075009412, 0.034803472165, 0.0024144243023],
      [0.0042904642359, 0.0072114866138, 0.9656953796, 0.02044326219, 0.0023594073599],
      [0.0082901181371, 0.017075191156, 0.077988727738, 0.84844416219, 0.048201800783],
      [0.026142945794, 0.28951653818, 0.3869223287, 0.23169899124, 0.065719196092]
    ],
    [
      [0.46244055979, 0.0077229342643, 0.36745140541, 0.12427381561, 0.038111284922],
      [0.0014117861607, 0.85977663182, 0.10741502256, 0.029329116955, 0.0020674424955],
      [0.0033125835343, 0.0082647638026, 0.96678532511, 0.019366415119, 0.0022709124369],
      [0.0066986744076, 0.020496075466, 0.081682079503, 0.84255192632, 0.048571244303],
      [0.019715809891, 0.3252565556, 0.3785604127, 0.21462665364, 0.061840568173]
    ],
    [
      [0.60967681504, 0.002003757332, 0.26714705958, 0.081590043779, 0.039582324267],
      [0.0055189295537, 0.68992043648, 0.23912598605, 0.05888460894, 0.0065500389819],
      [0.0058233133388, 0.00294906786, 0.97055858606, 0.017440650956, 0.0032283817824],
      [0.01260423373, 0.0078191636771, 0.087116430005, 0.81793768654, 0.074522486049],
      [0.042853866096, 0.14213150142, 0.46667289978, 0.23904871201, 0.10929302069]
    ],
    [
      [0.35526968471, 0.0064103238585, 0.43358041682, 0.12994008188, 0.074799492732],
      [0.0011993710277, 0.81847710955, 0.14153933327, 0.03426474775, 0.0045194383984],
      [0.0021345976011, 0.0058175827186, 0.97116911845, 0.017122647613, 0.003756053618],
      [0.0046296906928, 0.015472150009, 0.087284927641, 0.80556370618, 0.087049525475],
      [0.013874070941, 0.25155922428, 0.41367871405, 0.2080429452, 0.11284504552]
    ],
    [
      [0.73625541636, 0.0021210784944, 0.17353606936, 0.067454253595, 0.020633182193],
      [0.0069825064837, 0.77583130651, 0.16258617914, 0.051014744976, 0.0035852628944],
      [0.010723654982, 0.004753723109, 0.9599692136, 0.021983319908, 0.0025700883996],
      [0.019165375697, 0.010429016844, 0.07132170793, 0.85025718714, 0.048826712386],
      [0.068055454872, 0.19922872486, 0.39824457474, 0.2597541697, 0.074717075825]
    ],
    [
      [0.59171795354, 0.0042859045468, 0.26725661146, 0.10199849563, 0.034741034831],
      [0.0030251547663, 0.82090609834, 0.13216847064, 0.040715747633, 0.003184528625],
      [0.0057455847024, 0.0062752321163, 0.96342723227, 0.021725070358, 0.0028268805482],
      [0.010394560337, 0.013931386253, 0.072679074765, 0.84870682233, 0.054288156315],
      [0.035038928653, 0.2534683281, 0.38552089053, 0.24690323179, 0.07906862093]
    ],
    [
      [0.5941063401, 0.00207792626, 0.25054799715, 0.1105729106, 0.042694825892],
      [0.0053801615361, 0.69156510296, 0.21845687287, 0.077712348407, 0.0068855142307],
      [0.0061795984976, 0.0032415369129, 0.9617860846, 0.025092561287, 0.0037002187007],
      [0.009801305541, 0.0063038735051, 0.063671902858, 0.85794050251, 0.062282415582],
      [0.040051528946, 0.13763019708, 0.40903746093, 0.30311466228, 0.11016615077]
    ],
    [
      [0.6113210418, 0.0047562126731, 0.25314943879, 0.10141806164, 0.029355245095],
      [0.002830115442, 0.84387818309, 0.11398363378, 0.036859664814, 0.0024484028735],
      [0.0062065278937, 0.0073225156313, 0.96130332743, 0.02266226436, 0.0025053646852],
      [0.010820756379, 0.015663411069, 0.069580902115, 0.85739758273, 0.046537347711],
      [0.036132012747, 0.28422375191, 0.36632861463, 0.24634738816, 0.066968232557]
    ],
    [
      [0.44696910646, 0.0049978382954, 0.40464100696, 0.10635074889, 0.037041299397],
      [0.0018825542974, 0.79694015548, 0.16361786329, 0.034777759206, 0.0027816677254],
      [0.0029173597255, 0.0048874908428, 0.97505081661, 0.015131140197, 0.0020131926207],
      [0.0073328045928, 0.015087335346, 0.10194838787, 0.82180408105, 0.053827391143],
      [0.02130184543, 0.23783080076, 0.46745295063, 0.20597908067, 0.067435322511]
    ],
    [
      [0.69063289149, 0.0028045169627, 0.21704962734, 0.070140288251, 0.019372675961],
      [0.0050331725212, 0.79642430711, 0.15536282699, 0.040603213516, 0.002576479864],
      [0.0081224650221, 0.0050500945495, 0.96655306487, 0.018338301748, 0.0019360738081],
      [0.017119973428, 0.013081411759, 0.08431246802, 0.84198823542, 0.043497911376],
      [0.054901517327, 0.22711719729, 0.42663239774, 0.23134217914, 0.060006708511]
    ],
    [
      [0.51637008609, 0.0033993596732, 0.3216712593, 0.11608976574, 0.042469529198],
      [0.0030465713303, 0.75513702792, 0.18374728458, 0.053568295199, 0.0045008209719],
      [0.0041746289833, 0.0041487528044, 0.96818111059, 0.020614862058, 0.0028806455675],
      [0.0079377502856, 0.0096878359334, 0.076608020471, 0.84755677472, 0.058209618587],
      [0.028451922861, 0.18679657292, 0.43251503455, 0.26204171507, 0.090194754593]
    ],
    [
      [0.71843163583, 0.0019089366424, 0.15182908039, 0.079500570273, 0.048329776861],
      [0.0075558903869, 0.76106292201, 0.15626073549, 0.065941090357, 0.0091793617618],
      [0.011927518506, 0.0048271603696, 0.9472800513, 0.029200095478, 0.0067651743416],
      [0.015649515865, 0.0077707544142, 0.051700699634, 0.83023546972, 0.09464356037],
      [0.062341090849, 0.16592652573, 0.32353246235, 0.28485337067, 0.1633465504]
    ],
    [
      [0.52709986446, 0.0051865078149, 0.30438530836, 0.10851087677, 0.054817442601],
      [0.0021889437527, 0.83340484914, 0.12441914746, 0.035837050888, 0.0041500087607],
      [0.0044014628741, 0.006650021814, 0.96486027034, 0.020198659683, 0.0038895852924],
      [0.0082427422055, 0.015291698004, 0.074827129057, 0.82381669702, 0.077821733718],
      [0.026293331589, 0.26438010953, 0.37653619341, 0.22547153828, 0.10731882719]
    ],
    [
      [0.62287800496, 0.0028196422282, 0.27357484123, 0.08126388916, 0.019463622423],
      [0.0041321207914, 0.75862555832, 0.1894098519, 0.045338063237, 0.0024944057563],
      [0.00548935811, 0.0040451137695, 0.97204318638, 0.016876997093, 0.0015453446499],
      [0.012583716315, 0.011331095043, 0.0916307166, 0.84658491535, 0.037869556696],
      [0.041049108423, 0.19880456213, 0.47224920993, 0.23504317952, 0.052853939985]
    ],
    [
      [0.54551897697, 0.002885249734, 0.32268338026, 0.099699585963, 0.029212807077],
      [0.003735967275, 0.72741587437, 0.2123275426, 0.052954683813, 0.00356593194],
      [0.004462505523, 0.0035350970113, 0.97221663538, 0.017792364177, 0.0019933979075],
      [0.0098433574816, 0.0095654803791, 0.089594284079, 0.84443223245, 0.046564645612],
      [0.033337932154, 0.17374477962, 0.4774578748, 0.24733483535, 0.06812457808]
    ],
    [
      [0.54374588632, 0.0044603295275, 0.3292701517, 0.091841633624, 0.030681998827],
      [0.0026597325013, 0.80589765703, 0.1540499072, 0.034726309131, 0.0026663941404],
      [0.0043756011184, 0.0053536637557, 0.97216055377, 0.016059145201, 0.0020510361549],
      [0.010437227646, 0.015682246834, 0.096860081805, 0.82520233486, 0.051818108856],
      [0.03058847438, 0.24792597709, 0.4468984229, 0.20896953267, 0.065617592965]
    ],
    [
      [0.54363130684, 0.0026390473683, 0.29909292267, 0.11649072841, 0.038145994711],
      [0.0039825782273, 0.713924796, 0.21081496154, 0.066288707393, 0.0049889568418],
      [0.0047586047569, 0.0034639398232, 0.96671370393, 0.022275256141, 0.0027884953448],
      [0.0085229485341, 0.0076168268147, 0.07228006498, 0.85868115962, 0.052899000051],
      [0.032759652059, 0.15675307088, 0.43695170949, 0.28557321503, 0.087962352543]
    ],
    [
      [0.54374414827, 0.0053173709613, 0.29090965075, 0.13434142297, 0.025687407047],
      [0.0022606389142, 0.83234073654, 0.11910701334, 0.04434159646, 0.0019500147438],
      [0.0047429570247, 0.0071238474545, 0.96005431367, 0.026164606083, 0.0019142757679],
      [0.0074247603607, 0.013661153546, 0.062578977629, 0.88459851559, 0.031736592877],
      [0.027548861768, 0.27297803993, 0.36549610301, 0.28316570953, 0.050811285767]
    ],
    [
      [0.56618900139, 0.0021130044549, 0.28921229022, 0.094070880865, 0.048414823076],
      [0.0048745396018, 0.6820707664, 0.24199742295, 0.063544598732, 0.0075126723192],
      [0.0050845250469, 0.0028739781117, 0.96972700906, 0.018647886827, 0.0036666009595],
      [0.010410908985, 0.0072224171207, 0.082775699288, 0.81997284813, 0.079618126477],
      [0.036580344343, 0.13567254095, 0.45741662611, 0.24940383552, 0.12092665308]
    ],
    [
      [0.54978806473, 0.0038215204909, 0.27782592255, 0.13028235475, 0.038282137474],
      [0.0030395736251, 0.79065838693, 0.14690661474, 0.055639685602, 0.0037557390974],
      [0.0051744371755, 0.0053615051371, 0.95986942773, 0.026606806968, 0.0029878229888],
      [0.0078732880595, 0.010023500755, 0.060954439218, 0.87292700265, 0.048221769314],
      [0.030966219324, 0.21282460137, 0.37713298007, 0.29703294227, 0.082043256961]
    ],
    [
      [0.53735735222, 0.003959042831, 0.30328331721, 0.12805336126, 0.027346926474],
      [0.0028992094491, 0.78315720843, 0.15760962073, 0.053696242134, 0.0026377192554],
      [0.0046219755113, 0.0051142377662, 0.96421246707, 0.024083180399, 0.0019681392567],
      [0.0078307727586, 0.010626028113, 0.068182263281, 0.87811009471, 0.035250841135],
      [0.029732695246, 0.21654577814, 0.40736036098, 0.28850060636, 0.05786055928]
    ],
    [
      [0.46162698473, 0.0053778397001, 0.38598463938, 0.11965243208, 0.027358104106],
      [0.0018925778912, 0.80876719246, 0.14986131345, 0.037509331372, 0.0019695848264],
      [0.0032009622503, 0.0055076779372, 0.97192096801, 0.017812949716, 0.0015574420867],
      [0.0070737979781, 0.014932878954, 0.089574623518, 0.85193268908, 0.036486010469],
      [0.022217578127, 0.25371229303, 0.44383456403, 0.23075790097, 0.04947766385]
    ],
    [
      [0.51345252496, 0.0050768075265, 0.35479664192, 0.084155604672, 0.042518420919],
      [0.0022257871216, 0.81691323249, 0.14901694699, 0.02853549471, 0.0033085386884],
      [0.0037931907085, 0.0056681498217, 0.97422262262, 0.013677763472, 0.0026382733812],
      [0.010137919921, 0.018569765384, 0.10863631338, 0.78777555584, 0.074880445479],
      [0.026563756728, 0.26222087279, 0.44835676776, 0.17813921445, 0.084719388275]
    ],
    [
      [0.55373793564, 0.0067026297104, 0.3057538034, 0.10572313623, 0.028082495024],
      [0.0019133430369, 0.86538153859, 0.10238398348, 0.028576702393, 0.0017444324958],
      [0.0046955149546, 0.0085922534074, 0.96500365266, 0.019707161917, 0.0020014170581],
      [0.0093538913075, 0.020984529431, 0.080066229852, 0.84730750478, 0.042287844627],
      [0.027471426266, 0.33362704316, 0.3705673107, 0.21476997816, 0.053564241714]
    ],
    [
      [0.51994788495, 0.0051399338696, 0.3101135696, 0.12769999051, 0.037098621064],
      [0.0022620241251, 0.82107578554, 0.13046257954, 0.043308554674, 0.0028910561193],
      [0.0043562620396, 0.006493126627, 0.96306091069, 0.02348171637, 0.0026079842714],
      [0.007449507219, 0.013602768199, 0.068813131029, 0.86293243979, 0.047202153764],
      [0.0262362627, 0.25749909945, 0.38119972851, 0.26319449411, 0.071870415231]
    ],
    [
      [0.7133287841, 0.0037903173604, 0.19332823489, 0.07336790872, 0.01618475493],
      [0.0042567442029, 0.84829543228, 0.11154122342, 0.03417343033, 0.0017331697646],
      [0.0095471075007, 0.0076444582649, 0.95945908321, 0.021532147203, 0.0018172038176],
      [0.017604583801, 0.017298316827, 0.073836580222, 0.8557673373, 0.035493181846],
      [0.055615443734, 0.29567358806, 0.36691645507, 0.23345562001, 0.048338893131]
    ],
    [
      [0.60635780077, 0.0050218263598, 0.23198780009, 0.11658273663, 0.040049836155],
      [0.0027728970393, 0.85113331864, 0.10165769901, 0.041191152387, 0.0032449329271],
