{
  "Z_true": {},
  "V_true": [
    [22, 48, 632, 546],
    [1488, 552, 865, 136],
    [616, 3650, 501, 269],
    [160, 67, 22660, 431],
    [217, 537, 538, 336],
    [72, 91, 815, 296]
  ],
  "p_true": [
    [0.0176, 0.0385, 0.5064, 0.4375],
    [0.4893, 0.1815, 0.2844, 0.0447],
    [0.1223, 0.7248, 0.0995, 0.0534],
    [0.0069, 0.0029, 0.9718, 0.0185],
    [0.1333, 0.3299, 0.3305, 0.2064],
    [0.0565, 0.0714, 0.6397, 0.2323]
  ],
  "Z_est": [
    [
      [1.4758, 0.7721, 0.1066, 0.687, 0.326, 0.7453, 0.0261, 0.8121, 0.1082, 0.2647, 1.2205, 1.1948, 0.6647, 2.0797, 0.0221, 0, 0.2255, 0.4671, 0.4677, 0.3595, 1.6368, 1.1958, 0, 0.0453, 0.013, 0.05, 0.3069, 0.0733, 0.9091, 0.6283, 0.602, 0.033, 0.5007, 0.8972, 1.6894, 0, 0.4525, 0, 0.2806, 0.7956, 0.3422, 0.3997, 0.8036, 0.1241, 0.2422, 0.2614, 1.5937, 0, 0.3686, 0.4346, 0.1931, 2.4908, 0.1765],
      [5.6843, 3.505, 1.4527, 2.6137, 1.6363, 2.3432, 0.2339, 4.6672, 1.2265, 1.096, 8.4977, 5.0174, 2.9929, 16.5121, 0.0199, 0, 1.4974, 2.1804, 2.8905, 3.788, 5.2943, 3.8799, 0.4292, 0.1108, 0.1631, 0.048, 0.9968, 0.6816, 6.4798, 1.7175, 3.7753, 0.1859, 1.3704, 1.2213, 5.9394, 0, 2.1916, 0, 1.3615, 4.0663, 2.0327, 2.2354, 3.7197, 0.5066, 0.9545, 0.7171, 10.5356, 0, 2.7325, 1.8679, 0.9292, 9.1031, 0.8129],
      [17.3843, 13.6038, 4.2615, 13.6916, 9.352, 14.7514, 2.3798, 15.6231, 2.0917, 2.4504, 20.2239, 33.4929, 13.8304, 28.3272, 0.8501, 0, 6.6049, 10.0706, 15.5462, 14.4661, 20.8502, 20.6825, 0.5708, 0.3087, 0.0955, 0.6835, 3.0457, 0.5339, 13.1766, 12.3262, 13.8407, 0.553, 9.5718, 4.8995, 28.7647, 0, 7.1005, 0, 6.1682, 31.601, 7.8859, 5.3919, 10.4331, 2.2756, 4.32, 9.1047, 38.5475, 0, 8.609, 8.3342, 2.5278, 38.2768, 2.755],
      [22.4556, 13.119, 5.1792, 12.0077, 7.6857, 15.1601, 1.3603, 14.8975, 2.5736, 3.189, 34.0579, 19.2949, 13.512, 35.0809, 0.108, 0, 5.6722, 9.282, 11.0956, 14.3863, 17.2187, 24.2417, 0, 0.5351, 0.7285, 0.2185, 3.6506, 0.7112, 21.4345, 10.3279, 12.782, 1.2281, 6.5571, 2.9821, 21.6064, 0, 5.2553, 0, 5.1896, 19.537, 6.7392, 5.973, 15.0437, 3.0938, 3.4834, 5.9168, 32.3231, 0, 7.2899, 8.3632, 3.3498, 34.1294, 2.2557]
    ],
    [
      [85.8557, 40.8194, 11.7477, 41.7563, 20.4206, 50.2063, 1.799, 77.492, 6.5051, 13.6254, 67.8946, 70.7906, 47.3571, 115.742, 1.4187, 0, 33.1967, 21.3708, 26.7827, 32.2263, 46.3299, 59.5309, 0, 6.6692, 8.9535, 0.866, 102.3714, 3.8569, 25.1204, 33.0387, 56.0012, 2.0726, 32.4559, 7.0826, 110.9048, 0, 19.0866, 2.9845, 15.9886, 40.4524, 23.0073, 23.2699, 19.3818, 17.2487, 30.2939, 21.0257, 119.4959, 1.2037, 23.7244, 26.0131, 39.3456, 201.4514, 29.247],
      [6.3433, 3.5358, 2.9613, 3.0261, 1.9365, 2.893, 0.4453, 8.5638, 1.3186, 1.0464, 9.122, 5.7228, 4.0632, 17.7947, 0.0166, 0, 4.1813, 1.8878, 3.1562, 6.4027, 2.8428, 3.6992, 0.4356, 0.2529, 2.0092, 0.0097, 6.4478, 0.552, 3.4104, 1.7009, 6.7219, 0.1626, 1.4959, 0.1598, 7.5004, 0, 1.7065, 0.0959, 1.4256, 3.9835, 2.5914, 2.4704, 1.6879, 1.3007, 2.2499, 1.0892, 15.2473, 0.1608, 3.3277, 2.1107, 3.5883, 14.225, 2.5031],
      [22.0368, 15.5983, 9.8926, 18.0194, 12.5627, 21.458, 3.384, 32.6244, 2.549, 2.6312, 24.6209, 43.4188, 21.3616, 34.6954, 0.5437, 0, 20.9645, 9.8986, 19.2739, 27.7914, 12.7029, 22.4527, 0.5644, 0.7974, 1.2919, 0.1148, 21.7111, 0.4443, 7.8783, 13.8985, 28.0333, 0.5482, 13.2131, 0.6756, 41.3026, 0, 6.2763, 0.6749, 7.3415, 35.1495, 11.4248, 6.7442, 5.3701, 6.6637, 11.5728, 15.8037, 63.4497, 0.6355, 11.9085, 10.7075, 11.0975, 67.9954, 9.6617],
      [5.7642, 3.0465, 2.3984, 3.1982, 2.0803, 4.4428, 0.3717, 6.3198, 0.6273, 0.697, 8.3625, 5.0679, 4.218, 8.7679, 0.0209, 0, 3.6575, 1.8429, 2.7872, 5.5796, 2.1245, 5.3173, 0, 0.2805, 1.7454, 0.0095, 5.4697, 0.1468, 2.591, 2.3619, 5.2436, 0.2165, 1.8352, 0.082, 6.2922, 0, 0.9306, 0.2446, 1.2443, 4.4145, 1.9766, 1.5155, 1.5601, 1.787, 1.8834, 2.0815, 10.8071, 0, 2.0395, 2.1687, 2.9687, 12.3282, 1.5882]
    ],
    [
      [11.7414, 10.221, 0.4686, 9.0903, 4.2244, 4.3011, 0.0536, 19.5944, 1.3413, 7.6427, 14.1291, 8.6396, 4.9997, 13.5054, 1.5506, 0.4246, 2.841, 6.7091, 4.7797, 2.1968, 8.8645, 9.0311, 0, 2.434, 0.7839, 2.479, 5.8055, 0.3175, 5.7667, 8.3244, 6.9912, 0.4931, 5.0255, 2.6268, 15.9965, 0, 2.0054, 1.0155, 2.1719, 11.6237, 6.7877, 10.977, 6.6586, 3.2831, 4.2498, 5.2099, 15.5429, 0.0937, 6.1009, 7.5122, 8.3881, 42.2126, 2.4183],
      [106.756, 109.6126, 44.6524, 81.919, 50.6788, 32.3395, 1.5076, 265.0237, 37.7341, 74.6331, 231.2567, 85.807, 53.5263, 250.886, 3.8448, 4, 45.1925, 74.2586, 70.0501, 67.6893, 67.9044, 69.1856, 2.9606, 14.6419, 19.7637, 7.5931, 44.7754, 7.4189, 97.0705, 53.5917, 103.8409, 5.3042, 32.8486, 10.7519, 132.6034, 0, 23.5644, 6.9041, 25.3182, 139.9317, 95.5141, 142.8845, 72.9997, 32.2143, 40.0162, 28.0994, 241.7224, 2.7239, 107.8457, 76.5862, 95.3896, 362.685, 27.2261],
      [6.9156, 8.9917, 2.648, 9.0364, 6.016, 4.2511, 0.2241, 18.8731, 1.2309, 3.1712, 11.6524, 12.1381, 5.1937, 8.9633, 1.9513, 0, 4.1226, 7.1928, 7.9113, 5.3788, 5.6352, 7.8389, 0.0394, 0.6828, 0.0377, 1.8267, 2.7986, 0, 4.0773, 8.034, 8.0371, 0.2652, 4.7717, 0.8172, 13.6604, 0, 1.5517, 0.8575, 2.3081, 23.067, 7.7734, 6.865, 4.2433, 2.9717, 3.7675, 7.5855, 18.8875, 0.1825, 7.1339, 7.1468, 5.4012, 32.6173, 1.8595],
      [14.5869, 14.1747, 5.2309, 12.9543, 8.0808, 7.1083, 0.2147, 29.5088, 2.6937, 7.553, 31.9619, 11.4152, 8.2804, 18.6454, 0.6533, 0.5754, 5.8438, 10.8396, 9.2589, 8.7351, 7.5958, 14.9443, 0, 2.2413, 2.4147, 1.1012, 5.6205, 0.2636, 11.0854, 11.05, 12.1308, 0.9376, 5.3542, 0.8041, 16.7397, 0, 1.8786, 2.223, 3.2018, 23.3776, 10.9248, 13.2736, 10.0984, 6.5309, 4.9665, 8.1053, 25.8472, 0, 9.9195, 11.7547, 11.8212, 47.4851, 2.4961]
    ],
    [
      [5.6308, 3.1573, 0, 2.4288, 1.5836, 2.4475, 0, 2.3356, 0.1434, 1.0932, 2.6883, 4.2797, 1.9594, 6.3828, 0, 0.5754, 0.403, 2.1457, 1.0239, 0, 2.8545, 3.8524, 0, 0.2469, 0.9097, 0, 2.3438, 0.2905, 1.9233, 0.8994, 2.0439, 0.0586, 1.1658, 0, 4.5382, 0, 0.6983, 0, 0.4877, 2.4077, 1.078, 1.1196, 1.5287, 0.6268, 1.767, 0.8834, 4.7211, 0, 0.5833, 1.3287, 2.1738, 6.8817, 0.87],
      [2.0792, 0.7202, 0.1428, 0.341, 0.3821, 0, 0.0169, 0.7682, 0.2784, 0.4594, 2.6706, 1.0903, 0.4401, 2.4104, 0.1106, 0, 0.2808, 0.3611, 0.812, 0.9109, 1.1637, 0.2858, 0, 0, 0.8942, 0, 0.8094, 0.0174, 1.1114, 0, 0.8999, 0, 0, 0.7398, 1.2831, 0, 0.1789, 0, 0, 1.8932, 0.1939, 0.4376, 0.4493, 0.0703, 0.3344, 0, 2.8425, 0, 0.4275, 0.0744, 0.6099, 2.3751, 0.2222],
      [932.3438, 762.2622, 294.2768, 660.1304, 612.78, 657.5917, 95.8307, 640.5683, 86.9971, 130.1956, 602.1712, 1340.5733, 561.9573, 916.1195, 16.6848, 4, 227.5824, 604.6762, 570.95, 495.8458, 612.039, 862.1239, 8, 34.7781, 38.1255, 20.6633, 252.8705, 8.5179, 341.3097, 282.915, 721.8967, 34.032, 365.4433, 81.8017, 1155.2284, 7, 133.0776, 17.4676, 153.6178, 1219.0907, 354.8795, 175.1106, 240.9725, 140.2968, 445.4427, 338.6525, 1826.5522, 19, 265.2487, 336.4144, 359.4516, 1675.0792, 196.8471],
      [13.9462, 8.8603, 4.5805, 7.0997, 6.2543, 7.9608, 1.1524, 7.3279, 1.5812, 2.2519, 10.4699, 8.0567, 6.6432, 14.0872, 0.2046, 0.4246, 2.7338, 6.817, 5.2142, 6.2433, 5.9428, 10.7379, 0, 0.9749, 2.0706, 0.3367, 3.9764, 0.1742, 6.6555, 3.1856, 8.1595, 0.9094, 3.3909, 0.4585, 9.9504, 0, 1.0452, 0.5324, 1.8945, 9.6085, 3.8486, 2.3322, 4.0495, 2.0061, 4.4559, 3.4641, 17.8841, 0, 2.7405, 4.1825, 5.7648, 17.6639, 2.0607]
    ],
    [
      [8.5726, 5.304, 0.5592, 3.4879, 1.1833, 1.8132, 0.1213, 7.3324, 0.7755, 3.9807, 5.2612, 5.3694, 3.5474, 11.0995, 0, 0, 2.181, 2.761, 3.6583, 1.0457, 5.4015, 11.6659, 0, 0.6045, 0.2771, 0.6049, 5.8153, 0.4008, 4.697, 2.8414, 2.6675, 0.3426, 4.5212, 3.1113, 8.8435, 0, 2.5986, 0, 0.8533, 6.1881, 3.5517, 2.845, 3.1406, 1.6018, 4.0164, 2.3896, 12.4313, 0.6475, 2.0105, 2.3837, 3.4119, 13.3967, 1.1689],
      [22.2829, 16.2523, 5.127, 8.9607, 4.0215, 3.86, 0.7964, 28.4251, 5.9729, 11.102, 24.7036, 15.2431, 10.8043, 59.7051, 0, 0, 9.8105, 8.7045, 15.2699, 7.361, 11.7714, 25.544, 0, 0.9944, 2.399, 0.3491, 12.7874, 2.7825, 22.6682, 5.2413, 11.3037, 1.3474, 8.3596, 2.7393, 20.9723, 0, 8.5746, 0, 2.8191, 21.3374, 14.2514, 10.751, 9.8382, 4.4283, 10.7103, 4.4592, 55.4148, 2.9454, 10.0556, 6.9218, 11.0883, 32.9865, 3.6763],
      [11.2428, 10.391, 2.4451, 7.725, 3.7635, 3.9902, 1.1815, 15.7162, 1.6301, 4.034, 9.724, 16.7859, 8.2071, 16.9004, 0, 0, 7.0765, 6.6038, 13.5014, 4.615, 7.6256, 22.4888, 0, 0.433, 0.2157, 0.7118, 6.3935, 0.2751, 7.5754, 6.173, 6.823, 0.6016, 9.5673, 1.7545, 16.7737, 0, 4.4903, 0, 2.0639, 27.3931, 9.0766, 4.2537, 4.5263, 3.2411, 7.9342, 9.2742, 33.533, 1.4071, 5.1952, 5.0676, 4.9536, 22.9589, 2.0106],
      [18.9017, 13.0527, 3.8687, 8.8265, 4.0316, 5.3366, 0.9009, 19.5263, 2.6214, 6.8833, 21.3112, 12.6017, 10.4413, 27.295, 0, 0, 7.932, 7.9307, 12.5705, 5.9783, 8.2015, 34.3012, 0, 0.9681, 2.1081, 0.3342, 10.0038, 0.5416, 16.0594, 6.7443, 8.2058, 1.7084, 8.5519, 1.395, 16.4104, 0, 4.3366, 0, 2.2637, 22.0814, 10.1203, 6.1503, 8.4948, 5.7288, 8.3391, 7.8769, 36.621, 0, 5.7386, 6.6268, 8.5461, 26.6579, 2.1442]
    ],
    [
      [0.7237, 0.7261, 0.1179, 0.5497, 0.2622, 0.4866, 0, 0.4335, 0.1265, 0.3933, 0.8063, 0.7259, 0.4718, 1.1906, 0.0086, 0, 0.1528, 0.5464, 0.2877, 0.1718, 0.9128, 0.7238, 0, 0, 0.0628, 0, 0.357, 0.061, 0.5834, 0.2678, 0.6941, 0, 0.3309, 0.2821, 1.0275, 0, 0.1587, 0, 0.2178, 0.5324, 0.2331, 0.3889, 0.4866, 0.1155, 0.4307, 0.23, 1.2151, 0.055, 0.2123, 0.3276, 0.4875, 2.5667, 0.1194],
      [2.8542, 3.3741, 1.6638, 2.1396, 1.3448, 1.5643, 0, 2.552, 1.4695, 1.6632, 5.7495, 3.1193, 2.1731, 9.6917, 0.0081, 0, 1.0374, 2.6077, 1.8214, 1.848, 3.0235, 2.4054, 0.1746, 0, 0.7708, 0, 1.1833, 0.5477, 4.2596, 0.7486, 4.4585, 0, 0.9255, 0.3879, 3.7013, 0, 0.784, 0, 1.0756, 2.7879, 1.4164, 2.2211, 2.3053, 0.4798, 1.7347, 0.6351, 8.2373, 0.17, 1.611, 1.4389, 2.3947, 9.6253, 0.5594],
      [22.0766, 33.1531, 12.476, 28.3972, 19.5258, 24.9577, 0, 21.5948, 6.5011, 9.5176, 34.6077, 52.5911, 25.4499, 41.9941, 0.9701, 0, 11.6491, 30.5581, 24.8173, 17.9029, 30.147, 32.4132, 0.8254, 0, 1.2337, 0, 9.1808, 1.2288, 21.9827, 13.6534, 41.3691, 0, 16.4328, 4.0516, 45.2702, 0, 6.5036, 0, 12.5005, 54.6987, 13.9599, 13.6347, 16.4547, 5.5512, 19.9629, 20.5794, 76.0301, 1.7749, 12.9046, 16.3294, 16.5683, 102.0725, 4.8662],
      [3.3454, 3.7467, 1.7424, 2.9135, 1.8672, 2.9914, 0, 2.4197, 0.9028, 1.4259, 6.8366, 3.5637, 2.9052, 6.1236, 0.0132, 0, 1.1607, 3.2878, 2.0736, 2.0773, 2.9167, 4.4576, 0, 0, 0.9326, 0, 1.2789, 0.1626, 4.1742, 1.3303, 4.4783, 0, 1.3107, 0.2784, 4.0009, 0, 0.5537, 0, 1.2062, 3.981, 1.3906, 1.7554, 2.7534, 0.8535, 1.8717, 1.5555, 7.5175, 0, 1.272, 1.9041, 2.5495, 10.7355, 0.4551]
    ]
  ],
  "V_est": [
    [29.566, 143.9146, 552.2365, 522.2829],
    [1915.4814, 181.5823, 791.4315, 152.5048],
    [339.6456, 3883.2484, 318.6035, 494.5025],
    [86.5612, 31.5888, 22937.4835, 262.3665],
    [182.4838, 597.9209, 380.3248, 467.2705],
    [21.262, 106.745, 1030.9203, 115.0727]
  ],
  "p_est": [
    [0.0237, 0.1153, 0.4425, 0.4185],
    [0.6299, 0.0597, 0.2603, 0.0501],
    [0.0674, 0.7711, 0.0633, 0.0982],
    [0.0037, 0.0014, 0.9837, 0.0113],
    [0.1121, 0.3673, 0.2336, 0.287],
    [0.0167, 0.0838, 0.8092, 0.0903]
  ],
  "EI_Z": {},
  "EI_V": 4.8039,
  "MAE_Z": {},
  "MAE_V": 142.2965,
  "MAE_p": 0.0527,
  "runtime": 0.769
}
