{
  "X": [
    [34, 9, 48, 8, 1],
    [32, 10, 42, 8, 8],
    [28, 11, 47, 8, 6],
    [21, 7, 55, 13, 4],
    [27, 7, 44, 11, 11],
    [37, 12, 44, 2, 5],
    [22, 8, 36, 22, 12],
    [13, 18, 40, 16, 13],
    [22, 19, 31, 21, 7],
    [21, 11, 38, 21, 9],
    [22, 22, 34, 13, 9],
    [17, 12, 46, 20, 5],
    [26, 25, 27, 13, 9],
    [29, 21, 22, 18, 10],
    [29, 27, 19, 17, 8],
    [33, 22, 28, 13, 4],
    [34, 24, 19, 16, 7],
    [28, 25, 23, 10, 14],
    [37, 25, 23, 8, 7],
    [32, 27, 23, 11, 7],
    [37, 25, 22, 9, 7],
    [42, 21, 16, 14, 7],
    [43, 21, 23, 8, 5],
    [38, 25, 19, 13, 5],
    [35, 26, 17, 16, 6],
    [13, 20, 26, 22, 19],
    [15, 25, 12, 28, 20],
    [12, 20, 28, 21, 19],
    [10, 23, 33, 15, 19],
    [13, 23, 24, 14, 26],
    [12, 22, 28, 19, 19],
    [17, 11, 43, 19, 10],
    [16, 8, 47, 14, 15],
    [13, 9, 43, 15, 20],
    [13, 10, 45, 13, 19],
    [15, 10, 43, 13, 19],
    [20, 8, 36, 14, 22],
    [16, 11, 39, 12, 22],
    [26, 10, 37, 8, 19],
    [24, 10, 39, 11, 16],
    [18, 7, 39, 10, 26],
    [30, 9, 31, 12, 18],
    [16, 16, 36, 20, 12],
    [19, 14, 40, 15, 12],
    [18, 12, 26, 39, 5],
    [19, 17, 27, 35, 2],
    [23, 12, 22, 35, 8],
    [20, 17, 24, 33, 6],
    [25, 10, 22, 36, 7],
    [15, 14, 31, 33, 7]
  ],
  "W": [
    [58, 8, 4, 8, 8, 3, 5, 6],
    [56, 6, 10, 6, 5, 7, 5, 5],
    [57, 4, 9, 7, 6, 7, 5, 5],
    [61, 2, 7, 2, 7, 4, 7, 10],
    [52, 11, 5, 7, 7, 6, 4, 8],
    [55, 5, 5, 11, 7, 10, 4, 3],
    [18, 45, 1, 3, 9, 8, 12, 4],
    [10, 59, 2, 2, 7, 6, 7, 7],
    [6, 54, 5, 6, 11, 2, 8, 8],
    [12, 47, 7, 4, 6, 8, 11, 5],
    [4, 54, 7, 11, 4, 7, 8, 5],
    [8, 49, 3, 8, 12, 6, 9, 5],
    [3, 30, 27, 12, 8, 5, 8, 7],
    [4, 11, 49, 5, 6, 7, 7, 11],
    [7, 10, 61, 4, 6, 5, 3, 4],
    [6, 6, 66, 3, 2, 5, 3, 9],
    [6, 4, 58, 3, 5, 9, 6, 9],
    [7, 4, 58, 5, 6, 12, 4, 4],
    [5, 8, 43, 22, 4, 9, 6, 3],
    [6, 3, 7, 58, 8, 5, 4, 9],
    [9, 10, 6, 53, 4, 6, 8, 4],
    [4, 7, 8, 57, 3, 8, 7, 6],
    [3, 6, 7, 63, 5, 4, 7, 5],
    [7, 7, 7, 56, 8, 5, 5, 5],
    [6, 7, 7, 59, 5, 3, 7, 6],
    [7, 12, 4, 6, 52, 5, 10, 4],
    [5, 4, 9, 5, 52, 12, 5, 8],
    [7, 11, 5, 10, 53, 5, 6, 3],
    [9, 7, 6, 2, 53, 4, 10, 9],
    [9, 9, 5, 4, 59, 5, 4, 5],
    [4, 8, 6, 5, 54, 5, 6, 12],
    [9, 6, 5, 5, 20, 39, 9, 7],
    [8, 6, 6, 4, 8, 60, 4, 4],
    [8, 8, 6, 3, 7, 57, 7, 4],
    [5, 7, 4, 9, 2, 63, 5, 5],
    [4, 7, 6, 14, 4, 56, 6, 3],
    [9, 6, 5, 5, 7, 47, 13, 8],
    [4, 3, 11, 3, 8, 31, 36, 4],
    [3, 5, 6, 9, 8, 5, 57, 7],
    [3, 7, 7, 6, 8, 7, 55, 7],
    [8, 6, 9, 5, 7, 3, 58, 4],
    [10, 6, 3, 10, 11, 4, 44, 12],
    [4, 10, 4, 5, 7, 3, 60, 7],
    [11, 5, 7, 10, 4, 13, 37, 13],
    [4, 6, 6, 5, 5, 7, 8, 59],
    [5, 7, 5, 6, 7, 7, 5, 58],
    [2, 6, 10, 6, 10, 5, 4, 57],
    [4, 3, 12, 6, 7, 7, 4, 57],
    [5, 7, 6, 2, 7, 10, 5, 58],
    [8, 6, 3, 5, 6, 8, 7, 57]
  ],
  "method": "mcmc",
  "mcmc_stepsize": 3000,
  "mcmc_samples": 100,
  "burn_in": 10000,
  "cond_prob": [
    [
      [0.37931660247, 0.086180901673, 0.46555749727, 0.068944667507, 3.310850364e-07],
      [0.37501243281, 0.24993561209, 0.37496884498, 8.0988169349e-05, 2.1219510208e-06],
      [0.2500889937, 0.4998205301, 0.25007367409, 1.646644904e-05, 3.3566373045e-07],
      [0.2500725322, 6.5554469668e-05, 0.7498414923, 1.9678317249e-05, 7.4271014289e-07],
      [0.24994573712, 0.00014133579393, 0.7498116223, 0.000100156321, 1.1484650814e-06],
      [0.33321705768, 2.3338777038e-05, 0.33348094461, 0.33326141029, 1.7248639106e-05],
      [0.20000812409, 0.00013781151426, 0.39996553507, 0.3998717481, 1.6781217873e-05],
      [0.33322394525, 5.4414964832e-05, 0.33335404606, 0.16673231083, 0.1666352829]
    ],
    [
      [0.35722350326, 0.08920407613, 0.41081859799, 0.07138666138, 0.071367161246],
      [0.49963125098, 0.16664805223, 0.33314011372, 0.00039427295582, 0.00018631011388],
      [0.29989071825, 0.30008814841, 0.39966779382, 0.00023760191119, 0.00011573760144],
      [0.16686584293, 0.16666279725, 0.66645189722, 9.3688649495e-06, 1.009373554e-05],
      [0.19978147572, 0.00023961958068, 0.59974120975, 0.19999626663, 0.00024142832198],
      [0.2855267713, 0.00034275205462, 0.28605952207, 0.42805828452, 1.2670047631e-05],
      [0.20020514604, 1.7432375653e-05, 0.39978326883, 1.1478771557e-05, 0.39998267398],
      [0.19979471277, 2.8126307204e-05, 0.39997789228, 0.00022047480131, 0.39997879385]
    ],
    [
      [0.3158139125, 0.10523721054, 0.45618352189, 0.070151109079, 0.052614245992],
      [0.7497116053, 0.00014222402907, 0.25008269793, 6.2692403968e-05, 7.8033152643e-07],
      [0.22220359091, 0.33330591203, 0.44423523241, 0.0001971737487, 5.8090899461e-05],
      [0.14302000808, 0.28563839217, 0.57127823207, 5.1308987099e-06, 5.8236783447e-05],
      [0.1666414986, 9.404150934e-05, 0.83314135465, 9.3364017725e-05, 2.9741228694e-05],
      [0.14283112579, 1.6040518134e-05, 0.42871007321, 0.4284399904, 2.7700817118e-06],
      [0.19993765366, 0.00010231555658, 0.39996099541, 0.19990949869, 0.20008953669],
      [0.19988661027, 0.0001000078132, 0.40010402538, 2.7584504096e-05, 0.39988177204]
    ],
    [
      [0.24590069573, 0.065565545709, 0.54103052493, 0.11473146829, 0.032771765339],
      [0.49977308162, 0.00025553904519, 0.49986826241, 4.338787491e-06, 9.8778134668e-05],
      [0.14289364845, 0.42839969853, 0.42860173243, 0.00010308551135, 1.8350854911e-06],
      [0.00013003428191, 4.2197340333e-06, 0.99976090949, 1.1309656735e-07, 0.00010472339444],
      [0.14282072964, 7.1547649171e-05, 0.85692926969, 7.6658904529e-05, 0.00010179411357],
      [4.3658518233e-06, 1.1276246549e-06, 0.50001249445, 0.49993263533, 4.9376742346e-05],
      [0.14287713499, 1.1575941721e-06, 0.42854767894, 0.42850217318, 7.1855297141e-05],
      [0.20000932735, 6.708573041e-05, 0.49992788903, 0.10008675661, 0.19990894128]
    ],
    [
      [0.32692551173, 0.057677669668, 0.42313339057, 0.09613083667, 0.096132591355],
      [0.27284063242, 0.1817672432, 0.36357478646, 0.090938237243, 0.09087910067],
      [0.1999918891, 0.39980134012, 0.3998726826, 4.5294707259e-05, 0.00028879347865],
      [0.14293330375, 0.00018164410173, 0.85680775009, 5.0925931545e-05, 2.6376130537e-05],
      [0.14278916892, 5.5289508638e-05, 0.57140951914, 0.28564973647, 9.6285958019e-05],
      [0.16661313434, 0.00010001760815, 0.33319428072, 0.49991179933, 0.00018076800353],
      [0.24995732594, 3.4359777392e-06, 0.25015837441, 0.00012053524677, 0.49976032843],
      [0.24988769616, 5.3020779164e-06, 0.37513219494, 9.8979524631e-05, 0.3748758273]
    ],
    [
      [0.40003390539, 0.10903517311, 0.43639213049, 0.018171890091, 0.036366900918],
      [0.59944105559, 0.00053594140593, 0.39992098885, 1.2869740616e-05, 8.914441561e-05],
      [0.20028164464, 0.39980977821, 0.39969763612, 7.0687912671e-05, 0.00014025313045],
      [0.36360160671, 0.27263847659, 0.36359261204, 8.2082674512e-05, 8.5221984416e-05],
      [0.28556955331, 0.00030148870433, 0.71394112393, 3.5541714691e-06, 0.00018427988172],
      [0.30008506862, 0.099898883801, 0.50007404789, 0.099907538137, 3.4461553567e-05],
      [0.25020891116, 3.1515295965e-05, 0.25036557394, 2.1881550028e-05, 0.49937211806],
      [0.33307694158, 0.00036277271922, 0.33367677451, 1.2520184881e-05, 0.332870991]
    ],
    [
      [0.33332942852, 0.055556768269, 0.33335677555, 0.16665764657, 0.11109938109],
      [0.2666534428, 0.066672978787, 0.35555419235, 0.20002339871, 0.11109598736],
      [1.0126665571e-06, 0.99971610251, 4.950600084e-06, 0.00010643984085, 0.00017149438244],
      [0.00013407254157, 0.66652011296, 0.33330737801, 2.7453885393e-06, 3.5691096837e-05],
      [0.11112589406, 0.11109457044, 0.55546722981, 0.11118835009, 0.1111239556],
      [0.12500236543, 2.1386312394e-05, 0.37497771343, 0.49989521351, 0.00010332131316],
      [0.16666488144, 2.0378250264e-05, 0.33338190985, 0.41658419751, 0.083348632956],
      [3.2895821564e-05, 3.7730214794e-05, 0.25002565146, 3.1878667138e-05, 0.74987184384]
    ],
    [
      [0.29999908729, 0.10000062864, 0.40000218205, 0.099999006214, 0.099999095807],
      [0.16949055555, 0.16949178607, 0.38983074594, 0.15254250079, 0.11864441166],
      [5.3520270262e-06, 0.99998399188, 2.9051932855e-07, 7.0144651547e-06, 3.3511101481e-06],
      [1.5997381063e-06, 0.49999525039, 0.50000287472, 1.1884598533e-07, 1.5630417553e-07],
      [2.2804706371e-06, 0.14285948002, 0.71427680174, 0.1428595625, 1.8752687913e-06],
      [4.6918200611e-06, 0.16666417412, 0.50000106584, 0.33332992996, 1.3826697651e-07],
      [6.334402571e-07, 0.14285781018, 0.28571399666, 0.28571216278, 0.28571539694],
      [5.5683725522e-07, 0.14285911071, 0.28571655072, 0.14285806682, 0.42856571491]
    ],
    [
      [0.49999078429, 0.16666613581, 0.16667631561, 0.16666641419, 3.5009536294e-07],
      [0.24074265989, 0.20370366956, 0.29629883145, 0.2037028425, 0.055551996609],
      [0.19998768637, 0.40000052646, 0.20001060146, 0.2000007227, 4.6301396893e-07],
      [0.16667877333, 0.16668757292, 0.49997812859, 0.16665543241, 9.2754991632e-08],
      [0.18182335649, 0.18180649499, 0.45453195048, 0.18182604956, 1.214848331e-05],
      [1.8733971576e-06, 3.1358500197e-06, 0.49996819447, 0.49999550848, 3.1287798872e-05],
      [0.12499359707, 0.12500816354, 0.25000829845, 0.37497380703, 0.12501613391],
      [0.12499139296, 0.1249917418, 0.25000364967, 0.12503047423, 0.37498274134]
    ],
    [
      [0.33333332492, 0.083333274407, 0.33333327984, 0.16666679099, 0.083333329843],
      [0.2340425598, 0.12765955041, 0.36170212105, 0.19148942921, 0.085106339536],
      [0.14285713141, 0.42857110408, 0.2857142496, 0.14285731979, 1.9511422964e-07],
      [3.7228557609e-07, 1.8619329504e-07, 0.99999935064, 3.1609968833e-08, 5.9273395757e-08],
      [0.16666654264, 1.6244323458e-07, 0.49999995965, 0.33333305007, 2.8519549424e-07],
      [0.12499996364, 3.0052349316e-07, 0.37500009495, 0.4999995773, 6.3584358175e-08],
      [0.18181819831, 0.090909067829, 0.36363652149, 0.18181809304, 0.18181811933],
      [0.19999984705, 4.7908573942e-08, 0.20000030978, 0.20000000559, 0.39999978967]
    ],
    [
      [0.74997535873, 4.1847419167e-06, 0.2500034027, 9.3078348916e-06, 7.7459980179e-06],
      [0.24074050388, 0.2222225138, 0.33333515954, 0.12962839895, 0.074073423831],
      [0.14286215328, 0.57141884189, 0.28571647567, 2.1326701428e-06, 3.9647922068e-07],
      [0.18181794964, 0.27272750009, 0.4545360658, 0.090913307294, 5.1771779503e-06],
      [2.0513264538e-06, 7.3271333105e-06, 0.74998474964, 0.24999794658, 7.9253188526e-06],
      [0.14285439232, 0.14286363205, 0.28571523395, 0.42856258838, 4.1533059154e-06],
      [0.125002749, 0.12499934539, 0.2500035724, 0.12499964402, 0.3749946892],
      [0.20001357863, 0.19999272508, 0.20000030105, 8.171875605e-06, 0.39998522337]
    ],
    [
      [0.49993030103, 6.8637302116e-05, 0.37506358921, 0.12493402205, 3.4504076659e-06],
      [0.16326491565, 0.1632536447, 0.44895863352, 0.18369588077, 0.04082692536],
      [0.00017666563899, 0.66630413926, 0.33334429699, 4.5140769789e-09, 0.00017489359457],
      [0.12500477869, 6.9700194544e-05, 0.74986060027, 0.12506319652, 1.7243224227e-06],
      [0.1666209081, 0.083334483192, 0.49991299751, 0.2500878878, 4.3723399085e-05],
      [0.16657603826, 4.6002626625e-06, 0.33368665765, 0.49973270296, 8.6600321674e-10],
      [0.11122982964, 0.11105128174, 0.44444750685, 0.22221951041, 0.11105187136],
      [6.5810145942e-06, 0.00020987127074, 0.40009941457, 0.19989952305, 0.39978461009]
    ],
    [
      [0.99970774558, 5.3456028395e-05, 0.00010537546826, 2.1163947825e-05, 0.00011225898023],
      [0.23338080815, 0.33328325162, 0.26665745908, 0.10000539488, 0.066673086261],
      [0.25923815893, 0.22229478625, 0.3333212196, 0.11110063918, 0.074045196039],
      [0.2499713395, 0.2500618551, 0.33330459731, 0.083313844514, 0.083348363575],
      [0.25001010563, 0.24993748399, 0.25002569275, 0.25000899767, 1.7719953319e-05],
      [0.19998141822, 0.20001558117, 0.20003065585, 0.39987185442, 0.00010049034235],
      [0.24999633367, 0.24993225788, 0.25005431392, 0.24993244928, 8.4645256732e-05],
      [0.14291536402, 0.14280067892, 0.14283409594, 0.00020006028349, 0.57124980084]
    ],
    [
      [0.74932324821, 0.2497514147, 0.00025495585815, 0.00045794343564, 0.00021243779816],
      [0.27279894946, 0.36333701111, 0.18191134958, 0.091056730962, 0.090895958891],
      [0.28577540144, 0.20420816046, 0.26514797822, 0.16329952908, 0.0815689308],
      [0.19998757254, 0.1998699818, 0.4001811781, 0.19973458599, 0.00022668157679],
      [0.16678252208, 0.16690064388, 0.16673566831, 0.49944803474, 0.00013313098612],
      [0.28565840976, 0.14265515763, 0.14349742573, 0.42806429059, 0.00012471628033],
      [0.28560206383, 0.14275382355, 0.14272128177, 0.1431356548, 0.28578717605],
      [0.2726788711, 0.18177006508, 0.18189577688, 0.091009682249, 0.2726456047]
    ],
    [
      [0.56321931886, 0.14100801414, 0.14978988635, 0.14525630113, 0.00072647952304],
      [0.39980220747, 0.3890381008, 0.10421974267, 0.10089038841, 0.0060495606526],
      [0.27900985718, 0.29684975081, 0.19557765196, 0.16364689059, 0.064915849465],
      [0.24974426274, 0.25334722694, 0.49247512592, 0.004195277088, 0.0002381073084],
      [0.17029877943, 0.16556144643, 0.48215286617, 0.17664270954, 0.0053441984268],
      [0.20375069155, 0.19726861284, 0.016066663901, 0.57918104399, 0.0037329877157],
      [0.0052775965986, 0.0091033119537, 0.0014004976458, 0.32481275778, 0.65940583603],
      [0.24612135761, 0.24857937677, 0.0079210215233, 0.011215205843, 0.48616303825]
    ],
    [
      [0.59622638617, 0.13138904697, 0.23626913163, 0.035874501173, 0.0002409340513],
      [0.66319527254, 0.16568440024, 0.16780062621, 0.0020620201397, 0.0012576808662],
      [0.33635167337, 0.24238868714, 0.27259208293, 0.11548218611, 0.033185370447],
      [0.068828381413, 0.59342506686, 0.33510435156, 0.0026303857941, 1.1814370314e-05],
      [0.0097522158029, 0.0037203956617, 0.78663988434, 0.10025775706, 0.099629747132],
      [0.19903485863, 0.16026811195, 0.59898595282, 0.04022268072, 0.0014883958796],
      [0.0028677962188, 0.13722411872, 0.069187800165, 0.78631622534, 0.0044040595541],
      [0.22383248309, 0.13546411749, 0.20037977681, 0.26467642644, 0.17564719618]
    ],
    [
      [0.66640142229, 0.16667707761, 0.16657433336, 0.0002466913967, 0.00010047534552],
      [0.25001024361, 0.74968356823, 0.00016973169394, 0.00011627720331, 2.0179263686e-05],
      [0.32762930575, 0.24139336675, 0.20687653444, 0.1551533494, 0.068947443665],
      [0.3334484581, 0.00014586479924, 0.66637514511, 2.4896231394e-05, 5.6357576748e-06],
      [0.20004630198, 0.20007777148, 0.19996106982, 0.3998561352, 5.87215195e-05],
      [0.33324265637, 0.2222422642, 0.11108853916, 0.33331622226, 0.00011031801403],
      [0.33326806386, 0.16670986402, 0.16688402209, 0.16658831119, 0.16654973884],
      [0.33329795376, 0.22212466403, 0.11122270069, 0.11115880505, 0.22219587647]
    ],
    [
      [0.63320347081, 0.21560866514, 0.14509351935, 0.0012500204372, 0.0048443242575],
      [0.25644688995, 0.43704598248, 0.24472366136, 0.0019891404892, 0.059794325712],
      [0.26861128555, 0.26322554796, 0.23070463831, 0.088900324823, 0.14855820335],
      [0.24311429691, 0.20112999008, 0.54416980849, 0.0083847157368, 0.0032011887889],
      [0.13158809684, 0.13048866801, 0.27667016185, 0.45763690789, 0.0036161654149],
      [0.26792478669, 0.20867372927, 0.22540083766, 0.1693063725, 0.12869427387],
      [0.19065002013, 0.3008434831, 0.066595888235, 0.001612203625, 0.4402984049],
      [0.24488399908, 0.24485824751, 0.068129519661, 0.00030103617708, 0.44182719758]
    ],
    [
      [0.59950752282, 0.20000094799, 0.20049075721, 3.4475209517e-07, 4.2722537984e-07],
      [0.49984561722, 0.37469207075, 0.12530747722, 0.00015406381778, 7.7099407862e-07],
      [0.34877991982, 0.27929861466, 0.23241532897, 0.0697673766, 0.069738759939],
      [0.36391594824, 0.22716056231, 0.31801400527, 0.045510685548, 0.04539879864],
      [0.25000093366, 0.249692768, 0.2506142077, 0.24969203536, 5.5277357247e-08],
      [0.33360743192, 0.2219488562, 0.22235866546, 0.22208501057, 3.5848299072e-08],
      [0.33312852268, 0.16646166114, 0.16666706333, 0.16666605948, 0.16707669337],
      [0.33292275883, 1.7160264259e-06, 0.00041064487144, 1.2987726204e-06, 0.6666635815]
    ],
    [
      [0.66654787793, 0.16671610995, 0.16672431621, 2.8170969134e-06, 8.8788102165e-06],
      [0.6665235539, 0.33319800696, 3.5909941798e-05, 0.00023632108045, 6.2081197158e-06],
      [0.28572092984, 0.57135324871, 0.14282526112, 5.0831044116e-05, 4.9729293479e-05],
      [0.31035446613, 0.25864733145, 0.25860679317, 0.10343397562, 0.068957433636],
      [0.24995715296, 0.24994240953, 0.37498055172, 0.12502217207, 9.7713721063e-05],
      [0.20019699792, 0.19992726677, 0.20000436492, 0.39986776635, 3.6040329773e-06],
      [0.25015520213, 0.24993086022, 0.00010356649445, 0.49980253345, 7.8377107307e-06],
      [0.22214150053, 0.22224358929, 0.22225500408, 0.00011348763895, 0.33324641845]
    ],
    [
      [0.6660482061, 0.22219413269, 0.1115666397, 2.4869658379e-05, 0.00016615184711],
      [0.40001440902, 0.39982693492, 0.19986204076, 0.00014844678954, 0.00014816850527],
      [0.33372375037, 0.16667896348, 0.4994029681, 1.4406663449e-05, 0.00017991138869],
      [0.35852494539, 0.24535069545, 0.26408440567, 0.075483495895, 0.056556457586],
      [0.25003884402, 0.25051993267, 6.9616723291e-05, 0.4993562554, 1.5351186008e-05],
      [0.33325404789, 0.16665410279, 0.16673257928, 0.33331759556, 4.1674481698e-05],
      [0.25031886292, 0.2496927673, 0.1251918464, 0.12497971042, 0.24981681296],
      [0.24975671998, 0.24969408276, 0.00054495297053, 0.00010292611487, 0.49990131817]
    ],
    [
      [0.99994589148, 2.0324140089e-05, 2.1498787175e-06, 3.1294419826e-05, 3.400828718e-07],
      [0.57138118002, 0.28568485639, 0.14286230969, 5.3616809303e-05, 1.8037089328e-05],
      [0.37495867228, 0.37500248056, 0.12501957248, 0.12500178374, 1.7490946016e-05],
      [0.40353253559, 0.22806898028, 0.1929746769, 0.12279866677, 0.052625140465],
      [0.33328906631, 6.8102145643e-07, 0.3333353841, 0.33337486551, 3.0531885022e-09],
      [0.3749623671, 0.12504868091, 0.12497536534, 0.37495660767, 5.6978979235e-05],
      [0.28573955008, 0.14285626575, 0.1428696601, 0.28567844952, 0.14285607455],
      [0.33329688016, 0.16663127297, 5.7562317793e-05, 7.2437361554e-05, 0.49994184719]
    ],
    [
      [0.9994240603, 0.00027646032876, 0.00029299949539, 2.4107602451e-06, 4.0691142358e-06],
      [0.33273827181, 0.49951887846, 0.16667315535, 0.0010599712806, 9.7230969319e-06],
      [0.42844932217, 0.28611436779, 0.28492227321, 0.00039547450558, 0.00011856232121],
      [0.42877140018, 0.20637747004, 0.23818162077, 0.079219901282, 0.047449607725],
      [0.39943471709, 0.20018612096, 0.3996586076, 0.00055654207471, 0.00016401227522],
      [0.24980527441, 0.00021905802025, 0.24931211607, 0.49930515758, 0.0013583939202],
      [0.42856953674, 0.14274907338, 0.14297653719, 0.14284925222, 0.14285560047],
      [0.39943465629, 0.1992851621, 0.20056135715, 1.2546298811e-05, 0.20070627816]
    ],
    [
      [0.71424143245, 0.14288078874, 0.1428692395, 5.6826581731e-06, 2.8566501629e-06],
      [0.57140875527, 0.28569707355, 0.14285826381, 3.4921279078e-05, 9.8609757494e-07],
      [0.28570569595, 0.42856532339, 0.28571795684, 3.0313389039e-06, 7.9924777654e-06],
      [0.37501114359, 0.25000032253, 0.21427650074, 0.12499681386, 0.035715219286],
      [0.3749888814, 0.24999432522, 0.24999227413, 0.12500787525, 1.6643992981e-05],
      [0.1999951202, 0.19997268234, 0.20000785742, 0.40001675683, 7.5832140205e-06],
      [0.19999417528, 0.2000371229, 2.1521133661e-05, 0.59993587455, 1.130613884e-05],
      [0.20000544892, 0.19999520215, 6.2530365531e-05, 9.3636244847e-06, 0.59992745494]
    ],
    [
      [0.66666401675, 0.16666759641, 0.16666638288, 1.328902407e-06, 6.7506017112e-07],
      [0.4285690389, 0.28571317619, 0.14285794062, 0.14285880129, 1.0430065651e-06],
      [0.28571442079, 0.42856975055, 0.1428575946, 0.14285753176, 7.0231386478e-07],
      [0.33898390885, 0.28813552822, 0.1694913169, 0.15254201912, 0.050847226904],
      [0.19999980831, 0.20000024287, 0.39999870491, 0.20000027634, 9.6756432321e-07],
      [0.33333124599, 1.1841404296e-06, 8.3193551058e-07, 0.66666557156, 1.1663675323e-06],
      [0.28571361994, 0.14285808911, 0.14285795014, 0.28571337688, 0.14285696394],
      [0.33333215672, 0.16666772977, 0.16666726463, 1.1387824615e-06, 0.3333317101]
    ],
    [
      [0.42850932845, 0.14289280523, 0.14292425788, 0.14283091996, 0.14284268848],
      [0.24997290131, 0.16668050309, 0.24998620255, 0.16667205225, 0.1666883408],
      [3.0115197847e-05, 0.74991034502, 0.24997719401, 5.6600802531e-05, 2.5744962526e-05],
      [7.0001114431e-05, 0.16666037881, 0.4999680208, 0.16666539863, 0.16663620064],
      [0.11537457454, 0.19231239958, 0.2692380518, 0.2499994012, 0.17307557288],
      [4.8929473168e-05, 0.19998604806, 0.19996722577, 0.59995746322, 4.0333487091e-05],
      [0.10002620498, 0.19996837185, 0.19998704684, 0.19999399461, 0.30002438172],
      [5.8711103687e-05, 3.0484100138e-05, 0.24997339311, 5.1003454145e-05, 0.74988640823]
    ],
    [
      [0.39775934796, 0.20000080895, 0.00030240255273, 0.20107380382, 0.20086363672],
      [0.49825751854, 0.25128529218, 6.1677076592e-08, 0.24906891957, 0.0013882080373],
      [0.22281846904, 0.33344549604, 0.11050472238, 0.22257958036, 0.11065173218],
      [0.0025134259592, 0.20139385899, 0.3976050684, 0.19869816369, 0.19978948296],
      [0.13434474591, 0.2501506219, 0.15383112673, 0.26933591524, 0.19233759022],
      [0.083118591661, 0.24934709311, 0.084185891415, 0.41670847651, 0.16663994731],
      [0.0023317392546, 0.19878951969, 0.0012934587155, 0.39876895287, 0.39881632947],
      [0.12565390639, 0.24911637161, 4.1457548133e-07, 0.25022927327, 0.37500003416]
    ],
    [
      [0.42853462241, 0.14284291328, 0.14286261498, 0.1428716186, 0.14288823073],
      [0.18181776871, 0.18183894119, 0.27272511241, 0.18180636456, 0.18181181313],
      [1.0445592317e-05, 0.59994112311, 0.19999465233, 0.1999987134, 5.5065570117e-05],
      [0.10003977939, 0.2000135861, 0.39997266266, 0.19998231034, 0.099991661513],
      [0.1131980972, 0.18867895665, 0.30189456101, 0.2075461757, 0.18868220943],
      [2.7468107573e-05, 0.2000032261, 0.39994961831, 0.39999253681, 2.7150666046e-05],
      [6.2488981727e-06, 0.16666827425, 0.16668586126, 0.33334294821, 0.33329666738],
      [4.6059981702e-05, 6.4329459664e-06, 3.5258521315e-06, 8.143460836e-05, 0.99986254661]
    ],
    [
      [0.33325478933, 0.22227371171, 0.22220882575, 0.11111547152, 0.11114720169],
      [0.14280898434, 0.28572997019, 0.28581738628, 0.14284713555, 0.14279652363],
      [0.00016878503342, 0.49983196045, 0.33319011338, 0.00015510718094, 0.16665403396],
      [1.1342184186e-05, 0.00025495393928, 0.99948647246, 3.3770493221e-05, 0.00021346091897],
      [0.094334486474, 0.22639755326, 0.35851884678, 0.13207243899, 0.18867667449],
      [1.0547794933e-05, 7.4388637703e-05, 0.25009052206, 0.74979173227, 3.2809231288e-05],
      [0.10000179405, 0.20000659533, 0.29994333541, 0.19995168955, 0.20009658565],
      [2.4521794443e-05, 0.22227681132, 0.22222121302, 0.11116772583, 0.44430972803]
    ],
    [
      [0.22640483716, 0.2152407674, 0.2201282489, 0.10532274109, 0.23290340544],
      [0.22686836345, 0.21272832639, 0.2142296949, 0.12387811832, 0.22229549694],
      [0.37674454731, 0.23376133525, 0.18754721166, 0.012573584919, 0.18937332086],
      [0.015780715987, 0.73096600853, 0.01861106099, 5.5729827051e-05, 0.23458648466],
      [0.11676432755, 0.2223207972, 0.27338668407, 0.1339872147, 0.25354097648],
      [0.01460368886, 0.18937992653, 0.38911758401, 0.20867478856, 0.19822401204],
      [0.0027778019719, 0.00029071986617, 0.01598550487, 0.70235680032, 0.27858917297],
      [9.4123247076e-05, 0.1981235797, 0.18785078078, 0.023210921987, 0.59072059428]
    ],
    [
      [0.74887599646, 1.6725743249e-05, 0.25003807485, 2.405283928e-05, 0.0010451501067],
      [0.25049434195, 0.25053252793, 0.248955301, 0.12448605406, 0.12553177507],
      [0.001432827219, 0.49857926406, 0.16737671509, 0.165952077, 0.16665911662],
      [0.00087210050717, 0.39912893963, 0.59914927146, 3.7017699456e-06, 0.00084598662713],
      [0.11087561605, 0.20377942674, 0.29637238965, 0.20393957203, 0.18503299553],
      [1.6168623649e-05, 0.20085017498, 0.20083068316, 0.59827701935, 2.5953880682e-05],
      [0.00071847263403, 0.16667696578, 0.16665982188, 0.16736070804, 0.49858403167],
      [0.082992405577, 0.1666792398, 0.2499981047, 0.16666651256, 0.33366373736]
    ],
    [
      [0.55552162007, 4.5175458887e-06, 0.33333710894, 0.11112797017, 8.7832756284e-06],
      [0.16667230295, 0.33329647059, 0.33335271357, 0.16667830151, 2.1137823406e-07],
      [1.568111818e-05, 0.59994527533, 0.40000288601, 1.5977157204e-05, 2.018037914e-05],
      [8.0026378248e-06, 4.4780586022e-05, 0.99993076673, 4.0227422394e-07, 1.6047776539e-05],
      [0.15000602345, 0.099999904738, 0.44999567101, 0.20000415744, 0.099994243363],
      [0.15384595081, 0.1025678874, 0.41025831159, 0.25640435464, 0.076923495568],
      [0.11111636977, 8.9236859564e-06, 0.33334962426, 0.22220474485, 0.33332033744],
      [0.14285618636, 6.0319181813e-07, 0.42857818344, 0.14285726843, 0.28570775859]
    ],
    [
      [0.37499978394, 1.7184435624e-05, 0.37498349804, 0.12499860469, 0.12500092889],
      [0.4999864552, 0.16665497049, 0.33332275734, 2.2905471025e-05, 1.2911498214e-05],
      [2.2985006237e-06, 0.50000699499, 0.49997706516, 1.2606876533e-07, 1.3515283212e-05],
      [1.6743785721e-05, 1.7477916993e-05, 0.99995771529, 3.7355133991e-06, 4.3274930958e-06],
      [0.12500102402, 3.0056240723e-06, 0.62500263748, 0.12499319999, 0.12500013288],
      [0.14999958872, 0.066663066243, 0.46667580334, 0.16666633156, 0.14999521014],
      [5.0397999713e-07, 2.1979603791e-06, 0.24998279774, 0.49996494059, 0.25004955973],
      [4.1749770051e-06, 1.002144667e-06, 0.25000043203, 1.8193841777e-05, 0.74997619701]
    ],
    [
      [0.37500154913, 1.2403210164e-06, 0.3749984439, 0.12499976864, 0.12499899801],
      [0.37499893884, 1.6490486656e-07, 0.37499791774, 0.12500089019, 0.12500208833],
      [3.2371320661e-07, 0.50000170807, 0.33333052177, 3.8133068267e-07, 0.16666706511],
      [2.5518945766e-06, 0.33333315186, 0.66666289767, 5.1677535418e-07, 8.8180549571e-07],
      [2.5458969675e-06, 4.7507886333e-07, 0.714282303, 0.14285875753, 0.14285591849],
      [0.12280641311, 0.087718791118, 0.42105403278, 0.17543839193, 0.19298237107],
      [1.501270271e-07, 4.9019679443e-07, 0.42857036818, 0.28571277118, 0.28571622032],
      [5.1969395332e-07, 3.008839355e-07, 0.25000217916, 4.6256526956e-07, 0.7499965377]
    ],
    [
      [0.59939981683, 0.00057827254391, 0.39992813907, 3.6168125711e-05, 5.7603431158e-05],
      [0.14293405517, 0.28508915262, 0.42828229719, 0.00014624328341, 0.14354825174],
      [1.8138004449e-05, 0.49968084546, 0.49971649753, 0.00010409744132, 0.00048042155759],
      [0.11120646235, 0.00049892964012, 0.66609448995, 0.11094846684, 0.11125165122],
      [0.00097020841825, 1.0022636187e-06, 0.0011262976661, 0.99784576623, 5.6725421998e-05],
      [0.12691923558, 0.095138821019, 0.44458548559, 0.15876820447, 0.17458825333],
      [0.00013167503943, 0.00042350642474, 0.400139284, 4.6240631382e-05, 0.5992592939],
      [0.00060423654555, 0.00048111190329, 0.39936644343, 0.00030464950935, 0.59924355862]
    ],
    [
      [0.74844218687, 7.0883116715e-05, 0.24999931491, 1.3082114814e-06, 0.0014863068907],
      [0.28607791971, 0.1424931951, 0.42772204674, 0.00044497497923, 0.14326186348],
      [8.3347477504e-07, 0.50042224604, 0.33243719431, 0.00047201723399, 0.16666770894],
      [0.14330194345, 0.071813503095, 0.5707403086, 0.071226541648, 0.1429177032],
      [1.0520669933e-06, 8.3569828967e-07, 0.50077741461, 0.49844252344, 0.00077817418477],
      [0.14279134346, 0.089184468167, 0.42874360687, 0.1608202123, 0.17846036921],
      [9.4383665696e-05, 1.2415150615e-06, 0.33470193091, 0.16619474362, 0.49900770029],
      [0.00018928713933, 1.9100253399e-07, 0.33333256608, 1.9372490434e-06, 0.66647601852]
    ],
    [
      [0.44443872563, 1.2290044622e-07, 0.33333324709, 0.11111112448, 0.11111677991],
      [0.16668382167, 0.33331613182, 0.33331618731, 1.7231012246e-05, 0.16666662819],
      [0.19998968513, 0.40001009383, 0.19998981297, 1.2084362619e-07, 0.20001028722],
      [0.20001036591, 1.0260560144e-05, 0.59998963451, 6.2540037005e-08, 0.19998967648],
      [0.14287181226, 1.0845960514e-08, 0.71427824857, 6.0456190865e-08, 0.14284986786],
      [0.19148605829, 0.063828699766, 0.34042993859, 0.19148824256, 0.21276706079],
      [0.15383827246, 0.076927000775, 0.30770023597, 0.23076523299, 0.23076925781],
      [0.12501291459, 4.4505051211e-08, 0.24999356169, 0.12499996554, 0.49999351368]
    ],
    [
      [0.74998797123, 2.4900874068e-07, 0.25000150962, 8.6958878307e-06, 1.5742468684e-06],
      [0.66666421156, 2.0757020426e-06, 0.33332197578, 1.1606919309e-05, 1.3003871702e-07],
      [0.090908167448, 0.27273980514, 0.3636327371, 0.090905408202, 0.1818138821],
      [1.366314886e-05, 0.6666391276, 0.33334677429, 2.5725426847e-07, 1.7770574753e-07],
      [0.12500005814, 7.7046577712e-08, 0.6250003601, 0.12499797586, 0.12500152886],
      [0.12903269556, 0.096771524885, 0.38709670477, 0.19354437588, 0.19355469892],
      [0.13888821639, 0.083333855347, 0.38889026536, 0.11111303808, 0.27777462482],
      [8.7079065887e-06, 2.1430207168e-07, 0.24999433039, 1.0325913205e-05, 0.74998642149]
    ],
    [
      [0.66653914065, 2.0831983314e-07, 0.33333403424, 6.0822435164e-07, 0.0001260085666],
      [0.59996062086, 0.20007467688, 0.19996324535, 8.016865146e-07, 6.552204502e-07],
      [0.16666762296, 0.33330075225, 0.33333371046, 3.0920544257e-07, 0.16669760512],
      [0.22222311887, 0.22220052069, 0.44444425973, 2.1431573586e-05, 0.11111066914],
      [0.24999985106, 4.702340149e-05, 0.62497477335, 9.7840572926e-07, 0.12497737378],
      [0.20003735493, 1.3980389183e-06, 0.2000377919, 0.59988526578, 3.8189347408e-05],
      [0.24562069504, 0.087709504023, 0.36841779366, 0.087725646612, 0.21052636067],
      [0.14285720943, 2.741202903e-05, 0.28576852645, 4.8777997833e-07, 0.57134636431]
    ],
    [
      [0.66666367777, 7.6836041188e-07, 0.33333338832, 1.1852640649e-06, 9.8028945217e-07],
      [0.57142690573, 8.2112906503e-07, 0.28571505984, 3.3429196161e-07, 0.14285687901],
      [0.1428574611, 0.42856961089, 0.2857152704, 9.1034861727e-07, 0.14285674726],
      [0.16666746898, 0.33333179712, 0.49999975763, 3.1121214115e-07, 6.6505847103e-07],
      [0.12500012757, 9.9013513952e-07, 0.74999775137, 5.7875148813e-07, 0.12500055217],
      [0.1428574109, 6.3757267825e-07, 0.2857155043, 0.42856972855, 0.14285671868],
      [0.23636377986, 0.090909024236, 0.38181815478, 0.14545437305, 0.14545466808],
      [0.14285754226, 7.3870463187e-07, 0.28571427482, 3.7387260547e-07, 0.57142707035]
    ],
    [
      [0.37451140663, 2.8704505173e-05, 0.37515932411, 0.00016558495303, 0.2501349798],
      [0.49998538842, 0.00066449979682, 0.33287555496, 1.517021278e-06, 0.1664730398],
      [0.11128264212, 0.33301117512, 0.33348400867, 1.4311261158e-05, 0.22220786283],
      [0.00027839841053, 3.0129914209e-05, 0.79968264242, 1.4940312267e-05, 0.19999388894],
      [0.14286356734, 0.00017831604427, 0.42875796782, 0.28552952728, 0.14267062152],
      [2.6773549425e-05, 9.0051557856e-06, 0.33413517026, 0.66579098534, 3.8065697876e-05],
      [0.17240648785, 0.068896340639, 0.37927240365, 0.10348782762, 0.27593694023],
      [0.00033976443875, 0.00031728867674, 0.25004802251, 2.2266547926e-05, 0.74927265783]
    ],
    [
      [0.4999934133, 7.832727241e-05, 0.29992942251, 0.10000028847, 0.099998548446],
      [0.33329408186, 0.33332988745, 0.16674762137, 3.2102667541e-06, 0.16662519904],
      [9.438527002e-05, 0.99973109706, 5.38660529e-06, 8.523060402e-05, 8.3900464475e-05],
      [0.30007958702, 2.5624456506e-05, 0.49991969765, 0.099976185181, 0.09999890569],
      [0.27270296271, 2.2886373894e-05, 0.45452244641, 0.18184194577, 0.09090975874],
      [0.24999673024, 6.6905579577e-05, 0.25006969768, 0.49986591111, 7.5539322952e-07],
      [0.29545458727, 0.06817024184, 0.29547609376, 0.11363069436, 0.22726838278],
      [0.24995841659, 0.083314821119, 0.250002757, 0.083373725878, 0.33335027942]
    ],
    [
      [0.74998865694, 6.3153760395e-08, 0.24999482104, 1.5221070027e-05, 1.2378002007e-06],
      [0.20000538381, 0.20000249022, 0.29999689555, 0.19999518381, 0.10000004662],
      [2.1616063338e-06, 0.74998129187, 0.25000672412, 1.5036296877e-06, 8.3187749503e-06],
      [3.023185448e-06, 9.9248745707e-07, 0.7999963958, 0.19999945107, 1.3745615426e-07],
      [0.14285708119, 0.1428576132, 0.42856228507, 0.28571420898, 8.8115633906e-06],
      [2.6410758996e-06, 1.0561939382e-05, 0.33334275609, 0.66664372929, 3.1160753916e-07],
      [0.14999889724, 0.14999951401, 0.35000219626, 0.20000004093, 0.14999935155],
      [0.14286092082, 0.14286269953, 0.28570669219, 0.14286441442, 0.28570527304]
    ],
    [
      [0.36363634711, 0.090909096124, 0.36363638724, 0.090909091719, 0.090909077806],
      [0.39999997946, 0.20000000811, 0.39999996719, 2.7652268627e-08, 1.7583780713e-08],
      [0.14285714608, 0.42857136766, 0.28571433254, 0.14285715038, 3.3440160416e-09],
      [0.10000001832, 0.20000003706, 0.4999999486, 0.10000000437, 0.099999991654],
      [4.2337098061e-08, 1.9189538291e-08, 0.74999994011, 0.24999999359, 4.7720004406e-09],
      [0.15384617626, 0.076923086834, 0.3846153971, 0.30769227083, 0.07692306898],
      [0.18918918397, 0.13513512869, 0.37837838459, 0.16216216239, 0.13513514037],
      [0.15384613933, 0.076923076218, 0.38461537985, 0.076923096389, 0.30769230821]
    ],
    [
      [0.49997625261, 1.8100178171e-05, 0.25000014854, 0.24999968575, 5.8129174282e-06],
      [0.49997836278, 7.2351902064e-06, 0.16667340376, 0.33333617122, 4.8270506999e-06],
      [0.16667007524, 0.33332401805, 0.16666494742, 0.33334015551, 8.0378328156e-07],
      [1.6306301083e-05, 0.59997539974, 0.20000137632, 0.20000292815, 3.9894887592e-06],
      [1.1140016577e-05, 1.2522924208e-05, 0.79997128969, 0.20000391984, 1.1275300667e-06],
      [0.14285724172, 7.707253998e-06, 0.14285903468, 0.71427264288, 3.3734691622e-06],
      [0.12500441887, 7.8357244922e-06, 0.24999473963, 0.49999379303, 0.12499921274],
      [0.16949205232, 0.11864209881, 0.25423957303, 0.38983135953, 0.067794916305]
    ],
    [
      [0.59999330104, 5.4456350142e-06, 0.20002026696, 0.19998095074, 3.5629561946e-08],
      [0.28569912151, 0.28573946884, 0.14287457009, 0.28568652987, 3.0968973967e-07],
      [1.3402347096e-06, 0.59997688155, 0.19998304115, 0.20003689611, 1.8409539226e-06],
      [0.16667085137, 0.16667030303, 0.33334488275, 0.33331389703, 6.5816218029e-08],
      [0.14286916012, 0.14285593418, 0.4285567584, 0.28571781964, 3.2765610866e-07],
      [0.14286980473, 0.14288508757, 0.42854007193, 0.2857047335, 3.0227076188e-07],
      [1.9817677581e-06, 2.3050961461e-05, 0.20005578864, 0.79991853428, 6.443489917e-07],
      [0.18965388228, 0.15516530788, 0.25861785201, 0.36208053674, 0.034482421088]
    ],
    [
      [0.99999102855, 5.5704145137e-06, 2.4888229229e-06, 8.086722935e-07, 1.0354226663e-07],
      [0.33333163108, 0.166666101, 0.16666810891, 0.33333412803, 3.0979778314e-08],
      [0.20000263683, 0.29999890218, 0.20000082011, 0.29999748943, 1.514404723e-07],
      [0.16666692755, 0.16666547744, 0.33333256642, 0.33333234918, 2.6793979203e-06],
      [0.20000087569, 0.099999277006, 0.3999968214, 0.30000003941, 2.9864928252e-06],
      [0.2000001014, 3.1192168602e-06, 0.19999759962, 0.59999909132, 8.8433722426e-08],
      [7.3405030721e-06, 7.8520580307e-07, 2.3522570904e-06, 0.74999111879, 0.24999840325],
      [0.2280695017, 0.10526313789, 0.21052661663, 0.33333446139, 0.12280628239]
    ],
    [
      [0.74982633801, 3.7973234797e-05, 0.0001554032048, 0.24998009048, 1.9506458992e-07],
      [0.33342437804, 0.66642285554, 0.00014357166745, 8.0475487779e-06, 1.1471961808e-06],
      [0.16660913653, 0.25006958147, 0.33335427203, 0.24996579699, 1.2129691847e-06],
      [0.16663304548, 0.16683445755, 0.49987647991, 0.1666550858, 9.3126056824e-07],
      [0.14302038834, 0.14285155068, 0.42850396683, 0.28562309265, 1.0014985099e-06],
      [0.14290738328, 0.14280707266, 0.14285900282, 0.57141370865, 1.2832592427e-05],
      [7.4946965151e-05, 2.0614670669e-05, 4.4548863005e-06, 0.99979113367, 0.00010884980687],
      [0.1929740248, 0.15787798237, 0.22806805125, 0.31582654865, 0.10525339293]
    ],
    [
      [0.59999797732, 3.5952074481e-07, 0.19999881473, 0.20000133464, 1.5137865626e-06],
      [0.42857332506, 0.14285727225, 0.14285751975, 0.28571186853, 1.4407614168e-08],
      [0.16666714848, 0.33333300907, 0.16666793604, 0.33333170748, 1.9893218983e-07],
      [6.6176902279e-07, 0.49999564164, 0.50000304712, 1.0473111797e-07, 5.447345025e-07],
      [0.14285614263, 3.3039649197e-06, 0.42856901868, 0.42857037491, 1.1598177042e-06],
      [0.19999988227, 0.099999194531, 0.20000129293, 0.49999945102, 1.7924226216e-07],
      [0.20000149197, 3.1524274949e-06, 0.19999839913, 0.59999666635, 2.9011770938e-07],
      [0.24137919556, 0.086206502133, 0.20689657796, 0.34482843666, 0.12068928768]
    ],
    [
      [0.37486434478, 0.1250475446, 0.25008829963, 0.24972984736, 0.0002699636278],
      [0.3332692861, 0.33326959679, 0.16679312879, 0.16666762473, 3.6357467991e-07],
      [5.7226367997e-07, 0.99938503714, 0.00061300497898, 1.2758135125e-06, 1.0980346647e-07],
      [0.00029223869408, 0.00066053484446, 0.79933886485, 0.19970830261, 5.9007013585e-08],
      [6.3414026234e-05, 0.00024432656228, 0.49998945476, 0.49963932474, 6.3479919935e-05],
      [0.12504848243, 0.12481746047, 0.25014218768, 0.49980938897, 0.00018248044657],
      [0.14275713514, 3.2042283243e-07, 0.28638542963, 0.57070240029, 0.00015471450646],
      [0.14034979518, 0.12278134019, 0.29814437287, 0.31600670649, 0.12271778527]
    ]
  ],
  "expected_outcome": [
    [
      [22.0003629431, 20.0045161823, 18.0013930123, 14.9999424397, 17.0001266101, 22.0018647963, 5.9999297133, 2.9999908729, 2.9999447057, 3.999999899, 2.9999014349, 3.9994424082, 2.9991232367, 2.9972929928, 3.942535232, 3.577358317, 3.9984085337, 4.4324242957, 2.9975376141, 3.9992872676, 5.9944338549, 3.9997835659, 2.9982721809, 4.9996900271, 3.9999841005, 2.9995652991, 1.9887967398, 2.9997423569, 2.999293104, 2.0376435345, 2.9955039858, 4.9996945806, 2.9999982715, 3.0000123931, 2.9969990841, 2.9937687475, 3.9999485307, 2.9999518849, 1.999617422, 1.9999910333, 2.996091253, 4.999934133, 2.9999546277, 3.9999998182, 1.9999050104, 2.9999665052, 1.9999820571, 2.9993053521, 2.9999898866, 2.9989147582],
      [4.9984922971, 4.9954282633, 5.9985210009, 3.9994982882, 2.9992388227, 5.9969345212, 1.0000218288, 1.0000062864, 0.99999681487, 0.99999929288, 1.6738967667e-05, 0.00054909841693, 0.00016036808519, 0.99900565879, 0.98705609898, 0.78833428185, 1.0000624657, 1.509260656, 1.00000474, 1.0002966597, 1.9997471942, 8.1296560355e-05, 0.00082938098628, 1.0001655212, 1.0000055784, 1.0002496366, 1.0000040447, 0.99990039299, 2.0004634054, 1.9371669066, 6.6902972997e-05, 4.0657912998e-05, 0.00013747548499, 9.9225681315e-06, 0.0028913627196, 0.00028353246686, 1.1061040159e-06, 9.9603496271e-07, 6.2495949943e-07, 2.3050812356e-06, 0.00022963604138, 0.0007832727241, 2.5261504158e-07, 1.0000000574, 7.2400712686e-05, 2.7228175071e-05, 1.1140829027e-05, 0.00015189293919, 1.7976037241e-06, 1.0003803568],
