{
  "X": [
    [34, 12, 13, 14, 27],
    [32, 10, 24, 9, 25],
    [35, 11, 15, 12, 27],
    [37, 9, 16, 15, 23],
    [28, 12, 21, 9, 30],
    [27, 18, 14, 14, 27],
    [16, 12, 37, 15, 20],
    [10, 12, 35, 11, 32],
    [7, 8, 42, 9, 34],
    [7, 13, 37, 22, 21],
    [7, 11, 46, 10, 26],
    [12, 11, 41, 15, 21],
    [12, 22, 18, 13, 35],
    [13, 21, 17, 12, 37],
    [9, 34, 16, 8, 33],
    [13, 30, 12, 6, 39],
    [5, 36, 19, 8, 32],
    [10, 27, 16, 9, 38],
    [13, 23, 20, 15, 29],
    [7, 15, 30, 19, 29],
    [5, 16, 25, 19, 35],
    [5, 14, 28, 13, 40],
    [7, 15, 29, 11, 38],
    [8, 16, 38, 11, 27],
    [6, 16, 27, 10, 41],
    [7, 39, 16, 8, 30],
    [6, 36, 17, 13, 28],
    [5, 40, 14, 12, 29],
    [5, 38, 16, 11, 30],
    [10, 40, 13, 4, 33],
    [7, 45, 17, 11, 20],
    [9, 18, 34, 16, 23],
    [14, 13, 39, 12, 22],
    [16, 8, 40, 11, 25],
    [13, 9, 42, 14, 22],
    [16, 9, 45, 13, 17],
    [8, 17, 45, 8, 22],
    [11, 14, 33, 21, 21],
    [12, 10, 24, 23, 31],
    [12, 9, 30, 16, 33],
    [12, 17, 20, 24, 27],
    [11, 17, 25, 28, 19],
    [12, 10, 25, 24, 29],
    [16, 17, 20, 16, 31],
    [12, 27, 28, 8, 25],
    [5, 19, 38, 9, 29],
    [10, 31, 25, 7, 27],
    [10, 21, 36, 12, 21],
    [6, 24, 28, 12, 30],
    [12, 22, 30, 9, 27]
  ],
  "W": [
    [57, 3, 11, 5, 5, 8, 5, 6],
    [53, 7, 8, 5, 5, 7, 3, 12],
    [64, 5, 2, 12, 1, 5, 4, 7],
    [57, 6, 4, 7, 6, 4, 11, 5],
    [63, 4, 10, 3, 3, 5, 5, 7],
    [55, 10, 4, 3, 11, 3, 8, 6],
    [20, 41, 5, 6, 5, 7, 7, 9],
    [8, 55, 7, 2, 6, 3, 10, 9],
    [4, 66, 6, 7, 7, 5, 3, 2],
    [7, 56, 4, 13, 7, 7, 2, 4],
    [2, 59, 8, 3, 6, 5, 7, 10],
    [7, 52, 13, 11, 1, 3, 6, 7],
    [6, 32, 30, 6, 7, 5, 6, 8],
    [8, 6, 55, 5, 4, 10, 4, 8],
    [5, 3, 54, 5, 9, 13, 4, 7],
    [8, 8, 57, 4, 2, 7, 7, 7],
    [6, 6, 56, 7, 8, 3, 9, 5],
    [8, 8, 52, 4, 2, 5, 8, 13],
    [4, 6, 41, 19, 7, 8, 12, 3],
    [7, 6, 8, 50, 9, 5, 12, 3],
    [4, 3, 7, 65, 6, 4, 8, 3],
    [8, 5, 9, 63, 3, 4, 4, 4],
    [5, 8, 4, 59, 9, 3, 8, 4],
    [7, 2, 8, 54, 7, 5, 8, 9],
    [5, 5, 3, 56, 8, 8, 6, 9],
    [11, 7, 6, 5, 50, 5, 5, 11],
    [2, 10, 8, 7, 47, 10, 8, 8],
    [3, 7, 4, 6, 62, 10, 6, 2],
    [4, 3, 10, 4, 58, 10, 3, 8],
    [7, 5, 3, 5, 64, 7, 4, 5],
    [5, 6, 9, 2, 60, 5, 6, 7],
    [3, 9, 5, 13, 16, 36, 9, 9],
    [3, 5, 6, 5, 8, 64, 3, 6],
    [6, 6, 4, 5, 12, 57, 4, 6],
    [8, 6, 7, 8, 7, 54, 9, 1],
    [1, 7, 4, 7, 7, 60, 7, 7],
    [4, 6, 7, 4, 8, 62, 2, 7],
    [5, 9, 9, 3, 4, 29, 32, 9],
    [6, 14, 6, 4, 6, 4, 56, 4],
    [5, 8, 5, 5, 6, 8, 53, 10],
    [6, 5, 10, 6, 6, 5, 55, 7],
    [3, 4, 6, 13, 6, 10, 55, 3],
    [8, 6, 4, 7, 3, 9, 56, 7],
    [8, 1, 7, 5, 14, 2, 49, 14],
    [5, 11, 3, 3, 9, 10, 5, 54],
    [6, 7, 6, 2, 4, 9, 11, 55],
    [12, 9, 8, 7, 7, 2, 3, 52],
    [11, 6, 8, 9, 5, 6, 6, 49],
    [5, 3, 9, 6, 6, 6, 7, 58],
    [10, 3, 5, 10, 6, 3, 4, 59]
  ],
  "method": "mcmc",
  "mcmc_stepsize": 3000,
  "mcmc_samples": 100,
  "burn_in": 10000,
  "cond_prob": [
    [
      [0.38700650374, 0.10503075401, 0.12271189965, 0.12266734027, 0.26258350234],
      [0.66296082924, 0.33529693029, 0.00012457197166, 0.00035395318678, 0.0012637153115],
      [0.2714957538, 0.36099154128, 0.090598244847, 0.091206402363, 0.18570805771],
      [0.19953767692, 0.19987475538, 0.39718700867, 0.0002799944473, 0.20312056459],
      [0.19870263253, 0.00033809313188, 0.39736799663, 0.20103590553, 0.20255537218],
      [0.24838644686, 0.0010331424952, 0.12654071138, 0.37484826987, 0.2491914294],
      [0.20132906133, 0.001935099692, 0.0019678912895, 0.39632647755, 0.39844147014],
      [0.33005917979, 0.0029073992513, 0.0022545227948, 0.0027718787905, 0.66200701937]
    ],
    [
      [0.35964210297, 0.09407068742, 0.22633156033, 0.075159588069, 0.24479606122],
      [0.5681089562, 0.14227780012, 0.14338064725, 0.00098956878757, 0.14524302764],
      [0.24824995963, 0.37417586042, 0.12618413335, 0.0014049938684, 0.24998505274],
      [0.1999731769, 0.0015917925095, 0.59846822684, 0.00057558461915, 0.19939121913],
      [0.19846678925, 0.001603255585, 0.59763771793, 0.0021919887712, 0.20010024846],
      [0.28457805353, 0.00081580645104, 0.28592237854, 0.28487791064, 0.14380585084],
      [0.00042425200621, 0.00058493765469, 0.0024395224433, 0.66182575797, 0.33472552993],
      [0.24922393424, 0.083455115331, 0.16683206367, 0.08374286538, 0.41674602138]
    ],
    [
      [0.4517898304, 0.09751588546, 0.15047093198, 0.048156791415, 0.25206656075],
      [0.27135440166, 0.3402853855, 0.010989305748, 0.30933752317, 0.068033383927],
      [0.3833809152, 0.21450878535, 0.0028675812735, 0.010190582368, 0.38905213581],
      [0.13223683034, 0.14568821332, 0.3171365499, 0.09112186429, 0.31381654215],
      [0.0038134504491, 0.0010432719082, 0.20336268428, 0.76657569203, 0.025204901329],
      [0.33731160183, 0.0049168372224, 0.19654925594, 0.39478378382, 0.066438521187],
      [0.055818448194, 0.0059987162499, 0.0030532525635, 0.68616940222, 0.24896018077],
      [0.065918542797, 0.11866542136, 0.043602584174, 0.11032313963, 0.66149031205]
    ],
    [
      [0.54201346949, 0.053201625079, 0.16903543312, 0.056901630475, 0.17884784183],
      [0.041356322239, 0.4625490163, 0.17273970455, 0.1632464155, 0.16010854142],
      [0.45558105741, 0.028260690464, 0.036911122105, 0.018960760562, 0.46028636946],
      [0.13189256311, 0.26670395309, 0.40103679981, 0.025316324291, 0.1750503597],
      [0.026128566032, 0.026277251895, 0.15660724278, 0.33371651526, 0.45727042403],
      [0.025825442805, 0.0013016220398, 0.26634273935, 0.69793220321, 0.0085979925982],
      [0.17137947496, 0.091052901963, 0.02031945507, 0.42626372043, 0.29098444758],
      [0.19325494847, 0.0095581836139, 0.029022315555, 0.20822848572, 0.55993606664]
    ],
    [
      [0.32537162581, 0.10825861122, 0.2038433397, 0.07943008293, 0.28309634034],
      [0.69986238342, 0.046982584759, 0.023622087268, 0.002213671855, 0.2273192727],
      [0.18920379286, 0.28902446608, 0.18635684454, 0.027033921559, 0.30838097496],
      [0.0013569534428, 0.60124272994, 0.3615131677, 0.0014914237581, 0.034395725161],
      [0.0018367466824, 0.00025406022672, 0.60702351114, 0.30050229423, 0.090383387723],
      [0.18059684794, 0.0032133991285, 0.2540609318, 0.37949140202, 0.1826374191],
      [0.19917370734, 0.019414105812, 0.21740619474, 0.18079913944, 0.38320685267],
      [0.1288094621, 0.02627208547, 0.13383816213, 0.0013252873093, 0.70975500299]
    ],
    [
      [0.32877737958, 0.16359799949, 0.12646405865, 0.12722279074, 0.25393777153],
      [0.29763558867, 0.30102975105, 0.098854779103, 0.10120354483, 0.20127633635],
      [0.24699006265, 0.4942655179, 0.0086588537588, 0.0029701643663, 0.24711540132],
      [2.867112959e-05, 0.32978756305, 0.66243013136, 3.1801824713e-05, 0.007721832638],
      [0.17973299859, 0.092131517478, 0.2715929591, 0.27056830731, 0.18597421753],
      [2.7032466367e-05, 0.0038572954501, 0.0039699597005, 0.65881979105, 0.33332592133],
      [0.24847132989, 0.12504847143, 0.12637864628, 0.1280158362, 0.3720857162],
      [0.16465454187, 0.16666356777, 0.0039235958122, 0.00031625912994, 0.66444203542]
    ],
    [
      [0.20001268548, 0.09999882816, 0.34998774073, 0.15000307881, 0.19999766682],
      [0.19511862115, 0.09755865592, 0.36585860015, 0.14634390783, 0.19512021494],
      [0.19999849492, 0.39999215804, 0.20000255218, 8.915266092e-06, 0.19999787959],
      [2.1590569981e-06, 0.4999744921, 0.33335163684, 1.3579813853e-07, 0.1666715762],
      [6.3664389287e-06, 1.41378683e-05, 0.79997160588, 1.5536438576e-06, 0.20000633617],
      [0.14284811115, 1.3507612195e-05, 0.42857671916, 0.2857092214, 0.14285244067],
      [0.14285208273, 1.2983353179e-05, 0.28572630598, 0.42854881192, 0.14285981602],
      [0.11110491165, 0.11111718613, 0.33332675465, 0.11110875668, 0.3333423909]
    ],
    [
      [0.50010339444, 1.8628850134e-07, 0.24989645399, 9.0423363205e-09, 0.24999995624],
      [0.090894020749, 0.14543945456, 0.3455297281, 0.1090608523, 0.30907594429],
      [1.1800355686e-07, 0.28547786776, 0.42845307799, 0.00011831760819, 0.28595061864],
      [2.2615935552e-08, 2.369955795e-08, 0.99958613555, 1.6996389012e-08, 0.00041380113418],
      [8.0965056573e-09, 0.00013815015385, 0.33333354145, 0.49986171408, 0.16666658622],
      [2.1547107706e-08, 0.00027606134001, 0.33333353462, 0.3330572495, 0.333333133],
      [0.10000006022, 0.10008269777, 0.30000021313, 0.10024819453, 0.39966883435],
      [1.2953001643e-08, 0.11111103608, 0.33314950238, 9.0620104607e-08, 0.55573935796]
    ],
    [
      [0.49998885463, 9.6077928198e-06, 0.24999473568, 1.3173291234e-06, 0.25000548456],
      [0.075757846701, 0.10605950238, 0.40909151606, 0.075757561151, 0.33333357371],
      [4.0663633584e-06, 0.16666413262, 0.4999952272, 6.3965274825e-06, 0.33333017729],
      [7.8817211513e-08, 2.1713527944e-07, 0.71428452451, 7.6326647632e-08, 0.28571510321],
      [9.6016747381e-08, 3.7407899538e-06, 0.428567846, 0.28570791779, 0.2857203994],
      [1.6640648041e-07, 1.5132124764e-09, 0.40000419065, 0.3999959975, 0.19999964394],
      [1.4109636958e-08, 9.2502355152e-07, 0.33334041515, 5.6308415699e-07, 0.66665808263],
      [1.0140726831e-07, 9.5639613667e-06, 4.2100270995e-07, 9.8400238389e-06, 0.9999800736]
    ],
    [
      [0.42855657749, 5.2167721763e-06, 0.28571461679, 0.14286673606, 0.14285685288],
      [0.071429035062, 0.16071300672, 0.35714460777, 0.2142852292, 0.19642812125],
      [8.7529685044e-06, 0.74998193543, 0.25000849218, 5.1055084642e-07, 3.0887377032e-07],
      [1.8206634489e-07, 0.076923142049, 0.61537408508, 0.15384346805, 0.15385912276],
      [2.0796115383e-07, 1.0010182078e-05, 0.42856199934, 0.42856593207, 0.14286185045],
      [5.2517035778e-06, 4.8484914176e-06, 0.28571943924, 0.57141804157, 0.14285241899],
      [1.0183382779e-07, 1.0873668902e-07, 3.3839651618e-05, 1.5519839255e-06, 0.99996439779],
      [5.4851100754e-07, 5.7237763765e-07, 0.24999120582, 2.5491552382e-05, 0.74998218174]
    ],
    [
      [0.99993288583, 1.9709510313e-08, 1.2994820472e-08, 3.3500506317e-05, 3.3580959024e-05],
      [0.084746888288, 0.11864178498, 0.45762827574, 0.084746890639, 0.25423616035],
      [8.3862170829e-06, 0.37500835525, 0.37499999167, 2.6629446151e-08, 0.24998324024],
      [6.4670776163e-10, 2.7632085994e-09, 0.99995524463, 1.0183897732e-08, 4.4741779567e-05],
      [6.0179414896e-09, 9.9158358091e-08, 0.66663306248, 0.16666668812, 0.16670014422],
      [4.7003870339e-08, 5.0034673165e-08, 0.40002678864, 0.39998650682, 0.1999866075],
      [7.2764027838e-09, 1.1265721078e-09, 0.42860005018, 0.14285722674, 0.42854271468],
      [4.0558967361e-08, 0.10000669435, 0.39999333688, 0.09999329577, 0.40000663244]
    ],
    [
      [0.42857149525, 1.2139974297e-09, 0.2857141773, 0.14285719237, 0.14285713386],
      [0.13461535489, 0.13461535334, 0.4038462183, 0.13461539917, 0.1923076743],
      [0.076923124197, 0.23076925318, 0.46153836652, 0.076923058557, 0.15384619754],
      [0.090909069722, 0.090909054599, 0.54545454938, 0.090909117173, 0.18181820912],
      [6.9239802046e-08, 1.3543992664e-08, 0.99999951627, 3.9498072585e-07, 5.9621863691e-09],
      [2.3637829389e-08, 4.2239089723e-09, 0.33333352057, 0.6666664021, 4.9461740252e-08],
      [6.8213573111e-08, 7.5817550635e-08, 0.33333322116, 0.33333325841, 0.3333333764],
      [2.1153462677e-08, 1.778487998e-07, 0.28571417061, 0.14285709922, 0.57142853116]
    ],
    [
      [0.33331951286, 0.1666735107, 0.16666651739, 6.8564803016e-06, 0.33333360256],
      [0.15624871821, 0.21874752741, 0.15625128445, 0.12500397618, 0.34374849375],
      [0.16666248203, 0.23333609185, 0.16666525279, 0.099995811045, 0.33334036228],
      [1.3676453885e-05, 0.49998591411, 0.16667395374, 3.6439143335e-08, 0.33332641925],
      [6.0329521123e-06, 0.14285704228, 0.57141047209, 1.1887362245e-05, 0.28571456532],
      [8.3800472289e-06, 0.19999159346, 1.6425188138e-05, 0.59998340481, 0.20000019649],
      [6.8858344397e-06, 0.16666684779, 0.16667379042, 0.33331950996, 0.333332966],
      [5.2468297498e-06, 0.12501018357, 0.12499503924, 0.12500497226, 0.62498455811]
    ],
    [
      [0.50002358217, 0.12497340349, 0.12497412921, 5.6701549048e-05, 0.24997218358],
      [4.1113535997e-05, 0.49992243703, 0.16662937507, 7.605747708e-05, 0.33333101689],
      [0.12726021591, 0.23637599883, 0.1636242451, 0.10909436518, 0.36364517497],
      [1.8259863941e-06, 0.19995557629, 0.59999570818, 2.4612203233e-06, 0.20004442832],
      [3.2879719793e-06, 5.6505366955e-05, 0.25005569529, 0.49988617095, 0.24999834043],
      [0.1000228582, 0.20002091773, 0.10008833473, 0.29993372007, 0.29993416927],
      [5.6605026112e-05, 2.7626939398e-06, 1.8855073228e-06, 0.24994504365, 0.74999370312],
      [0.12497193779, 0.12497176042, 0.12500062797, 2.8199065143e-05, 0.62502747476]
    ],
    [
      [0.59985485462, 0.1999926849, 5.6182155046e-05, 6.5424460872e-06, 0.20008973588],
      [0.33327973106, 0.66641186832, 3.467383335e-05, 4.4523172639e-05, 0.00022920361511],
      [0.074046704947, 0.37042621283, 0.16663799871, 0.074082126109, 0.3148069574],
      [5.0914111501e-05, 0.20005420977, 0.59974428975, 4.9942879906e-06, 0.20014559208],
      [6.0585657107e-05, 0.33320117639, 0.11122595231, 0.33315871454, 0.22235357111],
      [0.07694802252, 0.30767445929, 0.15398073912, 0.076929869483, 0.38446690959],
      [0.00027471282402, 0.24988001684, 3.6436166181e-05, 0.00010673126857, 0.7497021029],
      [2.0211584898e-05, 0.28563082903, 0.14278753778, 6.1468248967e-05, 0.57149995335]
    ],
    [
      [0.37609389734, 0.24937351752, 0.00034040012039, 0.00035846437291, 0.37383372065],
      [0.37427569608, 0.24955183414, 0.0014671116214, 0.00041720324142, 0.37428815491],
      [0.12263098818, 0.33366268285, 0.10517922779, 0.052586980395, 0.38594012079],
      [9.3838766484e-06, 0.24992522507, 0.49947146224, 0.00019132013336, 0.25040260868],
      [0.00082512740583, 0.0017785554364, 0.99651561906, 0.00021938186252, 0.00066131623236],
      [0.00019435296281, 0.28603618856, 0.28534164415, 0.14233743839, 0.28609037594],
      [0.00057101439979, 0.28451730108, 5.7521221736e-05, 0.2848802386, 0.42997392469],
      [4.509229479e-06, 0.28467026084, 0.00023038247601, 0.00065842762215, 0.71443641983]
    ],
    [
      [0.33261562584, 0.33383404135, 0.16617643165, 0.00015348589081, 0.16722041527],
      [0.16620251823, 0.49914240862, 0.16716780742, 0.0003250768509, 0.16716218889],
      [0.035636749084, 0.39293265998, 0.19635844815, 0.071434949201, 0.30363719358],
      [0.0001961466235, 0.28577505397, 0.42804400003, 0.00037021655723, 0.28561458281],
      [0.00066983284236, 0.25055098282, 0.24992875575, 0.24927382617, 0.24957660242],
      [5.1589310317e-05, 0.33246924352, 0.00058495207782, 0.66407203761, 0.0028221774807],
      [0.00041407386412, 0.33257340077, 0.11174671532, 0.00078392175486, 0.5544818883],
      [0.00016401301677, 0.20050215266, 0.00012962580805, 0.00014358688754, 0.79906062163]
    ],
    [
      [0.25000050114, 0.2499984058, 0.12499983173, 2.1489573958e-05, 0.37497977176],
      [0.25002188135, 0.24998202486, 0.12499458618, 7.7937677439e-06, 0.37499371384],
      [0.09614757963, 0.30770418935, 0.15384929731, 0.076919266917, 0.3653796668],
      [8.4074489662e-06, 0.24997964821, 0.49998063404, 3.6914916945e-05, 0.24999439539],
      [1.176406953e-05, 7.7380351317e-06, 0.49995136618, 0.49997938203, 4.9749685821e-05],
      [1.4548911216e-05, 0.19999176196, 1.0584372093e-05, 0.59995443379, 0.20002867097],
      [5.9896808592e-06, 0.24997465926, 0.12500010637, 1.6078443035e-05, 0.62500316624],
      [0.076920690728, 0.23075758123, 0.15384631964, 0.076919741028, 0.46155566738]
    ],
    [
      [0.74999921041, 4.8338300496e-07, 4.8097387917e-07, 3.4340163634e-08, 0.24999979089],
      [0.16666685969, 0.49999930792, 0.16666650584, 3.3515671375e-07, 0.1666669914],
      [0.12195121084, 0.26829271241, 0.1951218766, 0.14634137797, 0.26829282218],
      [0.10526320501, 0.26315791752, 0.26315797747, 0.10526311484, 0.26315778516],
      [2.2046955296e-07, 0.1428571231, 0.42857091337, 0.14285750577, 0.28571423728],
      [0.12499986992, 0.1250002172, 0.12500033157, 0.37499971948, 0.24999986182],
      [0.083333276717, 0.16666645901, 0.1666666638, 0.25000013839, 0.33333346208],
      [5.4572806507e-07, 4.8989597047e-07, 5.0562939049e-07, 7.1995623914e-08, 0.99999838675]
    ],
    [
      [0.14285641115, 0.1428726326, 0.28571291537, 0.14284303072, 0.28571501015],
      [0.49994502538, 2.3911112547e-06, 0.16668332331, 0.16668405896, 0.16668520124],
      [2.065892074e-06, 0.37497177629, 0.24998560531, 0.12501466647, 0.25002588603],
      [0.060003639032, 0.17999731029, 0.30000795943, 0.17998913733, 0.2800019539],
      [1.1120577003e-06, 0.1111127605, 0.55555156339, 0.11112469495, 0.2222098691],
      [2.9859418981e-06, 2.3490152935e-05, 0.39995593295, 0.40003880424, 0.19997878671],
      [4.994497119e-07, 0.083341308374, 0.24998968619, 0.33332415869, 0.3333443473],
      [3.5186436396e-05, 3.1680786625e-06, 2.2896056409e-06, 7.1350879114e-05, 0.999888005]
    ],
    [
      [0.49987256706, 0.00010669261462, 0.24999907826, 0.00013286146106, 0.24988880061],
      [0.00014563606377, 0.66621909793, 0.00036371142994, 1.65172787e-05, 0.3332550373],
      [6.0831262561e-05, 0.42832934966, 0.1429021368, 0.14282696776, 0.28588071451],
      [0.046141436608, 0.15384987619, 0.27690763753, 0.18459968216, 0.33850136751],
      [9.0152128814e-06, 0.00018006733218, 0.33330216504, 0.33327507881, 0.33323367361],
      [8.6604447804e-06, 0.00017060019172, 0.24988349093, 0.49996936773, 0.2499678807],
      [1.4117438499e-05, 0.12503506258, 0.24994586576, 0.25005589842, 0.37494905581],
      [8.3984224851e-05, 0.00010841001694, 0.00022909188239, 0.00022525227324, 0.9993532616]
    ],
    [
      [0.12499962081, 0.12445297761, 0.24945064996, 0.12554669607, 0.37555005556],
      [0.19999892158, 0.19997534276, 0.19921643184, 0.00087496498923, 0.39993433883],
      [3.1445082212e-06, 0.33281688662, 0.22271786734, 0.11109454716, 0.33336755437],
      [0.04754691887, 0.14286364738, 0.28585200187, 0.12690806394, 0.39682936794],
      [6.1629994819e-08, 1.7886901056e-06, 0.66801386827, 9.4313952365e-05, 0.33188996746],
      [1.2426449261e-07, 0.0010899090774, 0.24996073356, 0.49897233365, 0.24997689944],
      [1.8953632539e-06, 2.0968186689e-06, 0.24891300416, 0.24999863076, 0.50108437289],
      [0.0011289932025, 0.0010910778057, 0.24890979039, 6.4635878404e-06, 0.74886367502]
    ],
    [
      [0.59964666894, 1.7445527542e-05, 0.19985792735, 0.00029851430329, 0.20017944389],
      [0.00012179478285, 0.3748653083, 0.24990196281, 2.0660526943e-05, 0.37509027359],
      [0.00017713495843, 0.49981510825, 0.24983083793, 4.6919966476e-05, 0.25012999889],
      [0.067767627695, 0.13559560518, 0.322093503, 0.10166546399, 0.37287780013],
      [0.00018936276653, 0.11120809727, 0.33332699136, 0.22214307062, 0.33313247798],
      [1.886283959e-05, 0.00028135818254, 0.00028931960705, 0.66613031964, 0.33328013973],
      [3.7060399975e-06, 0.12489521248, 0.24981917001, 0.12517493828, 0.50010697319],
      [8.05374472e-07, 0.0001776293072, 0.24982259769, 0.00020349703209, 0.7497954706]
    ],
    [
      [0.42856211775, 0.14285539603, 0.28571284725, 4.3719276053e-06, 0.14286526704],
      [0.49997768134, 0.49996981488, 2.5872049158e-05, 6.2395396278e-06, 2.0392190493e-05],
      [6.0270238092e-06, 0.37498769289, 0.37499143039, 7.5822311073e-06, 0.25000726746],
      [0.074072192516, 0.14814976848, 0.42592842165, 0.092591241526, 0.25925837583],
      [3.4828006545e-06, 0.14285608718, 0.42856495801, 0.28571644392, 0.1428590281],
      [4.3339379803e-06, 8.0248367137e-06, 0.20001084089, 0.59998304563, 0.1999937547],
      [7.7137346926e-06, 0.12500427514, 0.37499364348, 0.12499811917, 0.37499624848],
      [6.160206728e-06, 0.11111295797, 0.33332600606, 5.9920220012e-06, 0.55554888375]
    ],
    [
      [0.39999758229, 3.7008395131e-07, 0.19999950923, 1.4372660404e-05, 0.39998816573],
      [0.1999886283, 0.20001352155, 0.19999980341, 7.140471636e-07, 0.39999733269],
      [2.9527466687e-07, 0.66666317196, 7.9262635183e-07, 1.8896535763e-05, 0.3333168436],
      [0.053572130937, 0.17856584036, 0.28571480948, 0.089282503301, 0.39286471592],
      [1.258200545e-06, 0.12501481344, 0.49998618965, 8.1255913957e-06, 0.37498961311],
      [9.9042959696e-07, 0.12499482209, 0.25002070782, 0.24999776179, 0.37498571787],
      [1.3738705024e-07, 1.0205947369e-05, 0.16666522326, 0.49997992001, 0.3333445134],
      [1.1017045001e-06, 0.11112396064, 0.22221391209, 1.3452541016e-05, 0.66664757302]
    ],
    [
      [0.27272844186, 0.36363775916, 0.090908258762, 6.3711757858e-07, 0.2727249031],
      [0.14285633901, 0.42857259732, 0.142855124, 3.1685890577e-06, 0.28571277107],
      [4.076282366e-06, 0.83332265039, 4.5168582365e-08, 6.5325737229e-06, 0.16666669558],
      [1.1280003382e-06, 0.39999976971, 0.39999902344, 1.1972301415e-08, 0.20000006688],
      [0.059998762202, 0.38000136499, 0.17999878719, 0.079999847744, 0.30000123788],
      [3.3680749753e-07, 0.20000346557, 0.40000320019, 0.19999560306, 0.19999739437],
      [3.7539681024e-06, 0.20000362793, 4.497594271e-06, 0.59998747194, 0.20000064857],
      [3.7316198725e-07, 0.36363072727, 0.09091364083, 2.1631002456e-06, 0.54545309564]
    ],
    [
      [0.99973771224, 4.5096158116e-08, 2.9220349296e-07, 0.0002618881149, 6.2349800548e-08],
      [0.19999973691, 0.39990637118, 0.10007109067, 0.099988939263, 0.20003386198],
      [1.4060080374e-05, 0.49995785427, 0.12506528596, 0.12494843276, 0.25001436693],
      [5.9174559447e-05, 0.71407671135, 0.14293188445, 1.625707202e-07, 0.14293206707],
      [0.04254439423, 0.34048853684, 0.2126950942, 0.12768337772, 0.27658859702],
      [3.5981994335e-08, 0.29998884043, 0.20005240177, 0.29985397907, 0.20010474275],
      [5.15530478e-05, 0.25005127304, 0.12500000875, 0.12502853384, 0.49986863133],
      [1.48855659e-07, 0.24993457057, 0.12513118937, 0.12501392713, 0.49992016407]
    ],
    [
      [0.66536614193, 0.3331358975, 3.0182016815e-05, 0.0010439982097, 0.00042378033629],
      [0.00049889298576, 0.71268005498, 6.5574319706e-05, 0.00049587249371, 0.28625960522],
      [4.9770203249e-05, 0.49943487394, 0.24982396685, 2.7526493782e-05, 0.25066386252],
      [0.00047935077505, 0.33278770226, 0.49978288295, 0.00011958485179, 0.16683047917],
      [0.048335729079, 0.38727175587, 0.14508561221, 0.14515272069, 0.27415418215],
      [3.9500763672e-05, 0.39983163405, 0.10029826606, 0.29916994812, 0.20066065101],
      [2.0442415123e-05, 0.33417627455, 0.00051496706805, 7.6295562374e-05, 0.6652120204],
      [6.3639419391e-07, 0.0015716807182, 3.8424173004e-05, 0.00047167286431, 0.99791758585]
    ],
    [
      [0.49996079301, 0.2500181757, 1.4440446857e-05, 1.8740344423e-07, 0.25000640345],
      [0.33330031885, 0.66660078799, 7.478767606e-08, 1.3969883169e-05, 8.4848494238e-05],
      [1.4017043053e-05, 0.50000311784, 0.10000264824, 0.099990066188, 0.29999015069],
      [1.4269472686e-05, 0.25002472041, 0.49996070941, 1.0646495359e-05, 0.24998965421],
      [0.034482026461, 0.37931058646, 0.18965638438, 0.10344751318, 0.29310348952],
      [1.6739184874e-07, 0.2999998854, 0.10000412352, 0.29999012718, 0.30000569651],
      [5.6873201253e-08, 0.33330036894, 5.4723143765e-07, 0.33337099615, 0.3333280308],
      [1.240548265e-05, 0.37501011218, 0.12499494039, 5.5085498427e-06, 0.4999770334]
    ],
    [
      [0.42912852614, 0.28486575909, 0.00058579611717, 3.3504975187e-07, 0.28541958361],
      [0.2004821826, 0.59853873879, 3.4178750686e-05, 8.4243698028e-07, 0.20094405742],
      [3.8090939289e-05, 0.99814634224, 1.5148876714e-05, 1.1121543151e-05, 0.001789296402],
      [0.00081496816976, 0.39917753857, 0.39839591885, 5.0840012085e-07, 0.20161106602],
      [0.093534195592, 0.39101714484, 0.15623909366, 0.031222655866, 0.32798691003],
      [2.264467071e-05, 0.28652623374, 0.14243374856, 0.28509680807, 0.28592056497],
      [0.00078093368402, 0.24902002989, 0.0010099351535, 0.00074034088341, 0.74844876039],
      [5.9050092959e-06, 0.39921164943, 0.0006651035126, 0.00061370808528, 0.59950363397]
    ],
    [
      [0.39937720839, 0.40061355756, 0.00045692618901, 1.2287068027e-06, 0.19955107915],
      [0.16666567652, 0.49975755204, 0.16629167924, 1.0293321267e-06, 0.16728406287],
      [0.00050444002665, 0.6665009787, 0.22171913307, 2.2576045039e-06, 0.1112731906],
      [0.00042178595801, 0.0011323078587, 0.99730721249, 1.2474737505e-06, 0.0011374462148],
      [0.066538458985, 0.45004571581, 0.16679354134, 0.11664258911, 0.19997969475],
      [5.1893734924e-06, 0.39892470582, 0.00079295637413, 0.39999567882, 0.20028146961],
      [0.00051947150936, 0.3329558345, 0.16614876513, 0.33357009821, 0.16680583065],
      [0.00032657882161, 0.42893028447, 0.14305840254, 1.5053104566e-06, 0.42768322886]
    ],
    [
      [0.66666645981, 1.7679943566e-07, 0.33333311854, 4.4360571451e-08, 2.004915264e-07],
      [0.22222216439, 0.11111114399, 0.33333328301, 0.11111116326, 0.22222224535],
      [1.1365729791e-08, 0.60000011608, 0.19999986783, 6.1034778826e-08, 0.19999994369],
      [0.076923125202, 0.30769212389, 0.30769244219, 0.15384609428, 0.15384621444],
      [0.062500061825, 0.12500013254, 0.43749994712, 0.18749988047, 0.18749997804],
      [0.083333297682, 0.1666666251, 0.3333333554, 0.19444450241, 0.22222221941],
      [5.2617745497e-08, 0.11111111277, 0.33333320162, 0.22222219072, 0.33333344228],
      [3.0810566229e-08, 0.11111114929, 0.33333347187, 0.11111110844, 0.44444423959]
    ],
    [
      [0.66663688025, 3.7087802817e-05, 0.33331361821, 1.1064062446e-05, 1.3496792377e-06],
      [0.59993645598, 2.3939966702e-05, 0.20001993555, 2.0093734693e-05, 0.19999957477],
      [1.5584957702e-05, 0.49997813097, 0.33329666286, 1.4353471126e-05, 0.16669526774],
      [1.3334854104e-05, 0.20001125345, 0.59997091994, 7.5170290943e-06, 0.19999697472],
      [0.12501287615, 0.12499632035, 0.62495139466, 2.6299529734e-05, 0.12501310931],
      [0.12500048672, 0.12499338166, 0.37501217267, 0.15624576137, 0.21874819758],
      [3.3826338995e-06, 2.4817240307e-05, 0.33330139621, 0.66657787028, 9.2533642386e-05],
      [1.7098041686e-05, 3.7090486996e-05, 0.33333841566, 1.1649696705e-05, 0.66659574612]
    ],
    [
      [0.49996299648, 3.5353957454e-05, 0.33336541413, 4.6807879404e-07, 0.16663576735],
      [0.49971687633, 0.00017228492321, 0.3332690481, 3.4175714637e-05, 0.16680761493],
      [3.1710854926e-06, 0.4997386708, 0.25037027342, 3.9918633221e-06, 0.24988389283],
      [4.1649416382e-05, 0.39978883828, 0.39992744028, 3.8052029933e-05, 0.20020401999],
      [0.083475563193, 0.00015768303097, 0.58310410881, 0.083435758022, 0.24982688694],
      [0.1578646757, 0.070109171115, 0.4035756298, 0.12281819871, 0.24563232466],
      [1.2328921474e-07, 0.00021155239475, 0.24988376616, 0.49968776667, 0.25021679149],
      [0.00028434418268, 0.00031568876715, 0.33307994371, 0.16649473667, 0.49982528667]
    ],
    [
      [0.37495878624, 5.1049891293e-05, 0.37475377911, 0.12515070939, 0.12508567537],
      [0.16663843129, 0.33319432809, 0.33338205901, 1.6429714499e-05, 0.1667687519],
      [6.3037120655e-06, 0.42844031945, 0.42837931874, 4.5305809952e-05, 0.14312875228],
      [0.1249761508, 0.00019670788193, 0.62493735105, 0.12485573886, 0.12503405141],
      [0.0002714979546, 5.9176599826e-05, 0.57143554413, 0.28542242836, 0.14281135295],
      [0.12959605928, 0.074029977197, 0.4075089311, 0.16669085074, 0.22217418168],
      [0.11104982502, 0.00019273383107, 0.33311013967, 0.11114107785, 0.44450622363],
      [0.0011096780928, 2.1238341394e-06, 1.0280339234e-06, 5.5902213753e-08, 0.99888711414]
    ],
    [
      [0.99999855876, 4.5337037827e-08, 2.6242388891e-07, 1.2619770513e-07, 1.0072783915e-06],
      [0.2857216819, 0.14285748059, 0.42856537831, 6.6420223342e-07, 0.14285479499],
      [5.1210435442e-06, 0.74998412002, 0.24999552104, 3.4079283219e-07, 1.489710241e-05],
      [0.14285518043, 1.2713595034e-06, 0.71428315934, 9.700694319e-07, 0.1428594188],
      [0.142855093, 2.6267231899e-06, 0.42856755443, 0.28571056435, 0.14286416149],
      [0.14999969049, 0.083332332655, 0.45000260805, 0.15000018758, 0.16666518122],
      [0.14285627771, 5.2340872582e-06, 0.42857156831, 0.28571102401, 0.14285589589],
      [0.14285455659, 8.1751376255e-06, 0.42856393535, 3.52824028e-06, 0.42856980469]
    ],
    [
      [0.74998045917, 1.1102283825e-05, 0.24999606776, 7.6744292802e-06, 4.6963599574e-06],
      [0.16666337162, 0.33332408579, 0.33334333528, 4.6492773614e-07, 0.16666874238],
      [4.4106878048e-06, 0.42856078667, 0.42857266605, 4.1922308052e-08, 0.14286209467],
      [1.1095217357e-06, 1.6597026818e-05, 0.99996005209, 1.6596624059e-05, 5.644735015e-06],
      [2.5949218346e-06, 0.12501838344, 0.62497942808, 0.12499421901, 0.12500537456],
      [0.064516228798, 0.1612869067, 0.43548839033, 0.11290166593, 0.22580680824],
      [1.4968816837e-07, 6.6858103063e-08, 2.4394755342e-05, 3.408992749e-06, 0.99997197971],
      [5.0537831672e-06, 0.14286910923, 0.42856320461, 5.1392909435e-06, 0.42855749309]
    ],
    [
      [0.3999998181, 1.9601641857e-07, 0.20000007307, 0.20000003998, 0.19999987283],
      [0.33333307651, 0.22222202003, 0.22222199538, 0.11111126754, 0.11111164055],
      [1.1612120294e-07, 0.3333332272, 0.44444459815, 0.11111094537, 0.11111111316],
      [3.5495832146e-07, 5.1841308315e-07, 0.99999886782, 1.0806718905e-08, 2.4800083945e-07],
      [3.5899666553e-07, 1.182590411e-07, 0.49999973448, 0.49999967385, 1.1441635186e-07],
      [0.10344824952, 0.13793099327, 0.31034497062, 0.24137930218, 0.20689648441],
      [0.09374989346, 0.12500006319, 0.31250002904, 0.24999997844, 0.21875003587],
      [4.2756915523e-07, 0.11111099329, 0.22222218602, 0.11111134254, 0.55555505058]
    ],
    [
      [0.49981154508, 2.1806816662e-05, 0.16668087034, 0.16666207228, 0.16682370548],
      [0.21430856235, 0.071432409981, 0.21426714053, 0.21419250347, 0.28579938368],
      [4.5570706246e-05, 0.4998617905, 0.16672669914, 0.16674782085, 0.1666181188],
      [0.00014671558717, 0.2498469175, 0.49983309886, 0.00014786774397, 0.25002540031],
      [6.684294426e-06, 0.00018147229127, 0.66639802547, 0.16667573121, 0.16673808674],
      [0.00012455801538, 2.7849156917e-06, 0.00019450526299, 0.7498081387, 0.24987001311],
      [0.10712996148, 0.089286187641, 0.23212954391, 0.25001723592, 0.32143707105],
      [3.3597280968e-05, 3.2631257951e-05, 0.00051539690408, 4.9207426875e-07, 0.99941788248]
    ],
    [
      [0.59999968727, 7.7534165784e-05, 0.20000015608, 3.6235544616e-08, 0.19992258625],
      [0.24995155881, 0.12495171451, 0.24999998851, 0.12504822997, 0.2500485082],
      [7.7751976315e-05, 0.59984481723, 0.19992258027, 4.2834664049e-08, 0.20015480769],
      [1.6224132312e-07, 0.20007724518, 0.59976773618, 7.7403109483e-05, 0.20007745329],
      [3.4759361045e-07, 1.6901628852e-08, 0.50012863652, 0.3332044023, 0.16666659669],
      [9.1732150748e-08, 1.124262105e-07, 0.25009684977, 0.49985459927, 0.2500483468],
      [0.11319288901, 0.075471656087, 0.28301160129, 0.15097265514, 0.37735119847],
      [0.10007735851, 3.8952764311e-05, 0.30003862438, 0.099961281884, 0.49988378246]
    ],
    [
      [0.33402339439, 0.16641904546, 0.16644623741, 0.16665035754, 0.1664609652],
      [0.39964710655, 0.00092708757981, 0.19972719549, 0.199685623, 0.20001298738],
      [0.19979805131, 0.19991917502, 0.20014589024, 0.19999420356, 0.20014267986],
      [0.00029826314618, 0.49965835539, 0.16692639955, 0.16642705294, 0.16668992898],
      [0.00029571841475, 0.16674060069, 0.33298498295, 0.33329091027, 0.16668778768],
      [0.00066681311375, 0.00033559245237, 0.19999137733, 0.5993048132, 0.1997014039],
      [0.10895349949, 0.1635329846, 0.20002924577, 0.23648762314, 0.29099664701],
      [4.3308717106e-05, 0.14332466966, 0.14288485667, 0.14286808375, 0.57087908121]
    ],
    [
      [0.99997342399, 7.2935641899e-06, 8.0943357483e-06, 4.3869598299e-06, 6.8011456203e-06],
      [3.4529850103e-06, 0.49998602184, 0.25000112923, 0.2499966184, 1.2777546872e-05],
      [4.0258530323e-06, 0.33333505182, 0.33333093967, 0.16666503658, 0.16666494608],
      [0.076925450401, 0.15384825118, 0.38461144677, 0.23076780621, 0.15384704544],
      [1.4837997023e-06, 0.16667636939, 0.33332961705, 0.33332798572, 0.16666454404],
      [0.099999451634, 0.100000665, 0.20000284785, 0.49999657222, 0.10000046329],
      [0.10909075722, 0.16363497461, 0.23636351797, 0.29091046643, 0.20000028377],
      [5.2797938555e-06, 2.6619735806e-06, 1.2361627496e-05, 6.4584635754e-06, 0.99997323814]
    ],
    [
      [0.37500283688, 1.8426117992e-06, 0.25000304582, 0.12499784013, 0.24999443456],
      [0.33332704891, 0.16667218534, 0.1666666861, 0.16667003889, 0.16666404075],
      [1.6168007305e-06, 0.49998907818, 0.249994666, 1.9571537816e-06, 0.25001268186],
      [4.3752394079e-06, 0.28571262478, 0.28571535068, 0.14285632352, 0.28571132578],
      [7.2262032692e-07, 1.7358681066e-06, 0.66665693136, 0.33333750767, 3.1024777812e-06],
      [0.11111221545, 5.2202133734e-07, 0.22222483627, 0.44444405724, 0.22221836902],
      [0.10714219382, 0.089285002584, 0.24999959726, 0.26785696492, 0.28571624142],
      [4.2239425507e-07, 5.344339347e-06, 0.14285966155, 0.14285655414, 0.71427801758]
    ],
    [
      [0.37499479093, 0.12500607294, 0.12499388932, 0.12500583771, 0.24999940911],
      [0.99994831664, 4.9597550482e-05, 3.4315887094e-07, 2.3954920268e-07, 1.5031027832e-06],
      [0.14285797583, 0.28572086252, 0.14285016189, 0.14285008798, 0.28572091178],
      [1.838414164e-07, 0.40000918638, 0.39997992234, 6.1856594704e-07, 0.20001008887],
      [0.14285695578, 0.14285447947, 0.28571725174, 0.14285712406, 0.28571418895],
      [2.7354313562e-07, 2.4858772752e-05, 0.49997487854, 0.49999906873, 9.2041173087e-07],
      [0.14285997336, 0.16325917626, 0.18367755622, 0.1836734859, 0.32652980827],
      [0.14285357025, 0.14286412734, 0.14285759007, 0.14285719048, 0.42856752186]
    ],
    [
      [0.39997691533, 0.19998582054, 0.20003221194, 1.3681227921e-06, 0.20000368407],
      [0.18181580754, 0.36362921812, 0.27272906119, 4.7209272534e-06, 0.18182119222],
      [4.9982154801e-05, 0.99987973295, 2.2196715294e-06, 6.084143721e-06, 6.1981084834e-05],
      [6.0649574434e-06, 6.9643745378e-05, 0.99991050551, 1.3617388779e-06, 1.2424050554e-05],
      [0.11109992068, 0.2222075831, 0.3333537136, 0.11113069737, 0.22220808526],
      [0.10002174405, 0.19999794369, 0.20002217429, 0.29997302822, 0.19998510976],
      [6.5760327067e-06, 0.19997931476, 0.2000199699, 2.7976520563e-05, 0.59996616278],
      [0.11110784801, 0.2592695761, 0.27776992735, 0.074071712046, 0.2777809365]
    ],
    [
      [0.33333354526, 0.1666694176, 0.33333115343, 1.2481768658e-07, 0.16666575889],
      [0.14285566706, 0.28570982572, 0.28571794944, 4.4263885175e-06, 0.2857121314],
      [1.5450290754e-06, 0.49999566566, 0.33333512073, 1.1784225447e-06, 0.16666649016],
      [3.0608753574e-07, 3.1266179806e-06, 0.99999049854, 3.3284028739e-07, 5.7359112064e-06],
      [3.0356329317e-06, 7.2816237924e-07, 0.74999219164, 7.0658528006e-06, 0.24999697871],
      [6.8554106311e-07, 0.11111450503, 0.33333658205, 0.33333014156, 0.22221808581],
      [6.8737621042e-08, 0.18181688393, 0.36363515452, 0.18181698531, 0.27273090751],
      [0.036363274694, 0.18181845975, 0.36363656377, 0.072726802806, 0.34545489899]
    ],
    [
      [0.24985803042, 0.25000498662, 0.25006780138, 7.65059034e-05, 0.24999267567],
      [0.22206472508, 0.33337401961, 0.22232572526, 0.00012603585867, 0.22210949419],
      [0.00012800360239, 0.49976209801, 0.24990928623, 0.00020222452387, 0.24999838763],
      [0.0001367600612, 0.42840296144, 0.42853129441, 8.6801721492e-05, 0.14284218237],
      [6.1538183158e-06, 0.28611781928, 0.28569249533, 0.28543118534, 0.14275234623],
      [1.0757221034e-06, 0.00051891985756, 0.00047176959422, 0.99894650105, 6.1733779552e-05],
      [3.3529458811e-05, 6.1692734207e-05, 6.9498007895e-05, 0.00056811127936, 0.99926716852],
      [0.09617296045, 0.30766555417, 0.24996657701, 0.057655895479, 0.28853901288]
    ],
    [
      [0.27272706206, 0.18181817068, 0.27272702263, 0.09090889808, 0.18181884655],
      [0.33333329657, 0.16666627631, 0.33333293704, 4.2826155075e-07, 0.16666706182],
      [0.12499971032, 0.49999997087, 0.2499999626, 3.2415050658e-07, 0.12500003206],
      [5.536012303e-07, 0.11111165935, 0.66666578766, 0.11111085628, 0.1111111431],
      [5.06062796e-07, 0.19999956805, 0.40000046572, 0.19999997165, 0.19999948852],
      [1.5269974797e-08, 0.16666624199, 0.33333299634, 0.33333409486, 0.16666665154],
      [1.4078891277e-08, 0.16666668682, 0.33333371445, 0.33333248445, 0.16666710021],
      [0.081632595236, 0.20408168062, 0.34693899481, 0.10204081465, 0.26530591468]
    ],
    [
      [0.39997636461, 0.19999478713, 0.19998643523, 9.7281908838e-06, 0.20003268484],
      [0.33330960602, 0.66663788843, 1.3810527034e-05, 2.4612431984e-05, 1.408258902e-05],
      [1.5022922314e-05, 0.44443965859, 0.22221966071, 0.11110666347, 0.22221899431],
      [1.133773925e-06, 0.1666656688, 0.6666580172, 1.0695881639e-05, 0.16666448435],
      [6.4746833792e-06, 0.16666314176, 0.4999758282, 0.16667134468, 0.16668321067],
      [5.7913468472e-06, 0.16666445942, 0.16668560563, 0.49997613123, 0.16666801237],
      [8.3242162854e-06, 0.14287353343, 0.14286368188, 0.14286393261, 0.57139052786],
      [0.051722680763, 0.22413932962, 0.27586356839, 0.10344691365, 0.34482750758]
    ],
    [
      [0.30996335678, 0.19022329982, 0.29962226695, 0.00012826043132, 0.20006281602],
      [0.31674035298, 0.63382658246, 0.032755079419, 0.00054315935637, 0.016134825776],
      [0.0096869142363, 0.57062363779, 0.21922346499, 0.0099044243708, 0.19056155861],
      [0.095198495681, 0.199958062, 0.50456475631, 0.00035565309914, 0.19992303291],
      [0.00032197925119, 0.16706842271, 0.49137274999, 0.17449784669, 0.16673900137],
      [0.016438671682, 0.00043096842, 0.00044466268037, 0.96630281075, 0.016382886467],
      [1.0197881614e-05, 0.012337629537, 0.23792830177, 0.012290910274, 0.73743296054],
      [0.11692266378, 0.20831414383, 0.28580446626, 0.083880510361, 0.30507821577]
    ]
  ],
  "expected_outcome": [
    [
      [22.059370713, 19.0610314572, 28.9145491453, 30.8947677609, 20.4984124262, 18.0827558771, 4.0002537096, 4.0008271556, 1.9999554185, 2.9998960424, 1.9998657717, 3.0000004667, 1.9999170772, 4.0001886574, 2.9992742731, 3.0087511787, 1.995693755, 2.0000040091, 2.9999968416, 0.99999487808, 1.9994902682, 0.99999696647, 2.9982333447, 2.9999348243, 1.9999879115, 3.0000128605, 1.9994754245, 1.9960984258, 1.999843172, 3.003899683, 1.996886042, 1.9999993794, 1.9999106407, 2.9997779789, 2.99967029, 0.99999855876, 2.9999218367, 1.9999990905, 2.9988692705, 2.9999984364, 2.0041403663, 2.999920272, 3.0000226951, 2.9999583275, 1.9998845766, 2.0000012716, 2.9982963651, 2.9999976826, 1.9998818231, 3.0996335678],
      [5.9867529786, 4.9857464332, 6.2410166694, 3.0324926295, 6.8202925066, 8.9978899721, 1.9999765632, 1.4903080107e-06, 3.8431171279e-05, 3.6517405234e-05, 3.9419020626e-08, 8.4979820081e-09, 1.0000410642, 0.99978722793, 0.99996342451, 1.9949881401, 2.0030042481, 1.9999872464, 1.9335320198e-06, 1.0001084282, 0.00042677045848, 0.99562382087, 8.7227637709e-05, 0.99998777222, 1.8504197566e-06, 4.0000153508, 9.0192316232e-08, 0.99940769251, 1.0000727028, 1.9940603136, 2.0030677878, 5.3039830697e-07, 0.00011126340845, 0.00021212374472, 0.00040839913035, 4.5337037827e-08, 4.4409135298e-05, 9.8008209286e-07, 0.00013084089997, 0.00038767082892, 0.99851427276, 2.188069257e-05, 1.4740894394e-05, 1.0000485835, 0.99992910271, 1.0000165056, 3.0000598395, 1.9999998775, 0.99997393565, 1.9022329982],
