{
  "X": [
    [4, 5, 8, 31, 5],
    [6, 5, 6, 64, 1],
    [6, 49, 30, 79, 3],
    [4, 4, 11, 26, 0],
    [142, 158, 257, 899, 31],
    [69, 127, 189, 940, 16],
    [90, 129, 178, 837, 28],
    [66, 119, 245, 505, 26],
    [40, 80, 73, 600, 20],
    [3, 8, 10, 20, 0],
    [3, 5, 7, 42, 1],
    [1, 1, 5, 16, 0],
    [55, 57, 114, 320, 18],
    [28, 55, 111, 508, 8],
    [52, 118, 182, 476, 24],
    [72, 165, 328, 1052, 37],
    [6, 16, 26, 83, 7],
    [40, 87, 102, 615, 17],
    [3, 4, 5, 22, 0],
    [23, 32, 155, 188, 8],
    [30, 80, 127, 346, 8],
    [29, 26, 207, 245, 18],
    [89, 108, 303, 495, 21],
    [123, 182, 319, 961, 29],
    [124, 177, 458, 992, 43],
    [64, 95, 351, 571, 16],
    [95, 132, 426, 652, 56],
    [17, 46, 147, 233, 11],
    [97, 143, 213, 985, 26],
    [0, 0, 5, 16, 0],
    [0, 3, 3, 32, 0],
    [471, 998, 2027, 5647, 184],
    [50, 63, 241, 441, 14],
    [108, 149, 540, 1077, 41],
    [20, 39, 112, 372, 4]
  ],
  "W": [
    [2, 3, 5, 34, 5, 4],
    [7, 7, 7, 53, 1, 7],
    [24, 14, 24, 94, 6, 5],
    [1, 3, 9, 24, 4, 4],
    [78, 77, 191, 973, 56, 112],
    [64, 78, 110, 977, 59, 53],
    [65, 110, 121, 847, 54, 65],
    [54, 66, 168, 540, 80, 53],
    [35, 44, 51, 619, 42, 22],
    [7, 4, 8, 20, 1, 1],
    [2, 4, 6, 43, 0, 3],
    [1, 3, 2, 14, 2, 1],
    [30, 27, 94, 340, 29, 44],
    [29, 44, 65, 505, 55, 12],
    [62, 55, 136, 488, 68, 43],
    [90, 123, 227, 1062, 103, 49],
    [7, 5, 20, 93, 12, 1],
    [43, 48, 68, 613, 57, 32],
    [5, 2, 4, 22, 1, 0],
    [22, 29, 120, 187, 38, 10],
    [41, 30, 95, 343, 48, 34],
    [18, 33, 168, 236, 47, 23],
    [53, 74, 216, 506, 103, 64],
    [85, 89, 257, 956, 122, 105],
    [107, 111, 332, 1015, 110, 119],
    [43, 80, 266, 562, 88, 58],
    [92, 76, 334, 670, 100, 89],
    [28, 30, 120, 206, 46, 24],
    [78, 79, 142, 1021, 88, 56],
    [0, 3, 4, 13, 0, 1],
    [2, 4, 2, 28, 1, 1],
    [573, 448, 1437, 5685, 795, 389],
    [41, 76, 167, 429, 46, 50],
    [91, 194, 356, 1056, 127, 91],
    [27, 87, 46, 353, 20, 14]
  ],
  "method": "mvn_pdf",
  "cond_prob": [
    [
      [0.022138603424, 0.53069443028, 0.073855757634, 0.19176427838, 0.18154693029],
      [0.020950931743, 0.022428291952, 0.45254895539, 0.48949424633, 0.014577574579],
      [0.17218280841, 0.014100686222, 0.71344112499, 0.012699639141, 0.087575741228],
      [0.027369307424, 0.089351375616, 0.036701739229, 0.81176116518, 0.034816412552],
      [0.027941020803, 0.12029148579, 0.29089321146, 0.23720620507, 0.32366807687],
      [0.49042359985, 0.04035465814, 0.056277700626, 0.07464496677, 0.33829907461]
    ],
    [
      [0.019684527611, 0.4580338471, 0.0063680856806, 0.50381982446, 0.012093715154],
      [0.069450939902, 0.013338841925, 0.036391690013, 0.87982771476, 0.00099081340565],
      [0.037566217496, 0.029641643213, 0.76654262982, 0.1073686804, 0.058880829067],
      [0.0067957080854, 0.019524283173, 0.00069305194611, 0.9683495285, 0.0046374282985],
      [0.010211013552, 0.14552348239, 0.13195627597, 0.68033824993, 0.031970978166],
      [0.67752923755, 0.044655597681, 0.023742161758, 0.22286045749, 0.031212545518]
    ],
    [
      [0.0078732316731, 0.87086124693, 0.019966597378, 0.092899111281, 0.0083998127388],
      [0.01637604749, 0.082156645083, 0.42286910933, 0.47622601977, 0.0023721783294],
      [0.0126136298, 0.068111987865, 0.84628891385, 0.03371773283, 0.03926773565],
      [0.027827771922, 0.22320276459, 0.013664289035, 0.72075972899, 0.014545445464],
      [0.0076768427878, 0.50916317927, 0.27103294576, 0.17695516997, 0.035171862209],
      [0.52343580847, 0.2556820774, 0.075811871186, 0.096177183913, 0.048893059031]
    ],
    [
      [0.021308787455, 0.69402981889, 0.030856477944, 0.25380491571, 0],
      [0.017759700829, 0.024624714017, 0.31925593709, 0.63835964807, 0],
      [0.019624992087, 0.026691267162, 0.94175246509, 0.011931275665, 0],
      [0.025562189146, 0.078792442179, 0.0040628079806, 0.8915825607, 0],
      [0.018004204965, 0.2073119161, 0.30456576407, 0.47011811487, 0],
      [0.76581945548, 0.067902089477, 0.054958269304, 0.11132018574, 0]
    ],
    [
      [0.03403451569, 0.64618286992, 0.06030334424, 0.23789019918, 0.021589070975],
      [0.027325784449, 0.023268619383, 0.46916849423, 0.47821253389, 0.0020245680451],
      [0.019837655953, 0.019494472249, 0.90502328036, 0.018203779188, 0.037440812251],
      [0.050689822823, 0.086734036209, 0.010378268889, 0.83746761293, 0.014730259151],
      [0.016645856003, 0.19740585376, 0.43964164587, 0.29667076317, 0.049635881203],
      [0.74284700485, 0.059246992969, 0.076722595965, 0.077461851899, 0.043721554317]
    ],
    [
      [0.022900463518, 0.61170096845, 0.071182881234, 0.2788437079, 0.015371978893],
      [0.015863670525, 0.018868603278, 0.48143877794, 0.48263151865, 0.0011974295987],
      [0.011710489515, 0.015890054576, 0.93548383781, 0.013752926909, 0.02316269119],
      [0.030867197265, 0.072804853796, 0.010897212807, 0.87684542452, 0.0085853116106],
      [0.010502720394, 0.16383740633, 0.45944342365, 0.33494306098, 0.031273388655],
      [0.64588562182, 0.072353430722, 0.11764358217, 0.12370380987, 0.040413555418]
    ],
    [
      [0.029600805009, 0.63768499283, 0.044667409032, 0.26362534788, 0.024421445257],
      [0.025967176629, 0.024498638808, 0.38557693992, 0.56147871001, 0.0024785346341],
      [0.022444605651, 0.024982954207, 0.86517614566, 0.033165818656, 0.054230475824],
      [0.041404631769, 0.07878957196, 0.0065575890699, 0.85805784731, 0.015190359894],
      [0.015958722464, 0.20159669943, 0.33940686731, 0.38471568264, 0.058322028154],
      [0.71649641292, 0.064795361835, 0.063301424921, 0.10059979535, 0.054807004973]
    ],
    [
      [0.025195417845, 0.68797619753, 0.068668901755, 0.1933897944, 0.024769688479],
      [0.02062270266, 0.025217386009, 0.54597059961, 0.4058361746, 0.0023531371254],
      [0.013131672804, 0.017878313895, 0.92009235816, 0.010789733152, 0.038107921984],
      [0.04507933146, 0.10670386687, 0.01381875615, 0.81471620197, 0.019681843553],
      [0.012282399485, 0.19374641101, 0.46905955605, 0.27191460923, 0.05299702423],
      [0.67446786948, 0.076633587419, 0.10746058028, 0.08036170958, 0.061076253238]
    ],
    [
      [0.025574426038, 0.63272754134, 0.035651169263, 0.27679413396, 0.029252729401],
      [0.022716808959, 0.025264029667, 0.30848756707, 0.640543202, 0.0029883923102],
      [0.023157261504, 0.029222312981, 0.84168588088, 0.02779660434, 0.078137940293],
      [0.03384417078, 0.073186250147, 0.0040743264676, 0.87226373755, 0.016631515053],
      [0.013955630898, 0.19947224558, 0.27346350531, 0.4429334956, 0.070175122616],
      [0.69948440669, 0.071475346852, 0.056604586059, 0.098918965552, 0.073516694849]
    ],
    [
      [0.040617700698, 0.77336413946, 0.029986583139, 0.1560315767, 0],
      [0.03765681743, 0.033136643062, 0.42696679076, 0.50223974875, 0],
      [0.029676441272, 0.023130811128, 0.92891950965, 0.01827323795, 0],
      [0.069269821287, 0.099070336268, 0.010451662575, 0.82120817987, 0],
      [0.032424738673, 0.25055912453, 0.41125574456, 0.30576039224, 0],
      [0.9098161308, 0.036892112601, 0.030581681713, 0.022710074883, 0]
    ],
    [
      [0.016529042243, 0.68878450955, 0.096415701646, 0.17332644402, 0.024944302536],
      [0.013546634793, 0.024201290555, 0.28151094939, 0.67887659537, 0.0018645298895],
      [0.012417538266, 0.024235285298, 0.89370761924, 0.028894071653, 0.040745485539],
      [0.020383720729, 0.073118052001, 0.0033137466909, 0.89017346734, 0.013011013242],
      ["NaN", "NaN", "NaN", "NaN", "NaN"],
      [0.65391671846, 0.078712623614, 0.058795991989, 0.16233906836, 0.046235597579]
    ],
    [
      [0.015130309167, 0.41312536084, 0.097925581543, 0.47381874845, 0],
      [0.0071593579329, 0.0066943288617, 0.5471404237, 0.4390058895, 0],
      [0.0052796643151, 0.0042378250764, 0.98649057183, 0.0039919387807, 0],
      [0.016588458089, 0.029030303261, 0.01044877439, 0.94393246426, 0],
      [0.0079335705869, 0.06254309317, 0.51608750693, 0.41343582931, 0],
      [0.70472673398, 0.026805570429, 0.10921414835, 0.15925354724, 0]
    ],
    [
      [0.03617565692, 0.63147896255, 0.055757315021, 0.24475474116, 0.031833324345],
      [0.029667194708, 0.02302580434, 0.44311302913, 0.50119334489, 0.0030006269344],
      [0.02193983816, 0.019925651937, 0.88258044614, 0.018002333308, 0.057551730454],
      [0.05219093141, 0.082033482339, 0.0094031314131, 0.8362524246, 0.020120030242],
      [0.017793916695, 0.1832918158, 0.38995032318, 0.33784114896, 0.071122795363],
      [0.74523706784, 0.053501737973, 0.065796426653, 0.075220464538, 0.060244302999]
    ],
    [
      [0.026929632793, 0.56099180737, 0.070635793629, 0.32556851389, 0.015874252324],
      [0.017278374875, 0.016128801251, 0.4375034434, 0.52795948758, 0.0011298928907],
      [0.013664365376, 0.014456947667, 0.92518163901, 0.023120725841, 0.023576322103],
      [0.032003927505, 0.056806995987, 0.0096225866754, 0.89400206748, 0.0075644223497],
      [0.011551013562, 0.13907573341, 0.42567675523, 0.39343851447, 0.030257983328],
      [0.7311099391, 0.062097535122, 0.10774801088, 0.059607174135, 0.039437340755]
    ],
    [
      [0.021575581054, 0.69970433656, 0.047657374493, 0.20748035059, 0.023582357309],
      [0.020614697734, 0.030029332391, 0.44097794038, 0.50576331707, 0.0026147124205],
      [0.015783282618, 0.02553430804, 0.89215148171, 0.015884823757, 0.050646103872],
      [0.037189048903, 0.10312504224, 0.0092892070436, 0.83257588833, 0.017820813483],
      [0.012069064925, 0.22554373578, 0.37158279521, 0.33282758747, 0.057976816618],
      [0.66076806706, 0.089117611896, 0.08507189387, 0.09836256608, 0.066679861098]
    ],
    [
      [0.022109177944, 0.62234266242, 0.064030927841, 0.26645051304, 0.025066718752],
      [0.016486830487, 0.020779362909, 0.46072468205, 0.49983726883, 0.0021718557205],
      [0.012307559687, 0.017839579, 0.91122012894, 0.017521586171, 0.041111146198],
      [0.030774110384, 0.076596125728, 0.0099721741838, 0.86707276114, 0.015584828564],
      [0.010277969478, 0.16826624393, 0.41607466803, 0.35399573307, 0.051385385503],
      [0.64179064698, 0.075657258434, 0.10765248046, 0.10753544618, 0.067364167952]
    ],
    [
      [0.05450396787, 0.64793247036, 0.062872259664, 0.15890302144, 0.075788280663],
      [0.023236529166, 0.02417106609, 0.50149266938, 0.44535841852, 0.0057413168469],
      [0.01458110894, 0.018328696282, 0.85123704588, 0.019555845038, 0.096297303856],
      [0.045515914254, 0.095163956361, 0.014853619038, 0.81422938486, 0.030237125483],
      [0.012517594825, 0.17496549847, 0.38438637008, 0.29283380517, 0.13529673146],
      [0.82747623672, 0.027209528204, 0.033666906339, 0.032431402158, 0.079215926579]
    ],
    [
      [0.020499820632, 0.62533230436, 0.042631049716, 0.28998686647, 0.021549958821],
      [0.017019696475, 0.023363677531, 0.34353588127, 0.61400640323, 0.0020743414987],
      [0.016357294121, 0.025514266126, 0.88323552961, 0.023959739396, 0.050933170749],
      [0.026277557488, 0.071573366314, 0.0053738021912, 0.88417050793, 0.012604766077],
      [0.010692134704, 0.18933096304, 0.31313192891, 0.43749015742, 0.049354815928],
      [0.63973974574, 0.080873307829, 0.077327058034, 0.14048546168, 0.061574426716]
    ],
    [
      [0.14565639412, 0.58081444853, 0.042789553731, 0.23073960361, 0],
      [0.071504643628, 0.016855310083, 0.2878137296, 0.62382631669, 0],
      [0.050488774341, 0.01158141512, 0.9147462816, 0.023183528941, 0],
      [0.085140550042, 0.041000449161, 0.010217887703, 0.86364111309, 0],
      [0.053661543854, 0.11388159514, 0.32664611629, 0.50581074472, 0],
      ["NaN", "NaN", "NaN", "NaN", "NaN"]
    ],
    [
      [0.042952458156, 0.56946603011, 0.10313499939, 0.26181926421, 0.022627248135],
      [0.025403699873, 0.014791962688, 0.56572152535, 0.39246842941, 0.0016143826828],
      [0.014740516309, 0.010422792316, 0.93754670146, 0.012488740348, 0.024801249568],
      [0.057498482615, 0.067521463631, 0.015665455147, 0.84522442366, 0.014090174945],
      [0.015981822692, 0.12477935869, 0.53165136662, 0.28916494482, 0.038422507178],
      [0.81899511558, 0.042391601246, 0.068730955928, 0.031450776497, 0.038431550752]
    ],
    [
      [0.014080789586, 0.69626471976, 0.048096175781, 0.23051181487, 0.011046499999],
      [0.013048825675, 0.028399908678, 0.42760196746, 0.52981575446, 0.0011335437301],
      [0.010330580997, 0.026113112775, 0.91886671984, 0.020497966843, 0.024191619544],
      [0.022107750552, 0.097187245417, 0.0091227413588, 0.86446581379, 0.007116448878],
      [0.0077656515543, 0.22415960796, 0.37349949006, 0.36690503823, 0.0276702122],
      [0.59100317494, 0.1183975634, 0.1132524581, 0.13482412177, 0.042522681785]
    ],
    [
      [0.035301882327, 0.48548616204, 0.11307473891, 0.3218039419, 0.044333274821],
      [0.018167483046, 0.010796773571, 0.55502327539, 0.41344291236, 0.0025695556348],
      [0.011784992845, 0.0056364565334, 0.92664916952, 0.014249530079, 0.041679851019],
      [0.041444021847, 0.045633341478, 0.015189392238, 0.87544388553, 0.022289358907],
      [0.011889081781, 0.092155652923, 0.52293349317, 0.3074369543, 0.065584817827],
      [0.67154714695, 0.037271590506, 0.12214153847, 0.091986871633, 0.077052852439]
    ],
    [
      [0.038592488244, 0.64913397648, 0.072611274364, 0.22008357897, 0.019578681942],
      [0.029183077861, 0.022085042509, 0.52619131387, 0.4208124454, 0.0017281203573],
      [0.01844090269, 0.016838466733, 0.92226761871, 0.01338793674, 0.029065075124],
      [0.059711860244, 0.091800223678, 0.013606695126, 0.8209388932, 0.013942327749],
      [0.01760645858, 0.17923752569, 0.47421738233, 0.28785872317, 0.041079910231],
      [0.76225232598, 0.053314358745, 0.082410335573, 0.06654885268, 0.035474127018]
    ],
    [
      [0.026121707214, 0.66562506271, 0.042317073677, 0.25052766338, 0.015408493021],
      [0.023631952727, 0.027009270323, 0.37160245917, 0.57615497259, 0.0016013451899],
      [0.021475941612, 0.027956788536, 0.89014878858, 0.023300123227, 0.037118358041],
      [0.03829822023, 0.085294329827, 0.0064160291867, 0.86030117901, 0.0096902417426],
      [0.014571092605, 0.21546355457, 0.33051157285, 0.40141723345, 0.038036546527],
      [0.71206021203, 0.076240161769, 0.067676718239, 0.10493709299, 0.039085814975]
    ],
    [
      [0.025096570134, 0.61522020903, 0.082236538751, 0.25210138952, 0.025345292565],
      [0.016830989923, 0.018506857824, 0.53277903665, 0.42990352061, 0.0019795949877],
      [0.01113951349, 0.013989072235, 0.92854075505, 0.013296257633, 0.033034401591],
      [0.036418139694, 0.078595925127, 0.013184792057, 0.85543774068, 0.016363402445],
      [0.010610039711, 0.15186793084, 0.48754280291, 0.30258259103, 0.047396635511],
      [0.65224027292, 0.06716359695, 0.12415474245, 0.095278245366, 0.061163142316]
    ],
    [
      [0.024342686494, 0.63110486066, 0.076279507091, 0.25290039895, 0.015372546809],
      [0.016497720456, 0.019128788285, 0.51628526472, 0.44699037455, 0.0010978519869],
      [0.011430445171, 0.015126500413, 0.93925906298, 0.013590942327, 0.020593049107],
      [0.03470102718, 0.07874934987, 0.012969420778, 0.86482122113, 0.0087589810408],
      [0.010592786871, 0.15835337321, 0.47808339883, 0.32327385107, 0.02969659002],
      [0.6579104467, 0.07097081638, 0.12438096016, 0.10815925953, 0.038578517227]
    ],
    [
      [0.028609121088, 0.60038733361, 0.087776750358, 0.23696605393, 0.046260741012],
      [0.018631169936, 0.017295764711, 0.56488217131, 0.39616176432, 0.0030291297196],
      [0.011742208751, 0.012565839773, 0.91064155794, 0.01311107197, 0.051939321566],
      [0.042784388833, 0.078329506467, 0.016281368029, 0.83692169199, 0.025683044682],
      [0.011416236345, 0.1372994521, 0.49409311367, 0.27489556853, 0.082295629363],
      [0.64295427045, 0.056653732168, 0.11821781628, 0.084097083443, 0.098077097663]
    ],
    [
      [0.012116337174, 0.61912080544, 0.0594004067, 0.29023677697, 0.01912567372],
      [0.0093422191144, 0.020812633006, 0.42004774105, 0.54800951399, 0.0017878928418],
      [0.0064218084218, 0.020166017374, 0.91546801122, 0.022078445909, 0.035865717071],
      [0.014188768054, 0.072785110484, 0.0093752140106, 0.89171337889, 0.011937528562],
      [0.0054923558353, 0.17662825762, 0.38624627825, 0.38986031415, 0.041772794144],
      [0.51809684948, 0.10423682344, 0.13252383951, 0.17321420059, 0.071928286989]
    ],
    [
      [0.03426509784, 0.60937583602, 0.05749409204, 0.27799421545, 0.020870758647],
      [0.025977336144, 0.020686827833, 0.42206264928, 0.52944427838, 0.0018289083632],
      [0.02094736118, 0.019114514101, 0.90396406982, 0.018217666353, 0.037756388545],
      [0.045205030188, 0.071513925677, 0.0084458727711, 0.86246552927, 0.012369642097],
      [0.016457840118, 0.17047225176, 0.38764653772, 0.38121984889, 0.044203521509],
      [0.74460646023, 0.055408716395, 0.072740753478, 0.085335580299, 0.041908489599]
    ],
    [
      ["NaN", "NaN", "NaN", "NaN", "NaN"],
      [0, 0, 0.26895936671, 0.73104063329, 0],
      [0, 0, 0.97312532815, 0.026874671853, 0],
      [0, 0, 0.0020240213242, 0.99797597868, 0],
      ["NaN", "NaN", "NaN", "NaN", "NaN"],
      [0, 0, 0.27430831008, 0.72569168992, 0]
    ],
    [
      [0, 0.5693634018, 0.02068939341, 0.40994720479, 0],
      [0, 0.019445484767, 0.19206816041, 0.78848635482, 0],
      [0, 0.03077660587, 0.93583113368, 0.033392260453, 0],
      [0, 0.042145293307, 0.0017491895998, 0.95610551709, 0],
      [0, 0.18134647412, 0.18959138569, 0.62906214018, 0],
      [0, 0.36052335888, 0.080117609682, 0.55935903143, 0]
    ],
    [
      [0.022324532084, 0.62653146455, 0.067449851751, 0.26331064144, 0.020383510181],
      [0.016387967582, 0.020266461455, 0.48037871931, 0.48125497232, 0.0017118793284],
      [0.011951580235, 0.017360845265, 0.92020860648, 0.018367627817, 0.032111340199],
      [0.031165929691, 0.077662794445, 0.010744478199, 0.86787045748, 0.012556340188],
      [0.010275740623, 0.16837997722, 0.43446986479, 0.3455234633, 0.041350954061],
      [0.63841719473, 0.076080959188, 0.11392262238, 0.11720254396, 0.054376679732]
    ],
    [
      [0.024750659386, 0.56939126924, 0.09837542699, 0.2867735138, 0.020709130589],
      [0.01442484917, 0.014609375222, 0.55318425584, 0.41639127992, 0.001390239847],
      [0.0093930708275, 0.010747009496, 0.94186745204, 0.015069843078, 0.02292262456],
      [0.032605714599, 0.064979179348, 0.014641361128, 0.87580998835, 0.011963756571],
      [0.0094514002706, 0.12696122503, 0.5243286852, 0.30399430082, 0.035264388679],
      [0.63795351249, 0.060672211344, 0.14464952232, 0.10747324049, 0.049251513357]
    ],
    [
      [0.027347750432, 0.56916415412, 0.095539881184, 0.28138599285, 0.026562221408],
      [0.016367107999, 0.014842888305, 0.55442428622, 0.41251685155, 0.0018488659236],
      [0.010579220262, 0.011034569036, 0.93199254717, 0.016355516161, 0.030038147367],
      [0.036236228123, 0.065495304445, 0.014396401757, 0.868222631, 0.015649434678],
      [0.010513908049, 0.12652430592, 0.50926381899, 0.30895945379, 0.044738513248],
      [0.64801329809, 0.056775898028, 0.13273744203, 0.103979041, 0.058494320854]
    ],
    [
      [0.021760391641, 0.53481511527, 0.09517182272, 0.33524562655, 0.01300704382],
      [0.014117048722, 0.012940438735, 0.60165239543, 0.37061899306, 0.00067112405334],
      [0.0079471435978, 0.010523856399, 0.86335175028, 0.10478035244, 0.013396897279],
      [0.026301510475, 0.055911964675, 0.014938986107, 0.89700803202, 0.0058395067197],
      [0.0084330954423, 0.11849461324, 0.50026969216, 0.35044298177, 0.022359617385],
      [0.5975444625, 0.060232894886, 0.1495404237, 0.15942318109, 0.033259037829]
    ]
  ],
  "expected_outcome": [
    [
      [0.043282785054, 0.13754786393, 0.18374984111, 0.021548555688, 2.6497803666, 1.4582557782, 1.9143713175, 1.3506470875, 0.89004631042, 0.27927230225, 0.032169447591, 0.01587868613, 1.0850038751, 0.78097698979, 1.3270328758, 1.9865712786, 0.33410132399, 0.87856858415, 0.69676984663, 0.95677075384, 0.57693233339, 0.63017036158, 2.0475607864, 2.2079536564, 2.6796580647, 1.0396739625, 2.622555407, 0.34280695506, 2.6692000398, 0, 0, 12.7450592664, 1.0125847313, 2.4773057997, 0.58763794826],
      [1.045769232, 3.2249559898, 20.9909398819, 0.6914603317, 50.7179484829, 39.3916379772, 41.6764279283, 37.3526811028, 22.2344546638, 5.3801153253, 1.3686281065, 0.42906521939, 19.0539271214, 16.409175897, 43.6112426218, 56.3307605343, 4.5543415475, 27.0372444003, 2.8438699179, 12.6080104794, 28.7113863988, 8.8627986156, 34.6022365863, 56.8441906338, 66.1878574793, 27.2138624676, 55.4058404103, 17.4512724492, 47.8276119714, 0, 1.153219198, 360.9797573106, 23.508116205, 52.1452967715, 14.5974038125],
      [0.13287576022, 0.033823646205, 0.46398469318, 0.031383412202, 4.668899355, 4.5415780251, 2.8731780068, 3.659873834, 1.2359870791, 0.21857581655, 0.16001849526, 0.096641121389, 1.6501456419, 2.0230996321, 2.9081184549, 5.6931683764, 0.42240577114, 1.8146184976, 0.20749995673, 2.2197135754, 1.9420322831, 1.9922092814, 3.7964424714, 3.5501680113, 8.712130126, 3.2577559183, 8.0126880816, 1.6258761815, 4.4431412298, 0, 0.042163704683, 38.2582350895, 3.9853083737, 8.6007497467, 2.5945216606],
      [0.37634498099, 3.5199715444, 2.1678454332, 0.25560770041, 18.2981217211, 17.6299457383, 16.968914507, 10.3229301356, 9.6302615855, 1.1220365559, 0.39554967693, 0.45841497309, 7.2612030235, 9.3294554457, 12.7145323348, 23.7620897644, 1.1736846608, 12.3599628381, 1.2518602787, 5.7221860436, 9.3197731959, 5.7253120027, 11.5291918735, 21.101805462, 26.7406115551, 10.8308598638, 21.6902615772, 8.048791108, 21.4555133453, 0, 0.80461709733, 149.4995805627, 11.6524743022, 25.39092608, 8.864375166],
      [0.4017272417, 0.083700955663, 0.1934801506, 0, 1.6652500744, 0.97858248112, 1.5671082405, 1.3138678402, 1.0092503612, 0, 0.043634273744, 0, 0.94972033811, 0.45729203531, 1.4390737127, 2.2274100464, 0.51546669662, 0.90960567989, 0, 0.4933191477, 0.44987578892, 0.78950973882, 1.0245682824, 1.2958822364, 2.6797427749, 0.65784778783, 4.268654524, 0.53125330628, 1.6045334137, 0, 0, 11.5173677707, 0.84151638787, 2.3857216021, 0.35606141262]
    ],
    [
      [0.065599121648, 0.58710835894, 0.23404715887, 0.054896289465, 2.1818921828, 1.2763535099, 2.9455516546, 1.4079344468, 1.0386398417, 0.15595812463, 0.056593041549, 0.022167152393, 0.83325183862, 0.79372598634, 1.1747000105, 2.1060586796, 0.12096780656, 0.84953096452, 0.15890523019, 0.77293355237, 0.40819036796, 0.62104618469, 2.2440291059, 2.181758524, 1.9369959408, 1.3672160673, 1.4678293213, 0.29306708425, 2.1315340535, 0, 0, 7.596350561, 1.1357951766, 3.275261219, 1.2163713525],
      [0.073443593598, 0.10639914287, 1.3069435975, 0.08053213473, 1.9669403, 1.6160201629, 2.9707714068, 1.8264341439, 1.2239900797, 0.14165981597, 0.10629746095, 0.021908222578, 0.68358790212, 0.78262502775, 1.8155346701, 2.8107231793, 0.13346422467, 1.2344357361, 0.035980575916, 0.47058127856, 0.93955701037, 0.39353356976, 1.7932387615, 2.6468143523, 2.2538626847, 1.6821478136, 1.4480512402, 0.68876504324, 1.7973365117, 0, 0.085546576779, 10.0230399675, 1.2199805295, 3.1695579311, 1.2270977346],
      [1.3760012184, 0.19329194196, 5.8997223946, 0.97217922487, 36.4455790184, 37.9310494786, 42.4195897032, 36.2400078223, 13.7418725018, 1.72351037, 1.1510246792, 1.6294950036, 12.019281752, 19.4269641244, 24.3904142424, 56.9936737888, 2.5059298671, 16.6639195786, 0.58816289694, 16.4740933845, 12.9038001021, 18.3704132513, 39.1556318622, 33.2876403083, 59.5316240197, 41.5287775219, 43.0911241038, 12.657797699, 33.6071963597, 0.8040405142, 0.7768889184, 216.1241378525, 42.2286896381, 107.7661743277, 51.4025337173],
      [1.4370076285, 6.1055008418, 6.5231703612, 1.8923923509, 36.2381297923, 37.0766023012, 61.3720316955, 26.3592676023, 27.8541023024, 1.9788716894, 2.6780080133, 1.3264296215, 13.3765966808, 22.9432794999, 27.4649040416, 60.8023780036, 2.2081342274, 29.1453074521, 1.216951297, 11.2317706266, 15.7119777657, 13.5235152413, 30.6698696606, 50.7304620761, 47.041478968, 35.328263176, 29.7475388011, 16.3021370015, 41.3089830693, 2.1959594858, 3.1375645048, 213.4346724478, 31.3021278804, 79.4039332894, 33.0977266592],
      [0.047948437912, 0.0076997144418, 0.036116487885, 0, 0.16745870649, 0.099974547424, 0.29205553997, 0.16635598458, 0.14139527444, 0, 0.0080768049492, 0, 0.087281826409, 0.053405361603, 0.15444703537, 0.28716634865, 0.031503874252, 0.10680626876, 0, 0.050621157986, 0.036474753886, 0.091491752961, 0.1372306097, 0.15332473934, 0.23603838688, 0.09359542125, 0.2454565335, 0.058233171981, 0.15495000568, 0, 0, 0.82179917128, 0.11340677543, 0.38507323288, 0.056270536422]
    ],
    [
      [1.0540515583, 0.27308152984, 0.30131835404, 0.18356507145, 3.7489730721, 1.2673044468, 2.6994530522, 2.1892988243, 1.1725644951, 0.24114597488, 0.074076784022, 0.010960606392, 2.05331382, 0.88786139026, 2.1365022675, 2.7838843649, 0.29468436348, 1.1053991964, 0.21388518993, 1.757195386, 0.97680220492, 1.9905621722, 3.924519261, 5.4885912993, 3.676986831, 3.0243291696, 3.9274441884, 0.74264854828, 2.9565894511, 0, 0, 17.0499531262, 1.5604794346, 3.7391896761, 0.36131730802],
      [0.074425896679, 0.21839958924, 1.6948298216, 0.25260546239, 3.8783817267, 1.8156153356, 3.1602028049, 3.1336793183, 1.5585697264, 0.19540650874, 0.15246072361, 0.0087243359325, 1.9623749395, 0.98471866267, 3.6343840974, 4.2387871199, 0.38412859184, 1.8154766806, 0.051425272511, 1.3041435908, 2.5906250917, 0.93220438386, 3.80440158, 7.519298719, 4.8493735436, 4.2152207857, 4.4039430973, 2.5372860099, 2.8365975138, 0, 0.066888178182, 26.0598288732, 1.8669703661, 4.0862951939, 0.49338788992],
      [3.4604552734, 5.4420738567, 20.3175047669, 8.4528121153, 173.3485361172, 103.0273064004, 105.2874681839, 154.8010856524, 43.1043990288, 7.4364512884, 5.3923920016, 1.9704052758, 83.1664043608, 60.2888226817, 121.5239838363, 207.3085064556, 17.0412287836, 60.219670198, 3.6442611248, 112.6446961439, 87.3851975481, 155.9893201887, 199.5039086775, 229.1637810011, 308.858538963, 250.0765363512, 304.6852805452, 110.0886120995, 128.6314505956, 3.8894409054, 1.8673061451, 1325.5105754289, 157.6067044889, 332.685804933, 40.7720899538],
      [0.07881549566, 0.67723509294, 0.78885518528, 0.11101735082, 3.1558763603, 1.4414343255, 3.5208665072, 1.7312183989, 1.3306833116, 0.12699622801, 0.15561157908, 0.0099097818496, 1.5703129381, 1.3524516082, 2.0659563547, 3.6759441446, 0.35173775479, 1.5459218887, 0.09042841276, 1.4130103304, 1.8192648019, 2.292689876, 2.7294426207, 5.6081811454, 4.0617530394, 3.3775983435, 4.1324535746, 2.4662554266, 2.4329961951, 0.11055909461, 0.065805676712, 24.0177011874, 2.2731808788, 5.1986691731, 3.7655327034],
      [0.33225177594, 0.38920993126, 0.89749187225, 0, 6.8682327237, 2.4483394918, 6.3320094518, 6.144717806, 3.8337834382, 0, 0.22545891167, 0, 5.2475939415, 1.4861456572, 6.6391734441, 8.9928779151, 1.9282205063, 3.3135320362, 0, 2.8809545489, 2.2281103533, 6.7952233792, 6.0377278608, 9.2201478353, 10.553347623, 5.3063153501, 16.8508785944, 4.1651979157, 5.1423662443, 0, 0, 44.3619413843, 3.6926648317, 10.290041024, 0.60767214491]
    ],
    [
      [0.83722177182, 0.27329020701, 2.6507332878, 0.60522734602, 49.2878404279, 30.1701476618, 35.0147775436, 24.3540693923, 21.0222278822, 1.3834334636, 0.86955707965, 0.23157997188, 17.7183470397, 16.2879989756, 18.1642990836, 32.7149787945, 4.318968688, 16.0772448972, 1.8745753389, 10.8438199206, 7.5769214456, 9.788360154, 30.1491721912, 36.6449810371, 37.05170884, 19.5056314414, 28.7856276546, 2.8601561416, 46.1812255573, 0, 0, 177.2424751954, 14.0062649682, 38.2483741863, 9.2667661908],
      [3.0973944072, 0.99288202031, 20.6288078425, 1.8884694045, 84.0890033615, 70.9044249809, 66.3271845064, 57.3016338169, 45.1682590689, 1.9995235856, 3.1330890668, 0.38616206193, 27.743275143, 28.5278716567, 49.9334317595, 80.8481103037, 8.8375195068, 43.6841482821, 0.95016219694, 12.524926694, 33.1078278643, 10.63490449, 46.249981517, 81.0484976028, 79.3233812053, 44.0271192983, 52.2330170457, 14.885121248, 72.6587673121, 0, 1.1035854238, 439.4946275867, 27.6440185192, 68.5965513056, 19.5231499053],
      [1.459646584, 0.027871166248, 1.3662087519, 0.097067949531, 9.5820918697, 10.2008593605, 5.094258319, 7.1087859677, 2.1863809659, 0.18777568242, 0.11764482143, 0.14743322018, 3.0432255704, 4.6411023933, 4.3240280091, 9.9951293161, 1.4178114925, 2.978724484, 0.2348722529, 2.7523670739, 3.0152827714, 3.4406218456, 6.5372444357, 5.6429071016, 12.6044398894, 6.9361603389, 10.573269314, 1.7886586169, 8.1405189029, 0.019965119817, 0.041837732473, 57.832571463, 5.9166507641, 14.2774829609, 4.9710115556],
      [27.7075302651, 51.4440361866, 67.9375319603, 21.4092353, 815.5829755575, 857.3750104728, 727.6564315631, 440.5774158112, 540.328249595, 16.4292672684, 38.2948709969, 13.234824746, 284.6479135856, 451.7658442801, 406.8599555175, 921.82938993, 75.7607004316, 542.5141618745, 18.9403902113, 158.2161148318, 296.895043661, 206.8643192795, 415.9771582998, 823.4000517084, 869.3244730301, 486.6561270821, 561.5381994892, 183.9683484552, 881.3569028219, 12.9800348802, 26.8545768437, 4938.9704656821, 376.283758627, 918.2912863021, 317.2187742342],
      [0.89820697184, 0.26192041979, 1.4167181574, 0, 14.4580887834, 8.3495575241, 12.9073480679, 10.6580950118, 10.294882488, 0, 0.58483803523, 0, 6.8472386612, 3.7771826942, 8.7182856302, 16.6123916558, 2.6649998811, 7.7457204621, 0, 2.6627714798, 2.4049242577, 5.2717942309, 7.0864435563, 9.2635625502, 16.6959970353, 4.8749618393, 16.8698864965, 2.4977155383, 12.6625854057, 0, 0, 71.4598600728, 5.1493071216, 16.586305245, 2.0202981142]
    ],
    [
      [0.15769684033, 0.0096397274927, 0.042700076216, 0.07610059775, 0.89588017541, 0.58871690131, 0.82197512098, 0.94127357506, 0.56105907173, 0.032081504718, 0, 0.016934121554, 0.49581348129, 0.61162381127, 0.78670200621, 1.0162846467, 0.14541848397, 0.58426109032, 0.055864394345, 0.5887565404, 0.35890685539, 0.5358557729, 1.7376026062, 1.7053035167, 1.1197226212, 0.89394342677, 1.0941895607, 0.23954727357, 1.3902070314, 0, 0, 7.8248144842, 0.41673246725, 1.2774737981, 0.15978181253],
      [0.55509917903, 0.13750349083, 3.0580279863, 0.81509303478, 10.7532637682, 9.4455897924, 10.6660635725, 15.3293260046, 8.2541919327, 0.24709470406, 0, 0.12556218264, 5.2224523597, 7.5638228428, 15.1753112851, 17.091021311, 2.056773005, 10.648549096, 0.11856203669, 4.6814667435, 10.6512683586, 4.3139330707, 18.1694267544, 25.9585626658, 16.4410941617, 13.7558380659, 13.501227538, 7.9693890909, 14.797351551, 0, 0.17757782259, 131.9507391337, 5.7412698134, 15.8465875453, 2.3153243039],
      [1.3561821201, 0.12963357792, 1.575218922, 1.2236105862, 24.3721822217, 27.0273547578, 18.215906606, 37.5102873994, 11.491356187, 0.40377483241, 0, 1.042043441, 11.2503436567, 23.3498583636, 25.2104978179, 42.765443258, 4.5708359076, 17.8523058744, 0.32520376863, 20.1696353655, 17.9282148805, 24.4206319856, 48.7788271993, 40.2735586008, 53.5520977972, 42.0132909039, 49.1862156179, 17.6940571863, 34.1215062516, 0, 0.19111778351, 345.0577186218, 24.0448579512, 64.6116849624, 10.1249870222],
      [1.1189865978, 0.69153799074, 1.1137237528, 1.8851957812, 17.1077589854, 20.0115816601, 21.0204010944, 21.7876457522, 18.6098084974, 0.31704895881, 0, 0.81546025479, 9.8650840616, 21.7234017924, 22.6971641604, 36.5884507605, 3.465488285, 24.9840500943, 0.50036980033, 11.0265435261, 17.6569389651, 14.4887989742, 29.8959323391, 49.1850075009, 33.4367555395, 28.5721541296, 27.4724916143, 18.0911401046, 33.6275583839, 0, 0.63130439391, 275.8141247583, 14.1007598618, 39.3248083032, 6.9262886051],
      [1.8120352627, 0.031685213017, 0.21032926265, 0, 2.8709148493, 1.9267568884, 3.2756536061, 4.4314672687, 3.0835843111, 0, 0, 0, 2.1663064408, 1.75129319, 4.1303247303, 5.5388000238, 1.7614843185, 2.9308338449, 0, 1.5335978245, 1.4046709404, 3.2407801967, 4.4182111009, 4.8775677157, 5.4503298803, 2.7647734738, 8.745875669, 2.0058663447, 4.0633767822, 0, 0, 34.352603002, 1.6963799063, 5.939445391, 0.4736182563]
    ],
    [
      [1.8421479229, 4.7193323128, 2.5874512819, 3.0586621396, 83.2356337751, 34.239221702, 46.6038713112, 35.756776674, 15.3154623989, 0.90810862994, 1.9676036472, 0.70247946165, 32.8142699453, 8.6378128468, 28.4107637563, 31.3922222358, 0.78585933403, 20.5049952674, 0, 8.0805238469, 20.1022467928, 15.4340053546, 48.8971160493, 74.7714119666, 77.5349277023, 38.1692059325, 57.1023538679, 12.5217739972, 41.6712438669, 0, 0, 248.5413473668, 31.8681432221, 58.9823953209, 8.4081253879],
      [0.15386769143, 0.319859767, 1.3204508702, 0.2718396319, 6.5944623607, 3.826711751, 4.1993497812, 4.0562456134, 1.5605345286, 0.036200060376, 0.23952464216, 0.028577977533, 2.3343825342, 0.73178591305, 3.8300955663, 3.6805975519, 0.033773124232, 2.5801458048, 0, 0.41087121365, 3.9993352762, 0.86262587008, 3.3807148008, 7.9826360262, 7.9444309255, 4.1058115689, 5.0079206686, 2.4681661587, 3.08233514, 0, 0.41318280064, 29.4920071283, 3.0196445668, 5.1557112526, 0.84363635381],
      [0.21483904387, 0.17330581093, 0.37736047143, 0.22294671181, 8.582711418, 6.2718519776, 4.1095991811, 5.6799593242, 1.2400042374, 0.029912010274, 0.17892000249, 0.11398193804, 2.8705990181, 1.2701528048, 3.6429576393, 5.244078805, 0.041788178088, 2.4707613674, 0, 0.73949445683, 3.8254724148, 2.7868034475, 5.2279453539, 7.0819449769, 14.7411692047, 7.1874789658, 10.4514223373, 3.1449982169, 4.0561866604, 0.28655346059, 0.080685715833, 44.2167615444, 7.2177887841, 12.0581030692, 2.1348560906],
      [0.28131503195, 1.5617183435, 0.46887330726, 0.44655151666, 8.6171375834, 6.4654255022, 6.4613546328, 4.2215222997, 2.246894708, 0.025779299412, 0.47595973375, 0.15496062278, 3.2788897104, 0.88556737364, 4.1974875909, 5.341747397, 0.040254640429, 4.4505958523, 0, 0.39037464151, 4.5970016104, 2.1053646264, 4.1984052062, 10.9744921072, 11.394927868, 6.234997405, 7.4190549436, 4.1233279041, 4.8180461844, 0.71344653941, 0.50613148353, 45.2634553617, 5.3876984499, 9.3903768522, 2.1273026321],
      [1.5078303099, 0.22578376583, 0.24586406916, 0, 4.9700548628, 2.1967890672, 3.6258250937, 3.2854960887, 1.6371041271, 0, 0.13799197442, 0, 2.701858792, 0.47468106174, 2.9186954472, 3.3413540103, 0.098324723217, 1.9935017081, 0, 0.37873584116, 1.4759439058, 1.8112007014, 2.2958185898, 4.189514923, 7.3845442996, 2.3025061278, 9.0192481826, 1.7417337231, 2.3721881484, 0, 0, 21.4864285989, 2.5067249772, 5.413413505, 0.48607953553]
    ]
  ],
  "prob": [
    [0.025638344106, 0.62710155345, 0.066732566053, 0.25793074147, 0.022596794912],
    [0.019066623192, 0.020504228803, 0.48054671691, 0.4780159575, 0.0018664735933],
    [0.013781317268, 0.017232930305, 0.91545251099, 0.018190908372, 0.035342333063],
    [0.035956496986, 0.077968050814, 0.01067721906, 0.86173177497, 0.01366645817],
    [0.011732526363, 0.16964781356, 0.43240747883, 0.3400412001, 0.04617098115],
    [0.66858503079, 0.069782000067, 0.10273693254, 0.10370965421, 0.055186382401]
  ],
  "iterations": 279,
  "time": 0.043419,
  "message": "Converged",
  "status": 0,
  "miniter": 0,
  "maxiter": 1000,
  "maxtime": 3600,
  "param_threshold": 0.001,
  "ll_threshold": "-Inf",
  "initial_prob": "group_proportional",
  "adjust_prob_cond_method": "project_lp",
  "adjust_prob_cond_every": false,
  "candidates_id": ["WHYTE, Jamie Thomas.c", "CRAIG, Andrew Ross.c", "KIRKER, Barry Eric.c", "WILLIAMSON, Maurice Donald.c", "Informal Candidate Votes.c"],
  "group_id": ["Conservative.p", "Green Party.p", "Labour Party.p", "National Party.p", "New Zealand First Party.p", "Other parties votes.p"]
}
