{
  "X": [
    [32, 24, 21, 23],
    [31, 41, 9, 19],
    [42, 32, 8, 18],
    [33, 38, 10, 19],
    [39, 31, 10, 20],
    [41, 30, 8, 21],
    [31, 42, 7, 20],
    [39, 33, 9, 19],
    [45, 22, 10, 23],
    [45, 23, 13, 19],
    [50, 25, 12, 13],
    [43, 27, 10, 20],
    [47, 32, 13, 8],
    [46, 27, 14, 13],
    [44, 31, 8, 17],
    [45, 27, 19, 9],
    [47, 24, 11, 18],
    [51, 10, 19, 20],
    [54, 10, 21, 15],
    [41, 17, 24, 18],
    [48, 14, 28, 10],
    [46, 18, 14, 22],
    [46, 19, 21, 14],
    [45, 17, 21, 17],
    [56, 15, 20, 9],
    [57, 20, 13, 10],
    [53, 18, 14, 15],
    [43, 28, 18, 11],
    [60, 15, 13, 12],
    [59, 13, 13, 15],
    [47, 26, 18, 9],
    [62, 14, 8, 16],
    [50, 24, 8, 18],
    [33, 17, 28, 22],
    [23, 16, 29, 32],
    [19, 18, 33, 30],
    [22, 20, 29, 29],
    [16, 18, 30, 36],
    [21, 23, 25, 31],
    [17, 16, 36, 31],
    [25, 17, 27, 31],
    [15, 19, 25, 41],
    [27, 17, 6, 50],
    [29, 20, 6, 45],
    [16, 20, 8, 56],
    [23, 8, 8, 61],
    [31, 21, 9, 39],
    [23, 15, 7, 55],
    [19, 19, 7, 55],
    [26, 23, 5, 46]
  ],
  "W": [
    [51, 6, 8, 12, 17, 6],
    [51, 14, 15, 11, 6, 3],
    [50, 8, 12, 11, 11, 8],
    [54, 9, 7, 7, 8, 15],
    [54, 11, 10, 10, 7, 8],
    [61, 7, 7, 13, 7, 5],
    [60, 13, 7, 4, 8, 8],
    [60, 5, 12, 11, 7, 5],
    [29, 36, 11, 11, 5, 8],
    [5, 58, 11, 7, 13, 6],
    [5, 64, 3, 11, 5, 12],
    [5, 63, 9, 8, 3, 12],
    [12, 59, 4, 11, 5, 9],
    [7, 57, 8, 7, 13, 8],
    [5, 61, 6, 9, 4, 15],
    [10, 57, 8, 13, 8, 4],
    [9, 46, 20, 12, 7, 6],
    [10, 7, 58, 7, 11, 7],
    [9, 7, 59, 6, 10, 9],
    [11, 5, 59, 6, 14, 5],
    [12, 10, 53, 5, 18, 2],
    [11, 8, 59, 5, 6, 11],
    [7, 6, 57, 11, 6, 13],
    [9, 8, 57, 9, 8, 9],
    [10, 7, 59, 16, 4, 4],
    [9, 5, 12, 58, 7, 9],
    [8, 10, 9, 56, 11, 6],
    [9, 11, 8, 61, 6, 5],
    [7, 10, 12, 55, 5, 11],
    [13, 4, 7, 57, 11, 8],
    [10, 12, 9, 55, 8, 6],
    [7, 7, 7, 66, 6, 7],
    [10, 8, 9, 56, 5, 12],
    [10, 11, 10, 20, 43, 6],
    [7, 6, 10, 12, 56, 9],
    [10, 8, 10, 5, 56, 11],
    [5, 8, 8, 6, 60, 13],
    [13, 8, 5, 7, 57, 10],
    [12, 3, 10, 8, 59, 8],
    [9, 8, 6, 7, 63, 7],
    [4, 8, 9, 13, 59, 7],
    [7, 5, 5, 8, 51, 24],
    [8, 8, 8, 8, 7, 61],
    [15, 8, 10, 5, 3, 59],
    [11, 7, 6, 7, 8, 61],
    [4, 6, 7, 6, 9, 68],
    [12, 8, 13, 7, 9, 51],
    [9, 8, 9, 9, 7, 58],
    [8, 10, 7, 3, 11, 61],
    [10, 15, 8, 5, 5, 57]
  ],
  "method": "mvn_cdf",
  "mvncdf_method": "genz",
  "mvncdf_samples": 5000,
  "mvncdf_error": 1e-06,
  "cond_prob": [
    [
      [0.30416411313, 0.38197772878, 0.076396383658, 0.23746177443],
      [0.46264786381, 0.245423479, 0.21435943514, 0.077569222043],
      [0.47289320966, 0.043556485418, 0.411781563, 0.071768741918],
      [0.60180574133, 0.13208199581, 0.23239920994, 0.033713052917],
      [0.020464706545, 0.067103883584, 0.64800313864, 0.26442827123],
      [0.091464131562, 0.095469921504, 0.0038074363237, 0.80925851061]
    ],
    [
      [0.20287853825, 0.58081164931, 0.022341809698, 0.19396800274],
      [0.38664072152, 0.45273949294, 0.076095871699, 0.08452391385],
      [0.54100149308, 0.12107826035, 0.21467738644, 0.12324286013],
      [0.59526445594, 0.25820586713, 0.10037984519, 0.046149831737],
      [0.025647406268, 0.18105774747, 0.35481670265, 0.43847814361],
      [0.070714754613, 0.13823742264, 0.0012635210227, 0.78978430172]
    ],
    [
      [0.37380899377, 0.46419366094, 0.021415232532, 0.14058211276],
      [0.59247015029, 0.30521762594, 0.055797606948, 0.046514616814],
      [0.71846696916, 0.0727224163, 0.14901781385, 0.059792800694],
      [0.75910945935, 0.15455388405, 0.063964911722, 0.022371744881],
      [0.059214690393, 0.17903659828, 0.38658897281, 0.37515973852],
      [0.15401430466, 0.14939852132, 0.0014064300883, 0.69518074393]
    ],
    [
      [0.30933599119, 0.53488578907, 0.035159760673, 0.12061845907],
      [0.50800472781, 0.35459231309, 0.096067969669, 0.041334989422],
      [0.60589473794, 0.08496922644, 0.25609918472, 0.053036850906],
      [0.6809912524, 0.1850950521, 0.11340327698, 0.020510418526],
      [0.038215856593, 0.16404089314, 0.53707330575, 0.26066994452],
      [0.14327001092, 0.18755913762, 0.0025768788339, 0.66659397263]
    ],
    [
      [0.34172208593, 0.44447315688, 0.035125858726, 0.17867889846],
      [0.5536073187, 0.29202641545, 0.094343716695, 0.060022549156],
      [0.62499734514, 0.066161077251, 0.23586037163, 0.072981205976],
      [0.71717711161, 0.14665822154, 0.10733276244, 0.028831904408],
      [0.038824539296, 0.12562893297, 0.48176509105, 0.35378143669],
      [0.11802374081, 0.12033880223, 0.0019856529202, 0.75965180404]
    ],
    [
      [0.35989021357, 0.40640815494, 0.029202133107, 0.20449949838],
      [0.58362496316, 0.26887561976, 0.07873349969, 0.068765917384],
      [0.65842756959, 0.061175692886, 0.19696272548, 0.083434012046],
      [0.74548540396, 0.13353826935, 0.08829738746, 0.032678939228],
      [0.042408427351, 0.12032774303, 0.41501256067, 0.42225126895],
      [0.11478139516, 0.099268854336, 0.0014915598172, 0.78445819068]
    ],
    [
      [0.27333344135, 0.54713512978, 0.022560173874, 0.156971255],
      [0.48399026325, 0.39203616104, 0.066287071154, 0.057686504559],
      [0.63181062905, 0.1008192864, 0.18801600228, 0.079354082277],
      [0.67721351759, 0.21284732265, 0.079993420541, 0.029945739216],
      [0.038510003412, 0.19193809641, 0.38262469301, 0.38692720716],
      [0.10624340916, 0.16190135588, 0.0014009373896, 0.73045429757]
    ],
    [
      [0.33275070764, 0.45770881211, 0.029728416885, 0.17981206336],
      [0.55046973103, 0.3065471534, 0.081418126479, 0.06156498909],
      [0.64116573207, 0.071694332251, 0.21011174436, 0.077028191321],
      [0.72012973834, 0.15593150441, 0.093920763216, 0.030017994033],
      [0.040674741564, 0.13933052861, 0.4361907584, 0.38380397142],
      [0.11746787358, 0.1229683557, 0.0016713802474, 0.75789239048]
    ],
    [
      [0.31740563371, 0.35190125097, 0.034993813464, 0.29569930185],
      [0.55141383824, 0.25272858075, 0.090702522502, 0.10515505851],
      [0.60698971862, 0.054742392382, 0.21495395624, 0.12331393276],
      [0.71719876699, 0.12776520032, 0.10471549281, 0.050320539883],
      [0.031770424829, 0.093934530221, 0.36197922578, 0.51231581917],
      [0.078536022704, 0.066702683507, 0.001459945988, 0.8533013478]
    ],
    [
      [0.30582097299, 0.41661333221, 0.028841105029, 0.24872458977],
      [0.53249673538, 0.2950761107, 0.083219005442, 0.08920814848],
      [0.6120066941, 0.067869404821, 0.20994235699, 0.11018154409],
      [0.7067564742, 0.15198695211, 0.097234629862, 0.044021943838],
      [0.033589559339, 0.11343881238, 0.37140498114, 0.48156664714],
      [0.08355389249, 0.086633836453, 0.0012597637001, 0.82855250736]
    ],
    [
      [0.36965911553, 0.45961054739, 0.040429819655, 0.13030051743],
      [0.56876905292, 0.28639865754, 0.10316325892, 0.041669030622],
      [0.63249538648, 0.06399204286, 0.25401444168, 0.049498128981],
      [0.72291535935, 0.14200183631, 0.11540742897, 0.019675375371],
      [0.042672460589, 0.1320048931, 0.56303588623, 0.26228676009],
      [0.1598590628, 0.15083580227, 0.0029284274671, 0.68637670747]
    ],
    [
      [0.26571616607, 0.45179338613, 0.028927976068, 0.25356247173],
      [0.48401060582, 0.33368717494, 0.087478521596, 0.094823697642],
      [0.57206384585, 0.078967647524, 0.2285710659, 0.12039744073],
      [0.66625509135, 0.17910597124, 0.10623274115, 0.048406196256],
      [0.028760351034, 0.12093649588, 0.36950735834, 0.48079579475],
      [0.071610374959, 0.092133448878, 0.0012429182929, 0.83501325787]
    ],
    [
      [0.33721879994, 0.5352827517, 0.042291341784, 0.085207106581],
      [0.51363115204, 0.34615921244, 0.10994884679, 0.030260788733],
      [0.52135733372, 0.095440493593, 0.33862855053, 0.044573622157],
      [0.65997576861, 0.186656101, 0.13840105754, 0.014967072849],
      [0.039572449011, 0.16147700186, 0.69028624646, 0.10866430267],
      [0.18156254172, 0.22532945583, 0.0036549202245, 0.58945308222]
    ],
    [
      [0.34748000062, 0.49300728065, 0.0313765096, 0.12813620913],
      [0.55967782589, 0.32229278164, 0.083596886839, 0.034432505638],
      [0.65490724984, 0.075706275303, 0.21546985695, 0.053916617906],
      [0.72337959613, 0.1611223795, 0.094949397915, 0.020548626456],
      [0.045956430561, 0.16249455332, 0.49444849021, 0.29710052591],
      [0.15250499095, 0.1641156896, 0.0022026485405, 0.68117667091]
    ],
    [
      [0.29105751891, 0.53675106855, 0.024370545546, 0.147820867],
      [0.50227332449, 0.37499970774, 0.069782278903, 0.052944688863],
      [0.63767575374, 0.095424719928, 0.19492448445, 0.071975041877],
      [0.68883353192, 0.19997731698, 0.084175019048, 0.027014132052],
      [0.042773960403, 0.18694352811, 0.40503303837, 0.36524947312],
      [0.11613043074, 0.16238950989, 0.0015496182125, 0.71993044116]
    ],
    [
      [0.31533021756, 0.48823668585, 0.059679378478, 0.13675371811],
      [0.49413079931, 0.30805952911, 0.15380484316, 0.044004828417],
      [0.52068060871, 0.065352346768, 0.36351030664, 0.050456737884],
      [0.64475717436, 0.15496282766, 0.17847434607, 0.021805651909],
      [0.028483950629, 0.11003855721, 0.6445375021, 0.21693999006],
      [0.13375297952, 0.15783938379, 0.0040401574044, 0.70436747928]
    ],
    [
      [0.28074395026, 0.44034693727, 0.024804110995, 0.25410500148],
      [0.50817961869, 0.32246937083, 0.074471390516, 0.094879619963],
      [0.60698185108, 0.076830085668, 0.19466001488, 0.12152804837],
      [0.69161352218, 0.1711627546, 0.08911483824, 0.048108884981],
      [0.032078795521, 0.12432477818, 0.33040109877, 0.51319532753],
      [0.075314864699, 0.088752518779, 0.0010508156536, 0.83488180087]
    ],
    [
      [0.36078763377, 0.35502021119, 0.033560650582, 0.25063150446],
      [0.58860670593, 0.23582796979, 0.091098778059, 0.084466546226],
      [0.6353776854, 0.050401227221, 0.21636557568, 0.097855511698],
      [0.74354431703, 0.11492216501, 0.10180986824, 0.039723649708],
      [0.037940913275, 0.092193923811, 0.41102795284, 0.45883721008],
      [0.098229352764, 0.073212960417, 0.001449704821, 0.827107982]
    ],
    [
      [0.42560900508, 0.37350361994, 0.040321583676, 0.16056579131],
      [0.62924940738, 0.2225976082, 0.099062760315, 0.049090224105],
      [0.66687011604, 0.047081221307, 0.23027378247, 0.055774880185],
      [0.76719724107, 0.1047072974, 0.10577911584, 0.022316345689],
      [0.047991660895, 0.10394672157, 0.5336466911, 0.31441492643],
      [0.16468403682, 0.10527026832, 0.0024261101697, 0.72761958469]
    ],
    [
      [0.24602632764, 0.51965627388, 0.034133721899, 0.20018367658],
      [0.44505700073, 0.37859908585, 0.10234135083, 0.074002562596],
      [0.54379504299, 0.090416490253, 0.27022543948, 0.09556302728],
      [0.62779959383, 0.20630828932, 0.12686762745, 0.039024489405],
      [0.027411170861, 0.1417923947, 0.44297292665, 0.38782350779],
      [0.080913021648, 0.12806413679, 0.0017890004397, 0.78923384112]
    ],
    [
      [0.38539058611, 0.43364118999, 0.047424550818, 0.13354367309],
      [0.53427395377, 0.3176426335, 0.10961708756, 0.038466325165],
      [0.61722955111, 0.05611921783, 0.27945859596, 0.0471926351],
      [0.72431875176, 0.12635705584, 0.12999040236, 0.01933379004],
      [0.040567957779, 0.11473595168, 0.59841745638, 0.24627863416],
      [0.16464091524, 0.14065717222, 0.0032699861531, 0.69143192639]
    ],
    [
      [0.22736876358, 0.50521791353, 0.019530673385, 0.2478826495],
      [0.46202883546, 0.38704359414, 0.065803363708, 0.085124206691],
      [0.59363599745, 0.099096592501, 0.18825742962, 0.11900998043],
      [0.65814724218, 0.21354639437, 0.082919899366, 0.045386464081],
      [0.031667359681, 0.15995572587, 0.3130399503, 0.49533696415],
      [0.074677232514, 0.11672150801, 0.0010268520728, 0.8075744074]
    ],
    [
      [0.25692337, 0.60204681273, 0.033607512245, 0.10742230502],
      [0.44727109724, 0.41703068996, 0.096422845111, 0.039275367692],
      [0.56929938245, 0.10568490851, 0.27094319797, 0.054072511074],
      [0.6683572337, 0.1829617161, 0.12703012393, 0.021650926281],
      [0.033620158319, 0.19160555074, 0.51445270027, 0.26032159068],
      [0.12741030887, 0.22235646193, 0.0026238293697, 0.64760939984]
    ],
    [
      [0.26664900868, 0.52316528506, 0.03414455811, 0.17604114815],
      [0.46834102178, 0.36867483566, 0.099109429547, 0.063874713018],
      [0.56415948296, 0.087894842563, 0.26532191633, 0.082623758144],
      [0.64977119187, 0.19643561483, 0.12086699797, 0.032926195333],
      [0.031081943594, 0.1485305191, 0.46322039642, 0.35716714088],
      [0.096285073373, 0.13946110069, 0.001940920323, 0.76231290561]
    ],
    [
      [0.34510803445, 0.48144430357, 0.037894540871, 0.13555312111],
      [0.54761306871, 0.3081181004, 0.099752198802, 0.044516632086],
      [0.62485592446, 0.070022113722, 0.25051734082, 0.054604620998],
      [0.71039668158, 0.15399023787, 0.11403475632, 0.021578324231],
      [0.041374872081, 0.14195732092, 0.53283721071, 0.28383059629],
      [0.1457475602, 0.15292294363, 0.002535532847, 0.69879396331]
    ],
    [
      [0.34564142276, 0.5121410964, 0.03213775241, 0.11007972843],
      [0.54964236462, 0.32942421071, 0.084797302221, 0.036136122448],
      [0.65410328067, 0.078081191187, 0.22170097149, 0.046114556648],
      [0.71921006962, 0.16585338088, 0.097445739783, 0.017490809711],
      [0.04696843159, 0.17180619896, 0.51996625968, 0.26125910977],
      [0.16592555612, 0.18528846462, 0.0024503636423, 0.64633561562]
    ],
    [
      [0.30984095118, 0.44186776421, 0.032162440622, 0.21612884399],
      [0.52872305324, 0.30454514175, 0.090942240343, 0.075789564667],
      [0.60671174706, 0.070071761195, 0.22968689656, 0.093529595182],
      [0.70066000732, 0.1562850602, 0.10584833495, 0.037206597534],
      [0.034462359044, 0.12147470156, 0.42096859448, 0.42309434491],
      [0.093876095333, 0.10110355425, 0.0015596120947, 0.80346073833]
    ],
    [
      [0.20474014334, 0.58898542171, 0.039721334485, 0.16655310046],
      [0.39563165418, 0.40693478431, 0.13452782091, 0.062905740608],
      [0.43824152749, 0.11391675565, 0.35657227134, 0.091269445525],
      [0.52581474415, 0.25798218896, 0.18064192181, 0.035561145081],
      [0.02080840473, 0.14805283249, 0.56889433537, 0.26224442741],
      [0.074887286276, 0.16681655244, 0.0024068331438, 0.75588932814]
    ],
    [
      [0.40204470904, 0.42256599181, 0.038915679296, 0.13647361985],
      [0.61296899762, 0.25081730678, 0.094807471141, 0.041406224464],
      [0.66037172992, 0.056334444725, 0.23370980651, 0.049584018846],
      [0.75192855674, 0.122787357, 0.10571758769, 0.019566498564],
      [0.047596591411, 0.12345355699, 0.54601592798, 0.28293392362],
      [0.16666645962, 0.13281797704, 0.0025679857711, 0.69794757757]
    ],
    [
      [0.42268264265, 0.3622975854, 0.03463756887, 0.18038220308],
      [0.63528920626, 0.22065066214, 0.085599753841, 0.058460377763],
      [0.68563680324, 0.046041118505, 0.2037840185, 0.06453805976],
      [0.77866339903, 0.10342294246, 0.092115509441, 0.025798149069],
      [0.049051513525, 0.10447668798, 0.47420090853, 0.37227088997],
      [0.14494277934, 0.094260098023, 0.0018574754518, 0.75893964719]
    ],
    [
      [0.25659954105, 0.58169184958, 0.04416346833, 0.11754514104],
      [0.44439248351, 0.41723904865, 0.095558663131, 0.04280980471],
      [0.51943575714, 0.096078584276, 0.3317733056, 0.052712352988],
      [0.57603559502, 0.23516625521, 0.16557955863, 0.023218591143],
      [0.029307509991, 0.16596692401, 0.60771227255, 0.19701329345],
      [0.11993529849, 0.2064890404, 0.0033086113127, 0.6702670498]
    ],
    [
      [0.32347880608, 0.38329655739, 0.021588195584, 0.27163644094],
      [0.58250421506, 0.25444709982, 0.063985783632, 0.099062901485],
      [0.66663408697, 0.057064626053, 0.15523446048, 0.1210668265],
      [0.75197611699, 0.12710160801, 0.073506430186, 0.047415844814],
      [0.038157554066, 0.10294933755, 0.28746555426, 0.57142755412],
      [0.0828760972, 0.06730155698, 0.00094291294882, 0.84887943287]
    ],
    [
      [0.24859284294, 0.52846076753, 0.019953701427, 0.20299268811],
      [0.462499189, 0.39817979899, 0.061327031592, 0.077993980421],
      [0.60944957111, 0.10421881022, 0.17665118583, 0.10968043284],
      [0.66240655258, 0.21944208145, 0.076846222196, 0.041305143774],
      [0.033265969703, 0.1742650444, 0.31197743972, 0.48049154618],
      [0.079724124084, 0.1272442208, 0.0010234858234, 0.7920081693]
    ],
    [
      [0.35723317221, 0.43885601407, 0.0382425452, 0.16566826851],
      [0.56645179703, 0.27967690823, 0.099624475844, 0.054246818901],
      [0.63026320891, 0.062382138312, 0.2426918973, 0.064662755476],
      [0.72477755811, 0.13805490562, 0.1114665185, 0.025701017773],
      [0.039832980719, 0.12227193535, 0.51160975115, 0.32628533278],
      [0.13445093922, 0.12422407858, 0.0022953307778, 0.73902965143]
    ],
    [
      [0.31745502639, 0.45337259843, 0.03288255616, 0.19628981903],
      [0.53495421127, 0.30643385911, 0.090573525631, 0.068038403984],
      [0.61679375044, 0.070521299517, 0.22867128362, 0.084013666423],
      [0.70694108787, 0.15556462602, 0.1043092694, 0.033185016709],
      [0.035996982096, 0.12897945743, 0.44154443418, 0.39347912629],
      [0.10547868506, 0.11451916299, 0.001766628284, 0.77823552366]
    ],
    [
      [0.29625326295, 0.48678142777, 0.04031020152, 0.17665510776],
      [0.49898642761, 0.3287839997, 0.11100050081, 0.061229071886],
      [0.57135877992, 0.074896847229, 0.27843182216, 0.075312550698],
      [0.67053547322, 0.16916554606, 0.12990810744, 0.030390873274],
      [0.031544616845, 0.12944815025, 0.50799232129, 0.33101491162],
      [0.10656709855, 0.13323409415, 0.0023419285436, 0.75785687876]
    ],
    [
      [0.36295714127, 0.4939107737, 0.024495077778, 0.11863700725],
      [0.59341369782, 0.30049345018, 0.06580701755, 0.04028583445],
      [0.70698059016, 0.075794038781, 0.16862413669, 0.04860123437],
      [0.75322786174, 0.15587003232, 0.072274410217, 0.01862769572],
      [0.05444456736, 0.1870926105, 0.43975019469, 0.31871262745],
      [0.16873586254, 0.17429120002, 0.0018516784742, 0.65512125896]
    ],
    [
      [0.25372870943, 0.4676271761, 0.039994432637, 0.23864968183],
      [0.4571374909, 0.33748071257, 0.11723690712, 0.088144889409],
      [0.50640874095, 0.079198186372, 0.30339631842, 0.11099675426],
      [0.63366239046, 0.17935819662, 0.14191173476, 0.045067678152],
      [0.024566541425, 0.11305656294, 0.45585321477, 0.40652368086],
      [0.073944296617, 0.10224627126, 0.0018705730019, 0.82193885913]
    ],
    [
      [0.29147784271, 0.54246342165, 0.021746514739, 0.1443122209],
      [0.50796683708, 0.37853044796, 0.06181852643, 0.051684188533],
      [0.65112631971, 0.098755859884, 0.17758199976, 0.072535820638],
      [0.7081017203, 0.19123810066, 0.07445247527, 0.026207703765],
      [0.043413871607, 0.19969719023, 0.37976359509, 0.37712534308],
      [0.12205020097, 0.16853569648, 0.0014536365832, 0.70796046596]
    ],
    [
      [0.29274287459, 0.45842155801, 0.044186737765, 0.20464882964],
      [0.4949602016, 0.31103370376, 0.12265763167, 0.071348462973],
      [0.54543013337, 0.068601930534, 0.30026897354, 0.085698962552],
      [0.66419656602, 0.15932127946, 0.14195650454, 0.034525649978],
      [0.028392573673, 0.1113024684, 0.5080043814, 0.35230057652],
      [0.093658863615, 0.11262121355, 0.0023048231478, 0.79141509969]
    ],
    [
      [0.34182337676, 0.45975638216, 0.026162026548, 0.17225821453],
      [0.5658111198, 0.30520793188, 0.070366320716, 0.058614627606],
      [0.67081331324, 0.072143596307, 0.1826918765, 0.074351213952],
      [0.73758674505, 0.15338113097, 0.080693221372, 0.028338902613],
      [0.044991095332, 0.15263680728, 0.39890109974, 0.40347099765],
      [0.12466673339, 0.12171112192, 0.0015488723958, 0.75207327229]
    ],
    [
      [0.24294489697, 0.5315130071, 0.031979808382, 0.19356228754],
      [0.44299495734, 0.3885866515, 0.095475686001, 0.072942705155],
      [0.54905279205, 0.095690349034, 0.25900978581, 0.096247073102],
      [0.63645090344, 0.20894896523, 0.11686096974, 0.037739161597],
      [0.027735762789, 0.151311119, 0.43249469689, 0.38845842132],
      [0.081351205577, 0.13504409507, 0.0017258591507, 0.7818788402]
    ],
    [
      [0.35064764593, 0.45657764927, 0.025789964515, 0.16698474029],
      [0.57385871645, 0.29990073219, 0.069806225458, 0.056434325896],
      [0.67605727162, 0.070428032478, 0.18244877111, 0.071065924796],
      [0.74390447789, 0.14970447737, 0.079285162721, 0.027105882021],
      [0.046404741157, 0.15022612723, 0.41895287143, 0.38441626019],
      [0.1308879183, 0.12953213905, 0.0015299414562, 0.73805000119]
    ],
    [
      [0.36308600252, 0.46236606445, 0.034052182114, 0.14049575092],
      [0.57188673546, 0.2927232174, 0.089430429922, 0.045959617218],
      [0.64984241937, 0.066543539197, 0.22774631511, 0.055867726322],
      [0.73242074501, 0.14491739453, 0.10081112884, 0.021850731621],
      [0.043995187753, 0.13913123517, 0.52164689411, 0.29522668297],
      [0.15184174273, 0.14749205841, 0.002254842873, 0.69841135599]
    ],
    [
      [0.21610954324, 0.53372084745, 0.036259367408, 0.21391024191],
      [0.40228929361, 0.40192895305, 0.11340246709, 0.082379286254],
      [0.48793164236, 0.097614939838, 0.30789153825, 0.10656187955],
      [0.59090763808, 0.22226106665, 0.14277372158, 0.044057573679],
      [0.022525491076, 0.13652209738, 0.46138221953, 0.37957019202],
      [0.069198250196, 0.12816965537, 0.0018391181452, 0.80079297629]
    ],
    [
      [0.39790752867, 0.33183498581, 0.040545097084, 0.22971238844],
      [0.61982868502, 0.20637193573, 0.1052370579, 0.068562321347],
      [0.63469934544, 0.042237273588, 0.24205698209, 0.081006398881],
      [0.75658343103, 0.097577569088, 0.1125047395, 0.033334260388],
      [0.038688781097, 0.079647678024, 0.49361184124, 0.38805169964],
      [0.1174777376, 0.074556090135, 0.0019200555099, 0.80604611676]
    ],
    [
      [0.35870242302, 0.50078731174, 0.029796563112, 0.11071370212],
      [0.5626121593, 0.31922161948, 0.077558329258, 0.040607891964],
      [0.66932597837, 0.075348216318, 0.20372462061, 0.051601184695],
      [0.73299451333, 0.15886154112, 0.088532280946, 0.019611664603],
      [0.048338920891, 0.1686240409, 0.49154612214, 0.29149091607],
      [0.16156712522, 0.17170549054, 0.0021318991328, 0.66459548511]
    ],
    [
      [0.28870860214, 0.44015443188, 0.029803141081, 0.2413338249],
      [0.50994339873, 0.31397587164, 0.087808701482, 0.088272028143],
      [0.59151623478, 0.072591332871, 0.2267730406, 0.10911939175],
      [0.68044854939, 0.17334368563, 0.10265162415, 0.043556140827],
      [0.031400728192, 0.11883748973, 0.39419182704, 0.45556995504],
      [0.082419476312, 0.095996323672, 0.0013560171963, 0.82022818282]
    ],
    [
      [0.26864190381, 0.51165996393, 0.024804034529, 0.19489409773],
      [0.48138340314, 0.37176921941, 0.073999551659, 0.072847825789],
      [0.60452119027, 0.092602043126, 0.20548535874, 0.097391407865],
      [0.67267505684, 0.19937424294, 0.090398095068, 0.037552605155],
      [0.033703799341, 0.16015767103, 0.37872912341, 0.42740940622],
      [0.090216078709, 0.13115974223, 0.0013336670002, 0.77729051206]
    ],
    [
      [0.28794802411, 0.53771375871, 0.021480220637, 0.15285799655],
      [0.50345255015, 0.3786418127, 0.062474893215, 0.055430743934],
      [0.64652998973, 0.096655126695, 0.17730787019, 0.079507013383],
      [0.69474541373, 0.20117493058, 0.075769504883, 0.028310150809],
      [0.041707632881, 0.19300253032, 0.38021136086, 0.38507847594],
      [0.11556464381, 0.16322813201, 0.0013716663871, 0.71983555779]
    ]
  ],
  "expected_outcome": [
    [
      [15.5123697698, 10.3468054507, 18.6904496885, 16.7041435244, 18.4529926401, 21.9533030279, 16.400006481, 19.9650424586, 9.2047633777, 1.5291048649, 1.8482955776, 1.3285808304, 4.0466255992, 2.4323600043, 1.4552875946, 3.1533021756, 2.5266955524, 3.6078763377, 3.8304810457, 2.7062896041, 4.6246870333, 2.5010563994, 1.79846359, 2.3998410782, 3.4510803445, 3.1107728049, 2.4787276094, 1.84266129, 2.8143129633, 5.4948743545, 2.5659954105, 2.2643516426, 2.4859284294, 3.5723317221, 2.2221851847, 2.9625326295, 1.8147857064, 3.2984732225, 3.4977341125, 2.6346858713, 1.367293507, 1.7006142788, 2.8051811674, 5.4462900378, 2.3772049756, 1.5916301147, 4.3044290763, 2.5983774193, 2.1491352305, 2.8794802411],
      [19.4808641677, 29.621394115, 23.2096830471, 28.8838326096, 24.0015504717, 24.7908974514, 32.8281077866, 27.4625287266, 10.2051362781, 2.0830666611, 2.2980527369, 2.2589669306, 6.4233930204, 3.4510509645, 2.6837553427, 4.8823668585, 3.9631224354, 3.5502021119, 3.3615325795, 5.7162190127, 5.2036942798, 5.5573970488, 4.2143276891, 4.7084875655, 4.8144430357, 4.6092698676, 3.5349421137, 5.3008687954, 2.9579619427, 4.7098686103, 5.8169184958, 2.6830759018, 5.2846076753, 4.3885601407, 3.173608189, 4.8678142777, 2.4695538685, 6.0791532893, 6.5095610598, 4.1257940221, 1.8390255286, 3.7205910497, 3.6526211941, 6.9354909667, 5.8709293219, 1.3273399432, 6.0094477409, 3.9613898869, 4.0932797114, 5.3771375871],
      [3.8962155666, 1.1394322946, 1.0707616266, 1.8986270764, 1.8967963712, 1.7813301195, 1.3536104325, 1.7837050131, 1.0148205905, 0.14420552515, 0.20214909827, 0.14463988034, 0.50749610141, 0.2196355672, 0.12185272773, 0.59679378478, 0.22323699896, 0.33560650582, 0.36289425309, 0.37547094089, 0.56909460982, 0.21483740724, 0.23525258572, 0.30730102299, 0.37894540871, 0.28923977169, 0.25729952497, 0.35749201036, 0.27240975507, 0.45028839531, 0.4416346833, 0.15111736909, 0.19953701427, 0.382425452, 0.23017789312, 0.4031020152, 0.12247538889, 0.51992762429, 0.26095817687, 0.39768063988, 0.10464810619, 0.22385865868, 0.20631971612, 0.51078273171, 0.39885304148, 0.16218038834, 0.35755875735, 0.26822826973, 0.19843227623, 0.21480220637],
      [12.1105504959, 9.8923681397, 7.0291056379, 6.5133967896, 9.648660517, 12.4744694012, 9.4182752999, 10.7887238017, 8.5752797538, 1.2436229489, 0.65150258716, 1.2678123587, 1.022485279, 0.89695346391, 0.73910433498, 1.3675371811, 2.2869450133, 2.5063150446, 1.4450921217, 2.2020204424, 1.6025240771, 2.7267091446, 0.75195613516, 1.5843703333, 1.3555312111, 0.99071755587, 1.7290307519, 1.4989779042, 0.95531533892, 2.34496864, 1.1754514104, 1.9014550866, 2.0299268811, 1.6566826851, 1.3740287332, 1.7665510776, 0.59318503626, 3.1024458638, 1.7317466508, 1.8418394667, 0.68903285813, 1.3549360128, 1.3358779223, 2.1074362638, 2.353012661, 0.91884955375, 1.3285644255, 2.1720044241, 1.5591527818, 1.5285799655]
    ],
    [
      [2.7758871829, 5.4129701012, 4.7397612024, 4.5720425503, 6.0896805057, 4.0853747421, 6.2918734222, 2.7523486552, 19.8508981768, 30.8848106521, 36.4012193866, 30.4926681668, 30.3042379701, 31.9016360756, 30.6386727941, 28.1654555609, 23.3762624597, 4.1202469415, 4.4047458517, 2.2252850036, 5.3427395377, 3.6962306837, 2.6836265834, 3.7467281742, 3.833291481, 2.7482118231, 5.2872305324, 4.3519481959, 6.1296899762, 2.541156825, 5.3327098021, 4.0775295054, 3.699993512, 6.2309697673, 3.2097252676, 3.9918914209, 4.7473095826, 3.6570999272, 1.5239005112, 3.9596816128, 4.5264889584, 2.2149747867, 4.5908697316, 4.5750938837, 2.8160250553, 3.7189721101, 4.5008972744, 4.0795471898, 4.8138340314, 7.5517882523],
      [1.472540874, 6.3383529011, 2.4417410075, 3.1913308179, 3.21229057, 1.8821293383, 5.0964700935, 1.532735767, 9.0982289068, 17.1144144204, 18.3295140827, 21.0222920212, 20.4233935342, 18.3706885532, 22.8749821721, 17.5593931594, 14.8335910582, 1.6507957885, 1.5581832574, 1.8929954293, 3.176426335, 3.0963487531, 2.5021841398, 2.9493986853, 2.1568267028, 1.6471210536, 3.0454514175, 4.4762826274, 2.5081730678, 0.88260264854, 5.0068685838, 1.7811296988, 3.1854383919, 3.0764459905, 1.8386031547, 2.6302719976, 2.4039476014, 2.6998457006, 1.1355913439, 2.48826963, 2.441663455, 1.9429332575, 2.3992058575, 2.3417857392, 2.8135026713, 1.2382316144, 2.5537729558, 2.5118069732, 3.7176921941, 5.6796271904],
      [1.2861566109, 1.0653422038, 0.44638085559, 0.86461172702, 1.0377808836, 0.55113449783, 0.861731925, 0.40709063239, 3.2652908101, 4.8267023157, 6.6024485709, 5.5111468606, 6.4869819604, 4.7650225498, 4.2567190131, 8.7668760599, 3.4256839637, 0.63769144642, 0.69343932221, 0.51170675414, 1.0961708756, 0.52642690966, 0.57853707067, 0.79287543637, 0.69826539161, 0.42398651111, 0.90942240343, 1.47980603, 0.94807471141, 0.34239901536, 1.1467039576, 0.44790048542, 0.49061625274, 1.0958692343, 0.54344115379, 0.88800400644, 0.5264561404, 0.93789525697, 0.18545557929, 0.9812610534, 0.56293056573, 0.47737843001, 0.55844980366, 0.71544343938, 0.79381726961, 0.63142234741, 0.62046663406, 0.70246961186, 0.73999551659, 0.93712339823],
      [0.46541533226, 1.1833347939, 0.37211693451, 0.37201490479, 0.66024804072, 0.48136142169, 0.74992455926, 0.30782494545, 3.7855821063, 5.1740726119, 2.6668179598, 5.9738929514, 1.7853865353, 1.9626528214, 3.2296260206, 2.5082752198, 4.3644625183, 0.59126582358, 0.34363156874, 0.37001281298, 0.38466325165, 0.68099365353, 0.23565220615, 0.51099770415, 0.3116164246, 0.18068061224, 0.75789564667, 0.69196314669, 0.41406224464, 0.23384151105, 0.51371765652, 0.69344031039, 0.62395184337, 0.59671500791, 0.4082304239, 0.48983257508, 0.3222866756, 0.70515911527, 0.1550525656, 0.57078770378, 0.46891702084, 0.36471352577, 0.45147460717, 0.36767693775, 0.57665500377, 0.41137392808, 0.32486313571, 0.70617622514, 0.72847825789, 0.83146115901]
    ],
    [
      [3.7831456773, 8.1150223962, 8.6216036299, 4.2412631656, 6.2499734514, 4.6089929871, 4.4226744033, 7.6939887848, 6.6768869048, 6.7320736351, 1.8974861594, 5.1485746126, 2.0854293349, 5.2392579987, 3.8260545224, 4.1654448697, 12.1396370216, 36.8519057533, 39.3453368463, 32.0839075361, 32.7131662089, 35.0245238494, 32.4500647996, 32.1570905288, 36.866499543, 7.8492393681, 5.4604057236, 3.5059322199, 7.9244607591, 4.7994576227, 4.6749218142, 4.6664386088, 5.48504614, 6.3026320891, 6.1679375044, 5.7135877992, 5.6558447213, 2.5320437047, 6.5112631971, 3.2725808002, 6.0373198191, 2.7452639603, 5.4084581729, 6.4984241937, 2.9275898542, 4.4428954181, 8.7012377189, 5.323646113, 4.2316483319, 5.1722399178],
      [0.34845188334, 1.8161739052, 0.8726689956, 0.59478458508, 0.66161077251, 0.4282298502, 0.70573500478, 0.86033198701, 0.6021663162, 0.74656345303, 0.19197612858, 0.71070882772, 0.38176197437, 0.60565020242, 0.57254831957, 0.52281877414, 1.5366017134, 2.9232711788, 2.7777920571, 5.3345729249, 2.974318545, 5.8466989576, 6.0240397851, 5.0100060261, 4.1313047096, 0.93697429425, 0.63064585075, 0.91133404517, 0.67601333669, 0.32228782954, 0.86470725848, 0.39945238237, 0.93796929199, 0.62382138312, 0.70521299517, 0.74896847229, 0.60635231024, 0.39599093186, 0.98755859884, 0.4116115832, 0.64929236677, 0.47845174517, 0.56342425982, 0.66543539197, 0.58568963903, 0.29566091511, 0.97952681213, 0.65332199584, 0.64821430188, 0.77324101356],
      [3.294252504, 3.2201607966, 1.7882137662, 1.792694293, 2.3586037163, 1.3787390784, 1.3161120159, 2.5213409323, 2.3644935186, 2.3093659269, 0.76204332505, 2.0571395931, 1.3545142021, 1.7237588556, 1.1695469067, 2.9080824531, 3.8932002976, 12.5492033894, 13.5861531657, 15.9433009294, 14.8113055858, 11.1071883478, 15.443762284, 15.123349231, 14.7805231086, 2.6604116579, 2.067182069, 2.8525781707, 2.8045176781, 1.4264881295, 2.9859597504, 1.0866412234, 1.5898606725, 2.426918973, 2.2867128362, 2.7843182216, 1.3489930935, 1.5169815921, 1.7758199976, 1.8016138413, 1.6442268885, 1.2950489291, 1.4595901689, 2.2774631511, 1.8473492295, 1.6943988746, 2.648420068, 2.0409573654, 1.4383975112, 1.4184629616],
      [0.57414993534, 1.848642902, 0.71751360833, 0.37125795634, 0.72981205976, 0.58403808432, 0.55547857594, 0.92433829585, 1.3564532604, 1.211996985, 0.14849438694, 1.0835769665, 0.17829448863, 0.43133294325, 0.43185025126, 0.40365390308, 2.4305609674, 5.6756196785, 3.2907179309, 5.6382186095, 2.5012096603, 7.0215888453, 3.0821331312, 4.7095542142, 3.2216726389, 0.55337467978, 0.84176635664, 0.7301555642, 0.59500822615, 0.45176641832, 0.4744111769, 0.84746778549, 0.98712389557, 0.64662755476, 0.84013666423, 0.75312550698, 0.38880987496, 0.55498377128, 0.72535820638, 0.51419377531, 0.66916092556, 0.48123536551, 0.56852739837, 0.55867726322, 0.63937127729, 0.56704479217, 0.67081540103, 0.98207452575, 0.68173985506, 0.63605610707]
    ],
    [
      [7.221668896, 6.5479090153, 8.3502040529, 4.7669387668, 7.1717711161, 9.6913102515, 2.7088540704, 7.9214271217, 7.8891864369, 4.9472953194, 7.9520689529, 5.3300407308, 7.2597334547, 5.0636571729, 6.1995017873, 8.3818432667, 8.2993622662, 5.2048102192, 4.6031834464, 3.766797563, 3.6215937588, 3.2907362109, 7.3519295707, 5.8479407269, 11.3663469053, 41.7141840382, 39.2369604097, 32.0746993933, 41.3560706206, 44.3838137448, 31.681957726, 49.6304237214, 37.0947669445, 14.4955511623, 8.4832930545, 3.3526773661, 4.5193671704, 4.4356367332, 5.6648137624, 4.6493759621, 9.5886276856, 5.0916072275, 5.9512358231, 3.6621037251, 4.1363534666, 4.5395005862, 5.1309615933, 6.1240369445, 2.0180251705, 3.4737270687],
      [1.5849839497, 2.8402645385, 1.7000927245, 1.2956653647, 1.4665822154, 1.7359975016, 0.85138929061, 1.7152465485, 1.4054172036, 1.0639086647, 1.5620201994, 1.4328477699, 2.053217111, 1.1278566565, 1.7997958528, 2.0145167596, 2.0539530552, 0.8044551551, 0.6282437844, 1.2378497359, 0.63178527918, 1.0677319719, 2.0125788771, 1.7679205334, 2.4638438059, 9.6194960912, 8.7519633714, 15.7369135264, 6.7533046352, 5.8951077202, 12.9341440365, 8.3887061286, 12.2887565612, 2.7610981124, 1.8667755122, 0.8458277303, 0.93522019393, 1.2555073763, 1.5299048053, 1.1152489562, 1.9939547026, 1.6715917218, 1.197635819, 0.72458697264, 1.5558274666, 0.58546541453, 1.1120307879, 1.5600931707, 0.59812272882, 1.0058746529],
      [2.7887905193, 1.1041782971, 0.70361402894, 0.79382293886, 1.0733276244, 1.147866037, 0.31997368216, 1.0331283954, 1.1518704209, 0.68064240903, 1.2694817186, 0.84986192919, 1.5224116329, 0.6646457854, 0.75757517143, 2.3201664989, 1.0693780589, 0.7126690777, 0.63467469505, 0.76120576469, 0.64995201181, 0.41459949683, 1.3973313632, 1.0878029817, 1.8245561011, 5.6518529074, 5.927506757, 11.0191572304, 5.8144673232, 5.2505840381, 9.1068757246, 4.8514243923, 4.303388443, 2.2293303699, 1.2517112328, 0.64954053721, 0.4336464613, 0.99338214335, 0.59561980216, 0.99369553179, 1.0490118778, 0.93488775792, 0.63428130177, 0.50405564418, 0.99941605109, 0.67502843698, 0.61972596662, 0.92386461738, 0.2711942852, 0.37884752442],
      [0.40455663501, 0.5076481491, 0.24608919369, 0.14357292968, 0.28831904408, 0.42482620996, 0.11978295686, 0.33019793436, 0.55352593871, 0.30815360686, 0.21642912908, 0.38724957005, 0.16463780134, 0.14384038519, 0.24312718847, 0.28347347481, 0.57730661978, 0.27806554796, 0.13389807414, 0.23414693643, 0.096668950202, 0.22693232041, 0.23816018909, 0.296335758, 0.3452531877, 1.0144669632, 2.0835694619, 2.1692298499, 1.076157421, 1.4704944969, 1.2770225129, 3.1294457577, 2.3130880513, 0.51402035546, 0.3982202005, 0.15195436637, 0.11176617432, 0.31547374706, 0.20966163012, 0.24167954985, 0.36840573396, 0.30191329278, 0.21684705617, 0.10925365811, 0.30840301575, 0.20000556233, 0.13728165222, 0.39200526745, 0.11265781547, 0.14155075405]
    ],
    [
      [0.34790001126, 0.15388443761, 0.65136159432, 0.30572685275, 0.27177177507, 0.29685899146, 0.3080800273, 0.28472319095, 0.15885212414, 0.43666427141, 0.21336230294, 0.086281053102, 0.19786224505, 0.59743359729, 0.17109584161, 0.22787160503, 0.22455156865, 0.41735004602, 0.47991660895, 0.38375639206, 0.73022324003, 0.19000415808, 0.20172094991, 0.24865554875, 0.16549948833, 0.32877902113, 0.37908594949, 0.12485042838, 0.23798295705, 0.53956664878, 0.23446007993, 0.2289453244, 0.16632984851, 1.7128181709, 2.0158309974, 1.7664985433, 3.2666740416, 1.4002928612, 2.5614184248, 1.7887321414, 2.6544746246, 1.4145239022, 0.3248331881, 0.13198556326, 0.18020392861, 0.34819902988, 0.43505028802, 0.21980509735, 0.37074179275, 0.2085381644],
      [1.1407660209, 1.0863464848, 1.969402581, 1.3123271451, 0.87940253081, 0.8422942012, 1.5355047713, 0.97531370027, 0.4696726511, 1.474704561, 0.66002446548, 0.36280948764, 0.80738500932, 2.1124291932, 0.74777411243, 0.88030845766, 0.87027344727, 1.0141331619, 1.0394672157, 1.9850935258, 2.0652471303, 0.95973435519, 1.1496333044, 1.1882441528, 0.5678292837, 1.2026433927, 1.3362217172, 0.88831699493, 0.61726778493, 1.1492435677, 1.3277353921, 0.61769602533, 0.87132522198, 5.2576932201, 7.2228496163, 7.2490964138, 11.22555663, 6.4442240876, 11.7821342235, 7.0120555093, 9.0055716295, 7.7168670692, 1.0515828906, 0.4173937055, 1.0921767791, 0.71682910221, 1.5176163681, 0.83186242812, 1.7617343813, 0.96501265161],
      [11.0160533569, 2.1289002159, 4.2524787009, 4.296586446, 3.3723556373, 2.9050879247, 3.0609975441, 3.0533353088, 1.8098961289, 4.8282647548, 2.8151794311, 1.108522075, 3.4514312323, 6.4278303727, 1.6201321535, 5.1563000168, 2.3128076914, 4.5213074812, 5.336466911, 6.2016209731, 10.7715142149, 1.8782397018, 3.0867162016, 3.7057631714, 2.1313488428, 3.6397638178, 4.6306545393, 3.4133660122, 2.7300796399, 5.2162099939, 4.8616981804, 1.7247933256, 1.5598871986, 21.9992192995, 24.7264883142, 28.4475699922, 26.3850116815, 25.9836332421, 22.4060521101, 32.0042760283, 23.5351648845, 22.0572295412, 2.9326701, 1.5649406823, 3.6910577562, 4.4425065712, 4.4239150992, 2.7593427893, 4.1660203575, 1.9010568043],
      [4.4952806109, 2.6308688616, 4.1267571237, 2.0853595562, 2.4764700568, 2.9557588826, 3.0954176573, 2.6866277999, 2.5615790958, 6.2603664128, 1.3114338004, 1.4423873843, 0.54332151334, 3.8623068368, 1.4609978925, 1.7355199205, 3.5923672927, 5.0472093109, 3.1441492643, 5.4295291091, 4.4330154148, 2.9720217849, 1.5619295441, 2.857337127, 1.1353223851, 1.8288137684, 4.6540377941, 1.5734665645, 1.4146696181, 4.0949797896, 1.5761063476, 3.4285653247, 2.4024577309, 14.0302693095, 22.0348310721, 18.5368350508, 19.122757647, 23.171849809, 22.2503952416, 22.194936321, 23.8047888613, 19.8113794873, 2.6909138213, 0.88568004892, 3.0365615361, 3.4924652967, 2.6234182446, 3.1889896853, 4.7015034685, 1.9253923797]
    ],
    [
      [0.54878478937, 0.21214426384, 1.2321144373, 2.1490501638, 0.94418992645, 0.57390697581, 0.84994727325, 0.58733936788, 0.62828818164, 0.50132335494, 1.9183087536, 0.85932449951, 1.6340628755, 1.2200399276, 1.7419564611, 0.5350119181, 0.45188918819, 0.68760546934, 1.4821563313, 0.40456510824, 0.32928183048, 0.82144955766, 1.6563340153, 0.86656566036, 0.58299024082, 1.4933300051, 0.563256572, 0.37443643138, 1.8333310559, 1.1595422347, 0.71961179094, 0.5801326804, 0.95668948901, 0.80670563532, 0.94930816558, 1.1722380841, 2.1935662131, 0.73944296617, 0.97640160779, 0.6556120453, 0.87266713372, 1.9524289338, 7.9841630165, 8.9586628209, 4.2210932619, 7.9884861565, 8.2399233864, 4.7803296261, 5.5031808013, 6.5871846971],
      [0.57281952902, 0.41471226793, 1.1951881705, 2.8133870643, 0.96271041785, 0.49634427168, 1.2952108471, 0.61484177851, 0.53362146806, 0.51980301872, 1.8100296272, 1.1056013865, 2.0279651025, 1.3129255168, 2.4358426483, 0.63135753516, 0.53251511268, 0.51249072292, 0.94743241492, 0.64032068395, 0.28131434444, 1.2839365881, 2.890634005, 1.2551499062, 0.61169177454, 1.6675961815, 0.60662132547, 0.83408276222, 1.4609977474, 0.75408078419, 1.2389342424, 0.47111089886, 1.5269306496, 0.74534447146, 1.0306724669, 1.4655750356, 2.2657856003, 1.0224627126, 1.3482855718, 0.78834849482, 0.85197785345, 3.2410582816, 7.9014604819, 8.7020314462, 7.8183489774, 5.0698141292, 8.7569800174, 5.567786773, 8.0007442762, 9.3040035247],
