{
  "X": [
    [44, 14, 20, 22],
    [47, 22, 14, 17],
    [31, 8, 29, 32],
    [43, 17, 23, 17],
    [55, 8, 15, 22],
    [42, 16, 25, 17],
    [35, 21, 16, 28],
    [41, 20, 20, 19],
    [37, 9, 17, 37],
    [37, 12, 16, 35],
    [46, 13, 14, 27],
    [47, 12, 11, 30],
    [49, 16, 15, 20],
    [43, 15, 16, 26],
    [39, 13, 22, 26],
    [48, 18, 6, 28],
    [39, 10, 21, 30],
    [18, 24, 22, 36],
    [12, 15, 24, 49],
    [19, 18, 21, 42],
    [12, 15, 25, 48],
    [17, 16, 17, 50],
    [11, 15, 30, 44],
    [12, 14, 29, 45],
    [15, 21, 21, 43],
    [22, 21, 43, 14],
    [14, 22, 48, 16],
    [12, 17, 61, 10],
    [17, 13, 55, 15],
    [15, 11, 58, 16],
    [23, 20, 49, 8],
    [13, 22, 48, 17],
    [11, 18, 60, 11],
    [18, 22, 37, 23],
    [19, 25, 26, 30],
    [17, 27, 26, 30],
    [15, 28, 20, 37],
    [20, 29, 23, 28],
    [23, 27, 20, 30],
    [25, 30, 19, 26],
    [24, 29, 18, 29],
    [15, 30, 21, 34],
    [16, 55, 11, 18],
    [13, 50, 25, 12],
    [17, 51, 16, 16],
    [14, 57, 9, 20],
    [17, 51, 16, 16],
    [18, 46, 19, 17],
    [10, 55, 17, 18],
    [20, 49, 13, 18]
  ],
  "W": [
    [57, 13, 6, 8, 8, 8],
    [56, 7, 10, 9, 4, 14],
    [67, 3, 13, 2, 8, 7],
    [58, 8, 8, 7, 11, 8],
    [64, 9, 7, 5, 7, 8],
    [60, 7, 5, 12, 8, 8],
    [57, 7, 8, 9, 8, 11],
    [60, 9, 3, 6, 8, 14],
    [31, 43, 9, 8, 7, 2],
    [11, 54, 16, 8, 5, 6],
    [4, 63, 5, 8, 9, 11],
    [9, 58, 16, 1, 5, 11],
    [7, 57, 10, 9, 7, 10],
    [11, 53, 10, 8, 9, 9],
    [6, 52, 9, 15, 11, 7],
    [12, 60, 5, 6, 5, 12],
    [7, 42, 26, 9, 10, 6],
    [10, 11, 51, 5, 7, 16],
    [6, 8, 56, 8, 16, 6],
    [9, 9, 53, 12, 7, 10],
    [6, 5, 68, 7, 9, 5],
    [10, 8, 67, 3, 6, 6],
    [8, 8, 60, 10, 5, 9],
    [8, 4, 59, 9, 8, 12],
    [6, 6, 57, 11, 10, 10],
    [11, 10, 8, 52, 6, 13],
    [6, 11, 10, 50, 10, 13],
    [6, 8, 6, 65, 10, 5],
    [5, 11, 5, 62, 9, 8],
    [8, 5, 7, 65, 10, 5],
    [8, 9, 5, 60, 9, 9],
    [4, 11, 15, 52, 8, 10],
    [3, 10, 6, 67, 8, 6],
    [8, 7, 6, 30, 41, 8],
    [13, 5, 11, 8, 57, 6],
    [1, 9, 9, 10, 63, 8],
    [5, 8, 8, 11, 61, 7],
    [8, 12, 6, 5, 58, 11],
    [10, 15, 5, 7, 56, 7],
    [9, 8, 6, 10, 55, 12],
    [7, 14, 6, 7, 56, 10],
    [4, 6, 16, 9, 48, 17],
    [9, 8, 8, 6, 9, 60],
    [8, 6, 7, 15, 7, 57],
    [9, 9, 4, 14, 8, 56],
    [7, 12, 2, 7, 11, 61],
    [16, 11, 9, 7, 5, 52],
    [13, 11, 10, 7, 10, 49],
    [6, 6, 11, 6, 13, 58],
    [10, 8, 10, 6, 7, 59]
  ],
  "method": "mvn_cdf",
  "mvncdf_method": "genz",
  "mvncdf_samples": 5000,
  "mvncdf_error": 1e-06,
  "cond_prob": [
    [
      [0.58735297291, 0.053307791056, 0.17082296586, 0.18851627017],
      [0.65649847747, 0.022845603845, 0.029269757192, 0.29138616149],
      [0.048689845276, 0.082561102641, 0.22937424797, 0.63937480412],
      [0.07409457434, 0.10600815937, 0.8063099916, 0.013587274696],
      [0.1407388444, 0.29970879561, 0.19431152182, 0.36524083817],
      [0.042646868509, 0.84244454429, 0.048638945863, 0.066269641337]
    ],
    [
      [0.68517587808, 0.07463048994, 0.10421894064, 0.13597469134],
      [0.73892529821, 0.030228332579, 0.01693823068, 0.21390813853],
      [0.070057047041, 0.1404462956, 0.18292860647, 0.60656805089],
      [0.11623638646, 0.19590966538, 0.67375000357, 0.01410394459],
      [0.16946171184, 0.42930222915, 0.12443539408, 0.27680066494],
      [0.038965786609, 0.90063864255, 0.023379551078, 0.037016019761]
    ],
    [
      [0.40603984817, 0.02904518087, 0.31294977685, 0.25196519411],
      [0.50624896757, 0.013546406385, 0.056396533043, 0.42380809301],
      [0.024862676337, 0.034358974478, 0.32061918801, 0.62015916117],
      [0.034239511633, 0.03706876634, 0.91660855303, 0.012083168996],
      [0.088527644205, 0.1484448809, 0.32642312412, 0.43660435078],
      [0.043437011401, 0.6952919918, 0.12828360706, 0.13298738975]
    ],
    [
      [0.59506278504, 0.065487802171, 0.1993364805, 0.14011293229],
      [0.70522634722, 0.029727317501, 0.036065288261, 0.22898104702],
      [0.055069055641, 0.11357674197, 0.30452078382, 0.52683341857],
      [0.065233099073, 0.1133585388, 0.81269096848, 0.0087173936452],
      [0.14163535903, 0.36688764048, 0.22453366823, 0.26694333226],
      [0.036854228835, 0.87327235088, 0.047969143673, 0.041904276616]
    ],
    [
      [0.70034304592, 0.022503650241, 0.12128007732, 0.15587322652],
      [0.72960298322, 0.0099008387527, 0.019054078129, 0.2414420999],
      [0.074023106767, 0.043941965186, 0.19863309358, 0.68340183447],
      [0.13230790921, 0.063610207041, 0.78784635519, 0.016235528562],
      [0.24555022644, 0.16215340019, 0.19053420618, 0.40176216719],
      [0.09979394748, 0.71742257068, 0.069149572513, 0.11363390933]
    ],
    [
      [0.58385634074, 0.06475193928, 0.19186667846, 0.15952504151],
      [0.6799137119, 0.028900831972, 0.034240185974, 0.25694527015],
      [0.050939786416, 0.10597947763, 0.27167382414, 0.57140691182],
      [0.065734739879, 0.1150697889, 0.80890769297, 0.010287778249],
      [0.13516844267, 0.35473844788, 0.21167350444, 0.29841960501],
      [0.036057787941, 0.86953529677, 0.046547557621, 0.047859357672]
    ],
    [
      [0.522295314, 0.093407768838, 0.13321669128, 0.25108022588],
      [0.53967414924, 0.03732963183, 0.026029619098, 0.39696659984],
      [0.030516890428, 0.1127990598, 0.13921552446, 0.71746852531],
      [0.071482425735, 0.21053144185, 0.69582669719, 0.022159435225],
      [0.091361733971, 0.39055613793, 0.11564239, 0.4024397381],
      [0.02149917127, 0.89820863284, 0.022909992765, 0.05738220313]
    ],
    [
      [0.55854462358, 0.064409110547, 0.19396290924, 0.18308335663],
      [0.64488663507, 0.028559303234, 0.034162279838, 0.29239178185],
      [0.045079354422, 0.097237497572, 0.253321798, 0.60436135001],
      [0.062550555616, 0.11343885587, 0.81231840343, 0.011692185087],
      [0.12485129374, 0.33899233176, 0.20571117496, 0.33044519955],
      [0.034620051411, 0.86358585475, 0.046939375851, 0.054854717984]
    ],
    [
      [0.45305294653, 0.066023001631, 0.18526957357, 0.29565447827],
      [0.49789760881, 0.026869642592, 0.031650739428, 0.44358200917],
      [0.026357519438, 0.074147846849, 0.18824574102, 0.71124889269],
      [0.05246972285, 0.11509257596, 0.8132071451, 0.019230556089],
      [0.088658408523, 0.29390345144, 0.1655265681, 0.45191157194],
      [0.027995998404, 0.85045374839, 0.04236528516, 0.079184968048]
    ],
    [
      [0.48633954095, 0.071616741242, 0.20917888521, 0.2328648326],
      [0.56015289641, 0.031486018443, 0.036365718898, 0.37199536625],
      [0.033068561873, 0.091636162219, 0.2314710592, 0.64382421671],
      [0.049217906458, 0.11602050422, 0.82122782062, 0.0135337687],
      [0.095249703373, 0.33728567978, 0.19764282543, 0.36982179142],
      [0.026316004457, 0.86791245419, 0.044446438754, 0.061325102598]
    ],
    [
      [0.57715234808, 0.04019035731, 0.19249609596, 0.19016119865],
      [0.65535112996, 0.017416000569, 0.032946075304, 0.29428679417],
      [0.047560106824, 0.062099754339, 0.25923807589, 0.63110206295],
      [0.064347837937, 0.070232422525, 0.85336476466, 0.012054974878],
      [0.14536883457, 0.23870449872, 0.23325036312, 0.38267630358],
      [0.0517688685, 0.79799593237, 0.068419108346, 0.081816090787]
    ],
    [
      [0.60000959478, 0.036589965467, 0.18964198376, 0.17375845599],
      [0.68031384558, 0.015838600713, 0.03244478971, 0.27140276399],
      [0.052308568451, 0.05999552516, 0.26984207409, 0.6178538323],
      [0.068957199464, 0.066798365036, 0.85274806107, 0.011496374427],
      [0.15897874362, 0.22889345162, 0.2404074268, 0.37172037797],
      [0.057861995024, 0.78899961025, 0.071677646916, 0.081460747808]
    ],
    [
      [0.63286229511, 0.06383228059, 0.17341916566, 0.12988625864],
      [0.72788285642, 0.028384998627, 0.030443794494, 0.21328835046],
      [0.062591459636, 0.11936573007, 0.28118843822, 0.53685437207],
      [0.074265698832, 0.12127480525, 0.79542052088, 0.0090389750387],
      [0.15537499024, 0.3689918584, 0.21134317242, 0.26428997895],
      [0.038665944165, 0.87914033851, 0.042164019771, 0.040029697559]
    ],
    [
      [0.55971541279, 0.063133015078, 0.20291885726, 0.17423271487],
      [0.6550814633, 0.02818869418, 0.035938041594, 0.28079180092],
      [0.04605925288, 0.097602988546, 0.2724977884, 0.58383997017],
      [0.058793951861, 0.10570879975, 0.8249816748, 0.010515573588],
      [0.12590229095, 0.33856134968, 0.21898770816, 0.31654865122],
      [0.034556387913, 0.86374043621, 0.049420432766, 0.052282743109]
    ],
    [
      [0.53728147944, 0.05514391392, 0.22653809526, 0.18103651138],
      [0.63846456914, 0.024968548939, 0.040645799527, 0.2959210824],
      [0.042571383413, 0.08185666144, 0.29271164449, 0.58286031065],
      [0.052116090461, 0.085385434426, 0.85242294228, 0.010075532833],
      [0.12220570121, 0.29766519745, 0.24768014566, 0.33244895568],
      [0.037204889923, 0.83990119241, 0.062214693681, 0.060679223983]
    ],
    [
      [0.60562960725, 0.080637785888, 0.088934374118, 0.22479823274],
      [0.64102029801, 0.032541810071, 0.013771483566, 0.31266640835],
      [0.04799926318, 0.12403697546, 0.11599222297, 0.71197153839],
      [0.11050629931, 0.23896730319, 0.62811733943, 0.022409058071],
      [0.12894310256, 0.41970772044, 0.08335468418, 0.36799449282],
      [0.029485948256, 0.90296379905, 0.016777083378, 0.050773169316]
    ],
    [
      [0.63053491366, 0.034661775468, 0.18582985544, 0.14897345543],
      [0.71812272288, 0.01506603126, 0.032130446895, 0.23468079896],
      [0.059969632052, 0.060990815235, 0.2927259558, 0.58631359691],
      [0.074714959605, 0.065446082369, 0.84954905622, 0.010289901804],
      [0.17682587031, 0.23003321983, 0.25233944935, 0.34080146051],
      [0.064959034877, 0.78302248448, 0.076427786433, 0.075590694206]
    ],
    [
      [0.59128057311, 0.067638074802, 0.18320896402, 0.15787238807],
      [0.6868945068, 0.030050279858, 0.032447675914, 0.25060753743],
      [0.050899389856, 0.11292113107, 0.26588227559, 0.57029720348],
      [0.067015936151, 0.12050235166, 0.80181283214, 0.010668880054],
      [0.13358736484, 0.36932732423, 0.20230531297, 0.29477999796],
      [0.034709238664, 0.87543251021, 0.043444311316, 0.046413939806]
    ],
    [
      [0.51273535183, 0.054322820117, 0.19481722419, 0.23812460387],
      [0.57558378607, 0.024002454968, 0.033355657887, 0.36705810108],
      [0.034558828177, 0.072545784948, 0.2192945995, 0.67360078737],
      [0.056748632067, 0.10061038453, 0.82692965653, 0.015711326875],
      [0.10736186749, 0.28014976748, 0.19917083969, 0.41331752534],
      [0.034929696543, 0.83036816209, 0.053576722002, 0.081125419366]
    ],
    [
      [0.67326831588, 0.049145007557, 0.11403687233, 0.16354980423],
      [0.72082079191, 0.02007230938, 0.018847470804, 0.24025942791],
      [0.06409594811, 0.091191790759, 0.18476097511, 0.65995128602],
      [0.11204585303, 0.13400106851, 0.73774543751, 0.016207640958],
      [0.17906310188, 0.31640781867, 0.14181217648, 0.36271690297],
      [0.052162772374, 0.84717033315, 0.036544126396, 0.06412276808]
    ],
    [
      [0.58313758682, 0.059145995236, 0.17442133007, 0.18329508787],
      [0.66025968434, 0.025631556142, 0.030124660226, 0.28398409929],
      [0.046678093638, 0.092558431177, 0.23782790921, 0.62293556598],
      [0.069291595135, 0.11520170827, 0.80242474252, 0.013081954077],
      [0.13191133422, 0.32562903567, 0.19503821461, 0.34742141551],
      [0.03780299477, 0.85550886552, 0.046396448503, 0.06029169121]
    ],
    [
      [0.63167014533, 0.06296658341, 0.12758485182, 0.17777841944],
      [0.68688907603, 0.026934535449, 0.021225970233, 0.26495041829],
      [0.054614505516, 0.10637117542, 0.18708068145, 0.65193363761],
      [0.095893785512, 0.1570222738, 0.73092510954, 0.016158831147],
      [0.14388343519, 0.360707105, 0.14733869087, 0.34807076895],
      [0.039095045303, 0.87334913444, 0.03195029682, 0.055605523435]
    ],
    [
      [0.47388882525, 0.056077156775, 0.24965951037, 0.22037450761],
      [0.55326643099, 0.026336331395, 0.046889832589, 0.37350740502],
      [0.030522675112, 0.075143164517, 0.28569964599, 0.60863451438],
      [0.040470058407, 0.081592428309, 0.86652596964, 0.011411543647],
      [0.095315295439, 0.27081152522, 0.25901479437, 0.37485838498],
      [0.030207099731, 0.82990839816, 0.06787194142, 0.072012560686]
    ],
    [
      [0.55855750195, 0.033928728468, 0.21157127269, 0.1959424969],
      [0.63453551206, 0.014948608747, 0.037156710505, 0.31335916869],
      [0.041930177708, 0.050880210435, 0.27431584896, 0.6328737629],
      [0.059530136416, 0.059706361655, 0.86804711503, 0.012716386896],
      [0.13541745306, 0.2037525506, 0.25728044687, 0.40354954947],
      [0.055510976487, 0.7579307769, 0.086866686723, 0.099691559892]
    ],
    [
      [0.65813699107, 0.060928573725, 0.1185990404, 0.1623353948],
      [0.71335925966, 0.025300827339, 0.020082449444, 0.24125746356],
      [0.061164590745, 0.11087151965, 0.18714016236, 0.64082372724],
      [0.10349382007, 0.15798076655, 0.7232384037, 0.01528700968],
      [0.16109075072, 0.36444908852, 0.14343257176, 0.33102758899],
      [0.042346952529, 0.8736646886, 0.031080348248, 0.052908010619]
    ],
    [
      [0.66212601379, 0.047913174486, 0.11830510781, 0.17165570391],
      [0.70778864317, 0.01964569956, 0.019398987644, 0.25316666962],
      [0.060792154709, 0.084765503904, 0.18085571101, 0.67358663037],
      [0.10843245877, 0.12809186622, 0.74717551026, 0.016300164752],
      [0.17388857615, 0.30079168211, 0.15152705945, 0.37379268229],
      [0.052976709775, 0.84028473203, 0.038844865497, 0.067893692701]
    ],
    [
      [0.52323185412, 0.066935959955, 0.20862876954, 0.20120341638],
      [0.59981968623, 0.030429546625, 0.037887731469, 0.33186303568],
      [0.036618167559, 0.094073944043, 0.25111574124, 0.61819214716],
      [0.052073747196, 0.1120160042, 0.82387841065, 0.012031837954],
      [0.10529190195, 0.33448618867, 0.21233735734, 0.34788455204],
      [0.029846008433, 0.86123123357, 0.050092153448, 0.058830604546]
    ],
    [
      [0.50288400623, 0.077713056778, 0.25383235867, 0.16557057832],
      [0.62886000447, 0.036909968803, 0.048171285948, 0.28605874078],
      [0.038009781442, 0.11196879453, 0.31753310562, 0.5324883184],
      [0.04373271718, 0.10889302845, 0.83902612586, 0.0083481285084],
      [0.10097208081, 0.37455949778, 0.24874725669, 0.27572116473],
      [0.026173870401, 0.87782038063, 0.053496291212, 0.04250945776]
    ],
    [
      [0.58186238035, 0.034236275149, 0.15213985545, 0.23176148905],
      [0.61788549634, 0.013986045545, 0.024820478221, 0.3433079799],
      [0.042529095888, 0.047485043301, 0.18289467622, 0.72709118459],
      [0.081620759965, 0.07818812346, 0.82147648183, 0.018714634747],
      [0.14313906046, 0.19917789751, 0.18122161344, 0.47646142859],
      [0.059472807967, 0.75989462149, 0.063785466145, 0.11684710439]
    ],
    [
      [0.56643246195, 0.033592501939, 0.15079663494, 0.24917840117],
      [0.5774170917, 0.013123497767, 0.023601872769, 0.38585753776],
      [0.039013334473, 0.044494442247, 0.17113816776, 0.74535405552],
      [0.08098796465, 0.07784746701, 0.82063948597, 0.020525082372],
      [0.13505493968, 0.19056083175, 0.17476026649, 0.49962396208],
      [0.058377373928, 0.75091876254, 0.063281816649, 0.12742204688]
    ],
    [
      [0.73036438998, 0.046633890929, 0.11733738819, 0.1056643309],
      [0.80324133038, 0.019737313315, 0.019991651378, 0.15702970493],
      [0.091717285767, 0.11649270536, 0.24261581985, 0.54917418902],
      [0.1209999197, 0.12680168908, 0.74216812285, 0.010030268365],
      [0.22374862906, 0.34315388032, 0.1692516646, 0.26384582602],
      [0.06058243502, 0.8568047514, 0.039433410852, 0.043179402731]
    ],
    [
      [0.51449388531, 0.085660853233, 0.20256100373, 0.19728425772],
      [0.60470283984, 0.03830551607, 0.036528900385, 0.3204627437],
      [0.037100127453, 0.11843397594, 0.24191901181, 0.6025468848],
      [0.053065369914, 0.1427778079, 0.79239622043, 0.011760601754],
      [0.099236187199, 0.39683451799, 0.19019992483, 0.31372936998],
      [0.024513779526, 0.88990453124, 0.039148862569, 0.046432826669]
    ],
    [
      [0.48292578513, 0.082347316547, 0.23781030566, 0.19691659266],
      [0.58607615316, 0.037917752382, 0.043725110492, 0.33228098397],
      [0.033649537922, 0.1094789215, 0.27244980968, 0.58442173089],
      [0.043910145767, 0.12190903968, 0.82386090567, 0.010319908889],
      [0.092195698493, 0.37643655245, 0.22056575369, 0.31080199537],
      [0.023604745595, 0.88186424718, 0.047256563908, 0.04727444332]
    ],
    [
      [0.58596330036, 0.049428834702, 0.18246995981, 0.18213790513],
      [0.6631789366, 0.02144955494, 0.031359017049, 0.28401249141],
      [0.04814401908, 0.077635713971, 0.24797544266, 0.62624482429],
      [0.069956563632, 0.092913043538, 0.82453596486, 0.012594427974],
      [0.14159739597, 0.28223994239, 0.21352932818, 0.36263333347],
      [0.046185843438, 0.82505959771, 0.05753656562, 0.071217993231]
    ],
    [
      [0.55479295256, 0.056467380351, 0.20829963872, 0.18044002837],
      [0.64813717883, 0.025232393888, 0.037069965446, 0.28956046183],
      [0.044233360813, 0.085675088162, 0.27405403895, 0.59603751208],
      [0.05907623173, 0.095465263779, 0.83485123673, 0.010607267766],
      [0.12716905865, 0.30435697835, 0.22982687116, 0.33864709184],
      [0.039375209833, 0.83885102523, 0.058640513782, 0.063133251154]
    ],
    [
      [0.58015796806, 0.051878410872, 0.19518054886, 0.1727830722],
      [0.66973027561, 0.022854146372, 0.03430619595, 0.27310938206],
      [0.04835349071, 0.082231985773, 0.26972930995, 0.59968521356],
      [0.064858121275, 0.092773746395, 0.83104820583, 0.011319926501],
      [0.13918190058, 0.29285217423, 0.22685184191, 0.34111408327],
      [0.044323857314, 0.83044476096, 0.059711628042, 0.065519753683]
    ],
    [
      [0.53072595233, 0.064262025068, 0.15017144469, 0.25484057791],
      [0.56198884995, 0.027108778364, 0.025267594209, 0.38563477748],
      [0.034823926873, 0.083149488257, 0.16741547571, 0.71461110916],
      [0.070151600046, 0.13911969817, 0.77062051401, 0.020108187781],
      [0.10605137151, 0.31134679323, 0.15000749748, 0.43259433778],
      [0.032588700631, 0.84996269135, 0.038019617968, 0.079428990055]
    ],
    [
      [0.5375658047, 0.058560553042, 0.22604596015, 0.17782768211],
      [0.64139406079, 0.026707074312, 0.040880333023, 0.29101853188],
      [0.041413146904, 0.087231197376, 0.29283170689, 0.57852394883],
      [0.053188778743, 0.091955037851, 0.84465651165, 0.010199671759],
      [0.12228827686, 0.29964044013, 0.24798588772, 0.33008539529],
      [0.037071350384, 0.8409149962, 0.061693763077, 0.060319890335]
    ],
    [
      [0.56026641023, 0.06424807769, 0.17924384639, 0.19624166569],
      [0.63527393395, 0.027814244552, 0.030807363833, 0.30610445766],
      [0.044161650926, 0.094810213906, 0.22824342932, 0.63278470584],
      [0.066464862811, 0.12157030088, 0.79847189833, 0.013492937975],
      [0.12365545193, 0.33299685136, 0.18900080941, 0.3543468873],
      [0.035613974476, 0.85825365678, 0.044887819711, 0.061244549029]
    ],
    [
      [0.69780324907, 0.046491670287, 0.11460585263, 0.14109922801],
      [0.75408702796, 0.018989017194, 0.018791864416, 0.20813209043],
      [0.072552144338, 0.093454061167, 0.20528018522, 0.62871360928],
      [0.11570191307, 0.12547602734, 0.74493847314, 0.013883586457],
      [0.19573040819, 0.31736209516, 0.15874527373, 0.32816222292],
      [0.058464181794, 0.84268445739, 0.038710610254, 0.060140750565]
    ],
    [
      [0.62500940457, 0.056607143748, 0.14384086095, 0.17454259074],
      [0.68800181666, 0.023938751452, 0.024294804373, 0.26376462752],
      [0.05521675636, 0.095477859641, 0.21049728437, 0.63880809963],
      [0.08776536744, 0.12705501404, 0.7709353238, 0.014244294722],
      [0.15288274305, 0.32676973215, 0.17100503546, 0.34934248933],
      [0.044748944403, 0.85232467348, 0.041285535811, 0.061640846308]
    ],
    [
      [0.58043553328, 0.051038504769, 0.16053517462, 0.20799078733],
      [0.63776488057, 0.021490396184, 0.026988575441, 0.3137561478],
      [0.044912376212, 0.075556362428, 0.20691599498, 0.67261526638],
      [0.075465884632, 0.1065926212, 0.80183149257, 0.016110001604],
      [0.13560931706, 0.2815420861, 0.18287805654, 0.3999705403],
      [0.044661076841, 0.82615399725, 0.049701599711, 0.079483326198]
    ],
    [
      [0.61831734695, 0.052924376333, 0.12957604231, 0.19918223441],
      [0.66269078457, 0.02173411509, 0.021134039948, 0.29444106039],
      [0.049947128309, 0.082977539344, 0.17626204197, 0.69081329038],
      [0.091821937142, 0.12812149459, 0.76264979096, 0.017406777315],
      [0.14758496091, 0.30267362003, 0.15173144075, 0.39800997831],
      [0.045717000909, 0.8413831249, 0.039043445538, 0.073856428652]
    ],
    [
      [0.5390978982, 0.046857702425, 0.26764091528, 0.14640348409],
      [0.67460385444, 0.022432590178, 0.050651527323, 0.25231202806],
      [0.043669643384, 0.073549273591, 0.38089793441, 0.50188314861],
      [0.044874138293, 0.063544280433, 0.88433135208, 0.0072502291918],
      [0.12871645515, 0.26646555259, 0.31414993042, 0.29066806184],
      [0.043517396907, 0.8102532652, 0.087232321189, 0.0589970167]
    ],
    [
      [0.61752396999, 0.048569507335, 0.12456471685, 0.20934180582],
      [0.653034591, 0.019667904947, 0.020198439243, 0.30709906481],
      [0.048851631343, 0.074357811972, 0.16505569613, 0.71173486056],
      [0.09561847091, 0.12190975551, 0.76351500477, 0.018956768803],
      [0.14929791402, 0.27947610376, 0.14791212912, 0.4233138531],
      [0.049084711626, 0.82764125152, 0.040239953273, 0.083034083584]
    ],
    [
      [0.51720457509, 0.062829325398, 0.11701391075, 0.30295218876],
      [0.5281373276, 0.024684962491, 0.018395581484, 0.42878212843],
      [0.031203045196, 0.073302706733, 0.11787583017, 0.7776184179],
      [0.081924556522, 0.16051624203, 0.72986506431, 0.027694137147],
      [0.10148428824, 0.29341339845, 0.11132139844, 0.49378091487],
      [0.032134292464, 0.84390383044, 0.02970468439, 0.094257192707]
    ],
    [
      [0.50249352459, 0.079459465155, 0.22674203918, 0.19130497108],
      [0.60464265413, 0.036458664826, 0.041856663337, 0.31704201771],
      [0.036621349211, 0.10986520014, 0.27220072334, 0.58131272731],
      [0.046765405204, 0.12567338901, 0.81725342442, 0.010307781368],
      [0.097015872823, 0.36392732346, 0.21142136341, 0.32763544031],
      [0.026027350486, 0.87864514467, 0.046618550896, 0.048708953952]
    ],
    [
      [0.53190893626, 0.054600159485, 0.24641462829, 0.16707627596],
      [0.64947010573, 0.025375451817, 0.045329022575, 0.27982541988],
      [0.042051848496, 0.082428296189, 0.32343348498, 0.55208637033],
      [0.047741222717, 0.078803390426, 0.8646780379, 0.0087773489603],
      [0.12133665852, 0.2939387234, 0.27250787676, 0.31221674133],
      [0.038036354775, 0.83254395293, 0.070387404909, 0.059032287384]
    ],
    [
      [0.48418185783, 0.064279095095, 0.24989707156, 0.20164197552],
      [0.58791680533, 0.029781309149, 0.04574536886, 0.33655651666],
      [0.0335250494, 0.085657029798, 0.28965764093, 0.59116027987],
      [0.0421228319, 0.090221637529, 0.85732756189, 0.010327968685],
      [0.098498728668, 0.31173348788, 0.24882556877, 0.34094221468],
      [0.029891878551, 0.84601722264, 0.062066638526, 0.062024260283]
    ],
    [
      [0.69758910107, 0.031305885326, 0.1199277373, 0.1511772763],
      [0.74655573509, 0.012972862707, 0.019585811621, 0.22088559058],
      [0.07088801583, 0.062349585376, 0.20632275694, 0.66043964186],
      [0.11942007106, 0.083208552891, 0.78272071676, 0.01465065929],
      [0.21084976844, 0.22610723559, 0.17919006813, 0.38385292784],
      [0.079947111037, 0.77695777277, 0.055925623789, 0.087169492404]
    ]
  ],
  "expected_outcome": [
    [
      [33.4791194559, 38.3698491725, 27.2046698274, 34.5136415325, 44.8219549388, 35.0313804447, 29.7708328982, 33.5126774149, 14.0446413423, 5.3497349504, 2.3086093923, 5.4000863531, 4.4300360658, 6.1568695407, 3.2236888766, 7.267555287, 4.4137443957, 5.9128057311, 3.076412111, 6.0594148429, 3.4988255209, 6.3167014533, 3.791110602, 4.4684600156, 3.9488219464, 7.2833861517, 3.1393911247, 3.0173040374, 2.9093119017, 4.5314596956, 5.8429151198, 2.0579755413, 1.4487773554, 4.6877064029, 7.2123083833, 0.58015796806, 2.6536297617, 4.3005264376, 5.6026641023, 6.2802292417, 4.375065832, 2.3217421331, 5.5648561225, 4.3127831856, 5.5577157299, 3.6204320256, 8.0398963934, 6.9148161714, 2.905091147, 6.9758910107],
      [3.0385440902, 4.1793074366, 1.9460271183, 3.7982925259, 1.4402336154, 3.8851163568, 5.3242428238, 3.8645466328, 2.0467130506, 0.78778415366, 0.16076142924, 0.32930968921, 0.44682596413, 0.69446316586, 0.33086348352, 0.96765343066, 0.24263242828, 0.67638074802, 0.3259369207, 0.44230506801, 0.35487597142, 0.6296658341, 0.4486172542, 0.27142982774, 0.36557144235, 0.52704491935, 0.40161575973, 0.46627834067, 0.17118137574, 0.26874001551, 0.37307112743, 0.34264341293, 0.24704194964, 0.39543067762, 0.73407594456, 0.051878410872, 0.32131012534, 0.46848442433, 0.6424807769, 0.41842503258, 0.39625000624, 0.20415401908, 0.476319387, 0.3748616194, 0.43712556602, 0.43980527779, 1.2713514425, 0.70980207331, 0.38567457057, 0.31305885326],
      [9.7369090541, 5.836260676, 20.9676350489, 11.5615158689, 7.7619249483, 11.5120007079, 7.5933514031, 11.6377745547, 5.7433567807, 2.3009677374, 0.76998438383, 1.7067778538, 1.2139341596, 2.2321074299, 1.3592285715, 1.0672124894, 1.300808988, 1.8320896402, 1.1689033451, 1.026331851, 1.0465279804, 1.2758485182, 1.997276083, 1.6925701815, 0.7115942424, 1.3013561859, 1.2517726172, 1.522994152, 0.76069927726, 1.2063730796, 0.9386991055, 0.81024401491, 0.71343091697, 1.4597596785, 2.7078953034, 0.19518054886, 0.75085722344, 1.8083676812, 1.7924384639, 1.0314526737, 1.0068860266, 0.64214069848, 1.1661843808, 2.1411273223, 1.1210824517, 0.81909737527, 3.6278726269, 3.2033901677, 1.4993824293, 1.199277373],
      [10.7454273998, 7.6145827149, 16.8816680055, 8.1265500727, 9.9758864974, 9.5715024906, 14.3115728749, 10.9850013976, 9.1652888264, 2.5615131586, 0.7606447946, 1.5638261039, 0.90920381047, 1.9165598636, 1.0862190683, 2.6975787929, 1.042814188, 1.5787238807, 1.4287476232, 1.4719482381, 1.0997705272, 1.7777841944, 1.7629960609, 1.5675399752, 0.97401236882, 1.888212743, 1.2072204983, 0.9934234699, 1.1588074453, 1.9934272093, 0.84531464722, 0.7891370309, 0.59074977798, 1.457103241, 2.3457203688, 0.1727830722, 1.2742028896, 1.4226214568, 1.9624166569, 1.2698930521, 1.2217981351, 0.83196314933, 1.7926401097, 1.1712278727, 1.8840762524, 2.1206653213, 3.0608795372, 2.1719915875, 1.2098518531, 1.511772763]
    ],
    [
      [8.5344802071, 5.1724770875, 1.5187469027, 5.6418107777, 6.5664268489, 4.7593959833, 3.7777190447, 5.8039797157, 21.4095971789, 30.2482564062, 41.2871211872, 39.4582030438, 41.4893228159, 34.7193175551, 33.2001575952, 38.4612178805, 30.1611543611, 7.5558395748, 4.6046702885, 6.4873871272, 3.3012984217, 5.4951126082, 4.426131448, 2.5381420482, 4.2801555579, 7.0778864317, 6.5980165485, 5.0308800358, 6.7967404597, 2.8870854585, 7.2291719734, 6.6517312383, 5.8607615316, 4.6422525562, 3.2406858942, 6.0275724805, 4.4959107996, 7.6967287295, 9.5291090092, 6.0326962237, 9.6320254332, 3.8265892834, 5.3015262766, 4.0476231266, 5.877311319, 6.3376479312, 6.6510691954, 7.144171163, 3.527500832, 5.9724458807],
      [0.29699284999, 0.21159832806, 0.040639219156, 0.23781854001, 0.089107548774, 0.2023058238, 0.26130742281, 0.2570337291, 1.1553946315, 1.7002449959, 1.0972080359, 0.91863884138, 1.6179449217, 1.4940007916, 1.2983645448, 1.9525086042, 0.6327733129, 0.33055307844, 0.19201963975, 0.18065078442, 0.12815778071, 0.21547628359, 0.21069065116, 0.059794434988, 0.15180496404, 0.1964569956, 0.33472501288, 0.29527975042, 0.153846501, 0.065617488835, 0.17763581983, 0.42136067677, 0.37917752382, 0.15014688458, 0.12616196944, 0.20568731735, 0.21687022691, 0.32048489175, 0.41721366828, 0.15191213755, 0.33514252032, 0.12894237711, 0.17387292072, 0.13459554107, 0.17701114452, 0.29621954989, 0.40104531308, 0.27912996998, 0.17868785489, 0.10378290166],
      [0.3805068435, 0.11856761476, 0.16918959913, 0.28852230609, 0.17148670316, 0.23968130182, 0.18220733368, 0.30746051854, 1.3609817954, 1.9637488205, 2.0756027442, 1.8817978032, 1.7352962861, 1.9047162045, 2.1135815754, 0.82628901397, 1.3494787696, 0.35692443505, 0.26684526309, 0.16962723724, 0.15062330113, 0.16980776186, 0.37511866071, 0.14862684202, 0.12049469666, 0.19398987644, 0.41676504616, 0.38537028759, 0.27302526043, 0.11800936385, 0.1799248624, 0.40181790424, 0.43725110492, 0.21951311934, 0.18534982723, 0.30875576355, 0.20214075367, 0.49056399628, 0.4621104575, 0.15033491533, 0.34012726122, 0.16193145265, 0.16907231958, 0.30390916394, 0.18178595319, 0.22074697781, 0.46042329671, 0.49861924833, 0.27447221316, 0.15668649297],
      [3.7880200994, 1.4973569697, 1.271424279, 1.8318483762, 2.1729788991, 1.7986168911, 2.7787661989, 2.6315260367, 19.0740263943, 20.0877497774, 18.5400680328, 15.7413603117, 12.1574359762, 14.8819654489, 15.3878962846, 18.7599845013, 9.8565935564, 2.7566829117, 2.9364648086, 2.1623348512, 1.4199204965, 2.1196033463, 2.9880592402, 1.2534366748, 1.4475447814, 2.5316666962, 3.6504933924, 2.2884699262, 3.7763877789, 1.9292876888, 1.4132673444, 3.5250901807, 3.3228098397, 1.9880874399, 1.4478023092, 2.4579844386, 3.0850782198, 3.4922223825, 4.591566865, 1.6650567234, 3.6927047853, 1.8825368868, 2.3555284831, 1.5138721684, 2.7638915833, 5.1453855411, 3.4874621948, 3.0780796186, 2.0193390999, 1.7670847247]
    ],
    [
      [0.29213907165, 0.70057047041, 0.32321479238, 0.44055244513, 0.51816174737, 0.25469893208, 0.24413512343, 0.13523806327, 0.23721767494, 0.52909698998, 0.23780053412, 0.83693709521, 0.62591459636, 0.4605925288, 0.38314245072, 0.2399963159, 1.5592104334, 2.5958688827, 1.9352943779, 3.3970852498, 3.1741103674, 3.6591718695, 1.8313605067, 2.4738804848, 3.4863816725, 0.48633723767, 0.36618167559, 0.22805868865, 0.21264547944, 0.27309334131, 0.45858642883, 0.55650191179, 0.20189722753, 0.28886411448, 0.48656696894, 0.43518141639, 0.27859141498, 0.24847888143, 0.22080825463, 0.43531286603, 0.33130053816, 0.71859801939, 0.39957702647, 0.30568750369, 0.19540652537, 0.062406090392, 0.3295921429, 0.42051848496, 0.3687755434, 0.7088801583],
      [0.49536661584, 1.404462956, 0.44666666822, 0.90861393576, 0.3075937563, 0.52989738813, 0.90239247837, 0.29171249272, 0.66733062164, 1.4661785955, 0.31049877169, 0.95992840256, 1.1936573007, 0.97602988546, 0.73670995296, 0.62018487729, 1.5857611961, 5.7589776848, 4.0625639571, 4.8331649102, 6.2939733201, 7.126868753, 4.508589871, 3.0019324157, 6.3196766203, 0.67812403123, 0.94073944043, 0.67181276721, 0.23742521651, 0.31146109573, 0.58246352681, 1.7765096392, 0.65687352903, 0.46581428383, 0.94242596978, 0.74008787196, 0.66519590605, 0.52338718426, 0.47405106953, 0.560724367, 0.57286715785, 1.2089017989, 0.66382031475, 0.51484491514, 0.29743124789, 0.14660541347, 0.98878680127, 0.82428296189, 0.94222732778, 0.62349585376],
      [1.3762454878, 1.8292860647, 4.1680494441, 2.4361662706, 1.3904316551, 1.3583691207, 1.1137241957, 0.75996539399, 1.6942116692, 3.7035369472, 1.2961903794, 4.3174731854, 2.8118843822, 2.724977884, 2.6344048004, 0.57996111484, 7.6108748508, 13.5599960549, 12.2804975721, 9.7923316808, 16.1722978261, 12.5344056574, 17.1419787595, 16.1846350888, 10.6669892547, 1.4468456881, 2.5111574124, 1.9051986337, 0.91447338111, 1.1979671743, 1.2130790993, 3.6287851771, 1.6346988581, 1.487852656, 3.0145944284, 2.4275637896, 1.3393238057, 1.7569902413, 1.1412171466, 1.2316811113, 1.2629837062, 3.3106559196, 1.4100963357, 2.6662855409, 0.66022278451, 0.23575166033, 2.4498065101, 3.2343348498, 3.1862340503, 2.0632275694],
      [3.8362488247, 6.0656805089, 8.0620690953, 4.2146673485, 4.7838128413, 2.8570345591, 5.7397482025, 1.81308405, 6.4012400342, 10.3011874674, 3.1555103148, 9.8856613168, 5.3685437207, 5.8383997017, 5.2457427959, 3.559857692, 15.2441535198, 29.0851573776, 37.7216440929, 34.9774181592, 42.3596184864, 43.67955372, 36.5180708627, 37.3395520108, 36.5269524525, 5.388693043, 6.1819214716, 3.1949299104, 3.6354559229, 5.2174783887, 2.7458709451, 9.0382032719, 3.5065303854, 3.7574689457, 6.5564126328, 5.3971669221, 5.7168888733, 3.471143693, 3.1639235292, 3.7722816557, 3.8328485978, 10.7618442621, 5.526506323, 3.5131820403, 2.8469394422, 1.5552368358, 5.2318145458, 5.5208637033, 6.5027630786, 6.6043964186]
    ],
    [
      [0.59275659472, 1.0461274782, 0.068479023266, 0.45663169351, 0.66153954604, 0.78881687855, 0.64334183162, 0.37530333369, 0.4197577828, 0.39374325166, 0.5147827035, 0.068957199464, 0.66839128949, 0.47035161489, 0.78174135691, 0.66303779586, 0.67243463644, 0.33507968075, 0.45398905654, 1.3445502363, 0.48504116595, 0.28768135654, 0.40470058407, 0.53577122774, 1.1384320208, 5.6384878558, 2.6036873598, 2.8426266167, 5.0604871178, 5.2642177022, 7.2599951823, 2.7593992355, 2.9419797664, 2.098696909, 0.47260985384, 0.64858121275, 0.77166760051, 0.26594389372, 0.46525403967, 1.1570191307, 0.61435757208, 0.67919296169, 0.55093162285, 0.6731120744, 1.3386585927, 0.57347189565, 0.32735783643, 0.33418855902, 0.2527369914, 0.71652042637],
      [0.84806527492, 1.7631869884, 0.07413753268, 0.79350977159, 0.31805103521, 1.3808374669, 1.8947829766, 0.68063313519, 0.9207406077, 0.92816403376, 0.5618593802, 0.066798365036, 1.0914732473, 0.84567039802, 1.2807815164, 1.4338038191, 0.58901474132, 0.60251175829, 0.80488307624, 1.6080128221, 0.80641195787, 0.47106682139, 0.81592428309, 0.53735725489, 1.737788432, 6.6607770435, 5.6008002101, 7.0780468492, 4.8476636545, 5.0600853557, 7.6081013447, 7.424446011, 8.1679056583, 2.7873913061, 0.76372211023, 0.92773746395, 1.5303166798, 0.45977518925, 0.85099210617, 1.2547602734, 0.88938509828, 0.95933359076, 0.76872896751, 0.95316420649, 1.7067365772, 1.1236136942, 0.87971372304, 0.55162373298, 0.54132982517, 0.49925131735],
      [6.4504799328, 6.0637500321, 1.8332171061, 5.6888367794, 3.9392317759, 9.7068923156, 6.2624402747, 4.8739104206, 6.5056571608, 6.569822565, 6.8269181173, 0.85274806107, 7.1587846879, 6.5998533984, 12.7863441342, 3.7687040366, 7.645941506, 4.0090641607, 6.6154372522, 8.8529452501, 5.6169731976, 2.1927753286, 8.6652596964, 7.8124240353, 7.9556224407, 38.8531265336, 41.1939205325, 54.5366981811, 50.9315418733, 53.3415665879, 44.5300873711, 41.2046034623, 55.1986806797, 24.7360789457, 6.6788098938, 8.3104820583, 8.4768256541, 4.2232825582, 5.5893032883, 7.4493847314, 5.3965472666, 7.2164834331, 4.5758987457, 13.2649702812, 10.6892100668, 5.1090554501, 5.720773971, 6.0527462653, 5.1439653713, 4.6963243005],
      [0.10869819756, 0.12693550131, 0.024166337991, 0.061021755517, 0.08117764281, 0.12345333899, 0.19943491703, 0.070153110519, 0.15384444871, 0.1082701496, 0.096439799024, 0.011496374427, 0.081350775349, 0.084124588702, 0.15113299249, 0.13445434843, 0.092609116233, 0.053344400268, 0.125690615, 0.1944916915, 0.091573678539, 0.048476493442, 0.11411543647, 0.11444748206, 0.16815710648, 0.84760856709, 0.60159189768, 0.54262835304, 1.1603073543, 1.3341303542, 0.60181610189, 0.61155129119, 0.69143389557, 0.37783283921, 0.084858142126, 0.11319926501, 0.22119006559, 0.050998358794, 0.094450565826, 0.13883586457, 0.099710063055, 0.14499001444, 0.10444066389, 0.10875343788, 0.26539476324, 0.19385896003, 0.072154469575, 0.061441442722, 0.061967812108, 0.087903955739]
    ],
    [
      [1.1259107552, 0.67784684734, 0.70822115364, 1.5579889493, 1.7188515851, 1.0813475414, 0.73089387176, 0.99881034991, 0.62060885966, 0.47624851686, 1.3083195112, 0.79489371808, 1.0876249317, 1.1331206185, 1.3442627133, 0.6447155128, 1.7682587031, 0.93511155391, 1.7177898798, 1.2534417132, 1.187202008, 0.86330061114, 0.4765764772, 1.0833396245, 1.6109075072, 1.0433314569, 1.0529190195, 1.0097208081, 1.2882515441, 1.3505493968, 2.0137376616, 0.79388949759, 0.73756558794, 5.8054932347, 7.2486363429, 8.7684597367, 6.4691336621, 7.092720058, 6.9247053078, 10.7651724505, 8.5614336107, 6.5092472187, 1.3282646482, 0.90101518605, 1.1943833122, 1.1163271706, 0.48507936411, 1.2133665852, 1.2804834727, 1.4759483791],
      [2.3976703649, 1.7172089166, 1.1875590472, 4.0357640453, 1.1350738014, 2.837907583, 3.1244491034, 2.7119386541, 2.0573241601, 1.6864283989, 2.1483404885, 1.1444672581, 2.5829430088, 3.0470521471, 3.2743171719, 2.0985386022, 2.3003321983, 2.5852912696, 4.4823962796, 2.2148547307, 2.930661321, 2.16424263, 1.3540576261, 1.6300204048, 3.6444908852, 1.8047500927, 3.3448618867, 3.7455949778, 1.7926010776, 1.9056083175, 3.0883849229, 3.1746761439, 3.0114924196, 11.5718376378, 17.3483477658, 18.4496869765, 18.992154387, 17.3791455273, 18.6478236762, 17.4549152336, 18.2991050006, 13.5140201329, 2.7240625803, 1.8652588681, 2.2358088301, 3.227547383, 1.8196366173, 2.939387234, 4.0525353424, 1.5827506491],
      [1.5544921746, 0.49774157631, 2.6113849929, 2.4698703506, 1.3337394433, 1.6933880355, 0.92513911998, 1.6456893996, 1.1586859767, 0.98821412715, 2.0992532681, 1.202037134, 1.4794022069, 1.9708893734, 2.7244816022, 0.4167734209, 2.5233944935, 1.4161371908, 3.1867334351, 0.99268523533, 1.7553439314, 0.8840321452, 1.2950739718, 2.058243575, 1.4343257176, 0.90916235669, 2.1233735734, 2.4874725669, 1.630994521, 1.7476026649, 1.5232649814, 1.5215993986, 1.7645260295, 8.7547024554, 13.1001316563, 14.2916660405, 9.150457346, 14.3831814878, 10.5840453272, 8.7309900552, 9.576281986, 8.7781467141, 1.3655829668, 2.199049513, 1.183297033, 1.2245353828, 1.057106817, 2.7250787676, 3.234732394, 1.2543304769],
      [2.9219267054, 1.1072026598, 3.4928348063, 2.9363766548, 2.8123351703, 2.3873568401, 3.2195179048, 2.6435615964, 3.1633810036, 1.8491089571, 3.4440867322, 1.8586018898, 1.8500298526, 2.848937861, 3.6569385125, 1.8399724641, 3.4080146051, 2.0634599857, 6.6130804055, 2.5390183208, 3.1267927396, 2.0884246137, 1.8742919249, 3.2283963958, 3.3102758899, 2.2427560937, 3.4788455204, 2.7572116473, 4.2881528573, 4.9962396208, 2.3746124341, 2.5098349599, 2.486415963, 14.8679666721, 19.302884235, 21.4901872463, 26.3882546049, 19.1449529269, 19.8434256888, 18.0489222607, 19.5631794026, 19.1985859343, 3.5820898048, 2.0346764329, 3.3865108248, 5.4315900636, 1.6381772016, 3.1221674133, 4.4322487908, 2.6869704949]
    ],
    [
      [0.34117494807, 0.54552101253, 0.30405907981, 0.29483383068, 0.79835157984, 0.28846230353, 0.23649088397, 0.48468071975, 0.055991996808, 0.15789602674, 0.5694575535, 0.63648194526, 0.38665944165, 0.31100749122, 0.26043422946, 0.35383137907, 0.38975420926, 0.55534781863, 0.20957817926, 0.52162772374, 0.18901497385, 0.23457027182, 0.27186389758, 0.66613171785, 0.42346952529, 0.68869722708, 0.38799810962, 0.13086935201, 0.47578246374, 0.29188686964, 0.54524191518, 0.24513779526, 0.14162847357, 0.3694867475, 0.236251259, 0.35459085851, 0.22812090442, 0.40778485423, 0.24929782134, 0.70157018153, 0.44748944403, 0.75923830629, 2.7430200545, 2.4804916237, 2.748743851, 1.9601918403, 1.3534222253, 1.863781384, 1.733728956, 4.7168795512],
