{
  "Z_true": {},
  "V_true": [
    [9, 555, 42, 1244, 82],
    [133, 864, 134, 16851, 694],
    [348, 135, 7769, 1113, 418],
    [107, 66, 526, 600, 378],
    [503, 21, 272, 324, 49],
    [105, 57, 253, 837, 702]
  ],
  "p_true": [
    [0.0047, 0.2873, 0.0217, 0.6439, 0.0424],
    [0.0071, 0.0463, 0.0072, 0.9023, 0.0372],
    [0.0356, 0.0138, 0.7941, 0.1138, 0.0427],
    [0.0638, 0.0394, 0.3137, 0.3578, 0.2254],
    [0.4303, 0.018, 0.2327, 0.2772, 0.0419],
    [0.0537, 0.0292, 0.1295, 0.4284, 0.3593]
  ],
  "Z_est": [
    [
      [0.0119, 0.2247, 0.0101, 0.0196, 0.0274, 0.0105, 0.0256, 0.0328, 0.0226, 0.0285, 0.017, 0.0105, 0.0037, 0.0276, 0, 0, 0.082, 0.021, 0.0078, 0.0453, 0, 0.0072, 0.0069, 0.0118, 0, 0.0117, 0.0684, 0.0089, 0.0234, 0.0372, 0.0314, 0.0497, 0.0779, 0.0513, 0.0418, 0, 0.0159, 0.0031, 0, 0.0403, 0.0165, 0.0126, 0.0149, 0.0101, 0.006, 0.0813, 0, 0.0681, 0.0145],
      [17.982, 16.8572, 10.1737, 22.7163, 12.5491, 9.6328, 23.3453, 19.1205, 14.8472, 30.9851, 11.4357, 8.2131, 8.4189, 25.155, 6.618, 3.0979, 3.7692, 23.0364, 10.567, 19.9055, 8.5731, 7.8202, 12.0396, 14.4959, 10.9496, 12.963, 119.8042, 30.871, 13.7029, 43.6994, 33.4703, 53.9351, 1, 39.3585, 29.0503, 11.4354, 5.9067, 14.8064, 166.9338, 53.7408, 10.0315, 11.0397, 10.9586, 11.9576, 3.2537, 56.7306, 6.0609, 131.2022, 30.6311],
      [0.1497, 0.6292, 0.1285, 0.2141, 0.327, 0.1572, 0.3542, 0.4591, 0.2656, 0.9484, 0.2901, 0.1951, 0.1003, 0.3403, 0.0362, 0.0096, 0, 0.2291, 0.2099, 0.5491, 0.2123, 0.1102, 0.0335, 0.1104, 0.144, 0.1803, 0.9422, 0.2449, 0.2707, 0.3562, 0.3149, 0.4557, 0.0498, 0.5994, 0.5687, 0.2293, 0.2333, 0.1959, 1.6189, 0.1633, 0.2327, 0.1186, 0.1837, 0.1172, 0.1083, 1.4856, 0.1189, 0.7806, 0.113],
      [10.6542, 26.8398, 9.5528, 9.8515, 12.9136, 8.0251, 14.9328, 11.0818, 8.6632, 29.5361, 10.0634, 7.4304, 3.3916, 15.1709, 0.3311, 0.8682, 5.9677, 10.5644, 8.088, 20.1264, 4.1316, 5.8947, 2.847, 5.2867, 7.738, 3.7068, 44.4175, 8.6902, 8.8412, 20.4601, 15.8501, 28.9897, 1.8074, 25.4917, 18.0696, 8.1654, 9.6228, 4.8967, 68.0777, 12.9053, 5.597, 6.6758, 7.7026, 3.828, 3.5268, 44.9913, 5.7002, 33.0572, 6.2376],
      [0.2022, 0.4491, 0.1349, 0.1985, 0.183, 0.1744, 0.3421, 0.3058, 0.2014, 0.5019, 0.1939, 0.1509, 0.0855, 0.3061, 0.0147, 0.0243, 0.181, 0.1491, 0.1273, 0.3737, 0.0829, 0.1677, 0.0728, 0.0951, 0.1683, 0.1383, 0.7677, 0.185, 0.1618, 0.447, 0.3333, 0.5697, 0.0649, 0.499, 0.2695, 0.1699, 0.2213, 0.098, 1.3696, 0.1503, 0.1224, 0.1533, 0.1403, 0.087, 0.1052, 0.7112, 0.12, 0.8919, 0.0038]
    ],
    [
      [6.5142, 10.2881, 4.0751, 8.4454, 9.2427, 2.8192, 9.0936, 5.5246, 9.8847, 7.477, 5.4467, 2.9774, 1.8909, 11.6525, 0.8587, 0, 0.1478, 6.8917, 1.4934, 6.571, 0.6894, 2.2189, 2.1647, 4.9023, 0.4516, 1.8288, 14.7438, 5.0684, 3.6404, 7.3157, 6.1157, 6.0838, 0.1526, 19.708, 13.9116, 0.5172, 1.3001, 2.4272, 6.174, 3.7466, 3.0294, 3.7311, 5.7253, 5.0416, 4.4901, 16.0729, 0, 22.1871, 1.0332],
      [13.0539, 0, 4.5501, 12.9008, 4.068, 3.0666, 10.8924, 4.4399, 8.1768, 7.3647, 4.1868, 2.5738, 4.8137, 14.0267, 4.9725, 0.5555, 0.1082, 9.158, 2.1831, 2.9048, 3.1252, 2.9349, 6.2746, 7.8188, 2.748, 3.252, 34.6699, 17.5892, 2.9218, 11.8233, 9.6418, 8.7712, 0, 19.6432, 12.6892, 3.2844, 0.0676, 8.4682, 27.9958, 12.1638, 2.5644, 4.4113, 3.7101, 7.38, 1.6165, 14.1027, 1.1273, 51.4141, 5.7594],
      [6.0519, 8.7667, 3.9753, 7.5968, 9.0553, 3.4612, 10.4658, 6.9288, 9.8729, 18.1677, 7.6148, 4.5132, 3.8493, 11.7926, 1.9629, 0.2234, 0, 5.88, 2.8959, 6.351, 5.2619, 2.895, 1.3069, 3.8988, 2.5042, 3.2398, 17.3124, 9.666, 3.705, 6.2355, 5.5707, 4.8605, 0.9848, 18.9641, 16.1858, 4.7332, 1.5103, 7.8976, 17.3784, 2.4699, 4.0372, 2.925, 4.7936, 4.9024, 6.3781, 24.9906, 3.198, 21.153, 1.3999],
      [575.6088, 425.5412, 381.0209, 422.4741, 417.7374, 215.1782, 529.902, 195.8739, 361.0596, 630.6278, 317.1212, 207.7019, 153.1152, 634.459, 36.2314, 23.5481, 9.0039, 317.471, 132.9724, 274.7299, 116.3038, 180.7979, 130.9785, 224.2418, 151.8309, 75.2343, 977.4504, 404.0674, 146.39, 414.2936, 342.7907, 351.106, 35.5186, 960.6402, 593.3666, 184.3037, 79.9626, 222.0618, 848.4363, 233.6659, 112.1149, 203.5251, 205.122, 190.0998, 246.2389, 884.9911, 155.2115, 1028.8619, 94.0686],
      [54.7713, 35.404, 26.3785, 42.583, 28.8966, 23.4747, 60.6462, 27.2328, 42.006, 53.3629, 30.6304, 21.2337, 19.3309, 64.0691, 2.9745, 2.6729, 0.74, 22.5992, 10.4551, 25.4433, 11.6197, 25.1534, 17.2753, 20.1384, 16.4655, 15.4453, 84.8235, 42.6091, 13.3427, 45.3318, 35.8811, 34.1785, 6.3441, 94.0444, 43.8467, 19.1615, 9.1595, 22.1452, 84.0155, 15.9539, 12.2541, 23.4074, 18.649, 21.5762, 35.2764, 69.8427, 16.4632, 149.3839, 4.7389]
    ],
    [
      [4.5736, 8.6586, 2.9552, 12.8172, 17.6216, 3.1673, 6.1152, 6.0373, 17.9788, 16.0356, 9.6167, 3.5106, 5.2565, 27.686, 3.686, 0, 0.7433, 10.6499, 2.5326, 10.7616, 0.7492, 1.9282, 3.0911, 3.0727, 1.062, 4.8527, 16.007, 4.8766, 5.1737, 14.7911, 6.9402, 12.9824, 0.0471, 34.5397, 23.5526, 2.0805, 1.8589, 3.123, 14.7334, 5.2247, 5.1405, 5.2914, 6.1021, 2.6665, 3.736, 20.1411, 0.1181, 34.7522, 2.2538],
      [0.2421, 0, 0.0817, 0.5497, 0, 0.0708, 0.1999, 0.1503, 0.4096, 0, 0, 0.0143, 0.4467, 0.9252, 0, 0.1374, 0.1101, 0.3934, 0.0853, 0, 0.0822, 0.0655, 0.245, 0.1329, 0.0708, 0.3568, 0.9559, 0.3059, 0.12, 0.6723, 0.3168, 0.5189, 0, 0.8453, 0.588, 0.121, 0, 0.2219, 1.2754, 0.4506, 0.162, 0.1888, 0.0751, 0.1009, 0, 0.211, 0.7144, 1.4783, 0.3181],
      [78.9938, 112.0972, 52.8538, 197.6195, 294, 70.0993, 123.2472, 127.4087, 261.391, 584.3077, 233.1908, 92.0961, 167.6374, 477.5449, 13.6697, 9.31, 10.9183, 143.5473, 78.3987, 172.8749, 56.113, 42.7798, 36.4343, 43.2126, 38.9417, 131.1813, 317.9915, 143.7972, 93.4785, 204.8222, 115.5664, 159.2122, 74.8769, 547.1242, 439.8066, 105.9939, 55.5774, 135.547, 468.4139, 66.1482, 114.4355, 76.8058, 52.3877, 44.6936, 98.9223, 511.9325, 49.9636, 508.1835, 52.8575],
      [17.823, 15.6681, 12.3712, 29.1114, 38.6069, 11.214, 16.6384, 9.7765, 27.7296, 60.8216, 26.0776, 11.0808, 18.0804, 68.8469, 2.2947, 2.0669, 2.5755, 21.4614, 9.4884, 20.5223, 3.346, 7.2125, 9.6689, 6.4307, 6.5176, 9.2788, 48.6456, 16.5343, 9.4477, 38.3337, 18.3319, 33.6958, 9.5371, 75.6565, 46.0216, 12.2101, 6.9017, 10.8784, 67.2655, 15.9882, 8.2426, 13.5886, 7.1436, 4.5124, 10.5151, 51.1292, 7.5962, 74.2956, 9.7016],
      [3.3676, 2.576, 1.7381, 5.9022, 4.7716, 2.4486, 3.7993, 2.6273, 6.4911, 9.8352, 5.1148, 2.2982, 4.579, 13.997, 0.3496, 0.4857, 0.6528, 2.948, 1.495, 3.8412, 0.7095, 2.014, 2.5607, 1.1511, 1.4078, 2.3303, 8.4001, 3.486, 1.7802, 8.3807, 3.8447, 6.5907, 2.5388, 14.8343, 6.0312, 2.5945, 1.662, 2.2297, 13.3119, 2.1882, 2.0195, 3.1253, 1.2915, 1.0267, 2.8266, 7.5861, 1.6078, 20.2905, 0.869]
    ],
    [
      [0.65, 1.0604, 0.253, 0.9328, 1.2245, 0.3408, 0.7653, 0.6489, 1.2742, 1.0864, 0.7996, 0.3337, 0.2444, 1.1882, 0.3632, 0, 0.0186, 0.5292, 0.1874, 0.5938, 0.1745, 0.1967, 0.2222, 0.6026, 0.1718, 0.4317, 1.9354, 0.6165, 0.5828, 0.8203, 0.6007, 1.0122, 0.0599, 2.0937, 1.2121, 0.1311, 0.0937, 0.3018, 0.9735, 0.2858, 0.5083, 0.4446, 0.9934, 0.6642, 0.3789, 1.7629, 0.0693, 2.0683, 0.0599],
      [0.583, 0.1394, 0.1508, 0.6636, 0.3275, 0.1917, 0.4441, 0.247, 0.4433, 0.5222, 0.3243, 0.1523, 0.261, 0.6714, 0.3754, 0.0698, 0.0097, 0.3101, 0.1195, 0.1463, 0.1899, 0.1277, 0.3697, 0.4584, 0.2014, 0.3701, 2.1737, 0.9815, 0.224, 0.6229, 0.4591, 0.6749, 0, 0.9682, 0.5139, 0.1245, 0.0248, 0.3996, 1.4424, 0.4939, 0.2074, 0.2528, 0.2173, 0.4596, 0.117, 0.7624, 0.0808, 2.3342, 0.168],
      [2.3825, 2.8428, 0.9526, 3.0763, 4.3061, 1.5928, 3.286, 2.9339, 3.879, 7.8042, 4.146, 1.8571, 1.6108, 4.4085, 0.2468, 0.1448, 0.0608, 1.5139, 1.2102, 2.0091, 2.434, 0.9153, 0.5476, 1.7777, 1.3282, 2.5866, 8.2403, 3.8546, 2.2465, 2.435, 2.132, 2.6581, 0.5488, 7.1053, 4.8542, 1.2372, 0.5521, 2.6479, 6.3982, 0.7682, 2.4642, 1.3714, 1.7917, 2.3287, 2.077, 9.6283, 0.8085, 6.4907, 0.2978],
      [38.7668, 28.0891, 16.2316, 32.5518, 39.2648, 18.6751, 31.8943, 16.3706, 29.3276, 56.5524, 33.1194, 16.2513, 12.5748, 45.2621, 2.6028, 3.119, 1.6544, 16.1677, 10.7276, 16.9998, 10.9648, 11.2967, 10.7935, 19.5434, 16.6106, 12.8658, 89.4354, 31.6653, 16.7924, 32.6772, 24.5131, 40.5098, 4.6077, 69.6913, 35.7259, 10.3102, 5.1311, 15.4709, 64.8808, 13.4716, 13.7333, 17.6961, 17.6927, 17.4783, 15.5579, 67.4972, 9.0774, 65.3481, 4.0032],
      [7.6178, 4.8684, 2.412, 6.7756, 5.8771, 4.1996, 7.6103, 4.7996, 7.0759, 10.0347, 6.6107, 3.4055, 3.309, 9.4699, 0.4118, 0.6664, 0.2565, 2.4792, 1.7554, 3.251, 2.2367, 3.4636, 3.067, 3.6178, 3.6881, 5.7457, 16.2152, 6.8822, 3.1544, 7.4447, 5.2951, 8.145, 1.7835, 14.1415, 5.6939, 2.1971, 1.1982, 3.1799, 13.305, 1.9805, 3.0867, 4.235, 3.3049, 4.0692, 4.8693, 11.3492, 1.9639, 20.7588, 0.4711]
    ],
    [
      [8.0004, 10.2606, 3.5571, 13.4121, 18.529, 3.5341, 8.6284, 6.5872, 27.4109, 18.8945, 8.8988, 7.9702, 3.5245, 34.0152, 0, 0, 0, 11.6667, 5.6905, 19.7436, 1.3452, 5.5277, 3.4561, 6.1994, 1.2743, 3.7697, 18.6566, 8.1386, 5.4629, 16.7094, 5.0317, 8.6403, 1.6536, 21.9639, 24.7522, 3.2321, 0.67, 4.0171, 14.7798, 8.6109, 7.2104, 12.2574, 6.8439, 4.3148, 2.1818, 28.2046, 0.7935, 32.1212, 4.5961],
      [0.0449, 0.0035, 0.0128, 0.0599, 0.0246, 0.012, 0.0313, 0.0156, 0.0603, 0.0503, 0.021, 0.0194, 0.0234, 0.1218, 0, 0.1367, 0, 0.0428, 0.0219, 0.0205, 0.0087, 0.0215, 0.0337, 0.0285, 0.0085, 0.0203, 0.1315, 0.0782, 0.0128, 0.0799, 0.0239, 0.0359, 0, 0.0638, 0.0662, 0.0182, 0.001, 0.0323, 0.1354, 0.0887, 0.0187, 0.0443, 0.0087, 0.0178, 0.0039, 0.073, 0.0051, 0.221, 0.0762],
      [5.3023, 4.904, 2.4041, 7.9934, 11.7845, 2.9654, 6.7111, 5.3366, 14.9663, 24.332, 8.363, 8.0015, 4.1483, 22.9662, 0, 0.2983, 0, 5.9789, 6.5742, 12.0317, 3.2223, 4.6147, 1.5032, 3.2437, 1.6575, 4.0461, 14.4547, 9.1704, 3.7507, 8.9693, 3.2172, 4.0684, 3.3789, 13.5342, 17.9885, 5.3144, 0.6938, 6.2769, 17.2988, 4.1526, 6.271, 6.8126, 2.0916, 2.6645, 2.1502, 28.0455, 1.5148, 18.3002, 4.077],
      [8.1069, 4.5612, 3.8314, 7.9663, 10.1495, 3.2394, 6.129, 2.7831, 10.6786, 16.7104, 6.2869, 6.5376, 3.0315, 22.2972, 0, 0.5273, 0, 5.9999, 5.4104, 9.574, 1.3307, 5.2898, 2.7426, 3.318, 1.9145, 1.8834, 14.8366, 7.085, 2.6056, 11.3565, 3.4706, 5.8526, 2.63, 12.5647, 12.5201, 4.1333, 0.5884, 3.4319, 16.6184, 6.8079, 3.2481, 8.214, 1.9318, 1.855, 1.5037, 18.6138, 1.5706, 17.4759, 5.0561],
      [0.5454, 0.2707, 0.1946, 0.5684, 0.5124, 0.2491, 0.5002, 0.2775, 0.8837, 1.0127, 0.4302, 0.4712, 0.2724, 1.5996, 0, 0.0377, 0, 0.3118, 0.303, 0.6302, 0.0931, 0.5463, 0.2644, 0.2104, 0.1451, 0.2805, 0.9206, 0.5278, 0.168, 0.8849, 0.2566, 0.4029, 0.3375, 0.8734, 0.673, 0.302, 0.0468, 0.2418, 1.1676, 0.3398, 0.2518, 0.6718, 0.124, 0.1479, 0.1604, 1.0632, 0.1161, 1.8816, 0.1945]
    ],
    [
      [0.25, 0.5075, 0.1494, 0.373, 0.3549, 0.1281, 0.3718, 0.1694, 0.4287, 0.4781, 0.2211, 0.1976, 0.08, 0.4305, 0.092, 0, 0.0082, 0.2416, 0.0883, 0.2848, 0.0417, 0.1213, 0.059, 0.2111, 0.0403, 0.1054, 0.5889, 0.2911, 0.1169, 0.3263, 0.2803, 0.2316, 0.009, 0.6433, 0.5297, 0.0392, 0.0614, 0.1279, 0.3393, 0.0917, 0.0949, 0.2629, 0.3203, 0.3028, 0.2072, 0.7371, 0.0191, 0.8031, 0.0425],
      [0.0941, 0, 0.0309, 0.1097, 0.0308, 0.0261, 0.087, 0.0267, 0.0629, 0.0777, 0.0322, 0.027, 0.0364, 0.0999, 0.0341, 0.0027, 0.0027, 0.0593, 0.0232, 0.0228, 0.0209, 0.0303, 0.0373, 0.0654, 0.0217, 0.0378, 0.2647, 0.1743, 0.0185, 0.1022, 0.0881, 0.0639, 0, 0.121, 0.0923, 0.0165, 0, 0.0716, 0.2172, 0.0623, 0.0161, 0.0631, 0.0302, 0.0841, 0.0089, 0.1203, 0.0115, 0.3502, 0.0473],
      [1.1199, 1.7602, 0.6856, 1.4999, 1.5271, 0.7241, 1.9358, 0.9329, 1.6252, 4.44, 1.3953, 1.3369, 0.6538, 1.9475, 0.0845, 0.0138, 0.0209, 0.8509, 0.7111, 1.1842, 0.7564, 0.685, 0.1744, 0.7569, 0.4244, 0.7659, 3.059, 2.267, 0.5486, 1.1818, 1.1989, 0.7451, 0.1607, 2.6728, 2.5961, 0.492, 0.4331, 1.4347, 2.8918, 0.2978, 0.5594, 0.9666, 0.7517, 1.2935, 1.3642, 4.9174, 0.3964, 3.092, 0.2548],
      [53.0403, 50.3005, 33.9922, 46.045, 40.3279, 24.6682, 54.5035, 15.114, 35.5413, 92.7517, 32.3314, 33.998, 14.8066, 57.9639, 2.5401, 0.8706, 1.7984, 26.3356, 18.3132, 29.0476, 9.9229, 24.5083, 9.9695, 24.1794, 15.3884, 11.0309, 96.2145, 53.9578, 11.9231, 45.8788, 40.0435, 32.8462, 3.8992, 75.9556, 55.2962, 11.8773, 11.7935, 24.2603, 84.7213, 15.161, 9.0641, 36.3003, 21.4073, 28.2266, 29.6577, 99.7775, 12.8441, 89.9613, 9.9329],
      [6.4957, 5.4317, 3.142, 5.9723, 3.7593, 3.4535, 8.1019, 2.757, 5.3419, 10.2526, 4.0199, 4.4405, 2.4232, 7.5583, 0.2494, 0.1129, 0.1697, 2.5127, 1.8642, 3.4606, 1.2581, 4.6551, 1.7598, 2.7871, 2.1251, 3.06, 10.873, 7.3099, 1.3929, 6.5109, 5.3893, 4.1132, 0.9312, 9.6073, 5.4857, 1.575, 1.7121, 3.1055, 10.8305, 1.3872, 1.2655, 5.4071, 2.4903, 4.0929, 5.7621, 10.4476, 1.729, 17.7933, 0.7226]
    ]
  ],
  "V_est": [
    [1.3398, 1254.8478, 15.8852, 647.2597, 12.6674],
    [275.7659, 401.965, 339.7841, 16055.0529, 1603.4321],
    [411.292, 14.4104, 8088.4071, 1060.8827, 208.0077],
    [31.9631, 21.5726, 132.79, 1231.2448, 259.4294],
    [472.7389, 2.0804, 357.5456, 314.2703, 22.3648],
    [11.9003, 3.1239, 61.5879, 1660.2895, 217.0985]
  ],
  "p_est": [
    [0.0007, 0.6495, 0.0082, 0.335, 0.0066],
    [0.0148, 0.0215, 0.0182, 0.8597, 0.0859],
    [0.042, 0.0015, 0.8268, 0.1084, 0.0213],
    [0.0191, 0.0129, 0.0792, 0.7342, 0.1547],
    [0.4044, 0.0018, 0.3059, 0.2688, 0.0191],
    [0.0061, 0.0016, 0.0315, 0.8497, 0.1111]
  ],
  "EI_Z": {},
  "EI_V": 11.0273,
  "MAE_Z": {},
  "MAE_V": 258.7073,
  "MAE_p": 0.0893,
  "runtime": 0.019
}
