{
  "Z_true": {},
  "V_true": [
    [17, 105, 24, 203, 24],
    [27, 23, 19, 271, 37],
    [52, 25, 74, 473, 20],
    [4, 598, 14, 241, 27],
    [451, 14, 19, 627, 35],
    [17, 51, 1251, 771, 38],
    [11, 24, 26, 3372, 52],
    [91, 132, 195, 573, 61]
  ],
  "p_true": [
    [0.0456, 0.2815, 0.0643, 0.5442, 0.0643],
    [0.0716, 0.061, 0.0504, 0.7188, 0.0981],
    [0.0807, 0.0388, 0.1149, 0.7345, 0.0311],
    [0.0045, 0.6765, 0.0158, 0.2726, 0.0305],
    [0.3935, 0.0122, 0.0166, 0.5471, 0.0305],
    [0.008, 0.024, 0.5879, 0.3623, 0.0179],
    [0.0032, 0.0069, 0.0075, 0.9676, 0.0149],
    [0.0865, 0.1255, 0.1854, 0.5447, 0.058]
  ],
  "Z_est": [
    [
      [0.3593, 1.0518, 0.7636, 0, 1.0404, 0.4269, 0.3587, 0.708, 0.619, 0.1997, 0.4474, 0.2174, 0.7692, 1.6562, 1.7939, 2.4313, 0.9183, 0.4919, 0.7284, 0.2969, 3.6151, 1.6616, 0.757, 1.0961, 0.7473, 0.3839, 0.0794, 0.5551],
      [0.7299, 2.5024, 2.1881, 0, 5.3449, 2.3444, 2.1927, 2.3446, 4.7734, 0.8462, 1.6086, 2.1956, 2.5166, 5.1337, 8.6993, 10.7474, 2.2037, 2.5668, 3.0871, 1.809, 11.2156, 4.8071, 1.9179, 4.1304, 3.0617, 3.949, 0.2251, 2.356],
      [1.0678, 5.3972, 3.2173, 0, 5.0451, 2.9669, 3.2495, 4.3262, 2.4585, 0.7843, 1.6518, 1.7084, 3.2219, 8.2814, 8.5917, 11.1969, 2.6369, 3.1473, 3.6923, 0.8908, 11.8153, 6.1678, 2.4194, 4.6218, 3.3405, 3.2081, 0.2866, 2.4884],
      [1.4723, 4.6587, 3.1311, 0, 7.3553, 2.7997, 3.0384, 4.7862, 4.6825, 0.9097, 1.8089, 2.0956, 4.2341, 7.5991, 9.8193, 9.1267, 2.5677, 2.3309, 3.1946, 1.4349, 10.8516, 6.5813, 2.5823, 5.1296, 4.3682, 4.3412, 0.3451, 2.8478],
      [0.3707, 1.3899, 0.7, 0, 1.2142, 1.4621, 1.1607, 0.835, 0.4667, 0.2601, 0.4833, 0.7829, 1.2583, 2.3296, 3.0958, 1.4978, 0.6733, 1.463, 1.2975, 0.5684, 3.5023, 1.7822, 0.3235, 1.0221, 1.4823, 1.1178, 0.0637, 0.7526]
    ],
    [
      [0.0409, 0.0162, 0.118, 0.4543, 0.0222, 0.0043, 0.0135, 0.0279, 0.0105, 0.0301, 0.1452, 0.0155, 0.0131, 0.0223, 0.0294, 0.0222, 0.1077, 0.0029, 0.0233, 0.0019, 0.0531, 0.024, 0.3931, 0.067, 0.01, 0.0049, 0.0678, 0.0311],
      [0.0039, 0, 0.0141, 0.0072, 0.0034, 0, 0.0008, 0.0022, 0.0041, 0.0021, 0.032, 0.1252, 0, 0, 0.0206, 0.0032, 0.0051, 0.0006, 0.0035, 0.0031, 0.0134, 0, 0.0029, 0.0168, 0, 0.0045, 0.0065, 0],
      [0.0194, 0.0124, 0.0833, 0.0628, 0.006, 0.0028, 0.0043, 0.0306, 0, 0, 0.068, 0.1348, 0, 0.0083, 0.0274, 0.0051, 0.0162, 0.0029, 0.0101, 0, 0.0222, 0.0009, 0.0174, 0.0276, 0, 0, 0.0334, 0],
      [8.7239, 3.5333, 12.0139, 10.6903, 7.9862, 1.9921, 7.2904, 6.6048, 2.5482, 4.7426, 14.0919, 11.753, 4.1514, 4.1291, 6.9836, 6.1867, 7.6049, 1.0723, 4.4554, 1.4995, 3.9577, 2.848, 7.0563, 8.8661, 3.3169, 3.0136, 8.3898, 5.4472],
      [9.2118, 5.4381, 10.7708, 6.7855, 5.9823, 7.0008, 12.691, 5.3346, 1.4373, 6.2253, 15.6629, 20.9715, 5.8355, 6.8403, 9.9389, 4.7828, 8.2661, 3.9212, 8.5077, 3.4955, 5.9536, 4.1271, 3.5302, 8.0226, 5.6731, 3.977, 6.5025, 6.5217]
    ],
    [
      [1.4097, 2.548, 1.3079, 2.0195, 0.9806, 1.6932, 1.6053, 0.5043, 0.6653, 0.9424, 3.0326, 0.6935, 1.1225, 2.9116, 0.7713, 9.9247, 2.5676, 0.9772, 0.924, 1.9947, 1.0963, 2.4131, 4.62, 1.946, 0.4432, 0.9488, 2.0603, 1.9734],
      [0.0784, 0.108, 0.1219, 0.1712, 0.1754, 0.3132, 0.2865, 0.0518, 0.2063, 0.1427, 0.3822, 0.2805, 0.1163, 0.2763, 0.1342, 1.8569, 0.2002, 0.189, 0.1419, 0.5095, 0.1277, 0.2232, 0.3278, 0.2355, 0.0586, 0.4076, 0.1681, 0.2935],
      [2.0425, 6.5304, 2.7153, 3.9962, 2.3687, 6.0131, 7.5287, 1.5174, 1.3131, 1.8374, 5.3064, 3.0219, 2.3192, 7.2645, 1.8176, 22.9309, 3.6088, 3.1912, 2.3231, 2.9631, 1.8368, 4.4246, 6.8728, 4.0924, 0.983, 4.0423, 3.573, 4.3868],
      [10.4695, 19.8093, 9.8549, 16.8131, 12.4753, 21.932, 25.5124, 5.9266, 8.8152, 8.0774, 21.2787, 10.991, 11.4398, 23.5418, 7.2754, 70.2874, 13.6233, 9.6367, 7.6065, 19.5299, 5.9393, 16.9391, 28.1794, 15.726, 4.5137, 19.6013, 16.1985, 19.3462],
      [0, 0.0043, 0, 0, 0, 0.0485, 0.0671, 0, 0, 0, 0, 0.0131, 0.0023, 0.0058, 0.0014, 0.0001, 0, 0.0059, 0.0045, 0.0028, 0, 0, 0, 0, 0.0015, 0, 0, 0]
    ],
    [
      [0.024, 0.0077, 0.0004, 0.0051, 0.0024, 0.0036, 0.0023, 0.0019, 0.004, 0.002, 0.0378, 0, 0, 0.0003, 0.0004, 0.0079, 0.0614, 0, 0, 0, 0.0339, 0.0296, 0.0182, 0.0196, 0.0057, 0.001, 0.0142, 0],
      [12.2132, 13.3674, 17.9241, 7.0606, 26.2783, 27.3909, 25.3377, 13.5443, 22.5245, 25.8204, 31.0352, 34.9538, 9.9304, 22.8941, 20.1883, 88.4374, 20.2662, 20.767, 17.5493, 24.4011, 13.0668, 18.3031, 12.2154, 41.2792, 18.7142, 22.62, 12.9877, 22.32],
      [0.0262, 0.1577, 0.0854, 0.0091, 0.0432, 0.1602, 0.2293, 0.1044, 0.0211, 0.0345, 0, 0, 0.0114, 0.1344, 0.0266, 0.274, 0.0523, 0.0911, 0.0504, 0, 0.0571, 0.0615, 0.0091, 0.2458, 0.0578, 0.0442, 0.0128, 0.0268],
      [7.7324, 7.4549, 7.989, 2.9252, 11.6744, 11.3391, 11.335, 8.3479, 7.4499, 9.1349, 9.9271, 7.926, 5.0498, 9.9525, 6.7648, 22.2782, 7.62, 6.1074, 5.3736, 5.5856, 3.8373, 7.5997, 4.7571, 17.4502, 9.1737, 8.3324, 5.9853, 8.6516],
      [0.0042, 0.0122, 0.0011, 0, 0.0017, 0.1062, 0.0957, 0.0014, 0.0005, 0.0082, 0, 0.1202, 0.0083, 0.0187, 0.0199, 0.0025, 0.0001, 0.0345, 0.0267, 0.0133, 0.005, 0.0061, 0.0003, 0.0053, 0.0486, 0.0024, 0, 0.0016]
    ],
    [
      [15.109, 15.6506, 25.3646, 10.4991, 15.0526, 15.1929, 10.9125, 13.1135, 8.9, 14.6807, 34.5224, 7.5687, 14.421, 25.6845, 15.1113, 75.1157, 21.011, 14.5357, 17.3409, 16.5678, 15.0398, 24.1776, 18.5939, 17.0315, 7.4045, 3.1754, 9.5483, 17.2166],
      [0.0304, 0.0406, 0.1228, 0.0775, 0.3852, 1.0863, 1.0571, 0.0481, 0.8341, 0.2511, 0.5265, 0.4837, 0.0955, 0.1725, 0.316, 2.0218, 0.1502, 0.3245, 0.3177, 0.5883, 0.2181, 0.1751, 0.1273, 0.1701, 0.0665, 0.127, 0.0676, 0.2692],
      [0.7334, 1.673, 2.1794, 0.7692, 1.3063, 2.2291, 2.17, 1.5759, 0.5624, 1.0553, 2.2363, 1.1682, 1.0738, 2.6373, 1.3143, 7.2419, 1.1122, 1.915, 1.7651, 0.8029, 0.938, 1.7425, 1.0908, 1.3528, 0.5915, 0.4728, 0.5818, 1.431],
      [15.1272, 16.6268, 27.3312, 11.6543, 26.2558, 28.3623, 24.7699, 21.2622, 16.7033, 17.0125, 33.7142, 15.7395, 20.3922, 28.4839, 19.2363, 74.6197, 14.7266, 19.1808, 19.5167, 22.029, 10.8042, 23.9041, 16.1878, 18.4456, 9.9223, 8.2248, 9.8023, 23.0828],
      [0, 0.009, 0.002, 0, 0.0001, 0.1294, 0.0905, 0.0002, 0.0001, 0.0004, 0.0006, 0.0399, 0.0174, 0.0218, 0.022, 0.0009, 0, 0.0441, 0.0596, 0.012, 0, 0.0008, 0.0001, 0, 0.0152, 2.6998e-06, 0, 0.0004]
    ],
    [
      [1.1016, 0.3171, 0.4237, 0.4824, 0.0832, 0.0448, 0.0491, 0.0779, 0.0332, 0.5214, 1.168, 0.0734, 0.2688, 0.4288, 0.169, 1.1402, 0.8373, 0.0826, 0.1125, 0.2833, 0.5724, 0.6052, 0.856, 0.6564, 0.2143, 0.0189, 0.8868, 0.3935],
      [0.8241, 0.6658, 1.7143, 0.9751, 3.8968, 1.4112, 1.3158, 0.8758, 2.8991, 1.8758, 4.4525, 7.5629, 1.4803, 2.4528, 3.1839, 10.9888, 1.7525, 2.7796, 2.2803, 5.7349, 2.1771, 2.0354, 1.4052, 2.287, 1.011, 1.786, 1.2628, 2.0956],
      [23.7414, 46.5138, 32.8138, 22.2612, 33.0975, 30.1155, 42.5856, 38.7528, 10.1898, 24.5798, 63.0619, 68.0231, 23.8424, 74.1898, 41.4677, 144.0018, 32.1525, 49.9711, 38.2723, 22.096, 29.9708, 42.8566, 27.7599, 40.7287, 16.8627, 14.8392, 27.3934, 32.6287],
      [26.9656, 30.5661, 24.5309, 20.0693, 39.1292, 21.8907, 30.2579, 33.4691, 15.7847, 22.7099, 54.4808, 54.2769, 25.8358, 52.5129, 36.6417, 91.1734, 25.2125, 30.6932, 26.0053, 33.4146, 20.8478, 35.5471, 23.8362, 33.3858, 16.6395, 15.5224, 27.0287, 30.301],
      [1.3674, 1.9373, 0.5173, 0.2121, 0.7932, 2.5379, 2.7917, 0.8244, 0.0932, 1.3131, 2.8367, 6.0636, 1.5727, 3.4157, 2.5377, 2.6957, 1.0452, 3.4734, 2.3297, 2.4712, 1.4318, 1.9556, 0.1427, 0.9421, 1.2725, 0.8334, 0.4283, 1.5812]
    ],
    [
      [0.9837, 0.8546, 1.4206, 0.258, 0.312, 0.29, 0.1862, 0.209, 0.1375, 0.5589, 2.0531, 0.1507, 0.2702, 1.055, 0.3962, 3.9906, 3.6048, 0.3501, 0.6244, 0.3825, 1.2782, 1.4805, 1.4169, 1.034, 0.202, 0.0854, 0.4723, 0.4386],
      [0.8664, 1.0758, 2.4077, 1.4159, 3.2064, 3.7875, 2.3532, 0.8622, 3.2363, 5.2383, 7.1298, 6.6627, 1.5559, 3.2922, 4.6422, 24.0432, 4.648, 6.2121, 4.7002, 8.0285, 3.4687, 3.056, 2.5181, 4.2297, 1.7743, 3.1879, 1.8804, 5.1283],
      [0.1145, 1.2714, 0.9006, 0.1116, 0.142, 1.3036, 1.456, 0.5774, 0.0447, 0.1728, 0.2033, 0, 0.1054, 1.2525, 0.0311, 4.1236, 0.4172, 2.3822, 1.0909, 0.1244, 0.2655, 0.2287, 0.1201, 0.5237, 0.0892, 0.0787, 0.1033, 0.2102],
      [108.99, 82.6002, 115.2622, 59.2121, 154.3315, 141.0018, 113.9634, 85.3474, 69.5794, 122.8431, 166.5982, 101.2563, 100.7755, 125.0659, 100.5746, 375.8237, 142.3154, 130.0666, 103.89, 139.0415, 63.8841, 104.11, 87.9419, 126.2047, 83.4518, 74.6413, 85.5388, 150.0833],
      [0.0454, 0.1981, 0.0088, 0.0024, 0.0081, 1.6171, 1.0412, 0.004, 0.0021, 0.1868, 0.0156, 0.9303, 0.2931, 0.3344, 0.3559, 0.0189, 0.0146, 0.9889, 0.6945, 0.4231, 0.1035, 0.1248, 0.003, 0.0079, 0.4827, 0.0067, 0.0052, 0.1396]
    ],
    [
      [1.9719, 1.5541, 2.6012, 1.2817, 1.5065, 1.3444, 0.8726, 1.3575, 0.6305, 2.0647, 2.5934, 0.2808, 1.1353, 3.2413, 1.7285, 8.3673, 3.8919, 1.5595, 2.2465, 1.473, 2.3112, 1.6085, 2.3449, 2.1495, 0.973, 0.3817, 1.8708, 1.3916],
      [0.2538, 0.24, 0.507, 0.2925, 0.7094, 0.6665, 0.4562, 0.271, 0.5221, 0.8235, 0.8332, 1.7356, 0.305, 0.7784, 0.8155, 3.9013, 0.7741, 1.1603, 0.9201, 0.9256, 0.7127, 0.4001, 0.4855, 0.6514, 0.3137, 0.918, 0.4018, 0.5373],
      [5.2548, 7.4441, 10.0049, 4.79, 6.9913, 9.2088, 7.7767, 8.1153, 2.4104, 7.5358, 8.4723, 7.9435, 4.4259, 15.2317, 7.7236, 36.2259, 10.0038, 11.2993, 10.7957, 4.1227, 7.0943, 5.5175, 6.7104, 8.4071, 4.0753, 5.3147, 6.0156, 5.8282],
      [22.5191, 18.7507, 29.8869, 16.6358, 30.7923, 27.6824, 21.8325, 26.2558, 13.4369, 27.5699, 28.1002, 23.9618, 18.1214, 40.7148, 25.7042, 91.5042, 31.3295, 27.912, 28.958, 22.465, 18.8781, 17.4707, 22.459, 26.792, 15.6139, 21.3229, 22.7114, 21.24],
      [0.0004, 0.0111, 0, 0, 0.0004, 0.098, 0.062, 0.0004, 0.0001, 0.0062, 0.0008, 0.0784, 0.0123, 0.0338, 0.0282, 0.0014, 0.0007, 0.0689, 0.0797, 0.0138, 0.0038, 0.0033, 0.0002, 0, 0.024, 0.0627, 0.0004, 0.003]
    ]
  ],
  "V_est": [
    [24.1737, 95.4972, 107.8802, 114.0929, 31.356],
    [1.7725, 0.2751, 0.5959, 170.9489, 203.4076],
    [54.0969, 7.5846, 120.8214, 461.3398, 0.1574],
    [0.2834, 643.3904, 2.0264, 237.7549, 0.5449],
    [498.5421, 10.1507, 43.7222, 593.1183, 0.4667],
    [11.9018, 73.1826, 1094.7697, 898.7291, 49.4167],
    [24.4958, 120.608, 17.4446, 3314.3948, 8.0568],
    [54.7337, 21.3115, 234.7397, 740.6213, 0.5939]
  ],
  "p_est": [
    [0.0648, 0.2648, 0.2993, 0.2912, 0.0799],
    [0.005, 0.0009, 0.0023, 0.4446, 0.5472],
    [0.0893, 0.0118, 0.1863, 0.7124, 0.0002],
    [0.0003, 0.7192, 0.0026, 0.2774, 0.0005],
    [0.4287, 0.0083, 0.0385, 0.5241, 0.0003],
    [0.0053, 0.0331, 0.5137, 0.4242, 0.0237],
    [0.0077, 0.0368, 0.0047, 0.949, 0.0018],
    [0.054, 0.0203, 0.2219, 0.7034, 0.0004]
  ],
  "EI_Z": {},
  "EI_V": 9.0215,
  "MAE_Z": {},
  "MAE_V": 45.5092,
  "MAE_p": 0.0605,
  "runtime": 0.007
}
