{
  "Z_true": {},
  "V_true": [
    [20, 25, 603, 61, 1760, 63],
    [21, 542, 23, 438, 208, 30],
    [220, 456, 89, 6103, 672, 222],
    [215, 332, 1422, 386, 18065, 552],
    [615, 16, 19, 305, 242, 32],
    [55, 109, 49, 231, 483, 445]
  ],
  "p_true": [
    [0.0079, 0.0099, 0.2382, 0.0241, 0.6951, 0.0249],
    [0.0166, 0.4295, 0.0182, 0.3471, 0.1648, 0.0238],
    [0.0283, 0.0587, 0.0115, 0.7863, 0.0866, 0.0286],
    [0.0103, 0.0158, 0.0678, 0.0184, 0.8614, 0.0263],
    [0.5004, 0.013, 0.0155, 0.2482, 0.1969, 0.026],
    [0.0401, 0.0794, 0.0357, 0.1684, 0.352, 0.3243]
  ],
  "Z_est": [
    [
      [0.0015, 0.0026, 0, 0.0316, 0.0231, 0, 0.0203, 0.0684, 0, 0.0138, 0.029, 0.0084, 0.044, 0.1331, 0, 0, 0.0113, 0, 0, 0, 0.0144, 0.0423, 0, 0.0419, 0.031, 0.0725, 0, 0, 0, 0.0099, 0.002, 0, 0.1219, 0.0048],
      [0.068, 0.0223, 0.3268, 0.3338, 0.6055, 0.3245, 0.3123, 0.592, 0.0233, 0.059, 0.223, 0, 0.4364, 0.4108, 0.0625, 0.0122, 0.4691, 0.0207, 0.1578, 0.0862, 0.0954, 0.3034, 0.5146, 0.634, 0.3167, 0.3265, 0.1577, 0.176, 0, 0.0318, 0.7598, 0.0784, 0.824, 0.0384],
      [2.1146, 1.356, 28.749, 21.8882, 17.3244, 19.425, 20.8208, 22.3813, 1.5114, 5.4254, 15.925, 13.1364, 17.4877, 18.7512, 0.82, 2.0446, 22.8409, 0.6585, 4.7511, 7.1603, 5.8588, 17.3477, 42.055, 26.937, 18.882, 17.5515, 5.9863, 25.9218, 0.2679, 0.7986, 38.4372, 2.053, 23.2624, 2.1179],
      [0.0861, 0.0045, 0.9065, 0.6601, 0.6358, 0.4256, 0.3475, 0.524, 0.017, 0.1119, 0.808, 0.594, 0.5257, 0.559, 0.0173, 0.0727, 0.5818, 0, 0.2016, 0.095, 0.327, 0.8176, 1.4502, 0.7486, 0.6972, 1.1004, 0.1184, 0.6503, 0.0103, 0.0744, 1.5487, 0.1499, 0.7534, 0.1379],
      [10.7183, 4.6145, 113.9791, 112.0509, 86.36, 65.7857, 81.4991, 113.4328, 2.447, 15.3781, 62.9857, 60.1786, 66.4977, 65.1216, 3.0961, 3.8643, 84.073, 2.3208, 24.8825, 31.6585, 27.6932, 70.4562, 180.9423, 114.6192, 79.0401, 71.9102, 27.6958, 114.2519, 1.7219, 10.0849, 184.1884, 10.7187, 112.0173, 17.701],
      [0.0115, 0, 0.0386, 0.0354, 0.0513, 0.0392, 0, 0.0016, 0.0013, 0.0118, 0.0293, 0.0826, 0.0085, 0.0243, 0.0042, 0.0061, 0.024, 0, 0.0071, 0, 0.0112, 0.0327, 0.0379, 0.0192, 0.033, 0.039, 0.0418, 0, 0, 0.0005, 0.0639, 0, 0.021, 0]
    ],
    [
      [0.0178, 0.0229, 0.3236, 0.2865, 0.2047, 0.1475, 0.1373, 0.1957, 0, 0.1729, 0.3705, 0.3648, 0.4894, 0.4667, 0, 0.0224, 0.2913, 0, 0.077, 0.1514, 0.2015, 0.2863, 0.3662, 0.4569, 0.3149, 0.2241, 0.1207, 0.2011, 0, 0.1436, 0.6332, 0.0128, 0.8938, 0.2454],
      [2.9476, 2.1345, 42.1926, 24.3049, 28.7183, 23.0843, 13.0919, 21.4176, 5.3145, 12.6538, 36.4927, 28.5306, 53.7223, 41.2321, 0, 3.2006, 36.2514, 0.9225, 15.88, 14.3922, 17.5155, 28.1309, 39.6972, 53.719, 30.8545, 21.1504, 16.3943, 22.3268, 0, 9.1965, 71.7737, 5.2317, 89.3842, 17.2746],
      [0.0583, 0.0725, 1.8965, 0.8798, 0.642, 0.8962, 0.5013, 0.547, 0.2636, 0.6964, 1.4046, 1.3731, 1.6211, 1.3896, 0, 0.2257, 1.2701, 0.0071, 0.3326, 0.6297, 0.6089, 1.0027, 1.6574, 1.6122, 1.1411, 0.7139, 0.4731, 1.0197, 0, 0.1347, 2.3131, 0.094, 2.0302, 1.8504],
      [0.1391, 0.0752, 3.5941, 1.9427, 1.4693, 1.4022, 0.8172, 1.1218, 0.2175, 0.923, 3.1515, 3.1792, 2.981, 2.4082, 0, 0.3275, 2.1456, 0, 0.8366, 1.083, 1.5831, 2.1648, 3.3886, 3.1001, 2.3275, 1.693, 0.888, 1.9661, 0, 0.7671, 5.3176, 0.2853, 4.3958, 1.9424],
      [0.8191, 0.6868, 20.7031, 12.4032, 8.8328, 8.352, 5.402, 7.6362, 1.1816, 5.4475, 15.3707, 17.3834, 17.0171, 13.3315, 0, 1.1957, 12.8773, 0.0703, 4.8183, 7.6678, 7.9758, 11.2596, 19.6377, 18.8968, 13.1757, 8.1071, 6.0077, 12.3639, 0, 4.7199, 30.5455, 1.3731, 26.998, 11.5867],
      [0.0181, 0.0081, 0.2901, 0.1829, 0.1329, 0.1177, 0.0503, 0.0816, 0.0229, 0.1064, 0.2099, 0.1689, 0.1691, 0.172, 0, 0.0281, 0.1643, 0, 0.0555, 0.0758, 0.1152, 0.1557, 0.2529, 0.215, 0.1865, 0.1114, 0.1162, 0.1223, 0, 0.0381, 0.4168, 0.0031, 0.2981, 0.1005]
    ],
    [
      [1.6152, 1.23, 4.207, 10.1366, 6.1703, 6.2942, 4.034, 7.1651, 0, 7.6086, 4.7836, 9.2723, 12.9252, 12.8942, 0, 0.2559, 4.733, 0.1226, 3.8023, 7.0012, 10.9347, 15.3306, 10.7267, 23.2234, 16.3795, 15.7634, 6.4654, 2.0291, 0, 8.0451, 21.1197, 0.1665, 24.8265, 3.5398],
      [1.0258, 0.9763, 4.2092, 2.7742, 3.2895, 7.1665, 1.2974, 2.7675, 0.273, 1.6805, 1.5098, 0, 5.8113, 4.6222, 0.3519, 0.185, 2.1094, 0.2842, 5.8583, 2.609, 2.3228, 5.0191, 9.1632, 10.4644, 5.305, 5.0583, 6.6183, 3.759, 0, 1.1945, 10.8375, 1.4084, 11.0799, 0],
      [0.0285, 0.9588, 0.2709, 0.2627, 0.1081, 0.6021, 0.1187, 0.1488, 0.0307, 0.288, 0.0508, 1.4684, 0.1962, 0.0935, 0.01, 0, 0.1486, 0.0077, 0.0934, 6.4076, 0, 0, 0.5304, 0.6631, 0.29, 0, 0.5029, 1.8063, 0.378, 0, 0.5238, 0, 0.2166, 0.1634],
      [43.0534, 9.9625, 212.2745, 224.4334, 144.3212, 266.5095, 79.169, 135.2702, 10.5393, 130.5515, 129.0027, 261.3353, 259.6426, 223.1379, 6.2012, 15.3031, 113.524, 0, 177.1082, 177.6871, 279.9376, 371.792, 446.6107, 515.1702, 390.874, 387.2576, 175.0625, 173.864, 9.9703, 130.3358, 626.6361, 44.5504, 415.2473, 79.6082],
      [1.8063, 0.8873, 10.1114, 12.2376, 6.7192, 13.4936, 4.3643, 7.6156, 0.3839, 5.9458, 4.5883, 11.9861, 11.1786, 8.3993, 0.2195, 0.2574, 5.4722, 0.2969, 7.5964, 14.6487, 5.0438, 10.9411, 21.7125, 26.337, 16.6202, 4.991, 10.1858, 9.5504, 0.6518, 6.0588, 28.8255, 1.3172, 18.7275, 4.0735],
      [4.4709, 0.985, 13.9269, 17.1555, 10.3917, 17.9342, 4.0165, 8.0328, 0.7731, 11.9256, 7.0649, 11.9379, 12.2461, 12.8529, 0.2175, 0.9986, 7.0127, 0.2886, 9.5414, 10.6463, 16.7611, 21.9171, 27.2566, 29.1419, 25.5313, 20.9296, 17.1651, 8.9913, 0, 5.3658, 40.0576, 0.5575, 22.9022, 3.6151]
    ],
    [
      [0, 0, 0, 1.2276, 0.9271, 0, 1.479, 2.8933, 0, 1.7356, 1.166, 0, 3.4385, 9.0816, 0, 0, 0.3685, 0, 0, 0, 1.406, 2.2843, 0, 2.2563, 1.7051, 4.1073, 0, 0, 0, 4.6303, 0, 0, 9.637, 0],
      [3.0424, 0, 2.2225, 3.8963, 14.6128, 6.4678, 3.8547, 10.741, 1.8768, 1.5348, 2.5603, 0, 15.8425, 11.6366, 1.2601, 0, 9.7784, 0.3225, 3.5378, 0, 1.4496, 5.405, 3.8769, 16.3888, 6.1101, 5.4839, 2.8252, 0, 0, 0.5052, 15.3177, 0.7671, 30.7591, 0],
      [11.3139, 5.7977, 95.723, 60.2442, 49.5823, 65.8589, 48.5814, 60.9995, 9.8358, 29.5426, 41.7313, 45.4425, 71.2923, 64.6605, 2.0496, 9.1807, 65.6424, 2.1428, 14.6563, 25.6681, 21.3381, 51.8862, 127.3004, 94.6391, 65.1865, 46.5359, 22.6199, 77.8254, 0.8392, 7.4926, 149.9155, 4.051, 88.1857, 13.7014],
      [3.4684, 0, 18.8041, 6.7812, 10.7146, 5.206, 1.2096, 1.6411, 0.0105, 2.7787, 20.0064, 19.4088, 13.089, 13.6353, 0.1076, 4.4187, 8.4752, 0, 4.1498, 0, 13.7559, 23.8987, 28.1458, 9.9609, 18.4603, 33.0479, 0, 5.4871, 0.0196, 4.3045, 44.2915, 2.7401, 11.7849, 7.1015],
      [156.3031, 62.4073, 1030.474, 840.1663, 675.3401, 601.0297, 517.5294, 844.5273, 43.1282, 226.733, 452.772, 600.2699, 741.5849, 613.7918, 21.212, 47.5137, 656.3385, 20.5322, 210.3316, 380.9434, 283.2256, 579.9431, 1491.2649, 1097.3024, 744.6128, 535.7974, 279.5258, 956.4338, 28.1412, 263.834, 1960.2371, 60.3289, 1163.3269, 351.9985],
      [5.8723, 0.795, 19.7764, 16.6844, 14.8231, 12.4376, 5.3459, 11.1978, 1.1487, 6.6752, 8.7641, 5.8787, 9.7528, 11.1942, 0.3707, 1.8869, 11.397, 0.0024, 3.3244, 3.3885, 5.8248, 11.5828, 25.412, 16.4524, 14.9252, 11.0276, 9.0291, 9.2537, 0, 2.2334, 37.2383, 0.1128, 17.3065, 3.1986]
    ],
    [
      [5.3198, 1.6605, 15.1172, 20.93, 17.4389, 22.1356, 21.0731, 32.3527, 0, 12.3105, 20.4153, 31.565, 22.5914, 52.8126, 0, 0.7042, 19.3708, 0.8774, 15.9581, 16.4538, 24.1105, 33.6306, 61.397, 44.1002, 40.0934, 38.0986, 18.9953, 25.3049, 0.9859, 30.9954, 115.5105, 2.7791, 45.2502, 4.024],
      [0.0302, 0.0036, 0.0704, 0.0643, 0.0984, 0.131, 0.0722, 0.1385, 0.0252, 0.0322, 0.0707, 0.0605, 0.1065, 0.2399, 0.0308, 0.0017, 0.0934, 1.3052, 0.1287, 0.0494, 0.0675, 0.1253, 0.2358, 0.2111, 0.1466, 0.1385, 0.1099, 0.0958, 0, 0.0445, 0.4887, 0.0267, 0.2207, 0.0097],
      [0.0267, 0.0063, 0.1436, 0.108, 0.0904, 0.2182, 0.1304, 0.1541, 0.0573, 0.0857, 0.1284, 0.1953, 0.1289, 0.2864, 0.013, 0.0062, 0.1393, 0.0252, 0.0998, 0.1147, 0.1172, 0.1956, 0.4628, 0.2651, 0.2449, 0.1934, 0.123, 0.2112, 0.2775, 0.049, 0.7023, 0.0207, 0.185, 0.0128],
      [1.2083, 0.1259, 5.1157, 4.4877, 3.9173, 6.3937, 3.9672, 5.9474, 0.9619, 2.1298, 5.3394, 8.5361, 4.4879, 9.6887, 0.4793, 0.1629, 4.4464, 0, 4.7504, 3.6833, 5.9614, 8.072, 17.6994, 9.6449, 9.4252, 9.2464, 4.2986, 7.631, 0.3499, 5.6649, 30.4061, 1.1589, 7.7194, 0.9361],
      [1.1918, 0.1841, 4.9537, 4.7976, 3.9521, 6.3623, 4.3957, 6.7743, 0.8249, 2.1, 4.5245, 7.93, 4.306, 8.9761, 0.4456, 0.1058, 4.4583, 0.7371, 4.607, 4.3067, 5.106, 7.1304, 17.275, 9.8033, 8.9954, 7.4352, 4.7626, 8.0467, 0.3708, 5.8297, 29.4285, 0.9852, 7.864, 0.9398],
      [0.2232, 0.0196, 0.5993, 0.6123, 0.5028, 0.7592, 0.3614, 0.6331, 0.1308, 0.3418, 0.5218, 0.713, 0.3794, 0.9963, 0.0312, 0.0192, 0.4918, 0.0552, 0.4559, 0.3922, 0.6374, 0.8462, 1.9301, 0.9754, 1.0946, 0.8879, 0.7106, 0.7104, 0.0159, 0.4165, 3.4639, 0.0296, 0.7608, 0.0776]
    ],
    [
      [0.0457, 0.0839, 0.3522, 0.3876, 0.236, 0.4227, 0.2563, 0.3249, 0, 0.1586, 0.2357, 0.7895, 0.5115, 0.6117, 0, 0.0175, 0.225, 0, 0.1626, 0.3937, 0.3328, 0.4259, 0.5101, 0.9212, 0.4761, 0.7341, 0.4185, 0.4649, 0.0141, 0.1757, 0.7345, 0.0416, 1.2706, 0.186],
      [1.886, 1.8633, 11.9785, 8.6264, 8.6754, 17.826, 6.3715, 9.3434, 0.4872, 3.0397, 6.1435, 11.4089, 15.081, 14.8584, 1.2947, 0.6005, 7.2984, 1.1448, 8.4374, 9.8633, 7.5492, 11.0163, 14.5123, 28.5826, 12.2672, 17.8424, 15.8946, 13.6424, 0, 3.0275, 21.8226, 3.4877, 34.7322, 3.6772],
      [0.458, 0.8087, 6.2169, 3.6171, 2.2528, 7.9996, 2.8473, 2.7692, 0.3013, 1.9618, 2.76, 7.3843, 5.2738, 5.8188, 0.1074, 0.5427, 2.9587, 0.1586, 2.0668, 5.0195, 3.077, 4.5678, 6.9941, 9.8835, 5.2555, 7.0053, 5.2947, 7.2156, 0.2375, 0.5251, 8.1081, 0.7813, 9.1202, 1.154],
      [1.0447, 0.8319, 11.305, 7.695, 4.9418, 12.0629, 4.4895, 5.4955, 0.2538, 2.5051, 5.692, 14.9465, 9.2739, 9.571, 0.1946, 0.715, 4.827, 0, 4.9534, 8.4516, 7.435, 9.2549, 13.7053, 18.3753, 10.2158, 15.6546, 9.6326, 13.4014, 0.65, 2.8533, 17.8, 2.1154, 19.0993, 4.2739],
      [0.1615, 0.2199, 1.7788, 1.3444, 0.7958, 1.9767, 0.8095, 1.0139, 0.0343, 0.3956, 0.7588, 2.252, 1.4157, 1.3798, 0.0268, 0.0631, 0.7807, 0.0426, 0.7642, 1.7749, 0.9556, 1.2696, 2.1676, 3.0413, 1.5559, 1.7591, 1.8222, 2.3533, 0.1143, 0.4728, 2.7751, 0.2769, 3.0664, 0.7005],
      [4.4041, 3.1922, 29.3686, 23.3295, 14.0981, 31.7121, 9.2258, 13.0531, 0.9233, 8.9392, 12.4099, 28.2189, 17.4441, 21.7604, 0.3765, 2.0611, 11.9103, 0.6539, 10.6157, 20.4971, 17.6504, 21.4655, 33.1106, 41.1962, 26.2295, 33.0044, 34.9373, 27.9223, 0.9841, 4.9457, 44.7596, 1.297, 41.7114, 8.0083]
    ]
  ],
  "V_est": [
    [0.7279, 8.8027, 472.0488, 15.7583, 2033.9853, 0.677],
    [7.843, 829.1339, 29.3588, 57.6342, 333.8439, 4.1864],
    [262.8017, 121.0315, 16.3679, 6665.9435, 293.2442, 402.6112],
    [48.3436, 182.0762, 1551.4629, 336.9037, 18538.9008, 314.3129],
    [814.3625, 4.6733, 5.2183, 194.0435, 189.9062, 20.7963],
    [11.9213, 334.2824, 130.5434, 253.7169, 40.1197, 601.4163]
  ],
  "p_est": [
    [0.0003, 0.0035, 0.1864, 0.0062, 0.8033, 0.0003],
    [0.0062, 0.657, 0.0233, 0.0457, 0.2645, 0.0033],
    [0.0339, 0.0156, 0.0021, 0.8588, 0.0378, 0.0519],
    [0.0023, 0.0087, 0.074, 0.0161, 0.884, 0.015],
    [0.6626, 0.0038, 0.0042, 0.1579, 0.1545, 0.0169],
    [0.0087, 0.2436, 0.0951, 0.1849, 0.0292, 0.4384]
  ],
  "EI_Z": {},
  "EI_V": 7.8806,
  "MAE_Z": {},
  "MAE_V": 153.798,
  "MAE_p": 0.0604,
  "runtime": 0.005
}
