{
  "Z_true": {},
  "V_true": [
    [9, 555, 42, 1244, 82],
    [133, 864, 134, 16851, 694],
    [348, 135, 7769, 1113, 418],
    [107, 66, 526, 600, 378],
    [503, 21, 272, 324, 49],
    [105, 57, 253, 837, 702]
  ],
  "p_true": [
    [0.0047, 0.2873, 0.0217, 0.6439, 0.0424],
    [0.0071, 0.0463, 0.0072, 0.9023, 0.0372],
    [0.0356, 0.0138, 0.7941, 0.1138, 0.0427],
    [0.0638, 0.0394, 0.3137, 0.3578, 0.2254],
    [0.4303, 0.018, 0.2327, 0.2772, 0.0419],
    [0.0537, 0.0292, 0.1295, 0.4284, 0.3593]
  ],
  "Z_est": [
    [
      [0.225, 0.3491, 0.1546, 0.2586, 0.8486, 0.1392, 0.3022, 0.24, 0.1941, 0.4812, 0.1726, 0.1249, 0.0936, 0.3272, 0.0543, 0, 0.2945, 0.265, 0.002, 1.9591, 0.0006, 0.1087, 0.1161, 0.1554, 0.0006, 0.1317, 1.2754, 0.3086, 0.1782, 0.5033, 0.3848, 0.6459, 0.0233, 0.5186, 0.3784, 0.0012, 0.1375, 0.1544, 1.8211, 0.5142, 0.1251, 0.1415, 0.1487, 0.1245, 0.0555, 0.8058, 0.0002, 1.2832, 0.0016],
      [24.1181, 16.0915, 13.7037, 27.6877, 16.1375, 12.1261, 29.1051, 21.5515, 18.9309, 36.881, 14.8668, 10.4419, 10.0721, 32.3403, 5.8757, 3.1552, 3.7971, 26.4044, 12.299, 21.8331, 9.8398, 9.7998, 12.5911, 16.7875, 12.9149, 13.4094, 127.6235, 33.5771, 15.6556, 47.9559, 36.9529, 57.9698, 0.9493, 49.9879, 35.7897, 13.7037, 5.691, 16.7885, 171.1548, 52.8488, 11.3773, 13.3693, 13.3293, 13.4298, 4.6927, 68.1722, 7.5849, 139.3425, 29.1852],
      [0.6992, 4.5495, 0.48, 0.55, 1.2279, 0.4922, 1.0036, 2.9156, 1.1226, 5.1068, 0.9975, 0.6385, 0.1966, 1.9682, 0.1147, 0.0905, 0.3068, 0.9517, 0.8823, 1.1588, 0.4819, 0.3593, 0.2457, 0.3276, 0.4237, 0.2785, 4.0038, 0.6553, 0.6366, 1.6244, 1.3896, 1.8058, 0.8373, 2.5552, 1.9905, 0.7749, 1.0288, 0.3276, 5.183, 1.2825, 1.0651, 0.5172, 0.4661, 0.2621, 0.392, 10.0804, 0.3365, 2.7194, 0.7535],
      [3.8611, 23.8599, 5.595, 4.3936, 7.6993, 5.1825, 8.4591, 6.1896, 3.6723, 19.3244, 5.8898, 4.7413, 1.5977, 6.2275, 0.932, 0.7105, 5.4688, 6.2655, 5.7533, 15.9123, 2.6343, 3.6856, 1.9971, 2.6628, 5.5975, 3.1237, 32.5439, 5.3256, 6.4529, 14.6997, 11.106, 23.2985, 1.1802, 12.7183, 9.6813, 5.4536, 7.9228, 2.6628, 59.0476, 12.1312, 3.3791, 3.9119, 4.9925, 2.1303, 1.8365, 24.5949, 4.0384, 22.1014, 6.9364],
      [0.0967, 0.15, 0.0667, 0.11, 0.0867, 0.06, 0.13, 0.1034, 0.08, 0.2067, 0.0733, 0.0533, 0.04, 0.1367, 0.0233, 0.0438, 0.1328, 0.1134, 0.0633, 0.1367, 0.0433, 0.0467, 0.05, 0.0667, 0.0633, 0.0567, 0.5535, 0.1334, 0.0767, 0.2167, 0.1667, 0.2801, 0.01, 0.22, 0.16, 0.0667, 1.22, 0.0667, 0.7935, 0.2234, 0.0533, 0.06, 0.0633, 0.0533, 0.0233, 0.3467, 0.04, 0.5535, 0.1234]
    ],
    [
      [2.162, 7.5435, 1.7084, 5.6358, 5.257, 1.0006, 4.2694, 3.4431, 9.2846, 0.0434, 2.3809, 0.0148, 1.3891, 6.963, 2.9253, 0, 0.0763, 4.9305, 0.0099, 2.4173, 0.003, 0.0099, 1.5256, 3.0493, 0.003, 0.7564, 6.2954, 0.0187, 2.7359, 3.6921, 3.1725, 6.3547, 0.002, 18.4303, 9.9754, 0.0059, 0.6421, 0.0099, 0.0365, 1.6184, 1.4736, 1.4262, 6.2453, 3.324, 2.6059, 3.8054, 0.001, 18.1575, 0.0079],
      [5.847, 0.0767, 0.2432, 6.3494, 0.0767, 0.0587, 3.5048, 0.6022, 2.3247, 0.176, 0.0722, 0.0496, 1.3873, 3.7442, 5.4596, 0.2737, 0.018, 4.1538, 0.0587, 0.1038, 1.0454, 0.3951, 4.6542, 4.8597, 0.1956, 2.0697, 21.0747, 13.2411, 0.0767, 3.7664, 4.2881, 2.0035, 0.0045, 4.8417, 2.6111, 0.0677, 0.0271, 4.2934, 10.3012, 5.0935, 0.3572, 1.3503, 0.6297, 5.3701, 0.0226, 0.3249, 0.0361, 29.9802, 3.6052],
      [2.4127, 2.2311, 0.26, 1.4645, 5.4828, 0.609, 10.7163, 9.7452, 6.5643, 19.618, 8.0384, 3.0705, 2.129, 2.2124, 0.0682, 0.0426, 0.1218, 0.6735, 2.5977, 3.6709, 10.1304, 0.2217, 0.2704, 5.2057, 0.9409, 3.0062, 7.2893, 11.6653, 3.9349, 0.9549, 0.5456, 0.7332, 0.9569, 6.2063, 16.7449, 3.0011, 1.0468, 14.1075, 8.2934, 0.3154, 7.4937, 0.3794, 3.0134, 5.8257, 5.8955, 27.0865, 1.5565, 3.7726, 0.2515],
      [586.9533, 432.8253, 390.7276, 432.274, 428.491, 219.5837, 535.9434, 195.5435, 364.1911, 637.5712, 319.9985, 211.8384, 157.3662, 647.0552, 35.6068, 23.5993, 8.4982, 328.6182, 135.918, 281.2312, 113.8992, 184.0261, 134.0354, 226.7607, 154.3727, 77.3864, 1003.6842, 406.9395, 148.9935, 422.4753, 351.6022, 355.5703, 35.0665, 978.3951, 605.5666, 187.7313, 80.322, 220.7756, 869.2222, 244.1548, 110.9214, 206.127, 208.536, 190.639, 244.6639, 906.0407, 157.2676, 1044.0098, 98.3842],
      [58.625, 37.3234, 27.0607, 48.2763, 29.6925, 26.748, 66.5661, 30.666, 48.6352, 59.5915, 34.51, 24.0267, 20.7285, 76.0251, 2.9401, 3.0844, 1.2856, 23.624, 11.4159, 28.5768, 11.922, 29.3473, 17.5144, 21.1247, 18.4879, 15.7812, 90.6565, 47.1354, 14.259, 54.1114, 40.3916, 40.3384, 6.9701, 105.1266, 45.1019, 21.194, 9.9621, 23.8136, 96.1468, 16.8178, 13.7542, 28.7171, 19.5756, 23.8412, 40.8121, 72.7425, 17.1389, 177.0799, 4.7512]
    ],
    [
      [5.7104, 9.2583, 3.2756, 11.8128, 16.3196, 3.2351, 7.3445, 5.9342, 16.4371, 13.1791, 8.7101, 3.8128, 3.3297, 23.5642, 2.0204, 0, 0.6292, 9.8867, 2.277, 10.9434, 0.6831, 2.299, 2.622, 4.0102, 0.6831, 4.2505, 16.1576, 6.0276, 4.6269, 13.9568, 7.0387, 8.9491, 0.4554, 25.4001, 20.2556, 1.3662, 1.6377, 2.9057, 10.0886, 5.0898, 5.0749, 6.0997, 5.2919, 3.5438, 3.7822, 21.7647, 0.2277, 27.9858, 1.8216],
      [1.9652, 0.7756, 1.0212, 2.8717, 0.7756, 0.7845, 2.3186, 1.7975, 2.6058, 1.7794, 0.9962, 0.5019, 2.2991, 4.7045, 0.6437, 0.2402, 0.1825, 2.3668, 0.5931, 1.0494, 1.0938, 0.7617, 1.725, 1.3092, 0.8697, 1.4877, 9.0947, 3.0943, 1.2299, 5.1562, 2.7051, 3.9448, 0.0456, 6.0212, 4.4445, 1.1898, 0.2737, 2.8716, 16.3108, 8.9716, 1.2186, 1.2063, 1.0067, 1.1675, 0.268, 3.285, 0.365, 17.4045, 3.8667],
      [83.9822, 117.2261, 56.4528, 206.5669, 302.2533, 74.2212, 126.5125, 126.4905, 270.4371, 593.5617, 237.5633, 95.3307, 170.5362, 493.5267, 15.4391, 9.5492, 10.4571, 149.6034, 80.5788, 178.9312, 54.2971, 44.9284, 37.3141, 43.7515, 41.5737, 133.8101, 334.3044, 145.3858, 95.624, 210.7823, 120.9549, 162.8846, 75.9359, 564.7523, 446.1932, 109.1825, 55.8915, 134.3126, 482.4361, 67.8616, 113.8289, 80.3379, 54.9447, 43.3063, 101.8193, 520.4444, 51.8622, 529.4467, 54.7572],
      [9.6026, 8.7466, 7.3599, 20.4667, 31.3405, 6.7488, 9.4388, 9.1871, 19.7586, 54.256, 22.8673, 6.8589, 14.187, 59.0659, 1.5914, 1.9616, 3.5433, 14.6072, 7.245, 14.0893, 3.8385, 3.398, 5.7172, 3.398, 3.549, 1.2643, 24.6668, 10.6344, 6.9218, 31.7943, 11.1834, 33.5009, 8.4201, 66.5753, 38.9208, 9.3259, 7.1565, 9.5647, 47.0859, 6.5384, 8.1803, 9.0258, 4.216, 3.335, 7.2994, 37.1889, 5.2687, 50.988, 4.8014],
      [3.7396, 2.9933, 1.8905, 4.282, 4.311, 2.0104, 4.3856, 2.5908, 4.7615, 8.2238, 3.8631, 2.4957, 5.6479, 8.1386, 0.3054, 0.249, 0.1879, 2.5359, 1.3061, 2.9869, 1.0875, 2.613, 4.6218, 1.5312, 1.3245, 7.1874, 7.7766, 3.8578, 1.5974, 5.3103, 3.1178, 3.7206, 2.143, 10.2511, 6.1859, 1.9356, 1.0406, 2.3455, 9.0787, 1.5385, 1.6973, 2.3303, 1.5407, 1.6474, 2.8311, 8.3171, 2.2764, 13.1749, 0.753]
    ],
    [
      [0, 0, 0, 0, 0, 0, 0, 0, 0, 0, 0, 0, 0, 0, 0, 0, 0, 0, 0, 0, 0, 0, 0, 0, 0, 0, 0, 0, 0, 0, 0, 0, 0, 0, 0, 0, 0, 0, 0, 0, 0, 0, 0, 0, 0, 0, 0, 0, 0],
      [0.0191, 0.0101, 0.009, 0.0221, 0.0101, 0.0078, 0.0209, 0.0143, 0.0143, 0.0233, 0.0096, 0.0066, 0.2163, 0.0245, 0.0211, 0.0024, 0.0024, 0.0197, 0.0078, 0.0137, 0.0072, 0.0066, 0.0113, 0.0137, 0.0084, 0.0101, 0.0943, 0.0298, 0.0101, 0.034, 0.0263, 0.0382, 0.0006, 0.0364, 0.0257, 0.009, 0.0036, 0.0143, 0.1182, 0.04, 0.0078, 0.0096, 0.009, 0.0119, 0.003, 0.043, 0.0048, 0.1116, 0.0221],
      [0.0998, 0.139, 0.0647, 0.2314, 0.3407, 0.0838, 0.155, 0.1528, 0.3099, 0.6792, 0.2706, 0.1146, 0.6336, 0.5508, 0.2249, 0.0106, 0.0117, 0.1677, 0.0955, 0.207, 0.5497, 0.0552, 0.0425, 0.0562, 0.0529, 1.4437, 0.3842, 0.1794, 0.2354, 0.2377, 0.1358, 0.1825, 0.0849, 0.6262, 0.5116, 0.1252, 0.0626, 0.1634, 0.5455, 0.0785, 1.1585, 0.6588, 0.0658, 2.5894, 0.1178, 0.6166, 0.0594, 0.5922, 0.0626],
      [42.8428, 31.6425, 17.111, 37.5529, 43.4701, 21.3893, 37.6305, 21.3137, 35.7636, 64.5993, 38.3854, 18.782, 14.6164, 51.838, 3.191, 3.4239, 1.7044, 17.8565, 11.926, 19.5417, 13.1909, 13.686, 12.8347, 22.2701, 18.8419, 17.4493, 100.9111, 37.5971, 19.5168, 37.5345, 28.1926, 45.3187, 5.9291, 80.1054, 40.706, 11.8951, 5.9484, 18.7254, 74.0897, 14.4885, 16.0184, 19.9533, 20.5469, 18.8795, 19.6416, 77.5307, 10.2466, 82.6419, 4.2115],
      [7.0383, 5.2083, 2.8153, 6.1937, 7.1791, 3.5191, 6.1937, 3.5191, 5.9122, 10.6982, 6.3345, 3.0968, 2.5338, 8.5867, 0.5631, 0.5631, 0.2815, 2.9561, 1.9707, 3.2376, 2.2523, 2.2523, 2.1115, 3.6599, 3.0968, 3.0968, 16.6104, 6.1937, 3.2376, 6.1937, 4.6453, 7.4606, 0.9854, 13.232, 6.7568, 1.9707, 0.9854, 3.0968, 12.2466, 2.393, 2.8153, 3.3784, 3.3784, 3.5191, 3.2376, 12.8097, 1.6892, 13.6543, 0.7038]
    ],
    [
      [11.9026, 13.8491, 5.8613, 18.2928, 24.5748, 5.6251, 13.084, 9.3827, 31.0842, 30.2963, 13.7364, 11.0475, 6.1876, 44.1455, 0, 0, 0, 14.9178, 7.7112, 22.6802, 2.3133, 7.5825, 4.7363, 7.7851, 2.3133, 5.8613, 28.2717, 12.6451, 7.4589, 21.8478, 8.404, 13.0503, 1.5194, 34.651, 33.3906, 4.6267, 1.5828, 6.93, 25.0538, 10.7776, 9.3264, 14.3326, 8.314, 6.0076, 4.5564, 40.6241, 0.7711, 44.5735, 6.1689],
      [0.0506, 0.046, 0.023, 0.0691, 0, 0.023, 0.0506, 0.0345, 0.1243, 0.1404, 0.0553, 0, 0.0253, 0.1865, 0, 0.3285, 0, 0.0553, 0.0414, 0, 0.0138, 0.0368, 0.0184, 0.0299, 0.0115, 0.023, 0.1128, 0.0576, 0.0276, 0.0875, 0.0276, 0.0437, 0, 0.1128, 0.1289, 0.0299, 0.0046, 0.0322, 0.1151, 0.046, 0.0391, 0.0645, 0.0253, 0.0207, 0.0138, 0.175, 0.0092, 0.1612, 0.3208],
      [4.1199, 4.2234, 2.0645, 6.5608, 9.2086, 2.2534, 4.6657, 3.6478, 11.2562, 15.4053, 6.0946, 6.9988, 3.4349, 16.9837, 0, 0.2474, 0, 5.0765, 4.8147, 9.2721, 1.9212, 2.8246, 1.5592, 2.4078, 1.1844, 2.5817, 10.7783, 6.6018, 2.8007, 7.7632, 2.8018, 4.5114, 1.9791, 11.106, 13.0348, 4.122, 0.2848, 3.6103, 12.5161, 3.6252, 3.7647, 5.1713, 1.958, 1.8696, 1.0465, 16.9224, 1.4642, 15.8264, 2.6132],
      [5.8447, 1.8068, 2.0138, 4.9654, 7.0637, 2.0612, 4.1176, 1.879, 11.3338, 14.9304, 4.0241, 4.8679, 1.3111, 19.3822, 0, 0.4203, 0, 3.8609, 5.3656, 9.891, 1.7293, 5.4964, 1.6562, 2.7286, 1.4721, 1.4966, 9.6544, 5.6023, 1.668, 8.1598, 0.7218, 1.3237, 2.8902, 2.9475, 9.2368, 4.1728, 0.1203, 3.3752, 12.1284, 5.4766, 3.8064, 8.3272, 0.6617, 1.0685, 0.3609, 17.995, 1.7406, 9.1779, 4.8449],
      [0.0821, 0.0746, 0.0373, 0.1119, 0.1529, 0.0373, 0.0821, 0.056, 0.2014, 0.2276, 0.0895, 0.0858, 0.041, 0.3022, 0, 0.0037, 0, 0.0895, 0.0671, 0.1567, 0.0224, 0.0597, 0.0298, 0.0485, 0.0187, 0.0373, 0.1828, 0.0933, 0.0448, 0.1418, 0.0448, 0.0709, 1.6113, 0.1828, 0.2089, 0.0485, 0.0075, 0.0522, 0.1865, 0.0746, 0.0634, 0.1045, 0.041, 0.0336, 0.0224, 0.2835, 0.0149, 0.2611, 0.0522]
    ],
    [
      [0, 0, 0, 0, 0, 0, 0, 0, 0, 0, 0, 0, 0, 0, 0, 0, 0, 0, 0, 0, 0, 0, 0, 0, 0, 0, 0, 0, 0, 0, 0, 0, 0, 0, 0, 0, 0, 0, 0, 0, 0, 0, 0, 0, 0, 0, 0, 0, 0],
      [0, 0, 0, 0, 0, 0, 0, 0, 0, 0, 0, 0, 0, 0, 0, 0, 0, 0, 0, 0, 0, 0, 0, 0, 0, 0, 0, 0, 0, 0, 0, 0, 0, 0, 0, 0, 0, 0, 0, 0, 0, 0, 0, 0, 0, 0, 0, 0, 0],
      [2.6862, 2.6308, 1.6779, 2.6264, 2.4868, 1.3403, 2.9468, 1.0482, 2.3097, 5.629, 2.0355, 1.8469, 1.0697, 3.7581, 0.1531, 0.0596, 0.1027, 1.5271, 1.031, 1.7601, 0.6197, 3.6109, 0.5681, 1.2512, 0.8245, 0.8797, 5.24, 4.5124, 0.7685, 2.6375, 2.1721, 1.8825, 0.206, 4.7541, 3.5251, 0.7943, 0.6855, 1.4786, 5.0259, 0.8367, 0.6891, 1.9355, 1.552, 2.1469, 1.7289, 5.8498, 0.7212, 5.6426, 0.5619],
      [54.8954, 52.1189, 34.1926, 48.3474, 40.9354, 26.0346, 58.4106, 16.8871, 38.2806, 96.3188, 33.835, 35.9115, 15.9216, 60.4312, 2.6788, 0.8843, 1.7853, 26.7917, 18.7922, 30.3345, 10.7078, 24.7079, 10.7594, 25.1797, 16.1668, 13.2797, 99.5396, 55.9011, 12.447, 48.3364, 42.194, 33.988, 4.5138, 79.2584, 56.8884, 12.4212, 12.5299, 25.8963, 88.4262, 15.2106, 9.6944, 38.6549, 22.047, 29.9478, 33.1977, 103.6497, 13.4382, 100.081, 9.8216],
      [3.4184, 3.2503, 2.1295, 3.0261, 2.5778, 1.6251, 3.6425, 1.0647, 2.4097, 6.0522, 2.1295, 2.2416, 1.0087, 3.8107, 0.1681, 0.056, 0.1121, 1.6812, 1.1768, 1.9053, 0.6725, 1.6812, 0.6725, 1.5691, 1.0087, 0.8406, 6.2203, 3.5865, 0.7845, 3.0261, 2.6338, 2.1295, 0.2802, 4.9875, 3.5865, 0.7845, 0.7845, 1.6251, 5.5479, 0.9527, 0.6164, 2.4097, 1.401, 1.9053, 2.0734, 6.5005, 0.8406, 6.2764, 0.6164]
    ]
  ],
  "V_est": [
    [16.5297, 1399.8927, 68.2574, 439.5823, 7.738],
    [156.8385, 161.1668, 232.5744, 16341.403, 1784.0173],
    [371.7764, 132.6617, 8312.1442, 786.68, 179.7377],
    [0, 1.2353, 16.2178, 1423.4827, 236.0642],
    [659.8554, 3.0436, 264.979, 235.1797, 5.9424],
    [0, 0, 101.8273, 1742.6723, 109.5004]
  ],
  "p_est": [
    [0.0086, 0.7246, 0.0353, 0.2275, 0.004],
    [0.0084, 0.0086, 0.0125, 0.875, 0.0955],
    [0.038, 0.0136, 0.8497, 0.0804, 0.0184],
    [0, 0.0007, 0.0097, 0.8488, 0.1408],
    [0.5645, 0.0026, 0.2267, 0.2012, 0.0051],
    [0, 0, 0.0521, 0.8918, 0.056]
  ],
  "EI_Z": {},
  "EI_V": 12.9125,
  "MAE_Z": {},
  "MAE_V": 302.9361,
  "MAE_p": 0.1111,
  "runtime": 1.2587
}
