{
  "X": [
    [1, 31, 12, 16, 20, 99, 160, 4],
    [3, 11, 22, 9, 15, 83, 121, 10],
    [7, 9, 31, 49, 41, 106, 127, 14],
    [12, 12, 17, 31, 37, 91, 140, 6],
    [22, 26, 52, 60, 46, 167, 205, 17],
    [13, 36, 44, 34, 56, 227, 244, 13],
    [3, 37, 15, 18, 31, 119, 167, 10],
    [8, 22, 21, 27, 25, 115, 179, 15],
    [7, 40, 27, 41, 36, 135, 199, 12],
    [10, 53, 41, 52, 35, 174, 193, 11],
    [9, 22, 48, 60, 68, 166, 144, 18],
    [15, 8, 36, 25, 14, 39, 57, 6],
    [21, 26, 88, 63, 53, 111, 136, 10],
    [14, 12, 49, 45, 46, 104, 104, 8],
    [9, 14, 28, 37, 56, 110, 124, 15],
    [13, 17, 35, 30, 41, 103, 121, 13],
    [15, 18, 27, 49, 68, 143, 132, 9],
    [9, 11, 37, 45, 44, 127, 142, 12],
    [13, 27, 33, 63, 60, 134, 172, 7],
    [9, 13, 25, 40, 50, 84, 83, 6],
    [16, 10, 27, 49, 62, 102, 109, 9],
    [14, 10, 41, 94, 90, 113, 97, 4],
    [8, 7, 48, 61, 40, 73, 109, 7],
    [27, 10, 39, 94, 72, 144, 117, 7],
    [10, 15, 62, 89, 101, 80, 115, 6],
    [18, 15, 56, 72, 64, 117, 125, 5],
    [11, 8, 27, 46, 40, 89, 86, 0],
    [16, 8, 41, 63, 58, 103, 83, 0],
    [15, 2, 35, 34, 17, 55, 47, 2],
    [40, 3, 19, 35, 54, 83, 84, 4],
    [40, 11, 25, 40, 55, 76, 90, 6],
    [46, 5, 25, 67, 84, 90, 96, 6],
    [27, 5, 24, 57, 31, 62, 68, 4],
    [13, 7, 16, 50, 71, 76, 64, 3],
    [13, 14, 13, 34, 79, 92, 69, 4],
    [11, 16, 19, 33, 56, 147, 122, 3],
    [3, 31, 28, 30, 43, 137, 106, 11],
    [11, 25, 14, 43, 55, 122, 139, 6],
    [16, 20, 31, 37, 68, 130, 151, 9],
    [4, 5, 29, 41, 50, 75, 95, 7],
    [20, 18, 24, 59, 45, 84, 121, 5],
    [8, 21, 13, 32, 36, 79, 76, 7],
    [4, 8, 17, 64, 54, 85, 73, 1],
    [9, 12, 35, 44, 45, 83, 102, 9],
    [2, 12, 8, 19, 43, 73, 61, 6],
    [5, 7, 5, 36, 43, 48, 59, 2],
    [11, 5, 16, 53, 51, 78, 88, 3],
    [9, 6, 24, 66, 50, 70, 66, 3],
    [10, 18, 17, 49, 75, 141, 100, 3],
    [3, 13, 15, 22, 23, 61, 59, 6],
    [3, 20, 10, 12, 22, 68, 81, 2],
    [4, 13, 14, 27, 16, 85, 103, 8],
    [1, 27, 10, 5, 16, 65, 113, 6],
    [4, 20, 13, 24, 41, 42, 62, 8],
    [2, 10, 15, 27, 46, 50, 59, 7],
    [1, 14, 13, 19, 31, 79, 79, 4],
    [5, 19, 17, 32, 37, 80, 91, 10],
    [3, 52, 19, 17, 18, 119, 276, 7],
    [2, 7, 31, 47, 43, 83, 107, 6],
    [4, 34, 10, 4, 6, 57, 114, 6],
    [3, 46, 17, 17, 6, 75, 145, 9],
    [2, 18, 21, 22, 17, 61, 64, 4],
    [57, 87, 272, 283, 175, 599, 854, 51]
  ],
  "W": [
    [8, 8, 8, 14, 95, 154, 56],
    [14, 16, 11, 8, 85, 104, 36],
    [14, 35, 39, 48, 102, 107, 39],
    [12, 16, 42, 33, 93, 119, 31],
    [10, 56, 51, 61, 166, 175, 76],
    [25, 36, 41, 33, 231, 220, 81],
    [15, 14, 18, 22, 123, 142, 66],
    [15, 19, 24, 18, 107, 150, 79],
    [19, 24, 24, 38, 136, 188, 68],
    [13, 35, 31, 50, 177, 183, 80],
    [15, 51, 58, 58, 159, 127, 67],
    [0, 39, 10, 30, 48, 45, 28],
    [10, 81, 49, 51, 128, 132, 57],
    [11, 58, 48, 48, 113, 78, 26],
    [11, 32, 46, 42, 106, 111, 45],
    [14, 33, 37, 27, 97, 124, 41],
    [11, 27, 56, 54, 141, 123, 49],
    [12, 41, 36, 43, 114, 127, 54],
    [17, 37, 61, 51, 130, 154, 59],
    [8, 23, 51, 43, 81, 74, 30],
    [13, 26, 57, 52, 107, 91, 38],
    [9, 38, 78, 93, 119, 97, 29],
    [9, 43, 41, 65, 74, 94, 27],
    [9, 46, 71, 90, 159, 101, 34],
    [9, 56, 77, 87, 87, 114, 48],
    [10, 60, 68, 71, 119, 108, 36],
    [12, 28, 46, 43, 89, 74, 15],
    [12, 52, 49, 61, 110, 59, 29],
    [5, 42, 16, 37, 50, 44, 13],
    [7, 19, 54, 45, 93, 79, 25],
    [12, 36, 49, 45, 103, 68, 30],
    [11, 35, 67, 80, 102, 82, 42],
    [9, 27, 39, 47, 70, 58, 28],
    [19, 18, 62, 49, 75, 54, 23],
    [12, 15, 60, 47, 92, 58, 34],
    [14, 16, 46, 37, 135, 121, 38],
    [15, 30, 35, 30, 128, 103, 48],
    [15, 14, 48, 39, 116, 123, 60],
    [23, 27, 55, 45, 116, 153, 43],
    [6, 23, 44, 36, 80, 79, 38],
    [13, 26, 45, 71, 80, 111, 30],
    [9, 14, 33, 28, 74, 78, 36],
    [11, 17, 51, 56, 85, 64, 22],
    [10, 31, 42, 37, 88, 93, 38],
    [14, 9, 30, 22, 71, 53, 25],
    [6, 7, 39, 38, 48, 50, 17],
    [6, 18, 51, 51, 81, 70, 28],
    [13, 24, 47, 61, 75, 51, 23],
    [14, 13, 57, 44, 138, 98, 49],
    [10, 11, 20, 18, 67, 50, 26],
    [8, 10, 23, 13, 64, 71, 29],
    [8, 16, 15, 22, 80, 94, 35],
    [11, 5, 9, 4, 68, 91, 55],
    [5, 9, 28, 24, 54, 64, 30],
    [4, 16, 31, 20, 63, 63, 19],
    [13, 9, 24, 20, 75, 65, 34],
    [9, 17, 31, 29, 80, 78, 47],
    [18, 20, 11, 18, 133, 225, 86],
    [8, 24, 39, 44, 82, 84, 45],
    [9, 12, 6, 4, 51, 110, 43],
    [12, 14, 8, 14, 67, 137, 66],
    [3, 22, 14, 28, 62, 66, 14],
    [62, 258, 168, 259, 600, 753, 278]
  ],
  "method": "mult",
  "cond_prob": [
    [
      [8.5730373845e-05, 0.014172886795, 0.0024126837561, 0.0049253003109, 0.14440889322, 0.58554915652, 0.24791602477, 0.00052932424701],
      [0.033259298557, 0, 0.91395771361, 0.044605196371, 0.00043687310511, 0.0031025204078, 0.0028629067542, 0.0017754911913],
      [0.021405224406, 0, 5.9353299974e-05, 0.055631612232, 0.91590410711, 0.0067453099522, 0.00025439299993, 0],
      [0.030629938404, 0, 0.0016503490854, 0.87356014052, 0.085819357415, 0.007479145235, 0.00086106934157, 0],
      [0.0013210424741, 0.00047153436674, 0.013614730289, 0.022779019486, 0.088632380875, 0.74210772293, 0.1295061154, 0.0015674541838],
      [4.4421186331e-05, 0.10246947596, 0.016000509855, 0.0023716215085, 0.0086107812731, 0.11024587935, 0.75377167423, 0.0064856366361],
      [1.498103417e-05, 0.2689557472, 0.015856771649, 0.0071361535353, 0.010114169812, 0.11882173166, 0.52849570784, 0.050604737269]
    ],
    [
      [0.00023576852323, 0.0083167247869, 0.0053658139875, 0.0035064123112, 0.10107811625, 0.5917166161, 0.28745703293, 0.0023235151223],
      [0.06794127227, 0.00024972506391, 0.89558519268, 0.026158948826, 0, 0, 0.0045241139891, 0.0055407471741],
      [0.078963758202, 0.00017168590178, 0.0018419544108, 0.063221152227, 0.84650187688, 0.0073463605668, 0.0018300301634, 0.00012318165168],
      [0.091739165372, 0.00012486248023, 0.0038702396953, 0.83145076918, 0.063771140564, 0.0068594919025, 0.0020930278625, 9.1302943005e-05],
      [0.00360869516, 0.013963314432, 0.032119013816, 0.012273958587, 0.043426425915, 0.72879069523, 0.15805399745, 0.0077638994186],
      [0, 0.045517968537, 0.037481100378, 0, 0, 0.086207684927, 0.80507343822, 0.025719807942],
      [1.0698126582e-05, 0.13766478757, 0.025448374768, 0.0039456038507, 0.0019991777681, 0.10187425407, 0.54733649453, 0.18172060931]
    ],
    [
      [0, 0.0060803777615, 0.00074931413249, 0.0047175224237, 0.10026386511, 0.61606023383, 0.26924156961, 0.002887117135],
      [0.061830949986, 0.00042979004466, 0.86421623143, 0.048041394176, 0, 0.0069993055668, 0.0083734418007, 0.010108886992],
      [0.054394202923, 0.00047890875577, 0, 0.077654905764, 0.84707751524, 0.013613487565, 0.0060543548605, 0.00072662489151],
      [0.054756512849, 0.00058942615876, 0, 0.87074544754, 0.052467937273, 0.012635731534, 0.007910060631, 0.00089488400988],
      [0.00084539431129, 0.0099049662747, 0.0020165198807, 0.020611318722, 0.039440516249, 0.76681873992, 0.15031371689, 0.010048827749],
      [0, 0.035335864904, 0.0013468556723, 0.00077545645281, 0, 0.12278095949, 0.80599622242, 0.033764641068],
      [0, 0.10414405277, 0.010054946595, 0.006227044433, 0.0004843371184, 0.11896578887, 0.53200384336, 0.22811998686]
    ],
    [
      [1.2308114376e-05, 0.0087604711125, 0.0025323625615, 0.0039775081115, 0.091757804243, 0.59103805323, 0.30052907615, 0.001392416477],
      [0.13297479951, 0.00032803381628, 0.81552355541, 0.03725459458, 0, 0.0021804972773, 0.0075667677262, 0.0041717516742],
      [0.1277909635, 0.004407330777, 7.7935073846e-05, 0.069066684289, 0.77870151788, 0.0076017331013, 0.01214767819, 0.00020615718665],
      [0.13651621343, 0.00067656939377, 0.0017512830731, 0.79490126202, 0.049638296666, 0.0061255131891, 0.010228062081, 0.00016280014325],
      [0, 0.033375742775, 0.015017874652, 0.01185060391, 0.016724503314, 0.73875555485, 0.17959965894, 0.0046760615607],
      [0, 0.032544644292, 0.016577078206, 0, 0, 0.094258634634, 0.84120387669, 0.015415766182],
      [0, 0.15178820562, 0.015833370934, 0.003920898032, 0, 0.11065150183, 0.6006072472, 0.11719877639]
    ],
    [
      [0.00021625794117, 0.0098823710035, 0.0024947792246, 0.0048574338384, 0.086126949294, 0.62951852019, 0.26508253032, 0.0018211581886],
      [0.12897189086, 0.00049260836206, 0.81158591877, 0.040881781576, 0, 0.0055429755037, 0.0065688448927, 0.0059559800391],
      [0.13353300301, 0.00044862529679, 0, 0.079344287355, 0.76993861249, 0.012710251605, 0.0037446957622, 0.00028052448113],
      [0.12740888361, 0.00053659103649, 0.001461170627, 0.8099649337, 0.044980825202, 0.010410833889, 0.0049009565847, 0.00033580534961],
      [0.0011643763803, 0.020553978427, 0.013771982169, 0.020550402695, 0.018843559836, 0.77480807815, 0.14396156548, 0.0063460568619],
      [0, 0.053976135537, 0.017087128501, 0.0018428410799, 0, 0.12101953911, 0.78400067871, 0.022073677062],
      [0, 0.17052887027, 0.015272537111, 0.0062337137624, 0, 0.12256005465, 0.53149530137, 0.15390952284]
    ],
    [
      [0.00035056432451, 0.011588253224, 0.0035826938227, 0.0039625659609, 0.11398262716, 0.61349682907, 0.25186014075, 0.0011763256941],
      [0.10518244799, 0, 0.85333961896, 0.032762370087, 0.00022213930005, 0.0030526321105, 0.0020167147544, 0.0034240768005],
      [0.096241314963, 0, 0.0012990875844, 0.057904795885, 0.83575177684, 0.0088030247228, 0, 0],
      [0.12142238387, 0, 0.0031620623129, 0.794871056, 0.071512958935, 0.0085340176894, 0.00049752118971, 0],
      [0.0051218911328, 0.00035261218124, 0.023117808951, 0.015977855746, 0.06653492552, 0.75977559208, 0.12564178703, 0.0034775273596],
      [0.00027015175439, 0.083073236945, 0.027208354386, 0, 0.0028482570908, 0.11602030436, 0.75599620983, 0.014583485634],
      [0.00011413512865, 0.21423121145, 0.021068443111, 0.0052563502606, 0.0064259562424, 0.1219445579, 0.52187725414, 0.10908209177]
    ],
    [
      [0, 0.01753841828, 0.0014433218013, 0.0021285186969, 0.13135814801, 0.57890611883, 0.26714750882, 0.0014779655598],
      [0.065195842109, 0.00076551886334, 0.88433789505, 0.036318503571, 0.00022457277271, 0.0025264795232, 0.0057098129733, 0.0049213751385],
      [0.041184691578, 0.00098423801115, 0, 0.045089513534, 0.90290688045, 0.0062726538695, 0.0032927000553, 0.0002693225015],
      [0.061178807366, 0.07074803808, 0.00090354244278, 0.75672736027, 0.09744161655, 0.0078751885442, 0.0047952977785, 0.00033014896766],
      [0, 0.013700110503, 0.0069879004286, 0, 0.079100544886, 0.73429173183, 0.16003807588, 0.0058816364681],
      [0, 0.10666148737, 0.0077872896634, 0, 0.003187133363, 0.092640006189, 0.77307752644, 0.016646556974],
      [0, 0.27759073547, 0.0092793155097, 0, 0.0067955210635, 0.098819874128, 0.50433928403, 0.10317526979]
    ],
    [
      [0.00043608033189, 0.0088857558519, 0.0025812601035, 0.0078420492573, 0.093332671573, 0.61538955942, 0.26992935947, 0.001603263991],
      [0.12843761654, 0, 0.80710679677, 0.054298378875, 0, 0.0024352644276, 0.0027714692313, 0.0049504741548],
      [0.12370234575, 0, 0.0002213324938, 0.099150326405, 0.76782433333, 0.0087534679307, 0.00034819409081, 0],
      [0.099881606716, 0, 0.0014138241415, 0.85205787228, 0.040570668522, 0.0053948290103, 0.00068119932497, 0],
      [0.0061711851403, 0.0080710005422, 0.014962798926, 0.039297166674, 0.040656068541, 0.75016901138, 0.13595276541, 0.0047200033934],
      [0.0006528927554, 0.055995818026, 0.018116933816, 0.017693755539, 0, 0.10641383158, 0.78204425392, 0.01908251437],
      [0.00035655871367, 0.15954106203, 0.016163690988, 0.016141650161, 0.0011614501177, 0.11627262631, 0.54461011975, 0.14575284193]
    ],
    [
      [0.00026247991495, 0.016274795059, 0.0025268448015, 0.0058405743621, 0.12233853807, 0.58941088135, 0.2618153912, 0.0015304952424],
      [0.082549566111, 0.00046720396636, 0.86143826334, 0.045956228884, 0.00015994457398, 0.0012070843651, 0.003706744695, 0.004514964061],
      [0.066038053537, 0.00046720365295, 0, 0.070582302153, 0.85546175569, 0.0060412167398, 0.0012456220307, 0.00016384619218],
      [0.074980816222, 0.00073973910599, 0.0013996505825, 0.85092530255, 0.065232334228, 0.004152485964, 0.0023102154704, 0.00025945588071],
      [0.0037807490165, 0.003876644586, 0.014820790775, 0.028299876457, 0.071849360123, 0.73163752521, 0.14037739131, 0.0053576625179],
      [0.00030523602653, 0.11226938388, 0.016921332636, 0.0070475945653, 0.002534677741, 0.091179704788, 0.75210488212, 0.017637188246],
      [0.00011871697639, 0.26479963518, 0.015109512137, 0.0085766451331, 0.0060850864345, 0.10036693577, 0.49017381649, 0.11476965188]
    ],
    [
      [0.00020355692709, 0.019941470677, 0.0033689874785, 0.0053122045922, 0.093530397098, 0.63195595298, 0.24446460295, 0.0012228272915],
      [0.077882596471, 0.00089218287859, 0.87173147493, 0.040315528763, 0, 0.0022417494501, 0.0034509631241, 0.0034855043878],
      [0.086345722877, 0.00079021881842, 0.001136347377, 0.08427152947, 0.81620035834, 0.0097396427469, 0.0012923552091, 0.00022382516371],
      [0.082130354166, 0.0012745464562, 0.0033876942677, 0.8541459804, 0.049641863434, 0.0067391484346, 0.0023196725528, 0.00036074028641],
      [0.0027583489603, 0.015941905163, 0.022101520153, 0.023299683789, 0.033897178291, 0.76895300114, 0.12829717528, 0.0047511872237],
      [0, 0.13148791516, 0.026132991619, 0.0029949782481, 0, 0.11039065303, 0.71425869709, 0.014734764853],
      [0, 0.32171630858, 0.019333544061, 0.0066007043736, 0, 0.1095131791, 0.45158985275, 0.091246411132]
    ],
    [
      [9.0267281379e-05, 0.0098271520749, 0.0017050148178, 0.0046409979455, 0.11385336644, 0.64172187176, 0.22601357514, 0.0021477545372],
      [0.058796010707, 0, 0.87813361216, 0.044708907792, 0.00076605544444, 0.010091776559, 0, 0.0075036373336],
      [0.04045602992, 0, 0, 0.068392029666, 0.87429285591, 0.016766768502, 0, 9.2316002992e-05],
      [0.050386295497, 0, 0, 0.86376379749, 0.069887347786, 0.015869092043, 0, 9.3467183958e-05],
      [0.0045987079906, 2.2058841335e-05, 0.0044344041908, 0.018747725125, 0.066294271784, 0.79574272664, 0.10341851512, 0.006741590312],
      [0, 0.076214736536, 0.012949139537, 0.0016352574343, 0.0038062573821, 0.14498811456, 0.73191567061, 0.028490823941],
      [0, 0.18163901228, 0.012537307013, 0.005919802526, 0.0069626113478, 0.13477652721, 0.46586510898, 0.19229963064]
    ],
    [
      [0.0005743186001, 0.010337461675, 0.0029827634174, 0.0048535436636, 0.12433058811, 0.57147450691, 0.28350108503, 0.0019457326022],
      [0.16245561319, 0, 0.8003239079, 0.030692839329, 0.0015636324553, 0, 0, 0.0049640071237],
      [0.14498625064, 0, 0.0043075801955, 0.052786519347, 0.79603278031, 0.0018868695005, 0, 0],
      [0.18141043102, 0, 0.014176100017, 0.73688956375, 0.067523905219, 0, 0, 0],
      [0.030292193005, 0.00079208076233, 0.037370737826, 0.020146584072, 0.074785925837, 0.68735070189, 0.14318318474, 0.0060785918688],
      [0.005088449309, 0.068550855991, 0.03830225436, 0.0013795948479, 0.0036851582787, 0.077504122572, 0.78360607792, 0.021883486719],
      [0.0031803630508, 0.17418541442, 0.028628997411, 0.0049753341687, 0.0070506004234, 0.089307574946, 0.53089048664, 0.16178122893]
    ],
    [
      [0.00085194546832, 0.014130133618, 0.0059957985727, 0.0082447649926, 0.12117628699, 0.5939556789, 0.25422252571, 0.0014228657458],
      [0.074184226326, 0, 0.86876089441, 0.054570511784, 0, 0, 0, 0.0024843674846],
      [0.088687210954, 0, 0.012301914223, 0.088508798024, 0.8105020768, 0, 0, 0],
      [0.08344046998, 0, 0.014445547001, 0.84880575735, 0.053308225664, 0, 0, 0],
      [0.011731550297, 0, 0.052149388323, 0.050518291931, 0.069137919788, 0.70668314346, 0.10613423931, 0.003645466895],
      [0.035761320933, 0.091446674429, 0.057356289048, 0.025607043359, 0.0013769071919, 0.069243066674, 0.70245110081, 0.016757597556],
      [0.002794528175, 0.24189013402, 0.034820017785, 0.01797973819, 0.0056756206282, 0.095875720125, 0.47629906675, 0.12466517432]
    ],
    [
      [0, 0.011771233209, 0.0011223045292, 0.0031674646956, 0.095424194271, 0.59491760009, 0.29124545516, 0.0023517480445],
      [0.091326076773, 0.0027101777985, 0.83668647641, 0.031253923863, 0, 0.0068199888689, 0.022550169455, 0.0086531868334],
      [0.08655639456, 0.0022429055656, 0, 0.064948009006, 0.8162380076, 0.01247161404, 0.016267746028, 0.0012753232002],
      [0.09475792934, 0.0022429055675, 0, 0.82422077229, 0.04957769788, 0.011013784924, 0.016910549211, 0.0012763607841],
      [0, 0.016788338141, 0.00093506390157, 0.0037875831753, 0.029936723705, 0.75302390126, 0.18600737886, 0.0095210109642],
      [0, 0.061586483709, 0.00097866585217, 0, 0, 0.10422696538, 0.8082346081, 0.024973276959],
      [0, 0.18450689418, 0.010686186967, 0.0017050731956, 0.00032039312529, 0.10429399048, 0.53210379812, 0.16638366393]
    ],
    [
      [2.7101764858e-05, 0.0084250240335, 0.0010545709037, 0.0027630913914, 0.12324104564, 0.61630586114, 0.24551734706, 0.002665958065],
      [0.087415175343, 0.00031452967506, 0.85070328561, 0.03719067368, 0.0032282832641, 0.0071933730608, 0.0042230226538, 0.0097316567105],
      [0.060132213163, 0.0056341311527, 0.0049321668379, 0.033891579238, 0.87926881794, 0.013505844063, 0.0019318263921, 0.00070342121485],
      [0.081817487241, 0.00041281994051, 0, 0.8147736141, 0.0862387846, 0.013663992567, 0.0024490214986, 0.00064428005861],
      [0, 0.0082637912339, 0.0015045372758, 0, 0.080635840219, 0.77172085556, 0.12847697537, 0.0093980003432],
      [0, 0.054707805681, 0, 0, 0.013012382462, 0.13071641174, 0.76802864591, 0.033534754201],
      [0, 0.14827162254, 0.0084340878817, 0, 0.010686118638, 0.12185241516, 0.49117134344, 0.21958441234]
    ],
    [
      [0.00077207624866, 0.010243532986, 0.0041069853037, 0.0058026422818, 0.1141783359, 0.62823499707, 0.23432128942, 0.002340140786],
      [0.12145529602, 0, 0.82828512146, 0.03997887912, 0.0012220614768, 0.0025554911651, 0, 0.0065031507617],
      [0.10716167565, 0, 0.0033828227093, 0.068961837668, 0.81234429841, 0.008149365563, 0, 0],
      [0.12138065694, 0, 0.0042385978012, 0.80582209368, 0.061539159886, 0.0070194916933, 0, 0],
      [0.0084068929987, 0, 0.025067591799, 0.027900704867, 0.067629626062, 0.76181138268, 0.10208788429, 0.0070959173056],
      [0.0070670883784, 0.075759043167, 0.032783750977, 0.0097151354376, 0.0063537378366, 0.12041340993, 0.71787236217, 0.030035472102],
      [0.0011492401925, 0.18201144355, 0.021286465636, 0.0092592757951, 0.0071936997745, 0.11713070927, 0.45855620153, 0.20341296426]
    ],
    [
      [0.00033638714058, 0.0095070628889, 0.0022442284997, 0.0039568339741, 0.12181013397, 0.63043583714, 0.23045273927, 0.0012567771142],
      [0.11595710692, 0, 0.83348818446, 0.038080003267, 0.0030659209689, 0.0060435463811, 0, 0.0033652380029],
      [0.082828549304, 0, 0, 0.050316462099, 0.85279056678, 0.014064421821, 0, 0],
      [0.10910383318, 0, 0, 0.79541520233, 0.081470069061, 0.014010895431, 0, 0],
      [0.0074650848159, 0, 0.011323120666, 0.013597405503, 0.084245655876, 0.78402814656, 0.096691194441, 0.0026493921324],
      [0.0022364799125, 0.069571349959, 0.017024307841, 0, 0.015782063155, 0.13879796496, 0.73965470215, 0.016933132026],
      [0.00015894109578, 0.19057441354, 0.015930257708, 0.0049170971191, 0.012282080505, 0.13750440221, 0.50722516506, 0.13140764277]
    ],
    [
      [0.000156553714, 0.0052697619886, 0.0013609468624, 0.0050726614828, 0.11093507322, 0.63787266682, 0.23788869579, 0.0014436401344],
      [0.082916971899, 0, 0.85144295051, 0.047867293206, 0.0014390522571, 0.011037120836, 0, 0.0052966112954],
      [0.05594458806, 0, 0, 0.069934649296, 0.85838675066, 0.015734011984, 0, 0],
      [0.065652741722, 0, 0, 0.85081611293, 0.067568164319, 0.015962981032, 0, 0],
      [0.0025580182968, 0, 0.0041480042861, 0.023555771674, 0.066312576368, 0.79308144899, 0.10725966745, 0.0030845129353],
      [0.0036995146263, 0.039053772841, 0.007371156999, 0.0056058386677, 0.0062388466882, 0.15104351879, 0.76754325719, 0.019444094194],
      [0, 0.11068395751, 0.01232404147, 0.0088246171958, 0.00834178989, 0.14900669181, 0.54518036846, 0.16563853367]
    ],
    [
      [0.00024040560825, 0.012327209286, 0.0013090533453, 0.0082072137464, 0.10296422435, 0.61340333644, 0.26066463697, 0.00088392025631],
      [0.099994817065, 0, 0.82907558662, 0.061105547603, 0, 0.0032755869614, 0.0034245539177, 0.0031239078325],
      [0.081757643074, 0, 0, 0.095871340835, 0.81244058556, 0.0090285082279, 0.00090192230543, 0],
      [0.074994799638, 0, 0, 0.87106873378, 0.046322661153, 0.0064037837113, 0.0012100217183, 0],
      [0.0037242604939, 0.0059137308107, 0.0057615237958, 0.044200839011, 0.04757735646, 0.75658626107, 0.13364183095, 0.0025941974039],
      [0, 0.081996337445, 0.0056588518154, 0.023453811451, 0, 0.1110543612, 0.76718583277, 0.01065080532],
      [0, 0.22702061814, 0.011550646019, 0.016422353499, 0.0024274645504, 0.12059371233, 0.53907132268, 0.08291388278]
    ],
    [
      [0.00010868413761, 0.011653995201, 0.0033967767285, 0.0034782589328, 0.10399478315, 0.63292456679, 0.24292022502, 0.0015227100505],
      [0.072044368827, 0.00013604615851, 0.87948424093, 0.033442203883, 0, 0.0068305220658, 0.0034785667985, 0.0045840513382],
      [0.071434112397, 0.00030166705939, 0.003641095053, 0.060482608783, 0.8432172131, 0.018165772629, 0.0025393703392, 0.00021816064337],
      [0.082572624102, 0.00025434674272, 0.0050940171891, 0.83225971118, 0.061100485174, 0.015783667894, 0.0027501850965, 0.00018496262022],
      [0.0018314503113, 0.014823664048, 0.021980703554, 0.003127692579, 0.043074810054, 0.78483902257, 0.12539505566, 0.0049276012231],
      [0, 0.071363788875, 0.026398814467, 0, 0, 0.13194666039, 0.75122299814, 0.019067738121],
      [0, 0.21318932941, 0.020200013318, 0.0025959837218, 0.0015861130017, 0.12794452125, 0.49937879819, 0.13510524111]
    ],
    [
      [0.00054636217457, 0.0073412068349, 0.0032010560853, 0.004702684162, 0.1185090957, 0.60082608628, 0.26312526337, 0.001748245387],
      [0.11722553885, 0, 0.83479529366, 0.037682551265, 0.0020161410201, 0.0017794090474, 0.0012606208937, 0.0052404452625],
      [0.098010267435, 0, 0.0019904128036, 0.061829747799, 0.83233962078, 0.0058299511793, 0, 0],
      [0.11870298497, 0, 0.0035990666772, 0.80112595676, 0.071131997002, 0.0054399945847, 0, 0],
      [0.0091089487443, 0, 0.019806563573, 0.021142244966, 0.075883993854, 0.7417026015, 0.12780487763, 0.0045507697331],
      [0.0020712739209, 0.051773405929, 0.023163630143, 0.0027764937448, 0.0087843134371, 0.10696105629, 0.78263926813, 0.021830558406],
      [0.0005986678109, 0.13666274662, 0.019102920876, 0.0068787435449, 0.0090994735641, 0.11663617961, 0.54345526647, 0.16756600149]
    ],
    [
      [0.00038282274742, 0.0078393082949, 0.0034943795363, 0.0063602971193, 0.12779879738, 0.62270349033, 0.2305972914, 0.00082361319294],
      [0.060436895553, 0, 0.88645561359, 0.045592445892, 0.0054730156791, 0.0020420292881, 0, 0],
      [0.035638088028, 0, 0.0041648275261, 0.075642449409, 0.87809278491, 0.0064618501265, 0, 0],
      [0.041876305141, 0, 0.0067263764369, 0.86357669289, 0.082390411101, 0.0054302144308, 0, 0],
      [0.032677037968, 0, 0.023625050978, 0.035951094294, 0.088898841114, 0.75834543793, 0.060087062318, 0.00041547539527],
      [0.011540076839, 0.051311464941, 0.029213550441, 0.014033178177, 0.016143827511, 0.12397638801, 0.74239682854, 0.011384685541],
      [0.000611391323, 0.170766694, 0.023714905276, 0.012348358109, 0.011840600387, 0.13931794729, 0.54350936527, 0.097890738336]
    ],
    [
      [0.00010548294136, 0.0060967249992, 0.0052034716897, 0.0040274358433, 0.10013782612, 0.59301849868, 0.28958394837, 0.0018266113578],
      [0.047662822229, 0.00030995368519, 0.91199729624, 0.024349663189, 0, 0.0011519944423, 0.0094557365083, 0.0050725337057],
      [0.053435590606, 0.00029553713773, 0.0090919205603, 0.073434116555, 0.84882842971, 0.0079717404612, 0.0068387881957, 0.00010387677738],
      [0.055585382196, 0.00046853448048, 0.01626833287, 0.8638332665, 0.047053513914, 0.0054204948164, 0.011205954877, 0.00016452034512],
      [0.0019681113526, 0.034347029645, 0.035245855959, 0.0087979927041, 0.016733993819, 0.7375245804, 0.15952521711, 0.0058572190161],
      [0, 0.014916585732, 0.042434176567, 0, 0, 0.099062893573, 0.82267302571, 0.020913318414],
      [0, 0.10908853519, 0.02629884069, 0.0039149999576, 0, 0.11279234384, 0.58674962699, 0.16115565333]
    ],
    [
      [0.00050138855724, 0.0073261671658, 0.0019922966433, 0.0069944481984, 0.10596279949, 0.62114111062, 0.25472229775, 0.0013594915785],
      [0.14381341728, 0, 0.79420828432, 0.055971728725, 0, 0.0032136649879, 0, 0.0027929046848],
      [0.10793001508, 0, 0, 0.087377759519, 0.79588951282, 0.0088027125819, 0, 0],
      [0.10738373017, 0, 0, 0.83212925332, 0.053631943859, 0.0068550726516, 0, 0],
      [0.01592008686, 0, 0.0037880344536, 0.04894062142, 0.059179850671, 0.75956438023, 0.10980514705, 0.0028018793124],
      [0.0049983897527, 0.049854653543, 0.013338475654, 0.019850348277, 0.0010670102597, 0.11750779531, 0.77620967271, 0.0171736545],
      [0.00048153961313, 0.14408072022, 0.014676609769, 0.014130962895, 0.0057041221745, 0.12885083823, 0.55445011753, 0.13762508956]
    ],
    [
      [0.00036545498665, 0.0089864997825, 0.0045874807463, 0.0066695096909, 0.16059968273, 0.5711917125, 0.24674089135, 0.00085876820994],
      [0.018436156929, 0, 0.91544499409, 0.045507763282, 0.020611085703, 0, 0, 0],
      [0, 0, 0.0058413306393, 0.067316234032, 0.92684243533, 0, 0, 0],
      [0.0020464030982, 0, 0.013190793194, 0.87137691199, 0.11338589172, 0, 0, 0],
      [0.0043497097685, 0, 0.03166576267, 0.0353076529, 0.12429900671, 0.70613140899, 0.096749312857, 0.0014971460965],
      [0.073249271228, 0.053864254681, 0.043162218652, 0.014703152755, 0.044566448377, 0.07101331522, 0.69029313092, 0.0091482081657],
      [0.0011959870346, 0.18288742642, 0.029604109556, 0.013551522695, 0.026549026187, 0.11104841812, 0.53476510071, 0.10039840927]
    ],
    [
      [0.0001874414735, 0.010236271857, 0.0026942791712, 0.0053513840467, 0.098963870073, 0.61796537517, 0.26365112078, 0.0009502574325],
      [0.08693414142, 2.9506976645e-06, 0.85319128298, 0.044413407928, 0, 0.0064754241196, 0.0059834622707, 0.0029993305858],
      [0.086322429281, 3.3438887767e-06, 0.00034181108778, 0.078684785062, 0.81733361794, 0.013422146786, 0.0038918659511, 0],
      [0.088115671569, 3.4914127661e-06, 0.0019789483742, 0.84432515622, 0.049424624094, 0.011591900376, 0.004560207956, 0],
      [0.0055120943494, 0.00078259486738, 0.015830735879, 0.02558092662, 0.032547955801, 0.76758018509, 0.13974907087, 0.012416436522],
      [0, 0.072427799874, 0.019416038899, 0.0058145903416, 0, 0.1184266961, 0.78312634717, 0.00078852761693],
      [0, 0.19393482748, 0.017695610287, 0.0086645606535, 0.0013700063342, 0.12677679692, 0.56134095773, 0.090217240604]
    ],
    [
      [4.8632415048e-05, 0.0094540823006, 0.0026218656681, 0.0062681239808, 0.086945401064, 0.62194454761, 0.27271734696, 0],
      [0.088486874526, 0, 0.85170380423, 0.047277395309, 0, 0.0065647971128, 0.0059671288218, 0],
      [0.095911275955, 0, 0.00022169956159, 0.090327524818, 0.79208848381, 0.016080019128, 0.0053709967303, 0],
      [0.087942289629, 0, 0.0017537867244, 0.85423519523, 0.037842373405, 0.012709676311, 0.0055166786992, 0],
      [0.0036892896215, 0.016456969929, 0.015334594592, 0.031548730002, 0.0098600080181, 0.77582349637, 0.14728691146, 0],
      [0, 0.046479717813, 0.018726147931, 0.010114271569, 0, 0.12082738572, 0.80385247696, 0],
      [0, 0.19882543803, 0.018980414596, 0.01050285605, 0.0010548108038, 0.13847576182, 0.6321607187, 0]
    ],
    [
      [0.00028699291751, 0.0075442793034, 0, 0.0066353926698, 0.11950093926, 0.60179995484, 0.26423244101, 0],
      [0.14022521271, 0, 0.78214278061, 0.056684525148, 0.0070954836074, 0.0064500762043, 0.0074019217291, 0],
      [0.066072607694, 0, 0, 0.073835745152, 0.84919606594, 0.010895581212, 0, 0],
      [0.076124545355, 0, 0, 0.83959886735, 0.073582451376, 0.010694135915, 0, 0],
      [0, 0, 0, 0.037141468312, 0.083444447148, 0.75763555922, 0.12177852532, 0],
      [0.013937147216, 0.047785962187, 0, 0.011516676513, 0.009996581573, 0.11553267875, 0.80123095376, 0],
      [4.821706254e-05, 0.17552058205, 0.011330186501, 0.012905245885, 0.011351700589, 0.14139418099, 0.64744988692, 0]
    ],
    [
      [0.00053782175476, 0.0031975696647, 0.0023474978188, 0.0051069222893, 0.090814848864, 0.66489673743, 0.23234077738, 0.00075782480262],
      [0.14469274458, 0, 0.78980816805, 0.044169422861, 0, 0.021187263157, 0, 0.0001424013582],
      [0.14307033555, 0, 0.00018133587578, 0.071720724547, 0.76802275509, 0.017004848936, 0, 0],
      [0.1355897958, 0, 0.0015483764651, 0.78944407044, 0.049474405192, 0.02394335211, 0, 0],
      [0.028578487812, 0, 0.013179298882, 0.025161461552, 0.047177206479, 0.81185331878, 0.073074513216, 0.00097571327827],
      [0.0041120390048, 0.021703077609, 0.019305031405, 0.0084479781757, 0, 0.15556473259, 0.77942253201, 0.011444609199],
      [0.00033951530355, 0.07915974899, 0.019057063367, 0.010200254781, 0.0052421814004, 0.16847349815, 0.60692146491, 0.1106062731]
    ],
    [
      [0.0026922806007, 0.002888864862, 0.0035398178718, 0.0049768276734, 0.11815527, 0.61094506497, 0.25588220329, 0.00091967073112],
      [0.28471920264, 0, 0.68031604576, 0.028784378889, 0.0061803727102, 0, 0, 0],
      [0.23353331439, 0, 0.0062393951475, 0.051189380591, 0.70903790988, 0, 0, 0],
      [0.30343720358, 0, 0.0067784745802, 0.61658555402, 0.073198767819, 0, 0, 0],
      [0.0667983321, 0, 0.02640312204, 0.029011090553, 0.095884446414, 0.723885728, 0.058017280893, 0],
      [0.024621121452, 0.016849542994, 0.029933585218, 0.012072983591, 0.02751550511, 0.10143244301, 0.77710982844, 0.010464990183],
      [0.0059481027048, 0.065946561977, 0.023480565182, 0.010235415974, 0.015300636928, 0.13555395374, 0.61686164027, 0.12667312322]
    ],
    [
      [0.0030070832592, 0.01182954928, 0.0019260981737, 0.006985882742, 0.13686116131, 0.53101569135, 0.30671610774, 0.0016584261433],
      [0.3127333128, 5.5524284478e-05, 0.62872451415, 0.043341361182, 0.011016046155, 0, 0, 0.0041292414358],
      [0.20467817686, 7.5574425023e-05, 0, 0.057624359722, 0.73762188899, 0, 0, 0],
      [0.25984512329, 6.9405088655e-05, 0.00011035624213, 0.66591960869, 0.074055506689, 0, 0, 0],
      [0.058788917437, 0.0010988374013, 0.011091712343, 0.041006791174, 0.11152033496, 0.61971366423, 0.15165058877, 0.0051291536797],
      [0.011410451034, 0.073763865149, 0.012417102091, 0.01465371137, 0.022636354585, 0.051402945905, 0.79580766517, 0.017907904693],
      [0.0050695119893, 0.19066990254, 0.011700965607, 0.011525084098, 0.015308380931, 0.076730132211, 0.55281582774, 0.13618019488]
    ],
    [
      [0.0023868924616, 0.0035326883955, 0.001456256074, 0.0064934713765, 0.14931909801, 0.58309436419, 0.25294621789, 0.00077101159781],
      [0.28473033708, 0, 0.6524337715, 0.045150792483, 0.017685098937, 0, 0, 0],
      [0.13498034169, 0, 0, 0.057023671169, 0.80799598714, 0, 0, 0],
      [0.19253828324, 0, 0, 0.69517241099, 0.11228930577, 0, 0, 0],
      [0.090592439745, 0, 0.0064387603391, 0.038136872752, 0.13496611814, 0.69156847115, 0.038297337875, 0],
      [0.025141240985, 0.01859108749, 0.011412386324, 0.017025525555, 0.043805386769, 0.095481991884, 0.78096801312, 0.0075743678758],
      [0.0061768147116, 0.081825506035, 0.013243570178, 0.014949074142, 0.030025002233, 0.12420130006, 0.60171157296, 0.12786715968]
    ],
    [
      [0.0028093023612, 0.0054595315427, 0.0038908025992, 0.015382275927, 0.092560273776, 0.60874951366, 0.2703227989, 0.00082550123529],
      [0.20385114933, 0, 0.72366237708, 0.07248647359, 0, 0, 0, 0],
      [0.20964519619, 0, 0.0049131518458, 0.12880750985, 0.65663414211, 0, 0, 0],
      [0.14010747102, 0, 0.0069322766836, 0.82325890487, 0.029701347426, 0, 0, 0],
      [0.078484285867, 0, 0.024605856396, 0.096380222445, 0.044431641354, 0.69268077725, 0.063417216688, 0],
      [0.017878173588, 0.030051268819, 0.026935639642, 0.058728705891, 0, 0.083657211893, 0.77223858603, 0.010510414134],
      [0.006381692092, 0.11456752231, 0.022285415084, 0.036960100142, 0.00185884892, 0.11362434571, 0.58350184471, 0.12082023104]
    ],
    [
      [0.0012483053017, 0.0076874534296, 0.0006088668554, 0.0081491508827, 0.13837276824, 0.60382157345, 0.23954383902, 0.00056804280955],
      [0.11559728266, 0, 0.82601306721, 0.04998729419, 0.0075900077779, 0.0008123481558, 0, 0],
      [0.054268574968, 0, 0, 0.072875694726, 0.87285573031, 0, 0, 0],
      [0.079587181309, 0, 0, 0.83068687641, 0.089697052731, 2.8889548508e-05, 0, 0],
      [0.038761013595, 0, 0.00055241891303, 0.036354395628, 0.10647134025, 0.74137041772, 0.076326786839, 0.00016362706135],
      [0.012911927916, 0.052518280354, 0.01361319607, 0.013112223736, 0.024832289278, 0.11069185146, 0.76049079367, 0.011829437511],
      [0.0011646718302, 0.17469353242, 0.014941404942, 0.012556742037, 0.017208359176, 0.127443954, 0.55033283423, 0.10165850137]
    ],
    [
      [0.00013007772047, 0.012361628309, 0.00079340930081, 0, 0.14898030287, 0.61775989956, 0.21917877125, 0.00079591098775],
      [0.13010895315, 0, 0.82195496665, 0.030225728643, 0.009554628728, 0.0047417084845, 4.0045255181e-05, 0.0033739690896],
      [0.075941569021, 0, 0, 0, 0.91225147064, 0.011806960336, 0, 0],
      [0.13272810828, 0.0041158944923, 0, 0.71375774618, 0.13218102647, 0.013218549882, 0.0039986746964, 0],
      [0.002740103694, 0, 0, 0, 0.13966841111, 0.77337770592, 0.08323495318, 0.00097882609556],
      [0, 0.089321004466, 0.0050582173745, 0, 0.03914300591, 0.12993601154, 0.7244221957, 0.012119565007],
      [0, 0.24934103412, 0.010816999439, 0, 0.029456831956, 0.13232436764, 0.48550627388, 0.092554492958]
    ],
    [
      [0.00030219728029, 0.008912777611, 0.0025567266061, 0.0031320165291, 0.11550396721, 0.65264627842, 0.21653838527, 0.00040765107008],
      [0.11012039452, 0, 0.84741341284, 0.033840843357, 0.0015179669575, 0.0068699082845, 0, 0.00023747403675],
      [0.090034845925, 0, 0.00024867049352, 0.040789370392, 0.84954839862, 0.019378714567, 0, 0],
      [0.1133711856, 0, 0.002172019261, 0.78646318865, 0.08027281315, 0.017720793339, 0, 0],
      [0.0040343808075, 0, 0.014712865999, 0.0092669342883, 0.076470226024, 0.81622701557, 0.078887912896, 0.00040066441486],
      [0.0029055988175, 0.065639836797, 0.021326583094, 0, 0.013046527592, 0.16416193793, 0.72658148277, 0.006338033007],
      [3.3875791826e-05, 0.2087579174, 0.0196587948, 0.0049529770495, 0.010716479277, 0.16188688829, 0.53690091975, 0.057092147647]
    ],
    [
      [0, 0.018824461184, 0.00071181139772, 0.0029535264658, 0.1113711145, 0.65379981949, 0.21027404248, 0.0020652244792],
      [0.036310182204, 0.0009504766892, 0.90199723262, 0.040926311798, 0, 0.0098183018896, 0.0028028974522, 0.0071945973511],
      [0.024431143689, 0.001108888955, 0, 0.061560231971, 0.89498116689, 0.016772716357, 0.00042576536274, 0.00072008678053],
      [0.034489028373, 0.00095047625964, 0, 0.87458941184, 0.073004400486, 0.015406250839, 0.00094184907216, 0.00061858312582],
      [0.00016354416874, 0.0060002594174, 0.0039877591926, 0.0021481524531, 0.059622100242, 0.81455024153, 0.10552708341, 0.0080008595854],
      [0, 0.14451284863, 0, 0, 0, 0.15028528396, 0.67986458875, 0.025337278665],
      [0, 0.31185284929, 0.0087285973728, 0.0012636200158, 0.0038194082504, 0.1272376227, 0.39969012213, 0.14740778024]
    ],
    [
      [0.00046443739016, 0.012010138507, 0.001427683591, 0.0064469487348, 0.11731632049, 0.61998301076, 0.24164277634, 0.00070868419266],
      [0.12932533258, 0, 0.80851641734, 0.052939041919, 0.0010973283228, 0.003957493075, 0.0016635549038, 0.0025008318611],
      [0.083108248548, 0, 0, 0.073298440699, 0.83371681208, 0.0098764986706, 0, 0],
      [0.096052101894, 0, 0, 0.83061444397, 0.064943414221, 0.0083900399189, 0, 0],
      [0.0058685981295, 0, 0.0070000707322, 0.033119666401, 0.074988866429, 0.7671383573, 0.11017708168, 0.0017073593291],
      [0.0059230677447, 0.086098893815, 0.009378287022, 0.013364165687, 0.010807864767, 0.12261899027, 0.74250516376, 0.0093035669332],
      [0.00063260272132, 0.23716139972, 0.011563623245, 0.012736450532, 0.010760276491, 0.12955635321, 0.52072319948, 0.076866094602]
    ],
    [
      [0.0005234637438, 0.0098521805789, 0.0038397006394, 0.0020158546309, 0.12840647856, 0.62142597825, 0.23267263299, 0.001263710604],
      [0.11863812972, 0, 0.84247897661, 0.027145674418, 0.0036446829199, 0.0041251089021, 0, 0.0039674274303],
      [0.098561927871, 0, 0.0025855712355, 0.036717291378, 0.85160486288, 0.010530346637, 0, 0],
      [0.14349785711, 0, 0.0043140942446, 0.75175268878, 0.08938924949, 0.011046110372, 0, 0],
      [0.0062060543585, 0.0051322380637, 0.021691841448, 0.0021936106334, 0.087128950384, 0.76825966263, 0.10578574028, 0.0036019022042],
      [0.0011248734714, 0.070183557688, 0.028823105518, 0, 0.02245941395, 0.12965038852, 0.73042384936, 0.017334811494],
      [0.00033519260603, 0.19627850942, 0.020981979201, 0.0027423553409, 0.012656099766, 0.12941744697, 0.50284964225, 0.13473877445]
    ],
    [
      [0.00021667881235, 0.0038674645114, 0.0045396190075, 0.0065015822454, 0.12593372416, 0.59243358241, 0.26521855963, 0.001288789225],
      [0.034037586675, 0, 0.9207903685, 0.042594871092, 0.0022622969939, 0.00031487674051, 0, 0],
      [0.020698412813, 0, 0.0083082045114, 0.078845963484, 0.88835129431, 0.0037961248814, 0, 0],
      [0.027281418553, 0, 0.0088412860125, 0.89044574797, 0.069975289455, 0.0034562580132, 0, 0],
      [0.012360864259, 0, 0.034889309614, 0.035773060327, 0.080080996252, 0.72895874707, 0.10684744241, 0.0010895800672],
      [0.0039148699198, 0.024697482582, 0.039795957682, 0.013579923477, 0.0096859432902, 0.10312417535, 0.78941701442, 0.015784633286],
      [0.00065342993605, 0.079623528656, 0.030939765515, 0.013720536066, 0.010898111423, 0.12324189313, 0.5920249766, 0.14889775868]
    ],
    [
      [8.4535028726e-05, 0.013695272214, 0.0022206542616, 0.0033328654317, 0.10227269822, 0.60297774038, 0.27419072638, 0.0012255080846],
      [0.1470638573, 0.00072314473595, 0.80172580203, 0.036149771851, 0, 0.0029465748916, 0.0075762740054, 0.00381457519],
      [0.12833328056, 0.0012515961781, 0, 0.060079177042, 0.79304949893, 0.0086522107054, 0.0083661366609, 0.00026809992389],
      [0.14578247795, 0.0019747406265, 0.00037266719512, 0.77319616468, 0.057043288959, 0.0076103117169, 0.013597304199, 0.00042304467694],
      [0.00062108994083, 0.023847385486, 0.013128762841, 0.0038067860979, 0.048175735167, 0.75239179852, 0.15393995625, 0.0040884857002],
      [0, 0.07850479747, 0.014564698652, 0, 0, 0.10464701377, 0.78834703183, 0.013936458279],
      [0, 0.23282693092, 0.01442728978, 0.003724837814, 0.0026365047311, 0.11159448014, 0.53583118841, 0.098958768212]
    ],
    [
      [0.00049220194457, 0.016970620765, 0.0014765976712, 0.0073223780784, 0.11437444854, 0.64447137199, 0.21327730724, 0.0016150737756],
      [0.12131000461, 0, 0.81372688405, 0.054224109607, 0.0010661324494, 0.0042143328909, 0, 0.0054585363853],
      [0.081691275099, 0, 0, 0.080630833333, 0.82697114256, 0.010563754586, 0, 0.00014299442758],
      [0.088488276926, 0, 0, 0.84326239766, 0.059542062148, 0.0085851710807, 0, 0.00012209218631],
      [0.0060653361649, 0, 0.0061667980304, 0.039088056194, 0.069141623873, 0.78265225259, 0.091764257676, 0.0051216754718],
      [0.0083065522724, 0.12988754309, 0.0097105885425, 0.019080791056, 0.0075179127852, 0.13179803794, 0.67260803666, 0.021090537648],
      [0.00075000923013, 0.29766766811, 0.010576813434, 0.014499404657, 0.0082111472379, 0.1209792958, 0.41184784186, 0.13546781966]
    ],
    [
