{
  "Z_true": {},
  "V_true": [
    [295, 43, 638, 209, 29],
    [18, 943, 110, 2644, 39],
    [26, 434, 105, 13756, 185],
    [980, 430, 8522, 2057, 273],
    [73, 169, 431, 1491, 507]
  ],
  "p_true": [
    [0.243, 0.0354, 0.5255, 0.1722, 0.0239],
    [0.0048, 0.2512, 0.0293, 0.7043, 0.0104],
    [0.0018, 0.0299, 0.0072, 0.9483, 0.0128],
    [0.0799, 0.0351, 0.695, 0.1678, 0.0223],
    [0.0273, 0.0633, 0.1614, 0.5582, 0.1898]
  ],
  "Z_est": [
    [
      [3.6168, 6.6308, 5.7266, 2.7126, 11.1518, 8.7406, 1.2056, 0.3014, 0, 4.2196, 15.07, 4.521, 3.9182, 12.9602, 8.7406, 14.1658, 4.8224, 11.1518, 14.4672, 5.7266, 13.2616, 6.3294, 0.3014, 10.2476, 0.3014, 3.9182, 2.7126, 0.6028, 0.6028, 1.8084, 1.2056, 0.3014, 0, 0, 11.7546, 6.6308, 14.4672, 22.605, 1.8084, 7.2336, 20.4952, 6.6308, 0.3014, 9.3434, 3.9182, 10.549, 0, 1.2056, 21.098, 3.9182, 37.0722, 5.4252],
      [2.0568, 3.7708, 3.2566, 1.5426, 6.3418, 4.9706, 0.6856, 0.1714, 0, 2.3996, 8.57, 2.571, 2.2282, 7.3702, 4.9706, 8.0558, 2.7424, 6.3418, 8.2272, 3.2566, 7.5416, 3.5994, 0.1714, 5.8276, 0.1714, 2.2282, 1.5426, 0.3428, 0.3428, 1.0284, 0.6856, 0.1714, 0, 0, 6.6846, 3.7708, 8.2272, 12.855, 1.0284, 4.1136, 11.6552, 3.7708, 0.1714, 5.3134, 2.2282, 5.999, 0, 0.6856, 11.998, 2.2282, 21.0822, 3.0852],
      [2.3676, 4.3406, 3.7487, 1.7757, 7.3001, 5.7217, 0.7892, 0.1973, 0, 2.7622, 9.865, 2.9595, 2.5649, 8.4839, 5.7217, 9.2731, 3.1568, 7.3001, 9.4704, 3.7487, 8.6812, 4.1433, 0.1973, 6.7082, 0.1973, 2.5649, 1.7757, 0.3946, 0.3946, 1.1838, 0.7892, 0.1973, 0, 0, 7.6947, 4.3406, 9.4704, 14.7975, 1.1838, 4.7352, 13.4164, 4.3406, 0.1973, 6.1163, 2.5649, 6.9055, 0, 0.7892, 13.811, 2.5649, 24.2679, 3.5514],
      [2.6796, 4.9126, 4.2427, 2.0097, 8.2621, 6.4757, 0.8932, 0.2233, 0, 3.1262, 11.165, 3.3495, 2.9029, 9.6019, 6.4757, 10.4951, 3.5728, 8.2621, 10.7184, 4.2427, 9.8252, 4.6893, 0.2233, 7.5922, 0.2233, 2.9029, 2.0097, 0.4466, 0.4466, 1.3398, 0.8932, 0.2233, 0, 0, 8.7087, 4.9126, 10.7184, 16.7475, 1.3398, 5.3592, 15.1844, 4.9126, 0.2233, 6.9223, 2.9029, 7.8155, 0, 0.8932, 15.631, 2.9029, 27.4659, 4.0194],
      [1.2792, 2.3452, 2.0254, 0.9594, 3.9442, 3.0914, 0.4264, 0.1066, 0, 1.4924, 5.33, 1.599, 1.3858, 4.5838, 3.0914, 5.0102, 1.7056, 3.9442, 5.1168, 2.0254, 4.6904, 2.2386, 0.1066, 3.6244, 0.1066, 1.3858, 0.9594, 0.2132, 0.2132, 0.6396, 0.4264, 0.1066, 0, 0, 4.1574, 2.3452, 5.1168, 7.995, 0.6396, 2.5584, 7.2488, 2.3452, 0.1066, 3.3046, 1.3858, 3.731, 0, 0.4264, 7.462, 1.3858, 13.1118, 1.9188]
    ],
    [
      [3.1484, 6.019, 2.778, 1.6668, 7.2228, 7.408, 1.1112, 1.9446, 1.2964, 7.5932, 20.835, 5.7412, 6.019, 14.1678, 7.871, 11.575, 9.26, 5.556, 5.3708, 4.63, 11.2972, 3.6114, 0.3704, 4.167, 0.8334, 1.9446, 2.5002, 0.2778, 0, 1.0186, 0, 0.1852, 0.0926, 0.463, 6.5746, 5.0004, 12.038, 18.1496, 1.5742, 8.1488, 19.7238, 5.093, 0, 7.6858, 5.1856, 11.2972, 0.463, 0.5556, 25.1872, 7.1302, 41.2996, 14.5382],
      [11.0908, 21.203, 9.786, 5.8716, 25.4436, 26.096, 3.9144, 6.8502, 4.5668, 26.7484, 73.395, 20.2244, 21.203, 49.9086, 27.727, 40.775, 32.62, 19.572, 18.9196, 16.31, 39.7964, 12.7218, 1.3048, 14.679, 2.9358, 6.8502, 8.8074, 0.9786, 0, 3.5882, 0, 0.6524, 0.3262, 1.631, 23.1602, 17.6148, 42.406, 63.9352, 5.5454, 28.7056, 69.4806, 17.941, 0, 27.0746, 18.2672, 39.7964, 1.631, 1.9572, 88.7264, 25.1174, 145.4852, 51.2134],
      [3.5122, 6.7145, 3.099, 1.8594, 8.0574, 8.264, 1.2396, 2.1693, 1.4462, 8.4706, 23.2425, 6.4046, 6.7145, 15.8049, 8.7805, 12.9125, 10.33, 6.198, 5.9914, 5.165, 12.6026, 4.0287, 0.4132, 4.6485, 0.9297, 2.1693, 2.7891, 0.3099, 0, 1.1363, 0, 0.2066, 0.1033, 0.5165, 7.3343, 5.5782, 13.429, 20.2468, 1.7561, 9.0904, 22.0029, 5.6815, 0, 8.5739, 5.7848, 12.6026, 0.5165, 0.6198, 28.0976, 7.9541, 46.0718, 16.2181],
      [15.0348, 28.743, 13.266, 7.9596, 34.4916, 35.376, 5.3064, 9.2862, 6.1908, 36.2604, 99.495, 27.4164, 28.743, 67.6566, 37.587, 55.275, 44.22, 26.532, 25.6476, 22.11, 53.9484, 17.2458, 1.7688, 19.899, 3.9798, 9.2862, 11.9394, 1.3266, 0, 4.8642, 0, 0.8844, 0.4422, 2.211, 31.3962, 23.8788, 57.486, 86.6712, 7.5174, 38.9136, 94.1886, 24.321, 0, 36.7026, 24.7632, 53.9484, 2.211, 2.6532, 120.2784, 34.0494, 197.2212, 69.4254],
      [1.2138, 2.3205, 1.071, 0.6426, 2.7846, 2.856, 0.4284, 0.7497, 0.4998, 2.9274, 8.0325, 2.2134, 2.3205, 5.4621, 3.0345, 4.4625, 3.57, 2.142, 2.0706, 1.785, 4.3554, 1.3923, 0.1428, 1.6065, 0.3213, 0.7497, 0.9639, 0.1071, 0, 0.3927, 0, 0.0714, 0.0357, 0.1785, 2.5347, 1.9278, 4.641, 6.9972, 0.6069, 3.1416, 7.6041, 1.9635, 0, 2.9631, 1.9992, 4.3554, 0.1785, 0.2142, 9.7104, 2.7489, 15.9222, 5.6049]
    ],
    [
      [1.152, 3.976, 3.408, 0.888, 6.96, 2.072, 0.168, 0.216, 0.336, 1.264, 4.064, 1.664, 1.608, 3.768, 2.376, 4.008, 2.048, 1.912, 2.592, 2.048, 2.84, 0.848, 0.064, 1.712, 0.12, 0.384, 0.616, 0.08, 0.112, 0.416, 0.232, 0.064, 0.08, 0.048, 4.944, 1.432, 4.168, 3.808, 1.04, 2.672, 8.048, 2.472, 0.072, 2.592, 2.624, 2.456, 0.104, 0.936, 7.92, 2.12, 12, 2.496],
      [1.44, 4.97, 4.26, 1.11, 8.7, 2.59, 0.21, 0.27, 0.42, 1.58, 5.08, 2.08, 2.01, 4.71, 2.97, 5.01, 2.56, 2.39, 3.24, 2.56, 3.55, 1.06, 0.08, 2.14, 0.15, 0.48, 0.77, 0.1, 0.14, 0.52, 0.29, 0.08, 0.1, 0.06, 6.18, 1.79, 5.21, 4.76, 1.3, 3.34, 10.06, 3.09, 0.09, 3.24, 3.28, 3.07, 0.13, 1.17, 9.9, 2.65, 15, 3.12],
      [5.9328, 20.4764, 17.5512, 4.5732, 35.844, 10.6708, 0.8652, 1.1124, 1.7304, 6.5096, 20.9296, 8.5696, 8.2812, 19.4052, 12.2364, 20.6412, 10.5472, 9.8468, 13.3488, 10.5472, 14.626, 4.3672, 0.3296, 8.8168, 0.618, 1.9776, 3.1724, 0.412, 0.5768, 2.1424, 1.1948, 0.3296, 0.412, 0.2472, 25.4616, 7.3748, 21.4652, 19.6112, 5.356, 13.7608, 41.4472, 12.7308, 0.3708, 13.3488, 13.5136, 12.6484, 0.5356, 4.8204, 40.788, 10.918, 61.8, 12.8544],
      [133.6032, 461.1166, 395.2428, 102.9858, 807.186, 240.3002, 19.4838, 25.0506, 38.9676, 146.5924, 471.3224, 192.9824, 186.4878, 436.9938, 275.5566, 464.8278, 237.5168, 221.7442, 300.6072, 237.5168, 329.369, 98.3468, 7.4224, 198.5492, 13.917, 44.5344, 71.4406, 9.278, 12.9892, 48.2456, 26.9062, 7.4224, 9.278, 5.5668, 573.3804, 166.0762, 483.3838, 441.6328, 120.614, 309.8852, 933.3668, 286.6902, 8.3502, 300.6072, 304.3184, 284.8346, 12.0614, 108.5526, 918.522, 245.867, 1391.7, 289.4736],
      [1.872, 6.461, 5.538, 1.443, 11.31, 3.367, 0.273, 0.351, 0.546, 2.054, 6.604, 2.704, 2.613, 6.123, 3.861, 6.513, 3.328, 3.107, 4.212, 3.328, 4.615, 1.378, 0.104, 2.782, 0.195, 0.624, 1.001, 0.13, 0.182, 0.676, 0.377, 0.104, 0.13, 0.078, 8.034, 2.327, 6.773, 6.188, 1.69, 4.342, 13.078, 4.017, 0.117, 4.212, 4.264, 3.991, 0.169, 1.521, 12.87, 3.445, 19.5, 4.056]
    ],
    [
      [2.9532, 6.2916, 2.6964, 1.2626, 8.5814, 6.2702, 0.535, 0.4708, 0.535, 3.0602, 8.4102, 3.2956, 4.387, 8.9024, 7.7682, 14.017, 5.5426, 4.7294, 9.416, 5.243, 8.5814, 2.6536, 0.3852, 4.9862, 0.642, 1.8404, 1.3482, 0.0642, 0.3424, 1.1556, 0.4922, 0.0428, 0.1284, 0.1498, 7.4258, 2.4182, 10.3362, 14.7874, 2.6964, 5.7994, 14.2096, 4.6224, 0.3638, 5.9278, 2.9746, 5.4142, 0.2996, 1.712, 21.0362, 3.7022, 25.252, 6.2488],
      [2.4978, 5.3214, 2.2806, 1.0679, 7.2581, 5.3033, 0.4525, 0.3982, 0.4525, 2.5883, 7.1133, 2.7874, 3.7105, 7.5296, 6.5703, 11.8555, 4.6879, 4.0001, 7.964, 4.4345, 7.2581, 2.2444, 0.3258, 4.2173, 0.543, 1.5566, 1.1403, 0.0543, 0.2896, 0.9774, 0.4163, 0.0362, 0.1086, 0.1267, 6.2807, 2.0453, 8.7423, 12.5071, 2.2806, 4.9051, 12.0184, 3.9096, 0.3077, 5.0137, 2.5159, 4.5793, 0.2534, 1.448, 17.7923, 3.1313, 21.358, 5.2852],
      [91.2594, 194.4222, 83.3238, 39.0167, 265.1813, 193.7609, 16.5325, 14.5486, 16.5325, 94.5659, 259.8909, 101.8402, 135.5665, 275.1008, 240.0519, 433.1515, 171.2767, 146.1473, 290.972, 162.0185, 265.1813, 82.0012, 11.9034, 154.0829, 19.839, 56.8718, 41.6619, 1.9839, 10.5808, 35.7102, 15.2099, 1.3226, 3.9678, 4.6291, 229.4711, 74.7269, 319.4079, 456.9583, 83.3238, 179.2123, 439.1032, 142.8408, 11.2421, 183.1801, 91.9207, 167.3089, 9.2582, 52.904, 650.0579, 114.4049, 780.334, 193.0996],
      [39.6336, 84.4368, 36.1872, 16.9448, 115.1672, 84.1496, 7.18, 6.3184, 7.18, 41.0696, 112.8696, 44.2288, 58.876, 119.4752, 104.2536, 188.116, 74.3848, 63.4712, 126.368, 70.364, 115.1672, 35.6128, 5.1696, 66.9176, 8.616, 24.6992, 18.0936, 0.8616, 4.5952, 15.5088, 6.6056, 0.5744, 1.7232, 2.0104, 99.6584, 32.4536, 138.7176, 198.4552, 36.1872, 77.8312, 190.7008, 62.0352, 4.8824, 79.5544, 39.9208, 72.6616, 4.0208, 22.976, 282.3176, 49.6856, 338.896, 83.8624],
      [1.6422, 3.4986, 1.4994, 0.7021, 4.7719, 3.4867, 0.2975, 0.2618, 0.2975, 1.7017, 4.6767, 1.8326, 2.4395, 4.9504, 4.3197, 7.7945, 3.0821, 2.6299, 5.236, 2.9155, 4.7719, 1.4756, 0.2142, 2.7727, 0.357, 1.0234, 0.7497, 0.0357, 0.1904, 0.6426, 0.2737, 0.0238, 0.0714, 0.0833, 4.1293, 1.3447, 5.7477, 8.2229, 1.4994, 3.2249, 7.9016, 2.5704, 0.2023, 3.2963, 1.6541, 3.0107, 0.1666, 0.952, 11.6977, 2.0587, 14.042, 3.4748]
    ],
    [
      [2.8416, 10.4192, 9.8272, 3.9072, 24.0352, 4.144, 0.2368, 0.8288, 1.3024, 4.6176, 8.88, 3.552, 4.3808, 9.1168, 6.9856, 13.8528, 6.2752, 6.1568, 6.7488, 5.6832, 8.1696, 2.4864, 0.3552, 5.6832, 0.592, 0.8288, 1.3024, 1.3024, 0.1184, 0.8288, 0.4736, 0.1184, 0.1184, 0.1184, 13.024, 3.6704, 14.4448, 9.3536, 3.0784, 6.9856, 16.8128, 6.7488, 0, 9.2352, 5.4464, 4.9728, 0.592, 3.9072, 21.1936, 4.6176, 33.3888, 2.4864],
      [2.1096, 7.7352, 7.2957, 2.9007, 17.8437, 3.0765, 0.1758, 0.6153, 0.9669, 3.4281, 6.5925, 2.637, 3.2523, 6.7683, 5.1861, 10.2843, 4.6587, 4.5708, 5.0103, 4.2192, 6.0651, 1.8459, 0.2637, 4.2192, 0.4395, 0.6153, 0.9669, 0.9669, 0.0879, 0.6153, 0.3516, 0.0879, 0.0879, 0.0879, 9.669, 2.7249, 10.7238, 6.9441, 2.2854, 5.1861, 12.4818, 5.0103, 0, 6.8562, 4.0434, 3.6918, 0.4395, 2.9007, 15.7341, 3.4281, 24.7878, 1.8459],
      [4.2984, 15.7608, 14.8653, 5.9103, 36.3573, 6.2685, 0.3582, 1.2537, 1.9701, 6.9849, 13.4325, 5.373, 6.6267, 13.7907, 10.5669, 20.9547, 9.4923, 9.3132, 10.2087, 8.5968, 12.3579, 3.7611, 0.5373, 8.5968, 0.8955, 1.2537, 1.9701, 1.9701, 0.1791, 1.2537, 0.7164, 0.1791, 0.1791, 0.1791, 19.701, 5.5521, 21.8502, 14.1489, 4.6566, 10.5669, 25.4322, 10.2087, 0, 13.9698, 8.2386, 7.5222, 0.8955, 5.9103, 32.0589, 6.9849, 50.5062, 3.7611],
      [10.6488, 39.0456, 36.8271, 14.6421, 90.0711, 15.5295, 0.8874, 3.1059, 4.8807, 17.3043, 33.2775, 13.311, 16.4169, 34.1649, 26.1783, 51.9129, 23.5161, 23.0724, 25.2909, 21.2976, 30.6153, 9.3177, 1.3311, 21.2976, 2.2185, 3.1059, 4.8807, 4.8807, 0.4437, 3.1059, 1.7748, 0.4437, 0.4437, 0.4437, 48.807, 13.7547, 54.1314, 35.0523, 11.5362, 26.1783, 63.0054, 25.2909, 0, 34.6086, 20.4102, 18.6354, 2.2185, 14.6421, 79.4223, 17.3043, 125.1234, 9.3177],
      [4.1016, 15.0392, 14.1847, 5.6397, 34.6927, 5.9815, 0.3418, 1.1963, 1.8799, 6.6651, 12.8175, 5.127, 6.3233, 13.1593, 10.0831, 19.9953, 9.0577, 8.8868, 9.7413, 8.2032, 11.7921, 3.5889, 0.5127, 8.2032, 0.8545, 1.1963, 1.8799, 1.8799, 0.1709, 1.1963, 0.6836, 0.1709, 0.1709, 0.1709, 18.799, 5.2979, 20.8498, 13.5011, 4.4434, 10.0831, 24.2678, 9.7413, 0, 13.3302, 7.8614, 7.1778, 0.8545, 5.6397, 30.5911, 6.6651, 48.1938, 3.5889]
    ]
  ],
  "V_est": [
    [365.8996, 208.0796, 239.5222, 271.0862, 129.4124],
    [347.6204, 1224.5548, 387.7882, 1660.0188, 134.0178],
    [116.048, 145.06, 597.6472, 13458.6668, 188.578],
    [262.4068, 221.9422, 8108.8606, 3521.6464, 145.9178],
    [316.2464, 234.7809, 478.3761, 1185.1227, 456.4739]
  ],
  "p_est": [
    [0.3014, 0.1714, 0.1973, 0.2233, 0.1066],
    [0.0926, 0.3262, 0.1033, 0.4422, 0.0357],
    [0.008, 0.01, 0.0412, 0.9278, 0.013],
    [0.0214, 0.0181, 0.6613, 0.2872, 0.0119],
    [0.1184, 0.0879, 0.1791, 0.4437, 0.1709]
  ],
  "EI_Z": {},
  "EI_V": 11.0163,
  "MAE_Z": {},
  "MAE_V": 303.2316,
  "MAE_p": 0.0707,
  "runtime": 134.581
}
