{
  "Z_true": {},
  "V_true": [
    [1203, 303, 1971, 152],
    [1044, 374, 10617, 615],
    [254, 11127, 284, 537],
    [43, 243, 536, 202],
    [164, 1096, 670, 987]
  ],
  "p_true": [
    [0.3315, 0.0835, 0.5431, 0.0419],
    [0.0825, 0.0296, 0.8393, 0.0486],
    [0.0208, 0.9119, 0.0233, 0.044],
    [0.042, 0.2373, 0.5234, 0.1973],
    [0.0562, 0.3757, 0.2297, 0.3384]
  ],
  "Z_est": {},
  "V_est": [
    [1939.9417, 263.7022, 1425.3561, 0],
    [229.5031, 0, 10896.8927, 1523.6042],
    [0, 12202, 0, 0],
    [0, 0, 979.1174, 44.8826],
    [538.5552, 677.2978, 776.6338, 924.5132]
  ],
  "p_est": [
    [0.5346, 0.0727, 0.3928, 0],
    [0.0181, 0, 0.8614, 0.1204],
    [0, 1, 0, 0],
    [0, 0, 0.9562, 0.0438],
    [0.1846, 0.2322, 0.2662, 0.3169]
  ],
  "EI_Z": {},
  "EI_V": 12.1052,
  "MAE_Z": {},
  "MAE_V": 392.4745,
  "MAE_p": 0.0983,
  "runtime": 0.018
}
