{
  "X": [
    [11, 50, 129, 96, 24, 8],
    [4, 44, 111, 74, 22, 3],
    [8, 78, 161, 168, 45, 14],
    [0, 1, 1, 7, 0, 0],
    [3, 9, 31, 54, 5, 3],
    [8, 14, 53, 107, 16, 4],
    [13, 35, 52, 252, 16, 7],
    [46, 97, 195, 642, 70, 43],
    [12, 22, 66, 217, 20, 8],
    [0, 1, 4, 17, 1, 0],
    [2, 15, 27, 38, 7, 3],
    [2, 11, 4, 18, 3, 0],
    [0, 8, 11, 38, 7, 5],
    [30, 34, 54, 199, 12, 7],
    [0, 2, 9, 24, 2, 2],
    [2, 8, 8, 18, 2, 0],
    [5, 12, 35, 83, 18, 4],
    [14, 32, 136, 158, 36, 17],
    [11, 36, 212, 162, 51, 24],
    [18, 50, 176, 160, 67, 23],
    [25, 89, 189, 265, 57, 15],
    [0, 2, 2, 9, 1, 0],
    [22, 50, 117, 207, 27, 10],
    [32, 72, 151, 261, 61, 8],
    [16, 46, 260, 136, 35, 18],
    [10, 22, 122, 153, 48, 13],
    [12, 53, 131, 165, 44, 13],
    [9, 40, 164, 202, 56, 15],
    [11, 43, 149, 169, 73, 10],
    [7, 17, 59, 90, 32, 12],
    [7, 26, 43, 51, 8, 14],
    [9, 32, 79, 109, 23, 14],
    [16, 56, 142, 179, 23, 25],
    [9, 26, 41, 57, 11, 2],
    [19, 123, 239, 345, 48, 43],
    [25, 45, 113, 281, 55, 19],
    [8, 26, 115, 201, 35, 16],
    [22, 57, 121, 203, 52, 16],
    [19, 88, 208, 350, 80, 22],
    [1, 4, 9, 8, 3, 0],
    [5, 22, 34, 66, 13, 2],
    [2, 6, 10, 18, 3, 1],
    [11, 136, 182, 225, 49, 18],
    [26, 76, 192, 264, 65, 26],
    [24, 87, 144, 201, 64, 32],
    [20, 53, 123, 214, 46, 20],
    [16, 31, 62, 95, 33, 4],
    [12, 63, 131, 164, 22, 23],
    [1, 3, 7, 7, 3, 1],
    [0, 1, 3, 7, 2, 0],
    [32, 59, 62, 107, 14, 17],
    [17, 50, 108, 118, 34, 16],
    [3, 30, 46, 130, 36, 8],
    [4, 12, 27, 63, 11, 5],
    [43, 111, 213, 552, 60, 51],
    [5, 0, 6, 11, 3, 0],
    [300, 1011, 2287, 3247, 671, 274],
    [26, 145, 300, 346, 57, 47],
    [61, 346, 640, 959, 159, 104],
    [15, 108, 62, 133, 9, 19]
  ],
  "W": [
    [29, 75, 200, 14],
    [22, 58, 169, 9],
    [39, 130, 285, 20],
    [2, 4, 1, 2],
    [7, 46, 48, 4],
    [8, 103, 80, 11],
    [20, 236, 97, 22],
    [59, 589, 390, 55],
    [12, 199, 108, 26],
    [0, 15, 7, 1],
    [11, 31, 45, 5],
    [7, 14, 13, 4],
    [6, 33, 27, 3],
    [24, 179, 104, 29],
    [1, 18, 17, 3],
    [4, 18, 13, 3],
    [11, 72, 66, 8],
    [22, 127, 213, 31],
    [32, 143, 293, 28],
    [30, 146, 282, 36],
    [57, 215, 330, 38],
    [1, 7, 6, 0],
    [33, 158, 217, 25],
    [48, 227, 276, 34],
    [21, 103, 359, 28],
    [16, 129, 197, 26],
    [27, 143, 230, 18],
    [29, 182, 254, 21],
    [32, 158, 236, 29],
    [16, 74, 115, 12],
    [15, 48, 70, 16],
    [15, 102, 131, 18],
    [40, 154, 215, 32],
    [12, 50, 66, 18],
    [85, 314, 366, 52],
    [23, 262, 223, 30],
    [24, 166, 188, 23],
    [40, 178, 215, 38],
    [49, 295, 385, 38],
    [2, 5, 18, 0],
    [18, 47, 73, 4],
    [4, 16, 19, 1],
    [81, 161, 351, 28],
    [54, 206, 341, 48],
    [48, 162, 300, 42],
    [35, 167, 230, 44],
    [17, 75, 130, 19],
    [35, 131, 220, 29],
    [1, 6, 12, 3],
    [1, 6, 6, 0],
    [24, 85, 145, 37],
    [29, 108, 178, 28],
    [12, 113, 109, 19],
    [7, 47, 61, 7],
    [68, 475, 393, 94],
    [1, 12, 8, 4],
    [501, 2896, 3859, 534],
    [87, 325, 426, 83],
    [310, 818, 961, 180],
    [60, 127, 142, 17]
  ],
  "method": "mult",
  "cond_prob": [
    [
      [0.0010256708368, 0.74377288066, 0.10710904328, 0.09615913913, 0.0032287795248, 0.048704486568],
      [0.036960383937, 0.021116024133, 0.028123980044, 0.88504309883, 0.01818408234, 0.010572430713],
      [0.019372989186, 0.12748746893, 0.60871993195, 0.11661227915, 0.11114213929, 0.016665191497],
      [0.30883063666, 0.096385061789, 0.14575377515, 0.25076405167, 0.02243795426, 0.17582852047]
    ],
    [
      [0.00018325866969, 0.78052299298, 0.10517101047, 0.08797313674, 0.0034944965802, 0.022655104556],
      [0.017878302685, 0.025517607134, 0.031934687229, 0.89862905524, 0.020998033813, 0.0050423138993],
      [0.006984343332, 0.14258598034, 0.62172528729, 0.10089927068, 0.12080500018, 0.007000118183],
      [0.19763030338, 0.13904914038, 0.1958280398, 0.32134767143, 0.032132231597, 0.11401261341]
    ],
    [
      [0.00034424399641, 0.76039913368, 0.084694160685, 0.096891074897, 0.0034890792084, 0.054182307532],
      [0.016578212435, 0.024671525229, 0.019324698103, 0.90631921465, 0.021390714052, 0.011715635526],
      [0.0088283930867, 0.14992856454, 0.53457073965, 0.14156341284, 0.14538511919, 0.019723770699],
      [0.16576574189, 0.12037473068, 0.14160280899, 0.30270887571, 0.032418705792, 0.23712913694]
    ],
    [
      [0, 0.45538904553, 0, 0.54461095447, 0, 0],
      [0, 0, 0, 1, 0, 0],
      [0, 0.027539249569, 0.75279968367, 0.21966106676, 0, 0],
      [0, 0.030841329686, 0.12360015816, 0.84555851215, 0, 0]
    ],
    [
      [0.0010722692795, 0.65950362069, 0.12161114405, 0.13891927732, 0.0027008372799, 0.076192851375],
      [0.025906333118, 0.0030553815626, 0.010360374916, 0.93845173858, 0.011377836947, 0.010848334875],
      [0.016565331452, 0.082821420918, 0.6066067981, 0.18131781519, 0.091409832, 0.021278802338],
      [0.25141672049, 0.066874724795, 0.13875460919, 0.28888248868, 0.017510425866, 0.23656103098]
    ],
    [
      [0.0012203404609, 0.68431762314, 0.12903434709, 0.12842846575, 0.0055950560903, 0.051404167471],
      [0.031633926574, 0.0087430644101, 0.030610806215, 0.89457713304, 0.026879653598, 0.0075554161653],
      [0.017501202205, 0.085270291321, 0.58947784912, 0.13444688328, 0.16009812081, 0.013205653269],
      [0.30289515116, 0.073027279544, 0.1505985685, 0.27957971902, 0.034435051436, 0.15946423033]
    ],
    [
      [0.000708824087, 0.76637876249, 0.076193419354, 0.11559509635, 0.0027126712496, 0.038411226476],
      [0.018874316568, 0.013394546259, 0, 0.95013526169, 0.011736147939, 0.0058597275475],
      [0.028500871109, 0.14520130444, 0.4935206446, 0.18815467114, 0.13003077849, 0.014591730224],
      [0.2621318323, 0.11030842285, 0.1183922312, 0.3275078734, 0.025592279453, 0.1560673608]
    ],
    [
      [0.0014733701297, 0.69937530713, 0.081526215017, 0.12353034659, 0.0035482792422, 0.090546481896],
      [0.031214673314, 0.0089780993943, 0, 0.92864793371, 0.014192359768, 0.016966933811],
      [0.031590391768, 0.11872260136, 0.47445108281, 0.18832676506, 0.15397605604, 0.032933102963],
      [0.27649774165, 0.075398941932, 0.093709654854, 0.25982978586, 0.025103450292, 0.26946042542]
    ],
    [
      [0.00083807535448, 0.6919253346, 0.1111620517, 0.13863518518, 0.0044004547943, 0.053038898367],
      [0.021121444999, 0.0058182828628, 0.0062265782277, 0.94360810319, 0.017302803026, 0.0059227876987],
      [0.013912022274, 0.096577984768, 0.55342796778, 0.17612909067, 0.14534436406, 0.014608570442],
      [0.24170296675, 0.081101359241, 0.1406440689, 0.3283239789, 0.031028670063, 0.17719895615]
    ],
    [
      [0, 0.87006405421, 0.054590110232, 0.073628622426, 0.0017172131327, 0],
      [0, 0, 0, 0.99100723312, 0.0089927668831, 0],
      [5.7598536669e-18, 0.12141391333, 0.53893026017, 0.22167859223, 0.11797723428, 0],
      [0, 0.1501026067, 0.22748817884, 0.58314135765, 0.039267856804, 0]
    ],
    [
      [0.00021086063943, 0.74138236842, 0.090847661868, 0.10686456826, 0.0033592906415, 0.057335250168],
      [0.018174689145, 0.019008758939, 0.017153710065, 0.91589623072, 0.019154488099, 0.010612123035],
      [0.0099943320058, 0.12767851502, 0.550649652, 0.15432238093, 0.13830556997, 0.019049550076],
      [0.19690404584, 0.10199784886, 0.13793527351, 0.297439891, 0.029101604661, 0.23662133613]
    ],
    [
      [0, 0.8920130558, 0.007998968844, 0.099987975359, 0, 0],
      [0.0040078667322, 0.05701333602, 0, 0.93782909441, 0.0011497028368, 0],
      [0.027811585038, 0.25351789618, 0.28488111252, 0.21533717168, 0.21845223459, 0],
      [0.39558481507, 0.1654973137, 0.060138188849, 0.34277340473, 0.036006277653, 0]
    ],
    [
      [1.2325951644e-32, 0.67926981438, 0.056565216558, 0.11390854048, 0.0036355847159, 0.14662084387],
      [0, 0.0057719126972, 0, 0.94621432544, 0.019494951658, 0.028518810204],
      [0, 0.12959687425, 0.3862865464, 0.1958548973, 0.23043326152, 0.057828420527],
      [0, 0.078264129995, 0.076957315941, 0.26779793016, 0.037718341961, 0.53926228194]
    ],
    [
      [0.0032629524795, 0.74614326716, 0.08026622544, 0.12976573622, 0.0018234357631, 0.038738382939],
      [0.048412975113, 0.0035383014472, 0, 0.93408661365, 0.0063703846529, 0.0075917251415],
      [0.075419286491, 0.12819927879, 0.47682837214, 0.20456145932, 0.10005220162, 0.014939401637],
      [0.46248830346, 0.073326918438, 0.08563654784, 0.25550781788, 0.014155507591, 0.10888490479]
    ],
    [
      [0, 0.62472615849, 0.098085425196, 0.15814789212, 0.0027575367524, 0.11628298744],
      [9.3071259359e-18, 0, 0, 0.98822808616, 0.0052550066882, 0.0065169071491],
      [1.2984236951e-34, 0.070586151327, 0.50266613368, 0.290207608, 0.1083457776, 0.02819432939],
      [0, 0.05843642298, 0.11886343408, 0.37340574032, 0.020258041209, 0.42903636142]
    ],
    [
      [0, 0.87544928909, 0.062139633657, 0.060415588622, 0.0019954886329, 0],
      [0.030648877481, 0.068103381748, 0.019369879052, 0.86421325141, 0.017664610306, 0],
      [0.015249502402, 0.21452579574, 0.53860427151, 0.10877130897, 0.12284912139, 0],
      [0.41669222471, 0.16116887587, 0.13364270429, 0.26282403451, 0.025672160627, 0]
    ],
    [
      [0.0011314123928, 0.6534808137, 0.11141808995, 0.15606474388, 0.0080498202405, 0.069855119838],
      [0.022134187578, 0, 0.0097142230911, 0.93019051052, 0.030303816477, 0.0076572623315],
      [0.01964123679, 0.065271062001, 0.48663833391, 0.17964365592, 0.23252431744, 0.016281393942],
      [0.26219641624, 0.062977619656, 0.11960586378, 0.30663622112, 0.047871529987, 0.20071234922]
    ],
    [
      [0.0011453298268, 0.62701148946, 0.13317522154, 0.1389150618, 0.0054023671466, 0.094350530232],
      [0.02670904397, 0.0067321325469, 0.02459771146, 0.9048998619, 0.023099768776, 0.01396148135],
      [0.015655357407, 0.072562537653, 0.5895944666, 0.14812199152, 0.15029267951, 0.02377296731],
      [0.23381171071, 0.0611272864, 0.14072949629, 0.2732774834, 0.030165695256, 0.26088832795]
    ],
    [
      [0.00085111975612, 0.56378069405, 0.17060146218, 0.12951620863, 0.0069376402469, 0.12831287514],
      [0.021728181606, 0.0063558585504, 0.045824196037, 0.8763399808, 0.030311330223, 0.019440452787],
      [0.010161596352, 0.053249566279, 0.66651412076, 0.087977073945, 0.15535461181, 0.026743030848],
      [0.17458165953, 0.051714539209, 0.16783056406, 0.24148505015, 0.033020501041, 0.33136768602]
    ],
    [
      [0.0010859044955, 0.67214736051, 0.12124060753, 0.10371090251, 0.0077109666931, 0.094104258255],
      [0.03239078456, 0.014720310182, 0.038167509826, 0.85590651211, 0.040370481663, 0.018444401654],
      [0.015720215764, 0.089000521516, 0.57383288977, 0.084732913889, 0.21040087098, 0.026312588082],
      [0.24459076317, 0.071896300853, 0.13804028953, 0.22310112331, 0.042820418371, 0.27955110477]
    ],
    [
      [0.0010404952251, 0.74062277998, 0.094717045225, 0.11519353301, 0.0041129744632, 0.044313172101],
      [0.032582563029, 0.015764074073, 0.016172307098, 0.90592158286, 0.02144771372, 0.0081117592239],
      [0.019548128273, 0.12061007299, 0.53103494696, 0.15986730351, 0.15443046246, 0.014509085819],
      [0.30222522081, 0.094576356054, 0.12848815526, 0.28696363545, 0.031374984091, 0.15637164834]
    ],
    [
      [0, 0.89380968586, 0.022472865858, 0.083717448286, 0, 0],
      [0, 0, 0, 1, 0, 0],
      [0, 0.18436505236, 0.32958785569, 0.31938042529, 0.16666666667, 0],
      [0, 0.21460769985, 0.13271880052, 0.60226830252, 0.050405197095, 0]
    ],
    [
      [0.0019077441038, 0.71561543696, 0.092287420838, 0.1392198036, 0.0025030829521, 0.048466511546],
      [0.037971823977, 0.0065410538844, 0, 0.9369172067, 0.01080115206, 0.0077687633819],
      [0.032078273476, 0.1079901838, 0.51270853139, 0.2171241986, 0.11388403798, 0.016214774759],
      [0.35906043648, 0.076693367308, 0.10787055204, 0.29027506909, 0.019919199808, 0.14618137528]
    ],
    [
      [0.0017844283286, 0.74858811, 0.095689303645, 0.11998960929, 0.0055990684355, 0.028349480292],
      [0.046204292105, 0.011627716551, 0.015862792448, 0.89405930525, 0.027268122678, 0.0049777709723],
      [0.028321409596, 0.11057065674, 0.50303552888, 0.15623266643, 0.19298178714, 0.0088579512088],
      [0.40027247306, 0.085611111856, 0.11671334023, 0.26967119198, 0.037600224001, 0.090131658871]
    ],
    [
      [0.0011286675558, 0.64471721327, 0.15187909521, 0.11495587636, 0.0032641551655, 0.084054992431],
      [0.032203104068, 0.013665882787, 0.036481433574, 0.88614984206, 0.016236777239, 0.015262960273],
      [0.015333151423, 0.081197013313, 0.6915968192, 0.099057542935, 0.091165980274, 0.02164949286],
      [0.25552774649, 0.067986600534, 0.17034618754, 0.24110124824, 0.01894563455, 0.24609258265]
    ],
    [
      [0.00092529671263, 0.58540855454, 0.1510150519, 0.15794727891, 0.0091314398508, 0.09557237808],
      [0.020427274427, 0.0037709252127, 0.029238220912, 0.90005207921, 0.035611090126, 0.010900410107],
      [0.010518737979, 0.054568485831, 0.56791710645, 0.13564503175, 0.21328861578, 0.018062022208],
      [0.20299559499, 0.053731617931, 0.15124456547, 0.29400207936, 0.047777270255, 0.250248872]
    ],
    [
      [0.0008580051585, 0.73321705219, 0.093648462693, 0.10250320164, 0.0047786050943, 0.064994673225],
      [0.027973286871, 0.01977175708, 0.023075050489, 0.88898060622, 0.026773762217, 0.013425537124],
      [0.015643138782, 0.12462227606, 0.53417771463, 0.13196567859, 0.17138299922, 0.022208192716],
      [0.24326288436, 0.095147490774, 0.12838249569, 0.26422671066, 0.034679991327, 0.2343004272]
    ],
    [
      [0.00062309759742, 0.64131316731, 0.13699747808, 0.12986208096, 0.0074776463314, 0.083726529725],
      [0.017489759033, 0.0076506323776, 0.036685107881, 0.89141926956, 0.034588163868, 0.012167067282],
      [0.0087192156498, 0.07286698284, 0.59035054882, 0.11770864023, 0.19118446536, 0.019170147097],
      [0.17067205955, 0.071489972095, 0.16196876676, 0.29036657018, 0.044154677611, 0.26134795381]
    ],
    [
      [0.00038716747785, 0.68433841723, 0.13462903904, 0.11815258162, 0.011499916684, 0.050992877952],
      [0.01973901676, 0.0087644042677, 0.045514320696, 0.86461022187, 0.054494675261, 0.0068773611477],
      [0.0072991684868, 0.073393631389, 0.56144753845, 0.085423967083, 0.26289963187, 0.0095360627192],
      [0.21193938723, 0.082603371261, 0.17237893124, 0.29140158971, 0.068190719097, 0.17348600146]
    ],
    [
      [0.0015367773701, 0.5882894151, 0.11136866167, 0.14736663386, 0.0091060826241, 0.14233242938],
      [0.028831734951, 0.0016757717427, 0.016283741127, 0.89682700867, 0.036003146053, 0.02037859746],
      [0.018729447556, 0.059886637973, 0.47662770925, 0.15940793197, 0.24924722705, 0.036101046207],
      [0.22399805889, 0.048033240222, 0.10007650051, 0.24541858672, 0.043886563317, 0.33858705034]
    ],
    [
      [0.0018659489531, 0.73372387665, 0.079391219045, 0.069020682575, 0.0019377912974, 0.11406048148],
      [0.037830353325, 0.037483950739, 0.02157088014, 0.84846783156, 0.015462797422, 0.039184186813],
      [0.023188225834, 0.16727713102, 0.55874152907, 0.091157784744, 0.099723699571, 0.05991162976],
      [0.22081112486, 0.09284456522, 0.10386390203, 0.17857430715, 0.01550374277, 0.38840235798]
    ],
    [
      [0.00092467963735, 0.72030131261, 0.09221479457, 0.090975542395, 0.0040819094449, 0.091501761346],
      [0.029082106407, 0.024102303413, 0.028310878533, 0.87066214378, 0.025262881038, 0.022579686833],
      [0.016265437232, 0.13072381996, 0.55373040868, 0.11255825795, 0.15157483841, 0.03514723776],
      [0.21605459302, 0.089568052649, 0.12168805187, 0.2268164671, 0.028091870004, 0.31778096535]
    ],
    [
      [0.0012892819371, 0.68031588953, 0.10867326248, 0.1069626801, 0.0026298237597, 0.1001290622],
      [0.030486100856, 0.01621193921, 0.023638745805, 0.89383609578, 0.014190193611, 0.021636924734],
      [0.018599983588, 0.11088729207, 0.60403350417, 0.13684435675, 0.093804137816, 0.035830725607],
      [0.22670539747, 0.076561187028, 0.12954685157, 0.23903741702, 0.016925862599, 0.3112232843]
    ],
    [
      [0, 0.82151222512, 0.080636230608, 0.079312373803, 0.0033525308858, 0.015186639584],
      [0.034063240199, 0.038653339469, 0.02624502063, 0.87494423555, 0.02273724475, 0.0033569193982],
      [0.015106562677, 0.17759311338, 0.54790949612, 0.11342100202, 0.14046533082, 0.0055044949843],
      [0.34998915852, 0.13822449122, 0.14211596984, 0.26751408909, 0.030677530991, 0.07147876034]
    ],
    [
      [0.00056448090701, 0.71495349116, 0.098678118954, 0.093973422685, 0.0030259996037, 0.088804486691],
      [0.02009410461, 0.026109722655, 0.027286973865, 0.88797018089, 0.017922712475, 0.020616305506],
      [0.011114899282, 0.13391704767, 0.58705653366, 0.12300624632, 0.11191622152, 0.032989051549],
      [0.16489263727, 0.096478094019, 0.13810689955, 0.25325646382, 0.022186946961, 0.32507895838]
    ],
    [
      [0.0015720356989, 0.70121914849, 0.089194586706, 0.12049941537, 0.0059279531261, 0.081586860603],
      [0.039343408398, 0.011130335732, 0.0098506771266, 0.89737460411, 0.027022704185, 0.015278270444],
      [0.024887848522, 0.1065439773, 0.47260095823, 0.15977616756, 0.20931203873, 0.026879009645],
      [0.30352933194, 0.0732168228, 0.099254447076, 0.24954272673, 0.036904131486, 0.23755253996]
    ],
    [
      [0.00073315677829, 0.5796779496, 0.13768524286, 0.1657235687, 0.0060348888186, 0.11014519325],
      [0.014533395427, 0, 0.013874622155, 0.93786462812, 0.021796179651, 0.011931174648],
      [0.010479649309, 0.057590351432, 0.56453737849, 0.18132708187, 0.16198815474, 0.024077384166],
      [0.15650810985, 0.054814919152, 0.14171042337, 0.31511368229, 0.034053206762, 0.29779965858]
    ],
    [
      [0.0012823248256, 0.71922176394, 0.097203938392, 0.1146984794, 0.0063720346475, 0.0612214588],
      [0.035015355976, 0.012749629824, 0.021154428174, 0.88795909904, 0.031917947194, 0.011203539797],
      [0.020446701924, 0.10612343423, 0.50611397288, 0.14130462287, 0.20699503887, 0.019016229227],
      [0.29789296657, 0.082767288824, 0.11925921261, 0.262495981, 0.041047122565, 0.19653742843]
    ],
    [
      [0.0006683422719, 0.7239335429, 0.091449468842, 0.1178122745, 0.0050194793809, 0.061116892107],
      [0.021048530217, 0.014444785323, 0.014458948836, 0.91429631963, 0.025233662508, 0.010517753489],
      [0.01251429883, 0.11591626209, 0.50487959917, 0.16347696549, 0.18394610556, 0.019266768855],
      [0.20894552013, 0.095744311116, 0.1282879063, 0.30450401432, 0.039233274491, 0.22328497364]
    ],
    [
      [0.0020161217073, 0.81732797304, 0.072316189052, 0.10509101563, 0.0032487005665, 0],
      [0.054956035532, 0.014053620968, 0.010309010659, 0.90278396536, 0.017897367482, 0],
      [0.040065976607, 0.12750421939, 0.48910125381, 0.18199434122, 0.16133420897, 0],
      [0.68093244879, 0.05802305384, 0.066846942111, 0.17575084005, 0.018446715209, 0]
    ],
    [
      [0.0015167023363, 0.74191009329, 0.073567781942, 0.14860386341, 0.0023309465567, 0.032070612465],
      [0.029407962142, 0.0044943289535, 0, 0.94730055005, 0.014122725242, 0.0046744336157],
      [0.029444441825, 0.11087018955, 0.44219782196, 0.2401876498, 0.16672562514, 0.010574271719],
      [0.36027022102, 0.085215255743, 0.098834730475, 0.31707654271, 0.03082606001, 0.10777719005]
    ],
    [
      [0.0019865870918, 0.77072970916, 0.07252482945, 0.098444986843, 0.0025403562303, 0.05377353122],
      [0.054480449827, 0.017892784005, 0.0050942415795, 0.89448274839, 0.016089330093, 0.011960446101],
      [0.035445672969, 0.1346814185, 0.50239960574, 0.16293967773, 0.14277242673, 0.021761198328],
      [0.44689866799, 0.071849667708, 0.082800307929, 0.19864220136, 0.019733185724, 0.18007596929]
    ],
    [
      [0.0001568023025, 0.78504792462, 0.067662882954, 0.099437456229, 0.0016995169831, 0.04599541691],
      [0.016580920621, 0.030319752763, 0.0082230540536, 0.91909735615, 0.015652883288, 0.010126033126],
      [0.0096901351666, 0.18178346014, 0.48903148016, 0.17073982218, 0.12977704209, 0.01897806026],
      [0.17559047679, 0.13298726436, 0.12661947289, 0.32290050424, 0.028231540798, 0.21367074093]
    ],
    [
      [0.0013209382901, 0.68859843695, 0.10122183139, 0.12750728032, 0.004984087169, 0.076367425884],
      [0.03100462622, 0.0097699309333, 0.015181202862, 0.9075991528, 0.023424037694, 0.013021049491],
      [0.019840253285, 0.097334412658, 0.52116782513, 0.16703998199, 0.17108095782, 0.023536569119],
      [0.26617062419, 0.075250914918, 0.11850968636, 0.27476140682, 0.032643769018, 0.2326635987]
    ],
    [
      [0.0015343572327, 0.7383612227, 0.070030496514, 0.096462076789, 0.0040625036988, 0.089549343065],
      [0.036043253652, 0.023428229816, 0.011409205492, 0.88120019819, 0.026009671782, 0.021909441071],
      [0.023975794368, 0.14657405823, 0.44999720744, 0.14650419273, 0.19406617892, 0.038882568306],
      [0.25939536787, 0.09026358595, 0.090263872495, 0.23009834261, 0.032656650414, 0.29732218066]
    ],
    [
      [0.001127418547, 0.69784079333, 0.092358134218, 0.13091360699, 0.0046817186473, 0.073078328264],
      [0.027758255885, 0.0088925195693, 0.0080807877711, 0.92183417718, 0.021523557536, 0.01191070206],
      [0.018315158751, 0.10277008997, 0.49346996105, 0.18530462292, 0.17722388206, 0.022916285247],
      [0.25255511603, 0.078486381205, 0.11181551597, 0.29208302032, 0.033641201485, 0.231418765]
    ],
    [
      [0.0020411218868, 0.7641041224, 0.080901039371, 0.11727237038, 0.0060883900627, 0.029592955893],
      [0.049857696283, 0.013902906042, 0.011399883616, 0.88906085292, 0.030278269456, 0.005500391678],
      [0.032577624724, 0.11806440122, 0.44553612659, 0.16435499055, 0.22943536635, 0.01003149057],
      [0.42057276277, 0.085217884619, 0.097368137022, 0.26108720857, 0.042054185979, 0.093699821043]
    ],
    [
      [0.00082623832795, 0.72378058164, 0.085914729647, 0.099703713089, 0.0018968512061, 0.08787788609],
      [0.023709394584, 0.02330199408, 0.013575905348, 0.9070427063, 0.011924321508, 0.020445678183],
      [0.01505295694, 0.14472793985, 0.55782606608, 0.15557279533, 0.090437488479, 0.036382753315],
      [0.19150001521, 0.095688677606, 0.12044159735, 0.25730208775, 0.016388849131, 0.31867877295]
    ],
    [
      [0, 0.81823084071, 0.068483634384, 0.064293726417, 0.0049236360509, 0.044068162442],
      [0.023044140775, 0.026354323485, 0.03040244336, 0.87262006542, 0.037586348839, 0.0099926781229],
      [0.0062347402208, 0.14203971946, 0.53115639013, 0.086752242565, 0.2198430623, 0.013973845328],
      [0.2623060909, 0.10638886164, 0.12507500796, 0.2196529901, 0.043813841112, 0.24276320829]
    ],
    [
      [0, 0.79646171689, 0.078226682807, 0.1179107898, 0.0074008105023, 0],
      [0, 0, 0, 0.96419750933, 0.035802490675, 0],
      [0, 0.033923047185, 0.48696221953, 0.18281735904, 0.29629737424, 0],
      [6.9388939039e-17, 0.11439972678, 0.21096501371, 0.56610071978, 0.10853453973, 0]
    ],
    [
      [0.0050092213587, 0.8112017842, 0.044335722027, 0.079089565088, 0.00021024195081, 0.06015346538],
      [0.067697376057, 0.035197194059, 0, 0.86826705479, 0.0069771393953, 0.021861235697],
      [0.070932032913, 0.22532371716, 0.4056399261, 0.16609673004, 0.089847830056, 0.042159763729],
      [0.42811775541, 0.10452585665, 0.057247388821, 0.19500337635, 0.010107080714, 0.20499854205]
    ],
    [
      [0.0014469655056, 0.73743144155, 0.095958787413, 0.086603255117, 0.004912738286, 0.073646812127],
      [0.042015971951, 0.024892213433, 0.030569655202, 0.85481007704, 0.029312650843, 0.018399431532],
      [0.022934240657, 0.13151981939, 0.55334063721, 0.096663218188, 0.16751298235, 0.028029102207],
      [0.29778636403, 0.089842903318, 0.12217996358, 0.21296301585, 0.031230480003, 0.24599727322]
    ],
    [
      [0.0001106180505, 0.77692007135, 0.060648878678, 0.10363033768, 0.0065208570794, 0.052169237154],
      [0.0069956222585, 0.020792516752, 0.0083964847597, 0.92029720425, 0.03627289964, 0.0072452723369],
      [0.0038740039982, 0.14528508063, 0.38746388021, 0.16657775842, 0.28031093695, 0.016488339781],
      [0.093994780651, 0.1311226822, 0.10999198605, 0.34767769469, 0.066790522515, 0.25042233389]
    ],
    [
      [0.0010973018119, 0.69227799194, 0.07402705797, 0.14156649125, 0.0033662643043, 0.087664892723],
      [0.013186653144, 0.0042537888807, 0, 0.95774263001, 0.011668948257, 0.013147979709],
      [0.028221592313, 0.10570315171, 0.42415106236, 0.24407648451, 0.16773456372, 0.030113145381],
      [0.23586129406, 0.072319103557, 0.086942255715, 0.30092362794, 0.028026742103, 0.27592697662]
    ],
    [
      [0.0011353875919, 0.709943774, 0.082886313373, 0.1204355051, 0.0028015374688, 0.082797482461],
      [0.026111671299, 0.012088214655, 0, 0.93287694247, 0.01293432158, 0.015988849992],
      [0.021615948929, 0.1247466676, 0.5025926851, 0.18903615871, 0.13111430062, 0.030894239044],
      [0.23430512604, 0.084643415308, 0.10473197285, 0.28087901709, 0.022742261243, 0.27269820747]
    ],
    [
      [0.017894698877, 0, 0.52505395649, 0.42005350464, 0.036997839993, 0],
      [0.13340376049, 0, 0.028078847211, 0.78479094495, 0.053726447345, 0],
      [0.069399741232, 0, 0.58913735285, 0.073130429757, 0.26833247616, 0],
      [0.70651556135, 0, 0.10622526354, 0.14435292946, 0.042906245652, 0]
    ],
    [
      [0.00095846562001, 0.74273747459, 0.092604112419, 0.098318006319, 0.0040728432527, 0.061309097805],
      [0.031494762468, 0.023073145781, 0.023845265763, 0.88428900464, 0.02376441545, 0.013533405895],
      [0.017775127738, 0.13447497973, 0.5448481572, 0.12937197497, 0.1513348815, 0.022194878862],
      [0.26164187018, 0.099493910628, 0.12917680037, 0.2576690449, 0.030218072431, 0.22180030149]
    ],
    [
      [0.00033241647319, 0.73853585663, 0.10507251358, 0.080326015294, 0.0034254628315, 0.07230773519],
      [0.021331958685, 0.032594675879, 0.041376172787, 0.86580230662, 0.021110537108, 0.017784348923],
      [0.0099166774373, 0.14335815501, 0.62036484473, 0.088087956103, 0.11227907164, 0.025993295082],
      [0.17847817597, 0.10944020216, 0.15826519649, 0.24217370745, 0.024218983782, 0.28742373414]
    ],
    [
      [0.00045003532694, 0.69659250936, 0.11033142266, 0.11260900442, 0.0045279122608, 0.075489115979],
      [0.020200676279, 0.013903854085, 0.027004619185, 0.90314675161, 0.022344008198, 0.013400090645],
      [0.011135414602, 0.10687227855, 0.57987939335, 0.139824688, 0.13940237613, 0.022885849362],
      [0.18686223567, 0.088770609816, 0.14690768595, 0.28303133695, 0.029740361273, 0.26468777034]
    ],
    [
      [0.00079451974125, 0.84612537319, 0.029981495987, 0.054012672088, 0, 0.069085938998],
      [0.029893290091, 0.088909414086, 0, 0.8516728706, 0.0029385777913, 0.026585847436],
      [0.042420853479, 0.30746438253, 0.41547093285, 0.12824778351, 0.059766769228, 0.046629278403],
      [0.30188939882, 0.13417880592, 0.070837516264, 0.19915293236, 0.0082305523643, 0.28571079427]
    ]
  ],
  "expected_outcome": [
    [
      [0.029744454267, 0.0040316907333, 0.01342551586, 0, 0.0075058849566, 0.0097627236872, 0.01417648174, 0.08692883765, 0.010056904254, 0, 0.0023194670337, 0, 7.3955709864e-32, 0.078310859507, 0, 0, 0.012445536321, 0.025197256189, 0.027235832196, 0.032577134864, 0.059308227831, 0, 0.062955555424, 0.085652559774, 0.023702018672, 0.014804747402, 0.02316613928, 0.018069830325, 0.012389359291, 0.024588437921, 0.027989234296, 0.01387019456, 0.051571277485, 0, 0.047980877095, 0.036156821075, 0.017595762679, 0.051292993024, 0.032748771323, 0.0040322434147, 0.027300642054, 0.0079463483674, 0.012700986502, 0.071330667665, 0.073649147169, 0.039459649146, 0.034699072076, 0.028918341478, 0, 0, 0.12022131261, 0.041961999663, 0.001327416606, 0.0076811126832, 0.077206356247, 0.017894698877, 0.48019127562, 0.028920233167, 0.13951095135, 0.047671184475],
      [21.5694135391, 17.1715058457, 29.6555662136, 0.91077809106, 4.6165253449, 5.4745409851, 15.3275752497, 41.2631431206, 8.3031040151, 0, 8.1552060526, 6.2440913906, 4.0756188863, 17.9074384118, 0.62472615849, 3.5017971564, 7.1882889507, 13.794252768, 18.0409822096, 20.1644208153, 42.2154984588, 0.89380968586, 23.6153094196, 35.9322292802, 13.5390614788, 9.3665368726, 19.7968604092, 18.5980818519, 21.8988293513, 9.4126306415, 11.0058581498, 10.8045196891, 27.2126355811, 9.8581467014, 60.7710467485, 16.1280404154, 13.9122707903, 28.7688705575, 35.4727436019, 1.6346559461, 13.3543816792, 3.0829188367, 63.5888818944, 37.1843155954, 35.4413386896, 24.4244277667, 12.9897700808, 25.3323203574, 0.81823084071, 0.79646171689, 19.4688428207, 21.385511805, 9.3230408562, 4.8459459436, 48.2761766322, 0, 372.1114747672, 64.2526195267, 215.9436779005, 50.7675223912],
      [3.1061622552, 2.3137622303, 3.3030722667, 0, 0.85127800834, 1.0322747767, 1.5238683871, 4.810046686, 1.3339446205, 0, 0.99932428054, 0.055992781908, 0.33939129935, 1.9263894106, 0.098085425196, 0.24855853463, 1.2255989895, 2.9298548739, 5.4592467897, 3.637218226, 5.3988715778, 0.022472865858, 3.0454848876, 4.593086575, 3.1894609995, 2.4162408305, 2.5285084927, 3.9729268643, 4.3081292491, 1.7818985868, 1.1908682857, 1.3832219185, 4.3469304993, 0.9676347673, 8.3876401111, 2.0514754942, 3.3044458287, 3.8881575357, 4.4810239733, 0.1446323781, 1.324220075, 0.2900993178, 5.4806935192, 5.4659788949, 3.3614638327, 3.2325346976, 1.3753176693, 3.0070155376, 0.068483634384, 0.078226682807, 1.0640573287, 2.782804835, 0.72778654414, 0.51818940579, 5.6362693094, 0.52505395649, 46.3946603218, 9.1413086818, 34.2027410247, 1.7988897592],
      [2.7886150348, 1.9354090083, 3.778751921, 1.0892219089, 0.97243494126, 1.027427726, 2.3119019269, 7.2882904487, 1.6636222222, 0, 1.1755102509, 0.69991582751, 0.68345124288, 3.1143776693, 0.15814789212, 0.24166235449, 1.7167121826, 3.0561313596, 4.1445186761, 3.1113270754, 6.5660313814, 0.083717448286, 4.5942535189, 5.7595012462, 2.4140734036, 2.5271564626, 2.7675864442, 3.7660003479, 3.7808826119, 2.3578661417, 1.0353102386, 1.3646331359, 4.2785072039, 0.95174848563, 7.9877409282, 2.7714865536, 3.9773656487, 4.5879391758, 5.7728014506, 0.21018203126, 2.6748695414, 0.39377994737, 8.0544339545, 6.8853931372, 4.6301796859, 4.5819762446, 1.9936302965, 3.4896299581, 0.064293726417, 0.1179107898, 1.8981495621, 2.5114943984, 1.2435640522, 0.99096543873, 8.189614347, 0.42005350464, 49.2573211657, 6.9883633306, 34.9087913691, 3.2407603253],
      [0.09363460622, 0.076878924765, 0.13607408913, 0, 0.018905860959, 0.044760448722, 0.054253424993, 0.20934847529, 0.052805457532, 0, 0.036952197057, 0, 0.021813508295, 0.043762458316, 0.0027575367524, 0.0079819545316, 0.088548022645, 0.11885207723, 0.2220044879, 0.23132900079, 0.2344395444, 0, 0.082601737418, 0.26875528491, 0.068547258476, 0.14610303761, 0.12902233755, 0.21685174361, 0.36799733388, 0.14569732199, 0.029066869461, 0.061228641673, 0.10519295039, 0.04023037063, 0.25720996631, 0.1363429219, 0.14483733165, 0.2548813859, 0.24595448966, 0.006497401133, 0.04195703802, 0.010161424921, 0.13766087563, 0.26914070712, 0.19500017754, 0.16386015265, 0.10350263107, 0.066389792212, 0.0049236360509, 0.0074008105023, 0.0050458068194, 0.14246941029, 0.078250284953, 0.02356385013, 0.19050454788, 0.036997839993, 2.0404944696, 0.29801526634, 1.4036528008, 0],
      [1.4124301105, 0.49841230023, 2.1131099938, 0, 0.53334995963, 0.41123333977, 0.76822452951, 5.3422424318, 0.63646678041, 0, 0.63068775185, 0, 0.87972506321, 0.92972119053, 0.11628298744, 0, 0.76840631821, 2.0757116651, 4.1060120045, 2.8231277476, 2.5258508097, 0, 1.599394881, 1.360775054, 1.765154841, 1.5291580493, 1.7548561771, 2.428069362, 1.6317720945, 2.27731887, 1.7109072222, 1.3725264202, 4.0051624879, 0.18223967501, 7.5483813687, 1.8764977939, 2.6434846379, 2.448858352, 2.9947277132, 0, 0.57727102436, 0.21509412488, 3.7256287697, 4.1238409977, 4.2983684671, 2.5577414893, 0.50308025018, 3.0757260132, 0.044068162442, 0, 1.4436831691, 2.1357575517, 0.62603084585, 0.61365424906, 5.6302288074, 0, 30.7158580001, 6.2907729615, 23.4016259535, 4.1451563399]
    ],
    [
      [2.7720287953, 1.0369415557, 2.1551676166, 0, 1.1916913234, 3.2582944371, 4.45433871, 18.3854425821, 4.2031675548, 0, 0.5634153635, 0.056110134251, 0, 8.6659225452, 1.6752826685e-16, 0.55167979466, 1.5936615056, 3.3920485842, 3.1071299697, 4.7290545458, 7.0052510513, 0, 5.9995481884, 10.4883743077, 3.316919719, 2.6351184011, 4.0001800226, 3.1831361441, 3.1187646481, 2.1335483864, 1.8158569596, 2.9663748535, 4.6948595318, 1.70316201, 6.3095488476, 10.3079730002, 2.4125436409, 6.2327333637, 6.2093164141, 0.27478017766, 1.3821742207, 0.87168719724, 2.66952822, 6.3869530013, 5.8390070917, 4.6356287328, 3.7393272212, 3.1059306905, 0.13826484465, 0, 5.7542769649, 4.5377249707, 0.79050531521, 0.61977269776, 12.4030438671, 1.6008451259, 91.2088321081, 6.9328865726, 16.5241531963, 3.7964478415],
      [1.58370181, 1.4800212138, 3.2072982798, 0, 0.14054755188, 0.90053563424, 3.1611129172, 5.2881005432, 1.1578382897, 0, 0.58927152711, 0.79818670428, 0.19047311901, 0.63335595904, 0, 1.2258608715, 0, 0.85498083346, 0.90888777271, 2.1491652866, 3.3892759256, 0, 1.0334865137, 2.639491657, 1.407585927, 0.48644935243, 2.8273612625, 1.3924150927, 1.3847758743, 0.12400710896, 1.7992296355, 2.4584349481, 2.4966386383, 1.9326669734, 8.1984529138, 2.9161479617, 0, 2.2694341086, 4.2612116703, 0.070268104838, 0.21123346081, 0.28628454408, 4.8814801949, 2.0126057723, 3.7953732303, 1.4850507681, 1.0427179532, 3.0525612245, 0.15812594091, 0, 2.991761495, 2.6883590508, 2.349554393, 0.1999280774, 5.7419019611, 0, 66.8198301827, 10.5932696608, 11.3733526416, 11.2914955889],
      [2.1092985033, 1.8522118593, 2.5122107533, 0, 0.47657724614, 3.1529130402, 0, 0, 1.2390890673, 0, 0.531765012, 0, 0, 0, 0, 0.34865782294, 0.69942406256, 3.1239093554, 6.5528600333, 5.5724564346, 3.4770460261, 0, 0, 3.6008538858, 3.7575876581, 3.7717304976, 3.2997322199, 6.6766896344, 7.1912626699, 1.2049968434, 1.0354022467, 2.8877096103, 3.640366854, 1.3122510315, 8.5681097935, 2.5808774072, 2.3031872777, 3.7654882149, 4.2653899067, 0.051545053293, 0, 0.081507865273, 1.3239117026, 3.1273277895, 1.8482912897, 1.3494915578, 0.8549912712, 1.7784436006, 0.18241466016, 0, 0, 3.3015227618, 0.94880277784, 0, 0, 0.33694616654, 69.0558896488, 13.4472561557, 22.0897784932, 0],
      [66.3782324124, 52.1204852039, 117.8214979051, 4, 43.1687799748, 92.1414447028, 224.2319217581, 546.9736329566, 187.778012534, 14.8651084968, 28.3927831522, 13.1296073218, 31.2250727396, 167.2015038426, 17.7881055509, 15.5558385254, 66.9737167576, 114.9222824609, 125.3166172539, 124.9623507688, 194.7731403139, 7, 148.0329186581, 202.9514622909, 91.2734337321, 116.1067182187, 127.1242266894, 162.2383070594, 136.6084150551, 66.3651986412, 40.7264559149, 88.8075386651, 137.6507587509, 43.7472117777, 278.8226367992, 235.112146278, 155.6855282678, 158.0567196284, 269.7174142899, 4.5139198268, 44.5231258522, 14.3117239743, 147.9746743399, 186.965425477, 142.754432106, 153.9463075889, 66.6795639693, 118.8225945248, 5.2357203925, 5.785185056, 73.8026996572, 92.3194883203, 103.9935840806, 45.0139036104, 443.1165476753, 9.4174913394, 2560.9009574433, 281.3857496508, 738.7740428152, 108.1624545657],
      [1.3638061755, 1.2178859611, 2.7807928267, 0, 0.52338049955, 2.7686043206, 2.7697309135, 8.3592999031, 3.4432578022, 0.13489150325, 0.59378913107, 0.016095839715, 0.6433334047, 1.1402988529, 0.094590120388, 0.31796298551, 2.1818747863, 2.9336706345, 4.3345202219, 5.8940903228, 4.6112584499, 0, 1.7065820254, 6.1898638479, 1.6723880556, 4.5938306263, 3.828647997, 6.295045824, 8.6101586913, 2.6642328079, 0.74221427624, 2.5768138659, 2.185289816, 1.1368622375, 5.627731717, 7.0799484965, 3.6181658221, 5.6813946005, 7.4439304397, 0.089486837409, 0.66376808637, 0.25742928149, 2.5201142093, 4.8253517649, 4.2135668288, 3.5944341084, 2.2708702092, 1.5620861175, 0.22551809303, 0.21481494405, 0.5930568486, 3.165766291, 4.0988376593, 0.54844056808, 6.1438027503, 0.64471736814, 68.8217471438, 6.8609245601, 18.2773987059, 0.3731993795],
      [0.79293230349, 0.29245420616, 1.5230326184, 0, 0.49902340424, 0.77820786502, 1.3828957012, 9.9935240149, 1.178634752, 0, 0.32897581409, 0, 0.94112073673, 1.3589188003, 0.11730432868, 0, 0.55132288787, 1.7731081315, 2.7799847485, 2.6928826414, 1.7440282331, 0, 1.2274646143, 1.1299540107, 1.5720849081, 1.4061529039, 1.9198518087, 2.2144062454, 1.0866230613, 1.508016212, 1.880840967, 2.303128057, 3.332086409, 0.16784596991, 6.4735199288, 4.0029068564, 1.9805749915, 1.9942300839, 3.1027372792, 0, 0.21969837994, 0.19136713761, 1.6302913332, 2.6823361951, 3.5493294535, 1.989087244, 0.41252937585, 2.678383842, 0.059956068738, 0, 1.8582050343, 1.9871386054, 0.81871577407, 0.61795504631, 7.5947037462, 0, 39.1927434732, 5.7799134, 10.9612741477, 3.3764026244]
    ],
    [
      [3.8745978372, 1.1803540231, 2.5160920297, 0, 0.79513590968, 1.4000961764, 2.7645844976, 12.3202527894, 1.5024984055, 4.0318975668e-17, 0.44974494026, 0.36155060549, 0, 7.843605795, 2.2073202817e-33, 0.19824353123, 1.2963216282, 3.3345911276, 2.9773477312, 4.4331008453, 6.45088233, 0, 6.9609853443, 7.8167090486, 5.5046013607, 2.0721913818, 3.5979219198, 2.2146807751, 1.7226037629, 2.153886469, 1.6231758084, 2.1307722775, 3.9989964715, 0.99703313667, 4.0680531371, 5.5499902204, 1.97017407, 4.3960409137, 4.8180050495, 0.72118757892, 2.1494442532, 0.6734677864, 3.4012374435, 6.76552637, 7.1927383105, 4.2124865127, 4.2350912141, 3.3116505269, 0.07481688265, 0, 10.2851447724, 4.0822948369, 0.42226643581, 1.7215171311, 8.4950679291, 0.55519792986, 68.5942179399, 4.2245045883, 10.7011334324, 6.0237611941],
      [25.4974937859, 24.0970306771, 42.729640893, 0.027539249569, 3.9754282041, 6.8216233057, 14.0845265305, 46.3018145299, 10.4304223549, 0.8498973933, 5.7455331759, 3.2957326503, 3.4991156047, 13.3327249945, 1.1999645726, 2.7888353446, 4.3078900921, 15.4558205201, 15.6021229198, 25.0981470674, 39.8013240855, 1.1061903141, 23.433869884, 30.5175012597, 29.1497277793, 10.7499917087, 28.6631234944, 18.5082136414, 17.3208970078, 6.8869633669, 11.7093991712, 17.1248204151, 23.8407677958, 11.7211454832, 49.0136394487, 23.759306939, 10.8269860692, 22.8165383585, 44.6277609053, 2.2950759491, 8.093523837, 2.5589469516, 63.8059945087, 33.1910347162, 43.9722174702, 23.6371206922, 15.3483721582, 31.8401467675, 1.7044766335, 0.20353828311, 32.6719389882, 23.4105278513, 15.836073789, 6.4478922541, 49.0254403677, 0, 518.938946775, 61.0705740336, 102.704259691, 43.6599423193],
      [121.7439863895, 105.0715735522, 152.3526608002, 0.75279968367, 29.1171263087, 47.1582279295, 47.8715025265, 185.0359222971, 59.7702205207, 3.7725118212, 24.7792343399, 3.7034544627, 10.4297367528, 49.5901507021, 8.5453242726, 7.0018555296, 32.1181300377, 125.5836213857, 195.2886373835, 161.8208749163, 175.2415324963, 1.9775271341, 111.2577513113, 138.8378059713, 248.2832580912, 111.8796699697, 122.860874365, 149.9490393994, 132.501619075, 54.8121865636, 39.1119070352, 72.5386835374, 129.8672033965, 36.1620267441, 214.8626913186, 105.3900136863, 106.1330271561, 108.8145041701, 194.3786456808, 8.8038225686, 32.2804410031, 9.545592509, 171.6500495373, 177.7182283706, 134.9991622328, 113.4980910421, 57.9196964561, 122.7217345385, 6.3738766816, 2.9217733172, 58.817789285, 98.4946334229, 42.233562943, 25.8732148042, 197.5189252426, 4.7130988228, 2102.5690386341, 264.2754238535, 557.2640970118, 58.9968724643],
