{
  "Z_true": {},
  "V_true": [
    [24, 20, 1345, 241],
    [1004, 304, 242, 33],
    [989, 4919, 636, 198],
    [318, 72, 18278, 462],
    [117, 583, 563, 180],
    [223, 318, 770, 346]
  ],
  "p_true": [
    [0.0147, 0.0123, 0.8252, 0.1479],
    [0.6342, 0.192, 0.1529, 0.0208],
    [0.1467, 0.7296, 0.0943, 0.0294],
    [0.0166, 0.0038, 0.9555, 0.0242],
    [0.0811, 0.404, 0.3902, 0.1247],
    [0.1346, 0.1919, 0.4647, 0.2088]
  ],
  "Z_est": {},
  "V_est": [
    [0, 0, 1264.2707, 365.7293],
    [1583, 0, 0, 0],
    [66.5752, 5653.501, 528.9112, 493.0126],
    [0, 0, 19130, 0],
    [0, 562.499, 700.6314, 179.8695],
    [1025.4248, 0, 210.1866, 421.3886]
  ],
  "p_est": [
    [0, 0, 0.7756, 0.2244],
    [1, 0, 0, 0],
    [0.0099, 0.8385, 0.0785, 0.0731],
    [0, 0, 1, 0],
    [0, 0.3898, 0.4855, 0.1246],
    [0.6188, 0, 0.1268, 0.2543]
  ],
  "EI_Z": {},
  "EI_V": 11.1875,
  "MAE_Z": {},
  "MAE_V": 300.0573,
  "MAE_p": 0.1054,
  "runtime": 0.0377
}
