{
  "Z_true": {},
  "V_true": [
    [70, 12, 53, 219, 440, 110],
    [67, 37, 9, 560, 251, 29],
    [36, 19, 978, 184, 212, 21],
    [55, 1181, 39, 158, 166, 13],
    [83, 52, 480, 338, 561, 118],
    [312, 40, 85, 5818, 354, 53],
    [224, 22, 61, 198, 6155, 67],
    [317, 317, 186, 791, 871, 319]
  ],
  "p_true": [
    [0.0774, 0.0133, 0.0586, 0.2423, 0.4867, 0.1217],
    [0.0703, 0.0388, 0.0094, 0.5876, 0.2634, 0.0304],
    [0.0248, 0.0131, 0.6745, 0.1269, 0.1462, 0.0145],
    [0.0341, 0.7326, 0.0242, 0.098, 0.103, 0.0081],
    [0.0509, 0.0319, 0.2941, 0.2071, 0.3438, 0.0723],
    [0.0468, 0.006, 0.0128, 0.8733, 0.0531, 0.008],
    [0.0333, 0.0033, 0.0091, 0.0294, 0.915, 0.01],
    [0.1132, 0.1132, 0.0664, 0.2824, 0.311, 0.1139]
  ],
  "Z_est": [
    [
      [1.3628, 2.1566, 2.2021, 1.3755, 1.9613, 4.5186, 8.2726, 3.3422, 2.4953, 2.0943, 3.473, 2.5719, 3.358, 2.6704, 2.8672, 2.2301, 2.5117, 1.1879, 2.0163, 2.4613, 1.1064, 2.5494, 0.951, 2.6117, 4.1034, 6.1198, 7.2815, 4.2383, 3.1951, 2.7411, 2.727, 1.4811, 2.9984, 2.063, 1.3888, 1.961, 5.7702, 6.5216, 1.589, 3.2549, 3.2093, 2.3878, 2.2576, 3.6253, 0.7498, 5.1821, 4.4089, 7.2436, 1.7427, 3.0632, 3.1161, 4.2219, 11.4649],
      [0.007, 0.0135, 0, 0.0059, 0, 0.02, 0, 0.054, 0, 0, 0, 0, 0.0009, 0.0227, 0, 0, 0.0175, 0.0109, 0.0023, 0.0165, 0, 0, 0, 0, 0.063, 0, 0, 0, 0, 0, 0.0306, 0, 0.0139, 0, 0.0183, 0.0107, 0.0391, 0.0032, 0.0261, 0, 0.0277, 0.0053, 0, 0, 0.0088, 0, 0, 0, 0.0007, 0.0337, 0, 0, 0],
      [0.0719, 0, 0.0216, 0.133, 0.1006, 0.1695, 0.3804, 0, 0, 0.0381, 0.0939, 0.0572, 0.0977, 0.0845, 0.1713, 0.0254, 0.1079, 0.0655, 0.062, 0.0611, 0.0927, 0.1147, 0.0168, 0.0735, 0.0802, 0.1674, 0.2585, 0.1062, 0.2335, 0.0562, 0.0607, 0.0887, 0.0766, 0.1258, 0.0395, 0.0343, 0.1124, 0, 0.0846, 0.0595, 0.0434, 0.0783, 0.1162, 0.0683, 0.1146, 0.1523, 0.0417, 0.2086, 0.0432, 0.1414, 0.1184, 0.2724, 0.6139],
      [0.5206, 0.7726, 0.3665, 1.045, 1.3691, 1.4999, 2.2249, 1.0763, 0.4647, 0.3875, 0.7824, 0.53, 0.8584, 0.8275, 1.4449, 0.8714, 1.0242, 0.8199, 1.1625, 0.9315, 0.7281, 0.6245, 0.4186, 1.0708, 1.9287, 1.2994, 1.1797, 0.9431, 1.3793, 0.605, 1.417, 0.6953, 0.7008, 1.1464, 0.4481, 0.5217, 0.8869, 1.9331, 0.9611, 0.8938, 0.7853, 0.6518, 0.8487, 0.8732, 0.6941, 1.0804, 1.0934, 1.9241, 0.3821, 0.8318, 1.0995, 1.8142, 5.9495],
      [4.6834, 7.6149, 4.8882, 14.7986, 14.1992, 14.615, 19.2028, 10.2066, 5.7194, 5.2465, 11.5784, 5.3184, 8.2712, 9.3949, 15.5068, 8.5515, 7.637, 7.4204, 9.904, 7.7716, 5.5417, 7.5075, 4.4229, 9.9992, 21.4172, 18.8257, 27.9196, 13.518, 23.0936, 7.3408, 12.1192, 8.2071, 8.9463, 11.5488, 4.8996, 6.3102, 10.6242, 16.8961, 10.4563, 8.4799, 8.2904, 6.1591, 9.9829, 11.0042, 6.9872, 11.6185, 9.7088, 22.7835, 4.4704, 12.0699, 12.0328, 17.535, 61.5537],
      [0.3543, 0.4424, 0.5217, 0.6421, 0.3698, 1.1769, 0.9193, 0.3209, 0.3207, 0.2336, 1.0724, 0.5225, 0.4138, 0, 1.0097, 1.3217, 0.7016, 0.4955, 0.8529, 0.7582, 0.531, 0.2038, 0.1907, 2.2449, 2.4075, 2.5878, 2.3607, 1.1944, 2.0986, 0.257, 0.6454, 0.5277, 0.2639, 1.116, 0.2058, 0.162, 0.5672, 0.6459, 0.8828, 0.312, 0.6439, 0.7178, 0.7947, 0.429, 0.4456, 0.9666, 0.7472, 0.8402, 0.3609, 0.8601, 0.6332, 1.1564, 3.4179]
    ],
    [
      [6.0267, 4.7728, 9.4758, 5.5935, 8.2513, 8.9951, 9.8751, 5.5396, 11.3341, 15.5566, 7.884, 16.8339, 14.302, 14.2382, 4.3452, 2.2231, 7.7981, 8.0685, 13.1517, 13.4243, 0.8174, 5.6721, 6.5239, 10.9044, 4.7742, 17.4466, 14.21, 11.8301, 3.2693, 4.0019, 0.6425, 5.1512, 6.7403, 3.7943, 4.503, 5.4668, 8.0848, 17.0186, 1.3509, 5.5692, 2.3989, 3.6313, 1.8287, 2.3797, 0.3935, 1.5447, 1.483, 2.7269, 4.0066, 3.3831, 3.5165, 2.4371, 24.3672],
      [0.055, 0.0208, 0, 0.0538, 0, 0.0521, 0.0184, 0.0253, 0.0048, 0, 0.0161, 0, 0.0257, 0.21, 0.0047, 0, 0.0785, 0.1407, 0.0566, 0.1693, 0.0003, 0, 0, 0, 0.0411, 0.0134, 0.0026, 0, 0.015, 0.0066, 0.0035, 0, 0.0321, 0.0102, 0.0591, 0.0324, 0.0397, 0.0425, 0.0134, 0.004, 0.0133, 0.0127, 0.0053, 0.0044, 0.0046, 0.0025, 0.0009, 0.0051, 0.0089, 0.0203, 0.0069, 0.0084, 0.0982],
      [0.0362, 0, 0, 0.0089, 0, 0.0075, 0.0336, 0, 0, 0, 0, 0, 0.0081, 0, 0.0087, 0, 0.0187, 0, 0, 0, 0.0026, 0.0351, 0, 0, 0, 0.0129, 0.0252, 0, 0.0061, 0, 0, 0.0196, 0, 0.0085, 0, 0, 0.0024, 0, 0, 0, 0, 0.0059, 0.0024, 0, 0.0014, 0.0007, 0, 0.0001, 0.0018, 0.0058, 0.0017, 0.005, 0.0154],
      [8.6875, 6.2459, 6.1373, 16.7325, 21.3663, 11.2024, 9.7805, 6.5002, 8.1198, 11.0606, 7.4071, 13.1184, 13.7158, 16.8206, 8.2295, 3.2139, 11.7776, 20.9355, 28.199, 19.0365, 1.9319, 5.3446, 10.7543, 17.0289, 8.5938, 15.7943, 12.1862, 10.7361, 6.2367, 3.3693, 1.1869, 9.1113, 6.0674, 7.8781, 5.5388, 5.5114, 5.0011, 18.5999, 3.0952, 5.6075, 2.2161, 3.7625, 2.6715, 2.1944, 1.3843, 1.2419, 1.3191, 2.7688, 3.3544, 3.7838, 4.6713, 3.9432, 47.7064],
      [1.0897, 0.91, 1.2181, 3.4303, 3.3088, 1.581, 1.2182, 0.9189, 1.4713, 2.2585, 1.5155, 1.8022, 1.8339, 2.7312, 1.3033, 0.4695, 1.1864, 2.6796, 3.4222, 2.19, 0.2199, 0.9176, 1.7163, 2.3302, 1.3922, 3.1163, 3.221, 2.181, 1.321, 0.5978, 0.1571, 1.5898, 1.1193, 1.1659, 0.8635, 0.9768, 0.8163, 2.3093, 0.4893, 0.7932, 0.3417, 0.5105, 0.4472, 0.4018, 0.2002, 0.1903, 0.1795, 0.4761, 0.5698, 0.7403, 0.7528, 0.5593, 7.3049],
      [0.1049, 0.0504, 0.1689, 0.181, 0.0737, 0.1619, 0.0742, 0.016, 0.0699, 0.1244, 0.1772, 0.2454, 0.1146, 0, 0.1086, 0.0935, 0.1407, 0.1758, 0.1705, 0.1799, 0.0277, 0.0306, 0.0055, 0.7365, 0.1987, 0.6164, 0.355, 0.2527, 0.152, 0.0244, 0.01, 0.128, 0.0408, 0.1431, 0.0356, 0.0126, 0.0557, 0.0297, 0.0513, 0.0262, 0.0301, 0.0771, 0.045, 0.0196, 0.0161, 0.02, 0.0174, 0.023, 0.0586, 0.0668, 0.0507, 0.0471, 0.5079]
    ],
    [
      [0, 0.0038, 0.0225, 0.0002, 0.0005, 0.0039, 0.0056, 1.3683, 0.008, 0.0257, 0.0051, 0.0064, 0.0036, 0.0023, 0, 0.0148, 0.0021, 0, 0.2577, 0.8375, 0, 0.0162, 2.9951, 0.0251, 1.1909, 0.0325, 0.0135, 0.0213, 0.0001, 0.0323, 0, 0, 0.0702, 0, 0, 2.1915, 0.0325, 0.1392, 0, 0.0323, 0.0523, 0.0429, 0.0117, 0.0435, 0, 0.0337, 0.7938, 0.3738, 0.0694, 0.0099, 0.0147, 0, 0.0034],
      [0.7245, 0.3144, 0.3208, 0.1449, 0.0701, 0.3736, 0.2436, 1.2496, 0.2496, 0.443, 0.2392, 0.1354, 0.1351, 0.3782, 0.8045, 0.6704, 0.6321, 1.0515, 1.9128, 2.7156, 0, 0.5281, 1.9382, 1.3118, 2.2997, 0.9439, 0.5536, 0.4378, 0.8713, 0.9285, 1.6549, 1.0364, 3.4834, 1.9049, 2.8119, 2.3149, 0.6556, 0.5849, 2.239, 0.9407, 2.8216, 1.7974, 1.4937, 1.5442, 1.2206, 0.7375, 0.2809, 1.4768, 1.561, 1.259, 1.4856, 1.8614, 5.9999],
      [13.5598, 1.6116, 6.8724, 3.253, 1.5806, 6.5952, 7.8883, 7.0244, 2.7016, 9.4671, 4.7837, 3.3489, 3.3767, 3.9206, 21.2539, 13.9897, 10.8593, 16.6821, 16.2762, 23.3462, 20.1701, 15.1895, 24.2707, 27.8305, 21.5856, 18.1353, 15.0774, 13.5695, 18.2016, 18.2461, 24.0577, 27.7516, 56.2638, 42.0541, 32.8272, 28.7027, 10.5347, 9.2881, 29.6031, 19.2388, 26.1268, 33.7226, 36.745, 27.0983, 24.5476, 18.1387, 24.88, 41.7215, 30.5214, 21.8358, 33.8731, 47.9311, 124.2647],
      [0.2569, 0.139, 0.1665, 0.0582, 0.0439, 0.137, 0.1309, 0.3398, 0.1136, 0.1887, 0.0871, 0.0654, 0.0659, 0.0833, 0.4895, 0.4432, 0.2818, 0.5217, 1.1086, 0.9005, 0.6749, 0.2196, 3.7556, 0.7609, 0.6769, 0.298, 0.1704, 0.2499, 0.243, 0.3985, 1.0057, 0.5511, 0.8508, 1.0978, 0.6888, 0.8317, 0.1833, 0.301, 0.7172, 0.6045, 0.7485, 0.7064, 0.6273, 0.6268, 0.3627, 0.3499, 0.8753, 0.9015, 0.5198, 0.2106, 0.8198, 1.0344, 3.1709],
      [1.4161, 0.9087, 1.5446, 0.5338, 0.3014, 0.8608, 0.7172, 1.9926, 0.9055, 1.8402, 0.8506, 0.4259, 0.41, 0.6156, 3.359, 2.678, 1.181, 2.689, 3.3289, 4.0415, 2.0718, 2.0249, 7.9089, 4.5358, 4.9953, 3.3574, 3.063, 2.615, 3.5319, 3.3465, 4.2128, 4.5341, 10.224, 6.6517, 5.6027, 6.8932, 1.5579, 1.6608, 5.2585, 3.1407, 5.0865, 4.4655, 5.9026, 5.6, 2.8029, 2.6376, 4.0403, 7.4121, 5.1315, 3.5688, 5.6839, 6.0218, 20.1062],
      [0.0426, 0.0224, 0.0732, 0.0099, 0.0035, 0.0295, 0.0143, 0.0252, 0.0217, 0.0353, 0.0344, 0.018, 0.0087, 0, 0.0931, 0.2039, 0.0437, 0.0557, 0.1157, 0.1586, 0.0832, 0.0216, 0.1316, 0.5359, 0.2515, 0.2329, 0.1221, 0.1064, 0.1521, 0.0481, 0.0689, 0.1267, 0.1079, 0.2916, 0.0693, 0.066, 0.0359, 0.026, 0.1822, 0.0429, 0.1643, 0.2651, 0.2198, 0.0872, 0.0662, 0.1026, 0.1296, 0.1144, 0.1968, 0.1159, 0.1228, 0.1513, 0.4549]
    ],
    [
      [0, 0, 0.9922, 0, 0, 0, 0.0006, 0, 0.0049, 0.0051, 0.0019, 0.0205, 0.001, 0, 0, 0.0007, 0, 0, 0.2485, 0, 1.0893, 0.0189, 1.0786, 2.0907, 0, 0.0061, 0.0001, 0.0003, 0, 0.0487, 0, 1.8989, 0, 0, 0, 0.0568, 0.0231, 0.003, 0, 0.0193, 0.0012, 0.007, 0, 0.0123, 0, 0.0057, 0.0058, 0.011, 0.0234, 0, 0, 0, 0],
      [8.3896, 9.2909, 8.6792, 11.6553, 10.5762, 4.657, 6.3277, 8.3371, 5.4631, 6.2427, 6.3415, 9.064, 3.6544, 3.8164, 15.9118, 6.2802, 10.278, 26.6524, 21.8893, 22.3903, 13.9997, 28.4042, 49.7352, 51.6882, 24.8231, 12.6174, 4.3351, 2.5723, 14.267, 38.5403, 41.3342, 82.6318, 111.8216, 69.8519, 74.7018, 90.8363, 12.9784, 8.253, 19.4374, 25.2071, 7.56, 24.7308, 24.9619, 26.9746, 10.1093, 11.6675, 12.4976, 31.9813, 26.2155, 29.1588, 26.7821, 34.0648, 198.0368],
      [0.1594, 0, 0.1743, 0.2326, 0.2085, 0.0703, 0.1826, 0.0782, 0, 0.1165, 0.1074, 0.1872, 0.0732, 0.0325, 0.3967, 0.105, 0.172, 0.337, 0, 0.2336, 1.2766, 0.976, 0, 1.0238, 0.254, 0.2324, 0.1062, 0.0689, 0.2955, 0.6806, 0.2173, 2.9857, 1.9085, 1.7222, 0.3535, 0, 0.2032, 0.1151, 0.2492, 0.4251, 0.0613, 0.5356, 0.6304, 0.406, 0.242, 0.275, 0.2474, 0.6927, 0.5225, 0.6204, 0.5839, 0.979, 4.2641],
      [0.0556, 0.0945, 0.0711, 0.0617, 0.1351, 0.0299, 0.0605, 0.0768, 0.0397, 0.0439, 0.0298, 0.0741, 0.0303, 0.0139, 0.1707, 0.0683, 0.1001, 0.3475, 0.3422, 0.249, 0.3519, 0.1027, 1.1741, 0.5877, 0.1704, 0.059, 0.0297, 0.0277, 0.0444, 0.2408, 0.9305, 0.5663, 0, 0.8411, 0.0237, 0.4705, 0.0434, 0.0835, 0.1197, 0.3868, 0.038, 0.1778, 0.1654, 0.183, 0.0555, 0.0939, 0.1772, 0.2724, 0.1196, 0, 0.2659, 0.3473, 2.2852],
      [0.3954, 0.6146, 1.0775, 1.0504, 1.0801, 0.2428, 0.4285, 0.5079, 0.4473, 0.5916, 0.5178, 0.6533, 0.2411, 0.1372, 1.5208, 0.5412, 0.45, 1.663, 1.5201, 1.1272, 1.2825, 2.4981, 5.0121, 4.3043, 1.7419, 1.0693, 0.5277, 0.3305, 1.3834, 3.4897, 2.518, 8.8751, 9.2699, 5.549, 3.9209, 7.6126, 0.7516, 0.5453, 1.1937, 1.9617, 0.3394, 1.5342, 2.2337, 2.4241, 0.5932, 0.9547, 1.072, 3.0425, 2.1058, 2.2082, 2.368, 2.6089, 16.4139],
      [0, 0, 0.0056, 0, 0, 0, 0, 0, 0.045, 0.0002, 0.0017, 0.0009, 0, 0, 0, 0.0045, 0, 0, 0, 0, 0, 0, 0, 0.3053, 0.0106, 0.0158, 0.0011, 0.0003, 0.0097, 0, 0, 0.0422, 0, 0.0359, 0, 0.0238, 0.0002, 0, 0, 0, 0, 0.0146, 0.0086, 0, 0, 0.0033, 0, 0, 0.0131, 0.0126, 0, 0, 0]
    ],
    [
      [0.2542, 1.3783, 1.1056, 0.1069, 0.3219, 0.1477, 0.2706, 0.6249, 1.1637, 0.6515, 0.3576, 0.3357, 0.3974, 0.4721, 0.5558, 1.2962, 0.4607, 0.4548, 0.6251, 0.8345, 0.2865, 0.5251, 0.5651, 0.7748, 0.6158, 1.7674, 1.1544, 1.485, 0.3892, 2.202, 2.39, 0.5832, 2.4185, 0.7774, 1.3127, 1.044, 1.4741, 0.3816, 0.7005, 1.6712, 4.0413, 2.1543, 1.2623, 4.2819, 0.58, 2.2261, 3.095, 2.889, 1.986, 0.9433, 1.4143, 1.7733, 3.1832],
      [0.0144, 0.2401, 0, 0.0066, 0.0004, 0.0045, 0.0037, 0.0191, 0.0036, 0.0036, 0.0046, 0.002, 0.0055, 0.032, 0, 0, 0.03, 0.0609, 0.018, 0.0631, 0, 0, 0, 0, 0.058, 0, 0, 0, 0, 0, 1.5834, 0, 0.2015, 0, 0.3997, 0.0684, 0.0686, 0.0067, 0.174, 0, 0.3023, 0.1119, 0, 0, 0.2516, 0, 0, 0, 0.0074, 0.1642, 0, 0, 0.0413],
      [3.7587, 0.3884, 2.9317, 3.1883, 5.61, 1.6537, 3.1211, 3.8973, 0.2984, 3.8372, 3.0314, 2.362, 3.5634, 4.7933, 9.4892, 6.8799, 5.7867, 8.4322, 7.6617, 7.3591, 8.5464, 5.4963, 4.7125, 9.1623, 7.0801, 16.9127, 16.4753, 12.5597, 17.7844, 14.9663, 17.5509, 11.0723, 18.8636, 14.2101, 12.4772, 7.1316, 8.3456, 2.5967, 12.3454, 12.1439, 11.7685, 18.9456, 18.9395, 23.1438, 24.7383, 16.4804, 17.6649, 25.9688, 14.568, 13.8709, 15.9404, 27.4873, 50.176],
      [0.0286, 0.0733, 0.0047, 0.0136, 0.0871, 0.014, 0.0222, 0.0816, 0.0167, 0.0132, 0, 0.0175, 0.0324, 0.0375, 0.0933, 0.2981, 0.0876, 0.1602, 0.2217, 0.1495, 0.2352, 0.0168, 0.1202, 0.1067, 0.0716, 0, 0, 0, 0, 0.0619, 1.0453, 0.0695, 0, 0.1764, 0.0349, 0.067, 0, 0.0382, 0.0895, 0.3016, 0.1565, 0.0842, 0, 0.0389, 0, 0.0013, 0.7242, 0.1424, 0, 0, 0.1722, 0.2709, 0.5949],
      [2.9912, 6.3525, 5.5017, 3.9623, 8.0685, 1.6297, 2.1478, 6.5122, 2.845, 5.474, 4.0383, 2.3224, 3.3056, 5.6651, 10.8447, 10.6525, 4.7816, 10.0633, 10.631, 8.9345, 6.9712, 5.3503, 8.9839, 10.8328, 11.0228, 22.5927, 24.1118, 17.559, 24.6601, 19.8814, 25.6527, 12.8373, 24.5319, 16.2659, 15.964, 11.4577, 9.0796, 3.4251, 16.0208, 14.6228, 19.4205, 18.5368, 21.6291, 35.7908, 20.8187, 17.2881, 21.5562, 32.7855, 17.5315, 16.2175, 19.202, 25.4136, 58.4729],
      [0.9529, 1.5675, 2.4563, 0.7224, 0.9121, 0.5504, 0.4345, 0.8649, 0.6725, 1.0205, 1.5682, 0.9604, 0.6956, 0, 3.017, 6.8733, 1.8534, 2.8286, 3.8425, 3.6593, 2.9607, 0.6115, 1.6183, 10.1234, 5.1516, 12.7272, 8.2586, 6.3963, 9.1662, 2.8884, 5.7776, 3.4377, 2.9846, 6.5701, 2.8116, 1.2314, 2.0321, 0.5517, 5.6698, 2.2605, 6.311, 9.1673, 7.1691, 5.7446, 5.6114, 6.004, 6.9597, 5.2143, 5.9072, 4.8041, 4.2711, 7.055, 13.5317]
    ],
    [
      [0.4313, 0, 2.2795, 0, 0, 1.3284, 2.1902, 0, 2.2603, 3.4064, 1.0086, 3.7779, 2.0122, 1.076, 0.4305, 0, 0.3493, 0, 0, 0, 0, 0.7779, 0, 0.3755, 0, 1.6899, 1.1502, 1.5411, 0.491, 1.5609, 0, 0, 1.4388, 0.4018, 0.1334, 0.0018, 2.7047, 1.2055, 0.1767, 0.8556, 0.2298, 1.1249, 0.8091, 0.9592, 0.1356, 1.4975, 0.4753, 1.6824, 1.6262, 1.0384, 0.9689, 0.9874, 3.1491],
      [2.2874, 0.7011, 0, 1.0979, 0, 1.9526, 0.7913, 1.0443, 0.3697, 0.3383, 0.4453, 0.0517, 0.6373, 3.8384, 0, 0, 1.9936, 1.2692, 0, 2.9298, 0, 0, 0, 0, 1.6013, 0.5589, 0.3197, 0.2148, 0.4933, 0.2676, 0.3948, 0, 1.5967, 0.1703, 3.1832, 2.0328, 1.7731, 0.8835, 2.012, 0, 2.6045, 0.9228, 0.0463, 0.6557, 0.8625, 0.1066, 0, 0, 0.6214, 2.052, 0.0018, 0.2755, 3.3096],
      [1.9255, 0, 0, 0.5263, 0, 0.5179, 2.3017, 0, 0, 0, 0.0853, 0.137, 0.2505, 0, 0.4357, 0, 0.6103, 0, 0, 0, 0.3224, 1.311, 0, 0, 0, 0.2393, 0.3271, 0.0583, 0.6453, 0, 0, 0.7751, 0.0662, 0.5014, 0, 0, 0.2288, 0, 0, 0, 0, 0.8142, 1.108, 0, 1.4914, 0.674, 0, 0.2433, 0.3842, 1.0996, 0.3906, 3.8207, 4.113],
      [96.0482, 83.8356, 84.2777, 120.9866, 146.0042, 122.5615, 141.5827, 108.7489, 79.1652, 99.1018, 53.332, 86.1274, 89.4863, 110.951, 72.2368, 59.4337, 94.6625, 99.7046, 108.2389, 140.881, 62.1352, 57.5766, 89.4481, 129.5832, 106.0046, 82.461, 63.8032, 76.1604, 78.7162, 80.645, 89.394, 90.0798, 84.5705, 75.4827, 71.0056, 85.9135, 73.1225, 112.7013, 82.6688, 83.6367, 84.0357, 74.3257, 83.9526, 90.1289, 54.3965, 69.506, 73.6211, 110.4476, 78.0681, 80.3746, 92.1012, 160.884, 914.4991],
      [10.3076, 11.4634, 18.9214, 29.3892, 22.9958, 16.6397, 15.1341, 14.2068, 15.2048, 22.0867, 11.9744, 11.8129, 11.6137, 18.1346, 11.8967, 9.123, 7.3844, 12.0262, 12.7611, 14.1892, 5.5424, 10.3345, 15.5519, 18.1241, 18.1597, 17.1897, 18.0783, 16.7146, 19.2721, 15.5264, 10.2112, 17.0904, 16.3278, 11.3955, 10.6779, 16.0519, 12.1601, 13.2097, 13.1425, 11.5077, 13.1301, 9.658, 14.9701, 18.2562, 7.114, 11.078, 9.9036, 20.6267, 14.1575, 17.3044, 15.5375, 21.0323, 138.9292],
      [0, 0, 0.5214, 0, 0, 0, 0, 0, 0, 0.0669, 0.1544, 0.0932, 0, 0, 0.0003, 0.4433, 0, 0, 0, 0, 0, 0, 0, 1.9172, 0.2343, 0.8612, 0.3216, 0.3108, 0.3822, 0, 0, 0.0547, 0, 0.0482, 0, 0, 0.0109, 0, 0, 0, 0, 0.1543, 0.1139, 0, 0, 0.1379, 0, 0, 0.1427, 0.131, 0, 0, 0]
    ],
    [
      [2.8565, 2.2477, 5.3925, 0.5308, 1.2408, 3.986, 4.542, 2.9836, 5.256, 5.9608, 3.2415, 3.4928, 4.4075, 3.1621, 2.3625, 1.7659, 3.283, 1.2369, 1.7896, 3.9204, 0.2977, 2.8329, 0, 4.1939, 2.1071, 6.0292, 5.393, 5.3645, 2.4941, 5.019, 1.8449, 1.2024, 5.8132, 1.913, 3.3555, 3.3721, 7.4407, 5.343, 2.3925, 4.525, 3.7932, 4.4649, 3.2574, 5.5961, 0.8928, 5.2799, 4.2602, 6.2279, 5.6193, 3.738, 3.6556, 4.2915, 15.0741],
      [2.431, 1.005, 0, 1.4635, 0, 2.1402, 0.9202, 1.4229, 0.5649, 0.5194, 0.7034, 0.3847, 0.8654, 3.2853, 0, 0, 2.4912, 3.0428, 1.2706, 2.8049, 0, 0, 0, 0, 2.8411, 0.8469, 0.2239, 0.277, 0.6564, 0.5442, 2.0863, 0, 3.5024, 0.4821, 5.1272, 2.863, 2.6673, 1.2505, 4.3466, 0.335, 3.2319, 1.6827, 0.0202, 1.143, 1.8501, 0.1694, 0, 0, 1.0731, 3.1771, 0.2061, 0.9629, 5.7019],
      [2.6388, 0, 0, 1.2409, 0.1627, 1.5306, 2.1583, 0, 0, 0.2296, 0.7338, 0.5865, 1.0628, 0.7604, 2.402, 0, 1.62, 0.1685, 0, 0, 2.1944, 2.1805, 0, 1.2804, 0, 1.3755, 1.875, 0.9707, 2.0889, 0.5706, 0, 2.761, 1.1901, 1.7494, 0, 0, 1.1992, 0, 0.4431, 0, 0, 2.2715, 2.8114, 0, 4.0749, 1.9116, 0, 1.6647, 1.568, 2.6459, 1.583, 5.3137, 8.5428],
      [22.8674, 17.5443, 13.9229, 17.9797, 28.4779, 26.847, 23.0446, 21.4385, 16.1171, 15.9399, 12.7541, 11.8605, 19.8758, 20.2922, 30.7045, 14.367, 27.9817, 27.867, 32.5153, 29.3017, 19.6052, 13.327, 32.5674, 43.8366, 27.4024, 20.3078, 14.3207, 19.6501, 17.404, 20.2779, 26.1945, 25.7357, 25.3242, 24.9009, 20.6227, 22.1396, 18.3368, 28.2753, 29.35, 22.8521, 20.9578, 23.9585, 23.7295, 26.2053, 19.479, 20.2094, 21.0682, 32.1679, 21.7293, 16.986, 26.7248, 40.0137, 162.0422],
      [66.4419, 55.0097, 68.7497, 92.9495, 91.8605, 86.0888, 65.9139, 65.0016, 69.2357, 79.5435, 68.9546, 39.7881, 62.2774, 77.5, 110, 46.9147, 63.8628, 78.98, 85.1048, 76.8002, 45.0926, 55.3946, 106.5839, 135.825, 102.864, 105.814, 124.0219, 103.2052, 109.5722, 85.0059, 69.7578, 104.7664, 115.591, 83.1166, 76.6672, 91.3078, 76.444, 79.7073, 107.6653, 68.9616, 73.8463, 75.4252, 96.3359, 115.2096, 65.9182, 73.8846, 60.7102, 129.9102, 91.1778, 96.7693, 97.7492, 126.7512, 548.8146],
      [0.7645, 0.1933, 1.9349, 0.8356, 0.2581, 1.4075, 0.421, 0.1534, 0.8263, 0.8068, 1.6126, 0.8875, 0.511, 0, 1.531, 1.9524, 0.7614, 0.7048, 1.3197, 1.1727, 0.81, 0.2649, 0.8486, 9.864, 2.7855, 4.6266, 3.1656, 2.5324, 2.7844, 0.5824, 0.1165, 1.5345, 0.579, 1.8381, 0.2274, 0.3175, 0.9121, 0.4239, 1.8025, 0.3263, 1.1708, 2.1972, 1.8455, 0.8459, 0.7851, 1.5451, 0.9613, 1.0292, 1.8325, 1.6838, 1.0814, 1.6669, 4.8244]
    ],
    [
      [4.0686, 2.4408, 4.5298, 1.3932, 2.2243, 4.0203, 6.8431, 5.1413, 4.4776, 6.2997, 2.0285, 4.9609, 6.5183, 4.379, 4.4387, 2.4692, 5.595, 2.0519, 3.9112, 7.5221, 1.4026, 4.6074, 3.8864, 7.0239, 4.2086, 10.9085, 7.7974, 9.5193, 3.1613, 8.3941, 3.3955, 2.6832, 8.5207, 3.0505, 8.3067, 4.906, 6.47, 8.3874, 1.7904, 6.0724, 6.2742, 5.1868, 3.5732, 6.1021, 1.2484, 4.2304, 3.478, 5.8454, 4.9264, 4.8241, 4.3139, 5.2887, 23.7581],
      [1.0911, 0.4142, 0, 0.5721, 0.3532, 0.7999, 0.6951, 0.8477, 0.3442, 0.453, 0.2499, 0.3621, 0.6757, 1.4168, 0.2791, 0.0493, 1.4793, 0.7717, 0.8506, 1.9105, 0, 0.0677, 0.3265, 0, 1.2727, 1.0195, 0.5651, 0.498, 0.6971, 0.7127, 0.9122, 0.3318, 1.3484, 0.5806, 3.6989, 0.8414, 0.7782, 0.9757, 0.7514, 0.5132, 1.4388, 0.7365, 0.4726, 0.6781, 0.6925, 0.3165, 0.2205, 0.5368, 0.512, 1.1349, 0.5175, 0.8269, 4.8123],
      [0.8497, 0, 0, 0.4171, 0.3375, 0.4554, 0.934, 0, 0, 0.3115, 0.1645, 0.3212, 0.5675, 0.4086, 0.8426, 0, 0.825, 0.3147, 0, 0, 0.3947, 0.6968, 0, 0.6294, 0, 0.9245, 0.8553, 0.6668, 0.7446, 0.4802, 0.1133, 0.546, 0.6312, 0.6286, 0.3026, 0.1314, 0.3736, 0, 0.2746, 0.1328, 0, 0.6263, 0.6471, 0.2836, 0.7899, 0.3672, 0.1661, 0.5003, 0.3908, 0.7803, 0.5089, 1.1907, 4.0102],
      [11.5351, 6.2948, 5.0532, 8.1227, 11.5164, 9.7084, 13.1536, 11.738, 5.9632, 8.2645, 3.6075, 7.2067, 11.9351, 9.9741, 15.6308, 6.3044, 17.0847, 10.6436, 16.2117, 20.5502, 6.3375, 7.7882, 12.7615, 20.0252, 14.1515, 16.7806, 11.3101, 15.2327, 10.9765, 13.4017, 12.8261, 9.1909, 14.4862, 12.4766, 19.6373, 9.5447, 7.426, 17.0679, 7.9986, 11.717, 11.062, 10.3331, 10.005, 10.7494, 8.628, 6.5173, 6.1215, 11.3753, 7.8267, 9.8133, 11.1453, 16.6923, 90.7517],
      [19.6747, 12.1262, 13.0989, 21.8858, 23.1858, 18.3422, 22.2375, 21.6535, 14.171, 21.9589, 9.5705, 13.8768, 22.0471, 21.8215, 32.5686, 12.0697, 23.5169, 18.4785, 26.3279, 31.946, 9.2779, 17.9724, 25.8202, 36.0486, 30.4069, 47.0348, 43.0568, 42.8766, 33.1657, 31.8116, 21.3712, 21.0997, 35.9898, 24.3066, 41.4041, 22.3898, 16.5663, 29.2463, 16.7736, 21.5325, 22.5451, 18.7107, 22.4986, 26.3132, 16.5656, 13.3481, 10.8293, 25.9633, 17.8558, 27.1217, 23.6736, 31.078, 181.4046],
      [5.7808, 2.724, 5.3181, 3.6091, 2.3828, 5.6738, 4.1367, 2.6196, 3.0439, 3.7123, 3.3792, 5.2722, 4.2563, 0, 8.2402, 7.1074, 8.4992, 4.7396, 8.6986, 12.0712, 3.5872, 1.8675, 4.2053, 31.2729, 12.9603, 24.3321, 13.4153, 14.2066, 11.2548, 4.1997, 4.3816, 5.1484, 4.0237, 8.957, 6.6504, 2.1868, 3.3859, 4.3227, 5.4114, 3.0321, 6.68, 8.4066, 6.8035, 3.8737, 4.0756, 4.2205, 3.1846, 3.7789, 5.4884, 7.3256, 4.8408, 7.9233, 38.2631]
    ]
  ],
  "V_est": [
    [172.4547, 0.4521, 5.6363, 56.7892, 624.7988, 43.8689],
    [379.5584, 1.4393, 0.2741, 488.8782, 76.5065, 6.3435],
    [10.8096, 63.7885, 1142.3959, 30.8552, 196.2476, 5.9032],
    [7.6757, 1448.6744, 26.0213, 12.53, 116.5438, 0.5548],
    [64.1635, 3.9509, 598.1695, 6.0734, 743.2107, 216.432],
    [49.7392, 46.7086, 25.4042, 5638.8163, 895.2313, 6.1003],
    [200.7436, 72.5836, 67.5613, 1359.4015, 4950.8443, 75.8657],
    [278.8554, 42.4027, 25.5373, 672.6561, 1406.6169, 374.9316]
  ],
  "p_est": [
    [0.1908, 0.0005, 0.0062, 0.0628, 0.6911, 0.0485],
    [0.3983, 0.0015, 0.0003, 0.513, 0.0803, 0.0067],
    [0.0075, 0.044, 0.7879, 0.0213, 0.1353, 0.0041],
    [0.0048, 0.8987, 0.0161, 0.0078, 0.0723, 0.0003],
    [0.0393, 0.0024, 0.3665, 0.0037, 0.4554, 0.1326],
    [0.0075, 0.007, 0.0038, 0.8464, 0.1344, 0.0009],
    [0.0298, 0.0108, 0.01, 0.2021, 0.736, 0.0113],
    [0.0996, 0.0151, 0.0091, 0.2401, 0.5022, 0.1339]
  ],
  "EI_Z": {},
  "EI_V": 16.8963,
  "MAE_Z": {},
  "MAE_V": 160.0993,
  "MAE_p": 0.0698,
  "runtime": 0.012
}
