{
  "X": [
    [381, 501, 48],
    [394, 412, 40],
    [338, 353, 27],
    [114, 235, 19],
    [146, 178, 11],
    [90, 239, 11],
    [87, 118, 9],
    [25, 47, 5],
    [105, 275, 22],
    [320, 512, 40],
    [23, 22, 1],
    [261, 275, 28],
    [202, 177, 27],
    [243, 297, 30],
    [441, 457, 60],
    [679, 650, 72],
    [320, 416, 23],
    [295, 319, 30],
    [302, 350, 25],
    [230, 354, 29],
    [237, 93, 14],
    [658, 760, 48],
    [211, 146, 22],
    [349, 194, 29],
    [369, 270, 27],
    [411, 424, 42],
    [614, 424, 47],
    [379, 266, 38],
    [300, 234, 23],
    [234, 232, 28],
    [316, 304, 31],
    [164, 137, 11],
    [102, 81, 15],
    [558, 522, 57],
    [493, 410, 51],
    [246, 232, 29],
    [902, 717, 68],
    [355, 310, 39],
    [419, 537, 51],
    [173, 252, 26],
    [138, 200, 31],
    [17, 25, 3],
    [52, 23, 3],
    [519, 418, 63],
    [449, 348, 35],
    [302, 178, 26],
    [236, 259, 37],
    [1047, 1370, 109],
    [227, 154, 24],
    [798, 648, 102],
    [163, 184, 15]
  ],
  "W": [
    [37, 42, 257, 510, 45, 39],
    [30, 22, 282, 432, 41, 39],
    [25, 16, 242, 367, 28, 40],
    [23, 30, 66, 219, 15, 15],
    [13, 19, 88, 178, 20, 17],
    [24, 18, 39, 232, 15, 12],
    [10, 14, 48, 124, 11, 7],
    [6, 6, 14, 46, 1, 4],
    [26, 15, 60, 270, 10, 21],
    [41, 44, 190, 541, 25, 31],
    [3, 1, 13, 27, 1, 1],
    [13, 48, 140, 309, 23, 31],
    [18, 35, 122, 185, 23, 23],
    [22, 36, 151, 316, 14, 31],
    [37, 71, 292, 475, 33, 50],
    [43, 99, 455, 688, 64, 52],
    [29, 46, 191, 432, 31, 30],
    [22, 39, 183, 362, 16, 22],
    [16, 38, 197, 361, 17, 48],
    [19, 29, 141, 359, 27, 38],
    [3, 15, 174, 116, 14, 22],
    [42, 46, 461, 818, 41, 58],
    [12, 30, 137, 158, 24, 18],
    [9, 20, 247, 219, 41, 36],
    [16, 49, 252, 293, 21, 35],
    [27, 48, 279, 446, 28, 49],
    [29, 48, 419, 464, 76, 49],
    [10, 33, 292, 285, 32, 31],
    [25, 58, 171, 257, 14, 32],
    [21, 32, 150, 249, 18, 24],
    [25, 51, 199, 306, 27, 43],
    [7, 21, 115, 133, 17, 19],
    [7, 14, 75, 79, 9, 14],
    [37, 84, 366, 549, 45, 56],
    [21, 72, 320, 460, 41, 40],
    [20, 37, 179, 230, 15, 26],
    [40, 86, 613, 790, 69, 89],
    [22, 65, 218, 346, 18, 35],
    [37, 126, 226, 568, 19, 31],
    [14, 75, 87, 246, 14, 15],
    [23, 38, 70, 203, 16, 19],
    [2, 3, 14, 25, 1, 0],
    [1, 4, 34, 27, 6, 6],
    [30, 39, 372, 421, 76, 62],
    [13, 26, 315, 369, 57, 52],
    [7, 11, 238, 190, 35, 25],
    [5, 11, 195, 278, 18, 25],
    [80, 165, 687, 1417, 89, 88],
    [6, 29, 159, 177, 18, 16],
    [45, 161, 492, 710, 32, 108],
    [13, 49, 89, 197, 2, 12]
  ],
  "method": "mvn_pdf",
  "cond_prob": [
    [
      [0.0089319838836, 0.81356224715, 0.17750576897],
      [0.66647459734, 0.097074097003, 0.23645130566],
      [0.92698889613, 0.027573550385, 0.045437553488],
      [0.11165418356, 0.88613097543, 0.0022148410119],
      [0.69134812759, 0.13473205506, 0.17391981735],
      [0.67659327811, 0.044742112473, 0.27866460942]
    ],
    [
      [0.010601050487, 0.80144422017, 0.18795472934],
      [0.69590495086, 0.084000213762, 0.22009483538],
      [0.93603809295, 0.023073345209, 0.040888561842],
      [0.13286047013, 0.86416781223, 0.0029717176314],
      [0.72163391305, 0.1165480428, 0.16181804414],
      [0.70324625184, 0.038538992385, 0.25821475578]
    ],
    [
      [0.010655365692, 0.8435491371, 0.1457954972],
      [0.7298729519, 0.092018818034, 0.17810823007],
      [0.94388524836, 0.024295613859, 0.031819137777],
      [0.12786898439, 0.87011199345, 0.0020190221617],
      [0.74530633636, 0.12573929034, 0.1289543733],
      [0.74597309589, 0.042690755086, 0.21133614903]
    ],
    [
      [0.006330081323, 0.87353747818, 0.1201324405],
      [0.64216360182, 0.13999760093, 0.21783879725],
      [0.91663852818, 0.040695918766, 0.04266555305],
      [0.06508761533, 0.9322912056, 0.0026211790719],
      [0.65277001769, 0.19051684854, 0.15671313377],
      [0.66970794613, 0.066216838757, 0.26407521511]
    ],
    [
      [0.0095957579566, 0.88661757779, 0.10378666426],
      [0.74749971679, 0.10843811014, 0.14406217308],
      [0.947233801, 0.031054944887, 0.021711254112],
      [0.11295217796, 0.88704782204, 0],
      [0.75145133277, 0.14595779896, 0.10259086827],
      [0.77539245335, 0.051008467303, 0.17359907935]
    ],
    [
      [0.0080259471217, 0.88659939901, 0.10537465387],
      [0.71005624357, 0.12377991696, 0.16616383947],
      [0.93665658766, 0.033259609417, 0.03008380292],
      [0.090054891781, 0.90944911677, 0.00049599144712],
      [0.71481579778, 0.16679553477, 0.11838866745],
      [0.74014884217, 0.05852691989, 0.20132423794]
    ],
    [
      [0.011686025625, 0.82956261347, 0.1587513609],
      [0.74015294055, 0.081611066122, 0.17823599333],
      [0.94762110493, 0.0212591953, 0.031119699766],
      [0.14052412068, 0.85520954322, 0.0042663360988],
      [0.75889515086, 0.11202647636, 0.12907837278],
      [0.75176398787, 0.037586138023, 0.21064987411]
    ],
    [
      [0.0082266125566, 0.81120241869, 0.18057096875],
      [0.65246463226, 0.094410874314, 0.25312449343],
      [0.92646032087, 0.026878965339, 0.04666071379],
      [0.10330777807, 0.88881541227, 0.0078768096613],
      [0.68302276828, 0.13243739383, 0.18453983788],
      [0.65755686988, 0.043017092226, 0.29942603789]
    ],
    [
      [0.0068425299811, 0.8120248688, 0.18113260122],
      [0.60189048504, 0.11329042164, 0.28481909332],
      [0.90664321232, 0.034760058449, 0.058596729229],
      [0.082423640759, 0.91636344274, 0.0012129165059],
      [0.6303905259, 0.15878696873, 0.21082250536],
      [0.61127885436, 0.052209254946, 0.33651189069]
    ],
    [
      [0.010539873914, 0.79469197805, 0.19476814804],
      [0.68958448621, 0.083147254315, 0.22726825947],
      [0.93447403668, 0.0230109715, 0.042514991816],
      [0.13343353848, 0.86379899193, 0.0027674695898],
      [0.71687072455, 0.11564228093, 0.16748699452],
      [0.69570220571, 0.03808882146, 0.26620897283]
    ],
    [
      [0.030460783222, 0.79992914309, 0.16961007369],
      [0.89415700796, 0.031046357935, 0.0747966341],
      [0.98195148206, 0.0069060871333, 0.011142430809],
      [0.27576875812, 0.71938085261, 0.0048503892728],
      [0.9047660585, 0.041932185175, 0.053301756324],
      [0.89856884798, 0.014171874392, 0.08725927763]
    ],
    [
      [0.013830809902, 0.78382530091, 0.20234388919],
      [0.74038646686, 0.066699546142, 0.192913987],
      [0.94845028256, 0.017447264776, 0.034102452668],
      [0.16764385816, 0.82879681063, 0.0035593312057],
      [0.76615049522, 0.092354198557, 0.14149530622],
      [0.74436115943, 0.030442411365, 0.22519642921]
    ],
    [
      [0.012363593243, 0.77069201901, 0.21694438774],
      [0.70895148328, 0.069783413687, 0.22126510303],
      [0.94070436672, 0.018885775896, 0.040409857384],
      [0.15595541392, 0.84006128152, 0.0039833045643],
      [0.73921138838, 0.097372645322, 0.1634159663],
      [0.71063509389, 0.031745721563, 0.25761918454]
    ],
    [
      [0.011075773168, 0.79065663756, 0.19826758927],
      [0.69804856117, 0.079241369896, 0.22271006894],
      [0.93709437799, 0.02171198153, 0.041193640476],
      [0.13976665377, 0.85698654027, 0.0032468059639],
      [0.72571911896, 0.11023638014, 0.16404450091],
      [0.70319365986, 0.036235464491, 0.26057087565]
    ],
    [
      [0.010357651862, 0.77841628351, 0.21122606463],
      [0.67384697102, 0.080976443026, 0.24517658596],
      [0.93036133986, 0.022835717369, 0.046802942769],
      [0.13472516841, 0.86356730812, 0.0017075234709],
      [0.70480255198, 0.11331933781, 0.18187811021],
      [0.67710362981, 0.036944621557, 0.28595174863]
    ],
    [
      [0.011321604218, 0.79778145327, 0.19089694251],
      [0.70728558507, 0.079895240443, 0.21281917448],
      [0.93917774457, 0.021679118729, 0.0391431367],
      [0.14118613338, 0.85600222679, 0.0028116398294],
      [0.732792017, 0.11074297346, 0.15646500954],
      [0.71406298967, 0.036628602887, 0.24930840744]
    ],
    [
      [0.010985296086, 0.86975138758, 0.11926331633],
      [0.75766916044, 0.095658462769, 0.14667237679],
      [0.95198227585, 0.025620527801, 0.022397196349],
      [0.12932190513, 0.87067809487, 0],
      [0.76554679114, 0.12933154169, 0.10512166717],
      [0.78003389342, 0.044706162945, 0.17525994364]
    ],
    [
      [0.014523487552, 0.74481550368, 0.24066100877],
      [0.72644561289, 0.059346260285, 0.21420812682],
      [0.94577929303, 0.015778459509, 0.03844224746],
      [0.18007322721, 0.81628168469, 0.0036450881046],
      [0.75858884101, 0.082910194525, 0.15850096447],
      [0.72488927463, 0.026889259432, 0.24822146593]
    ],
    [
      [0.0093481889735, 0.87491177786, 0.11574003317],
      [0.72993418852, 0.10870269579, 0.16136311569],
      [0.94253911883, 0.028655048281, 0.028805832885],
      [0.10983040362, 0.88996471063, 0.00020488575801],
      [0.73742110041, 0.1469736286, 0.11560527099],
      [0.75516227063, 0.051038591262, 0.19379913811]
    ],
    [
      [0.008113083487, 0.85082339406, 0.14106352245],
      [0.676769846, 0.112980024, 0.21025012999],
      [0.92858414655, 0.031637030419, 0.039778823033],
      [0.09508036785, 0.90226815178, 0.0026514803738],
      [0.69272838478, 0.15476933108, 0.15250228414],
      [0.69609586235, 0.052738818438, 0.25116531921]
    ],
    [
      [0.02198210836, 0.72695298394, 0.2510649077],
      [0.79753588552, 0.041156997555, 0.16130711692],
      [0.95323139407, 0.019622710505, 0.027145895423],
      [0.25928391866, 0.73776233894, 0.0029537423952],
      [0.82487029189, 0.05695746781, 0.1181722403],
      [0.79471064419, 0.018618117742, 0.18667123807]
    ],
    [
      [0.011486529491, 0.83381418447, 0.15469928604],
      [0.7370593721, 0.085790405943, 0.17715022195],
      [0.94600545394, 0.022501805167, 0.031492740894],
      [0.13818923642, 0.86007853426, 0.0017322293233],
      [0.75399601599, 0.11741238156, 0.12859160244],
      [0.75089117814, 0.03968904707, 0.20941977479]
    ],
    [
      [0.014129088272, 0.76934369766, 0.21652721407],
      [0.73636121029, 0.063102787355, 0.20053600236],
      [0.94790138539, 0.01656972084, 0.035528893769],
      [0.17240862699, 0.82267845026, 0.0049129227505],
      [0.76477537115, 0.08770844769, 0.14751618116],
      [0.73788627011, 0.028696798137, 0.23341693175]
    ],
    [
      [0.015264532109, 0.76405509502, 0.22068037287],
      [0.74811421112, 0.059336473297, 0.19254931558],
      [0.94721890703, 0.017555156433, 0.035225936536],
      [0.18789755757, 0.80937289225, 0.0027295501832],
      [0.77604074835, 0.082364257357, 0.14159499429],
      [0.74916747674, 0.026973696816, 0.22385882645]
    ],
    [
      [0.013671797815, 0.82353220324, 0.16279599894],
      [0.7646060544, 0.073187825499, 0.1622061201],
      [0.95339540937, 0.018635120251, 0.027969470383],
      [0.16210429907, 0.83705883044, 0.00083687048648],
      [0.78213662448, 0.10018170593, 0.1176816696],
      [0.77538521904, 0.033690795774, 0.19092398518]
    ],
    [
      [0.010715488441, 0.81723059787, 0.17205391369],
      [0.71009491344, 0.086480217584, 0.20342486897],
      [0.93942367297, 0.023366928302, 0.037209398729],
      [0.13166770372, 0.86540865365, 0.0029236426344],
      [0.73199498129, 0.11928261827, 0.14872240044],
      [0.72055644641, 0.039840358751, 0.23960319484]
    ],
    [
      [0.014667058371, 0.79713459829, 0.18819834334],
      [0.76009258087, 0.066042009023, 0.1738654101],
      [0.95289332289, 0.016917188626, 0.030189488483],
      [0.17421194342, 0.82377889627, 0.0020091603102],
      [0.78213053749, 0.090918571521, 0.12695089099],
      [0.76636013348, 0.030235895415, 0.20340397111]
    ],
    [
      [0.010802192685, 0.77849097073, 0.21070683659],
      [0.683670689, 0.078356501166, 0.23797280984],
      [0.9340415859, 0.021359827559, 0.044598586539],
      [0.13841016916, 0.85887434768, 0.002715483156],
      [0.71424574567, 0.10955042583, 0.1762038285],
      [0.68670774775, 0.035724302937, 0.27756794932]
    ],
    [
      [0.017638058437, 0.80638187889, 0.17598006268],
      [0.80013225509, 0.058012222456, 0.14185552246],
      [0.96215808867, 0.01668563615, 0.021156275182],
      [0.1997608936, 0.8002391064, 0],
      [0.81781745271, 0.079334366704, 0.10284818058],
      [0.80732345589, 0.026574027033, 0.16610251707]
    ],
    [
      [0.012571895138, 0.76522888223, 0.22219922263],
      [0.70869992633, 0.068405559183, 0.22289451449],
      [0.9407361657, 0.018528993328, 0.04073484097],
      [0.15904072528, 0.83733348377, 0.003625790946],
      [0.73967726301, 0.095532115589, 0.1647906214],
      [0.70965984898, 0.031093793324, 0.2592463577]
    ],
    [
      [0.010416565681, 0.85172250358, 0.13786093074],
      [0.73205706862, 0.095179133676, 0.1727637977],
      [0.94413358824, 0.02505754534, 0.030808866419],
      [0.12462058478, 0.87405368833, 0.0013257268949],
      [0.74550268746, 0.12971399727, 0.12478331527],
      [0.75022371618, 0.044270779421, 0.2055055044]
    ],
    [
      [0.0083106346329, 0.90218021399, 0.089509151375],
      [0.7344293752, 0.12430522059, 0.14126540421],
      [0.9428440003, 0.035923200163, 0.021232799541],
      [0.097786426835, 0.90221357316, 0],
      [0.73367449391, 0.16635096929, 0.099974536804],
      [0.76914144626, 0.058988902217, 0.17186965153]
    ],
    [
      [0.0084437812261, 0.80016478969, 0.19139142908],
      [0.64518050114, 0.094041254934, 0.26077824393],
      [0.92206711596, 0.027288620048, 0.050644263994],
      [0.10840151282, 0.88920109805, 0.0023973891326],
      [0.67543243002, 0.13191957234, 0.19264799764],
      [0.65076581686, 0.042961393027, 0.30627279012]
    ],
    [
      [0.011527638366, 0.81240324211, 0.17606911952],
      [0.72187716888, 0.081417850759, 0.19670498036],
      [0.94270634557, 0.021723058499, 0.035570595929],
      [0.14112188736, 0.85610656907, 0.0027715435628],
      [0.74391193272, 0.11225594826, 0.14383211902],
      [0.73130927822, 0.037452090611, 0.23123863117]
    ],
    [
      [0.013751946425, 0.75559756172, 0.23065049185],
      [0.72105658187, 0.06332436981, 0.21561904832],
      [0.94401680243, 0.016938676931, 0.039044520644],
      [0.17181069337, 0.82473796293, 0.0034513437057],
      [0.75210633899, 0.088369297826, 0.15952436319],
      [0.72101199018, 0.028752895046, 0.25023511478]
    ],
    [
      [0.0090487968875, 0.82553312296, 0.16541808015],
      [0.67998577386, 0.098265080348, 0.22174914579],
      [0.9307515083, 0.02743229722, 0.041816194479],
      [0.11097173779, 0.88576524794, 0.0032630142749],
      [0.70201533301, 0.13578572104, 0.16219894596],
      [0.69235772142, 0.045398289409, 0.26224398917]
    ],
    [
      [0.013920888302, 0.80898683176, 0.17709227994],
      [0.75747006366, 0.070606895316, 0.17192304103],
      [0.95190740335, 0.018136059948, 0.029956536703],
      [0.16576368446, 0.8327512261, 0.001485089443],
      [0.77772008138, 0.096983882914, 0.12529603571],
      [0.76590454388, 0.032422162287, 0.20167329384]
    ],
    [
      [0.014417366361, 0.7567440896, 0.22883854404],
      [0.73189428368, 0.06121000912, 0.2068957072],
      [0.94684770013, 0.016173491935, 0.036978807934],
      [0.1773435634, 0.81890043831, 0.0037559982909],
      [0.76199898205, 0.085263190821, 0.15273782713],
      [0.73200103596, 0.027796260139, 0.2402027039]
    ],
    [
      [0.01127096674, 0.81477689006, 0.1739521432],
      [0.71890735674, 0.083162560241, 0.19793008302],
      [0.94185276608, 0.022258345043, 0.035888888876],
      [0.1381596568, 0.85911889887, 0.0027214443379],
      [0.74068997039, 0.1146358434, 0.14467418621],
      [0.7288428274, 0.038282932813, 0.23287423979]
    ],
    [
      [0.0075450600368, 0.86982663647, 0.12262830349],
      [0.67888651415, 0.1239689391, 0.19714454675],
      [0.92826473061, 0.034568122669, 0.037167146725],
      [0.085376857733, 0.91171748041, 0.002905661854],
      [0.68954310461, 0.16856098867, 0.14189590672],
      [0.7041692379, 0.058331730802, 0.23749903129]
    ],
    [
      [0.0094869686763, 0.73636682079, 0.25414621054],
      [0.62505896496, 0.076756156696, 0.29818487835],
      [0.92224334251, 0.025115191393, 0.052641466093],
      [0.13310075876, 0.86689924124, 0],
      [0.66585625047, 0.1094141111, 0.22472963842],
      [0.62101952843, 0.03461021161, 0.34437025996]
    ],
    [
      [0.006382318182, 0.75056444502, 0.2430532368],
      [0.53535845233, 0.087207002606, 0.37743454507],
      [0.89927845178, 0.028792563476, 0.071928984749],
      [0.087962263173, 0.90819057681, 0.0038471600137],
      [0.59220510247, 0.12938979314, 0.27840510439],
      [0.51936698826, 0.038147068665, 0.44248594307]
    ],
    [
      [0.019360053197, 0.80382320995, 0.17681673685],
      [0.82201830753, 0.047672596586, 0.13030909588],
      [0.96421105146, 0.013104876738, 0.022684071799],
      [0.21888152556, 0.77917660608, 0.0019418683632],
      [0.84078986145, 0.065347621187, 0.093862517365],
      [0.8258084347, 0.021677750562, 0.15251381474]
    ],
    [
      [0.0095808817326, 0.80167621835, 0.18874289992],
      [0.67323849119, 0.090029408349, 0.23673210046],
      [0.9294030301, 0.025384726484, 0.045212243419],
      [0.12185234637, 0.87627599349, 0.0018716601474],
      [0.70010027485, 0.12527056021, 0.17462916494],
      [0.68082074977, 0.041333749008, 0.27784550122]
    ],
    [
      [0.011227038864, 0.83895435169, 0.14981860945],
      [0.73678775317, 0.08776076877, 0.17545147806],
      [0.94582824087, 0.023009338461, 0.031162420669],
      [0.13486602474, 0.86344374487, 0.0016902303897],
      [0.75283722535, 0.11999701415, 0.1271657605],
      [0.75162280891, 0.040640387731, 0.20773680336]
    ],
    [
      [0.011470605568, 0.79042707154, 0.19810232289],
      [0.70579007652, 0.07684919787, 0.21736072561],
      [0.93863233827, 0.020214435735, 0.041153225996],
      [0.14385924954, 0.85364652952, 0.0024942209319],
      [0.73319168147, 0.10685693062, 0.15995138791],
      [0.71066208585, 0.035112017463, 0.25422589668]
    ],
    [
      [0.0072370513519, 0.66548252198, 0.32728042667],
      [0.51126907114, 0.074764177452, 0.41396675141],
      [0.89934011403, 0.032667596729, 0.067992289244],
      [0.11632729929, 0.88367270071, 0],
      [0.56568567504, 0.11071764459, 0.32359668036],
      [0.49788805491, 0.033042867007, 0.46906907809]
    ],
    [
      [0.0094510344371, 0.83671602036, 0.1538329452],
      [0.69783715767, 0.099330934264, 0.20283190806],
      [0.93509662149, 0.02720786335, 0.037695515164],
      [0.11446386651, 0.88340844765, 0.0021276858344],
      [0.7159467327, 0.13633070544, 0.14772256186],
      [0.71335055924, 0.046114874821, 0.24053456594]
    ],
    [
      [0.014134797707, 0.71354776284, 0.27231743945],
      [0.70307662319, 0.055986753972, 0.24093662284],
      [0.94046343095, 0.015283555343, 0.044253013708],
      [0.1835899283, 0.81265552732, 0.003754544383],
      [0.74123299809, 0.078989068572, 0.17977793334],
      [0.69716702159, 0.025198793072, 0.27763418534]
    ],
    [
      [0.013231710189, 0.75356283201, 0.2332054578],
      [0.71133594584, 0.064976437815, 0.22368761634],
      [0.94139418742, 0.017575087918, 0.041030724666],
      [0.167791752, 0.82942144393, 0.0027868040734],
      [0.74327916329, 0.090828727216, 0.16589210949],
      [0.71107841118, 0.02949794775, 0.25942364107]
    ],
    [
      [0.012783272506, 0.83677459567, 0.15044213182],
      [0.76199379939, 0.078557400288, 0.15944880032],
      [0.95251632411, 0.020027956114, 0.027455719779],
      [0.15159202181, 0.84690545576, 0.001502522426],
      [0.77746890606, 0.10728005445, 0.11525103949],
      [0.77530019445, 0.036266221118, 0.18843358443]
    ]
  ],
  "expected_outcome": [
    [
      [0.33048340369, 0.31803151462, 0.26638414231, 0.14559187043, 0.12474485344, 0.19262273092, 0.11686025625, 0.04935967534, 0.17790577951, 0.43213483047, 0.091382349666, 0.17980052873, 0.22254467837, 0.24366700971, 0.38323311889, 0.48682898137, 0.31857358649, 0.31951672615, 0.14957102358, 0.15414858625, 0.06594632508, 0.48243423864, 0.16954905926, 0.13738078898, 0.21874876505, 0.2893181879, 0.42534469275, 0.10802192685, 0.44095146092, 0.2640097979, 0.26041414202, 0.05817444243, 0.059106468583, 0.42652261956, 0.28879087493, 0.18097593775, 0.55683553206, 0.31718205994, 0.41702576937, 0.10563084052, 0.21820027955, 0.012764636364, 0.019360053197, 0.28742645198, 0.14595150523, 0.080294238979, 0.03618525676, 0.75608275497, 0.084808786242, 0.59542695851, 0.16618254258],
      [30.1018031445, 24.0433266052, 21.0887284276, 20.0913619982, 11.5260285112, 21.2783855761, 8.2956261347, 4.8672145122, 21.1126465888, 32.5823711, 2.3997874293, 10.1897289119, 13.8724563423, 17.3944460263, 28.8014024897, 34.3046024906, 25.2227902399, 16.3859410809, 13.9985884457, 16.1656444872, 2.1808589518, 35.0201957478, 9.2321243719, 6.8764958552, 13.1765152519, 22.0652261424, 23.1169033503, 7.7849097073, 20.1595469722, 16.0698065268, 21.2930625896, 6.3152614979, 5.6011535278, 30.0589199582, 15.8675487962, 16.5106624592, 32.3594732705, 16.6483699712, 30.1467449324, 12.1775729106, 16.9364368781, 1.50112889, 0.80382320995, 24.0502865504, 10.9064065719, 5.5329895008, 3.3274126099, 66.937281629, 4.2812865771, 33.9103274404, 10.8780697437],
      [6.5677134518, 5.6386418802, 3.6448874301, 2.7630461314, 1.3492266353, 2.528991693, 1.587513609, 1.0834258125, 4.7094476317, 7.9854940695, 0.50883022107, 2.6304705594, 3.9049989794, 4.361886964, 7.8153643914, 8.2085685281, 3.4586361736, 5.2945421929, 1.8518405307, 2.6802069265, 0.75319472309, 6.4973700135, 2.5983265688, 1.9861233558, 2.6047359831, 4.6454556697, 5.457751957, 2.1070683659, 4.3995015669, 4.6661836753, 3.4465232684, 0.62656405962, 1.3397400036, 6.5145574222, 4.8436603289, 3.308361603, 7.0836911974, 5.0344479689, 6.4362292983, 1.7167962489, 5.8453628423, 0.48610647359, 0.17681673685, 5.6622869976, 1.9476419228, 1.3867162602, 1.6364021333, 12.3066356161, 1.6339046367, 10.4942456011, 1.9557477137]
    ],
    [
      [27.9919330882, 15.3099089188, 11.6779672304, 19.2649080547, 14.2024946189, 12.7810123843, 10.3621411677, 3.9147877936, 9.0283572756, 30.3417173934, 0.89415700796, 35.5385504093, 24.813301915, 25.129748202, 47.8431349421, 70.0212729224, 34.8527813802, 28.3313789028, 27.7374991637, 19.6263255341, 11.9630382829, 33.9047311168, 22.0908363086, 14.9622842225, 37.4656966656, 34.0845558452, 36.4844438819, 22.5611327369, 46.4076707951, 22.6783976425, 37.3349104998, 15.4230168792, 9.0325270159, 60.6376821862, 51.9160738949, 25.159473633, 65.1424254746, 47.5731284392, 90.5823269492, 50.9164885613, 23.7522406683, 1.606075357, 3.2880732301, 26.2563011565, 19.1564815824, 7.7636908418, 5.6239597826, 115.1431310159, 20.3892220725, 114.5250872802, 37.33769617],
      [4.0771120741, 1.8480047028, 1.4723010886, 4.1999280279, 2.0603240926, 2.2280385053, 1.1425549257, 0.56646524589, 1.6993563246, 3.6584791899, 0.031046357935, 3.2015782148, 2.442419479, 2.8526893163, 5.7493274548, 7.9096288039, 4.4002892874, 2.3145041511, 4.1307024401, 3.2764206961, 0.61735496332, 3.9463586734, 1.8930836206, 1.1867294659, 3.5862034494, 4.151050444, 3.1700164331, 2.5857645385, 3.3647089024, 2.1889778939, 4.8541358175, 2.6104096324, 1.3165775691, 6.8390994638, 4.5593546263, 3.6358079729, 6.0721929972, 3.9786505928, 10.4784825903, 9.2976704323, 2.9167339545, 0.26162100782, 0.19069038634, 3.5111469256, 2.281779988, 0.84534117657, 0.82240595197, 16.3896041536, 1.6236158652, 10.4612064883, 3.8493126141],
      [9.9309548377, 4.8420863784, 2.8497316811, 6.5351639174, 2.7371812885, 2.9909491104, 2.4953039066, 1.5187469606, 4.2722863998, 9.9998034167, 0.0747966341, 9.2598713759, 7.744278606, 8.0175624818, 17.407537603, 21.0690982737, 6.7469293324, 8.3541169461, 6.1317983962, 6.0972537698, 2.4196067538, 8.1489102098, 6.0160800708, 3.8509863116, 7.948099885, 9.7643937107, 8.345539685, 7.8531027246, 8.2276203025, 7.1326244637, 8.8109536827, 2.9665734884, 3.650895415, 16.52321835, 15.5245714788, 8.2047183941, 14.7853815282, 13.448220968, 24.9391904604, 14.7858410065, 11.3310253772, 1.1323036352, 0.52123638353, 9.2325519179, 4.5617384296, 2.3909679817, 4.5536342655, 33.4672648305, 6.9871620623, 36.0137062315, 7.8129912159]
    ],
    [
      [238.2361463046, 263.9627422116, 228.4202301043, 60.4981428602, 83.356574488, 36.5296069189, 45.4858130368, 12.9704444922, 54.3985927393, 177.55006697, 12.7653692668, 132.7830395579, 114.7659327399, 141.501251077, 271.66551124, 427.3258737802, 181.8286146873, 173.0776106246, 185.6802064103, 130.9303646632, 165.8622625685, 436.1085142656, 129.8624897986, 233.9630700367, 240.2556431604, 262.0992047584, 399.2623022912, 272.7401430833, 164.5290331623, 141.1104248553, 187.8825840601, 108.427060034, 69.1550336968, 345.0305224793, 302.0853767761, 166.6045199858, 583.5192382527, 206.4127986285, 212.8587251343, 80.7590315627, 64.557033976, 12.5898983249, 32.7831757498, 345.7379271962, 297.9358958741, 223.3944965081, 175.3713222353, 642.4113789606, 149.5336855209, 463.1659402084, 84.7739528455],
      [7.086402449, 6.5066833489, 5.8795385538, 2.6859306385, 2.7328351501, 1.2971247673, 1.0204413744, 0.37630551475, 2.085603507, 4.3720845849, 0.089779132733, 2.4426170686, 2.3040646593, 3.2785092111, 6.6680294716, 9.8639990215, 4.89352081, 2.8874580902, 5.6450445114, 4.4608212891, 3.4143516279, 10.3733321821, 2.270051755, 4.336123639, 4.6960503032, 6.5193729963, 7.0883020344, 6.2370696474, 2.8532437816, 2.7793489992, 4.9864515226, 4.1311680188, 2.0466465036, 7.9506394105, 5.4203766179, 4.9103812024, 11.1174047483, 3.5258212418, 5.0303859798, 3.0074266722, 1.7580633975, 0.40309588866, 0.44556580908, 9.443118252, 7.2479416151, 4.8110357049, 6.3701813622, 18.6918021217, 2.4300852995, 8.6469432559, 1.7824880942],
      [11.6774512464, 11.5305744395, 7.700231342, 2.8159265013, 1.9105903619, 1.1732683139, 1.4937455888, 0.65324999306, 3.5158037537, 8.0778484451, 0.14485160051, 4.7743433735, 4.9300026008, 6.2202397119, 13.6664592884, 17.8101271983, 4.2778645027, 7.0349312852, 5.6747490783, 5.6088140476, 4.7233858036, 14.5181535523, 4.8674584464, 8.7008063243, 7.0483065364, 10.3814222453, 12.6493956745, 13.0227872693, 3.6177230561, 6.1102261455, 6.1309644174, 2.4417719473, 3.7983197995, 13.0188381101, 12.494246606, 7.4850988117, 18.3633569991, 8.0613801296, 8.1108888859, 3.2335417651, 3.6849026265, 1.0070057865, 0.77125844116, 16.8189545518, 9.8161625108, 9.794467787, 13.2584964025, 25.8968189177, 7.0362291796, 20.1871165357, 2.4435590603]
    ],
    [
      [56.9436336156, 57.395723098, 46.9279172694, 14.2541877573, 20.1054876773, 20.8927348931, 17.4249909647, 4.7521577911, 22.254383005, 72.1875443153, 7.4457564691, 51.8019521719, 28.8517515746, 44.1662625902, 63.9944549931, 97.1360597651, 55.8670630179, 65.1865082483, 39.6487757053, 34.1338520581, 30.0769345649, 113.038795391, 27.240563064, 41.149565107, 47.4965596284, 58.7237958581, 80.8343417448, 39.4468982114, 51.3385496551, 39.6011405947, 38.1338989412, 13.0055947691, 8.5637195125, 77.4759161625, 79.0329189485, 25.5234996915, 130.9533107206, 61.3608729368, 78.4746850603, 21.0027070024, 27.0194540283, 2.1990565793, 5.9098011901, 51.2998378206, 49.76556313, 27.3332574133, 32.3389892019, 162.1952988456, 32.4954173094, 119.1321439204, 29.8636282964],
      [451.9267974684, 373.3204948852, 319.3311015972, 204.1717740259, 157.8945123227, 210.9921950911, 106.0459833591, 40.8855089645, 247.4181295385, 467.3152546366, 19.4232830205, 256.0982144856, 155.411337081, 270.8077467252, 410.1944713582, 588.9295320323, 376.1329369821, 295.4939698578, 321.277260536, 323.9142664877, 85.5804313173, 703.5442410225, 129.9831951414, 177.2526634029, 245.258237319, 385.972259527, 382.2334078713, 244.7791890891, 205.6614503449, 208.4960374598, 267.460428629, 119.9944052309, 70.246886746, 470.0025064215, 379.3794629469, 203.7260070252, 657.8734686194, 283.3395516545, 487.9795345558, 224.2825001815, 175.9805459717, 22.7047644203, 21.0377683641, 368.9121932573, 318.6107418562, 162.1928406096, 245.6610107981, 1251.789770327, 143.8400283348, 588.8892251875, 166.8403747857],
      [1.1295689161, 1.2837820168, 0.74098113333, 0.57403821676, 0, 0.11507001573, 0.52902567625, 0.36233324442, 0.32748745658, 1.4972010481, 0.13096051036, 1.0998333426, 0.73691134439, 1.0259906846, 0.81107364869, 1.9344082026, 0, 1.3195218939, 0.073963758641, 0.95188145421, 0.34263411784, 1.4169635865, 0.77624179458, 0.59777149013, 0.24520305254, 1.303944615, 0.93225038391, 0.77391269946, 0, 0.90282194557, 0.40567242984, 0, 0.18939374147, 1.521577416, 1.5876181046, 0.75049328323, 1.17322066, 1.2995754086, 1.5457803839, 0.71479281609, 0, 0.096179000342, 0.052430445807, 0.78796892204, 0.62369501379, 0.47390197706, 0, 3.0149308274, 0.6645543558, 1.9786308921, 0.29599691791]
    ],
    [
      [31.1106657417, 29.5869904353, 20.8685774181, 9.7915502654, 15.0290266554, 10.7222369667, 8.3478466595, 0.68302276828, 6.303905259, 17.9217681138, 0.9047660585, 17.62146139, 17.0018619327, 10.1600676654, 23.2584842154, 46.8986890879, 23.7319505255, 12.1374214562, 12.536158707, 18.703666389, 11.5481840865, 30.9138366557, 18.3546089076, 31.8176706824, 16.424869114, 20.4958594761, 59.4419208491, 22.8558638613, 11.449444338, 13.3141907342, 20.1285725614, 12.4724663965, 6.0788918702, 33.4760369722, 30.8363598985, 10.5302299951, 53.6626856152, 13.7159816768, 14.0731094374, 9.6536034646, 10.6537000076, 0.59220510247, 5.0447391687, 53.2076208887, 42.911721845, 25.6617088515, 10.1823421508, 63.7192592102, 13.3421939656, 23.7849332254, 1.5549378121],
      [6.0629424776, 4.778469755, 3.5207001294, 2.8577527281, 2.9191559792, 2.5019330215, 1.2322912399, 0.13243739383, 1.5878696873, 2.8910570233, 0.041932185175, 2.1241465668, 2.2395708424, 1.5433093219, 3.7395381478, 7.0875503016, 4.0092777923, 1.3265631124, 2.4985516862, 4.1787719392, 0.79740454934, 4.8139076441, 2.1050027446, 3.3769345516, 2.1038158244, 3.3399133115, 6.9098114356, 3.5056136267, 1.1106811339, 1.7195780806, 3.5022779263, 2.8279664779, 1.1872761511, 5.0515176717, 3.6231412109, 2.0367858155, 6.691887921, 1.5347374348, 2.1780810246, 2.3598538414, 1.7506257776, 0.12938979314, 0.39208572712, 9.5205625761, 6.8398298067, 3.7399925716, 1.9929176027, 12.1334327845, 1.4218032343, 2.9065192709, 0.2145601089],
      [7.8263917807, 6.6345398098, 3.6107224525, 2.3506970065, 2.0518173654, 1.7758300118, 1.4198621006, 0.18453983788, 2.1082250536, 4.187174863, 0.053301756324, 3.2543920432, 3.7585672249, 2.2966230127, 6.0019776368, 10.0137606105, 3.2587716822, 2.5360154314, 1.9652896068, 4.1175616718, 1.6544113642, 5.2722557002, 3.5403883478, 5.805394766, 2.4713150616, 4.1642272124, 9.6482677153, 5.638522512, 1.4398745282, 2.9662311852, 3.3691495123, 1.6995671257, 1.7338319788, 6.4724453561, 6.5404988906, 2.4329841894, 8.6454264637, 2.7492808884, 2.748809538, 1.986542694, 3.5956742148, 0.27840510439, 0.56317510419, 13.2718165352, 7.2484483482, 5.598298577, 5.8247402466, 13.1473080053, 3.2360028001, 5.3085475037, 0.23050207899]
    ],
    [
      [26.3871378462, 27.4266038217, 29.8389238355, 10.045619192, 13.1816717069, 8.8817861061, 5.2623479151, 2.6302274795, 12.8368559416, 21.5667683771, 0.89856884798, 23.0751959422, 16.3446071595, 21.7990034557, 33.8551814905, 37.1312754631, 23.4010168026, 15.947564042, 36.2477889901, 26.4516427693, 17.4836341722, 43.5516883323, 13.281952862, 26.9700291625, 27.1384826665, 35.3072658743, 37.5516465404, 21.2879401802, 25.8343505886, 17.0318363755, 32.2596197955, 14.6136874789, 9.110721436, 40.9533195802, 28.8404796071, 18.0013007569, 68.1655044049, 25.6200362587, 22.5941276494, 10.5625385686, 11.7993710402, 0, 4.9548506082, 42.210886486, 39.0843860632, 17.7665521463, 12.4472013727, 62.7748492127, 11.1546723455, 76.7964684071, 9.3036023334],
      [1.7449423865, 1.503020703, 1.7076302034, 0.99325258136, 0.86714394414, 0.70232303869, 0.26310296616, 0.1720683689, 1.0963943539, 1.1807534653, 0.014171874392, 0.94371475232, 0.73015159595, 1.1232993992, 1.8472310778, 1.9046873501, 1.3411848883, 0.5915637075, 2.4498523806, 2.0040751006, 0.40959859033, 2.30196473, 0.51654236647, 0.97105308538, 1.1791778521, 1.9521775788, 1.4815588753, 1.1074533911, 0.85036886505, 0.74625103978, 1.9036435151, 1.1207891421, 0.60145950238, 2.0973170742, 1.1501158018, 1.1803555246, 2.8855724435, 0.97286910487, 1.1867709172, 0.87497596202, 0.6575940206, 0, 0.13006650337, 2.5626924385, 2.113300162, 0.87780043658, 0.82607167518, 4.0581089843, 0.40318068915, 3.1857783571, 0.43519465342],
      [10.8679197673, 10.0703754753, 8.4534459611, 3.9611282267, 2.951184349, 2.4158908553, 1.4745491188, 1.1977041516, 7.0667497046, 8.2524781576, 0.08725927763, 6.9810893055, 5.9252412445, 8.0776971451, 14.2975874317, 12.9640371868, 5.2577983091, 5.4608722505, 9.3023586294, 9.5442821301, 4.1067672374, 12.1463469377, 4.2015047716, 8.0589177522, 6.6823394814, 11.7405565469, 9.9667945843, 8.6046064288, 5.3152805464, 6.2219125848, 8.8367366894, 3.265523379, 4.2878190616, 12.9493633456, 10.0094045911, 6.8183437185, 17.9489231516, 8.4070946365, 7.2191014334, 3.5624854694, 6.5430349392, 0, 0.91508288845, 17.2264210755, 10.8023137748, 6.3556474171, 11.7267269521, 21.167041803, 4.4421469654, 28.0177532359, 2.2612030131]
    ]
  ],
  "prob": [
    [0.011251653297, 0.80926577906, 0.17948256765],
    [0.7138154756, 0.082819821813, 0.20336470259],
    [0.94045474478, 0.022315407995, 0.037229847221],
    [0.13884488916, 0.85891117899, 0.0022439318473],
    [0.73661912934, 0.11432065069, 0.14906021997],
    [0.72301679827, 0.038105913126, 0.2388772886]
  ],
  "iterations": 217,
  "time": 4.262765,
  "message": "Converged",
  "status": 0,
  "miniter": 0,
  "maxiter": 1000,
  "maxtime": 3600,
  "param_threshold": 0.001,
  "ll_threshold": "-Inf",
  "initial_prob": "random",
  "adjust_prob_cond_method": "lp",
  "adjust_prob_cond_every": true,
  "candidates_id": ["DUYNHOVEN, Harry James.c", "YOUNG, Jonathan Edgar Joseph.c", "Other candidates votes.c"],
  "group_id": ["ACT New Zealand.p", "Green Party.p", "Labour Party.p", "National Party.p", "New Zealand First Party.p", "Other parties votes.p"]
}
