{
  "Z_true": {},
  "V_true": [
    [694, 151, 1390, 72],
    [190, 96, 12996, 478],
    [268, 9657, 2109, 588],
    [55, 185, 835, 415],
    [51, 546, 576, 747]
  ],
  "p_true": [
    [0.3008, 0.0655, 0.6025, 0.0312],
    [0.0138, 0.007, 0.9445, 0.0347],
    [0.0212, 0.7651, 0.1671, 0.0466],
    [0.0369, 0.1242, 0.5604, 0.2785],
    [0.0266, 0.2844, 0.3, 0.3891]
  ],
  "Z_est": [
    [
      [0.8852, 5, 0.1711, 0.3756, 4.601, 6.0001, 2.9948, 1.9995, 2.9778, 0.2214, 1, 1.8731, 0.1381, 0.2589, 0, 0.4107, 4, 4, 2.0009, 3, 3, 3, 2, 0.8365, 0.3804, 0, 1.988, 2.9989, 1.4022, 0.4647, 0.8628, 4.2612, 19, 1.2725, 1, 5, 3, 2, 4, 1.9999, 3, 2, 3, 2.9958, 2, 3, 1.9999, 0, 0.063, 7, 1.9586, 1.5583, 1.1042, 0.5567, 0.2702, 3, 6, 2.5862, 3.2399, 1.1227, 6, 2.0009, 4, 19, 4.0063],
      [1.3096, 13, 0.2191, 1.3921, 10.291, 36.9999, 5.0227, 4.0002, 5.0177, 0.761, 5, 4.1981, 1.2321, 1.9068, 0, 0.9989, 29, 29, 7.9991, 17, 32, 15, 23, 2.9121, 2.1178, 0.2842, 2.0105, 3.0011, 2.2057, 3.4706, 1.813, 6.3694, 96, 1.8886, 10, 14, 16, 8, 20, 16, 8, 13, 9, 7.0035, 10, 6, 0.0001, 0, 0.2796, 32, 6.0957, 4.1586, 2.4282, 1.5647, 0.5903, 7, 35, 15.1203, 8.5805, 3.1341, 55, 7.0032, 14, 76, 14.0145],
      [2.2313, 23, 1.4942, 1.935, 12.2157, 35, 4.9457, 7.0001, 5.0142, 0.7193, 17, 5.9195, 0.4658, 2.1555, 0, 2.4098, 25, 28, 7.9981, 18, 25, 21, 25, 4.2514, 3.9741, 0.5967, 5.9871, 13.0011, 1.9168, 2.9614, 1.1382, 6.3115, 74, 2.8389, 26, 40, 44, 16, 58, 16.0002, 21, 20, 21, 34.0036, 13, 32, 8.9999, 0, 0.5733, 57, 4.9205, 4.1123, 1.2901, 3.3877, 2.7998, 17, 45, 6.8108, 7.1051, 3.3388, 107, 7.9924, 31, 141, 21.9596],
      [0.5739, 6, 0.1157, 0.2972, 1.8923, 5, 1.0369, 1.0002, 0.9902, 0.2983, 2, 1.0094, 0.164, 0.6788, 0, 0.1806, 4, 6, 1.0019, 1, 3, 2, 5, 0, 0.5277, 0.1191, 0.0144, 0.9989, 0.4753, 0.1033, 0.186, 0.0579, 9, 0, 3, 4, 3, 2, 6, 2.9999, 1.0001, 2, 2, 3.9971, 1, 2, 0.0001, 0, 0.0842, 9, 1.0251, 0.1708, 0.1774, 0.4909, 0.3397, 1, 4, 0.4827, 0.0745, 0.4043, 12, 1.0035, 2, 18, 1.0195]
    ],
    [
      [0.4486, 8, 0.5186, 0.5359, 5.4508, 8, 3.9139, 3.9994, 4.0017, 0.8075, 5, 1.9771, 0.0813, 0.2748, 0, 0.7465, 7, 12, 5.9988, 10, 7, 9, 11, 0.4802, 0.2834, 0, 3.005, 8.9966, 0.4204, 0.34, 0.9353, 4.0418, 25, 1.0834, 12, 17, 15, 7, 30, 2.9999, 6, 13, 13, 6.004, 4, 14, 6, 0.436, 0.4914, 28, 1.9924, 1.1287, 1.2811, 1.2074, 0.9556, 7, 14, 1.5203, 3.7469, 1.2486, 46, 2.0008, 11, 75, 6.9917],
      [1.4788, 38, 3.4594, 9.2254, 20.3504, 51, 18.043, 40.9974, 18.0112, 6.2289, 66, 19.806, 1.7647, 3.2578, 1.7437, 4.8311, 97, 127, 36.9973, 99, 139, 84, 150, 3.2731, 2.8846, 1.3559, 26.9715, 23.9966, 1.5054, 6.1514, 3.8733, 15.9978, 137.9998, 3.4567, 141, 72, 186, 149, 250, 54.9993, 96.9999, 159, 59, 36.9801, 46.9999, 94, 20.9997, 1.2177, 4.7171, 192, 22.9721, 23.1314, 12.8277, 9.4528, 6.1555, 125, 103, 19.2592, 17.8616, 17.7768, 521, 25.9836, 101, 330, 31.9547],
      [3.4005, 63, 24.8753, 13.3999, 27.0583, 48, 17.0845, 81.0016, 17.0017, 8.9289, 207, 27.0963, 0.8375, 5.1806, 2.4467, 12.1811, 85, 119, 38.0056, 102, 106, 114, 164, 6.2467, 6.7302, 2.7088, 74.0347, 82.0079, 1.5636, 6.2385, 2.8124, 20.5862, 106.0002, 6.4599, 362, 202, 494, 271, 705, 55.0006, 234.0002, 245, 136, 161.0172, 59.0001, 429, 309.0001, 4.8344, 12.9345, 332, 17.0265, 21.7201, 9.9141, 20.9459, 25.3898, 290, 132, 9.984, 14.5505, 26.933, 1018, 26.0099, 209, 610, 47.0472],
      [0.6722, 16, 2.1467, 1.8388, 3.1405, 7, 2.9587, 18.0016, 3.9854, 3.0347, 25, 4.1206, 0.3165, 1.2869, 0.8096, 1.2414, 16, 25, 5.9983, 10, 13, 13, 33, 0, 1.1018, 0.9352, 9.9888, 7.9988, 0.5106, 0.2701, 0.379, 2.3742, 13, 0, 41, 23, 36, 38, 75, 10.0002, 21, 32, 16, 19.9987, 5, 39, 28.0001, 2.5119, 1.857, 55, 4.009, 1.0198, 0.9772, 3.3939, 2.499, 31, 11, 0.2365, 0.8409, 4.0415, 118, 6.0057, 16, 81, 3.0064]
    ],
    [
      [0.386, 8, 0.219, 0.8257, 8.9078, 13.9999, 5.1148, 3.0008, 6.0096, 1.3336, 1, 2.0835, 0.7647, 0.4391, 0, 0.7482, 14, 20, 8.9992, 15, 15, 9, 15, 0.5403, 0.3055, 0, 1.9931, 3.0022, 1.0966, 1.0433, 2.8924, 3.604, 62, 1.4707, 5, 10, 9, 4, 15, 4, 4, 13, 8, 1.9958, 6, 4, 5.0389e-09, 0.5043, 0.3373, 25, 3.0108, 2.0523, 2.3893, 1.0046, 0.6402, 6, 18, 5.7427, 6.7432, 2.3231, 32, 2.9967, 7, 58, 6.9943],
      [1.6516, 37, 0.6384, 13.5643, 29.3523, 110.0002, 25.8906, 33.001, 31.9903, 13.3415, 28, 21.0594, 16.4437, 7.1353, 4.8753, 5.4032, 188, 221, 71.0022, 142, 323, 100, 236, 4.2951, 3.468, 2.543, 13.016, 9.0033, 3.8838, 15.549, 12.3541, 18.2579, 350.0002, 4.6634, 84, 45, 108, 121, 128, 86.0005, 77.0001, 161, 41, 12.0077, 66.0001, 25, 1, 1.5411, 3.8498, 173, 52.9369, 45.0183, 23.4351, 8.2594, 4.7431, 94, 150, 90.1481, 43.4113, 22.4763, 383, 41.011, 61, 253, 44.0159],
      [2.3559, 62, 3.7375, 16.1164, 38.7329, 104, 26.9899, 67.9994, 29.9877, 13.1965, 86, 31.9071, 6.4042, 8.8375, 5.1876, 10.785, 170, 206, 74.9982, 151, 248, 133, 257, 6.1646, 6.1519, 4.1078, 40.9827, 29.9944, 3.1688, 11.9596, 6.6889, 22.7777, 269.9999, 6.866, 214, 130, 295, 219, 365, 92.9997, 187, 249, 98, 54.0009, 84, 121, 28.0001, 5.1755, 7.3977, 303, 40.0355, 42.7985, 15.9575, 15.5265, 14.1787, 224, 192, 41.8613, 30.3201, 29.6285, 744, 43.0004, 130, 472, 63.0017],
      [0.6065, 15, 0.4051, 2.4936, 4.007, 15.9999, 4.0047, 14.9988, 7.0124, 5.1283, 10, 5.95, 2.3874, 2.5881, 1.937, 1.0637, 31, 43, 12.0004, 15, 30, 15, 52, 0, 1.0746, 1.3491, 5.0082, 2, 0.8507, 0.4481, 1.0646, 2.3604, 33.9999, 0, 24, 15, 21, 31, 39, 16.9998, 15.9999, 33, 11, 5.9956, 8, 11, 1.9999, 2.7791, 1.4153, 50, 9.0167, 3.1309, 2.2181, 2.2094, 1.4379, 24, 17, 2.2478, 3.5253, 5.5721, 86, 8.9919, 10, 62, 2.9881]
    ],
    [
      [0.0431, 2, 0.0914, 0.0287, 0, 1, 0.967, 0.0002, 0.0031, 0.3428, 1.0956e-08, 0.0402, 0, 0, 0, 0.0163, 1, 2, 1.001, 1, 6.5978e-14, 3.0237e-07, 1, 0.0378, 0, 0, 0.0067, 0.0023, 0, 0.0745, 0.0411, 0.0314, 2, 0.071, 1.0141e-06, 1, 1, 1.0144e-09, 1, 0.0002, 5.6345e-06, 1, 1, 0.0028, 1.9189e-06, 6.1167e-15, 0, 0.026, 0.0373, 3, 0.0005, 0.1457, 0.1334, 0.1183, 0.0314, 4.1476e-11, 1, 0.0463, 0.1534, 0.0128, 4, 0.0008, 1.6469e-08, 6, 0.0068],
      [0.2725, 8, 0.6831, 0.4733, 0, 9, 5.0486, 5.0008, 4.9617, 2.3454, 6, 1.9807, 0, 0, 0, 0.1823, 23, 25, 12.9992, 17, 18, 8, 28, 0.3469, 0, 0.5452, 2.0061, 2, 0, 1.4275, 0.5223, 2.7545, 15, 0.3088, 13, 4, 12, 17, 14, 8.9999, 7, 21, 6, 2.0047, 4, 3, 1.0001, 0.1257, 0.4776, 23, 8.9922, 4.9271, 2.2548, 1.1672, 0.2177, 8, 15, 3.2679, 3.4923, 3.6601, 57, 6.003, 7, 26, 1.0072],
      [0.5188, 16, 3.893, 1.2806, 0, 10, 5.9776, 11.9988, 4.0143, 2.1109, 21, 3.0318, 0, 0, 0, 0.7471, 22, 26, 15.0001, 19, 17, 14, 32, 0.6153, 0, 1.0521, 7.9924, 7.9955, 0, 1.4213, 0.3721, 3.5894, 13, 0.6202, 35, 15, 34, 34, 41, 8.9998, 20, 33, 14, 11.9912, 7, 15, 16.9999, 0.5368, 1.2688, 41, 10.027, 5.9954, 1.5586, 2.368, 0.6739, 20, 21, 1.6549, 3.512, 5.5637, 112, 7.9966, 19, 49, 2.9858],
      [0.1656, 3, 0.3325, 0.2173, 0, 1.0001, 1.0068, 2.0002, 0.0209, 1.201, 2, 0.9472, 0, 0, 0, 0.0544, 4, 5, 1.9997, 3, 1, 1, 6, 0, 0, 0.4026, 1.9948, 1.0022, 0, 0.0768, 0.0645, 0.6247, 2, 0, 5, 1, 4, 4, 4, 3.0001, 2, 5, 3, 2.0012, 1, 3, 2, 0.3115, 0.2163, 8, 0.9803, 0.9319, 0.0532, 0.3465, 0.077, 2, 1, 0.0308, 0.8422, 0.7634, 12, 1.9996, 1, 8, 0.0003]
    ],
    [
      [0.2372, 1, 0, 0.234, 1.0404, 1, 0.0096, 0.0001, 0.0077, 0.2947, 3.2804e-08, 0.0261, 0.0159, 0.0272, 0, 0.0784, 2, 2, 0.0001, 2, 1, 6.2442e-07, 2, 0.1051, 0.0307, 0, 0.0073, 0, 0.0808, 0.0775, 0.2685, 0.0617, 5.0001, 0.1025, 1, 2, 1, 2.0277e-09, 3, 1, 0, 2, 1, 0.0015, 2.7106e-06, 1, 5.2333e-09, 0.0336, 0.071, 4, 0.0377, 0.115, 0.092, 0.113, 0.1025, 3.3413e-06, 2, 0.1044, 0.1165, 0.2927, 4, 0.0008, 7.1787e-09, 9, 0.0009],
      [1.2875, 7, 0, 3.3448, 6.0063, 11.9999, 1.9951, 5.0006, 3.0191, 2.3233, 10, 1.9559, 0.5594, 0.7001, 0.3809, 0.5845, 28, 32, 5.0022, 19, 31, 8, 42, 1.1728, 0.5296, 1.2716, 1.9958, 1.9989, 0.405, 1.4014, 1.4373, 0.6204, 29, 0.6825, 16, 11, 17, 17, 27, 19.0002, 11.0001, 25, 7, 3.004, 3, 8, 0.0001, 0.1155, 0.6759, 30, 8.0031, 1.7646, 2.0542, 0.5558, 1.2934, 13, 19, 3.2045, 3.6543, 2.9526, 54, 3.9992, 7, 39, 4.0077],
      [2.4935, 12, 0, 4.268, 5.9931, 12.0001, 2.0023, 11.0001, 3.9821, 3.0444, 32, 3.0453, 0.2925, 0.8264, 0.3657, 1.8771, 25, 30, 5.9981, 20, 24, 10, 47, 1.722, 1.1438, 2.5345, 7.0032, 8.0011, 0.3507, 1.4193, 0.9884, 1.7352, 21.9999, 1.215, 41, 32, 46, 32, 79, 19.9997, 26.9999, 38, 17, 13.9871, 4, 38, 11, 0.4533, 1.8258, 52, 5.9904, 2.3737, 1.2797, 1.7719, 2.9577, 32, 25, 1.6889, 3.5122, 5.536, 107, 4.0006, 14, 72, 7.0057],
      [0.9818, 5, 0, 1.1532, 1.9602, 4, 0.993, 4.9992, 1.9911, 1.3376, 5, 0.9727, 0.1321, 0.4462, 0.2534, 0.46, 6, 8, 2.9997, 3, 5, 3, 11, 0, 0.2959, 1.1939, 1.9937, 2, 0.1634, 0.1017, 0.3059, 0.5828, 4, 0, 5, 6, 4, 7, 10, 5.0001, 4, 6, 3, 3.0074, 1, 4, 2.9999, 0.3975, 0.4273, 10, 3.9688, 0.7466, 0.5741, 0.5593, 0.6464, 6, 4, 1.0021, 1.717, 2.2186, 14, 1.9993, 3, 11, 1.9857]
    ]
  ],
  "V_est": [
    [181.8378, 785.3948, 1200.7755, 138.9919],
    [500.3456, 4196.9506, 8092.1954, 970.5083],
    [492.5146, 4547.2379, 6713.9807, 868.2668],
    [32.5144, 485.4563, 854.3637, 117.6655],
    [50.7875, 619.9603, 1044.6846, 204.5676]
  ],
  "p_est": [
    [0.0788, 0.3405, 0.5205, 0.0603],
    [0.0364, 0.305, 0.5881, 0.0705],
    [0.039, 0.3603, 0.5319, 0.0688],
    [0.0218, 0.3258, 0.5734, 0.079],
    [0.0265, 0.3229, 0.5441, 0.1065]
  ],
  "EI_Z": {},
  "EI_V": 36.0678,
  "MAE_Z": {},
  "MAE_V": 1157.7418,
  "MAE_p": 0.1563,
  "runtime": 0.4469
}
