{
  "X": [
    [40, 87, 251, 33],
    [31, 69, 129, 15],
    [32, 113, 229, 63],
    [4, 11, 3, 0],
    [6, 65, 50, 11],
    [16, 128, 64, 13],
    [21, 280, 73, 28],
    [68, 652, 438, 86],
    [19, 237, 97, 36],
    [7, 6, 9, 4],
    [16, 47, 49, 9],
    [22, 83, 62, 6],
    [27, 145, 149, 17],
    [2, 6, 4, 1],
    [17, 38, 47, 4],
    [2, 2, 4, 1],
    [2, 2, 4, 0],
    [2, 9, 6, 2],
    [5, 24, 15, 1],
    [2, 11, 7, 1],
    [10, 91, 60, 13],
    [3, 35, 24, 4],
    [17, 134, 203, 40],
    [35, 173, 272, 51],
    [23, 182, 323, 55],
    [27, 180, 207, 36],
    [29, 169, 219, 41],
    [73, 338, 428, 69],
    [40, 168, 222, 45],
    [23, 98, 291, 48],
    [25, 203, 195, 52],
    [36, 303, 390, 72],
    [6, 82, 139, 44],
    [19, 79, 132, 38],
    [24, 176, 263, 33],
    [55, 276, 354, 99],
    [16, 150, 192, 37],
    [6, 95, 136, 31],
    [26, 68, 70, 15],
    [14, 98, 123, 23],
    [2, 25, 17, 4],
    [33, 137, 172, 40],
    [75, 275, 295, 74],
    [12, 63, 51, 18],
    [39, 228, 266, 61],
    [22, 279, 187, 44],
    [26, 194, 195, 39],
    [41, 231, 209, 61],
    [35, 200, 175, 27],
    [101, 388, 439, 83],
    [39, 168, 223, 29],
    [95, 243, 430, 70],
    [50, 274, 337, 71],
    [62, 234, 303, 75],
    [22, 121, 193, 39],
    [33, 112, 251, 41],
    [50, 189, 235, 50],
    [0, 4, 9, 0],
    [1, 7, 6, 1],
    [8, 49, 30, 7],
    [31, 107, 150, 36],
    [16, 66, 114, 24],
    [18, 167, 143, 40],
    [7, 54, 47, 11],
    [27, 208, 135, 49],
    [3, 6, 5, 2],
    [30, 116, 102, 24],
    [11, 148, 79, 27],
    [13, 65, 94, 10],
    [18, 134, 138, 20],
    [254, 1589, 1776, 305],
    [50, 248, 280, 55],
    [313, 1042, 976, 268],
    [38, 96, 85, 21]
  ],
  "W": [
    [68, 178, 114, 25, 26],
    [41, 93, 76, 20, 14],
    [67, 156, 142, 34, 38],
    [5, 2, 11, 0, 0],
    [12, 34, 68, 7, 11],
    [23, 36, 132, 17, 13],
    [20, 70, 283, 10, 19],
    [116, 292, 694, 63, 79],
    [32, 68, 248, 20, 21],
    [7, 4, 13, 0, 2],
    [23, 27, 58, 2, 11],
    [38, 38, 86, 4, 7],
    [63, 81, 155, 26, 13],
    [4, 4, 5, 0, 0],
    [19, 34, 46, 3, 4],
    [2, 1, 4, 0, 2],
    [2, 2, 4, 0, 0],
    [4, 6, 8, 1, 0],
    [4, 15, 23, 2, 1],
    [2, 7, 11, 1, 0],
    [9, 36, 107, 8, 14],
    [10, 14, 37, 2, 3],
    [36, 150, 155, 23, 30],
    [38, 215, 207, 35, 36],
    [41, 238, 218, 43, 43],
    [60, 129, 209, 31, 21],
    [59, 130, 209, 30, 30],
    [135, 258, 410, 54, 51],
    [72, 150, 197, 27, 29],
    [40, 237, 123, 30, 30],
    [64, 124, 224, 28, 35],
    [76, 280, 330, 68, 47],
    [17, 109, 100, 27, 18],
    [31, 98, 97, 25, 17],
    [38, 199, 190, 45, 24],
    [80, 250, 314, 59, 81],
    [37, 133, 164, 40, 21],
    [13, 98, 109, 29, 19],
    [44, 39, 81, 7, 8],
    [22, 95, 115, 14, 12],
    [5, 14, 28, 0, 1],
    [54, 120, 139, 30, 39],
    [114, 216, 315, 28, 46],
    [24, 31, 70, 10, 9],
    [74, 200, 251, 21, 48],
    [28, 122, 298, 43, 41],
    [46, 131, 208, 39, 30],
    [68, 148, 255, 40, 31],
    [80, 91, 209, 22, 35],
    [178, 248, 467, 45, 73],
    [74, 142, 199, 20, 24],
    [175, 257, 307, 46, 53],
    [107, 210, 322, 32, 61],
    [102, 199, 271, 41, 61],
    [37, 137, 145, 28, 28],
    [59, 151, 152, 52, 23],
    [79, 166, 215, 26, 38],
    [3, 2, 4, 3, 1],
    [1, 5, 7, 0, 2],
    [12, 17, 50, 8, 7],
    [63, 94, 118, 17, 32],
    [31, 76, 76, 18, 19],
    [47, 88, 180, 30, 23],
    [19, 27, 64, 4, 5],
    [29, 92, 242, 22, 34],
    [3, 3, 5, 4, 1],
    [51, 71, 125, 10, 15],
    [31, 40, 161, 16, 17],
    [27, 56, 76, 15, 8],
    [34, 92, 152, 23, 9],
    [434, 1277, 1724, 259, 230],
    [94, 213, 258, 31, 37],
    [435, 768, 1155, 85, 156],
    [64, 50, 107, 3, 16]
  ],
  "method": "mcmc",
  "mcmc_stepsize": 3000,
  "mcmc_samples": 1000,
  "burn_in": 10000,
  "cond_prob": [
    [
      [0.11764705883, 0.20588235182, 0.60294117778, 0.073529411569],
      [0.095505617659, 0.21910112302, 0.60674157355, 0.078651685775],
      [0.096491228395, 0.21052631669, 0.61403508631, 0.078947368605],
      [0.079999999301, 0.20000000673, 0.63999999473, 0.079999999245],
      [0.076923078333, 0.19230768876, 0.61538461971, 0.1153846132]
    ],
    [
      [0.17073257589, 0.26829316546, 0.51219325234, 0.048781006311],
      [0.12903159237, 0.2903223912, 0.5268827443, 0.05376327212],
      [0.11842092181, 0.30263097886, 0.52631639428, 0.052631705052],
      [0.10000041716, 0.2500005858, 0.59999862544, 0.050000371593],
      [0.071430564056, 0.21428798036, 0.49999735428, 0.2142841013]
    ],
    [
      [0.089552258177, 0.2537313384, 0.52238803552, 0.1343283679],
      [0.076923074854, 0.26282052717, 0.51923074455, 0.14102565343],
      [0.070422523754, 0.26760563164, 0.52112678107, 0.14084506354],
      [0.0588235485, 0.23529413674, 0.58823527473, 0.11764704003],
      [0.052631579019, 0.23684204599, 0.50000008467, 0.21052629033]
    ],
    [
      [0.29264425036, 0.54618419912, 0.16117155052, 0],
      [0.21257241275, 0.60005105645, 0.1873765308, 0],
      [0.19196672024, 0.64263426286, 0.16539901689, 0],
      [0, 0, 0, 0],
      [0, 0, 0, 0]
    ],
    [
      [0.15144687386, 0.42555557604, 0.34184665428, 0.081150895822],
      [0.030367054588, 0.54523866124, 0.36289901278, 0.061495271389],
      [0.043577832611, 0.48894293566, 0.39238009491, 0.075099136824],
      [0.010937245776, 0.44349326712, 0.40828966907, 0.13727981803],
      [0.01002766543, 0.45478601006, 0.36539996154, 0.16978636297]
    ],
    [
      [0.13039000971, 0.56512384621, 0.26100167168, 0.043484472407],
      [0.083336615207, 0.58330991713, 0.27777582287, 0.05557764479],
      [0.068183280165, 0.59095770516, 0.28784381513, 0.053015199536],
      [0.058837134347, 0.5292669699, 0.35299303798, 0.058902857769],
      [3.7489508712e-05, 0.53838761158, 0.30775128343, 0.15382361549]
    ],
    [
      [0.1499999713, 0.64999661499, 0.15000665805, 0.04999675566],
      [0.057141895037, 0.71428668718, 0.17142192927, 0.057149488519],
      [0.049469964413, 0.69964642112, 0.18374675231, 0.06713686216],
      [1.054076387e-07, 0.60002631541, 0.29998013093, 0.099993448253],
      [3.5230775155e-06, 0.68419996147, 0.15790524089, 0.15789127456]
    ],
    [
      [0.068965517241, 0.51724137931, 0.34482758621, 0.068965517241],
      [0.054794520548, 0.52739726027, 0.34931506849, 0.068493150685],
      [0.053314121037, 0.52449567723, 0.35446685879, 0.067723342939],
      [0.047619047619, 0.52380952381, 0.36507936508, 0.063492063492],
      [0.050632911392, 0.51898734177, 0.3417721519, 0.088607594937]
    ],
    [
      [0.093749996711, 0.62499977608, 0.21875024139, 0.062499985825],
      [0.044117658397, 0.61764684138, 0.25000015144, 0.088235348786],
      [0.048387090834, 0.60887107082, 0.25403216658, 0.088709671772],
      [7.4381048708e-08, 0.59999979099, 0.2500002813, 0.14999985333],
      [0.047619015232, 0.57142859854, 0.23809519243, 0.1428571938]
    ],
    [
      [0.33424081803, 0.22018323238, 0.3147494413, 0.1308265083],
      [0.25645016702, 0.25377923765, 0.33986618051, 0.14990441482],
      [0.25213927415, 0.23321860965, 0.35935569095, 0.15528642525],
      [0, 0, 0, 0],
      [0.17835152089, 0.20587924868, 0.38283260327, 0.23293662716]
    ],
    [
      [0.21122576404, 0.35119071432, 0.39042579297, 0.047157728671],
      [0.11957779064, 0.43078744272, 0.37468621985, 0.074948546788],
      [0.11725864784, 0.3958832732, 0.41529629865, 0.071561780307],
      [0.085654009921, 0.055360990245, 0.85398563952, 0.0049993603136],
      [0.085536135004, 0.3835818901, 0.37350202046, 0.15737995444]
    ],
    [
      [0.15830974784, 0.48002140712, 0.33561851819, 0.026050326845],
      [0.14464381236, 0.45876247572, 0.35850333361, 0.038090378313],
      [0.11495942259, 0.50252338237, 0.35826574019, 0.024251454856],
      [0.005243469686, 0.33988986083, 0.63857891888, 0.016287750603],
      [0.082897213037, 0.39280601791, 0.32260004277, 0.20169672628]
    ],
    [
      [0.095251592272, 0.42855989443, 0.42856653432, 0.047621978978],
      [0.07406714288, 0.44444341905, 0.43210402711, 0.049385410954],
      [0.077417621497, 0.42581439034, 0.45160915846, 0.045158829705],
      [0.076918026307, 0.423074314, 0.46155129803, 0.038456361665],
      [0.076931622888, 0.38458823394, 0.38462529474, 0.15385484843]
    ],
    [
      [0.19126813007, 0.45163911567, 0.28833474761, 0.068758006651],
      [0.1496944816, 0.44376449723, 0.31988114541, 0.086659875764],
      [0.12722991066, 0.48367710969, 0.31342728558, 0.075665694068],
      [0, 0, 0, 0],
      [0, 0, 0, 0]
    ],
    [
      [0.25656639728, 0.32155285626, 0.39196735477, 0.02991339168],
      [0.1435687429, 0.32228749054, 0.49762596258, 0.036517803978],
      [0.14080490762, 0.39734793931, 0.4289556382, 0.032891514866],
      [0.099244556582, 0.48794552752, 0.39681015486, 0.015999761035],
      [0.11728544318, 0.29771981541, 0.42773692744, 0.15725781397]
    ],
    [
      [0.29382169244, 0.21519198198, 0.40322388625, 0.087762439323],
      [0.22953326636, 0.22689311096, 0.45345110588, 0.090122516802],
      [0.20741733909, 0.23478915513, 0.4596274665, 0.098166039277],
      [0, 0, 0, 0],
      [0.17657699619, 0.20178315229, 0.4507956278, 0.17084422372]
    ],
    [
      [0.29869799716, 0.22231731227, 0.47898469057, 0],
      [0.245736362, 0.25132706494, 0.50293657306, 0],
      [0.22778282042, 0.2631778114, 0.50903936818, 0],
      [0, 0, 0, 0],
      [0, 0, 0, 0]
    ],
    [
      [0.1577879403, 0.42821642717, 0.31563344511, 0.098362187418],
      [0.088492444177, 0.47551437762, 0.32410851631, 0.11188466189],
      [0.093674773779, 0.49938231016, 0.3062460217, 0.10069689436],
      [0.088495383517, 0.4389895443, 0.34284694807, 0.12966812411],
      [0, 0, 0, 0]
    ],
    [
      [0.15685110087, 0.51546806273, 0.30252718533, 0.025153651062],
      [0.11129735802, 0.53328902202, 0.32881748051, 0.026596139447],
      [0.10333187149, 0.54591295034, 0.33483267494, 0.015922503229],
      [0.11870837974, 0.43522967886, 0.40940608202, 0.036655859376],
      [0.089085422423, 0.51233520311, 0.33766536343, 0.060914011036]
    ],
    [
      [0.14489739484, 0.48458864063, 0.32172595615, 0.048788008373],
      [0.08989721744, 0.51753019513, 0.3502666636, 0.042305923828],
      [0.092641605493, 0.53593373819, 0.31981387813, 0.05161077818],
      [0.061867027801, 0.5128402327, 0.38672878302, 0.03856395648],
      [0, 0, 0, 0]
    ],
    [
      [0.20104068848, 0.42524922408, 0.33357745451, 0.040132632928],
      [0.05052003155, 0.53217742257, 0.35184282637, 0.065459719514],
      [0.054002331708, 0.53288555278, 0.34662627466, 0.066485840858],
      [0.015206862744, 0.51767986424, 0.39505466729, 0.072058605721],
      [0.033714876661, 0.48958405069, 0.29157231667, 0.18512875597]
    ],
    [
      [0.054672799109, 0.55066702994, 0.3466967817, 0.047963389252],
      [0.047468039229, 0.51847342814, 0.36296169742, 0.071096835215],
      [0.043457293014, 0.5274902717, 0.36919510455, 0.059857330731],
      [0.039157731853, 0.48076240808, 0.43208477357, 0.047995086499],
      [0.034161384823, 0.58534561251, 0.30906000119, 0.071433001477]
    ],
    [
      [0.083333159568, 0.33333457105, 0.49999899339, 0.083333275991],
      [0.046666514579, 0.33999974177, 0.51333363669, 0.10000010696],
      [0.038709549746, 0.34838711703, 0.51612916997, 0.096774163245],
      [1.3816183744e-06, 0.30434778887, 0.56521617498, 0.13043465453],
      [0.033333902695, 0.33333306308, 0.49999991212, 0.1333331221]
    ],
    [
      [0.10526315784, 0.31578947383, 0.49999999979, 0.078947368537],
      [0.065116279078, 0.3302325581, 0.511627907, 0.093023255822],
      [0.062801932349, 0.32850241547, 0.51690821258, 0.091787439592],
      [0.057142857153, 0.31428571433, 0.51428571416, 0.11428571436],
      [0.055555555652, 0.30555555549, 0.50000000009, 0.13888888877]
    ],
    [
      [0.097560975727, 0.29268292606, 0.53658536586, 0.073170732352],
      [0.037815126026, 0.3193277312, 0.5504201679, 0.09243697487],
      [0.036697247591, 0.31192660537, 0.55963302794, 0.0917431191],
      [0.023255814202, 0.30232558211, 0.58139534822, 0.093023255468],
      [0.023255814311, 0.3023255815, 0.53488372033, 0.13953488385]
    ],
    [
      [0.083333292431, 0.4000000349, 0.44999998035, 0.066666692315],
      [0.062015545945, 0.40310075839, 0.45736434202, 0.077519353648],
      [0.057416253515, 0.4019138867, 0.4641148174, 0.076555042385],
      [0.032258036891, 0.38709672882, 0.48387105023, 0.096774184059],
      [0.047619090428, 0.38095234089, 0.42857150791, 0.14285706077]
    ],
    [
      [0.084746394716, 0.35593212363, 0.47457566341, 0.084745818238],
      [0.069230608118, 0.36923070209, 0.47692329704, 0.084615392756],
      [0.062200783797, 0.37320589871, 0.47846893455, 0.086124382949],
      [0.033333614363, 0.36666662739, 0.50000023943, 0.099999518813],
      [0.033333713733, 0.36666605941, 0.46666642469, 0.13333380216]
    ],
    [
      [0.088888888956, 0.37037037018, 0.46666666679, 0.07407407407],
      [0.081395348812, 0.37596899231, 0.46899224804, 0.073643410838],
      [0.07804878047, 0.37317073167, 0.47317073174, 0.075609756118],
      [0.074074074189, 0.37037037029, 0.48148148146, 0.074074074058],
      [0.07843137252, 0.35294117701, 0.47058823484, 0.098039215627]
    ],
    [
      [0.11111110943, 0.34722222013, 0.45833332771, 0.083333342735],
      [0.079999998878, 0.35999999343, 0.46666667931, 0.093333328384],
      [0.081218272463, 0.35532995876, 0.47208121111, 0.091370557666],
      [0.074074093568, 0.33333331999, 0.48148147264, 0.1111111138],
      [0.068965520269, 0.34482757313, 0.44827586754, 0.13793103906]
    ],
    [
      [0.074999980489, 0.19999998705, 0.62500003715, 0.099999995308],
      [0.050632916309, 0.21940926586, 0.62869199753, 0.10126582031],
      [0.048780469389, 0.21138218813, 0.64227634836, 0.097560994117],
      [0.033333411839, 0.19999990024, 0.6666666155, 0.10000007242],
      [0.033333317508, 0.19999994542, 0.60000019288, 0.16666654419]
    ],
    [
      [0.06250006662, 0.42187504748, 0.40624989578, 0.10937499012],
      [0.064516128568, 0.42741929109, 0.40322584812, 0.10483873222],
      [0.049107115642, 0.4375000286, 0.40625000634, 0.10714284942],
      [0.035714270631, 0.39285706348, 0.46428582642, 0.10714283946],
      [0.028571494642, 0.40000001949, 0.42857134123, 0.14285714464]
    ],
    [
      [0.065789473682, 0.36842105263, 0.48684210526, 0.078947368425],
      [0.042857142858, 0.38214285714, 0.48571428572, 0.089285714284],
      [0.042424242424, 0.38181818182, 0.48787878788, 0.087878787879],
      [0.044117647059, 0.36764705882, 0.5, 0.08823529412],
      [0.042553191489, 0.36170212765, 0.46808510639, 0.12765957446]
    ],
    [
      [0.11760164175, 0.29410048982, 0.4705007361, 0.11779713233],
      [0.018354623005, 0.31195395947, 0.5137638431, 0.15592757443],
      [0.019999528918, 0.2999811712, 0.52000819052, 0.16001110936],
      [4.8330605186e-06, 0.2963015065, 0.5184705141, 0.18522314634],
      [1.9332396177e-06, 0.27772512757, 0.50009475863, 0.22217818056]
    ],
    [
      [0.0968354896, 0.2903197222, 0.48362607316, 0.12921871504],
      [0.081592302652, 0.29597902133, 0.48979587812, 0.1326327979],
      [0.061836907132, 0.29900784536, 0.50521393062, 0.13394131689],
      [0.040079047689, 0.27991952155, 0.48007390323, 0.19992752753],
      [0.058935175201, 0.29367032251, 0.47058804857, 0.17680645372]
    ],
    [
      [0.078947519914, 0.34210465203, 0.52631622886, 0.05263159919],
      [0.04522611384, 0.36180910117, 0.52763819142, 0.065326593568],
      [0.047368407507, 0.35789477769, 0.53157891679, 0.063157898019],
      [0.044444432856, 0.33333322602, 0.55555557024, 0.066666770882],
      [0.041666695177, 0.33333371494, 0.49999951499, 0.12500007489]
    ],
    [
      [0.075000000001, 0.35000000001, 0.44999999999, 0.125],
      [0.072000000003, 0.35599999999, 0.448, 0.124],
      [0.070063694266, 0.35350318472, 0.45222929936, 0.12420382166],
      [0.067796610169, 0.33898305084, 0.47457627118, 0.1186440678],
      [0.061728395058, 0.34567901234, 0.44444444446, 0.14814814814]
    ],
    [
      [0.081080999505, 0.37837863097, 0.45945903549, 0.081081334031],
      [0.045112740161, 0.38345855541, 0.48120313672, 0.090225567714],
      [0.036585331463, 0.38414642949, 0.48780483366, 0.091463405393],
      [0.025000000857, 0.37499989826, 0.52500012418, 0.074999976706],
      [6.753603048e-07, 0.33333297232, 0.47619051508, 0.19047583724]
    ],
    [
      [0.15315376094, 0.30738809265, 0.4621052569, 0.077352889509],
      [0.020444016511, 0.36739729656, 0.49994820909, 0.11221047783],
      [0.01835162219, 0.3579017783, 0.51362859653, 0.11011800298],
      [0.00014785715322, 0.34451886537, 0.55198339182, 0.10334988566],
      [4.5937553736e-05, 0.31561467377, 0.47393009396, 0.21040929471]
    ],
    [
      [0.18042195152, 0.36260743634, 0.38836686716, 0.068603744977],
      [0.12884414213, 0.40851491485, 0.38277166214, 0.079869280879],
      [0.13588103299, 0.38411860668, 0.40656889603, 0.073431464297],
      [0.14703773629, 0.28859539735, 0.2902861923, 0.27408067406],
      [0.12511059544, 0.37242702496, 0.37745988708, 0.12500249253]
    ],
    [
      [0.13631818668, 0.36367900711, 0.45454669624, 0.045456109965],
      [0.052638258926, 0.38945943993, 0.47370722788, 0.084195073266],
      [0.052169713149, 0.38261026418, 0.47824958363, 0.08697043905],
      [5.7631822921e-06, 0.35712805958, 0.57139701874, 0.071469158498],
      [6.3966521705e-05, 0.33337015299, 0.41662713792, 0.24993874257]
    ],
    [
      [0.053346972749, 0.52017730068, 0.35345440624, 0.073021320326],
      [0.045314570185, 0.49041788274, 0.37243522488, 0.091832322199],
      [0.037771039386, 0.53466721568, 0.34840986374, 0.079151881191],
      [0, 0, 0, 0],
      [0.041272050858, 0.56258109922, 0.26315863568, 0.13298821424]
    ],
    [
      [0.11111118683, 0.35185170506, 0.4444444254, 0.092592682706],
      [0.083333343338, 0.36666671424, 0.44999996369, 0.09999997873],
      [0.086330910722, 0.36690653114, 0.44604315881, 0.10071939933],
      [0.066666643144, 0.33333323891, 0.50000019011, 0.099999927833],
      [0.07692304682, 0.33333326211, 0.43589745148, 0.1538462396]
    ],
    [
      [0.12280701754, 0.37719298246, 0.40350877193, 0.09649122807],
      [0.10648148148, 0.38425925926, 0.40740740741, 0.10185185185],
      [0.10158730159, 0.3873015873, 0.40952380952, 0.10158730159],
      [0.071428571429, 0.35714285714, 0.5, 0.071428571429],
      [0.086956521739, 0.36956521739, 0.39130434783, 0.15217391304]
    ],
    [
      [0.12536570021, 0.43977481727, 0.32193149115, 0.11292799137],
      [0.11051546427, 0.42507340874, 0.34927131046, 0.11513981653],
      [0.075357897926, 0.45312394553, 0.36115077698, 0.11036737956],
      [0.02856106389, 0.42641094735, 0.41669131091, 0.12833667785],
      [0.0005089232219, 0.36503811711, 0.33319623225, 0.30125672741]
    ],
    [
      [0.081081081081, 0.37837837838, 0.44594594595, 0.094594594596],
      [0.065, 0.39, 0.445, 0.1],
      [0.06374501992, 0.38247011952, 0.45418326693, 0.099601593625],
      [0.047619047619, 0.38095238094, 0.42857142858, 0.14285714286],
      [0.062500000002, 0.375, 0.4375, 0.125]
    ],
    [
      [0.10714284931, 0.50000000788, 0.32142857145, 0.071428571365],
      [0.040983617095, 0.53278684828, 0.34426231446, 0.081967220162],
      [0.040268452731, 0.52684564257, 0.35234899342, 0.080536911283],
      [0.02325580907, 0.51162796721, 0.39534878662, 0.069767437098],
      [0.024390249513, 0.51219512715, 0.34146340908, 0.12195121425]
    ],
    [
      [0.10869561066, 0.41304310085, 0.41304374623, 0.065217542263],
      [0.053435077615, 0.43511469057, 0.42748081385, 0.083969417961],
      [0.052884619952, 0.432692306, 0.43269229325, 0.081730780794],
      [0.051282156042, 0.41025655209, 0.46153831355, 0.076922978314],
      [0.033333390208, 0.39999959053, 0.4000003278, 0.16666669146]
    ],
    [
      [0.088235294574, 0.42647058628, 0.3823529416, 0.10294117755],
      [0.074324323532, 0.43243243325, 0.38513513579, 0.10810810743],
      [0.074509804195, 0.42352941205, 0.39215686256, 0.10980392119],
      [0.074999998678, 0.42499999796, 0.37500000092, 0.12500000244],
      [0.064516131266, 0.41935483938, 0.35483870593, 0.16129032342]
    ],
    [
      [0.099999671272, 0.44999972182, 0.40000029937, 0.050000307535],
      [0.087912036314, 0.46153915052, 0.39560364933, 0.054945163836],
      [0.076555103405, 0.45933022849, 0.40669843465, 0.057416233458],
      [0.045455000263, 0.4545426065, 0.3636393919, 0.13636300134],
      [0.057142982176, 0.45714298459, 0.40000012849, 0.085713904743]
    ],
    [
      [0.10674157342, 0.3820224718, 0.43258426937, 0.078651685412],
      [0.10080645148, 0.38709677448, 0.43145161272, 0.080645161317],
      [0.098501070622, 0.38329764455, 0.43683083519, 0.081370449637],
      [0.088888888816, 0.37777777742, 0.44444444503, 0.088888888743],
      [0.095890410781, 0.3835616433, 0.42465753474, 0.095890411182]
    ],
    [
      [0.10810810805, 0.36486486403, 0.47297297363, 0.054054054294],
      [0.084507042143, 0.3802816896, 0.47887324008, 0.056338028177],
      [0.080402010149, 0.36180904587, 0.49748743657, 0.060301507411],
      [0.050000000061, 0.35000000043, 0.49999999981, 0.099999999698],
      [0.083333333305, 0.33333333346, 0.45833333272, 0.12500000051]
    ],
    [
      [0.12, 0.29142857143, 0.50857142857, 0.080000000001],
      [0.11284046693, 0.29182879377, 0.51361867705, 0.081712062258],
      [0.11074918567, 0.28990228013, 0.51791530944, 0.081433224755],
      [0.10869565217, 0.28260869565, 0.5, 0.10869565217],
      [0.11320754717, 0.28301886793, 0.50943396226, 0.094339622641]
    ],
    [
      [0.07476635514, 0.3738317757, 0.45794392523, 0.093457943925],
      [0.071428571429, 0.37619047619, 0.45714285714, 0.095238095238],
      [0.065217391304, 0.37888198758, 0.45962732919, 0.096273291925],
      [0.0625, 0.34375, 0.5, 0.09375],
      [0.065573770492, 0.3606557377, 0.45901639344, 0.11475409836]
    ],
    [
      [0.10784313725, 0.3431372549, 0.44117647059, 0.10784313725],
      [0.095477386935, 0.34673366834, 0.4472361809, 0.11055276382],
      [0.088560885609, 0.35055350554, 0.45018450185, 0.11070110701],
      [0.073170731707, 0.34146341463, 0.48780487805, 0.09756097561],
      [0.081967213115, 0.34426229508, 0.44262295082, 0.13114754098]
    ],
    [
      [0.1081078673, 0.29729738118, 0.51351398311, 0.081080768421],
      [0.058394108391, 0.32846743625, 0.5109485705, 0.10218988485],
      [0.055172465769, 0.32413754561, 0.51724159702, 0.1034483916],
      [0.035714769046, 0.32142971155, 0.53571293578, 0.10714258363],
      [0.03571410681, 0.32142793189, 0.50000123918, 0.14285672212]
    ],
    [
      [0.10169491621, 0.25423718477, 0.55932211052, 0.0847457885],
      [0.079470188878, 0.2582781621, 0.56953643142, 0.092715217603],
      [0.072368433092, 0.2631579309, 0.57236836666, 0.09210526935],
      [0.057692308876, 0.24999992104, 0.61538466912, 0.076923100957],
      [0.043478240496, 0.21739140135, 0.56521738296, 0.17391297519]
    ],
    [
      [0.11392405062, 0.35443037976, 0.44303797468, 0.088607594937],
      [0.096385542187, 0.36746987948, 0.44578313254, 0.090361445796],
      [0.093023255785, 0.36279069771, 0.4511627907, 0.093023255811],
      [0.076923076907, 0.34615384615, 0.46153846152, 0.11538461542],
      [0.078947368545, 0.3421052631, 0.44736842105, 0.1315789473]
    ],
    [
      [0, 0.30321241067, 0.69678758933, 0],
      [0, 0.29857764878, 0.70142235122, 0],
      [0, 0.32805844569, 0.67194155431, 0],
      [0, 0.2940610608, 0.7059389392, 0],
      [0, 0.29879050528, 0.70120949472, 0]
    ],
    [
      [0.095297245438, 0.48375795148, 0.35398824943, 0.06695655366],
      [0.067156829688, 0.45070305292, 0.41893393973, 0.063206177657],
      [0.064676086335, 0.48862066003, 0.39025776405, 0.056445489586],
      [0, 0, 0, 0],
      [0.058093000889, 0.42119108185, 0.40976885179, 0.11094706547]
    ],
    [
      [0.17657535414, 0.53574383191, 0.25898947573, 0.028691338223],
      [0.076680933843, 0.53941954303, 0.30869957478, 0.075199948351],
      [0.080132856667, 0.51515578249, 0.33565568104, 0.0690556798],
      [0.031660516362, 0.52288374224, 0.35153902708, 0.09391671432],
      [0.045370415817, 0.49429753187, 0.29273389306, 0.16759815926]
    ],
    [
      [0.11111106695, 0.31746037881, 0.46031750102, 0.11111105322],
      [0.095744647104, 0.34042546114, 0.45744688698, 0.10638300477],
      [0.093220382156, 0.33898301397, 0.45762706252, 0.11016954135],
      [0.058823551287, 0.29411777639, 0.58823512229, 0.058823550036],
      [0.093750015245, 0.31250015438, 0.43749998761, 0.15624984277]
    ],
    [
      [0.096662328018, 0.29044816883, 0.51617602702, 0.096713476128],
      [0.078874839454, 0.30265556969, 0.51310070158, 0.10536888927],
      [0.065852045879, 0.31580049473, 0.51311793563, 0.10522952377],
      [0.055664042501, 0.2776584268, 0.61121260269, 0.05546492801],
      [0.052751146376, 0.26292600989, 0.47389999399, 0.21042284974]
    ],
    [
      [0.063829989636, 0.44680814087, 0.38297895251, 0.10638291698],
      [0.056818000104, 0.45454553473, 0.38636397002, 0.10227249515],
      [0.044444346143, 0.46111102432, 0.38888895594, 0.1055556736],
      [0.03333422604, 0.4333330853, 0.43333233106, 0.10000035761],
      [0.043478147438, 0.43478406029, 0.34782512476, 0.17391266751]
    ],
    [
      [0.10815968541, 0.44886589778, 0.38025194103, 0.062722475783],
      [0.064331148905, 0.44008031584, 0.4155677554, 0.080020779859],
      [0.043899560733, 0.47432774161, 0.38399820852, 0.097774489138],
      [0.020026605771, 0.33325493418, 0.52162739147, 0.12509106858],
      [0.063669329372, 0.37987684299, 0.37849776269, 0.17795606496]
    ],
    [
      [0.10344810187, 0.48275761915, 0.31034549587, 0.10344878311],
      [0.065217420007, 0.51086999509, 0.31521715409, 0.10869543081],
      [0.061983463645, 0.50000008132, 0.32231393855, 0.11570251648],
      [0.045454762002, 0.45454526157, 0.40909124801, 0.090908728416],
      [0.058823512908, 0.4705874724, 0.29411828996, 0.17647072473]
    ],
    [
      [0.25351735553, 0.3467673458, 0.29023095678, 0.1094843419],
      [0.19666312266, 0.37121425385, 0.32078277873, 0.11133984476],
      [0.19230616196, 0.39562521207, 0.28926781209, 0.12280081388],
      [0.13939713806, 0.38189733419, 0.35114250045, 0.1275630273],
      [0.13033920344, 0.34033980391, 0.31604973125, 0.2132712614]
    ],
    [
      [0.13725390612, 0.4117643593, 0.3725490935, 0.078432641075],
      [0.11267554703, 0.43661950415, 0.36619877036, 0.084506178469],
      [0.10400003935, 0.43200128651, 0.37599846756, 0.088000206582],
      [0.099997826215, 0.39999324479, 0.50000239683, 6.5321613411e-06],
      [0.066673584566, 0.39999597464, 0.3333367415, 0.1999936993]
    ],
    [
      [0.064510735542, 0.54839165504, 0.29031533997, 0.096782269453],
      [0.074978255725, 0.55000371492, 0.27502258215, 0.09999544721],
      [0.03726693148, 0.57143119898, 0.29193029606, 0.099371573478],
      [5.7352477216e-05, 0.49993991588, 0.43744491353, 0.062557818105],
      [8.433021779e-06, 0.52942637691, 0.29408381719, 0.17648137288]
    ],
    [
      [0.11128542265, 0.37389459681, 0.47685779567, 0.037962184874],
      [0.07083068888, 0.37211763339, 0.50514984939, 0.051901828338],
      [0.065315973322, 0.35563452781, 0.52471251183, 0.054336987042],
      [0.066952568388, 0.33593000926, 0.59690741458, 0.00021000777761],
      [0.0075590641092, 0.24988552049, 0.50058572919, 0.24196968621]
    ],
    [
      [0.088232028868, 0.41174805695, 0.44118357162, 0.058836342555],
      [0.065220900462, 0.4456488614, 0.43477614934, 0.054354088799],
      [0.052630853531, 0.4407939334, 0.44736844265, 0.059206770413],
      [0.043473505047, 0.391313247, 0.4782662431, 0.086947004855],
      [8.6924585176e-07, 0.33333202846, 0.44446955018, 0.22219755212]
    ],
    [
      [0.069124423963, 0.40322580645, 0.45161290323, 0.076036866359],
      [0.064996084573, 0.40563821457, 0.45184025059, 0.077525450274],
      [0.064385150812, 0.40545243619, 0.4524361949, 0.077726218097],
      [0.061776061776, 0.40154440154, 0.45945945946, 0.07722007722],
      [0.060869565217, 0.40434782609, 0.45217391304, 0.082608695652]
    ],
    [
      [0.095744653649, 0.38297870417, 0.43617023652, 0.085106405659],
      [0.079812208917, 0.39436619683, 0.44131454034, 0.08450705391],
      [0.07751938599, 0.39534883961, 0.44186047024, 0.085271304153],
      [0.064516136649, 0.38709675091, 0.48387098102, 0.064516131427],
      [0.054054060436, 0.37837843199, 0.4324324038, 0.13513510377]
    ],
    [
      [0.12413793103, 0.4, 0.37471264368, 0.10114942529],
      [0.11979166667, 0.40234375, 0.375, 0.10286458333],
      [0.12034632035, 0.40086580087, 0.37575757576, 0.10303030303],
      [0.11764705882, 0.4, 0.38823529412, 0.094117647059],
      [0.11538461538, 0.39743589744, 0.37179487179, 0.11538461538]
    ],
    [
      [0.18743675341, 0.39097115346, 0.34359573698, 0.077996356149],
      [0.15984314885, 0.41994163281, 0.34036722415, 0.079847994191],
      [0.1496396481, 0.40172460671, 0.36440909001, 0.084226655178],
      [0.0012981502916, 0.33203213619, 0.66528634118, 0.0013833723326],
      [0.12478459634, 0.37500845074, 0.31274249818, 0.18746445474]
    ]
  ],
  "expected_outcome": [
    [
      [8.0000000005, 7.0000356116, 6.0000012978, 1.4632212518, 1.8173624863, 2.9989702232, 2.9999994261, 8, 2.9999998948, 2.3396857262, 4.8581925728, 6.0157704179, 6.0008503131, 0.7650725203, 4.8747615484, 0.58764338488, 0.59739599432, 0.63115176119, 0.62740440348, 0.28979478969, 1.8093661963, 0.54672799109, 2.9999937445, 3.999999998, 4.0000000048, 4.9999975458, 5.0000372882, 12.0000000091, 7.999999879, 2.9999992196, 4.0000042637, 4.9999999998, 1.9992279097, 3.0019001776, 3.0000057567, 6.0000000001, 2.9999969817, 1.9909988923, 7.938565867, 2.9990001071, 0.26673486374, 6.0000040888, 14, 3.008776805, 6, 2.9999997806, 4.9999980905, 6.0000000311, 7.9999737018, 19.0000000686, 7.9999999954, 21, 8, 11, 3.9999910899, 6.0000000565, 8.9999999989, 0, 0.095297245438, 2.1189042497, 6.999997218, 2.9965321686, 3.0000095129, 2.0550340227, 2.9999949542, 0.76055206658, 6.9999492123, 1.9998328018, 3.0047064116, 2.9998889815, 30, 8.999997443, 54, 11.9959522182],
      [13.9999999237, 11.0000197838, 16.9999996727, 2.7309209956, 5.1066669125, 12.9978484628, 12.9999322997, 60, 19.9999928345, 1.5412826266, 8.0773864294, 18.2408134707, 26.9992733491, 1.8065564627, 6.109504269, 0.43038396397, 0.44463462454, 1.7128657087, 2.0618722509, 0.96917728126, 3.8272430167, 5.5066702994, 12.0000445577, 12.0000000056, 11.9999999685, 24.0000020942, 20.9999952944, 49.9999999749, 24.9999998491, 7.9999994822, 27.0000030389, 28, 4.9997083269, 8.999911388, 12.9999767772, 28.0000000004, 14.000009346, 3.9960452044, 15.9547271988, 8.0009381564, 2.6008865034, 18.9999920734, 43, 10.5545956144, 27.9999999998, 14.0000002206, 18.999982639, 28.9999998667, 35.9999777458, 67.9999999803, 26.9999999382, 51, 40, 35, 11.0000031035, 14.9999939013, 28.0000000011, 0.909637232, 0.48375795148, 6.4289259829, 20.000003865, 9.0038932338, 20.999982621, 8.5284520579, 13.9999709553, 1.0403020374, 20.9999823243, 17.0001413061, 10.0951541137, 13.9994339364, 175, 35.9999981919, 174, 25.0221538214],
      [41.0000000891, 20.9999233458, 34.99999838, 0.80585775262, 4.1021598513, 6.0030384486, 3.000133161, 40, 7.0000077244, 2.2032460891, 8.9797932383, 12.7535036913, 26.9996916621, 1.1533389904, 7.4473797407, 0.80644777251, 0.95796938114, 1.2625337804, 1.2101087413, 0.6434519123, 3.0021970906, 3.466967817, 17.9999637622, 18.999999992, 22.0000000003, 26.9999988211, 27.9999641413, 63.0000000166, 32.999999595, 25.000001486, 25.9999933299, 36.9999999999, 7.9985125138, 14.992408268, 20.0000166969, 35.9999999992, 16.9999843131, 6.0073683397, 17.0881421553, 10.0000273173, 1.7672720312, 23.9999989717, 46, 7.7263557877, 33.0000000002, 9.0000000005, 19.0000123264, 26.0000000286, 32.0000239496, 76.9999999478, 35.0000000487, 88.9999999999, 49, 45, 19.000017375, 33.0000045207, 35, 2.090362768, 0.35398824943, 3.1078737087, 29.0000025641, 16.0014568377, 18.0000107681, 7.2247868795, 9.0000193802, 0.87069287033, 19.0000037685, 8.9997755391, 12.8751604831, 15.0002414352, 196, 41.0000022332, 163, 21.9901271669],
      [4.9999999867, 2.0000212588, 9.0000006495, 0, 0.97381074986, 1.0001428654, 0.99993511319, 8, 1.9999995464, 0.9157855581, 1.0846277594, 0.98991242011, 3.0001846756, 0.2750320266, 0.56835444193, 0.17552487865, 0, 0.39344874967, 0.10061460425, 0.097576016745, 0.36119369635, 0.47963389252, 2.9999979357, 3.0000000044, 3.0000000264, 4.0000015389, 5.000003276, 9.9999999995, 6.0000006769, 3.9999998123, 6.9999993676, 6.0000000003, 2.0025512497, 4.0057801663, 2.0000007692, 10.0000000003, 3.0000093591, 1.0055875636, 3.018564779, 1.0000344192, 0.36510660163, 5.0000048661, 11, 2.7102717929, 7.0000000001, 1.9999999982, 3.0000069441, 7.0000000736, 4.0000246028, 14.0000000033, 4.0000000177, 14.0000000001, 10, 11, 2.9999884316, 5.0000015215, 7, 0, 0.06695655366, 0.34429605868, 6.9999963528, 2.99811776, 4.999997098, 1.1917270399, 3.0000147102, 0.32845302569, 4.0000646948, 3.000250353, 1.0249789916, 2.0004356469, 33, 8.0000021319, 44, 4.9917667935]
    ],
    [
      [16.9999999433, 11.9999380908, 11.9999996773, 0.4251448255, 1.032479856, 3.0001181474, 3.9999326526, 16, 3.000000771, 1.0258006681, 3.2286003473, 5.4964648698, 5.9994385733, 0.59877792639, 4.8813372585, 0.22953326636, 0.491472724, 0.53095466506, 1.6694603703, 0.62928052208, 1.8187211358, 0.6645525492, 6.9999771868, 14.0000000018, 8.9999999943, 8.0000054269, 8.9999790553, 20.9999999935, 11.9999998317, 12.0000011651, 7.9999999425, 12.0000000002, 2.0006539075, 7.9960456599, 8.9999966541, 18.0000000009, 5.9999944415, 2.003513618, 5.024921543, 5.000634598, 0.63440398259, 10.0000012005, 23, 3.4259793923, 13, 5.0000012856, 6.9999951675, 10.9999998828, 7.9999953046, 24.9999999674, 11.9999999844, 29, 15, 19, 7.9999928496, 11.9999985206, 16.000000003, 0, 0.33578414844, 1.3035758753, 8.9999968278, 5.9944877985, 4.9999840091, 1.7369410204, 6.0000026407, 0.58998936797, 7.9999638389, 2.999130229, 3.9665185773, 6.0003228425, 83, 17.0000004992, 92, 7.9921574426],
      [38.9999998977, 26.9999823821, 41.0000022378, 1.2001021129, 18.5381144821, 20.9991570168, 50.0000681024, 154, 41.9999852139, 1.0151169506, 11.6312609535, 17.4329740772, 35.9999169432, 1.7750579889, 10.9577746784, 0.22689311096, 0.50265412988, 2.8530862657, 7.9993353303, 3.6227113659, 19.1583872125, 7.2586279939, 50.9999612655, 70.9999999921, 76.0000000262, 51.9999978324, 47.9999912716, 97.0000000151, 53.9999990143, 51.9999960077, 52.9999920949, 106.9999999996, 34.0029815817, 29.0059440905, 72.000011133, 88.9999999987, 50.9999878689, 36.0049350633, 15.9320816793, 36.9986467935, 6.8658503583, 44.0000057085, 83, 13.1772756709, 77.9999999999, 64.99999549, 57.0000244648, 64.0000001204, 42.000062697, 96.0000000719, 53.9999999226, 74.9999999991, 79, 69, 45.0000387666, 39.0000024769, 60.9999999938, 0.59715529755, 2.2535152646, 9.1701322315, 31.9999933474, 23.0018232968, 40.0000070561, 11.8821685276, 47.0000395485, 1.1136427615, 30.9999847945, 22.0001485967, 20.8385874698, 40.9996952491, 518, 83.9999999258, 309, 20.9970816405],
      [108.000000091, 49.00009522, 80.9999961501, 0.37475306159, 12.3385664347, 9.9999296233, 11.9995350486, 102, 17.0000102977, 1.359464722, 10.1165279359, 13.6231266772, 35.0004261963, 1.2795245816, 16.9192827279, 0.45345110588, 1.0058731461, 1.9446510979, 4.9322622076, 2.4518666452, 12.6663417492, 5.0814637639, 77.0000455037, 110.0000000044, 130.9999999605, 59.00000012, 62.0000286147, 120.9999999952, 70.0000018964, 149.0000034143, 50.0000051672, 136.0000000006, 56.0002588982, 47.9999960553, 105.0000000929, 112.0000000003, 64.0000171836, 48.994924491, 14.9280948234, 45.0021866482, 5.2140931483, 53.9999956433, 88, 10.8274106243, 89, 42.0000023646, 55.9999866148, 57.0000000974, 35.9999320893, 106.9999999542, 68.0000000919, 132.0000000007, 96, 89, 69.9999541589, 86.0000011445, 74.0000000011, 1.4028447024, 2.0946696987, 5.2478927712, 43.0000073765, 38.9956533203, 34.0000293617, 11.2203293958, 28.9999781761, 0.96234833619, 26.0001126953, 11.0009032859, 28.2883915659, 39.9994057389, 577, 93.9999970921, 288, 17.0183612073],
      [14.000000068, 4.9999843072, 22.0000019349, 0, 2.0908392272, 2.0007952124, 4.0004641963, 20, 6.0000037175, 0.59961765929, 2.0236107633, 1.4474343759, 4.0002182872, 0.34663950306, 1.2416053353, 0.090122516802, 0, 0.67130797136, 0.3989420917, 0.2961414668, 2.3565499025, 0.99535569301, 15.000016044, 20.0000000016, 22.000000019, 9.9999966207, 11.0000010583, 18.9999999962, 13.9999992576, 23.9999994129, 13.0000027954, 24.9999999996, 16.9961056125, 12.9980141943, 12.99999212, 31.0000000001, 12.000000506, 10.9966268277, 3.1149019543, 7.9985319602, 1.2856525108, 11.9999974477, 22, 3.5693343125, 20.0000000002, 10.0000008598, 10.9999937529, 15.9999998994, 5.0000099091, 20.0000000065, 8.0000000011, 21.0000000003, 20, 22, 14.0000142249, 13.999997858, 15.0000000021, 0, 0.31603088829, 1.278399122, 10.0000024484, 8.0080355844, 8.999979573, 2.1605610562, 9.9999796347, 0.33401953429, 5.9999386713, 3.9998178884, 2.9065023869, 5.0005761695, 99, 18.0000024828, 79, 3.9923997096]
    ],
    [
      [11.000000037, 8.9999900575, 9.9999983731, 2.1116339227, 2.9632926175, 9.0001929818, 13.9999999288, 37, 11.9999985268, 3.277810564, 6.801001575, 9.8865103423, 11.999731332, 0.63614955331, 6.4770257507, 0.82966935637, 0.91113128168, 0.74939819023, 2.3766330443, 1.0190576604, 5.7782494927, 1.6079198415, 5.9999802106, 12.9999999963, 7.9999999749, 11.9999969846, 12.9999638136, 31.9999999926, 15.9999996751, 5.9999977349, 10.9999939037, 14, 1.9999528918, 5.9981799918, 8.9999974264, 21.9999999994, 5.99999436, 2.0003268187, 11.0063636725, 5.9995170122, 1.0575891028, 11.9999965904, 32, 5.2750528548, 16, 11.9999989137, 11.0000009501, 19.0000000698, 16.0000166117, 45.9999999803, 16.0000000197, 34, 21, 24, 8.0000075365, 11.00000183, 19.9999999938, 0, 0.45273260435, 4.0066428334, 11.0000050944, 5.0047554868, 7.9999823057, 2.8095718869, 14.9999982021, 0.96153080979, 13.0000049181, 5.9999759682, 4.9640139725, 7.9998897367, 111, 20.0000015855, 139, 16.0114423468],
      [24.0000001027, 22.9999543932, 37.9999996929, 7.0689768915, 33.2481196249, 78.0064170816, 197.9999371758, 364, 151.0000255627, 3.0318419254, 22.9612298455, 43.2170108834, 66.0012305025, 2.4183855484, 18.2780052084, 0.9391566205, 1.0527112456, 3.9950584813, 12.5559978579, 5.8952711201, 57.0187541471, 19.517140053, 54.0000031404, 68.0000000033, 67.99999997, 84.0000023213, 78.0000328299, 152.9999999864, 70.0000018761, 26.0000091403, 98.0000064066, 126.0000000009, 29.9981171198, 29.0037610001, 68.0000077603, 111.0000000011, 63.0000144361, 39.011293835, 31.1136071407, 44.0001803801, 14.970682039, 51.0000078285, 122, 31.7186761871, 96.0000000005, 157.000001486, 89.9999996486, 108.0000000736, 96.0000177535, 179.0000000033, 72.0000001276, 89.0000000008, 122, 95, 46.9999441137, 40.0000054964, 78.0000000073, 1.3122337828, 3.4203446202, 25.7577891247, 39.9999956489, 24.0008375992, 82.9999843773, 30.3569754629, 121.0000196798, 1.9781260604, 54.0001608137, 92.0004230356, 27.0282241136, 67.0006778774, 699, 102.0000006206, 463, 42.9845329177],
