{
  "X": [
    [172, 607, 17],
    [49, 42, 12],
    [506, 1221, 52],
    [330, 710, 63],
    [409, 831, 43],
    [399, 941, 68],
    [397, 743, 51],
    [33, 208, 2],
    [23, 124, 3],
    [20, 13, 0],
    [82, 227, 10],
    [26, 104, 5],
    [28, 122, 7],
    [81, 249, 2],
    [21, 41, 1],
    [58, 159, 3],
    [8, 0, 0],
    [174, 90, 12],
    [29, 105, 6],
    [16, 121, 5],
    [12, 16, 2],
    [35, 157, 2],
    [33, 62, 3],
    [26, 136, 7],
    [150, 163, 18],
    [236, 211, 34],
    [292, 413, 39],
    [38, 51, 1],
    [15, 33, 0],
    [4, 1, 2],
    [268, 703, 16],
    [131, 145, 14],
    [190, 116, 15],
    [324, 519, 31],
    [280, 307, 22],
    [450, 595, 43],
    [200, 402, 18],
    [498, 729, 47],
    [288, 433, 28],
    [196, 376, 14],
    [303, 498, 18],
    [7, 27, 1],
    [195, 493, 31],
    [21, 69, 2],
    [29, 60, 4],
    [146, 166, 5],
    [333, 111, 20],
    [405, 55, 9],
    [353, 128, 26],
    [259, 45, 12],
    [276, 79, 15],
    [698, 314, 63],
    [98, 63, 7],
    [451, 302, 24],
    [57, 13, 3],
    [377, 364, 31],
    [26, 35, 4],
    [21, 79, 2],
    [145, 194, 14],
    [44, 29, 3],
    [28, 117, 2],
    [44, 69, 5],
    [145, 159, 41],
    [1704, 2917, 140],
    [172, 251, 23],
    [772, 1126, 121],
    [130, 222, 6]
  ],
  "W": [
    [34, 40, 114, 585, 14, 9],
    [3, 8, 34, 41, 11, 6],
    [74, 86, 400, 1090, 70, 59],
    [49, 55, 257, 634, 60, 48],
    [53, 68, 301, 750, 68, 43],
    [93, 59, 318, 803, 74, 61],
    [47, 49, 312, 660, 73, 50],
    [9, 3, 23, 194, 6, 8],
    [9, 3, 22, 112, 1, 3],
    [1, 1, 19, 12, 0, 0],
    [17, 15, 56, 192, 31, 8],
    [9, 5, 17, 91, 6, 7],
    [10, 4, 23, 113, 1, 6],
    [10, 10, 50, 242, 11, 9],
    [6, 1, 14, 39, 1, 2],
    [12, 3, 47, 143, 9, 6],
    [0, 0, 6, 1, 0, 1],
    [5, 5, 135, 85, 24, 22],
    [3, 2, 16, 112, 1, 6],
    [16, 5, 8, 101, 6, 6],
    [2, 2, 8, 12, 3, 3],
    [14, 5, 21, 142, 6, 6],
    [2, 3, 26, 58, 8, 1],
    [20, 5, 19, 115, 7, 3],
    [10, 6, 113, 156, 22, 24],
    [20, 18, 160, 208, 39, 36],
    [29, 33, 209, 394, 48, 31],
    [2, 4, 25, 50, 5, 4],
    [2, 3, 7, 31, 3, 2],
    [0, 2, 3, 2, 0, 0],
    [24, 66, 164, 673, 35, 25],
    [6, 20, 98, 137, 19, 10],
    [11, 18, 123, 114, 26, 29],
    [23, 29, 210, 534, 39, 39],
    [15, 26, 207, 293, 33, 35],
    [25, 54, 313, 575, 65, 56],
    [26, 37, 135, 383, 16, 23],
    [43, 70, 342, 707, 64, 48],
    [18, 38, 199, 413, 35, 46],
    [9, 19, 146, 365, 31, 16],
    [19, 46, 198, 500, 23, 33],
    [3, 1, 4, 23, 1, 3],
    [38, 39, 123, 449, 43, 27],
    [6, 0, 14, 68, 1, 3],
    [4, 3, 23, 47, 8, 8],
    [11, 9, 115, 151, 15, 16],
    [7, 8, 270, 124, 30, 25],
    [7, 11, 351, 46, 21, 33],
    [9, 9, 298, 127, 29, 35],
    [3, 5, 208, 43, 35, 22],
    [5, 11, 229, 74, 19, 32],
    [19, 34, 575, 312, 68, 67],
    [4, 6, 78, 58, 6, 16],
    [27, 25, 342, 300, 46, 37],
    [1, 5, 47, 10, 1, 9],
    [21, 37, 261, 345, 73, 35],
    [2, 2, 18, 37, 3, 3],
    [6, 3, 17, 71, 2, 3],
    [13, 20, 102, 182, 16, 20],
    [2, 4, 28, 25, 7, 10],
    [6, 2, 21, 110, 1, 7],
    [7, 3, 31, 62, 10, 5],
    [3, 6, 134, 161, 17, 24],
    [150, 230, 1247, 2730, 237, 167],
    [14, 26, 126, 227, 29, 24],
    [79, 117, 566, 1051, 83, 123],
    [12, 44, 76, 200, 11, 15]
  ],
  "method": "mvn_pdf",
  "cond_prob": [
    [
      [0.031812792165, 0.95032517259, 0.017862035247],
      [0.3859418089, 0.56241357617, 0.05164461493],
      [0.92891165156, 0.03399650496, 0.037091843484],
      [0.057398892401, 0.93333198377, 0.0092691238337],
      [0.69178433998, 0.14789327114, 0.16032238888],
      [0.70238129096, 0.027453691248, 0.27016501779]
    ],
    [
      [0.061155609002, 0.85817731416, 0.080667076838],
      [0.48100737171, 0.335723105, 0.18326952329],
      [0.9089930231, 0.010396115079, 0.080610861817],
      [0.12125401894, 0.85705111553, 0.021694865527],
      [0.55408936873, 0.098068346941, 0.34784228433],
      [0.49938559685, 0.028061291966, 0.47255311118]
    ],
    [
      [0.0063682696588, 0.98208346829, 0.011548262053],
      [0.25974492159, 0.6997096389, 0.040545439517],
      [0.94336694542, 0.012742110818, 0.043890943766],
      [0.029655240591, 0.9645816613, 0.0057630981102],
      [0.50886905865, 0.36044556152, 0.13068537983],
      [0.64235356394, 0.1089618636, 0.24868457246]
    ],
    [
      [0.0075678704949, 0.96861311373, 0.02381901578],
      [0.27976670968, 0.64155154047, 0.078681749848],
      [0.91430624182, 0.0094700536153, 0.076223704566],
      [0.038220383075, 0.95184379542, 0.0099358215096],
      [0.4832187756, 0.29314249898, 0.22363872542],
      [0.54250941168, 0.078360472709, 0.37913011561]
    ],
    [
      [0.0091124096169, 0.97557136383, 0.015316226548],
      [0.32426884015, 0.62753573832, 0.04819542153],
      [0.94965335563, 0.0080745053749, 0.042272138995],
      [0.04404847664, 0.94796582222, 0.0079857011416],
      [0.56900398495, 0.29125536907, 0.13974064598],
      [0.67191796879, 0.079351851929, 0.24873017928]
    ],
    [
      [0.0040771654454, 0.97755698888, 0.018365845679],
      [0.2374297911, 0.70194522754, 0.060624981357],
      [0.91897839872, 0.013770235846, 0.067251365434],
      [0.029452620423, 0.96228674638, 0.0082606332004],
      [0.46684963405, 0.34505135461, 0.18809901134],
      [0.56032800044, 0.099072770957, 0.3405992286]
    ],
    [
      [0.0077349393545, 0.97681668304, 0.015448377604],
      [0.27835412442, 0.66962152088, 0.052024354701],
      [0.93523757239, 0.012369904291, 0.052392523321],
      [0.034201987969, 0.95769843365, 0.008099578378],
      [0.51667247967, 0.3230320653, 0.16029545504],
      [0.61825160187, 0.095128885153, 0.28661951298]
    ],
    [
      [0.0035895643615, 0.99325365399, 0.0031567816451],
      [0.21950348638, 0.76230724233, 0.018189271286],
      [0.95376678446, 0.032772250876, 0.013460964665],
      [0.011154139756, 0.98835100591, 0.00049485433204],
      [0.42116171706, 0.52322610344, 0.055612179492],
      [0.71020925049, 0.14257273118, 0.14721801833]
    ],
    [
      [0.0031969072398, 0.98960078547, 0.0072023072884],
      [0.14912043891, 0.81648171568, 0.034397845403],
      [0.90697305957, 0.034843702132, 0.058183238301],
      [0.0055036982516, 0.98985830445, 0.004637997298],
      [0.47583867486, 0.32323023631, 0.20093108883],
      [0.49273544287, 0.23007533402, 0.27718922312]
    ],
    [
      [0.20710646886, 0.79289353114, 0],
      [0.44940151577, 0.55059848423, 0],
      [0.99230090713, 0.0076990928705, 0],
      [0.040814564992, 0.95918543501, 0],
      ["NaN", "NaN", "NaN"],
      ["NaN", "NaN", "NaN"]
    ],
    [
      [0.0074885950718, 0.98369144867, 0.0088199562625],
      [0.23086356027, 0.73579348798, 0.033342951756],
      [0.91418609391, 0.046218336331, 0.039595569755],
      [0.025780172177, 0.96891004386, 0.0053097839611],
      [0.55722727755, 0.30232150341, 0.14045121903],
      [0.62393506982, 0.15617764889, 0.21988728129]
    ],
    [
      [0.0046172546532, 0.98350709886, 0.01187564649],
      [0.22098418409, 0.73598529391, 0.043030521996],
      [0.93547029267, 0.011691083836, 0.052838623495],
      [0.021438495464, 0.9706375903, 0.0079239142342],
      [0.45339489057, 0.40269989779, 0.14390521165],
      [0.61132234024, 0.075077301616, 0.31360035814]
    ],
    [
      [0.033564649978, 0.94397753133, 0.022457818694],
      [0.23412625012, 0.68078995921, 0.085083790674],
      [0.89307526827, 0.014167562738, 0.092757168997],
      [0.026753456732, 0.96200253405, 0.011244009213],
      [0.3949434895, 0.14526357653, 0.45979293397],
      [0.46150553823, 0.10994349703, 0.42855096474]
    ],
    [
      [0.0083923456392, 0.9866352323, 0.0049724220627],
      [0.38849500628, 0.5935051788, 0.017999814925],
      [0.98463029324, 0.010571129691, 0.0047985770712],
      [0.054175856837, 0.94500737467, 0.00081676849125],
      [0.66989028039, 0.28189362051, 0.048216099102],
      [0.81336237556, 0.097491656489, 0.089145967951]
    ],
    [
      [0.014537989227, 0.96688082685, 0.018581183922],
      [0.5070709923, 0.45598319212, 0.036945815576],
      [0.98094488167, 0.0032390134721, 0.015816104863],
      [0.10853969198, 0.88310744763, 0.0083528603877],
      [0.85419899269, 0.059322279901, 0.086478727412],
      [0.79261287458, 0.098436460275, 0.10895066514]
    ],
    [
      [0.0062845720327, 0.98858242533, 0.0051330026388],
      [0.2720664307, 0.70199162217, 0.025941947126],
      [0.96044915197, 0.01539306577, 0.024157782262],
      [0.023581351425, 0.97533766899, 0.0010809795812],
      [0.49739668529, 0.43019883495, 0.072404479756],
      [0.68642871326, 0.16041429296, 0.15315699379]
    ],
    [
      ["NaN", "NaN", "NaN"],
      ["NaN", "NaN", "NaN"],
      [1, 0, 0],
      [1, 0, 0],
      ["NaN", "NaN", "NaN"],
      [1, 0, 0]
    ],
    [
      [0.041645226343, 0.93814195096, 0.020212822696],
      [0.44833775147, 0.4947457766, 0.056916471934],
      [0.96587558031, 0.0058202160646, 0.028304203628],
      [0.083755169462, 0.90604564735, 0.010199183191],
      [0.71329049693, 0.16995896834, 0.11675053473],
      [0.76903274723, 0.043497133124, 0.18747011965]
    ],
    [
      [0.17189974305, 0.7818690459, 0.046231211046],
      [0.58281454078, 0.29010938795, 0.12707607128],
      [0.89060777136, 0.051704437884, 0.057687790754],
      [0.080959444711, 0.89865219686, 0.020388358426],
      [0.51088370183, 0.075253579402, 0.41386271877],
      [0.58176763967, 0.087100575362, 0.33113178496]
    ],
    [
      [0.0024240856235, 0.98164802067, 0.015927893708],
      [0.19496353822, 0.75618357172, 0.048852890063],
      [0.9252772834, 0.010657992403, 0.064064724201],
      [0.017423058253, 0.97410178229, 0.0084751594587],
      [0.41552807292, 0.4192007206, 0.16527120649],
      [0.55521355846, 0.087994256121, 0.35679218542]
    ],
    [
      [0.030170523459, 0.95790997117, 0.011919505368],
      [0.28053374592, 0.67848408768, 0.040982166402],
      [0.95025858259, 0.0023499895679, 0.047391427842],
      [0.017456357488, 0.9678834709, 0.014660171617],
      [0.5468656723, 0.30459234488, 0.14854198282],
      [0.64214983126, 0.060011093454, 0.29783907529]
    ],
    [
      [0.006096869334, 0.98828218522, 0.0056209454468],
      [0.30353601402, 0.67449473846, 0.021969247515],
      [0.97080397357, 0.0086242022954, 0.020571824133],
      [0.035630572389, 0.96323648614, 0.0011329414743],
      [0.57034438319, 0.36320991506, 0.066445701756],
      [0.75474545597, 0.10860449078, 0.13665005325]
    ],
    [
      [0.067952697902, 0.91954992588, 0.01249737622],
      [0.29777298145, 0.66253405058, 0.039692967974],
      [0.9466818685, 0.015319683432, 0.037998448072],
      [0.036679927047, 0.95483395541, 0.0084861175419],
      [0.57096783359, 0.29479513061, 0.1342370358],
      [0.66186864157, 0.036255768482, 0.30187558995]
    ],
    [
      [0.0037795069568, 0.96558008497, 0.030640408073],
      [0.21616488248, 0.7019797878, 0.081855329714],
      [0.90114021329, 0.010422649067, 0.088437137642],
      [0.028456472623, 0.95981976654, 0.011723760837],
      [0.42531363091, 0.3355457941, 0.23914057499],
      [0.49074387599, 0.084125106143, 0.42513101786]
    ],
    [
      [0.022113293221, 0.95392864697, 0.023958059805],
      [0.41203689081, 0.51277018399, 0.075192925198],
      [0.94698624375, 0.0074511241504, 0.045562632097],
      [0.065884532774, 0.92118031505, 0.012935152174],
      [0.62449358992, 0.21204186572, 0.16346454436],
      [0.67834808699, 0.048877716811, 0.2727741962]
    ],
    [
      [0.016967930576, 0.93275201675, 0.050280052679],
      [0.53439939398, 0.36743780239, 0.09816280363],
      [0.94452113018, 0.0063536160427, 0.049125253777],
      [0.11647630804, 0.86094821116, 0.022575480803],
      [0.67957575714, 0.11863053483, 0.20179370803],
      [0.67187624632, 0.028074496548, 0.30004925713]
    ],
    [
      [0.015972656678, 0.95197969128, 0.032047652046],
      [0.43490783665, 0.48497272141, 0.080119441932],
      [0.9433778623, 0.0049785485557, 0.051643589139],
      [0.075203370272, 0.90922518994, 0.015571439787],
      [0.626560642, 0.18239052049, 0.19104883751],
      [0.65528459425, 0.043822667034, 0.30089273872]
    ],
    [
      [0.11951338321, 0.8732795871, 0.0072070296882],
      [0.48140556583, 0.49799484259, 0.020599591575],
      [0.98875669492, 0.0020478743783, 0.0091954307044],
      [0.080754945875, 0.91785085007, 0.0013942040595],
      [0.74453821868, 0.20486183973, 0.050599941591],
      [0.83899880255, 0.073353223502, 0.087647973946]
    ],
    [
      [0.053691799364, 0.94630820064, 0],
      [0.48338346333, 0.51661653667, 0],
      [0.99793665882, 0.0020633411822, 0],
      [0.075233645022, 0.92476635498, 0],
      [0.79225359883, 0.20774640117, 0],
      [0.87395280368, 0.12604719632, 0]
    ],
    [
      ["NaN", "NaN", "NaN"],
      [0.37688100447, 0.071285135678, 0.55183385985],
      [0.78537980157, 0.080346661391, 0.13427353704],
      [0.44504929318, 0.30819487224, 0.24675583458],
      ["NaN", "NaN", "NaN"],
      ["NaN", "NaN", "NaN"]
    ],
    [
      [0.0083302490098, 0.97948181937, 0.012187931616],
      [0.41270560296, 0.55353747051, 0.033756926526],
      [0.95535292167, 0.021604017619, 0.023043060708],
      [0.061739915951, 0.93415150422, 0.0041085798305],
      [0.66237698358, 0.24924206487, 0.088380951556],
      [0.76597868856, 0.080338791278, 0.15368252016]
    ],
    [
      [0.0103739793, 0.96169927243, 0.027926748266],
      [0.43710333246, 0.49207792479, 0.07081874275],
      [0.9497383313, 0.0048970960576, 0.045364572647],
      [0.073785377929, 0.91167966032, 0.01453496175],
      [0.63966490475, 0.19247623556, 0.1678588597],
      [0.68591030416, 0.035116851639, 0.2789728442]
    ],
    [
      [0.022400513555, 0.94441432169, 0.033185164751],
      [0.6228445615, 0.32003241571, 0.057123022786],
      [0.96620063099, 0.0070521964778, 0.026747172534],
      [0.14468762036, 0.83902882027, 0.01628355937],
      [0.7764166089, 0.10635671079, 0.1172266803],
      [0.79374117515, 0.019616511066, 0.18664231379]
    ],
    [
      [0.014999753367, 0.95604209606, 0.028958150574],
      [0.52429609513, 0.41274471302, 0.06295919185],
      [0.95518451597, 0.01093958509, 0.033875898939],
      [0.096371712875, 0.88959267554, 0.014035611588],
      [0.70856765106, 0.15190979649, 0.13952255245],
      [0.73756506393, 0.045567985745, 0.21686695032]
    ],
    [
      [0.012106581878, 0.9692981105, 0.018595307618],
      [0.43653392612, 0.51536114128, 0.048104932594],
      [0.96379875186, 0.0043864819953, 0.03181476615],
      [0.071387474533, 0.91935406359, 0.0092584618727],
      [0.66885489943, 0.20954080552, 0.12160429505],
      [0.74209816684, 0.053358562302, 0.20454327085]
    ],
    [
      [0.010277919018, 0.96704247391, 0.022679607069],
      [0.43709876382, 0.50744755732, 0.055453678857],
      [0.95926985239, 0.0044048486284, 0.036325298983],
      [0.073784306225, 0.91505379058, 0.0111619032],
      [0.662025999, 0.19999093314, 0.13798306786],
      [0.72197480296, 0.051566289311, 0.22645890773]
    ],
    [
      [0.015242769963, 0.96522340887, 0.019533821164],
      [0.43631268371, 0.51171495865, 0.051972357633],
      [0.9542012893, 0.012043669909, 0.033755040796],
      [0.070424833429, 0.9194711843, 0.010103982274],
      [0.69126927678, 0.16830608809, 0.14042463513],
      [0.72217065204, 0.064977455053, 0.21285189291]
    ],
    [
      [0.017238224427, 0.95742545612, 0.025336319449],
      [0.4735055582, 0.46603338165, 0.060461060156],
      [0.95683470414, 0.0067449482789, 0.036420347585],
      [0.082863428932, 0.90434629748, 0.012790273589],
      [0.67869393113, 0.17855993285, 0.14274613602],
      [0.72614672113, 0.043769340402, 0.23008393847]
    ],
    [
      [0.0087181511419, 0.97269389506, 0.018587953796],
      [0.40040367906, 0.55018395912, 0.049412361817],
      [0.95790584566, 0.0067388235932, 0.035355330742],
      [0.063340853174, 0.92733023476, 0.0093289120658],
      [0.63933535639, 0.23143341054, 0.12923123307],
      [0.72756435551, 0.046868200483, 0.225567444]
    ],
    [
      [0.0068176496681, 0.97786645017, 0.015315900161],
      [0.33883151466, 0.62264680626, 0.038521679079],
      [0.96139688197, 0.0077889422887, 0.03081417574],
      [0.050766069492, 0.94347457602, 0.0057593544846],
      [0.60993231344, 0.28148400579, 0.10858368077],
      [0.73121128285, 0.071093914205, 0.19769480295]
    ],
    [
      [0.012992624359, 0.96879541098, 0.018211964657],
      [0.5031658276, 0.45599595318, 0.040838219217],
      [0.96477025624, 0.0125082848, 0.022721458961],
      [0.090427711919, 0.90206992231, 0.0075023657686],
      [0.75364957492, 0.14364732242, 0.10270310267],
      [0.78894561059, 0.054593435843, 0.15646095356]
    ],
    [
      [0.13027359193, 0.86613889181, 0.0035875162587],
      [0.17580290032, 0.80923477027, 0.014962329404],
      [0.88738873587, 0.092163774323, 0.020447489803],
      [0.013140400177, 0.98047803287, 0.0063815669552],
      [0.42364652946, 0.52568846065, 0.050665009893],
      [0.71931521562, 0.049003413463, 0.23168137092]
    ],
    [
      [0.0091715966966, 0.96770402701, 0.023124376297],
      [0.35673426653, 0.57615826415, 0.067107469322],
      [0.93608455358, 0.011148753424, 0.052766693001],
      [0.052708036246, 0.93553709, 0.011754873756],
      [0.57912580185, 0.23986867317, 0.18100552498],
      [0.63081944768, 0.07463969055, 0.29454086177]
    ],
    [
      [0.073934954846, 0.90492428814, 0.021140757018],
      ["NaN", "NaN", "NaN"],
      [0.95852255679, 0.01177789667, 0.02969954654],
      [0.063348922682, 0.92629603925, 0.010355038064],
      [0.73445531002, 0.099435912634, 0.16610877734],
      [0.69829747449, 0.1059990453, 0.19570348021]
    ],
    [
      [0.015589594955, 0.98019569695, 0.0042147080976],
      [0.12506141864, 0.85574531555, 0.019193265807],
      [0.89058978974, 0.068583631304, 0.040826578958],
      [0.0080752695394, 0.98732678507, 0.0045979453954],
      [0.3536210864, 0.55306040834, 0.09331850526],
      [0.60879823009, 0.1382144476, 0.25298732231]
    ],
    [
      [0.017801035402, 0.97558367662, 0.0066152879812],
      [0.36621043952, 0.61020495882, 0.023584601658],
      [0.97655251008, 0.0094767751351, 0.013970714783],
      [0.051431410917, 0.94717909884, 0.0013894902394],
      [0.64925453346, 0.28602809792, 0.064717368613],
      [0.79373718407, 0.085777524562, 0.12048529137]
    ],
    [
      [0.068011609365, 0.88544531875, 0.046543071888],
      [0.63653707664, 0.28270951575, 0.080753407611],
      [0.96366757837, 0.0083652370143, 0.027967184612],
      [0.19140889099, 0.7861879587, 0.022403150314],
      [0.79405631565, 0.077904796924, 0.12803888743],
      [0.78739936035, 0.018285674498, 0.19431496516]
    ],
    [
      [0.018450505666, 0.95703849307, 0.024511001261],
      [0.61372923539, 0.34999683359, 0.036273931019],
      [0.98884124313, 0.0022789896334, 0.0088797672404],
      [0.10165548492, 0.88844669606, 0.009897819024],
      [0.83341086234, 0.097154716644, 0.069434421013],
      [0.8745081248, 0.022486149984, 0.10300572522]
    ],
    [
      [0.043572269584, 0.91967321616, 0.03675451426],
      [0.51010062949, 0.40676153388, 0.083137836631],
      [0.96017552437, 0.004481785891, 0.035342689736],
      [0.11447865367, 0.8675325962, 0.017988750131],
      [0.73100580484, 0.12079103237, 0.14820316278],
      [0.74704800824, 0.029912439957, 0.22303955181]
    ],
    [
      [0.093057300886, 0.87625838089, 0.030684318228],
      [0.59136655659, 0.34778954139, 0.060843902023],
      [0.97887253869, 0.0012382511896, 0.019889210116],
      [0.13227869348, 0.85282820099, 0.014893105529],
      [0.80631958914, 0.092288694927, 0.10139171593],
      [0.82951535574, 0.021500179, 0.14898446526]
    ],
    [
      [0.054591462102, 0.91926689782, 0.026141640075],
      [0.55974850189, 0.38665360178, 0.053597896331],
      [0.97148507449, 0.0038711278272, 0.024643797682],
      [0.097641006446, 0.88977805959, 0.012580933962],
      [0.75890785783, 0.12777383767, 0.1133183045],
      [0.7954701042, 0.031022134165, 0.17350776163]
    ],
    [
      [0.028792540727, 0.92900337215, 0.042204087118],
      [0.54017310582, 0.37567188867, 0.084155005504],
      [0.95310560239, 0.0051421019648, 0.041752295645],
      [0.11348373172, 0.86598874887, 0.020527519402],
      [0.70517047404, 0.12397099166, 0.17085853431],
      [0.71183310778, 0.029863671689, 0.25830322053]
    ],
    [
      [0.048220352003, 0.93577437507, 0.016005272929],
      [0.44661537696, 0.50879652315, 0.044588099895],
      [0.96307392655, 0.0077593419468, 0.0291667315],
      [0.065134067284, 0.92600979315, 0.0088561395641],
      [0.68396339053, 0.19734062306, 0.11869598642],
      [0.75788148834, 0.044142684239, 0.19797582742]
    ],
    [
      [0.019388685646, 0.95451899691, 0.026092317444],
      [0.58217062542, 0.36773941376, 0.050089960821],
      [0.97078240083, 0.0065353250513, 0.022682274115],
      [0.12881972866, 0.85964166819, 0.011538603153],
      [0.7709201874, 0.12567059473, 0.10340921787],
      [0.80557869054, 0.030434398829, 0.16398691063]
    ],
    [
      [0.06389150497, 0.9217086273, 0.014399867729],
      [0.56652430101, 0.39166431086, 0.041811388132],
      [0.97397030453, 0.0036845717281, 0.022345123746],
      [0.04157644618, 0.94857482971, 0.0098487241062],
      [0.66304287377, 0.17949024882, 0.15746687741],
      [0.80534170463, 0.031284044582, 0.16337425079]
    ],
    [
      [0.021924934237, 0.95646702336, 0.021608042408],
      [0.48301396019, 0.46500859461, 0.051977445199],
      [0.96050310691, 0.0083642537015, 0.031132639388],
      [0.087075255649, 0.90183284337, 0.011091900981],
      [0.70745666241, 0.15999176118, 0.13255157641],
      [0.75118426845, 0.048973564683, 0.19984216686]
    ],
    [
      [0.080691355193, 0.86951418467, 0.04979446014],
      [0.5404765663, 0.34940547971, 0.11011795399],
      [0.94201642214, 0.0024202521424, 0.055563325722],
      [0.10672353411, 0.86529460962, 0.027981856273],
      [0.65788642382, 0.11916188525, 0.22295169093],
      [0.62631284167, 0.048403307037, 0.32528385129]
    ],
    [
      [0.013194604444, 0.97939666651, 0.0074087290482],
      [0.20870472239, 0.76210500269, 0.029190274924],
      [0.95468977137, 0.007378214956, 0.03793201367],
      [0.018153093837, 0.97697520399, 0.0048717021757],
      [0.47965481097, 0.40861712624, 0.11172806279],
      [0.60560426949, 0.17646720101, 0.2179285295]
    ],
    [
      [0.019326091137, 0.95946344052, 0.021210468344],
      [0.43846875877, 0.50611447908, 0.05541676215],
      [0.9601340057, 0.0033404933038, 0.036525500998],
      [0.071764623997, 0.91666430301, 0.01157107299],
      [0.66081472128, 0.20101504168, 0.13817023705],
      [0.72057599753, 0.050740577973, 0.22868342449]
    ],
    [
      [0.12565090111, 0.86495722208, 0.0093918768135],
      [0.46917962739, 0.50061187434, 0.030208498269],
      [0.96569122531, 0.014970571642, 0.019338203051],
      [0.065955642663, 0.92851049759, 0.0055338597441],
      [0.71827483893, 0.20408701911, 0.077638141961],
      [0.81558104405, 0.020709047893, 0.16370990805]
    ],
    [
      [0.0060315192995, 0.98986236003, 0.0041061206726],
      [0.24290167167, 0.73533325852, 0.021765069807],
      [0.93308313632, 0.042907265458, 0.024009598221],
      [0.018604470841, 0.98016481503, 0.0012307141288],
      [0.65970249762, 0.24292052416, 0.097376978212],
      [0.73958105542, 0.089722367244, 0.17069657733]
    ],
    [
      [0.0073819749863, 0.97342546439, 0.019192560619],
      [0.385798167, 0.5590983847, 0.055103448306],
      [0.95398253698, 0.0056029302426, 0.040414532776],
      [0.056406121205, 0.93178664059, 0.011807238205],
      [0.63278453764, 0.21405710416, 0.1531583582],
      [0.67848962731, 0.084738599893, 0.2367717728]
    ],
    [
      [0.0073140037605, 0.90615871714, 0.086527279103],
      [0.23392030323, 0.53991761384, 0.22616208293],
      [0.86399988836, 0.016375012943, 0.11962509869],
      [0.073478631232, 0.91267670728, 0.013844661489],
      [0.40842889093, 0.16494223164, 0.42662887743],
      [0.37605001478, 0.045949942548, 0.57800004268]
    ],
    [
      [0.0087090594795, 0.97577560333, 0.015515337195],
      [0.37435933097, 0.58105439993, 0.044586269102],
      [0.95921987802, 0.0066546487994, 0.034125473176],
      [0.056005474191, 0.93658244326, 0.0074120825473],
      [0.6216393371, 0.2561251465, 0.1222355164],
      [0.71988227321, 0.06659323736, 0.21352448943]
    ],
    [
      [0.012961062611, 0.96563272334, 0.021406214052],
      [0.35298374378, 0.58291466782, 0.064101588408],
      [0.94296710866, 0.0058186023577, 0.051214288981],
      [0.05147346975, 0.93714445547, 0.011382074776],
      [0.57698008137, 0.24962084613, 0.1733990725],
      [0.64209217088, 0.067559195101, 0.29034863402]
    ],
    [
      [0.013044729996, 0.95437662975, 0.032578640258],
      [0.39979397269, 0.5127247433, 0.087481284011],
      [0.93293839065, 0.0072152796627, 0.059846329684],
      [0.06750626134, 0.91789613331, 0.014597605348],
      [0.5924683676, 0.19264819793, 0.21488343447],
      [0.61810152225, 0.047422491511, 0.33447598624]
    ],
    [
      [0.026659765339, 0.96355292663, 0.0097873080306],
      [0.53898914288, 0.42440508699, 0.036605770132],
      [0.92331864499, 0.060300347964, 0.016381007046],
      [0.083051510047, 0.91432946224, 0.0026190277178],
      [0.69465461607, 0.23556500913, 0.069780374801],
      [0.7693893816, 0.11490713733, 0.11570348106]
    ]
  ],
  "expected_outcome": [
    [
      [0.71341553268, 0.12497788301, 0.60107978845, 0.47118094669, 0.59959144414, 0.63660536479, 0.4260298136, 0.04579198806, 0.032809837122, 0.075903056217, 0.12724422239, 0.053880993794, 0.16318106658, 0.12706258379, 0.14644839077, 0.082872653218, 0, 0.14388422017, 0.20928502346, 0.065117384643, 0.027468993284, 0.12266059625, 0.057626842354, 0.12690950656, 0.18922308216, 0.56975465882, 0.56111819943, 0.10669125612, 0.065450473368, 0, 0.33565895343, 0.10450224929, 0.41310986142, 0.54646020657, 0.25987645134, 0.4313941097, 0.47564963975, 0.93085843423, 0.26346680796, 0.10301636015, 0.41445701432, 0.13441815291, 0.48066265754, 0.212259857, 0.025345865771, 0.1666358549, 0.44936991691, 0.21683796559, 0.328447937, 0.17285579747, 0.19183368171, 0.6081369858, 0.11193822797, 0.87890339954, 0.036171863042, 0.49643892375, 0.09450571373, 0.051255662597, 0.25971145205, 0.1067948282, 0.039577934325, 0.086756019971, 0.036838797447, 1.9937670034, 0.19315909314, 1.3286310949, 0.28305316315],
      [32.8379788695, 2.6594154119, 72.7447599644, 47.6313278722, 51.7887751511, 91.1022940674, 46.0256004931, 8.925464757, 8.9118378209, 0.92409694378, 16.7469464855, 8.8615115963, 9.6585170266, 9.8263353016, 5.7806036904, 11.8672983667, 0, 4.7816220648, 2.6942614887, 15.750160412, 1.9515572269, 13.8121584902, 1.9242434048, 19.4686659583, 9.630951247, 18.6497472809, 27.7362495889, 1.880750419, 1.9345495266, 0, 23.4482878192, 5.7720827303, 10.298967844, 21.9665635065, 14.5316000151, 24.1525467694, 25.1461531525, 41.2571691805, 17.4879976278, 8.8044962184, 18.3295300551, 2.8528582634, 36.8634664888, 5.7082944204, 3.9597114334, 10.7745844148, 6.2919662045, 6.6710646154, 8.4338987661, 2.7616430857, 4.7151455581, 17.7989347344, 3.8396348637, 25.5789094457, 0.95228768719, 20.1513879362, 1.828700796, 5.9138039139, 12.5318669154, 1.8760704571, 5.9368707098, 6.8145208344, 2.7623560709, 146.2663680018, 13.5802407537, 75.6953626201, 11.616735022],
      [0.4486055978, 0.21560670507, 0.6541602472, 0.89749118111, 0.61163340476, 1.2611005678, 0.54836969333, 0.028743254899, 0.055352341981, 0, 0.12580929214, 0.084607409941, 0.17830190684, 0.046602114638, 0.072947918863, 0.049828980106, 0, 0.074493715027, 0.096453487854, 0.18472220333, 0.020973779825, 0.065180913577, 0.01812975284, 0.40442453518, 0.17982567085, 0.78049806025, 0.70263221164, 0.012558324904, 0, 0, 0.21605322741, 0.12341502045, 0.28792229454, 0.48697628698, 0.20852353357, 0.41605912087, 0.37819720774, 0.81197238526, 0.2485355642, 0.092487421412, 0.25601293054, 0.012723583709, 0.65587085363, 0.07944572262, 0.014942700851, 0.058779730282, 0.25866387857, 0.11209741905, 0.23765329686, 0.065501116857, 0.093020760194, 0.59292827982, 0.048426908357, 0.5421871548, 0.011540449765, 0.35217314004, 0.076793490292, 0.034940423533, 0.20842163252, 0.017134714702, 0.023551355833, 0.098723145606, 0.20080513168, 1.7398649949, 0.22660015313, 1.9760062851, 0.10021181486]
    ],
    [
      [14.1899546187, 3.5636786072, 20.9182193004, 14.1893237249, 20.4136100527, 13.2941858072, 12.5173158375, 0.57928848609, 0.46613548664, 0.38368908689, 3.293028408, 1.0508393069, 0.88030754686, 3.5012660568, 0.52283755481, 0.69060409757, 0, 2.1785038424, 0.9152898056, 0.95381184808, 0.49363917928, 1.3688855249, 0.82459625071, 1.0725394724, 2.2557488764, 9.1656066322, 13.3751795364, 1.8159429805, 1.3660908693, 0.80055510956, 24.6604657691, 8.2141463906, 10.7949929224, 14.1369611326, 10.5643659479, 22.1382406092, 14.9932600348, 31.0919143077, 14.2065753986, 6.0817069654, 21.8122819064, 0.18140315187, 12.7311243637, 0, 0.34216490084, 2.9859614051, 5.1933225209, 6.3082787692, 4.5941102922, 2.8961860548, 5.7299629484, 17.5121843278, 2.4324876229, 14.1169950306, 2.5013897203, 16.7975839325, 1.0329757075, 0.61109369124, 8.2142446349, 1.7108290706, 0.43218692065, 1.0548497608, 1.4860559668, 79.8767183975, 8.4671761631, 43.4462653778, 20.3136429757],
      [23.6785294098, 2.7482856167, 61.3996063464, 36.1805855841, 44.1382265888, 41.9114007501, 33.8123549846, 2.3582349663, 2.4265490033, 0.61631091311, 11.1378214532, 3.7152558304, 2.7612685817, 6.2718097936, 0.44166235023, 2.2336337994, 0, 2.5471565868, 0.85470573779, 3.7779743868, 1.4156740067, 3.5056541356, 2.0507419614, 3.4920281873, 3.3083744256, 6.8762949146, 16.7859681965, 2.0830120724, 1.6339091307, 0.16461291161, 38.9594179867, 10.3097875915, 6.0443310382, 12.9532868433, 14.0941016131, 28.6571743264, 20.0000541761, 34.4286160923, 21.7714088815, 12.1477810255, 22.1541574898, 0.79786576137, 23.5028744519, 0, 2.5944321705, 5.7756487106, 2.1762739947, 4.2489505517, 3.7014478327, 1.8123947187, 4.6573179595, 13.5013392066, 3.2813485132, 9.517868546, 2.27109474, 18.082918085, 0.73336473484, 2.2974756768, 10.6054954705, 2.1421557467, 1.52000438, 1.7749340865, 3.0542503568, 139.2168652211, 15.7736319405, 62.5498517873, 22.1449401927],
      [2.1315159715, 1.6880357761, 3.6821743533, 4.630090691, 3.4481633586, 3.7944134428, 2.6703291778, 0.062476547577, 0.10731551007, 0, 0.56915013884, 0.23390486275, 0.35842387148, 0.22692414952, 0.035500094953, 0.075762103072, 0, 0.2743395708, 0.23000445661, 0.26821376508, 0.090686814032, 0.12546033943, 0.12466178791, 0.43543234025, 0.43587669802, 1.9580984532, 2.8388522671, 0.10104494711, 0, 1.0348319788, 2.3801162442, 1.4760660179, 1.1606760394, 1.9097520241, 1.3415324389, 3.2045850644, 2.0066857891, 4.4794696, 2.02201572, 0.77051200919, 2.0335606038, 0.020731086764, 2.7660011845, 0, 0.063402928648, 0.23838988437, 0.63040348442, 0.44277067912, 0.70444187514, 0.29141922645, 0.61271909214, 2.9864764655, 0.28616386385, 1.3651364235, 0.22751553972, 2.1194979826, 0.23365955766, 0.091430631923, 1.1802598947, 0.14701518262, 0.047808699398, 0.17021615269, 1.4596936764, 10.9064163814, 1.7591918964, 11.0038828349, 1.5414168316]
    ],
    [
      [107.643145769, 30.599156158, 375.7958531131, 232.8646283539, 284.6162012911, 290.2585964541, 290.4170526469, 22.1925290942, 20.0975322988, 18.9530309691, 52.0574945613, 15.8017162512, 20.4271051919, 49.4163795148, 13.724097042, 44.9786794553, 6, 130.073476789, 14.6503485876, 7.3372656432, 7.5296259523, 20.2749145311, 24.6466814911, 16.9517617915, 106.639803547, 150.0772571411, 196.1606847397, 24.6770215674, 6.9757507619, 2.3193046924, 157.8374783493, 92.779393916, 118.1554178533, 200.7307127688, 198.7969199684, 299.0764007641, 129.0845119335, 326.5944241207, 190.0590164345, 139.91827249, 191.5159112466, 3.7377252588, 114.8342042481, 13.475405648, 20.6878832798, 112.2432856853, 258.531858927, 347.1280451824, 285.0649139422, 203.325718945, 221.9173737931, 545.5838774264, 75.0276272903, 330.5616864515, 45.6483873835, 250.3505860802, 16.8742746732, 16.1293907378, 97.533939419, 27.1370929545, 19.8847903048, 29.4669666621, 114.594520532, 1192.0546626819, 118.1505621382, 525.2910350171, 72.7821380792],
      [1.7405649994, 0.52411744895, 5.3633030626, 2.7835336031, 2.6211960204, 4.5098184367, 3.8298361315, 0.52124663917, 0.63782150778, 0.04696903094, 1.3808370591, 0.21933861001, 0.2871954216, 0.43490148658, 0.036221383134, 0.76066534408, 0, 0.64160613661, 0.31032688812, 0.10290427193, 0.031563483797, 0.21024042472, 0.27700160424, 0.21375318433, 0.64813807409, 1.3053556271, 1.0844263975, 0.085955234971, 0.024249238063, 0.34111735944, 1.8812471403, 0.43717755623, 1.1754812585, 1.5286015173, 1.0041257908, 1.52315562, 0.98554518963, 1.9369145295, 1.1970610681, 1.1630502712, 1.5402669084, 0.15066963869, 1.0337297702, 0.088371103128, 1.2012445555, 1.0677914251, 3.3367919665, 0.91926257373, 1.3683466854, 0.10978675685, 0.8872714499, 3.358898106, 0.3991920952, 3.0967595505, 0.14486049152, 1.5963532836, 0.073141208041, 0.21058587417, 0.41991904035, 0.20835103147, 0.50884067088, 0.14964623399, 2.6166413354, 8.6541815761, 0.82538541117, 3.7264695774, 1.7667310017],
      [4.6162892316, 2.8767263931, 18.8408438243, 21.351838043, 13.7626026885, 23.2315851093, 17.7531112216, 0.28622426666, 1.2646461934, 0, 2.5616683796, 0.97894513884, 2.2856993865, 0.1487189986, 0.23968157483, 1.2606552006, 0, 4.2849170744, 1.0393245243, 0.55983008485, 0.43881056388, 0.51484504418, 1.0763169047, 1.8344850242, 5.7120583789, 8.6173872318, 11.7548888628, 0.23702319763, 0, 0.33957794812, 4.2812745104, 4.7834285278, 3.6691008881, 7.7406857139, 7.1989542408, 12.4004436159, 4.9299428769, 13.4686613498, 7.7439224974, 4.9186772388, 4.9438218451, 0.11160510249, 7.1320659817, 0.4362232489, 1.1108721647, 1.6889228897, 8.1313491065, 2.9526922439, 11.5667393725, 4.5644942981, 6.195354757, 26.0572244676, 2.5731806145, 8.341553998, 1.206752125, 9.0530606362, 1.0525841188, 0.66002338799, 4.0461415407, 0.65455601404, 0.60636902433, 1.3833871039, 16.7888381326, 46.291155742, 7.0240524506, 36.9824954055, 1.4511309191]
    ],
    [
      [33.5363891267, 5.5093098018, 31.0460931845, 24.56769026, 32.7805333796, 22.173485601, 21.728731484, 1.5713002761, 0.19792063624, 0.58737688783, 4.4466270984, 1.6980400351, 3.0512666669, 13.0505585278, 4.0728246625, 3.1070319041, 1, 6.9490363791, 8.8564965185, 1.3933104603, 0.20566416013, 5.0175064388, 2.0245528787, 3.060400422, 9.916834087, 24.0103300378, 29.6047058439, 4.1379348241, 2.2967717089, 0.88014019801, 41.6266690599, 10.0610316839, 16.4839273256, 50.3034902814, 20.8346572594, 42.062832291, 26.9876334983, 58.2991121399, 26.0073309908, 18.2327538233, 45.0731804374, 0.23756185082, 23.348979684, 4.3204384592, 0.12186340984, 7.8100931609, 24.1792263725, 5.485528569, 14.4885391255, 5.9139113325, 7.7147103534, 35.599666401, 3.8284329755, 38.6422871946, 0.69803367601, 29.6383562575, 3.9139852101, 1.1473763198, 13.0832971654, 1.7212045948, 1.9061613647, 3.339423031, 13.2195717281, 153.0459330536, 11.6410894177, 72.0532003497, 16.3634883899],
      [545.5096138655, 34.9158495751, 1052.1236889851, 603.3192353303, 710.5775853733, 773.8036882891, 632.3495640283, 192.397875117, 111.1564789518, 11.4126231122, 186.3099111888, 88.4028820938, 108.5605484269, 228.8859766918, 34.5425599369, 139.8433349311, 0, 77.1243605171, 100.7157057173, 98.5452499178, 11.5371035845, 136.9217478563, 55.3603716258, 110.4517100927, 143.8256869634, 178.9003157716, 357.7948812652, 45.8396823566, 28.7032282911, 0.49426972894, 628.8597213539, 124.7001630686, 95.3706221759, 475.4828256859, 269.1826291205, 525.8071981797, 351.740137931, 638.746212963, 382.6698158467, 344.5621156043, 451.0528372112, 22.5297926164, 419.8488574535, 62.8399606668, 46.5704434538, 143.1225392681, 96.7011728603, 40.0827266664, 110.1019862088, 36.4530287502, 65.3435560579, 269.4813108134, 53.6033497957, 257.5791487936, 9.2055562529, 311.0409352934, 31.9681152394, 69.4338145511, 166.5279224767, 23.1140200055, 107.977204072, 57.7776970659, 147.0647354555, 2555.2549079995, 212.4736365481, 963.1100987761, 183.2713805879],
      [5.9539970078, 0.57484062309, 6.8302178304, 6.1130744096, 6.6418812471, 7.0228261099, 5.9217044877, 0.030824606919, 0.64560041199, 0, 1.2434617128, 0.89907787119, 1.3881849061, 0.063464780469, 0.38461540056, 0.049633164839, 0, 0.92660310379, 2.4277977642, 1.061439622, 0.25723225538, 0.060745704871, 0.61507549548, 1.4878894852, 2.2574789496, 5.0893541906, 6.6004128909, 0.022382819266, 0, 0.62559007305, 2.5136095862, 2.2388052475, 2.1454504985, 8.2136840327, 2.9827136201, 7.1299695293, 4.2722285707, 9.9546748971, 4.3228531625, 2.2051305724, 3.8739823514, 0.23264553282, 5.8021628625, 0.83960087392, 0.3076931364, 0.067367570938, 3.1196007672, 0.43174476466, 2.4094746657, 0.63305991732, 0.9417335887, 6.9190227856, 0.5682172288, 3.7785640118, 0.096410071125, 4.320708449, 1.1178995506, 0.41880912911, 2.388780358, 0.16477539977, 0.11663456326, 0.88287990306, 0.7156928164, 21.6991589468, 2.8852740342, 15.8367008742, 0.36513102223]
    ],
    [
      [9.3555246036, 6.219132939, 37.8214281194, 30.6015886294, 40.5274471183, 36.6410244127, 39.5227654615, 2.8773542302, 0.46192466315, 0, 16.7659073307, 2.9729305921, 0.45105869002, 7.5010140499, 0.83320740616, 4.8006734105, 0, 17.4135116289, 0.60478278241, 2.7611996536, 1.7190691274, 3.5957784666, 4.742198238, 3.234273331, 14.2070311556, 27.3222760595, 31.2367645733, 3.8300985721, 2.4344038367, 0, 23.8434797788, 12.7203642639, 20.693204078, 28.4841399417, 22.8200399403, 44.5506853938, 11.1394982728, 45.0456225298, 23.2217905052, 19.6540248808, 17.4082420542, 0.51050119, 25.7872389292, 0.71555860887, 2.9538253447, 9.9402142882, 24.4494896067, 17.2803335152, 21.7096543598, 28.3526352606, 14.6104729945, 49.4577191032, 4.2000880796, 36.3920339042, 0.73997962844, 52.7274727606, 2.0868771006, 1.0371833146, 10.9870521241, 5.1336359335, 0.58129312535, 6.4831172982, 6.9063363513, 153.0723245832, 17.474239103, 51.0129530366, 8.0376383787],
      [2.8184808414, 1.0218442313, 23.767189691, 16.7474931175, 18.8004796636, 24.3249022353, 22.7748918869, 2.7351729414, 0.39432484629, 0, 10.4969270154, 2.19604391, 0.24388536691, 2.8988699994, 0.099597134707, 3.5480570493, 0, 4.024280686, 0.12634445098, 2.271178677, 0.87365234732, 1.9928666497, 2.326771008, 2.1518762849, 4.4640060838, 4.3569355712, 8.3584883344, 0.90755550142, 0.56559616327, 0, 8.2406734085, 3.4023135527, 2.5032332697, 5.6469579453, 6.5126291144, 12.2987749589, 2.9437929008, 10.7395226986, 7.6083868359, 8.2480279976, 3.5187487055, 0.4219958511, 10.0934832205, 0.16694456117, 4.3476471672, 4.0767945888, 2.093333942, 2.2679337947, 3.4403927927, 3.3874323623, 2.4454750036, 8.0580396881, 1.1634049012, 5.2440163254, 0.15073674406, 11.7005034922, 0.30939267674, 0.76657498106, 3.0146200373, 1.3117152064, 0.33729686045, 2.173031371, 2.6458693963, 57.4444545515, 6.921758887, 15.5648816425, 2.1986859164],
      [1.825994555, 3.7590228297, 8.4113821895, 12.650918253, 8.6720732181, 13.034073352, 10.7023426516, 0.3874728284, 0.14375049056, 0, 3.7371656539, 0.83102549789, 0.30505594307, 0.60011595068, 0.067195459137, 0.65126954015, 0, 2.5622076851, 0.26887276661, 0.96762166948, 0.40727852525, 0.41135488364, 0.931030754, 1.6138503842, 3.3289627606, 7.3207883692, 8.4047470923, 0.26234592651, 0, 0, 2.9158468127, 2.8773221833, 2.8035626523, 4.8689021129, 3.6673309453, 8.1505396473, 1.9167088264, 8.2148547716, 4.169822659, 3.0979471216, 2.0730092403, 0.0675029589, 7.1192778503, 0.11749682996, 0.69852748801, 0.98299112305, 3.4571764513, 1.4517326901, 3.8499528475, 3.2599323771, 1.9440520019, 10.4842412087, 0.63650701922, 4.3639497704, 0.1092836275, 8.5720237471, 0.60373022264, 0.19624170435, 1.9983278386, 0.55464886004, 0.081410014208, 1.3438513308, 7.4477942523, 26.4832208653, 4.60400201, 16.4221653209, 0.76367570481]
    ],
    [
