{
  "Z_true": {},
  "V_true": [
    [11, 366, 18, 44, 947, 47],
    [183, 622, 208, 154, 14896, 324],
    [184, 131, 582, 9131, 1250, 453],
    [642, 24, 68, 376, 529, 83],
    [10, 7, 746, 386, 393, 64],
    [64, 93, 155, 313, 666, 311]
  ],
  "p_true": [
    [0.0077, 0.2554, 0.0126, 0.0307, 0.6609, 0.0328],
    [0.0112, 0.038, 0.0127, 0.0094, 0.909, 0.0198],
    [0.0157, 0.0112, 0.0496, 0.7784, 0.1066, 0.0386],
    [0.3728, 0.0139, 0.0395, 0.2184, 0.3072, 0.0482],
    [0.0062, 0.0044, 0.4645, 0.2403, 0.2447, 0.0399],
    [0.04, 0.0581, 0.0968, 0.1954, 0.4157, 0.1941]
  ],
  "Z_est": [
    [
      [0.0401, 0.0196, 0.0157, 0.0236, 0, 0, 0, 0.011, 0.0126, 0.0039, 0.0016, 0.0039, 0.0047, 0.0401, 0.0196, 0.0102, 0.0126, 0.0039, 0.0102, 0, 0.0244, 0.0361, 0.0597, 0.0456, 0.0346, 0.0464, 0.0299, 0.0212, 0.0338, 0.0204, 0.0055, 0.0071, 0.0126, 0.0181, 0.0416, 0.0228, 0.0157, 0.0338, 0.0126, 0.0244, 0.0299, 0.0236, 0.0212, 0.0291, 0.0189, 0.0393, 0.0086, 0.0613, 0.0079, 0.0715, 0],
      [24.7746, 12.1444, 9.7155, 14.5733, 2.1842, 0.4858, 0, 6.8009, 7.7724, 2.4289, 0.9716, 2.4289, 0.9491, 24.7746, 12.1444, 6.3151, 7.7724, 2.4289, 6.3151, 0, 15.0591, 22.3457, 36.9191, 28.1751, 21.3742, 28.6608, 18.4595, 13.116, 20.8884, 12.6302, 3.4004, 4.372, 7.7724, 11.1729, 25.7462, 14.0875, 10.9054, 20.8884, 7.7724, 15.0591, 18.4595, 14.5733, 13.116, 17.9738, 11.6586, 24.2889, 5.3435, 37.8906, 4.8578, 44.2057, 19.4311],
      [3.034, 1.4873, 0.591, 1.7847, 0, 0.0595, 0, 0.8329, 0.9519, 0.2975, 0.119, 0.2975, 0.3569, 3.034, 1.4873, 0.7734, 0.9519, 0.2975, 0.7734, 0, 1.8442, 2.7366, 4.5213, 3.4505, 2.6176, 3.51, 2.2607, 1.6063, 2.5581, 1.5468, 0.4164, 0.5354, 0.9519, 1.3683, 3.153, 1.7252, 0, 2.5581, 0.9519, 1.8442, 2.2607, 1.7847, 1.6063, 2.2012, 1.4278, 2.9745, 0.6544, 4.6403, 0.5949, 5.4137, 2.3796],
      [0.0495, 0.0243, 0.0194, 0.0291, 0.0039, 0.001, 0, 0.0136, 0.0155, 0.0049, 0.0019, 0.0049, 0.7183, 0.0495, 0.0243, 0.0126, 0.0155, 0.0049, 0.0126, 0, 0.0301, 0.0447, 0.0738, 0.0563, 0.0427, 0.0573, 0.0369, 0.0262, 0.0417, 0.0252, 0.0068, 0.0087, 0.0155, 0.0223, 0.0515, 0.0282, 0.0194, 0.0417, 0.0155, 0.0301, 0.0369, 0.0291, 0.0262, 0.0359, 0.0233, 0.0485, 0.0107, 0.0757, 0.0097, 0.0884, 0.0703],
      [23.1017, 11.3244, 9.0595, 13.5893, 1.8119, 0.4538, 0, 6.3417, 7.2476, 2.2649, 0.906, 2.2649, 3.9709, 23.1017, 11.3244, 5.8887, 7.2476, 2.2649, 5.8887, 0, 14.0422, 20.8369, 34.4261, 26.2726, 19.9309, 26.7256, 17.2131, 12.2303, 19.4779, 11.7774, 3.1708, 4.0768, 7.2476, 10.4184, 24.0077, 13.1363, 9.0595, 19.4779, 7.2476, 14.0422, 17.2131, 13.5893, 12.2303, 16.7601, 10.8714, 22.6488, 4.9827, 35.3321, 4.5298, 41.2208, 18.119],
      [0, 0, 0.5989, 0, 0, 0, 0, 0, 0, 0, 0, 0, 0, 0, 0, 0, 0, 0, 0, 0, 0, 0, 0, 0, 0, 0, 0, 0, 0, 0, 0, 0, 0, 0, 0, 0, 0, 0, 0, 0, 0, 0, 0, 0, 0, 0, 0, 0, 0, 0, 0]
    ],
    [
      [15.6533, 2.405, 1.1571, 3.5817, 0, 0, 0, 0, 4.8149, 0.67, 0.6227, 1.7122, 0.4666, 8.3981, 2.0089, 1.721, 10.1424, 1.1386, 4.8838, 0, 20.1377, 7.6655, 3.6968, 8.8274, 3.3626, 17.3958, 0, 6.2146, 18.1034, 8.8409, 4.3506, 4.4193, 3.7564, 3.5273, 16.9792, 4.0589, 0, 13.3066, 0, 0, 13.8465, 10.4504, 6.4012, 10.8112, 4.0829, 9.2318, 6.6768, 16.4618, 1.0257, 28.381, 0],
      [1.6756, 2.821, 2.5172, 13.4271, 4.0469, 1.1697, 0.5129, 1.7898, 6.8171, 3.2911, 0.0212, 1.227, 0, 9.617, 1.3539, 0.4286, 13.0024, 1.3187, 2.805, 0.9831, 16.0609, 9.4271, 3.3659, 10.1085, 2.8458, 31.1588, 4.1821, 11.7698, 6.1701, 11.7113, 6.2971, 2.5005, 6.4649, 0.5986, 0, 4.8562, 5.5992, 8.7823, 6.5823, 8.733, 1.1769, 9.1654, 1.3814, 2.4817, 5.6148, 11.3248, 1.8483, 0, 4.6868, 76.8239, 2.6116],
      [11.3565, 6.9778, 0, 10.5509, 0, 0.3269, 0.0006, 1.9614, 0, 2.9613, 0.2451, 3.2246, 0.4807, 8.6533, 1.6153, 1.0576, 10.8073, 1.39, 7.4768, 0.3592, 12.0277, 20.9575, 4.6367, 9.0955, 5.0381, 17.3193, 0, 3.8442, 1.1807, 10.3286, 8.7807, 6.4616, 8.5236, 4.7832, 8.8417, 16.9447, 0, 8.4115, 1.6424, 11.4124, 11.3563, 0.0661, 0, 7.0944, 4.9322, 16.0651, 0.8083, 27.2216, 4.8229, 17.6911, 0],
      [19.2142, 8.4379, 0.9271, 25.353, 0.2137, 0, 0, 3.8188, 9.2139, 2.3027, 0.2243, 2.4264, 0.3738, 6.7288, 1.256, 0.8224, 4.2062, 0, 0, 0, 3.5447, 0, 5.0734, 7.0727, 8.198, 10.7001, 2.3223, 0, 4.863, 0, 0, 0, 0, 0, 0, 0, 10.9559, 10.5368, 13.8166, 7.0545, 0, 0, 5.1288, 9.963, 3.1001, 6.5295, 23.8639, 31.1448, 0.5463, 0, 9.9547],
      [545.5153, 109.5346, 56.5419, 393.5332, 20.6187, 15.5034, 23.4865, 93.0206, 235.2874, 142.6469, 13.6795, 52.4098, 23.3334, 410.3851, 76.6052, 50.1582, 229.6213, 36.4025, 191.9525, 41.1983, 562.5098, 370.4557, 206.1045, 431.3603, 238.9353, 847.9342, 231.2338, 311.1714, 406.2189, 500.1158, 391.5717, 274.4563, 412.8292, 204.9259, 650.8479, 301.1402, 239.8219, 573.9628, 281.5393, 406.3429, 420.0824, 244.5592, 323.3067, 415.991, 306.2491, 458.8489, 304.8886, 775.1718, 161.3093, 781.4437, 120.4337],
      [11.5852, 1.8239, 0.8567, 6.5541, 0.1207, 0, 0, 1.4094, 1.8666, 2.1279, 0.2073, 0, 0.3454, 6.2178, 1.1606, 0.8122, 7.2204, 0.7502, 1.8818, 3.4595, 2.7192, 9.4942, 3.1227, 6.5356, 3.6201, 7.4918, 10.2619, 0, 3.4639, 17.0034, 0, 2.1622, 11.4258, 11.1651, 20.3312, 0, 5.6229, 0, 4.4194, 2.4572, 5.5379, 12.7589, 6.7818, 10.6587, 5.0208, 0, 7.9141, 0, 1.609, 15.6603, 0]
    ],
    [
      [3.5199, 0, 2.1316, 2.989, 0, 0, 0, 0, 1.9418, 0, 1.2883, 0.6364, 1.7894, 4.0172, 2.1858, 4.435, 0.8363, 0.49, 0.3273, 0, 1.28, 2.1018, 0, 3.9865, 0, 3.2945, 1.4558, 5.3883, 1.9854, 1.9054, 0.3709, 0.3854, 0.5745, 1.4327, 3.9708, 1.7527, 0, 3.5708, 0, 1.6079, 2.6711, 1.9272, 4.5799, 2.3199, 1.5491, 2.2181, 1.5272, 4.8799, 0.5964, 4.4944, 0],
      [6.2005, 3.4052, 2.3668, 5.2653, 0.7556, 0.3017, 0.1537, 0, 3.4205, 2.7785, 0, 0.2434, 0, 18.4812, 0, 0, 1.4733, 0.1665, 0.5765, 1.7235, 2.2547, 6.0547, 0, 3.0058, 0, 5.8033, 2.6647, 2.4981, 3.4974, 5.265, 0.6534, 0.679, 1.0121, 2.5238, 5.2488, 3.0874, 2.5433, 6.2902, 2.306, 4.6504, 4.0867, 3.3949, 2.575, 4.0867, 2.7287, 6.0395, 2.6903, 8.3283, 1.0505, 7.9171, 1.691],
      [14.6596, 4.8159, 0, 12.4486, 0, 0.7166, 0.3635, 2.7694, 0, 5.3322, 0, 0.5755, 0.613, 44.2848, 8.6191, 1.0923, 3.4832, 0.3938, 1.363, 0.3635, 5.3308, 8.7534, 7.7841, 16.4424, 5.0804, 13.7207, 2.3952, 5.9063, 8.2688, 7.9356, 7.8927, 1.6053, 2.3928, 6.3741, 16.5375, 7.2995, 0, 14.8716, 5.4519, 10.9947, 9.662, 8.0264, 0, 9.662, 6.4514, 9.238, 6.3606, 20.3236, 2.4837, 23.5086, 2.3203],
      [411.2607, 144.93, 93.4778, 349.2317, 12.7457, 8.966, 9.9853, 186.5406, 246.7075, 148.6346, 16.7591, 16.1445, 38.7472, 415.2869, 134.5894, 58.0943, 97.7169, 10.6508, 36.7523, 7.6759, 149.5493, 243.2145, 219.2421, 637.1447, 319.7326, 384.9196, 176.7401, 150.4981, 231.9714, 218.31, 38.3247, 36.0703, 57.6961, 166.986, 461.7385, 190.1354, 122.5684, 417.2087, 154.2572, 308.4455, 270.707, 224.5642, 171.716, 271.0582, 180.9887, 259.1622, 178.4395, 582.3428, 69.6764, 489.5379, 114.8534],
      [35.6673, 0, 5.0894, 30.2877, 1.1054, 1.0157, 1.4975, 3.984, 14.9302, 17.9926, 0.6262, 1.4002, 3.3162, 5.0488, 15.3388, 9.4116, 8.4747, 0.958, 4.8009, 0.8843, 12.9699, 21.2972, 29.4524, 54.1726, 22.3846, 33.3828, 19.2898, 27.2001, 20.1181, 21.7135, 3.7583, 12.8702, 15.2529, 14.5175, 44.1865, 32.8064, 10.2433, 38.0775, 13.2647, 27.7825, 23.508, 19.5286, 16.8582, 23.508, 15.6966, 22.4763, 15.4755, 55.1255, 6.0428, 45.5421, 9.7274],
      [12.692, 5.8489, 3.9343, 10.7777, 0.3933, 0, 0, 1.706, 0, 5.262, 0.3264, 0, 0.5342, 22.8812, 5.2669, 1.9667, 3.0157, 0.3409, 1.18, 1.3529, 4.6153, 7.5785, 0.5213, 15.248, 5.8024, 11.8791, 5.4544, 3.509, 7.1589, 6.8705, 0, 1.3898, 2.0716, 5.166, 14.3178, 5.9185, 3.645, 10.9812, 4.7202, 9.519, 8.3652, 7.5587, 5.2709, 8.3652, 5.5855, 5.8659, 5.5069, 0, 2.1503, 46.9998, 3.4079]
    ],
    [
      [15.9787, 7.8263, 4.5653, 22.8267, 0, 0, 0, 2.989, 12.0655, 6.1958, 0, 1.3044, 0.3261, 10.1089, 6.5219, 3.261, 9.1307, 0.9783, 3.587, 0.7617, 20.8701, 14.0221, 6.848, 19.2396, 8.4785, 31.9573, 8.8046, 7.1741, 18.5874, 16.6308, 7.8263, 5.8697, 10.1089, 9.1307, 24.4571, 11.0872, 11.7999, 24.131, 10.4819, 19.5657, 15.6526, 9.7829, 11.4133, 17.6091, 11.0872, 15.0004, 14.0221, 34.24, 5.5436, 24.4571, 1],
      [0.9902, 0.485, 0.2829, 1.4146, 0, 0, 0, 0.2829, 0.7477, 0.384, 0, 0.0808, 0.0202, 0.6265, 0.4042, 0.2021, 0.5659, 0.0606, 0.2223, 0.2772, 1.2934, 0.869, 0.4244, 1.1923, 0.5254, 1.9805, 0.5456, 0.4446, 1.1519, 1.0307, 0.485, 0.3638, 0.6265, 0.5659, 1.5157, 0.6871, 3.0912, 1.4955, 1.1118, 1.2125, 0.97, 0.6063, 0.7073, 1.0913, 0.6871, 0.9296, 0.869, 2.1219, 0.3436, 1.5157, 0.1617],
      [0, 0, 0, 0, 0, 0, 0, 0, 0, 0, 0, 0, 0, 0, 0, 0, 0, 0, 0, 0, 0, 0, 0, 0, 0, 0, 0, 0, 0, 0, 0, 0, 0, 0, 0, 0, 0, 0, 0, 0, 0, 0, 0, 0, 0, 0, 0, 0, 0, 0, 0],
      [4.7241, 2.3138, 1.3497, 6.7487, 0, 0, 0, 2.9261, 3.5672, 1.8318, 0, 0.3856, 0.0964, 2.9887, 1.9282, 0.9641, 2.6995, 0.2892, 1.0605, 0.2892, 6.1703, 4.1456, 2.0246, 5.6882, 2.5067, 9.4482, 2.6031, 2.121, 5.4954, 4.9169, 2.3138, 1.7354, 2.9887, 2.6995, 7.2308, 3.2779, 4.1456, 7.1344, 3.4586, 5.7846, 4.6277, 2.8923, 3.3744, 5.2061, 3.2779, 4.4349, 4.1456, 10.1231, 1.639, 7.2308, 2.38],
      [27.307, 13.3749, 7.802, 39.01, 0, 0, 0, 7.802, 20.6196, 10.5884, 0, 2.2291, 0.5573, 17.2759, 11.1457, 5.5729, 15.604, 1.6719, 6.1301, 1.6719, 35.6663, 23.9633, 11.703, 32.8799, 14.4894, 54.614, 15.0467, 12.2603, 31.7653, 28.4216, 13.3749, 10.0311, 17.2759, 15.604, 41.7964, 18.9477, 23.9633, 41.2392, 18.9477, 33.4372, 26.7497, 16.7186, 19.505, 30.0934, 18.9477, 25.6352, 23.9633, 58.515, 9.4739, 41.7964, 4.4583],
      [0, 0, 0, 0, 0, 0, 0, 0, 0, 0, 0, 0, 0, 0, 0, 0, 0, 0, 0, 0, 0, 0, 0, 0, 0, 0, 0, 0, 0, 0, 0, 0, 0, 0, 0, 0, 0, 0, 0, 0, 0, 0, 0, 0, 0, 0, 0, 0, 0, 0, 0]
    ],
    [
      [1.1297, 0.4807, 0.4327, 1.1057, 0, 0, 0, 0, 1.8968, 0.4327, 0.024, 0.2163, 0.0961, 1.8989, 0.3125, 0.1923, 0.673, 0.0721, 0.2404, 0.0481, 1.0095, 1.0817, 0.9855, 1.7787, 0.8413, 1.1057, 0.5048, 0.5528, 0.8653, 1.1778, 0.4807, 0.2404, 0.2644, 0.4327, 1.6826, 0.9855, 0.4086, 1.8989, 0.7932, 1.2018, 1.0095, 0.9134, 0.7451, 1.2499, 1.1057, 1.4662, 0.7211, 2.2835, 0.1923, 1.6345, 0],
      [0.2553, 0.1087, 0.0978, 0.2499, 0.66, 0.7228, 0.0133, 0.0978, 0.2065, 0.0978, 0.0054, 0.0163, 0.0217, 0.4292, 0.0706, 0.0435, 0.1521, 0.0163, 0.0543, 0.0109, 0.2282, 0.2445, 0.2227, 0.402, 0.1902, 0.2499, 0.1141, 0.125, 0.1956, 0.2662, 0.1087, 0.0543, 0.0598, 0.0978, 0.3803, 0.2227, 0.811, 0.4292, 0.1793, 0.2716, 0.2282, 0.2065, 0.1684, 0.2825, 0.2499, 0.3314, 0.163, 0.5161, 0.0435, 0.3694, 0.0706],
      [29.6338, 12.6101, 11.3491, 29.0033, 0, 1.8915, 0.6305, 11.3491, 20.9392, 11.3491, 0.6305, 1.8915, 2.522, 49.81, 8.1966, 5.044, 17.6542, 1.8915, 6.3051, 1.261, 26.4812, 28.3728, 25.8507, 46.6574, 22.0677, 29.0033, 13.2406, 14.5016, 22.6982, 30.8948, 12.6101, 6.3051, 6.9356, 11.3491, 44.1354, 25.8507, 10, 49.81, 20.8067, 31.5253, 26.4812, 23.9592, 18.2357, 32.7863, 29.0033, 38.4609, 18.9152, 61.3786, 5.044, 42.8744, 8.1966],
      [0.4315, 0.1836, 0.1653, 0.4223, 0.0092, 0.0275, 0.0092, 0.5979, 2.3855, 0.1653, 0.0092, 0.0275, 0.0367, 0.7253, 0.1194, 0.0735, 0.2571, 0.0275, 0.0918, 0.0184, 0.3856, 0.4132, 0.3764, 0.6794, 0.3213, 0.4223, 0.1928, 0.2112, 0.3305, 0.4499, 0.1836, 0.0918, 0.101, 0.1653, 0.6427, 0.3764, 0.1561, 0.7253, 0.303, 0.4591, 0.3856, 0.3489, 1.5946, 0.4774, 0.4223, 0.5601, 0.2754, 0.8722, 0.0735, 0.6243, 0.4318],
      [5.6113, 2.3878, 2.149, 5.4919, 0.1194, 0.3582, 0.3471, 2.149, 4.5368, 2.149, 0.1194, 0.3582, 0.4776, 9.4317, 1.5521, 0.9551, 3.3429, 0.3582, 1.1939, 0.2388, 5.0143, 5.3725, 4.8949, 8.8348, 4.1786, 5.4919, 2.5072, 2.7459, 4.298, 5.8501, 2.3878, 1.1939, 1.3133, 2.149, 8.3572, 4.8949, 2.0296, 9.4317, 3.9398, 5.9694, 5.0143, 4.5368, 3.7011, 6.2082, 5.4919, 7.2827, 3.5817, 11.3419, 0.9551, 8.1184, 1.5521],
      [9.9383, 4.2291, 3.8062, 9.7269, 0.2115, 0, 0, 3.8062, 8.0353, 3.8062, 0.2115, 0.4902, 0.8458, 16.7049, 2.7489, 1.6916, 5.9207, 0.6344, 2.1145, 0.4229, 8.8811, 9.5154, 8.6696, 15.6476, 7.4009, 9.7269, 4.4405, 4.8634, 7.6124, 10.3613, 4.2291, 2.1145, 2.326, 3.8062, 14.8018, 8.6696, 3.5947, 16.7049, 6.978, 10.5727, 8.8811, 8.0353, 6.5551, 10.9956, 9.7269, 12.8987, 6.3436, 18.6076, 1.6916, 14.3789, 2.7489]
    ],
    [
      [3.6783, 1.2684, 0.6976, 2.4734, 0, 0, 0, 0, 1.2684, 0.6976, 0.0634, 0.1268, 0.3171, 2.5368, 0.9513, 0.3805, 1.205, 0.3171, 0.9513, 0.1903, 3.6783, 2.0928, 2.4099, 4.1223, 2.2831, 5.2004, 1.205, 1.6489, 3.4246, 3.4246, 1.966, 1.0781, 2.2831, 1.4586, 3.8686, 2.0928, 1.7757, 4.0588, 1.7123, 2.6002, 2.7905, 1.9026, 1.8392, 2.9807, 2.1563, 3.0441, 3.0441, 5.0735, 0.6342, 5.9614, 0],
      [0.1037, 0.0358, 0.0197, 0.0697, 0.3533, 0.3201, 0.3201, 0.0286, 0.0358, 0.0197, 0.0018, 0.0036, 0.0089, 0.0715, 0.0268, 0.0107, 0.034, 0.0089, 0.0268, 0.0054, 0.1037, 0.059, 0.068, 0.1162, 0.0644, 0.1466, 0.034, 0.0465, 0.0966, 0.0966, 0.0554, 0.0304, 0.0644, 0.0411, 0.1091, 0.059, 0.0501, 0.1145, 0.0483, 0.0733, 0.0787, 0.0536, 0.0519, 0.0841, 0.0608, 0.0858, 0.0858, 0.1431, 0.0179, 0.1681, 0.034],
      [0.3161, 0.109, 0.0599, 0.2125, 0, 0.0054, 0.0054, 0.0872, 0.109, 0.0599, 0.0054, 0.0109, 0.0272, 0.218, 0.0817, 0.0327, 0.1035, 0.0272, 0.0817, 0.0163, 0.3161, 0.1798, 0.2071, 0.3542, 0.1962, 0.4468, 0.1035, 0.1417, 0.2943, 0.2943, 2.3001, 0.0926, 0.1962, 0.1253, 0.3324, 0.1798, 0, 0.3488, 0.1471, 0.2234, 0.2398, 0.1635, 0.158, 0.2561, 0.1853, 0.2616, 0.2616, 0.4359, 0.0545, 0.5122, 0.1035],
      [0.32, 0.1104, 0.0607, 0.2152, 0.0276, 0.0055, 0.0055, 1.103, 0.1104, 0.0607, 0.0055, 0.011, 0.0276, 0.2207, 0.0828, 0.0331, 0.1048, 0.0276, 0.0828, 0.0166, 0.32, 0.1821, 0.2097, 0.3586, 0.1986, 0.4524, 0.1048, 0.1435, 0.2979, 0.2979, 0.171, 0.0938, 0.1986, 0.1269, 0.3366, 0.1821, 0.1545, 0.3531, 0.149, 0.2262, 0.2428, 0.1655, 0.16, 0.2593, 0.1876, 0.2648, 0.2648, 0.4414, 0.0552, 0.5186, 1.3098],
      [38.7974, 13.3784, 7.3581, 26.0879, 3.3446, 0.6689, 0.6689, 10.7027, 13.3784, 7.3581, 0.6689, 1.3378, 3.3446, 26.7568, 10.0338, 4.0135, 12.7095, 3.3446, 10.0338, 2.0068, 38.7974, 22.0744, 25.419, 43.4799, 24.0811, 54.8515, 12.7095, 17.3919, 36.1217, 36.1217, 20.7365, 11.3717, 24.0811, 15.3852, 40.8042, 22.0744, 18.8824, 42.8109, 18.0609, 27.4258, 29.4325, 20.0676, 19.3987, 31.4393, 22.7433, 32.1082, 32.1082, 53.5137, 6.6892, 62.8786, 12.7095],
      [14.7845, 5.0981, 2.804, 9.9413, 1.2745, 0, 0, 4.0785, 5.0981, 2.804, 0.2549, 0.5098, 1.2745, 10.1962, 3.8236, 1.5294, 4.8432, 1.2745, 3.8236, 0.7647, 14.7845, 8.4119, 9.6864, 16.5688, 9.1766, 20.9022, 4.8432, 6.6275, 13.7649, 13.7649, 5.7709, 4.3334, 9.1766, 5.8628, 15.5492, 8.4119, 7.1373, 16.3139, 6.8824, 10.4511, 11.2158, 7.6471, 7.3922, 11.9805, 8.6668, 12.2354, 12.2354, 20.3924, 2.549, 23.961, 4.8432]
    ]
  ],
  "V_est": [
    [1.0907, 695.5839, 83.2237, 2.1352, 650.3677, 0.5989],
    [311.3885, 343.1555, 319.7333, 259.8883, 14917.1968, 235.6376],
    [88.4149, 151.9389, 354.9682, 9942.6967, 890.0593, 302.9221],
    [555.3064, 37.6632, 0, 169.3841, 959.6463, 0],
    [38.8653, 10.8127, 1008.3937, 18.837, 191.9663, 337.125],
    [98.9342, 3.8459, 10.681, 11.0588, 1071.7637, 405.7165]
  ],
  "p_est": [
    [0.0008, 0.4854, 0.0581, 0.0015, 0.4539, 0.0004],
    [0.019, 0.0209, 0.0195, 0.0159, 0.9103, 0.0144],
    [0.0075, 0.013, 0.0303, 0.8476, 0.0759, 0.0258],
    [0.3225, 0.0219, 0, 0.0984, 0.5573, 0],
    [0.0242, 0.0067, 0.6279, 0.0117, 0.1195, 0.2099],
    [0.0618, 0.0024, 0.0067, 0.0069, 0.669, 0.2533]
  ],
  "EI_Z": {},
  "EI_V": 9.1139,
  "MAE_Z": {},
  "MAE_V": 174.5873,
  "MAE_p": 0.0731,
  "runtime": 2.6723
}
