{
  "X": [
    [7, 6, 12, 13, 25, 8, 9, 2, 7, 11],
    [12, 7, 7, 15, 11, 9, 7, 6, 10, 16],
    [16, 4, 6, 10, 21, 8, 5, 6, 12, 12],
    [8, 6, 13, 15, 16, 7, 8, 10, 5, 12],
    [13, 5, 14, 6, 23, 5, 9, 7, 7, 11],
    [20, 8, 9, 9, 21, 8, 6, 4, 7, 8],
    [18, 6, 10, 10, 15, 8, 7, 3, 8, 15],
    [12, 8, 14, 9, 16, 4, 11, 2, 14, 10],
    [15, 13, 12, 10, 20, 1, 6, 9, 4, 10],
    [17, 17, 9, 7, 16, 7, 6, 4, 5, 12],
    [13, 14, 10, 7, 21, 8, 6, 6, 5, 10],
    [14, 21, 11, 11, 21, 3, 5, 2, 3, 9],
    [11, 10, 12, 8, 23, 5, 10, 3, 7, 11],
    [13, 14, 7, 9, 17, 6, 12, 5, 6, 11],
    [11, 12, 13, 9, 10, 7, 14, 3, 9, 12],
    [11, 16, 11, 9, 21, 5, 11, 2, 6, 8],
    [9, 22, 10, 5, 15, 6, 11, 5, 3, 14],
    [5, 12, 9, 18, 16, 11, 0, 11, 3, 15],
    [9, 15, 9, 15, 19, 8, 3, 5, 9, 8],
    [4, 14, 10, 18, 18, 10, 4, 9, 3, 10],
    [6, 9, 11, 12, 19, 12, 1, 12, 6, 12],
    [4, 14, 13, 14, 16, 6, 5, 6, 9, 13],
    [3, 17, 13, 21, 16, 6, 1, 11, 3, 9],
    [2, 13, 7, 10, 20, 6, 2, 10, 12, 18],
    [6, 17, 8, 15, 12, 9, 2, 11, 7, 13],
    [7, 13, 14, 24, 20, 4, 4, 1, 5, 8],
    [9, 13, 13, 18, 27, 2, 6, 1, 5, 6],
    [8, 5, 14, 29, 20, 1, 7, 4, 5, 7],
    [7, 10, 20, 23, 14, 1, 3, 4, 9, 9],
    [6, 6, 15, 26, 24, 3, 4, 3, 7, 6],
    [3, 7, 17, 24, 21, 5, 9, 1, 5, 8],
    [8, 9, 14, 18, 21, 1, 6, 3, 9, 11],
    [9, 8, 12, 24, 22, 4, 3, 3, 9, 6],
    [8, 6, 7, 19, 25, 10, 4, 8, 2, 11],
    [5, 10, 12, 15, 32, 6, 2, 1, 3, 14],
    [6, 10, 18, 18, 26, 6, 7, 3, 1, 5],
    [6, 5, 16, 18, 19, 3, 3, 14, 6, 10],
    [3, 12, 14, 16, 27, 5, 3, 7, 5, 8],
    [7, 4, 12, 19, 25, 3, 4, 9, 1, 16],
    [8, 4, 13, 18, 31, 5, 0, 7, 2, 12],
    [9, 6, 17, 17, 23, 1, 3, 12, 2, 10],
    [6, 14, 10, 14, 27, 11, 4, 5, 2, 7],
    [9, 13, 18, 12, 16, 12, 2, 5, 4, 9],
    [4, 13, 12, 14, 19, 16, 3, 8, 2, 9],
    [12, 6, 12, 15, 16, 12, 4, 12, 6, 5],
    [12, 14, 13, 13, 9, 12, 4, 12, 4, 7],
    [7, 14, 14, 10, 15, 17, 0, 7, 7, 9],
    [10, 9, 13, 12, 5, 25, 4, 9, 5, 8],
    [5, 11, 16, 16, 14, 15, 4, 6, 6, 7],
    [8, 10, 11, 14, 16, 18, 4, 2, 9, 8]
  ],
  "W": [
    [60, 5, 12, 10, 6, 7],
    [58, 12, 8, 4, 7, 11],
    [51, 9, 14, 9, 7, 10],
    [57, 13, 6, 5, 6, 13],
    [63, 9, 7, 6, 8, 7],
    [54, 12, 14, 6, 7, 7],
    [47, 16, 11, 10, 6, 10],
    [58, 12, 8, 8, 6, 8],
    [25, 37, 13, 9, 6, 10],
    [6, 64, 5, 6, 7, 12],
    [5, 51, 12, 7, 13, 12],
    [14, 55, 7, 8, 9, 7],
    [8, 55, 9, 11, 8, 9],
    [8, 62, 10, 4, 10, 6],
    [10, 58, 5, 7, 10, 10],
    [8, 58, 8, 7, 10, 9],
    [6, 48, 26, 8, 8, 4],
    [11, 7, 56, 10, 9, 7],
    [11, 13, 50, 8, 12, 6],
    [9, 4, 59, 13, 5, 10],
    [11, 6, 52, 9, 9, 13],
    [14, 9, 52, 14, 7, 4],
    [5, 8, 59, 10, 10, 8],
    [5, 11, 52, 8, 10, 14],
    [8, 6, 62, 2, 10, 12],
    [8, 12, 7, 60, 7, 6],
    [5, 9, 9, 60, 8, 9],
    [7, 5, 11, 61, 10, 6],
    [13, 3, 12, 60, 4, 8],
    [7, 4, 7, 64, 9, 9],
    [4, 8, 5, 58, 14, 11],
    [12, 6, 10, 55, 5, 12],
    [6, 6, 8, 68, 7, 5],
    [13, 9, 5, 21, 42, 10],
    [6, 13, 9, 8, 56, 8],
    [13, 7, 11, 8, 52, 9],
    [5, 7, 10, 8, 58, 12],
    [8, 8, 13, 7, 52, 12],
    [6, 4, 7, 7, 68, 8],
    [12, 6, 4, 8, 62, 8],
    [12, 9, 6, 8, 60, 5],
    [8, 7, 9, 7, 44, 25],
    [13, 9, 15, 6, 6, 51],
    [7, 10, 9, 8, 13, 53],
    [13, 4, 8, 8, 5, 62],
    [7, 14, 8, 6, 8, 57],
    [8, 9, 9, 8, 9, 57],
    [10, 10, 6, 8, 7, 59],
    [10, 10, 10, 10, 9, 51],
    [9, 5, 8, 12, 12, 54]
  ],
  "method": "mcmc",
  "mcmc_stepsize": 3000,
  "mcmc_samples": 1000,
  "burn_in": 10000,
  "cond_prob": [
    [
      [0.092454268776, 0.017749794391, 0.095612317189, 0.17889251902, 0.27026835944, 0.034383013892, 0.090099736635, 0.014890972628, 0.084689755211, 0.12095926282],
      [0.028952061068, 0.3417765789, 0.020734109047, 0.0010660901431, 0.030069331677, 0.17959572195, 0.18963191126, 0.00015445299994, 0.1896514195, 0.01836832346],
      [0.09919836578, 0.036277047408, 0.17867463839, 0.0095323436964, 0.15024317098, 0.15002078128, 0.1456152239, 0.079487268085, 0.00019319879317, 0.15075796168],
      [0.0099064509231, 0.014458309308, 0.20664181058, 0.016738422749, 0.3968465356, 8.0011308558e-05, 0.085405836733, 0.0047401210761, 0.085622311666, 0.17956019005],
      [0.0018936777236, 0.14895117172, 0.29982320661, 0.039407678097, 0.46009836747, 0.040698141819, 9.1551725722e-05, 0.00085212983591, 0.00087000018028, 0.0073140748226],
      [0.0010252290234, 0.25035924996, 0.021448202471, 0.24898571251, 0.014511166115, 0.42768603104, 0.006266554455, 0.014201167218, 0.015228012368, 0.00028867483762]
    ],
    [
      [0.13515917945, 0.00075417302687, 0.079842674551, 0.17769207223, 0.10862130267, 0.035719166745, 0.085939317001, 0.068042721929, 0.092898601903, 0.21533079049],
      [0.2375597603, 0.12591289553, 0.011238974406, 0.00048266163921, 0.00062348779576, 0.086315933611, 0.070624283313, 0.082127305533, 0.22861489796, 0.15649979992],
      [0.016187194166, 0.33623365947, 0.12395513195, 0.01911609903, 0.12160845325, 0.012068932456, 0.0002658384288, 0.11117366719, 0.22673227865, 0.032658745414],
      [0.0064706788367, 0.24065679412, 0.00067355056072, 0.43270770613, 0.031009444623, 0.030090082474, 0.24631846854, 0.0063213332418, 0.0042004727447, 0.0015514687314],
      [0.022855452541, 0.0022130595493, 0.15864589863, 0.12225324543, 0.38414991401, 0.24646415527, 0.020225064935, 0.020802985625, 0.0043191312211, 0.018071092794],
      [0.090425639271, 0.16157412264, 0.011763694081, 0.1771395942, 0.082411617174, 0.35912147718, 0.0035501980066, 0.00069989925973, 0.00069166139941, 0.11262209679]
    ],
    [
      [0.19875744415, 0.016899770522, 0.055456157919, 0.10326840538, 0.20110014071, 0.01910185789, 0.075053551016, 0.019630451968, 0.13500478104, 0.17572743941],
      [0.12313163949, 0.11118981942, 0.095816489892, 0.003766538748, 0.32444519187, 0.01544702146, 0.011863385767, 0.0002172625731, 0.31034844468, 0.0037742060885],
      [0.071645976605, 0.081192490086, 0.079052294114, 0.022800533603, 0.31951339916, 0.011784431883, 0.00016469545056, 0.22138027529, 0.069075026282, 0.12339087752],
      [0.096083375537, 0.0037136368612, 0.10278658185, 0.38980926968, 0.15781625666, 3.3885619575e-05, 0.11426822638, 0.0006613896667, 0.038924490293, 0.095902887451],
      [0.15736138836, 0.015017135574, 0.015277985463, 0.0010083637967, 0.13295932584, 0.52180518634, 0.00028373249227, 0.12742638487, 0.019629829546, 0.0092306677226],
      [0.17858618222, 0.086216578658, 0.017063028459, 0.086486303287, 0.099963691793, 0.30688587332, 0.0032792525113, 0.099963053133, 0.086684057743, 0.034871978878]
    ],
    [
      [0.08758797181, 7.9832325482e-05, 0.10531768712, 0.22767168493, 0.1933085981, 0.034963570058, 0.087730437279, 0.10482713761, 0.017964899845, 0.14054818093],
      [0.15381058613, 0.15373083815, 0.23169745936, 4.9426727007e-05, 0.076536995184, 0.077467658995, 0.00029175056239, 0.00062707314042, 0.30486720478, 0.00092100697222],
      [2.0066047375e-05, 0.3335491136, 0.16568012452, 0.001718799409, 0.00025925576511, 0.0011267601693, 0.00027699541767, 0.33164594744, 9.8048587122e-05, 0.16562488904],
      [0.00017015293169, 0.00016461538629, 0.19957473436, 0.40075367641, 0.19890714686, 1.6354104045e-05, 0.19810360056, 0.00064799285851, 0.0014693721425, 0.00019235438976],
      [0.16671236723, 0.0011249090344, 0.3305292231, 0.00030365711862, 0.33303669666, 0.00029303654427, 0.16514164089, 0.0012696232879, 0.00032777259303, 0.0012610735496],
      [0.00051558636967, 0.15292934221, 0.00074577733214, 0.00047448388258, 0.076316732465, 0.30703049146, 0.077887884395, 0.15507444744, 0.00021732760767, 0.22880792683]
    ],
    [
      [0.12712842009, 0.03169673477, 0.12697480631, 0.047679267548, 0.25380018612, 0.03173452987, 0.11112962399, 0.016024467334, 0.095166675436, 0.15866528853],
      [0.22165935929, 0.22216591217, 0.22251788495, 2.4557200817e-05, 0.11132428187, 0.11094866592, 0.00013212171139, 8.9483722903e-05, 0.11100218491, 0.00013554825188],
      [8.8572389879e-05, 0.1427462133, 0.28499174516, 0.00035475431862, 0.14382752645, 0.00038626418345, 3.5094487402e-05, 0.28486415341, 0.00032389412512, 0.14238178218],
      [0.16612350152, 0.00011862893026, 0.16645382344, 0.49830230459, 0.16755131287, 0.00038258511001, 0.0005514682802, 0.0002500844319, 0.00011856326513, 0.00014772756885],
      [0.24965985501, 0.00022475437366, 0.12486070212, 0.00042320257284, 0.49919847724, 0.00027938516004, 0.1246469531, 0.00032893949227, 0.00012081438588, 0.00025691655487],
      [0.00019077783613, 0.00026845689667, 0.00076792342498, 4.3200191932e-05, 0.00042590820599, 0.2849931691, 0.14241635676, 0.57021030115, 0.00021923282276, 0.00046467360641]
    ],
    [
      [0.21341391016, 0.050451528403, 0.037710798011, 0.12723682429, 0.24253144932, 0.03219774101, 0.076312384847, 0.0029195865323, 0.10618735996, 0.11103841747],
      [0.15790149751, 0.19777538875, 0.16614485679, 0.010914049572, 0.15683603648, 0.237410831, 0.00058407759943, 0.00028506357711, 0.072145842842, 2.3558826051e-06],
      [0.07143687129, 0.20493945571, 0.062787806367, 0.079865146258, 0.20531882743, 0.099514446133, 0.00024016484393, 0.20324759201, 0.0014085316899, 0.071241158263],
      [0.43438081271, 0.00010180554949, 0.35180219629, 0.14659395414, 0.0021487850556, 0.00054216577706, 0.020765050423, 0.00054729512742, 0.042574754046, 0.00054318088505],
      [0.15976576641, 0.0018668861421, 0.15921056806, 6.0643656364e-05, 0.40891048492, 0.12685031517, 0.12547017358, 2.7316654954e-05, 0.017796095016, 4.1750389851e-05],
      [0.26515277743, 0.0027830550047, 0.12365174038, 2.0373629598e-05, 0.038791372895, 0.16114065239, 0.12369692309, 0.14142575554, 5.5973610633e-05, 0.14328137604]
    ],
    [
      [0.19303340351, 0.00011864840183, 0.043550605478, 0.12644891418, 0.12753218157, 0.0013933137789, 0.12611506205, 0.00060067803001, 0.12706027912, 0.25414691389],
      [0.18615697469, 0.064505838353, 0.18518299263, 0.0035922934252, 0.12914471721, 0.30422800001, 0.001712328594, 0.00079236005134, 0.12260340854, 0.0020810864934],
      [0.091049819648, 0.26686840962, 0.092632680843, 0.091373979259, 0.26728530934, 0.094414112283, 0.0035553574468, 0.0010065851235, 0.00046802423197, 0.091345722199],
      [0.29579977066, 0.0039252130976, 0.10216424342, 0.2953089972, 0.29406088065, 5.3699275741e-05, 0.0027948180272, 0.0017515696211, 0.0022280274856, 0.0019127805711],
      [0.33009960926, 0.0014024749869, 0.32592693605, 0.0042044205515, 0.0060357958245, 0.16353305308, 0.16246249565, 0.00029306406083, 0.0033472899177, 0.002694860619],
      [0.00087750618414, 0.19791106247, 0.099403012071, 0.0015994071612, 0.10227100069, 0.10465757058, 0.0003362739906, 0.29287438548, 0.001900006384, 0.19816977498]
    ],
    [
      [0.10352543234, 0.017243372321, 0.051911866767, 0.13785467053, 0.17242879224, 4.7058151368e-05, 0.17228815566, 7.0503905545e-05, 0.18965915499, 0.15497099309],
      [0.16676386534, 0.24989911266, 0.16681177902, 4.8662857854e-05, 0.16675509079, 0.083177721878, 5.9832937761e-05, 1.064776534e-06, 0.16627497391, 0.00020789582131],
      [0.12473894945, 0.37414594713, 0.12502262184, 0.12477741266, 0.12491937804, 0.00049729945185, 0.00054319455543, 0.12468579263, 0.00011525758427, 0.00055414665501],
      [0.2494925485, 0.12491516596, 0.49937075804, 0.00033666626792, 0.00041559010078, 1.2657578102e-06, 0.00055252856115, 7.114127711e-05, 0.12478491662, 5.941892541e-05],
      [0.16639827793, 0.00066536050988, 0.16667460952, 0.00041744478376, 0.49908154024, 6.4733750253e-05, 0.16620994525, 3.2964296789e-06, 9.0101429179e-05, 0.00039469015224],
      [0.00026461112077, 0.00057674820864, 0.3740219604, 5.3481835666e-05, 0.00011249675493, 0.37434513006, 6.7939993309e-05, 0.12472784329, 0.00059091515905, 0.12523887317]
    ],
    [
      [0.2678158912, 0.0033322857298, 0.085667812144, 0.10023865993, 0.095910092958, 0.004612031847, 0.052488814153, 0.14360722006, 0.090137376843, 0.15618981514],
      [0.14049940007, 0.2586992071, 0.05754459479, 0.060204638207, 0.22692574143, 0.0031073259873, 0.091773133807, 0.078757999057, 0.028122966896, 0.054364992658],
      [0.025839710323, 0.17018728063, 0.087068838622, 0.18299443884, 0.26046539152, 0.0004825641494, 0.016672607753, 0.09782242551, 0.015631730655, 0.142835012],
      [0.16892406576, 0.023651148491, 0.070185974937, 0.27766929028, 0.33270434933, 0.00024115892273, 0.014963519919, 0.099562317804, 0.0061525471811, 0.0059456273825],
      [0.15024662688, 0.041288265254, 0.46508324505, 0.043116530463, 0.067438925229, 0.0061275634469, 0.026040574616, 0.016598538071, 0.00066649044806, 0.18339324054],
      [0.034841233015, 0.067179761788, 0.31750865424, 0.012981138797, 0.24209724582, 0.072451899737, 0.078451466755, 0.022842991306, 0.044343143791, 0.10730246475]
    ],
    [
      [0.16802665086, 0.0048476081681, 0.079696430755, 0.160293875, 0.16790233346, 0.099651399065, 0.11250769019, 0.046520741563, 0.023135833443, 0.13741743749],
      [0.22507062057, 0.19762241189, 0.078176634975, 0.027393637963, 0.16211574321, 0.045035042409, 0.073986506617, 0.040066950033, 0.038500551609, 0.11203190073],
      [0.027053350812, 0.24747256198, 0.11794411647, 0.12081648782, 0.045553742476, 0.25913991843, 0.0024600736062, 0.12893156459, 0.0050609727152, 0.045567211103],
      [0.031255486781, 0.096983958226, 0.10596635727, 0.31444068667, 0.15531788936, 0.0037050866302, 0.06151654719, 0.026085232724, 0.16618046568, 0.038548289461],
      [0.06284049136, 0.073807034864, 0.095311800535, 0.19185845554, 0.20789618611, 0.097237802409, 0.019243205577, 0.029900114363, 0.093870992453, 0.12803391679],
      [0.068719772012, 0.16559701558, 0.13548462061, 0.037609014372, 0.16685242354, 0.12677118022, 0.0061429454315, 0.012176727391, 0.059805424295, 0.22084087655]
    ],
    [
      [0.038467348853, 0.029745669003, 0.0024112709452, 0.031611882278, 0.22967580758, 0.0015787377573, 0.40225169651, 0.0021106757533, 0.042992946895, 0.21915396443],
      [0.19168489436, 0.20653864249, 0.11699386898, 0.048501326403, 0.23613930707, 0.038505157842, 0.025679052895, 0.053662402026, 0.052941409597, 0.029353938329],
      [0.030980682826, 0.084594223982, 0.04938549131, 0.157579462, 0.16521962209, 0.14028462238, 0.0079418680963, 0.1894686828, 0.10694273838, 0.067602606144],
      [0.087866823317, 0.10762179149, 0.28810788415, 0.10421403587, 0.14918048287, 0.00075191446522, 0.11196305604, 0.011053982083, 0.02944569387, 0.10979433584],
      [0.08909330238, 0.1070564899, 0.061230832524, 0.098356989314, 0.22616542359, 0.058955349616, 0.07166092781, 0.011448715092, 0.016745560279, 0.2592864095],
      [0.073890396287, 0.013131940901, 0.05132286829, 0.039106690486, 0.15345557915, 0.29777040387, 0.07237282907, 0.062735729462, 0.031491531235, 0.20472203125]
    ],
    [
      [0.054662862019, 0.0048992450821, 0.1486360269, 0.11514568973, 0.24085699551, 0.024780747882, 0.12023945755, 0.044129123827, 0.058677709308, 0.18797214219],
      [0.20684547406, 0.30910710978, 0.080083234258, 0.038852051106, 0.22162985528, 0.026258833105, 0.028232471, 0.0063912010042, 0.02519377283, 0.057405997571],
      [0.025926008742, 0.11864548798, 0.1187717066, 0.24642256151, 0.1116947291, 0.0017220363785, 0.00085499364107, 0.088751024393, 0.10846090548, 0.17875054617],
      [0.15240467819, 0.028893407671, 0.18826250708, 0.25152769958, 0.28315176871, 0.00082385207581, 0.044566336742, 0.045233539583, 0.0014218631315, 0.0037143472392],
      [0.043868001861, 0.07239898237, 0.1305340668, 0.31055788088, 0.19578204673, 0.089076716594, 0.084809581272, 0.0025724567455, 0.00029739261969, 0.070102874134],
      [0.0089553364259, 0.31675185889, 0.1431727336, 0.10269958256, 0.08989204977, 0.05549974118, 0.091151401196, 0.0034855161517, 0.0027966838635, 0.18559509637]
    ],
    [
      [0.00046897786918, 0.0004110494904, 0.002625515522, 0.00054564643278, 0.12379920775, 7.9065668366e-06, 0.37486203314, 0.0021837796402, 0.24707025375, 0.24802562984],
      [0.18166090877, 0.14497333101, 0.18082037489, 0.018672878741, 0.20109600875, 0.036381952284, 0.036901711272, 0.035872311172, 0.054534123332, 0.10908639979],
      [0.00028917535788, 0.0037099209888, 0.22107990947, 0.33021736649, 0.11085632073, 0.11098509294, 0.00017523210272, 0.10959585762, 0.00040023966788, 0.11269088463],
      [0.0010811029585, 0.00031956764293, 0.0021790828998, 0.27046494099, 0.36212957302, 1.7612035088e-05, 0.18169996545, 2.424689232e-05, 0.092165825814, 0.089918082299],
      [0.00046090406296, 0.2466398272, 0.0017761079807, 0.12731851655, 0.61915733089, 2.7897071389e-05, 0.0012942195927, 0.00012307552127, 1.8189775083e-05, 0.0031839313571],
      [0.10963513902, 0.0014616942429, 0.00066414400661, 0.00033419066641, 0.11277055779, 0.22218295849, 0.32898657214, 0.0024376233155, 0.11183215862, 0.10969496169]
    ],
    [
      [0.017080915499, 0.004496705192, 0.10637327272, 0.14188082377, 0.11543230914, 0.0087480359554, 0.32290993717, 0.11866389193, 0.11067627176, 0.053737836853],
      [0.20204746891, 0.16330700226, 0.064792585029, 0.024481431918, 0.16250261831, 0.033965753693, 0.11676786188, 0.046293037048, 0.079126661514, 0.10671557944],
      [0.0049137499427, 0.19655063436, 0.18861623708, 0.17313788317, 0.12398360943, 0.26078116969, 0.0075435935255, 0.017352573123, 0.0089770291781, 0.0181435205],
      [0.010978780272, 0.0077113062837, 0.013679797328, 0.26143009733, 0.24273562066, 0.0044869300576, 0.035611914401, 0.21314728285, 0.00437248919, 0.20584578163],
      [0.019263886228, 0.1788548168, 0.013296708641, 0.18228413688, 0.36950846282, 0.007612805979, 0.022575728529, 0.0076167092634, 0.00048218228361, 0.19850456258],
      [0.008453020141, 0.009015413587, 0.0096708166504, 0.29119400684, 0.01591933109, 0.18704191774, 0.28891203135, 0.013039768727, 0.016109123448, 0.16064457042]
    ],
    [
      [0.099948910245, 7.0389970047e-05, 0.00063007242501, 0.10053190403, 0.099374380698, 0.00023437909635, 0.30000907062, 6.5389776885e-05, 0.19876420529, 0.20037129785],
      [0.17211815293, 0.15498218328, 0.18946158902, 0.068680431706, 0.035004282889, 0.051798267636, 0.10395996009, 0.034307675474, 0.1033540056, 0.086333451379],
      [0.0013761575682, 0.0016900546884, 0.1986997885, 0.19933767323, 0.00096812566245, 0.39709674501, 5.2069334854e-05, 0.19964227827, 0.00022622926398, 0.00091087846022],
      [0.00068082015857, 0.0011425656518, 0.14207764961, 0.28404507454, 0.14374818355, 0.00016145305883, 0.28374665518, 0.00065140237219, 0.14296142966, 0.00078476622453],
      [9.1919255797e-05, 0.10020414894, 0.0010872163172, 0.1013459456, 0.49716551268, 0.0011335283182, 0.00070616541659, 4.1091139997e-05, 0.00026852870234, 0.29795594363],
      [0.0005092306188, 0.19918397479, 0.00060124597886, 0.001275257689, 0.099327474547, 0.19954075065, 0.29766830214, 0.00063188053997, 0.0013279181192, 0.19993396493]
    ],
    [
      [5.0580579103e-05, 3.9128048293e-06, 4.5861673804e-05, 0.12509579232, 0.12496971925, 5.8253136204e-05, 0.37485380769, 7.9821888119e-06, 0.12500282566, 0.24991126471],
      [0.1723867348, 0.18967946268, 0.1723378357, 0.034503438086, 0.20690342101, 3.0001833175e-05, 0.10345500324, 0.017240241753, 0.068955154517, 0.034508706388],
      [6.3775471442e-05, 0.12500714339, 0.12503678884, 0.24992558641, 0.12495772601, 0.24985800055, 9.6445587698e-05, 0.12492040221, 5.3813663193e-05, 8.0317880388e-05],
      [6.8067109696e-05, 0.14276920117, 0.0001052586582, 0.57106008046, 0.14297731555, 7.2733717253e-06, 0.00015489377089, 2.0522487465e-05, 0.14281962765, 1.7759778507e-05],
      [0.099953700458, 0.10001145865, 0.00015598709337, 9.8675488203e-05, 0.49983592009, 6.5402871491e-05, 3.2317820879e-05, 1.8149093268e-06, 2.6690891725e-05, 0.29981803173],
      [7.1228744399e-05, 0.2221115245, 0.0001608493076, 2.469367522e-05, 0.11122017887, 0.33313610243, 0.22206670571, 5.3010739127e-05, 1.5957894555e-05, 0.11113974812]
    ],
    [
      [0.1802101622, 0.066024409191, 0.099000237853, 0.13230062759, 0.13648417058, 0.068604933154, 0.12981915876, 0.026127224403, 0.024883139287, 0.13654593698],
      [0.11481022972, 0.2779488715, 0.10397387929, 0.023486779803, 0.15347295879, 0.042223220862, 0.11617808606, 0.024995721717, 0.038784266898, 0.10412598536],
      [0.017821865406, 0.21896537811, 0.1234856016, 0.028444208412, 0.14360706534, 0.082704840842, 0.10659919181, 0.068686636009, 0.0068045792851, 0.20288063319],
      [0.061386309965, 0.10580995117, 0.085263079234, 0.16722269901, 0.24812440673, 0.029892013476, 0.096826842104, 0.071806376133, 0.084955849945, 0.048712472233],
      [0.18056404602, 0.093356998205, 0.059402033725, 0.074789371243, 0.084624707476, 0.006878547344, 0.11606155321, 0.14110055209, 0.01325969167, 0.22996249901],
      [0.0022191629889, 0.24396807171, 0.011826455428, 0.1007962058, 0.10465408558, 0.27929136281, 0.04246269177, 0.038583512281, 0.0066032397074, 0.16959521193]
    ],
    [
      [0.1450078168, 0.0012584195215, 0.06087668572, 0.19190564142, 0.10007591076, 0.030088138536, 0, 0.14804728817, 0.075245352754, 0.24749474632],
      [0.039711599427, 0.12335956942, 0.21874687208, 0.034314331538, 0.12886602861, 0.1407994749, 0, 0.024159895314, 0.26400525701, 0.026036971708],
      [0.034464239721, 0.1737630289, 0.081852953809, 0.19331355367, 0.16848004396, 0.090738592969, 0, 0.14874529769, 0.0031466255669, 0.10549566372],
      [0.099117150935, 0.097424524837, 0.11202730949, 0.2065138915, 0.14931886649, 0.016418341487, 0, 0.025132811112, 0.01310574772, 0.28094135642],
      [0.020137720031, 0.0071141989846, 0.10718781393, 0.20833389993, 0.22892590356, 0.020466031542, 0, 0.052960999206, 0.00051965457243, 0.35435377824],
      [0.0035034864544, 0.050519677419, 0.018628502701, 0.12616208623, 0.14409978897, 0.60767074954, 0, 0.020663826937, 0.0017598457906, 0.02699203596]
    ],
    [
      [0.26747901463, 8.6885912729e-05, 0.0043867971559, 0.092761646897, 0.26728469729, 6.7667695483e-05, 0.092951379741, 0.0022931073998, 0.18386505151, 0.088823751766],
      [0.23172575172, 0.30627147685, 0.0001591244057, 0.15152452839, 0.075413573074, 0.0027522614787, 0.00024311256, 0.076545120232, 0.15526668579, 9.836550325e-05],
      [0.020941912171, 0.16096527014, 0.079616945234, 0.12159487895, 0.23861614897, 0.12019392162, 0.039374373083, 0.040618807729, 0.059246686415, 0.11883105569],
      [0.00055888567571, 0.12137632062, 0.37319133729, 0.24328401194, 0.011209722315, 0.00010990259178, 5.1930842839e-05, 0.12216920112, 0.12452607563, 0.0035226119739],
      [0.085209662401, 0.085298450766, 0.082406749641, 0.2490791273, 0.16752224895, 0.16214456031, 0.00035367121491, 0.080940245225, 0.080979162715, 0.0060661214836],
      [0.16186890399, 0.16244326245, 0.16573627639, 0.16580624074, 0.17478994426, 0.0011943717969, 0.00016603401653, 1.8719586471e-05, 0.0047874399676, 0.16318880681]
    ],
    [
      [0.10895555254, 0.18021067667, 0.030813526852, 0.029538269082, 0.20658162116, 0.01092533561, 0.020054709448, 0.023521192975, 0.1072233104, 0.28217580527],
      [0.0089182084419, 0.62972343837, 0.03573223162, 0.0091782829859, 0.079901695372, 0.011374007255, 0.19383192885, 0.0034011437254, 0.0075032769101, 0.020435786467],
      [0.030035957642, 0.13166661621, 0.072021639381, 0.19983525742, 0.15468216671, 0.14384024097, 0.032423112695, 0.11482282729, 0.016781300681, 0.103890881],
      [0.020309098748, 0.017666982139, 0.20552235469, 0.34623760631, 0.23853845973, 0.0047833498888, 0.01280108073, 0.1311597898, 0.008237587164, 0.014743690794],
      [0.18186755073, 0.16198050724, 0.18900046819, 0.21323788149, 0.1788249925, 0.0049995315864, 0.016801893138, 0.015700287103, 0.0065779189885, 0.03100896904],
      [0.0038249655165, 0.10513064964, 0.17136796564, 0.033988396926, 0.2699785853, 0.12824205265, 0.088079273536, 0.021657917551, 0.087490213049, 0.090239980191]
    ],
    [
      [0.091349670313, 0.0016336395487, 0.0038617288255, 0.0027488440955, 0.27054427897, 0.0022228060413, 0.00059140406532, 0.26805469957, 0.18064602785, 0.17834690071],
      [0.0044398684813, 0.48877565884, 0.16554695396, 0.0031557315804, 0.005783288518, 0.0032541130054, 0.16128475729, 0.0019767360283, 0.0029012956814, 0.16288159661],
      [0.038682683685, 0.077533551627, 0.041961601172, 0.18999969179, 0.20972683063, 0.13367776649, 0.0004509183043, 0.11650818649, 0.038460011655, 0.15299875816],
      [0.0026954494441, 0.0046098622547, 0.32317564183, 0.11623577659, 0.22044795971, 0.00020144635396, 0.00018059376733, 0.21788385013, 0.11126378633, 0.0033056335904],
      [0.32468440457, 0.10923701637, 0.21822826051, 0.11079880745, 0.11918365656, 0.10973739572, 5.536435934e-05, 0.0028031854963, 0.0010667873415, 0.0042051216252],
      [0.0008150906093, 0.076385339978, 0.22381545209, 0.0021179304514, 0.15591026623, 0.30887161688, 1.651050495e-05, 0.076532990039, 0.075737703884, 0.079797099335]
    ],
    [
      [0.069312042576, 0.00010988339167, 0.0046090704939, 0.0035000504059, 0.20968395195, 0.00192218696, 0.0067943580284, 0.00070820740618, 0.28117771308, 0.4221825357],
      [0.0058028214264, 0.43909550588, 0.11511251707, 0.10729926183, 0.0047890506522, 0.0014228445199, 0.10760140358, 0.00039918935101, 0.21790179136, 0.0005756143434],
      [0.019343655052, 0.17255421935, 0.15221213526, 0.13686656711, 0.15438766357, 0.058836205995, 0.074421935408, 0.058165984116, 0.039247485399, 0.13396414874],
      [0.0021409656355, 0.005293753653, 0.14614719648, 0.34587193223, 0.27976969777, 0.00034185555709, 0.00052261112896, 0.21050274583, 0.0034646796537, 0.005944562068],
      [0.27712152446, 0.14172174377, 0.13829062491, 0.14289214502, 0.15329140904, 0.13797845522, 0.0041384006373, 0.0012801556985, 0.00018863097041, 0.0030969102794],
      [0.00042793958119, 0.0019044789319, 0.24258355027, 0.0064480953986, 0.00083726975964, 0.48254147644, 0.0075600884912, 0.0014654216683, 0.25292518049, 0.0033064989621]
    ],
    [
      [0.14649847103, 0.021538584717, 0.046033740098, 0.070752600731, 0.38770095293, 0.013125745007, 0.00011362749953, 0.14891776436, 0.049718387407, 0.11560012622],
      [0.022341558817, 0.48454618417, 0.16607798715, 0.13208579001, 0.051760654335, 0.017808830777, 0.079866670543, 0.024577590607, 0.01405311148, 0.006881622114],
      [0.018405473585, 0.18307145395, 0.10493563603, 0.25005310126, 0.12371270004, 0.062383310246, 0.0040439555038, 0.13375018886, 0.017963449565, 0.10168073097],
      [0.012504457794, 0.018140301079, 0.10355417609, 0.31260294447, 0.3243216277, 0.0037738253195, 0.0011911850592, 0.14564900204, 0.0261013595, 0.05216112095],
      [0.085477703573, 0.17157247115, 0.1998928007, 0.12962469446, 0.20849660054, 0.021292953716, 0.0098462361466, 0.024035163, 0.064027662884, 0.085733713824],
      [0.0028788273904, 0.039699262228, 0.27694188861, 0.051767664107, 0.12752230201, 0.23257719174, 0.0014413639224, 0.058835957495, 0.084731177868, 0.12360436463]
    ],
    [
      [0.19708358849, 0.00074787590615, 0.00021429814841, 0.19874263457, 0.20014805523, 1.8807790943e-05, 0.00065824202114, 0.00018778171372, 0.0025311098887, 0.39966760625],
      [0.0010642561858, 0.18135110659, 0.18043795709, 0.0011574367297, 0.18096360097, 0.090048379729, 0.00092252802262, 0.0013625932377, 0.27268753921, 0.090004602244],
      [0.00018068494313, 0.13475621584, 0.057375697791, 0.11540671683, 0.19214479399, 0.019952280108, 0.037826564629, 0.11579542318, 0.057897725647, 0.26866389704],
      [2.0006454577e-05, 0.12305430221, 0.0005885316284, 0.0014754197402, 0.24774849401, 0.00088112999372, 0.00044584665799, 0.24874547345, 0.25224506935, 0.12479572649],
      [0.0003300425908, 0.10075279544, 0.099674946295, 0.1007456523, 0.49929930116, 0.00040052941221, 0.00032985306663, 0.098642029004, 0.099014414169, 0.0008104365525],
      [0.070715653209, 0.14300806086, 0.073508355727, 0.14093899051, 0.0030107044447, 0.28291434888, 0.00090816550134, 0.070451891611, 0.2120710778, 0.0024727514579]
    ],
    [
      [0.1964277099, 0.0081097269256, 0.036903565188, 0.30983672222, 0.022979862233, 0.014629084565, 0.040517768549, 0.040115674132, 0.28802834082, 0.04245154546],
      [0.03273249586, 0.20866267852, 0.037076922946, 0.024980325799, 0.13681969367, 0.048785174408, 0.027932048336, 0.20327158727, 0.056207652756, 0.22353142044],
      [0.028920837521, 0.19546353949, 0.078428368041, 0.12994353619, 0.13578144372, 0.084252606658, 0.021790828662, 0.11556736718, 0.047880346167, 0.16197112637],
      [0.031963670228, 0.088933669626, 0.069250849846, 0.37892320028, 0.30022816613, 0.022557347349, 0.0095430903402, 0.015015756781, 0.066959700026, 0.016624549396],
      [0.21946205889, 0.079264422204, 0.22344870061, 0.16652029372, 0.14932255353, 0.020512784285, 0.0037275608365, 0.058816322631, 0.01653417285, 0.062391130448],
      [0.015045290831, 0.21615792533, 0.020563534707, 0.15765630714, 0.040259296823, 0.25969601056, 0.0084060329603, 0.1396727982, 0.090890397166, 0.051652406287]
    ],
    [
      [0.29418736544, 0.0081670497651, 0.027851573387, 0.1203732057, 0.033497047943, 0.0051710484395, 0.14780320663, 0.00031420882469, 0.0071568667096, 0.35547842716],
      [0.10387497881, 0.21100815767, 0.07204081449, 0.13740084868, 0.29431421007, 0.023059289444, 0.067901945852, 4.0608789978e-05, 0.081556400665, 0.0088027455314],
      [0.0021629169079, 0.26519060445, 0.14274332051, 0.16293426723, 0.13384728115, 0.14000248599, 0.00032237848159, 0.017162935319, 0.0093596501666, 0.1262741598],
      [0.038560747163, 0.12550010098, 0.12431874903, 0.32993764199, 0.2083096363, 0.0015143861837, 0.03098766544, 0.014247015792, 0.064680222425, 0.061943834697],
      [0.14999777619, 0.016246968925, 0.5830864437, 0.061052929663, 0.14452127053, 0.010110826556, 0.010747804153, 0.00059869039459, 0.000677516456, 0.022959773432],
      [0.0035386082179, 0.15041610627, 0.062127391275, 0.0040058787612, 0.29218250932, 0.42337729672, 0.010999965311, 0.0029744493969, 0.0021657910775, 0.04821200366]
    ],
    [
      [0.019447992299, 0.0051979604116, 0.1602832121, 0.062830621147, 0.18052888471, 0.11171362101, 0.17622599664, 0.11725775732, 0.092192342631, 0.074321611723],
      [0.1808710824, 0.2531579051, 0.031219456703, 0.029080106005, 0.22414146867, 0.069201763214, 0.021143968891, 0.001483397479, 0.077675079547, 0.11202577199],
      [0.02824276067, 0.39870435368, 0.115320077, 0.15376882277, 0.14052994165, 0.0022440554093, 0.0084561444253, 0.0047697411972, 0.065590924955, 0.082373178238],
      [0.10021677782, 0.079496722637, 0.15265022528, 0.21425815993, 0.32299575469, 0.0005400357836, 0.055820918397, 0.0024628534532, 0.040855373901, 0.030703178122],
      [0.099839219858, 0.071543110098, 0.090130893932, 0.21375370292, 0.35528618722, 0.0039943565426, 0.10797624152, 0.026005226636, 0.015396082019, 0.016074979257],
      [0.023223891451, 0.19612240332, 0.11107416311, 0.16385414626, 0.065919789411, 0.081562503107, 0.071044884555, 0.00017999389188, 0.075017017345, 0.21200120755]
    ],
    [
      [0.13391927063, 0.0025860878515, 0.090922509488, 0.1941491362, 0.17905978579, 0.0035204948823, 0.10934733885, 0.0066367929541, 0.070213956809, 0.20964462654],
      [0.075551759097, 0.10827798676, 0.20497359909, 0.079821016332, 0.1333071664, 0.010096213618, 0.13623633278, 0.082290641784, 0.11569303498, 0.053752249156],
      [0.069795344909, 0.15323555826, 0.20853427875, 0.20110746736, 0.096212570146, 0.046661351782, 0.04638510547, 0.060889868532, 0.0083971821793, 0.10878127262],
      [0.078059231041, 0.026748420773, 0.14371646024, 0.33392574007, 0.2156978933, 0.00035868114865, 0.053439937572, 0.035618688408, 0.055726568409, 0.056708379047],
      [0.061455154797, 0.016268397637, 0.096527191288, 0.25504534636, 0.34587532277, 0.00095797261342, 0.10389083019, 0.043963191016, 0.03866052439, 0.037356068939],
      [0.090148812443, 0.16009644448, 0.052136897403, 0.35162420273, 0.067563779512, 0.063356886989, 0.12406771836, 0.043321463914, 0.0086237011072, 0.039060093063]
    ],
    [
      [0.0300660939, 0.081642559315, 0.094785799454, 0.1444649242, 0.12121885997, 0.0014697170185, 0.083391069151, 0.011790157955, 0.25933644262, 0.17183437642],
      [0.28721265381, 0.29051299227, 0.21308839241, 0.0090550386797, 0.021497909515, 0.025962010382, 0.0056627550155, 0.0029394151803, 0.05896715413, 0.085101678605],
      [0.022955164923, 0.17204083185, 0.11688310905, 0.17163832833, 0.1275900644, 0.0029359438088, 0.026258527, 0.059834283968, 0.11032244501, 0.18954130166],
      [0.077668590746, 0.077669991939, 0.20543023406, 0.2790773676, 0.17530945664, 0.00061147656294, 0.025479540705, 0.047828361995, 0.06523555558, 0.045689424175],
      [0.14783659719, 0.03127691481, 0.37090520468, 0.17878818351, 0.038771756687, 0.13003090884, 0.0022069282701, 0.023437243987, 0.015353606613, 0.061392655413],
      [0.027572375659, 0.15216382429, 0.36456090737, 0.19691701742, 0.019365736758, 0.038870511595, 0.0057781695783, 0.019555949722, 0.019038460277, 0.15617704733]
    ],
    [
      [0.20734410157, 0.0022354209453, 0.12856460783, 0.14332423144, 0.072949419483, 0.015287140009, 0.2394650455, 0.047844368532, 0.11035209932, 0.032633565369],
      [0.18200675039, 0.20929612113, 0.21630584548, 0.0091293306285, 0.25194654577, 0.0067431642294, 0.035323045938, 0.0021542972212, 0.034605750818, 0.052489148392],
      [0.0030048286649, 0.37845388922, 0.026753507892, 0.27278761435, 0.14835620517, 0.12659560814, 0.0055471774138, 0.0049361869631, 0.0080786484875, 0.025486333701],
      [0.048667604997, 0.021961662898, 0.15678724015, 0.33218920435, 0.29107283146, 0.00022739654574, 0.02013588544, 0.027972337339, 0.078845188748, 0.022140648066],
      [0.050266057063, 0.03299581317, 0.12562167373, 0.1575578552, 0.20613565174, 0.079542398503, 0.0050543067623, 0.011190598535, 0.080527438883, 0.25110820641],
      [0.025823250381, 0.088386844485, 0.20917459722, 0.0413966646, 0.10657692944, 0.13882368229, 0.089937425206, 0.081219327347, 0.029080303586, 0.18958097545]
    ],
    [
      [0.0051931027571, 0.0030166595227, 0.20852213744, 0.25710731371, 0.065356706344, 0.0017059612294, 0.4196722174, 0.00033767793766, 0.0015020826104, 0.037586141046],
      [0.0017277647062, 0.33586524181, 0.23698806027, 0.10567875759, 0.029947567337, 0.012108035962, 0.028918794796, 0.00022933491036, 0.12702261008, 0.12151383253],
      [0.15358653156, 0.063911918707, 0.034818371662, 0.20397258881, 0.17417423171, 0.02286284248, 0.012296714119, 0.001968993833, 0.013724438251, 0.31868336887],
      [0.033257106699, 0.019886334384, 0.20265908672, 0.33699733515, 0.19695015797, 0.017315170545, 0.084590595897, 0.016137436626, 0.049064356102, 0.043142419896],
      [0.013451949638, 0.1210597414, 0.14189758694, 0.096778216554, 0.40019629614, 0.011693732316, 0.076920532543, 0.00017462408137, 0.058769882241, 0.079057438147],
      [0.0072939390933, 0.10301891454, 0.032283805701, 0.018685206335, 0.2365694699, 0.32854595554, 0.095030471256, 0.0044139616709, 0.021879781124, 0.15227849483]
    ],
    [
      [0.022916041908, 0.0017519297179, 0.12624141937, 0.16063587237, 0.10420630536, 0.00057360101136, 0.20130797427, 0.0055436067983, 0.043779434189, 0.333043815],
      [0.25410873401, 0.3334262308, 0.1732423784, 0.030297097371, 0.0073820898398, 0.11896772764, 0.014877473675, 0.035403980489, 0.022575784699, 0.0097185030804],
      [0.098519477362, 0.18729594222, 0.10031576431, 0.24816057347, 0.12515465646, 0.00025625394423, 0.095391220232, 0.072685593299, 0.039326416798, 0.032894101903],
      [0.061406560813, 0.042632932387, 0.16179705551, 0.22341786148, 0.27980584574, 0.00012001717125, 0.036813719788, 0.017567288804, 0.10464588783, 0.07179283048],
      [0.15494167742, 0.14416358476, 0.10646531633, 0.022678568506, 0.2078212495, 0.0044735763759, 0.0072344624568, 0.0025873696598, 0.14319539077, 0.20643880421],
      [0.088590923963, 0.16998590261, 0.084277201623, 0.083967165734, 0.16877145572, 0.020648254691, 0.040016696975, 0.084588264167, 0.12286892743, 0.13628520708]
    ],
    [
      [0.025508947154, 0.0010918312183, 0.015426947212, 0.30478087314, 0.17776056775, 0.0069059274581, 0.1549457774, 0.0017320481755, 0.0057466911526, 0.30610038934],
      [0.16235355222, 0.311201078, 0.017420418071, 0.0075336203613, 0.019384337111, 0.1562150325, 0.0034082597295, 0.0034294112732, 0.31281203066, 0.0062422600693],
      [0.0051766209504, 0.13182206682, 0.11966924987, 0.24226053035, 0.12803472151, 0.012126506869, 0.0060528581238, 0.0029993748291, 0.22709630123, 0.12476176944],
      [0.074484183552, 0.046249934257, 0.14496522968, 0.28089196921, 0.24776999703, 0.027259649767, 0.028917638995, 0.042878124158, 0.063029027888, 0.043554245472],
      [0.26671996267, 0.011935849108, 0.13530433253, 0.15045074969, 0.40911851002, 0.0060603533503, 0.001448756359, 0.0035013073656, 0.0013759644501, 0.01408421446],
      [0.17988956319, 0.36862390738, 0.0081591726994, 0.0068439284504, 0.016132686146, 0.20563670554, 0.0049824332243, 0.00096293007269, 0.19525432235, 0.013514350943]
    ],
    [
      [0.085285831487, 0.062622983887, 0.024031744938, 0.26333716858, 0.09011850019, 0.074352903537, 0.031687582256, 0.14604025596, 0.0098397730095, 0.21268325616],
      [0.11012087198, 0.060389143553, 0.10565286529, 0.010386243266, 0.27996333298, 0.01680051926, 0.014176537326, 0.0006501150531, 0.092576584711, 0.30928378658],
      [0.034520029987, 0.0025609144977, 0.17171156647, 0.49937336954, 0.051602326116, 0.00031176356675, 0.00018943076802, 0.028598879095, 2.6968619869e-05, 0.21110475134],
      [0.1316631612, 0.078608182342, 0.090899726391, 0.2197966073, 0.19911416621, 0.038811171277, 0.041668357514, 0.086193994187, 0.046942654925, 0.066301978668],
      [0.064380568529, 0.050391096309, 0.066149921426, 0.19908722954, 0.36066581223, 0.092619569419, 0.042141192444, 0.075723273114, 0.00015786639405, 0.048683470597],
      [0.025868592955, 0.086239647086, 0.019096274171, 0.00088813774836, 0.17214162662, 0.41755922504, 0.081455985047, 0.096217989288, 0.00463327034, 0.095899251698]
    ],
    [
      [5.4208640386e-05, 0.0005097187065, 0.00053542203621, 0.00025939796144, 0.49868160071, 0.00010202842952, 0.00042422825932, 0.16601601482, 0.00021426455806, 0.33320311588],
      [0.076840133427, 0.15389682069, 0.15373406124, 0.07694190659, 0.38400597953, 0.0001370457745, 3.3347946022e-05, 3.7163104627e-06, 0.077075255792, 0.077331732697],
      [8.0183914786e-05, 0.11111937878, 0.22208960355, 0.22160355886, 0.22245640402, 0.11109927891, 3.7694469165e-05, 0.00029100952071, 5.8108162797e-05, 0.1111647798],
      [5.3905493215e-05, 0.00073385865928, 0.12466414634, 0.1251109955, 0.3749035255, 5.1303216136e-05, 0.12455680186, 4.1254303149e-05, 0.12492754475, 0.12495666437],
      [0.071411488745, 0.10690925646, 0.12501036612, 0.19636038579, 0.30394510642, 0.053580966604, 0.0178590736, 1.3880533388e-05, 0.017794619714, 0.10711485601],
      [6.9593085258e-05, 0.1254274223, 0.00019307076916, 0.00083715355875, 0.24919635778, 0.24959602108, 1.4915049712e-05, 1.6146131853e-05, 3.6756483715e-05, 0.37461256376]
    ],
    [
      [0.0040123425966, 8.6544218051e-05, 0.00069932039946, 0.23106913982, 0.30657564618, 3.3729908747e-05, 0.15422478545, 0.076676865546, 0.073296201753, 0.15332542414],
      [0.40828247359, 0.2791086375, 0.0067071156836, 0.00043104048816, 0.0071525036057, 0.012893691929, 0.27837197511, 0.0065395736159, 0.00032278109318, 0.00019020738221],
      [0.00017633205754, 0.18537648534, 0.17733354051, 0.27280884997, 0.34708117885, 0.0042888067553, 0.00032085160509, 0.00050320653354, 1.750114109e-05, 0.012093247237],
      [0.11910364921, 0.12465566813, 0.25549958109, 0.25570888282, 0.0061865269725, 9.0547789541e-05, 0.11941639842, 0.1191123049, 9.5109584259e-05, 0.00013133108961],
      [0.04104298071, 0.096070551099, 0.26735928175, 0.17291537693, 0.28965030242, 0.036846411567, 0.03923171452, 0.019169917438, 0.0008438370166, 0.036869626546],
      [9.5376435304e-05, 0.0014510135195, 0.0051789755064, 0.10610176514, 0.33724979618, 0.43837677884, 0.0052849170403, 0.00023936830635, 6.332830188e-06, 0.1060156762]
    ],
    [
