{
  "Z_true": {},
  "V_true": [
    [42, 29, 1082, 255],
    [1702, 842, 341, 104],
    [1743, 6861, 815, 603],
    [597, 303, 17552, 930],
    [360, 720, 858, 980]
  ],
  "p_true": [
    [0.0298, 0.0206, 0.7685, 0.1811],
    [0.5694, 0.2817, 0.1141, 0.0348],
    [0.1739, 0.6846, 0.0813, 0.0602],
    [0.0308, 0.0156, 0.9056, 0.048],
    [0.1234, 0.2467, 0.294, 0.3358]
  ],
  "Z_est": [
    [
      [6.1897, 12.2579, 11.8789, 4.9014, 1.5423, 2.0697, 6.6536, 4.1997, 7.38, 4.6345, 2.243, 5.5938, 10.2389, 4.3729, 9.7253, 5.6817, 5.0058, 7.2304, 5.347, 0.9195, 1.3936, 0, 16.1687, 6.6191, 13.3262, 9.3012, 12.6084, 3.5818, 6.1273, 18.7951, 12.8443, 8.0678, 13.1091, 5.235, 2.0815, 9.1688, 4.3439, 5.8302, 0.4768, 0, 0.2045, 0, 0.2045, 0.0495, 3.7853, 0.9381, 2.652, 26.315, 3.866, 24.1044, 7.0055],
      [0.231, 1.2709, 0.3472, 0.188, 0.0911, 0.1685, 0.3953, 0.3577, 0.4152, 0.3177, 0.1274, 0.1618, 0.5527, 0.2309, 0.4161, 0.2603, 0.1726, 0.3836, 0.2097, 0.021, 0.019, 0, 0.1414, 0.0499, 0.2321, 4.7489, 0.1217, 0.0638, 0.1872, 0.5688, 0.4066, 0.1382, 0.2344, 0.2505, 0.0962, 0.2658, 3.8829, 0.097, 0.0196, 0, 0.0059, 0, 0.3126, 1.086, 0.1306, 0.0049, 0.242, 0.765, 0.1137, 0.6834, 0.1755],
      [18.6215, 33.773, 40.6407, 16.2428, 3.004, 7.0367, 17.0658, 8.4275, 24.6669, 13.5976, 6.9045, 10.0116, 23.5255, 8.381, 21.3932, 17.2452, 13.3713, 21.1381, 15.7755, 1.842, 1.928, 0, 46.759, 26.7205, 40.236, 27.6868, 42.9192, 13.0491, 16.8727, 45.5602, 39.6159, 27.0385, 34.8859, 13.9917, 5.2421, 23.955, 11.2505, 17.26, 0.4311, 0, 0.7171, 0, 0.4104, 1.647, 9.9964, 0.9119, 8.2359, 83.291, 10.8601, 59.6136, 14.1512],
      [1.9578, 3.6981, 4.1332, 1.6678, 0.3626, 0.7251, 1.8853, 1.0152, 2.5379, 1.4502, 0.7251, 1.2327, 2.683, 1.0152, 2.4654, 1.8128, 1.4502, 2.2479, 1.6678, 0.2175, 0.6595, 0, 4.9308, 2.6104, 4.2057, 3.263, 4.3507, 1.3052, 1.8128, 5.0759, 4.1332, 2.7555, 3.7706, 1.5228, 0.5801, 2.6104, 1.5228, 1.8128, 0.0725, 0, 0.0725, 0, 0.0725, 0.2175, 1.0877, 0.145, 0.8701, 8.629, 1.1602, 6.5986, 1.6678]
    ],
    [
      [54.4516, 81.8342, 85.5971, 33.8291, 19.3746, 13.348, 47.8791, 38.903, 48.8957, 41.7156, 18.4566, 42.9435, 57.9099, 60.8549, 112.9285, 45.5763, 50.7555, 67.5642, 47.7422, 10.3347, 14.5727, 3.3131, 75.8978, 26.6961, 86.8751, 62.385, 60.5882, 19.6807, 58.0063, 203.5398, 94.8509, 61.5376, 135.4658, 46.8971, 19.988, 96.2848, 30.7688, 49.3901, 8.4294, 0.8258, 1.4521, 2.9803, 1.447, 1.5975, 30.9323, 1.9819, 22.1526, 220.4195, 40.3738, 246.7382, 103.3615],
      [2.6908, 0.0357, 1.0588, 0.57, 0.2809, 0.5092, 0.0209, 0.017, 0.9795, 0.9677, 0.3878, 0.0187, 0.0252, 4.5273, 1.288, 0.7924, 1.3095, 1.1737, 0.6429, 0.0634, 0.8037, 1.4415, 0.4233, 0.1431, 0.0379, 0.4569, 0.3608, 0.1913, 0.5779, 1.7709, 0.0413, 0.4267, 0.742, 0.0205, 0.0087, 2.5409, 0.2496, 0.3013, 0.0625, 0.5405, 0.1742, 0.0151, 1.5212, 0.0456, 0.0135, 0.0147, 0.7345, 2.3517, 0.3547, 2.0048, 4.3724],
      [2.7874, 0, 10.2432, 0.5317, 0.3145, 0.1077, 0, 0, 0, 3.2294, 1.1319, 0, 0, 2.5503, 2.6669, 0.5499, 2.8809, 7.137, 3.5562, 0.5899, 0.6179, 0.0845, 1.6169, 1.1316, 0, 5.0906, 0, 0.1012, 2.3342, 7.5099, 0, 7.9811, 8.6998, 0, 0, 6.0639, 3.9421, 1.2613, 0.5051, 0.6313, 0.2934, 0, 0.0282, 0.3535, 0, 0, 2.0147, 25.9739, 6.2269, 0, 11.9288],
      [0.0703, 0.1301, 0.1009, 0.0692, 0.0299, 0.035, 0.1, 0.0801, 0.1248, 0.0874, 0.0238, 0.0378, 0.0648, 0.0675, 0.1165, 0.0814, 0.0541, 0.125, 0.0587, 0.012, 0.0057, 0.1608, 0.062, 0.0292, 0.087, 0.0675, 0.051, 0.0268, 0.0817, 0.1794, 0.1077, 0.0545, 0.0925, 0.0824, 0.0033, 0.1104, 0.0395, 0.0473, 0.0031, 0.0024, 0.0803, 0.0046, 0.0036, 0.0034, 0.0542, 0.0034, 0.0982, 0.2549, 0.0446, 0.257, 2.3374]
    ],
    [
      [13.8305, 30.0724, 15.6297, 10.87, 6.6912, 3.85, 39.7766, 30.6099, 16.2641, 10.5684, 5.045, 22.3635, 23.8822, 16.6489, 36.5156, 15.8065, 14.8159, 15.2572, 13.1204, 2.6387, 1.4885, 0.3822, 17.3503, 5.3371, 32.0589, 14.6646, 18.8983, 6.0321, 16.5532, 58.1508, 34.7889, 11.3775, 34.2107, 18.3876, 8.6057, 25.6198, 5.3799, 16.2121, 2.0413, 0.0956, 0.1911, 0.2968, 0.1911, 0.1911, 13.3687, 0.6401, 4.4741, 45.7116, 7.2721, 82.589, 18.1646],
      [179.2379, 254.4964, 269.186, 137.3226, 70.1259, 135.0495, 317.2301, 288.5361, 331.2905, 253, 101.1627, 128.8505, 109.2665, 174.2462, 326.1433, 187.6582, 135.7268, 304.7498, 166.0124, 16.5649, 14.1959, 6.1149, 104.3472, 34.7982, 178.4712, 96.5412, 89.4593, 48.815, 138.5104, 447.5136, 315.3565, 106.307, 182.3509, 197.2534, 76.4714, 208.4415, 62.1438, 73.6437, 15.1141, 8.6157, 3.9624, 3.6536, 4.13, 10.5241, 103.3434, 3.5452, 193.344, 597.7178, 89.5919, 541.6475, 143.9044],
      [3.7817, 17.7469, 20.6165, 1.9439, 0.9662, 8.3478, 19.8668, 28.7838, 10.5617, 4.6254, 2.3615, 7.4105, 5.9755, 2.427, 7.3559, 2.5996, 3.3378, 7.0666, 8.9845, 0.4175, 0.1955, 0.092, 3.1561, 4.6196, 15.6412, 1.4723, 5.9054, 5.3631, 2.036, 6.4557, 7.9442, 7.6119, 2.7606, 3.9759, 8.3795, 3.0482, 0.9317, 1.1733, 0.207, 0.8637, 0.0575, 0.0575, 0.0191, 0.0878, 3.008, 0.1771, 11.1812, 28.6708, 5.2778, 18.8253, 6.6328],
      [16.1498, 43.6843, 21.5678, 18.8635, 6.2167, 9.7527, 19.1265, 21.0701, 36.8837, 22.8063, 5.4308, 6.3755, 15.8757, 17.6778, 29.9852, 19.9357, 14.1196, 38.9264, 13.8827, 5.3789, 1.1201, 1.4108, 14.1464, 7.2451, 16.8286, 15.3218, 10.737, 6.7897, 19.9005, 42.88, 27.9104, 12.7035, 20.6778, 22.3831, 10.5434, 27.8905, 12.5445, 10.971, 0.6376, 0.425, 0.7889, 0.992, 0.6598, 1.1969, 15.2799, 0.6376, 33.0008, 57.8998, 10.8582, 64.9383, 17.2982]
    ],
    [
      [6.0763, 13.1155, 9.2269, 4.0508, 3.2005, 1.5753, 11.0168, 7.0561, 5.9262, 4.651, 2.1004, 7.2201, 9.47, 6.6764, 19.9433, 5.4761, 6.0542, 7.3515, 5.4011, 2.0956, 1.543, 0.3001, 12.0408, 3.1507, 16.0025, 7.1932, 9.4451, 2.5379, 9.8225, 38.9992, 18.715, 6.6014, 20.3173, 8.2014, 3.1111, 13.2222, 3.3007, 7.1895, 1.3191, 0.075, 0.15, 0.8715, 0.15, 0.15, 8.134, 0.3659, 2.4005, 23.8549, 4.2009, 48.6764, 10.4272],
      [2.6351, 0.8828, 5.1076, 11.5476, 2.8264, 1.4325, 1.0978, 1.7456, 2.3836, 2.6967, 1.8613, 0.4462, 0.382, 8.5863, 8.5896, 12.6249, 2.456, 3.1908, 1.5342, 0.0546, 0.9222, 0.3251, 0.3627, 0.122, 0.6227, 13.6031, 0.3114, 0.1701, 8.0825, 5.7485, 9.7219, 0.3692, 0.6324, 4.1993, 0.2664, 0.7287, 0.2183, 0.26, 0.6605, 0.0677, 0.7983, 0.1459, 0.7037, 0.0975, 0.3595, 0.0128, 0.6741, 6.131, 0.3114, 1.8747, 0.4815],
      [325.2886, 547.4007, 680.6655, 356.0037, 203.973, 157.9922, 499.8854, 326.8389, 542.6396, 295.6524, 143.0383, 158.3338, 381.6197, 278.9427, 505.4671, 303.899, 297.1408, 461.9518, 423.0647, 30.7205, 27.1725, 14.6514, 516.3185, 481.2087, 789.3748, 505.9112, 656.2435, 173.7611, 340.2658, 833.2523, 858.5631, 489.0295, 773.0504, 283.8802, 110.5006, 478.5893, 140.1551, 233.0074, 49.0204, 15.8573, 14.8459, 11.8822, 4.1462, 11.7396, 193.2904, 10.6212, 271.6313, 1787.0141, 254.5513, 1148.6285, 379.7386],
      [0, 0.6011, 0, 0.3979, 0, 0, 0, 0.3593, 4.0506, 0, 0, 0, 0.5283, 1.7947, 0, 0, 2.3489, 0.5059, 0, 0.1293, 0.3623, 0.7235, 0.2779, 0.5187, 0, 3.2925, 0, 0.5309, 3.8293, 0, 0, 0, 0, 2.7192, 0.1219, 7.4599, 2.3259, 0.5432, 0, 0, 0.2058, 0.1004, 0, 0.0128, 0.216, 0, 0.2941, 0, 0.9365, 14.8204, 2.3527]
    ],
    [
      [0.452, 0.72, 0.6674, 0.3487, 0.1912, 0.157, 0.674, 1.2314, 0.534, 0.4306, 0.1551, 4.8791, 0.499, 0.4469, 0.8873, 0.4594, 0.3686, 0.5966, 0.3893, 0.0115, 0.0023, 0.0046, 0.5423, 0.1971, 0.7373, 0.456, 0.46, 0.1674, 0.4908, 1.5152, 0.8009, 0.4157, 0.8972, 1.2789, 0.2137, 0.7043, 0.2067, 0.3782, 0.7334, 0.0037, 0.0023, 0.8513, 0.0073, 0.0119, 2.7797, 0.0739, 0.3209, 1.6989, 0.2872, 1.892, 0.0412],
      [13.2052, 18.3142, 19.3004, 11.3718, 5.6756, 8.8402, 23.2559, 20.3436, 22.9312, 18.018, 6.4608, 9.5228, 8.7736, 12.4093, 22.5629, 22.6642, 8.3351, 21.5021, 11.6008, 0.2962, 0.0592, 0.1185, 7.7254, 2.8868, 14.6361, 8.6499, 6.7468, 3.7597, 12.642, 31.3982, 21.4736, 7.7588, 13.0404, 14.2764, 6.1572, 15.0232, 1.5054, 6.698, 1.1434, 0.7761, 0.0592, 0.1854, 1.3325, 0.2468, 8.1529, 0.4223, 15.0054, 44.0346, 6.6284, 37.7896, 1.0663],
      [13.5207, 9.0794, 17.8341, 13.2778, 8.7422, 4.5156, 32.1819, 10.9497, 13.1318, 16.8953, 2.5638, 15.2441, 10.8793, 5.699, 14.1169, 10.7063, 3.2691, 13.7065, 9.6191, 0.4301, 0.086, 0.1721, 5.1495, 2.3196, 18.7479, 6.839, 5.9318, 3.7255, 11.4914, 23.2219, 10.8768, 6.3389, 9.6034, 10.1522, 8.8778, 7.3437, 1.7206, 7.2981, 1.8364, 2.6477, 0.086, 1.0603, 0.3961, 0.1721, 7.7051, 1.2897, 15.937, 46.0502, 6.0839, 16.9327, 1.5485],
      [40.8221, 65.8864, 57.1981, 41.0017, 19.3909, 21.4872, 68.8882, 49.4753, 70.403, 53.6561, 13.8203, 22.354, 34.8482, 34.4448, 62.4329, 50.1701, 26.0272, 68.1948, 33.3908, 4.2622, 0.8524, 1.7049, 28.5828, 13.5965, 49.8787, 33.0551, 24.8613, 14.3473, 44.3758, 92.8647, 57.8487, 26.4865, 42.4591, 46.2925, 23.7513, 52.9288, 16.5673, 24.6257, 2.2869, 1.5726, 0.8524, 2.903, 2.2641, 1.5693, 31.3622, 2.214, 57.7368, 142.2164, 23.0005, 124.3857, 15.344]
    ]
  ],
  "V_est": [
    [336.2694, 21.3625, 947.9015, 102.4666],
    [2810.3244, 40.1028, 132.6677, 5.9051],
    [844.9823, 7985.6857, 321.0053, 870.3268],
    [420.1528, 131.0665, 18778.4207, 52.36],
    [32.2711, 576.7825, 468.0049, 1840.9415]
  ],
  "p_est": [
    [0.2388, 0.0152, 0.6732, 0.0728],
    [0.9402, 0.0134, 0.0444, 0.002],
    [0.0843, 0.7968, 0.032, 0.0868],
    [0.0217, 0.0068, 0.9689, 0.0027],
    [0.0111, 0.1977, 0.1604, 0.6309]
  ],
  "EI_Z": {},
  "EI_V": 13.2955,
  "MAE_Z": {},
  "MAE_V": 488.1968,
  "MAE_p": 0.1077,
  "runtime": 1.2082
}
