{
  "X": [
    [0, 7, 14, 16],
    [42, 97, 749, 197],
    [19, 28, 302, 29],
    [39, 388, 778, 264],
    [13, 370, 434, 245],
    [19, 445, 487, 243],
    [38, 84, 836, 137],
    [44, 63, 837, 133],
    [20, 113, 639, 119],
    [25, 57, 659, 101],
    [73, 9, 860, 106],
    [46, 43, 795, 133],
    [9, 17, 228, 25],
    [32, 26, 889, 117],
    [10, 6, 232, 39],
    [27, 6, 759, 103],
    [22, 93, 533, 123],
    [30, 131, 550, 133],
    [27, 39, 747, 106],
    [26, 40, 888, 125],
    [35, 118, 662, 179],
    [25, 25, 613, 103],
    [14, 72, 530, 92],
    [6, 51, 245, 59],
    [18, 225, 379, 75],
    [17, 125, 363, 92],
    [12, 156, 447, 116],
    [30, 200, 731, 186],
    [2, 27, 153, 29],
    [39, 195, 813, 194],
    [14, 59, 264, 59],
    [115, 273, 2127, 408],
    [4, 25, 90, 22]
  ],
  "W": [
    [21, 6, 0, 10],
    [808, 111, 30, 136],
    [299, 29, 16, 34],
    [816, 383, 83, 187],
    [457, 371, 82, 152],
    [498, 458, 91, 147],
    [863, 103, 36, 93],
    [872, 79, 26, 100],
    [676, 97, 42, 76],
    [684, 51, 33, 74],
    [875, 48, 28, 97],
    [835, 54, 30, 98],
    [240, 17, 1, 21],
    [910, 38, 23, 93],
    [247, 6, 9, 25],
    [759, 30, 25, 81],
    [558, 109, 26, 78],
    [565, 129, 51, 99],
    [756, 42, 27, 94],
    [927, 36, 33, 83],
    [696, 116, 54, 128],
    [655, 32, 13, 66],
    [543, 84, 18, 63],
    [246, 55, 18, 42],
    [384, 213, 36, 64],
    [362, 142, 41, 52],
    [454, 154, 41, 82],
    [770, 219, 51, 107],
    [150, 29, 10, 22],
    [816, 211, 90, 124],
    [279, 63, 20, 34],
    [2256, 302, 80, 285],
    [81, 26, 7, 27]
  ],
  "method": "mvn_cdf",
  "mvncdf_method": "genz",
  "mvncdf_samples": 5000,
  "mvncdf_error": 1e-06,
  "cond_prob": [
    [
      [0, 0, 0.31714940538, 0.68285059462],
      [0, 0.98159033108, 0.016810917379, 0.0015987515455],
      [0.01504214741, 0.9460422242, 0.032536928239, 0.0063787001479],
      [0, 0.11104580135, 0.72389969827, 0.16505450038]
    ],
    [
      [0.00090603403678, 0.0015989350262, 0.88447031651, 0.11302471443],
      [0.0034331892153, 0.71680571598, 0.027770075739, 0.25199101906],
      [0.24331130783, 0.28289519519, 0.025134469369, 0.44865902761],
      [0.24696692103, 0.056292427713, 0.22434905714, 0.47239159411]
    ],
    [
      [0, 0.00061380204239, 0.96265445566, 0.036731742294],
      [0.0070898276412, 0.75892393461, 0.054028616322, 0.17995762143],
      [0.43932979373, 0.24740301259, 0.041502656222, 0.27176453745],
      [0.34603289114, 0.054389143651, 0.35104251128, 0.24853545393]
    ],
    [
      [0, 0.0022169563148, 0.8878383446, 0.10994469908],
      [0, 0.84138129771, 0.016938413756, 0.14168028853],
      [0.12582608164, 0.48580605109, 0.021824849889, 0.36654301739],
      [0.15270820975, 0.12631029082, 0.2418451112, 0.47913638822]
    ],
    [
      [0, 0.0025148837932, 0.85280644589, 0.14467867032],
      [0, 0.82648796301, 0.014560670619, 0.15895136638],
      [0.078119161401, 0.48548092947, 0.018452185871, 0.41794772326],
      [0.043383083981, 0.14746202378, 0.24573925123, 0.56341564101]
    ],
    [
      [0, 0.0021225355537, 0.88034225749, 0.11753520696],
      [0, 0.82870517997, 0.016965573177, 0.15432924685],
      [0.093162256191, 0.4836842848, 0.022516464952, 0.40063699405],
      [0.0715798278, 0.13864445545, 0.26374370711, 0.52603200964]
    ],
    [
      [0, 0.00037685834824, 0.92793638974, 0.071686751911],
      [0.0014219295392, 0.69063342441, 0.05252738892, 0.25541725713],
      [0.31948313895, 0.24023349415, 0.039028662234, 0.40125470466],
      [0.28335643285, 0.041840029477, 0.30511336295, 0.36969017472]
    ],
    [
      [0, 0.0001835558154, 0.92272178159, 0.077094662599],
      [0.007127437628, 0.68074197695, 0.047332997162, 0.26479758826],
      [0.39426221541, 0.20719749313, 0.033204792098, 0.36533549937],
      [0.33186114827, 0.036741883287, 0.27783975087, 0.35355721757]
    ],
    [
      [0.00016815954919, 0.0017389654219, 0.9094946921, 0.088598182925],
      [0.0014194139683, 0.84937582064, 0.019648309035, 0.12955645636],
      [0.14671132924, 0.49013551802, 0.025990548457, 0.33716260428],
      [0.17877322581, 0.11643832916, 0.2787381464, 0.42605029863]
    ],
    [
      [0.00054198882098, 0.0009836596695, 0.92529555569, 0.073178795815],
      [0.0028108817519, 0.77776851638, 0.034330329839, 0.18509027203],
      [0.23071060246, 0.35251249539, 0.035907757767, 0.38086914438],
      [0.22800641616, 0.067946893283, 0.31300050104, 0.39104618952]
    ],
    [
      [0, 0, 0.93994783348, 0.060052166516],
      [0.044547456547, 0.16843815629, 0.14510329482, 0.64191109234],
      [0.74571946075, 0.032677446365, 0.023763938924, 0.19783915396],
      [0.5152739916, 0, 0.30840512639, 0.17632088201]
    ],
    [
      [0, 0, 0.91695826099, 0.083041739012],
      [0.008036435397, 0.64767205831, 0.04877952679, 0.2955119795],
      [0.41040717393, 0.1815123216, 0.031595855781, 0.37648464868],
      [0.33932466603, 0.026329991869, 0.26283553015, 0.37150981196]
    ],
    [
      [0, 0.0014262961934, 0.92748834354, 0.071085360269],
      [0.0047898683638, 0.85293758571, 0.022723613473, 0.11954893246],
      [0.40292732048, 0.34049766699, 0.022632015109, 0.23394299742],
      [0.40550690083, 0.086535823313, 0.2378030527, 0.27015422316]
    ],
    [
      [0.000243994897, 0, 0.93588379055, 0.06387221455],
      [0.0060787451588, 0.57044619195, 0.074487512779, 0.34898755011],
      [0.32221592631, 0.16546015623, 0.050142047092, 0.46218187037],
      [0.25952694648, 0.005564097984, 0.35873073149, 0.37617822405]
    ],
    [
      [0.00032151677647, 0, 0.90959755835, 0.090080924875],
      [0.0053598102315, 0.63079257149, 0.046904624724, 0.31694299355],
      [0.31846129832, 0.18727205122, 0.034542178481, 0.45972447198],
      [0.2808909924, 0.021191844402, 0.26948382933, 0.42843333387]
    ],
    [
      [0.00016462341245, 0, 0.94379991311, 0.056035463474],
      [0.082179141703, 0.13460793003, 0.2602325713, 0.52298035696],
      [0.29945706684, 0.078470483962, 0.069518829715, 0.55255361949],
      [0.20892901121, 0, 0.40877676624, 0.38229422255]
    ],
    [
      [0.00074992809236, 0.0010437707492, 0.90722800487, 0.090978296288],
      [0.0027167039378, 0.73106252357, 0.033882160529, 0.23233861197],
      [0.20854509282, 0.31133790932, 0.03313385279, 0.44698314507],
      [0.20337496131, 0.05944840014, 0.28477099503, 0.45240564353]
    ],
    [
      [0.00048401896741, 0.0010187189944, 0.91314546356, 0.085351798476],
      [0.0021477208193, 0.79438196157, 0.027810949791, 0.17565936782],
      [0.18901358264, 0.39077034836, 0.031299556914, 0.38891651209],
      [0.20009879377, 0.081008716761, 0.29180730466, 0.42708518481]
    ],
    [
      [0.00082603054388, 0, 0.93772307087, 0.061450898591],
      [0.0036445307663, 0.67643598976, 0.057359505688, 0.26255997379],
      [0.24812964445, 0.25379211545, 0.049776891535, 0.44830134857],
      [0.20769095975, 0.039758524607, 0.36519450123, 0.38735601442]
    ],
    [
      [0.00058582725801, 0.00048468707067, 0.92544855396, 0.073480931713],
      [0.0032029760531, 0.71587595024, 0.043939915451, 0.23698115825],
      [0.23450033044, 0.28907224001, 0.041031328102, 0.43539610145],
      [0.21208578421, 0.051081650079, 0.32738939394, 0.40944317177]
    ],
    [
      [0.00043126228683, 0.0014618021059, 0.89652537965, 0.10158155596],
      [0.0022030310981, 0.76309788722, 0.026579896706, 0.20811918498],
      [0.18271961137, 0.35420939122, 0.028228425156, 0.43484257225],
      [0.19201117833, 0.072936903834, 0.26102134992, 0.47403056792]
    ],
    [
      [0, 0, 0.90705023463, 0.092949765366],
      [0.006237746441, 0.63872559359, 0.045022848672, 0.3100138113],
      [0.34780571125, 0.19165809485, 0.031658957803, 0.4288772361],
      [0.30725633133, 0.031351905637, 0.25802725311, 0.40336450992]
    ],
    [
      [0.00012140320476, 0.00087272988793, 0.92754436913, 0.071461497774],
      [0.0022375331694, 0.73648190287, 0.041866152444, 0.21941441151],
      [0.18139410032, 0.3298738413, 0.043206693195, 0.44552536518],
      [0.16636557885, 0.059109502954, 0.34998302028, 0.42454189791]
    ],
    [
      [0, 0.00086029634624, 0.92352999563, 0.075609708028],
      [0, 0.74845724828, 0.03768624103, 0.21385651069],
      [0.12244867614, 0.36403938998, 0.042432498982, 0.4710794349],
      [0.090379138799, 0.073107367231, 0.35654982947, 0.4799636645]
    ],
    [
      [0.0017128202893, 0.014869174984, 0.92555117439, 0.057866830341],
      [0.0012302803823, 0.88893082607, 0.01730127631, 0.092537617238],
      [0.14061020645, 0.5684173146, 0.025256204199, 0.26571627475],
      [0.18778531024, 0.14820230512, 0.2967805286, 0.36723185604]
    ],
    [
      [0.00033382023959, 0.00079047181169, 0.93099658912, 0.067879118832],
      [0.0022279207851, 0.75417803053, 0.040651599771, 0.20294244891],
      [0.18516241633, 0.34892666361, 0.043051187149, 0.4228597329],
      [0.17252179331, 0.063741839623, 0.35464632498, 0.40909004209]
    ],
    [
      [0, 0.001512426482, 0.91496368469, 0.083523888826],
      [0, 0.82428168338, 0.024231354888, 0.15148696173],
      [0.10819774912, 0.47239247779, 0.031734779151, 0.38767499394],
      [0.092242588857, 0.10982789692, 0.32406990917, 0.47385960506]
    ],
    [
      [0.00026648224536, 0.0012097291913, 0.90218848488, 0.096335303685],
      [0.0020502358171, 0.78176519358, 0.026139934414, 0.19004463619],
      [0.17751590191, 0.37945324228, 0.028953207187, 0.41407764863],
      [0.18964949561, 0.079530988522, 0.27208978916, 0.45872972671]
    ],
    [
      [0, 0.00064989249408, 0.941998615, 0.057351492507],
      [0, 0.74574311826, 0.04798044963, 0.20627643211],
      [0.10318086235, 0.36925744259, 0.055949996068, 0.47161169899],
      [0.044008698931, 0.071972330475, 0.44314885228, 0.44087011831]
    ],
    [
      [0, 0.0011304333095, 0.92805787978, 0.070811686906],
      [0.0022632723114, 0.74141008353, 0.041480962505, 0.21484568165],
      [0.18816702167, 0.33443603317, 0.042667847663, 0.4347290975],
      [0.17409207736, 0.06081286943, 0.34767887676, 0.41741617646]
    ],
    [
      [0.00069074948732, 0.00077456106858, 0.90659233895, 0.091942350493],
      [0.0029804818193, 0.78365991535, 0.02699946351, 0.18636013932],
      [0.24432613683, 0.34928665951, 0.027875693966, 0.37851150969],
      [0.25685258241, 0.071399694258, 0.25888992212, 0.41285780122]
    ],
    [
      [0, 0.0011274494838, 0.90696961212, 0.091902938399],
      [0, 0.75925571356, 0.030284545869, 0.21045974057],
      [0.31840098798, 0.29562936216, 0.026861035381, 0.35910861448],
      [0.31413305601, 0.061441752619, 0.24414645397, 0.3802787374]
    ],
    [
      [0, 0.00071257830124, 0.94787405659, 0.051413365108],
      [0.0014413798418, 0.78007726402, 0.04484288961, 0.17363846653],
      [0.13697214188, 0.39658485996, 0.054026900035, 0.41241609813],
      [0.1112488567, 0.069784380497, 0.43252214763, 0.38644461517]
    ]
  ],
  "expected_outcome": [
    [
      [0, 0.73207550172, 0, 0, 0, 0, 0, 0, 0.11367585525, 0.37072035355, 0, 0, 0, 0.22203535627, 0.079414643788, 0.12494917005, 0.41845987554, 0.27347071659, 0.62447909117, 0.54306186818, 0.30015855163, 0, 0.065921940182, 0, 0.65772299107, 0.12084292673, 0, 0.20519132893, 0, 0, 0.19271910696, 0, 0],
      [0, 1.2919395012, 0.18352681068, 1.8090363529, 1.1493018935, 1.0570227057, 0.32522875453, 0.16006067102, 1.1755406252, 0.67282321394, 0, 0, 0.34231108642, 0, 0, 0, 0.58242407807, 0.57557623186, 0, 0.44930491451, 1.0174142657, 0, 0.47389232915, 0.21163290118, 5.7097631938, 0.28615079583, 0.68664162281, 0.93149147728, 0.097483874112, 0.92243358057, 0.21610253813, 2.5435260355, 0.0577188424],
      [6.6601375131, 714.6520157405, 287.8336822435, 724.4760891959, 389.7325457725, 438.4104442295, 800.8091043466, 804.6133935423, 614.818411862, 632.902160095, 822.4543542987, 765.6601479253, 222.5972024491, 851.6542494032, 224.670596912, 716.3441340528, 506.2332267177, 515.9271869126, 708.9186415743, 857.8908095191, 623.9816642346, 594.1179036856, 503.6565924394, 227.188378924, 355.4116509642, 337.0207652603, 415.3935128502, 694.6851333563, 141.2997922498, 757.295229904, 252.9392625675, 2046.1234449353, 76.7777985839],
      [14.3398624869, 91.3239692566, 10.9827909458, 89.7148744512, 66.118152334, 58.5325330648, 61.8656668989, 67.2265457866, 59.8923716575, 50.0542963375, 52.5456457013, 69.3398520747, 17.0604864644, 58.1237152406, 22.2499884442, 42.5309167771, 50.7658893287, 48.2237661389, 46.4568793345, 68.1168236982, 70.7007629481, 60.8820963144, 38.8035932913, 18.5999881749, 22.2208628509, 24.5722410171, 37.919845527, 74.1781838375, 8.6027238761, 57.7823365155, 25.6519157874, 207.3330290292, 4.1644825737]
    ],
    [
      [0, 0.3810840029, 0.2056050016, 0, 0, 0, 0.14645874253, 0.56306757261, 0.13768315492, 0.14335496935, 2.1382779143, 0.43396751144, 0.081427762185, 0.23099231603, 0.032158861389, 2.4653742511, 0.29612072922, 0.27705598569, 0.15307029218, 0.11530713791, 0.25555160738, 0.19960788611, 0.18795278623, 0, 0.26204972143, 0.31636475148, 0, 0.44900164395, 0, 0.47755045772, 0.18777035461, 0, 0.037475875887],
      [5.8895419865, 79.5654344742, 22.0087941037, 322.2490370229, 306.627034275, 379.5469724254, 71.1352427146, 53.7786161789, 82.389454602, 39.6661943352, 8.0850315018, 34.9742911487, 14.499938957, 21.6769552942, 3.784755429, 4.038237901, 79.6858150688, 102.4752730423, 28.4103115698, 25.7715342087, 88.5193549176, 20.4392189949, 61.8644798413, 41.1651486555, 189.3422659529, 107.0932803356, 126.9393792404, 171.2065773947, 21.6265504296, 156.4375276245, 49.3705746668, 229.2952254955, 20.2820088645],
      [0.10086550427, 3.082478407, 1.5668298733, 6.4874124685, 5.4020087998, 7.7702325152, 5.4103210587, 3.7393067758, 1.9058859764, 1.7508468218, 6.9649581515, 2.6340944467, 0.38630142903, 2.8305254856, 0.28142774835, 7.806977139, 3.6931554976, 3.587612523, 2.4090992389, 1.5818369562, 3.0832680178, 1.4407311575, 3.5167568053, 2.0727432566, 3.6851718541, 5.7725271675, 3.7316286528, 5.7246456367, 1.3914330393, 8.7524830886, 1.7009662011, 9.1459328523, 1.1659151299],
      [0.0095925092731, 27.9710031159, 5.2187710214, 54.2635505087, 58.9709569251, 70.6827950593, 26.3079774841, 20.9190094727, 12.5669762667, 9.4396038736, 30.8117324325, 15.9576468931, 2.0323318518, 13.2615269042, 1.9016579613, 15.6894107089, 25.3249087044, 22.6600584489, 11.0275188991, 8.5313216972, 24.1418254572, 9.9204419615, 18.4308105672, 11.7621080878, 19.7105124716, 28.8178277454, 23.3289921068, 41.6197753247, 5.9820165312, 45.3324388292, 11.7406887774, 63.5588416522, 4.5146001298]
    ],
    [
      [0, 7.299339235, 7.0292766997, 10.443564776, 6.4057712349, 8.4777653134, 11.5013930022, 10.2508176005, 6.1618758283, 7.6134498812, 20.880144901, 12.312215218, 0.40292732048, 7.4109663051, 2.8661516849, 7.4864266709, 5.4221724133, 9.6396927146, 6.6995004001, 7.7385109044, 9.8668590142, 4.5214742462, 3.2650938057, 2.2040761705, 5.061967432, 7.5916590697, 4.4361077138, 9.0533109973, 1.0318086235, 16.9350319501, 4.8865227366, 25.4720790384, 0.95880499315],
      [0, 8.4868558556, 3.9584482015, 40.3219022402, 39.8094362165, 44.0152699171, 8.6484057895, 5.3871348214, 20.5856917568, 11.6329123479, 0.91496849823, 5.4453696481, 0.34049766699, 3.8055835933, 1.685448461, 1.961762099, 8.0947856423, 19.9292877664, 6.8523871171, 9.5393839203, 19.1273071259, 2.4915552331, 5.9377291434, 6.5527090196, 20.4630233258, 14.3059932082, 19.3680915895, 19.3521153562, 3.6925744259, 30.0992429855, 6.9857331903, 23.6503489726, 2.7760940197],
      [0, 0.75403408108, 0.66404249955, 1.8114625408, 1.5130792414, 2.0489983106, 1.4050318404, 0.86332459455, 1.0916030352, 1.1849560063, 0.66539028987, 0.94787567344, 0.022632015109, 1.1532670831, 0.31087960633, 1.7379707429, 0.86148017255, 1.5962774026, 1.3439760715, 1.3540338274, 1.5243349584, 0.41156645144, 0.7777204775, 0.76378498167, 0.90922335117, 1.7650986731, 1.3011259452, 1.4766135665, 0.55949996068, 3.8401062896, 0.55751387932, 2.1488828305, 0.37818830024],
      [0, 13.4597708283, 4.3482325993, 30.423070443, 34.2717133072, 36.4579664589, 14.4451693679, 9.4987229835, 14.1608293798, 12.5686817646, 5.5394963109, 11.2945394605, 0.23394299742, 10.6301830185, 4.1375202478, 13.8138404871, 11.6215617719, 19.8347421164, 12.1041364113, 14.368071348, 23.4814989015, 5.5754040693, 8.0194565733, 8.4794298283, 9.565785891, 17.337249049, 15.8946747515, 21.11796008, 4.7161169899, 39.1256187747, 7.5702301939, 28.7286891585, 2.8869126869]
    ],
    [
      [0, 33.5875012604, 11.7651182987, 28.556435224, 6.5942287651, 10.5222346866, 26.3521482552, 33.1861148269, 13.5867651616, 16.8724747959, 49.9815771848, 33.2538172706, 8.5156449173, 24.1360060226, 7.0222748099, 16.9232499079, 15.863246982, 19.8097805831, 19.5229502165, 17.6031200895, 24.5774308268, 20.2789178677, 10.4810314678, 3.7959238295, 12.0182598555, 8.9711332521, 7.5638922862, 20.2924960298, 0.96819137649, 21.5874175922, 8.7329878019, 89.5279209616, 3.003719131],
      [1.1104580135, 7.655770169, 1.8492308841, 23.6200243841, 22.414227615, 20.3807349517, 3.8911227413, 3.6741883287, 8.849313016, 5.028070103, 0, 2.5803392032, 1.8172522896, 0.51746111251, 0.52979611005, 0, 4.6369752109, 8.0198629594, 3.7373013131, 4.2397769566, 9.3359236907, 2.0692257721, 3.7238986861, 3.0705094237, 9.4849475276, 3.3145756604, 9.0058875472, 8.5098157718, 1.5833912704, 7.5407958094, 2.4275896048, 17.5108994965, 1.8841782734],
      [7.2389969827, 30.5114717714, 11.9354453836, 45.2250357948, 37.3523661862, 38.7703249447, 28.3755427543, 27.7839750873, 21.1840991265, 23.1620370769, 29.91529726, 25.7578819546, 4.9938641067, 33.3619580281, 6.7370957333, 33.1109180653, 22.2121376121, 28.8889231617, 34.3282831153, 27.1733196973, 33.4107327892, 17.0297987055, 22.0489302779, 14.9750928377, 18.9939538305, 18.441608899, 26.5737325518, 29.1136074405, 9.7492747502, 43.1121807178, 8.8022573521, 69.5817393819, 11.678097986],
      [1.6505450038, 64.2452567991, 8.4502054336, 89.5985045971, 85.6391774337, 77.326705417, 34.3811862491, 35.3557217571, 32.379822696, 28.9374180243, 17.1031255552, 36.4079615716, 5.6732386864, 34.9845748368, 10.7108333467, 30.9658320268, 35.2876401951, 42.2814332958, 36.4114653551, 33.9837832566, 60.6759126933, 26.6220576548, 26.7461395682, 20.158473909, 23.5028387864, 21.2726821885, 38.8564876147, 49.0840807579, 9.6991426028, 51.7596058807, 14.0371652413, 108.3794401601, 10.4340046096]
    ]
  ],
  "prob": [
    [0.0002478428361, 0.0011240588002, 0.91514052424, 0.083487574125],
    [0.0026405590482, 0.77256433262, 0.031522537434, 0.1932725709],
    [0.21445564793, 0.35572367659, 0.032914942259, 0.39690573323],
    [0.21770326493, 0.071189720039, 0.29327929673, 0.41782771831]
  ],
  "iterations": 73,
  "time": 0.043214,
  "message": "Converged",
  "status": 0,
  "miniter": 0,
  "maxiter": 1000,
  "maxtime": 3600,
  "param_threshold": 0.001,
  "ll_threshold": "-Inf",
  "initial_prob": "random",
  "adjust_prob_cond_method": "lp",
  "adjust_prob_cond_every": true,
  "candidates_id": ["SAAFI, Etuate Lui.c", "SIMICH, Clem Rudolph.c", "FIELD, Taito Phillip.c", "Other candidates votes.c"],
  "group_id": ["Labour Party.p", "National Party.p", "New Zealand First Party.p", "Other parties votes.p"]
}
