{
  "Z_true": {},
  "V_true": [
    [557, 20, 326, 291, 27],
    [16, 890, 89, 2114, 94],
    [31, 241, 88, 11187, 216],
    [388, 348, 9544, 3463, 323],
    [62, 77, 166, 964, 495],
    [40, 106, 333, 618, 278]
  ],
  "p_true": [
    [0.4562, 0.0164, 0.267, 0.2383, 0.0221],
    [0.005, 0.2779, 0.0278, 0.66, 0.0293],
    [0.0026, 0.0205, 0.0075, 0.951, 0.0184],
    [0.0276, 0.0247, 0.6785, 0.2462, 0.023],
    [0.0351, 0.0437, 0.0941, 0.5465, 0.2806],
    [0.0291, 0.0771, 0.2422, 0.4495, 0.2022]
  ],
  "Z_est": [
    [
      [0, 0.4051, 8.4601, 0.9479, 0, 0.553, 5.7123, 1, 2.012, 0.4761, 28.8866, 23.4416, 11.7789, 25.3773, 1.5243, 39.2359, 1.5655, 1.9164, 2.4355, 0, 0, 0, 1.5264, 12.2443, 0, 5.3879, 23.3624, 19.1191, 2.6377, 12.1383, 14.9485, 19.0957, 20.2942, 14.3973, 2.9616, 5.8376, 11.894, 2.4647, 0.4993, 2.2915, 4.5604, 0.6567, 1.4362, 4.1965, 9.6577, 19.5572, 6.7834, 0, 8.5667, 23.9079, 124.4179, 21.9267, 37.0991, 9.4224],
      [0.2317, 0.0024, 0.0154, 0, 0.03, 0, 0.014, 0.0247, 0.0007, 0.0002, 0.0248, 0.0313, 0.0347, 0.0332, 0.0036, 0.0582, 0, 0.0018, 0.0095, 0, 0.1738, 0, 0.0013, 0.0328, 0, 0.007, 0.0268, 0.0428, 0.0016, 0.0255, 0.0245, 0.021, 0.0217, 0.0272, 0.0064, 0.0143, 0.0127, 0.0014, 0, 0.0119, 0.0069, 0.0006, 0.0028, 0.0134, 0.0142, 0.0361, 0.0017, 0.003, 0.0139, 0.0292, 0.1792, 0.0396, 0.0749, 0.0223],
      [0.0645, 0.0475, 0.5674, 0, 0.1761, 0.0127, 0.7092, 0.3401, 0.0875, 0.0482, 1.0063, 1.5375, 1.1818, 1.9453, 0.0882, 2.0933, 0.045, 0.1489, 0.4002, 0, 0.0698, 0, 0.1034, 1.6432, 0, 0.5536, 0.7065, 1.3352, 0.0678, 0.9428, 0.9121, 0.5941, 1.3656, 0.7665, 0.1784, 0.7403, 0.465, 0.0671, 0.0247, 0.2446, 0.2252, 0.0561, 0.1979, 0.4955, 0.8658, 2.0108, 0.1926, 0.0397, 0.5842, 1.6204, 10.3677, 1.6416, 1.8994, 0.7784],
      [1.666, 0.5309, 7.811, 0.0279, 0.5287, 0.4141, 6.4567, 1.6096, 0.8997, 0.469, 12.9083, 20.6273, 15.6623, 27.253, 1.3521, 30.1067, 0.379, 2.892, 6.0942, 0, 0.7307, 0, 1.3431, 15.8737, 0, 8.9049, 12.6906, 25.2528, 1.2442, 15.6923, 11.855, 18.0425, 18.9639, 13.4968, 4.8023, 14.3018, 13.4491, 2.4255, 0.4761, 2.3991, 2.147, 1.2655, 1.3156, 4.1799, 9.2893, 16.0686, 3.9862, 0.939, 12.6572, 24.0479, 117.7831, 17.9762, 26.2589, 10.5962],
      [0.0378, 0.0142, 0.1461, 0.0242, 0.2652, 0.0202, 0.1079, 0.0256, 0, 0.0064, 0.174, 0.3623, 0.3424, 0.3912, 0.0318, 0.506, 0.0105, 0.041, 0.0606, 0, 0.0257, 0, 0.0258, 0.206, 0, 0.1466, 0.2138, 0.2501, 0.0487, 0.2012, 0.2599, 0.2467, 0.3546, 0.3122, 0.0513, 0.106, 0.1792, 0.0413, 0, 0.0529, 0.0605, 0.0211, 0.0476, 0.1147, 0.1729, 0.3273, 0.0362, 0.0182, 0.1779, 0.3946, 2.2521, 0.4159, 0.6677, 0.1806]
    ],
    [
      [0, 0.0327, 0.3199, 0, 0, 0.0682, 0.1062, 0, 0.2824, 0.0164, 0.4967, 0.2742, 0.0978, 0.2459, 0.0205, 0.1641, 0.0731, 0.0293, 0.0117, 0.0311, 0, 0, 0.1635, 0.3522, 0, 0.0362, 0.354, 0.1466, 0.0698, 0.1823, 0.2637, 0.2676, 0.1844, 0.1778, 0.1214, 0.0491, 0.2758, 0.0951, 0.1262, 0.0275, 0.0799, 0.031, 0.1112, 0.0474, 0.2171, 0.4723, 0.4799, 0, 0.1564, 0.7453, 2.2007, 0.6615, 1.139, 0.4013],
      [2.1936, 15.2391, 35.318, 0, 0, 1, 16.4703, 3.1833, 2.2954, 0.9537, 28.2977, 22.9341, 19.7824, 21.6876, 3.9482, 14.3285, 3.5835, 2.3432, 10.4443, 1.3295, 1.1529, 2.3418, 9.8055, 72.3094, 1.2342, 3.7293, 27.1261, 19.519, 3.0263, 23.7642, 26.107, 14.1051, 14.0201, 19.5016, 13.7654, 13.0362, 17.7831, 4.1751, 0, 12.2821, 11.6438, 2.4617, 11.0459, 9.2313, 20.3144, 50.808, 20.4167, 20.1774, 15.5176, 60.7979, 203.6256, 71.3148, 185.9935, 61.2444],
      [0.6737, 3.7858, 17.6482, 0, 0, 0.8721, 12.2227, 0.5052, 3.0678, 1.8495, 17.2839, 15.3171, 9.0228, 16.0117, 0.9909, 7.5773, 1.6666, 1.9691, 6.6004, 0.7337, 0.3287, 1.2173, 8.8844, 52.2051, 1.4709, 3.374, 10.7308, 8.656, 1.9928, 12.1523, 13.6917, 6.8397, 10.5999, 8.0339, 5.9479, 9.3982, 9.1517, 2.446, 0.5562, 2.4587, 3.5067, 2.1985, 12.4133, 4.9119, 16.4614, 40.6354, 16.093, 3.2492, 8.9788, 42.2801, 154.935, 41.3134, 50.3634, 27.4091],
      [1.6874, 4.4532, 25.8194, 0, 0, 3.1472, 11.7912, 0.259, 3.3544, 1.8738, 23.9402, 21.8241, 12.7076, 23.8766, 1.5847, 11.5774, 1.3471, 3.9899, 10.6323, 1.0878, 0.341, 1.9669, 12.2572, 53.6359, 0.8278, 5.7191, 20.6322, 17.489, 3.8899, 21.5224, 18.8849, 23.0845, 15.6459, 15.0127, 16.942, 19.6212, 28.2261, 9.3444, 1.3176, 2.5417, 3.5475, 5.2281, 8.5828, 4.3455, 18.7605, 34.5008, 35.9604, 6.5052, 20.7877, 66.8312, 187.5993, 48.108, 74.5095, 39.678],
      [0.4453, 1.4892, 5.8945, 0, 0, 1.9124, 2.4096, 0.0525, 0, 0.3067, 3.9815, 4.6505, 3.3894, 4.1782, 0.4557, 2.3527, 0.3297, 0.6685, 1.3112, 1.8178, 0.1775, 0.474, 2.8895, 8.4974, 0.4672, 1.1413, 4.1569, 2.1895, 2.0212, 3.3788, 5.0528, 3.703, 3.5497, 4.2741, 2.2233, 1.8954, 4.5634, 1.9394, 0, 0.69, 1.2221, 1.0806, 3.8468, 1.4638, 4.2465, 8.5835, 4.05, 2.0681, 3.5594, 13.3456, 43.6394, 13.6023, 22.9946, 8.2671]
    ],
    [
      [0, 0, 0.1311, 0, 0, 0.0042, 0.0286, 0, 0.1385, 0, 0, 0.2049, 0.0099, 0.2243, 0, 0.1972, 0.0221, 0.1117, 0, 0.1986, 0, 0, 0.023, 0, 0, 0, 0, 0.6056, 0.0547, 0.485, 0.1668, 0.2873, 0.3745, 0.3041, 0.3574, 0, 0.8365, 0.0435, 0, 0.0043, 0.0464, 0.0069, 0.0953, 0.0623, 0.1572, 0.3562, 0, 0, 0.362, 0.3823, 2.193, 0.6283, 0, 0.1285],
      [0, 0, 0.0932, 0, 0, 0, 0.071, 0, 0.0028, 0, 0, 0.1146, 0.1376, 0.073, 0, 0.2308, 0, 0, 0, 0.0309, 0, 0, 0, 0.2574, 0.0201, 0, 0, 0.7937, 0.0755, 0.6953, 0.1312, 0.3259, 0, 0.3015, 0.5765, 0, 0.395, 0, 0, 0, 0, 0, 0.1953, 0.1184, 0.0761, 0.4026, 0, 0, 0.2384, 0.0309, 0.8042, 0.55, 0, 0.0585],
      [0, 0, 0, 0, 0.4195, 0.0056, 0.0719, 0.0961, 0.0188, 0, 0.3492, 0.0318, 0.079, 0.1286, 0, 0.0687, 0.0202, 0.0631, 0.1049, 0.0031, 0, 0, 0, 0.3663, 0.0768, 0.1112, 0.0062, 1.3988, 0.0579, 0.612, 0.0101, 1.4311, 0.1032, 0, 0.5261, 0.6007, 1.1513, 0, 0.0791, 0.0631, 0.2942, 0.0688, 0.2135, 0.1828, 0.054, 0.9676, 0.4185, 0, 1.3784, 0.2745, 1.9585, 0.5122, 0, 0.0372],
      [3.8562, 44.0309, 118.2223, 1.7736, 5.8457, 4.6955, 59.2427, 9.6589, 17.8399, 34.0807, 178.7943, 194.1913, 160.1618, 258.6373, 29.8257, 248.8254, 5.7897, 52.4276, 100.4476, 5.928, 3.7716, 9.659, 66.8549, 224.8122, 12.0468, 206.103, 290.0578, 595.2147, 51.1548, 648.4354, 137.8594, 251.168, 342.1936, 226.1277, 180.4352, 124.1377, 501.3841, 293.2086, 8.9209, 20.2213, 58.0291, 24.2312, 55.418, 55.1715, 146.3244, 314.9345, 104.1186, 36.3645, 361.6695, 396.8429, 2553.7698, 485.4395, 935.343, 150.6326],
      [0.1438, 1.9691, 3.5534, 0.2264, 1.7348, 0.2947, 1.5859, 0.245, 0, 0.9193, 3.8565, 5.4574, 5.6117, 5.9368, 1.1743, 6.6779, 0.168, 1.3976, 1.4476, 0.8394, 0.2284, 0.341, 2.1221, 4.5641, 0.8563, 5.7859, 7.9359, 7.9873, 2.6571, 12.7723, 4.8325, 5.7878, 10.3287, 8.2667, 3.1047, 1.2615, 11.2332, 8.7479, 0, 0.7113, 2.6303, 0.6931, 3.0779, 2.465, 4.3883, 10.3391, 1.4629, 1.6355, 8.3517, 10.4694, 78.2744, 17.87, 37.657, 4.1432]
    ],
    [
      [0, 1.0812, 7.7145, 0.0521, 0, 0.3509, 3.0866, 0, 1.8145, 0.4285, 18.8931, 11.3641, 4.7786, 12.9196, 1.1453, 14.7626, 0.1401, 0.5724, 0.1542, 0.7223, 0, 0, 2.5922, 8.2068, 0, 0.9761, 9.4084, 8.3439, 1.664, 6.9596, 7.8064, 9.7693, 8.5033, 6.1549, 1.7999, 1.3153, 4.7582, 1.6219, 0.0915, 2.0758, 3.0517, 1.1157, 0.7295, 1.0609, 6.2748, 16.6128, 7.4815, 0, 9.1113, 18.7444, 65.7002, 10.4149, 29.6001, 5.7624],
      [0.1707, 2.4645, 6.8203, 0, 0.97, 0, 3.9655, 1.795, 0.5168, 0, 8.9054, 7.379, 7.3855, 8.5607, 1.3501, 10.233, 0.0954, 0.2779, 1.689, 0.5824, 0.3133, 0.4476, 0.9616, 12.793, 0.2873, 0.596, 6.1003, 8.7533, 0.5497, 7.1181, 6.1311, 4.2129, 4.7676, 5.3732, 1.7771, 2.733, 2.4344, 0, 0, 4.8047, 2.7959, 0.4454, 0.7604, 1.6471, 4.5229, 14.8751, 1.6009, 2.171, 7.0876, 11.4828, 46.807, 9.0466, 29.3883, 6.8807],
      [6.0698, 54.3479, 195.414, 4, 3.4044, 4.9964, 157.7998, 45.9287, 45.9259, 13.3001, 296.8024, 282.739, 195.5728, 373.6044, 24.7377, 305.9482, 3.8521, 17.2963, 52.6529, 13.2087, 12.3774, 13.5161, 64.6982, 489.3984, 16.0286, 40.679, 128.4457, 219.9989, 21.29, 207.3284, 182.6167, 112.1856, 216.7625, 125.6132, 42.432, 109.4806, 71.6434, 13.2628, 3.7161, 86.2579, 60.4681, 35.2679, 42.1679, 50.9412, 213.1104, 639.2998, 94.6056, 28.2505, 233.1116, 477.6739, 2062.7203, 295.9936, 562.2167, 182.4981],
      [4.2821, 19.8071, 88.6699, 1.1985, 1.6256, 5.4194, 46.4461, 5.8894, 15.7428, 4.1109, 128.3699, 125.1577, 85.6123, 173.1546, 12.0703, 145.2571, 0.8597, 10.5024, 26.1138, 6.4867, 3.7238, 6.4745, 27.5558, 156.0512, 2.3385, 21.0601, 76.4915, 137.92, 12.8368, 113.9681, 78.1334, 115.4763, 99.3211, 72.7747, 37.2307, 70.1153, 68.4003, 15.6068, 2.1925, 27.3433, 18.548, 24.9718, 8.8346, 13.5085, 75.1653, 162.0038, 65.3668, 17.474, 164.9755, 234.5028, 777.3211, 106.935, 259.7013, 82.0006],
      [0.4774, 1.2993, 3.3813, 0.7494, 0, 0.2332, 1.702, 0.3869, 0, 0.1605, 3.0293, 4.3602, 3.6507, 4.7607, 0.6966, 4.7991, 0.0527, 0.351, 0.3901, 0, 0.5856, 0.5618, 1.1922, 2.5507, 0.3456, 0.6889, 2.5541, 1.9838, 0.6595, 2.6258, 3.3125, 3.3559, 3.6456, 3.084, 0.7603, 0.3558, 1.7636, 0.5085, 0, 1.5183, 1.1364, 1.1993, 0.5076, 0.8423, 2.9265, 7.2084, 0.9452, 1.1045, 4.714, 7.596, 28.4513, 4.6099, 12.0936, 2.8583]
    ],
    [
      [0, 0.122, 1.2821, 0, 0, 0.0237, 0.6, 0, 0.3982, 0.0469, 3.0942, 2.9352, 0.943, 1.3879, 0.1567, 2.5251, 0.0541, 0.1605, 0.2274, 0.0098, 0, 0, 0.5508, 0.8425, 0, 0.2835, 2.3629, 2.0976, 0.1634, 1.2873, 1.6266, 1.5108, 2.0706, 0.9298, 0.4342, 0.4238, 1.5457, 0.6801, 0.2831, 0.4148, 0.7797, 0.1427, 0.233, 0.4057, 1.7098, 3.1037, 1.8287, 0, 0.8061, 2.4629, 17.852, 2.4044, 5.9376, 0.4636],
      [0.0075, 0.0316, 0.1043, 0, 0, 0, 0.064, 0, 0.0034, 0.0019, 0.1073, 0.1726, 0.1239, 0.0848, 0.021, 0.1537, 0.0035, 0.0088, 0.0389, 0.001, 0.0064, 0.0061, 0.022, 0.0959, 0.0081, 0.0188, 0.1111, 0.1987, 0.0049, 0.1177, 0.116, 0.0586, 0.1056, 0.0737, 0.0399, 0.0451, 0.0717, 0.0189, 0, 0.0993, 0.0676, 0.0064, 0.0245, 0.0592, 0.1128, 0.2477, 0.034, 0.0355, 0.0569, 0.1395, 1.137, 0.1888, 0.5901, 0.0513],
      [0.172, 1.6646, 9.1461, 0, 0, 0.113, 8.0152, 0, 0.8572, 0.7874, 11.2747, 20.2187, 10.0232, 11.1134, 1.1524, 14.1317, 0.3875, 1.4672, 4.1505, 0.0487, 0.2036, 0.2502, 4.2816, 11.8288, 0.3334, 3.1799, 7.5763, 15.2483, 0.5513, 10.5011, 10.5471, 4.7293, 14.6419, 5.2558, 2.852, 5.6213, 6.3806, 2.134, 0.624, 4.9081, 4.4237, 1.3949, 3.8173, 5.3805, 16.2376, 33.1668, 5.5465, 1.3858, 5.7329, 17.3771, 153.6017, 18.8612, 31.5368, 4.0687],
      [0.345, 1.5628, 10.6127, 0, 0, 0.3238, 6.1499, 0, 0.7411, 0.6311, 12.4106, 22.8682, 11.208, 13.1575, 1.4612, 17.1444, 0.2631, 2.3642, 5.3112, 0.0564, 0.1649, 0.3198, 4.6796, 9.6732, 0.1505, 4.2846, 11.5705, 24.4648, 0.8569, 14.769, 11.5449, 12.7331, 17.1576, 7.798, 6.4849, 9.3806, 15.6514, 6.5012, 1.0929, 4.0697, 3.5775, 2.64, 2.1131, 3.7905, 14.6878, 22.4109, 10.0155, 2.1923, 10.5613, 21.8187, 147.66, 17.4571, 37.0294, 4.6714],
      [0.4755, 2.6189, 11.8548, 0, 0, 1.5395, 6.171, 0, 0, 0.5327, 10.1132, 23.8054, 14.7018, 11.2565, 2.2087, 17.0452, 0.2919, 1.9993, 3.2719, 0.884, 0.6251, 0.4239, 5.4661, 7.5596, 0.5079, 4.2332, 11.3792, 14.9905, 2.4236, 11.3249, 15.1655, 9.9682, 19.0243, 10.9427, 4.189, 4.5292, 12.3506, 6.6658, 0, 5.508, 6.1515, 2.8161, 4.812, 6.3641, 16.252, 27.0709, 5.5754, 3.3864, 8.8428, 21.2019, 166.7493, 24.0886, 55.9061, 4.745]
    ],
    [
      [0, 0.359, 1.0922, 0, 0, 0, 0.4663, 0, 0.3544, 0.0321, 2.6294, 0.78, 0.3918, 0.845, 0.1532, 1.1152, 0.1452, 0.2098, 0.1711, 0.0382, 0, 0, 0.1442, 1.3543, 0, 0.3163, 5.5122, 1.6873, 0.4104, 1.9475, 1.188, 2.0692, 2.5731, 2.0361, 0.3255, 0.3743, 1.6899, 1.0947, 0, 0.186, 0.4819, 0.047, 0.3948, 0.2272, 0.9833, 2.8979, 1.4265, 0, 0.9974, 3.7572, 13.6362, 2.9642, 6.2241, 0.8217],
      [0.3965, 3.2624, 2.6488, 0, 0, 0, 1.4154, 2.997, 0.1809, 0.0442, 2.6648, 1.3685, 1.5358, 1.5606, 0.6772, 1.9959, 0.3175, 0.3683, 0.8183, 0.0561, 0.3537, 0.2045, 0.2096, 4.5116, 0.4504, 0.6488, 7.6358, 4.6924, 0.3421, 5.2792, 2.4903, 2.2764, 4.0849, 4.7229, 0.8346, 1.1714, 2.3031, 0.8046, 0, 1.8021, 1.4858, 0.0859, 0.9711, 0.9306, 1.9596, 6.6304, 0.9468, 1.613, 2.0857, 6.5197, 26.4469, 6.8602, 20.9533, 2.7428],
      [0.0201, 0.1542, 0.2243, 0, 0, 0, 0.1813, 0.1298, 0.0428, 0.0149, 0.2836, 0.1558, 0.1204, 0.1966, 0.0307, 0.1808, 0.0287, 0.0554, 0.091, 0.0059, 0.0206, 0.0164, 0.0325, 0.5581, 0.0902, 0.1024, 0.5345, 0.3628, 0.0402, 0.4633, 0.2223, 0.2203, 0.5269, 0.3306, 0.0637, 0.1588, 0.2081, 0.0902, 0, 0.0677, 0.0821, 0.0138, 0.1901, 0.0882, 0.2707, 0.9196, 0.1439, 0.0748, 0.2141, 0.7741, 3.4168, 0.678, 0.9837, 0.2086],
      [3.1632, 8.6151, 16.8647, 0, 0, 0, 8.9134, 2.5831, 2.4219, 0.8344, 19.5767, 11.3314, 8.648, 14.921, 2.7059, 14.0889, 1.3614, 5.824, 7.4009, 0.4411, 1.2679, 1.5798, 2.3094, 28.9538, 2.6364, 8.9284, 50.5573, 36.6587, 4.0174, 41.6128, 15.7225, 32.4958, 39.7179, 31.7901, 9.1049, 15.4433, 31.889, 17.9135, 0, 3.4248, 4.1509, 1.6635, 6.7359, 4.004, 15.7727, 39.0813, 14.5525, 4.5251, 24.3487, 61.9565, 209.8666, 40.0843, 72.1579, 15.4212],
      [0.4202, 1.6094, 2.17, 0, 0, 0, 1.0236, 0.29, 0, 0.0744, 1.8455, 1.3643, 1.304, 1.4767, 0.433, 1.6192, 0.1472, 0.5425, 0.5186, 0.4588, 0.3578, 0.1993, 0.3044, 2.6223, 0.823, 1.0041, 5.7602, 2.5988, 1.1899, 3.6971, 2.3769, 2.9384, 5.0972, 5.1202, 0.6713, 0.8522, 2.9099, 2.0971, 0, 0.5195, 0.7993, 0.1898, 1.7081, 0.75, 2.0137, 5.4707, 0.9303, 0.7871, 2.3542, 6.9925, 27.6334, 6.4133, 12.681, 1.8058]
    ]
  ],
  "V_est": [
    [599.0176, 1.4066, 42.2557, 568.1436, 10.1766],
    [11.9066, 1248.7101, 712.6836, 1008.8003, 220.8995],
    [9.2323, 6.8003, 14.4146, 11406.331, 326.2219],
    [337.6882, 272.8268, 9253.6585, 4063.1002, 138.7263],
    [69.6041, 4.8979, 508.9034, 570.5849, 610.0097],
    [66.5513, 147.3584, 14.0843, 1020.0401, 126.966]
  ],
  "p_est": [
    [0.4906, 0.0012, 0.0346, 0.4653, 0.0083],
    [0.0037, 0.3899, 0.2225, 0.315, 0.069],
    [0.0008, 0.0006, 0.0012, 0.9697, 0.0277],
    [0.024, 0.0194, 0.6579, 0.2889, 0.0099],
    [0.0395, 0.0028, 0.2885, 0.3235, 0.3458],
    [0.0484, 0.1072, 0.0102, 0.7418, 0.0923]
  ],
  "EI_Z": {},
  "EI_V": 9.8634,
  "MAE_Z": {},
  "MAE_V": 219.5716,
  "MAE_p": 0.0856,
  "runtime": 0.401
}
