{
  "X": [
    [406, 470, 1517, 1992, 757],
    [18, 12, 112, 161, 39],
    [22, 27, 111, 165, 48],
    [12, 19, 111, 159, 44],
    [8, 6, 63, 98, 25],
    [3, 3, 80, 95, 22],
    [2, 10, 107, 138, 43],
    [3, 12, 82, 120, 29],
    [4, 4, 111, 120, 48],
    [6, 11, 100, 113, 34],
    [15, 17, 113, 118, 43],
    [7, 12, 82, 84, 40],
    [52, 41, 107, 147, 44],
    [34, 25, 91, 166, 38],
    [12, 16, 200, 203, 79],
    [6, 3, 108, 97, 35],
    [5, 14, 91, 92, 30],
    [9, 8, 105, 125, 43],
    [14, 40, 69, 117, 42],
    [13, 20, 97, 110, 33],
    [9, 4, 63, 100, 31],
    [73, 29, 78, 96, 40],
    [84, 65, 101, 124, 47],
    [73, 51, 103, 118, 54],
    [76, 31, 91, 107, 54],
    [76, 59, 98, 123, 69],
    [47, 32, 65, 102, 25],
    [8, 16, 135, 139, 71],
    [3, 4, 104, 111, 49],
    [2, 8, 102, 124, 43],
    [7, 8, 121, 165, 41],
    [5, 16, 112, 124, 49],
    [7, 14, 122, 155, 42],
    [11, 9, 78, 93, 30],
    [10, 11, 102, 109, 45],
    [11, 22, 91, 101, 36],
    [10, 17, 82, 127, 44],
    [36, 35, 120, 144, 43],
    [3, 9, 59, 125, 23],
    [5, 9, 91, 127, 29],
    [10, 16, 82, 141, 23],
    [13, 19, 125, 141, 31],
    [12, 32, 112, 176, 50],
    [24, 38, 112, 152, 42],
    [29, 45, 123, 190, 50],
    [27, 30, 73, 112, 30],
    [10, 4, 78, 88, 57],
    [8, 10, 96, 113, 44],
    [16, 22, 99, 131, 40],
    [23, 13, 137, 120, 62],
    [10, 23, 124, 114, 47],
    [16, 17, 52, 109, 49],
    [20, 26, 73, 101, 52],
    [26, 41, 101, 124, 53],
    [26, 33, 84, 141, 63],
    [18, 29, 55, 129, 52],
    [15, 31, 151, 162, 67],
    [7, 21, 62, 90, 36],
    [12, 36, 92, 109, 40],
    [16, 24, 119, 147, 53],
    [5, 9, 89, 73, 35],
    [9, 19, 128, 162, 55],
    [12, 19, 154, 143, 85],
    [16, 51, 84, 92, 36],
    [13, 60, 86, 83, 40],
    [28, 16, 88, 159, 52]
  ],
  "W": [
    [107, 450, 604, 1786, 2191, 4],
    [18, 21, 19, 110, 172, 2],
    [13, 22, 32, 116, 190, 0],
    [8, 15, 22, 129, 171, 0],
    [19, 8, 10, 65, 95, 3],
    [8, 3, 6, 84, 102, 0],
    [12, 3, 18, 120, 147, 0],
    [8, 3, 11, 90, 134, 0],
    [17, 3, 12, 123, 132, 0],
    [15, 9, 13, 107, 119, 1],
    [11, 16, 35, 120, 124, 0],
    [8, 11, 19, 94, 92, 1],
    [9, 49, 46, 123, 163, 1],
    [6, 34, 29, 110, 175, 0],
    [20, 13, 28, 221, 228, 0],
    [10, 9, 7, 123, 100, 0],
    [14, 6, 15, 93, 101, 3],
    [17, 7, 13, 118, 135, 0],
    [7, 18, 54, 79, 124, 0],
    [7, 12, 17, 121, 116, 0],
    [8, 10, 8, 78, 103, 0],
    [8, 75, 28, 95, 110, 0],
    [4, 81, 71, 130, 135, 0],
    [6, 76, 51, 138, 128, 0],
    [11, 80, 41, 112, 115, 0],
    [6, 77, 67, 144, 131, 0],
    [8, 48, 32, 77, 106, 0],
    [36, 12, 20, 145, 156, 0],
    [22, 7, 12, 106, 124, 0],
    [18, 6, 8, 107, 140, 0],
    [7, 8, 17, 132, 177, 1],
    [14, 7, 22, 130, 133, 0],
    [16, 12, 18, 128, 166, 0],
    [10, 16, 10, 89, 96, 0],
    [13, 10, 17, 115, 121, 1],
    [5, 14, 22, 107, 113, 0],
    [19, 12, 25, 91, 133, 0],
    [13, 39, 38, 133, 154, 1],
    [6, 6, 12, 59, 136, 0],
    [6, 4, 14, 100, 137, 0],
    [14, 12, 20, 87, 139, 0],
    [21, 13, 28, 125, 142, 0],
    [20, 13, 37, 118, 194, 0],
    [17, 27, 47, 119, 158, 0],
    [16, 38, 63, 127, 193, 0],
    [6, 32, 40, 78, 116, 0],
    [13, 6, 8, 98, 112, 0],
    [9, 15, 18, 109, 120, 0],
    [7, 16, 32, 113, 139, 1],
    [31, 25, 21, 146, 131, 1],
    [12, 13, 32, 134, 127, 0],
    [4, 18, 38, 61, 122, 0],
    [5, 21, 45, 97, 104, 0],
    [14, 29, 72, 98, 130, 2],
    [25, 27, 43, 109, 143, 0],
    [21, 22, 33, 71, 134, 2],
    [19, 17, 42, 162, 185, 1],
    [4, 6, 31, 75, 99, 1],
    [8, 14, 43, 103, 121, 0],
    [9, 21, 35, 134, 160, 0],
    [14, 6, 18, 94, 79, 0],
    [30, 9, 27, 137, 170, 0],
    [26, 15, 40, 172, 160, 0],
    [9, 16, 72, 96, 86, 0],
    [7, 16, 69, 98, 92, 0],
    [21, 28, 20, 100, 174, 0]
  ],
  "method": "mult",
  "cond_prob": [
    [
      [0, 0.00016614141897, 0.43443850387, 0.17285898266, 0.39253637205],
      [0.9022213254, 0.089355394341, 0, 0.00052522741383, 0.0078980528399],
      [0, 0.69134987062, 0.014072264364, 0.048226674739, 0.24635119027],
      [0, 0.0027308713822, 0.6403338586, 0.14931289882, 0.20762237119],
      [0, 0.0033406590554, 0.14489504026, 0.7642144831, 0.087549817588],
      [0.00010089194987, 6.3319573296e-05, 0.22853193477, 0.768013802, 0.0032900516987]
    ],
    [
      [0, 0, 0.48723431609, 0.19029812537, 0.32246755854],
      [0.85546945606, 0, 0.13577074264, 0.0027363629648, 0.0060234383381],
      [0.0018495485647, 0.63157894737, 0.06682312467, 0.063954606773, 0.23579377262],
      [0, 0, 0.67597975772, 0.1647271712, 0.15929307108],
      [0, 0, 0.14119469386, 0.79449173456, 0.064313571583],
      [0, 0, 0.23284832677, 0.76473270798, 0.0024189652461]
    ],
    [
      [0.00047773869702, 0.00043197346406, 0.46062753383, 0.17598562965, 0.36247712436],
      [0.91009432034, 0.083852669964, 0, 0, 0.0060530096937],
      [0.0034320924023, 0.73021398779, 0.013229357268, 0.044386815786, 0.20873774676],
      [0.0043726801961, 0.0041994666786, 0.66085063017, 0.14481193455, 0.18576528841],
      [0.0071297709989, 0.0068191571679, 0.14699910278, 0.76049275948, 0.07855920957],
      [0.00011246669169, 6.1988910583e-05, 0.2344838519, 0.76241907786, 0.0029226146329]
    ],
    [
      [0, 0, 0.45214177063, 0.1881178166, 0.35974041278],
      [0.8, 0.18223641722, 0.0089478715536, 0.0017447036746, 0.0070710075552],
      [0, 0.73938426099, 0.012485311077, 0.048068665532, 0.2000617624],
      [0, 0, 0.64924509087, 0.16565106443, 0.1851038447],
      [0, 0, 0.13579739296, 0.78972157286, 0.07448103418],
      [8.7062660517e-05, 6.1351032507e-05, 0.22045802253, 0.77661703026, 0.0027765335135]
    ],
    [
      [0, 0, 0.45452511866, 0.21115600947, 0.33431887187],
      [0.93874939712, 0.053726483271, 0, 0.0030225832639, 0.004501536346],
      [0.049000482305, 0.55701881338, 0.095681627555, 0.067119346673, 0.23117973008],
      [0, 0, 0.64307651721, 0.19107539671, 0.16584808608],
      [0, 0, 0.11568474082, 0.8262793352, 0.058035923984],
      [0, 0, 0.2057274913, 0.79207468569, 0.002197823008]
    ],
    [
      [0, 0, 0.51174122206, 0.18905835329, 0.29920042466],
      [0.95808325259, 0.037380538971, 0.00016157860752, 0.00084126741931, 0.0035333624143],
      [0.020958373706, 0.48130973051, 0.20443080587, 0.065377810076, 0.22792327984],
      [0, 0, 0.69937554185, 0.15615889986, 0.14446555829],
      [0, 0, 0.15619073664, 0.78407249924, 0.059736764117],
      [0.00010639346833, 3.531971944e-05, 0.24096297563, 0.75667269257, 0.0022226186134]
    ],
    [
      [0, 0, 0.4528057999, 0.18138211702, 0.36581208309],
      [0.66666666667, 0.063865425009, 0.26143368542, 0.001262762128, 0.0067714607755],
      [0, 0.54491131805, 0.1256830106, 0.061040771432, 0.26836489991],
      [0, 0, 0.65055773649, 0.16193935096, 0.18750291255],
      [0, 0, 0.13913473997, 0.78427326741, 0.076591992625],
      [7.1076782994e-05, 4.1753941931e-05, 0.22740748147, 0.76957409192, 0.0029055958815]
    ],
    [
      [6.6273468122e-05, 0.00084041810148, 0.47210277962, 0.1878568456, 0.33913368321],
      [0.91445462901, 0.081098542857, 0, 0.00058601513826, 0.003860812991],
      [0.0018121688764, 0.80733315543, 0.0097630849891, 0.036040212936, 0.14505137777],
      [0.00085450721193, 0.0099261140134, 0.66370245837, 0.15477722176, 0.17073969864],
      [0.0011885553619, 0.014746015341, 0.1371833028, 0.77738055887, 0.069501567627],
      [0.0001090625644, 8.1968492955e-05, 0.22747118835, 0.76975883664, 0.0025789439564]
    ],
    [
      [0, 0, 0.44383794097, 0.16295412311, 0.39320793591],
      [0.97571104133, 0.019635588488, 0.00027804824681, 0.00044763076124, 0.0039276911765],
      [0.089405573002, 0.32842443621, 0.12193871249, 0.072565637611, 0.38766564069],
      [0, 0, 0.65734865271, 0.13884418989, 0.2038071574],
      [0, 0, 0.1601270608, 0.75211980308, 0.087753136114],
      [0.00014862574346, 2.5714912919e-05, 0.24104631206, 0.75539039064, 0.0033889566494]
    ],
    [
      [0, 0, 0.48458042719, 0.1822208396, 0.33319873321],
      [0.66666666667, 0.13889043899, 0.18541646506, 0.0014877346367, 0.0075386946543],
      [0, 0.74999403613, 0.014833775718, 0.046793949861, 0.18837823829],
      [0, 0, 0.67857288872, 0.15358676511, 0.16784034616],
      [0, 0, 0.15146445707, 0.7769075172, 0.071628025722],
      [0, 6.3579428071e-05, 0.23813683725, 0.75919803156, 0.002601551768]
    ],
    [
      [0, 0, 0.48435943155, 0.17346415677, 0.34217641168],
      [0.9375, 0.050545912919, 0.0041756765219, 0.0018832067195, 0.0058952038401],
      [0, 0.46260758267, 0.17597158498, 0.068887222562, 0.29253360979],
      [0, 0, 0.68137042364, 0.15077750007, 0.16785207629],
      [0, 0, 0.15872402514, 0.77062427556, 0.070651699297],
      [0.00010108500521, 3.5246691652e-05, 0.24729761389, 0.74979701454, 0.0027690398664]
    ],
    [
      [0, 0, 0.42904137498, 0.15444853642, 0.4165100886],
      [0.63636363636, 0.092331024416, 0.25839753392, 0.0010681446858, 0.011839660613],
      [0, 0.57812414376, 0.073568880096, 0.049596789431, 0.29871018671],
      [0, 0, 0.63905219291, 0.13456311358, 0.22638469352],
      [0, 0, 0.1523004706, 0.74358847123, 0.10411105817],
      [0, 0, 0.24493797662, 0.7512510883, 0.0038109350865]
    ],
    [
      [0.0013913606899, 0.00049279994987, 0.47053460556, 0.18603928239, 0.34154195141],
      [0.91143006977, 0.084215152936, 0, 0, 0.0043547772918],
      [0.0095525522707, 0.74908226305, 0.0091844782137, 0.042798988377, 0.18938171809],
      [0.019132611433, 0.0070940090663, 0.65735746068, 0.14596806517, 0.17044785365],
      [0.027818412128, 0.0094390017718, 0.13042549058, 0.76462700406, 0.06769009146],
      [0.00027454725067, 0.00011780230406, 0.22837992432, 0.76861931463, 0.0026084114907]
    ],
    [
      [0.00039067878531, 9.356875128e-05, 0.44342984299, 0.20869967668, 0.34738623279],
      [0.90985652414, 0.082394149894, 0, 0.0031748829696, 0.0045744429999],
      [0.0042448434097, 0.73842345159, 0.0096009903402, 0.054445036725, 0.19328567794],
      [0.0072738316513, 0.0020671341999, 0.62941347566, 0.18542946742, 0.17581609106],
      [0.012224640949, 0.0031792721892, 0.10757434228, 0.81522119107, 0.061800553508],
      [0.00010742016443, 5.7241778688e-05, 0.20021525182, 0.79713866402, 0.0024814222081]
    ],
    [
      [0, 0, 0.46224160552, 0.16065443577, 0.37710395871],
      [0.92307692308, 0.061586033798, 0.0076358525044, 0.00053209619983, 0.007169094421],
      [0, 0.54283505574, 0.11502634058, 0.054634926461, 0.28750367723],
      [0, 0, 0.67389098361, 0.13066909933, 0.19543991707],
      [0, 0, 0.16888270567, 0.7428611629, 0.088256131424],
      [0.00010489171974, 4.3537909654e-05, 0.25164335497, 0.74494598724, 0.0032622281632]
    ],
    [
      [0, 0, 0.48018198012, 0.17294537478, 0.3468726451],
      [0.6653821149, 0, 0.32454952852, 0.0015310603359, 0.0085372962436],
      [0.0016515665618, 0.42857142857, 0.18072455255, 0.071686721315, 0.317365731],
      [0, 0, 0.67726747468, 0.14719319181, 0.17553933351],
      [0, 0, 0.15708263189, 0.76650197067, 0.076415397437],
      [7.3085748265e-05, 2.8453064367e-05, 0.24564772141, 0.75144717456, 0.0028035652207]
    ],
    [
      [0, 0.00091856187081, 0.50362292453, 0.16768291428, 0.32777559932],
      [0.83331818386, 0.16047999506, 0.00036721757314, 6.5348238541e-05, 0.0057692552652],
      [0, 0.77833715291, 0.014415313883, 0.037540029633, 0.16970750357],
      [0, 0.006572686215, 0.703326845, 0.12603713875, 0.16406333004],
      [0, 0.0072965247035, 0.17374739534, 0.7440570217, 0.074899058252],
      [3.0298941922e-05, 0.00033135222632, 0.25765417618, 0.73924452344, 0.0027396492082]
    ],
    [
      [0.00063295626986, 0, 0.45069460332, 0.17571832393, 0.37295411648],
      [0.9500158521, 0.044912154103, 0, 0.00056048981337, 0.004511503984],
      [0.079292565822, 0.59120114779, 0.016307318663, 0.054921449012, 0.25827751871],
      [0.0047899785598, 0, 0.65447604039, 0.14927325291, 0.19146072814],
      [0.0055045033553, 0, 0.14739276915, 0.7680047584, 0.079097969095],
      [0.00014275731102, 4.5314628862e-05, 0.23086134257, 0.76592530476, 0.0030252807324]
    ],
    [
      [0, 0, 0.4238064912, 0.18783645682, 0.38835705198],
      [0.77777777778, 0.13943794533, 0.071455194079, 0.0030507680144, 0.0082783147973],
      [0, 0.69426142563, 0.011230623116, 0.057031076282, 0.23747687497],
      [0, 0, 0.62230855834, 0.17237149696, 0.2053199447],
      [0, 0, 0.12079299444, 0.79784842419, 0.081358581371],
      [8.407714441e-05, 5.4848842042e-05, 0.2098572449, 0.78696389619, 0.0030399329292]
    ],
    [
      [0.00054383578637, 0.001200845185, 0.47103614398, 0.19007270088, 0.33714647418],
      [0.89260231038, 0.10294819775, 0, 0, 0.0044494918662],
      [0.0032208198594, 0.81154979049, 0.0078551705231, 0.035042473166, 0.14233174597],
      [0.0097130431022, 0.021245067241, 0.65055272772, 0.15000763133, 0.16848153061],
      [0.0090942523442, 0.02059669083, 0.1280373193, 0.77519694534, 0.067074792186],
      [0.00012079773279, 8.5394973178e-05, 0.22494679923, 0.77230489597, 0.0025421120927]
    ],
    [
      [0, 0, 0.40191500456, 0.19026442581, 0.40782056964],
      [0.89798327681, 0, 0.091810850537, 0.0031368557601, 0.0070690168904],
      [0.0025209039839, 0.5, 0.10571117682, 0.069238263624, 0.32252965557],
      [0, 0, 0.59879509426, 0.18503698765, 0.21616791809],
      [0, 0, 0.10985305526, 0.81028859116, 0.079858353579],
      [9.6450957381e-05, 3.2674220286e-05, 0.1999293552, 0.79674882359, 0.0031926960373]
    ],
    [
      [0.0014796852996, 0.0006839650681, 0.42867139393, 0.16604095115, 0.40312400455],
      [0.8996932909, 0.094112379804, 0, 0, 0.0061943292966],
      [0.0073296775165, 0.7156728598, 0.010096215272, 0.038432768604, 0.22846847881],
      [0.017679023041, 0.0084736456401, 0.6299693359, 0.13207364959, 0.21180434583],
      [0.032967523098, 0.0099296671267, 0.13128043555, 0.73680507417, 0.089017300051],
      [0.00011496975491, 6.5122360677e-05, 0.23087531627, 0.76551503416, 0.0034295574618]
    ],
    [
      [0.00087587831625, 0.00040456727971, 0.46175033915, 0.18697025054, 0.34999896472],
      [0.90313047181, 0.093509223633, 0, 0, 0.0033603045517],
      [0.017902540942, 0.75711320152, 0.0018094367383, 0.036063411969, 0.18711140883],
      [0.028568828195, 0.013506181536, 0.64143378624, 0.14142010992, 0.1750710941],
      [0.043391853315, 0.014172545994, 0.11583804758, 0.75782964784, 0.068767905273],
      [0.0001202219699, 6.6005924084e-05, 0.22435169068, 0.77276779699, 0.0026942844354]
    ],
    [
      [0.00064905971815, 0.00085934000182, 0.42386696772, 0.17373712764, 0.40088750492],
      [0.88707752198, 0.10646638406, 0, 0, 0.006456093963],
      [0.0075400659919, 0.73932001026, 0.00535634933, 0.035741352744, 0.21204222168],
      [0.024724733616, 0.020144902376, 0.61018246005, 0.13332292992, 0.21162497403],
      [0.013919198179, 0.01889126344, 0.12483160071, 0.75575159308, 0.086606344591],
      [0.00011288430231, 7.0367977582e-05, 0.22195043098, 0.77454408143, 0.0033222353117]
    ],
    [
      [0.00076024642161, 0, 0.40916785517, 0.16417891809, 0.42589298032],
      [0.93140130258, 0.060921204736, 1.8168784721e-05, 0, 0.0076593238942],
      [0.0052502869961, 0.63722691759, 0.014755272541, 0.049964808339, 0.29280271454],
      [0.0060242875056, 0, 0.62138444069, 0.14354076855, 0.22905050325],
      [0.0051265314357, 0, 0.1417189266, 0.75712094506, 0.096033596908],
      [0.00010901975819, 4.9558537637e-05, 0.22508225685, 0.77104698456, 0.0037121802935]
    ],
    [
      [0.00076011557363, 0.00076340846312, 0.3761904288, 0.17043886952, 0.45184717764],
      [0.8977008148, 0.095601956151, 0, 0, 0.0066972290455],
      [0.010633643366, 0.69694091219, 0.001939421072, 0.036844496868, 0.25364152651],
      [0.027613130632, 0.018675766016, 0.56413973382, 0.14044151692, 0.24912985262],
      [0.016669707253, 0.01717341605, 0.10974652325, 0.75790234394, 0.098508009502],
      [0.00011729195355, 6.5014220932e-05, 0.2052258894, 0.79068947734, 0.0039023270873]
    ],
    [
      [0.0014322204094, 0.00096826380821, 0.47443354629, 0.21281203268, 0.31035393681],
      [0.89768103287, 0.099275901343, 0, 7.940587677e-05, 0.0029636599154],
      [0.0079088690756, 0.78317476578, 0.0048650760604, 0.048121594498, 0.15592969459],
      [0.013901834191, 0.0097274068697, 0.64944877617, 0.17529737129, 0.15162461147],
      [0.02430497751, 0.013362337653, 0.10416314557, 0.80430097776, 0.053868561502],
      [0.00010599954955, 6.473189384e-05, 0.20754083051, 0.79014817363, 0.0021402644093]
    ],
    [
      [0, 0, 0.42473982619, 0.15132784443, 0.42393232938],
      [0.66666666667, 0.18685496523, 0.13501594834, 0.00038155972864, 0.011080860035],
      [0, 0.68788702086, 0.014788327343, 0.040710548633, 0.25661410316],
      [0, 0, 0.6411575708, 0.12667372295, 0.23216870625],
      [0, 0, 0.15913820874, 0.73311357746, 0.1077482138],
      [7.8051710477e-05, 6.1731960227e-05, 0.24398762677, 0.75201517827, 0.0038574112853]
    ],
    [
      [0, 0, 0.43959252102, 0.15499869993, 0.40540877905],
      [0.42857142857, 0.069508265889, 0.48424292926, 0.0019177104195, 0.015759665863],
      [0, 0.2927868449, 0.2213990726, 0.071693519903, 0.4141205626],
      [0, 0, 0.64937609868, 0.13557515713, 0.21504874419],
      [0, 0, 0.15684361856, 0.74472028818, 0.098436093262],
      [4.8331719308e-05, 2.4789834962e-05, 0.24932735387, 0.74696702565, 0.0036324989176]
    ],
    [
      [0, 0, 0.44977307052, 0.16569882712, 0.38452810236],
      [0.33333333333, 0.31915154291, 0.33067054037, 0.0019011528547, 0.014943430538],
      [0, 0.76063634282, 0.012177014943, 0.036991799325, 0.19019484291],
      [0, 0, 0.65654971658, 0.14068311181, 0.20276717161],
      [0, 0, 0.15408446925, 0.75469276311, 0.091222767635],
      [3.7464257368e-05, 7.2288887859e-05, 0.24079902637, 0.75583929391, 0.0032519265722]
    ],
    [
      [0, 0, 0.4773254714, 0.18690258398, 0.33577194462],
      [0.87499350338, 0.051191366028, 0.066315314672, 0.0015838247943, 0.0059159911256],
      [0, 0.44649818069, 0.19977837954, 0.071920957951, 0.28180248181],
      [0, 0, 0.66895639296, 0.16434429713, 0.16669930991],
      [0, 0, 0.14236398839, 0.79094247308, 0.066693538524],
      [5.1972961208e-05, 0, 0.23129691482, 0.76609007181, 0.0025610404081]
    ],
    [
      [0, 0, 0.44289423013, 0.17019479506, 0.38691097481],
      [0.71428571429, 0.10170174538, 0.17447607446, 0.0011106580453, 0.0084258078238],
      [0, 0.69491308101, 0.015229541548, 0.047909167652, 0.24194820979],
      [0, 0, 0.64939626173, 0.14668774235, 0.20391599592],
      [0, 0, 0.14903446855, 0.76305330879, 0.087912222658],
      [7.9525236214e-05, 5.5491564989e-05, 0.23360876172, 0.76302637898, 0.0032298425051]
    ],
    [
      [0, 0, 0.48327038273, 0.18583946561, 0.33089015166],
      [0.58333333333, 0.12065298592, 0.28514967189, 0.0021677927425, 0.0086962161129],
      [0, 0.69734245383, 0.048797499048, 0.051975830699, 0.20188421642],
      [0, 0, 0.67295512068, 0.16059744622, 0.1664474331],
      [0, 0, 0.14354980352, 0.78619588535, 0.070254311132],
      [6.2718403287e-05, 5.4631805917e-05, 0.23507444156, 0.76226435873, 0.0025438494953]
    ],
    [
      [0, 0, 0.45457284363, 0.18410678075, 0.36132037562],
      [0.6875, 0.10654664755, 0.19397283966, 0.0031863360297, 0.0087941767631],
      [0, 0.72952536392, 0.014168701603, 0.048719527361, 0.20758640712],
      [0, 0, 0.64616321558, 0.16652649129, 0.18731029313],
      [0, 0, 0.13229680132, 0.78958226893, 0.078120929746],
      [7.4082447238e-05, 5.7098489145e-05, 0.22569099651, 0.77135593994, 0.0028218826043]
    ],
    [
      [0, 0, 0.4443175768, 0.16044269433, 0.39523972887],
      [0.93028123021, 0.062021844798, 0.00070615745582, 0.00016769372015, 0.0068230738154],
      [0.041003005955, 0.61057433777, 0.025687661125, 0.049290138095, 0.27344485705],
      [0, 0, 0.65944013231, 0.13242616742, 0.20813370027],
      [0, 0, 0.16281777445, 0.74456844601, 0.092613779541],
      [0.0001365966638, 1.7809903335e-05, 0.24355376292, 0.75284446936, 0.0034473611535]
    ],
    [
      [0, 0.00069367716641, 0.46200679981, 0.17010524348, 0.36719427955],
      [0.78571428571, 0.20656430725, 0, 0, 0.0077214070375],
      [0, 0.76616685328, 0.011858323444, 0.03659840335, 0.18537641993],
      [0, 0.00983890622, 0.66444633842, 0.13462470703, 0.19109004833],
      [0, 0.010585819248, 0.15339225375, 0.75167668369, 0.084345243315],
      [8.9513803653e-05, 7.4888460588e-05, 0.2408411025, 0.7559706576, 0.0030238376362]
    ],
    [
      [0, 0, 0.416367725, 0.18720795805, 0.39642431695],
      [0.83333333333, 0.079129672107, 0.077433667247, 0.0024705603292, 0.0076327669829],
      [0, 0.64201775739, 0.04365208571, 0.057102564605, 0.2572275923],
      [0, 0, 0.61645259294, 0.17380400457, 0.20974340249],
      [0, 0, 0.12008512119, 0.79826822212, 0.08164665669],
      [9.0218829844e-05, 4.935853854e-05, 0.20928368013, 0.78743507145, 0.0031416710543]
    ],
    [
      [0.00025518975409, 0.00068154209977, 0.48888133759, 0.18610399997, 0.32407793059],
      [0.89701074264, 0.097297194954, 0, 0, 0.0056920624041],
      [0.0028181922476, 0.76041073271, 0.012663618376, 0.045272041611, 0.17883541505],
      [0.0027118872206, 0.0073366686461, 0.67865840998, 0.15005436203, 0.16123867212],
      [0.0035413617608, 0.0086042093631, 0.14718383519, 0.7736444008, 0.067026192884],
      [0.00012155324849, 0.00011633460647, 0.23544596755, 0.76184254473, 0.0024735998651]
    ],
    [
      [0, 0, 0.45982165399, 0.20518202172, 0.33499632429],
      [0.5, 0.12572510399, 0.36269288917, 0.0028734934391, 0.0087085134012],
      [0, 0.68713744801, 0.062119705235, 0.056045214185, 0.19469763257],
      [0, 0, 0.64760344858, 0.18353373883, 0.1688628126],
      [0, 0, 0.11110935891, 0.82537230697, 0.063518334116],
      [5.2454859351e-05, 5.2463861752e-05, 0.20921219499, 0.78828341855, 0.0023994677408]
    ],
    [
      [0, 0, 0.48795962428, 0.19348791467, 0.31855246105],
      [0.95180691591, 0.044021489825, 0, 0.00084607517546, 0.003325519091],
      [0.085198024026, 0.63027957434, 0.017888483088, 0.057977020669, 0.20865689788],
      [0, 0, 0.67905254802, 0.16435803139, 0.15658942059],
      [0, 0, 0.1453762678, 0.79261464805, 0.062009084148],
      [0.00013288442391, 4.7015346264e-05, 0.22855858011, 0.76890265039, 0.0023588697343]
    ],
    [
      [0, 0, 0.50416303668, 0.23538099541, 0.26045596791],
      [0.83333333333, 0.09093336397, 0.067710355641, 0.0040379898192, 0.003984957236],
      [0, 0.74543998162, 0.046763411352, 0.063150985878, 0.14464562115],
      [0, 0, 0.67045059815, 0.20663572765, 0.12291367421],
      [0, 0, 0.1069404529, 0.85191282132, 0.041146725781],
      [8.3994047653e-05, 5.3201713071e-05, 0.20404996134, 0.79415150133, 0.0016613415716]
    ],
    [
      [0, 0, 0.54373344249, 0.20493237344, 0.25133418407],
      [0.92757060524, 0.066787742985, 0.0001344441626, 0.0019160349836, 0.0035911726324],
      [0.033627933283, 0.64756283361, 0.08855449222, 0.063227698184, 0.1670270427],
      [0, 0, 0.71541831322, 0.16844444759, 0.11613723919],
      [0, 0, 0.15262700703, 0.80172943806, 0.045643554902],
      [0.00010380752221, 4.7322924117e-05, 0.23928565946, 0.75881085712, 0.0017523529743]
    ],
    [
      [7.1412007734e-05, 0.0011302504509, 0.45504653603, 0.18783236791, 0.3559194336],
      [0.90004744195, 0.093040430799, 0, 0.0009447574221, 0.0059673698319],
      [0.0021304394115, 0.74880235896, 0.010971192782, 0.045733348969, 0.19236265988],
      [0.00052706627329, 0.0070492924414, 0.650510246, 0.15972662684, 0.18218676845],
      [0.00080894296936, 0.011496729903, 0.13264394907, 0.78191337586, 0.073137002204],
      [0.00010140340905, 6.4828067974e-05, 0.22180278297, 0.77528610384, 0.0027448817071]
    ],
    [
      [0, 0, 0.48956792281, 0.19785098467, 0.31258109251],
      [0.88888888889, 0.10250830466, 0.00076476283159, 0.0024376994404, 0.0054003441785],
      [0, 0.74962288881, 0.013293598738, 0.054413704649, 0.1826698078],
      [0, 0, 0.67772305905, 0.16826688784, 0.15401005311],
      [0, 0, 0.14166363005, 0.79740197218, 0.060934397773],
      [9.486533435e-05, 5.7230114979e-05, 0.22613516323, 0.77142581329, 0.0022869280374]
    ],
    [
      [0, 0, 0.47961273378, 0.20336070905, 0.31702655718],
      [0.76315789474, 0.091369714187, 0.13211595814, 0.0068499642794, 0.0065064686584],
      [0, 0.65917382319, 0.065821148612, 0.068412091942, 0.20659293626],
      [0, 0, 0.65767168054, 0.18517690932, 0.15715141014],
      [0, 0, 0.11727851844, 0.82206477065, 0.060656710902],
      [7.8831061371e-05, 4.8777109104e-05, 0.21976045849, 0.77781650857, 0.002295424769]
    ],
    [
      [0, 0, 0.47934981751, 0.19885939073, 0.32179079175],
      [0.84375, 0.08488741042, 0.058685234956, 0.0067025903425, 0.0059747642822],
      [0, 0.68209007166, 0.050332816977, 0.063658513512, 0.20391859785],
      [0, 0, 0.66232844622, 0.17787305921, 0.15979849457],
      [0, 0, 0.12561243183, 0.81182691039, 0.062560657778],
      [8.8294762527e-05, 5.0691993198e-05, 0.22139579318, 0.77611808627, 0.0023471337923]
    ],
    [
      [0.0021376352574, 0, 0.34751666935, 0.12452710902, 0.52581858637],
      [0.96752266047, 0.02610757409, 0.00040108043585, 0, 0.0059686850017],
      [0.053686345794, 0.48041931943, 0.014638262424, 0.042900402816, 0.40835566953],
      [0.016554740686, 0, 0.57533923364, 0.098591561802, 0.30951446387],
      [0.018885887725, 0, 0.1516029091, 0.68192831521, 0.14758288796],
      [0.00021400886753, 4.1375408336e-05, 0.24012906105, 0.75386426043, 0.0057512942392]
    ],
    [
      [0, 0, 0.43148121284, 0.16826266352, 0.40025612364],
      [0.53333333333, 0.095164078777, 0.35480502317, 0.0033789623306, 0.013318602393],
      [0, 0.47625215657, 0.14672091508, 0.061576172348, 0.315450756],
      [0, 0, 0.62712612371, 0.15889470096, 0.21397917533],
      [0, 0, 0.13164058151, 0.77505881739, 0.093300601102],
      [5.8196722558e-05, 3.8888379993e-05, 0.23246243588, 0.76404125043, 0.0033992285833]
    ],
    [
      [0, 0, 0.46287655353, 0.18505257449, 0.35207087198],
      [0.92449925069, 0.06839523844, 0, 0.001498478025, 0.0056070328477],
      [0.037745942381, 0.65330218167, 0.022390248475, 0.055899649957, 0.23066197751],
      [0, 0, 0.66150480062, 0.16055106697, 0.17794413241],
      [0, 0, 0.14436167285, 0.78402539503, 0.071612932121],
      [0.00014183280465, 6.3714368756e-06, 0.22706117798, 0.7700670549, 0.0027235628816]
    ],
    [
      [0, 0, 0.45386789879, 0.15044837517, 0.39568372603],
      [0.91796567989, 0, 0.073654528195, 0, 0.0083797919153],
      [0.0024170596227, 0.61904761905, 0.027679364357, 0.051015871936, 0.29984008504],
      [0, 0, 0.6694666505, 0.12150909843, 0.20902425107],
      [0, 0, 0.17182808517, 0.73117531969, 0.096996595138],
      [9.9750681936e-05, 0, 0.25585514963, 0.74047180914, 0.0035732905514]
    ],
    [
      [0, 0, 0.48511198271, 0.16010209292, 0.35478592437],
      [0.76923076923, 0.091071034473, 0.13157186289, 0.00013798000173, 0.0079883534077],
      [0, 0.68175239225, 0.039669614984, 0.045323466722, 0.23325452605],
      [0, 0, 0.69290606147, 0.12496639358, 0.18212754495],
      [0, 0, 0.1759793864, 0.73922152339, 0.084799090205],
      [8.7404560254e-05, 5.5321258576e-05, 0.26075480536, 0.73608005145, 0.0030224173695]
    ],
    [
      [0, 0, 0.34080013323, 0.16027885323, 0.49892101354],
      [0.88888888889, 0.049249408187, 0.04736481007, 0.0044974396612, 0.009999453193],
      [0, 0.42403975402, 0.088730170324, 0.068062938408, 0.41916713725],
      [0, 0, 0.54915777499, 0.16547050668, 0.28537171833],
      [0, 0, 0.10585132901, 0.78358883693, 0.11055983406],
      [9.9165453991e-05, 3.3533190791e-05, 0.19985140894, 0.79539527878, 0.0046206136323]
    ],
    [
      [0, 0, 0.3747905928, 0.17017265036, 0.45503675685],
      [0.92793445058, 0.06061240147, 0.00015132144947, 0.0030898706813, 0.0082119558179],
      [0.011408367506, 0.54949199043, 0.046574859079, 0.060554631608, 0.33197015138],
      [0, 0, 0.58208344427, 0.1670504629, 0.25086609283],
      [0, 0, 0.12081640897, 0.7803403475, 0.098843243531],
      [0.00010549521707, 4.3052631043e-05, 0.20534535462, 0.79056185592, 0.0039442416102]
    ],
    [
      [0, 0, 0.4706402427, 0.16995202462, 0.35940773268],
      [0.89655172414, 0.060693488285, 0.032422888669, 0.0037648092664, 0.0065670896425],
      [0, 0.54499845611, 0.10810765717, 0.066453225132, 0.28044066159],
      [0, 0, 0.66810484646, 0.15180373739, 0.18009141614],
      [0, 0, 0.15168636295, 0.77191904878, 0.076394588269],
      [0, 0, 0.24675968848, 0.75030868581, 0.0029316257099]
    ],
    [
      [0.00090335685534, 0.0013407879352, 0.35973336997, 0.18846458303, 0.44955790221],
      [0.90869013607, 0.081370236883, 0, 0.0026422774877, 0.0072973495606],
      [0.0037479944006, 0.67287485153, 0.0059034106264, 0.052492180556, 0.26498156289],
      [0.0040564002812, 0.0061916962763, 0.55875291784, 0.1811749469, 0.2498240387],
      [0.0058704266775, 0.0081186740976, 0.096844412934, 0.7986839927, 0.090482493595],
      [0.00010694758166, 5.6163683719e-05, 0.18526681323, 0.81092552198, 0.0036445535243]
    ],
    [
      [0, 0.0032688371327, 0.32062439619, 0.19130548275, 0.48480128393],
      [0.81818181818, 0.16943586099, 0, 0.0030207802542, 0.0093615405734],
      [0, 0.69366136915, 0.0036052838611, 0.047860384528, 0.25487296246],
      [0, 0.0071490458946, 0.52172858851, 0.18985177501, 0.28127059059],
      [0, 0.013467695098, 0.080383248712, 0.80745986686, 0.09868918933],
      [0, 0.00034344736889, 0.1669141006, 0.8288184111, 0.0039240409269]
    ],
    [
      [0, 0.00010978609371, 0.46075402749, 0.15794965017, 0.38118653625],
      [0.88234748091, 0.10820955797, 0.0016895734, 0, 0.007753387717],
      [0, 0.69418294673, 0.017723108762, 0.04326090542, 0.24483303908],
      [0, 0, 0.67480617914, 0.12565831153, 0.19953550933],
      [0, 1.4078674615e-05, 0.17243810469, 0.73557719548, 0.091970621151],
      [9.2824561037e-05, 6.3261072142e-05, 0.2529297732, 0.74357098633, 0.0033431548327]
    ],
    [
      [0.00030846736713, 0, 0.41084294391, 0.17042004391, 0.41842854481],
      [0.93842049579, 0.055399485813, 0, 0.00055443682015, 0.0056255815736],
      [0.0051674128798, 0.66505194463, 0.012539051969, 0.048599061965, 0.26864252855],
      [0.0059033075695, 0.00022996348286, 0.61913364595, 0.15042392157, 0.22430916143],
      [0.0077282616151, 0.00034033760027, 0.13447758747, 0.76515184429, 0.092301969021],
      [0.00020738888805, 5.2117823506e-05, 0.21961300718, 0.77659557994, 0.0035319061682]
    ],
    [
      [0, 0.00081078846576, 0.4709939318, 0.17363416818, 0.35456111155],
      [0.85714285714, 0.13595286344, 0, 0, 0.0069042794177],
      [0, 0.74417447002, 0.013232440891, 0.041007882625, 0.20158520646],
      [0, 0.0084890145868, 0.67075441816, 0.13867932823, 0.18207723902],
      [0, 0.010052090006, 0.15351527699, 0.75672410657, 0.079708526434],
      [9.6370223684e-05, 6.453122272e-05, 0.24055307961, 0.75642159408, 0.0028644248714]
    ],
    [
      [0, 0, 0.44835708824, 0.1717868485, 0.37985606326],
      [0.7619047619, 0.087931287427, 0.13949680451, 0.0018371165763, 0.0088300295817],
      [0, 0.63295551326, 0.055372912457, 0.053616269887, 0.2580553044],
      [0, 0, 0.6492173514, 0.15203607953, 0.19874656907],
      [0, 0, 0.14438860179, 0.76978709258, 0.08582430563],
      [8.4055103248e-05, 4.9974454927e-05, 0.23482932514, 0.7618870211, 0.0031496242088]
    ],
    [
      [0, 0, 0.4790816023, 0.15485041041, 0.36606798729],
      [0.83333333333, 0.054919572234, 0.10420567401, 0.00043835768653, 0.0071030627385],
      [0, 0.48169347592, 0.16017606528, 0.056584404176, 0.30154605462],
      [0, 0, 0.68966595578, 0.1236019835, 0.18673206072],
      [0, 0, 0.17665638615, 0.73661213144, 0.086731482411],
      [9.4327797582e-05, 3.8724188524e-05, 0.26342661969, 0.73325384656, 0.003186481759]
    ],
    [
      [0, 0, 0.45475512154, 0.18439622316, 0.3608486553],
      [0.92463056281, 0.068581950868, 0, 0.0011501977931, 0.005637288532],
      [0.022481337807, 0.68084305341, 0.0147498037, 0.053287985006, 0.22863782007],
      [0.00020567445629, 0, 0.65490085019, 0.16038669173, 0.18450678362],
      [0.00025383184385, 0, 0.14257461869, 0.78262358331, 0.074547966152],
      [0.00010874020741, 5.2320543514e-05, 0.22541850887, 0.77158513183, 0.0028352985521]
    ],
    [
      [0, 0, 0.41994903533, 0.14425136215, 0.43579960252],
      [0.8, 0.059662745268, 0.12944472485, 0.00040917798738, 0.010483351891],
      [0, 0.45262647052, 0.12222611367, 0.054094676273, 0.37105273954],
      [0, 0, 0.63975975245, 0.12258526449, 0.23765498306],
      [0, 0, 0.1638245765, 0.72496796482, 0.11120745868],
      [9.3675462779e-05, 3.7838041691e-05, 0.25251905324, 0.74318801445, 0.0041614188032]
    ],
    [
      [0, 0, 0.49337919453, 0.19963792666, 0.30698287882],
      [0.92090483908, 0.071899580501, 0, 0.0027133000593, 0.0044822803587],
      [0.017576702426, 0.69235564878, 0.032204382984, 0.06464808962, 0.19321517619],
      [0, 0, 0.6780265148, 0.1732740082, 0.148699477],
      [0, 0, 0.14128286342, 0.80082416999, 0.057892966594],
      [0.000103609348, 5.1165478322e-05, 0.2254153856, 0.77220804057, 0.0022217990049]
    ],
    [
      [0, 0.0018085924146, 0.49023916803, 0.16672654494, 0.34122569461],
      [0.8125, 0.18022369329, 0, 0, 0.0072763067109],
      [0, 0.77264183532, 0.010148321758, 0.028108995851, 0.18910084707],
      [0, 0.02060989291, 0.68433332452, 0.12053084333, 0.17452593924],
      [0, 0.019257658894, 0.16090680239, 0.74001490027, 0.079820638444],
      [9.4381903162e-05, 7.0302981726e-05, 0.25467262025, 0.74236033708, 0.0028023577851]
    ],
    [
      [0.0011195694505, 0.00014172208697, 0.39259670559, 0.18366182984, 0.42248017302],
      [0.91718893243, 0.074319746892, 0, 0.0018091449321, 0.0066821757431],
      [0.0034291871246, 0.67683667611, 0.011211047445, 0.051081418114, 0.25744167121],
      [0.0054501366058, 0.00099568402743, 0.59638523792, 0.16897267865, 0.2281962628],
      [0.0096643766112, 0.0016078678064, 0.11432600254, 0.78835373154, 0.086048021504],
      [0.0001117673253, 5.3843552105e-05, 0.20157173246, 0.79483582516, 0.0034268315028]
    ]
  ],
  "expected_outcome": [
    [
      [0, 0, 0.0062106030613, 0, 0, 0, 0, 0.00053018774497, 0, 0, 0, 0, 0.012522246209, 0.0023440727119, 0, 0, 0, 0.010760256588, 0, 0.0038068505046, 0, 0.011837482396, 0.003503513265, 0.0038943583089, 0.0083627106377, 0.0045606934418, 0.011457763275, 0, 0, 0, 0, 0, 0, 0, 0, 0, 0, 0.0033174668032, 0, 0, 0, 0, 0.0014282401547, 0, 0, 0, 0.027789258347, 0, 0, 0, 0, 0, 0, 0, 0.022583921383, 0, 0, 0.0012338694685, 0, 0, 0, 0, 0, 0, 0, 0.02351095846],
      [0.017777131829, 0, 0.0056156550327, 0, 0, 0, 0, 0.0067233448118, 0, 0, 0, 0, 0.0044351995489, 0.00056141250768, 0, 0, 0.012859866191, 0, 0, 0.0084059162951, 0, 0.0054717205448, 0.0016182691188, 0.0051560400109, 0, 0.0045804507787, 0.0077461104656, 0, 0, 0, 0, 0, 0, 0, 0, 0.0034683858321, 0, 0.008860047297, 0, 0, 0, 0, 0.022605009019, 0, 0, 0, 0, 0, 0, 0, 0, 0, 0, 0, 0.03351969838, 0.068645579787, 0.0020859357805, 0, 0.0064863077261, 0, 0, 0, 0, 0, 0.012660146902, 0.0029761638263],
      [46.4849199141, 8.7702176895, 5.9881579398, 3.617134165, 8.6359772545, 4.0939297764, 5.4336695987, 3.776822237, 7.5452449966, 7.2687064078, 5.3279537471, 3.4323309999, 4.23481145, 2.660579058, 9.2448321105, 4.8018198012, 7.0507209434, 7.6618082564, 2.9666454384, 3.2972530078, 3.2153200365, 3.4293711514, 1.8470013566, 2.5432018063, 4.5008464068, 2.2571425728, 3.7954683703, 15.2906337429, 9.6710354624, 8.0959152693, 3.3412782998, 6.2005192218, 7.7323261237, 4.5457284363, 5.7761284983, 2.310033999, 7.910986775, 6.3554573886, 2.7589299239, 2.9277577457, 7.0582825135, 11.4184022924, 9.1009307207, 8.3226546878, 7.6738037404, 2.8760989051, 4.5177167016, 3.8833309156, 3.2401358747, 14.0699048626, 5.8213437925, 1.3632005329, 1.873952964, 6.5889633979, 8.9933342492, 6.73311232, 8.7543265222, 1.6433717756, 3.7679514544, 4.0352137942, 6.7071424322, 13.6426536462, 10.9186749187, 4.4404127507, 3.4316741762, 8.2445308175],
      [18.4959111451, 3.4253662567, 2.2878131854, 1.5049425328, 4.01196418, 1.5124668263, 2.1765854042, 1.5028547648, 2.7702200929, 2.7333125941, 1.9081057244, 1.2355882913, 1.6743535415, 1.2521980601, 3.2130887153, 1.7294537478, 2.3475608, 2.9872115069, 1.3148551978, 1.3305089061, 1.5221154065, 1.3283276092, 0.74788100215, 1.0424227659, 1.805968099, 1.0226332171, 1.7024962615, 5.4478023995, 3.4099713984, 2.9825788882, 1.3083180879, 2.3827271308, 2.9734314498, 1.8410678075, 2.0857550263, 0.85052621741, 3.556951203, 2.4193519997, 1.2310921303, 1.160927488, 3.2953339358, 4.3035798422, 3.7566473582, 3.3634667394, 3.2537713447, 1.1931563444, 1.6188524172, 1.5143639716, 1.2953680214, 4.6638996304, 1.921225115, 0.64111541294, 0.85086325179, 2.3793283447, 4.7116145759, 4.0174151377, 3.0010433532, 0.68168017565, 1.3890733455, 1.5460816365, 2.1679057457, 5.5318866949, 3.7505354158, 1.7967413399, 1.1670858146, 3.8568984267],
      [42.001391809, 5.8044160538, 4.7122026167, 2.8779233022, 6.3520585655, 2.3936033973, 4.3897449971, 2.7130694657, 6.6845349105, 4.9979809981, 3.7639405285, 3.3320807088, 3.0738775627, 2.0843173968, 7.5420791742, 3.468726451, 4.5888583904, 6.3402199802, 2.7184993639, 2.3600253192, 3.2625645571, 3.2249920364, 1.3999958589, 2.4053250295, 4.6848227836, 2.7110830658, 2.4828314945, 15.2615638576, 8.9189931392, 6.9215058425, 2.3504036124, 5.4167536474, 5.2942424265, 3.6132037562, 5.1381164753, 1.8359713977, 7.532062022, 4.2130130976, 2.0099779457, 1.9113147663, 3.6463835507, 5.2780178654, 7.1183886719, 5.3138785727, 5.0724249148, 1.9307447505, 6.8356416228, 3.6023051128, 2.4644961039, 12.266195507, 4.2574310925, 1.9956840541, 2.2751837842, 5.0317082575, 11.2389475551, 10.1808269625, 7.2425441888, 1.6737141792, 2.8364888924, 3.4187045693, 5.1249518221, 10.8254596589, 11.3307896655, 2.7628459094, 2.3885798623, 8.8720836335]
    ],
    [
      [405.9995964322, 17.9648585773, 20.0220750475, 12, 7.509995177, 2.8742497578, 2, 2.743363887, 2.927133124, 6, 15, 7, 44.6600734188, 30.9351218207, 12, 5.9884390341, 4.9999091032, 6.6501109647, 14, 10.7112277246, 8.9798327681, 67.4769968174, 73.153568217, 67.4178916702, 74.5121042068, 69.1229627399, 43.0886895775, 8, 3, 2, 6.999948027, 5, 7, 11, 9.3028123021, 11, 10, 34.983418963, 3, 3.8072276636, 10, 12.0584178681, 11.7006167453, 24, 29, 27, 5.8051359628, 8, 14.791988011, 22.9491419972, 10, 16, 19.4866234622, 26, 24.5346336739, 18, 14.9999071754, 5.6305229748, 12, 16, 5, 8.3216750653, 12, 14.7344774253, 13, 25.6812901081],
      [40.2099274536, 0, 1.8447587392, 2.7335462582, 0.42981186617, 0.11214161691, 0.19159627503, 0.24329562857, 0.058906765465, 1.2500139509, 0.8087346067, 1.0156412686, 4.1265424939, 2.8014010964, 0.80061843937, 0, 0.96287997036, 0.31438507872, 2.509883016, 1.235378373, 0, 7.0584284853, 7.5742471143, 8.0914451886, 4.8736963789, 7.3613506236, 4.7652432645, 2.2422595828, 0.48655786122, 1.9149092574, 0.40953092823, 0.71191221769, 1.447835831, 1.7047463608, 0.62021844798, 2.8919003015, 0.94955606529, 3.7945906032, 0.75435062392, 0.1760859593, 1.0912003676, 0.8682406588, 1.2095256004, 2.7677242258, 3.4720491391, 2.7163971334, 0.15664544454, 1.4274611817, 1.094323815, 0, 1.1839234482, 0.88648934737, 1.2728604309, 1.7601111603, 2.1969963958, 3.7275889418, 1.8395624856, 0.33239691488, 1.9033400882, 1.846557036, 0.3295174334, 0.61723755782, 0.89494117902, 1.150393288, 2.8835790926, 2.080952913],
