{
  "X": [
    [30, 46, 38, 445, 324, 46],
    [46, 51, 34, 405, 397, 44],
    [35, 52, 42, 515, 413, 34],
    [31, 28, 34, 307, 318, 38],
    [21, 47, 63, 366, 307, 38],
    [19, 44, 33, 394, 274, 23],
    [37, 35, 45, 271, 700, 85],
    [25, 23, 37, 138, 861, 68],
    [50, 48, 57, 310, 741, 79],
    [6, 5, 11, 56, 136, 10],
    [26, 20, 18, 132, 291, 45],
    [41, 45, 58, 364, 768, 87],
    [22, 17, 27, 160, 333, 28],
    [86, 87, 73, 925, 744, 85],
    [35, 37, 41, 320, 622, 69],
    [19, 12, 20, 88, 489, 34],
    [15, 16, 30, 133, 430, 37],
    [11, 3, 16, 55, 378, 44],
    [15, 8, 15, 70, 397, 34],
    [19, 11, 22, 87, 555, 45],
    [23, 8, 28, 73, 718, 45],
    [14, 17, 20, 51, 538, 45],
    [25, 12, 24, 121, 271, 30],
    [22, 33, 19, 178, 267, 39],
    [51, 33, 44, 341, 480, 61],
    [5, 2, 2, 35, 166, 24],
    [21, 28, 21, 331, 399, 38],
    [0, 0, 1, 6, 14, 1],
    [106, 161, 216, 856, 1733, 247],
    [11, 20, 25, 137, 209, 20]
  ],
  "W": [
    [134, 61, 320, 259, 57, 60, 38],
    [118, 49, 362, 241, 76, 82, 49],
    [173, 66, 388, 277, 107, 48, 32],
    [83, 36, 309, 178, 66, 53, 31],
    [109, 81, 285, 204, 61, 53, 49],
    [121, 39, 250, 247, 62, 52, 16],
    [87, 52, 663, 144, 76, 71, 80],
    [26, 42, 816, 98, 65, 33, 72],
    [97, 69, 704, 187, 92, 67, 69],
    [11, 15, 117, 27, 31, 9, 14],
    [29, 28, 263, 68, 74, 34, 36],
    [97, 61, 728, 197, 116, 88, 76],
    [33, 33, 313, 87, 55, 29, 37],
    [254, 119, 668, 521, 171, 187, 80],
    [86, 76, 551, 177, 87, 93, 54],
    [26, 25, 470, 44, 41, 23, 33],
    [34, 49, 397, 75, 41, 26, 39],
    [12, 27, 331, 41, 36, 21, 39],
    [8, 17, 365, 48, 45, 28, 28],
    [19, 18, 510, 51, 62, 26, 53],
    [13, 34, 651, 59, 50, 32, 56],
    [10, 24, 506, 42, 37, 7, 59],
    [39, 24, 232, 81, 32, 44, 31],
    [68, 26, 233, 118, 37, 42, 34],
    [87, 60, 443, 208, 89, 82, 41],
    [3, 2, 161, 30, 20, 1, 17],
    [112, 45, 338, 164, 88, 62, 29],
    [0, 1, 12, 6, 3, 0, 0],
    [293, 211, 1683, 529, 223, 170, 210],
    [47, 48, 183, 82, 22, 19, 21]
  ],
  "method": "mvn_pdf",
  "cond_prob": [
    [
      [0, 0.14773989385, 0.00053695837732, 0.85172314777, 0, 0],
      [0.0029163406929, 0.19506643411, 0.35363870107, 0.33191331644, 0.10763753237, 0.0088276753201],
      [0.0029750725905, 0.0029890842917, 0.0020473386932, 0.015796042754, 0.90340176109, 0.072790700579],
      [0.042834412699, 0.032848633837, 0.015148842448, 0.90916811102, 0, 0],
      [0.12319924363, 0.060089848337, 0.019131299303, 0.54688499353, 0.22389788307, 0.026796732129],
      [0.15752986737, 0.023382644909, 0.016220552307, 0.64729154461, 0.0471686172, 0.1084067736],
      [0.03425837292, 0.00030048831983, 0.25562292205, 0.0021887935158, 0.33561185813, 0.37201756507]
    ],
    [
      [0.00021424290665, 0.18979589717, 5.676389814e-05, 0.80993309603, 0, 0],
      [0.0035446935622, 0.21965295288, 0.33813720009, 0.27775676497, 0.15269251229, 0.0082158761962],
      [0.0024892670362, 0.0015002059996, 0.00049871193414, 0.010140837393, 0.93620008413, 0.049170893504],
      [0.061555621594, 0.041835555779, 0.015699495739, 0.87830673815, 0.0026025887414, 0],
      [0.14752868929, 0.065016945512, 0.017429872349, 0.44070229562, 0.3053589476, 0.02396324963],
      [0.20691828504, 0.027616435406, 0.016155227596, 0.57192353996, 0.070960137416, 0.10642637458],
      [0.038480206571, 0.00020021155863, 0.22063403879, 0.0017102328815, 0.4277632912, 0.311212019]
    ],
    [
      [0, 0.14023165081, 0.00045036955081, 0.85931797964, 0, 0],
      [0.0028411692398, 0.17575720453, 0.37381918862, 0.31846663789, 0.12273887406, 0.006376925646],
      [0.002853861901, 0.0020117219977, 0.00171850818, 0.013822795622, 0.93227665053, 0.04731646177],
      [0.043410086734, 0.030492375191, 0.01632689073, 0.90892950648, 0.00084114086238, 0],
      [0.12004374833, 0.054570284193, 0.020387863048, 0.52861869558, 0.25677307981, 0.019606329036],
      [0.16106339646, 0.022230204473, 0.0180384687, 0.65730877672, 0.057209861864, 0.08414929179],
      [0.034527071435, 0.00021695702378, 0.28166693341, 0.0021703660834, 0.39756578056, 0.28385289149]
    ],
    [
      [0, 0.14366018054, 0.00033366795243, 0.85579478192, 0, 0.00021136959624],
      [0.0030115375521, 0.15093323555, 0.4592104392, 0.26605941936, 0.1126944109, 0.0080909574438],
      [0.0033962795097, 0.0020208742603, 0.0018108586129, 0.011601510618, 0.91650434688, 0.064666130117],
      [0.054156508125, 0.030762231454, 0.02284809833, 0.89105410559, 0.00063909369683, 0.00053996280913],
      [0.14102612071, 0.051990866093, 0.027404551321, 0.49057430551, 0.26184371823, 0.027160438137],
      [0.18607968027, 0.020841833101, 0.023915885509, 0.59945535702, 0.056987423611, 0.11271982049],
      [0.03330092942, 0.00020860884698, 0.31412808437, 0.0015922046205, 0.33314130608, 0.31762886666]
    ],
    [
      [0, 0.16761246982, 0.00033266162631, 0.83165762587, 0, 0.00039724268534],
      [0.0013345087235, 0.17574785025, 0.45757122446, 0.25625052347, 0.10240035401, 0.0066955390869],
      [0, 0.0033407916398, 0.0018047338977, 0.01472119494, 0.9224862943, 0.057646985226],
      [0.033343223778, 0.039191949708, 0.024108735387, 0.90251752575, 0, 0.00083856538076],
      [0.097373317022, 0.066630430564, 0.030222381937, 0.51867127676, 0.26304833177, 0.024054261949],
      [0.13238513696, 0.027558877547, 0.027136248373, 0.65173503901, 0.058836209057, 0.10234848906],
      [0.023136786643, 0.00045519973704, 0.35073781755, 0.0021021554925, 0.33944306394, 0.28412497664]
    ],
    [
      [0, 0.17660087166, 0.00036575933791, 0.82259150241, 0.00044186658456, 0],
      [0.0010374069131, 0.16888102148, 0.45631589662, 0.23130683009, 0.13586175734, 0.0065970875443],
      [0, 0, 0.0007279206827, 0.010932271688, 0.94341322899, 0.044926578636],
      [0.027750864444, 0.043316938217, 0.026999716419, 0.89806637653, 0.0038160806899, 5.0023699415e-05],
      [0.085079915776, 0.062685699356, 0.029290926269, 0.45865828067, 0.34026624562, 0.024018932304],
      [0.12559361207, 0.027992071339, 0.028450252982, 0.62362263972, 0.082884213207, 0.11145721069],
      [0.018703437934, 0.0002218675989, 0.31331640263, 0.0015505151424, 0.40284750705, 0.26336026964]
    ],
    [
      [0.00020074308566, 0.17711393591, 0.00024943568608, 0.8220785684, 0.00022337080835, 0.00013394610929],
      [0.0030396297737, 0.15605556902, 0.41460210041, 0.2145949832, 0.1987393946, 0.012968322999],
      [0.0013308025339, 0.0013148459948, 0.00090276444935, 0.0048928015255, 0.93172795519, 0.05983083031],
      [0.068386218042, 0.037934133892, 0.024730463402, 0.86361407142, 0.004872494276, 0.00046261896784],
      [0.13301622787, 0.047547418435, 0.022042773355, 0.35011133669, 0.40859643086, 0.038685812795],
      [0.19690868539, 0.021338733399, 0.021559872902, 0.4794368181, 0.10029541312, 0.18046047709],
      [0.02505983931, 0.00016607424146, 0.20066585704, 0.00084245067001, 0.41293177099, 0.36033400775]
    ],
    [
      [0.00019705135856, 0.23746318804, 0.00030188798521, 0.76143610071, 0.00043562756092, 0.00016614434399],
      [0.0027055023389, 0.16233327631, 0.41490982798, 0.15400682442, 0.25393021041, 0.012114358538],
      [0.00132867938, 0.0010308540196, 0.0010288960491, 0.0015228772744, 0.95057224785, 0.044516445431],
      [0.080687870329, 0.052111164537, 0.032732855801, 0.82550592593, 0.0083917247869, 0.00057045861409],
      [0.11829928509, 0.049286548859, 0.022028859813, 0.2514031748, 0.52279480356, 0.036187327877],
      [0.2038452269, 0.02565519923, 0.025002887734, 0.40053386829, 0.14897282399, 0.19598999385],
      [0.020462303911, 0.00013390626143, 0.18418844319, 0.00046252976174, 0.48522911322, 0.30952370366]
    ],
    [
      [0, 0.20954709458, 0.00028711108006, 0.78969062584, 0.00026687877803, 0.0002082897191],
      [0.0033737920879, 0.16975148797, 0.44650578094, 0.18966404925, 0.17946328322, 0.011241606534],
      [0, 0.00082024626366, 0.0010240473135, 0.0061423545, 0.93411485506, 0.057898496866],
      [0.085754470384, 0.046477327184, 0.029126190704, 0.83315592641, 0.004893087243, 0.00059299807111],
      [0.16538273299, 0.054814687934, 0.025172662947, 0.32798793969, 0.39118526894, 0.035456707504],
      [0.24398115395, 0.024467500434, 0.024512794839, 0.44699601689, 0.095660312122, 0.16438222176],
      [0.031437299052, 0.00014625773742, 0.23242727717, 0.0009447899184, 0.40088398967, 0.33416038645]
    ],
    [
      [0.00018591921654, 0.11965002289, 0.00033840128092, 0.87961385708, 0.00021179953714, 0],
      [0.0022981001659, 0.11599887322, 0.41541556194, 0.24785812839, 0.2100951543, 0.0083341819784],
      [0.001740295314, 0.00054612529358, 0.0021654074041, 0.0049031608277, 0.95418376182, 0.036461249345],
      [0.044192028228, 0.024815118221, 0.021496095945, 0.90495831148, 0.0045098114693, 2.8634653231e-05],
      [0.094936843819, 0.034276746949, 0.021264562314, 0.39859951483, 0.42635368597, 0.024568646121],
      [0.14916401969, 0.016244381741, 0.021662055416, 0.58085456349, 0.10965084977, 0.12242412989],
      [0.020083266901, 8.4514818156e-05, 0.21979549782, 0.0010396705909, 0.49151113825, 0.26748591162]
    ],
    [
      [4.9911084976e-05, 0.20086797802, 0, 0.79853920314, 0.00054290774734, 0],
      [0.0038706545972, 0.20445902354, 0.34119121908, 0.239904918, 0.19453898595, 0.016035198828],
      [0.00082458259679, 0.0017586684921, 0, 0.0065912057537, 0.91809624706, 0.072729296096],
      [0.078371947657, 0.043665203569, 0.017414517453, 0.85553630088, 0.0050120304401, 0],
      [0.15876247485, 0.056746313965, 0.015863977239, 0.3583351311, 0.36648160354, 0.043810499305],
      [0.22045206299, 0.02385050228, 0.015022598683, 0.46063039286, 0.084565768425, 0.19547867477],
      [0.0305617585, 0.00022411141722, 0.15493766689, 0.0010232437052, 0.38172661758, 0.43152660191]
    ],
    [
      [0.00013632881126, 0.18084850486, 0.00023446946702, 0.8184749297, 0.00014454171327, 0.00016122544042],
      [0.0023272650931, 0.16246602023, 0.44776835438, 0.21796325923, 0.15921896462, 0.010256136451],
      [0.0010879115984, 0.0015375003128, 0.00093024684174, 0.0065758126954, 0.93061376088, 0.059254767671],
      [0.052536114799, 0.039542377977, 0.026715949428, 0.87688463313, 0.0038412337767, 0.00047969089372],
      [0.11483556664, 0.055738396969, 0.026764707416, 0.40008510823, 0.36821161301, 0.034364607732],
      [0.16664468892, 0.02453183424, 0.025691882421, 0.53737356243, 0.088722753015, 0.15703527897],
      [0.022599214739, 0.00017978478534, 0.25470438675, 0.001052139333, 0.3882885824, 0.33317589199]
    ],
    [
      [0.00016612386215, 0.14626496103, 0.00023056949864, 0.85322188881, 0.000116456806, 0],
      [0.00350123932, 0.16368416169, 0.40078395998, 0.2812694082, 0.14381883267, 0.0069423981365],
      [0.0026767411366, 0.0022443473182, 0.0015206704633, 0.0090710365898, 0.94042150434, 0.044065700152],
      [0.060242032097, 0.031124712726, 0.018632263704, 0.88729842473, 0.0027025667439, 0],
      [0.15079167647, 0.04989751664, 0.021247966366, 0.46072827568, 0.29639446218, 0.020940102661],
      [0.20892824697, 0.020918885291, 0.019385084038, 0.59068891188, 0.067928630399, 0.092150241424],
      [0.039125375098, 0.00027938227323, 0.2686145444, 0.0015555726426, 0.41598528596, 0.27443983963]
    ],
    [
      [0.00018861256305, 0.14436978365, 0, 0.85541365646, 2.7947331777e-05, 0],
      [0.0032128929976, 0.17467869806, 0.34869639871, 0.30714914318, 0.15754126845, 0.0087215986053],
      [0.0024985998044, 0.0012034772965, 0.00022497616715, 0.010814889878, 0.9345924176, 0.05066563925],
      [0.050903807118, 0.030991482794, 0.014851116828, 0.90063695802, 0.0026166352411, 0],
      [0.12732416719, 0.050415038952, 0.017494064796, 0.47379059777, 0.30619645441, 0.024779676872],
      [0.17624955663, 0.021171435258, 0.016012506971, 0.60724736601, 0.070451142392, 0.10886799274],
      [0.033108878568, 0.00015993074961, 0.22039485904, 0.0018066498993, 0.42550663975, 0.31902304199]
    ],
    [
      [0.00015928898668, 0.16245378044, 8.2470958998e-05, 0.83693419408, 0.00011093459684, 0.00025933093651],
      [0.0025429913555, 0.14493244746, 0.34868532767, 0.22129877968, 0.26813139847, 0.014409055359],
      [0.00059623050295, 0.0011223606375, 0, 0.0050859995356, 0.94292200123, 0.050273408092],
      [0.05722161009, 0.034968837506, 0.019738723646, 0.88122080935, 0.0061151377272, 0.00073488167715],
      [0.098219784701, 0.039150983122, 0.016342372085, 0.31959280605, 0.48873888687, 0.037955167173],
      [0.1592008601, 0.019273585641, 0.017511322859, 0.47927864874, 0.13117477642, 0.19356080623],
      [0.018249713938, 0.00014120238897, 0.14719868726, 0.00090730730322, 0.48630618368, 0.34719690543]
    ],
    [
      [0.00016164114097, 0.16910543041, 0.00026617443899, 0.83001935314, 0.00035577981047, 9.1621057557e-05],
      [0.0041637218813, 0.13886415391, 0.4177269792, 0.20076922566, 0.2281043575, 0.010371561855],
      [0, 0.0011900545097, 0.0011411984832, 0.0045595177578, 0.95105280478, 0.042056424469],
      [0.098127522826, 0.035270746609, 0.025146153792, 0.83527307607, 0.0058432196844, 0.00033928101522],
      [0.17442326722, 0.038903595434, 0.020262578189, 0.30328958189, 0.43444877923, 0.028672198037],
      [0.27252188791, 0.018294087926, 0.020752911059, 0.43661414904, 0.11156165632, 0.14025530774],
      [0.034991997002, 0.00013954715153, 0.19997055365, 0.0008569453989, 0.47448190396, 0.28955905283]
    ],
    [
      [0.00020685095141, 0.1503252761, 0.00025786511743, 0.84882122461, 0.00022516851612, 0.0001636147091],
      [0.0026987058821, 0.12865278066, 0.39658522551, 0.21411666036, 0.24588486011, 0.012061767477],
      [0.0014983466825, 0.00062805387754, 0.0010022942179, 0.004079542381, 0.94691285706, 0.04587890578],
      [0.060092765021, 0.031567446407, 0.023884701051, 0.87801120377, 0.0059358709119, 0.00050801284359],
      [0.10795925955, 0.036584567277, 0.019680570359, 0.32742061296, 0.47468014959, 0.033674840257],
      [0.17451690565, 0.017867309581, 0.020940515361, 0.48929531762, 0.12652838269, 0.17085156911],
      [0.020388725163, 9.0799566702e-05, 0.17994708637, 0.00082102585722, 0.48263506334, 0.3161172997]
    ],
    [
      [0.00036382525154, 0.12970470598, 0.00045705687932, 0.86744714746, 0.0013625486589, 0.00066471576526],
      [0.0024196058852, 0.047992419069, 0.34728821262, 0.10620330339, 0.46956149827, 0.026534960771],
      [0, 0, 0, 0, 0.94538399184, 0.054616008156],
      [0.11501883345, 0, 0.056673144828, 0.78294616538, 0.043332852718, 0.0020290036173],
      [0.082121083038, 0, 0.013812395241, 0.12911353299, 0.71576192874, 0.059191059996],
      [0.13892554248, 0.0070356292067, 0.017808915286, 0.23686976527, 0.23236614319, 0.36699400457],
      [0.0087368509011, 0, 0.087766697157, 0, 0.51178518614, 0.3917112658]
    ],
    [
      [0.00021940973111, 0.19022144291, 0.00031875855483, 0.8084989129, 0.00051251135962, 0.00022896454069],
      [0.0025973372558, 0.12039777079, 0.41120304394, 0.15092433658, 0.3004192714, 0.014458240039],
      [0.0019983621748, 0.0013407585886, 0.0013174530491, 0, 0.95000777174, 0.045335654452],
      [0.081431578025, 0.039724180883, 0.032807733248, 0.8352791911, 0.0099761118505, 0.00078120489154],
      [0.10344216467, 0.03377937195, 0.019934116615, 0.22819422264, 0.57459130245, 0.040058821675],
      [0.18532465067, 0.01826513097, 0.023449427329, 0.37843102527, 0.16934285071, 0.22518691505],
      [0.016856586456, 0.00013690646779, 0.15706205046, 0.00028875270448, 0.50210263618, 0.32355306773]
    ],
    [
      [0.00023329126973, 0.18703947416, 0.00033656054737, 0.81174518911, 0.00047608124279, 0.00016940366754],
      [0.002798401504, 0.12208535993, 0.4357935066, 0.15664834573, 0.27039700847, 0.012277377777],
      [0.0018232992597, 0.0010569163294, 0.0012431177883, 0.00074418646974, 0.95286141308, 0.042271067071],
      [0.082647796561, 0.038884727067, 0.033695739504, 0.83540770827, 0.008802905686, 0.00056112290808],
      [0.11862390221, 0.035938932175, 0.022254169889, 0.24786282364, 0.53980877712, 0.035511394968],
      [0.2066094099, 0.018894976362, 0.025466061119, 0.39944727625, 0.1551441323, 0.19443814407],
      [0.020259422592, 0.00013362119827, 0.18405610041, 0.00035318329246, 0.49459712869, 0.30060054381]
    ],
    [
      [0.00034410892886, 0.17920813056, 0.00048847921348, 0.81859425862, 0.0011073634349, 0.00025765923568],
      [0.0031096604784, 0.078308953891, 0.41177520437, 0.1055935293, 0.38758319548, 0.013629456477],
      [0, 0, 0, 0, 0.9685561337, 0.031443866298],
      [0.14903042954, 0.02737178462, 0.074932656659, 0.72348373479, 0.024469922034, 0.00071147236382],
      [0.11266520779, 0.019897166156, 0.018389182162, 0.14444154188, 0.67031488916, 0.034292012844],
      [0.23349732272, 0.012437383437, 0.024913835752, 0.27688991235, 0.22866990509, 0.22359164065],
      [0.017711215503, 0, 0.14027793262, 0, 0.57144331728, 0.2705675346]
    ],
    [
      [0.0002184870924, 0.40064994862, 0.00024204084638, 0.59825418655, 0.00045667842433, 0.00017865846928],
      [0.0032061460061, 0.27604177801, 0.33818544524, 0.12183789987, 0.24875239916, 0.011976331719],
      [0, 0, 0.00020525038883, 0.0016088225025, 0.95261924641, 0.045566680695],
      [0.12716139478, 0.070941053469, 0.041229329366, 0.75048915244, 0.0094654230367, 0.00071364691077],
      [0.1434813648, 0.083204617234, 0.018085075967, 0.20093192887, 0.51817749877, 0.036119514362],
      [0.2550307126, 0.044343251191, 0.020982748798, 0.32874104152, 0.15090095672, 0.20000128916],
      [0.025187517944, 0, 0.15643412412, 0.00039103881304, 0.49785788189, 0.32012943723]
    ],
    [
      [0.00026517531974, 0.16287928904, 0.00077679563475, 0.83503961516, 0.00061979513588, 0.00041932971186],
      [0.0031059851306, 0.081603216883, 0.48720891997, 0.12386000744, 0.29119094214, 0.013030928434],
      [0, 0, 0.002386162594, 0.00059196090312, 0.95449366114, 0.042528215362],
      [0.11462920022, 0.029030831457, 0.046172333406, 0.79775154771, 0.011306843776, 0.001109243425],
      [0.13406391836, 0.023958121027, 0.024893773566, 0.19606744117, 0.5834002562, 0.037616489673],
      [0.24293955548, 0.012978938668, 0.029685053277, 0.32783516589, 0.17326124033, 0.21330004636],
      [0.020992370093, 0, 0.18969029241, 0.00021610063, 0.49472770563, 0.29437353123]
    ],
    [
      [0.00076546516908, 0.26641265092, 0.00028274006559, 0.73215464046, 0.00028661847067, 9.7884921636e-05],
      [0.0028152603929, 0.19682218141, 0.35820677403, 0.1601858939, 0.26539916901, 0.01657072125],
      [0.00046710130867, 0, 0.00064104675199, 0.0046845540472, 0.93706999001, 0.057137307882],
      [0.080792282553, 0.055114985993, 0.027153643981, 0.82819633162, 0.0081693421481, 0.00057341370428],
      [0.10896947998, 0.056386840658, 0.017987969483, 0.24832480355, 0.52113762294, 0.047193283378],
      [0.18098757362, 0.028016227846, 0.019703839163, 0.38130556125, 0.14258897731, 0.24739782081],
      [0.01761996473, 0, 0.14178786918, 0.00079799056102, 0.45611801201, 0.38367616353]
    ],
    [
      [0, 0.15055458203, 0.0003090811477, 0.8486868513, 0.00028423919166, 0.00016524633198],
      [0.0035588106995, 0.13636875061, 0.43270196411, 0.22769200948, 0.18674622258, 0.012932242533],
      [0, 0.00048379408698, 0.001195150594, 0.007052842746, 0.92799732186, 0.063270890716],
      [0.078978856713, 0.031094553472, 0.024403169972, 0.86054076605, 0.004472166051, 0.00051048773671],
      [0.16103384366, 0.040544685733, 0.022503066249, 0.36294100711, 0.37529382823, 0.037683569022],
      [0.22858073941, 0.017392236359, 0.021098539498, 0.47610229268, 0.088332120505, 0.16849407155],
      [0.031298449875, 7.3122253615e-05, 0.21153238759, 0.0010657819675, 0.39251436879, 0.36351588952]
    ],
    [
      [0.00021173827224, 0.12789174216, 8.5047418295e-05, 0.87092940777, 0.00064712288731, 0.00023494148993],
      [0.0030047703976, 0.10544701208, 0.30711360396, 0.20881455046, 0.34144334977, 0.034176713324],
      [0.0024594866351, 0.0009359703597, 0, 0.00092559294084, 0.91738127971, 0.07829767035],
      [0.069541500365, 0.025662006544, 0, 0.87833398036, 0.010241831557, 0.016220681176],
      [0.10690662948, 0.023634857794, 0.0048249332584, 0.255927811, 0.53254944375, 0.076156324719],
      [0.14762464459, 0.010407196391, 0.011217507432, 0.34767304569, 0.1269352513, 0.35614235459],
      [0.013257391235, 0.00010441016848, 0.075164792778, 0.00025373740254, 0.38421216616, 0.52700750225]
    ],
    [
      [0, 0.12458024008, 0, 0.87458390645, 0.00037684442316, 0.00045900904608],
      [0.0017804826942, 0.13394157803, 0.30127182474, 0.27459834122, 0.27550276109, 0.012905012213],
      [0, 0, 0, 0.0053777548905, 0.95029543672, 0.044326808386],
      [0.033664871394, 0.024787805289, 0.0098497604454, 0.92504493504, 0.0057631815094, 0.00088944632287],
      [0.079136453552, 0.033470398456, 0.012733976911, 0.37204088488, 0.47071255979, 0.031905726416],
      [0.12841140123, 0.016274951097, 0.013782910339, 0.55451539351, 0.12581670786, 0.16119863597],
      [0.016321537289, 0, 0.13283712981, 0.0015542881441, 0.52385547057, 0.32543157419]
    ],
    [
      [3.6901768019e-05, 0.030148714405, 0.00023361148669, 0.9686401818, 0.00070984170317, 0.00023074883602],
      [0, 0, 0.6410023249, 0.074973857264, 0.2644555488, 0.019568269041],
      [0, 0, 0, 0, 0.93857254626, 0.061427453735],
      [0, 0, 0.049200649082, 0.93193196154, 0.0042665783857, 0.01460081099],
      [0, 0, 0.021264593537, 0.11114479116, 0.81569147524, 0.051899140064],
      [0.022556997389, 0.0027602824143, 0.014577356543, 0.28084725136, 0.27460424552, 0.40465386677],
      [0.001352022768, 5.8956455547e-06, 0.024225897386, 0.00020170846024, 0.56601440782, 0.40820006792]
    ],
    [
      [0.00026647275704, 0.25322673313, 0, 0.74584863667, 0.00065815744423, 0],
      [0.0022430046657, 0.17032157373, 0.54078064252, 0.14914324548, 0.12696445522, 0.010547078382],
      [0.0017809995392, 0, 0, 0.0094506564097, 0.91580760778, 0.072960736273],
      [0.067745169067, 0.055283168994, 0.039698563156, 0.82636938922, 0.0051590076319, 0.0057447019325],
      [0.13361143103, 0.072993743771, 0.040338983901, 0.34166202482, 0.3663767178, 0.045017098675],
      [0.1902048822, 0.03143714045, 0.038096147452, 0.45000335527, 0.087003683484, 0.20325479114],
      [0.021351684492, 0, 0.31153717163, 0.0011955290256, 0.31186526965, 0.3540503452]
    ],
    [
      [0.00015484321571, 0.17342105647, 0.00033782347225, 0.82568501889, 0, 0.0004012579602],
      [0.0027233106848, 0.14684861934, 0.38343659466, 0.20568471721, 0.24890943695, 0.012397321161],
      [0.0019334275765, 0.0020266781843, 0.001003392722, 0.0025468724169, 0.94627061191, 0.046219017192],
      [0.057882491555, 0.0377891745, 0.023928698289, 0.87413619812, 0.0053394768731, 0.00092396065922],
      [0.10066831692, 0.042107833054, 0.019140811194, 0.31726037948, 0.48641992674, 0.034402732608],
      [0.16598805313, 0.021007296967, 0.020737316033, 0.48325037532, 0.13137613708, 0.17764082147],
      [0.018730758108, 0.00025577293621, 0.17229927497, 0.00062887182833, 0.48807633099, 0.32000899117]
    ]
  ],
  "expected_outcome": [
    [
      [0, 0.025280662984, 0, 0, 0, 0, 0.017464648453, 0.0051233353226, 0, 0.0020451113819, 0.0014474214643, 0.013223894692, 0.0054820874508, 0.047907591014, 0.013698852854, 0.0042026696651, 0.007032932348, 0.0043659030185, 0.0017552778489, 0.0044325341248, 0.0044734160751, 0.002184870924, 0.01034183747, 0.052051631497, 0, 0.00063521481671, 0, 0, 0.078076517813, 0.0072776311384],
      [19.7971457762, 22.3959158655, 24.2600755895, 11.9237949844, 18.2697592105, 21.3687054714, 15.4089124245, 6.1740428891, 20.3260681746, 1.3161502518, 5.8251713627, 17.5423049718, 4.8267437139, 36.6699250469, 13.9710251179, 4.3967411907, 5.1110593874, 1.5564564718, 1.5217715433, 3.5537500091, 2.3297056973, 4.0064994862, 6.3522922725, 18.1160602623, 13.0982486367, 0.38367522647, 13.952986889, 0, 74.1954328072, 8.1507896539],
      [0.071952422561, 0.0066981399805, 0.07791393229, 0.027694440052, 0.036260117268, 0.044256879887, 0.021700904689, 0.0078490876155, 0.027849774766, 0.0037224140902, 0, 0.022743538301, 0.007608793455, 0, 0.0070925024738, 0.0069205354137, 0.0087674139925, 0.0054846825518, 0.0025500684387, 0.0063946504, 0.0063502297753, 0.0024204084638, 0.030295029755, 0.01922632446, 0.02689005985, 0.00025514225488, 0, 0, 0, 0.015877703196],
      [114.1309018012, 95.5721053315, 148.6620104783, 71.030966899, 90.6506812196, 99.533571792, 71.5208354505, 19.7973386184, 76.5999907064, 9.6757524278, 23.1576368912, 79.3920681813, 28.1563223306, 217.2750687398, 71.9763406909, 21.5805031816, 28.8599216366, 10.4093657696, 6.4679913032, 15.4231585931, 10.6417253621, 5.9825418655, 32.5665449912, 49.7865155511, 73.8357560629, 2.6127882233, 97.9533975225, 0, 218.5336505438, 38.8071958876],
      [0, 0, 0, 0, 0, 0.053465856731, 0.019433260327, 0.011326316584, 0.025887241469, 0.0023297949085, 0.015744324673, 0.014020546188, 0.0038430745979, 0.0070986222712, 0.0095403753282, 0.0092502750721, 0.0076557295482, 0.016350583907, 0.004100090877, 0.0090455436129, 0.014395724653, 0.0045667842433, 0.024172010299, 0.019490056006, 0.024728809675, 0.0019413686619, 0.042206575394, 0, 0.19284013116, 0],
      [0, 0, 0, 0.017543676488, 0.043299452702, 0, 0.011653311509, 0.0043197529438, 0.020204102752, 0, 0, 0.015638867721, 0, 0, 0.02230246054, 0.0023821474965, 0.0055629001093, 0.0079765891831, 0.0018317163255, 0.0032186696833, 0.0033495700638, 0.0017865846928, 0.016353858763, 0.0066561746712, 0.014376430882, 0.0007048244698, 0.051409013161, 0, 0, 0.018859124129]
    ],
    [
      [0.17789678226, 0.17368998455, 0.18751716983, 0.10841535188, 0.1080952066, 0.040458869609, 0.15806074823, 0.11363109823, 0.23279165406, 0.034471502489, 0.10837832872, 0.14196317068, 0.11554089756, 0.38233426671, 0.19326734302, 0.10409304703, 0.13223658822, 0.065329358901, 0.044154733348, 0.050371227072, 0.10572845627, 0.076947504147, 0.074543643135, 0.073196770217, 0.21352864197, 0.0060095407953, 0.08012172124, 0, 0.47327398446, 0.13071891287],
      [11.8990524808, 10.7629946912, 11.5999754993, 5.4335964797, 14.2355758702, 6.5863598379, 8.1148895888, 6.817997605, 11.7128526696, 1.7399830984, 5.7248526592, 9.9104272338, 5.4015773356, 20.7867650693, 11.014866007, 3.4716038478, 6.3039862522, 1.2957953149, 2.0467621035, 2.1975364787, 2.6625044323, 6.6250026721, 1.9584772052, 5.1173767167, 8.1821250364, 0.21089402416, 6.0273710115, 0, 35.9378520575, 7.0487337281],
      [21.5719607651, 16.5687228046, 24.672066449, 16.5315758112, 37.0632691812, 17.7963199683, 21.5593092214, 17.4262127752, 30.8088988848, 6.2312334291, 9.5533541342, 27.3138696174, 13.2258706794, 41.494871446, 26.5000849029, 10.4431744799, 19.43267605, 9.3767817407, 6.9904517469, 7.8442831187, 14.0003569486, 8.1164506858, 11.6930140794, 9.3133761249, 25.9621178464, 0.61422720792, 13.5572321134, 0.6410023249, 114.1047155726, 18.4049565438],
      [20.2467123026, 13.6100814837, 21.018798101, 9.5781390969, 20.7562924014, 9.0209663736, 11.1589391265, 6.4682866256, 13.0868193986, 3.7178719258, 6.717337704, 13.2957588128, 9.2818904706, 36.5507480387, 16.8187072559, 5.0192306414, 10.4917163577, 2.8674891916, 2.5657137219, 2.8196702231, 3.5901799964, 2.9241095969, 2.9726401785, 4.1648332414, 13.6615205686, 0.41762910093, 12.3569253551, 0.074973857264, 31.4692247953, 9.8728664258],
      [6.5658894747, 7.4819331024, 8.1007656883, 4.0569987924, 8.2944286745, 5.2986085364, 10.3344485191, 10.6650688374, 12.3829665421, 3.1514273145, 5.4470916067, 9.7123568419, 4.7460214783, 18.7474109452, 20.3779862839, 5.7026089374, 12.0483581455, 12.6781604532, 5.1071276138, 4.8671461524, 13.1778286463, 5.9700575798, 6.9885826114, 6.9003783943, 11.2047733546, 0.68288669955, 12.3976242493, 0.2644555488, 26.7895000516, 11.9476529736],
      [0.53848819453, 0.40257793362, 0.42087709264, 0.29127446798, 0.54233866604, 0.25728641423, 0.67435279597, 0.50880305858, 0.77567085083, 0.12501272968, 0.44898556718, 0.62562432351, 0.2290991385, 1.037870234, 1.0950882073, 0.25928904637, 0.59102660636, 0.71644394081, 0.24579008066, 0.22099279999, 0.46340152023, 0.28743196126, 0.31274228242, 0.43083875251, 0.775934552, 0.068353426649, 0.58072554957, 0.019568269041, 2.2254335386, 0.59507141571]
    ],
    [
      [0.95202322895, 0.90111466712, 1.1072984176, 1.0494503685, 0, 0, 0.88232207999, 1.0842023741, 0, 0.20361455174, 0.21686522296, 0.7919996436, 0.83781997576, 1.6690646693, 0.32852300712, 0, 0.59484363297, 0, 0.72940219381, 0.92988262247, 0, 0, 0, 0.10883460492, 0, 0.39597734826, 0, 0, 2.9974222245, 0.35381724649],
      [0.95650697336, 0.54307457185, 0.78054813512, 0.62445014644, 0.95212561733, 0, 0.87174289454, 0.84117687998, 0.57745336962, 0.063896659349, 0.46252981342, 1.1193002278, 0.70248071058, 0.80392283407, 0.61842071124, 0.55932561956, 0.24933738938, 0, 0.48937688483, 0.53902732797, 0, 0, 0, 0, 0.21432078053, 0.15069122791, 0, 0, 0, 0.37088210773],
      [0.65514838182, 0.18053372016, 0.66678117382, 0.55955531138, 0.51434916084, 0.18198017068, 0.59853282992, 0.83957917604, 0.72092930874, 0.25335266628, 0, 0.67721970079, 0.475969855, 0.15028407966, 0, 0.5363632871, 0.39791080451, 0, 0.48087036293, 0.63399007204, 0, 0.10385669675, 0.55358972181, 0.14936389321, 0.52945171316, 0, 0, 0, 0, 0.18362086812],
      [5.0547336813, 3.6709831363, 5.3632447012, 3.584866781, 4.1955405578, 2.7330679221, 3.2439274114, 1.2426678559, 4.324217568, 0.57366981684, 1.7334871132, 4.7871916422, 2.8392344526, 7.2243464382, 2.8023857441, 2.1429733462, 1.6195783253, 0, 0, 0.37953509957, 0, 0.81406418625, 0.13733492952, 1.091501093, 3.1244093365, 0.14902046347, 1.817681153, 0, 15.9054547375, 0.46607765229],
      [289.0885635493, 338.9044304563, 361.7233404054, 283.1998431864, 262.9085938745, 235.8533072482, 617.7356342887, 775.6669542422, 657.6168579601, 111.6395001325, 241.4593129771, 677.486817921, 294.3519308584, 624.3077349599, 519.5500226788, 446.9948182468, 375.9244042534, 312.9221013005, 346.7528366833, 485.9593206719, 630.53004304, 482.0253386855, 221.4425293847, 218.3373076722, 411.1028135828, 147.698386034, 321.1998576126, 11.2628705552, 1541.3042038905, 173.1675219792],
      [23.2930241853, 17.7998634483, 18.3587871668, 19.9818342062, 16.4293907895, 11.2316446591, 39.6678404954, 36.3254194718, 40.7605417936, 4.2659661733, 19.1278048733, 43.1374708647, 13.7925641476, 33.8446470188, 27.7006478587, 19.7665195003, 18.2139255945, 18.0778986995, 16.5475138751, 21.558244206, 20.46995696, 23.0567404315, 9.8665459639, 13.3129927366, 28.0290045871, 12.6059249263, 14.9824612344, 0.73712944482, 122.7929191475, 8.4580801461]
    ],
    [
      [11.094112889, 14.8349048042, 12.0245940252, 9.6398584462, 6.8020176508, 6.8544635177, 9.8476153981, 7.9074112922, 16.0360859618, 1.1931847622, 5.3292924406, 10.3496146154, 5.2410567925, 26.5208835084, 10.128224986, 4.3176110043, 4.5069573765, 4.7157721716, 3.9087157452, 4.2150376246, 8.7927953427, 5.3407785806, 9.2849652182, 9.5334893412, 16.4276021963, 2.0862450109, 5.5210389086, 0, 35.8371944366, 4.7463643075],
      [8.5077961637, 10.0823689429, 8.446387928, 5.4756771987, 7.9951577404, 10.6992837395, 5.4625152805, 5.1068941246, 8.6912601833, 0.67000819196, 2.9692338427, 7.7898484615, 2.7078500071, 16.1465625357, 6.1894842386, 1.5519128508, 2.3675584805, 0, 1.9067606824, 1.9831210804, 1.6149352926, 2.9795242457, 2.3514973481, 6.5035683471, 6.4676671222, 0.76986019633, 4.0652000674, 0, 29.244796398, 3.098712309],
      [3.9235501941, 3.7835784732, 4.5225487321, 4.0669615027, 4.918182019, 6.6689299554, 3.5611867298, 3.2078198685, 5.4465976617, 0.58039459051, 1.1841871868, 5.2630420372, 1.6210069422, 7.7374318675, 3.4937540853, 1.1064307668, 1.7913525788, 2.323598938, 1.5747711959, 1.7184827147, 4.4210267429, 1.7316318334, 3.7399590059, 3.2041299897, 5.0758593543, 0, 1.615360713, 0.29520389449, 21.0005399094, 1.9621532597],
      [235.4745407532, 211.6719238931, 251.7734732957, 158.6076307943, 184.1135752522, 221.8223950032, 124.3604262845, 80.8995807413, 155.8001582394, 24.4338744101, 58.1764684599, 172.7462727258, 77.1949629515, 469.2318551278, 155.9760832555, 36.7520153473, 65.8508402824, 32.1007927807, 40.0934011729, 42.605793122, 42.6855403524, 31.5205444025, 64.6178753646, 97.7271671313, 178.9924793394, 26.3500194108, 151.7073693464, 5.5915917693, 437.1494068965, 71.6791682461],
      [0, 0.62722388669, 0.23299601888, 0.11375867803, 0, 0.94257193041, 0.70163917574, 0.82238902912, 0.91500731443, 0.12176490967, 0.34081806993, 0.75672305401, 0.23512330671, 1.3632669606, 1.0823793777, 0.25710166612, 0.4451903184, 1.7766469614, 0.47885336882, 0.44894818999, 1.4437254, 0.39754776754, 0.91585434586, 0.96398237347, 0.93021053861, 0.3072549467, 0.94516176755, 0.025599470314, 2.7291150373, 0.43783710359],
      [0, 0, 0, 0.096113380025, 0.17106733767, 0.012355853755, 0.06661713137, 0.055904944181, 0.1108906393, 0.00077313563723, 0, 0.094499106063, 0, 0, 0.13007405685, 0.01492836467, 0.038100963269, 0.08318914831, 0.037497834794, 0.028617268312, 0.041976869465, 0.029973170253, 0.089848717424, 0.067662817105, 0.10618144924, 0.48662043527, 0.14586919695, 0.087604865943, 3.0389473223, 0.075764774056]
    ],
    [
      [7.0223568868, 11.2121803857, 12.8446810715, 9.3077239668, 5.9397723384, 5.2749547781, 10.1092333179, 7.6894535308, 15.2152114352, 2.9430421584, 11.7484231387, 13.3209257306, 8.2935422061, 21.77243259, 8.545121269, 7.151353956, 4.4263296417, 2.9563589894, 4.6548974102, 7.354681937, 5.6332603896, 5.3088104974, 4.2900453874, 4.0318707594, 14.3320120855, 2.1381325896, 6.9640079126, 0, 29.7953491191, 2.2147029723],
      [3.4251213552, 4.9412878589, 5.8390204087, 3.4313971621, 4.0644562644, 3.8865133601, 3.613603801, 3.2036256759, 5.0429512899, 1.0625791554, 4.1992272334, 6.4656540484, 2.7443634152, 8.6209716609, 3.4061355316, 1.5950474128, 1.4999672584, 0, 1.5200717377, 2.2282137948, 0.99485830778, 3.0785708377, 0.76665987287, 2.0863131044, 3.6084770303, 0.47269715587, 2.9453950642, 0, 16.2776048609, 0.92637232719],
      [1.0904840602, 1.3246702985, 2.1815013461, 1.8087003872, 1.8435652982, 1.8160374287, 1.675250775, 1.4318758878, 2.3158849911, 0.65920143174, 1.1739343157, 3.1047060602, 1.1686381501, 2.99148508, 1.4217863714, 0.83076570576, 0.80690338472, 0.49724622868, 0.89703524765, 1.3797585331, 0.9194591081, 0.66914781078, 0.79660075412, 0.66555487086, 2.0027728961, 0.096498665167, 1.1205899682, 0.063793780612, 8.9955934098, 0.42109784627],
      [31.1724446313, 33.4933744673, 56.5622004268, 32.3779041636, 31.6389478825, 28.4368134017, 26.6084615884, 16.3412063623, 30.1748904512, 12.3565849597, 26.5167997013, 46.4098725545, 25.3400551624, 81.0181922195, 27.8045741261, 12.4348728575, 13.4242451315, 4.6480871876, 10.2687400188, 15.3674950654, 7.222077094, 7.4344813682, 6.2741581176, 9.1880177315, 32.3017496324, 5.11855622, 32.739597869, 0.33343437348, 76.1906315359, 6.9797283486],
      [12.7621793351, 23.2072800178, 27.4747195402, 17.2816854033, 16.0459482377, 21.0965072286, 31.0533287452, 33.9816622313, 35.9890447422, 13.216964265, 27.1196386623, 42.7125471093, 16.3016954198, 52.3595937045, 42.520283158, 17.8123999484, 19.4618861331, 25.7674294345, 25.8566086103, 33.4681441816, 33.5157444582, 19.1725674545, 18.6688081985, 19.2820920489, 33.4011507127, 10.650988875, 41.4227052615, 2.4470744257, 81.7020080698, 10.7012383883],
      [1.5274137314, 1.8212069718, 2.0978772068, 1.792588917, 1.4673099789, 1.4891738028, 2.9401217724, 2.352176312, 3.2620170904, 0.76162802974, 3.2419769486, 3.9862944969, 1.1517056463, 4.2373247451, 3.3020995441, 1.1755601195, 1.3806684505, 2.1308781599, 1.8026469754, 2.201706488, 1.7146006422, 1.3364220314, 1.2037276695, 1.746151485, 3.3538376429, 1.5231264944, 2.8077039246, 0.15569742019, 10.0388130046, 0.75686011737]
    ],
    [
      [9.451792042, 16.9672993735, 7.7310430299, 9.8622230546, 7.0164122588, 6.5308678276, 13.9805166625, 6.7268924878, 16.3467373144, 1.3424761772, 7.4953701416, 14.6647326248, 6.058919162, 32.9586670892, 14.8056799894, 6.2680034219, 4.5374395468, 2.917436392, 5.1890902188, 5.3718446574, 7.4719143272, 1.7852149882, 10.6893404409, 7.6014780919, 18.7436206313, 0.14762464459, 7.9615068762, 0, 32.3348299742, 3.1537730094],
      [1.4029586946, 2.2645477033, 1.0670498147, 1.1046171544, 1.46062051, 1.4555877096, 1.5150500713, 0.84662157459, 1.6393225291, 0.14619943567, 0.81091707753, 2.1588014131, 0.60664767343, 3.9590583932, 1.7924434646, 0.42076402231, 0.4645500491, 0.14774821334, 0.51142366716, 0.49126938542, 0.39799626999, 0.31040275834, 0.57107330139, 1.1766815695, 1.4261633815, 0.010407196391, 1.009046968, 0, 5.3443138765, 0.39913864238],
      [0.9732331384, 1.3247286629, 0.86584649758, 1.267541932, 1.4382211638, 1.4794131551, 1.530750976, 0.82509529524, 1.6423572542, 0.19495849874, 0.51076835521, 2.260885653, 0.5621674371, 2.9943388036, 1.6285530259, 0.47731695435, 0.54445339938, 0.37398722101, 0.65658396522, 0.6621175891, 0.79724274406, 0.14687924159, 1.3061423442, 0.82756124486, 1.7300802388, 0.011217507432, 0.85454044102, 0, 6.4763450669, 0.39400900463],
      [38.8374926768, 46.8977302769, 31.5508212824, 31.7711339219, 34.5419570674, 32.4283772652, 34.0400140851, 13.2176176537, 29.948733132, 5.2276910714, 15.6614333571, 47.288873494, 17.1299784446, 113.555257444, 44.5729143332, 10.0421254279, 12.721678258, 4.9742650706, 10.5960687076, 10.3856291824, 8.8604771951, 2.3011872907, 14.4247472991, 16.0148335726, 39.0403879995, 0.34767304569, 34.3799543978, 0, 76.5005703957, 9.1817571311],
      [2.830117032, 5.8187312681, 2.7460733695, 3.0203334514, 3.11831908, 4.3099790867, 7.1209743318, 4.9161031916, 6.4092409122, 0.98685764797, 2.8752361264, 7.8076022654, 1.9699302816, 13.1743636273, 12.1992542074, 2.5659180954, 3.2897379499, 4.8796890071, 4.7415998199, 4.0337474399, 7.317436963, 1.0563066971, 7.6234945745, 5.9887370469, 7.2432338814, 0.1269352513, 7.8006358871, 0, 14.7906261922, 2.4961466045],
      [6.5044064163, 8.7269627152, 4.0391660059, 5.9741504858, 5.4244699201, 5.7957749558, 12.8126938733, 6.4676697971, 11.0136088582, 1.101817169, 6.6462749422, 13.8191045496, 2.6723570013, 20.3583146428, 18.0011549795, 3.2258720781, 4.4421407968, 7.706874096, 6.3052336213, 5.0553917458, 7.1549325007, 1.4000090242, 9.3852020399, 10.3907084742, 13.8165138674, 0.35614235459, 9.9943154299, 0, 34.5533144946, 3.375175608]
    ],
    [
      [1.3018181709, 1.885530122, 1.1048662859, 1.032328812, 1.1337025455, 0.29925500695, 2.0047871448, 1.4732858816, 2.1691736346, 0.28116573662, 1.100223306, 1.7175403202, 1.4476388786, 2.6487102854, 0.98548455265, 1.1547359011, 0.79516028135, 0.34073718514, 0.47198442077, 1.0737493974, 0.99182806819, 1.4860635587, 0.65076347288, 0.59907880082, 1.2832364449, 0.22537565099, 0.47332458139, 0, 4.4838537434, 0.39334592027],
      [0.011418556153, 0.0098103663729, 0.006942624761, 0.0064668742565, 0.022304787115, 0.0035498815824, 0.013285939317, 0.009641250823, 0.010091783882, 0.0011832074542, 0.0080680110199, 0.013663643686, 0.010337144109, 0.012794459969, 0.0076249290043, 0.0046050560004, 0.0035411831014, 0, 0.003833381098, 0.0070819235083, 0, 0, 0, 0, 0.0029980123982, 0.0017749728642, 0, 0, 0, 0.0053712316604],
      [9.7136710378, 10.8110679007, 9.013341869, 9.7379706156, 17.1861530598, 5.013062442, 16.0532685632, 13.2615679096, 16.0374821247, 3.0771369695, 5.577756008, 19.357533393, 9.9387381427, 17.6315887232, 7.9487291121, 6.5990282706, 7.0179363685, 3.4229011891, 4.3977374129, 9.7549733219, 7.8555642266, 9.2296133233, 5.8803990649, 4.820787552, 8.6728278913, 1.2778014772, 3.8522767644, 0, 65.4228060413, 3.6182847743],
      [0.083174153601, 0.083801411193, 0.06945171467, 0.049358343236, 0.10300561913, 0.024808242279, 0.067396053601, 0.033302142845, 0.065190504369, 0.014555388273, 0.036836773387, 0.079962589305, 0.057556187775, 0.14453199194, 0.048994594374, 0.028279198164, 0.032020008432, 0, 0.0080850757256, 0.0187187145, 0, 0.02307128997, 0.0066991195299, 0.027131679075, 0.043697060669, 0.0043135358432, 0.045074356179, 0, 0.25106109538, 0.013206308395],
