{
  "X": [
    [39, 76, 0],
    [50, 89, 5],
    [16, 29, 2],
    [19, 31, 2],
    [23, 35, 5],
    [56, 163, 2],
    [4, 21, 1],
    [2, 4, 0],
    [6, 7, 0],
    [14, 35, 1],
    [12, 23, 1],
    [11, 39, 1],
    [12, 45, 0],
    [19, 11, 0],
    [7, 18, 3],
    [4, 14, 2],
    [16, 36, 9],
    [8, 20, 0],
    [2, 16, 1],
    [11, 8, 0],
    [10, 37, 0],
    [0, 8, 0],
    [16, 35, 1],
    [29, 74, 1],
    [49, 116, 11],
    [36, 63, 1],
    [12, 30, 0],
    [12, 37, 1],
    [3, 13, 0],
    [10, 31, 1],
    [5, 15, 1],
    [20, 52, 1],
    [23, 63, 1],
    [44, 89, 3],
    [34, 129, 3],
    [31, 63, 5],
    [27, 42, 3],
    [20, 43, 4],
    [31, 57, 1],
    [18, 70, 3],
    [8, 19, 1],
    [13, 29, 1],
    [9, 12, 1],
    [4, 6, 0],
    [18, 41, 5],
    [22, 28, 3],
    [19, 38, 1],
    [4, 8, 1],
    [3, 3, 0],
    [1, 8, 0],
    [3, 6, 1],
    [4, 10, 1],
    [5, 18, 0],
    [9, 20, 0],
    [7, 39, 2],
    [0, 5, 1],
    [0, 25, 3],
    [4, 6, 1],
    [13, 44, 2],
    [12, 22, 5],
    [11, 18, 1],
    [19, 39, 1],
    [9, 22, 2],
    [7, 19, 0],
    [12, 29, 1],
    [27, 29, 7],
    [6, 9, 1],
    [6, 27, 0],
    [8, 15, 2],
    [7, 19, 3],
    [3, 10, 0],
    [9, 21, 1],
    [9, 20, 3],
    [5, 19, 1],
    [19, 74, 6],
    [6, 11, 2],
    [3, 13, 1],
    [4, 19, 1],
    [42, 121, 5],
    [29, 68, 5],
    [33, 54, 2],
    [28, 59, 0],
    [5, 19, 0],
    [2, 3, 1],
    [1, 4, 2],
    [14, 13, 0],
    [11, 21, 2],
    [8, 9, 0],
    [4, 25, 1],
    [22, 31, 0],
    [45, 86, 7],
    [20, 14, 1],
    [2, 13, 0],
    [12, 26, 3],
    [33, 94, 3],
    [5, 19, 1],
    [16, 40, 0],
    [41, 99, 4],
    [11, 47, 2],
    [22, 46, 4],
    [33, 76, 6],
    [7, 21, 0],
    [9, 49, 0],
    [42, 220, 1],
    [11, 74, 4],
    [7, 39, 1],
    [14, 69, 2],
    [30, 46, 6],
    [0, 19, 2],
    [9, 27, 2],
    [12, 14, 1],
    [11, 14, 1],
    [8, 25, 2],
    [3, 19, 0],
    [32, 69, 7],
    [2, 11, 0],
    [2, 16, 0],
    [7, 15, 0],
    [3, 9, 2],
    [7, 15, 1],
    [8, 20, 0],
    [12, 22, 2],
    [8, 14, 1],
    [5, 16, 1],
    [37, 60, 4],
    [31, 75, 3],
    [21, 43, 1],
    [14, 21, 1],
    [13, 17, 2],
    [7, 7, 2],
    [7, 26, 0],
    [10, 15, 2],
    [15, 17, 2],
    [23, 53, 0],
    [9, 11, 0],
    [34, 80, 2],
    [13, 45, 2],
    [2, 7, 0],
    [8, 31, 1],
    [8, 30, 2],
    [10, 13, 1],
    [11, 24, 1],
    [5, 17, 0],
    [20, 47, 4],
    [17, 14, 0],
    [22, 61, 2],
    [8, 17, 0],
    [12, 27, 3],
    [4, 5, 0],
    [7, 23, 0],
    [21, 31, 0],
    [15, 19, 2],
    [12, 20, 0],
    [3, 13, 0],
    [55, 99, 10],
    [11, 23, 3],
    [10, 29, 1],
    [23, 60, 2],
    [25, 36, 2],
    [10, 36, 0],
    [31, 67, 1],
    [10, 24, 0],
    [0, 7, 0],
    [15, 45, 2],
    [1, 5, 0],
    [6, 16, 0],
    [12, 30, 1],
    [12, 41, 1],
    [8, 15, 0],
    [5, 1, 0],
    [9, 17, 1],
    [17, 22, 2],
    [9, 18, 0],
    [20, 59, 3],
    [14, 47, 5],
    [22, 56, 2],
    [21, 39, 3],
    [6, 13, 1],
    [1, 5, 0],
    [3, 12, 1],
    [8, 16, 0],
    [1, 6, 0],
    [4, 3, 0],
    [24, 66, 1],
    [4, 4, 0],
    [1, 7, 0],
    [5, 28, 0],
    [11, 37, 3],
    [16, 22, 1],
    [23, 44, 2],
    [3, 3, 0],
    [1, 16, 1],
    [0, 10, 2],
    [7, 13, 0],
    [2, 14, 0],
    [4, 4, 0],
    [8, 37, 1],
    [10, 27, 0],
    [3, 3, 0],
    [2, 7, 1],
    [2, 8, 0],
    [7, 12, 0],
    [4, 6, 3],
    [26, 124, 6],
    [117, 89, 3],
    [4, 8, 0],
    [9, 12, 1],
    [3, 9, 2],
    [23, 103, 3],
    [3, 8, 0],
    [2, 4, 1],
    [9, 16, 0],
    [14, 46, 2],
    [14, 24, 1],
    [21, 72, 2],
    [16, 64, 8],
    [34, 110, 0],
    [5, 14, 0],
    [21, 59, 2],
    [4, 3, 1],
    [6, 26, 0],
    [2, 12, 0],
    [1, 6, 1],
    [7, 6, 2],
    [4, 13, 1],
    [2, 9, 0],
    [5, 19, 0],
    [15, 14, 2],
    [2, 28, 2],
    [4, 7, 0],
    [1, 8, 0],
    [3, 6, 0],
    [0, 8, 0],
    [1, 14, 2],
    [1, 6, 1],
    [1, 8, 0],
    [4, 5, 0],
    [10, 10, 0],
    [1, 6, 1],
    [13, 12, 1],
    [0, 7, 0],
    [19, 61, 1],
    [31, 96, 9],
    [0, 11, 0],
    [18, 35, 2],
    [0, 11, 0],
    [3, 16, 0],
    [10, 20, 0],
    [10, 6, 2],
    [9, 24, 0],
    [8, 15, 3],
    [12, 33, 1],
    [6, 5, 1],
    [51, 85, 8],
    [37, 86, 5],
    [16, 31, 0],
    [32, 77, 8],
    [10, 23, 2],
    [10, 23, 2],
    [4, 3, 0],
    [8, 44, 2],
    [29, 52, 2],
    [1, 7, 0],
    [5, 7, 2],
    [1, 9, 2],
    [1, 5, 1],
    [3, 22, 5],
    [26, 46, 0],
    [31, 44, 3],
    [18, 19, 0],
    [25, 30, 4],
    [5, 12, 1],
    [6, 25, 1],
    [46, 24, 3],
    [26, 31, 2],
    [45, 46, 3],
    [43, 52, 2],
    [25, 51, 0],
    [86, 106, 14],
    [12, 17, 0],
    [24, 49, 3],
    [7, 6, 1],
    [2, 13, 0],
    [6, 2, 0],
    [18, 26, 5],
    [7, 24, 0],
    [10, 30, 1],
    [18, 67, 5],
    [7, 23, 2],
    [2, 22, 0],
    [3, 16, 0],
    [8, 28, 0],
    [3, 6, 0],
    [4, 8, 0],
    [0, 5, 1],
    [8, 9, 0],
    [13, 80, 5],
    [0, 6, 0],
    [4, 12, 1],
    [5, 17, 1],
    [15, 55, 5],
    [1, 7, 0],
    [2, 8, 0],
    [27, 62, 3],
    [15, 45, 5],
    [18, 31, 5],
    [1, 9, 1],
    [3, 30, 0],
    [16, 80, 1],
    [2, 16, 1],
    [15, 72, 0],
    [11, 60, 0],
    [3, 21, 0],
    [37, 82, 1],
    [11, 18, 6],
    [13, 33, 3],
    [28, 41, 2],
    [24, 48, 4],
    [46, 101, 5],
    [20, 33, 0],
    [14, 16, 3],
    [11, 18, 0],
    [5, 25, 0],
    [40, 64, 3],
    [4, 8, 1],
    [11, 29, 1],
    [43, 83, 8],
    [40, 118, 1],
    [58, 130, 7],
    [49, 81, 7],
    [7, 18, 0],
    [6, 23, 0],
    [22, 56, 2],
    [4, 7, 0],
    [12, 49, 2],
    [7, 4, 1],
    [0, 6, 0],
    [48, 148, 16],
    [18, 48, 3],
    [403, 998, 50],
    [55, 184, 12],
    [408, 1104, 38],
    [29, 82, 2]
  ],
  "W": [
    [4, 74, 25, 5, 5, 2],
    [0, 98, 34, 1, 5, 6],
    [0, 30, 11, 0, 2, 4],
    [1, 38, 9, 3, 1, 0],
    [1, 41, 11, 3, 3, 4],
    [6, 105, 79, 9, 15, 7],
    [1, 13, 5, 3, 1, 3],
    [1, 1, 2, 0, 2, 0],
    [3, 7, 1, 1, 0, 1],
    [1, 21, 16, 5, 1, 6],
    [1, 22, 7, 3, 0, 3],
    [2, 24, 11, 10, 3, 1],
    [11, 28, 14, 2, 2, 0],
    [3, 19, 5, 1, 2, 0],
    [0, 13, 6, 4, 1, 4],
    [1, 5, 8, 4, 2, 0],
    [2, 28, 17, 9, 3, 2],
    [1, 11, 7, 6, 2, 1],
    [1, 13, 2, 2, 1, 0],
    [2, 10, 5, 1, 1, 0],
    [2, 19, 23, 3, 0, 0],
    [1, 2, 3, 1, 0, 1],
    [2, 28, 14, 1, 4, 3],
    [5, 56, 32, 4, 6, 1],
    [6, 87, 52, 12, 9, 10],
    [1, 66, 21, 2, 2, 8],
    [1, 23, 9, 5, 2, 2],
    [3, 23, 11, 8, 4, 1],
    [1, 11, 3, 0, 0, 1],
    [13, 17, 9, 2, 0, 1],
    [3, 8, 4, 5, 1, 0],
    [7, 38, 15, 2, 8, 3],
    [3, 52, 23, 1, 5, 3],
    [10, 77, 33, 8, 5, 3],
    [6, 75, 60, 12, 9, 4],
    [3, 62, 13, 5, 6, 10],
    [3, 46, 13, 5, 2, 3],
    [1, 43, 16, 4, 2, 1],
    [0, 58, 22, 1, 7, 1],
    [3, 49, 29, 1, 7, 2],
    [1, 15, 5, 5, 0, 2],
    [0, 24, 7, 11, 0, 1],
    [2, 11, 5, 3, 0, 1],
    [0, 6, 1, 3, 0, 0],
    [5, 32, 18, 1, 5, 3],
    [1, 30, 11, 3, 4, 4],
    [1, 32, 17, 1, 5, 2],
    [2, 4, 3, 3, 0, 1],
    [0, 4, 2, 0, 0, 0],
    [1, 2, 1, 3, 1, 1],
    [0, 5, 3, 1, 0, 1],
    [0, 11, 3, 1, 0, 0],
    [0, 11, 6, 4, 2, 0],
    [2, 16, 7, 2, 0, 2],
    [2, 19, 18, 4, 2, 3],
    [0, 4, 1, 0, 0, 1],
    [2, 10, 6, 6, 1, 3],
    [2, 6, 0, 2, 1, 0],
    [2, 27, 25, 1, 1, 3],
    [1, 17, 12, 6, 0, 3],
    [1, 16, 7, 3, 2, 1],
    [3, 28, 15, 4, 4, 5],
    [2, 16, 8, 3, 1, 3],
    [3, 14, 8, 0, 0, 1],
    [1, 24, 11, 2, 2, 2],
    [5, 31, 15, 2, 2, 8],
    [0, 12, 2, 1, 0, 1],
    [0, 14, 12, 3, 3, 1],
    [0, 13, 5, 4, 0, 3],
    [4, 16, 7, 1, 1, 0],
    [1, 6, 4, 1, 1, 0],
    [5, 13, 7, 3, 0, 3],
    [4, 14, 7, 2, 0, 5],
    [0, 13, 6, 3, 1, 2],
    [2, 40, 41, 8, 2, 6],
    [2, 9, 4, 4, 0, 0],
    [2, 9, 3, 1, 0, 2],
    [3, 10, 10, 0, 0, 1],
    [1, 86, 64, 1, 7, 9],
    [3, 51, 25, 8, 10, 5],
    [1, 65, 13, 1, 4, 5],
    [2, 52, 18, 3, 7, 5],
    [1, 9, 12, 0, 1, 1],
    [0, 3, 1, 1, 1, 0],
    [0, 1, 2, 4, 0, 0],
    [3, 17, 4, 1, 1, 1],
    [4, 16, 8, 4, 0, 2],
    [0, 12, 3, 1, 1, 0],
    [1, 10, 12, 5, 0, 2],
    [1, 31, 9, 3, 4, 5],
    [0, 63, 43, 9, 8, 15],
    [1, 18, 6, 2, 5, 3],
    [0, 6, 6, 3, 0, 0],
    [1, 19, 11, 6, 3, 1],
    [0, 69, 43, 8, 7, 3],
    [1, 11, 5, 1, 5, 2],
    [3, 30, 14, 2, 5, 2],
    [2, 80, 41, 5, 13, 3],
    [3, 31, 20, 0, 3, 3],
    [1, 43, 18, 3, 2, 5],
    [1, 57, 35, 1, 9, 12],
    [1, 11, 12, 3, 1, 0],
    [2, 21, 22, 6, 4, 3],
    [16, 87, 138, 3, 12, 7],
    [5, 30, 46, 3, 4, 1],
    [1, 16, 25, 3, 1, 1],
    [5, 31, 40, 6, 1, 2],
    [2, 46, 17, 7, 7, 3],
    [1, 6, 7, 5, 1, 1],
    [0, 12, 8, 9, 3, 6],
    [1, 14, 3, 8, 1, 0],
    [0, 15, 4, 3, 0, 4],
    [1, 18, 8, 7, 0, 1],
    [0, 12, 8, 1, 1, 0],
    [4, 62, 31, 4, 2, 5],
    [3, 3, 5, 2, 0, 0],
    [1, 8, 7, 1, 1, 0],
    [1, 13, 5, 1, 2, 0],
    [1, 8, 2, 1, 2, 0],
    [1, 10, 3, 3, 3, 3],
    [1, 10, 10, 5, 2, 0],
    [0, 18, 8, 4, 0, 6],
    [0, 10, 8, 4, 1, 0],
    [1, 11, 4, 3, 2, 1],
    [1, 54, 25, 3, 7, 11],
    [7, 53, 26, 10, 6, 7],
    [3, 44, 8, 2, 4, 4],
    [5, 17, 5, 5, 1, 3],
    [1, 15, 4, 5, 4, 3],
    [4, 7, 4, 1, 0, 0],
    [3, 17, 10, 1, 2, 0],
    [3, 18, 4, 2, 0, 0],
    [1, 21, 6, 1, 3, 2],
    [3, 37, 25, 4, 3, 4],
    [1, 12, 5, 1, 0, 1],
    [6, 61, 28, 8, 7, 6],
    [2, 32, 18, 2, 5, 1],
    [0, 7, 0, 0, 1, 1],
    [3, 16, 19, 1, 0, 1],
    [3, 20, 11, 1, 3, 2],
    [0, 10, 4, 4, 1, 5],
    [2, 24, 7, 2, 0, 1],
    [0, 12, 6, 3, 1, 0],
    [0, 32, 27, 3, 3, 6],
    [1, 18, 8, 1, 3, 0],
    [2, 47, 18, 5, 4, 9],
    [1, 12, 6, 3, 1, 2],
    [2, 25, 8, 7, 0, 0],
    [0, 3, 4, 1, 1, 0],
    [2, 12, 5, 4, 1, 6],
    [0, 35, 12, 2, 0, 3],
    [1, 23, 6, 1, 1, 4],
    [1, 18, 11, 2, 0, 0],
    [2, 4, 5, 3, 1, 1],
    [3, 94, 45, 2, 9, 11],
    [3, 19, 12, 1, 0, 2],
    [1, 21, 7, 5, 3, 3],
    [1, 45, 29, 2, 4, 4],
    [3, 35, 17, 6, 2, 0],
    [3, 16, 18, 6, 1, 2],
    [0, 63, 24, 4, 5, 3],
    [3, 17, 6, 5, 1, 2],
    [1, 2, 4, 0, 0, 0],
    [1, 28, 17, 9, 4, 3],
    [1, 2, 0, 2, 0, 1],
    [0, 12, 5, 2, 1, 2],
    [0, 16, 18, 2, 4, 3],
    [3, 19, 13, 10, 4, 5],
    [2, 8, 10, 2, 0, 1],
    [0, 6, 0, 0, 0, 0],
    [0, 14, 5, 5, 3, 0],
    [0, 25, 7, 7, 1, 1],
    [0, 12, 2, 3, 6, 4],
    [3, 39, 25, 4, 8, 3],
    [0, 34, 16, 6, 2, 8],
    [2, 57, 13, 4, 2, 2],
    [0, 35, 14, 7, 3, 4],
    [1, 8, 7, 2, 1, 1],
    [0, 1, 4, 0, 1, 0],
    [1, 7, 3, 4, 0, 1],
    [2, 8, 8, 3, 1, 2],
    [0, 4, 1, 0, 2, 0],
    [0, 3, 2, 1, 0, 1],
    [4, 43, 20, 16, 6, 2],
    [0, 5, 3, 0, 0, 0],
    [0, 2, 2, 3, 0, 1],
    [0, 14, 14, 0, 5, 0],
    [0, 32, 10, 0, 3, 6],
    [2, 22, 4, 5, 3, 3],
    [3, 38, 19, 3, 2, 4],
    [0, 2, 2, 0, 2, 0],
    [0, 7, 8, 1, 2, 0],
    [0, 5, 3, 1, 1, 2],
    [1, 10, 4, 1, 2, 2],
    [0, 6, 7, 2, 1, 0],
    [0, 4, 3, 1, 0, 0],
    [1, 19, 19, 4, 1, 2],
    [1, 11, 19, 3, 0, 3],
    [1, 2, 2, 1, 0, 0],
    [1, 4, 2, 2, 1, 0],
    [1, 5, 3, 0, 1, 0],
    [4, 8, 2, 1, 1, 3],
    [1, 5, 2, 2, 0, 3],
    [5, 77, 54, 4, 10, 6],
    [2, 151, 42, 3, 7, 4],
    [0, 4, 2, 3, 2, 1],
    [0, 11, 2, 4, 4, 1],
    [0, 7, 4, 3, 0, 0],
    [2, 52, 56, 6, 8, 5],
    [0, 8, 1, 1, 1, 0],
    [0, 4, 1, 1, 1, 0],
    [2, 11, 9, 2, 1, 0],
    [0, 25, 25, 5, 4, 3],
    [1, 22, 12, 1, 0, 3],
    [0, 39, 37, 8, 5, 6],
    [0, 43, 35, 0, 2, 8],
    [2, 63, 56, 4, 11, 8],
    [0, 5, 11, 2, 1, 0],
    [1, 33, 35, 8, 2, 3],
    [2, 5, 0, 0, 0, 1],
    [1, 7, 24, 0, 0, 0],
    [0, 6, 6, 0, 1, 1],
    [0, 4, 2, 1, 0, 1],
    [0, 12, 1, 1, 0, 1],
    [0, 8, 5, 4, 0, 1],
    [0, 4, 5, 1, 0, 1],
    [0, 8, 8, 2, 1, 5],
    [0, 20, 5, 3, 3, 0],
    [2, 12, 14, 1, 1, 2],
    [0, 8, 0, 2, 1, 0],
    [0, 1, 4, 2, 1, 1],
    [0, 4, 2, 3, 0, 0],
    [0, 1, 2, 2, 1, 2],
    [0, 7, 6, 3, 0, 1],
    [0, 5, 1, 1, 1, 0],
    [0, 2, 3, 4, 0, 0],
    [0, 4, 4, 0, 1, 0],
    [0, 13, 6, 0, 1, 0],
    [1, 3, 2, 2, 0, 0],
    [1, 15, 6, 0, 2, 2],
    [0, 1, 5, 0, 1, 0],
    [5, 43, 21, 6, 4, 2],
    [3, 60, 50, 10, 10, 3],
    [0, 3, 6, 1, 1, 0],
    [1, 23, 13, 7, 6, 5],
    [0, 3, 6, 1, 1, 0],
    [0, 12, 6, 1, 0, 0],
    [0, 18, 8, 2, 2, 0],
    [0, 12, 1, 2, 1, 2],
    [3, 15, 10, 2, 1, 2],
    [1, 11, 8, 4, 0, 2],
    [3, 23, 16, 3, 1, 0],
    [0, 7, 2, 2, 0, 1],
    [3, 73, 43, 5, 10, 10],
    [1, 62, 41, 8, 13, 3],
    [1, 22, 15, 1, 4, 4],
    [1, 64, 32, 7, 5, 8],
    [3, 14, 7, 4, 4, 3],
    [2, 16, 12, 0, 3, 2],
    [1, 5, 0, 1, 0, 0],
    [0, 25, 26, 0, 3, 0],
    [1, 46, 28, 4, 2, 2],
    [1, 2, 1, 2, 1, 1],
    [1, 7, 5, 0, 0, 1],
    [0, 5, 4, 1, 1, 1],
    [0, 3, 0, 2, 0, 2],
    [1, 16, 5, 6, 0, 2],
    [2, 33, 23, 3, 7, 4],
    [1, 46, 16, 3, 4, 8],
    [1, 23, 7, 2, 3, 1],
    [0, 43, 11, 2, 2, 1],
    [0, 7, 7, 3, 0, 1],
    [0, 14, 11, 2, 3, 2],
    [0, 58, 7, 1, 3, 4],
    [3, 38, 14, 0, 2, 2],
    [4, 71, 11, 2, 1, 5],
    [1, 54, 30, 3, 3, 6],
    [1, 43, 26, 0, 2, 4],
    [6, 124, 43, 9, 9, 15],
    [1, 13, 12, 1, 2, 0],
    [3, 36, 25, 3, 1, 8],
    [0, 7, 4, 1, 0, 2],
    [5, 3, 5, 2, 0, 0],
    [1, 3, 0, 1, 3, 0],
    [3, 24, 15, 3, 2, 2],
    [3, 15, 10, 0, 1, 2],
    [3, 16, 13, 4, 1, 4],
    [0, 45, 25, 9, 3, 8],
    [0, 16, 10, 4, 2, 0],
    [1, 11, 5, 4, 2, 1],
    [0, 3, 12, 2, 2, 0],
    [1, 13, 15, 2, 3, 2],
    [0, 5, 1, 3, 0, 0],
    [0, 8, 2, 1, 1, 0],
    [0, 0, 5, 1, 0, 0],
    [2, 8, 5, 0, 1, 1],
    [2, 33, 40, 7, 8, 8],
    [1, 1, 4, 0, 0, 0],
    [1, 7, 5, 2, 1, 1],
    [0, 10, 9, 1, 1, 2],
    [1, 35, 27, 3, 3, 6],
    [0, 4, 2, 1, 1, 0],
    [1, 2, 3, 1, 3, 0],
    [8, 39, 25, 9, 4, 7],
    [0, 29, 27, 3, 2, 4],
    [0, 29, 20, 2, 1, 2],
    [1, 0, 5, 3, 0, 2],
    [0, 6, 22, 3, 2, 0],
    [1, 34, 50, 1, 9, 2],
    [2, 9, 5, 1, 2, 0],
    [0, 37, 30, 10, 7, 3],
    [0, 19, 50, 0, 1, 1],
    [0, 9, 9, 1, 2, 3],
    [3, 56, 42, 6, 4, 9],
    [1, 20, 10, 1, 0, 3],
    [3, 22, 16, 1, 2, 5],
    [5, 45, 15, 1, 2, 3],
    [4, 38, 22, 7, 4, 1],
    [3, 83, 48, 8, 6, 4],
    [1, 30, 17, 2, 1, 2],
    [0, 21, 7, 1, 2, 2],
    [1, 15, 9, 1, 2, 1],
    [0, 13, 10, 3, 3, 1],
    [5, 58, 35, 4, 3, 2],
    [0, 7, 1, 4, 1, 0],
    [3, 24, 12, 1, 1, 0],
    [2, 75, 39, 3, 5, 10],
    [4, 64, 84, 0, 2, 5],
    [8, 109, 50, 8, 15, 5],
    [4, 65, 46, 7, 6, 9],
    [2, 11, 10, 2, 0, 0],
    [2, 11, 14, 1, 1, 0],
    [3, 48, 20, 3, 2, 4],
    [0, 5, 2, 2, 1, 1],
    [2, 24, 30, 1, 3, 3],
    [2, 4, 2, 3, 0, 1],
    [0, 1, 4, 1, 0, 0],
    [6, 69, 60, 48, 19, 10],
    [0, 31, 25, 3, 6, 4],
    [44, 638, 527, 91, 92, 59],
    [9, 113, 77, 18, 13, 21],
    [68, 802, 453, 85, 75, 67],
    [13, 33, 42, 13, 6, 6]
  ],
  "method": "mult",
  "cond_prob": [
    [
      [0.20027650399, 0.79972349601, 0],
      [0.47997235742, 0.52002764258, 0],
      [0.031467783477, 0.96853221652, 0],
      [0.083832446364, 0.91616755364, 0],
      [0.18009896902, 0.81990103098, 0],
      [0.28729393553, 0.71270606447, 0]
    ],
    [
      [0.20485224692, 0.79038507787, 0.004762675214],
      [0.47504463012, 0.49267900278, 0.032276367102],
      [0.033599293946, 0.96277719056, 0.0036235154936],
      [0.074501068816, 0.78421058837, 0.14128834282],
      [0.18488177686, 0.81303096378, 0.0020872593531],
      [0.21739005018, 0.52227797355, 0.26033197627]
    ],
    [
      [0.20525292409, 0.79016380582, 0.0045832700883],
      [0.48008738107, 0.49029031634, 0.029622302592],
      [0.033050948537, 0.96407249849, 0.0028765529702],
      [0.074231387233, 0.78407935617, 0.1416892566],
      [0.18496074504, 0.81314246303, 0.0018967919315],
      [0.21597416099, 0.51505202508, 0.26897381393]
    ],
    [
      [0.20521597865, 0.78919249207, 0.005591529277],
      [0.47614848787, 0.48586021612, 0.037991296006],
      [0.03339181635, 0.96236718882, 0.0042409948303],
      [0.071804170235, 0.75815622645, 0.17003960332],
      [0.18520262429, 0.81234591665, 0.0024514590612],
      [0.20217971161, 0.48087043951, 0.31694984889]
    ],
    [
      [0.22896145966, 0.76208658873, 0.0089519516079],
      [0.50499260197, 0.43290077148, 0.062106626553],
      [0.039652447957, 0.95185961663, 0.0084879354086],
      [0.075204203792, 0.68298806355, 0.24180773266],
      [0.20785105706, 0.78783587536, 0.0043130675879],
      [0.19524978737, 0.40151354525, 0.40323666738]
    ],
    [
      [0.19047469481, 0.80821100408, 0.0013143011082],
      [0.45606258975, 0.53512836721, 0.0088090430384],
      [0.025121925996, 0.97450876846, 0.00036930554726],
      [0.075569517567, 0.8804018931, 0.044028589333],
      [0.17060131974, 0.82892714752, 0.00047153274426],
      [0.24954318562, 0.65979120854, 0.090665605847]
    ],
    [
      [0.094265423732, 0.9036002317, 0.0021343445712],
      [0.26026934776, 0.72334568082, 0.016384971415],
      [0.0024982022649, 0.99750179774, 0],
      [0.027571054776, 0.89428503032, 0.078143914905],
      [0.083341058076, 0.91597050436, 0.00068843756897],
      [0.11456260721, 0.70219044454, 0.18324694825]
    ],
    [
      [0.37440220159, 0.62559779841, 0],
      [0.7735867802, 0.2264132198, 0],
      [0.078048846352, 0.92195115365, 0],
      [0.15605775138, 0.84394224862, -0],
      [0.34795666275, 0.65204333725, 0],
      [0.50041856238, 0.49958143762, -0]
    ],
    [
      [0.29629656466, 0.70370343534, 0],
      [0.64664613114, 0.35335386886, 0],
      [0.052364176648, 0.94763582335, 0],
      [0.12828709757, 0.87171290243, 0],
      [0.25935994782, 0.74064005218, 0],
      [0.40393611382, 0.59606388618, 0]
    ],
    [
      [0.22041462082, 0.77821430973, 0.0013710694499],
      [0.51703409698, 0.47677792339, 0.0061879796302],
      [0.036686226617, 0.96331377338, 0],
      [0.088963821775, 0.86058468406, 0.050451494165],
      [0.19875940404, 0.80072242028, 0.00051817568148],
      [0.28188520063, 0.6154638474, 0.10265095197]
    ],
    [
      [0.20141786882, 0.79639705587, 0.0021850753067],
      [0.48232890598, 0.50475827404, 0.012912819983],
      [0.031795881486, 0.96751076602, 0.00069335249701],
      [0.077273901875, 0.84555125247, 0.077174845658],
      [0.18133397315, 0.81764152555, 0.0010245012977],
      [0.24431777455, 0.59656393191, 0.15911829354]
    ],
    [
      [0.15480099588, 0.84352882234, 0.0016701817732],
      [0.39084367157, 0.59702895355, 0.012127374882],
      [0.016011528371, 0.98334737415, 0.00064109747487],
      [0.052026146505, 0.89084987949, 0.057123974006],
      [0.13757322343, 0.8618272548, 0.00059952176421],
      [0.20104194317, 0.67344579514, 0.1255122617]
    ],
    [
      [0.13107617288, 0.86892382712, 0],
      [0.3593756257, 0.6406243743, 0],
      [0.0099937287644, 0.99000627124, 0],
      [0.054455570771, 0.94554442923, 0],
      [0.12341061719, 0.87658938281, 0],
      [0.20832519462, 0.79167480538, 0]
    ],
    [
      [0.46109196522, 0.53890803478, 0],
      [0.83898060142, 0.16101939858, 0],
      [0.11911450443, 0.88088549557, 0],
      [0.23196730575, 0.76803269425, 0],
      [0.42427642473, 0.57572357527, 0],
      [0.56947771887, 0.43052228113, 0]
    ],
    [
      [0.18908240538, 0.80391821551, 0.0069993791081],
      [0.44316795023, 0.50397059709, 0.052861452687],
      [0.024239224634, 0.96836962036, 0.0073911550048],
      [0.058696034109, 0.73989424947, 0.20140971642],
      [0.16915377918, 0.82742085947, 0.0034253613517],
      [0.17236084591, 0.46279166459, 0.3648474895]
    ],
    [
      [0.24825772608, 0.73810296709, 0.013639306825],
      [0.53673899293, 0.38219548415, 0.081065522919],
      [0.042404475946, 0.93940721182, 0.018188312235],
      [0.069495973828, 0.57542706573, 0.35507696044],
      [0.2254138032, 0.76697682733, 0.007609369465],
      [0.15309581251, 0.27840745375, 0.56849673374]
    ],
    [
      [0.23001310711, 0.75079150485, 0.019195388044],
      [0.47965306823, 0.38786524382, 0.13248168795],
      [0.03810512341, 0.93115869262, 0.030736183974],
      [0.061026391821, 0.5441233438, 0.39485026438],
      [0.20960646611, 0.77974676521, 0.010646768685],
      [0.14192192627, 0.28607099959, 0.57200707413]
    ],
    [
      [0.23481334914, 0.76518665086, 0],
      [0.55300562302, 0.44699437698, 0],
      [0.043614029179, 0.95638597082, 0],
      [0.1032075164, 0.8967924836, 0],
      [0.21232156786, 0.78767843214, 0],
      [0.33293835931, 0.66706164069, 0]
    ],
    [
      [0.048557131121, 0.94618036542, 0.0052625034577],
      [0.14435306093, 0.80555541966, 0.050091519411],
      [0.0037004205729, 0.99305724623, 0.0032423331997],
      [0.012402705631, 0.82015657434, 0.16744072002],
      [0.042646824382, 0.95517153787, 0.0021816377514],
      [0.048530307161, 0.55587292492, 0.39559676792]
    ],
    [
      [0.46732821258, 0.53267178742, 0],
      [0.86693569135, 0.13306430865, 0],
      [0.14745900618, 0.85254099382, 0],
      [0.23484390136, 0.76515609864, 0],
      [0.42384772903, 0.57615227097, 0],
      [0.56974140677, 0.43025859323, 0]
    ],
    [
      [0.19164610768, 0.80835389232, 0],
      [0.46924634946, 0.53075365054, 0],
      [0.020271508507, 0.97972849149, 0],
      [0.078260816419, 0.92173918358, 0],
      [0.17284471675, 0.82715528325, 0],
      [0.2782651833, 0.7217348167, 0]
    ],
    [
      [0, 1, 0],
      [0, 1, 0],
      [0, 1, 0],
      [0, 1, 0],
      [0, 1, 0],
      [0, 1, 0]
    ],
    [
      [0.20529070854, 0.79243536069, 0.0022739307675],
      [0.48514769612, 0.50036514715, 0.014487156732],
      [0.032095498457, 0.96727799425, 0.00062650729703],
      [0.079246727112, 0.83940018162, 0.081353091265],
      [0.18464495392, 0.81463720487, 0.00071784121067],
      [0.24603985679, 0.58835474598, 0.16560539723]
    ],
    [
      [0.19086228351, 0.80753135626, 0.0016063602227],
      [0.4575972796, 0.53122272346, 0.011179996936],
      [0.026468481504, 0.97265926558, 0.00087225291278],
      [0.074981825546, 0.87012738472, 0.054890789735],
      [0.17144725217, 0.82789604476, 0.00065670307413],
      [0.24463870128, 0.64088839884, 0.11447289988]
    ],
    [
      [0.20969716029, 0.78268415933, 0.0076186803793],
      [0.47582852955, 0.47138075206, 0.052790718396],
      [0.034950423143, 0.95681618466, 0.008233392193],
      [0.071364013399, 0.72655228482, 0.20208370178],
      [0.18972463971, 0.80660618544, 0.0036691748524],
      [0.19634230462, 0.45612449256, 0.34753320283]
    ],
    [
      [0.20665297832, 0.79236145968, 0.00098556199879],
      [0.49003253558, 0.50434797855, 0.0056194858734],
      [0.033836434971, 0.96582437107, 0.00033919395583],
      [0.08421593036, 0.8822448355, 0.033539234138],
      [0.1861373976, 0.81346279407, 0.00039980833593],
      [0.27499098542, 0.65586811304, 0.069140901542]
    ],
    [
      [0.1823615296, 0.8176384704, 0],
      [0.45094964087, 0.54905035913, 0],
      [0.025032391682, 0.97496760832, 0],
      [0.072913286814, 0.92708671319, 0],
      [0.16297286945, 0.83702713055, 0],
      [0.26499651612, 0.73500348388, 0]
    ],
    [
      [0.17433361513, 0.823831016, 0.0018353688745],
      [0.43008118249, 0.55661131929, 0.013307498222],
      [0.02179155739, 0.97753651746, 0.00067192515226],
      [0.062888729442, 0.87015678529, 0.066954485273],
      [0.1556395887, 0.84377041886, 0.00058999243962],
      [0.21975663583, 0.63720895852, 0.14303440565]
    ],
    [
      [0.084936140671, 0.91506385933, 0],
      [0.25144619211, 0.74855380789, 0],
      [0.0049991011623, 0.99500089884, 0],
      [0.033212638695, 0.9667873613, 0],
      [0.077143394793, 0.92285660521, 0],
      [0.13415844266, 0.86584155734, 0]
    ],
    [
      [0.1683986565, 0.82944963711, 0.0021517063877],
      [0.42896692621, 0.54496745739, 0.026065616399],
      [0.022748216663, 0.97557231209, 0.0016794712465],
      [0.061989278965, 0.81187917436, 0.12613154668],
      [0.15790314848, 0.84039825739, 0.0016985941218],
      [0.18966721208, 0.54879878431, 0.26153400361]
    ],
    [
      [0.19597807499, 0.80053264774, 0.0034892772701],
      [0.47573863617, 0.49543593631, 0.028825427521],
      [0.027027736704, 0.9709800231, 0.0019922401972],
      [0.063996783338, 0.78613997811, 0.14986323855],
      [0.17806182219, 0.82029458332, 0.0016435944885],
      [0.20208936734, 0.49270493832, 0.30520569433]
    ],
    [
      [0.17488406526, 0.82356278026, 0.0015531544793],
      [0.43066380144, 0.55733288314, 0.01200331542],
      [0.023622912989, 0.97572013231, 0.00065695469684],
      [0.067878554634, 0.86989901643, 0.062222428935],
      [0.15643839539, 0.84313448418, 0.00042712042923],
      [0.22299304038, 0.64524502931, 0.13176193031]
    ],
    [
      [0.16017959345, 0.83823964918, 0.0015807573728],
      [0.3981573929, 0.59076052248, 0.011082084617],
      [0.018057026267, 0.98136362139, 0.00057935233941],
      [0.061922072844, 0.88429474899, 0.053783178167],
      [0.14276189673, 0.85665170341, 0.00058639985818],
      [0.20807787609, 0.67560577507, 0.11631634885]
    ],
    [
      [0.2146044897, 0.78239119422, 0.00300431608],
      [0.4970849258, 0.4827245317, 0.020190542505],
      [0.036477623545, 0.96146267986, 0.0020596965908],
      [0.082471994155, 0.81990727593, 0.097620729919],
      [0.19372700983, 0.80495963364, 0.0013133565306],
      [0.24874774574, 0.564658102, 0.18659415226]
    ],
    [
      [0.15912776623, 0.83841018543, 0.0024620483427],
      [0.39368490361, 0.58848870367, 0.017826392724],
      [0.012686594506, 0.98646654563, 0.00084685986207],
      [0.057899930439, 0.86359389216, 0.078506177403],
      [0.14191454405, 0.85712125225, 0.00096420369815],
      [0.19640997497, 0.64191884959, 0.16167117544]
    ],
    [
      [0.18031411302, 0.81540315127, 0.0042827357055],
      [0.43270060067, 0.53714639195, 0.030153007382],
      [0.027575382422, 0.96929536175, 0.0031292558271],
      [0.064901981447, 0.80795657196, 0.1271414466],
      [0.16179820487, 0.83635842297, 0.0018433721555],
      [0.19778413114, 0.55919411451, 0.24302175435]
    ],
    [
      [0.23319503812, 0.76205432111, 0.0047506407711],
      [0.52560855726, 0.44388197445, 0.030509468284],
      [0.041584947484, 0.95481350858, 0.0036015439315],
      [0.086386006107, 0.76680582628, 0.14680816761],
      [0.2110645355, 0.78685188388, 0.0020835806255],
      [0.24258594422, 0.49165256704, 0.26576148875]
    ],
    [
      [0.18679777775, 0.80479719433, 0.0084050279176],
      [0.4333320063, 0.50722567802, 0.059442315678],
      [0.027597934093, 0.96541814674, 0.0069839191652],
      [0.059670855761, 0.71158144143, 0.22874770281],
      [0.16832766132, 0.8279167961, 0.0037555425811],
      [0.16302026013, 0.43564894498, 0.40133079489]
    ],
    [
      [0.21034561894, 0.78767103771, 0.001983343348],
      [0.49265847498, 0.49416429317, 0.01317723185],
      [0.034374323201, 0.96428017054, 0.0013455062553],
      [0.083110443904, 0.85078407292, 0.06610548318],
      [0.18946064334, 0.80972734403, 0.00081201263193],
      [0.2602383934, 0.6054317631, 0.1343298435]
    ],
    [
      [0.13195038369, 0.8624095415, 0.0056400748092],
      [0.33125671765, 0.62629968978, 0.042443592577],
      [0.0084508251675, 0.98870030901, 0.0028488658219],
      [0.044370058678, 0.79197423276, 0.16365570856],
      [0.11629188133, 0.88150191695, 0.0022062017184],
      [0.13454126318, 0.54464498189, 0.32081375494]
    ],
    [
      [0.18807507656, 0.80958418184, 0.0023407415992],
      [0.45895388665, 0.52629370527, 0.01475240808],
      [0.02713514236, 0.97214366915, 0.00072118848849],
      [0.068250899974, 0.84791608899, 0.083833011039],
      [0.16933321606, 0.82953787956, 0.0011289043731],
      [0.225343206, 0.59785572421, 0.17680106978]
    ],
    [
      [0.2018039044, 0.79646612716, 0.0017299684408],
      [0.48533506438, 0.5042122407, 0.010452694921],
      [0.032538666508, 0.96661292155, 0.0008484119471],
      [0.078901982748, 0.86432934131, 0.05676867594],
      [0.18154110761, 0.81770128734, 0.0007576050531],
      [0.2562659791, 0.62499301797, 0.11874100294]
    ],
    [
      [0.31646974974, 0.68004089194, 0.0034893583213],
      [0.66419533071, 0.3153079125, 0.020496756785],
      [0.074072144127, 0.92471461219, 0.0012132436793],
      [0.12802287221, 0.71336828306, 0.15860884473],
      [0.28196851665, 0.71600590335, 0.0020255799968],
      [0.30648252544, 0.40785326842, 0.28566420613]
    ],
    [
      [0.24828110889, 0.75171889111, 0],
      [0.6035304535, 0.3964695465, 0],
      [0.042540947467, 0.95745905253, 0],
      [0.11209211052, 0.88790788948, 0],
      [0.22297665555, 0.77702334445, 0],
      [0.35755590679, 0.64244409321, 0]
    ],
    [
      [0.20823341794, 0.77809397031, 0.013672611753],
      [0.46446152467, 0.44683129212, 0.088707183214],
      [0.035119900385, 0.94970833962, 0.015171759992],
      [0.061729240714, 0.63329001722, 0.30498074206],
      [0.18875790929, 0.80429830337, 0.0069437873437],
      [0.15279570895, 0.35379905113, 0.49340523992]
    ],
    [
      [0.29075080472, 0.70310825383, 0.0061409414507],
      [0.61690895286, 0.34647600416, 0.036615042978],
      [0.062966953982, 0.93170782352, 0.0053252224996],
      [0.10872752121, 0.70241844248, 0.18885403632],
      [0.26826734163, 0.72894881769, 0.002783840674],
      [0.27752304641, 0.40769374108, 0.31478321252]
    ],
    [
      [0.22292347911, 0.77445834518, 0.0026181757133],
      [0.51558958799, 0.46797386081, 0.016436551194],
      [0.03891252465, 0.95979532605, 0.0012921492991],
      [0.086583926941, 0.82411524874, 0.089300824322],
      [0.20166045633, 0.79740003337, 0.00093951029847],
      [0.2609052887, 0.56137107521, 0.17772363609]
    ],
    [
      [0.30430419192, 0.69424582777, 0.0014499803128],
      [0.64295559792, 0.3346517486, 0.02239265348],
      [0.063805381954, 0.93619461805, 0],
      [0.11865178478, 0.6948312557, 0.18651695952],
      [0.26695629152, 0.73060142613, 0.0024422823548],
      [0.27219772426, 0.37982372883, 0.34797854691]
    ],
    [
      [0.31463996629, 0.68536003371, 0],
      [0.71697518287, 0.28302481713, 0],
      [0.066049634269, 0.93395036573, 0],
      [0.13542042597, 0.86457957403, -0],
      [0.28359066092, 0.71640933908, 0],
      [0.44539159554, 0.55460840446, -0]
    ],
    [
      [0.0921494562, 0.9078505438, 0],
      [0.32739327619, 0.67260672381, 0],
      [0.003190459681, 0.99680954032, 0],
      [0.0062311535308, 0.99376884647, 0],
      [0.079489991672, 0.92051000833, 0],
      [0.15169007947, 0.84830992053, 0]
    ],
    [
      [0.22822005069, 0.76375469584, 0.0080252534745],
      [0.53302356659, 0.42239230014, 0.044584133273],
      [0.034034493656, 0.96414874794, 0.0018167584088],
      [0.068743864785, 0.66607715338, 0.26517898183],
      [0.20528405333, 0.79119332853, 0.0035226181411],
      [0.16403482132, 0.32951510211, 0.50645007657]
    ],
    [
      [0.14164261817, 0.84984043974, 0.0085169420954],
      [0.35585638275, 0.57962247879, 0.064521138461],
      [0.015512144251, 0.97896461784, 0.0055232379049],
      [0.039043356994, 0.68725887979, 0.27369776322],
      [0.12650496416, 0.86979965782, 0.0036953780187],
      [0.094806250415, 0.34355858416, 0.56163516542]
    ],
    [
      [0.15740322217, 0.84259677783, 0],
      [0.40324581104, 0.59675418896, 0],
      [0.012002628865, 0.98799737113, 0],
      [0.054893463677, 0.94510653632, 0],
      [0.13635322534, 0.86364677466, 0],
      [0.23379734053, 0.76620265947, 0]
    ],
    [
      [0.19592799911, 0.80407200089, 0],
      [0.4801230189, 0.5198769811, 0],
      [0.028093035019, 0.97190696498, 0],
      [0.080514262385, 0.91948573762, 0],
      [0.1767223422, 0.8232776578, 0],
      [0.28424796477, 0.71575203523, 0]
    ],
    [
      [0.12123536014, 0.8745564391, 0.0042082007607],
      [0.31557872932, 0.65151099359, 0.032910277093],
      [0, 0.9997112891, 0.00028871090018],
      [0.037826316792, 0.82933760779, 0.13283607541],
      [0.10791589517, 0.89043910102, 0.0016450038131],
      [0.13146545507, 0.59304880218, 0.27548574274]
    ],
    [
      [0, 0.99165675042, 0.0083432495783],
      [0, 0.9183631648, 0.081636835201],
      [0, 0.99924093311, 0.00075906688723],
      [0, 0.72653147636, 0.27346852364],
      [0, 0.99647173006, 0.0035282699449],
      [0, 0.32730640769, 0.67269359231]
    ],
    [
      [0, 0.99291118128, 0.0070888187222],
      [0, 0.92730452177, 0.072695478225],
      [0, 0.99499047823, 0.0050095217689],
      [0, 0.82207539708, 0.17792460292],
      [0, 0.99694925055, 0.0030507494526],
      [0, 0.61392930575, 0.38607069425]
    ],
    [
      [0.23556807584, 0.75632813028, 0.0081037938832],
      [0.53038622574, 0.41201118613, 0.057602588135],
      [0.038171746157, 0.95431355716, 0.0075146966851],
      [0.06659791379, 0.61604625898, 0.31735582724],
      [0.21335066633, 0.78318410472, 0.0034652289554],
      [0.14123150402, 0.26756204825, 0.59120644773]
    ],
    [
      [0.17528034771, 0.81989103979, 0.0048286125035],
      [0.42328281429, 0.54282468687, 0.033892498839],
      [0.018258251286, 0.97955452611, 0.0021872226044],
      [0.061393840179, 0.78929415011, 0.14931200971],
      [0.15785050757, 0.84004567921, 0.002103813221],
      [0.18170089625, 0.52858279765, 0.2897163061]
    ],
    [
      [0.27798753009, 0.70940783052, 0.012604639396],
      [0.57720275691, 0.33888729704, 0.083909946057],
      [0.061468127671, 0.91743617672, 0.021095695607],
      [0.091804128254, 0.59468580745, 0.31351006429],
      [0.25295022944, 0.74186749095, 0.0051822796099],
      [0.20704110031, 0.31738638482, 0.47557251487]
    ],
    [
      [0.26076686416, 0.73556847111, 0.0036646647309],
      [0.58222220277, 0.39672001129, 0.021057785937],
      [0.052741501376, 0.94557008257, 0.0016884160494],
      [0.10161353493, 0.76676395409, 0.13162251098],
      [0.23767479647, 0.76102913086, 0.0012960726763],
      [0.2742971841, 0.47557064627, 0.25013216964]
    ],
    [
      [0.23205533831, 0.76660215441, 0.0013425072792],
      [0.53515058518, 0.45685421579, 0.0079951990239],
      [0.042639637426, 0.95736036257, 0],
      [0.094552490093, 0.85033735554, 0.055110154366],
      [0.20995029895, 0.7897234727, 0.00032622835722],
      [0.29240237647, 0.59752534861, 0.11007227492]
    ],
    [
      [0.19579070232, 0.79909487468, 0.0051144230038],
      [0.46333849773, 0.50163250426, 0.035028998008],
      [0.028150072223, 0.96864819302, 0.0032017347599],
      [0.067366789798, 0.77121355779, 0.16141965242],
      [0.1766362748, 0.8211346813, 0.0022290439027],
      [0.19702180323, 0.49724309455, 0.30573510221]
    ],
    [
      [0.17114898714, 0.82885101286, 0],
      [0.43539580635, 0.56460419365, 0],
      [0.016912707056, 0.98308729294, 0],
      [0.07120599569, 0.92879400431, 0],
      [0.15661513865, 0.84338486135, 0],
      [0.25571009319, 0.74428990681, 0]
    ],
    [
      [0.18329902623, 0.81400812772, 0.0026928460497],
      [0.44380233912, 0.53868469438, 0.0175129665],
      [0.02452102661, 0.97460951534, 0.00086945804931],
      [0.068061560203, 0.84031604152, 0.091622398276],
      [0.16412970456, 0.83486765138, 0.001002644062],
      [0.21566550631, 0.59324357633, 0.19109091736]
    ],
    [
      [0.35104349478, 0.63464759194, 0.014308913281],
      [0.67387474284, 0.24726687272, 0.078858384441],
      [0.088143226989, 0.89227186839, 0.019584904624],
      [0.11622596924, 0.5784747767, 0.30529925406],
      [0.31986293451, 0.67387300966, 0.0062640558256],
      [0.27004241073, 0.28408942342, 0.44586816585]
    ],
    [
      [0.19776996035, 0.79653953551, 0.0056905041435],
      [0.47432368373, 0.48978711828, 0.035889197995],
      [0.03034944335, 0.96606137909, 0.003589177562],
      [0.066083355383, 0.74706275403, 0.18685389059],
      [0.17770346261, 0.81980883087, 0.0024877065172],
      [0.18133355317, 0.44336906847, 0.37529737835]
    ],
    [
      [0.14499874893, 0.85500125107, 0],
      [0.37380194618, 0.62619805382, 0],
      [0.0018321792376, 0.99816782076, 0],
      [0.052693183742, 0.94730681626, 0],
      [0.12418063132, 0.87581936868, 0],
      [0.21416515738, 0.78583484262, 0]
    ],
    [
      [0.22810572631, 0.76656878357, 0.0053254901151],
      [0.52264566354, 0.44501741659, 0.032336919865],
      [0.038684488009, 0.95806812782, 0.003247384171],
      [0.081674379435, 0.75411331421, 0.16421230636],
      [0.20602754652, 0.79162921013, 0.0023432433569],
      [0.22849547205, 0.4693265628, 0.30217796515]
    ],
    [
      [0.16472792281, 0.81327223683, 0.021999840354],
      [0.3744986798, 0.48059531377, 0.14490600643],
      [0.023164353072, 0.95927761782, 0.017558029112],
      [0.036777946469, 0.50204097233, 0.4611810812],
      [0.15018101397, 0.8404017353, 0.0094172507297],
      [0.07401885707, 0.22219345466, 0.70378768827]
    ],
    [
      [0.16409460958, 0.83590539042, 0],
      [0.43278797828, 0.56721202172, 0],
      [0.0078020982792, 0.99219790172, 0],
      [0.062392682755, 0.93760731725, 0],
      [0.14557644487, 0.85442355513, 0],
      [0.25157348296, 0.74842651704, 0]
    ],
    [
      [0.21760133496, 0.78157648372, 0.00082218132581],
      [0.51159145257, 0.47517611831, 0.013232429118],
      [0.035522964332, 0.96447703567, 0],
      [0.08328698465, 0.82582518789, 0.090887827459],
      [0.19585976207, 0.80293421916, 0.0012060187657],
      [0.25426091251, 0.56200441001, 0.18373467749]
    ],
    [
      [0.21092023575, 0.78088918852, 0.0081905757281],
      [0.48616034352, 0.4633378622, 0.050501794282],
      [0.033347052895, 0.95916457569, 0.0074883714107],
      [0.070907182289, 0.72652000489, 0.20257281282],
      [0.19114174596, 0.80579056508, 0.0030676889568],
      [0.19496610258, 0.4445042271, 0.36052967033]
    ],
    [
      [0.13209851405, 0.86476680602, 0.0031346799258],
      [0.33943167793, 0.64033069808, 0.020237623988],
      [0.0076541547424, 0.99227922064, 6.6624619926e-05],
      [0.040940371354, 0.86038181673, 0.098677811911],
      [0.11567251725, 0.88332504856, 0.0010024341955],
      [0.15148481357, 0.62877755117, 0.21973763526]
    ],
    [
      [0.17027742794, 0.82265362348, 0.0070689485858],
      [0.40672985145, 0.54172572022, 0.051544428326],
      [0.01640983339, 0.97631059914, 0.0072795674723],
      [0.054929366023, 0.75319797101, 0.19187266297],
      [0.15315584676, 0.84369088717, 0.0031532660777],
      [0.16195021589, 0.49066063952, 0.34738914459]
    ],
    [
      [0.25996918394, 0.72797354484, 0.012057271224],
      [0.55316031747, 0.37526574348, 0.07157393905],
      [0.04642690638, 0.94292152693, 0.010651566689],
      [0.078977787342, 0.59874377782, 0.32227843484],
      [0.23514473187, 0.75986136183, 0.0049939062996],
      [0.17510911525, 0.3011342398, 0.52375664496]
    ],
    [
      [0.098595992638, 0.89893265567, 0.0024713516906],
      [0.28225575062, 0.6897214765, 0.028022772881],
      [0.0058623713738, 0.99394343465, 0.00019419397849],
      [0.031855789606, 0.83357395742, 0.13457025298],
      [0.09289649189, 0.90524555271, 0.0018579553995],
      [0.1065316777, 0.58961856941, 0.30384975289]
    ],
    [
      [0.13126388618, 0.86306849368, 0.0056676201379],
      [0.34759958126, 0.6013343201, 0.051066098643],
      [0.0023084921057, 0.99769150789, 0],
      [0.041811183213, 0.72886250358, 0.22932631321],
      [0.12209498388, 0.87475568831, 0.0031493278076],
      [0.10712760778, 0.42053623906, 0.47233615315]
    ],
    [
      [0.18252007493, 0.81321701443, 0.0042629106448],
      [0.43396698588, 0.53667840959, 0.029354604535],
      [0.023159801993, 0.97429795255, 0.0025422454541],
      [0.066342919652, 0.80717220997, 0.12648487038],
      [0.16366449492, 0.83453670176, 0.0017988033299],
      [0.20023304756, 0.5587157417, 0.24105121074]
    ],
    [
      [0.20487129732, 0.78936780878, 0.0057608939],
      [0.47271502859, 0.48779612062, 0.039488850788],
      [0.032865853773, 0.96227820524, 0.0048559409879],
      [0.072063557978, 0.76226212074, 0.16567432129],
      [0.18468542511, 0.81261666327, 0.0026979116174],
      [0.2063821181, 0.49461513851, 0.29900274339]
    ],
    [
      [0.19643974902, 0.80101549871, 0.002544752267],
      [0.46808720485, 0.51535112905, 0.016561666098],
      [0.031626862666, 0.96670887403, 0.0016642633033],
      [0.075637056301, 0.84275882092, 0.081604122777],
      [0.1767334591, 0.82222944252, 0.0010370983747],
      [0.23683436563, 0.60045383194, 0.16271180243]
    ],
    [
      [0.19274286499, 0.80725713501, 0],
      [0.46651371323, 0.53348628677, 0],
