{
  "X": [
    [43, 69, 820, 91, 83, 46, 87],
    [24, 30, 162, 46, 17, 29, 16],
    [25, 45, 406, 72, 39, 32, 34],
    [48, 79, 965, 97, 102, 78, 113],
    [12, 28, 281, 38, 56, 24, 34],
    [66, 63, 264, 125, 59, 57, 49],
    [35, 45, 209, 71, 27, 19, 29],
    [3, 8, 32, 20, 7, 4, 9],
    [25, 26, 114, 50, 11, 20, 20],
    [30, 96, 174, 24, 10, 11, 24],
    [125, 249, 686, 164, 50, 60, 69],
    [37, 138, 269, 54, 19, 15, 31],
    [22, 40, 187, 64, 32, 25, 29],
    [69, 101, 373, 93, 46, 38, 34],
    [32, 61, 213, 44, 14, 26, 31],
    [44, 45, 263, 81, 30, 48, 28],
    [70, 94, 557, 149, 57, 46, 60],
    [127, 89, 501, 213, 72, 89, 56],
    [50, 66, 231, 61, 46, 25, 25],
    [31, 32, 217, 58, 32, 35, 21],
    [102, 58, 360, 200, 77, 68, 33],
    [88, 101, 442, 146, 79, 46, 54],
    [6, 6, 49, 40, 13, 16, 12],
    [30, 37, 195, 76, 41, 55, 22],
    [60, 54, 159, 75, 17, 17, 21],
    [14, 26, 76, 28, 6, 7, 6],
    [3, 7, 56, 13, 7, 4, 8],
    [2, 3, 15, 2, 0, 3, 3],
    [14, 24, 77, 13, 3, 7, 15],
    [48, 58, 665, 138, 70, 53, 62],
    [46, 70, 387, 92, 48, 43, 35],
    [125, 180, 1134, 253, 149, 85, 98],
    [50, 41, 389, 91, 43, 44, 55],
    [59, 99, 396, 111, 57, 28, 42],
    [26, 54, 311, 36, 50, 18, 20],
    [53, 81, 288, 90, 41, 37, 39],
    [1, 6, 206, 29, 33, 3, 24],
    [70, 101, 427, 112, 82, 63, 45],
    [14, 25, 124, 35, 19, 13, 17],
    [279, 502, 1882, 495, 179, 177, 210],
    [25, 64, 179, 42, 9, 8, 10]
  ],
  "W": [
    [52, 38, 73, 967, 109],
    [12, 16, 41, 217, 38],
    [31, 24, 69, 480, 49],
    [53, 32, 115, 1136, 146],
    [25, 14, 40, 354, 40],
    [31, 53, 135, 395, 69],
    [23, 32, 56, 293, 31],
    [5, 6, 11, 57, 4],
    [16, 22, 42, 169, 17],
    [46, 18, 23, 256, 26],
    [115, 76, 162, 963, 87],
    [69, 28, 53, 382, 31],
    [25, 23, 57, 252, 42],
    [45, 47, 96, 511, 55],
    [27, 23, 52, 287, 32],
    [28, 28, 75, 347, 61],
    [46, 40, 124, 734, 89],
    [38, 89, 209, 722, 89],
    [36, 31, 65, 323, 49],
    [12, 24, 57, 293, 40],
    [30, 97, 151, 512, 108],
    [51, 70, 137, 625, 73],
    [3, 14, 29, 80, 16],
    [18, 28, 81, 268, 61],
    [25, 37, 64, 257, 20],
    [15, 4, 18, 116, 10],
    [5, 4, 12, 62, 15],
    [1, 1, 4, 18, 4],
    [14, 9, 16, 97, 17],
    [27, 43, 135, 812, 77],
    [24, 30, 91, 505, 71],
    [79, 94, 235, 1465, 151],
    [21, 47, 72, 489, 84],
    [57, 46, 101, 523, 65],
    [22, 23, 48, 390, 32],
    [37, 44, 79, 421, 48],
    [5, 5, 27, 231, 34],
    [40, 50, 125, 626, 59],
    [19, 13, 22, 165, 28],
    [285, 208, 445, 2482, 304],
    [24, 19, 43, 232, 19]
  ],
  "method": "mvn_cdf",
  "mvncdf_method": "genz",
  "mvncdf_samples": 5000,
  "mvncdf_error": 0.001,
  "cond_prob": [
    [
      [0.013252559006, 0.72800670162, 0.15732370678, 0.014937327131, 0.0063925100919, 0.00068470366846, 0.079402491702],
      [0.43678390026, 0.029381702739, 0.011454650369, 0.45815707643, 0.024461778778, 0.034190085565, 0.0055708058565],
      [0.14871395755, 0.020041935113, 0.085401569177, 0.46124332521, 0.089379747862, 0.18163230716, 0.013587157932],
      [0.014472798434, 0.029528101313, 0.78259376039, 0.031721477869, 0.062942289364, 0.011089431335, 0.067652141298],
      [0.0079060893134, 9.5519074448e-05, 0.44386614393, 0.077686772891, 0.13163418783, 0.18974801499, 0.14906327197]
    ],
    [
      [0.016398261494, 0.84840553077, 0.078662983429, 0.016472020199, 0.0031218263923, 0.00063212297089, 0.036307254749],
      [0.472294807, 0.029458831646, 0.0048244077188, 0.43964493338, 0.010686401583, 0.040825032852, 0.0022655858228],
      [0.17258132302, 0.022552551863, 0.039962930241, 0.47891506481, 0.04244338051, 0.23755408141, 0.0059906681372],
      [0.039758743196, 0.084450822339, 0.68024755945, 0.067402322534, 0.053136561347, 0.021187267448, 0.053816723691],
      [0.014290064017, 0.0025607697534, 0.30859613515, 0.11858408359, 0.092651138021, 0.36846999012, 0.094847819351]
    ],
    [
      [0.011612149964, 0.76412007367, 0.14405126033, 0.016672644963, 0.0053467556586, 0.00080903250434, 0.057388082907],
      [0.38939337131, 0.03068798654, 0.010365216315, 0.50780837156, 0.020501039696, 0.03719555935, 0.0040484552342],
      [0.12860086044, 0.02017409022, 0.076478608996, 0.49874980631, 0.073198740488, 0.19308749688, 0.0097103966721],
      [0.012614715362, 0.03987770816, 0.78017258718, 0.042328867542, 0.057173325817, 0.014190298303, 0.053642497634],
      [0.0074706060345, 0.00086640606921, 0.43930163, 0.093146000679, 0.11935339053, 0.22342543057, 0.11643653611]
    ],
    [
      [0.012356500671, 0.73096805773, 0.15186975515, 0.012413406089, 0.0062336821841, 0.00087310332601, 0.085285494853],
      [0.44983430569, 0.032872497834, 0.012100216417, 0.42624465118, 0.026371472646, 0.046021728658, 0.0065551275663],
      [0.14544414028, 0.021036941588, 0.087166811192, 0.40722433566, 0.091679664064, 0.23217105544, 0.015277051779],
      [0.013370850159, 0.032374750449, 0.77921246035, 0.023408726702, 0.063293092764, 0.014737922141, 0.073602197439],
      [0.0070893545918, 6.7179564759e-05, 0.42023395761, 0.063555811672, 0.12590145872, 0.22629506356, 0.15685717428]
    ],
    [
      [0.010475408839, 0.71796538207, 0.15384638238, 0.015487043648, 0.012756478025, 0.0011841683169, 0.088285136715],
      [0.36738643273, 0.029061424623, 0.012069297553, 0.48120265102, 0.056008444335, 0.047913275003, 0.0063584747308],
      [0.1036785467, 0.015982645575, 0.07348528405, 0.40616395015, 0.17278822547, 0.21468358922, 0.013217758828],
      [0.0064259905693, 0.025437004747, 0.7349029022, 0.034072533408, 0.10835953533, 0.017782119549, 0.073019914194],
      [0.0043190547779, 0, 0.34724578832, 0.064193799053, 0.24065413257, 0.21043490133, 0.13315232395]
    ],
    [
      [0.017133798747, 0.82547184605, 0.070783427648, 0.017241068266, 0.0055011825815, 0.00077946159065, 0.063089215119],
      [0.47009443927, 0.028427873689, 0.0044973950553, 0.44166744639, 0.018389228958, 0.033567573634, 0.0033560430051],
      [0.17565233803, 0.022255970893, 0.035980055691, 0.48723231725, 0.074343725265, 0.19549540102, 0.0090401918489],
      [0.040192227047, 0.082860582616, 0.60409158087, 0.068869034553, 0.093535271891, 0.022105352072, 0.088345950952],
      [0.013983357094, 0.00245230816, 0.26222999773, 0.11706551809, 0.15756520141, 0.29091684177, 0.15578677575]
    ],
    [
      [0.015164246314, 0.82991958203, 0.079084616841, 0.017476447828, 0.0040033571029, 0.00050925405892, 0.053842495822],
      [0.44345748905, 0.029869976018, 0.0047770577214, 0.48257278264, 0.013733639721, 0.02224452286, 0.0033445319963],
      [0.17278145148, 0.024114453742, 0.043344208153, 0.55728451714, 0.057436275678, 0.13568375201, 0.0093553418006],
      [0.035275621044, 0.080289517101, 0.66181519794, 0.066838624647, 0.065880655825, 0.013826714235, 0.076073669205],
      [0.014485949566, 0.0026055632417, 0.34480836489, 0.14077621529, 0.12738653938, 0.21377242071, 0.15616494692]
    ],
    [
      [0.010153100895, 0.76627034354, 0.067860088239, 0.037026623279, 0.0067229513845, 0.0016435212976, 0.11032337136],
      [0.20324088162, 0.016174457072, 0.0049940342211, 0.73652776671, 0.013974039405, 0.022401868863, 0.0026869521051],
      [0.06596295189, 0.012036804449, 0.023732728104, 0.72563491749, 0.049328542022, 0.11595784943, 0.0073462066168],
      [0.017162042432, 0.068974289652, 0.53682394762, 0.11491545577, 0.10170451138, 0.029244570655, 0.13117518249],
      [0.006490079096, 0.0019155451908, 0.19267758251, 0.21588380296, 0.13569247392, 0.22872357731, 0.21861693902]
    ],
    [
      [0.020671844451, 0.79894944431, 0.080571087196, 0.023594212285, 0.0030100741591, 0.0009214511157, 0.072281886487],
      [0.44616218188, 0.020711799157, 0.004511358032, 0.4822165398, 0.0079403863346, 0.035445655899, 0.0030120788949],
      [0.16617097672, 0.016129652927, 0.032481280651, 0.53411588688, 0.032776916103, 0.21002744725, 0.0082978394683],
      [0.045120919821, 0.071313996032, 0.63234812972, 0.083879644774, 0.047758923326, 0.02615494684, 0.093423439487],
      [0.014650942071, 0.0018610916028, 0.25768029519, 0.14148244188, 0.078191870334, 0.35083020894, 0.15530314998]
    ],
    [
      [0.0069058254658, 0.93711524625, 0.034350493031, 0.0031103827404, 0, 0.0004143107127, 0.018103741799],
      [0.60683138485, 0.09976523584, 0.0083017135205, 0.2574161, 0.0073385054059, 0.016741057244, 0.0036060031389],
      [0.29200992178, 0.09904332213, 0.058077419822, 0.37164372878, 0.040250467519, 0.12716552921, 0.011809610769],
      [0.044639506534, 0.19017932241, 0.62552800653, 0.032502738232, 0.026097292646, 0.010620616211, 0.070432517438],
      [0.023670201068, 0.0051162108011, 0.41536523656, 0.090574070948, 0.086970739708, 0.19368914442, 0.18461439649]
    ],
    [
      [0.011068208084, 0.90911008739, 0.04755887659, 0.0079811838562, 0.00082494389647, 0.0003995850855, 0.023057115101],
      [0.55206184194, 0.055799826718, 0.0060170907576, 0.35361561067, 0.0083515797333, 0.021657053585, 0.0024969965914],
      [0.24322781224, 0.04928195701, 0.050996526007, 0.46011205969, 0.040564408501, 0.14801041011, 0.0078068264373],
      [0.042118390062, 0.13691500832, 0.66212392088, 0.053202536631, 0.035889504181, 0.014146614862, 0.055604025063],
      [0.020776331833, 0.0043531387646, 0.39295008358, 0.11994460919, 0.093533157341, 0.23801419648, 0.13042848281]
    ],
    [
      [0.0056522208016, 0.93290737443, 0.037818595888, 0.0047755145414, 0.00029824094324, 0, 0.018548053395],
      [0.48392021151, 0.10691896706, 0.0089019206355, 0.36731912151, 0.010680368292, 0.018432778298, 0.0038266327008],
      [0.20381880539, 0.089843080546, 0.06542538469, 0.45857103118, 0.049142097202, 0.12188132156, 0.011318279445],
      [0.030821370814, 0.1719744789, 0.65226541856, 0.041416091374, 0.034018957096, 0.0069207442556, 0.062582939006],
      [0.015615177615, 0.0057976090094, 0.4357525106, 0.10517233991, 0.099374138718, 0.17356283418, 0.16472538997]
    ],
    [
      [0.011410401716, 0.81217037843, 0.088855058177, 0.017642698116, 0.0054854367, 0.00080336657684, 0.063632660287],
      [0.37466366515, 0.031913703393, 0.006128139305, 0.52984019576, 0.021046377364, 0.032138454353, 0.0042694646717],
      [0.12823664923, 0.022698211525, 0.047542519912, 0.53981894467, 0.078167947585, 0.17295406854, 0.010581658546],
      [0.021471560818, 0.069759831371, 0.6675688104, 0.061960178113, 0.081601235166, 0.017602011405, 0.080036372722],
      [0.0089798411042, 0.0021059475913, 0.32620029726, 0.11878484081, 0.15142174117, 0.23682482392, 0.15568250815]
    ],
    [
      [0.013565241516, 0.88301015032, 0.062239544683, 0.0099144277647, 0.0029642073675, 0.00047004941966, 0.027836378933],
      [0.54312168964, 0.043552041754, 0.0054115008649, 0.36689301079, 0.013806834087, 0.024900966274, 0.002313956587],
      [0.22701603456, 0.037318991991, 0.050339200057, 0.45408798502, 0.061933492771, 0.1623145848, 0.0069897108058],
      [0.03928404305, 0.10848998925, 0.67373331348, 0.050173168082, 0.062708186015, 0.015207170735, 0.050404129385],
      [0.018093807319, 0.0035743551714, 0.37881079191, 0.11052625075, 0.13142165649, 0.24464432681, 0.11292881155]
    ],
    [
      [0.0094576693198, 0.88322898288, 0.057807761372, 0.0069910863348, 0.00094943160015, 0.00053937503703, 0.041025693458],
      [0.51623659452, 0.05935499756, 0.0074312987266, 0.36607924194, 0.010219493382, 0.035931740972, 0.0047466328996],
      [0.19893386935, 0.046895811204, 0.060277870665, 0.4190844011, 0.043697253948, 0.21788887807, 0.013221915667],
      [0.031703811081, 0.1158023925, 0.68398282341, 0.037980710164, 0.031172504348, 0.017743478737, 0.081614279759],
      [0.013363945881, 0.003555740285, 0.36971096807, 0.084330169694, 0.07876722018, 0.27301271169, 0.1772592442]
    ],
    [
      [0.023200300843, 0.79907212345, 0.10097119997, 0.022176655966, 0.0043684536214, 0.00078296455168, 0.049428301595],
      [0.48878592562, 0.020555804021, 0.0048709402918, 0.43370077069, 0.010922272515, 0.038853292919, 0.002310993946],
      [0.18315428139, 0.015538552533, 0.039366657031, 0.48189962917, 0.044110070603, 0.22969541216, 0.0062353971228],
      [0.043207942564, 0.059965878919, 0.68760333445, 0.071043273663, 0.05852477689, 0.021843369418, 0.057811424094],
      [0.015322270254, 0.0012601082951, 0.30304202854, 0.12198268697, 0.097631258886, 0.36202261788, 0.098739029178]
    ],
    [
      [0.017398558872, 0.81894303973, 0.092761097248, 0.018879123294, 0.0036762420602, 0.00050739237154, 0.047834546423],
      [0.46119371816, 0.027288848921, 0.0053228421745, 0.47003112285, 0.011769891184, 0.021646151335, 0.0027474253688],
      [0.18395272191, 0.022329399318, 0.047795068833, 0.55334872613, 0.05037688264, 0.13433005632, 0.0078671448378],
      [0.036166599479, 0.071199270435, 0.69846414373, 0.065437548583, 0.054524284109, 0.012780129807, 0.061428023853],
      [0.015679730683, 0.002336586522, 0.38113264948, 0.14251587319, 0.11339931724, 0.21430642287, 0.13062942002]
    ],
    [
      [0.025419383663, 0.81726809569, 0.083457808215, 0.022561798586, 0.0046169567914, 0.00090047552336, 0.045775481527],
      [0.50998707781, 0.020449113203, 0.0042004148821, 0.42201421801, 0.011005225559, 0.030250548249, 0.0020934022785],
      [0.2046307499, 0.016853149586, 0.033939514009, 0.50107736695, 0.047324654727, 0.19021591683, 0.0059586480121],
      [0.050154385605, 0.072616832036, 0.64407597692, 0.07930632319, 0.070114322769, 0.023367440221, 0.060364719257],
      [0.018718206299, 0.001934610058, 0.28470283817, 0.14156237321, 0.11608647966, 0.33311308629, 0.10388240631]
    ],
    [
      [0.017403063974, 0.86671689357, 0.066633324079, 0.011293186816, 0.0044373603098, 0.00052740392082, 0.032988767334],
      [0.57969947194, 0.034861168631, 0.0049410055889, 0.338004601, 0.019185044996, 0.020938184128, 0.0023705237168],
      [0.24973380533, 0.031271367286, 0.045849397144, 0.4335706811, 0.090991209064, 0.14131401307, 0.0072695270051],
      [0.043973087558, 0.097590406643, 0.64571360552, 0.051779246601, 0.091873312263, 0.014307132485, 0.054763208935],
      [0.019730641618, 0.003329701728, 0.34494538294, 0.10629615755, 0.19706143232, 0.21480234916, 0.11383433468]
    ],
    [
      [0.016453904819, 0.82384975869, 0.09305763726, 0.016773519736, 0.0052742925166, 0.00084318615066, 0.043747700824],
      [0.46287106602, 0.028283191272, 0.0055644375887, 0.43846848495, 0.017493625558, 0.044653363816, 0.0026658308011],
      [0.16166266464, 0.020380818968, 0.04416376048, 0.45445340659, 0.065879678806, 0.24675400066, 0.0067056698547],
      [0.034105866609, 0.068937682592, 0.68543037276, 0.058955051967, 0.077018421042, 0.020435215211, 0.055117389818],
      [0.012146418923, 0.0018639656104, 0.31003320711, 0.10244499306, 0.12988306048, 0.3466426235, 0.09698573131]
    ],
    [
      [0.029250564443, 0.79782207489, 0.091995952105, 0.032418154592, 0.0072514828813, 0.0010972681472, 0.040164502946],
      [0.45883876354, 0.01516184151, 0.0058675313956, 0.48152320881, 0.013425513658, 0.024123829499, 0.001059311586],
      [0.18238809502, 0.012054641903, 0.031905946557, 0.56458683421, 0.058138547199, 0.14754045127, 0.0033854838444],
      [0.052811723217, 0.059864153898, 0.62951711767, 0.093558649691, 0.096203108148, 0.023816260528, 0.044228986846],
      [0.018841836748, 0.0011476055907, 0.2735223029, 0.17745429167, 0.16153026565, 0.28846793483, 0.079035762612]
    ],
    [
      [0.016735304008, 0.84060096248, 0.076722146102, 0.015339102648, 0.005071987241, 0.00050484453853, 0.045025652987],
      [0.49584866149, 0.031280945345, 0.0049678470062, 0.42344891318, 0.018485310772, 0.023024799901, 0.0029435223094],
      [0.1982631855, 0.025822619794, 0.044232728215, 0.49994610339, 0.080135426921, 0.14326253871, 0.0083373974639],
      [0.038566075039, 0.083528420326, 0.65142505503, 0.060969378467, 0.086140566932, 0.014115489823, 0.065255014384],
      [0.016044381899, 0.0026948373177, 0.33614901506, 0.12298361829, 0.17302669967, 0.21799134237, 0.13111010539]
    ],
    [
      [0.013749808818, 0.73144410541, 0.089983589387, 0.044960419659, 0.0091075177558, 0.0018632568962, 0.10889130207],
      [0.22674199057, 0.012399915706, 0.0061497305985, 0.68794369638, 0.017397339667, 0.045417134295, 0.0039501927849],
      [0.064562846491, 0.0065759621383, 0.027149859462, 0.617084467, 0.056614465797, 0.21938147291, 0.0086309262056],
      [0.010676845587, 0.043017074523, 0.56237132724, 0.12135889666, 0.11176805564, 0.037511079256, 0.1132967211],
      [0.0036182818998, 0, 0.17918130626, 0.16435910726, 0.13411567074, 0.3747263309, 0.14399930294]
    ],
    [
      [0.014169811024, 0.83129644678, 0.085387568879, 0.018919690717, 0.0064055149948, 0.0002991457158, 0.043521821893],
      [0.39795916157, 0.028716552558, 0.0057219062713, 0.4848158038, 0.021451662581, 0.058559718984, 0.002775194232],
      [0.12436710742, 0.018740109276, 0.037937131957, 0.44976584641, 0.072289006613, 0.29052536249, 0.0063754358348],
      [0.029710259747, 0.073123898679, 0.65232698344, 0.072570683027, 0.096186304139, 0.018645604945, 0.057436266019],
      [0.0092787141726, 0.001925357197, 0.25256182185, 0.10171518771, 0.14181500218, 0.40697322555, 0.085730691339]
    ],
    [
      [0.027045903011, 0.86872793734, 0.050763457711, 0.018145424272, 0.002150265194, 0.00053492559051, 0.032632086879],
      [0.60543985779, 0.02199724627, 0.0047639241309, 0.34657062644, 0.0053150260901, 0.013887928896, 0.0020253903876],
      [0.29556117737, 0.022763175339, 0.028557266721, 0.51099271074, 0.028995854745, 0.10706965408, 0.0060601610119],
      [0.067278745855, 0.11648707558, 0.5835631848, 0.097765803863, 0.050324480688, 0.017621180728, 0.06695952849],
      [0.035801232518, 0.0036940904733, 0.28756224005, 0.19469530674, 0.098023058214, 0.25458360915, 0.12564046285]
    ],
    [
      [0.023920340391, 0.86882716581, 0.058656789546, 0.022750737454, 0.0016970783411, 0.00097393947807, 0.023173948976],
      [0.49310962021, 0.019426971759, 0.0030072926268, 0.46445092331, 0.0045606705615, 0.014534481887, 0.0009100396409],
      [0.21345174316, 0.018579624847, 0.026023386334, 0.61547952896, 0.02187029453, 0.10169130013, 0.002904122032],
      [0.065062260265, 0.10793056787, 0.61816479843, 0.10553758972, 0.040951837297, 0.021063287982, 0.04128965844],
      [0.027940284551, 0.0035505505612, 0.29325814147, 0.24799433164, 0.08122227146, 0.2653468172, 0.080687603119]
    ],
    [
      [0.0073482438678, 0.77312827084, 0.12871054244, 0.014565687177, 0.0053252447175, 0.00013758997925, 0.070784420975],
      [0.33733747499, 0.033776225259, 0.010620933908, 0.56468536578, 0.023258772132, 0.023957176629, 0.0063640513059],
      [0.10775877368, 0.022818241092, 0.081575762131, 0.5596596562, 0.084646020472, 0.12775352802, 0.015788018415],
      [0.004167787942, 0.043762266204, 0.76543126167, 0.040699113955, 0.062559841627, 0.0044707361465, 0.078908992457],
      [0.0041600496105, 0.0008116231352, 0.45855441221, 0.095277944098, 0.13239175076, 0.13955035775, 0.16925386244]
    ],
    [
      [0.0055183137087, 0.89539144621, 0.053715161465, 0.0030698092541, 0, 0.00078111980349, 0.041524149558],
      [0.61124161413, 0.049190767787, 0.0069964211255, 0.28161867295, 0, 0.04388591439, 0.0070666096144],
      [0.21801005017, 0.043234369512, 0.068317932641, 0.33797279945, 0, 0.31022591082, 0.022238937417],
      [0.018569128879, 0.10328694814, 0.73014050638, 0.0095957975397, 0, 0.023825305438, 0.11458231363],
      [0.044238887917, 0.0058288103584, 0.38087189302, 0.047673991074, 0, 0.32139345617, 0.19999296146]
    ],
    [
      [0.010692702277, 0.8654928703, 0.062679103457, 0.0054843702278, 0, 0.00086449824369, 0.054786455498],
      [0.61939361075, 0.051339102983, 0.0081862637358, 0.28865249136, 0.0063601814835, 0.020860365702, 0.0052079839903],
      [0.27770660098, 0.049157822179, 0.070752432841, 0.3967361205, 0.03639679541, 0.15076723367, 0.018482994416],
      [0.036499632224, 0.10889835481, 0.70048941157, 0.028070382725, 0.013352226821, 0.013908143752, 0.098781848104],
      [0.017175866465, 0.0041989598767, 0.40995907826, 0.073808314255, 0.062661390496, 0.17875223827, 0.25344415237]
    ],
    [
      [0.01259619388, 0.76329678172, 0.13708513012, 0.017864583636, 0.0055161441535, 0.00072968322936, 0.062911483257],
      [0.39095102632, 0.029126272586, 0.0093786119861, 0.51258481054, 0.020179003217, 0.033575620227, 0.0042046551247],
      [0.1326027431, 0.019395795195, 0.070745043755, 0.51532593873, 0.073679086099, 0.1779192004, 0.010332192723],
      [0.015168312863, 0.041192840374, 0.76213113098, 0.046996302942, 0.060848873969, 0.013549437871, 0.060113101001],
      [0.0081943931238, 0.00092907061004, 0.42200470012, 0.10060402171, 0.12503122965, 0.21448456204, 0.12875202274]
    ],
    [
      [0.01218541812, 0.85902900472, 0.078269697834, 0.012416682227, 0.00361336077, 0.00054238756533, 0.033943448761],
      [0.46306571283, 0.040644160365, 0.0062689941217, 0.44053994878, 0.016274131178, 0.030493132295, 0.0027139204332],
      [0.17379891402, 0.031517702305, 0.053892149446, 0.48916345697, 0.065655766528, 0.17865763429, 0.0073143764511],
      [0.02985231325, 0.089269128454, 0.69886312317, 0.05166886064, 0.063799146956, 0.01580289099, 0.050744536539],
      [0.013020552303, 0.0030275816409, 0.3817379525, 0.11097397121, 0.13002551323, 0.25118146563, 0.11003296349]
    ],
    [
      [0.013444163153, 0.82853282231, 0.096782553882, 0.014475435204, 0.0049073032493, 0.00046306144249, 0.041394660755],
      [0.45331643915, 0.035388695351, 0.0070808288941, 0.4557844619, 0.019835312884, 0.02563053528, 0.0029637265453],
      [0.17046335615, 0.027279230904, 0.059818466806, 0.50500417791, 0.079822302369, 0.14963319073, 0.007979275133],
      [0.026902389982, 0.071290922567, 0.71706778716, 0.050248713646, 0.071681742738, 0.011476691675, 0.051331752232],
      [0.012286594776, 0.0024340983524, 0.4048141221, 0.11074406557, 0.15215767858, 0.20249665368, 0.11506678695]
    ],
    [
      [0.017750470582, 0.75848468905, 0.1196498815, 0.01841196103, 0.0049217400727, 0.00084600318287, 0.079935254581],
      [0.46571922984, 0.024195224558, 0.0071653824957, 0.45039468255, 0.015351205445, 0.032863120839, 0.0043111542703],
      [0.17191520756, 0.017954061661, 0.056780005766, 0.49173373537, 0.060846554482, 0.18917923417, 0.011591200993],
      [0.029360715816, 0.046204529366, 0.71849911171, 0.051921169788, 0.058189752165, 0.016781606652, 0.079043114499],
      [0.011942277822, 0.00057069852554, 0.36567087462, 0.10298235435, 0.11118328656, 0.24536377072, 0.1622867374]
    ],
    [
      [0.013238942654, 0.8514975676, 0.078725387525, 0.013436275467, 0.0042207131999, 1.0783125406e-05, 0.038870330425],
      [0.47059079396, 0.0380467508, 0.0059849599801, 0.44530759927, 0.017907005318, 0.019140994167, 0.0030218965092],
      [0.1870668447, 0.031193307911, 0.05414439528, 0.52306666752, 0.076397154616, 0.11956492733, 0.0085667026431],
      [0.032038184015, 0.086735318208, 0.68826904433, 0.055275324293, 0.072667253652, 0.0070265222031, 0.057988353295],
      [0.014592033718, 0.0030983475058, 0.39698539449, 0.12325007242, 0.15714785888, 0.17489185935, 0.13003443364]
    ],
    [
      [0.0083951158741, 0.85575535269, 0.092341294773, 0.006651132141, 0.0057046517995, 0.00039547641541, 0.030756976303],
      [0.47925043273, 0.05963510775, 0.011835273322, 0.37430590539, 0.040572122021, 0.030804784198, 0.0035963745871],
      [0.16397550471, 0.042524064131, 0.087452605957, 0.38015389142, 0.15113501292, 0.16583551285, 0.0089234080044],
      [0.017028001579, 0.081182369397, 0.74463138173, 0.017985856566, 0.088951308278, 0.010045955325, 0.040175127128],
      [0.0087750829997, 0.0031092381055, 0.44038488342, 0.061961513116, 0.21862025016, 0.16889882153, 0.098250210677]
    ],
    [
      [0.013098433032, 0.87120411804, 0.059751798074, 0.012512652936, 0.0033552098032, 0.00055419747999, 0.039523590631],
      [0.47989474723, 0.039440341632, 0.0045955069429, 0.42852498004, 0.014390699373, 0.030007349485, 0.0031463752932],
      [0.18596977102, 0.031380917488, 0.040963776973, 0.49146153197, 0.05980170204, 0.18174321988, 0.0086790806318],
      [0.037964146076, 0.1054702311, 0.63471873459, 0.061856376721, 0.069690262101, 0.018885207439, 0.071415041976],
      [0.015113993566, 0.0030836005258, 0.31529699009, 0.1211445228, 0.12872357623, 0.27814134611, 0.13849597067]
    ],
    [
      [0.0071111990793, 0.67484532692, 0.18984571438, 0.017446991658, 0.01166841669, 3.2064828131e-05, 0.099050286441],
      [0.19288880092, 0.029617520388, 0.10005723455, 0.59932807901, 0.050813717968, 0.019498874486, 0.007795772676],
      [0, 0.015959489913, 0.1842639372, 0.52835180964, 0.16347639359, 0.090608249287, 0.017340120365],
      [0, 0, 0.79419412898, 0.038932715216, 0.091107656488, 0, 0.075765499314],
      [0, 0.060199398112, 0.47401515165, 0.078152016806, 0.21258406033, 0.013409487432, 0.16163988568]
    ],
    [
      [0.013372900868, 0.86669411049, 0.06707883454, 0.0117236748, 0.0049625447057, 0.00058394750134, 0.035583987093],
      [0.48808777504, 0.039879900716, 0.0055625610758, 0.39917980679, 0.022960823295, 0.041469753074, 0.0028593800101],
      [0.17519165828, 0.029540977038, 0.043452568035, 0.4228513076, 0.089069225531, 0.23254282271, 0.0073514408061],
      [0.03578522608, 0.096617293063, 0.64102498341, 0.05300848822, 0.094663953509, 0.020758691567, 0.058141364146],
      [0.012884515276, 0.0027659823257, 0.293652677, 0.093768399887, 0.1739011688, 0.31932814723, 0.10369910948]
    ],
    [
      [0.016297666931, 0.79027004577, 0.1018046223, 0.02268493146, 0.0060511277438, 0.00089477201508, 0.061996833778],
      [0.39879219523, 0.022787986479, 0.0051290364857, 0.52638810611, 0.017188488681, 0.026371756015, 0.0033424310062],
      [0.14400722186, 0.016955246822, 0.043172325821, 0.56876713466, 0.067610856153, 0.15090109474, 0.0085861199438],
      [0.030346038658, 0.05623742835, 0.67689577047, 0.068724667055, 0.079183930241, 0.017087183659, 0.071524981568],
      [0.011813947534, 0.0013012213663, 0.33433719309, 0.13833906773, 0.14674253196, 0.23217703983, 0.13528899849]
    ],
    [
      [0.013273141329, 0.8583539273, 0.073877394823, 0.012706506973, 0.0024872644565, 0.00044095390743, 0.038860811208],
      [0.48266933689, 0.039840300588, 0.0059131081251, 0.43178541864, 0.011850337713, 0.024879112049, 0.0030623859947],
      [0.19299642583, 0.032642295727, 0.052562596719, 0.50802261848, 0.051028094928, 0.15402015977, 0.0087278085403],
      [0.033961910832, 0.094109293356, 0.69227524959, 0.055755994741, 0.048587021576, 0.013627329257, 0.061683200648],
      [0.015279804165, 0.0032146726563, 0.3884785887, 0.12207511271, 0.10699266313, 0.22808378459, 0.13587537405]
    ],
    [
      [0.0055532522626, 0.93447894038, 0.042529408069, 0.0055709272848, 1.0553302163e-05, 0, 0.011856918698],
      [0.47296715811, 0.094944555306, 0.0099288454356, 0.3964608014, 0.008737710577, 0.015070743665, 0.0018901855057],
      [0.19955669993, 0.079596106562, 0.074312533344, 0.49767538567, 0.041471068514, 0.10138689395, 0.0060013120327],
      [0.030156946775, 0.15616172996, 0.71070257032, 0.046020831373, 0.023026130067, 0.0020347976658, 0.031896993838],
      [0.015947168053, 0.0061265761177, 0.51116899451, 0.11877200296, 0.08991642622, 0.15168138799, 0.10638744414]
    ]
  ],
  "expected_outcome": [
    [
      [0.68913306831, 0.19677913792, 0.35997664888, 0.65489453557, 0.26188522097, 0.53114776115, 0.34877766523, 0.050765504473, 0.33074951122, 0.31766797143, 1.2728439297, 0.39000323531, 0.28526004291, 0.61043586822, 0.25535707163, 0.64960842359, 0.80033370813, 0.96593657919, 0.62651030305, 0.19744685783, 0.8775169333, 0.85350050443, 0.041249426454, 0.25505659843, 0.67614757527, 0.35880510587, 0.036741219339, 0.0055183137087, 0.14969783187, 0.34009723475, 0.29245003487, 1.0620888891, 0.37275988222, 0.75461973127, 0.18469254923, 0.4846420222, 0.035555995396, 0.53491603471, 0.30965567169, 3.7828452787, 0.1332780543],
      [37.8563484841, 10.1808663692, 23.6877222839, 38.7413070596, 17.9491345518, 25.5896272275, 19.0881503868, 3.8313517177, 12.7831911089, 43.1073013276, 104.5476600495, 64.3706088357, 20.3042594607, 39.7354567642, 23.8471825377, 22.3740194567, 37.6713798277, 31.0561876364, 31.2018081684, 9.8861971043, 23.9346622466, 42.8706490862, 2.1943323162, 14.963336042, 21.7181984336, 13.0324074872, 3.8656413542, 0.89539144621, 12.1169001842, 20.6090131065, 20.6166961133, 65.4540929628, 15.9281784701, 48.5353613534, 18.8266177593, 32.2345523676, 3.3742266346, 34.6677644196, 15.0151308696, 244.6308692813, 22.4274945692],
      [8.1808327528, 0.94395580114, 4.4655890703, 8.0490970229, 3.8461595596, 2.1942862571, 1.8189461873, 0.3393004412, 1.2891373951, 1.5801226794, 5.4692708078, 2.6094831162, 2.2213764544, 2.8007795107, 1.560809557, 2.8271935991, 4.2670104734, 3.1713967122, 2.3987996668, 1.1166916471, 2.7598785631, 3.9128294512, 0.26995076816, 1.5369762398, 1.2690864428, 0.87985184319, 0.6435527122, 0.053715161465, 0.8775074484, 3.7012985133, 1.878472748, 7.6458217566, 2.5126475115, 4.4873470889, 2.031508485, 2.2108165287, 0.94922857191, 2.6831533816, 1.9342878237, 21.0550575246, 1.0207057936],
      [0.77674101079, 0.19766424239, 0.51685199386, 0.65791052273, 0.3871760912, 0.53447311626, 0.40195830004, 0.1851331164, 0.37750739656, 0.14307760606, 0.91783614346, 0.32951050336, 0.4410674529, 0.44614924941, 0.18875933104, 0.62094636705, 0.86843967151, 0.85734834627, 0.40655472539, 0.20128223684, 0.97254463776, 0.78229423503, 0.13488125898, 0.3405544329, 0.4536356068, 0.34126106181, 0.072828435883, 0.0030698092541, 0.07678118319, 0.48234375817, 0.29800037344, 1.1435593812, 0.38665118163, 0.76586770159, 0.1463249071, 0.46296815865, 0.087234958288, 0.46894699202, 0.43101369773, 3.6213544874, 0.13370225484],
      [0.33241052478, 0.037461916707, 0.16574942542, 0.33038515576, 0.31891195064, 0.17053666003, 0.092077213366, 0.033614756922, 0.048161186546, 0, 0.094868548094, 0.020578625084, 0.1371359175, 0.13338933154, 0.025634653204, 0.1223167014, 0.16910713477, 0.17544435807, 0.15974497115, 0.063291510199, 0.21754448644, 0.25867134929, 0.027322553267, 0.11529926991, 0.05375662985, 0.025456175116, 0.026626223587, 0, 0, 0.14893589214, 0.086720658479, 0.3876769567, 0.10335654153, 0.24058065239, 0.12550233959, 0.12414276272, 0.058342083448, 0.19850178823, 0.11497142713, 0.7088703701, 0.00025327925192],
      [0.03560459076, 0.0075854756507, 0.025080007634, 0.046274476278, 0.029604207922, 0.02416330931, 0.011712843355, 0.008217606488, 0.014743217851, 0.019058292784, 0.045952284833, 0, 0.020084164421, 0.021152223885, 0.014563126, 0.021923007447, 0.023340049091, 0.034218069888, 0.018986541149, 0.010118233808, 0.032918044417, 0.025747071465, 0.0055897706887, 0.0053846228844, 0.013373139763, 0.014609092171, 0.00068794989624, 0.00078111980349, 0.012102975412, 0.019701447193, 0.013017301568, 0.036581853957, 0.01776606684, 0.00061463814812, 0.008700481139, 0.020505306759, 0.00016032414066, 0.023357900054, 0.017000668286, 0.12567186362, 0],
      [4.1289295685, 0.43568705699, 1.7790305701, 4.5201312272, 2.2071284179, 1.9557656687, 1.2383774039, 0.55161685682, 1.1565101838, 0.83277212275, 2.6515682366, 1.2798156843, 1.5908165072, 1.252637052, 1.1076937234, 1.3839924447, 2.2003891354, 1.739468298, 1.187595624, 0.52497240989, 1.2049350884, 2.2963083023, 0.32667390622, 0.78339279408, 0.81580217197, 0.34760923464, 0.35392210488, 0.041524149558, 0.76701037697, 1.6986100479, 0.81464277027, 3.2701781996, 1.6786403462, 2.2156088342, 0.67665347867, 1.4623728533, 0.4952514322, 1.4233594837, 1.1779398418, 11.0753311943, 0.28456604875]
    ],
    [
      [16.5977882099, 7.556716912, 9.3454409114, 14.3946977822, 5.1434100583, 24.9150052814, 14.1906396495, 1.2194452897, 9.8155680013, 10.9229649272, 41.9566999875, 13.5497659222, 8.6172642984, 25.5267194131, 11.8734416739, 13.6860059173, 18.4477487265, 45.3888499255, 17.9706836302, 11.1089055844, 44.507360063, 34.7094063041, 3.174387868, 11.1428565241, 22.4012747381, 1.9724384809, 1.3493499, 0.61124161413, 5.5745424967, 16.8108941318, 13.8919713849, 42.6117452798, 21.8888038024, 21.6471765221, 11.0227599528, 21.1153688781, 0.9644440046, 24.404388752, 5.1842985379, 100.3952220731, 8.9863760042],
      [1.1165047041, 0.47134130634, 0.73651167696, 1.0519199307, 0.40685994473, 1.5066773055, 0.95583923258, 0.09704674243, 0.45565958145, 1.7957742451, 4.2407868305, 2.9937310776, 0.73401517804, 2.0469459624, 1.3651649439, 0.57556251259, 1.0915539568, 1.819971075, 1.0806962276, 0.67879659054, 1.4706986265, 2.1896661742, 0.17359881989, 0.80406347162, 0.81389811199, 0.077707887035, 0.13510490104, 0.049190767787, 0.46205192685, 1.2524297212, 1.219324811, 3.326537363, 1.1371755542, 1.7501505368, 1.3716074782, 1.7353750318, 0.14808760194, 1.9939950358, 0.29624382423, 8.2867825223, 1.8039465508],
      [0.43527671403, 0.077190523501, 0.24876519156, 0.38720692534, 0.16897016575, 0.23836193793, 0.15286584709, 0.029964205327, 0.099249876703, 0.14943084337, 0.45729889758, 0.24925377779, 0.14094720402, 0.25434054065, 0.17091987071, 0.13638632817, 0.21291368698, 0.37383692451, 0.15317117326, 0.13354650213, 0.56915054537, 0.34774929043, 0.086096228379, 0.1602133756, 0.17626519284, 0.012029170507, 0.042483735632, 0.0069964211255, 0.073676373622, 0.4032803154, 0.18806982365, 0.66559791605, 0.3367729773, 0.27530815908, 0.2722112864, 0.20220230549, 0.50028617277, 0.27812805379, 0.066677474314, 1.22992649, 0.18864806328],
      [17.4099689043, 7.0343189341, 12.1874009174, 13.6398288379, 6.7368371143, 23.4083746586, 15.4423290443, 4.4191666003, 10.6087638757, 4.6334898001, 26.8747864113, 10.2849354023, 12.1863245026, 17.2439715073, 8.4198225646, 12.1436215793, 18.8012449142, 37.5592654033, 10.4781426309, 10.5232436387, 46.707751255, 29.6414239226, 9.6312117493, 13.5748425064, 12.8231131783, 1.8578036932, 2.2587414631, 0.28161867295, 2.5978724222, 22.0411468531, 13.2161984633, 42.8437394184, 21.16855008, 20.4841495663, 8.6090358241, 18.8550991219, 2.996640395, 19.9589903394, 6.8430453794, 89.8113670771, 7.5327552266],
      [0.92954759357, 0.17098242533, 0.49202495272, 0.84388712469, 0.78411822069, 0.97462913475, 0.43947647109, 0.083844236431, 0.17468849936, 0.13209309731, 0.63472005973, 0.29905031218, 0.48406667937, 0.64892120209, 0.23504834778, 0.30582363043, 0.47079564736, 0.97946507479, 0.59473639489, 0.4198470134, 1.3022748248, 1.293971754, 0.24356275534, 0.60064655226, 0.19665596533, 0.018242682246, 0.093035088529, 0, 0.057241633352, 0.86769713833, 0.48822393534, 1.8645194111, 0.72150665591, 0.82372224462, 0.93315880648, 0.63319077243, 0.25406858984, 1.1480411647, 0.22345035286, 2.4648702444, 0.16601650096],
      [1.2992232515, 0.65320052563, 0.8926934244, 1.4726953171, 0.67078585004, 1.7790814026, 0.71182473151, 0.13441121318, 0.77980442979, 0.30133903039, 1.6459360724, 0.51611779235, 0.73918445011, 1.1703454149, 0.82643004237, 1.0878922017, 0.86584605341, 2.6922987941, 0.64908370796, 1.0716807316, 2.3400114614, 1.611735993, 0.63583988013, 1.6396721315, 0.51385336914, 0.058137927548, 0.095828706515, 0.04388591439, 0.18774329132, 1.4437516697, 0.91479396886, 2.4092703163, 1.5445666794, 0.88048573168, 0.70851003656, 1.3203233773, 0.097494372428, 2.0734876537, 0.34283282819, 5.1748553062, 0.28634412963],
      [0.21169062255, 0.036249373165, 0.097162925621, 0.20976408212, 0.089018646231, 0.17787027927, 0.10702502388, 0.016121712631, 0.066265735687, 0.064908056501, 0.18977174095, 0.10714571562, 0.098197687448, 0.10875595959, 0.10917255669, 0.064707830489, 0.10989701475, 0.18631280279, 0.073486235221, 0.063979939226, 0.10275322385, 0.20604656166, 0.055302698989, 0.077705438497, 0.074939444341, 0.0036401585636, 0.025456205224, 0.0070666096144, 0.046871855912, 0.18080017036, 0.081417612996, 0.27859029526, 0.2026242507, 0.13900723942, 0.082716615502, 0.1384405129, 0.03897886338, 0.1429690005, 0.043451603081, 0.63697628689, 0.035913524609]
    ],
    [
      [10.8561189009, 7.0758342439, 8.8734593701, 16.7260761318, 4.1471418681, 23.7130656344, 9.675761283, 0.72559247078, 6.9791810224, 6.7162282008, 39.4029055836, 10.8023966855, 7.309489006, 21.7935393175, 10.344561206, 13.7365711039, 22.8101375173, 42.7678267281, 16.2326973464, 9.2147718844, 27.5406023478, 27.1620564138, 1.8723225482, 10.0737357008, 18.9159153515, 3.842131377, 1.2931052841, 0.87204020067, 4.4433056158, 17.901370318, 15.8157011756, 40.0588886958, 12.3778949442, 18.8937513149, 7.8708242263, 14.6916119104, 0, 21.8989572856, 3.1681588809, 85.8834094964, 8.5809380968],
      [1.4630612632, 0.92465462638, 1.3920122251, 2.4192482827, 0.639305823, 3.0045560705, 1.3504094095, 0.13240484894, 0.67744542292, 2.277996409, 7.9836770357, 4.7616832689, 1.2937980569, 3.5826232312, 2.4385821826, 1.1653914399, 2.7688455155, 3.5223082634, 2.0326388736, 1.1617066812, 1.8202509273, 3.5376989117, 0.19070290201, 1.5179488513, 1.4568432217, 0.33443324725, 0.2738188931, 0.17293747805, 0.78652515486, 2.6184323514, 2.8681109098, 6.4106192624, 1.2926924396, 3.1505240991, 2.0411550783, 2.4790924815, 0.43090622765, 3.6926221297, 0.37301543009, 14.5258215984, 3.4226325822],
      [6.2343145499, 1.6384801399, 5.2770240207, 10.0241832871, 2.939411362, 4.8573075182, 2.4272756565, 0.26106000915, 1.3642137873, 1.3357806559, 8.2614372131, 3.4675453886, 2.709923635, 4.8325632054, 3.1344492746, 2.9524992773, 5.9265885353, 7.0933584279, 2.9802108143, 2.5173343474, 4.8177979302, 6.0598837655, 0.7873459244, 3.0729076886, 1.8276650701, 0.46842095401, 0.97890914557, 0.27327173056, 1.1320389255, 9.5505809069, 4.9041855996, 14.0573396994, 4.0881604152, 5.4685839233, 4.197725086, 3.2361383809, 4.9751263043, 5.4315710043, 0.94979116807, 23.3903555398, 3.1954389338],
      [33.6707627403, 19.6355176573, 34.4137366354, 46.8307986014, 16.2465580061, 65.7763628287, 31.2079329599, 7.9819840923, 22.4328672489, 8.5478057619, 74.5381536706, 24.3042646523, 30.769679846, 43.5924465618, 21.7923888571, 36.1424721874, 68.6152420404, 104.7251696916, 28.1820942715, 25.9038441757, 85.2526119656, 68.4926161651, 17.895449543, 36.431033559, 32.7035334873, 11.0786315213, 6.7159158743, 1.3518911978, 6.347777928, 69.5690017283, 44.5138745839, 118.6759818088, 35.4048289467, 52.8297334196, 18.2473867882, 38.8254610254, 14.2654988604, 52.8564134495, 12.5128769624, 226.0700652244, 21.4000415837],
      [6.524721594, 1.7401786009, 5.0507130937, 10.5431613673, 6.911529019, 10.0364029107, 3.216431438, 0.54261396224, 1.3766304763, 0.92576075295, 6.5714341771, 2.6045311517, 4.4555730123, 5.9456153061, 2.2722572053, 3.3082552952, 6.2467334474, 9.8908528379, 5.9144285892, 3.7551416919, 8.778920627, 10.9785534882, 1.6418195081, 5.8554095357, 1.8557347037, 0.39366530155, 1.0157522457, 0, 0.58234872656, 9.9466766234, 5.9746747541, 18.7582410568, 4.3809519227, 7.7161126162, 7.2544806204, 4.7243344611, 4.413862627, 11.1336531914, 1.4874388354, 22.7075022431, 1.7832559461],
      [13.2591584226, 9.739717338, 13.3230372845, 26.6996713751, 8.5873435686, 26.3918791378, 7.5982901123, 1.2755363438, 8.8211527844, 2.9248071717, 23.9776864371, 6.4597100424, 9.8583819066, 15.5822001406, 11.3302216598, 17.227155912, 16.6569269843, 39.7551266166, 9.1854108496, 14.0649780377, 22.2786081416, 19.6269678032, 6.3620627143, 23.532554362, 6.8524578609, 1.8304434024, 1.5330423362, 1.2409036433, 2.4122757387, 24.0190920544, 16.25784472, 35.1637998205, 13.6209048602, 12.0760576599, 7.9601046167, 14.3577143708, 2.4464227308, 29.0678528388, 3.3198240844, 68.5389710976, 4.35963644],
