{
  "X": [
    [5, 8, 66, 68, 10],
    [44, 74, 702, 262, 30],
    [0, 0, 6, 4, 0],
    [3, 8, 57, 51, 4],
    [191, 219, 1989, 1813, 85],
    [252, 179, 1678, 3197, 102],
    [3, 7, 42, 109, 9],
    [10, 0, 19, 38, 2],
    [56, 114, 950, 811, 27],
    [15, 7, 74, 69, 1],
    [16, 9, 138, 136, 1],
    [3, 7, 72, 101, 5],
    [28, 6, 65, 30, 3],
    [8, 16, 99, 208, 9],
    [14, 21, 96, 247, 6],
    [6, 0, 16, 15, 0],
    [2, 22, 92, 170, 13],
    [9, 11, 57, 47, 0],
    [39, 59, 385, 225, 23],
    [28, 17, 213, 162, 14],
    [2, 4, 8, 60, 2],
    [5, 4, 19, 86, 1],
    [15, 15, 49, 139, 3],
    [2, 12, 128, 26, 4],
    [4, 9, 59, 55, 4],
    [54, 62, 388, 328, 15],
    [10, 5, 25, 81, 4],
    [9, 47, 233, 108, 11],
    [6, 17, 138, 34, 3],
    [0, 7, 61, 11, 1],
    [16, 31, 181, 68, 13],
    [30, 46, 384, 504, 25],
    [24, 40, 307, 297, 13],
    [55, 33, 266, 191, 10],
    [29, 25, 217, 384, 17],
    [43, 35, 277, 443, 9],
    [84, 34, 357, 685, 27],
    [41, 33, 247, 304, 14],
    [31, 10, 128, 248, 9],
    [8, 5, 17, 47, 1],
    [24, 40, 221, 166, 5],
    [30, 56, 370, 363, 15],
    [2, 4, 48, 84, 3],
    [17, 11, 68, 234, 1],
    [14, 36, 149, 161, 9],
    [39, 63, 468, 246, 20],
    [7, 2, 19, 18, 2],
    [6, 12, 63, 94, 1],
    [1, 1, 3, 21, 0],
    [10, 10, 36, 110, 3],
    [20, 24, 113, 161, 3],
    [2, 6, 49, 85, 5],
    [5, 17, 56, 119, 8],
    [15, 13, 117, 104, 4],
    [10, 22, 73, 86, 11],
    [30, 24, 288, 384, 11],
    [2, 2, 30, 82, 2],
    [7, 9, 42, 117, 2],
    [8, 9, 60, 202, 4],
    [6, 4, 23, 60, 1],
    [1, 4, 17, 49, 0],
    [4, 6, 16, 74, 2],
    [13, 18, 174, 139, 4],
    [26, 57, 368, 359, 13],
    [6, 4, 34, 80, 4],
    [1, 3, 7, 34, 3],
    [1, 0, 5, 28, 1],
    [1, 0, 11, 30, 0],
    [2, 0, 15, 22, 1],
    [27, 14, 141, 147, 6],
    [12, 17, 40, 124, 1],
    [12, 11, 67, 176, 2],
    [14, 6, 59, 131, 3],
    [13, 6, 45, 57, 2],
    [6, 9, 33, 59, 0],
    [0, 0, 10, 27, 2],
    [0, 2, 3, 12, 0],
    [2, 6, 23, 54, 1],
    [0, 4, 10, 51, 0],
    [82, 20, 240, 336, 15],
    [164, 100, 849, 783, 53],
    [135, 116, 696, 749, 43],
    [0, 1, 3, 0, 0]
  ],
  "W": [
    [4, 64, 67, 12, 10],
    [42, 644, 265, 122, 39],
    [0, 6, 1, 1, 2],
    [1, 43, 63, 12, 4],
    [238, 1676, 1895, 344, 144],
    [300, 1221, 3395, 322, 170],
    [5, 33, 117, 8, 7],
    [10, 22, 29, 2, 6],
    [61, 815, 859, 175, 48],
    [12, 58, 74, 13, 9],
    [27, 107, 137, 17, 12],
    [5, 54, 109, 16, 4],
    [19, 62, 34, 8, 9],
    [15, 80, 213, 21, 11],
    [10, 82, 253, 27, 12],
    [7, 18, 10, 1, 1],
    [7, 75, 171, 27, 19],
    [2, 57, 51, 12, 2],
    [28, 342, 244, 73, 44],
    [28, 195, 163, 28, 20],
    [1, 11, 58, 4, 2],
    [4, 14, 83, 5, 9],
    [11, 46, 136, 19, 9],
    [2, 126, 18, 13, 13],
    [7, 49, 55, 14, 6],
    [40, 329, 355, 81, 42],
    [6, 22, 85, 8, 4],
    [9, 223, 100, 54, 22],
    [5, 130, 36, 16, 11],
    [0, 62, 7, 8, 3],
    [10, 178, 66, 41, 14],
    [27, 331, 527, 79, 25],
    [31, 252, 289, 81, 28],
    [59, 202, 222, 40, 32],
    [19, 152, 432, 50, 19],
    [39, 199, 502, 46, 21],
    [94, 247, 728, 61, 57],
    [30, 187, 324, 63, 35],
    [25, 108, 258, 27, 8],
    [8, 6, 53, 7, 4],
    [17, 192, 180, 48, 19],
    [51, 291, 372, 80, 40],
    [4, 29, 90, 13, 5],
    [15, 50, 232, 23, 11],
    [15, 129, 167, 45, 13],
    [33, 393, 281, 93, 36],
    [1, 22, 19, 2, 4],
    [9, 55, 86, 19, 7],
    [1, 2, 23, 0, 0],
    [9, 36, 104, 16, 4],
    [15, 104, 155, 34, 13],
    [0, 39, 85, 14, 9],
    [4, 39, 132, 24, 6],
    [13, 110, 99, 21, 10],
    [5, 59, 100, 25, 13],
    [22, 242, 401, 47, 25],
    [6, 16, 82, 11, 3],
    [10, 21, 120, 15, 11],
    [12, 37, 198, 28, 8],
    [7, 20, 56, 8, 3],
    [4, 10, 51, 4, 2],
    [1, 13, 77, 8, 3],
    [13, 151, 153, 21, 10],
    [28, 302, 386, 77, 30],
    [4, 31, 80, 10, 3],
    [2, 7, 32, 5, 2],
    [5, 3, 24, 3, 0],
    [1, 8, 32, 0, 1],
    [2, 11, 21, 2, 4],
    [27, 112, 156, 26, 14],
    [9, 39, 121, 21, 4],
    [7, 51, 185, 19, 6],
    [14, 50, 131, 12, 6],
    [11, 37, 67, 6, 2],
    [6, 25, 57, 13, 6],
    [0, 8, 26, 1, 4],
    [0, 3, 12, 1, 1],
    [2, 12, 62, 7, 3],
    [0, 1, 51, 10, 3],
    [97, 201, 317, 26, 52],
    [133, 823, 783, 110, 100],
    [108, 658, 759, 117, 97],
    [0, 2, 0, 1, 1]
  ],
  "method": "mvn_pdf",
  "cond_prob": [
    [
      [0.46228109762, 0.00027931720498, 0.17713692194, 0.35740009918, 0.0029025640635],
      [0.026500778995, 0.050616450167, 0.8405923635, 0.022426628315, 0.05986377902],
      [0.0074609978788, 0.0043448501806, 0.067741276603, 0.90627582797, 0.014177047366],
      [0.00093434843084, 0.34144484757, 0.39984211303, 0.17807174185, 0.079706949118],
      [0.094372671483, 0.037098678758, 0.21567701593, 0.22777540147, 0.42507623236]
    ],
    [
      [0.50539621388, 0.00019069314433, 0.25959693445, 0.23317719903, 0.0016389595002],
      [0.02196695441, 0.043024340168, 0.90383422661, 0.0094858969022, 0.021688581905],
      [0.010753423229, 0.0032965721466, 0.11478949635, 0.85331646529, 0.017844042982],
      [0.00066145460618, 0.35324579988, 0.51635101902, 0.10218480374, 0.027556922757],
      [0.14605860921, 0.059352220922, 0.40034989638, 0.1923648892, 0.2018743843]
    ],
    [
      ["NaN", "NaN", "NaN", "NaN", "NaN"],
      [0, 0, 0.87002987001, 0.12997012999, 0],
      [0, 0, 0.29342890196, 0.70657109804, 0],
      [0, 0, 0.41461760582, 0.58538239418, 0],
      [0, 0, 0.035887136069, 0.96411286393, 0]
    ],
    [
      [0.76992454347, 0.0002306070362, 0.15534147946, 0.073897684304, 0.00060568573232],
      [0.019562014677, 0.052081763425, 0.89474270832, 0.0098660477299, 0.023747465844],
      [0.013750113239, 0.0073751475837, 0.17191433541, 0.77999274138, 0.02696766239],
      [0.00085848383252, 0.41712096909, 0.48676327765, 0.067215381478, 0.028041887946],
      [0.12808747135, 0.072541909712, 0.42473989999, 0.13893374467, 0.23569697427]
    ],
    [
      [0.48116770248, 0.00018068600922, 0.23770249643, 0.27967151391, 0.0012776011638],
      [0.023207836538, 0.047172375316, 0.90037599528, 0.010746327388, 0.018497465478],
      [0.0085608023576, 0.0030291427741, 0.1057904929, 0.8707466162, 0.011872945772],
      [0.00065880277899, 0.36384971725, 0.48637630859, 0.12699370612, 0.022121465262],
      [0.14678058436, 0.062441440347, 0.38618196919, 0.24081015546, 0.16378585064]
    ],
    [
      [0.51425472654, 0.0001451970591, 0.20448389405, 0.27988858108, 0.001227601274],
      [0.029198946918, 0.043321158462, 0.89020549489, 0.016698595565, 0.020575804161],
      [0.0097652947306, 0.0022371970969, 0.092055784935, 0.88425381146, 0.011687911775],
      [0.00090604543424, 0.33981924327, 0.48705998752, 0.14717565813, 0.025039065644],
      [0.16839262124, 0.053201328953, 0.35500715698, 0.25418934505, 0.16920954778]
    ],
    [
      [0.35828732293, 0.00046777286482, 0.23459272409, 0.40176136828, 0.0048908118375],
      [0.014289425885, 0.069154078095, 0.82034243942, 0.020355524407, 0.075858532187],
      [0.0029640300292, 0.005829169043, 0.080564661771, 0.88869381291, 0.021948326249],
      [0.00025658039318, 0.45724271303, 0.35252153875, 0.11144443923, 0.078534728599],
      [0.055452596369, 0.053660296609, 0.21564259162, 0.20724703273, 0.46799748267]
    ],
    [
      [0.59169832459, 0, 0.035661845179, 0.37040522721, 0.0022346030227],
      [0.10521525282, 0, 0.77477078718, 0.081954505415, 0.038059454582],
      [0.0038182329327, 0, 0.0085796387144, 0.97858980283, 0.0090123255232],
      [0.058238564858, 0, 0.33315343623, 0.57574578919, 0.032862209725],
      [0.25684588453, 0, 0.11388463918, 0.49372545806, 0.13554401823]
    ],
    [
      [0.44790665139, 0.00019866638745, 0.25389270594, 0.29703369164, 0.0009682846357],
      [0.019539225162, 0.050367658567, 0.9057272308, 0.011244813597, 0.013121071877],
      [0.0070429183985, 0.0034447791035, 0.10795079177, 0.87317558032, 0.0083859303998],
      [0.0004664775743, 0.3800941466, 0.47987535728, 0.1238146627, 0.015749355848],
      [0.13795260996, 0.072139556547, 0.40910279542, 0.24981317202, 0.13099186605]
    ],
    [
      [0.67978793472, 0.0002301274904, 0.16135844118, 0.15848049992, 0.00014299669035],
      [0.046062087432, 0.036669498028, 0.90601961725, 0.0070309367095, 0.004217860578],
      [0.019640358275, 0.0031937813807, 0.1202077459, 0.85481243475, 0.0021456796958],
      [0.0017034726531, 0.32348786668, 0.54592044802, 0.12118897407, 0.0076992385899],
      [0.29949022838, 0.047636166168, 0.39135798719, 0.20654031525, 0.054975303004]
    ],
    [
      [0.43680002048, 2.4850726425e-05, 0.25782906804, 0.30517332485, 0.00017273589931],
      [0.017915174773, 0.031594571371, 0.93585989175, 0.013131880744, 0.001498481363],
      [0.0053032506946, 0.0015502281438, 0.11349675635, 0.87875879335, 0.00089097146006],
      [0.0017120663402, 0.28309430267, 0.56604009589, 0.14402117861, 0.0051323564799],
      [0.12781877277, 0.049477124387, 0.47748912467, 0.29307452195, 0.052140456224]
    ],
    [
      [0.34344436384, 0.00021115673317, 0.29448060271, 0.35950895699, 0.0023549197216],
      [0.011907929787, 0.034370916708, 0.91553721589, 0.010645268316, 0.027538669301],
      [0.002825119342, 0.0020240385092, 0.10183146145, 0.87568937865, 0.01763000205],
      [0.00019240749898, 0.29617396607, 0.52775211504, 0.14087828981, 0.035003221584],
      [0.082183361, 0.045877764854, 0.38623104749, 0.23085395407, 0.25485387258]
    ],
    [
      [0.85350130457, 0.00071551921158, 0.082220356585, 0.062023248472, 0.0015395711619],
      [0.092753178722, 0.041501112953, 0.8432022671, 0.0023653647918, 0.02017807643],
      [0.048067184678, 0.0046146411658, 0.13682052088, 0.79360399099, 0.016893662286],
      [0.0026524089647, 0.36662333901, 0.5171675333, 0.090271468462, 0.023285250264],
      [0.48636384241, 0.035939068915, 0.26333718756, 0.10779980229, 0.10656009883]
    ],
    [
      [0.35061318971, 0.00035762391724, 0.22573278566, 0.42108069658, 0.002215704132],
      [0.016082333165, 0.067302794212, 0.86907372503, 0.015127792731, 0.032413354861],
      [0.0023834326865, 0.0034220238725, 0.069329335161, 0.91032380361, 0.014541404669],
      [0.00022371553605, 0.43311190298, 0.38069057686, 0.15434291657, 0.031630888052],
      [0.085622392053, 0.07147009609, 0.30240542811, 0.30303588325, 0.2374662005]
    ],
    [
      [0.58009787642, 0.00016892955931, 0.13729483418, 0.28147545376, 0.00096290607527],
      [0.041565064402, 0.080442339508, 0.83815290536, 0.018696546323, 0.021143144403],
      [0.0097618471866, 0.0028038349005, 0.054077129787, 0.92508035641, 0.0082768317175],
      [0.0010193658466, 0.47252577452, 0.3352463216, 0.17249350431, 0.018715033728],
      [0.19111797823, 0.077872726897, 0.26377907494, 0.32912282302, 0.13810739692]
    ],
    [
      [0.60024364668, 0, 0.029128249138, 0.37062810418, 0],
      [0.082119870882, 0, 0.84109285331, 0.07678727581, 0],
      [0.0022566203523, 0, 0.0069943210589, 0.99074905859, 0],
      [0.046488365046, 0, 0.40901314465, 0.54449849031, 0],
      [0.25108222878, 0, 0.17747454124, 0.57144322997, 0]
    ],
    [
      [0.20975709743, 0.00068512243984, 0.26653831454, 0.51954433538, 0.0034751302108],
      [0.002432081567, 0.085869672641, 0.84800578319, 0.018146568367, 0.045545894233],
      [0.00065803168243, 0.001706479252, 0.070270898382, 0.91256476787, 0.014799822812],
      [5.4697555306e-05, 0.48929505486, 0.33007620663, 0.14339776245, 0.037176278514],
      [0.012383892042, 0.10801075061, 0.29502193982, 0.26746748067, 0.31711593685]
    ],
    [
      [0.93560905568, 0.00010187353525, 0.031005075991, 0.033283994796, 0],
      [0.087368872627, 0.077027887399, 0.82046070246, 0.01514253751, 0],
      [0.021109218777, 0.0055209898419, 0.10279317974, 0.87057661164, 0],
      [0.0019527258431, 0.51456372253, 0.3719684194, 0.11151513222, 0],
      [0.52437664059, 0.07643575942, 0.23282830388, 0.1663592961, 0]
    ],
    [
      [0.59116690141, 0.00020340263192, 0.21363441816, 0.19354060638, 0.0014546714161],
      [0.030775191262, 0.062614944326, 0.87571346993, 0.0081293604054, 0.022767034076],
      [0.015126779723, 0.005114337204, 0.12975636589, 0.83129138772, 0.018711129463],
      [0.00097553066028, 0.44912728839, 0.43775092392, 0.086924418489, 0.025221838537],
      [0.18545598542, 0.080586441732, 0.36154224662, 0.17318274113, 0.1992325851]
    ],
    [
      [0.56297674895, 5.4597745638e-05, 0.1852470817, 0.25018903779, 0.0015325338132],
      [0.034468425388, 0.037092514801, 0.88639456404, 0.012707781113, 0.029336714657],
      [0.011803236111, 0.0016594110755, 0.088645472364, 0.8813637179, 0.016528162547],
      [0.0011672767051, 0.30943142175, 0.50161420857, 0.15013758792, 0.037649505058],
      [0.17793484225, 0.041543353134, 0.32358659445, 0.23252755725, 0.22440765292]
    ],
    [
      [0.56488815965, 0.00016714879395, 0.058796289599, 0.37458769055, 0.0015607114039],
      [0.092324749175, 0.15536859552, 0.62734074368, 0.055388788949, 0.069577122675],
      [0.0023530303956, 0.00067127546604, 0.0046028941481, 0.980647472, 0.011725327994],
      [0.00097745383732, 0.53040505786, 0.14425001605, 0.29313061597, 0.031236856286],
      [0.13957701056, 0.06511204599, 0.098243802581, 0.48302989568, 0.21403724519]
    ],
    [
      [0.45903628521, 0.00036152262302, 0.11792068326, 0.42241851169, 0.00026299721251],
      [0.037948755459, 0.067855011855, 0.82806332163, 0.056726682016, 0.0094062290389],
      [0.0079718810973, 0.0036941297752, 0.032616330033, 0.95454860559, 0.0011690535001],
      [0.0010759222906, 0.41261133567, 0.31818214013, 0.25955119371, 0.0085794081935],
      [0.2183918378, 0.075434921537, 0.29304051897, 0.33231801912, 0.08081470257]
    ],
    [
      [0.65997499692, 0.00013996206456, 0.082073354938, 0.25723564502, 0.0005760410636],
      [0.075828918656, 0.094708055497, 0.78694460879, 0.02263996571, 0.019878451348],
      [0.0123716026, 0.0026493685314, 0.035312841813, 0.94342759236, 0.0062385946948],
      [0.0014522464688, 0.50666062163, 0.2803919606, 0.19577766138, 0.015717509926],
      [0.28244601547, 0.072780437018, 0.1964163726, 0.34478237278, 0.10357480213]
    ],
    [
      [0.29467986145, 0.00020904819074, 0.14636923809, 0.55724888941, 0.0014929628598],
      [0.0036523353908, 0.048498671958, 0.91313920548, 0.021033427019, 0.013676360151],
      [0.0031044844897, 0.0024791214259, 0.037484699291, 0.94646076973, 0.010470925062],
      [9.4277056211e-05, 0.37416867855, 0.48938758792, 0.12098994026, 0.015359516223],
      [0.068718438102, 0.075379402318, 0.43191987716, 0.27893287218, 0.14504941025]
    ],
    [
      [0.3779961164, 0.00048824934412, 0.26619894066, 0.3530485429, 0.0022681506978],
      [0.013300874605, 0.055462347281, 0.89505274152, 0.0087362426655, 0.027447793925],
      [0.0032906198878, 0.0041697200035, 0.089530588361, 0.88656547401, 0.016443597736],
      [0.00020120490322, 0.40364308463, 0.44015398625, 0.12724463582, 0.02875708839],
      [0.086413894512, 0.066431575474, 0.36544748555, 0.25967638949, 0.22203065498]
    ],
    [
      [0.63324506332, 0.00016588496864, 0.18107793944, 0.18474338789, 0.00076772438409],
      [0.038717220334, 0.062744656403, 0.87565328064, 0.0085459932242, 0.014338849399],
      [0.01690123191, 0.0045943844527, 0.11855092038, 0.84938674782, 0.010566715438],
      [0.0010828853414, 0.44886876723, 0.4356216631, 0.098528289755, 0.015898394568],
      [0.23439478421, 0.080023714716, 0.36419099154, 0.19727489925, 0.12411561028]
    ],
    [
      [0.79842546847, 0.00018502129042, 0.062670784083, 0.13757219296, 0.0011465331951],
      [0.10265152618, 0.057718197788, 0.77307965771, 0.018157126047, 0.048393492275],
      [0.018227661362, 0.0039567613106, 0.04904003363, 0.90978248579, 0.018993057903],
      [0.0024313804555, 0.40543097161, 0.34837335147, 0.19486321733, 0.048901079135],
      [0.34557783844, 0.037329259172, 0.16520828889, 0.2211732595, 0.230711354]
    ],
    [
      [0.39029577272, 0.00020803567461, 0.25371840422, 0.35406331756, 0.0017144698235],
      [0.013006883244, 0.078153334871, 0.87360380042, 0.014143222972, 0.02109275849],
      [0.0045541314218, 0.0028477616072, 0.076875332826, 0.90282878484, 0.012893989303],
      [0.00017855380163, 0.49971761722, 0.37349613908, 0.10714287155, 0.019464818346],
      [0.096443092487, 0.10456393238, 0.36575282158, 0.25413172141, 0.17910843215]
    ],
    [
      [0.47213639344, 0.00035119581112, 0.32575600584, 0.20084854356, 0.0009078613508],
      [0.01447086403, 0.062487286042, 0.90814245452, 0.0056585646468, 0.009240830763],
      [0.010182375224, 0.0066558559517, 0.15223848989, 0.82015694314, 0.010766335793],
      [0.00030167784077, 0.46882451788, 0.45818101207, 0.061613437784, 0.011079354423],
      [0.12606485049, 0.10309943046, 0.5001108231, 0.15897081096, 0.11175408498]
    ],
    [
      ["NaN", "NaN", "NaN", "NaN", "NaN"],
      [0, 0.056045829533, 0.89877861602, 0.035592947721, 0.0095826067223],
      [0, 0.0013738206267, 0.024293156323, 0.96707667002, 0.0072563530282],
      [0, 0.39905011259, 0.45668098234, 0.13447038439, 0.009798520675],
      [0, 0.10771364127, 0.48407528452, 0.31597915867, 0.09223191554]
    ],
    [
      [0.61930625343, 0.00020303145403, 0.17569498215, 0.20295664637, 0.0018390865968],
      [0.035312142234, 0.064061029258, 0.85637303321, 0.011050344676, 0.03320345062],
      [0.015259533446, 0.0038527212821, 0.083235088136, 0.87229441592, 0.025358241219],
      [0.00120379364, 0.44830060965, 0.41362610106, 0.098002117226, 0.038867378422],
      [0.17606367153, 0.068607276947, 0.31117602188, 0.17242528051, 0.27172774913]
    ],
    [
      [0.49253332906, 0.00014735905749, 0.19560040004, 0.31002461596, 0.0016942958888],
      [0.026813460136, 0.047401267034, 0.88287318315, 0.014398422618, 0.028513667066],
      [0.0078289476077, 0.0024454119385, 0.08078724583, 0.89498094173, 0.013957452897],
      [0.00078427744014, 0.35022848048, 0.45488903967, 0.16129593029, 0.032802272118],
      [0.14554126014, 0.053976794717, 0.31906611565, 0.25864490797, 0.22277092153]
    ],
    [
      [0.42642078624, 0.00020580303134, 0.22319090354, 0.34902856902, 0.001153938165],
      [0.021593155508, 0.042248564045, 0.90151578686, 0.016792774785, 0.0178497188],
      [0.0058154793907, 0.0019960135517, 0.081917577545, 0.90130825865, 0.0089626708665],
      [0.00041517910539, 0.33699359948, 0.48160934021, 0.15924401606, 0.021737865149],
      [0.12947062096, 0.05263044615, 0.36480597263, 0.30612439519, 0.14696856507]
    ],
    [
      [0.63017754827, 0.00036241289853, 0.22623651541, 0.14237271303, 0.00085081039276],
      [0.031191170321, 0.056232993828, 0.89229596747, 0.008139003058, 0.012140865323],
      [0.020859519937, 0.0067882619169, 0.17638091127, 0.78264475301, 0.013326553865],
      [0.0011496389525, 0.43591286506, 0.48241586905, 0.065964022152, 0.01455760478],
      [0.21381591447, 0.083626379302, 0.43609572182, 0.14281985183, 0.12364213257]
    ],
    [
      [0.65962780781, 0.00010537952578, 0.17911130465, 0.15974647564, 0.0014090323707],
      [0.037177286921, 0.040024928489, 0.87683733436, 0.020883245304, 0.025077204921],
      [0.015475881938, 0.002765445016, 0.11211639798, 0.85207222158, 0.017570053482],
      [0.0012371541867, 0.33599981116, 0.50716464847, 0.12313412953, 0.032464256651],
      [0.21414133331, 0.048397150201, 0.34342600188, 0.18624513038, 0.20779038423]
    ],
    [
      [0.60595759186, 0.00022128892099, 0.20465711171, 0.18855806295, 0.00060594456156],
      [0.033155807999, 0.055844785825, 0.8802419991, 0.020243969351, 0.010513437724],
      [0.015962401135, 0.0047478539344, 0.12727186801, 0.84383075601, 0.008187120916],
      [0.00095591818476, 0.43094461472, 0.4660683395, 0.089304934312, 0.012726193287],
      [0.22440716759, 0.079589638133, 0.40574254597, 0.18602948335, 0.10423116495]
    ],
    [
      [0.57861773712, 9.1942806443e-05, 0.18458394929, 0.23548774162, 0.0012186291554],
      [0.035791471799, 0.039838305983, 0.8858912388, 0.016485047736, 0.021993935685],
      [0.012765936095, 0.0020795012718, 0.097023624073, 0.87473817982, 0.013392758742],
      [0.0011501697558, 0.32682092957, 0.50263120624, 0.14165848909, 0.027739205345],
      [0.20009960253, 0.047391967874, 0.34281176979, 0.23406636411, 0.1756302957]
    ],
    [
      [0.63861243609, 0.00011002216561, 0.164901102, 0.19544491713, 0.00093152261903],
      [0.042936209148, 0.043097913059, 0.88374991813, 0.011777980378, 0.018437979284],
      [0.015874322465, 0.002773165257, 0.10352280431, 0.8657559059, 0.012073802066],
      [0.00119820411, 0.35291617435, 0.49660414909, 0.12629157578, 0.022989896669],
      [0.24553681341, 0.051576144731, 0.34183663603, 0.21351106767, 0.14753933817]
    ],
    [
      [0.68429274625, 1.490353482e-05, 0.10681072831, 0.20788367139, 0.00099795051015],
      [0.069793160388, 0.027070097736, 0.8562079069, 0.01803280547, 0.028896029503],
      [0.014387352347, 0.00052372443581, 0.067476700797, 0.90480646335, 0.012805759067],
      [0.0021203705373, 0.24859442092, 0.49659862611, 0.21562956884, 0.037057013588],
      [0.32322913896, 0.028610823352, 0.25526576699, 0.1991624151, 0.1937318556]
    ],
    [
      [0.69175380051, 0.0005694769911, 0.16809625367, 0.13886648316, 0.00071398568022],
      [0.044264443624, 0.083289124208, 0.85731407586, 0.004956459484, 0.010175896826],
      [0.021178972516, 0.0060927915378, 0.12784664858, 0.83474618572, 0.010135401647],
      [0.0020493290772, 0.54136768264, 0.34309412148, 0.10475992852, 0.008728938286],
      [0.26588802183, 0.09580442721, 0.33345357259, 0.22111550879, 0.083738469575]
    ],
    [
      [0.61413412633, 0.00015249608297, 0.1927136174, 0.19253267458, 0.00046708561011],
      [0.034189123025, 0.071663128412, 0.87730287572, 0.0081978449405, 0.0086470279035],
      [0.0157530931, 0.0048296018004, 0.12303501155, 0.84992588403, 0.0064564095237],
      [0.00103072597, 0.48971988482, 0.4102001667, 0.089193057339, 0.0098561651747],
      [0.21633561195, 0.098010742958, 0.39188454138, 0.20447539084, 0.089293712869]
    ],
    [
      [0.39569779924, 0.00026368644143, 0.27942595347, 0.32334214496, 0.001270415885],
      [0.014029734596, 0.059315480361, 0.9008130245, 0.01103966298, 0.01480209756],
      [0.0040943624109, 0.004155492396, 0.11056753225, 0.87137373074, 0.0098088822018],
      [0.00021083160128, 0.42259260939, 0.44746102745, 0.1134832785, 0.016252253054],
      [0.10491975316, 0.084312382095, 0.41711705123, 0.2516829641, 0.14196784942]
    ],
    [
      [0.30458373913, 0.00012608121164, 0.32049489513, 0.3730318469, 0.0017634376227],
      [0.0086941948255, 0.022663360417, 0.93311532946, 0.017237164946, 0.018289950352],
      [0.0018710585559, 0.00065673007256, 0.10775811741, 0.87590191886, 0.013812175104],
      [0.00016731233464, 0.23905793252, 0.59960341023, 0.1351335552, 0.026037789721],
      [0.071792612632, 0.035079878752, 0.43292019309, 0.28401718281, 0.17619013272]
    ],
    [
      [0.58995469416, 0.00013230309542, 0.11287590116, 0.29693478616, 0.00010231541702],
      [0.060483255572, 0.04704857678, 0.86569381541, 0.024330764378, 0.0024435878547],
      [0.0099246948629, 0.0020887081733, 0.045576635459, 0.94171390924, 0.00069605226676],
      [0.0027313666849, 0.33379939134, 0.41508481169, 0.24143960232, 0.0069448279657],
      [0.25101510609, 0.043965483411, 0.26376732877, 0.39079110837, 0.050460973355]
    ],
    [
      [0.49453209743, 0.0003452579087, 0.21296545233, 0.29057306064, 0.0015841316909],
      [0.025276729922, 0.084263043756, 0.85543681938, 0.010826275059, 0.02419713188],
      [0.0088212486482, 0.0026512882931, 0.091646537219, 0.88238105613, 0.014499869712],
      [0.00061342763409, 0.51921153723, 0.35275070538, 0.10547517353, 0.021949156228],
      [0.14004366237, 0.10135416665, 0.32887808133, 0.24159964812, 0.18812444153]
    ],
    [
      [0.56301063832, 0.00025918612426, 0.25715242075, 0.17825185695, 0.0013258978613],
      [0.025334645504, 0.052514955594, 0.89736118483, 0.0071305158372, 0.017658698236],
      [0.015097511911, 0.0057249154015, 0.16211523011, 0.79950857027, 0.017553772302],
      [0.00086959684933, 0.40905905677, 0.49334878521, 0.075444558376, 0.021278002794],
      [0.17057944163, 0.075052105606, 0.42820021643, 0.15658732835, 0.16958090798]
    ],
    [
      [0.97910854423, 0.00028987611542, 0.0088288372107, 0.011238461356, 0.00053428109174],
      [0.15025572533, 0.051889421304, 0.73198953465, 0.0222964492, 0.043568869517],
      [0.019787609681, 0.00091446663617, 0.080205083969, 0.87487901525, 0.024213824461],
      [0.0032122392514, 0.38111383329, 0.40412440048, 0.16855595393, 0.042993573051],
      [0.58321910903, 0.019635080636, 0.13881400101, 0.13460661465, 0.12372519467]
    ],
    [
      [0.37882927602, 0.00047579578257, 0.16788663546, 0.45260056753, 0.00020772520002],
      [0.025156917595, 0.064031093479, 0.87927486164, 0.025472040402, 0.0060650868854],
      [0.003973710287, 0.0035290842148, 0.045594275446, 0.94592781687, 0.00097511317881],
      [0.00059351245638, 0.40551334499, 0.37248678208, 0.21373102352, 0.00767533695],
      [0.12198431811, 0.066536128484, 0.30436376324, 0.44499299601, 0.062122794154]
    ],
    [
      [0.70537929875, 0.055014114293, 0.15079294378, 0.088813643182, 0],
      [0.031993060759, 0.39245108247, 0.57140662917, 0.0041492276017, 0],
      [0.010027590423, 0.0069601617725, 0.074191034691, 0.90882121311, 0],
      ["NaN", "NaN", "NaN", "NaN", "NaN"],
      ["NaN", "NaN", "NaN", "NaN", "NaN"]
    ],
    [
      [0.58819835519, 0.00040485076739, 0.075197638969, 0.33530241944, 0.00089673564072],
      [0.07427570172, 0.075299331003, 0.78272860208, 0.035890008222, 0.031806356977],
      [0.009975772782, 0.003527629573, 0.017952313712, 0.96038013908, 0.0081641448538],
      [0.0015403022157, 0.41983931468, 0.28754702366, 0.26512593627, 0.025947423178],
      [0.24254108415, 0.050319479132, 0.16929964248, 0.39217212113, 0.14566767311]
    ],
    [
      [0.60992680009, 0.00023603620203, 0.11618417568, 0.27337018077, 0.0002828072534],
      [0.05507226338, 0.071395909066, 0.84056495287, 0.021984162542, 0.010982712147],
      [0.011611263162, 0.0030161737885, 0.053081510141, 0.92928054946, 0.0030105034442],
      [0.0012176706384, 0.44756603377, 0.35787234409, 0.1822238044, 0.011120147095],
      [0.2524950781, 0.068194832964, 0.26486065354, 0.33684614364, 0.07760329176]
    ],
    [
      ["NaN", "NaN", "NaN", "NaN", "NaN"],
      [0.023113139257, 0.036908971232, 0.89028914695, 0.017824681345, 0.03186406122],
      [0.0032102802653, 0.0014807411765, 0.060188655669, 0.92216538559, 0.012954937296],
      [0.00041111686305, 0.2916109338, 0.46162142166, 0.20959144372, 0.036765083958],
      [0.091106456706, 0.039126005422, 0.299998626, 0.33183327111, 0.23793564075]
    ],
    [
      [0.54756070825, 0.00027405777078, 0.22052776515, 0.22864706327, 0.0029904055588],
      [0.022624741335, 0.08471227855, 0.82792942946, 0.020051573155, 0.044681977504],
      [0.0094586007065, 0.0046896240097, 0.098696168181, 0.86278089983, 0.024374707272],
      [0.00068715929032, 0.52313983335, 0.33908396452, 0.095421558869, 0.041667483975],
      [0.11039418979, 0.086789755969, 0.2771219737, 0.18770070058, 0.33799337996]
    ],
    [
      [0.55921500559, 0.00024408072615, 0.15232821057, 0.28747986475, 0.00073283836362],
      [0.041492513087, 0.046357820335, 0.87776334928, 0.018241415021, 0.016144902278],
      [0.010653170869, 0.0022824174222, 0.060101843849, 0.92004212988, 0.0069204379843],
      [0.0013465895524, 0.34204339331, 0.44801271466, 0.1906085766, 0.017988725879],
      [0.20830861911, 0.048859612947, 0.3107415293, 0.31692551396, 0.11516472468]
    ],
    [
      [0.7059711348, 0.00016499752106, 0.16005027016, 0.13209197985, 0.0017216176696],
      [0.037200480535, 0.097813695985, 0.81112654081, 0.011370122092, 0.042489160578],
      [0.02019351948, 0.0057973526091, 0.13016994626, 0.81332377126, 0.030515410398],
      [0.0013738446108, 0.57536478252, 0.31666584995, 0.066495676539, 0.040099846381],
      [0.17089368547, 0.097254778866, 0.26228014363, 0.12876414294, 0.34080724909]
    ],
    [
      [0.56356121579, 5.5225475298e-05, 0.17268575483, 0.26286790245, 0.00082990144886],
      [0.034792196866, 0.035747153337, 0.90070272773, 0.013117051813, 0.015640870257],
      [0.010659055118, 0.0010408900135, 0.083679784055, 0.89680510016, 0.0078151706538],
      [0.0011692129928, 0.2947504473, 0.50937660712, 0.17501640555, 0.019687327033],
      [0.19410829993, 0.043092240531, 0.3493823737, 0.28791853531, 0.12549855053]
    ],
    [
      [0.27021465377, 2.4510242801e-05, 0.25244424623, 0.4757114751, 0.0016051146476],
      [0.0046787259836, 0.0060177923726, 0.93058596763, 0.039549111942, 0.019168402068],
      [0.0012919020062, 0.00024229517355, 0.069223279486, 0.91868931947, 0.010553203859],
      [0.00016427813443, 0.16548861191, 0.62187005291, 0.18266997093, 0.029807086124],
      [0.065369812544, 0.021108441793, 0.35969318019, 0.39035049373, 0.16347807174]
    ],
    [
      [0.42558200696, 0.00046839879783, 0.22606730438, 0.34731466496, 0.00056762489588],
      [0.019915571614, 0.059700405866, 0.88436521597, 0.026581916435, 0.0094368901116],
      [0.0063991080095, 0.0039729688176, 0.08705152157, 0.8979469345, 0.0046294670994],
      [0.00060872201444, 0.42163834886, 0.41286760793, 0.15493178045, 0.009953540749],
      [0.14081173956, 0.085479636167, 0.41167824667, 0.2628203871, 0.099209990503]
    ],
    [
      [0.40939537869, 0.00010326369259, 0.16179412412, 0.42771103722, 0.0009961962787],
      [0.027494252902, 0.031850331756, 0.87959360184, 0.040564371987, 0.020497441512],
      [0.0050845477501, 0.00044789219568, 0.048431841131, 0.93900232306, 0.0070333958667],
      [0.00076732251481, 0.26682528392, 0.48799391413, 0.21849470145, 0.025918777994],
      [0.13021782667, 0.032563494533, 0.28252163787, 0.41578427302, 0.13891276791]
    ],
    [
      [0.54553963164, 0.00039867520323, 0.10050795683, 0.35294990793, 0.00060382839641],
      [0.051863118774, 0.049492523429, 0.85698023652, 0.025152866765, 0.016511254511],
      [0.0094688531708, 0.0033339687837, 0.027374127237, 0.95502131237, 0.004801738434],
      [0.0015386674068, 0.33800131537, 0.36969975733, 0.27488640833, 0.01587385156],
      [0.20046502873, 0.038882010048, 0.22209679595, 0.44866951652, 0.089886648742]
    ],
    [
      [0.21162161674, 0.00098634980863, 0.34843230368, 0.43895972977, 0],
      [0.0018226131035, 0.10210204231, 0.8605221841, 0.03555316048, 0],
      [0.00086713497061, 0.0028454835002, 0.096812392378, 0.89947498915, 0],
      [3.9614446172e-05, 0.62037077086, 0.30322713314, 0.076362481556, 0],
      [0.045452530358, 0.17421571785, 0.42535420019, 0.35497755161, 0]
    ],
    [
      [0.87831698215, 0.00010677068916, 0.037750017432, 0.082562831879, 0.0012633978499],
      [0.079117596216, 0.094738232976, 0.78327523537, 0.01331271685, 0.029556218588],
      [0.015959332517, 0.0032973942628, 0.040046934935, 0.92814574561, 0.01255059267],
      [0.0014696474126, 0.53799456104, 0.26779788836, 0.16993397949, 0.022803923685],
      [0.28417616132, 0.070146784679, 0.18455827527, 0.3058925336, 0.15522624514]
    ],
    [
      [0.49959196429, 0.0003209181045, 0.257396437, 0.24197482551, 0.00071585508739],
      [0.022276113408, 0.052465434344, 0.90648857363, 0.0087635798296, 0.01000629879],
      [0.010194486431, 0.0046005005217, 0.1259908369, 0.85162572977, 0.0075884463817],
      [0.00064688696837, 0.4094662056, 0.4810667284, 0.096302801545, 0.012517377488],
      [0.15682702894, 0.077088058126, 0.43950723593, 0.22099312271, 0.1055845543]
    ],
    [
      [0.4618316674, 0.0002460133454, 0.25912557685, 0.27775389792, 0.0010428444798],
      [0.019813766349, 0.06228018727, 0.8949791345, 0.0091311518151, 0.013795760069],
      [0.0078279916632, 0.004337781229, 0.1146479371, 0.86358412464, 0.0096021653761],
      [0.00045355596754, 0.44010833549, 0.43971824485, 0.10460816571, 0.015111697975],
      [0.13428090947, 0.087392322791, 0.41161255523, 0.23556607136, 0.13114814115]
    ],
    [
      [0.63419352994, 7.5740078617e-05, 0.094251099779, 0.2700016781, 0.0014779520966],
      [0.060369958738, 0.035692261729, 0.83244988484, 0.022444290082, 0.049043604607],
      [0.011458966734, 0.0014280239748, 0.039191101692, 0.93361920139, 0.014302706214],
      [0.0018334750548, 0.27005462445, 0.4095781683, 0.26411376943, 0.054419962766],
      [0.21890169003, 0.026149587862, 0.19532645078, 0.29784882999, 0.26177344134]
    ],
    [
      [0.32083946763, 0.0012551527074, 0.10068678748, 0.57293328858, 0.0042853036027],
      [0.032388767512, 0.076594854951, 0.72206594352, 0.028121887563, 0.14082854646],
      [0.0015314814882, 0.008727236901, 0.014920171157, 0.96351074036, 0.011310370097],
      [0.00057742531844, 0.42543045067, 0.22012372451, 0.24228453543, 0.11158386407],
      [0.039852578973, 0.027450937869, 0.08305036043, 0.30675692067, 0.54288920206]
    ],
    [
      [0.19162899228, 0, 0.16749708993, 0.62517845768, 0.015695460106],
      [0.0074096246636, 0, 0.80632535058, 0.12100850928, 0.06525651548],
      [0.0002148443898, 0, 0.015089909315, 0.96602401351, 0.018671232783],
      [0.0048232997438, 0, 0.46046022502, 0.44216861983, 0.09254785541],
      ["NaN", "NaN", "NaN", "NaN", "NaN"]
    ],
    [
      [0.46526117143, 0, 0.34818478994, 0.18655403862, 0],
      [0.023243084914, 0, 0.96807813411, 0.0086787809779, 0],
      [0.0062536322425, 0, 0.078220359708, 0.91552600805, 0],
      ["NaN", "NaN", "NaN", "NaN", "NaN"],
      [0.14867791749, 0, 0.40413862654, 0.44718345597, 0]
    ],
    [
      [0.41841440182, 0, 0.20465590054, 0.37572009019, 0.0012096074606],
      [0.024064106168, 0, 0.94675886877, 0.015041812451, 0.014135212615],
      [0.0031121798338, 0, 0.066829693326, 0.92001428353, 0.01004384331],
      [0.048946361751, 0, 0.6346826142, 0.29932876097, 0.017042263082],
      [0.18380438213, 0, 0.37588796357, 0.29103560165, 0.14927205266]
    ],
    [
      [0.62570379642, 0.00010690976625, 0.17743242918, 0.19582290083, 0.00093396380688],
      [0.039196630231, 0.038959815122, 0.89745059466, 0.0081121851376, 0.016280774848],
      [0.015598565012, 0.0025485802471, 0.109089461, 0.86152558673, 0.011237807008],
      [0.0013717954768, 0.32918719554, 0.52058327075, 0.12842104163, 0.020436696617],
      [0.23192372046, 0.048369181444, 0.36726691814, 0.21909130931, 0.13334887064]
    ],
    [
      [0.66825883575, 6.0214818842e-05, 0.073038225525, 0.25849108051, 0.00015164339755],
      [0.081811522186, 0.11719859401, 0.76208720571, 0.028462311451, 0.010440366649],
      [0.012486193518, 0.0013918980831, 0.031442330732, 0.95306179891, 0.0016177787529],
      [0.0013133653619, 0.56630900196, 0.24064428105, 0.18415575561, 0.0075775960216],
      [0.31415275618, 0.091951047794, 0.19080075678, 0.3439503981, 0.05914504114]
    ],
    [
      [0.7064635665, 0.00012269748287, 0.12107855396, 0.17192373074, 0.00041145132246],
      [0.054498367094, 0.053411784855, 0.86072556467, 0.020606204256, 0.010758079122],
      [0.013778147656, 0.0030554035254, 0.067459453287, 0.91172764491, 0.0039793506182],
      [0.0015069776764, 0.38800244255, 0.42086880967, 0.17761817873, 0.012003591376],
      [0.28295807008, 0.056307338238, 0.29649001368, 0.2835429605, 0.080701617502]
    ],
    [
      [0.59874964477, 0.00012216731593, 0.11996156348, 0.28039110344, 0.00077552098942],
      [0.053076527717, 0.039591952598, 0.87111261389, 0.01662449448, 0.019594411313],
      [0.0114753308, 0.0015735804951, 0.052351095957, 0.92697017724, 0.0076298155094],
      [0.0016908092345, 0.29917425562, 0.44288014059, 0.2344185575, 0.021836237057],
      [0.24002009028, 0.037076985906, 0.26539202652, 0.33286398662, 0.12464691068]
    ],
    [
      [0.75542750217, 0.00043056268833, 0.13021935055, 0.11293289544, 0.00098968914793],
      [0.056451200851, 0.064246716733, 0.85150135656, 0.011958376729, 0.015842349124],
      [0.027446090756, 0.0066346141502, 0.13300894857, 0.81766350175, 0.015246844777],
      [0.00071529381251, 0.50092919913, 0.41788569626, 0.063813712305, 0.016656098492],
      [0.37921160055, 0.084020474215, 0.32156160967, 0.074470660195, 0.14073565537]
    ],
    [
      [0.53406446759, 0.0007591334917, 0.15452004558, 0.31065635334, 0],
      [0.037303845734, 0.075633454387, 0.87173253063, 0.015330169252, 0],
      [0.0071032051032, 0.0036188546386, 0.063559031252, 0.92571890901, 0],
      [0.0031946378376, 0.4894237588, 0.35919127658, 0.14819032678, 0],
      [0.23610067805, 0.0893042101, 0.33120251399, 0.34339259786, 0]
    ],
    [
      ["NaN", "NaN", "NaN", "NaN", "NaN"],
      [0, 0, 0.92670439209, 0.040031835753, 0.033263772158],
      [0, 0, 0.031180606492, 0.95520061299, 0.013618780513],
      [0, 0, 0.54556023132, 0.41339366766, 0.041046101018],
      [0, 0, 0.30752721579, 0.35778392711, 0.3346888571]
    ],
    [
      ["NaN", "NaN", "NaN", "NaN", "NaN"],
      [0, 0.23398381559, 0.75526214252, 0.010754041886, 0],
      [0, 0.0030575315421, 0.03962967399, 0.95731279447, 0],
      [0, 0.93524116019, 0.057280849718, 0.0074779900913, 0],
      [0, 0.32611701453, 0.20137663484, 0.47250635063, 0]
    ],
    [
      [0.47781330243, 0.00033262936949, 0.2989649462, 0.2220289917, 0.00086013029647],
      [0.013497086114, 0.089674784604, 0.84024858518, 0.04846783072, 0.0081117133829],
      [0.0090991401901, 0.0062435402722, 0.14074812702, 0.83462486471, 0.0092843278123],
      [0.00046920304215, 0.58650749769, 0.32899740728, 0.076882744034, 0.0071431479587],
      [0.10499241623, 0.14352844844, 0.4299071198, 0.22980240929, 0.091769606247]
    ],
    [
      ["NaN", "NaN", "NaN", "NaN", "NaN"],
      [0, 0.053584763373, 0.92856938975, 0.017845846874, 0],
      [0, 0.00062063455215, 0.066741024719, 0.93263834073, 0],
      [0, 0.360308599, 0.45156204862, 0.18812935238, 0],
      [0, 0.10389229483, 0.38400595445, 0.51210175072, 0]
    ],
    [
      [0.59946742839, 3.7401462819e-05, 0.14017046154, 0.25936849481, 0.00095621380425],
      [0.042691646767, 0.04182516174, 0.870943225, 0.025173618947, 0.019366347549],
      [0.011473545491, 0.0016878526611, 0.073968160343, 0.90419243511, 0.0086780063953],
      [0.00067302694888, 0.33129027254, 0.46634577175, 0.17835530068, 0.023335628085],
      [0.22338511202, 0.046940734016, 0.30328807909, 0.27913690092, 0.14724917396]
    ],
    [
      [0.64243319308, 0.00019588755839, 0.13526834676, 0.22102276145, 0.0010798111418],
      [0.051556583507, 0.057100145653, 0.84858004459, 0.016424197643, 0.026339028605],
      [0.014407321732, 0.0030164616146, 0.075807492386, 0.89362209608, 0.013146628193],
      [0.00098517186393, 0.40861656301, 0.4144327131, 0.14663702502, 0.029328527013],
      [0.24736015273, 0.056708157071, 0.27683068202, 0.24250684088, 0.1765941673]
    ],
    [
      [0.63380835935, 0.00011078180771, 0.14021581735, 0.22483364523, 0.0010313962522],
      [0.048870679637, 0.075413888499, 0.83730200973, 0.01505171156, 0.023361710574],
      [0.014301983787, 0.0030001935747, 0.079069941185, 0.89149287964, 0.012135001811],
      [0.00099127583858, 0.48250704609, 0.36571350587, 0.12802852589, 0.0227596463],
      [0.24144953631, 0.078713666144, 0.27947838945, 0.23908770031, 0.16127070779]
    ],
    [
      ["NaN", "NaN", "NaN", "NaN", "NaN"],
      [0, 0.060718234596, 0.9392817654, 0, 0],
      ["NaN", "NaN", "NaN", "NaN", "NaN"],
      [0, 0.638574681, 0.361425319, 0, 0],
      [0, 0.23998884981, 0.76001115019, 0, 0]
    ]
  ],
  "expected_outcome": [
    [
