{
  "Z_true": {},
  "V_true": [
    [93, 135, 567, 182, 88],
    [1722, 58, 869, 276, 126],
    [50, 3522, 897, 674, 174],
    [47, 71, 5305, 397, 136],
    [12, 27, 305, 8035, 81],
    [184, 314, 628, 992, 312]
  ],
  "p_true": [
    [0.0873, 0.1268, 0.5324, 0.1709, 0.0826],
    [0.5644, 0.019, 0.2848, 0.0905, 0.0413],
    [0.0094, 0.6624, 0.1687, 0.1268, 0.0327],
    [0.0079, 0.0119, 0.8907, 0.0667, 0.0228],
    [0.0014, 0.0032, 0.0361, 0.9498, 0.0096],
    [0.0757, 0.1292, 0.2584, 0.4082, 0.1284]
  ],
  "Z_est": [
    [
      [3, 3, 3, 5, 2, 3, 5, 2, 2, 1.9998, 3, 4, 3, 1.9996, 1.9996, 3, 2, 3, 5, 3, 3, 3, 3, 3, 3, 3, 3, 4, 4, 2.9994, 2, 3, 4, 3, 3, 2, 2, 3, 3, 3, 3, 4, 3, 4, 4, 2, 4, 3, 3, 4, 2, 4, 3, 3, 3, 3, 3, 3, 4, 3, 2, 3, 3, 3, 2, 3, 1, 2, 4, 9],
      [4, 2, 1, 2, 3, 7, 2, 2, 1, 1.0002, 4, 4, 1, 1.0006, 0.9996, 1, 1, 3, 2, 3, 1, 6.5587e-06, 2, 7.23e-09, 1, 1, 2, 3, 1, 1.0006, 2, 4, 3, 1.1888e-14, 9.5916e-09, 1, 7.2472e-08, 1, 1, 1, 1, 3, 2, 4, 2, 3, 1, 1, 2, 1, 2, 1, 3, 1, 1, 1, 2, 2, 3, 4, 2, 3, 1, 3, 2, 2, 9.9919e-13, 1, 1.862e-13, 12],
      [6, 5, 2, 8, 4, 8, 7, 3, 3, 1.9999, 9, 6, 3, 3, 1.0008, 4, 2, 7, 7, 5, 3, 1, 3, 7.0588e-09, 2, 2, 2, 6, 2, 1.9998, 3, 6, 6, 3, 3, 3, 3, 6, 4, 4, 3, 14, 3, 7, 5, 3, 3, 3, 4, 3, 3, 2, 2, 2, 4, 2, 5, 4, 6, 9, 4, 4, 2, 5, 3, 3, 1, 1, 3, 30],
      [10, 6, 3, 8, 9, 15, 7, 4, 4, 4.0001, 9, 10, 7, 3.9997, 3, 4, 3, 9, 6, 10, 5, 2, 2, 7.7695e-13, 1, 2, 4, 6, 2, 5.0001, 6, 9, 12, 2, 1, 1, 1, 5, 3, 5, 2, 11, 10, 12, 6, 9, 4, 4, 4, 6, 5, 1, 1, 1, 2, 1, 4, 2, 4, 13, 8, 3, 3, 4, 3, 4, 1, 2, 5, 59],
      [2.951e-10, 3.129e-07, 3.5052e-10, 1, 9.6121e-10, 1.3332e-15, 1.3077e-10, 3.0581e-10, 1.9251e-13, 5.8024e-07, 1, 2.6243e-08, 5.3393e-10, 0, 2.992e-12, 1.2008e-08, 4.3249e-11, 1.3796e-08, 1.993e-12, 7.1212e-13, 1.4671e-09, 4.8113e-06, 4.9442e-13, 1.3303e-11, 2.4249e-11, 9.8828e-14, 2.2903e-08, 7.8615e-08, 1.9707e-13, 0.0001, 3.4979e-10, 8.2459e-07, 1.0064e-08, 7.2067e-17, 2.2229e-10, 8.4077e-12, 1.8773e-11, 3.3939e-12, 3.7328e-11, 4.301e-16, 4.2957e-09, 3.2662e-15, 2.8996e-07, 1, 5.5379e-12, 1, 7.9927e-13, 1.2676e-13, 2.0022e-12, 8.1201e-12, 1.5098e-15, 2.182e-14, 1.6849e-12, 1.0951e-10, 1.218e-12, 3.9527e-11, 2.6374e-13, 2.7227e-11, 3.1577e-12, 1.7271e-18, 5.3126e-09, 1.4244e-16, 5.0537e-10, 1, 3.807e-14, 3.8084e-12, 1.1441e-13, 1.9627e-16, 8.5086e-14, 1]
    ],
    [
      [2, 1.9999, 3, 3, 2, 3, 8, 3, 5, 1, 3, 1, 1, 1.9997, 1.0008, 4, 4, 1, 7, 4, 4, 2, 6, 10, 7, 5, 2, 4, 11, 0.0004, 4, 1.3203e-06, 1.9649e-08, 6, 3, 5, 2, 2, 3, 3, 1, 1, 4.6011e-10, 2, 6, 3, 6, 4, 5, 4, 2, 5, 6, 10, 7, 5, 4, 6, 2, 4, 1, 6, 4, 9, 4, 2, 8, 5, 1, 15],
      [5, 4.0002, 5, 5, 4, 11, 10, 8, 8, 2.9999, 7, 5, 4, 3.0001, 6.0004, 8, 9, 5, 11, 11, 7, 6, 11, 15, 11, 9, 7, 7, 11, 4.999, 6, 4, 4, 8, 7, 10, 5, 6, 6, 9, 7, 6, 4, 8, 9, 6, 12, 10, 11, 8, 8, 13, 15, 15, 11, 15, 8, 12, 12, 7, 3, 14, 9, 12, 12, 9, 6, 13, 5, 31],
      [10, 7, 7, 11, 4, 18, 23, 13, 17, 4.9997, 13, 5, 5, 3.9999, 7.0008, 15, 12, 5, 20, 12, 9, 10, 20, 17, 15, 14, 8, 14, 20, 3.0004, 8, 6, 3, 29, 23, 26, 12, 15, 16, 16, 10, 15, 2, 9, 16, 6, 18, 13, 16, 13, 10, 14, 15, 20, 27, 23, 16, 19, 15, 16, 3, 21, 14, 18, 18, 12, 18, 14, 10, 73],
      [13, 7.9999, 12, 10, 9, 29, 22, 14, 24, 9.0004, 13, 8, 10, 7.0002, 14.9977, 16, 15, 7, 16, 23, 18, 13, 15, 14, 11, 11, 14, 14, 17, 8.0001, 16, 8, 7, 14, 13, 9, 5, 13, 13, 19, 8, 12, 6, 15, 19, 15, 24, 20, 18, 21, 15, 9, 8, 9, 16, 13, 15, 9, 9, 22, 7, 17, 18, 14, 19, 14, 21, 18, 16, 143],
      [1.4987e-08, 1.3702e-07, 1, 2, 2.3606e-06, 1, 1, 1, 1, 0, 1, 9.5133e-08, 2.3587e-10, 0.0001, 1.0004, 5.2476e-07, 1.612e-08, 2.9392e-07, 1, 8.468e-13, 4.706e-08, 1, 2, 2, 5.3383e-11, 2, 1, 1.9451e-09, 2, 5.6807e-06, 1.2371e-07, 4.6252e-07, 2.0987e-08, 2, 1, 3, 6.4534e-09, 9.9984e-09, 1, 1, 1, 1.3544e-10, 1.9988e-07, 1, 3, 1, 3, 2, 2, 2, 1.0881e-11, 2, 4, 3, 3, 2, 2, 2, 2.5854e-07, 1, 1.4738e-07, 2, 2, 5, 2, 2, 2, 2, 1, 4]
    ],
    [
      [4, 2, 5, 3, 2, 7, 6, 6, 6, 1.0003, 6, 3, 2, 1.0002, 2.9996, 3, 7, 3, 7, 7, 4, 2, 7, 11, 8, 6, 6, 5, 8, 1.0001, 4, 2, 1, 6, 3, 6, 3, 3, 3, 4, 2, 2, 2, 6, 7, 5, 8, 8, 7, 6, 5, 10, 12, 10, 9, 9, 9, 9, 5, 6, 2, 10, 6, 11, 6, 5, 8, 9, 2, 31],
      [10, 7.9998, 11, 4, 12, 21, 6, 13, 10, 7.0001, 11, 9, 6, 10, 11.0012, 6, 14, 11, 8, 19, 9, 10, 13, 14, 14, 14, 12, 10, 8, 4.0008, 11, 10, 10, 7, 9, 11, 8, 8, 8, 12, 7, 8, 8, 13, 13, 14, 12, 15, 15, 13, 19, 19, 24, 16, 15, 25, 14, 20, 19, 18, 10, 18, 13, 16, 16, 14, 11, 26, 3, 61],
      [20, 16.9999, 16, 14, 16, 35, 21, 27, 25, 10.9999, 28, 18, 14, 12.9996, 16.9996, 18, 24, 19, 22, 26, 13, 16, 24, 19, 21, 24, 19, 19, 17, 8.9987, 13, 19, 15, 32, 32, 33, 26, 30, 28, 28, 20, 30, 16, 25, 24, 17, 26, 28, 30, 24, 32, 30, 30, 22, 36, 45, 36, 36, 36, 39, 15, 34, 21, 27, 30, 28, 25, 33, 15, 156],
      [28, 16.0002, 27, 11, 30, 62, 18, 27, 33, 18.9997, 26, 23, 26, 19, 33.9988, 17, 29, 25, 16, 47, 22, 20, 18, 15, 14, 18, 30, 19, 14, 16.0003, 27, 26, 26, 15, 16, 11, 12, 25, 20, 29, 14, 23, 35, 39, 27, 41, 31, 40, 29, 38, 43, 18, 15, 10, 21, 25, 31, 17, 21, 52, 28, 25, 27, 20, 30, 31, 29, 40, 20, 299],
      [1, 0.0001, 2, 2, 7.3168e-06, 2, 4.2428e-10, 2, 1, 3.7719e-07, 3, 1, 1, 0.0001, 3.0008, 2.1737e-07, 1.1412e-06, 3.7899e-07, 1, 1, 8.5146e-08, 1, 3, 3, 1, 3, 2, 8.4693e-08, 2, 0, 1, 1, 1, 2, 1, 4, 1, 1, 1, 2, 2, 1, 2, 4, 4, 4, 5, 5, 3, 4, 1, 5, 7, 4, 4, 5, 4, 3, 2, 2, 1, 3, 3, 7, 3, 5, 3, 5, 1, 8]
    ],
    [
      [4, 2, 4, 4, 2, 5, 13, 7, 8, 1, 8, 3, 2, 1.0003, 2.0008, 5, 7, 2, 9, 5, 4, 2, 7, 8, 8, 7, 4, 7, 12, 1.0001, 3, 2, 1, 14, 8, 10, 8, 6, 6, 7, 4, 4, 1, 5, 8, 3, 8, 8, 8, 5, 5, 9, 9, 10, 8, 9, 9, 7, 5, 7, 1, 9, 6, 10, 6, 4, 9, 7, 5, 41],
      [10, 6.9998, 8, 5, 9, 15, 12, 13, 12, 5.9997, 14, 7, 5, 7.9999, 9, 8, 13, 8, 10, 13, 7, 7, 12, 11, 13, 14, 8, 12, 11, 5, 8, 10, 7, 14, 18, 16, 15, 14, 12, 17, 11, 13, 7, 12, 13, 8, 12, 15, 16, 10, 16, 15, 18, 13, 12, 25, 14, 16, 18, 17, 9, 16, 13, 14, 14, 13, 11, 19, 8, 80],
      [18, 18.0002, 16, 16, 14, 24, 40, 31, 32, 14.9994, 35, 13, 16, 16, 15.9976, 24, 25, 18, 27, 21, 14, 19, 26, 15, 22, 28, 14, 29, 22, 9.0003, 13, 18, 14, 73, 75, 53, 60, 53, 48, 42, 29, 56, 11, 21, 27, 10, 26, 28, 28, 23, 26, 24, 23, 23, 34, 45, 36, 30, 34, 43, 13, 31, 26, 25, 25, 25, 29, 25, 34, 199],
      [30, 18, 23, 17, 24, 45, 38, 32, 44, 22.0007, 38, 23, 27, 18.9997, 31.0016, 26, 29, 23, 21, 35, 23, 20, 18, 13, 15, 21, 20, 26, 21, 17.9995, 26, 27, 24, 36, 42, 19, 27, 47, 39, 47, 24, 43, 29, 38, 33, 28, 32, 41, 31, 32, 41, 17, 12, 9, 19, 26, 31, 14, 22, 59, 24, 24, 30, 21, 28, 31, 32, 30, 51, 394],
      [1, 0.0001, 1, 3, 2.5586e-06, 2, 1, 3, 2, 0.0001, 5, 1, 1, 0.0001, 2, 1, 5.7729e-07, 8.445e-09, 1, 3.0118e-12, 4.4133e-10, 1, 3, 2, 1, 3, 1, 5.7818e-10, 3, 0.0001, 2.1171e-07, 1, 1, 6, 4, 6, 2, 2, 3, 3, 3, 3, 2, 3, 5, 2, 5, 5, 3, 3, 1, 4, 6, 3, 3, 5, 4, 3, 1, 2, 1, 3, 3, 7, 3, 5, 3, 4, 3, 11]
    ],
    [
      [8, 4, 8, 5, 4, 13, 13, 7, 12, 2.9998, 9, 6, 6, 2.0001, 4.9992, 6, 8, 4, 8, 10, 7, 4, 6, 10, 6, 7, 8, 8, 12, 2.9995, 7, 4, 3, 8, 5, 5, 4, 7, 7, 9, 3, 4, 5, 11, 10, 10, 12, 13, 8, 11, 8, 6, 5, 5, 7, 6, 11, 4, 5, 12, 3, 10, 8, 9, 7, 6, 12, 8, 8, 96],
      [19, 9.9999, 14, 6, 19, 41, 12, 13, 18, 12.0003, 16, 13, 14, 12.9994, 18.9996, 9, 15, 15, 8, 27, 13, 13, 10, 13, 9, 14, 17, 13, 11, 13.9994, 16, 19, 18, 8, 11, 8, 7, 15, 13, 20, 10, 12, 22, 25, 16, 24, 16, 24, 16, 19, 27, 10, 10, 7, 11, 15, 16, 10, 16, 30, 14, 18, 15, 12, 17, 17, 14, 20, 12, 186],
      [36, 24, 24, 18, 28, 64, 37, 29, 45, 25.0008, 41, 23, 37, 21.0001, 27.9996, 26, 27, 28, 22, 37, 23, 28, 21, 16, 15, 26, 24, 30, 21, 22.0005, 23, 33, 31, 42, 45, 25, 28, 56, 48, 48, 26, 48, 33, 43, 30, 28, 33, 43, 28, 40, 42, 16, 11, 11, 31, 27, 41, 18, 29, 71, 25, 33, 28, 21, 29, 31, 39, 26, 51, 465],
      [56, 27.0001, 43, 20, 55, 116, 35, 33, 63, 46.999, 42, 37, 72, 33.0006, 62.002, 29, 36, 41, 19, 74, 44, 38, 16, 18, 13, 23, 43, 32, 20, 52.0003, 50, 50, 62, 24, 27, 11, 15, 51, 40, 55, 24, 40, 89, 75, 38, 75, 45, 66, 30, 66, 63, 13, 8, 7, 20, 17, 39, 10, 20, 98, 44, 29, 39, 18, 30, 37, 44, 34, 78, 914],
      [2, 0, 3, 3, 1, 6, 3, 4, 3, 0.0001, 7, 3, 3, 0.9999, 5.9996, 1, 1.2383e-06, 1, 3, 1, 2, 3, 2, 2, 1, 3, 3, 5.3826e-09, 3, 1.0003, 1, 3, 5, 4, 2, 3, 2, 3, 3, 5, 4, 3, 7, 8, 6, 9, 7, 8, 5, 6, 4, 3, 3, 3, 4, 3, 5, 2, 2, 6, 1, 3, 4, 8, 6, 8, 5, 5, 6, 28]
    ],
    [
      [1, 0.0001, 2, 2, 9.6798e-06, 3, 4, 2, 3, 0.0002, 2, 1, 1, 0.0001, 1, 1, 2, 1, 3, 2, 1, 1, 2, 5, 4, 2, 2, 2, 6, 0.0004, 1, 2.6843e-07, 1.2683e-08, 3, 1, 2, 2, 2, 2, 3, 2, 1, 4.7665e-07, 2, 4, 2, 5, 3, 2, 2, 2, 4, 3, 7, 3, 3, 3, 2, 2, 2, 2.3992e-07, 5, 3, 5, 2, 2, 3, 3, 2, 16],
      [3, 1.0003, 3, 2, 3, 10, 4, 4, 5, 1.9998, 4, 2, 3, 3.9999, 2.9992, 1, 4, 3, 3, 6, 3, 3, 4, 6, 6, 5, 5, 3, 6, 2.0001, 4, 2, 2, 3, 3, 4, 4, 5, 5, 7, 5, 3, 3, 6, 7, 5, 7, 6, 5, 5, 6, 7, 7, 10, 5, 8, 5, 5, 8, 5, 2, 9, 6, 6, 5, 6, 3, 10, 3, 32],
      [5, 3.9999, 6, 7, 4, 16, 12, 10, 14, 4.0002, 10, 5, 8, 7.0004, 5.0016, 5, 7, 6, 9, 9, 5, 7, 9, 8, 10, 9, 7, 7, 11, 4.0003, 5, 3, 4, 17, 12, 13, 14, 19, 19, 16, 13, 15, 5, 10, 13, 6, 14, 11, 8, 10, 10, 11, 9, 15, 15, 14, 13, 9, 14, 13, 3, 17, 11, 11, 9, 11, 9, 13, 16, 81],
      [8, 3.9999, 10, 7, 10, 29, 12, 11, 20, 9.0001, 10, 7, 17, 9.9998, 12, 5, 9, 9, 7, 18, 10, 9, 8, 7, 7, 8, 13, 8, 10, 9.9997, 11, 5, 9, 9, 6, 4, 7, 17, 15, 18, 11, 12, 15, 18, 16, 16, 18, 17, 9, 16, 15, 7, 4, 7, 9, 9, 12, 4, 9, 18, 7, 13, 14, 9, 9, 13, 11, 16, 24, 159],
      [2, 2.9998, 3, 4, 2, 3, 2, 3, 2, 1.9997, 2, 3, 2, 1.9997, 2.9992, 2, 3, 2, 2, 3, 2, 4, 3, 4, 2, 3, 2, 2, 4, 2.9995, 3, 2, 3, 4, 3, 4, 2, 3, 4, 3, 3, 3, 4, 4, 4, 4, 5, 4, 3, 4, 2, 5, 5, 4, 4, 3, 3, 2, 3, 2, 2, 3, 3, 5, 2, 4, 3, 4, 4, 7]
    ]
  ],
  "V_est": [
    [216.9984, 137.0011, 302.0005, 402.9999, 6.0001],
    [277.0008, 596.9996, 991.0008, 1101.9982, 84.0005],
    [404.0002, 904.002, 1803.9977, 2044.999, 160.0011],
    [449.0012, 900.9994, 2090.9976, 2340.0014, 175.0004],
    [593.9985, 1235.9985, 2622.001, 3734.002, 274],
    [167.0008, 351.9994, 761.0023, 931.9995, 217.9978]
  ],
  "p_est": [
    [0.2038, 0.1286, 0.2836, 0.3784, 0.0056],
    [0.0908, 0.1957, 0.3248, 0.3612, 0.0275],
    [0.076, 0.17, 0.3393, 0.3846, 0.0301],
    [0.0754, 0.1513, 0.3511, 0.3929, 0.0294],
    [0.0702, 0.1461, 0.3099, 0.4414, 0.0324],
    [0.0687, 0.1449, 0.3132, 0.3835, 0.0897]
  ],
  "EI_Z": {},
  "EI_V": 46.2422,
  "MAE_Z": {},
  "MAE_V": 810.1331,
  "MAE_p": 0.1618,
  "runtime": 0.5274
}
