{
  "Z_true": {},
  "V_true": [
    [43, 1022, 123, 225, 2234, 115],
    [830, 31, 48, 465, 168, 61],
    [451, 232, 389, 8329, 728, 487],
    [104, 371, 254, 139, 6681, 248],
    [140, 239, 294, 637, 1244, 573],
    [25, 43, 1676, 384, 810, 85],
    [95, 55, 88, 421, 269, 574]
  ],
  "p_true": [
    [0.0114, 0.2717, 0.0327, 0.0598, 0.5938, 0.0306],
    [0.5178, 0.0193, 0.0299, 0.2901, 0.1048, 0.0381],
    [0.0425, 0.0219, 0.0366, 0.7846, 0.0686, 0.0459],
    [0.0133, 0.0476, 0.0326, 0.0178, 0.8569, 0.0318],
    [0.0448, 0.0764, 0.094, 0.2037, 0.3978, 0.1832],
    [0.0083, 0.0142, 0.5544, 0.127, 0.2679, 0.0281],
    [0.0632, 0.0366, 0.0586, 0.2803, 0.1791, 0.3822]
  ],
  "Z_est": [
    [
      [0.0243, 0.0003, 0.0019, 0.0003, 0.0995, 0.0734, 0.0983, 0.0803, 0.0372, 0.2584, 0.0122, 0.0502, 0.0097, 0.0317, 0.0603, 0.0818, 0.0667, 0.0503, 0.018, 0.031, 0.0864, 0.0017, 0.0008, 0.0017, 0.0147, 0.0012, 0.0733, 0.057, 0.0033, 0.027, 0.1742, 0.0008, 0.1138, 0.0882, 0.1231, 0.0033, 0, 0.0038, 0.0832, 0.0114, 0.1744, 0.0135],
      [10.1614, 0.7054, 3.1866, 2.0022, 39.3902, 25.6438, 34.5065, 26.6223, 14.2799, 0, 4.9957, 12.8799, 29.0255, 13.0066, 22.1768, 30.5619, 29.551, 14.721, 4.8238, 7.8389, 32.016, 3.1055, 0, 1.0136, 28.7566, 0.2731, 28.7061, 19.0438, 12.8907, 9.8991, 0.8989, 2.4666, 41.9475, 31.3106, 39.1603, 16.065, 0, 2.3333, 27.3946, 2.856, 54.4894, 2.1803],
      [2.5367, 0.1904, 0.8972, 0.7732, 11.1006, 7.8039, 6.805, 10.0784, 4.4372, 0.775, 1.5202, 2.2738, 6.2871, 3.8651, 4.5718, 8.1195, 7.4202, 6.9062, 1.712, 1.5159, 6.6732, 1.2051, 0.3806, 0, 6.4803, 0.0634, 8.0566, 4.9551, 1.8948, 2.519, 0.1904, 0.76, 13.1302, 7.0512, 11.8629, 3.2212, 0, 0.3722, 7.24, 1.2664, 14.2121, 0.5053],
      [1.3374, 0.0624, 0.5267, 0.1794, 5.2127, 3.379, 4.8482, 5.7009, 1.4594, 0.1392, 0.0284, 5.1385, 4.7026, 0.0807, 3.2871, 6.5581, 0.1988, 2.5035, 0.9936, 2.5493, 3.6199, 0.4939, 0.7435, 0.1644, 4.4412, 0.0862, 3.9747, 3.4566, 0.9972, 1.8398, 0.1189, 0.3458, 5.729, 9.5375, 6.4429, 2.5132, 0, 0.0075, 4.1269, 0.0209, 7.4387, 0.7445],
      [30.9145, 3.0392, 15.3761, 10.0449, 152.0787, 115.0134, 158.6254, 114.4286, 49.7465, 3.8246, 12.4326, 46.6195, 109.8897, 36.9851, 75.8437, 107.5916, 95.6876, 70.7649, 21.4362, 33.0393, 138.5015, 17.1729, 5.8751, 1.8186, 126.2129, 0.5755, 113.1016, 97.4876, 56.214, 34.6873, 2.6176, 5.4268, 183.9401, 128.9118, 169.2817, 68.1461, 0, 2.2804, 135.0563, 9.8373, 204.5255, 22.5416],
      [0.0256, 0.0023, 0.0114, 2.6977e-06, 0.1184, 0.0865, 0.1166, 0.0894, 0.0398, 0.0028, 0.0108, 0.0381, 0.0854, 0.0307, 0.0603, 0.0871, 0.0757, 0.0541, 0.0165, 0.0256, 0.103, 0.0209, 6.7442e-07, 0.0017, 0.0945, 0.0006, 0.0876, 0, 6.7442e-06, 0.0279, 6.7442e-07, 1.3488e-06, 0.1394, 0.1007, 0.1292, 0.0512, 0, 0.0028, 0.099, 0.008, 0.1599, 0.0148]
    ],
    [
      [17.4767, 0.8683, 5.9543, 0.734, 54.7862, 39.0945, 45.5462, 47.0837, 26.2845, 1.7724, 11.2031, 22.5451, 26.8947, 31.7699, 48.8296, 58.7732, 38.5538, 34.6211, 17.5462, 8.7383, 45.0359, 4.8595, 2.5441, 1.468, 43.3204, 2.6037, 40.91, 24.9555, 9.5976, 18.8057, 2.5744, 2.3691, 56.7254, 54.6473, 103.314, 10.4468, 0, 2.5902, 44.3714, 15.746, 164.2979, 9.5418],
      [0.5276, 0.0479, 0.2874, 0.0241, 1.8226, 1.2227, 1.2715, 1.3424, 0.8151, 0, 0.3117, 0.6713, 0.9124, 1.1021, 1.4859, 1.8217, 1.152, 1.054, 0.5507, 0.264, 1.4388, 0.2395, 0, 0.0689, 1.5341, 0.0957, 1.3908, 0.8152, 0.7757, 0.5275, 0.0719, 0.096, 1.9182, 1.7737, 3.5446, 0.7781, 0, 0.0718, 1.438, 0.5027, 4.9822, 0.3113],
      [0.516, 0.0424, 0.2041, 0.0963, 2.0458, 1.3912, 0.7054, 1.7223, 0.8559, 0.0209, 0.1444, 0.5501, 1.1051, 0.917, 1.1629, 1.7097, 1.3384, 1.2394, 0.4335, 0.2866, 1.378, 0.864, 0.3808, 0, 1.3983, 0.049, 1.5144, 0.9132, 0.3713, 0.394, 0.0528, 0.3622, 2.3164, 1.5672, 2.8841, 0.5424, 0, 0.0314, 1.4423, 0.3625, 3.7757, 0.0572],
      [2.3019, 0.1626, 1.4464, 0.0994, 8.3582, 5.5001, 3.1283, 3.3198, 3.0771, 0.1181, 0.7673, 2.0734, 5.7808, 5.4213, 5.7845, 7.5701, 2.8332, 4.4626, 2.1082, 1.2254, 6.1874, 2.3348, 1.69, 0.2444, 10.3564, 0.303, 6.3815, 3.4413, 1.5766, 1.2986, 0.1771, 0.9017, 8.9585, 9.538, 26.9383, 2.8392, 0, 0.1771, 6.5962, 1.9233, 17.8218, 1.6451],
      [0.3919, 0.8058, 3.6878, 0.0086, 6.2765, 1.9599, 0.4538, 0.4795, 1.7629, 0.0171, 0.1113, 1.1551, 1.9323, 5.1569, 2.542, 3.4161, 2.3662, 1.0586, 1.5515, 0.0942, 3.8326, 0.8146, 0.3843, 0.148, 5.1174, 0.8071, 5.743, 2.6795, 2.1519, 0.1884, 0.0594, 0.1309, 7.2201, 3.8437, 6.076, 1.7678, 0, 0.0257, 4.0187, 1.7294, 9.7915, 0.9756],
      [0.7859, 0.073, 0.42, 0.0376, 2.7107, 1.8315, 1.8947, 2.0523, 1.2044, 0.0715, 0.4622, 1.005, 1.3746, 1.6327, 2.195, 2.7092, 1.7564, 1.5642, 0.8099, 0.3914, 2.1273, 0.8877, 0.0008, 0.0708, 2.2733, 0.1415, 2.0603, 1.1953, 0.5269, 0.7859, 0.0644, 0.14, 2.8613, 2.6301, 5.2429, 0.6256, 0, 0.1039, 2.1333, 0.7362, 7.3309, 0.469]
    ],
    [
      [2.8479, 0.0269, 0.188, 0.0269, 2.4821, 6.4756, 13.9488, 11.9649, 5.4945, 0.2499, 1.6806, 4.8135, 0.9398, 1.0741, 10.6753, 10.7472, 6.675, 4.932, 1.9256, 2.2422, 6.1836, 0.1611, 0.0806, 0.2037, 1.4232, 0.0806, 1.9343, 3.1986, 0.3222, 2.9703, 1.0082, 0.0806, 1.987, 6.7182, 7.1149, 0.3222, 0, 0.7664, 4.972, 1.6429, 42.3166, 0.6871],
      [7.2331, 0.2814, 1.9918, 1.0449, 29.8315, 14.3615, 22.2256, 10.0553, 9.7651, 0, 4.5494, 10.0186, 23.3015, 13.4599, 20.1169, 25.9982, 28.7428, 5.0965, 1.7907, 7.387, 21.5225, 0.9642, 0, 1.0253, 19.5751, 0.1377, 23.6861, 10.0174, 6.9339, 8.3057, 1.6062, 1.6522, 26.3411, 20.1874, 20.5939, 11.3584, 0, 1.3774, 10.8518, 1.2397, 41.2011, 1.102],
      [3.0602, 0.2427, 0.4249, 1.854, 27.9059, 27.4822, 4.8, 26.1118, 11.5342, 0.7263, 4.8429, 1.0792, 7.3658, 7.652, 9.4113, 12.0938, 15.3753, 10.1878, 0.8094, 0.7195, 9.3153, 1.624, 0.4532, 0, 7.4589, 0.03, 10.9868, 6.0286, 0.8994, 1.1392, 0.1492, 0.7893, 23.0381, 8.7351, 19.5026, 1.5289, 0, 1.2439, 8.2189, 3.0404, 22.1827, 0.2398],
      [108.1999, 5.1774, 43.5535, 13.2049, 414.0677, 256.4222, 298.1472, 464.5891, 113.187, 10.6686, 79.5586, 178.5793, 392.5977, 275.6679, 345.2937, 498.246, 527.0243, 195.2881, 81.3758, 63.8804, 286.6939, 39.1662, 12.8795, 14.1382, 286.7994, 6.6054, 318.5426, 152.72, 74.6995, 142.4569, 9.956, 18.7717, 454.6106, 330.1207, 596.1434, 195.941, 1, 102.7294, 325.9544, 74.0506, 595.9614, 65.0055],
      [5.8608, 1.8518, 3.0867, 2.1758, 28.492, 2.3069, 25.049, 56.3714, 3.9329, 1.5692, 3.8629, 3.4039, 50.6526, 4.3388, 21.9912, 10.2837, 53.0811, 6.4423, 9.9004, 7.1281, 21.2532, 3.9917, 0.4133, 2.2861, 16.6581, 4.2812, 19.7843, 12.8749, 13.4115, 13.7623, 1.1071, 0.3596, 64.9776, 0, 35.5888, 18.5321, 0, 2.517, 39.326, 4.9463, 30.4655, 9.6385],
      [8.7981, 2.4197, 1.7551, 0.6934, 22.2209, 22.9515, 16.8295, 53.9075, 11.0863, 0.7861, 4.5057, 15.1054, 21.1425, 15.8073, 11.5116, 27.6311, 35.1015, 13.0532, 3.1981, 2.6427, 15.0315, 8.0928, 0.1734, 0.3467, 20.0853, 0.8651, 17.0659, 4.1605, 1.7335, 10.3657, 0.1734, 0.3467, 35.0456, 23.2386, 43.0564, 15.3173, 0, 22.3658, 13.6769, 2.0802, 50.8726, 12.3272]
    ],
    [
      [2.3224, 0.0303, 0.2118, 0.0303, 3.3257, 2.5209, 3.1163, 3.8198, 1.4818, 0.1222, 2.98, 1.2509, 1.0588, 1.3461, 2.6595, 3.304, 2.6155, 4.5699, 2.32, 0.6157, 3.0676, 0.1815, 0.0908, 0.105, 1.6033, 0.0908, 2.5218, 1.3442, 0.363, 1.1195, 0.1494, 0.0908, 3.3148, 3.7768, 5.1994, 0.363, 0, 1.4037, 2.6591, 1.2004, 8.8921, 0.5843],
      [9.7962, 0.1097, 1.4835, 0.5803, 19.592, 13.5487, 15.8176, 14.5927, 11.7633, 0, 4.6274, 4.7508, 14.4746, 6.4011, 9.5478, 13.8139, 15.484, 5.4707, 1.2293, 3.8184, 18.6334, 0.9159, 0, 0.8707, 16.2173, 0.0548, 15.4469, 8.6736, 6.1467, 4.4408, 0.2875, 2.3758, 20.4963, 17.7554, 20.1431, 7.9922, 0, 0.8346, 13.3951, 1.7163, 27.2024, 0.4388],
      [0.2244, 0.0168, 0.1674, 0.1637, 2.3087, 1.6552, 1.6786, 2.0263, 0.7874, 0.0934, 0.2745, 0.202, 1.5312, 0.74, 0.9757, 1.5882, 1.6788, 1.2144, 0.1855, 0.1347, 0.5891, 0.3238, 0.0803, 0, 0.5723, 0.0056, 1.8032, 1.1927, 0.1683, 0.2132, 0.0293, 4.492, 2.7183, 1.6606, 2.4817, 0.2861, 0, 0.4386, 1.606, 0.3193, 3.087, 0.0449],
      [0.7106, 0.0316, 1.2508, 0.1754, 13.8961, 12.0016, 11.059, 12.5924, 4.0754, 0.3871, 4.1853, 9.8575, 10.7076, 13.5099, 4.8064, 18.1558, 8.594, 6.3887, 2.0467, 0.4263, 5.664, 1.146, 0.5585, 0.5335, 10.4496, 0.2563, 12.9571, 5.0083, 0.4895, 2.1159, 0.1045, 1.1351, 15.0161, 10.9616, 12.0421, 6.9551, 0, 6.7951, 10.2871, 2.4394, 19.3121, 2.3016],
      [129.2886, 11.7552, 30.7311, 30.0482, 385.908, 284.811, 313.7314, 330.2526, 108.3038, 11.3419, 32.7226, 68.5325, 284.7793, 105.4009, 165.1517, 241.8282, 299.0864, 175.4581, 51.9489, 79.9974, 416.01, 31.2706, 14.2699, 15.4897, 353.9776, 7.5544, 316.6615, 226.7682, 126.8271, 72.7305, 3.4289, 6.9053, 416.3287, 296.5503, 418.9838, 161.5797, 0, 80.5462, 281.6196, 42.3181, 527.7756, 68.2215],
      [0.6578, 0.0565, 0.1555, 0.0022, 1.9694, 1.4625, 1.597, 1.7162, 0.5883, 0.0554, 0.2102, 0.4062, 1.4487, 0.6021, 0.8588, 1.31, 1.5414, 0.8982, 0.2695, 0.0076, 0.0358, 0.1621, 0.0005, 0.0011, 2.18, 0.038, 1.6095, 0.013, 0.0054, 0.3802, 0.0005, 0.0011, 2.1259, 3.2953, 2.15, 0.8238, 0, 5.9819, 1.4331, 0.0065, 2.7308, 1.4089]
    ],
    [
      [0.1251, 0.0026, 0.0205, 0.0003, 0.3945, 0.3687, 0.3139, 0.4822, 0.1056, 0.0881, 0.0583, 0.1228, 0.0104, 0.166, 0.263, 0.3589, 0.4913, 0.2038, 0.0672, 0.0867, 0.2649, 0.0018, 0.0078, 0.0121, 0.0703, 0.0009, 0.2574, 0.139, 0.0035, 0.0733, 0.0081, 0.0009, 0.3925, 0.3329, 0.6329, 0.0035, 0, 0.1333, 0.3288, 1.1179, 0.5023, 0.0292],
      [0.4337, 0.0124, 0.0758, 0.0671, 1.407, 1.2076, 1.1074, 1.5244, 0.4004, 0, 0.2034, 0.4353, 0.9325, 0.5708, 0.8959, 1.2283, 1.6369, 0.6457, 0.2084, 1.2873, 0.9675, 0.1057, 0, 0.1016, 1.313, 0.0357, 0.9369, 0.5045, 3.3802, 0.2742, 0.0284, 0.8876, 1.3946, 1.1452, 2.0099, 0.5672, 0, 0.4029, 1.0896, 0.2099, 1.7113, 0.0955],
      [0.5939, 0.0146, 0.0994, 0.2625, 1.9499, 1.7818, 1.4888, 2.332, 0.5274, 0.099, 0.2757, 0.0475, 1.2236, 0.7914, 1.2092, 1.7075, 2.3403, 1.0139, 0.3115, 0.3615, 1.2739, 0.163, 0.0397, 0, 1.4928, 0.0544, 1.2817, 1.9247, 0.3791, 0.3472, 0.0358, 0.0795, 1.9814, 1.579, 2.9844, 0.7676, 0, 0.6378, 1.5829, 0.3235, 2.2798, 0.1273],
      [15.6851, 0.1904, 3.4546, 2.2756, 53.9024, 43.9576, 40.9541, 67.5669, 14.1793, 1.705, 8.646, 14.722, 40.6768, 23.0422, 40.7924, 52.1653, 82.7913, 26.7212, 9.4202, 10.9977, 36.1281, 3.2634, 1.3678, 1.7044, 40.5692, 1.3503, 37.6059, 19.2039, 10.2087, 5.3315, 1.3962, 2.8635, 55.8804, 44.513, 95.8615, 23.4976, 0, 16.86, 43.8935, 10.9255, 68.6196, 2.0945],
      [16.9082, 0.1702, 1.3618, 3.1241, 48.5771, 56.5055, 40.367, 53.3969, 8.9675, 1.4558, 5.5852, 12.4296, 21.4723, 16.6166, 26.857, 37.0347, 50.2689, 24.9421, 6.7124, 13.5526, 32.4925, 2.2129, 0.9586, 1.8209, 42.4888, 1.6195, 28.5005, 20.1795, 13.0837, 8.3588, 0.7698, 1.4532, 41.1478, 40.2381, 70.6278, 16.6574, 0, 12.7261, 45.5058, 8.5958, 35.2188, 1.8725],
      [17.254, 0.6098, 2.9879, 2.2705, 55.7691, 49.1787, 42.7688, 74.6975, 16.8199, 1.6522, 8.2314, 21.2429, 38.6845, 25.813, 34.9826, 52.5053, 68.4713, 28.4733, 9.2801, 9.7142, 35.8731, 7.2532, 0.6261, 1.3611, 42.0659, 1.9392, 36.4177, 14.0484, 4.9447, 13.6149, 0.7617, 0.7152, 60.2033, 47.1918, 85.8834, 24.5067, 0, 26.24, 42.5994, 6.8275, 78.6682, 6.7811]
    ],
    [
      [0.6643, 0.0161, 0.1126, 0.0161, 2.0248, 1.3768, 1.8482, 1.9606, 0.9643, 0.1125, 0.3965, 0.7769, 0.5628, 0.959, 1.5003, 2.0893, 1.516, 1.4784, 0.5786, 0.3803, 1.6392, 0.0965, 0.0482, 0.0375, 1.4945, 0.0536, 1.6229, 1.0177, 0.193, 3.575, 0.0857, 0.0482, 2.3727, 1.8643, 3.1716, 0.193, 0, 0.2571, 1.6713, 0.4501, 5.1599, 0.2679],
      [0.3397, 0.0221, 0.1033, 0.0738, 1.1741, 0.6573, 0.9304, 1.0623, 0.4872, 0, 0.1478, 0.3177, 1.3885, 0.4357, 0.4733, 0.9967, 0.8054, 0.9067, 0.2433, 0.2362, 0.8641, 0.1475, 0, 0.3908, 0.8859, 0.0074, 1.0627, 0.6493, 1.8229, 0.4033, 0.1071, 0.1929, 1.6305, 0.9082, 1.4463, 0.4946, 0, 0.1991, 0.9518, 0.1328, 1.7277, 0.0812],
      [31.0898, 2.1593, 9.0671, 8.1179, 119.8242, 74.2987, 84.2959, 108.6914, 48.8496, 8.0356, 15.7409, 28.261, 75.0883, 43.1383, 48.7559, 94.8113, 81.1448, 83.819, 21.733, 20.772, 80.1734, 14.0586, 4.3185, 0, 80.3138, 0.7198, 97.9244, 59.9735, 24.7678, 30.6747, 2.5425, 5.0212, 154.3547, 84.4919, 138.0433, 41.4973, 0, 18.7604, 87.801, 13.6285, 165.0574, 6.8816],
      [2.9045, 0.1678, 1.7475, 0.5415, 10.0938, 3.9229, 7.7983, 9.7879, 3.7619, 0.857, 0.8816, 5.4486, 7.6234, 3.6086, 2.821, 11.842, 4.8045, 7.9496, 2.0527, 1.8902, 7.2654, 1.1717, 0.5637, 0.1448, 7.4568, 0.0974, 8.7042, 5.0218, 2.3139, 10.1264, 0.2474, 0.2645, 13.1168, 7.9385, 13.2201, 6.1172, 0, 1.9955, 8.12, 0.7934, 14.7321, 0.929],
      [10.1096, 0.5766, 2.698, 1.2508, 22.7993, 7.0181, 28.6835, 19.7048, 10.657, 2.7622, 2.4454, 7.3618, 22.223, 9.7141, 9.2082, 22.6424, 18.6153, 26.4608, 7.7523, 8.1007, 24.7887, 4.1378, 1.0695, 0.4076, 27.5217, 0.1025, 31.893, 21.3377, 10.9024, 8.1733, 1.0172, 0.4731, 45.239, 25.4116, 36.3175, 17.3985, 0, 5.2643, 27.9539, 2.6461, 42.7846, 2.6269],
      [0.8922, 0.0582, 0.2715, 0, 3.0837, 1.7261, 2.4437, 2.7928, 1.28, 0.2327, 0.3879, 0.834, 2.114, 1.1443, 1.2413, 2.6183, 2.114, 2.3855, 0.64, 0.6206, 2.2692, 0.3879, 0, 0.0194, 2.3274, 0.0194, 2.7928, 0, 0, 1.0473, 0, 0, 4.2862, 2.3855, 3.8013, 1.2994, 0, 0.5237, 2.5019, 0.3491, 4.5383, 0.2133]
    ],
    [
      [2.5394, 0.0557, 0.511, 0.1923, 9.8873, 6.0899, 8.1282, 8.6085, 3.632, 0.3967, 1.6694, 4.4405, 5.5238, 4.6532, 8.0119, 9.6455, 8.0817, 5.1443, 2.5443, 0.9057, 6.7223, 0.698, 0.2277, 0.172, 5.0737, 0.1693, 5.6803, 3.288, 1.5173, 3.4293, 0, 0.4097, 9.0938, 7.5723, 12.4442, 0.6681, 0, 1.8455, 6.9142, 1.8314, 21.6568, 1.8762],
      [5.5082, 0.821, 0.8716, 1.2076, 24.7825, 13.3583, 18.141, 17.8004, 7.4891, 0, 3.1646, 9.9264, 17.9649, 10.0238, 16.3034, 20.5793, 20.6279, 9.1054, 4.1537, 1.1682, 15.5577, 1.5217, 0, 0.5291, 11.7181, 0.3955, 13.7706, 7.2962, 5.05, 7.1493, 0, 1.3288, 22.2717, 15.9195, 22.1019, 8.7445, 0, 4.7809, 14.8791, 2.3427, 34.686, 3.791],
      [1.979, 0.3339, 0.14, 0.7324, 9.865, 5.587, 7.2265, 8.0378, 3.0083, 0.2498, 1.2014, 3.5864, 6.3989, 3.8961, 5.9133, 7.9701, 7.7023, 4.6194, 1.8151, 0.2099, 5.5971, 0.7616, 0.3469, 0, 4.2836, 0.0779, 5.433, 3.0123, 1.5192, 2.7127, 0, 0.4957, 9.4609, 5.9149, 9.2411, 3.1564, 0, 3.5158, 6.1088, 1.0595, 13.4053, 0.1439],
      [3.8606, 0.2077, 0.0204, 0.5238, 15.4691, 9.8165, 13.0648, 17.4429, 4.2599, 0.125, 1.9328, 13.1807, 13.9112, 10.6694, 12.2149, 20.4628, 18.7538, 7.6862, 3.0028, 0.0307, 10.4413, 1.4239, 0.197, 0.0704, 5.9273, 0.3014, 9.8339, 4.1481, 2.7146, 7.831, 0, 0.7177, 16.6887, 12.3908, 14.3517, 9.1367, 0, 7.4354, 12.0219, 1.8469, 22.1143, 2.2798],
      [0.5264, 0.8012, 0.0585, 1.3476, 16.8683, 4.3852, 7.0899, 7.3661, 1.6295, 0.0292, 0.8401, 2.4975, 9.0509, 2.7876, 10.4062, 6.2033, 8.8945, 3.8732, 3.6983, 0.0877, 4.1215, 0.3993, 0.0292, 0.0292, 1.0236, 3.0597, 1.3161, 0.6727, 0.4095, 2.0995, 0, 0.2511, 8.1467, 3.0446, 9.1244, 3.9184, 0, 1.6404, 6.5196, 0.9271, 15.4384, 7.1234],
      [3.5865, 1.7805, 0.3985, 0.9962, 19.1277, 9.7631, 13.3496, 14.7443, 4.9812, 0.1992, 2.1917, 8.3684, 13.1503, 7.9699, 13.1503, 16.139, 15.9398, 7.5714, 3.7857, 0.5977, 10.5601, 1.1955, 0.1992, 0.1992, 6.9737, 0.9962, 8.9661, 4.5827, 2.7895, 5.7782, 0, 0.797, 16.3383, 11.1579, 16.7368, 6.3759, 0, 4.7819, 11.5563, 1.9925, 26.6991, 3.7857]
    ]
  ],
  "V_est": [
    [2.143, 682.8865, 181.6289, 105.7289, 2787.5941, 2.0186],
    [1199.8009, 39.062, 37.1444, 176.8693, 92.7335, 57.3899],
    [173.5847, 466.931, 300.2836, 8469.6759, 617.9565, 587.5684],
    [77.8227, 350.9394, 39.7591, 261.3865, 7026.8951, 40.1971],
    [8.0429, 31.4417, 37.7668, 1076.9848, 872.8342, 1099.9297],
    [44.6542, 24.9077, 2118.6984, 200.8457, 578.2508, 55.6432],
    [181.9515, 396.8318, 156.7188, 308.509, 157.7358, 300.2531]
  ],
  "p_est": [
    [0.0006, 0.1815, 0.0483, 0.0281, 0.741, 0.0005],
    [0.7485, 0.0244, 0.0232, 0.1103, 0.0578, 0.0358],
    [0.0164, 0.044, 0.0283, 0.7978, 0.0582, 0.0553],
    [0.01, 0.045, 0.0051, 0.0335, 0.9012, 0.0052],
    [0.0026, 0.0101, 0.0121, 0.3444, 0.2791, 0.3518],
    [0.0148, 0.0082, 0.7009, 0.0664, 0.1913, 0.0184],
    [0.1211, 0.2642, 0.1043, 0.2054, 0.105, 0.1999]
  ],
  "EI_Z": {},
  "EI_V": 12.2854,
  "MAE_Z": {},
  "MAE_V": 183.872,
  "MAE_p": 0.0618,
  "runtime": 1.5278
}
