{
  "Z_true": {},
  "V_true": [
    [12, 42, 1162, 160],
    [604, 1286, 438, 74],
    [530, 8308, 983, 373],
    [143, 189, 15791, 450],
    [7, 407, 223, 464],
    [137, 389, 844, 408]
  ],
  "p_true": [
    [0.0087, 0.0305, 0.8445, 0.1163],
    [0.2515, 0.5354, 0.1823, 0.0308],
    [0.052, 0.815, 0.0964, 0.0366],
    [0.0086, 0.0114, 0.9528, 0.0272],
    [0.0064, 0.3697, 0.2025, 0.4214],
    [0.0771, 0.2188, 0.4747, 0.2295]
  ],
  "Z_est": [
    [
      [0, 0.0076, 0.2106, 0.1888, 0.1343, 0.1853, 0.1525, 0.1125, 0.0399, 0.0907, 0.0581, 2.315, 0.0718, 0.0799, 0.1162, 0.029, 0.1488, 0.0681, 0.2856, 0.1059, 0.1059, 0.0076, 0.0085, 0.3086, 0.1777, 0, 0, 0.0038, 0, 0, 0.0151, 0.0908, 0.4612, 0.0581, 0.1701, 0.5216, 0, 0.0323, 0, 0.0832, 0.3993, 0.0491, 0.276, 0.0491],
      [0, 0.04, 2.058, 2.3299, 0.7943, 1.5568, 1.4118, 1.0825, 0.8273, 0.8397, 0.5818, 3.9477, 0.6036, 1.4488, 2.764, 0.0318, 0.8896, 0.7697, 1.2391, 0.8896, 0.8896, 0.0635, 0.1271, 2.0333, 1.4932, 0.0953, 0, 0.5912, 0, 0, 0.1271, 2.7323, 3.876, 0.6503, 1.4297, 0.0402, 0, 0.0953, 0, 0.699, 4.3843, 0.413, 2.3193, 0.413],
      [0, 1.941, 100.1427, 69.0288, 23.8757, 46.9779, 42.1843, 19.5644, 13.9574, 22.9324, 17.2572, 35.346, 18.2159, 41.2255, 83.8181, 0.931, 26.8445, 17.0603, 37.0311, 26.8445, 26.8445, 1.9175, 3.8349, 61.3589, 45.0804, 2.9047, 0, 0.3993, 0, 0, 3.8349, 82.4511, 117.2438, 26.2264, 43.143, 2.4211, 0, 2.8724, 0, 21.0921, 132.4276, 12.4635, 69.9875, 12.4635],
      [0, 0.0114, 0.5887, 0.4525, 0.1957, 0.2801, 0.2515, 0.2405, 0.1753, 0.1372, 0.1029, 0.3914, 0.1086, 0.2458, 0.3017, 0.0082, 0.117, 0.1019, 0.4443, 0.16, 0.16, 0.0114, 0.0294, 0.2992, 0.2487, 0, 0, 0.0057, 0, 0, 0.0229, 0.7259, 0.419, 0.0652, 0.2572, 0.0171, 0, 0, 0, 0.1257, 0.7887, 0.0743, 0.4172, 0.0743]
    ],
    [
      [0, 1.2776, 35.0604, 33.2169, 23.6351, 26.2953, 31.8652, 16.1822, 7.0267, 14.0533, 7.6218, 22.1927, 26.1902, 14.0533, 20.4412, 4.443, 26.1902, 25.8175, 38.966, 44.7615, 28.1066, 1.7966, 1.2776, 58.1551, 57.9844, 0, 0, 0, 0.3915, 0, 1.1433, 14.1004, 23.6277, 9.5273, 53.0193, 0.6726, 0, 1.3939, 0, 14.7951, 70.2665, 14.946, 111.7877, 22.0837],
      [0, 0.4843, 49.2539, 52.0139, 32.269, 36.9388, 56.4918, 18.7379, 13.9838, 23.8813, 10.7074, 25.6977, 33.1359, 39.1014, 38.5372, 1.4529, 36.4051, 37.5047, 47.4051, 77.1277, 49.7893, 3.0372, 2.3832, 70.078, 96.3664, 0.7265, 0, 0, 0.5354, 0, 1.6061, 19.8086, 33.1929, 13.3842, 60.3856, 0.2422, 5.5125, 1.6061, 0, 17.1318, 132.6624, 18.7379, 83.7689, 39.3191],
      [0, 0.2324, 7.4756, 7.5569, 4.9567, 5.6067, 11.4147, 0, 1.8674, 0, 1.6251, 0, 2.6738, 4.7129, 8.8664, 0.0904, 5.2711, 5.6067, 3.4235, 10.8072, 14.9648, 0.1548, 0.325, 29.5651, 25.4758, 0.2735, 0, 0, 0.0703, 0, 0.2438, 3.0065, 5.0379, 2.043, 17.4075, 0.0813, 0.4875, 0, 0, 0, 23.5528, 1.2362, 0, 5.4442],
      [0, 0.0057, 0.21, 0.2123, 0.1393, 0.1592, 0.2283, 0.0799, 0.1222, 0.0654, 0.0457, 0.1096, 0, 0.1324, 0.1552, 0.0137, 0.1336, 0.0711, 0.2055, 0.3036, 0.1393, 0.0114, 0.0142, 0.2018, 0.1734, 0, 0, 0, 0.0028, 0, 0.0068, 0.0845, 0.1415, 0.0455, 0.1876, 0.004, 0, 0, 0, 0.0731, 0.5182, 0.0799, 0.4435, 0.153]
    ],
    [
      [0, 0.1858, 5.3896, 4.8321, 3.6123, 3.6241, 3.9028, 3.122, 1.0222, 2.5211, 1.7765, 5.5777, 4.1249, 2.0443, 2.9736, 2.6734, 3.8099, 1.9071, 5.6684, 5.1075, 4.0887, 0.1698, 0.1858, 7.3564, 8.3632, 0, 0, 0.0929, 0.2213, 0.1045, 0.3717, 2.3231, 4.5533, 1.4868, 7.7783, 0.2502, 0, 3.1598, 0, 2.3747, 10.2217, 2.2302, 16.2618, 1.6067],
      [3.5292, 2.9938, 391.4507, 405.5429, 177.7186, 222.6937, 280.2209, 205.9031, 157.3632, 165.6051, 200.9834, 360.9208, 217.7906, 185.454, 305.3315, 10.3907, 213.2193, 128.1379, 229.7477, 323.0114, 270.3307, 11.7435, 20.1064, 341.7762, 424.3518, 5.0984, 2.6929, 5.4841, 3.9145, 7.2466, 13.2003, 253.1483, 358.0592, 128.5737, 329.5408, 1.5978, 5.4528, 15.3099, 0.8157, 189.1208, 893.1861, 124.2286, 580.7207, 100.3305],
      [0.0478, 1.0042, 71.555, 44.0632, 17.7109, 24.9941, 30.7337, 5.0178, 7.4256, 11.7638, 18.2257, 19.8932, 27.7414, 20.1585, 56.3927, 0.4304, 17.0897, 8.152, 16.3067, 34.1447, 30.8535, 0.1934, 2.3711, 39.8342, 61.4818, 0.9016, 0.6662, 0, 0.4067, 0.0956, 1.5504, 44.6884, 69.1243, 31.1715, 38.7627, 0.2736, 0.5472, 1.5302, 0.1843, 12.8943, 111.4441, 9.089, 65.0291, 11.2174],
      [0.423, 0.8161, 47.6047, 42.5618, 25.9582, 23.6881, 22.1425, 24.9571, 18.1891, 13.1101, 18.0144, 40.6082, 17.3431, 17.3431, 31.3022, 1.5055, 19.8811, 7.803, 26.2772, 28.7364, 20.7271, 0.8933, 3.3366, 30.0332, 25.8032, 0, 0.6409, 0.423, 0.4574, 0.5533, 1.8777, 33.8402, 34.2632, 6.768, 27.9182, 0.8784, 0, 0, 0, 29.6102, 80.1482, 13.4523, 65.9884, 9.8455]
    ],
    [
      [0, 0.0599, 3.3872, 1.5645, 1.1132, 1.3086, 0, 0.9327, 0.331, 0.6619, 0.4814, 1.4442, 1.2336, 0.6619, 0.9628, 0.8545, 1.2336, 0.5281, 1.8353, 0, 1.0588, 0.026, 0.0602, 1.7456, 1.6442, 0, 0, 0.0301, 0.9217, 0.5203, 2.0924, 0.7522, 3.793, 0.4814, 2.4972, 0.2477, 0, 0.3162, 0, 1.0146, 3.3096, 0.7221, 5.8477, 0.8124],
      [0.1127, 0, 8.6653, 8.6075, 0, 2.9701, 2.2229, 2.7313, 3.5174, 2.1186, 1.4718, 4.559, 1.0183, 10.004, 7.3609, 0.1246, 2.8663, 1.942, 1.8968, 2.4891, 2.7087, 0.1558, 0.187, 0, 4.2062, 0.0799, 0.0112, 0.3772, 0.0476, 0.7233, 0.1662, 3.9913, 9.7036, 1.6408, 0, 0.0208, 1.165, 0.1973, 0.1843, 2.5956, 12.9056, 1.672, 7.5777, 15.8564],
      [0.8363, 16.7742, 1277.2363, 834.5176, 246.8606, 492.9255, 327.6474, 170.0399, 155.5449, 204.2903, 206.9868, 344.9445, 150.7482, 407.26, 1088.4879, 7.5482, 334.0924, 198.8435, 276.9901, 366.8866, 399.259, 9.7343, 28.3334, 669.1292, 621.0331, 11.9201, 4.9049, 2.5088, 5.8538, 1.6725, 41.5705, 998.6379, 1437.7094, 465.5357, 413.5028, 15.889, 30.835, 26.4865, 5.8157, 376.2313, 1984.6672, 210.7541, 1095.424, 232.998],
      [0.051, 0.166, 12.7113, 9.3104, 4.0261, 5.7958, 4.1297, 4.2961, 3.6067, 1.9292, 2.06, 8.0523, 0, 4.0741, 9.1885, 0.4726, 2.8077, 1.6864, 4.2778, 4.6243, 3.9735, 0.0839, 0.4194, 0.1252, 5.1165, 0, 0.0839, 0.0839, 0.1769, 0.0839, 1.1709, 14.6187, 6.7941, 1.342, 0, 0.8425, 0, 0, 0, 10.1585, 18.1176, 2.8518, 40.1506, 6.3333]
    ],
    [
      [0, 0.0037, 0.1648, 0.0954, 0.0679, 0.0812, 0.0771, 0.0836, 0.0202, 0.0167, 0.0597, 0.1194, 0.0836, 0.0404, 0.0587, 0, 0.0752, 0.0679, 0.0478, 0.0836, 0.0669, 0, 0.0024, 0.1559, 0.0716, 0, 0, 0, 0, 0, 0.0024, 0.0459, 0.1266, 0.0263, 0.2179, 0, 0, 0.2621, 0, 0.1051, 0.2018, 0.0501, 0.0979, 0.0096],
      [0.3581, 0.2035, 21.2885, 23.8452, 6.1706, 10.49, 10.1832, 10.7985, 6.7877, 2.1597, 7.7132, 16.1094, 10.7985, 8.1237, 11.4452, 0, 8.9474, 6.1706, 6.1706, 10.7985, 8.6388, 0, 0.3085, 15.735, 9.2559, 0, 0, 0, 0, 0, 0.3085, 9.5644, 16.3521, 3.3938, 19.1288, 0, 0.8698, 0.6077, 0, 13.5753, 45.0453, 6.4791, 12.6497, 1.2341],
      [0.1159, 0.1549, 8.9855, 10.0273, 2.2494, 4.4276, 4.2974, 4.5579, 1.4763, 0.9116, 3.2556, 3.068, 4.5579, 3.2556, 4.8183, 0, 3.7765, 2.6045, 2.5149, 4.5579, 3.6646, 0, 0.1302, 6.6415, 3.9067, 0, 0, 0, 0, 0, 0.1302, 4.037, 10.6844, 2.4763, 16.0532, 0, 0.1302, 0.1302, 0, 5.7299, 19.1597, 2.7347, 5.3392, 0.5209],
      [0.526, 0.6379, 38.5612, 43.032, 11.5121, 19.0012, 18.4423, 19.56, 13.7159, 3.912, 13.9714, 30.7032, 19.56, 13.5803, 20.6777, 0, 16.2009, 11.157, 11.2668, 19.56, 15.6298, 0, 0.5589, 28.4676, 16.7657, 0, 0, 0, 0, 0, 0.5589, 17.3527, 25.837, 5.1036, 26.6002, 0, 0, 0, 0, 24.5897, 81.5932, 11.736, 22.9132, 2.2354]
    ],
    [
      [0, 0.4655, 13.7875, 12.1023, 8.4372, 7.5057, 6.0025, 10.567, 2.5601, 4.6562, 6.0025, 16.351, 9.2959, 5.1202, 7.4476, 0, 9.5422, 8.6113, 14.197, 9.9416, 10.5732, 0, 0.4655, 17.2784, 21.759, 0, 0, 0.8732, 0.4655, 0.3752, 0.3752, 7.6877, 16.4383, 4.4202, 19.3172, 0.3079, 0, 1.8357, 0, 5.6273, 25.6011, 6.0025, 40.729, 2.4385],
      [0, 0.2784, 27.2835, 25.6606, 10.0476, 11.3506, 9.4694, 23.7467, 18.5207, 9.3957, 11.5423, 27.7654, 10.653, 9.8681, 24.5612, 0, 13.6725, 12.4751, 11.5408, 15.6836, 18.6428, 0, 0.8878, 23.3775, 34.3265, 0, 0.2959, 1.5475, 0.5025, 1.0302, 0.5918, 17.7551, 27.8163, 10.3571, 19.5151, 0.0991, 0, 1.1837, 0, 8.8775, 56.8162, 9.4694, 35.9637, 3.8469],
      [0, 0.8933, 41.6048, 26.8062, 9.3467, 13.068, 10.7225, 7.82, 5.7285, 6.1019, 8.6495, 12.7483, 12.0628, 10.3874, 38.6166, 0, 14.9257, 12.733, 4.7338, 17.7591, 25.4137, 0, 1.0052, 26.4711, 47.0221, 0, 0.4289, 0.0919, 0.6691, 0.2318, 0.6702, 21.1792, 36.2002, 17.5471, 25.1308, 0.3351, 0, 0.9806, 0, 10.0523, 74.7487, 10.7225, 39.2201, 4.356],
      [0, 0.3629, 18.3242, 15.4308, 6.1685, 7.0757, 5.8057, 9.8663, 7.1907, 3.8462, 5.8057, 16.1353, 3.9883, 5.6242, 12.3747, 0, 7.8596, 4.1806, 8.5285, 9.6156, 8.3703, 0, 0.6415, 11.873, 12.8925, 0, 0.2752, 0.4874, 0.3629, 0.3629, 0.3629, 13.378, 13.5452, 2.6756, 11.0369, 0.2579, 0, 0, 0, 5.4428, 34.834, 5.8057, 26.0871, 2.3586]
    ]
  ],
  "V_est": [
    [7.2184, 46.5787, 1314.1461, 8.0567],
    [904.3653, 1281.4038, 211.5576, 4.6733],
    [137.0763, 8274.0386, 967.162, 815.7231],
    [46.4876, 130.8519, 16199.8674, 195.7931],
    [2.6888, 341.7092, 151.082, 605.52],
    [335.1635, 546.4178, 597.1849, 299.2338]
  ],
  "p_est": [
    [0.0052, 0.0339, 0.955, 0.0059],
    [0.3765, 0.5335, 0.0881, 0.0019],
    [0.0134, 0.8117, 0.0949, 0.08],
    [0.0028, 0.0079, 0.9775, 0.0118],
    [0.0024, 0.3104, 0.1372, 0.55],
    [0.1885, 0.3073, 0.3359, 0.1683]
  ],
  "EI_Z": {},
  "EI_V": 5.4027,
  "MAE_Z": {},
  "MAE_V": 150.4818,
  "MAE_p": 0.053,
  "runtime": 4.355
}
