{
  "X": [
    [3, 6, 2],
    [23, 60, 1],
    [71, 79, 3],
    [51, 36, 3],
    [95, 86, 5],
    [39, 39, 2],
    [98, 85, 5],
    [7, 16, 2],
    [4, 3, 0],
    [10, 12, 2],
    [4, 6, 0],
    [6, 7, 1],
    [44, 56, 5],
    [34, 39, 3],
    [4, 7, 0],
    [32, 52, 2],
    [28, 48, 2],
    [6, 14, 4],
    [113, 170, 15],
    [33, 40, 6],
    [30, 38, 2],
    [32, 63, 0],
    [41, 86, 4],
    [52, 49, 4],
    [28, 22, 2],
    [66, 101, 1],
    [4, 5, 0],
    [9, 14, 0],
    [15, 40, 0],
    [23, 28, 4],
    [17, 42, 1],
    [10, 37, 0],
    [7, 37, 2],
    [19, 39, 0],
    [38, 67, 0],
    [15, 64, 6],
    [11, 14, 0],
    [38, 66, 2],
    [6, 30, 0],
    [9, 28, 3],
    [21, 74, 1],
    [9, 38, 2],
    [62, 150, 9],
    [112, 166, 4],
    [8, 13, 0],
    [5, 37, 3],
    [13, 71, 0],
    [42, 105, 4],
    [36, 105, 2],
    [65, 221, 7],
    [2, 5, 0],
    [20, 32, 3],
    [3, 16, 1],
    [32, 78, 4],
    [11, 18, 2],
    [57, 151, 21],
    [70, 161, 7],
    [75, 197, 15],
    [59, 101, 4],
    [20, 111, 3],
    [58, 103, 2],
    [1, 5, 0],
    [2, 6, 0],
    [8, 7, 1],
    [4, 5, 2],
    [2, 17, 2],
    [13, 13, 1],
    [46, 45, 1],
    [131, 327, 21],
    [72, 179, 5],
    [2, 6, 1],
    [3, 7, 0],
    [5, 15, 0],
    [40, 86, 5],
    [2, 17, 0],
    [65, 137, 12],
    [11, 22, 4],
    [5, 12, 1],
    [16, 37, 2],
    [109, 198, 17],
    [1, 9, 0],
    [31, 108, 9],
    [89, 281, 7],
    [18, 82, 4],
    [1, 7, 0],
    [40, 132, 7],
    [75, 158, 11],
    [30, 39, 3],
    [3, 11, 4],
    [4, 3, 0],
    [12, 27, 0],
    [16, 28, 1],
    [20, 99, 1],
    [20, 90, 3],
    [58, 154, 10],
    [3, 6, 0],
    [67, 112, 5],
    [23, 67, 2],
    [34, 74, 6],
    [34, 86, 3],
    [63, 268, 4],
    [64, 148, 10],
    [26, 53, 3],
    [32, 95, 2],
    [64, 111, 3],
    [66, 165, 9],
    [20, 35, 1],
    [30, 101, 6],
    [79, 185, 8],
    [31, 74, 2],
    [18, 42, 3],
    [30, 57, 0],
    [65, 94, 6],
    [100, 201, 4],
    [14, 36, 0],
    [63, 144, 10],
    [60, 113, 4],
    [22, 86, 6],
    [0, 6, 0],
    [3, 5, 0],
    [9, 40, 1],
    [5, 12, 0],
    [2, 9, 2],
    [3, 16, 1],
    [6, 14, 0],
    [1, 5, 0],
    [2, 4, 1],
    [3, 18, 0],
    [17, 17, 1],
    [31, 69, 8],
    [19, 34, 2],
    [20, 55, 5],
    [35, 82, 4],
    [8, 22, 0],
    [30, 43, 3],
    [28, 75, 1],
    [11, 14, 3],
    [13, 25, 0],
    [6, 40, 0],
    [22, 95, 8],
    [67, 152, 5],
    [0, 7, 0],
    [10, 40, 0],
    [5, 39, 1],
    [39, 45, 1],
    [6, 8, 1],
    [29, 31, 3],
    [24, 47, 4],
    [48, 35, 0],
    [9, 16, 0],
    [8, 15, 3],
    [8, 7, 0],
    [12, 15, 2],
    [64, 89, 4],
    [23, 33, 5],
    [75, 92, 11],
    [14, 16, 0],
    [54, 72, 4],
    [29, 52, 5],
    [25, 52, 7],
    [13, 17, 1],
    [15, 13, 4],
    [9, 11, 1],
    [24, 31, 4],
    [53, 66, 6],
    [26, 21, 4],
    [9, 25, 2],
    [9, 18, 0],
    [15, 14, 3],
    [39, 47, 3],
    [537, 1223, 73],
    [82, 173, 12],
    [382, 1102, 46],
    [15, 51, 0]
  ],
  "W": [
    [4, 1, 2, 2, 2],
    [35, 23, 1, 17, 8],
    [68, 37, 2, 35, 11],
    [36, 28, 6, 16, 4],
    [104, 48, 10, 13, 11],
    [39, 26, 6, 6, 3],
    [101, 53, 7, 14, 13],
    [4, 5, 9, 4, 3],
    [2, 1, 3, 1, 0],
    [10, 4, 4, 5, 1],
    [6, 3, 0, 1, 0],
    [4, 1, 3, 2, 4],
    [41, 25, 17, 15, 7],
    [27, 22, 13, 5, 9],
    [7, 1, 1, 1, 1],
    [43, 20, 10, 8, 5],
    [33, 25, 4, 6, 10],
    [4, 7, 7, 2, 4],
    [154, 81, 15, 30, 18],
    [35, 17, 10, 12, 5],
    [18, 32, 3, 12, 5],
    [38, 37, 2, 12, 6],
    [52, 60, 1, 16, 2],
    [37, 33, 9, 11, 15],
    [27, 13, 2, 5, 5],
    [76, 52, 11, 17, 12],
    [4, 3, 0, 1, 1],
    [10, 5, 3, 4, 1],
    [19, 25, 2, 5, 4],
    [18, 19, 8, 7, 3],
    [18, 22, 6, 6, 8],
    [18, 27, 1, 1, 0],
    [22, 16, 4, 3, 1],
    [34, 14, 4, 3, 3],
    [59, 31, 6, 5, 4],
    [30, 31, 3, 6, 15],
    [12, 12, 0, 1, 0],
    [54, 27, 4, 15, 6],
    [12, 16, 1, 2, 5],
    [13, 9, 11, 5, 2],
    [41, 39, 6, 5, 5],
    [11, 26, 3, 6, 3],
    [110, 72, 12, 9, 18],
    [153, 68, 14, 26, 21],
    [7, 10, 0, 2, 2],
    [12, 26, 2, 2, 3],
    [40, 32, 0, 7, 5],
    [71, 56, 4, 14, 6],
    [54, 60, 6, 13, 10],
    [134, 128, 4, 13, 14],
    [2, 2, 2, 1, 0],
    [27, 17, 1, 3, 7],
    [5, 9, 2, 1, 3],
    [49, 55, 0, 4, 6],
    [19, 9, 1, 0, 2],
    [105, 70, 9, 21, 24],
    [116, 72, 7, 22, 21],
    [131, 104, 7, 21, 24],
    [81, 55, 4, 12, 12],
    [61, 58, 2, 6, 7],
    [74, 57, 2, 13, 17],
    [0, 5, 0, 1, 0],
    [6, 1, 1, 0, 0],
    [8, 4, 1, 1, 2],
    [4, 1, 6, 0, 0],
    [7, 7, 4, 1, 2],
    [21, 4, 1, 1, 0],
    [65, 18, 2, 4, 3],
    [221, 177, 9, 26, 46],
    [137, 86, 3, 18, 12],
    [6, 1, 1, 1, 0],
    [3, 2, 3, 0, 2],
    [7, 9, 1, 1, 2],
    [53, 31, 18, 15, 14],
    [5, 5, 1, 3, 5],
    [92, 72, 10, 28, 12],
    [11, 16, 7, 0, 3],
    [12, 3, 2, 0, 1],
    [25, 21, 0, 4, 5],
    [175, 99, 8, 27, 15],
    [2, 2, 6, 0, 0],
    [64, 59, 4, 7, 14],
    [164, 141, 21, 32, 19],
    [43, 44, 8, 3, 6],
    [1, 5, 1, 1, 0],
    [78, 70, 7, 6, 18],
    [124, 79, 6, 11, 24],
    [40, 13, 4, 9, 6],
    [2, 5, 2, 3, 6],
    [4, 2, 1, 0, 0],
    [20, 10, 1, 5, 3],
    [18, 16, 5, 2, 4],
    [52, 49, 1, 8, 10],
    [46, 48, 4, 8, 7],
    [99, 86, 12, 7, 18],
    [2, 1, 2, 1, 3],
    [91, 62, 14, 4, 13],
    [45, 29, 3, 6, 9],
    [63, 33, 1, 4, 13],
    [60, 32, 11, 13, 7],
    [132, 156, 9, 23, 15],
    [123, 62, 8, 14, 15],
    [37, 26, 11, 6, 2],
    [65, 43, 7, 7, 7],
    [81, 59, 9, 15, 14],
    [108, 88, 18, 10, 16],
    [27, 15, 2, 7, 5],
    [64, 45, 9, 9, 10],
    [140, 86, 13, 14, 19],
    [59, 30, 3, 5, 10],
    [22, 25, 8, 2, 6],
    [45, 30, 2, 4, 6],
    [85, 46, 7, 9, 18],
    [142, 97, 12, 18, 36],
    [21, 19, 5, 3, 2],
    [114, 68, 9, 10, 16],
    [91, 55, 3, 16, 12],
    [55, 45, 2, 0, 12],
    [1, 2, 0, 2, 1],
    [2, 2, 1, 1, 2],
    [24, 21, 1, 3, 1],
    [11, 5, 1, 0, 0],
    [3, 3, 5, 2, 0],
    [7, 11, 2, 0, 0],
    [9, 10, 0, 1, 0],
    [0, 5, 0, 1, 0],
    [3, 3, 0, 1, 0],
    [8, 6, 3, 3, 1],
    [20, 5, 3, 3, 4],
    [57, 31, 4, 7, 9],
    [26, 19, 7, 1, 2],
    [32, 29, 4, 9, 6],
    [55, 47, 7, 9, 3],
    [15, 9, 4, 1, 1],
    [37, 15, 9, 7, 8],
    [59, 34, 2, 4, 5],
    [16, 7, 3, 0, 2],
    [16, 13, 3, 3, 3],
    [12, 21, 4, 6, 3],
    [50, 63, 1, 7, 4],
    [102, 87, 12, 7, 16],
    [1, 6, 0, 0, 0],
    [20, 21, 1, 3, 5],
    [18, 22, 1, 2, 2],
    [29, 34, 6, 11, 5],
    [4, 2, 7, 0, 2],
    [26, 22, 4, 3, 8],
    [30, 22, 9, 6, 8],
    [41, 19, 5, 14, 4],
    [10, 3, 6, 3, 3],
    [8, 8, 6, 1, 3],
    [10, 2, 2, 1, 0],
    [9, 11, 4, 5, 0],
    [72, 37, 11, 23, 14],
    [38, 9, 5, 5, 4],
    [77, 48, 10, 31, 12],
    [12, 6, 3, 3, 6],
    [55, 46, 4, 16, 9],
    [38, 20, 8, 8, 12],
    [30, 16, 17, 7, 14],
    [13, 5, 3, 3, 7],
    [10, 6, 5, 8, 3],
    [7, 4, 3, 3, 4],
    [24, 13, 4, 10, 8],
    [59, 32, 9, 10, 15],
    [24, 12, 3, 6, 6],
    [12, 9, 8, 3, 4],
    [5, 14, 5, 1, 2],
    [17, 5, 5, 1, 4],
    [41, 28, 6, 5, 9],
    [718, 724, 107, 162, 122],
    [116, 109, 7, 14, 21],
    [623, 628, 65, 94, 120],
    [17, 37, 6, 3, 3]
  ],
  "method": "mvn_pdf",
  "cond_prob": [
    [
      [0.26709154665, 0.73290845335, 0],
      [0.049558337543, 0.94079212931, 0.0096495331521],
      [0.29386488789, 0.46633245044, 0.23980266167],
      [0.46945290778, 0.27519864808, 0.25534844415],
      [0.17771994225, 0.32225593014, 0.50002412761]
    ],
    [
      [0.26222475636, 0.73777524364, 0],
      [0.051848514328, 0.94815148567, 0],
      [0.34382529853, 0.6080265539, 0.048148147571],
      [0.5786818389, 0.40248013026, 0.018838030838],
      [0.30602514225, 0.61502419173, 0.078950666022]
    ],
    [
      [0.4861479172, 0.5138520828, 0],
      [0.12860998042, 0.87139001958, 0],
      [0.56164585759, 0.36924409747, 0.069110044941],
      [0.75679971568, 0.19757222212, 0.045628062202],
      [0.50655369005, 0.37846469785, 0.11498161209]
    ],
    [
      [0.65306791842, 0.32337366567, 0.023558415909],
      [0.25074833436, 0.74295064694, 0.0063010186962],
      [0.70995353126, 0.20075536798, 0.089291100766],
      [0.85256179604, 0.095300474051, 0.052137729906],
      [0.64197291261, 0.20664753222, 0.15137955517]
    ],
    [
      [0.59446101022, 0.39283029695, 0.012708692831],
      [0.199752431, 0.79449607582, 0.0057514931794],
      [0.65295129673, 0.25330152621, 0.093747177057],
      [0.81657906618, 0.12585260207, 0.057568331753],
      [0.58571794739, 0.25824894447, 0.15603310814]
    ],
    [
      [0.59044950716, 0.39275872897, 0.016791763877],
      [0.20051719202, 0.79453181796, 0.0049509900186],
      [0.66577548117, 0.25157616139, 0.082648357446],
      [0.82704562367, 0.12329231871, 0.049662057614],
      [0.60069853314, 0.25845714087, 0.14084432598]
    ],
    [
      [0.61535032892, 0.37134712625, 0.013302544829],
      [0.21815291972, 0.77601533099, 0.00583174929],
      [0.67571729789, 0.23430105004, 0.089981652062],
      [0.83115810071, 0.11450267764, 0.054339221655],
      [0.60932904142, 0.2401525284, 0.15051843018]
    ],
    [
      [0.24995487831, 0.74482345942, 0.0052216622714],
      [0.047505172132, 0.94971264002, 0.002782187852],
      [0.30780650922, 0.55841180466, 0.13378168611],
      [0.54270158325, 0.38073224417, 0.076566172583],
      [0.27386323669, 0.5745025812, 0.1516341821]
    ],
    [
      [0.55940228827, 0.44059771173, 0],
      [0.12698075661, 0.87301924339, 0],
      [0.6318184591, 0.3681815409, 0],
      [0.85875928955, 0.14124071045, 0],
      [0.63861853975, 0.3454941321, 0.015887328152]
    ],
    [
      [0.41040081831, 0.55132811973, 0.038271061963],
      [0.097266587886, 0.89581513938, 0.0069182727337],
      [0.45129448539, 0.37381253681, 0.1748929778],
      [0.66690221412, 0.21233962875, 0.12075815713],
      [0.36723645315, 0.34650995426, 0.28625359259]
    ],
    [
      [0.47965944338, 0.52034055662, 0],
      [0.10364816274, 0.89635183726, 0],
      [0.60324038677, 0.3967594188, 1.9443552643e-07],
      [0.8110988515, 0.1889011485, 0],
      [0.45109342707, 0.37524594843, 0.17366062451]
    ],
    [
      [0.36085617875, 0.5811818821, 0.057961939148],
      [0.080032904747, 0.91752236247, 0.002444732787],
      [0.47075362649, 0.46056334928, 0.068683024229],
      [0.698648832, 0.25327528158, 0.048075886425],
      [0.4167459592, 0.46737737453, 0.11587666627]
    ],
    [
      [0.45144365842, 0.53278174195, 0.015774599633],
      [0.11560545804, 0.87944662402, 0.0049479179429],
      [0.51293771147, 0.3775788379, 0.10948345064],
      [0.71642482355, 0.20853394656, 0.075041229888],
      [0.44776572939, 0.37470479099, 0.17752947962]
    ],
    [
      [0.51865562558, 0.46693482715, 0.014409547265],
      [0.15302030624, 0.84282963019, 0.0041500635681],
      [0.60240367624, 0.31690916666, 0.080687157094],
      [0.78574396579, 0.1628239755, 0.051432058712],
      [0.54109819465, 0.3240631954, 0.13483860995]
    ],
    [
      [0.34071810074, 0.65928189926, 0],
      [0.062600628374, 0.93739937163, 0],
      [0.4471628477, 0.5528371523, 0],
      [0.68991980033, 0.31008019967, 0],
      [0.41529001838, 0.58470998162, 0]
    ],
    [
      [0.40741057673, 0.5877193399, 0.0048700833699],
      [0.095144280578, 0.90198651722, 0.0028692022041],
      [0.48436785691, 0.44318329979, 0.072448843302],
      [0.69726320031, 0.25157648825, 0.051160311439],
      [0.43133508345, 0.44877862725, 0.1198862893]
    ],
    [
      [0.43525800449, 0.55953562585, 0.0052063696623],
      [0.10594047915, 0.89110447294, 0.0029550479149],
      [0.51420473903, 0.41492777485, 0.070867486126],
      [0.72203272974, 0.22925958331, 0.048707686954],
      [0.45989585387, 0.42224439242, 0.1178597537]
    ],
    [
      [0.3188065958, 0.66031374171, 0.020879662492],
      [0.065237044001, 0.934762956, 0],
      [0.33610736537, 0.43005467397, 0.23383796067],
      [0.50988889599, 0.24946424577, 0.24064685824],
      [0.22389623981, 0.32652328297, 0.44958047722]
    ],
    [
      [0.45522366182, 0.53459446466, 0.010181873522],
      [0.11518405005, 0.87490564484, 0.0099103051124],
      [0.45925233642, 0.34265629844, 0.19809136514],
      [0.66247024233, 0.1966977378, 0.14083201987],
      [0.37793087274, 0.32023992224, 0.30182920502]
    ],
    [
      [0.46950262182, 0.51879657601, 0.01170080216],
      [0.11847295433, 0.87122407204, 0.01030297363],
      [0.46438998911, 0.32796076839, 0.2076492425],
      [0.66849660055, 0.18634914253, 0.14515425692],
      [0.37750178297, 0.3031026441, 0.31939557293]
    ],
    [
      [0.58790195632, 0.40694345657, 0.0051545871072],
      [0.1513385729, 0.83514966856, 0.013511758536],
      [0.64180886782, 0.27993161757, 0.078259514611],
      [0.81267263193, 0.13921927996, 0.048108088111],
      [0.57948645334, 0.28796043511, 0.13255311155]
    ],
    [
      [0.40914086083, 0.59085913917, 0],
      [0.095784107699, 0.9042158923, 0],
      [0.50433805487, 0.49566194513, 0],
      [0.72985508833, 0.27014491167, 0],
      [0.52361635563, 0.47638364437, 0]
    ],
    [
      [0.43753321757, 0.55105156257, 0.011415219857],
      [0.10569977781, 0.88197509126, 0.01232513093],
      [0.46028687314, 0.36672897291, 0.17298415395],
      [0.66767179074, 0.21056593535, 0.12176227391],
      [0.38162524639, 0.34551466603, 0.27286008759]
    ],
    [
      [0.57943883832, 0.4043960703, 0.016165091382],
      [0.19729040457, 0.79793068364, 0.0047789117846],
      [0.66285914721, 0.25785847611, 0.079282376674],
      [0.82476089562, 0.12688337888, 0.048355725499],
      [0.60080516363, 0.26594595907, 0.1332488773]
    ],
    [
      [0.61597530186, 0.35914488653, 0.024879811606],
      [0.21559146489, 0.77859318384, 0.0058153512739],
      [0.67818307634, 0.22910187299, 0.092715050677],
      [0.83468080005, 0.11070443935, 0.054614760598],
      [0.60724153066, 0.23393014619, 0.15882832315]
    ],
    [
      [0.45964938946, 0.54035061054, 0],
      [0.11609652169, 0.88390347831, 0],
      [0.54670900916, 0.40511655817, 0.048174432665],
      [0.74774880277, 0.25225119723, 0],
      [0.52534154376, 0.43548501952, 0.039173436724]
    ],
    [
      [0.53168674996, 0.46831325004, 0],
      [0.12727154158, 0.87272845842, 0],
      [0.67211760362, 0.32487719168, 0.003005204696],
      [0.85439551035, 0.14560448965, 0],
      [0.63704286509, 0.36295713491, 0]
    ],
    [
      [0.37231200427, 0.62768799573, 0],
      [0.079713684274, 0.92028631573, 0],
      [0.50310571506, 0.49689428494, 0],
      [0.72229571888, 0.27770428112, 0],
      [0.47981151525, 0.52018848475, 0]
    ],
    [
      [0.3552260452, 0.6447739548, 0],
      [0.076815911767, 0.92318408823, 0],
      [0.4809071848, 0.5190928152, 0],
      [0.70075325282, 0.29924674718, 0],
      [0.46618167834, 0.53381832166, 0]
    ],
    [
      [0.53814545036, 0.4482899603, 0.013564589345],
      [0.14317741309, 0.83673456093, 0.020088025986],
      [0.52842707002, 0.2768971473, 0.19467578268],
      [0.72355274693, 0.14877810856, 0.12766914451],
      [0.4335750854, 0.25873337291, 0.30769154169]
    ],
    [
      [0.32962984842, 0.67037015158, 0],
      [0.070511894944, 0.92948810506, 0],
      [0.41405428254, 0.53402578777, 0.051919929689],
      [0.63886754611, 0.32183048618, 0.039301967709],
      [0.39973375848, 0.54368266457, 0.056583576951]
    ],
    [
      [0.36294244667, 0.63705755333, 0],
      [0.084408843405, 0.9155911566, 0],
      [0.48328784141, 0.51671215859, 0],
      [0.70470934669, 0.29529065331, 0],
      [0.43401213667, 0.5450876989, 0.020900164425]
    ],
    [
      [0.17209209099, 0.80139066209, 0.02651724692],
      [0.039711609511, 0.95569134296, 0.0045970475301],
      [0.25336389553, 0.58229613637, 0.1643399681],
      [0.45381147185, 0.40579558034, 0.14039294782],
      [0.20369824847, 0.53177266009, 0.26452909143]
    ],
    [
      [0.36375761852, 0.63624238148, 0],
      [0.079975166591, 0.92002483341, 0],
      [0.49248620873, 0.50751379127, 0],
      [0.70652011111, 0.29347988889, 0],
      [0.4743611566, 0.5256388434, 0]
    ],
    [
      [0.43435821852, 0.56564178148, 0],
      [0.10539848679, 0.89460151321, 0],
      [0.52930112287, 0.47069887713, 0],
      [0.74838242526, 0.25161757474, 0],
      [0.54694828829, 0.45305171171, 0]
    ],
    [
      [0.24358033999, 0.74621566331, 0.010203996696],
      [0.013844934037, 0.97074855459, 0.015406511375],
      [0.28379121202, 0.54839494456, 0.16781384342],
      [0.48798074681, 0.37103244199, 0.1409868112],
      [0.23227591521, 0.50992969485, 0.25779438993]
    ],
    [
      [0.62157500122, 0.37842499878, 0],
      [0.2204308885, 0.7795691115, 0],
      [0.76681586087, 0.23213339213, 0.001050747006],
      [0.89592932335, 0.10407067665, 0],
      [0.74116559684, 0.25852192709, 0.0003124760697]
    ],
    [
      [0.38936624723, 0.60720977645, 0.0034239763175],
      [0.088691606675, 0.90860448167, 0.0027039116584],
      [0.46622341522, 0.46321513311, 0.070561451663],
      [0.68166955511, 0.26759909547, 0.050731349416],
      [0.41493538031, 0.46858401699, 0.1164806027]
    ],
    [
      [0.21963100284, 0.78036899716, 0],
      [0.039980592814, 0.96001940719, 0],
      [0.30357161028, 0.69642838972, 0],
      [0.52985150919, 0.47014849081, 0],
      [0.27229277044, 0.72770722956, 0]
    ],
    [
      [0.19494985929, 0.76256673959, 0.042483401117],
      [0.043910832231, 0.95215002733, 0.0039391404369],
      [0.284017869, 0.58480211489, 0.13118001612],
      [0.49440425887, 0.39497555463, 0.1106201865],
      [0.23711824289, 0.55479055122, 0.20809120589]
    ],
    [
      [0.2884450549, 0.7115549451, 0],
      [0.059097068191, 0.9405733889, 0.00032954291316],
      [0.37234333033, 0.57334351906, 0.054313150612],
      [0.59589924048, 0.36127887429, 0.04282188523],
      [0.33108218102, 0.57948591967, 0.089431899313]
    ],
    [
      [0.26431970702, 0.72930485415, 0.0063754388316],
      [0.039289349907, 0.94192045958, 0.018790190514],
      [0.32548443081, 0.56117458183, 0.11334098736],
      [0.54461486153, 0.3638711514, 0.091513987071],
      [0.27560588788, 0.54032133379, 0.18407277833]
    ],
    [
      [0.36115392948, 0.62684212229, 0.012003948224],
      [0.081191415903, 0.91259368557, 0.0062148985247],
      [0.40214724632, 0.44325125261, 0.15460150107],
      [0.6145774645, 0.26910207485, 0.11632046065],
      [0.33724009308, 0.42220486009, 0.24055504683]
    ],
    [
      [0.4453352818, 0.5546647182, 0],
      [0.11090472184, 0.88909527816, 0],
      [0.52402075052, 0.41131208728, 0.064667162205],
      [0.73356667703, 0.23390329196, 0.032530031013],
      [0.47205508046, 0.42085544702, 0.10708947251]
    ],
    [
      [0.54327469368, 0.45672530632, 0],
      [0.13151613949, 0.86848386051, 0],
      [0.64915681248, 0.33500065277, 0.01584253475],
      [0.82972030075, 0.17027969925, 0],
      [0.61123757394, 0.38876242606, 0]
    ],
    [
      [0.22745890972, 0.76265791193, 0.0098831783518],
      [0.024821666358, 0.97517833364, 0],
      [0.20988099369, 0.43238953018, 0.35772947613],
      [0.38678116325, 0.30869414806, 0.30452468869],
      [0.14393514806, 0.3371003419, 0.51896451004]
    ],
    [
      [0.17675601209, 0.82324398791, 0],
      [0.037943827031, 0.96205617297, 0],
      [0.28011713852, 0.68865562186, 0.031227239616],
      [0.49496350058, 0.50503649942, 0],
      [0.25016250949, 0.74983749051, 0]
    ],
    [
      [0.35284999179, 0.63447885451, 0.012671153695],
      [0.078443210767, 0.91709904863, 0.0044577405996],
      [0.41187172717, 0.4697260676, 0.11840220523],
      [0.62780532164, 0.28365965447, 0.088535023885],
      [0.35301156136, 0.45738586218, 0.18960257646]
    ],
    [
      [0.32487474601, 0.67512525399, 0],
      [0.07102392659, 0.92897607341, 0],
      [0.40498987494, 0.53242321996, 0.062586905104],
      [0.62823922623, 0.32576523211, 0.045995541656],
      [0.35982789292, 0.53751845429, 0.10265365279]
    ],
    [
      [0.31777383348, 0.67083703524, 0.011389131273],
      [0.069133187694, 0.92592815235, 0.004938659953],
      [0.37376131792, 0.49199239315, 0.13424628893],
      [0.58814120337, 0.3077663729, 0.10409242374],
      [0.3163126695, 0.47286438257, 0.21082294794]
    ],
    [
      [0.30257460299, 0.69742539701, 0],
      [0.038282074726, 0.96171792527, 0],
      [0.3477589557, 0.6522410443, 0],
      [0.62276873317, 0.37723126683, 0],
      [0.31116983883, 0.68383934971, 0.0049908114552]
    ],
    [
      [0.4641243826, 0.51583388958, 0.020041727819],
      [0.11820351666, 0.8743410521, 0.0074554312358],
      [0.49248097551, 0.34465580591, 0.16286321858],
      [0.69802030192, 0.19155025589, 0.11042944219],
      [0.4103771436, 0.32705436029, 0.2625684961]
    ],
    [
      [0.21119952463, 0.78477189823, 0.0040285771405],
      [0.015835961414, 0.94293457306, 0.041229465521],
      [0.2824682789, 0.64024337244, 0.07728834866],
      [0.50754344115, 0.4266846677, 0.065771891147],
      [0.24299957505, 0.6275193129, 0.12948111205]
    ],
    [
      [0.43616170969, 0.54832013136, 0.015518158956],
      [0.10971336072, 0.88147537547, 0.008811263806],
      [0.42994199204, 0.34203409613, 0.22802391183],
      [0.63742306491, 0.20046609336, 0.16211084173],
      [0.34069152101, 0.3082172565, 0.35109122249]
    ],
    [
      [0.48526124371, 0.51086246165, 0.0038762946447],
      [0.11713126257, 0.86268643859, 0.020182298843],
      [0.33490723428, 0.22685257402, 0.43824019169],
      [0.55200506307, 0.14541123649, 0.30258370045],
      [0.19547388608, 0.15129135369, 0.65323476023]
    ],
    [
      [0.3195081136, 0.6804918864, 0],
      [0.073217611772, 0.92678238823, 0],
      [0.26720236556, 0.34338698112, 0.38941065332],
      [0.44907398109, 0.22941092374, 0.32151509517],
      [0.27046001478, 0.28189468849, 0.44764529673]
    ],
    [
      [0.34692319768, 0.64492798994, 0.0081488123811],
      [0.076518294001, 0.9197121246, 0.0037695814039],
      [0.41242541961, 0.48651202749, 0.1010625529],
      [0.62904621007, 0.294831565, 0.076122224932],
      [0.35817130204, 0.47986674159, 0.16196195638]
    ],
    [
      [0.34900504764, 0.64422221999, 0.0067727323734],
      [0.076912878329, 0.91360746795, 0.0094796537189],
      [0.3587382055, 0.41873963561, 0.22252215889],
      [0.56503230688, 0.26230089085, 0.17266680228],
      [0.28768973043, 0.38134234822, 0.33096792135]
    ],
    [
      [0.45075020324, 0.53999065551, 0.0092591412552],
      [0.11454220545, 0.88125498768, 0.0042028068731],
      [0.51719661951, 0.38805199003, 0.094751390462],
      [0.72066794058, 0.21444584036, 0.064886219064],
      [0.45605087275, 0.38884787811, 0.15510124914]
    ],
    [
      [0.19866241216, 0.78747340199, 0.013864185846],
      [0.044648492383, 0.95209417011, 0.0032573375045],
      [0.28942118037, 0.60282610434, 0.10775271529],
      [0.49849563435, 0.41043002637, 0.09107433928],
      [0.24602344759, 0.58206117786, 0.17191537456]
    ],
    [
      [0.44492589751, 0.55507410249, 0],
      [0.11014957951, 0.88985042049, 0],
      [0.52762573098, 0.41443258355, 0.057941685469],
      [0.73233000861, 0.22800128301, 0.039668708386],
      [0.48361270461, 0.43589180009, 0.080495495297]
    ],
    [
      [0.23074900716, 0.76922599435, 2.4998490274e-05],
      [0.052279714144, 0.94772028586, 0],
      [0.55768838285, 0.44231161715, 0],
      [0.73860142928, 0.26139857072, 0],
      [0.3420831374, 0.47185121554, 0.18606564706]
    ],
    [
      [0.26785493943, 0.73214506057, 0],
      [0.042058580799, 0.9579414192, 0],
      [0.35081178265, 0.64918821735, 0],
      [0.61138037585, 0.38852592711, 9.369703141e-05],
      [0.31827692083, 0.68172307917, 5.1636335128e-38]
    ],
    [
      [0.57789902499, 0.36661215513, 0.055488819887],
      [0.18489053421, 0.80979462838, 0.0053148374043],
      [0.66054283299, 0.2383292732, 0.10112789381],
      [0.83066943837, 0.11339627099, 0.055934290643],
      [0.57301669595, 0.23809935063, 0.18888395342]
    ],
    [
      [0.40541810193, 0.57048526606, 0.024096632012],
      [0.086544970065, 0.89845939566, 0.014995634274],
      [0.38196377037, 0.30326659002, 0.31476963961],
      [0.55454434281, 0.17570057911, 0.26975507808],
      [0.2126498595, 0.20735773402, 0.57999240649]
    ],
    [
      [0.052829945366, 0.89614234731, 0.051027707321],
      [0.028050278797, 0.96699258806, 0.0049571331409],
      [0.19135677974, 0.61033490286, 0.1983083174],
      [0.37295750718, 0.44746643428, 0.17957605855],
      [0.14772690236, 0.53462470334, 0.3176483943]
    ],
    [
      [0.53119508061, 0.4396842179, 0.029120701494],
      [0.15076167284, 0.84078508574, 0.0084532414283],
      [0.51302714859, 0.25980264253, 0.22717020888],
      [0.72882946729, 0.14368843867, 0.12748209404],
      [0.34473139617, 0.19922250904, 0.45604609479]
    ],
    [
      [0.5623871803, 0.43153704176, 0.006075777941],
      [0.17278147821, 0.82413882809, 0.0030796937019],
      [0.64602523115, 0.29682937905, 0.057145389795],
      [0.81658942228, 0.14831478723, 0.035095790489],
      [0.59211950704, 0.30955849108, 0.098322001885]
    ],
    [
      [0.3692606701, 0.62079245471, 0.0099468751928],
      [0.083813734738, 0.90871183381, 0.0074744314498],
      [0.39798004711, 0.42526519328, 0.17675475961],
      [0.60783634007, 0.25868908267, 0.13347457726],
      [0.32984338247, 0.40020804426, 0.26994857327]
    ],
    [
      [0.35215277551, 0.63982043257, 0.0080267919172],
      [0.078172511938, 0.91808464005, 0.0037428480103],
      [0.41797886817, 0.48201168721, 0.10000944462],
      [0.63437777841, 0.29075073385, 0.074871487736],
      [0.36329142601, 0.47581445188, 0.16089412211]
    ],
    [
      [0.23467016302, 0.76532983698, 0],
      [0.051039201587, 0.94896079841, 0],
      [0.22236769045, 0.23587950862, 0.54175280093],
      [0.31857212984, 0.22318067109, 0.45824719907],
      [0.012957520602, 0.026280536954, 0.96076194244]
    ],
    [
      [0.31804005814, 0.68195994186, 0],
      [0.049876653899, 0.9501233461, 0],
      [0.39916205077, 0.60083794923, 0],
      [0.63373410971, 0.35069520723, 0.015570683067],
      [0.37432018273, 0.62567981727, 0]
    ],
    [
      [0.32819379167, 0.67180620833, 0],
      [0.079069610727, 0.92093038927, 0],
      [0.45277520611, 0.54722479389, 0],
      [0.68639286553, 0.31360713447, 0],
      [0.42592444507, 0.57407555493, 0]
    ],
    [
      [0.31985786905, 0.67339703536, 0.006745095586],
      [0.067735525408, 0.92921230243, 0.0030521721662],
      [0.39038182756, 0.52237630445, 0.087241867992],
      [0.60981925504, 0.32297590571, 0.067204839249],
      [0.34096928079, 0.51835454891, 0.1406761703]
    ],
    [
      [0.041983863977, 0.95801613602, 0],
      [0, 1, 0],
      [0.15060287307, 0.84939712693, 0],
      [0.32396581187, 0.67603418813, 0],
      [0.13351607429, 0.86648392571, 0]
    ],
    [
      [0.3783603236, 0.61570229016, 0.0059373862469],
      [0.085220935331, 0.90514330197, 0.0096357626946],
      [0.38290029601, 0.3983687985, 0.21873090549],
      [0.59025136964, 0.24396263893, 0.16578599144],
      [0.30824179795, 0.36420247404, 0.32755572801]
    ],
    [
      [0.46656964777, 0.53343035223, 0],
      [0.13732847116, 0.86267152884, 0],
      [0.41675041391, 0.24868826101, 0.33456132509],
      [0.56821740105, 0.15133380573, 0.28044879322],
      [0.25107514621, 0.19623461232, 0.55269024146]
    ],
    [
      [0.31541593021, 0.65020335223, 0.034380717562],
      [0.063633214433, 0.93219326922, 0.0041735163522],
      [0.36714641658, 0.48290044455, 0.14995313887],
      [0.59526048875, 0.29676588156, 0.10797362969],
      [0.289816361, 0.43517907654, 0.27500456246]
    ],
    [
      [0.38578814914, 0.5928411771, 0.021370673755],
      [0.087576508407, 0.9077509486, 0.0046725429937],
      [0.44220103636, 0.43445799471, 0.12334096893],
      [0.65874415928, 0.2531099261, 0.088145914623],
      [0.37624259155, 0.42075218949, 0.20300521895]
    ],
    [
      [0.43286949178, 0.56506696776, 0.0020635404591],
      [0.10314236298, 0.88063331579, 0.016224321224],
      [0.37920562679, 0.31829637628, 0.30249799693],
      [0.57927954662, 0.19355437308, 0.22716608031],
      [0.29083681534, 0.27721621967, 0.43194696499]
    ],
    [
      [0.095589272445, 0.90441072756, 0],
      [0.01599208693, 0.98400791307, 0],
      [0.12947288021, 0.87052711979, 0],
      [0.339047322, 0.64389623264, 0.017056445358],
      [0.13422222612, 0.84237787751, 0.02339989637]
    ],
    [
      [0.30140151156, 0.69696006888, 0.0016384195549],
      [0.064007543495, 0.92469293346, 0.011299523048],
      [0.30090646911, 0.42444237031, 0.27465116058],
      [0.4988848982, 0.27880587129, 0.22230923051],
      [0.23128843072, 0.37059013837, 0.39812143091]
    ],
    [
      [0.29096392442, 0.70633486759, 0.0027012079826],
      [0.061457169981, 0.93583272709, 0.002710102927],
      [0.36790476153, 0.55174184597, 0.080353392499],
      [0.58656780187, 0.34999849916, 0.063433698974],
      [0.32212030396, 0.5485334977, 0.12934619834]
    ],
    [
      [0.26037194474, 0.73062599406, 0.0090020611979],
      [0.029285120694, 0.95675127668, 0.013963602627],
      [0.30613935412, 0.54280244418, 0.15105820169],
      [0.51544488685, 0.36047755862, 0.12407755453],
      [0.253335262, 0.5103623087, 0.2363024293]
    ],
    [
      [0.13367325572, 0.86632674428, 0],
      [0.030951088503, 0.9690489115, 0],
      [0.22245178204, 0.77754821796, 0],
      [0.48911951972, 0.51088048028, 0],
      [0.19971084357, 0.80021847992, 7.0676510606e-05]
    ],
    [
      [0.30629304341, 0.6802957769, 0.013411179695],
      [0.066164180157, 0.92873541922, 0.0051004006269],
      [0.36211821563, 0.4974435146, 0.14043826977],
      [0.57620658744, 0.31388625538, 0.10990715718],
      [0.30475460939, 0.47555710681, 0.2196882838]
    ],
    [
      [0.3999655853, 0.58877356651, 0.011260848183],
      [0.093883728936, 0.89836953388, 0.007746737187],
      [0.42492009663, 0.39890161065, 0.17617829272],
      [0.63400882499, 0.23659312304, 0.12939805197],
      [0.35265979925, 0.37603960661, 0.27130059415]
    ],
    [
      [0.44046465287, 0.54314334453, 0.016392002593],
      [0.10985823175, 0.88519391664, 0.0049478516087],
      [0.49960680302, 0.38631933286, 0.11407386412],
      [0.70632465393, 0.21519446733, 0.078480878738],
      [0.43298462912, 0.38078629418, 0.1862290767]
    ],
    [
      [0.21826531993, 0.75834225506, 0.023392425007],
      [0.040077311433, 0.94784669148, 0.01207599709],
      [0.20782742219, 0.43958033111, 0.35259224669],
      [0.38826346796, 0.30740993667, 0.30432659537],
      [0.13043959245, 0.49044859338, 0.37911181417]
    ],
    [
      [0.67880862041, 0.32119137959, 0],
      [0.22705731105, 0.77294268895, 0],
      [0.83065089625, 0.16934910375, 0],
      [0.93512076574, 0.06487145034, 7.7839175963e-06],
      [0.60314436939, 0.23599588566, 0.16085974494]
    ],
    [
      [0.31586273721, 0.68413726279, 0],
      [0.065816969006, 0.93418303099, 0],
      [0.44102399761, 0.55897600239, 0],
      [0.66362292413, 0.33637707587, 0],
      [0.42181231584, 0.57818768416, 0]
    ],
    [
      [0.44996981325, 0.54033546218, 0.0096947245767],
      [0.11109731604, 0.88637528917, 0.002527394796],
      [0.53849105938, 0.40162359129, 0.059885349331],
      [0.74399490906, 0.2159266098, 0.040078481144],
      [0.4856352975, 0.41299646951, 0.10136823299]
    ],
    [
      [0.20591797538, 0.79408202462, 0],
      [0.043642497174, 0.95635750283, 0],
      [0.30348939465, 0.64758052918, 0.048930076168],
      [0.5203843603, 0.43812321539, 0.041492424314],
      [0.26872186415, 0.66936508292, 0.061913052932]
    ],
    [
      [0.24900150886, 0.74531291055, 0.0056855805903],
      [0.025582323899, 0.96264261506, 0.011775061037],
      [0.31143696047, 0.58907700202, 0.099486037503],
      [0.52545445935, 0.39215789591, 0.082387644742],
      [0.26694221836, 0.57359848805, 0.15945929359]
    ],
    [
      [0.36577522436, 0.62319637707, 0.011028398572],
      [0.082310394001, 0.91001818109, 0.0076714249089],
      [0.3915983569, 0.42436304539, 0.1840385977],
      [0.60185832091, 0.25906420237, 0.13907747673],
      [0.32207613196, 0.39645495195, 0.2814689161]
    ],
    [
      [0.2382763622, 0.7617236378, 0],
      [0.042136251904, 0.9578637481, 0],
      [0.36035542033, 0.63964457967, 0],
      [0.61322524078, 0.38677475922, 0],
      [0.38245831408, 0.61754168592, 0]
    ],
    [
      [0.47006763077, 0.5197429086, 0.010189460633],
      [0.12413751974, 0.87121289317, 0.0046495870931],
      [0.53412058552, 0.36611335238, 0.0997660621],
      [0.73317922817, 0.19947822518, 0.067342546648],
      [0.47053186664, 0.36651508517, 0.1629530482]
    ],
    [
      [0.29942520094, 0.69405376074, 0.006521038318],
      [0.062337822712, 0.93524080886, 0.0024213684255],
      [0.37772702776, 0.54918335135, 0.073089620891],
      [0.59953268418, 0.34347243196, 0.056994883853],
      [0.33196576784, 0.54857918488, 0.11945504728]
    ],
    [
      [0.38378314031, 0.604618864, 0.011597995695],
      [0.087275617907, 0.90378143942, 0.0089429426708],
      [0.39431016113, 0.39679709801, 0.20889274087],
      [0.60385523194, 0.24046874694, 0.15567602112],
      [0.31783351392, 0.36350399856, 0.31866248752]
    ],
    [
      [0.29797421474, 0.69606607467, 0.0059597105874],
      [0.06224727498, 0.93512210586, 0.0026306191576],
      [0.37384315561, 0.54753207968, 0.078624764706],
      [0.59421348099, 0.34419962343, 0.061586895581],
      [0.3275120502, 0.54495430731, 0.12753364249]
    ],
    [
      [0.27022744983, 0.72681452637, 0.0029580238028],
      [0.04334281008, 0.95665718992, 0],
      [0.34401929703, 0.58639707165, 0.069583631325],
      [0.5625032244, 0.38117190363, 0.056324871968],
      [0.30231669441, 0.58516223086, 0.11252107472]
    ],
    [
      [0.35273985055, 0.63642032244, 0.010839827011],
      [0.078398186502, 0.91346602627, 0.0081357872279],
      [0.37477358698, 0.42841252334, 0.19681388968],
      [0.58396361488, 0.26527362022, 0.1507627649],
      [0.30524210102, 0.39628505609, 0.2984728429]
    ],
    [
      [0.3831001973, 0.59938325507, 0.017516547627],
      [0.08781016042, 0.90749769352, 0.004692146063],
      [0.44099741484, 0.43897922977, 0.12002335538],
      [0.65586004404, 0.25722427829, 0.08691567767],
      [0.37804835074, 0.42788116681, 0.19407048245]
    ],
    [
      [0.30631084204, 0.6900321119, 0.0036570460665],
      [0.064332056691, 0.93333140119, 0.0023365421153],
      [0.38535415638, 0.54504048288, 0.069605360738],
      [0.60666192821, 0.33935464952, 0.053983422269],
      [0.33991489112, 0.5462709355, 0.11381417338]
    ],
    [
      [0.43953955476, 0.56046044524, 0],
      [0.1084897301, 0.8897464588, 0.0017638111015],
      [0.51708725632, 0.41481124435, 0.068101499338],
      [0.72296868123, 0.23006445319, 0.046966865578],
      [0.46414903309, 0.42309963354, 0.11275133338]
    ],
    [
      [0.36565000301, 0.62234506513, 0.012004931862],
      [0.082643575383, 0.91164751833, 0.0057089062843],
      [0.41185803377, 0.44568552372, 0.14245644252],
      [0.62483712214, 0.26866462922, 0.10649824864],
      [0.34845932575, 0.42829785211, 0.22324282214]
    ],
    [
      [0.39579973806, 0.60122732385, 0.0029729380887],
      [0.08926027412, 0.90854528107, 0.0021944448134],
      [0.47872175914, 0.46344979429, 0.057828446571],
      [0.69548368753, 0.26344598365, 0.041070328823],
      [0.4297347259, 0.4735323132, 0.0967329609]
    ],
    [
      [0.26548757128, 0.71942062597, 0.015091802757],
      [0.056810012713, 0.93799417597, 0.0051958113174],
      [0.32505020196, 0.52409758255, 0.15085221549],
      [0.53589013576, 0.34205811024, 0.122051754],
      [0.27038818268, 0.49519407843, 0.23441773888]
    ],
    [
      [0.36245470746, 0.62777723989, 0.0097680526506],
      [0.081561134462, 0.91391503359, 0.0045238319471],
      [0.42061706227, 0.46303015979, 0.11635277794],
      [0.63523600374, 0.27803290395, 0.086731092306],
      [0.36214513317, 0.45277056809, 0.18508429874]
    ],
    [
      [0.34742600888, 0.64799727485, 0.0045767162748],
      [0.075269996019, 0.92218160472, 0.002548399261],
      [0.42400699751, 0.50461621302, 0.07137678947],
      [0.6439720759, 0.3027403568, 0.053287567299],
      [0.37518842235, 0.50751622194, 0.11729535571]
    ],
    [
      [0.39184190817, 0.60048544349, 0.0076726483442],
      [0.088141955435, 0.89345535851, 0.018402686053],
      [0.44590086509, 0.43023948951, 0.12385964539],
      [0.66105243418, 0.24997584543, 0.088971720396],
      [0.38110289089, 0.41851144559, 0.20038566352]
    ],
    [
      [0.4358571646, 0.5641428354, 0],
      [0.10553901932, 0.89446098068, 0],
      [0.53223955791, 0.46776044209, 0],
      [0.7393971544, 0.2606028456, 0],
      [0.53303154664, 0.46696845336, 0]
    ],
    [
      [0.47612965854, 0.51169793008, 0.012172411388],
      [0.12687469173, 0.86779738487, 0.0053279234047],
      [0.53280273198, 0.35549332841, 0.11170393961],
      [0.73109605353, 0.19355885005, 0.075345096429],
      [0.46573664441, 0.35313962724, 0.18112372835]
    ],
    [
      [0.39672608427, 0.60327391573, 0],
      [0.092693332478, 0.90730666752, 0],
      [0.47983904257, 0.4604039466, 0.059757010833],
      [0.69289286368, 0.26439108636, 0.042716049963],
      [0.45676396464, 0.47340195285, 0.069834082519]
    ],
    [
      [0.34462976171, 0.65537023829, 0],
      [0.074324058847, 0.92567594115, 0],
      [0.47366406921, 0.52633593079, 0],
      [0.69105246293, 0.30894753707, 0],
      [0.45457007561, 0.54542992439, 0]
    ],
    [
      [0.37416306362, 0.61532547922, 0.010511457156],
      [0.084842726433, 0.90650787777, 0.0086493957966],
      [0.39006042668, 0.40859825635, 0.20134131697],
      [0.59888009939, 0.24925691825, 0.15186298236],
      [0.31729753225, 0.3775253869, 0.30517708085]
    ],
    [
      [0.40879193345, 0.58359215079, 0.0076159157595],
      [0.096984899503, 0.89928531147, 0.0037297890221],
      [0.47664490692, 0.43193003267, 0.091425060403],
      [0.68777184954, 0.24727718287, 0.064950967585],
      [0.41929002248, 0.43168309359, 0.14902688393]
    ],
    [
      [0.28801969843, 0.70249542472, 0.0094848768523],
      [0.061357994607, 0.92877508483, 0.0098669205636],
      [0.30115611111, 0.44369060572, 0.25515328317],
      [0.50169095072, 0.29215747876, 0.20615157053],
      [0.23295788392, 0.39004096763, 0.37700114845]
    ],
    [
      [0, 1, 0],
      [0, 1, 0],
      [0.036801344219, 0.96152446793, 0.0016741878483],
      [0, 1, 0],
      [0, 1, 0]
    ],
    [
      [0.37384270126, 0.62615729874, 0],
      [0.063764698329, 0.93623530167, 0],
      [0.48511290933, 0.51488709067, 0],
      [0.7344378942, 0.2655621058, 0],
      [0.45261719864, 0.54738280136, 0]
    ],
    [
      [0.23811791439, 0.74111047395, 0.020771611668],
      [0.049850553398, 0.94762912111, 0.0025203254921],
      [0.32463824873, 0.58773908809, 0.087622663178],
      [0.54507999382, 0.38406696085, 0.070853045331],
      [0.27843020322, 0.57319711132, 0.14837268546]
    ],
    [
      [0.37666888729, 0.62333111271, 0],
      [0.07502149563, 0.92497850437, 0],
      [0.4815347617, 0.5184652383, 0],
      [0.71304250933, 0.28582981398, 0.0011276766892],
      [0.44676296219, 0.55315045864, 8.6579169101e-05]
    ],
    [
      [0.17245884774, 0.81233555906, 0.015205593196],
      [0.030120186766, 0.96247734327, 0.0074024699618],
      [0.1323853535, 0.58456120039, 0.28305344611],
      [0.36516806448, 0.37637764552, 0.25845429],
      [0.12965360114, 0.41152292155, 0.45882347732]
    ],
    [
      [0.27303008227, 0.71443032632, 0.012539591407],
      [0.052335380975, 0.92432814805, 0.023336470973],
      [0.2565501167, 0.41568904358, 0.32776083972],
      [0.47732330701, 0.29069441801, 0.23198227498],
      [0.12965156121, 0.24125291584, 0.62909552295]
    ],
    [
      [0.45388389998, 0.54611610002, 0],
      [0.11305690259, 0.88694309741, 0],
      [0.57493364324, 0.42466873793, 0.00039761883824],
      [0.78447587422, 0.21552412578, 0],
      [0.54061943897, 0.4593699486, 1.0612433265e-05]
    ],
    [
