{
  "X": [
    [0, 14, 10, 22, 131, 165],
    [0, 10, 7, 13, 118, 169],
    [1, 19, 14, 24, 153, 137],
    [1, 18, 16, 26, 171, 202],
    [0, 13, 32, 44, 111, 126],
    [0, 8, 19, 53, 153, 148],
    [0, 4, 25, 47, 127, 97],
    [0, 11, 19, 48, 131, 136],
    [2, 10, 40, 48, 126, 160],
    [1, 11, 30, 24, 99, 146],
    [0, 4, 27, 48, 148, 172],
    [1, 8, 37, 54, 166, 212],
    [1, 15, 13, 43, 167, 210],
    [1, 14, 24, 46, 140, 85],
    [0, 13, 39, 67, 153, 163],
    [0, 17, 11, 18, 140, 137],
    [1, 20, 17, 28, 180, 217],
    [1, 26, 20, 27, 141, 191],
    [2, 34, 20, 24, 153, 215],
    [1, 10, 16, 41, 143, 205],
    [0, 7, 27, 49, 99, 176],
    [0, 14, 22, 30, 97, 165],
    [1, 15, 22, 40, 116, 174],
    [0, 8, 21, 43, 123, 171],
    [1, 16, 28, 44, 148, 210],
    [1, 7, 22, 39, 155, 204],
    [2, 5, 24, 29, 132, 146],
    [0, 24, 20, 36, 149, 251],
    [1, 10, 13, 21, 106, 110],
    [1, 11, 10, 16, 107, 85],
    [0, 7, 25, 97, 145, 184],
    [0, 10, 17, 21, 101, 126],
    [0, 13, 31, 52, 109, 174],
    [0, 13, 26, 42, 121, 191],
    [1, 5, 14, 19, 106, 164],
    [0, 6, 11, 22, 94, 126],
    [0, 9, 10, 17, 105, 173],
    [0, 13, 28, 48, 148, 196],
    [0, 11, 38, 58, 164, 202],
    [0, 14, 49, 65, 173, 169],
    [0, 11, 38, 59, 172, 198],
    [1, 3, 29, 47, 135, 145],
    [0, 8, 22, 35, 149, 144],
    [0, 19, 5, 15, 101, 100],
    [0, 13, 15, 8, 97, 89],
    [0, 13, 7, 11, 84, 87],
    [0, 11, 28, 28, 72, 85],
    [0, 10, 21, 27, 89, 116],
    [0, 10, 23, 38, 116, 129],
    [0, 8, 10, 13, 113, 155],
    [0, 19, 16, 27, 92, 118],
    [0, 7, 20, 20, 104, 143],
    [0, 13, 19, 18, 81, 126],
    [0, 12, 45, 73, 145, 147],
    [0, 20, 26, 64, 158, 162],
    [0, 23, 28, 54, 140, 163],
    [0, 9, 41, 104, 197, 162],
    [0, 17, 43, 113, 156, 176],
    [0, 12, 43, 131, 185, 146],
    [0, 6, 26, 27, 83, 91],
    [0, 16, 36, 54, 139, 127],
    [0, 7, 36, 42, 158, 148],
    [2, 7, 13, 17, 129, 120],
    [0, 12, 41, 48, 134, 100],
    [2, 9, 34, 62, 86, 124],
    [0, 2, 27, 51, 101, 126],
    [0, 11, 32, 30, 130, 120],
    [0, 8, 21, 44, 148, 149],
    [0, 17, 16, 20, 125, 112],
    [1, 9, 18, 23, 122, 126],
    [0, 12, 11, 41, 134, 126],
    [1, 18, 11, 44, 86, 195],
    [0, 9, 7, 21, 74, 127],
    [0, 11, 60, 86, 168, 194],
    [0, 16, 29, 42, 127, 164],
    [0, 8, 15, 35, 84, 131],
    [5, 73, 330, 596, 1549, 1623]
  ],
  "W": [
    [13, 16, 116, 144, 53],
    [10, 11, 110, 148, 38],
    [12, 14, 147, 116, 59],
    [8, 18, 157, 180, 71],
    [23, 40, 103, 109, 51],
    [12, 45, 143, 128, 53],
    [19, 29, 117, 88, 47],
    [16, 45, 121, 118, 45],
    [36, 47, 121, 117, 65],
    [27, 21, 97, 124, 42],
    [29, 49, 139, 143, 39],
    [26, 45, 155, 193, 59],
    [19, 35, 145, 178, 72],
    [13, 30, 136, 68, 63],
    [25, 45, 146, 122, 97],
    [8, 10, 137, 114, 54],
    [21, 21, 162, 189, 70],
    [21, 23, 131, 161, 70],
    [11, 19, 151, 193, 74],
    [17, 35, 135, 178, 51],
    [18, 39, 105, 138, 58],
    [18, 22, 91, 142, 55],
    [22, 37, 108, 143, 58],
    [19, 42, 113, 140, 52],
    [16, 35, 138, 184, 74],
    [23, 20, 147, 173, 65],
    [24, 14, 119, 128, 53],
    [17, 25, 137, 220, 81],
    [6, 12, 104, 93, 46],
    [9, 14, 101, 78, 28],
    [29, 84, 145, 138, 62],
    [9, 13, 99, 113, 41],
    [30, 43, 103, 149, 54],
    [16, 37, 110, 162, 68],
    [12, 15, 100, 143, 39],
    [11, 15, 82, 116, 35],
    [6, 12, 95, 159, 42],
    [19, 49, 135, 167, 63],
    [29, 41, 154, 188, 61],
    [37, 48, 160, 156, 69],
    [21, 45, 167, 172, 73],
    [26, 34, 117, 130, 53],
    [15, 25, 126, 126, 66],
    [6, 9, 100, 91, 34],
    [5, 5, 83, 84, 45],
    [4, 6, 74, 76, 42],
    [24, 17, 63, 71, 49],
    [16, 25, 81, 101, 40],
    [17, 36, 95, 112, 56],
    [10, 15, 107, 134, 33],
    [16, 23, 82, 110, 41],
    [11, 14, 90, 129, 50],
    [15, 5, 77, 111, 49],
    [44, 73, 141, 110, 54],
    [20, 55, 149, 134, 72],
    [25, 49, 128, 149, 57],
    [43, 92, 184, 127, 67],
    [28, 101, 148, 160, 68],
    [38, 111, 161, 126, 81],
    [19, 23, 75, 82, 34],
    [33, 52, 132, 95, 60],
    [31, 33, 149, 120, 58],
    [9, 13, 118, 108, 40],
    [26, 52, 127, 67, 63],
    [33, 50, 86, 104, 44],
    [22, 39, 97, 105, 44],
    [27, 24, 115, 97, 60],
    [20, 40, 127, 114, 69],
    [15, 13, 113, 107, 42],
    [16, 16, 112, 100, 55],
    [9, 31, 130, 110, 44],
    [7, 42, 82, 168, 56],
    [6, 18, 72, 110, 32],
    [51, 72, 166, 151, 79],
    [23, 30, 111, 148, 66],
    [11, 20, 77, 116, 49],
    [249, 499, 1373, 1338, 717]
  ],
  "method": "mult",
  "cond_prob": [
    [
      [7.4342206283e-34, 6.8694402305e-05, 0.7453776976, 0.11828150149, 0.073854429694, 0.062417676807],
      [2.9710308149e-33, 0.0047005599046, 0.019380620697, 0.94878538884, 0.016257205953, 0.010876224602],
      [0, 0.021148260489, 0, 0.007194869211, 0.8087597642, 0.1628971061],
      [0, 0.028489136788, 0, 0, 0.09197142706, 0.87953943615],
      [0, 0.13902385094, 0, 0.083908857181, 0.42867469764, 0.34839259423]
    ],
    [
      [2.3243385613e-18, 0.049312876436, 0.7, 0.10267860491, 0.077616910571, 0.070391608079],
      [0, 0.027453610953, 0, 0.94039470424, 0.018352317228, 0.013799367577],
      [0, 0.017307277377, 0, 0, 0.80308464887, 0.17960807375],
      [0, 0.011491957894, 0, 0, 0.082495595441, 0.90601244666],
      [1.0146649981e-17, 0.14737555883, 0, 0.042865058005, 0.43350778693, 0.37625159624]
    ],
    [
      [0.00019866066634, 3.3158210693e-05, 0.79935383402, 0.10239071252, 0.054882813374, 0.043140821211],
      [1.8186254715e-06, 3.1321004391e-05, 0.0311701434, 0.94743295949, 0.013882077288, 0.0074816801919],
      [0.0038829102559, 0.03141639655, 0, 0.022415198134, 0.80095092117, 0.14133457389],
      [0, 0.064766000893, 0, 0.0050425997063, 0.090633011146, 0.83955838825],
      [0.0072339458242, 0.11640842731, 0.067311389561, 0.095377530939, 0.40498038055, 0.30868832582]
    ],
    [
      [0.00012965255762, 9.4630914132e-06, 0.84348751451, 0.074768407546, 0.044707906382, 0.036897055911],
      [1.1841427797e-06, 1.2770244654e-05, 0.044990011961, 0.9311349868, 0.014986303959, 0.0088747428874],
      [0.0031068429834, 0.02279621108, 0.007886254513, 0.016353390421, 0.80029014629, 0.14956715471],
      [0.0025978374075, 0.046614309553, 0.0010402794559, 0.00050264615516, 0.087769777406, 0.86147515002],
      [0.00061347018626, 0.084931177066, 0.098829400113, 0.0842741461, 0.40744324475, 0.32390856178]
    ],
    [
      [1.946440613e-18, 0, 0.86446900517, 0.066347369434, 0.037633233178, 0.031550392222],
      [0, 0, 0.056932998256, 0.9228262354, 0.012931726246, 0.0073090400978],
      [0, 0.027556525927, 0.021286288766, 0.012710231819, 0.78932121279, 0.1491257407],
      [0, 0.049826559184, 0.01367876205, 0, 0.078528352227, 0.85796632654],
      [5.6356028176e-17, 0.092756527028, 0.12071412048, 0.083368768816, 0.38740178975, 0.31575879393]
    ],
    [
      [0, 0, 0.83792695455, 0.081892635226, 0.04546432212, 0.034716088099],
      [0, 0, 0.042397242567, 0.93728921401, 0.016014439024, 0.0042991043985],
      [0, 0.012672321641, 0.009140359298, 0.025249908621, 0.81793617955, 0.13500123089],
      [0, 0.02756700269, 0.0021056223228, 0.0080002966873, 0.094739611671, 0.86758746663],
      [1.511362848e-33, 0.050175125678, 0.10302659609, 0.098198091283, 0.42721196997, 0.32138821697]
    ],
    [
      [4.0991708316e-16, 0, 0.83146554916, 0.10361967637, 0.042780892596, 0.022133881872],
      [0, 0, 0.031375731047, 0.95732025246, 0.011304016497, 0],
      [1.3582115683e-32, 0.0071011391409, 0.018951149631, 0.065135473867, 0.82526256407, 0.083549673294],
      [0, 0.018860117086, 0.0079591073674, 0.034755370164, 0.10001263555, 0.83841276983],
      [0, 0.032116519509, 0.11435260448, 0.14020459172, 0.43622371571, 0.27710256859]
    ],
    [
      [0, 4.0428863999e-05, 0.82465531248, 0.082954275833, 0.051743927811, 0.040606055012],
      [4.0362760169e-19, 0.00010305714428, 0.039094151198, 0.93266345221, 0.019165114094, 0.0089742253518],
      [6.1621057843e-20, 0.026997303664, 0.00068381495621, 0.0073456894235, 0.81671327413, 0.14825991783],
      [0, 0.035905693086, 0, 0, 0.096951869627, 0.86714243729],
      [2.8969709817e-33, 0.077581556426, 0.088078590816, 0.084756618153, 0.42326756079, 0.32631567381]
    ],
    [
      [0.00040290633596, 0.00022457370709, 0.84258386689, 0.065519121285, 0.040025845584, 0.051243686201],
      [4.7286028791e-05, 0.00028953480696, 0.048714404708, 0.91748809066, 0.011511012581, 0.021949671217],
      [0.0077688258352, 0.017956344135, 0.0072883639039, 0, 0.76162773867, 0.20535872746],
      [0, 0.022202348559, 2.8079831902e-05, 0, 0.062401221195, 0.91536835041],
      [0.016049923115, 0.080121765983, 0.099880406124, 0.038759559582, 0.37784850322, 0.38733984198]
    ],
    [
      [0.00020129074482, 0.00015120307537, 0.8523900966, 0.065259872661, 0.038218246222, 0.043779290694],
      [4.0971265859e-06, 0.0001149130268, 0.051313858091, 0.92199595896, 0.012586007014, 0.013985165779],
      [0.0069403218597, 0.030072314987, 0.010697419322, 0, 0.76610857679, 0.18618136704],
      [0, 0.037248617966, 0.0036491802193, 0, 0.061139683148, 0.89796251867],
      [0.0076492354723, 0.082325265758, 0.10518400834, 0.068477816665, 0.37642734632, 0.35993632744]
    ],
    [
      [3.0706995397e-18, 5.5981666068e-05, 0.81488047879, 0.07791099126, 0.056901988527, 0.050250559759],
      [0, 0.054617697937, 0.0017795066134, 0.87179669796, 0.055548572228, 0.01625752526],
      [0, 0.0019801999656, 0, 0, 0.82241730764, 0.1756024924],
      [0, 0, 0, 0, 0.084474499147, 0.91552550085],
      [0, 0.026842603527, 0.084135135669, 0.077501103931, 0.44184879882, 0.36967235805]
    ],
    [
      [6.3594251459e-05, 0, 0.85829743884, 0.071646159863, 0.038714179393, 0.031278627655],
      [0, 0, 0.052172777843, 0.92874703718, 0.013184184662, 0.0058960003195],
      [0.0030408130269, 0.010203659871, 0.018039201203, 0.022738156273, 0.80078567433, 0.1451924953],
      [0.002547725747, 0.021213153643, 0.011938435146, 0.0062064598225, 0.082968223437, 0.8751260022],
      [0.00059846544285, 0.039394814693, 0.12264910877, 0.095276647502, 0.41127959969, 0.3308013639]
    ],
    [
      [0.00024366982158, 0.031487060611, 0.68421052632, 0.13414885096, 0.080630576847, 0.069279315445],
      [1.8066011245e-05, 0.00012751027376, 0, 0.95143592498, 0.035941768524, 0.012476730214],
      [0, 0.0188542177, 0, 0.0056578738894, 0.8079768584, 0.16751105001],
      [0, 0.022990606646, 0, 0, 0.088608649596, 0.88840074376],
      [0.013815805042, 0.10515407555, 0, 0.087923926995, 0.43445934786, 0.35864684456]
    ],
    [
      [4.3368605463e-05, 0, 0.85608474207, 0.084678710959, 0.036281821934, 0.022911356435],
      [0, 0, 0.043681767458, 0.94635916854, 0.009959064004, 0],
      [0.0047208676013, 0.025406903081, 0.023074620647, 0.054162754576, 0.79621623286, 0.096418621237],
      [0.0044749157095, 0.062321572499, 0.0078340102358, 0.019843168613, 0.09041626716, 0.81511006578],
      [0.00084291977941, 0.10010784526, 0.12523149564, 0.1236973272, 0.39358492951, 0.25653548262]
    ],
    [
      [0, 0, 0.84607908441, 0.08944648184, 0.032184681783, 0.032289751966],
      [0, 0, 0.044337772807, 0.94734554091, 0.0035508198568, 0.004765866429],
      [0, 0.017528923016, 0.019806116782, 0.048648595156, 0.75632180902, 0.15769455603],
      [0, 0.034413916346, 0.0094682075018, 0.023310108597, 0.056561580201, 0.87624618735],
      [2.997228476e-33, 0.064353396344, 0.12171143039, 0.12563670589, 0.35785669238, 0.330441775]
    ],
    [
      [1.8985934379e-18, 3.5266375699e-05, 0.80936009012, 0.09431927207, 0.052110934398, 0.04417443704],
      [1.0916912268e-18, 3.679397318e-05, 0.033568272106, 0.94411392527, 0.013567309983, 0.0087136986655],
      [2.0282585342e-19, 0.032498577505, 0.0001617099911, 0.019218441205, 0.79261679288, 0.15550447842],
      [0, 0.057716603439, 0, 0.0028419241126, 0.082285824192, 0.85715564826],
      [0, 0.11050651887, 0.077171894245, 0.089766681053, 0.39774731191, 0.32480759392]
    ],
    [
      [0.00019248720224, 0.00010205962691, 0.76900961249, 0.10401861883, 0.068807371038, 0.057869850805],
      [8.0316382881e-06, 9.6015969896e-05, 0.028858795771, 0.94250932433, 0.017204520027, 0.011323312264],
      [0.0022443147375, 0.0248481576, 0, 0.0032021090088, 0.80730097322, 0.16240444543],
      [0, 0.032806278412, 0, 0, 0.093302035209, 0.87389168638],
      [0.0090315730982, 0.13957217516, 0.0034966203773, 0.078631021917, 0.42538439959, 0.34388420986]
    ],
    [
      [0.00020366854904, 0.00033079202693, 0.80532307329, 0.084674006128, 0.055153840645, 0.054314619358],
      [9.8521925935e-06, 0.000353783983, 0.036588514681, 0.93294582347, 0.0155441088, 0.014557916878],
      [0.0037019285288, 0.040328518065, 0, 0, 0.77260984583, 0.18335970758],
      [0, 0.051403813018, 0, 0, 0.072309686728, 0.87628650025],
      [0.0072934817539, 0.17751237962, 0.032095423188, 0.05377274188, 0.38043579254, 0.34889018102]
    ],
    [
      [0.0002453307847, 0.00011959987396, 0.86077452894, 0.063343220808, 0.038563737538, 0.036953582055],
      [0, 0.00019515622695, 0.053913196444, 0.9202882763, 0.013878779472, 0.011724591559],
      [0.012660173154, 0.045623360373, 0.0098470950865, 0.0043479252443, 0.75520920686, 0.17231223929],
      [0, 0.082800296536, 0.0023527370647, 0, 0.062819585014, 0.85202738139],
      [0.0011569623657, 0.15034313223, 0.10224513294, 0.069746089318, 0.35339637749, 0.32311230565]
    ],
    [
      [0.00019091444064, 3.9045002766e-05, 0.78662176958, 0.10208807262, 0.057247533092, 0.053812665264],
      [1.1600522771e-05, 7.3847000915e-05, 0.029801768536, 0.94336643949, 0.013734252754, 0.013012091691],
      [0.0034705515484, 0.016230291494, 0, 0.01189988913, 0.79094962734, 0.17744964049],
      [0, 0.019020786623, 0, 0, 0.07679131515, 0.90418789823],
      [0.010349489749, 0.086665925869, 0.031066039574, 0.090984163738, 0.413706653, 0.36722772807]
    ],
    [
      [1.2851363625e-31, 0, 0.85312345953, 0.078271451264, 0.027654530309, 0.040950558892],
      [0, 0, 0.04713456326, 0.93704865089, 0, 0.015816785848],
      [0, 0.013199403654, 0.015740007944, 0.031300766127, 0.7232385781, 0.21652124418],
      [4.9009260188e-21, 0.021698029337, 0.0082161469225, 0.011701028388, 0.024414950806, 0.93396984455],
      [0, 0.045167837375, 0.12101725262, 0.10594645054, 0.33091214729, 0.39695631217]
    ],
    [
      [0, 6.8141535432e-05, 0.8346537625, 0.084021352814, 0.038388457353, 0.042868285799],
      [0, 7.8356273802e-05, 0.040542844753, 0.93848104686, 0.0090930568704, 0.011804695243],
      [0, 0.026007317249, 0.0077811720491, 0.022705604772, 0.75749952385, 0.18600638208],
      [0, 0.046912921882, 9.9259841708e-05, 0.0040026833232, 0.052131132462, 0.89685400249],
      [0, 0.090340887953, 0.097492875209, 0.094662573678, 0.35952514611, 0.35797851705]
    ],
    [
      [0.00022141752681, 0.0002328023578, 0.81183578136, 0.085046575896, 0.049130623509, 0.053532799349],
      [2.1021508216e-05, 0.00038335434739, 0.035781266388, 0.93275802128, 0.012548042344, 0.018508294131],
      [0.0043768858857, 0.032276423052, 0, 0, 0.76855915403, 0.19478753703],
      [0, 0.028552442487, 0, 0, 0.065411515651, 0.90603604186],
      [0.008993919706, 0.12779036676, 0.048546654374, 0.062360836946, 0.38097609212, 0.3713321301]
    ],
    [
      [8.4932283123e-18, 8.1141590981e-05, 0.82179584655, 0.078997137133, 0.049549680032, 0.049576194698],
      [0, 0.00017372969483, 0.039569417608, 0.92737434511, 0.01493641033, 0.017946097257],
      [5.0333868794e-20, 0.01973714181, 0, 0, 0.79220361799, 0.1880592402],
      [0, 0.0060258706757, 0, 0, 0.076087988571, 0.91788614075],
      [0, 0.094562360452, 0.07161468031, 0.049025613458, 0.40884422332, 0.37595312246]
    ],
    [
      [0.00011598894368, 6.7502576049e-06, 0.86065398306, 0.069960961138, 0.035667317032, 0.03359499957],
      [0, 2.7124401193e-06, 0.051651793429, 0.92799503012, 0.010978344155, 0.0093721198585],
      [0.0033772136285, 0.021136026266, 0.014946030941, 0.021330486497, 0.77428348662, 0.16492675605],
      [0.0026394720155, 0.040718813086, 0.0081022649957, 0.0038010841112, 0.066881533726, 0.87785683207],
      [0.00062737628811, 0.07555086254, 0.119842628, 0.0913215129, 0.37686158815, 0.33579603212]
    ],
    [
      [0.00016266577006, 0, 0.7756135413, 0.12628922738, 0.050609926339, 0.047324639207],
      [0, 0, 0.025259250425, 0.95774337263, 0.0095618558226, 0.0074355211194],
      [0.0027896693262, 0.0095357198506, 0, 0.03803895089, 0.78333190583, 0.1663037541],
      [0, 0.014055136036, 0, 0.017742760356, 0.071271536857, 0.89693056675],
      [0.0090181122513, 0.048718625349, 0.056241592946, 0.12737318454, 0.40253797761, 0.3561105073]
    ],
    [
      [0.00038153561156, 0, 0.79696375695, 0.11369843901, 0.050824700903, 0.038131567521],
      [0, 0, 0.029099352545, 0.9537885364, 0.01171224831, 0.0053998627488],
      [0.010842171027, 0.0082376580273, 0, 0.035947830184, 0.80770194468, 0.13727039609],
      [0.0034842622926, 0.017761515837, 0, 0.016196825052, 0.092752086474, 0.86980531034],
      [0.0048045135785, 0.032948012595, 0.08425431882, 0.12390967086, 0.42693277768, 0.32715070647]
    ],
    [
      [0, 7.2540207079e-05, 0.80568900914, 0.097278821195, 0.048106303965, 0.048853325491],
      [4.9206832098e-17, 9.873435358e-05, 0.033632086578, 0.94377416987, 0.011079375198, 0.011415633997],
      [0, 0.031783285258, 0, 0.02070356264, 0.76499821462, 0.18251493748],
      [0, 0.047665560588, 0, 0.0018595881204, 0.059282473046, 0.89119237825],
      [0, 0.11303166726, 0.067438082471, 0.092671707712, 0.37109023431, 0.35576830825]
    ],
    [
      [0.00017245049065, 0, 0.85603306393, 0.077754940555, 0.035564828848, 0.030474716172],
      [0, 0, 0.043314834317, 0.93957398364, 0.010614367157, 0.0064968148842],
      [0.0052956851212, 0.021792911846, 0.014118076383, 0.031640162782, 0.77985046242, 0.14730270145],
      [0.0043341881249, 0.044060348429, 0.0053339143877, 0.011332209442, 0.075420713375, 0.85951862624],
      [0.00098118584439, 0.0790418427, 0.11694977441, 0.10682848142, 0.38131878665, 0.31487992898]
    ],
    [
      [0.00028495637415, 1.0145718286e-05, 0.82736100887, 0.07744704301, 0.057042688221, 0.03785415781],
      [1.5620201653e-05, 6.9489164436e-06, 0.040003831406, 0.93191409298, 0.020846876694, 0.0072126297978],
      [0.0068655555903, 0.031334989085, 0, 0.001675476085, 0.8405649511, 0.11955902814],
      [0, 0.060428701772, 0, 0, 0.11565385318, 0.82391744505],
      [0.010849842685, 0.11148352743, 0.071203474304, 0.074534150948, 0.43845353297, 0.29347547167]
    ],
    [
      [1.0378322018e-17, 2.367564626e-05, 0.76923407823, 0.11831893532, 0.052537190152, 0.059886120645],
      [1.2629764649e-18, 0.019994830648, 0, 0.95577740308, 0.0038733710621, 0.02035439521],
      [0, 0.0024437568754, 0, 0.032935730641, 0.765475074, 0.19914543848],
      [0, 0.0068797769603, 0, 0.013021935779, 0.057951732623, 0.92214655464],
      [1.0431067025e-34, 0.064774091361, 0.043422769858, 0.10823775704, 0.38967473361, 0.39389064813]
    ],
    [
      [0, 0, 0.8691678948, 0.069935278803, 0.032430786799, 0.0284660396],
      [0, 0, 0.049843147135, 0.93294939041, 0.010489471044, 0.0067179914077],
      [0, 0.02121612223, 0.019417797847, 0.028980360221, 0.77966126119, 0.15072445851],
      [2.2061424021e-32, 0.042347220983, 0.01140197829, 0.010679167817, 0.070641957276, 0.86492967563],
      [0, 0.075960193367, 0.12972542684, 0.1016204583, 0.37567692111, 0.31701700039]
    ],
    [
      [0, 8.4483740528e-05, 0.82183167639, 0.090847510275, 0.041037174142, 0.046199155454],
      [0, 0.00011560890178, 0.036875784706, 0.94138874275, 0.0079191484021, 0.013700715239],
      [8.8777821402e-35, 0.027253741579, 0, 0.024565554649, 0.76492922255, 0.18325148122],
      [0, 0.037948121863, 0, 0.0066408365272, 0.057625227204, 0.89778581441],
      [4.116945923e-18, 0.083909051199, 0.08813686974, 0.097687444111, 0.37137949293, 0.35888714202]
    ],
    [
      [0, 3.7016205967e-05, 0.85879660891, 0.067684292225, 0.036094741625, 0.03738734103],
      [1.2575861968e-18, 7.9063137477e-05, 0.052386658872, 0.92400093685, 0.010464587857, 0.013068753285],
      [0, 0.025793200985, 0.01302724058, 0.009453565839, 0.77092687483, 0.18079911777],
      [0, 0.03304832068, 0.006342878841, 0, 0.060751750249, 0.89985705023],
      [0, 0.07066768156, 0.11559419181, 0.083663594393, 0.37340521488, 0.35666931736]
    ],
    [
      [0.00020449671185, 1.3665068645e-05, 0.82943403461, 0.078287272874, 0.046781762945, 0.045278767789],
      [6.1769120693e-06, 1.4990984774e-05, 0.041141254958, 0.93296971887, 0.013947381254, 0.011920477017],
      [0.0080747963345, 0.01582515776, 0, 0.0077277104124, 0.78882937317, 0.17954296233],
      [0, 0.013951511063, 0, 0, 0.071797741201, 0.91425074774],
      [0.0048711218546, 0.036462289654, 0.087940327187, 0.084441946184, 0.41229214916, 0.37399216596]
    ],
    [
      [0, 0, 0.79320965637, 0.10567421499, 0.056378597828, 0.044737530815],
      [3.3136194636e-18, 0, 0.029058584699, 0.94950624544, 0.014161008946, 0.0072741609158],
      [3.5667753562e-18, 0.013158580959, 0, 0.024610160908, 0.81588152954, 0.14634972859],
      [0, 0.019928382589, 0, 0.0082654508484, 0.095617999401, 0.87618816716],
      [1.8826732213e-35, 0.074551542318, 0.0525375717, 0.10337612745, 0.43352705534, 0.33600770319]
    ],
    [
      [0, 8.009123108e-06, 0.83744142054, 0.077612459398, 0.04469477147, 0.040243339472],
      [0, 1.0678619009e-05, 0.041234277119, 0.93516688932, 0.013659255946, 0.0099288990001],
      [2.7467132866e-20, 0.017365807687, 0.0052286820288, 0.017256043611, 0.79369779221, 0.16645167446],
      [0, 0.030431653908, 0, 0, 0.076058877083, 0.89350946901],
      [0, 0.059796169052, 0.094852746634, 0.087452343543, 0.40650639485, 0.35139234592]
    ],
    [
      [0, 7.6753926155e-05, 0.8567215914, 0.06269222746, 0.041902061719, 0.038607365491],
      [7.8014648698e-33, 0.00019051720735, 0.054783518607, 0.91413325257, 0.016340365829, 0.014552345783],
      [2.3082850662e-18, 0.020801886295, 0.011053691171, 0, 0.79600757928, 0.17213684325],
      [0, 0.020406282761, 0.0040108096146, 0, 0.081364333545, 0.89421857408],
      [0, 0.10750956288, 0.10914037838, 0.032005052416, 0.40244946027, 0.34889554606]
    ],
    [
      [0, 0, 0.84368004172, 0.087369176798, 0.039182464445, 0.02976831704],
      [0, 0, 0.04365435436, 0.94290197527, 0.010719108944, 0.0027245614244],
      [6.9852583008e-21, 0.01395232798, 0.017044464231, 0.038063661236, 0.79711119444, 0.13382835211],
      [0, 0.029598587869, 0.010995071617, 0.021568323141, 0.080341244857, 0.85749677252],
      [0, 0.053882081505, 0.11559884108, 0.11296170993, 0.40270405061, 0.31485331688]
    ],
    [
      [0, 0, 0.85423243431, 0.083140621867, 0.039200087741, 0.023426856081],
      [0, 0, 0.047862149685, 0.9401171095, 0.01202074082, 0],
      [6.4405602351e-33, 0.017598718662, 0.025320365322, 0.038509097476, 0.80601324985, 0.11255856869],
      [0, 0.040541658099, 0.016333828325, 0.019661364842, 0.088968313547, 0.83449483519],
      [2.4904123902e-16, 0.07043052682, 0.12314030544, 0.10970358295, 0.40770180151, 0.28902378328]
    ],
    [
      [0, 0, 0.87050757838, 0.069890189004, 0.032118991245, 0.02748324137],
      [0, 0, 0.056051099064, 0.93044669723, 0.0091566191915, 0.0043455845146],
      [0, 0.013915615391, 0.025436156585, 0.033159244083, 0.78296468834, 0.1445242956],
      [0, 0.02844933724, 0.016312729616, 0.014592832497, 0.070290052342, 0.87035504831],
      [0, 0.05181926335, 0.13895087332, 0.10431018773, 0.38449947074, 0.32042020486]
    ],
    [
      [0.00011376201775, 0, 0.82191891096, 0.095622083193, 0.049655862445, 0.032689381383],
      [0, 0, 0.036974420433, 0.94612371826, 0.015172901662, 0.0017289596469],
      [0.0040693471487, 0.0047365198561, 0.0077438483203, 0.034498840706, 0.82468391796, 0.12426752601],
      [0.0036627920497, 0.010721423794, 0.0013595988658, 0.017903536799, 0.10053849011, 0.86581415838],
      [0.00084463405062, 0.019849850634, 0.099815092722, 0.11286406169, 0.44594427931, 0.32068208159]
    ],
    [
      [0, 0, 0.83716295052, 0.082141573904, 0.048063743571, 0.032631732009],
      [0, 0, 0.042118511051, 0.93682861417, 0.016817394166, 0.0042354806101],
      [0, 0.011735907515, 0.0095499209721, 0.023522333813, 0.83335605994, 0.12183577776],
      [0, 0.026798721332, 0.0028220386805, 0.0072485088508, 0.10730545221, 0.85582527893],
      [2.0770473572e-34, 0.047646011595, 0.10349584924, 0.098030831234, 0.44447361305, 0.30635369488]
    ],
    [
      [3.0480373463e-17, 9.275524465e-05, 0.73382672438, 0.13650049161, 0.071962077399, 0.057617951364],
      [2.5017495413e-16, 0.00012039584522, 0.019938304144, 0.95870651124, 0.013396115087, 0.0078386736868],
      [0, 0.042204275632, 0, 0.020732776093, 0.79185922314, 0.14520372514],
      [0, 0.086983585152, 0, 0.0035946528689, 0.087411755804, 0.82201000618],
      [0, 0.20183606159, 0.012282203423, 0.092713159671, 0.39139030611, 0.30177826921]
    ],
    [
      [2.0159219671e-19, 0, 0.90933720234, 0.037916812276, 0.032109847392, 0.020636137995],
      [0, 0, 0.084169106651, 0.88852142286, 0.019109157054, 0.008200313432],
      [9.3709688243e-17, 0.030853425036, 0.023811328936, 0.0081559132799, 0.82946196168, 0.10771737107],
      [0, 0.06579668499, 0.013785600325, 0, 0.11025629385, 0.81016142084],
      [0, 0.10916098184, 0.15329194947, 0.059797067157, 0.41415629945, 0.26359370209]
    ],
    [
      [9.918995556e-32, 3.0205477998e-05, 0.823739335, 0.085687386917, 0.050806709342, 0.039736363267],
      [0, 3.592585644e-05, 0.03516779167, 0.94235536573, 0.014520935956, 0.0079199807888],
      [0, 0.035341798276, 0.0022145621349, 0.017485546408, 0.80521155715, 0.13974653603],
      [0, 0.068131740553, 0, 0.0019923329605, 0.092512017546, 0.83736390894],
      [9.6584875239e-35, 0.12396091115, 0.079289483619, 0.084708821876, 0.40697807105, 0.3050627123]
    ],
    [
      [0, 0, 0.8392638502, 0.095132818578, 0.035049604149, 0.030553727073],
      [0, 0, 0.040181068618, 0.94765070262, 0.0077788015169, 0.004389427242],
      [0, 0.028921512713, 0.016819897601, 0.038907882091, 0.77023547399, 0.1451152336],
      [0, 0.057630076449, 0.010247570047, 0.019909032561, 0.065870627051, 0.84634269389],
      [0, 0.10380018921, 0.10994608993, 0.1171839291, 0.3637738876, 0.30529590416]
    ],
    [
      [9.6254699833e-18, 8.4958332603e-05, 0.85678049645, 0.065449818768, 0.040880489779, 0.03680423667],
      [0, 0.0001272043638, 0.052197062662, 0.9216063203, 0.014727420158, 0.011341992516],
      [7.6528905726e-19, 0.032439444719, 0.012648810668, 0, 0.79219288223, 0.16271886239],
      [0, 0.037696736903, 0.0060235185157, 0, 0.079380943984, 0.8768988006],
      [7.6366592128e-35, 0.089012377705, 0.1088414114, 0.072816122305, 0.39481569642, 0.33451439217]
    ],
    [
      [8.8021314985e-18, 3.7316039282e-05, 0.84638659053, 0.069068016318, 0.048783674694, 0.035724402415],
      [0, 7.251090622e-05, 0.04892678418, 0.92172805091, 0.021099284848, 0.008173369155],
      [3.9347778737e-35, 0.02432130644, 0.0090522325536, 0, 0.82523658983, 0.14138987118],
      [0, 0.028794652414, 0.0025129402331, 0, 0.10448108947, 0.86421131789],
      [0, 0.079664822366, 0.10194022021, 0.065064890889, 0.43413830753, 0.31919175901]
    ],
    [
      [1.2316856281e-32, 5.9544619026e-05, 0.82364704262, 0.063961899498, 0.058611594822, 0.053719918445],
      [7.1671630115e-48, 0.090103322051, 0.047225823643, 0.82402540033, 0.021743861419, 0.016901592552],
      [0, 0.009493549994, 0, 0, 0.80741094446, 0.18309550554],
      [0, 0.0024618278091, 0, 0, 0.085373429477, 0.91216474271],
      [3.3608169029e-32, 0.16067151355, 0.031974006642, 0, 0.43196107646, 0.37539340335]
    ],
    [
      [1.5714785546e-18, 0.00031269432402, 0.81481467305, 0.088388545894, 0.053081941772, 0.043402144956],
      [1.9581164194e-33, 0.0004379148261, 0.035232263128, 0.93821517269, 0.016009337329, 0.010105312026],
      [2.2690256458e-18, 0.047331171687, 0, 0.00865250157, 0.7928929679, 0.15112335884],
      [0, 0.073302283093, 0, 0, 0.089224355903, 0.837473361],
      [2.1440562109e-33, 0.17171994223, 0.05250300437, 0.080422662563, 0.38903833308, 0.30631605776]
    ],
    [
      [0, 0, 0.8723740934, 0.06217854114, 0.035912211102, 0.029535154361],
      [0, 0, 0.055843615419, 0.92258152394, 0.013820084375, 0.0077547762703],
      [2.0167345997e-32, 0.012854178394, 0.01743628696, 0.018860726122, 0.80295569067, 0.14789311785],
      [9.7097727068e-22, 0.026502849216, 0.011806826144, 0.0024561557467, 0.08384238715, 0.87539178174],
      [0, 0.048485127912, 0.13059455916, 0.087711705401, 0.40659608787, 0.32661251966]
    ],
    [
      [0, 3.3983200961e-05, 0.81760326915, 0.11175028685, 0.034601752759, 0.036010708042],
      [0, 9.9991514595e-06, 0.029653499097, 0.95709930718, 0.0072899844735, 0.0059472100993],
      [0, 0.029015619347, 0.01224488216, 0.039892880411, 0.75038023506, 0.16846638302],
      [0, 0.053895866754, 0.0060145597451, 0.016760562181, 0.05348398559, 0.86984502573],
      [0, 0.097608088915, 0.10157574305, 0.13481785648, 0.34139843441, 0.32459987715]
    ],
    [
      [0, 0.00034322537197, 0.83149753586, 0.072081348379, 0.047538702929, 0.048539187462],
      [1.4386085622e-36, 0.020082729949, 0.042820226623, 0.90048538641, 0.016569967562, 0.020041689459],
      [0, 0.023168476164, 0.0020834917335, 0, 0.79112277423, 0.18362525787],
      [0, 0.027280923325, 0, 0, 0.079346209765, 0.89337286691],
      [0, 0.078725964676, 0.092489991561, 0.075796064141, 0.39670917034, 0.35627880928]
    ],
    [
      [6.2520507044e-19, 5.8388346568e-05, 0.82680815499, 0.087369412495, 0.046276275026, 0.039487769147],
      [0, 0.00014639699307, 0.039065915726, 0.9388683269, 0.013183149862, 0.0087362105233],
      [0, 0.030165810003, 0.0053095378227, 0.022169607146, 0.78861812924, 0.15373691579],
      [0, 0.058375795884, 0, 0.0048507443822, 0.080243759471, 0.85652970026],
      [0, 0.10657941749, 0.090612366664, 0.092521979985, 0.39017550321, 0.32011073265]
    ],
    [
      [0, 0.00018466943725, 0.82899055311, 0.082588433888, 0.049152799103, 0.039083544459],
      [0, 0.00034940812367, 0.040415011424, 0.93352487291, 0.01671683091, 0.0089938766352],
      [1.5105354184e-18, 0.041629951001, 0.0022644045244, 0.011394295328, 0.79744202091, 0.14726932823],
      [0, 0.069103444725, 0, 0, 0.090127476065, 0.84076907921],
      [0, 0.12900377673, 0.087808014619, 0.083054396112, 0.39386811749, 0.30626569504]
    ],
    [
      [0, 0, 0.80184006387, 0.099482631528, 0.056718161531, 0.041959143067],
      [0, 0.017975756897, 0.011566842958, 0.94551679557, 0.019559223298, 0.0053813812762],
      [0, 0.0080682883639, 0, 0.026925122033, 0.82258270577, 0.14242388383],
      [0, 0.020057682343, 0, 0.0082780580088, 0.095639152076, 0.87602510757],
      [4.9734896047e-18, 0.049467755955, 0.081443697034, 0.1004353109, 0.43672060202, 0.33193263409]
    ],
    [
      [5.1635168661e-19, 0, 0.85855134685, 0.077764937666, 0.035869896914, 0.027813818566],
      [0, 0, 0.051457523577, 0.94149093619, 0.0070515402374, 0],
      [0, 0.023165177541, 0.020397438805, 0.037024319889, 0.78524168923, 0.13417137454],
      [0, 0.04811877603, 0.015171251627, 0.0198094427, 0.07457108276, 0.84232944688],
      [0, 0.086361022929, 0.12231075299, 0.10416010316, 0.38435726581, 0.3028108551]
    ],
    [
      [0, 0, 0.81635309401, 0.1026831638, 0.051647910796, 0.029315831397],
      [0, 0, 0.021895010757, 0.96108514748, 0.017019841766, 0],
      [0, 0.015016296159, 0.012669671423, 0.048073505054, 0.82554948601, 0.098691041351],
      [0, 0.035570627533, 0, 0.024891064611, 0.10049374781, 0.83904456004],
      [0, 0.06296885493, 0.092696532527, 0.11779604878, 0.43916663557, 0.2873719282]
    ],
    [
      [0, 0, 0.87067499408, 0.065023888444, 0.038165910663, 0.026135206816],
      [0, 0, 0.058255734169, 0.92390346224, 0.014417699826, 0.003423103768],
      [0, 0.015592169413, 0.027035733592, 0.018045269826, 0.80895036249, 0.13037646467],
      [0, 0.033731761151, 0.020324307617, 0.0019948575486, 0.088574056798, 0.85537501689],
      [0, 0.060723025873, 0.13008882302, 0.088170380358, 0.41202619873, 0.30899157202]
    ],
    [
      [5.3537916901e-19, 0.00038374264391, 0.83594643665, 0.072322523561, 0.047933120198, 0.043414176944],
      [0, 0.00059670470429, 0.044481812612, 0.9227691843, 0.017501514651, 0.014650783732],
      [0, 0.032145700896, 0.0043334186057, 0, 0.79476408547, 0.16875679503],
      [0, 0.04792078435, 0, 0, 0.083575190755, 0.8685040249],
      [0, 0.11934334694, 0.092145034644, 0.060489318981, 0.3943270978, 0.33369520164]
    ],
    [
      [0, 0, 0.84039356198, 0.078766814381, 0.04537849781, 0.035461125828],
      [0, 0, 0.045060398876, 0.93295202295, 0.014860634661, 0.0071269435076],
      [1.4207752123e-32, 0.011117528469, 0.012039503072, 0.019764783463, 0.81148215425, 0.14559603074],
      [0, 0.02345790083, 0.0041761111787, 0.0034750008089, 0.088749334734, 0.88014165245],
      [0, 0.043595519975, 0.10630667442, 0.093256192476, 0.42313973228, 0.33370188084]
    ],
    [
      [0.00039279514471, 0, 0.8453293969, 0.070293676052, 0.049185248258, 0.034798883643],
      [1.1974478662e-05, 0, 0.046286395744, 0.92764917383, 0.018438816028, 0.0076136399149],
      [0.010697068096, 0.013354606269, 0.0066288750917, 0.0093483751515, 0.8340381082, 0.12593296719],
      [0.0061003417475, 0.030033921879, 0.00031210610168, 0, 0.11070073536, 0.85285289492],
      [0.001880455785, 0.054512322434, 0.099359939085, 0.080120234695, 0.44863629928, 0.31549074872]
    ],
    [
      [4.7222359604e-18, 0.00016530514934, 0.88444663627, 0.046660185528, 0.037184969633, 0.031542903419],
      [6.9234160045e-34, 0.00032410785544, 0.076506092774, 0.89284549935, 0.01832206718, 0.012002232839],
      [0, 0.0077190923329, 0.034697226616, 0, 0.79976236377, 0.15782131728],
      [0, 0.034113909374, 0.014167792869, 0, 0.083914966163, 0.86780333159],
      [0, 0.13829986989, 0.13762350366, 0.0056963366663, 0.3950527042, 0.32332758559]
    ],
    [
      [0.00025178762404, 0, 0.82474128195, 0.099768245568, 0.033769080678, 0.041469604177],
      [0, 0, 0.036461454849, 0.95309231594, 0.00055648430248, 0.0098897449124],
      [0.011688271263, 0.02067291981, 0.0074407496278, 0.041214775763, 0.74402247541, 0.17496080813],
      [0.0085902363263, 0.037804434364, 9.8822532637e-05, 0.023891416201, 0.049057105291, 0.88055798529],
      [0.0021162523143, 0.074783357328, 0.097960975948, 0.11417850225, 0.35840737016, 0.352553542]
    ],
    [
      [0, 0, 0.83623356391, 0.091912111315, 0.036908110095, 0.034946214676],
      [0, 0, 0.041590939089, 0.94844004823, 0.0055066600068, 0.0044623526752],
      [0, 0.004174710646, 0.013856820429, 0.043146954546, 0.781429454, 0.15739206038],
      [4.8403563854e-21, 0.0083138786812, 0.0066428904331, 0.02449657399, 0.063089149416, 0.89745750748],
      [0, 0.016411268314, 0.11225454301, 0.1188949275, 0.39886918434, 0.35357007684]
    ],
    [
      [1.2002678855e-19, 0, 0.84688448688, 0.070932597253, 0.047399048275, 0.034783867597],
      [2.7198971909e-32, 0, 0.048467941804, 0.92640409392, 0.017201871451, 0.0079260928224],
      [1.4891323726e-17, 0.022152356751, 0.011507046857, 0.0091145729659, 0.8159964766, 0.14122954683],
      [0, 0.039893262578, 0.0039749898423, 0, 0.094625664517, 0.86150608306],
      [0, 0.076380541725, 0.1043667308, 0.080049095483, 0.42148494191, 0.31771869008]
    ],
    [
      [0, 5.3744604503e-05, 0.80253722913, 0.088097885097, 0.059584297016, 0.049726844151],
      [2.3846419485e-34, 0.00010218578415, 0.033787244601, 0.93280851517, 0.020250963473, 0.013051090975],
      [0, 0.012874404384, 0, 0, 0.82254714747, 0.16457844814],
      [0, 0.0085044497459, 0, 0, 0.096922335461, 0.89457321479],
      [3.0573706492e-18, 0.078120015199, 0.052141530918, 0.071386981035, 0.44182089202, 0.35653058083]
    ],
    [
      [0, 0, 0.81818366949, 0.090501659839, 0.055887894271, 0.035426776402],
      [5.1501698857e-19, 0, 0.035778524782, 0.94175723917, 0.016809167892, 0.0056550681601],
      [3.050785088e-19, 0.034865978258, 0, 0.019621748984, 0.83135708818, 0.11415518458],
      [0, 0.071216198107, 0, 0.0041302273301, 0.11363839175, 0.81101518281],
      [2.9280027125e-35, 0.1295240776, 0.077669622274, 0.089058072231, 0.42477389337, 0.27897433452]
    ],
    [
      [0.00023416998356, 2.8171420795e-05, 0.81863350431, 0.086356534455, 0.050787080036, 0.043960539792],
      [8.2996552322e-06, 2.4987734132e-05, 0.03735242185, 0.93796656728, 0.014753353894, 0.0098943695811],
      [0.0052313281802, 0.017289827258, 0, 0.015732643981, 0.79987192843, 0.16187427215],
      [0, 0.034544460666, 0, 0.00023844925831, 0.085069463434, 0.88014762664],
      [0.0074583950837, 0.065604413347, 0.078258639661, 0.087725987645, 0.41561364962, 0.34533891464]
    ],
    [
      [0, 0, 0.79069126968, 0.11053700357, 0.055351377349, 0.043420349407],
      [0, 0, 0.028111152108, 0.95288920309, 0.013791815015, 0.0052078297834],
      [7.9135212027e-19, 0.02340585688, 0, 0.033121408192, 0.80680288428, 0.13666985065],
      [0, 0.044315229354, 0, 0.013229207691, 0.090062994752, 0.8523925682],
      [0, 0.092785531287, 0.0684621104, 0.10692285821, 0.41552243089, 0.31630706922]
    ],
    [
      [0.00021926517242, 6.7344843249e-05, 0.8121438363, 0.09133541759, 0.044094878928, 0.052139257164],
      [6.587843492e-06, 0.0003690327004, 0.034451427329, 0.93789756493, 0.0058987798112, 0.021376607384],
      [0.004833377826, 0.051194487949, 0, 0, 0.73334676915, 0.21062536508],
      [0, 0.041417645912, 0, 0, 0.037445957102, 0.92113639699],
      [0.010747347726, 0.12192708371, 0.069072021394, 0.070874184816, 0.339611272, 0.38776809035]
    ],
    [
      [0, 4.9491374388e-05, 0.79981720173, 0.096479788429, 0.050849745327, 0.052803773136],
      [0, 0.00013472677984, 0.030841507978, 0.94379737388, 0.010632073025, 0.014594318334],
      [0, 0.031361246159, 0, 0.0085859269962, 0.76605705075, 0.1939957761],
      [0, 0.03092695291, 0, 0, 0.056031904875, 0.91304114221],
      [5.8546917314e-18, 0.10429073207, 0.051435926437, 0.087955681119, 0.38074709449, 0.37557056589]
    ],
    [
      [0, 0, 0.84541868037, 0.082276318802, 0.034193862671, 0.038111138159],
      [0, 0, 0.048300158557, 0.93718552357, 0.0049217389197, 0.0095925789493],
      [0, 0.014732429008, 0.018177882428, 0.029176684432, 0.76594883377, 0.17196417036],
      [1.1102230246e-16, 0.028138235203, 0.0092794136491, 0.0098202136481, 0.059560415308, 0.89320172219],
      [1.5046327691e-33, 0.054500547707, 0.11376349292, 0.10127048313, 0.3767166922, 0.35374878404]
    ],
    [
      [0, 0, 0.83554276426, 0.087285911973, 0.042592692351, 0.034578631413],
      [0, 0, 0.04094894574, 0.9410747664, 0.011993815646, 0.0059824722099],
      [4.4274944603e-21, 0.024370955619, 0.01067252306, 0.028668975529, 0.79155559165, 0.14473195414],
      [0, 0.049842732032, 0.0043412430359, 0.01232445202, 0.080312931557, 0.85317864135],
      [0, 0.089668175539, 0.10192263668, 0.10233190682, 0.39259953126, 0.31347774971]
    ],
    [
      [0, 0, 0.81201462031, 0.11173098637, 0.03887525372, 0.037379139598],
      [0, 0, 0.030279813178, 0.95876970601, 0.0058860579512, 0.0050644228632],
      [0, 0.016711278674, 0.0080944797737, 0.049156944816, 0.76587259789, 0.16016469884],
      [3.1946734013e-21, 0.032077522366, 0.0010653932332, 0.034762432465, 0.055448256479, 0.87664639546],
      [0, 0.061066100971, 0.096232292967, 0.13832730843, 0.36837680124, 0.3359974964]
    ],
    [
      [3.0705120673e-05, 0, 0.83691072368, 0.081911930258, 0.045356106488, 0.035790534454],
      [0, 0, 0.045514894115, 0.93386704022, 0.014818305882, 0.0057997597883],
      [0.0018856775704, 0.010403584873, 0.011663648452, 0.023126185629, 0.80794283737, 0.1449780661],
      [0.001593888755, 0.0220270159, 0.0043679375107, 0.0061903368195, 0.088351333874, 0.87746948714],
      [0.00037753970228, 0.040786235279, 0.10744603616, 0.097028386004, 0.42230459472, 0.33205720814]
    ]
  ],
