{
  "Z_true": {},
  "V_true": [
    [11, 64, 1292, 179],
    [768, 979, 337, 40],
    [640, 9762, 658, 227],
    [186, 368, 16895, 353],
    [43, 621, 336, 126],
    [144, 498, 585, 329]
  ],
  "p_true": [
    [0.0071, 0.0414, 0.8357, 0.1158],
    [0.3616, 0.4609, 0.1587, 0.0188],
    [0.0567, 0.8649, 0.0583, 0.0201],
    [0.0104, 0.0207, 0.9491, 0.0198],
    [0.0382, 0.5515, 0.2984, 0.1119],
    [0.0925, 0.3201, 0.376, 0.2114]
  ],
  "Z_est": {},
  "V_est": [
    [0, 0, 1533.6764, 12.3236],
    [1574.2507, 0, 425.211, 124.5382],
    [0, 11270.6962, 0, 16.3038],
    [0, 0, 17802, 0],
    [0, 684.4252, 170.7595, 270.8153],
    [217.7493, 336.8786, 171.3531, 830.019]
  ],
  "p_est": [
    [0, 0, 0.992, 0.008],
    [0.7412, 0, 0.2002, 0.0586],
    [0, 0.9986, 0, 0.0014],
    [0, 0, 1, 0],
    [0, 0.6078, 0.1517, 0.2405],
    [0.1399, 0.2165, 0.1101, 0.5334]
  ],
  "EI_Z": {},
  "EI_V": 12.4697,
  "MAE_Z": {},
  "MAE_V": 368.2818,
  "MAE_p": 0.113,
  "runtime": 0.0278
}
