{
  "X": [
    [1, 31, 12, 16, 20, 99, 160, 4],
    [3, 11, 22, 9, 15, 83, 121, 10],
    [7, 9, 31, 49, 41, 106, 127, 14],
    [12, 12, 17, 31, 37, 91, 140, 6],
    [22, 26, 52, 60, 46, 167, 205, 17],
    [13, 36, 44, 34, 56, 227, 244, 13],
    [3, 37, 15, 18, 31, 119, 167, 10],
    [8, 22, 21, 27, 25, 115, 179, 15],
    [7, 40, 27, 41, 36, 135, 199, 12],
    [10, 53, 41, 52, 35, 174, 193, 11],
    [9, 22, 48, 60, 68, 166, 144, 18],
    [15, 8, 36, 25, 14, 39, 57, 6],
    [21, 26, 88, 63, 53, 111, 136, 10],
    [14, 12, 49, 45, 46, 104, 104, 8],
    [9, 14, 28, 37, 56, 110, 124, 15],
    [13, 17, 35, 30, 41, 103, 121, 13],
    [15, 18, 27, 49, 68, 143, 132, 9],
    [9, 11, 37, 45, 44, 127, 142, 12],
    [13, 27, 33, 63, 60, 134, 172, 7],
    [9, 13, 25, 40, 50, 84, 83, 6],
    [16, 10, 27, 49, 62, 102, 109, 9],
    [14, 10, 41, 94, 90, 113, 97, 4],
    [8, 7, 48, 61, 40, 73, 109, 7],
    [27, 10, 39, 94, 72, 144, 117, 7],
    [10, 15, 62, 89, 101, 80, 115, 6],
    [18, 15, 56, 72, 64, 117, 125, 5],
    [11, 8, 27, 46, 40, 89, 86, 0],
    [16, 8, 41, 63, 58, 103, 83, 0],
    [15, 2, 35, 34, 17, 55, 47, 2],
    [40, 3, 19, 35, 54, 83, 84, 4],
    [40, 11, 25, 40, 55, 76, 90, 6],
    [46, 5, 25, 67, 84, 90, 96, 6],
    [27, 5, 24, 57, 31, 62, 68, 4],
    [13, 7, 16, 50, 71, 76, 64, 3],
    [13, 14, 13, 34, 79, 92, 69, 4],
    [11, 16, 19, 33, 56, 147, 122, 3],
    [3, 31, 28, 30, 43, 137, 106, 11],
    [11, 25, 14, 43, 55, 122, 139, 6],
    [16, 20, 31, 37, 68, 130, 151, 9],
    [4, 5, 29, 41, 50, 75, 95, 7],
    [20, 18, 24, 59, 45, 84, 121, 5],
    [8, 21, 13, 32, 36, 79, 76, 7],
    [4, 8, 17, 64, 54, 85, 73, 1],
    [9, 12, 35, 44, 45, 83, 102, 9],
    [2, 12, 8, 19, 43, 73, 61, 6],
    [5, 7, 5, 36, 43, 48, 59, 2],
    [11, 5, 16, 53, 51, 78, 88, 3],
    [9, 6, 24, 66, 50, 70, 66, 3],
    [10, 18, 17, 49, 75, 141, 100, 3],
    [3, 13, 15, 22, 23, 61, 59, 6],
    [3, 20, 10, 12, 22, 68, 81, 2],
    [4, 13, 14, 27, 16, 85, 103, 8],
    [1, 27, 10, 5, 16, 65, 113, 6],
    [4, 20, 13, 24, 41, 42, 62, 8],
    [2, 10, 15, 27, 46, 50, 59, 7],
    [1, 14, 13, 19, 31, 79, 79, 4],
    [5, 19, 17, 32, 37, 80, 91, 10],
    [3, 52, 19, 17, 18, 119, 276, 7],
    [2, 7, 31, 47, 43, 83, 107, 6],
    [4, 34, 10, 4, 6, 57, 114, 6],
    [3, 46, 17, 17, 6, 75, 145, 9],
    [2, 18, 21, 22, 17, 61, 64, 4],
    [57, 87, 272, 283, 175, 599, 854, 51]
  ],
  "W": [
    [8, 8, 8, 14, 95, 154, 56],
    [14, 16, 11, 8, 85, 104, 36],
    [14, 35, 39, 48, 102, 107, 39],
    [12, 16, 42, 33, 93, 119, 31],
    [10, 56, 51, 61, 166, 175, 76],
    [25, 36, 41, 33, 231, 220, 81],
    [15, 14, 18, 22, 123, 142, 66],
    [15, 19, 24, 18, 107, 150, 79],
    [19, 24, 24, 38, 136, 188, 68],
    [13, 35, 31, 50, 177, 183, 80],
    [15, 51, 58, 58, 159, 127, 67],
    [0, 39, 10, 30, 48, 45, 28],
    [10, 81, 49, 51, 128, 132, 57],
    [11, 58, 48, 48, 113, 78, 26],
    [11, 32, 46, 42, 106, 111, 45],
    [14, 33, 37, 27, 97, 124, 41],
    [11, 27, 56, 54, 141, 123, 49],
    [12, 41, 36, 43, 114, 127, 54],
    [17, 37, 61, 51, 130, 154, 59],
    [8, 23, 51, 43, 81, 74, 30],
    [13, 26, 57, 52, 107, 91, 38],
    [9, 38, 78, 93, 119, 97, 29],
    [9, 43, 41, 65, 74, 94, 27],
    [9, 46, 71, 90, 159, 101, 34],
    [9, 56, 77, 87, 87, 114, 48],
    [10, 60, 68, 71, 119, 108, 36],
    [12, 28, 46, 43, 89, 74, 15],
    [12, 52, 49, 61, 110, 59, 29],
    [5, 42, 16, 37, 50, 44, 13],
    [7, 19, 54, 45, 93, 79, 25],
    [12, 36, 49, 45, 103, 68, 30],
    [11, 35, 67, 80, 102, 82, 42],
    [9, 27, 39, 47, 70, 58, 28],
    [19, 18, 62, 49, 75, 54, 23],
    [12, 15, 60, 47, 92, 58, 34],
    [14, 16, 46, 37, 135, 121, 38],
    [15, 30, 35, 30, 128, 103, 48],
    [15, 14, 48, 39, 116, 123, 60],
    [23, 27, 55, 45, 116, 153, 43],
    [6, 23, 44, 36, 80, 79, 38],
    [13, 26, 45, 71, 80, 111, 30],
    [9, 14, 33, 28, 74, 78, 36],
    [11, 17, 51, 56, 85, 64, 22],
    [10, 31, 42, 37, 88, 93, 38],
    [14, 9, 30, 22, 71, 53, 25],
    [6, 7, 39, 38, 48, 50, 17],
    [6, 18, 51, 51, 81, 70, 28],
    [13, 24, 47, 61, 75, 51, 23],
    [14, 13, 57, 44, 138, 98, 49],
    [10, 11, 20, 18, 67, 50, 26],
    [8, 10, 23, 13, 64, 71, 29],
    [8, 16, 15, 22, 80, 94, 35],
    [11, 5, 9, 4, 68, 91, 55],
    [5, 9, 28, 24, 54, 64, 30],
    [4, 16, 31, 20, 63, 63, 19],
    [13, 9, 24, 20, 75, 65, 34],
    [9, 17, 31, 29, 80, 78, 47],
    [18, 20, 11, 18, 133, 225, 86],
    [8, 24, 39, 44, 82, 84, 45],
    [9, 12, 6, 4, 51, 110, 43],
    [12, 14, 8, 14, 67, 137, 66],
    [3, 22, 14, 28, 62, 66, 14],
    [62, 258, 168, 259, 600, 753, 278]
  ],
  "method": "mult",
  "cond_prob": [
    [
      [2.2546161816e-05, 0.012768828376, 0.0068869293584, 0.0088136209982, 0.2443858052, 0.37862200175, 0.34788905641, 0.00061121174191],
      [0.03568495753, 2.9259754342e-13, 0.93202900773, 0.028702626679, 1.6927645773e-05, 0.00083857983851, 0.00036698562026, 0.0023609149598],
      [0.021239759986, 4.9740244014e-16, 4.3731893891e-05, 0.032559690527, 0.94333446245, 0.002779276844, 4.3051649948e-05, 2.6645164286e-08],
      [0.031329016042, 2.3385602278e-14, 0.00055829503307, 0.91493478588, 0.05176376766, 0.00099831392674, 0.0004157524016, 6.9053942991e-08],
      [0.0010926925869, 0.00026075043612, 0.0018105327006, 0.021785950982, 0.076986599365, 0.80521469534, 0.09201547856, 0.00083330002901],
      [1.286349351e-05, 0.10077205394, 0.026471962064, 0, 0.013274845869, 0.099322758947, 0.7539113858, 0.0062341298914],
      [5.159325202e-07, 0.27418181741, 0.0041397098801, 0.010011431228, 0.0074170801224, 0.073875067899, 0.57792790788, 0.052446469651]
    ],
    [
      [6.4127531994e-05, 0.0074548054349, 0.0098170756507, 0.0081411708311, 0.16776348028, 0.39412566179, 0.41012090508, 0.0025127734002],
      [0.070170520572, 1.1859588832e-13, 0.90375385884, 0.01842045411, 8.0858619603e-06, 0.00060581123551, 0.00030012129085, 0.0067411480934],
      [0.081798291736, 3.9583235679e-16, 8.4731855675e-05, 0.040915472302, 0.87320295507, 0.0039294956802, 6.8904502303e-05, 1.4885395232e-07],
      [0.08909700887, 1.370431546e-14, 0.00079906876985, 0.87283660903, 0.035732804022, 0.0010426716966, 0.00049155263808, 2.8497549078e-07],
      [0.0030191174415, 0.00014787256342, 0.0025077959651, 0.010243276362, 0.030603290764, 0.81379361664, 0.13332717372, 0.0063578565422],
      [6.8711010215e-05, 0.056533052713, 0.067291502141, 0, 0, 0.056307143276, 0.79516935908, 0.024630231782],
      [1.268826544e-06, 0.13898961316, 0.005102658867, 0.0079959662295, 0.0044113124851, 0.066460600392, 0.58939977519, 0.18763880484]
    ],
    [
      [4.3915037564e-05, 0.0055164811882, 0.0068324888109, 0.0096094486253, 0.17250086915, 0.41146617644, 0.39094322753, 0.0030873932118],
      [0.06806690172, 1.2680762382e-13, 0.88298129019, 0.031375570903, 1.209213813e-05, 0.00091444132058, 0.0004134283172, 0.016236275412],
      [0.055991946545, 2.9609917753e-16, 0, 0.048963091692, 0.89074605255, 0.0041720132022, 6.6764168409e-05, 6.0131841776e-05],
      [0.050694233257, 9.5205634594e-15, 0, 0.90709021786, 0.034676628136, 0.0010226250848, 0.00043997085401, 0.0060763248114],
      [0, 0.00010575915224, 0, 0.019044282012, 0.019604408406, 0.82056089798, 0.13547944722, 0.0052052052248],
      [0, 0.043810843635, 0, 0, 0, 0.12654824708, 0.79768683028, 0.031954079005],
      [8.8506866346e-07, 0.10831337336, 0, 0.0096132035722, 0.0046497628092, 0.070712808531, 0.57223610163, 0.23447386504]
    ],
    [
      [0.00010464956445, 0.0078506955892, 0.0071837986887, 0.0086989959991, 0.15517802114, 0.38995943306, 0.42946948502, 0.0015549209361],
      [0.14116151512, 1.5655934604e-13, 0.82781028686, 0.024644075221, 9.4378299216e-06, 0.0007516017831, 0.0003940372143, 0.0052290459683],
      [0.12573677389, 4.307406606e-16, 6.4092482596e-05, 0.045094238309, 0.80882174174, 0.0040202292481, 0.012019923664, 0.0042430006617],
      [0.13512571901, 1.3582418934e-14, 0.00055181436794, 0.83150369392, 0.031358838745, 0.00097389332782, 0.00048587420807, 1.6641336237e-07],
      [0, 0.0001566939726, 0.0018465390252, 0.0095955075962, 0, 0.80991276278, 0.17641600405, 0.0020724925781],
      [0, 0.060289790999, 0.028200510639, 0, 0, 0.072821274513, 0.82372716126, 0.014961262584],
      [2.1526565223e-06, 0.15215270918, 0.0038819087779, 0.0088820880492, 0.0042696099766, 0.06838240196, 0.64157968951, 0.12084943989]
    ],
    [
      [0.00010290671998, 0.0092997773115, 0.0074213952086, 0.0093592226851, 0.15244144834, 0.42357071445, 0.39569820462, 0.0021063306689],
      [0.13790521081, 1.8533115037e-13, 0.82734726124, 0.026483569059, 9.2714080821e-06, 0.00081708126792, 0.00036313833919, 0.0070744678821],
      [0.13536603686, 5.1650585605e-16, 6.7321148809e-05, 0.049293088676, 0.81075698291, 0.0044464901256, 6.9949165254e-05, 1.3111772598e-07],
      [0.12086247947, 1.5376846344e-14, 0.00054338463245, 0.84266889161, 0.029378318209, 0.0010098600281, 0.00042710172937, 0.005109964324],
      [0, 0.00017497145864, 0.0017980572766, 0.022289356437, 0.0061616152267, 0.83969190049, 0.12651114908, 0.0033729500367],
      [0, 0.071873655142, 0.028352159661, 0.00055630409379, 0, 0.10011970186, 0.77799984277, 0.021098336477],
      [0, 0.17500088572, 0.003916501698, 0.0093314685581, 0.0040994033051, 0.072636322898, 0.5768715574, 0.15814386041]
    ],
    [
      [8.8455363179e-05, 0.010919595075, 0.0085947803307, 0.0083472630567, 0.19287078505, 0.40665392617, 0.37109524806, 0.001429946894],
      [0.10686691031, 0, 0.86655975894, 0.021234238681, 1.0541719237e-05, 0.00070558806844, 0.00030622399626, 0.0043167382848],
      [0.097901462528, 0, 6.5431305189e-05, 0.03690976854, 0.86148286018, 0.0035853248681, 5.5077874859e-05, 7.4708238137e-08],
      [0.11989361365, 1.9793228768e-14, 0.00069483342518, 0.83686086482, 0.041036775303, 0.0010713024488, 0.00044244929271, 1.610572437e-07],
      [0.0040741725751, 0, 0.01621882508, 0.0097503872801, 0.060534574653, 0.81940566231, 0.088775074953, 0.0012413031465],
      [0.001085653945, 0.082094741626, 0.038302314449, 0.0042211251554, 0.00033228224247, 0.096994109188, 0.76200662292, 0.014963150472],
      [1.8876266377e-06, 0.21810082673, 0.004818632236, 0.0088418492099, 0.0055092738451, 0.074129473571, 0.57464489331, 0.11395316347]
    ],
    [
      [4.0625390057e-05, 0.015143752624, 0.0064681482609, 0.006853069545, 0.21728202738, 0.37830013683, 0.37448592993, 0.0014263100329],
      [0.066702582351, 3.6512320659e-13, 0.90271540626, 0.023472002498, 1.5926570027e-05, 0.00088224832206, 0.00041563624631, 0.0057961977532],
      [0.042651453318, 6.887305974e-16, 4.6323902281e-05, 0.028528794816, 0.92558711811, 0.0031339791129, 5.2260624019e-05, 7.0117584525e-08],
      [0.05899219575, 3.4579367405e-14, 0.0006536687496, 0.77523080069, 0.057633113903, 0.0012443021767, 0.077187991985, 0.029057926746],
      [0, 0.00031103865642, 0.0017104657518, 0, 0.069123045742, 0.80747272951, 0.11942694276, 0.0019557775864],
      [0, 0.12551092154, 0.012805811228, 0, 0.0065710757064, 0.068403567916, 0.77211196462, 0.014596658988],
      [0, 0.28654598632, 0.0033475009681, 0, 0.0057094334696, 0.063589512511, 0.53558185899, 0.10522570774]
    ],
    [
      [0.00010220677287, 0.0083187571282, 0.0075048579294, 0.012401367934, 0.1582661427, 0.42052152153, 0.39095567441, 0.0019294715914],
      [0.13339601417, 1.5973236455e-13, 0.8253936009, 0.03383058769, 9.2477158745e-06, 0.00078078063347, 0.00034562099959, 0.0062441478889],
      [0.12843674842, 4.3810095641e-16, 6.4440199754e-05, 0.061902772137, 0.80535548874, 0.0041750206814, 6.5416106835e-05, 1.1371295577e-07],
      [0.096747536312, 1.0532471606e-14, 0.0004206590152, 0.8784421696, 0.023299602009, 0.00076685075193, 0.00032303161819, 1.5069383144e-07],
      [0.0045501871506, 0.00015613946386, 0.001813674135, 0.049650527178, 0.023646325626, 0.82271427006, 0.095051223675, 0.002417652715],
      [0.0010197784767, 0.060186844047, 0.031181843912, 0.01698545243, 0, 0.09752816031, 0.77496104419, 0.018136876637],
      [2.1293270072e-06, 0.16241120397, 0.004107475539, 0.012824664028, 0.0044019081646, 0.07473022269, 0.59122880972, 0.15029358657]
    ],
    [
      [6.2580337195e-05, 0.014517751464, 0.0075875332401, 0.010016643252, 0.2041588789, 0.39029162303, 0.37175959446, 0.0016053953265],
      [0.086221638347, 2.9574259708e-13, 0.87815771438, 0.028978027894, 1.266298879e-05, 0.00076932854824, 0.00034876485076, 0.0055118629874],
      [0.066991495396, 6.5399075044e-16, 5.5734712239e-05, 0.04273884266, 0.88684362528, 0.0033169951281, 5.3225893231e-05, 8.0933960886e-08],
      [0.074968015475, 2.3368459945e-14, 0.00054072492321, 0.88496653288, 0.038228460908, 0.00090547915773, 0.00039062725321, 1.5940270293e-07],
      [0.0029587212548, 0.00028943145989, 0.0019477279446, 0.025280765512, 0.063106582024, 0.80825776709, 0.096022390089, 0.0021366146259],
      [0.00037468863271, 0.11440977485, 0.027802752978, 0.0072191048364, 0.0023236824107, 0.069562823833, 0.7595737632, 0.018733409254],
      [1.2297365755e-06, 0.26729062311, 0.0039170291575, 0.0097702178919, 0.0053588444068, 0.065457529139, 0.53019358173, 0.11801094483]
    ],
    [
      [6.8768694393e-05, 0.018681750699, 0.008945279923, 0.010121983545, 0.16757197675, 0.4273337306, 0.36592243541, 0.0013540743761],
      [0.0816580326, 3.2902153224e-13, 0.88797481964, 0.02531361194, 8.9951894399e-06, 0.00072862212064, 0.00029680089541, 0.0040191176149],
      [0.086839151002, 9.936822559e-16, 7.7719485877e-05, 0.051069283091, 0.85765419238, 0.0042976080094, 6.196529786e-05, 8.0738088436e-08],
      [0.081715624185, 2.9920323177e-14, 0.00063419167995, 0.88504109047, 0.031239718286, 0.00098674277973, 0.00038249885247, 1.3374740958e-07],
      [0.0020518506772, 0.00035001256191, 0.0094961254746, 0.024005329938, 0.024510305558, 0.83120378826, 0.10357769779, 0.0048048897384],
      [0, 0.14558138679, 0.042293423348, 0.00082029449557, 0, 0.085683116311, 0.71219467129, 0.013427107764],
      [1.2800723496e-06, 0.32567239043, 0.0043745387977, 0.0093522275637, 0.0041707438616, 0.067918949169, 0.49433371358, 0.094176156523]
    ],
    [
      [4.145952417e-05, 0.0094325183591, 0.0074680243476, 0.0095355506826, 0.19720323208, 0.43314989129, 0.34062016936, 0.0025491543583],
      [0.059977945648, 2.0289136427e-13, 0.90040164644, 0.029126112727, 1.2950648688e-05, 0.00090179566139, 0.00033725407724, 0.0092422947932],
      [0.047138340575, 4.5345079485e-16, 5.8548775897e-05, 0.043406728449, 0.90541488478, 0.0039293454651, 5.2014809871e-05, 1.3714347919e-07],
      [0.053436380367, 1.6419863796e-14, 0.00057566375718, 0.90449168118, 0.040022053707, 0.001087072173, 0.00038687507542, 2.7374360168e-07],
      [0.00067306427559, 0, 0, 0.013069726986, 0.056684970865, 0.86604421989, 0.060409902677, 0.0031181153034],
      [7.3760614503e-07, 0.074341629958, 0.013034896221, 0.0051281030131, 0.0064764167867, 0.12816615162, 0.74447644929, 0.028375615508],
      [8.6818887216e-07, 0.18533022716, 0.0041086495405, 0.0099115158052, 0.0055303478205, 0.077427994184, 0.51782624333, 0.19986415397]
    ],
    [
      [0.00014814162124, 0.0091614827355, 0.0080501044458, 0.0083944233931, 0.21715949664, 0.35639926697, 0.39853891662, 0.0021481675766],
      [0.17576411328, 1.6041124228e-13, 0.79606359843, 0.020892701144, 1.1476701521e-05, 0.0006006517255, 0.00032001368307, 0.0063474450331],
      [0.13510125393, 3.5101600542e-16, 5.0331948508e-05, 0.03049422464, 0.83174318126, 0.002562592149, 4.8323926e-05, 9.2153919953e-08],
      [0.18363394715, 1.5232173162e-14, 0.00059304916645, 0.77277921273, 0.041713284394, 0.00084955933465, 0.00043072678513, 2.2043307037e-07],
      [0.02677037945, 0.001431903004, 0.068104881803, 0.0058159972834, 0.088608806011, 0.69934728848, 0.10607933623, 0.0038414077341],
      [2.381517108e-06, 0.067504656039, 0.034385442234, 0.0040789117963, 0.00035535651672, 0.081243204922, 0.79078072095, 0.02164932602],
      [2.9730828088e-06, 0.17476996907, 0.004244487129, 0.0083623973766, 0.0057681547311, 0.06074456473, 0.58204192291, 0.16406553097]
    ],
    [
      [9.7341054151e-05, 0.013220060715, 0.009869652214, 0.012378820798, 0.20338584607, 0.38916950588, 0.3701522738, 0.0017264994659],
      [0.10282744966, 2.0774865717e-13, 0.86410409688, 0.02762584039, 9.7526954424e-06, 0.00059161624748, 0.00026773430417, 0.0045735098185],
      [0.099981862811, 5.7437547355e-16, 6.993779096e-05, 0.050932575275, 0.84577552827, 0.0031889302598, 5.1081641709e-05, 8.3948561622e-08],
      [0.093224588137, 1.7108059988e-14, 0.00056562278073, 0.87449963309, 0.030671817729, 0.00072568308568, 0.00031251734152, 1.3783120995e-07],
      [0.0045751685181, 0.00026204012553, 0.0025195384383, 0.033906047262, 0.059758927138, 0.80167427043, 0.095019205382, 0.0022848027069],
      [0.018414438261, 0.088999469943, 0.13075610107, 0.064439580619, 0, 0.0036693290029, 0.67876135378, 0.014959727322],
      [1.9381323982e-06, 0.24712856534, 0.0051630114934, 0.012234079876, 0.0054200931187, 0.0661133081, 0.53507705983, 0.12886194411]
    ],
    [
      [6.8681466131e-05, 0.010422925652, 0.0069242309516, 0.0085744958663, 0.16318937369, 0.38498004194, 0.42341873688, 0.0024215135535],
      [0.089210246954, 2.3116972284e-13, 0.84148059666, 0.014965679302, 1.1048097037e-05, 0.00082590590414, 0.029679696739, 0.023826826347],
      [0.089595964203, 5.7336622631e-16, 6.2258059443e-05, 0.044769408064, 0.86149761193, 0.0040005876081, 7.4020749e-05, 1.493823958e-07],
      [0.09425855807, 1.9301420048e-14, 0.00056806440907, 0.86840731691, 0.035227775034, 0.0010270931968, 0.00051091567815, 2.7670660087e-07],
      [0, 0.00021024735886, 0, 0, 0.0091709145524, 0.80788034301, 0.17947579034, 0.0032627047363],
      [0, 0.091097189677, 0, 0, 0.00025457222226, 0.084649902049, 0.80100566839, 0.022992667663],
      [1.2735177602e-06, 0.18292342582, 0.0033732067311, 0.0078918595146, 0.0040495210588, 0.060877584523, 0.57052646508, 0.17035666375]
    ],
    [
      [5.6901488499e-05, 0.0077531237098, 0.0065500279552, 0.0079601522793, 0.20644194162, 0.40936032202, 0.35894868749, 0.0029288434363],
      [0.090096044301, 1.8204098347e-13, 0.87043137069, 0.026546549093, 1.4787414384e-05, 0.00092928722899, 0.00038775466634, 0.011594206605],
      [0.056398342594, 3.5864812794e-16, 0, 0, 0.90064488512, 0.010909702239, 0.021833456958, 0.010213613087],
      [0.083855341463, 1.5392068702e-14, 0.00057589396479, 0.858641637, 0.047757987303, 0.0087040079771, 0.00046477354533, 3.5874738384e-07],
      [0, 0.00014950526845, 0, 0, 0.061811342574, 0.84465046109, 0.089617532586, 0.0037711584774],
      [0, 0.061761594452, 0, 0, 0.029886421686, 0.10668477164, 0.76968474478, 0.031982467443],
      [1.1681158952e-06, 0.15651846881, 0.0011101840852, 0, 0.0094171142793, 0.071665024458, 0.53512959232, 0.22615844793]
    ],
    [
      [0.00010661009235, 0.0098479174279, 0.0083405330575, 0.009993185193, 0.19239686331, 0.42751336385, 0.34900801445, 0.0027935126107],
      [0.12793557614, 1.7488944269e-13, 0.83745780817, 0.025212468708, 1.0415990007e-05, 0.00073391827217, 0.00028521938249, 0.0083645933291],
      [0.11481112368, 4.4664403372e-16, 6.1694357759e-05, 0.042947965045, 0.83847458176, 0.0036542266974, 5.0266660903e-05, 1.417988671e-07],
      [0.12088987552, 1.5017071294e-14, 0.00056322643343, 0.84309714999, 0.034163670319, 0.00093867205629, 0.00034714288598, 2.6280032589e-07],
      [0.0047001887002, 0.00018304961553, 0.0019966538205, 0.023522985873, 0.055497993279, 0.82662880635, 0.084003179534, 0.0034671428313],
      [0.006520879401, 0.07426286029, 0.055284948331, 0.016006159084, 0.0061674284019, 0.11001822334, 0.70204947047, 0.029690030674],
      [2.1434371173e-06, 0.18623850408, 0.0044055133868, 0.0099729957942, 0.0051720754259, 0.073287540481, 0.50953170927, 0.21138951813]
    ],
    [
      [8.4483424807e-05, 0.0092070673892, 0.0072730187154, 0.0084105466114, 0.20763202126, 0.41938941114, 0.3463752489, 0.0016282025639],
      [0.11725635972, 1.897023336e-13, 0.85129939088, 0.024610847273, 1.3060101807e-05, 0.00083615751405, 0.00032844591677, 0.0056557385937],
      [0.088048119718, 4.0517659606e-16, 5.2195729049e-05, 0.035052320546, 0.87331705325, 0.0034818201666, 4.8410397718e-05, 8.0191512708e-08],
      [0.11453471639, 1.6833971184e-14, 0.00058883321349, 0.83910134202, 0.044256582164, 0.0011052138663, 0.000413128683, 1.8365386228e-07],
      [0.0037971050436, 0, 0, 0, 0.089256355762, 0.85837164913, 0.048574890067, 0],
      [0.0014804430977, 0.067851952645, 0.029993931547, 0.0041276783219, 0.012422893906, 0.10673101927, 0.76050245155, 0.016889629661],
      [1.9034344284e-06, 0.19495779762, 0.0043048919523, 0.0094058011717, 0.0062637267677, 0.080635894884, 0.56663516839, 0.13779481578]
    ],
    [
      [5.5502477988e-05, 0.0051498541132, 0.0067945315836, 0.0093659479523, 0.19119886736, 0.4309102125, 0.35456567687, 0.0019594071384],
      [0.0856399641, 1.1785537823e-13, 0.8750180228, 0.030442271406, 1.3338556329e-05, 0.00095369030927, 0.00037345028658, 0.0075592625456],
      [0.063689457869, 2.4934165235e-16, 5.3651045472e-05, 0.042950897646, 0.88931766461, 0.0039336994418, 5.4523216012e-05, 1.0617280137e-07],
      [0.071306084796, 8.9155098025e-15, 0.00052088544668, 0.88815488685, 0.038542889238, 0.0010746045924, 0.00040043981711, 2.0926377575e-07],
      [0.0011319544227, 9.5547913598e-05, 0.0016234949027, 0.022000904404, 0.05504870326, 0.83248110999, 0.085191061757, 0.0024272233534],
      [0, 0.037657784606, 0.0047759731375, 0.0063298331867, 0.011275247186, 0.17346356446, 0.75035445791, 0.016143139513],
      [1.3057121683e-06, 0.11379204895, 0.0041994475394, 0.010936872788, 0.0060144071016, 0.08647103231, 0.60562817543, 0.17295671017]
    ],
    [
      [6.9403448657e-05, 0.011567766992, 0.0067939855125, 0.011570551444, 0.17485986048, 0.41320381195, 0.38085659421, 0.0010780259602],
      [0.10419376884, 2.579937132e-13, 0.85381285668, 0.036646109394, 1.1907127703e-05, 0.00089160662924, 0.00039106971286, 0.0040526816175],
      [0.084168448605, 5.9273563553e-16, 5.6770350718e-05, 0.056144001444, 0.8555750475, 0.0039936677596, 6.200251931e-05, 6.1817181909e-08],
      [0.072981679005, 1.6416188731e-14, 0.00042691942766, 0.89646222776, 0.02893131675, 0.00084504689008, 0.00035271579313, 9.4373471938e-08],
      [0.0022094051582, 0.00022082728712, 0.0016701731014, 0.050625614526, 0.023597746252, 0.82557489232, 0.094727421434, 0.0013739199168],
      [0, 0.085498441014, 0.0053717184382, 0.032477399081, 0, 0.096815387804, 0.76952500833, 0.010312045334],
      [1.4750796283e-06, 0.23064204233, 0.0037936190535, 0.012206568257, 0.004977283785, 0.074941167844, 0.58758951849, 0.085848325158]
    ],
    [
      [6.0698426267e-05, 0.01103043388, 0.0083851566057, 0.008816643132, 0.18015706201, 0.42633061516, 0.36343414491, 0.0017852458726],
      [0.076258412257, 2.0535256079e-13, 0.89372603105, 0.023321066371, 1.0237070919e-05, 0.00076663877529, 0.00031094553685, 0.0056066689407],
      [0.073043178941, 5.6192309821e-16, 6.9730067632e-05, 0.026979336271, 0.87979318324, 0.0040928764101, 0.014704936418, 0.0013167586518],
      [0.081868162393, 2.0030411521e-14, 0.00067444324773, 0.87777773763, 0.038135684609, 0.0011138546774, 0.00042991739776, 2.000421824e-07],
      [0, 0.00020652277387, 0.015045358276, 0, 0.023159443724, 0.87049645277, 0.08885964078, 0.0022325816728],
      [0, 0.086404143057, 0.040388221465, 0, 0.00031180941756, 0.10191671835, 0.75217394157, 0.018805166136],
      [1.2607268598e-06, 0.21670405327, 0.0045753443748, 0.0090897820125, 0.0050077476414, 0.075434670206, 0.54861447694, 0.14057266483]
    ],
    [
      [9.4160447125e-05, 0.0068570380685, 0.0079988938702, 0.0090300707268, 0.19570097261, 0.39523938751, 0.38292561695, 0.0021538598187],
      [0.11835958468, 1.2790878861e-13, 0.84988553734, 0.023926836176, 1.1145768841e-05, 0.00071290319784, 0.00032851190652, 0.0067754809284],
      [0.10197999495, 3.1348288404e-16, 5.9643995433e-05, 0.03910426782, 0.85539404061, 0.0034063817509, 5.5560658532e-05, 1.1021466145e-07],
      [0.11896705107, 1.1680026907e-14, 0.00060340995799, 0.84016801251, 0.038866433474, 0.00096965786592, 0.00042520876601, 2.2635954591e-07],
      [0.0073788454801, 0, 0.012605033377, 0.014593528312, 0.078813952313, 0.79691493674, 0.088525115068, 0.0011685887072],
      [0.0014578819305, 0.051102074886, 0.035653565216, 0.0045778142783, 0.00033808383262, 0.094353438954, 0.78989549456, 0.022621646342],
      [2.0163924593e-06, 0.13843604449, 0.004500009929, 0.0095984946044, 0.0056111627464, 0.07217645616, 0.59567027735, 0.17400553833]
    ],
    [
      [5.3967181526e-05, 0.0076286273991, 0.0087263897053, 0.010194257387, 0.21603475293, 0.4094389658, 0.34679791609, 0.0011251235092],
      [0.066485522899, 1.3985086585e-13, 0.90246056354, 0.026544389107, 1.2102206554e-05, 0.00072605290209, 0.00029240555279, 0.0034789637938],
      [0.055655213279, 3.3284964279e-16, 6.2110270643e-05, 0.042123495882, 0.8987421109, 0.00336898928, 4.8025441185e-05, 5.4949029192e-08],
      [0.064471784819, 1.2317654068e-14, 0.00062410344583, 0.89288757097, 0.040698852342, 0.0009525231848, 0.00036505314859, 1.1209064447e-07],
      [0.0024596526679, 0, 0.013004802492, 0.04772003227, 0.11702014831, 0.80887482451, 0.010920539759, 0],
      [0.0086942795733, 0.050086587061, 0.050061956687, 0.0055697346508, 0.00040252053592, 0.10536006918, 0.77097597444, 0.0088488778735],
      [1.3108701476e-06, 0.17492908305, 0.0055687434999, 0.012291035077, 0.0070312855719, 0.084829746576, 0.61192405742, 0.10342473793]
    ],
    [
      [4.1887020675e-05, 0.0055129041023, 0.0090316600361, 0.0093249942336, 0.17112110439, 0.38952562807, 0.41337362058, 0.0020682015668],
      [0.050930859541, 9.9545064298e-14, 0.91781880623, 0.023919062909, 9.4241857691e-06, 0.00067917243476, 0.00034321844416, 0.0062994562567],
      [0.053950907927, 3.0021405502e-16, 8.0153886957e-05, 0.048051707496, 0.89385645895, 0.0039892890842, 7.1356712437e-05, 1.2593990095e-07],
      [0.055347460536, 9.8407423249e-15, 0.0007141270677, 0.8869749206, 0.025858847217, 0.0010000567295, 0.028591438074, 0.0015131497703],
      [0, 0.00010996864762, 0.048649626945, 0, 0, 0.80956495938, 0.13892002731, 0.0027554177174],
      [0, 0.042244664538, 0.049652756106, 0, 0, 0.079106066272, 0.80839844313, 0.020598069953],
      [8.8506317423e-07, 0.11004621172, 0.0050137168553, 0.0097802037101, 0.0048357383078, 0.070100858117, 0.63459163876, 0.16563074747]
    ],
    [
      [0.00010443369202, 0.0069960669069, 0.0069962436088, 0.010465300344, 0.18290233216, 0.40508707057, 0.38571400418, 0.0017345485415],
      [0.14569598832, 1.4525142358e-13, 0.81617717147, 0.030859487158, 1.1601813095e-05, 0.00081414721435, 0.00036840273106, 0.0060732012896],
      [0.11762388144, 3.334042251e-16, 5.4386935735e-05, 0.047229099746, 0.83139084611, 0.003643338461, 5.8354782631e-05, 9.252252533e-08],
      [0.11574691926, 1.0480977381e-14, 0.00046423461879, 0.85057201909, 0.031964824477, 0.00087504140622, 0.00037680082466, 1.6032734328e-07],
      [0.0047898190681, 0, 0, 0.063362694689, 0.05177983763, 0.80271756293, 0.077350085679, 0],
      [0.0075927441206, 0.049652905736, 0.011980987257, 0.020982422091, 0.00031591372303, 0.096704220239, 0.79474911403, 0.018021692805],
      [2.2920814044e-06, 0.14476740937, 0.004034165253, 0.011401029443, 0.005378222971, 0.075885767204, 0.61486023627, 0.14367087741]
    ],
    [
      [3.6985953153e-05, 0.0083839878496, 0.0092684013192, 0.010379561676, 0.25436811665, 0.36926580536, 0.34713629067, 0.0011608505268],
      [0.044282972402, 1.4944458023e-13, 0.9250201922, 0.026273711728, 1.3851132407e-05, 0.00063596728873, 0.0002846977409, 0.0034886075066],
      [0.033371331814, 3.2018589708e-16, 5.7732512884e-05, 0.037533336171, 0.92633896741, 0.0026564895573, 4.2092920645e-05, 4.9617394732e-08],
      [0.044013486187, 1.3490866687e-14, 0.00066049492392, 0.90636374087, 0.047742725687, 0.00085514369262, 0.00036429339606, 1.1523941395e-07],
      [0.0018089416961, 0.00017291772625, 0.0024620613152, 0.027101294419, 0.081534081615, 0.79262400243, 0.09269805691, 0.0015986438902],
      [0.0084529326685, 0.051187123308, 0.083851411943, 0.024041297555, 0.13809165203, 0.033167605666, 0.65564649109, 0.0055614857325],
      [8.8692168243e-07, 0.18904517104, 0.0058392680632, 0.012354650236, 0.0081725047771, 0.075471898525, 0.60450968113, 0.1046059393]
    ],
    [
      [7.0596900257e-05, 0.0096211533151, 0.0076563177696, 0.0097317375344, 0.17080775902, 0.40949566793, 0.39147148798, 0.0011452795434],
      [0.09641548018, 1.9551360194e-13, 0.87039084364, 0.028087603784, 1.0602200517e-05, 0.0008048936376, 0.00036598225314, 0.0039245943011],
      [0.087952834436, 5.0721351383e-16, 6.5826578988e-05, 0.048576352479, 0.85926929542, 0.0040701172127, 6.5506312267e-05, 6.7563642519e-08],
      [0.086688953289, 1.5967042906e-14, 0.000562776554, 0.87828399553, 0.03306140406, 0.00097909920492, 0.00042365409383, 1.1726437024e-07],
      [0.00065947624334, 0.00031168397962, 0, 0.030777808822, 0.010961778742, 0.83645230556, 0.1197538648, 0.0010830818561],
      [1.1493948761e-06, 0.072286311514, 0.032397000022, 0.0047894947713, 0.00028659110758, 0.094925529121, 0.78363760217, 0.011676321903],
      [1.5274292951e-06, 0.19610490083, 0.0043521349607, 0.010451279473, 0.0049503053112, 0.075574560615, 0.61514503805, 0.093420253333]
    ],
    [
      [7.3287570648e-05, 0.0090371242703, 0.0076006620966, 0.010117304502, 0.15320173031, 0.4136183614, 0.40635152985, 0],
      [0.099525991281, 1.8182324348e-13, 0.87035468713, 0.028929831224, 9.4085010488e-06, 0.00080438313155, 0.00037569873528, 0],
      [0.097533085489, 5.1740005143e-16, 7.0991171271e-05, 0.054886977978, 0.80145318075, 0.0044615347026, 0.041594229907, 0],
      [0.086647558929, 1.4382403355e-14, 0.0005359602448, 0.88302345608, 0.028424043197, 0.00094774144898, 0.0004212401005, 0],
      [0, 0, 0.00053137035727, 0.044564838447, 0, 0.84887721926, 0.10602657193, 0],
      [0, 0.06571183187, 0.032363371959, 0.0058175904714, 0, 0.094268338597, 0.8018388671, 0],
      [1.7217890748e-06, 0.20192526336, 0.0046911629426, 0.011798343776, 0.0048157084126, 0.082809592418, 0.6939582073, 0]
    ],
    [
      [7.4067989305e-05, 0.007417245195, 0.0064179541466, 0.0096583912617, 0.19777589716, 0.38962203578, 0.38903440846, 0],
      [0.11749281885, 1.7480795828e-13, 0.78455707901, 0.032341159389, 0.042932301008, 0.022255423154, 0.00042121859334, 0],
      [0.080840725557, 3.4204239173e-16, 4.8291767589e-05, 0.042196999096, 0.87346920527, 0.0033879023678, 5.6875945433e-05, 0],
      [0.09062864705, 0, 0, 0.86947863299, 0.038547477888, 0.00092689372802, 0.000418348341, 0],
      [0.0035049978255, 0, 0, 0.028278232851, 0.072984569601, 0.80864674962, 0.086585450099, 0],
      [0.00024300856136, 0.046706041503, 0, 0.044649821454, 0.00034587306666, 0.094189600158, 0.81386565526, 0],
      [1.8729585499e-06, 0.1777702279, 0.0042637981085, 0.012122909276, 0.0066935588083, 0.084012998805, 0.71513463415, 0]
    ],
    [
      [0.00011844841412, 0.0032688015911, 0.0069480072373, 0.0089167650733, 0.1656468667, 0.45317121477, 0.36077809898, 0.0011517972372],
      [0.16443692555, 6.70727785e-14, 0.80430528826, 0.026019269649, 1.0317301619e-05, 0.00089594421762, 0.00033932477087, 0.0039929302495],
      [0.14078088392, 1.6341986858e-16, 5.671621196e-05, 0.042280628309, 0.81256864176, 0.0042560126952, 5.7052605737e-05, 6.4493355985e-08],
      [0.14699742459, 5.4485912822e-15, 0.0005134517305, 0.8189659251, 0.0320482763, 0.0010840875206, 0.00039071623257, 1.185287739e-07],
      [0.0050036018851, 0, 0, 0.020109194876, 0.037934553683, 0.91921244867, 0.017740200883, 0],
      [0.0034417731674, 0.021027270321, 0.025068508861, 0.016585318179, 0.00030608845405, 0.1211399939, 0.8051496234, 0.0072814237136],
      [3.0706756757e-06, 0.081419699839, 0.0047321764204, 0.011474140314, 0.0057117132634, 0.099809589411, 0.68099192681, 0.11585768327]
    ],
    [
      [0.000285361606, 0.0028623845756, 0.0079337162749, 0.0078506400959, 0.19542881903, 0.40025418264, 0.38397280439, 0.0014120913923],
      [0.29004878812, 4.3113073445e-14, 0.68870433343, 0.016801023885, 8.986637441e-06, 0.00058265871609, 0.00026582219871, 0.0035883870137],
      [0.25738196648, 1.0884370974e-16, 4.921122536e-05, 0.028286337147, 0.7113682395, 0.002867874111, 4.6311424615e-05, 6.0108655339e-08],
      [0.31826204322, 4.2981953214e-15, 0.00052767393595, 0.64575403953, 0.03421522982, 0.0008652389469, 0.00037564369785, 1.3084262843e-07],
      [0.044936412143, 0, 0.030177522007, 0.037328207823, 0.13428123699, 0.75327662104, 0, 0],
      [0.026422706373, 0.016417109579, 0.036667461897, 0.0041252181596, 0.0003498482052, 0.098987707193, 0.80958512814, 0.007444820453],
      [7.0890668345e-06, 0.067320466048, 0.0051775952484, 0.0096806607345, 0.0064985679006, 0.084743785062, 0.69322039364, 0.1333514423]
    ],
    [
      [0.00025647788128, 0.010383822498, 0.0060506182603, 0.0089324066776, 0.21115686775, 0.33327836406, 0.42803392467, 0.0019075182112],
      [0.32538567665, 1.9541332259e-13, 0.6436859326, 0.023883806398, 1.2129444046e-05, 0.00060643603121, 0.0003701804647, 0.0060558384157],
      [0.22333689471, 3.819007209e-16, 3.6270314866e-05, 0.031097642619, 0.74317082054, 0.0023084169534, 4.9876405063e-05, 7.8460234109e-08],
      [0.26990020579, 1.4725850747e-14, 0.00038011814008, 0.69373463994, 0.034908743376, 0.00068071014815, 0.00039541566938, 1.6692929272e-07],
      [0.050127180881, 0.0023757476049, 0, 0.055860461917, 0.13877094042, 0.63352009511, 0.11610147426, 0.0032440998024],
      [0.00045254271016, 0.072784517583, 0.024175313574, 0.004135389724, 0.0003329834276, 0.072644983006, 0.80716753936, 0.018306730614],
      [4.942322521e-06, 0.18937816437, 0.0030631707567, 0.0085438908351, 0.0054455844045, 0.054755163533, 0.59947280775, 0.13933627602]
    ],
    [
      [0.00020698159255, 0.0035002215037, 0.0059106920932, 0.0085675060657, 0.23650485792, 0.37762754332, 0.36628874535, 0.0013934521599],
      [0.2849967878, 7.1667918265e-14, 0.68416959407, 0.024915156189, 1.4791118484e-05, 0.00074749077608, 0.00034485436586, 0.0048113256833],
      [0.17261638965, 1.2343114763e-16, 3.3998046911e-05, 0.028611783119, 0.79618689161, 0.0025098962989, 4.0986275913e-05, 5.5000926457e-08],
      [0.23673385114, 5.407450992e-15, 0.00040442277801, 0.7190384712, 0.042614229603, 0.0008400752474, 0.00036881721414, 1.328211583e-07],
      [0.0099268603602, 0, 0, 0.025726023091, 0.23793179067, 0.72641532588, 0, 0],
      [0.054952053114, 0.017478758656, 0.009614311296, 0.042864421905, 0.00044504622326, 0.098139701034, 0.7740544425, 0.0024512652722],
      [5.269522535e-06, 0.084005698897, 0.0039533661178, 0.010826734532, 0.0080650554445, 0.081970167868, 0.67747709894, 0.13369660867]
    ],
    [
      [0.00021100642427, 0.0055562844109, 0.0080672254239, 0.013340963302, 0.15882113443, 0.40891482486, 0.40359945982, 0.0014891013208],
      [0.2281363889, 8.8984552263e-14, 0.73654285726, 0.030360113569, 7.7571799505e-06, 0.00063215468747, 0.00029682858996, 0.0040238998168],
      [0.23159178661, 2.5701140815e-16, 6.0881396258e-05, 0.058477036049, 0.70625132909, 0.0035597273488, 5.9162392074e-05, 7.7113573311e-08],
      [0.17283199251, 6.125176935e-15, 0.00039397323456, 0.80543987866, 0.020396296453, 0.00064814519221, 0.00028961264352, 1.0130397833e-07],
      [0.022772848686, 0, 0.026691197771, 0.21615274994, 0.01314281506, 0.72124038854, 0, 0],
      [0.036017309611, 0.02861867398, 0.0348126339, 0.0065475842289, 0.00026524686323, 0.094360298639, 0.79344800905, 0.0059302437282],
      [4.7053894302e-06, 0.11750394105, 0.0047260749446, 0.014767042135, 0.0047354002159, 0.077631488929, 0.65441738705, 0.12621396029]
    ],
    [
      [8.2168910798e-05, 0.0079724414947, 0.0069968209381, 0.0099931313498, 0.21380802233, 0.40820318183, 0.35175767849, 0.0011865546603],
      [0.1161256902, 1.6704001316e-13, 0.84874464225, 0.029755401538, 1.3685917028e-05, 0.00082618333099, 0.000338453016, 0.0041959437408],
      [0.083215751807, 0, 0, 0.040449895185, 0.87300317229, 0.0032835687163, 4.7612002218e-05, 0],
      [0.096243021286, 1.2577671114e-14, 0.00048901577863, 0.86262858947, 0.039351407746, 0.00092661846497, 0.00036123172667, 1.1553071841e-07],
      [0.0037459560294, 0, 0, 0.029695045899, 0.14273796152, 0.80612655682, 0.017694479727, 0],
      [0.013924076935, 0.050197310275, 0.008617758784, 0.037035785375, 0.00039518000856, 0.10412590186, 0.77777013633, 0.0079338504401],
      [1.9502292274e-06, 0.1799073416, 0.0043624388749, 0.011772958204, 0.0067955970846, 0.082521400796, 0.60709505715, 0.10754325606]
    ],
    [
      [8.3464700447e-05, 0.012088457213, 0.0063481403532, 0.0067561134056, 0.23730097161, 0.41034193194, 0.32595666714, 0.0011242536337],
      [0.12834238038, 2.755191908e-13, 0.84419495477, 0.021878356331, 1.6517850213e-05, 0.00090388942882, 0.00034128758854, 0.0043226136541],
      [0.077969535839, 0, 0, 0, 0.89368693842, 0.028302820677, 4.0705062586e-05, 0],
      [0.1345808656, 2.624956689e-14, 0.00061048931392, 0.7091468004, 0.14279765078, 0.012403154156, 0.00046088910549, 1.5064547769e-07],
      [0.00076342985492, 0, 0, 0, 0.13592832071, 0.82398875456, 0.039319494875, 0],
      [1.541644689e-06, 0.085448777112, 0.0017671503171, 0, 0.052877110513, 0.10782730874, 0.74156814836, 0.010509963311],
      [1.9094771919e-06, 0.26173263062, 0.0038150081803, 0.007672108101, 0.0072693166448, 0.080007990082, 0.5420867781, 0.097414258801]
    ],
    [
      [8.437842949e-05, 0.0091899398177, 0.0076845784573, 0.0078664059202, 0.19887670181, 0.44171089788, 0.33393991512, 0.00064718256037],
      [0.11098899077, 1.7890751267e-13, 0.8639898911, 0.021753637748, 1.1813883004e-05, 0.00083206435288, 0.00029916901409, 0.0021244331325],
      [0.091556830511, 4.1998725506e-16, 5.7267731523e-05, 0.029970154781, 0.87047197358, 0.0078952754029, 4.8464886424e-05, 3.3102554045e-08],
      [0.12084507344, 1.7700939369e-14, 0.00065537434, 0.83221364163, 0.044640054051, 0.0012262217008, 0.00041955792916, 7.6904391359e-08],
      [0.003661166089, 0, 0.0018102620428, 0, 0.065214041306, 0.90944793096, 0.019866599601, 0],
      [0.00037830805289, 0.063203658053, 0.038060803486, 0, 0.020373368999, 0.11598971053, 0.75671766416, 0.0052764867203],
      [2.1113768937e-06, 0.216413111, 0.0050513652683, 0.0097705329717, 0.006659766909, 0.094314628284, 0.60677560912, 0.061012875071]
    ],
    [
      [2.430925447e-05, 0.017782212057, 0.0072299956786, 0.0088362977637, 0.19567973036, 0.44783817676, 0.32045832494, 0.0021509531954],
      [0.037073020875, 4.0128196753e-13, 0.92509196944, 0.028327259712, 1.3462175429e-05, 0.00097771150079, 0.00033271856073, 0.0081838577364],
      [0.024662029226, 8.7585317892e-16, 5.8082424433e-05, 0.039985687483, 0.9260547213, 0.0041607679332, 5.0118192257e-05, 0.0050285934379],
      [0.034142457067, 3.3583202708e-14, 0.00060465477813, 0.92060462268, 0.043034570868, 0.0012187612349, 0.00039468276314, 2.50612612e-07],
      [0, 0.00032234132817, 0, 0, 0.047558498003, 0.87273385435, 0.073285912024, 0.0060993942934],
      [0, 0.14593270971, 0, 0, 0.00035038289068, 0.14453652216, 0.68574253439, 0.023437850845],
      [0, 0.32626954226, 0.0024712177802, 0, 0.0049556380328, 0.072368982285, 0.44078064933, 0.15315397031]
    ],
    [
      [8.5718182827e-05, 0.011623881989, 0.0063513441104, 0.010104120541, 0.19639482421, 0.41864477299, 0.35583515848, 0.00096017949437],
      [0.13074217338, 2.6245760533e-13, 0.83190277306, 0.032402910283, 1.3530296939e-05, 0.00091421674835, 0.00036977933533, 0.0036546168901],
      [0.093017444901, 5.3137058719e-16, 4.733769748e-05, 0.043750819987, 0.8595241116, 0.0036085731603, 5.1663535862e-05, 4.9122726639e-08],
      [0.099233608563, 1.8101617099e-14, 0.00043787221013, 0.86338888104, 0.035638859435, 0.00093918641615, 0.00036150009648, 9.2242647537e-08],
      [0.0038490388469, 0.00022008114723, 0.0015483424225, 0.024221221737, 0.057739626557, 0.82396052559, 0.087247403921, 0.0012137597739],
