{
  "Z_true": {},
  "V_true": [
    [59, 42, 1243, 102, 371],
    [29, 1034, 170, 792, 132],
    [365, 589, 477, 11693, 755],
    [134, 84, 4414, 207, 218],
    [172, 101, 724, 439, 405],
    [839, 51, 944, 589, 186],
    [65, 185, 228, 754, 744]
  ],
  "p_true": [
    [0.0325, 0.0231, 0.6841, 0.0561, 0.2042],
    [0.0134, 0.4794, 0.0788, 0.3672, 0.0612],
    [0.0263, 0.0424, 0.0344, 0.8425, 0.0544],
    [0.0265, 0.0166, 0.8728, 0.0409, 0.0431],
    [0.0934, 0.0549, 0.3933, 0.2385, 0.22],
    [0.3216, 0.0195, 0.3618, 0.2258, 0.0713],
    [0.0329, 0.0936, 0.1154, 0.3816, 0.3765]
  ],
  "Z_est": [
    [
      [0, 0, 0, 0, 0, 0, 0, 0, 0, 0, 0, 0, 0, 0, 0, 0, 0, 0, 0, 0, 0, 0, 0, 0, 0, 0, 0, 0, 0, 0, 0, 0, 0, 0, 0, 0, 0, 0, 0, 0, 0, 0, 0, 0, 0, 0, 0, 0, 0, 0, 0, 0, 0],
      [0, 0, 0, 0, 0, 0, 0, 0, 0, 0, 0, 0, 0, 0, 0, 0, 0, 0, 0, 0, 0, 0, 0, 0, 0, 0, 0, 0, 0, 0, 0, 0, 0, 0, 0, 0, 0, 0, 0, 0, 0, 0, 0, 0, 0, 0, 0, 0, 0, 0, 0, 0, 0],
      [17, 18, 3, 2, 8, 9, 5, 56, 55, 15, 10, 6, 16, 60, 68, 10, 7, 3, 75, 96, 102, 48, 30, 19, 11, 10, 6, 19, 2, 43, 17, 102, 40, 38, 5, 6, 13, 22, 10, 20, 3, 6, 1, 1, 136, 62, 102, 141, 3, 99, 13, 125, 23],
      [0, 0, 0, 0, 0, 0, 0, 0, 0, 0, 0, 0, 0, 0, 0, 0, 0, 0, 0, 0, 0, 0, 0, 0, 0, 0, 0, 0, 0, 0, 0, 0, 0, 0, 0, 0, 0, 0, 0, 0, 0, 0, 0, 0, 0, 0, 0, 0, 0, 0, 0, 0, 0],
      [0, 0, 0, 0, 0, 0, 0, 0, 0, 0, 0, 0, 0, 0, 0, 0, 0, 0, 0, 0, 0, 0, 0, 0, 0, 0, 0, 0, 0, 0, 0, 0, 0, 0, 0, 0, 0, 0, 0, 0, 0, 0, 0, 0, 0, 0, 0, 0, 0, 0, 0, 0, 0]
    ],
    [
      [0.4421, 0.5482, 0.1061, 0.1061, 0.2653, 0.3537, 0.0884, 0.336, 0.6543, 0.2653, 0.336, 0, 0, 0.5129, 0.3006, 0.283, 0.1238, 0.0531, 1.3971, 1.3264, 1.6712, 1.202, 1.0611, 0.336, 0, 0.4952, 0.4068, 1.0434, 0.2653, 2.1399, 0.3537, 2.2814, 1.8039, 1.3971, 0.1061, 0.1592, 0.283, 1.0257, 0.4244, 0.8843, 0.3006, 0.4775, 0.1945, 0.1061, 1.0257, 0.672, 0.5482, 0.4952, 0.0354, 1.4855, 0, 4.1383, 0.6013],
      [19.4721, 24.1454, 4.6733, 4.6733, 11.6833, 15.5777, 3.8944, 14.7988, 28.8187, 11.6833, 14.7988, 46.4535, 92.2312, 22.5876, 13.241, 12.4621, 5.4522, 2.3367, 61.5318, 58.4163, 35.3194, 48.9818, 49.7452, 12.5376, 21.8088, 21.8088, 17.9143, 45.9542, 11.6833, 94.245, 15.5777, 100.4761, 69.8514, 61.5318, 4.6733, 7.01, 12.4621, 45.1753, 18.2399, 38.9442, 13.241, 21.0299, 8.5677, 4.6733, 45.1753, 29.5976, 24.1454, 21.8088, 1.5578, 65.4263, 13.3047, 182.2589, 23.0099],
      [2.0776, 2.5763, 0.4986, 0.4986, 1.2466, 1.6621, 0.4155, 1.579, 3.0749, 1.2466, 1.579, 5.0694, 10.4713, 2.4101, 1.4128, 1.3297, 0.5817, 0.2493, 6.5653, 6.2329, 4.0722, 5.2356, 4.9863, 3.8402, 2.327, 2.327, 1.9114, 4.9032, 1.2466, 13.405, 1.6621, 10.7206, 8.4767, 6.5653, 0.4986, 0.7479, 1.3297, 4.8201, 1.9945, 4.1553, 1.4128, 2.2438, 0.9142, 0.4986, 4.8201, 3.158, 2.5763, 2.327, 0.1662, 6.9809, 1.4959, 19.4467, 6.2978],
      [1.4076, 1.7454, 0.3378, 0.3378, 0.8446, 1.1261, 0.2815, 1.0698, 2.0832, 0.8446, 1.0698, 9.4771, 15.2308, 1.6328, 0.9572, 0.9009, 0.3941, 0.1689, 4.448, 4.2228, 2.7589, 3.5471, 3.3782, 1.0698, 2.0717, 1.5765, 1.295, 3.3219, 0.8446, 6.8127, 1.1261, 7.2632, 15.3377, 4.448, 0.3378, 0.5067, 0.9009, 3.2656, 1.3513, 2.8152, 0.9572, 1.5202, 0.6193, 0.3378, 3.2656, 2.1395, 1.7454, 1.5765, 0.1126, 4.7295, 1.0135, 13.175, 1.9143],
      [1.6005, 1.9847, 0.3841, 0.3841, 0.9603, 1.2804, 0.3201, 1.2164, 2.3688, 0.9603, 1.2164, 0, 8.0667, 1.8566, 1.0884, 1.0243, 0.4482, 0.1921, 5.0577, 4.8016, 5.1783, 4.0334, 0.8292, 1.2164, 1.7926, 1.7926, 1.4725, 3.7773, 0.9603, 4.3974, 1.2804, 8.2588, 6.5302, 5.0577, 0.3841, 0.5762, 1.0243, 3.7133, 1.9899, 3.2011, 1.0884, 1.7286, 0.7042, 0.3841, 3.7133, 2.4328, 1.9847, 1.7926, 0.128, 5.3778, 2.186, 14.9811, 2.1767]
    ],
    [
      [8.4316, 0.6155, 1.7852, 2.5161, 0.7063, 0, 0.5449, 0.9808, 21.3395, 5.2991, 11.8468, 0, 0, 1.8655, 0, 0, 0, 0, 0, 0, 1.1352, 6.5839, 1.2233, 0.9166, 0, 1.8867, 2.5771, 14.2405, 1.7431, 2.4077, 17.1144, 7.2474, 0, 3.2652, 5.1232, 5.7877, 1.662, 2.0293, 0.524, 0, 0, 0, 2.843, 1.0889, 0, 2.8154, 0, 0, 0, 0, 0, 12.5026, 1.3288],
      [9.6514, 5.3742, 3.8653, 0, 4.6872, 7.6901, 2.3883, 0, 0.0793, 0.8422, 1.85, 0, 0, 8.7585, 0, 0, 0.2549, 0.2216, 0, 3.7896, 0, 0, 5.7245, 0, 2.8614, 0.1702, 4.7908, 6.3715, 0.512, 0.5019, 2.6563, 0, 0, 4.8438, 2.4902, 0.6948, 4.0026, 9.2234, 0, 17.8695, 0, 2.737, 1.4289, 3.4143, 0, 13.4986, 2.6816, 0, 0.8754, 0, 0, 52.1023, 0],
      [0, 0, 0, 0, 0, 0, 0, 3.3281, 10.8472, 0, 0, 4.4992, 0.7401, 28.4181, 14.7185, 1.4709, 0, 0.6163, 22.1937, 53.9329, 3.852, 16.2878, 16.4988, 22.5596, 0, 2.2778, 0, 0, 0, 30.5315, 4.0712, 35.3677, 8.7518, 0, 0, 0, 0, 5.6049, 8.8423, 6.2816, 7.0687, 0, 0, 0, 37.7855, 40.0523, 32.3097, 31.1351, 0, 32.2104, 0, 0, 5.3996],
      [338.055, 463.4542, 151.8999, 292.4565, 400.8362, 660.0616, 52.7547, 103.691, 340.703, 100.3269, 95.3766, 141.5008, 194.5067, 168.6088, 139.1792, 97.5291, 21.7692, 18.4056, 281.5606, 284.2774, 102.0278, 178.1283, 151.5534, 93.5238, 196.3095, 263.4817, 161.8478, 530.6114, 369.6061, 275.5589, 128.1581, 755.3849, 264.5068, 241.5913, 32.0153, 66.5176, 167.3638, 240.4369, 138.8491, 387.3329, 133.5525, 225.0662, 355.5828, 298.0293, 237.3975, 253.6337, 197.8559, 164.7029, 68.0864, 474.9979, 83.8711, 813.6301, 137.6792],
      [14.8621, 15.556, 14.4495, 19.0274, 16.7703, 26.2483, 4.312, 0, 30.031, 9.5317, 6.9266, 0, 2.7531, 10.349, 3.1023, 0, 0.9759, 0.7564, 5.2457, 0, 17.9849, 0, 0, 0, 7.8291, 17.1836, 10.7844, 23.7767, 24.1388, 0, 0, 0, 10.7414, 10.2997, 2.3714, 0, 9.9716, 7.7055, 7.7846, 10.5161, 2.3788, 19.1968, 14.1453, 1.4675, 10.817, 0, 9.1529, 17.162, 10.0382, 18.7917, 6.1289, 59.765, 3.5923]
    ],
    [
      [0.7469, 0.7979, 0.1867, 0.2886, 0.3056, 0.4414, 1.873, 35.4867, 3.3951, 0.6621, 0.6281, 0.5432, 0, 2.3596, 0, 0, 0, 0, 2.1339, 0, 3.2933, 4.9785, 2.1899, 1.1204, 0, 0.5093, 0.3735, 1.375, 0.2886, 1.9352, 1.0016, 6.298, 0.9271, 1.5618, 1.28, 0.3904, 2.78, 1.6127, 0.1867, 0.2507, 0, 0.696, 0.3225, 0.2377, 0, 2.7331, 0, 0, 0, 0, 0, 5.5171, 0.9676],
      [0.8903, 5.7342, 3.3238, 0, 5.7476, 1.0504, 0.2524, 0, 4.0467, 0.7891, 0.7486, 0.6475, 0.7486, 2.8125, 1.483, 0, 0.7249, 2.0085, 0.3755, 8.7496, 0, 0, 6.5421, 0, 0.6879, 0.607, 0.4451, 3.0934, 0.344, 2.3066, 1.1938, 0, 0, 1.8615, 0.4654, 0.4654, 4.6719, 1.9222, 0.2226, 2.8377, 0, 1.4006, 0.3844, 0.2833, 0.2641, 8.165, 5.4226, 0, 0.5261, 1.2553, 0, 6.5759, 0],
      [39.2359, 33.8552, 6.7077, 10.0522, 6.304, 17.3379, 4.3772, 90.1968, 178.3452, 34.7773, 32.9939, 28.5352, 32.9939, 123.9499, 130.4259, 46.3698, 15.6683, 24.8612, 207.9919, 206.2906, 165.5453, 98.9816, 115.0326, 62.201, 20.8775, 26.7518, 19.618, 63.9848, 9.89, 101.6568, 52.6118, 349.6452, 97.6299, 75.8531, 19.6202, 20.5097, 51.9999, 84.714, 9.809, 74.0133, 23.2234, 30.823, 13.7417, 10.914, 225.4672, 143.5679, 258.1776, 366.4784, 21.8893, 223.547, 35.2642, 260.6384, 50.8284],
      [1.7857, 5.1801, 0.4464, 6.141, 5.0943, 6.3779, 0.2841, 5.3165, 8.1169, 1.5828, 1.5016, 1.2987, 2.1297, 5.6412, 5.763, 5.6302, 1.0581, 4.0453, 11.5188, 9.2938, 0, 4.5049, 5.2354, 2.6786, 9.3849, 1.2175, 0.8929, 10.0779, 5.9593, 4.6266, 2.3945, 15.0568, 6.5749, 9.9194, 0.9334, 0.9334, 2.5974, 3.8555, 0.4464, 3.3685, 1.0146, 2.3485, 1.2068, 2.1383, 9.862, 6.5341, 0, 0, 1.0552, 9.8214, 1.7857, 13.1899, 3.4666],
      [1.3411, 1.4326, 0.3353, 0.5182, 0.5486, 0.7925, 0.2134, 0, 6.0961, 1.1887, 1.1278, 0.9754, 1.1278, 4.2368, 4.3282, 0, 0.5486, 0.085, 6.98, 4.666, 25.1614, 2.535, 0, 0, 3.0496, 0.9144, 0.6706, 2.4689, 0.5182, 3.4748, 1.7983, 0, 3.8682, 2.8042, 0.701, 0.701, 1.9507, 2.8956, 0.3353, 2.5299, 0.762, 5.7319, 3.3446, 0.4267, 7.4067, 0, 4.3997, 11.5216, 2.5294, 7.3762, 6.9501, 39.0786, 1.7374]
    ],
    [
      [4.3156, 3.7203, 1.0417, 1.4881, 1.6369, 3.7939, 0.5953, 4.5774, 9.0776, 1.7858, 1.6369, 3.1211, 3.2739, 5.5061, 8.4823, 3.4227, 1.1905, 0.8929, 8.3335, 12.5003, 5.0596, 2.6786, 5.6549, 3.2739, 2.8116, 5.2085, 3.5715, 11.3098, 1.9346, 5.8037, 2.8274, 25.5776, 7.2918, 5.0596, 0.8929, 0.4464, 4.1668, 10.1193, 2.6786, 7.5895, 3.4227, 3.4227, 2.9763, 1.4881, 11.0122, 10.1193, 8.3335, 6.9942, 0.742, 9.3894, 2.1029, 11.161, 1.6369],
      [0.6009, 0.518, 0.145, 0.2072, 0.2279, 0.6424, 0.0829, 0, 1.264, 0.2487, 0.2279, 0.6838, 0.4559, 0.7667, 1.1811, 0.4766, 0.1658, 0.1243, 1.1604, 1.7406, 0.7045, 0.373, 0.7874, 0, 0.518, 0.7252, 2.4778, 1.5748, 0.2694, 0.8081, 0.3937, 2.3956, 1.0153, 0.7045, 0.1243, 0.0622, 0.5802, 1.409, 0.373, 1.0568, 0.4766, 0.4766, 0.4144, 0.2072, 1.5334, 1.409, 1.1604, 0.9739, 0.4614, 1.8856, 0.3315, 1.5541, 0.2279],
      [7.0042, 6.0381, 1.6907, 2.4152, 2.6568, 0, 0.9661, 6.5212, 14.733, 2.8983, 2.6568, 9.76, 5.3135, 8.9364, 13.7669, 5.5551, 1.9322, 1.4491, 13.5254, 20.2881, 8.2118, 4.3474, 9.1779, 5.7694, 6.0381, 8.4534, 3.8161, 18.3559, 3.1398, 9.4195, 4.589, 39.8515, 11.8347, 8.2118, 1.4491, 0.7246, 6.7627, 16.4237, 4.3474, 12.3177, 5.5551, 5.5551, 0, 2.4152, 17.8728, 16.4237, 13.5254, 11.3517, 1.9322, 26.1313, 3.8644, 18.1143, 2.6568],
      [9.6408, 8.3111, 2.3271, 3.3244, 3.6569, 15.0203, 1.3298, 8.976, 20.279, 3.9893, 3.6569, 10.9706, 7.3137, 12.3004, 18.9492, 7.6462, 2.6595, 1.9947, 18.6168, 27.9252, 11.3031, 5.984, 12.6328, 7.3137, 9.2198, 11.6355, 7.9786, 25.2657, 4.3218, 12.9653, 6.3164, 54.8531, 16.2897, 11.3031, 1.9947, 0.9973, 9.3084, 22.6061, 5.984, 16.9546, 7.6462, 7.6462, 11.4793, 3.3244, 24.6008, 22.6061, 18.6168, 15.6248, 2.6595, 30.2523, 5.5972, 24.9332, 3.6569],
      [7.4385, 6.4125, 1.7955, 2.565, 2.8215, 11.5435, 1.026, 6.9255, 15.6464, 3.078, 2.8215, 8.4645, 5.643, 9.4904, 14.6204, 5.8995, 2.052, 1.539, 14.3639, 21.5459, 8.7209, 4.617, 9.7469, 5.643, 6.4125, 8.9774, 6.156, 19.4939, 3.3345, 10.0034, 4.8735, 42.3223, 12.5684, 8.7209, 1.539, 0.7695, 7.182, 17.4419, 4.617, 13.0814, 5.8995, 5.8995, 5.13, 2.565, 18.9809, 17.4419, 14.3639, 12.0554, 2.2048, 23.3414, 4.104, 19.2374, 2.8215]
    ],
    [
      [18.3391, 18.7466, 4.0754, 5.298, 3.6678, 11.411, 1.6301, 42.0523, 53.3871, 23.0679, 16.7089, 7.3356, 4.7261, 22.4144, 28.0672, 6.4511, 3.5324, 2.8624, 55.8323, 61.2988, 8.1507, 23.637, 22.4144, 17.9315, 10.1884, 6.5206, 6.113, 22.0069, 4.8904, 24.4521, 24.8596, 69.9197, 27.7124, 26.4898, 4.4829, 10.7563, 10.1884, 9.3733, 6.113, 20.7843, 8.3568, 11.0034, 5.7055, 2.8527, 43.3523, 38.5487, 45.7001, 40.5524, 1.2226, 33.8254, 5.7055, 60.3152, 4.8904],
      [0.4937, 0.5047, 0.1097, 0.1195, 0.0987, 0.3072, 0.0439, 0, 1.4373, 0.4279, 0.4498, 0.1975, 0.2523, 0.6034, 0.8338, 0.1365, 0.2342, 0.0987, 1.5031, 3.1513, 0.2194, 0.6363, 0.6034, 0, 0.2743, 0.1755, 0.1646, 0.5925, 0.1317, 0.6583, 2.2538, 0, 0.7461, 0.7131, 0.1207, 0.2633, 0.2743, 0.2523, 0.1646, 0.5595, 0, 0.2962, 0.1536, 0.0768, 1.2617, 2.1108, 3.0347, 1.1665, 0.0329, 0.9106, 0.1536, 1.6238, 0.1317],
      [0.4005, 14.2737, 3.103, 4.0339, 2.7927, 0, 1.2412, 28.2372, 40.6491, 4.9276, 11.6326, 5.5854, 7.1369, 17.0664, 26.4882, 7.1369, 2.7927, 2.7927, 42.5109, 47.786, 6.206, 17.9973, 17.0664, 14.5609, 7.7575, 4.9648, 4.6545, 16.7561, 3.7236, 18.6179, 18.9282, 56.6512, 21.1003, 20.1694, 3.4133, 4.9427, 7.7575, 7.1369, 4.6545, 15.8252, 9.8633, 8.3781, 4.3442, 2.1721, 37.7915, 27.6166, 40.1794, 43.5513, 0.9309, 25.7548, 4.3442, 45.9242, 3.7236],
      [12.3598, 1.4026, 0.3049, 0.4195, 0.2744, 9.5421, 0.122, 4.8017, 3.9943, 1.1891, 1.2501, 0.5488, 5.3485, 1.677, 2.3173, 5.1486, 0.2744, 1.0798, 4.1772, 4.6956, 0.6098, 1.7685, 1.677, 1.3416, 0.7623, 0.4878, 0.4574, 1.6465, 0.3659, 1.8294, 1.8599, 5.1834, 2.0734, 1.9819, 0.3354, 3.5113, 0.7623, 0.7013, 0.4574, 1.555, 0.7623, 0.8232, 0.4269, 0.2134, 3.5064, 2.7137, 3.7199, 3.5674, 0.0915, 2.5307, 0.4269, 4.5126, 0.3659],
      [13.4069, 11.0724, 2.407, 3.1292, 2.1663, 6.7397, 0.9628, 15.9088, 31.5323, 9.3875, 10.9585, 4.3327, 5.5362, 13.2387, 18.2935, 4.1269, 2.1663, 2.1663, 32.9765, 37.0685, 4.8141, 13.9608, 13.2387, 10.166, 6.0176, 3.8513, 3.6106, 12.998, 2.8885, 14.4423, 13.0985, 38.2456, 16.3679, 15.6458, 2.6477, 4.5264, 6.0176, 5.5362, 3.6106, 12.2759, 6.0176, 6.499, 3.3699, 1.6849, 29.088, 18.0103, 29.3659, 28.1624, 0.7221, 19.9785, 3.3699, 35.6242, 2.8885]
    ],
    [
      [1.7247, 1.5714, 0.8049, 1.3031, 1.4181, 0, 0.2683, 1.5668, 2.1463, 0.9199, 0.8432, 0, 0, 1.3415, 1.1498, 0.8432, 0.1533, 0.1916, 1.3031, 2.8745, 0.6899, 0.9199, 1.4564, 0.4216, 0, 1.3798, 0.9582, 4.0244, 1.878, 2.2613, 0.8432, 4.6759, 1.2648, 1.2265, 0.115, 0.4599, 0.9199, 1.8397, 1.0732, 2.4913, 0.9199, 0.4003, 0.9582, 1.2265, 1.6097, 1.1115, 1.4181, 0.9582, 0, 2.2996, 0.1916, 5.3658, 0.5749],
      [1.8916, 1.7235, 0.8828, 0, 1.5553, 2.7323, 0.3381, 0.2012, 2.354, 1.0089, 0.9248, 2.0177, 2.312, 1.4713, 1.2611, 0.9248, 0.1681, 0.2102, 1.4292, 3.1527, 0.7566, 1.0089, 1.5974, 0.4624, 1.8496, 1.5133, 1.2074, 4.4138, 2.0598, 2.4801, 0.9248, 5.1284, 1.3872, 1.3451, 0.1261, 0.5044, 1.0089, 2.0177, 0, 2.7323, 0.2824, 2.0598, 1.0509, 1.3451, 1.7655, 1.219, 1.5553, 1.0509, 0.5465, 2.5222, 0.2102, 5.885, 0.6305],
      [0.2817, 0.2567, 0, 0, 0, 0, 0, 0.1377, 0.3506, 0.1502, 0.1377, 4.5508, 0.3443, 0.2191, 0.1878, 0.1377, 0.025, 0.0313, 0.2128, 0.4695, 0.1127, 0.1502, 0.2379, 0.0689, 0, 0.2254, 0, 0, 0, 0.3693, 0.1377, 0.7637, 0.2066, 0.2003, 0.0188, 0.0751, 0.1502, 0.3005, 1.3523, 0.4069, 0.8767, 0, 0, 0, 0.2629, 0.1815, 0.2316, 0.1565, 0.0814, 0.3756, 0.0313, 0.8764, 0.0939],
      [20.7511, 18.9066, 9.6839, 17.3207, 17.2937, 32.872, 3.228, 10.145, 25.8236, 11.0673, 10.145, 27.204, 27.4705, 16.1398, 13.8341, 10.145, 1.8445, 2.3057, 15.6786, 34.5852, 8.3005, 11.0673, 17.5232, 5.0725, 22.2518, 16.6009, 11.5284, 49.0766, 22.9024, 27.207, 10.145, 56.2586, 15.2175, 14.7564, 1.3834, 5.5336, 11.0673, 22.1345, 12.9118, 29.9739, 11.0673, 22.5957, 11.6849, 14.9567, 19.3677, 13.373, 17.062, 11.5284, 5.9948, 27.6682, 2.3057, 64.5591, 6.917],
      [20.3508, 18.5419, 9.6285, 15.3762, 16.7329, 29.3956, 3.1657, 9.9493, 25.3255, 10.8538, 9.9493, 14.2275, 24.8732, 15.8284, 13.5672, 9.9493, 1.809, 2.2612, 15.3762, 33.918, 8.1403, 10.8538, 17.1851, 4.9746, 19.8986, 16.2807, 11.306, 47.4852, 22.1598, 26.6822, 9.9493, 55.1733, 14.9239, 14.4717, 1.3567, 5.4269, 10.8538, 21.7075, 12.6627, 29.3956, 10.8538, 23.9442, 11.306, 14.4717, 18.9941, 13.115, 16.7329, 11.306, 6.3774, 27.1344, 2.2612, 63.3136, 6.7836]
    ]
  ],
  "V_est": [
    [0, 0, 1817, 0, 0],
    [34.9187, 1656.6681, 188.341, 145.7159, 131.3563],
    [151.9773, 188.9033, 487.6534, 12535.8444, 514.6216],
    [92.6754, 92.077, 4456.776, 231.2873, 184.1842],
    [267.151, 38.3847, 436.7465, 622.7592, 475.9586],
    [1049.9206, 30.7599, 798.0455, 113.9557, 616.3183],
    [66.3571, 79.2069, 15.4375, 926.4375, 888.5609]
  ],
  "p_est": [
    [0, 0, 1, 0, 0],
    [0.0162, 0.768, 0.0873, 0.0676, 0.0609],
    [0.011, 0.0136, 0.0351, 0.9032, 0.0371],
    [0.0183, 0.0182, 0.8813, 0.0457, 0.0364],
    [0.1451, 0.0208, 0.2372, 0.3383, 0.2585],
    [0.4024, 0.0118, 0.3059, 0.0437, 0.2362],
    [0.0336, 0.0401, 0.0078, 0.4688, 0.4497]
  ],
  "EI_Z": {},
  "EI_V": 11.7911,
  "MAE_Z": {},
  "MAE_V": 197.6588,
  "MAE_p": 0.0737,
  "runtime": 1.7433
}
