{
  "Z_true": {},
  "V_true": [
    [59, 42, 1243, 102, 371],
    [29, 1034, 170, 792, 132],
    [365, 589, 477, 11693, 755],
    [134, 84, 4414, 207, 218],
    [172, 101, 724, 439, 405],
    [839, 51, 944, 589, 186],
    [65, 185, 228, 754, 744]
  ],
  "p_true": [
    [0.0325, 0.0231, 0.6841, 0.0561, 0.2042],
    [0.0134, 0.4794, 0.0788, 0.3672, 0.0612],
    [0.0263, 0.0424, 0.0344, 0.8425, 0.0544],
    [0.0265, 0.0166, 0.8728, 0.0409, 0.0431],
    [0.0934, 0.0549, 0.3933, 0.2385, 0.22],
    [0.3216, 0.0195, 0.3618, 0.2258, 0.0713],
    [0.0329, 0.0936, 0.1154, 0.3816, 0.3765]
  ],
  "Z_est": [
    [
      [0, 0, 0, 0, 0, 0, 0, 0, 0, 0, 0, 0, 0, 0, 0, 0, 0, 0, 0, 0, 0, 0, 0, 0, 0, 0, 0, 0, 0, 0, 0, 0, 0, 0, 0, 0, 0, 0, 0, 0, 0, 0, 0, 0, 0, 0, 0, 0, 0, 0, 0, 0, 0],
      [0, 0, 0, 0, 0, 0, 0, 0, 0, 0, 0, 0, 0, 0, 0, 0, 0, 0, 0, 0, 0, 0, 0, 0, 0, 0, 0, 0, 0, 0, 0, 0, 0, 0, 0, 0, 0, 0, 0, 0, 0, 0, 0, 0, 0, 0, 0, 0, 0, 0, 0, 0, 0],
      [17, 18, 3, 2, 8, 9, 5, 56, 55, 15, 10, 6, 16, 60, 68, 10, 7, 3, 75, 96, 102, 48, 30, 19, 11, 10, 6, 19, 2, 43, 17, 102, 40, 38, 5, 6, 13, 22, 10, 20, 3, 6, 1, 1, 136, 62, 102, 141, 3, 99, 13, 125, 23],
      [0, 0, 0, 0, 0, 0, 0, 0, 0, 0, 0, 0, 0, 0, 0, 0, 0, 0, 0, 0, 0, 0, 0, 0, 0, 0, 0, 0, 0, 0, 0, 0, 0, 0, 0, 0, 0, 0, 0, 0, 0, 0, 0, 0, 0, 0, 0, 0, 0, 0, 0, 0, 0],
      [0, 0, 0, 0, 0, 0, 0, 0, 0, 0, 0, 0, 0, 0, 0, 0, 0, 0, 0, 0, 0, 0, 0, 0, 0, 0, 0, 0, 0, 0, 0, 0, 0, 0, 0, 0, 0, 0, 0, 0, 0, 0, 0, 0, 0, 0, 0, 0, 0, 0, 0, 0, 0]
    ],
    [
      [0.443, 0.5493, 0.1063, 0.1063, 0.2658, 0.3544, 0.0886, 0.3367, 0.6557, 0.2658, 0.3367, 0, 0, 0.5139, 0.3013, 0.2835, 0.124, 0.0532, 1.3999, 1.3291, 1.6119, 1.1164, 1.0632, 0.3367, 0, 0.4962, 0.4076, 1.0455, 0.2658, 2.1442, 0.3544, 2.286, 1.8075, 1.3999, 0.1063, 0.1595, 0.2835, 1.0278, 0.4253, 0.886, 0.3013, 0.4785, 0.1949, 0.1063, 1.0278, 0.6734, 0.5493, 0.4962, 0.0354, 1.4885, 0, 4.1466, 0.6025],
      [19.4218, 24.083, 4.6612, 4.6612, 11.6531, 15.5374, 3.8844, 14.7606, 28.7443, 11.6531, 14.7606, 46.3852, 92.1453, 22.5293, 13.2068, 12.43, 5.4381, 2.3306, 61.3729, 58.2654, 35.3324, 48.943, 49.0696, 12.5353, 21.7524, 21.7524, 17.8681, 45.8355, 11.6531, 94.0015, 15.5374, 100.2165, 69.8719, 61.3729, 4.6612, 6.9919, 12.43, 45.0586, 18.2235, 38.8436, 13.2068, 20.9756, 8.5456, 4.6612, 45.0586, 29.5211, 24.083, 21.7524, 1.5537, 65.2573, 13.3119, 181.7881, 23.0126],
      [2.0258, 2.5119, 0.4862, 0.4862, 1.2155, 1.6206, 0.4052, 1.5396, 2.9981, 1.2155, 1.5396, 4.9429, 10.2098, 2.3499, 1.3775, 1.2965, 0.5672, 0.2431, 6.4014, 6.0773, 3.9705, 5.1049, 4.8618, 3.7648, 2.2689, 2.2689, 1.8637, 4.7808, 1.2155, 12.9404, 1.6206, 10.4529, 8.2651, 6.4014, 0.4862, 0.7293, 1.2965, 4.6998, 1.9447, 4.0515, 1.3775, 2.1878, 0.8913, 0.4862, 4.6998, 3.0792, 2.5119, 2.2689, 0.1621, 6.8066, 1.4585, 18.9611, 6.1561],
      [1.4813, 1.8369, 0.3555, 0.3555, 0.8888, 1.1851, 0.2963, 1.1258, 2.1924, 0.8888, 1.1258, 9.6719, 15.4394, 1.7184, 1.0073, 0.9481, 0.4148, 0.1778, 4.6811, 4.444, 2.9034, 3.733, 3.5552, 1.1258, 2.1553, 1.6591, 1.3628, 3.496, 0.8888, 7.1697, 1.1851, 7.6437, 14.7551, 4.6811, 0.3555, 0.5333, 0.9481, 3.4367, 1.4221, 2.9627, 1.0073, 1.5999, 0.6518, 0.3555, 3.4367, 2.2516, 1.8369, 1.6591, 0.1185, 4.9773, 1.0666, 13.8654, 2.0146],
      [1.6281, 2.0188, 0.3907, 0.3907, 0.9768, 1.3025, 0.3256, 1.2373, 2.4095, 0.9768, 1.2373, 0, 8.2055, 1.8886, 1.1071, 1.042, 0.4559, 0.1954, 5.1447, 4.8842, 5.1817, 4.1027, 1.4501, 1.2373, 1.8234, 1.8234, 1.4978, 3.8422, 0.9768, 4.7442, 1.3025, 8.4008, 7.3003, 5.1447, 0.3907, 0.5861, 1.042, 3.7771, 1.9843, 3.2561, 1.1071, 1.7583, 0.7163, 0.3907, 3.7771, 2.4747, 2.0188, 1.8234, 0.1302, 5.4703, 2.163, 15.2387, 2.2142]
    ],
    [
      [3.6255, 0.8022, 1.8387, 2.5917, 0.7724, 0, 0.5863, 6.3892, 21.4896, 5.3475, 10.7784, 0, 0, 2.0455, 0, 0, 0, 0, 0, 0, 1.2215, 6.8923, 1.4104, 1.0571, 0, 1.9912, 2.6609, 14.547, 1.8326, 2.6364, 16.2171, 7.7982, 0, 3.49, 5.198, 5.9732, 3.4555, 2.1692, 0.6099, 0, 0, 0, 2.9216, 1.145, 0, 3.0294, 0, 0, 0, 0, 0, 9.1663, 1.3652],
      [3.929, 5.1363, 6.9526, 0, 4.4797, 7.3497, 2.5373, 0, 0, 0.7852, 1.8058, 0, 0, 8.5071, 0, 0, 0.2436, 0.2118, 0, 3.7536, 0, 0, 5.7713, 0, 2.8426, 0.1661, 4.8778, 6.0894, 0.4991, 0.49, 4.1526, 0, 0, 4.8025, 2.4517, 0.6601, 2.4202, 9.1412, 0, 18.0241, 0, 2.6158, 1.4117, 3.3921, 0, 13.9118, 2.5629, 0, 0.8366, 0, 0, 27.7663, 0],
      [0, 0, 0, 0, 0, 0, 0, 3.4246, 10.8725, 0, 0, 4.6295, 1.1254, 28.8282, 14.8656, 1.6318, 0, 0.6342, 21.9922, 55.2737, 3.9636, 16.5334, 16.9192, 22.7552, 0, 2.441, 0, 0, 0, 31.2008, 3.8667, 36.8353, 9.0053, 0, 0, 0, 0, 6.1868, 10.0469, 6.512, 7.1434, 0, 0, 0, 38.5537, 40.2258, 32.9136, 38.2213, 0, 33.067, 0, 0, 5.8027],
      [345.667, 463.1725, 151.7741, 292.3156, 400.9686, 659.7252, 52.6934, 98.1862, 339.7234, 100.0462, 95.088, 141.3705, 194.1347, 168.0483, 138.5301, 97.3682, 21.7274, 18.3781, 280.9217, 282.9727, 101.6632, 177.5743, 150.899, 93.1878, 196.1264, 263.1242, 161.5783, 530.2541, 369.4969, 274.6729, 127.7636, 753.3665, 263.9763, 241.0137, 31.9201, 66.3666, 167.0416, 239.7737, 138.6007, 386.6488, 133.276, 224.5555, 355.1567, 297.9829, 236.3504, 252.833, 197.1347, 164.0636, 67.9943, 473.8638, 83.7391, 811.6903, 137.2952],
      [17.7785, 15.889, 11.4346, 19.0927, 16.7793, 26.9251, 4.183, 0, 30.9145, 9.8211, 8.3279, 0, 2.7399, 10.5709, 3.6043, 0, 1.0291, 0.7759, 6.0861, 0, 18.1517, 0, 0, 0, 8.031, 17.2774, 10.883, 24.1095, 24.1714, 0, 0, 0, 11.0183, 10.6937, 2.4301, 0, 10.0827, 7.7291, 6.7425, 10.8151, 2.5807, 19.8287, 14.51, 1.48, 11.0959, 0, 9.3889, 10.7151, 10.1691, 19.0692, 6.2609, 89.3771, 3.5369]
    ],
    [
      [0.7665, 0.8187, 0.1916, 0.2961, 0.3136, 0.4529, 1.8546, 29.4133, 3.7693, 0.6794, 0.6445, 0.5574, 0, 2.4213, 0, 0, 0, 0, 2.6496, 0, 3.3794, 4.979, 2.2471, 1.1497, 0, 0.5226, 0.3832, 1.411, 0.2961, 1.9858, 1.0278, 6.4627, 1.2168, 1.6026, 1.2482, 0.4006, 1.1149, 1.6549, 0.1916, 0.5214, 0, 0.7142, 0.331, 0.2439, 0, 2.8045, 0, 0, 0, 0, 0, 9.5188, 0.9929],
      [0.9927, 6.0408, 0.2482, 0, 5.9831, 1.4335, 0.1579, 0, 4.2267, 0.8799, 0.8347, 0.7219, 0.8347, 3.1359, 1.5425, 0, 0.7934, 1.2602, 0.5635, 10.4325, 0, 0.0466, 7.1844, 0, 0.7671, 0.6768, 0.4963, 3.5104, 0.3835, 2.5719, 1.3311, 0, 0, 2.0756, 0.5189, 0.5189, 6.296, 2.1433, 0.2482, 2.7969, 0, 1.5783, 0.4287, 0.3158, 0.4145, 8.9666, 6.0463, 0, 0.5866, 1.4591, 0, 31.399, 0],
      [38.9631, 33.5233, 6.6099, 9.9212, 6.2355, 17.3794, 4.3184, 89.1979, 177.1049, 34.5355, 32.7644, 28.3368, 32.7644, 123.0879, 129.8792, 46.0473, 15.5943, 24.7638, 206.9405, 202.7851, 165.362, 98.2932, 114.2327, 62.0642, 20.6593, 26.5657, 19.4815, 63.509, 9.7885, 100.9498, 52.2459, 349.1917, 96.9269, 75.3872, 19.5195, 20.3671, 51.8214, 84.1248, 9.7408, 73.4985, 23.1376, 30.581, 13.6107, 10.8489, 222.7297, 142.5695, 256.4519, 365.476, 21.8951, 222.513, 35.1602, 259.8712, 50.4749],
      [1.82, 5.06, 0.455, 6.2194, 4.8715, 5.8728, 0.2895, 12.3889, 8.2726, 1.6132, 1.5304, 1.3236, 2.175, 5.7494, 5.8735, 5.9527, 1.016, 4.8112, 11.259, 9.4721, 0, 4.5913, 5.3358, 2.73, 9.4908, 1.2409, 0.91, 9.8859, 5.9686, 4.7154, 2.4404, 15.3456, 7.2449, 9.8865, 0.9513, 0.9513, 2.6472, 3.9295, 0.455, 3.4331, 1.0341, 2.5127, 1.4995, 2.1275, 10.0512, 6.6594, 0, 0, 1.0754, 10.0098, 1.82, 13.4429, 3.6436],
      [1.4578, 1.5572, 3.4954, 0.5632, 0.5964, 0.8614, 0.3795, 0, 6.6265, 1.2922, 1.2259, 1.0602, 1.2259, 4.6054, 4.7048, 0, 0.5964, 0.1648, 7.5873, 6.3102, 25.2586, 3.0898, 0, 0.0562, 3.0828, 0.994, 0.7289, 2.6837, 0.5632, 3.7771, 1.9548, 0, 3.6114, 3.0482, 0.762, 0.762, 2.1205, 3.1476, 0.3645, 2.75, 0.8283, 5.6139, 3.1301, 0.4639, 9.8046, 0, 5.5019, 12.524, 2.4429, 8.018, 7.0198, 10.768, 1.8885]
    ],
    [
      [4.2877, 3.6963, 1.035, 1.4785, 1.6264, 3.87, 0.5914, 4.5394, 9.019, 1.7742, 1.6264, 3.1637, 3.2527, 5.4705, 8.4276, 3.4006, 1.1828, 0.8871, 8.2797, 12.4196, 5.027, 2.6613, 5.6184, 3.2527, 2.8904, 5.1748, 3.5484, 11.2367, 1.9221, 5.7662, 2.8092, 25.1115, 7.2447, 5.027, 0.8871, 0.4436, 4.1399, 10.0539, 2.6613, 7.5404, 3.4006, 3.4006, 2.957, 1.4785, 10.941, 10.0539, 8.2797, 6.949, 0.7514, 9.706, 2.1518, 11.0889, 1.6264],
      [0.588, 0.5069, 0.1419, 0.2028, 0.223, 0.6285, 0.0811, 0, 1.2368, 0.2433, 0.223, 0.6691, 0.4461, 0.7502, 1.1557, 0.3902, 0.1622, 0.1217, 1.1354, 1.7032, 0.6894, 0.365, 0.7705, 0, 0.5069, 0.7097, 2.4493, 1.541, 0.2636, 0.7908, 0.3852, 2.6296, 0.9935, 0.6894, 0.1217, 0.0608, 0.5677, 1.3788, 0.365, 1.0341, 0.4663, 0.4663, 0.4055, 0.2028, 1.5004, 1.3788, 1.1354, 0.953, 0.4412, 1.8451, 0.3244, 1.5207, 0.223],
      [7.0061, 6.0398, 1.6911, 2.4159, 2.6575, 0, 0.9664, 6.523, 14.7371, 2.8991, 2.6575, 9.6879, 5.315, 8.9389, 13.7707, 5.5566, 1.9327, 1.4495, 13.5291, 20.2936, 8.2141, 4.3486, 9.1805, 5.7611, 6.0398, 8.4557, 3.8355, 18.3609, 3.1407, 9.4221, 4.5902, 39.8625, 11.838, 8.2141, 1.4495, 0.7248, 6.7645, 16.4282, 4.3486, 12.3211, 5.5566, 5.5566, 0, 2.4159, 17.8777, 16.4282, 13.5291, 11.3548, 1.9327, 25.7333, 3.8655, 18.1193, 2.6575],
      [9.747, 8.4026, 2.3527, 3.361, 3.6972, 15.5132, 1.3444, 9.0748, 20.5024, 4.0333, 3.6972, 11.0915, 7.3943, 12.4359, 19.158, 8.9651, 2.6888, 2.0166, 18.8219, 28.2328, 11.4276, 6.0499, 12.772, 7.3943, 9.2085, 11.7637, 8.0665, 25.544, 4.3694, 13.1081, 6.386, 55.4573, 16.4691, 11.4276, 2.0166, 1.0083, 9.4109, 22.8551, 6.0499, 17.1413, 7.7304, 7.7304, 11.5539, 3.361, 24.8717, 22.8551, 18.8219, 15.7969, 2.6888, 30.5855, 5.5915, 25.2078, 3.6972],
      [7.3711, 6.3544, 1.7792, 2.5418, 2.7959, 10.9883, 1.0167, 6.8628, 15.5048, 3.0501, 2.7959, 8.3878, 5.5919, 9.4045, 14.4881, 4.6875, 2.0334, 1.5251, 14.2339, 21.3508, 8.642, 4.5752, 9.6587, 5.5919, 6.3544, 8.8962, 6.1002, 19.3174, 3.3043, 9.9129, 4.8294, 41.9392, 12.4547, 8.642, 1.5251, 0.7625, 7.1169, 17.284, 4.5752, 12.963, 5.8461, 5.8461, 5.0835, 2.5418, 18.8091, 17.284, 14.2339, 11.9463, 2.1858, 23.1301, 4.0668, 19.0633, 2.7959]
    ],
    [
      [23.196, 18.6016, 4.0438, 5.257, 3.6394, 11.3227, 1.6175, 42.8094, 52.9741, 23.0364, 17.7921, 7.2789, 4.7473, 22.241, 28.1503, 6.4939, 3.5437, 2.8729, 55.4004, 61.4492, 8.0876, 23.4542, 22.241, 17.7928, 10.1096, 6.4701, 6.0657, 21.8366, 4.8526, 24.2629, 25.7696, 69.7834, 27.498, 26.2849, 4.4482, 10.5747, 10.1096, 9.3008, 6.0657, 20.6235, 8.4014, 10.9183, 5.6614, 2.8307, 43.4619, 38.3552, 45.7885, 40.6207, 1.2131, 33.5637, 5.6614, 59.8486, 4.8526],
      [6.1675, 0.5009, 0.1089, 0.136, 0.098, 0.3049, 0.0436, 0, 1.4265, 0.4247, 0.4465, 0.196, 0.2504, 0.5989, 0.8276, 0.2504, 0.1938, 0.8645, 1.4918, 1.6769, 0.2178, 0.6316, 0.5989, 0, 0.2722, 0.1742, 0.1633, 0.588, 0.1307, 0.6533, 0.6642, 0, 0.7405, 0.7078, 0.1198, 0.2613, 0.2722, 0.2504, 0.1633, 0.5553, 0, 0.294, 0.1524, 0.0762, 1.2522, 0.9966, 2.6093, 1.2385, 0.0327, 0.9038, 0.1524, 1.6116, 0.1307],
      [0.8448, 14.779, 3.2128, 4.1767, 2.8915, 0, 1.2851, 29.2367, 42.088, 5.2645, 11.9602, 5.7831, 7.3895, 17.6705, 27.0002, 7.3895, 2.8915, 2.8915, 44.0157, 50.3032, 6.4256, 18.6344, 17.6705, 14.6155, 8.0321, 5.1405, 4.8192, 17.3493, 3.8554, 19.2769, 19.5982, 56.2231, 21.8472, 20.8834, 3.5341, 5.1362, 8.0321, 7.3895, 4.8192, 16.3854, 10.0124, 8.6746, 4.498, 2.249, 39.9895, 28.5941, 41.4617, 37.59, 0.9638, 26.6664, 4.498, 47.5498, 3.8554],
      [4.4357, 1.5324, 0.3331, 0.4386, 0.2998, 9.9287, 0.1333, 3.0315, 4.364, 1.2992, 1.3658, 0.5996, 5.3197, 1.8322, 2.5318, 3.5731, 0.2998, 0.2998, 4.5639, 5.1302, 0.6663, 1.9322, 1.8322, 1.4658, 0.8328, 0.533, 0.4997, 1.7989, 0.3998, 1.9988, 2.0321, 5.6633, 2.2653, 2.1654, 0.3664, 3.5808, 0.8328, 0.7662, 0.4997, 1.699, 0.8328, 0.8995, 0.4664, 0.2332, 3.831, 2.9649, 4.0642, 3.8977, 0.0999, 2.765, 0.4664, 4.9304, 0.3998],
      [10.356, 10.5861, 2.3013, 2.9917, 2.0712, 6.4437, 0.9205, 15.9224, 30.1474, 8.9752, 9.4354, 4.1424, 5.2931, 12.6573, 17.4901, 5.2931, 2.0712, 2.0712, 31.5282, 35.4405, 4.6027, 13.3477, 12.6573, 10.1258, 5.7533, 3.6821, 3.452, 12.4272, 2.7616, 13.808, 12.9359, 38.3302, 15.649, 14.9586, 2.5315, 4.447, 5.7533, 5.2931, 3.452, 11.7368, 5.7533, 6.2136, 3.2219, 1.6109, 26.4653, 18.0891, 28.0762, 33.6531, 0.6904, 19.101, 3.2219, 34.0597, 2.7616]
    ],
    [
      [1.6813, 1.5319, 0.7846, 1.2703, 1.3824, 0, 0.2615, 1.5119, 2.0923, 0.8967, 0.822, 0, 0, 1.3077, 1.1209, 0.822, 0.1495, 0.1868, 1.2703, 2.8022, 0.6725, 0.8967, 1.4198, 0.411, 0, 1.3451, 0.9341, 3.9231, 1.8308, 2.2044, 0.822, 4.5583, 1.233, 1.1956, 0.1121, 0.4484, 0.8967, 1.7934, 1.0462, 2.4286, 0.8967, 0.4884, 0.9341, 1.1956, 1.5692, 1.0835, 1.3824, 0.9341, 0, 2.2418, 0.1868, 5.2308, 0.5604],
      [1.901, 1.732, 0.8871, 0, 1.5631, 2.7459, 0.2957, 0.2394, 2.3657, 1.0139, 0.9294, 2.0278, 2.3235, 1.4786, 1.2674, 0.9294, 0.169, 0.2112, 1.4363, 3.1684, 0.7604, 1.0139, 1.6053, 0.4647, 1.8588, 1.5208, 1.1451, 4.4357, 2.07, 2.4925, 0.9294, 5.1539, 1.3941, 1.3518, 0.1267, 0.5069, 1.0139, 2.0278, 0, 2.7459, 0.3268, 2.07, 1.0561, 1.3518, 1.7743, 1.2251, 1.5631, 1.0561, 0.5492, 2.5347, 0.2112, 5.9143, 0.6337],
      [0.1602, 0.146, 0, 0, 0, 0, 0.0249, 0.0783, 0.1994, 0.0855, 0.0783, 4.6198, 0.1958, 0.1246, 0.1068, 0.0783, 0.0142, 0.0178, 0.1211, 0.267, 0.0641, 0.0855, 0.1353, 0.0392, 0, 0.1282, 0, 0, 0, 0.2101, 0.0783, 0.4344, 0.1175, 0.1139, 0.0107, 0.0427, 0.0855, 0.1709, 0.0997, 0.2314, 0.7725, 0, 0, 0, 0.1495, 0.1033, 0.1317, 0.089, 0.0463, 0.2136, 0.0178, 0.4985, 0.0534],
      [20.8489, 18.9956, 9.7295, 17.3099, 17.2741, 32.7751, 3.2432, 10.1928, 25.9453, 11.1194, 10.1928, 26.9429, 27.5369, 16.2158, 13.8992, 10.1928, 1.8532, 2.3165, 15.7525, 34.7481, 8.3395, 11.1194, 17.6057, 5.0964, 22.1862, 16.6791, 11.5827, 49.0212, 22.8766, 27.3352, 10.1928, 56.5236, 15.2892, 14.8259, 1.3899, 5.5597, 11.1194, 22.2388, 12.9726, 30.115, 11.1194, 22.7021, 11.6717, 14.9398, 19.4589, 13.4359, 17.1424, 11.5827, 6.023, 27.7985, 2.3165, 64.8631, 6.9496],
      [20.4085, 18.5945, 9.5988, 15.4198, 16.7804, 29.479, 3.1747, 9.9775, 25.3973, 10.8846, 9.9775, 14.4095, 24.9438, 15.8733, 13.6057, 9.9775, 1.8141, 2.2676, 15.4198, 34.0142, 8.1634, 10.8846, 17.2339, 4.9888, 19.955, 16.3268, 11.3381, 47.6199, 22.2226, 26.7579, 9.9775, 55.3298, 14.9663, 14.5127, 1.3606, 5.4423, 10.8846, 21.7691, 13.8815, 29.479, 10.8846, 23.7395, 11.3381, 14.5127, 19.048, 13.1522, 16.7804, 11.3381, 6.3815, 27.2114, 2.2676, 63.4933, 6.8028]
    ]
  ],
  "V_est": [
    [0, 0, 1817, 0, 0],
    [34.8383, 1652.6032, 183.5449, 151.0488, 134.9648],
    [153.0553, 160.5777, 505.4714, 12513.7959, 546.0997],
    [91.2296, 122.8429, 4429.8023, 242.0554, 171.0698],
    [265.8301, 37.7838, 436.3953, 630.9487, 470.042],
    [1053.2768, 32.6232, 817.3449, 108.994, 596.761],
    [64.77, 79.569, 10.4412, 929.1571, 892.0627]
  ],
  "p_est": [
    [0, 0, 1, 0, 0],
    [0.0162, 0.7662, 0.0851, 0.07, 0.0626],
    [0.011, 0.0116, 0.0364, 0.9016, 0.0393],
    [0.018, 0.0243, 0.876, 0.0479, 0.0338],
    [0.1444, 0.0205, 0.237, 0.3427, 0.2553],
    [0.4037, 0.0125, 0.3133, 0.0418, 0.2287],
    [0.0328, 0.0403, 0.0053, 0.4702, 0.4514]
  ],
  "EI_Z": {},
  "EI_V": 11.7705,
  "MAE_Z": {},
  "MAE_V": 197.3141,
  "MAE_p": 0.0735,
  "runtime": 1.9126
}
