{
  "X": [
    [22, 42, 42, 159, 47, 7],
    [6, 4, 1, 8, 6, 3],
    [10, 51, 21, 46, 13, 15],
    [16, 22, 17, 136, 19, 5],
    [3, 34, 9, 77, 17, 8],
    [30, 80, 111, 297, 90, 18],
    [9, 4, 15, 138, 5, 3],
    [5, 41, 26, 114, 7, 2],
    [11, 28, 26, 152, 33, 7],
    [8, 15, 31, 164, 42, 9],
    [13, 7, 12, 132, 18, 4],
    [60, 63, 139, 484, 121, 19],
    [106, 101, 193, 805, 199, 39],
    [1, 11, 2, 16, 12, 5],
    [6, 5, 40, 60, 27, 11],
    [11, 6, 10, 101, 16, 7],
    [15, 46, 23, 95, 19, 7],
    [4, 5, 9, 2, 2, 3],
    [20, 9, 31, 176, 16, 3],
    [8, 14, 21, 169, 22, 8],
    [3, 5, 8, 92, 11, 1],
    [11, 4, 11, 130, 21, 5],
    [18, 32, 95, 465, 68, 10],
    [1, 16, 11, 52, 6, 3],
    [38, 28, 65, 120, 52, 9],
    [52, 72, 175, 418, 143, 35],
    [3, 3, 5, 49, 9, 4],
    [15, 17, 35, 325, 31, 10],
    [3, 25, 28, 158, 33, 8],
    [6, 1, 16, 140, 7, 2],
    [17, 7, 17, 212, 33, 6],
    [16, 71, 71, 225, 49, 11],
    [16, 29, 34, 92, 23, 5],
    [11, 2, 17, 153, 10, 4],
    [6, 2, 4, 67, 5, 1],
    [22, 34, 97, 219, 66, 15],
    [20, 26, 63, 287, 50, 11],
    [46, 71, 128, 293, 88, 20],
    [3, 2, 4, 13, 7, 0],
    [25, 56, 78, 156, 54, 9],
    [0, 9, 9, 45, 5, 2],
    [7, 44, 9, 64, 17, 2],
    [16, 32, 66, 127, 37, 8],
    [21, 30, 83, 186, 63, 9],
    [16, 40, 71, 184, 48, 14],
    [27, 98, 176, 304, 87, 27],
    [20, 62, 136, 287, 79, 15],
    [10, 52, 82, 153, 51, 9],
    [9, 19, 52, 207, 54, 8],
    [75, 95, 249, 469, 208, 28],
    [27, 44, 101, 202, 93, 20],
    [35, 73, 126, 568, 113, 15],
    [11, 17, 35, 180, 34, 5],
    [8, 37, 35, 99, 50, 5],
    [15, 10, 36, 150, 17, 6],
    [5, 7, 32, 126, 22, 6],
    [49, 100, 136, 633, 137, 36],
    [11, 20, 8, 67, 8, 4],
    [8, 8, 22, 34, 18, 0],
    [8, 7, 10, 130, 5, 1],
    [15, 42, 57, 207, 37, 8],
    [17, 35, 54, 229, 35, 10],
    [27, 87, 85, 460, 59, 26],
    [708, 1126, 1920, 6600, 1582, 304],
    [48, 137, 160, 583, 114, 35],
    [77, 257, 317, 888, 199, 69],
    [18, 88, 48, 258, 15, 12]
  ],
  "W": [
    [9, 32, 34, 50, 190, 4],
    [3, 5, 0, 5, 13, 2],
    [7, 4, 10, 75, 54, 6],
    [3, 11, 11, 41, 143, 6],
    [4, 3, 5, 38, 86, 12],
    [18, 49, 67, 142, 320, 30],
    [9, 6, 12, 12, 134, 1],
    [3, 3, 9, 66, 109, 5],
    [6, 23, 19, 41, 159, 9],
    [7, 35, 18, 31, 160, 18],
    [3, 12, 4, 6, 159, 2],
    [35, 81, 111, 105, 532, 22],
    [60, 137, 139, 223, 849, 35],
    [2, 8, 0, 21, 13, 3],
    [4, 20, 28, 20, 65, 12],
    [4, 7, 4, 11, 121, 4],
    [4, 4, 13, 78, 103, 3],
    [0, 0, 5, 6, 10, 4],
    [7, 13, 20, 19, 191, 5],
    [8, 13, 18, 32, 165, 6],
    [1, 6, 6, 7, 94, 6],
    [5, 11, 9, 7, 143, 7],
    [11, 48, 60, 53, 507, 9],
    [0, 1, 5, 28, 52, 3],
    [19, 36, 59, 54, 136, 8],
    [30, 110, 129, 142, 445, 39],
    [1, 5, 5, 5, 53, 4],
    [4, 13, 16, 46, 350, 4],
    [4, 21, 19, 28, 174, 9],
    [2, 3, 13, 4, 144, 6],
    [6, 24, 16, 16, 224, 6],
    [12, 17, 45, 110, 243, 16],
    [11, 14, 27, 36, 99, 12],
    [3, 2, 13, 5, 171, 3],
    [0, 5, 2, 6, 71, 1],
    [13, 53, 77, 51, 239, 20],
    [14, 36, 53, 38, 305, 11],
    [36, 66, 101, 111, 311, 21],
    [1, 3, 4, 5, 15, 1],
    [6, 25, 64, 84, 187, 12],
    [0, 3, 1, 20, 44, 2],
    [4, 13, 10, 48, 65, 3],
    [9, 22, 52, 43, 152, 8],
    [9, 41, 65, 65, 201, 11],
    [8, 31, 38, 74, 209, 13],
    [17, 46, 136, 156, 339, 25],
    [12, 52, 103, 100, 315, 17],
    [9, 26, 50, 83, 180, 9],
    [3, 27, 46, 32, 232, 9],
    [52, 159, 190, 193, 500, 30],
    [16, 75, 68, 85, 214, 29],
    [19, 92, 84, 128, 594, 13],
    [9, 30, 26, 29, 179, 9],
    [3, 34, 17, 59, 113, 8],
    [6, 18, 26, 21, 158, 5],
    [4, 16, 32, 10, 127, 9],
    [33, 65, 100, 206, 661, 26],
    [7, 3, 2, 29, 71, 6],
    [2, 19, 12, 14, 40, 3],
    [1, 1, 5, 16, 137, 1],
    [10, 19, 32, 78, 216, 11],
    [9, 15, 27, 79, 236, 14],
    [8, 26, 53, 161, 479, 17],
    [415, 1135, 1439, 1807, 7165, 279],
    [28, 80, 127, 207, 605, 30],
    [55, 133, 216, 411, 901, 91],
    [10, 12, 29, 121, 262, 5]
  ],
  "method": "mvn_pdf",
  "cond_prob": [
    [
      [0.68886524705, 0.048745872754, 0.053512117347, 0.072872971204, 0.10567836968, 0.030325421963],
      [0.05062253125, 0.0022219087264, 0.10458265461, 0.025182897635, 0.81491988291, 0.0024701248747],
      [0.03152591672, 0.016341797393, 0.80641831177, 0.012373430385, 0.1297861898, 0.0035543539291],
      [0.016637291928, 0.7388403151, 0.091581931414, 0.046890089348, 0.062382309275, 0.043668062932],
      [0.064245177432, 0.019182303966, 0.028787830525, 0.81288937657, 0.061084089379, 0.013811222131],
      [0.017490574902, 0.086977861495, 0.17618475647, 0.081026971644, 0.2084088802, 0.42991095529]
    ],
    [
      [0.91196647682, 0.010715364339, 0.007962776206, 0.02000204917, 0.030416857284, 0.018936476184],
      [0.10320228563, 0.0073740684927, 0.05554299479, 0.030141492763, 0.80141675946, 0.0023223988652],
      [0.11388319038, 0.012487459604, 0.72050444426, 0.0052289248667, 0.13715182457, 0.010744156325],
      [0.011755758356, 0.68944919237, 0.056495255118, 0.039024534602, 0.067295459673, 0.13597979988],
      [0.20683331861, 0.034120430605, 0.027078543572, 0.58140853588, 0.11103044789, 0.039528723435],
      [0.00023860382535, 0.020086002397, 0.031949677703, 0.017926374608, 0.060896254931, 0.86890308653]
    ],
    [
      [0.64859306951, 0.041545053161, 0.062554448681, 0.065782558142, 0.09149169769, 0.090033172819],
      [0.049713323335, 0.0033569125436, 0.13258646674, 0.023998159575, 0.78444986567, 0.005895272144],
      [0.025690866304, 0.01476410526, 0.84550874341, 0.0084662147252, 0.099858576925, 0.0057114933783],
      [0.019486621049, 0.647476846, 0.1178081501, 0.036682463799, 0.060477021665, 0.11806889739],
      [0.064660187037, 0.032477804391, 0.038698453559, 0.78477551797, 0.05771457535, 0.02167346169],
      [0.00848997973, 0.038925173006, 0.1085596348, 0.038300758675, 0.095134865074, 0.71058958871]
    ],
    [
      [0.82532565706, 0.010497909373, 0.022951578045, 0.081821378589, 0.048392340992, 0.01101113594],
      [0.11258168541, 0.001258115472, 0.087938725137, 0.05426930382, 0.74231979703, 0.001632373139],
      [0.076547691549, 0.0078774272291, 0.75671242824, 0.02863041302, 0.12761928771, 0.0026127522542],
      [0.059167765291, 0.50427528083, 0.12653825596, 0.16666008025, 0.092557356461, 0.050801261205],
      [0.061255087834, 0.0066260239585, 0.01015386769, 0.88685495766, 0.029578414905, 0.0055316479539],
      [0.04304065751, 0.04086789368, 0.16665183409, 0.19821945728, 0.2101546831, 0.34106547434]
    ],
    [
      [0.39743017869, 0.10208685798, 0.070846217996, 0.13789330249, 0.24038147999, 0.051361962857],
      [0.013082193211, 0.0026408003803, 0.064243643607, 0.021820516473, 0.89633049656, 0.0018823497737],
      [0.011757891097, 0.023918737833, 0.74600973504, 0.015375402445, 0.1989390119, 0.0039992216809],
      [0.0018368768913, 0.78564133836, 0.057108338514, 0.046369597946, 0.070330277131, 0.038713571156],
      [0.013804324795, 0.02766838022, 0.012225045373, 0.85469893348, 0.075200839143, 0.016402476985],
      [0.0046058329885, 0.10252374343, 0.13103039637, 0.086661268901, 0.26791373613, 0.40726502219]
    ],
    [
      [0.60131131691, 0.027393505251, 0.088227219062, 0.11667513419, 0.14192853571, 0.02446428888],
      [0.034185710266, 0.0012281279116, 0.12828447528, 0.029671375758, 0.80540325545, 0.0012270553303],
      [0.018746604739, 0.0062700859966, 0.84824230715, 0.012478510934, 0.11267051447, 0.0015919767115],
      [0.020714973571, 0.52708395313, 0.19858590679, 0.098004193892, 0.11016113838, 0.045449834236],
      [0.040218565595, 0.008909994726, 0.031716384206, 0.85974622314, 0.053487502954, 0.0059213293762],
      [0.014460224581, 0.044317440642, 0.26484314932, 0.11915010006, 0.25575732581, 0.30147175958]
    ],
    [
      [0.60512922151, 0.010736643385, 0.051643946678, 0.24554237235, 0.052819858029, 0.034127958048],
      [0.066375927153, 0.00075053165335, 0.15461222717, 0.12539124642, 0.64916497508, 0.0037050925275],
      [0.09902944984, 0, 0.85458185778, 0.042474152199, 0, 0.0039145401821],
      [0.055624259079, 0.32346297521, 0.1758166425, 0.30348552662, 0.044668360456, 0.096942236134],
      [0.0096001064547, 0, 0.0081469393724, 0.97497217475, 0, 0.0072807794244],
      [0.013322671528, 0.017311317108, 0.15105923766, 0.23998360817, 0.093611101798, 0.48471206374]
    ],
    [
      [0.56279409376, 0.037425586494, 0.10089153261, 0.20689507827, 0.075487118553, 0.016506590312],
      [0.044590021287, 0.0023555551285, 0.21854420349, 0.07712806996, 0.65627651092, 0.0011056392192],
      [0.014528609149, 0.007958953902, 0.90380990748, 0.020082594009, 0.053205973431, 0.00041396202583],
      [0.021499088168, 0.59303819846, 0.18744887311, 0.14385696756, 0.041669458975, 0.012487413726],
      [0.014318930314, 0.012327266872, 0.026601563319, 0.93899376804, 0.0077584714594, 0],
      [0.013477389835, 0.064966560547, 0.32724151945, 0.22446132686, 0.14599953385, 0.22385366945]
    ],
    [
      [0.6092960307, 0.03560262481, 0.055840689556, 0.15342460436, 0.11621771298, 0.029618337597],
      [0.04043766723, 0.0016476570764, 0.098053831924, 0.046535823841, 0.81121627441, 0.0021087455194],
      [0.026525502067, 0.011480205058, 0.80090860563, 0.023252096281, 0.13468992634, 0.0031436646289],
      [0.017872918452, 0.62819920345, 0.11119622844, 0.11281838781, 0.080396860171, 0.049516401675],
      [0.031751022177, 0.0078347943116, 0.013183589653, 0.90263355042, 0.036952039188, 0.0076450042504],
      [0.014330083076, 0.058718289471, 0.17080201116, 0.15811668659, 0.21266281248, 0.38537011722]
    ],
    [
      [0.52829081067, 0.020713375905, 0.07219030296, 0.22469068375, 0.12533891947, 0.028775907248],
      [0.030791104143, 0.00081693670416, 0.11533463695, 0.062625159998, 0.78852662254, 0.0019055396638],
      [0.017994187095, 0.0053544527487, 0.82957638224, 0.027863401344, 0.11676885972, 0.0024427168449],
      [0.017712680642, 0.44164116132, 0.17565495453, 0.20185723196, 0.10505473429, 0.058079237258],
      [0.013480716844, 0.0029982076518, 0.015344292577, 0.93540040721, 0.027497651311, 0.0052787244041],
      [0.010798473201, 0.031080233848, 0.20139946127, 0.21178355804, 0.20922418485, 0.33571408879]
    ],
    [
      [0.7042677249, 0.038998597587, 0.062325164597, 0.074677922997, 0.08187937145, 0.037851218467],
      [0.058718531177, 0.0022539125472, 0.14398499517, 0.029560583225, 0.76233563053, 0.0031463473511],
      [0.026852311372, 0.011391064781, 0.86167768305, 0.010340585344, 0.086321688235, 0.0034166672173],
      [0.017120672747, 0.72097292648, 0.10939915552, 0.047874614364, 0.04901968436, 0.055612946529],
      [0.062533169574, 0.014863796447, 0.035381515511, 0.82358366042, 0.048360618251, 0.015277239802],
      [0.01483360348, 0.060605901804, 0.17821896626, 0.071413599361, 0.13879557916, 0.53613234993]
    ],
    [
      [0.67484752547, 0.023045965312, 0.061720356041, 0.10837117538, 0.10728342582, 0.024731551979],
      [0.050333651955, 0.0011834055239, 0.11738996726, 0.035867917068, 0.79345504141, 0.0017700167804],
      [0.029297643709, 0.0071278793117, 0.82602044246, 0.015880172233, 0.11921663616, 0.0024572261219],
      [0.027781152103, 0.53796403677, 0.16780613528, 0.10956858549, 0.10114279989, 0.05573729047],
      [0.048331597232, 0.0072413519545, 0.024857166074, 0.86684467014, 0.04532107031, 0.0074041442863],
      [0.019174620465, 0.043987166473, 0.21814884184, 0.13058829406, 0.22778962433, 0.36031145283]
    ],
    [
      [0.70427233873, 0.01365957201, 0.04918499903, 0.11385049765, 0.094212909249, 0.024819683336],
      [0.059829879067, 0.00064792121883, 0.10614267528, 0.042995722221, 0.7883452246, 0.0020385776069],
      [0.037646621733, 0.0050659232563, 0.80490026877, 0.020745068899, 0.12862170031, 0.0030204170286],
      [0.039130422437, 0.4288876374, 0.18053744956, 0.1558719148, 0.12009505881, 0.075477516992],
      [0.048080031268, 0.0032350409516, 0.01970929891, 0.88267374618, 0.038921087589, 0.0073807950974],
      [0.021944430659, 0.028542978039, 0.1895191474, 0.14987268885, 0.21829462437, 0.39182613068]
    ],
    [
      [0.38913218823, 0.032528336323, 0.047957644756, 0.20884120005, 0.22377134346, 0.097769287182],
      [0.0091978385576, 0.0053696856992, 0.036521983469, 0.036824346337, 0.91208614594, 0],
      [0.013138149226, 0.0093142597764, 0.70734386727, 0.027595256619, 0.23371561301, 0.0088928540927],
      [0.0020419135113, 0.50770131615, 0.068224212242, 0.14339867581, 0.14547403098, 0.1331598513],
      [0.0075642361077, 0.012333437064, 0, 0.92399918014, 0.053471197978, 0.0026319487132],
      [0.0023125539828, 0.02330784023, 0.059733461883, 0.088120431821, 0.1685626404, 0.65796307168]
    ],
    [
      [0.546147343, 0.010623827589, 0.11597182919, 0.11347656083, 0.1415949972, 0.072185442191],
      [0.026551927984, 0, 0.16111713492, 0.028544698444, 0.78268145658, 0.0011047820799],
      [0.012235277373, 0, 0.88723944087, 0.011453866663, 0.088774226122, 0.00029718896765],
      [0.036355885186, 0.24239606548, 0.31383808139, 0.11346086577, 0.13270541008, 0.1612436921],
      [0.03267561728, 0, 0.042450947589, 0.8550609816, 0.059378501941, 0.010433951588],
      [0.0075626229122, 0.0091319483388, 0.20291603494, 0.067192533486, 0.14838347671, 0.56481338361]
    ],
    [
      [0.68038012803, 0.015142332095, 0.050599811512, 0.073966305568, 0.10725812154, 0.072653301258],
      [0.045824235201, 0.00092359578051, 0.095141038928, 0.024183409296, 0.82981594926, 0.0041117715295],
      [0.029794740178, 0.0052937906702, 0.81406510644, 0.012045034651, 0.13157725155, 0.0072240765142],
      [0.028579977354, 0.43040727061, 0.15665095234, 0.082845656485, 0.11260046541, 0.18891567781],
      [0.061869712689, 0.0092085586159, 0.031113888594, 0.82136958358, 0.062048194644, 0.01439006188],
      [0.0094789736194, 0.015768692304, 0.096853015024, 0.047412234982, 0.12237754786, 0.70810953621]
    ],
    [
      [0.80159434823, 0.016258866386, 0.031087386909, 0.06409817593, 0.069999992056, 0.016961230491],
      [0.080820077768, 0.0012571070093, 0.087947580721, 0.031354681531, 0.79678943512, 0.0018311178535],
      [0.055989180801, 0.0091390509603, 0.77323527147, 0.017484555439, 0.14089905517, 0.0032528861658],
      [0.037379626964, 0.57441391489, 0.12750380944, 0.10030674503, 0.1009608489, 0.059435054782],
      [0.07506079863, 0.0083682363521, 0.019530079013, 0.83700330152, 0.049805403211, 0.010232181278],
      [0.031869927847, 0.048304912811, 0.17163544201, 0.11854106036, 0.23208394305, 0.39756471393]
    ],
    [
      [0.99849116064, 0.00020809729158, 0.00078151394506, 3.9159255026e-05, 0.00029878826309, 0.00018128060256],
      [0.48139557254, 0.0011139805571, 0.16700117068, 0.0012037268621, 0.34785483301, 0.0014307163556],
      [0, 0, 0.87279519627, 0.040797094305, 0.055839247011, 0.030568462412],
      [0, 0.55313541871, 0.25611068327, 0.051259047681, 0.066562589284, 0.072932261049],
      [0.4, 0.14306986184, 0.16552444351, 0.1343446543, 0.089357356012, 0.067703684349],
      [0, 0.062622217334, 0.36102887099, 0.036253424858, 0.10696366728, 0.43313181954]
    ],
    [
      [0.78665149878, 0.010054051647, 0.05056970134, 0.095251577556, 0.046349424671, 0.011123746001],
      [0.10317836758, 0.00094299364147, 0.18018440555, 0.058530160151, 0.6557507371, 0.0014133359687],
      [0.039501393381, 0.0038385614514, 0.87395131991, 0.017787027613, 0.063625914189, 0.0012957834587],
      [0.052390828149, 0.42405506997, 0.2396365571, 0.16499336152, 0.075228591734, 0.043695591537],
      [0.058599555321, 0.0032638106898, 0.024994468516, 0.89078393596, 0.018999583204, 0.003358646309],
      [0.034830412254, 0.032031464192, 0.29951006978, 0.18840013711, 0.16400250526, 0.2812254114]
    ],
    [
      [0.53498785063, 0.017509662295, 0.04841724205, 0.23963229446, 0.11305291788, 0.046400032687],
      [0.035424946148, 0.00088889007713, 0.085919763226, 0.073924956981, 0.80078834022, 0.003053103349],
      [0.025245874759, 0.0063403594534, 0.77692784521, 0.041197026273, 0.14505110734, 0.0052377869669],
      [0.019703109231, 0.40808840534, 0.12886635531, 0.23629643636, 0.10376830717, 0.10327738659],
      [0.012824985613, 0.0032647322379, 0.0041587475387, 0.94939143434, 0.022884485703, 0.0074756145639],
      [0.0097541713222, 0.022788478377, 0.11684786903, 0.19488301675, 0.1629803886, 0.49274607592]
    ],
    [
      [0.58592706339, 0.024903010202, 0.049438454579, 0.20887420439, 0.11925574829, 0.011601519141],
      [0.034087520624, 0.0012077467102, 0.081989585812, 0.059206438582, 0.82350870827, 0],
      [0.025208504535, 0.0084905601055, 0.78978856001, 0.032760303177, 0.14375207218, 0],
      [0.039610583335, 0.57974084852, 0.11385124254, 0.17340445748, 0.09339286813, 0],
      [0.016243851252, 0.0058016541135, 0.0080915108313, 0.94058340714, 0.029279576662, 0],
      [0.042350114097, 0.052227620435, 0.19372199243, 0.26844231192, 0.27852488097, 0.16473308014]
    ],
    [
      [0.68332527472, 0.01335196494, 0.037673240555, 0.12053855719, 0.11833800806, 0.026772954533],
      [0.044335915524, 0.00063103855251, 0.066603318879, 0.036500276544, 0.85006778657, 0.0018616639341],
      [0.038435413002, 0.0057449870788, 0.74531976957, 0.024121499282, 0.18269781998, 0.0036805110883],
      [0.03411871903, 0.45150248873, 0.13438254192, 0.15645432163, 0.14412909799, 0.079412830698],
      [0.044643137616, 0.0037407649859, 0.010428410972, 0.88587309879, 0.046435619898, 0.0088789677394],
      [0.018137160895, 0.025592436206, 0.13416840014, 0.14338247147, 0.25201237091, 0.42670716038]
    ],
    [
      [0.50169150498, 0.032916563257, 0.12817244387, 0.16711818906, 0.13527837098, 0.034822927855],
      [0.027337970804, 0.0013253045394, 0.18136345266, 0.04148878945, 0.74663391939, 0.0018505631569],
      [0.010655649293, 0.005329568931, 0.89154585187, 0.013100301475, 0.077568310109, 0.0018003183181],
      [0.013077339821, 0.51048038756, 0.22943733319, 0.11140354843, 0.083907353442, 0.051694037564],
      [0.01923840921, 0.0075539758939, 0.03267302921, 0.89407874653, 0.039223430375, 0.0072324087808],
      [0.0092066010065, 0.041022525728, 0.29627797879, 0.1313230423, 0.18733802772, 0.33483182447]
    ],
    [
      [0.49414781887, 0.036595264399, 0.09463075082, 0.20473456079, 0.13585226818, 0.034039336937],
      [0.022501248722, 0.0012713136006, 0.1304334296, 0.047586448059, 0.79644643817, 0.0017611218538],
      [0.010935395747, 0.0066643030004, 0.86787124319, 0.018064354782, 0.094069289966, 0.0023954133147],
      [0.0086710000928, 0.56306296285, 0.16707754095, 0.12698239115, 0.082983246803, 0.051222858162],
      [0.012632488964, 0.0011469838341, 0.022506274134, 0.91971872831, 0.03514716844, 0.0088483563166],
      [0.0077147812782, 0.046667017454, 0.22723765096, 0.16040365123, 0.19400781421, 0.36396908486]
    ],
    [
      [0.83775217716, 0.0098859074492, 0.029743424107, 0.049688195338, 0.05826244251, 0.014667853433],
      [0.098388766778, 0.0013500775966, 0.099386278427, 0.032421836497, 0.76611358445, 0.0023394562558],
      [0.055354687666, 0.0067137028973, 0.78277969459, 0.021658484582, 0.12980029642, 0.0036931338473],
      [0.056853927364, 0.48133123386, 0.16846167165, 0.10739466001, 0.11637253541, 0.069585971707],
      [0.087354685055, 0.0080959366913, 0.029813264347, 0.80855941259, 0.055548396497, 0.01062830482],
      [0.040554651569, 0.034315309439, 0.19017908972, 0.10593697896, 0.22700102844, 0.40201294186]
    ],
    [
      [0.64758227448, 0.02010984452, 0.072581175338, 0.11562050093, 0.10733668816, 0.03676951657],
      [0.047474202347, 0.00091766981835, 0.1352135525, 0.037488193954, 0.77648995766, 0.0024164237232],
      [0.024764370716, 0.0053316123316, 0.84776387398, 0.014820845289, 0.10431938443, 0.0029999132509],
      [0.027063509467, 0.47105412766, 0.19871942226, 0.11777887046, 0.10202649119, 0.083357578972],
      [0.044316094662, 0.0055906212722, 0.027290825266, 0.87034527711, 0.042957075903, 0.0095001057883],
      [0.01518167221, 0.03155052307, 0.21089638505, 0.1145524789, 0.18731135631, 0.44050758447]
    ],
    [
      [0.62894506357, 0.017543850036, 0.035430543813, 0.13867252102, 0.12145653177, 0.057951489803],
      [0.033303862653, 0.00095744369324, 0.057638863077, 0.037379438225, 0.86751448822, 0.0032059041364],
      [0.030552501992, 0.007618016344, 0.74350273852, 0.025897399678, 0.18510870176, 0.0073206416996],
      [0.021126136494, 0.50529935213, 0.095789900514, 0.13218479726, 0.11150388697, 0.13409592662],
      [0.036064665649, 0.0063147009033, 0.0036610392272, 0.89656187005, 0.046539143887, 0.010858580285],
      [0.0086787878387, 0.019600735312, 0.071469216643, 0.091560047635, 0.14783336437, 0.6608578482]
    ],
    [
      [0.59399402225, 0.014269853249, 0.07735487903, 0.15609632312, 0.11587513523, 0.042409787122],
      [0.038951830915, 0.00057111304265, 0.1319486407, 0.046224787856, 0.77967194946, 0.0026316780235],
      [0.020310158188, 0.0034575475506, 0.85130576888, 0.018391795847, 0.10325345808, 0.0032812714488],
      [0.02566701693, 0.35967717226, 0.22645810449, 0.16830956081, 0.11687329218, 0.10301485334],
      [0.030184662968, 0.00073366474112, 0.023291000091, 0.90057544282, 0.036195830979, 0.0090193983961],
      [0.011843190105, 0.019560693306, 0.19635825359, 0.13419473651, 0.17599912603, 0.46204400046]
    ],
    [
      [0.38569523556, 0.091237122428, 0.10496115628, 0.16933429345, 0.18691940232, 0.061852789955],
      [0.014934967223, 0.0024505668257, 0.1173008454, 0.033635370965, 0.82896238815, 0.0027158614369],
      [0.0080740366789, 0.016063441686, 0.83698242617, 0.015179519808, 0.12007866325, 0.0036219124156],
      [0.0030715970021, 0.74148978634, 0.094176850405, 0.057095524805, 0.057928694233, 0.046237547212],
      [0.0049674613983, 0.015919438478, 0.02866088784, 0.88425319882, 0.053144842572, 0.013054170894],
      [0.0044261166465, 0.082965322456, 0.17669169208, 0.096575318981, 0.18815684355, 0.45118470628]
    ],
    [
      [0.65212695692, 0.0082181315923, 0.058316561236, 0.19189187068, 0.074954244035, 0.014492235536],
      [0.05570020587, 0.00044437267765, 0.1390658228, 0.078085747548, 0.72547927691, 0.0012245741968],
      [0.028611273173, 0, 0.85699917982, 0.028991714721, 0.084088343874, 0.0013094884107],
      [0.097429316353, 0.2455576547, 0.23199023449, 0.27579707938, 0.10154149335, 0.047684221733],
      [0.024567457014, 0, 0.013377948836, 0.94654335457, 0.014247383718, 0.0012638558653],
      [0.038211306992, 0, 0.24513241685, 0.26660589157, 0.18711933035, 0.26293105424]
    ],
    [
      [0.71218322478, 0.010472956327, 0.029928198423, 0.13587631642, 0.086567677588, 0.02497162646],
      [0.063079600342, 0.00051521637095, 0.070099279503, 0.055579821559, 0.80844867496, 0.0022774072659],
      [0.052239946914, 0.0056458085309, 0.73292371666, 0.035170711404, 0.16971036894, 0.0043094475528],
      [0.043863092153, 0.40014324894, 0.12769738072, 0.21268984616, 0.12687344862, 0.088732983405],
      [0.042605502965, 0.0013195793966, 0.0028792576839, 0.91420030536, 0.031624732146, 0.007370622445],
      [0.02195149232, 0.022764394118, 0.12052613703, 0.18403151025, 0.20809077564, 0.44263569064]
    ],
    [
      [0.53228161968, 0.041989645926, 0.096998986604, 0.13600546492, 0.1642039292, 0.028520353676],
      [0.026010012314, 0.001468821999, 0.12307671026, 0.030054234099, 0.81812777941, 0.0012624419212],
      [0.014452013782, 0.0084476620646, 0.84481518744, 0.013063991447, 0.11759801404, 0.0016231312312],
      [0.012676895236, 0.60482519036, 0.16317110871, 0.084928838695, 0.095134647766, 0.039263319239],
      [0.028612341502, 0.010794442352, 0.03194060342, 0.86837428658, 0.054661430792, 0.0056168953534],
      [0.010803267088, 0.058574315711, 0.25103975391, 0.11950055815, 0.25512068947, 0.30496141567]
    ],
    [
      [0.71113954813, 0.039880621801, 0.053925218618, 0.096813921155, 0.082157496889, 0.016083193406],
      [0.061942827505, 0.0023816414935, 0.12696290598, 0.039160851411, 0.76848760122, 0.0010641723825],
      [0.032960825611, 0.013614308561, 0.83371708162, 0.015650947251, 0.10293097861, 0.0011258583387],
      [0.020677438418, 0.71630537844, 0.10830271379, 0.071109621293, 0.057308640271, 0.026296207794],
      [0.054514345699, 0.012683388453, 0.024455467786, 0.86579446555, 0.039819747622, 0.0027325848916],
      [0.023251257231, 0.093144563956, 0.23324930837, 0.14088507633, 0.21275321918, 0.29671657493]
    ],
    [
      [0.70458693057, 0.0092309154498, 0.056269903276, 0.11492419194, 0.082070800646, 0.032917258124],
      [0.058714587561, 0.00055249878882, 0.12897182231, 0.045155333904, 0.76389565974, 0.0027100976916],
      [0.029901930912, 0.0028727720797, 0.8511448219, 0.017172879973, 0.095517134342, 0.0033904607919],
      [0.039285579689, 0.34545026466, 0.22564140033, 0.16710291134, 0.1122229337, 0.11029691028],
      [0.047563239367, 0.00092819337975, 0.022443759153, 0.88383455218, 0.034806551397, 0.010423704519],
      [0.016781033727, 0.015961275933, 0.180758048, 0.12348211213, 0.15707952493, 0.50593800528]
    ],
    [
      [0.87055684669, 0.0035165603886, 0.016978027001, 0.076992576217, 0.026035335681, 0.0059206540227],
      [0.15243908376, 0.00041782482774, 0.10275031573, 0.076537012275, 0.66639338614, 0.00146237728],
      [0.08146547496, 0.0032130400495, 0.79723600885, 0.031600548505, 0.084729864047, 0.0017550635863],
      [0.10013093526, 0.32856504836, 0.17081267462, 0.26371182401, 0.086388506452, 0.050391011308],
      [0.0622649517, 0, 0.0096683371883, 0.9114495924, 0.011527118749, 0.0050899999643],
      [0.053276449084, 0.020094505603, 0.1804484156, 0.25892183725, 0.16181687135, 0.32544192111]
    ],
    [
      [0.60626438999, 0.03400891698, 0.088040363562, 0.12258400896, 0.11071815439, 0.03838416612],
      [0.041428067496, 0.001575464392, 0.15517267926, 0.037140591914, 0.76205448676, 0.0026287101706],
      [0.019220527424, 0.0076185819133, 0.86761641513, 0.012617058328, 0.08998143697, 0.0029459802388],
      [0.017923550307, 0.5824286372, 0.17281913299, 0.088938238981, 0.075260558585, 0.062629881943],
      [0.038808210476, 0.0092771481195, 0.030860935685, 0.8692074943, 0.041462472222, 0.010383739196],
      [0.012681568587, 0.048332738074, 0.23176599485, 0.10950008473, 0.17476930995, 0.42295030381]
    ],
    [
      [0.58185182803, 0.033736691183, 0.070564466695, 0.162082198, 0.11110619122, 0.040658624867],
      [0.04016388646, 0.0016480093032, 0.12625507313, 0.050347295548, 0.7788442814, 0.0027414541528],
      [0.021663020481, 0.009153268272, 0.83674161137, 0.020848304517, 0.10802689061, 0.003566904748],
      [0.016994130447, 0.58372320835, 0.13888365478, 0.11825387218, 0.075616106083, 0.066529028161],
      [0.027815549423, 0.0074892434679, 0.019144221984, 0.90412203846, 0.032512976683, 0.0089159699849],
      [0.011864988944, 0.047048508659, 0.18209480396, 0.14204705244, 0.17189309734, 0.44505154866]
    ],
    [
      [0.65231435845, 0.030540808278, 0.070473829071, 0.11622540046, 0.097824917921, 0.032620685828],
      [0.051165078761, 0.0015591798998, 0.1412076713, 0.04035180134, 0.76318289788, 0.0025333708235],
      [0.025572976848, 0.0083630318096, 0.85010928335, 0.015063105348, 0.097828967861, 0.0030626347849],
      [0.022190865141, 0.58759293403, 0.15754543183, 0.096323534498, 0.075798077848, 0.060549156656],
      [0.044231694038, 0.0085674001152, 0.026519455843, 0.8726153754, 0.0386616819, 0.0094043927081],
      [0.016079731407, 0.050746747743, 0.21652878714, 0.12171423703, 0.18048267756, 0.41444781912]
    ],
    [
      [0.87372161799, 0.0043366899282, 0.012711755093, 0.030440875558, 0.078789061426, 0],
      [0.032708225006, 0.0030724106375, 0.028700214292, 0.013506330055, 0.92201282001, 0],
      [0.053530453227, 0.0064775596973, 0.63508392897, 0.016958537247, 0.28794952086, 0],
      [0.07885961706, 0.3370424184, 0.14840355842, 0.12128904639, 0.31440535973, 0],
      [0.089455340448, 0.017126901303, 0.031382618802, 0.80969490102, 0.05234023843, 0],
      [0.077903702063, 0.018420227849, 0.148094812, 0.10933723808, 0.64624402001, 0]
    ],
    [
      [0.74325343259, 0.025088587786, 0.053566978547, 0.057724119794, 0.10339765878, 0.016969222495],
      [0.054945285092, 0.0015627056085, 0.10729222699, 0.021166575965, 0.81374355659, 0.0012896497607],
      [0.031875637837, 0.0092625858803, 0.81563816947, 0.012695404577, 0.12854590562, 0.00198229662],
      [0.026571531395, 0.61556572582, 0.1529596388, 0.064579721073, 0.1001485608, 0.040174822106],
      [0.078053244796, 0.014913571737, 0.037921256107, 0.79060427971, 0.069955886878, 0.008551760768],
      [0.024903420125, 0.060103037758, 0.23796375472, 0.087024009389, 0.27623810161, 0.3137676764]
    ],
    [
      [0.39508134271, 0.02883567892, 0.16621667021, 0.25467573335, 0.12287539676, 0.032315178056],
      [0, 0.017487048597, 0.22209594885, 0.057288642932, 0.70118894034, 0.0019394192765],
      [0, 0.0081616443564, 0.92927517814, 0.01311946464, 0.048188225438, 0.0012554874248],
      [0, 0.43860380641, 0.2848150186, 0.15680861199, 0.071629039565, 0.048143523441],
      [0, 0.0021426756472, 0.023078355237, 0.93953748729, 0.02544672632, 0.0097947555032],
      [0, 0.036511676631, 0.34634448642, 0.16959646299, 0.14800410207, 0.29954327189]
    ],
    [
      [0.65060380186, 0.075091899794, 0.033907289896, 0.13214546846, 0.089403175386, 0.018848364605],
      [0.052611790626, 0.0081925807702, 0.074278808631, 0.051997246954, 0.81197803228, 0.00094154073805],
      [0.038954399616, 0.037354529706, 0.74210418367, 0.029706526774, 0.14959531615, 0.0022850440818],
      [0.036561775686, 0.83944156533, 0.0014784503412, 0.065686728774, 0.039224208662, 0.017607271209],
      [0.023300198044, 0.037905004318, 0, 0.90516411804, 0.032166178216, 0.0014645013826],
      [0.018203137492, 0.15418771244, 0.13557962505, 0.16991933145, 0.20571870581, 0.31639148776]
    ],
    [
      [0.61175571834, 0.045409345331, 0.10013508944, 0.081766735355, 0.12472879145, 0.036204320086],
      [0.036711365202, 0.0017805577805, 0.15831659632, 0.022540668609, 0.77833719178, 0.0023136203121],
      [0.016791116057, 0.0086217389138, 0.87507217075, 0.0081596930169, 0.088548949384, 0.0028063318753],
      [0.014829790206, 0.65362351892, 0.16275860988, 0.04950808492, 0.069902584642, 0.049377411426],
      [0.053141212725, 0.016380654227, 0.046299554378, 0.8068635352, 0.063135510448, 0.014179533025],
      [0.012283144058, 0.063517805148, 0.25948921329, 0.07147445425, 0.19338357029, 0.39985181297]
    ],
    [
      [0.6599927176, 0.016256844776, 0.071960635089, 0.10765705553, 0.12248363259, 0.021649114418],
      [0.042464961826, 0.00063293635396, 0.12038603972, 0.031231738387, 0.80370558975, 0.0015787339604],
      [0.024503311898, 0.0041805948969, 0.83855996711, 0.0136104561, 0.11693456378, 0.0022111062175],
      [0.03062038737, 0.43526916758, 0.22331881707, 0.12369124166, 0.13105222809, 0.056048158222],
      [0.047447260269, 0.0046083621352, 0.027993239593, 0.86280081937, 0.04975058399, 0.0073997346442],
      [0.018096576384, 0.030656605098, 0.25161495691, 0.12754637988, 0.25697357029, 0.31511191143]
    ],
    [
      [0.56850043683, 0.028822444856, 0.12424057667, 0.10464801038, 0.13055229736, 0.043236233899],
      [0.032240006466, 0.0015001652215, 0.18226235265, 0.027114144224, 0.75439491165, 0.0024884197947],
      [0.012980690366, 0.0051500281775, 0.8939132068, 0.0086265474961, 0.076910665733, 0.002418861431],
      [0.017186720876, 0.49575672338, 0.24624091848, 0.078268147895, 0.090525888738, 0.072021600623],
      [0.040932496028, 0.011392346065, 0.040593937447, 0.83805378449, 0.055668745008, 0.013358690964],
      [0.010198542806, 0.035401260807, 0.28317536171, 0.080721902966, 0.17792696838, 0.41257596333]
    ],
    [
      [0.54797568385, 0.040298661522, 0.10961370835, 0.11371784577, 0.14041412414, 0.047979976357],
      [0.030475665884, 0.001691458978, 0.15644459921, 0.028299946199, 0.78055871062, 0.0025296191114],
      [0.013793255753, 0.0077849213652, 0.87267514071, 0.010034604378, 0.092859144062, 0.0028529337355],
      [0.013583104682, 0.58119847354, 0.18452376623, 0.071395917836, 0.082165306339, 0.06713343138],
      [0.035542773476, 0.012746931895, 0.039747304754, 0.84408091481, 0.055009517713, 0.012872557352],
      [0.0095474169133, 0.047607782065, 0.23985009662, 0.084763983913, 0.1844960526, 0.43373466788]
    ],
    [
      [0.53583496083, 0.038237215372, 0.11530810827, 0.13171612558, 0.14250976657, 0.036393823376],
      [0.028805915463, 0.0015362227157, 0.16068398331, 0.032084075219, 0.77490371399, 0.0019860892987],
      [0.012502016648, 0.006875363886, 0.87714712902, 0.011251819735, 0.089961912401, 0.0022617583155],
      [0.013307940038, 0.56636972366, 0.19831009958, 0.084528921412, 0.085299964874, 0.052183350438],
      [0.029468811809, 0.010423309809, 0.036282081032, 0.86454191017, 0.049991196898, 0.009292690282],
      [0.010052672219, 0.048987788157, 0.27380681157, 0.10638254731, 0.20303465799, 0.35773552275]
    ],
    [
      [0.44002167065, 0.047492950362, 0.16787291667, 0.10375895154, 0.20326782171, 0.037585689071],
      [0.016258794153, 0.002128970038, 0.16603352983, 0.019318344239, 0.79466419248, 0.0015961692575],
      [0.0061983652373, 0.0073566843594, 0.88867118333, 0.0088065605102, 0.087092822714, 0.0018743838529],
      [0.0071660349489, 0.566893279, 0.22886095123, 0.057727376589, 0.095547197623, 0.043805160616],
      [0.025850439907, 0.020255708811, 0.054314598636, 0.80950511268, 0.078199879471, 0.011874260497],
      [0.0065886633519, 0.050134029454, 0.32962512241, 0.069030213522, 0.23869819522, 0.30592377604]
    ],
    [
      [0.49661525007, 0.029221982818, 0.080950315846, 0.13778691691, 0.21727351655, 0.038152017814],
      [0.019041279478, 0.00091575106592, 0.082509494791, 0.024842056176, 0.87108076173, 0.0016106567646],
      [0.01463255809, 0.0066658922377, 0.78898078228, 0.01545182069, 0.17129957109, 0.0029693756106],
      [0.014261365968, 0.51162910767, 0.16115061819, 0.10181808811, 0.14791079782, 0.06323002225],
      [0.024947396261, 0.0081291079212, 0.027690108328, 0.86634200141, 0.062720521544, 0.010170864533],
      [0.0087535986843, 0.035877027401, 0.1839279771, 0.10617742597, 0.29610134282, 0.36916262802]
    ],
    [
      [0.65183390894, 0.018943284855, 0.075982634375, 0.1076682093, 0.11998798086, 0.025583981666],
      [0.043806174957, 0.00085547063539, 0.12915349099, 0.032230411858, 0.79215127589, 0.0018031756715],
      [0.023821776065, 0.0048633629873, 0.84466564448, 0.013569659528, 0.11077014557, 0.0023094113695],
      [0.028450775604, 0.46104141324, 0.21669486166, 0.1147330462, 0.11851941604, 0.060560487255],
      [0.047207609339, 0.0059362378136, 0.029452228427, 0.8598856915, 0.04958934671, 0.0079288862075],
      [0.017283770111, 0.033525957563, 0.24929343269, 0.12040195509, 0.23644412729, 0.34305075725]
    ],
    [
      [0.63724364185, 0.021424844511, 0.080701361309, 0.11131651176, 0.11771873237, 0.031594908191],
      [0.042468529527, 0.00087334287172, 0.13760850747, 0.032854372628, 0.78389820092, 0.0022970465896],
      [0.021829272231, 0.0051221911469, 0.85473269246, 0.012702965686, 0.10291881605, 0.0026940624247],
      [0.025274803481, 0.48140848598, 0.2105728646, 0.10774144508, 0.10639203378, 0.068610367079],
      [0.044613469647, 0.0062047080159, 0.029944126029, 0.86202176831, 0.047639350878, 0.009576577122],
      [0.015135541506, 0.034340136224, 0.23998553828, 0.11242672237, 0.20991419873, 0.3881978629]
    ],
    [
      [0.58228807893, 0.028101394397, 0.08191621501, 0.16709562886, 0.11247810189, 0.028120580903],
      [0.039711032349, 0.0013447521029, 0.14302105773, 0.051029097464, 0.7631168685, 0.0017771918545],
      [0.019546055382, 0.0067953992828, 0.85485656581, 0.019365807926, 0.097337371266, 0.0020988003366],
      [0.019081688854, 0.52793411445, 0.17976180223, 0.13663146821, 0.085491193961, 0.051099732293],
      [0.026971511938, 0.0060938841346, 0.022485527374, 0.90715760745, 0.031938968495, 0.0053525006072],
      [0.013669892905, 0.044323765176, 0.23936839466, 0.16641011243, 0.197323451, 0.33890438383]
    ],
    [
      [0.57181810177, 0.025855394389, 0.066473376794, 0.21241451493, 0.10021737931, 0.023221232806],
      [0.041099929661, 0.0014384673486, 0.12734919324, 0.070984874198, 0.75755582196, 0.0015717135935],
      [0.021651398788, 0.0074364684556, 0.83773619143, 0.029160228919, 0.10200264608, 0.0020130663227],
      [0.018733826568, 0.52525487487, 0.15256381448, 0.18026995619, 0.078972187288, 0.044205340604],
      [0.018932711373, 0.0050282725372, 0.013824507131, 0.93811607124, 0.020749335804, 0.003349101916],
      [0.013940724395, 0.044260788313, 0.21124282646, 0.22777241184, 0.19055284321, 0.31223040578]
    ],
    [
      [0.54634993271, 0.03709745816, 0.095756701619, 0.10000454346, 0.1974347389, 0.023356625153],
      [0.02245180411, 0.0018668455866, 0.10496289548, 0.019708287953, 0.85022765979, 0.00078250708561],
      [0.014408723736, 0.007662588146, 0.82936908779, 0.0096851007447, 0.13752239158, 0.0013521080008],
      [0.014667181657, 0.58694810556, 0.17548122955, 0.068488085769, 0.1194343284, 0.034981069071],
      [0.038909230527, 0.014443660534, 0.040848366029, 0.82383882608, 0.075726012169, 0.0062339046581],
      [0.011316723918, 0.054112376118, 0.2594323815, 0.091334182349, 0.31980124286, 0.26400309326]
    ],
    [
      [0.72627004167, 0.013375468836, 0.058596867081, 0.12335998487, 0.049606405267, 0.028791232284],
      [0.087842539183, 0.0011303483271, 0.19211693147, 0.069530147753, 0.6457895372, 0.003590496064],
      [0.032341602761, 0.0044232643832, 0.88130314953, 0.019894546405, 0.058757758065, 0.003279678854],
      [0.037717073541, 0.43433292189, 0.21385624008, 0.16488223462, 0.061502641852, 0.087708888011],
      [0.046375647182, 0.003354306603, 0.023454778369, 0.90673919949, 0.010832371437, 0.0092436969191],
      [0.020184314762, 0.026684848036, 0.21591922383, 0.15274375563, 0.10947560464, 0.4749922531]
    ],
    [
      [0.52284917317, 0.029691137558, 0.063392276193, 0.2286996522, 0.11397563056, 0.041392130316],
      [0.032763531365, 0.001487994503, 0.1092857225, 0.068457623348, 0.78521657803, 0.0027885502513],
      [0.018533848893, 0.0087223779563, 0.81835710759, 0.032544339802, 0.1177315478, 0.0041107779548],
      [0.014239361447, 0.55191164512, 0.12413762783, 0.16510120555, 0.07681496053, 0.067795199532],
      [0.01233003299, 0.0055780423608, 0.0093397927457, 0.94184986677, 0.023277948228, 0.0076243169003],
      [0.0092217596269, 0.038975956904, 0.15365577057, 0.18694615646, 0.16541929661, 0.44578105983]
    ],
    [
      [0.58026001846, 0.020885648772, 0.061612998097, 0.15050308517, 0.14700379861, 0.039734450889],
      [0.033365207035, 0.00086652910616, 0.089989463812, 0.038467935682, 0.8351920184, 0.0021188459635],
      [0.024213335213, 0.0062513654905, 0.7881582937, 0.021434676203, 0.15627413631, 0.0036681930863],
      [0.022652537724, 0.45816846069, 0.1587957661, 0.14470452374, 0.13088953645, 0.084789175291],
      [0.030673426525, 0.0052600766009, 0.018735446549, 0.89269826649, 0.044230838469, 0.0084019453635],
      [0.012299604144, 0.029603812087, 0.16175263689, 0.1348780272, 0.23208273394, 0.42938318574]
    ],
    [
      [0.77165086178, 0.023859004411, 0.037633718303, 0.090629256837, 0.059990066817, 0.016237091856],
      [0.081645572125, 0.0019001831157, 0.11467951815, 0.047117604655, 0.75281170962, 0.0018454123323],
      [0.04465084197, 0.011340037343, 0.8215056802, 0.019731673069, 0.10037583167, 0.0023959357487],
      [0.030912634929, 0.65225509032, 0.11449528876, 0.098913086027, 0.062412560178, 0.041011339789],
      [0.059139944592, 0.0068383098144, 0.017562643009, 0.87854915014, 0.030865307564, 0.0070446448808],
      [0.028133848049, 0.067281454849, 0.19703383821, 0.15655164789, 0.18658027631, 0.36441893468]
    ],
    [
      [0.83320784468, 0.014479020247, 0.060206971212, 0.041681530898, 0.050424632959, 0],
      [0.075894295309, 0.0054249732511, 0.20184290031, 0.031647078607, 0.68519075252, 0],
