{
  "Z_true": {},
  "V_true": [
    [443, 43, 29, 447, 353, 45],
    [26, 40, 52, 74, 772, 250],
    [81, 180, 161, 162, 12764, 581],
    [188, 129, 152, 2249, 605, 231],
    [57, 71, 1289, 463, 910, 138],
    [40, 1016, 44, 351, 519, 112],
    [40, 61, 84, 143, 898, 821]
  ],
  "p_true": [
    [0.3257, 0.0316, 0.0213, 0.3287, 0.2596, 0.0331],
    [0.0214, 0.0329, 0.0428, 0.061, 0.6359, 0.2059],
    [0.0058, 0.0129, 0.0116, 0.0116, 0.9164, 0.0417],
    [0.0529, 0.0363, 0.0428, 0.6328, 0.1702, 0.065],
    [0.0195, 0.0242, 0.4402, 0.1581, 0.3108, 0.0471],
    [0.0192, 0.488, 0.0211, 0.1686, 0.2493, 0.0538],
    [0.0195, 0.0298, 0.041, 0.0699, 0.4387, 0.4011]
  ],
  "Z_est": [
    [
      [0, 0.4364, 5.455, 4.0367, 5.455, 1.091, 4.2549, 6.0005, 0.6546, 2.6184, 4.8004, 1.6365, 2.2911, 3.1639, 7.0915, 7.9643, 0.1091, 0.2182, 0.5455, 3.9276, 3.4912, 4.4731, 3.8185, 3.6003, 11.0191, 11.4555, 8.8371, 10.8009, 10.0372, 0.3273, 5.0186, 1.3092, 11.2373, 1.2001],
      [0, 0.458, 5.725, 4.2365, 5.725, 1.145, 4.4655, 6.2975, 0.687, 2.748, 5.038, 1.7175, 2.4045, 3.3205, 7.4425, 8.3585, 0.1145, 0.229, 0.5725, 4.122, 3.664, 4.6945, 4.0075, 3.7785, 11.5645, 12.0225, 9.2745, 11.3355, 10.534, 0.3435, 5.267, 1.374, 11.7935, 1.2595],
      [0, 0.5336, 6.67, 4.9358, 6.67, 1.334, 5.2026, 7.337, 0.8004, 3.2016, 5.8696, 2.001, 2.8014, 3.8686, 8.671, 9.7382, 0.1334, 0.2668, 0.667, 4.8024, 4.2688, 5.4694, 4.669, 4.4022, 13.4734, 14.007, 10.8054, 13.2066, 12.2728, 0.4002, 6.1364, 1.6008, 13.7402, 1.4674],
      [0, 0.8736, 10.92, 8.0808, 10.92, 2.184, 8.5176, 12.012, 1.3104, 5.2416, 9.6096, 3.276, 4.5864, 6.3336, 14.196, 15.9432, 0.2184, 0.4368, 1.092, 7.8624, 6.9888, 8.9544, 7.644, 7.2072, 22.0584, 22.932, 17.6904, 21.6216, 20.0928, 0.6552, 10.0464, 2.6208, 22.4952, 2.4024],
      [0, 1.0024, 12.53, 9.2722, 12.53, 2.506, 9.7734, 13.783, 1.5036, 6.0144, 11.0264, 3.759, 5.2626, 7.2674, 16.289, 18.2938, 0.2506, 0.5012, 1.253, 9.0216, 8.0192, 10.2746, 8.771, 8.2698, 25.3106, 26.313, 20.2986, 24.8094, 23.0552, 0.7518, 11.5276, 3.0072, 25.8118, 2.7566],
      [0, 0.696, 8.7, 6.438, 8.7, 1.74, 6.786, 9.57, 1.044, 4.176, 7.656, 2.61, 3.654, 5.046, 11.31, 12.702, 0.174, 0.348, 0.87, 6.264, 5.568, 7.134, 6.09, 5.742, 17.574, 18.27, 14.094, 17.226, 16.008, 0.522, 8.004, 2.088, 17.922, 1.914]
    ],
    [
      [0.0913, 0.1826, 2.6477, 2.0086, 3.9259, 1.5521, 2.3738, 4.4737, 0.3652, 2.9216, 3.0129, 1.7347, 3.1955, 3.8346, 3.7433, 5.478, 0.1826, 0.7304, 0.0913, 3.4694, 1.9173, 4.4737, 5.5693, 3.0129, 7.3953, 8.1257, 4.3824, 4.1998, 5.5693, 0.0913, 2.5564, 0.8217, 15.7036, 1.0043],
      [0.1073, 0.2146, 3.1117, 2.3606, 4.6139, 1.8241, 2.7898, 5.2577, 0.4292, 3.4336, 3.5409, 2.0387, 3.7555, 4.5066, 4.3993, 6.438, 0.2146, 0.8584, 0.1073, 4.0774, 2.2533, 5.2577, 6.5453, 3.5409, 8.6913, 9.5497, 5.1504, 4.9358, 6.5453, 0.1073, 3.0044, 0.9657, 18.4556, 1.1803],
      [0.1314, 0.2628, 3.8106, 2.8908, 5.6502, 2.2338, 3.4164, 6.4386, 0.5256, 4.2048, 4.3362, 2.4966, 4.599, 5.5188, 5.3874, 7.884, 0.2628, 1.0512, 0.1314, 4.9932, 2.7594, 6.4386, 8.0154, 4.3362, 10.6434, 11.6946, 6.3072, 6.0444, 8.0154, 0.1314, 3.6792, 1.1826, 22.6008, 1.4454],
      [0.2071, 0.4142, 6.0059, 4.5562, 8.9053, 3.5207, 5.3846, 10.1479, 0.8284, 6.6272, 6.8343, 3.9349, 7.2485, 8.6982, 8.4911, 12.426, 0.4142, 1.6568, 0.2071, 7.8698, 4.3491, 10.1479, 12.6331, 6.8343, 16.7751, 18.4319, 9.9408, 9.5266, 12.6331, 0.2071, 5.7988, 1.8639, 35.6212, 2.2781],
      [0.2655, 0.531, 7.6995, 5.841, 11.4165, 4.5135, 6.903, 13.0095, 1.062, 8.496, 8.7615, 5.0445, 9.2925, 11.151, 10.8855, 15.93, 0.531, 2.124, 0.2655, 10.089, 5.5755, 13.0095, 16.1955, 8.7615, 21.5055, 23.6295, 12.744, 12.213, 16.1955, 0.2655, 7.434, 2.3895, 45.666, 2.9205],
      [0.1975, 0.395, 5.7275, 4.345, 8.4925, 3.3575, 5.135, 9.6775, 0.79, 6.32, 6.5175, 3.7525, 6.9125, 8.295, 8.0975, 11.85, 0.395, 1.58, 0.1975, 7.505, 4.1475, 9.6775, 12.0475, 6.5175, 15.9975, 17.5775, 9.48, 9.085, 12.0475, 0.1975, 5.53, 1.7775, 33.97, 2.1725]
    ],
    [
      [0.0258, 0.129, 5.4782, 2.7778, 5.0052, 1.6082, 3.8012, 5.805, 0.4214, 4.2656, 5.3234, 1.763, 4.1108, 2.7004, 3.9044, 5.7792, 0.1892, 0.1462, 0.1892, 2.0038, 3.0358, 3.5862, 3.354, 3.0272, 8.8064, 6.8714, 4.644, 5.7792, 6.5532, 1.548, 2.9154, 1.4362, 12.2292, 0.5762],
      [0.0369, 0.1845, 7.8351, 3.9729, 7.1586, 2.3001, 5.4366, 8.3025, 0.6027, 6.1008, 7.6137, 2.5215, 5.8794, 3.8622, 5.5842, 8.2656, 0.2706, 0.2091, 0.2706, 2.8659, 4.3419, 5.1291, 4.797, 4.3296, 12.5952, 9.8277, 6.642, 8.2656, 9.3726, 2.214, 4.1697, 2.0541, 17.4906, 0.8241],
      [0.0357, 0.1785, 7.5803, 3.8437, 6.9258, 2.2253, 5.2598, 8.0325, 0.5831, 5.9024, 7.3661, 2.4395, 5.6882, 3.7366, 5.4026, 7.9968, 0.2618, 0.2023, 0.2618, 2.7727, 4.2007, 4.9623, 4.641, 4.1888, 12.1856, 9.5081, 6.426, 7.9968, 9.0678, 2.142, 4.0341, 1.9873, 16.9218, 0.7973],
      [0.0591, 0.2955, 12.5489, 6.3631, 11.4654, 3.6839, 8.7074, 13.2975, 0.9653, 9.7712, 12.1943, 4.0385, 9.4166, 6.1858, 8.9438, 13.2384, 0.4334, 0.3349, 0.4334, 4.5901, 6.9541, 8.2149, 7.683, 6.9344, 20.1728, 15.7403, 10.638, 13.2384, 15.0114, 3.546, 6.6783, 3.2899, 28.0134, 1.3199],
      [2.7759, 13.8795, 589.4161, 298.8719, 538.5246, 173.0311, 408.9826, 624.5775, 45.3397, 458.9488, 572.7607, 189.6865, 442.2934, 290.5442, 420.0862, 621.8016, 20.3566, 15.7301, 20.3566, 215.5949, 326.6309, 385.8501, 360.867, 325.7056, 947.5072, 739.3147, 499.662, 621.8016, 705.0786, 166.554, 313.6767, 154.5251, 1315.7766, 61.9951],
      [0.0666, 0.333, 14.1414, 7.1706, 12.9204, 4.1514, 9.8124, 14.985, 1.0878, 11.0112, 13.7418, 4.551, 10.6116, 6.9708, 10.0788, 14.9184, 0.4884, 0.3774, 0.4884, 5.1726, 7.8366, 9.2574, 8.658, 7.8144, 22.7328, 17.7378, 11.988, 14.9184, 16.9164, 3.996, 7.5258, 3.7074, 31.5684, 1.4874]
    ],
    [
      [0.08, 0.16, 6.44, 2.96, 3.68, 0.92, 4.64, 6.92, 1.08, 4.44, 8.12, 1.36, 3.2, 2.68, 5.4, 7.52, 0.56, 0.24, 0.24, 1.84, 2.96, 3.84, 3.72, 3.48, 11.16, 9.2, 7.04, 9.36, 10.04, 1.84, 4, 1.52, 10.4, 1.12],
      [0.1216, 0.2432, 9.7888, 4.4992, 5.5936, 1.3984, 7.0528, 10.5184, 1.6416, 6.7488, 12.3424, 2.0672, 4.864, 4.0736, 8.208, 11.4304, 0.8512, 0.3648, 0.3648, 2.7968, 4.4992, 5.8368, 5.6544, 5.2896, 16.9632, 13.984, 10.7008, 14.2272, 15.2608, 2.7968, 6.08, 2.3104, 15.808, 1.7024],
      [0.1658, 0.3316, 13.3469, 6.1346, 7.6268, 1.9067, 9.6164, 14.3417, 2.2383, 9.2019, 16.8287, 2.8186, 6.632, 5.5543, 11.1915, 15.5852, 1.1606, 0.4974, 0.4974, 3.8134, 6.1346, 7.9584, 7.7097, 7.2123, 23.1291, 19.067, 14.5904, 19.3986, 20.8079, 3.8134, 8.29, 3.1502, 21.554, 2.3212],
      [0.8232, 1.6464, 66.2676, 30.4584, 37.8672, 9.4668, 47.7456, 71.2068, 11.1132, 45.6876, 83.5548, 13.9944, 32.928, 27.5772, 55.566, 77.3808, 5.7624, 2.4696, 2.4696, 18.9336, 30.4584, 39.5136, 38.2788, 35.8092, 114.8364, 94.668, 72.4416, 96.3144, 103.3116, 18.9336, 41.16, 15.6408, 107.016, 11.5248],
      [0.6064, 1.2128, 48.8152, 22.4368, 27.8944, 6.9736, 35.1712, 52.4536, 8.1864, 33.6552, 61.5496, 10.3088, 24.256, 20.3144, 40.932, 57.0016, 4.2448, 1.8192, 1.8192, 13.9472, 22.4368, 29.1072, 28.1976, 26.3784, 84.5928, 69.736, 53.3632, 70.9488, 76.1032, 13.9472, 30.32, 11.5216, 78.832, 8.4896],
      [0.2028, 0.4056, 16.3254, 7.5036, 9.3288, 2.3322, 11.7624, 17.5422, 2.7378, 11.2554, 20.5842, 3.4476, 8.112, 6.7938, 13.689, 19.0632, 1.4196, 0.6084, 0.6084, 4.6644, 7.5036, 9.7344, 9.4302, 8.8218, 28.2906, 23.322, 17.8464, 23.7276, 25.4514, 4.6644, 10.14, 3.8532, 26.364, 2.8392]
    ],
    [
      [0, 0.0826, 4.1713, 2.8084, 4.2126, 1.239, 4.9973, 5.9472, 0.9086, 2.478, 6.9384, 1.2803, 3.5105, 2.2302, 3.3866, 6.2776, 0.2065, 0.1652, 0.1239, 1.6933, 3.717, 4.7082, 3.0149, 2.5193, 9.1686, 7.8883, 6.3602, 8.26, 7.3927, 1.8172, 3.5931, 1.5281, 8.0948, 0.2065],
      [0, 0.1814, 9.1607, 6.1676, 9.2514, 2.721, 10.9747, 13.0608, 1.9954, 5.442, 15.2376, 2.8117, 7.7095, 4.8978, 7.4374, 13.7864, 0.4535, 0.3628, 0.2721, 3.7187, 8.163, 10.3398, 6.6211, 5.5327, 20.1354, 17.3237, 13.9678, 18.14, 16.2353, 3.9908, 7.8909, 3.3559, 17.7772, 0.4535],
      [0, 0.3382, 17.0791, 11.4988, 17.2482, 5.073, 20.4611, 24.3504, 3.7202, 10.146, 28.4088, 5.2421, 14.3735, 9.1314, 13.8662, 25.7032, 0.8455, 0.6764, 0.5073, 6.9331, 15.219, 19.2774, 12.3443, 10.3151, 37.5402, 32.2981, 26.0414, 33.82, 30.2689, 7.4404, 14.7117, 6.2567, 33.1436, 0.8455],
      [0, 0.4464, 22.5432, 15.1776, 22.7664, 6.696, 27.0072, 32.1408, 4.9104, 13.392, 37.4976, 6.9192, 18.972, 12.0528, 18.3024, 33.9264, 1.116, 0.8928, 0.6696, 9.1512, 20.088, 25.4448, 16.2936, 13.6152, 49.5504, 42.6312, 34.3728, 44.64, 39.9528, 9.8208, 19.4184, 8.2584, 43.7472, 1.116],
      [0, 0.715, 36.1075, 24.31, 36.465, 10.725, 43.2575, 51.48, 7.865, 21.45, 60.06, 11.0825, 30.3875, 19.305, 29.315, 54.34, 1.7875, 1.43, 1.0725, 14.6575, 32.175, 40.755, 26.0975, 21.8075, 79.365, 68.2825, 55.055, 71.5, 63.9925, 15.73, 31.1025, 13.2275, 70.07, 1.7875],
      [0, 0.2364, 11.9382, 8.0376, 12.0564, 3.546, 14.3022, 17.0208, 2.6004, 7.092, 19.8576, 3.6642, 10.047, 6.3828, 9.6924, 17.9664, 0.591, 0.4728, 0.3546, 4.8462, 10.638, 13.4748, 8.6286, 7.2102, 26.2404, 22.5762, 18.2028, 23.64, 21.1578, 5.2008, 10.2834, 4.3734, 23.1672, 0.591]
    ],
    [
      [0.1132, 0.1698, 5.3204, 4.0186, 5.4336, 1.0188, 4.5846, 4.528, 0.849, 1.981, 6.1694, 1.3584, 2.3772, 2.4338, 3.8488, 5.3204, 0.1132, 0.0566, 0, 2.4338, 3.2262, 3.7922, 2.8866, 3.3394, 9.9616, 6.6222, 5.7166, 9.1126, 5.3204, 0.5094, 4.6978, 0.6226, 9.7918, 0.1132],
      [0.3912, 0.5868, 18.3864, 13.8876, 18.7776, 3.5208, 15.8436, 15.648, 2.934, 6.846, 21.3204, 4.6944, 8.2152, 8.4108, 13.3008, 18.3864, 0.3912, 0.1956, 0, 8.4108, 11.1492, 13.1052, 9.9756, 11.5404, 34.4256, 22.8852, 19.7556, 31.4916, 18.3864, 1.7604, 16.2348, 2.1516, 33.8388, 0.3912],
      [0.2704, 0.4056, 12.7088, 9.5992, 12.9792, 2.4336, 10.9512, 10.816, 2.028, 4.732, 14.7368, 3.2448, 5.6784, 5.8136, 9.1936, 12.7088, 0.2704, 0.1352, 0, 5.8136, 7.7064, 9.0584, 6.8952, 7.9768, 23.7952, 15.8184, 13.6552, 21.7672, 12.7088, 1.2168, 11.2216, 1.4872, 23.3896, 0.2704],
      [0.5336, 0.8004, 25.0792, 18.9428, 25.6128, 4.8024, 21.6108, 21.344, 4.002, 9.338, 29.0812, 6.4032, 11.2056, 11.4724, 18.1424, 25.0792, 0.5336, 0.2668, 0, 11.4724, 15.2076, 17.8756, 13.6068, 15.7412, 46.9568, 31.2156, 26.9468, 42.9548, 25.0792, 2.4012, 22.1444, 2.9348, 46.1564, 0.5336],
      [0.4668, 0.7002, 21.9396, 16.5714, 22.4064, 4.2012, 18.9054, 18.672, 3.501, 8.169, 25.4406, 5.6016, 9.8028, 10.0362, 15.8712, 21.9396, 0.4668, 0.2334, 0, 10.0362, 13.3038, 15.6378, 11.9034, 13.7706, 41.0784, 27.3078, 23.5734, 37.5774, 21.9396, 2.1006, 19.3722, 2.5674, 40.3782, 0.4668],
      [0.2248, 0.3372, 10.5656, 7.9804, 10.7904, 2.0232, 9.1044, 8.992, 1.686, 3.934, 12.2516, 2.6976, 4.7208, 4.8332, 7.6432, 10.5656, 0.2248, 0.1124, 0, 4.8332, 6.4068, 7.5308, 5.7324, 6.6316, 19.7824, 13.1508, 11.3524, 18.0964, 10.5656, 1.0116, 9.3292, 1.2364, 19.4452, 0.2248]
    ],
    [
      [0.0666, 0.333, 5.7942, 3.7296, 4.3956, 2.2644, 5.3946, 4.995, 0.1998, 4.5288, 5.9274, 1.332, 4.329, 2.9304, 3.5298, 6.0606, 0.1332, 0.4662, 0.5328, 2.1978, 4.1958, 4.329, 4.4622, 2.3976, 11.4552, 8.1252, 4.9284, 7.5258, 6.7266, 1.5318, 4.3956, 1.332, 14.7852, 0.999],
      [0.1039, 0.5195, 9.0393, 5.8184, 6.8574, 3.5326, 8.4159, 7.7925, 0.3117, 7.0652, 9.2471, 2.078, 6.7535, 4.5716, 5.5067, 9.4549, 0.2078, 0.7273, 0.8312, 3.4287, 6.5457, 6.7535, 6.9613, 3.7404, 17.8708, 12.6758, 7.6886, 11.7407, 10.4939, 2.3897, 6.8574, 2.078, 23.0658, 1.5585],
      [0.1213, 0.6065, 10.5531, 6.7928, 8.0058, 4.1242, 9.8253, 9.0975, 0.3639, 8.2484, 10.7957, 2.426, 7.8845, 5.3372, 6.4289, 11.0383, 0.2426, 0.8491, 0.9704, 4.0029, 7.6419, 7.8845, 8.1271, 4.3668, 20.8636, 14.7986, 8.9762, 13.7069, 12.2513, 2.7899, 8.0058, 2.426, 26.9286, 1.8195],
      [0.1925, 0.9625, 16.7475, 10.78, 12.705, 6.545, 15.5925, 14.4375, 0.5775, 13.09, 17.1325, 3.85, 12.5125, 8.47, 10.2025, 17.5175, 0.385, 1.3475, 1.54, 6.3525, 12.1275, 12.5125, 12.8975, 6.93, 33.11, 23.485, 14.245, 21.7525, 19.4425, 4.4275, 12.705, 3.85, 42.735, 2.8875],
      [0.291, 1.455, 25.317, 16.296, 19.206, 9.894, 23.571, 21.825, 0.873, 19.788, 25.899, 5.82, 18.915, 12.804, 15.423, 26.481, 0.582, 2.037, 2.328, 9.603, 18.333, 18.915, 19.497, 10.476, 50.052, 35.502, 21.534, 32.883, 29.391, 6.693, 19.206, 5.82, 64.602, 4.365],
      [0.2248, 1.124, 19.5576, 12.5888, 14.8368, 7.6432, 18.2088, 16.86, 0.6744, 15.2864, 20.0072, 4.496, 14.612, 9.8912, 11.9144, 20.4568, 0.4496, 1.5736, 1.7984, 7.4184, 14.1624, 14.612, 15.0616, 8.0928, 38.6656, 27.4256, 16.6352, 25.4024, 22.7048, 5.1704, 14.8368, 4.496, 49.9056, 3.372]
    ]
  ],
  "V_est": [
    [148.376, 155.72, 181.424, 297.024, 340.816, 236.64],
    [110.8382, 130.2622, 159.5196, 251.4194, 322.317, 239.765],
    [119.7894, 171.3267, 165.7551, 274.4013, 12888.5037, 309.2238],
    [142.16, 216.0832, 294.6266, 1462.8264, 1077.5728, 360.3756],
    [120.9264, 265.5696, 495.1248, 653.5296, 1046.76, 346.0896],
    [117.8412, 407.2392, 281.4864, 555.4776, 485.9388, 234.0168],
    [136.3302, 212.6833, 248.3011, 394.0475, 595.677, 460.1656]
  ],
  "p_est": [
    [0.1091, 0.1145, 0.1334, 0.2184, 0.2506, 0.174],
    [0.0913, 0.1073, 0.1314, 0.2071, 0.2655, 0.1975],
    [0.0086, 0.0123, 0.0119, 0.0197, 0.9253, 0.0222],
    [0.04, 0.0608, 0.0829, 0.4116, 0.3032, 0.1014],
    [0.0413, 0.0907, 0.1691, 0.2232, 0.3575, 0.1182],
    [0.0566, 0.1956, 0.1352, 0.2668, 0.2334, 0.1124],
    [0.0666, 0.1039, 0.1213, 0.1925, 0.291, 0.2248]
  ],
  "EI_Z": {},
  "EI_V": 15.2246,
  "MAE_Z": {},
  "MAE_V": 196.5717,
  "MAE_p": 0.0892,
  "runtime": 172.488
}
