{
  "X": [
    [24, 30, 122, 159, 33],
    [22, 31, 122, 139, 43],
    [25, 33, 125, 171, 41],
    [7, 16, 113, 118, 55],
    [15, 17, 117, 127, 40],
    [12, 17, 138, 121, 52],
    [24, 32, 165, 186, 57],
    [17, 28, 103, 105, 28],
    [45, 33, 119, 145, 62],
    [15, 21, 75, 93, 33],
    [9, 15, 90, 120, 41],
    [9, 15, 88, 120, 30],
    [22, 28, 150, 131, 59],
    [22, 28, 174, 158, 60],
    [13, 8, 84, 132, 39],
    [8, 10, 123, 124, 22],
    [33, 22, 47, 91, 33],
    [31, 26, 139, 164, 44],
    [35, 35, 125, 161, 37],
    [27, 31, 104, 178, 40],
    [30, 12, 126, 162, 45],
    [26, 25, 159, 192, 45],
    [24, 17, 99, 108, 44],
    [27, 23, 59, 115, 39],
    [31, 37, 121, 138, 55],
    [34, 22, 102, 122, 38],
    [39, 34, 126, 134, 29],
    [26, 29, 112, 123, 38],
    [22, 18, 103, 120, 46],
    [35, 33, 109, 155, 40],
    [18, 13, 113, 157, 40],
    [23, 31, 128, 155, 44],
    [23, 21, 89, 106, 29],
    [7, 24, 83, 93, 27],
    [32, 44, 207, 225, 63],
    [7, 18, 124, 145, 41],
    [9, 17, 118, 127, 29],
    [15, 16, 88, 118, 49],
    [12, 9, 128, 138, 52],
    [9, 14, 125, 110, 51],
    [20, 14, 101, 118, 30],
    [14, 19, 122, 122, 41],
    [7, 15, 92, 110, 28],
    [11, 17, 105, 148, 26],
    [14, 16, 90, 153, 45],
    [19, 19, 99, 172, 43],
    [16, 20, 117, 174, 22],
    [8, 18, 150, 106, 27],
    [8, 23, 144, 120, 32],
    [10, 16, 127, 101, 27],
    [7, 17, 129, 93, 21],
    [10, 18, 154, 105, 34],
    [7, 11, 110, 149, 29],
    [14, 12, 105, 129, 28],
    [22, 23, 116, 149, 36],
    [6, 8, 76, 92, 25],
    [16, 24, 127, 151, 42],
    [29, 22, 90, 143, 41],
    [80, 70, 143, 152, 43],
    [45, 39, 93, 157, 62],
    [42, 46, 138, 155, 51],
    [17, 22, 92, 91, 33],
    [6, 7, 168, 98, 35],
    [3, 7, 120, 68, 21],
    [7, 15, 200, 133, 58],
    [4, 7, 109, 72, 40],
    [3, 15, 133, 83, 41],
    [8, 6, 188, 86, 28],
    [9, 7, 182, 95, 40],
    [1, 8, 126, 82, 54],
    [7, 5, 100, 101, 34],
    [7, 6, 121, 93, 28],
    [12, 11, 101, 109, 46],
    [8, 9, 105, 89, 30],
    [5, 14, 203, 132, 51],
    [309, 255, 1236, 1347, 569]
  ],
  "W": [
    [14, 30, 33, 125, 166, 0],
    [8, 29, 32, 137, 151, 0],
    [14, 30, 34, 138, 178, 1],
    [16, 11, 26, 116, 140, 0],
    [7, 19, 20, 130, 140, 0],
    [18, 19, 26, 141, 136, 0],
    [16, 33, 39, 170, 206, 0],
    [5, 21, 40, 102, 113, 0],
    [17, 56, 33, 133, 165, 0],
    [5, 21, 23, 88, 100, 0],
    [7, 16, 24, 93, 135, 0],
    [8, 13, 18, 86, 137, 0],
    [8, 20, 31, 166, 165, 0],
    [22, 32, 39, 173, 176, 0],
    [10, 13, 11, 84, 156, 2],
    [11, 9, 9, 120, 138, 0],
    [5, 40, 32, 52, 97, 0],
    [17, 31, 34, 134, 188, 0],
    [12, 33, 30, 125, 193, 0],
    [10, 31, 38, 118, 182, 1],
    [16, 28, 21, 129, 181, 0],
    [13, 31, 30, 154, 219, 0],
    [28, 22, 23, 90, 128, 1],
    [18, 30, 24, 68, 122, 1],
    [14, 43, 46, 128, 151, 0],
    [19, 41, 25, 113, 120, 0],
    [21, 41, 32, 129, 139, 0],
    [9, 35, 33, 125, 126, 0],
    [19, 25, 26, 101, 138, 0],
    [13, 34, 42, 113, 170, 0],
    [13, 15, 16, 126, 171, 0],
    [20, 30, 30, 143, 158, 0],
    [13, 27, 25, 89, 114, 0],
    [21, 8, 26, 88, 91, 0],
    [20, 36, 52, 214, 248, 1],
    [13, 13, 25, 134, 150, 0],
    [7, 10, 26, 124, 133, 0],
    [14, 20, 24, 100, 128, 0],
    [12, 12, 16, 140, 159, 0],
    [15, 17, 19, 134, 123, 1],
    [7, 23, 19, 109, 125, 0],
    [19, 17, 23, 127, 132, 0],
    [9, 10, 19, 92, 122, 0],
    [8, 12, 21, 109, 157, 0],
    [25, 20, 18, 95, 159, 1],
    [18, 23, 29, 100, 182, 0],
    [6, 22, 24, 119, 178, 0],
    [8, 12, 21, 158, 110, 0],
    [25, 10, 33, 137, 121, 1],
    [8, 9, 21, 133, 110, 0],
    [8, 10, 21, 129, 99, 0],
    [8, 15, 20, 165, 112, 1],
    [28, 10, 15, 109, 144, 0],
    [32, 16, 14, 95, 130, 1],
    [14, 28, 27, 125, 151, 1],
    [9, 11, 8, 79, 99, 1],
    [14, 17, 29, 131, 169, 0],
    [19, 27, 28, 99, 152, 0],
    [18, 75, 91, 143, 160, 1],
    [28, 54, 43, 108, 161, 2],
    [16, 58, 64, 145, 148, 1],
    [16, 19, 28, 94, 98, 0],
    [11, 12, 15, 168, 107, 1],
    [12, 5, 11, 117, 74, 0],
    [18, 15, 28, 218, 134, 0],
    [28, 7, 13, 101, 81, 2],
    [24, 3, 18, 143, 86, 1],
    [27, 7, 9, 177, 96, 0],
    [25, 12, 4, 182, 109, 1],
    [26, 4, 17, 124, 99, 1],
    [9, 9, 10, 110, 109, 0],
    [21, 10, 4, 130, 89, 1],
    [11, 15, 21, 110, 122, 0],
    [9, 10, 17, 107, 98, 0],
    [37, 7, 19, 196, 146, 0],
    [79, 364, 353, 1397, 1520, 3]
  ],
  "method": "mvn_cdf",
  "mvncdf_method": "genz",
  "mvncdf_samples": 5000,
  "mvncdf_error": 0.001,
  "cond_prob": [
    [
      [0.00021728842822, 0.0058618272259, 0.54141017544, 0.28773199311, 0.1647787158],
      [0.71982390843, 0.11008891409, 0.0013367896679, 0.070794288001, 0.097956099817],
      [0.028893487763, 0.71549113922, 0.017985059748, 0.1047291929, 0.13290112037],
      [0.00026758614385, 0.0030355330058, 0.8191705642, 0.10066700817, 0.076859308477],
      [0.0085259478616, 0.015810950459, 0.068616423839, 0.82414749439, 0.082899183449],
      [3.7408203324e-06, 0.00014214840392, 0.011361148357, 0.019158476494, 0.96933448592]
    ],
    [
      [0.00021303908541, 0.0075224009001, 0.50246772602, 0.27134730624, 0.21844952776],
      [0.68471701483, 0.13217996277, 0.00080923856425, 0.061378838781, 0.12091494506],
      [0.023701225143, 0.74387301026, 0.012967449936, 0.078343860629, 0.14111445403],
      [0.0002925037387, 0.0027546180068, 0.78860467495, 0.096919710118, 0.11142849318],
      [0.0088939737789, 0.019372734285, 0.062933717926, 0.78982934701, 0.118970227],
      [2.9373072168e-06, 0.00014098865331, 0.0080576606459, 0.013798275008, 0.97800013839]
    ],
    [
      [0.00031046914684, 0.0078547830529, 0.4861652476, 0.31064246348, 0.19502703672],
      [0.73355311499, 0.11551590086, 0.00072792105107, 0.059486508253, 0.090716554839],
      [0.029377022979, 0.74831916122, 0.012336817873, 0.087628453186, 0.12233854474],
      [0.00064560892869, 0.0039983755518, 0.7814016223, 0.11441974249, 0.099534650727],
      [0.010680555911, 0.019268346672, 0.055675675902, 0.82067133483, 0.093704086681],
      [8.216647931e-06, 0.00016299592156, 0.0087029060182, 0.01762079126, 0.97350509015]
    ],
    [
      [5.9395654405e-05, 0.0029054697041, 0.52057555787, 0.20349513045, 0.27296444633],
      [0.54203158711, 0.088900303243, 0.0019641098517, 0.086015343375, 0.28108865642],
      [0.018264817861, 0.50734100985, 0.02626735098, 0.11269530607, 0.33543151524],
      [0, 0.0024713395288, 0.7960407387, 0.074564892471, 0.1269230293],
      [0.0040129781926, 0.010700482198, 0.083039350362, 0.73013074037, 0.17211644888],
      [9.5817065936e-07, 4.0698130036e-05, 0.0066848507747, 0.0082835445257, 0.9849899484]
    ],
    [
      [0.00016193537378, 0.0047186180312, 0.51601272869, 0.25917240177, 0.21993431614],
      [0.70376508766, 0.093107114724, 0.00096002698422, 0.065693733891, 0.13647403674],
      [0.02902316617, 0.65222239675, 0.018500276983, 0.10358413793, 0.19667002216],
      [0, 0.0020634678713, 0.79683278534, 0.090310390664, 0.11079335612],
      [0.0074776175964, 0.013465969541, 0.067224305376, 0.78661127642, 0.12522083107],
      [2.5723575887e-06, 8.708832506e-05, 0.0082032374536, 0.013074590203, 0.97863251166]
    ],
    [
      [9.3408651688e-05, 0.002755932581, 0.55649039095, 0.21088510189, 0.22977516593],
      [0.57045132724, 0.089956920209, 0.0019622640964, 0.092344507695, 0.24528498076],
      [0.020326348279, 0.52589663135, 0.029392648178, 0.12369826694, 0.30068610525],
      [9.3393740275e-05, 0.0019724451514, 0.81919051021, 0.071834886827, 0.10690876407],
      [0.0045447783394, 0.009483709912, 0.085851611417, 0.75076947454, 0.1493504258],
      [1.1875073859e-06, 4.716108147e-05, 0.0084973582149, 0.010211558712, 0.98124273448]
    ],
    [
      [0.00011176550544, 0.004423480045, 0.55237341127, 0.24368221107, 0.19940913211],
      [0.65947470486, 0.1077122278, 0.0013723672174, 0.077175152211, 0.15426554791],
      [0.024982063071, 0.65023817099, 0.021894857084, 0.10710101691, 0.19578389195],
      [0, 0.0016598349808, 0.81986990504, 0.082241842217, 0.096228417765],
      [0.0061225535516, 0.013268253333, 0.077111427276, 0.78347695031, 0.12002081553],
      [2.2556068732e-06, 9.0537974225e-05, 0.009739115507, 0.013620600697, 0.97654749021]
    ],
    [
      [0.00012555127492, 0.0033050144637, 0.61934079737, 0.22729821208, 0.14993042481],
      [0.7138131795, 0.085619255764, 0.0020019973546, 0.076227635737, 0.12233793164],
      [0.031412212296, 0.62282544589, 0.031612711017, 0.12738557176, 0.18676405904],
      [0, 0.0008609111578, 0.86162016929, 0.072953299519, 0.064565620031],
      [0.0066620086924, 0.010483537902, 0.094791932391, 0.79403601033, 0.09402651068],
      [2.9085527108e-06, 8.8958108986e-05, 0.014140479246, 0.01656482685, 0.96920282724]
    ],
    [
      [0.00029489766757, 0.007611689289, 0.46018924951, 0.24883763082, 0.28306653271],
      [0.74368083515, 0.098299472652, 0.0012501110975, 0.042173573297, 0.1145960078],
      [0.034094694254, 0.71097116101, 0.011846230262, 0.069024178362, 0.17406373611],
      [4.469748407e-05, 0.0035062273158, 0.75550915806, 0.094224370468, 0.14671554667],
      [0.013441153305, 0.020833056165, 0.062018987373, 0.74908121826, 0.15462558489],
      [3.4559566749e-06, 0.00011084063928, 0.005742181995, 0.0098374208278, 0.98430610058]
    ],
    [
      [0.00016117917683, 0.0067763688242, 0.46155698599, 0.28156704038, 0.24993842562],
      [0.6578325886, 0.12738460009, 0.00079983309923, 0.067322087518, 0.14666089069],
      [0.021744825768, 0.71325872055, 0.012341245633, 0.084444166679, 0.16821104137],
      [0, 0.0023483663675, 0.75968749342, 0.10486190744, 0.13310223276],
      [0.006845787508, 0.016794347409, 0.055390705041, 0.79008337271, 0.13088578733],
      [2.2567022771e-06, 0.00011089449431, 0.0064164367997, 0.012440189704, 0.9810302223]
    ],
    [
      [2.6923267837e-05, 0.0025167433126, 0.53679640603, 0.23825265348, 0.22240727391],
      [0.51914498511, 0.094060618207, 0.0021066196719, 0.11731037786, 0.26737739915],
      [0.01680048557, 0.50730857191, 0.029225322174, 0.14476730783, 0.30189831251],
      [0, 0.0012792116383, 0.80962214577, 0.082320983481, 0.10677765911],
      [0.0021502231241, 0.0087632629428, 0.075647792253, 0.78018517428, 0.1332535474],
      [9.8391056556e-07, 4.5038127038e-05, 0.0083891400244, 0.011860444557, 0.97970439338]
    ],
    [
      [4.6338671376e-05, 0.0039233797862, 0.57412108916, 0.23907951049, 0.18282968189],
      [0.62501362699, 0.11519415865, 0.0017382047131, 0.089923888187, 0.16813012146],
      [0.020124543509, 0.64872699891, 0.024361148918, 0.11315192479, 0.19363538387],
      [0, 0.0011858598389, 0.8342277336, 0.078566229885, 0.086020176678],
      [0.0037387617274, 0.012350503451, 0.081768969748, 0.78923301426, 0.11290875082],
      [1.8085407796e-06, 8.6536693865e-05, 0.010830166037, 0.014393921456, 0.97468756727]
    ],
    [
      [0.00041308549389, 0.0075651786536, 0.51945907163, 0.20004794805, 0.27251471617],
      [0.83528901031, 0.066162418368, 0.00077336070365, 0.022923928351, 0.07485128227],
      [0.05274489223, 0.71106548678, 0.013400435249, 0.055590473597, 0.16719871215],
      [0, 0.0024585138017, 0.79529785062, 0.071730452279, 0.1305131833],
      [0.022156505762, 0.025242950438, 0.081175778894, 0.69885198842, 0.17257277649],
      [5.5337280015e-06, 0.00011379635595, 0.0067390255194, 0.0082274522361, 0.98491419216]
    ],
    [
      [9.3854760861e-05, 0.0032234790362, 0.58020423956, 0.21409982124, 0.20237860541],
      [0.62758254679, 0.095235315633, 0.0017679969188, 0.083295895535, 0.19211824512],
      [0.024159588907, 0.58195743566, 0.028673807262, 0.11743214889, 0.24777701928],
      [0, 0.001598645041, 0.83423448697, 0.070231704767, 0.093935163227],
      [0.0055288052876, 0.010844589647, 0.089420943751, 0.76076361673, 0.13344204458],
      [1.7229012059e-06, 6.4273534849e-05, 0.010085604758, 0.011799744793, 0.97804865401]
    ],
    [
      [0.00028309226944, 0.0030350559851, 0.52396802913, 0.24444900289, 0.22826481972],
      [0.80285414294, 0.04511446106, 0.00077490103799, 0.046080993516, 0.10517550145],
      [0.053449706341, 0.54264139158, 0.023709809325, 0.12322506349, 0.25697402926],
      [0.00031189876694, 0.0011623151839, 0.80154578057, 0.084207414537, 0.11277259094],
      [0.012473723074, 0.0084383165086, 0.071433415581, 0.77246042378, 0.13519412105],
      [9.0766921493e-06, 4.7144080791e-05, 0.0079898468372, 0.011866212843, 0.98008771955]
    ],
    [
      [0.0001822415333, 0.0048454389849, 0.61441736808, 0.23805707565, 0.14249787575],
      [0.73333397829, 0.10394327706, 0.0015635978178, 0.06563920889, 0.095519937938],
      [0.026513795773, 0.72312630902, 0.022775396268, 0.097523382194, 0.13006111675],
      [0.00033888085186, 0.0027924778943, 0.86072490218, 0.077495853523, 0.058647885548],
      [0.0081065193792, 0.015709974994, 0.092285287989, 0.80154642337, 0.082351794267],
      [3.4281150764e-06, 0.00013341373656, 0.014746949749, 0.018169420176, 0.96694678822]
    ],
    [
      [0.00022499729007, 0.0040900354909, 0.45058498193, 0.29387334377, 0.25122664151],
      [0.76506634662, 0.060458335334, 0.00039472090052, 0.055820438506, 0.11826015864],
      [0.045296716301, 0.58037500033, 0.016531088564, 0.12229644628, 0.23550074852],
      [0, 0.0012420771215, 0.75321993662, 0.11065367673, 0.13488430952],
      [0.0097600641955, 0.0095322514247, 0.051905718721, 0.80031276567, 0.12848919999],
      [3.4039426173e-06, 6.6964915014e-05, 0.00617936272, 0.012890202516, 0.98086006591]
    ],
    [
      [0.00034347116378, 0.0042409166282, 0.58247917503, 0.23074912317, 0.182187314],
      [0.83289391186, 0.054110771853, 0.00081143710122, 0.038350350217, 0.073833528971],
      [0.05989036323, 0.63276392928, 0.023420967885, 0.10278372901, 0.1811410106],
      [0.00021794147309, 0.001924352925, 0.83812676262, 0.075654254638, 0.084076688348],
      [0.016537091571, 0.013184221289, 0.084932980721, 0.77263876139, 0.11270694503],
      [5.7716601408e-06, 9.4313619889e-05, 0.011164312047, 0.014050599617, 0.97468500306]
    ],
    [
      [0.00066259025651, 0.01229958679, 0.55815221048, 0.23914568692, 0.18973992555],
      [0.8454363191, 0.088714163566, 0.00063603293412, 0.023047131605, 0.042166352797],
      [0.04714870407, 0.8153809018, 0.0098914239716, 0.046769253893, 0.080809716269],
      [0.00091578824001, 0.0052555693026, 0.82443482563, 0.083241110236, 0.08615270659],
      [0.028827542667, 0.035266654633, 0.077357971318, 0.75420455968, 0.10434327171],
      [9.9815247477e-06, 0.00026316069969, 0.010252328095, 0.013945329976, 0.9755291997]
    ],
    [
      [0.00028905688268, 0.0057104150236, 0.45756581893, 0.33993590284, 0.19649880632],
      [0.76231095986, 0.082434713611, 0.00062745954832, 0.064279103465, 0.090347763511],
      [0.038624716217, 0.67205962558, 0.014494290709, 0.12013470162, 0.15468666588],
      [0.00035166462238, 0.0033061272986, 0.762643549, 0.12941261973, 0.10428603935],
      [0.010199052202, 0.013510501628, 0.048648662778, 0.83930257895, 0.088339204445],
      [6.5328350376e-06, 0.00011963833372, 0.0081121104712, 0.019111605957, 0.9726501124]
    ],
    [
      [0.00048121821307, 0.0024919349343, 0.53165521021, 0.25799924965, 0.20737238699],
      [0.8704863414, 0.027445340124, 0.00054347045008, 0.03432416689, 0.067200681137],
      [0.093112316202, 0.49359343183, 0.025755974113, 0.1387114906, 0.24882678725],
      [0, 0, 0.80793370718, 0.089906056431, 0.10216023639],
      [0.020239360824, 0.0045646267909, 0.070242960119, 0.78674095442, 0.11821209784],
      [6.5269985828e-06, 5.3494529852e-05, 0.0089815330633, 0.013827005858, 0.97713143955]
    ],
    [
      [0.00017217023193, 0.0039393788375, 0.59962543913, 0.23083150761, 0.16543150419],
      [0.74103892009, 0.083061878103, 0.0014560137256, 0.06357604267, 0.11086714541],
      [0.035661887058, 0.64473312967, 0.026542815493, 0.11283732158, 0.1802248462],
      [0, 0.0018143929258, 0.84893260162, 0.074886035834, 0.07436696962],
      [0.0089301308334, 0.012568308006, 0.089624784254, 0.78589389914, 0.10298287776],
      [3.4530750191e-06, 9.6022847471e-05, 0.012636436767, 0.015445782222, 0.97181830509]
    ],
    [
      [0.00022346610148, 0.0045324874533, 0.54223072478, 0.21181688048, 0.24119644119],
      [0.87184081506, 0.038921451868, 0.00059818348655, 0.023532139197, 0.065107410387],
      [0.079212222856, 0.60787490281, 0.019196306122, 0.082925594799, 0.21079097342],
      [0, 0.0014025035833, 0.81059045082, 0.072401727413, 0.11560531818],
      [0.023370030407, 0.014917163116, 0.081264455526, 0.72748593225, 0.1529624187],
      [0, 7.344432391e-05, 0.0078737473512, 0.0097768088671, 0.98227599946]
    ],
    [
      [0.00048764335978, 0.0091410181671, 0.38043318881, 0.32354367927, 0.28639447039],
      [0.79811035883, 0.082489772725, 7.2146169709e-05, 0.03822049851, 0.081107223766],
      [0.042376235439, 0.72711732529, 0.0076967628116, 0.075127155344, 0.14768252111],
      [0.00033509858395, 0.0052975093383, 0.69364149591, 0.13478980557, 0.16593609059],
      [0.016459736576, 0.020898287935, 0.039287338982, 0.79547791377, 0.12787672274],
      [7.4381562084e-06, 0.00013092120806, 0.0046388309993, 0.012534830873, 0.98268797876]
    ],
    [
      [0.0001386239858, 0.0049075423366, 0.51925704209, 0.24343008541, 0.23226670618],
      [0.66745384533, 0.1054551773, 0.001090856136, 0.067775390615, 0.15822473062],
      [0.026179423996, 0.65249478247, 0.01850473606, 0.096612760937, 0.20620829654],
      [0, 0.0018443883917, 0.79762662656, 0.085099113594, 0.11542987145],
      [0.0072403338491, 0.01421112633, 0.071099791646, 0.77046863222, 0.13698011596],
      [2.2544290624e-06, 8.6934255079e-05, 0.007855745681, 0.011690865807, 0.98036419983]
    ],
    [
      [0.00024354425711, 0.0056808907612, 0.46523232058, 0.31175336912, 0.21708987529],
      [0.77244646745, 0.077495837985, 0.00049870606761, 0.055091759454, 0.09446722904],
      [0.041207583086, 0.66723677206, 0.014490348824, 0.10825483922, 0.1688104568],
      [0, 0.0030033610023, 0.76541379864, 0.11602614803, 0.11555669233],
      [0.010790649303, 0.014120288528, 0.052384341613, 0.81667165118, 0.10603306938],
      [4.265773849e-06, 0.00010527979341, 0.0074854268685, 0.015891313891, 0.97651371367]
    ],
    [
      [0.00098214057972, 0.010247238563, 0.53529737822, 0.28321225517, 0.17026098746],
      [0.8273266104, 0.09101031474, 0.00085417840393, 0.034264566081, 0.046544330379],
      [0.045192103933, 0.78946909731, 0.011519940739, 0.066649151948, 0.087169706074],
      [0.0033366070574, 0.0067656456585, 0.8144824251, 0.10075186828, 0.074663453902],
      [0.022895067521, 0.02818421354, 0.066811962598, 0.80228727742, 0.079821478921],
      [8.5908694645e-06, 0.00023275659439, 0.010820466848, 0.01813066662, 0.97080751907]
    ],
    [
      [0.00015994446366, 0.0057346866777, 0.50604316417, 0.28517303159, 0.20288917309],
      [0.6919393845, 0.11130176386, 0.00087552891208, 0.071357064698, 0.12452625803],
      [0.026720279447, 0.69399949761, 0.016091457182, 0.1014635797, 0.16172518606],
      [0, 0.0021220607098, 0.79293155967, 0.10154961361, 0.10339676601],
      [0.0071342287334, 0.014964960913, 0.061646864798, 0.80868210809, 0.10757183747],
      [2.9012043366e-06, 0.00011514777928, 0.0086923760963, 0.015538794893, 0.97565078003]
    ],
    [
      [0.00022159769782, 0.0034884752666, 0.53524658017, 0.22480842542, 0.23623492144],
      [0.76912237027, 0.058387914268, 0.00091069851302, 0.048079077722, 0.12349993923],
      [0.045485477082, 0.5716999128, 0.023010213193, 0.10743397449, 0.25237042243],
      [1.8830963535e-05, 0.0014143292355, 0.8068977475, 0.076953907707, 0.11471518459],
      [0.011472507649, 0.010630261794, 0.077627604878, 0.75334083303, 0.14692879264],
      [3.1598696679e-06, 6.1015580809e-05, 0.0079340415918, 0.010597149169, 0.98140463379]
    ],
    [
      [0.0004871727001, 0.005739196877, 0.51898135377, 0.27578532655, 0.1990069501],
      [0.84975258542, 0.054702250542, 0.00047885486626, 0.034598712359, 0.060467596815],
      [0.064282514444, 0.66680666363, 0.016353576054, 0.096883165545, 0.15567408033],
      [0.00049550903686, 0.0032027381964, 0.80134455449, 0.097291713139, 0.097665485142],
      [0.019683651311, 0.015868968433, 0.06469515579, 0.79514928234, 0.10460294213],
      [7.1876597093e-06, 0.00011581058822, 0.0090948897352, 0.015348377312, 0.97543373471]
    ],
    [
      [0.00048890248777, 0.0049380812325, 0.4752275745, 0.29808175968, 0.2212636821],
      [0.8787803659, 0.037814834441, 0.0003226947745, 0.029606814957, 0.053475289923],
      [0.080201611658, 0.61781494276, 0.015463610435, 0.10790758527, 0.17861224988],
      [0, 0.0024366910969, 0.77137199988, 0.1104788517, 0.11571245732],
      [0.020635748495, 0.012728188684, 0.054835738937, 0.80136829369, 0.1104320302],
      [7.7487831725e-06, 9.0076086818e-05, 0.007521954614, 0.014947166114, 0.9774330544]
    ],
    [
      [0.00030247310308, 0.008637634085, 0.46926582663, 0.30723186878, 0.2145621974],
      [0.69051863641, 0.13857811853, 0.00071700106869, 0.062928430706, 0.10725781329],
      [0.023472224041, 0.76482624411, 0.010775652169, 0.078533943081, 0.1223919366],
      [0.00064521844145, 0.0035157068239, 0.76784719831, 0.11475433003, 0.11323754639],
      [0.0093794840974, 0.020394749135, 0.053593382987, 0.81140267225, 0.10522971153],
      [3.3318571826e-06, 0.00016598427982, 0.0076711270153, 0.01589070801, 0.97626884884]
    ],
    [
      [0.0002213203428, 0.0050173749127, 0.54984043634, 0.25929967581, 0.1856211926],
      [0.77051771391, 0.080679949963, 0.00088463061138, 0.05370309027, 0.094214615244],
      [0.038825076796, 0.67642848908, 0.019374289502, 0.10194857213, 0.1634235725],
      [0, 0.0023494937401, 0.82082827695, 0.08775831026, 0.089063919047],
      [0.010723838948, 0.014356125503, 0.072720310656, 0.79666593738, 0.10553378752],
      [4.1149555558e-06, 0.0001088739329, 0.01022536735, 0.015358229855, 0.97430341391]
    ],
    [
      [0.00037231198219, 0.0090590105507, 0.47372526081, 0.30814771132, 0.20869570533],
      [0.69693650761, 0.14103808663, 0.00069659910064, 0.060762629191, 0.10056617747],
      [0.02105674339, 0.78046635191, 0.010173679219, 0.074825605206, 0.11347762027],
      [0.0007657714387, 0.0043867274002, 0.77186075949, 0.11380652801, 0.10918021366],
      [0.0088112766238, 0.022014273895, 0.053383892693, 0.81409183328, 0.10169872351],
      [3.1478610078e-06, 0.00017634600134, 0.0078644817702, 0.01620954111, 0.97574648326]
    ],
    [
      [0.00025560254438, 0.0055809729621, 0.55483023597, 0.25044091901, 0.18889226951],
      [0.75628777068, 0.090957154945, 0.00097172550551, 0.053487593625, 0.09829575524],
      [0.036432237543, 0.69270109982, 0.018861594633, 0.093985541092, 0.15801952691],
      [0.00025702953995, 0.0026032020482, 0.82238607219, 0.084767661347, 0.089986034876],
      [0.011367107348, 0.016275243884, 0.076155845897, 0.78638436821, 0.10981743466],
      [4.9084080948e-06, 0.00012005029842, 0.010341010535, 0.014777268688, 0.97475676207]
    ],
    [
      [0, 0.0033048961286, 0.5143692622, 0.2824786717, 0.19984716997],
      [0.51546173909, 0.12203838169, 0.0019365968267, 0.13222900961, 0.22833427279],
      [0.011959895675, 0.59043115749, 0.02377082657, 0.1448678759, 0.22897024436],
      [0, 0.00026339032446, 0.79874857319, 0.10018737624, 0.10080066024],
      [0, 0.01049642765, 0.06440962907, 0.81707996553, 0.10801397775],
      [1.1337407649e-06, 6.8278747281e-05, 0.0089859448629, 0.01564139007, 0.97530325258]
    ],
    [
      [0.00015027520361, 0.0029934473078, 0.56467909833, 0.26917697338, 0.16300020578],
      [0.7231210305, 0.07147869664, 0.0014864818892, 0.082342628621, 0.12157116235],
      [0.033355099376, 0.58047947827, 0.028891260352, 0.15195375239, 0.20532040961],
      [0.00016461727159, 0.00089561453924, 0.83250841674, 0.090981741122, 0.075449610323],
      [0.0066172379181, 0.0079754606361, 0.075565150732, 0.81999850706, 0.089843643655],
      [2.7900273466e-06, 7.4438277465e-05, 0.011947537808, 0.0180930649, 0.96988216899]
    ],
    [
      [0.00019004325716, 0.003601028136, 0.43885454741, 0.26820487412, 0.28914950707],
      [0.66691094861, 0.073100468947, 0.0012767993178, 0.071608259364, 0.18710352376],
      [0.029758944589, 0.54134897025, 0.018167959237, 0.1208453195, 0.28987880642],
      [0.00026310615484, 0.0022218340196, 0.74088458678, 0.10464983817, 0.15198063487],
      [0.007176524505, 0.0099454495247, 0.057078208201, 0.77693511789, 0.14886469988],
      [1.7939164602e-06, 5.0052449092e-05, 0.0053202301763, 0.010305252608, 0.98432267085]
    ],
    [
      [0.00027190554993, 0.0023528413432, 0.50432454326, 0.23478370928, 0.25826700056],
      [0.77462272651, 0.040050816729, 0.00093401675984, 0.050219397462, 0.13417304254],
      [0.051048144075, 0.46678680993, 0.025690703756, 0.13219774612, 0.32427659612],
      [0.00067826113467, 0.0002499455021, 0.7868039116, 0.084515989719, 0.12775189205],
      [0.011254953152, 0.0062111621004, 0.071530178591, 0.7586953473, 0.15230835886],
      [2.7421931695e-06, 3.8412884159e-05, 0.0068735036443, 0.010142746976, 0.9829425943]
    ],
    [
      [5.9870072333e-05, 0.0031686171791, 0.52307264251, 0.21853024439, 0.25516862585],
      [0.48928754488, 0.11114006925, 0.0021040711148, 0.10338732883, 0.29408098593],
      [0.014458769256, 0.54579384729, 0.024916441876, 0.11515474627, 0.2996761953],
      [0, 0.0026972398416, 0.79842407876, 0.078395779537, 0.12048290187],
      [0.0033048512904, 0.010825353264, 0.07844477216, 0.75009716724, 0.15732785605],
      [3.6138985513e-07, 5.7876316941e-05, 0.0071952288252, 0.0095355368188, 0.98321099665]
    ],
    [
      [0.00022221449251, 0.0035282403021, 0.53240670673, 0.27796847349, 0.18587436498],
      [0.77889175504, 0.060208072036, 0.00091503533086, 0.060665577694, 0.099319559894],
      [0.045442488406, 0.59401741904, 0.02325353786, 0.13512189141, 0.20216466329],
      [7.2567589538e-06, 0.0013714719585, 0.81114958969, 0.096105831612, 0.091365849983],
      [0.0097578869287, 0.0092375620472, 0.06715987796, 0.81292848653, 0.10091618654],
      [3.8815557505e-06, 7.6958346497e-05, 0.0099084544283, 0.016441797038, 0.97356890863]
    ],
    [
      [0.00016652043959, 0.004850437573, 0.52856053314, 0.250235343, 0.21618716584],
      [0.71732259136, 0.09220719703, 0.00094269966958, 0.060900060987, 0.12862745096],
      [0.030119251109, 0.66204814658, 0.018669815996, 0.098619255064, 0.19054353125],
      [0, 0.0020971583727, 0.80447366457, 0.085988056599, 0.10744112046],
      [0.0084061309325, 0.013991460999, 0.070786081873, 0.78046591963, 0.12635040656],
      [2.7544545839e-06, 9.1647175803e-05, 0.008564199181, 0.012862203457, 0.97847919573]
    ],
    [
      [2.5255694273e-05, 0.0038468637892, 0.57087650052, 0.24555605956, 0.17969532043],
      [0.62317155114, 0.11459670773, 0.0017548983256, 0.093431337618, 0.16704550519],
      [0.019590157774, 0.64574468163, 0.024527548343, 0.11758453413, 0.19255307812],
      [0, 0.00093549623235, 0.83296306141, 0.081237880783, 0.084863561571],
      [0.0032446245055, 0.012001611018, 0.079884733143, 0.79629254842, 0.10857648291],
      [1.7684066532e-06, 8.6409066633e-05, 0.010947621017, 0.015009425034, 0.97395477648]
    ],
    [
      [0.00020663280105, 0.0043717682027, 0.54228288601, 0.29417505778, 0.1589636552],
      [0.74706472886, 0.083426658103, 0.0012245017411, 0.072757991799, 0.095526119495],
      [0.033609941988, 0.66031451217, 0.021631768663, 0.12919822627, 0.15524555091],
      [0.00034503317615, 0.0023070110066, 0.8209133524, 0.10263835189, 0.073796251534],
      [0.0082175337153, 0.011756923579, 0.068237072216, 0.83358446197, 0.078204008524],
      [3.6898116249e-06, 0.00010958076198, 0.011730150897, 0.020222879661, 0.96793369887]
    ],
    [
      [4.6762933078e-05, 0.0049594472723, 0.44112614546, 0.31387201712, 0.23999562722],
      [0.6405571423, 0.10691551675, 0.00089490091837, 0.087737149996, 0.16389529004],
      [0.022872681173, 0.64152182768, 0.014945486781, 0.11844524156, 0.2022147628],
      [0, 0.0024293977326, 0.74607679093, 0.12029310044, 0.1312007109],
      [0.004880376224, 0.012323490427, 0.049064081215, 0.81650350822, 0.11722854391],
      [0, 8.2822418655e-05, 0.0064455318709, 0.014539874444, 0.97893177127]
    ],
    [
      [0.00017270366185, 0.0031107666036, 0.49493267543, 0.2988530022, 0.20293085211],
      [0.7219935686, 0.065140666988, 0.0010428205626, 0.079618930031, 0.13220401382],
      [0.037261716429, 0.55104064086, 0.023031407628, 0.15433441366, 0.23433182142],
      [3.7882956583e-05, 0.0011934204269, 0.78672533508, 0.1077103736, 0.10433298794],
      [0.0071794570564, 0.0073969793011, 0.058938366154, 0.82166305062, 0.10482214686],
      [2.7834445401e-06, 6.3540437536e-05, 0.0085143331745, 0.016325076749, 0.97509426619]
    ],
    [
      [0.00010153560324, 0.0037363641206, 0.56294006625, 0.3055018543, 0.12772017973],
      [0.66621433617, 0.10524654591, 0.0024098530132, 0.11297404532, 0.11315521958],
      [0.024727695157, 0.64675725328, 0.026713708709, 0.15722486166, 0.1445764812],
      [0, 0.002023950361, 0.83825948802, 0.10843102838, 0.051285533236],
      [0.0042090489145, 0.010669290077, 0.074018734566, 0.85957792595, 0.051525000489],
      [2.8982465755e-06, 0.00011492017828, 0.015000876244, 0.025867348701, 0.95901395663]
    ],
    [
      [4.9923898598e-05, 0.0043549675688, 0.60212368617, 0.23953337035, 0.15393805201],
      [0.61025597299, 0.13810998337, 0.002170418007, 0.097185942286, 0.15227768335],
      [0.017355545678, 0.69263810097, 0.024980002723, 0.10905009733, 0.15597625329],
      [0, 0.00099532766777, 0.85354507701, 0.079022476758, 0.066437118566],
      [0.0028369315791, 0.014592532428, 0.088838757, 0.80128998507, 0.09244179392],
      [1.9168294938e-06, 0.00011358392107, 0.013495291409, 0.017023092832, 0.96936611501]
    ],
    [
      [2.6447798515e-05, 0.0032667000054, 0.60383480907, 0.2423922359, 0.15047980722],
      [0.6658652993, 0.098110663776, 0.0020517879106, 0.092857138363, 0.14111511065],
      [0.024351445585, 0.62313233565, 0.030805425662, 0.13492380083, 0.18678699227],
      [0, 0.0008056411133, 0.85449288895, 0.079924550636, 0.0647769193],
      [0.0044387446921, 0.010441328314, 0.089154435828, 0.80654457923, 0.089420911935],
      [0, 8.5227032443e-05, 0.013820325799, 0.017579767445, 0.96851467972]
    ],
    [
      [0.00030290071486, 0.0042214558867, 0.59092152935, 0.23554020512, 0.16901390892],
      [0.82199532224, 0.059795970831, 0.00091313548978, 0.042677636131, 0.074617935313],
      [0.048171202829, 0.65584337044, 0.023715085732, 0.10462476373, 0.16764557727],
      [0.00079636495918, 0.0017498987597, 0.84466841649, 0.076511151199, 0.076274168592],
      [0.013473700865, 0.012932884556, 0.085686303202, 0.78507705896, 0.10283005241],
      [4.8803670387e-06, 0.00010067381349, 0.012079304552, 0.01529410239, 0.97252103888]
    ],
    [
      [3.5231154533e-05, 0.0037356424754, 0.64030996346, 0.22012228573, 0.13579687719],
      [0.63120334204, 0.12685785106, 0.0026261659843, 0.095544607782, 0.14376803314],
      [0.018727514254, 0.67933456438, 0.030601093051, 0.11450285451, 0.15683397381],
      [0, 0.00075308614229, 0.87582528964, 0.07097045083, 0.052451173385],
      [0.0029738073842, 0.013518811974, 0.10330478095, 0.79519017712, 0.085012422571],
      [2.0360006989e-06, 0.00010955985543, 0.016074024746, 0.01757202051, 0.96624235889]
    ],
    [
      [7.4555591805e-05, 0.0047258676614, 0.5892799375, 0.22934576407, 0.17657387517],
      [0.6130087563, 0.13844704366, 0.0018232051717, 0.085684264292, 0.16103673058],
      [0.017835645938, 0.69754937999, 0.022381452453, 0.096445371122, 0.16578815049],
      [0, 0.0011771118364, 0.84254155519, 0.074901673972, 0.081379658999],
      [0.0039960651078, 0.015537249993, 0.087319802219, 0.78194611203, 0.11120077065],
      [0, 0.00010435169493, 0.011608918097, 0.014321747939, 0.97396498227]
    ],
    [
      [0, 0.0030253020133, 0.5037875278, 0.32796056465, 0.16522660554],
      [0.63392113023, 0.091417843244, 0.0016844908391, 0.1222741662, 0.15070236949],
      [0.022588958822, 0.58275209954, 0.024348987287, 0.17404506862, 0.19626488573],
      [0, 0.00072173498927, 0.79808060518, 0.11937809389, 0.081819565944],
      [0.0022357938569, 0.0082025173911, 0.059174191245, 0.85396857128, 0.076418926223],
      [1.9823297797e-06, 7.5996497419e-05, 0.010489624511, 0.021627950029, 0.96780444663]
    ],
    [
      [0.00023872314649, 0.0041507147141, 0.54605652752, 0.28691467139, 0.16263936323],
      [0.76774132583, 0.073038635887, 0.0012284329019, 0.06629541874, 0.091696186646],
      [0.038350673785, 0.64470220748, 0.022402163774, 0.12972951433, 0.16481544063],
      [0.00016634089022, 0.0022328727177, 0.82220287456, 0.099172542007, 0.076225369829],
      [0.0088906368672, 0.01123463597, 0.069785425238, 0.82693228345, 0.083157018471],
      [5.0358085879e-06, 0.00010246595325, 0.011527536441, 0.019202275386, 0.96916268641]
    ],
    [
      [0.00016719607464, 0.004977745089, 0.50484191353, 0.30771280863, 0.18230033667],
      [0.71695022808, 0.095106906481, 0.0010855960567, 0.076437751187, 0.11041951819],
      [0.030739887155, 0.66782628915, 0.018113460403, 0.12200453128, 0.16131583201],
      [0, 0.0025052049768, 0.7953633104, 0.11065072423, 0.091480760402],
      [0.0072389019031, 0.012733421646, 0.059488207863, 0.83051464961, 0.090024818978],
      [1.7280866592e-06, 0.00011108958385, 0.0096199033133, 0.018588682118, 0.9716785969]
    ],
    [
      [0, 0.0038089737666, 0.53520751257, 0.26733559901, 0.19364791465],
      [0.52924652876, 0.13755643267, 0.0018653492594, 0.11950466846, 0.21182702085],
      [0.01345533084, 0.64820463755, 0.021629865342, 0.12092026939, 0.19578989688],
      [0, 0.00090016503245, 0.81197681921, 0.09166475478, 0.095458260974],
      [0.00071359128211, 0.012078580591, 0.069029519747, 0.8086409224, 0.10953738598],
      [0, 6.8860251234e-05, 0.0094834494113, 0.015099155583, 0.97534853475]
    ],
    [
      [0.00026069881846, 0.0052367135701, 0.54128322864, 0.25248857501, 0.20073078396],
      [0.76399386207, 0.083007074606, 0.00085336128888, 0.051700861151, 0.10044484088],
      [0.036930410058, 0.67824527935, 0.018481634971, 0.095864982633, 0.17047769299],
      [0.00030343302274, 0.00237450503, 0.8136738038, 0.08576083062, 0.097887427526],
      [0.011229129844, 0.015002322376, 0.072664449379, 0.78444669824, 0.11665740016],
      [3.7713307501e-06, 0.0001060700012, 0.0094319975462, 0.013968014891, 0.97649014623]
    ],
    [
      [0.00057595804491, 0.0061055951372, 0.44182051313, 0.31087786326, 0.24062007043],
      [0.86947330624, 0.044628319312, 0.00018267412951, 0.029809318833, 0.05590638149],
      [0.075425922594, 0.64565359956, 0.012363133364, 0.097786233837, 0.16877111064],
      [0.00016796366825, 0.0034728758227, 0.74631189859, 0.11998524471, 0.13006201721],
      [0.022267916401, 0.014848115637, 0.048483107593, 0.80047312642, 0.11392773395],
      [7.7827401923e-06, 0.00010223681777, 0.0064327336686, 0.014337692975, 0.9791195538]
    ],
    [
      [0.0010380042379, 0.0065145691301, 0.56589221395, 0.25407306115, 0.17248215153],
      [0.88732732749, 0.04804588145, 0.00092169853747, 0.02615279231, 0.037552300214],
      [0.086370293897, 0.68146537422, 0.017987324964, 0.087618817289, 0.12655818963],
      [0.0036070347986, 0.006182351957, 0.83104850522, 0.086388745091, 0.072773362932],
      [0.03160142825, 0.021135659871, 0.076604052449, 0.78201315393, 0.088645705498],
      [3.5121198444e-05, 0.00016568375655, 0.011381548326, 0.016217925776, 0.97219972094]
    ],
    [
      [0.00036152729102, 0.0082460177055, 0.38299339186, 0.31764490025, 0.29075416289],
      [0.76257680808, 0.090245445585, 0.00059826906436, 0.046021325396, 0.10055815187],
      [0.037932550779, 0.70521019832, 0.0090052907558, 0.081903572908, 0.16594838724],
      [0.00013215466201, 0.0046703231319, 0.69510980493, 0.13237715095, 0.16771056633],
      [0.013449374808, 0.019050889653, 0.042083711923, 0.79365072989, 0.13176529372],
      [3.9341296335e-06, 0.0001153912579, 0.0046572220165, 0.012218885388, 0.98300456721]
    ],
    [
      [0.00012453036646, 0.003734377239, 0.53325871166, 0.28557765257, 0.17730472816],
      [0.67690616119, 0.091108307725, 0.0016057626624, 0.091458299636, 0.13892146878],
      [0.029182637799, 0.60775914597, 0.024177671374, 0.14188796732, 0.19699257753],
      [0, 0.0017457673326, 0.81280245397, 0.098794762587, 0.086657016115],
      [0.0058767568259, 0.010176762747, 0.067300775848, 0.82231286138, 0.094332843198],
      [1.3356418738e-06, 8.5624261777e-05, 0.010484760544, 0.017802211733, 0.97162606782]
    ],
    [
      [0.00024944923366, 0.0051723473615, 0.53356870911, 0.24491463303, 0.21609486126],
      [0.7748611575, 0.077423943088, 0.00064386713245, 0.046395979634, 0.10067505264],
      [0.039304483786, 0.67127010791, 0.017623280496, 0.091129537427, 0.18067259038],
      [4.8262002661e-05, 0.0020494257649, 0.80761126967, 0.083438653064, 0.1068523895],
      [0.011924333117, 0.014877331429, 0.071854652814, 0.77352022268, 0.12782345996],
      [3.7851413424e-06, 9.8580899113e-05, 0.0085883919994, 0.012539667718, 0.97876957424]
    ],
    [
      [2.8090701692e-06, 0.0010860113492, 0.65240551013, 0.18766732746, 0.15883834199],
      [0.47123666103, 0.070897940672, 0.0044112078991, 0.14782693043, 0.30562725997],
      [0.015161768343, 0.38993226239, 0.058343466135, 0.18550262722, 0.35105987591],
      [0, 0, 0.87622718649, 0.058990686241, 0.064782127272],
      [0.0011000246985, 0.0026941516262, 0.11845836036, 0.76126887544, 0.11647858788],
      [0, 2.0427256317e-05, 0.014241013565, 0.012991864325, 0.97274669485]
    ],
    [
      [0, 0.001829282086, 0.65688536719, 0.19105833342, 0.15022701731],
      [0.56636174509, 0.09399902577, 0.0033512727009, 0.11509134418, 0.22119661226],
      [0.015290115867, 0.53942069512, 0.04571036469, 0.14473723859, 0.25484158573],
      [0, 0, 0.87982939308, 0.05843624543, 0.061734361495],
      [0, 0.0077625113486, 0.11699684093, 0.76625260727, 0.10898804045],
      [1.07881961e-06, 5.2171520551e-05, 0.014925473739, 0.013821451472, 0.97119982445]
    ],
    [
      [0, 0.0018991337297, 0.55130687085, 0.23216368553, 0.21463030989],
      [0.44024658804, 0.088547741121, 0.0027581561312, 0.14389927125, 0.32454824346],
      [0.013377664546, 0.44261277872, 0.035611330073, 0.16601547407, 0.34238275259],
      [0, 0.00085499003761, 0.81774573784, 0.080574657425, 0.1008246147],
      [0.00016213859811, 0.0078959242058, 0.080368775313, 0.77946907462, 0.13210408726],
      [6.9564731089e-07, 3.5166543763e-05, 0.0090440399503, 0.012035239297, 0.97888485856]
    ],
    [
      [0, 0.0018764850301, 0.5807593226, 0.18202874014, 0.23533545223],
      [0.51093490637, 0.075487294843, 0.0026238723555, 0.098619166855, 0.31233475958],
      [0.016115892353, 0.44110724155, 0.037312176237, 0.12956649887, 0.37589819099],
      [0, 0.0010032777355, 0.8327393954, 0.060876514154, 0.10538081271],
      [0.0026413463562, 0.007200645004, 0.10014130694, 0.72052914193, 0.16948755977],
      [0, 3.4959241137e-05, 0.0085943858438, 0.0085540984849, 0.98281655643]
    ],
    [
      [0.0002033913917, 0.0057577442191, 0.51987650951, 0.227982874, 0.24617948087],
      [0.6654166797, 0.11939403047, 0.0010826152942, 0.059073735719, 0.15503293882],
      [0.019011879281, 0.70428534381, 0.015710416098, 0.076510751176, 0.18448160963],
      [0.00044745680318, 0.0022329927772, 0.79622738106, 0.079168431626, 0.12192373774],
      [0.006891439816, 0.017524246726, 0.074058129296, 0.7516583956, 0.14986778856],
      [4.5934030132e-06, 9.2673146534e-05, 0.0074138255328, 0.010288551248, 0.98220035667]
    ],
    [
      [0.00032534701114, 0.0020698124372, 0.67217063234, 0.17631215507, 0.14912205315],
      [0.85169192905, 0.035380442115, 0.0013876395704, 0.036420384334, 0.075119604927],
      [0.062588791576, 0.54309846774, 0.042085305014, 0.12186447072, 0.23036296495],
