{
  "Z_true": {},
  "V_true": [
    [202, 227, 176, 5],
    [492, 2665, 7866, 107],
    [115, 4093, 949, 43],
    [132, 572, 165, 79],
    [35, 458, 539, 27],
    [94, 267, 232, 178]
  ],
  "p_true": [
    [0.3311, 0.3721, 0.2885, 0.0082],
    [0.0442, 0.2394, 0.7067, 0.0096],
    [0.0221, 0.7871, 0.1825, 0.0083],
    [0.1392, 0.6034, 0.1741, 0.0833],
    [0.0331, 0.4325, 0.509, 0.0255],
    [0.1219, 0.3463, 0.3009, 0.2309]
  ],
  "Z_est": {},
  "V_est": [
    [338.3686, 165.0678, 60.9989, 45.5647],
    [405.3966, 1915.9103, 8679.0046, 129.6885],
    [0, 4746.9337, 453.0663, 0],
    [142.0107, 805.9893, 0, 0],
    [0, 384.0201, 674.9799, 0],
    [184.2242, 264.0788, 58.9503, 263.7468]
  ],
  "p_est": [
    [0.5547, 0.2706, 0.1, 0.0747],
    [0.0364, 0.1721, 0.7798, 0.0117],
    [0, 0.9129, 0.0871, 0],
    [0.1498, 0.8502, 0, 0],
    [0, 0.3626, 0.6374, 0],
    [0.2389, 0.3425, 0.0765, 0.3421]
  ],
  "EI_Z": {},
  "EI_V": 11.2715,
  "MAE_Z": {},
  "MAE_V": 185.2092,
  "MAE_p": 0.0921,
  "runtime": 0.1161
}
