{
  "Z_true": {},
  "V_true": [
    [402, 836, 151, 64],
    [547, 11037, 854, 495],
    [104, 399, 12549, 301],
    [52, 584, 1196, 342],
    [66, 588, 1096, 865]
  ],
  "p_true": [
    [0.2767, 0.5754, 0.1039, 0.044],
    [0.0423, 0.8534, 0.066, 0.0383],
    [0.0078, 0.0299, 0.9398, 0.0225],
    [0.0239, 0.2686, 0.5501, 0.1573],
    [0.0252, 0.2249, 0.4191, 0.3308]
  ],
  "Z_est": [
    [
      [0, 0, 1.9969, 3, 0.0289, 1.9798, 0.873, 0.9995, 2, 1.9439, 1, 0.4227, 1.9997, 0.9903, 1.9976, 1, 0.9596, 0.4884, 0.0664, 2.0001, 0, 1.9965, 0, 0, 0.5029, 0.3295, 0, 1.9987, 1.9986, 0.4893, 0.5033, 2.9496, 0.8924, 1.954, 0, 0.4475, 1.8019, 0.2763, 0.1776, 2, 3, 4, 3, 3, 3, 1.9797, 6, 5, 2, 5, 5, 4, 5, 3, 4, 3, 1.9931, 2, 3, 4.0022, 2, 2.9988, 1, 3, 1.9986, 9, 3.9965],
      [0, 0, 2.9955, 9, 0.057, 4.0101, 2.1846, 5.9982, 5, 4.0626, 6, 1.5575, 3.9997, 3.0027, 3.0016, 3, 1.9977, 1.3031, 0.1415, 2.0002, 0, 5.9999, 0, 0, 0.1865, 0.936, 0, 5.996, 2.0034, 0.6989, 2.3684, 1.0131, 4.2257, 3.0316, 0.1784, 1.6818, 2.0331, 0.1322, 2.5388, 13, 9, 28, 13, 14, 12, 4.0009, 38, 23, 9.0001, 31, 18, 29, 45, 27, 26, 18, 7.0015, 19, 14, 21.9984, 5, 7.0012, 3, 28, 3.9973, 40, 12.002],
      [0, 0, 6.9908, 12, 0.9078, 9, 2.9327, 8.0022, 11, 7.9469, 10, 2.8604, 10.0003, 5.0043, 5.9965, 12, 5.018, 3.9465, 0.7279, 10.9996, 0, 10.0035, 0, 0, 0.2919, 2.7325, 0, 7.0049, 7.9979, 2.8119, 4.709, 4.003, 4.3279, 2.0101, 0.8132, 2.7909, 2.141, 0.4667, 4.2196, 8, 10, 17, 6, 5, 5, 0.0091, 20, 20, 9, 27, 22, 23, 28, 19, 16, 8, 7.005, 21, 8, 46.9993, 9, 16, 3, 43, 3.003, 43, 11.9994],
      [0, 0, 0.0168, 1, 0.0063, 0.0101, 0.0096, 0.0001, 3.9283e-07, 0.0465, 2.0067e-06, 0.1593, 0.0003, 0.0027, 0.0043, 1.4729e-08, 0.0246, 0.262, 0.0643, 0.0001, 0, 0.0001, 0, 0, 0.0187, 0.002, 0, 0.0003, 0.0001, 0, 0.4193, 0.0343, 0.554, 0.0043, 0.0085, 0.0798, 0.024, 0.1248, 0.0639, 2, 1, 4, 2, 1, 1, 1.0103, 6, 2, 1, 3, 2, 6, 5, 4, 3, 3, 1.0004, 2, 1, 2.0002, 1, 0, 4.332e-07, 4, 0.001, 7, 1.0022]
    ],
    [
      [0, 0, 2.0054, 6, 0.121, 2.0101, 2.0225, 4.9997, 4, 3.0388, 5, 0.1105, 3.0001, 1.9979, 1.0038, 5, 1.0121, 0.9615, 0.1476, 3.0001, 0, 4.9965, 0, 0, 0.1406, 1.7598, 0.2443, 5.0038, 3.0007, 0.6485, 0.1794, 1.9232, 1.0757, 1.9887, 0, 0.7056, 2.273, 0.3443, 1.1304, 12, 5, 19, 8, 21, 10, 3.9939, 38, 16, 6.9998, 24, 15, 30, 33, 23, 21, 14, 2.998, 14, 18, 16, 3, 5.0024, 4, 16, 3.9985, 41, 3.9939],
      [1.1187, 0, 18.9964, 76, 0.5364, 55.0304, 17.1817, 61.0098, 52, 45.0124, 95, 19.6425, 37.0022, 31.0643, 39.0008, 41, 15.0374, 5.4955, 1.8898, 14.0001, 0.6378, 55.9794, 4.752, 2.2525, 1.6824, 7.7822, 2.5111, 49.0101, 31.9974, 2.4824, 7.0118, 6.877, 40.6063, 63.8674, 3.4368, 10.692, 26.942, 10.6148, 12.477, 141, 70, 222, 87, 292, 112, 65.062, 330, 130.0001, 63.0006, 223, 128, 254, 451, 317, 257, 242, 51.9762, 231, 325, 124.0072, 63, 45.9988, 131, 225, 55.011, 226, 35.0159],
      [9.7532, 1, 32.0058, 95, 7.2385, 100.9192, 29.907, 106.9889, 121, 78.9738, 156, 38.8018, 79.9983, 57.934, 69.9972, 156, 28.8636, 14.9079, 5.8316, 49.9997, 4.3622, 97.0241, 9.5174, 9.7475, 11.707, 18.2654, 11.0365, 58.9855, 91.9992, 9.8691, 13.2082, 17.98, 27.1636, 52.0536, 14.3389, 17.1958, 30.5943, 25.9637, 27.2971, 92, 70.9999, 132, 40, 103, 46, 9.0039, 180, 112.9999, 59.9996, 196, 153, 202, 284, 219, 152, 113, 46.0015, 255, 198, 259.9932, 101, 89.9988, 123, 348, 49.9909, 242, 32.9881],
      [0.1281, 0, 1.9924, 12, 0.104, 9.0403, 1.8888, 9.0017, 9, 3.9751, 8, 2.4452, 6.9994, 4.0038, 4.9982, 4, 1.0868, 0.6352, 1.131, 2.0001, 0, 5, 0.7306, 0, 0.47, 0.1925, 0.2081, 8.0006, 5.0028, 0, 1.6006, 3.2199, 6.1544, 9.0903, 0.2244, 1.4067, 6.1907, 2.0773, 2.0956, 24, 13.0001, 34, 18, 31, 13, 20.9402, 56, 16, 10, 26, 18, 52, 54, 45, 35, 42, 11.0243, 31, 43, 12.9996, 11, 4, 27, 37, 5.9996, 41, 3.0022]
    ],
    [
      [0, 0, 3.9682, 6, 0.7592, 3.9697, 4.0611, 6.9991, 7, 3.9769, 5, 0.3087, 3.9999, 3.0052, 1.9981, 9, 1.9906, 1.4126, 0.721, 8.9997, 0, 5.9965, 0, 0, 2.0778, 4.8315, 0.6781, 5.9969, 4.9993, 1.7228, 0.2106, 4.9995, 0.0131, 1.0101, 0, 0.7486, 2.9076, 0.922, 1.6279, 6, 6, 10, 2, 6, 3, 0.0073, 19, 11, 4.0001, 18, 17, 19, 18, 15, 10, 4, 1.0003, 12, 9, 28.9977, 4, 8.9976, 3, 20, 3.0014, 40, 4.0047],
      [7.9651, 0, 34.9959, 81, 7.3421, 95.9899, 32.1015, 83.99, 93, 57.914, 128, 25.6224, 69.9979, 41.9378, 60.9975, 123, 28.9475, 12.282, 5.5079, 42.9996, 4.0091, 84.0173, 7.7177, 7.6891, 10.4338, 15.0545, 9.3963, 54.9899, 68.0005, 8.0589, 9.532, 17.8476, 21.166, 39.0561, 11.4575, 15.6611, 32.6782, 23.5082, 25.4954, 78, 67.9999, 116, 32, 86, 36, 6.9767, 169, 96.9999, 54.9995, 172, 147, 169, 241, 206, 122, 87, 38.0006, 215, 173, 235.9921, 103, 79.9903, 117, 311, 42.9883, 226, 29.996],
      [98.3504, 15, 67.0306, 106, 83.1484, 179.0404, 60.6879, 149.0129, 219, 101.0365, 208, 67.0897, 154.0017, 86.0606, 115.01, 456, 66.1121, 58.7819, 23.0997, 170.0009, 35.9909, 146.9897, 21.1391, 44.3109, 162.7241, 62.4444, 65.3044, 68.0161, 200.0037, 52.2183, 28.8418, 48.1921, 21.5778, 33.9984, 78.8222, 31.8541, 44.4522, 76.8108, 70.1954, 53, 74.0002, 70, 17, 30, 15, 2.9852, 93, 86.0001, 51.0004, 152, 177, 133, 155, 143, 75, 40, 33.0148, 237, 107, 494.0097, 164.0001, 168.0157, 108, 480, 41.0104, 241, 31.0025],
      [0.6844, 0, 5.0053, 14, 0.7503, 17, 4.1496, 12.9979, 16, 5.0726, 11, 2.9792, 13.0005, 5.9965, 7.9945, 13, 2.9498, 2.5235, 2.6714, 7.9997, 0, 7.9965, 1.1433, 0, 3.7644, 1.6697, 0.6212, 8.9971, 9.9965, 0, 2.4156, 6.9608, 4.2431, 4.9354, 0.7203, 1.7363, 7.962, 5.7591, 3.6813, 13, 12.9999, 18, 7, 9, 4, 2.0308, 28, 12, 8, 20, 21, 34, 29, 29, 17, 15, 6.9843, 29, 23, 25.0005, 18, 8.9964, 24, 51, 4.9999, 41, 2.9968]
    ],
    [
      [0, 0, 0.0162, 1, 0.0252, 0.0202, 0.011, 1.0011, 5.6673e-07, 0.0233, 3.5664e-06, 0.1119, 0, 0.0026, 0.0002, 6.0219e-09, 0.0137, 0.0855, 0.0139, 1, 0, 0.0035, 0, 0, 0.0072, 0.0408, 0.0247, 0.0003, 0, 0.0488, 0.052, 0.0773, 0.0077, 0.0297, 0, 0.0305, 0.0088, 0.2101, 0.0231, 1, 0, 2, 9.4152e-06, 3, 1, 0.0114, 2, 1, 0, 3, 2, 4, 5, 3, 4, 1, 0.0086, 2, 1, 1, 1.8503e-06, 0.0024, 5.4787e-08, 2, 0.0004, 6, 0.005],
      [0.4038, 0, 4.0131, 23, 0.798, 15.9798, 2.1067, 12.002, 11, 9.9784, 23, 4.7539, 6.0001, 7.0032, 7.0002, 8, 3.0543, 1.5789, 0.2999, 5.0001, 0.118, 10.9999, 0.2764, 0.2893, 0.2063, 0.8971, 0.4691, 6.0038, 8.9972, 0.2079, 2.7937, 2.0649, 5.9845, 8.9977, 0.9274, 1.1182, 2.0245, 4.4523, 2.8716, 20, 7, 25, 11, 48, 18, 4.9829, 25, 13, 10, 29, 23, 37, 71, 42, 48, 34, 9.9913, 36, 35, 15.0009, 17, 6.0012, 16, 44, 8.0011, 38, 6.0008],
      [4.5154, 0, 6.991, 32, 6.1003, 32.0202, 3.8314, 20.9965, 26, 21.006, 39, 9.3952, 14.9996, 15.993, 14.9977, 32, 8.9521, 6.8715, 1.4141, 24.9999, 0.882, 22.9966, 0.6901, 1.7107, 0.7598, 6.0287, 2.4731, 9.9946, 28.002, 1.7433, 6.3829, 8.7918, 4.395, 8.9718, 6.0258, 2.6541, 2.979, 13.199, 4.0677, 14, 8, 17, 6, 18, 9, 0.9986, 15, 13, 10.9999, 27, 31, 31, 46, 31, 29, 18, 10.0258, 41, 23, 31.9991, 31, 13.9952, 17, 71, 7.9977, 43, 7.9911],
      [0.0809, 0, 1.9797, 4, 0.0765, 3.9798, 0.0509, 2.0003, 3, 0.9924, 3, 0.7391, 2.0003, 1.0011, 0.0019, 1, 0.9798, 0.4642, 0.2721, 1, 0, 1, 0.0335, 0, 0.0266, 0.0334, 0.0331, 1.0013, 1.0007, 0, 0.7714, 1.0661, 1.6129, 1.0008, 0.0468, 0.1972, 0.9877, 1.1387, 0.0375, 4, 2, 4, 3, 5, 2, 2.0071, 5, 2, 1, 3, 3, 8, 9, 6, 7, 6, 2.9743, 5, 5, 2, 3, 1.0012, 3, 7, 1.0008, 7, 1.0031]
    ],
    [
      [0, 0, 0.0134, 2.7046e-08, 0.0657, 0.0202, 0.0323, 1.0006, 1, 0.0171, 6.6857e-08, 0.0463, 0.0002, 0.004, 0.0003, 5.5676e-08, 0.0239, 0.0521, 0.0512, 0.0001, 0, 0.007, 0, 0, 0.2715, 0.0384, 0.0529, 1.0003, 0.0014, 0.0906, 0.0547, 0.0504, 0.0111, 0.0176, 0, 0.0678, 0.0087, 0.2474, 0.041, 2, 1, 3, 1, 2, 1, 1.0076, 7, 2, 0, 3, 3, 6, 5, 3, 4, 2, 0, 3, 3, 3.0002, 3.2006e-06, 0.9988, 3.0302e-07, 4, 0.0011, 8, 0.9999],
      [0.5124, 0, 5.9991, 12, 0.2665, 16.9898, 2.4255, 10.9999, 13, 9.0327, 13, 1.4237, 12.0001, 1.9921, 8, 8, 3.963, 0.3405, 1.1608, 3, 0.2351, 10.0036, 0.254, 0.7691, 0.4909, 1.3302, 1.6235, 9.0002, 8.0014, 0.5519, 1.2941, 2.1975, 7.0175, 10.0472, 0, 1.8469, 5.3223, 2.2926, 2.6171, 28, 17.0001, 40, 16, 37, 20, 14.9775, 62, 19, 10.9998, 36, 29, 59, 67, 50, 49, 43, 13.0304, 52, 58, 29.0014, 13, 11.0085, 22, 61, 10.0022, 45, 6.9853],
      [3.381, 1, 10.9818, 15, 5.605, 32.0203, 5.641, 19.9995, 31, 17.0368, 22, 3.8529, 27.0002, 5.0081, 15.9987, 31, 10.0541, 0.4922, 3.9268, 13.9999, 1.7649, 16.9861, 0.6534, 3.2309, 8.5172, 5.5289, 7.186, 11.9989, 23.9972, 2.3575, 2.8581, 6.0332, 5.5357, 7.966, 0, 3.5051, 5.8334, 6.5599, 4.2203, 18, 17.9999, 24, 7, 14, 8, 2.0033, 33, 17, 10.0001, 32, 35, 47, 42, 34, 29, 21, 11.9529, 58, 36, 60.9987, 22, 22.9903, 21, 95, 8.998, 49, 7.019],
      [0.1066, 0, 2.0057, 4, 0.0629, 3.9697, 0.9011, 3, 3, 2.9134, 3, 0.6771, 3.9995, 1.9959, 3.001, 2, 1.959, 0.1152, 0.8612, 3.0001, 0, 3.0034, 0.0926, 0, 0.7203, 0.1024, 0.1376, 3.0006, 3, 0, 0.793, 2.7189, 3.4357, 2.9692, 0, 0.5801, 1.8356, 0.9002, 0.1217, 6, 4, 8, 5, 5, 5, 6.0116, 12, 4, 4, 6, 6, 14, 10, 9, 8, 9, 4.0167, 8, 9, 4.9996, 3, 3.0024, 7, 12, 2.9987, 9, 1.9958]
    ]
  ],
  "V_est": [
    [137.0339, 610.3373, 636.6736, 68.9552],
    [498.8318, 5864.7025, 5700.4049, 869.0608],
    [413.9209, 4959.3037, 7247.3891, 732.3863],
    [47.9174, 901.6501, 1077.8392, 146.5933],
    [73.2961, 1108.0063, 1183.6932, 250.0044]
  ],
  "p_est": [
    [0.0943, 0.4201, 0.4382, 0.0475],
    [0.0386, 0.4535, 0.4408, 0.0672],
    [0.031, 0.3714, 0.5428, 0.0548],
    [0.022, 0.4147, 0.4958, 0.0674],
    [0.028, 0.4237, 0.4527, 0.0956]
  ],
  "EI_Z": {},
  "EI_V": 36.7233,
  "MAE_Z": {},
  "MAE_V": 1194.5351,
  "MAE_p": 0.152,
  "runtime": 0.465
}
