{
  "X": [
    [25, 307, 505, 36],
    [33, 387, 556, 63],
    [16, 251, 341, 20],
    [19, 111, 239, 12],
    [7, 139, 187, 15],
    [12, 82, 258, 10],
    [2, 10, 52, 2],
    [13, 72, 282, 17],
    [27, 209, 492, 25],
    [23, 243, 319, 43],
    [7, 155, 140, 19],
    [18, 164, 274, 13],
    [45, 353, 451, 38],
    [14, 174, 184, 19],
    [41, 479, 704, 54],
    [10, 191, 247, 15],
    [18, 204, 335, 26],
    [21, 224, 325, 25],
    [27, 192, 330, 20],
    [12, 186, 93, 31],
    [26, 264, 511, 19],
    [37, 415, 481, 42],
    [20, 175, 141, 17],
    [17, 272, 180, 28],
    [29, 274, 280, 39],
    [31, 364, 443, 42],
    [24, 384, 346, 29],
    [15, 295, 317, 34],
    [24, 243, 268, 26],
    [23, 185, 167, 24],
    [22, 295, 314, 25],
    [5, 115, 91, 11],
    [4, 99, 101, 12],
    [49, 483, 499, 54],
    [15, 338, 446, 36],
    [62, 740, 812, 75],
    [33, 353, 410, 36],
    [12, 131, 282, 19],
    [65, 296, 566, 38],
    [31, 138, 239, 18],
    [12, 101, 209, 14],
    [10, 249, 166, 44],
    [2, 45, 22, 5],
    [34, 421, 376, 88],
    [18, 324, 345, 57],
    [114, 1288, 2243, 139],
    [16, 190, 186, 22],
    [112, 690, 766, 104],
    [25, 74, 123, 8]
  ],
  "W": [
    [41, 212, 512, 61, 47],
    [62, 255, 587, 77, 58],
    [34, 162, 348, 38, 46],
    [33, 58, 231, 29, 30],
    [31, 70, 197, 24, 26],
    [28, 34, 249, 26, 25],
    [4, 6, 50, 0, 6],
    [25, 42, 261, 12, 44],
    [77, 121, 471, 32, 52],
    [74, 139, 323, 46, 46],
    [31, 99, 140, 31, 20],
    [45, 86, 283, 30, 25],
    [119, 208, 478, 40, 42],
    [41, 118, 189, 29, 14],
    [130, 289, 712, 80, 67],
    [40, 113, 262, 19, 29],
    [59, 98, 341, 38, 47],
    [56, 157, 324, 28, 30],
    [67, 115, 330, 37, 20],
    [23, 152, 100, 24, 23],
    [57, 154, 530, 42, 37],
    [58, 307, 505, 60, 45],
    [36, 109, 155, 30, 23],
    [39, 209, 186, 42, 21],
    [62, 197, 307, 22, 34],
    [77, 252, 454, 50, 47],
    [59, 253, 348, 68, 55],
    [36, 229, 312, 48, 36],
    [66, 146, 275, 38, 36],
    [56, 109, 169, 37, 28],
    [85, 168, 330, 39, 34],
    [20, 83, 96, 14, 9],
    [22, 70, 98, 10, 16],
    [118, 328, 535, 61, 43],
    [72, 211, 463, 50, 39],
    [138, 498, 845, 115, 93],
    [112, 197, 435, 36, 52],
    [40, 78, 292, 10, 24],
    [176, 127, 589, 26, 47],
    [71, 71, 229, 32, 23],
    [33, 56, 204, 15, 28],
    [28, 186, 167, 64, 24],
    [6, 25, 19, 17, 7],
    [57, 322, 384, 96, 60],
    [37, 254, 325, 93, 35],
    [312, 858, 2262, 176, 176],
    [39, 133, 187, 41, 14],
    [240, 459, 787, 84, 102],
    [51, 42, 124, 6, 7]
  ],
  "method": "mvn_cdf",
  "mvncdf_method": "genz",
  "mvncdf_samples": 5000,
  "mvncdf_error": 1e-06,
  "cond_prob": [
    [
      [0.37958138299, 0.45236224319, 0.12751548682, 0.040540886997],
      [0.017685626098, 0.8859781218, 0.0081103951225, 0.088225856982],
      [0.0060702421837, 0.08566396838, 0.90689245395, 0.0013733354865],
      [0.0086588859398, 0.65949162386, 0.15668001837, 0.17516947183],
      [0.045614186678, 0.36264012215, 0.5064816971, 0.085263994069]
    ],
    [
      [0.35336466445, 0.48251630078, 0.10074215583, 0.063376878937],
      [0.014995260274, 0.85446345722, 0.005799148579, 0.12474213393],
      [0.0069826104867, 0.11215372816, 0.87822929337, 0.0026343679883],
      [0.0073190856771, 0.63410682514, 0.11160535096, 0.24696873822],
      [0.044388284053, 0.40185637358, 0.41522696685, 0.13852837552]
    ],
    [
      [0.29902574836, 0.54389221858, 0.12156893931, 0.035513093748],
      [0.011966928816, 0.91504109906, 0.0066377449235, 0.066354227198],
      [0.0049018851191, 0.10545026598, 0.88841553433, 0.0012323145785],
      [0.0061879549119, 0.71919923359, 0.13546230348, 0.13915050801],
      [0.034899287893, 0.42324490648, 0.4693356025, 0.072520203128]
    ],
    [
      [0.44072889629, 0.39914335245, 0.12938682697, 0.030740924288],
      [0.022976654233, 0.89141313547, 0.009351087408, 0.076259122886],
      [0.0068507455245, 0.074671229138, 0.917449014, 0.0010290113412],
      [0.011167365635, 0.65836282274, 0.17973640725, 0.15073340438],
      [0.054721867063, 0.33570499781, 0.54166535984, 0.067907775287]
    ],
    [
      [0.18935008801, 0.64784167329, 0.1101451109, 0.052663127797],
      [0.0063329762066, 0.9067707655, 0.0049975245167, 0.081898733774],
      [0.0033153116362, 0.13316968003, 0.86157871992, 0.0019362884104],
      [0.00330859894, 0.71950478645, 0.10306078109, 0.17412583352],
      [0.020943025309, 0.47530381954, 0.40208760835, 0.10166554681]
    ],
    [
      [0.32825627514, 0.45989810816, 0.17382694662, 0.038018670081],
      [0.014921975503, 0.8922009868, 0.010908301499, 0.081968736199],
      [0.0038676355039, 0.064915447705, 0.93025739895, 0.00095951784438],
      [0.006988738623, 0.63462513437, 0.20204748523, 0.15633864178],
      [0.03298704308, 0.31192835429, 0.58732716319, 0.067757439443]
    ],
    [
      [0.34114179196, 0.41704793064, 0.18669348099, 0.055116796411],
      [0.013207581136, 0.84785378089, 0.011860578163, 0.12707805981],
      [0.0029431683695, 0.051523747491, 0.94434719336, 0.0011858907773],
      [0.0056949085289, 0.54810044987, 0.20524272073, 0.24096192087],
      [0.026983287637, 0.26482074881, 0.61360706021, 0.094588903336]
    ],
    [
      [0.36236797104, 0.39166153436, 0.1787249505, 0.067245544091],
      [0.017599136744, 0.814567703, 0.012026951769, 0.15580620848],
      [0.0041868586644, 0.054439625655, 0.93970653631, 0.001666979375],
      [0.0074351588332, 0.52251825484, 0.20088691396, 0.26915967237],
      [0.035396530961, 0.25909680786, 0.5883387011, 0.11716796008]
    ],
    [
      [0.28569666482, 0.48664964313, 0.18225875944, 0.045394932609],
      [0.012484171551, 0.88500528328, 0.010761131092, 0.091749414082],
      [0.0033074557033, 0.066043182746, 0.92954753997, 0.0011018215795],
      [0.005794543742, 0.62426923392, 0.19711919006, 0.17281703228],
      [0.02782905837, 0.31336780439, 0.58209256303, 0.076710574209]
    ],
    [
      [0.25379317575, 0.55064820144, 0.11652429874, 0.079034324073],
      [0.0094145301912, 0.84921939819, 0.0058365891893, 0.13552948243],
      [0.0043555951199, 0.11062511828, 0.8821806807, 0.0028386058958],
      [0.0045243063494, 0.62022605663, 0.11064206439, 0.26460757264],
      [0.027955919956, 0.40059888221, 0.42036130626, 0.15108389158]
    ],
    [
      [0.19391473584, 0.62593903513, 0.12435583432, 0.055790394703],
      [0.0066465387794, 0.89857942086, 0.0057787294152, 0.088995310944],
      [0.0030520420859, 0.11569408202, 0.87940871334, 0.0018451625465],
      [0.0033884989915, 0.69573751308, 0.11642920678, 0.18444478115],
      [0.020543081743, 0.44008030532, 0.43622787726, 0.10314873568]
    ],
    [
      [0.31222737422, 0.53143174521, 0.12168273994, 0.034658140637],
      [0.012768759971, 0.91422788739, 0.0067873983889, 0.066215954249],
      [0.0051091199811, 0.10283932758, 0.8908514918, 0.0012000606389],
      [0.0065851752133, 0.71649715047, 0.13823144585, 0.13868622848],
      [0.036754024736, 0.41715067089, 0.47465836532, 0.071436939051]
    ],
    [
      [0.31356875953, 0.53580242107, 0.10161297244, 0.049015846956],
      [0.012575818736, 0.89132195388, 0.0054943477804, 0.090607879601],
      [0.0061118133339, 0.12208720137, 0.86980333036, 0.0019976549451],
      [0.006443386118, 0.69425554886, 0.11100297706, 0.18829808796],
      [0.039133874332, 0.44089881428, 0.41410596096, 0.10586135043]
    ],
    [
      [0.27304958859, 0.55534376166, 0.12409375373, 0.047512896018],
      [0.010498937392, 0.89766103833, 0.0064956688839, 0.085344355397],
      [0.004351659253, 0.1044803556, 0.88956935832, 0.0015986268339],
      [0.0053083426235, 0.68955957167, 0.12979968633, 0.17533239938],
      [0.030598860395, 0.41457568339, 0.46163259436, 0.093192861852]
    ],
    [
      [0.25782556358, 0.55395650793, 0.13864939082, 0.049568537672],
      [0.01005878067, 0.89380251195, 0.0072747014472, 0.088864005935],
      [0.0038260568475, 0.095874982426, 0.89876404407, 0.0015349166532],
      [0.0049900730633, 0.67411129891, 0.14227877724, 0.17861985079],
      [0.027810737334, 0.39306405484, 0.48687453542, 0.092250672403]
    ],
    [
      [0.20319790051, 0.64020388226, 0.11361745372, 0.042980763509],
      [0.0069908073737, 0.91917816519, 0.0052920828376, 0.068538944601],
      [0.0034870251242, 0.12881696514, 0.86614873617, 0.0015472735707],
      [0.0036973698879, 0.73862741007, 0.11045834416, 0.14721687588],
      [0.02276168262, 0.47479540378, 0.41869897191, 0.083743941698]
    ],
    [
      [0.2453142716, 0.57597849746, 0.12325201018, 0.055455220763],
      [0.0090950774976, 0.88954143354, 0.0061807430446, 0.095182745914],
      [0.0039843269664, 0.10967157006, 0.88445557739, 0.0018885255886],
      [0.0045672451163, 0.67881991266, 0.12244727897, 0.19416556325],
      [0.027069453489, 0.42038908838, 0.4462027623, 0.10633869583]
    ],
    [
      [0.2933981661, 0.51202458529, 0.14809313725, 0.046484111357],
      [0.012194347469, 0.8896945463, 0.0083469364472, 0.089764169779],
      [0.0040644163172, 0.083443005752, 0.9111378125, 0.0013547654328],
      [0.005924829073, 0.6569183513, 0.16013685203, 0.1770199676],
      [0.031275648236, 0.36212885946, 0.52029487378, 0.086300618523]
    ],
    [
      [0.3353402495, 0.47907145759, 0.14615423182, 0.039434061095],
      [0.014963393478, 0.89437796979, 0.008849421771, 0.081809214961],
      [0.0047214051709, 0.079420151833, 0.91468928076, 0.0011691622377],
      [0.0072788236382, 0.66116892683, 0.17000699946, 0.16154525007],
      [0.037161358378, 0.35245570654, 0.53423392774, 0.076149007335]
    ],
    [
      [0.33285603801, 0.52859404782, 0.06729378923, 0.071256124935],
      [0.012600741022, 0.85562413837, 0.0035289898154, 0.12824613079],
      [0.0087900396571, 0.16737584745, 0.81979963269, 0.0040344802014],
      [0.0063809360213, 0.65862874738, 0.070562773866, 0.26442754273],
      [0.04472899594, 0.48034374048, 0.3045134596, 0.17041380398]
    ],
    [
      [0.33273135747, 0.50496554237, 0.13005840908, 0.032244691078],
      [0.014386503502, 0.91320293491, 0.0076388470528, 0.064771714539],
      [0.0052061979856, 0.093079345711, 0.90065103379, 0.0010634225175],
      [0.0073153719188, 0.70589297132, 0.15324569326, 0.1335459635],
      [0.039018725928, 0.3932187904, 0.50189685791, 0.065865625764]
    ],
    [
      [0.4228317622, 0.44372294712, 0.096975060187, 0.036470230488],
      [0.020290946842, 0.89192925565, 0.0063334802327, 0.081446317279],
      [0.0086766306365, 0.10748699004, 0.88225578558, 0.0015805937446],
      [0.010371027609, 0.69319615168, 0.12769502916, 0.16873779155],
      [0.058687520583, 0.40962297742, 0.44337575173, 0.088313750266]
    ],
    [
      [0.41503773268, 0.48580637921, 0.063498938134, 0.035656949974],
      [0.018119765038, 0.90433166139, 0.0038320771159, 0.073716496457],
      [0.011755163597, 0.16475158585, 0.8213290856, 0.0021641649537],
      [0.0098262237038, 0.74558082831, 0.08205053964, 0.16254240834],
      [0.064300016463, 0.50778031093, 0.32993937233, 0.097980300278]
    ],
    [
      [0.30802072853, 0.54717313654, 0.10101133791, 0.043794797029],
      [0.01207436873, 0.90229762687, 0.0054004668793, 0.080227537526],
      [0.0058916418403, 0.12376381602, 0.86857184938, 0.0017726927667],
      [0.006281048956, 0.7134447202, 0.1109589218, 0.16931530904],
      [0.03814232035, 0.45190061274, 0.41499966043, 0.09495740648]
    ],
    [
      [0.35075973523, 0.50551502211, 0.079135100978, 0.064590141681],
      [0.014247107707, 0.85931395745, 0.0043689259058, 0.12207000893],
      [0.0084224656025, 0.14300544578, 0.84530625915, 0.0032658294771],
      [0.007163346448, 0.65680515937, 0.086639623106, 0.24939187107],
      [0.047128295641, 0.45121449926, 0.35016573496, 0.15149147014]
    ],
    [
      [0.30356261814, 0.52656440699, 0.12092022602, 0.048952748856],
      [0.012322164605, 0.88918886458, 0.0066342731587, 0.091854697657],
      [0.0050721458264, 0.10312733283, 0.89008542996, 0.0017150913853],
      [0.0061667103064, 0.67648656953, 0.13096207546, 0.18638464471],
      [0.035323402611, 0.40501542794, 0.46086307772, 0.098798091721]
    ],
    [
      [0.28486076944, 0.56825865008, 0.11221680972, 0.034663770758],
      [0.011075036682, 0.92064931845, 0.0059057617535, 0.062369883112],
      [0.0050336964201, 0.11784790884, 0.8758314322, 0.0012869625451],
      [0.005840170773, 0.7380480744, 0.12285778566, 0.13325396917],
      [0.034197601088, 0.45152769214, 0.44202540226, 0.072249304509]
    ],
    [
      [0.27374290509, 0.53023040216, 0.14898502832, 0.047041664427],
      [0.010999960199, 0.89284896162, 0.0081386124419, 0.08801246574],
      [0.0037535652273, 0.085730824176, 0.90915475946, 0.0013608511372],
      [0.0053756724064, 0.6631729223, 0.15704541341, 0.17440599189],
      [0.028691846717, 0.36955642586, 0.51571884703, 0.086032880397]
    ],
    [
      [0.2904621639, 0.55540724411, 0.10795755311, 0.046173038873],
      [0.011280995193, 0.89992086487, 0.0056780858855, 0.083120054054],
      [0.005302270466, 0.11902971138, 0.87389754708, 0.0017704710754],
      [0.0058134541281, 0.70485896208, 0.11547143616, 0.17385614763],
      [0.034908660869, 0.44208159867, 0.42650027113, 0.09650946933]
    ],
    [
      [0.33456945219, 0.52192169831, 0.094133078493, 0.049375771005],
      [0.013558972438, 0.88790752753, 0.0051925896026, 0.093340910426],
      [0.0068554946038, 0.12618363441, 0.86482499106, 0.0021358799246],
      [0.0069628215626, 0.69292978624, 0.10529489437, 0.19481249783],
      [0.042961263916, 0.44606832681, 0.40004849266, 0.11092191661]
    ],
    [
      [0.2228253557, 0.62474460579, 0.10865866971, 0.043771368805],
      [0.0078758271827, 0.91568618139, 0.0051732603752, 0.071264731056],
      [0.004019429078, 0.13156676748, 0.86276432833, 0.0016494751113],
      [0.0041610652091, 0.73532472362, 0.10780819922, 0.15270601195],
      [0.025768732323, 0.47604617237, 0.41063348402, 0.08755161129]
    ],
    [
      [0.20155821828, 0.63952354059, 0.11013957867, 0.048778662455],
      [0.0067739946318, 0.91097373788, 0.0050619868004, 0.077190280684],
      [0.0034370182737, 0.1290514461, 0.86575106436, 0.0017604712686],
      [0.0035571738159, 0.72615507587, 0.10521453395, 0.16507321637],
      [0.02228439544, 0.47341077607, 0.40924277428, 0.09506205421]
    ],
    [
      [0.17204266689, 0.62013837882, 0.14893736807, 0.058881586216],
      [0.0058918859436, 0.89293381785, 0.0069137833551, 0.094260512847],
      [0.0022813318472, 0.096547874189, 0.89953168755, 0.0016391064098],
      [0.0029187120047, 0.67100839785, 0.13567154422, 0.19040134592],
      [0.016705070696, 0.40022288586, 0.48295639882, 0.10011564463]
    ],
    [
      [0.32716765488, 0.52840921052, 0.095185983822, 0.049237150774],
      [0.013278773473, 0.88942438455, 0.0052092930672, 0.092087548913],
      [0.0067630530534, 0.12771227531, 0.86339580693, 0.0021288646993],
      [0.0068299549733, 0.69555429394, 0.10563679217, 0.19197895892],
      [0.042107007364, 0.44841753371, 0.3998545576, 0.10962090133]
    ],
    [
      [0.18809416878, 0.62357110031, 0.13452606988, 0.053808661033],
      [0.006562173981, 0.90075647826, 0.0063142206938, 0.086367127065],
      [0.0028259362521, 0.10925368619, 0.88623393942, 0.0016864381421],
      [0.0033229066634, 0.69325379573, 0.12609352591, 0.17732977169],
      [0.019572970993, 0.42707461309, 0.45663826465, 0.096714151274]
    ],
    [
      [0.32736042729, 0.52454601182, 0.10572944649, 0.042364114393],
      [0.013570732913, 0.89979509927, 0.0059003724612, 0.080733795354],
      [0.0062104394718, 0.11617220646, 0.87593836646, 0.0016789876086],
      [0.006990646554, 0.70479774369, 0.11979700311, 0.16841460664],
      [0.041160959544, 0.43415502434, 0.4327432059, 0.09194081022]
    ],
    [
      [0.24678221148, 0.60152864839, 0.10030493286, 0.051384207267],
      [0.0089236701268, 0.90070533609, 0.0048823412263, 0.085488652559],
      [0.0048048700997, 0.13665584203, 0.85645096978, 0.0020883180961],
      [0.0046541618015, 0.71410639327, 0.10039394937, 0.18084549557],
      [0.029501106866, 0.47339224745, 0.39095544392, 0.10615120176]
    ],
    [
      [0.24254553344, 0.54434653145, 0.13967610709, 0.073431828014],
      [0.0090918984532, 0.85533760289, 0.0071150214957, 0.12845547716],
      [0.0035089838209, 0.09277340639, 0.90148523582, 0.0022323739731],
      [0.0043025368755, 0.61475756126, 0.13292775079, 0.24801215108],
      [0.024847840422, 0.37067734535, 0.47282362198, 0.13165119225]
    ],
    [
      [0.32736866608, 0.50104180038, 0.11194243031, 0.059647103231],
      [0.013665069733, 0.86549863802, 0.0062869129473, 0.1145493793],
      [0.0059209964338, 0.10574692859, 0.88608185417, 0.0022502208107],
      [0.0066911546052, 0.64420112872, 0.12136662439, 0.22774109229],
      [0.039431395087, 0.39715378544, 0.43926088064, 0.12415393884]
    ],
    [
      [0.3834258195, 0.43553238892, 0.13943444411, 0.041607347469],
      [0.018449327223, 0.87908463942, 0.0091180272064, 0.093348006149],
      [0.0056444553851, 0.07563983689, 0.91742348296, 0.0012922247609],
      [0.008810647009, 0.63784705956, 0.17210000916, 0.18124228428],
      [0.044465614617, 0.33594437083, 0.53527631888, 0.084313695679]
    ],
    [
      [0.28631175725, 0.50812479282, 0.15169301278, 0.053870437147],
      [0.011675618336, 0.87650529375, 0.0084672064757, 0.10335188144],
      [0.003821778891, 0.080522271251, 0.91413071144, 0.0015252384178],
      [0.0055629109593, 0.63414733408, 0.15949361155, 0.2007961434],
      [0.029516315423, 0.3507493831, 0.52187240804, 0.097861893443]
    ],
    [
      [0.24114612163, 0.5752925781, 0.10929819575, 0.074263104524],
      [0.0086012878704, 0.86235310521, 0.005312381878, 0.12373322504],
      [0.0042858163488, 0.12075524891, 0.87217031662, 0.0027886181151],
      [0.0042343096237, 0.64516939162, 0.10326590648, 0.24733039228],
      [0.026799124712, 0.42609364964, 0.40259934894, 0.14450787671]
    ],
    [
      [0.21964757833, 0.63382931515, 0.10620936542, 0.040313741099],
      [0.0070098553157, 0.92308398759, 0.0049168598096, 0.06498929728],
      [0.0034469793011, 0.12438659544, 0.87073943421, 0.0014269910553],
      [0.0037551088258, 0.74863288118, 0.10512841673, 0.14248359326],
      [0.023455039221, 0.48055410826, 0.41506065221, 0.080930200315]
    ],
    [
      [0.38352185203, 0.44963439947, 0.090975782996, 0.075867965496],
      [0.016793884094, 0.82337113666, 0.0054139551429, 0.15442102411],
      [0.0083120721324, 0.11485445893, 0.87336719148, 0.0034662774552],
      [0.0079644306898, 0.59373238813, 0.10126231763, 0.29704086354],
      [0.04990354721, 0.38862187759, 0.38937026908, 0.17210430612]
    ],
    [
      [0.30625041154, 0.47155559604, 0.16329409439, 0.058899898021],
      [0.013282477262, 0.8579791161, 0.0096403792455, 0.11909802739],
      [0.0038920780307, 0.070793626421, 0.92373236643, 0.0015819291206],
      [0.0060899097784, 0.59795995381, 0.17453525574, 0.22141488068],
      [0.031018578945, 0.31802980709, 0.54671999631, 0.10423161766]
    ],
    [
      [0.28433467776, 0.51640199861, 0.15296890399, 0.046294419636],
      [0.01190570096, 0.89078191481, 0.0085899139581, 0.088722470275],
      [0.0039086527648, 0.082568080663, 0.91219870919, 0.0013245573809],
      [0.0057682135741, 0.6562751176, 0.16397213722, 0.1739845316],
      [0.030171356204, 0.35941097607, 0.52596204467, 0.084455623054]
    ],
    [
      [0.31585711151, 0.51374700766, 0.12612579915, 0.044270081683],
      [0.013027824928, 0.8942421337, 0.0071086560105, 0.085621385361],
      [0.0049801066548, 0.096031163201, 0.89750833068, 0.0014803994646],
      [0.0065119642038, 0.67922555221, 0.14047428083, 0.17378820276],
      [0.036181685778, 0.39345067689, 0.4813268911, 0.089040746241]
    ],
    [
      [0.38840233197, 0.45873047162, 0.094493426838, 0.058373769568],
      [0.017536597425, 0.85572414545, 0.005735151294, 0.12100410583],
      [0.0082525570776, 0.11363282313, 0.8755277034, 0.002586916388],
      [0.0086176497239, 0.63940475385, 0.11107374934, 0.24090384709],
      [0.051909990935, 0.40305366072, 0.4105151396, 0.13452120874]
    ],
    [
      [0.45800928168, 0.39511377395, 0.11001090387, 0.036866040495],
      [0.023875105867, 0.87717971729, 0.0078777501414, 0.0910674267],
      [0.0081975710304, 0.084400498342, 0.905996929, 0.0014050016244],
      [0.011702489488, 0.65271225914, 0.15301115867, 0.18257409269],
      [0.061235326775, 0.35540164853, 0.49601402405, 0.087349000647]
    ]
  ],
  "expected_outcome": [
    [
      [15.5628367027, 21.9086091958, 10.1668754441, 14.5440535774, 5.8698527285, 9.1911757039, 1.3645671678, 9.0591992761, 21.9986431908, 18.7806950055, 6.0113568111, 14.05023184, 37.3146823845, 11.1950331322, 33.5173232649, 8.1279160205, 14.4735420245, 16.4302973019, 22.4677967164, 7.6556888743, 18.9656873756, 24.5242422077, 14.9413583765, 12.0128084125, 21.7471035844, 23.3743215966, 16.8067853971, 9.8547445833, 19.1705028174, 18.7358893228, 18.9401552346, 4.0311643657, 3.7849386717, 38.6057832757, 13.542780152, 45.1757389666, 27.6396076862, 9.7018213376, 57.6168852293, 27.2232331842, 9.4482879892, 6.7520914057, 1.31788547, 21.8607455659, 11.3312652272, 88.7124194623, 12.3184273489, 93.2165596725, 23.3584733657],
      [18.5468519709, 29.9160106484, 18.4923354318, 13.1717306309, 20.0830918719, 12.8771470284, 1.6681917226, 9.7915383591, 37.4720225212, 40.7479669062, 19.4041100892, 23.9144285343, 63.7604881071, 22.769094228, 72.0143460311, 25.6081552902, 33.98273135, 28.673376776, 32.0977876583, 12.1576630999, 28.7830359154, 25.7359309332, 17.4890296517, 21.3397523249, 31.3419313707, 40.5454593382, 33.527260355, 19.0882944777, 36.6568781114, 29.2276151053, 53.1032914918, 12.7904708118, 13.643044334, 62.3522868419, 44.897119222, 72.3873496316, 67.3712086197, 21.7738612581, 88.1833568675, 30.9227996136, 16.7681181632, 16.1081921867, 3.8029758909, 25.6291607701, 17.4475570536, 161.1174235667, 20.0361332987, 110.09531319, 20.1508024714],
      [5.2281349595, 6.2460136617, 4.1333439366, 4.2697652901, 3.414498438, 4.8671545055, 0.74677392396, 4.4681237625, 14.0339244772, 8.6227981069, 3.8550308639, 5.4757232971, 12.0919437206, 5.087843903, 18.0244208066, 4.544698149, 7.2718686005, 8.2932156861, 9.7923335319, 1.5477571523, 7.4133293175, 5.6245534909, 2.2859617728, 3.9394421784, 4.9063762607, 9.3108574033, 6.6207917732, 5.3634610197, 7.1251985056, 5.2714523956, 9.2359869252, 2.2027915735, 3.2766220975, 11.231946091, 9.6858770317, 14.5906636154, 11.2341524802, 5.5870442837, 19.7018677346, 9.8998455319, 5.0058694218, 3.0603494809, 0.63725619253, 5.1856196308, 6.0418814924, 47.7262980447, 4.9189061667, 22.6784224411, 5.6105560976],
      [1.6621763669, 3.9293664941, 1.2074451874, 1.0144505015, 1.6325569617, 1.0645227623, 0.22046718564, 1.6811386023, 3.4954098109, 5.8485399814, 1.7295022358, 1.5596163287, 5.8328857878, 1.9480287367, 6.4439098974, 1.7192305403, 3.271858025, 2.603110236, 2.6420820934, 1.6388908735, 1.8379473915, 2.1152733683, 1.2836501991, 1.7079970841, 4.0045887842, 3.7693616619, 2.0451624747, 1.6934999194, 3.0474205656, 2.7650431763, 3.7205663484, 0.9755732491, 1.2953948968, 5.8099837914, 3.8742235944, 5.8462477863, 5.7550312139, 2.9372731206, 10.4978901686, 2.9541216703, 1.7777244258, 2.0793669267, 0.2418824466, 4.3244740333, 2.1792962268, 14.4438589263, 1.7265331856, 14.0097046964, 1.8801680653]
    ],
    [
      [3.7493527327, 3.8237913698, 1.9386424682, 1.3326459455, 0.44330833446, 0.50734716711, 0.079245486817, 0.73916374325, 1.5105847577, 1.3086196966, 0.65800733916, 1.0981133575, 2.6157702971, 1.2388746123, 2.9069876137, 0.78996123323, 0.89131759476, 1.9145125526, 1.72079025, 1.9153126353, 2.2155215393, 6.2293206806, 1.9750543891, 2.5235430645, 2.8066802182, 3.1051854804, 2.8019842807, 2.5189908855, 1.6470252981, 1.4779279957, 1.3231389667, 0.56224155444, 0.41243201605, 4.355437699, 1.38461871, 6.7582249909, 1.757963015, 0.70916807935, 1.7354638561, 1.3099022328, 0.65383462683, 1.5998395439, 0.17524638289, 5.4076306781, 3.3737492245, 10.2150914234, 1.7327007155, 8.049298218, 1.0027544464],
      [187.8273618213, 217.8881815901, 148.2366580481, 51.7019618574, 63.4739535852, 30.3348335512, 5.0871226853, 34.2118435262, 107.0856392764, 118.0414963479, 88.9593626653, 78.6235983157, 185.3949664076, 105.9240025225, 258.3089259528, 103.8671326662, 87.1750604873, 139.6820437699, 102.8534665258, 130.0548690324, 140.6332519756, 273.8222814832, 98.5721510915, 188.5802040148, 169.2848496185, 224.0755938741, 232.9242775683, 204.4624122107, 131.3884462707, 96.7819205012, 153.8352784729, 75.6108202444, 62.5053672498, 291.7311981314, 190.0596169128, 448.0979594372, 177.4389512093, 66.7163330258, 109.9183270287, 62.4150093989, 49.0842964499, 160.3976775693, 23.0770996899, 265.125506004, 217.9266954893, 764.290882905, 118.9342037821, 392.7773827633, 36.8415481262],
      [1.719403766, 1.4787828876, 1.0753146776, 0.54236306966, 0.34982671617, 0.37088225098, 0.071163468979, 0.50513197429, 1.3020968621, 0.81128589732, 0.57209421211, 0.58371626144, 1.1428243383, 0.7664889283, 2.1023887183, 0.59800536065, 0.60571281837, 1.3104690222, 1.0176835037, 0.53640645194, 1.1763824461, 1.9443784314, 0.41769640564, 1.1286975778, 0.86067840344, 1.671836836, 1.4941577236, 1.8637422492, 0.82900053929, 0.56599226668, 0.86910774304, 0.42014490443, 0.48396483485, 1.708648126, 1.3323005664, 2.9383854857, 0.96182122158, 0.55497167666, 0.79843794431, 0.64737993165, 0.47416356264, 0.98810302931, 0.12292149524, 1.743293556, 2.4486563284, 7.3701461761, 0.9454512494, 2.632434444, 0.33086550594],
      [18.7038816801, 31.8092441525, 10.7493848061, 4.4230291274, 5.7329113642, 2.7869370308, 0.76246835889, 6.5438607562, 11.1016791039, 18.8385980582, 8.8105357834, 5.6945720654, 18.8464389569, 10.0706339369, 25.6816977153, 7.7449007399, 9.3279090996, 14.0929746553, 9.4080597205, 19.4934118803, 9.974844039, 25.0040194048, 8.0350981138, 16.7675553429, 24.0477917599, 23.1473838095, 15.7795804274, 20.1548546546, 12.1355278918, 10.1741592365, 11.9724748173, 6.4067932968, 6.5982358993, 30.2047160435, 18.2234638108, 40.2054300862, 16.8412645541, 10.0195272182, 14.5477711709, 6.6277084366, 5.7877053606, 23.0143798575, 1.624732432, 49.7235697619, 30.2508989579, 76.1238794955, 11.387644253, 55.5408845748, 3.8248319214]
    ],
    [
      [3.1079639981, 4.0987923557, 1.7058560215, 1.5825222162, 0.65311639233, 0.96304124047, 0.14715841847, 1.0927701114, 1.5578116363, 1.4068572237, 0.42728589203, 1.4458809547, 2.9214467736, 0.82246359882, 2.7241524754, 0.91360058254, 1.3586554956, 1.3168708868, 1.5580637064, 0.87900396571, 2.7592849324, 4.3816984714, 1.8220503575, 1.0958453823, 2.58569694, 2.3027542052, 1.7517263542, 1.1711123509, 1.4581243782, 1.158578588, 1.3264115957, 0.32995375427, 0.22357052103, 3.6182333836, 1.3084084847, 5.2478213537, 2.0901184934, 1.0246232757, 3.4874668995, 1.2925802832, 0.77964289376, 0.71573133026, 0.06549260672, 3.1918356988, 1.26492536, 8.841372554, 0.93127994445, 6.4947624201, 1.0164988078],
      [43.8599518104, 65.8342384295, 36.6966925593, 17.249053931, 26.2344269666, 16.1639464786, 2.5761873746, 14.2087422959, 31.1063390731, 35.7319132055, 16.1971714833, 29.1035297057, 58.3576822528, 19.7467872077, 68.2629874875, 33.7500448657, 37.3980053889, 27.0355338635, 26.208650105, 16.7375847452, 49.3320532269, 54.2809299711, 25.5364958072, 23.0200697791, 43.9026718529, 46.819809105, 41.0110722747, 26.748017143, 32.7331706296, 21.3250342149, 43.4170332673, 12.3889388252, 9.4616916706, 68.3260672933, 50.5844567052, 98.1655144555, 59.4452912818, 27.0898346658, 62.2849409368, 17.3215226479, 16.4265433351, 20.1661265688, 2.3633453133, 44.1041122293, 23.007928587, 186.7689984595, 17.9578275185, 89.4290318066, 10.4656617944],
      [464.3289364225, 515.5205952056, 309.1686059459, 211.930722233, 169.7310078242, 231.6340923376, 47.2173596681, 245.2634059758, 437.8168913267, 284.9443598664, 123.1172198681, 252.1109721788, 415.7659919099, 168.1286087219, 639.91999938, 226.9309688762, 301.5993518898, 295.2086512495, 301.8474626502, 81.9799632689, 477.3450479064, 445.5391717164, 127.3060082674, 161.554363984, 259.5090215576, 404.0987852009, 304.7893384054, 283.6562849513, 240.3218254465, 146.1554234898, 284.7122283502, 83.1121021787, 88.1541053802, 461.916756709, 410.3263139503, 740.1679196616, 372.556171853, 263.2336888584, 521.9022121062, 210.0899775987, 186.4826651339, 145.6524428757, 16.5440492499, 335.3730015291, 300.2130190889, 2063.3934801909, 167.8340578372, 689.040302576, 112.3436191964],
      [0.70314776907, 1.5463740091, 0.42884547333, 0.23770161983, 0.38144881684, 0.23891994325, 0.059294538865, 0.43508161687, 0.51895796394, 0.91686970434, 0.25832275651, 0.33961716082, 0.95487906374, 0.3021404716, 1.0928606571, 0.40538567552, 0.6439872257, 0.43894400024, 0.38582353843, 0.40344802014, 0.56361393425, 0.79819984102, 0.33544556783, 0.3297208546, 1.0026096495, 0.77865148894, 0.44786296569, 0.42458555481, 0.48687954574, 0.36096370726, 0.54432678672, 0.16900524179, 0.16063242816, 1.1389426141, 0.78082085978, 1.4187445292, 0.90841837181, 0.65185320014, 1.3253800575, 0.29591947024, 0.31114863722, 0.46569922522, 0.027112830051, 1.3310505428, 0.5141269642, 2.9961487956, 0.27683469988, 2.0359031973, 0.17422020142]
    ],
    [
      [0.52819204233, 0.56356959714, 0.23514228665, 0.3238536034, 0.079406374561, 0.1817072042, 0, 0.089221905998, 0.18542539974, 0.20811809207, 0.10504346874, 0.1975552564, 0.25773544472, 0.15394193608, 0.39920584507, 0.070250027869, 0.17355531442, 0.16589521404, 0.26931647461, 0.15314246451, 0.30724562059, 0.62226165657, 0.29478671111, 0.26380405615, 0.15759362186, 0.30833551532, 0.39713161257, 0.25803227551, 0.22091125687, 0.25762439782, 0.16228154316, 0.049800433423, 0.029187120047, 0.41662725337, 0.16614533317, 0.80392435371, 0.16754982485, 0.043025368755, 0.17397001974, 0.28194070429, 0.08344366439, 0.27099581592, 0.063836850038, 0.76458534622, 0.56636160939, 1.015205589, 0.26699053236, 0.72388257681, 0.070214936927],
      [40.2289890556, 48.8262255361, 27.3295708764, 19.0925218595, 17.2681148749, 16.5002534937, 0, 6.270219058, 19.9766154854, 28.5303986048, 21.5678629055, 21.494914514, 27.7702219546, 19.9972275783, 53.9289039127, 14.0339207913, 25.7951566812, 18.3937138363, 24.4632502928, 15.8070899371, 29.6475047954, 41.5917691006, 22.3674248494, 29.9646782485, 14.4497135062, 33.8243284763, 50.187269059, 31.8323002704, 26.7846405591, 25.6384020909, 28.677664221, 10.1661710622, 6.7100839785, 42.4288119305, 34.6626897867, 81.0517405249, 25.7078301576, 6.1475756126, 16.7492293467, 20.4111059058, 9.5122100113, 41.2908410635, 12.7267589801, 56.9983092609, 55.610275704, 115.5044206984, 27.8482476405, 53.709999323, 3.9162735549],
      [9.5574811204, 8.5936120236, 5.1475675324, 5.2123558101, 2.4734587461, 5.2532346159, 0, 2.4106429675, 6.3078140819, 5.0895349619, 3.6093054102, 4.1469433754, 4.4401190824, 3.7641909037, 11.3823021793, 2.0987085391, 4.6529966008, 4.4838318568, 6.2902589801, 1.6935065728, 6.4363191171, 7.6617017496, 2.4615161892, 4.6602747157, 1.9060717083, 6.5481037728, 8.354329425, 7.5381798435, 4.387914574, 3.8959110916, 4.2045197698, 1.4730034753, 1.3567154422, 6.4438443221, 6.3046762956, 13.7766553581, 3.6141821772, 1.3292775079, 3.1555322341, 5.5072002931, 2.3924041733, 6.6090180144, 1.7871830844, 9.7211824928, 16.2317787836, 28.8590961514, 5.7594455142, 9.3301949447, 0.91806695204],
      [10.6853377816, 19.0165928431, 5.2877193045, 4.371268727, 4.1790200044, 4.0648046862, 0, 3.2299160685, 5.530145033, 12.1719483413, 5.7177882156, 4.1605868543, 7.5319235183, 5.0846395819, 14.2895880629, 2.7971206417, 7.3782914035, 4.9565590928, 5.9771742524, 6.3462610256, 5.6089304669, 10.1242674932, 4.8762722503, 7.1112429797, 5.4866211636, 9.3192322356, 9.0612699034, 8.3714876105, 6.60653361, 7.2080624197, 5.9555344661, 2.3110250291, 1.9040134592, 11.710716494, 8.8664885845, 19.3676797633, 6.5104378403, 2.4801215108, 5.9212683995, 5.7997530968, 3.0119421511, 15.8291451061, 2.4222210855, 28.5159229001, 20.591583903, 30.6212775612, 7.125316313, 20.2359231555, 1.0954445562]
    ],
    [
      [2.1438667739, 2.5745204751, 1.6053672431, 1.6416560119, 0.54451865803, 0.824676077, 0.16189972582, 1.5574473623, 1.4471110352, 1.285972318, 0.41086163487, 0.9188506184, 1.6436227219, 0.42838404553, 1.8633194014, 0.66008879597, 1.272264314, 0.93826944708, 0.74322716756, 1.0287669066, 1.4436928593, 2.6409384262, 1.4789003787, 0.80098872736, 1.6023620518, 1.6601999227, 1.8808680599, 1.0329064818, 1.2567117913, 1.2029153896, 0.87613689897, 0.20055955896, 0.26728113114, 1.8106013167, 0.76334586871, 3.8279692376, 1.5340575571, 0.59634817012, 1.8532755691, 1.0227091362, 0.82645683184, 0.64317899308, 0.16418527455, 2.9942128326, 1.0856502631, 5.3101586919, 0.50654360089, 5.2948190754, 0.42864728742],
      [17.0440857411, 23.3076696676, 19.4692656982, 10.0711499342, 12.3578993079, 7.7982088571, 1.5889244929, 11.400259546, 16.2951258283, 18.4275485817, 8.8016061063, 10.4287667722, 18.5177501999, 5.8040595675, 26.3352916744, 13.7690667095, 19.7582871539, 10.8638657839, 7.0491141309, 11.0479060311, 14.5490952448, 18.433033984, 11.6789471514, 9.4899128674, 15.3412929748, 19.0357251134, 24.8340230677, 13.3040313308, 15.9149375521, 12.4899131508, 16.1855698606, 4.2606969846, 6.4035661737, 19.2819539495, 16.6559099104, 40.3764172633, 24.6163968676, 8.8962562884, 18.6662279155, 7.726720529, 9.8209827267, 10.2262475913, 3.3638787578, 23.3173126555, 11.131043248, 63.2563317887, 5.5083094764, 41.1114733935, 2.4878115397],
      [23.8046397638, 24.0831640773, 21.5894377148, 16.2499607953, 10.4542778171, 14.6831790798, 3.6816423613, 25.8869028484, 30.2688132776, 19.3366200878, 8.7245575451, 11.8664591331, 17.3924503603, 6.462856321, 32.6205938733, 12.1422701853, 20.9715298282, 15.6088462133, 10.6846785548, 7.0038095708, 18.5701837426, 19.9519088279, 7.5886055635, 8.7149928691, 11.9056349886, 21.660564653, 24.3113971244, 18.5658784931, 15.3540097608, 11.2013577944, 13.9615384566, 3.6831849685, 7.7273023811, 17.1937459767, 17.8088923212, 40.2451181486, 20.3296830836, 11.3477669276, 20.64526139, 12.3113553342, 14.612427425, 9.6623843746, 2.9054245655, 23.362216145, 19.1351998709, 92.569319862, 6.7385764753, 41.8725442396, 3.4720981683],
      [4.0074077213, 8.0346457801, 3.3359293439, 2.0372332586, 2.643304217, 1.6939359861, 0.56753342002, 5.1553902433, 3.9889498589, 6.9498590125, 2.0629747137, 1.7859234763, 4.4461767179, 1.3047000659, 6.180795051, 2.4285743092, 4.997918704, 2.5890185557, 1.5229801467, 3.9195174915, 2.4370281533, 3.974118762, 2.2535469064, 1.9941055361, 5.1507099849, 4.6435103109, 3.973711748, 3.0971836943, 3.4743408959, 3.1058136651, 2.9767547839, 0.85555848789, 1.601850314, 4.7136987571, 3.7718518997, 8.5504953505, 5.5198624917, 3.1596286139, 5.8352351253, 1.9392150006, 2.7401330164, 3.468189041, 0.5665114022, 10.3262583669, 3.648106618, 14.8641896574, 1.2465704474, 13.7211632915, 0.61144300453]
    ]
  ],
  "prob": [
    [0.30852264742, 0.52010377249, 0.12102313165, 0.050350448431],
    [0.012785783922, 0.88529171754, 0.0067105369553, 0.095211961587],
    [0.0052549018682, 0.10279523999, 0.8901688355, 0.0017810226479],
    [0.0063654983579, 0.67030642887, 0.13157830877, 0.191749764],
    [0.036366929349, 0.40116537064, 0.46070088135, 0.10176681866]
  ],
  "iterations": 190,
  "time": 0.054497,
  "message": "Converged",
  "status": 0,
  "miniter": 0,
  "maxiter": 1000,
  "maxtime": 3600,
  "param_threshold": 0.001,
  "ll_threshold": "-Inf",
  "initial_prob": "random",
  "adjust_prob_cond_method": "",
  "adjust_prob_cond_every": true,
  "candidates_id": ["STEEDMAN, Geoffrey.c", "LITTLE, Andrew James.c", "YOUNG, Jonathan Edgar Joseph.c", "Other candidates votes.c"],
  "group_id": ["Green Party.p", "Labour Party.p", "National Party.p", "New Zealand First Party.p", "Other parties votes.p"]
}
