{
  "X": [
    [0, 7, 7, 3],
    [24, 410, 275, 19],
    [23, 378, 394, 32],
    [26, 242, 358, 27],
    [4, 49, 80, 7],
    [18, 210, 373, 25],
    [2, 33, 32, 1],
    [0, 6, 4, 0],
    [0, 4, 9, 1],
    [1, 7, 6, 0],
    [10, 161, 346, 13],
    [20, 193, 326, 31],
    [7, 94, 180, 12],
    [27, 212, 431, 28],
    [31, 840, 411, 75],
    [20, 737, 410, 43],
    [26, 602, 305, 45],
    [28, 516, 199, 33],
    [0, 8, 8, 2],
    [0, 9, 8, 1],
    [14, 87, 164, 20],
    [24, 355, 731, 43],
    [37, 235, 560, 32],
    [75, 576, 680, 89],
    [46, 482, 451, 64],
    [11, 44, 50, 5],
    [2, 44, 33, 1],
    [3, 6, 14, 1],
    [4, 57, 62, 6],
    [8, 63, 98, 10],
    [18, 571, 698, 76],
    [40, 494, 528, 88],
    [80, 905, 794, 140],
    [22, 277, 233, 50],
    [27, 437, 440, 52],
    [15, 169, 151, 23],
    [26, 324, 216, 42],
    [14, 349, 229, 36],
    [50, 748, 678, 68],
    [8, 197, 193, 21],
    [17, 208, 367, 19],
    [10, 117, 85, 8],
    [1, 33, 65, 2],
    [10, 77, 84, 14],
    [23, 169, 108, 14],
    [27, 159, 281, 15],
    [38, 593, 540, 74],
    [0, 2, 3, 0],
    [6, 72, 88, 7],
    [3, 29, 48, 3],
    [21, 201, 251, 17],
    [1, 18, 25, 0],
    [91, 2147, 2201, 260],
    [6, 46, 90, 15],
    [22, 200, 240, 27],
    [120, 863, 1053, 117],
    [10, 73, 93, 6]
  ],
  "W": [
    [1, 0, 1, 10, 2, 3],
    [12, 58, 232, 340, 56, 30],
    [12, 54, 215, 475, 57, 14],
    [17, 50, 116, 410, 43, 17],
    [3, 12, 34, 84, 6, 1],
    [8, 38, 108, 428, 31, 13],
    [0, 7, 16, 38, 4, 3],
    [0, 2, 1, 5, 1, 1],
    [1, 4, 0, 8, 0, 1],
    [1, 2, 4, 6, 1, 0],
    [8, 36, 64, 386, 23, 13],
    [21, 87, 54, 370, 22, 16],
    [8, 21, 37, 199, 19, 9],
    [24, 49, 91, 489, 26, 19],
    [33, 88, 457, 630, 112, 37],
    [33, 71, 353, 632, 93, 28],
    [19, 84, 295, 496, 63, 21],
    [22, 74, 248, 346, 59, 27],
    [3, 1, 4, 8, 1, 1],
    [1, 1, 7, 8, 0, 1],
    [5, 27, 37, 189, 14, 13],
    [20, 62, 164, 826, 58, 23],
    [31, 74, 93, 616, 30, 20],
    [91, 172, 298, 730, 77, 52],
    [34, 95, 288, 529, 66, 31],
    [4, 9, 31, 56, 3, 7],
    [1, 6, 28, 37, 5, 3],
    [0, 4, 3, 15, 1, 1],
    [0, 9, 31, 75, 5, 9],
    [5, 8, 25, 134, 5, 2],
    [52, 93, 259, 855, 70, 34],
    [54, 90, 267, 636, 71, 32],
    [92, 176, 479, 991, 128, 53],
    [34, 51, 127, 298, 56, 16],
    [50, 73, 216, 544, 49, 24],
    [18, 29, 93, 187, 19, 12],
    [25, 48, 221, 256, 43, 15],
    [16, 47, 204, 307, 37, 17],
    [48, 122, 395, 849, 81, 49],
    [8, 31, 120, 231, 21, 8],
    [24, 50, 87, 423, 18, 9],
    [9, 25, 49, 120, 9, 8],
    [2, 10, 18, 64, 3, 4],
    [4, 19, 42, 101, 12, 7],
    [9, 70, 78, 134, 16, 7],
    [20, 55, 74, 297, 23, 13],
    [51, 114, 298, 658, 92, 32],
    [0, 0, 2, 3, 0, 0],
    [2, 14, 39, 107, 8, 3],
    [3, 7, 14, 50, 4, 5],
    [9, 46, 110, 290, 24, 11],
    [0, 3, 3, 36, 1, 1],
    [136, 312, 1190, 2604, 319, 138],
    [8, 14, 20, 108, 5, 2],
    [15, 53, 121, 250, 31, 19],
    [58, 231, 450, 1244, 94, 76],
    [5, 30, 21, 115, 4, 7]
  ],
  "method": "mcmc",
  "mcmc_stepsize": 3000,
  "mcmc_samples": 1000,
  "burn_in": 10000,
  "cond_prob": [
    [
      [0, 0.49531890668, 0.38936429604, 0.11531679728],
      [0, 0, 0, 0],
      [0, 0.47932109994, 0.36358257158, 0.15709632849],
      [0, 0.41658067479, 0.43528541923, 0.14813390598],
      [0, 0.41905596183, 0.42638772539, 0.15455631278],
      [0, 0.34048044061, 0.34714116309, 0.3123783963]
    ],
    [
      [0.16666683769, 0.50000051308, 0.33333264923, 7.0784125165e-13],
      [0.051724102547, 0.56896565878, 0.36206882398, 0.017241414695],
      [0.030172449178, 0.56896554378, 0.37499995577, 0.025862051273],
      [0.032352898923, 0.56470582803, 0.37941184318, 0.023529429873],
      [0.017857179506, 0.55357135528, 0.41071435901, 0.017857106209],
      [1.3682154127e-07, 0.53333340174, 0.36666652984, 0.099999931589]
    ],
    [
      [0.16666666666, 0.41666666671, 0.41666666662, 9.8190941609e-12],
      [0.037037037042, 0.46296296299, 0.46296296294, 0.037037037025],
      [0.023255813951, 0.46046511631, 0.47906976741, 0.037209302332],
      [0.027368421051, 0.45684210524, 0.47789473686, 0.037894736841],
      [0.017543859661, 0.45614035085, 0.49122807019, 0.035087719293],
      [2.9954315686e-11, 0.42857142867, 0.42857142845, 0.14285714285]
    ],
    [
      [0.11764705882, 0.35294117647, 0.52941176468, 2.7956166848e-11],
      [0.060000000007, 0.35999999998, 0.54000000001, 0.039999999997],
      [0.034482758622, 0.38793103449, 0.54310344827, 0.034482758618],
      [0.039024390243, 0.37073170731, 0.5512195122, 0.039024390244],
      [0.023255813951, 0.3488372093, 0.55813953489, 0.069767441862],
      [2.7396456494e-12, 0.35294117653, 0.52941176465, 0.11764705882]
    ],
    [
      [0.18401186718, 0.22664686709, 0.55526739447, 0.034073871263],
      [0.042346120366, 0.35374584138, 0.58368716006, 0.020220878193],
      [0.020659027838, 0.39125484174, 0.54846012859, 0.03962600183],
      [0.025127062038, 0.33872378393, 0.5882540349, 0.047895119133],
      [0.019767248699, 0.34997281163, 0.50932500669, 0.12093493298],
      [0.0081273042271, 0.2198099634, 0.21301855179, 0.55904418058]
    ],
    [
      [0.24999412415, 0.24998847454, 0.50001740111, 2.0457361304e-10],
      [0.026319548038, 0.36841876848, 0.57894475213, 0.026316931345],
      [0.027777309031, 0.34259483568, 0.59258951257, 0.037038342719],
      [0.028037053701, 0.33411149062, 0.59813236176, 0.039719093922],
      [3.091018768e-06, 0.32258204503, 0.64515382495, 0.032261039001],
      [1.7975570046e-11, 0.30770579742, 0.53845180364, 0.15384239891]
    ],
    [
      [0, 0, 0, 0],
      [0.049657203632, 0.4243776351, 0.51376535288, 0.012199808384],
      [0.027612465485, 0.52103496626, 0.42984770078, 0.021504867474],
      [0.029198250702, 0.4841004516, 0.47618261685, 0.010518680843],
      [0.012857925825, 0.49482147436, 0.47889475917, 0.013425840646],
      [0.016544965617, 0.43923134529, 0.50518694673, 0.039036742367]
    ],
    [
      [0, 0, 0, 0],
      [0, 0.63340696705, 0.36659303295, 0],
      [0, 0.64130429721, 0.35869570279, 0],
      [0, 0.58278837284, 0.41721162716, 0],
      [0, 0.5974706253, 0.4025293747, 0],
      [0, 0.58046927922, 0.41953072078, 0]
    ],
    [
      [0, 0.2930745279, 0.6445685349, 0.062356937201],
      [0, 0.30420655996, 0.63226564747, 0.063527792564],
      [0, 0, 0, 0],
      [0, 0.27800138059, 0.65955399026, 0.062444629149],
      [0, 0, 0, 0],
      [0, 0.26608818756, 0.5499369531, 0.18397485935]
    ],
    [
      [0.19202712688, 0.43714357277, 0.37082930034, 0],
      [0.08128581812, 0.48756642626, 0.43114775561, 0],
      [0.058849876597, 0.52816980341, 0.41298031999, 0],
      [0.060054924896, 0.48725167813, 0.45269339697, 0],
      [0.049672181112, 0.55153429227, 0.39879352662, 0],
      [0, 0, 0, 0]
    ],
    [
      [0.12499994402, 0.25000016676, 0.62499988854, 6.8016247793e-10],
      [0.027776925051, 0.33333592915, 0.63888628024, 8.6555491349e-07],
      [0.015625493872, 0.32812684328, 0.64062169623, 0.01562596662],
      [0.018134478597, 0.30310770598, 0.65544176021, 0.023316055207],
      [2.6318047808e-06, 0.2608761443, 0.69564425907, 0.043476964826],
      [2.3283280774e-06, 0.23077395524, 0.61538221874, 0.15384149768]
    ],
    [
      [0.047619047622, 0.33333333334, 0.57142857142, 0.047619047625],
      [0.057471264368, 0.33333333333, 0.56321839081, 0.045977011494],
      [0.037037037037, 0.37037037038, 0.55555555555, 0.037037037039],
      [0.032432432432, 0.33783783784, 0.57567567568, 0.054054054054],
      [2.2228290292e-12, 0.31818181818, 0.59090909091, 0.090909090906],
      [2.1009794853e-12, 0.31250000001, 0.56249999999, 0.125]
    ],
    [
      [0.24992095883, 0.24996649892, 0.5001039971, 8.5451560818e-06],
      [0.047617168526, 0.38091377368, 0.57143741781, 3.1639988608e-05],
      [4.9677338436e-05, 0.35132380809, 0.62161126096, 0.027015253614],
      [0.020093662589, 0.31659842569, 0.62310517958, 0.040202732146],
      [8.1386182933e-06, 0.31578103277, 0.63158020474, 0.052630623876],
      [4.4710841549e-06, 0.22213016972, 0.55571232981, 0.22215302939]
    ],
    [
      [0.125, 0.29166666667, 0.58333333333, 1.157379166e-13],
      [0.040816326531, 0.32653061224, 0.61224489796, 0.020408163265],
      [0.032967032967, 0.31868131868, 0.61538461538, 0.032967032967],
      [0.036809815951, 0.30265848671, 0.62167689162, 0.038854805726],
      [0.038461538462, 0.26923076923, 0.61538461538, 0.076923076923],
      [1.539908637e-13, 0.26315789474, 0.57894736842, 0.15789473684]
    ],
    [
      [0.090909090909, 0.60606060606, 0.27272727273, 0.030303030303],
      [0.022727272727, 0.63636363636, 0.29545454545, 0.045454545455],
      [0.021881838074, 0.62144420131, 0.30196936543, 0.054704595186],
      [0.022222222222, 0.61746031746, 0.30634920635, 0.053968253968],
      [0.017857142857, 0.61607142857, 0.30357142857, 0.0625],
      [6.0025828258e-17, 0.59459459459, 0.2972972973, 0.10810810811]
    ],
    [
      [0.030303030303, 0.60606082934, 0.33333307816, 0.0303030622],
      [0.028169014085, 0.60563369904, 0.33802827279, 0.028169014085],
      [0.016997179066, 0.61189807365, 0.33711041002, 0.033994337259],
      [0.015822779814, 0.60917719021, 0.34018990673, 0.034810123251],
      [0.010752676854, 0.60215056027, 0.34408601019, 0.043010752688],
      [1.0447585503e-18, 0.60714263159, 0.32142879698, 0.071428571429]
    ],
    [
      [0.15789473732, 0.57894736602, 0.26315789474, 1.9251271493e-09],
      [0.02380952381, 0.63095237954, 0.30952381094, 0.035714285714],
      [0.023728813683, 0.62033898299, 0.3118644065, 0.044067796827],
      [0.026209677346, 0.61491935517, 0.31451612894, 0.044354838544],
      [0.015873015728, 0.60317460347, 0.3174603176, 0.063492063202],
      [2.2240926364e-13, 0.57142857143, 0.28571428572, 0.14285714286]
    ],
    [
      [0.13636363636, 0.63636363636, 0.22727272728, 7.7037830962e-15],
      [0.04054054054, 0.67567567567, 0.24324324325, 0.04054054054],
      [0.032258064516, 0.66935483871, 0.25806451613, 0.040322580646],
      [0.034682080925, 0.66473988439, 0.26011560694, 0.040462427746],
      [0.033898305088, 0.66101694915, 0.27118644068, 0.033898305085],
      [1.0770794453e-12, 0.62962962964, 0.22222222222, 0.14814814814]
    ],
    [
      [0, 0.4497267709, 0.44943845689, 0.10083477221],
      [0, 0.43831975545, 0.46177093769, 0.099909306861],
      [0, 0.46225890089, 0.43294410338, 0.10479699574],
      [0, 0.44175588674, 0.45661488249, 0.10162923076],
      [0, 0.44444549778, 0.42541225962, 0.1301422426],
      [0, 0.38497173658, 0.37980595856, 0.23522230486]
    ],
    [
      [0, 0.48076863578, 0.4746960432, 0.044535321014],
      [0, 0.5051467429, 0.45033799973, 0.044515257367],
      [0, 0.51508318643, 0.43577146035, 0.049145353222],
      [0, 0.49446706591, 0.4515265688, 0.054006365288],
      [0, 0, 0, 0],
      [0, 0.45276578903, 0.41235318421, 0.13488102676]
    ],
    [
      [0.39997877299, 0.2000020846, 0.40000037958, 1.8762827492e-05],
      [0.074076746394, 0.33333092865, 0.55555333751, 0.037038987444],
      [0.027028005284, 0.3513495909, 0.56756571161, 0.054056692203],
      [0.047618681654, 0.30158812207, 0.58201157778, 0.068781618499],
      [3.88956573e-06, 0.28570866391, 0.64285370939, 0.071433737138],
      [9.6156864388e-07, 0.2307725596, 0.53846050213, 0.2307659767]
    ],
    [
      [0.1, 0.3, 0.6, 4.9215784207e-19],
      [0.016129032258, 0.32258064516, 0.62903225806, 0.032258064516],
      [0.018292682927, 0.31097560976, 0.63414634146, 0.036585365854],
      [0.020581113801, 0.30750605327, 0.63559322034, 0.036319612591],
      [0.01724137931, 0.29310344828, 0.63793103448, 0.051724137931],
      [1.5943993551e-16, 0.30434782609, 0.60869565217, 0.086956521739]
    ],
    [
      [0.064516129042, 0.25806451618, 0.64516129028, 0.032258064507],
      [0.067567567568, 0.2702702703, 0.63513513509, 0.027027027039],
      [0.03225806451, 0.29032258061, 0.64516129037, 0.03225806451],
      [0.042207792206, 0.2711038961, 0.65097402598, 0.035714285714],
      [0.033333333343, 0.26666666669, 0.66666666662, 0.033333333352],
      [5.7368103871e-11, 0.25, 0.59999999996, 0.14999999999]
    ],
    [
      [0.076923076923, 0.3956043956, 0.47252747253, 0.054945054945],
      [0.052325581395, 0.41279069767, 0.47674418605, 0.058139534884],
      [0.05033557047, 0.40604026846, 0.48322147651, 0.060402684564],
      [0.052054794521, 0.40547945205, 0.48082191781, 0.061643835616],
      [0.051948051948, 0.4025974026, 0.46753246753, 0.077922077922],
      [0.038461538462, 0.40384615385, 0.46153846154, 0.096153846154]
    ],
    [
      [0.088235294118, 0.44117647059, 0.41176470588, 0.058823529412],
      [0.052631578947, 0.46315789474, 0.43157894737, 0.052631578947],
      [0.041666666667, 0.46875, 0.43055555556, 0.059027777778],
      [0.04347826087, 0.46124763705, 0.4347826087, 0.060491493384],
      [0.030303030303, 0.45454545455, 0.43939393939, 0.075757575758],
      [0.032258064516, 0.45161290323, 0.41935483871, 0.096774193548]
    ],
    [
      [0.48766230938, 0.2536749163, 0.25769013931, 0.00097263500863],
      [0.11168063749, 0.43754487074, 0.44772567108, 0.0030488206995],
      [0.096802390643, 0.42060456031, 0.44842462248, 0.034168426565],
      [0.089205437599, 0.41037762777, 0.46472138739, 0.035695547243],
      [0.0017360964609, 0.34368147378, 0.64841865841, 0.0061637713495],
      [0.0060911600337, 0.2852090789, 0.43841306242, 0.27028669864]
    ],
    [
      [0.067424276321, 0.49131621856, 0.4329354648, 0.0083240403129],
      [0.030660482261, 0.53074686612, 0.43119400149, 0.0073986501328],
      [0.027981305853, 0.56963622025, 0.39215608499, 0.010226388907],
      [0.022516317575, 0.53818752511, 0.42802026731, 0.011275889999],
      [0.019561991658, 0.54324562081, 0.41399558028, 0.023196807256],
      [0.011407519224, 0.5817406282, 0.36426745149, 0.042584401087]
    ],
    [
      [0, 0, 0, 0],
      [0.16844136993, 0.25492008193, 0.53524265514, 0.041395892992],
      [0.1232020166, 0.2398564678, 0.59424754656, 0.042693969049],
      [0.12268207886, 0.24788653105, 0.59246342066, 0.036967969429],
      [0.07201994039, 0.29615207936, 0.57494017346, 0.05688780679],
      [0.044377347157, 0.24630022382, 0.61439525637, 0.094927172655]
    ],
    [
      [0, 0, 0, 0],
      [0.15594813106, 0.38281832124, 0.4172193569, 0.044014190799],
      [0.0063879201194, 0.49794162522, 0.46289266429, 0.032777790371],
      [0.030516551994, 0.43762137326, 0.49553814331, 0.036323931437],
      [0.01515350219, 0.41602626115, 0.54408691085, 0.024733325808],
      [0.0037702651392, 0.35741226962, 0.44550643252, 0.19331103272]
    ],
    [
      [0.37408953405, 0.21043444157, 0.4087780652, 0.006697959177],
      [0.010505783965, 0.48690076305, 0.49961302927, 0.0029804237126],
      [0.041092692592, 0.39623475674, 0.51667769888, 0.045994851786],
      [0.037337281973, 0.35055863219, 0.56055239929, 0.051551686549],
      [0.0028203786784, 0.211061155, 0.59411995686, 0.19199850946],
      [0.00044553267997, 0.058295140315, 0.47882083958, 0.46243848743]
    ],
    [
      [0.057692307692, 0.40384615385, 0.5, 0.038461538462],
      [0.010752688172, 0.43010752688, 0.50537634409, 0.05376344086],
      [0.011583011583, 0.42084942085, 0.51351351351, 0.054054054054],
      [0.012865497076, 0.41871345029, 0.5134502924, 0.054970760234],
      [1.0306358735e-20, 0.41428571429, 0.51428571429, 0.071428571429],
      [1.0637268204e-20, 0.41176470588, 0.5, 0.088235294118]
    ],
    [
      [0.055555555556, 0.42592592593, 0.44444444444, 0.074074074074],
      [0.033333333333, 0.44444444444, 0.45555555556, 0.066666666667],
      [0.033707865169, 0.43071161049, 0.4606741573, 0.074906367041],
      [0.034591194969, 0.42924528302, 0.4606918239, 0.075471698113],
      [0.028169014085, 0.42253521127, 0.46478873239, 0.084507042254],
      [0.03125, 0.40625, 0.4375, 0.125]
    ],
    [
      [0.054347826087, 0.46739130435, 0.41304347826, 0.065217391304],
      [0.045454545455, 0.47727272727, 0.40909090909, 0.068181818182],
      [0.039665970772, 0.4739039666, 0.41544885177, 0.070981210856],
      [0.04137235116, 0.47124117053, 0.41473259334, 0.072653884965],
      [0.0390625, 0.46875, 0.4140625, 0.078125],
      [0.037735849057, 0.45283018868, 0.39622641509, 0.11320754717]
    ],
    [
      [0.088235294109, 0.47058823531, 0.38235294116, 0.058823529425],
      [0.039215686312, 0.49019607849, 0.39215686267, 0.078431372531],
      [0.031496062991, 0.4881889764, 0.40157480311, 0.078740157493],
      [0.036912751673, 0.47315436241, 0.40604026847, 0.08389261744],
      [0.035714285708, 0.4642857142, 0.39285714294, 0.10714285716],
      [2.3363841604e-11, 0.43749999994, 0.37499999998, 0.18750000006]
    ],
    [
      [0.06, 0.44, 0.46, 0.04],
      [0.027397260274, 0.47945205479, 0.45205479452, 0.041095890411],
      [0.027777777778, 0.46296296296, 0.45833333333, 0.050925925926],
      [0.027573529412, 0.45588235294, 0.46323529412, 0.053308823529],
      [0.020408163265, 0.44897959184, 0.44897959184, 0.081632653061],
      [2.3452986566e-17, 0.41666666667, 0.45833333333, 0.125]
    ],
    [
      [0.11111034707, 0.44443986021, 0.38889500132, 0.055554791399],
      [0.10344827524, 0.44827870556, 0.41379026025, 0.034482758949],
      [0.032258212537, 0.49462276947, 0.41935528171, 0.053763736285],
      [0.037433081364, 0.47593627018, 0.42245952554, 0.064171122919],
      [7.2486392312e-07, 0.42105190694, 0.473684933, 0.1052624352],
      [1.4260750074e-09, 0.41666781159, 0.41666551896, 0.16666666802]
    ],
    [
      [0.12, 0.51999999999, 0.32000000001, 0.04],
      [0.0625, 0.52083333334, 0.35416666666, 0.062499999999],
      [0.040723981901, 0.53846153846, 0.35294117647, 0.067873303167],
      [0.039062499999, 0.5390625, 0.35546875, 0.06640625],
      [0.023255813955, 0.51162790698, 0.39534883721, 0.069767441861],
      [1.3339048214e-14, 0.46666666667, 0.33333333333, 0.2]
    ],
    [
      [0.18749999949, 0.50000000013, 0.3125000002, 1.7309133188e-10],
      [0.021276595799, 0.57446808478, 0.36170212787, 0.042553191558],
      [0.019607843191, 0.56372549024, 0.36274509792, 0.053921568653],
      [0.019543973906, 0.55374592841, 0.37133550496, 0.055374592721],
      [1.4600380044e-10, 0.54054054015, 0.35135135135, 0.10810810836],
      [1.2728413094e-12, 0.52941176453, 0.35294117582, 0.11764705965]
    ],
    [
      [0.041666666667, 0.47916666667, 0.4375, 0.041666666667],
      [0.040983606557, 0.48360655738, 0.43442622951, 0.040983606557],
      [0.032911392405, 0.48607594937, 0.43797468354, 0.043037974684],
      [0.031802120141, 0.48527679623, 0.43934040047, 0.043580683157],
      [0.024691358025, 0.48148148148, 0.45679012346, 0.037037037037],
      [0.020408163265, 0.4693877551, 0.42857142857, 0.081632653061]
    ],
    [
      [0.24992263451, 0.37515398137, 0.37492304807, 3.3605950468e-07],
      [7.3657796318e-08, 0.51620841697, 0.45151361811, 0.032277891265],
      [0.016661556557, 0.47497953592, 0.45835891687, 0.049999990658],
      [0.017318662468, 0.4718481446, 0.46321682665, 0.04761636628],
      [1.1510063992e-07, 0.42868842324, 0.52363357209, 0.047677889566],
      [7.7050812898e-05, 0.37492307784, 0.37515393239, 0.24984593896]
    ],
    [
      [0.083333333335, 0.33333333332, 0.5833333333, 4.3044809048e-11],
      [0.039999999996, 0.33999999997, 0.60000000002, 0.02000000001],
      [0.022988505753, 0.34482758626, 0.60919540224, 0.022988505748],
      [0.026004728131, 0.34042553191, 0.60283687945, 0.030732860516],
      [1.5768979414e-12, 0.33333333337, 0.5555555555, 0.11111111113],
      [1.1394252233e-11, 0.33333333338, 0.5555555555, 0.11111111111]
    ],
    [
      [0.22153024573, 0.44479661522, 0.33363610111, 3.7037941739e-05],
      [0.040253897595, 0.59975158822, 0.35998638129, 8.1328970309e-06],
      [0.04086473468, 0.55126038155, 0.38751856394, 0.020356319836],
      [0.041640994891, 0.524879166, 0.40009799459, 0.033381844521],
      [3.4228716276e-05, 0.4454814011, 0.33235579205, 0.22212857814],
      [3.5112991359e-05, 0.4995561915, 0.37578055572, 0.12462813979]
    ],
    [
      [0.023105580768, 0.31897078705, 0.64793156645, 0.0099920657357],
      [0.013672877554, 0.34456934032, 0.63023040572, 0.011527376409],
      [0.0073031394627, 0.36787695793, 0.61313216051, 0.011687742093],
      [0.010503749994, 0.32507302573, 0.6411545257, 0.02326869857],
      [0.0029864670083, 0.27938569081, 0.697632672, 0.019995170188],
      [0.001101037992, 0.16293726518, 0.80966656491, 0.026295131926]
    ],
    [
      [0.49597126734, 0.25262756961, 0.25136195836, 3.9204695665e-05],
      [0.0532719741, 0.47302465949, 0.4214119281, 0.052291438305],
      [0.04764788865, 0.4291935278, 0.45202662876, 0.071131954794],
      [0.049452648709, 0.42529068647, 0.45580067044, 0.069455994386],
      [0.00062781489244, 0.33527375963, 0.58002704338, 0.084071382089],
      [6.9257300919e-05, 0.28546408213, 0.42948784143, 0.28497881914]
    ],
    [
      [0.22222230367, 0.44444445746, 0.33333323097, 7.9020529334e-09],
      [0.085714255076, 0.52857143216, 0.34285720256, 0.04285711021],
      [0.064102612481, 0.56410247074, 0.33333335804, 0.038461558742],
      [0.067164156072, 0.5447761698, 0.35074623326, 0.037313440864],
      [0.062500036858, 0.49999993347, 0.37499997222, 0.062500057461],
      [1.9264878208e-08, 0.42857160358, 0.28571428614, 0.28571409101]
    ],
    [
      [0.14999997971, 0.30000002221, 0.54999999603, 2.0534439521e-09],
      [0.054545466078, 0.34545455709, 0.58181815865, 0.018181818183],
      [0.054054043946, 0.33783784056, 0.58108108787, 0.027027027623],
      [0.053872054351, 0.32996632741, 0.58585858975, 0.03030302849],
      [0.043478256176, 0.30434779829, 0.60869568845, 0.043478257084],
      [3.7324249963e-08, 0.30769231643, 0.53846145085, 0.1538461954]
    ],
    [
      [0.039215686275, 0.47058823529, 0.43137254902, 0.058823529412],
      [0.043859649123, 0.47368421053, 0.4298245614, 0.052631578947],
      [0.030201342282, 0.47986577181, 0.43288590604, 0.057046979866],
      [0.030395136778, 0.47720364742, 0.43313069909, 0.059270516717],
      [0.021739130435, 0.46739130435, 0.45652173913, 0.054347826087],
      [4.6171844402e-20, 0.46875, 0.40625, 0.125]
    ],
    [
      [0, 0, 0, 0],
      [0, 0, 0, 0],
      [0, 0.41559379896, 0.58440620104, 0],
      [0, 0.38960413403, 0.61039586597, 0],
      [0, 0, 0, 0],
      [0, 0, 0, 0]
    ],
    [
      [0.36064463904, 0.14688070932, 0.48149973284, 0.010974918796],
      [0.054978164729, 0.41826887426, 0.52169354618, 0.0050594148318],
      [0.023068051446, 0.46659994828, 0.47823440512, 0.032097595154],
      [0.031974741821, 0.40414970375, 0.52569474867, 0.038180805757],
      [0.02314997248, 0.38336231906, 0.49367113264, 0.099816575819],
      [0.00095508488976, 0.44738650166, 0.29448063973, 0.25717777372]
    ],
    [
      [0.13670652771, 0.44210597309, 0.40275761245, 0.018429886754],
      [0.084939340379, 0.34749449938, 0.55589596614, 0.01167019411],
      [0.023187727065, 0.42235529805, 0.52949394015, 0.024963034744],
      [0.027981086899, 0.33295808285, 0.61250491446, 0.026555915789],
      [0.039024831377, 0.29646670588, 0.62078802231, 0.043720440432],
      [0.023104636967, 0.29889508928, 0.47582848508, 0.20217178867]
    ],
    [
      [0.22222220289, 0.33333337402, 0.44444440976, 1.3331809078e-08],
      [0.043478260252, 0.43478257666, 0.50000003124, 0.021739131851],
      [0.036363637846, 0.42727272925, 0.50909089931, 0.027272733594],
      [0.041379310093, 0.40689655287, 0.51724138071, 0.034482756321],
      [0.041666670627, 0.37499999434, 0.54166666507, 0.041666669964],
      [1.5751179755e-09, 0.36363642667, 0.45454541655, 0.18181815521]
    ],
    [
      [0, 0, 0, 0],
      [0.030303031034, 0.40853267354, 0.56116429543, 0],
      [0.020808856593, 0.44184131343, 0.53734982998, 0],
      [0.022801441647, 0.40545633692, 0.57174222143, 0],
      [0.01613081172, 0.40766237632, 0.57620681196, 0],
      [0.0096816261097, 0.44478753368, 0.54553084021, 0]
    ],
    [
      [0.029411764706, 0.45588235294, 0.46323529412, 0.051470588235],
      [0.019230769231, 0.45833333333, 0.46794871795, 0.054487179487],
      [0.019327731092, 0.45798319328, 0.46806722689, 0.054621848739],
      [0.019201228879, 0.45660522273, 0.46889400922, 0.055299539171],
      [0.018808777429, 0.45454545455, 0.47021943574, 0.056426332288],
      [0.014492753623, 0.45652173913, 0.46376811594, 0.065217391304]
    ],
    [
      [0.22854510085, 0.25004528453, 0.50115661883, 0.020252995792],
      [0.013263674662, 0.3577666199, 0.54977357952, 0.079196125919],
      [0.0019239881422, 0.34031801782, 0.60105413088, 0.056703863157],
      [0.03646435895, 0.28737009806, 0.58500000719, 0.091165535796],
      [0.001564779649, 0.22147347248, 0.41770118395, 0.35926056393],
      [0.00074666011943, 0.020603367888, 0.50216381099, 0.476486161]
    ],
    [
      [0.13333333433, 0.40000000044, 0.46666666501, 2.1940534756e-10],
      [0.056603773204, 0.41509433862, 0.49056603931, 0.03773584887],
      [0.041322314109, 0.4214876033, 0.48760330606, 0.049586776537],
      [0.043999999968, 0.408, 0.49599999995, 0.052000000084],
      [0.032258064118, 0.38709677595, 0.48387096672, 0.096774193219],
      [9.6484673111e-10, 0.36842105229, 0.47368420807, 0.15789473868]
    ],
    [
      [0.068965517241, 0.39655172414, 0.48275862069, 0.051724137931],
      [0.056277056277, 0.40692640693, 0.48484848485, 0.051948051948],
      [0.055555555556, 0.40222222222, 0.48888888889, 0.053333333333],
      [0.055466237942, 0.40032154341, 0.49035369775, 0.0538585209],
      [0.053191489362, 0.39361702128, 0.48936170213, 0.063829787234],
      [0.052631578947, 0.39473684211, 0.48684210526, 0.065789473684]
    ],
    [
      [0.19864234359, 0.40262654877, 0.39845729107, 0.00027381656638],
      [0.067582575651, 0.43127950158, 0.50071611615, 0.00042180662038],
      [0.04793228155, 0.42793516185, 0.52277799682, 0.001354559776],
      [0.051784976676, 0.40052866061, 0.52160599312, 0.026080369596],
      [0.00087013779074, 0.24841083627, 0.50677889278, 0.24394013316],
      [0.0019971758759, 0.28677207065, 0.42801247816, 0.28321827531]
    ]
  ],
  "expected_outcome": [
    [
      [0, 2.0000020523, 1.9999999999, 2, 0.55203560154, 1.9999529932, 0, 0, 0, 0.19202712688, 0.99999955219, 1.0000000001, 1.9993676706, 3, 3, 1, 3.0000000091, 2.9999999999, 0, 0, 1.999893865, 2, 2.0000000003, 7, 3, 1.9506492375, 0.067424276321, 0, 0, 1.8704476703, 3, 3, 5, 2.9999999997, 3, 1.9999862473, 3, 2.9999999919, 2, 1.9993810761, 2, 1.9937722116, 0.046211161537, 1.9838850694, 2.000000733, 2.9999995943, 2, 0, 0.72128927808, 0.41011958313, 1.999999826, 0, 4, 1.8283608068, 2.000000015, 4, 0.99321171794],
      [0.49531890668, 6.000006157, 5.0000000005, 6, 0.67994060126, 1.9999077963, 0, 0, 0.2930745279, 0.43714357277, 2.000001334, 7.0000000001, 1.9997319914, 7, 20, 20.0000073681, 10.9999999543, 13.9999999999, 1.3491803127, 0.48076863578, 1.000010423, 6, 8.0000000014, 36, 15, 1.0146996652, 0.49131621856, 0, 0, 1.0521722079, 21, 23, 43, 16.0000000005, 22, 7.9999174837, 12.9999999997, 8.0000000021, 23, 3.0012318509, 7.9999999998, 4.003169537, 0.63794157409, 1.0105102784, 4.0000001171, 6.0000004441, 24, 0, 0.29376141865, 1.3263179193, 3.0000003662, 0, 62, 2.0003622762, 6.0000000066, 23, 2.0131327439],
      [0.38936429604, 3.9999917907, 4.9999999995, 8.9999999996, 1.6658021834, 4.0001392088, 0, 0, 0.6445685349, 0.37082930034, 4.9999991083, 11.9999999998, 4.0008319768, 14, 9, 10.9999915793, 5, 5.0000000002, 1.3483153707, 0.4746960432, 2.0000018979, 12, 19.9999999986, 43, 14, 1.0307605573, 0.4329354648, 0, 0, 2.043890326, 26, 24, 38, 12.9999999993, 23, 7.0001100238, 8.0000000003, 5.0000000032, 21, 2.9993843845, 13.9999999992, 3.0027249099, 1.2958631329, 1.0054478334, 2.9999990787, 10.9999999206, 22, 0, 0.96299946568, 1.2082728373, 3.9999996878, 0, 63, 4.0092529507, 6.9999999751, 28, 1.9922864554],
      [0.11531679728, 8.4940950198e-12, 1.1782912993e-10, 4.7525483642e-10, 0.10222161379, 1.6365889043e-09, 0, 0, 0.062356937201, 0, 5.4412998234e-09, 1.0000000001, 6.8361248655e-05, 2.7777099985e-12, 1, 1.0000010526, 3.6577415836e-08, 1.6948322812e-13, 0.30250431662, 0.044535321014, 9.3814137459e-05, 9.8431568415e-18, 0.99999999971, 5, 2, 0.0038905400345, 0.0083240403129, 0, 0, 0.033489795885, 2, 4, 6, 2.0000000004, 2, 0.99998624518, 1, 2.7694613101e-09, 2, 2.6884760374e-06, 1.0330754172e-09, 0.00033334147565, 0.019984131471, 0.00015681878266, 7.1118476401e-08, 4.1068879043e-08, 3, 0, 0.021949837592, 0.055289660261, 1.199862817e-07, 0, 7, 0.16202396633, 3.2910802134e-09, 3, 0.0013690828319]
    ],
    [
      [0, 2.9999979477, 2.0000000003, 3.0000000004, 0.5081534444, 1.0001428255, 0.34760042542, 0, 0, 0.16257163624, 0.99996930184, 5, 0.99996053906, 2, 2, 2, 2, 3, 0, 0, 2.0000721526, 1, 5, 9, 5, 1.0051257374, 0.18396289356, 0.67376547972, 1.4035331795, 0.084046271724, 1, 3, 8, 2.0000000019, 2, 2.999999982, 3, 1.0000000026, 5, 2.2833916859e-06, 1.9999999998, 1.0063474399, 0.13672877554, 1.0121675079, 5.9999978553, 3.0000006343, 5, 0, 0.76969430621, 0.59457538265, 1.9999999716, 0.090909093103, 6, 0.18569144527, 2.9999999798, 13, 2.0274772695],
      [0, 33.0000082092, 25.0000000014, 17.9999999992, 4.2449500966, 13.9999132023, 2.9706434457, 1.2668139341, 1.2168262398, 0.97513285253, 12.0000934494, 28.9999999996, 7.9991892473, 16, 56, 42.9999926319, 52.9999998812, 49.9999999999, 0.43831975545, 0.5051467429, 8.9999350736, 20, 20.0000000023, 71, 44, 3.9379038366, 3.1844811967, 1.0196803277, 3.4453648912, 3.8952061044, 40, 40, 84, 25.0000000028, 35, 13.0000824613, 25.0000000001, 26.9999999845, 59, 16.0024609261, 16.9999999986, 14.9937897054, 3.4456934032, 8.9874685303, 37.000000251, 19.0000006399, 54, 0, 5.8557642396, 2.4324614956, 19.9999985264, 1.2255980206, 143, 5.0087326785, 21.9999999469, 94, 12.9383850473],
      [0, 20.9999917907, 24.9999999989, 27.0000000006, 7.0042459207, 21.9999005811, 3.5963574702, 0.73318606591, 2.5290625899, 0.86229551123, 22.9999060888, 49.0000000004, 12.0001857739, 30, 26, 24.0000073681, 26.0000001188, 18.0000000002, 0.46177093769, 0.45033799973, 14.9999401128, 39, 46.9999999968, 82, 41, 4.0295310397, 2.5871640089, 2.1409706206, 3.7549742121, 3.9969042342, 47, 41, 72, 19.9999999961, 33, 11.9999175471, 16.9999999999, 17.0000000097, 53, 13.9969221613, 30.0000000011, 8.9996595323, 6.3023040572, 8.006826634, 24.0000041789, 31.9999987257, 49, 0, 7.3037096466, 3.8912717629, 23.0000014368, 1.6834928863, 146, 7.6968301133, 26.0000000832, 112, 15.0214834846],
      [0, 1.0000020523, 1.9999999993, 1.9999999998, 0.24265053832, 1.0000433911, 0.085398658685, 0, 0.25411117026, 0, 3.1159976886e-05, 4, 0.00066443976077, 1, 4, 2, 3, 2.9999999999, 0.099909306861, 0.044515257367, 1.000052661, 2, 2.0000000009, 10, 5, 0.027439386295, 0.044391900797, 0.16558357197, 0.39612771719, 0.023843389701, 5, 6, 12, 3.9999999991, 3, 1.0000000095, 3, 2.0000000032, 5, 1.0006146292, 1.0000000005, 0.00020332242577, 0.11527376409, 0.99353732779, 2.9999977147, 1.0000000001, 6, 0, 0.070831807645, 0.081691358772, 1.0000000651, 0, 17, 1.1087457629, 1.9999999901, 12, 0.012654198611]
    ],
    [
      [0, 7.0000082093, 4.9999999994, 4.0000000001, 0.70240694649, 2.9999493754, 0.44179944776, 0, 0, 0.23539950639, 1.0000316078, 2, 0.0018380615221, 3, 10, 6.0000042104, 7.0000000365, 8, 0, 0, 1.0000361955, 3, 2.9999999994, 15, 12, 3.0008741099, 0.78347656388, 0.36960604979, 0.1980255237, 1.0273173148, 3, 9, 19, 3.9999999998, 6, 3.0000137659, 9.0000000001, 4.0000000109, 13, 1.9993867869, 2.0000000005, 2.0023719993, 0.13145651033, 2.0012113233, 5.0000037735, 3.999999252, 9, 0, 0.89965400639, 0.3246281789, 4.0000001631, 0.06242656978, 23, 0.038479762844, 5.0000000072, 25, 1.0065779125],
      [0.47932109994, 132.000006157, 99.000000007, 45.0000000012, 13.3026646191, 37.0002422536, 8.3365594601, 0.64130429721, 0, 2.1126792136, 21.00011797, 20.0000000003, 12.9989808992, 29, 284, 216.0000199992, 182.9999999818, 166.0000000003, 1.8490356035, 3.605582305, 12.9999348634, 51, 26.9999999968, 121, 135, 13.0387413695, 15.9498141669, 0.71956940339, 15.4361903818, 9.9058689185, 109, 115, 227, 62.0000000033, 100, 45.9999175608, 119, 115.0000000087, 192, 56.9975443099, 30.0000000044, 27.0117586959, 6.6217852428, 18.0261281676, 43.9999927177, 25.0000002012, 143, 0.83118759791, 18.1973979829, 5.9129741726, 47.000000217, 1.3255239403, 545, 6.8063603564, 50.999999999, 181, 8.9866383989],
      [0.36358257158, 86.9999897384, 102.9999999921, 62.9999999989, 18.6476443721, 63.9996673573, 6.8775632126, 0.35869570279, 0, 1.65192128, 40.9997885585, 29.9999999996, 22.9996166555, 56, 138, 118.9999747378, 91.9999999177, 63.9999999997, 1.7317764135, 3.0504002224, 20.9999313295, 104, 60.0000000043, 144, 124, 13.901163297, 10.9803703799, 1.7827426397, 14.349672593, 12.916942472, 133, 123, 199, 50.9999999953, 99, 39.0000411987, 78, 73.9999999751, 173, 55.0030700243, 52.999999995, 18.9884096328, 11.0363788892, 18.9851184078, 26.0000019269, 43.0000005027, 129, 1.1688124021, 18.6511417997, 7.412915162, 55.9999989246, 1.6120494899, 557, 12.0210826177, 59.0000000328, 220, 10.9783379332],
      [0.15709632849, 5.9999958954, 8.0000000014, 3.9999999997, 1.3472840622, 4.0001410137, 0.34407787959, 0, 0, 0, 1.0000618637, 2.0000000001, 0.9995643837, 3, 25, 12.0000010526, 13.0000000639, 10.0000000001, 0.41918798294, 0.34401747256, 2.0000976115, 6, 2.9999999994, 18, 17, 1.0592212235, 0.28633888938, 0.12808190715, 1.0161115015, 1.1498712947, 14, 20, 34, 10.0000000016, 11, 5.0000274745, 14.9999999999, 11.0000000053, 17, 5.999998879, 2, 0.99745967194, 0.21037935767, 2.9875421013, 3.0000015819, 2.0000000441, 17, 0, 1.251806211, 0.34948248642, 3.0000006954, 0, 65, 1.1340772631, 5.999999961, 24, 0.028445755296]
    ],
    [
      [0, 10.9999856337, 12.9999999993, 15.9999999996, 2.1106732112, 11.9998589841, 1.1095335267, 0, 0, 0.36032954937, 6.9999087384, 11.9999999998, 3.9986388553, 18, 14, 9.9999968422, 12.9999999635, 11.9999999999, 0, 0, 8.9999308326, 17, 25.9999999989, 38, 23, 4.9955045056, 0.83310375028, 1.8402311829, 2.2887413996, 5.0031957844, 11, 22, 41, 10.9999999985, 15, 6.9999862151, 9.9999999998, 5.9999999892, 27, 4.0006110301, 10.9999999995, 4.9969193869, 0.67223999961, 4.9947175196, 8.9999969136, 16.0000001422, 20, 0, 3.4212973748, 1.399054345, 11.999999927, 0.82085189929, 50, 3.9381507666, 10.9999999919, 69, 5.9552723177],
      [4.1658067479, 191.999981529, 216.999999991, 151.9999999989, 28.4527978498, 142.9997179854, 18.3958171609, 2.9139418642, 2.2240110447, 2.9235100688, 116.9995745096, 124.9999999999, 63.003086712, 148, 389, 384.9999842111, 305.0000001644, 230.0000000001, 3.534047094, 3.9557365273, 57.0001550704, 254, 166.9999999988, 296, 244, 22.981147155, 19.9129384292, 3.7182979657, 32.8216029947, 46.9748567136, 358, 273, 467, 140.9999999992, 248, 89.0000825231, 138.0000000001, 170.0000000223, 412, 108.9969214024, 143.9999999962, 62.9854999198, 20.8046736468, 42.9543593331, 73.0000067536, 97.9999992407, 314, 1.1688124021, 43.2440183014, 16.6479041426, 118.000000333, 14.5964281291, 1189, 31.0359705907, 101.9999999996, 498, 46.0607959702],
      [4.3528541923, 129.0000266803, 227.0000000102, 226.0000000016, 49.4133389318, 256.0006508318, 18.0949394404, 2.0860581358, 5.2764319221, 2.7161603818, 253.0005194421, 213.0000000005, 123.9979307355, 304, 193, 215.0000210518, 155.9999999544, 89.9999999999, 3.6529190599, 3.6122125504, 110.0001882007, 525, 401.0000000026, 351, 230, 26.0243976938, 15.8367498906, 8.8869513099, 37.165360748, 75.1140215044, 439, 293, 411, 121.000000005, 252, 78.9999312759, 90.9999999999, 114.0000000233, 373, 107.0030869568, 255.0000000062, 48.0117593508, 41.0338896451, 46.0358677142, 46.999995257, 174.0000011554, 285, 1.8311875979, 56.2493381078, 30.625245723, 150.000000407, 20.5827199716, 1221, 63.1800007766, 123.9999999874, 610, 59.9846892086],
      [1.4813390598, 8.0000061569, 17.9999999995, 15.9999999999, 4.0231900072, 16.9997721987, 0.39970987204, 0, 0.49955703319, 0, 8.99999731, 19.9999999998, 8.0003436972, 19, 34, 21.9999978948, 21.9999999177, 14, 0.81303384611, 0.43205092231, 12.9997258963, 30, 21.9999999997, 45, 32, 1.9989506456, 0.41720792996, 0.55451954144, 2.7242948578, 6.9079259976, 47, 48, 72, 24.9999999972, 29, 11.9999999859, 17.0000000001, 16.9999999653, 37, 10.9993806108, 12.9999999981, 4.0058213425, 1.4891967085, 7.015055433, 5.0000010758, 8.9999994616, 39, 0, 4.085346216, 1.3277957895, 9.999999333, 0, 144, 9.845877866, 13.000000021, 67, 2.9992425035]
    ],
    [
      [0, 1.0000020523, 1.0000000007, 0.99999999988, 0.11860349219, 9.5821581808e-05, 0.051431703301, 0, 0, 0.049672181112, 6.0531509958e-05, 4.8902238642e-11, 0.00015463374757, 1, 2, 0.99999894741, 0.99999999087, 2.0000000002, 0, 0, 5.445392022e-05, 1, 1.0000000003, 4, 2, 0.0052082893827, 0.097809958288, 0.07201994039, 0.07576751095, 0.014101893392, 7.2144511144e-19, 2, 5, 1.9999999996, 1, 1.3772414539e-05, 1.0000000001, 5.4021406162e-09, 2, 2.4171134384e-06, 2.8384162945e-11, 0.00030805844649, 0.008959401025, 0.0075337787093, 1.0000005897, 0.99999989205, 2, 0, 0.18519977984, 0.15609932551, 1.000000095, 0.01613081172, 6, 0.0078238982449, 0.99999998767, 5, 0.003480551163],
      [0.83811192367, 30.9999958955, 25.9999999987, 14.9999999998, 2.0998368698, 10.0000433959, 1.9792858974, 0.5974706253, 0, 0.55153429227, 6.0001513188, 7, 5.9998396226, 7, 69, 56.0000021052, 38.0000000183, 38.9999999997, 0.44444549778, 0, 3.9999212947, 17, 8.0000000006, 31, 30, 1.0310444213, 2.7162281041, 0.29615207936, 2.0801313058, 1.055305775, 29, 30, 60, 25.9999999951, 22, 7.9999862319, 22, 19.9999999854, 39, 9.002456888, 6.0000000006, 4.0093326099, 0.83815707243, 4.0232851156, 7.9999989355, 6.9999993606, 43, 0, 3.0668985525, 1.1858668235, 8.9999998641, 0.40766237632, 145, 1.1073673624, 12.0000000544, 37, 0.99364334509],
      [0.85277545077, 23.0000041045, 28.000000001, 24.0000000002, 3.0559500402, 19.9997685735, 1.9155790367, 0.4025293747, 0, 0.39879352662, 15.9998179587, 13, 12.00002389, 16, 34, 31.9999989474, 20.0000000091, 16.0000000001, 0.42541225962, 0, 8.9999519314, 37, 19.9999999986, 36, 29, 1.9452559752, 2.0699779014, 0.57494017346, 2.7204345542, 2.9705997843, 36, 33, 53, 22.0000000046, 22, 9.000013727, 16.9999999999, 12.9999999998, 37, 10.996305014, 9.999999999, 2.9912021284, 2.092898016, 6.9603245206, 5.9999995554, 14.0000008345, 42, 0, 3.9493690611, 2.4831520892, 12.9999999617, 0.57620681196, 150, 2.0885059197, 14.9999999682, 46, 2.0271155711],
      [0.30911262556, 0.9999979477, 1.9999999997, 3.0000000001, 0.72560959787, 1.000092209, 0.053703362584, 0, 0, 0, 0.99997019099, 1.9999999999, 0.99998185364, 2, 7, 4, 3.9999999817, 2, 0.1301422426, 0, 1.0000723199, 3, 1.0000000006, 6, 5, 0.018491314048, 0.11598403628, 0.05688780679, 0.12366662904, 0.9599925473, 5, 6, 10, 6.0000000007, 4, 1.9999862687, 3, 4.0000000094, 3, 1.0012356809, 2.0000000003, 1.9991572033, 0.059985510563, 1.0088565851, 1.0000009194, 0.99999991294, 5, 0, 0.79853260655, 0.17488176173, 1.0000000791, 0, 18, 1.7963028196, 2.9999999898, 6, 0.97576053264]
    ],
    [
      [0, 4.104646238e-06, 4.193604196e-10, 4.657397604e-11, 0.0081273042271, 2.3368241059e-10, 0.04963489685, 0, 0, 0, 3.0268265006e-05, 3.3615671764e-11, 4.0239757394e-05, 2.9258264104e-12, 2.2209556455e-15, 2.9253239407e-17, 4.6705945364e-12, 2.9081145024e-11, 0, 0, 1.250039237e-05, 3.6671185168e-15, 1.1473620774e-09, 2, 1, 0.042638120236, 0.034222557673, 0.044377347157, 0.033932386253, 0.00089106535993, 3.6166711894e-19, 1, 2, 3.7382146566e-10, 5.6287167757e-16, 1.7112900088e-08, 2.0008572321e-13, 2.163830226e-11, 1, 0.00061640650319, 1.025482701e-10, 0.00028090393087, 0.0044041519679, 0.00048480110643, 1.3485414746e-07, 4.8521524951e-07, 1.4774990209e-18, 0, 0.0028652546693, 0.11552318484, 1.732629773e-08, 0.0096816261097, 2, 0.0014933202389, 1.8332087891e-08, 4, 0.013980231131],
