{
  "X": [
    [129, 178, 1507, 1498, 2136, 140],
    [9, 23, 103, 111, 160, 12],
    [18, 34, 110, 128, 123, 7],
    [17, 18, 59, 110, 141, 7],
    [13, 19, 103, 124, 102, 3],
    [9, 27, 114, 156, 138, 11],
    [30, 28, 80, 147, 158, 9],
    [13, 21, 99, 104, 146, 8],
    [13, 30, 75, 116, 123, 5],
    [11, 18, 28, 130, 159, 8],
    [15, 5, 17, 86, 121, 3],
    [11, 35, 234, 135, 84, 9],
    [12, 31, 260, 134, 93, 9],
    [11, 16, 238, 116, 85, 5],
    [11, 36, 190, 98, 77, 7],
    [7, 33, 149, 87, 69, 9],
    [12, 27, 177, 124, 103, 5],
    [26, 14, 47, 113, 215, 6],
    [23, 10, 32, 79, 191, 7],
    [15, 18, 64, 97, 134, 17],
    [11, 14, 85, 102, 166, 10],
    [21, 16, 32, 145, 185, 13],
    [16, 14, 40, 145, 150, 11],
    [15, 7, 14, 94, 161, 6],
    [11, 18, 63, 70, 78, 3],
    [17, 9, 36, 118, 185, 6],
    [16, 11, 24, 136, 170, 8],
    [19, 9, 13, 91, 184, 15],
    [11, 10, 16, 81, 181, 17],
    [18, 13, 28, 125, 275, 32],
    [13, 7, 12, 61, 175, 3],
    [21, 3, 9, 71, 182, 9],
    [18, 5, 14, 90, 166, 7],
    [24, 9, 15, 98, 184, 16],
    [27, 22, 47, 139, 211, 8],
    [7, 20, 107, 118, 143, 7],
    [19, 26, 120, 130, 156, 14],
    [6, 15, 167, 117, 109, 10],
    [5, 13, 63, 70, 56, 3],
    [6, 7, 70, 106, 41, 4],
    [18, 24, 103, 113, 160, 20],
    [19, 10, 57, 111, 161, 29],
    [17, 17, 115, 140, 86, 10],
    [21, 18, 45, 143, 206, 21],
    [22, 10, 42, 110, 171, 22],
    [4, 11, 54, 83, 74, 6],
    [16, 34, 141, 137, 85, 19],
    [5, 39, 93, 149, 206, 13],
    [9, 6, 32, 113, 232, 5],
    [23, 11, 17, 122, 234, 8],
    [18, 25, 24, 103, 188, 11],
    [26, 17, 23, 125, 244, 16],
    [24, 18, 49, 119, 247, 12],
    [12, 12, 16, 115, 169, 13],
    [7, 12, 4, 111, 202, 6],
    [15, 4, 11, 87, 162, 11],
    [20, 15, 37, 77, 186, 3],
    [8, 7, 39, 95, 201, 9],
    [28, 11, 14, 82, 266, 11],
    [43, 10, 82, 143, 158, 8],
    [18, 13, 103, 111, 99, 9],
    [16, 21, 86, 144, 135, 6],
    [18, 11, 62, 98, 80, 7],
    [14, 7, 71, 84, 103, 4],
    [4, 7, 43, 100, 138, 6],
    [18, 18, 36, 130, 139, 2],
    [20, 8, 35, 105, 131, 5],
    [8, 26, 162, 157, 125, 4],
    [11, 11, 100, 75, 64, 7],
    [9, 11, 58, 82, 103, 9],
    [24, 8, 42, 79, 174, 26],
    [33, 6, 40, 124, 252, 30],
    [28, 10, 29, 128, 229, 26],
    [10, 9, 48, 87, 124, 8],
    [11, 15, 55, 113, 113, 11],
    [14, 9, 14, 143, 185, 17],
    [21, 10, 20, 118, 147, 15],
    [6, 13, 23, 130, 239, 12],
    [13, 13, 28, 99, 172, 10],
    [38, 3, 15, 179, 244, 14]
  ],
  "W": [
    [192, 1420, 1377, 1915, 684],
    [20, 91, 106, 154, 47],
    [33, 105, 123, 104, 55],
    [24, 56, 95, 134, 43],
    [23, 84, 118, 99, 40],
    [27, 100, 157, 126, 45],
    [34, 77, 136, 141, 64],
    [17, 90, 110, 132, 42],
    [24, 69, 108, 106, 55],
    [12, 23, 121, 151, 47],
    [7, 11, 94, 108, 27],
    [36, 218, 133, 73, 48],
    [25, 241, 137, 77, 59],
    [22, 209, 126, 73, 41],
    [39, 166, 106, 65, 43],
    [27, 141, 84, 68, 34],
    [34, 159, 119, 87, 49],
    [11, 42, 105, 207, 56],
    [9, 34, 78, 177, 44],
    [22, 57, 92, 115, 59],
    [11, 78, 99, 139, 61],
    [12, 38, 144, 143, 75],
    [10, 44, 151, 120, 51],
    [4, 15, 92, 146, 40],
    [15, 62, 79, 64, 23],
    [10, 38, 123, 162, 38],
    [6, 26, 133, 145, 55],
    [7, 11, 96, 167, 50],
    [8, 14, 91, 154, 49],
    [13, 23, 124, 245, 86],
    [6, 10, 56, 176, 23],
    [2, 9, 63, 179, 42],
    [5, 15, 92, 151, 37],
    [10, 12, 88, 173, 63],
    [20, 46, 128, 202, 58],
    [18, 83, 125, 138, 38],
    [24, 99, 129, 153, 60],
    [22, 124, 121, 111, 46],
    [13, 55, 75, 46, 21],
    [3, 58, 120, 31, 22],
    [27, 97, 115, 142, 57],
    [16, 54, 107, 152, 58],
    [14, 104, 144, 74, 49],
    [21, 41, 153, 186, 53],
    [16, 41, 124, 147, 49],
    [12, 57, 79, 63, 21],
    [39, 132, 143, 70, 48],
    [35, 82, 153, 173, 62],
    [6, 27, 109, 214, 41],
    [9, 16, 118, 208, 64],
    [22, 23, 97, 167, 60],
    [17, 21, 128, 224, 61],
    [19, 46, 126, 223, 55],
    [14, 11, 117, 143, 52],
    [11, 6, 109, 177, 39],
    [7, 13, 80, 150, 40],
    [13, 28, 70, 180, 47],
    [11, 39, 87, 186, 36],
    [8, 11, 68, 253, 72],
    [17, 76, 146, 146, 59],
    [9, 92, 124, 84, 44],
    [18, 82, 139, 103, 66],
    [8, 63, 94, 66, 45],
    [13, 61, 88, 88, 33],
    [10, 41, 92, 122, 33],
    [11, 31, 122, 124, 55],
    [6, 34, 101, 123, 40],
    [23, 156, 153, 94, 56],
    [13, 88, 72, 60, 35],
    [15, 55, 74, 85, 43],
    [9, 41, 60, 172, 71],
    [8, 33, 127, 244, 73],
    [10, 25, 127, 215, 73],
    [8, 42, 91, 116, 29],
    [11, 57, 109, 100, 41],
    [9, 12, 131, 179, 51],
    [12, 18, 111, 147, 43],
    [17, 25, 118, 212, 51],
    [10, 23, 105, 162, 35],
    [6, 14, 177, 231, 65]
  ],
  "method": "mult",
  "cond_prob": [
    [
      [5.4532230722e-05, 0.76210812409, 0.16419876218, 0.06169030613, 0.0049079940787, 0.0070402812856],
      [1.398626108e-09, 0, 0.99519299452, 0.0047646505318, 1.7560040281e-05, 2.4793511702e-05],
      [0.017149166178, 0.012396064366, 0.010428019862, 0.86129336259, 0.092577106812, 0.0061562801974],
      [0.024109701973, 0, 0.017622457661, 0.033928026917, 0.9050804933, 0.019259320152],
      [0.086557085848, 0.021353595822, 0.020750578474, 0.33394228895, 0.40105980868, 0.13633664223]
    ],
    [
      [3.9181306495e-05, 0.81102040455, 0.13280003564, 0.046191647486, 0.0035870819429, 0.0063616490724],
      [1.2314272427e-09, 0.0038515026411, 0.9945493905, 0.0015559417227, 1.5726622189e-05, 2.7437281149e-05],
      [0.01630844129, 0.02116722191, 0.011128857487, 0.85459718468, 0.089448066418, 0.0073502282109],
      [0.022371502968, 0.01850252351, 0.049594846775, 0.026346287112, 0.86053352507, 0.022651314559],
      [0.081389575061, 0.028425340973, 0.021760413926, 0.32531801195, 0.38134402844, 0.16176262965]
    ],
    [
      [8.7025490203e-05, 0.81154315807, 0.13046459216, 0.05006315691, 0.0039154830132, 0.0039265843551],
      [2.7868677742e-09, 0.0039878614258, 0.99425902434, 0.0017183647573, 1.7491047501e-05, 1.7255639608e-05],
      [0.030764004914, 0.043278828183, 0.0014469337199, 0.8541070822, 0.067543624446, 0.0028595265404],
      [0.049725641346, 0.00031966398469, 0.00048408254542, 0.033532208786, 0.90127074413, 0.014667659209],
      [0.16439433749, 0.026251080234, 0.019439154009, 0.32045393997, 0.37870780553, 0.090753682762]
    ],
    [
      [0.00011358623162, 0.75, 0.16307572653, 0.07623210366, 0.0049435919156, 0.0056349916664],
      [2.8942016627e-09, 0, 0.96954115273, 0.03042157099, 1.7571491558e-05, 1.9701894071e-05],
      [0.031494420008, 0, 0, 0.88206147514, 0.082107965721, 0.0043361391305],
      [0.051100368997, 0, 0, 0.055727678169, 0.87677942893, 0.016392523904],
      [0.16646173074, 0, 0.018415767686, 0.35356912846, 0.36259696675, 0.098956406357]
    ],
    [
      [8.7691098551e-05, 0.75082324532, 0.18060031794, 0.061808831724, 0.0041774130521, 0.0025025008671],
      [2.0278205447e-09, 0.0026360197417, 0.99581064047, 0.0015319223482, 1.3475379489e-05, 7.9400327908e-06],
      [0.018290181867, 0.0049817362387, 0.096468948008, 0.88025913389, 0, 0],
      [0.04711367878, 0.00027499172129, 0.028419682133, 0.038907007435, 0.87738325315, 0.0079013867784],
      [0.15438718187, 0.022364266072, 0.025030362293, 0.36818359646, 0.37604613765, 0.053988455656]
    ],
    [
      [4.3725057513e-05, 0.78847816146, 0.14808059445, 0.052583838379, 0.003963612087, 0.0068500685762],
      [1.2340316487e-09, 0.0033987622983, 0.9949683333, 0.0015907698437, 1.5604491779e-05, 2.6528832988e-05],
      [0.013754875909, 0.026744759733, 0.060196580585, 0.85959424548, 0.036465656823, 0.003243881473],
      [0.025028379158, 0.00030970463255, 0.00055042819514, 0.035287213378, 0.91318592861, 0.025638346025],
      [0.081905066855, 0.025183629979, 0.021883855902, 0.33374831009, 0.38010859774, 0.15717053944]
    ],
    [
      [0.00014536436484, 0.77634890568, 0.15171541354, 0.062035381338, 0.0046667350487, 0.0050882000234],
      [3.9955531982e-09, 0.0032776595515, 0.95738022672, 0.036685117056, 1.7893525469e-05, 0.002639099154],
      [0.045412046311, 0.00075060346009, 0, 0.86407673778, 0.085444090789, 0.0043165216649],
      [0.072256312436, 0, 0, 0.034146731468, 0.87798110319, 0.015615852903],
      [0.21298248363, 0.019526177357, 0.017553101285, 0.30838933667, 0.35037845796, 0.091170443104]
    ],
    [
      [6.0334023966e-05, 0.82488632175, 0.12535019029, 0.041472193837, 0.003628816731, 0.0046021433664],
      [2.0082597868e-09, 0.0041228481983, 0.99435977482, 0.0014795059064, 1.6849438759e-05, 2.1019629027e-05],
      [0.027299672539, 0.023255748115, 0.02245311661, 0.82285431565, 0.098357917224, 0.0057792298621],
      [0.034575436085, 0.021238071774, 0.030434868833, 0, 0.89701660533, 0.016735017979],
      [0.12933458567, 0.02962662918, 0.021176702816, 0.30113910599, 0.39788644924, 0.1208365271]
    ],
    [
      [5.5636353347e-05, 0.8347050844, 0.1155883787, 0.043820437448, 0.0033776483762, 0.002452814718],
      [2.0021873301e-09, 0.0045675384488, 0.99371322898, 0.0016901615882, 1.6955912947e-05, 1.2113066112e-05],
      [0.017739709617, 0.071861572927, 0.022608751451, 0.85357371107, 0.034216254938, 0],
      [0.037467995441, 0.00075978020092, 0.00050511313174, 0.034590093471, 0.91625447586, 0.010422541897],
      [0.12929397153, 0.032915113526, 0.021170526596, 0.34507595725, 0.40180793649, 0.06973649462]
    ],
    [
      [4.0749469351e-05, 0.83919031789, 0.11164972941, 0.04231496733, 0.0031168602652, 0.0036873756315],
      [1.4873105372e-09, 0.0045302450501, 0.99378004649, 0.001655368777, 1.5869425374e-05, 1.8468765833e-05],
      [0.018596443853, 0.023515428217, 0.010220362531, 0.85777713064, 0.085219335075, 0.0046712996857],
      [0.027123081815, 0.022491810418, 0.010358615888, 0.061455186294, 0.86377507773, 0.014796227854],
      [0.099016083231, 0.03369979493, 0.021328666221, 0.34858257388, 0.3876735404, 0.10969934134]
    ],
    [
      [0.00014389298676, 0.68911117381, 0.23598711815, 0.065090902109, 0.005866940671, 0.0037999722766],
      [2.4121969832e-09, 0.0016383572732, 0.99716981538, 0.0011693668002, 1.3719714894e-05, 8.7384203864e-06],
      [0.041248822063, 0, 0.013487417464, 0.8244458717, 0.11779668307, 0.0030212057061],
      [0.054305910296, 0, 0.020372963568, 0, 0.91620422619, 0.0091168999484],
      [0.19468759765, 0.0058592538268, 0.033745366553, 0.29754032262, 0.40503095784, 0.063136501505]
    ],
    [
      [6.342615497e-05, 0.79385899025, 0.14369442924, 0.052611298391, 0.0036373384278, 0.0061345175439],
      [0, 0.0035652825673, 0.99643471743, 0, 0, 0],
      [0.018010102231, 0.032944409069, 0.079189850229, 0.85833206889, 0.010352870094, 0.0011706994829],
      [0.038802840476, 0.00033544071909, 0.00057101825805, 0.037715194495, 0.89804428293, 0.024531223124],
      [0.12020345223, 0.025786482766, 0.021464536121, 0.33738789369, 0.35281023834, 0.14234739686]
    ],
    [
      [5.2875512621e-05, 0.8228842933, 0.12615286921, 0.043137977641, 0.0032162705512, 0.0045557137765],
      [0, 0.0041734238058, 0.99582657619, 0, 0, 0],
      [0.0154819809, 0.054001260313, 0.11301712141, 0.80847319658, 0.0090264407927, 0],
      [0.036920924162, 0.002086422544, 0.00057241801709, 0.035308675576, 0.90600861707, 0.019102942631],
      [0.11923280624, 0.031580853075, 0.02245002688, 0.32952465437, 0.37153063277, 0.12568102666]
    ],
    [
      [8.9630017929e-05, 0.72727272727, 0.20014285359, 0.062580681575, 0.0049243831069, 0.0049897244426],
      [0, 0, 1, 0, 0, 0],
      [0.01809918272, 0, 0.17974701069, 0.78305258836, 0.019101218233, 0],
      [0.041025048598, 0, 0.0022396387374, 0.033554068462, 0.90967572373, 0.013505520478],
      [0.13957811144, 0, 0.043542445045, 0.32949150913, 0.3921605425, 0.095227391888]
    ],
    [
      [7.4299962534e-05, 0.78919085337, 0.15382648105, 0.047622924921, 0.0038468846106, 0.0054385560788],
      [0, 0.0033126494397, 0.99668735056, 0, 0, 0],
      [0.019768757918, 0.033244801753, 0.16528361666, 0.76256196382, 0.019140859859, 0],
      [0.043175260154, 0.00059347108151, 0.00058022718521, 0.03241001674, 0.90286590317, 0.020375121665],
      [0.14174935005, 0.025793774544, 0.023090439846, 0.30708108548, 0.37522689881, 0.12705845127]
    ],
    [
      [4.4580372918e-05, 0.83302068513, 0.1147055416, 0.042631892606, 0.0028593926673, 0.0067379076262],
      [0, 0.004630950911, 0.99536904909, 0, 0, 0],
      [0.014435571361, 0.068221696823, 0.057394247122, 0.85847531667, 0, 0.0014731680245],
      [0.034441043807, 0.044636027602, 0.00057477004148, 0.038546585037, 0.84779432871, 0.034007244805],
      [0.10130051049, 0.032047206267, 0.020462156887, 0.32693660344, 0.33155241311, 0.1877011098]
    ],
    [
      [7.8491933654e-05, 0.7588197825, 0.17131269082, 0.061352080232, 0.0046199938228, 0.0038169606848],
      [0, 0, 1, 0, 0, 0],
      [0.018437957256, 0.00092119193555, 0.092276708309, 0.85518418988, 0.033179952617, 0],
      [0.038481832761, 0.00025655021701, 0.00096462804748, 0.035247299081, 0.91323685583, 0.011812834068],
      [0.13174071246, 0.021799707871, 0.022663624146, 0.34858358481, 0.39679386514, 0.078418505568]
    ],
    [
      [9.4683572645e-05, 0.81803996578, 0.1289934123, 0.046473316949, 0.0037481888817, 0.0026504325122],
      [3.0335867266e-09, 0.0038598401741, 0.99451590459, 0.0015958456709, 1.6752126171e-05, 1.1654404616e-05],
      [0.038355645457, 0.020267528167, 0.010507073737, 0.83690615352, 0.090982266035, 0.0029813330866],
      [0.054972307993, 0.0058126149025, 0.0075836296798, 0.033303450871, 0.88852020156, 0.0098077949918],
      [0.18914906832, 0.026931166905, 0.020327685461, 0.31522870617, 0.38359369064, 0.0647696825]
    ],
    [
      [0.00011491977028, 0.82259127018, 0.12091833745, 0.047734843406, 0.0043883479658, 0.0042522812221],
      [3.9087444969e-09, 0.0040496030827, 0.90916867538, 0.001739869573, 0.081342860829, 0.003698987226],
      [0.044380312585, 0.018499513708, 0, 0.82106637685, 0.11149550817, 0.0045582886854],
      [0.058514813585, 0, 0, 0.011885453628, 0.91544367142, 0.014156061371],
      [0.20864043643, 0.02309159078, 0, 0.28100745813, 0.3969242755, 0.090336239165]
    ],
    [
      [8.6831637645e-05, 0.76207856456, 0.164820799, 0.057209919007, 0.004820150953, 0.01098373484],
      [2.1903209402e-09, 0.0029136462114, 0.99548475624, 0.0015466120309, 1.6961019862e-05, 3.8022303982e-05],
      [0.028641088535, 0, 0.010936519128, 0.83929852577, 0.105635091, 0.01548877557],
      [0.042403174552, 0, 0.013138226087, 0.015639191486, 0.89570315775, 0.033116250128],
      [0.12689397221, 0.018104978738, 0.018885687396, 0.28202124584, 0.35879149811, 0.19530261771]
    ],
    [
      [4.5832519519e-05, 0.81522687528, 0.13148928935, 0.044451834457, 0.0040202288187, 0.0047659395747],
      [1.4527171401e-09, 0.0038079034382, 0.99464353667, 0.0015100514249, 1.7775490587e-05, 2.0731521193e-05],
      [0.019480626443, 0.021201810747, 0.011250669247, 0.83243690876, 0.11000621471, 0.0056237700897],
      [0.023754313165, 0.0068057315837, 0.025551202621, 0, 0.92912191929, 0.014766833339],
      [0.094574822642, 0.027713310651, 0.021409648147, 0.31118019414, 0.42484965502, 0.12027236939]
    ],
    [
      [7.6339295583e-05, 0.84353625725, 0.099203534052, 0.047409082435, 0.0043263323716, 0.0054484545907],
      [3.1699197718e-09, 0.0052072711623, 0.81077783135, 0.0021101735125, 0.17451013976, 0.007394581041],
      [0.03021075739, 0.021659714731, 0, 0.82043134961, 0.12171046752, 0.0059877107496],
      [0.039978249189, 0.00029519458997, 0, 0.029123687169, 0.91194361444, 0.018659254615],
      [0.1457579348, 0.033579691482, 0, 0.29392137078, 0.4050993935, 0.12164160943]
    ],
    [
      [6.9828961321e-05, 0.83732394864, 0.10618136407, 0.04635672969, 0.0040720166272, 0.0059961120156],
      [2.7167066098e-09, 0.0047943346174, 0.88495878089, 0.0019331892172, 0.10241604515, 0.005897647402],
      [0.028387650661, 0.023631607068, 0, 0.83275997098, 0.10845399558, 0.0067667757094],
      [0.038708106345, 0.00068846988475, 0, 0.030127802811, 0.9087424011, 0.021733219858],
      [0.13858418784, 0.034604328175, 0, 0.29586824356, 0.39269279181, 0.13825044861]
    ],
    [
      [6.9004452732e-05, 0.85524637739, 0.094733722696, 0.042863742094, 0.0036540872597, 0.0034330661072],
      [2.912309386e-09, 0.004913259079, 0.90807100728, 0.0019387253247, 0.085057124133, 1.9881270202e-05],
      [0.030374490442, 0.021296994943, 0, 0.83945146544, 0.10468317346, 0.0041938757227],
      [0.042792639262, 0.00032411338572, 0, 0.027661134191, 0.91571967677, 0.013502436391],
      [0.14893863714, 0.037466787879, 0, 0.31328509349, 0.40959005056, 0.090719430922]
    ],
    [
      [8.9821763097e-05, 0.8393867269, 0.11371341545, 0.039918084928, 0.0037650802925, 0.0031268706696],
      [3.2807587515e-09, 0.0045600982336, 0.98170395108, 0.0015623241641, 0.012085929982, 8.7693260849e-05],
      [0.041054839798, 0.055825512362, 0, 0.7727473095, 0.1263891059, 0.0039832324481],
      [0.053498495025, 0.00077151838862, 0, 0.02779865928, 0.90576687603, 0.012164451272],
      [0.18832245411, 0.028994797936, 0.018637121802, 0.28166143408, 0.4017555089, 0.080628683172]
    ],
    [
      [0.00010509222183, 0.7791700679, 0.14862584033, 0.061679067077, 0.0055600175281, 0.0048599149477],
      [2.9178252731e-09, 0.0031676512211, 0.89111546896, 0.0018354659924, 0.10325127687, 0.00063013403808],
      [0.032152710733, 0.0030759523421, 0, 0.83818688995, 0.12245729135, 0.0041271556223],
      [0.044404964937, 0, 0, 0.015924879495, 0.92667976104, 0.012990394525],
      [0.15396213755, 0.018673327278, 0.017140888852, 0.30622746525, 0.41674955732, 0.087246623751]
    ],
    [
      [5.8847622068e-05, 0.85608759784, 0.093743690133, 0.042936718908, 0.0035791915877, 0.0035939539064],
      [2.5618987058e-09, 0.0053267714759, 0.90144376382, 0.0020035500209, 0.091204440238, 2.14718879e-05],
      [0.026047115486, 0.022499033787, 0, 0.85174174259, 0.095295694843, 0.0044164132987],
      [0.037158600532, 0.0011987313583, 0, 0.03256510666, 0.91494878074, 0.014128780713],
      [0.12995242565, 0.046523469345, 0, 0.32157627557, 0.40482379606, 0.09712403337]
    ],
    [
      [8.5641581814e-05, 0.81933370816, 0.12424576577, 0.044019058919, 0.0041533657389, 0.0081624598243],
      [2.726690143e-09, 0.0037275286014, 0.99471634041, 0.0015020179051, 1.8446598393e-05, 3.5663761077e-05],
      [0.035856919601, 0.020362246823, 0.003496736406, 0.80815993629, 0.11756770065, 0.014556460233],
      [0.048194075107, 0.00072343238956, 0, 0, 0.92241867525, 0.028663817254],
      [0.15017451309, 0.022961446484, 0.017054264002, 0.26183981014, 0.37280610996, 0.17516385632]
    ],
    [
      [5.135381038e-05, 0.82226431743, 0.12336586935, 0.040504442277, 0.0043259471109, 0.0094880700302],
      [1.6658575856e-09, 0.0038409425276, 0.9946891242, 0.0014081198033, 1.9575401969e-05, 4.2236406242e-05],
      [0.023207956731, 0.022223377579, 0.002468327227, 0.75163994679, 0.18355064274, 0.01690974894],
      [0.027955364799, 0.0010698455668, 0, 0, 0.93836034169, 0.032614447945],
      [0.093521202137, 0.024102626291, 0.017608316915, 0.25014317606, 0.40315341344, 0.21147126516]
    ],
    [
      [6.1827803168e-05, 0.77300713734, 0.15739248864, 0.051939526307, 0.0049119100992, 0.01268710981],
      [1.6054222025e-09, 0.0029921516151, 0.9954992355, 0.0014456000142, 1.7791956512e-05, 4.5219305599e-05],
      [0.022258877712, 0.0098904016507, 0.011375387302, 0.81976662516, 0.11546348432, 0.021245223853],
      [0.029845332436, 0, 0.00022526275925, 0, 0.93187663059, 0.03805277422],
      [0.092174289751, 0.019252068869, 0.01850788174, 0.26326134695, 0.37568010936, 0.23112430333]
    ],
    [
      [7.4962282842e-05, 0.82121950729, 0.12593791711, 0.046661858915, 0.0038145979645, 0.0022911564451],
      [2.3282306648e-09, 0.0035197914136, 0.99490128317, 0.0015526334969, 1.652712935e-05, 9.7624627478e-06],
      [0.030384065, 0.019079476926, 0.010165706078, 0.84521976305, 0.092574662434, 0.0025763265141],
      [0.043711455975, 0.0020507158787, 0.0014446239941, 0.032788465368, 0.9115404198, 0.0084643189845],
      [0.15673157876, 0.026439493028, 0.020514187058, 0.33049677722, 0.40702835478, 0.058789609158]
    ],
    [
      [0.00011820647683, 0.80707875503, 0.12694140243, 0.05519602286, 0.0045327065747, 0.0061329066275],
      [3.6125937289e-09, 0.0030642000942, 0.97179079946, 0.001807474238, 0.0081240935472, 0.015213429049],
      [0.04025716621, 0.0097348686769, 0, 0.83866360698, 0.10554715161, 0.0057972065167],
      [0.057773045163, 0, 0, 0.031407396548, 0.89122320612, 0.019596352166],
      [0.19338540474, 0.017737332439, 0, 0.29560974915, 0.37474745945, 0.11852005422]
    ],
    [
      [0.0001240938436, 0.78806017303, 0.13917737115, 0.061083492735, 0.0054475970706, 0.0061072721659],
      [3.5724436886e-09, 0.0031423933291, 0.88694087628, 0.0018845296931, 0.10179304398, 0.0062391531451],
      [0.0380856733, 0.0040717996932, 0, 0.83411041301, 0.11853039495, 0.0052017190475],
      [0.051115508315, 0, 0, 0.013943770161, 0.91849446523, 0.016446256289],
      [0.18316366967, 0.017242099003, 0, 0.29250398107, 0.40130826403, 0.10578198621]
    ],
    [
      [0.0001213575798, 0.76566941045, 0.15968014782, 0.060351595643, 0.0049012586795, 0.0092762298267],
      [3.0292289617e-09, 0.0027958102451, 0.99554086655, 0.0016144756867, 1.7066252857e-05, 3.1778232779e-05],
      [0.042757769851, 0.0023507554717, 0.0040298039144, 0.83909168181, 0.098044683429, 0.013725305523],
      [0.055231754991, 0, 0, 0.031808251813, 0.88569905172, 0.027260941473],
      [0.16953982584, 0.017506185572, 0.017493418709, 0.28625737734, 0.35074467505, 0.15845851749]
    ],
    [
      [0.00010101804489, 0.81817863827, 0.12245127383, 0.05165661188, 0.0039501487789, 0.0036623091992],
      [3.4144287621e-09, 0.0041831610271, 0.96849944616, 0.027281775112, 1.8625121046e-05, 1.6989165328e-05],
      [0.037166774428, 0.018902795786, 0, 0.85309738139, 0.087091305833, 0.0037417425599],
      [0.05692836658, 0.0027951518681, 0, 0.044176186938, 0.8827441811, 0.013356113513],
      [0.18519141907, 0.042410746371, 0, 0.32054916426, 0.36996773345, 0.081880936846]
    ],
    [
      [3.4321740265e-05, 0.79084590319, 0.15561363082, 0.045411970809, 0.0036568272435, 0.0044373461966],
      [9.2063026441e-10, 0.0031937566766, 0.9954706322, 0.0013055952602, 1.3683073176e-05, 1.6331873755e-05],
      [0.01452393194, 0.020906656799, 0.03280618949, 0.83385442884, 0.092697321851, 0.0052114710818],
      [0.016797865787, 0.012877002811, 0.11920384869, 0, 0.83860937056, 0.012511912153],
      [0.075415398978, 0.029192985541, 0.026947035987, 0.33795832931, 0.41099429069, 0.11949195949]
    ],
    [
      [7.5505605431e-05, 0.79449762831, 0.14847988613, 0.04680089275, 0.0035425730555, 0.0066035141444],
      [2.1253727511e-09, 0.0034038009549, 0.99514473406, 0.0014120421937, 1.3910385444e-05, 2.5510280605e-05],
      [0.030639417819, 0.020365195916, 0.012135176721, 0.84327887424, 0.086141223458, 0.0074401118439],
      [0.04159286785, 0.015776797689, 0.098060605412, 0.011081332147, 0.81001491751, 0.023473479387],
      [0.14469989959, 0.025902005106, 0.022474060596, 0.30430946335, 0.34781834855, 0.15479622281]
    ],
    [
      [4.1690703834e-05, 0.68181818182, 0.24117959856, 0.063950755247, 0.0045676140543, 0.0084421596167],
      [0, 0, 1, 0, 0, 0],
      [0.005234202573, 0, 0.20528359998, 0.78948219745, 0, 0],
      [0.020708485858, 0, 0.095979389885, 0.037228890641, 0.82618168018, 0.01990155344],
      [0.066676138324, 0, 0.04784828167, 0.34637675288, 0.37376839112, 0.16533043601]
    ],
    [
      [5.4287098427e-05, 0.79671078641, 0.14646988306, 0.048583689826, 0.0040376224071, 0.0041437311938],
      [1.5388640375e-09, 0.0033309662219, 0.99516131205, 0.0014756504293, 1.5965166863e-05, 1.6104596392e-05],
      [0.017379637183, 0.025313560952, 0.078082307963, 0.81253483706, 0.065456488387, 0.0012331684573],
      [0.030580892158, 0.00029635302434, 0.00053335840044, 0.031971429213, 0.92137720367, 0.015240763533],
      [0.10900477881, 0.026067015424, 0.022919608284, 0.32745013027, 0.4120973727, 0.10246109452]
    ],
    [
      [4.3726715128e-05, 0.83892907498, 0.11794120645, 0.036338318831, 0.0026337487577, 0.0041139242633],
      [1.5392912059e-09, 0.0039481010659, 0.99464810276, 0.0013710061996, 1.2932582036e-05, 1.9855849556e-05],
      [0.018949741589, 0.029219070851, 0.094939033894, 0.81242454856, 0.042083204955, 0.0023844001518],
      [0.036893748772, 0.00042376687967, 0.00064372080163, 0.035843413777, 0.90351830718, 0.022677042589],
      [0.11737243309, 0.033399892629, 0.024724864009, 0.32769886499, 0.36055893394, 0.13624501134]
    ],
    [
      [8.93782652e-05, 0.78067170705, 0.15069359857, 0.052357905926, 0.0045494172155, 0.011637992977],
      [2.4783987846e-09, 0.0033043137175, 0.99507768747, 0.0015561104057, 1.7597814586e-05, 4.4288115389e-05],
      [0.031919203187, 0.012736716568, 0.010837552371, 0.83069632779, 0.097349328326, 0.016460871759],
      [0.047146286079, 0, 0.0010330137815, 0.005221274048, 0.90693946588, 0.039659960213],
      [0.13389658871, 0.019940755681, 0.017819836395, 0.26603324948, 0.34903301465, 0.21327655509]
    ],
    [
      [0.00012537326431, 0.625, 0.19911122652, 0.073793046605, 0.0058834007855, 0.096086952826],
      [2.6171428046e-09, 0, 0.99608173139, 0.0016509924659, 1.7132281923e-05, 0.0022501412423],
      [0.032119075139, 0, 0, 0.84022768566, 0.10035974525, 0.027293493952],
      [0.045979007078, 0, 0, 0.031732422489, 0.86853685641, 0.053751714028],
      [0.14780075467, 0, 0.00044494621522, 0.25866322547, 0.31291112981, 0.28017994384]
    ],
    [
      [8.8518950936e-05, 0.80452979404, 0.13755513183, 0.048087998655, 0.0034085728953, 0.0063299836362],
      [2.689163101e-09, 0.0036509524852, 0.99474231487, 0.001565898434, 1.444474767e-05, 2.6386776684e-05],
      [0.031850108064, 0.028375576037, 0.059527750404, 0.84290671477, 0.032137194524, 0.0052026562011],
      [0.056628657593, 0.00034525928247, 0.00057124921777, 0.036052149231, 0.87993059952, 0.026472085155],
      [0.16779233126, 0.025413299771, 0.020546100162, 0.30852017575, 0.33077872142, 0.14694937163]
    ],
    [
      [9.8619012488e-05, 0.76901351497, 0.15684100375, 0.056536207927, 0.0050127707908, 0.012497883548],
      [2.6016084796e-09, 0.0030754906171, 0.99526211042, 0.0015987013003, 1.844697319e-05, 4.5248088521e-05],
      [0.032629121416, 0.0050485677179, 0, 0.83005759492, 0.11365064246, 0.018614073487],
      [0.047311797618, 0, 0, 0.0039571148443, 0.91261759285, 0.036113494691],
      [0.1359562068, 0.017965853009, 0.016992309321, 0.26438410372, 0.35393499851, 0.21076652864]
    ],
    [
      [0.00015718414084, 0.625, 0.19297663943, 0.068058105061, 0.0066447723625, 0.107163299],
      [3.3712573462e-09, 0, 0.94908228705, 0.0015645487874, 0.033381780385, 0.015971380406],
      [0.042312274308, 0, 0, 0.78591503513, 0.15729813621, 0.014474554356],
      [0.05203623212, 0, 0, 0, 0.90627924317, 0.041684524714],
      [0.18574360775, 0, 0, 0.23251958088, 0.3427961839, 0.23894062747]
    ],
    [
      [4.2836945303e-05, 0.79254798242, 0.13410465923, 0.060304058838, 0.0046064312943, 0.0083940312784],
      [1.3257862537e-09, 0.0036026212251, 0.91277506507, 0.064297950311, 0.01882516831, 0.00049919375589],
      [0.014689388714, 0.010401792118, 0, 0.87852282884, 0.08888665447, 0.0074993358523],
      [0.021526535386, 0.0002568450568, 0, 0.03472135425, 0.91649086827, 0.027004397033],
      [0.070612021112, 0.021245332631, 0.017265018103, 0.33431520618, 0.3862246584, 0.17033776358]
    ],
    [
      [9.8357257847e-05, 0.77736347089, 0.15036877381, 0.054174807616, 0.0040453859696, 0.013949204462],
      [2.7389536036e-09, 0.003334629133, 0.99497930942, 0.0016170442691, 1.5714260302e-05, 5.330017566e-05],
      [0.038139151217, 0.015994375578, 0.020500323272, 0.8354503326, 0.06827867083, 0.021637146501],
      [0.052110426962, 0.0002849235638, 0.00051728513258, 0.033634008768, 0.86514456523, 0.048308790341],
      [0.14363614988, 0.019489859014, 0.01730401647, 0.26770738508, 0.30242054521, 0.24944204436]
    ],
    [
      [1.7476894895e-05, 0.81625094594, 0.12972396088, 0.044471953487, 0.0040279685515, 0.0055076942478],
      [5.6188545931e-10, 0.0040343347419, 0.99439068515, 0.0015326119902, 1.806488034e-05, 2.4302673706e-05],
      [0.0075147236074, 0.022392456681, 0.02622819569, 0.83174527564, 0.10554301821, 0.0065763301758],
      [0.0088266934142, 0.027801006993, 0.0089274617135, 0, 0.93799208261, 0.01645275527],
      [0.037461574032, 0.030077118733, 0.021971941446, 0.32356097213, 0.44252947909, 0.14439891457]
    ],
    [
      [4.7474842219e-05, 0.75000237286, 0.1788729028, 0.062314886387, 0.0053355521048, 0.003426811005],
      [1.0874123733e-09, 0.0024319705139, 0.99601044053, 0.0015297683013, 1.7048140324e-05, 1.0771427539e-05],
      [0.01471303789, 0.0057088254104, 0.011126705156, 0.85847028793, 0.10703261355, 0.0029485300661],
      [0.019401438986, 0, 0.0086897351841, 0.021320615013, 0.94222249762, 0.0083657131956],
      [0.079124049968, 0.019806355835, 0.023465036525, 0.35241302294, 0.45525261024, 0.069938924497]
    ],
    [
      [8.7840715229e-05, 0.81886318596, 0.12211238191, 0.05076742846, 0.0045064656835, 0.0036626972679],
      [2.8983141711e-09, 0.0039462503468, 0.99381178517, 0.001795403355, 0.00042997147701, 1.6586748519e-05],
      [0.032561956766, 0.017235492587, 0, 0.83607510219, 0.11035691533, 0.0037705331244],
      [0.043752189121, 0, 0, 0.014987671846, 0.92975054991, 0.011509589124],
      [0.15713192425, 0.02395786243, 0, 0.30843857637, 0.43034893554, 0.080122701409]
    ],
    [
      [7.1307171115e-05, 0.83823941037, 0.10733280649, 0.0453579857, 0.0039567333218, 0.0050417569442],
      [2.7106644701e-09, 0.004829733004, 0.94081209814, 0.0018479480634, 0.052483914775, 2.6303305379e-05],
      [0.02954345968, 0.021847713381, 0, 0.8356581556, 0.1071510414, 0.0057996299314],
      [0.040598769295, 0.01003305051, 0, 0.017173044526, 0.9136111169, 0.018584018774],
      [0.13921201864, 0.04421502466, 0, 0.300548033, 0.39565190482, 0.12037301888]
    ],
    [
      [0.00010143500108, 0.80499682896, 0.13153143696, 0.051098629306, 0.0046296618644, 0.007642007909],
      [3.1415500498e-09, 0.0037493843971, 0.98876026531, 0.0016963066197, 2.0001965183e-05, 0.0057740385616],
      [0.036937871822, 0.015028706671, 0, 0.8263866001, 0.11154055968, 0.010106261729],
      [0.048932154769, 0, 0, 0.0067174338014, 0.92023990117, 0.024110510264],
      [0.16900697176, 0.021518727566, 0, 0.27563132588, 0.38540895421, 0.14843402058]
    ],
    [
      [9.9386091131e-05, 0.7934079777, 0.14478301607, 0.050695127338, 0.0048287323843, 0.0061857604118],
      [2.8439626281e-09, 0.003427425956, 0.99497411499, 0.001554887532, 1.9275187798e-05, 2.4293490023e-05],
      [0.036320036068, 0.012522251722, 0, 0.81493243491, 0.12869601817, 0.0075292591351],
      [0.046422031171, 0, 0, 0, 0.93468173732, 0.018896231513],
      [0.16490316432, 0.021632420232, 0.0087329710011, 0.27788692647, 0.40468439483, 0.12216012315]
    ],
    [
      [6.6982514008e-05, 0.75584406303, 0.17191345535, 0.058174934844, 0.0052445110371, 0.0087560532294],
      [1.5516688594e-09, 0.0026083610738, 0.99590244159, 0.0014444127501, 1.6947526365e-05, 2.7835509342e-05],
      [0.021811027192, 0.0034797324761, 0.011184388884, 0.84155198035, 0.11379821547, 0.0081746556249],
      [0.029489171482, 0, 0.0019451811296, 0.0021371222195, 0.94157997075, 0.024848554424],
      [0.10058116393, 0.018891585502, 0.020222122437, 0.29620138834, 0.40319352684, 0.16091021295]
    ],
    [
      [3.7072883179e-05, 0.87176947884, 0, 0.055932307013, 0.068164530535, 0.0040966107238],
      [2.2357184437e-09, 0.0077213634274, 0.66666666667, 0.0036151291511, 0.32196293775, 3.3900767754e-05],
      [0.01279570079, 0.012379904208, 0, 0.85808041778, 0.11281909659, 0.0039248806369],
      [0.016808504645, 0, 0, 0.019101882395, 0.95297574941, 0.011113863548],
      [0.067429627604, 0.026020461372, 0, 0.3449039776, 0.47036982983, 0.091276103591]
    ],
    [
      [0.00014623374296, 0.57142857143, 0.17241535868, 0.092602517527, 0.11052718103, 0.052880137595],
      [3.3797547541e-09, 0, 0.75331480687, 0.0022934931768, 0.24435006935, 4.1627229883e-05],
      [0.030234753512, 0, 0, 0.85965282898, 0.10258083175, 0.0075315857566],
      [0.043172086692, 0, 0, 0.032497738262, 0.89899716576, 0.025333009286],
      [0.15260957588, 0, 0, 0.31687699771, 0.37484293567, 0.15567049073]
    ],
    [
      [8.6281927107e-05, 0.80669912431, 0.14420576324, 0.043771587549, 0.0036990469736, 0.0015381960009],
      [2.4535228879e-09, 0.0033914210089, 0.99525412691, 0.001333773917, 1.4673229286e-05, 6.0024835053e-06],
      [0.036849113645, 0.02114520733, 0.012362626904, 0.83318040698, 0.094639089244, 0.0018235558935],
      [0.048592134154, 0.0088801282753, 0.029181005935, 0.01744709057, 0.89056574087, 0.005333900197],
      [0.18452885454, 0.028497106236, 0.024260522827, 0.31767061491, 0.40478578586, 0.040257115626]
    ],
    [
      [6.0374377645e-05, 0.63636363636, 0.18918612205, 0.079043308455, 0.086655754176, 0.0086908045811],
      [1.3185002267e-09, 0, 0.92939057759, 0.0018498994224, 0.068733478073, 2.6043592539e-05],
      [0.014807302186, 0, 0, 0.86395071794, 0.11532579268, 0.0059161871961],
      [0.021205337327, 0, 0, 0.033853997531, 0.92570025755, 0.019240407588],
      [0.07685854993, 0, 0.018686670315, 0.34993948689, 0.4209052553, 0.13361003756]
    ],
    [
      [8.585239548e-05, 0.83015689299, 0.11996734909, 0.042170527351, 0.0037580343313, 0.0038613438397],
      [2.8345700312e-09, 0.0039522467744, 0.99452087072, 0.0014920722561, 1.7308660656e-05, 1.7498750131e-05],
      [0.037749174947, 0.021870729183, 0.010537443433, 0.82609998579, 0.099027218989, 0.0047154476627],
      [0.050858251493, 0.0034179040842, 2.4896931201e-05, 0.017712360041, 0.91319951262, 0.014787074833],
      [0.17451710591, 0.027268483664, 0.019134535449, 0.29153051198, 0.39161691314, 0.095932449852]
    ],
    [
      [0.00028954007121, 0.58823529412, 0.22329266023, 0.090729456095, 0.067340093594, 0.030112955892],
      [5.4135591106e-09, 0, 0.99644654387, 0.0035202875608, 1.6396264579e-05, 1.6766892591e-05],
      [0.073592658955, 0, 0.0092637810176, 0.82538666289, 0.087540828484, 0.004216068654],
      [0.098086998194, 0, 0.00049039045864, 0.03156099762, 0.85540944025, 0.014452173474],
      [0.30389571972, 0, 0.017796244179, 0.27246947386, 0.32513954334, 0.080699018905]
    ],
    [
      [9.1734155204e-05, 0.82172794241, 0.12878042028, 0.040360610183, 0.0034266616255, 0.0056126313455],
      [2.9732984972e-09, 0.0038867184781, 0.99467070307, 0.0014021218977, 1.5493028869e-05, 2.4960549518e-05],
      [0.039646333117, 0.032507400479, 0.075697596443, 0.77292148591, 0.072222285564, 0.0070048984862],
      [0.058843791564, 0.00034533664467, 0.00053604566978, 0.030333800979, 0.88640739998, 0.023533625163],
      [0.18500341639, 0.026976010927, 0.0204486759, 0.27539672179, 0.35349885633, 0.13867631867]
    ],
    [
      [6.7907383979e-05, 0.81413326083, 0.12942346999, 0.049359325432, 0.004091162507, 0.0029248738633],
      [2.1874812372e-09, 0.0039570227788, 0.99430736638, 0.0017042944222, 1.8383786273e-05, 1.2930448069e-05],
      [0.023165334174, 0.030173973386, 0.0054171993928, 0.84718816219, 0.092828247207, 0.001227083647],
      [0.037842576765, 0.00030760714006, 0.00046831029153, 0.03225391908, 0.91847047757, 0.010657109158],
      [0.13456076713, 0.027200903048, 0.02024161851, 0.33167381499, 0.41544342505, 0.070879471265]
    ],
    [
      [0.00010592530876, 0.83054500962, 0.11488042668, 0.046287304948, 0.0034560065695, 0.0047253268736],
      [3.8300295902e-09, 0.0043292189173, 0.95712274401, 0.035934578864, 1.7431341799e-05, 0.00259602304],
      [0.046675683993, 0.030899458161, 0, 0.84631334412, 0.070776818558, 0.0053346951727],
      [0.067169508622, 0.00033832854566, 0, 0.03413445593, 0.87891386453, 0.019443842371],
      [0.20396556649, 0.02568934178, 0.017382749202, 0.30132210342, 0.34022039488, 0.11141984424]
    ],
    [
      [0.00016054871929, 0.53846153846, 0.2639589265, 0.077634807856, 0.11414438815, 0.0056397903118],
      [2.7616757508e-09, 0, 0.99853921654, 0.0014310988707, 1.6373243637e-05, 1.3308579255e-05],
      [0.037090615181, 0, 0.06206918665, 0.79918497868, 0.098968235653, 0.0026869838318],
      [0.052794418221, 0, 0.00066160885189, 0.02988810271, 0.90453694915, 0.012118921067],
      [0.18448575027, 0, 0.034464598244, 0.30136422134, 0.40020205829, 0.079483371863]
    ],
    [
      [3.4956115951e-05, 0.7, 0.18688050091, 0.076763270971, 0.029665921892, 0.0066553501159],
      [7.7346423742e-10, 0, 0.9866339662, 0.0018202450045, 0.011525584318, 2.0203707116e-05],
      [0.0089315670443, 0, 0, 0.89079002882, 0.09556067468, 0.0047177294516],
      [0.012791642354, 0, 0, 0.038075535253, 0.9350136792, 0.014119143192],
      [0.049011087025, 0, 0.020581890209, 0.38060119068, 0.435380027, 0.11442580509]
    ],
    [
      [6.4281929309e-05, 0.84939734682, 0.10666990939, 0.040005765154, 0.0030131460208, 0.00084955068644],
      [2.4733981837e-09, 0.0048190922827, 0.99351036594, 0.001649880529, 1.6172893392e-05, 4.4858795582e-06],
      [0.030648288405, 0.0247914981, 0.010213611692, 0.84714569439, 0.086076510383, 0.0011243970271],
      [0.041322889757, 0.028173608641, 0.012810615511, 0.055495267592, 0.85916677002, 0.0030308484742],
      [0.16611206012, 0.036166310629, 0.021695140048, 0.35046549799, 0.39869709608, 0.026863895129]
    ],
    [
      [0.00010983409369, 0.81536481539, 0.12662799608, 0.050619726609, 0.0038699562302, 0.0034076715937],
      [3.567645394e-09, 0.0037402057465, 0.99446489976, 0.0017621680903, 1.7535274043e-05, 1.5187563597e-05],
      [0.041060365005, 0.017877861848, 0, 0.85087010782, 0.086656591286, 0.0035350740367],
      [0.062748257175, 0.00029532653214, 0, 0.049021228087, 0.87533368517, 0.012601503039],
      [0.2033552094, 0.028466372554, 0.010710635793, 0.31672189951, 0.3639456267, 0.076800256044]
    ],
    [
      [3.6724862084e-05, 0.81192952327, 0.13115311472, 0.050565084617, 0.0041129029439, 0.0022026495791],
      [0, 0.003944233829, 0.99429708114, 0.0017586850314, 0, 0],
      [0.010921653922, 0.032734467892, 0.016954551092, 0.86269226123, 0.07669706586, 0],
      [0.020755408877, 0.00061882071258, 0.00048157605011, 0.033503347377, 0.93680706301, 0.0078337839762],
      [0.07816310435, 0.029353174159, 0.022032486389, 0.36466817083, 0.44840871845, 0.05737434582]
    ],
    [
      [0.00010300616833, 0.75796629922, 0.17172546186, 0.058599019211, 0.0040841876155, 0.0075220259207],
      [0, 0, 1, 0, 0, 0],
      [0.027088408465, 0.0060569848626, 0.11696889379, 0.84734722713, 0, 0.0025384857506],
      [0.054994444772, 0.00026818588579, 0.009907552201, 0.036605028335, 0.87199287863, 0.026231910178],
      [0.16424653783, 0.019835544196, 0.021467300305, 0.31522601991, 0.33220950981, 0.14701508795]
    ],
    [
      [7.6643998263e-05, 0.73333333333, 0.17363776934, 0.067357241483, 0.016918096771, 0.0086769150715],
      [1.8337850863e-09, 0, 0.99230428253, 0.0017269198506, 0.0059403118697, 2.848391789e-05],
      [0.021836622001, 0, 0, 0.86136405939, 0.10994174468, 0.0068575739341],
      [0.03164820313, 0, 0, 0.033303011721, 0.9116988015, 0.023349983653],
      [0.10913588244, 0, 0.019039486531, 0.33309219523, 0.39045172471, 0.14828071109]
    ],
    [
      [0.00012061256563, 0.7602970315, 0.15847852302, 0.062197488466, 0.0046800766452, 0.014226267804],
      [3.145889727e-09, 0.002878376549, 0.98960227543, 0.0017383514183, 1.702821832e-05, 0.0057639652348],
      [0.036642466363, 0.01392604744, 0, 0.84255344593, 0.085198061086, 0.021679979179],
      [0.055584338306, 0, 0, 0.042893736928, 0.85319484072, 0.048327084045],
      [0.17239239701, 0.0028697243891, 0, 0.28785944631, 0.31120823781, 0.22567019449]
    ],
    [
      [0.0001618522416, 0.68051890627, 0.22614782375, 0.069460720948, 0.006119548734, 0.017591148052],
