{
  "Z_true": {},
  "V_true": [
    [14, 304, 251, 423],
    [720, 268, 2397, 43],
    [311, 181, 10212, 308],
    [227, 11825, 1957, 439],
    [90, 297, 1276, 189],
    [123, 365, 432, 216]
  ],
  "p_true": [
    [0.0141, 0.3065, 0.253, 0.4264],
    [0.21, 0.0782, 0.6992, 0.0125],
    [0.0282, 0.0164, 0.9274, 0.028],
    [0.0157, 0.8185, 0.1355, 0.0304],
    [0.0486, 0.1604, 0.689, 0.1021],
    [0.1083, 0.3213, 0.3803, 0.1901]
  ],
  "Z_est": [
    [
      [0.0006, 0, 0.0012, 0.1287, 0, 0.0218, 0, 0.0034, 0.0594, 0.0184, 0.0115, 0.0048, 0.0208, 0.0166, 0.0285, 0.0097, 0.002, 0.0308, 0.0087, 0.0448, 0.0164, 0.0248, 0.0009, 0.0044, 0.0069, 0.0107, 0.0091, 0.065, 0.0059, 0.0189, 0.0039, 0.0159, 0.0068, 0.0249, 0.0067, 0.0188, 0.0077, 0.0142, 0.3826, 0.0229, 0.017, 0.0376, 0.0132, 0.0191, 0.101, 0.0072, 0.0325, 0.0018, 0.0046, 0.104, 0.0007],
      [0.229, 0, 2.6662, 7.3823, 0, 8.1322, 0, 4.1456, 2.1048, 11.85, 13.0841, 5.6243, 17.0801, 9.347, 35.3359, 6.5146, 0.32, 16.4053, 6.4561, 9.2299, 3.4797, 6.1679, 0.2657, 3.4216, 2.1991, 1.8051, 8.6376, 3.1507, 1.3976, 3.8673, 8.8134, 7.6687, 12.0543, 5.6977, 3.0256, 0.6065, 4.3685, 4.8369, 1.3818, 3.7057, 8.3396, 11.0798, 2.9511, 8.3933, 4.1459, 2.2946, 29.6226, 0.6618, 2.877, 13.6975, 0.3436],
      [0.6848, 0, 7.7233, 16.0306, 0, 16.3203, 0, 9.3942, 7.2648, 16.6384, 14.9853, 5.8914, 21.3956, 16.2237, 40.0823, 14.7203, 0.4702, 23.4501, 8.5101, 21.8762, 4.9726, 10.3597, 0.6372, 4.7405, 4.0656, 5.3043, 13.3792, 8.4518, 3.935, 7.7536, 10.4363, 15.9026, 17.7561, 12.4614, 5.4291, 1.2347, 8.8962, 11.1508, 4.1034, 17.2323, 16.4656, 21.4875, 9.6893, 15.0015, 8.0008, 1.3504, 36.9772, 1.9707, 4.2112, 25.7499, 0.5082],
      [0.0856, 0, 2.6093, 4.4584, 0, 2.5258, 0, 1.4569, 1.571, 2.4932, 2.9191, 1.4796, 4.5035, 2.4127, 8.5532, 3.7554, 0.2078, 5.1139, 2.0251, 3.8491, 1.5313, 2.4476, 0.0962, 0.8335, 0.7283, 0.88, 1.974, 2.3326, 0.6615, 1.3602, 2.7465, 2.4128, 2.1828, 2.816, 0.5386, 0.14, 1.7276, 1.9981, 1.1323, 3.0391, 3.1778, 4.3951, 2.3463, 2.5861, 1.7523, 0.3478, 8.3677, 0.3657, 0.9072, 6.4486, 0.1475]
    ],
    [
      [0.5807, 0.5661, 3.196, 16.2821, 1.0516, 11.8477, 0.3725, 5.832, 2.3727, 23.5731, 16.6444, 10.2665, 14.9444, 19.6337, 15.1954, 8.312, 0.4945, 21.8854, 12.0299, 34.2793, 11.033, 12.8097, 3.0767, 9.5681, 5.0517, 6.6683, 18.7782, 5.7776, 16.4615, 7.657, 3.3935, 14.037, 13.9899, 14.7763, 6.3616, 1.7071, 6.5454, 14.4061, 6.0594, 9.6591, 8.0678, 25.2466, 7.6951, 27.5242, 5.4281, 1.4912, 52.7205, 13.3661, 10.5016, 90.1955, 13.7553],
      [1.0435, 0.1902, 7.022, 12.1564, 1.0142, 10.1589, 0.3889, 8.7597, 1.5497, 44.2736, 36.3249, 25.5342, 33.6552, 31.6064, 36.0132, 10.6089, 0.5073, 27.857, 15.6989, 27.8442, 10.2896, 13.8914, 3.6694, 17.7968, 4.7548, 3.9782, 33.8571, 2.6438, 13.1076, 6.8271, 10.1312, 19.5849, 33.611, 10.9462, 8.2876, 1.1775, 8.79, 13.1593, 3.6666, 6.781, 11.3779, 24.0525, 7.0647, 32.8086, 5.2856, 1.7597, 84.541, 12.4931, 13.4352, 56.2624, 14.075],
      [4.3207, 0.2377, 28.23, 38.8285, 0.7781, 27.7715, 0.2292, 27.1717, 7.7893, 82.2916, 53.3734, 35.5537, 53.5557, 73.9881, 50.1796, 32.466, 0.9514, 51.535, 26.8959, 93.6896, 19.1652, 30.7095, 12.1038, 33.2275, 12.0557, 17.1716, 70.6851, 9.3422, 55.7111, 18.299, 15.1041, 54.8138, 64.9526, 33.7631, 20.2356, 3.0886, 24.3235, 42.9288, 17.9782, 44.9934, 29.1654, 63.7776, 32.4859, 80.719, 16.0677, 0.7406, 138.626, 56.2877, 26.6626, 148.6259, 30.4676],
      [0.0551, 0.006, 1.552, 0.733, 0.1561, 0.2218, 0.0094, 0.2367, 0.2884, 0.8617, 0.6573, 0.6457, 0.8446, 0.7718, 0.6118, 0.6131, 0.0469, 0.7226, 0.3753, 1.1869, 0.5122, 0.5895, 0.15, 0.4076, 0.1378, 0.182, 0.6796, 0.2364, 0.7197, 0.2169, 0.3712, 0.5643, 0.4465, 0.5144, 0.1152, 0.0268, 0.3411, 0.5058, 0.2957, 0.5665, 0.3889, 0.9233, 0.7543, 0.9481, 0.2186, 0.0085, 2.1125, 0.8531, 0.4005, 2.9162, 0.7021]
    ],
    [
      [0.1447, 1.4125, 1.4686, 11.7366, 0.0902, 9.2549, 0, 3.6035, 2.6999, 5.3601, 3.8295, 1.735, 3.1668, 5.6288, 5.2562, 5.1056, 0.197, 11.3904, 5.8085, 14.1673, 3.8685, 4.5404, 0.6833, 2.1957, 2.7485, 4.3406, 5.511, 4.7827, 4.9868, 3.4748, 0.9849, 5.3552, 4.5741, 9.665, 2.5084, 0.3525, 3.2552, 7.6975, 5.5878, 6.5378, 3.791, 12.2634, 2.8417, 9.386, 5.114, 0.7508, 21.3144, 3.4019, 4.1656, 38.5907, 2.3966],
      [0.0062, 0.203, 0.6563, 2.5595, 0.0031, 2.0922, 0, 1.3816, 1.3851, 1.385, 1.5478, 0.5301, 1.2954, 1.2396, 3.5786, 2.0054, 0.0811, 4.847, 1.7597, 1.1494, 0.6311, 0.7584, 0.045, 0.5179, 0.6522, 0.3552, 1.8349, 0.6564, 0.1942, 0.3957, 0.8872, 0.8913, 2.5592, 1.6391, 0.5978, 0.0049, 1.1126, 1.2221, 0.9455, 0.7997, 0.9464, 2.2649, 0.1465, 1.3867, 2.1547, 0.3384, 12.417, 0.1087, 1.2886, 3.7366, 0.1073],
      [7.4286, 10.4077, 168.1735, 372.8913, 1.627, 292.1101, 0, 215.2291, 197.0261, 243.1434, 219.4034, 93.8879, 195.3148, 254.0976, 363.4668, 263.7443, 5.8557, 413.579, 204.9218, 380.4208, 90.9105, 134.739, 20.383, 96.8022, 81.2326, 102.4946, 283.7875, 91.5256, 131.5165, 95.4791, 104.0374, 228.0069, 321.8388, 261.1018, 90.8166, 6.3794, 149.0452, 240.8953, 181.5581, 293.7057, 176.901, 374.7799, 113.887, 313.8585, 238.1173, 15.1533, 905.1929, 105.2078, 135.2091, 683.6635, 53.8239],
      [0.4205, 0.9768, 20.7017, 27.8125, 0.2796, 14.5429, 0, 11.7859, 12.8889, 12.1115, 13.2193, 6.8471, 13.223, 13.034, 25.6984, 22.1446, 0.8663, 27.1836, 14.51, 22.2625, 7.59, 9.9622, 0.8887, 5.4843, 4.3667, 5.8096, 13.8666, 8.0354, 7.3025, 5.6504, 9.0905, 12.7465, 14.0278, 17.5941, 3.0772, 0.2631, 9.587, 14.1851, 11.9086, 15.9568, 12.3615, 23.6919, 10.1248, 17.3688, 12.6139, 0.7576, 59.0756, 6.2816, 8.3367, 46.0092, 3.6722]
    ],
    [
      [0.2741, 1.8889, 1.5797, 9.2244, 0.5154, 9.3708, 1.4491, 3.3209, 1.0559, 13.9429, 12.1274, 7.7038, 8.3329, 10.3324, 15.4581, 4.5339, 0.1993, 15.571, 12.0208, 19.2833, 7.7276, 8.0478, 0.9691, 5.9972, 2.8677, 4.0036, 9.6766, 5.2146, 7.4697, 5.8353, 2.6074, 8.2964, 7.2575, 8.727, 3.2147, 1.6921, 2.9934, 8.1326, 2.9156, 3.3406, 5.3312, 13.8946, 3.5543, 14.9587, 2.2218, 4.0828, 30.908, 5.2751, 5.6252, 52.485, 8.3963],
      [6.7212, 11.4918, 117.916, 284.2078, 7.5721, 251.4242, 10.9461, 162.3124, 75.8389, 445.7307, 503.0482, 274.5795, 418.5559, 335.6229, 780.5389, 203.7522, 6.9854, 517.9136, 318.7731, 354.2389, 136.9914, 181.2736, 18.8933, 179.0294, 76.8994, 68.1426, 393.1678, 65.724, 109.2593, 109.0454, 216.9209, 245.9421, 455.7468, 213.6618, 98.742, 12.1074, 127.7821, 197.084, 83.4347, 102.1943, 194.5175, 370.0736, 86.1833, 387.0574, 126.2299, 69.4935, 1288.6688, 84.7479, 168.5487, 741.1792, 112.5267],
      [3.566, 0.7961, 22.7734, 30.6089, 0.0807, 39.5564, 0.8722, 35.5606, 12.3311, 75.3119, 70.2379, 40.5965, 51.4695, 61.6303, 118.9703, 30.31, 0.2088, 57.7494, 44.4703, 65.6095, 11.2039, 22.7147, 2.5016, 32.1395, 9.6104, 14.582, 63.9099, 5.1053, 24.6725, 20.3161, 30.9058, 58.6704, 87.348, 27.6538, 16.9924, 2.7723, 17.7832, 36.0001, 10.9778, 13.254, 37.7802, 46.7991, 16.4522, 62.0148, 11.4188, 2.2799, 132.6438, 19.0945, 19.0579, 74.4449, 15.0875],
      [0.4387, 0.8232, 11.7309, 13.9589, 0.8318, 8.6486, 0.7326, 6.806, 3.7741, 16.0145, 20.5864, 16.1201, 19.6417, 12.4144, 40.0327, 12.4039, 0.6065, 20.766, 15.7357, 15.8683, 8.0771, 9.964, 0.636, 7.8339, 2.6225, 3.2718, 12.2457, 3.9561, 5.5985, 4.8032, 13.566, 11.0911, 12.6477, 9.9574, 2.0508, 0.4281, 5.4413, 8.7833, 4.6719, 5.2112, 10.3711, 15.2326, 6.8102, 14.9691, 4.1296, 1.1438, 50.7794, 4.8825, 6.7682, 34.8909, 6.9895]
    ],
    [
      [0, 0.1325, 0.1081, 1.214, 0, 1.0426, 0.1785, 0.2978, 0.1374, 0.3875, 0.5152, 0.15, 0.3686, 0.4252, 0.4089, 0.3173, 0, 0.9749, 0.757, 1.3596, 0.4116, 0.3788, 0, 0.167, 0.2114, 0.4087, 0.4999, 0.294, 0.3514, 0.2635, 0.0752, 0.4414, 0.4641, 1.0306, 0.2189, 0.031, 0.2725, 0.646, 0.4344, 0.3771, 0.2937, 1.2389, 0.3725, 1.3061, 0.4626, 0.1349, 1.6547, 0.1344, 0.4285, 2.9104, 0.136],
      [0, 0.115, 0.7274, 3.222, 0, 3.3384, 0.665, 1.4464, 0.5014, 2.0012, 5.2068, 1.358, 3.5828, 1.5684, 5.461, 1.2952, 0, 4.8051, 4.2613, 2.1466, 1.018, 0.9876, 0, 0.8132, 0.5365, 0.5283, 2.7033, 0.3889, 0.3357, 0.5195, 1.2519, 1.3831, 4.7095, 2.3027, 0.7909, 0.0273, 1.0921, 1.3874, 0.6893, 0.4921, 1.205, 3.2059, 0.6796, 4.2092, 1.6618, 1.2233, 10.391, 0.1115, 1.6913, 3.5698, 0.1979],
      [0, 1.5585, 24.5042, 70.7359, 0, 62.7797, 1.8986, 35.8119, 23.2866, 31.764, 49.6686, 15.1286, 39.7216, 33.9056, 58.973, 33.661, 0, 67.511, 47.8151, 62.1293, 15.8606, 19.8161, 0, 13.1614, 11.4593, 17.851, 44.1753, 11.0593, 15.306, 13.2489, 15.9584, 34.857, 60.6897, 50.4519, 14.3829, 0.8993, 23.7126, 37.2749, 26.5741, 31.6622, 27.1469, 66.3329, 24.3714, 70.9774, 41.8875, 4.2429, 130.9255, 7.221, 24.0716, 86.3687, 5.2461],
      [0, 0.194, 3.6604, 6.8281, 0, 3.8393, 0.258, 2.4439, 2.0746, 1.8473, 3.6095, 1.3634, 3.327, 2.1008, 5.1571, 3.7265, 0, 5.709, 4.1665, 4.3644, 1.7098, 1.8175, 0, 0.8583, 0.7927, 1.2119, 2.6216, 1.2577, 1.0069, 0.9681, 1.7145, 2.3185, 3.1366, 4.2148, 0.6073, 0.0425, 1.9228, 2.6918, 2.3022, 2.4686, 2.3544, 5.2222, 2.5765, 4.5073, 2.988, 0.3988, 11.0288, 0.5331, 1.8087, 7.1512, 0.4201]
    ],
    [
      [0, 0, 0.6465, 4.4142, 0.3429, 2.4622, 0, 0.9425, 0.6749, 2.718, 2.872, 1.14, 2.1664, 2.9633, 2.6529, 1.7215, 0.1073, 4.1475, 2.375, 5.8658, 1.9428, 2.1986, 0.27, 1.0677, 1.1138, 0.5681, 3.5251, 0.8661, 1.7247, 1.7505, 0.9352, 1.854, 1.7075, 2.7763, 0.6896, 0.1984, 0.9257, 2.1036, 1.6202, 2.0625, 1.4992, 5.3188, 1.5232, 3.8059, 1.6724, 0.5331, 9.3698, 1.8207, 1.2745, 16.7144, 2.3152],
      [0, 0, 1.012, 3.4719, 0.4106, 1.8541, 0, 0.9544, 0.6201, 3.7596, 6.7882, 2.3739, 4.8306, 3.6158, 7.0724, 1.8237, 0.1062, 5.1721, 3.0509, 3.391, 1.5903, 1.9212, 0.1266, 1.421, 0.958, 0.1905, 5.7994, 0.4362, 0.7055, 1.3451, 3.9955, 1.53, 3.3192, 1.7524, 0.5561, 0.0764, 0.8547, 1.3103, 0.8821, 1.0271, 1.6136, 4.3233, 0.9748, 3.1447, 1.522, 0.8905, 15.3596, 0.877, 1.1592, 8.5545, 1.7495],
      [0, 0, 11.5957, 27.9048, 0.5142, 15.4621, 0, 9.8325, 8.3021, 17.8507, 23.3314, 7.9419, 18.5427, 22.1547, 25.3279, 16.0983, 0.5139, 26.1755, 14.3867, 32.2746, 7.8873, 11.6611, 1.3744, 6.9289, 6.5763, 2.5967, 29.0629, 2.5159, 8.859, 9.9032, 13.5579, 13.7493, 17.4147, 14.568, 4.1434, 0.6257, 7.2394, 12.7501, 9.8084, 18.1525, 12.5409, 31.823, 12.1141, 22.4288, 11.5079, 1.2328, 63.6345, 11.2184, 6.7877, 58.147, 8.8667],
      [0, 0, 4.7458, 8.2091, 0.7325, 3.2216, 0, 2.2707, 2.403, 3.6718, 6.0084, 2.5442, 5.4602, 4.2663, 7.9468, 5.3565, 0.2726, 7.5049, 4.1874, 6.4686, 2.5796, 3.2192, 0.229, 1.5823, 1.3519, 0.6447, 5.6126, 1.1817, 1.7109, 2.0012, 4.5114, 2.8668, 3.5585, 3.9032, 0.6109, 0.0995, 1.9802, 2.8359, 2.6893, 3.7578, 3.3463, 7.5349, 3.3879, 4.6206, 3.2977, 0.3435, 18.6361, 2.0839, 1.7786, 14.5841, 2.0686]
    ]
  ],
  "V_est": [
    [1.4176, 326.8654, 551.2764, 112.4405],
    [663.1694, 822.314, 1914.115, 28.4016],
    [279.7227, 69.3027, 10024.7788, 638.1959],
    [401.9045, 11809.4383, 1708.8973, 527.7597],
    [24.8253, 91.8057, 1608.0459, 127.323],
    [113.9605, 120.2739, 717.8866, 183.8792]
  ],
  "p_est": [
    [0.0014, 0.3295, 0.5557, 0.1133],
    [0.1935, 0.2399, 0.5584, 0.0083],
    [0.0254, 0.0063, 0.9104, 0.058],
    [0.0278, 0.8174, 0.1183, 0.0365],
    [0.0134, 0.0496, 0.8683, 0.0687],
    [0.1003, 0.1059, 0.6319, 0.1619]
  ],
  "EI_Z": {},
  "EI_V": 6.3565,
  "MAE_Z": {},
  "MAE_V": 174.104,
  "MAE_p": 0.0806,
  "runtime": 111.485
}
