{
  "Z_true": {},
  "V_true": [
    [35, 34, 64, 41, 137, 8],
    [18, 63, 45, 48, 338, 23],
    [34, 694, 34, 31, 271, 11],
    [18, 15, 1118, 18, 132, 6],
    [48, 91, 125, 1265, 403, 19],
    [45, 73, 47, 43, 2503, 11],
    [72, 164, 199, 191, 329, 74]
  ],
  "p_true": [
    [0.1097, 0.1066, 0.2006, 0.1285, 0.4295, 0.0251],
    [0.0336, 0.1178, 0.0841, 0.0897, 0.6318, 0.043],
    [0.0316, 0.6456, 0.0316, 0.0288, 0.2521, 0.0102],
    [0.0138, 0.0115, 0.8554, 0.0138, 0.101, 0.0046],
    [0.0246, 0.0466, 0.0641, 0.6484, 0.2066, 0.0097],
    [0.0165, 0.0268, 0.0173, 0.0158, 0.9195, 0.004],
    [0.07, 0.1594, 0.1934, 0.1856, 0.3197, 0.0719]
  ],
  "Z_est": [
    [
      [1.3315, 1.5158, 0.8529, 0.6572, 0.6572, 0.5186, 0.152, 1.2916, 1.5595, 0.7807, 1.6336, 1.3258, 0.8472, 0.6363, 1.0979, 0.7617, 1.4303, 0.5641, 0.4616, 0.1976, 0.6725, 1.1948],
      [3.8508, 2.7506, 3.7593, 2.9006, 2.4005, 3.0049, 0.9502, 3.1506, 3.5708, 1.9504, 2.8006, 2.5505, 0.3001, 1.6003, 2.3505, 0.9002, 2.7006, 1.5003, 0.8502, 0.6501, 9.9835, 6.7514],
      [2.5917, 2.756, 1.749, 2.1113, 1.9393, 1.3962, 1.1417, 2.0383, 1.6343, 1.4944, 3.0427, 3.0557, 2.3467, 1.3962, 3.3155, 1.9427, 2.9063, 1.4284, 1.9097, 1.1356, 2.7265, 2.6328],
      [0.4642, 1.4525, 0.4034, 0.5028, 0.4089, 0, 0.2652, 0.4863, 0, 0.3315, 0.4752, 0.3978, 0.2431, 0.3978, 0.4531, 0.2818, 0.6134, 0.1879, 0.1713, 0.1713, 0.1658, 1.1051],
      [7.7618, 12.5251, 4.2355, 7.8281, 8.5941, 3.0804, 4.4909, 6.0332, 4.2355, 5.443, 13.048, 12.6701, 11.2629, 3.9693, 17.783, 9.1136, 11.3495, 3.3193, 13.6072, 3.8454, 10.4518, 7.3159],
      [0, 0, 0, 0, 0, 0, 0, 0, 0, 0, 0, 0, 0, 0, 0, 0, 0, 0, 0, 0, 0, 0]
    ],
    [
      [0.0212, 0.0127, 0.0246, 0.0136, 0.0136, 0.0153, 0, 0.0323, 0.0238, 0.0195, 0.0212, 0.028, 0.0153, 0.017, 0.0161, 0.0881, 0.0297, 0.0238, 0.0093, 0.0093, 0.0093, 0.0671],
      [3.0105, 2.1504, 3.4585, 2.2677, 1.8767, 2.4632, 0.7429, 2.4632, 3.2015, 1.5248, 2.1895, 1.994, 0.2346, 1.2511, 1.8376, 0.7038, 2.1113, 1.1729, 0.6647, 0.5083, 1.2463, 5.2782],
      [13.1774, 8.1107, 12.911, 8.509, 7.9396, 8.9437, 9.8988, 16.3848, 12.0144, 10.9993, 12.8989, 16.1724, 10.1042, 9.6228, 10.2116, 7.7711, 16.6195, 12.9892, 4.6172, 6.2882, 5.1278, 36.7128],
      [0.8612, 0.2668, 0.7487, 0.0005, 0.7585, 0.7176, 0.5119, 0.9026, 1.5147, 1.2633, 0.8817, 0.7386, 0.4513, 0.7382, 0.8406, 0.5229, 1.221, 0.3491, 0.3179, 0.3179, 0.3076, 2.0512],
      [4.8535, 2.1415, 9.5994, 2.2842, 3.9623, 5.2628, 10.5747, 15.8081, 9.89, 5.8554, 6.818, 12.3323, 4.5313, 5.969, 4.0041, 4.4601, 11.7745, 10.6336, 3.1402, 2.8061, 3.2388, 24.1195],
      [3.0761, 2.3179, 2.2578, 2.925, 1.4493, 0.5974, 1.2717, 2.409, 1.3556, 3.3377, 2.1907, 1.7347, 2.6634, 2.4019, 2.0899, 0.454, 3.244, 2.8314, 2.2507, 1.0702, 1.0702, 10.7713]
    ],
    [
      [3.6263, 3.1598, 2.9635, 1.9991, 1.7414, 2.0918, 0.5016, 4.75, 3.9358, 1.9552, 3.6069, 2.5947, 1.5101, 1.6721, 2.4257, 1.392, 3.1354, 1.3198, 0.8941, 0.5876, 1.3816, 4.49],
      [51.4632, 34.3414, 52.7412, 36.33, 29.2783, 40.9491, 12.5943, 44.299, 48.3025, 25.8515, 39.2358, 28.3048, 4.4382, 22.4809, 32.8469, 12.3546, 35.3712, 17.3468, 12.5206, 9.6162, 41.2699, 86.1006],
      [3.2521, 2.0868, 2.641, 2.504, 1.7479, 2.3933, 0.9623, 1.4227, 2.6438, 1.6219, 2.6768, 2.0664, 6.7982, 1.59, 2.2511, 1.1401, 2.4881, 1.367, 0.1585, 1.6775, 0.2502, 5.7],
      [1.1955, 1.1812, 1.1128, 1.618, 0.8601, 0.9674, 0.5365, 1.1606, 1.2352, 0.7332, 1.0877, 0.8162, 0.4755, 0.7945, 0.9854, 0.5209, 1.218, 0.4292, 0.7993, 0.356, 0.2257, 2.4222],
      [18.4177, 9.2018, 18.4964, 10.5182, 8.348, 14.5985, 4.3943, 17.3278, 14.8826, 8.8157, 14.3574, 4.196, 6.7663, 8.4421, 12.4613, 3.5924, 10.7567, 3.5234, 7.6147, 4.7528, 4.8727, 28.2137],
      [0.0451, 0.0289, 0.0451, 0.0307, 0.0243, 0, 0.011, 0.0399, 0, 0.0226, 0.0353, 0.022, 0.0116, 0.0203, 0.0295, 0, 0.0307, 0.0139, 0.0127, 0.0098, 0, 0.0735]
    ],
    [
      [0.0477, 0.0278, 0.0299, 0.0309, 0.0215, 0.0262, 0, 0.0335, 0.021, 0.0162, 0.0362, 0.0456, 0.2963, 0.0262, 0.0398, 0.0293, 0.0335, 0.0309, 0.01, 0, 0.0141, 0.0922],
      [1.5945, 1.1046, 1.5666, 1.1738, 0.949, 1.2377, 0.4293, 1.2747, 1.4313, 0.7644, 1.1677, 1.1326, 0.104, 0.6975, 1.0318, 0.4721, 1.1188, 0.6886, 0.3489, 0.2252, 2.3002, 2.8427],
      [64.8479, 39.8178, 41.527, 44.2066, 32.0358, 37.4576, 26.9835, 46.9237, 31.6915, 25.4985, 55.2817, 65.4668, 51.2624, 37.4576, 53.0465, 42.7522, 53.1014, 45.202, 10.3412, 31.1156, 18.7797, 132.6141],
      [0.1632, 0.1399, 0.1174, 0.5273, 0.1005, 0.1075, 0.0745, 0.1364, 0.1158, 0.0342, 0.1404, 0.1498, 0.0328, 0.109, 0.1451, 0.0999, 0.0707, 0.0905, 0.0441, 0.064, 0.0522, 0.3436],
      [24.3412, 11.9067, 13.7557, 13.0579, 7.8907, 11.1711, 7.5106, 15.6279, 6.738, 4.6847, 12.3698, 20.2052, 14.3005, 11.7067, 21.7321, 12.6464, 9.6717, 12.9843, 8.2546, 5.5929, 5.8522, 40.0967],
      [0.0055, 0.0032, 0.0034, 0.0036, 0.0025, 0, 0.0021, 0.0039, 0.0024, 0.0019, 0.0042, 0, 0.004, 0.003, 0.0046, 0, 0.0039, 0.0036, 0.0011, 0.0022, 0.0016, 0.0106]
    ],
    [
      [10.7393, 12.0632, 7.6462, 4.7982, 5.1787, 3.9795, 0.3464, 10.2197, 16.8757, 6.0378, 12.125, 12.0963, 6.718, 5.7562, 8.0298, 6.8701, 13.7675, 4.2932, 2.4076, 0.9786, 3.5633, 8.6339],
      [3.9808, 3.8805, 3.6834, 3.0331, 2.9298, 3.3678, 1.421, 2.7269, 4.8041, 2.1891, 2.3767, 4.0435, 0.1255, 0.6692, 2.1615, 1.0268, 2.3548, 1.4951, 0.3555, 0.2719, 7.9609, 7.3102],
      [5.363, 5.4416, 0.9456, 4.0384, 3.9554, 3.7759, 1.7759, 1.0746, 0.8485, 3.8737, 5.277, 7.9154, 4.9538, 3.706, 4.4821, 5.2932, 15.416, 2.5081, 0.2722, 3.8592, 0.4298, 10.464],
      [64.974, 82.739, 57.5849, 63.7155, 57.4652, 53.1797, 37.1613, 65.0426, 73.2668, 44.5953, 66.9632, 55.518, 33.4927, 58.0564, 62.4917, 44.5384, 86.1949, 26.026, 21.9065, 23.3347, 20.5274, 144.7599],
      [25.7912, 23.6106, 23.218, 9.5713, 20.9319, 18.6971, 14.9623, 18.2386, 19.2048, 0, 24.5085, 24.4268, 11.151, 11.0553, 16.9033, 23.2714, 18.1366, 6.2754, 5.7542, 7.2026, 7.2853, 37.6056],
      [1.1517, 1.2651, 0.9218, 0.8434, 0.5389, 0, 0.3331, 0.6976, 0, 3.3042, 0.7497, 0, 0.559, 1.7569, 0.9316, 0, 1.1303, 0.4021, 0.304, 0.353, 0.2333, 3.2263]
    ],
    [
      [2.6384, 3.7386, 0.0954, 0, 0, 0, 0, 2.1341, 0.9827, 1.8881, 4.9816, 1.212, 0.8026, 0.5896, 0.9936, 0.7452, 0.9418, 1.5413, 0, 0, 0, 0],
      [4.4644, 4.5294, 7.0215, 5.7209, 5.1609, 5.0681, 0.5887, 1.9521, 6.4051, 2.3447, 1.7352, 7.0771, 0.1859, 1.6396, 1.4563, 0.5577, 3.9657, 4.4384, 0.5268, 0.4028, 21.0763, 10.9468],
      [3.1717, 1.1741, 0.6104, 4.4402, 1.7294, 1.8342, 0.4162, 0.6936, 0.4994, 1.3521, 7.7084, 3.2995, 3.3439, 2.0824, 0.8651, 2.6872, 2.7382, 5.2982, 0.1757, 6.0236, 0.2774, 6.5301],
      [3.5632, 12.362, 4.4868, 13.6307, 5.8481, 6.8917, 3.5683, 8.5595, 10.6609, 6.3345, 3.6481, 3.0542, 1.8665, 5.0458, 8.2391, 2.1634, 7.2622, 2.0241, 3.0915, 1.9005, 1.2726, 16.8452],
      [150.0755, 137.6949, 113.409, 118.3612, 109.2616, 135.206, 64.4268, 109.6607, 101.4519, 44.7052, 155.9267, 133.3571, 89.7299, 62.1684, 130.9247, 84.8464, 99.3347, 55.27, 73.8625, 64.4052, 34.3736, 323.892],
      [1.0868, 0.501, 0.377, 1.8469, 0, 0, 0, 0, 0, 0.3754, 0, 0, 2.0713, 0.4742, 0.5212, 0, 0.7574, 2.428, 2.3435, 0.2679, 0, 6.7859]
    ],
    [
      [0.5955, 0.4821, 0.3876, 0.501, 0.3876, 0.3687, 0, 0.5388, 0.6015, 0.3025, 0.5955, 0.6975, 0.8105, 0.3025, 0.397, 0.1134, 0.6617, 0.2269, 0.2174, 0.2269, 0.3592, 1.5219],
      [8.6357, 6.2431, 8.7696, 6.5739, 5.4048, 6.9094, 2.2735, 7.1335, 8.2847, 4.3751, 6.4945, 5.8975, 0.6118, 3.6613, 5.3153, 1.9848, 6.3778, 3.3578, 1.7334, 1.3255, 12.1629, 15.77],
      [8.5962, 5.613, 5.616, 6.1905, 4.6526, 5.1991, 3.8217, 6.4623, 4.668, 5.1602, 8.1145, 9.0238, 7.1908, 5.145, 6.828, 3.4134, 8.7306, 6.2071, 1.5255, 4.9003, 2.4086, 18.3462],
      [12.7787, 10.8585, 8.5461, 11.0052, 8.5586, 8.1362, 5.8822, 11.7121, 9.2066, 6.708, 12.8037, 11.3254, 7.4381, 6.8584, 8.845, 2.8727, 14.4199, 4.8931, 4.6694, 4.8555, 7.4488, 32.4728],
      [28.7592, 24.9194, 15.2861, 25.379, 20.0115, 17.9841, 13.6404, 28.3037, 18.5972, 12.4959, 31.9716, 26.8125, 18.2581, 13.6891, 18.1915, 3.0697, 35.9763, 6.994, 12.7665, 11.3949, 13.9256, 81.7567],
      [3.6347, 2.8839, 2.3947, 3.3504, 1.985, 0.4026, 1.3821, 2.8496, 1.642, 2.9583, 3.0202, 2.2433, 2.6907, 2.3437, 2.4231, 0.546, 3.8337, 2.3211, 2.0878, 1.2969, 1.6949, 11.1324]
    ]
  ],
  "V_est": [
    [20.1404, 61.2267, 46.6909, 8.9785, 181.9635, 0],
    [0.511, 42.3516, 258.0244, 16.2838, 164.0594, 53.7698],
    [51.7346, 718.0371, 49.4397, 20.731, 234.5506, 0.5071],
    [0.9089, 23.6559, 987.4111, 2.8588, 292.0978, 0.0674],
    [163.1243, 62.1681, 95.6696, 1243.5341, 367.8017, 18.7022],
    [23.2848, 97.2647, 56.951, 132.3189, 2392.3441, 19.8365],
    [10.296, 129.2959, 137.8134, 212.2949, 480.1829, 59.117]
  ],
  "p_est": [
    [0.0631, 0.1919, 0.1464, 0.0281, 0.5704, 0],
    [0.001, 0.0792, 0.4823, 0.0304, 0.3067, 0.1005],
    [0.0481, 0.6679, 0.046, 0.0193, 0.2182, 0.0005],
    [0.0007, 0.0181, 0.7555, 0.0022, 0.2235, 0.0001],
    [0.0836, 0.0319, 0.049, 0.6374, 0.1885, 0.0096],
    [0.0086, 0.0357, 0.0209, 0.0486, 0.8789, 0.0073],
    [0.01, 0.1257, 0.1339, 0.2063, 0.4667, 0.0575]
  ],
  "EI_Z": {},
  "EI_V": 10.7622,
  "MAE_Z": {},
  "MAE_V": 45.8058,
  "MAE_p": 0.0543,
  "runtime": 1.335
}
