{
  "X": [
    [8, 6, 21, 27, 53, 84, 1],
    [13, 12, 43, 21, 121, 95, 1],
    [7, 1, 29, 28, 121, 101, 1],
    [14, 8, 29, 19, 124, 125, 1],
    [6, 7, 28, 31, 84, 91, 0],
    [6, 7, 29, 24, 72, 92, 0],
    [22, 10, 76, 47, 132, 194, 2],
    [4, 7, 36, 28, 80, 88, 2],
    [8, 1, 39, 40, 97, 105, 0],
    [10, 19, 25, 57, 87, 140, 2],
    [9, 16, 14, 59, 76, 144, 3],
    [16, 16, 23, 45, 72, 95, 0],
    [11, 17, 22, 62, 85, 147, 0],
    [6, 16, 23, 87, 98, 173, 0],
    [7, 29, 26, 50, 76, 128, 0],
    [15, 17, 41, 43, 80, 167, 0],
    [5, 11, 26, 52, 78, 101, 1],
    [19, 11, 32, 45, 69, 146, 1],
    [10, 7, 12, 34, 90, 93, 0],
    [10, 10, 7, 52, 93, 95, 1],
    [7, 16, 20, 64, 85, 111, 1],
    [6, 15, 25, 54, 92, 122, 0],
    [9, 8, 16, 43, 79, 119, 0],
    [7, 8, 5, 52, 97, 102, 2],
    [3, 7, 13, 44, 71, 76, 1],
    [11, 10, 8, 33, 70, 79, 1],
    [15, 11, 76, 31, 81, 143, 1],
    [4, 11, 23, 19, 66, 83, 0],
    [3, 7, 36, 37, 72, 82, 0],
    [4, 12, 43, 22, 85, 93, 1],
    [17, 18, 43, 43, 66, 121, 2],
    [16, 19, 41, 48, 77, 137, 0],
    [16, 22, 90, 51, 108, 204, 0],
    [8, 13, 36, 42, 87, 139, 0],
    [10, 15, 29, 67, 68, 106, 2],
    [4, 16, 36, 26, 78, 109, 0],
    [12, 19, 31, 45, 137, 149, 0],
    [19, 18, 35, 33, 52, 67, 2],
    [28, 15, 46, 37, 60, 77, 3],
    [12, 11, 42, 12, 62, 60, 1],
    [6, 17, 42, 26, 80, 120, 0],
    [15, 10, 40, 19, 62, 70, 0],
    [18, 11, 31, 55, 105, 150, 2],
    [26, 7, 31, 56, 128, 132, 1],
    [10, 35, 42, 64, 115, 121, 2],
    [17, 12, 56, 47, 110, 130, 3],
    [4, 14, 41, 73, 93, 132, 2],
    [18, 21, 38, 32, 112, 147, 0],
    [12, 7, 11, 33, 68, 70, 0],
    [6, 20, 69, 37, 99, 149, 0],
    [11, 7, 31, 26, 67, 135, 1],
    [7, 7, 19, 47, 97, 143, 1],
    [16, 11, 10, 47, 82, 97, 1],
    [15, 9, 23, 48, 79, 86, 0],
    [13, 13, 17, 63, 112, 130, 1],
    [9, 8, 36, 48, 123, 115, 1],
    [13, 7, 34, 50, 99, 197, 1],
    [12, 5, 44, 66, 132, 213, 4],
    [7, 7, 56, 38, 107, 140, 2],
    [11, 13, 22, 40, 117, 181, 1],
    [16, 12, 41, 26, 91, 128, 1],
    [14, 6, 39, 24, 72, 82, 0],
    [11, 21, 78, 49, 155, 204, 4],
    [15, 18, 39, 46, 89, 78, 0],
    [14, 13, 25, 29, 80, 83, 0],
    [8, 14, 23, 29, 67, 91, 1],
    [60, 133, 373, 380, 736, 1074, 4]
  ],
  "W": [
    [7, 23, 32, 55, 62, 21],
    [24, 32, 25, 42, 121, 62],
    [14, 19, 32, 50, 120, 53],
    [14, 16, 33, 55, 142, 60],
    [5, 29, 41, 55, 83, 34],
    [14, 26, 31, 49, 85, 25],
    [21, 53, 72, 112, 150, 75],
    [19, 30, 22, 49, 86, 39],
    [16, 29, 45, 61, 102, 37],
    [4, 16, 80, 80, 108, 52],
    [4, 11, 76, 81, 102, 47],
    [7, 20, 57, 63, 79, 41],
    [6, 30, 79, 93, 72, 64],
    [6, 27, 98, 106, 109, 57],
    [14, 21, 60, 98, 69, 54],
    [3, 36, 61, 106, 88, 69],
    [7, 19, 65, 62, 80, 41],
    [5, 30, 74, 88, 83, 43],
    [4, 8, 52, 63, 98, 21],
    [9, 8, 64, 58, 99, 30],
    [7, 19, 74, 66, 108, 30],
    [3, 18, 64, 78, 108, 43],
    [5, 18, 56, 70, 84, 41],
    [8, 8, 75, 52, 105, 25],
    [2, 14, 51, 47, 77, 24],
    [10, 5, 48, 33, 82, 34],
    [26, 73, 49, 72, 96, 42],
    [12, 18, 35, 48, 65, 28],
    [5, 33, 44, 49, 75, 31],
    [11, 39, 25, 63, 91, 31],
    [7, 49, 55, 79, 78, 42],
    [12, 43, 64, 85, 97, 37],
    [8, 82, 65, 135, 144, 57],
    [15, 39, 47, 88, 95, 41],
    [10, 37, 74, 50, 72, 54],
    [6, 33, 30, 65, 93, 42],
    [5, 26, 65, 87, 157, 53],
    [4, 24, 38, 46, 74, 40],
    [13, 41, 47, 40, 84, 41],
    [2, 33, 21, 37, 74, 33],
    [6, 43, 26, 86, 92, 38],
    [7, 30, 24, 48, 68, 39],
    [21, 29, 75, 72, 120, 55],
    [8, 21, 80, 79, 139, 54],
    [4, 24, 86, 77, 125, 73],
    [6, 41, 82, 78, 122, 46],
    [14, 36, 85, 83, 105, 36],
    [14, 29, 56, 82, 129, 58],
    [3, 10, 43, 39, 68, 38],
    [13, 80, 47, 88, 110, 42],
    [9, 31, 49, 77, 81, 31],
    [6, 15, 65, 93, 106, 36],
    [8, 13, 48, 68, 88, 39],
    [7, 26, 53, 57, 76, 41],
    [11, 19, 79, 94, 118, 28],
    [4, 34, 63, 76, 125, 38],
    [24, 29, 79, 112, 110, 47],
    [16, 47, 82, 120, 143, 68],
    [16, 42, 56, 67, 125, 51],
    [17, 24, 68, 89, 132, 55],
    [20, 38, 29, 79, 104, 45],
    [21, 38, 34, 39, 79, 26],
    [20, 83, 66, 119, 181, 53],
    [3, 31, 46, 46, 107, 52],
    [5, 22, 41, 49, 88, 39],
    [15, 21, 36, 51, 78, 32],
    [108, 372, 414, 642, 759, 465]
  ],
  "method": "mvn_pdf",
  "cond_prob": [
    [
      [0.05210595046, 7.9326450653e-06, 0.072613042477, 0.0008912779072, 0.24251028392, 0.62048154969, 0.011389962905],
      [0.0026177633674, 0.016611289064, 0.72296226179, 0.02665842757, 0.0016931290505, 0.22695121172, 0.002505917439],
      [0.046917697869, 0.0090269984191, 3.261965763e-05, 0.63479269312, 0.035651532398, 0.26729301771, 0.006285440826],
      [0.0022214241624, 0.046121732076, 0.00323527289, 0.05977132346, 0.038735495399, 0.84991455135, 2.0066324391e-07],
      [0.062054648152, 0.0018730716849, 0.033845566397, 0.011731113477, 0.69682175592, 0.19089044023, 0.0027834041424],
      [0.084753178712, 0.1218969124, 0.079107526949, 0.10597085726, 0.24526683772, 0.36299398464, 1.0702325692e-05]
    ],
    [
      [0.044745951316, 8.8401263299e-06, 0.11565604884, 0.00057822588615, 0.30537222317, 0.52572417397, 0.0079145367002],
      [0.0016690408421, 0.013660177616, 0.82666757192, 0.0127917222, 0.0015798378849, 0.14233512605, 0.0012965234878],
      [0.054807057565, 0.013696668877, 7.0872756513e-05, 0.55543496865, 0.061327778737, 0.30870676382, 0.0059558896018],
      [0.0022156385838, 0.059275204961, 0.005962155269, 0.044734316868, 0.056572430962, 0.83124009024, 1.6311351978e-07],
      [0.046128916839, 0.0018168471295, 0.046852438849, 0.006622454106, 0.75587220575, 0.1410128596, 0.0016942777279],
      [0.071185077502, 0.13266934327, 0.1236306577, 0.0672986373, 0.30301727236, 0.30219163307, 7.3788068981e-06]
    ],
    [
      [0.028022149834, 3.5219732791e-06, 0.10161234341, 0.00066483198951, 0.3163121121, 0.54491860872, 0.0084664319702],
      [0.0011568483883, 0.0060051571884, 0.81036347075, 0.01624175035, 0.0018084328271, 0.16289450123, 0.0015298392589],
      [0.032121962233, 0.0051013838231, 5.819619374e-05, 0.59785217936, 0.059411051155, 0.29948850131, 0.0059667259225],
      [0.0013859578641, 0.023459144901, 0.0052190760214, 0.051343499435, 0.058433972552, 0.86015817545, 1.7377485035e-07],
      [0.028604997646, 0.00071640802861, 0.040764736619, 0.0075369952114, 0.77593114446, 0.14465320813, 0.001792509902],
      [0.048969477055, 0.057493779802, 0.11940571225, 0.085049854636, 0.3449686266, 0.34410389053, 8.6591213364e-06]
    ],
    [
      [0.039356648296, 5.937019442e-06, 0.10217943754, 0.00039054933107, 0.24383580361, 0.60724499176, 0.0069866324335],
      [0.0015963699367, 0.0099533761283, 0.79809434982, 0.0093708353898, 0.0013726308312, 0.17836833953, 0.0012440983649],
      [0.057442543145, 0.010946752833, 7.451421662e-05, 0.44206894221, 0.058384220672, 0.42480206109, 0.0062809658337],
      [0.0018017370931, 0.036695359271, 0.0048625575254, 0.027871310784, 0.041776843823, 0.88699205825, 1.3325601116e-07],
      [0.047459389886, 0.0014261227241, 0.048438950742, 0.005227248165, 0.70531163827, 0.19038453652, 0.0017521136972],
      [0.069802162968, 0.098920934087, 0.12184771943, 0.050551834836, 0.26982078969, 0.3890492865, 7.2724884868e-06]
    ],
    [
      [0.031494876216, 6.9451784441e-06, 0.077840818648, 0.00066704999619, 0.32965155371, 0.55824269442, 0.0020960618346],
      [0.0015762604555, 0.014418811625, 0.75863537503, 0.019800024102, 0.0022827302934, 0.20281724323, 0.00046955526934],
      [0.035600005314, 0.0099182870592, 4.3950001964e-05, 0.5898238199, 0.060856955899, 0.30228516023, 0.0014718216011],
      [0.0014871546695, 0.044436852677, 0.0038279480164, 0.049271223236, 0.058084582402, 0.84289219691, 4.2094067076e-08],
      [0.031153563925, 0.0013670988355, 0.030222068436, 0.0073167498778, 0.78623506368, 0.14326837613, 0.00043707910663],
      [0.05205082331, 0.10819867808, 0.086414494109, 0.08061312062, 0.33971905177, 0.33300175848, 2.0736236197e-06]
    ],
    [
      [0.030485309436, 8.6251884263e-06, 0.10038020772, 0.00069580116735, 0.23630696266, 0.62999393583, 0.0021291580035],
      [0.001220093485, 0.014313562109, 0.78361357399, 0.016502160692, 0.0013109930875, 0.18265877563, 0.00038084101596],
      [0.032715847763, 0.011703463138, 5.3692769338e-05, 0.58908037125, 0.041483960928, 0.32354599656, 0.0014166675895],
      [0.0013026065755, 0.050021608261, 0.0044568392681, 0.046510556615, 0.037735426675, 0.85997292395, 3.8652492085e-08],
      [0.037562627033, 0.0021111194688, 0.048452628397, 0.0094940174095, 0.70080976322, 0.20101740346, 0.00055244100829],
      [0.05035834376, 0.13521825641, 0.11140133706, 0.084173870863, 0.24338456342, 0.37546152507, 2.1034229361e-06]
    ],
    [
      [0.049016096494, 5.4973719098e-06, 0.17061257312, 0.00049699563783, 0.22096543118, 0.5468400129, 0.012063393298],
      [0.0013229691154, 0.0061301307899, 0.87523666708, 0.0079388388494, 0.00082812619797, 0.10711672532, 0.0014265426523],
      [0.065871663566, 0.0093264092599, 0.00011464198395, 0.51348668619, 0.048762061965, 0.3524821231, 0.0099564139372],
      [0.0024514231436, 0.037074554476, 0.0088730019045, 0.038727083805, 0.041374643917, 0.87149904213, 2.5062813623e-07],
      [0.061471756066, 0.0013742013376, 0.08410174988, 0.0069239029688, 0.66430611234, 0.17868376284, 0.0031385145607],
      [0.083480713027, 0.087718860265, 0.19530415151, 0.061776711715, 0.23485928572, 0.33684824877, 1.202899425e-05]
    ],
    [
      [0.024534047415, 7.2551118519e-06, 0.11346893527, 0.0012601582353, 0.25464749815, 0.56656776171, 0.039514344109],
      [0.00089896468289, 0.010999690393, 0.80291232674, 0.027370995774, 0.0012913204331, 0.15032111301, 0.0062055889737],
      [0.017751304654, 0.0066475519194, 4.1045384273e-05, 0.7315895057, 0.030194066558, 0.19643035021, 0.01734617557],
      [0.0011091004473, 0.044359403937, 0.0053253192466, 0.089206382367, 0.042971207159, 0.81702786565, 7.2119681416e-07],
      [0.028787550641, 0.001694160484, 0.052208314307, 0.016406896341, 0.7189618977, 0.17252995588, 0.0094112246464],
      [0.039211263366, 0.10948278754, 0.12190465851, 0.14827813943, 0.25392890388, 0.32715826802, 3.597925152e-05]
    ],
    [
      [0.033309807807, 3.7542048504e-06, 0.13583004338, 0.00087829164608, 0.28398352948, 0.54330207496, 0.0026924985155],
      [0.0010736240414, 0.0050029190125, 0.8485275645, 0.016767240477, 0.0012685895838, 0.12697460078, 0.00038546160544],
      [0.032189870397, 0.0045815921798, 6.5426516378e-05, 0.66497091368, 0.044928393321, 0.25165487711, 0.0016089267937],
      [0.0016275533793, 0.024734810966, 0.0068873110472, 0.067103331875, 0.05184670478, 0.84780023239, 5.5558201675e-08],
      [0.0361366262, 0.00081075503798, 0.057798952413, 0.010574984463, 0.74088899337, 0.15317680075, 0.00061288776677],
      [0.055771833661, 0.058700780152, 0.15279480637, 0.10764094461, 0.29656142252, 0.3285275315, 2.6811821863e-06]
    ],
    [
      [0.03182687066, 1.3980669698e-05, 0.10442052971, 0.00075027161307, 0.20347511174, 0.64048303031, 0.019030205297],
      [0.0012215491229, 0.022183868524, 0.77745974635, 0.017009778369, 0.001083760208, 0.17786862268, 0.0031726747497],
      [0.032467153327, 0.018016856008, 5.3115036828e-05, 0.59043115488, 0.034041058731, 0.3130908147, 0.011899847319],
      [0.0013064180411, 0.077659211766, 0.0044443289448, 0.047986368818, 0.031221465998, 0.83738188471, 3.2171833353e-07],
      [0.042822888705, 0.0037462115775, 0.055211962141, 0.011199165896, 0.65774474702, 0.22399892993, 0.0052760947318],
      [0.049120331462, 0.20442693413, 0.10839563854, 0.08461909063, 0.19601227621, 0.35740866524, 1.7063787027e-05]
    ],
    [
      [0.029029500708, 1.1753428558e-05, 0.056450522527, 0.00089653392636, 0.16756555312, 0.68504655623, 0.060999580069],
      [0.0016828243019, 0.028168334166, 0.63573824897, 0.03069648127, 0.0013485107288, 0.2872053149, 0.015160285667],
      [0.025697457101, 0.013144854868, 2.5007791529e-05, 0.61349940414, 0.024340270822, 0.29041821198, 0.032874793292],
      [0.0011379667676, 0.062308618706, 0.0023016177878, 0.054756476985, 0.024562485673, 0.85493186555, 9.6852986313e-07],
      [0.044224584843, 0.0035632216621, 0.033867138772, 0.015138488144, 0.61338181569, 0.27092256245, 0.018902188435],
      [0.048708609984, 0.18677302382, 0.063699407819, 0.10996761693, 0.17545732892, 0.4153355437, 5.8468823399e-05]
    ],
    [
      [0.083778627674, 1.5602309593e-05, 0.090727490607, 0.00089096826426, 0.26576986629, 0.55627295411, 0.0025444907429],
      [0.0036178947057, 0.028047023349, 0.76852767303, 0.022868514862, 0.0015962909269, 0.17485194922, 0.00049065390387],
      [0.075583004583, 0.017793958294, 4.0817336648e-05, 0.62549170392, 0.039222575803, 0.24044647894, 0.0014214611293],
      [0.0037182116031, 0.094460013383, 0.004198837893, 0.062032592467, 0.044210028265, 0.79138026841, 4.7976983925e-08],
      [0.091371011575, 0.0033867410021, 0.038824982243, 0.010775348269, 0.69757822504, 0.15748107508, 0.00058261678999],
      [0.11576592207, 0.20458107191, 0.08404651768, 0.089905077139, 0.2285564141, 0.27714290494, 2.0921568453e-06]
    ],
    [
      [0.039888221126, 9.7300505442e-06, 0.045567481434, 0.00082801119322, 0.304346059, 0.60670984751, 0.0026506496878],
      [0.0028196688329, 0.028486532463, 0.61873524616, 0.034682999616, 0.0029786495746, 0.31146377905, 0.00083312430185],
      [0.038604830236, 0.011890773514, 2.213099373e-05, 0.6182755123, 0.04820945608, 0.28141071037, 0.001586586499],
      [0.0017209227414, 0.056751369518, 0.0020531651442, 0.055735259995, 0.049028772283, 0.83471046202, 4.8296519063e-08],
      [0.041528454972, 0.0020197380665, 0.018690645306, 0.009574399288, 0.763294979, 0.16431281501, 0.00057896836187],
      [0.063150165761, 0.1450251058, 0.048459146796, 0.095761101715, 0.30054867805, 0.34705330643, 2.4954574279e-06]
    ],
    [
      [0.025044359039, 9.7748055713e-06, 0.05316179004, 0.0012115142027, 0.23069449583, 0.68654929393, 0.0033287721537],
      [0.0015329024566, 0.024713924341, 0.62273363171, 0.043832845666, 0.0019562575274, 0.30432993934, 0.00090049895993],
      [0.018673499959, 0.009206675876, 1.9881624795e-05, 0.69698419887, 0.028219242293, 0.2453651576, 0.0015313437778],
      [0.00096418858443, 0.050746890749, 0.0021307245354, 0.072618032183, 0.033162725728, 0.8403773844, 5.3818426991e-08],
      [0.031497078679, 0.0024496170335, 0.026341973725, 0.016918280803, 0.6972942209, 0.22462268798, 0.00087614087834],
      [0.039502799936, 0.14532674985, 0.056392123776, 0.13981125295, 0.22720785298, 0.39175610573, 3.1147828997e-06]
    ],
    [
      [0.033203518321, 2.5743716107e-05, 0.099883034602, 0.00087731358761, 0.29091000473, 0.57243699175, 0.0026633932894],
      [0.0013184872517, 0.042330091054, 0.7688785396, 0.020618147048, 0.0015992548095, 0.16478591208, 0.00046956815244],
      [0.031035601419, 0.030416126953, 4.6588889915e-05, 0.63598780617, 0.044495932811, 0.25647824483, 0.0015396989239],
      [0.0013643666304, 0.14359685711, 0.0042621926153, 0.056263033861, 0.044616980035, 0.74989652352, 4.6224085287e-08],
      [0.035415729667, 0.0054729354149, 0.041856661178, 0.010391921033, 0.74744798974, 0.15881834785, 0.00059641512047],
      [0.041605594344, 0.30687990817, 0.084129725058, 0.080446006982, 0.22745026875, 0.2594865087, 1.9880000443e-06]
    ],
    [
      [0.047690045315, 9.0445371421e-06, 0.099545699941, 0.00059793440079, 0.21267431104, 0.63728774972, 0.002195215045],
      [0.0019428493319, 0.015247477144, 0.778378204, 0.0144288839, 0.0012028307261, 0.18840109853, 0.00039865635967],
      [0.055347457657, 0.013248415423, 5.7754731407e-05, 0.53491827256, 0.040475993338, 0.35437348636, 0.0015786199362],
      [0.0020351913072, 0.052169972335, 0.0044231112701, 0.039810618638, 0.033975345022, 0.86758572171, 3.9714777957e-08],
      [0.06174619909, 0.002331757206, 0.050634031894, 0.008590031737, 0.66162553938, 0.21447442495, 0.0005980157451],
      [0.078695103716, 0.14028016649, 0.11033547583, 0.072007398071, 0.21886722429, 0.37981247042, 2.1611887654e-06]
    ],
    [
      [0.026411917795, 9.5903709998e-06, 0.11783115203, 0.00089243656681, 0.27669321374, 0.56963678058, 0.0085249089158],
      [0.0009362712504, 0.014063521311, 0.81747342693, 0.018698033411, 0.0013576766845, 0.14614859921, 0.0013224711969],
      [0.025024735103, 0.011476335885, 5.5528704554e-05, 0.65701659811, 0.04286723383, 0.25858940675, 0.0049701616186],
      [0.0011984949226, 0.058892348575, 0.0055346557423, 0.063195662707, 0.046821453793, 0.82435722358, 1.6068312151e-07],
      [0.029312766168, 0.0021199649768, 0.051308700898, 0.010990235558, 0.74005019879, 0.16425665205, 0.0019614815638],
      [0.041251662923, 0.14168265607, 0.12376583346, 0.10198131914, 0.26970779275, 0.32160293325, 7.802420504e-06]
    ],
    [
      [0.077094769656, 7.8784341491e-06, 0.088738425535, 0.0005627214069, 0.20287804123, 0.62401575611, 0.0067024076239],
      [0.0034148752389, 0.014486073713, 0.76368898602, 0.014792175745, 0.0012506073441, 0.20105741458, 0.0013098673648],
      [0.090022668403, 0.01160677965, 5.1717225574e-05, 0.5057563015, 0.038808545543, 0.34893475668, 0.0048192309957],
      [0.0033745818686, 0.046760541843, 0.0040512260918, 0.03852253737, 0.033305073134, 0.87398591692, 1.2276785895e-07],
      [0.10000664167, 0.0020327882307, 0.04518413212, 0.0080902199119, 0.63273187448, 0.21014823951, 0.001806104076],
      [0.12785313154, 0.12278198413, 0.098716653433, 0.067980818072, 0.20953939783, 0.37312149598, 6.5190159795e-06]
    ],
    [
      [0.047741711025, 7.9764958625e-06, 0.082801170559, 0.00060016424893, 0.32105236899, 0.54559106485, 0.002205543832],
      [0.002233724618, 0.015478368506, 0.77797703695, 0.016631527419, 0.0020861794466, 0.18513268113, 0.00046048193413],
      [0.056794376039, 0.011998456996, 4.893013432e-05, 0.55600359468, 0.062377902826, 0.31114691446, 0.0016298248638],
      [0.0022894291786, 0.05208832792, 0.0041210781005, 0.045115295321, 0.057570693923, 0.83881513056, 4.4998245719e-08],
      [0.047572330835, 0.00158021844, 0.032381176797, 0.0066275126427, 0.77034001895, 0.14103621052, 0.00046253180791],
      [0.077072729378, 0.12179345363, 0.089762506036, 0.07072921279, 0.32290983349, 0.31773013907, 2.1256081296e-06]
    ],
    [
      [0.045033285373, 1.0822751731e-05, 0.045372118532, 0.0010560814482, 0.30840694242, 0.59117681475, 0.0089439347328],
      [0.0031225020383, 0.031151671294, 0.61923562425, 0.043389978669, 0.0029668594432, 0.29741224695, 0.0027211173516],
      [0.036879467542, 0.011213262562, 1.8612160543e-05, 0.67404970204, 0.041318240187, 0.23201658741, 0.0045041280927],
      [0.0019358013791, 0.063251720504, 0.0020356157376, 0.071038975018, 0.049547031665, 0.81219069568, 1.6001780018e-07],
      [0.046209916521, 0.0022109902384, 0.018349349745, 0.012018796874, 0.76181066205, 0.15749863178, 0.0019016527903],
      [0.068113742153, 0.15541098448, 0.046074437721, 0.1168563658, 0.29073031035, 0.32280624292, 7.9165750189e-06]
    ],
    [
      [0.031465769401, 1.9543850549e-05, 0.07406122899, 0.0013016825849, 0.22542266193, 0.65909895164, 0.0086301616029],
      [0.0015089404464, 0.038842342926, 0.69055113272, 0.036919316477, 0.0014996060609, 0.22886394497, 0.0018147163974],
      [0.022056468674, 0.017334965942, 2.5936516723e-05, 0.70963543595, 0.025895053419, 0.22133277189, 0.0037193676058],
      [0.0011813354913, 0.099749175111, 0.0028891819486, 0.076276589638, 0.031618393556, 0.78828518947, 1.3478959361e-07],
      [0.039640648769, 0.0048997933596, 0.036680521947, 0.018183382789, 0.68276994159, 0.21557016491, 0.002255546631],
      [0.042372786481, 0.25186307647, 0.067035926957, 0.12841348603, 0.18939907951, 0.32090882302, 6.8215362695e-06]
    ],
    [
      [0.026904197626, 1.2430036276e-05, 0.10524502808, 0.00097170089177, 0.24204099814, 0.6221469617, 0.0026786835249],
      [0.0010298950807, 0.019668301685, 0.78331730524, 0.021979924495, 0.0012841633187, 0.17226591398, 0.00045449619596],
      [0.023659024691, 0.013815814404, 4.6137723461e-05, 0.66393570332, 0.034877496751, 0.26220793759, 0.0014578855233],
      [0.0011183521042, 0.069933977836, 0.0045334985947, 0.063005361817, 0.0375689069, 0.82383985576, 4.6988356335e-08],
      [0.032588735562, 0.0029974242942, 0.050065464835, 0.013058675512, 0.70482187907, 0.1957866518, 0.00068116893102],
      [0.040599200655, 0.17774898805, 0.10681544754, 0.10734896246, 0.22798991251, 0.33949508053, 2.4082528128e-06]
    ],
    [
      [0.037278678011, 6.9943043317e-06, 0.052517446186, 0.00078770854628, 0.25897789881, 0.64813535638, 0.0022959177565],
      [0.0023633512709, 0.018369803972, 0.64880563631, 0.029583155815, 0.0022761746119, 0.29795268465, 0.00064919337009],
      [0.036825224811, 0.0087251111806, 2.5975634121e-05, 0.60455030679, 0.041865315881, 0.30660209805, 0.0014059676514],
      [0.001557726417, 0.039531664912, 0.002288903549, 0.051429559677, 0.040441024351, 0.8647510804, 4.0692760574e-08],
      [0.043331205141, 0.0016176701229, 0.024019739128, 0.010150935272, 0.72486639443, 0.19545274025, 0.00056131565039],
      [0.063051844053, 0.1113113429, 0.059659755401, 0.097352237086, 0.27309464272, 0.3955278609, 2.3169378989e-06]
    ],
    [
      [0.03032253208, 9.0260951121e-06, 0.035114153135, 0.00079701897509, 0.29140502398, 0.62151342273, 0.020838823001],
      [0.002443484454, 0.030157605124, 0.55604483147, 0.037984637346, 0.0032544381254, 0.36281491882, 0.0073000846666],
      [0.029797828651, 0.011217922704, 1.7315404558e-05, 0.60699445695, 0.04684864374, 0.29257645403, 0.012547378516],
      [0.0012931117376, 0.052210655298, 0.0015636912478, 0.053047334136, 0.046386038852, 0.84549880304, 3.6568505612e-07],
      [0.032881825766, 0.0019485490863, 0.015034752248, 0.009582227048, 0.76095675012, 0.17494791512, 0.0046479806085],
      [0.050181818264, 0.14194996745, 0.039066865804, 0.096421430124, 0.30084879053, 0.37151113551, 1.9992315243e-05]
    ],
    [
      [0.024952241688, 9.1255660213e-06, 0.060562267455, 0.0011499135812, 0.2981264268, 0.60412395378, 0.011076071129],
      [0.0014198956685, 0.021537034138, 0.68445393343, 0.038713889276, 0.0023462376691, 0.24878178286, 0.0027472269611],
      [0.019419281705, 0.0089817092127, 2.3520613685e-05, 0.70329057786, 0.03786963878, 0.22511964148, 0.005295630345],
      [0.0010604019484, 0.052647011852, 0.0026744027789, 0.076441894402, 0.047193920919, 0.81998217385, 1.94253294e-07],
      [0.026489503123, 0.0019263227267, 0.025265204434, 0.013522084806, 0.76425432635, 0.16611984383, 0.002422714728],
      [0.038942204157, 0.13540071054, 0.063529061869, 0.13154189803, 0.29019349108, 0.34038257706, 1.0057257141e-05]
    ],
    [
      [0.0501811404, 1.2447413375e-05, 0.058858340925, 0.00073818822675, 0.23748010303, 0.64396025204, 0.0087695279609],
      [0.002878952497, 0.029688321937, 0.67063978236, 0.025084420277, 0.0018933134117, 0.26761078101, 0.0022044285125],
      [0.050443653596, 0.015826468979, 2.9532800606e-05, 0.57951396852, 0.039047161981, 0.30971723324, 0.0054219808859],
      [0.0020517212731, 0.069351213586, 0.0025075940526, 0.04725367206, 0.036341340474, 0.84249430944, 1.4911135412e-07],
      [0.060876172239, 0.003004336711, 0.028090605968, 0.0099180019323, 0.69358252604, 0.20232777938, 0.0022005777234],
      [0.078121344364, 0.18494191148, 0.061512834541, 0.083961880038, 0.23026677616, 0.36118728694, 7.9664758216e-06]
    ],
    [
      [0.051201416665, 8.312622201e-06, 0.12796270946, 0.00051589081413, 0.20446433469, 0.60940667631, 0.0064406594451],
      [0.0017323732233, 0.01166287713, 0.82440394579, 0.01035701506, 0.00096099654899, 0.14992094436, 0.00096184788975],
      [0.064797268032, 0.013280319126, 8.0986395343e-05, 0.50506636334, 0.042422805145, 0.36933956698, 0.0050126909766],
      [0.0022923066788, 0.050386971006, 0.0059751506949, 0.036057759655, 0.03429563231, 0.87099205908, 1.2057413454e-07],
      [0.06741548583, 0.0021778226138, 0.066104827544, 0.0075327161671, 0.6465273242, 0.20847817452, 0.0017636491195],
      [0.08525705971, 0.13039748517, 0.14303082286, 0.062684963918, 0.21224424683, 0.36637911768, 6.3038205253e-06]
    ],
    [
      [0.024815197115, 1.3126569933e-05, 0.11236021176, 0.00040819413299, 0.29346951772, 0.56717143439, 0.0017623183133],
      [0.00091269093109, 0.020021189733, 0.81745455371, 0.0088783630459, 0.0014920292951, 0.15095082256, 0.00029035072551],
      [0.036484044231, 0.024382139832, 8.1939331839e-05, 0.46812369002, 0.070329752175, 0.39898531659, 0.001613117813],
      [0.0011388910036, 0.082046086252, 0.0053401125193, 0.029255923443, 0.050192626343, 0.83202632593, 3.450438486e-08],
      [0.026621806151, 0.0028009493739, 0.047200964764, 0.0048516685485, 0.76044521009, 0.15767970588, 0.00039969518345],
      [0.038550347589, 0.19511078195, 0.11740341119, 0.046314049108, 0.28445744091, 0.31816232359, 1.6456692856e-06]
    ],
    [
      [0.023025443646, 7.7282596107e-06, 0.11965542928, 0.0008742299749, 0.29099838684, 0.5631641437, 0.0022746382962],
      [0.00081360280233, 0.011312173116, 0.82365070607, 0.018290247965, 0.0014208808271, 0.14415377871, 0.00035861051762],
      [0.022189861284, 0.0094075463726, 5.7414171492e-05, 0.66135171449, 0.045788372399, 0.25984480466, 0.0013602866189],
      [0.0010650671104, 0.04839086801, 0.0057391413518, 0.063196308318, 0.050147223405, 0.83146134719, 4.4614766599e-08],
      [0.024761117408, 0.001653209896, 0.050398792335, 0.010422436503, 0.75520748907, 0.15704203548, 0.00051491931549],
      [0.036804001046, 0.11681564704, 0.12858008705, 0.10238713563, 0.29024293285, 0.32516802074, 2.1756443053e-06]
    ],
    [
      [0.02559379132, 1.2194636218e-05, 0.12559129416, 0.00068784994909, 0.29049851028, 0.54791623268, 0.0097001269707],
      [0.00087445686221, 0.017272686615, 0.82934150979, 0.013932206079, 0.0013733140006, 0.13575643109, 0.0014493955703],
      [0.02841726713, 0.017135880559, 6.9617470835e-05, 0.60341349324, 0.052773671071, 0.29158125445, 0.0066088160773],
      [0.0011921627331, 0.077181283881, 0.0060781385829, 0.05009547593, 0.050504900513, 0.81494785165, 1.8671210444e-07],
      [0.02756797663, 0.0026123941991, 0.053002249487, 0.0082138603002, 0.75330554915, 0.15314022056, 0.002157749668],
      [0.039022117255, 0.17692427566, 0.12876575593, 0.076879315888, 0.27639090111, 0.30200901061, 8.6235409299e-06]
    ],
    [
      [0.08569772915, 1.4779454329e-05, 0.07934381649, 0.00081846775517, 0.220897387, 0.58626383899, 0.026963981168],
      [0.0041015101287, 0.029455459935, 0.73141287207, 0.023311246058, 0.001471132486, 0.20463196746, 0.0056158118612],
      [0.079877094948, 0.017405869244, 3.7016321854e-05, 0.59186710058, 0.033724679052, 0.26174610949, 0.015342130368],
      [0.0037138880845, 0.087248584809, 0.0035988728312, 0.055589602787, 0.035921409355, 0.81392716265, 4.7948673747e-07],
      [0.10479834664, 0.0035946079433, 0.038067161196, 0.011090951232, 0.64965399366, 0.18605403504, 0.0067409042834],
      [0.12468424148, 0.20348809987, 0.077372766256, 0.086883267554, 0.20001495817, 0.30753412616, 2.2540504483e-05]
    ],
    [
      [0.064150778247, 1.7253407073e-05, 0.088716011333, 0.00081276845997, 0.21073684185, 0.63284872398, 0.0027176227206],
      [0.0027928293704, 0.031204201293, 0.74281227439, 0.021006004849, 0.0012756183785, 0.20038230089, 0.00052677083231],
      [0.060818941237, 0.020673287686, 4.2064004134e-05, 0.59671557822, 0.032750919514, 0.28740774239, 0.0015914669441],
      [0.0025885855537, 0.094689692573, 0.003735680551, 0.051286973168, 0.031870422647, 0.81582859914, 4.6363801042e-08],
      [0.081974065561, 0.0043856392578, 0.044500697968, 0.011514543113, 0.64691645897, 0.20998095613, 0.00072763900396],
      [0.090779023868, 0.23180680174, 0.084259777815, 0.08401497546, 0.18581153789, 0.32332559924, 2.2839847724e-06]
    ],
    [
      [0.040864966952, 1.1631323931e-05, 0.14801625932, 0.00068895558979, 0.18630760361, 0.62130354931, 0.0028070338925],
      [0.0012196990389, 0.014354809638, 0.83650924672, 0.012177070798, 0.00077212797241, 0.13459555996, 0.0003714858779],
      [0.044562070158, 0.016020012908, 8.0806735804e-05, 0.57924338784, 0.033372427099, 0.32483253114, 0.0018887641207],
      [0.0017523060885, 0.06738458525, 0.0066068870554, 0.046036298951, 0.029911046069, 0.84830882592, 5.0667821639e-08],
      [0.056926703393, 0.0032258915816, 0.080987674276, 0.010652056595, 0.62218691585, 0.22520159167, 0.00081916663902],
      [0.063720329334, 0.17088656077, 0.15513237341, 0.078502922723, 0.18130623327, 0.3504489817, 2.5988045398e-06]
    ],
    [
      [0.033320793344, 1.0023350632e-05, 0.075120079166, 0.00091142958002, 0.25051165915, 0.63750949382, 0.0026165215968],
      [0.00166021716, 0.020680142697, 0.717967283, 0.026913514766, 0.0017299670086, 0.2304689323, 0.00057994306911],
      [0.030160604054, 0.011467553454, 3.4056058685e-05, 0.64318769794, 0.03715985996, 0.27652657672, 0.0014636518193],
      [0.001379551923, 0.056161522643, 0.003240682902, 0.058925676825, 0.038765394739, 0.84152712521, 4.5754579228e-08],
      [0.039506464531, 0.002365064992, 0.03499548745, 0.011987881953, 0.71415881974, 0.196335227, 0.00065105433371],
      [0.05274020698, 0.14981051475, 0.0798886003, 0.10559644866, 0.24734840583, 0.36461335849, 2.464987454e-06]
    ],
    [
      [0.041617684578, 1.2048580823e-05, 0.056341115941, 0.0013423716805, 0.23535576658, 0.64062496016, 0.024706052485],
      [0.0024570110079, 0.029507027247, 0.63817471978, 0.046978289098, 0.0019262647771, 0.27461395054, 0.0063427375515],
      [0.028511729156, 0.010430097532, 1.9351747103e-05, 0.71412000108, 0.026411216854, 0.21015985021, 0.010347753423],
      [0.0016557318197, 0.064916090809, 0.0023393493867, 0.083390937488, 0.03499405468, 0.81270343196, 4.0385515419e-07],
      [0.050792851905, 0.002930149152, 0.027048185133, 0.018178229749, 0.69177162492, 0.203087505, 0.0061914541467],
      [0.062144007505, 0.17021388276, 0.056487058479, 0.14662697634, 0.21912071951, 0.34538601672, 2.1338673721e-05]
    ],
    [
      [0.022672233894, 1.4945401732e-05, 0.10391016337, 0.00072440282467, 0.22277595167, 0.64794804269, 0.0019542601458],
      [0.00087800985984, 0.023946246281, 0.77555501447, 0.016597901834, 0.0011943966639, 0.18149007319, 0.0003383576963],
      [0.023659417799, 0.01972408654, 5.416294228e-05, 0.59344245781, 0.038092323511, 0.3237617965, 0.001265754897],
      [0.00091583709346, 0.08181860492, 0.0043578517295, 0.045647870575, 0.033597391788, 0.83366241034, 3.3554014619e-08],
      [0.029118894689, 0.0038169672786, 0.052334069343, 0.010311759443, 0.68812868099, 0.21575947068, 0.00053015756691],
      [0.034290740222, 0.21515407214, 0.10571445041, 0.080301280244, 0.2103412323, 0.35419644968, 1.7750043609e-06]
    ],
    [
      [0.03478644624, 1.2940942614e-05, 0.084756424555, 0.00062432139526, 0.26876728992, 0.60839463618, 0.0026579407683],
      [0.0016074220317, 0.024730446087, 0.75059668224, 0.01706469856, 0.0017225974529, 0.2037337229, 0.00054443073172],
      [0.039939586166, 0.018783242795, 4.8701452766e-05, 0.55372069953, 0.050630407668, 0.33499045112, 0.0018869112704],
      [0.0014973429996, 0.075376526694, 0.0037948679978, 0.041883653016, 0.043255956017, 0.83419160506, 4.8219384454e-08],
      [0.039469225475, 0.0029256385821, 0.037836686228, 0.0078654181918, 0.73164615421, 0.17962407813, 0.00063279918277],
      [0.053706619761, 0.189029651, 0.088000440974, 0.070455072557, 0.25902906194, 0.33977671329, 2.4404835813e-06]
    ],
    [
      [0.13214958788, 2.2121858897e-05, 0.17853687977, 0.00089731824384, 0.17264143014, 0.46143990867, 0.054312753442],
      [0.0032615411253, 0.022829331569, 0.87130139791, 0.013202882475, 0.00059560108251, 0.083094922245, 0.0057143235938],
      [0.11512967344, 0.024384856208, 7.7143780727e-05, 0.6146519551, 0.024632403655, 0.19250130371, 0.0286226641],
      [0.0065145294755, 0.14996646321, 0.0091654377199, 0.069722569812, 0.032051916692, 0.73257800878, 1.0743116666e-06],
      [0.17356587319, 0.0057729700777, 0.091532826822, 0.013043842902, 0.54478982567, 0.15700222676, 0.014292434584],
      [0.16480360948, 0.26371160888, 0.14899948759, 0.081692519649, 0.13370340911, 0.2070514824, 3.7882885514e-05]
    ],
    [
      [0.21596352017, 1.4231465569e-05, 0.10901466779, 0.00076718603352, 0.16181736279, 0.43576321338, 0.076659818374],
      [0.0083032618373, 0.022911467759, 0.81493522791, 0.017624816813, 0.00087052080562, 0.12266228289, 0.012692421988],
      [0.19373830298, 0.016145781393, 4.8802666407e-05, 0.53739935752, 0.023792691468, 0.18719278116, 0.041682282814],
      [0.011907739626, 0.10769476655, 0.0063021115615, 0.066654065744, 0.033650513963, 0.77378908973, 1.7128251115e-06],
      [0.27449158777, 0.0035964862699, 0.054243421245, 0.010799366106, 0.49357428525, 0.14364448602, 0.01965036735],
      [0.29299565113, 0.18336766842, 0.098884426563, 0.075851745369, 0.13626754774, 0.21257434503, 5.8615740439e-05]
    ],
    [
      [0.075438264588, 1.3010384602e-05, 0.18330379688, 0.00039700611389, 0.24389460618, 0.48474612474, 0.012207191111],
      [0.0018572410707, 0.013385812342, 0.88972929329, 0.005827136491, 0.00083614191117, 0.087054589939, 0.0013097849555],
      [0.11038309587, 0.024058986164, 0.0001330629725, 0.45675968241, 0.058275487836, 0.33944288926, 0.010946795487],
      [0.0039255813221, 0.092900878049, 0.0099444869266, 0.032494914861, 0.04767305102, 0.81306082695, 2.6087009359e-07],
      [0.086813936793, 0.0029729086224, 0.08228052969, 0.0050529012936, 0.67567959033, 0.14433034927, 0.0028697839977],
      [0.11142467804, 0.18303515721, 0.1813535535, 0.042682454527, 0.22391829702, 0.2575755197, 1.034000275e-05]
    ],
    [
      [0.030519099326, 1.5046317428e-05, 0.097989021971, 0.00080631033496, 0.24830153918, 0.62032785325, 0.0020411296142],
      [0.0012445746675, 0.025430907698, 0.76852849391, 0.019504160027, 0.0014029984882, 0.18351581674, 0.00037304847519],
      [0.029825608402, 0.018605453866, 4.7925606638e-05, 0.61996551869, 0.039763350361, 0.29055533067, 0.0012368124087],
      [0.001263272673, 0.084545440833, 0.0042233392286, 0.052178508267, 0.038415261481, 0.81937414157, 3.5949627551e-08],
      [0.036361160958, 0.0035633728381, 0.045774822855, 0.010646496741, 0.71146401461, 0.19167681157, 0.00051332043528],
      [0.045051299345, 0.21091613998, 0.097220873372, 0.087230718973, 0.2286612168, 0.33091794377, 1.8077615016e-06]
    ],
    [
      [0.10399117895, 9.5827883149e-06, 0.1717602202, 0.00057674174454, 0.2530616513, 0.46888629269, 0.0017143323273],
      [0.00272373216, 0.010482859305, 0.8869369865, 0.0090197251949, 0.00092390200574, 0.089709394825, 0.00020340001371],
      [0.12407919974, 0.014449511412, 0.00010181306434, 0.54282704189, 0.049337607027, 0.26793151624, 0.0012733106225],
      [0.0055980332533, 0.070601591512, 0.0096515471577, 0.048956218691, 0.051222683595, 0.813969886, 3.9787251605e-08],
      [0.11422691728, 0.0020918440012, 0.073686380202, 0.0070166557745, 0.66913660375, 0.13344299217, 0.00039860682175],
      [0.15356352192, 0.13349883269, 0.16973085409, 0.062094582825, 0.23212417282, 0.24898651489, 1.5207558721e-06]
    ],
    [
      [0.052364425954, 7.6097378195e-06, 0.071625865948, 0.00076697281487, 0.2288508812, 0.63163851026, 0.014745734083],
      [0.0027245560618, 0.016391727849, 0.71368541688, 0.023635997881, 0.0016536080127, 0.23855050187, 0.0033581914404],
      [0.052177682321, 0.0095782607433, 3.5749185086e-05, 0.59011897508, 0.037414730662, 0.30166034445, 0.0090142575563],
      [0.0022425857342, 0.044041164361, 0.0031976113871, 0.05124515388, 0.036689921492, 0.86258330124, 2.6190645716e-07],
      [0.06486854921, 0.0018782592186, 0.034916846404, 0.010547138119, 0.68045653172, 0.20355229096, 0.0037803843608],
      [0.087415543277, 0.11950198955, 0.080324300515, 0.093515492706, 0.23827576796, 0.38095253657, 1.4369419088e-05]
    ],
    [
      [0.088354077608, 5.4568042549e-06, 0.1037656422, 0.00066058332082, 0.28926411278, 0.51118046834, 0.0067696589414],
      [0.0035977583093, 0.0092059542837, 0.81708769114, 0.015947948919, 0.0016376146292, 0.15130874517, 0.0012142875436],
      [0.097989224563, 0.0076434301681, 5.7477277639e-05, 0.56510807948, 0.052598785622, 0.2719791042, 0.0046238986909],
      [0.0045552316049, 0.038064610606, 0.0055699898538, 0.05324507767, 0.055879342217, 0.84268560202, 1.4602968092e-07],
      [0.091446480653, 0.0011255184196, 0.042217685872, 0.0075927820015, 0.71841503581, 0.13774443295, 0.0014580643026],
      [0.14199677726, 0.082126664989, 0.11196794715, 0.077449331852, 0.2897536366, 0.2966992489, 6.3932489897e-06]
    ],
    [
      [0.031461408066, 2.8417978255e-05, 0.1737940364, 0.00075064048337, 0.26328388724, 0.51360615152, 0.017075458313],
      [0.00080882863845, 0.030215396209, 0.85909723188, 0.011403328669, 0.00093835932999, 0.095626939861, 0.0019099154126],
      [0.033248479287, 0.037965991764, 9.154250018e-05, 0.61161338516, 0.045630510684, 0.26037826433, 0.011071826279],
      [0.0013939398504, 0.1706591131, 0.0079758616911, 0.051808921697, 0.043577731002, 0.72458412037, 3.1228268573e-07],
      [0.035618098846, 0.006417206891, 0.077284785351, 0.0094423065855, 0.71577049385, 0.1514733144, 0.0039937940795],
      [0.038186232734, 0.32802300734, 0.14191380569, 0.066622769577, 0.19953732141, 0.22570478042, 1.2082830479e-05]
    ],
    [
      [0.048555228854, 7.7575392073e-06, 0.17649183616, 0.00045477557233, 0.25670128653, 0.48381941221, 0.033969703135],
      [0.001265949096, 0.0083760572605, 0.8869440006, 0.0070210043701, 0.00092917555769, 0.091620327239, 0.0038434858773],
      [0.069068948381, 0.013930701349, 0.00012506229921, 0.49746682073, 0.059824267808, 0.33001517563, 0.0295690238],
      [0.002638385616, 0.057069077954, 0.0099578699753, 0.03855936567, 0.052190196139, 0.83958434686, 7.5778844443e-07],
      [0.055562339933, 0.001768531987, 0.079240763802, 0.0057766973966, 0.7055602226, 0.14410979639, 0.0079816478893],
      [0.079805086704, 0.12005603656, 0.1949420583, 0.054516086732, 0.26318575864, 0.2874627112, 3.2261863609e-05]
    ],
    [
      [0.023119353272, 1.1660632764e-05, 0.11689629461, 0.0011365547601, 0.24687124295, 0.59439707135, 0.017567822426],
      [0.00082360312249, 0.017172136763, 0.80076326961, 0.023930427572, 0.0012179074139, 0.1533641332, 0.0027285223186],
      [0.018433576302, 0.011748402274, 4.6520233638e-05, 0.70177243903, 0.032252745551, 0.22715861612, 0.0085877004803],
      [0.0009911185425, 0.067593630625, 0.0051967406735, 0.075911297579, 0.039490203641, 0.81081669792, 3.1101535286e-07],
      [0.027657323783, 0.0027785669335, 0.054925891361, 0.015093167213, 0.71023663669, 0.18496626194, 0.0043421520715],
      [0.034778516761, 0.16620538854, 0.11829610223, 0.12517784836, 0.23189697543, 0.32362974504, 1.5423632656e-05]
    ],
    [
      [0.05326696204, 1.4182304719e-05, 0.10639148901, 0.00045748931542, 0.2402453171, 0.5972027197, 0.0024218405278],
      [0.0020719672334, 0.022847084617, 0.79425263843, 0.010539001615, 0.0012979133095, 0.16857280067, 0.00041859412339],
      [0.070910942156, 0.023856169398, 7.0786950354e-05, 0.46959957868, 0.052460410496, 0.38110783942, 0.0019942729037],
      [0.0023410427224, 0.084486860622, 0.0048670642173, 0.031365375293, 0.039536659207, 0.83740295296, 4.4975186715e-08],
      [0.063771391308, 0.0033823869479, 0.050060486237, 0.0060795059247, 0.69011874344, 0.18597874166, 0.00060874448304],
      [0.080955049584, 0.2038935192, 0.10865295281, 0.050739011645, 0.22775121921, 0.32800605822, 2.1893192553e-06]
    ],
    [
      [0.068888371723, 7.6185653254e-06, 0.060519463932, 0.00079078684749, 0.30969676631, 0.55813047949, 0.0019665131289],
      [0.0040415595111, 0.018617639862, 0.70858792841, 0.027583957541, 0.0025237595016, 0.23812620795, 0.0005189472284],
      [0.06771522172, 0.0094616446384, 2.9688435937e-05, 0.60924715113, 0.049677566108, 0.26266504031, 0.0012036876624],
