{
  "Z_true": {},
  "V_true": [
    [1686, 4909, 901, 78],
    [611, 7476, 289, 213],
    [386, 796, 12976, 246],
    [99, 693, 252, 357],
    [121, 447, 620, 325]
  ],
  "p_true": [
    [0.2226, 0.6481, 0.119, 0.0103],
    [0.0711, 0.8704, 0.0336, 0.0248],
    [0.0268, 0.0553, 0.9009, 0.0171],
    [0.0707, 0.4946, 0.1799, 0.2548],
    [0.08, 0.2954, 0.4098, 0.2148]
  ],
  "Z_est": [
    [
      [56.4024, 23.004, 21.4704, 36.636, 0.6816, 46.6896, 3.408, 10.0536, 6.816, 1.704, 2.2152, 6.1344, 83.6664, 25.9008, 14.3136, 47.8824, 35.784, 11.7576, 36.8064, 7.668, 20.448, 13.2912, 7.1568, 0.6816, 0.6816, 1.3632, 2.3856, 14.9952, 15.336, 2.556, 3.7488, 0.852, 1.1928, 54.0168, 7.668, 12.2688, 9.8832, 10.224, 41.4072, 11.2464, 20.7888, 17.3808, 17.2104, 16.0176, 29.4792, 1.3632, 20.9592, 42.9408, 147.9072, 5.2824, 30.672, 177.0456, 53.1648],
      [241.6962, 98.577, 92.0052, 156.993, 2.9208, 200.0748, 14.604, 43.0818, 29.208, 7.302, 9.4926, 26.2872, 358.5282, 110.9904, 61.3368, 205.1862, 153.342, 50.3838, 157.7232, 32.859, 87.624, 56.9556, 30.6684, 2.9208, 2.9208, 5.8416, 10.2228, 64.2576, 65.718, 10.953, 16.0644, 3.651, 5.1114, 231.4734, 32.859, 52.5744, 42.3516, 43.812, 177.4386, 48.1932, 89.0844, 74.4804, 73.7502, 68.6388, 126.3246, 5.8416, 89.8146, 184.0104, 633.8136, 22.6362, 131.436, 758.6778, 227.8224],
      [21.7136, 8.856, 8.2656, 14.104, 0.2624, 17.9744, 1.312, 3.8704, 2.624, 0.656, 0.8528, 2.3616, 32.2096, 9.9712, 5.5104, 18.4336, 13.776, 4.5264, 14.1696, 2.952, 7.872, 5.1168, 2.7552, 0.2624, 0.2624, 0.5248, 0.9184, 5.7728, 5.904, 0.984, 1.4432, 0.328, 0.4592, 20.7952, 2.952, 4.7232, 3.8048, 3.936, 15.9408, 4.3296, 8.0032, 6.6912, 6.6256, 6.1664, 11.3488, 0.5248, 8.0688, 16.5312, 56.9408, 2.0336, 11.808, 68.1584, 20.4672],
      [11.1878, 4.563, 4.2588, 7.267, 0.1352, 9.2612, 0.676, 1.9942, 1.352, 0.338, 0.4394, 1.2168, 16.5958, 5.1376, 2.8392, 9.4978, 7.098, 2.3322, 7.3008, 1.521, 4.056, 2.6364, 1.4196, 0.1352, 0.1352, 0.2704, 0.4732, 2.9744, 3.042, 0.507, 0.7436, 0.169, 0.2366, 10.7146, 1.521, 2.4336, 1.9604, 2.028, 8.2134, 2.2308, 4.1236, 3.4476, 3.4138, 3.1772, 5.8474, 0.2704, 4.1574, 8.5176, 29.3384, 1.0478, 6.084, 35.1182, 10.5456]
    ],
    [
      [21.606, 11.6894, 12.5758, 19.1684, 0.3324, 20.0548, 1.5512, 3.601, 1.7728, 0.1662, 0.277, 1.8282, 26.0934, 14.9026, 5.0968, 17.8942, 19.8886, 6.648, 12.9636, 4.7644, 7.2574, 4.5428, 3.7118, 0, 0.6648, 0.3324, 0.6094, 6.2048, 4.3766, 0.7202, 1.4404, 0.4986, 0.9418, 17.2294, 2.6592, 3.7118, 5.0414, 4.3212, 11.08, 3.1024, 7.0358, 4.709, 6.2602, 5.2076, 7.2574, 0.6094, 6.2048, 21.2736, 52.5192, 1.8282, 10.803, 56.9512, 13.85],
      [340.977, 184.4773, 198.4661, 302.5078, 5.2458, 316.4966, 24.4804, 56.8295, 27.9776, 2.6229, 4.3715, 28.8519, 411.7953, 235.1867, 80.4356, 282.3989, 313.8737, 104.916, 204.5862, 75.1898, 114.5333, 71.6926, 58.5781, 0, 10.4916, 5.2458, 9.6173, 97.9216, 69.0697, 11.3659, 22.7318, 7.8687, 14.8631, 271.9073, 41.9664, 58.5781, 79.5613, 68.1954, 174.86, 48.9608, 111.0361, 74.3155, 98.7959, 82.1842, 114.5333, 9.6173, 97.9216, 335.7312, 828.8364, 28.8519, 170.4885, 898.7804, 218.575],
      [18.759, 10.1491, 10.9187, 16.6426, 0.2886, 17.4122, 1.3468, 3.1265, 1.5392, 0.1443, 0.2405, 1.5873, 22.6551, 12.9389, 4.4252, 15.5363, 17.2679, 5.772, 11.2554, 4.1366, 6.3011, 3.9442, 3.2227, 0, 0.5772, 0.2886, 0.5291, 5.3872, 3.7999, 0.6253, 1.2506, 0.4329, 0.8177, 14.9591, 2.3088, 3.2227, 4.3771, 3.7518, 9.62, 2.6936, 6.1087, 4.0885, 5.4353, 4.5214, 6.3011, 0.5291, 5.3872, 18.4704, 45.5988, 1.5873, 9.3795, 49.4468, 12.025],
      [8.658, 4.6842, 5.0394, 7.6812, 0.1332, 8.0364, 0.6216, 1.443, 0.7104, 0.0666, 0.111, 0.7326, 10.4562, 5.9718, 2.0424, 7.1706, 7.9698, 2.664, 5.1948, 1.9092, 2.9082, 1.8204, 1.4874, 0, 0.2664, 0.1332, 0.2442, 2.4864, 1.7538, 0.2886, 0.5772, 0.1998, 0.3774, 6.9042, 1.0656, 1.4874, 2.0202, 1.7316, 4.44, 1.2432, 2.8194, 1.887, 2.5086, 2.0868, 2.9082, 0.2442, 2.4864, 8.5248, 21.0456, 0.7326, 4.329, 22.8216, 5.55]
    ],
    [
      [16.224, 6.336, 11.76, 9.264, 0.72, 11.352, 1.08, 2.592, 1.944, 0.192, 0.312, 1.056, 12.744, 6.288, 1.824, 10.248, 5.544, 3.216, 21.96, 3.792, 8.688, 3.072, 1.584, 0.12, 0.84, 0.072, 0.744, 2.328, 3.216, 0.768, 2.88, 0.72, 0.288, 17.52, 1.728, 7.584, 3.12, 5.856, 8.04, 2.208, 5.16, 3.576, 2.472, 3.552, 3.408, 0.312, 5.16, 15.408, 40.512, 2.232, 9.288, 45.144, 9.648],
      [24.6064, 9.6096, 17.836, 14.0504, 1.092, 17.2172, 1.638, 3.9312, 2.9484, 0.2912, 0.4732, 1.6016, 19.3284, 9.5368, 2.7664, 15.5428, 8.4084, 4.8776, 33.306, 5.7512, 13.1768, 4.6592, 2.4024, 0.182, 1.274, 0.1092, 1.1284, 3.5308, 4.8776, 1.1648, 4.368, 1.092, 0.4368, 26.572, 2.6208, 11.5024, 4.732, 8.8816, 12.194, 3.3488, 7.826, 5.4236, 3.7492, 5.3872, 5.1688, 0.4732, 7.826, 23.3688, 61.4432, 3.3852, 14.0868, 68.4684, 14.6328],
      [626.8548, 244.8072, 454.377, 357.9378, 27.819, 438.6129, 41.7285, 100.1484, 75.1113, 7.4184, 12.0549, 40.8012, 492.3963, 242.9526, 70.4748, 395.9571, 214.2063, 124.2582, 848.4795, 146.5134, 335.6826, 118.6944, 61.2018, 4.6365, 32.4555, 2.7819, 28.7463, 89.9481, 124.2582, 29.6736, 111.276, 27.819, 11.1276, 676.929, 66.7656, 293.0268, 120.549, 226.2612, 310.6455, 85.3116, 199.3695, 138.1677, 95.5119, 137.2404, 131.6766, 12.0549, 199.3695, 595.3266, 1565.2824, 86.2389, 358.8651, 1744.2513, 372.7746],
      [8.3148, 3.2472, 6.027, 4.7478, 0.369, 5.8179, 0.5535, 1.3284, 0.9963, 0.0984, 0.1599, 0.5412, 6.5313, 3.2226, 0.9348, 5.2521, 2.8413, 1.6482, 11.2545, 1.9434, 4.4526, 1.5744, 0.8118, 0.0615, 0.4305, 0.0369, 0.3813, 1.1931, 1.6482, 0.3936, 1.476, 0.369, 0.1476, 8.979, 0.8856, 3.8868, 1.599, 3.0012, 4.1205, 1.1316, 2.6445, 1.8327, 1.2669, 1.8204, 1.7466, 0.1599, 2.6445, 7.8966, 20.7624, 1.1439, 4.7601, 23.1363, 4.9446]
    ],
    [
      [18.5341, 6.994, 12.2395, 19.2335, 0, 16.7856, 1.3988, 3.1473, 5.9449, 1.7485, 0, 6.6443, 17.1353, 9.4419, 5.2455, 13.2886, 14.6874, 2.0982, 15.0371, 4.8958, 8.7425, 2.4479, 0.3497, 0, 0.3497, 0, 0.3497, 3.1473, 3.497, 1.3988, 2.4479, 0, 0.6994, 17.8347, 1.3988, 2.7976, 5.5952, 5.9449, 25.1784, 8.3928, 14.6874, 14.6874, 17.8347, 10.491, 19.9329, 0.3497, 2.4479, 11.8898, 65.7436, 0.6994, 12.5892, 50.0071, 3.497],
      [11.0558, 4.172, 7.301, 11.473, 0, 10.0128, 0.8344, 1.8774, 3.5462, 1.043, 0, 3.9634, 10.2214, 5.6322, 3.129, 7.9268, 8.7612, 1.2516, 8.9698, 2.9204, 5.215, 1.4602, 0.2086, 0, 0.2086, 0, 0.2086, 1.8774, 2.086, 0.8344, 1.4602, 0, 0.4172, 10.6386, 0.8344, 1.6688, 3.3376, 3.5462, 15.0192, 5.0064, 8.7612, 8.7612, 10.6386, 6.258, 11.8902, 0.2086, 1.4602, 7.0924, 39.2168, 0.4172, 7.5096, 29.8298, 2.086],
      [12.985, 4.9, 8.575, 13.475, 0, 11.76, 0.98, 2.205, 4.165, 1.225, 0, 4.655, 12.005, 6.615, 3.675, 9.31, 10.29, 1.47, 10.535, 3.43, 6.125, 1.715, 0.245, 0, 0.245, 0, 0.245, 2.205, 2.45, 0.98, 1.715, 0, 0.49, 12.495, 0.98, 1.96, 3.92, 4.165, 17.64, 5.88, 10.29, 10.29, 12.495, 7.35, 13.965, 0.245, 1.715, 8.33, 46.06, 0.49, 8.82, 35.035, 2.45],
      [10.4251, 3.934, 6.8845, 10.8185, 0, 9.4416, 0.7868, 1.7703, 3.3439, 0.9835, 0, 3.7373, 9.6383, 5.3109, 2.9505, 7.4746, 8.2614, 1.1802, 8.4581, 2.7538, 4.9175, 1.3769, 0.1967, 0, 0.1967, 0, 0.1967, 1.7703, 1.967, 0.7868, 1.3769, 0, 0.3934, 10.0317, 0.7868, 1.5736, 3.1472, 3.3439, 14.1624, 4.7208, 8.2614, 8.2614, 10.0317, 5.901, 11.2119, 0.1967, 1.3769, 6.6878, 36.9796, 0.3934, 7.0812, 28.1281, 1.967]
    ],
    [
      [18.0224, 6.5536, 11.0592, 12.4928, 0, 8.192, 1.024, 1.4336, 4.9152, 0, 0.2048, 2.048, 14.1312, 6.144, 3.4816, 8.6016, 9.8304, 3.8912, 14.5408, 1.6384, 5.12, 3.2768, 1.4336, 0, 1.024, 0, 0.4096, 2.8672, 3.6864, 0.8192, 1.2288, 0, 0.2048, 12.288, 0.6144, 4.096, 4.5056, 2.048, 8.3968, 1.8432, 2.4576, 4.3008, 2.4576, 2.8672, 5.5296, 0, 3.2768, 9.8304, 38.2976, 1.6384, 10.0352, 39.3216, 7.7824],
      [25.4936, 9.2704, 15.6438, 17.6717, 0, 11.588, 1.4485, 2.0279, 6.9528, 0, 0.2897, 2.897, 19.9893, 8.691, 4.9249, 12.1674, 13.9056, 5.5043, 20.5687, 2.3176, 7.2425, 4.6352, 2.0279, 0, 1.4485, 0, 0.5794, 4.0558, 5.2146, 1.1588, 1.7382, 0, 0.2897, 17.382, 0.8691, 5.794, 6.3734, 2.897, 11.8777, 2.6073, 3.4764, 6.0837, 3.4764, 4.0558, 7.8219, 0, 4.6352, 13.9056, 54.1739, 2.3176, 14.1953, 55.6224, 11.0086],
      [24.7896, 9.0144, 15.2118, 17.1837, 0, 11.268, 1.4085, 1.9719, 6.7608, 0, 0.2817, 2.817, 19.4373, 8.451, 4.7889, 11.8314, 13.5216, 5.3523, 20.0007, 2.2536, 7.0425, 4.5072, 1.9719, 0, 1.4085, 0, 0.5634, 3.9438, 5.0706, 1.1268, 1.6902, 0, 0.2817, 16.902, 0.8451, 5.634, 6.1974, 2.817, 11.5497, 2.5353, 3.3804, 5.9157, 3.3804, 3.9438, 7.6059, 0, 4.5072, 13.5216, 52.6779, 2.2536, 13.8033, 54.0864, 10.7046],
      [19.6944, 7.1616, 12.0852, 13.6518, 0, 8.952, 1.119, 1.5666, 5.3712, 0, 0.2238, 2.238, 15.4422, 6.714, 3.8046, 9.3996, 10.7424, 4.2522, 15.8898, 1.7904, 5.595, 3.5808, 1.5666, 0, 1.119, 0, 0.4476, 3.1332, 4.0284, 0.8952, 1.3428, 0, 0.2238, 13.428, 0.6714, 4.476, 4.9236, 2.238, 9.1758, 2.0142, 2.6856, 4.6998, 2.6856, 3.1332, 6.0426, 0, 3.5808, 10.7424, 41.8506, 1.7904, 10.9662, 42.9696, 8.5044]
    ]
  ],
  "V_est": [
    [1290.6096, 5530.5348, 496.8544, 256.0012],
    [475.8306, 7509.3627, 413.1309, 190.6758],
    [345.696, 524.3056, 13356.8292, 177.1692],
    [489.9297, 292.2486, 343.245, 275.5767],
    [309.8624, 438.3161, 426.2121, 338.6094]
  ],
  "p_est": [
    [0.1704, 0.7302, 0.0656, 0.0338],
    [0.0554, 0.8743, 0.0481, 0.0222],
    [0.024, 0.0364, 0.9273, 0.0123],
    [0.3497, 0.2086, 0.245, 0.1967],
    [0.2048, 0.2897, 0.2817, 0.2238]
  ],
  "EI_Z": {},
  "EI_V": 6.0408,
  "MAE_Z": {},
  "MAE_V": 202.2505,
  "MAE_p": 0.0628,
  "runtime": 107.587
}
