{
  "Z_true": {},
  "V_true": [
    [45, 714, 37, 42, 97, 1831, 323, 46],
    [26, 16, 722, 35, 176, 148, 793, 34],
    [185, 141, 313, 198, 1026, 473, 9379, 209],
    [96, 228, 54, 105, 246, 5534, 290, 79],
    [61, 77, 47, 1073, 287, 893, 547, 62],
    [685, 37, 16, 38, 145, 765, 520, 50],
    [41, 42, 105, 37, 553, 187, 603, 316]
  ],
  "p_true": [
    [0.0144, 0.2278, 0.0118, 0.0134, 0.0309, 0.5841, 0.103, 0.0147],
    [0.0133, 0.0082, 0.3703, 0.0179, 0.0903, 0.0759, 0.4067, 0.0174],
    [0.0155, 0.0118, 0.0262, 0.0166, 0.086, 0.0397, 0.7866, 0.0175],
    [0.0145, 0.0344, 0.0081, 0.0158, 0.0371, 0.8344, 0.0437, 0.0119],
    [0.02, 0.0253, 0.0154, 0.3521, 0.0942, 0.2931, 0.1795, 0.0203],
    [0.3036, 0.0164, 0.0071, 0.0168, 0.0643, 0.3391, 0.2305, 0.0222],
    [0.0218, 0.0223, 0.0557, 0.0196, 0.2935, 0.0993, 0.3201, 0.1677]
  ],
  "Z_est": [
    [
      [0.2538, 1.4805, 6.8103, 5.9643, 3.2571, 2.1573, 9.0522, 9.306, 5.076, 9.5598, 2.0727, 3.1302, 1.4382, 0.2961, 0.2961, 3.1725, 4.653, 8.1216, 1.7766, 3.5109, 5.7951, 7.6563, 5.7528, 11.0403, 0, 0.2961, 0.2115, 8.5446, 0.5076, 9.9405, 1.4805],
      [0.4068, 2.373, 10.9158, 9.5598, 5.2206, 3.4578, 14.5092, 14.916, 8.136, 15.3228, 3.3222, 5.0172, 2.3052, 0.4746, 0.4746, 5.085, 7.458, 13.0176, 2.8476, 5.6274, 9.2886, 12.2718, 9.2208, 17.6958, 0, 0.4746, 0.339, 13.6956, 0.8136, 15.933, 2.373],
      [0.3294, 1.9215, 8.8389, 7.7409, 4.2273, 2.7999, 11.7486, 12.078, 6.588, 12.4074, 2.6901, 4.0626, 1.8666, 0.3843, 0.3843, 4.1175, 6.039, 10.5408, 2.3058, 4.5567, 7.5213, 9.9369, 7.4664, 14.3289, 0, 0.3843, 0.2745, 11.0898, 0.6588, 12.9015, 1.9215],
      [0.3336, 1.946, 8.9516, 7.8396, 4.2812, 2.8356, 11.8984, 12.232, 6.672, 12.5656, 2.7244, 4.1144, 1.8904, 0.3892, 0.3892, 4.17, 6.116, 10.6752, 2.3352, 4.6148, 7.6172, 10.0636, 7.5616, 14.5116, 0, 0.3892, 0.278, 11.2312, 0.6672, 13.066, 1.946],
      [0.4554, 2.6565, 12.2199, 10.7019, 5.8443, 3.8709, 16.2426, 16.698, 9.108, 17.1534, 3.7191, 5.6166, 2.5806, 0.5313, 0.5313, 5.6925, 8.349, 14.5728, 3.1878, 6.2997, 10.3983, 13.7379, 10.3224, 19.8099, 0, 0.5313, 0.3795, 15.3318, 0.9108, 17.8365, 2.6565],
      [3.3672, 19.642, 90.3532, 79.1292, 43.2124, 28.6212, 120.0968, 123.464, 67.344, 126.8312, 27.4988, 41.5288, 19.0808, 3.9284, 3.9284, 42.09, 61.732, 107.7504, 23.5704, 46.5796, 76.8844, 101.5772, 76.3232, 146.4732, 0, 3.9284, 2.806, 113.3624, 6.7344, 131.882, 19.642],
      [0.6792, 3.962, 18.2252, 15.9612, 8.7164, 5.7732, 24.2248, 24.904, 13.584, 25.5832, 5.5468, 8.3768, 3.8488, 0.7924, 0.7924, 8.49, 12.452, 21.7344, 4.7544, 9.3956, 15.5084, 20.4892, 15.3952, 29.5452, 0, 0.7924, 0.566, 22.8664, 1.3584, 26.602, 3.962],
      [0.1746, 1.0185, 4.6851, 4.1031, 2.2407, 1.4841, 6.2274, 6.402, 3.492, 6.5766, 1.4259, 2.1534, 0.9894, 0.2037, 0.2037, 2.1825, 3.201, 5.5872, 1.2222, 2.4153, 3.9867, 5.2671, 3.9576, 7.5951, 0, 0.2037, 0.1455, 5.8782, 0.3492, 6.8385, 1.0185]
    ],
    [
      [0, 2.3042, 9.273, 6.463, 3.9902, 2.1918, 6.2944, 4.7208, 3.7654, 8.0928, 1.5174, 3.372, 1.1802, 0.3934, 0.3934, 2.5852, 3.5406, 5.5076, 0.9554, 3.0348, 3.9902, 3.4282, 3.653, 6.1258, 0.0562, 0.2248, 0.3372, 5.62, 0.9554, 13.8252, 1.7984],
      [0, 5.2111, 20.9715, 14.6165, 9.0241, 4.9569, 14.2352, 10.6764, 8.5157, 18.3024, 3.4317, 7.626, 2.6691, 0.8897, 0.8897, 5.8466, 8.0073, 12.4558, 2.1607, 6.8634, 9.0241, 7.7531, 8.2615, 13.8539, 0.1271, 0.5084, 0.7626, 12.71, 2.1607, 31.2666, 4.0672],
      [0, 6.3632, 25.608, 17.848, 11.0192, 6.0528, 17.3824, 13.0368, 10.3984, 22.3488, 4.1904, 9.312, 3.2592, 1.0864, 1.0864, 7.1392, 9.7776, 15.2096, 2.6384, 8.3808, 11.0192, 9.4672, 10.088, 16.9168, 0.1552, 0.6208, 0.9312, 15.52, 2.6384, 38.1792, 4.9664],
      [0, 3.0791, 12.3915, 8.6365, 5.3321, 2.9289, 8.4112, 6.3084, 5.0317, 10.8144, 2.0277, 4.506, 1.5771, 0.5257, 0.5257, 3.4546, 4.7313, 7.3598, 1.2767, 4.0554, 5.3321, 4.5811, 4.8815, 8.1859, 0.0751, 0.3004, 0.4506, 7.51, 1.2767, 18.4746, 2.4032],
      [0, 5.617, 22.605, 15.755, 9.727, 5.343, 15.344, 11.508, 9.179, 19.728, 3.699, 8.22, 2.877, 0.959, 0.959, 6.302, 8.631, 13.426, 2.329, 7.398, 9.727, 8.357, 8.905, 14.933, 0.137, 0.548, 0.822, 13.7, 2.329, 33.702, 4.384],
      [0, 8.4337, 33.9405, 23.6555, 14.6047, 8.0223, 23.0384, 17.2788, 13.7819, 29.6208, 5.5539, 12.342, 4.3197, 1.4399, 1.4399, 9.4622, 12.9591, 20.1586, 3.4969, 11.1078, 14.6047, 12.5477, 13.3705, 22.4213, 0.2057, 0.8228, 1.2342, 20.57, 3.4969, 50.6022, 6.5824],
      [0, 7.4005, 29.7825, 20.7575, 12.8155, 7.0395, 20.216, 15.162, 12.0935, 25.992, 4.8735, 10.83, 3.7905, 1.2635, 1.2635, 8.303, 11.3715, 17.689, 3.0685, 9.747, 12.8155, 11.0105, 11.7325, 19.6745, 0.1805, 0.722, 1.083, 18.05, 3.0685, 44.403, 5.776],
      [0, 2.5912, 10.428, 7.268, 4.4872, 2.4648, 7.0784, 5.3088, 4.2344, 9.1008, 1.7064, 3.792, 1.3272, 0.4424, 0.4424, 2.9072, 3.9816, 6.1936, 1.0744, 3.4128, 4.4872, 3.8552, 4.108, 6.8888, 0.0632, 0.2528, 0.3792, 6.32, 1.0744, 15.5472, 2.0224]
    ],
    [
      [0.1364, 4.6128, 10.8004, 8.0972, 6.944, 4.3524, 5.1956, 5.8776, 3.6208, 8.8536, 3.658, 5.9892, 3.162, 0.248, 0.1612, 4.6872, 6.5596, 11.0236, 2.8272, 2.1948, 4.4888, 6.9564, 3.6952, 9.7092, 0.186, 0.248, 1.7856, 6.5844, 1.8104, 11.7676, 1.6244],
      [0.1309, 4.4268, 10.3649, 7.7707, 6.664, 4.1769, 4.9861, 5.6406, 3.4748, 8.4966, 3.5105, 5.7477, 3.0345, 0.238, 0.1547, 4.4982, 6.2951, 10.5791, 2.7132, 2.1063, 4.3078, 6.6759, 3.5462, 9.3177, 0.1785, 0.238, 1.7136, 6.3189, 1.7374, 11.2931, 1.5589],
      [0.1507, 5.0964, 11.9327, 8.9461, 7.672, 4.8087, 5.7403, 6.4938, 4.0004, 9.7818, 4.0415, 6.6171, 3.4935, 0.274, 0.1781, 5.1786, 7.2473, 12.1793, 3.1236, 2.4249, 4.9594, 7.6857, 4.0826, 10.7271, 0.2055, 0.274, 1.9728, 7.2747, 2.0002, 13.0013, 1.7947],
      [0.2134, 7.2168, 16.8974, 12.6682, 10.864, 6.8094, 8.1286, 9.1956, 5.6648, 13.8516, 5.723, 9.3702, 4.947, 0.388, 0.2522, 7.3332, 10.2626, 17.2466, 4.4232, 3.4338, 7.0228, 10.8834, 5.7812, 15.1902, 0.291, 0.388, 2.7936, 10.3014, 2.8324, 18.4106, 2.5414],
      [0.3586, 12.1272, 28.3946, 21.2878, 18.256, 11.4426, 13.6594, 15.4524, 9.5192, 23.2764, 9.617, 15.7458, 8.313, 0.652, 0.4238, 12.3228, 17.2454, 28.9814, 7.4328, 5.7702, 11.8012, 18.2886, 9.7148, 25.5258, 0.489, 0.652, 4.6944, 17.3106, 4.7596, 30.9374, 4.2706],
      [0.7733, 26.1516, 61.2313, 45.9059, 39.368, 24.6753, 29.4557, 33.3222, 20.5276, 50.1942, 20.7385, 33.9549, 17.9265, 1.406, 0.9139, 26.5734, 37.1887, 62.4967, 16.0284, 12.4431, 25.4486, 39.4383, 20.9494, 55.0449, 1.0545, 1.406, 10.1232, 37.3293, 10.2638, 66.7147, 9.2093],
      [9.1366, 308.9832, 723.4526, 542.3818, 465.136, 291.5406, 348.0214, 393.7044, 242.5352, 593.0484, 245.027, 401.1798, 211.803, 16.612, 10.7978, 313.9668, 439.3874, 738.4034, 189.3768, 147.0162, 300.6772, 465.9666, 247.5188, 650.3598, 12.459, 16.612, 119.6064, 441.0486, 121.2676, 788.2394, 108.8086],
      [0.1001, 3.3852, 7.9261, 5.9423, 5.096, 3.1941, 3.8129, 4.3134, 2.6572, 6.4974, 2.6845, 4.3953, 2.3205, 0.182, 0.1183, 3.4398, 4.8139, 8.0899, 2.0748, 1.6107, 3.2942, 5.1051, 2.7118, 7.1253, 0.1365, 0.182, 1.3104, 4.8321, 1.3286, 8.6359, 1.1921]
    ],
    [
      [0.0945, 1.8711, 5.3865, 5.3109, 2.7972, 1.6254, 6.2937, 9.2799, 3.8367, 7.749, 2.5893, 3.3453, 2.6271, 0.2646, 0.2457, 3.7044, 5.0463, 9.4878, 3.0051, 2.9295, 4.4037, 7.6734, 4.2525, 11.6235, 0.1323, 0.3024, 1.4742, 6.3315, 1.6632, 8.5239, 1.4742],
      [0.12, 2.376, 6.84, 6.744, 3.552, 2.064, 7.992, 11.784, 4.872, 9.84, 3.288, 4.248, 3.336, 0.336, 0.312, 4.704, 6.408, 12.048, 3.816, 3.72, 5.592, 9.744, 5.4, 14.76, 0.168, 0.384, 1.872, 8.04, 2.112, 10.824, 1.872],
      [0.136, 2.6928, 7.752, 7.6432, 4.0256, 2.3392, 9.0576, 13.3552, 5.5216, 11.152, 3.7264, 4.8144, 3.7808, 0.3808, 0.3536, 5.3312, 7.2624, 13.6544, 4.3248, 4.216, 6.3376, 11.0432, 6.12, 16.728, 0.1904, 0.4352, 2.1216, 9.112, 2.3936, 12.2672, 2.1216],
      [0.1365, 2.7027, 7.7805, 7.6713, 4.0404, 2.3478, 9.0909, 13.4043, 5.5419, 11.193, 3.7401, 4.8321, 3.7947, 0.3822, 0.3549, 5.3508, 7.2891, 13.7046, 4.3407, 4.2315, 6.3609, 11.0838, 6.1425, 16.7895, 0.1911, 0.4368, 2.1294, 9.1455, 2.4024, 12.3123, 2.1294],
      [0.2965, 5.8707, 16.9005, 16.6633, 8.7764, 5.0998, 19.7469, 29.1163, 12.0379, 24.313, 8.1241, 10.4961, 8.2427, 0.8302, 0.7709, 11.6228, 15.8331, 29.7686, 9.4287, 9.1915, 13.8169, 24.0758, 13.3425, 36.4695, 0.4151, 0.9488, 4.6254, 19.8655, 5.2184, 26.7443, 4.6254],
      [3.769, 74.6262, 214.833, 211.8178, 111.5624, 64.8268, 251.0154, 370.1158, 153.0214, 309.058, 103.2706, 133.4226, 104.7782, 10.5532, 9.7994, 147.7448, 201.2646, 378.4076, 119.8542, 116.839, 175.6354, 306.0428, 169.605, 463.587, 5.2766, 12.0608, 58.7964, 252.523, 66.3344, 339.9638, 58.7964],
      [0.365, 7.227, 20.805, 20.513, 10.804, 6.278, 24.309, 35.843, 14.819, 29.93, 10.001, 12.921, 10.147, 1.022, 0.949, 14.308, 19.491, 36.646, 11.607, 11.315, 17.009, 29.638, 16.425, 44.895, 0.511, 1.168, 5.694, 24.455, 6.424, 32.923, 5.694],
      [0.082, 1.6236, 4.674, 4.6084, 2.4272, 1.4104, 5.4612, 8.0524, 3.3292, 6.724, 2.2468, 2.9028, 2.2796, 0.2296, 0.2132, 3.2144, 4.3788, 8.2328, 2.6076, 2.542, 3.8212, 6.6584, 3.69, 10.086, 0.1148, 0.2624, 1.2792, 5.494, 1.4432, 7.3964, 1.2792]
    ],
    [
      [0.0763, 5.5699, 17.549, 11.6739, 8.6982, 4.1202, 9.919, 12.5895, 5.8751, 13.8103, 4.3491, 6.867, 5.0358, 0.9156, 0.4578, 7.7826, 13.6577, 14.3444, 6.0277, 5.1884, 6.9433, 16.9386, 7.1722, 18.0068, 0.1526, 0.2289, 2.9757, 11.2924, 2.3653, 11.445, 0.4578],
      [0.0524, 3.8252, 12.052, 8.0172, 5.9736, 2.8296, 6.812, 8.646, 4.0348, 9.4844, 2.9868, 4.716, 3.4584, 0.6288, 0.3144, 5.3448, 9.3796, 9.8512, 4.1396, 3.5632, 4.7684, 11.6328, 4.9256, 12.3664, 0.1048, 0.1572, 2.0436, 7.7552, 1.6244, 7.86, 0.3144],
      [0.0507, 3.7011, 11.661, 7.7571, 5.7798, 2.7378, 6.591, 8.3655, 3.9039, 9.1767, 2.8899, 4.563, 3.3462, 0.6084, 0.3042, 5.1714, 9.0753, 9.5316, 4.0053, 3.4476, 4.6137, 11.2554, 4.7658, 11.9652, 0.1014, 0.1521, 1.9773, 7.5036, 1.5717, 7.605, 0.3042],
      [0.1183, 8.6359, 27.209, 18.0999, 13.4862, 6.3882, 15.379, 19.5195, 9.1091, 21.4123, 6.7431, 10.647, 7.8078, 1.4196, 0.7098, 12.0666, 21.1757, 22.2404, 9.3457, 8.0444, 10.7653, 26.2626, 11.1202, 27.9188, 0.2366, 0.3549, 4.6137, 17.5084, 3.6673, 17.745, 0.7098],
      [0.1318, 9.6214, 30.314, 20.1654, 15.0252, 7.1172, 17.134, 21.747, 10.1486, 23.8558, 7.5126, 11.862, 8.6988, 1.5816, 0.7908, 13.4436, 23.5922, 24.7784, 10.4122, 8.9624, 11.9938, 29.2596, 12.3892, 31.1048, 0.2636, 0.3954, 5.1402, 19.5064, 4.0858, 19.77, 0.7908],
      [0.3467, 25.3091, 79.741, 53.0451, 39.5238, 18.7218, 45.071, 57.2055, 26.6959, 62.7527, 19.7619, 31.203, 22.8822, 4.1604, 2.0802, 35.3634, 62.0593, 65.1796, 27.3893, 23.5756, 31.5497, 76.9674, 32.5898, 81.8212, 0.6934, 1.0401, 13.5213, 51.3116, 10.7477, 52.005, 2.0802],
      [0.182, 13.286, 41.86, 27.846, 20.748, 9.828, 23.66, 30.03, 14.014, 32.942, 10.374, 16.38, 12.012, 2.184, 1.092, 18.564, 32.578, 34.216, 14.378, 12.376, 16.562, 40.404, 17.108, 42.952, 0.364, 0.546, 7.098, 26.936, 5.642, 27.3, 1.092],
      [0.0418, 3.0514, 9.614, 6.3954, 4.7652, 2.2572, 5.434, 6.897, 3.2186, 7.5658, 2.3826, 3.762, 2.7588, 0.5016, 0.2508, 4.2636, 7.4822, 7.8584, 3.3022, 2.8424, 3.8038, 9.2796, 3.9292, 9.8648, 0.0836, 0.1254, 1.6302, 6.1864, 1.2958, 6.27, 0.2508]
    ],
    [
      [0, 8.103, 13.986, 16.206, 7.77, 6.105, 12.099, 12.321, 8.658, 15.762, 6.216, 7.881, 6.66, 0.777, 0.333, 9.213, 12.099, 14.541, 6.327, 3.552, 5.883, 12.432, 6.438, 26.085, 0.555, 0.333, 0.888, 11.211, 1.221, 16.428, 0.333],
      [0, 5.8327, 10.0674, 11.6654, 5.593, 4.3945, 8.7091, 8.8689, 6.2322, 11.3458, 4.4744, 5.6729, 4.794, 0.5593, 0.2397, 6.6317, 8.7091, 10.4669, 4.5543, 2.5568, 4.2347, 8.9488, 4.6342, 18.7765, 0.3995, 0.2397, 0.6392, 8.0699, 0.8789, 11.8252, 0.2397],
      [0, 5.3509, 9.2358, 10.7018, 5.131, 4.0315, 7.9897, 8.1363, 5.7174, 10.4086, 4.1048, 5.2043, 4.398, 0.5131, 0.2199, 6.0839, 7.9897, 9.6023, 4.1781, 2.3456, 3.8849, 8.2096, 4.2514, 17.2255, 0.3665, 0.2199, 0.5864, 7.4033, 0.8063, 10.8484, 0.2199],
      [0, 7.5336, 13.0032, 15.0672, 7.224, 5.676, 11.2488, 11.4552, 8.0496, 14.6544, 5.7792, 7.3272, 6.192, 0.7224, 0.3096, 8.5656, 11.2488, 13.5192, 5.8824, 3.3024, 5.4696, 11.5584, 5.9856, 24.252, 0.516, 0.3096, 0.8256, 10.4232, 1.1352, 15.2736, 0.3096],
      [0, 14.4321, 24.9102, 28.8642, 13.839, 10.8735, 21.5493, 21.9447, 15.4206, 28.0734, 11.0712, 14.0367, 11.862, 1.3839, 0.5931, 16.4091, 21.5493, 25.8987, 11.2689, 6.3264, 10.4781, 22.1424, 11.4666, 46.4595, 0.9885, 0.5931, 1.5816, 19.9677, 2.1747, 29.2596, 0.5931],
      [0, 13.3517, 23.0454, 26.7034, 12.803, 10.0595, 19.9361, 20.3019, 14.2662, 25.9718, 10.2424, 12.9859, 10.974, 1.2803, 0.5487, 15.1807, 19.9361, 23.9599, 10.4253, 5.8528, 9.6937, 20.4848, 10.6082, 42.9815, 0.9145, 0.5487, 1.4632, 18.4729, 2.0119, 27.0692, 0.5487],
      [0, 14.4248, 24.8976, 28.8496, 13.832, 10.868, 21.5384, 21.9336, 15.4128, 28.0592, 11.0656, 14.0296, 11.856, 1.3832, 0.5928, 16.4008, 21.5384, 25.8856, 11.2632, 6.3232, 10.4728, 22.1312, 11.4608, 46.436, 0.988, 0.5928, 1.5808, 19.9576, 2.1736, 29.2448, 0.5928],
      [0, 3.9785, 6.867, 7.957, 3.815, 2.9975, 5.9405, 6.0495, 4.251, 7.739, 3.052, 3.8695, 3.27, 0.3815, 0.1635, 4.5235, 5.9405, 7.1395, 3.1065, 1.744, 2.8885, 6.104, 3.161, 12.8075, 0.2725, 0.1635, 0.436, 5.5045, 0.5995, 8.066, 0.1635]
    ],
    [
      [0.0847, 5.2514, 12.1968, 9.1476, 6.8607, 4.9126, 5.5902, 6.0984, 4.6585, 8.8088, 3.388, 5.929, 4.4044, 0.4235, 0.2541, 5.4208, 9.4864, 11.9427, 2.541, 2.0328, 5.5055, 6.5219, 3.6421, 10.2487, 0.2541, 0.5929, 0.847, 6.6913, 2.3716, 11.858, 1.6093],
      [0.0915, 5.673, 13.176, 9.882, 7.4115, 5.307, 6.039, 6.588, 5.0325, 9.516, 3.66, 6.405, 4.758, 0.4575, 0.2745, 5.856, 10.248, 12.9015, 2.745, 2.196, 5.9475, 7.0455, 3.9345, 11.0715, 0.2745, 0.6405, 0.915, 7.2285, 2.562, 12.81, 1.7385],
      [0.091, 5.642, 13.104, 9.828, 7.371, 5.278, 6.006, 6.552, 5.005, 9.464, 3.64, 6.37, 4.732, 0.455, 0.273, 5.824, 10.192, 12.831, 2.73, 2.184, 5.915, 7.007, 3.913, 11.011, 0.273, 0.637, 0.91, 7.189, 2.548, 12.74, 1.729],
      [0.1145, 7.099, 16.488, 12.366, 9.2745, 6.641, 7.557, 8.244, 6.2975, 11.908, 4.58, 8.015, 5.954, 0.5725, 0.3435, 7.328, 12.824, 16.1445, 3.435, 2.748, 7.4425, 8.8165, 4.9235, 13.8545, 0.3435, 0.8015, 1.145, 9.0455, 3.206, 16.03, 2.1755],
      [0.2121, 13.1502, 30.5424, 22.9068, 17.1801, 12.3018, 13.9986, 15.2712, 11.6655, 22.0584, 8.484, 14.847, 11.0292, 1.0605, 0.6363, 13.5744, 23.7552, 29.9061, 6.363, 5.0904, 13.7865, 16.3317, 9.1203, 25.6641, 0.6363, 1.4847, 2.121, 16.7559, 5.9388, 29.694, 4.0299],
      [0.162, 10.044, 23.328, 17.496, 13.122, 9.396, 10.692, 11.664, 8.91, 16.848, 6.48, 11.34, 8.424, 0.81, 0.486, 10.368, 18.144, 22.842, 4.86, 3.888, 10.53, 12.474, 6.966, 19.602, 0.486, 1.134, 1.62, 12.798, 4.536, 22.68, 3.078],
      [0.1711, 10.6082, 24.6384, 18.4788, 13.8591, 9.9238, 11.2926, 12.3192, 9.4105, 17.7944, 6.844, 11.977, 8.8972, 0.8555, 0.5133, 10.9504, 19.1632, 24.1251, 5.133, 4.1064, 11.1215, 13.1747, 7.3573, 20.7031, 0.5133, 1.1977, 1.711, 13.5169, 4.7908, 23.954, 3.2509],
      [0.0731, 4.5322, 10.5264, 7.8948, 5.9211, 4.2398, 4.8246, 5.2632, 4.0205, 7.6024, 2.924, 5.117, 3.8012, 0.3655, 0.2193, 4.6784, 8.1872, 10.3071, 2.193, 1.7544, 4.7515, 5.6287, 3.1433, 8.8451, 0.2193, 0.5117, 0.731, 5.7749, 2.0468, 10.234, 1.3889]
    ]
  ],
  "V_est": [
    [132.6105, 212.553, 172.1115, 174.306, 237.9465, 1759.362, 354.882, 91.2285],
    [109.59, 247.845, 302.64, 146.445, 267.15, 401.115, 351.975, 123.24],
    [147.8576, 141.8956, 163.3588, 231.3256, 388.7224, 838.2572, 9904.0744, 108.5084],
    [125.3448, 159.168, 180.3904, 181.0536, 393.2776, 4999.2016, 484.136, 108.7648],
    [232.4861, 159.6628, 154.4829, 360.4601, 401.5946, 1056.3949, 554.554, 127.3646],
    [250.416, 180.2544, 165.3648, 232.8192, 446.0112, 412.6224, 445.7856, 122.952],
    [159.5748, 172.386, 171.444, 215.718, 399.5964, 305.208, 322.3524, 137.7204]
  ],
  "p_est": [
    [0.0423, 0.0678, 0.0549, 0.0556, 0.0759, 0.5612, 0.1132, 0.0291],
    [0.0562, 0.1271, 0.1552, 0.0751, 0.137, 0.2057, 0.1805, 0.0632],
    [0.0124, 0.0119, 0.0137, 0.0194, 0.0326, 0.0703, 0.8306, 0.0091],
    [0.0189, 0.024, 0.0272, 0.0273, 0.0593, 0.7538, 0.073, 0.0164],
    [0.0763, 0.0524, 0.0507, 0.1183, 0.1318, 0.3467, 0.182, 0.0418],
    [0.111, 0.0799, 0.0733, 0.1032, 0.1977, 0.1829, 0.1976, 0.0545],
    [0.0847, 0.0915, 0.091, 0.1145, 0.2121, 0.162, 0.1711, 0.0731]
  ],
  "EI_Z": {},
  "EI_V": 16.6974,
  "MAE_Z": {},
  "MAE_V": 183.8386,
  "MAE_p": 0.0619,
  "runtime": 200.272
}
