{
  "X": [
    [1, 3, 9, 105, 7],
    [48, 80, 301, 342, 47],
    [73, 88, 345, 366, 37],
    [23, 20, 61, 133, 11],
    [17, 21, 88, 228, 19],
    [48, 70, 325, 376, 44],
    [26, 19, 76, 143, 15],
    [15, 11, 92, 261, 18],
    [32, 47, 225, 414, 30],
    [9, 39, 127, 251, 13],
    [22, 38, 239, 321, 21],
    [5, 5, 24, 169, 8],
    [6, 20, 120, 246, 10],
    [9, 21, 80, 227, 8],
    [21, 33, 114, 231, 20],
    [93, 94, 577, 402, 59],
    [15, 9, 44, 102, 12],
    [2, 0, 12, 87, 2],
    [26, 16, 77, 225, 28],
    [106, 92, 463, 680, 62],
    [13, 14, 82, 134, 17],
    [5, 7, 20, 96, 15],
    [10, 4, 51, 97, 8],
    [4, 4, 13, 57, 3],
    [2, 6, 18, 111, 5],
    [4, 8, 36, 161, 2],
    [71, 62, 330, 705, 59],
    [30, 97, 338, 285, 50],
    [34, 94, 279, 338, 46],
    [43, 49, 201, 230, 35],
    [23, 32, 154, 323, 37],
    [14, 23, 79, 64, 18],
    [24, 43, 180, 108, 26],
    [101, 188, 627, 915, 98],
    [19, 68, 238, 256, 38],
    [48, 120, 476, 457, 67],
    [16, 33, 131, 107, 15],
    [23, 56, 210, 324, 26],
    [95, 189, 572, 641, 86],
    [27, 73, 315, 252, 35],
    [5, 10, 21, 76, 12],
    [17, 14, 78, 260, 24],
    [5, 0, 14, 89, 5],
    [26, 39, 85, 282, 29],
    [23, 43, 186, 313, 32],
    [39, 59, 291, 430, 35],
    [3, 13, 57, 158, 5],
    [6, 8, 20, 164, 7],
    [9, 10, 33, 187, 11],
    [11, 4, 102, 209, 13],
    [1, 23, 36, 125, 19],
    [6, 3, 24, 77, 6],
    [27, 12, 175, 285, 17],
    [39, 18, 172, 200, 17],
    [38, 20, 187, 376, 21],
    [19, 11, 140, 257, 14],
    [41, 34, 350, 628, 36],
    [1, 8, 3, 123, 2],
    [4, 15, 37, 113, 12],
    [40, 81, 327, 411, 49],
    [10, 33, 165, 166, 35],
    [115, 147, 767, 1412, 102],
    [28, 30, 139, 225, 26],
    [136, 108, 533, 799, 94],
    [26, 7, 75, 189, 12]
  ],
  "W": [
    [13, 1, 12, 95, 1, 3],
    [20, 35, 323, 349, 46, 45],
    [32, 77, 326, 372, 66, 36],
    [12, 20, 61, 126, 12, 17],
    [17, 26, 68, 233, 15, 14],
    [36, 58, 311, 357, 51, 50],
    [12, 29, 71, 140, 15, 12],
    [16, 18, 78, 240, 15, 30],
    [41, 23, 215, 380, 50, 39],
    [21, 10, 130, 231, 32, 15],
    [22, 26, 211, 298, 52, 32],
    [13, 8, 21, 163, 6, 0],
    [29, 11, 110, 208, 32, 12],
    [9, 11, 76, 213, 23, 13],
    [28, 13, 104, 221, 32, 21],
    [41, 115, 514, 391, 90, 74],
    [9, 14, 35, 103, 12, 9],
    [19, 1, 13, 66, 3, 1],
    [20, 31, 75, 223, 10, 13],
    [70, 145, 410, 658, 60, 60],
    [18, 19, 71, 128, 10, 14],
    [6, 1, 31, 95, 5, 5],
    [15, 9, 41, 93, 4, 8],
    [9, 3, 14, 50, 4, 1],
    [17, 3, 19, 98, 4, 1],
    [6, 7, 32, 150, 13, 3],
    [66, 95, 264, 712, 48, 42],
    [23, 40, 336, 296, 61, 44],
    [23, 41, 289, 360, 47, 31],
    [36, 45, 201, 222, 30, 24],
    [37, 30, 142, 307, 27, 26],
    [12, 13, 87, 64, 12, 10],
    [9, 19, 184, 114, 26, 29],
    [75, 114, 656, 911, 98, 75],
    [15, 39, 230, 269, 46, 20],
    [24, 47, 488, 450, 75, 84],
    [4, 15, 129, 116, 20, 18],
    [28, 34, 201, 301, 42, 33],
    [49, 125, 597, 639, 94, 79],
    [13, 35, 310, 271, 48, 25],
    [11, 6, 18, 75, 6, 8],
    [36, 10, 86, 231, 13, 17],
    [12, 5, 14, 81, 1, 0],
    [41, 29, 81, 284, 18, 8],
    [23, 22, 172, 296, 44, 40],
    [31, 33, 295, 402, 59, 34],
    [10, 9, 60, 142, 10, 5],
    [19, 5, 22, 148, 5, 6],
    [18, 11, 36, 173, 7, 5],
    [29, 7, 97, 174, 14, 18],
    [32, 4, 29, 119, 11, 9],
    [5, 8, 19, 76, 6, 2],
    [24, 35, 151, 254, 24, 28],
    [17, 20, 188, 176, 24, 21],
    [32, 31, 179, 337, 30, 33],
    [14, 17, 141, 235, 17, 17],
    [44, 46, 342, 573, 42, 42],
    [14, 2, 3, 109, 5, 4],
    [21, 5, 35, 108, 7, 5],
    [50, 36, 305, 379, 79, 59],
    [8, 6, 165, 170, 31, 29],
    [110, 163, 687, 1349, 142, 92],
    [15, 29, 138, 221, 23, 22],
    [59, 112, 536, 782, 74, 107],
    [18, 34, 68, 176, 5, 8]
  ],
  "method": "mult",
  "cond_prob": [
    [
      [0, 0.0093639487109, 0, 0.88419295998, 0.10644309131],
      [0.36838344929, 0.059224965957, 0.46149836814, 0.002350749732, 0.10854246688],
      [0.0430609622, 0.20099692548, 0.56633805635, 0.13803915353, 0.051564902433],
      [0, 0, 0, 0.96392341375, 0.036076586247],
      [0.00091236752959, 0.32682578269, 0.55227365825, 0.068883024944, 0.051105166593],
      [0.037990878926, 0.026751604102, 0.3967237658, 0.068354532216, 0.47017921895]
    ],
    [
      [0.0010515555723, 0.016900299239, 0.0034064009331, 0.87395235616, 0.1046893881],
      [0.50082511585, 0.045995762961, 0.39249233763, 0, 0.060686783552],
      [0.065651860777, 0.18047975024, 0.70754492429, 0.0098110508231, 0.036512413869],
      [0.014860097889, 0.012211905589, 0.027264948227, 0.9076467658, 0.038016282497],
      [0.0024072422681, 0.30767586806, 0.60361340911, 0.048797577981, 0.037505902573],
      [0.087725144335, 0.02982528893, 0.4750210193, 0.051968302458, 0.35546024498]
    ],
    [
      [0.0015449821379, 0.017727677885, 0.0048072142464, 0.8939310808, 0.081989044933],
      [0.50396699619, 0.045287561855, 0.40626847079, 0, 0.044476971162],
      [0.06587772594, 0.17628004361, 0.7320733172, 0, 0.025768913256],
      [0.024041199847, 0.014873630715, 0.038863094913, 0.89403789622, 0.028184178301],
      [0.003277452025, 0.30007065374, 0.62537731966, 0.043717939396, 0.027556635171],
      [0.097481250883, 0.031684001535, 0.53265614117, 0.053520111639, 0.28465849477]
    ],
    [
      [0.0020396088995, 0.018106592545, 0.0015521339355, 0.9079964294, 0.070305235219],
      [0.60270143327, 0.046360111175, 0.31125282613, 0.0021151847027, 0.037570444725],
      [0.090911258431, 0.21162569394, 0.64428076456, 0.028643246576, 0.02453903649],
      [0.024511650762, 0.0074422107765, 0.0057441053388, 0.94055754295, 0.021744490168],
      [0.0036680287788, 0.36373099339, 0.54984616624, 0.056275451059, 0.026479360538],
      [0.13196617189, 0.037874168052, 0.47842823322, 0.066408546296, 0.28532288055]
    ],
    [
      [0.00068454847028, 0.01673243895, 0.0044175069344, 0.87892023787, 0.09924526778],
      [0.4151640732, 0.049332418317, 0.47295014953, 0, 0.062553358946],
      [0.045220614292, 0.16799321901, 0.73918346752, 0.015506924998, 0.032095774175],
      [0.0093752796414, 0.014133804762, 0.037089236904, 0.90374848449, 0.035653194199],
      [0.001470149201, 0.28746928459, 0.63089013027, 0.046721364914, 0.033449071027],
      [0.06518590046, 0.028867927887, 0.51846989643, 0.052119121115, 0.33535715411]
    ],
    [
      [0.00064221279122, 0.014414241867, 0.0033483624114, 0.89426958515, 0.087325597779],
      [0.44070171144, 0.043945432605, 0.45792973657, 0.00076681377299, 0.056656305606],
      [0.049943846997, 0.1557037027, 0.74330179755, 0.021056383178, 0.02999426958],
      [0.0088202102351, 0.0096049999768, 0.02232794654, 0.92890363928, 0.030343203973],
      [0.0015678256747, 0.26920832949, 0.64453563244, 0.05270834236, 0.031979870038],
      [0.073097409931, 0.026995817343, 0.5262056205, 0.058131197718, 0.3155699545]
    ],
    [
      [0.0017587563977, 0.014611416336, 0.0023497098148, 0.88356742134, 0.097712696112],
      [0.55012520513, 0.03918986495, 0.35471877895, 0.00046361583232, 0.055502535135],
      [0.079232194558, 0.16877518883, 0.69316256012, 0.023083040398, 0.03574701609],
      [0.022297333091, 0.0065231596879, 0.013187296588, 0.92313722427, 0.034854986368],
      [0.0034208302767, 0.29764396064, 0.60606385201, 0.055042180909, 0.03782917617],
      [0.10223658949, 0.027268062298, 0.46110315179, 0.05666717548, 0.35272502094]
    ],
    [
      [0.00027432565232, 0.0071282560207, 0.00024705020896, 0.9243881652, 0.067962202917],
      [0.44857265912, 0.02554870421, 0.47047193545, 0.0052490201285, 0.050157681096],
      [0.060008902763, 0.094241651078, 0.72097107743, 0.098049041978, 0.026729326754],
      [0, 0, 0, 0.97968675207, 0.020313247927],
      [0.0014807300465, 0.17386953742, 0.72308880803, 0.070847480994, 0.030713443517],
      [0.073946585309, 0.015572646084, 0.54818253996, 0.075998300262, 0.28629992838]
    ],
    [
      [0.00076213364639, 0.012193418958, 0.001561372124, 0.91549338872, 0.069989686552],
      [0.49357390178, 0.036779695329, 0.42336320163, 0.0022593225692, 0.044023878699],
      [0.060792261019, 0.14054093042, 0.73896722891, 0.034924395766, 0.024775183888],
      [0.010262517646, 0.0050415698446, 0.0057130853624, 0.95603195893, 0.02295086822],
      [0.0019826101135, 0.25090497336, 0.65931925156, 0.060407024643, 0.027386140324],
      [0.090957165375, 0.025045937989, 0.54317284292, 0.06645040844, 0.27437364527]
    ],
    [
      [0.00014769800352, 0.016786351668, 0.0014685096842, 0.92351643627, 0.05808100437],
      [0.35082743099, 0.065628934893, 0.53322555302, 0.0025880451516, 0.047730035945],
      [0.031256688831, 0.19389053292, 0.71653818549, 0.038108190017, 0.020206402742],
      [0.0025815997675, 0.0081950993317, 0.0028675739591, 0.96822725972, 0.01812846722],
      [0.00059229335155, 0.32255361058, 0.59746291944, 0.058160052609, 0.021231124022],
      [0.053996770029, 0.038042966801, 0.5803812431, 0.073639400357, 0.25393961972]
    ],
    [
      [0.00035587839257, 0.01021160097, 0.0023130681126, 0.92803197879, 0.059087473731],
      [0.39160972126, 0.034841773134, 0.5281346416, 0.0029561282873, 0.042457735722],
      [0.03950953178, 0.11411444757, 0.78884499927, 0.037539053558, 0.019991967821],
      [0.0045801562351, 0.0048428305566, 0.0081075861253, 0.96371043485, 0.018758992231],
      [0.0009099845599, 0.20511607238, 0.70996664207, 0.061303416656, 0.022703884341],
      [0.064425030059, 0.021315967842, 0.60740596627, 0.069131549326, 0.23772148651]
    ],
    [
      [0.00025699158216, 0.0098477339416, 0.0014251236513, 0.8961109751, 0.092359175725],
      [0.42725060978, 0.035269636838, 0.46648283533, 0.0025277733446, 0.068469144703],
      [0.045700202495, 0.1266234081, 0.76150278848, 0.029914322174, 0.036259278749],
      [0.0037461321847, 0.0034922329429, 0.0014474248419, 0.95906939256, 0.032244817472],
      [0.001388405443, 0.22691613737, 0.67035365043, 0.062303897372, 0.039037909389],
      [0.06185249692, 0.019938741613, 0.49532542287, 0.061558111313, 0.36132522728]
    ],
    [
      [0, 0.0059774042191, 0, 0.94682368311, 0.047198912674],
      [0.27835644875, 0.041083906269, 0.63208792328, 0.0045400868849, 0.043931634819],
      [0.022322965154, 0.11479514134, 0.75235882756, 0.092995242006, 0.01752782394],
      [0, 0, 0, 0.98566278955, 0.014337210447],
      [0.00019059584735, 0.20258381126, 0.70643408033, 0.071275462193, 0.019516050367],
      [0.039704485808, 0.022048733388, 0.64013927017, 0.080335049698, 0.21777246094]
    ],
    [
      [0.00031224928551, 0.013597738102, 0.0013516437145, 0.93974949997, 0.044988868928],
      [0.41499620695, 0.051662801882, 0.49369739879, 0.0039436327682, 0.035699959608],
      [0.045950500991, 0.17403465436, 0.68889921407, 0.07442734541, 0.016688285164],
      [0, 0, 0, 0.98708889661, 0.012911103389],
      [0.00081675242001, 0.28910515542, 0.62587354475, 0.066265500655, 0.017939046755],
      [0.070862161459, 0.033329017698, 0.60044092471, 0.08218113811, 0.21318675802]
    ],
    [
      [0.0015312437897, 0.017163393936, 0.0040869433629, 0.89121907305, 0.085999345857],
      [0.54379413268, 0.042881711752, 0.36701638866, 0.00015804221648, 0.046149724688],
      [0.073685099452, 0.17913770538, 0.70250157029, 0.015914812672, 0.028760812207],
      [0.01771380947, 0.012481404132, 0.027628696664, 0.91239391128, 0.029782178459],
      [0.0029225617172, 0.30987380057, 0.60739848405, 0.049266409623, 0.030538744037],
      [0.10553701134, 0.031299496499, 0.50054741763, 0.055861494673, 0.30675457985]
    ],
    [
      [0.0010599282839, 0.012397382357, 0.0047261071074, 0.89675628036, 0.085060301892],
      [0.45111468601, 0.034134406143, 0.46501175694, 0, 0.049739150912],
      [0.057433469073, 0.12537188432, 0.78974074054, 0, 0.027453906068],
      [0.013945049699, 0.0091526164963, 0.034055338041, 0.91323691137, 0.029610084393],
      [0.0023823435844, 0.22138575161, 0.69848454106, 0.047658842671, 0.030088521073],
      [0.079603048531, 0.021915018674, 0.55707960883, 0.052271139441, 0.28913118452]
    ],
    [
      [0.0022921163938, 0.01196077456, 0.0031810862527, 0.86500842664, 0.11755759615],
      [0.57027927657, 0.029094817873, 0.34021671672, 0, 0.060409188839],
      [0.08655110923, 0.13528224762, 0.71877993439, 0.017026518253, 0.042360190508],
      [0.02886011038, 0.005775160121, 0.022237528662, 0.89856111886, 0.04456608198],
      [0.0043645456987, 0.24786058934, 0.64925457182, 0.052479792362, 0.046040500774],
      [0.10457848221, 0.020108705293, 0.44105757465, 0.048604807861, 0.38565042999]
    ],
    [
      [0, 0, 0, 0.9624674028, 0.037532597201],
      [0.59456798997, 3.2413028872e-33, 0.37942088651, 0.0022235997481, 0.023787523764],
      [0.099067156726, 3.32848198e-50, 0.64320059375, 0.24039340015, 0.017338849368],
      [0, 0, 0, 0.98821257077, 0.011787429226],
      [0.0026004583839, 0, 0.88289505857, 0.092738148909, 0.021766334141],
      [0.10975759744, 0, 0.61028621902, 0.085537427222, 0.19441875632]
    ],
    [
      [0.0012135155918, 0.011635934772, 0.001739541562, 0.84662520574, 0.13878580233],
      [0.51672194653, 0.03400437405, 0.36225547682, 0.0017720641968, 0.085246138411],
      [0.0711796727, 0.14517952417, 0.70177887952, 0.026830212717, 0.05503171089],
      [0.015888876912, 0.0043674492526, 0.0077208728474, 0.91826975048, 0.05375305051],
      [0.0025057849994, 0.25922487932, 0.62228763296, 0.057763515377, 0.058218187344],
      [0.080815114779, 0.01988395536, 0.39671095759, 0.049885110069, 0.4527048622]
    ],
    [
      [0.0011175619816, 0.014309615026, 0.0041082655275, 0.89858824271, 0.081876314756],
      [0.46725118208, 0.040521058772, 0.44286312898, 0, 0.049364630176],
      [0.058018839812, 0.14926567081, 0.75046464608, 0.014940676937, 0.02731016636],
      [0.014058502821, 0.010188928066, 0.0288473616, 0.91863539756, 0.028269809956],
      [0.0021333686589, 0.26058783512, 0.65648398037, 0.051338801659, 0.029456014195],
      [0.083402132687, 0.026404393645, 0.54060266774, 0.057178762903, 0.29241204302]
    ],
    [
      [0.0005835875851, 0.012444540912, 0.0049446984893, 0.87045690519, 0.11157026783],
      [0.41088681591, 0.037331631345, 0.47996572271, 0, 0.071815830038],
      [0.045331677111, 0.13081161831, 0.77149705111, 0.013684573382, 0.038675080091],
      [0.0085531091019, 0.0092025060152, 0.033009659187, 0.9075419897, 0.041692735996],
      [0.0014835010036, 0.23091720168, 0.67695243277, 0.050075849949, 0.0405710146],
      [0.061033133657, 0.020855684389, 0.50147109739, 0.049574129666, 0.36706595489]
    ],
    [
      [0.00074192620765, 0.010705725717, 0, 0.7995889496, 0.18896339847],
      [0.61485564548, 0.033809601102, 0.23746761847, 0.0014875107246, 0.11237962422],
      [0.12725574177, 0.16733728994, 0.51496079414, 0.096829355764, 0.093616818391],
      [0, 0, 0, 0.92239377563, 0.077606224375],
      [0.0029145166804, 0.32438928108, 0.50859194871, 0.067975326114, 0.096128927417],
      [0.084238443792, 0.018510730229, 0.25115760395, 0.046396689602, 0.59969653243]
    ],
    [
      [0.0022632234331, 0.0068138275043, 0.0083535211426, 0.89592499214, 0.086644435778],
      [0.50001096815, 0.015688123061, 0.44101568429, 0, 0.043285224502],
      [0.067014090967, 0.064875536715, 0.83720333868, 0.0040025664038, 0.026904467235],
      [0.021298025951, 0.0055030781447, 0.052040801637, 0.89044850789, 0.030709586379],
      [0.0026313074632, 0.12447087179, 0.79110002871, 0.050737990312, 0.031059801726],
      [0.090891695284, 0.010879089999, 0.57200305891, 0.047794587552, 0.27843156826]
    ],
    [
      [0.00019249177862, 0.012684070045, 0, 0.90973824841, 0.07738518977],
      [0.63000034858, 0.033678565141, 0.29402306303, 0.0024768009907, 0.039821222252],
      [0.10153779347, 0.17206868651, 0.66342624874, 0.033444804397, 0.029522466886],
      [0.011057813437, 0.0020234142776, 0, 0.96050709803, 0.026411674251],
      [0.0028784735365, 0.31164668785, 0.59210625705, 0.061858544394, 0.031510037163],
      [0.12233285371, 0.028088597721, 0.46153830034, 0.063909020551, 0.32413122768]
    ],
    [
      [0, 0.014651455339, 0, 0.90957859381, 0.075769950854],
      [0.37566331512, 0.060907769238, 0.49905183812, 0.0023290769797, 0.062048000547],
      [0.032846399998, 0.19218574915, 0.71520332982, 0.031036522384, 0.028727998649],
      [0.0019882315512, 0.0059875919202, 0.00037557245178, 0.96575139457, 0.025897209508],
      [0.00088502622304, 0.32402814666, 0.58887505709, 0.057238629481, 0.028973140548],
      [0.050541657779, 0.033776122783, 0.52167489051, 0.067891563383, 0.32611576555]
    ],
    [
      [0.00018902424127, 0.01054705998, 0.001103802482, 0.96621012713, 0.02194998617],
      [0.38920956237, 0.04434263361, 0.54304093395, 0.0043021751005, 0.019104694971],
      [0.033237718559, 0.13604137579, 0.66805520276, 0.15389650814, 0.0087691947523],
      [0, 0, 0, 0.99352832541, 0.0064716745856],
      [0.00067441020762, 0.24486277928, 0.67303533999, 0.072037783777, 0.0093896867508],
      [0.067341530456, 0.02992634964, 0.68828824648, 0.094065249925, 0.1203786235]
    ],
    [
      [0.0011638702273, 0.013973727024, 0.0052177029314, 0.88409267425, 0.095552025568],
      [0.44781649446, 0.038144678865, 0.45802456879, 0, 0.056014257892],
      [0.054516802978, 0.13828570651, 0.76492630623, 0.011428994401, 0.030842189874],
      [0.01501148481, 0.011630345702, 0.041423159054, 0.8976999913, 0.034235019131],
      [0.0020440491992, 0.24314064519, 0.6736637231, 0.047994967502, 0.033156615006],
      [0.076235477598, 0.023690616567, 0.53270487549, 0.051582779288, 0.31578625105]
    ],
    [
      [0.00044553041413, 0.019833811013, 0.0047541448506, 0.85885824899, 0.11610826473],
      [0.35489306233, 0.062856142772, 0.50312644072, 0, 0.079124354181],
      [0.02537138534, 0.20040584087, 0.73622127073, 0, 0.038001503064],
      [0.016890129239, 0.018739373739, 0.04097129514, 0.88099287869, 0.042406323196],
      [0.00086825804338, 0.32254848577, 0.59895615317, 0.039789271996, 0.037837831021],
      [0.050381882671, 0.033429587398, 0.49389594023, 0.046482331605, 0.3758102581]
    ],
    [
      [0.00064311697228, 0.022337918243, 0.0046242260394, 0.85436867176, 0.11802606698],
      [0.40059487456, 0.066917435545, 0.45657388311, 0, 0.075913806783],
      [0.035919214323, 0.22371882591, 0.70221016769, 0, 0.03815179207],
      [0.014575744022, 0.022679566521, 0.044540144403, 0.87504945289, 0.04315509216],
      [0.0013127445001, 0.35674786635, 0.56446872742, 0.039762314279, 0.037708347451],
      [0.060361247539, 0.037292860266, 0.47325461149, 0.047189959244, 0.38190132146]
    ],
    [
      [0.0019798263418, 0.016641831784, 0.0056537944616, 0.85877387727, 0.11695067014],
      [0.49659800092, 0.042984146142, 0.39521105329, 0, 0.065206799648],
      [0.066802672844, 0.17011538971, 0.72302670398, 0, 0.040055233466],
      [0.022533863361, 0.012912115847, 0.035735410225, 0.88557504143, 0.043243569134],
      [0.0029669039348, 0.29186152407, 0.61871102098, 0.045346494249, 0.041114056761],
      [0.085956424361, 0.027128279479, 0.46620861673, 0.046920266367, 0.37378641306]
    ],
    [
      [0.00045034374405, 0.012755575154, 0.0026533946604, 0.86959191476, 0.11454877168],
      [0.4182487279, 0.041286294987, 0.46069301227, 0.0015232941231, 0.078248670722],
      [0.046564428496, 0.14520824019, 0.74090156898, 0.025183228122, 0.042142534215],
      [0.0071252841667, 0.0072702820749, 0.016690591605, 0.92619492002, 0.042718922132],
      [0.0014233254788, 0.25373083491, 0.64648116823, 0.05431893282, 0.044045738559],
      [0.06145517581, 0.022583677834, 0.4728464642, 0.053651165535, 0.38946351662]
    ],
    [
      [0.0016881410667, 0.019115668934, 0.0061961314855, 0.80708405628, 0.16591600223],
      [0.48343046692, 0.048666237811, 0.37618545246, 0, 0.091717842808],
      [0.04573288225, 0.19503693095, 0.69898775448, 0, 0.060242432326],
      [0.046202929795, 0.015578997383, 0.03700056247, 0.83577899116, 0.065438519191],
      [0.0027402802138, 0.32493770009, 0.57691898571, 0.038691609984, 0.056711424001],
      [0.072651461206, 0.027342965517, 0.39322370742, 0.03608365705, 0.47069820881]
    ],
    [
      [0.0010556860703, 0.017449831666, 0.0045977229086, 0.85938075177, 0.11751600759],
      [0.46830059325, 0.045338440246, 0.42122861153, 0, 0.065132354976],
      [0.041610391464, 0.17362089326, 0.74577550579, 0, 0.038993209484],
      [0.044797465947, 0.014226442183, 0.038016361727, 0.85970041044, 0.0432593197],
      [0.0023687894605, 0.29189982329, 0.62641087598, 0.040307727951, 0.03901278332],
      [0.07820606484, 0.02841610259, 0.48662192406, 0.04178363851, 0.36497227]
    ],
    [
      [0.00076048239359, 0.018931931281, 0.0036408339044, 0.87792824469, 0.098738507729],
      [0.45183425703, 0.056435110915, 0.42877592902, 0, 0.062954703037],
      [0.052247690425, 0.20061721236, 0.69956634461, 0.013901061847, 0.033667690753],
      [0.010298396679, 0.014670692429, 0.027594494058, 0.91236977195, 0.03506664488],
      [0.0016777620005, 0.33261539038, 0.58303062895, 0.048289839828, 0.034386378836],
      [0.074841514001, 0.034404028552, 0.48873831677, 0.055133580303, 0.34688256038]
    ],
    [
      [0.00023826865518, 0.018848553211, 0.0041612955154, 0.84974762049, 0.12700426212],
      [0.29731519761, 0.066064861419, 0.541569452, 0, 0.095050488962],
      [0.025475925878, 0.19563372425, 0.73528381604, 0.0012629019696, 0.04234363186],
      [0.0028616919877, 0.018585925615, 0.039308554115, 0.89254090472, 0.046702923562],
      [0.00033976726296, 0.3157105877, 0.59992228438, 0.041750835294, 0.042276525361],
      [0.03781229363, 0.031134225151, 0.47653340559, 0.047463822326, 0.4070562533]
    ],
    [
      [0.00053622994756, 0.016331327859, 0.0031185036209, 0.88609048219, 0.093923456379],
      [0.40430455062, 0.053345804551, 0.47605919892, 0.0010267758562, 0.06526367005],
      [0.042141047428, 0.17816822141, 0.72679306982, 0.020378323997, 0.032519337343],
      [0.0068515950824, 0.011371107008, 0.021961719424, 0.92684134544, 0.032974233047],
      [0.0011763530094, 0.29943644016, 0.61442869942, 0.051186346118, 0.033772161292],
      [0.062482633265, 0.030713953606, 0.51083844399, 0.057421029109, 0.33854394003]
    ],
    [
      [0.00082238243336, 0.018371951269, 0.0041408833357, 0.88257201838, 0.094092764581],
      [0.44177160125, 0.050625255461, 0.45289816046, 0, 0.05470498283],
      [0.037384254492, 0.18244715453, 0.7513029393, 0, 0.028865651686],
      [0.027361692502, 0.017295665976, 0.044878428547, 0.87756285003, 0.032901362942],
      [0.0018190959272, 0.30233929148, 0.62507659505, 0.040545336928, 0.030219680618],
      [0.074290520734, 0.032131519237, 0.53135862657, 0.04786192134, 0.31435741212]
    ],
    [
      [0.0001187602835, 0.01631844291, 0.0022217557781, 0.91029431341, 0.071046727621],
      [0.38190229881, 0.057737112918, 0.50408651488, 0.0030101780471, 0.05326389534],
      [0.035927020897, 0.18215160196, 0.72397173933, 0.033858883229, 0.024090754583],
      [0.0026141886884, 0.0099561493577, 0.010971624448, 0.95363389016, 0.022824147347],
      [0.0006215114059, 0.30603703719, 0.61186928496, 0.055718555454, 0.025753610991],
      [0.059930032666, 0.033854340801, 0.55392608484, 0.067266587122, 0.28502295457]
    ],
    [
      [0.00062434762415, 0.020928300611, 0.0035577550048, 0.87597051067, 0.098919086086],
      [0.43873619617, 0.064234440626, 0.43238339811, 0, 0.064645965093],
      [0.048200990832, 0.221660589, 0.68558943663, 0.01121479523, 0.033334188301],
      [0.0087223380696, 0.016965864915, 0.027561102689, 0.91183862007, 0.034912074254],
      [0.0013794649941, 0.35882770994, 0.55962644252, 0.046542930098, 0.033623452445],
      [0.071495533959, 0.038517014458, 0.48435976399, 0.054965804672, 0.35066188293]
    ],
    [
      [0.0005387328257, 0.017007705646, 0.0045727242352, 0.87035247051, 0.10752836678],
      [0.35719191532, 0.052220976313, 0.52034116493, 0, 0.07024594344],
      [0.02261740344, 0.16912538737, 0.77462060568, 0, 0.033636603507],
      [0.022574964302, 0.016325989937, 0.046146764358, 0.87654808956, 0.038404191843],
      [0.0010645556994, 0.27893548534, 0.64457989346, 0.04052664472, 0.034893420774],
      [0.052438814862, 0.028361960026, 0.52602472097, 0.047824266637, 0.34535023751]
    ],
    [
      [0.00063268296152, 0.024828782154, 0.0041078419506, 0.81936463181, 0.15106606112],
      [0.47103904755, 0.073185459695, 0.36011714022, 0, 0.095658352533],
      [0.051448002028, 0.27104162074, 0.60754699264, 0.01646773988, 0.053495644715],
      [0.0095515662353, 0.019992751596, 0.027676972315, 0.88113467697, 0.061644032883],
      [0.0014747876133, 0.43176859539, 0.47412741527, 0.042354557523, 0.050274644196],
      [0.064440746538, 0.03986919035, 0.3672159518, 0.043917701789, 0.48455640952]
    ],
    [
      [0, 0.0072267934341, 0, 0.88826645834, 0.10450674822],
      [0.55974866982, 0.026374928407, 0.34796508104, 0.0026577028864, 0.063253617853],
      [0.11260764947, 0.11982564587, 0.68057970918, 0.04358776574, 0.043399229745],
      [0, 0, 0, 0.96244410668, 0.037555893317],
      [0.0027203150821, 0.22121099071, 0.66036128578, 0.067719634127, 0.047987774306],
      [0.098993608912, 0.017372807566, 0.43563514618, 0.061314042924, 0.38668439442]
    ],
    [
      [8.8359163232e-05, 0, 0, 0.89903631296, 0.10087532788],
      [0.57148618477, 0, 0.36907904389, 0.0025554965763, 0.056879274769],
      [0.11941891516, 0, 0.80617031635, 0.032650120956, 0.041760647534],
      [0.0057592702146, 0, 0, 0.95883346409, 0.035407265699],
      [0.003143066554, 0, 0.86822035169, 0.076174477174, 0.05246210458],
      [0.095561780985, 0, 0.4754639539, 0.05655114882, 0.37242311629]
    ],
    [
      [0.0018534988947, 0.026793578868, 0.0059111816839, 0.8332202765, 0.13222146406],
      [0.50113464845, 0.067919313181, 0.35723887124, 0, 0.073707167131],
      [0.06321554765, 0.2585699279, 0.62627206768, 0.009481885295, 0.042460571483],
      [0.01958183773, 0.025331163354, 0.039951906579, 0.86610227174, 0.049032820599],
      [0.0022763835084, 0.41445604462, 0.50142797436, 0.040291865326, 0.041547732185],
      [0.083553195302, 0.041672478576, 0.41220397454, 0.046454650678, 0.4161157009]
    ],
    [
      [0.00050461812364, 0.013494535747, 0.0019967849813, 0.89756984486, 0.086434216292],
      [0.43971254235, 0.04434878063, 0.45370803613, 0.0025099270777, 0.059720713818],
      [0.048807294139, 0.15617198472, 0.72932533713, 0.034358315072, 0.031337068936],
      [0.0068391061848, 0.0061774318882, 0.0072201164864, 0.95024201321, 0.029521332232],
      [0.0013404729776, 0.27189085428, 0.63467850451, 0.058663412482, 0.033426755745],
      [0.070912675448, 0.026516342611, 0.51163826214, 0.063455473031, 0.32747724677]
    ],
    [
      [0.00068056541275, 0.011782245832, 0.0017921920495, 0.90817079523, 0.07757420148],
      [0.47436441103, 0.036813058276, 0.4352162683, 0.0028027777455, 0.050803484651],
      [0.056798472564, 0.13685287202, 0.73887735232, 0.039230790963, 0.028240512134],
      [0.0090630992999, 0.0044277069014, 0.0040776230719, 0.95610181227, 0.026329758453],
      [0.0017860568901, 0.2450816264, 0.66086365906, 0.061382087853, 0.030886569803],
      [0.082958359612, 0.023781414112, 0.52892134994, 0.064901724438, 0.2994371519]
    ],
    [
      [0, 0.011575877732, 0, 0.94431753267, 0.044106589602],
      [0.23957943785, 0.061002998232, 0.64809452155, 0.0057789489686, 0.045544093396],
      [0.011330807635, 0.15804423226, 0.69255412621, 0.12117446365, 0.016896370252],
      [0, 0, 0, 0.98692635722, 0.013073642783],
      [0.00022817434013, 0.26945529825, 0.64557198576, 0.066718397423, 0.018026144224],
      [0.032330971564, 0.031601464123, 0.6316363752, 0.084723922921, 0.21970726619]
    ],
    [
      [0, 0.015079136115, 0, 0.92014793025, 0.064772933638],
      [0.56496256725, 0.05275190278, 0.33556628073, 0.0025516095483, 0.044167639701],
      [0.11477869867, 0.23884045348, 0.58389541651, 0.035192906643, 0.027292524696],
      [0, 0.00059721116648, 0, 0.97932435184, 0.02007843699],
      [0.002059461239, 0.37439048618, 0.5310713188, 0.064745201127, 0.027733532651],
      [0.10662641446, 0.039151206637, 0.47018547319, 0.0777428755, 0.30629403021]
    ],
    [
      [0.00018584431171, 0.012612264701, 0, 0.89846539761, 0.088736493381],
      [0.50802175967, 0.046398547458, 0.37775659863, 0.0038292918109, 0.063993802427],
      [0.082753966982, 0.19171752813, 0.62683900813, 0.061181805889, 0.037507690863],
      [0, 0, 0, 0.96986966654, 0.030130333457],
      [0.0017796785, 0.31638298378, 0.5776945431, 0.065230866379, 0.038911928245],
      [0.083362977025, 0.029216662825, 0.44692226412, 0.067777448907, 0.37272064713]
    ],
    [
      [0, 0, 0, 0.93750404107, 0.062495958929],
      [0.4615939605, 0.008114179787, 0.48359139792, 0.0034016183174, 0.043298843474],
      [0.065235589634, 0.030808166805, 0.78808599069, 0.09154990544, 0.024320347435],
      [0, 0, 0, 0.98000970857, 0.019990291434],
      [0.0018244561894, 0.061619742028, 0.83108383382, 0.075759534934, 0.029712433027],
      [0.078635983073, 0.0051184540574, 0.58529696914, 0.073661548523, 0.25728704521]
    ],
    [
      [0, 0.04193629911, 0.012697893383, 0.78707053172, 0.15829527579],
      [0.1268549056, 0.14459346088, 0.5926134997, 0, 0.13593813382],
      [0.0083359517782, 0.32887102485, 0.61448988449, 0.0022564579923, 0.04604668089],
      [0.0011795416257, 0.04818159089, 0.056145761975, 0.83276597199, 0.061727133518],
      [0.00015725766869, 0.48229325689, 0.44865237045, 0.027862141076, 0.041034973914],
      [0.012082498691, 0.055952191417, 0.42072055696, 0.038074609389, 0.47317014354]
    ],
    [
      [0.00074865684223, 0.0070294334855, 0.002056047947, 0.87897201892, 0.11119384281],
      [0.49031810216, 0.020733139144, 0.41803477786, 0.0026406696624, 0.06827331117],
      [0.060097303157, 0.086015226098, 0.78366172964, 0.028625755135, 0.041599985967],
      [0.010139752601, 0.0020998870838, 0.0060021073723, 0.94166677519, 0.040091477757],
      [0.00207087968, 0.1633698153, 0.72645343585, 0.061197316784, 0.046908552389],
      [0.074408331373, 0.012444056704, 0.47049394938, 0.053133192878, 0.38952046967]
    ],
    [
      [0.0003589747776, 0.0045413690992, 0.00023113402222, 0.93959425917, 0.055274262928],
      [0.44680420736, 0.015015967248, 0.49386964451, 0.006610849778, 0.037699331102],
      [0.0603197528, 0.056386361461, 0.8045766245, 0.058644985509, 0.020072275726],
      [0, 0, 0, 0.98275399652, 0.017246003483],
      [0.0015890514823, 0.10732159563, 0.79653552083, 0.070325208812, 0.024228623246],
      [0.078814908545, 0.0098353361519, 0.61075330091, 0.073415896392, 0.227180558]
    ],
    [
      [0.0017676735342, 0.0058987320143, 0, 0.92495326755, 0.067380326906],
      [0.61619389441, 0.014883742202, 0.32994002924, 0.0041582191772, 0.034824114966],
      [0.11641794975, 0.07319015241, 0.7274095289, 0.057062993648, 0.025919375288],
      [0.0099739050157, 0, 0, 0.96746843968, 0.022557655307],
      [0.0044096479885, 0.1493409498, 0.74200522746, 0.073034422385, 0.031209752367],
      [0.13801229874, 0.012291203012, 0.51619440585, 0.068453130567, 0.26504896182]
    ],
    [
      [0.0007418720553, 0.006092558102, 0, 0.93699491785, 0.056170651993],
      [0.54098411621, 0.01858883966, 0.40155967799, 0.0048702767588, 0.033997089373],
      [0.097777788679, 0.079186746824, 0.74514652765, 0.056788022003, 0.02110091484],
      [0, 0, 0, 0.98251440353, 0.017485596475],
      [0.0026806924983, 0.1531908372, 0.7472174836, 0.071689650416, 0.025221336289],
      [0.10979113767, 0.013897918599, 0.56829990983, 0.074002563946, 0.23400846996]
    ],
    [
      [0.00053585916907, 0.004805095723, 0.00069854189665, 0.93407343941, 0.059887063806],
      [0.47337948788, 0.01584683006, 0.46527251616, 0.0046356437315, 0.040865522174],
      [0.067242746291, 0.06019078304, 0.77236935787, 0.077207563844, 0.022989548955],
      [0, 0, 0, 0.98079065537, 0.019209344632],
      [0.0018751627043, 0.11752752718, 0.78082666698, 0.072407052545, 0.027363590585],
      [0.084231863807, 0.010497892828, 0.58249734356, 0.07301032342, 0.24976257639]
    ],
    [
      [0.00035224950668, 0.0061612315307, 0.00078880162372, 0.93062667539, 0.062071041952],
      [0.42235816382, 0.021447656195, 0.50701608434, 0.0044000900279, 0.044778005615],
      [0.05414662335, 0.076720964761, 0.78887255309, 0.057118474529, 0.023141384268],
      [0, 0, 0, 0.97986964237, 0.020130357629],
      [0.001449761552, 0.14157183934, 0.76201408446, 0.06805519883, 0.026909115821],
      [0.070880721782, 0.013279200643, 0.59151305106, 0.07123524817, 0.25309177834]
    ],
    [
      [0, 0.031920823669, 0, 0.94100911597, 0.027070060361],
      [0.46014857685, 0.22628570312, 0.27253485023, 0.0034590111868, 0.037571858606],
      [0.026567615433, 0.59221996194, 0.32410055654, 0.043008373212, 0.014103492883],
      [0, 0, 0, 0.99590621603, 0.0040937839711],
      [0, 0.87733109537, 0.0047924433558, 0.10765939133, 0.010217069944],
      [0, 0.23430542493, 0.36466660329, 0.14946368265, 0.25156428913]
    ],
    [
      [0.00038297722573, 0.025947125262, 0.0078213332266, 0.83741620732, 0.12843235697],
      [0.367064472, 0.076591488717, 0.47039865507, 0, 0.085945384209],
      [0.034158128614, 0.24101119051, 0.67602692608, 0.0085809475122, 0.040222807283],
      [0.0066109105437, 0.025390741596, 0.044463061802, 0.87600277037, 0.04753251569],
      [0.00098478295627, 0.38523001432, 0.53552045619, 0.039270022964, 0.038994723569],
      [0.04804575947, 0.039590213076, 0.45443248922, 0.04614742459, 0.41178411364]
    ],
    [
      [0.00066951027501, 0.01526572824, 0.0032538555274, 0.8923036878, 0.088507218156],
      [0.44934760374, 0.046340954043, 0.4459388518, 0.0010389008968, 0.057333689525],
      [0.051557280178, 0.16578741522, 0.73007707195, 0.021980648221, 0.030597584434],
      [0.0092731967397, 0.010092182115, 0.020999602874, 0.92888758328, 0.030747434991],
      [0.001609735937, 0.28460806462, 0.62888077547, 0.052523278728, 0.032378145243],
      [0.074971688034, 0.028717008045, 0.51643340445, 0.05839973538, 0.32147816409]
    ],
    [
      [0.00045117191469, 0.012497799719, 0.0031609485905, 0.84352542116, 0.14036465862],
      [0.33929496768, 0.043742963117, 0.51177298799, 0.0010370323065, 0.10415204891],
      [0.034297398748, 0.14039624755, 0.75568027387, 0.014236132568, 0.055389947265],
      [0.0061734910278, 0.0078761749287, 0.023716628454, 0.90590004177, 0.056333663817],
      [0.0010717129982, 0.2433029671, 0.65166882891, 0.04998935859, 0.053967132401],
      [0.042028739571, 0.020373698591, 0.44769892283, 0.046342598126, 0.44355604088]
    ],
    [
      [0.00044922455579, 0.01228996206, 0.0026054432354, 0.90739870817, 0.07725666198],
      [0.42037096724, 0.039683627115, 0.48464753279, 0.0024797465096, 0.052818126341],
      [0.045904661614, 0.1363816815, 0.7612128536, 0.029442028223, 0.027058775058],
      [0.0061674927149, 0.0068016325804, 0.013674226593, 0.9471389667, 0.02621768141],
      [0.0013175671488, 0.24005627129, 0.67228637544, 0.0569799435, 0.029359842625],
      [0.069419270674, 0.024152879221, 0.55273289116, 0.06275708667, 0.29093787228]
    ],
    [
      [0.00095742848503, 0.013076082204, 0.0024674506998, 0.87987322141, 0.1036258172],
      [0.49597112284, 0.038022156667, 0.40053597466, 0.0016780159459, 0.063792729894],
      [0.063862694515, 0.14985556789, 0.72090778326, 0.026962869963, 0.03841108437],
      [0.01310048957, 0.0063037302273, 0.01297718607, 0.92990231706, 0.037716277076],
      [0.0022743893458, 0.26538072111, 0.6357547548, 0.056049865971, 0.040540268774],
      [0.083722955337, 0.023830313127, 0.47144788194, 0.056127462492, 0.3648713871]
    ],
    [
      [0.0016385345379, 0.012771473455, 0.0024906929147, 0.88943065869, 0.093668640407],
      [0.55480216685, 0.033141640888, 0.35972291931, 0.0007978914501, 0.051535381496],
      [0.083681662326, 0.14407254001, 0.71474263756, 0.023321454028, 0.034181706072],
      [0.021858270251, 0.0058235474072, 0.013448982525, 0.92537832702, 0.033490872799],
      [0.0033891292817, 0.26000850897, 0.64306865293, 0.056619687205, 0.036914021613],
      [0.10811355014, 0.023524243948, 0.47997984834, 0.056992704246, 0.33138965332]
    ],
    [
      [0.0011510980937, 0.0060998956435, 0.00079098320476, 0.91596225351, 0.075995769548],
      [0.5235930444, 0.017784126716, 0.40720944342, 0.005194196854, 0.046219188601],
      [0.078006847574, 0.076441241566, 0.78134424698, 0.035029841422, 0.029177822462],
      [0.01183901678, 0.0014427920093, 0, 0.96084555519, 0.025872636017],
      [0.0025943340858, 0.14672167206, 0.75045713357, 0.066451897223, 0.033774963057],
      [0.097001558228, 0.012499673705, 0.53211834546, 0.06412129087, 0.29425913174]
    ]
  ],
  "expected_outcome": [
    [
      [0, 0.021031111445, 0.049439428413, 0.024475306794, 0.011637323995, 0.023119660484, 0.021105076772, 0.0043892104371, 0.031247479502, 0.0031016580739, 0.0078293246365, 0.0033408905681, 0, 0.0028102435696, 0.042874826113, 0.043457059639, 0.020629047544, 0, 0.024270311835, 0.078229338715, 0.010504576532, 0.0044515572459, 0.033948351497, 0.0017324260076, 0, 0.0011341454476, 0.076815435002, 0.010247199525, 0.014791690362, 0.071273748306, 0.01666271853, 0.0202576928, 0.009501174633, 0.057036179519, 0.0035740298277, 0.012869518741, 0.0032895297334, 0.0033252879379, 0.030593033583, 0.0070035267341, 0.0069595125767, 0, 0.0010603099588, 0.075993454682, 0.011606216844, 0.021097527795, 0, 0, 0.0033451976109, 0, 0, 0.0037432842111, 0.0086153946623, 0.030050450081, 0.02373990577, 0.007502028367, 0.015498978294, 0, 0.0080425217403, 0.033475513751, 0.0036093753175, 0.049414701137, 0.014361427275, 0.096673537739, 0.020719765686],
      [0.12173133324, 0.33800598478, 0.56728569231, 0.21727911054, 0.28445146215, 0.51891270722, 0.17533699603, 0.11405209633, 0.49993017729, 0.35251338503, 0.22465522133, 0.12802054124, 0.17334472235, 0.12237964291, 0.48057503021, 0.50829267664, 0.10764697104, 0, 0.23271869544, 1.0016730518, 0.22400173642, 0.064234354301, 0.10220741256, 0.11415663041, 0.24907474077, 0.063282359882, 0.92226598355, 0.45617765329, 0.51377211958, 0.59910594424, 0.47195628069, 0.22938802721, 0.15704848499, 1.4198948461, 0.28272829817, 0.39195186861, 0.073487805078, 0.45691640147, 1.0254867299, 0.2211001734, 0.2731166037, 0.26016456363, 0, 1.0985367336, 0.31037432218, 0.3652496208, 0.11575877732, 0.28650358618, 0.22702076462, 0, 1.3419615715, 0.035147167427, 0.10899285838, 0.10027844424, 0.19496185926, 0.067271340122, 0.27109418735, 0.44689153137, 0.54488963051, 0.76328641201, 0.099982397753, 1.3518958266, 0.19614123305, 0.75351693382, 0.10979812158],
      [0, 0.068128018663, 0.15383085588, 0.018625607226, 0.075097617884, 0.12054104681, 0.028196517778, 0.0039528033434, 0.064016257085, 0.030838703368, 0.050887498477, 0.018526607467, 0, 0.01216479343, 0.11443441416, 0.1937703914, 0.028629776275, 0, 0.03479083124, 0.28757858692, 0.089004572807, 0, 0.12530281714, 0, 0, 0.0066228148922, 0.34436839347, 0.10934533156, 0.10635719891, 0.20353660062, 0.098175602436, 0.074353577827, 0.041379506178, 0.27306254283, 0.062419432732, 0.074844086903, 0.016563533343, 0.062209161787, 0.17432999523, 0.059445415057, 0.045186261456, 0, 0, 0.24235844904, 0.04592605457, 0.055557953533, 0, 0, 0, 0, 0.40633258827, 0.010280239735, 0.0055472165333, 0, 0, 0.0097795865531, 0.034707271444, 0, 0.16424799776, 0.16269277637, 0.025287588724, 0.28659875589, 0.037011760498, 0.14695088197, 0.014237697686],
