{
  "Z_true": {},
  "V_true": [
    [632, 198, 2095, 314, 68],
    [17, 3179, 224, 1303, 139],
    [102, 2047, 755, 10156, 618],
    [261, 211, 3797, 226, 160],
    [145, 177, 640, 447, 363],
    [29, 78, 451, 286, 400],
    [37, 322, 131, 566, 475]
  ],
  "p_true": [
    [0.1911, 0.0599, 0.6335, 0.095, 0.0206],
    [0.0035, 0.6538, 0.0461, 0.268, 0.0286],
    [0.0075, 0.1497, 0.0552, 0.7425, 0.0452],
    [0.0561, 0.0453, 0.8157, 0.0485, 0.0344],
    [0.0818, 0.0999, 0.3612, 0.2523, 0.2049],
    [0.0233, 0.0627, 0.3625, 0.2299, 0.3215],
    [0.0242, 0.2103, 0.0856, 0.3697, 0.3103]
  ],
  "Z_est": [
    [
      [22.168, 10.5938, 25.7644, 9.8329, 5.3544, 29.9896, 17.372, 4.5355, 0, 0, 0.8687, 12.1856, 12.2545, 1.5342, 11.4052, 26.0231, 6.8033, 50.7479, 3.7348, 26.6252, 4.3354, 0, 2.6343, 5.9704, 9.8552, 28.8427, 2.1747, 28.8689, 31.7558, 18.3284, 15.9905, 5.282, 3.7921, 3.077, 9.7729, 5.4817, 2.2671, 7.0142, 5.1072, 0.9336, 2.3812, 7.1156, 18.7907, 11.0214, 0.1021, 39.9055, 4.2842, 134.34, 27.177],
      [2.8732, 1.048, 3.1017, 2.5178, 1.0698, 7.5233, 4.1718, 0.1206, 0.0875, 0.1098, 0.3328, 5.4688, 5.0216, 0.5688, 2.3039, 6.2105, 1.3356, 6.1849, 0.8872, 2.8403, 1.7445, 0.8654, 0.3937, 1.8121, 1.413, 3.4862, 0.3201, 3.6012, 7.6088, 3.0816, 1.6273, 0.5375, 0.6466, 0.7136, 1.9262, 1.6734, 0, 2.4969, 1.6248, 0.3003, 0.5493, 0.8427, 5.364, 1.5134, 0.0235, 4.7705, 0.695, 28.7553, 3.609],
      [96.1231, 52.9267, 56.4704, 30.1568, 16.3599, 121.3728, 65.3474, 3.2716, 0.8948, 0.876, 4.7496, 52.0568, 35.1416, 7.712, 31.6799, 82.2796, 17.3476, 223.9212, 17.0265, 95.501, 7.6261, 3.9729, 6.9006, 28.8835, 30.4281, 80.2008, 8.3228, 91.575, 127.6119, 83.6409, 64.6769, 27.5797, 28.2754, 18.923, 36.7177, 22.4559, 10.3855, 30.8199, 12.976, 9.6315, 11.8501, 12.7442, 70.4993, 42.0054, 0.8603, 155.1703, 23.5822, 303.4456, 55.1317],
      [0.7441, 0.339, 0.6331, 0.4925, 0.1616, 2.0983, 1.0468, 0.0612, 0.0169, 0.0141, 0.0489, 1.2655, 1.5049, 0.185, 0.581, 1.4189, 0.5135, 2.1322, 0.3314, 0.9501, 0.294, 0.124, 0.0462, 0.3308, 0.2487, 1.4053, 0.1729, 1.8396, 2.0235, 0.8742, 0.7053, 0.6009, 0.286, 0.2696, 0.5737, 0.3681, 0, 0.6368, 0.292, 0.1251, 0.2082, 0.2792, 1.2781, 0.4539, 0.0133, 2.0486, 0.4107, 5.2561, 1.0823],
      [0.0916, 0.0926, 0.0304, 0, 0.0543, 0.016, 0.062, 0.0111, 0.0007, 0, 0, 0.0233, 0.0774, 0, 0.03, 0.068, 0, 0.0138, 0.0201, 0.0834, 0, 0.0377, 0.0252, 0.0033, 0.055, 0.0651, 0.0095, 0.1154, 0, 0.0749, 0, 0, 0, 0.0168, 0.0094, 0.0209, 0.3474, 0.0322, 0, 0.0095, 0.0111, 0.0183, 0.068, 0.0059, 0.0009, 0.1051, 0.0278, 0.2031, 0]
    ],
    [
      [1.0784, 0.3507, 1.1703, 0.3239, 0.1296, 0.7035, 0.5762, 0, 0, 0, 0.2267, 0.4161, 0.1273, 0.1107, 0.8875, 1.0995, 0.3571, 1.4103, 0.1818, 0.7685, 0.1275, 0, 0.1353, 0.2407, 0.064, 1.1904, 0.0882, 1.049, 0.9249, 0.69, 0.4187, 0.4042, 0.0919, 0.2258, 1.099, 0.2974, 0.2993, 0.4391, 0.1687, 0, 0.2898, 0.4024, 0.6053, 0.5918, 0.0144, 1.6331, 0.2426, 3.858, 0.9569],
      [96.5326, 25.8565, 123.9872, 52.0255, 15.9858, 123.9955, 92.318, 26.0215, 3.9428, 4.4242, 33.5137, 222.432, 120.8489, 36.8778, 119.3396, 174.0168, 46.4917, 121.726, 32.2785, 58.0878, 20.5162, 5.0643, 15.166, 49.681, 6.5378, 99.5306, 9.3426, 92.2641, 153.1038, 81.3336, 30.0879, 31.0758, 13.7844, 48.2294, 138.0332, 61.491, 3, 199.8041, 32.809, 32.1555, 53.1714, 36.821, 120.2934, 54.9225, 2.5623, 137.8632, 33.7477, 651.6819, 105.3106],
      [1.1847, 0.4652, 1.077, 0.2524, 0.0538, 0.8333, 0.5524, 0.9013, 0.0117, 0.0321, 0.0968, 0.8314, 0, 0.1857, 0.6157, 0.9015, 0.1882, 1.6934, 0.2329, 0.7386, 0.0869, 0.0229, 0.0644, 0.2993, 0.0511, 0.9238, 0.0916, 0.9156, 1.0704, 0.8757, 0.4561, 0.6874, 0.251, 0.5496, 1.0824, 0.3111, 0.2697, 0.8494, 0.1486, 0.5262, 0.4709, 0.2104, 0.622, 0.5806, 0.0367, 1.7541, 0.4814, 3.8397, 0.7904],
      [20.4586, 5.8335, 21.7134, 8.6041, 2.62, 30.9545, 21.2155, 6.5407, 1.0144, 0.5437, 4.0585, 45.4469, 31.938, 10.5745, 27.1562, 35.7161, 15.5732, 29.332, 10.5773, 15.3507, 2.2119, 0.8134, 1.4528, 6.4478, 1.2657, 33.8621, 4.1983, 37.4682, 36.1844, 20.58, 6.779, 14.0413, 3.7604, 15.8472, 37.0505, 12.1228, 0.3474, 45.5255, 3.8554, 11.4111, 17.885, 10.876, 25.6767, 14.1346, 1.2534, 45.9851, 15.6791, 98.0628, 27.7957],
      [1.7457, 0.4942, 2.0521, 0.7941, 0.2109, 1.5132, 1.3378, 0.5365, 0.0311, 0, 0.1042, 1.8736, 2.0858, 0.2513, 2.001, 2.2661, 0.3899, 1.8383, 0.7294, 1.0545, 0.0575, 0.0993, 0.1814, 0.3311, 0.0815, 2.493, 0.2794, 2.3032, 1.7164, 1.5206, 0.2584, 1.7912, 0.1123, 1.148, 1.735, 0.7777, 0.0836, 3.382, 0.0182, 0.9073, 1.1829, 0.6902, 1.8027, 0.7705, 0.1332, 2.7645, 0.8493, 8.5576, 1.1464]
    ],
    [
      [7.1344, 3.459, 7.3299, 2.623, 0.8883, 5.2059, 3.1569, 0.1578, 0, 0, 0.5771, 2.6876, 2.1654, 0.6755, 6.3339, 8.1165, 2.0841, 11.3188, 1.2551, 5.7354, 0.5925, 0, 1.1707, 2.2865, 1.2612, 12.7227, 1.7002, 7.9092, 5.1163, 4.1005, 3.4785, 2.1485, 0.7023, 0.9685, 3.7762, 1.6212, 1.0717, 1.9888, 2.11, 0, 1.2939, 2.461, 5.0209, 5.8322, 0, 8.3718, 0.946, 26.6749, 4.7349],
      [48.7611, 18.9415, 56.9903, 31.6036, 8.2777, 71.8569, 38.6367, 8.452, 0.4982, 0.91, 9.5586, 99.2772, 72.246, 20.9141, 64.5349, 97.5283, 20.0065, 74.3187, 17.4019, 32.1924, 9.7629, 1.7025, 9.8284, 34.962, 9.12, 77.345, 9.9887, 46.9075, 64.8376, 36.7953, 16.9779, 8.8241, 8.0088, 17.7738, 36.9148, 25.5039, 0, 51.5445, 28.8332, 7.6696, 18.631, 17.6982, 76.7494, 40.0946, 5.6313, 51.4357, 9.7778, 325.6553, 40.5488],
      [23.5679, 13.2411, 16.3316, 5.6681, 1.5321, 17.6842, 8.903, 5.2014, 0.0803, 0.1352, 1.8137, 14.1237, 0.7062, 3.9118, 12.8617, 19.2237, 3.345, 39.2774, 4.8599, 15.6774, 0.7319, 0.1801, 2.083, 8.1223, 2.7408, 28.0978, 4.3873, 19.0248, 16.5171, 14.8886, 9.7289, 8.1823, 5.3909, 7.4316, 10.587, 5.0016, 1.9692, 9.2333, 4.0348, 4.227, 6.1863, 3.8641, 15.0023, 16.0991, 5.5778, 25.0024, 5.6429, 57.3299, 9.9597],
      [239.7803, 102.2072, 229.5871, 123.1063, 33.4356, 413.2944, 206.2244, 43.6652, 4.3168, 3.5313, 27.5565, 467.4882, 437.7607, 137.3566, 339.9075, 464.6742, 154.6607, 419.1664, 136.4412, 201.2083, 25.8655, 9.2277, 24.2799, 108.7952, 42.6437, 639.6891, 126.827, 484.9897, 353.1895, 217.4897, 90.733, 111.5545, 53.0931, 140.0139, 229.4755, 118.2125, 1.6172, 269.624, 83.6903, 68.8415, 149.4489, 122.9365, 379.9977, 240.5843, 100.5714, 412.15, 120.0506, 1142.1718, 246.295],
      [23.7563, 10.1511, 25.761, 13.9989, 2.8663, 23.9586, 15.079, 3.5236, 0.1046, 0.4235, 1.4941, 24.4233, 33.1217, 4.1419, 29.3621, 34.4573, 4.9038, 30.9186, 11.0419, 16.1866, 1.0471, 0.8896, 2.638, 6.834, 3.2344, 55.1454, 10.0969, 35.1688, 20.3395, 18.7259, 4.0818, 16.2907, 1.805, 11.8123, 13.2465, 8.6608, 0.3419, 23.6095, 2.3318, 6.262, 11.4398, 9.0402, 31.2297, 15.3898, 11.2195, 29.0401, 7.5826, 120.1681, 12.4616]
    ],
    [
      [6.2741, 3.5998, 3.7623, 3.1132, 1.3567, 6.2411, 5.085, 3.0002, 0, 0, 0.2756, 4.6546, 2.2168, 0.3938, 3.551, 5.7683, 2.2043, 11.8086, 1.1306, 7.3291, 0.5546, 0, 0.6477, 0.8711, 2.931, 9.996, 2.729, 8.6608, 6.232, 4.9547, 4.2906, 1.6197, 1.0864, 0.5757, 2.9808, 1.9431, 0.1628, 2.6809, 1.1518, 0, 1.6226, 2.0817, 6.1115, 4.0903, 0.5984, 8.631, 1.48, 42.506, 6.0083],
      [2.1215, 0.7866, 1.2019, 2.0475, 0.6967, 4.1254, 3.1954, 0.3156, 0.2295, 0.1481, 0.271, 5.5369, 2.3962, 0.3921, 1.8833, 3.5861, 1.1517, 3.5801, 0.7017, 1.8932, 0.6108, 0.3632, 0.2431, 0.6795, 1.1378, 3.0075, 0.6692, 2.5003, 3.9224, 2.1518, 1.0342, 0.2553, 0.5154, 0.3509, 1.5385, 1.5502, 0, 2.5427, 0.9266, 0.4299, 0.9673, 0.6614, 4.5614, 1.4571, 0.2785, 2.4798, 0.5062, 23.238, 2.1296],
      [163.8443, 108.45, 50.3086, 57.216, 24.5824, 152.3988, 114.8028, 16.78, 7.3114, 3.5573, 9.1066, 121.7032, 38.5907, 12.2105, 59.6153, 109.6164, 34.236, 313.8678, 31.4935, 157.2676, 6.1945, 5.7417, 10.7326, 25.4606, 53.6463, 167.1571, 62.7806, 164.5824, 150.656, 136.4078, 101.1307, 48.2845, 56.0199, 21.7103, 67.3532, 48.1396, 5.755, 72.0585, 17.831, 15.6489, 49.6553, 23.1245, 138.2512, 93.481, 59.5798, 200.5475, 50.582, 581.7257, 74.4847],
      [3.2007, 1.7124, 1.4247, 2.4084, 0.7511, 6.9318, 4.9261, 0.6089, 0.3467, 0.1599, 0.2397, 7.7502, 4.2648, 0.7656, 2.8993, 5.002, 2.631, 6.9526, 1.6155, 3.9468, 0.4762, 0.4832, 0.1914, 0.6596, 1.3149, 7.5861, 3.612, 8.4306, 6.2477, 3.781, 2.2454, 2.1608, 1.3326, 0.8095, 2.7905, 2.0975, 0, 3.9246, 0.8471, 0.5308, 2.3149, 1.3399, 6.6287, 2.6292, 3.3532, 6.6211, 2.2834, 25.3978, 3.7872],
      [2.5595, 1.4512, 1.3025, 2.215, 0.6132, 3.303, 2.9906, 0.2952, 0.1125, 0.1347, 0.1072, 3.3551, 2.5315, 0.238, 2.0511, 3.0272, 0.777, 3.7909, 1.0587, 2.5633, 0.1639, 0.4119, 0.1852, 0.3291, 0.9699, 5.2534, 2.2091, 4.8259, 2.942, 2.7047, 0.2992, 1.6796, 0.0457, 0.5536, 1.3369, 1.2696, 0.0822, 2.7934, 0.2435, 0.3905, 1.4399, 0.7926, 4.4471, 1.3424, 2.1902, 3.7205, 1.1483, 21.1326, 1.5902]
    ],
    [
      [1.3726, 1.4785, 2.0811, 0.7948, 0.1923, 2.1996, 0.9923, 4.5022, 0, 0, 0.9271, 0.6029, 0.8776, 0.175, 1.3577, 1.2116, 0.3357, 4.1997, 0.4902, 2.8115, 0.2715, 0, 0.2948, 0.3361, 0.7554, 7.409, 0.9804, 4.0903, 1.2563, 1.4342, 1.3735, 0.3198, 0.2095, 0.9413, 2.5474, 1.3679, 0.1991, 2.4169, 1.1522, 0.0153, 1.0407, 1.5906, 1.8159, 2.7562, 0.2321, 3.4935, 0.8428, 9.2825, 0.9117],
      [0.0454, 0.0263, 0.0674, 0.0493, 0.0106, 0.1454, 0.0618, 0.1331, 0.029, 0.0408, 0.0585, 0.069, 0.0963, 0.0181, 0.0712, 0.0734, 0.0178, 0.1153, 0.0266, 0.0598, 0.0173, 0.0045, 0.0093, 0.0244, 0.0318, 0.0788, 0, 0, 0.0781, 0.0594, 0.0321, 0, 0.0087, 0.035, 0.1327, 0.1033, 0, 0.2371, 0.0331, 0.2032, 0.0445, 0.0495, 0.1314, 0.0949, 0, 0.0661, 0, 0.4421, 0.0318],
      [11.7257, 14.5596, 9.0301, 4.8036, 1.1753, 17.5326, 7.355, 8.1154, 0.6961, 0.8427, 9.5265, 5.0744, 4.9688, 1.7285, 7.4354, 7.5425, 1.6955, 36.4647, 4.4185, 19.8583, 0.972, 0.0824, 1.5708, 3.2037, 4.6267, 40.589, 7.7586, 25.5147, 9.9268, 12.8862, 10.7666, 3.133, 2.9557, 11.6576, 18.8142, 11.0359, 1.6206, 21.3662, 5.7834, 4.5325, 10.3259, 5.7261, 13.4218, 20.6578, 6.2418, 26.7087, 9.5579, 41.3216, 3.6473],
      [6.5527, 6.1871, 7.6171, 5.9977, 1.2512, 23.7926, 9.5796, 5.91, 1.6946, 1.2796, 7.6247, 9.4854, 16.4905, 3.3518, 10.919, 10.3166, 3.9465, 21.996, 6.9071, 14.3849, 2.3501, 0.3517, 0.9254, 2.4003, 3.8112, 53.7134, 12.5614, 37.7713, 12.2666, 10.7368, 5.6925, 2.8583, 1.7628, 13.1381, 23.4494, 14.6699, 0.0354, 34.6193, 7.609, 4.712, 14.5007, 10.1955, 19.2437, 17.0127, 7.8231, 25.5321, 12.6027, 51.7141, 5.5666],
      [8.3035, 7.7485, 11.2043, 9.3547, 1.3706, 18.3298, 9.0112, 5.3394, 0.5803, 2.8369, 5.8632, 6.7683, 15.5668, 1.7267, 12.2167, 9.8558, 2.0044, 21.2242, 7.1576, 14.8855, 1.3891, 0.5614, 1.1997, 2.0354, 3.7748, 60.2098, 12.6996, 34.6238, 9.4722, 11.8835, 4.1352, 7.6889, 1.0634, 14.2279, 18.0563, 13.823, 0.145, 39.3604, 4.4223, 5.5369, 14.0882, 9.4384, 20.3872, 14.4785, 12.703, 23.1996, 9.9966, 71.2397, 3.8425]
    ],
    [
      [0.7572, 0.4301, 0.6739, 0.272, 0.0582, 0.5234, 0.7153, 0.7236, 0, 0, 0.0972, 0.3625, 0.2728, 0.0894, 0.2837, 0.5437, 0.174, 1.3003, 0.1827, 0.5833, 0.1091, 0, 0.0834, 0.2639, 0.1128, 1.5692, 0.283, 1.22, 0.5258, 0.4086, 0.3604, 0.1725, 0.0965, 0.1704, 0.6922, 0.2414, 0, 0.3625, 0.2297, 0.051, 0.3173, 0.2509, 0.5292, 0.5568, 0.0529, 0.7487, 0.1793, 3.6043, 0.1331],
      [0.9742, 0.4406, 0.8125, 0.6976, 0.1222, 1.2984, 1.7021, 0.2297, 0, 0.0784, 0.369, 1.632, 1.128, 0.342, 0.5718, 1.2881, 0.3471, 1.6084, 0.4412, 0.6366, 0.4975, 0, 0.1418, 0.8176, 0.16, 1.8766, 0.3899, 1.5172, 1.2439, 0.6865, 0.371, 0.1741, 0.1681, 0.4064, 1.3503, 0.7386, 0, 1.307, 0.755, 0.1967, 0.7419, 0.3067, 1.5007, 0.7586, 0.1231, 0.927, 0.3018, 7.7253, 0.1757],
      [23.0922, 15.1372, 10.5055, 5.8425, 1.2696, 14.8893, 18.8498, 4.5207, 0, 0.547, 3.6477, 10.9833, 5.5556, 3.191, 5.5479, 12.0654, 3.1382, 40.2966, 5.9103, 14.6931, 1.3801, 0, 1.6068, 8.9552, 2.4757, 30.6475, 7.578, 27.0662, 14.8261, 13.1067, 10.0646, 5.9751, 5.0147, 7.5586, 18.2012, 6.9597, 0, 11.4033, 4.1192, 4.3453, 11.3541, 3.2353, 13.9617, 14.8949, 3.5202, 20.3926, 7.0734, 57.395, 1.9005],
      [7.9423, 3.9484, 5.4509, 4.482, 0.8219, 12.4411, 15.1039, 2.0101, 0, 0.4935, 1.7682, 12.6422, 11.3058, 3.7863, 5.0104, 10.1587, 4.4817, 14.9688, 5.6684, 6.5444, 2.0382, 0, 0.5707, 4.119, 1.2473, 24.963, 7.5232, 24.6698, 11.2773, 6.717, 3.2653, 3.3613, 1.8264, 5.2316, 13.958, 5.684, 0, 11.3513, 3.314, 2.7616, 9.7993, 3.5348, 12.3229, 7.5367, 2.6883, 12.0005, 5.7284, 44.2956, 1.7836],
      [8.2341, 4.0437, 6.5572, 5.7059, 0.7281, 7.8478, 11.6289, 1.5159, 0, 0.8811, 1.1179, 7.3801, 8.7378, 1.5913, 4.5863, 7.9441, 1.859, 11.8259, 4.7974, 5.5427, 0.9751, 0, 0.5973, 2.8443, 1.0042, 22.9437, 6.2258, 18.5269, 7.1269, 6.0812, 1.9387, 7.317, 0.8943, 4.6331, 8.7983, 4.3762, 0, 10.5759, 1.5821, 2.6455, 7.7875, 2.6724, 10.6855, 5.2529, 3.6155, 8.9312, 3.7171, 49.9797, 1.0071]
    ],
    [
      [0.2153, 0.0882, 0.218, 0.0402, 0.0205, 0.1369, 0.1023, 0.0807, 0, 0, 0.0276, 0.0908, 0.0855, 0.0215, 0.181, 0.2373, 0.0415, 0.2144, 0.0247, 0.147, 0.0094, 0, 0.0338, 0.0312, 0.0205, 0.27, 0.0444, 0.2018, 0.1888, 0.0835, 0.0879, 0.0534, 0.0214, 0.0413, 0.1314, 0.0473, 0, 0.0976, 0.0804, 0.0002, 0.0545, 0.0979, 0.1266, 0.1512, 0, 0.2164, 0.0251, 0.7344, 0.0781],
      [5.6921, 1.9005, 5.839, 2.0587, 0.8373, 7.0551, 4.9141, 1.7275, 0.2129, 0.2886, 1.8964, 9.5841, 9.263, 1.887, 7.2954, 11.2969, 1.6497, 5.4665, 1.2628, 3.29, 0.8508, 0, 1.2176, 2.0235, 0.5996, 6.6753, 1.2895, 5.2098, 9.2054, 2.8918, 1.8697, 1.1333, 0.868, 2.4908, 5.1043, 2.9396, 0, 9.0678, 5.0183, 1.0448, 2.8945, 2.6205, 7.3997, 4.1589, 1.3813, 5.4577, 0.9714, 33.5021, 2.1944],
      [0.462, 0.2202, 0.2768, 0.0607, 0.0269, 0.289, 0.1896, 0.2096, 0.0057, 0.0098, 0.059, 0.2271, 0.0371, 0.0606, 0.2442, 0.3709, 0.0495, 0.479, 0.0583, 0.264, 0.0086, 0, 0.0418, 0.0754, 0.0312, 0.384, 0.0811, 0.3214, 0.3917, 0.1941, 0.1763, 0.158, 0.0925, 0.1693, 0.2442, 0.0961, 0, 0.2695, 0.107, 0.0887, 0.1575, 0.0953, 0.2417, 0.2813, 0.1835, 0.4244, 0.0802, 0.9425, 0.0857],
      [24.3213, 8.7723, 20.5737, 6.909, 2.9587, 35.4873, 22.9035, 8.2039, 1.6106, 0.9779, 4.7036, 38.9216, 48.7353, 10.9802, 33.5267, 46.7135, 11.1934, 26.4519, 8.4592, 17.615, 1.7639, 0, 2.5336, 5.2472, 2.4685, 45.781, 12.1053, 42.8308, 43.8111, 14.8213, 8.5794, 10.4228, 4.9387, 16.6902, 27.7025, 11.8453, 0, 41.3185, 11.3923, 7.6179, 19.8431, 15.8382, 31.8523, 21.6486, 15.2974, 36.6626, 9.245, 100.1018, 11.6896],
      [11.3093, 4.0187, 11.0925, 3.9314, 1.1567, 10.0316, 7.8904, 2.7783, 0.1708, 0.7237, 1.3134, 10.1763, 16.879, 2.0507, 13.7528, 16.3814, 2.0659, 9.3882, 3.195, 6.684, 0.3672, 0, 1.1731, 1.6228, 0.8802, 18.8896, 4.4797, 14.4361, 12.4029, 6.0092, 2.2867, 10.2326, 1.0793, 6.6084, 7.8175, 4.0717, 0, 17.2467, 2.402, 3.2484, 7.0505, 5.3481, 12.3797, 6.76, 9.1378, 12.2389, 2.6783, 50.7192, 2.9522]
    ]
  ],
  "V_est": [
    [714.395, 135.7737, 2418.1085, 36.7857, 1.937],
    [26.4664, 3850.0869, 29.1671, 897.7954, 58.4841],
    [180.9656, 1882.4292, 515.3701, 10299.4277, 799.8075],
    [198.9633, 96.969, 4095.6822, 162.4149, 100.9706],
    [75.9393, 3.1641, 510.9547, 584.911, 597.0308],
    [21.3682, 40.0789, 514.6943, 362.5978, 305.2607],
    [4.9021, 203.4982, 9.0231, 954.0674, 359.5092]
  ],
  "p_est": [
    [0.216, 0.0411, 0.7312, 0.0111, 0.0006],
    [0.0054, 0.7919, 0.006, 0.1847, 0.012],
    [0.0132, 0.1376, 0.0377, 0.753, 0.0585],
    [0.0427, 0.0208, 0.8798, 0.0349, 0.0217],
    [0.0429, 0.0018, 0.2883, 0.3301, 0.3369],
    [0.0172, 0.0322, 0.4137, 0.2915, 0.2454],
    [0.0032, 0.1329, 0.0059, 0.6232, 0.2348]
  ],
  "EI_Z": {},
  "EI_V": 8.6613,
  "MAE_Z": {},
  "MAE_V": 153.6709,
  "MAE_p": 0.0533,
  "runtime": 0.022
}
