{
  "Z_true": {},
  "V_true": [
    [635, 28, 2167, 106],
    [563, 93, 16090, 394],
    [212, 5471, 1500, 1194],
    [23, 187, 341, 519],
    [52, 390, 820, 962]
  ],
  "p_true": [
    [0.2163, 0.0095, 0.7381, 0.0361],
    [0.0328, 0.0054, 0.9387, 0.023],
    [0.0253, 0.6531, 0.1791, 0.1425],
    [0.0215, 0.1748, 0.3187, 0.485],
    [0.0234, 0.1754, 0.3687, 0.4326]
  ],
  "Z_est": [
    [
      [12.0632, 32.1685, 18.899, 15.2801, 28.5496, 25.3953, 2.0105, 22.5051, 7.64, 24.5285, 90.474, 55.0886, 26.1369, 26.1369, 19.3011, 46.2423, 24.1264, 17.6927, 42.2212, 17.6927, 18.9927, 38.2078, 12.4653, 3.9427, 8.0421, 0.9991, 2.9277, 0, 21.9003, 19.7032, 6.997, 15.4832, 69.9665, 18.4969, 34.5812, 22.1159, 40.5301, 1, 68.7602, 2.8147, 154.0068, 42.6583],
      [0.2805, 0.7481, 0.4395, 0.3553, 0.6639, 0.6265, 0.0468, 0.6546, 0.1777, 0.5704, 2.104, 1.2811, 0.6078, 0.6078, 0.4488, 1.0754, 0.5611, 0.4114, 0.9819, 0.4114, 4.4604, 2.3386, 0.2899, 0.1496, 0.187, 0.0374, 0.0842, 0, 0.4488, 0.4582, 0.8207, 4.6782, 1.6271, 0.4301, 0.8042, 0.5143, 0.9819, 1.0573, 1.599, 0.0655, 3.5814, 1.0006],
      [16.0002, 42.6671, 25.0669, 20.2669, 37.8671, 37.2796, 2.6667, 37.3338, 10.1334, 32.5337, 120.0014, 73.0675, 34.6671, 34.6671, 25.6003, 61.334, 32.0004, 23.4669, 56.0006, 23.4669, 30.4003, 52.9884, 16.5335, 10.6277, 10.6668, 2.7426, 5.4913, 0, 25.6003, 26.1336, 10.1334, 26.1336, 92.801, 24.5336, 45.8672, 29.3337, 57.6917, 2.6667, 91.201, 3.7334, 204.269, 57.4344],
      [1.6561, 4.4162, 2.5945, 2.0977, 3.9194, 3.6986, 0.276, 9.5066, 1.0489, 3.3674, 12.4207, 7.5628, 3.5882, 3.5882, 2.6497, 6.3484, 3.3122, 2.4289, 5.7963, 2.4289, 3.1466, 5.4651, 1.7113, 1.28, 1.1041, 0.2208, 0.4968, 0, 0.0506, 2.705, 1.0489, 2.705, 9.6053, 2.5393, 4.7475, 3.0362, 5.7963, 0.276, 9.4397, 0.3864, 21.1428, 5.9067]
    ],
    [
      [5.7195, 9.3487, 0, 0, 9.142, 0, 1.7681, 0, 9.6756, 7.6673, 13.4776, 0, 2.4195, 8.7365, 2.1909, 7.4245, 0.9347, 3.6156, 0.6922, 5.9514, 0, 0, 0, 0, 0.9899, 0, 0, 0, 6.6686, 3.9899, 0, 0, 0.237, 13.4486, 8.0089, 11.6363, 0, 0, 16.2331, 0.6063, 79.4295, 0],
      [0, 11.8656, 4.5029, 2.2549, 12.1555, 0, 0, 0, 0.9018, 2.2807, 7.9668, 5.5784, 6.3541, 15.4489, 6.4282, 0, 6.3358, 22.3318, 28.0953, 4.1903, 41.9816, 6.5197, 10.041, 0, 1.071, 0, 0, 0, 2.406, 14.2397, 5.3803, 5.5022, 6.8514, 4.8162, 5.4775, 0.682, 0, 3.6756, 28.1602, 0, 0, 0],
      [248.603, 624.3586, 761.138, 374.2939, 980.2864, 336.8839, 36.3902, 254.6163, 117.5946, 199.052, 650.7791, 302.4216, 238.9734, 299.4871, 256.3809, 577.8936, 278.4789, 348.7695, 573.4022, 302.8583, 465.5017, 471.4931, 133.959, 33.3341, 76.1921, 36.1913, 37.4, 10.7598, 107.9253, 676.0869, 65.3437, 398.7119, 1228.7829, 454.8173, 405.419, 319.9789, 350, 121.2399, 853.8609, 47.3237, 1894.0757, 303],
      [5.6776, 14.4271, 16.3591, 16.4512, 18.4162, 4.1161, 2.8418, 14.3837, 0.828, 0, 20.7765, 0, 7.253, 2.3275, 0, 14.682, 2.2507, 1.2831, 5.8104, 0, 29.5167, 8.9872, 0, 1.6659, 1.7469, 1.8087, 0.6, 0.2402, 0, 23.6835, 0.276, 6.7859, 28.1287, 0.9179, 9.0946, 3.7027, 0, 3.0845, 14.7458, 1.07, 98.4948, 0]
    ],
    [
      [0.8063, 1.7163, 0, 0.1923, 2.0915, 0, 0.1756, 0, 0.479, 4.5757, 3.0893, 0.5806, 1.0777, 1.6444, 0.9499, 9.4311, 1.389, 1.86, 4.1351, 1.6923, 0, 0, 0.2381, 0, 1.8312, 0, 0.0718, 0, 0.2714, 2.2192, 0, 0, 4.3985, 1.4129, 1.6285, 0.8701, 0, 0, 4.5661, 0.5318, 19.7618, 0],
      [53.6816, 139.9708, 108.0705, 82.0294, 170.5691, 119.1689, 11.1046, 165.2211, 39.0616, 60.5455, 251.9475, 93.7479, 87.8887, 134.1116, 81.0474, 185.5236, 113.2787, 151.6893, 337.232, 142.7324, 266.899, 216.141, 79.7529, 14.6295, 47.1561, 1.6823, 5.2757, 2.2034, 22.1349, 180.9855, 39.5406, 121.8712, 358.7159, 115.2318, 132.8095, 70.962, 125.5189, 30.3145, 372.3875, 0, 566.7569, 99.1948],
      [28.2721, 45.9258, 36.7841, 27.5667, 55.9654, 43.1381, 4.6994, 54.2565, 12.8165, 21.6232, 82.6664, 34.4197, 28.8371, 44.0033, 25.4194, 67.7033, 37.1679, 49.7708, 110.6491, 54.5678, 86.5114, 73.5683, 24.9922, 5.1266, 23.0513, 2.1245, 2.506, 1.416, 7.2627, 59.3831, 12.8165, 41.3084, 117.6982, 37.8087, 43.5761, 23.2833, 53.7751, 9.826, 122.184, 4.4162, 190.1115, 41.448],
      [18.24, 27.3871, 21.1454, 16.2116, 33.374, 23.693, 6.0204, 34.5224, 7.6429, 6.2556, 49.2968, 15.2519, 17.1965, 26.2407, 11.5833, 38.3419, 22.1644, 29.68, 65.9838, 13.0075, 51.5896, 42.2908, 12.0168, 4.2439, 9.9614, 1.1931, 1.1464, 1.3805, 4.331, 35.4121, 7.6429, 23.8204, 70.1874, 22.5466, 25.9859, 13.8846, 22.7061, 5.8596, 72.8624, 15.052, 113.3698, 13.3572]
    ],
    [
      [0.0028, 0.0066, 0.0101, 0.006, 0.0148, 0.0036, 0.0004, 0.0073, 0.0013, 0.0017, 0.0064, 0.0019, 0.003, 0.0058, 0.0024, 0.0062, 0.0056, 0.0039, 0.0103, 0.0058, 0.0073, 0.0096, 0.0017, 0.0006, 0.0006, 0.0009, 0.0004, 0, 0.0009, 0.0103, 0.003, 0.0064, 0.0144, 0.0064, 0.0103, 0.0034, 0.0049, 0, 0.0116, 0.0017, 0.0234, 0.0015],
      [4.1609, 9.9221, 15.0432, 8.9619, 22.0848, 5.4412, 0.6401, 10.8824, 1.9204, 2.5606, 9.6021, 2.8806, 4.481, 8.6419, 3.5208, 9.282, 8.3218, 5.7612, 15.3633, 8.6419, 10.8824, 14.4031, 2.5606, 0.9602, 0.9602, 1.2803, 0.6401, 0.6401, 1.2803, 15.3633, 4.481, 9.6021, 21.4446, 9.6021, 15.3633, 5.1211, 7.3616, 5.4448, 17.2837, 1.726, 34.8875, 2.2405],
      [2.7798, 6.6289, 10.0502, 5.9874, 14.7546, 3.6352, 0.4277, 7.2704, 1.283, 1.7107, 6.415, 1.9245, 2.9937, 5.7735, 2.3522, 6.2012, 5.5597, 3.849, 10.264, 5.7735, 7.2704, 9.6225, 1.7107, 0.6415, 0.6415, 0.8553, 0.4277, 0.4281, 0.8553, 10.264, 2.9937, 6.415, 14.3269, 6.415, 10.264, 3.4213, 4.9182, 3.6352, 11.5471, 1.7107, 23.3079, 1.4968],
      [6.0565, 14.4424, 21.8965, 13.0447, 32.1459, 7.92, 0.9318, 15.84, 2.7953, 3.7271, 13.9765, 4.1929, 6.5224, 12.5788, 5.1247, 13.5106, 12.1129, 8.3859, 22.3623, 12.5788, 15.84, 20.9647, 3.7271, 1.3976, 1.3976, 1.8635, 0.9318, 0.9318, 1.8635, 22.3623, 6.5224, 13.9765, 31.2141, 13.9765, 22.3623, 7.4541, 10.7153, 7.92, 25.1576, 4.5616, 50.7812, 3.2612]
    ],
    [
      [0.4083, 0.7598, 0.0909, 0.5217, 1.2021, 0.6011, 0.0454, 0.4877, 0.2041, 0.2268, 0.9526, 0.3289, 0.3629, 0.4763, 0.5557, 0.8959, 0.5444, 0.8279, 0.9413, 0.6578, 0, 0.7825, 0.2949, 0.0567, 0.1361, 0, 0, 0, 0.1588, 1.0774, 0, 0.5103, 1.3836, 0.6351, 0.7712, 0.3743, 0.465, 0, 1.429, 0.0454, 2.7785, 0.3402],
      [1.877, 3.4933, 5.9439, 2.3984, 5.5268, 2.7634, 0.2086, 2.242, 0.9385, 1.0428, 4.3797, 1.512, 1.6685, 2.1898, 2.5548, 4.119, 2.5027, 3.8062, 4.3276, 3.0241, 5.7767, 3.5976, 1.3556, 0.2607, 0.6257, 0, 0, 0.1564, 0.7299, 4.9532, 1.7774, 2.3463, 6.361, 2.9198, 3.5455, 1.7206, 2.1377, 0.5078, 6.5695, 0.2086, 12.7741, 1.5642],
      [16.3449, 30.4196, 52.9607, 20.8851, 48.1266, 24.0633, 1.8161, 19.523, 8.1724, 9.0805, 38.138, 13.1667, 14.5288, 19.069, 22.2472, 35.8679, 21.7932, 33.1438, 37.684, 26.3334, 41.3162, 31.3277, 11.8046, 2.2701, 5.4483, 4.0862, 5.175, 1.3961, 6.3563, 43.1323, 12.7127, 20.4311, 55.391, 25.4254, 30.8737, 14.9828, 18.615, 3.6322, 57.2071, 1.8161, 111.236, 13.6207],
      [17.3698, 32.3272, 55.0045, 22.1948, 51.1445, 25.5723, 1.93, 20.7473, 8.6849, 9.6499, 40.5296, 13.9924, 15.4399, 20.2648, 23.6423, 38.1171, 23.1598, 35.2222, 40.0471, 27.9847, 43.9071, 33.2922, 12.5449, 2.4125, 5.7899, 4.9138, 4.825, 1.4475, 6.7549, 45.8371, 13.5099, 21.7123, 58.8644, 27.0197, 32.8097, 15.9223, 19.7823, 3.86, 60.7944, 1.93, 118.2114, 14.4749]
    ]
  ],
  "V_est": [
    [1158.7444, 38.6682, 1573.0711, 165.5163],
    [230.0121, 273.4954, 16254.0583, 382.4342],
    [73.6876, 5398.786, 1850.4466, 1054.0797],
    [0.2252, 341.643, 228.8031, 499.3286],
    [22.3306, 116.4073, 1011.6209, 1073.6412]
  ],
  "p_est": [
    [0.3947, 0.0132, 0.5358, 0.0564],
    [0.0134, 0.016, 0.9483, 0.0223],
    [0.0088, 0.6445, 0.2209, 0.1258],
    [0.0002, 0.3193, 0.2138, 0.4667],
    [0.01, 0.0523, 0.4549, 0.4828]
  ],
  "EI_Z": {},
  "EI_V": 5.5024,
  "MAE_Z": {},
  "MAE_V": 174.6834,
  "MAE_p": 0.0545,
  "runtime": 1.0229
}
