{
  "Z_true": {},
  "V_true": [
    [635, 28, 2167, 106],
    [563, 93, 16090, 394],
    [212, 5471, 1500, 1194],
    [23, 187, 341, 519],
    [52, 390, 820, 962]
  ],
  "p_true": [
    [0.2163, 0.0095, 0.7381, 0.0361],
    [0.0328, 0.0054, 0.9387, 0.023],
    [0.0253, 0.6531, 0.1791, 0.1425],
    [0.0215, 0.1748, 0.3187, 0.485],
    [0.0234, 0.1754, 0.3687, 0.4326]
  ],
  "Z_est": [
    [
      [12.116, 32.3094, 18.9818, 15.347, 28.6746, 25.3747, 2.0193, 22.487, 7.6735, 24.6359, 90.8702, 55.3299, 26.2514, 26.2514, 19.3857, 46.4448, 24.2321, 17.7702, 42.4061, 17.7702, 18.9905, 38.1795, 12.5199, 3.9406, 8.0774, 0.9989, 2.9287, 0, 21.9409, 19.7895, 6.9961, 15.4647, 70.273, 18.5779, 34.7326, 22.2127, 40.5135, 1, 69.0614, 2.8271, 154.6813, 42.6468],
      [0.326, 0.8694, 0.5108, 0.413, 0.7716, 0.7282, 0.0543, 0.7608, 0.2065, 0.6629, 2.4453, 1.4889, 0.7064, 0.7064, 0.5217, 1.2498, 0.6521, 0.4782, 1.1411, 0.4782, 4.6495, 2.3684, 0.3369, 0.1739, 0.2174, 0.0435, 0.0978, 0, 0.5217, 0.5325, 0.8839, 4.8573, 1.891, 0.4999, 0.9346, 0.5977, 1.1411, 1.0737, 1.8584, 0.0761, 4.1624, 1.1629],
      [15.9349, 42.4931, 24.9647, 20.1842, 37.7126, 37.2724, 2.6558, 37.1815, 10.0921, 32.401, 119.5119, 72.7695, 34.5257, 34.5257, 25.4959, 61.0838, 31.8698, 23.3712, 55.7722, 23.3712, 30.2763, 53.0961, 16.4661, 10.6232, 10.6233, 2.7412, 5.4866, 0, 25.4959, 26.027, 10.0921, 26.027, 92.4225, 24.4335, 45.6801, 29.214, 57.6648, 2.6558, 90.829, 3.7181, 203.4358, 57.4016],
      [1.623, 4.328, 2.5427, 2.0558, 3.8411, 3.6247, 0.2705, 9.5707, 1.0279, 3.3001, 12.1726, 7.4118, 3.5165, 3.5165, 2.5968, 6.2215, 3.246, 2.3804, 5.6805, 2.3804, 3.0837, 5.3559, 1.6771, 1.2623, 1.082, 0.2164, 0.4869, 0, 0.0415, 2.6509, 1.0279, 2.6509, 9.4135, 2.4886, 4.6526, 2.9755, 5.6805, 0.2705, 9.2512, 0.3787, 20.7205, 5.7887]
    ],
    [
      [5.6647, 9.207, 0, 0, 9.005, 0, 1.7603, 0, 9.6423, 5.8459, 13.095, 0, 2.3085, 8.6296, 2.1019, 7.2476, 0.8305, 3.5381, 0.5357, 3.7808, 0, 0, 0, 0, 0.9663, 0, 0, 0, 6.6267, 3.8989, 0, 0, 0, 13.3663, 7.8538, 11.5394, 0, 0, 15.9508, 0.5919, 77.2857, 0],
      [0, 11.5273, 4.2658, 2.0693, 11.7811, 0, 0, 0, 0.8127, 2.0944, 7.2356, 5.2256, 6.1192, 15.1411, 6.2579, 0, 6.0686, 22.0321, 27.4108, 3.9544, 41.3996, 6.1526, 9.8257, 0, 1.0107, 0, 0, 0, 2.2993, 13.8845, 5.2535, 5.1925, 6.0293, 4.5673, 5.139, 0.4885, 0, 3.6124, 27.3234, 0, 0, 0],
      [248.6439, 624.8085, 761.3581, 374.685, 980.7827, 336.8624, 36.4287, 255.0876, 117.7127, 201.0597, 651.7574, 302.7744, 239.2859, 299.8885, 256.6401, 578.0289, 278.8316, 349.1638, 574.2796, 305.2648, 466.1379, 471.8446, 134.1743, 33.3689, 76.2718, 36.2291, 37.3917, 10.7592, 108.074, 676.5521, 65.464, 399.019, 1229.8061, 455.1449, 405.8694, 320.2382, 350, 121.309, 854.9561, 47.0371, 1896.0443, 303],
      [5.6914, 14.4572, 16.3761, 16.2456, 18.4312, 4.1376, 2.811, 13.9124, 0.8322, 0, 20.912, 0, 7.2863, 2.3408, 0, 14.7235, 2.2693, 1.266, 5.7739, 0, 29.4625, 9.0028, 0, 1.6311, 1.7512, 1.7709, 0.6083, 0.2408, 0, 23.6645, 0.2826, 6.7886, 28.1646, 0.9216, 9.1378, 3.7339, 0, 3.0787, 14.7698, 1.371, 98.6701, 0]
    ],
    [
      [0.7941, 1.6905, 0, 0.1066, 2.0601, 0, 0.173, 0, 0.4718, 6.2818, 3.0429, 0.3281, 1.0615, 1.6197, 0.9357, 9.3746, 1.3681, 1.832, 4.0729, 3.7624, 0, 0, 0.1735, 0, 1.815, 0, 0.0708, 0, 0.2673, 2.1859, 0, 0, 4.2799, 1.3917, 1.604, 0.857, 0, 0, 4.4975, 0.1573, 21.134, 0],
      [53.6371, 140.1888, 108.2388, 82.1572, 170.8347, 119.0691, 11.097, 165.1137, 39.1225, 60.6398, 252.3398, 93.8939, 88.0255, 134.3204, 81.1471, 185.3514, 113.4551, 151.9255, 337.7572, 142.9024, 267.261, 216.4776, 79.9222, 14.6052, 47.1866, 1.6757, 5.2618, 2.2034, 22.1694, 181.2674, 39.5942, 122.0013, 359.2745, 115.4112, 133.0163, 71.0725, 125.3597, 30.3556, 372.9674, 0, 566.1803, 99.0339],
      [28.3037, 45.6637, 36.5618, 27.2679, 55.6459, 43.1773, 4.6726, 53.9468, 12.7433, 19.7522, 82.1946, 34.3707, 28.6725, 43.7521, 25.2743, 67.8341, 36.9557, 49.4867, 110.0175, 52.269, 86.0176, 73.1236, 24.8495, 5.0973, 23.0175, 2.09, 2.5181, 1.416, 7.2212, 59.0442, 12.7433, 41.1174, 117.0789, 37.5929, 43.3274, 23.1504, 53.8106, 9.7699, 121.4865, 4.2478, 189.0263, 41.4868],
      [18.265, 27.457, 21.1994, 16.4683, 33.4593, 23.7535, 6.0575, 34.9395, 7.6624, 6.3262, 49.4227, 15.4073, 17.2405, 26.3077, 11.6429, 38.4399, 22.221, 29.7558, 66.1523, 13.0663, 51.7214, 42.3988, 12.0549, 4.2975, 9.9809, 1.2343, 1.1494, 1.3806, 4.342, 35.5026, 7.6624, 23.8812, 70.3667, 22.6042, 26.0523, 13.9201, 22.8298, 5.8745, 73.0485, 15.595, 113.6594, 13.4793]
    ],
    [
      [0.0036, 0.0087, 0.0132, 0.0079, 0.0194, 0.0048, 0.0006, 0.0095, 0.0017, 0.0022, 0.0084, 0.0025, 0.0039, 0.0076, 0.0031, 0.0081, 0.0073, 0.005, 0.0135, 0.0076, 0.0095, 0.0126, 0.0022, 0.0008, 0.0008, 0.0011, 0.0006, 0, 0.0011, 0.0135, 0.0039, 0.0084, 0.0188, 0.0084, 0.0135, 0.0045, 0.0065, 0, 0.0151, 0.377, 0.0306, 0.002],
      [4.1627, 9.9263, 15.0496, 8.9657, 22.0941, 5.4435, 0.6404, 10.8869, 1.9212, 2.5616, 9.6061, 2.8818, 4.4829, 8.6455, 3.5222, 9.2859, 8.3253, 5.7637, 15.3698, 8.6455, 10.8869, 14.4092, 2.5616, 0.9606, 0.9606, 1.2808, 0.6404, 0.6404, 1.2808, 15.3698, 4.4829, 9.6061, 21.4537, 9.6061, 15.3698, 5.1233, 7.3647, 5.4482, 17.291, 1.7157, 34.9023, 2.2414],
      [2.7794, 6.6278, 10.0486, 5.9864, 14.7523, 3.6346, 0.4276, 7.2692, 1.2828, 1.7104, 6.414, 1.9242, 2.9932, 5.7726, 2.3518, 6.2002, 5.5588, 3.8484, 10.2624, 5.7726, 7.2692, 9.621, 1.7104, 0.6414, 0.6414, 0.8552, 0.4276, 0.4282, 0.8552, 10.2624, 2.9932, 6.414, 14.3247, 6.414, 10.2624, 3.4208, 4.9174, 3.6346, 11.5453, 2.1817, 23.3043, 1.4966],
      [6.0543, 14.4371, 21.8886, 13.04, 32.1343, 7.9171, 0.9314, 15.8343, 2.7943, 3.7257, 13.9714, 4.1914, 6.52, 12.5743, 5.1229, 13.5057, 12.1086, 8.3829, 22.3543, 12.5743, 15.8343, 20.9571, 3.7257, 1.3971, 1.3971, 1.8629, 0.9314, 0.9314, 1.8629, 22.3543, 6.52, 13.9714, 31.2028, 13.9714, 22.3543, 7.4514, 10.7114, 7.9171, 25.1486, 3.7257, 50.7628, 3.26]
    ],
    [
      [0.4215, 0.7844, 0.005, 0.5386, 1.241, 0.6205, 0.0468, 0.5034, 0.2107, 0.2342, 0.9834, 0.3395, 0.3746, 0.4917, 0.5737, 0.9249, 0.562, 0.8547, 0.9717, 0.679, 0, 0.8078, 0.3044, 0.0585, 0.1405, 0, 0, 0, 0.1639, 1.1122, 0, 0.5268, 1.4283, 0.6556, 0.7961, 0.3864, 0.48, 0, 1.4752, 0.0468, 2.8684, 0.3512],
      [1.8742, 3.4881, 5.935, 2.3948, 5.5185, 2.7592, 0.2082, 2.2386, 0.9371, 1.0412, 4.3731, 1.5098, 1.666, 2.1866, 2.551, 4.1128, 2.4989, 3.8005, 4.3211, 3.0196, 5.803, 3.5922, 1.3536, 0.2603, 0.6247, 0, 0, 0.1562, 0.7289, 4.9458, 1.7855, 2.3428, 6.3515, 2.9154, 3.5402, 1.718, 2.1345, 0.5102, 6.5597, 0.2082, 12.755, 1.5618],
      [16.338, 30.4069, 53.0667, 20.8764, 48.1064, 24.0532, 1.8153, 19.5149, 8.169, 9.0767, 38.1221, 13.1612, 14.5227, 19.061, 22.2379, 35.8529, 21.784, 33.1299, 37.6682, 26.3224, 41.2989, 31.3146, 11.7997, 2.2692, 5.446, 4.0845, 5.176, 1.3966, 6.3537, 43.1142, 12.7074, 20.4225, 55.3678, 25.4147, 30.8607, 14.9765, 18.6072, 3.6307, 57.1831, 1.8153, 111.1894, 13.615],
      [17.3663, 32.3206, 54.9932, 22.1903, 51.1341, 25.567, 1.9296, 20.7431, 8.6831, 9.6479, 40.5213, 13.9895, 15.4367, 20.2607, 23.6374, 38.1094, 23.1551, 35.215, 40.0389, 27.979, 43.8981, 33.2854, 12.5423, 2.412, 5.7888, 4.9155, 4.824, 1.4472, 6.7536, 45.8277, 13.5071, 21.7079, 58.8524, 27.0142, 32.803, 15.9191, 19.7783, 3.8592, 60.782, 1.9296, 118.1872, 14.4719]
    ]
  ],
  "V_est": [
    [1162.6843, 43.2523, 1567.5995, 162.464],
    [221.2726, 264.1741, 16272.0362, 382.5172],
    [77.4097, 5403.5143, 1837.7958, 1058.2802],
    [0.6695, 341.7775, 229.2389, 498.3141],
    [22.9639, 116.2819, 1011.3297, 1073.4246]
  ],
  "p_est": [
    [0.396, 0.0147, 0.5339, 0.0553],
    [0.0129, 0.0154, 0.9494, 0.0223],
    [0.0092, 0.645, 0.2194, 0.1263],
    [0.0006, 0.3194, 0.2142, 0.4657],
    [0.0103, 0.0523, 0.4547, 0.4827]
  ],
  "EI_Z": {},
  "EI_V": 5.5058,
  "MAE_Z": {},
  "MAE_V": 174.7938,
  "MAE_p": 0.0546,
  "runtime": 0.492
}
