{
  "X": [
    [0, 0, 0, 5, 4, 2],
    [1, 0, 2, 3, 14, 3],
    [0, 0, 1, 1, 9, 0],
    [1, 0, 6, 5, 16, 6],
    [0, 0, 2, 2, 3, 0],
    [1, 1, 0, 3, 2, 2],
    [0, 1, 2, 0, 6, 0],
    [0, 0, 3, 8, 10, 0],
    [1, 0, 1, 1, 3, 0],
    [1, 8, 1, 6, 11, 4],
    [1, 7, 0, 4, 8, 2],
    [1, 2, 0, 2, 1, 0],
    [0, 0, 2, 1, 7, 0],
    [0, 0, 0, 4, 9, 1],
    [1, 0, 0, 3, 9, 1],
    [1, 1, 7, 10, 27, 7],
    [0, 0, 6, 14, 25, 5],
    [6, 8, 8, 34, 80, 17],
    [3, 2, 6, 19, 33, 7],
    [6, 4, 9, 22, 49, 14],
    [7, 8, 30, 56, 138, 15],
    [5, 4, 11, 45, 60, 12],
    [2, 1, 8, 13, 14, 1],
    [1, 2, 5, 18, 38, 8],
    [4, 1, 6, 28, 31, 3],
    [4, 3, 10, 49, 52, 13],
    [2, 1, 7, 14, 17, 2],
    [1, 2, 9, 10, 40, 7],
    [2, 3, 1, 5, 20, 3],
    [3, 4, 15, 33, 75, 14],
    [1, 0, 0, 4, 8, 0],
    [2, 1, 15, 26, 22, 6],
    [2, 1, 2, 3, 7, 1],
    [0, 2, 0, 3, 2, 0],
    [1, 0, 1, 24, 24, 3],
    [1, 0, 1, 9, 21, 5],
    [1, 0, 2, 1, 0, 4],
    [0, 0, 0, 3, 6, 0],
    [0, 0, 4, 13, 28, 8],
    [0, 3, 2, 8, 9, 5],
    [0, 1, 7, 3, 4, 3],
    [5, 4, 8, 24, 62, 11],
    [4, 3, 13, 44, 70, 13],
    [0, 0, 1, 12, 17, 1],
    [0, 0, 0, 1, 3, 2],
    [0, 2, 0, 1, 6, 2],
    [0, 1, 1, 3, 15, 5],
    [1, 2, 5, 7, 19, 3],
    [1, 0, 0, 8, 21, 1],
    [1, 1, 4, 16, 24, 3],
    [1, 2, 1, 0, 6, 1],
    [1, 2, 3, 15, 31, 4],
    [1, 2, 1, 10, 9, 0],
    [0, 1, 0, 8, 8, 1],
    [3, 6, 5, 19, 40, 6],
    [4, 1, 1, 5, 8, 0],
    [1, 2, 2, 8, 9, 4],
    [6, 6, 3, 8, 45, 10],
    [0, 0, 0, 4, 19, 2],
    [1, 4, 0, 7, 14, 2],
    [1, 0, 2, 4, 2, 3],
    [0, 3, 1, 5, 6, 1],
    [3, 6, 7, 15, 29, 13],
    [1, 4, 2, 11, 12, 1],
    [0, 4, 3, 7, 15, 3],
    [2, 3, 2, 6, 7, 3],
    [3, 3, 7, 9, 15, 3],
    [1, 2, 14, 17, 28, 6],
    [2, 3, 2, 4, 7, 3],
    [3, 3, 18, 13, 20, 8],
    [4, 4, 9, 12, 34, 5],
    [4, 3, 29, 64, 119, 20],
    [1, 2, 2, 5, 1, 0],
    [1, 2, 46, 74, 113, 12],
    [0, 2, 12, 12, 25, 3],
    [0, 4, 9, 11, 44, 1],
    [4, 7, 13, 32, 52, 11],
    [2, 1, 12, 20, 47, 5],
    [2, 1, 5, 5, 21, 4],
    [1, 4, 5, 7, 7, 0],
    [0, 1, 1, 3, 8, 0],
    [0, 0, 1, 6, 12, 0],
    [1, 0, 7, 11, 8, 3],
    [1, 2, 0, 6, 15, 1],
    [1, 3, 7, 20, 32, 7],
    [1, 0, 19, 25, 27, 3],
    [1, 2, 8, 11, 19, 3],
    [2, 1, 66, 39, 69, 8],
    [0, 2, 16, 12, 19, 7],
    [2, 1, 3, 8, 26, 10],
    [0, 0, 0, 2, 2, 2],
    [2, 1, 0, 5, 2, 1],
    [0, 0, 23, 23, 25, 5],
    [1, 2, 0, 7, 0, 1],
    [0, 2, 1, 12, 14, 1],
    [2, 5, 14, 31, 52, 3],
    [2, 5, 16, 26, 45, 9],
    [1, 1, 4, 18, 16, 5],
    [5, 4, 17, 17, 32, 4],
    [8, 8, 45, 60, 81, 17],
    [3, 6, 13, 11, 15, 4],
    [6, 5, 17, 35, 43, 12],
    [3, 1, 8, 19, 22, 4],
    [4, 5, 5, 21, 31, 5],
    [2, 1, 3, 19, 29, 6],
    [1, 1, 2, 0, 0, 2],
    [3, 3, 18, 25, 40, 8],
    [2, 3, 13, 17, 19, 4],
    [2, 6, 17, 33, 54, 8],
    [0, 7, 27, 42, 58, 14],
    [2, 4, 18, 23, 63, 9],
    [1, 7, 35, 39, 81, 7],
    [1, 6, 21, 33, 59, 9],
    [0, 0, 3, 2, 4, 0],
    [0, 3, 5, 5, 17, 3],
    [5, 2, 3, 10, 26, 3],
    [1, 2, 1, 1, 18, 2],
    [0, 0, 1, 3, 1, 2],
    [1, 2, 8, 18, 22, 7],
    [2, 1, 5, 25, 40, 3],
    [2, 4, 2, 6, 20, 2],
    [0, 3, 7, 7, 4, 3],
    [1, 2, 3, 7, 12, 1],
    [10, 23, 24, 54, 60, 27],
    [4, 3, 10, 14, 27, 4],
    [4, 4, 12, 20, 36, 8],
    [1, 4, 3, 10, 17, 3],
    [1, 5, 3, 18, 35, 2],
    [0, 2, 0, 4, 12, 2],
    [1, 1, 6, 12, 22, 2],
    [2, 2, 5, 7, 20, 2],
    [0, 1, 0, 3, 4, 1],
    [1, 0, 2, 4, 9, 1],
    [1, 1, 0, 1, 2, 1],
    [0, 0, 0, 1, 4, 1],
    [2, 1, 7, 10, 19, 2],
    [1, 2, 6, 21, 30, 12],
    [0, 0, 0, 4, 9, 3],
    [1, 1, 6, 15, 35, 8],
    [0, 0, 4, 1, 18, 2],
    [2, 0, 7, 26, 69, 6],
    [5, 6, 21, 67, 195, 18],
    [2, 0, 0, 2, 4, 1],
    [0, 0, 2, 0, 4, 1],
    [2, 3, 0, 5, 16, 3],
    [0, 4, 3, 13, 16, 5],
    [0, 3, 2, 4, 26, 6],
    [0, 0, 0, 2, 13, 0],
    [1, 2, 3, 1, 3, 2],
    [3, 0, 1, 7, 19, 3],
    [0, 0, 4, 14, 39, 3],
    [2, 4, 7, 8, 16, 3],
    [3, 5, 25, 63, 104, 19],
    [3, 7, 14, 47, 221, 10],
    [1, 3, 22, 60, 108, 5],
    [2, 0, 0, 4, 6, 1],
    [0, 5, 0, 9, 7, 0],
    [0, 0, 4, 3, 11, 0],
    [1, 1, 2, 6, 3, 0],
    [5, 2, 4, 9, 21, 2],
    [0, 1, 0, 5, 9, 1],
    [2, 1, 0, 13, 24, 7],
    [0, 0, 0, 2, 9, 1],
    [0, 0, 1, 3, 19, 4],
    [1, 2, 5, 20, 35, 8],
    [3, 6, 7, 27, 48, 4],
    [1, 0, 2, 2, 3, 0],
    [0, 0, 0, 4, 5, 0],
    [0, 0, 3, 1, 2, 1],
    [0, 1, 0, 4, 8, 1],
    [1, 4, 5, 6, 6, 3],
    [2, 0, 0, 2, 2, 0],
    [1, 3, 3, 4, 5, 1],
    [1, 3, 4, 10, 22, 4],
    [2, 4, 0, 6, 7, 1],
    [0, 1, 2, 1, 3, 1],
    [2, 1, 3, 17, 19, 0],
    [2, 1, 2, 0, 2, 1],
    [1, 2, 2, 5, 9, 2],
    [0, 0, 1, 6, 9, 1],
    [5, 1, 0, 6, 11, 2],
    [0, 0, 0, 0, 4, 3],
    [0, 0, 5, 7, 11, 1],
    [0, 1, 3, 1, 6, 0],
    [1, 2, 2, 2, 5, 0],
    [1, 0, 1, 3, 10, 2],
    [0, 1, 1, 6, 3, 2],
    [1, 0, 2, 7, 15, 5],
    [1, 0, 2, 15, 18, 2],
    [0, 2, 0, 8, 7, 4],
    [0, 5, 0, 3, 8, 1],
    [1, 7, 10, 17, 34, 7],
    [6, 5, 25, 81, 117, 12],
    [3, 3, 3, 9, 14, 1],
    [0, 0, 0, 4, 16, 0],
    [0, 0, 2, 7, 6, 0],
    [4, 7, 73, 33, 54, 10],
    [0, 1, 0, 3, 5, 2],
    [0, 2, 7, 7, 19, 3],
    [0, 1, 2, 6, 8, 3],
    [3, 4, 4, 12, 21, 3],
    [0, 2, 4, 14, 16, 3],
    [2, 3, 3, 7, 4, 1],
    [1, 2, 5, 19, 65, 7],
    [3, 3, 2, 22, 76, 4],
    [2, 0, 0, 4, 2, 1],
    [0, 1, 1, 2, 3, 2],
    [0, 0, 2, 2, 6, 1],
    [0, 1, 0, 4, 5, 2],
    [0, 0, 4, 5, 1, 1],
    [4, 1, 8, 10, 16, 6],
    [7, 6, 8, 17, 35, 4],
    [6, 5, 12, 13, 38, 8],
    [0, 0, 0, 1, 5, 1],
    [0, 0, 6, 2, 7, 1],
    [1, 1, 2, 5, 4, 0],
    [0, 0, 0, 4, 2, 1],
    [3, 2, 9, 41, 52, 12],
    [2, 5, 18, 44, 81, 19],
    [0, 0, 1, 1, 6, 0],
    [0, 0, 0, 3, 5, 1],
    [3, 0, 1, 3, 2, 2],
    [0, 3, 2, 1, 8, 1],
    [0, 1, 0, 2, 3, 0],
    [1, 0, 6, 6, 26, 3],
    [0, 3, 1, 3, 1, 0],
    [3, 4, 8, 14, 31, 8],
    [2, 8, 8, 41, 73, 11],
    [0, 0, 0, 6, 3, 0],
    [3, 2, 3, 14, 35, 9],
    [1, 1, 1, 11, 15, 1],
    [1, 0, 0, 9, 2, 0],
    [2, 1, 2, 17, 33, 4],
    [6, 1, 10, 17, 39, 13],
    [3, 0, 3, 13, 24, 10],
    [1, 3, 5, 18, 32, 8],
    [1, 1, 5, 11, 30, 8],
    [6, 5, 1, 13, 11, 4],
    [0, 2, 0, 4, 8, 3],
    [2, 3, 26, 33, 96, 10],
    [7, 2, 12, 29, 61, 13],
    [2, 0, 7, 6, 9, 3],
    [2, 0, 6, 13, 42, 20],
    [0, 1, 1, 2, 4, 0],
    [1, 1, 0, 4, 1, 0],
    [0, 1, 6, 0, 4, 0],
    [0, 2, 3, 8, 12, 1],
    [0, 0, 2, 0, 5, 0],
    [16, 16, 10, 37, 86, 15],
    [4, 3, 13, 12, 34, 8],
    [9, 15, 51, 47, 131, 35],
    [0, 2, 6, 19, 31, 3],
    [46, 73, 237, 314, 711, 120],
    [1, 1, 4, 6, 14, 3]
  ],
  "W": [
    [0, 3, 7, 0, 0, 1, 0],
    [0, 5, 14, 2, 0, 0, 2],
    [0, 1, 8, 1, 0, 1, 0],
    [1, 12, 12, 2, 0, 4, 3],
    [0, 3, 4, 0, 0, 0, 0],
    [0, 2, 5, 0, 1, 0, 1],
    [0, 2, 4, 1, 0, 1, 1],
    [1, 2, 10, 2, 0, 5, 1],
    [0, 0, 4, 0, 0, 2, 0],
    [2, 2, 11, 0, 6, 5, 5],
    [1, 1, 10, 1, 3, 3, 3],
    [0, 0, 0, 0, 1, 4, 1],
    [0, 1, 5, 0, 0, 4, 0],
    [1, 0, 10, 0, 0, 1, 2],
    [2, 0, 6, 0, 0, 4, 2],
    [0, 0, 23, 1, 1, 18, 10],
    [4, 4, 27, 1, 1, 9, 4],
    [6, 13, 86, 3, 6, 20, 19],
    [5, 5, 33, 3, 1, 12, 11],
    [3, 7, 53, 6, 1, 19, 15],
    [10, 17, 151, 9, 6, 31, 30],
    [2, 9, 76, 7, 2, 26, 15],
    [0, 3, 22, 2, 2, 5, 5],
    [1, 2, 35, 1, 4, 20, 9],
    [3, 7, 36, 1, 1, 16, 9],
    [3, 13, 76, 2, 2, 21, 14],
    [2, 2, 25, 2, 0, 5, 7],
    [1, 5, 40, 1, 1, 11, 10],
    [1, 0, 18, 1, 2, 7, 5],
    [4, 9, 80, 8, 4, 15, 24],
    [2, 0, 7, 0, 1, 2, 1],
    [2, 18, 28, 3, 4, 13, 4],
    [0, 5, 4, 0, 1, 2, 4],
    [0, 2, 3, 0, 1, 1, 0],
    [2, 7, 33, 2, 1, 3, 5],
    [1, 4, 24, 0, 0, 3, 5],
    [0, 1, 3, 0, 0, 1, 3],
    [0, 4, 3, 0, 0, 0, 2],
    [2, 10, 17, 3, 2, 14, 5],
    [2, 6, 11, 1, 1, 4, 2],
    [0, 0, 7, 1, 1, 5, 4],
    [1, 9, 63, 6, 4, 22, 9],
    [3, 14, 87, 4, 1, 26, 12],
    [0, 2, 19, 0, 2, 5, 3],
    [0, 2, 3, 0, 1, 0, 0],
    [0, 0, 7, 1, 2, 0, 1],
    [0, 4, 14, 0, 1, 6, 0],
    [1, 7, 17, 1, 1, 8, 2],
    [0, 3, 20, 0, 0, 5, 3],
    [0, 11, 25, 2, 2, 5, 4],
    [0, 0, 4, 1, 2, 3, 1],
    [1, 9, 37, 2, 3, 2, 2],
    [0, 5, 9, 1, 2, 4, 2],
    [1, 3, 9, 0, 1, 3, 1],
    [1, 8, 45, 0, 3, 11, 11],
    [0, 5, 5, 0, 0, 3, 6],
    [1, 6, 6, 0, 1, 5, 7],
    [1, 12, 39, 0, 5, 10, 11],
    [0, 4, 17, 0, 0, 4, 0],
    [0, 4, 15, 0, 3, 4, 2],
    [0, 2, 6, 1, 0, 2, 1],
    [0, 0, 9, 1, 1, 5, 0],
    [0, 11, 39, 1, 2, 15, 5],
    [1, 6, 11, 2, 1, 6, 4],
    [0, 5, 17, 0, 3, 6, 1],
    [1, 3, 9, 1, 4, 4, 1],
    [0, 2, 26, 2, 3, 1, 6],
    [6, 11, 31, 1, 2, 13, 4],
    [1, 4, 7, 0, 2, 3, 4],
    [4, 8, 36, 3, 3, 3, 8],
    [2, 13, 31, 6, 4, 4, 8],
    [13, 15, 144, 9, 8, 26, 24],
    [0, 2, 3, 0, 2, 3, 1],
    [15, 16, 146, 21, 2, 24, 24],
    [0, 8, 31, 7, 1, 2, 5],
    [1, 8, 39, 7, 1, 7, 6],
    [3, 11, 63, 9, 4, 19, 10],
    [5, 2, 55, 6, 3, 10, 6],
    [0, 6, 22, 2, 0, 4, 4],
    [0, 1, 11, 2, 1, 3, 6],
    [0, 1, 9, 0, 1, 0, 2],
    [1, 4, 8, 2, 0, 2, 2],
    [3, 1, 14, 3, 0, 4, 5],
    [2, 2, 14, 2, 2, 1, 2],
    [5, 11, 30, 2, 2, 10, 10],
    [1, 16, 35, 6, 2, 7, 8],
    [4, 9, 16, 2, 1, 7, 5],
    [4, 31, 97, 33, 1, 12, 7],
    [3, 4, 24, 7, 5, 7, 6],
    [1, 5, 33, 0, 0, 6, 5],
    [0, 3, 2, 0, 0, 0, 1],
    [0, 0, 3, 0, 1, 3, 4],
    [2, 13, 37, 5, 6, 7, 6],
    [0, 2, 4, 1, 0, 0, 4],
    [1, 3, 17, 1, 4, 2, 2],
    [11, 5, 60, 2, 6, 17, 6],
    [1, 9, 55, 3, 7, 19, 9],
    [0, 8, 21, 2, 2, 8, 4],
    [1, 7, 40, 6, 7, 11, 7],
    [9, 24, 100, 23, 6, 33, 24],
    [0, 8, 22, 4, 4, 7, 7],
    [4, 11, 66, 5, 0, 18, 14],
    [1, 5, 34, 2, 1, 12, 2],
    [0, 9, 37, 1, 4, 7, 13],
    [5, 6, 37, 2, 2, 5, 3],
    [0, 0, 0, 0, 1, 3, 2],
    [4, 13, 47, 8, 4, 11, 10],
    [2, 2, 31, 4, 2, 12, 5],
    [9, 14, 63, 10, 4, 12, 8],
    [1, 19, 76, 10, 5, 27, 10],
    [3, 9, 79, 5, 2, 13, 8],
    [7, 15, 89, 14, 6, 20, 19],
    [3, 15, 68, 6, 7, 18, 12],
    [1, 0, 4, 2, 0, 2, 0],
    [0, 0, 19, 4, 0, 8, 2],
    [0, 5, 28, 1, 3, 4, 8],
    [0, 1, 16, 0, 3, 1, 4],
    [0, 0, 1, 0, 0, 6, 0],
    [2, 8, 36, 1, 2, 6, 3],
    [4, 8, 40, 3, 0, 13, 8],
    [3, 3, 18, 0, 4, 4, 4],
    [2, 1, 9, 1, 2, 6, 3],
    [2, 1, 14, 2, 0, 5, 2],
    [8, 3, 59, 4, 15, 85, 24],
    [2, 2, 39, 3, 2, 6, 8],
    [4, 13, 41, 0, 5, 9, 12],
    [0, 2, 21, 0, 2, 11, 2],
    [2, 6, 42, 0, 2, 9, 3],
    [0, 1, 15, 0, 1, 2, 1],
    [0, 7, 16, 2, 2, 11, 6],
    [2, 1, 20, 1, 1, 9, 4],
    [0, 0, 6, 0, 0, 2, 1],
    [0, 1, 7, 4, 1, 3, 1],
    [0, 0, 2, 0, 0, 3, 1],
    [0, 0, 4, 0, 0, 1, 1],
    [0, 5, 23, 1, 1, 6, 5],
    [4, 7, 40, 5, 3, 2, 11],
    [2, 0, 7, 0, 0, 3, 4],
    [2, 3, 38, 4, 3, 7, 9],
    [0, 6, 14, 0, 0, 4, 1],
    [1, 8, 77, 2, 4, 7, 11],
    [11, 19, 196, 15, 9, 38, 24],
    [0, 2, 4, 0, 0, 3, 0],
    [0, 0, 1, 1, 0, 4, 1],
    [0, 3, 15, 2, 4, 2, 3],
    [1, 2, 15, 6, 5, 8, 4],
    [0, 4, 21, 0, 0, 7, 9],
    [2, 2, 9, 0, 0, 2, 0],
    [1, 3, 3, 0, 1, 2, 2],
    [1, 5, 17, 1, 1, 5, 3],
    [4, 4, 41, 2, 0, 8, 1],
    [0, 5, 18, 4, 3, 4, 6],
    [9, 16, 134, 5, 9, 32, 14],
    [7, 10, 224, 20, 3, 21, 17],
    [8, 13, 122, 7, 10, 23, 16],
    [3, 0, 8, 0, 0, 1, 1],
    [0, 0, 7, 0, 3, 7, 4],
    [0, 4, 8, 0, 0, 4, 2],
    [4, 1, 3, 0, 0, 3, 2],
    [1, 2, 22, 5, 0, 7, 6],
    [1, 0, 8, 0, 3, 3, 1],
    [1, 7, 27, 1, 0, 5, 6],
    [0, 1, 8, 0, 0, 1, 2],
    [0, 2, 19, 0, 0, 2, 4],
    [1, 1, 51, 2, 1, 7, 8],
    [1, 6, 65, 6, 4, 4, 9],
    [0, 3, 5, 0, 0, 0, 0],
    [1, 2, 2, 0, 0, 3, 1],
    [0, 0, 3, 0, 0, 4, 0],
    [0, 3, 7, 0, 1, 3, 0],
    [0, 3, 8, 0, 1, 10, 3],
    [0, 0, 2, 0, 0, 2, 2],
    [0, 7, 6, 0, 3, 1, 0],
    [3, 7, 22, 0, 2, 7, 3],
    [1, 0, 8, 0, 2, 6, 3],
    [0, 1, 3, 1, 1, 0, 2],
    [5, 2, 25, 4, 2, 3, 1],
    [0, 1, 3, 0, 1, 1, 2],
    [0, 2, 14, 1, 1, 0, 3],
    [1, 0, 9, 1, 1, 3, 2],
    [1, 0, 11, 0, 1, 8, 4],
    [0, 0, 4, 0, 0, 2, 1],
    [3, 1, 9, 3, 1, 5, 2],
    [0, 0, 6, 1, 0, 4, 0],
    [0, 1, 6, 0, 2, 2, 1],
    [2, 1, 11, 0, 0, 1, 2],
    [2, 1, 5, 0, 0, 3, 2],
    [1, 2, 18, 0, 0, 8, 1],
    [0, 10, 18, 2, 0, 4, 4],
    [0, 3, 12, 0, 0, 5, 1],
    [1, 2, 6, 1, 3, 3, 1],
    [0, 9, 33, 5, 4, 15, 10],
    [7, 25, 133, 18, 6, 30, 27],
    [1, 2, 13, 1, 3, 9, 4],
    [0, 1, 18, 0, 0, 1, 0],
    [1, 0, 5, 1, 0, 6, 2],
    [4, 33, 72, 25, 5, 24, 18],
    [0, 1, 3, 0, 2, 5, 0],
    [3, 1, 14, 2, 1, 8, 9],
    [0, 4, 10, 0, 0, 5, 1],
    [0, 2, 29, 1, 2, 3, 10],
    [4, 0, 16, 4, 1, 2, 12],
    [1, 2, 9, 0, 3, 4, 1],
    [6, 11, 58, 2, 5, 7, 10],
    [6, 8, 73, 2, 4, 10, 7],
    [0, 2, 3, 0, 0, 2, 2],
    [0, 2, 4, 0, 0, 2, 1],
    [0, 0, 0, 5, 2, 0, 4],
    [1, 3, 3, 0, 1, 3, 1],
    [1, 1, 2, 3, 0, 4, 0],
    [1, 3, 20, 1, 2, 10, 8],
    [3, 7, 30, 3, 4, 18, 12],
    [1, 6, 46, 1, 6, 11, 11],
    [1, 1, 5, 0, 0, 0, 0],
    [0, 2, 8, 3, 1, 1, 1],
    [1, 0, 6, 3, 1, 1, 1],
    [0, 0, 3, 1, 0, 1, 2],
    [5, 11, 55, 3, 5, 29, 11],
    [7, 14, 87, 7, 6, 28, 20],
    [0, 1, 7, 0, 0, 0, 0],
    [0, 1, 6, 0, 1, 0, 1],
    [0, 2, 4, 0, 0, 2, 3],
    [0, 0, 6, 4, 3, 2, 0],
    [0, 0, 2, 1, 0, 3, 0],
    [0, 3, 28, 2, 1, 4, 4],
    [0, 1, 1, 1, 3, 1, 1],
    [1, 4, 42, 3, 3, 12, 3],
    [6, 13, 78, 5, 7, 22, 12],
    [2, 0, 4, 0, 0, 3, 0],
    [3, 6, 38, 2, 1, 7, 9],
    [3, 2, 15, 2, 2, 2, 4],
    [0, 0, 7, 0, 0, 5, 0],
    [2, 5, 36, 0, 2, 11, 3],
    [4, 8, 38, 8, 1, 16, 11],
    [4, 4, 26, 1, 1, 11, 6],
    [2, 9, 37, 2, 1, 9, 7],
    [0, 4, 26, 2, 0, 14, 10],
    [1, 1, 20, 1, 7, 3, 7],
    [2, 2, 9, 0, 2, 2, 0],
    [5, 7, 103, 11, 2, 22, 20],
    [4, 5, 79, 9, 3, 11, 13],
    [2, 3, 15, 1, 0, 2, 4],
    [3, 1, 49, 5, 1, 13, 11],
    [0, 1, 5, 0, 0, 2, 0],
    [0, 1, 1, 0, 3, 0, 2],
    [0, 0, 7, 3, 0, 0, 1],
    [2, 0, 11, 1, 3, 6, 3],
    [0, 0, 5, 1, 0, 0, 1],
    [8, 19, 90, 8, 11, 23, 21],
    [4, 5, 31, 13, 5, 11, 5],
    [7, 35, 155, 9, 13, 37, 32],
    [4, 3, 29, 5, 2, 13, 5],
    [46, 200, 717, 130, 64, 200, 144],
    [1, 5, 14, 2, 2, 2, 3]
  ],
  "method": "mult",
  "cond_prob": [
    [
      [0, 0, 0, 0.89811210949, 0.088262106535, 0.013625783974],
      [0, 0, 0, 0.53920897665, 0.13587143138, 0.32491959197],
      [0, 0, 0, 0.4074924318, 0.49871416653, 0.093793401669],
      [0, 0, 0, 0.40809483476, 0.58812626736, 0.0037788978792],
      [0, -0, 0, 0.85457584564, 0.070748473856, 0.074675680505],
      [0, 0, 0, 0.52992604747, 0.10138654012, 0.36868741241],
      [-0, 0, 0, 0.33071221807, 0.12656992305, 0.54271785889]
    ],
    [
      [0.009965990343, 0, 0.021177435437, 0.59736644891, 0.3469025375, 0.024587587806],
      [0.055809104136, 0, 0.14380338454, 0.20583424485, 0.31115747211, 0.28339579437],
      [0.00047399972759, 0, 0, 0.12068752716, 0.81191657348, 0.066921899633],
      [0, 0, 0.60471922796, 0.046814564425, 0.34667271619, 0.0017934914226],
      [0.10177136246, 0, 0.037112613538, 0.51766637317, 0.23293479961, 0.11051485123],
      [0.082638222013, 0, 0.074111567756, 0.23157039821, 0.25154839416, 0.36013141787],
      [0.35715924157, 0, 0.035772310698, 0.093787133341, 0.19201758918, 0.32126372521]
    ],
    [
      [0, 0, 0.026757156309, 0.52834163953, 0.44490120416, 0],
      [1.1102230246e-16, 0, 0.14062655781, 0.3473484978, 0.51202494439, 0],
      [0, 0, 0, 0.041554658094, 0.95844534191, 0],
      [0, 0, 0.70288105948, 0.01882075147, 0.27829818905, 0],
      [1.1102230246e-16, -0, 0.063133345386, 0.53866621525, 0.39820043936, 0],
      [0, 0, 0.15649238271, 0.30139348597, 0.54211413132, 0],
      [0, 0, 0.14160936523, 0.19401555828, 0.6643750765, 0]
    ],
    [
      [0.0052701325205, 0, 0.041240094009, 0.54938972849, 0.37916617779, 0.024933867198],
      [0.021872746524, 0, 0.26462994743, 0.16845620836, 0.30485844744, 0.24018265025],
      [0.00032255525639, 0, 0.042800272361, 0.099661013017, 0.80267156993, 0.05454458943],
      [0, 0, 0.7208416882, 0.029302808385, 0.24965694967, 0.00019855374511],
      [0.055393817931, 0, 0.073161555735, 0.50231834488, 0.25567684499, 0.11344943647],
      [0.041607341222, 0, 0.13826624716, 0.21329269571, 0.27035367668, 0.33648003922],
      [0.18731896041, 0, 0.091616301156, 0.10714240513, 0.24991500255, 0.36400733075]
    ],
    [
      [0, 0, 0.040255632612, 0.82571695721, 0.13402741018, 0],
      [0, 0, 0.52834960466, 0.32625481609, 0.14539557925, 0],
      [0, 0, 0.10373779651, 0.25530888793, 0.64095331556, 0],
      [0, 0, 0.94546678905, 0.013929997341, 0.040603213612, 0],
      [0, -0, 0.098422300839, 0.77973341877, 0.12184428039, 0],
      [0, -0, 0.3003870852, 0.50963509968, 0.18997781512, 0],
      [-0, -0, 0.31892301875, 0.38977960112, 0.29129738014, 0]
    ],
    [
      [0.01012775688, 1.6514068749e-06, 0, 0.89860781626, 0.071780256752, 0.019482518705],
      [0.095438684299, 0.0059301712643, 0, 0.42086771884, 0.061661382508, 0.41610204309],
      [0.041123959855, 0.0054535790505, 0, 0.40261482181, 0.37283905246, 0.17796858683],
      [0.0018161794512, 0.10407911039, 0, 0.3877933056, 0.50066453525, 0.0056468693042],
      [0, 0.93595077623, 0, 0.048778643906, 0, 0.015270579865],
      [0.10708477973, 0.078493776048, 0, 0.35546379584, 0.06098670271, 0.39797094567],
      [0.60350283212, 0.02492098599, 0, 0.096411809391, 0.012481972698, 0.2626823998]
    ],
    [
      [0, 2.6878805501e-05, 0.090811502449, 0, 0.90916161875, 0],
      [0, 0, 0.4576675474, 0, 0.5423324526, 0],
      [0, 0, 0, 0, 1, 0],
      [0, 0, 0.75177153655, 0, 0.24822846345, 0],
      [0, 1, 0, 0, 0, 0],
      [0, 0.50635129557, 0.20941262712, 0, 0.28423607731, 0],
      [0, 0.49364870443, 0.12348074153, 0, 0.38287055404, 0]
    ],
    [
      [0, 0, 0.018627972164, 0.80096179745, 0.18041023038, 0],
      [0, 0, 0.25919068217, 0.4704221058, 0.27038721203, 0],
      [0, 0, 0.024221668944, 0.25969339923, 0.71608493183, 0],
      [0, 0, 0.71217471107, 0.073386486231, 0.2144388027, 0],
      [0, -0, 0.041548831333, 0.81954312988, 0.13890803879, 0],
      [0, 0, 0.13044721045, 0.60630086933, 0.26325192022, 0],
      [0, 0, 0.14418849967, 0.48298267953, 0.3728288208, 0]
    ],
    [
      [0.039850105724, 0, 0.060219124871, 0.7015662065, 0.19836456291, 0],
      [0.16786559999, 0, 0.60370062974, 0.11508584454, 0.11334792573, 0],
      [0.02274562363, 0, 0.12743672911, 0.15432732337, 0.69549032389, 0],
      [0, 0, 1, 0, 0, 0],
      [0.41049597288, 0, 0.091478246089, 0.38521561038, 0.11281017064, 0],
      [0.45450875274, 0, 0.24512654178, 0.19134535325, 0.10901935222, 0],
      [1, 0, 0, 0, 0, 0]
    ],
    [
      [0.0033970732017, 0.017102541401, 0.015538925116, 0.65539293703, 0.2914283967, 0.017140126552],
      [0.023266568948, 0.025874657299, 0.14569192455, 0.26503270306, 0.29085498946, 0.24927915667],
      [0, 0.093893062978, 0.016714836423, 0.13759018435, 0.71220327288, 0.039598643366],
      [0.00011694548609, 0.040394423497, 0.57798759344, 0.058595047204, 0.32200996896, 0.0008960214113],
      [0.0022373213444, 0.86491766279, 0.0027654317046, 0.11095623703, 0.0099523381964, 0.0091710089271],
      [0.031084624725, 0.19629563874, 0.055591208732, 0.25590061704, 0.19125259751, 0.26987531325],
      [0.1555651328, 0.14204754788, 0.039825293224, 0.1400832369, 0.19704404185, 0.32543474734]
    ],
    [
      [0.0062028273457, 0.022026507609, 0, 0.70709635049, 0.25058287505, 0.014091439511],
      [0.049551222521, 0.040180622311, 0, 0.34418270414, 0.31371570064, 0.25236975039],
      [0, 0.22870293415, 0, 0.1444719245, 0.59482452759, 0.032000613757],
      [0, 0.1854210604, 0, 0.14279191626, 0.67178702334, 0],
      [0, 0.93709991796, 0, 0.060147461196, 0, 0.0027526208461],
      [0.046162056518, 0.33101311987, 0, 0.26297605013, 0.14013352386, 0.21971524962],
      [0.26858659353, 0.22033445155, 0, 0.13061308337, 0.13175618451, 0.24870968705]
    ],
    [
      [0.0084338590893, 2.5968298146e-06, 0, 0.80677513647, 0.18478840761, 0],
      [0.10080239099, 0.010684009353, 0, 0.51692568579, 0.37158791387, 0],
      [0.0046641587796, 0.0010765603516, 0, 0.13058011568, 0.86367916519, 0],
      [0.00086158013264, 0.092154646854, -0, 0.18695689544, 0.72002687758, 0],
      [0.0055628966909, 0.8997335578, 0, 0.083199261872, 0.011504283639, 0],
      [0.095907837067, 0.25231409438, 0, 0.44190356572, 0.20987450284, 0],
      [0.61080575504, 0.091010064677, 0, 0.14918647526, 0.14899770502, 0]
    ],
    [
      [0, 0, 0.079345121682, 0.43199704925, 0.48865782907, 0],
      [0, 0, 0.55344655189, 0.10144219017, 0.34511125794, 0],
      [0, 0, 0.02291821024, 0.037649430583, 0.93943235918, 0],
      [0, 0, 0.91544925211, 0.0048327960001, 0.079717951887, 0],
      [0, -0, 0.17301714041, 0.42601478366, 0.40096807593, 0],
      [0, 0, 0.33299059923, 0.17757766423, 0.48943173654, 0],
      [0, 0, 0.32424836106, 0.12549808572, 0.55025355322, 0]
    ],
    [
      [0, 0, 0, 0.77193308316, 0.22191276881, 0.0061541480297],
      [0, 0, 0, 0.45865220991, 0.34762529563, 0.19372249445],
      [0, 0, 0, 0.21036579809, 0.78322873393, 0.0064054679878],
      [0, 0, 0, 0.20489583452, 0.79377518052, 0.0013289849563],
      [0, -0, 0, 0.77467679755, 0.17712405893, 0.048199143514],
      [0, 0, 0, 0.49113853067, 0.27340796435, 0.23545350499],
      [0, 0, 0, 0.31663520266, 0.33619596379, 0.34716883355]
    ],
    [
      [0, 0, 0, 0.57484947786, 0.42235253409, 0.0027979880418],
      [0.062605847912, 0, 0, 0.28807203592, 0.50559924844, 0.14372286773],
      [0, 0, 0, 0.050553108127, 0.94690195035, 0.0025449415244],
      [0.00049115437119, 0, 0, 0.10181568479, 0.89689014218, 0.00080301865064],
      [0.096486944074, 0, 0, 0.56472384021, 0.29571236711, 0.0430768486],
      [0.047673796827, 0, 0, 0.32907128274, 0.45514290586, 0.16811201458],
      [0.40465240635, 0, 0, 0.11534863229, 0.32665580315, 0.15334315822]
    ],
    [
      [0.001858329119, 7.8662841187e-07, 0.047555962669, 0.6099186214, 0.32670528857, 0.013961011608],
      [0.0090716828414, 0.0013906465609, 0.34369001909, 0.2174341192, 0.2807853771, 0.1476281552],
      [0, 0, 0.049824947231, 0.12889008578, 0.79652469371, 0.024760273278],
      [0, 0.0035866219546, 0.76912975875, 0.030963723524, 0.19631989577, 0],
      [0.010247940193, 0.46950679336, 0.046521845426, 0.31472206293, 0.1246039583, 0.034397399786],
      [0.011256287267, 0.018293859052, 0.19740016061, 0.27744209476, 0.29101536017, 0.20459223815],
      [0.078713888901, 0.019761712175, 0.14851717185, 0.16958845349, 0.31207317077, 0.27134560281]
    ],
    [
      [0, 0, 0.037951645482, 0.7054817658, 0.24482180178, 0.011744786933],
      [0, 0, 0.31321170378, 0.28732321926, 0.24090239769, 0.15856267927],
      [0, 0, 0.0606381549, 0.18420208813, 0.72189766749, 0.033262089483],
      [0, 0, 0.77295374069, 0.045049705022, 0.18191544662, 8.1107661998e-05],
      [0, 0, 0.070130849859, 0.6936975133, 0.1744614546, 0.061710182248],
      [0, 0, 0.16951828136, 0.36974362979, 0.23259830321, 0.22813978565],
      [0, 0, 0.14734182447, 0.24722094848, 0.27902613744, 0.3264110896]
    ],
    [
      [0.0057986712358, 0.00028672755296, 0.01822368241, 0.67848978301, 0.28116919444, 0.016031941345],
      [0.034115924958, 0.0059703295984, 0.15908799632, 0.30132654616, 0.29527242138, 0.20422678157],
      [0.0048800808663, 0.0052477806031, 0.020290646367, 0.17477209002, 0.74656747101, 0.048241931135],
      [0.00022390436117, 0.026641844481, 0.55907518746, 0.072715932621, 0.34050000688, 0.00084312420032],
      [0.017658875548, 0.69395064624, 0.0096496671747, 0.19765935167, 0.059005802254, 0.022075657109],
      [0.049780852991, 0.1005985103, 0.069814492632, 0.31433138203, 0.22802671639, 0.23744804566],
      [0.21051431408, 0.063881926378, 0.049794997246, 0.17319394271, 0.22808272036, 0.27453209923]
    ],
    [
      [0.0039217806831, 0, 0.022059774341, 0.71270213534, 0.24977690212, 0.011539407521],
      [0.028660622826, 0.0031185881388, 0.21038765645, 0.32736427302, 0.27371968362, 0.15674917594],
      [0, 0, 0.027475449598, 0.20234734419, 0.73313900099, 0.037038205227],
      [0, 0.014901264604, 0.64844476286, 0.06720494918, 0.2689794562, 0.00046956714803],
      [0.01678442686, 0.64747380476, 0.014573489739, 0.2410656841, 0.061253479163, 0.018849115379],
      [0.048813512768, 0.065198679239, 0.098756809992, 0.36526323612, 0.2273096948, 0.19465806709],
      [0.20314012749, 0.046349573624, 0.07146213737, 0.20876056682, 0.23572925939, 0.2345583353]
    ],
    [
      [0.0079137757657, 0.00019126507585, 0.023881451906, 0.68045026929, 0.26913218413, 0.018431053831],
      [0.042487148096, 0.0057100852179, 0.19460741703, 0.28028723691, 0.2622765133, 0.21463159945],
      [0.012291177591, 0.0045885028913, 0.024654707412, 0.17924279167, 0.71540218788, 0.063820632557],
      [0.0010492108825, 0.024413378158, 0.63182090313, 0.062135406204, 0.27865658626, 0.0019245153683],
      [0.020383366089, 0.72405553317, 0.011427255829, 0.17300364505, 0.049330033051, 0.021800166811],
      [0.063803663307, 0.10141880237, 0.08406473439, 0.29555896023, 0.20115790399, 0.25399593572],
      [0.25256453263, 0.061251460527, 0.057321440282, 0.15568894993, 0.19313881136, 0.28003480527]
    ],
    [
      [0.0038118772464, 0, 0.039082415923, 0.67206017272, 0.27647661326, 0.0085689208456],
      [0.023117764937, 0.0036202722722, 0.31229981821, 0.28210431216, 0.27385682603, 0.10500100639],
      [0, 0, 0.056537847854, 0.17340019542, 0.74703314603, 0.023028810689],
      [0, 0.012907635891, 0.72755401035, 0.0459984414, 0.21345020236, 8.9710001864e-05],
      [0.015409833791, 0.63805910103, 0.025441280881, 0.23663734462, 0.07001474831, 0.01443769137],
      [0.036683053722, 0.073781442312, 0.17119016798, 0.33624895385, 0.24283995842, 0.13925642372],
      [0.17797485185, 0.05689024435, 0.12517783065, 0.20142226158, 0.26361612506, 0.17491868652]
    ],
    [
      [0.0041908562272, 2.6749801592e-05, 0.017342518141, 0.79226763536, 0.17699849155, 0.0091737489267],
      [0.02986651993, 0.0037262247512, 0.17991649237, 0.42378304121, 0.22278500684, 0.1399227149],
      [0.005009447729, 0.0018644616742, 0.025186364851, 0.29158389076, 0.63543076853, 0.040925066452],
      [0.00028545749288, 0.017814915825, 0.62404278352, 0.1018929887, 0.25503501086, 0.00092884359535],
      [0.017987758043, 0.57568291253, 0.013114035918, 0.3236599382, 0.051902916311, 0.017652439006],
      [0.045287602792, 0.070230680086, 0.080242767382, 0.45953308016, 0.1757169727, 0.16898889688],
      [0.20844334598, 0.048176231489, 0.063404219689, 0.27550738528, 0.19270048986, 0.2117683277]
    ],
    [
      [0.005014190735, 6.9745688913e-07, 0.041674908803, 0.81793161124, 0.13284425256, 0.0025343391999],
      [0.032311702529, 0.00013739948192, 0.40613754917, 0.37841724143, 0.14678847442, 0.036207632978],
      [0, 0, 0.12824043229, 0.32034244865, 0.53850125187, 0.01291586719],
      [0, 0.0034533048325, 0.8516099946, 0.050029097234, 0.094742375132, 0.00016522820666],
      [0.027845277718, 0.46173248204, 0.044286135331, 0.41251436284, 0.047223278005, 0.0063984640602],
      [0.062381723366, 0, 0.25772889191, 0.49027571342, 0.13705385722, 0.052559814083],
      [0.30709314403, 0.01384324556, 0.17597222455, 0.28814978364, 0.14868128863, 0.066260313586]
    ],
    [
      [0.0010623259327, 0, 0.023160292914, 0.68314132474, 0.28083273416, 0.011803322249],
      [0.0096557718786, 0.00086492989422, 0.21092615491, 0.31085713305, 0.30687016516, 0.1608258451],
      [0, 0, 0.012202325546, 0.16737345751, 0.79386276571, 0.026561451231],
      [0, 0.0067434477791, 0.63823774248, 0.061734173807, 0.29302880854, 0.00025582738882],
      [0.0091241531615, 0.44022877383, 0.023775228875, 0.37841316504, 0.11741248855, 0.031046190538],
      [0.011445342287, 0.0014038407751, 0.13187966485, 0.36123552741, 0.28783651733, 0.20619910735],
      [0.079358074659, 0.022503864623, 0.084108227582, 0.22633066823, 0.31120233625, 0.27649682865]
    ],
    [
      [0.0045905535022, 0, 0.019330614905, 0.79955681512, 0.17300166751, 0.0035203489668],
      [0.038788599012, 0.00090974754123, 0.21756024496, 0.45130996169, 0.23242599228, 0.059005454514],
      [0, 0, 0.034726542769, 0.29869041887, 0.65237265625, 0.014210382113],
      [8.3112026129e-05, 0.006687401568, 0.67191040104, 0.092290869678, 0.22885190715, 0.00017630854011],
      [0.032264219786, 0.39581694487, 0.021404849646, 0.46715944475, 0.073331532012, 0.010023008933],
      [0.065254641537, 0.024927424954, 0.10984136528, 0.52497033893, 0.19893376683, 0.076072462472],
      [0.29314295, 0.02136540239, 0.079794867304, 0.30336988959, 0.20927485756, 0.093052033156]
    ],
    [
      [0.0034118174102, 2.3470704886e-05, 0.01876146971, 0.8214204517, 0.14646480768, 0.009917982791],
      [0.024381243672, 0.0030129817611, 0.19503761133, 0.44296291296, 0.18355321693, 0.15105203335],
      [0.0047993048815, 0.001364089478, 0.040776285719, 0.3344032796, 0.56939487202, 0.049262168296],
      [0.00016686155967, 0.014156844684, 0.66981053653, 0.10430375276, 0.21082482453, 0.00073717993647],
      [0.01616076774, 0.52573954544, 0.015866802032, 0.37352659449, 0.047674821122, 0.021031469177],
      [0.03726973863, 0.057423706864, 0.090843523421, 0.4849834105, 0.14527164945, 0.18420797113],
      [0.17805295994, 0.040814242877, 0.073582875712, 0.30158994369, 0.16662139667, 0.23933858111]
    ],
    [
      [0.004220704694, 6.7683534235e-05, 0.040329038987, 0.7996098498, 0.15078776175, 0.0049849612307],
      [0.027551517971, 0.0040964216008, 0.36569607281, 0.36620428732, 0.16814147348, 0.068310226819],
      [0.0023347317128, 0.0020389066092, 0.10239685573, 0.29930331894, 0.57161357222, 0.022312614783],
      [0, 0.012069354262, 0.82031020738, 0.052367489425, 0.11501570138, 0.00023724755113],
      [0.0070726088894, 0.843383577, 0.010953959821, 0.1182936958, 0.016741109598, 0.003555048882],
      [0.046126281992, 0.093333160371, 0.18573698355, 0.43896239846, 0.14428008919, 0.091561086437],
      [0.23535083598, 0.06427065916, 0.15124615008, 0.26946311157, 0.16005291077, 0.11961633244]
    ],
    [
      [0.002002402287, 0, 0.056461863032, 0.56183481051, 0.36403625469, 0.015664669482],
      [0.0095239557461, 0.0028579828837, 0.3671980424, 0.18260595183, 0.28639031001, 0.15142375713],
      [0, 0, 0.058609034862, 0.11138486405, 0.80081314319, 0.029192957902],
      [0, 0.010268504396, 0.77427814749, 0.02526586785, 0.1900580887, 0.00012939156108],
      [0.0061574119126, 0.73123125119, 0.02766000418, 0.14597963097, 0.069340334679, 0.019631367074],
      [0.010093542982, 0.061986580454, 0.22014931775, 0.22850949016, 0.2683049768, 0.21095609185],
      [0.083319143427, 0.056235794501, 0.15396058836, 0.13848909778, 0.29607332995, 0.27192204598]
    ],
    [
      [0.0083682064836, 0.00010477824495, 0.012536007306, 0.57041969565, 0.39488753698, 0.013683775333],
      [0.05116095421, 0.0071757368283, 0.11732765906, 0.23868022329, 0.40452334897, 0.18113207765],
      [0, 0.0016327696235, 0.004149145287, 0.10621522859, 0.86103490013, 0.026967956371],
      [0, 0.034681851923, 0.45610097887, 0.054420356647, 0.45444161095, 0.00035520160554],
      [0.017213975975, 0.80512767023, 0.0035077077291, 0.10507347842, 0.056895422088, 0.012181745564],
      [0.066649543868, 0.13654380649, 0.044418651088, 0.23957067167, 0.30996362924, 0.20285369765],
      [0.2981314069, 0.073952306148, 0.027746485116, 0.11522883492, 0.27370128018, 0.21123968674]
    ],
    [
      [0.0019674514092, 0, 0.028419601979, 0.69693124286, 0.26015278053, 0.012528923219],
      [0.01375192083, 0.0024198231688, 0.24283609152, 0.30713040118, 0.27226588887, 0.16159587443],
      [0, 0, 0.032869844405, 0.19044125471, 0.74156637615, 0.035122524734],
      [0, 0.011391801629, 0.67780340754, 0.059299276171, 0.25146619992, 3.9314734342e-05],
      [0.010210146628, 0.57965882667, 0.021658812166, 0.28629809017, 0.077562464022, 0.024611660347],
      [0.022172050965, 0.062269909893, 0.11926138437, 0.35464885227, 0.23399806321, 0.20764973929],
      [0.10395589816, 0.026433467641, 0.11555108089, 0.21972840364, 0.26465564092, 0.26967550874]
    ],
    [
      [0, 0, 0, 0.70154581428, 0.29845418572, 0],
      [0.11733438158, 0, 0, 0.43634947744, 0.44631614097, 0],
      [0, 0, 0, 0.10274709853, 0.89725290147, 0],
      [0.00093627448208, 0, 0, 0.16192501584, 0.83713870967, 0],
      [0.13269931316, 0, 0, 0.65491293049, 0.21238775635, 0],
      [0.07403335672, 0, 0, 0.55664260413, 0.36932403915, 0],
      [0.7192339734, 0, 0, 0.10948054297, 0.17128548363, 0]
    ],
    [
      [0.0030857296461, 0, 0.039114186941, 0.80014441865, 0.14926183786, 0.0083938269074],
      [0.01806249807, 0, 0.35170299825, 0.36756256328, 0.15124320658, 0.11142873383],
      [0, 0, 0.097313426783, 0.29881998907, 0.56457364212, 0.039292942028],
      [3.8451690231e-05, 0.0019394566241, 0.80985758278, 0.060026015765, 0.12737009711, 0.00076839603161],
      [0.027857416309, 0.23603640803, 0.095464989515, 0.54273554547, 0.071044367452, 0.02686127322],
      [0.056208957696, 0, 0.1905641108, 0.45808947075, 0.14197169593, 0.15316576483],
      [0.20661052627, 0.012508999502, 0.14439389025, 0.27761049521, 0.1647792046, 0.19409688417]
    ],
    [
      [0.0094186200727, 1.8927889704e-06, 0.029954817032, 0.62100778415, 0.33410631439, 0.0055105715675],
      [0.039152119793, 0, 0.26710928612, 0.25056019839, 0.37115335648, 0.072025039222],
      [0, 0, 0.017977754622, 0.12556717322, 0.84305844445, 0.013396627699],
      [0.00017222214655, 0.011927845757, 0.71945580406, 0.033260746827, 0.2350207725, 0.00016260871121],
      [0.01877527363, 0.80669958563, 0.0087696681557, 0.10996893548, 0.050844030596, 0.0049425065022],
      [0.091274399413, 0.083461874449, 0.1273008605, 0.29348609032, 0.30785339399, 0.096623381336],
      [0.40072883214, 0.0065941663668, 0.082292790443, 0.13699729976, 0.27636215531, 0.097024755981]
    ],
    [
      [0, 2.6319351456e-06, 0, 0.90902587219, 0.090971495872, 0],
      [0, 0.11741561142, 0, 0.71535674512, 0.16722764347, 0],
      [1.6948183511e-32, 0.16813331918, 0, 0.31217479619, 0.51969188463, 0],
      [0, 0.14227953705, 0, 0.31430004199, 0.54342042096, 0],
      [0, 0.98082533652, 0, 0.019174663477, 0, 0],
      [0, 0.27994348309, 0, 0.61358745773, 0.10646905917, 0],
      [1.3877787808e-16, 0.23214207401, 0, 0.53102800602, 0.23682991997, 0]
    ],
    [
      [0.0017901636316, 0, 0.0027076361527, 0.85953953888, 0.13071823988, 0.0052444214593],
      [0.01004226573, 0, 0.034268220282, 0.62240033178, 0.22058438817, 0.11270479404],
      [0, 0, 0, 0.37971960709, 0.59532223668, 0.024958156224],
      [0, 0, 0.30264186205, 0.25118969775, 0.44553669022, 0.00063174998544],
      [0.021851674409, 0, 0.0059727618148, 0.85133517941, 0.095020453042, 0.025819931327],
      [0.029164012732, 0, 0.020189009445, 0.64194934322, 0.17357279698, 0.13512483762],
      [0.16335602, 0, 0.016576734294, 0.42276179222, 0.20840535363, 0.18890009985]
    ],
    [
      [0.0032955030098, 0, 0.0094391924796, 0.7245628316, 0.24567950091, 0.017022972001],
      [0.022384748885, 0, 0.095567311793, 0.34366771174, 0.28697823666, 0.25140199092],
      [0, 0, 0.012318781542, 0.19726983949, 0.73921457875, 0.051196800223],
      [0.0001513837014, 0, 0.48148817222, 0.1023539055, 0.41478342756, 0.0012231110234],
      [0.036455254787, -0, 0.017477070457, 0.69094016804, 0.17391781288, 0.081209693831],
      [0.035161540213, 0, 0.043130790762, 0.37857118667, 0.23235988752, 0.31077659484],
      [0.16033617616, 0, 0.036649686212, 0.20611532274, 0.2336356, 0.36326321489]
    ],
    [
      [0.010056407756, 0, 0.10944843356, 0.82190196915, 0, 0.058593189526],
      [0.035218213596, 0, 0.51307087678, 0.092444954372, 0, 0.35926595525],
      [0.043738172291, 0, 0.29528060419, 0.24714106485, 0, 0.41384015866],
      [1.7997774011e-05, 0, 0.99648826136, 0.0033249119414, 0, 0.00016882892826],
      [0.09042598832, -0, 0.16792344994, 0.5082902061, 0, 0.23336035565],
      [0.059275651964, 0, 0.241988412, 0.13860920866, 0, 0.56012672738],
      [0.25809720586, 0, 0.11969963288, 0.0091742141387, 0, 0.61302894713]
    ],
    [
      [0, 0, 0, 0.75391238222, 0.24608761778, 0],
      [0, 0, 0, 0.45594140731, 0.54405859269, 0],
      [0, 0, 0, 0.12523906367, 0.87476093633, 0],
      [0, 0, 0, 0.1639618042, 0.8360381958, 0],
      [0, -0, 0, 0.7796590801, 0.2203409199, 0],
      [0, 0, 0, 0.59331753742, 0.40668246258, 0],
      [0, 0, 0, 0.40025858988, 0.59974141012, 0]
    ],
    [
      [2.2399890417e-19, 7.3515944543e-33, 0.013563292385, 0.62993108433, 0.34293797293, 0.013567650355],
      [5.2266410973e-20, 2.9866520556e-20, 0.1298167912, 0.27353430965, 0.39885285509, 0.19779604405],
      [3.0744947631e-20, 8.2832935828e-17, 0.0041153581859, 0.11854766862, 0.8528571964, 0.024479776793],
      [0, 0, 0.49867930521, 0.065045349651, 0.43627534514, 0],
      [0, 0, 0.027871841991, 0.6421034642, 0.25615888766, 0.073865806144],
      [0, 0, 0.05646376525, 0.31992265746, 0.36377349094, 0.25984008635],
      [0, 6.2410223108e-17, 0.052494020184, 0.20624483731, 0.38261009608, 0.35865104643]
    ],
    [
      [0, 0.0099281824302, 0.014104774714, 0.77270552299, 0.17996420593, 0.023297313942],
      [0, 0.040585723256, 0.14583117466, 0.3356445184, 0.17393614335, 0.30400244033],
      [0, 0.057483266619, 0.015260312492, 0.24114290935, 0.5972309716, 0.088882539937],
      [0, 0.060942654654, 0.61958003219, 0.081502789375, 0.23622580099, 0.0017487227932],
      [0, 0.91134471429, 0.0015401808971, 0.068882577621, 0.0078713407716, 0.010361186418],
      [0, 0.20767887268, 0.053041437429, 0.30828977314, 0.11772488481, 0.31326503195],
      [0, 0.15065525157, 0.047827001208, 0.20230269058, 0.15595867972, 0.44325637692]
    ],
    [
      [5.5511151231e-17, 1.7783067875e-06, 0.12656746224, 0.68665384035, 0.16703376583, 0.019743153279],
      [0, 0.0019982961057, 0.62379140947, 0.14450515374, 0.091163310947, 0.13854182973],
      [0, 0, 0.29248941283, 0.17182304193, 0.47433332439, 0.061354220847],
      [0, 0.0004232379581, 0.96288596233, 0.0099425910332, 0.026748208678, 0],
      [0, 0.73690830456, 0.071228496618, 0.1503976382, 0.019419772108, 0.022045788506],
      [2.2648936146e-32, 0.0247561029, 0.47139835107, 0.21457231393, 0.055302277162, 0.23397095494],
      [4.6222318665e-33, 0.034721985745, 0.39036697397, 0.1410092269, 0.089246840663, 0.34465497272]
    ],
    [
      [0.0076209978733, 0, 0.019563895073, 0.667980737, 0.29112854691, 0.013705823137],
      [0.046210858096, 0.0026336498611, 0.16849537736, 0.29684271323, 0.30928928348, 0.17652811798],
      [0.000332114587, 0, 0.014087529595, 0.16927952612, 0.77632499154, 0.039975838155],
      [0.00032058109199, 0.01610624146, 0.57246197853, 0.068663394005, 0.34176654791, 0.00068125700942],
      [0.030642591174, 0.60283846734, 0.012913594602, 0.24962050637, 0.079634315646, 0.024350524869],
      [0.085793735725, 0.050714339241, 0.074208344486, 0.3226474555, 0.25277816707, 0.21385795798],
      [0.28262244701, 0.039176707759, 0.050828168442, 0.16523536531, 0.23183746767, 0.23029984381]
    ],
    [
      [0.003971024144, 0, 0.02327148304, 0.76138317364, 0.20100967317, 0.010364646009],
      [0.026075941572, 0.0032568723567, 0.21992379642, 0.37340218211, 0.23190991971, 0.14543128784],
      [0.0031797119762, 0.00055906071091, 0.03972459673, 0.25315443922, 0.66331210954, 0.040070081825],
      [0.00012164693629, 0.014284155296, 0.67163617356, 0.078817616146, 0.23455401342, 0.00058639464015],
      [0.016847468525, 0.58337205406, 0.017351404619, 0.30495292897, 0.057920459872, 0.019555683947],
      [0.040705055287, 0.066221605083, 0.10432632352, 0.41731098261, 0.19049612827, 0.18093990523],
      [0.18922694249, 0.045291258147, 0.081569331256, 0.24945623137, 0.20775356049, 0.22670267625]
    ],
    [
      [0, 0, 0.0084317127201, 0.81539177477, 0.1733205139, 0.0028559986126],
      [0, 0, 0.12160848195, 0.53264803474, 0.28742184712, 0.058321636189],
      [0, 0, 0.014267078157, 0.25204455438, 0.72837630108, 0.0053120663908],
      [0, 0, 0.53256657353, 0.13025766946, 0.33694315011, 0.00023260689052],
      [0, 0, 0.016479127967, 0.83142765473, 0.13821816901, 0.013875048292],
      [0, 0, 0.056479267553, 0.61453717458, 0.25369929215, 0.075284265716],
      [0, 0, 0.056784652472, 0.470105405, 0.34702459552, 0.12608534701]
    ],
    [
      [0, 0, 0, 0.71365664348, 0.24110151329, 0.045241843234],
