{
  "Z_true": {},
  "V_true": [
    [775, 165, 1424, 87],
    [713, 297, 13845, 533],
    [192, 10598, 895, 496],
    [47, 198, 865, 229],
    [116, 946, 940, 859]
  ],
  "p_true": [
    [0.3162, 0.0673, 0.581, 0.0355],
    [0.0463, 0.0193, 0.8997, 0.0346],
    [0.0158, 0.87, 0.0735, 0.0407],
    [0.0351, 0.1479, 0.646, 0.171],
    [0.0405, 0.3307, 0.3286, 0.3002]
  ],
  "Z_est": [
    [
      [11.9282, 12.7889, 11.1812, 19.1467, 13.0406, 15.9538, 0, 13.4273, 14.7563, 20.3354, 26.7376, 14.2201, 7.1271, 34.7065, 6.1382, 2.9292, 1.2635, 1.8322, 24.1207, 5.0674, 20.0368, 9.5926, 0.5957, 5.4536, 5.5291, 2.3668, 6.7683, 80.6735, 21.6243, 40.2132, 42.9399, 19.5169, 9.4701, 3.0042, 33.8505, 0.6203, 27.6046, 2.022, 5.8173, 10.4678, 3.0008, 125.6278, 47.2583, 13.0058, 7.8523, 7.2556, 3.0535, 8.4682, 82.3243, 16.0336, 88.0504, 13.231],
      [2.8878, 4.1803, 1.3161, 7.6159, 7.207, 4.4851, 0.3995, 4.3142, 9.6401, 9.3545, 17.8745, 5.0871, 2.7222, 15.025, 1.1392, 0.3463, 0.8527, 0.7744, 7.1756, 2.1529, 6.3264, 2.3234, 0.0452, 1.6019, 1.0786, 0.6357, 3.827, 14.9919, 5.3928, 9.6306, 12.4221, 11.6118, 2.1353, 1.1047, 16.2968, 0.1551, 11.739, 0.5251, 4.8189, 3.9948, 1.8478, 31.9598, 6.2772, 8.7154, 3.3678, 0.7955, 3.1738, 2.2317, 31.7782, 6.2074, 20.7939, 5.8662],
      [14.0816, 17.8853, 8.6521, 21.9529, 18.0528, 18.7559, 2.4048, 11.0419, 7.2925, 15.2222, 31.3631, 12.5247, 9.287, 29.7716, 3.3583, 2.7245, 1.7769, 2.12, 17.7075, 6.3878, 13.2233, 4.0476, 0.3299, 3.8747, 2.7802, 2.5122, 3.8434, 59.8223, 16.684, 54.7546, 31.2265, 23.2119, 4.2503, 1.7867, 37.0915, 0.1893, 21.2766, 1.3811, 13.7909, 9.0735, 2.4877, 120.3047, 51.3233, 6.105, 10.0538, 5.2636, 13.1746, 10.2522, 77.8943, 15.1935, 48.7772, 17.1102],
      [3.1308, 3.1684, 1.8506, 3.2181, 2.6996, 3.8053, 1.1957, 3.2167, 1.3111, 4.0879, 5.0248, 2.168, 1.8638, 5.4969, 1.3398, 0, 1.1295, 0.2734, 2.9437, 1.3919, 2.4135, 1.0363, 0.0292, 1.0542, 0.612, 0.4854, 1.5613, 9.8053, 3.3326, 7.4016, 6.2579, 3.6594, 1.1689, 0.1044, 4.7612, 0.0353, 3.3799, 0.0718, 1.5729, 2.4944, 0.6637, 14.3955, 7.3144, 3.1738, 1.7261, 0.6854, 1.6158, 2.048, 10.0032, 2.5655, 11.7642, 1.7926]
    ],
    [
      [8.1408, 5.2456, 11.1917, 6.9503, 4.1303, 5.9632, 0, 4.1274, 3.9611, 6.513, 7.0753, 4.7041, 2.5017, 9.855, 1.4859, 1.0886, 0.2576, 0.521, 8.94, 1.5737, 7.725, 5.7929, 1.0764, 3.0206, 3.2325, 0.7001, 1.482, 37.3266, 10.5983, 12.8946, 13.5607, 3.746, 4.5918, 0.8429, 12.7783, 0.519, 9.2636, 0.9385, 1.4757, 3.2888, 0.7886, 34.138, 13.4331, 2.3316, 2.8678, 6.1767, 0.9404, 4.7534, 27.0667, 4.433, 32.345, 2.2296],
      [6.6018, 4.249, 4.3589, 12.9438, 16.78, 3.9576, 0.0094, 3.737, 23.4181, 16.03, 26.5136, 8.5452, 4.4194, 23.0586, 0.1775, 0.0918, 0.0966, 0.5193, 7.902, 2.718, 9.9575, 5.4503, 1.0906, 3.899, 1.942, 0.3112, 3.66, 11.5741, 9.9337, 4.6911, 7.7287, 4.7923, 4.8472, 1.4395, 52.9731, 0.5516, 31.0599, 1.0016, 5.9641, 4.8604, 2.4452, 9.9601, 0.5231, 3.2523, 4.9603, 3.9361, 2.2221, 8.7463, 40.0737, 3.3521, 15.6725, 0.8136],
      [483.7387, 331.7204, 344.8904, 412.761, 383.9634, 306.0523, 17.3129, 179.0153, 200.7823, 290.2524, 565.5205, 247.0902, 206.5126, 535.9452, 21.1448, 13.8197, 9.9928, 20.7307, 254.2625, 120.8869, 249.989, 96.5177, 26.1553, 86.7258, 64.361, 16.3506, 78.9562, 842.3653, 370.3122, 458.6532, 350.2565, 157.5839, 129.0167, 34.9581, 829.9258, 7.5914, 495.6398, 24.6549, 164.4581, 157.5809, 44.1791, 762.3571, 229.9202, 73.9072, 190.0177, 199.9688, 162.1697, 343.8681, 1111.0432, 149.2121, 704.6501, 58.2203],
      [46.0012, 27.0066, 26.559, 25.758, 25.1264, 28.0273, 4.678, 21.1206, 10.8385, 29.2046, 36.8906, 16.6605, 18.5665, 38.1413, 3.1386, 0, 2.712, 1.2289, 16.605, 11.8219, 16.3285, 7.2386, 0.6778, 9.2212, 4.464, 1.6381, 9.9017, 54.4102, 28.4564, 33.7614, 27.7935, 12.8778, 10.7603, 0.7595, 42.3227, 0.338, 28.0368, 0.405, 10.1021, 17.4845, 4.5871, 45.384, 18.5156, 10.509, 14.1538, 8.9187, 10.8172, 29.6326, 58.8161, 11.0028, 61.1856, 3.7364]
    ],
    [
      [2.6814, 1.9792, 2.5503, 3.2206, 2.2283, 3.0445, 0, 3.2255, 4.0931, 4.1774, 5.0011, 2.8873, 1.4949, 7.4432, 0.7814, 0.4449, 0.2169, 0.2251, 5.2054, 1.1284, 4.6582, 2.6857, 0.2537, 0.8856, 1.7011, 0.9332, 1.881, 18.294, 5.0123, 8.3736, 7.9708, 4.881, 3.4928, 1.2514, 4.9771, 0.2157, 5.6798, 0.4612, 0.8063, 2.346, 0.6674, 25.9897, 9.0381, 3.3891, 1.2166, 2.0654, 0.3392, 1.5606, 14.9245, 3.0654, 22.5671, 3.1418],
      [116.5774, 116.4979, 54.8388, 279.9189, 356.3315, 167.8951, 2.3864, 174.178, 409.3182, 333.1693, 708.0368, 238.8439, 156.656, 663.9453, 10.5203, 5.212, 9.6716, 14.8533, 193.6874, 108.3539, 225.6228, 66.4072, 7.8027, 42.35, 39.0093, 17.0531, 168.5977, 383.8644, 240.7704, 262.1384, 247.2396, 255.7459, 152.4888, 70.011, 739.2389, 6.6962, 605.5809, 18.3236, 147.7019, 153.9353, 64.9994, 565.4953, 81.0342, 165.3688, 108.8835, 87.9298, 58.4367, 171.669, 897.7116, 123.7721, 614.429, 82.1765],
      [16.1139, 11.9777, 4.5482, 20.145, 30.7948, 25.9718, 2.1255, 16.7367, 14.7918, 11.4587, 44.7389, 16.2848, 19.9373, 40.8255, 0.2224, 0.343, 0.685, 0.7594, 11.7468, 12.988, 10.5435, 1.3456, 0.8205, 1.0079, 1.7166, 3.1372, 5.8406, 38.6313, 18.5456, 34.4818, 12.0616, 14.4579, 9.2003, 6.643, 39.96, 0.0746, 30.2426, 1.18, 14.6632, 10.7554, 3.0861, 37.6157, 9.5354, 3.2513, 6.2426, 13.4788, 7.3578, 22.758, 57.8181, 8.9501, 39.2184, 5.4119],
      [7.0009, 4.2321, 3.0626, 3.5505, 4.6454, 7.088, 1.4878, 6.8594, 1.7968, 5.1946, 6.2232, 2.984, 4.9113, 7.786, 0.5803, 0, 1.3223, 0.1623, 2.7779, 3.5291, 2.1756, 0.562, 0.1231, 0.9242, 0.5737, 0.8766, 3.6808, 10.8098, 5.2542, 8.0057, 4.7717, 3.9152, 2.505, 0.0945, 3.824, 0.0134, 3.4966, 0.0352, 1.8286, 4.6502, 1.2471, 9.5425, 5.7148, 3.9908, 1.6578, 1.5255, 1.6576, 6.0119, 7.5463, 2.2124, 15.0718, 1.2698]
    ],
    [
      [1.673, 1.3013, 1.0639, 2.1742, 0.9574, 1.6662, 0, 1.1157, 0.3043, 2.2275, 2.3002, 1.5438, 0.6428, 2.7617, 0.2641, 0.1587, 0.1521, 0.07, 1.8945, 0.4582, 2.4368, 1.3413, 0, 0.2613, 0.8807, 0, 0.6724, 9.4552, 2.5497, 3.5006, 3.5162, 0.8773, 1.3438, 0.0614, 2.9444, 0.2005, 2.2502, 0.2461, 0.4025, 1.2126, 0.1593, 8.4562, 2.4539, 0.6496, 1.0728, 1.1087, 0.3294, 0.9301, 8.0566, 1.4197, 4.6734, 0.3322],
      [4.111, 2.7779, 1.6598, 4.138, 1.8022, 2.0089, 0.077, 1.3234, 0.4447, 3.4136, 4.9157, 2.2259, 1.12, 4.1696, 0.1279, 0.1121, 0.2308, 0.0677, 1.6726, 0.801, 2.7474, 1.5986, 0, 0.4694, 1.009, 0, 1.3616, 7.3098, 2.7222, 3.223, 2.7946, 1.0387, 1.5407, 0.0254, 5.0299, 0.336, 3.5607, 0.3476, 0.628, 1.762, 0.2525, 5.8013, 1.2547, 0.8497, 3.2101, 1.1287, 0.673, 1.6815, 9.3232, 1.4138, 3.3609, 0.1074],
      [31.3686, 21.6649, 11.531, 33.7297, 16.8574, 20.0905, 0.5713, 11.4657, 3.3655, 24.7006, 40.1069, 19.4149, 10.8612, 34.1729, 1.0852, 0.7292, 1.7218, 0.675, 15.4139, 7.3984, 22.3712, 8.7818, 0, 2.3632, 6.5353, 0, 8.1553, 69.9791, 25.6331, 32.3956, 25.2899, 9.4343, 11.8883, 0.8224, 44.2118, 1.2661, 28.5657, 2.2247, 13.3276, 14.4134, 1.9367, 55.2417, 12.2907, 5.4084, 20.6849, 12.1895, 19.3047, 17.156, 84.9943, 12.8235, 30.2631, 2.8792],
      [9.8891, 6.2751, 3.7453, 7.8968, 4.383, 6.2344, 0.3517, 4.0952, 0.8855, 7.6583, 9.6772, 4.8154, 3.3761, 8.8958, 0.5188, 0, 0.9089, 0.1874, 3.9957, 2.3424, 5.4446, 2.2782, 0, 0.921, 1.575, 0, 2.8107, 17.4405, 7.1222, 8.8808, 7.3349, 2.6497, 3.2532, 0.0908, 9.8139, 0.1974, 6.6234, 0.1816, 2.642, 4.6378, 0.6515, 13.5826, 4.031, 2.0922, 5.0321, 2.5731, 3.7133, 5.2324, 18.6259, 3.343, 9.8122, 0.6812]
    ],
    [
      [2.5765, 2.685, 3.0129, 3.5082, 1.6435, 2.3722, 0, 2.1042, 1.8851, 3.7466, 3.8858, 2.6447, 1.2335, 5.2336, 1.3305, 0.3787, 0.1099, 0.3517, 3.8393, 0.7722, 4.1432, 2.5874, 0.0742, 1.3788, 1.6565, 0, 1.1963, 12.2508, 4.2154, 5.0179, 8.0123, 1.9788, 2.1015, 0.8401, 4.4496, 0.4444, 4.2019, 0.3322, 0.4982, 1.6848, 0.384, 15.7883, 6.8166, 1.6239, 1.9906, 1.3936, 0.3376, 1.2878, 11.6279, 2.0483, 14.364, 1.0654],
      [6.8219, 4.2949, 2.8264, 9.3835, 5.8793, 2.6533, 0.1277, 3.4474, 12.1789, 17.0326, 20.6594, 7.2979, 3.0824, 16.8015, 1.0351, 0.2377, 0.1484, 0.7853, 6.5623, 1.9743, 10.3459, 6.2205, 0.0615, 3.6797, 2.9611, 0, 6.5538, 13.2599, 7.1809, 4.3169, 10.8149, 4.8113, 3.9879, 3.4193, 25.4613, 1.2611, 21.0596, 0.802, 1.8871, 4.4475, 1.4551, 13.7835, 3.9108, 4.8139, 7.5783, 1.21, 1.4944, 2.6714, 28.1134, 3.2546, 13.7437, 1.0363],
      [48.6972, 55.7518, 40.3782, 62.4114, 41.3317, 37.1295, 1.5854, 25.7404, 23.7678, 43.3662, 84.2706, 40.6854, 31.4019, 78.2848, 5.1894, 1.3836, 0.8235, 4.7149, 29.8692, 17.3389, 39.8731, 14.3073, 0.6944, 14.0284, 11.6069, 0, 15.2044, 84.2019, 48.825, 48.7147, 59.1656, 22.312, 18.6444, 8.7897, 76.8109, 1.8785, 62.2752, 2.5593, 12.7602, 19.1768, 5.3103, 91.4808, 31.9303, 11.328, 44.0009, 18.0993, 16.9932, 28.9657, 129.2501, 16.8207, 94.0912, 8.3784],
      [24.978, 19.3177, 15.7825, 18.5767, 14.1455, 14.845, 1.2869, 12.7081, 8.1681, 21.8546, 27.1842, 12.372, 11.2822, 26.6801, 3.4225, 0, 0.9273, 1.1481, 10.6777, 6.9147, 12.6378, 5.8849, 0.1699, 6.8795, 3.7754, 0, 9.0455, 29.5342, 17.8346, 17.9505, 21.8421, 8.8979, 7.3126, 0.9508, 25.2781, 0.416, 19.4633, 0.3065, 4.8545, 10.7331, 2.8506, 29.0954, 11.4242, 9.2342, 13.4302, 4.2972, 6.196, 13.0752, 38.0085, 6.8763, 38.1662, 2.5199]
    ]
  ],
  "V_est": [
    [1020.0301, 338.2222, 935.4539, 158.3018],
    [360.5842, 429.8129, 13617.9613, 984.3224],
    [216.7543, 10993.3761, 773.2288, 190.7625],
    [86.5246, 103.761, 909.7564, 239.4002],
    [159.1068, 338.8277, 1732.5996, 631.2131]
  ],
  "p_est": [
    [0.416, 0.1379, 0.3815, 0.0646],
    [0.0234, 0.0279, 0.8847, 0.0639],
    [0.0178, 0.903, 0.0635, 0.0157],
    [0.0646, 0.0775, 0.6792, 0.1787],
    [0.0556, 0.1184, 0.6054, 0.2206]
  ],
  "EI_Z": {},
  "EI_V": 7.0842,
  "MAE_Z": {},
  "MAE_V": 242.4208,
  "MAE_p": 0.0635,
  "runtime": 102.53
}
