{
  "Z_true": {},
  "V_true": [
    [3, 21, 199, 984, 15],
    [485, 508, 694, 196, 29],
    [820, 5253, 2419, 964, 263],
    [110, 107, 8125, 12513, 243],
    [95, 249, 712, 594, 429]
  ],
  "p_true": [
    [0.0025, 0.0172, 0.1628, 0.8052, 0.0123],
    [0.2537, 0.2657, 0.363, 0.1025, 0.0152],
    [0.0844, 0.5405, 0.2489, 0.0992, 0.0271],
    [0.0052, 0.0051, 0.3851, 0.5931, 0.0115],
    [0.0457, 0.1198, 0.3425, 0.2857, 0.2063]
  ],
  "Z_est": [
    [
      [0.0601, 0.0343, 0.0029, 0.143, 0.1773, 0.0286, 0.1258, 0.0601, 0.0887, 0.1115, 0.0257, 0.0744, 0.1001, 0.0801, 0.1516, 0.0486, 0.326, 0.2888, 0.501, 0.2002, 0.1573, 0.163, 0.0429, 0.0658, 0.1115, 0.0658, 0.0458, 0.0343, 0.0372, 0.0972, 0.0972, 0.0257, 0.3003, 0.0915, 0.6291, 0.2231],
      [0.003, 0.0008, 0.0526, 0.0059, 0.0101, 0.0037, 0.009, 0.005, 0.0051, 0.0056, 0.0007, 0.0049, 0.0032, 0.0049, 0, 0.0026, 0.0132, 0.008, 0.0003, 0.0066, 0.0055, 0.006, 0.002, 0.004, 0.0055, 0.0037, 0.0026, 0.002, 0.0022, 0.0038, 0.0038, 0.004, 0.0122, 0.0035, 0.0196, 0.0081],
      [1.908, 0.267, 0.2174, 8.5687, 12.5266, 4.7337, 13.4317, 7.7767, 11.2464, 11.0855, 2.3578, 10.9076, 4.6129, 2.679, 2.1256, 3.1397, 6.6139, 7.2164, 0.314, 10.5541, 6.9556, 12.1723, 4.3714, 9.0168, 14.8289, 7.4254, 5.8929, 6.8831, 6.4726, 8.6703, 11.5926, 3.1359, 28.3537, 2.0794, 23.62, 16.2689],
      [10.029, 1.6979, 4.7272, 35.2825, 49.2859, 11.2341, 73.4334, 23.1582, 34.6598, 61.7974, 3.6158, 26.0132, 8.2838, 10.2361, 8.7229, 10.8091, 23.0469, 20.4868, 1.1848, 17.2391, 14.8817, 47.6587, 8.5837, 31.9135, 53.054, 33.5051, 20.0588, 11.0806, 21.488, 30.2286, 25.3064, 5.8343, 88.3338, 8.8255, 60.7313, 30.5],
      [0, 0, 0, 0, 0, 0, 0, 0, 0, 0, 0, 0, 0, 0, 0, 0, 0, 0, 0, 0, 0, 0, 0, 0, 0, 0, 0, 0, 0, 0, 0, 0, 0, 0, 0, 0]
    ],
    [
      [13.0099, 7.0799, 0.8006, 28.4247, 34.7605, 8.006, 27.3652, 14.0021, 19.2406, 26.8544, 5.4339, 14.2649, 20.691, 19.8271, 31.3109, 10.5673, 74.7005, 56.6539, 0.748, 46.3431, 37.6172, 33.5055, 6.9895, 16.3397, 25.1181, 14.6033, 9.5225, 8.5682, 8.6207, 20.8865, 25.1034, 2.9922, 74.2275, 17.3088, 117.9745, 46.0193],
      [0.7676, 0.398, 0.3294, 1.5351, 1.8478, 1.8064, 1.6204, 0.8813, 1.1371, 1.7341, 0.3127, 0.7391, 1.1656, 1.3077, 1.7626, 0.6254, 4.6338, 3.0134, 0.0284, 2.8997, 2.4164, 1.8763, 0.2843, 1.0803, 1.5351, 0.8813, 0.5401, 0.5686, 0.5401, 1.2224, 1.7057, 0.1137, 4.8897, 0.8813, 5.9415, 2.587],
      [8.9419, 6.0501, 1.0017, 24.0402, 28.3917, 13.4703, 28.0144, 16.1166, 19.6223, 30.5234, 5.1468, 10.996, 16.1921, 24.2187, 28.3688, 9.7007, 82.2731, 45.2101, 0.2235, 40.4623, 34.488, 30.6182, 2.7262, 20.58, 27.3468, 15.5154, 8.9373, 10.8632, 9.8391, 20.891, 31.0725, 0.8941, 87.6145, 12.2345, 82.7009, 41.1823],
      [4.2806, 0.472, 0.8683, 0, 0, 3.7824, 0, 0, 0, 1.8881, 0.1066, 0, 2.9513, 0.6466, 0.5577, 1.1065, 1.3926, 1.1226, 0, 12.2949, 10.4783, 0, 0, 0, 0, 0, 0, 0, 0, 0, 2.1184, 0, 5.2684, 0.5755, 2.383, 1.2114],
      [0, 0, 0, 0, 0, 0.9349, 0, 0, 0, 0, 0, 0, 0, 0, 0, 0, 0, 0, 0, 0, 0, 0, 0, 0, 0, 0, 0, 0, 0, 0, 0, 0, 0, 0, 0, 0]
    ],
    [
      [7.8064, 3.4204, 0.1907, 18.738, 26.6973, 1.9065, 16.2499, 6.8142, 11.4883, 11.8045, 3.0209, 11.5077, 12.5097, 7.928, 21.2256, 6.284, 38.3025, 41.1021, 1.2008, 23.0447, 16.9018, 20.2178, 5.7056, 6.4592, 13.5408, 8.1955, 6.3375, 3.3269, 4.2656, 12.8161, 8.5993, 5.2237, 29.8542, 11.0085, 70.6342, 25.5863],
      [96.9016, 24.5127, 18.4199, 187.8235, 326.0416, 116.7919, 289.4347, 161.5685, 165.2991, 180.6481, 21.613, 155.8513, 101.4867, 156.3859, 240.4172, 83.091, 414.604, 254.1157, 9.619, 209.3813, 173.9861, 193.4621, 64.1403, 128.4809, 177.8573, 117.717, 82.1797, 63.2154, 71.2168, 122.359, 119.8825, 111.9233, 384.6678, 109.5323, 621.8149, 247.4807],
      [12.3419, 6.4126, 1.9983, 64.384, 99.1121, 37.6587, 92.7164, 60.5425, 70.0985, 88.8236, 9.344, 51.2048, 39.2721, 61.9617, 50.2909, 28.7105, 123.725, 103.0941, 2.845, 80.1976, 56.2079, 76.4616, 22.8275, 51.6595, 80.8586, 48.2325, 35.2064, 41.2937, 35.5447, 53.504, 81.4048, 22.1571, 126.0761, 31.4696, 195.718, 69.306],
      [5.504, 0.8189, 3.3912, 24.8232, 46.3944, 16.0383, 34.2673, 23.1401, 40.7536, 23.0981, 1.0221, 8.5787, 37.053, 4.3836, 3.7815, 25.806, 9.4417, 7.6112, 0.2168, 12.2838, 16.7723, 14.2844, 0, 13.5523, 10.7561, 16.5697, 11.2958, 0, 13.3477, 25.8142, 16.8166, 1.5656, 0, 3.9019, 30.0462, 8.2133],
      [6.4461, 3.8354, 0, 21.2313, 34.7547, 13.6046, 31.3316, 22.9347, 15.3604, 28.6257, 0, 11.8575, 10.6784, 12.3408, 16.2849, 8.1084, 23.9269, 21.077, 1.1185, 9.0925, 16.132, 17.5741, 5.3266, 10.8482, 14.9873, 17.2853, 6.9805, 8.1641, 7.6252, 7.5066, 10.2969, 20.1303, 34.4019, 13.0876, 69.7868, 18.4137]
    ],
    [
      [0.1236, 1.4654, 0.0059, 2.6943, 0.3649, 0.0589, 0.259, 0.1236, 0.1825, 0.2296, 0.053, 0.153, 1.6992, 0.1648, 0.312, 0.1001, 0.671, 2.9551, 1.5502, 0.412, 0.3237, 3.1137, 2.262, 0.1354, 0.2296, 0.1354, 0.0942, 0.0706, 0.0765, 0.2001, 0.2001, 0.7584, 0.618, 3.5912, 30.7621, 6.1713],
      [0, 0.0734, 0, 0.5202, 0.9008, 0.3258, 1.758, 0.4463, 0.4572, 0.501, 0.0602, 2.3082, 0.282, 1.205, 0, 0.23, 8.4893, 0.7064, 0.3462, 0.5832, 0.4846, 0.5366, 1.5333, 0.3559, 0.4928, 0.3258, 0.2273, 0.1752, 0.1971, 0.3395, 0.334, 17.8801, 7.1893, 4.5131, 6.8387, 12.7646],
      [43.8621, 19.174, 4.5234, 199.0309, 228.8155, 107.8014, 273.0119, 187.9652, 251.0698, 263.9841, 10.1472, 179.0016, 106.1903, 90.3011, 74.0917, 73.5099, 202.52, 151.9962, 9.1887, 262.0481, 166.6428, 329.5851, 128.7567, 231.656, 434.0137, 174.8607, 164.6584, 210.1868, 184.6992, 226.9863, 315.7679, 200.5333, 813.8942, 133.5257, 556.431, 389.0248],
      [68.0143, 30.8463, 5.4707, 406.3053, 466.0158, 204.7225, 550.3169, 391.6638, 484.2905, 439.2853, 24.7395, 321.5372, 187.8285, 163.3291, 139.5963, 133.1601, 350.3197, 280.3423, 7.4643, 465.9567, 374.5489, 831.7646, 184.448, 505.8527, 988.2639, 329.1849, 338.0202, 406.054, 440.0271, 513.4741, 614.698, 54.4148, 1383.2984, 145.3341, 988.8722, 295.0393],
      [0, 2.4409, 0, 2.4493, 1.903, 0.0914, 2.6543, 5.8011, 0, 0, 0, 0, 0, 0, 0, 0, 0, 0, 0.4506, 0, 0, 0, 0, 0, 0, 1.4932, 0, 1.5134, 0, 0, 0, 12.4134, 0, 3.0359, 14.096, 0]
    ],
    [
      [0, 0, 0, 0, 0, 0, 0, 0, 0, 0, 0.4664, 0, 0, 0, 0, 0, 0, 0, 0, 0, 0, 0, 0, 0, 0, 0, 0, 0, 0, 0, 0, 0, 0, 0, 0, 0],
      [0.3278, 0.0152, 0.1981, 0.1153, 0.1997, 0.0722, 0.1778, 0.0989, 0.1014, 0.1111, 0.0134, 0.0965, 0.0625, 0.0965, 0.8203, 0.051, 0.2598, 0.1566, 0.0061, 0.1293, 0.1074, 0.119, 0.0401, 0.0789, 0.1092, 0.0722, 0.0504, 0.0388, 0.0437, 0.0753, 0.074, 0.0789, 0.2409, 0.0698, 0.3854, 0.1596],
      [11.9462, 2.0963, 1.2592, 40.9762, 64.1541, 32.336, 63.8257, 49.5989, 47.963, 64.5834, 4.0043, 40.8901, 24.7326, 26.8396, 50.123, 14.9392, 67.868, 57.4832, 0.4288, 43.7378, 23.7057, 55.1628, 22.3182, 40.0877, 56.952, 40.9659, 29.3049, 15.7732, 31.4444, 48.9483, 40.1622, 44.2796, 118.0616, 29.6908, 119.5301, 44.2181],
      [4.172, 0.1648, 0.5427, 5.5891, 22.3038, 15.2227, 16.9824, 19.0379, 8.2961, 20.9312, 0.5159, 9.8709, 5.8834, 3.4047, 4.3416, 1.1182, 7.7991, 6.4372, 0.1342, 2.2255, 1.3188, 3.2923, 4.9683, 4.6816, 2.9261, 13.7403, 5.6253, 0.8655, 5.1371, 12.483, 2.0606, 3.1853, 6.0994, 3.3629, 13.9673, 6.036],
      [3.5539, 1.7237, 0, 11.3194, 19.3424, 9.3691, 18.0141, 15.2642, 10.6396, 17.3743, 0, 9.1425, 6.3216, 6.6592, 10.7151, 3.8916, 15.0731, 12.923, 0.4309, 7.9075, 6.868, 11.4259, 4.6734, 8.1518, 11.0127, 11.2216, 6.0195, 4.3225, 6.3748, 9.4934, 7.7031, 13.4562, 23.5981, 7.8765, 36.1172, 10.5863]
    ]
  ],
  "V_est": [
    [4.8163, 0.2337, 290.0224, 926.9276, 0],
    [925.4818, 55.6094, 876.4687, 53.5052, 0.9349],
    [519.9151, 6003.9225, 2112.6622, 511.3438, 571.1565],
    [62.3204, 73.3814, 7399.4557, 13514.5001, 48.3424],
    [0.4664, 4.853, 1470.3911, 244.7233, 358.5662]
  ],
  "p_est": [
    [0.0039, 0.0002, 0.2373, 0.7585, 0],
    [0.484, 0.0291, 0.4584, 0.028, 0.0005],
    [0.0535, 0.6178, 0.2174, 0.0526, 0.0588],
    [0.003, 0.0035, 0.3507, 0.6406, 0.0023],
    [0.0002, 0.0023, 0.7073, 0.1177, 0.1725]
  ],
  "EI_Z": {},
  "EI_V": 9.8106,
  "MAE_Z": {},
  "MAE_V": 282.7808,
  "MAE_p": 0.0738,
  "runtime": 1.461
}
