{
  "Z_true": {},
  "V_true": [
    [220, 2827, 155, 4016, 51],
    [352, 2587, 438, 14248, 415],
    [247, 330, 8973, 1553, 409],
    [39, 49, 262, 533, 603],
    [790, 242, 248, 576, 29],
    [28, 80, 170, 220, 194]
  ],
  "p_true": [
    [0.0303, 0.3889, 0.0213, 0.5525, 0.007],
    [0.0195, 0.1434, 0.0243, 0.7898, 0.023],
    [0.0215, 0.0287, 0.7794, 0.1349, 0.0355],
    [0.0262, 0.033, 0.1763, 0.3587, 0.4058],
    [0.4191, 0.1284, 0.1316, 0.3056, 0.0154],
    [0.0405, 0.1156, 0.2457, 0.3179, 0.2803]
  ],
  "Z_est": {},
  "V_est": [
    [264.3851, 3574.7801, 0, 3429.8349, 0],
    [88.847, 1690.2458, 0, 15669.4249, 591.4824],
    [93.5825, 0, 10246, 1172.4175, 0],
    [0, 0, 0, 712.4389, 773.5611],
    [1229.1855, 655.8145, 0, 0, 0],
    [0, 194.1597, 0, 161.8838, 335.9565]
  ],
  "p_est": [
    [0.0364, 0.4918, 0, 0.4718, 0],
    [0.0049, 0.0937, 0, 0.8686, 0.0328],
    [0.0081, 0, 0.89, 0.1018, 0],
    [0, 0, 0, 0.4794, 0.5206],
    [0.6521, 0.3479, 0, 0, 0],
    [0, 0.2806, 0, 0.2339, 0.4855]
  ],
  "EI_Z": {},
  "EI_V": 12.5286,
  "MAE_Z": {},
  "MAE_V": 341.4792,
  "MAE_p": 0.0911,
  "runtime": 0.0398
}
