{
  "Z_true": {},
  "V_true": [
    [225, 892, 7454, 1074, 361],
    [661, 540, 282, 19067, 678],
    [70, 105, 438, 745, 230],
    [209, 566, 365, 492, 234]
  ],
  "p_true": [
    [0.0225, 0.0891, 0.745, 0.1073, 0.0361],
    [0.0311, 0.0254, 0.0133, 0.8982, 0.0319],
    [0.0441, 0.0661, 0.2758, 0.4691, 0.1448],
    [0.112, 0.3033, 0.1956, 0.2637, 0.1254]
  ],
  "Z_est": {},
  "V_est": [
    [628.5665, 336.714, 8539, 0, 501.7195],
    [536.4335, 580.1579, 0, 19452.3936, 659.015],
    [0, 0, 0, 1458.7698, 129.2302],
    [0, 1186.1281, 0, 466.8366, 213.0353]
  ],
  "p_est": [
    [0.0628, 0.0337, 0.8534, 0, 0.0501],
    [0.0253, 0.0273, 0, 0.9164, 0.031],
    [0, 0, 0, 0.9186, 0.0814],
    [0, 0.6357, 0, 0.2502, 0.1142]
  ],
  "EI_Z": {},
  "EI_V": 9.7692,
  "MAE_Z": {},
  "MAE_V": 338.8735,
  "MAE_p": 0.0965,
  "runtime": 0.016
}
