{
  "X": [
    [10, 18, 152, 161, 27],
    [11, 24, 131, 180, 31],
    [8, 13, 123, 110, 11],
    [5, 7, 99, 89, 18],
    [17, 28, 128, 233, 15],
    [20, 24, 87, 185, 21],
    [17, 25, 137, 183, 20],
    [21, 43, 118, 184, 19],
    [22, 25, 106, 200, 26],
    [30, 38, 94, 202, 12],
    [25, 21, 111, 181, 15],
    [23, 25, 107, 224, 14],
    [12, 12, 87, 108, 24],
    [13, 11, 84, 124, 19],
    [5, 11, 117, 121, 20],
    [18, 14, 76, 118, 18],
    [8, 6, 90, 152, 30],
    [6, 9, 90, 166, 17],
    [25, 43, 92, 210, 19],
    [38, 45, 148, 261, 23],
    [14, 16, 108, 163, 15],
    [5, 11, 106, 195, 34],
    [17, 15, 80, 191, 25],
    [15, 26, 131, 237, 41],
    [12, 16, 120, 173, 34],
    [15, 19, 126, 208, 32],
    [37, 40, 115, 218, 23],
    [30, 34, 104, 152, 21],
    [25, 47, 77, 124, 15],
    [22, 20, 118, 144, 21],
    [44, 27, 91, 101, 24],
    [71, 47, 76, 110, 16],
    [108, 56, 82, 170, 19],
    [73, 55, 100, 138, 12],
    [65, 77, 82, 125, 11],
    [60, 66, 87, 140, 7],
    [45, 32, 137, 204, 17],
    [27, 29, 87, 88, 18],
    [20, 22, 74, 87, 13],
    [34, 8, 72, 127, 30],
    [15, 10, 77, 101, 29],
    [19, 17, 74, 114, 46],
    [31, 14, 101, 107, 33],
    [26, 27, 102, 182, 49],
    [25, 18, 115, 197, 55],
    [10, 7, 79, 146, 20],
    [3, 3, 78, 122, 14],
    [26, 20, 152, 216, 27],
    [14, 9, 93, 173, 24],
    [12, 7, 96, 172, 29],
    [7, 9, 74, 219, 13],
    [11, 15, 89, 224, 14],
    [9, 16, 67, 252, 23],
    [15, 23, 94, 259, 12],
    [8, 23, 97, 174, 16],
    [8, 22, 89, 242, 12],
    [2, 20, 86, 195, 22],
    [11, 17, 93, 276, 18],
    [245, 339, 1192, 2253, 190]
  ],
  "W": [
    [8, 11, 148, 127, 74],
    [12, 25, 148, 128, 64],
    [5, 12, 122, 97, 29],
    [7, 6, 105, 76, 24],
    [19, 33, 127, 185, 57],
    [14, 20, 94, 139, 70],
    [19, 29, 122, 130, 82],
    [28, 44, 121, 122, 70],
    [22, 25, 119, 145, 68],
    [26, 35, 90, 169, 56],
    [25, 22, 110, 152, 44],
    [19, 23, 115, 193, 43],
    [10, 13, 95, 81, 44],
    [17, 8, 80, 98, 48],
    [5, 14, 115, 97, 43],
    [17, 11, 85, 94, 37],
    [10, 3, 97, 127, 49],
    [7, 10, 95, 129, 47],
    [21, 40, 99, 161, 68],
    [40, 49, 147, 181, 98],
    [13, 9, 106, 130, 58],
    [11, 10, 109, 159, 62],
    [16, 14, 71, 154, 73],
    [20, 31, 144, 169, 86],
    [9, 11, 123, 138, 74],
    [16, 18, 137, 167, 62],
    [46, 48, 122, 139, 78],
    [21, 31, 104, 121, 64],
    [21, 43, 89, 85, 50],
    [23, 21, 101, 110, 70],
    [39, 29, 96, 69, 54],
    [58, 49, 78, 79, 56],
    [97, 55, 86, 130, 67],
    [68, 55, 100, 92, 63],
    [63, 63, 97, 85, 52],
    [57, 66, 96, 105, 36],
    [34, 30, 134, 160, 77],
    [33, 28, 86, 65, 37],
    [22, 22, 67, 67, 38],
    [26, 8, 76, 112, 49],
    [17, 10, 78, 82, 45],
    [18, 15, 77, 102, 58],
    [16, 11, 96, 93, 70],
    [26, 17, 112, 157, 74],
    [26, 15, 124, 161, 84],
    [9, 5, 82, 122, 44],
    [1, 4, 72, 102, 41],
    [22, 19, 152, 172, 76],
    [11, 11, 90, 140, 61],
    [12, 8, 97, 138, 61],
    [8, 8, 77, 190, 39],
    [9, 17, 93, 181, 53],
    [9, 11, 79, 197, 71],
    [11, 18, 91, 210, 73],
    [9, 18, 99, 139, 53],
    [13, 20, 93, 191, 56],
    [6, 12, 92, 160, 55],
    [14, 9, 89, 236, 67],
    [233, 346, 1249, 1697, 694]
  ],
  "method": "mvn_pdf",
  "cond_prob": [
    [
      [0.74232372294, 0.11100111295, 0.025075060434, 0.098831529087, 0.022768574594],
      [0.025912049194, 0.88471788205, 0.02654120714, 0.062703807887, 0.00012505372763],
      [0.0036778964865, 0.018176759375, 0.82976980545, 0.10712694555, 0.041248593132],
      [0.00072924174771, 0.0079448437469, 0.049847201813, 0.88903837298, 0.052440339715],
      [0.042424801262, 0.049742416899, 0.30230973514, 0.41563438609, 0.18988866061]
    ],
    [
      [0.69528497699, 0.073517339092, 0.025132757258, 0.16733737006, 0.038727556594],
      [0.033732895575, 0.78235337239, 0.036805087778, 0.14710864426, 0],
      [0.00023755156698, 0.01103776213, 0.75679100476, 0.16963243008, 0.062301251466],
      [0, 0.0033127697717, 0.031109185646, 0.91434398844, 0.051234056141],
      [0.027782816482, 0.02345834836, 0.21548805081, 0.50269695751, 0.23057382684]
    ],
    [
      [0.85853292972, 0.048892465506, 0.019406019343, 0.062061409892, 0.011107175535],
      [0.056357114688, 0.8199816307, 0.042413898477, 0.081247356138, 0],
      [0.0067784499508, 0.011296909065, 0.86838607355, 0.088504863322, 0.025033704112],
      [0.0024906395281, 0.005943780723, 0.062922144229, 0.88978263246, 0.038860803059],
      [0.067671967134, 0.03313753338, 0.35680876408, 0.40028331045, 0.14209842496]
    ],
    [
      [0.66433839386, 0.081227819287, 0.041453139158, 0.15930783987, 0.053672807821],
      [0.024976627565, 0.80491461067, 0.051427331728, 0.11868143004, 0],
      [0, 0.0067060672447, 0.83184530637, 0.10677642423, 0.054672202156],
      [0, 0.0016460494202, 0.052313944354, 0.87410513133, 0.071934874893],
      [0.0083238115653, 0.032195032682, 0.29506862899, 0.39705175063, 0.26736077612]
    ],
    [
      [0.71643365994, 0.060636662414, 0.030599637955, 0.17250270927, 0.019827330422],
      [0.039963607319, 0.73373796349, 0.051544069286, 0.17475435991, 0],
      [0.0023216349847, 0.0078513777659, 0.80974690372, 0.15457842719, 0.025501656338],
      [0, 0.0025861779763, 0.038568143751, 0.93600849334, 0.02283718493],
      [0.031124803098, 0.020333030127, 0.276222618, 0.54671093202, 0.12560861676]
    ],
    [
      [0.85087180839, 0.059373353589, 0.0091748617213, 0.069519004052, 0.011060972248],
      [0.054396879415, 0.84723109461, 0.017719228746, 0.080514280503, 0.00013851672577],
      [0.00972703851, 0.022807325376, 0.73619418205, 0.18459156362, 0.04667989045],
      [0.00092831471392, 0.0060124286293, 0.026524998244, 0.92899787556, 0.037536382853],
      [0.085092567558, 0.046350499897, 0.1946848499, 0.51334480929, 0.16052727336]
    ],
    [
      [0.71336594769, 0.060934717803, 0.037252480687, 0.16414164951, 0.02430520431],
      [0.040032369142, 0.73317781106, 0.06211889223, 0.16467092757, 0],
      [0, 0.0061692906171, 0.83915530513, 0.12566671954, 0.029008684715],
      [0, 0.0016127862424, 0.046171611428, 0.91970037789, 0.032515224437],
      [0.027867174254, 0.019728880173, 0.31843290586, 0.49040808354, 0.14356295617]
    ],
    [
      [0.6540732594, 0.10017933587, 0.029672008251, 0.19060454202, 0.02547085446],
      [0.024687390413, 0.8114547774, 0.033838226449, 0.13001960574, 0],
      [0, 0.014024271849, 0.78127723699, 0.16888591699, 0.035812574162],
      [0, 0.0034184160931, 0.03317965817, 0.93299324607, 0.030408679668],
      [0.022852907979, 0.033956924757, 0.24425482617, 0.55259768849, 0.1463376526]
    ],
    [
      [0.77241493696, 0.060630059968, 0.01638921931, 0.12778643672, 0.022779347046],
      [0.046892050181, 0.78630713368, 0.02933732227, 0.1372178473, 0.00024564657002],
      [0.0053698070158, 0.013491580829, 0.73662290427, 0.1900069371, 0.054508770786],
      [0.00081199658586, 0.0037906490312, 0.025923762311, 0.9271535049, 0.042320087177],
      [0.045262111656, 0.027254678096, 0.1983666614, 0.5398554189, 0.18926112995]
    ],
    [
      [0.85040617347, 0.066520879589, 0.012058147993, 0.06448995, 0.0065248489438],
      [0.04997194449, 0.85934685857, 0.021348898231, 0.069332298713, 0],
      [0.0087946019214, 0.021801114847, 0.79864023228, 0.14718592175, 0.023578129198],
      [0.0019464739235, 0.0072718716521, 0.039879747649, 0.93060470667, 0.02029720011],
      [0.089642020831, 0.053611972062, 0.25574961528, 0.48888754395, 0.11210884788]
    ],
    [
      [0.81961893103, 0.049418022036, 0.020018674617, 0.096719896309, 0.014224476004],
      [0.058850951369, 0.77370373203, 0.042949241321, 0.12449607528, 0],
      [0.0051576302274, 0.0096650245604, 0.82252138283, 0.13244601602, 0.030209946358],
      [0.0011324324516, 0.0034873284922, 0.041964592804, 0.92039746955, 0.033018176704],
      [0.0562576531, 0.026132743455, 0.28860635472, 0.4857639046, 0.14323934413]
    ],
    [
      [0.86429928044, 0.050976505681, 0.010672316808, 0.066086091097, 0.0079658059774],
      [0.062707373548, 0.82593119561, 0.023528012156, 0.087833418687, 0],
      [0.0091257361192, 0.018282327417, 0.77968963558, 0.16279874285, 0.030103558036],
      [0.0012137912374, 0.0059478057242, 0.033860477935, 0.93325493898, 0.025722986128],
      [0.089588900409, 0.04150313338, 0.23387677599, 0.50893341837, 0.12609777185]
    ],
    [
      [0.81949901883, 0.040298656265, 0.017026058609, 0.093727695959, 0.02944857034],
      [0.064186064071, 0.75489788638, 0.041819229805, 0.13909681974, 0],
      [0.0066672844998, 0.008018426386, 0.77328266633, 0.14593562528, 0.0660959975],
      [0.0018677117025, 0.0021876861562, 0.037061174058, 0.89284925408, 0.066034174003],
      [0.049679870532, 0.019190632479, 0.22323365969, 0.4334043273, 0.27449151]
    ],
    [
      [0.68670392301, 0.091633683694, 0.033136264666, 0.15411456017, 0.03441156846],
      [0.026620381795, 0.82544501161, 0.039060128991, 0.10870488431, 0.00016959329833],
      [0, 0.012169231732, 0.81725276702, 0.12512237596, 0.045455625288],
      [0, 0.0033073454031, 0.042140111079, 0.90281318514, 0.051739358376],
      [0.023188963634, 0.032104352006, 0.28363021294, 0.45885273296, 0.20222373846]
    ],
    [
      [0.71149494401, 0.051047380328, 0.040619514233, 0.1578620412, 0.038976120237],
      [0.041424912163, 0.70830361354, 0.075002220623, 0.17495043618, 0.00031881749828],
      [0, 0.0020448763325, 0.84359698588, 0.1094351667, 0.044922971091],
      [0, 0, 0.05028347813, 0.89281184336, 0.056904678509],
      [0.02005991883, 0.013798877457, 0.32222606014, 0.43194397002, 0.21197117356]
    ],
    [
      [0.83488282811, 0.060530782753, 0.011937360008, 0.075212637758, 0.017436391373],
      [0.049647105081, 0.84545460167, 0.022152696027, 0.082637418598, 0.00010817862065],
      [0.0075295116482, 0.018830312936, 0.76107418242, 0.15516520274, 0.057400790258],
      [0.0012252988533, 0.0065589903777, 0.03087385475, 0.90854348316, 0.052798372857],
      [0.067721275242, 0.039293361614, 0.21513344247, 0.46541199739, 0.21243992328]
    ],
    [
      [0.68409634264, 0.077528367063, 0.027485754872, 0.15829042821, 0.052599107207],
      [0.029076977578, 0.80878825103, 0.036217196867, 0.12591757453, 0],
      [0, 0.012398477634, 0.76441181947, 0.1520935533, 0.07109614959],
      [0, 0.0027608928505, 0.037600174429, 0.89456348171, 0.065075451006],
      [0.021873584507, 0.025409507221, 0.2182310657, 0.44238175808, 0.29210408449]
    ],
    [
      [0.6792387438, 0.057330734241, 0.03037115532, 0.20210467142, 0.030954695219],
      [0.035613796532, 0.71523798215, 0.049825489985, 0.19917456139, 0.00014816993906],
      [0, 0.0061755165645, 0.77869212065, 0.17222517756, 0.042907185229],
      [0, 0, 0.031175169003, 0.93156446332, 0.037260367679],
      [0.018918953789, 0.018290020535, 0.24025103723, 0.55447476703, 0.16806522142]
    ],
    [
      [0.81829529467, 0.076667314069, 0.010894502739, 0.082890663144, 0.011252225377],
      [0.043202765967, 0.86207116076, 0.016980791786, 0.077745281489, 0],
      [0.0086679524377, 0.024687198502, 0.73877515663, 0.18773659766, 0.040133094774],
      [0.001635666538, 0.005833408336, 0.027134655832, 0.93424528958, 0.031150979711],
      [0.073032626019, 0.051822479123, 0.19977299523, 0.53161867682, 0.14375322281]
    ],
    [
      [0.76394272032, 0.06110072509, 0.02153035763, 0.13704448441, 0.01638171255],
      [0.046540161369, 0.7688970536, 0.038100319249, 0.14646246578, 0],
      [0.004544210778, 0.011271755484, 0.78372810956, 0.16961693794, 0.030838986232],
      [0.00099016843553, 0.0035464518825, 0.033524810703, 0.93597146851, 0.025967100471],
      [0.04402656948, 0.026338362479, 0.24485558376, 0.55099014411, 0.13378934017]
    ],
    [
      [0.76407013513, 0.10928315008, 0.019214659767, 0.09408638791, 0.013345667115],
      [0.026644884887, 0.89269118765, 0.020460065762, 0.060203861704, 0],
      [0.0054160887552, 0.021379122708, 0.81126362187, 0.13359286921, 0.028348297457],
      [0.0016691335178, 0.0070805917848, 0.041893987288, 0.91860198628, 0.030754301134],
      [0.052348129552, 0.057904041742, 0.27803287181, 0.47682654914, 0.13488840775]
    ],
    [
      [0.43744981574, 0.11053590021, 0.12095733517, 0.25788752324, 0.073169425644],
      [0.018805202689, 0.76289905969, 0.048323713417, 0.1699720242, 0],
      [0, 0.0038169191671, 0.77496547745, 0.15569583878, 0.0655217646],
      [0, 0, 0.03369585852, 0.9060816238, 0.060222517678],
      [0, 0.028049521155, 0.23157021987, 0.47460794178, 0.26577231719]
    ],
    [
      [0.78482261595, 0.056145694911, 0.020142989659, 0.11584945004, 0.023039249443],
      [0.049213943643, 0.78242586389, 0.037789176278, 0.1304368921, 0.00013412408756],
      [0.0045359971919, 0.01062495083, 0.78759544551, 0.14968687955, 0.047556726925],
      [0.00073505070613, 0.0035776306132, 0.034708531082, 0.91441543497, 0.046563352632],
      [0.045460127732, 0.025238084432, 0.24499004493, 0.49140475174, 0.19290699116]
    ],
    [
      [0.63723034278, 0.062332877876, 0.029698507414, 0.21844127267, 0.052296999262],
      [0.03388345674, 0.71036779808, 0.047158231621, 0.20859051356, 0],
      [0, 0.0073254326029, 0.73947411182, 0.18493488131, 0.068265574274],
      [0, 0, 0.030056633177, 0.91684047488, 0.053102891948],
      [0.014011697506, 0.019500911711, 0.20209629725, 0.5184675054, 0.24592358814]
    ],
    [
      [0.78409372701, 0.07800076072, 0.018190428943, 0.093018374425, 0.026696708901],
      [0.037439132457, 0.85472973631, 0.026480914409, 0.081350216829, 0],
      [0.0055776096938, 0.017193813461, 0.78412644059, 0.13442355256, 0.058678583693],
      [0.001487957777, 0.006702827325, 0.038911482471, 0.89140223517, 0.061495497261],
      [0.049188403166, 0.038596443616, 0.23956296361, 0.42865374091, 0.2439984487]
    ],
    [
      [0.73580018857, 0.067765061268, 0.022938752729, 0.13981405697, 0.033681940466],
      [0.039101691251, 0.7908345852, 0.036470808749, 0.1335929148, 0],
      [0.0027971181656, 0.011218339635, 0.76920198975, 0.15731163597, 0.059470916471],
      [0, 0.0036163876966, 0.03324947456, 0.90927382803, 0.053860309717],
      [0.034518731478, 0.024836890495, 0.22650275082, 0.48319160021, 0.23095002699]
    ],
    [
      [0.69426213012, 0.058171681463, 0.02547267211, 0.19556855966, 0.02652495664],
      [0.042416298257, 0.70940789569, 0.043661577426, 0.204228206, 0.00028602262645],
      [0.0041080840971, 0.01008180765, 0.7484952685, 0.19454698369, 0.042767856067],
      [0.0013207826272, 0.0039079320389, 0.028511829462, 0.93418635355, 0.032073102324],
      [0.030040828883, 0.019222315038, 0.21093505531, 0.58479816942, 0.15500363135]
    ],
    [
      [0.89666314408, 0.046950178595, 0.0084165861545, 0.039637068922, 0.0083330222486],
      [0.073683368688, 0.84609110344, 0.020522500837, 0.059161086995, 0.00054194003752],
      [0.0078527123827, 0.024829173986, 0.794515212, 0.12963045182, 0.043172449816],
      [0, 0.0071962080849, 0.042358788284, 0.90318380779, 0.047261195844],
      [0.12608136652, 0.052066355781, 0.24112591773, 0.41510656444, 0.16561979553]
    ],
    [
      [0.83562754735, 0.082931439956, 0.0083321097931, 0.063169914949, 0.0099389879561],
      [0.041663138673, 0.88931050691, 0.012337423061, 0.056026474751, 0.00066245660016],
      [0.011069414831, 0.033163032166, 0.72605194229, 0.1839726098, 0.045743000912],
      [0.0015411152258, 0.0074917536219, 0.02695608692, 0.92749292519, 0.036518119037],
      [0.090882676574, 0.068595580859, 0.18769252501, 0.50107664916, 0.1517525684]
    ],
    [
      [0.77513643797, 0.056635077619, 0.031421637216, 0.11367267692, 0.023134170278],
      [0.048628672569, 0.76617026303, 0.058527088149, 0.12632145572, 0.00035252053266],
      [0.0029314641676, 0.007035608343, 0.85427943245, 0.10193623973, 0.033817255313],
      [0.00043104519938, 0.0030752948785, 0.053469460082, 0.89635816587, 0.04666603397],
      [0.040102384999, 0.022270554454, 0.34120528866, 0.4262545629, 0.17016720899]
    ],
    [
      [0.89092144894, 0.033860303885, 0.010411196482, 0.050345457152, 0.014461593538],
      [0.09622193946, 0.7760162366, 0.031349318146, 0.096412505798, 0],
      [0.010374369577, 0.013378015968, 0.77996617478, 0.13425789496, 0.062023544718],
      [0.0012852767561, 0.0047815090933, 0.038891021567, 0.88983774324, 0.065204449346],
      [0.099611179097, 0.028903030127, 0.22452962674, 0.40653707969, 0.24041908434]
    ],
    [
      [0.92717596668, 0.033347460785, 0.0071799350486, 0.02570304262, 0.0065935948624],
      [0.11500350878, 0.80342830503, 0.02007834602, 0.060418383882, 0.0010714562913],
      [0.015410302984, 0.028024162536, 0.76973139572, 0.14193736609, 0.044896772662],
      [0, 0.0095297963103, 0.038048509307, 0.9080814755, 0.04434021888],
      [0.18547532803, 0.0492700311, 0.20633649483, 0.40605663568, 0.15286151037]
    ],
    [
      [0.91719801069, 0.039011208348, 0.0058644703262, 0.032149513508, 0.005776797132],
      [0.10005061589, 0.81999370836, 0.016363217173, 0.063579862703, 1.2595873886e-05],
      [0.020848615295, 0.027549396025, 0.74270066163, 0.16520989061, 0.043691436446],
      [0.0031715695348, 0.0097541683709, 0.030899871601, 0.9182109616, 0.037963428894],
      [0.16901080798, 0.051924908716, 0.18868551083, 0.44491237524, 0.14546639723]
    ],
    [
      [0.88456761656, 0.049501919869, 0.010682033145, 0.052120164697, 0.0031282657339],
      [0.071557754296, 0.83060988092, 0.023091282436, 0.074741082351, 0],
      [0.013501894727, 0.021649307889, 0.79209116704, 0.14965135417, 0.023106276174],
      [0.0018674461157, 0.0077764786738, 0.038283165295, 0.92757185653, 0.024501053388],
      [0.11732906465, 0.048729510659, 0.2424195762, 0.47687814372, 0.11464370478]
    ],
    [
      [0.84426817707, 0.10073857625, 0.0090383043713, 0.042481722629, 0.0034732196816],
      [0.037553530533, 0.92056555305, 0.010393965192, 0.03148695123, 0],
      [0.021647466025, 0.057500565268, 0.71095011146, 0.17940682087, 0.030495036381],
      [0.0057015995819, 0.011937880106, 0.031154167132, 0.92581289311, 0.025393460073],
      [0.13193831254, 0.1166454849, 0.17625965385, 0.46621953862, 0.10893701009]
    ],
    [
      [0.87544111362, 0.060188317271, 0.0094181134705, 0.053558546394, 0.0013939092465],
      [0.058076369038, 0.85854017869, 0.017936562496, 0.065446889774, 0],
      [0.014120740109, 0.028553174636, 0.76871969902, 0.16835576995, 0.020250616282],
      [0.0060752353193, 0.0093595673652, 0.033994526522, 0.93695712768, 0.013613543111],
      [0.11870348356, 0.060604299541, 0.21980105601, 0.50236155024, 0.098529610647]
    ],
    [
      [0.90755239551, 0.036129676541, 0.0092292521448, 0.042296064107, 0.004792611698],
      [0.094520661965, 0.80053001966, 0.026819364423, 0.078129953954, 0],
      [0.0074388163381, 0.020054250364, 0.81126504804, 0.13595084053, 0.025291044735],
      [0, 0.0055079883031, 0.04487370653, 0.92253901028, 0.027079294882],
      [0.1339064585, 0.041391464034, 0.25964045471, 0.44668027176, 0.11838135099]
    ],
    [
      [0.74226298771, 0.085961349206, 0.0280135037, 0.11173761058, 0.032024548804],
      [0.03365928356, 0.83882912592, 0.037477871099, 0.089867338952, 0.00016638047027],
      [0.002280575878, 0.01276815571, 0.8263928562, 0.10872493602, 0.049833476185],
      [0, 0.0055010710671, 0.048667385899, 0.88282196565, 0.063009577387],
      [0.036938701089, 0.032984565946, 0.29170292622, 0.4070973269, 0.23127647984]
    ],
    [
      [0.78118908777, 0.071255115267, 0.026337916023, 0.099477339557, 0.02174054138],
      [0.04063599185, 0.82380262821, 0.041456458226, 0.09332928821, 0.00077563350752],
      [0.0032055899505, 0.011138716244, 0.84641250388, 0.10241372832, 0.036829461602],
      [0.00035972791679, 0.0053562913164, 0.051331258782, 0.89381926343, 0.04913345855],
      [0.044236103978, 0.031672740449, 0.3252550439, 0.42133273004, 0.17750338164]
    ],
    [
      [0.93451374073, 0.016297812063, 0.0076864410255, 0.031897057016, 0.0096049491672],
      [0.17075719653, 0.69727780844, 0.031726100935, 0.1002388941, 0],
      [0.016197636903, 0.0098419739334, 0.75344285119, 0.13846171612, 0.082055821854],
      [0.00034973572065, 0.0025122570165, 0.04471024916, 0.8725321513, 0.079895606806],
      [0.14421212987, 0.019768808451, 0.18932937, 0.34943008151, 0.29725961017]
    ],
    [
      [0.74903277229, 0.051230593029, 0.027478637507, 0.11875856028, 0.053499436897],
      [0.045433984892, 0.76575457984, 0.050768863919, 0.13804257135, 0],
      [0.0037328120106, 0.0069888916298, 0.78699646477, 0.13141787253, 0.070863959063],
      [0.00137337837, 0.0022889096725, 0.051605475067, 0.8629176876, 0.081814549285],
      [0.031296147979, 0.01641577733, 0.23128447368, 0.36868520713, 0.35231839388]
    ],
    [
      [0.79013975126, 0.056991901331, 0.020884909751, 0.078441325022, 0.053542112635],
      [0.038658821778, 0.83726389641, 0.034182732879, 0.089894548932, 0],
      [0.010051614302, 0.015427567581, 0.72309588873, 0.14807530266, 0.10334962673],
      [0.0090752219529, 0.0081950164641, 0.070820084697, 0.81588072833, 0.09602894856],
      [0.043068193279, 0.023989188738, 0.17602238897, 0.28651733313, 0.47040289588]
    ],
    [
      [0.95377326955, 0.017563322452, 0.0071516317121, 0.014740559878, 0.0067712164105],
      [0.17893031282, 0.74381185774, 0.025944843326, 0.051260884467, 5.2101645197e-05],
      [0, 0.020110120704, 0.8154264631, 0.095379298087, 0.069084118113],
      [0, 0, 0.062946805841, 0.8402837768, 0.096769417355],
      [0.19673420352, 0.051521211685, 0.23521696022, 0.26996396362, 0.24656366095]
    ],
    [
      [0.76818939168, 0.10956760792, 0.01459258657, 0.075297170218, 0.03235324361],
      [0.026002902853, 0.90815734272, 0.015385888101, 0.050453866323, 0],
      [0.0086294972793, 0.029048406853, 0.72280442878, 0.14985006162, 0.089667605476],
      [0.0042557391468, 0.0084556833101, 0.044586821226, 0.86484461306, 0.077857143259],
      [0.053383401709, 0.055832480007, 0.18114602292, 0.35973982021, 0.34989827515]
    ],
    [
      [0.76547406009, 0.060007145078, 0.019653568747, 0.10685197292, 0.04801325317],
      [0.044773124893, 0.80552804719, 0.033585253947, 0.11611357397, 0],
      [0.0059050695799, 0.01283683809, 0.73400928898, 0.15849025588, 0.088758547472],
      [0.0024699764166, 0.004954031016, 0.044602370011, 0.87374561851, 0.074228004046],
      [0.039240270635, 0.023422935754, 0.18794160712, 0.38278939031, 0.36660579619]
    ],
    [
      [0.79853881508, 0.052826765213, 0.018388493225, 0.10670768922, 0.023538237263],
      [0.048165976357, 0.7940326128, 0.035273922707, 0.12247600985, 5.1478289527e-05],
      [0.004943923017, 0.011248290605, 0.78188633137, 0.14910308275, 0.052818372263],
      [0.0011096373597, 0.0042788363612, 0.033469702855, 0.9101812403, 0.050960583123],
      [0.046171439482, 0.025227685988, 0.23773070516, 0.48087924195, 0.20999092742]
    ],
    [
      [0.79990217541, 0.030547122965, 0.027562896346, 0.12017071811, 0.021817087169],
      [0.062586060799, 0.66872891992, 0.074218654289, 0.19437137666, 9.4988328824e-05],
      [0.0037284785435, 0, 0.8389182551, 0.12127809014, 0.036075176209],
      [0, 0, 0.044835601413, 0.91194141453, 0.043222984062],
      [0.041007393323, 0.0071838340815, 0.30976138475, 0.47200724399, 0.17004014386]
    ],
    [
      [0.84056929229, 0.044835565765, 0.016766332863, 0.082290586546, 0.015538222534],
      [0.067553567364, 0.77491972409, 0.039957199361, 0.11748114753, 8.8361663999e-05],
      [0.0064675415449, 0.010504378829, 0.8110558862, 0.13201650957, 0.039955683857],
      [0.0014174048932, 0.0038062423795, 0.040516203253, 0.91075753721, 0.043502612266],
      [0.065751287279, 0.026826362161, 0.27135095035, 0.46369288735, 0.17237851285]
    ],
    [
      [0.82862945054, 0.030454027792, 0.018514684068, 0.10087713787, 0.021524699727],
      [0.080520384314, 0.68373506939, 0.055102561998, 0.18050608422, 0.00013590007823],
      [0.007129078033, 0.0031410144949, 0.79608275366, 0.14422967279, 0.049417481019],
      [0.0010240434813, 0, 0.037086301045, 0.91199332048, 0.049896334996],
      [0.052694568954, 0.014118502073, 0.251650497, 0.47942703507, 0.2021093969]
    ],
    [
      [0.75980504909, 0.039435623919, 0.024477204843, 0.14007861081, 0.036203511331],
      [0.057734774407, 0.69144864798, 0.056326248423, 0.19449032919, 0],
      [0.0034698290408, 0.0022269613401, 0.78274042412, 0.15125008832, 0.060312697175],
      [0, 0, 0.035775251702, 0.90704945193, 0.057175296366],
      [0.03416209506, 0.012773247199, 0.23594848655, 0.47408280497, 0.24303336622]
    ],
    [
      [0.69853494668, 0.069077869798, 0.025251272764, 0.1851679128, 0.021967997958],
      [0.031875776145, 0.77070418878, 0.036511278523, 0.16090875655, 0],
      [0.0008471343897, 0.011858758993, 0.76603398675, 0.18710487922, 0.034155240648],
      [0, 0.0025116236463, 0.029723028166, 0.94224115086, 0.025524197332],
      [0.027986791522, 0.022856681952, 0.22753608354, 0.5845767252, 0.13704371778]
    ],
    [
      [0.78089952002, 0.045716082295, 0.018634555586, 0.13925738076, 0.015492461345],
      [0.054183822422, 0.72632248089, 0.03994396147, 0.17954973522, 0],
      [0.0050507048727, 0.0088403505407, 0.76308982193, 0.19115307521, 0.031866047453],
      [0.00151024116, 0.0019542609527, 0.029682032675, 0.94436497003, 0.022488495181],
      [0.043541700671, 0.020098099084, 0.22289510003, 0.58466117933, 0.12880392089]
    ],
    [
      [0.68381208918, 0.10502661162, 0.015119548879, 0.17244433009, 0.023597420231],
      [0.024134481423, 0.84893718317, 0.016141668139, 0.1106753796, 0.00011128767173],
      [0.0034721454788, 0.02334189572, 0.66611421129, 0.2519726167, 0.055099130814],
      [0, 0.0053785261024, 0.01630500362, 0.94421682012, 0.034099650156],
      [0.032477639561, 0.03961791657, 0.15283460993, 0.61005664184, 0.16501319209]
    ],
    [
      [0.79689276203, 0.080542260661, 0.014306330771, 0.099270876901, 0.0089877696404],
      [0.037019445326, 0.85663279863, 0.020546750389, 0.085801005656, 0],
      [0.0068861261004, 0.021147904443, 0.76793905192, 0.18159518425, 0.022431733286],
      [0.0022012805094, 0.0060120145512, 0.032808085827, 0.94762918333, 0.011349435779],
      [0.061355112599, 0.048050169826, 0.22877585077, 0.55940153405, 0.10241733276]
    ],
    [
      [0.66960295434, 0.13950377609, 0.024860303664, 0.14509522132, 0.020937744586],
      [0.01833973823, 0.88665846594, 0.021106391883, 0.073895403949, 0],
      [0, 0.021154346499, 0.78829241157, 0.15408863933, 0.036464602604],
      [0, 0.006620673589, 0.035637196438, 0.92612853218, 0.031613597793],
      [0.031008643827, 0.052265277284, 0.25286458798, 0.51655442397, 0.14730706694]
    ],
    [
      [0.57156259242, 0.11978167367, 0.03136591263, 0.25388488479, 0.023404936493],
      [0.016486771177, 0.81366568662, 0.029104264649, 0.14074327755, 0],
      [0, 0.014863732186, 0.75224702428, 0.20604422593, 0.026845017608],
      [0, 0.0014697277519, 0.030617993181, 0.9528528101, 0.015059468968],
      [0.0042848370535, 0.044758561001, 0.21791335513, 0.62013627155, 0.11290697527]
    ],
    [
      [0.33333333333, 0.32557482344, 0.096678433307, 0.20766408108, 0.036749328845],
      [0, 0.92914046107, 0.013714327669, 0.056880857603, 0.00026435365986],
      [0, 0.026665817833, 0.7466442939, 0.17619730601, 0.05049258226],
      [0, 0, 0.030100900465, 0.92579581651, 0.044103283026],
      [0, 0.080792914289, 0.21359887919, 0.5224356805, 0.18317252602]
    ],
    [
      [0.63759758744, 0.15268703033, 0.024979193292, 0.16466152832, 0.020074660615],
      [0.016204467666, 0.8886550339, 0.019170155974, 0.075970342456, 0],
      [8.4070219427e-05, 0.02472180069, 0.77207480978, 0.1712409043, 0.031878415016],
      [0, 0.0046463817665, 0.033321802534, 0.93652883041, 0.025502985288],
      [0.028661362945, 0.053249252416, 0.23730084212, 0.54850389645, 0.13228464607]
    ],
    [
      [0.78216047947, 0.066200956195, 0.01781177568, 0.11866432711, 0.015162461548],
      [0.048521867658, 0.79577384751, 0.031056456349, 0.12464782848, 0],
      [0.0057115677098, 0.014563580765, 0.77020840309, 0.17546252601, 0.034053922424],
      [0.00099863125191, 0.0042926718944, 0.032140444439, 0.93479660147, 0.027771650948],
      [0.053515297941, 0.032799494793, 0.23137131512, 0.54282497904, 0.1394889131]
    ]
  ],
  "expected_outcome": [
    [
      [5.9385897835, 8.3434197239, 4.2926646486, 4.650368757, 13.6122395388, 11.9122053175, 13.5539530061, 18.3140512633, 16.9931286131, 22.1105605103, 20.4904732758, 16.4216863283, 8.1949901883, 11.6739666912, 3.55747472, 14.1930080778, 6.8409634264, 4.7546712066, 17.1842011881, 30.5577088127, 9.9329117566, 4.8119479731, 12.5571618552, 12.7446068556, 7.0568435431, 11.7728030171, 31.9360579857, 18.8299260257, 17.5481784943, 17.8281380732, 34.7459365088, 53.7762060677, 88.9682070366, 60.1505979258, 53.1888951554, 49.9001434763, 30.8567814473, 24.4946785945, 17.186159931, 24.2973572589, 12.7335571289, 14.2225155227, 15.2603723128, 19.9729241837, 19.9023255623, 7.1868493357, 0.79990217541, 18.4925244304, 9.114923956, 9.1176605891, 5.5882795735, 7.0280956802, 6.1543088027, 8.7658203823, 6.0264265891, 7.4303137015, 2, 8.9263662242, 182.2433917154],
      [0.88800890358, 0.88220806911, 0.24446232753, 0.56859473501, 1.1520965859, 0.83122695025, 1.1577596383, 2.8050214043, 1.3338613193, 1.7295428693, 1.2354505509, 0.96855360793, 0.40298656265, 1.5577726228, 0.25523690164, 1.0290233068, 0.77528367063, 0.40131513969, 1.6100135955, 2.4440290036, 1.4206809511, 1.2158949023, 0.89833111858, 1.2466575575, 0.70200684648, 1.0842409803, 2.6758973473, 0.98595375049, 1.7415602391, 1.3026067852, 1.3205518515, 1.9341527255, 3.7840872097, 3.3661305511, 6.3465303036, 3.4307340844, 1.2284090024, 2.8367245238, 1.5676125359, 0.42374311365, 0.8709200815, 1.025854224, 0.28101315922, 2.848757806, 1.560185772, 0.47544088691, 0.030547122965, 0.98638244684, 0.33499430571, 0.47322748703, 0.55262295838, 0.41144474065, 0.94523950456, 0.88596486727, 1.2555339848, 1.5571617577, 1.9534489406, 2.1376184247, 15.4248227935],
      [0.20060048347, 0.30159308709, 0.097030096714, 0.2901719741, 0.58139312115, 0.1284480641, 0.70779713305, 0.83081623103, 0.36056282482, 0.31351184783, 0.50046686542, 0.20277401936, 0.17026058609, 0.56331649931, 0.20309757116, 0.20293512013, 0.27485754872, 0.21259808724, 0.22878455752, 0.86121430521, 0.24979057697, 1.3305306869, 0.32228783454, 0.59397014829, 0.16371386048, 0.36702004366, 1.1717429171, 0.17674830924, 0.17497430566, 0.72269765598, 0.40603666281, 0.41643623282, 0.56885362164, 0.72637825385, 0.56941317539, 0.53683246782, 0.31379457292, 0.92444562209, 0.5794341525, 0.19984746666, 0.46713683762, 0.37592837552, 0.11442610739, 0.37940725081, 0.51099278742, 0.16549643903, 0.027562896346, 0.36885932299, 0.20366152475, 0.29372645812, 0.20201018211, 0.16771100028, 0.13607593991, 0.15736963848, 0.22374273298, 0.40775686419, 0.58007059984, 0.34970870609, 4.1501437335],
      [0.7906522327, 2.0080484408, 0.31030704946, 1.1151548791, 3.2775514761, 0.97326605673, 3.1186913407, 5.3369271765, 2.8113016078, 1.6767387, 2.4179974077, 1.2556357308, 0.93727695959, 2.6199475229, 0.78931020598, 1.2786148419, 1.5829042821, 1.4147326999, 1.740703926, 5.4817793765, 1.2231230428, 2.8367627556, 1.8535912006, 4.3688254534, 0.83716536983, 2.2370249115, 8.9961537444, 0.83237844737, 1.3265682139, 2.6144715691, 1.9634728289, 1.4907764719, 3.1185028103, 3.5441711994, 2.6763485256, 3.0528371445, 1.4380661796, 3.6873411491, 2.1885014703, 0.82932348243, 2.0188955248, 1.4119438504, 0.23584895804, 1.9577264257, 2.7781512958, 0.96036920297, 0.12017071811, 1.810392904, 1.1096485166, 1.6809433298, 1.4813433024, 1.2533164268, 1.5519989708, 1.0919796459, 1.3058569919, 3.3005035022, 1.2459844865, 2.3052613964, 27.648788217],
      [0.18214859675, 0.46473067913, 0.055535877676, 0.37570965475, 0.37671927802, 0.15485361147, 0.46179888189, 0.71318392487, 0.50114563502, 0.16964607254, 0.35561190011, 0.15135031357, 0.2944857034, 0.58499666381, 0.19488060118, 0.29641865334, 0.52599107207, 0.21668286653, 0.23629673291, 0.655268502, 0.17349367249, 0.80486368209, 0.36862799108, 1.0459399852, 0.24027038011, 0.53891104746, 1.2201480054, 0.17499346722, 0.20871874708, 0.53208591641, 0.56400214797, 0.38242850202, 0.5603493218, 0.2127220699, 0.21881283994, 0.079452827048, 0.16294879773, 1.0568101105, 0.47829191035, 0.24972867835, 0.90949042725, 0.96375802744, 0.10833946257, 0.84118433387, 1.2483445824, 0.21184413536, 0.021817087169, 0.34184089575, 0.23677169699, 0.43444213597, 0.17574398366, 0.1394321521, 0.21237678208, 0.098865466044, 0.18843970127, 0.30426417441, 0.22049597307, 0.28104524861, 3.5328535406]
    ],
    [
      [0.28503254114, 0.84332238937, 0.67628537625, 0.14985976539, 1.3187990415, 1.0879375883, 1.1609387051, 1.0862451782, 1.1723012545, 1.7490180572, 1.2947209301, 1.4422695916, 0.83441883293, 0.21296305436, 0.57994877028, 0.54611815589, 0.087230932733, 0.35613796532, 1.7281106387, 2.2804679071, 0.23980396398, 0.18805202689, 0.68899521101, 1.0503871589, 0.41183045702, 0.70383044252, 2.0359823163, 2.2841844293, 1.7915149629, 1.021202124, 2.7904362444, 5.63517193, 5.5027838738, 3.9356764863, 2.3658724236, 3.8330403565, 2.835619859, 0.94245993968, 0.89399182071, 1.3660575722, 0.45433984892, 0.57988232668, 1.968233441, 0.44204934851, 0.6715968734, 0.24082988179, 0.2503442432, 1.2835177799, 0.88572422746, 0.46187819526, 0.25500620916, 0.92112498117, 0.26547929565, 0.66635001588, 0.33011528813, 0.32973542354, 0, 0.14584020899, 16.7885662095],
      [9.7318967026, 19.5588343098, 9.8397795684, 4.829487664, 24.213352795, 16.9446218922, 21.2621565207, 35.7040102057, 19.657678342, 30.0771400498, 17.0214821046, 18.996417499, 9.8136725229, 6.6035600929, 9.9162505895, 9.3000006184, 2.4263647531, 7.1523798215, 34.4828464303, 37.6759556266, 8.0342206888, 7.6289905969, 10.9539620945, 22.0214017405, 9.4020270994, 14.2350225336, 34.051578993, 26.2288242067, 38.2403517973, 16.0895755237, 22.5044708613, 39.3679869465, 45.0996539599, 45.6835434505, 57.9956298418, 56.6636517937, 24.0159005897, 23.4872155257, 18.1236578205, 5.5782224675, 7.6575457984, 12.5589584462, 8.1819304352, 15.4386748263, 12.0829207079, 3.970163064, 2.6749156797, 14.7234747576, 7.5210857633, 5.5315891839, 6.1656335102, 12.3474821752, 9.3383090149, 15.4193903753, 15.9598523869, 16.2733137324, 11.1496855328, 7.9978953051, 275.3377512398],
      [0.29195327854, 0.92012719445, 0.50896678172, 0.30856399037, 1.7009542864, 0.35438457492, 1.8014478747, 1.4888819638, 0.73343305675, 0.74721143809, 0.94488330905, 0.54114427959, 0.54364998747, 0.31248103193, 1.0500310887, 0.2436796563, 0.1086515906, 0.49825489985, 0.67923167142, 1.8669156432, 0.18414059186, 0.48323713417, 0.52904846789, 1.4619051803, 0.29129005849, 0.65647455749, 2.0957557164, 0.63619752596, 0.53050919164, 1.2290688511, 0.90913022623, 0.98383895496, 0.89997694451, 1.270020534, 0.65481980709, 1.1838131247, 0.80458093269, 1.0493803908, 0.91204208097, 0.25380880748, 0.50768863919, 0.51274099319, 0.28539327659, 0.26156009771, 0.50377880921, 0.17636961353, 0.29687461716, 0.75918678786, 0.60612818198, 0.45060998738, 0.29209022818, 0.679047345, 0.17755834953, 0.36984150701, 0.3799150539, 0.58208529298, 0.16457193202, 0.17253140376, 10.7455338969],
      [0.68974188675, 3.6777161064, 0.97496827366, 0.71208858024, 5.766893877, 1.6102856101, 4.7754568995, 5.7208626524, 3.4304461825, 2.426630455, 2.7389136562, 2.0201686298, 1.8082586567, 0.86963907445, 2.4493061065, 0.90901160458, 0.37775272359, 1.9917456139, 3.1098112596, 7.1766608232, 0.54183475534, 1.699720242, 1.8261164894, 6.4663059203, 0.89485238512, 2.4046724664, 9.8029538882, 1.8339936968, 2.4091384143, 2.65275057, 2.7959626681, 2.9605008102, 3.4968924486, 4.1107595293, 1.9836779275, 4.3194947251, 2.3438986186, 2.5162854907, 2.0532443406, 0.80191115283, 1.3804257135, 1.348418234, 0.56386972914, 0.8577157275, 1.7417036095, 0.61238004924, 0.77748550664, 2.232141803, 1.9855669264, 1.5559226335, 1.2872700524, 3.0523454987, 1.2174291756, 1.5444181018, 1.3301172711, 2.8148655511, 0.68257029123, 0.6837330821, 43.1281486538],
      [0.001375591004, 0, 0, 0, 0, 0.0027703345155, 0, 0, 0.0061411642505, 0, 0, 0, 0, 0.0013567463867, 0.0044634449759, 0.0011899648272, 0, 0.0014816993906, 0, 0, 0, 0, 0.0018777372258, 0, 0, 0, 0.01372908607, 0.016800141163, 0.028485633807, 0.0074029311859, 0, 0.052501358274, 0.00069277306373, 0, 0, 0, 0, 0.0046586531675, 0.017063937165, 0, 0, 0, 0.00057311809717, 0, 0, 0.00025739144764, 0.00037995331529, 0.001678871616, 0.0014949008605, 0, 0, 0, 0.001224164389, 0, 0, 0, 0.0031722439183, 0, 0]
    ],
    [
      [0.54432868001, 0.035157631913, 0.826970894, 0, 0.29484764306, 0.91434161994, 0, 0, 0.63900703488, 0.79151417293, 0.56733932502, 1.0494596537, 0.63339202748, 0, 0, 0.6400084901, 0, 0, 0.85812729133, 0.66799898437, 0.57410540806, 0, 0.32205580062, 0, 0.68604599234, 0.38320518869, 0.50118625984, 0.8166820878, 0.98517791992, 0.29607788093, 0.99593947943, 1.2020036328, 1.7929809153, 1.3501894727, 2.0998042044, 1.3555910504, 0.99680138931, 0.19612952551, 0.21477452668, 1.2310204047, 0.29115933682, 0.77397430123, 0, 0.96650369529, 0.7322286279, 0.40540168739, 0.26845045513, 0.98306631482, 0.64161702297, 0.33657341695, 0.065229348007, 0.46971555316, 0.27429949283, 0.62663747513, 0, 0, 0, 0.007482249529, 7.1337480695],
      [2.6901603875, 1.6335887953, 1.3782229059, 0.70413706069, 0.99712497627, 2.1438885853, 0.75265345529, 1.6969368937, 1.6054981187, 1.9621003362, 1.0631527016, 2.102467653, 0.76175050667, 0.97353853855, 0.23516077823, 1.6005765996, 1.2026523305, 0.58667407363, 2.4440326517, 1.6569480562, 2.266187007, 0.41604418922, 0.75437150895, 1.0548622948, 2.1148390557, 1.5369125301, 1.2299805333, 2.5822340946, 2.9515098628, 0.71059644264, 1.2842895329, 2.1858846778, 2.3692480582, 2.1649307889, 5.577554831, 2.7411047651, 2.6872695487, 1.0980613911, 0.74629398834, 0.74799001894, 0.54513354713, 1.1879227037, 1.9305715876, 3.2534215675, 1.5917679231, 0.92235982958, 0, 1.5966655821, 0.28269130454, 0.21601524999, 0.91312444245, 0.82215260028, 1.8440097619, 1.9244593043, 2.0942803034, 1.3823270933, 2.4532552407, 2.2002402614, 18.1899123756],
      [122.8059312071, 112.0050687042, 105.9431009732, 87.3437571688, 102.8378567726, 69.2022531123, 102.3769472261, 94.5345456763, 87.658125608, 71.8776209056, 90.4773521117, 89.664308092, 73.4618533014, 65.3802213617, 97.0136533757, 64.6913055056, 74.1479464887, 73.9757514619, 73.1387405065, 115.2080321058, 85.9939439186, 84.4712370421, 55.9192766309, 106.4842721014, 96.4475521928, 105.3806725963, 91.316422757, 82.6295820476, 64.6186228639, 86.2822226775, 74.8767527786, 60.0390488665, 63.8722568998, 79.2091167044, 68.9621608111, 73.7970911064, 108.7095164368, 71.0697856334, 56.7096377601, 57.2616566902, 61.3857242521, 55.6783834322, 78.2809404572, 80.9540960229, 91.0171518338, 64.1146791723, 60.4021143675, 123.2804947028, 71.6474478297, 75.92582114, 58.9846169799, 70.9673534392, 52.623022692, 69.8824537246, 78.0409487454, 69.9589732579, 68.6912750384, 68.7146580702, 961.9902954635],
      [15.8547879418, 25.1055996516, 10.7975933253, 11.2115245442, 19.6314602532, 17.3516069801, 15.3313397834, 20.4351959564, 22.6108255149, 13.2467329575, 14.5690617622, 18.7218554272, 13.863884402, 10.0097900767, 12.5850441706, 13.1890422329, 14.7530746706, 16.3613918678, 18.5859231679, 24.9336898776, 14.1608441359, 16.9708464273, 10.6277684478, 26.6306229082, 16.5340969649, 21.5516941285, 23.7347320096, 13.4815669892, 16.3735622723, 10.2955602124, 12.8887579161, 11.0711145553, 14.2080505923, 14.9651354166, 17.4024616245, 16.1621539151, 18.2174126306, 9.3503444981, 6.8617197976, 10.5230904254, 10.2505940571, 11.4017983046, 9.1564126164, 16.783206901, 19.6527917286, 12.2264527852, 8.7320224902, 20.0665094541, 12.9806705511, 14.671258567, 14.4070756997, 17.7772359943, 19.9058367189, 16.5251617669, 15.2547752934, 19.1621130113, 16.210152153, 15.2404404824, 219.1526949844],
