{
  "X": [
    [3, 1, 26, 21, 3, 6, 3],
    [2, 7, 24, 12, 4, 6, 1],
    [49, 59, 516, 168, 102, 70, 64],
    [219, 95, 833, 470, 261, 165, 99],
    [95, 52, 474, 239, 132, 73, 64],
    [95, 53, 463, 251, 121, 73, 40],
    [112, 112, 720, 257, 242, 102, 87],
    [42, 52, 245, 101, 89, 37, 30],
    [25, 33, 299, 78, 89, 27, 39],
    [36, 30, 281, 104, 60, 63, 32],
    [102, 66, 623, 249, 167, 126, 82],
    [3, 15, 18, 12, 5, 5, 6],
    [185, 99, 488, 351, 100, 109, 77],
    [27, 11, 61, 83, 36, 8, 14],
    [61, 69, 329, 133, 83, 55, 53],
    [32, 30, 259, 106, 75, 73, 41],
    [67, 56, 542, 216, 143, 85, 69],
    [69, 84, 549, 152, 140, 76, 84],
    [31, 20, 219, 60, 31, 23, 28],
    [78, 59, 767, 244, 162, 72, 79],
    [52, 56, 505, 187, 120, 68, 64],
    [39, 18, 67, 95, 22, 15, 6],
    [63, 22, 226, 130, 63, 34, 28],
    [74, 40, 385, 231, 103, 76, 38],
    [69, 26, 270, 146, 60, 48, 17],
    [37, 17, 102, 136, 51, 26, 18],
    [83, 31, 360, 235, 123, 66, 50],
    [61, 31, 276, 176, 87, 43, 26],
    [116, 48, 459, 315, 137, 83, 43],
    [74, 24, 128, 151, 90, 34, 28],
    [9, 9, 64, 39, 17, 1, 10],
    [17, 8, 105, 59, 122, 20, 31],
    [35, 9, 97, 83, 43, 21, 22],
    [66, 58, 259, 167, 62, 50, 36],
    [2, 2, 86, 40, 29, 6, 17],
    [91, 64, 417, 285, 120, 75, 55],
    [5, 5, 65, 29, 13, 6, 9],
    [218, 220, 880, 530, 229, 141, 143],
    [15, 25, 85, 33, 7, 9, 7]
  ],
  "W": [
    [1, 3, 7, 2, 18, 29, 3],
    [3, 6, 4, 6, 16, 20, 1],
    [30, 27, 23, 48, 239, 614, 47],
    [62, 68, 117, 151, 685, 983, 76],
    [33, 25, 63, 72, 326, 581, 29],
    [41, 38, 50, 52, 356, 529, 30],
    [49, 75, 64, 151, 380, 849, 64],
    [20, 35, 21, 54, 160, 280, 26],
    [14, 39, 17, 68, 109, 320, 23],
    [26, 27, 25, 29, 155, 322, 22],
    [47, 42, 50, 94, 382, 746, 54],
    [0, 6, 6, 3, 17, 28, 4],
    [45, 64, 84, 50, 513, 598, 55],
    [7, 8, 14, 24, 108, 68, 11],
    [36, 41, 26, 52, 189, 404, 35],
    [27, 16, 20, 42, 153, 329, 29],
    [31, 35, 36, 81, 311, 626, 58],
    [36, 58, 32, 80, 214, 666, 68],
    [11, 19, 19, 15, 87, 245, 16],
    [35, 45, 47, 92, 314, 876, 52],
    [35, 45, 38, 70, 241, 569, 54],
    [8, 15, 18, 10, 124, 84, 3],
    [16, 13, 26, 28, 201, 263, 19],
    [29, 35, 43, 56, 327, 425, 32],
    [26, 11, 38, 41, 225, 277, 18],
    [9, 18, 20, 21, 178, 130, 11],
    [24, 14, 46, 69, 330, 431, 34],
    [13, 21, 34, 46, 248, 311, 27],
    [31, 25, 66, 69, 446, 535, 29],
    [17, 10, 24, 63, 233, 169, 13],
    [4, 4, 7, 10, 43, 74, 7],
    [2, 4, 7, 145, 59, 132, 13],
    [10, 7, 18, 20, 124, 118, 13],
    [32, 43, 29, 20, 258, 285, 31],
    [2, 2, 3, 23, 42, 94, 16],
    [26, 40, 42, 70, 416, 480, 33],
    [4, 3, 5, 8, 33, 73, 6],
    [85, 199, 103, 154, 731, 961, 128],
    [5, 17, 12, 2, 49, 90, 6]
  ],
  "method": "mvn_pdf",
  "cond_prob": [
    [
      [0.05182459926, 0.015090294718, 0.20171411543, 0.042044514632, 0.013836681134, 0.66798591504, 0.007503879785],
      [0.017421418662, 0.30880233308, 0.53094648492, 0.12409854866, 0.00078339821623, 0.0049128225588, 0.013034993897],
      [0.23844428649, 0, 0.034413585096, 0.64511218148, 0.0046462944073, 0.075932768879, 0.0014508836524],
      [0.00020486730738, 0, 0.016510435772, 0.24455549499, 0.65202890547, 0.03141286048, 0.055287435979],
      [0.068123357723, 0, 0.017951478972, 0.82288045277, 0.022126726459, 0.065178678184, 0.0037393058884],
      [0, 0, 0.78084469869, 0.023384493201, 0.041863671396, 0.11904193327, 0.034865203445],
      [5.698857609e-05, 0.019500902009, 0.32130252633, 0.030255042098, 0.011634568562, 0.032496080721, 0.5847538917]
    ],
    [
      [0.015151839722, 0.086046703321, 0.38748937354, 0.012005316381, 0.0021390178049, 0.49274529748, 0.0044224517515],
      [0, 0.75927349926, 0.22536992779, 0.015308157389, 0, 4.8415565125e-05, 0],
      [0.18586929602, 0.19886451505, 0.16117778223, 0.30912603836, 0.00043702476006, 0.14452534359, 0],
      [0, 0.009126097701, 0.071338635954, 0.1159259128, 0.6647686961, 0.052591726172, 0.08624893127],
      [0.075691706048, 0.064764454588, 0.099846065056, 0.58385495659, 0, 0.16662251091, 0.009220306809],
      [0, 0.0098124903922, 0.91358343998, 0.029589525127, 0, 0.047014544503, 0],
      [0, 0.10352316682, 0.54336352759, 0.0066056683681, 0.0032226709151, 0.021570818123, 0.32171414818]
    ],
    [
      [0.070834612419, 0.11130425634, 0.3060122397, 0.022711251913, 0.030521688329, 0.44046870056, 0.018147250744],
      [0.0058749988783, 0.78668344972, 0.17626804231, 0.020369279372, 0.00075928763401, 0.0009840964329, 0.0090608456589],
      [0.34891567198, 0.1215761057, 0.063517155045, 0.38225626875, 0.014580417006, 0.068851809358, 0.00030257216663],
      [0.0014808630422, 2.4178960096e-05, 0.016016104341, 0.084431816461, 0.79525695606, 0.015662538251, 0.087127542889],
      [0.16139582714, 0.025120707807, 0.033189255443, 0.62149575916, 0.084331688423, 0.073305138326, 0.001161623705],
      [5.1577492972e-05, 0.035418707713, 0.78104976383, 0.0080466666159, 0.067941887557, 0.059044144109, 0.04844725268],
      [0.00031752148322, 0.082384520097, 0.26242427763, 0.0094878890859, 0.014565374669, 0.013849837986, 0.61697057905]
    ],
    [
      [0.11301931313, 0.064230561926, 0.26150977199, 0.024476313162, 0.031900979643, 0.49098460776, 0.013878452391],
      [0.014714940859, 0.70183527365, 0.235437668, 0.034305416083, 0.0012361125518, 0.0016567159267, 0.010813872931],
      [0.46866532544, 0.05946894886, 0.046163976788, 0.34737175481, 0.012944183508, 0.065204624367, 0.00018118622712],
      [0.0023060642436, 0, 0.013550566855, 0.089325601187, 0.81222752806, 0.017116045637, 0.065474194022],
      [0.22569751583, 0.012563030633, 0.025489973302, 0.58610056108, 0.07770295139, 0.071804343668, 0.00064162410168],
      [0.0011707480038, 0.023511172971, 0.76714140961, 0.0097135759685, 0.081458531237, 0.074821902754, 0.042182659456],
      [0.00074321315989, 0.060761585811, 0.2864299273, 0.013048811635, 0.019434203862, 0.019696419394, 0.59988583884]
    ],
    [
      [0.10317142529, 0.090002974309, 0.28926670793, 0.027192848384, 0.03499940034, 0.43230524303, 0.023061400715],
      [0.010168141748, 0.74870467053, 0.19663009639, 0.028793399603, 0.0010269447779, 0.0011182234577, 0.013558523494],
      [0.41955717454, 0.081486338402, 0.04978880255, 0.37906944246, 0.013886487888, 0.05603524444, 0.00017650971669],
      [0.0019733159615, 0.00012743449721, 0.013144037388, 0.087504064989, 0.78789566249, 0.013293386994, 0.096062097677],
      [0.19583013832, 0.01745564755, 0.026379049714, 0.619263775, 0.080724328823, 0.059943964198, 0.0004030963879],
      [0.001569556045, 0.030626101433, 0.75831349814, 0.0086666061138, 0.079995656743, 0.059094152919, 0.061734428603],
      [0.00049729382458, 0.058109118885, 0.21640235683, 0.009856712256, 0.014565585138, 0.01183420537, 0.6887347277]
    ],
    [
      [0.1015948946, 0.074738416633, 0.3128471376, 0.027221025081, 0.03781729715, 0.4318024843, 0.013978744642],
      [0.011346272462, 0.70333668076, 0.24086886129, 0.03263254749, 0.0012506962679, 0.0012613240091, 0.0093036177193],
      [0.41934576001, 0.068666016163, 0.054661871078, 0.38517605625, 0.015209475246, 0.056817376722, 0.00012344453863],
      [0.0018955579845, 5.172129694e-05, 0.013828010089, 0.085260790724, 0.82939134504, 0.012904993627, 0.056667581241],
      [0.19236000393, 0.014221254528, 0.028514898125, 0.61811793875, 0.086926552151, 0.0596689449, 0.00019040761752],
      [0.001583036899, 0.02409464435, 0.78997011142, 0.0085063304893, 0.083039064687, 0.056736273008, 0.036070539151],
      [0.00066686779526, 0.065470242012, 0.31742026265, 0.013390073793, 0.021320762316, 0.016020217371, 0.56571157406]
    ],
    [
      [0.093484902754, 0.10314211294, 0.30152566277, 0.021656321309, 0.038541953029, 0.42525090989, 0.016398137307],
      [0.0084011456316, 0.77405190202, 0.18603033735, 0.020799640083, 0.00093819242178, 0.0010149444642, 0.0087638380356],
      [0.42323249825, 0.10407893087, 0.057916183838, 0.33602862777, 0.016963226008, 0.061531317787, 0.00024921548081],
      [0.001804772721, 8.8344706826e-06, 0.013308883568, 0.067404615702, 0.83885250782, 0.012695419298, 0.065924966417],
      [0.20499926225, 0.022618523517, 0.031853482007, 0.56909241963, 0.10226971123, 0.068242397097, 0.00092420426886],
      [0.0017580552892, 0.033434383256, 0.77230213602, 0.0068558246537, 0.085000859947, 0.056984772493, 0.043663968342],
      [0.00058507312367, 0.082014498647, 0.27762270931, 0.0096753673453, 0.019695068136, 0.014365456016, 0.59604182742]
    ],
    [
      [0.079246564054, 0.12871644918, 0.31212115777, 0.01881648598, 0.038581836694, 0.40715479228, 0.015362714039],
      [0.0060229418793, 0.81198359622, 0.1587005518, 0.014882488893, 0.00073111465531, 0.00088220903328, 0.0067970975238],
      [0.39284909895, 0.14098628877, 0.064902162424, 0.31886423025, 0.018456478404, 0.063671443308, 0.00027029789745],
      [0.0013040807462, 0, 0.01384408267, 0.05877111969, 0.85190427272, 0.012213766075, 0.061962678095],
      [0.19438743144, 0.02978179963, 0.036608901842, 0.55212104027, 0.11362394111, 0.072370850051, 0.001106035659],
      [0.0027360088337, 0.037921182503, 0.77765847567, 0.0059818702109, 0.082568655986, 0.053189005341, 0.039944801459],
      [0.00061318503425, 0.10240438627, 0.28810516059, 0.0084116833916, 0.01974243179, 0.013735602188, 0.56698755073]
    ],
    [
      [0.062686448507, 0.061024937478, 0.41298743464, 0.019236174811, 0.036452068028, 0.38385210073, 0.023760835798],
      [0.0073704429226, 0.61283703232, 0.33635517439, 0.02440348736, 0.0013040475265, 0.00085388470777, 0.016875930769],
      [0.35951849332, 0.076781711806, 0.098568993859, 0.37582462794, 0.020074869377, 0.068723693128, 0.00050761057004],
      [0.00085282810548, 0, 0.01871716722, 0.060851699997, 0.81151838395, 0.010931590199, 0.097128330532],
      [0.16023028706, 0.015007609146, 0.050458518924, 0.59050364007, 0.11218360886, 0.069680517561, 0.0019358183861],
      [0.00060612226901, 0.013987315287, 0.8285807772, 0.0054359589993, 0.063644719407, 0.037094825293, 0.050650281545],
      [0.0002641449383, 0.035997705438, 0.28287202525, 0.0064182445193, 0.013911596987, 0.0093738113706, 0.65116247149]
    ],
    [
      [0.053950400781, 0.050070704995, 0.26669887594, 0.016131290482, 0.02543665325, 0.5729034831, 0.014808591443],
      [0.008371904226, 0.66287389537, 0.28546911682, 0.026662875747, 0.0012403473222, 0.0016463394706, 0.013735521046],
      [0.35775498246, 0.073413245925, 0.07421744026, 0.35904571811, 0.016315279004, 0.11885663418, 0.00039670006476],
      [0.0013981838343, 0, 0.017016103382, 0.07120763735, 0.80145836678, 0.023583683823, 0.085336024828],
      [0.16162470851, 0.014536864001, 0.039072466592, 0.57102817511, 0.092149684531, 0.12000507896, 0.0015830222935],
      [0.0010147786046, 0.017716268237, 0.7818001328, 0.0097080478018, 0.065348061629, 0.078668724146, 0.045743986781],
      [0.00037444288344, 0.045790138851, 0.28242659013, 0.0083711741868, 0.01498663996, 0.021481780636, 0.62656923335]
    ],
    [
      [0.078243755546, 0.067555396006, 0.2624714112, 0.018794268298, 0.028830516623, 0.52753710825, 0.016567544083],
      [0.0099465233703, 0.71980608831, 0.22947287384, 0.025567396989, 0.0010988370686, 0.0015664163227, 0.0125418641],
      [0.41534125079, 0.079928030814, 0.059093466074, 0.34123067473, 0.014929108718, 0.089170658823, 0.00030681005526],
      [0.0019266774159, 8.4666563183e-05, 0.014856049335, 0.074910362302, 0.80318429426, 0.019698791668, 0.085339158453],
      [0.19766644916, 0.01726447112, 0.032096820835, 0.5677436882, 0.088438599955, 0.09560376098, 0.0011862097439],
      [0.0019021058319, 0.025344102794, 0.76478376664, 0.0074769128836, 0.073351907785, 0.076809859462, 0.050331344603],
      [0.00053823630863, 0.057165774605, 0.25713269554, 0.0089604633079, 0.015721612486, 0.01868435585, 0.6417968619]
    ],
    [
      [0.017450236049, 0.56973527424, 0.10555768854, 0.0069774526808, 0.0090259733778, 0.27618234461, 0.015071030502],
      [0.0041332546475, 0.93584552756, 0.02533621062, 0.016035071794, 0.004539319201, 0.0075031125578, 0.0066075036239],
      [0.10558679072, 0.63837854876, 0.03823335402, 0.15274524059, 0.0092569885072, 0.050264022991, 0.005535054418],
      [0, 0, 0, 0.073883263526, 0.70626969541, 0.025563146247, 0.19428389482],
      [0.10616567081, 0.12102408574, 0.066067042674, 0.50902383391, 0.068534767219, 0.11249150732, 0.016693092326],
      [0.018793743661, 0.080293614102, 0.57681056778, 0.073681748405, 0.05739043169, 0.093553677261, 0.0994762171],
      [0.0026596253756, 0.31225622242, 0.086186747207, 0.012293550818, 0.0065974843688, 0.011212290064, 0.56879407974]
    ],
    [
      [0.14716780045, 0.094874996652, 0.22014972639, 0.027604744059, 0.022106088365, 0.47167448482, 0.016422159257],
      [0.014321134203, 0.79353318536, 0.15115382556, 0.029636891615, 0.00035415640516, 0.0012355997409, 0.0097652071112],
      [0.51061249669, 0.073364565613, 0.03244573087, 0.32395209224, 0.0071588931631, 0.052270880467, 0.00019534095919],
      [0.0038064844435, 0.00010536697894, 0.014612739338, 0.12821354311, 0.73243478592, 0.021163151794, 0.09966392842],
      [0.26187816266, 0.017927685714, 0.019362422105, 0.5914796648, 0.046402975922, 0.062165517545, 0.00078357124985],
      [0, 0.04023894417, 0.74061915558, 0.016814697242, 0.062349913347, 0.082615334177, 0.057361955484],
      [0.00064772730371, 0.082123964404, 0.2207302098, 0.01371119193, 0.012172706588, 0.017305052943, 0.65330914703]
    ],
    [
      [0.13341398886, 0.087174428663, 0.32068577767, 0.041322240696, 0.049473509224, 0.34342540498, 0.024504649905],
      [0.012519686936, 0.72609253312, 0.2051553652, 0.041064759233, 0.0014118805387, 0.0001122549343, 0.013643520039],
      [0.41487202496, 0.059113840064, 0.041015430569, 0.43788012541, 0.01486310977, 0.031870769032, 0.00038470018856],
      [0.0025090533109, 0.00031021851681, 0.010353136061, 0.094566164776, 0.81444753865, 0.00523367165, 0.072580217033],
      [0.1837069425, 0.012817218963, 0.020991780511, 0.67519841404, 0.081703964254, 0.023671000004, 0.0019106797312],
      [0.0036381335242, 0.026632486369, 0.75978252148, 0.013432632272, 0.10089735105, 0.035105610481, 0.06051126483],
      [0.00088873491532, 0.050066455266, 0.21444923506, 0.013406256391, 0.018410719644, 0.0072432478631, 0.69553535086]
    ],
    [
      [0.12015027192, 0.13593477735, 0.25304130796, 0.025885125761, 0.027934244423, 0.4177007153, 0.019353557274],
      [0.0086430811116, 0.83529139388, 0.12606304567, 0.020082509368, 0.00065252102318, 0.00091330275837, 0.0083541461863],
      [0.45330280162, 0.113440993, 0.040193796602, 0.33270149852, 0.010219658993, 0.049898017811, 0.00024323344777],
      [0.0023184267874, 0, 0.01413692299, 0.10129224694, 0.76841520256, 0.015743948342, 0.098093252389],
      [0.2310343963, 0.024189835695, 0.023766021322, 0.59611522381, 0.065093853192, 0.058838092114, 0.00096257756795],
      [0.0017973303319, 0.046737786662, 0.74501688363, 0.010618896138, 0.071739564575, 0.064940471521, 0.05914906714],
      [0.00063344272721, 0.098742579726, 0.21323343762, 0.010614441324, 0.013108280869, 0.012941290141, 0.65072652759]
    ],
    [
      [0.05299377703, 0.061426161122, 0.19748033785, 0.017331010346, 0.02504970712, 0.63165637835, 0.014062628175],
      [0.0075979126514, 0.7556153934, 0.19576204527, 0.026341249618, 0.001169561287, 0.0014529366916, 0.012060901082],
      [0.3422746, 0.087523171079, 0.053732226042, 0.37333496557, 0.015641860004, 0.12712277436, 0.00037040293571],
      [0.0013768561669, 0.00027389412181, 0.013650708691, 0.077783964421, 0.79951031329, 0.024926239592, 0.082478023721],
      [0.15244435626, 0.018394400111, 0.03057708617, 0.58689967809, 0.087501019797, 0.12258776509, 0.0015956944731],
      [0.00063775578609, 0.030015649826, 0.72191259716, 0.013040630602, 0.080699575688, 0.099836362589, 0.053857428348],
      [0.00036114816878, 0.06207546106, 0.23104569718, 0.010033058398, 0.016374418574, 0.025192479172, 0.65491773745]
    ],
    [
      [0.070169958671, 0.076791036611, 0.30745760931, 0.021561297702, 0.032551498864, 0.47539446028, 0.016074138566],
      [0.0077394251496, 0.71816623259, 0.23530062878, 0.025690731766, 0.0010651779891, 0.0013817367144, 0.010656067014],
      [0.36498546076, 0.088802413233, 0.067545135464, 0.38325537018, 0.016462121765, 0.078670997387, 0.00027850121013],
      [0.0013720154644, 0.00010132880302, 0.015408670409, 0.077150306736, 0.8154251104, 0.01624352565, 0.074299042538],
      [0.16468211957, 0.018303829431, 0.034178133017, 0.60747381625, 0.092836013743, 0.081532825607, 0.00099326238528],
      [0.00010716477673, 0.025469988664, 0.78761831264, 0.007802055777, 0.072597014199, 0.063506712674, 0.042898751265],
      [0.00034512457659, 0.062790713076, 0.29095003173, 0.0099588313245, 0.017134841675, 0.016458940783, 0.60236151683]
    ],
    [
      [0.11558054898, 0.098016668129, 0.2711138413, 0.024961053708, 0.03406992725, 0.43890306795, 0.017354892671],
      [0.010822833551, 0.77632422339, 0.1758300732, 0.025197490258, 0.00094024636745, 0.0011195659405, 0.009765567299],
      [0.45989452336, 0.08640244359, 0.045434232534, 0.33948645821, 0.013136717916, 0.055408711828, 0.00023691255805],
      [0.0022701657738, 6.7172525645e-05, 0.012901087597, 0.084712144221, 0.80973012308, 0.01426733842, 0.076051968379],
      [0.22593870505, 0.019213385101, 0.025114230945, 0.58561951578, 0.080606860563, 0.062587931589, 0.00091937096731],
      [0.001379232228, 0.034958022063, 0.75716492861, 0.0088909285188, 0.082715842089, 0.064296912733, 0.050594133762],
      [0.00064244611165, 0.077656410126, 0.2486689286, 0.011109921481, 0.017375654675, 0.014772465246, 0.62977417376]
    ],
    [
      [0.10411314464, 0.062528584584, 0.358331119, 0.021353564746, 0.026900894318, 0.40204751314, 0.024725179563],
      [0.012384412817, 0.64452233443, 0.29593081112, 0.027384565172, 0.00085869765824, 0.0012341545958, 0.017685024212],
      [0.47289981195, 0.061685147413, 0.067133695612, 0.3299549834, 0.011552697018, 0.056412790597, 0.00036087401335],
      [0.0023651426581, 0, 0.019954145079, 0.083978044721, 0.75289977184, 0.014910560836, 0.12589233487],
      [0.23366734189, 0.013432619113, 0.038618183394, 0.57678344064, 0.071891782682, 0.064255782936, 0.0013508493491],
      [0.0010726600982, 0.016880156763, 0.81865956218, 0.0058091104802, 0.052070686597, 0.046975326584, 0.0585324973],
      [0.00043859564742, 0.036872946558, 0.24559032488, 0.0070373306761, 0.010179611031, 0.0099574284863, 0.68992376272]
    ],
    [
      [0.095297628619, 0.070834874144, 0.35932553191, 0.029792352406, 0.035397077124, 0.39073575636, 0.018616779433],
      [0.010617515569, 0.66293659623, 0.27619381552, 0.035656963821, 0.0011859164366, 0.0010113307949, 0.012397861632],
      [0.39018666444, 0.064488833559, 0.062323943086, 0.41771762354, 0.014118696502, 0.050891892765, 0.00027234610549],
      [0.0017691676149, 0, 0.016505098829, 0.096003561098, 0.79649163789, 0.011779331744, 0.077451202819],
      [0.17368826691, 0.012639107992, 0.031953674975, 0.65124968886, 0.078348994772, 0.05112240648, 0.0009978600144],
      [0.0012792059441, 0.019463582631, 0.81278931553, 0.0088700932351, 0.069993835243, 0.043538967593, 0.044064999825],
      [0.00051072945337, 0.050747675062, 0.29827492157, 0.012020084457, 0.016360434757, 0.01174134452, 0.61034481018]
    ],
    [
      [0.07331115892, 0.073191910218, 0.33175516291, 0.026311055009, 0.033876456384, 0.44434279046, 0.017211466102],
      [0.0080683927058, 0.69025181378, 0.25605239008, 0.031622753897, 0.0011523438172, 0.0013372889338, 0.011515016786],
      [0.34768466122, 0.076992228242, 0.066301759923, 0.42622350126, 0.015604358196, 0.066909738396, 0.0002837527702],
      [0.0012454214101, 4.5171219048e-05, 0.015792090237, 0.089156895637, 0.80402087234, 0.014422716696, 0.075316832464],
      [0.14837591428, 0.01713582426, 0.032428042091, 0.64964743159, 0.084618138106, 0.066803434274, 0.00099121539084],
      [0, 0.02158952657, 0.79877654423, 0.0088537962462, 0.071334392056, 0.056158101186, 0.043287639713],
      [0.00024518145688, 0.056183529605, 0.29485716186, 0.011403191275, 0.016774102153, 0.014482904991, 0.60605392866]
    ],
    [
      [0.18000942943, 0.085372249991, 0.21069790453, 0.044620180981, 0.032332058334, 0.43589102906, 0.011077147677],
      [0.018581082845, 0.77560881993, 0.14839370349, 0.049036648398, 0.00069917345808, 0.00080201847069, 0.0068785534068],
      [0.48011326099, 0.049764779649, 0.022473979866, 0.40381738996, 0.008003909977, 0.03554427401, 0.00028240554101],
      [0.0037300842429, 0.00010545756317, 0.0093710043025, 0.14752361189, 0.77856138037, 0.013301042096, 0.047407419527],
      [0.22717691326, 0.011045553431, 0.0068693194546, 0.67071495412, 0.046631749571, 0.035927618491, 0.0016338916729],
      [0.0050906952939, 0.037460946043, 0.72572518375, 0.022818645914, 0.094679579117, 0.07400248897, 0.040222460913],
      [0.0014377107107, 0.089900332906, 0.25918616118, 0.026039706947, 0.021916718504, 0.018933456973, 0.58258591278]
    ],
    [
      [0.12585049815, 0.072992574333, 0.30906553225, 0.025260884284, 0.037105913472, 0.41114547755, 0.018579119963],
      [0.014005239056, 0.70183271345, 0.23891809776, 0.030356049567, 0.0012463083979, 0.0011954604696, 0.012446131302],
      [0.48840420817, 0.062522329598, 0.050135793791, 0.33442404594, 0.013960174331, 0.050255899056, 0.00029754910708],
      [0.0021706036216, 7.2064750679e-05, 0.013501827621, 0.078880296278, 0.81822119017, 0.012186961564, 0.074967055993],
      [0.23854250739, 0.01402163587, 0.027338050154, 0.57642007725, 0.085718052435, 0.056588672893, 0.0013710040069],
      [0.00033041039013, 0.023726512498, 0.78232521542, 0.0085112293823, 0.081949106927, 0.053769463845, 0.049388061535],
      [0.00058398367476, 0.053803871384, 0.2642607718, 0.010454466409, 0.017631676666, 0.012765833225, 0.64049939684]
    ],
    [
      [0.073884963428, 0.055466220573, 0.3041597299, 0.02275797085, 0.02951135723, 0.5010631328, 0.013156625219],
      [0.010202073867, 0.65090501122, 0.29107613457, 0.03387471463, 0.0012475561015, 0.0018028019452, 0.010891707663],
      [0.37762247684, 0.063025492994, 0.065723857193, 0.39733702362, 0.01471154377, 0.0813962666, 0.00018333897358],
      [0.0015127387944, 0, 0.0168113459, 0.088810615317, 0.80775539634, 0.018625944916, 0.06648395873],
      [0.16803119879, 0.011752555461, 0.033583857799, 0.6211552696, 0.081921593224, 0.083086011016, 0.00046951411337],
      [0.00050962991824, 0.017403791093, 0.80164002363, 0.0084569529124, 0.067944015986, 0.068377844415, 0.035667742043],
      [0.00046840248396, 0.051875348804, 0.32953782341, 0.011985600406, 0.017782494414, 0.019789663221, 0.56856066726]
    ],
    [
      [0.085229787692, 0.077839445456, 0.35810685102, 0.018315797266, 0.021623608116, 0.42905392529, 0.0098305851617],
      [0.0090039367342, 0.70168769386, 0.2605414023, 0.020745985917, 0.00055127923566, 0.0012089130103, 0.0062607889415],
      [0.43497942986, 0.088216034412, 0.077307773511, 0.3196217666, 0.010422865787, 0.069452129835, 0],
      [0.0026420337884, 0.00024600642417, 0.026259061787, 0.093644135937, 0.78971717276, 0.020959779615, 0.066531809683],
      [0.21838601582, 0.0209583874, 0.046886091067, 0.56685585768, 0.065912491646, 0.081001156382, 0],
      [0.0032447131488, 0.024501433961, 0.85137828245, 0.0057184001209, 0.041798143438, 0.05336743236, 0.019991594524],
      [0.00065563298995, 0.077376657913, 0.4126552663, 0.010221217218, 0.013825154528, 0.018040502872, 0.46722556818]
    ],
    [
      [0.10755172751, 0.052243015079, 0.22488524092, 0.038971091253, 0.051377601398, 0.50518129777, 0.019790026065],
      [0.015848936485, 0.67166353295, 0.2296045124, 0.061627527773, 0.0016977312957, 0.0020367479045, 0.017521011186],
      [0.38087552603, 0.04058842198, 0.033627132216, 0.47142956873, 0.017099177108, 0.056070358966, 0.00030981497113],
      [0.0011864965887, 0, 0.0075553495768, 0.088354882087, 0.83396037466, 0.010900673101, 0.058042223985],
      [0.15633866246, 0.0046858598007, 0.018847352802, 0.67950902281, 0.08539584929, 0.053762672415, 0.0014605804299],
      [0.0020714018256, 0.018218813093, 0.68864404229, 0.016345674615, 0.13218534504, 0.079417205546, 0.063117517594],
      [0.00061477198646, 0.038688371357, 0.19394475695, 0.016216092831, 0.02430318054, 0.015672102958, 0.71056072338]
    ],
    [
      [0.095711490567, 0.06949472531, 0.28443654252, 0.026915282754, 0.036497663271, 0.46882640777, 0.018117887807],
      [0.011425292152, 0.70397684255, 0.23438766603, 0.03454058192, 0.0012710676247, 0.0014741851509, 0.012924364571],
      [0.40907861037, 0.066064484574, 0.051336897663, 0.39428230365, 0.015163245687, 0.063785373481, 0.00028908457801],
      [0.0018032519421, 2.1151456756e-05, 0.01264481038, 0.085351038466, 0.8117046161, 0.014243588065, 0.074231543587],
      [0.18473457717, 0.013349940656, 0.025945125099, 0.62321243153, 0.085326878502, 0.066301788275, 0.0011292587676],
      [0.0014380087225, 0.023678320981, 0.76436023692, 0.0087885177423, 0.084979892613, 0.065914289037, 0.050840733984],
      [0.0005511014776, 0.053682008722, 0.25461626622, 0.011655996839, 0.018144991175, 0.015351298797, 0.64599833677]
    ],
    [
      [0.093913472561, 0.073133567185, 0.31342440856, 0.026719851823, 0.036763127951, 0.44408530119, 0.011960270731],
      [0.010574992143, 0.70272017921, 0.24378418997, 0.03232214888, 0.0012649404351, 0.0013469900927, 0.0079865592697],
      [0.40391137291, 0.069769808957, 0.056763480556, 0.39360817777, 0.015413223612, 0.060533936193, 0],
      [0.001792834349, 9.3673381658e-05, 0.014272584335, 0.086168836775, 0.83412050489, 0.013702352984, 0.049849213288],
      [0.18186132265, 0.014477436607, 0.029340057765, 0.62393043006, 0.08715839894, 0.063232353979, 0],
      [0.0020004716171, 0.023945316335, 0.79619794276, 0.008067344142, 0.08160184359, 0.058991948103, 0.029195133454],
      [0.00066067679555, 0.069565174985, 0.34539344285, 0.014212651116, 0.022535795052, 0.01785268807, 0.52977957113]
    ],
    [
      [0.096985940204, 0.076748924945, 0.29484492936, 0.02645022057, 0.033998908287, 0.4567207893, 0.014250287341],
      [0.010779208092, 0.71963795911, 0.22607080328, 0.031592985766, 0.0011209030753, 0.0013409898842, 0.0094571507858],
      [0.41224867728, 0.072750843802, 0.053075513053, 0.3856154951, 0.01412158567, 0.062017975396, 0.00016990970256],
      [0.0019630023834, 8.5372565459e-05, 0.014192273947, 0.090661828114, 0.81500188078, 0.014982475222, 0.063113166987],
      [0.18972523577, 0.015287228978, 0.027337055366, 0.6205907972, 0.080981967604, 0.065578352415, 0.00049936266866],
      [0.0013912502394, 0.026238408417, 0.78276740338, 0.0084484638526, 0.078639120106, 0.06343366195, 0.039081692056],
      [0.0006317846818, 0.067818459437, 0.30182409806, 0.013120896191, 0.019343794129, 0.017110320611, 0.58015064689]
    ],
    [
      [0.15397042689, 0.10358463056, 0.21395836953, 0.029104599711, 0.040685497104, 0.43566332615, 0.023033150049],
      [0.013709961403, 0.81084391681, 0.13295723697, 0.028032474618, 0.0010165779685, 0.0010524260262, 0.012387406207],
      [0.50952292599, 0.075789646893, 0.029753909228, 0.32637066379, 0.012932275287, 0.045507062872, 0.00012351594119],
      [0.0016752384053, 0.00030292383023, 0.008632476667, 0.082192717649, 0.81112143321, 0.011854562126, 0.084220648111],
      [0.25244573682, 0.018055271795, 0.017478380689, 0.57811183203, 0.080708381496, 0.05320039717, 0],
      [0.0004977587142, 0.042578003769, 0.68382287376, 0.014036634362, 0.11157850722, 0.072132559882, 0.075353662289],
      [0.00056422959594, 0.068463493874, 0.16435900999, 0.010893218826, 0.017333481674, 0.012161316295, 0.72622524974]
    ],
    [
      [0.11504736157, 0.15275915739, 0.37773945149, 0.052470835343, 0.043730211779, 0.23254901923, 0.025703963201],
      [0.0053789378208, 0.80800958338, 0.14539243478, 0.031503677879, 0.0010103362755, 0, 0.008705029871],
      [0.33698590591, 0.091227575778, 0.043003543926, 0.50869941642, 0.011999104979, 0.0075764155721, 0.00050803741451],
      [0.0036247312629, 0.0005190359271, 0.013596420078, 0.12725206524, 0.77478071196, 0, 0.080227035535],
      [0.13939312171, 0.018754544683, 0.02401156762, 0.75235123446, 0.063032602845, 0, 0.0024569286843],
      [0.0016769531049, 0.042719917266, 0.79536516383, 0.018546725706, 0.083441357, 0, 0.058249883089],
      [0.00073534072294, 0.077917478312, 0.22585198791, 0.015303513699, 0.014882087572, 0.0023955734382, 0.66291401835]
    ],
    [
      [0.11755546308, 0.058936803973, 0.22537625912, 0.029092338633, 0.025821345818, 0.52534405442, 0.017873734956],
      [0.015585347684, 0.71728604319, 0.20840905262, 0.041630578602, 0.001025185547, 0.0017758362021, 0.014287956158],
      [0.4599139026, 0.049480798325, 0.035788538398, 0.38318460818, 0.0095626164017, 0.061844919896, 0.00022461620367],
      [0.0036330324847, 0.00063747660989, 0.012505049308, 0.11839502057, 0.74942093935, 0.01981968793, 0.095588793755],
      [0.21345176271, 0.010731185526, 0.018877370554, 0.63325169258, 0.056264821383, 0.066597020852, 0.00082614639384],
      [0.0026715897541, 0.02507451591, 0.74048593736, 0.010538006502, 0.073577773135, 0.086929150382, 0.060723026961],
      [0.00077360055367, 0.04855434434, 0.21491928917, 0.013296619124, 0.013799348498, 0.017812867431, 0.69084393089]
    ],
    [
      [0.10846702702, 0.052988308527, 0.27915476222, 0.026269448252, 0.048027301089, 0.45393452341, 0.031158629487],
      [0.015022167728, 0.64933996282, 0.26721949271, 0.039008654023, 0.0017979928081, 0.001730614582, 0.025881115322],
      [0.45197570566, 0.048204033237, 0.048647488893, 0.37330665255, 0.018899911671, 0.058929045015, 3.7162977959e-05],
      [0.0017074091754, 0, 0.0099310358062, 0.062282155579, 0.81987069841, 0.010422372792, 0.095786328238],
      [0.20311674677, 0.0074515243152, 0.028652429633, 0.59174681834, 0.10628379824, 0.06274868271, 0],
      [0.0037890488582, 0.015145583496, 0.72520837925, 0.0086940808193, 0.10499869399, 0.061623831153, 0.080540382433],
      [0.00052917737521, 0.02660743916, 0.16431926055, 0.0074288516405, 0.015422445274, 0.0097631896632, 0.77592963634]
    ],
    [
      [0.087601646091, 0.105833848, 0.3088969447, 0.021864627579, 0.032948197869, 0.42461957177, 0.018235163994],
      [0.0076149605359, 0.77676458024, 0.18400711298, 0.020243461125, 0.00089657739121, 0.001017905072, 0.0094554026512],
      [0.40569870499, 0.10878377178, 0.060217851375, 0.34772103718, 0.014842993594, 0.062418290571, 0.00031735050717],
      [0.0018263082358, 5.5936150607e-05, 0.015126348275, 0.07657653308, 0.81020347772, 0.014127459166, 0.082083937369],
      [0.19615472008, 0.023352489046, 0.032212719565, 0.58800208232, 0.089529829663, 0.069352316933, 0.0013958423919],
      [0.001556450284, 0.033768097275, 0.78139421362, 0.006427979566, 0.072599959989, 0.05604823557, 0.048205063696],
      [0.00051642903051, 0.077669093925, 0.26277144279, 0.008964868877, 0.015577542633, 0.013196105461, 0.62130451728]
    ],
    [
      [0.049932580234, 0.044083386131, 0.4201961498, 0.043745354117, 0.04255640126, 0.37662808886, 0.022858039605],
      [0.0062110871053, 0.53166936288, 0.37995876649, 0.061239803236, 0.001740110001, 0.0011930944437, 0.017987775838],
      [0.20818306212, 0.038427633935, 0.069094507953, 0.62124700732, 0.016551649067, 0.046089707319, 0.00040643229282],
      [0, 0, 0.01131419136, 0.11474394672, 0.78960862738, 0.0082614268004, 0.076071807744],
      [0.030075320928, 0.0089809711091, 0.060326565723, 0.78610981294, 0.075532806802, 0.036527062917, 0.0024474595853],
      [0, 0, 0.81697848616, 0.021417945666, 0.077188312897, 0.034502805866, 0.049912449414],
      [0, 0.022250675849, 0.28765542395, 0.016079928302, 0.017042143914, 0.0086672063228, 0.64830462167]
    ],
    [
      [0.078438196496, 0.097484842641, 0.30616486708, 0.023165623093, 0.029063768079, 0.44578707688, 0.019895625732],
      [0.0072158796543, 0.76155847807, 0.19531323969, 0.023016099182, 0.00079535255158, 0.0011090036907, 0.010991947164],
      [0.37428554478, 0.10363006361, 0.061830194804, 0.37856100631, 0.013517463141, 0.067864743288, 0.00031098406581],
      [0.0016993330859, 8.5395493123e-05, 0.016457810891, 0.088629003757, 0.77839997011, 0.016325552866, 0.098402933797],
      [0.17438464216, 0.021853957181, 0.032382963782, 0.61875758612, 0.078660902787, 0.072841597708, 0.0011183502552],
      [0.00057642278606, 0.031854050476, 0.78285698259, 0.0076412915094, 0.0645817431, 0.059647690208, 0.052841819331],
      [0.00037367972136, 0.068588612022, 0.24956376812, 0.0091661076455, 0.013170433974, 0.013305211772, 0.64583218675]
    ],
    [
      [0.065478336011, 0.075321634757, 0.39124991086, 0.035685874703, 0.032694960889, 0.37572138925, 0.023847893531],
      [0.0060436973509, 0.68419406587, 0.25770511317, 0.03650015965, 0.0010286414203, 0.00084117223318, 0.013687150304],
      [0.28242686346, 0.067291644674, 0.065041727906, 0.52501387814, 0.012994972792, 0.046728480622, 0.00050243239867],
      [0.00070729421219, 0.00033324477791, 0.016764109553, 0.11306899417, 0.76138700374, 0.010640529402, 0.097098824137],
      [0.10006554221, 0.021748586122, 0.027987746728, 0.74102865424, 0.065050646253, 0.041897702502, 0.0022211219447],
      [0, 0.018340416528, 0.81863260478, 0.0095642345909, 0.061533056461, 0.03757289665, 0.054356790991],
      [0, 0.0417422222, 0.25313128504, 0.010999993837, 0.011913148373, 0.008396441664, 0.67381690889]
    ],
    [
      [0.11824252781, 0.095080939784, 0.29563549384, 0.028504057703, 0.027845480993, 0.41731533438, 0.01737616548],
      [0.011244977806, 0.75429827803, 0.19383629982, 0.029186153054, 0.00058082595021, 0.00096586647412, 0.0098875988676],
      [0.44495131783, 0.079964354831, 0.047351275551, 0.36699507275, 0.010169199212, 0.050338184702, 0.00023059512708],
      [0.0027402972852, 9.9899796303e-05, 0.016418618887, 0.11186394212, 0.76509357039, 0.015644260248, 0.088139411264],
      [0.215834876, 0.017600039695, 0.026092250869, 0.62269331504, 0.061262040248, 0.055615627665, 0.00090185048178],
      [0.0016616409649, 0.032467028284, 0.78631567881, 0.010346644722, 0.063563709316, 0.057568166895, 0.048077131005],
      [0.00068368526321, 0.074176613096, 0.26694615581, 0.012575251417, 0.013894033734, 0.013780529981, 0.6179437307]
    ],
    [
      [0.06964000229, 0.19337899522, 0.36107033489, 0.016949495432, 0.017551869955, 0.32671662422, 0.014692677991],
      [0.0031527352239, 0.8582471057, 0.12405274696, 0.0092354085714, 0, 0.00055815751497, 0.0047538460284],
      [0.35836677465, 0.21189694675, 0.075946706442, 0.29474195447, 0.0076949800954, 0.050785626952, 0.00056701064137],
      [0.0024009314255, 0, 0.028669475814, 0.095664518968, 0.74910232396, 0.017195173366, 0.10696757647],
      [0.19966334673, 0.045448734378, 0.052454612461, 0.57918720656, 0.056123744106, 0.064796056788, 0.0023262989747],
      [0.0056161966825, 0.042549987081, 0.84117050001, 0.0067561541606, 0.028043978812, 0.038651506524, 0.037211676734],
      [0.00067310663362, 0.14060900736, 0.30690519785, 0.0069651816133, 0.0079457811454, 0.0099113268818, 0.52699039852]
    ]
  ],
  "expected_outcome": [
    [
      [0.05182459926, 0.045455519165, 2.1250383726, 7.0071974139, 3.4046570346, 4.1653906784, 4.5807602349, 1.5849312811, 0.87761027909, 1.4027104203, 3.6774565107, 0, 6.6225510202, 0.93389792199, 4.3254097891, 1.4308319798, 2.1752687188, 4.1608997634, 1.1452445911, 3.3354170017, 2.5658905622, 1.4400754354, 2.0136079704, 2.1426639394, 2.21597448, 0.96796554757, 2.2970757736, 1.2208751433, 3.0065641463, 2.6174972572, 0.46018944627, 0.23511092616, 1.0846702702, 2.8032526749, 0.099865160468, 2.0393931089, 0.26191334405, 10.0506148642, 0.34820001145],
      [0.015090294718, 0.25814010996, 3.3391276901, 3.9822948394, 2.9700981522, 3.064275082, 5.053963534, 2.5743289836, 0.8543491247, 1.3018383299, 3.1751036123, 0, 4.2693748494, 0.61022100064, 4.8936519848, 1.6585063503, 2.380522135, 3.5286000526, 0.68781443042, 2.479220595, 2.5617168576, 0.68297799993, 1.1678811893, 1.6085203966, 2.0238255819, 0.47018713571, 1.6678734074, 0.9507363734, 2.3792166733, 1.7609387196, 0.61103662956, 0.11787360795, 0.52988308527, 3.3866831359, 0.088166772263, 2.5346059087, 0.30128653903, 8.0818798817, 0.96689497612],
      [0.20171411543, 1.1624681206, 9.1803671909, 16.2136058637, 9.5458013616, 12.8267326417, 14.7747574759, 6.2424231554, 5.781824085, 6.9341707745, 12.3361563262, 0, 9.9067376878, 2.2448004437, 9.1094870866, 5.331969122, 9.5311858886, 9.7600982869, 3.941642309, 12.576393617, 11.6114307019, 1.6855832362, 4.945048516, 8.820632167, 9.3107781265, 2.0239671683, 6.8264770204, 4.0745173113, 9.14019281, 3.6372922821, 1.510957806, 0.45075251824, 2.7915476222, 9.8847022304, 0.84039229959, 7.9602865441, 1.5649996434, 25.1290169766, 1.8053516745],
      [0.042044514632, 0.036015949144, 0.68133755739, 1.517531416, 0.89736399667, 1.1160620283, 1.0611597442, 0.3763297196, 0.26930644736, 0.41941355254, 0.88333061001, 0, 1.2422134826, 0.28925568487, 0.93186452741, 0.46793727935, 0.66840022876, 0.8985979335, 0.23488921221, 1.0427323342, 0.92088692531, 0.35696144785, 0.40417414854, 0.65998115465, 0.47621072892, 0.35073982128, 0.64596678609, 0.3473580737, 0.81995683767, 0.49477819509, 0.20988334137, 0.058184677266, 0.26269448252, 0.69966808254, 0.087490708233, 0.60230620043, 0.14274349881, 2.4228449047, 0.084747477159],
      [0.013836681134, 0.0064170534147, 0.91565064988, 1.9778607379, 1.1549802112, 1.5505091831, 1.8885556984, 0.77163673388, 0.51032895239, 0.66135298451, 1.3550342813, 0, 0.99477397644, 0.34631456457, 1.0056327992, 0.67634209224, 1.0090964648, 1.226517381, 0.2959098375, 1.2388976993, 1.1856759734, 0.25865646667, 0.59369461556, 0.85582935968, 0.56221381101, 0.46239841258, 0.87594391851, 0.47792066336, 1.0539661569, 0.69165345076, 0.17492084711, 0.051642691636, 0.48027301089, 1.0543423318, 0.085112802519, 0.75565797004, 0.13077984356, 2.3668658844, 0.087759349777],
      [0.66798591504, 1.4782358924, 13.2140610168, 30.4410456809, 14.2660730201, 17.7039018562, 20.8372945845, 8.1430958457, 5.3739294103, 14.8954905607, 24.7942440876, 0, 21.225351817, 2.4039778349, 15.037225751, 17.0547222156, 14.7372282686, 15.8005104464, 4.4225226445, 13.6757514726, 15.551997666, 3.4871282325, 6.5783276408, 14.5308308513, 11.1554020575, 4.54663168, 11.2518337866, 5.7731089155, 14.1583444682, 7.4062765445, 0.93019607693, 1.0506881088, 4.5393452341, 13.5878262966, 0.75325617771, 11.5904639989, 1.502885557, 35.4718034226, 1.6335831211],
      [0.007503879785, 0.013267355255, 0.54441752231, 0.86046404824, 0.7610262236, 0.57312853031, 0.80350872805, 0.30725428077, 0.33265170117, 0.38502337753, 0.77867457191, 0, 0.73899716658, 0.17153254934, 0.69672806186, 0.37969096071, 0.49829829554, 0.62477613615, 0.2719769752, 0.65158728014, 0.60240131356, 0.088617181415, 0.2972659194, 0.38154213135, 0.2555952142, 0.17811023458, 0.43482930736, 0.15548351951, 0.44175890759, 0.39156355084, 0.1028158528, 0.035747469911, 0.31158629487, 0.5835252478, 0.04571607921, 0.51728626903, 0.095391574125, 1.4769740658, 0.073463389956]
    ],
    [
      [0.052264255987, 0, 0.15862496971, 1.0006159784, 0.2542035437, 0.43115835357, 0.63008592237, 0.21080296578, 0.28744727398, 0.2260414141, 0.41775398155, 0.024799527885, 0.91655258901, 0.10015749549, 0.35436632558, 0.12156660242, 0.27087988024, 0.62772434597, 0.23530384352, 0.47778820062, 0.36307767176, 0.27871624267, 0.18206810773, 0.35707258533, 0.099043304076, 0.28528085674, 0.15995409013, 0.222074835, 0.26948020231, 0.13709961403, 0.021515751283, 0.062341390736, 0.1051551741, 0.32744330304, 0.012422174211, 0.28863518617, 0.018131092053, 2.2377505834, 0.053596498807],
