{
  "X": [
    [0, 0, 1, 8, 16, 0],
    [1, 2, 2, 3, 17, 0],
    [1, 3, 2, 11, 37, 1],
    [14, 20, 21, 28, 213, 7],
    [3, 1, 3, 3, 48, 2],
    [5, 12, 17, 48, 88, 4],
    [6, 4, 7, 11, 94, 4],
    [16, 12, 18, 68, 421, 14],
    [2, 0, 1, 10, 20, 0],
    [5, 10, 15, 30, 149, 7],
    [9, 4, 10, 57, 198, 2],
    [8, 9, 9, 27, 217, 1],
    [15, 19, 31, 120, 332, 3],
    [5, 6, 8, 37, 255, 5],
    [12, 23, 22, 157, 141, 9],
    [8, 12, 17, 126, 118, 7],
    [25, 54, 34, 347, 275, 13],
    [11, 20, 15, 136, 98, 6],
    [4, 20, 17, 153, 130, 9],
    [6, 19, 6, 124, 62, 10],
    [9, 21, 18, 79, 184, 8],
    [6, 8, 8, 15, 197, 1],
    [10, 3, 3, 17, 113, 2],
    [8, 1, 7, 10, 149, 1],
    [17, 4, 9, 35, 173, 2],
    [12, 5, 11, 48, 167, 6],
    [11, 7, 7, 33, 176, 2],
    [26, 38, 26, 152, 489, 23],
    [43, 67, 47, 349, 1080, 45],
    [26, 100, 36, 307, 848, 38],
    [18, 29, 41, 177, 610, 15],
    [2, 7, 5, 17, 66, 2],
    [5, 4, 7, 23, 62, 1],
    [43, 45, 38, 347, 753, 15],
    [1, 3, 2, 17, 22, 2],
    [63, 75, 45, 405, 870, 31],
    [29, 25, 37, 186, 406, 19],
    [11, 4, 12, 44, 163, 5],
    [4, 1, 1, 11, 66, 1],
    [26, 14, 36, 83, 403, 10],
    [26, 61, 65, 332, 338, 26],
    [2, 14, 5, 71, 39, 2],
    [12, 37, 32, 256, 190, 18],
    [6, 8, 2, 19, 75, 3],
    [6, 4, 7, 19, 135, 4],
    [23, 17, 34, 76, 284, 10],
    [10, 10, 3, 24, 172, 10],
    [39, 27, 20, 85, 335, 6],
    [8, 14, 17, 69, 77, 2],
    [29, 21, 25, 71, 386, 4],
    [6, 10, 8, 51, 43, 3],
    [14, 4, 13, 62, 313, 3],
    [2, 2, 13, 7, 26, 0],
    [7, 6, 1, 23, 65, 2],
    [5, 2, 5, 14, 62, 2],
    [0, 0, 0, 5, 18, 0],
    [15, 5, 10, 39, 164, 4],
    [19, 20, 47, 173, 921, 14],
    [8, 6, 1, 26, 97, 3],
    [13, 37, 17, 78, 234, 12],
    [11, 10, 32, 87, 320, 4],
    [4, 2, 1, 7, 72, 0],
    [36, 31, 35, 144, 490, 11],
    [5, 6, 4, 26, 69, 4],
    [5, 4, 10, 23, 108, 0],
    [8, 7, 11, 23, 102, 5],
    [10, 10, 6, 34, 161, 6],
    [6, 1, 12, 28, 76, 0],
    [3, 1, 5, 9, 36, 4],
    [6, 6, 9, 21, 196, 5],
    [0, 1, 0, 3, 6, 0],
    [4, 16, 1, 19, 74, 6],
    [4, 0, 3, 14, 53, 3],
    [0, 2, 3, 10, 63, 1],
    [4, 3, 2, 17, 91, 4],
    [13, 5, 16, 32, 224, 4],
    [6, 1, 4, 14, 119, 2],
    [1, 0, 6, 17, 45, 1],
    [8, 6, 21, 45, 97, 6],
    [4, 0, 7, 20, 60, 1],
    [5, 3, 8, 45, 168, 4],
    [3, 18, 6, 117, 180, 11],
    [62, 106, 86, 498, 1682, 41],
    [7, 15, 20, 108, 238, 12],
    [92, 80, 181, 506, 1311, 45],
    [6, 3, 18, 46, 181, 4]
  ],
  "W": [
    [0, 3, 7, 14, 1, 0],
    [0, 0, 5, 13, 5, 2],
    [2, 3, 7, 39, 2, 2],
    [16, 13, 32, 207, 20, 15],
    [7, 2, 4, 41, 0, 6],
    [17, 17, 43, 74, 11, 12],
    [17, 1, 13, 78, 9, 8],
    [51, 12, 67, 370, 19, 30],
    [1, 4, 5, 21, 1, 1],
    [14, 6, 32, 138, 16, 10],
    [19, 18, 50, 178, 10, 5],
    [19, 6, 24, 195, 17, 10],
    [33, 15, 122, 307, 17, 26],
    [17, 10, 30, 232, 9, 18],
    [20, 14, 155, 126, 29, 20],
    [7, 7, 130, 110, 9, 25],
    [18, 22, 346, 269, 59, 34],
    [11, 3, 137, 87, 33, 15],
    [12, 6, 154, 117, 33, 11],
    [8, 8, 114, 61, 16, 20],
    [13, 20, 72, 180, 26, 8],
    [18, 7, 17, 178, 6, 9],
    [14, 1, 14, 111, 1, 7],
    [8, 3, 13, 140, 4, 8],
    [18, 12, 33, 166, 6, 5],
    [20, 13, 45, 157, 6, 8],
    [19, 3, 33, 158, 13, 10],
    [37, 29, 163, 448, 44, 33],
    [78, 44, 359, 983, 102, 65],
    [72, 40, 303, 737, 141, 62],
    [57, 51, 159, 565, 33, 25],
    [8, 3, 15, 59, 10, 4],
    [5, 1, 25, 56, 9, 6],
    [90, 26, 341, 677, 57, 50],
    [2, 1, 19, 21, 2, 2],
    [108, 49, 367, 794, 97, 74],
    [47, 37, 155, 382, 42, 39],
    [18, 12, 43, 146, 7, 13],
    [14, 2, 9, 53, 2, 4],
    [53, 26, 90, 364, 27, 12],
    [24, 24, 354, 334, 57, 55],
    [5, 5, 69, 32, 13, 9],
    [29, 17, 263, 160, 35, 41],
    [7, 4, 21, 71, 7, 3],
    [19, 7, 16, 117, 7, 9],
    [44, 22, 85, 251, 25, 17],
    [18, 4, 24, 167, 8, 8],
    [50, 16, 85, 311, 31, 19],
    [13, 13, 72, 63, 15, 11],
    [57, 18, 60, 349, 34, 18],
    [10, 7, 54, 38, 10, 2],
    [29, 11, 57, 286, 7, 19],
    [5, 4, 10, 23, 2, 6],
    [18, 2, 18, 51, 10, 5],
    [8, 7, 9, 54, 3, 9],
    [4, 0, 4, 12, 1, 2],
    [23, 6, 30, 153, 8, 17],
    [74, 62, 162, 824, 39, 33],
    [13, 5, 20, 94, 6, 3],
    [28, 9, 89, 213, 34, 18],
    [34, 41, 77, 292, 9, 11],
    [13, 0, 10, 62, 1, 0],
    [70, 19, 168, 434, 28, 28],
    [13, 7, 25, 57, 5, 7],
    [3, 9, 23, 106, 6, 3],
    [15, 18, 20, 89, 6, 8],
    [21, 4, 29, 146, 10, 17],
    [7, 15, 25, 68, 1, 7],
    [5, 6, 10, 31, 3, 3],
    [35, 10, 23, 163, 7, 5],
    [2, 0, 2, 4, 1, 1],
    [3, 0, 18, 71, 20, 8],
    [11, 8, 8, 45, 0, 5],
    [10, 2, 11, 52, 3, 1],
    [12, 1, 12, 81, 9, 6],
    [26, 10, 39, 209, 3, 7],
    [27, 3, 15, 94, 4, 3],
    [4, 6, 7, 44, 7, 2],
    [11, 13, 50, 89, 2, 18],
    [5, 9, 14, 57, 3, 4],
    [6, 6, 44, 165, 2, 10],
    [3, 9, 121, 169, 20, 13],
    [114, 79, 514, 1554, 121, 93],
    [23, 22, 96, 220, 20, 19],
    [127, 148, 485, 1226, 91, 138],
    [12, 24, 36, 171, 4, 11]
  ],
  "method": "mvn_cdf",
  "mvncdf_method": "genz",
  "mvncdf_samples": 5000,
  "mvncdf_error": 0.001,
  "cond_prob": [
    [
      ["NaN", "NaN", "NaN", "NaN", "NaN", "NaN"],
      [0, 0, 0.28393950045, 0.31777152407, 0.39828897548, 0],
      [0, 0, 0.016858042527, 0.94408872502, 0.03905323245, 0],
      [0, 0, 0.00022882155178, 0.0095094882629, 0.99026169019, 0],
      [0, 0, 0.026971699235, 0.30493151695, 0.66809678381, 0],
      ["NaN", "NaN", "NaN", "NaN", "NaN", "NaN"]
    ],
    [
      ["NaN", "NaN", "NaN", "NaN", "NaN", "NaN"],
      ["NaN", "NaN", "NaN", "NaN", "NaN", "NaN"],
      [0.052369805087, 0.044476138575, 0.2450437988, 0.52630861581, 0.13180164172, 0],
      [0.01193145916, 0.024659034581, 0.010563026306, 0.009387654562, 0.94345882539, 0],
      [0.071830825924, 0.28676776299, 0.030301026231, 0.035408928784, 0.57569145607, 0],
      [0.11194393793, 0.011606521312, 0.24297826642, 0.034686383854, 0.59878489047, 0]
    ],
    [
      [0.16203123145, 0.0026300270425, 0.016086740933, 0.14034853433, 0.67342628873, 0.0054771775206],
      [0.0011723167812, 0.00075340839156, 0.33581363363, 0.62415647436, 0.029460836072, 0.0086433307606],
      [0.00050321258055, 0.074076377823, 0.013175700312, 0.88052808588, 0.025977644485, 0.005738978919],
      [0.016552694989, 0.012975902851, 0.01495003407, 0.035191966835, 0.90565711369, 0.014672287564],
      [0.00074345012438, 0.90135867241, 0.0032984873973, 0.066178232112, 0.0065048634983, 0.021916294456],
      [0.010928046947, 0.082583759977, 0.13925370576, 0.58914686815, 0.024642120995, 0.15344549817]
    ],
    [
      [0.30109174936, 0.00024725955197, 0.01534055873, 0.00079056586078, 0.67968252933, 0.0028473371735],
      [0.0070409368637, 0.00033707743338, 0.69025505522, 0.1354039637, 0.15525801449, 0.011704952301],
      [0.010042534301, 0.1584270178, 0.12043962337, 0.66925628804, 0.014250631782, 0.027583904705],
      [0.036102412703, 0.0013960387782, 0.010290176663, 0.0048590403838, 0.93933251488, 0.0080198165914],
      [0.009954388009, 0.69121663711, 0.015689722677, 0.080531081404, 0.14325650236, 0.059351668434],
      [0.073156769582, 0.053912300104, 0.36555375812, 0.14629701422, 0.15624963319, 0.20483052478]
    ],
    [
      [0.19609781029, 0.021211227581, 0.0054134994412, 0.0023531335025, 0.76990802679, 0.0050163023877],
      [0.0092895125303, 0.00043871111298, 0.47986559385, 0.084466631616, 0.41260075088, 0.013338800017],
      [0.012648024147, 0.12632544786, 0.097993148776, 0.64870934316, 0.073981469776, 0.040342566278],
      [0.017312079143, 0.0043908447993, 0.0059251810376, 0.00041616781804, 0.96641564294, 0.0055400842606],
      ["NaN", "NaN", "NaN", "NaN", "NaN", "NaN"],
      [0.14139149357, 0.027552926084, 0.22791154976, 0.033782424842, 0.3110791785, 0.25828242724]
    ],
    [
      [0.1870646764, 0.00043347836272, 0.016328748515, 0.0025127705002, 0.78992331049, 0.003737015726],
      [0.0027461309024, 0.00034837460078, 0.57635643168, 0.29597064301, 0.11425385379, 0.010324566012],
      [0.0017246586097, 0.088464260327, 0.054355736674, 0.83229136573, 0.0095410646432, 0.013622914012],
      [0.017885900647, 0.0038054364921, 0.013182837991, 0.017875336449, 0.93905272245, 0.0081977659704],
      [0.0036946822013, 0.66061636218, 0.012166575194, 0.17110243328, 0.10525822326, 0.047161723881],
      [0.027904816955, 0.052863585098, 0.28980774343, 0.32769596503, 0.13091504253, 0.17081284695]
    ],
    [
      [0.20501263269, 0.00027498205249, 0.020781117445, 0.0053595169494, 0.765744127, 0.0028276238594],
      [0.0062117812941, 7.3556964516e-05, 0.84329224664, 0.039908286079, 0.092403428955, 0.018110700068],
      [0.008882197054, 0.052350698896, 0.16494686099, 0.68494551577, 0.050276983918, 0.038597743374],
      [0.022905532508, 0.001503934542, 0.0048143496955, 0.0016756921808, 0.96163515274, 0.0074653383301],
      [0.015867265354, 0.34399057367, 0.029638828866, 0.11276627435, 0.37367429966, 0.12406275811],
      [0.057958497187, 0.012683825647, 0.37710635349, 0.10238597019, 0.23321687626, 0.21664847722]
    ],
    [
      [0.15630835565, 0.00018595216216, 0.0063930068348, 0.00098806419538, 0.83368051575, 0.0024441054032],
      [0.0062585381145, 0.00018374517651, 0.45548532754, 0.22608448523, 0.29477006305, 0.017217840888],
      [0.0052251807078, 0.057156136584, 0.060194136349, 0.81576434966, 0.031360144729, 0.030300051968],
      [0.015500324153, 0.00088617456429, 0.0045726304124, 0.0037949812733, 0.97007631059, 0.0051695790064],
      [0.010458236171, 0.37739066405, 0.01247855229, 0.15631568781, 0.33936508269, 0.10399177699],
      [0.055641929108, 0.022018104692, 0.20820532798, 0.20687474454, 0.24892505845, 0.25833483523]
    ],
    [
      [0.51154316346, 0, 0.0036636464883, 0.24869745471, 0.23609573535, 0],
      [0.0069211397346, 0, 0.1954950708, 0.76419636105, 0.033387428416, 0],
      [0.0044283949253, 0, 0.0050546596206, 0.95536725833, 0.035149687128, 0],
      [0.060071443519, 0, 0.0063843991236, 0.025482195965, 0.90806196139, 0],
      [0.089012608908, 0, 0.0038083018914, 0.64594816249, 0.26123092671, 0],
      [0.08811738017, 0, 0.051202088728, 0.73660653171, 0.12407399939, 0]
    ],
    [
      [0.15731146739, 0.00035350663734, 0.022956389449, 0.0024182538842, 0.81267658817, 0.0042837944726],
      [0.0026761615993, 0.00013409902189, 0.75668818796, 0.14341960557, 0.08347450762, 0.013607438226],
      [0.0032108602578, 0.062724736273, 0.13542942033, 0.74578637472, 0.019956119901, 0.032892488518],
      [0.016466436768, 0.0020548921715, 0.0088162032217, 0.0085241696351, 0.95418768768, 0.0099506105266],
      [0.0070341867745, 0.46859279954, 0.029351656655, 0.15427577582, 0.21627986381, 0.12446571741],
      [0.029391969633, 0.020599483994, 0.41184774183, 0.15957149985, 0.13447061627, 0.24411868842]
    ],
    [
      [0.20098413612, 4.7159603858e-05, 0.0048137969105, 0.0026277921566, 0.79062894798, 0.00089816723578],
      [0.0086579277788, 6.2527936172e-06, 0.37224901181, 0.35239856027, 0.25926657417, 0.0074216731703],
      [0.0097534202967, 0.021852631252, 0.033203883241, 0.89540624777, 0.030788202926, 0.0089956145099],
      [0.022101510746, 0.00021846557919, 0.0029003176885, 0.0080392615364, 0.96519163869, 0.0015488057587],
      [0.015438078303, 0.27842968451, 0.010336783064, 0.26085726148, 0.38615374559, 0.048784447047],
      [0.089867600607, 0.016635227283, 0.18564742096, 0.35940486143, 0.22123847283, 0.12720641689]
    ],
    [
      [0.17000538904, 0.00025777255662, 0.0068337144123, 0.001141683588, 0.82159438188, 0.00016705851825],
      [0.0066485806266, 0.00019621616838, 0.49671039725, 0.20183557785, 0.29120366714, 0.003405560969],
      [0.011095683968, 0.057430495772, 0.070774383116, 0.82904064399, 0.029515170645, 0.0021436225063],
      [0.016585524481, 0.0016729421784, 0.0057231872835, 0.0039263224284, 0.97178118115, 0.00031084248362],
      [0.028533768777, 0.41424987868, 0.015492725896, 0.16407700804, 0.36612615917, 0.011520459441],
      [0.074445836625, 0.024712146357, 0.28119139874, 0.23153770788, 0.32126456166, 0.066848348738]
    ],
    [
      [0.19253302901, 0.00042286872401, 0.014743606148, 0.0031316354599, 0.78848528376, 0.00068357689502],
      [0.0044547768974, 0.00021929324336, 0.60609798654, 0.2506121864, 0.13492752009, 0.003688236829],
      [0.0064470920494, 0.065529195667, 0.073288274153, 0.83515016437, 0.016901770488, 0.0026835032753],
      [0.020547203689, 0.0022880442269, 0.0094839500386, 0.0099124229588, 0.95709368353, 0.00067469556148],
      [0.0086663863822, 0.55097875602, 0.019290712429, 0.20250882116, 0.19061441525, 0.027940908759],
      [0.051450886854, 0.035350985846, 0.35543488382, 0.29859189896, 0.18560965128, 0.073561693237]
    ],
    [
      [0.11255843856, 0.00019980340059, 0.0043596948392, 0.0012328661938, 0.88025753206, 0.0013916649473],
      [0.004615538213, 0.00024456003744, 0.32940556841, 0.28982112335, 0.36584230578, 0.010070904212],
      [0.0030043749613, 0.052408544143, 0.034612767573, 0.85931343274, 0.036078912148, 0.014581968435],
      [0.0088057204139, 0.001115991526, 0.0019292612072, 0.0051780895209, 0.97988350919, 0.0030874281427],
      [0.0072168449476, 0.40605964585, 0.0080476231162, 0.18455914251, 0.33691556485, 0.057201178724],
      [0.046796731832, 0.02824747616, 0.17074607046, 0.30217100042, 0.27386762873, 0.17817109239]
    ],
    [
      [0.28120425768, 0.00035683114817, 0.013628439978, 0.0053562112566, 0.69637877769, 0.0030754822486],
      [0.0057250213938, 0.00022219437332, 0.51803572468, 0.34234707121, 0.12251107377, 0.011158914575],
      [0.0038359178049, 0.049852189006, 0.048273626338, 0.87656087604, 0.0072946051039, 0.014182785705],
      [0.034144300852, 0.0022301514962, 0.011233960099, 0.013381078369, 0.93139652332, 0.0076139858609],
      [0.010139076312, 0.49581366881, 0.015160189072, 0.2569759098, 0.15171890706, 0.070192248945],
      [0.055249108335, 0.030153393797, 0.25686972585, 0.35473818662, 0.12353976895, 0.17944981644]
    ],
    [
      [0.27543770329, 0.00017908654921, 0.0093644770296, 0.0014764844543, 0.71153970674, 0.0020025419331],
      [0.0077177308767, 0.00021224269323, 0.52924858227, 0.27720527378, 0.17479757884, 0.010818591547],
      [0.0053784679769, 0.050505642751, 0.047448085204, 0.86709501461, 0.016508777212, 0.013064012241],
      [0.031167589876, 0.0017216573427, 0.0076278463865, 0.011137597507, 0.94354193627, 0.0048033726179],
      [0.013064132218, 0.5010268821, 0.014247523815, 0.21463131906, 0.19174525438, 0.065284888433],
      [0.070907961901, 0.029316115643, 0.24376666766, 0.32680232781, 0.16536710737, 0.16383981962]
    ],
    [
      [0.39566223812, 0.00027197649441, 0.010318408803, 0.0021469090808, 0.58931779453, 0.0022826729702],
      [0.0090371724223, 0.00030660352699, 0.47124231374, 0.35763144855, 0.15205790296, 0.0097245587957],
      [0.0028705114744, 0.057573757193, 0.037046550035, 0.88343844779, 0.0094286118441, 0.0096421216673],
      [0.048680702118, 0.0032726175415, 0.0092151341308, 0.019471783581, 0.91388364736, 0.0054761152687],
      [0.013088907813, 0.54047421318, 0.011231337026, 0.25172545378, 0.13339688966, 0.050083198547],
      [0.082903250577, 0.038221366492, 0.22021504299, 0.39217791993, 0.11998789723, 0.14649452278]
    ],
    [
      [0.36031545561, 4.9937960513e-05, 0.021134150439, 0.018300921467, 0.59858570511, 0.0016138294167],
      [0.013039066379, 0.00012054279862, 0.74626577796, 0.15195967604, 0.075875830609, 0.012739106208],
      [0.0050667895316, 0.037108639124, 0.052458452589, 0.8778197158, 0.016971608002, 0.010574794955],
      [0.047758738645, 0.00077120991571, 0.0095833157739, 0.018932101973, 0.91871545633, 0.0042391773615],
      [0.020894658618, 0.43993105281, 0.018344688656, 0.2534098719, 0.20320002229, 0.064219705726],
      [0.097248575122, 0.022025699253, 0.26018638724, 0.33812607513, 0.14859826795, 0.1338149953]
    ],
    [
      [0.14659141949, 0.00010536248043, 0.016766996049, 0.017426943877, 0.81522384507, 0.0038854330341],
      [0.0028958356286, 9.9914333751e-05, 0.63290958925, 0.28227058641, 0.067200852436, 0.014623221939],
      [0.00058420934699, 0.035752925321, 0.051231618509, 0.88291054496, 0.013288513062, 0.016232188799],
      [0.014300383893, 0.00091164004681, 0.011666576032, 0.016704830176, 0.94780412471, 0.00861244514],
      [0.0051299166095, 0.42826874895, 0.01829310939, 0.28522907201, 0.17175459646, 0.091324556581],
      [0.026466140841, 0.022968642178, 0.28572793236, 0.34200042944, 0.10969940533, 0.21313744985]
    ],
    [
      [0.3190189975, 0.0017175905452, 0.0095852919739, 0.023396548894, 0.63864735298, 0.0076342181028],
      [0.0047361258142, 0.0008382524894, 0.2820854098, 0.60231677752, 0.089510252286, 0.020513182095],
      [0.00058744242393, 0.063470223045, 0.009783693593, 0.90700418145, 0.0012399548174, 0.017914504674],
      [0.04185210905, 0.014589103966, 0.0047629813953, 0.03628743015, 0.88293011488, 0.019578260561],
      [0.0048038787922, 0.61452855316, 0.0037013208681, 0.24640945968, 0.056020481928, 0.074536305576],
      [0.03565749322, 0.051077781807, 0.11007651586, 0.47198660549, 0.063915979514, 0.2672856241]
    ],
    [
      [0.24336416262, 0.00048646109938, 0.014377964463, 0.015535228306, 0.7214630431, 0.004773140419],
      [0.0045125908819, 0.0003812972813, 0.50778030285, 0.3476067017, 0.12401763432, 0.015701472978],
      [0.0028738398913, 0.069354231733, 0.045139889846, 0.85154703054, 0.01209982978, 0.018985178209],
      [0.027860526566, 0.0035246044221, 0.011326210247, 0.014659126273, 0.93131582883, 0.011313703658],
      [0.0063721438953, 0.57738135584, 0.011711691987, 0.20450562685, 0.120066563, 0.079962618427],
      [0.04481588413, 0.043275165925, 0.25802331252, 0.32234159647, 0.063857522643, 0.26768651831]
    ],
    [
      [0.1445648521, 0.00016321622252, 0.0058208889718, 0.00070051062405, 0.84854981397, 0.00020071811784],
      [0.0063648272194, 0.00051299878973, 0.47680185385, 0.14966813535, 0.3620575727, 0.004594612087],
      [0.020581813392, 0.17660440112, 0.074049499762, 0.68899415228, 0.03626830245, 0.0035018309959],
      [0.012910308354, 0.00069553495376, 0.0052680943077, 0.0019073527863, 0.9788531826, 0.00036552699407],
      [0.0068012614188, 0.70770899394, 0.0087077613797, 0.068064166955, 0.19053261094, 0.018185205371],
      [0.07383839872, 0.069015234668, 0.25653357451, 0.16432438609, 0.35511966988, 0.08116873613]
    ],
    [
      [0.33391117449, 0.024686112209, 0.007085218204, 0.037675575457, 0.59470575324, 0.0019361664045],
      [0.010839251478, 0.00043328409052, 0.54830075312, 0.34533090087, 0.080482437916, 0.014613372524],
      [0.0042561612167, 0.075914371707, 0.027378258716, 0.87224935186, 0.01038075069, 0.0098211058066],
      [0.041750913445, 0.0036204446987, 0.0064410980302, 0.01105148647, 0.93155800332, 0.0055780540322],
      [0.0033167982148, 0.81445951909, 0.014224434314, 0.062294967698, 0.032965860272, 0.072738420412],
      [0.088164265431, 0.053547294347, 0.17714632205, 0.37524430725, 0.14462889685, 0.16126891408]
    ],
    [
      [0.26972939145, 1.013446494e-05, 0.0052778082183, 7.7332594137e-05, 0.72452969162, 0.00037564165588],
      [0.013727516053, 3.4030017779e-05, 0.56239510828, 0.076392292287, 0.34321456597, 0.0042364873897],
      [0.052796670882, 0.027155986722, 0.15999594041, 0.669897606, 0.078981883349, 0.011171912639],
      [0.027171670834, 6.0421449946e-05, 0.0053188377009, 0.00044484862513, 0.96665437408, 0.0003498473102],
      [0.035581106675, 0.14721379004, 0.021642727077, 0.082400632491, 0.6712727561, 0.041888987614],
      [0.14603340692, 0.00618435546, 0.29492959971, 0.083706780863, 0.39133136125, 0.077814495798]
    ],
    [
      [0.40038529024, 0.00015291468318, 0.0047402581229, 0.0012341645473, 0.59254100578, 0.00094636662464],
      [0.018632732323, 0.00018847214243, 0.44438145621, 0.26899673524, 0.2594725068, 0.0083280972959],
      [0.012603578844, 0.043416165607, 0.048862990949, 0.85664658296, 0.025817810232, 0.012652871405],
      [0.048322998961, 0.0010088625387, 0.0050106115401, 0.0056428512771, 0.93736953885, 0.0026451368331],
      [0.035241410995, 0.38191456385, 0.012893047039, 0.20464030312, 0.3090772609, 0.056233414098],
      [0.18409751851, 0.020658768088, 0.21209987602, 0.26318636936, 0.18215941243, 0.13779805559]
    ],
    [
      [0.27956087359, 0.00025579127289, 0.0082734143919, 0.0029109293512, 0.70535413775, 0.0036448536483],
      [0.008334413585, 0.00022143319316, 0.46541197457, 0.31482007899, 0.19197706562, 0.019235034048],
      [0.0054034891748, 0.044258481137, 0.04510965531, 0.86518612709, 0.01447704493, 0.02556520236],
      [0.034323089042, 0.0013010040923, 0.0067082364112, 0.0081623462286, 0.94014048274, 0.0093648414881],
      [0.014702873446, 0.43644306707, 0.013544986517, 0.23266343139, 0.1764434488, 0.12620219278],
      [0.072541989806, 0.022182230871, 0.20247231477, 0.27978446512, 0.13562898595, 0.28739001348]
    ],
    [
      [0.24331856628, 0.00020028109128, 0.0053841943581, 0.0011842560455, 0.74935779669, 0.00055490553296],
      [0.012153765979, 0.00013663385093, 0.5140315746, 0.2355806991, 0.23136454568, 0.0067327807861],
      [0.012035387789, 0.052124539368, 0.06265515096, 0.83075129152, 0.03329360851, 0.0091400218524],
      [0.028813915958, 0.0013309612448, 0.0050408504213, 0.0034640157381, 0.96068410294, 0.00066615369512],
      [0.020897373269, 0.37350262974, 0.013615066996, 0.16414567854, 0.38612921664, 0.041710034811],
      [0.11190535719, 0.020984889523, 0.23145353642, 0.217475611, 0.31616510637, 0.1020154995]
    ],
    [
      [0.23827969421, 0.00017006162435, 0.0048915066448, 0.00082730181326, 0.75305569919, 0.0027757365157],
      [0.01076683293, 0.00036842670407, 0.39354151626, 0.25280459606, 0.31984094979, 0.022677678259],
      [0.0081778427737, 0.089758405035, 0.045790515207, 0.79666104827, 0.024733438461, 0.034878750257],
      [0.027318305131, 0.0012963142356, 0.0032359927371, 0.0054205244104, 0.95725842402, 0.0054704394655],
      [0.01310212453, 0.49167081799, 0.0079666111269, 0.12924936381, 0.25747198235, 0.1005391002],
      [0.082525169972, 0.03448904715, 0.15582426267, 0.20202844655, 0.23180181613, 0.29333125752]
    ],
    [
      [0.19063221058, 0.00016023738479, 0.0051168518224, 0.00094218182079, 0.80052233642, 0.0026261819809],
      [0.0081929559117, 0.00023041416732, 0.38328214188, 0.27404963699, 0.31412102018, 0.02012383087],
      [0.0059409838422, 0.061984293421, 0.043235662072, 0.83323735595, 0.025852637178, 0.029749067539],
      [0.020489183355, 0.0011899706106, 0.0028997447159, 0.0059489494555, 0.9643874826, 0.0050846692618],
      [0.011771523211, 0.41049513012, 0.0091363470954, 0.16515533643, 0.29906878681, 0.10437287633],
      [0.066089564773, 0.025919346773, 0.16050018725, 0.2314223596, 0.24552191497, 0.27054662662]
    ],
    [
      [0.14374102462, 0.00036583336498, 0.0046916812601, 0.0022345476296, 0.8465828083, 0.0023841048214],
      [0.0060960477751, 0.00037332449963, 0.34433640447, 0.30314672899, 0.32849079573, 0.017556698538],
      [0.0035554763606, 0.080438732576, 0.03493645689, 0.83075553159, 0.026461298497, 0.023852504084],
      [0.013757608292, 0.0013820538006, 0.0015874605475, 0.0069402173953, 0.9712635542, 0.0050691057637],
      [0.00742925221, 0.51209106595, 0.0068990374797, 0.1542331097, 0.2402090834, 0.079138451258],
      [0.050687308159, 0.038102856405, 0.14774634879, 0.26020175243, 0.26125665037, 0.24200508385]
    ],
    [
      [0.14901982293, 0.00045460080461, 0.010674317992, 0.003489077813, 0.83324088071, 0.0031212997425],
      [0.0035559597623, 0.00027497406684, 0.46228116638, 0.35234834351, 0.1680347394, 0.013504816877],
      [0.0017516133379, 0.060355501307, 0.042009287477, 0.86175647827, 0.017916058137, 0.016211061473],
      [0.014143871923, 0.002009654734, 0.0072553817985, 0.010520793431, 0.95932851184, 0.0067417862781],
      [0.0054655725169, 0.52457734649, 0.011546720869, 0.21960420064, 0.16618614457, 0.072620014915],
      [0.034974323787, 0.036681280402, 0.22621660701, 0.34483560367, 0.14328371552, 0.21400846962]
    ],
    [
      [0.13485024018, 0.00057965748913, 0.014928023555, 0.004732414592, 0.84203430916, 0.00287535502],
      [0.0023094891948, 0.0003292228077, 0.59607599812, 0.2481538471, 0.14399275749, 0.0091386852899],
      [0.001531799186, 0.065174642839, 0.064250845766, 0.84809982455, 0.0063794590271, 0.014563428629],
      [0.012668322051, 0.0016325516805, 0.011482129702, 0.0084069810995, 0.95860328733, 0.0072067281325],
      [0.0040657399869, 0.57811336246, 0.016006968792, 0.18568625285, 0.15616195868, 0.059965717229],
      [0.025801055569, 0.034825313837, 0.32276744759, 0.28582684007, 0.15421045732, 0.17656888561]
    ],
    [
      [0.31046638394, 8.3470442235e-05, 0.03407294089, 0.020947419241, 0.63404670947, 0.00038307601061],
      [0.011657343543, 6.3736833261e-05, 0.83984141477, 0.058377738857, 0.084933914976, 0.0051258510185],
      [0.015710404278, 0.034057923851, 0.1249468736, 0.78402914211, 0.036035838603, 0.005219817557],
      [0.037342491887, 0.00086443722701, 0.0040627566855, 0.0098206524884, 0.94738475923, 0.00052490248105],
      [0.032050881236, 0.33680600397, 0.033133685969, 0.18716413116, 0.3648162986, 0.046028999061],
      [0.11060219217, 0.011401382367, 0.39006741544, 0.1669538154, 0.2511738947, 0.06980129992]
    ],
    [
      [0.2206724312, 0.00022165902541, 0.0069575451561, 0.0022379743614, 0.76854763701, 0.0013627532383],
      [0.007648968787, 0.00019351144316, 0.4233841792, 0.3644453703, 0.1953907506, 0.0089372196705],
      [0.0045643211137, 0.050291955191, 0.037354760227, 0.8805000858, 0.017188831493, 0.010100046178],
      [0.02539786331, 0.0012004789337, 0.0046038773987, 0.0092129569891, 0.95704878389, 0.0025360394739],
      [0.011726033379, 0.44752816729, 0.010584512717, 0.23408418647, 0.2474009172, 0.048676182942],
      [0.070428742804, 0.030072657934, 0.19815433631, 0.34985005825, 0.21730565273, 0.13418855198]
    ],
    [
      [0.18356494362, 0.0013722386092, 0.0092449023879, 0.027884751712, 0.77202048218, 0.0059126814944],
      [0.003778602625, 0.00036993977346, 0.53140152804, 0.30752490607, 0.13222084944, 0.024704174046],
      [0.0055132396921, 0.082355030155, 0.044267695291, 0.83026405965, 0.0028342829226, 0.034765692288],
      [0.021634019609, 0.00368267617, 0.0090872866403, 0.0022932790161, 0.94479991692, 0.018502821645],
      [0.0043790352027, 0.63700406818, 0.0091108284737, 0.14725959918, 0.10138463236, 0.1008618366],
      [0.030633736903, 0.040397837068, 0.19998389013, 0.25950519971, 0.11315964531, 0.35631969087]
    ],
    [
      [0.26936722441, 0.00042136470764, 0.0067887393743, 0.0029133783742, 0.71799752735, 0.0025117657837],
      [0.0082017554616, 0.00034884170964, 0.36387150993, 0.41536682756, 0.19912067564, 0.0130903897],
      [0.0041837368038, 0.057970411981, 0.028573284129, 0.88411880243, 0.011255782824, 0.013897981833],
      [0.032281736611, 0.0021629197865, 0.0037991613002, 0.01211687734, 0.9435711567, 0.0060681482635],
      [0.011028323178, 0.50741120661, 0.007988420742, 0.2326698235, 0.17755843686, 0.06334378911],
      [0.07121048813, 0.036838011074, 0.16431494596, 0.3739325217, 0.16418668716, 0.18951734598]
    ],
    [
      [0.27640991848, 0.00029798127412, 0.012427186836, 0.0045339667799, 0.70247758358, 0.0038533630511],
      [0.0057441645659, 0.0001580219848, 0.4616086012, 0.38748545778, 0.13112834112, 0.013875413341],
      [0.0031955745465, 0.037370269061, 0.039927730948, 0.89461355999, 0.0089792492219, 0.015913616234],
      [0.033488765526, 0.0012635446381, 0.010325539795, 0.015157667393, 0.93036015519, 0.0094043274586],
      [0.010630294143, 0.42354001109, 0.01430765931, 0.29799593687, 0.16109456454, 0.09243153404],
      [0.052864228277, 0.023497483196, 0.22057250729, 0.37125080853, 0.11734539302, 0.21446957969]
    ],
    [
      [0.25436271569, 5.0097517893e-05, 0.0060681158663, 0.0016366284144, 0.73611378604, 0.0017686564713],
      [0.010572555332, 8.7885737392e-05, 0.46563709364, 0.23036126824, 0.28095493229, 0.012386264756],
      [0.010070168126, 0.036957181724, 0.060692562306, 0.84658449237, 0.02375242797, 0.021943167506],
      [0.030431794059, 0.0002419372192, 0.0051777926873, 0.0040696116119, 0.95519054163, 0.00488832279],
      [0.021209837465, 0.31083522688, 0.015103922949, 0.19211399321, 0.37097193275, 0.08976508674],
      [0.097697879177, 0.015208875348, 0.21782026297, 0.22031623461, 0.25403966565, 0.19491708224]
    ],
    [
      [0.18868875327, 0.00023586401674, 0.00056685712219, 0.0022423918872, 0.80702591771, 0.0012402159871],
      [0.0078115942159, 0.00017216562977, 0.22836992018, 0.32722165678, 0.42762025423, 0.0088044089685],
      [0.013522975799, 0.02872319121, 0.0094102587703, 0.92540587187, 0.012142413928, 0.01079528842],
      [0.017379761031, 0.00099375297426, 0.00067666994094, 0.0057691899596, 0.97255446072, 0.0026261653782],
      [0.012585501385, 0.31090571008, 0.0052744117835, 0.22195201528, 0.39427507812, 0.055007283354],
      [0.068682286536, 0.015841130956, 0.10105487514, 0.30895981368, 0.35079458601, 0.15466730768]
    ],
    [
      [0.24539643537, 0.00012504379223, 0.013120347536, 0.003053783048, 0.73605306979, 0.0022513204622],
      [0.0066663846975, 0.00011385317826, 0.63725408342, 0.15325389313, 0.19234313554, 0.010368650028],
      [0.0080456051891, 0.045950759639, 0.11798565665, 0.77525494885, 0.027228522871, 0.0255345068],
      [0.029186380651, 0.00056389348829, 0.0070510074969, 0.0061999144993, 0.95145130421, 0.005547499657],
      [0.017932012926, 0.34975079686, 0.027799485772, 0.17215787785, 0.33162534712, 0.10073447948],
      [0.082379295869, 0.017192948671, 0.40001278901, 0.18129760841, 0.10462830123, 0.21448905681]
    ],
    [
      [0.32930837627, 0.00032810503807, 0.020120172467, 0.002143286096, 0.64392687657, 0.0041731835496],
      [0.0055082417064, 0.0002568853832, 0.67396426412, 0.23069113648, 0.07632882062, 0.013250651694],
      [0.003599256259, 0.070896647076, 0.069340237581, 0.82822526444, 0.009274050349, 0.018664544297],
      [0.039642475782, 0.0035394748283, 0.015363641452, 0.017876686714, 0.91308584987, 0.010491871349],
      [0.0094715380093, 0.57367126833, 0.018059935357, 0.20185605342, 0.11982612911, 0.077115075775],
      [0.052905452276, 0.036492732321, 0.32063012469, 0.28624766982, 0.10236520411, 0.20135881679]
    ],
    [
      [0.17185275369, 0.0017124999195, 0.0077215347171, 0.018676628701, 0.79845424414, 0.0015823388286],
      [0.0038835998097, 0.00072871914077, 0.35209192053, 0.46966010298, 0.16621911775, 0.0074165397915],
      [0.0022097069105, 0.075205890083, 0.021645085702, 0.88894395031, 0.0066547866011, 0.005340580391],
      [0.018336798664, 0.0035049420261, 0.0042111343059, 0.0085140038656, 0.96253744405, 0.0028956770888],
      [0.0042939248849, 0.62860677954, 0.0057253568032, 0.21207863251, 0.11893490286, 0.030360403402],
      [0.036249986104, 0.057171245573, 0.16647065267, 0.46574593597, 0.15223344092, 0.12212873876]
    ],
    [
      [0.20406489493, 0.00031285921527, 0.012323004446, 0.0020735684631, 0.77745643558, 0.0037692373634],
      [0.0044724023112, 0.00028038735091, 0.50854397826, 0.32087971376, 0.15090621641, 0.0149173019],
      [0.0024133443963, 0.062248343885, 0.044487825078, 0.86284966628, 0.010267552426, 0.017733267939],
      [0.022013413424, 0.0025019093099, 0.0090319539515, 0.012602673455, 0.94551107753, 0.0083389723323],
      [0.0065035802508, 0.53470816579, 0.012177696779, 0.21838073044, 0.15134956433, 0.076880262414],
      [0.039551370116, 0.036579384482, 0.22989646892, 0.33891941054, 0.13680449379, 0.21824887216]
    ],
    [
      [0.33246963777, 0.00026598439232, 0.0023711557156, 0.0016828240061, 0.6602285857, 0.0029818124091],
      [0.01710007787, 0.0011169330722, 0.29444851668, 0.29539227314, 0.36546037074, 0.02648182849],
      [0.021963125285, 0.14209095455, 0.020230746255, 0.76581021661, 0.017268885078, 0.032636072219],
      [0.038043558785, 0.0010919290884, 0.0010158331304, 0.0069254205803, 0.94294527594, 0.0099779824777],
      [0.01169673392, 0.67638673879, 0.0028392537148, 0.087007998926, 0.15374653356, 0.068322741091],
      [0.12003892732, 0.065842064833, 0.096254414547, 0.20795857897, 0.17619050133, 0.33371551301]
    ],
    [
      [0.17063013471, 0.00020484960737, 0.0069525592576, 0.0009587627886, 0.81872639405, 0.0025272995816],
      [0.005733525959, 0.0002077585103, 0.46875592903, 0.2361404696, 0.27492130558, 0.014241011319],
      [0.0045880319471, 0.052428179481, 0.056270916601, 0.84920518968, 0.013664351716, 0.02384333057],
      [0.017889549705, 0.0010071445021, 0.0053020131747, 0.0040967972463, 0.96551189551, 0.0061925998594],
      [0.010045426407, 0.40563641434, 0.012756623958, 0.17121955406, 0.30953536698, 0.090806614255],
      [0.053454327482, 0.02205687434, 0.2196270329, 0.22929500318, 0.24105337807, 0.23451338403]
    ],
    [
      [0.27532856864, 0.00027472133905, 0.013520916693, 0.0010002774927, 0.70737227518, 0.0025032406541],
      [0.0070606454818, 0.00022869312449, 0.65780292757, 0.14885922239, 0.17515513084, 0.010893380594],
      [0.008499631861, 0.063209329001, 0.1210167057, 0.75795328538, 0.022454081844, 0.026866966216],
      [0.032913981371, 0.0016296948344, 0.0067244619215, 0.0063170426234, 0.94607110889, 0.006343710363],
      [0.017220830319, 0.43353832766, 0.025732288298, 0.15203079584, 0.27635045073, 0.095127307156],
      [0.077400587579, 0.021328026601, 0.37152047792, 0.16874753213, 0.16123532107, 0.19976805469]
    ],
    [
      [0.24701750259, 0.00076516460639, 0.0049033901726, 0.0044436657413, 0.73362949367, 0.0092407832223],
      [0.009105092884, 0.00085190236453, 0.32943386723, 0.36231375578, 0.23078796988, 0.067507411865],
      [0.0043999153213, 0.14474560151, 0.023141057079, 0.75124945489, 0.0088256174815, 0.067638353723],
      [0.030000641249, 0.002903477444, 0.0024445144635, 0.013709496837, 0.93829888819, 0.012642981813],
      [0.0057062102818, 0.7010306493, 0.0034014894055, 0.095473730784, 0.034545857389, 0.15984206284],
      [0.044488730433, 0.051974882989, 0.075396538426, 0.17343703227, 0.085927653418, 0.56877516246]
    ],
    [
      [0.3959389432, 0.00030124288158, 0.0067331441317, 0.0014721198816, 0.5944234073, 0.0011311426088],
      [0.01554386692, 0.00037191852589, 0.49332322806, 0.26258505413, 0.21973455557, 0.0084413767906],
      [0.0094888348047, 0.091127042359, 0.056137175462, 0.81243946339, 0.01802426683, 0.012783217157],
      [0.047404051739, 0.0017210720955, 0.0070151666391, 0.0072341002764, 0.93371891374, 0.0029066955139],
      [0.020980675471, 0.57688146817, 0.011254979668, 0.14956436721, 0.19927940799, 0.042039101489],
      [0.14498626213, 0.042874190738, 0.23515210715, 0.25165148328, 0.19298790768, 0.13234804903]
    ],
    [
      [0.29689529097, 0.00051926240233, 0.011067834758, 0.0032826363155, 0.68770974272, 0.00052523283658],
      [0.0081455485237, 0.00047228961299, 0.5716409713, 0.24110607985, 0.17423324676, 0.0044018639536],
      [0.0078510607486, 0.071736382115, 0.070905706837, 0.82864466624, 0.015463120364, 0.0053990636978],
      [0.035970810804, 0.0022516211623, 0.0086789774978, 0.0069233639238, 0.94531442037, 0.00086080624636],
      [0.014649865442, 0.55243219251, 0.016695333243, 0.17844768844, 0.20503923553, 0.032735684832],
      [0.089389422767, 0.03579593551, 0.320215368, 0.27705849699, 0.18645449587, 0.091086280863]
    ],
    [
      [0.26977957013, 0.00029876388984, 0.012124977138, 0.0018377190594, 0.71510340515, 0.00085556463067],
      [0.0069601245268, 0.00020743323354, 0.56980904757, 0.24942057977, 0.16872764692, 0.0048751679752],
      [0.005627742944, 0.055756758839, 0.070556265926, 0.84736540917, 0.012545232056, 0.0081485910668],
      [0.032241682728, 0.0016255576558, 0.0092047338413, 0.0087146571349, 0.94711498858, 0.0010983800574],
      [0.01436766611, 0.4866254594, 0.019213670696, 0.21425409096, 0.22753561342, 0.03800349942],
      [0.078820542489, 0.028958104899, 0.3307344765, 0.29098336639, 0.17610847037, 0.094395039345]
    ],
    [
      [0.37556538241, 0.0025787441779, 0.01370803047, 0.0014256563572, 0.60252939472, 0.0041927918641],
      [0.0066465699078, 0.0046152268233, 0.53210781864, 0.32387061503, 0.11951339739, 0.013246372217],
      [0.0038885045665, 0.071417029307, 0.052056584383, 0.8465574638, 0.0060438342671, 0.02003658368],
      [0.045227621731, 0.0036890571148, 0.012855769127, 0.016766576938, 0.91007018504, 0.011390790048],
      [0.0097871547873, 0.59011733407, 0.013154154294, 0.20380130805, 0.11093638158, 0.072203667217],
      [0.085659883162, 0.022014438387, 0.35352431918, 0.16470154107, 0.059857186655, 0.31424263155]
    ],
    [
      [0.19299929715, 3.913394094e-05, 0.0056226174695, 0.0016276881463, 0.79905941273, 0.00065185056767],
      [0.0079762008279, 9.364430625e-05, 0.4101561577, 0.2680953981, 0.30803111139, 0.0056474876796],
      [0.009383961293, 0.027403224272, 0.048750300672, 0.87888154689, 0.02721892923, 0.0083620376447],
      [0.02119000445, 0.00018885655393, 0.0043251399035, 0.005927500863, 0.96773966953, 0.00062882869988],
      [0.017495369273, 0.29882782592, 0.015138696438, 0.24574545642, 0.37601890002, 0.046773751931],
      [0.084083553796, 0.015265446788, 0.22123675436, 0.28905347633, 0.28851463443, 0.1018461343]
    ],
    [
      [0.21290711043, 0.0022827120574, 0.083913095183, 0.0086619401661, 0.69223514216, 0],
      [0.0024884695159, 0.0017193119123, 0.9331492065, 0.042662012693, 0.019980999374, 0],
      [0.041005650263, 0.078680937521, 0.31974393886, 0.53501145429, 0.02555801906, 0],
      [0.012323164589, 0.00077328926873, 0.021373062147, 0.03232862797, 0.93320185603, 0],
      [0.028407684926, 0.55020264856, 0.11120361051, 0.12332202246, 0.18686403354, 0],
      [0.029200985294, 0.012784811092, 0.82273510984, 0.074287536205, 0.060991557571, 0]
    ],
    [
      [0.27943419978, 0.0004059870293, 0.00075230527893, 0.0018284308922, 0.7148038677, 0.0027752093194],
      [0.0082442832556, 0.00025982600337, 0.20795473746, 0.38236183539, 0.38944742706, 0.011731890836],
      [0.01036524142, 0.043049510825, 0.0048719143026, 0.92340977185, 0.0076506292043, 0.0106529324],
      [0.026076986212, 0.0023741748688, 0.00087524371224, 0.015647915753, 0.94894414376, 0.006081535696],
      [0.011183341747, 0.49342592893, 0.0019017475119, 0.26171447078, 0.1768388913, 0.054935619734],
      [0.065072355532, 0.032387835801, 0.083839933634, 0.43316005374, 0.21047679138, 0.17506302991]
    ],
    [
      [0.26060206498, 0.00034881796186, 0.0049179585619, 0.0026581584829, 0.73015388362, 0.0013191163913],
      [0.010799001755, 0.00029790332237, 0.40334183397, 0.339419008, 0.23673459304, 0.0094076599073],
      [0.0065702086338, 0.042561571416, 0.032253876587, 0.86419571098, 0.043199959112, 0.011218673269],
      [0.032977853062, 0.0019084348406, 0.0031976492476, 0.0052581003965, 0.9529756716, 0.003682290853],
      [0.016003350035, 0.42649574327, 0.0085555217009, 0.20404714835, 0.29349966082, 0.051398575822],
      [0.10573827497, 0.02550303101, 0.18318210889, 0.32544015676, 0.19684909987, 0.16328732851]
    ],
    [
      [0, 0, 0, 0.010255267012, 0.98974473299, 0],
      ["NaN", "NaN", "NaN", "NaN", "NaN", "NaN"],
      [0, 0, 0, 0.97857861858, 0.021421381419, 0],
      [0, 0, 0, 0.0045841233797, 0.99541587662, 0],
      [0, 0, 0, 0.22741629153, 0.77258370847, 0],
      [0, 0, 0, 0.38111934277, 0.61888065723, 0]
    ],
    [
      [0.31537131503, 0.00022108328249, 0.0094142361207, 0.0028350131009, 0.67045552792, 0.0017028245449],
      [0.0083663612942, 0.00017314548875, 0.46810857326, 0.34931150776, 0.16603067482, 0.0080097373778],
      [0.0048592070064, 0.035417743603, 0.042089031131, 0.88557753548, 0.022177160964, 0.0098793218134],
      [0.038709077807, 0.0011192631318, 0.0085607443205, 0.010581116497, 0.9365923732, 0.0044374250471],
      [0.016425192959, 0.42079547356, 0.014863794585, 0.28533448729, 0.20461461923, 0.057966432367],
