{
  "Z_true": {},
  "V_true": [
    [545, 33, 23, 47, 301, 323, 50],
    [10, 9, 460, 7, 32, 370, 43],
    [91, 146, 470, 184, 400, 12666, 468],
    [227, 91, 57, 180, 1965, 553, 150],
    [57, 42, 60, 1381, 233, 756, 97],
    [25, 638, 24, 36, 198, 438, 71],
    [37, 35, 99, 46, 144, 715, 715]
  ],
  "p_true": [
    [0.4123, 0.025, 0.0174, 0.0356, 0.2277, 0.2443, 0.0378],
    [0.0107, 0.0097, 0.4941, 0.0075, 0.0344, 0.3974, 0.0462],
    [0.0063, 0.0101, 0.0326, 0.0128, 0.0277, 0.8781, 0.0324],
    [0.0704, 0.0282, 0.0177, 0.0558, 0.6097, 0.1716, 0.0465],
    [0.0217, 0.016, 0.0228, 0.5259, 0.0887, 0.2879, 0.0369],
    [0.0175, 0.4462, 0.0168, 0.0252, 0.1385, 0.3063, 0.0497],
    [0.0207, 0.0195, 0.0553, 0.0257, 0.0804, 0.3992, 0.3992]
  ],
  "Z_est": [
    [
      [11.3118, 15.3099, 0.6198, 112.2419, 48.0045, 14.8757, 18.2393, 92.9439, 11.5429, 8.6913, 7.201, 12.9116, 9.8125, 8.7959, 62.448, 9.931, 22.8149, 5.8429, 19.3467, 4.2203, 5.9475, 1.582, 5.2147, 2.3262, 16.0107, 12.8978, 10.7894, 3.4765, 11.4213, 32.892, 0.8691, 0, 18.3716, 3.9696, 68.1033, 1.5014],
      [0.1008, 0.12, 0.0048, 0.9601, 0.4032, 0.1152, 0.1584, 0.9457, 0.1488, 0.0816, 0.0672, 0.12, 0.096, 0.0624, 0.5808, 0.0912, 0.1824, 0.0624, 0.1584, 0.0384, 0.0432, 0.0336, 0.0816, 0.0432, 0.144, 0.1056, 0.3362, 0.0672, 0.1056, 0.2976, 0.0144, 0, 0.4034, 0.0336, 0.576, 0.0096],
      [0, 0.1681, 0.0067, 1.345, 0.5649, 0.1614, 0.2219, 1.3248, 0.2085, 0.1143, 0.0941, 0, 0.1345, 0.0874, 0.8137, 0.1278, 0.2555, 0.0874, 0.2219, 0.0538, 0.0605, 0.4588, 0.5694, 0.0605, 0.2017, 0.1479, 0, 0.9723, 0.1479, 0.4169, 0.0202, 0, 0, 0.0471, 0.807, 0.0134],
      [1.5433, 0.5463, 0.0735, 13.8699, 6.1731, 1.7638, 2.4252, 14.4775, 3.6746, 1.2493, 1.0289, 2.0054, 1.4698, 0.9554, 8.8923, 1.3963, 2.7926, 0.9554, 2.4252, 0.5879, 0.6614, 0.5144, 2.0561, 1.6988, 2.2047, 1.6168, 0.5823, 1.0289, 1.6168, 4.5564, 0.2205, 0, 2.5721, 0.5144, 8.8188, 0.147],
      [6.6992, 8.0525, 0.2834, 62.5948, 25.851, 6.8012, 11.5664, 59.3262, 12.9268, 6.3408, 5.0243, 9.6685, 5.4708, 2.9458, 39.0681, 6.8019, 11.5069, 5.8987, 10.4591, 3.0053, 2.1813, 3.9095, 5.638, 3.5412, 11.0854, 6.9727, 8.7749, 5.8052, 8.0403, 20.3875, 1.8405, 0, 13.2406, 2.323, 40.2813, 0.305],
      [1.3218, 0.7757, 0.0107, 8.7688, 2.911, 0.2564, 0.3525, 27.7657, 2.4644, 0.504, 0.5691, 0.2671, 2.9944, 0.1389, 9.0642, 0.6309, 0.4059, 0.1389, 0.3525, 0.0855, 0.0961, 0.4939, 3.4215, 1.3201, 0.3205, 0.235, 5.4887, 2.6347, 0.6439, 3.3815, 0.032, 0, 0.3739, 0.1046, 1.2819, 0.0214],
      [0.0231, 0.0275, 0.0011, 0.2196, 0.0922, 0.0264, 0.0362, 0.2163, 0.034, 0.0187, 0.0154, 0.0275, 0.022, 0.0143, 0.1329, 0.0209, 0.0417, 0.0143, 0.0362, 0.0088, 0.0099, 0.0077, 0.0187, 0.0099, 0.0329, 0.0242, 0.0286, 0.0154, 0.0242, 0.0681, 0.0033, 0, 0.0384, 0.0077, 0.1318, 0.0022]
    ],
    [
      [0.3132, 0.1976, 0.2192, 2.1106, 0.9411, 0.855, 1.1689, 2.1187, 0.6315, 0.5056, 0.5046, 0.2586, 0.8497, 2.3172, 1.479, 0.5378, 1.1732, 0.2443, 0.7642, 0.7526, 1.0357, 0.1572, 0.0029, 0.2826, 1.2294, 0.9468, 0.1, 0.0019, 0.4451, 1.8345, 0.0005, 0, 0.856, 0.1903, 3.8296, 1.1434],
      [0.3243, 0.2432, 0.2837, 2.6346, 1.1754, 1.0944, 1.4997, 2.6751, 0.8106, 0.6485, 0.6485, 0.3243, 1.0944, 0.8512, 1.8645, 0.689, 1.4997, 1.0509, 0.9728, 0.9728, 1.3375, 0.2027, 1.0944, 0.3648, 1.5807, 1.2159, 0.5509, 0.8512, 0.5674, 2.3508, 0.4053, 0.0811, 1.0944, 0.2432, 4.9043, 0.2719],
      [2.476, 1.9228, 1.0147, 20.9049, 9.3041, 8.7595, 11.9641, 21.0756, 6.527, 5.1274, 5.1809, 2.0428, 8.6739, 4.958, 14.9553, 5.4586, 11.8892, 5.8218, 7.7874, 7.7232, 10.5966, 1.6558, 8.6846, 2.8735, 12.4445, 9.6246, 0.5107, 6.8153, 4.4972, 18.8008, 3.2367, 0, 8.1712, 3.6476, 38.8508, 1.9397],
      [0.2048, 0.1494, 0.1663, 1.6177, 0.7373, 0.6891, 0.9213, 1.7027, 0.5068, 0.3976, 0.3904, 0.7069, 0.6539, 0.5125, 1.191, 0.4281, 0.9093, 0.4442, 0.5944, 0.5896, 0.8041, 0.1285, 1.5133, 0.2289, 0.9599, 0.7342, 0.0763, 0.5125, 0.3534, 1.4634, 0.2386, 0.7398, 1.0487, 0.1526, 2.9328, 0.0008],
      [0.6163, 0.4284, 1.5892, 6.3896, 2.6294, 1.36, 2.2765, 5.9157, 1.6759, 0.854, 2.8849, 1.4004, 0.7651, 3.9868, 4.1587, 0.8938, 1.6233, 1.177, 1.4702, 1.1187, 2.4962, 0.4697, 0.8732, 0.4128, 1.8652, 1.2023, 0.417, 0.9045, 0.9906, 2.636, 1.076, 0.132, 1.8061, 0.3878, 13.2331, 1.2158],
      [3.1158, 1.7288, 2.3813, 20.4944, 6.9907, 9.1105, 13.4098, 22.2366, 5.8858, 5.5676, 4.3149, 1.9056, 10.0081, 4.7491, 10.9204, 5.3717, 13.9103, 6.5662, 7.3267, 8.4059, 11.5038, 0.9544, 11.1707, 3.4603, 15.1878, 11.6268, 0.5919, 8.4659, 4.5139, 23.8237, 2.2382, 0.0155, 10.0686, 0.2838, 35.2242, 1.1416],
      [0.9496, 1.3299, 1.3456, 10.8482, 7.2219, 5.1315, 5.7597, 10.2757, 3.9624, 2.8993, 2.0757, 1.3614, 4.9551, 3.6252, 11.4312, 3.621, 5.995, 2.6955, 5.0843, 4.4372, 5.2261, 1.4318, 3.6609, 1.3772, 5.7324, 4.6494, 0.7532, 3.4487, 2.6325, 7.0907, 2.8047, 1.0315, 3.955, 1.0946, 22.0252, 1.2868]
    ],
    [
      [1.2184, 2.2975, 0, 17.0466, 11.4523, 3.1185, 1.9544, 1.1569, 0, 0.4165, 0.3251, 0.6738, 0, 1.0055, 4.1346, 0.8553, 4.244, 0, 4.4204, 0, 0.7753, 0, 0, 0, 0.7796, 2.3945, 0, 0, 0.9859, 2.8692, 0, 0, 1.3275, 0.5901, 12.1518, 0.5467],
      [0.2832, 3.2253, 0.9897, 7.2394, 2.8769, 9.9491, 3.3533, 0.0806, 0.0196, 2.7254, 2.4765, 0.0207, 2.16, 0.4787, 1.2065, 1.7761, 0.0258, 1.1758, 4.1053, 0.0924, 1.913, 0.0072, 1.3696, 0.5505, 5.2372, 1.3583, 0.2569, 2.5377, 3.5853, 3.219, 1.7821, 0.0031, 1.6854, 1.9773, 5.297, 0.001],
      [2.2203, 3.129, 0.8881, 41.3028, 16.0856, 23.7666, 30.0621, 27.8089, 21.0472, 8.7427, 13.8813, 1.7763, 17.7375, 4.4407, 41.502, 9.8979, 23.6002, 13.869, 21.4777, 16.6004, 20.8525, 6.7712, 18.0948, 3.9851, 17.3453, 18.2331, 0.4441, 18.6405, 8.5506, 44.6298, 8.6037, 0, 7.1051, 170.8266, 76.7447, 1.7763],
      [3.6013, 0.0017, 0.0006, 0.018, 3.1896, 2.9816, 1.705, 7.8266, 2.0804, 1.8356, 0.0031, 2.1632, 2.4301, 1.6043, 0.5945, 0.0056, 0.0082, 0.0043, 0.3042, 5.2689, 2.0554, 0.0021, 1.8891, 0.8021, 0.0089, 1.4868, 0.0011, 0.004, 1.392, 2.3026, 0.0817, 0.4173, 1.2013, 2.7858, 3.655, 0.0001],
      [0.9566, 2.6408, 11.4178, 26.8378, 12.8889, 1.612, 2.9685, 42.3979, 23.6869, 9.8783, 4.1843, 10.8742, 0.6663, 2.6707, 5.6741, 14.7793, 1.8269, 18.1697, 12.7031, 24.4264, 10.3086, 3.1162, 0.8382, 2.1808, 11.1783, 1.3164, 1.8372, 5.1753, 8.3591, 5.3172, 23.4725, 4.5748, 11.7649, 3.6304, 45.6323, 0.5769],
      [43.9527, 175.7623, 227.1585, 750.1151, 558.648, 381.9938, 406.8186, 747.1659, 508.0707, 387.8587, 168.7111, 123.6624, 360.7732, 167.8386, 559.7363, 391.3235, 345.024, 186.7822, 409.2789, 492.1156, 459.2499, 127.5851, 264.2902, 174.9467, 485.6337, 341.635, 42.3806, 322.2723, 170.8963, 553.8169, 393.9423, 101.7494, 294.1947, 4.9473, 1257.4894, 34.7344],
      [1.7675, 6.9434, 6.5453, 39.4404, 44.8588, 21.5785, 20.138, 35.5633, 14.0951, 8.5428, 4.4187, 3.8295, 25.2329, 13.9615, 62.1519, 16.3623, 22.2708, 8.9991, 20.7103, 16.4963, 13.8452, 8.5181, 12.518, 3.535, 18.817, 17.576, 4.0801, 12.3702, 13.2309, 13.8452, 18.1177, 7.2554, 9.7211, 3.2425, 109.0298, 4.3646]
    ],
    [
      [2.7904, 3.1313, 0.135, 33.9872, 12.2696, 4.6194, 5.2562, 20.8717, 1.8256, 2.236, 1.8443, 3.9353, 2.2173, 2.2834, 18.1889, 2.4313, 6.3479, 0.9128, 5.2381, 1.0271, 2.008, 0.2608, 0.7824, 0.3912, 4.62, 3.5412, 2.0717, 0.5216, 2.9869, 8.6664, 0.1304, 0, 5.1095, 1.1917, 18.2445, 0.7836],
      [6.6564, 6.5961, 2.5928, 67.9542, 28.5423, 22.5126, 19.6711, 49.7264, 11.8867, 9.1821, 8.3787, 13.0827, 8.2003, 5.6143, 51.664, 8.9055, 13.0835, 10.2283, 16.1793, 6.4372, 10.7308, 4.1946, 10.4336, 4.9782, 23.0658, 10.6411, 4.8347, 9.8804, 10.8554, 29.759, 5.1857, 2.1162, 18.5441, 4.197, 51.0068, 0.3526],
      [0.0368, 0.118, 0.0147, 1.8591, 0.7377, 0.5522, 0.6719, 1.465, 0.468, 0.2439, 0.256, 0.0294, 0.3271, 0.1351, 1.498, 0.2463, 0.605, 0.7178, 0.492, 0.3124, 0.3897, 0.1628, 0.3868, 0.1235, 0.5547, 0.4034, 0.0074, 0.3548, 0.2796, 2.3164, 0.1695, 0, 0.1177, 2.696, 1.8462, 0.0294],
      [2.1447, 0.2927, 0, 0, 2.0488, 1.1098, 1.2927, 5.0274, 1.9874, 0.5, 0.4024, 2.3522, 0.4512, 0.2439, 4.0122, 0.4512, 0, 0.6098, 0.9878, 0.8123, 0.5244, 0, 4.3361, 0.8895, 1.2073, 0.6951, 0.2805, 0.1453, 0.6707, 1.8902, 0.2927, 0.5074, 1.5653, 0.3049, 3.5854, 0],
      [27.2293, 12.7246, 8.6318, 282.6867, 112.1715, 55.9328, 66.2882, 236.7876, 58.1952, 26.8655, 21.0592, 64.6337, 21.4615, 10.8853, 193.1803, 23.0642, 62.7027, 35.2344, 54.2171, 26.4656, 27.1327, 19.831, 28.6784, 13.9219, 64.9825, 35.9784, 14.763, 31.1114, 37.6658, 99.096, 16.9089, 16.3621, 71.6258, 16.4056, 205.058, 9.8408],
      [3.6571, 0.6747, 0.3374, 38.661, 9.1589, 4.5533, 10.9106, 15.7041, 2.1929, 1.1527, 0.9278, 11.7089, 3.3936, 0.5623, 54.7267, 1.0402, 16.3854, 1.4057, 2.2772, 1.0402, 1.2089, 3.993, 8.3923, 0.5904, 2.7833, 4.595, 0.6466, 3.0713, 1.5463, 12.8594, 0.6747, 5.5379, 6.6486, 0.0659, 8.2655, 3.8842],
      [0.4854, 0.4626, 0.2884, 6.8517, 3.0713, 1.7199, 1.9092, 5.4178, 1.4441, 0.8199, 0.1317, 1.2577, 0.9491, 0.2758, 5.7301, 0.8613, 1.8754, 0.8913, 1.6084, 0.9052, 1.0055, 0.5579, 0.9903, 0.1053, 1.7864, 1.1458, 0.3961, 0.9152, 0.9953, 0.4126, 0.6382, 0.4764, 1.3891, 0.1389, 5.9937, 1.1094]
    ],
    [
      [0.3638, 0.0586, 0.0261, 0.5764, 0.3094, 0.5103, 0.3615, 0.876, 0, 0.1335, 0.1172, 0.2149, 0.1205, 0.1303, 0.7034, 0.2279, 1.3989, 0, 0.2052, 0, 0.2084, 0, 0, 0, 0.3419, 0.2052, 0.0358, 0, 0.153, 0.7066, 0, 0, 0.3191, 0.0521, 0.6057, 0.0195],
      [0.1098, 0.102, 0.0446, 0.9844, 0.5221, 0.6089, 0.5968, 1.442, 0.3278, 0.2236, 0.284, 0.3543, 0.2016, 0.2147, 1.17, 0.3738, 0.518, 0.2754, 0.3451, 0.2192, 0.3452, 0.1339, 0.3071, 0.1565, 1.9519, 0.3382, 0.0626, 0.2501, 0.2559, 1.1576, 0.0529, 0.0951, 0.9487, 0.0872, 1.0178, 0.0317],
      [0, 0.2688, 0, 2.6434, 1.4188, 1.6727, 1.6577, 4.0174, 0.911, 0.6123, 0.5376, 0, 0.5526, 0, 3.2258, 1.0454, 1.4486, 1.345, 0.9409, 0.6123, 0.9558, 0.3734, 0.8513, 0.4331, 1.5681, 0.9409, 0, 0.687, 0.7019, 3.2408, 0.1344, 0, 0, 0.239, 2.7778, 0.0896],
      [15.4576, 10.9062, 3.7597, 112.7338, 64.3809, 68.0271, 67.2548, 176.2951, 42.3154, 26.6718, 20.0162, 45.4666, 25.579, 25.4004, 133.3695, 37.38, 54.8611, 28.8066, 39.1698, 30.2987, 39.443, 14.2305, 41.024, 19.9989, 59.2458, 39.1698, 6.9976, 27.0396, 29.8081, 129.1512, 5.9522, 12.2317, 62.7495, 12.1179, 121.6803, 0.8521],
      [0.1741, 0.5188, 0.9455, 7.2654, 3.153, 4.5893, 2.2336, 7.5647, 1.9935, 1.0254, 1.5447, 3.2756, 0.7538, 1.0573, 5.5572, 1.3057, 2.0282, 5.2062, 1.7462, 1.1926, 1.2256, 0.8021, 0.5432, 0.5588, 5.6242, 1.3896, 0.4858, 1.055, 1.2448, 3.8387, 0.7623, 0.477, 2.8878, 0.1393, 6.2294, 0.2333],
      [3.8917, 6.1428, 3.223, 52.7697, 25.2014, 36.5748, 38.8787, 78.764, 15.443, 12.3271, 13.5002, 16.6785, 9.7869, 12.5939, 71.9412, 29.6566, 36.7303, 15.3591, 20.5833, 8.671, 21.8123, 9.4564, 14.2657, 7.8527, 36.2521, 20.9468, 3.4165, 16.9613, 14.829, 78.9051, 2.0969, 5.1934, 31.08, 3.3621, 53.6607, 4.7729],
      [0.003, 0.0027, 0.0012, 0.0269, 0.0145, 0.017, 0.0169, 0.0409, 0.0093, 0.0062, 0, 0.01, 0.0056, 0.6035, 0.0329, 0.0106, 0.0148, 0.0078, 0.0096, 0.0062, 0.0097, 0.0038, 0.0087, 0, 0.016, 0.0096, 0.0017, 0.007, 0.0071, 0, 0.0014, 0.0027, 0.0149, 0.0024, 0.0283, 0.0009]
    ],
    [
      [0, 0, 0, 0, 0, 0, 0, 0, 0, 0, 0, 0, 0, 0, 0, 0, 0, 0, 0, 0, 0, 0, 0, 0, 0, 0, 0, 0, 0, 0, 0, 0, 0, 0, 0, 0],
      [2.4883, 3.6335, 1.0098, 27.6416, 14.118, 11.3897, 9.4118, 22.6137, 5.4868, 4.8725, 3.925, 6.0075, 4.0187, 4.5604, 24.7899, 5.9034, 9.3603, 5.0599, 7.8396, 2.9152, 7.2361, 2.3322, 5.5806, 3.8004, 13.7328, 5.1119, 2.8111, 5.2057, 4.5079, 14.8986, 2.3945, 0.6246, 9.0683, 0, 23.1755, 0.3332],
      [0, 0, 0, 0, 0, 0, 0, 0, 0, 0, 0, 0, 0, 0, 0, 0, 0, 0, 0, 0, 0, 0, 0, 0, 0, 0, 0, 0, 0, 0, 0, 0, 0, 0, 0, 0],
      [0, 0, 0, 0, 0, 0, 0, 0, 0, 0, 0, 0, 0, 0, 0, 0, 0, 0, 0, 0, 0, 0, 0, 0, 0, 0, 0, 0, 0, 0, 0, 0, 0, 0, 0, 0],
      [2.1915, 1.5191, 0.7686, 23.7032, 9.6312, 4.3254, 5.2482, 21.6271, 6.0556, 2.7683, 2.1339, 5.813, 1.7878, 2.2815, 15.2254, 2.8836, 4.9021, 4.037, 4.9598, 3.4603, 4.3297, 1.7302, 2.2492, 1.2688, 5.8249, 2.8836, 1.6148, 2.7106, 3.4603, 8.0741, 2.7106, 0.5599, 6.2286, 0, 19.0895, 0.7497],
      [6.319, 11.8444, 1.2188, 75.635, 52.2338, 34.2744, 31.33, 75.7413, 17.4493, 16.3535, 10.9382, 21.177, 12.1836, 22.8439, 96.9579, 26.2051, 46.7267, 16.8985, 24.1895, 7.6157, 31.4249, 9.9341, 22.1647, 19.9285, 55.4329, 16.9964, 11.5723, 18.0774, 9.0265, 52.018, 4.888, 0.8126, 31.6966, 0, 69.6915, 0.9145],
      [0.0012, 0.003, 0.0028, 0.0201, 0.0169, 0.0104, 0.0101, 0.0179, 0.0083, 0.0057, 0.003, 0.0026, 0.0099, 0.3141, 0.0268, 0.0079, 0.0108, 0.0045, 0.011, 0.0089, 0.0093, 0.0035, 0.0055, 0.0024, 0.0095, 0.0081, 0.0018, 0.0063, 0.0053, 0.0093, 0.0069, 0.003, 0.0065, 0, 0.0436, 0.0026]
    ],
    [
      [0.0024, 0.0051, 0, 0.0374, 0.0231, 0.0211, 0.0197, 0.0329, 0, 0.017, 0.0078, 0.0058, 0, 0.4677, 0.0462, 0.0166, 0.0211, 0, 0.0255, 0, 0.0251, 0, 0, 0, 0.0183, 0.0146, 0.0031, 0, 0.0078, 0.0312, 0, 0, 0.0163, 0.0061, 0.0652, 0.0054],
      [0.0373, 0.0799, 0.0746, 0.5858, 0.3621, 0.3302, 0.3089, 0.5166, 0.3195, 0.2663, 0.2202, 0.0905, 0.229, 0.2184, 0.7243, 0.261, 0.3302, 0.1473, 0.3994, 0.3249, 0.3941, 0.0959, 0.1331, 0.1065, 0.2876, 0.229, 0.1475, 0.2077, 0.1225, 2.3173, 0.1651, 0.0799, 0.2556, 0.4616, 1.0225, 0],
      [0.2669, 0.3933, 0.0758, 3.9447, 1.889, 2.0877, 2.4222, 3.3084, 1.8383, 1.1594, 1.05, 0.1515, 1.5744, 0.3788, 4.0052, 1.2241, 2.2014, 1.159, 2.0801, 1.6979, 2.1448, 0.578, 1.4131, 0.5244, 1.8855, 1.6502, 0.0379, 1.5301, 0.8227, 8.5953, 0.8355, 0, 0.6061, 7.5438, 6.9735, 0.1515],
      [0.0484, 0.1037, 0, 0.7607, 0.4702, 0.4287, 0.4011, 0.6708, 0.4353, 0.3458, 0.159, 0.3057, 0.4161, 0.2835, 0.9405, 0.3388, 0.4287, 0.1798, 0.5186, 0.4425, 0.5117, 0.1245, 0.1814, 0.3818, 0.3734, 0.2973, 0.0622, 0.2697, 0.159, 0.6362, 0.2144, 0.1037, 0.8632, 0.1245, 1.3277, 0],
      [0.1331, 0.1158, 0.3638, 1.5224, 0.675, 0.3793, 0.4185, 1.3809, 0.4662, 0.2678, 0.1688, 0.3345, 0.0947, 0.1726, 1.1361, 0.2715, 0.4099, 0.2769, 0.4444, 0.3311, 0.3259, 0.1414, 0.1797, 0.1157, 0.4394, 0.2569, 0.1074, 0.2381, 0.2391, 0.6506, 0.2292, 0.8941, 0.4463, 0.1139, 1.4765, 0.0785],
      [3.7418, 8.0712, 7.6703, 58.556, 33.8562, 34.2367, 31.2997, 51.6223, 34.4939, 31.2364, 13.0386, 9.6006, 21.8603, 23.2733, 72.6534, 27.772, 33.8173, 13.8495, 42.9917, 35.0662, 43.7041, 9.5831, 12.2949, 11.9013, 29.3898, 22.965, 4.9033, 21.5171, 11.5442, 54.1953, 16.1279, 7.6913, 27.9376, 3.2362, 97.3868, 9.531],
      [2.7702, 6.231, 5.8156, 44.593, 30.7243, 24.5162, 23.1299, 39.4681, 22.4468, 16.7074, 8.3556, 6.5113, 18.8255, 16.2057, 56.4944, 19.116, 24.7915, 10.3875, 28.5402, 23.1375, 26.8943, 7.4772, 10.7979, 6.9703, 21.6059, 17.587, 3.7386, 15.2373, 10.1047, 25.5741, 13.4279, 6.231, 17.8749, 6.5139, 83.7477, 6.2335]
    ]
  ],
  "V_est": [
    [692.479, 6.7928, 9.9156, 97.1148, 434.618, 79.6281, 1.4518],
    [29.9985, 38.4737, 295.9167, 25.401, 73.3322, 304.6716, 163.2062],
    [76.7404, 75.0411, 762.4395, 53.7121, 370.5395, 12422.5543, 663.9731],
    [182.8585, 567.8703, 20.6244, 41.6212, 2109.7795, 245.234, 55.0121],
    [8.9811, 16.1105, 35.9032, 1649.8422, 80.6279, 833.5812, 0.9539],
    [0, 277.8592, 0, 0, 188.8072, 962.7144, 0.6192],
    [0.9424, 11.8524, 68.2006, 13.3087, 15.2957, 972.6165, 708.7837]
  ],
  "p_est": [
    [0.5238, 0.0051, 0.0075, 0.0735, 0.3288, 0.0602, 0.0011],
    [0.0322, 0.0413, 0.3178, 0.0273, 0.0788, 0.3273, 0.1753],
    [0.0053, 0.0052, 0.0529, 0.0037, 0.0257, 0.8612, 0.046],
    [0.0567, 0.1762, 0.0064, 0.0129, 0.6546, 0.0761, 0.0171],
    [0.0034, 0.0061, 0.0137, 0.6283, 0.0307, 0.3174, 0.0004],
    [0, 0.1943, 0, 0, 0.132, 0.6732, 0.0004],
    [0.0005, 0.0066, 0.0381, 0.0074, 0.0085, 0.5431, 0.3957]
  ],
  "EI_Z": {},
  "EI_V": 10.8725,
  "MAE_Z": {},
  "MAE_V": 114.2629,
  "MAE_p": 0.0558,
  "runtime": 2.378
}
