{
  "Z_true": {},
  "V_true": [
    [36, 571, 196, 579],
    [1617, 271, 2927, 85],
    [664, 185, 9603, 257],
    [570, 14412, 2065, 493],
    [145, 419, 1528, 790],
    [175, 269, 517, 339]
  ],
  "p_true": [
    [0.026, 0.4132, 0.1418, 0.419],
    [0.33, 0.0553, 0.5973, 0.0173],
    [0.062, 0.0173, 0.8967, 0.024],
    [0.0325, 0.8217, 0.1177, 0.0281],
    [0.0503, 0.1454, 0.5302, 0.2741],
    [0.1346, 0.2069, 0.3977, 0.2608]
  ],
  "Z_est": [
    [
      [3.5725, 1.0003, 0.8574, 4.1441, 2.2864, 0.5716, 3.0009, 1.429, 2.858, 0.7145, 5.2873, 2.4293, 3.7154, 5.1444, 0.5716, 2.2864, 4.5728, 3.8583, 4.287, 1.8577, 6.7163, 1.5719, 2.5722, 6.2876, 2.5722, 0.1429, 0.1429, 0.4287, 3.4296, 3.8583, 0.4287, 2.2864, 0.2858, 0, 4.8586, 1.1432, 4.7157, 1.2861, 3.5725, 6.7163, 2.858, 2.0006, 2.1435, 3.7154, 1.429, 8.0024, 0, 0, 53.4446, 3.2867, 10.8604, 2.2864],
      [4.415, 1.2362, 1.0596, 5.1214, 2.8256, 0.7064, 3.7086, 1.766, 3.532, 0.883, 6.5342, 3.0022, 4.5916, 6.3576, 0.7064, 2.8256, 5.6512, 4.7682, 5.298, 2.2958, 8.3002, 1.9426, 3.1788, 7.7704, 3.1788, 0.1766, 0.1766, 0.5298, 4.2384, 4.7682, 0.5298, 2.8256, 0.3532, 0, 6.0044, 1.4128, 5.8278, 1.5894, 4.415, 8.3002, 3.532, 2.4724, 2.649, 4.5916, 1.766, 9.8896, 0, 0, 66.0484, 4.0618, 13.4216, 2.8256],
      [6.42, 1.7976, 1.5408, 7.4472, 4.1088, 1.0272, 5.3928, 2.568, 5.136, 1.284, 9.5016, 4.3656, 6.6768, 9.2448, 1.0272, 4.1088, 8.2176, 6.9336, 7.704, 3.3384, 12.0696, 2.8248, 4.6224, 11.2992, 4.6224, 0.2568, 0.2568, 0.7704, 6.1632, 6.9336, 0.7704, 4.1088, 0.5136, 0, 8.7312, 2.0544, 8.4744, 2.3112, 6.42, 12.0696, 5.136, 3.5952, 3.852, 6.6768, 2.568, 14.3808, 0, 0, 96.0432, 5.9064, 19.5168, 4.1088],
      [10.59, 2.9652, 2.5416, 12.2844, 6.7776, 1.6944, 8.8956, 4.236, 8.472, 2.118, 15.6732, 7.2012, 11.0136, 15.2496, 1.6944, 6.7776, 13.5552, 11.4372, 12.708, 5.5068, 19.9092, 4.6596, 7.6248, 18.6384, 7.6248, 0.4236, 0.4236, 1.2708, 10.1664, 11.4372, 1.2708, 6.7776, 0.8472, 0, 14.4024, 3.3888, 13.9788, 3.8124, 10.59, 19.9092, 8.472, 5.9304, 6.354, 11.0136, 4.236, 23.7216, 0, 0, 158.4264, 9.7428, 32.1936, 6.7776]
    ],
    [
      [31.7343, 4.4187, 15.2646, 30.5292, 24.102, 16.8714, 18.4782, 44.187, 77.5281, 10.8459, 30.1275, 10.4442, 14.0595, 29.7258, 5.6238, 29.7258, 33.7428, 14.8629, 19.2816, 17.6748, 41.7768, 43.7853, 17.6748, 59.4516, 34.1445, 0.8034, 0.4017, 1.2051, 42.9819, 76.7247, 26.5122, 65.4771, 10.0425, 0, 20.085, 8.8374, 12.4527, 11.6493, 11.2476, 18.4782, 30.1275, 17.2731, 11.6493, 17.2731, 21.6918, 57.8448, 4.017, 4.8204, 531.8508, 53.4261, 147.4239, 87.9723],
      [8.6268, 1.2012, 4.1496, 8.2992, 6.552, 4.5864, 5.0232, 12.012, 21.0756, 2.9484, 8.19, 2.8392, 3.822, 8.0808, 1.5288, 8.0808, 9.1728, 4.0404, 5.2416, 4.8048, 11.3568, 11.9028, 4.8048, 16.1616, 9.282, 0.2184, 0.1092, 0.3276, 11.6844, 20.8572, 7.2072, 17.7996, 2.73, 0, 5.46, 2.4024, 3.3852, 3.1668, 3.0576, 5.0232, 8.19, 4.6956, 3.1668, 4.6956, 5.8968, 15.7248, 1.092, 1.3104, 144.5808, 14.5236, 40.0764, 23.9148],
      [34.444, 4.796, 16.568, 33.136, 26.16, 18.312, 20.056, 47.96, 84.148, 11.772, 32.7, 11.336, 15.26, 32.264, 6.104, 32.264, 36.624, 16.132, 20.928, 19.184, 45.344, 47.524, 19.184, 64.528, 37.06, 0.872, 0.436, 1.308, 46.652, 83.276, 28.776, 71.068, 10.9, 0, 21.8, 9.592, 13.516, 12.644, 12.208, 20.056, 32.7, 18.748, 12.644, 18.748, 23.544, 62.784, 4.36, 5.232, 577.264, 57.988, 160.012, 95.484],
      [4.2028, 0.5852, 2.0216, 4.0432, 3.192, 2.2344, 2.4472, 5.852, 10.2676, 1.4364, 3.99, 1.3832, 1.862, 3.9368, 0.7448, 3.9368, 4.4688, 1.9684, 2.5536, 2.3408, 5.5328, 5.7988, 2.3408, 7.8736, 4.522, 0.1064, 0.0532, 0.1596, 5.6924, 10.1612, 3.5112, 8.6716, 1.33, 0, 2.66, 1.1704, 1.6492, 1.5428, 1.4896, 2.4472, 3.99, 2.2876, 1.5428, 2.2876, 2.8728, 7.6608, 0.532, 0.6384, 70.4368, 7.0756, 19.5244, 11.6508]
    ],
    [
      [4.7073, 0.5751, 2.2152, 2.4282, 0.9372, 0.5751, 1.7679, 1.5336, 3.7488, 2.2578, 4.2813, 1.9809, 1.3632, 3.0672, 1.3419, 2.8755, 3.7914, 2.343, 2.769, 1.8531, 4.3452, 2.13, 1.1289, 5.1333, 5.964, 0.5325, 0.1917, 0.0852, 2.3643, 6.6882, 2.13, 5.8362, 0.5112, 0.4047, 5.9853, 2.7477, 3.4932, 3.0672, 3.8766, 8.4348, 6.0492, 3.7488, 2.9181, 3.0885, 2.4282, 7.5189, 0.2769, 0.2769, 65.4975, 7.242, 13.8024, 3.7914],
      [7.1825, 0.8775, 3.38, 3.705, 1.43, 0.8775, 2.6975, 2.34, 5.72, 3.445, 6.5325, 3.0225, 2.08, 4.68, 2.0475, 4.3875, 5.785, 3.575, 4.225, 2.8275, 6.63, 3.25, 1.7225, 7.8325, 9.1, 0.8125, 0.2925, 0.13, 3.6075, 10.205, 3.25, 8.905, 0.78, 0.6175, 9.1325, 4.1925, 5.33, 4.68, 5.915, 12.87, 9.23, 5.72, 4.4525, 4.7125, 3.705, 11.4725, 0.4225, 0.4225, 99.9375, 11.05, 21.06, 5.785],
      [203.2316, 24.8292, 95.6384, 104.8344, 40.4624, 24.8292, 76.3268, 66.2112, 161.8496, 97.4776, 184.8396, 85.5228, 58.8544, 132.4224, 57.9348, 124.146, 163.6888, 101.156, 119.548, 80.0052, 187.5984, 91.96, 48.7388, 221.6236, 257.488, 22.99, 8.2764, 3.6784, 102.0756, 288.7544, 91.96, 251.9704, 22.0704, 17.4724, 258.4076, 118.6284, 150.8144, 132.4224, 167.3672, 364.1616, 261.1664, 161.8496, 125.9852, 133.342, 104.8344, 324.6188, 11.9548, 11.9548, 2827.77, 312.664, 595.9008, 163.6888],
      [5.8786, 0.7182, 2.7664, 3.0324, 1.1704, 0.7182, 2.2078, 1.9152, 4.6816, 2.8196, 5.3466, 2.4738, 1.7024, 3.8304, 1.6758, 3.591, 4.7348, 2.926, 3.458, 2.3142, 5.4264, 2.66, 1.4098, 6.4106, 7.448, 0.665, 0.2394, 0.1064, 2.9526, 8.3524, 2.66, 7.2884, 0.6384, 0.5054, 7.4746, 3.4314, 4.3624, 3.8304, 4.8412, 10.5336, 7.5544, 4.6816, 3.6442, 3.857, 3.0324, 9.3898, 0.3458, 0.3458, 81.795, 9.044, 17.2368, 4.7348]
    ],
    [
      [6.3501, 0.9882, 3.4587, 5.7645, 2.3607, 1.9215, 5.5998, 5.1789, 10.6323, 2.5071, 6.1671, 2.5254, 4.575, 9.2049, 1.8117, 8.601, 9.0585, 5.7096, 7.2468, 4.6665, 9.4794, 4.7031, 2.4705, 11.8584, 3.3489, 0.1281, 0.2196, 0.0732, 5.9475, 6.6978, 3.0561, 6.8625, 1.3176, 0.1098, 3.2757, 1.7934, 2.3973, 1.6836, 2.6901, 5.6181, 4.758, 3.3855, 3.0927, 3.5868, 2.0496, 12.7368, 0.3111, 0.366, 82.9539, 5.7462, 18.0255, 5.9109],
      [286.7261, 44.6202, 156.1707, 260.2845, 106.5927, 86.7615, 252.8478, 233.8429, 480.0803, 113.2031, 278.4631, 114.0294, 206.575, 415.6289, 81.8037, 388.361, 409.0185, 257.8056, 327.2148, 210.7065, 428.0234, 212.3591, 111.5505, 535.4424, 151.2129, 5.7841, 9.9156, 3.3052, 268.5475, 302.4258, 137.9921, 309.8625, 59.4936, 4.9578, 147.9077, 80.9774, 108.2453, 76.0196, 121.4661, 253.6741, 214.838, 152.8655, 139.6447, 161.9548, 92.5456, 575.1048, 14.0471, 16.526, 3745.6179, 259.4582, 813.9055, 266.8949],
      [50.1068, 7.7976, 27.2916, 45.486, 18.6276, 15.162, 44.1864, 40.8652, 83.8964, 19.7828, 48.6628, 19.9272, 36.1, 72.6332, 14.2956, 67.868, 71.478, 45.0528, 57.1824, 36.822, 74.7992, 37.1108, 19.494, 93.5712, 26.4252, 1.0108, 1.7328, 0.5776, 46.93, 52.8504, 24.1148, 54.15, 10.3968, 0.8664, 25.8476, 14.1512, 18.9164, 13.2848, 21.2268, 44.3308, 37.544, 26.714, 24.4036, 28.3024, 16.1728, 100.5024, 2.4548, 2.888, 654.5652, 45.3416, 142.234, 46.6412],
      [3.7823, 0.5886, 2.0601, 3.4335, 1.4061, 1.1445, 3.3354, 3.0847, 6.3329, 1.4933, 3.6733, 1.5042, 2.725, 5.4827, 1.0791, 5.123, 5.3955, 3.4008, 4.3164, 2.7795, 5.6462, 2.8013, 1.4715, 7.0632, 1.9947, 0.0763, 0.1308, 0.0436, 3.5425, 3.9894, 1.8203, 4.0875, 0.7848, 0.0654, 1.9511, 1.0682, 1.4279, 1.0028, 1.6023, 3.3463, 2.834, 2.0165, 1.8421, 2.1364, 1.2208, 7.5864, 0.1853, 0.218, 49.4097, 3.4226, 10.7365, 3.5207]
    ],
    [
      [5.1388, 0.886, 2.215, 4.43, 1.329, 0.7974, 0.886, 1.6834, 2.658, 3.2782, 4.0756, 1.772, 1.9492, 3.3668, 1.4176, 2.5694, 3.1896, 2.7466, 2.3922, 2.1264, 6.202, 1.5062, 1.4176, 6.2906, 4.6072, 0.3544, 0, 0.1772, 4.1642, 4.9616, 2.0378, 5.1388, 0.3544, 0.7088, 7.2652, 2.7466, 6.5564, 2.7466, 5.4046, 11.1636, 7.8854, 6.5564, 3.1896, 3.6326, 2.4808, 11.6952, 0.0886, 0.0886, 75.3986, 6.3792, 13.4672, 1.772],
      [6.5134, 1.123, 2.8075, 5.615, 1.6845, 1.0107, 1.123, 2.1337, 3.369, 4.1551, 5.1658, 2.246, 2.4706, 4.2674, 1.7968, 3.2567, 4.0428, 3.4813, 3.0321, 2.6952, 7.861, 1.9091, 1.7968, 7.9733, 5.8396, 0.4492, 0, 0.2246, 5.2781, 6.2888, 2.5829, 6.5134, 0.4492, 0.8984, 9.2086, 3.4813, 8.3102, 3.4813, 6.8503, 14.1498, 9.9947, 8.3102, 4.0428, 4.6043, 3.1444, 14.8236, 0.1123, 0.1123, 95.5673, 8.0856, 17.0696, 2.246],
      [28.449, 4.905, 12.2625, 24.525, 7.3575, 4.4145, 4.905, 9.3195, 14.715, 18.1485, 22.563, 9.81, 10.791, 18.639, 7.848, 14.2245, 17.658, 15.2055, 13.2435, 11.772, 34.335, 8.3385, 7.848, 34.8255, 25.506, 1.962, 0, 0.981, 23.0535, 27.468, 11.2815, 28.449, 1.962, 3.924, 40.221, 15.2055, 36.297, 15.2055, 29.9205, 61.803, 43.6545, 36.297, 17.658, 20.1105, 13.734, 64.746, 0.4905, 0.4905, 417.4155, 35.316, 74.556, 9.81],
      [17.8988, 3.086, 7.715, 15.43, 4.629, 2.7774, 3.086, 5.8634, 9.258, 11.4182, 14.1956, 6.172, 6.7892, 11.7268, 4.9376, 8.9494, 11.1096, 9.5666, 8.3322, 7.4064, 21.602, 5.2462, 4.9376, 21.9106, 16.0472, 1.2344, 0, 0.6172, 14.5042, 17.2816, 7.0978, 17.8988, 1.2344, 2.4688, 25.3052, 9.5666, 22.8364, 9.5666, 18.8246, 38.8836, 27.4654, 22.8364, 11.1096, 12.6526, 8.6408, 40.7352, 0.3086, 0.3086, 262.6186, 22.2192, 46.9072, 6.172]
    ],
    [
      [3.7259, 0.7844, 2.3532, 3.1376, 0.7844, 0.7844, 1.3727, 3.1376, 6.4713, 2.5493, 3.5298, 1.7649, 2.3532, 3.922, 3.1376, 2.9415, 6.0791, 3.5298, 3.7259, 3.3337, 5.2947, 3.922, 1.961, 8.2362, 6.6674, 0.1961, 0.3922, 0, 3.7259, 6.2752, 2.1571, 5.883, 0.5883, 0.3922, 6.8635, 1.5688, 3.3337, 1.961, 4.1181, 4.5103, 7.844, 3.1376, 1.7649, 1.7649, 2.5493, 9.0206, 0.1961, 0.1961, 65.6935, 10.0011, 20.9827, 4.3142],
      [3.1559, 0.6644, 1.9932, 2.6576, 0.6644, 0.6644, 1.1627, 2.6576, 5.4813, 2.1593, 2.9898, 1.4949, 1.9932, 3.322, 2.6576, 2.4915, 5.1491, 2.9898, 3.1559, 2.8237, 4.4847, 3.322, 1.661, 6.9762, 5.6474, 0.1661, 0.3322, 0, 3.1559, 5.3152, 1.8271, 4.983, 0.4983, 0.3322, 5.8135, 1.3288, 2.8237, 1.661, 3.4881, 3.8203, 6.644, 2.6576, 1.4949, 1.4949, 2.1593, 7.6406, 0.1661, 0.1661, 55.6435, 8.4711, 17.7727, 3.6542],
      [7.1155, 1.498, 4.494, 5.992, 1.498, 1.498, 2.6215, 5.992, 12.3585, 4.8685, 6.741, 3.3705, 4.494, 7.49, 5.992, 5.6175, 11.6095, 6.741, 7.1155, 6.3665, 10.1115, 7.49, 3.745, 15.729, 12.733, 0.3745, 0.749, 0, 7.1155, 11.984, 4.1195, 11.235, 1.1235, 0.749, 13.1075, 2.996, 6.3665, 3.745, 7.8645, 8.6135, 14.98, 5.992, 3.3705, 3.3705, 4.8685, 17.227, 0.3745, 0.3745, 125.4575, 19.0995, 40.0715, 8.239],
      [5.0046, 1.0536, 3.1608, 4.2144, 1.0536, 1.0536, 1.8438, 4.2144, 8.6922, 3.4242, 4.7412, 2.3706, 3.1608, 5.268, 4.2144, 3.951, 8.1654, 4.7412, 5.0046, 4.4778, 7.1118, 5.268, 2.634, 11.0628, 8.9556, 0.2634, 0.5268, 0, 5.0046, 8.4288, 2.8974, 7.902, 0.7902, 0.5268, 9.219, 2.1072, 4.4778, 2.634, 5.5314, 6.0582, 10.536, 4.2144, 2.3706, 2.3706, 3.4242, 12.1164, 0.2634, 0.2634, 88.239, 13.4334, 28.1838, 5.7948]
    ]
  ],
  "V_est": [
    [197.4878, 244.0612, 354.8976, 585.4152],
    [1968.33, 535.08, 2136.4, 260.68],
    [228.1017, 348.0425, 9847.9964, 284.8594],
    [320.982, 14493.302, 2532.776, 191.186],
    [255.3452, 323.6486, 1413.621, 889.3852],
    [254.93, 215.93, 486.85, 342.42]
  ],
  "p_est": [
    [0.1429, 0.1766, 0.2568, 0.4236],
    [0.4017, 0.1092, 0.436, 0.0532],
    [0.0213, 0.0325, 0.9196, 0.0266],
    [0.0183, 0.8263, 0.1444, 0.0109],
    [0.0886, 0.1123, 0.4905, 0.3086],
    [0.1961, 0.1661, 0.3745, 0.2634]
  ],
  "EI_Z": {},
  "EI_V": 6.1906,
  "MAE_Z": {},
  "MAE_V": 199.7153,
  "MAE_p": 0.0506,
  "runtime": 129.917
}
