{
  "Z_true": {},
  "V_true": [
    [3273, 413, 2996, 234],
    [1278, 207, 8150, 375],
    [694, 8103, 499, 287],
    [243, 258, 969, 219],
    [233, 506, 362, 472]
  ],
  "p_true": [
    [0.4733, 0.0597, 0.4332, 0.0338],
    [0.1277, 0.0207, 0.8142, 0.0375],
    [0.0724, 0.8456, 0.0521, 0.0299],
    [0.1439, 0.1528, 0.5737, 0.1297],
    [0.1481, 0.3217, 0.2301, 0.3001]
  ],
  "Z_est": [
    [
      [17.4203, 37.8441, 43.2504, 4.2049, 12.6147, 1.2014, 89.5043, 73.8861, 37.2434, 37.8441, 43.8511, 52.2609, 163.3904, 5.4063, 97.3134, 16.8196, 121.3414, 4.8056, 42.6497, 71.4833, 28.8336, 44.4518, 27.0315, 160.3869, 152.5778, 54.063, 80.4938, 203.6373, 137.5603, 126.147, 84.098, 31.2364, 105.7232, 73.2854, 82.2959, 94.9106, 54.063, 63.6742, 1.8021, 7.8091, 5.4063, 9.0105, 39.0455, 55.8651, 88.9036, 45.0525, 120.14, 45.6532, 496.7789, 12.6147, 118.3379, 435.5075, 93.7092],
      [1.2441, 2.7027, 3.0888, 0.3003, 0.9009, 0.0858, 6.3921, 5.2767, 2.6598, 2.7027, 3.1317, 3.7323, 11.6688, 0.3861, 6.9498, 1.2012, 8.6658, 0.3432, 3.0459, 5.1051, 2.0592, 3.1746, 1.9305, 11.4543, 10.8966, 3.861, 5.7486, 14.5431, 9.8241, 9.009, 6.006, 2.2308, 7.5504, 5.2338, 5.8773, 6.7782, 3.861, 4.5474, 0.1287, 0.5577, 0.3861, 0.6435, 2.7885, 3.9897, 6.3492, 3.2175, 8.58, 3.2604, 35.4783, 0.9009, 8.4513, 31.1025, 6.6924],
      [8.8827, 19.2969, 22.0536, 2.1441, 6.4323, 0.6126, 45.6387, 37.6749, 18.9906, 19.2969, 22.3599, 26.6481, 83.3136, 2.7567, 49.6206, 8.5764, 61.8726, 2.4504, 21.7473, 36.4497, 14.7024, 22.6662, 13.7835, 81.7821, 77.8002, 27.567, 41.0442, 103.8357, 70.1427, 64.323, 42.882, 15.9276, 53.9088, 37.3686, 41.9631, 48.3954, 27.567, 32.4678, 0.9189, 3.9819, 2.7567, 4.5945, 19.9095, 28.4859, 45.3324, 22.9725, 61.26, 23.2788, 253.3101, 6.4323, 60.3411, 222.0675, 47.7828],
      [1.4529, 3.1563, 3.6072, 0.3507, 1.0521, 0.1002, 7.4649, 6.1623, 3.1062, 3.1563, 3.6573, 4.3587, 13.6272, 0.4509, 8.1162, 1.4028, 10.1202, 0.4008, 3.5571, 5.9619, 2.4048, 3.7074, 2.2545, 13.3767, 12.7254, 4.509, 6.7134, 16.9839, 11.4729, 10.521, 7.014, 2.6052, 8.8176, 6.1122, 6.8637, 7.9158, 4.509, 5.3106, 0.1503, 0.6513, 0.4509, 0.7515, 3.2565, 4.6593, 7.4148, 3.7575, 10.02, 3.8076, 41.4327, 1.0521, 9.8697, 36.3225, 7.8156]
    ],
    [
      [4.0068, 14.469, 3.2754, 0.8586, 2.2578, 0.0636, 4.77, 2.9892, 2.862, 1.9716, 3.8478, 3.816, 10.4622, 0.6042, 4.8972, 1.3356, 4.7064, 0.318, 9.7308, 11.7024, 3.5616, 2.0034, 1.272, 8.586, 17.1402, 5.5968, 8.7768, 12.0522, 10.2396, 6.1374, 10.4304, 3.2436, 7.155, 6.9324, 4.7382, 5.9784, 4.6428, 8.1726, 0.4134, 0.2544, 0.4452, 0.9222, 2.4486, 5.5968, 2.4804, 4.5156, 14.3736, 1.908, 30.5598, 2.4486, 6.7734, 25.5036, 4.0704],
      [3.1374, 11.3295, 2.5647, 0.6723, 1.7679, 0.0498, 3.735, 2.3406, 2.241, 1.5438, 3.0129, 2.988, 8.1921, 0.4731, 3.8346, 1.0458, 3.6852, 0.249, 7.6194, 9.1632, 2.7888, 1.5687, 0.996, 6.723, 13.4211, 4.3824, 6.8724, 9.4371, 8.0178, 4.8057, 8.1672, 2.5398, 5.6025, 5.4282, 3.7101, 4.6812, 3.6354, 6.3993, 0.3237, 0.1992, 0.3486, 0.7221, 1.9173, 4.3824, 1.9422, 3.5358, 11.2548, 1.494, 23.9289, 1.9173, 5.3037, 19.9698, 3.1872],
      [116.424, 420.42, 95.172, 24.948, 65.604, 1.848, 138.6, 86.856, 83.16, 57.288, 111.804, 110.88, 303.996, 17.556, 142.296, 38.808, 136.752, 9.24, 282.744, 340.032, 103.488, 58.212, 36.96, 249.48, 498.036, 162.624, 255.024, 350.196, 297.528, 178.332, 303.072, 94.248, 207.9, 201.432, 137.676, 173.712, 134.904, 237.468, 12.012, 7.392, 12.936, 26.796, 71.148, 162.624, 72.072, 131.208, 417.648, 55.44, 887.964, 71.148, 196.812, 741.048, 118.272],
      [2.4318, 8.7815, 1.9879, 0.5211, 1.3703, 0.0386, 2.895, 1.8142, 1.737, 1.1966, 2.3353, 2.316, 6.3497, 0.3667, 2.9722, 0.8106, 2.8564, 0.193, 5.9058, 7.1024, 2.1616, 1.2159, 0.772, 5.211, 10.4027, 3.3968, 5.3268, 7.3147, 6.2146, 3.7249, 6.3304, 1.9686, 4.3425, 4.2074, 2.8757, 3.6284, 2.8178, 4.9601, 0.2509, 0.1544, 0.2702, 0.5597, 1.4861, 3.3968, 1.5054, 2.7406, 8.7236, 1.158, 18.5473, 1.4861, 4.1109, 15.4786, 2.4704]
    ],
    [
      [4.5872, 7.7592, 1.9032, 0.7808, 1.2688, 0.0976, 7.32, 6.1488, 4.2944, 2.7328, 3.5624, 4.4408, 16.5432, 0.6832, 7.9544, 1.6104, 7.1248, 0.6832, 8.54, 14.1032, 5.368, 3.6112, 1.708, 35.7704, 26.9864, 7.4176, 14.9328, 10.7848, 9.028, 7.2224, 8.784, 1.6592, 4.0504, 5.5632, 13.6152, 16.2992, 10.0528, 6.7832, 0.2928, 1.7568, 0.488, 1.1712, 5.4168, 15.128, 5.856, 5.856, 24.4976, 3.172, 44.8472, 2.5376, 10.0528, 49.4344, 5.368],
      [82.4004, 139.3794, 34.1874, 14.0256, 22.7916, 1.7532, 131.49, 110.4516, 77.1408, 49.0896, 63.9918, 79.7706, 297.1674, 12.2724, 142.8858, 28.9278, 127.9836, 12.2724, 153.405, 253.3374, 96.426, 64.8684, 30.681, 642.5478, 484.7598, 133.2432, 268.2396, 193.7286, 162.171, 129.7368, 157.788, 29.8044, 72.7578, 99.9324, 244.5714, 292.7844, 180.5796, 121.8474, 5.2596, 31.5576, 8.766, 21.0384, 97.3026, 271.746, 105.192, 105.192, 440.0532, 56.979, 805.5954, 45.5832, 180.5796, 887.9958, 96.426],
      [4.8786, 8.2521, 2.0241, 0.8304, 1.3494, 0.1038, 7.785, 6.5394, 4.5672, 2.9064, 3.7887, 4.7229, 17.5941, 0.7266, 8.4597, 1.7127, 7.5774, 0.7266, 9.0825, 14.9991, 5.709, 3.8406, 1.8165, 38.0427, 28.7007, 7.8888, 15.8814, 11.4699, 9.6015, 7.6812, 9.342, 1.7646, 4.3077, 5.9166, 14.4801, 17.3346, 10.6914, 7.2141, 0.3114, 1.8684, 0.519, 1.2456, 5.7609, 16.089, 6.228, 6.228, 26.0538, 3.3735, 47.6961, 2.6988, 10.6914, 52.5747, 5.709],
      [2.1338, 3.6093, 0.8853, 0.3632, 0.5902, 0.0454, 3.405, 2.8602, 1.9976, 1.2712, 1.6571, 2.0657, 7.6953, 0.3178, 3.7001, 0.7491, 3.3142, 0.3178, 3.9725, 6.5603, 2.497, 1.6798, 0.7945, 16.6391, 12.5531, 3.4504, 6.9462, 5.0167, 4.1995, 3.3596, 4.086, 0.7718, 1.8841, 2.5878, 6.3333, 7.5818, 4.6762, 3.1553, 0.1362, 0.8172, 0.227, 0.5448, 2.5197, 7.037, 2.724, 2.724, 11.3954, 1.4755, 20.8613, 1.1804, 4.6762, 22.9951, 2.497]
    ],
    [
      [7.041, 17.8372, 3.7552, 1.8776, 2.1123, 0.2347, 5.1634, 2.347, 2.1123, 2.5817, 4.2246, 4.9287, 11.0309, 0, 7.041, 2.5817, 3.2858, 0, 13.3779, 13.3779, 3.9899, 4.2246, 2.347, 16.1943, 22.7659, 6.5716, 13.6126, 15.4902, 15.0208, 4.4593, 14.082, 3.5205, 9.1533, 7.2757, 4.9287, 7.5104, 5.8675, 11.735, 0.4694, 0.7041, 1.1735, 1.4082, 2.347, 15.9596, 5.8675, 3.9899, 17.1331, 3.0511, 32.1539, 3.5205, 7.9798, 23.9394, 3.0511],
      [4.362, 11.0504, 2.3264, 1.1632, 1.3086, 0.1454, 3.1988, 1.454, 1.3086, 1.5994, 2.6172, 3.0534, 6.8338, 0, 4.362, 1.5994, 2.0356, 0, 8.2878, 8.2878, 2.4718, 2.6172, 1.454, 10.0326, 14.1038, 4.0712, 8.4332, 9.5964, 9.3056, 2.7626, 8.724, 2.181, 5.6706, 4.5074, 3.0534, 4.6528, 3.635, 7.27, 0.2908, 0.4362, 0.727, 0.8724, 1.454, 9.8872, 3.635, 2.4718, 10.6142, 1.8902, 19.9198, 2.181, 4.9436, 14.8308, 1.8902],
      [9.633, 24.4036, 5.1376, 2.5688, 2.8899, 0.3211, 7.0642, 3.211, 2.8899, 3.5321, 5.7798, 6.7431, 15.0917, 0, 9.633, 3.5321, 4.4954, 0, 18.3027, 18.3027, 5.4587, 5.7798, 3.211, 22.1559, 31.1467, 8.9908, 18.6238, 21.1926, 20.5504, 6.1009, 19.266, 4.8165, 12.5229, 9.9541, 6.7431, 10.2752, 8.0275, 16.055, 0.6422, 0.9633, 1.6055, 1.9266, 3.211, 21.8348, 8.0275, 5.4587, 23.4403, 4.1743, 43.9907, 4.8165, 10.9174, 32.7522, 4.1743],
      [8.967, 22.7164, 4.7824, 2.3912, 2.6901, 0.2989, 6.5758, 2.989, 2.6901, 3.2879, 5.3802, 6.2769, 14.0483, 0, 8.967, 3.2879, 4.1846, 0, 17.0373, 17.0373, 5.0813, 5.3802, 2.989, 20.6241, 28.9933, 8.3692, 17.3362, 19.7274, 19.1296, 5.6791, 17.934, 4.4835, 11.6571, 9.2659, 6.2769, 9.5648, 7.4725, 14.945, 0.5978, 0.8967, 1.4945, 1.7934, 2.989, 20.3252, 7.4725, 5.0813, 21.8197, 3.8857, 40.9493, 4.4835, 10.1626, 30.4878, 3.8857]
    ],
    [
      [4.199, 8.892, 3.211, 0.494, 1.729, 0, 6.916, 5.434, 2.964, 5.681, 3.458, 4.94, 13.338, 0, 5.681, 3.458, 10.127, 0.741, 7.657, 8.645, 2.964, 3.705, 2.223, 17.29, 20.501, 7.904, 10.868, 15.067, 10.621, 6.422, 14.82, 1.235, 5.928, 7.41, 5.434, 5.681, 5.434, 9.633, 0.988, 0.494, 0, 1.482, 2.964, 7.41, 6.916, 7.41, 12.844, 2.223, 41.99, 3.705, 8.151, 35.321, 5.928],
      [3.4476, 7.3008, 2.6364, 0.4056, 1.4196, 0, 5.6784, 4.4616, 2.4336, 4.6644, 2.8392, 4.056, 10.9512, 0, 4.6644, 2.8392, 8.3148, 0.6084, 6.2868, 7.098, 2.4336, 3.042, 1.8252, 14.196, 16.8324, 6.4896, 8.9232, 12.3708, 8.7204, 5.2728, 12.168, 1.014, 4.8672, 6.084, 4.4616, 4.6644, 4.4616, 7.9092, 0.8112, 0.4056, 0, 1.2168, 2.4336, 6.084, 5.6784, 6.084, 10.5456, 1.8252, 34.476, 3.042, 6.6924, 29.0004, 4.8672],
      [5.6236, 11.9088, 4.3004, 0.6616, 2.3156, 0, 9.2624, 7.2776, 3.9696, 7.6084, 4.6312, 6.616, 17.8632, 0, 7.6084, 4.6312, 13.5628, 0.9924, 10.2548, 11.578, 3.9696, 4.962, 2.9772, 23.156, 27.4564, 10.5856, 14.5552, 20.1788, 14.2244, 8.6008, 19.848, 1.654, 7.9392, 9.924, 7.2776, 7.6084, 7.2776, 12.9012, 1.3232, 0.6616, 0, 1.9848, 3.9696, 9.924, 9.2624, 9.924, 17.2016, 2.9772, 56.236, 4.962, 10.9164, 47.3044, 7.9392],
      [3.7315, 7.902, 2.8535, 0.439, 1.5365, 0, 6.146, 4.829, 2.634, 5.0485, 3.073, 4.39, 11.853, 0, 5.0485, 3.073, 8.9995, 0.6585, 6.8045, 7.6825, 2.634, 3.2925, 1.9755, 15.365, 18.2185, 7.024, 9.658, 13.3895, 9.4385, 5.707, 13.17, 1.0975, 5.268, 6.585, 4.829, 5.0485, 4.829, 8.5605, 0.878, 0.439, 0, 1.317, 2.634, 6.585, 6.146, 6.585, 11.414, 1.9755, 37.315, 3.2925, 7.2435, 31.3885, 5.268]
    ]
  ],
  "V_est": [
    [4154.4412, 296.6964, 2118.3708, 346.4916],
    [318.318, 249.249, 9249.24, 193.193],
    [467.6504, 8400.4578, 497.3577, 217.5341],
    [396.4083, 245.5806, 542.3379, 504.8421],
    [388.531, 319.0044, 520.3484, 345.2735]
  ],
  "p_est": [
    [0.6007, 0.0429, 0.3063, 0.0501],
    [0.0318, 0.0249, 0.924, 0.0193],
    [0.0488, 0.8766, 0.0519, 0.0227],
    [0.2347, 0.1454, 0.3211, 0.2989],
    [0.247, 0.2028, 0.3308, 0.2195]
  ],
  "EI_Z": {},
  "EI_V": 10.7012,
  "MAE_Z": {},
  "MAE_V": 318.5846,
  "MAE_p": 0.0748,
  "runtime": 108.806
}
