{
  "X": [
    [1, 4, 3],
    [103, 107, 22],
    [6, 11, 3],
    [202, 202, 28],
    [128, 107, 12],
    [69, 71, 15],
    [62, 96, 11],
    [723, 847, 143],
    [130, 167, 23],
    [1045, 1055, 158],
    [12, 20, 6],
    [22, 12, 5],
    [44, 66, 18],
    [225, 238, 31],
    [82, 129, 16],
    [212, 140, 10],
    [144, 75, 15],
    [2680, 2730, 508],
    [543, 570, 93],
    [208, 205, 64],
    [213, 322, 55],
    [62, 103, 9],
    [14, 29, 10],
    [0, 5, 2],
    [42, 64, 15],
    [55, 90, 8],
    [26, 54, 5],
    [1008, 1521, 257],
    [500, 606, 76],
    [29, 48, 6],
    [140, 148, 20],
    [22, 25, 6],
    [38, 56, 7],
    [8, 2, 0],
    [6, 5, 1],
    [4, 12, 1],
    [5, 5, 1],
    [37, 71, 16],
    [25, 55, 9],
    [93, 305, 38],
    [69, 153, 24],
    [28, 28, 3],
    [95, 182, 28],
    [1112, 2386, 357],
    [86, 250, 31],
    [314, 322, 45],
    [276, 283, 50],
    [72, 98, 13],
    [113, 126, 23],
    [33, 31, 6],
    [138, 75, 17],
    [6, 6, 1],
    [160, 110, 16],
    [9, 8, 1],
    [6, 9, 4],
    [195, 117, 36],
    [168, 85, 14],
    [125, 68, 20],
    [161, 95, 12],
    [229, 207, 28],
    [69, 69, 11],
    [55, 55, 12],
    [168, 157, 34],
    [105, 99, 19],
    [72, 71, 15],
    [233, 166, 40],
    [109, 114, 12],
    [178, 87, 21],
    [218, 105, 27],
    [180, 164, 44],
    [104, 58, 6],
    [241, 184, 43],
    [82, 47, 15],
    [75, 145, 16],
    [21, 14, 5],
    [4, 11, 2],
    [5, 9, 1],
    [169, 130, 24],
    [164, 192, 50],
    [95, 85, 20],
    [178, 183, 27],
    [6, 4, 1],
    [28, 22, 8],
    [4, 6, 2],
    [9, 9, 0],
    [5, 5, 2],
    [103, 59, 18],
    [10, 5, 4],
    [114, 195, 38],
    [68, 65, 18],
    [117, 187, 28],
    [34, 54, 13],
    [203, 207, 51],
    [163, 308, 83],
    [107, 86, 30],
    [71, 105, 16],
    [386, 283, 67],
    [172, 91, 20],
    [338, 732, 180],
    [1180, 1897, 518],
    [660, 956, 340],
    [10, 15, 3]
  ],
  "W": [
    [0, 0, 6, 1, 1],
    [13, 18, 130, 54, 17],
    [0, 2, 10, 5, 3],
    [46, 55, 209, 95, 27],
    [15, 23, 129, 70, 10],
    [12, 10, 78, 38, 17],
    [16, 32, 94, 22, 5],
    [144, 268, 830, 375, 96],
    [16, 23, 189, 70, 22],
    [131, 230, 1125, 625, 147],
    [3, 2, 26, 6, 1],
    [2, 4, 14, 15, 4],
    [2, 33, 63, 16, 14],
    [35, 40, 278, 103, 38],
    [17, 42, 113, 42, 13],
    [26, 34, 173, 118, 11],
    [20, 14, 95, 87, 18],
    [282, 396, 3271, 1569, 400],
    [80, 108, 658, 271, 89],
    [42, 42, 229, 118, 46],
    [34, 66, 339, 102, 49],
    [7, 20, 106, 33, 8],
    [1, 21, 21, 6, 4],
    [0, 0, 6, 0, 1],
    [3, 14, 66, 27, 11],
    [5, 19, 89, 30, 10],
    [2, 14, 50, 15, 4],
    [136, 357, 1510, 574, 209],
    [57, 93, 635, 313, 84],
    [7, 10, 49, 12, 5],
    [15, 35, 165, 80, 13],
    [3, 1, 34, 12, 3],
    [4, 11, 59, 17, 10],
    [3, 2, 2, 2, 1],
    [0, 1, 7, 4, 0],
    [0, 1, 12, 1, 3],
    [0, 1, 5, 4, 1],
    [4, 9, 76, 22, 13],
    [2, 1, 65, 16, 5],
    [8, 31, 324, 34, 39],
    [16, 5, 174, 32, 19],
    [1, 4, 34, 16, 4],
    [15, 21, 192, 52, 25],
    [144, 179, 2641, 525, 366],
    [10, 56, 235, 40, 26],
    [36, 54, 366, 174, 51],
    [40, 93, 306, 125, 45],
    [8, 49, 74, 42, 10],
    [22, 42, 137, 38, 23],
    [12, 14, 26, 8, 10],
    [23, 15, 95, 84, 13],
    [0, 0, 7, 6, 0],
    [24, 15, 149, 68, 30],
    [1, 1, 10, 5, 1],
    [1, 4, 9, 1, 4],
    [40, 28, 140, 106, 34],
    [23, 13, 123, 87, 21],
    [8, 16, 93, 78, 18],
    [30, 28, 124, 76, 10],
    [33, 70, 218, 107, 36],
    [3, 6, 85, 39, 16],
    [10, 15, 57, 31, 9],
    [26, 37, 184, 73, 39],
    [13, 14, 122, 48, 26],
    [12, 19, 75, 38, 14],
    [25, 35, 213, 120, 46],
    [19, 34, 97, 65, 20],
    [15, 12, 102, 131, 26],
    [29, 22, 133, 139, 27],
    [14, 30, 205, 98, 41],
    [13, 6, 92, 50, 7],
    [42, 53, 230, 115, 28],
    [9, 17, 57, 47, 14],
    [10, 23, 142, 39, 22],
    [3, 0, 23, 10, 4],
    [1, 1, 13, 1, 1],
    [1, 3, 9, 2, 0],
    [24, 27, 168, 75, 29],
    [28, 77, 174, 79, 48],
    [14, 22, 96, 47, 21],
    [22, 56, 174, 108, 28],
    [0, 0, 6, 4, 1],
    [8, 4, 24, 14, 8],
    [1, 1, 6, 2, 2],
    [2, 2, 12, 2, 0],
    [1, 0, 8, 3, 0],
    [12, 13, 72, 56, 27],
    [1, 1, 10, 5, 2],
    [32, 13, 215, 53, 34],
    [5, 11, 79, 34, 22],
    [21, 22, 215, 44, 30],
    [1, 9, 55, 21, 15],
    [37, 29, 250, 94, 51],
    [27, 32, 353, 70, 72],
    [11, 17, 109, 51, 35],
    [7, 38, 103, 32, 12],
    [50, 51, 382, 185, 68],
    [24, 22, 123, 96, 18],
    [52, 212, 726, 158, 102],
    [153, 352, 2101, 644, 345],
    [95, 148, 1101, 377, 235],
    [4, 2, 17, 4, 1]
  ],
  "method": "mvn_pdf",
  "cond_prob": [
    [
      [0.77537456281, 0.048875769481, 0.17574966771],
      [0.04949280651, 0.36703612068, 0.58347107281],
      [0.016658365466, 0.66127499393, 0.3220666406],
      [0.89718170397, 0.024372034428, 0.078446261598],
      [0.002868103231, 0.0079780019911, 0.98915389478]
    ],
    [
      [0.94849392998, 0.036130645789, 0.015375424231],
      [0.28372081506, 0.61618547447, 0.10009371047],
      [0.21290266267, 0.69848361403, 0.088613723305],
      [0.97648305893, 0.01688751323, 0.0066294278395],
      [0.3032454653, 0.21906867802, 0.47768585667]
    ],
    [
      [0.89671502828, 0.077464833297, 0.025820138427],
      [0.11760432054, 0.78927740398, 0.093118275478],
      [0.060315374921, 0.84071736405, 0.098967261028],
      [0.9520908456, 0.036647591644, 0.011261562755],
      [0.1337277939, 0.27701119777, 0.58926100833]
    ],
    [
      [0.94702618812, 0.041115297325, 0.011858514555],
      [0.26886369763, 0.65861936953, 0.072516932845],
      [0.20089481213, 0.74033206267, 0.058773125202],
      [0.97564223074, 0.019238187306, 0.0051195819496],
      [0.33245423412, 0.27139267063, 0.39615309524]
    ],
    [
      [0.96262048876, 0.029158498701, 0.0082210125409],
      [0.34355546966, 0.59271223708, 0.063732293263],
      [0.25334661505, 0.69450930865, 0.052144076294],
      [0.98296001391, 0.013522201087, 0.0035177850075],
      [0.41700025513, 0.23919861743, 0.34380112744]
    ],
    [
      [0.93806604854, 0.046287789878, 0.015646161579],
      [0.23678045188, 0.67641940521, 0.086800142907],
      [0.17599232114, 0.74845032251, 0.075557356349],
      [0.97147367075, 0.021745127771, 0.0067812014822],
      [0.2783530801, 0.26323014458, 0.45841677532]
    ],
    [
      [0.93879419419, 0.047406157785, 0.013799648023],
      [0.23678351993, 0.68697631991, 0.076240160169],
      [0.17613604006, 0.75909929228, 0.064764667658],
      [0.97175340797, 0.022267264911, 0.0059793271196],
      [0.29337150288, 0.28260918717, 0.42401930996]
    ],
    [
      [0.93237035977, 0.049581065012, 0.018048575219],
      [0.22808953869, 0.67756626634, 0.09434419497],
      [0.16762722319, 0.75238252813, 0.079990248683],
      [0.96873298632, 0.023405725769, 0.0078612879076],
      [0.26255423654, 0.26060335154, 0.47684241192]
    ],
    [
      [0.94074900203, 0.046019486065, 0.013231511906],
      [0.24529227179, 0.6801058497, 0.074601878512],
      [0.1825054422, 0.75608516603, 0.06140939177],
      [0.97266375354, 0.02160498022, 0.0057312662444],
      [0.30574101785, 0.2822185766, 0.41204040555]
    ],
    [
      [0.94136875464, 0.044866797696, 0.01376444766],
      [0.25171412272, 0.66970113889, 0.078584738394],
      [0.18717509296, 0.7482800342, 0.064544872842],
      [0.97296518256, 0.021070477018, 0.0059643404243],
      [0.30687909008, 0.27283742139, 0.42028348853]
    ],
    [
      [0.89218872417, 0.052072447981, 0.055738827847],
      [0.1569424482, 0.59406280326, 0.24899474854],
      [0.12373246427, 0.70744773384, 0.16881980188],
      [0.95051289997, 0.024970302822, 0.024516797207],
      [0.089427460127, 0.11219415274, 0.79837838713]
    ],
    [
      [0.95315244881, 0.027690623644, 0.019156927546],
      [0.29454604428, 0.55947456189, 0.14597939383],
      [0.22266297846, 0.65044565132, 0.12689137021],
      [0.98925577303, 0.00076949635041, 0.0099747306217],
      [0.23984815784, 0.14723473534, 0.61291710683]
    ],
    [
      [0.94644303578, 0.035312200226, 0.018244763993],
      [0.27955584373, 0.60182789704, 0.11861625924],
      [0.21296092428, 0.68333437389, 0.10370470183],
      [0.97561138532, 0.016517606194, 0.0078710084886],
      [0.27538933506, 0.19676483879, 0.52784582614]
    ],
    [
      [0.95608870747, 0.034527743671, 0.0093835488589],
      [0.30828830336, 0.62667623167, 0.065035464975],
      [0.22914501096, 0.7201108585, 0.050744130545],
      [0.97989377011, 0.016075188408, 0.0040310414862],
      [0.38352609837, 0.25994517462, 0.35652872701]
    ],
    [
      [0.92008423458, 0.063499709145, 0.016416056279],
      [0.18758527041, 0.73959201448, 0.072822715114],
      [0.13124838222, 0.80864351175, 0.06010810603],
      [0.962659406, 0.030149771312, 0.0071908226859],
      [0.24747880089, 0.32420254724, 0.42831865187]
    ],
    [
      [0.97142341811, 0.023190181063, 0.0053864008222],
      [0.40489714894, 0.54665739475, 0.04844545631],
      [0.29449925386, 0.67657434367, 0.028926402468],
      [0.98700074376, 0.010704753163, 0.0022945030766],
      [0.50563903484, 0.22728923116, 0.267071734]
    ],
    [
      [0.96651614049, 0.024609482529, 0.008874376985],
      [0.37657004358, 0.54814729718, 0.075282659232],
      [0.27512190851, 0.65451172237, 0.070366369121],
      [0.98482240995, 0.011388441784, 0.0037891482642],
      [0.42119808921, 0.20357445159, 0.3752274592]
    ],
    [
      [0.94435283875, 0.039918834301, 0.01572832695],
      [0.26948230978, 0.63481551743, 0.095702172781],
      [0.20128307011, 0.71653225491, 0.082184674973],
      [0.97447712907, 0.018717997589, 0.0068048733435],
      [0.29906491737, 0.23552599946, 0.46540908316]
    ],
    [
      [0.95026494939, 0.037300423792, 0.012434626813],
      [0.28774862853, 0.63172114452, 0.08053022695],
      [0.21434155748, 0.7173836275, 0.068274815022],
      [0.97721150057, 0.017427889062, 0.0053606103661],
      [0.33753809765, 0.24751345684, 0.41494844551]
    ],
    [
      [0.92243985083, 0.047918854176, 0.029641294996],
      [0.21638865788, 0.63376724531, 0.14984409681],
      [0.16274232545, 0.71956273214, 0.11769494241],
      [0.96427117473, 0.022747948239, 0.012980877031],
      [0.19820024974, 0.19358826672, 0.60821148354]
    ],
    [
      [0.93121275649, 0.051585263939, 0.017201979567],
      [0.22173672698, 0.69030526968, 0.087958003345],
      [0.16228850418, 0.76331308397, 0.074398411848],
      [0.96814500158, 0.024360140315, 0.0074948581043],
      [0.26403161673, 0.274246601, 0.46172178226]
    ],
    [
      [0.93328772628, 0.054815480603, 0.01189679312],
      [0.2147012843, 0.72541902193, 0.059879693774],
      [0.15867426752, 0.79804665165, 0.043279080829],
      [0.96900583815, 0.025823201181, 0.005170960667],
      [0.2970369017, 0.33285006045, 0.37011303785]
    ],
    [
      [0.90617822043, 0.050207682527, 0.043614097042],
      [0.19017587848, 0.65263564319, 0.15718847834],
      [0.13504581846, 0.69133413694, 0.1736200446],
      [0.95687249249, 0.023966456781, 0.019161050725],
      [0.13073279723, 0.14565704853, 0.72361015423]
    ],
    [
      [0.86159925031, 0.077547040633, 0.06085370906],
      [0.062140271668, 0.72921330952, 0.20864641881],
      [0, 0.81985234514, 0.18014765486],
      [0.9378012291, 0.036291774726, 0.025906996179],
      [0, 0.080885929185, 0.91911407082]
    ],
    [
      [0.91493872235, 0.058690995625, 0.026370282021],
      [0.18558019844, 0.69552631505, 0.11889348651],
      [0.13020824872, 0.76804708663, 0.10174466465],
      [0.96050707514, 0.027923566938, 0.011569357924],
      [0.19360232825, 0.24013768886, 0.56625998289]
    ],
    [
      [0.93367180837, 0.055297957934, 0.011030233694],
      [0.21359557612, 0.73106577904, 0.05533864484],
      [0.15909471164, 0.80458900519, 0.036316283169],
      [0.96916803229, 0.026039218873, 0.0047927488408],
      [0.3038854707, 0.34436623807, 0.35174829123]
    ],
    [
      [0.91983906124, 0.066107573107, 0.014053365652],
      [0.1778144805, 0.761055164, 0.061130355498],
      [0.12456137645, 0.82656785915, 0.048870764397],
      [0.96253315733, 0.031324017934, 0.0061428247329],
      [0.25121324196, 0.35368983283, 0.39509692522]
    ],
    [
      [0.92054970901, 0.059478450642, 0.019971840349],
      [0.19732759092, 0.71130425007, 0.09136815901],
      [0.13925066308, 0.78364040811, 0.077108928816],
      [0.9629702775, 0.028270834547, 0.0087588879501],
      [0.23610454106, 0.28445377114, 0.4794416878]
    ],
    [
      [0.93082383187, 0.055313786241, 0.013862381892],
      [0.21531207911, 0.71608868355, 0.068599237334],
      [0.15757141826, 0.78975661798, 0.05267196376],
      [0.9678294566, 0.026128612634, 0.0060419307647],
      [0.28488747277, 0.31639474338, 0.39871778384]
    ],
    [
      [0.93134889023, 0.054496587287, 0.01415452248],
      [0.20705336377, 0.72203442747, 0.070912208768],
      [0.1519848249, 0.78669307775, 0.061322097352],
      [0.96819245199, 0.025659773214, 0.0061477747976],
      [0.26889165739, 0.30846030518, 0.42264803743]
    ],
    [
      [0.94803472429, 0.039338047709, 0.012627227997],
      [0.27458532144, 0.64621584546, 0.079198833107],
      [0.20505588698, 0.72725429699, 0.067689816033],
      [0.97615991342, 0.018393099438, 0.0054469871458],
      [0.32630603545, 0.25568982577, 0.41800413878]
    ],
    [
      [0.94177384086, 0.03736930053, 0.020856858609],
      [0.25094802758, 0.61750238022, 0.13154959219],
      [0.1928520393, 0.69140476166, 0.11574319905],
      [0.97354617064, 0.017472346867, 0.0089814824952],
      [0.22806902204, 0.18431988647, 0.58761109149]
    ],
    [
      [0.9468878573, 0.043149829676, 0.0099623130201],
      [0.25585203169, 0.68441058162, 0.059737386691],
      [0.19328749966, 0.76185057316, 0.04486192718],
      [0.97554466115, 0.020160061982, 0.0042952768681],
      [0.34098545026, 0.30069794135, 0.3583166084]
    ],
    [
      [0.87131322125, 0.12868677875, 0],
      [0.69786909376, 0.30213090624, 0],
      [0.56957167142, 0.43042832858, 0],
      [0.99753422322, 0.0024657767821, 0],
      [0.85611035945, 0.14388964055, 0]
    ],
    [
      [0.97314998064, 0.01951567774, 0.0073343416218],
      [0.32372188828, 0.5905371882, 0.085740923523],
      [0.2463384057, 0.62482351926, 0.12883807505],
      [0.98797731796, 0.0089245442513, 0.0030981377861],
      [0.24274995818, 0.15039768369, 0.60685235813]
    ],
    [
      [0.94198913733, 0.051710852573, 0.0063000100936],
      [0.18686028913, 0.78052451756, 0.03261519331],
      [0.15580210438, 0.83039022246, 0.013807673157],
      [0.97330328126, 0.023988887595, 0.0027078311415],
      [0.32340372568, 0.41026797509, 0.26632829922]
    ],
    [
      [0.94984179195, 0.041001609024, 0.009156599024],
      [0.16657710267, 0.77752167233, 0.055901225009],
      [0.1426108339, 0.77237052077, 0.085018645335],
      [0.97741749699, 0.018712772635, 0.0038697303707],
      [0.21069873986, 0.2857746333, 0.50352662683]
    ],
    [
      [0.90617298836, 0.066550017188, 0.027276994449],
      [0.16798957646, 0.71986723456, 0.11214318898],
      [0.11110978324, 0.79176880417, 0.097121412591],
      [0.95614942178, 0.031821909232, 0.012028668985],
      [0.18336700409, 0.2600372077, 0.55659578821]
    ],
    [
      [0.90456097308, 0.069686668448, 0.025752358472],
      [0.16046051118, 0.73611321005, 0.10342627877],
      [0.10519283683, 0.80334804193, 0.091459121241],
      [0.9553416961, 0.033310993216, 0.011347310687],
      [0.18148320225, 0.27478296721, 0.54373383053]
    ],
    [
      [0.91310813561, 0.069537717884, 0.017354146506],
      [0.17542062575, 0.75284437197, 0.071735002276],
      [0.11862918544, 0.82346085152, 0.057909963038],
      [0.95918991042, 0.033171934688, 0.0076381548971],
      [0.23612262766, 0.33785541166, 0.42602196068]
    ],
    [
      [0.90674594824, 0.07073587755, 0.022518174212],
      [0.16701925893, 0.7428139559, 0.090166785168],
      [0.11016857597, 0.8121740186, 0.077657405429],
      [0.95620869875, 0.033850516017, 0.0099407852333],
      [0.20468199764, 0.30277160158, 0.49254640077]
    ],
    [
      [0.9634490276, 0.029714273332, 0.0068366990693],
      [0.32803313548, 0.61855868836, 0.053408176156],
      [0.24407836992, 0.7127921292, 0.043129500879],
      [0.98333069033, 0.013748929853, 0.002920379815],
      [0.42311570194, 0.26028392572, 0.31660037234]
    ],
    [
      [0.91102737409, 0.06865441907, 0.020318206841],
      [0.17360568882, 0.74257847794, 0.083815833249],
      [0.11658556519, 0.81186119399, 0.071553240817],
      [0.95826982679, 0.032780089647, 0.0089500835585],
      [0.21897641654, 0.31176487076, 0.46925871269]
    ],
    [
      [0.91876287713, 0.063227650539, 0.018009472332],
      [0.19029497229, 0.7301428609, 0.079562166807],
      [0.13314518341, 0.80133705755, 0.065517759037],
      [0.96201153478, 0.030082361672, 0.0079061035433],
      [0.24301328006, 0.31168097636, 0.44530574357]
    ],
    [
      [0.9050746227, 0.075467042385, 0.019458334918],
      [0.16193018881, 0.76298185582, 0.075087955374],
      [0.10232213688, 0.83505858981, 0.062619273318],
      [0.95523426816, 0.036163164144, 0.0086025676981],
      [0.21638808875, 0.33973271078, 0.44387920047]
    ],
    [
      [0.94994260369, 0.039024898965, 0.011032497341],
      [0.28124035367, 0.64869417693, 0.070065469398],
      [0.20989441626, 0.73414968375, 0.055955899993],
      [0.97701043462, 0.018233421054, 0.004756144329],
      [0.34890029793, 0.26851408957, 0.3825856125]
    ],
    [
      [0.95500404819, 0.033082442202, 0.011913509613],
      [0.31124942316, 0.60541783418, 0.083332742658],
      [0.23043236057, 0.69647086707, 0.073096772357],
      [0.9794643862, 0.015414087121, 0.0051215266771],
      [0.3535175802, 0.22946661153, 0.41701580827]
    ],
    [
      [0.92869020277, 0.055996808212, 0.015312989016],
      [0.20730959783, 0.71796535578, 0.074725046395],
      [0.15062660691, 0.78658186375, 0.062791529335],
      [0.96687516134, 0.026451649088, 0.0066731895699],
      [0.26571823963, 0.30536959219, 0.42891216818]
    ],
    [
      [0.95783007932, 0.031151883609, 0.011018037073],
      [0.32321389324, 0.59630248853, 0.080483618227],
      [0.23812280543, 0.68995680295, 0.071920391619],
      [0.98078558965, 0.014486980488, 0.0047274298586],
      [0.36782947774, 0.22588551215, 0.40628501011]
    ],
    [
      [0.9566987678, 0.034269336461, 0.0090318957435],
      [0.29738955517, 0.63944167488, 0.063168769948],
      [0.22180163039, 0.72589514141, 0.052303228194],
      [0.98021039838, 0.01591750352, 0.0038720981016],
      [0.37476354368, 0.26359708092, 0.3616393754]
    ],
    [
      [0.9591232097, 0.027950665166, 0.012926125138],
      [0.33757646626, 0.56306055479, 0.099362978957],
      [0.25168640406, 0.65593986477, 0.092373731169],
      [0.9814730369, 0.012986791266, 0.0055401718323],
      [0.34789043825, 0.19277298156, 0.45933658019]
    ],
    [
      [0.90559722499, 0.072226754143, 0.022176020865],
      [0.088960732857, 0.8192551526, 0.091784114542],
      [0.03650789048, 0.82864056442, 0.1348515451],
      [0.95740746111, 0.033252674847, 0.009339864046],
      [0.046744384121, 0.14726388673, 0.80599172915]
    ],
    [
      [0.97524170824, 0.01934741251, 0.0054108792518],
      [0.44564617743, 0.50095106607, 0.053402756496],
      [0.31480870244, 0.64106717769, 0.04412411987],
      [0.98878702144, 0.008912787831, 0.0023001907254],
      [0.5255164073, 0.19654390201, 0.27793969069]
    ],
    [
      [0.96910458176, 0.025431742931, 0.00546367531],
      [0.31358937602, 0.63763907412, 0.048771549854],
      [0.23803016732, 0.70221690544, 0.059752927235],
      [0.98599531537, 0.011681440203, 0.0023232444314],
      [0.40702779218, 0.25635292749, 0.33661928033]
    ],
    [
      [0.95295454261, 0.029495708348, 0.017549749046],
      [0.27301228486, 0.59611159266, 0.13087612248],
      [0.22589454083, 0.65764242431, 0.11646303486],
      [0.9788588953, 0.013657509082, 0.0074835956223],
      [0.23577163879, 0.16340464829, 0.60082371292]
    ],
    [
      [0.95395199552, 0.030108604643, 0.01593939984],
      [0.31754566465, 0.5677069099, 0.11474742545],
      [0.23957984126, 0.65777028249, 0.10264987625],
      [0.97911083198, 0.01403475126, 0.0068544167572],
      [0.31246222359, 0.18600997516, 0.50152780125]
    ],
    [
      [0.97804568488, 0.016512839365, 0.0054414757578],
      [0.48087261618, 0.46118017341, 0.057947210412],
      [0.33966746104, 0.60445945445, 0.055873084518],
      [0.99009424591, 0.0075959731238, 0.0023097809639],
      [0.53982419694, 0.17216666103, 0.28800914203]
    ],
    [
      [0.96715409363, 0.021164904717, 0.011681001648],
      [0.39773057688, 0.4974349685, 0.10483445462],
      [0.29159578318, 0.60457462222, 0.1038295946],
      [0.98522209398, 0.009792509835, 0.0049853961866],
      [0.38518593638, 0.1601369796, 0.45467708402]
    ],
    [
      [0.97464138475, 0.019195192117, 0.0061634231365],
      [0.44334603031, 0.49587630405, 0.060777665645],
      [0.31587935161, 0.62893817245, 0.055182475939],
      [0.98853371899, 0.0088454826442, 0.0026207983608],
      [0.50494673656, 0.18790176585, 0.30715149759]
    ],
    [
      [0.96112735984, 0.030474979945, 0.0083976602129],
      [0.33631257055, 0.60050817863, 0.063179250822],
      [0.24671246452, 0.70459487053, 0.048692664948],
      [0.98225405306, 0.014148507412, 0.0035974395241],
      [0.412678229, 0.24564391912, 0.34167785188]
    ],
    [
      [0.95810409623, 0.032751213568, 0.0091446902058],
      [0.31401909574, 0.62023822696, 0.065742677302],
      [0.23303494471, 0.71229979212, 0.054665263174],
      [0.98085974664, 0.015219063951, 0.0039211894118],
      [0.38625454488, 0.25258069833, 0.36116475679]
    ],
    [
      [0.93518184237, 0.045679368243, 0.019138789383],
      [0.23191288535, 0.66253137925, 0.10555573541],
      [0.17290743872, 0.73378656109, 0.09330600019],
      [0.97021242129, 0.021485631115, 0.0083019475929],
      [0.24857546988, 0.23481634247, 0.51660818765]
    ],
    [
      [0.95866171122, 0.029997197879, 0.0113410909],
      [0.33085818079, 0.58474560944, 0.084396209769],
      [0.24374783275, 0.67996004442, 0.076292122824],
      [0.98118964901, 0.013945707208, 0.0048646437837],
      [0.36811787731, 0.21676411553, 0.41511800716]
    ],
    [
      [0.96117806015, 0.029292718093, 0.0095292217545],
      [0.33871889809, 0.58837747695, 0.072903624955],
      [0.2487263743, 0.68690924296, 0.064364382737],
      [0.98232391826, 0.013595292473, 0.0040807892712],
      [0.39486365013, 0.22793878107, 0.3771975688]
    ],
    [
      [0.94400020518, 0.040584850449, 0.015414944368],
      [0.26034590701, 0.64626091661, 0.093393176384],
      [0.19503070482, 0.7221373339, 0.082831961277],
      [0.9743341243, 0.019006467456, 0.0066594082401],
      [0.29095897995, 0.23939132667, 0.46964969338]
    ],
    [
      [0.96576551432, 0.024074095354, 0.010160390326],
      [0.3800872439, 0.53384733153, 0.086065424565],
      [0.27592886662, 0.64153895997, 0.082532173415],
      [0.98450928556, 0.01114920789, 0.0043415065467],
      [0.40519229887, 0.18973451289, 0.40507318824]
    ],
    [
      [0.93151105812, 0.057599855754, 0.010889086131],
      [0.2086436797, 0.73836086284, 0.052995457458],
      [0.15693064236, 0.81363772076, 0.029431636873],
      [0.96809272156, 0.027167701436, 0.004739577006],
      [0.30295527877, 0.35562869483, 0.34141602639]
    ],
    [
      [0.95370736211, 0.033769457805, 0.012523180082],
      [0.30236152051, 0.611353085, 0.08628539449],
      [0.22824164323, 0.69717376342, 0.074584593351],
      [0.97670198518, 0.016122024588, 0.0071759902349],
      [0.33990167902, 0.2282120009, 0.43188632009]
    ],
    [
      [0.96254149385, 0.025667731463, 0.011790774685],
      [0.36009144985, 0.54444747827, 0.095461071874],
      [0.27881644636, 0.63655290524, 0.084630648405],
      [0.97129541189, 0.018328156767, 0.010376431344],
      [0.37302352456, 0.18772744736, 0.43924902808]
    ],
    [
      [0.95360415627, 0.031076110435, 0.015319733292],
      [0.31388889692, 0.57736624965, 0.10874485342],
      [0.23546066474, 0.66748817979, 0.097051155477],
      [0.97892015946, 0.014489779806, 0.0065900607335],
      [0.3177869026, 0.19485052895, 0.48736256845]
    ],
    [
      [0.98226860371, 0.013735668864, 0.0039957274307],
      [0.52887097449, 0.42411012778, 0.047018897727],
      [0.37221622262, 0.58522359517, 0.042560182209],
      [0.99200162159, 0.0063053900517, 0.0016929883584],
      [0.60190124919, 0.1601336114, 0.23796513941]
    ],
    [
      [0.95969751703, 0.026545396604, 0.013757086361],
      [0.34889902813, 0.54339683398, 0.10770413789],
      [0.25910561219, 0.64184683701, 0.099047550805],
      [0.98176559908, 0.012336233816, 0.0058981671004],
      [0.3465614677, 0.18005791934, 0.47338061296]
    ],
    [
      [0.96412344472, 0.023065700439, 0.012810854846],
      [0.37359013193, 0.51695887079, 0.10945099728],
      [0.27547984137, 0.61746280367, 0.10705735496],
      [0.98383923478, 0.010686410673, 0.005474354544],
      [0.35921869726, 0.16474762728, 0.47603367546]
    ],
    [
      [0.9193773136, 0.066897304191, 0.013725382205],
      [0.1826173523, 0.75820716647, 0.059175481228],
      [0.12898277579, 0.82889493665, 0.042122287566],
      [0.96220941526, 0.03177510168, 0.0060154830577],
      [0.26201392746, 0.36136146181, 0.37662461073]
    ],
    [
      [0.96914669841, 0.018481800531, 0.012371501054],
      [0.39771254361, 0.47992687235, 0.12236058404],
      [0.29836249897, 0.57914071818, 0.12249678285],
      [0.98621238167, 0.0085286648808, 0.0052589534529],
      [0.34202465293, 0.13475785785, 0.52321748921]
    ],
    [
      [0.93201488278, 0.050443262162, 0.017541855062],
      [0.17616594367, 0.72963990669, 0.094194149643],
      [0.13401248369, 0.76600136119, 0.099986155116],
      [0.96902568422, 0.023465830385, 0.007508485393],
      [0.18063120132, 0.23843330529, 0.58093549339]
    ],
    [
      [0.94847448619, 0.041772300533, 0.0097532132756],
      [0.20599899631, 0.73124977167, 0.062751232028],
      [0.16448268193, 0.74732891605, 0.088188402021],
      [0.97659219378, 0.019259069995, 0.0041487362274],
      [0.24600990932, 0.27783911869, 0.476150972]
    ],
    [
      [0.96914115983, 0.022786623977, 0.0080722161909],
      [0.39848239221, 0.52986552839, 0.071652079402],
      [0.28614167159, 0.64653759579, 0.067320732619],
      [0.98602519774, 0.010532210467, 0.0034425917975],
      [0.44682403162, 0.19787999587, 0.35529597251]
    ],
    [
      [0.93457054712, 0.045760638776, 0.019668814102],
      [0.23717967213, 0.65527702512, 0.10754330275],
      [0.17657317682, 0.73161764344, 0.091809179738],
      [0.96988079023, 0.021566843592, 0.0085523661822],
      [0.25468489024, 0.23452334538, 0.51079176439]
    ],
    [
      [0.95400667906, 0.032740250588, 0.013253070354],
      [0.30617317997, 0.60111367237, 0.092713147658],
      [0.22814920249, 0.6879326705, 0.083918127002],
      [0.97904911291, 0.015254240972, 0.0056966461142],
      [0.33287927559, 0.21707857169, 0.45004215272]
    ],
    [
      [0.93841108229, 0.048071719753, 0.013517197961],
      [0.23766048845, 0.68848521672, 0.073854294821],
      [0.17664041935, 0.7635465077, 0.059813072946],
      [0.97153628306, 0.022600291133, 0.005863425808],
      [0.29945061781, 0.2889045088, 0.41164487339]
    ],
    [
      [0.97944935695, 0.015647766181, 0.0049028768673],
      [0.36968433376, 0.56865058318, 0.061665083064],
      [0.27483626152, 0.63166089988, 0.093502838596],
      [0.99074130065, 0.0071763423611, 0.002082356987],
      [0.38801722827, 0.18132923125, 0.43065354048]
    ],
    [
      [0.93609485885, 0.042114756268, 0.021790384885],
      [0.23075793983, 0.64423425404, 0.12500780612],
      [0.17564818662, 0.71631869615, 0.10803311723],
      [0.97082781743, 0.019750578113, 0.0094216044617],
      [0.2226329309, 0.20224851655, 0.57511855255]
    ],
    [
      [0.93038626932, 0.050507466363, 0.019106264322],
      [0.14742588176, 0.75581647018, 0.096757648053],
      [0.11551958234, 0.78398255878, 0.10049785887],
      [0.96856153185, 0.023310057762, 0.0081284103847],
      [0.14597364558, 0.22158029761, 0.63244605681]
    ],
    [
      [0.98395632136, 0.016043678643, 0],
      [0.47845157472, 0.52154842528, 0],
      [0.34082011059, 0.65917988941, 0],
      [0.9926714404, 0.0073285596021, 0],
      [0.6617289929, 0.21504280025, 0.12322820685]
    ],
    [
      [0.91733869897, 0.031328693675, 0.051332607359],
      [0.14818944342, 0.48411284711, 0.36769770947],
      [0.14884011437, 0.61562976695, 0.23553011868],
      [0.9639801287, 0.014544390239, 0.021475481063],
      [0.015625081975, 0.020023480706, 0.96435143732]
    ],
    [
      [0.96732403353, 0.023211130771, 0.0094648356986],
      [0.38590363313, 0.53168994686, 0.082406420008],
      [0.27767828211, 0.640107431, 0.08221428689],
      [0.98522449469, 0.010736209469, 0.0040392958419],
      [0.41518356862, 0.1896494207, 0.39516701068]
    ],
    [
      [0.96285429509, 0.012258342556, 0.024887362357],
      [0.3786135395, 0.34073700015, 0.28064946035],
      [0.34270695338, 0.45250558823, 0.20478745839],
      [0.98378232711, 0.0056775911512, 0.010540081736],
      [0.156275498, 0.046780409628, 0.79694409237]
    ],
    [
      [0.90877423545, 0.067494073472, 0.023731691078],
      [0.17327059089, 0.7289389496, 0.097790459504],
      [0.11627444567, 0.79972126954, 0.084004284797],
      [0.95725551889, 0.032274959185, 0.010469521924],
      [0.20391642543, 0.28568639755, 0.51039717702]
    ],
    [
      [0.95685115014, 0.030352392559, 0.012796457304],
      [0.32041637824, 0.58567938084, 0.093904240924],
      [0.23821728058, 0.67541595515, 0.086366764276],
      [0.98039249751, 0.014116772695, 0.0054907297929],
      [0.34266609126, 0.20763336908, 0.44970053966]
    ],
    [
      [0.94140214385, 0.045331080517, 0.013266775632],
      [0.24825350303, 0.6762277324, 0.075518764565],
      [0.18481465439, 0.75287193286, 0.062313412749],
      [0.97297908973, 0.021275861956, 0.0057450483146],
      [0.30742490904, 0.27891445682, 0.41366063415]
    ],
    [
      [0.92283467681, 0.057324463234, 0.01984085996],
      [0.19457568812, 0.71223188786, 0.093192424018],
      [0.13916023422, 0.77875865857, 0.082081107213],
      [0.96419826836, 0.027136871495, 0.0086648601471],
      [0.22826717418, 0.27539920154, 0.49633362427]
    ],
    [
      [0.94718819627, 0.036844661784, 0.015967141945],
      [0.2813460784, 0.61658473796, 0.10206918365],
      [0.21105458518, 0.69981848468, 0.089126930143],
      [0.97586427426, 0.017241911281, 0.0068938144623],
      [0.30000220373, 0.21922410358, 0.48077369269]
    ],
    [
      [0.91725639917, 0.055711827198, 0.027031773636],
      [0.19811533536, 0.67645130499, 0.12543335966],
      [0.14160706394, 0.75457302899, 0.10381990707],
      [0.96159878201, 0.026526556041, 0.011874661945],
      [0.20271080804, 0.23094723262, 0.56634195934]
    ],
    [
      [0.96017029588, 0.026145941111, 0.013683763011],
      [0.34960753827, 0.54219275034, 0.10819971138],
      [0.25976404495, 0.63886692441, 0.10136903064],
      [0.98199299974, 0.012143700878, 0.0058632993791],
      [0.34568213452, 0.17826555389, 0.47605231159]
    ],
    [
      [0.94371982512, 0.04240660112, 0.013873573758],
      [0.25707250925, 0.66052266951, 0.082404821238],
      [0.19224256273, 0.7363981615, 0.07135927577],
      [0.97413392008, 0.01986930324, 0.0059967766766],
      [0.30432803909, 0.25987200101, 0.43579995989]
    ],
    [
      [0.96648533766, 0.023104917635, 0.010409744702],
      [0.38893112026, 0.52127020694, 0.089798672796],
      [0.28282928928, 0.63071071504, 0.086459995679],
      [0.98485569457, 0.010697426254, 0.004446879177],
      [0.40589932327, 0.18160965533, 0.4124910214]
    ],
    [
      [0.97041497598, 0.02047133731, 0.0091136867108],
      [0.41636444361, 0.49882410803, 0.084811448359],
      [0.3009824092, 0.61392715667, 0.085090434133],
      [0.98666089798, 0.0094554610444, 0.0038836409799],
      [0.43387446, 0.17298849985, 0.39313704015]
    ],
    [
      [0.90268010739, 0.06260503803, 0.034714854584],
      [0.17543073903, 0.6802621699, 0.14430709107],
      [0.11818304091, 0.76780423289, 0.1140127262],
      [0.9545372962, 0.030075895133, 0.015386808663],
      [0.16913271806, 0.21912836759, 0.61173891434]
    ],
    [
      [0.911900159, 0.055781725829, 0.032318115173],
      [0.19353688237, 0.66012775974, 0.14633535789],
      [0.13872622221, 0.74575489218, 0.1155188856],
      [0.95909143751, 0.026658044321, 0.014250518165],
      [0.18329163608, 0.20899018984, 0.60771817408]
    ],
    [
      [0.90423984245, 0.054930146115, 0.040830011434],
      [0.18669462724, 0.63322825487, 0.18007711789],
      [0.13563169512, 0.73142286528, 0.1329454396],
      [0.95553963757, 0.026373262144, 0.018087100284],
      [0.15701051253, 0.17797685065, 0.66501263682]
    ],
    [
      [0.91781711799, 0.056734481547, 0.025448400467],
      [0.1660139339, 0.71300893377, 0.12097713233],
      [0.11730273526, 0.76631181919, 0.11638544555],
      [0.96228733722, 0.026702649083, 0.0110100137],
      [0.15340781196, 0.21293268378, 0.63365950427]
    ]
  ],
  "expected_outcome": [
    [
      [0, 12.3304210897, 0, 43.5632046536, 14.4393073314, 11.2567925825, 15.0207071071, 134.2613318067, 15.0519840325, 123.3193068583, 2.6765661725, 1.9063048976, 1.8928860716, 33.4631047614, 15.6414319878, 25.257008871, 19.3303228097, 266.3075005272, 76.0211959515, 38.7424737348, 31.6612337208, 6.5330140839, 0.90617822043, 0, 2.7448161671, 4.6683590419, 1.8396781225, 125.1947604252, 53.0569584164, 6.5194422316, 14.2205208644, 2.8253215226, 3.7875514292, 2.6139396637, 0, 0, 0, 3.6246919535, 1.8091219462, 7.3048650849, 14.5079351718, 0.9634490276, 13.6654106113, 132.3018543065, 9.050746227, 34.197933733, 38.2001619274, 7.4295216222, 21.072261745, 11.4803852136, 22.059833823, 0, 23.4058009977, 0.96910458176, 0.95295454261, 38.1580798207, 22.4950507522, 7.7372327491, 29.2392415424, 31.7172028748, 2.8743122887, 9.3518184237, 24.9252044917, 12.495314782, 11.3280024622, 24.144137858, 17.6987101042, 14.3056104317, 27.9137033217, 13.3504581878, 12.7694918482, 40.3072957154, 8.6771110024, 9.193773136, 2.9074400952, 0.93201488278, 0.94847448619, 23.259387836, 26.1679753194, 13.3560935068, 20.6450438103, 0, 7.4887588708, 0.93038626932, 1.9679126427, 0.91733869897, 11.6078884024, 0.96285429509, 29.0807755344, 4.7842557507, 19.7694450209, 0.92283467681, 35.045963262, 24.7659227775, 10.5618732547, 6.6060387759, 48.3242668831, 23.2899594235, 46.9393655841, 139.5207243268, 85.9027850329, 3.6712684719],
      [0, 0.46969839526, 0, 1.8913036769, 0.43737748051, 0.55545347853, 0.75849852457, 7.1396733617, 0.73631177704, 5.8775504982, 0.15621734394, 0.055381247288, 0.070624400452, 1.2084710285, 1.0794950555, 0.60294470764, 0.49218965057, 11.2571112729, 2.9840339034, 2.0125918754, 1.7538989739, 0.38370836422, 0.050207682527, 0, 0.17607298688, 0.27648978967, 0.13221514621, 8.0890692873, 3.1528858157, 0.38147611101, 0.59007071563, 0.11210790159, 0.1725993187, 0.38606033625, 0, 0, 0, 0.26620006875, 0.1393733369, 0.55630174307, 1.1317740408, 0.029714273332, 1.029816286, 9.1047816777, 0.75467042385, 1.4048963627, 1.3232976881, 0.4479744657, 0.68534143939, 0.41123203753, 0.64286529883, 0, 0.46433790025, 0.025431742931, 0.029495708348, 1.2043441857, 0.37979530539, 0.16931923773, 0.57585576352, 1.0056743382, 0.098253640705, 0.45679368243, 0.77992714486, 0.3808053352, 0.48701820539, 0.60185238386, 1.0943972593, 0.50654186708, 0.74436421244, 0.43506554608, 0.17856369523, 1.1149066574, 0.20759130395, 0.66897304191, 0.055445401592, 0.050443262162, 0.041772300533, 0.54687897545, 1.2812978857, 0.45836350823, 1.0575778346, 0, 0.33691805015, 0.050507466363, 0.032087357285, 0.031328693675, 0.27853356925, 0.012258342556, 2.1598103511, 0.15176196279, 0.95195269087, 0.057324463234, 1.363252486, 1.5042193343, 0.28760535222, 0.29684620784, 1.1552458818, 0.49131209544, 3.2554619776, 8.5346040518, 5.2183638809, 0.22693792619],
      [0, 0.199880515, 0, 0.54549166951, 0.12331518811, 0.18775393895, 0.22079436836, 2.5989948316, 0.21170419049, 1.8031426435, 0.16721648354, 0.038313855093, 0.036489527985, 0.32842421006, 0.27907295674, 0.14004642138, 0.1774875397, 4.4353881999, 0.99477014507, 1.2449343898, 0.58486730528, 0.08327755184, 0.043614097042, 0, 0.079110846064, 0.055151168471, 0.028106731304, 2.7161702875, 0.79015576786, 0.099081657358, 0.18940841996, 0.062570575826, 0.03984925208, 0, 0, 0, 0, 0.1091079778, 0.051504716945, 0.13883317205, 0.36029078739, 0.0068366990693, 0.30477310261, 2.5933640158, 0.19458334918, 0.39716990426, 0.47654038452, 0.12250391212, 0.24239681562, 0.10838274892, 0.29730087818, 0, 0.12986110204, 0.00546367531, 0.017549749046, 0.63757599358, 0.12515394243, 0.093448013188, 0.1849026941, 0.27712278703, 0.027434070617, 0.19138789383, 0.29486836341, 0.12387988281, 0.18497933241, 0.25400975814, 0.20689263648, 0.18784770123, 0.34193246587, 0.21447626609, 0.051944456599, 0.57779762718, 0.11529769361, 0.13725382205, 0.037114503163, 0.017541855062, 0.0097532132756, 0.19373318858, 0.55072679484, 0.18554298496, 0.29737835515, 0, 0.17432307908, 0.019106264322, 0, 0.051332607359, 0.11357802838, 0.024887362357, 0.75941411449, 0.063982286518, 0.27860228826, 0.01984085996, 0.59078425195, 0.72985788816, 0.15052139312, 0.097115016306, 0.52048723508, 0.21872848106, 1.8051724383, 4.9446716215, 3.8788510862, 0.10179360187]
    ],
    [
      [0, 5.106974671, 0.23520864108, 14.7875033695, 7.9017758021, 2.3678045188, 7.5770726376, 61.1279963699, 5.6417222511, 57.8942482251, 0.3138848964, 1.1781841771, 9.225342843, 12.3315321342, 7.8785813571, 13.7665030638, 5.2719806102, 106.7149946746, 31.0768518807, 9.0883236309, 14.6346239806, 4.294025686, 3.993693448, 0, 2.5981227781, 4.0583159462, 2.489402727, 70.4459499584, 20.0240233573, 2.0705336377, 9.6104862503, 0.25094802758, 2.8143723485, 1.3957381875, 0.32372188828, 0.18686028913, 0.16657710267, 1.5119061881, 0.16046051118, 5.4380393982, 0.83509629465, 1.3121325419, 3.6457194651, 34.06280004, 9.0680905733, 15.1869790982, 28.9461963536, 10.1581702935, 13.5749835162, 4.1634537724, 5.0636469939, 0, 6.6846926615, 0.31358937602, 1.0920491395, 8.8912786102, 6.2513440103, 6.36368923, 12.4136888487, 23.5418799386, 1.8841145744, 3.4786932802, 12.2417526893, 4.7420645733, 4.9465722332, 13.3030535365, 7.0938851099, 3.6283382461, 7.9220118968, 9.4166669077, 3.173225847, 18.4916484907, 6.3510322429, 4.2001991029, 0, 0.17616594367, 0.61799698892, 10.7590245896, 18.262834754, 6.7358099594, 13.3089873535, 0, 0.92303175934, 0.14742588176, 0.95690314944, 0, 5.0167472307, 0.3786135395, 2.2525176816, 3.5245801606, 5.4615770667, 1.7511811931, 8.1590362735, 6.3396907314, 5.9433281506, 9.7687553515, 19.8354871333, 9.1600177595, 37.1913166752, 68.1249825937, 27.6308048316, 0.3320278678],
