{
  "X": [
    [17, 210, 40, 145, 73, 1],
    [18, 83, 106, 145, 137, 1],
    [36, 42, 126, 157, 155, 1],
    [34, 80, 106, 177, 143, 0],
    [28, 130, 75, 133, 125, 1],
    [30, 110, 108, 139, 106, 0],
    [26, 42, 135, 55, 165, 1],
    [21, 21, 93, 59, 74, 1],
    [19, 27, 110, 75, 130, 3],
    [19, 33, 136, 101, 154, 1],
    [30, 121, 98, 147, 149, 0],
    [20, 48, 80, 118, 133, 0],
    [13, 30, 122, 113, 116, 0],
    [46, 50, 149, 40, 192, 0],
    [21, 50, 133, 116, 141, 1],
    [22, 33, 141, 105, 119, 3],
    [15, 14, 137, 55, 180, 0],
    [35, 25, 134, 56, 168, 0],
    [34, 14, 89, 48, 142, 0],
    [35, 23, 99, 24, 120, 1],
    [41, 64, 143, 68, 163, 0],
    [17, 134, 79, 156, 156, 1],
    [28, 46, 114, 32, 199, 2],
    [28, 53, 136, 58, 196, 1],
    [21, 63, 119, 64, 147, 1],
    [28, 73, 105, 159, 214, 1],
    [30, 59, 152, 188, 222, 0],
    [14, 67, 129, 129, 179, 0],
    [22, 36, 117, 134, 120, 2],
    [32, 38, 152, 135, 135, 1],
    [9, 35, 71, 58, 69, 0],
    [12, 9, 80, 66, 81, 2],
    [17, 121, 109, 172, 133, 1],
    [12, 37, 128, 145, 129, 0],
    [27, 32, 95, 118, 128, 0],
    [15, 48, 111, 150, 142, 0],
    [7, 33, 111, 197, 136, 1],
    [10, 16, 104, 69, 50, 0],
    [10, 18, 84, 74, 60, 0],
    [16, 27, 115, 109, 94, 1],
    [11, 15, 94, 52, 76, 0],
    [12, 13, 72, 54, 58, 1],
    [15, 42, 129, 88, 146, 0],
    [30, 166, 100, 160, 140, 0],
    [11, 23, 132, 87, 119, 0],
    [29, 30, 92, 80, 97, 0],
    [15, 109, 75, 118, 97, 1],
    [23, 27, 91, 58, 80, 2],
    [10, 71, 47, 110, 70, 0],
    [11, 55, 46, 88, 67, 0],
    [7, 18, 76, 67, 85, 0],
    [40, 17, 162, 39, 134, 0],
    [26, 22, 82, 137, 133, 1],
    [27, 30, 82, 96, 106, 0],
    [15, 189, 91, 158, 117, 0],
    [25, 27, 84, 102, 110, 2],
    [13, 32, 82, 121, 69, 0],
    [12, 27, 67, 112, 79, 0],
    [12, 37, 76, 123, 104, 0],
    [13, 127, 68, 81, 80, 0],
    [8, 216, 61, 153, 84, 0],
    [5, 164, 46, 143, 78, 0],
    [173, 1131, 1170, 1446, 1551, 7]
  ],
  "W": [
    [39, 25, 203, 91, 58, 48, 22],
    [30, 26, 69, 103, 108, 108, 46],
    [39, 25, 31, 108, 131, 121, 62],
    [44, 31, 66, 105, 118, 121, 55],
    [44, 44, 113, 87, 87, 76, 41],
    [23, 38, 116, 77, 86, 108, 45],
    [34, 22, 30, 36, 128, 114, 60],
    [12, 23, 19, 35, 63, 92, 25],
    [12, 54, 22, 50, 91, 92, 43],
    [10, 61, 24, 68, 119, 119, 43],
    [38, 56, 102, 102, 118, 91, 38],
    [16, 55, 43, 67, 100, 75, 43],
    [14, 54, 22, 54, 88, 113, 49],
    [29, 10, 32, 28, 148, 140, 90],
    [23, 55, 40, 72, 119, 114, 39],
    [21, 44, 24, 60, 105, 123, 46],
    [22, 8, 8, 28, 157, 128, 50],
    [31, 7, 22, 46, 135, 121, 56],
    [14, 8, 8, 31, 114, 100, 52],
    [11, 7, 17, 21, 99, 95, 52],
    [29, 40, 50, 37, 131, 143, 49],
    [52, 63, 109, 96, 118, 68, 37],
    [29, 12, 27, 28, 127, 114, 84],
    [27, 23, 43, 40, 156, 111, 72],
    [28, 39, 45, 33, 116, 110, 44],
    [45, 93, 55, 89, 132, 106, 60],
    [48, 117, 58, 89, 152, 136, 51],
    [32, 100, 54, 79, 121, 97, 35],
    [15, 83, 23, 66, 91, 114, 39],
    [25, 77, 26, 66, 101, 138, 60],
    [13, 41, 29, 34, 39, 61, 25],
    [15, 40, 8, 29, 60, 65, 33],
    [46, 71, 95, 102, 91, 106, 42],
    [20, 101, 33, 65, 87, 102, 43],
    [27, 96, 26, 53, 89, 72, 37],
    [26, 101, 33, 67, 95, 89, 55],
    [19, 135, 32, 97, 83, 83, 36],
    [9, 36, 12, 45, 33, 99, 15],
    [7, 46, 12, 41, 38, 77, 25],
    [15, 96, 23, 54, 58, 84, 32],
    [12, 42, 13, 24, 48, 72, 37],
    [7, 31, 16, 32, 38, 61, 25],
    [23, 47, 36, 44, 103, 106, 61],
    [49, 50, 136, 99, 114, 114, 34],
    [13, 63, 18, 36, 93, 102, 47],
    [11, 60, 24, 42, 72, 86, 33],
    [22, 57, 97, 75, 69, 77, 18],
    [20, 21, 24, 28, 62, 84, 42],
    [25, 28, 65, 69, 55, 56, 10],
    [12, 37, 50, 52, 53, 53, 10],
    [8, 41, 16, 33, 61, 71, 23],
    [16, 30, 11, 19, 98, 143, 75],
    [14, 82, 21, 77, 84, 76, 47],
    [23, 61, 18, 44, 76, 80, 39],
    [41, 51, 179, 104, 73, 94, 28],
    [8, 61, 24, 58, 87, 62, 50],
    [9, 59, 24, 71, 48, 76, 30],
    [9, 72, 25, 57, 53, 60, 21],
    [9, 89, 30, 58, 70, 69, 27],
    [17, 36, 133, 52, 49, 69, 13],
    [58, 27, 187, 81, 62, 79, 28],
    [40, 18, 157, 90, 58, 42, 31],
    [365, 493, 999, 897, 1140, 1070, 514]
  ],
  "method": "mvn_pdf",
  "cond_prob": [
    [
      [0.0037362067721, 0.47152545188, 0.0023324372945, 0.34072480065, 0.18168110193, 1.4736418697e-09],
      [0.0012175449759, 0.00016004254875, 0.11146711201, 0.73390078577, 0.15157472669, 0.0016797880013],
      [4.8195580092e-06, 0.92154579946, 4.2962981733e-07, 0.078322692626, 0.0001262587294, 1.1371180283e-16],
      [0.00040466855591, 0.037647174622, 0.0034478479134, 0.93190813176, 0.026553258605, 3.8918542505e-05],
      [0.083037735273, 0.0053287222042, 0.080996656453, 0.065639733137, 0.76430579367, 0.00069135926322],
      [0.15854649978, 0.013216538362, 0.57335128713, 0.16416203465, 0.090179005767, 0.00054463431593],
      [0.22878579943, 0.0011994250576, 0.21291034812, 0.033027013048, 0.50464672335, 0.019430690998]
    ],
    [
      [0.0022736479954, 0.45194902847, 0.0036560661648, 0.31123258564, 0.23088867085, 8.748932575e-10],
      [0.00071281759395, 0.0001461850161, 0.16803423124, 0.64485319491, 0.18529796455, 0.00095560668779],
      [3.0397647067e-06, 0.92571525161, 6.9777076764e-07, 0.074114769544, 0.00016624131511, 6.9943357559e-17],
      [0.00026567951225, 0.038583663873, 0.0058280808524, 0.91889987478, 0.036397787841, 2.4913138944e-05],
      [0.041421477621, 0.0042003605412, 0.10466371794, 0.049755726464, 0.79962087551, 0.00033784192],
      [0.075259876087, 0.0099833851905, 0.70458567387, 0.1192254661, 0.090690899874, 0.00025469888164],
      [0.11873003971, 0.00099473638453, 0.28855182396, 0.026340746904, 0.55577101394, 0.0096116390943]
    ],
    [
      [0.0053451157545, 0.30946557009, 0.0054867153798, 0.4014844084, 0.27821818934, 1.0407423119e-09],
      [0.0012781208345, 7.7018770352e-05, 0.19237792205, 0.63512646066, 0.17027380148, 0.00086667620697],
      [9.7441260605e-06, 0.86940291504, 1.427890373e-06, 0.13031270042, 0.0002732125226, 1.1346038611e-16],
      [0.00049335163231, 0.021005756176, 0.0069091758561, 0.93692087317, 0.034647433937, 2.340922664e-05],
      [0.075874835402, 0.0022639897482, 0.12234992546, 0.05010249001, 0.74909595152, 0.00031280786019],
      [0.11771940456, 0.0045928248037, 0.70230583745, 0.10249036326, 0.07269010379, 0.00020146613367],
      [0.19582895776, 0.00048238565375, 0.30335580382, 0.0238630425, 0.46850561611, 0.0079641941538]
    ],
    [
      [0.0034819991004, 0.37585044858, 0.0030432034567, 0.42000842752, 0.19761592112, 2.2021416037e-10],
      [0.00093144247641, 0.00010464646712, 0.11926434093, 0.74411638651, 0.13537852705, 0.00020465656833],
      [5.373259229e-06, 0.88460313042, 6.7027515693e-07, 0.11522649408, 0.00016433196183, 2.0323220769e-17],
      [0.00031133077577, 0.02467138844, 0.0037115102864, 0.94745372655, 0.023847245769, 4.7981758641e-06],
      [0.070119330199, 0.0038935938455, 0.09621930436, 0.074291395117, 0.75538253941, 9.3837069163e-05],
      [0.12171024394, 0.008837050245, 0.61742216487, 0.17002626541, 0.081936687166, 6.7588372997e-05],
      [0.19455288182, 0.00089132537825, 0.25630135361, 0.038014509382, 0.50771259941, 0.0025273304008]
    ],
    [
      [0.0057850905884, 0.44491657967, 0.0038133836495, 0.26471042386, 0.28077452106, 1.1617070194e-09],
      [0.0019050188597, 0.00015214247929, 0.18424307786, 0.57574378897, 0.23662189593, 0.0013340759036],
      [7.9720679855e-06, 0.93470748676, 7.5046592009e-07, 0.065075427407, 0.00020836329796, 9.5755103189e-17],
      [0.00077607609121, 0.043909036781, 0.0069827985945, 0.89748223924, 0.050811854309, 3.7994980076e-05],
      [0.085666881826, 0.0033800891467, 0.088507819139, 0.03438691282, 0.78769469195, 0.00036360511904],
      [0.16735244183, 0.0086064627043, 0.63969365924, 0.088280426544, 0.095772904346, 0.00029410533333],
      [0.23108978917, 0.00074987899731, 0.22863123043, 0.017054941824, 0.51276313497, 0.0097110246135]
    ],
    [
      [0.0058168870916, 0.30102175562, 0.0054700278304, 0.4211708374, 0.26652049176, 2.9295144102e-10],
      [0.0013607140652, 7.3361080047e-05, 0.18766911926, 0.65115195592, 0.15950686543, 0.00023798425193],
      [1.0782752273e-05, 0.86037527987, 1.4480759506e-06, 0.13934656513, 0.00026592417093, 3.2474163505e-17],
      [0.00051446425512, 0.019628645425, 0.0066019302175, 0.94145973641, 0.031788909718, 6.3139702368e-06],
      [0.084539008515, 0.0022452644416, 0.12470932438, 0.053588723784, 0.73482769052, 8.9988355267e-05],
      [0.12702621206, 0.004410710743, 0.69355871285, 0.10610450289, 0.068843795404, 5.6066042504e-05],
      [0.21529223255, 0.0004711318754, 0.30470093688, 0.025134734052, 0.45218845142, 0.0022125132269]
    ],
    [
      [0.0053182957147, 0.34555771462, 0.0082783891659, 0.22343196877, 0.41741363029, 1.4435990527e-09],
      [0.0014114232052, 9.4406616624e-05, 0.3225749393, 0.39128517823, 0.28329885671, 0.0013351959349],
      [9.1811492932e-06, 0.93068072258, 2.040829684e-06, 0.068920229113, 0.00038782633004, 1.4900460722e-16],
      [0.00080402421298, 0.038234024463, 0.017082918827, 0.85877222378, 0.085053632569, 5.3176147297e-05],
      [0.053334408377, 0.0017726728778, 0.13052805362, 0.019723800761, 0.79433434113, 0.00030672323874],
      [0.086703876329, 0.0037656189236, 0.78636829151, 0.04226082417, 0.080694391539, 0.00020699753372],
      [0.14096849892, 0.00038729265025, 0.33186313689, 0.0096360704708, 0.50913817759, 0.0080068234804]
    ],
    [
      [0.0074616398341, 0.282293265, 0.0081499898659, 0.35091592257, 0.35117918, 2.7188295545e-09],
      [0.0016846469594, 6.4672811993e-05, 0.27038443856, 0.52335571657, 0.20236512198, 0.0021454031123],
      [1.4164892171e-05, 0.88055038912, 2.2105202031e-06, 0.11907505165, 0.00035818381125, 3.0848768383e-16],
      [0.00076548679775, 0.020927292532, 0.011420506231, 0.91836530941, 0.048453439847, 6.7965184931e-05],
      [0.082796011485, 0.0015654344619, 0.14175092408, 0.033880730181, 0.7393685034, 0.00063839639091],
      [0.11802079485, 0.0029093048062, 0.74982199031, 0.063571015785, 0.065300642821, 0.00037625142024],
      [0.20223128423, 0.00031431123966, 0.33199251331, 0.015213858178, 0.43447581005, 0.015772222994]
    ],
    [
      [0.0049084478092, 0.33565593331, 0.0071773906334, 0.2267456808, 0.42551251908, 2.8376826089e-08],
      [0.0013113579736, 9.0521372559e-05, 0.28155023038, 0.39973327187, 0.2907032471, 0.026611371303],
      [8.4012623932e-06, 0.93019089376, 1.7553052157e-06, 0.069407414496, 0.00039153517767, 2.9041254796e-15],
      [0.00073473448473, 0.036140083006, 0.014672733697, 0.86160155663, 0.085815083266, 0.0010358089175],
      [0.04921064963, 0.0016854995417, 0.11300370587, 0.020005326634, 0.81005932204, 0.0060354962838],
      [0.089528111474, 0.0040078074172, 0.76213118821, 0.047956473504, 0.091825954573, 0.0045504648186],
      [0.11697743016, 0.00033093860729, 0.2581777585, 0.0087825544797, 0.46619755551, 0.14953376275]
    ],
    [
      [0.0030021269137, 0.48174950025, 0.0052929643076, 0.2088937796, 0.30106162784, 1.0921741342e-09],
      [0.0010236165576, 0.00016352318322, 0.26469409567, 0.47003471642, 0.2627858246, 0.0012982235678],
      [3.7483920332e-06, 0.95327695721, 9.4378546084e-07, 0.046516098228, 0.00020225238101, 8.1539320703e-17],
      [0.0004916907012, 0.055934907076, 0.011830260511, 0.86519201981, 0.066507510102, 4.361179557e-05],
      [0.042489319414, 0.0033708698963, 0.11770058614, 0.02605568194, 0.8100560299, 0.0003275127028],
      [0.074817679832, 0.0077729576522, 0.76756519117, 0.060519903227, 0.08908490626, 0.00023936185666],
      [0.11785050852, 0.00077320925299, 0.31401940617, 0.013362367686, 0.54498966822, 0.0090048401447]
    ],
    [
      [0.0053276163017, 0.4778833986, 0.0043065558675, 0.24148751861, 0.27099491038, 2.4580591236e-10],
      [0.0018206736517, 0.00016904034207, 0.21590848616, 0.54474907174, 0.2370608633, 0.00029186480981],
      [6.9018143852e-06, 0.94402378633, 7.966805945e-07, 0.055779444921, 0.00018907025391, 1.9047672752e-17],
      [0.00077489428243, 0.050964756016, 0.0085484908779, 0.88651681836, 0.053186324005, 8.7164621132e-06],
      [0.080940298211, 0.0037212095876, 0.10263128115, 0.032267227175, 0.78036110607, 7.8877802859e-05],
      [0.14540094925, 0.0087278897274, 0.68207082746, 0.076278373382, 0.087463199094, 5.8761080572e-05],
      [0.21582321436, 0.00081753640396, 0.26240129118, 0.015847741719, 0.5030848493, 0.002025367039]
    ],
    [
      [0.0035436458682, 0.37353655806, 0.003970551498, 0.32596022812, 0.2929890162, 2.5743899897e-10],
      [0.0010144335312, 0.00010933167579, 0.1667066615, 0.61720066754, 0.21471285499, 0.0002560507701],
      [5.4892051994e-06, 0.90966285977, 8.7842732512e-07, 0.090086479228, 0.00024429336545, 2.3849644516e-17],
      [0.0003949579142, 0.03017569281, 0.0060413238079, 0.91933699339, 0.044044036663, 6.9954118253e-06],
      [0.051754434184, 0.0027543941307, 0.090975367105, 0.04175987083, 0.81267644333, 7.949042037e-05],
      [0.1038923695, 0.0072316136255, 0.67657746657, 0.11052908662, 0.10170327561, 6.6188078178e-05],
      [0.15023792771, 0.00065956157003, 0.25353648217, 0.022354567886, 0.57098155653, 0.0022299041379]
    ],
    [
      [0.001798066903, 0.44680196107, 0.004044231341, 0.34136414947, 0.20599159101, 2.1555095368e-10],
      [0.00053172143612, 0.00013241295678, 0.17531785242, 0.66786515009, 0.15593144973, 0.00022141337031],
      [2.3489118002e-06, 0.9205775134, 7.5409706713e-07, 0.079274469784, 0.00014491380646, 1.683578544e-17],
      [0.00019377871465, 0.03419761248, 0.0059466068046, 0.92970941363, 0.029946926571, 5.6618020911e-06],
      [0.035545658256, 0.004384167274, 0.1256209748, 0.059276548475, 0.77508239236, 9.0258838959e-05],
      [0.056095810824, 0.0090660116514, 0.73481290096, 0.12358158195, 0.0763845454, 5.9149213283e-05],
      [0.09965563391, 0.00101627757, 0.33899905765, 0.030722841288, 0.52714826032, 0.0024579292554]
    ],
    [
      [0.0054719555958, 0.51214466047, 0.0052387051193, 0.16504895176, 0.31209572665, 4.0907535871e-10],
      [0.0020536509499, 0.00019475413033, 0.28839229536, 0.40897765051, 0.29984734245, 0.00053430660126],
      [6.6427638512e-06, 0.96402122389, 9.080078053e-07, 0.035767227548, 0.00020399778515, 2.9692755423e-17],
      [0.0010805902115, 0.072987306331, 0.014115206638, 0.82868057263, 0.083116643974, 1.9680213036e-05],
      [0.073288519303, 0.0034507190611, 0.11027436593, 0.019443271563, 0.79342706835, 0.00011605578585],
      [0.13065351191, 0.008048277943, 0.72698926699, 0.045715349006, 0.088507687326, 8.5906830222e-05],
      [0.19450263643, 0.00075710029615, 0.28128151901, 0.0095389183215, 0.51091288271, 0.003006943226]
    ],
    [
      [0.0038286975024, 0.40544834246, 0.006446641133, 0.28718295623, 0.29709336138, 1.301148843e-09],
      [0.0010603383782, 0.00011501240356, 0.26194179746, 0.52512174675, 0.21050494464, 0.0012561603622],
      [5.6150164135e-06, 0.92469504653, 1.3499548034e-06, 0.075063432237, 0.0002345562609, 1.1411366165e-16],
      [0.00047584381699, 0.036594265209, 0.010934361917, 0.90215848581, 0.049797619408, 3.9423840777e-05],
      [0.052358346125, 0.0028179509478, 0.138502097, 0.034579671727, 0.77136514924, 0.00037678496354],
      [0.078956791143, 0.005558586695, 0.77381297667, 0.06876514486, 0.072670647129, 0.00023585350079],
      [0.13676662058, 0.0006081224702, 0.34787776804, 0.016684547123, 0.48828898196, 0.0097739598247]
    ],
    [
      [0.0038141475782, 0.39221236826, 0.0067935274922, 0.33790325913, 0.25927667939, 1.8158082132e-08],
      [0.00096315195161, 0.00010092306649, 0.25166878391, 0.56372269075, 0.16747567174, 0.016068778578],
      [5.6528368725e-06, 0.91065069879, 1.4373931881e-06, 0.08913529807, 0.00020691291219, 1.6091704512e-15],
      [0.00041093522219, 0.03051761183, 0.0099879300565, 0.9209357166, 0.037670897624, 0.00047690866268],
      [0.056695645066, 0.0029452174827, 0.15864693052, 0.044136816207, 0.73184890148, 0.0057264892476],
      [0.075118456778, 0.0051060119623, 0.77887721051, 0.077163978728, 0.060586070176, 0.0031482718435],
      [0.12478244939, 0.00053544958, 0.33581601035, 0.017942243182, 0.39023346659, 0.13069038092]
    ],
    [
      [0.0028980754658, 0.27248914301, 0.0066806161252, 0.33883166675, 0.3791004983, 3.5020390716e-10],
      [0.0006903161875, 6.6698634942e-05, 0.23343946116, 0.53451930311, 0.23099439168, 0.00028982923448],
      [5.819124814e-06, 0.87836741187, 1.9151916049e-06, 0.12121515619, 0.0004096976172, 4.2035961605e-17],
      [0.00030712369968, 0.021027551414, 0.0096612873436, 0.91485882026, 0.054136178388, 9.0388912499e-06],
      [0.032704653564, 0.001567994664, 0.11861165615, 0.033574919911, 0.81345699683, 8.3778876695e-05],
      [0.057405996968, 0.0036024812834, 0.77178674325, 0.077868777546, 0.089274913174, 6.1087782202e-05],
      [0.092985385459, 0.00036907196972, 0.32481795921, 0.017668010117, 0.56184656167, 0.002313011582]
    ],
    [
      [0.0096751564097, 0.18939399839, 0.010761672966, 0.23596179307, 0.55420737857, 6.0425836493e-10],
      [0.0021189491658, 4.3269551396e-05, 0.34620009962, 0.34091579622, 0.31026157374, 0.00046031170232],
      [2.8211523556e-05, 0.87578234897, 4.4823816327e-06, 0.12331585264, 0.0008691044811, 1.0532035228e-16],
      [0.0013696708041, 0.019888545865, 0.020797679944, 0.85224861861, 0.10567465117, 2.0833606709e-05],
      [0.072288041569, 0.00073306859658, 0.12638777022, 0.015508697739, 0.78498686878, 9.555309894e-05],
      [0.11833576794, 0.0015663731016, 0.76636778591, 0.033426874762, 0.080238291357, 6.4906925943e-05],
      [0.18642405233, 0.00015616457803, 0.31324360139, 0.0073870952763, 0.49039874901, 0.0023903374156]
    ],
    [
      [0.0066519022648, 0.3401286249, 0.0046993277768, 0.27321346334, 0.37530668137, 3.4705345025e-10],
      [0.001917312245, 9.847383379e-05, 0.19874000694, 0.52212768595, 0.27676877397, 0.00034774704926],
      [1.0974424363e-05, 0.91913972316, 1.1073840694e-06, 0.080515090382, 0.00033310465334, 3.4227416069e-17],
      [0.00085125628135, 0.031149149149, 0.0082099974466, 0.89508492532, 0.0646938543, 1.0817504242e-05],
      [0.075711150463, 0.0019190865588, 0.083936213152, 0.027143776166, 0.81120617386, 8.3599798075e-05],
      [0.15930450419, 0.0052776532123, 0.6536804563, 0.075344529031, 0.10631996133, 7.2895934803e-05],
      [0.21122027543, 0.00044151802411, 0.22466743307, 0.013963062546, 0.54745187498, 0.0022558359397]
    ],
    [
      [0.0094233348557, 0.41118718105, 0.0070346197708, 0.16906970931, 0.40328515338, 1.6362522591e-09],
      [0.0029496127665, 0.000126136694, 0.32355794392, 0.34877984187, 0.32279953174, 0.0017869330148],
      [1.3335647167e-05, 0.95672208263, 1.4225103575e-06, 0.04295640415, 0.00030675506092, 1.3839467386e-16],
      [0.0017830294495, 0.054922353077, 0.01817721074, 0.82231867207, 0.10272332704, 7.5407619719e-05],
      [0.095499999657, 0.0020179857959, 0.11184964437, 0.014936958061, 0.7753443659, 0.00035104621251],
      [0.16445532944, 0.0045384096398, 0.71378906579, 0.033874742628, 0.083092053007, 0.0002503994876],
      [0.24089826529, 0.0004195438907, 0.27066484183, 0.0069459772626, 0.47232356984, 0.0087478018854]
    ],
    [
      [0.0068118200565, 0.44631467927, 0.0056732557814, 0.209789083, 0.33141116155, 3.4542046856e-10],
      [0.0022160352384, 0.00014862943844, 0.27072025397, 0.45062192145, 0.27590241557, 0.00039074433891],
      [9.349886388e-06, 0.94837265274, 1.1119789976e-06, 0.051372027983, 0.00024485740833, 2.8350968717e-17],
      [0.00110443917, 0.052590615315, 0.01255306034, 0.86128867559, 0.072449561186, 1.3648396997e-05],
      [0.084429377739, 0.0028110878002, 0.11041764467, 0.02290249837, 0.77934881977, 9.0571651015e-05],
      [0.1467972441, 0.006387114595, 0.70966399826, 0.052462413252, 0.084623904894, 6.5324892762e-05],
      [0.21957920643, 0.00060351978884, 0.27568290291, 0.010994202447, 0.49085865255, 0.0022815158721]
    ],
    [
      [0.0026288375524, 0.48806010176, 0.0034120513362, 0.25756999365, 0.24832901473, 9.7051717753e-10],
      [0.00092417003438, 0.00017820213286, 0.17594243471, 0.59825737149, 0.22350814867, 0.0011896729619],
      [3.3405791811e-06, 0.941528693, 6.1901384546e-07, 0.058297358473, 0.00016998893718, 7.3766868475e-17],
      [0.00036307257052, 0.049513757851, 0.0064311914739, 0.89737298316, 0.046286309913, 3.2685036212e-05],
      [0.045599469571, 0.0043591351869, 0.092927568055, 0.03935684193, 0.81740070014, 0.00035628511723],
      [0.091438929811, 0.011418275492, 0.69057493836, 0.1039386716, 0.10233273003, 0.00029645470592],
      [0.13254020552, 0.00104563453, 0.25945617149, 0.021104956821, 0.57555925209, 0.010293779545]
    ],
    [
      [0.0033751298126, 0.49562098115, 0.0040089193797, 0.1200488914, 0.37694607615, 2.1125188036e-09],
      [0.0014321191019, 0.00021237554053, 0.24957484016, 0.33628368542, 0.40936974433, 0.0031272354423],
      [4.2523585723e-06, 0.97266429925, 7.2128953769e-07, 0.0270751599, 0.00025556720195, 1.5911841764e-16],
      [0.00084666138885, 0.089683523839, 0.013724945669, 0.7681670995, 0.12744866987, 0.00012909974053],
      [0.040837652453, 0.0030108678136, 0.076265035128, 0.012794272357, 0.86655005784, 0.00054211441204],
      [0.10253682264, 0.0098840113825, 0.70874131282, 0.042355109693, 0.13591796285, 0.00056478060983],
      [0.12278403918, 0.00074898355558, 0.22051263777, 0.0071175951524, 0.63263500802, 0.016201736319]
    ],
    [
      [0.004834341392, 0.36445901803, 0.0073557216124, 0.21150193046, 0.41184898726, 1.247720766e-09],
      [0.0013662021237, 0.00010573896743, 0.30509309524, 0.39435432693, 0.29785197782, 0.0012286589132],
      [7.9564955938e-06, 0.9373780205, 1.7288709234e-06, 0.062247457623, 0.00036483651246, 1.2278719461e-16],
      [0.00076724467818, 0.042253813055, 0.015932295665, 0.85285534246, 0.088143049661, 4.8254480281e-05],
      [0.050017672544, 0.0019223061099, 0.11966660953, 0.019263062039, 0.80885680101, 0.00027354877095],
      [0.08745410697, 0.0043973311393, 0.7750362832, 0.044421119161, 0.088492493508, 0.00019866602204],
      [0.13594816962, 0.00043223977163, 0.31291840849, 0.0096838226589, 0.53368610028, 0.0073312591869]
    ],
    [
      [0.0028543250561, 0.55008283545, 0.0043233855324, 0.18654964083, 0.25618981216, 9.6847691931e-10],
      [0.0011290124332, 0.0002203426899, 0.25090241743, 0.48711396287, 0.25929870815, 0.001335556417],
      [3.2354993097e-06, 0.96214547031, 6.9969607426e-07, 0.037694239985, 0.00015635450934, 6.5646156566e-17],
      [0.0005161652727, 0.071643817198, 0.010670136549, 0.85465928453, 0.062467908773, 4.2687680599e-05],
      [0.047368011536, 0.0045876881064, 0.11272469545, 0.02722056192, 0.80775852102, 0.00034052196668],
      [0.084973517743, 0.010760037159, 0.74919010542, 0.064385080236, 0.090437815963, 0.00025344347597],
      [0.13145392907, 0.0010518312478, 0.30080203995, 0.013956394778, 0.54336290471, 0.0093729002434]
    ],
    [
      [0.0037611431872, 0.37865442326, 0.0035678397588, 0.25155102, 0.36246557287, 9.2658713516e-10],
      [0.0012046453796, 0.00012601845054, 0.16748736945, 0.53284635909, 0.29730161396, 0.0010339936651],
      [6.0121910377e-06, 0.92802614801, 8.1434143395e-07, 0.071655013626, 0.00031201182994, 8.8586880435e-17],
      [0.00052484404507, 0.038790188068, 0.0067945956258, 0.88561395452, 0.068244893401, 3.1524340706e-05],
      [0.046653143028, 0.0024273022907, 0.069521279652, 0.02761426466, 0.85354062481, 0.00024338555446],
      [0.11766441087, 0.0079997094023, 0.64776184218, 0.091749992568, 0.13456933898, 0.0002547059979],
      [0.14212778724, 0.00061119215643, 0.2034021061, 0.015543562215, 0.63100581269, 0.0073095395979]
    ],
    [
      [0.0051428072274, 0.20707212032, 0.0062595935179, 0.35298907144, 0.42853640704, 4.463093936e-10],
      [0.0011807085261, 4.9948830954e-05, 0.21066580585, 0.53589163196, 0.25185556501, 0.00035633982049],
      [1.3455981925e-05, 0.83482301093, 2.3386074016e-06, 0.16455748434, 0.00060371014504, 6.9844683885e-17],
      [0.00052910818491, 0.015778919334, 0.008788449967, 0.91541211294, 0.059480214294, 1.1195285605e-05],
      [0.051667064739, 0.001088165535, 0.098836788009, 0.031433142154, 0.81687995153, 9.4888036759e-05],
      [0.10113940059, 0.0027849165055, 0.71479884494, 0.081100333731, 0.10009936458, 7.7139651655e-05],
      [0.14688097111, 0.00025582016387, 0.2699945025, 0.016518091786, 0.5637249976, 0.0026256168509]
    ],
    [
      [0.0032181259913, 0.37316914258, 0.006367991218, 0.22079952662, 0.39644521328, 3.1440125471e-10],
      [0.00094342535501, 0.00011299064503, 0.27393300719, 0.42732462215, 0.29736563534, 0.0003203193092],
      [5.2221172891e-06, 0.93573973379, 1.4758079706e-06, 0.063907331769, 0.00034623651969, 3.0517771565e-17],
      [0.00049729646673, 0.042184641201, 0.013433539414, 0.86125514685, 0.082617527493, 1.1848579563e-05],
      [0.035494730569, 0.0021169970664, 0.1104133024, 0.021556662462, 0.83034493909, 7.3368422238e-05],
      [0.067279319966, 0.0052455326106, 0.77522594953, 0.053848598345, 0.098342847012, 5.7752540796e-05],
      [0.10197251551, 0.00050301820645, 0.30514315411, 0.01145169917, 0.57889162802, 0.0020379849878]
    ],
    [
      [0.0024878345198, 0.56306771164, 0.0032121748951, 0.24614670398, 0.18508557172, 3.2431892774e-09],
      [0.00096195751153, 0.00021648416339, 0.18204889037, 0.6291172285, 0.18327064198, 0.0043847974713],
      [2.7018222305e-06, 0.95236284033, 4.9794094013e-07, 0.04752569255, 0.00010826735292, 2.1061990855e-16],
      [0.00036042783141, 0.057555851493, 0.0063495165794, 0.89943317302, 0.036186446554, 0.0001145845217],
      [0.055014444214, 0.0061411106271, 0.11147658963, 0.0479287726, 0.77791949616, 0.0015195867649],
      [0.093593308875, 0.013670573023, 0.7015643131, 0.10751228235, 0.082587489998, 0.00107203266],
      [0.14660762084, 0.0013506840986, 0.285303282, 0.0235727996, 0.50198888205, 0.041176731408]
    ],
    [
      [0.0043631782929, 0.4175988307, 0.0053866055578, 0.32301664979, 0.24963473474, 9.253460758e-10],
      [0.0012214445893, 0.00011949237997, 0.22107258527, 0.59780979073, 0.17887453241, 0.00090215462016],
      [6.1755286415e-06, 0.91847733936, 1.0883444188e-06, 0.081325089953, 0.00019030681301, 7.832049048e-17],
      [0.00049203702589, 0.034045953293, 0.0082882765665, 0.91916720371, 0.037981092276, 2.5437123329e-05],
      [0.068943189234, 0.0033492684256, 0.13367134926, 0.045014228672, 0.7487124293, 0.00030953510397],
      [0.10230323142, 0.0065020090662, 0.73342826206, 0.088097867851, 0.069477961137, 0.000190668463],
      [0.17657105089, 0.00070846621172, 0.32889794856, 0.021289139695, 0.46471702432, 0.0078163703196]
    ],
    [
      [0.0031969790567, 0.42200705562, 0.005866449664, 0.22849450735, 0.34043500813, 1.8178814302e-10],
      [0.00098623366446, 0.00012953562244, 0.26610549134, 0.46454759075, 0.2680369435, 0.00019420512353],
      [4.4397970433e-06, 0.94294550493, 1.1642271748e-06, 0.056794957642, 0.00025393340497, 1.5092884166e-17],
      [0.00048004016891, 0.045137852906, 0.012038340331, 0.87359473764, 0.068742375508, 6.6534465562e-06],
      [0.040280020209, 0.0026145446023, 0.11593528865, 0.025130117195, 0.81599165897, 4.8370371837e-05],
      [0.072091038261, 0.0060944246166, 0.77248126127, 0.059138572447, 0.090158901775, 3.5801626711e-05],
      [0.11393015543, 0.0006085894395, 0.31506892173, 0.013085855847, 0.55601870883, 0.0012877687237]
    ],
    [
      [0.0044881605001, 0.18895535997, 0.0082271046556, 0.42495677765, 0.37337258333, 1.3894552929e-08],
      [0.00089253968339, 3.8843945972e-05, 0.24051536129, 0.55933101759, 0.18952865222, 0.0096935852711],
      [1.1420384396e-05, 0.80654512293, 2.990490746e-06, 0.19292960719, 0.0005108590073, 2.1136484152e-15],
      [0.00038711368348, 0.011928429595, 0.0096979742587, 0.93436168131, 0.043332582347, 0.00029221880358],
      [0.048589396951, 0.0010446479745, 0.13978079152, 0.040178924003, 0.76721767047, 0.0031885690873],
      [0.072291095382, 0.0020276217718, 0.77397327832, 0.07883558532, 0.070907267404, 0.0019651518055],
      [0.11880109098, 0.00021045888901, 0.32857075704, 0.018103867293, 0.45278962715, 0.081524198645]
    ],
    [
      [0.0020330981746, 0.52558581388, 0.0032132485252, 0.2628153656, 0.20635247304, 7.7979936009e-10],
      [0.00074179744082, 0.00019846868341, 0.17184664494, 0.63347949484, 0.19274229281, 0.00099130128822],
      [2.4081107377e-06, 0.94448371442, 5.4324241069e-07, 0.055381667953, 0.00013166627251, 5.5236911872e-17],
      [0.00027736930695, 0.052452827329, 0.0059805182143, 0.90327592273, 0.037987428683, 2.5933738978e-05],
      [0.041583971959, 0.0055230744405, 0.1032463076, 0.047409114194, 0.80189972675, 0.00033780505356],
      [0.076492801027, 0.013276813495, 0.70298304016, 0.11489810479, 0.092091430358, 0.00025781017455],
      [0.11956502957, 0.0013117114146, 0.28535643043, 0.025172479334, 0.55895890633, 0.009635442921]
    ],
    [
      [0.0027064540197, 0.30287685507, 0.0062680372981, 0.37148885032, 0.31665980297, 3.2453398875e-10],
      [0.00064604236064, 7.4482673968e-05, 0.21943940837, 0.58618676225, 0.19338414817, 0.00026915618463],
      [4.981340724e-06, 0.87790923146, 1.6472328058e-06, 0.12177044607, 0.000313693894, 3.5719103401e-17],
      [0.00026771826233, 0.021811622309, 0.008462700847, 0.92721017947, 0.042239952224, 7.826883818e-06],
      [0.035529980204, 0.0020356896144, 0.12932419745, 0.043078322951, 0.78994164459, 9.0165190081e-05],
      [0.05697388105, 0.0042717323071, 0.76839857882, 0.091146742246, 0.079149010836, 6.0054739793e-05],
      [0.09852483444, 0.00046683659163, 0.34507921069, 0.022086078141, 0.53141529697, 0.0024277431652]
    ],
    [
      [0.0088308878169, 0.28288526361, 0.0067173542801, 0.32263737683, 0.3789291171, 3.6728302817e-10],
      [0.0021542734651, 7.1333919622e-05, 0.2405987174, 0.52040559568, 0.23645865587, 0.00031142367165],
      [1.7540990389e-05, 0.88531083068, 1.9059526191e-06, 0.1142645084, 0.00040521397876, 4.3644141472e-17],
      [0.00098385546371, 0.023043598718, 0.010222830805, 0.90881391518, 0.05692581772, 9.9821150962e-06],
      [0.093888710184, 0.0015405074054, 0.11189568307, 0.03020249001, 0.76239025319, 8.2356139299e-05],
      [0.15724483095, 0.0033646240447, 0.69320845826, 0.066548961592, 0.079575955795, 5.7169362994e-05],
      [0.23989382941, 0.00032369767977, 0.27366981018, 0.014190248091, 0.46989823384, 0.0020241807917]
    ],
    [
      [0.0019844732136, 0.48713003104, 0.0037031582648, 0.28594345396, 0.22123888328, 2.4280446272e-10],
      [0.0006607478483, 0.00016508802968, 0.18076409523, 0.62951946832, 0.18860955303, 0.00028104753872],
      [2.4689543839e-06, 0.93657790363, 6.5761980221e-07, 0.063270694953, 0.00014827484077, 1.8065118123e-17],
      [0.00025084268874, 0.044342091575, 0.0063877082212, 0.91127365, 0.037738224753, 7.4827626748e-06],
      [0.037716453724, 0.0046813868254, 0.11056625175, 0.047968142604, 0.79897009222, 9.7672873027e-05],
      [0.066562787349, 0.010814364529, 0.72266280825, 0.11171792368, 0.088170510546, 7.1605641571e-05],
      [0.10833945792, 0.0011116218131, 0.30545963805, 0.025467945826, 0.55688907334, 0.0027322630559]
    ],
    [
      [0.002244569947, 0.24055112874, 0.0058188054341, 0.39915036724, 0.35223512737, 1.2809258581e-09],
      [0.00051003244661, 5.6805402906e-05, 0.19389768547, 0.59972813656, 0.20479311548, 0.0010142246392],
      [4.9791264238e-06, 0.84182342102, 1.8433021995e-06, 0.15774929446, 0.00042046209521, 1.699466076e-16],
      [0.00020794957401, 0.016338832081, 0.0073589484562, 0.93205834873, 0.044006977472, 2.8943686477e-05],
      [0.027361103757, 0.00151591095, 0.11151387537, 0.043082036803, 0.81619631254, 0.00033076058193],
      [0.049697192214, 0.0036030498837, 0.75058252268, 0.10323217969, 0.092635521735, 0.00024953379847],
      [0.079479984235, 0.00036443282674, 0.31181884973, 0.023152709857, 0.57564032676, 0.0095436965956]
    ],
    [
      [0.004031832303, 0.35849231407, 0.0087348892728, 0.30736560147, 0.32137536275, 1.2974277306e-10],
      [0.00097546834471, 8.5920539777e-05, 0.31048749475, 0.49017684181, 0.1981661628, 0.00010811175243],
      [6.2353507715e-06, 0.91491824269, 1.9294607859e-06, 0.084806907328, 0.0002666851672, 1.1988802858e-17],
      [0.00046762617584, 0.029393307219, 0.013833538546, 0.90622742414, 0.050074437396, 3.6665193575e-06],
      [0.049296182848, 0.0021493366477, 0.1676140167, 0.032839927296, 0.74806708332, 3.3453189119e-05],
      [0.064509154143, 0.0036635393934, 0.81493630594, 0.056499761695, 0.060373137053, 1.8101779095e-05],
      [0.12425658335, 0.00044572232117, 0.40591794393, 0.015233815433, 0.45338057054, 0.00076536442687]
    ],
    [
      [0.0024221557015, 0.5169334283, 0.0046830876735, 0.25401059514, 0.22195073305, 1.4152377801e-10],
      [0.0008252831968, 0.00016728456644, 0.23427859307, 0.57125319781, 0.19330866366, 0.00016697770705],
      [2.7193514585e-06, 0.94907981435, 7.5076913533e-07, 0.05078272318, 0.00013399234829, 9.4972736846e-18],
      [0.00033818991937, 0.049074052241, 0.0089277686311, 0.89991203323, 0.041743138615, 4.8173606994e-06],
      [0.044421042877, 0.0044460697469, 0.13466308617, 0.040638985595, 0.77577597514, 5.4840476038e-05],
      [0.068093373917, 0.0089045410779, 0.76733106602, 0.082066593797, 0.073569631939, 3.4793246714e-05],
      [0.12034425736, 0.00099145782204, 0.35052238065, 0.02027261711, 0.50646560433, 0.0014036827384]
    ],
    [
      [0.0053856085306, 0.31139751369, 0.0086703551172, 0.31174348583, 0.36280303507, 1.7533792146e-09],
      [0.0012612230966, 7.4296483165e-05, 0.29816038491, 0.48195195918, 0.21712030939, 0.0014318269407],
      [9.6921828104e-06, 0.89959256422, 2.2288901388e-06, 0.10004435045, 0.00035116425258, 1.8871478161e-16],
      [0.00061776905089, 0.025804022091, 0.01358293538, 0.9038708766, 0.056075338306, 4.9058570105e-05],
      [0.059366732465, 0.001735377606, 0.14993885287, 0.030268954196, 0.75828153382, 0.00040854905157],
      [0.084245398212, 0.0032152494684, 0.78873370569, 0.056562713358, 0.06700259925, 0.00024033401996],
      [0.14985440289, 0.00036096845613, 0.36327579709, 0.014079137812, 0.4621895742, 0.010240119552]
    ],
    [
      [0.0044630673443, 0.25688948131, 0.0099569048138, 0.32281081762, 0.40587972857, 3.4941668103e-10],
      [0.00096245811776, 5.6046138311e-05, 0.31577435549, 0.45961113171, 0.22333452444, 0.00026148410202],
      [9.1091010827e-06, 0.88177902026, 2.9037341174e-06, 0.11776390208, 0.00044506482542, 4.2626638619e-17],
      [0.00049018763863, 0.020325750023, 0.014945700468, 0.90427316365, 0.059955845629, 9.3525886797e-06],
      [0.044566123284, 0.0012845783445, 0.15612471444, 0.028197851, 0.76975296788, 7.3765051447e-05],
      [0.06255392281, 0.0023533604901, 0.81578429824, 0.052183381691, 0.06708211387, 4.2922903444e-05],
      [0.11525683174, 0.00027398583873, 0.38850218721, 0.013452280139, 0.48068392801, 0.0018307870633]
    ],
    [
      [0.0070961829731, 0.13073020392, 0.010870329978, 0.36907215199, 0.48223112759, 3.5502809822e-09],
      [0.0013425123851, 2.5941824007e-05, 0.30287634036, 0.46119911623, 0.23220875194, 0.0023473372486],
      [2.3670117779e-05, 0.77745986098, 5.1882122739e-06, 0.22165000898, 0.00086127170193, 7.0755287782e-16],
      [0.0006842871922, 0.0094115541973, 0.014341199266, 0.91310728081, 0.062372247964, 8.3430569522e-05],
      [0.059682990887, 0.0005667067883, 0.14329860561, 0.026989386088, 0.76883098678, 0.00063132383937],
      [0.088087969957, 0.001088676612, 0.78807758126, 0.052384782806, 0.069976148872, 0.00038484049046],
      [0.15180950189, 0.00011847039501, 0.3497435181, 0.012613241554, 0.46946291165, 0.016252356413]
    ],
    [
      [0.0029552062933, 0.33156634242, 0.0066040771504, 0.31329696146, 0.3455774123, 3.7458057379e-10],
      [0.00075233781721, 8.6749943155e-05, 0.24666715071, 0.52709376929, 0.22506848223, 0.00033150999959],
      [5.118431695e-06, 0.90288288216, 1.6333059715e-06, 0.096788221146, 0.0003221449548, 3.8791268689e-17],
      [0.00033819241264, 0.027646682739, 0.010315488037, 0.90837132896, 0.05331786127, 1.0446580533e-05],
      [0.036061493306, 0.0020632750018, 0.12670898155, 0.033653143802, 0.80141628085, 9.6825492463e-05],
      [0.059794109952, 0.0044777881431, 0.77894885321, 0.07366129846, 0.083051263317, 6.6686918968e-05],
      [0.10019115565, 0.00047428748485, 0.3389430807, 0.017295511349, 0.5404759946, 0.0026199702143]
    ],
    [
      [0.0031468262499, 0.57009555615, 0.0025671322917, 0.24245466664, 0.18173581852, 1.5270792722e-10],
      [0.0012856817841, 0.00024146290047, 0.15370899465, 0.65439072378, 0.19015654403, 0.00021659284829],
      [3.4773092572e-06, 0.95222108996, 4.0492031482e-07, 0.047666822636, 0.00010820517082, 1.0092572232e-17],
      [0.00046213701158, 0.06135107704, 0.0051427883456, 0.89701501981, 0.036023511403, 5.4663875912e-06],
      [0.071368617156, 0.0066353323034, 0.09135440237, 0.048360765323, 0.78220768926, 7.3193587748e-05],
      [0.13461473216, 0.016343025983, 0.63687797657, 0.12006488667, 0.092042134822, 5.7243794795e-05],
      [0.19913072434, 0.0015260368964, 0.24448388964, 0.024863642597, 0.52803193179, 0.0019637747417]
    ],
    [
      [0.0025353015177, 0.36883047519, 0.0070580442389, 0.33420451497, 0.28737166377, 3.0917609404e-10],
      [0.00063643352799, 9.2915210053e-05, 0.25999004249, 0.5544872479, 0.184523717, 0.0002696438743],
      [3.8739700384e-06, 0.90884690179, 1.5398047246e-06, 0.090911355274, 0.00023632916205, 2.8245020792e-17],
      [0.00027530137068, 0.028515399257, 0.010461430186, 0.91866652615, 0.042073159063, 8.1839760468e-06],
      [0.035508572787, 0.0025730196773, 0.15538482204, 0.041187680779, 0.7652542196, 9.1685118123e-05],
      [0.049467177936, 0.0046953194661, 0.80337804008, 0.075796950294, 0.066609441873, 5.3070351765e-05],
      [0.093559118319, 0.00056078972635, 0.39432945128, 0.020072643727, 0.48913271807, 0.0023452788731]
    ],
    [
      [0.0083404827852, 0.43358178681, 0.0054065798846, 0.25065252646, 0.30201862379, 2.6163119545e-10],
      [0.0025811516821, 0.00013328352099, 0.24563384189, 0.51228166128, 0.23908885606, 0.00028120557014],
      [1.1240818002e-05, 0.93948746091, 1.0409923917e-06, 0.060281286531, 0.00021897074389, 2.108801602e-17],
      [0.0011666819732, 0.042921025802, 0.010328668748, 0.88863149579, 0.056943202785, 8.9248987219e-06],
      [0.10910260395, 0.0027820152944, 0.11070563886, 0.02870472725, 0.74863284869, 7.2165960129e-05],
      [0.17987761577, 0.0059838160985, 0.67517178765, 0.062240397123, 0.07667713999, 4.9243378247e-05],
      [0.27180603623, 0.00056928634985, 0.26382606471, 0.013135078878, 0.44894628606, 0.0017172477689]
    ],
    [
      [0.003079418061, 0.51216046407, 0.0034501937288, 0.23054988987, 0.25076003255, 1.7138664342e-09],
      [0.001149943625, 0.00019590748302, 0.18902247328, 0.56782749148, 0.23956495489, 0.0022392292362],
      [3.7211989989e-06, 0.9501239284, 5.9547345607e-07, 0.049708713013, 0.0001630419131, 1.2388490522e-16],
      [0.00046772906356, 0.05658891517, 0.0071536230653, 0.8843828502, 0.051343385497, 6.3497003527e-05],
      [0.052690120192, 0.0044346931553, 0.092518873328, 0.034570205283, 0.81516583913, 0.00062026891051],
      [0.10593161958, 0.011619182051, 0.68902265705, 0.091312940861, 0.10159798182, 0.00051561864542],
      [0.15011128067, 0.0010394567789, 0.25264845074, 0.018117539781, 0.56006115048, 0.018022121551]
    ],
    [
      [0.0069620547547, 0.27503429843, 0.0077159052287, 0.38384610905, 0.32644162374, 8.7951965314e-09],
      [0.0015323568345, 6.213074624e-05, 0.24951468351, 0.55862180809, 0.18349295866, 0.006776062158],
      [1.3650382617e-05, 0.86527997677, 2.1607800366e-06, 0.13435985697, 0.00034435509743, 1.0309710156e-15],
      [0.00066024164732, 0.019026190886, 0.0099935101708, 0.92844183717, 0.041674989181, 0.00020323094733],
      [0.082266507585, 0.0016425260382, 0.14299090645, 0.039449240553, 0.73144950029, 0.0022013190807],
