{
  "X": [
    [45, 90, 323, 15, 15],
    [81, 129, 436, 20, 19],
    [56, 68, 406, 20, 16],
    [26, 24, 166, 5, 9],
    [48, 224, 341, 28, 15],
    [46, 161, 294, 15, 17],
    [84, 190, 292, 14, 12],
    [39, 126, 173, 14, 7],
    [111, 320, 540, 23, 21],
    [56, 209, 302, 18, 17],
    [39, 113, 157, 7, 9],
    [38, 232, 225, 32, 15],
    [204, 794, 970, 86, 49],
    [35, 150, 146, 8, 7],
    [114, 334, 787, 36, 39],
    [27, 96, 128, 12, 8],
    [52, 238, 379, 33, 10],
    [68, 241, 341, 18, 20],
    [93, 270, 584, 29, 23],
    [16, 14, 131, 3, 10],
    [24, 37, 77, 3, 7],
    [43, 73, 244, 9, 7],
    [24, 47, 282, 8, 2],
    [7, 6, 90, 3, 10],
    [43, 77, 313, 15, 17],
    [13, 17, 108, 4, 13],
    [23, 56, 196, 16, 11],
    [43, 59, 337, 16, 5],
    [30, 19, 71, 5, 1],
    [48, 113, 233, 15, 7],
    [24, 32, 229, 11, 12],
    [31, 51, 127, 12, 6],
    [6, 21, 84, 5, 1],
    [45, 120, 267, 16, 7],
    [50, 110, 255, 9, 2],
    [18, 24, 95, 4, 3],
    [55, 79, 214, 8, 8],
    [57, 71, 157, 9, 9],
    [74, 80, 374, 10, 9],
    [11, 12, 69, 3, 5],
    [37, 37, 172, 2, 3],
    [9, 13, 36, 0, 0],
    [15, 21, 59, 6, 7],
    [4, 3, 76, 2, 2],
    [4, 8, 54, 2, 4],
    [126, 197, 311, 27, 18],
    [57, 155, 167, 24, 17],
    [66, 173, 273, 16, 6],
    [26, 59, 147, 10, 5],
    [5, 6, 30, 2, 0],
    [26, 37, 180, 7, 5],
    [31, 58, 89, 3, 6],
    [174, 314, 876, 22, 26],
    [26, 39, 130, 6, 3],
    [10, 19, 115, 3, 3],
    [14, 11, 53, 1, 1],
    [36, 89, 346, 8, 24],
    [40, 64, 252, 7, 6],
    [3, 5, 35, 1, 3],
    [41, 89, 178, 11, 10],
    [35, 70, 140, 6, 5],
    [26, 40, 191, 7, 6],
    [11, 13, 81, 4, 2],
    [44, 53, 159, 4, 10],
    [37, 75, 163, 7, 11],
    [25, 37, 158, 5, 14],
    [31, 61, 158, 6, 2],
    [10, 15, 43, 2, 3],
    [6, 26, 141, 6, 3],
    [26, 33, 115, 2, 3],
    [1, 3, 16, 0, 3],
    [424, 974, 2458, 153, 115],
    [24, 40, 122, 5, 4],
    [85, 169, 377, 15, 10],
    [278, 347, 1002, 44, 46],
    [24, 36, 115, 2, 5]
  ],
  "W": [
    [16, 40, 83, 304, 24, 21],
    [32, 85, 113, 387, 46, 22],
    [26, 55, 67, 378, 19, 21],
    [25, 22, 19, 137, 17, 10],
    [31, 62, 164, 315, 69, 15],
    [27, 49, 115, 280, 37, 25],
    [18, 63, 162, 288, 32, 29],
    [14, 54, 98, 150, 28, 15],
    [34, 96, 272, 518, 59, 36],
    [21, 47, 172, 277, 52, 33],
    [9, 48, 79, 151, 27, 11],
    [32, 51, 187, 204, 40, 28],
    [67, 187, 609, 968, 186, 86],
    [10, 27, 126, 145, 24, 14],
    [48, 137, 230, 768, 80, 47],
    [5, 25, 80, 127, 26, 8],
    [57, 63, 178, 347, 49, 18],
    [35, 83, 181, 322, 47, 20],
    [38, 106, 205, 565, 43, 42],
    [5, 16, 11, 127, 7, 8],
    [8, 19, 30, 69, 16, 6],
    [16, 46, 60, 216, 27, 11],
    [7, 20, 44, 264, 12, 16],
    [5, 7, 6, 83, 6, 9],
    [17, 44, 53, 319, 14, 18],
    [6, 7, 13, 105, 16, 8],
    [9, 20, 45, 204, 13, 11],
    [10, 46, 53, 320, 15, 16],
    [3, 29, 17, 71, 4, 2],
    [18, 46, 76, 220, 37, 19],
    [7, 18, 33, 223, 13, 14],
    [4, 27, 47, 128, 8, 13],
    [2, 9, 16, 73, 10, 7],
    [7, 44, 95, 249, 45, 15],
    [13, 51, 88, 236, 28, 10],
    [5, 13, 19, 90, 9, 8],
    [10, 46, 73, 193, 31, 11],
    [10, 59, 56, 141, 26, 11],
    [28, 72, 66, 347, 19, 15],
    [6, 10, 15, 62, 3, 4],
    [14, 39, 33, 147, 9, 9],
    [3, 10, 13, 29, 2, 1],
    [7, 9, 16, 61, 9, 6],
    [4, 2, 2, 74, 0, 5],
    [1, 4, 10, 51, 3, 3],
    [23, 107, 156, 285, 73, 35],
    [12, 49, 137, 151, 48, 23],
    [18, 76, 111, 264, 45, 20],
    [13, 25, 53, 129, 12, 15],
    [3, 3, 5, 31, 0, 1],
    [11, 24, 25, 182, 5, 8],
    [7, 38, 33, 89, 15, 5],
    [72, 153, 226, 840, 63, 58],
    [6, 24, 32, 119, 14, 9],
    [5, 7, 17, 104, 7, 10],
    [3, 12, 9, 51, 2, 3],
    [17, 40, 63, 331, 26, 26],
    [16, 41, 48, 223, 26, 15],
    [3, 2, 2, 30, 6, 4],
    [12, 34, 76, 161, 30, 16],
    [5, 36, 56, 123, 26, 10],
    [1, 31, 31, 173, 19, 15],
    [5, 14, 10, 66, 3, 13],
    [18, 39, 50, 140, 14, 9],
    [13, 36, 55, 154, 23, 12],
    [25, 30, 24, 139, 13, 8],
    [7, 27, 46, 149, 15, 14],
    [4, 12, 7, 36, 10, 4],
    [6, 11, 17, 123, 17, 8],
    [9, 8, 27, 114, 16, 5],
    [0, 3, 3, 16, 0, 1],
    [130, 464, 747, 2332, 266, 185],
    [9, 18, 32, 113, 15, 8],
    [9, 98, 133, 347, 49, 20],
    [61, 246, 315, 951, 75, 69],
    [1, 33, 28, 106, 5, 9]
  ],
  "method": "mvn_pdf",
  "cond_prob": [
    [
      [0.088784801623, 0.15462839332, 0.42477198711, 0.082729830492, 0.24908498746],
      [0.62285460357, 0.11504360446, 0.20064335342, 0.047749332824, 0.013709105719],
      [0.088256897547, 0.79469872499, 0.05118977, 0.059768161716, 0.0060864457472],
      [0.01352441628, 0.01587987668, 0.96400709431, 0.0031173371839, 0.0034712755497],
      [0.17675464838, 0.44426164497, 0.19222024542, 0.12084157071, 0.065921890523],
      [0.14220963926, 0.070211684003, 0.29798669525, 0.14084398933, 0.34874799216]
    ],
    [
      [0.086927599446, 0.14737454585, 0.48979532011, 0.068610610549, 0.20729192405],
      [0.60679399826, 0.10984757936, 0.23206373183, 0.039752064561, 0.011542625982],
      [0.09055360483, 0.790095605, 0.061979401771, 0.052005748671, 0.005365639725],
      [0.012996600167, 0.010712645876, 0.9694744592, 0.0029214334203, 0.0038948613347],
      [0.1777198918, 0.43432494212, 0.22816096162, 0.1029379373, 0.056856267149],
      [0.14561228782, 0.070064801388, 0.35979273656, 0.12196116024, 0.30256901399]
    ],
    [
      [0.091180340083, 0.12322638871, 0.45177261103, 0.11281606496, 0.22100459522],
      [0.62535623209, 0.089790710525, 0.20914769151, 0.063731871398, 0.011973494483],
      [0.10479589156, 0.73175382216, 0.063026363401, 0.094145132901, 0.0062787899816],
      [0.014886215644, 0.0071488552047, 0.97345328164, 0.00011179071826, 0.0043998567906],
      [0.18838750473, 0.36710961154, 0.21237752514, 0.17114057715, 0.060984781439],
      [0.143192455, 0.054893754464, 0.3108337759, 0.18856560107, 0.30251441357]
    ],
    [
      [0.093236098386, 0.065392843582, 0.5866196458, 0.05272166145, 0.20202975078],
      [0.62955312681, 0.076708203546, 0.25963739887, 0.025336082525, 0.0087651882499],
      [0.12097552913, 0.73900652976, 0.09091058787, 0.043746889516, 0.0053604637289],
      [0.016628398446, 0, 0.98075517548, 0.00088397770961, 0.0017324483665],
      [0.21284782815, 0.35884071014, 0.29998718717, 0.077462468103, 0.050861806438],
      [0.16238900315, 0.053618229474, 0.44319436879, 0.085540684342, 0.25525771424]
    ],
    [
      [0.06302566209, 0.27297958723, 0.37449774736, 0.10696423889, 0.18253276443],
      [0.49233048567, 0.22790810238, 0.19895125591, 0.069409102146, 0.011401053891],
      [0.039546376898, 0.88024700298, 0.028569380308, 0.048787552046, 0.0028496877728],
      [0.0020967334361, 0.041027035979, 0.94911232764, 0.0032794207115, 0.0044844822294],
      [0.097668774426, 0.61031895356, 0.13235625791, 0.12167100523, 0.03798500887],
      [0.1090994723, 0.13408652209, 0.28448323939, 0.19675125607, 0.27557951016]
    ],
    [
      [0.079044213192, 0.29696929302, 0.34646423326, 0.07382017197, 0.20370208855],
      [0.55717305471, 0.22289851847, 0.16544013372, 0.043066430909, 0.011421862192],
      [0.046207262761, 0.89484624652, 0.024619286837, 0.031369831906, 0.0029573719747],
      [0.012199824891, 0.041867734145, 0.93816993207, 0.0030798847531, 0.0046826241407],
      [0.11825493876, 0.64180741709, 0.11811539468, 0.08098571439, 0.040836535084],
      [0.13836430568, 0.14730573361, 0.26599322322, 0.13720921639, 0.31112752109]
    ],
    [
      [0.1561414175, 0.29351978437, 0.32563195232, 0.070310689927, 0.15439615588],
      [0.72138094374, 0.14426483978, 0.10180659608, 0.026859981591, 0.0056876388098],
      [0.088620398213, 0.85768082614, 0.022484206049, 0.029030542476, 0.0021840271222],
      [0.023748591283, 0.048408053632, 0.92294382629, 0.0014224899187, 0.003477038879],
      [0.21510477436, 0.58318066482, 0.1021976579, 0.070965504784, 0.02855139814],
      [0.26424149828, 0.14070222139, 0.24152485867, 0.12616233139, 0.22736909027]
    ],
    [
      [0.071124855576, 0.27392390438, 0.4290126707, 0.087067007472, 0.13887156187],
      [0.51715752276, 0.21189922601, 0.21061221388, 0.05231447184, 0.0080165655142],
      [0.044301969804, 0.88182169516, 0.032319223784, 0.039412208104, 0.0021449031475],
      [0.0048169851643, 0.03366955218, 0.95413564089, 0.0053697472864, 0.0020080744748],
      [0.10987991656, 0.61215581941, 0.1505102459, 0.098739194635, 0.028714823491],
      [0.12913115426, 0.14087901587, 0.34125640736, 0.16823496527, 0.22049845724]
    ],
    [
      [0.11132636829, 0.2689145607, 0.37535945286, 0.0674256566, 0.17697396155],
      [0.64458512149, 0.16661203103, 0.1480685197, 0.032495132448, 0.008239195333],
      [0.070000719215, 0.86761173725, 0.02875217061, 0.030853470313, 0.0027819026167],
      [0.018094782123, 0.037379892387, 0.94063993135, 0.00059371772806, 0.0032916764162],
      [0.16923966343, 0.58905794585, 0.13028322751, 0.075166897975, 0.036252265235],
      [0.19267496963, 0.13207095459, 0.28512265126, 0.12370717422, 0.26642425031]
    ],
    [
      [0.089681077684, 0.26099816029, 0.39674017947, 0.070104553614, 0.18247602895],
      [0.59124862619, 0.18350023861, 0.17732330009, 0.038317721914, 0.0096101131963],
      [0.058382966989, 0.87408015911, 0.031376643634, 0.033201510973, 0.0029587192972],
      [0.01346531353, 0.033651111251, 0.947480782, 0.0017753378665, 0.0036274553565],
      [0.14179408308, 0.59527520854, 0.14289558148, 0.081279941057, 0.038755185838],
      [0.1570593166, 0.129608224, 0.30468883551, 0.13023897069, 0.2784046532]
    ],
    [
      [0.081723739058, 0.31788665751, 0.30875564832, 0.05943909967, 0.23219485545],
      [0.57188447055, 0.23575573755, 0.14550235537, 0.034256257446, 0.012601179082],
      [0.045040684538, 0.90741689755, 0.020619680019, 0.023812971469, 0.0031097664195],
      [0.016407288592, 0.04838225184, 0.92887362888, 0.00011551288258, 0.0062213178097],
      [0.11906182575, 0.67075148153, 0.10220419899, 0.063480498713, 0.044501995007],
      [0.14214980097, 0.15643634035, 0.23533636845, 0.10982791718, 0.35624957304]
    ],
    [
      [0.061219567658, 0.31977522485, 0.32048993433, 0.14104128443, 0.15747398873],
      [0.47054860162, 0.2624726297, 0.16737368882, 0.089909387978, 0.0096956918824],
      [0.03041961442, 0.88843465233, 0.022357540999, 0.05299775724, 0.0057904350105],
      [0, 0.059987762469, 0.9371553962, 0, 0.0028568413289],
      [0.084944653343, 0.64064966749, 0.10137866867, 0.14363436372, 0.029392646778],
      [0.10559789721, 0.15643994504, 0.24259129403, 0.25876231995, 0.23660854377]
    ],
    [
      [0.094523325384, 0.33448814787, 0.27987505246, 0.11133350512, 0.17977996917],
      [0.58931498496, 0.22404608988, 0.11952102599, 0.058026125451, 0.0090917737243],
      [0.049085721328, 0.88875727171, 0.017746649612, 0.042064228721, 0.002346128628],
      [0.020816810816, 0.056261907901, 0.9133230216, 0.0045581959092, 0.0050400637726],
      [0.12668053703, 0.64541706105, 0.085833195137, 0.10944924648, 0.032619960302],
      [0.16114625541, 0.16198135593, 0.20963454426, 0.20119489444, 0.26604294996]
    ],
    [
      [0.11247709883, 0.3596692218, 0.29749399146, 0.069000246036, 0.16135944187],
      [0.63430632962, 0.21421686413, 0.11244742373, 0.031908235457, 0.0071211470584],
      [0.054550326882, 0.90170427097, 0.017484153881, 0.024149269295, 0.0021119789676],
      [0.024561174941, 0.057182099001, 0.91327826635, 0, 0.0049784597047],
      [0.14571213486, 0.67361228581, 0.087458069981, 0.065472805455, 0.027744703893],
      [0.20122538011, 0.18190107808, 0.23297385392, 0.13102285144, 0.25287683644]
    ],
    [
      [0.073541034064, 0.27075521069, 0.32972483318, 0.079907321029, 0.24607160103],
      [0.54981998218, 0.21706380261, 0.16846079476, 0.049833829435, 0.014821591015],
      [0.046947673519, 0.88634723331, 0.025674972694, 0.03710319503, 0.003926925451],
      [0.011984297254, 0.041467054561, 0.93902701241, 0.0034712726723, 0.0040503631022],
      [0.1165582625, 0.61847114554, 0.11948420804, 0.092905324322, 0.052581059608],
      [0.12378992778, 0.12939905793, 0.24377347303, 0.14266203708, 0.36037550418]
    ],
    [
      [0.081816704794, 0.23877606597, 0.26741195515, 0.10783708788, 0.3041581862],
      [0.60215978997, 0.18495665862, 0.13142892365, 0.064641168008, 0.016813459753],
      [0.056891401197, 0.86123285927, 0.022490962467, 0.054377234403, 0.0050075426583],
      [0.019462926264, 0.044378819292, 0.92551479502, 0.0054247613992, 0.0052186980228],
      [0.13495204466, 0.56989717378, 0.10000665796, 0.13051513977, 0.064628983826],
      [0.1256331043, 0.10376723678, 0.1796735076, 0.17653353455, 0.41439261676]
    ],
    [
      [0.070491786099, 0.3071761537, 0.38966133859, 0.12919660489, 0.10347411672],
      [0.49990818351, 0.23282089316, 0.19117022708, 0.07610069625, 0],
      [0.039336720645, 0.88071262833, 0.027559674959, 0.052390976061, 0],
      [0.0067856362506, 0.045237518581, 0.9463800245, 0.0015968206648, 0],
      [0.099179965995, 0.62349860271, 0.12301664774, 0.13340255208, 0.020902231474],
      [0.12618790242, 0.15597470257, 0.30101516719, 0.24583522757, 0.17098700025]
    ],
    [
      [0.075877917309, 0.3012242844, 0.33015767326, 0.069203269983, 0.22353685505],
      [0.54955427474, 0.23317302282, 0.16268757082, 0.041660728283, 0.012924403337],
      [0.044106846124, 0.90005296405, 0.023354306945, 0.02925822741, 0.0032276554679],
      [0.011669300593, 0.04526240922, 0.9359012001, 0.0021429695046, 0.0050241205819],
      [0.1138307861, 0.6520500992, 0.11300785688, 0.076150714232, 0.044960543591],
      [0.1320183602, 0.14866761137, 0.25213638978, 0.12775930962, 0.33941832903]
    ],
    [
      [0.08485541652, 0.29180453641, 0.35926834208, 0.087467773064, 0.17660393193],
      [0.56837512572, 0.20923357508, 0.16409596397, 0.04877343254, 0.0095219026937],
      [0.050063828069, 0.88397205782, 0.025831460413, 0.037526384709, 0.0026062689841],
      [0.0135077165, 0.040103446011, 0.93955923121, 0.0033850920007, 0.0034445142759],
      [0.12558704159, 0.62275326005, 0.1214596106, 0.094955613569, 0.035244474193],
      [0.14839389242, 0.14479903869, 0.27582029869, 0.1623253225, 0.2686614477]
    ],
    [
      [0.054122319083, 0.072685758226, 0.24541360978, 0.036088568082, 0.59168974483],
      [0.64197470917, 0.088439090816, 0.20294656239, 0.066639637626, 0],
      [0.10569431622, 0.76048243102, 0.082850463297, 0.050972789461, 0],
      [0.01790887452, 0.01003980452, 0.97049692878, 0.001554392184, 0],
      [0.17280323837, 0.33774124026, 0.17603224712, 0.084406241081, 0.22901703317],
      [0.10138823086, 0.027124394844, 0.14113702152, 0.050546347321, 0.67980400546]
    ],
    [
      [0.11793289725, 0.16179962001, 0.36285884568, 0.043236447739, 0.31417218932],
      [0.71956604347, 0.10180261159, 0.1436460895, 0.021084165634, 0.013901089807],
      [0.1120874902, 0.8097931628, 0.043556611007, 0.02760040874, 0.0069623272492],
      [0.017286119841, 0.023610146424, 0.95683786253, 0, 0.0022658712072],
      [0.23347631047, 0.46408073725, 0.16094381781, 0.062577190162, 0.0789219443],
      [0.18229900889, 0.070527772748, 0.2440402674, 0.070710327708, 0.43242262325]
    ],
    [
      [0.088744460259, 0.16576984155, 0.54090283856, 0.059414782986, 0.14516807665],
      [0.59696585578, 0.11815276142, 0.24428081275, 0.032905126775, 0.0076954432803],
      [0.083748394655, 0.81040210668, 0.061645310138, 0.040817502763, 0.0033866857664],
      [0.01247889985, 0.012900722145, 0.96915785706, 0.0025937775028, 0.0028687434401],
      [0.17272020067, 0.46605445874, 0.23863578841, 0.084874222139, 0.037715330041],
      [0.1578061641, 0.083500249097, 0.42078683417, 0.11225613967, 0.22565061296]
    ],
    [
      [0.090146251127, 0.15642552359, 0.60350757705, 0.071475063174, 0.078445585063],
      [0.58900236859, 0.10716085403, 0.26178854769, 0.042048229684, 0],
      [0.087324876153, 0.78991978326, 0.070488077118, 0.052267263466, 0],
      [0.0091379758806, 0.0092378916071, 0.97825926617, 0.0033648663422, 0],
      [0.17479619645, 0.43851893918, 0.26444878314, 0.10175420021, 0.020481881018],
      [0.2022908956, 0.081518946015, 0.50027305919, 0.14059845342, 0.075318645771]
    ],
    [
      [0.037176809689, 0.050562395797, 0.28446316005, 0.040759577331, 0.58703805713],
      [0.55353216926, 0, 0.2661691446, 0.12242386821, 0.057874817932],
      [0.095253109641, 0.68928242763, 0.086324098357, 0.096404154485, 0.032736209887],
      [0.0077358756822, 0, 0.99000049338, 0.0022636309407, 0],
      [0.13523211264, 0.26858224254, 0.22996887259, 0.10880871023, 0.257408062],
      [0.10160019461, 0, 0.29407793462, 0.0577862755, 0.54653559527]
    ],
    [
      [0.083826750328, 0.20535707437, 0.26305234131, 0.11371417232, 0.33404966168],
      [0.62009543021, 0.16074009575, 0.13107008663, 0.068918822017, 0.01917556538],
      [0.065956436312, 0.83766640785, 0.025185330576, 0.064788787646, 0.0064030376107],
      [0.020320946481, 0.041264386325, 0.93059156763, 0.0040633970367, 0.003759702526],
      [0.14752125952, 0.52270936035, 0.10546389195, 0.14675581369, 0.077549674496],
      [0.12485420166, 0.086598645756, 0.17172218354, 0.18054556168, 0.43627940737]
    ],
    [
      [0.045483330617, 0.051572962576, 0.16289170732, 0.030068843256, 0.70998315623],
      [0.66694689656, 0.07664817519, 0.15253963152, 0.034342540344, 0.069522756396],
      [0.12070553075, 0.72852089909, 0.051866988827, 0.05783848821, 0.041068093119],
      [0.016078162355, 0.016008205666, 0.95667342819, 0.011240203792, 0],
      [0.27192550588, 0.30360626407, 0.25792896008, 0.083221652584, 0.083317617385],
      [0.056285587401, 0.018086436247, 0.087878519989, 0.039440121473, 0.79830933489]
    ],
    [
      [0.068625642812, 0.16217495143, 0.19926665599, 0.2310035575, 0.33892919227],
      [0.57219059012, 0.14145251527, 0.11053962722, 0.1547051983, 0.021112069096],
      [0.061668463658, 0.81042811084, 0.048414252684, 0.072274225659, 0.0072149471538],
      [0.027302256966, 0.044794369937, 0.91906926144, 0, 0.0088341116558],
      [0.12205596992, 0.41773336958, 0.080541703099, 0.30192968814, 0.077739269263],
      [0.091553501602, 0.061229533825, 0.11636315514, 0.33176708329, 0.39908672614]
    ],
    [
      [0.094397362712, 0.15772692039, 0.49150096012, 0.13775554787, 0.11861920891],
      [0.60370147028, 0.10679554041, 0.21127429579, 0.072225313888, 0.0060033796386],
      [0.087858574125, 0.76101105094, 0.060678934594, 0.087709440558, 0.0027419997879],
      [0.014252400429, 0.014977142885, 0.97006448927, 0, 0.00070596741325],
      [0.1713510387, 0.41344598043, 0.20260422601, 0.18374746908, 0.028851285774],
      [0.1561387871, 0.073885925501, 0.35566808137, 0.24345423104, 0.17085297499]
    ],
    [
      [0.20748555717, 0.18938991086, 0.34024994279, 0.16036253574, 0.10251205344],
      [0.79196210745, 0.073766822323, 0.083639855323, 0.047742456617, 0.0028887582866],
      [0.15078931377, 0.73422965996, 0.029604944173, 0.08358825169, 0.0017878304062],
      [0.028521721435, 0.028975233194, 0.93197827363, 0.007199735774, 0.0033250359665],
      [0.30094939502, 0.39880248709, 0.11029435613, 0.17078877476, 0.019164987008],
      [0.3091920382, 0.079118347798, 0.21938773202, 0.25952226658, 0.1327796154]
    ],
    [
      [0.10615894397, 0.29191247369, 0.38227731865, 0.095565380309, 0.12408588338],
      [0.61805427654, 0.18028325929, 0.15006878797, 0.045945165995, 0.0056485101999],
      [0.061252919809, 0.87013032005, 0.026770252494, 0.04184650765, 0],
      [0.01745749884, 0.037752367115, 0.94079598287, 0.0039941511765, 0],
      [0.15130034755, 0.60116500786, 0.12390876698, 0.099864455205, 0.023761422405],
      [0.18761356726, 0.14600079823, 0.29587180099, 0.17959541241, 0.1909184211]
    ],
    [
      [0.080134709315, 0.094425676417, 0.33532351623, 0.11234272827, 0.37777336978],
      [0.64635972483, 0.079463136643, 0.17869838389, 0.072764737696, 0.022714016943],
      [0.11366892673, 0.70091397132, 0.057472214696, 0.11524425841, 0.012700628834],
      [0.017967773424, 0.0092546135627, 0.96999983336, 0.00084785342912, 0.001929926225],
      [0.18917812714, 0.32190466462, 0.1790427888, 0.1947680282, 0.11510639124],
      [0.11338416281, 0.037855949092, 0.20729016414, 0.16997995819, 0.47148976577]
    ],
    [
      [0.12578585926, 0.20365347369, 0.28411893852, 0.18252286306, 0.20391886547],
      [0.69123697734, 0.11665781245, 0.10319475463, 0.080430869849, 0.008479585727],
      [0.092313431848, 0.788526588, 0.02520971821, 0.078845657888, 0.015104604059],
      [0.027636333419, 0.04080334598, 0.9276002248, 0, 0.0039600957969],
      [0.19488123563, 0.45705461324, 0.099545453491, 0.20734862916, 0.041170068482],
      [0.18447894732, 0.084277718622, 0.18178590093, 0.28721077753, 0.2622466556]
    ],
    [
      [0.044959973905, 0.15443179297, 0.64363529107, 0.088671778197, 0.068301163849],
      [0.41016319795, 0.1449702152, 0.37585535855, 0.064190598635, 0.0048206296592],
      [0.043566643652, 0.81674207328, 0.073984465045, 0.065706818022, 0],
      [0, 0.012715814811, 0.97959048856, 0.0076936966267, 0],
      [0.092045601382, 0.48088943732, 0.29112972929, 0.13434161202, 0.0015936199858],
      [0.085869851195, 0.08305463577, 0.53212525602, 0.1840822848, 0.11486797222]
    ],
    [
      [0.089771954111, 0.22066244973, 0.45059830122, 0.09183421579, 0.14713307915],
      [0.58925350082, 0.15388790977, 0.19948041799, 0.049732324606, 0.0076458468075],
      [0.066322875342, 0.84132852145, 0.040324623938, 0.049331468202, 0.0026925110669],
      [0.012238928692, 0.024694786965, 0.95738954189, 0.0034729866121, 0.0022037558367],
      [0.15017118541, 0.53289299877, 0.1712820494, 0.11274847812, 0.0329052883],
      [0.155904836, 0.10859322566, 0.34267640474, 0.16959956973, 0.22322596388]
    ],
    [
      [0.10896191225, 0.24900339183, 0.51796260847, 0.074129185624, 0.049942901827],
      [0.62399797412, 0.15339845954, 0.19194575895, 0.030657807387, 0],
      [0.072396698358, 0.85649442187, 0.039706294542, 0.031402585234, 0],
      [0.013283497608, 0.027423736752, 0.95785364523, 0.0014391204149, 0],
      [0.18660141684, 0.56371464882, 0.17522159772, 0.074462336614, 0],
      [0.20289438982, 0.13121133048, 0.40234334543, 0.12847670665, 0.13507422762]
    ],
    [
      [0.14764853464, 0.19029464806, 0.44888580716, 0.074833132132, 0.13833787801],
      [0.72933075256, 0.09525479079, 0.14140502976, 0.02893360004, 0.0050758268542],
      [0.11602456218, 0.79654130229, 0.042118804741, 0.042677068463, 0.0026382623312],
      [0.015199345277, 0.019928953433, 0.95555548104, 0.0060368502055, 0.0032793700404],
      [0.24740882145, 0.46295590689, 0.16776323897, 0.091620462322, 0.030251570366],
      [0.24767129927, 0.089465095625, 0.32589823032, 0.13386656983, 0.20309880495]
    ],
    [
      [0.1269549246, 0.15308520908, 0.47930784208, 0.053251056257, 0.18740096799],
      [0.70112554259, 0.089395638331, 0.17725790085, 0.024156653836, 0.0080642643891],
      [0.1243705349, 0.77641052804, 0.056712556277, 0.038009767026, 0.004496613756],
      [0.012998346426, 0.014122477383, 0.96685805631, 0.0011418392861, 0.0048792805983],
      [0.24403434208, 0.42448424184, 0.20872201677, 0.075057022378, 0.047702376931],
      [0.21144375296, 0.07221185153, 0.34900492225, 0.094038881105, 0.27330059216]
    ],
    [
      [0.11763943525, 0.18678432537, 0.39471085184, 0.067445460554, 0.23341992699],
      [0.68691590854, 0.11545639476, 0.15470471129, 0.032361615486, 0.01056136992],
      [0.098952024102, 0.81487666527, 0.040141528185, 0.041254406787, 0.0047753756528],
      [0.015449306736, 0.022372513252, 0.95345124773, 0.0037384728545, 0.0049884594232],
      [0.21108457605, 0.48438512035, 0.16062025093, 0.088749752537, 0.055160300136],
      [0.18979113334, 0.085327154795, 0.27860322566, 0.11557682384, 0.33070166237]
    ],
    [
      [0.12965815089, 0.17623206562, 0.49129714495, 0.061548614365, 0.14126402418],
      [0.6905953189, 0.099705067576, 0.17664662731, 0.027068670134, 0.0059843160845],
      [0.11294889381, 0.79302135437, 0.051955070224, 0.039010533726, 0.0030641478714],
      [0.015721011935, 0.016233291508, 0.96474647982, 0.0015572671153, 0.0017419496233],
      [0.23163909072, 0.4542046632, 0.19965968066, 0.080629774443, 0.033866790978],
      [0.22238319722, 0.08563247697, 0.36903504739, 0.11204412792, 0.2109051505]
    ],
    [
      [0.076461614228, 0.076250978751, 0.41774724764, 0.057007507293, 0.37253265209],
      [0.65556395944, 0.065188859893, 0.22125950942, 0.037200814888, 0.020786856356],
      [0.12958168431, 0.65695818466, 0.10102942676, 0.09958408336, 0.012846620914],
      [0.015537907828, 0, 0.9830302046, 0.0014318875686, 0],
      [0.20929980267, 0.30302835425, 0.25119737814, 0.11475644991, 0.12171801503],
      [0.11265394057, 0.031786923981, 0.26600379969, 0.089784794491, 0.49977054127]
    ],
    [
      [0.10854924472, 0.14332828089, 0.62288970913, 0.032705055704, 0.092527709552],
      [0.6486457581, 0.089410641451, 0.26083918265, 0, 0.0011044178037],
      [0.12221724498, 0.78168733365, 0.077872859268, 0.015826089275, 0.002396472826],
      [0.01594868211, 0.0084376309595, 0.97561368693, 0, 0],
      [0.22033326344, 0.42118074687, 0.28470024559, 0.048659631624, 0.025126112467],
      [0.20250014249, 0.075527618616, 0.50661082268, 0.064659065493, 0.15070235072]
    ],
    [
      [0.1008767368, 0.17041137012, 0.72871189307, 0, 0],
      [0.62306948397, 0.087462771842, 0.28946774419, 0, 0],
      [0.11216996472, 0.80106205697, 0.086767978308, 0, 0],
      [0.0087660967014, 0.0092177572654, 0.98201614603, 0, 0],
      [0.23540667696, 0.4285471293, 0.33604619374, 0, 0],
      [0.28343525028, 0.075922211317, 0.6406425384, 0, 0]
    ],
    [
      [0.12603285092, 0.1498642136, 0.1897656208, 0.1275030497, 0.40683426498],
      [0.76295209154, 0.090015204113, 0.07208330581, 0.05832775945, 0.016621639088],
      [0.11973189397, 0.76300742316, 0.021749440232, 0.086814331792, 0.0086969108463],
      [0.035771594683, 0.047474386769, 0.90644851229, 0.0084355019623, 0.0018700042953],
      [0.2383337425, 0.41115719096, 0.080362436342, 0.17584303089, 0.094303599305],
      [0.16806999299, 0.056057097619, 0.10971311361, 0.1827244351, 0.48343536068]
    ],
    [
      [0.10614120482, 0.13307578618, 0.50988092162, 0.10035157369, 0.1505505137],
      [0.6887562635, 0.076178942737, 0.18513946337, 0.04367049839, 0.006254832011],
      [0.10333020785, 0.76429571679, 0.059523453602, 0.069368275904, 0.003482345855],
      [0.015001377272, 0.0065321016737, 0.96856059696, 0.0061156474566, 0.0037902766427],
      [0.20986470223, 0.38730952953, 0.22026558813, 0.14498440056, 0.037575779537],
      [0.17623206399, 0.060674402477, 0.35953326098, 0.18399164897, 0.21956862358]
    ],
    [
      [0.022539866027, 0.033249946464, 0.2025796883, 0.028456745943, 0.71317375327],
      [0.52541580989, 0.074896346591, 0.27731784116, 0.12237000235, 0],
      [0.084478233597, 0.6906557742, 0.1251963459, 0.099669646306, 0],
      [0.0085652221726, 0, 0.99005865477, 0.0013761230551, 0],
      [0.17326676153, 0.24300197759, 0.21746870085, 0.10472290063, 0.2615396594],
      [0.024795981012, 0.010533664149, 0.096929330703, 0.033671934627, 0.83406908951]
    ],
    [
      [0.14644930248, 0.22853716893, 0.35809425198, 0.088784134064, 0.17813514254],
      [0.71785662939, 0.11967320278, 0.11932775938, 0.036142001273, 0.0070004071724],
      [0.10217662902, 0.81925242103, 0.03041179085, 0.045056155647, 0.0031030034528],
      [0.017694910677, 0.03605550223, 0.93727789995, 0.004818422538, 0.0041532646096],
      [0.22651926309, 0.50937179003, 0.12634413065, 0.10068865765, 0.037076158583],
      [0.23721419495, 0.10500788366, 0.2544057016, 0.1525282305, 0.25084398929]
    ],
    [
      [0.095154105247, 0.20472873226, 0.31060183176, 0.11092858848, 0.27858674225],
      [0.63747928297, 0.14589876227, 0.14060806434, 0.061336058122, 0.014677832299],
      [0.074620011853, 0.82725735043, 0.029555594238, 0.063198799697, 0.0053682437843],
      [0.020889385481, 0.036735299892, 0.93820609829, 0.00066414497836, 0.0035050713574],
      [0.16418679196, 0.50959983589, 0.12194798781, 0.14038806717, 0.063877317159],
      [0.14623743591, 0.089223323758, 0.20918444341, 0.18114093112, 0.3742138658]
    ],
    [
      [0.098972197954, 0.37580183121, 0.33445199648, 0.085116679628, 0.10565729473],
      [0.5834948491, 0.23614575446, 0.13377509098, 0.046584305458, 0],
      [0.04625140523, 0.90459293622, 0.019417817027, 0.029737841519, 0],
      [0.020003605356, 0.049837410137, 0.927474964, 0.0026840205068, 0],
      [0.12788195295, 0.68308950717, 0.09591906076, 0.078532655546, 0.014576823568],
      [0.18516731141, 0.19912848397, 0.27439156141, 0.16920206149, 0.17211058172]
    ],
    [
      [0.091273776409, 0.19328404592, 0.50059052912, 0.0927672863, 0.12208436226],
      [0.59540788089, 0.13240257976, 0.21672016478, 0.049229474123, 0.0062399004458],
      [0.074221140273, 0.81962865629, 0.048928886501, 0.055145023685, 0.0020762932476],
      [0.012907096089, 0.018535964557, 0.96391361172, 0.0046433276313, 0],
      [0.16055644077, 0.4923224628, 0.19870737883, 0.11973665061, 0.028677066982],
      [0.16018871769, 0.0958610096, 0.38344957061, 0.17365153986, 0.18684916224]
    ],
    [
      [0.21028034112, 0.24726528354, 0.29022356843, 0.2522308069, 0],
      [0.82730376736, 0.064913043071, 0.054825162688, 0.052958026883, 0],
      [0.12243724218, 0.75939760834, 0.02007997932, 0.098085170155, 0],
      [0.03170486474, 0.037192693945, 0.92583805051, 0.0052643908079, 0],
      [0.27183272802, 0.40706871765, 0.079103080114, 0.2357494261, 0.0062460481092],
      [0.2922106567, 0.11350346615, 0.16347434432, 0.43081153283, 0]
    ],
    [
      [0.12482515635, 0.24410094945, 0.34278683305, 0.11747591927, 0.17081114188],
      [0.6806441624, 0.13792686467, 0.12311051457, 0.051235431941, 0.0070830264173],
      [0.08113372693, 0.83407100966, 0.026996823246, 0.055095925583, 0.0027025145783],
      [0.020388868884, 0.036270311976, 0.93452522879, 0.004532502519, 0.0042830878268],
      [0.18764465596, 0.53269955322, 0.11661061682, 0.12933571125, 0.033709462738],
      [0.20176534907, 0.11102187707, 0.24164089762, 0.2036402959, 0.24193158034]
    ],
    [
      [0.09337493022, 0.34195549546, 0.24612226727, 0.049451834718, 0.26909547233],
      [0.61601506499, 0.23620891029, 0.10807563854, 0.022325248722, 0.017375137455],
      [0.04772836098, 0.91548789099, 0.015216841131, 0.018340618947, 0.0032262879552],
      [0.029454601773, 0.058357336608, 0.90553064085, 0, 0.0066574207721],
      [0.13010322394, 0.69404785607, 0.077661473616, 0.05038628375, 0.047801162621],
      [0.1579518379, 0.16295034779, 0.18219299354, 0.088888604805, 0.40801621596]
    ],
    [
      [0.13227925475, 0.27375886212, 0.39991452059, 0.056622236717, 0.13742512583],
      [0.67920467475, 0.15062133541, 0.14021646134, 0.024247192277, 0.0057103362234],
      [0.081182956813, 0.86146536829, 0.036667828278, 0.018564120372, 0.0021197262419],
      [0.019450553795, 0.038023710871, 0.94160112782, 0, 0.00092460751451],
      [0.19505759024, 0.58150709681, 0.13479249366, 0.061218499621, 0.027424319672],
      [0.23419201393, 0.13755620939, 0.31084883231, 0.10622623893, 0.21117670544]
    ],
    [
      [0.11655123388, 0.18694030187, 0.50300459748, 0.075885618943, 0.11761824783],
      [0.66201926363, 0.11051367575, 0.18756436511, 0.034749237955, 0.005153457554],
      [0.095861381146, 0.80682856838, 0.04957078341, 0.045360058976, 0.0023792080886],
      [0.013923285068, 0.016341766264, 0.96371052512, 0.0052350728403, 0.00078935070284],
      [0.20385844735, 0.47382367409, 0.19771406504, 0.097338118074, 0.027265695442],
      [0.20375298744, 0.092146017763, 0.3827347981, 0.14149726302, 0.17986893368]
    ],
    [
      [0.083119465619, 0.13847538626, 0.61449267809, 0.049587249388, 0.11432522064],
      [0.59003038446, 0.099562141651, 0.27670521074, 0.027628566016, 0.0060736971285],
      [0.088710489399, 0.79210683856, 0.07764108529, 0.038560801598, 0.0029807851545],
      [0.011323876267, 0.0042329470952, 0.97822319382, 0.0037307478961, 0.0024892349261],
      [0.17594020013, 0.42653931219, 0.28878054107, 0.076898353109, 0.031841593504],
      [0.15368471282, 0.071887013841, 0.49140257402, 0.097684391083, 0.18534130824]
    ],
    [
      [0.200199464, 0.19853333491, 0.45762287004, 0.045745945495, 0.097898385555],
      [0.7978022874, 0.076213431338, 0.10962435368, 0.013613376858, 0.0027465507238],
      [0.14376143558, 0.79203858505, 0.03856812731, 0.023937088211, 0.0016947638518],
      [0.01719243751, 0.022861585469, 0.95390231584, 0.0025692076792, 0.0034744534994],
      [0.3143161983, 0.4572248886, 0.15673590504, 0.052021773271, 0.019701234785],
      [0.34215817648, 0.093700305879, 0.33401202728, 0.082964903047, 0.14716458732]
    ],
    [
      [0.059442216487, 0.16996925219, 0.34600232844, 0.04431637552, 0.38026982736],
      [0.55303337152, 0.16796543567, 0.21731353927, 0.034026428794, 0.027661224749],
      [0.058119960652, 0.86020558169, 0.049067931256, 0.031506120445, 0.0011004059543],
      [0.010518155036, 0.028863152902, 0.96007146069, 0.00054723137442, 0],
      [0.1273194043, 0.52645792431, 0.16873022804, 0.069598984655, 0.10789345869],
      [0.092876004202, 0.075282461405, 0.23705768307, 0.073460449631, 0.52132340169]
    ],
    [
      [0.091461901269, 0.17296906983, 0.56774113189, 0.050534749425, 0.11729314759],
      [0.59814164672, 0.11967908978, 0.24891517752, 0.027189077792, 0.0060750081807],
      [0.083381037909, 0.81790500388, 0.062505314157, 0.033548342852, 0.0026603012057],
      [0.013200702768, 0.014743863357, 0.97074401444, 0.00065220350654, 0.00065921593211],
      [0.17491652576, 0.47807747985, 0.24603539027, 0.070890206846, 0.030080397269],
      [0.16792839049, 0.089887734056, 0.4558352777, 0.098518973525, 0.18782962423]
    ],
    [
      [0.057421965363, 0.1166836109, 0.5464096587, 0.034478437384, 0.24500632765],
      [0.55886347006, 0.10488650665, 0.29774786541, 0.023920632044, 0.014581525837],
      [0.06932031841, 0.81974646052, 0.074133302215, 0.030372414183, 0.0064275046733],
      [0.010008845929, 0, 0.97651804237, 0.0054266476969, 0.0080464640047],
      [0.14648964285, 0.42965411413, 0.28869101744, 0.062571548841, 0.072593676741],
      [0.098040823003, 0.055689637045, 0.39733032823, 0.062437467861, 0.38650174386]
    ],
    [
      [0.10647606659, 0.19397503249, 0.42220375168, 0.073145840238, 0.20419930901],
      [0.65391256547, 0.12586945767, 0.17359143802, 0.036832531281, 0.0097940075568],
      [0.08725032242, 0.82324775304, 0.041804641651, 0.043588408435, 0.004108874459],
      [0.014636423425, 0.021367964163, 0.95559543107, 0.0039519639496, 0.0044482173896],
      [0.1891159384, 0.49756538108, 0.16994943362, 0.095245813758, 0.048123433147],
      [0.17676832172, 0.091169072265, 0.3065591194, 0.12897401275, 0.29652947387]
    ],
    [
      [0.097164088255, 0.20187724254, 0.49459534466, 0.054338241535, 0.152025083],
      [0.61872767567, 0.13555222124, 0.20985555429, 0.028345283464, 0.0075192653296],
      [0.077745178997, 0.84004260809, 0.047564926657, 0.031671192118, 0.0029760941349],
      [0.013438052923, 0.020409408178, 0.96168371018, 0.00048158767989, 0.0039872410363],
      [0.17321112302, 0.52082567885, 0.19906020804, 0.071056909064, 0.03584608103],
      [0.17298835026, 0.10165229137, 0.38459256676, 0.10275769087, 0.23800910073]
    ],
    [
      [0.072541856791, 0.14832040353, 0.55103265186, 0.062835722686, 0.16526936513],
      [0.55274903723, 0.11904294844, 0.27936468004, 0.039106377387, 0.00973695691],
      [0.075244154009, 0.80454080136, 0.068657021418, 0.047382202276, 0.0041758209409],
      [0.0096561172063, 0.0092443014867, 0.97327546227, 0.0038074009057, 0.0040167181313],
      [0.15115559019, 0.44800698231, 0.25919136581, 0.096180172567, 0.045465889121],
      [0.1278136483, 0.073945768786, 0.42393357866, 0.11799431149, 0.25631269277]
    ],
    [
      [0.064380898856, 0.13832125795, 0.65535829677, 0.062055817114, 0.079883729308],
      [0.51067521409, 0.11256021052, 0.33280050102, 0.043964074366, 0],
      [0.068535167396, 0.79960570163, 0.081939185166, 0.047811295818, 0.0021086499845],
      [0.0092457948702, 0.0071493923933, 0.97379092023, 0.0098138925021, 0],
      [0.13727421101, 0.43321351887, 0.30957325021, 0.09718689755, 0.022752122357],
      [0.14009582615, 0.07423025324, 0.54197608954, 0.12744871672, 0.11624911435]
    ],
    [
      [0.12367133493, 0.14222882426, 0.44778930583, 0.040786528536, 0.24552400644],
      [0.71246985625, 0.086099354742, 0.17139949112, 0.019179676649, 0.010851621238],
      [0.12964597947, 0.77640182473, 0.060051564367, 0.020795840481, 0.01310479095],
      [0.015632632013, 0.013103861316, 0.9680651461, 0, 0.0031983605703],
      [0.25116399383, 0.41725289114, 0.20544528337, 0.060676175658, 0.065461656001],
      [0.20004757869, 0.065092670185, 0.31636441133, 0.069841845977, 0.34865349382]
    ],
    [
      [0.097807866913, 0.22352843416, 0.34526171982, 0.059685015765, 0.27371696334],
      [0.64582436933, 0.15557307737, 0.15244215232, 0.032246017938, 0.013914383043],
      [0.07240041865, 0.85965340197, 0.030916590162, 0.032115175942, 0.0049144132803],
      [0.017589759261, 0.033356542933, 0.94333190866, 0.0021206522436, 0.0036011369057],
      [0.16884457818, 0.5584596871, 0.13514668337, 0.075492427418, 0.06205662393],
      [0.15871243202, 0.10259017061, 0.24514833744, 0.10283309969, 0.39071596023]
    ],
    [
      [0.066276206717, 0.1486931214, 0.40177201542, 0.047461033184, 0.33579762328],
      [0.57615938359, 0.13573182554, 0.23867272906, 0.036888277678, 0.012547784131],
      [0.070888989274, 0.8317677356, 0.051789479871, 0.036885005492, 0.0086687897651],
      [0.011565870252, 0.018036355002, 0.96910498611, 0.0012927886398, 0],
      [0.14679312455, 0.47747087813, 0.20127914115, 0.077087692405, 0.097369163763],
      [0.10512637471, 0.066764597922, 0.27879354026, 0.079968510756, 0.46934697635]
    ],
    [
      [0.12662487628, 0.27165275025, 0.45059544981, 0.066946049289, 0.084180874367],
      [0.66292176062, 0.14880654896, 0.15630933253, 0.0319623579, 0],
      [0.076776632299, 0.85949294335, 0.032935727788, 0.030794696564, 0],
      [0.016611522352, 0.030961292138, 0.9501332336, 0.0022939519109, 0],
      [0.18556024278, 0.57694398148, 0.16565926202, 0.071836513724, 0],
      [0.24460662654, 0.16261330583, 0.36112111845, 0.13089224351, 0.10076670567]
    ],
    [
      [0.076680952615, 0.19546684017, 0.48165695151, 0.049333786411, 0.19686146929],
      [0.58140853089, 0.14956332363, 0.22929466108, 0.029241203606, 0.010492280794],
      [0.061906291771, 0.86014508158, 0.045350866845, 0.028935415682, 0.0036623441176],
      [0.0084355010099, 0.016615234833, 0.95975846857, 0.0055592916319, 0.0096315039524],
      [0.1441912725, 0.54201406351, 0.19933340569, 0.06797451916, 0.046486739139],
      [0.13435975377, 0.096017023901, 0.36493531689, 0.092335702741, 0.3123522027]
    ],
    [
      [0.036643007389, 0.1383070583, 0.65285071006, 0.070142172553, 0.10205705171],
      [0.36499873766, 0.14398779368, 0.42660568579, 0.056547977311, 0.0078598055504],
      [0, 0.81347650866, 0.086212962396, 0.082564782639, 0.017745746307],
      [0, 0.01127647038, 0.98414077846, 0.003642101093, 0.00094065006744],
      [0.071038998782, 0.45735064152, 0.32631036384, 0.11512760593, 0.030172389927],
      [0.069686607759, 0.074403063759, 0.54100261241, 0.14354627177, 0.1713614443]
    ],
    [
      [0.32175736792, 0.17485559527, 0.34421667787, 0.040052329587, 0.11911802936],
      [0.88186866075, 0.047852282853, 0.059384188204, 0.0084935623898, 0.0024013058076],
      [0.23006286387, 0.69981890739, 0.031466771026, 0.021704804901, 0.016946652807],
      [0, 0.052563841069, 0.94465582974, 0, 0.0027803291887],
      [0.46346200293, 0.36178254886, 0.11056470732, 0.04182236719, 0.022368373704],
      [0.48442900626, 0.073514443324, 0.22351473362, 0.063278585447, 0.15526323134]
    ],
