{
  "Z_true": {},
  "V_true": [
    [502, 29, 71, 2231, 75],
    [22, 1035, 1202, 253, 49],
    [65, 722, 6829, 421, 239],
    [892, 439, 392, 20210, 528],
    [47, 164, 756, 709, 905]
  ],
  "p_true": [
    [0.1726, 0.01, 0.0244, 0.7672, 0.0258],
    [0.0086, 0.4041, 0.4693, 0.0988, 0.0191],
    [0.0079, 0.0872, 0.8252, 0.0509, 0.0289],
    [0.0397, 0.0195, 0.0175, 0.8998, 0.0235],
    [0.0182, 0.0635, 0.2929, 0.2747, 0.3506]
  ],
  "Z_est": [
    [
      [16.4003, 10.0979, 0.6017, 20.59, 14.2599, 24.3508, 11.6389, 9.7153, 10.4915, 28.0468, 0, 0.381, 1.2682, 26.9468, 7.1946, 25.124, 22.9021, 6.5511, 10.807, 25.4974, 21.7356, 0.7225, 1.0943, 5.5067, 9.331, 0.3556, 9.2819, 11.0717, 25.3847, 15.1062, 7.4161, 21.3747, 8.5232, 2.5115, 40.0562, 4.5127, 24.0264, 2.5596],
      [1.8647, 0.8835, 0.0719, 0.5977, 0.5103, 0.4811, 1.7725, 1.4723, 1.9465, 1.1961, 0, 0.1654, 0.0058, 1.9005, 0.6547, 0.7749, 0.7765, 0.2098, 0.5796, 0.7801, 0.8739, 0.0985, 0.1273, 0.7231, 1.6808, 0.0232, 2.5439, 0.3557, 1.3659, 1.2054, 0.2603, 0.5152, 0.254, 0.0579, 2.0683, 0.1279, 2.2227, 0.3181],
      [4.4859, 2.953, 0.1557, 1.6797, 1.2479, 1.8407, 4.2713, 3.8002, 4.6677, 4.0326, 0, 0.109, 0.0546, 5.2551, 1.3298, 2.019, 2.187, 0.4912, 1.6398, 2.5524, 2.6757, 0.3124, 0.6606, 1.1507, 3.5066, 0.0573, 4.1013, 3.0985, 4.1602, 2.7916, 1.0714, 1.5042, 1.0373, 0.1567, 5.3885, 0.4, 2.8456, 0.4834],
      [86.676, 46.0277, 1.9509, 89.9729, 65.869, 102.7653, 51.8721, 60.3548, 55.2953, 99.5977, 0, 2.257, 3.5688, 129.6443, 40.3685, 114.6402, 90.2626, 31.0973, 48.6675, 116.2363, 104.9923, 3.8089, 3.9631, 18.9355, 54.6704, 2.502, 57.3558, 51.3788, 112.9918, 99.7409, 23.4791, 95.3328, 35.5539, 7.0895, 219.8289, 15.6348, 97.9479, 30.4402],
      [1.5731, 1.038, 0.2197, 1.1597, 1.1128, 1.5621, 0.4453, 0.6573, 0.599, 3.1269, 0, 0.0877, 0.1028, 2.2532, 0.4524, 1.4419, 1.8718, 0.6507, 1.3061, 1.9339, 1.7226, 0.0576, 0.1546, 0.6839, 0.8111, 0.0619, 0.7171, 1.0952, 3.0974, 1.1559, 0.7731, 1.2731, 0.6315, 0.1845, 3.6581, 0.3246, 1.9574, 0.1986]
    ],
    [
      [0.252, 0.0637, 0.0046, 0.1508, 0.157, 0.2376, 0.1611, 0.1, 0.1443, 0.2943, 0.0399, 0.0007, 0.0991, 0.2447, 0.0825, 0.2084, 0.3146, 0.1201, 0.0742, 0.1835, 0.2946, 0, 0.0015, 0.0298, 0.1392, 0.0041, 0.0923, 0.0362, 0.3487, 0.0709, 0.275, 0.4138, 0.0454, 0.2128, 0.4741, 0.2888, 0.4393, 0.0218],
      [76.6496, 29.5314, 0.6741, 21.3209, 23.817, 23.0511, 76.3126, 65.7499, 77.9948, 35.4825, 0.4844, 1.4774, 1.164, 59.3212, 26.0257, 30.3785, 30.5709, 11.1264, 15.4936, 30.3607, 52.0865, 0.6312, 1.7624, 7.5363, 60.8111, 1.2555, 47.5316, 17.4232, 54.5022, 35.9705, 11.0359, 37.0789, 11.3119, 4.0976, 101.6285, 12.3467, 129.7422, 49.952],
      [56.7129, 34.2679, 0.2858, 19.6472, 19.9317, 24.7758, 73.1095, 78.0874, 79.0541, 28.0493, 0.3818, 0.4698, 1.2951, 50.1317, 21.6935, 25.8016, 29.5907, 8.4613, 10.8442, 24.7779, 44.2231, 0.3594, 1.115, 4.7189, 51.458, 1.4927, 44.9799, 24.7121, 47.3878, 25.0662, 8.24, 32.0988, 9.3361, 3.1166, 91.9214, 8.2453, 77.9776, 41.0849],
      [7.585, 2.8676, 0.0257, 3.8278, 3.9944, 4.8539, 6.1727, 7.7327, 6.4134, 2.9151, 0.0849, 0.0455, 0.3673, 6.8953, 4.0163, 5.5339, 5.1676, 2.2014, 1.4672, 4.5702, 7.9306, 0.009, 0.1173, 0.4783, 6.0167, 0.2349, 5.0697, 1.6578, 6.6272, 4.7815, 1.1412, 8.1788, 1.2685, 0.4663, 17.1637, 1.8225, 14.6315, 11.7816],
      [0.8005, 0.2694, 0.0098, 0.0533, 0.0998, 0.0816, 0.2442, 0.33, 0.3934, 0.2588, 0.009, 0.0066, 0.0743, 0.407, 0.1821, 0.0775, 0.3562, 0.0907, 0.1208, 0.1078, 0.4652, 0.0003, 0.0041, 0.2368, 0.5749, 0.0128, 0.3265, 0.1707, 1.134, 0.111, 0.3081, 0.2297, 0.0382, 0.1067, 0.8123, 0.2967, 1.2093, 0.1597]
    ],
    [
      [3.2341, 1.3823, 0.0862, 1.6889, 1.6365, 2.6429, 2.1379, 1.234, 1.7695, 5.2106, 0.162, 0.0415, 0.8828, 3.4285, 0.9957, 2.4565, 2.4672, 0.8868, 1.6686, 3.147, 3.7267, 0.2172, 0.0451, 0.4043, 1.5166, 0.0315, 0.4835, 2.6315, 4.3984, 1.6319, 2.161, 3.4235, 1.4497, 2.2219, 4.861, 1.4076, 5.0069, 0.3531],
      [53.1719, 15.994, 0.8932, 13.5639, 17.3842, 14.7166, 45.7882, 28.9291, 42.1129, 29.9571, 0.4307, 3.0941, 0.7, 40.628, 16.6494, 21.5252, 16.9824, 6.7359, 13.0164, 25.3261, 41.6388, 2.8432, 0.954, 6.4826, 32.5939, 0.495, 17.1454, 13.2973, 37.1575, 32.0092, 7.8484, 24.8127, 12.7157, 4.1581, 61.0347, 8.4483, 87.2246, 27.9345],
      [363.7826, 169.1659, 5.5176, 119.1144, 133.7102, 156.578, 283.2569, 247.7784, 275.3424, 380.5052, 8.768, 6.0433, 16.5102, 333.5411, 103.0707, 171.7587, 158.3408, 54.2338, 141.358, 220.7236, 345.7601, 32.8283, 6.4931, 32.065, 205.3365, 5.6929, 106.0074, 287.3518, 359.5539, 203.6424, 115.0307, 218.7654, 114.3418, 75.4469, 525.8151, 81.3033, 425.7849, 170.9116],
      [9.275, 2.9269, 0.0587, 4.2168, 5.7604, 6.8645, 3.5738, 3.8196, 3.3122, 11.8849, 0.9776, 0.1086, 1.1535, 9.1107, 3.4812, 7.3632, 4.771, 2.4826, 4.9715, 9.5682, 15.5726, 1.2885, 0.043, 0.4566, 3.3913, 0.1723, 0.8973, 9.5245, 11.902, 8.5779, 3.7978, 11.9573, 5.0886, 5.756, 19.4823, 3.4908, 11.0829, 7.5391],
      [27.5364, 10.5309, 1.4447, 7.4161, 12.5087, 15.198, 10.2432, 11.2388, 12.463, 43.4423, 1.6616, 0.7126, 4.7538, 19.2917, 4.8031, 11.8963, 12.4385, 6.6609, 13.9855, 18.2351, 23.3017, 1.8228, 0.4647, 2.5914, 12.1617, 0.6083, 3.4665, 18.1948, 33.9882, 10.1385, 14.162, 15.0411, 9.4041, 16.4169, 35.8069, 7.35, 37.9007, 10.2618]
    ],
    [
      [24.1601, 19.2958, 0.9427, 30.4261, 23.6095, 36.3831, 25.0021, 18.5315, 18.5899, 47.2656, 1.3356, 0.4591, 2.164, 36.9478, 11.4252, 37.7206, 34.7092, 9.8129, 15.9938, 37.6743, 35.998, 1.8703, 2.5518, 6.434, 13.6896, 0.5535, 12.2985, 20.6877, 37.6197, 19.5988, 12.2437, 35.378, 15.3336, 5.9559, 60.8695, 8.6539, 61.4436, 5.1556],
      [7.9309, 3.5516, 0.1654, 3.1461, 4.1609, 2.5133, 9.4731, 7.1589, 7.8418, 4.8554, 0.0344, 0.8281, 0.0168, 7.4114, 3.1456, 4.4597, 3.7473, 1.1062, 2.1495, 3.9206, 6.4927, 0.3249, 0.9387, 1.8592, 5.6313, 0.1993, 7.3671, 1.4986, 5.8569, 5.5466, 0.8598, 3.7175, 1.842, 0.2361, 13.0644, 0.9328, 19.6672, 8.9014],
      [8.5269, 7.6342, 0.0992, 3.6119, 4.9103, 4.0126, 11.2551, 10.8443, 8.6772, 14.3082, 0.2112, 0.0809, 0.0546, 10.1891, 2.6196, 4.6955, 4.488, 0.8965, 4.302, 5.7354, 11.0817, 3.9271, 1.1847, 0.8556, 4.412, 0.3247, 4.1437, 12.8131, 9.7821, 5.5178, 2.7714, 4.9973, 4.5619, 0.7893, 17.3255, 1.638, 11.1164, 8.1923],
      [737.4351, 396.1376, 20.9146, 681.9029, 645.6333, 790.5575, 490.281, 554.7861, 442.3911, 1037.7076, 30.6076, 16.2188, 34.0795, 989.9016, 314.491, 909.2526, 711.7675, 252.7411, 432.5464, 931.2483, 1123.6378, 52.4775, 44.9522, 101.3019, 392.7462, 26.9141, 334.4897, 542.806, 965.7339, 735.4605, 228.5458, 955.53, 375.3888, 120.3882, 2050.8819, 202.0242, 1283.5732, 617.8488],
      [27.947, 18.3808, 3.8777, 17.913, 22.686, 25.5335, 11.9887, 17.6792, 13.5, 59.8632, 1.8114, 1.4132, 1.6848, 29.5502, 6.3187, 23.8715, 26.288, 10.4434, 20.0083, 30.4213, 32.7898, 2.4002, 3.3725, 6.5493, 11.5209, 2.0084, 7.701, 21.1946, 43.0073, 16.8762, 11.5792, 24.3772, 12.8737, 6.6307, 64.8587, 6.7511, 58.1995, 17.902]
    ],
    [
      [7.9536, 3.1603, 0.3648, 5.1442, 3.337, 6.3856, 5.0601, 3.4191, 4.0048, 11.1827, 0.4625, 0.1177, 1.5859, 9.4321, 2.3021, 6.4904, 6.6069, 2.6291, 4.4563, 8.4978, 8.2451, 0.1899, 0.3073, 0.6253, 4.3236, 0.0553, 1.8438, 4.5729, 9.2485, 4.5922, 3.9042, 9.41, 2.6481, 3.098, 13.7392, 3.137, 13.0837, 0.91],
      [7.3828, 2.0396, 0.1954, 1.3714, 1.1276, 1.2378, 5.6536, 3.6898, 5.1039, 3.5089, 0.0506, 0.435, 0.1135, 5.739, 1.5246, 1.8617, 1.9228, 0.8217, 1.761, 2.6126, 3.9082, 0.1021, 0.2176, 0.3987, 5.2828, 0.027, 2.412, 1.4251, 4.1174, 3.2682, 0.9956, 2.8758, 0.8764, 0.4503, 7.2041, 1.1443, 10.1432, 1.894],
      [68.4917, 29.979, 1.9417, 23.9468, 16.1999, 24.7928, 46.1073, 39.4897, 41.2586, 71.1048, 1.6391, 1.2971, 3.0855, 78.8829, 15.2864, 29.7251, 29.3935, 10.9172, 31.856, 44.2107, 58.2593, 2.5729, 2.5466, 3.2097, 41.2869, 0.4324, 20.7677, 47.0245, 59.116, 41.982, 20.8866, 46.6343, 15.7229, 11.4905, 104.5495, 16.4133, 71.2755, 17.3277],
      [29.0289, 7.0402, 1.0501, 18.0796, 10.7428, 19.9588, 12.1005, 10.3067, 9.588, 27.8947, 2.3298, 0.3702, 3.8309, 33.4481, 7.643, 23.21, 19.0313, 10.4776, 16.3474, 31.377, 32.8666, 0.4161, 0.9243, 0.8277, 15.1753, 0.1767, 5.1875, 12.6328, 25.7451, 23.4392, 7.0361, 42.0011, 7.7002, 6.3, 62.6431, 11.0277, 35.7645, 10.3903],
      [30.143, 9.7809, 2.4481, 10.4579, 9.5926, 13.6249, 10.0785, 11.0947, 11.0446, 37.3089, 1.518, 0.78, 3.3843, 26.4978, 5.2438, 13.7128, 17.0455, 8.1543, 16.5793, 21.3019, 25.7207, 0.7191, 1.0041, 1.9386, 13.9314, 0.3086, 4.789, 15.3447, 33.773, 13.7184, 11.1775, 22.0789, 7.0525, 8.6612, 47.864, 8.2776, 40.7331, 7.478]
    ]
  ],
  "V_est": [
    [483.4358, 31.466, 80.1745, 2272.7712, 40.1525],
    [6.1214, 1273.691, 1104.9031, 166.1151, 10.17],
    [73.1309, 826.3933, 6661.231, 215.7017, 499.5433],
    [788.7846, 162.5534, 212.5872, 20575.302, 721.772],
    [176.5273, 94.8963, 1191.1042, 594.11, 524.3622]
  ],
  "p_est": [
    [0.1662, 0.0108, 0.0276, 0.7816, 0.0138],
    [0.0024, 0.4973, 0.4314, 0.0649, 0.004],
    [0.0088, 0.0999, 0.8049, 0.0261, 0.0604],
    [0.0351, 0.0072, 0.0095, 0.916, 0.0321],
    [0.0684, 0.0368, 0.4615, 0.2302, 0.2032]
  ],
  "EI_Z": {},
  "EI_V": 4.612,
  "MAE_Z": {},
  "MAE_V": 143.1101,
  "MAE_p": 0.032,
  "runtime": 130.475
}
