{
  "X": [
    [6, 20, 56, 192, 27],
    [0, 2, 9, 13, 0],
    [1, 0, 4, 6, 2],
    [53, 59, 209, 759, 145],
    [57, 81, 232, 702, 100],
    [2, 0, 2, 8, 0],
    [13, 35, 34, 228, 44],
    [13, 66, 20, 180, 18],
    [23, 36, 75, 434, 76],
    [23, 50, 55, 414, 85],
    [3, 1, 1, 7, 5],
    [3, 17, 9, 41, 12],
    [2, 10, 13, 64, 17],
    [1, 10, 7, 43, 6],
    [0, 4, 3, 19, 3],
    [2, 7, 3, 7, 4],
    [1, 10, 7, 39, 5],
    [2, 10, 9, 38, 6],
    [4, 16, 13, 42, 11],
    [15, 13, 27, 202, 19],
    [15, 16, 69, 245, 29],
    [18, 33, 23, 319, 46],
    [27, 17, 70, 403, 61],
    [8, 20, 19, 152, 32],
    [18, 14, 47, 237, 61],
    [1, 2, 9, 22, 0],
    [29, 12, 126, 186, 45],
    [65, 46, 259, 763, 126],
    [2, 1, 2, 5, 1],
    [45, 55, 130, 695, 123],
    [33, 45, 81, 499, 60],
    [13, 22, 40, 339, 38],
    [8, 14, 77, 205, 27],
    [9, 5, 11, 21, 4],
    [13, 74, 99, 406, 91],
    [0, 6, 4, 13, 6],
    [3, 7, 5, 18, 4],
    [42, 25, 195, 510, 73],
    [13, 15, 60, 178, 14],
    [20, 16, 101, 418, 33],
    [44, 23, 141, 406, 73],
    [37, 12, 104, 390, 37],
    [52, 27, 260, 610, 96],
    [28, 24, 141, 326, 44],
    [37, 19, 167, 532, 75],
    [17, 9, 108, 82, 15],
    [9, 28, 23, 133, 30],
    [7, 40, 70, 240, 54],
    [2, 8, 10, 51, 6],
    [0, 3, 3, 21, 0],
    [16, 75, 36, 249, 34],
    [1, 14, 24, 36, 10],
    [0, 5, 7, 14, 0],
    [0, 3, 3, 7, 2],
    [25, 41, 58, 449, 62],
    [34, 42, 102, 620, 82],
    [11, 10, 45, 272, 40],
    [21, 45, 80, 394, 78],
    [16, 18, 53, 197, 39],
    [56, 75, 177, 633, 121],
    [26, 44, 127, 385, 59],
    [18, 30, 102, 405, 62],
    [20, 30, 56, 281, 38],
    [32, 49, 125, 689, 96],
    [10, 16, 21, 166, 18],
    [18, 19, 63, 355, 51],
    [10, 16, 46, 222, 29],
    [0, 2, 27, 28, 5],
    [2, 4, 13, 12, 6],
    [32, 54, 287, 533, 112],
    [8, 9, 79, 223, 39],
    [14, 13, 49, 102, 29],
    [6, 6, 54, 48, 20],
    [7, 25, 143, 410, 54],
    [50, 84, 347, 867, 127],
    [7, 12, 34, 134, 25],
    [55, 167, 244, 712, 161],
    [4, 30, 30, 92, 19]
  ],
  "W": [
    [13, 18, 166, 47, 7, 15, 35],
    [0, 1, 13, 9, 0, 0, 1],
    [3, 0, 4, 3, 0, 0, 3],
    [60, 80, 661, 174, 72, 83, 95],
    [51, 76, 581, 220, 64, 93, 87],
    [1, 0, 8, 1, 0, 2, 0],
    [8, 39, 208, 33, 22, 17, 27],
    [0, 69, 154, 17, 19, 13, 25],
    [15, 34, 392, 66, 41, 30, 66],
    [18, 54, 382, 54, 32, 33, 54],
    [0, 6, 5, 2, 1, 1, 2],
    [6, 19, 33, 7, 3, 5, 9],
    [10, 12, 51, 14, 5, 4, 10],
    [3, 14, 35, 2, 3, 2, 8],
    [1, 2, 19, 3, 0, 0, 4],
    [0, 4, 7, 6, 0, 3, 3],
    [4, 9, 38, 4, 2, 1, 4],
    [4, 8, 34, 7, 1, 2, 9],
    [4, 17, 36, 14, 0, 4, 11],
    [6, 9, 196, 22, 11, 14, 18],
    [11, 13, 222, 57, 25, 20, 26],
    [11, 30, 292, 18, 17, 28, 43],
    [7, 17, 385, 70, 34, 25, 40],
    [4, 16, 144, 18, 18, 11, 20],
    [10, 21, 211, 49, 25, 30, 31],
    [0, 6, 19, 7, 1, 1, 0],
    [24, 17, 146, 104, 29, 50, 28],
    [68, 48, 703, 214, 62, 105, 59],
    [0, 0, 4, 3, 0, 3, 1],
    [34, 39, 649, 109, 75, 49, 93],
    [21, 40, 467, 69, 42, 37, 42],
    [7, 15, 309, 38, 28, 20, 35],
    [22, 14, 157, 66, 30, 22, 20],
    [1, 1, 19, 10, 4, 9, 6],
    [39, 87, 329, 90, 52, 35, 51],
    [0, 6, 12, 5, 1, 0, 5],
    [2, 4, 16, 3, 1, 5, 6],
    [29, 18, 456, 161, 65, 69, 47],
    [9, 11, 168, 48, 8, 20, 16],
    [9, 17, 372, 88, 31, 33, 38],
    [19, 21, 342, 117, 79, 55, 54],
    [6, 9, 347, 98, 31, 43, 46],
    [41, 24, 534, 230, 73, 73, 70],
    [15, 15, 309, 116, 37, 41, 30],
    [14, 18, 468, 157, 63, 61, 49],
    [10, 8, 58, 89, 27, 25, 14],
    [16, 25, 117, 19, 15, 11, 20],
    [12, 33, 241, 55, 23, 13, 34],
    [2, 9, 44, 7, 10, 0, 5],
    [1, 0, 18, 2, 2, 2, 2],
    [9, 82, 225, 34, 23, 15, 22],
    [7, 13, 34, 17, 7, 5, 2],
    [1, 6, 12, 6, 1, 0, 0],
    [0, 3, 7, 3, 0, 1, 1],
    [11, 39, 405, 49, 39, 22, 70],
    [20, 50, 570, 94, 55, 41, 50],
    [7, 16, 258, 38, 22, 9, 28],
    [18, 44, 368, 75, 31, 27, 55],
    [1, 20, 181, 51, 20, 24, 26],
    [47, 80, 565, 160, 68, 74, 68],
    [32, 51, 325, 105, 43, 47, 38],
    [12, 29, 347, 97, 49, 28, 55],
    [7, 26, 262, 48, 29, 23, 30],
    [15, 50, 652, 111, 56, 33, 74],
    [3, 10, 160, 21, 11, 12, 14],
    [16, 22, 326, 59, 22, 24, 37],
    [6, 12, 197, 44, 22, 9, 33],
    [4, 7, 22, 25, 3, 1, 0],
    [5, 2, 10, 9, 2, 6, 3],
    [70, 60, 438, 266, 75, 60, 49],
    [25, 8, 192, 66, 13, 32, 22],
    [8, 16, 85, 45, 14, 13, 26],
    [7, 5, 46, 43, 17, 9, 7],
    [9, 18, 397, 134, 31, 14, 36],
    [70, 90, 746, 290, 81, 90, 108],
    [10, 9, 128, 32, 12, 6, 15],
    [60, 162, 623, 220, 70, 74, 130],
    [7, 33, 87, 29, 4, 4, 11]
  ],
  "method": "mult",
  "cond_prob": [
    [
      [3.9178700454e-07, 0.0025786581437, 0.38366593936, 0.22615779396, 0.38759721675],
      [2.984851117e-05, 0.82899657756, 1.4053228978e-05, 0.049772068585, 0.12118745211],
      [0, 0.001175236282, 0.0095034401533, 0.9556482138, 0.033673109768],
      [0, 2.5217622732e-05, 0.96840847935, 0.025672425604, 0.0058938774212],
      [0.030079400327, 0.0027505517212, 0.086955392342, 0.65394589532, 0.22626876029],
      [0.32778947302, 0.011102201832, 0.19019226467, 0.41744139951, 0.053474660972],
      [0.024915992459, 0.13321364878, 0.01307852911, 0.49944576258, 0.32934606707]
    ],
    [
      [0, 0.0083780358811, 0.62917743043, 0.36244453369, 0],
      [6.4184768611e-17, 0.99427211905, 1.6181635218e-06, 0.0057262627854, 0],
      [0, 0.048506423055, 0.016134843515, 0.93535873343, 0],
      [0, 4.7088622896e-05, 0.97656330609, 0.023389605285, 0],
      [0, 0.0072830260567, 0.11319233814, 0.8795246358, 0],
      [0, 0.035696003966, 0.30073808346, 0.66356591257, 0],
      [0, 0.37472058362, 0.0011756613185, 0.62410375506, 0]
    ],
    [
      [3.0426879345e-06, 0, 0.35792223756, 0.24451843707, 0.39755628269],
      [0.0014620301834, 0, 8.0657786943e-05, 0.30015267506, 0.69830463696],
      [0.0092135688668, 0, 0, 0.99061617511, 0.00017025602619],
      [0.00015613279498, 0, 0.97469894502, 0.020792977383, 0.0043519448012],
      [0.23555734374, 0, 0.062487878406, 0.53484075829, 0.16711401957],
      [1, 0, 0, 0, 0],
      [0.32088939936, 0, 0.00071215075716, 0.41386701874, 0.26453143114]
    ],
    [
      [6.4124147503e-07, 0.0017056267982, 0.33106160873, 0.20011397928, 0.46711814395],
      [6.7612490392e-05, 0.73454610534, 1.6864866332e-05, 0.061852617631, 0.20351679967],
      [0.0080407889975, 0, 0.0012337045361, 0.93620596402, 0.054519542444],
      [4.5096438204e-05, 0, 0.96508411472, 0.026509711411, 0.0083610774264],
      [0.050159951568, 0.0018607495115, 0.077031244322, 0.59086240682, 0.28008564778],
      [0.4609597377, 0, 0.14635942625, 0.33484817085, 0.057832665193],
      [0.061058626068, 0, 0.028429027962, 0.50805924586, 0.40245310011]
    ],
    [
      [7.4915533268e-07, 0.0028453086917, 0.35012642084, 0.23773899157, 0.40928852974],
      [5.3430947643e-05, 0.83033259182, 1.2068032175e-05, 0.049011245782, 0.12059066342],
      [0.0072144906402, 0.0051360547174, 0, 0.9495533867, 0.038096067938],
      [4.9749484714e-05, 0.0092057720566, 0.89414681594, 0.0896824524, 0.0069152101146],
      [0.053732282157, 0.0028463182025, 0.074718310613, 0.64370511914, 0.22499796989],
      [0.47024285458, 0.0095144686225, 0.13524238136, 0.34074745248, 0.044252842957],
      [0.064619374231, 0.13417568607, 0.00081405187504, 0.48095584876, 0.31943503906]
    ],
    [
      [1.8408156174e-06, 0, 0.72736247734, 0.27263568185, 0],
      [0.0023745075926, 0, 0.00035685447003, 0.99726863794, 0],
      [0.057509557596, 0, 0.013288084041, 0.92920235836, 0],
      [3.0841027553e-05, 0, 0.99155683584, 0.0084123231309, 0],
      [0.13353231898, 0, 0.12312398493, 0.74334369609, 0],
      [0.76994542869, 0, 0.087388007249, 0.14266656406, 0],
      [0.22918742865, 0, 0.00180324957, 0.76900932178, 0]
    ],
    [
      [6.7714622795e-07, 0.002265010233, 0.28807936065, 0.19713993408, 0.5125150179],
      [5.6172392976e-05, 0.77802575237, 0, 0.047248731383, 0.17466934385],
      [0.0090067390132, 0.0048193277816, 0, 0.92447431521, 0.061699617996],
      [5.3738738751e-05, 0.013463984864, 0.85209343826, 0.092906374463, 0.041482463672],
      [0.052548578924, 0.0024435338371, 0.065918239696, 0.57629669297, 0.30279295457],
      [0.48974340834, 0.0084755680909, 0.12396914134, 0.31626577431, 0.061546107917],
      [0.060774892161, 0.11090005536, 0.00068907318557, 0.41365061756, 0.41398536174]
    ],
    [
      [1.1038395629e-06, 0.0033304207843, 0.43127435098, 0.26444004696, 0.30095407743],
      [7.0454904367e-05, 0.87232031523, 1.3092147739e-05, 0.048754211032, 0.078841926688],
      [0.01340797635, 0.011702509877, 0.0013894539978, 0.95090192524, 0.022598134537],
      [5.8157764495e-05, 2.8435185127e-05, 0.96971353255, 0.026204089007, 0.0039957854901],
      [0.075320689827, 0.003155704461, 0.086106802487, 0.67933671768, 0.15608008555],
      [0.55085556965, 0.0085121530779, 0.126143352, 0.28983139773, 0.024657527532],
      [0.093484242381, 0.15346447821, 0.00096391397866, 0.5230555053, 0.22903186013]
    ],
    [
      [6.4152350597e-07, 0.0022358549646, 0.32383989289, 0.19886297643, 0.4750606342],
      [5.4446944854e-05, 0.78489452167, 1.3241468306e-05, 0.048779065959, 0.16625872396],
      [0.0078326650349, 0.0037395756837, 0, 0.92958963533, 0.058838123956],
      [4.586110424e-05, 2.5901313533e-05, 0.95044528283, 0.040865636503, 0.0086173182441],
      [0.050257594529, 0.0024398230545, 0.075206267788, 0.58753965551, 0.28455665912],
      [0.46503376053, 0.0085354882881, 0.1425369098, 0.32540079632, 0.058493045064],
      [0.059289900952, 0.112974665, 0.00080300691617, 0.43047194377, 0.39646048336]
    ],
    [
      [6.2011616744e-07, 0.0021712804124, 0.2682500163, 0.19177232065, 0.53780576252],
      [5.3005184152e-05, 0.76303800621, 0, 0.047374329839, 0.18953465876],
      [0.0076528729659, 0.0047344634738, 0, 0.92030347276, 0.067309190797],
      [5.3047238386e-05, 0.015706411001, 0.81617530832, 0.10686702987, 0.061198203567],
      [0.048486834135, 0.002364801173, 0.062141372584, 0.5655233183, 0.32148367381],
      [0.47027505352, 0.0086718803211, 0.12347617063, 0.32831334291, 0.069263552622],
      [0.055559427329, 0.10626495718, 0.00064436117463, 0.40244540198, 0.43508585233]
    ],
    [
      [1.8096278385e-06, 0.00028751414713, 0.11397255033, 0.1322457334, 0.7534923925],
      [0.084172848664, 0.16142937497, 0, 0.2593774052, 0.49502037117],
      [0.03174749358, 0.00077111824143, 0, 0.87481209885, 0.092669289324],
      [0.46454121722, 6.1631201427e-06, 0.48294282888, 0.032071991713, 0.020437799069],
      [0.15289339496, 0.0003130637952, 0.023126488373, 0.41416760045, 0.40949945241],
      [0.92011267123, 0.00025593923039, 0.01055323831, 0.051275789955, 0.01780236128],
      [0.16706846975, 0.013493414866, 0.00021730777906, 0.27004385034, 0.54917695727]
    ],
    [
      [6.0789654075e-07, 0.0024513699161, 0.32087004561, 0.20725186, 0.46942611657],
      [0, 0.80713024876, 0, 0.046199033485, 0.14667071775],
      [0, 0.0049431730507, 0, 0.93963355356, 0.05542327339],
      [4.1366792412e-05, 0.041364725177, 0.88538165353, 0.065362089462, 0.0078501650379],
      [0.047385585184, 0.0026253988448, 0.071390588734, 0.60634263855, 0.27225578869],
      [0.47968697666, 0.0089495444813, 0.13258727708, 0.3250822276, 0.053693974171],
      [0.051012794024, 0.12716837201, 0, 0.44098069516, 0.38083813881]
    ],
    [
      [0, 0.0021104601448, 0.245589588, 0.21774807517, 0.53455187669],
      [0, 0.74349434076, 9.7158304268e-06, 0.052327242343, 0.20416870106],
      [0, 0, 0, 0.93976679767, 0.060233202333],
      [0, 0, 0.69897003251, 0.28907062158, 0.01195934591],
      [0.031353478781, 0.0021815489139, 0.053410399459, 0.61293601095, 0.3001185619],
      [0.39210506886, 0.0091330462654, 0.12142932409, 0.40441173283, 0.072920827946],
      [0.027481233065, 0.10095233797, 0.00056377811306, 0.45371699711, 0.41728565374]
    ],
    [
      [2.8053000737e-07, 0.0015189660605, 0.58477755254, 0.17384868455, 0.23985451632],
      [0, 0.64782149886, 0.098170075085, 0.1344620447, 0.11954638136],
      [0, 0, 0.02260678277, 0.95789664251, 0.019496574716],
      [9.2302762401e-06, 8.0977360651e-06, 0.98734395642, 0.010720618585, 0.0019180969876],
      [0.027865205239, 0.0020478690161, 0.1554507934, 0.64034750104, 0.17428863131],
      [0.31916911644, 0.0070239727756, 0.29404817704, 0.34535824172, 0.034400492028],
      [0.034755856158, 0.11321679621, 0.0063640308918, 0.55455032611, 0.29111299063]
    ],
    [
      [2.2822269841e-32, 0.0042776545559, 0.33925116287, 0.19257957126, 0.46389161132],
      [0, 0.92271516629, 4.9604856896e-06, 0.018651620119, 0.058628253105],
      [6.4518653137e-33, 0.052463861229, 0, 0.8983831339, 0.049153004876],
      [1.8281710617e-48, 0.0878206022, 0.88691297205, 0.019666984929, 0.0055994408167],
      [0, 0.0050820424055, 0.07890676216, 0.63148952707, 0.28452166836],
      [0, 0.031269832927, 0.26756926914, 0.60510277793, 0.096058120003],
      [0, 0.22250421073, 0, 0.41045917243, 0.36703661684]
    ],
    [
      [6.3548003972e-07, 0.0035505373273, 0.13276624172, 0.12268520269, 0.74099738278],
      [0, 0.86041296219, 2.8335725971e-06, 0.016268929294, 0.12331527494],
      [0, 0.014119248056, 0, 0.76685344389, 0.21902730805],
      [0, 0.4709219666, 0.47089563112, 0.034758662069, 0.023423740214],
      [0.059126081649, 0.0044635961743, 0.034107105622, 0.43634244596, 0.4659607706],
      [0.6119336737, 0.04518207127, 0.057924143948, 0.20780171489, 0.077158396194],
      [0.054732992971, 0.16614513381, 0.00028081572514, 0.24499768616, 0.53384337133]
    ],
    [
      [5.9448479591e-07, 0.0030804296706, 0.46057947686, 0.20345219398, 0.332887305],
      [3.7675885145e-05, 0.87913090425, 1.3256173952e-05, 0.037129593104, 0.083688570587],
      [0.0026798124439, 0.036442258906, 0.022903507689, 0.90413893532, 0.03383548564],
      [2.6955854073e-05, 2.2628168324e-05, 0.97904231636, 0.017289666668, 0.003618432946],
      [0.050955774064, 0.0035185049458, 0.10693768841, 0.63486848617, 0.2037195464],
      [0.54779102201, 0.0091702604576, 0.15257494737, 0.2601157053, 0.030348064865],
      [0.062003818168, 0.16859913041, 0.0011524762938, 0.47393349989, 0.29431107524]
    ],
    [
      [8.08013674e-07, 0.0034257937771, 0.40980331434, 0.22449862711, 0.36227145676],
      [4.5991004905e-05, 0.88079241671, 1.0833729048e-05, 0.036790152751, 0.082360605802],
      [0.0044133019403, 0.041267697307, 0.0057278570543, 0.9190836125, 0.029507531198],
      [4.2904459131e-05, 2.9469550925e-05, 0.97293289075, 0.022337033577, 0.0046577016644],
      [0.062300118264, 0.0035822727952, 0.088646171915, 0.64163001487, 0.20384142216],
      [0.56049447312, 0.0095742848909, 0.12915653976, 0.26948863838, 0.031286063852],
      [0.073998575359, 0.1682131837, 0.00094038292034, 0.4690972131, 0.28775064492]
    ],
    [
      [9.6754480075e-07, 0.0025803116146, 0.29706563973, 0.21135429783, 0.48899878328],
      [7.1123567926e-05, 0.81053190453, 0, 0.044747608351, 0.14464936355],
      [0.012158080295, 0.0050775561397, 0, 0.92986372696, 0.052900636603],
      [0.016785396859, 0.048206569841, 0.8160777189, 0.089558603767, 0.029371710634],
      [0.072263004486, 0.0026408545446, 0.063812777813, 0.59073012823, 0.27055323493],
      [0.60111130631, 0.0072216382239, 0.094833914035, 0.25411235012, 0.042720791318],
      [0.083786850664, 0.12036962044, 0.00066488366861, 0.42259176753, 0.3725868777]
    ],
    [
      [1.130854008e-06, 0.0032689583418, 0.38816983027, 0.2241438807, 0.38441619983],
      [6.8362885026e-05, 0.86570337637, 1.1208262604e-05, 0.039145202448, 0.095071850033],
      [0.021101781316, 0.01147852555, 0.0038701852476, 0.92495345614, 0.038596051748],
      [6.6706405295e-05, 3.124238511e-05, 0.96934411556, 0.024871064136, 0.0056868715137],
      [0.082741373856, 0.0033213481462, 0.083375762201, 0.61722246973, 0.21333904607],
      [0.58573513728, 0.0086750871836, 0.11812043387, 0.25492467264, 0.032544669028],
      [0.09730634643, 0.154477304, 0.00088521304238, 0.45035536087, 0.29697577565]
    ],
    [
      [7.653432795e-07, 0.0027404641332, 0.39318753662, 0.21930556946, 0.38476566444],
      [5.4917617605e-05, 0.84107153978, 1.3580091533e-05, 0.045467312705, 0.11339264981],
      [0.0087785831163, 0.0053451754882, 0.01872896295, 0.92977161375, 0.037375664696],
      [4.5232507901e-05, 2.6243521838e-05, 0.96980801551, 0.024384545562, 0.0057359629016],
      [0.058152858798, 0.0028961333917, 0.088367767914, 0.62793894979, 0.22264429011],
      [0.48819469261, 0.0090856391892, 0.1501760736, 0.3116296236, 0.040913970995],
      [0.070389947125, 0.1382186123, 0.00096762412662, 0.47178000403, 0.31864381242]
    ],
    [
      [6.7371565079e-07, 0.0026961570253, 0.31067840514, 0.21956334616, 0.46706141796],
      [4.8959220523e-05, 0.8141689059, 0, 0.046118689388, 0.13966344549],
      [0.0054499966561, 0.0052153792529, 0, 0.93880226934, 0.050532354746],
      [4.9251720913e-05, 3.193964625e-05, 0.96107938009, 0.030202820829, 0.0086366077102],
      [0.05001865459, 0.002786746697, 0.067898571082, 0.61465475137, 0.26464127626],
      [0.46567129311, 0.051284940977, 0.04031546405, 0.38830536688, 0.054422934987],
      [0.058537788905, 0.12880131161, 0, 0.4466429777, 0.36601792179]
    ],
    [
      [9.0571517936e-07, 0.0018797191722, 0.29709869811, 0.19269112691, 0.50832955009],
      [8.5719443262e-05, 0.74911598932, 1.3546535483e-05, 0.052705705793, 0.19807903891],
      [0.012526621896, 0.00077357600387, 0, 0.92112363811, 0.065576163994],
      [0.035540683174, 2.366446326e-05, 0.89713742066, 0.057299919942, 0.0099983117571],
      [0.069902217296, 0.0020197610518, 0.067937786991, 0.56061007786, 0.2995301568],
      [0.56118287334, 0.0061068117574, 0.11126841114, 0.26829381767, 0.053148086091],
      [0.082042298898, 0.093276117594, 0.00072160848876, 0.40858704893, 0.41537292609]
    ],
    [
      [5.8248138591e-07, 0.002740751683, 0.2751253115, 0.17992013778, 0.54221321655],
      [4.0413872779e-05, 0.80999758367, 9.093018513e-06, 0.036055489716, 0.15389741972],
      [0.0063881580885, 0.014917744297, 0, 0.89778712223, 0.080906975384],
      [4.7814683026e-05, 0.11119510845, 0.84982027236, 0.027775229125, 0.011161575377],
      [0.047340037213, 0.0030905510984, 0.065449223243, 0.55016514282, 0.33395504562],
      [0.47105143593, 0.011265925805, 0.12950021316, 0.31707074208, 0.071111683029],
      [0.052245457699, 0.13499267101, 0, 0.37656905772, 0.43619281358]
    ],
    [
      [5.379259791e-07, 0.0012797751286, 0.23489965859, 0.17002076392, 0.59379926444],
      [6.4745059378e-05, 0.64710257542, 1.3600109845e-05, 0.059125525547, 0.29369355387],
      [0.0071300392824, 0, 0, 0.90780505863, 0.085064902085],
      [5.230126008e-05, 0, 0.80746407647, 0.12290203363, 0.069581588642],
      [0.044120925118, 0.0014613207008, 0.05701452125, 0.52602086369, 0.37138236925],
      [0.46041541122, 0.0057412056382, 0.12137297163, 0.32695835181, 0.085512059696],
      [0.050843498694, 0.006105773494, 0.00059438336699, 0.43644571481, 0.50601062964]
    ],
    [
      [1.41637016e-06, 0.0013977687903, 0.65729145506, 0.34130935978, 0],
      [0.00018305064125, 0.33291143846, 0.30052039968, 0.36638511122, 0],
      [0.0063983812205, 0, 0.0083067720013, 0.98529484678, 0],
      [4.6293567067e-05, 0, 0.97915090918, 0.020802797253, 0],
      [0.092419311387, 0.0011754378836, 0.11351664131, 0.79288860942, 0],
      [0.78458908661, 0.0013559313318, 0.071475928332, 0.14257905373, 0],
      [0.14887513418, 0.074749333608, 0.0016130983683, 0.77476243385, 0]
    ],
    [
      [6.8228111705e-07, 0, 0.35024501372, 0.19236691356, 0.45738739044],
      [7.7263819448e-05, 0.70588235294, 0.018115508005, 0.062930138506, 0.21299473673],
      [0.0095265851834, 0, 0.028143794097, 0.91181899973, 0.050510620987],
      [4.5586829799e-05, 0, 0.96805552918, 0.024176138962, 0.0077227450268],
      [0.054597459639, 0, 0.084536462799, 0.58140721027, 0.27945886729],
      [0.48180855611, 0, 0.15573560687, 0.30763629583, 0.054819541186],
      [0.068903340645, 0, 0.080751760598, 0.44395947921, 0.40638541955]
    ],
    [
      [6.9619407399e-07, 0.0021379705614, 0.34280214772, 0.19699581024, 0.45806337528],
      [6.1843482114e-05, 0.78124825806, 1.471641202e-05, 0.050583518775, 0.16809166327],
      [0.010288456398, 0.0012672106586, 0.012034604566, 0.92060931219, 0.055800416186],
      [4.7391002081e-05, 2.3584195475e-05, 0.96675450124, 0.025241456087, 0.0079330674786],
      [0.054845444753, 0.0023492765274, 0.080357568177, 0.58584996014, 0.2765977504],
      [0.48088989873, 0.007872529289, 0.14580522934, 0.31089823798, 0.054534104669],
      [0.065427130651, 0.10994126753, 0.00086845738595, 0.43422449852, 0.38953864592]
    ],
    [
      [4.8632383383e-07, 0.0077422531445, 0.12105128821, 0.10890006565, 0.76230590666],
      [0, 1, 0, 0, 0],
      [0.010060813555, 0.025395910461, 0, 0.90348179054, 0.061061485443],
      [0.023801462982, 0.050168985156, 0.60453292825, 0.19837155192, 0.1231250717],
      [0.055528408735, 0.011915747634, 0.036505936279, 0.49152054884, 0.40452935851],
      [0.62234001522, 0.03811624959, 0.062092645156, 0.22607904795, 0.051372042089],
      [0.021332311185, 0.63356065392, 0.0001232797835, 0.11272103825, 0.23226271687]
    ],
    [
      [7.7720193663e-07, 0.0027652048165, 0.32983578462, 0.19291840592, 0.47447982744],
      [5.5878505103e-05, 0.81893803651, 1.144603869e-05, 0.040092753291, 0.14090188566],
      [0.013477101065, 0.01479633701, 0.0017227291418, 0.90767660248, 0.0623272303],
      [5.4804862911e-05, 3.1598346803e-05, 0.96579711935, 0.025606055154, 0.0085104222868],
      [0.061151120796, 0.0030331356253, 0.077106351787, 0.57273295232, 0.28597643947],
      [0.51334234609, 0.0096912845723, 0.13342740352, 0.28978557368, 0.053753392143],
      [0.069947021229, 0.13611585546, 0.00079871558095, 0.40698405658, 0.38615435116]
    ],
    [
      [9.2110058067e-07, 0.002905016387, 0.35773023221, 0.22029739942, 0.41906643088],
      [6.4115347118e-05, 0.83532429094, 1.2000492382e-05, 0.044320350663, 0.12027924256],
      [0.012447840022, 0.011243199384, 0, 0.93225721916, 0.044051741433],
      [0.017084805365, 3.0533030126e-05, 0.94909667712, 0.026891696658, 0.0068962878268],
      [0.068047414555, 0.0029899892272, 0.078378435401, 0.61383111403, 0.23675304679],
      [0.53440759204, 0.0088927196356, 0.12628213131, 0.2890447684, 0.041372788622],
      [0.080341687282, 0.13854123698, 0.00083764850407, 0.45013640353, 0.3301430237]
    ],
    [
      [6.138938481e-07, 0.0031894615443, 0.33537430356, 0.22988605542, 0.43154956558],
      [3.8489454833e-05, 0.84702440849, 1.009729061e-05, 0.041651308075, 0.11127569669],
      [0.003972027959, 0.005930827017, 0, 0.94629018189, 0.043806963138],
      [4.2047319807e-05, 0.048901963646, 0.86178963041, 0.081795671932, 0.0074706866964],
      [0.045133813804, 0.0032625691216, 0.072825589502, 0.63686457388, 0.24191345369],
      [0.43301809535, 0.011729780873, 0.14190838321, 0.3623448622, 0.05099887837],
      [0.052753006571, 0.15015599778, 0.00076966542996, 0.46214345549, 0.33417787473]
    ],
    [
      [4.2091957271e-07, 0, 0.38147424873, 0.25347651742, 0.36504881293],
      [3.2081169144e-05, 0.83040934838, 1.4007545134e-05, 0.055247651244, 0.11429691167],
      [0, 0, 0, 0.97491978693, 0.025080213067],
      [0, 0, 0.94269931173, 0.051704174418, 0.005596513852],
      [0.00054016735018, 0, 0.081665474889, 0.71670013408, 0.20109422368],
      [0.32804874069, 0, 0.17821141218, 0.44627245891, 0.047467388214],
      [0.038313214386, 0.11871345614, 0.00093002667245, 0.54280846604, 0.29923483677]
    ],
    [
      [1.4424045538e-06, 0.0081382988455, 0.38462714554, 0.19237918161, 0.4148539316],
      [2.2553992713e-05, 0.96598301128, 2.8244443163e-06, 0.0086442433175, 0.025347366968],
      [0.0834878617, 0.097304027495, 0, 0.77794695495, 0.041261155854],
      [0.035109348467, 7.621371405e-05, 0.93836908289, 0.020814839618, 0.0056305153072],
      [0.11094265028, 0.0086457444222, 0.085249844899, 0.56129147063, 0.23387028977],
      [0.66829493521, 0.0184144606, 0.098500949982, 0.1866890619, 0.028100592311],
      [0.10069802144, 0.32933781787, 0.00069521194098, 0.3140780992, 0.25519084954]
    ],
    [
      [3.4681216892e-07, 0.0022411025355, 0.30278972771, 0.21226766433, 0.48270115861],
      [0, 0.77810085604, 1.2408141883e-05, 0.052109817008, 0.16977691881],
      [0, 0, 0, 0.94291179246, 0.057088207539],
      [0, 0, 0.8635010039, 0.12714494958, 0.0093540465175],
      [0.0075158643392, 0.0024059036469, 0.069249743825, 0.6362591749, 0.28456931329],
      [0.31394718121, 0.010694945979, 0.16674332647, 0.43424327939, 0.074371266945],
      [0.031784513455, 0.11212534171, 0.00074564028448, 0.4557449011, 0.39959960346]
    ],
    [
      [0, 0.0020096762764, 0.22682897422, 0.1431289773, 0.6280323722],
      [0, 0.77336942303, 0, 0.033224143786, 0.19340643318],
      [0, 0.005507205236, 0, 0.87306487974, 0.12142791502],
      [1.2383729542e-32, 0.14712548536, 0.78758912425, 0.023646489211, 0.041638901178],
      [0, 0.002599761403, 0.059232640873, 0.51508955773, 0.42307803999],
      [0, 0.018780429523, 0.23454341936, 0.57721444073, 0.16946171039],
      [0, 0.11109396215, 0.00056434757453, 0.33811091532, 0.55023077496]
    ],
    [
      [7.1640998155e-07, 0.0041969261613, 0.42453750538, 0.18469862912, 0.38656622293],
      [3.0895908041e-05, 0.91221236203, 8.1686505954e-06, 0.022850224066, 0.064898349341],
      [0, 0.11688642335, 0.020656355166, 0.82290871482, 0.039548506662],
      [3.3874091349e-05, 3.214020022e-05, 0.97937353836, 0.016296674829, 0.0042637725235],
      [0.061083983418, 0.0049045442104, 0.099451701942, 0.59539542795, 0.23916434248],
      [0.52777419492, 0.013964266366, 0.15540314051, 0.26446011078, 0.03839828742],
      [0.049969733879, 0.23295860489, 0.00096710206671, 0.40101273366, 0.31509182551]
    ],
    [
      [6.8334183912e-07, 0.0026221792123, 0.37251646892, 0.20487981047, 0.41998085806],
      [5.1304398894e-05, 0.82538713836, 1.3509108067e-05, 0.044459038328, 0.1300890098],
      [0.0072884342556, 0.0064090252763, 0.025729524758, 0.91447411569, 0.046098900022],
      [4.2866187765e-05, 2.665438527e-05, 0.96905154554, 0.024188980175, 0.0066899537169],
      [0.053486567059, 0.0028616915661, 0.086691708705, 0.60529086349, 0.25166916918],
      [0.46666012112, 0.0095143844497, 0.15605687112, 0.31859126255, 0.049177360764],
      [0.063669234282, 0.13399316918, 0.00093472221136, 0.44759355322, 0.35380932111]
    ],
    [
      [8.4326117367e-07, 0.003548103371, 0.44941715023, 0.23799666478, 0.30903723836],
      [4.8577732832e-05, 0.88753371673, 1.2447875573e-05, 0.03960373523, 0.072801522436],
      [0.0083935667835, 0.012873571027, 0.031717223016, 0.92168792265, 0.025327716527],
      [4.3646098346e-05, 2.9755307438e-05, 0.97274865817, 0.023168938546, 0.0040090018745],
      [0.062306488538, 0.003644026488, 0.098076519241, 0.66265364988, 0.17331931585],
      [0.49391459347, 0.010742660917, 0.15664182337, 0.30886590045, 0.029835021787],
      [0.075656252846, 0.17481266051, 0.0010769400558, 0.49926010416, 0.24919404243]
    ],
    [
      [6.9038948999e-07, 0.0021566231677, 0.41384608948, 0.24769516067, 0.33630143629],
      [6.1715199819e-05, 0.81216532731, 1.7838720977e-05, 0.063991029135, 0.12376408964],
      [0.0039737349678, 0, 0.0043453160276, 0.96548531205, 0.026195636953],
      [3.8857415218e-05, 0, 0.96893414577, 0.026235691005, 0.0047913058122],
      [0.049820268014, 0.002167541338, 0.08857970699, 0.67408505256, 0.1853474311],
      [0.44016753996, 0.0072353786915, 0.16013984736, 0.35615070414, 0.036306529849],
      [0.064403648436, 0.049153119709, 0.062153517549, 0.5411581395, 0.2831315748]
    ],
    [
      [8.2811432929e-07, 0.002137545174, 0.35821391246, 0.20003950615, 0.4396082081],
      [7.3139364221e-05, 0.788704444, 1.5271378733e-05, 0.051060867184, 0.16014627808],
      [0.017323934872, 0, 0.019680154954, 0.9132280975, 0.049767812672],
      [7.6454054818e-05, 0, 0.96815359883, 0.02450589813, 0.0072640489847],
      [0.065857124641, 0.00097531158336, 0.082907607964, 0.58817328885, 0.26208666696],
      [0.52130754019, 0.0071354592079, 0.13801024803, 0.28620297634, 0.047343776233],
      [0.077594257988, 0.10976098975, 0.00090307844356, 0.43942441163, 0.37231726219]
    ],
    [
      [1.0407924583e-06, 0.0021912376393, 0.38232360353, 0.23956738068, 0.37591673736],
      [8.9632020067e-05, 0.8069964168, 1.5882021621e-05, 0.059624214157, 0.13327385501],
      [0.015587323838, 0, 0, 0.95168670798, 0.032725968179],
      [0.0088699584437, 0, 0.95792172148, 0.02742090815, 0.0057874119289],
      [0.073725553398, 0.0021627520438, 0.0803829486, 0.64027595025, 0.2034527957],
      [0.5502452889, 0.0061193748192, 0.12315709468, 0.28670207228, 0.033776169318],
      [0.10380630847, 0.095515356357, 0.00091217951737, 0.49840646856, 0.30135968709]
    ],
    [
      [7.6841391244e-07, 0.002107962363, 0.3561101469, 0.20814521837, 0.43363590395],
      [6.891351097e-05, 0.78538172793, 1.5434530111e-05, 0.053956066622, 0.16057785741],
      [0.011717930866, 0, 0.012488548859, 0.92895318356, 0.046840336711],
      [7.2757599398e-05, 0, 0.9670213633, 0.025679434243, 0.0072264448557],
      [0.061115497971, 8.7106049866e-05, 0.081266867995, 0.6026934279, 0.25483710009],
      [0.49660934698, 0.0072453533988, 0.14137342007, 0.30661649449, 0.048155385057],
      [0.071575593695, 0.10755917904, 0.00089391241715, 0.45463151735, 0.36533979749]
    ],
    [
      [7.579873443e-07, 0.0033195845367, 0.38771934649, 0.19830578377, 0.41065452721],
      [4.6390972176e-05, 0.86141801614, 1.1452370845e-05, 0.035073840826, 0.10345029969],
      [0.010896805088, 0.017558754087, 0.041387331947, 0.88387684048, 0.046280268401],
      [4.5714615157e-05, 3.2440826511e-05, 0.97114869445, 0.022505708566, 0.0062674415471],
      [0.060282473993, 0.0036780007533, 0.091546143988, 0.59502449694, 0.24946888432],
      [0.49557386596, 0.011448812591, 0.15430059267, 0.29311619848, 0.04556053031],
      [0.0692632352, 0.16646768323, 0.00095240876703, 0.42456764019, 0.33874903262]
    ],
    [
      [6.4356112315e-07, 0.0019350211994, 0.3311991527, 0.20717828099, 0.45968690155],
      [6.0679899795e-05, 0.76470523853, 1.5081998993e-05, 0.056460513913, 0.17875848566],
      [0.0064638099602, 0, 0, 0.94096141003, 0.052574780009],
      [4.5178176818e-05, 0, 0.9474381231, 0.04432633802, 0.0081903607072],
      [0.049534442822, 0, 0.075778106243, 0.60389682027, 0.27079063067],
      [0.45747662409, 0.0059176529646, 0.14426881864, 0.336389522, 0.055947382309],
      [0.059999974484, 0.098923236304, 0.00083135570862, 0.4528322313, 0.3874132022]
    ],
    [
      [9.1919221392e-07, 0.0028410390359, 0.44364895907, 0.21599254796, 0.33751653474],
      [6.2669018494e-05, 0.86336288183, 1.4584884455e-05, 0.042500120455, 0.094059743815],
      [0.01123231536, 0, 0.13258262172, 0.84354921757, 0.012635845346],
      [0, 0, 1, 0, 0],
      [0.070715605053, 0, 0.10413850509, 0.62797702431, 0.19716886554],
      [0.52896214669, 0, 0.16160334896, 0.27724577007, 0.032188734279],
      [0.086760011523, 0.14747761107, 0.0015555934834, 0.47769250211, 0.28651428181]
    ],
    [
      [7.743730111e-07, 0.0030009108971, 0.30677416597, 0.20886268484, 0.48136146392],
      [5.1083933203e-05, 0.8299946159, 0, 0.03978885914, 0.13016544102],
      [0.0094558675195, 0.014522665772, 0, 0.91857167816, 0.057449788552],
      [5.7368553969e-05, 0.13223416857, 0.82964650403, 0.029093483712, 0.0089684751342],
      [0.058548240924, 0.0031470528592, 0.068020720167, 0.59422530639, 0.27605867966],
      [0.51627342923, 0.010139871379, 0.11891081503, 0.30264044694, 0.052035437416],
      [0.066702633698, 0.1415887276, 0, 0.41976942585, 0.37193921286]
    ],
    [
      [3.5915038939e-07, 0.0026133775521, 0.34016416378, 0.16274104562, 0.49448105389],
      [2.6892009646e-05, 0.81249193444, 1.2256833959e-05, 0.035209359142, 0.15225955758],
      [0.0018947986393, 0.033541529139, 0.03269035962, 0.85388335894, 0.077989953661],
      [2.4541097234e-05, 2.8937449019e-05, 0.97048535306, 0.020922239439, 0.0085389289565],
      [0.031803743572, 0.0032159212073, 0.089004841631, 0.54253262465, 0.33344286894],
      [0.35338919662, 0.013257727905, 0.19882120136, 0.35392035601, 0.0806115181],
      [0.035751951861, 0.14191143824, 0.00090492639178, 0.37851090976, 0.44292077375]
    ],
    [
      [1.1607495016e-06, 0.002512688231, 0.45161716092, 0.22040475641, 0.32546423369],
      [8.7737770425e-05, 0.81629487329, 0.037118497977, 0.048012594127, 0.098486296832],
      [0.011917912904, 0, 0.021014181985, 0.93872194026, 0.028345964853],
      [5.596551866e-05, 1.9626824113e-05, 0.97617711919, 0.019934937705, 0.0038123507601],
      [0.09056514076, 0, 0.09993940355, 0.62661185544, 0.18288360025],
      [0.68590971992, 0.0049919660767, 0.10110667232, 0.18794961333, 0.020042028346],
      [0.11375534091, 0.12963667523, 0.0010882638403, 0.48352973006, 0.27198998996]
    ],
    [
      [8.5758049305e-32, 0.03052879773, 0.6387703393, 0.33070086297, 0],
      [0, 1, 0, 0, 0],
      [0, 0.040724148175, 0, 0.95927585183, 0],
      [0, 0.19991689228, 0.78306260122, 0.017020506499, 0],
      [0, 0.028644215862, 0.11519814209, 0.85615764205, 0],
      [0, 0.12855014771, 0.28189580554, 0.58955404675, 3.7982270983e-65],
      [0, 0.76110701171, 0.00045828149631, 0.2384347068, 0]
    ],
    [
      [1.0813887769e-06, 0.0029676493642, 0.35314368328, 0.23977444323, 0.40411314273],
      [7.4530221778e-05, 0.83761683566, 0, 0.047758878216, 0.1145497559],
      [0.012275823926, 0.005287319938, 0, 0.94439968594, 0.038037170194],
      [0.028644030979, 0.056957232093, 0.86692859273, 0.040828824084, 0.0066413201151],
      [0.075785097868, 0.0028901473814, 0.072960539909, 0.63268271615, 0.21568149869],
      [0.56821854412, 0.0080396724559, 0.11004750066, 0.27850373939, 0.035190543374],
      [0.090526633628, 0.13524769445, 0.00078771681245, 0.46901973087, 0.30441822424]
    ],
    [
      [0, 0.0028828373897, 0.38591941263, 0.16960704463, 0.44159070535],
      [0, 0.84775368293, 2.6102636878e-05, 0.032882561802, 0.11933765263],
      [0, 0.061831449065, 0.081643864356, 0.79863019838, 0.057894488198],
      [0, 3.9738535691e-05, 0.97476327805, 0.018820401425, 0.0063765819864],
      [0, 0.022180176718, 0.10156333324, 0.57856188012, 0.29769460992],
      [0.19148220618, 0.075060249145, 0.24766385375, 0.408713102, 0.077080588922],
      [0.02129448454, 0.16275747706, 0.0010475304373, 0.40920257207, 0.4056979359]
    ],
    [
      [0, 0.0038409814356, 0.6304917915, 0.36566722706, 0],
      [0, 0.83211788207, 0.054370912052, 0.11351120588, 0],
      [1.2325951644e-32, 0, 0.0056980474478, 0.99430195255, 0],
      [0, 2.0870135219e-05, 0.97722125818, 0.022757871682, 0],
      [0, 0.0033265053497, 0.11157861772, 0.88509487693, 0],
      [0, 0.016539181466, 0.30316795357, 0.68029286496, 0],
      [0, 0.19701328651, 0.0014742949, 0.80151241859, 0]
    ],
    [
      [1.1102230246e-16, 0.0016827661331, 0.22616574622, 0.11778340343, 0.65436808422],
      [0, 0.81013522022, 0, 0.027297737563, 0.16256704222],
      [0, 0.036950767718, 0, 0.85671395129, 0.106335281],
      [0, 0.062736620292, 0.91119636028, 0.017369431703, 0.0086975877283],
      [5.5511151231e-17, 0.0024891440724, 0.065061435762, 0.49807684586, 0.43437257431],
      [0, 0.018417799123, 0.26582411046, 0.55987350919, 0.15588458123],
      [0, 0.10431130531, 0.0005868087127, 0.30912732402, 0.58597456196]
    ],
    [
      [8.822312472e-07, 0.0024612813435, 0.36064645069, 0.21795821764, 0.4189331681],
      [7.0490947106e-05, 0.81155428988, 1.3862269801e-05, 0.05033218913, 0.13802916777],
      [0.013043284995, 0.0014512194579, 0.0015515317344, 0.94043932953, 0.043514634278],
      [5.6608631812e-05, 2.5592370457e-05, 0.96677675613, 0.026320210832, 0.0068208320333],
      [0.065825635624, 0.0025570235556, 0.079646721175, 0.61306629541, 0.23890432423],
      [0.52687693123, 0.0077147479101, 0.13022286575, 0.29283240387, 0.042353051239],
      [0.079334923231, 0.12091231887, 0.0008684548377, 0.45885695759, 0.34002734548]
    ],
    [
      [7.8425209571e-07, 0.0020817365859, 0.32758973091, 0.21355406611, 0.45677368214],
      [7.0852500036e-05, 0.73050793129, 1.4277180335e-05, 0.099129008955, 0.17027793008],
      [0.0099319343151, 0, 0, 0.9401475505, 0.049920515187],
      [0.0083856510853, 0, 0.91631602396, 0.06709094945, 0.0082073755066],
      [0.060978317461, 0, 0.072921224798, 0.60400570117, 0.26209475657],
      [0.5036231259, 0.00706985552, 0.1283736178, 0.31085495842, 0.05007844235],
      [0.070892646117, 0.10286209255, 0.00079599153755, 0.45232896677, 0.37312030303]
    ],
    [
      [7.4272299462e-07, 0.0012695373662, 0.33913660891, 0.19133733332, 0.46825577768],
      [9.4493349917e-05, 0.62191871796, 2.0711225777e-05, 0.13330615796, 0.24465991951],
      [0.010424348786, 0, 0.0046729553881, 0.93015544279, 0.054747253035],
      [5.0510859488e-05, 0, 0.96743486483, 0.024482766111, 0.0080318581995],
      [0.059351936428, 0, 0.081247198924, 0.57498991567, 0.28441094897],
      [0.51433597864, 0.0044904167936, 0.1379810522, 0.29007222417, 0.053120328198],
      [0.084725539239, 0, 0.058153469935, 0.44131652232, 0.4158044685]
    ],
    [
      [6.4177606345e-07, 0.0022992194843, 0.30027711595, 0.18851223504, 0.50891078775],
      [5.2938177435e-05, 0.78195391277, 1.1938383355e-05, 0.044939741091, 0.17304146958],
      [0.008980540703, 0.0051074800578, 0, 0.91924420694, 0.066667772296],
      [4.9422365673e-05, 0.02695840523, 0.91612401309, 0.02731977114, 0.029548388177],
      [0.051093366079, 0.0025489182146, 0.070868959368, 0.56586908545, 0.30961967089],
      [0.47669600172, 0.0089695556566, 0.13509783578, 0.31523186669, 0.064004740153],
      [0.058807765765, 0.1150911703, 0.0007382970198, 0.40446142039, 0.42090134653]
    ],
    [
      [6.2405808532e-07, 0.0018793859021, 0.29257752454, 0.17665108886, 0.52889137665],
      [5.88810287e-05, 0.74721715002, 1.3275450619e-05, 0.048150722631, 0.20455997087],
      [0.0093515137345, 0.0016239134178, 0, 0.91624424197, 0.072780330882],
      [0.0030507332972, 2.398507852e-05, 0.94135440161, 0.03116712575, 0.02440375426],
      [0.051150157265, 0.0021431097604, 0.070903793265, 0.54596450596, 0.32983843375],
      [0.48294147282, 0.0075785819905, 0.1358639743, 0.30537750651, 0.068238464378],
      [0.059115841468, 0.097456841657, 0.00074120137258, 0.39162511438, 0.45106100112]
    ],
    [
      [7.9539842026e-07, 0.0023320637126, 0.31726464331, 0.20018256899, 0.48021992859],
      [6.5712878781e-05, 0.78825657931, 1.2661350925e-05, 0.047803703895, 0.16386134257],
      [0.010661243575, 0.004908746056, 0, 0.926811657, 0.057618353373],
      [0.017277102168, 0.0030876981893, 0.92343193494, 0.037483582968, 0.01871968173],
      [0.061153584891, 0.0025002520016, 0.072537149369, 0.58091668149, 0.28289233225],
      [0.51598439455, 0.0080454377436, 0.12640050391, 0.29601675246, 0.053552911339],
      [0.071551141907, 0.11466196912, 0.00076876204334, 0.42225866831, 0.39075945862]
    ],
    [
      [6.3015352733e-07, 0.0023155310147, 0.36834072949, 0.22162095074, 0.40772215859],
      [5.314997892e-05, 0.76393547302, 1.499270921e-05, 0.09420733258, 0.14178905171],
      [0.0035114360048, 0, 0.0084374623637, 0.94911492373, 0.0389361779],
      [3.9829524893e-05, 0, 0.96706192666, 0.026360379306, 0.0065378645067],
      [0.047603241719, 0.0024375385036, 0.08262708446, 0.63175250554, 0.23557962978],
      [0.43796303625, 0.008507329005, 0.15618696613, 0.34903429811, 0.048308370504],
      [0.058438639123, 0.11738250696, 0.00091848475014, 0.4816683112, 0.34159205797]
    ],
    [
      [5.6481965011e-07, 0.0022947585274, 0.33468258357, 0.21590196793, 0.44712012515],
      [4.7086805396e-05, 0.79428272465, 1.3458691233e-05, 0.05201724741, 0.15363948244],
