{
  "X": [
    [15, 15, 153, 86, 42],
    [0, 5, 43, 70, 10],
    [2, 2, 40, 36, 9],
    [3, 2, 19, 40, 5],
    [2, 5, 78, 70, 14],
    [106, 171, 1658, 1766, 216],
    [14, 8, 81, 62, 11],
    [1, 2, 8, 11, 5],
    [7, 10, 83, 79, 20],
    [1, 3, 16, 27, 2],
    [119, 101, 1115, 1216, 210],
    [4, 5, 69, 61, 24],
    [0, 0, 2, 4, 1],
    [4, 14, 55, 57, 17],
    [9, 8, 103, 109, 33],
    [0, 5, 19, 26, 4],
    [0, 5, 24, 18, 4],
    [6, 6, 111, 112, 7],
    [0, 1, 4, 4, 0],
    [0, 0, 19, 41, 10],
    [2, 2, 46, 106, 14],
    [224, 244, 3006, 2408, 504],
    [94, 158, 1182, 1023, 176],
    [9, 15, 101, 47, 17],
    [8, 15, 145, 167, 16],
    [0, 1, 6, 15, 3],
    [1, 2, 13, 13, 2],
    [0, 8, 31, 66, 11],
    [75, 94, 1200, 1511, 278],
    [12, 20, 116, 98, 16],
    [5, 2, 47, 39, 18],
    [3, 2, 18, 68, 5],
    [7, 3, 54, 62, 14],
    [2, 5, 39, 14, 11],
    [18, 28, 121, 167, 29],
    [5, 2, 29, 31, 5],
    [0, 0, 3, 4, 1],
    [4, 5, 40, 82, 16],
    [10, 7, 55, 83, 13],
    [4, 2, 24, 39, 1],
    [2, 2, 31, 58, 8],
    [0, 1, 15, 4, 7],
    [23, 10, 143, 163, 24],
    [3, 8, 46, 37, 15],
    [3, 4, 43, 49, 5],
    [5, 4, 28, 27, 6],
    [1, 1, 13, 27, 4],
    [17, 20, 123, 216, 13],
    [9, 5, 51, 95, 5],
    [8, 23, 114, 178, 41],
    [9, 8, 53, 102, 25],
    [30, 16, 114, 120, 28],
    [2, 5, 35, 37, 15],
    [2, 3, 7, 9, 3],
    [11, 4, 42, 125, 21],
    [2, 1, 7, 2, 1],
    [35, 34, 175, 320, 61],
    [5, 0, 11, 9, 3],
    [6, 5, 36, 93, 19],
    [1, 4, 13, 6, 3],
    [0, 6, 29, 47, 10],
    [2, 3, 9, 20, 9],
    [10, 4, 74, 99, 15],
    [8, 4, 79, 61, 15],
    [14, 18, 67, 66, 8],
    [0, 3, 6, 10, 6],
    [1, 1, 7, 7, 1],
    [0, 0, 3, 5, 1],
    [33, 31, 207, 301, 57],
    [20, 20, 159, 123, 35],
    [7, 2, 22, 56, 16],
    [4, 1, 15, 57, 6],
    [2, 8, 32, 114, 15],
    [4, 0, 26, 113, 14],
    [2, 2, 15, 10, 1],
    [8, 27, 126, 108, 29],
    [5, 5, 61, 64, 11],
    [2, 10, 24, 32, 4],
    [7, 7, 63, 60, 15],
    [6, 11, 60, 56, 11],
    [11, 22, 141, 77, 27],
    [27, 36, 259, 354, 52],
    [0, 0, 5, 4, 0],
    [5, 2, 67, 100, 11],
    [3, 10, 48, 72, 11],
    [19, 19, 149, 271, 52],
    [3, 1, 10, 56, 3],
    [3, 2, 8, 60, 2],
    [15, 14, 88, 81, 30],
    [3, 5, 27, 134, 14],
    [2, 1, 5, 7, 2],
    [1, 3, 16, 22, 10],
    [6, 10, 54, 34, 9],
    [0, 5, 10, 8, 4],
    [23, 57, 292, 133, 57],
    [129, 259, 1353, 1106, 337],
    [76, 134, 686, 660, 249],
    [1, 3, 9, 9, 3]
  ],
  "W": [
    [16, 9, 183, 48, 12, 43],
    [8, 5, 54, 55, 3, 3],
    [8, 3, 43, 27, 3, 5],
    [10, 3, 21, 26, 5, 4],
    [20, 11, 78, 50, 2, 8],
    [396, 248, 1746, 1159, 127, 241],
    [10, 4, 98, 40, 11, 13],
    [5, 1, 12, 6, 1, 2],
    [15, 6, 90, 67, 9, 12],
    [9, 2, 17, 20, 0, 1],
    [316, 96, 1280, 786, 108, 175],
    [16, 4, 76, 45, 6, 16],
    [1, 0, 3, 3, 0, 0],
    [15, 11, 64, 45, 2, 10],
    [27, 6, 121, 82, 8, 18],
    [4, 5, 23, 19, 0, 3],
    [2, 7, 24, 16, 0, 2],
    [22, 9, 123, 78, 3, 7],
    [0, 1, 4, 4, 0, 0],
    [17, 0, 22, 24, 2, 5],
    [26, 4, 48, 69, 8, 15],
    [411, 284, 3411, 1625, 195, 460],
    [196, 165, 1298, 701, 76, 197],
    [14, 12, 111, 25, 7, 20],
    [29, 26, 161, 118, 5, 12],
    [5, 1, 9, 9, 0, 1],
    [2, 0, 17, 12, 0, 0],
    [11, 10, 37, 47, 1, 10],
    [289, 91, 1365, 1127, 105, 181],
    [19, 27, 124, 63, 10, 19],
    [16, 8, 43, 22, 3, 19],
    [24, 1, 24, 42, 2, 3],
    [11, 6, 62, 31, 7, 23],
    [0, 2, 44, 8, 5, 12],
    [33, 22, 148, 113, 19, 28],
    [4, 2, 35, 23, 3, 5],
    [2, 0, 4, 2, 0, 0],
    [27, 6, 42, 49, 9, 14],
    [22, 5, 65, 46, 10, 20],
    [17, 0, 27, 21, 5, 0],
    [8, 2, 35, 39, 6, 11],
    [2, 2, 18, 2, 1, 2],
    [31, 14, 166, 102, 26, 24],
    [5, 4, 65, 17, 5, 13],
    [10, 6, 52, 33, 3, 0],
    [12, 2, 32, 15, 5, 4],
    [11, 2, 11, 15, 1, 6],
    [29, 17, 167, 135, 17, 24],
    [19, 12, 58, 59, 6, 11],
    [53, 19, 137, 108, 15, 32],
    [22, 4, 74, 68, 8, 21],
    [32, 11, 144, 78, 20, 23],
    [9, 8, 40, 19, 4, 14],
    [2, 1, 8, 9, 2, 2],
    [29, 6, 48, 93, 10, 17],
    [1, 0, 10, 0, 0, 2],
    [68, 31, 225, 203, 36, 62],
    [6, 1, 11, 3, 3, 4],
    [11, 3, 44, 74, 7, 20],
    [1, 1, 14, 3, 2, 6],
    [10, 5, 33, 30, 3, 11],
    [4, 3, 5, 20, 2, 9],
    [18, 12, 80, 61, 11, 20],
    [15, 5, 89, 43, 7, 8],
    [11, 5, 96, 39, 11, 11],
    [1, 2, 11, 7, 2, 2],
    [1, 1, 8, 6, 1, 0],
    [0, 0, 5, 4, 0, 0],
    [72, 17, 285, 183, 24, 48],
    [26, 8, 197, 74, 21, 31],
    [27, 1, 30, 34, 5, 6],
    [10, 0, 19, 48, 4, 2],
    [27, 5, 40, 81, 3, 15],
    [34, 1, 39, 71, 3, 9],
    [3, 1, 12, 6, 4, 4],
    [23, 14, 151, 72, 11, 27],
    [9, 4, 75, 45, 4, 9],
    [8, 3, 29, 17, 3, 12],
    [12, 12, 73, 34, 3, 18],
    [5, 8, 72, 38, 13, 8],
    [19, 12, 173, 40, 11, 23],
    [73, 49, 289, 232, 32, 53],
    [0, 0, 5, 4, 0, 0],
    [16, 6, 79, 68, 6, 10],
    [17, 5, 60, 49, 5, 8],
    [63, 16, 162, 208, 25, 36],
    [17, 0, 14, 36, 3, 3],
    [10, 1, 12, 49, 2, 1],
    [19, 8, 106, 50, 14, 31],
    [48, 2, 34, 91, 1, 7],
    [1, 1, 8, 6, 1, 0],
    [7, 5, 15, 13, 2, 10],
    [6, 3, 74, 15, 5, 10],
    [1, 0, 12, 6, 0, 8],
    [20, 66, 306, 82, 14, 74],
    [219, 190, 1589, 747, 111, 328],
    [163, 81, 829, 462, 60, 210],
    [2, 1, 12, 7, 0, 3]
  ],
  "method": "mult",
  "cond_prob": [
    [
      [0.014173289901, 0.00025805106347, 0.0092727401524, 0.87939225472, 0.096903664163],
      [0.0018382170534, 0.28841914026, 0.39014513083, 0.31602401428, 0.0035734975875],
      [0.031035452881, 0.034510441886, 0.76886562701, 0.099028366521, 0.066560111701],
      [0.0019191744526, 0.00066062778394, 0.022189383735, 0.93138405227, 0.043846761761],
      [0.55804470516, 0.0087336601786, 0.08196023055, 0.25314266344, 0.098118740671],
      [0.053221830121, 0.1383296279, 0.15323969886, 0.074864424476, 0.58034441864]
    ],
    [
      [0, 0.00037276112025, 0.018693313763, 0.88781312698, 0.093120798137],
      [1.6331885928e-32, 0.37590809808, 0.53407405813, 0.086899034601, 0.0031188091906],
      [0, 0.045796879434, 0.71126748393, 0.16221682279, 0.08071881385],
      [0, 0.00048486824302, 0.022708636155, 0.93893430924, 0.037872186365],
      [0, 0.019746658259, 0.12588679208, 0.64745343169, 0.20691311797],
      [0, 0.18617940101, 0.048334567413, 0.039848025877, 0.7256380057]
    ],
    [
      [0.005730027554, 0.00029833559971, 0.030324585821, 0.86815826514, 0.09548878589],
      [0.00079713765829, 0.20441170183, 0.72103652805, 0.070798119451, 0.002956513011],
      [0.012739095113, 0.020635748661, 0.81172781525, 0.085537196325, 0.069360144646],
      [0.00046968138948, 0.00035233052074, 0.067316661756, 0.88618293687, 0.045678389468],
      [0.4150376093, 0.0065682852244, 0.10842608466, 0.33642612945, 0.13354189137],
      [0.029238610266, 0.093564647506, 0.10943391039, 0.045604478975, 0.72215835286]
    ],
    [
      [0.005194082235, 0.00012896911555, 0.010517841377, 0.93084555057, 0.053313556702],
      [0.00095544523159, 0.2886538993, 0.61590830805, 0.092552508599, 0.0019298388225],
      [0.020793486288, 0.025878225218, 0.74715318879, 0.1520463763, 0.054128723412],
      [0.00056434079012, 0.00027816331372, 0.019220021265, 0.95713425441, 0.022803220226],
      [0.45874463971, 0.0061638237468, 0.075221274306, 0.38912150955, 0.070748752684],
      [0.050033392704, 0.13781362912, 0.12026319329, 0.097453725987, 0.5944360589]
    ],
    [
      [0.0048457942368, 0.00029974846657, 0.035188853029, 0.87513231906, 0.08453328521],
      [0.0006597402187, 0.20830817998, 0.71525627848, 0.073009848059, 0.0027659532639],
      [0.011719466043, 0.022431688185, 0.8265168185, 0.080609165531, 0.058722861739],
      [0.00036845400457, 0.00051326352766, 0.074988377236, 0.88495385314, 0.039176052093],
      [0.37558270225, 0.0085392762885, 0.1014379392, 0.37697853753, 0.13746154474],
      [0.026515064602, 0.11377520545, 0.12597466158, 0.050635080859, 0.68309998751]
    ],
    [
      [0.0072400963515, 0.00019028361813, 0.016422443023, 0.93035933492, 0.045787842092],
      [0.00098109317671, 0.27246664, 0.63431178926, 0.091057373474, 0.0011831040836],
      [0.019394370691, 0.031973065872, 0.79317726454, 0.12295010675, 0.032505192152],
      [0.00056387549894, 0.00047485493526, 0.045077509232, 0.93507314573, 0.018810614607],
      [0.44143484097, 0.010063372501, 0.10308881882, 0.37976627161, 0.06564669609],
      [0.051084161844, 0.18962465882, 0.18241814005, 0.11761201651, 0.45926102277]
    ],
    [
      [0.019707276314, 0.00022958486179, 0.0092922197573, 0.91795429228, 0.052816626785],
      [0.0025846257589, 0.33246360284, 0.55404208996, 0.10947830559, 0.0014313758588],
      [0.052033962136, 0.039047028365, 0.76358249029, 0.11120555707, 0.034130962144],
      [0.0048067420868, 0.00051926986668, 0.024887303878, 0.94664695024, 0.023139733931],
      [0.6504896645, 0.0078626460092, 0.07645751886, 0.22175870114, 0.043431469491],
      [0.10350803473, 0.21030623534, 0.15563850244, 0.090705810799, 0.43984141669]
    ],
    [
      [0.0050875492894, 0.0031818380164, 0.0094658331236, 0.80855112801, 0.17371365156],
      [0.00051582838412, 0.61604327362, 0.35044791812, 0.029254747672, 0.0037382322104],
      [0.024003622628, 0.080884522338, 0.61591951042, 0.11647117945, 0.16272116516],
      [0.0006842637262, 0.0046042836097, 0.024202409554, 0.88499159938, 0.085517443734],
      [0.63294357733, 0.012523390702, 0.022678817054, 0.18146541257, 0.15038880234],
      [0.024476896973, 0.17864208794, 0.021647758414, 0.019460224992, 0.75577303168]
    ],
    [
      [0.0094360945319, 0.00155775208, 0.041165072827, 0.84823707458, 0.099604005985],
      [0.00093470377292, 0.39345907781, 0.57060189871, 0.03350412842, 0.0015001912952],
      [0.022236989796, 0.053029263397, 0.79223465943, 0.060617186551, 0.071881900824],
      [0.0011064905209, 0.0042658202887, 0.083459620171, 0.86122577879, 0.04994229023],
      [0.47781654495, 0.014361464529, 0.10576055472, 0.28488027809, 0.11718115771],
      [0.039753125688, 0.20234853385, 0.092846135213, 0.029485219964, 0.63556698529]
    ],
    [
      [0.013997958892, 0.011192781676, 0.04724776809, 0.88115895081, 0.04640254053],
      [0.0017007687145, 0.55784688469, 0.41538499199, 0.024179042716, 0.00088831188624],
      [0.042732114937, 0.078629708729, 0.78362828942, 0.055995809637, 0.039014077272],
      [0.0027866343539, 0.0066525604755, 0.068118898056, 0.90169562521, 0.020746281909],
      ["NaN", "NaN", "NaN", "NaN", "NaN"],
      [0.08843819153, 0.31381493762, 0.059941221871, 0.035370089326, 0.50243555965]
    ],
    [
      [0.011956435183, 0.00033024389291, 0.017870124514, 0.9060052812, 0.063837915206],
      [0.0018661560872, 0.28711647119, 0.62768582045, 0.081233913537, 0.002097638734],
      [0.033425483163, 0.033886623064, 0.765704942, 0.11731669869, 0.049666253083],
      [0.0024534226771, 0.00061552856028, 0.045810358938, 0.92204365551, 0.029077034311],
      [0.54262883945, 0.0082228132988, 0.079235606547, 0.2963698514, 0.073542889307],
      [0.067003955226, 0.16334694222, 0.13959136284, 0.085738536755, 0.54431920295]
    ],
    [
      [0.0063325536958, 0.00074250752535, 0.032371671117, 0.84021715319, 0.12033611447],
      [0.00085427528007, 0.25570617709, 0.68125596131, 0.059962934366, 0.0022206519553],
      [0.014421699191, 0.029214166698, 0.79233426456, 0.072573969367, 0.091455900189],
      [0.00056486686305, 0.0012221018701, 0.068184434036, 0.86812136796, 0.061907229269],
      [0.39343560306, 0.008765483016, 0.11514676838, 0.32083624964, 0.1618158959],
      [0.025823767127, 0.10233943875, 0.11127782305, 0.050660817717, 0.70989815336]
    ],
    [
      [0, 0, 0.0017394150423, 0.8266575586, 0.17160302636],
      ["NaN", "NaN", "NaN", "NaN", "NaN"],
      [0, 0, 0.65636852897, 0.14950733189, 0.19412413914],
      [0, 0, 0.0097183326853, 0.90827348191, 0.082008185404],
      ["NaN", "NaN", "NaN", "NaN", "NaN"],
      ["NaN", "NaN", "NaN", "NaN", "NaN"]
    ],
    [
      [0.012131570674, 0.0040590418719, 0.030279033066, 0.83743984152, 0.11609051287],
      [0.0014327575752, 0.50211965539, 0.44724491107, 0.045397735791, 0.0038049401771],
      [0.031550078458, 0.085252917838, 0.7205883502, 0.070362165246, 0.092246488259],
      [0.0024887372206, 0.0095847077732, 0.063441813568, 0.86374197062, 0.060742770822],
      [0.62004681735, 0.01646186338, 0.075402145661, 0.15937377328, 0.12871540032],
      [0.043097427564, 0.24953758445, 0.050278016766, 0.02487124835, 0.63221572288]
    ],
    [
      [0.010700123207, 0.0007115638616, 0.02695019174, 0.8489312411, 0.11270688009],
      [0.0016212935355, 0.28560321416, 0.64473598359, 0.065082642493, 0.0029568662239],
      [0.029048385025, 0.032787677035, 0.75642250251, 0.089179646036, 0.092561789389],
      [0.0022057129653, 0.0016744524705, 0.05829270265, 0.87975031095, 0.058076820963],
      [0.52474200442, 0.0079632935587, 0.069578764196, 0.2668175393, 0.13089839853],
      [0.044872768096, 0.11660267325, 0.085565243684, 0.03464209181, 0.71831722316]
    ],
    [
      [0, 0.00081402827911, 0.0052510202311, 0.92762858542, 0.066306366067],
      [0, 0.47706067131, 0.42822520557, 0.092273453009, 0.0024406701169],
      [0, 0.0743316342, 0.70610984445, 0.15837996056, 0.061178560793],
      [0, 0.0031323908268, 0.018079118443, 0.94855646433, 0.030232026399],
      ["NaN", "NaN", "NaN", "NaN", "NaN"],
      [0, 0.28076583935, 0.084613406143, 0.054268826065, 0.58035192844]
    ],
    [
      [0, 0.0094008221029, 0.023996166009, 0.86401507892, 0.10258793297],
      [0, 0.41466107745, 0.52591738767, 0.056148424824, 0.0032731100556],
      [0, 0.063323977215, 0.79613806578, 0.072533714086, 0.068004242919],
      [0, 0.0057977979933, 0.066220203607, 0.88002672957, 0.047955268832],
      ["NaN", "NaN", "NaN", "NaN", "NaN"],
      [0, 0.23301529631, 0.051874558922, 0.028847028619, 0.68626311615]
    ],
    [
      [0.0098629509322, 0.00012595578099, 0.01586860491, 0.94430278228, 0.029839706098],
      [0.0015964249922, 0.21644004351, 0.68985913027, 0.091186271667, 0.00091812955917],
      [0.027056461321, 0.022164625028, 0.80624730583, 0.12427608827, 0.020255519547],
      [0.00071612911598, 0.00032310495132, 0.046769433873, 0.94015939506, 0.012031937],
      [0.58925773093, 0.0067453906026, 0.048343757749, 0.31584564662, 0.039807474094],
      [0.088153035455, 0.18251162068, 0.21152754101, 0.11981910468, 0.39798869818]
    ],
    [
      ["NaN", "NaN", "NaN", "NaN", "NaN"],
      [0, 0.70409342174, 0.2854875513, 0.010419026954, 0],
      [0, 0.072025227524, 0.85970776673, 0.068267005742, 0],
      [0, 0.0019514170405, 0.06892034544, 0.92912823752, 0],
      ["NaN", "NaN", "NaN", "NaN", "NaN"],
      ["NaN", "NaN", "NaN", "NaN", "NaN"]
    ],
    [
      [0, 0, 0.013718738192, 0.88536799531, 0.1009132665],
      ["NaN", "NaN", "NaN", "NaN", "NaN"],
      [0, 0, 0.7829315882, 0.1111618382, 0.10590657361],
      [0, 0, 0.032983531747, 0.91781308008, 0.049203388173],
      [0, 0, 0.13578187162, 0.6198790147, 0.24433911368],
      [0, 0, 0.095823601049, 0.047182337607, 0.85699406134]
    ],
    [
      [0.00087142907445, 4.3589427046e-05, 0.010768970088, 0.94203538739, 0.046280624022],
      [0.00035439462134, 0.13469101645, 0.75923744864, 0.10416105319, 0.0015560870936],
      [0.0043241170491, 0.0094978199525, 0.78911907765, 0.1504171104, 0.046641874948],
      [0.00013424950975, 0.00010333201166, 0.020569499142, 0.96499416507, 0.014198754271],
      [0.20464350516, 0.0039914901847, 0.1130346125, 0.58003740342, 0.098292988737],
      [0.0081304259863, 0.064343028072, 0.165451261, 0.17636785327, 0.58570743167]
    ],
    [
      [0.010710738046, 0.00022930301991, 0.0099116657366, 0.9115655789, 0.067582714295],
      [0.0015733959382, 0.25478888669, 0.64508876786, 0.096210190495, 0.0023387590189],
      [0.026307774547, 0.029323858526, 0.78340782219, 0.11422783326, 0.046732711484],
      [0.0015352930065, 0.00043841273122, 0.035753523473, 0.93197640624, 0.030296364553],
      [0.51602036199, 0.0083528571833, 0.084179132569, 0.30941722663, 0.082030421627],
      [0.057166090247, 0.1503930508, 0.15652740725, 0.090421074802, 0.54549237691]
    ],
    [
      [0.011456943949, 0.00053989696087, 0.012160318555, 0.91875062857, 0.057092211969],
      [0.0015343924508, 0.33353976549, 0.58559869355, 0.077700722499, 0.0016264260158],
      [0.028429159936, 0.044300868632, 0.78081109641, 0.10762324547, 0.038835629556],
      [0.001786660438, 0.0012675967255, 0.045497585596, 0.92628733546, 0.025160821785],
      [0.54248547564, 0.011884272089, 0.078609651409, 0.29923439557, 0.067786205287],
      [0.061517104157, 0.22114620012, 0.16056776131, 0.093096694187, 0.46367224023]
    ],
    [
      [0.016498493047, 0.00065829538573, 0.012683671031, 0.88699453946, 0.083165001074],
      [0.0016039830408, 0.36797934132, 0.5451000882, 0.083316391779, 0.0020001956623],
      [0.029777015083, 0.051992695178, 0.80649174315, 0.068257657719, 0.043480888874],
      [0.0023821613514, 0.0017532686273, 0.031444721877, 0.92670798906, 0.037711859084],
      [0.6002881427, 0.013745697418, 0.088388813963, 0.22312125325, 0.074456092663],
      [0.059147679695, 0.23318955032, 0.16779021567, 0.063806562004, 0.47606599231]
    ],
    [
      [0.0087700660462, 0.00014112707844, 0.0098542317696, 0.93478291594, 0.046451659166],
      [0.0013932209104, 0.28113771021, 0.61173088825, 0.10418922683, 0.0015489537945],
      [0.02593213662, 0.032539333015, 0.76236986624, 0.14240959415, 0.036749069971],
      [0.0006299871784, 0.00042471497161, 0.034081533069, 0.9448681613, 0.019995603483],
      [0.53902205013, 0.0092551741931, 0.052221748288, 0.3337878955, 0.06571313189],
      [0.063743467288, 0.19592516635, 0.14874550628, 0.090920697594, 0.50066516249]
    ],
    [
      [0, 0.00014165170927, 0.0041717561225, 0.87582612513, 0.11986046704],
      [0, 0.49190489989, 0.4220422646, 0.082073869812, 0.0039789656988],
      [3.1997978216e-18, 0.040861532566, 0.6060350018, 0.22733178793, 0.1257716777],
      [0, 0.00034827551564, 0.0086626630642, 0.94036564339, 0.050623418029],
      ["NaN", "NaN", "NaN", "NaN", "NaN"],
      [0, 0.13649856883, 0.024819970979, 0.029518622631, 0.80916283756]
    ],
    [
      [0.020695495936, 0.002120269637, 0.031519446051, 0.84356615613, 0.10209863224],
      ["NaN", "NaN", "NaN", "NaN", "NaN"],
      [0.053413698464, 0.11354943441, 0.70713780165, 0.053866233189, 0.072032832291],
      [0.0042146778531, 0.005451589651, 0.07630153999, 0.86642847696, 0.047603715546],
      ["NaN", "NaN", "NaN", "NaN", "NaN"],
      ["NaN", "NaN", "NaN", "NaN", "NaN"]
    ],
    [
      [2.9064033706e-33, 0.00013118596608, 0.0032793326035, 0.93172205565, 0.064867425779],
      [0, 0.39873774636, 0.46023014942, 0.13751543932, 0.0035166648982],
      [1.5407439555e-33, 0.053078663522, 0.67288756509, 0.20058599607, 0.07344777531],
      [0, 0.00044014460512, 0.009171567777, 0.96074654809, 0.029641739525],
      [0, 0.021860470268, 0.11500399514, 0.69307782065, 0.17005771394],
      [0, 0.20047216737, 0.091871825799, 0.11060555589, 0.59705045093]
    ],
    [
      [0.0062785983125, 0.0003898531657, 0.020936506435, 0.89611271267, 0.076282329417],
      [0.0010277250338, 0.26918821083, 0.64762741834, 0.079566898119, 0.0025897476849],
      [0.017826064565, 0.031488069218, 0.76848387717, 0.11778572962, 0.064416259425],
      [0.00049408391901, 0.00042968319662, 0.047643802558, 0.91540464504, 0.036027785286],
      [0.39568384846, 0.0091869623157, 0.098738972876, 0.38297371471, 0.11341650164],
      [0.036772084602, 0.13790666719, 0.12139560554, 0.067027858391, 0.63689778428]
    ],
    [
      [0.01355460122, 0.00032224145971, 0.0094948475357, 0.92273902505, 0.053889284731],
      [0.0020829772062, 0.34854638278, 0.55618701164, 0.091730964377, 0.0014526639946],
      [0.034304626112, 0.047863269164, 0.76686996249, 0.11445252539, 0.03650961684],
      [0.0024054520391, 0.0010008021032, 0.032254053413, 0.9408421467, 0.023497545742],
      [0.59306510324, 0.011280796969, 0.068112020062, 0.27022957506, 0.057312504671],
      [0.071066002289, 0.23538006308, 0.15776566676, 0.095987281266, 0.43980098661]
    ],
    [
      [0.015309096288, 8.1633884369e-05, 0.029630067603, 0.85461177959, 0.10036742263],
      [0.0026029143318, 0.10563064315, 0.81693160913, 0.072856692538, 0.0019781408571],
      [0.036714596601, 0.0088507576587, 0.81735668294, 0.069805001926, 0.067272960872],
      [0.0030830237105, 0.00018804135036, 0.062319319912, 0.88673211677, 0.047677498254],
      [0.63843137707, 0.0022021464327, 0.054651874993, 0.21022562745, 0.09448897406],
      [0.061704359898, 0.040122251808, 0.17416568504, 0.08436628695, 0.6396414163]
    ],
    [
      [0.0086638561567, 0.00011548339493, 0.0065372640294, 0.94176304977, 0.042920346649],
      [0.0023579196159, 0.40767424699, 0.54054337062, 0.047459506815, 0.001964955957],
      [0.051266298549, 0.040153437479, 0.68742591222, 0.16545332312, 0.055701028628],
      [0.00069975696338, 0.00026041348732, 0.011336136448, 0.96873470411, 0.018968988992],
      [0.63334079261, 0.0068728548252, 0.039698454638, 0.26732952645, 0.052758371477],
      [0.087748996589, 0.20039619197, 0.082941919763, 0.052610306084, 0.57630258559]
    ],
    [
      [0.0084071855121, 0, 0.0045585707692, 0.94565032641, 0.041383917313],
      [0.0020269156263, 0.13852393476, 0.54116984401, 0.31650130579, 0.0017779998096],
      [0.029624425047, 0.0094315976557, 0.73604342662, 0.19679729857, 0.028103252105],
      [0.00018053660289, 4.4080473652e-05, 0.0076664835576, 0.98082792643, 0.011280972935],
      [0.5064492073, 0.002658814624, 0.07751888894, 0.35819211369, 0.055180975442],
      [0.065561044647, 0.068005179988, 0.18642830409, 0.19932154558, 0.4806839257]
    ],
    [
      ["NaN", "NaN", "NaN", "Inf", "Inf"],
      [0.00027173070608, 0.35308047024, 0.28984871519, 0.35449002056, 0.0023090633079],
      [0.0044754723291, 0.046729474627, 0.80195717736, 0.080886243513, 0.065951632175],
      [0.00015314447747, 0.00028489310504, 0.025716015967, 0.92615805049, 0.047687895956],
      [0.32161134447, 0.017984174238, 0.18404766111, 0.32646217106, 0.14989464912],
      [0.016104489829, 0.17879517999, 0.16735169439, 0.057537498754, 0.58021113703]
    ],
    [
      [0.011634493486, 0.0011123124264, 0.0094057898441, 0.91518324568, 0.062664158563],
      [0.0017719118122, 0.45051026062, 0.46330192436, 0.082107320994, 0.002308582214],
      [0.036617173325, 0.068831032365, 0.69712343466, 0.14048567364, 0.056942686],
      [0.0024330849247, 0.002900651021, 0.026927522804, 0.93799168374, 0.029747057508],
      [0.5374451219, 0.014669218095, 0.069398113549, 0.30695362956, 0.071533916895],
      [0.059690788946, 0.25923523061, 0.10576157266, 0.084840460951, 0.49047194683]
    ],
    [
      [0.019003224413, 0.00011753481729, 0.0096397963457, 0.91633584745, 0.054903596975],
      [0.0033977835689, 0.2507781189, 0.65151454656, 0.092341833137, 0.0019677178327],
      [0.058201999695, 0.02357827147, 0.74653229739, 0.13023867634, 0.041448755111],
      [0.0057011704299, 0.00033017819081, 0.032663111277, 0.93763832962, 0.023667210485],
      [0.72980316118, 0.0041403507644, 0.030851815761, 0.18996769059, 0.04523698171],
      [0.11191702849, 0.13054379416, 0.13719486125, 0.091206923842, 0.52913739226]
    ],
    [
      [0, 0, 0.0014649117751, 0.85005228511, 0.14848280312],
      ["NaN", "NaN", "NaN", "NaN", "NaN"],
      [0, 0, 0.7383670998, 0.11970462173, 0.14192827847],
      [0, 0, 0.021800888622, 0.91053847144, 0.067660639937],
      ["NaN", "NaN", "NaN", "NaN", "NaN"],
      ["NaN", "NaN", "NaN", "NaN", "NaN"]
    ],
    [
      [0.0025417242433, 0.00018632821327, 0.013453694966, 0.91465839307, 0.06915985951],
      [0.00045780326134, 0.29397523163, 0.62617205605, 0.077529409507, 0.0018654995452],
      [0.010793393141, 0.031783738405, 0.76243599923, 0.12489107375, 0.070095795478],
      [0.00036864081516, 0.00036868965329, 0.027910967174, 0.93926068163, 0.032091020731],
      [0.34096912082, 0.0086306697137, 0.09471123979, 0.44587363452, 0.10981533515],
      [0.027751330471, 0.12860420821, 0.11695481302, 0.11121326588, 0.61547638241]
    ],
    [
      [0.010724706944, 7.6765544423e-05, 0.0044788332612, 0.94377184678, 0.040947847469],
      [0.002132150335, 0.30485646442, 0.58267641361, 0.10908391957, 0.0012510520608],
      [0.041014340219, 0.030685069255, 0.7286250141, 0.16529919214, 0.034376384289],
      [0.00073722746901, 0.00030437503725, 0.018738710539, 0.96516823355, 0.015051453408],
      [0.54941859333, 0.0066907127001, 0.071698717415, 0.32489157693, 0.047300399623],
      [0.077968259222, 0.16992954778, 0.15242449125, 0.16502488857, 0.43465281318]
    ],
    [
      [0.011025703816, 0.0014445013416, 0.032660953236, 0.93698978793, 0.017879053677],
      ["NaN", "NaN", "NaN", "NaN", "NaN"],
      [0.033536889593, 0.068699116507, 0.80737703275, 0.074461446517, 0.015925514637],
      [0.0016165505057, 0.0023092323745, 0.058388023716, 0.9296953776, 0.0079908158051],
      [0.5746238911, 0.014414690326, 0.083887082566, 0.30742232393, 0.019652012074],
      ["NaN", "NaN", "NaN", "NaN", "NaN"]
    ],
    [
      [0.0017371254059, 5.7073420623e-05, 0.0068110965732, 0.95114735459, 0.040247350006],
      [0.00047183376251, 0.19142226309, 0.68810933514, 0.11864695265, 0.0013496153536],
      [0.0056606620986, 0.014066226176, 0.76196316615, 0.18351692953, 0.034793016048],
      [0.00018679065871, 0.00015660133688, 0.0097088693551, 0.98054562309, 0.0094021155582],
      [0.26926202554, 0.0053152323902, 0.10536906648, 0.54405853635, 0.075995139238],
      [0.014925378805, 0.098762011257, 0.17179285801, 0.2022549278, 0.51226482412]
    ],
    [
      [0, 8.0837052227e-05, 0.0090589510213, 0.70930973926, 0.28155047266],
      [0, 0.24810148603, 0.58365964095, 0.041266517834, 0.12697235518],
      [0, 0.021207144102, 0.75452785124, 0.031097657609, 0.19316734705],
      [0, 0.00081821212751, 0.025657578001, 0.81342174502, 0.16010246486],
      [0, 0.012195778256, 0.13006853066, 0.29299230526, 0.56474338582],
      [0, 0.054037278748, 0.025838903577, 0.0096269267787, 0.9104968909]
    ],
    [
      [0.012339435795, 8.0283505198e-05, 0.0073201499498, 0.92941813202, 0.050841998728],
      [0.0023611256087, 0.22354259037, 0.65813360061, 0.11410289608, 0.0018597873327],
      [0.038817232977, 0.021958922615, 0.75231265848, 0.14734918861, 0.03956199732],
      [0.0016491390429, 0.00027321533875, 0.024579985826, 0.9521920911, 0.021305568697],
      [0.53865253432, 0.0049940498346, 0.089487485075, 0.31216534003, 0.054700590747],
      [0.081982624293, 0.12770918883, 0.16006126953, 0.12044749671, 0.50979942063]
    ],
    [
      [0.0051647819029, 0.00036454240174, 0.0045888901918, 0.90601462311, 0.083867162391],
      [0.00068506398932, 0.40683208094, 0.23851786362, 0.34900162945, 0.0049633619948],
      [0.013339680605, 0.05796565391, 0.66434337174, 0.17949649908, 0.084854794666],
      [0.00014756958312, 0.00047111076671, 0.0091366219742, 0.9542109088, 0.036033788879],
      [0.36090493071, 0.01631860089, 0.081420094202, 0.40727578948, 0.13408058473],
      [0.022871019906, 0.19334458251, 0.09832629901, 0.088360271481, 0.59709782709]
    ],
    [
      [0.0083353980649, 0.00015537349075, 0.007140819442, 0.91635992305, 0.068008485953],
      [0.0012547981151, 0.33216711262, 0.57444566031, 0.089593487815, 0.0025389411447],
      [0.024494281702, 0.037698713209, 0.73711086327, 0.14297548188, 0.05772065994],
      [0.00060564985628, 0.0004800417838, 0.030372024424, 0.93736346014, 0.031178823794],
      [0.53847604563, 0.0097563745561, 0.04995871598, 0.31037353333, 0.091435330507],
      ["NaN", "NaN", "NaN", "NaN", "NaN"]
    ],
    [
      [0.017727544234, 0.0023616612809, 0.037749332634, 0.86072446025, 0.081437001601],
      [0.001130255936, 0.459980307, 0.50859205718, 0.029234465146, 0.0010629147433],
      [0.042367278404, 0.061095195691, 0.77187219667, 0.066564557306, 0.058100771929],
      [0.0047651369096, 0.0035434646644, 0.068472123587, 0.88439075226, 0.038828522577],
      [0.61664730502, 0.012447717205, 0.085402285975, 0.21598245673, 0.069520235074],
      [0.068635617412, 0.24531565813, 0.093955079227, 0.034249536337, 0.55784410889]
    ],
    [
      [0.0023645034817, 8.8872292053e-05, 0.023469080746, 0.93787817591, 0.036199367572],
      [0.00077349310835, 0.1808787596, 0.76289881963, 0.055448927657, 0],
      [0.016308973121, 0.0093450969902, 0.85671452497, 0.085408263069, 0.032223141845],
      [0.00037653919689, 0.00016969783015, 0.042723536464, 0.94699006745, 0.0097401590561],
      [0.52540591363, 0.0036836119455, 0.075458943918, 0.33748769692, 0.057963833586],
      [0.043665128261, 0.088039956549, 0.17931178449, 0.18176876787, 0.50721436283]
    ],
    [
      [0.008413202783, 0, 0.0024474989084, 0.96641412509, 0.022725173223],
      [0.0018063197656, 0.36715948609, 0.47679108944, 0.15354592317, 0.00069718153147],
      [0.034884102157, 0.041894310146, 0.65858764527, 0.2437666475, 0.02086729493],
      [0.00051510563381, 0.00020824235212, 0.0018174827483, 0.98993123656, 0.0075279327051],
      [0.51850183233, 0.0097468069206, 0.058358370413, 0.38357573166, 0.029817258672],
      [0.083983092201, 0.27367210446, 0.1500826993, 0.18721563218, 0.30504647186]
    ],
    [
      [0.013786121573, 4.3816807107e-05, 0, 0.96735506357, 0.018814998055],
      [0.0035350724162, 0.21226958315, 0.61638789834, 0.16722872104, 0.00057872505762],
      [0.055138385606, 0.012951859984, 0.70431093733, 0.21203275236, 0.015566064726],
      [0.00086120044026, 0.00016407795081, 0.007780482274, 0.98722870775, 0.003965531584],
      [0.65131093084, 0.0034488340643, 0.04255487519, 0.2819066224, 0.020778737508],
      [0.13990364045, 0.15185009094, 0.18535755907, 0.21615236466, 0.30673634488]
    ],
    [
      [0.0041821502084, 0.0012763311056, 0.010258402566, 0.90238116399, 0.081901952126],
      [0.00048915401542, 0.41472934872, 0.49788354235, 0.083570334664, 0.0033276202472],
      [0.013449916016, 0.0603921108, 0.70485149338, 0.14065149348, 0.080654986324],
      [0.00037481813924, 0.0011399917296, 0.027764420792, 0.92989347089, 0.040827298448],
      [0.33989889682, 0.016511830605, 0.091398415725, 0.42223806988, 0.12995278697],
      [0.024607806474, 0.20024940876, 0.095697783889, 0.079832544964, 0.59961245591]
    ],
    [
      [0.010932771509, 0.00028857102811, 0.0040112841969, 0.90473169457, 0.080035678696],
      [0.0021028438921, 0.37595653462, 0.52244699172, 0.096488988785, 0.0030046409851],
      [0.04233316414, 0.044958692551, 0.64827700445, 0.17443445308, 0.089996685782],
      [0.0012974539929, 0.00047155649485, 0.010798835121, 0.94632905117, 0.041103103224],
      [0.54527734306, 0.0082649574539, 0.049827422346, 0.30209092288, 0.094539354259],
      [0.055617518521, 0.1459379309, 0.081739299257, 0.096890208294, 0.61981504303]
    ],
    [
      [0.027623071818, 0.00075081528686, 0.013629035271, 0.87993994292, 0.078057134702],
      [0.0039978255914, 0.3850811091, 0.53993059551, 0.068601498965, 0.0023889708347],
      [0.079037835492, 0.049115471955, 0.70434130503, 0.10481726907, 0.062688118452],
      [0.011608819271, 0.0016109961122, 0.038232099785, 0.91067982911, 0.037868255724],
      [0.71117828572, 0.007648194678, 0.045928276105, 0.17837339274, 0.056871850752],
      [0.11137320399, 0.19081878952, 0.099948569164, 0.060570611596, 0.53728882573]
    ],
    [
      [0.0034327778609, 0, 0.0031930056596, 0.90266146323, 0.090712753246],
      [0.00035477944635, 0.27637107107, 0.5493598306, 0.16560446867, 0.0083098502126],
      [0.0098041358132, 0.030270228924, 0.7116781486, 0.15779003051, 0.090457456147],
      [0.00026942491416, 0, 0.0070962178928, 0.95043363146, 0.042200725735],
      [0.32641367273, 0.0095074803252, 0.094589182966, 0.41789412848, 0.1515955355],
      [0.018809111919, 0.11001373952, 0.11400524917, 0.10784245352, 0.64932944587]
    ],
    [
      [0.020217499208, 0.04914416482, 0.090320970749, 0.71524103382, 0.1250763314],
      [0.0010496966702, 0.79479769243, 0.19136205846, 0.010578257445, 0.0022122949956],
      [0.045087250584, 0.14280243019, 0.71657385947, 0.0029094806111, 0.092626979141],
      [0.0090956038612, 0.029846754768, 0.080704875663, 0.80697918622, 0.07337357949],
      [0.71334977707, 0.024367015787, 0.049608681241, 0.1291155223, 0.0835590036],
      [0.04462865567, 0.32356985596, 0.034921940406, 0.007310054733, 0.58956949324]
    ],
    [
      [0.013531548114, 9.4875986941e-05, 0.0090142459, 0.90698557022, 0.070373759776],
      [0.0031651712303, 0.24069160154, 0.66192723608, 0.091436372851, 0.0027796183045],
      [0.057733166265, 0.021207086395, 0.70927273714, 0.129401843, 0.082385167192],
      [0.0048789007142, 0.0002026504499, 0.017459776476, 0.94347332131, 0.033985351051],
      [0.60119035757, 0.0037519755726, 0.046712128546, 0.27175721532, 0.076588322997],
      [0.0795153385, 0.086987799566, 0.095944210103, 0.086877689845, 0.65067496199]
    ],
    [
      [0.019291181916, 0.00036021834699, 0.0061582117959, 0.92789069793, 0.046299690014],
      ["NaN", "NaN", "NaN", "NaN", "NaN"],
      [0.14647997459, 0.049649385291, 0.68229887113, 0.098281089058, 0.023290679924],
      ["NaN", "NaN", "NaN", "NaN", "NaN"],
      ["NaN", "NaN", "NaN", "NaN", "NaN"],
      [0.25795453608, 0.25157296437, 0.085426538434, 0.044649205744, 0.36039675537]
    ],
    [
      [0.011739301152, 0.00012214631673, 0.0025790284381, 0.92281192051, 0.062747603584],
      [0.0024710464085, 0.37700190578, 0.50146325165, 0.1159491329, 0.0031146632695],
      [0.045160539517, 0.04748378188, 0.6624566009, 0.17840495826, 0.066494119444],
      [0.0021664622607, 0.00042434419516, 0.0099608650396, 0.9579602339, 0.029488094609],
      [0.53957370915, 0.0091366343203, 0.056931786486, 0.32170202945, 0.072655840588],
      [0.066121908441, 0.18073747324, 0.099273066865, 0.12042016349, 0.53344738796]
    ],
    [
      [0.060555427685, 0, 0.031576559698, 0.8478949221, 0.059973090515],
      [0.0057488903037, 0, 0.93348316587, 0.060767943824, 0],
      [0.1193293719, 0, 0.80425978794, 0.048923565856, 0.027487274304],
      [0.016813780395, 0, 0.057839030055, 0.89745915966, 0.027888029894],
      [0.8306282378, 0, 0.043519294643, 0.099115124272, 0.026737343289],
      [0.19399234952, 0, 0.18153120864, 0.080995111841, 0.54348133]
    ],
    [
      [0.008158576993, 0.00015243608384, 0.009490365925, 0.91529856113, 0.066900059869],
      [0.0017189655532, 0.32227718053, 0.58861243114, 0.085705551389, 0.0016858713851],
      [0.033076963371, 0.033718747995, 0.70187358408, 0.15438618737, 0.076944517183],
      [0.00062694083144, 0.00032932682617, 0.012193268183, 0.95562537648, 0.031225087677],
      [0.48833756748, 0.0068459201371, 0.059196733164, 0.35642006193, 0.089199717297],
      [0.049247788711, 0.12377875618, 0.096532600203, 0.1335194318, 0.5969214231]
    ],
    [
      [0.0044306514138, 0.00091750254432, 0.010777103234, 0.9187033827, 0.065171360106],
      [7.8684914133e-05, 0.51097478194, 0.21621510769, 0.27226357653, 0.00046784892674],
      [0.0039977560211, 0.086826045011, 0.80332598701, 0.072382536708, 0.03346767525],
      [0, 0.00047983093117, 0.025853478389, 0.94747026705, 0.026196423631],
      [0.43540523191, 0.033509404452, 0.1673827587, 0.28696670099, 0.076735903945],
      [0.011451935927, 0.36734746394, 0.18568633639, 0.063222220622, 0.37229204311]
    ],
    [
      [0, 0.00024686714475, 0.0070583377644, 0.93005011622, 0.062644678872],
      [0, 0.39255447309, 0.50834690702, 0.096841678884, 0.0022569410113],
      [0, 0.052148194497, 0.72960759026, 0.15756705971, 0.060677155529],
      [0, 0.00051287895272, 0.020120861942, 0.95219594164, 0.027170317465],
      [0, 0.022719586419, 0.13793250234, 0.67670489846, 0.16264301279],
      [0, 0.20275667426, 0.11756438576, 0.12905313894, 0.55062580104]
    ],
    [
      [0.012845340182, 0.0033416280266, 0.20993270998, 0.64200785363, 0.13187246818],
      [0.0010262341377, 0.41988363805, 0.55153089468, 0.022881094725, 0.00467813841],
      [0.036438529568, 0.048713364958, 0.80773826925, 0.032043676425, 0.075066159799],
      [0.0037445743407, 0.010359777942, 0.070277466388, 0.82751424984, 0.08810393149],
      [0.64686684481, 0.0088654707818, 0.063219684122, 0.16611344608, 0.1149345542],
      [0.043858012509, 0.13983213873, 0.10388849264, 0.035621670028, 0.67679968609]
    ],
    [
      [0.0092986358074, 3.4619157465e-05, 0.0055942237198, 0.94148321484, 0.043589306474],
      [0.0021456086903, 0.13992914647, 0.71333362805, 0.14320101307, 0.001390603723],
      [0.032609032739, 0.0097855468911, 0.7507183423, 0.17334731921, 0.033539758862],
      [0.00061568354548, 0.00012895265508, 0.014121433923, 0.97072135324, 0.014412576635],
      [0.5165062867, 0.0027530577034, 0.079648456684, 0.34724566259, 0.053846536325],
      [0.073951439106, 0.074961679979, 0.17721462797, 0.17166998017, 0.50220227277]
    ],
    [
      [0.014157307977, 0.0003382874782, 0.024680303507, 0.86778052807, 0.093043572968],
      [0.0020215439653, 0.21530485747, 0.70844205708, 0.071308055961, 0.0029234855197],
      [0.033777043809, 0.022479045049, 0.79736483193, 0.082928550019, 0.063450529191],
      [0.0030643552285, 0.00071276999186, 0.063646811796, 0.8885060353, 0.044070027689],
      [0.58882835422, 0.0054845159981, 0.076017509828, 0.23700254512, 0.092667074828],
      [0.064726250891, 0.10609070869, 0.1066474555, 0.04766668924, 0.67486889568]
    ],
    [
      [0.01856077858, 0.00089732470451, 0.0057488737757, 0.93469551894, 0.040097504],
      [0.0017416470789, 0.58529273434, 0.27106453847, 0.1410613616, 0.00083971851837],
      [0.056911115017, 0.10451599075, 0.66101893541, 0.14571475117, 0.031839207654],
      [0.0043973673037, 0.0020338323588, 0.011456985062, 0.96386254176, 0.018249273513],
      [0.64896428902, 0.018950727054, 0.058381594785, 0.23941734266, 0.034286046482],
      [0.092141059511, 0.4311230168, 0.094054721523, 0.07274513395, 0.30993606821]
    ],
    [
      [5.3535999291e-18, 0.0010191757983, 0.000895400808, 0.77956380828, 0.21852161512],
      [0, 0.66379589738, 0.2539829147, 0.068559348459, 0.013661839468],
      [0, 0.11490250036, 0.48389532521, 0.16531820745, 0.23588396698],
      [0, 8.7516728315e-05, 0.0047271288827, 0.89312846816, 0.10205688623],
      [0, 0.03406328169, 0.059357048617, 0.48822938915, 0.41835028054],
      [0, 0.16936117248, 0.0082430965581, 0.018229578697, 0.80416615226]
    ],
    [
      [0.010277138542, 0.00069563970401, 0.026435146115, 0.86793232473, 0.094659750906],
      [0.00017238853846, 0.56549189736, 0.41095387967, 0.021515407881, 0.0018664265425],
      [0.02266533751, 0.052545784783, 0.77137570518, 0.082417828809, 0.070995343719],
      [0.00093927815395, 0.0010578514415, 0.062022425551, 0.89145167474, 0.044528770117],
      [0.80259210391, 0.0070990760142, 0.019470779484, 0.10249958849, 0.068338452097],
      ["NaN", "Inf", "Inf", "NaN", "NaN"]
    ],
    [
      ["NaN", "NaN", "NaN", "NaN", "NaN"],
      ["NaN", "NaN", "NaN", "NaN", "NaN"],
      [0, 0, 0.6, 0.24509046634, 0.15490953366],
      [0, 0, 0, 0.94363691708, 0.056363082923],
      ["NaN", "NaN", "NaN", "NaN", "NaN"],
      ["NaN", "NaN", "NaN", "NaN", "NaN"]
    ],
    [
      [0.013915824081, 0.000245800695, 0.0027092803839, 0.91685239771, 0.066276697133],
      [0.0024273980664, 0.39364437052, 0.50200938693, 0.099230520387, 0.0026883241016],
      [0.047315505767, 0.050990316476, 0.66533296005, 0.17121592905, 0.065145288658],
      [0.0036531275332, 0.00053945777286, 0.015381666898, 0.94883542608, 0.031590321714],
      [0.59441389077, 0.0095828189194, 0.048408340157, 0.27572013692, 0.071874813229],
      [0.073696250801, 0.19644582144, 0.09737986278, 0.088520885019, 0.54395717996]
    ],
    [
      [0.013218775603, 0.00052275903842, 0.0087905255827, 0.89737767235, 0.080090267427],
      [0.0015444329492, 0.3838574648, 0.50075256916, 0.11180454157, 0.0020409915218],
      [0.032922622839, 0.051108041824, 0.74682988694, 0.1099070499, 0.0592323985],
