{
  "Z_true": {},
  "V_true": [
    [2639, 991, 772, 106],
    [1032, 4652, 508, 218],
    [1038, 348, 17600, 734],
    [186, 575, 344, 226],
    [204, 192, 846, 682]
  ],
  "p_true": [
    [0.5854, 0.2198, 0.1713, 0.0235],
    [0.161, 0.7257, 0.0793, 0.034],
    [0.0526, 0.0176, 0.8925, 0.0372],
    [0.1397, 0.432, 0.2585, 0.1698],
    [0.106, 0.0998, 0.4397, 0.3545]
  ],
  "Z_est": [
    [
      [7.3955, 69.7417, 100.2495, 125.9445, 2.7748, 33.7155, 35.5973, 77.2414, 89.3566, 67.3808, 69.846, 77.2414, 112.1134, 147.9091, 50.1268, 59.8077, 102.4494, 64.6564, 4.5045, 6.0143, 27.0694, 0, 0.9038, 83.7875, 30.5989, 100.3994, 69.7417, 56.661, 16.4343, 63.4494, 197.4171, 152.0177, 58.466, 107.5807, 7.0737, 1.6434, 7.3955, 60.0787, 150.7164, 46.0347, 66.1093, 12.9076, 1.6995, 2.2301, 43.551, 0, 39.8062, 288.4228, 4.3589, 149.5525, 12.3501, 397.7253, 94.0505],
      [0.5725, 3.7162, 7.7606, 10.0506, 0.1273, 0.9255, 5.6154, 5.9795, 15.4674, 5.8342, 5.407, 4.7525, 8.3967, 13.7716, 11.6128, 4.9617, 13.4915, 13.0255, 1.7792, 1.3752, 0.7214, 1.8292, 0.0636, 6.3612, 1.273, 7.5864, 3.4797, 0, 1.2722, 0.8627, 25.6509, 11.4144, 2.4241, 2.6989, 0.2891, 0.1272, 0.5725, 4.6436, 7.1857, 7.9815, 3.308, 3.2237, 1.2745, 2.973, 1.8878, 0, 3.0534, 22.3276, 0.3395, 11.5773, 1.145, 33.4121, 10.2139],
      [0.2936, 2.2644, 2.3259, 6.3902, 0.0979, 1.1593, 1.6313, 3.0668, 3.9477, 2.0573, 2.7732, 5.6097, 2.836, 6.3876, 2.4183, 2.9313, 4.3719, 7.7337, 0.0293, 0.2936, 0.6449, 0.1708, 0.0326, 3.6431, 1.1745, 5.8406, 3.4516, 2.0881, 0.6525, 0.8627, 8.4175, 4.2601, 2.2186, 3.9477, 0.261, 0.0653, 0.2936, 0, 7.769, 6.4843, 1.8101, 0.5873, 0.6978, 0.6088, 1.7292, 0, 1.566, 11.4517, 3.5492, 5.9379, 2.9999, 19.5045, 3.6541],
      [0.7384, 8.2776, 11.6639, 15.6146, 0, 3.1998, 7.156, 7.7123, 12.2283, 6.7277, 6.9738, 6.3964, 8.6539, 11.9318, 8.842, 10.2993, 13.6871, 6.5845, 0.687, 1.3169, 0.5644, 0, 0, 6.2082, 2.9536, 10.1736, 4.3269, 5.2509, 1.6409, 5.8252, 26.5144, 17.3078, 4.8913, 6.7726, 0.3763, 0.1641, 0.7384, 8.2776, 17.3289, 4.4994, 6.7726, 1.2814, 0.3282, 0.1881, 5.832, 0, 3.5744, 28.7979, 0.7525, 14.9322, 1.505, 32.358, 4.0816]
    ],
    [
      [0.1314, 6.2177, 6.8321, 7.4514, 1.0383, 3.066, 2.2538, 2.2959, 3.6955, 4.2777, 4.5996, 3.9516, 13.5419, 9.7327, 0, 3.6337, 6.3475, 4.0937, 0.0591, 0.1971, 8.1559, 0, 0.7267, 2.3783, 2.4378, 6.3476, 4.4157, 4.5536, 1.7563, 4.1397, 8.818, 16.521, 7.6597, 15.6799, 2.7954, 0.322, 0.6879, 5.1214, 8.7853, 2.2685, 1.9392, 0.5122, 0.092, 0.138, 3.6235, 0, 3.7716, 20.9655, 0.2561, 9.6349, 0.7819, 25.16, 2.4515],
      [3.3878, 102.0237, 159.2266, 203.2442, 2.41, 60.1334, 85.8756, 212.3622, 244.0125, 184.4639, 197.5678, 88.4135, 229.4909, 225.2887, 119.251, 94.2594, 221.5982, 105.0411, 2.5408, 7.6225, 14.5123, 0, 3.8414, 55.0517, 24.1001, 144.0699, 64.3681, 53.1129, 36.6103, 64.2659, 206.9031, 225.2863, 49.8069, 86.7603, 8.8367, 8.8367, 16.6986, 103.2045, 144.7363, 52.6822, 44.8883, 12.0583, 4.41, 7.1754, 65.8736, 0.8469, 70.2968, 485.3023, 5.9286, 177.6691, 24.5615, 516.6394, 57.6814],
      [0, 6.6387, 11.4864, 25.3084, 2.5516, 4.5967, 4.3059, 12.3929, 10.3311, 7.4852, 19.5649, 10.0492, 17.4155, 20.6924, 6.8235, 9.0058, 11.021, 7.9632, 0.0628, 0, 1.8196, 0, 0.4318, 4.2082, 4.4268, 16.4799, 11.3378, 6.8165, 7.1509, 3.4073, 7.7417, 17.9982, 10.1491, 12.4891, 1.96, 0.155, 1.0959, 7.5055, 11.3725, 4.014, 0.1019, 0.7054, 0.3237, 0.5179, 6.8376, 0.1531, 5.7276, 36.3163, 0.4532, 13.6605, 2.3075, 39.1967, 4.3377],
      [0.4808, 10.1199, 10.4549, 13.9961, 0, 3.2039, 5.5647, 9.949, 10.9608, 7.7732, 11.2677, 5.5857, 8.5517, 10.2863, 7.9255, 8.1011, 13.0333, 5.902, 0.3373, 1.1804, 0.5122, 0, 0, 3.3618, 3.0353, 9.1026, 3.8784, 3.5169, 2.4825, 6.1871, 17.5372, 18.1945, 4.3843, 6.0706, 0.4078, 1.6863, 1.5176, 8.1686, 9.1059, 3.0353, 6.0706, 0.7241, 0.1743, 0.1686, 8.6653, 0, 3.2039, 30.4159, 0.362, 10.0355, 1.349, 29.0039, 2.5294]
    ],
    [
      [0.6769, 7.2203, 11.7074, 2.5424, 0.3761, 4.9432, 3.6854, 8.3485, 9.2511, 6.9622, 0, 6.3308, 9.9743, 10.0367, 3.8884, 0.5733, 8.0025, 6.4595, 0.0238, 0.6017, 4.7295, 0, 0.3695, 8.8875, 11.6778, 10.8823, 7.6575, 14.1745, 4.3034, 6.7691, 19.3295, 18.9862, 7.9346, 25.48, 0.6602, 2.646, 2.7609, 6.4682, 14.3655, 3.5656, 9.0907, 1.2786, 0.1504, 0.2256, 3.4861, 0, 10.2669, 39.5218, 0.3715, 18.8897, 0.1254, 41.1409, 8.1755],
      [2.3583, 0, 6.7875, 0.9975, 0.0712, 1.7082, 4.8882, 6.3851, 11.3065, 5.3407, 2.9772, 0, 3.0179, 5.4092, 3.6791, 2.7297, 6.575, 3.8883, 0.0325, 2.2528, 0.4035, 0.1708, 0.0949, 3.7174, 0.7121, 4.444, 1.8277, 1.6853, 1.0207, 1.8704, 12.8363, 6.3851, 1.0543, 2.5635, 0, 0.2928, 0.6166, 2.9196, 2.1206, 1.6853, 2.058, 2.514, 0.0888, 0.1227, 0, 0.1531, 2.35, 27.989, 0, 5.1745, 0, 15.0726, 1.7328],
      [28.2398, 289.8994, 577.8041, 818.1716, 14.5527, 201.673, 200.7262, 521.51, 592.7102, 342.5496, 359.805, 456.1567, 354.7461, 539.6306, 310.2876, 378.7286, 501.3376, 464.5657, 3.7673, 27.1326, 84.6025, 20.8292, 18.5356, 441.4849, 385.4504, 763.6437, 445.4865, 560.1418, 216.8368, 246.0976, 546.316, 766.2263, 396.7182, 577.7817, 22.1634, 29.0245, 50.2411, 253.7482, 520.7518, 181.1617, 238.6765, 39.7665, 8.6726, 11.5635, 164.7801, 4.8469, 263.7075, 1934.7296, 43.2758, 736.9972, 74.2152, 1703.691, 217.7689],
      [0.725, 3.8802, 5.701, 7.2885, 0, 1.6756, 5.7003, 4.7564, 5.7322, 3.1475, 3.2178, 1.5125, 3.2618, 4.9235, 4.1448, 3.9684, 6.0849, 3.0866, 0.1764, 2.0129, 0.2646, 0, 0, 2.9102, 2.1597, 8.03, 2.0283, 2.9984, 1.8391, 3.2629, 14.5183, 10.4024, 2.2929, 3.1747, 0.1764, 4.0367, 2.3814, 6.864, 4.7621, 1.5874, 3.1747, 0.4409, 0.0882, 0.0882, 2.7338, 0, 1.6756, 17.7597, 0.3527, 4.9385, 0.6594, 8.0955, 1.3228]
    ],
    [
      [0.029, 2.4634, 1.045, 1.7126, 0.0871, 0.7543, 0.3713, 1.9158, 2.061, 0.7047, 1.0048, 0.8999, 1.2124, 1.3063, 0.5228, 0.5515, 1.2267, 1.1321, 0.029, 0.029, 0.0581, 0, 0, 0.8714, 0.2303, 0.7257, 0.2903, 0.8128, 0.1742, 0.6819, 1.1321, 1.1031, 0.6819, 1.2578, 0.0871, 0.0871, 0.0871, 0.5225, 0.6386, 0.3774, 0.6895, 0, 0.0581, 0.0227, 0.6676, 0, 0.3483, 4.4413, 0.1451, 1.045, 0.2903, 2.8447, 0.1161],
      [0.6134, 21.26, 22.0825, 36.1908, 0.3624, 11.6547, 12.9066, 41.6684, 44.1342, 27.1824, 39.8712, 17.7495, 25.4897, 28.3608, 17.394, 11.6547, 33.4646, 23.9227, 0.6134, 0.6134, 1.2268, 0, 0, 13.2371, 3.6243, 15.3351, 6.134, 15.5142, 3.6804, 13.6746, 23.9227, 23.3093, 7.4903, 14.9314, 1.8402, 1.6367, 1.8402, 11.0413, 13.4949, 8.1408, 7.0289, 0, 1.2268, 0.6858, 14.1083, 0, 7.3608, 93.8506, 1.6544, 22.0825, 5.9873, 60.1135, 2.4536],
      [0.1529, 5.9638, 5.5051, 9.0222, 2.5505, 2.9054, 2.1499, 10.0926, 10.8572, 3.6711, 10.8217, 6.0065, 3.9246, 6.8813, 3.5713, 2.9054, 8.2576, 8.563, 0.0805, 0.1529, 0.3058, 0, 0, 3.3892, 0.9175, 3.823, 1.5292, 5.9427, 0.9175, 3.5171, 5.8515, 5.8109, 2.1673, 3.823, 0.4588, 0.3042, 0.4588, 2.7178, 3.3642, 1.9879, 2.2938, 0, 0.3058, 0.1529, 3.5171, 0, 1.835, 23.3965, 2.1772, 5.5051, 2.614, 14.986, 0.6117],
      [0.2047, 9.3127, 7.3674, 12.0744, 0, 3.6856, 4.5722, 12.3232, 13.9476, 7.4418, 13.3023, 6.3442, 6.3733, 8.4516, 6.5119, 3.8884, 11.0512, 5.3822, 0.2771, 0.2047, 0.4093, 0, 0, 4.5023, 1.2279, 5.1163, 2.0465, 5.7302, 1.2279, 5.1264, 8.0937, 7.7767, 2.6605, 4.9878, 0.614, 0.972, 0.614, 3.7184, 4.5023, 2.4939, 4.9878, 0, 0.4093, 0.1386, 4.707, 0, 2.4558, 31.3116, 1.0233, 7.3674, 1.1084, 20.0558, 0.8186]
    ],
    [
      [0.7672, 10.3568, 24.166, 24.349, 0.7237, 6.521, 7.0922, 21.1983, 18.6358, 13.6746, 24.5496, 14.5763, 23.1581, 23.0152, 14.4619, 14.4338, 19.9739, 12.6584, 0.3836, 1.1579, 1.9872, 0, 0, 19.0753, 8.0553, 17.645, 13.8949, 22.798, 5.3318, 14.9599, 30.3034, 33.3721, 15.2577, 16.0015, 0.3836, 2.3015, 3.0687, 13.8091, 16.4942, 5.7538, 13.1712, 2.3015, 0, 0.3836, 7.6717, 0, 11.807, 73.6487, 0.8684, 16.8778, 3.4523, 80.129, 16.2065],
      [0.068, 0, 2.1428, 2.517, 0.0291, 0.5782, 0.7143, 2.6048, 3.0793, 2.1788, 2.1768, 1.0845, 2.6048, 2.1698, 3.063, 1.3945, 1.8707, 1.1224, 0.034, 0.1361, 0.1361, 0, 0, 1.6326, 0.2905, 1.5646, 1.1905, 0.6875, 0.4164, 1.3265, 2.687, 2.6048, 1.2245, 1.0458, 0.034, 0.1065, 0.2721, 1.1911, 1.4626, 0.5102, 0.7168, 0.2041, 0, 0.0431, 0.1303, 0, 0.939, 6.5305, 0.0775, 1.4966, 0.3061, 9.7624, 0.9183],
      [0.3136, 4.2336, 9.8785, 13.1077, 0.2473, 2.6656, 3.1867, 8.9377, 8.1537, 6.2368, 10.0353, 8.1779, 8.0777, 9.4081, 6.8993, 6.4289, 8.0119, 5.1745, 0.0601, 0.4209, 0.6272, 0, 0, 11.2746, 4.0307, 7.2129, 9.1949, 11.0109, 3.4423, 6.1153, 8.6733, 12.7045, 7.7468, 5.9585, 0.1568, 0.451, 0.9106, 4.0285, 6.7425, 2.352, 4.1178, 0.9408, 0, 0.1568, 3.136, 0, 4.1638, 30.1059, 0.5447, 6.8993, 1.8634, 35.6218, 3.6276],
      [0.8512, 12.4095, 26.8127, 34.0264, 0, 7.2352, 10.0068, 24.2591, 22.1311, 17.9098, 27.2383, 14.1612, 19.1593, 25.4069, 19.5758, 18.7428, 25.1435, 14.0448, 0.5223, 2.2852, 1.2495, 0, 0, 16.0175, 8.6235, 19.5775, 10.7198, 16.5036, 6.8096, 16.5983, 37.3363, 38.3186, 11.771, 14.9942, 0.4256, 3.141, 3.7486, 16.9713, 18.3007, 6.384, 14.9942, 2.5536, 0, 0.4165, 9.0619, 0, 8.0903, 81.7149, 1.5094, 18.7263, 3.3782, 82.4868, 6.2476]
    ]
  ],
  "V_est": [
    [3654.2997, 315.7958, 164.9942, 372.9103],
    [256.314, 5385.2299, 428.8944, 339.5617],
    [405.9757, 174.0811, 18953.9274, 186.0158],
    [39.5468, 813.8163, 208.7169, 268.92],
    [742.8638, 69.0769, 313.467, 798.5923]
  ],
  "p_est": [
    [0.8106, 0.0701, 0.0366, 0.0827],
    [0.04, 0.8401, 0.0669, 0.053],
    [0.0206, 0.0088, 0.9612, 0.0094],
    [0.0297, 0.6114, 0.1568, 0.202],
    [0.3861, 0.0359, 0.1629, 0.4151]
  ],
  "EI_Z": {},
  "EI_V": 13.065,
  "MAE_Z": {},
  "MAE_V": 442.8121,
  "MAE_p": 0.1039,
  "runtime": 6.415
}
