{
  "Z_true": {},
  "V_true": [
    [136, 560, 441, 64, 64],
    [278, 5425, 629, 403, 133],
    [888, 351, 15606, 399, 378],
    [219, 496, 409, 88, 49],
    [614, 207, 695, 115, 192]
  ],
  "p_true": [
    [0.1075, 0.4427, 0.3486, 0.0506, 0.0506],
    [0.0405, 0.7899, 0.0916, 0.0587, 0.0194],
    [0.0504, 0.0199, 0.8856, 0.0226, 0.0215],
    [0.1737, 0.3933, 0.3243, 0.0698, 0.0389],
    [0.3368, 0.1135, 0.3812, 0.0631, 0.1053]
  ],
  "Z_est": [
    [
      [0.1609, 0.3903, 0.1781, 0.1404, 0.1404, 0.1541, 0.0377, 0.1404, 0.2191, 0.2191, 0.1815, 0.0445, 0.0308, 0.0308, 0.6698, 0.2842, 0.0719, 0.0274, 0.2123, 0.1781, 0.0068, 0.0103, 0.0274, 0.0171, 0.0103, 0.246, 0.0924, 0, 0, 0.3732, 0, 0, 0, 0.1335, 0.0479, 0.3732, 0],
      [7.0888, 17.1941, 7.8429, 6.1838, 6.1838, 6.7871, 1.6591, 6.1838, 9.6528, 9.6528, 7.9937, 1.9607, 1.3574, 1.3574, 4.9772, 12.5185, 3.1673, 1.2066, 9.3512, 7.8429, 0.3017, 0.4525, 1.2066, 0.7541, 1.7778, 12.1311, 4.0723, 0, 0, 16.4399, 0, 0, 0.6319, 5.8822, 2.1116, 16.4399, 10.5487],
      [18.9871, 46.0538, 21.007, 16.5632, 16.5632, 18.1791, 4.4438, 16.5632, 25.8548, 25.8548, 21.411, 5.2517, 3.6358, 3.6358, 13.3314, 37.142, 8.4836, 3.2318, 25.0468, 21.007, 0.808, 1.2119, 3.4862, 2.0199, 1.2119, 21.8149, 10.9075, 0, 0, 44.0339, 0, 0, 0.808, 15.7552, 5.6557, 44.0339, 10.9075],
      [13.1629, 31.9271, 14.5632, 11.4825, 11.4825, 12.6028, 3.0807, 11.4825, 17.924, 17.924, 14.8433, 3.6408, 2.5206, 2.5206, 8.6853, 19.6336, 5.8813, 2.2405, 17.3639, 14.5632, 0.5601, 0.8402, 1.9862, 1.4003, 0, 11.0757, 7.5617, 0, 0, 30.5268, 0, 0, 0.5601, 10.9224, 3.9209, 30.5268, 1.1777],
      [7.6003, 18.4347, 8.4088, 6.63, 6.63, 7.2769, 1.7788, 6.63, 10.3493, 10.3493, 8.5705, 2.1022, 1.4554, 1.4554, 5.3364, 13.4218, 3.3959, 1.2937, 10.0259, 8.4088, 0.3234, 0.4851, 1.2937, 0.8085, 0, 8.7322, 4.3661, 0, 0, 17.6262, 0, 0, 0, 6.3066, 2.2639, 17.6262, 4.3661]
    ],
    [
      [5.221, 15.0765, 9.3363, 4.2824, 12.4073, 7.7266, 0, 1.9359, 7.6556, 8.3889, 11.6293, 0.9818, 0, 1.1543, 9.6526, 4.2531, 2.2879, 0.9093, 34.987, 12.8718, 0, 0, 0.704, 1.7034, 0.2622, 2.0532, 9.7167, 0, 0, 24.756, 0.0293, 0, 0, 6.2702, 2.9332, 17.3937, 0],
      [159.0385, 459.246, 158.1899, 130.4473, 370.5502, 133.4628, 307.5089, 58.9693, 233.1969, 255.5338, 291.974, 628.0479, 326.1867, 31.1439, 106.3235, 132.2518, 69.691, 24.2819, 200.3286, 126.472, 87.6052, 104.7765, 21.4434, 18.763, 2.6804, 66.168, 59.45, 0.8935, 0.9809, 754.0927, 0.8935, 2.2316, 38.9388, 83.4311, 89.3475, 529.8305, 36.0598],
      [3.4072, 9.8386, 26.515, 2.7946, 15.4864, 2.9286, 0, 1.8812, 4.9959, 5.4744, 6.2975, 0, 0, 0.6699, 2.2778, 2.7755, 1.493, 4.0092, 4.881, 2.8903, 2.0662, 0, 1.7022, 0.402, 0.0574, 1.3399, 10.8988, 0.1003, 0.0191, 16.1553, 0.0191, 0.7684, 1.0612, 1.8184, 1.9141, 11.3508, 0.7082],
      [9.2174, 26.6164, 10.6673, 7.5603, 21.9042, 7.9228, 16.4344, 2.7998, 13.5153, 14.8099, 17.0366, 55.0719, 17.8133, 1.8124, 0, 0, 4.0391, 1.6053, 13.2046, 7.8192, 6.1738, 5.2315, 0, 0, 0, 0, 4.4015, 0, 0, 43.7048, 0, 0, 0, 2.8846, 5.1783, 30.7073, 0],
      [1.1159, 3.2224, 1.2915, 0.9153, 2.6519, 0.9592, 10.0566, 0.4138, 1.6363, 1.793, 2.0626, 1.8985, 0, 0.2194, 0.746, 5.7197, 0.489, 0.1943, 1.5987, 0.9467, 3.1548, 0.992, 0.1505, 0.1317, 0, 0.4389, 0.5329, 0.0063, 0, 5.2913, 0.0581, 0, 0, 0.5956, 0.6269, 3.7177, 0.232]
    ],
    [
      [47.485, 48.0227, 45.3196, 30.133, 7.3526, 27.0445, 0, 7.8863, 71.6149, 34.9313, 43.1105, 2.5835, 0, 2.4622, 17.8708, 23.0351, 14.2668, 6.7065, 107.9665, 51.2116, 0.2018, 0, 0.5923, 6.2712, 1.7276, 15.9869, 24.1493, 0, 0, 35.5549, 0.3026, 0, 0, 25.1977, 0.9898, 2.0711, 0],
      [1.1318, 17.1199, 0, 4.1018, 0, 0, 19.6734, 1.1795, 5.1487, 20.3487, 0, 20.9151, 8.1424, 0, 10.3452, 18.8682, 5.9042, 0, 0, 0, 0.0631, 5.4344, 0.6456, 0.5469, 1.5418, 4.5649, 0, 0, 0.0191, 43.4821, 0.1022, 0, 0.8252, 0, 17.4276, 28.5727, 6.945],
      [742.4279, 1512.4614, 837.3085, 643.5011, 530.3694, 351.0242, 137.6345, 456.4965, 1317.1909, 1008.2837, 720.5653, 38.2664, 3.2952, 52.8758, 307.2745, 769.0624, 225.2046, 114.2696, 1080.3871, 623.8486, 4.5605, 1.3212, 101.6003, 43.6321, 10.7306, 331.533, 444.1931, 20.3372, 0.9809, 1931.1128, 7.7572, 14, 9.121, 358.3525, 169.7961, 974.3873, 153.4884],
      [2.0659, 34.2223, 2.7905, 6.2994, 3.5964, 6.1965, 1.3805, 0, 2.1945, 19.7384, 4.1438, 0.542, 20.5624, 0.1216, 0, 0, 3.1333, 0.4636, 22.0538, 3.208, 0.0423, 0.0593, 0, 0, 0, 0, 5.2349, 0, 0, 16.5687, 0, 0, 0.0538, 0, 4.8593, 12.8712, 0],
      [11.8894, 52.1736, 32.5814, 14.9646, 16.6815, 7.7348, 4.3116, 13.4378, 40.8509, 31.698, 3.1804, 1.6929, 0, 1.5404, 3.5095, 22.0344, 2.4912, 1.5603, 39.5925, 17.7318, 0.1323, 0.1852, 1.1619, 3.5499, 0, 9.9152, 13.4227, 1.6628, 0, 36.2815, 0.8379, 0, 0, 25.4498, 6.9272, 32.0977, 4.5666]
    ],
    [
      [0.0007, 0.0006, 0.0005, 0.0005, 0.0004, 0.0003, 0.0002, 0.0002, 0.0005, 0.0005, 0.0002, 0.0003, 0.0002, 0.0001, 0.0002, 0.0005, 0.0001, 0.0001, 0.0006, 0.0002, 0, 0, 0.0001, 0, 0, 0.0003, 0.0001, 0, 0, 0.0014, 0, 0, 0, 0.0004, 0.0002, 0.0006, 8.1152e-06],
      [31.3282, 27.8898, 24.4513, 22.9231, 17.9564, 14.518, 9.9333, 9.5513, 24.4513, 24.0693, 8.7872, 14.9, 10.6974, 3.4385, 9.1692, 24.0693, 6.1128, 3.4385, 29.8, 11.4616, 0, 2.2923, 2.6744, 1.9103, 0, 12.9898, 5.3487, 1.1065, 0, 68.0052, 0, 0.7641, 1.1481, 19.4846, 8.0231, 28.6539, 0.3821],
      [42.7099, 38.0222, 33.3345, 31.2511, 24.48, 19.7924, 13.5422, 13.0213, 33.3345, 32.8137, 11.9796, 20.3132, 14.5839, 4.6877, 12.5004, 32.8137, 8.3336, 4.6877, 40.6265, 15.6256, 0, 3.1251, 3.646, 2.6043, 0, 17.709, 7.2919, 1.5626, 0, 92.7117, 0, 1.2359, 1.5626, 26.5635, 10.9379, 39.0639, 0.5209],
      [7.9086, 7.0406, 6.1726, 5.7868, 4.533, 3.665, 2.5076, 2.4112, 6.1726, 6.0761, 2.2183, 3.7614, 2.7005, 0.868, 2.3147, 6.0761, 1.5431, 0.868, 7.5228, 2.8934, 0, 0.5787, 0.6751, 0.4822, 0, 3.2792, 1.3502, 0, 0, 17.1674, 0, 0, 0.2893, 4.9188, 2.0254, 7.2335, 0.0964],
      [0.0526, 0.0469, 0.0411, 0.0385, 0.0302, 0.0244, 0.0167, 0.016, 0.0411, 0.0404, 0.0148, 0.025, 0.018, 0.0058, 0.0154, 0.0404, 0.0103, 0.0058, 0.0501, 0.0193, 0, 0.0039, 0.0045, 0.0032, 0, 0.0218, 0.009, 0.3309, 0, 0.1142, 0, 0, 0, 0.0327, 0.0135, 0.0481, 0.0006]
    ],
    [
      [64.1324, 85.5099, 80.1655, 53.4437, 48.0993, 36.0745, 21.9621, 18.0372, 85.5099, 61.4602, 38.0786, 27.3899, 17.969, 9.3526, 30.8066, 45.4271, 19.3733, 11.3568, 80.8335, 34.7384, 1.7913, 3.9897, 4.6763, 4.0083, 0, 22.7136, 20.0414, 0, 0, 152.3144, 0.668, 0, 0, 31.3982, 14.029, 78.1614, 8],
      [0.4127, 0.5503, 0.5159, 0.3439, 0.3095, 0.2321, 0.2253, 0.1161, 0.5503, 0.3955, 0.245, 0.1763, 1.6161, 0.0602, 0.1849, 0.2923, 0.1247, 0.0731, 0.5202, 0.2235, 0.0301, 0.0444, 0.0301, 0.0258, 0, 0.1462, 0.129, 0, 0, 0.9802, 0.0043, 0.0043, 1.456, 0.2021, 0.0903, 0.503, 0.0645],
      [21.4679, 28.6239, 26.8349, 17.89, 16.101, 12.0757, 7.3796, 6.0379, 28.6239, 20.5734, 12.7466, 9.1686, 6.4851, 3.1307, 9.6159, 15.2065, 6.4851, 3.8016, 27.0586, 11.6285, 1.5654, 1.3417, 1.5654, 1.3417, 0, 7.6032, 6.7087, 0, 0, 50.9864, 0.2236, 0.9957, 0.4472, 10.5103, 4.6961, 26.1641, 5.3751],
      [4.6452, 6.1936, 5.8065, 3.871, 3.4839, 2.6129, 1.5968, 1.3065, 6.1936, 4.4516, 2.7581, 1.9839, 1.4032, 0.6774, 0, 3.2903, 1.4032, 0.8226, 5.8549, 2.5161, 3.2237, 0.2903, 0.3387, 0.1175, 0, 1.6452, 1.4516, 0, 0, 11.0323, 0, 0, 0.0968, 2.2742, 1.0161, 5.6613, 0.7258],
      [5.3418, 7.1224, 6.6772, 4.4515, 4.0063, 3.0048, 1.8362, 1.5024, 7.1224, 5.1192, 3.1717, 2.2814, 1.5267, 0.779, 2.3927, 3.7838, 1.6137, 0.9459, 6.7329, 2.8935, 0.3895, 0.3339, 0.3895, 0.5067, 0, 1.8919, 1.6693, 0, 0, 12.6867, 0.104, 0, 0, 2.6153, 1.1685, 6.5103, 0.8347]
    ]
  ],
  "V_est": [
    [4.85, 202.9122, 514.9013, 338.5841, 203.7524],
    [216.5793, 6100.4313, 148.9978, 348.1322, 53.8594],
    [702.0486, 243.0493, 16048.6521, 172.4025, 455.8474],
    [0.0102, 481.7295, 656.9886, 121.1365, 1.1352],
    [1211.5119, 10.8777, 410.4601, 88.7446, 101.4056]
  ],
  "p_est": [
    [0.0038, 0.1604, 0.407, 0.2677, 0.1611],
    [0.0315, 0.8882, 0.0217, 0.0507, 0.0078],
    [0.0398, 0.0138, 0.9107, 0.0098, 0.0259],
    [8.0637e-06, 0.382, 0.521, 0.0961, 0.0009],
    [0.6646, 0.006, 0.2252, 0.0487, 0.0556]
  ],
  "EI_Z": {},
  "EI_V": 8.8866,
  "MAE_Z": {},
  "MAE_V": 205.0245,
  "MAE_p": 0.0852,
  "runtime": 0.6523
}
