{
  "X": [
    [95, 43, 620, 296, 100, 104, 77],
    [26, 14, 117, 52, 33, 37, 9],
    [21, 18, 56, 26, 14, 10, 38],
    [56, 43, 379, 150, 76, 79, 73],
    [1, 1, 24, 7, 0, 1, 0],
    [1, 4, 10, 3, 2, 4, 4],
    [53, 14, 121, 125, 31, 38, 16],
    [32, 14, 209, 86, 48, 32, 46],
    [26, 12, 173, 96, 24, 49, 31],
    [0, 1, 23, 9, 1, 4, 4],
    [5, 7, 41, 14, 4, 10, 17],
    [5, 3, 28, 19, 6, 12, 9],
    [109, 62, 407, 238, 68, 159, 58],
    [24, 27, 75, 62, 26, 27, 29],
    [6, 5, 60, 28, 10, 12, 11],
    [19, 16, 232, 47, 35, 37, 48],
    [0, 4, 30, 3, 6, 5, 0],
    [6, 9, 191, 19, 16, 27, 25],
    [21, 33, 618, 87, 73, 67, 72],
    [3, 4, 32, 6, 2, 2, 3],
    [50, 54, 330, 96, 57, 70, 79],
    [65, 60, 239, 89, 35, 78, 42],
    [144, 64, 390, 359, 77, 149, 90],
    [90, 47, 248, 174, 61, 103, 70],
    [53, 89, 834, 242, 155, 88, 111],
    [31, 25, 226, 86, 50, 52, 34],
    [40, 34, 283, 82, 48, 39, 41],
    [52, 44, 460, 156, 79, 84, 58],
    [55, 44, 562, 145, 74, 84, 76],
    [7, 31, 375, 42, 42, 42, 34],
    [10, 19, 400, 36, 30, 18, 36],
    [11, 6, 172, 13, 22, 17, 19],
    [34, 27, 164, 56, 48, 26, 46],
    [66, 64, 575, 216, 115, 143, 105],
    [36, 34, 267, 103, 51, 81, 46],
    [18, 27, 277, 72, 72, 34, 45],
    [74, 45, 490, 158, 76, 91, 81],
    [82, 79, 712, 231, 142, 141, 130],
    [32, 34, 393, 146, 80, 90, 59],
    [35, 31, 339, 106, 62, 68, 65],
    [35, 32, 260, 110, 74, 52, 63],
    [14, 24, 224, 94, 60, 55, 43],
    [64, 36, 430, 146, 85, 111, 67],
    [38, 32, 321, 93, 60, 119, 68],
    [44, 42, 378, 119, 60, 99, 77],
    [9, 6, 296, 117, 45, 29, 61],
    [123, 70, 704, 282, 150, 98, 128],
    [12, 15, 84, 37, 13, 16, 18],
    [132, 180, 761, 321, 118, 124, 174],
    [33, 34, 105, 57, 9, 4, 16]
  ],
  "W": [
    [21, 51, 30, 87, 307, 774, 65],
    [4, 16, 13, 32, 67, 139, 17],
    [20, 13, 17, 9, 42, 69, 13],
    [31, 37, 26, 61, 171, 487, 43],
    [0, 1, 1, 2, 4, 26, 0],
    [1, 0, 2, 2, 7, 14, 2],
    [19, 26, 12, 26, 134, 169, 12],
    [20, 12, 10, 30, 102, 257, 36],
    [11, 13, 4, 20, 125, 224, 14],
    [0, 0, 2, 6, 9, 23, 2],
    [6, 0, 6, 6, 22, 52, 6],
    [8, 5, 3, 9, 15, 37, 5],
    [25, 77, 42, 133, 268, 516, 40],
    [16, 12, 19, 22, 73, 110, 18],
    [6, 7, 3, 9, 31, 71, 5],
    [18, 14, 12, 27, 61, 277, 25],
    [2, 1, 4, 1, 4, 33, 3],
    [2, 7, 12, 13, 22, 215, 22],
    [11, 22, 41, 45, 88, 712, 52],
    [0, 4, 4, 2, 5, 34, 3],
    [33, 22, 37, 49, 110, 441, 44],
    [25, 28, 39, 46, 122, 323, 25],
    [37, 53, 45, 81, 414, 587, 56],
    [44, 40, 29, 58, 230, 370, 22],
    [27, 38, 80, 78, 254, 1000, 95],
    [8, 22, 25, 31, 93, 302, 23],
    [14, 26, 33, 34, 90, 341, 29],
    [6, 33, 39, 51, 163, 605, 36],
    [15, 31, 40, 65, 160, 679, 50],
    [5, 7, 20, 26, 38, 444, 33],
    [16, 8, 21, 19, 36, 427, 22],
    [7, 5, 3, 13, 19, 201, 12],
    [17, 17, 18, 14, 66, 243, 26],
    [40, 47, 43, 96, 242, 752, 64],
    [22, 21, 23, 32, 117, 357, 46],
    [17, 19, 23, 21, 85, 343, 37],
    [37, 39, 40, 50, 198, 601, 50],
    [63, 50, 52, 83, 287, 892, 90],
    [36, 26, 18, 47, 169, 506, 32],
    [30, 15, 21, 40, 110, 445, 45],
    [39, 20, 22, 35, 131, 355, 24],
    [21, 11, 14, 36, 107, 292, 33],
    [49, 46, 32, 70, 176, 520, 46],
    [29, 20, 20, 78, 112, 444, 28],
    [28, 26, 39, 52, 128, 504, 42],
    [19, 5, 7, 21, 108, 349, 54],
    [44, 41, 39, 69, 319, 963, 80],
    [7, 13, 12, 11, 32, 102, 18],
    [53, 101, 148, 106, 332, 937, 133],
    [5, 20, 22, 3, 68, 124, 16]
  ],
  "method": "mvn_cdf",
  "mvncdf_method": "genz",
  "mvncdf_samples": 5000,
  "mvncdf_error": 0.001,
  "cond_prob": [
    [
      [0.092795966487, 0.030948481186, 0.0021806372814, 0.023375555979, 0.14753329713, 0.1642145566, 0.53895150534],
      [0.53354430564, 0.086359601912, 0.042403871856, 0.24542186494, 0.031059810399, 0.052040968128, 0.0091695771254],
      [0.002535518553, 0.72477537859, 0.20014584745, 0.0056505378987, 0.0070536775892, 0.00077741128397, 0.059061628631],
      [0.040398840715, 0.0084662440029, 0.10842441777, 0.18967591634, 0.052570878257, 0.57832919932, 0.022134503584],
      [0.17397437881, 0.010486817603, 0.0053541404137, 0.71325250081, 0.03561688178, 0.048630001756, 0.012685278834],
      [0.011251562366, 0.011143157909, 0.7439096101, 0.053237306026, 0.091677647843, 0.041849819077, 0.046930896682],
      [0.0020141054309, 0.055717852096, 0.38345461631, 0.094570534479, 0.13291679318, 0.003665719277, 0.32766037922]
    ],
    [
      [0.089398821823, 0.028067846952, 0.0026719092931, 0.015587801457, 0.27235169031, 0.22657292673, 0.36534900344],
      [0.55443153468, 0.082706697301, 0.049991356321, 0.1732117497, 0.058620307976, 0.075707271696, 0.0053310823293],
      [0.0026844789844, 0.71230392548, 0.22735836394, 0.0040591163395, 0.01228186363, 0.0014550315734, 0.039857220046],
      [0.032522090577, 0.0065306717842, 0.10056289425, 0.1046397911, 0.077113132808, 0.66867142125, 0.0099599982233],
      [0.21107394153, 0.012413021158, 0.011848290056, 0.59769933896, 0.075725872367, 0.085313077996, 0.0059264579396],
      [0.010920935575, 0.010150151624, 0.73435790031, 0.033527718392, 0.13783496356, 0.055083824244, 0.018124506296],
      [0.0021135826691, 0.050173260803, 0.42036445514, 0.062282964982, 0.2419229677, 0.0054919564619, 0.21765081225]
    ],
    [
      [0.039749448424, 0.020937322307, 0.0063998109634, 0.004535687612, 0.076114558878, 0.050636793191, 0.80162637862],
      [0.58766998501, 0.13638244764, 0.047543092316, 0.12052266756, 0.039520673166, 0.040153073747, 0.028208060565],
      [0.00010528556026, 0.73533010773, 0.13302917088, 0.0016467929977, 0.0069513582795, 0, 0.12293728456],
      [0.048336736697, 0.015583030398, 0.13055529198, 0.10456597881, 0.074477735643, 0.54035345732, 0.08612776915],
      [0.27153347177, 0.026977125159, 0.01832968951, 0.51246264237, 0.067270781151, 0.051726600408, 0.051699689633],
      [0.010269843717, 0.020710078204, 0.69926889266, 0.022308390512, 0.10444183129, 0.020718490499, 0.12228247311],
      [0.0011889008442, 0.046568305911, 0.21523457652, 0.023899411871, 0.087969860943, 0, 0.62513894391]
    ],
    [
      [0.061448412511, 0.038151561107, 0.0016880239358, 0.014050255053, 0.14273503011, 0.1474926644, 0.59443405288],
      [0.48542233212, 0.14607185322, 0.047295637863, 0.20218869359, 0.041088354706, 0.064052944009, 0.013880184486],
      [0.0014568067572, 0.78895181406, 0.14319784395, 0.0029794093476, 0.0059622936243, 0.00064210219956, 0.056809730064],
      [0.031937852506, 0.012592322587, 0.10584789245, 0.13645325297, 0.060783552725, 0.62315386607, 0.029231260689],
      [0.17597731358, 0.020266385309, 0.0053774048297, 0.65673278281, 0.052494944063, 0.06734485918, 0.021806310219],
      [0.0082070299588, 0.017454539098, 0.72206012812, 0.038528086976, 0.10532746243, 0.04590805289, 0.062514700521],
      [0.0013823891245, 0.073624459637, 0.33616392217, 0.060880538075, 0.13769811517, 0.0036161700159, 0.38663440581]
    ],
    [
      [0.092998177726, 0.028877270239, 0.005318027878, 0.075959301081, 0.11040709349, 0.15288056276, 0.53355956683],
      [0.39007423221, 0.038040024798, 0.054145777346, 0.49389604467, 0, 0.023843920983, 0],
      [0.02684914086, 0.70864859318, 0.25536022577, 0.0091174720788, 0, 2.4568114099e-05, 0],
      [0.054346304937, 0.0048107951884, 0.16504602487, 0.40773756006, 0, 0.36805931494, 0],
      [0.054138226864, 0.0032354876406, 0.0092162352268, 0.92264823489, 0, 0.010761815378, 0],
      [0.0099165811386, 0.0088749169648, 0.89705911562, 0.076573785522, 0, 0.0075756007502, 0],
      [0.0010254343086, 0.028946207758, 0.5763864503, 0.17797169748, 0.056866559251, 0.0019351501902, 0.15686850071]
    ],
    [
      [0.010089441986, 0.097932526068, 0.00069640132944, 0.0014632824045, 0.055601311986, 0.10935106361, 0.72486597262],
      [0.12546729315, 0.68919427683, 0.030974763518, 0.047964873536, 0.021695082271, 0.067227998908, 0.017475711788],
      [0, 0.97485000715, 0.010022975398, 0, 0.0025350986127, 0.0017490603052, 0.010842858539],
      [0.0075102103883, 0.028982938698, 0.0591668902, 0.025379667141, 0.029797387365, 0.81569870063, 0.033464205581],
      [0.11806335825, 0.13521607795, 0.0073653381771, 0.41819816277, 0.072316404827, 0.17792381498, 0.070916843047],
      [0.010404677372, 0.034157984047, 0.67391098419, 0.00014309880525, 0.089121554159, 0.071508387757, 0.12075331367],
      [0.001390573139, 0.23483862998, 0.18730636082, 0.0091934303161, 0.062908562018, 0.0045846405364, 0.49977780319]
    ],
    [
      [0.17593254069, 0.028720234073, 0.0028922079812, 0.036089869391, 0.16985376174, 0.22286227743, 0.36364910869],
      [0.62648719454, 0.049054464614, 0.021299554741, 0.23532148298, 0.021798237864, 0.043195533423, 0.0028435318358],
      [0.0051331729088, 0.76759152375, 0.1654409535, 0.0093105758238, 0.0087629664427, 0.0012736477673, 0.042487159799],
      [0.057468688502, 0.0055284761266, 0.063447482786, 0.22294254366, 0.04536802349, 0.59498808778, 0.010256697656],
      [0.20903725812, 0.0038332589475, 0.01119147567, 0.7066433736, 0.025993191516, 0.042605973265, 0.00069546887552],
      [0.022199945428, 0.00943060632, 0.65822895756, 0.092164281419, 0.12034817893, 0.067324061899, 0.030303968445],
      [0.0041706105621, 0.05971930344, 0.33466517191, 0.16847710473, 0.17494751938, 0.0058826604841, 0.2521376295]
    ],
    [
      [0.07038042209, 0.023764202584, 0.0020056699152, 0.014327730461, 0.16800943488, 0.11405570166, 0.60745683841],
      [0.55041679503, 0.089133559493, 0.049596808372, 0.20151490615, 0.047131397671, 0.048391387119, 0.013815146157],
      [0.002310966798, 0.69285613304, 0.21113047687, 0.004198430657, 0.009577923953, 0.00052318353128, 0.079402885143],
      [0.041481196557, 0.0087911258615, 0.12857938301, 0.15703010089, 0.08072658109, 0.54966865133, 0.03372296126],
      [0.19755451032, 0.011976825156, 0.0066160628682, 0.65305309438, 0.059521975927, 0.04913422122, 0.022143310131],
      [0.0097625269666, 0.0094798374005, 0.73576620847, 0.038001714349, 0.11601490841, 0.029395647598, 0.061579156809],
      [0.0016754158468, 0.044579548618, 0.35081346259, 0.060125638029, 0.15748846813, 0.0021257208029, 0.38319174598]
    ],
    [
      [0.045857200159, 0.0299321978, 0.0017674658107, 0.012614013783, 0.094235927905, 0.22889178059, 0.58670141395],
      [0.43206226003, 0.13619005202, 0.053433273389, 0.21331182467, 0.03190972296, 0.11707701942, 0.016015847508],
      [0.0012574698356, 0.76320514374, 0.16136143786, 0.003177473111, 0.0045942086031, 0.0010949955112, 0.06530927134],
      [0.018236682838, 0.0076657560097, 0.077738159082, 0.0933551735, 0.030568340493, 0.75048663554, 0.021949252537],
      [0.1462411556, 0.018352455151, 0.0071960349889, 0.65347499821, 0.037065177614, 0.11320316085, 0.02446701759],
      [0.005419633273, 0.015678009966, 0.73322415885, 0.038802625198, 0.070931327382, 0.070151448867, 0.06579279646],
      [0.0010611127861, 0.063443451883, 0.35314288801, 0.059443996061, 0.09979072964, 0.0058397725482, 0.41727804907]
    ],
    [
      [0.010970262528, 0.0076133273088, 0.002148818211, 0.0089015218879, 0.052662445036, 0.063856674015, 0.85384695101],
      [0.27031846928, 0.071673442872, 0.14280368754, 0.36790873331, 0.037870604194, 0.073751799681, 0.03567326312],
      [0, 0.48649999205, 0.37266441934, 0.0043745759994, 0.0032460969553, 0.00046581028793, 0.13274910537],
      [0, 0.00053711766114, 0.2236696193, 0.15515532694, 0.033553088078, 0.52989884551, 0.057186002512],
      [0, 0, 0.065223664141, 0.81693366183, 0.024240523131, 0.04786357447, 0.045738576427],
      [0, 0, 0.84686456435, 0.02741490278, 0.02070327507, 0.016783457547, 0.088233800254],
      [0, 0.011888654967, 0.42387774411, 0.038686582973, 0.048924621422, 0.0014418062805, 0.47518059025]
    ],
    [
      [0.025628648313, 0.022575845568, 0.0032661734881, 0.004087878047, 0.042323360617, 0.091213889415, 0.81090420455],
      [0.47088956342, 0.18330539669, 0.053701730337, 0.14607958641, 0.026302408632, 0.083457583075, 0.036263731441],
      [0.0012022105034, 0.78713295548, 0.11062782161, 0.00083739345504, 0.0014465379275, 0.0012848841625, 0.097468196857],
      [0.02282340487, 0.012462021756, 0.09889247468, 0.076264721025, 0.030097263579, 0.70057208345, 0.05888803064],
      [0.19200412023, 0.029605660403, 0.015925967496, 0.56547119699, 0.035025648565, 0.10489286663, 0.057074539687],
      [0.0090679781502, 0.021006412881, 0.73065849714, 0.017843793217, 0.047701444802, 0.056021625744, 0.11770024806],
      [0.0010748181766, 0.053886177418, 0.22977800748, 0.024102743957, 0.050959604853, 0.0034678755422, 0.63673077257]
    ],
    [
      [0.066243660356, 0.017279839116, 0.0012586869259, 0.026840173617, 0.12159274243, 0.23118724116, 0.5355976564],
      [0.44696947961, 0.05377634027, 0.031897098639, 0.3517338046, 0.027341957276, 0.078274885253, 0.010006434359],
      [0.0026312712079, 0.71047050481, 0.19334330893, 0.0085893951674, 0.0079174117465, 0.0017555060409, 0.075292602103],
      [0.023125826569, 0.0030479085533, 0.059667343725, 0.18883474205, 0.033985191531, 0.67374911043, 0.017589877134],
      [0.10410047351, 0.0036839327541, 0.0020911754421, 0.79753205911, 0.024451242989, 0.056061856743, 0.012079259452],
      [0.012097390203, 0.0052133200032, 0.67768229533, 0.071747013704, 0.096216507172, 0.076144175355, 0.060899298233],
      [0.0020133052568, 0.037177012578, 0.32155928644, 0.13674166607, 0.126829981, 0.0063713586325, 0.36930739002]
    ],
    [
      [0.095295826931, 0.041450392081, 0.0019014556891, 0.019071928058, 0.12405708023, 0.23061807016, 0.48760524685],
      [0.54388151027, 0.11492258232, 0.036362056809, 0.19839919818, 0.025735684473, 0.072554492433, 0.0081444755201],
      [0.0021222808849, 0.8019613224, 0.14235703743, 0.0038584243494, 0.0047868484487, 0.00091615241142, 0.043997934077],
      [0.035156108813, 0.0098221445826, 0.079530723598, 0.13130880929, 0.037212967727, 0.69013144062, 0.016837805369],
      [0.20079219107, 0.016438280524, 0.0051605349012, 0.65444219691, 0.03300162689, 0.077432890971, 0.012732278736],
      [0.011770154252, 0.0182028291, 0.71993621145, 0.049991959718, 0.085160839801, 0.067510466726, 0.047427538957],
      [0.0022030741299, 0.083196539837, 0.36814737406, 0.085849452377, 0.12447809009, 0.0058619178659, 0.33026355163]
    ],
    [
      [0.074468611093, 0.050834923379, 0.00096682070694, 0.015400820878, 0.14290227567, 0.13596432066, 0.57946222762],
      [0.51485638882, 0.16815293914, 0.02492389117, 0.1947804177, 0.035023834098, 0.050723243463, 0.011539285609],
      [0.0016190724875, 0.87781255482, 0.069763962117, 0.0023537949717, 0.0044476759576, 0.00065276879256, 0.043350170853],
      [0.041191499576, 0.017554084701, 0.068899253662, 0.16110739404, 0.063935255835, 0.61746513356, 0.029847378627],
      [0.19265633895, 0.023543574231, 0.0026111462388, 0.66012296157, 0.045644823184, 0.055939217444, 0.019481938383],
      [0.014473991469, 0.030890595674, 0.61328955829, 0.057081786289, 0.14262438927, 0.058777241644, 0.082862437361],
      [0.0020665768782, 0.1104183949, 0.23287112369, 0.075509132994, 0.15452451091, 0.0038998304569, 0.42071043017]
    ],
    [
      [0.034795422404, 0.027494741515, 0.001866622443, 0.013984116622, 0.13769931294, 0.14686325192, 0.63729653216],
      [0.37273207123, 0.13661550797, 0.077961360955, 0.26321133344, 0.050090562752, 0.08115910564, 0.018230058014],
      [0.00059632306266, 0.71985207049, 0.20577914512, 0.0032629908286, 0.006319240254, 0.00076285362169, 0.063427376622],
      [0.016914577498, 0.0089311221684, 0.13312845044, 0.13248207096, 0.056342442305, 0.62318568324, 0.02901565339],
      [0.097651346524, 0.02514082611, 0.0055880305948, 0.72180696511, 0.053709600703, 0.071059158854, 0.0250440721],
      [0, 0.0087137836687, 0.78069776866, 0.031274875723, 0.084899596695, 0.03831189659, 0.056102078665],
      [0.0001782116144, 0.048148486851, 0.40496134523, 0.054991252034, 0.1208522989, 0.0033536913224, 0.36751471405]
    ],
    [
      [0.036413522722, 0.023159152591, 0.0022277043826, 0.0075734202957, 0.11598979713, 0.12490232662, 0.68973407626],
      [0.44977384627, 0.13678704722, 0.078435868054, 0.17609819073, 0.05119942835, 0.083324157912, 0.024381461455],
      [0.0011625304036, 0.68346124679, 0.214888856, 0.0021042266398, 0.0067517291891, 0.00076344157177, 0.090867969399],
      [0.022685811516, 0.0091571605115, 0.13731289754, 0.092124648276, 0.059246471353, 0.63929878515, 0.040174225655],
      [0.16895190618, 0.019694330566, 0.01096750553, 0.60055553064, 0.068398519562, 0.091617393026, 0.039814814501],
      [0.0039591137861, 0.010486940632, 0.77571511139, 0.015913811754, 0.085034901434, 0.038447545696, 0.070442575302],
      [0.00074058687764, 0.044524063089, 0.36134323876, 0.033746972653, 0.1115095515, 0.0030544111827, 0.44508117593]
    ],
    [
      [0, 0.030615107782, 0.24923145809, 0.0084590212426, 0.29252503992, 0.41916937296, 0],
      [0, 0.16982853997, 0.30016867096, 0.18440630146, 0.1109460619, 0.23465042572, 0],
      [0, 0.74346866251, 0.24294552794, 0.0012668951191, 0.010512306855, 0.0018066075752, 0],
      [0, 0.0095554054364, 0.081649889888, 0.032033154171, 0.046620714984, 0.83014083552, 0],
      [0, 0.072202079054, 0.01639102689, 0.57866947254, 0.12152579779, 0.21121162372, 0],
      [0, 0, 0.79985495871, 0.010779610726, 0.12206018668, 0.067305243884, 0],
      [0, 0.16556762426, 0.56238622203, 0.030389959099, 0.23374818812, 0.0079080064912, 0]
    ],
    [
      [0.029628373173, 0.015614051706, 0.0024298944208, 0.0083085171127, 0.099222384973, 0.21815935699, 0.62663742163],
      [0.39053231603, 0.095742501605, 0.10085526326, 0.19408925011, 0.045223075079, 0.15060907573, 0.022948518179],
      [0.0010359595228, 0.56563071117, 0.32279246594, 0.0026210512663, 0.0066247514421, 0.0016700364217, 0.099625024239],
      [0.012089069379, 0.0038793630653, 0.11281206798, 0.064177286539, 0.03310468382, 0.74971149405, 0.024226035166],
      [0.13073184135, 0.012157274565, 0.012592074629, 0.60557196749, 0.054349621799, 0.15031183546, 0.034285384697],
      [0.00071056312417, 0.0025649324174, 0.81383305841, 0.012426028551, 0.054565216453, 0.057298245199, 0.058601955847],
      [0.00038891107853, 0.029166073695, 0.44081607699, 0.034764611426, 0.093087390027, 0.0053247635551, 0.39645217323]
    ],
    [
      [0.035314135927, 0.019485672811, 0.002607364971, 0.011433632912, 0.1381410013, 0.1568364762, 0.63618171588],
      [0.39442602552, 0.10490374701, 0.096006432269, 0.23202086765, 0.055936874687, 0.095796702927, 0.020909349949],
      [0.0010248147994, 0.59131295821, 0.30470704619, 0.0034698944232, 0.0085100406518, 0.00099140280891, 0.089983842912],
      [0.017416474835, 0.00602701242, 0.14670799888, 0.10670207013, 0.056474472216, 0.63656067365, 0.030111297865],
      [0.12592684643, 0.012592326199, 0.011003878867, 0.66879967862, 0.063282703618, 0.089268086194, 0.029126480071],
      [5.4903216564e-06, 0.0043814172936, 0.80530130043, 0.022019102469, 0.07811228941, 0.037147365638, 0.053033034439],
      [0.00044118412503, 0.033366048091, 0.43118194974, 0.044114220114, 0.11874513168, 0.0034014913219, 0.36874997493]
    ],
    [
      [0.056111190696, 0.031802131273, 0.0031565247049, 0.015896916871, 0.10719573626, 0.11178290789, 0.67405459231],
      [0.49946722764, 0.11322809443, 0.076308603536, 0.22783788927, 0.026332046937, 0.043523235373, 0.013302902821],
      [0.0010144150729, 0.72687790693, 0.21828906243, 0.0027576125765, 0.0027506684775, 0, 0.04831033451],
      [0.029153967072, 0.010160360238, 0.1891877935, 0.1585709429, 0.043916868105, 0.54090330495, 0.028106763238],
      [0.14737997034, 0.014015171872, 0.0079872292369, 0.74014313805, 0.030433511105, 0.041471505234, 0.018569474161],
      [0.0058707238116, 0.011873823711, 0.8506473839, 0.026390835492, 0.041209049041, 0.015642956052, 0.048365227994],
      [0.0010870112373, 0.048489802847, 0.49376218346, 0.054157336617, 0.080853393075, 0.0016274722293, 0.32002280054]
    ],
    [
      [0.083024144457, 0.045438451756, 0.001465963352, 0.012249416855, 0.10422613483, 0.1445804043, 0.60901548445],
      [0.57248726707, 0.15085806855, 0.032617838146, 0.15147108107, 0.025983780074, 0.054362774113, 0.012219190985],
      [0.0015976359426, 0.83891699623, 0.10103123393, 0.0024013344093, 0.0038969369636, 0.00064957693646, 0.051506285591],
      [0.045436189638, 0.015692712764, 0.089059429101, 0.12481911001, 0.046939759977, 0.64660327014, 0.031449528369],
      [0.24767230405, 0.02468581092, 0.0049525195978, 0.59121636365, 0.039889654921, 0.068829927097, 0.022753419762],
      [0.011460493188, 0.023605131461, 0.69765861345, 0.041892118622, 0.093634977452, 0.055731674096, 0.076016991732],
      [0.0018628771273, 0.096533627781, 0.29363039552, 0.057958985965, 0.11054028147, 0.0040070633447, 0.43546676879]
    ],
    [
      [0.13327602245, 0.071619809746, 0.0020186169699, 0.013901788881, 0.093007176344, 0.23088165393, 0.45529493168],
      [0.62219209079, 0.1607972981, 0.023471128265, 0.11319641271, 0.015507653961, 0.058442968531, 0.0063924476357],
      [0.00077144908566, 0.89664572576, 0.071290258109, 0.0024922543195, 0.0021025382042, 0.00054485718834, 0.026152917336],
      [0.050113895376, 0.016781414038, 0.065719302662, 0.097089145855, 0.029082185545, 0.72437476192, 0.016839294602],
      [0.31458896479, 0.029486377385, 0.006705054203, 0.52021513706, 0.027602831786, 0.08683668233, 0.014564952439],
      [0.010724928646, 0.032120119446, 0.6924926409, 0.048838678507, 0.077003471177, 0.082021961021, 0.056798200302],
      [0.0026955815013, 0.15975661749, 0.31983181486, 0.067140688591, 0.1032464035, 0.0064759360114, 0.34085295805]
    ],
    [
      [0.12920932102, 0.033549045699, 0.0017584616088, 0.02380196459, 0.09683899316, 0.23359361566, 0.48124859827],
      [0.61242639136, 0.077085798525, 0.018687765632, 0.20748016374, 0.016615497644, 0.060768544382, 0.0069358387159],
      [0.0034405177238, 0.82254264034, 0.10728995553, 0.0058086580934, 0.0046701952247, 0.00093456125417, 0.055313471831],
      [0.046686829611, 0.007751820329, 0.047578471882, 0.16279967525, 0.028620095967, 0.6897166168, 0.016846490158],
      [0.21946040351, 0.010669134525, 0.0096893517518, 0.66738377724, 0.019759323748, 0.061222758927, 0.011815250302],
      [0.020066315277, 0.020519968953, 0.61577179317, 0.085263685469, 0.094099352954, 0.094541476526, 0.069737407655],
      [0.0033690315092, 0.081581754591, 0.26416333762, 0.13085800313, 0.117701234, 0.0068773791891, 0.39544925997]
    ],
    [
      [0.092219271136, 0.038844236618, 0.0014764549444, 0.014287069816, 0.10905133173, 0.20067414748, 0.54344748827],
      [0.5876846284, 0.11944649098, 0.024288208071, 0.16324993252, 0.025312363334, 0.069827887768, 0.010190488926],
      [0.0020260020908, 0.84081978349, 0.09425412649, 0.0032462199684, 0.0048113836525, 0.00068284746202, 0.054159636849],
      [0.040001223997, 0.010824278684, 0.056608118167, 0.11553271597, 0.03920526129, 0.71534885653, 0.022479545371],
      [0.23923134365, 0.018924135517, 0.0052391302896, 0.59989309673, 0.036981306378, 0.081627470526, 0.018103516912],
      [0.013463787149, 0.02465352729, 0.6324830802, 0.055181641427, 0.11196117849, 0.083684477188, 0.078572308251],
      [0.0023332543778, 0.092138899919, 0.26014215893, 0.075168824888, 0.12929432186, 0.005891407478, 0.43503113255]
    ],
    [
      [0.045821576296, 0.03469199028, 0.0024376881865, 0.015414927735, 0.18645309691, 0.12355922393, 0.59162149666],
      [0.40190421524, 0.14755831234, 0.070108800792, 0.24551268359, 0.059796858357, 0.059671698619, 0.015447431062],
      [0.00089299822415, 0.73147066515, 0.19701894311, 0.003559618775, 0.0080201075784, 0.00017404117949, 0.058863625988],
      [0.024763700185, 0.012017192274, 0.14753367483, 0.15624777799, 0.083212140379, 0.54559840501, 0.030627109324],
      [0.12795826384, 0.018129395172, 0.0086209292497, 0.70243210735, 0.067168103284, 0.054260006097, 0.021431195003],
      [0.0019271465205, 0.012856792094, 0.76491911391, 0.035838314903, 0.10861810599, 0.025835656181, 0.050004870397],
      [0.00062003422994, 0.058309975965, 0.38833764169, 0.058169985469, 0.15665816826, 0.0021903135899, 0.3357138808]
    ],
    [
      [0.06576784079, 0.0231790427, 0.0016555390837, 0.015992099, 0.1655709516, 0.20381028236, 0.52402424446],
      [0.50616423567, 0.085479198668, 0.04304419788, 0.22261822114, 0.045713172462, 0.085187874148, 0.011793100033],
      [0.002317726573, 0.71073219358, 0.1977504852, 0.0049736257066, 0.0099334860926, 0.0012877209462, 0.073004761901],
      [0.027183581672, 0.0059568747723, 0.079336502683, 0.12334382781, 0.055676863053, 0.68807242566, 0.020429924352],
      [0.16741496846, 0.010534070799, 0.004880547005, 0.66472320752, 0.053114984556, 0.082108836262, 0.017223385398],
      [0.0093744277706, 0.0096198719892, 0.69337019137, 0.044734626894, 0.12198871365, 0.064154776874, 0.056757391457],
      [0.0016061147575, 0.047660321966, 0.33847395462, 0.073797713771, 0.17022337395, 0.0053079088056, 0.36293061213]
    ],
    [
      [0.083709678189, 0.030333529496, 0.0021461068342, 0.015302103949, 0.15591413578, 0.1355519098, 0.57704253595],
      [0.56630939019, 0.098278912805, 0.049423578132, 0.18687496603, 0.038023618151, 0.049687988194, 0.011401546504],
      [0.0022578410316, 0.72112656127, 0.20203348324, 0.0037575926423, 0.0075230762058, 0.0004072037797, 0.062894241824],
      [0.043368497243, 0.0099677508045, 0.1302579278, 0.14820106526, 0.066222990388, 0.57378232192, 0.028199446591],
      [0.21468731983, 0.01432497501, 0.0062257675479, 0.64015849507, 0.051232376755, 0.054483418658, 0.01888764713],
      [0.0093332746743, 0.011753479685, 0.75888343333, 0.036230510098, 0.098645982109, 0.033142076865, 0.052011243233],
      [0.0017405948884, 0.054717740727, 0.38791369429, 0.061907453524, 0.14067417352, 0.0028756210196, 0.35017072204]
    ],
    [
      [0.070075057682, 0.028345837361, 0.0017637050342, 0.017215964897, 0.14182181602, 0.187774861, 0.55300275801],
      [0.50681784072, 0.099026589049, 0.044055541969, 0.22641421356, 0.037334896959, 0.074539821253, 0.01181109649],
      [0.0020892014297, 0.73466996695, 0.18358058809, 0.0045730040178, 0.0074669832315, 0.0010560065338, 0.066564249752],
      [0.030300924695, 0.0077559569286, 0.08973103112, 0.13901360334, 0.050269173922, 0.66029101812, 0.022638291869],
      [0.16956611378, 0.012622288647, 0.0046370583038, 0.67938000385, 0.044105882487, 0.072502154477, 0.017186498458],
      [0.009141389175, 0.012292751488, 0.71635532214, 0.045725540732, 0.10217828715, 0.057369559792, 0.056937149524],
      [0.0016088305012, 0.056106036751, 0.35135691567, 0.076502818496, 0.14041540883, 0.0047521027676, 0.36925788698]
    ],
    [
      [0.066074724898, 0.027223045457, 0.0021309629692, 0.013982362077, 0.12504285676, 0.15216227976, 0.61338376807],
      [0.52175610747, 0.10386948987, 0.057393041859, 0.20078626602, 0.035911318806, 0.065964786951, 0.014318989026],
      [0.001950856071, 0.69713623386, 0.21674078535, 0.0036811091235, 0.0064589498729, 0.00080503102192, 0.073227034703],
      [0.033225362596, 0.0086550681636, 0.12444879645, 0.13133615595, 0.051464267393, 0.62162078657, 0.029249562884],
      [0.18896669847, 0.014322383722, 0.007084993727, 0.65207858975, 0.045697642175, 0.06930798548, 0.022541706676],
      [0.0077925276726, 0.010488931415, 0.76995561885, 0.033362523737, 0.080015244788, 0.041191037809, 0.057194115729],
      [0.0014191787801, 0.050202110418, 0.38993167759, 0.057921356853, 0.11531193862, 0.0035422538315, 0.38167148391]
    ],
    [
      [0.035929531363, 0.056132092004, 0.0026708567516, 0.012810302812, 0.1420598624, 0.18857024726, 0.56182710741],
      [0.32161614305, 0.24118587578, 0.079245712146, 0.2065614695, 0.045584331205, 0.091269469055, 0.014536999265],
      [0.00040543004059, 0.80982103337, 0.14683194012, 0.001798103349, 0.0040106271908, 0.00060537735289, 0.036527488583],
      [0.015215776434, 0.015240446911, 0.13147499844, 0.10289812852, 0.049904821134, 0.66261031767, 0.022655510892],
      [0.10927100361, 0.037509868716, 0.0098595133719, 0.6683744274, 0.057504788772, 0.095051031927, 0.022429366202],
      [0, 0.017941814149, 0.7962557432, 0.024375197909, 0.075586091015, 0.043770755022, 0.042070398707],
      [0.00039461868617, 0.092328049364, 0.42923410549, 0.047208747827, 0.11658988159, 0.004004006999, 0.31024059005]
    ],
    [
      [0.044706854288, 0.029135519768, 0.0046822584381, 0.012763076114, 0.14059014747, 0.12003328278, 0.64808886115],
      [0.41480586802, 0.12854908328, 0.11748340982, 0.21541018969, 0.046498539369, 0.05997607942, 0.017276830406],
      [0.00087464563834, 0.61621877146, 0.31245183193, 0.0025324690612, 0.0056562915352, 0, 0.062265990382],
      [0.023372199387, 0.0096651807149, 0.23124255006, 0.12706383707, 0.060296435015, 0.51639057759, 0.031969220167],
      [0.14322345885, 0.017063759089, 0.015629986141, 0.68084933769, 0.05698999828, 0.060138534625, 0.026104925328],
      [0.00078418916699, 0.0067503484192, 0.88062401085, 0.014555758605, 0.051353327438, 0.0084084281067, 0.037523937416],
      [0.00058685216544, 0.040205103687, 0.52004488781, 0.039964974051, 0.097029281086, 0.0014932644483, 0.30067563676]
    ],
    [
      [0.075474961011, 0.028532734906, 0.0028243180049, 0.0079749553661, 0.15036971827, 0.13950342056, 0.59531989188],
      [0.60418778546, 0.10411304503, 0.066446167052, 0.11452891175, 0.04073187957, 0.057118617418, 0.012873593713],
      [0.0019171012599, 0.69689381008, 0.23124800703, 0.0017648881953, 0.0068125509937, 0.00064007407838, 0.060723568361],
      [0.039831429423, 0.0095876582777, 0.16066854072, 0.082151005641, 0.065142365869, 0.61332966593, 0.029289334133],
      [0.28366734864, 0.019237483417, 0.01131606192, 0.50774201312, 0.070077197918, 0.080816682984, 0.027143211999],
      [0.0075603377085, 0.010502120455, 0.81248438608, 0.0063371088658, 0.084562875776, 0.030805427302, 0.047747743815],
      [0.0014890796482, 0.048995520524, 0.44509975916, 0.031451323699, 0.12898828114, 0.0029391021111, 0.34103693372]
    ],
    [
      [0.090676341977, 0.036096659837, 0.0015409632887, 0.011990111768, 0.14904850948, 0.10929529054, 0.6013521231],
      [0.624312937, 0.11749343626, 0.025359370521, 0.14482888787, 0.035966775842, 0.040350524708, 0.011688067797],
      [0.0020154467212, 0.83035632391, 0.096407396322, 0.0029496552662, 0.0062035434701, 0.00057702308091, 0.06149061123],
      [0.058930546544, 0.014893387742, 0.082554474562, 0.14342316504, 0.079150486949, 0.58453318908, 0.036514750091],
      [0.27118004599, 0.020015653353, 0.0054170696134, 0.57481839584, 0.054733832427, 0.05179538229, 0.022039620488],
      [0.012496898134, 0.023974563985, 0.63388477109, 0.048570013109, 0.1470029008, 0.048399851327, 0.085671001551],
      [0.001894126272, 0.080276728389, 0.24077202221, 0.058943522674, 0.16541660442, 0.0031734990239, 0.44952349701]
    ],
    [
      [0.051273828011, 0.03475264996, 0.0016599562219, 0.013814127284, 0.14092469797, 0.18535237599, 0.57222236457],
      [0.44159137995, 0.14525636388, 0.049842181538, 0.21625306892, 0.044386133952, 0.088014290119, 0.014656581641],
      [0.0012578032515, 0.77754564131, 0.15066779659, 0.0032424569509, 0.0064349576105, 0.00087834087486, 0.059973003414],
      [0.023178648503, 0.010054711051, 0.089165690814, 0.11693717758, 0.052515220735, 0.68343580991, 0.024712741405],
      [0.15091082974, 0.019073279526, 0.0055384066053, 0.6619985025, 0.05347412643, 0.087281188546, 0.021723666651],
      [0.0057511951065, 0.016380877232, 0.71110529488, 0.039562767062, 0.10637768441, 0.059013595455, 0.061808585857],
      [0.0010890110761, 0.069515261535, 0.33532689843, 0.061926680261, 0.14096784604, 0.004708679775, 0.38646562288]
    ],
    [
      [0.068097301405, 0.035007114901, 0.0020578176095, 0.015919652777, 0.12333014317, 0.32080831977, 0.43477965037],
      [0.47923721629, 0.11874137213, 0.037278670096, 0.20147755418, 0.031566200049, 0.12264902049, 0.0090499667652],
      [0.0018679479275, 0.80366218686, 0.13859279797, 0.0038575065297, 0.0057979860687, 0.0004061184629, 0.045815456187],
      [0.020518649512, 0.0067420605922, 0.054295148912, 0.088452711853, 0.030442764995, 0.78713485161, 0.012413812526],
      [0.16812998021, 0.016261042699, 0.0070994731017, 0.63483072026, 0.039585331838, 0.12013696824, 0.013956483655],
      [0.011133127321, 0.018033405934, 0.68421458248, 0.048967356966, 0.099084425828, 0.089040700343, 0.049526401132],
      [0.0020126978749, 0.080344141444, 0.35112070708, 0.081369323136, 0.14155870966, 0.007073396791, 0.33652102402]
    ],
    [
      [0.032441047236, 0.027282754054, 0.0027112672686, 0.010681980229, 0.24053394499, 0.12731689586, 0.55903211037],
      [0.36595639718, 0.14747245404, 0.078816576228, 0.21456978465, 0.096760705423, 0.077947896244, 0.018476186234],
      [0.00069431130883, 0.70832866979, 0.2094975954, 0.002982632172, 0.01135291359, 0.00067830952343, 0.066465568214],
      [0.018138385362, 0.009758115614, 0.13505130155, 0.11106462198, 0.11002557858, 0.58616087456, 0.029801122353],
      [0.11869918306, 0.019772429576, 0.011891041617, 0.63833126556, 0.10957063183, 0.074749483459, 0.026985964901],
      [0, 0.010995866505, 0.73873918322, 0.027764232127, 0.13516225468, 0.0337344499, 0.053604013573],
      [0.00024391452112, 0.0482567026, 0.36225927296, 0.042144152278, 0.21153130568, 0.0028378607415, 0.33272679122]
    ],
    [
      [0.075976894873, 0.02688209754, 0.0020011560694, 0.013410482388, 0.1292420345, 0.18303018101, 0.56945715363],
      [0.55529678967, 0.095108963041, 0.050561987516, 0.17871103901, 0.034427930552, 0.073550292658, 0.012342997546],
      [0.0022754077831, 0.7053147197, 0.2111676484, 0.0036142385638, 0.0068831064874, 0.0010629227904, 0.069681956274],
      [0.034095445869, 0.0076333669096, 0.10569099853, 0.11267587024, 0.047578592646, 0.66805650953, 0.024269216277],
      [0.21377435987, 0.013869456193, 0.0063938825391, 0.61628616574, 0.046672611528, 0.082346510594, 0.020657013534],
      [0.008860630132, 0.010584106221, 0.75466301728, 0.032980943131, 0.086094500118, 0.052216694105, 0.054600109013],
      [0.0016785904631, 0.051893110678, 0.38808643443, 0.058190218759, 0.12474259774, 0.0045447449322, 0.370864303]
    ],
    [
      [0.053091231027, 0.03829989765, 0.0019595375731, 0.012103304992, 0.15424669769, 0.17375644397, 0.5665428871],
      [0.45198554786, 0.15852111932, 0.056604675339, 0.18867838888, 0.048098681314, 0.081720926336, 0.014390660945],
      [0.0012294322891, 0.77775624019, 0.15719116164, 0.0025317045165, 0.0063852535576, 0.00077669871067, 0.054129509091],
      [0.025036510086, 0.011477026178, 0.10623860669, 0.10697580107, 0.059691971557, 0.66513693563, 0.025443148789],
      [0.16835772112, 0.022530661415, 0.0071296164742, 0.62765006252, 0.062884229084, 0.088257907456, 0.023189801929],
      [0.0061585846483, 0.01601121233, 0.73691116217, 0.030293530796, 0.10473112553, 0.05046075076, 0.055433633763],
      [0.0011321196387, 0.07240923994, 0.36315126686, 0.051505942277, 0.1458124382, 0.004217051167, 0.36177194192]
    ],
    [
      [0.041486960002, 0.038439412089, 0.0020846954918, 0.014429919603, 0.16686440941, 0.21563884409, 0.52105575931],
      [0.37064654519, 0.16548638808, 0.06156170847, 0.22954529249, 0.053951028941, 0.1051420594, 0.01366697743],
      [0.00078262050994, 0.77827964618, 0.16156653261, 0.0030608220667, 0.0067869102554, 0.00091342363478, 0.048610044743],
      [0.01621751114, 0.0097708535731, 0.094095370534, 0.10602688522, 0.054507664754, 0.69970142038, 0.019680294391],
      [0.11878472811, 0.021434947679, 0.0069670687278, 0.67206104833, 0.061971688429, 0.099458587047, 0.019321931678],
      [0, 0.015651376303, 0.73269357076, 0.037509154676, 0.10757617396, 0.058554371246, 0.048015353049],
      [0.0005853131929, 0.071974023709, 0.37729015994, 0.059876170385, 0.15623032851, 0.0051214569761, 0.32892254729]
    ],
    [
      [0.070607997979, 0.033041704278, 0.0015792928493, 0.016248131538, 0.13318774678, 0.18547989066, 0.55985523591],
      [0.51039107549, 0.11486915626, 0.041506480113, 0.21333558776, 0.034847111075, 0.073180596799, 0.011869992503],
      [0.0018790116033, 0.77199298055, 0.15507153042, 0.0038541862775, 0.0062480566075, 0.00091853359036, 0.06003570095],
      [0.031160045539, 0.0092802197333, 0.086721050739, 0.13426538146, 0.048169496138, 0.667025813, 0.023377993389],
      [0.17737691843, 0.015414977712, 0.0044161303435, 0.66784509, 0.042884944731, 0.074101223428, 0.017960715354],
      [0.0097821403589, 0.015752875697, 0.70982724948, 0.045137106158, 0.10037586859, 0.059038173144, 0.060086586574],
      [0.0016782083572, 0.066599398072, 0.33879509974, 0.073599931709, 0.13420147675, 0.0047655772607, 0.38036030811]
    ],
    [
      [0.048802719153, 0.032924819527, 0.0020299832245, 0.012587477133, 0.182461345, 0.12907448778, 0.59211916818],
      [0.45261346697, 0.14729063716, 0.04839291551, 0.2088696966, 0.061134585126, 0.065533080058, 0.016165618581],
      [0.0012994729077, 0.78073781658, 0.14187784936, 0.0031034201153, 0.0080976458924, 0.00067351482183, 0.064210280322],
      [0.028103050155, 0.012066954106, 0.10256851755, 0.13358742719, 0.085570011462, 0.60582708221, 0.032276957328],
      [0.15718433367, 0.019808236176, 0.0072600165879, 0.65262205614, 0.072072419381, 0.066317534768, 0.024735403273],
      [0.0068016524586, 0.016945093509, 0.68756744663, 0.038791814215, 0.13720111236, 0.044141595946, 0.068551284873],
      [0.0011039633376, 0.065048200081, 0.30017732567, 0.055136494378, 0.18084730847, 0.0032835231994, 0.39440318487]
    ],
    [
      [0.032201786145, 0.037594965932, 0.002043393297, 0.013723395306, 0.19643876163, 0.17983616082, 0.53816153687],
      [0.32908346461, 0.18246918571, 0.061100271007, 0.24168440398, 0.071201584823, 0.098608527346, 0.015852562521],
      [0.00033539547459, 0.79122085504, 0.14553802675, 0.0031205831228, 0.0078054832639, 0.00089258439729, 0.051087071961],
      [0.013878713632, 0.010963305924, 0.095218417746, 0.11377694965, 0.072548803605, 0.67023623854, 0.023377570898],
      [0.08597677713, 0.035740105872, 0.007666398255, 0.68197025858, 0.076114292715, 0.090337259072, 0.022194908379],
      [0, 0.012199122323, 0.70498601023, 0.04129257039, 0.13044652037, 0.055411962091, 0.055663814592],
      [0, 0.071067837641, 0.33767790138, 0.057132535819, 0.18593701843, 0.0045868606477, 0.34359784608]
    ],
    [
      [0.06620761574, 0.02493108792, 0.0023954935961, 0.014087917114, 0.16929709168, 0.22510927867, 0.49797151528],
      [0.50224715956, 0.092017105833, 0.058600370665, 0.19512986431, 0.046914478117, 0.093987598626, 0.011103422892],
      [0.0020969412934, 0.67817377676, 0.24235115723, 0.0039365809403, 0.0093373809842, 0.0012736919563, 0.062830470834],
      [0.025305922987, 0.0058962500738, 0.099981352924, 0.10044019148, 0.052952396047, 0.69756730055, 0.017856585938],
      [0.1801838237, 0.012206415819, 0.0075009547991, 0.62623857929, 0.059315673793, 0.097606283777, 0.016948268823],
      [0.0077562419178, 0.007963904141, 0.75373261176, 0.031239385545, 0.10162230974, 0.056448564131, 0.041236982764],
      [0.0014856954331, 0.046559394017, 0.41678143188, 0.059010084166, 0.15777723799, 0.005299724658, 0.31308643186]
    ],
    [
      [0.052515768864, 0.030197505457, 0.0016091063537, 0.010263005672, 0.10727926101, 0.22883802012, 0.56929733253],
      [0.4847739153, 0.13461300946, 0.04179928244, 0.17180674188, 0.036000174718, 0.11557951261, 0.01542736359],
      [0.0015932777766, 0.78619303795, 0.13510572297, 0.0027276981804, 0.0056500499956, 0.00087792108767, 0.067852292039],
      [0.021809626846, 0.0080239792015, 0.064159487545, 0.078922722996, 0.036449004011, 0.76847941984, 0.02215575956],
      [0.18487281305, 0.019798429629, 0.0063869116075, 0.58842615903, 0.048696043993, 0.12639217446, 0.025427468225],
      [0.0096887033609, 0.017828151234, 0.68289300772, 0.035285313681, 0.099765498002, 0.080548815882, 0.07399051012],
