{
  "Z_true": {},
  "V_true": [
    [3, 21, 199, 984, 15],
    [485, 508, 694, 196, 29],
    [820, 5253, 2419, 964, 263],
    [110, 107, 8125, 12513, 243],
    [95, 249, 712, 594, 429]
  ],
  "p_true": [
    [0.0025, 0.0172, 0.1628, 0.8052, 0.0123],
    [0.2537, 0.2657, 0.363, 0.1025, 0.0152],
    [0.0844, 0.5405, 0.2489, 0.0992, 0.0271],
    [0.0052, 0.0051, 0.3851, 0.5931, 0.0115],
    [0.0457, 0.1198, 0.3425, 0.2857, 0.2063]
  ],
  "Z_est": [
    [
      [0, 0, 0, 0, 0, 0, 0, 0, 0, 0, 0, 0, 0, 0, 0, 0, 0, 0, 0, 0, 0, 0, 0, 0, 0, 0, 0, 0, 0, 0, 0, 0, 0, 0, 0, 0],
      [0, 0, 0, 0, 0, 0, 0, 0, 0, 0, 0, 0, 0, 0, 0, 0, 0, 0, 0, 0, 0, 0, 0, 0, 0, 0, 0, 0, 0, 0, 0, 0, 0, 0, 0, 0],
      [0, 0, 0, 0, 0, 0, 0, 0, 0, 0, 0, 0, 0, 0, 0, 0, 0, 0, 0, 0, 0, 0, 0, 0, 0, 0, 0, 0, 0, 0, 0, 0, 0, 0, 0, 0],
      [12, 2, 5, 44, 62, 16, 87, 31, 46, 73, 6, 37, 13, 13, 11, 14, 30, 28, 2, 28, 22, 60, 13, 41, 68, 41, 26, 18, 28, 39, 37, 9, 117, 11, 85, 47],
      [0, 0, 0, 0, 0, 0, 0, 0, 0, 0, 0, 0, 0, 0, 0, 0, 0, 0, 0, 0, 0, 0, 0, 0, 0, 0, 0, 0, 0, 0, 0, 0, 0, 0, 0, 0]
    ],
    [
      [13.2919, 6.8921, 0.9985, 26.5837, 31.9989, 10, 28.0606, 15.261, 19.6916, 30.0297, 5.4181, 12.7996, 20.1839, 22.6454, 30.522, 10.8304, 80.2434, 52.1828, 0.4923, 50.2137, 41.8447, 32.4912, 4.9229, 18.7071, 26.5837, 15.261, 9.3535, 9.8458, 9.3535, 21.1685, 29.5375, 1.9692, 84.674, 15.261, 102.8888, 44.7985],
      [1.5635, 0.8107, 0.6529, 3.1271, 3.7641, 4.3916, 3.3008, 1.7952, 2.3164, 3.5325, 0.637, 1.5056, 2.3743, 2.6638, 3.5904, 1.274, 9.4392, 6.1384, 0.0579, 5.9067, 4.9223, 3.822, 0.5791, 2.2005, 3.1271, 1.7952, 1.1003, 1.1582, 1.1003, 2.4901, 3.4745, 0.2316, 9.9604, 1.7952, 12.103, 5.2697],
      [12.0703, 6.2587, 1.3411, 24.1406, 29.0581, 12.5173, 25.4817, 13.8585, 17.8819, 27.2699, 4.9175, 11.6232, 18.3289, 20.5642, 27.7169, 9.835, 72.8687, 47.387, 0.447, 45.5988, 37.999, 29.5051, 4.4705, 16.9878, 24.1406, 13.8585, 8.4939, 8.9409, 8.4939, 19.223, 26.8228, 1.7882, 76.8921, 13.8585, 93.4329, 40.6813],
      [0.0672, 0.0349, 0.0075, 0.1344, 0.1618, 1.0837, 0.1419, 0.0772, 0.0996, 0.1519, 0.0274, 0.0647, 0.1021, 0.1145, 0.1544, 0.0548, 0.4058, 0.2639, 0.0025, 0.2539, 0.2116, 0.1643, 0.0249, 0.0946, 0.1344, 0.0772, 0.0473, 0.0498, 0.0473, 0.1071, 0.1494, 0.01, 0.4282, 0.0772, 0.5203, 0.2266],
      [0.0071, 0.0037, 0, 0.0142, 0.0171, 0.0074, 0.015, 0.0082, 0.0105, 0.016, 0, 0.0068, 0.0108, 0.0121, 0.0163, 0.0058, 0.0429, 0.0279, 0.0003, 0.0268, 0.0224, 0.0174, 0.0026, 0.01, 0.0142, 0.0082, 0.005, 0.0053, 0.005, 0.0113, 0.0158, 0.0011, 0.0452, 0.0082, 0.055, 0.0239]
    ],
    [
      [6.9566, 1.7312, 0, 18.1287, 23.6595, 0, 15.8664, 5.677, 11.2589, 8.8942, 2.1861, 10.609, 12.8416, 5.3273, 21.0215, 6.1548, 29.9925, 24.426, 0.6658, 14.826, 12.429, 16.0607, 4.3502, 4.2538, 12.3639, 7.6903, 6.3033, 2.1387, 3.6147, 9.8544, 4.4256, 6.9858, 20.2167, 7.5018, 43.8566, 16.3797],
      [95.5094, 23.4875, 17.7605, 186.8538, 320.9955, 112.0172, 282.8617, 161.1771, 164.6616, 179.4336, 21.0737, 145.1771, 100.6135, 151.8043, 237.6291, 82.7194, 409.4647, 251.8363, 9.0336, 201.1492, 168.628, 192.1549, 59.5117, 127.0733, 176.8495, 117.1831, 81.8862, 62.8349, 70.8856, 121.4865, 118.509, 96.9611, 351.5969, 101.7791, 595.0161, 222.2277],
      [14.1699, 10.3927, 2.7915, 84.4737, 142.0331, 49.565, 123.646, 73.2816, 82.5079, 115.7381, 10.5088, 63.6884, 53.5622, 64.7543, 56.1627, 40.5047, 152.23, 113.7863, 3.9972, 97.5656, 74.614, 85.8061, 26.1149, 56.227, 79.4106, 55.4275, 37.84, 40.9473, 35.1752, 59.1582, 95.7747, 43.0639, 153.2252, 45.0349, 263.2808, 98.3306],
      [6.8313, 1.5767, 3.4479, 12.8159, 21.5485, 15.7761, 20.0683, 22.0877, 31.0108, 13.4627, 1.2314, 9.6625, 24.6441, 9.8242, 3.8792, 15.559, 0, 17.263, 0.6064, 13.5032, 11.32, 13.018, 3.962, 14.2876, 16.5609, 18.0353, 10.5812, 4.6897, 16.3062, 27.6828, 9.5816, 6.509, 23.2465, 6.8324, 39.9435, 14.9182],
      [5.5328, 1.812, 0, 14.728, 24.7634, 8.6416, 21.5577, 12.7766, 13.5608, 15.4713, 0, 9.863, 9.3386, 11.2899, 13.3074, 7.062, 18.3128, 19.6884, 0.6969, 6.956, 13.0089, 14.9603, 4.0613, 9.1584, 12.8151, 9.6638, 5.3894, 5.3894, 6.0184, 3.818, 8.7091, 7.4801, 26.7148, 7.8518, 45.9029, 17.1439]
    ],
    [
      [0.7368, 3.3738, 0, 5.2448, 6.2634, 0, 0, 0, 0, 0, 0.4646, 2.5471, 1.9471, 0, 1.4077, 0, 3.6969, 24.3344, 2.8411, 4.9204, 0.7026, 8.3965, 5.7033, 0, 0, 0, 0.3129, 0, 0, 2.9247, 0, 0, 0, 9.2069, 73.1291, 16.7768],
      [0.9205, 0.7005, 0.2149, 0, 4.2055, 2.5724, 6.8049, 0, 0, 0, 0.2876, 12.2974, 0, 4.5196, 1.7587, 0, 9.0662, 0, 0.9081, 5.9263, 3.4391, 0, 5.8987, 0.7087, 0, 0, 0, 0, 0, 0, 0, 32.7871, 35.394, 11.4122, 27.8249, 35.4825],
      [38.1398, 14.4247, 3.4053, 185.9878, 184.4229, 92.2507, 249.5033, 173.456, 250.6332, 240.6991, 11.9187, 173.8284, 92.0619, 93.6345, 72.8743, 65.0402, 191.3803, 147.5397, 7.8248, 254.3616, 151.995, 337.5188, 127.0226, 241.0422, 458.5479, 169.468, 167.6952, 219.7608, 192.8979, 228.7177, 320.8525, 181.5569, 835.6947, 120.1357, 497.0164, 376.3971],
      [71.4529, 30.0587, 6.3797, 410.2687, 491.5521, 213.3996, 559.6293, 396.9111, 485.3668, 451.8951, 22.329, 314.327, 201.2039, 156.0114, 136.5261, 140.7376, 354.0931, 264.126, 6.3087, 463.7917, 381.8306, 818.0476, 178.3753, 496.249, 964.4521, 328.4471, 334.9919, 393.5295, 432.1021, 509.3576, 610.1475, 44.4528, 1330.1257, 140.7108, 956.5231, 273.8271],
      [0.75, 5.4423, 0, 9.4987, 11.5562, 4.7773, 12.0626, 15.633, 0, 11.4058, 0, 0, 0.7871, 0.8344, 1.4331, 1.2222, 3.7636, 0, 1.1173, 0, 4.0326, 1.0372, 0, 0, 0, 8.0849, 0, 4.7098, 0, 0, 0, 27.2031, 3.7856, 8.5344, 42.5066, 0.5165]
    ],
    [
      [0.0148, 0.003, 0.0015, 0.0428, 0.0782, 0, 0.0731, 0.062, 0.0494, 0.076, 0.9312, 0.0443, 0.0273, 0.0273, 0.0487, 0.0148, 0.0672, 0.0568, 0.0007, 0.0399, 0.0236, 0.0517, 0.0236, 0.0391, 0.0524, 0.0487, 0.0303, 0.0155, 0.0317, 0.0524, 0.0369, 0.045, 0.1092, 0.0303, 0.1255, 0.045],
      [0.0066, 0.0013, 0.3717, 0.0191, 0.0349, 0.0188, 0.0326, 0.0277, 0.0221, 0.0339, 0.0016, 0.0198, 0.0122, 0.0122, 0.0218, 0.0066, 0.03, 0.0254, 0.0003, 0.0178, 0.0105, 0.0231, 0.0105, 0.0175, 0.0234, 0.0218, 0.0135, 0.0069, 0.0142, 0.0234, 0.0165, 0.0201, 0.0488, 0.0135, 0.056, 0.0201],
      [14.62, 2.924, 1.462, 42.398, 77.486, 41.667, 72.369, 61.404, 48.977, 75.293, 3.655, 43.86, 27.047, 27.047, 48.246, 14.62, 66.521, 56.287, 0.731, 39.474, 23.392, 51.17, 23.392, 38.743, 51.901, 48.246, 29.971, 15.351, 31.433, 51.901, 36.55, 44.591, 108.188, 29.971, 124.27, 44.591],
      [1.6486, 0.3297, 0.1649, 4.7809, 8.7376, 4.7406, 8.1605, 6.9241, 5.5228, 8.4903, 0.4121, 4.9458, 3.0499, 3.0499, 5.4404, 1.6486, 7.5011, 6.3471, 0.0824, 4.4512, 2.6378, 5.7701, 2.6378, 4.3688, 5.8525, 5.4404, 3.3796, 1.731, 3.5445, 5.8525, 4.1215, 5.0282, 12.1996, 3.3796, 14.0131, 5.0282],
      [3.7101, 0.742, 0, 10.7592, 19.6633, 10.5737, 18.3648, 15.5822, 12.4287, 19.1068, 0, 11.1302, 6.8636, 6.8636, 12.2432, 3.7101, 16.8808, 14.2837, 0.1855, 10.0172, 5.9361, 12.9852, 5.9361, 9.8317, 13.1707, 12.2432, 7.6056, 3.8956, 7.9766, 13.1707, 9.2751, 11.3157, 27.4544, 7.6056, 31.5355, 11.3157]
    ]
  ],
  "V_est": [
    [0, 0, 0, 1222, 0],
    [937.0007, 113.9714, 854.7545, 5.774, 0.4993],
    [398.6485, 5819.8424, 2604.7904, 482.274, 413.4447],
    [174.931, 203.13, 7169.7066, 13369.5383, 180.694],
    [2.4197, 1.0561, 1519.7486, 171.4136, 384.362]
  ],
  "p_est": [
    [0, 0, 0, 1, 0],
    [0.4901, 0.0596, 0.447, 0.003, 0.0003],
    [0.041, 0.5988, 0.268, 0.0496, 0.0425],
    [0.0083, 0.0096, 0.3398, 0.6337, 0.0086],
    [0.0012, 0.0005, 0.731, 0.0825, 0.1849]
  ],
  "EI_Z": {},
  "EI_V": 9.9339,
  "MAE_Z": {},
  "MAE_V": 286.3345,
  "MAE_p": 0.0836,
  "runtime": 0.3881
}
