{
  "Z_true": {},
  "V_true": [
    [1515, 93, 2550, 57],
    [2094, 399, 13119, 580],
    [566, 13714, 664, 660],
    [130, 520, 433, 328],
    [80, 546, 303, 495],
    [157, 444, 570, 550]
  ],
  "p_true": [
    [0.3594, 0.0221, 0.605, 0.0135],
    [0.1293, 0.0246, 0.8102, 0.0358],
    [0.0363, 0.8789, 0.0426, 0.0423],
    [0.0921, 0.3685, 0.3069, 0.2325],
    [0.0562, 0.3834, 0.2128, 0.3476],
    [0.0912, 0.258, 0.3312, 0.3196]
  ],
  "Z_est": {},
  "V_est": [
    [2821.7073, 0, 1393.2927, 0],
    [558.984, 0, 15633.016, 0],
    [216.367, 15387.633, 0, 0],
    [0, 254.3464, 612.6912, 543.9624],
    [817.9345, 74.0207, 0, 532.0448],
    [127.0072, 0, 0, 1593.9928]
  ],
  "p_est": [
    [0.6694, 0, 0.3306, 0],
    [0.0345, 0, 0.9655, 0],
    [0.0139, 0.9861, 0, 0],
    [0, 0.1803, 0.4342, 0.3855],
    [0.5744, 0.052, 0, 0.3736],
    [0.0738, 0, 0, 0.9262]
  ],
  "EI_Z": {},
  "EI_V": 19.0031,
  "MAE_Z": {},
  "MAE_V": 642.4152,
  "MAE_p": 0.167,
  "runtime": 0.0161
}
