{
  "X": [
    [5, 65, 53, 27],
    [0, 3, 27, 3],
    [34, 361, 291, 56],
    [25, 181, 133, 38],
    [32, 327, 342, 58],
    [22, 265, 193, 47],
    [5, 38, 209, 22],
    [1, 7, 28, 5],
    [2, 4, 33, 5],
    [5, 36, 20, 9],
    [1, 20, 107, 9],
    [2, 3, 54, 6],
    [0, 17, 28, 4],
    [2, 10, 52, 6],
    [8, 9, 76, 10],
    [33, 97, 191, 35],
    [4, 19, 42, 9],
    [1, 5, 66, 9],
    [1, 25, 168, 6],
    [6, 36, 146, 11],
    [0, 7, 71, 7],
    [2, 95, 261, 36],
    [3, 17, 91, 7],
    [1, 7, 68, 4],
    [0, 6, 19, 1],
    [1, 3, 7, 1],
    [3, 25, 59, 6],
    [1, 7, 48, 3],
    [26, 407, 619, 94],
    [41, 400, 511, 83],
    [21, 317, 284, 67],
    [20, 315, 584, 93],
    [14, 179, 167, 30],
    [23, 48, 182, 25],
    [3, 12, 98, 11],
    [10, 15, 75, 5],
    [3, 34, 75, 14],
    [1, 20, 105, 16],
    [2, 10, 53, 2],
    [1, 3, 50, 2],
    [30, 283, 87, 39],
    [1, 8, 69, 10],
    [9, 103, 68, 18],
    [7, 124, 218, 26],
    [1, 9, 28, 2],
    [7, 37, 223, 12],
    [1, 9, 52, 2],
    [21, 112, 183, 26],
    [3, 56, 58, 29],
    [2, 16, 80, 5],
    [3, 13, 98, 11],
    [5, 120, 108, 29],
    [19, 277, 201, 40],
    [0, 12, 40, 3],
    [26, 351, 261, 73],
    [23, 294, 254, 57],
    [2, 12, 67, 3],
    [3, 44, 46, 3],
    [0, 10, 42, 6],
    [0, 13, 8, 4],
    [0, 9, 10, 5],
    [3, 56, 204, 17],
    [1, 18, 40, 12],
    [13, 131, 90, 19],
    [7, 80, 47, 13],
    [1, 5, 59, 2],
    [1, 21, 78, 8],
    [5, 39, 68, 18],
    [3, 10, 96, 9],
    [1, 2, 43, 2],
    [25, 150, 334, 61],
    [24, 187, 257, 66],
    [21, 171, 217, 82],
    [7, 5, 36, 1],
    [7, 27, 91, 14],
    [1, 6, 27, 5],
    [0, 7, 15, 4],
    [1, 2, 10, 1],
    [9, 66, 258, 16],
    [26, 211, 259, 47],
    [19, 128, 105, 28],
    [7, 16, 23, 3],
    [0, 8, 46, 5],
    [11, 91, 95, 16],
    [3, 21, 26, 4],
    [9, 56, 51, 30],
    [21, 174, 321, 93],
    [29, 271, 639, 96],
    [0, 8, 66, 3],
    [6, 34, 75, 12],
    [0, 23, 134, 19],
    [10, 106, 238, 18],
    [2, 2, 48, 10],
    [8, 66, 116, 28],
    [3, 41, 82, 12],
    [7, 37, 204, 28],
    [4, 14, 93, 16],
    [3, 28, 96, 7],
    [2, 19, 84, 7],
    [3, 16, 53, 3],
    [3, 27, 78, 6],
    [11, 16, 42, 6],
    [0, 12, 38, 1],
    [0, 2, 19, 5],
    [3, 35, 56, 11],
    [2, 4, 50, 2],
    [0, 8, 54, 5],
    [43, 248, 630, 64],
    [27, 171, 377, 36],
    [14, 110, 253, 36],
    [0, 1, 3, 0],
    [11, 89, 126, 23],
    [52, 364, 667, 104],
    [6, 35, 42, 10],
    [55, 485, 941, 209],
    [1, 24, 72, 13]
  ],
  "W": [
    [6, 12, 63, 34, 16, 9, 10],
    [3, 1, 3, 22, 0, 1, 3],
    [30, 15, 363, 192, 45, 39, 58],
    [22, 11, 191, 84, 27, 21, 21],
    [28, 26, 333, 236, 43, 48, 45],
    [15, 11, 260, 150, 30, 34, 27],
    [15, 3, 40, 169, 7, 34, 6],
    [0, 1, 5, 24, 2, 4, 5],
    [2, 4, 8, 28, 2, 0, 0],
    [3, 4, 33, 17, 6, 4, 3],
    [15, 2, 21, 74, 10, 6, 9],
    [12, 3, 0, 35, 7, 4, 4],
    [4, 3, 18, 17, 0, 3, 4],
    [4, 6, 8, 35, 3, 7, 7],
    [13, 2, 12, 55, 6, 7, 8],
    [21, 15, 101, 131, 35, 27, 26],
    [5, 2, 17, 27, 8, 7, 8],
    [9, 1, 4, 54, 3, 6, 4],
    [9, 4, 23, 144, 4, 10, 6],
    [20, 0, 30, 109, 23, 11, 6],
    [12, 2, 4, 51, 9, 5, 2],
    [20, 7, 92, 212, 22, 25, 16],
    [9, 3, 20, 75, 4, 3, 4],
    [3, 1, 9, 56, 3, 3, 5],
    [2, 0, 7, 9, 3, 3, 2],
    [0, 1, 4, 5, 1, 0, 1],
    [8, 2, 24, 41, 6, 7, 5],
    [9, 2, 3, 27, 3, 12, 3],
    [32, 31, 412, 409, 71, 124, 67],
    [44, 29, 408, 358, 74, 63, 59],
    [24, 29, 313, 196, 49, 36, 42],
    [34, 36, 312, 430, 48, 89, 63],
    [18, 9, 158, 111, 36, 33, 25],
    [24, 11, 44, 137, 25, 15, 22],
    [6, 4, 14, 81, 7, 9, 3],
    [7, 7, 12, 60, 13, 1, 5],
    [9, 9, 34, 49, 12, 4, 9],
    [2, 2, 22, 92, 3, 16, 5],
    [9, 0, 10, 40, 1, 2, 5],
    [1, 1, 8, 39, 2, 3, 2],
    [17, 22, 266, 63, 34, 10, 27],
    [10, 1, 10, 53, 3, 9, 2],
    [6, 11, 96, 51, 15, 4, 15],
    [12, 10, 125, 173, 20, 17, 18],
    [6, 0, 8, 21, 4, 0, 1],
    [16, 5, 35, 179, 15, 21, 8],
    [1, 0, 12, 42, 2, 5, 2],
    [12, 6, 104, 146, 35, 20, 19],
    [7, 21, 46, 37, 11, 7, 17],
    [8, 4, 17, 55, 8, 7, 4],
    [16, 2, 15, 69, 9, 7, 7],
    [4, 6, 110, 80, 16, 34, 12],
    [13, 13, 266, 133, 36, 35, 41],
    [2, 4, 12, 29, 4, 3, 1],
    [30, 27, 346, 173, 58, 28, 49],
    [29, 27, 290, 181, 42, 19, 40],
    [6, 1, 15, 48, 7, 5, 2],
    [6, 5, 38, 36, 4, 1, 6],
    [3, 6, 8, 33, 0, 3, 5],
    [1, 1, 11, 7, 2, 1, 2],
    [2, 0, 9, 8, 1, 1, 3],
    [21, 8, 53, 139, 12, 26, 21],
    [2, 5, 17, 29, 4, 8, 6],
    [9, 10, 124, 60, 22, 10, 18],
    [4, 8, 73, 35, 6, 5, 16],
    [5, 0, 7, 47, 4, 4, 0],
    [13, 3, 20, 54, 3, 8, 7],
    [11, 3, 41, 46, 9, 14, 6],
    [16, 1, 9, 63, 11, 17, 1],
    [5, 2, 0, 34, 2, 1, 4],
    [27, 15, 146, 246, 49, 44, 43],
    [28, 21, 208, 169, 51, 31, 26],
    [25, 12, 156, 171, 44, 33, 50],
    [7, 4, 7, 19, 4, 2, 6],
    [8, 8, 30, 66, 6, 14, 7],
    [5, 0, 8, 20, 1, 1, 4],
    [2, 4, 6, 12, 0, 2, 0],
    [3, 0, 2, 6, 0, 3, 0],
    [10, 5, 77, 208, 12, 22, 15],
    [16, 29, 170, 191, 58, 36, 43],
    [3, 17, 126, 82, 34, 10, 8],
    [2, 0, 17, 20, 5, 3, 2],
    [4, 1, 9, 38, 1, 3, 3],
    [16, 11, 96, 54, 18, 10, 8],
    [8, 2, 23, 9, 4, 4, 4],
    [12, 17, 48, 32, 17, 6, 14],
    [42, 19, 172, 239, 34, 66, 37],
    [64, 40, 288, 419, 74, 72, 78],
    [5, 1, 9, 53, 3, 4, 2],
    [6, 2, 39, 60, 9, 9, 2],
    [18, 3, 32, 100, 1, 16, 6],
    [10, 5, 92, 193, 23, 16, 33],
    [5, 0, 4, 33, 2, 16, 2],
    [7, 9, 64, 91, 18, 9, 20],
    [6, 2, 39, 54, 8, 13, 16],
    [27, 3, 39, 157, 12, 25, 13],
    [13, 1, 12, 76, 9, 10, 6],
    [16, 3, 25, 73, 8, 6, 3],
    [8, 2, 17, 67, 2, 12, 4],
    [3, 2, 14, 47, 4, 3, 2],
    [6, 3, 26, 61, 6, 4, 8],
    [6, 0, 20, 32, 11, 5, 1],
    [4, 2, 15, 28, 1, 0, 1],
    [1, 1, 2, 18, 1, 1, 2],
    [1, 6, 35, 47, 4, 10, 2],
    [3, 3, 4, 45, 2, 1, 0],
    [6, 0, 10, 49, 0, 2, 0],
    [40, 22, 246, 497, 75, 63, 42],
    [23, 18, 166, 300, 46, 26, 32],
    [18, 9, 109, 181, 30, 38, 28],
    [0, 0, 2, 1, 1, 0, 0],
    [0, 2, 91, 116, 16, 6, 18],
    [75, 40, 352, 479, 86, 86, 69],
    [3, 5, 31, 31, 13, 4, 6],
    [84, 106, 506, 659, 92, 108, 135],
    [7, 13, 25, 52, 6, 2, 5]
  ],
  "method": "mult",
  "cond_prob": [
    [
      [0.0075747821218, 0.002124100493, 0.83818555725, 0.15211556014],
      [0.017647540671, 0.075443623949, 0.20698940773, 0.69991942765],
      [0, 0.92948428807, 0, 0.070515711934],
      [0.014746381205, 0.0092352653216, 0.94767347323, 0.028344880241],
      [0.25505663493, 0.15214934331, 0.32915524202, 0.26363877974],
      [0, 0.010069541048, 0.56038680411, 0.42954365484],
      [0.016049769936, 0.26854073782, 0.29561505646, 0.41979443579]
    ],
    [
      [0, 0, 0.88187781867, 0.11812218133],
      [0, 0.055650016531, 0.23391676439, 0.71043321907],
      [0, 0.74726441352, 0.21180460114, 0.04093098534],
      [0, 0, 0.99057623027, 0.0094237697289],
      [-0, 0.16577372106, 0.52168229435, 0.31254398458],
      [0, 0.0050551904342, 0.61401132812, 0.38093348145],
      [5.5511151231e-17, 0.23250051749, 0.35944919404, 0.40805028847]
    ],
    [
      [0.015747332326, 0.0012509595822, 0.89555454617, 0.087447161922],
      [0.049068210025, 0.096229823885, 0.3110086788, 0.54369328729],
      [0.030747085009, 0.9239257195, 0.017419553576, 0.027907641916],
      [0.0013787531273, 0.0029635036702, 0.98755944103, 0.0080983021764],
      [0.4239944585, 0.12675617162, 0.31722085048, 0.13202851939],
      [0.0013015873341, 0.0097652597188, 0.70175271153, 0.28718044142],
      [0.038536756595, 0.30138141585, 0.37741773769, 0.28266408986]
    ],
    [
      [0.021814823053, 0.0004013508618, 0.86194062074, 0.11584320535],
      [0.055560845189, 0.07961521191, 0.2533817052, 0.6114422377],
      [0.049236526315, 0.89735786408, 0.0080192465952, 0.045386363014],
      [0.0041615859489, 0, 0.9806713355, 0.015167078553],
      [0.48508410686, 0.105231093, 0.25985480798, 0.14982999216],
      [0.0025383893883, 0.0080988619552, 0.63314118395, 0.35622156471],
      [0.047837037495, 0.27184453807, 0.33476164889, 0.34555677554]
    ],
    [
      [0.015371368611, 0.00069263879449, 0.89997640255, 0.083959590046],
      [0.049205996832, 0.095884326828, 0.32033451824, 0.5345751581],
      [0.030865708167, 0.91667872595, 0.025868911848, 0.02658665403],
      [0.00040409782059, 0, 0.99289616416, 0.006699738018],
      [0.42171726051, 0.12494375777, 0.32460902419, 0.12872995753],
      [0.0012785510435, 0.0088419697069, 0.71179866137, 0.27808081788],
      [0.038253004533, 0.29859114985, 0.38687993513, 0.27627591049]
    ],
    [
      [0.016206200348, 0.0030670621577, 0.86258024272, 0.11814649477],
      [0.042445496675, 0.090933304575, 0.24999577118, 0.61662542757],
      [0.0080215701433, 0.95396714677, 0, 0.038011283084],
      [0.038715708943, 0.021411246934, 0.92608427324, 0.01378877088],
      [0.41309863484, 0.13581357089, 0.28337192507, 0.1677158692],
      [0.0013882778725, 0.014255911739, 0.62403310786, 0.36032270253],
      [0.035440054069, 0.30190645891, 0.32149698038, 0.34115650664]
    ],
    [
      [0.015445847459, 0.00017075061001, 0.87666160308, 0.10772179885],
      [0.043494495587, 0.078857422563, 0.27170484275, 0.6059432391],
      [0.033445495956, 0.87866168861, 0.04833154723, 0.039561268207],
      [0, 0, 0.98603423417, 0.013965765828],
      [0.43460936333, 0.11128111404, 0.29799311198, 0.15611641064],
      [0.00111393567, 0.0066263639413, 0.65393210434, 0.33832759605],
      [0.036644934502, 0.26835579277, 0.35704510496, 0.33795416777]
    ],
    [
      [0.012105698601, 0.0009773789454, 0.8655964292, 0.12132049325],
      [0.030108861655, 0.080995722176, 0.2288955463, 0.65999986987],
      [0, 0.95243579355, 0.012160004839, 0.035404201615],
      [0, 0.014019521944, 0.96588122336, 0.020099254692],
      [0.44100665946, 0.12362271992, 0.26842959476, 0.16694102586],
      [0, 0.011862761866, 0.60740613991, 0.38073109823],
      [0.017575563884, 0.30513205923, 0.31253426392, 0.36475811296]
    ],
    [
      [0.014656140166, 0, 0.85169985545, 0.13364400438],
      [0.048884788444, 0.018744800172, 0.22401822839, 0.70835218299],
      [0.073207596504, 0.48199592496, 0.35862542693, 0.086171051605],
      [0, 0, 0.96749443629, 0.032505563713],
      [0.59474389693, 0.034526699816, 0.22083987202, 0.14988953123],
      [0.0012508883139, 0.0036081889148, 0.58486210095, 0.41027882183],
      [0.051407407331, 0.13650441277, 0.35404875194, 0.45803942796]
    ],
    [
      [0.024634668262, 0.0088757735941, 0.81107750997, 0.15541204817],
      [0.051037966818, 0.095213740153, 0.1731412281, 0.68060706492],
      [0, 0.95497644868, 0, 0.045023551322],
      [0.089086679089, 0.13178760293, 0.75826392325, 0.020861794737],
      [0.51012186667, 0.13545143811, 0.18520274516, 0.16922395007],
      [0.0027119470427, 0.020769765464, 0.53115773003, 0.44536055747],
      [0.045297198421, 0.31403932399, 0.24928949047, 0.39137398712]
    ],
    [
      [0, 0, 0.92835638623, 0.071643613766],
      [0.0085166710831, 0.080873257363, 0.34522506543, 0.56538500612],
      [0, 0.75796243094, 0.21576334198, 0.026274227074],
      [0, 0, 1, 0],
      [0.092597155789, 0.15489195934, 0.55602875978, 0.19648212509],
      [0, 0.0035012122876, 0.72609553916, 0.27040324855],
      [0.0063327888826, 0.26123506315, 0.43736811791, 0.29506403006]
    ],
    [
      [0, 0, 0.91669477813, 0.083305221868],
      [0.025390366109, 0.11530901013, 0.30690692995, 0.55239369381],
      [0.0085892826773, 0.963685261, 0.011617568245, 0.016107888075],
      [0, 0, 0.99659597619, 0.0034040238122],
      [0.26447099415, 0.16130260276, 0.42501171968, 0.14921468341],
      [0, 0.010088988873, 0.70487853305, 0.28503247808],
      [0.018132985665, 0.3711496987, 0.350871634, 0.25984568163]
    ],
    [
      [5.5511151231e-17, 0, 0.93962862195, 0.060371378046],
      [4.6222318665e-33, 0.085127199323, 0.36635957344, 0.54851322723],
      [0, 0.86730279311, 0.11663198517, 0.016065221727],
      [0, 0, 1, 0],
      [1.1102230246e-16, 0.19864323272, 0.59908811778, 0.2022686495],
      [0, 0.0011578481599, 0.75048367707, 0.24835847477],
      [0, 0.2824236454, 0.44789500691, 0.26968134768]
    ],
    [
      [0.012927196166, 0, 0.92941267295, 0.057660130887],
      [0.050219672048, 0.10051481109, 0.38371457371, 0.46555094315],
      [0.0017449693977, 0.85850121316, 0.13975381744, 0],
      [0, 0, 1, 0],
      [0.45982532839, 0.11526260626, 0.33278464125, 0.092127424106],
      [0, 0.0057368801615, 0.82795315032, 0.16630996952],
      [0.036219634672, 0.30613649261, 0.43828647864, 0.21935739408]
    ],
    [
      [0.028916071756, 0, 0.8641031406, 0.10698078764],
      [0.091720785418, 0.048096680975, 0.2593840105, 0.60079852311],
      [0.23246856714, 0.60034533029, 0.11411677759, 0.053069324974],
      [0, 0, 0.98434428711, 0.015655712886],
      [0.65286121607, 0.043806658361, 0.19847072739, 0.10486139817],
      [0.0051043167946, 0, 0.65165413589, 0.34324154732],
      [0.087266147085, 0.17960284054, 0.37339383915, 0.35973717322]
    ],
    [
      [0.026032365558, 0, 0.88144799883, 0.09251963561],
      [0.077614665957, 0.080163208144, 0.29193092737, 0.55029119853],
      [0.095464656783, 0.84942291651, 0.020168720311, 0.034943706399],
      [0.0029588909945, 0, 0.98606339602, 0.010977712987],
      [0.55355673626, 0.085217289289, 0.24929618494, 0.11192978951],
      [0.0065880293407, 0.0038537086592, 0.68715615499, 0.30240210701],
      [0.06566125835, 0.26612238661, 0.37002691641, 0.29818943863]
    ],
    [
      [0.01316767752, 0.00044434923266, 0.88188398604, 0.10450398721],
      [0.037867298798, 0.082215446547, 0.27087012129, 0.60904713337],
      [0.022268964807, 0.91523024701, 0.025712310359, 0.036788477822],
      [0, 0, 0.98715649369, 0.012843506305],
      [0.40301532985, 0.12218914393, 0.31384748397, 0.16094804225],
      [0.00054583668488, 0.0079006160658, 0.65738875773, 0.33416478952],
      [0.031488889691, 0.2802019622, 0.35575050568, 0.33255864242]
    ],
    [
      [0, 0, 0.84675763482, 0.15324236518],
      [0.018680104012, 0.060256841293, 0.20419115987, 0.71687189483],
      [0, 0.90380162846, 0.046272492998, 0.049925878542],
      [0, 0, 0.97059820171, 0.029401798289],
      [0.31455509086, 0.12123616491, 0.31662813642, 0.24758060781],
      [0, 0, 0.56305329815, 0.43694670185],
      [0.0094136558547, 0.24020703753, 0.31234826607, 0.43803104055]
    ],
    [
      [2.0816681712e-17, 0.00075858065384, 0.94520597253, 0.05403544682],
      [0.020638159678, 0.12671943658, 0.4108942154, 0.44174818834],
      [0, 0.93621161688, 0.05748586025, 0.0063025228751],
      [1.4073546533e-17, 0, 1, 0],
      [0.22822692741, 0.1865603373, 0.46897746863, 0.11623526666],
      [0, 0.010285018248, 0.7944179278, 0.19529705395],
      [0.00075660860535, 0.35072271799, 0.45121757457, 0.19730309884]
    ],
    [
      [0.0064767638066, 0.0033615398005, 0.9080146829, 0.082147013497],
      [0.025583238231, 0.10736551492, 0.32260560371, 0.54444564313],
      [0, 0.95567235672, 0.01957732873, 0.024750314545],
      [0, 0.0060436894566, 0.99042896448, 0.0035273460625],
      [0.25029234314, 0.19584698925, 0.39872012493, 0.15514054268],
      [0, 0.011232389624, 0.71259000007, 0.27617761031],
      [0.018956805288, 0.32929988548, 0.38109607959, 0.27064722964]
    ],
    [
      [0, 0.0023241365059, 0.89938091211, 0.098294951379],
      [1.1102230246e-16, 0.10300030238, 0.28133040008, 0.61566929755],
      [0, 0.95788492506, 0.016633155433, 0.025481919508],
      [0, 0.00057896533432, 0.99942103467, 0],
      [1.3877787808e-16, 0.24163304088, 0.5101685479, 0.24819841122],
      [0, 0.010275876533, 0.66427083768, 0.32545328579],
      [0, 0.33948303715, 0.34744587264, 0.31307109021]
    ],
    [
      [0.002010534984, 0.00091165301179, 0.87108006188, 0.12599775013],
      [0.0057345331921, 0.079319471067, 0.25359885143, 0.66134714431],
      [0, 0.93159665337, 0.023588533303, 0.044814813326],
      [0, 0, 0.98502968949, 0.014970310514],
      [0.083725326105, 0.186832792, 0.45127151486, 0.27817036703],
      [0, 0.0082143296828, 0.61692900526, 0.37485666506],
      [0.0048556496046, 0.27524742913, 0.34097306932, 0.37892385194]
    ],
    [
      [0.012613519286, 0, 0.89044915126, 0.096937329456],
      [0.046871515083, 0.069189481715, 0.28637951568, 0.59755948752],
      [0.034407225752, 0.77148924757, 0.15469501162, 0.039408515067],
      [0, 0, 0.99048853094, 0.0095114690625],
      [0.47340926102, 0.092038370922, 0.29583586299, 0.13871650506],
      [0.0010345307039, 0.0058327587551, 0.67508131124, 0.3180513993],
      [0.040244657484, 0.2442487109, 0.38442291333, 0.3310837183]
    ],
    [
      [0, 0, 0.92034488298, 0.079655117022],
      [0.025936060624, 0.063681273416, 0.33194326885, 0.57843939711],
      [0, 0.61344884801, 0.34890259447, 0.037648557529],
      [0, 0, 0.99997732601, 2.2673986563e-05],
      [0.32449306542, 0.099330971907, 0.42248129454, 0.15369466813],
      [0.00019491436763, 0.0034386472802, 0.72055921168, 0.27580722667],
      [0, 0.22139404739, 0.46780939132, 0.31079656128]
    ],
    [
      [1.0408340856e-16, 0, 0.99369285216, 0.0063071478422],
      [0, 0.097456613216, 0.51854196628, 0.3840014205],
      [7.7037197775e-34, 0.72379469869, 0.2705976107, 0.005607690603],
      [0, 0, 1, 0],
      [0, 0.14040898026, 0.75823485573, 0.10135616402],
      [0, 0, 0.88858766381, 0.11141233619],
      [0, 0.25610508419, 0.58898173106, 0.15491318474]
    ],
    [
      [0.018532599441, 0.000492845162, 0.91540314559, 0.065571409812],
      [0.054045031136, 0.028212447958, 0.28612626812, 0.63161625279],
      [0.030715075792, 0.69236053091, 0.27403992923, 0.0028844640719],
      [0, 0, 1, 0],
      [0.76831387392, 0.014490461316, 0.1693238579, 0.047871806859],
      [0.0013126152685, 0.0052033429182, 0.7184697699, 0.27501427191],
      [0.054780791775, 0.18785496709, 0.44839015707, 0.30897408406]
    ],
    [
      [0.011236387284, 0.00078002530769, 0.9147350175, 0.073248569904],
      [0.040606268233, 0.10135401483, 0.33626686723, 0.52177284971],
      [0.012791085726, 0.93138646705, 0.034304462113, 0.021517985111],
      [0, 0, 0.99880748084, 0.0011925191561],
      [0.39471949417, 0.13499193783, 0.34876627399, 0.12152229401],
      [0.00013386699505, 0.0093364190089, 0.73438242426, 0.25614728974],
      [0.030531254777, 0.31249399973, 0.40037954129, 0.2565952042]
    ],
    [
      [0, 0.019629802864, 0.94566728793, 0.03470290921],
      [0.035585441778, 0.20454528333, 0.42401105035, 0.33585822454],
      [0, 0.98440424212, 0.010019536304, 0.0055762215716],
      [0, 0.019926080589, 0.98007391941, 0],
      [0.29006690161, 0.27946834406, 0.36606763815, 0.064397116189],
      [0, 0.052442829647, 0.82745801175, 0.1200991586],
      [0.019542803872, 0.48510177246, 0.3737396065, 0.12161581718]
    ],
    [
      [0.0076068955632, 0, 0.91179782795, 0.080595276488],
      [0.026805629696, 0.095704258506, 0.3409501108, 0.536540001],
      [0.0093312046688, 0.9054691476, 0.059548136811, 0.025651510921],
      [0, 0, 0.99594524966, 0.0040547503385],
      [0.27782513531, 0.14942609204, 0.41715282362, 0.15559594903],
      [0, 0.0044524198317, 0.72859755096, 0.26695002921],
      [0.020232296881, 0.29579890421, 0.40915865368, 0.27481014523]
    ],
    [
      [0.012628927089, 2.6992246773e-05, 0.89667545483, 0.090668625833],
      [0.039594531169, 0.090825140132, 0.31035462498, 0.55922570372],
      [0.023909884917, 0.90733334353, 0.037450498062, 0.031306273487],
      [0, 0, 0.99164203116, 0.0083579688361],
      [0.37353012794, 0.1299637663, 0.34761083514, 0.14889527062],
      [0.00080746275201, 0.0076225104554, 0.69701981402, 0.29455021278],
      [0.031334798938, 0.28941258051, 0.38343890531, 0.29581371523]
    ],
    [
      [0.0092924410503, 0.0016486098837, 0.88547736633, 0.10358158273],
      [0.027467702321, 0.091136182721, 0.28492472475, 0.59647139021],
      [0.013681165467, 0.93660525977, 0.014871528817, 0.034842045946],
      [0, 0.005170332481, 0.98412444281, 0.010705224707],
      [0.30117951386, 0.1506967626, 0.36565475897, 0.18246896458],
      [0.00031522240466, 0.010127795634, 0.66419168351, 0.32536529845],
      [0.022120692157, 0.29518834713, 0.35987054961, 0.3228204111]
    ],
    [
      [0.008466792532, 0.00041476203766, 0.89551888473, 0.0955995607],
      [0.026380436984, 0.090330964078, 0.30465351623, 0.5786350827],
      [0.011757004545, 0.91547384448, 0.039836963743, 0.032932187229],
      [0, 0, 0.99179831377, 0.0082016862316],
      [0.2868725824, 0.1484733918, 0.38856366813, 0.17609035768],
      [8.8030673694e-05, 0.0075689515681, 0.68665200443, 0.30569101333],
      [0.020897289195, 0.2905680065, 0.37967205179, 0.30886265252]
    ],
    [
      [0.009749579361, 0.0073574839714, 0.899553153, 0.083339783671],
      [0.032636723456, 0.11855219204, 0.31577576545, 0.53303531905],
      [0, 0.98364937141, 0, 0.016350628593],
      [0.012784901715, 0.05626754842, 0.92814703064, 0.0028005192284],
      [0.32001176716, 0.18255832661, 0.35459490984, 0.14283499639],
      [0, 0.022572873561, 0.70128887495, 0.27613825149],
      [0.023649174084, 0.35285169672, 0.36135165315, 0.26214747605]
    ],
    [
      [0.029569569414, 0, 0.87765457723, 0.092775853353],
      [0.07807328348, 0.084681470107, 0.28769589879, 0.54954934762],
      [0.075224401694, 0.87657950522, 0.015180866735, 0.033015226351],
      [0.019415248227, 0, 0.96978883634, 0.010795915429],
      [0.55803456046, 0.091464417748, 0.24076379735, 0.10973722445],
      [0.0044922071925, 0.0079450525833, 0.68406489716, 0.30349784307],
      [0.065614291584, 0.27696451667, 0.36193355242, 0.29548763933]
    ],
    [
      [0.0097073837113, 0, 0.87455855092, 0.11573406536],
      [0.030643809001, 0.060735791181, 0.26142855126, 0.64719184856],
      [0.010150293273, 0.73855560497, 0.20172317934, 0.049570922417],
      [0, 0, 0.98378668306, 0.016213316938],
      [0.37009695094, 0.10097669289, 0.33777420496, 0.19115215121],
      [0.00039952778825, 0.0033978491738, 0.63691769881, 0.35928492423],
      [0.027600649733, 0.22662029098, 0.36646997554, 0.37930908375]
    ],
    [
      [0.025393014394, 0.00086710591165, 0.92250845688, 0.051231422815],
      [0.090800474865, 0.11796399365, 0.38295350445, 0.40828202704],
      [0.043584639386, 0.92295794663, 0.01890818307, 0.014549230916],
      [0.012068504845, 0.00025459795489, 0.9876768972, 0],
      [0.58621701612, 0.1071466766, 0.2689504762, 0.03768583109],
      [0.0020728271666, 0.010428197996, 0.79446104865, 0.19303792619],
      [0.063325115033, 0.3348152145, 0.41668740053, 0.18517226994]
    ],
    [
      [0, 0, 0.90652640523, 0.093473594766],
      [0.017298442931, 0.075814144682, 0.31382893651, 0.59305847588],
      [0, 0.85993819003, 0.10615142797, 0.033910381998],
      [0, 0, 0.99477950867, 0.0052204913331],
      [0.22652241135, 0.13951779067, 0.44167723138, 0.19228256659],
      [0, 0.0051337220005, 0.68948517801, 0.30538109999],
      [0.014005008596, 0.26500287342, 0.40059888444, 0.32039323354]
    ],
    [
      [0.0063865367706, 0.00039926667451, 0.84145296346, 0.15176123309],
      [0.014867929897, 0.058875859822, 0.21232205599, 0.71393415429],
      [0.0061201685117, 0.83218620738, 0.099743532525, 0.061950091585],
      [0, 0, 0.9681635979, 0.031836402102],
      [0.25049682844, 0.12593426766, 0.35152375481, 0.27204514909],
      [7.1835509931e-05, 0.0036821880016, 0.56235011059, 0.4338958659],
      [0.014041501184, 0.22732707474, 0.31497364101, 0.44365778307]
    ],
    [
      [0.02629961813, 0, 0.92474053219, 0.048959849683],
      [0.10993050352, 0.1025353873, 0.37402216721, 0.41351194197],
      [0.064272580251, 0.83991296178, 0.079736854207, 0.016077603765],
      [0, 0, 0.99906614185, 0.0009338581459],
      [0.71695230731, 0.06262370884, 0.17846124152, 0.041962742321],
      [0.0022524389389, 0.0084922602181, 0.79813253519, 0.19112276565],
      [0.079824089824, 0.30425243059, 0.42851893644, 0.18740454315]
    ],
    [
      [0.0082949732643, 0, 0.93608707053, 0.055617956207],
      [0.044140337276, 0.03609841611, 0.40740774303, 0.51235350358],
      [0, 0.32714432027, 0.66269001626, 0.010165663469],
      [0, 0, 1, 0],
      [0.43592760099, 0.03977560948, 0.42940542236, 0.094891367174],
      [0, 0, 0.79436247754, 0.20563752246],
      [0.037854743744, 0.13359790138, 0.55654338951, 0.27200396536]
    ],
    [
      [0.024154075922, 0.0058805769839, 0.84948203162, 0.12048331547],
      [0.059962597275, 0.11213917422, 0.22930996645, 0.59858826205],
      [0, 0.97717510039, 0, 0.022824899613],
      [0.15971425073, 0.096691238019, 0.73188823562, 0.011706275632],
      [0.49679832401, 0.14318141152, 0.22149674615, 0.13852351833],
      [0.00174569988, 0.014717932258, 0.6160594816, 0.36747688626],
      [0.048133546595, 0.34805542024, 0.28568678413, 0.31812424904]
    ],
    [
      [0, 0, 0.84915988596, 0.15084011404],
      [0.017682809808, 0.049981623734, 0.21219956181, 0.72013600465],
      [0.0045384058701, 0.7235205627, 0.20659793652, 0.06534309491],
      [0, 0, 0.97077370912, 0.02922629088],
      [0.30080717489, 0.10246123737, 0.33904664032, 0.25768494742],
      [0, 0.00028678684245, 0.56784323517, 0.43186997799],
      [0.017255803409, 0.20242397781, 0.32574329625, 0.45457692253]
    ],
    [
      [0.014012826724, 0.0038012842881, 0.88194540994, 0.10024047904],
      [0.040400741381, 0.10526599378, 0.27459149724, 0.5797417676],
      [0.001379072186, 0.97263890318, 0, 0.025982024636],
      [0.038502065245, 0.024355518317, 0.9287101881, 0.0084322283398],
      [0.39284165908, 0.15079934194, 0.30523173924, 0.15112725974],
      [0.00090714556353, 0.012121806523, 0.66627440633, 0.32069664158],
      [0.031951010576, 0.32622152455, 0.33866851759, 0.30315894729]
    ],
    [
      [0.0074037455976, 0.00041528716201, 0.89959604777, 0.092584919468],
      [0.023575201445, 0.091526289963, 0.3094148995, 0.57548360909],
      [0.008072706445, 0.9167407563, 0.044158781568, 0.031027755689],
      [0, 0, 0.99330020614, 0.0066997938618],
      [0.26641943219, 0.15335485888, 0.40349907624, 0.17672663269],
      [0.00020382057366, 0.0081785786322, 0.69201547545, 0.29960212535],
      [0.018581174396, 0.29339033905, 0.3842039148, 0.30382457176]
    ],
    [
      [0, 0.010176080912, 0.89211085756, 0.097713061526],
      [0.018156250287, 0.082744482886, 0.24629082186, 0.65280844497],
      [0, 0.95655728835, 0.016275242071, 0.027167469577],
      [0, 0.0086342489389, 0.98513257877, 0.0062331722899],
      [0.24606608415, 0.19966600738, 0.37104603962, 0.18322186885],
      [0.00045482646715, 0.0092099741727, 0.6506230128, 0.33971218656],
      [0.0157356634, 0.30650195048, 0.34516460539, 0.33259778073]
    ],
    [
      [0.012428219246, 0.00034978902366, 0.92511529861, 0.062106693119],
      [0.04691787577, 0.11060703946, 0.37726473307, 0.4652103517],
      [0.0097708239454, 0.90377196969, 0.06585973457, 0.020597471798],
      [0, 0, 0.9999032895, 9.6710501571e-05],
      [0.3961543438, 0.13652702311, 0.36303999393, 0.10427863916],
      [0.00060099741247, 0.0089908133296, 0.77096459429, 0.21944359497],
      [0.03370552156, 0.3215796016, 0.42352445471, 0.22119042214]
    ],
    [
      [0.0099429907138, 0, 0.93501396933, 0.055043039956],
      [0.042854762699, 0.08244599074, 0.39147360581, 0.48322564075],
      [0, 0.6914905915, 0.28591923647, 0.022590172024],
      [0, 0, 1, 0],
      [0.46227237289, 0.092389894642, 0.35494847845, 0.090389254015],
      [0, 0, 0.79352427082, 0.20647572918],
      [0.032756131754, 0.25866655633, 0.47821844101, 0.2303588709]
    ],
    [
      [0.017418153388, 0.0027413654026, 0.88290858153, 0.096931899676],
      [0.050040883658, 0.097204796763, 0.28557376853, 0.56718055105],
      [0.032940732987, 0.93596067622, 0.00030335862493, 0.030795232167],
      [0.0059041284524, 0.022232538059, 0.96167777995, 0.010185553538],
      [0.43999120749, 0.13293370618, 0.28904037956, 0.13803470677],
      [0.0019140664582, 0.01270829123, 0.67351973528, 0.31185790703],
      [0.040259172705, 0.31006149528, 0.35096532897, 0.29871400305]
    ],
    [
      [0.0055517222312, 0.0070383601229, 0.85813633117, 0.12927358647],
      [0.01386798529, 0.10866802438, 0.22213442586, 0.65532956447],
      [0, 0.9545977702, 0, 0.045402229801],
      [0.0030893072597, 0.056821969725, 0.92002617358, 0.020062549438],
      [0.21423082605, 0.18856885094, 0.35996145282, 0.23723887019],
      [0, 0.015770784923, 0.60228909314, 0.38194012194],
      [0.011709811653, 0.32177292961, 0.30068556962, 0.36583168912]
    ],
    [
      [0, 0, 0.97573420749, 0.024265792514],
      [0.025870040774, 0.099103357427, 0.43034852496, 0.44467807684],
      [0, 0.78178777995, 0.21821222005, 0],
      [0, 0, 1, 0],
      [0.22790595205, 0.1396229448, 0.52186045475, 0.1106106484],
      [0, 0.002639188074, 0.80941150121, 0.18794931071],
      [0.018318055135, 0.29443410905, 0.48059008823, 0.20665774758]
    ],
    [
      [0, 0, 0.89464990008, 0.10535009992],
      [0.02498001848, 0.060795498294, 0.28336393515, 0.63086054807],
      [0.00039815774555, 0.69348387629, 0.25801739492, 0.048100571046],
      [0, 0, 0.99040239065, 0.0095976093479],
      [0.31026388269, 0.10330083137, 0.38980837004, 0.1966269159],
      [0, 0.0018788468712, 0.66267046017, 0.33545069296],
      [0.021670378947, 0.21904163553, 0.39483989972, 0.3644480858]
    ],
    [
      [0.007340216207, 0.0029948830699, 0.8681602452, 0.12150465552],
      [0.019375528366, 0.097439523979, 0.24816437867, 0.63502056898],
      [0, 0.96635116192, 0, 0.033648838078],
      [0.0093456722179, 0.068006607325, 0.91096338667, 0.011684333784],
      [0.24483470532, 0.18355996651, 0.35543034612, 0.21617498205],
      [0, 0.0262751775, 0.60783355389, 0.36589126862],
      [0.015781408541, 0.31949261894, 0.31733962028, 0.34738635224]
    ],
    [
      [0.011401373423, 0.0021799241765, 0.9036060047, 0.082812697696],
      [0.037266706, 0.1068313051, 0.322989775, 0.5329122139],
      [0.01716036963, 0.95736898627, 0.0043087478484, 0.021161896254],
      [0, 0.012118629353, 0.98215178812, 0.00572958253],
      [0.35114959164, 0.15366180892, 0.3558012165, 0.13938738294],
      [0.00047781838364, 0.013251521126, 0.71207528632, 0.27419537417],
      [0.027915797643, 0.32476335629, 0.37927954394, 0.26804130213]
    ],
    [
      [8.4740917553e-33, 0, 0.94852502335, 0.051474976654],
      [0, 0.1058972599, 0.52631779569, 0.36778494441],
      [5.6367104796e-19, 0.86621064589, 0.13378935411, 0],
      [0, 0, 1, 0],
      [0, 0.21102619251, 0.63433420281, 0.15463960468],
      [0, 0.0055904504332, 0.7968430495, 0.19756650007],
      [0, 0.32100708834, 0.46434056153, 0.21465235013]
    ],
    [
      [0.010139736186, 0.0021035107768, 0.87582786905, 0.11192888398],
      [0.028612167384, 0.088281122243, 0.26872988065, 0.61437682972],
      [0.015844888108, 0.93720847979, 0.007797599071, 0.039149033031],
      [0, 0.0066160687865, 0.98056056394, 0.012823367271],
      [0.31510812834, 0.14771728643, 0.34726868285, 0.18990590238],
      [0.00048706032817, 0.01007838455, 0.64478383827, 0.34465071685],
      [0.023490591357, 0.29152638956, 0.34569345375, 0.33928956533]
    ],
    [
      [0.011810105786, 0.0022807197304, 0.88256924529, 0.1033399292],
      [0.034409657956, 0.092296191651, 0.28165548, 0.5916386704],
      [0.020205330763, 0.93707219519, 0.0082625490672, 0.034459924983],
      [0, 0.0088393356322, 0.98022733302, 0.010933331351],
      [0.35102132107, 0.14255473352, 0.33747631584, 0.16894762957],
      [0.00073063593254, 0.010089428484, 0.66375245436, 0.32542748122],
      [0.027803066957, 0.29780019126, 0.35495513808, 0.3194416037]
    ],
    [
      [0, 0, 0.95106801278, 0.048931987223],
      [0.031481398303, 0.08893961533, 0.42694795975, 0.45263102661],
      [0, 0.70440733864, 0.28568117093, 0.0099114904284],
      [0, 0, 1, 0],
      [0.27465061871, 0.11475317012, 0.50523366092, 0.10536255026],
      [0, 0.00064653728207, 0.81105353375, 0.18829992897],
      [0.022982135379, 0.26922271389, 0.49476155226, 0.21303359847]
    ],
    [
      [0.030306574263, 0.029533934198, 0.93765865688, 0.0025008346543],
      [0.060693259631, 0.1650240871, 0.42486568813, 0.34941696514],
      [0, 1, 0, 0],
      [0.013743384117, 0.052375626507, 0.93388098938, 0],
      [0.44818544842, 0.16294268387, 0.3284376687, 0.060434199015],
      [0.0010464198752, 0.014479987387, 0.83152880898, 0.15294478375],
      [0.037690702417, 0.40765044703, 0.41412075279, 0.14053809776]
    ],
    [
      [0, 0.00113811925, 0.91415264152, 0.084709239235],
      [0, 0.10210786237, 0.32262909864, 0.57526303899],
      [1.3351890201e-18, 0.96656380783, 0.033436192168, 0],
      [0, 0, 1, 0],
      [1.1102230246e-16, 0.22654593679, 0.54879943535, 0.22465462786],
      [0, 0.0097108448847, 0.70473311448, 0.28555604064],
      [0, 0.32445909415, 0.38801572057, 0.28752518529]
    ],
    [
      [0, 0.0098370403217, 0.80175907129, 0.18840388839],
      [0, 0.074602103808, 0.13445475462, 0.79094314157],
      [0, 0.94863820992, 0, 0.051361790076],
      [9.140936009e-17, 0.19800065406, 0.77840780415, 0.023591541796],
      [0, 0.23948123925, 0.3576856518, 0.40283310894],
      [0, 0.017651407349, 0.46511842193, 0.51723017072],
      [0, 0.29896104122, 0.21722090977, 0.48381804901]
    ],
    [
      [0, 0.0025209192481, 0.74464292927, 0.25283615149],
      [0, 0.037139294818, 0.10600867409, 0.85685203109],
      [0, 0.88382936635, 0, 0.11617063365],
      [1.3877787808e-17, 0.03787836593, 0.90171962961, 0.06040200446],
      [0, 0.15404215506, 0.33457952567, 0.51137831927],
      [0, 0.0064875551332, 0.38447773923, 0.60903470563],
      [0, 0.19231240891, 0.19263327989, 0.61505431119]
    ],
    [
      [0, 0, 0.94047498833, 0.059525011673],
      [0.020375004893, 0.10840725071, 0.3995190001, 0.4716987443],
      [0, 0.87585764109, 0.12082093655, 0.0033214223624],
      [0, 0, 1, 0],
      [0.21784644486, 0.16798116352, 0.48109023206, 0.13308215955],
      [0, 0.0045119294459, 0.78308922404, 0.21239884651],
      [0.010611553452, 0.31329537565, 0.45318861893, 0.22290445197]
    ],
    [
      [0.005149266004, 0.00033451374714, 0.86273531139, 0.13178090886],
      [0.0130424477, 0.071138487033, 0.2353580927, 0.68046097257],
      [0, 0.90804347317, 0.037513531105, 0.054442995726],
      [0, 0, 0.97052135108, 0.029478648923],
      [0.21872310372, 0.14960180238, 0.37992518552, 0.25174990838],
      [0, 0.0047171124452, 0.6002421549, 0.39504073265],
      [0.0082661357672, 0.26179256406, 0.3322086204, 0.39773267977]
    ],
    [
      [0.014258745484, 0.0034416658345, 0.90001749752, 0.082282091163],
      [0.045810800334, 0.11003269347, 0.31528488997, 0.52887161623],
      [0.01723205678, 0.9637488044, 0, 0.019019138819],
      [0.012338257607, 0.017132757548, 0.96524257693, 0.0052864079166],
      [0.404782206, 0.14762963805, 0.3209255537, 0.12666260225],
      [0.00093003004915, 0.013051876797, 0.71075801641, 0.27526007674],
      [0.034554664323, 0.33097278161, 0.37024981452, 0.26422273954]
    ],
    [
      [0.02089389627, 0.0042711980295, 0.88200959107, 0.092825314632],
      [0.061035837187, 0.11299631702, 0.27673609945, 0.54923174635],
      [0, 0.98156405831, 0, 0.018435941694],
      [0.076106793768, 0.030101452903, 0.88776673185, 0.0060250214785],
      [0.49890490972, 0.13032737857, 0.25409758615, 0.11667012557],
      [0.0016673292202, 0.014980723303, 0.67869897598, 0.3046529715],
      [0.047664614445, 0.34464685474, 0.32925980179, 0.27842872903]
    ],
    [
      [0, 0, 0.93779849494, 0.06220150506],
      [0.026441441308, 0.075450827235, 0.36916531226, 0.52894241919],
      [0, 0.64905923488, 0.32395386361, 0.026986901509],
      [0, 0, 0.99860467781, 0.001395322195],
      [0.25, 0.11128654495, 0.51102728751, 0.12768616755],
      [0, 0.002859794014, 0.76620036829, 0.2309398377],
      [0.021330658225, 0.25239414099, 0.46620878029, 0.2600664205]
    ],
    [
      [0.0032323717974, 0, 0.91587337749, 0.080894250712],
      [0.019568662599, 0.094964481179, 0.32811232075, 0.55735453548],
      [0.0016160456414, 0.90374291677, 0.068272113872, 0.026368923716],
      [0, 0, 0.9987334729, 0.0012665271028],
      [0.25414045515, 0.15841049608, 0.42301056964, 0.16443847913],
      [0, 0.0071068014767, 0.7168859189, 0.27600727962],
      [0.014932985794, 0.30116604586, 0.40116289377, 0.28273807458]
    ],
    [
      [0.012081486776, 0, 0.84167037342, 0.14624813981],
      [0.031484593041, 0.065995894297, 0.2173344873, 0.68518502536],
      [0.028403337802, 0.88399602464, 0.023526300601, 0.064074336956],
      [0, 0, 0.96940120833, 0.030598791665],
      [0.37981137313, 0.11332806131, 0.29116810358, 0.21569246198],
      [0.0011356636992, 0.0045964158886, 0.57463639901, 0.4196315214],
      [0.02898522775, 0.24564548876, 0.31119433402, 0.41417494947]
    ],
    [
      [0, 0, 0.91829222656, 0.08170777344],
      [0.026654189943, 0.093061104616, 0.32510891255, 0.55517579289],
      [0.013970291647, 0.93394105882, 0.024397754302, 0.027690895235],
      [0, 0, 0.9970705481, 0.0029294519021],
      [0.2569806478, 0.10935604324, 0.477790664, 0.15587264497],
      [0, 0, 0.72321754438, 0.27678245562],
      [0.020826059462, 0.29855289043, 0.39679558513, 0.28382546498]
    ],
    [
      [0, 0, 0.97596183199, 0.024038168013],
      [0.01751295252, 0.14183469788, 0.41021222757, 0.43044012203],
      [0.0093780913991, 0.97511261121, 0.0085454711681, 0.0069638262208],
      [0, 0, 1, 0],
      [0.48211908115, 0.14754453453, 0.29875948559, 0.071576898739],
      [0.00073593266975, 0.011854198322, 0.7926594217, 0.19475044731],
      [0, 0.35234683422, 0.47739699801, 0.17025616777]
    ],
    [
      [0.013381771266, 0, 0.87529892983, 0.1113192989],
      [0.037105684465, 0.080148567961, 0.27036787593, 0.61237787165],
      [0.028803103872, 0.8960892949, 0.032429867041, 0.042677734187],
      [0, 0, 0.98353196261, 0.016468037388],
      [0.3771739488, 0.12287767869, 0.324391561, 0.17555681151],
      [0.0010877824368, 0.0069013731928, 0.64787953706, 0.34413130731],
      [0.031336461052, 0.27079227323, 0.35409072664, 0.34378053908]
    ],
    [
      [0.0067017158294, 0, 0.86797892593, 0.12531935824],
      [0.029779656186, 0.063863002977, 0.25592142584, 0.650435915],
      [0.025233787884, 0.83657319547, 0.077032589342, 0.061160427302],
      [0, 0, 0.97727088165, 0.022729118346],
      [0.33783494355, 0.10720381366, 0.34552867456, 0.20943256823],
      [0.00073751090859, 0.0012743560854, 0.62421985269, 0.37376828032],
      [0.026381012979, 0.23633664401, 0.35261171973, 0.38467062328]
    ],
    [
      [0.013173166143, 0.0049648663758, 0.80401825804, 0.17784370944],
      [0.026801653546, 0.070920668442, 0.18279738183, 0.71948029619],
      [0, 0.92442909442, 0, 0.075570905577],
      [0.024532525999, 0.034669941947, 0.89742706015, 0.043370471905],
      [0.33714499518, 0.13914202569, 0.26379329585, 0.25991968327],
      [0.0012331363459, 0.013540756447, 0.51127305704, 0.47395305017],
      [0.025578315411, 0.26632474847, 0.25534063563, 0.45275630049]
    ],
    [
      [0.028561682712, 0, 0.97143831729, 0],
      [0.22036739503, 0.060580358176, 0.56609709357, 0.15295515322],
      [0.2575513185, 0.50710312516, 0.23534555634, 0],
      [0, 0, 1, 0],
      [0.76229419641, 0.017131014713, 0.21089138046, 0.0096834084134],
      [0.0077526478752, 0, 0.93927373752, 0.052973614601],
      [0.17517622167, 0.18990543872, 0.59433525224, 0.040583087375]
    ],
    [
      [0.02232060571, 0, 0.88579599181, 0.091883402475],
      [0.074461000008, 0.071859267935, 0.29453496201, 0.55914477005],
      [0.078046509088, 0.8061015012, 0.079622106902, 0.036229882808],
      [0, 0, 0.98994571097, 0.010054289035],
      [0.56659622895, 0.078631478121, 0.24591261943, 0.1088596735],
      [0.0036638477877, 0.00095456839639, 0.69215320818, 0.30322837563],
      [0.061925805557, 0.25098971345, 0.38095022965, 0.30613425134]
    ],
    [
      [0, 0, 0.82766645164, 0.17233354836],
