{
  "Z_true": {},
  "V_true": [
    [1419, 126, 3421, 516, 83],
    [491, 72, 7177, 780, 138],
    [531, 5541, 952, 11015, 639],
    [160, 181, 835, 385, 205],
    [163, 200, 474, 873, 722]
  ],
  "p_true": [
    [0.255, 0.0226, 0.6147, 0.0927, 0.0149],
    [0.0567, 0.0083, 0.8289, 0.0901, 0.0159],
    [0.0284, 0.2967, 0.051, 0.5897, 0.0342],
    [0.0906, 0.1025, 0.4728, 0.218, 0.1161],
    [0.067, 0.0822, 0.1949, 0.359, 0.2969]
  ],
  "Z_est": [
    [
      [29.9049, 27.1863, 23.7192, 18.1242, 3.7195, 40.0421, 51.7211, 63.004, 28.7695, 0, 33.3087, 20.0701, 57.3933, 12.7719, 4.2573, 0.6082, 2.4618, 25.5437, 35.3317, 12.3916, 5.2325, 21.5202, 3.6491, 0, 103.5927, 8.2599, 31.6256, 1.2164, 1.748, 5.3753, 5.7397, 6.69, 16.0121, 19.3325, 24.4412, 35.2747, 0, 6.0818, 5.2776, 43.6825, 9.8749, 0, 7.9064, 1.9405, 8.5084, 9.9834, 465.2606, 15.8362, 206.1743, 90.0777],
      [0.5664, 0.5149, 0.349, 0.0884, 0.0687, 0.7552, 0, 0, 0.5264, 0.0364, 3.024, 0.2549, 1.0871, 0.2497, 0.1665, 0, 0.021, 0.6607, 0, 0.1769, 0, 0, 0.0401, 0.0416, 1.0301, 0.0915, 0.6008, 0.0156, 1.4439, 0.0851, 0, 0.2003, 0.2497, 0.2047, 0.4783, 0.5607, 0.0052, 0.0801, 0.1202, 1.0928, 1.0941, 0, 0.0728, 0, 0.1881, 0.0624, 9.677, 0.2289, 3.2985, 5.4503],
      [66.7635, 60.1555, 36.1039, 38.3542, 8.0234, 88.9176, 112.6213, 132.8526, 62.0429, 1.9279, 84.2974, 52.6015, 127.0979, 40.757, 16.1387, 4.0463, 2.4375, 61.7763, 74.1817, 27.7743, 11.4644, 45.1834, 3.2806, 2.9185, 318.5643, 7.2963, 70.8098, 7.4182, 3.8437, 11.4644, 12.1388, 24.8074, 30.1651, 43.1602, 51.6577, 60.5986, 2.2266, 7.6636, 14.6215, 143.4713, 60.3508, 0, 12.8282, 4.0463, 17.3117, 37.781, 1149.4354, 23.5492, 293.8944, 196.1766],
      [1.3272, 1.2065, 0.6213, 3.1677, 0.1609, 1.4171, 1.9188, 0, 0, 0.0268, 2.1443, 4.9081, 3.8982, 4.0698, 0.2584, 1.3455, 0.0385, 1.2065, 0, 0.5608, 0.2279, 0, 0.0165, 0.0399, 5.7645, 0.2145, 1.4535, 2.3499, 1.4645, 0, 0.0418, 3.2197, 0.1184, 0.6965, 1.0777, 0.8359, 0.7682, 0.1469, 0.8879, 2.5605, 0.6108, 0, 0.1375, 0.0133, 0.3328, 0.1594, 24.5875, 0, 4.47, 3.9816],
      [0.4379, 0.9368, 0.2066, 0.2654, 0.0276, 0.8679, 0.7387, 1.1434, 0.6612, 0.0088, 2.2257, 0.1653, 0.5235, 0.1515, 0.1791, 0, 0.0413, 0.8128, 0.4866, 0.0964, 0.0752, 0.2964, 0.0138, 0, 1.0484, 0.1378, 0.5104, 0, 1.5, 0.0752, 0.0796, 0.0827, 0.4546, 0.6061, 0.345, 0.7301, 0, 0.0276, 0.0929, 0.1929, 0.0693, 0, 0.0551, 0, 0.6591, 0.0138, 7.0395, 0.3857, 2.1628, 1.3138]
    ],
    [
      [11.8886, 11.3671, 7.7276, 4.89, 2.8192, 17.6483, 21.3329, 21.7957, 13.0774, 0, 10.3034, 6.4521, 14.7385, 4.161, 1.387, 0.2051, 0.902, 8.322, 17.5779, 5.0604, 4.5332, 13.0306, 1.8588, 0, 26.7571, 3.3684, 10.3034, 0.3963, 0.1265, 2.6622, 2.3777, 2.1796, 5.548, 6.7369, 8.7183, 11.4923, 0, 2.4848, 1.1386, 13.2756, 2.774, 0, 2.4761, 1.387, 2.5759, 1.5814, 151.5792, 6.8316, 67.1704, 25.9567],
      [27.6045, 25.7458, 7.8264, 2.2678, 3.3946, 26.308, 19.4761, 26.146, 22.6777, 0.9452, 17.0799, 6.5365, 21.9705, 6.3177, 3.3003, 0, 0.5336, 26.4023, 20.0636, 4.5355, 1.8676, 13.2064, 0.9429, 1.5125, 26.4128, 2.7438, 16.6747, 0.4002, 0.1886, 3.6017, 3.2361, 4.4318, 6.4031, 13.1421, 14.3252, 15.8744, 0.1334, 1.9631, 1.2667, 17.8753, 4.9976, 0.6729, 1.8676, 0.2501, 2.8014, 1.4448, 248.1203, 10.5384, 84.5743, 25.0821],
      [148.8562, 122.0877, 61.4406, 33.3851, 28.0603, 206.9877, 208.67, 245.9593, 141.2708, 5.5061, 129.0891, 81.9122, 172.8607, 50.7706, 25.9662, 3.6794, 3.9961, 216.6976, 205.865, 63.2552, 32.3067, 164.958, 6.6364, 6.3672, 333.0918, 12.8504, 145.4107, 5.3693, 1.4838, 27.45, 36.6242, 36.9533, 59.4426, 105.9101, 69.4473, 110.61, 2.7809, 13.4148, 14.7173, 171.1473, 43.1796, 0, 17.8054, 7.1443, 20.1943, 21.1461, 2005.3322, 78.5888, 486.6729, 194.7019],
      [6.5121, 11.3224, 0.773, 1.2853, 1.0282, 5.1223, 7.9402, 8.1464, 5.2304, 0.1999, 4.9698, 2.9133, 10.1749, 1.9136, 0, 0.1155, 0.1276, 7.9973, 4.1916, 4.707, 1.1996, 5.0378, 0.0547, 0.1203, 13.018, 1.5491, 6.1698, 0.8342, 0.0571, 0.8443, 0.4501, 1.3424, 2.095, 1.8626, 4.0342, 3.5356, 0.0857, 0.4396, 0.5285, 6.8182, 1.0023, 0.3271, 0.4556, 0.2187, 0.6379, 0.4788, 119.7176, 1.8042, 14.8165, 7.1143],
      [33.1386, 31.477, 5.2324, 3.1718, 0.6977, 22.9337, 20.5808, 28.9527, 16.7437, 0.3488, 12.5578, 4.1859, 13.2554, 3.8371, 4.3465, 0, 1.4407, 20.5808, 14.3019, 2.4418, 2.093, 9.7672, 0.5072, 0, 23.7203, 3.4883, 17.4414, 0, 0.144, 2.4418, 3.3119, 2.093, 11.5113, 15.3484, 13.4751, 18.4878, 0, 0.6977, 0.3488, 4.8836, 1.0465, 0, 1.3953, 0, 2.7906, 0.3488, 178.2507, 10.2369, 54.7659, 13.1449]
    ],
    [
      [7.0938, 2.5941, 2.3135, 1.4027, 0.6485, 4.0533, 4.918, 10.8052, 14.9601, 0, 2.8103, 1.5808, 5.7745, 1.1349, 0.3783, 0.024, 0.3256, 2.2699, 3.5669, 0.9677, 0.7026, 3.5034, 0.2711, 0, 8.3228, 4.2916, 2.518, 0.096, 0.096, 1.2611, 0.7758, 0.5945, 1.5132, 1.8375, 2.378, 3.1346, 0, 0.5404, 0.2879, 3.621, 0.6558, 0, 0.7026, 2.6951, 0.7026, 0.5683, 32.2446, 1.6213, 18.321, 7.0798],
      [294.8977, 154.5955, 53.94, 13.1808, 11.7868, 131.5459, 108.5687, 152.9864, 134.0261, 5.052, 145.3147, 35.5042, 143.6557, 33.4358, 24.8109, 0, 3.1014, 114.3533, 107.8637, 24.5167, 9.6133, 76.7587, 2.8002, 6.4459, 153.5174, 23.6509, 96.0375, 2.3259, 3.3653, 20.9342, 24.6425, 26.2509, 37.2163, 77.7533, 90.7148, 92.2655, 0.7753, 9.3041, 6.9781, 106.159, 24.0355, 2.326, 9.1942, 3.1014, 16.2821, 9.3041, 1442.0592, 60.2316, 491.5657, 143.4379],
      [28.7709, 6.765, 9.7992, 0, 0.2013, 12.6527, 17.4151, 30.933, 15.7071, 0.3568, 37.3981, 8.1508, 25.6327, 5.5595, 9.9912, 0.0973, 0.3568, 14.8377, 17.2909, 3.9248, 2.5913, 12.6811, 0, 0.7143, 76.4454, 1.1779, 4.899, 0.3892, 0, 3.8909, 9.2086, 4.0047, 5.4882, 10.1938, 7.72, 10.3651, 0.1297, 0, 1.1677, 37.085, 4.2558, 0, 1.1353, 1.684, 0.7361, 3.2038, 139.0655, 5.352, 27.1326, 10.3033],
      [543.4583, 449.2601, 109.6711, 61.6508, 30.1932, 263.3881, 332.1475, 435.6584, 277.16, 5.5061, 379.612, 176.7433, 685.7041, 194.9339, 45.7031, 2.8787, 6.7197, 290.5195, 220.7902, 90.9953, 43.6289, 219.6747, 2.8799, 3.8398, 696.9291, 82.7134, 296.4466, 9.1889, 8.3686, 40.3182, 61.4373, 108.6395, 116.9747, 180.472, 242.8692, 186.4624, 3.0949, 21.9853, 27.4812, 360.944, 52.7977, 5.674, 23.683, 11.5195, 33.5985, 27.8388, 4244.1557, 95.0358, 780.171, 364.0311],
      [12.7793, 5.7853, 1.2762, 0.7657, 0.1702, 5.3599, 4.9506, 7.617, 5.1466, 0.0851, 6.865, 1.0209, 3.233, 0.9359, 2.1165, 0, 0.4966, 5.0196, 3.4882, 0.5955, 0.464, 2.3822, 0.0488, 0, 5.7853, 3.1662, 4.0989, 0, 0.1702, 0.5955, 0.9359, 0.5105, 2.8076, 3.7434, 3.3181, 6.7724, 0, 0.1702, 0.0851, 1.1911, 0.2552, 0, 0.2849, 0, 0.6806, 0.0851, 43.4751, 2.7593, 10.8096, 3.1479]
    ],
    [
      [0.7096, 0.6036, 0.1626, 0.1035, 2.1862, 0.68, 0.7476, 1.0791, 0.5322, 0, 0.3991, 0.3104, 0.6209, 0.1774, 0.0591, 0.0148, 0.0148, 0.3967, 0.9313, 0.3252, 0.0974, 0.5617, 0.0494, 0, 0.9757, 0.0443, 0.7835, 0.0189, 0.0296, 0.0739, 0.2957, 0.1039, 0.34, 0.3211, 0.6209, 0.5478, 0, 0.3549, 0, 0.3548, 0.1035, 0, 0.0296, 0.0661, 0.0296, 0.0443, 8.9436, 0.2365, 3.2019, 0.34],
      [0.0518, 0.0601, 0.0119, 0.0053, 0.0238, 0.0497, 0.0455, 0.0611, 0.0389, 0.1353, 0.0292, 0.0153, 0.0454, 0.013, 0.0043, 0, 0.0011, 0.0551, 0.068, 0.0238, 0.0044, 0.041, 0.0011, 0, 0.0617, 0.0032, 0.0572, 0.0011, 0.0022, 0.0054, 0.0216, 0.0173, 0.015, 0.0321, 0.0454, 0.0378, 0, 0.0054, 0, 0.0259, 0.0097, 0.0011, 0.0022, 0.0012, 0.0022, 0.0032, 0.6533, 0.0173, 0.1976, 0.0248],
      [39.7028, 40.7452, 9.199, 5.8539, 18.398, 38.4686, 41.8137, 61.048, 30.1059, 2.608, 22.5794, 18.4187, 35.1235, 10.1402, 3.3451, 0.9303, 0.8363, 42.65, 55.248, 18.398, 5.0176, 32.649, 0.8363, 0, 55.1989, 2.5088, 44.3225, 0.8363, 1.6725, 4.1814, 17.574, 13.3804, 18.3508, 33.451, 35.1235, 28.1597, 0, 4.1814, 0, 20.0706, 6.2269, 0, 1.6725, 1.8376, 1.6725, 2.6958, 505.9457, 13.3804, 112.0607, 19.2343],
      [2.6363, 3.3454, 0.6042, 0.3845, 1.2083, 1.9729, 2.7462, 3.1953, 1.9772, 0.1648, 1.4829, 1.1534, 2.72, 0.6591, 0.2197, 0.0549, 0.05, 2.4792, 2.9087, 2.6101, 0.3295, 2.0871, 0.0214, 0, 3.6297, 0.1648, 2.9109, 0.1438, 0.1098, 0.2746, 1.0985, 1.9474, 1.2632, 2.1545, 2.3068, 1.3868, 0, 0.2746, 0, 2.2629, 0.3845, 0.9989, 0.1098, 0.095, 0.1098, 0.1648, 42.523, 0.7077, 6.0858, 1.2632],
      [4.8995, 6.2457, 1.0223, 0.6528, 0.1837, 4.8288, 4.647, 7.6165, 3.3459, 0.0918, 2.5094, 1.1022, 3.4902, 1.0103, 0.3718, 0, 0.0978, 5.419, 3.844, 0.6429, 0.5511, 2.6611, 0.0918, 0, 6.1341, 0.2788, 4.9258, 0, 0.1859, 0.4647, 1.0103, 0.5511, 3.031, 4.0413, 3.9035, 4.868, 0, 0.1837, 0, 1.2859, 0.2755, 0, 0.1859, 0, 0.1859, 0.0918, 46.9344, 1.6581, 12.454, 2.1376]
    ],
    [
      [10.4031, 6.2488, 5.0772, 1.4796, 2.6265, 12.5762, 12.2803, 13.316, 8.6608, 0, 5.1785, 4.5866, 11.4727, 2.7548, 0.9183, 0.148, 0.2959, 5.4677, 8.5921, 3.255, 2.4344, 6.384, 0.1716, 0, 14.3517, 1.0357, 6.7696, 0.2725, 0, 1.6275, 2.8112, 1.432, 4.5866, 5.772, 7.8417, 7.5507, 0, 0.538, 0.2959, 6.0662, 0.5918, 0, 1.8854, 0.9113, 1.1836, 1.8226, 106.972, 5.4744, 44.1324, 7.5457],
      [25.8795, 12.0836, 5.8727, 1.4577, 1.7262, 18.3412, 17.9097, 16.8065, 12.731, 0.8311, 7.5523, 6.6891, 14.2414, 7.9838, 3.718, 0, 0.343, 13.5287, 12.0046, 4.7471, 2.5148, 8.9939, 0.2158, 0, 16.978, 1.5105, 11.6298, 0.2572, 0, 2.3736, 4.0998, 4.0998, 4.1159, 11.8678, 11.4363, 10.2616, 0.0861, 0.6473, 0.6351, 8.8469, 0.8631, 0, 2.8632, 0.6473, 1.7262, 1.1854, 159.4903, 7.9838, 54.3639, 11.0047],
      [13.9066, 11.2466, 6.4572, 2.4068, 2.317, 20.9734, 20.4799, 22.2071, 12.8734, 0.6012, 8.6361, 11.9168, 16.2852, 10.7727, 4.5588, 0.2467, 0.3733, 16.0385, 14.4144, 7.6477, 3.6199, 12.5285, 0.2467, 0, 27.6996, 1.1667, 14.558, 0.987, 0, 3.0133, 5.4545, 5.8543, 5.5533, 14.285, 13.0516, 10.2666, 0.8628, 0.7402, 0.4935, 16.2259, 0.987, 0, 4.5586, 1.2879, 1.0853, 3.1733, 180.2213, 9.1296, 45.2395, 12.584],
      [5.0661, 2.8657, 1.3305, 0.5117, 0.4094, 4.0995, 4.2473, 0, 2.6323, 0.1023, 1.791, 2.2818, 6.5028, 10.4235, 0.8188, 0.6053, 0.0642, 2.7974, 2.1095, 3.1268, 0.6141, 2.2004, 0.0275, 0, 6.6587, 0.3582, 3.0192, 2.4833, 0, 0.5629, 0.9723, 4.8511, 1.5487, 2.8145, 2.7121, 1.7793, 0.0512, 0.1535, 0.1023, 3.4144, 0.2047, 0, 0.6141, 0.1535, 0.321, 0.3582, 41.0161, 1.4523, 7.4566, 2.6098],
      [43.7447, 23.5553, 7.2624, 4.1442, 0.9209, 29.0096, 28.0828, 37.6704, 22.1026, 0.4654, 11.8422, 5.5256, 17.4979, 5.0652, 5.9861, 0, 0.9236, 27.1678, 18.8793, 3.2233, 2.8168, 12.8932, 0.3383, 0, 31.312, 2.929, 23.0235, 0, 0, 3.4228, 5.6623, 2.7628, 15.1955, 20.2607, 17.9583, 22.1417, 0, 0.9209, 0.4732, 6.4466, 1.3534, 0, 2.0788, 0, 3.6838, 0.4605, 235.3003, 12.9599, 76.8077, 17.2557]
    ]
  ],
  "V_est": [
    [1650.643, 34.9592, 3766.9992, 84.4541, 27.9444],
    [560.9768, 795.6839, 6388.0532, 281.3208, 631.9654],
    [167.9588, 4762.183, 626.8609, 12955.5472, 165.4502],
    [28.6228, 2.0285, 1477.8536, 107.3819, 150.1131],
    [355.7985, 525.1454, 599.2331, 140.296, 811.5269]
  ],
  "p_est": [
    [0.2966, 0.0063, 0.6769, 0.0152, 0.005],
    [0.0648, 0.0919, 0.7378, 0.0325, 0.073],
    [0.009, 0.255, 0.0336, 0.6936, 0.0089],
    [0.0162, 0.0011, 0.8368, 0.0608, 0.085],
    [0.1463, 0.2159, 0.2464, 0.0577, 0.3337]
  ],
  "EI_Z": {},
  "EI_V": 13.9663,
  "MAE_Z": {},
  "MAE_V": 414.5098,
  "MAE_p": 0.0817,
  "runtime": 6.531
}
