{
  "X": [
    [0, 12, 19, 3],
    [0, 9, 6, 5],
    [16, 65, 262, 31],
    [5, 51, 143, 16],
    [37, 126, 648, 104],
    [22, 24, 159, 28],
    [5, 16, 42, 5],
    [7, 23, 89, 24],
    [35, 116, 263, 68],
    [50, 134, 337, 67],
    [59, 92, 261, 79],
    [9, 58, 122, 21],
    [26, 108, 251, 57],
    [90, 311, 700, 150],
    [51, 183, 379, 76],
    [11, 72, 87, 26],
    [93, 175, 449, 122],
    [45, 49, 170, 57],
    [145, 383, 600, 189],
    [3, 15, 12, 1],
    [0, 7, 5, 2],
    [2, 6, 8, 0],
    [0, 2, 9, 1],
    [25, 136, 487, 53],
    [14, 104, 303, 39],
    [45, 135, 431, 81],
    [9, 84, 253, 43],
    [12, 11, 86, 18],
    [62, 620, 682, 125],
    [19, 230, 444, 77],
    [34, 235, 489, 95],
    [16, 73, 263, 51],
    [15, 169, 406, 53],
    [0, 2, 10, 7],
    [126, 183, 785, 148],
    [89, 149, 727, 136],
    [36, 117, 390, 71],
    [54, 145, 628, 93],
    [67, 78, 459, 65],
    [6, 7, 97, 14],
    [6, 10, 22, 5],
    [3, 6, 6, 1],
    [43, 78, 399, 60],
    [29, 195, 295, 44],
    [35, 340, 421, 70],
    [24, 125, 216, 46],
    [31, 76, 470, 51],
    [1, 12, 19, 0],
    [6, 14, 23, 6],
    [2, 11, 14, 3],
    [3, 6, 16, 4],
    [28, 56, 170, 15],
    [28, 279, 882, 120],
    [6, 26, 34, 7],
    [1, 25, 32, 7],
    [12, 130, 354, 60],
    [129, 428, 848, 149],
    [31, 67, 184, 41],
    [230, 471, 997, 276],
    [40, 66, 210, 20]
  ],
  "W": [
    [1, 0, 6, 13, 8, 2, 3, 1],
    [3, 2, 3, 3, 5, 0, 4, 0],
    [9, 5, 33, 201, 36, 20, 43, 27],
    [6, 1, 8, 125, 26, 18, 18, 13],
    [12, 12, 51, 606, 85, 47, 42, 60],
    [3, 8, 52, 135, 12, 11, 6, 6],
    [0, 4, 9, 38, 8, 3, 4, 2],
    [2, 3, 18, 90, 11, 4, 7, 8],
    [25, 32, 68, 204, 85, 20, 28, 20],
    [26, 31, 103, 253, 92, 24, 31, 28],
    [18, 22, 111, 211, 54, 20, 17, 38],
    [11, 8, 24, 103, 43, 5, 11, 5],
    [23, 14, 58, 204, 72, 15, 34, 22],
    [59, 60, 165, 596, 201, 52, 64, 54],
    [31, 28, 90, 313, 126, 30, 41, 30],
    [15, 11, 31, 63, 53, 8, 9, 6],
    [44, 36, 153, 357, 136, 23, 55, 35],
    [14, 12, 53, 150, 37, 9, 16, 30],
    [87, 95, 263, 434, 300, 32, 68, 38],
    [1, 0, 5, 11, 9, 0, 3, 2],
    [1, 1, 2, 5, 4, 0, 1, 0],
    [0, 0, 2, 8, 6, 0, 0, 0],
    [0, 0, 0, 8, 4, 0, 0, 0],
    [17, 11, 36, 462, 79, 42, 28, 26],
    [16, 6, 38, 281, 64, 29, 11, 15],
    [17, 5, 61, 398, 82, 34, 46, 49],
    [11, 6, 16, 239, 56, 13, 29, 19],
    [4, 4, 24, 54, 15, 15, 2, 9],
    [113, 40, 121, 560, 432, 87, 96, 40],
    [24, 11, 25, 430, 134, 50, 53, 43],
    [45, 17, 81, 408, 147, 48, 53, 54],
    [20, 10, 44, 225, 49, 13, 20, 22],
    [19, 15, 38, 360, 107, 36, 33, 35],
    [3, 1, 2, 10, 3, 0, 0, 0],
    [54, 53, 226, 588, 130, 55, 75, 61],
    [23, 42, 159, 571, 112, 67, 67, 60],
    [17, 18, 88, 304, 95, 13, 43, 36],
    [22, 30, 79, 540, 92, 66, 50, 41],
    [10, 23, 113, 379, 55, 24, 26, 39],
    [0, 5, 15, 89, 5, 0, 2, 8],
    [0, 0, 11, 19, 10, 1, 1, 1],
    [0, 0, 1, 8, 5, 1, 0, 1],
    [18, 23, 72, 337, 43, 38, 23, 26],
    [26, 7, 64, 243, 146, 22, 32, 23],
    [59, 18, 58, 352, 243, 38, 75, 23],
    [18, 8, 51, 164, 84, 21, 42, 23],
    [10, 11, 51, 411, 60, 37, 23, 25],
    [2, 0, 4, 16, 8, 0, 1, 1],
    [3, 0, 8, 24, 8, 2, 2, 2],
    [3, 2, 2, 14, 7, 1, 1, 0],
    [2, 1, 2, 19, 3, 1, 0, 1],
    [12, 5, 40, 142, 35, 8, 14, 13],
    [46, 17, 74, 776, 174, 59, 89, 74],
    [13, 0, 14, 25, 15, 2, 3, 1],
    [4, 2, 7, 25, 20, 2, 2, 3],
    [3, 7, 17, 328, 121, 30, 7, 43],
    [101, 47, 229, 697, 306, 44, 70, 60],
    [15, 11, 44, 147, 50, 23, 10, 23],
    [86, 73, 348, 849, 360, 51, 115, 92],
    [20, 6, 84, 171, 40, 6, 4, 5]
  ],
  "method": "mvn_pdf",
  "cond_prob": [
    [
      [0.00049890928254, 0.89611250662, 0.024295315641, 0.079093268453],
      [0.012742003507, 0.0032108527022, 0.21530083626, 0.76874630753],
      [0.10749749847, 0.0029893217065, 0.71547406456, 0.17403911527],
      [0.0015284970887, 0.069520535193, 0.8902301766, 0.038720791116],
      [0.00063312546216, 0.95483152063, 0.019801074813, 0.024734279096],
      [0.00085051060748, 0.39162431288, 0.60332273057, 0.0042024459379],
      [4.4049705171e-05, 0.56098252656, 0.36548261705, 0.07349080669],
      [0.0039556432791, 0.009240198257, 0.44046900979, 0.54633514867]
    ],
    [
      [0.0005306601255, 0.77554154756, 0.020574849158, 0.20335294315],
      [0.0055412084862, 0.0012453796679, 0.077849566047, 0.9153638458],
      [0.09467653379, 0.0021701385267, 0.53925991625, 0.36389341144],
      [0.0017014047867, 0.061094456683, 0.84165182072, 0.095552317815],
      [0.00071397913275, 0.91553300343, 0.017999165236, 0.065753852197],
      [0.0010216999796, 0.3798773845, 0.60788554023, 0.01121537529],
      [4.7773833344e-05, 0.4941382586, 0.31941867967, 0.18639528789],
      [0.0022452498559, 0.0043332159429, 0.19440903259, 0.79901250161]
    ],
    [
      [0.005951110683, 0.78359083564, 0.062072223744, 0.14838582993],
      [0.082898737542, 0.0019438914207, 0.29579335212, 0.61936401892],
      [0.3879286052, 0.0010253325605, 0.51535194579, 0.095694116454],
      [0.0077127412813, 0.034347452723, 0.92512303315, 0.032816772847],
      [0.0081969005196, 0.88677288893, 0.054646801276, 0.050383409272],
      [0.0052491846517, 0.21293328494, 0.77752753902, 0.0042899913878],
      [0.00032267600883, 0.34257863585, 0.57051981686, 0.086578871283],
      [0.022445559431, 0.0051006656683, 0.53661554701, 0.43583822789]
    ],
    [
      [0.0037995289665, 0.84727945386, 0.037273439522, 0.11164757766],
      [0.075603355181, 0.0029160736187, 0.25109196286, 0.67038860834],
      [0.40755350255, 0.0016811667126, 0.47935991908, 0.11140541166],
      [0.007902379233, 0.058491471016, 0.89410744973, 0.039498700024],
      [0.0050544727131, 0.92667910138, 0.031692400916, 0.03657402499],
      [0.0047708939936, 0.324520169, 0.66612700194, 0.0045819350665],
      [0.00026521943502, 0.4741387791, 0.44171899587, 0.083877005588],
      [0.021313585541, 0.0080245777679, 0.47830906693, 0.49235276976]
    ],
    [
      [0.0086981066669, 0.69722674434, 0.052845808959, 0.24122934003],
      [0.087764652892, 0.0012752541868, 0.18312881324, 0.72783127969],
      [0.48518439301, 0.00080101255554, 0.37920644581, 0.13480814863],
      [0.01278214014, 0.035144848595, 0.89137743578, 0.060695575481],
      [0.012899911223, 0.84877044959, 0.050085358865, 0.08824428032],
      [0.0088475549141, 0.22096020584, 0.76212647819, 0.0080657610519],
      [0.00050492252624, 0.32911621786, 0.51939069183, 0.15098816778],
      [0.027282730573, 0.003832044339, 0.38005938629, 0.5888258388]
    ],
    [
      [0.0049070662851, 0.75075985271, 0.044810484554, 0.19952259645],
      [0.060534715148, 0.0015885755539, 0.18894834336, 0.74892836594],
      [0.38773083554, 0.0011538039571, 0.45401504925, 0.15710031126],
      [0.0084730504992, 0.042321847927, 0.89066795686, 0.058537144709],
      [0.0069621400971, 0.88277933718, 0.040676018896, 0.069582503827],
      [0.0056094309571, 0.25855720288, 0.72839824887, 0.0074351172927],
      [0.0003126426501, 0.3791234794, 0.48398724359, 0.13657663436],
      [0.018476860763, 0.004690759272, 0.38570136422, 0.59113101575]
    ],
    [
      [0.001830106354, 0.94509387196, 0.016266849423, 0.036809172263],
      [0.096577746792, 0.0068669247853, 0.28100635224, 0.61554897618],
      [0.45424699575, 0.0033600502384, 0.4597905612, 0.082602392812],
      [0.0082349214855, 0.11687685877, 0.8466362301, 0.028251989641],
      [0.0023083839904, 0.97303881162, 0.013101412979, 0.011551391416],
      [0.0037110963944, 0.52470082593, 0.46912625966, 0.0024618180206],
      [0.00017873451003, 0.69186791695, 0.26892495897, 0.03902838957],
      [0.026237079316, 0.018463309803, 0.52494570967, 0.43035390121]
    ],
    [
      [0.0024249881049, 0.76022894183, 0.023324253271, 0.2140218168],
      [0.031345299572, 0.0016411512966, 0.10285509246, 0.86415845667],
      [0.32702853089, 0.0018789176383, 0.39169154964, 0.27940100183],
      [0.0073048804304, 0.072879454104, 0.81098555798, 0.10883010748],
      [0.0034462521189, 0.90082741098, 0.021224915321, 0.074501421584],
      [0.0042561580676, 0.40005264328, 0.58354067001, 0.012150528648],
      [0.00019753009447, 0.49042871648, 0.32211981261, 0.18725394082],
      [0.010601403533, 0.0053549652937, 0.23214039202, 0.75190323915]
    ],
    [
      [0.0063470169058, 0.74596736062, 0.050821945672, 0.1968636768],
      [0.076548436726, 0.0016160030649, 0.21046633409, 0.71136922612],
      [0.42596810661, 0.001023295108, 0.44051500049, 0.13249359779],
      [0.0097659386948, 0.038976678824, 0.89956002526, 0.051697357224],
      [0.009061533503, 0.87524250009, 0.04638035024, 0.069315616172],
      [0.0065743002717, 0.23898123619, 0.74775993001, 0.0066845335299],
      [0.00037843340191, 0.35970759726, 0.5135806972, 0.12633327214],
      [0.022879272417, 0.0046662893908, 0.42016757538, 0.55228686281]
    ],
    [
      [0.0056287249933, 0.80021210453, 0.048522137369, 0.14563703311],
      [0.085220348356, 0.0021796183988, 0.25246839957, 0.66013163368],
      [0.41974768138, 0.0012273342817, 0.46947052124, 0.1095544631],
      [0.0091482518094, 0.044218746485, 0.90616858274, 0.040464418963],
      [0.0077161786159, 0.90049584229, 0.042512326075, 0.049275653017],
      [0.0059462452539, 0.26171784247, 0.72728319867, 0.0050527136082],
      [0.00034596947289, 0.39812860821, 0.50510379431, 0.096421628013],
      [0.024305883531, 0.0060036498601, 0.48065023207, 0.48904023454]
    ],
    [
      [0.0052116067486, 0.79887097969, 0.031535393207, 0.16438202036],
      [0.079540563437, 0.0021736982289, 0.16531080007, 0.75297493827],
      [0.47513279155, 0.0014822165463, 0.37234470508, 0.15104028682],
      [0.012334725471, 0.063770254753, 0.85740039811, 0.066494621666],
      [0.007210807085, 0.9087846865, 0.027889462337, 0.056115044081],
      [0.0073972645046, 0.34998546285, 0.63495757986, 0.0076596927872],
      [0.00038401656471, 0.47568878516, 0.39339657878, 0.13053061949],
      [0.025174370406, 0.0066435419803, 0.34909310669, 0.61908898092]
    ],
    [
      [0.0036168977052, 0.79940223567, 0.046930344733, 0.15005052189],
      [0.055433278516, 0.0021327347527, 0.24613855188, 0.69629543486],
      [0.32672177305, 0.0014035366505, 0.53919767575, 0.13267701456],
      [0.0060444097981, 0.044008098915, 0.90756400151, 0.042383489777],
      [0.0049585168609, 0.90326679602, 0.041139413039, 0.050635274079],
      [0.0039302968578, 0.26291142903, 0.72785940968, 0.0052988644314],
      [0.00022671724052, 0.39893748344, 0.50008131116, 0.10075448817],
      [0.015723292322, 0.0058501458485, 0.46824484995, 0.51018171188]
    ],
    [
      [0.004837073706, 0.76088578652, 0.044639823923, 0.18963731585],
      [0.062620558305, 0.0017679280574, 0.19844089066, 0.73717062298],
      [0.38678677434, 0.0012397553257, 0.46022317346, 0.15175029687],
      [0.0083907798606, 0.044765636892, 0.89074265233, 0.05610093092],
      [0.0068568440604, 0.88641304367, 0.040449782212, 0.066280330057],
      [0.0054945842565, 0.2672439261, 0.72020514537, 0.0070563442679],
      [0.00030684962784, 0.39036126279, 0.47987820493, 0.12945368266],
      [0.018871128955, 0.0051458576573, 0.39936363642, 0.57661937697]
    ],
    [
      [0.0052863977019, 0.8107038391, 0.03734247373, 0.14666728947],
      [0.085090455371, 0.0023765697685, 0.20687773874, 0.70565523612],
      [0.45357015685, 0.001453694541, 0.41728277974, 0.12769336887],
      [0.010859371084, 0.05725014012, 0.88025202537, 0.051638463428],
      [0.0072422197234, 0.91044326613, 0.032692013766, 0.049622500381],
      [0.0066713278788, 0.31941282992, 0.66782271309, 0.0060931291199],
      [0.0003643251943, 0.45511828119, 0.43548763505, 0.10902975856],
      [0.025617000407, 0.0069046117146, 0.41513887351, 0.55233951437]
    ],
    [
      [0.0059933188307, 0.8068937568, 0.040471921538, 0.14664100283],
      [0.093757201091, 0.0022805882405, 0.21752064422, 0.68644156645],
      [0.47106562162, 0.0013071819921, 0.41160778563, 0.11601941075],
      [0.011447153464, 0.052633311754, 0.8880125037, 0.047907031082],
      [0.008209864107, 0.90677780994, 0.035430786463, 0.049581539487],
      [0.007171904162, 0.30007543723, 0.68698671215, 0.0057659464582],
      [0.00039979509057, 0.43702206762, 0.45715579149, 0.1054223458],
      [0.027967561793, 0.006571744391, 0.43315193193, 0.53230876188]
    ],
    [
      [0.0027918676414, 0.82224986158, 0.033815500855, 0.14114276993],
      [0.048703533922, 0.0024999892331, 0.20213663436, 0.74665984248],
      [0.32738990801, 0.0018812478825, 0.5078578679, 0.16287097621],
      [0.0062685328608, 0.060686271972, 0.87956368583, 0.053481509336],
      [0.0037903942213, 0.9196522698, 0.029356881514, 0.047200454467],
      [0.003775496272, 0.33712547698, 0.65289877632, 0.0062002504244],
      [0.0002019534326, 0.47472231472, 0.41565600201, 0.10941972984],
      [0.014520897499, 0.0071938691046, 0.40358801784, 0.57469721556]
    ],
    [
      [0.01109759375, 0.66241554715, 0.056629057716, 0.26985780139],
      [0.099648299499, 0.0010802671853, 0.1749059795, 0.72436545382],
      [0.52358088405, 0.00064961460376, 0.34712342099, 0.12864608036],
      [0.015196718902, 0.031092957933, 0.89051157061, 0.063198752552],
      [0.016872651493, 0.826864648, 0.055027998468, 0.10123470204],
      [0.010781059885, 0.20030453775, 0.78030483236, 0.008609570002],
      [0.00062035758201, 0.30085131164, 0.53602379134, 0.16250453944],
      [0.031536213183, 0.0033001035019, 0.36913956113, 0.59602412219]
    ],
    [
      [0.021896126235, 0.59798209392, 0.052685094536, 0.3274366853],
      [0.15880900293, 0.00076687926557, 0.13053867977, 0.70988543804],
      [0.68917367638, 0.00037222655832, 0.20953477669, 0.10091932037],
      [0.031097635203, 0.028512883435, 0.86133763, 0.079051851367],
      [0.034739026449, 0.78401480732, 0.053443038222, 0.127803128],
      [0.022683956187, 0.18993070037, 0.77631655281, 0.011068790628],
      [0.0012668579288, 0.27788129274, 0.5172597077, 0.20359214164],
      [0.054913585347, 0.0025704637565, 0.30243079346, 0.64008515744]
    ],
    [
      [0.007428986794, 0.75586073152, 0.047272948557, 0.18943733312],
      [0.092363125883, 0.0017143018965, 0.20241279202, 0.7035097802],
      [0.47800678013, 0.0010195734828, 0.39708868344, 0.12388496294],
      [0.01220946102, 0.04273187916, 0.89172139644, 0.053337263379],
      [0.010550617615, 0.88010426624, 0.042903165301, 0.066441950843],
      [0.0080776923884, 0.25657824863, 0.7285662277, 0.0067778312855],
      [0.00045838821181, 0.37984629236, 0.49366301729, 0.12603230214],
      [0.028102937008, 0.0050315995532, 0.41038708554, 0.5564783779]
    ],
    [
      [0.00095559606205, 0.97698698517, 0.0062876921343, 0.015769726636],
      [0.11547626376, 0.012669423006, 0.23981785667, 0.63203645657],
      [0.57558518716, 0.0052829589087, 0.35160613381, 0.067525720128],
      [0.0095988374329, 0.21351988039, 0.7506958329, 0.026185449276],
      [0.0012134121705, 0.98856997224, 0.0050903742514, 0.005126241334],
      [0.0028585517425, 0.72728720333, 0.26827611478, 0.0015781301501],
      [0.00011492905214, 0.85163525775, 0.12712610974, 0.021123703464],
      [0.032386281811, 0.035684927881, 0.47862804429, 0.45330074602]
    ],
    [
      [6.3254062104e-05, 0.97578104198, 0.0028975371188, 0.021258166837],
      [0.0039349264036, 0.0053148648091, 0.066450131901, 0.92430007689],
      [0.076514721372, 0.010204716053, 0.5880540759, 0.32522648668],
      [0.0011906276793, 0.23325660429, 0.70366574312, 0.061887024903],
      [7.9195678567e-05, 0.99044261952, 0.002333256595, 0.0071449282112],
      [0.00025667420983, 0.83046715759, 0.16634254369, 0.002933624506],
      [8.3658768894e-06, 0.90728576622, 0.058610244758, 0.034095623143],
      [0.0018845421254, 0.019744340806, 0.1802359521, 0.79813516496]
    ],
    [
      [0.0081362802683, 0.93020708358, 0.02857648007, 0.033080156084],
      [0.32143614108, 0.0020749590788, 0.29916140867, 0.37732749117],
      [0.89796941738, 0.0001798430594, 0.095081754766, 0.0067689847932],
      [0.019959221407, 0.028640372135, 0.93986719642, 0.011533210043],
      [0.01018662656, 0.9560931525, 0.022719770518, 0.011000450424],
      [0.013843360648, 0.21649537947, 0.76795591876, 0.0017053411181],
      [0.00082746697257, 0.43551344987, 0.52894604889, 0.034713034269],
      [0.082545310159, 0.0060428156269, 0.66166134208, 0.24975053213]
    ],
    [
      [0.00010796890812, 0.20641482332, 0.22752462089, 0.56595258688],
      [5.460044576e-10, 7.827078525e-05, 0.18031953878, 0.81960218989],
      [0.25588599228, 0.00028689772287, 0.64775101125, 0.096076098754],
      [2.1056678549e-05, 0.0011168212021, 0.98696458922, 0.011897532899],
      [0.00022005975875, 0.52139846902, 0.28666713753, 0.19171433369],
      [1.7520764695e-05, 0.0036841869585, 0.9947824171, 0.0015158751795],
      [1.8940042002e-06, 0.0086240883143, 0.9385274414, 0.052846576277],
      [3.4885416778e-05, 0.00031059475874, 0.61386989063, 0.3857846292]
    ],
    [
      [0.0057837814834, 0.81997353116, 0.040811062109, 0.13343162525],
      [0.096636792141, 0.0024669898373, 0.233710119, 0.66718609902],
      [0.46850370737, 0.0013521367926, 0.42256104544, 0.1075831104],
      [0.011010739146, 0.053294607745, 0.89221738354, 0.043477269569],
      [0.0078434850025, 0.91214000898, 0.035366930473, 0.044649575546],
      [0.0068549577737, 0.3019806361, 0.68596590626, 0.0051984998657],
      [0.00038524794301, 0.44345471889, 0.46032439215, 0.095835641019],
      [0.028254694961, 0.0069820936817, 0.4569970612, 0.50776615015]
    ],
    [
      [0.0028260546283, 0.8272732601, 0.035617003026, 0.13428368224],
      [0.050732053709, 0.002656893287, 0.21955597036, 0.72705508265],
      [0.32230861992, 0.0019129628072, 0.52259936242, 0.15317905485],
      [0.0060994702913, 0.06041553908, 0.88400132171, 0.049483668917],
      [0.0038288319598, 0.92045927091, 0.030843826584, 0.044868070543],
      [0.0036774595046, 0.33265543647, 0.65793688459, 0.0057302194405],
      [0.00019941982966, 0.47204566614, 0.42570239146, 0.10205252257],
      [0.0148029866, 0.0074881938778, 0.4278188199, 0.54988999962]
    ],
    [
      [0.009045871844, 0.75964486006, 0.039120365581, 0.19218890252],
      [0.11295144855, 0.0017114600746, 0.16752790747, 0.7178091839],
      [0.56571660129, 0.00097061200145, 0.31343488344, 0.11987790327],
      [0.017496410192, 0.050214190538, 0.86869918861, 0.06359021066],
      [0.012831337447, 0.88446190991, 0.035462617822, 0.06724413482],
      [0.011217951721, 0.29300535059, 0.68794744203, 0.0078292556642],
      [0.00060804141369, 0.41486953258, 0.44524766708, 0.13927475893],
      [0.03622621174, 0.0053096251052, 0.35901957618, 0.59944458697]
    ],
    [
      [0.0044122907448, 0.75492966733, 0.043043008061, 0.19761503386],
      [0.055997150064, 0.0017114216668, 0.18716437015, 0.75512705812],
      [0.37456575519, 0.0012726322646, 0.46017298387, 0.16398862867],
      [0.007890216261, 0.045705884463, 0.88616218981, 0.060241709463],
      [0.0062915304835, 0.88509126478, 0.039227834907, 0.069389369833],
      [0.0051549729114, 0.27248431499, 0.71480490805, 0.0075558040523],
      [0.00028404964426, 0.39287588411, 0.46990826504, 0.13693180121],
      [0.017038500967, 0.0050396781719, 0.38108604063, 0.59683578023]
    ],
    [
      [0.014659573657, 0.4138104139, 0.12027600451, 0.45125400793],
      [0.076295815848, 0.00037016753952, 0.21314101391, 0.71019300271],
      [0.43119826363, 0.0002311123725, 0.44254567781, 0.12602494618],
      [0.0097645760963, 0.0089995136528, 0.93129993397, 0.049935976281],
      [0.026639430738, 0.63405086658, 0.14011907406, 0.19919062862],
      [0.0077958084658, 0.06480901475, 0.91976764604, 0.00762753074],
      [0.00051333793003, 0.11198246413, 0.72041168066, 0.16709251728],
      [0.02278613679, 0.0010734293878, 0.42854296478, 0.54759746904]
    ],
    [
      [0.0038169955619, 0.85084562871, 0.032052646809, 0.11328472891],
      [0.078127055627, 0.0031824265596, 0.22585138983, 0.69283912798],
      [0.41694597126, 0.0019467174462, 0.45567945377, 0.12542785751],
      [0.0090776973096, 0.069763278542, 0.87498056022, 0.046178463926],
      [0.0050939456486, 0.93022787667, 0.027333539757, 0.037344637922],
      [0.0052432833827, 0.36561984434, 0.62401295361, 0.0051239186621],
      [0.00028083640895, 0.51071861634, 0.39908683218, 0.089913715074],
      [0.022870903915, 0.0089903198397, 0.4407651137, 0.52737366254]
    ],
    [
      [0.003633384454, 0.8529481573, 0.024912479338, 0.11850597891],
      [0.075987337948, 0.0032259934636, 0.17872048097, 0.74206618762],
      [0.45397333528, 0.0021709502115, 0.39678885666, 0.14706685785],
      [0.010709877187, 0.086119266531, 0.84333814612, 0.059832710162],
      [0.0048571343998, 0.93475417588, 0.021281377879, 0.039107311839],
      [0.0057976734963, 0.42433109619, 0.56365035615, 0.0062208741672],
      [0.00029196936382, 0.55805628987, 0.33889454369, 0.10275719707],
      [0.023499280427, 0.0096508041692, 0.36937823265, 0.59747168276]
    ],
    [
      [0.0035041840985, 0.81559552364, 0.037065893981, 0.14383439828],
      [0.058914864762, 0.002490041309, 0.21440227217, 0.72419282176],
      [0.35811215232, 0.0017301957639, 0.49164191203, 0.14851573988],
      [0.0072744262, 0.058043563838, 0.88355804454, 0.051123965423],
      [0.0047904770252, 0.91428146333, 0.032382506356, 0.048545553289],
      [0.0044472537785, 0.32256848239, 0.66698095096, 0.0060033128723],
      [0.00024227946204, 0.45874404868, 0.4337914917, 0.10722218015],
      [0.017357305021, 0.0070805844658, 0.42123003624, 0.55433207427]
    ],
    [
      [0.0044908719367, 0.70978224954, 0.056408213316, 0.22931866521],
      [0.048292125914, 0.0013659945054, 0.20842239078, 0.74191948881],
      [0.31912162835, 0.0010241057118, 0.51692185058, 0.16293241536],
      [0.0062654033772, 0.033471357807, 0.90576308574, 0.054500153075],
      [0.0065916206198, 0.85755964468, 0.052930534216, 0.082918200483],
      [0.0043502492534, 0.21180067167, 0.77658372453, 0.0072653545512],
      [0.0002529536897, 0.32222334861, 0.53866767764, 0.13885602006],
      [0.014304026845, 0.0039062243837, 0.41216317122, 0.56962657755]
    ],
    [
      [0.0026442966945, 0.8596895672, 0.035210793569, 0.10245534254],
      [0.057947055388, 0.0033961586682, 0.26510177678, 0.67355500916],
      [0.3211325819, 0.0021411787224, 0.55173752371, 0.12498871566],
      [0.0058228312732, 0.064556534959, 0.89099229544, 0.038628338326],
      [0.0035004883004, 0.9332237191, 0.029788278065, 0.033487514532],
      [0.0034231245134, 0.34561917513, 0.646595529, 0.0043621713519],
      [0.00018825978797, 0.49670854028, 0.4244527632, 0.078650436729],
      [0.016049957191, 0.0090889384357, 0.49033772275, 0.48452338162]
    ],
    [
      [0.00048253018631, 0.04829717491, 0.015921678837, 0.93529861607],
      [0.00083379167385, 2.2771183207e-05, 0.012055008487, 0.98708842866],
      [0.037384890557, 8.7877115002e-05, 0.22205496842, 0.74047226391],
      [0.0014640862009, 0.0041192340925, 0.66871946154, 0.32569721817],
      [0.0018598254314, 0.21562196478, 0.040686288033, 0.74183192176],
      [0.0015494826117, 0.033734317672, 0.90549777726, 0.059218422452],
      [4.3828659652e-05, 0.025477091042, 0.27556217294, 0.69891690736],
      [0.00043950586074, 8.5906768796e-05, 0.031897316436, 0.96757727093]
    ],
    [
      [0.011332821569, 0.67273612353, 0.075612225325, 0.24031882957],
      [0.10372061685, 0.0011222638548, 0.23822862012, 0.65692849918],
      [0.47925942829, 0.00059579319199, 0.4169494036, 0.10319537491],
      [0.012014446055, 0.024531408363, 0.91980597328, 0.043648172302],
      [0.016893182945, 0.82263825884, 0.072031286621, 0.088437271595],
      [0.0087127383127, 0.16131842208, 0.82389059267, 0.0060782469325],
      [0.00054295137858, 0.2622240228, 0.61311337045, 0.12411965537],
      [0.030413739476, 0.0031757058594, 0.46559946993, 0.50081108474]
    ],
    [
      [0.010188938556, 0.66207775354, 0.069118927239, 0.25861438066],
      [0.091469702894, 0.0010820532609, 0.2135051135, 0.69394313034],
      [0.46699203767, 0.00063377830745, 0.41224389892, 0.1201302851],
      [0.011705582576, 0.026149072269, 0.91125265519, 0.05089268996],
      [0.015402502237, 0.8213361185, 0.066779167093, 0.096482212167],
      [0.0084561934437, 0.17135614367, 0.81312855468, 0.0070591082007],
      [0.00051244352802, 0.27087138278, 0.58839800417, 0.14021816952],
      [0.027472640034, 0.0031371700711, 0.4275117264, 0.54187846349]
    ],
    [
      [0.0059988437039, 0.71723128856, 0.066745503746, 0.21002436399],
      [0.065216916127, 0.0014075232548, 0.24953637905, 0.68383918157],
      [0.35713783381, 0.00088124801222, 0.515850045, 0.12613087317],
      [0.0071985540465, 0.029338054257, 0.92039533707, 0.043068054629],
      [0.0086979150609, 0.85433152224, 0.06185565801, 0.075114904687],
      [0.0050738112052, 0.18793098458, 0.8011659371, 0.0058292671103],
      [0.00030955731049, 0.29956409618, 0.58344900062, 0.11667734588],
      [0.018530785343, 0.0038611780385, 0.47310741325, 0.50450062337]
    ],
    [
      [0.0096954321592, 0.73346095534, 0.057002908772, 0.19984070372],
      [0.10877727332, 0.0014925891725, 0.21965995644, 0.67007018106],
      [0.50801368126, 0.00079519672689, 0.38583798807, 0.10535313394],
      [0.013402741779, 0.034794222033, 0.90449736259, 0.047305673601],
      [0.013905999294, 0.86311605272, 0.052250959475, 0.070726988508],
      [0.0092074930819, 0.2170406315, 0.76751151506, 0.006240360352],
      [0.00054531512962, 0.33547400495, 0.54279879589, 0.12118188402],
      [0.032635897529, 0.0043282470663, 0.43996431536, 0.52307154005]
    ],
    [
      [0.010612018742, 0.73666738872, 0.06633344012, 0.18638715242],
      [0.11886375235, 0.0014831662653, 0.25519356279, 0.62445951859],
      [0.50299948435, 0.00071761725102, 0.40722162432, 0.089061274081],
      [0.012798247137, 0.030217386679, 0.91852477341, 0.038459592776],
      [0.015067676628, 0.85944406344, 0.060198140532, 0.0652901194],
      [0.0089529470187, 0.19223327264, 0.79364737572, 0.0051664046219],
      [0.00055251374079, 0.31008688658, 0.58480309126, 0.10455750842],
      [0.03435075902, 0.0041424177352, 0.49236962956, 0.46913719369]
    ],
    [
      [0.0052798627615, 0.7181278693, 0.06789453418, 0.20869773376],
      [0.0570405106, 0.001221288811, 0.24870275983, 0.69303544076],
      [0.33579573926, 0.0007944281283, 0.53591514666, 0.12749468595],
      [0.0062279079027, 0.025650450946, 0.92656963534, 0.041552005809],
      [0.007482444155, 0.85853248251, 0.061620667661, 0.07236440567],
      [0.0044567441727, 0.17079000709, 0.81905293199, 0.0057003167478],
      [0.0002753079347, 0.28090343714, 0.60236794164, 0.11645331329],
      [0.016167484312, 0.0033684126215, 0.4747400866, 0.50572401646]
    ],
    [
      [0.0067301395017, 0.71270041332, 0.038672089627, 0.24189735755],
      [0.067197087862, 0.00096329468367, 0.12778085233, 0.80405876512],
      [0.51053878829, 0.00072533117784, 0.33474298133, 0.1539928992],
      [0.012875033012, 0.035097164877, 0.87942354749, 0.072604254619],
      [0.0094266907789, 0.87454104138, 0.034812693196, 0.08121957465],
      [0.0088365191733, 0.23777204851, 0.74382117808, 0.0095702542353],
      [0.0004747987045, 0.35189759808, 0.4701284056, 0.17749919762],
      [0.022545817515, 0.0031441853488, 0.29182663852, 0.68248335861]
    ],
    [
      [0.15633263632, 0.80121181702, 0.0079980738402, 0.034457472827],
      [0.96867190848, 0.00012943937106, 0.0053229805878, 0.02587567156],
      [0.99999919179, 6.2753415852e-09, 6.0066246757e-07, 2.0127248094e-07],
      [0.57872789776, 0.04332649751, 0.35771851505, 0.020227089681],
      [0.19153939269, 0.79159216286, 0.0061197769699, 0.010748667484],
      [0.35933488532, 0.36844160246, 0.26958662982, 0.0026368824047],
      [0.020527648602, 0.73364023976, 0.18884450989, 0.056987601742],
      [0.77414780587, 0.0024247742926, 0.067680410432, 0.1557470094]
    ],
    [
      [0.0087628728648, 0.743738648, 0.058163398271, 0.18933508086],
      [0.10244583157, 0.0015618095371, 0.23327177558, 0.66272058331],
      [0.48219450509, 0.00083700716313, 0.41248598743, 0.10448250032],
      [0.011929837747, 0.034450807557, 0.90955320838, 0.044066146316],
      [0.012451971977, 0.8683689761, 0.05282943314, 0.066349618784],
      [0.0081861888377, 0.21510625202, 0.77090119757, 0.0058063615714],
      [0.00048905313228, 0.33588038195, 0.54980703323, 0.11382353169],
      [0.03013927286, 0.0044433881127, 0.45853166885, 0.50688567017]
    ],
    [
      [0.0038851041413, 0.84441056465, 0.037167013686, 0.11453731752],
      [0.075974570322, 0.0029753506061, 0.2496866134, 0.67136346567],
      [0.39439029116, 0.0017563192456, 0.48725978093, 0.11659360866],
      [0.0081005771283, 0.059934960776, 0.89117723493, 0.040787227167],
      [0.0051909243254, 0.92529921955, 0.031734975469, 0.03777488066],
      [0.0048742091038, 0.32853896775, 0.66187004687, 0.0047167762812],
      [0.00027016350708, 0.47612136176, 0.43782360258, 0.085784872151],
      [0.021607590295, 0.0081743920511, 0.47437583337, 0.49584218429]
    ],
    [
      [0.005229920209, 0.82963644632, 0.038053658493, 0.12707997497],
      [0.092687592631, 0.0026716798221, 0.23168242645, 0.67295830109],
      [0.45768087508, 0.0014996584871, 0.42932763889, 0.11149182754],
      [0.010613843938, 0.05782168977, 0.88743406452, 0.044130401769],
      [0.0070593603987, 0.91776820867, 0.032822167312, 0.04235026362],
      [0.0064721563662, 0.32028371447, 0.66807386933, 0.005170259835],
      [0.00035881333571, 0.46349195045, 0.44215926157, 0.093989974653],
      [0.027126471917, 0.0075565985277, 0.45290978898, 0.51240714057]
    ],
    [
      [0.0044717664126, 0.80557468985, 0.038671476603, 0.15128206713],
      [0.070620164937, 0.0022813573745, 0.20948677031, 0.71761170738],
      [0.40794259238, 0.001491428361, 0.4529898423, 0.13757613696],
      [0.0088996150669, 0.054384541697, 0.88536688749, 0.051348955747],
      [0.0061427355753, 0.90865338889, 0.033954287461, 0.051249588069],
      [0.0055350854347, 0.30852885374, 0.67980013834, 0.0061359224835],
      [0.00030406645834, 0.44338676549, 0.44557838405, 0.110730784],
      [0.021042631769, 0.006570416865, 0.41720986568, 0.55517708568]
    ],
    [
      [0.010232674774, 0.68630540062, 0.076974858603, 0.22648706601],
      [0.0979041931, 0.0011825508661, 0.25260447379, 0.64830878224],
      [0.4569395633, 0.00062649678299, 0.4414611571, 0.10097278282],
      [0.010695704144, 0.024475324122, 0.92437768066, 0.040451291075],
      [0.015065707043, 0.8303160852, 0.072434704397, 0.082183503356],
      [0.0077361135196, 0.16078565212, 0.82586102083, 0.0056172135349],
      [0.00048617758364, 0.26397171552, 0.61967561411, 0.11586649278],
      [0.028100105465, 0.0032841199255, 0.48470252513, 0.48391324948]
    ],
    [
      [0.00082644631627, 0.95092662546, 0.023204262327, 0.025042665899],
      [0.048657826505, 0.0062953868605, 0.4576716175, 0.48737516913],
      [0.2180550582, 0.0027789470522, 0.72383186337, 0.055334131376],
      [0.0026741987777, 0.065806926123, 0.91864095779, 0.012877917306],
      [0.0010431664193, 0.9721891765, 0.018717248597, 0.0080504084828],
      [0.0014872748269, 0.38354968668, 0.61352133227, 0.0014417062279],
      [7.9293173748e-05, 0.59090478678, 0.3837661266, 0.02524979345],
      [0.010856007253, 0.013557975671, 0.71837307854, 0.25721293853]
    ],
    [
      [0.0056296522031, 0.83669446371, 0.017253096295, 0.14042278779],
      [0.098987699516, 0.0020663126768, 0.098613717141, 0.80033227067],
      [0.6655332929, 0.0012522369381, 0.2063632061, 0.12685126406],
      [0.022189453438, 0.090114778103, 0.7986138818, 0.089081886661],
      [0.0074497574832, 0.93271646521, 0.014627544196, 0.045206233108],
      [0.011477585353, 0.47180618787, 0.50778000485, 0.0089362219183],
      [0.00052107168849, 0.58807403785, 0.27240803926, 0.1389968512],
      [0.03432492984, 0.0070750459476, 0.23494188509, 0.72365813913]
    ],
    [
      [0.0047416175261, 0.87625486419, 0.023212837715, 0.09579068057],
      [0.11352394906, 0.0024852910016, 0.1684147088, 0.71557605114],
      [0.71000880987, 0.00093108537174, 0.22182986905, 0.067230235708],
      [0.014367496449, 0.064593479427, 0.87610713706, 0.044931887059],
      [0.0060744424097, 0.94486006429, 0.019053720049, 0.030011773254],
      [0.0082257828974, 0.38091599055, 0.60578619828, 0.0050720282721],
      [0.00042010084357, 0.5503843963, 0.35976770799, 0.08942779486],
      [0.034647310498, 0.0078353648027, 0.37797842535, 0.57953889935]
    ],
    [
      [0.015281922831, 0.80145813056, 0.019113449014, 0.16414649759],
      [0.21682420364, 0.0011372484439, 0.075199072175, 0.70683947574],
      [0.9291554245, 0.00018805289912, 0.042733680043, 0.027922842555],
      [0.053192952723, 0.062551338104, 0.7958563144, 0.088399394776],
      [0.019897192927, 0.912992221, 0.015944674824, 0.051165911249],
      [0.030629045902, 0.39519467869, 0.56425598394, 0.0099202914699],
      [0.0014152037881, 0.52775024365, 0.30728977579, 0.16354477677],
      [0.07570925421, 0.0043492877635, 0.19982343472, 0.7201180233]
    ],
    [
      [0.010739401453, 0.83208984047, 0.052178013257, 0.10499274482],
      [0.17900517531, 0.0024066866071, 0.29609014562, 0.52249799246],
      [0.58555015814, 0.00087873141979, 0.35784063478, 0.055730475652],
      [0.016343349869, 0.041899919706, 0.91459609018, 0.027160640245],
      [0.014246924901, 0.90717131412, 0.044234950997, 0.034346809984],
      [0.010649178187, 0.25026770147, 0.73567907733, 0.0034040430125],
      [0.00064566757523, 0.39911919199, 0.5324078975, 0.067827242931],
      [0.050346482573, 0.0065805266576, 0.56040153097, 0.3826714598]
    ],
    [
      [0.0035637486864, 0.79206830475, 0.048529376383, 0.15583857018],
      [0.05316326272, 0.0021553202858, 0.24926786062, 0.69541355637],
      [0.31061314264, 0.0014431415797, 0.55027343092, 0.13767028486],
      [0.0057998697909, 0.044374708939, 0.90634776052, 0.043477660748],
      [0.0049338350206, 0.89885765711, 0.042933849462, 0.053274658407],
      [0.0037757735856, 0.26212638329, 0.72866235614, 0.0054354869883],
      [0.00021796658972, 0.39468511367, 0.50229335001, 0.10280356973],
      [0.015006788723, 0.0058709231325, 0.46897957592, 0.51014271222]
    ],
    [
      [0.0047807440242, 0.78293305821, 0.047506362276, 0.16477983549],
      [0.066926131345, 0.0017785278716, 0.22546487068, 0.7058304701],
      [0.39678342683, 0.0010953583817, 0.48077899924, 0.12134221555],
      [0.0077620622299, 0.038226027693, 0.91131655805, 0.042695352031],
      [0.0065812109153, 0.89608685159, 0.041851667354, 0.055480270138],
      [0.0051923230573, 0.23972773954, 0.74954507916, 0.0055348582428],
      [0.00030219807845, 0.37490059865, 0.51642887178, 0.10836833149],
      [0.019620840756, 0.0050306933404, 0.44871882447, 0.52662964144]
    ],
    [
      [0.0012985206617, 0.84567335713, 0.035309536639, 0.11771858557],
      [0.025146123914, 0.0025945809782, 0.236377347, 0.73588194811],
      [0.18685838607, 0.0020667633942, 0.6505527185, 0.16052213203],
      [0.0027852159068, 0.053151931214, 0.90285216967, 0.041210683209],
      [0.0017145475988, 0.93028826403, 0.02985914372, 0.038138044652],
      [0.001717501684, 0.31250803867, 0.68085996128, 0.0049144983716],
      [9.5026179263e-05, 0.46526770031, 0.44383334821, 0.090803925302],
      [0.0072598331261, 0.0071369251055, 0.45770534041, 0.52789790136]
    ],
    [
      [0.0055583055698, 0.73754872289, 0.051263523495, 0.20562944805],
      [0.06543336637, 0.0015608052879, 0.2070895827, 0.72591624564],
      [0.39374054462, 0.0010535251289, 0.46139216222, 0.14381376803],
      [0.008474669675, 0.038300139871, 0.89962303876, 0.053602151694],
      [0.0079990771953, 0.87193549208, 0.047138805795, 0.072926624934],
      [0.0057338589031, 0.23584522652, 0.75145931516, 0.0069615994193],
      [0.00032907390934, 0.35378529526, 0.51469422302, 0.13119140781],
      [0.019508516681, 0.0045032707571, 0.41299592591, 0.56299228665]
    ],
    [
      [0.0071096066236, 0.7974606241, 0.047569916224, 0.14785985305],
      [0.10488103164, 0.0021476444938, 0.24164391264, 0.65132741123],
      [0.47929577161, 0.0011275141397, 0.41831306815, 0.1012636461],
      [0.011737009675, 0.045336051091, 0.90109017277, 0.041836766469],
      [0.0097718881924, 0.898252097, 0.041780106108, 0.050195908701],
      [0.0076022070534, 0.26641356103, 0.72077921403, 0.0052050178878],
      [0.00044021238023, 0.40239379917, 0.49842823214, 0.098737756314],
      [0.030580706192, 0.0060419597812, 0.46957025272, 0.4938070813]
    ],
    [
      [0.012137686212, 0.71728089378, 0.054586885131, 0.21599453488],
      [0.12698276457, 0.0013276043952, 0.19513889706, 0.67655073397],
      [0.57282669453, 0.00067135264443, 0.3264163387, 0.10008561413],
      [0.017299074953, 0.034348175938, 0.89599006384, 0.052362685267],
      [0.017564271377, 0.85498023349, 0.050497692477, 0.07695780266],
      [0.011950295943, 0.2166583596, 0.76444438819, 0.0069469562692],
      [0.0006990389775, 0.33210513199, 0.53349092319, 0.13370490585],
      [0.039568881727, 0.0040101062578, 0.40764115073, 0.54877986129]
    ],
    [
      [0.010292432306, 0.72284785799, 0.042748759722, 0.22411094998],
      [0.11178555959, 0.001436107186, 0.15992110728, 0.72685722594],
      [0.56647391163, 0.00083691475822, 0.30718282008, 0.12550635353],
      [0.018249324435, 0.044217259778, 0.86939244197, 0.068140973812],
      [0.015015765761, 0.86437932506, 0.039853687888, 0.080751221288],
      [0.012116649649, 0.26625864435, 0.71293621921, 0.0086884867897],
      [0.0006615778855, 0.37904549019, 0.46488588318, 0.15540704875],
      [0.036277994699, 0.0044959327066, 0.34572266691, 0.61350340569]
    ],
    [
      [0.0054717359692, 0.84404879031, 0.046281190534, 0.10419828319],
      [0.10369898016, 0.0027968079767, 0.30080977342, 0.59269443845],
      [0.43739108025, 0.0013413857506, 0.47799791951, 0.083269614489],
      [0.0093719694081, 0.04781720887, 0.9124633708, 0.030347450927],
      [0.0072522503209, 0.91946512257, 0.03920452891, 0.034078098197],
      [0.0059310054119, 0.27766872452, 0.71270611119, 0.0036941588741],
      [0.00034837799932, 0.42885112156, 0.49952691744, 0.071273582993],
      [0.028188061868, 0.0073471296499, 0.54700362953, 0.41746117896]
    ]
  ],
  "expected_outcome": [
    [
      [0.00049890928254, 0.0015919803765, 0.053559996147, 0.022797173799, 0.10437728, 0.014721198855, 0, 0.0048499762098, 0.15867542265, 0.14634684982, 0.093808921475, 0.039785874758, 0.11125269524, 0.31189746441, 0.18579288375, 0.04187801462, 0.48829412501, 0.3065457673, 0.64632185107, 0.00095559606205, 6.3254062104e-05, 0, 0, 0.098324285217, 0.045216874053, 0.15377982135, 0.048535198193, 0.058638294629, 0.43132049849, 0.087201226896, 0.15768828443, 0.089817438733, 0.050241637196, 0.0014475905589, 0.61197236473, 0.23434558679, 0.10198034297, 0.2132995075, 0.10612018742, 0, 0, 0, 0.15773171157, 0.10101270767, 0.30856529233, 0.080491795427, 0.10232674774, 0.0016528926325, 0.016888956609, 0.014224852578, 0.030563845663, 0.12887281743, 0.16393243957, 0.062149672314, 0.0051940826469, 0.016674916709, 0.71807026898, 0.18206529318, 0.88514917828, 0.10943471938],
