{
  "X": [
    [20, 23, 30, 1],
    [39, 23, 30, 1],
    [30, 28, 47, 0],
    [11, 13, 24, 1],
    [16, 16, 22, 1],
    [9, 11, 17, 2],
    [16, 15, 25, 2],
    [21, 11, 27, 1],
    [2, 5, 7, 0],
    [5, 9, 8, 0],
    [44, 56, 133, 8],
    [7, 15, 14, 1],
    [4, 3, 6, 1],
    [4, 6, 9, 2],
    [7, 9, 7, 0],
    [6, 9, 7, 0],
    [13, 12, 14, 0],
    [8, 15, 18, 1],
    [1, 5, 4, 0],
    [2, 2, 1, 1],
    [2, 7, 4, 0],
    [5, 8, 8, 2],
    [2, 3, 6, 1],
    [7, 9, 7, 1],
    [26, 37, 64, 1],
    [8, 2, 6, 2],
    [9, 23, 29, 2],
    [15, 15, 24, 1],
    [4, 5, 8, 1],
    [6, 11, 17, 3],
    [47, 69, 110, 11],
    [28, 55, 95, 9],
    [53, 41, 99, 7],
    [34, 49, 121, 16],
    [33, 51, 105, 3],
    [49, 62, 146, 4],
    [48, 95, 149, 5],
    [33, 79, 116, 4],
    [2, 2, 4, 0],
    [2, 3, 5, 0],
    [9, 10, 13, 1],
    [22, 37, 65, 1],
    [79, 123, 225, 11],
    [98, 143, 246, 23],
    [19, 42, 57, 5],
    [83, 83, 175, 7],
    [4, 8, 10, 0],
    [1, 2, 3, 0],
    [17, 33, 20, 3],
    [10, 14, 35, 1],
    [7, 15, 27, 2],
    [56, 59, 130, 5],
    [44, 49, 108, 3],
    [0, 5, 7, 0],
    [10, 13, 21, 2],
    [44, 24, 68, 3],
    [33, 17, 33, 3],
    [11, 18, 18, 2],
    [5, 5, 3, 1],
    [8, 8, 16, 0],
    [17, 28, 50, 4],
    [16, 12, 30, 0],
    [29, 34, 54, 2],
    [16, 11, 29, 1],
    [1, 2, 1, 2],
    [3, 3, 9, 0],
    [5, 5, 7, 0],
    [18, 24, 55, 5],
    [2, 5, 7, 1],
    [19, 14, 37, 1],
    [12, 16, 16, 1],
    [15, 23, 34, 4],
    [19, 16, 26, 0],
    [3, 14, 19, 1],
    [39, 48, 105, 3],
    [17, 18, 30, 2],
    [15, 24, 11, 3],
    [7, 11, 18, 0],
    [24, 34, 53, 3],
    [12, 7, 19, 2],
    [24, 38, 42, 0],
    [56, 63, 147, 7],
    [10, 11, 16, 2],
    [8, 7, 14, 1],
    [20, 44, 65, 1],
    [5, 5, 9, 1],
    [2, 8, 5, 2],
    [2, 1, 13, 0],
    [7, 8, 11, 1],
    [10, 7, 26, 0],
    [4, 4, 5, 0],
    [0, 5, 8, 0],
    [4, 3, 3, 0],
    [4, 3, 3, 0],
    [10, 12, 15, 1],
    [7, 3, 13, 0],
    [4, 4, 10, 0],
    [7, 4, 6, 0],
    [6, 3, 18, 2],
    [10, 8, 7, 0],
    [4, 5, 4, 2],
    [6, 11, 5, 0],
    [1, 1, 6, 1],
    [0, 2, 4, 0],
    [1, 1, 9, 0],
    [6, 8, 13, 0],
    [5, 3, 7, 0],
    [6, 4, 6, 0],
    [3, 12, 14, 1],
    [0, 1, 5, 0],
    [1, 6, 0, 0],
    [1, 1, 4, 0],
    [5, 23, 26, 5],
    [13, 14, 31, 1],
    [3, 7, 8, 0],
    [3, 8, 2, 1],
    [1, 2, 5, 0],
    [2, 4, 1, 1],
    [1, 4, 3, 0],
    [3, 1, 2, 0],
    [2, 4, 3, 1],
    [1, 4, 1, 0],
    [4, 6, 7, 2],
    [4, 3, 8, 0],
    [1, 2, 6, 0],
    [5, 4, 2, 0],
    [3, 4, 5, 0],
    [8, 3, 8, 0],
    [2, 2, 3, 0],
    [5, 5, 2, 0],
    [8, 11, 6, 0],
    [1, 5, 5, 0],
    [1, 3, 3, 0],
    [3, 5, 5, 2],
    [6, 3, 9, 0],
    [4, 0, 11, 0],
    [5, 5, 6, 1],
    [12, 4, 13, 1],
    [5, 4, 6, 1],
    [4, 6, 2, 0],
    [3, 5, 10, 0],
    [2, 4, 0, 0],
    [1, 5, 9, 0],
    [13, 26, 28, 5],
    [15, 8, 15, 1],
    [9, 16, 15, 0],
    [9, 6, 8, 1],
    [7, 19, 35, 0],
    [3, 10, 16, 1],
    [7, 9, 15, 0],
    [5, 4, 8, 0],
    [7, 14, 18, 1],
    [11, 11, 24, 1],
    [5, 2, 4, 0],
    [4, 6, 10, 3],
    [8, 11, 35, 4],
    [8, 8, 17, 2],
    [12, 20, 21, 0],
    [8, 4, 11, 0],
    [7, 9, 29, 3],
    [17, 17, 31, 2],
    [21, 23, 35, 3],
    [9, 12, 12, 0],
    [15, 11, 16, 0],
    [9, 4, 10, 1],
    [9, 15, 23, 1],
    [13, 25, 39, 1],
    [23, 22, 32, 2],
    [7, 18, 22, 0],
    [0, 15, 18, 0],
    [6, 9, 18, 0],
    [12, 17, 37, 2],
    [9, 12, 28, 1],
    [7, 11, 33, 0],
    [7, 14, 29, 3],
    [7, 8, 19, 1],
    [4, 12, 16, 1],
    [9, 8, 20, 2],
    [4, 8, 17, 1],
    [9, 10, 15, 0],
    [12, 6, 25, 1],
    [4, 8, 17, 0],
    [7, 9, 39, 4],
    [0, 11, 25, 2],
    [11, 18, 39, 1],
    [14, 16, 31, 4],
    [7, 19, 44, 1],
    [13, 15, 39, 1],
    [2, 7, 15, 0],
    [4, 5, 9, 0],
    [9, 24, 23, 1],
    [2, 8, 10, 0],
    [8, 15, 15, 1],
    [10, 24, 22, 0],
    [5, 6, 9, 0],
    [9, 9, 12, 0],
    [12, 19, 15, 1],
    [13, 23, 35, 0],
    [7, 13, 11, 2],
    [13, 31, 39, 0],
    [4, 12, 21, 1],
    [8, 18, 30, 0],
    [25, 41, 52, 2],
    [39, 49, 93, 2],
    [3, 16, 15, 1],
    [12, 24, 26, 0],
    [21, 16, 27, 0],
    [19, 29, 48, 1],
    [11, 13, 19, 1],
    [24, 41, 52, 6],
    [5, 7, 17, 4],
    [16, 19, 40, 4],
    [16, 24, 56, 0],
    [35, 50, 76, 5],
    [18, 31, 45, 1],
    [14, 35, 50, 6],
    [13, 20, 20, 2],
    [32, 38, 89, 8],
    [3, 1, 5, 0],
    [7, 7, 10, 0],
    [1, 1, 3, 1],
    [2, 5, 12, 0],
    [1, 2, 3, 0],
    [11, 22, 32, 2],
    [6, 15, 12, 2],
    [12, 15, 17, 0],
    [7, 10, 21, 2],
    [10, 7, 21, 0],
    [5, 4, 9, 0],
    [6, 6, 11, 3],
    [6, 8, 13, 0],
    [6, 2, 6, 0],
    [14, 7, 26, 0],
    [10, 23, 48, 2],
    [6, 10, 26, 2],
    [8, 12, 31, 2],
    [2, 2, 9, 1],
    [15, 9, 27, 3],
    [1, 7, 9, 0],
    [7, 16, 32, 5],
    [12, 14, 23, 0],
    [1, 1, 5, 0],
    [6, 4, 5, 0],
    [4, 2, 4, 0],
    [7, 8, 11, 1],
    [6, 4, 4, 0],
    [14, 13, 13, 1],
    [8, 3, 10, 0],
    [4, 8, 7, 0],
    [3, 4, 1, 0],
    [3, 7, 5, 0],
    [15, 7, 11, 0],
    [4, 2, 7, 1],
    [1, 5, 9, 1],
    [4, 5, 3, 0],
    [2, 3, 8, 1],
    [6, 11, 13, 3],
    [4, 4, 10, 1],
    [6, 4, 11, 0],
    [5, 3, 8, 0],
    [3, 2, 4, 1],
    [9, 4, 14, 1],
    [3, 9, 12, 0],
    [5, 7, 15, 0],
    [3, 1, 2, 0],
    [3, 9, 8, 0],
    [3, 7, 7, 0],
    [1, 4, 2, 0],
    [0, 2, 5, 0],
    [2, 3, 10, 1],
    [3, 2, 3, 0],
    [3, 7, 9, 0],
    [1, 3, 6, 0],
    [3, 3, 4, 0],
    [0, 3, 8, 0],
    [2, 0, 4, 0],
    [0, 1, 6, 2],
    [6, 11, 9, 2],
    [0, 5, 4, 0],
    [9, 9, 8, 1],
    [4, 7, 7, 0],
    [5, 11, 8, 0],
    [7, 6, 7, 0],
    [1, 10, 8, 0],
    [10, 14, 20, 0],
    [1, 3, 2, 1],
    [5, 5, 11, 1],
    [3, 4, 11, 1],
    [1, 3, 3, 1],
    [2, 17, 8, 0],
    [1, 4, 7, 1],
    [7, 7, 6, 2],
    [13, 11, 17, 0],
    [5, 2, 3, 0],
    [4, 11, 10, 0],
    [3, 7, 7, 0],
    [9, 7, 21, 0],
    [8, 6, 22, 2],
    [1, 4, 9, 0],
    [6, 12, 11, 1],
    [7, 10, 13, 0],
    [2, 3, 2, 0],
    [3, 1, 4, 0],
    [2, 0, 5, 0],
    [0, 1, 7, 1],
    [1, 4, 0, 1],
    [2, 7, 6, 0],
    [7, 7, 7, 0],
    [2, 4, 1, 0],
    [2, 4, 6, 0],
    [7, 5, 13, 0],
    [7, 10, 8, 0],
    [4, 6, 8, 0],
    [3, 3, 4, 0],
    [1, 8, 10, 1],
    [5, 7, 22, 0],
    [2, 3, 7, 0],
    [2, 1, 5, 1],
    [1, 7, 7, 0],
    [23, 44, 62, 3],
    [6, 13, 23, 2],
    [3, 1, 2, 1],
    [2, 1, 13, 0],
    [9, 23, 36, 3],
    [0, 6, 14, 1],
    [2, 2, 3, 1],
    [8, 14, 31, 3],
    [2, 2, 4, 0],
    [3, 2, 5, 0],
    [1, 7, 0, 0],
    [4, 2, 8, 0],
    [3, 9, 8, 0],
    [4, 3, 8, 0],
    [18, 31, 41, 1],
    [4, 8, 9, 0],
    [3, 4, 4, 0],
    [2, 3, 4, 0],
    [4, 7, 11, 0],
    [101, 72, 116, 5],
    [462, 534, 931, 50],
    [409, 480, 781, 46],
    [25, 34, 45, 6]
  ],
  "W": [
    [14, 26, 10, 11, 9, 4],
    [29, 41, 8, 4, 4, 7],
    [17, 64, 9, 10, 1, 4],
    [5, 25, 8, 2, 5, 4],
    [10, 28, 6, 6, 2, 3],
    [6, 17, 6, 5, 4, 1],
    [11, 24, 5, 9, 8, 1],
    [8, 23, 5, 10, 9, 5],
    [0, 6, 1, 3, 3, 1],
    [2, 11, 1, 1, 5, 2],
    [10, 163, 24, 2, 22, 20],
    [2, 21, 3, 1, 7, 3],
    [0, 9, 1, 1, 2, 1],
    [1, 9, 0, 6, 5, 0],
    [5, 5, 6, 3, 2, 2],
    [7, 7, 4, 1, 1, 2],
    [3, 24, 3, 4, 3, 2],
    [6, 19, 6, 7, 2, 2],
    [1, 3, 2, 2, 2, 0],
    [3, 0, 0, 1, 0, 2],
    [1, 5, 2, 3, 1, 1],
    [1, 12, 5, 2, 3, 0],
    [1, 9, 0, 1, 0, 1],
    [4, 10, 4, 3, 1, 2],
    [11, 82, 8, 13, 8, 6],
    [6, 7, 2, 1, 2, 0],
    [3, 37, 8, 6, 6, 3],
    [5, 28, 9, 3, 9, 1],
    [0, 13, 1, 1, 3, 0],
    [2, 24, 3, 1, 4, 3],
    [12, 155, 33, 7, 22, 8],
    [10, 104, 22, 18, 21, 12],
    [15, 130, 19, 4, 19, 13],
    [8, 149, 24, 5, 14, 20],
    [8, 121, 26, 4, 17, 16],
    [19, 177, 35, 2, 17, 11],
    [17, 189, 32, 10, 30, 19],
    [7, 139, 34, 8, 30, 14],
    [1, 4, 2, 0, 0, 1],
    [0, 5, 3, 0, 2, 0],
    [3, 17, 5, 1, 4, 3],
    [7, 76, 23, 3, 10, 6],
    [18, 293, 55, 14, 33, 25],
    [29, 336, 55, 18, 50, 22],
    [5, 74, 22, 2, 15, 5],
    [21, 254, 23, 7, 27, 16],
    [0, 14, 3, 2, 3, 0],
    [0, 5, 1, 0, 0, 0],
    [11, 21, 7, 18, 10, 6],
    [2, 38, 7, 4, 7, 2],
    [0, 31, 4, 3, 8, 5],
    [15, 159, 24, 12, 26, 14],
    [7, 131, 21, 8, 22, 15],
    [2, 6, 1, 2, 1, 0],
    [6, 23, 4, 7, 3, 3],
    [27, 81, 14, 9, 2, 6],
    [25, 42, 6, 2, 5, 6],
    [6, 23, 11, 5, 2, 2],
    [1, 8, 0, 1, 3, 1],
    [6, 15, 4, 2, 1, 4],
    [5, 61, 11, 5, 11, 6],
    [7, 36, 8, 3, 4, 0],
    [18, 59, 11, 15, 10, 6],
    [2, 32, 8, 3, 7, 5],
    [0, 2, 2, 0, 2, 0],
    [0, 11, 1, 1, 1, 1],
    [1, 10, 0, 2, 4, 0],
    [7, 62, 12, 6, 7, 8],
    [1, 5, 5, 1, 1, 2],
    [4, 50, 7, 4, 2, 4],
    [4, 17, 9, 8, 4, 3],
    [6, 40, 11, 6, 7, 6],
    [7, 42, 3, 4, 1, 4],
    [6, 18, 1, 6, 1, 5],
    [16, 113, 18, 8, 22, 18],
    [5, 42, 4, 9, 5, 2],
    [6, 20, 6, 16, 3, 2],
    [1, 17, 2, 4, 11, 1],
    [7, 67, 8, 10, 17, 5],
    [2, 24, 6, 2, 2, 4],
    [6, 56, 17, 3, 14, 8],
    [15, 180, 40, 6, 16, 16],
    [0, 23, 3, 6, 2, 5],
    [3, 18, 0, 7, 1, 1],
    [6, 70, 33, 8, 5, 8],
    [2, 7, 1, 7, 2, 1],
    [2, 7, 0, 7, 0, 1],
    [3, 10, 2, 0, 0, 1],
    [4, 10, 7, 0, 3, 3],
    [4, 29, 0, 2, 4, 4],
    [2, 8, 1, 1, 0, 1],
    [3, 5, 1, 1, 1, 2],
    [0, 7, 2, 0, 1, 0],
    [1, 5, 2, 1, 1, 0],
    [7, 19, 5, 3, 1, 3],
    [2, 13, 5, 2, 1, 0],
    [2, 8, 2, 0, 3, 3],
    [2, 9, 3, 1, 1, 1],
    [7, 15, 1, 2, 1, 3],
    [3, 11, 1, 8, 2, 0],
    [2, 2, 2, 7, 2, 0],
    [3, 5, 4, 6, 3, 1],
    [2, 6, 0, 1, 0, 0],
    [0, 3, 0, 1, 2, 0],
    [0, 6, 1, 4, 0, 0],
    [1, 17, 1, 2, 3, 3],
    [1, 7, 3, 2, 2, 0],
    [0, 8, 2, 0, 5, 1],
    [0, 24, 3, 0, 3, 0],
    [0, 5, 1, 0, 0, 0],
    [0, 4, 0, 3, 0, 0],
    [0, 4, 0, 2, 0, 0],
    [3, 33, 10, 0, 8, 5],
    [2, 37, 9, 0, 7, 4],
    [1, 10, 2, 3, 2, 0],
    [1, 2, 1, 6, 4, 0],
    [1, 5, 1, 0, 1, 0],
    [0, 1, 0, 7, 0, 0],
    [0, 1, 2, 4, 0, 1],
    [0, 2, 0, 2, 1, 1],
    [0, 3, 3, 1, 0, 3],
    [0, 4, 0, 1, 0, 1],
    [0, 9, 1, 5, 3, 1],
    [3, 6, 1, 2, 2, 1],
    [1, 4, 0, 2, 1, 1],
    [5, 3, 0, 0, 2, 1],
    [1, 4, 0, 5, 0, 2],
    [2, 6, 0, 3, 4, 4],
    [2, 5, 0, 0, 0, 0],
    [1, 5, 2, 3, 0, 1],
    [6, 7, 7, 2, 1, 2],
    [1, 6, 4, 0, 0, 0],
    [1, 4, 1, 1, 0, 0],
    [0, 4, 0, 5, 2, 4],
    [1, 8, 3, 4, 1, 1],
    [2, 7, 4, 0, 2, 0],
    [3, 11, 1, 0, 2, 0],
    [3, 14, 0, 7, 3, 3],
    [1, 5, 1, 6, 3, 0],
    [2, 5, 3, 1, 1, 0],
    [3, 6, 1, 3, 5, 0],
    [1, 0, 3, 0, 0, 2],
    [2, 10, 0, 2, 0, 1],
    [6, 39, 4, 5, 11, 7],
    [5, 19, 4, 4, 5, 2],
    [3, 16, 1, 8, 10, 2],
    [3, 12, 2, 4, 1, 2],
    [2, 39, 3, 4, 8, 5],
    [2, 18, 4, 2, 3, 1],
    [2, 21, 4, 1, 2, 1],
    [2, 10, 2, 0, 2, 1],
    [2, 24, 2, 2, 7, 3],
    [3, 29, 2, 6, 5, 2],
    [2, 5, 0, 1, 2, 1],
    [1, 14, 0, 3, 4, 1],
    [3, 34, 5, 3, 8, 5],
    [2, 28, 3, 1, 1, 0],
    [4, 33, 5, 0, 2, 9],
    [2, 17, 0, 0, 3, 1],
    [4, 33, 3, 1, 5, 2],
    [3, 37, 11, 0, 10, 6],
    [3, 50, 13, 3, 8, 5],
    [4, 20, 4, 0, 4, 1],
    [2, 23, 13, 0, 1, 3],
    [0, 17, 1, 1, 3, 2],
    [2, 30, 10, 0, 3, 3],
    [4, 37, 9, 6, 12, 10],
    [8, 47, 8, 6, 6, 4],
    [2, 24, 6, 7, 5, 3],
    [1, 19, 7, 3, 0, 3],
    [2, 18, 2, 4, 5, 2],
    [3, 46, 11, 0, 6, 2],
    [2, 36, 3, 1, 5, 3],
    [1, 32, 7, 4, 4, 3],
    [0, 38, 8, 1, 3, 3],
    [0, 26, 2, 1, 5, 1],
    [2, 15, 3, 2, 4, 7],
    [0, 28, 1, 3, 5, 2],
    [1, 25, 1, 1, 0, 2],
    [4, 22, 4, 0, 2, 2],
    [5, 29, 4, 2, 4, 0],
    [0, 21, 4, 0, 3, 1],
    [0, 42, 5, 1, 9, 2],
    [0, 28, 4, 1, 2, 3],
    [2, 48, 6, 1, 12, 0],
    [4, 45, 6, 2, 5, 3],
    [1, 50, 9, 1, 7, 3],
    [5, 51, 5, 1, 6, 0],
    [1, 19, 3, 0, 0, 1],
    [2, 11, 2, 0, 3, 0],
    [3, 27, 9, 5, 10, 3],
    [2, 8, 4, 2, 1, 3],
    [2, 15, 8, 0, 10, 4],
    [4, 28, 18, 2, 3, 1],
    [1, 13, 3, 1, 2, 0],
    [1, 14, 5, 5, 4, 1],
    [0, 20, 10, 1, 11, 5],
    [1, 39, 11, 5, 11, 4],
    [0, 19, 3, 1, 7, 3],
    [4, 43, 11, 9, 13, 3],
    [1, 23, 5, 3, 5, 1],
    [0, 33, 13, 1, 5, 4],
    [5, 82, 10, 2, 13, 8],
    [2, 135, 21, 4, 14, 7],
    [0, 24, 2, 1, 4, 4],
    [3, 33, 7, 8, 6, 5],
    [4, 40, 6, 6, 2, 6],
    [4, 61, 10, 1, 16, 5],
    [4, 28, 5, 2, 3, 2],
    [7, 79, 12, 4, 13, 8],
    [0, 20, 2, 2, 4, 5],
    [3, 56, 5, 2, 11, 2],
    [8, 60, 6, 3, 12, 7],
    [7, 111, 19, 4, 15, 10],
    [3, 66, 11, 4, 11, 0],
    [5, 60, 10, 6, 11, 13],
    [3, 30, 7, 4, 10, 1],
    [9, 103, 16, 8, 26, 5],
    [1, 6, 1, 1, 0, 0],
    [0, 11, 3, 5, 5, 0],
    [0, 3, 0, 2, 1, 0],
    [1, 12, 0, 2, 2, 2],
    [0, 4, 1, 1, 0, 0],
    [5, 40, 9, 5, 6, 2],
    [2, 17, 6, 6, 2, 2],
    [5, 25, 3, 4, 4, 3],
    [0, 28, 5, 1, 5, 1],
    [4, 21, 4, 2, 7, 0],
    [4, 12, 1, 0, 1, 0],
    [2, 14, 2, 3, 2, 3],
    [0, 15, 6, 2, 2, 2],
    [0, 10, 2, 0, 1, 1],
    [2, 33, 2, 4, 3, 3],
    [1, 56, 4, 4, 14, 4],
    [1, 32, 5, 2, 2, 2],
    [1, 31, 9, 4, 7, 1],
    [1, 10, 1, 0, 2, 0],
    [2, 35, 4, 1, 7, 5],
    [1, 8, 4, 3, 1, 0],
    [3, 39, 5, 2, 6, 5],
    [7, 26, 8, 6, 0, 2],
    [1, 5, 1, 0, 0, 0],
    [2, 8, 3, 1, 0, 1],
    [2, 5, 0, 2, 0, 1],
    [4, 14, 4, 4, 1, 0],
    [3, 6, 1, 3, 0, 1],
    [10, 15, 6, 3, 5, 2],
    [1, 16, 1, 2, 0, 1],
    [2, 9, 3, 2, 2, 1],
    [0, 4, 2, 2, 0, 0],
    [1, 6, 5, 2, 0, 1],
    [9, 12, 2, 4, 4, 2],
    [3, 7, 2, 2, 0, 0],
    [0, 10, 2, 2, 0, 2],
    [2, 5, 0, 2, 2, 1],
    [1, 4, 0, 3, 2, 4],
    [3, 16, 2, 5, 5, 2],
    [0, 11, 4, 1, 0, 3],
    [3, 7, 3, 5, 2, 1],
    [5, 6, 1, 2, 1, 1],
    [2, 6, 0, 0, 1, 1],
    [6, 15, 1, 1, 2, 3],
    [5, 9, 3, 4, 2, 1],
    [2, 18, 5, 1, 0, 1],
    [1, 2, 0, 2, 1, 0],
    [2, 9, 5, 1, 1, 2],
    [0, 5, 2, 2, 6, 2],
    [1, 3, 0, 2, 1, 0],
    [1, 5, 0, 0, 1, 0],
    [0, 6, 1, 3, 5, 1],
    [1, 3, 1, 0, 2, 1],
    [2, 8, 5, 1, 1, 2],
    [0, 8, 1, 1, 0, 0],
    [1, 5, 1, 1, 2, 0],
    [0, 7, 2, 0, 0, 2],
    [2, 4, 0, 0, 0, 0],
    [0, 5, 2, 0, 2, 0],
    [1, 19, 3, 1, 3, 1],
    [0, 6, 0, 0, 1, 2],
    [3, 13, 2, 4, 2, 3],
    [2, 7, 3, 2, 3, 1],
    [4, 9, 3, 3, 2, 3],
    [3, 6, 2, 1, 3, 5],
    [2, 11, 2, 0, 0, 4],
    [4, 29, 3, 1, 3, 4],
    [2, 2, 1, 1, 0, 1],
    [1, 11, 1, 2, 3, 4],
    [0, 13, 0, 1, 4, 1],
    [0, 2, 0, 2, 1, 3],
    [1, 11, 4, 3, 5, 3],
    [1, 10, 1, 0, 1, 0],
    [3, 8, 1, 4, 3, 3],
    [3, 19, 4, 8, 5, 2],
    [0, 6, 1, 0, 2, 1],
    [1, 17, 1, 1, 2, 3],
    [0, 10, 3, 2, 2, 0],
    [2, 22, 5, 3, 2, 3],
    [2, 26, 2, 4, 3, 1],
    [1, 10, 0, 0, 2, 1],
    [3, 20, 2, 2, 1, 2],
    [2, 16, 0, 4, 6, 2],
    [1, 3, 1, 1, 1, 0],
    [0, 2, 0, 4, 2, 0],
    [2, 5, 0, 0, 0, 0],
    [0, 2, 1, 1, 4, 1],
    [1, 0, 0, 4, 1, 0],
    [0, 11, 2, 1, 0, 1],
    [1, 8, 3, 5, 3, 1],
    [0, 2, 0, 4, 0, 1],
    [0, 7, 2, 1, 1, 1],
    [1, 15, 0, 3, 3, 3],
    [2, 10, 4, 1, 5, 3],
    [2, 11, 0, 3, 2, 0],
    [1, 4, 1, 2, 2, 0],
    [0, 12, 1, 3, 4, 0],
    [1, 19, 3, 2, 6, 3],
    [0, 11, 0, 1, 0, 0],
    [1, 3, 0, 0, 4, 1],
    [0, 8, 1, 1, 3, 2],
    [2, 76, 7, 14, 24, 9],
    [2, 24, 3, 6, 9, 0],
    [1, 4, 0, 1, 1, 0],
    [1, 11, 1, 1, 0, 2],
    [5, 46, 11, 0, 7, 2],
    [0, 12, 2, 2, 4, 1],
    [1, 3, 1, 1, 1, 1],
    [1, 39, 9, 2, 5, 0],
    [0, 5, 1, 1, 1, 0],
    [0, 4, 1, 2, 3, 0],
    [0, 3, 0, 2, 0, 3],
    [0, 11, 0, 3, 0, 0],
    [1, 8, 4, 4, 2, 1],
    [2, 8, 0, 3, 2, 0],
    [14, 50, 13, 5, 3, 6],
    [1, 10, 6, 3, 1, 0],
    [0, 6, 0, 4, 1, 0],
    [2, 3, 0, 2, 0, 2],
    [0, 13, 2, 4, 3, 0],
    [43, 161, 39, 20, 12, 19],
    [179, 1189, 224, 71, 147, 167],
    [100, 1036, 166, 124, 169, 121],
    [8, 52, 11, 20, 12, 7]
  ],
  "method": "mult",
  "cond_prob": [
    [
      [0.74584208308, 0.094557827056, 0.15873536767, 0.00086472220256],
      [0.14314240704, 0.13381741493, 0.71262003942, 0.01042013861],
      [0.084966267929, 0.64169399516, 0.27306770472, 0.00027203218473],
      [0.30228696331, 0.56838386994, 0.10761222909, 0.021716937652],
      [0.11347901806, 0.38186445068, 0.46641964198, 0.038236889277],
      [0.16009445391, 0.52274876394, 0.2843488707, 0.032807911446]
    ],
    [
      [0.80793427616, 0.08879712652, 0.10247678797, 0.00079180934192],
      [0.27641856552, 0.17045053208, 0.54140979969, 0.011721102705],
      [0.10660606741, 0.69143764949, 0.20167103501, 0.00028524808683],
      [0.34590452684, 0.56037512888, 0.072853561501, 0.020866782778],
      [0.1518024919, 0.43849758968, 0.3668430145, 0.042856903916],
      [0.1990097415, 0.55848849219, 0.20831668249, 0.034185083818]
    ],
    [
      [0.76850192606, 0.1003350553, 0.13116301865, 0],
      [0.19046377932, 0.17770395461, 0.63183226608, 0],
      [0.088910845761, 0.68430330912, 0.22678584512, 0],
      [0.31190394332, 0.59950425047, 0.088591806204, 0],
      [0.13007572009, 0.44663654941, 0.4232877305, 0],
      [0.1741181539, 0.58021053222, 0.24567131388, 0]
    ],
    [
      [0.77439080191, 0.079709891267, 0.14465371959, 0.001245587233],
      [0.17443329401, 0.11483333383, 0.6944954543, 0.016237917862],
      [0.096693432576, 0.621076603, 0.2817867818, 0.00044318261666],
      [0.33320250787, 0.52611924665, 0.10635903602, 0.034319209462],
      [0.12411122826, 0.35221661991, 0.46260521242, 0.061066939414],
      [0.17667625564, 0.48717069526, 0.28357666401, 0.052576385092]
    ],
    [
      [0.77213428287, 0.098224703392, 0.12833476806, 0.0013062456797],
      [0.18562284333, 0.17549230825, 0.62052860523, 0.018356243185],
      [0.088317948103, 0.68685475696, 0.22441002112, 0.00041727382517],
      [0.30201470072, 0.58107059603, 0.084609783838, 0.032304919409],
      [0.12195134628, 0.41948084582, 0.39652715437, 0.062040653528],
      [0.16510632415, 0.55248484181, 0.23155941152, 0.050849422525]
    ],
    [
      [0.74379238829, 0.092123323391, 0.16040316441, 0.0036811239147],
      [0.12553944614, 0.12619972976, 0.70146307508, 0.046797749023],
      [0.081791159806, 0.64030759174, 0.2767439412, 0.0011573072627],
      [0.27707311433, 0.53169403861, 0.10227161801, 0.088961229053],
      [0.096768880213, 0.33317187815, 0.42007309205, 0.14998614959],
      [0.13988703448, 0.46886139776, 0.26059463182, 0.13065693594]
    ],
    [
      [0.75362078502, 0.087107226662, 0.15711738336, 0.002154604958],
      [0.14432766897, 0.12022880436, 0.70843516093, 0.02700836575],
      [0.089295856545, 0.62630405426, 0.28368930744, 0.0007107817551],
      [0.3059989171, 0.53192369681, 0.10728291905, 0.054794467038],
      [0.110854812, 0.34462428972, 0.45079484332, 0.09372605496],
      [0.15899927694, 0.4805013417, 0.27891336569, 0.081586015671]
    ],
    [
      [0.82897434369, 0.042503864016, 0.12783855588, 0.00068323641128],
      [0.25547911992, 0.025521621251, 0.71187981001, 0.0071194488209],
      [0.15459766311, 0.48048219021, 0.3645640829, 0.00035606378236],
      [0.48040239759, 0.36995179086, 0.12489504751, 0.024750764039],
      [0.17728807899, 0.24473448647, 0.53497465027, 0.043002784266],
      [0.26391609799, 0.35368651224, 0.34350263615, 0.038894753628]
    ],
    [
      [0.75114350725, 0.091125765418, 0.15773072733, 0],
      [0.12284815356, 0.11322777515, 0.76392407129, 0],
      [0.063667940447, 0.66705934893, 0.26927271063, 0],
      [0.26389718553, 0.62423758469, 0.11186522978, 0],
      [0.091862408278, 0.40441936031, 0.50371823141, 0],
      [0.13196435678, 0.56760316514, 0.30043247808, 0]
    ],
    [
      [0.78600642834, 0.12063756721, 0.093356004448, 0],
      [0.20024048066, 0.27983753671, 0.51992198263, 0],
      [0.070820467905, 0.78508848628, 0.14409104581, 0],
      [0.26044092155, 0.68349304139, 0.056066037056, 0],
      [0.11961862721, 0.56733148431, 0.31304988848, 0],
      [0.14799366528, 0.68763650627, 0.16436982845, 0]
    ],
    [
      [0.7594238227, 0.08779900534, 0.15070800347, 0.0020691684889],
      [0.16922489006, 0.13216486907, 0.6719622379, 0.026648002973],
      [0.094221628418, 0.62839643782, 0.27668474997, 0.00069718379317],
      [0.31572993144, 0.52858606221, 0.10373244629, 0.051951560066],
      [0.11773496945, 0.35264206404, 0.44027957902, 0.089343387493],
      [0.16695782105, 0.48411621239, 0.27145127783, 0.077474688728]
    ],
    [
      [0.76668344378, 0.13114380066, 0.10088306949, 0.0012896860694],
      [0.1826965193, 0.28541297416, 0.51143127837, 0.020459228167],
      [0.069566020823, 0.78212390493, 0.14796494492, 0.00034512932539],
      [0.24591815796, 0.67030555301, 0.056607953804, 0.027168335227],
      [0.10901813926, 0.53620812715, 0.2966368449, 0.058136888691],
      [0.13742100394, 0.65796859449, 0.16040543747, 0.044204964103]
    ],
    [
      [0.90203538724, 0.037157968103, 0.05895850876, 0.0018481358999],
      [0.30291643977, 0.10937774658, 0.5399321271, 0.047773686543],
      [0.16234213019, 0.61684074688, 0.21957500281, 0.001242120115],
      [0.4652529832, 0.39313902292, 0.062894417112, 0.078713576771],
      [0.19150648786, 0.30003862515, 0.33353139903, 0.17492348796],
      [0.26314395294, 0.40554326066, 0.19107863809, 0.14023414831]
    ],
    [
      [0.75683608809, 0.087163461521, 0.15180168822, 0.0041987621744],
      [0.1292750822, 0.12455810844, 0.69108865461, 0.055078154746],
      [0.078748749959, 0.64867845894, 0.27121412208, 0.0013586690264],
      [0.27014859297, 0.52781522222, 0.098131619754, 0.10390456505],
      [0.091759322853, 0.32498444584, 0.40792214035, 0.17533409096],
      [0.13361484188, 0.46250453779, 0.25120690998, 0.15267371035]
    ],
    [
      [0.78501434935, 0.088840313691, 0.12614533695, 0],
      [0.17981406105, 0.15703241608, 0.66315352287, 0],
      [0.099956350568, 0.66971783055, 0.23032581888, 0],
      [0.3214669582, 0.58806929133, 0.090463750471, 0],
      [0.1293542024, 0.42642592299, 0.44421987461, 0],
      [0.17650528259, 0.56763482392, 0.25585989349, 0]
    ],
    [
      [0.61206697894, 0.25177391106, 0.13615911, 0],
      [0.13911581726, 0.22229769093, 0.6385864918, 0],
      [0.054154856278, 0.76727232504, 0.17857281868, 0],
      [0.20964504918, 0.71633540954, 0.074019541284, 0],
      [0.087967978519, 0.53555528008, 0.3764767414, 0],
      [0.11374398689, 0.68025939814, 0.20599661497, 0]
    ],
    [
      [0.85022667233, 0.076699955118, 0.073073372557, 0],
      [0.31187035003, 0.20039677527, 0.4877328747, 0],
      [0.12224265633, 0.71104312018, 0.16671422349, 0],
      [0.38959390229, 0.55256946618, 0.057836631523, 0],
      [0.18892226574, 0.48129664895, 0.32978108531, 0],
      [0.23628060342, 0.58654017804, 0.17717921854, 0]
    ],
    [
      [0.68585786565, 0.12990663232, 0.18223466096, 0.002000841073],
      [0.08473395323, 0.18845249846, 0.70430374523, 0.022509803075],
      [0.058802868893, 0.69703058332, 0.24367880708, 0.00048774070718],
      [0.21957085341, 0.63961884039, 0.099487756261, 0.041322549939],
      [0.080348968481, 0.41985417224, 0.42702696125, 0.072769898035],
      [0.11219828529, 0.57036950404, 0.25613990805, 0.061292302625]
    ],
    [
      [0.62070314094, 0.16881004711, 0.21048681195, 0],
      [0, 0.24529594071, 0.75470405929, 0],
      [0.0068963657188, 0.77952176516, 0.21358186912, 0],
      [0.13542045582, 0.76913945291, 0.095440091269, 0],
      [0.047331607992, 0.49898984731, 0.4536785447, 0],
      [0.065497042216, 0.67994568343, 0.25455727436, 0]
    ],
    [
      [0.56841209176, 0.19482587296, 0.18861961101, 0.04814242427],
      [0.059227606845, 0.083107104417, 0.78785704999, 0.069808238744],
      [0.044566683885, 0.73174198103, 0.22147630394, 0.0022150311471],
      [0.15866692364, 0.56105806487, 0.068183799194, 0.21209121229],
      [0.041956903225, 0.25293945797, 0.33686315413, 0.36824048467],
      [0.068048400542, 0.42723215812, 0.18297868389, 0.32174075745]
    ],
    [
      [0.71480324022, 0.15518823902, 0.13000852076, 0],
      [0.094393300737, 0.33963019953, 0.56597649973, 0],
      [0.044590255442, 0.79935938117, 0.15605036339, 0],
      [0.18346826774, 0.75172790348, 0.064803828781, 0],
      [0.076310562857, 0.57427767518, 0.34941176196, 0],
      [0.097334379146, 0.71848061535, 0.18418500551, 0]
    ],
    [
      [0.82970414624, 0.080892665039, 0.084805068993, 0.0045981197314],
      [0.22393340487, 0.18562372666, 0.50586308798, 0.084579780488],
      [0.10164680774, 0.71531184867, 0.1812580475, 0.0017832960957],
      [0.30783205053, 0.51201550147, 0.057790974987, 0.12236147302],
      [0.11973228519, 0.36367745627, 0.27432189592, 0.24226836263],
      [0.16311578195, 0.4826466378, 0.15849314762, 0.19574443263]
    ],
    [
      [0.73796026283, 0.11704253422, 0.13941043364, 0.0055867693118],
      [0.10940793083, 0.19001871733, 0.62334541529, 0.077227936543],
      [0.05026558898, 0.76277134745, 0.18562538993, 0.0013376736458],
      [0.18666801112, 0.62668856736, 0.069735504672, 0.11690791685],
      [0.065598561237, 0.39108731594, 0.31375869229, 0.22955543053],
      [0.090700348548, 0.54610044247, 0.18074532404, 0.18245388495]
    ],
    [
      [0.80207214836, 0.099952982983, 0.095299087748, 0.0026757809132],
      [0.21412649097, 0.23137398844, 0.5113307281, 0.043168792489],
      [0.087645482627, 0.74036650844, 0.17111763485, 0.00087037407735],
      [0.28800407756, 0.58566359246, 0.060142819063, 0.066189510908],
      [0.12000385546, 0.43887310423, 0.30251061024, 0.13861243006],
      [0.15792423912, 0.56455913412, 0.16904338058, 0.10847324618]
    ],
    [
      [0.72845733919, 0.1164815394, 0.15452511797, 0.00053600343521],
      [0.14890700116, 0.18258463769, 0.66180290835, 0.0067054528038],
      [0.073830670291, 0.69221141179, 0.23380922938, 0.00014868854586],
      [0.26724846781, 0.62641287791, 0.094329611574, 0.012009042709],
      [0.10595116413, 0.44420553178, 0.42772925389, 0.022114050194],
      [0.14401840286, 0.58534330247, 0.25229873348, 0.018339561193]
    ],
    [
      [0.85250920889, 0.036773575714, 0.10302560489, 0.0076916105142],
      [0.2763835361, 0.023314206444, 0.57517969629, 0.12512256117],
      [0.1627255615, 0.50813263064, 0.32477368165, 0.0043681262064],
      [0.38416486144, 0.28500148841, 0.081480143403, 0.24935350674],
      [0.12032200478, 0.15744617546, 0.31228049498, 0.40995132479],
      [0.18563596892, 0.2411294677, 0.20313065504, 0.37010390834]
    ],
    [
      [0.68929265753, 0.14392278753, 0.16441197938, 0.0023725755539],
      [0.11918465955, 0.22154165083, 0.63183971854, 0.027433971079],
      [0.057160279753, 0.73185196889, 0.21043224426, 0.00055550710107],
      [0.20903622631, 0.66085885579, 0.084698505826, 0.045406412066],
      [0.08058352457, 0.45780850463, 0.37879538963, 0.082812581162],
      [0.1090962936, 0.60145688101, 0.22142438297, 0.068022442414]
    ],
    [
      [0.82182900026, 0.070059110745, 0.10720827642, 0.00090361256859],
      [0.24965774725, 0.1276493846, 0.60877557805, 0.013917290099],
      [0.12051853626, 0.63524154454, 0.24386421268, 0.00037570652493],
      [0.38597933351, 0.5013047885, 0.085760067774, 0.026955810209],
      [0.15995633467, 0.37331850639, 0.41364995098, 0.053075207958],
      [0.2182262366, 0.49456685369, 0.24333475631, 0.043872153404]
    ],
    [
      [0.85061676089, 0.072415772101, 0.074973079245, 0.0019943877628],
      [0.24098153268, 0.18987134077, 0.52749599777, 0.041651128785],
      [0.10262229471, 0.72545073134, 0.1711016513, 0.00082532265083],
      [0.33731870732, 0.54456078523, 0.057844603017, 0.060275904431],
      [0.14243302439, 0.42055368447, 0.30453525823, 0.13247803291],
      [0.18676702984, 0.54237386176, 0.16840978722, 0.10244932118]
    ],
    [
      [0.73928344425, 0.11921048128, 0.13640030961, 0.0051057648574],
      [0.14120511396, 0.19995829592, 0.5899113029, 0.068925287218],
      [0.068436008802, 0.72661513678, 0.20355849069, 0.0013903637268],
      [0.22982677841, 0.59155558023, 0.074060638972, 0.10455700239],
      [0.085882179284, 0.39813203228, 0.32671283521, 0.18927295323],
      [0.11794895149, 0.53288360525, 0.19258021973, 0.15658722352]
    ],
    [
      [0.77069161311, 0.10158224603, 0.12466983811, 0.0030563027572],
      [0.18624102466, 0.18141497289, 0.58884117967, 0.043502822785],
      [0.090866279044, 0.69067460899, 0.2174806735, 0.00097843846405],
      [0.29277348296, 0.55866852072, 0.078399064384, 0.070158931934],
      [0.1167150976, 0.39846066454, 0.35576304109, 0.12906119676],
      [0.15857601057, 0.5240769861, 0.21014206413, 0.1072049392]
    ],
    [
      [0.69344076132, 0.11530979801, 0.18780162853, 0.0034478121412],
      [0.11554528794, 0.14632108653, 0.70027191594, 0.0378617096],
      [0.068195959962, 0.6567039312, 0.27417670341, 0.00092340543579],
      [0.24009296958, 0.57973693603, 0.10784023555, 0.072329858847],
      [0.084484545453, 0.36514770272, 0.43275965599, 0.11760809583],
      [0.12106020128, 0.50655466077, 0.26939499722, 0.10299014073]
    ],
    [
      [0.81812287912, 0.065226459346, 0.11479101854, 0.0018596429996],
      [0.23713282868, 0.11444241896, 0.61975034981, 0.028674402559],
      [0.12987125553, 0.59929569, 0.27003039891, 0.00080265556253],
      [0.39564577099, 0.4579436378, 0.091974984265, 0.054435606939],
      [0.15737403935, 0.32580060148, 0.4168097339, 0.10001562527],
      [0.22004964606, 0.44119111966, 0.25328667592, 0.085472558365]
    ],
    [
      [0.73015191972, 0.092654290435, 0.17188570635, 0.0053080834895],
      [0.13928028445, 0.12042291533, 0.67784370884, 0.062453091379],
      [0.084431094305, 0.61933277359, 0.29456683215, 0.0016692999515],
      [0.27246331326, 0.50141373168, 0.10629031392, 0.11983264115],
      [0.092876394171, 0.30585924538, 0.41267714155, 0.18858721889],
      [0.13585449557, 0.43313333159, 0.26238331046, 0.16862886238]
    ],
    [
      [0.74382756732, 0.095145323678, 0.15999903666, 0.0010280723419],
      [0.15781988195, 0.1377336071, 0.69185541143, 0.012591099516],
      [0.086069845585, 0.63850221687, 0.27510362029, 0.0003243172581],
      [0.30300765761, 0.56340832694, 0.10818189686, 0.025402118589],
      [0.11379454393, 0.37880154231, 0.46329674064, 0.044107173115],
      [0.16055124271, 0.51742211158, 0.2840022886, 0.038024357116]
    ],
    [
      [0.74257600141, 0.095398690519, 0.1608471433, 0.0011781647713],
      [0.15584676334, 0.13960645882, 0.68995491274, 0.0145918651],
      [0.086261293733, 0.63752306585, 0.27584480888, 0.00037083153757],
      [0.30206634526, 0.56085958609, 0.10815948893, 0.028914579722],
      [0.11319926581, 0.37585054345, 0.46098483868, 0.049965352063],
      [0.15986485203, 0.51387235936, 0.28311410694, 0.043148681671]
    ],
    [
      [0.70816394146, 0.13112039795, 0.15952643803, 0.0011892225648],
      [0.13804128881, 0.20404312893, 0.64365620818, 0.014259374077],
      [0.066892166982, 0.71063007845, 0.22217373812, 0.00030401644923],
      [0.2413217213, 0.64449455182, 0.089793447964, 0.024390278908],
      [0.095503389532, 0.45613953541, 0.40392391849, 0.044433156568],
      [0.12908111414, 0.59671093556, 0.23746397645, 0.036743973858]
    ],
    [
      [0.70681848749, 0.12863729871, 0.16335505713, 0.001189156666],
      [0.13801727967, 0.19709147456, 0.65099767719, 0.01389356858],
      [0.066959379887, 0.70341148531, 0.22932278333, 0.00030635146945],
      [0.24266455827, 0.63972335667, 0.092932089926, 0.024679995139],
      [0.09478487716, 0.44731607768, 0.41342115048, 0.044477894682],
      [0.12902764404, 0.58932601862, 0.24462654312, 0.037019794227]
    ],
    [
      [0.85183570035, 0.046735156034, 0.10142914361, 0],
      [0.18964852652, 0.05170288378, 0.7586485897, 0],
      [0.096203836524, 0.62400786232, 0.27978830115, 0],
      [0.37941291094, 0.51680676536, 0.1037803237, 0],
      [0.13575715386, 0.34298216245, 0.52126068369, 0],
      [0.19716252052, 0.4984375842, 0.30439989528, 0]
    ],
    [
      [0.90760397526, 0.032964808909, 0.059431215834, 0],
      [0.25125739563, 0.08205603939, 0.66668656498, 0],
      [0.1270871669, 0.62362381575, 0.24928901735, 0],
      [0.45841202239, 0.45962024371, 0.081967733898, 0],
      [0.18122576058, 0.3594241779, 0.45935006152, 0],
      [0.25278255838, 0.48771660995, 0.25950083167, 0]
    ],
    [
      [0.83005495709, 0.074934509453, 0.093589357566, 0.0014211758942],
      [0.255741721, 0.15879787286, 0.56167909526, 0.023781310885],
      [0.11371670877, 0.67775639696, 0.20795165055, 0.00057524371784],
      [0.36301703571, 0.52397505652, 0.071668069441, 0.04133983833],
      [0.1537585151, 0.40041500205, 0.36039991056, 0.085426572291],
      [0.20519707726, 0.52040519451, 0.2058871145, 0.068510613728]
    ],
    [
      [0.74274034708, 0.10178638854, 0.15488196584, 0.00059129853799],
      [0.15735777447, 0.15691340836, 0.67836077619, 0.0073680409771],
      [0.081997966468, 0.66119176629, 0.25663065638, 0.00017961085986],
      [0.29323222844, 0.590325137, 0.10211239437, 0.014330240186],
      [0.11331906092, 0.40886118407, 0.45202530453, 0.025794450477],
      [0.15713103124, 0.54917972808, 0.27188532054, 0.021803920145]
    ],
    [
      [0.74928601595, 0.10401367049, 0.14498864081, 0.0017116727507],
      [0.16770750712, 0.16798702108, 0.64203419334, 0.022271278468],
      [0.084961884765, 0.67296212851, 0.24155239376, 0.00052359296664],
      [0.28984645678, 0.57799768503, 0.092446579563, 0.039709278621],
      [0.11345206723, 0.40450509586, 0.41063942943, 0.071403407478],
      [0.15599519407, 0.53816015735, 0.24573803503, 0.060106613548]
    ],
    [
      [0.75420585511, 0.1066533597, 0.13616476557, 0.0029760196272],
      [0.17130987702, 0.17933071042, 0.60918295588, 0.040176456679],
      [0.085384547196, 0.68756252068, 0.22614534138, 0.00090759074032],
      [0.28073605816, 0.56947139567, 0.083462005665, 0.066330540508],
      [0.11010665192, 0.39923800128, 0.3712500652, 0.1194052816],
      [0.15059908114, 0.52834591108, 0.22104252202, 0.10001248576]
    ],
    [
      [0.7316674625, 0.12244444062, 0.14298886599, 0.0028992308933],
      [0.15052448996, 0.2054754289, 0.60696187263, 0.037038208508],
      [0.072348385447, 0.71415744937, 0.21270351646, 0.00079064871813],
      [0.24796300571, 0.61062598577, 0.081053276167, 0.060357732349],
      [0.097119757258, 0.42889608454, 0.36388612219, 0.11009803601],
      [0.13169271601, 0.56328778657, 0.21400026954, 0.091019227874]
    ],
    [
      [0.79310935948, 0.088970772433, 0.116756462, 0.0011634060834],
      [0.21532288955, 0.16654552898, 0.60061922017, 0.017512361299],
      [0.10423150238, 0.66958055235, 0.22577492692, 0.00041301834766],
      [0.33933528143, 0.54834770158, 0.082412409297, 0.029904607693],
      [0.14181207282, 0.40961073179, 0.39110274419, 0.057474451193],
      [0.19069325083, 0.53317331532, 0.22883425608, 0.047299177771]
    ],
    [
      [0.80286336844, 0.096021949464, 0.1011146821, 0],
      [0.19793915757, 0.21741815753, 0.5846426849, 0],
      [0.081429903028, 0.73436242233, 0.18420767465, 0],
      [0.29902845636, 0.63029336357, 0.070678180074, 0],
      [0.12883505739, 0.49749060016, 0.37367434246, 0],
      [0.16676070409, 0.62827018191, 0.204969114, 0]
    ],
    [
      [0.923981737, 0.040187604054, 0.035830658945, 0],
      [0.18968200614, 0.23356960069, 0.57674839316, 0],
      [0.051589969275, 0.83215199653, 0.11625803419, 0],
      [0.25458988046, 0.69857510343, 0.046835016111, 0],
      [0.10863387369, 0.57340527172, 0.31796085459, 0],
      [0.13066056249, 0.71962167245, 0.14971776506, 0]
    ],
    [
      [0.73013940747, 0.13681115502, 0.13062698411, 0.0024224533925],
      [0.12250147341, 0.29162728988, 0.55063820667, 0.035233030046],
      [0.067253991483, 0.75010638445, 0.18202256357, 0.00061706050191],
      [0.233572042, 0.64856685925, 0.069946995692, 0.047914103061],
      [0.096173142027, 0.47839449371, 0.33311867217, 0.092313692097],
      [0.12652157658, 0.61033518544, 0.18921837429, 0.073924863689]
    ],
    [
      [0.74476259198, 0.08401283351, 0.17016891252, 0.0010556619855],
      [0.14629002278, 0.10749195523, 0.73384621089, 0.012371811106],
      [0.086653191039, 0.60540791846, 0.30758982155, 0.00034906895297],
      [0.31246812991, 0.53760378303, 0.12183162659, 0.028096460472],
      [0.11047906479, 0.34183673356, 0.50057464458, 0.047109557074],
      [0.16082782008, 0.48307616903, 0.31451419593, 0.041581814959]
    ],
    [
      [0.73148351694, 0.10571830682, 0.16066597351, 0.0021322027337],
      [0.1442982374, 0.15385326487, 0.67614732719, 0.02570117053],
      [0.073176050486, 0.67127216235, 0.25493325247, 0.00061853469639],
      [0.26243129719, 0.58868524113, 0.099713850039, 0.04916961164],
      [0.096237655337, 0.38982404652, 0.42802578582, 0.085912512327],
      [0.13537106085, 0.53216240881, 0.25927040209, 0.073196128248]
    ],
    [
      [0.78401327588, 0.079567060686, 0.13528131172, 0.001138351718],
      [0.1961855432, 0.12869193821, 0.65942640739, 0.015696111207],
      [0.10643958096, 0.62181217905, 0.27132921676, 0.0004190232223],
      [0.3520760398, 0.51662719908, 0.10046555815, 0.030831202969],
      [0.13746517615, 0.36077171662, 0.44628162016, 0.055481487072],
      [0.19233874951, 0.48867089972, 0.2715122518, 0.047478098968]
    ],
    [
      [0.79371577431, 0.075219685311, 0.13029247794, 0.00077206244295],
      [0.20502362769, 0.12420863302, 0.65985165781, 0.010916081476],
      [0.11201661982, 0.614773639, 0.27291300548, 0.00029673569637],
      [0.36936588406, 0.50831017024, 0.10056709291, 0.021756852794],
      [0.14623257023, 0.36020397392, 0.45378092081, 0.039782535043],
      [0.20410011457, 0.48672773797, 0.27523302435, 0.033939123109]
    ],
    [
      [0, 0.42565967672, 0.57434032328, 0],
      [2.3129646346e-17, 0.1826240819, 0.8173759181, 0],
      [0, 0.77253048111, 0.22746951889, 0],
      [0, 0.88342307724, 0.11657692276, 0],
      [0, 0.51355951959, 0.48644048041, 0],
      [0, 0.71759215447, 0.28240784553, 0]
    ],
    [
      [0.72866337144, 0.10139692252, 0.16694630769, 0.0029933983479],
      [0.1213093432, 0.141240131, 0.70117763223, 0.036272893577],
      [0.07558492099, 0.65487526996, 0.26866061676, 0.00087919229292],
      [0.26424574675, 0.5634778843, 0.10297447837, 0.069301890578],
      [0.094107087332, 0.35962824316, 0.42842216986, 0.11784249965],
      [0.13450790152, 0.50012148419, 0.26350209579, 0.10186851849]
    ],
    [
      [0.79067497867, 0.064570302593, 0.14304744609, 0.0017072726447],
      [0.19834647245, 0.088564465801, 0.69004092014, 0.023048141609],
      [0.11836396961, 0.56316003864, 0.31778069719, 0.00069529456218],
      [0.38119717455, 0.45432644869, 0.11428792454, 0.050188452224],
      [0.13959114381, 0.29712609711, 0.4778739775, 0.08540878158],
      [0.20310981244, 0.41924155445, 0.30185589791, 0.075792735196]
    ],
    [
      [0.80113066404, 0.077978195462, 0.11835252789, 0.002538612608],
      [0.23310098112, 0.13327172758, 0.5970864412, 0.036540850098],
      [0.11112199172, 0.64242025931, 0.24549387564, 0.00096387333614],
      [0.34685556039, 0.50008696996, 0.085238636477, 0.067818833175],
      [0.13683720838, 0.35163569737, 0.38615350133, 0.12537359293],
      [0.18947717983, 0.47337642871, 0.23155803984, 0.10558835161]
    ],
    [
      [0.76064582578, 0.10915549115, 0.12683907949, 0.0033596035912],
      [0.16231282936, 0.20467316932, 0.58635227439, 0.046661726936],
      [0.08008976828, 0.71149978898, 0.20740773234, 0.001002710409],
      [0.26619926405, 0.58257291659, 0.075576375972, 0.075651443386],
      [0.1040281908, 0.40898726273, 0.34489286729, 0.14209167918],
      [0.14144490856, 0.54012368586, 0.20185527102, 0.11657613457]
    ],
    [
      [0.89179228687, 0.073037005847, 0.033381760465, 0.0017889468206],
      [0.37666776751, 0.27601044306, 0.29592868215, 0.051393107272],
      [0.11343469543, 0.80453482734, 0.081245139497, 0.0007853377374],
      [0.35300723986, 0.56658747442, 0.025772261709, 0.054633024013],
      [0.17709301643, 0.51500984754, 0.16396257893, 0.14393455709],
      [0.21057928387, 0.60726243259, 0.081528783814, 0.10062949972]
    ],
    [
      [0.74026945057, 0.085315365513, 0.17441518392, 0],
      [0.12402378067, 0.10069137418, 0.77528484514, 0],
      [0.081841371603, 0.61203612942, 0.30612249898, 0],
      [0.30982213957, 0.56440930495, 0.12576855548, 0],
      [0.1102578209, 0.35968509694, 0.53005708216, 0],
      [0.16018975001, 0.51027224241, 0.32953800758, 0]
    ],
    [
      [0.73762954326, 0.10562375757, 0.15412759154, 0.0026191076283],
      [0.14957913933, 0.16111343436, 0.65637405343, 0.032933372873],
