{
  "Z_true": {},
  "V_true": [
    [21, 820, 173, 286],
    [890, 120, 1602, 40],
    [753, 133, 12684, 291],
    [327, 11618, 1239, 820],
    [44, 219, 837, 140],
    [165, 396, 796, 459]
  ],
  "p_true": [
    [0.0162, 0.6308, 0.1331, 0.22],
    [0.3356, 0.0452, 0.6041, 0.0151],
    [0.0543, 0.0096, 0.9151, 0.021],
    [0.0234, 0.8296, 0.0885, 0.0586],
    [0.0355, 0.1766, 0.675, 0.1129],
    [0.0909, 0.2181, 0.4383, 0.2528]
  ],
  "Z_est": [
    [
      [3.0001, 0.0801, 3, 3, 0.5387, 2, 2, 4, 2, 3, 2, 1.9442, 5, 5, 5, 3.9993, 3, 3, 3, 7, 0.2153, 0, 1.5322, 0, 0.1085, 5, 4, 2, 2, 3, 4, 3, 0.4983, 1.7188, 0.1396, 9, 5, 6, 5, 9, 5, 0.667, 1, 5, 2, 9, 2],
      [6.0003, 1.1427, 3, 3, 0.0351, 8, 11, 34, 7, 7, 12, 1.0558, 19, 23, 25, 6.0002, 7, 4, 3, 18, 0.2463, 0, 3.4491, 1.138, 0.5003, 28, 13, 10, 3, 10, 15, 3, 1.1125, 2.0665, 0.1684, 55, 18, 9, 21, 22, 12, 1.1547, 9, 30, 2, 28, 3],
      [7.9997, 0.5824, 9, 11, 0.4257, 9, 12, 31, 10, 11, 11, 1.9972, 18, 20, 25, 6.0005, 17, 9, 10, 20, 0.5384, 0, 3.0123, 1.4606, 0.3187, 30, 21, 17, 5, 21, 24, 6, 1.3436, 1.0632, 0.6586, 44, 16, 11.9999, 16, 24, 11, 0.9953, 10, 35, 4, 44, 5],
      [0.9999, 0.1947, 2.944e-07, 1.7034e-12, 0.0005, 1, 2, 4, 1, 7.8609e-08, 1, 0.0028, 3, 3, 3, 6.0003e-07, 1, 1.1667e-10, 3.5069e-10, 3, 0, 0, 0.0064, 0.4014, 0.0726, 4, 2, 2, 3.1051e-07, 2, 3, 4.247e-10, 0.0456, 0.1515, 0.0334, 6, 2, 2.599e-08, 1, 3, 1, 0.1829, 1, 3, 2.0652e-07, 5, 7.9081e-08]
    ],
    [
      [2.9999, 0.1259, 1.0925e-06, 2, 0.5622, 1, 3, 3, 1.6797e-12, 1, 2, 2.9398, 8, 4, 12, 6.0004, 3, 1, 2, 21, 0.4666, 0, 0.769, 0, 0.1161, 6, 4, 5, 2, 2, 3, 7.9792e-10, 0.1179, 2.3851, 0.2593, 14, 7, 15, 12, 21, 10, 0.9461, 1, 9, 2, 27, 4],
      [7.9996, 1.7837, 7, 14, 1.8233, 7, 9, 35, 11, 4, 11, 4.0004, 38, 35, 62, 21.0002, 14, 10, 4, 65, 0.8323, 0, 2.7588, 3.269, 1.0378, 42, 21, 24, 6, 15, 17, 9, 2.1509, 9.17, 0.3806, 87, 35, 43, 67, 63, 34, 1.7617, 8, 76, 12, 99, 17],
      [10.0005, 1.9306, 13, 38, 1.6087, 8, 11, 32, 13, 6, 10, 8.1109, 36, 29, 61, 18.9995, 29, 19, 13, 71, 1.7011, 0, 2.2325, 3.879, 0.6349, 45, 32, 40, 10, 29, 25, 12, 2.4991, 6.3451, 1.3043, 69, 29, 51, 55, 68, 30, 2.0291, 9, 89, 16, 156, 22],
      [1, 0.1598, 1, 2, 0.0058, 1, 1, 5, 1, 2.5915e-08, 1, 0.9488, 5, 4, 7, 2, 1, 1, 1, 11, 0, 0, 0.2397, 0.852, 0.2112, 6, 4, 4, 1, 3, 3, 1, 0.2321, 1.0998, 0.0558, 10, 4, 3, 5, 8, 2, 0.2631, 1, 8, 4.528e-07, 17, 2]
    ],
    [
      [9.9996, 0.9687, 12, 17, 3.3077, 4, 16, 15, 8, 8, 6, 6.053, 23, 23, 38, 12.0004, 30, 16, 12, 31, 2.0502, 0, 2.2471, 0, 0.3048, 34, 23, 35, 8, 34, 27, 9, 1.8423, 3.2099, 1.1461, 34, 14, 23.9998, 22, 38, 15, 2.053, 8, 51, 11, 115, 11],
      [49.0005, 16.1375, 77, 99, 29.6271, 75, 147, 204, 115, 119, 91, 19.78, 121, 189, 215, 38.9979, 169, 85, 82, 106, 5.0191, 4.3718, 24.2949, 17.4399, 3.3878, 252, 151, 230, 62, 234, 170, 87, 15.6379, 12.8018, 2.9962, 252, 76, 66.0001, 117, 116, 59, 7.646, 133, 442, 76, 416, 60],
      [58.9997, 18.8572, 194, 296, 56.5056, 91, 164, 185, 169, 176, 80, 34.1699, 115, 165, 212, 40.0013, 363, 179, 216, 115, 10.9308, 8.2115, 22.2366, 26.3165, 2.5946, 269, 232, 380, 97, 508, 259, 150, 28.8546, 11.0062, 9.2173, 199, 65, 83.0002, 98, 128, 51, 8.8255, 146, 529, 120, 664, 78],
      [9.0003, 3.0365, 15, 20, 3.5597, 14, 26, 28, 18, 13, 12, 3.997, 18, 25, 25, 4.0005, 23, 13, 17, 18, 0, 2.4166, 3.2215, 6.2436, 0.7128, 36, 30, 46, 9, 60, 36, 16, 4.6652, 1.9821, 0.6404, 29, 9, 5, 10, 16, 4, 1.4754, 16, 51, 6, 75, 7]
    ],
    [
      [9.0001, 0.8061, 5, 7, 2.2328, 4, 18, 23, 8, 7, 10, 4.0027, 32, 32, 52, 15, 17, 9, 5, 46, 1.2679, 0, 2.9763, 0, 0.4339, 39, 21, 28, 6, 21, 24, 7, 2.0669, 5.4052, 0.3983, 61, 21, 28.0002, 39, 51, 24, 2.5081, 6, 55, 9, 92, 12],
      [39.9998, 21.3854, 31, 44, 17.4727, 80, 165, 321, 108, 98, 149, 14.8862, 168, 261, 303, 47.0021, 93, 46, 39, 156, 2.9023, 3.8152, 30.0194, 21.3039, 4.6122, 288, 140, 181, 50, 145, 150, 72, 13.5428, 22.5657, 1.2242, 439, 111, 76.9999, 207, 156, 92, 8.9299, 138, 475, 59, 334, 68],
      [53.0002, 22.3539, 80, 137, 38.7801, 99, 187, 296, 163, 151, 135, 25.0583, 166, 230, 298, 48.998, 206, 102, 99, 169, 5.8298, 6.2914, 28.2326, 32.1026, 3.1112, 311, 218, 299, 79, 318, 234, 127, 21.8623, 18.8126, 3.1589, 355, 96, 97.9999, 173, 174, 83, 9.7784, 151, 570, 95, 536, 88],
      [6.9998, 3.4546, 6, 9, 2.5144, 15, 29, 45, 17, 11, 19, 3.0528, 26, 35, 36, 4.9998, 13, 7, 7, 27, 0, 1.8934, 3.7717, 7.5935, 0.8427, 41, 28, 36, 7, 37, 32, 13, 3.528, 3.2165, 0.2186, 52, 13, 6, 18, 22, 7, 1.7835, 17, 55, 6, 61, 8]
    ],
    [
      [0.0002, 0, 2.7319e-07, 1, 0.096, 1.0136e-06, 5.7666e-14, 2, 1, 5.252e-08, 5.0858e-09, 0.0021, 2, 3, 4, 1, 2, 1, 3.1115e-07, 2, 0, 0, 0.2363, 0, 0, 3, 1, 3, 5.738e-08, 2, 2, 2.1443e-09, 0.1941, 0.2123, 0.0566, 3, 1, 2, 1, 2, 1, 0.0427, 5.8643e-07, 6, 1, 5, 2.7545e-06],
      [0.9999, 0, 2, 7, 2.1625, 9, 8, 29, 14, 8, 12, 2.1117, 11, 26, 27, 5.0002, 13, 6, 5, 8, 0, 0.303, 3.2391, 0.44, 0, 25, 12, 20, 4, 16, 14, 8, 0.6227, 1.0718, 0.2307, 24, 9, 5, 8, 7, 5, 0.2889, 15, 53, 7, 18, 3],
      [1.9999, 0, 8, 21, 5.5772, 12, 11, 28, 23, 12, 12, 6.7736, 12, 23, 29, 5, 29, 14, 17, 11, 0, 0.4901, 4.2846, 0.3118, 0, 28, 21, 34, 8, 37, 22, 16, 1.0578, 1.5195, 0.661, 20, 10, 6, 6, 9, 5, 0.5208, 19, 64, 12, 29, 6],
      [1, 0, 1, 3, 0.1643, 2, 2, 5, 2, 2, 3, 0.1126, 2, 5, 3, 1.9998, 2, 1, 1, 1, 0, 0.2069, 0.2401, 0.2482, 0, 4, 3, 4, 1, 5, 4, 2, 0.1254, 0.1964, 0.0517, 4, 1, 2, 2, 1, 1, 0.1476, 2, 7, 2, 5, 1]
    ],
    [
      [0.0001, 0.0192, 1, 2, 0.2625, 4.3023e-06, 2, 2, 1, 4.3603e-08, 1, 0.0581, 4, 3, 6, 1, 3, 1, 1, 3, 0, 0, 0.2391, 0, 0.0366, 5, 3, 3, 1.6931e-06, 4, 4, 1, 0.2805, 0.0688, 0, 4, 1, 2, 4, 4, 2, 0.7831, 1.173e-06, 5, 1, 16, 1],
      [3.9998, 0.5506, 6, 12, 3.8793, 8, 18, 35, 13, 11, 16, 2.166, 24, 29, 36, 4.9995, 19, 8, 11, 12, 0, 0.51, 2.2388, 0.4092, 0.462, 37, 23, 23, 4, 31, 24, 9, 0.9332, 0.3242, 0, 35, 7, 7.0001, 22, 12, 10, 2.2187, 12, 51, 7, 58, 7],
      [5.0001, 0.2758, 16, 37, 8.1029, 9, 21, 32, 20, 17, 14, 3.89, 23, 25, 35, 5.0007, 42, 18, 31, 14, 0, 1.007, 2.0015, 0.9295, 0.3406, 40, 37, 40, 7, 67, 38, 16, 4.3825, 0.2533, 0, 28, 7, 8, 18, 13, 9, 3.8508, 13, 61, 11, 93, 9],
      [2, 0.1544, 2, 4, 1.7553, 3, 5, 7, 4, 3, 3, 1.8859, 6, 5, 6, 1.9998, 4, 3, 5, 4, 0, 0.4831, 1.5206, 0.6613, 0.1607, 6, 7, 6, 2, 9, 6, 3, 0.4037, 1.3537, 0, 6, 2, 2, 3, 3, 3, 1.1474, 3, 7, 1, 11, 2]
    ]
  ],
  "V_est": [
    [147.4421, 499.0699, 594.3961, 59.0919],
    [224.6885, 1058.9682, 1237.2751, 131.0682],
    [817.1826, 5140.1384, 7112.7274, 790.9516],
    [865.0984, 5493.6617, 6840.3703, 804.8695],
    [52.8403, 454.4705, 642.1963, 90.4929],
    [92.7481, 659.6913, 904.0348, 159.5259]
  ],
  "p_est": [
    [0.1134, 0.3839, 0.4572, 0.0455],
    [0.0847, 0.3993, 0.4665, 0.0494],
    [0.059, 0.3708, 0.5131, 0.0571],
    [0.0618, 0.3923, 0.4885, 0.0575],
    [0.0426, 0.3665, 0.5179, 0.073],
    [0.0511, 0.3633, 0.4978, 0.0878]
  ],
  "EI_Z": {},
  "EI_V": 39.8723,
  "MAE_Z": {},
  "MAE_V": 1158.7211,
  "MAE_p": 0.171,
  "runtime": 0.394
}
