{
  "Z_true": {},
  "V_true": [
    [479, 33, 25, 1244, 191, 82],
    [40, 25, 927, 198, 717, 97],
    [301, 448, 508, 1354, 11306, 854],
    [202, 82, 55, 5276, 271, 164],
    [214, 204, 85, 1247, 775, 508],
    [65, 652, 24, 636, 473, 126],
    [80, 125, 158, 547, 926, 778]
  ],
  "p_true": [
    [0.2332, 0.0161, 0.0122, 0.6056, 0.093, 0.0399],
    [0.02, 0.0125, 0.4626, 0.0988, 0.3578, 0.0484],
    [0.0204, 0.0303, 0.0344, 0.0917, 0.7654, 0.0578],
    [0.0334, 0.0136, 0.0091, 0.8721, 0.0448, 0.0271],
    [0.0706, 0.0673, 0.028, 0.4111, 0.2555, 0.1675],
    [0.0329, 0.33, 0.0121, 0.3219, 0.2394, 0.0638],
    [0.0306, 0.0478, 0.0604, 0.2093, 0.3542, 0.2976]
  ],
  "Z_est": [
    [
      [32.0159, 42.5223, 69.4131, 13.4701, 1.7116, 18.6224, 7.5968, 46.9649, 5.0773, 9.3877, 32.3997, 14.9433, 26.0294, 1.904, 0, 15.521, 9.3877, 14.3307, 18.4052, 11.9479, 17.1358, 8.1075, 2.5386, 8.8853, 17.3369, 14.9349, 12.3747, 13.3872, 12.5812, 17.9219, 12.8751, 3.4152, 18.1518, 5.1205, 11.5212, 11.5212, 14.0815, 47.5996, 46.1749, 4.4426, 11.3956, 6.0683, 5.8167, 20.0555, 1.2693, 48.8689, 5.0773, 55.2155, 3.4807],
      [0.1596, 0.3546, 0.2563, 0.0484, 0.0148, 0.1514, 0.2284, 0.4255, 0.029, 0.0813, 0.3917, 0.1219, 0.2253, 0.0185, 0, 0.1071, 0.0813, 0.0629, 0.0725, 0.1789, 0.1588, 0.0702, 0.1064, 0.0967, 0.1182, 0.1293, 0.1071, 0.1478, 0.1071, 0.029, 1.3407, 0.0145, 0.1514, 0.0443, 0.0997, 0.0997, 0.1219, 0.4728, 0.3842, 0.0677, 0.1034, 0.6947, 0.0242, 0.1736, 0.0435, 0.3288, 0.087, 0.3143, 0],
      [0.2998, 0.4711, 0.5656, 0.1619, 0.0196, 0.2012, 0.1276, 0.2771, 0, 0.108, 0.2093, 0.1619, 0.1131, 0.0245, 0, 0.1423, 0.108, 0.9473, 0.3563, 0.1374, 0.211, 0.0932, 0.0566, 0.0932, 0.1697, 0.1717, 0.1423, 0.017, 0.2149, 0.2061, 0.2306, 0.2881, 0.2012, 0.0589, 0.1325, 0.1325, 0.1619, 0.2093, 0.3789, 0.2149, 0.3224, 0.6283, 0.0638, 0.2306, 0.0113, 0.3394, 0.0905, 1.0294, 1.3483],
      [47.7915, 51.3913, 87.9797, 17.9218, 2.1723, 21.7958, 17.5957, 51.9335, 5.656, 11.9479, 55.9789, 17.6321, 33.3144, 2.7154, 0, 12.6068, 11.9479, 20.0941, 22.2587, 15.1309, 24.2001, 10.3186, 4.0631, 9.3894, 13.6839, 19.008, 15.7495, 25.6241, 15.4702, 23.1289, 32.2794, 9.3514, 22.2665, 6.517, 14.6633, 14.6633, 17.9218, 77.3534, 56.4808, 13.4752, 15.4331, 10.5264, 7.0601, 25.525, 2.1723, 61.9117, 7.6032, 63.7837, 8.6047],
      [7.4605, 0.9087, 2.8799, 0.5284, 0.0641, 0, 0.4164, 0.8344, 0.1761, 0.3523, 1.4572, 0, 0.9768, 0.3096, 0, 0.4644, 0.3523, 0.5925, 0.6726, 0.4484, 0.9026, 0.3043, 0.1121, 0.3814, 0.5124, 0.5605, 0.4644, 0.6004, 0.4644, 0.4794, 0.1817, 0.2242, 0, 0.1922, 0.4324, 0.4324, 0.5284, 1.6873, 0, 0.6933, 0.6751, 0.0471, 0, 0.7526, 0.3517, 1.9142, 1.0188, 1.9697, 0.488],
      [0.2728, 0.352, 0.9054, 0.8694, 0.0176, 0.2291, 0.0352, 0.5645, 0.0616, 0.123, 0.5632, 0.1408, 0.3409, 0.0279, 0, 0.1584, 0.123, 0.9725, 0.2347, 0.1565, 0.3916, 0.1062, 0.1232, 0.154, 0.1788, 0.1956, 0.1621, 0.2236, 0.1621, 0.2347, 0.0924, 0.7066, 0.2291, 0.0671, 0.1509, 0.1509, 0.1844, 0.6776, 0.5812, 0.1062, 0.0704, 0.0352, 0.0352, 0.2627, 0.1518, 0.6371, 0.1232, 0.6874, 0.0782]
    ],
    [
      [5.3262, 3.2511, 12.1345, 1.6601, 0.6603, 4.7037, 1.0038, 2.7669, 0.803, 1.9368, 2.9052, 8.3009, 3.5132, 0.3011, 1.8227, 2.6098, 1.606, 1.5218, 4.906, 2.0724, 2.7102, 2.2299, 0.4015, 0.8992, 1.5218, 2.7102, 0.9857, 0.3481, 2.2135, 2.409, 1.9072, 0.5418, 3.3124, 1.3834, 3.4586, 1.9072, 2.2135, 7.5283, 8.2309, 0.7026, 1.7064, 0.2767, 1.1041, 1.7985, 0.2008, 7.729, 0.803, 12.9351, 0.5019],
      [0.5328, 0.5941, 0.9339, 0.1614, 0.0646, 0.8595, 0.2179, 0.5056, 0.0969, 0.7426, 0.5309, 0.4198, 0.4045, 0.1643, 0.139, 0.4803, 0.8879, 0.2099, 0.2422, 7.8543, 1.0997, 0.4198, 0.1138, 0.1643, 0.2781, 0.632, 0.1453, 0.0807, 0.4045, 0.0969, 0.316, 0.0484, 0.4424, 0.2528, 0.632, 0.3689, 0.4045, 1.7436, 0.948, 0.226, 0.7383, 0.0646, 0.0807, 0.3286, 0.0379, 1.0978, 0.2906, 1.0494, 0],
      [40.5039, 31.4419, 85.5712, 16.551, 3.0529, 45.8913, 9.3657, 26.759, 0, 15.8095, 27.8357, 52.1801, 16.0303, 8.6967, 3.7912, 26.1168, 60.1084, 14.7857, 50.1732, 33.3981, 55.4537, 23.0273, 6.2418, 8.8612, 14.7175, 34.3846, 6.7708, 2.2871, 21.8122, 22.5695, 19.5602, 12.0371, 23.4141, 13.4674, 30.845, 18.8079, 21.4072, 27.8357, 50.1732, 25.4393, 48.322, 2.9076, 6.1866, 17.3934, 1.5046, 45.139, 12.2849, 136.9215, 15.7986],
      [0.9745, 0.5948, 1.7466, 0, 0.0633, 0.8606, 0.2438, 0.5063, 0.1208, 0.3695, 0.5316, 1.0369, 4.4822, 0.1645, 0.1392, 0, 0, 0.2784, 0.9492, 0.7341, 1.1011, 0.2801, 0.1139, 0, 0.2784, 0.4454, 0.2826, 0.2681, 0, 0.405, 0.4347, 0.2171, 0.443, 0.2531, 0.6328, 0.3544, 0.405, 2.1277, 0.9492, 0.3526, 2.0794, 0.0506, 0.1139, 0.3291, 0.038, 1.215, 0.2658, 1.2993, 0.4952],
      [28.563, 10.2276, 34.9991, 5.1727, 1.1007, 14.3965, 3.0465, 8.7044, 5.3734, 8.3557, 9.1396, 15.5967, 6.9635, 3.427, 4.8994, 8.2691, 17.8439, 4.7874, 16.3207, 12.8422, 18.932, 7.3987, 1.9585, 2.8289, 4.7874, 10.8805, 1.5973, 0.8704, 6.9635, 5.9133, 2.443, 0.8903, 6.7249, 4.3522, 13.4843, 5.9795, 6.9635, 12.5235, 13.2777, 7.6163, 22.921, 0.6247, 1.3982, 5.6578, 0.8112, 39.0003, 6.9482, 31.2515, 4.7874],
      [1.0996, 0.8905, 2.6147, 0.4547, 0.0582, 1.2884, 0.1224, 0.7579, 0.606, 0.7859, 1.0571, 0.4657, 0.6063, 0.2463, 0.2084, 0.5239, 1.5537, 0.4168, 2.4087, 1.0989, 7.7033, 0.6442, 0.1705, 0.2463, 0.4168, 0.9474, 0.2183, 0.1455, 0.6063, 0.6063, 0.3389, 0.2653, 0.6632, 0.2911, 0.9474, 0.5821, 0.6063, 2.2412, 1.421, 0.6632, 0.2329, 0.0758, 0.1164, 0.4926, 0.4075, 1.8189, 0.4075, 3.5431, 0.4168]
    ],
    [
      [3.2426, 7.7489, 8.9788, 0.9382, 1.5915, 3.3451, 0.3786, 11.1408, 0.7042, 1.6832, 4.2253, 2.9049, 1.038, 0.2641, 0.9382, 2.8723, 1.4084, 0.9465, 2.2126, 1.6725, 2.3768, 6.6129, 0.3521, 1.2324, 11.4254, 2.3768, 0.3704, 0.1811, 3.506, 0.6749, 1.6725, 0.4401, 5.2668, 2.2352, 4.2632, 1.6725, 2.1127, 6.6021, 12.2284, 0.6162, 1.1604, 0.7042, 0.9683, 2.1563, 0.1761, 6.552, 0.7042, 5.4812, 0.4401],
      [15.4569, 22.0143, 20.9461, 4.6839, 1.8736, 18.7356, 2.8103, 42.1324, 2.8103, 23.4047, 37.9396, 10.9954, 5.3585, 12.963, 3.7562, 16.5803, 25.917, 5.7216, 7.0258, 17.9111, 17.6504, 13.1813, 10.548, 8.5211, 18.7356, 24.3563, 3.844, 2.1984, 28.8506, 2.8103, 7.0258, 1.4052, 22.8959, 7.9626, 30.2672, 17.7988, 15.9253, 50.5861, 44.9654, 6.5575, 7.0152, 1.8736, 2.3146, 16.3936, 5.9889, 31.8505, 9.7516, 30.4453, 0],
      [4.1429, 8.4041, 4.4268, 1.9175, 0.3486, 5.3166, 0.8783, 10.9502, 0, 1.8303, 3.2248, 4.6831, 0.9989, 1.5571, 0.4358, 3.989, 9.9294, 2.1789, 5.4909, 3.7478, 6.0139, 5.6139, 2.2081, 1.777, 8.0883, 4.3579, 0.4732, 0.2313, 9.328, 2.6147, 2.2661, 1.5922, 5.2137, 2.2081, 3.5735, 2.3448, 2.6147, 3.2248, 5.8396, 4.8916, 1.4826, 0.5229, 1.0459, 2.7549, 0.1743, 5.2295, 1.3945, 15.8627, 2.5679],
      [8.5024, 10.1877, 0, 1.231, 0.82, 7.9825, 2.5163, 17.5736, 0.812, 7.5042, 38.6888, 5.0384, 2.8619, 6.4739, 0.4249, 6.5256, 4.6438, 0, 4.7652, 3.0117, 10.5956, 5.7207, 4.5317, 0, 6.6774, 0, 0.9711, 0.4748, 5.6454, 4.0064, 11.016, 1.8956, 19.1774, 12.9052, 0.5002, 9.6421, 8.44, 46.4228, 38.8381, 5.511, 3.9761, 1.8818, 0.9063, 4.0838, 3.129, 1.117, 0, 3.8637, 2.771],
      [336.7322, 341.1958, 353.8484, 96.0309, 31.6938, 317.5002, 36.0716, 586.1314, 51.8364, 265.6498, 470.1088, 183.9985, 76.8436, 266.9913, 104.2637, 303.9807, 560.3738, 96.1482, 208.1817, 310.8673, 412.1437, 265.2388, 176.8028, 142.8355, 337.7853, 472.6064, 34.5843, 16.3519, 351.0745, 65.1015, 68.2392, 21.9039, 371.6224, 176.3266, 444.8183, 173.638, 255.0017, 640.7747, 604.8855, 261.2638, 120.6759, 17.6916, 33.6631, 219.0506, 121.3141, 648.1116, 170.4846, 556.2565, 70.2176],
      [25.923, 33.4491, 32.8, 9.1985, 1.6725, 30.12, 3.3449, 69.0716, 5.837, 23.9278, 59.8126, 13.3796, 7.899, 11.7506, 4.1811, 15.0521, 52.7275, 10.0048, 21.3238, 22.7895, 42.2197, 23.6324, 15.5573, 14.634, 33.2879, 39.3027, 4.757, 2.5625, 27.5955, 6.7922, 8.7804, 3.763, 33.8239, 8.3623, 34.5778, 17.9037, 20.9057, 64.3895, 70.243, 22.16, 6.6898, 2.3258, 3.1018, 17.5608, 14.2176, 47.1394, 13.665, 54.0905, 6.0033]
    ],
    [
      [0.1608, 0.2198, 0.3346, 0.0591, 0.0164, 0.1247, 0.0328, 0.2771, 0.0262, 0.0558, 0.1575, 0.1083, 0.0892, 0.0098, 0.0164, 0.1003, 0.0525, 0.0656, 0.0951, 0.0622, 0.0886, 0.0689, 0.0131, 0.0428, 0.1214, 0.0886, 0.0569, 0.0492, 0.082, 0.0787, 0.0623, 0.0164, 0.1083, 0.0394, 0.1018, 0.0607, 0.0787, 0.246, 0.2793, 0.023, 0.0547, 0.024, 0.4456, 0.0919, 0.0066, 0.2526, 0.0262, 0.2854, 0.0164],
      [0.0041, 0.0062, 0.0067, 0.0013, 0.0004, 0.005, 0.0014, 0.0121, 0.0008, 0.0058, 0.0102, 0.003, 0.0016, 0.0006, 0.0009, 0.0044, 0.0025, 0.0016, 0.0019, 0.0046, 0.0045, 0.0017, 0.0008, 0.0025, 0.0039, 0.0041, 0.0025, 0.0022, 0.0075, 0.0008, 0.0029, 0.0004, 0.006, 0.0018, 0.0044, 0.0048, 0.0038, 0.0136, 0.0121, 0.0018, 0.002, 0.001, 0.0018, 0.2232, 0.0032, 0.0085, 0.1839, 0.0082, 0],
      [1.132, 1.3029, 2.1359, 1.4912, 0.0755, 1.3029, 0.2563, 2.3278, 0, 0.4485, 0.7903, 0.5788, 0.4272, 0.1195, 0.1068, 0.843, 1.7728, 2.3076, 1.7615, 0.5222, 0.9248, 0.7262, 0.1558, 0.302, 0.7612, 1.068, 0.4121, 0.0641, 0.8117, 0.6408, 0.5553, 0.3417, 0.7689, 0.4485, 0.8556, 0.534, 0.6408, 0.7903, 1.4311, 0.8117, 0.4593, 0.2013, 0.7449, 5.2052, 0.0427, 1.2816, 0.3417, 3.8874, 0.4485],
      [189.4464, 182.6908, 269.947, 91.0563, 11.5227, 146.2631, 43.0825, 354.8897, 28.7748, 72.8963, 290.6436, 90.759, 82.8801, 18.2241, 8.3013, 127.2523, 71.606, 78.2216, 87.5538, 79.295, 140.5776, 50.8356, 23.0199, 45.202, 115.7554, 119.6186, 73.0443, 68.1221, 87.0261, 73.824, 89.0178, 22.4707, 117.9768, 53.713, 130.4459, 77.6921, 113.6082, 496.5606, 367.8198, 66.1821, 70.2857, 31.6359, 51.7947, 152.1891, 83.2819, 316.5232, 48.6248, 312.7438, 35.3883],
      [5.1891, 4.4029, 30.3111, 2.5287, 0.3161, 4.0301, 0.4892, 9.7461, 0.9571, 1.6639, 7.1635, 0, 1.1197, 0.5049, 1.4024, 5.1801, 2.0019, 3.2996, 2.4497, 2.1863, 3.8721, 0.9741, 0.6322, 1.8481, 3.1872, 3.2926, 1.9199, 0.25, 2.397, 0.8914, 0, 0, 2.8486, 1.4751, 3.5823, 2.0198, 2.8075, 13.5655, 0.5707, 1.8175, 1.9229, 0, 0.8754, 4.5675, 10.9728, 9.9023, 13.3412, 8.6398, 0.9746],
      [1.0675, 1.3775, 2.2647, 0.8635, 0.0689, 1.2741, 0.1377, 2.7473, 0.2411, 0.9298, 2.235, 0.551, 0.4821, 0.1411, 0.1722, 0.6199, 0.5643, 9.104, 1.1379, 0.9298, 1.5324, 0.3935, 0.1782, 0.6026, 1.1708, 0.9281, 0.5643, 0.5123, 0.6757, 0.5643, 0.3616, 0.1708, 1.2914, 0.3221, 1.0098, 0.6887, 0.8609, 3.8239, 2.8871, 0.164, 0.2755, 0.1377, 0.1377, 0.7232, 2.6929, 2.0317, 0.4821, 2.4354, 0.1722]
    ],
    [
      [1.7522, 4.2469, 1.27, 0.3908, 0.1394, 1.3589, 0.2931, 2.6462, 0.2861, 0.6079, 1.6933, 1.1801, 1.2516, 0.1073, 1.3603, 1.0909, 1.3391, 0.7152, 0.7164, 0.6794, 0.9655, 0.8467, 0.143, 0.4722, 1.3978, 1.5142, 0.2768, 0.1791, 1.1072, 0.3419, 0.521, 0.0977, 1.1801, 0.521, 1.6282, 0.6676, 0.6838, 2.6819, 3.289, 0.2503, 0.5373, 0.2117, 0.3934, 1.0701, 0.0715, 2.9796, 0.2861, 2.4749, 0.0163],
      [0.8548, 1.943, 1.0452, 0.259, 0.067, 1.0988, 0.2412, 2.2795, 0.1554, 1.1915, 1.3936, 0.5762, 0.7102, 0.2814, 0.2144, 0.9066, 1.4247, 0.3367, 0.3885, 0.9584, 0.9112, 0.6735, 0.5699, 0.4533, 1.0361, 1.347, 0.2331, 0.1295, 1.5542, 0.1554, 0.4288, 0.0777, 1.2433, 0.4288, 1.6837, 0.6118, 0.5628, 2.7975, 2.4867, 0.3626, 0.4144, 0.1742, 0.2278, 1.005, 0.2144, 1.7614, 0.4958, 1.6837, 0],
      [1.5306, 12.9974, 1.3234, 0.6353, 0.0848, 1.7616, 0.3465, 2.7317, 0, 0.6064, 1.0685, 0.7296, 0.5776, 0.3465, 0.1444, 1.1368, 2.3969, 0.7296, 0.7466, 1.2418, 1.1538, 0.9819, 0.2901, 0.492, 1.3913, 1.5779, 0.2599, 0.0866, 1.1538, 0.8299, 0.7102, 0.1018, 1.1646, 0.6064, 1.184, 0.722, 0.7126, 1.0685, 2.0299, 1.3665, 0.5599, 0.2206, 0.3465, 1.2725, 0.0578, 1.7327, 0.4621, 5.2559, 0.0304],
      [61.4588, 89.7001, 48.2525, 14.4201, 3.0931, 50.3053, 14.0044, 99.5981, 8.6607, 29.5271, 64.3366, 27.0827, 32.7869, 12.9911, 3.3173, 41.4476, 43.1854, 26.4374, 25.7304, 38.1007, 42.0663, 31.0761, 10.9719, 15.0074, 50.727, 53.0454, 11.7657, 7.873, 39.9358, 13.3246, 23.4608, 3.7117, 46.2533, 19.8312, 60.6666, 25.3635, 25.9821, 157.3988, 126.5791, 37.7359, 22.8305, 10.1173, 12.517, 46.3966, 9.8979, 113.2077, 22.3518, 93.6136, 0.6186],
      [21.4497, 18.9059, 13.1723, 4.053, 0.8444, 13.2077, 1.5723, 27.0422, 2.3527, 8.1061, 17.5631, 7.2617, 8.8835, 3.7908, 8.7951, 15.477, 25.3244, 7.2617, 6.585, 14.0733, 11.4836, 8.7816, 3.0398, 5.8268, 13.8478, 20.0911, 1.5723, 0.8036, 11.5239, 2.8652, 2.8302, 0.9085, 12.8346, 6.7564, 18.4489, 5.9229, 7.0928, 28.3547, 34.113, 11.0659, 5.5729, 0.7338, 1.9729, 14.3345, 2.702, 40.5673, 7.2677, 23.7623, 0.1689],
      [11.954, 17.2067, 12.9365, 4.2417, 0.7712, 14.2677, 1.5425, 26.7024, 2.5451, 7.9609, 17.9448, 6.1698, 8.7902, 3.4829, 2.1686, 6.941, 23.3296, 7.5195, 9.8331, 10.9463, 11.4197, 9.6403, 2.9854, 6.7482, 13.6, 15.4243, 2.8921, 1.9281, 12.7252, 3.4829, 4.0489, 1.1026, 13.3242, 3.8561, 16.3886, 7.7123, 6.9658, 34.6986, 33.5023, 10.2188, 3.0849, 1.5425, 1.5425, 10.9213, 3.0564, 22.7512, 6.1366, 25.2097, 0.1659]
    ],
    [
      [2.9662, 4.176, 6.7045, 0.8336, 0.5199, 2.4978, 0.2756, 4.8641, 0.5258, 1.1174, 3.1551, 3.1812, 1.8056, 0.1972, 0.3287, 1.9294, 1.0517, 1.3146, 0.8728, 1.1944, 1.7747, 1.3803, 0.2629, 1.2863, 2.5266, 3.2616, 0.781, 0.3216, 3.0319, 1.5775, 0.5513, 0.1838, 2.1691, 1.7473, 3.8835, 2.1034, 2.4807, 5.8052, 5.8801, 0.4601, 0.9188, 0.1378, 0.2756, 1.6078, 0.1315, 5.0613, 0.5258, 4.3296, 0.1838],
      [15.814, 21.8345, 29.5434, 4.7921, 1.9581, 18.8908, 2.4652, 42.1707, 2.8753, 18.499, 40.3686, 13.7446, 6.2298, 6.4686, 2.8442, 16.7724, 26.3567, 6.5972, 7.1882, 9.8932, 15.9813, 11.5134, 10.5427, 10.6542, 19.6663, 25.2512, 4.6129, 2.3961, 28.7527, 2.8753, 4.5989, 1.4376, 23.0022, 8.2288, 31.9627, 19.0254, 16.7985, 52.0014, 46.7087, 6.709, 7.6102, 1.1467, 2.283, 16.7724, 2.6636, 32.5864, 7.0941, 31.1488, 0],
      [0.1148, 0.1725, 0.2168, 0.0622, 0.0113, 0.1725, 0.0153, 0.1386, 0, 0.0594, 0.1047, 0.1839, 0.0485, 0.0339, 0.0128, 0.1071, 0.2348, 1.5059, 0.0485, 0.0663, 0.1071, 0.0962, 0.0283, 0.0714, 1.4019, 0.1811, 0.0255, 0.0085, 0.1684, 0.0849, 0.0306, 0.0102, 0.1018, 2.0727, 0.2143, 0.1275, 0.1377, 0.1047, 0.3265, 0.1075, 0.051, 0.0077, 0.0153, 0.0893, 0.0057, 0.1697, 0.0383, 0.5148, 0.0594],
      [19.7937, 25.072, 37.388, 6.158, 3.0232, 20.6734, 2.6392, 34.6549, 3.5189, 19.7937, 51.077, 16.3244, 8.3573, 7.4776, 1.1587, 18.4741, 14.4197, 10.9965, 8.3573, 11.4363, 18.4741, 9.6003, 4.8055, 10.4499, 24.1922, 31.23, 9.6831, 3.4164, 25.7512, 11.1017, 5.2783, 1.7594, 19.9074, 12.5589, 36.9482, 21.993, 27.5013, 74.1548, 58.2982, 11.7817, 9.5916, 1.3196, 2.6392, 12.262, 3.079, 47.9446, 5.3747, 37.388, 3.2323],
      [1.7758, 0, 2.5801, 0.4746, 0.1821, 0.0284, 0, 0, 0.2428, 1.2684, 3.3087, 1.1231, 0.4214, 1.1092, 0.1518, 1.9689, 2.7005, 1.6087, 0.5767, 0.7892, 1.2749, 0.7892, 0.5464, 2.6597, 1.6695, 3.9006, 0.1841, 0.0941, 2.0034, 0.5464, 0.3314, 0.1064, 1.5784, 0.8224, 2.5745, 1.5177, 1.6392, 4.6139, 3.8854, 1.2643, 0.6071, 0.0859, 0.1821, 1.0624, 0.2125, 12.2519, 0.4553, 2.5801, 0.1214],
      [4.5355, 5.745, 8.5671, 1.6794, 0.3053, 4.7371, 0.6047, 9.1718, 0.8372, 4.2621, 10.986, 2.4427, 2.1374, 1.7134, 0.5039, 2.7481, 9.2366, 2.9771, 1.9565, 2.6205, 4.3878, 2.6205, 1.8142, 2.8785, 5.5434, 7.1755, 1.7134, 0.7634, 6.2924, 1.8142, 1.2095, 0.5026, 5.241, 1.5699, 8.4169, 5.233, 5.4426, 15.32, 12.901, 3.6774, 1.2214, 0.3024, 0.6047, 3.2061, 0.9078, 10.986, 1.5118, 9.0387, 0.4032]
    ],
    [
      [3.536, 4.835, 3.1644, 0.6481, 0.3608, 7.3476, 0.4194, 5.3401, 0.5773, 2.2112, 3.4639, 2.3814, 1.273, 0.2165, 0.5337, 1.8763, 1.1546, 1.1056, 1.7919, 1.3711, 1.9484, 1.7537, 0.2887, 1.1819, 2.6701, 2.1137, 1.1546, 0.5337, 2.4781, 0.996, 1.4106, 0.305, 2.8116, 0.9531, 5.1434, 1.0675, 2.3491, 4.5369, 5.9174, 0.5051, 1.2268, 0.5773, 1.9963, 1.22, 0.1443, 5.5566, 0.5773, 6.2783, 0.3608],
      [0.1779, 0.2533, 0.2685, 0.0539, 0.0216, 0.2588, 0.0356, 0.4743, 0.0323, 2.075, 0.3655, 0.1391, 0.0701, 0.1035, 0.0453, 0.1488, 0.33, 0.0701, 0.0808, 0.1994, 0.194, 0.1401, 0.1186, 0.1078, 0.1617, 0.2803, 0.055, 0.0453, 0.3234, 0.0323, 1.2868, 0.0162, 0.2587, 0.0809, 0.3503, 0.0906, 0.1832, 0.385, 0.4949, 0.0755, 0.1165, 0.0453, 0.0679, 0.1035, 0.0485, 0.3665, 0.097, 0.3503, 0],
      [5.2761, 6.21, 5.7603, 1.1809, 0.4072, 6.3539, 1.0103, 5.8155, 0, 2.1379, 3.7667, 6.4826, 1.8044, 1.2216, 0.509, 3.6649, 8.4497, 2.5451, 4.423, 3.8865, 5.1357, 3.4613, 1.0193, 2.4031, 3.4701, 8.2587, 0.9162, 0.3054, 4.5111, 3.0541, 2.6469, 1.6289, 5.1357, 2.1379, 4.1952, 2.3313, 4.325, 3.7667, 6.8209, 5.1686, 5.8028, 1.5116, 3.597, 3.0541, 0.2036, 6.1082, 1.388, 18.5283, 0.7468],
      [16.0328, 14.3633, 15.6862, 3.2128, 1.3053, 15.1192, 3.9182, 19.844, 2.4569, 10.9614, 24.7434, 8.1266, 7.3171, 3.9534, 0.6586, 8.6936, 7.1972, 4.972, 7.3854, 7.2913, 13.9853, 8.1686, 3.4939, 3.9514, 8.6857, 14.6526, 5.5038, 5.2215, 12.1713, 6.2094, 18.5129, 1.5941, 13.9756, 5.2215, 18.1431, 5.2917, 20.1415, 26.9819, 32.0347, 10.9614, 6.8037, 6.4684, 3.9688, 5.2144, 3.4018, 26.0807, 3.7798, 25.3079, 1.8899],
      [32.8297, 29.3591, 35.209, 7.2115, 2.7988, 28.837, 3.404, 44.5415, 6.0615, 24.6039, 45.2591, 17.02, 7.7914, 19.8672, 9.4876, 21.6598, 51.4031, 12.3019, 19.2137, 27.7932, 31.3911, 19.5134, 8.9083, 13.6194, 21.2102, 63.6683, 4.6776, 4.0294, 27.5733, 6.2028, 6.9745, 1.9668, 31.3911, 11.0751, 44.6593, 11.4897, 30.9669, 50.4804, 61.2678, 25.2788, 17.6251, 1.8168, 8.9083, 13.5745, 7.6357, 67.2524, 8.4841, 67.5401, 4.242],
      [17.1475, 20.9793, 22.9116, 4.6927, 1.1063, 22.0835, 2.2126, 28.9846, 3.872, 16.0105, 35.4013, 8.8503, 7.744, 6.6377, 2.7657, 9.9566, 33.4653, 8.0053, 14.1052, 15.4585, 21.3454, 12.9628, 7.1712, 9.7364, 13.8022, 30.0264, 4.6927, 3.8646, 17.9429, 5.5053, 6.1683, 2.4892, 20.4272, 5.5315, 23.5087, 7.7292, 15.0342, 32.8492, 46.4642, 16.0105, 4.4252, 3.5806, 2.4617, 8.8334, 6.566, 32.6356, 5.6738, 44.9952, 2.7604]
    ]
  ],
  "V_est": [
    [849.0065, 8.6465, 11.8806, 1136.0926, 35.266, 13.1079],
    [138.476, 28.548, 1293.6334, 29.0268, 469.8153, 44.5005],
    [142.7961, 740.7559, 179.9617, 344.2642, 12248.9126, 1114.3095],
    [4.9736, 0.5889, 45.3601, 5760.2864, 184.0904, 54.7005],
    [49.9309, 40.0499, 58.9581, 1868.7635, 530.9678, 484.3298],
    [94.1524, 739.3309, 9.6678, 862.5105, 69.8717, 200.4668],
    [101.6645, 11.0797, 182.5384, 501.056, 1120.0763, 697.5851]
  ],
  "p_est": [
    [0.4133, 0.0042, 0.0058, 0.5531, 0.0172, 0.0064],
    [0.0691, 0.0142, 0.6455, 0.0145, 0.2344, 0.0222],
    [0.0097, 0.0501, 0.0122, 0.0233, 0.8293, 0.0754],
    [0.0008, 0.0001, 0.0075, 0.9521, 0.0304, 0.009],
    [0.0165, 0.0132, 0.0194, 0.6161, 0.1751, 0.1597],
    [0.0476, 0.3742, 0.0049, 0.4365, 0.0354, 0.1015],
    [0.0389, 0.0042, 0.0698, 0.1917, 0.4285, 0.2669]
  ],
  "EI_Z": {},
  "EI_V": 12.6098,
  "MAE_Z": {},
  "MAE_V": 195.1634,
  "MAE_p": 0.0525,
  "runtime": 13.725
}
