{
  "Z_true": {},
  "V_true": [
    [68, 46, 67, 108, 1746, 480],
    [27, 788, 40, 429, 227, 72],
    [172, 370, 351, 7687, 918, 388],
    [113, 88, 179, 109, 10206, 201],
    [189, 96, 248, 532, 1327, 353],
    [205, 31, 829, 285, 895, 64],
    [299, 160, 118, 644, 551, 388]
  ],
  "p_true": [
    [0.027, 0.0183, 0.0266, 0.0429, 0.6942, 0.1909],
    [0.0171, 0.4978, 0.0253, 0.271, 0.1434, 0.0455],
    [0.0174, 0.0374, 0.0355, 0.7776, 0.0929, 0.0392],
    [0.0104, 0.0081, 0.0164, 0.01, 0.9367, 0.0184],
    [0.0689, 0.035, 0.0903, 0.1938, 0.4834, 0.1286],
    [0.0888, 0.0134, 0.359, 0.1234, 0.3876, 0.0277],
    [0.1384, 0.0741, 0.0546, 0.2981, 0.2551, 0.1796]
  ],
  "Z_est": {},
  "V_est": [
    [0, 0, 0, 0, 2042.2277, 472.7723],
    [0, 1100.565, 0, 24.1306, 0, 458.3044],
    [0, 141.058, 0, 9744.942, 0, 0],
    [0, 0, 0, 0, 10896, 0],
    [323.3924, 0, 27.3304, 0, 1550.6608, 843.6163],
    [303.5288, 0, 1804.6696, 0, 200.8016, 0],
    [446.0788, 337.377, 0, 24.9274, 1180.3098, 171.307]
  ],
  "p_est": [
    [0, 0, 0, 0, 0.812, 0.188],
    [0, 0.6952, 0, 0.0152, 0, 0.2895],
    [0, 0.0143, 0, 0.9857, 0, 0],
    [0, 0, 0, 0, 1, 0],
    [0.1178, 0, 0.01, 0, 0.5649, 0.3073],
    [0.1315, 0, 0.7816, 0, 0.087, 0],
    [0.2065, 0.1562, 0, 0.0115, 0.5464, 0.0793]
  ],
  "EI_Z": {},
  "EI_V": 20.6259,
  "MAE_Z": {},
  "MAE_V": 315.2225,
  "MAE_p": 0.0975,
  "runtime": 0.0497
}
