{
  "X": [
    [15, 15, 23, 140, 107, 8],
    [13, 12, 2, 115, 95, 5],
    [26, 9, 10, 110, 115, 11],
    [9, 15, 9, 165, 168, 6],
    [14, 11, 8, 209, 165, 4],
    [23, 10, 11, 172, 140, 9],
    [32, 9, 17, 190, 127, 6],
    [19, 13, 11, 150, 121, 4],
    [27, 7, 3, 110, 110, 5],
    [34, 8, 14, 135, 139, 6],
    [18, 8, 9, 78, 109, 8],
    [32, 10, 7, 119, 76, 8],
    [31, 6, 9, 136, 110, 6],
    [26, 13, 10, 159, 136, 0],
    [15, 17, 35, 129, 187, 14],
    [10, 7, 21, 85, 91, 18],
    [20, 17, 20, 153, 110, 12],
    [13, 33, 26, 161, 134, 9],
    [22, 26, 24, 188, 153, 15],
    [29, 33, 31, 212, 147, 18],
    [5, 14, 33, 92, 76, 8],
    [17, 29, 26, 85, 102, 3],
    [16, 52, 29, 151, 176, 7],
    [28, 53, 40, 213, 222, 57],
    [17, 33, 29, 159, 192, 24],
    [44, 16, 38, 137, 219, 46],
    [37, 6, 35, 103, 244, 28],
    [34, 4, 28, 123, 199, 25],
    [13, 17, 40, 115, 216, 26],
    [24, 41, 35, 119, 167, 8],
    [11, 48, 42, 134, 146, 11],
    [13, 84, 46, 136, 179, 11],
    [28, 122, 79, 132, 222, 8],
    [12, 73, 61, 124, 160, 19],
    [19, 90, 46, 118, 160, 10],
    [19, 99, 36, 125, 163, 4],
    [32, 19, 21, 105, 128, 7],
    [39, 12, 12, 179, 147, 6],
    [8, 29, 43, 125, 171, 14],
    [22, 27, 32, 126, 131, 6],
    [20, 18, 38, 120, 143, 15],
    [19, 30, 57, 114, 135, 21],
    [13, 27, 61, 122, 174, 17],
    [23, 31, 51, 131, 215, 11],
    [4, 15, 56, 85, 121, 11],
    [20, 13, 38, 99, 131, 13],
    [18, 13, 43, 105, 118, 12],
    [27, 34, 71, 160, 243, 11],
    [20, 30, 48, 112, 153, 14],
    [17, 37, 41, 112, 176, 15],
    [17, 29, 53, 137, 177, 11],
    [19, 38, 87, 225, 231, 18],
    [81, 218, 196, 1227, 1033, 61]
  ],
  "W": [
    [7, 16, 16, 9, 8, 111, 98, 43],
    [11, 12, 3, 10, 10, 96, 76, 24],
    [8, 17, 9, 11, 12, 106, 90, 28],
    [18, 26, 4, 13, 8, 152, 115, 36],
    [18, 33, 2, 12, 15, 169, 122, 40],
    [22, 22, 8, 5, 4, 143, 122, 39],
    [31, 21, 9, 7, 6, 162, 97, 48],
    [15, 13, 12, 9, 12, 124, 91, 42],
    [9, 21, 4, 6, 5, 97, 92, 28],
    [8, 29, 12, 7, 11, 125, 103, 41],
    [17, 17, 6, 7, 9, 67, 88, 19],
    [9, 32, 4, 10, 6, 102, 57, 32],
    [13, 30, 4, 4, 8, 104, 89, 46],
    [13, 34, 5, 4, 11, 134, 105, 38],
    [21, 14, 26, 18, 24, 85, 147, 62],
    [13, 6, 18, 7, 26, 69, 65, 28],
    [12, 21, 13, 11, 13, 105, 100, 57],
    [10, 32, 21, 29, 22, 113, 112, 37],
    [14, 45, 23, 24, 23, 121, 122, 56],
    [12, 35, 32, 24, 21, 158, 114, 74],
    [8, 3, 23, 18, 19, 68, 68, 21],
    [11, 12, 18, 32, 12, 70, 74, 33],
    [6, 19, 41, 57, 16, 105, 140, 47],
    [16, 31, 35, 60, 31, 150, 195, 95],
    [30, 15, 31, 27, 24, 126, 138, 63],
    [29, 37, 23, 14, 54, 103, 139, 101],
    [39, 30, 19, 5, 50, 84, 149, 77],
    [20, 25, 17, 3, 38, 95, 132, 83],
    [30, 11, 23, 16, 52, 100, 135, 60],
    [11, 8, 23, 43, 40, 98, 112, 59],
    [17, 2, 31, 45, 54, 100, 100, 43],
    [11, 16, 34, 97, 28, 108, 136, 39],
    [13, 14, 71, 123, 49, 104, 152, 65],
    [16, 13, 52, 78, 38, 88, 114, 50],
    [7, 11, 42, 79, 33, 85, 106, 80],
    [9, 12, 41, 99, 21, 104, 120, 40],
    [18, 14, 13, 14, 21, 90, 107, 35],
    [26, 38, 12, 9, 7, 128, 115, 60],
    [14, 5, 38, 21, 35, 98, 146, 33],
    [13, 12, 24, 28, 31, 96, 97, 43],
    [13, 5, 35, 8, 42, 100, 103, 48],
    [10, 8, 41, 27, 49, 87, 110, 44],
    [14, 5, 45, 28, 49, 101, 128, 44],
    [16, 5, 35, 30, 69, 110, 149, 48],
    [9, 2, 29, 11, 52, 64, 93, 32],
    [19, 3, 22, 13, 42, 83, 103, 29],
    [16, 3, 31, 14, 50, 84, 87, 24],
    [33, 6, 52, 36, 67, 133, 171, 48],
    [7, 8, 38, 29, 40, 95, 123, 37],
    [17, 8, 27, 32, 36, 102, 125, 51],
    [17, 9, 42, 30, 41, 109, 131, 45],
    [25, 7, 57, 38, 62, 187, 179, 63],
    [83, 80, 154, 221, 126, 1064, 745, 343]
  ],
  "method": "mvn_pdf",
  "cond_prob": [
    [
      [0.16430603908, 5.368266612e-05, 0.018760626493, 0.099779714165, 0.68582063403, 0.03127930357],
      [0.35241158796, 0.0040705422554, 2.3438080146e-07, 0.56689178406, 0.05665256395, 0.019973287394],
      [0.00019179105874, 0.076115702151, 0.83164791421, 0.012022811473, 0.073491865795, 0.0065299153106],
      [1.1373457409e-06, 0.89895682972, 0.047302529256, 0.0088706431585, 0.041005434266, 0.0038634262575],
      [0.016454906017, 0.00072756254651, 0.65170149284, 0.0026746501751, 0.27094157439, 0.057499814029],
      [0.015776065648, 0.0068778358677, 0.0026697679447, 0.85041874245, 0.12420336851, 5.4219583267e-05],
      [0.031450548781, 0.01698618979, 0.030804292873, 0.23818347136, 0.66350842235, 0.019067074841],
      [0.068778342085, 0.077746459868, 0.023965295572, 0.27896038826, 0.44093996054, 0.10960955366]
    ],
    [
      [0.16997453283, 2.8159718514e-05, 0.002039535686, 0.098069863607, 0.70670145284, 0.023186455318],
      [0.36621817041, 0.0021363871385, 2.5531971626e-08, 0.55853863214, 0.058301067876, 0.014805716905],
      [0.00089291023054, 0.18334754115, 0.39849774803, 0.053342735174, 0.34197575159, 0.021943313824],
      [2.0529395903e-06, 0.89686873208, 0.0089139012382, 0.015268153386, 0.073921415082, 0.0050257452703],
      [0.041562254725, 0.00091856217074, 0.16255952346, 0.0064197984638, 0.6833507001, 0.10518916108],
      [0.016498929261, 0.0036576573273, 0.00029438870534, 0.84998255857, 0.12952574896, 4.071718587e-05],
      [0.033222194025, 0.0091172424374, 0.0034207464182, 0.23979501945, 0.69997822047, 0.014466577206],
      [0.076867927885, 0.044095117349, 0.0028139727181, 0.29691723621, 0.49137503523, 0.087930710599]
    ],
    [
      [0.28691178045, 8.7290480911e-06, 0.0035513524573, 0.057335526323, 0.61174681908, 0.040445792642],
      [0.60761144643, 0.0006455146049, 4.3360340046e-08, 0.31724261606, 0.049305222018, 0.025195157531],
      [0.0013414413024, 0.04935086917, 0.62201981885, 0.027907449954, 0.26520192391, 0.034178496814],
      [9.7839509644e-06, 0.7234711147, 0.044321220132, 0.025339505492, 0.18202326633, 0.024835109396],
      [0.061468838478, 0.00025158937603, 0.25254394197, 0.0033068075828, 0.52075552766, 0.16167329493],
      [0.04351978167, 0.0017772918995, 0.00080436866698, 0.77750828544, 0.17627906508, 0.0001112072485],
      [0.06677018727, 0.0033714378619, 0.0071292998362, 0.16738010815, 0.72519013114, 0.030158835746],
      [0.14357810199, 0.014988820536, 0.0054368664275, 0.19219168764, 0.4722984196, 0.1715061038]
    ],
    [
      [0.074074686361, 2.6775973723e-05, 0.0074316424377, 0.068809432965, 0.82811912399, 0.021538338271],
      [0.25013896609, 0.0032061508449, 1.4667322145e-07, 0.61694640539, 0.10796633839, 0.021741992614],
      [0.00018489928933, 0.079653875904, 0.7052760986, 0.017576157936, 0.18778004562, 0.0095289226498],
      [9.9094948454e-07, 0.85283100444, 0.035609254817, 0.011724287523, 0.09473795765, 0.0050965046209],
      [0.011853017399, 0.0005692668963, 0.40396005605, 0.0029242563462, 0.51802432636, 0.062669076951],
      [0.009605147653, 0.0045949464557, 0.0014172008529, 0.78351394451, 0.20081869177, 5.0068765808e-05],
      [0.0141001814, 0.0083519613257, 0.012033882882, 0.16201581077, 0.79053332276, 0.012964840863],
      [0.035456930341, 0.043923312713, 0.010784497535, 0.21862783848, 0.60554701454, 0.0856604064]
    ],
    [
      [0.099897521724, 1.4265582602e-05, 0.0047976769484, 0.099628358192, 0.77901943666, 0.016642740894],
      [0.24921840744, 0.0012662474576, 7.0242329238e-08, 0.66172133108, 0.075346010169, 0.012447933619],
      [0.00035986729524, 0.060670186815, 0.63583475474, 0.036783591677, 0.25569165391, 0.010659945561],
      [2.2980923385e-06, 0.7710119868, 0.03926832756, 0.029238682602, 0.1536901903, 0.0067885146525],
      [0.019701566051, 0.00037234623008, 0.31295221558, 0.0052234713291, 0.60199536759, 0.059755033219],
      [0.0096558592646, 0.0018275924624, 0.00068355090769, 0.84665565446, 0.14114841707, 2.8925839497e-05],
      [0.018625323875, 0.0043592737093, 0.0076139851409, 0.23014736194, 0.72942467262, 0.009829382719],
      [0.046363258604, 0.022586612326, 0.0067470264524, 0.30733763074, 0.55296827467, 0.063997197208]
    ],
    [
      [0.17961797406, 3.7927786131e-05, 0.0093403036822, 0.091880464678, 0.68717295011, 0.031950379684],
      [0.38990987155, 0.0029211126938, 1.1854984073e-07, 0.52878961579, 0.057669167756, 0.020710113659],
      [0.00036801010262, 0.094169521158, 0.74538346625, 0.019406074071, 0.12900740103, 0.011665527389],
      [1.7067761679e-06, 0.8949480853, 0.03214954126, 0.011198351716, 0.056300476643, 0.005401838308],
      [0.026616910132, 0.00075413952895, 0.48135600017, 0.0036376999475, 0.40085875104, 0.086776499174],
      [0.018578715146, 0.0052327619461, 0.0014315556812, 0.84067675416, 0.13402061366, 5.9599402957e-05],
      [0.035674089147, 0.012429293088, 0.015884446469, 0.22710523758, 0.68873149914, 0.020175434574],
      [0.07900276769, 0.057625869378, 0.012516717744, 0.26944703248, 0.46385152011, 0.1175560926]
    ],
    [
      [0.24955916477, 2.1369499823e-05, 0.017052534966, 0.095193036921, 0.61704626928, 0.021127624557],
      [0.46843732397, 0.0014228205632, 1.870836023e-07, 0.47348586455, 0.044806878975, 0.011846924858],
      [0.0003236974775, 0.033193688224, 0.87529657751, 0.012753213724, 0.073531140802, 0.0049016822598],
      [3.8787325255e-06, 0.79557442797, 0.096577939601, 0.01902138132, 0.08295650742, 0.0058658649577],
      [0.027210486745, 0.00031450202609, 0.66209657535, 0.0027787483929, 0.26544630621, 0.042153381285],
      [0.025182529317, 0.0028814059353, 0.0025543072801, 0.8516240345, 0.11771912447, 3.859849676e-05],
      [0.051931581913, 0.0073431311655, 0.030454770397, 0.24699527851, 0.64926286677, 0.014012371239],
      [0.11687794193, 0.034425373666, 0.024350958198, 0.29765714223, 0.44414649303, 0.082542090953]
    ],
    [
      [0.19830144662, 2.7427180117e-05, 0.0038035242554, 0.098947389563, 0.68187068428, 0.017049528095],
      [0.40265868681, 0.0019690964533, 4.5054706461e-08, 0.53173501321, 0.053326907862, 0.010310250608],
      [0.00079734137966, 0.1340157249, 0.5594170727, 0.041151092984, 0.25231364489, 0.012305123147],
      [2.6236170069e-06, 0.88281040654, 0.018204010168, 0.016849417465, 0.078093347181, 0.0040401950335],
      [0.044147110528, 0.00081653820243, 0.27963865473, 0.0058969985385, 0.59975094885, 0.069749749144],
      [0.019192806326, 0.0035508276015, 0.00054754939677, 0.85189728038, 0.12478161347, 2.9922830751e-05],
      [0.039514819676, 0.0090372855093, 0.0065020450085, 0.24626594236, 0.68783656747, 0.010843339975],
      [0.091956167599, 0.043850476659, 0.005376846526, 0.30677728381, 0.48615559251, 0.065883632897]
    ],
    [
      [0.28003539661, 1.4090282425e-05, 0.0021960787918, 0.065815612345, 0.63166846764, 0.020270354336],
      [0.57956842796, 0.0010221195326, 2.6306468197e-08, 0.35714773009, 0.049872796379, 0.012388899728],
      [0.0016278825858, 0.10078618328, 0.49670722754, 0.039781678617, 0.33982376962, 0.021273258362],
      [6.3177666417e-06, 0.83045856488, 0.018110014051, 0.019210073593, 0.12398085193, 0.0082341777809],
      [0.071573327246, 0.00048288602789, 0.1863888228, 0.0045214199425, 0.64086208596, 0.096171458027],
      [0.037969284656, 0.0025633668097, 0.00044455812987, 0.79659931531, 0.16237356198, 4.9913107087e-05],
      [0.063282022601, 0.0052835803295, 0.0042746158642, 0.18636899469, 0.72611735445, 0.014673432058],
      [0.14587050333, 0.025303562582, 0.0034954817384, 0.22954622486, 0.50708937222, 0.088694855268]
    ],
    [
      [0.25730274091, 1.3167036353e-05, 0.0050598411075, 0.060049690601, 0.65868491048, 0.018889649859],
      [0.57620156251, 0.0010375073723, 6.5783095863e-08, 0.35365380459, 0.056558254982, 0.012548804767],
      [0.00093708243456, 0.057645698973, 0.68547227447, 0.022632383918, 0.2209606888, 0.012351871402],
      [6.3934749534e-06, 0.78496143246, 0.045603563489, 0.019212998234, 0.14180921337, 0.0084063989626],
      [0.052339066757, 0.0003590124665, 0.34370178492, 0.0032734200366, 0.52969316285, 0.070633552967],
      [0.037544158176, 0.0025665191813, 0.0010970411108, 0.77709827532, 0.18164409131, 4.9914904414e-05],
      [0.057568494432, 0.0048679148889, 0.0097201244266, 0.16764761763, 0.74670255356, 0.013493295055],
      [0.13618064358, 0.023908424589, 0.0081619972504, 0.21214351684, 0.53609312622, 0.083512291521]
    ],
    [
      [0.1764649047, 1.9749037975e-05, 0.0060333527539, 0.061411845019, 0.71772337928, 0.038346769216],
      [0.46777459714, 0.0018334497521, 9.2320499375e-08, 0.42791337501, 0.072493492133, 0.029984993635],
      [0.00052427076278, 0.071693182002, 0.69234258905, 0.0188695668, 0.19609995572, 0.020470435666],
      [2.8349464726e-06, 0.84106213683, 0.035442873232, 0.01270811661, 0.099764675357, 0.011019363029],
      [0.030445240602, 0.00045843599, 0.35452985337, 0.0028377843009, 0.48896300533, 0.1227656804],
      [0.02506361719, 0.0037455344729, 0.0012704071752, 0.77763528905, 0.1921870662, 9.8085913939e-05],
      [0.036880443278, 0.0068281124614, 0.010826063978, 0.16024073516, 0.75968447268, 0.025540172439],
      [0.084018656256, 0.032463770756, 0.0087690097195, 0.19533121643, 0.52506000258, 0.15435734426]
    ],
    [
      [0.31066507842, 1.6161365041e-05, 0.0058407190367, 0.077519985568, 0.57274497941, 0.033213076204],
      [0.56779796991, 0.0010381373913, 6.1847881691e-08, 0.37314304241, 0.040052917608, 0.017967870832],
      [0.00095130232442, 0.060556256687, 0.73324368658, 0.024640859619, 0.16225446429, 0.018353430503],
      [6.2448887353e-06, 0.82427649045, 0.043401471063, 0.020133815292, 0.10017700467, 0.012004973636],
      [0.058746673143, 0.00041413218742, 0.39027763795, 0.003938113745, 0.42982975763, 0.11679368534],
      [0.03727168411, 0.0025943563629, 0.0010416756728, 0.829079598, 0.12994064883, 7.203702162e-05],
      [0.070988258606, 0.0061259592462, 0.011503897413, 0.22178707013, 0.6653257914, 0.024269023205],
      [0.15041434967, 0.026973982304, 0.0086472622569, 0.25120072964, 0.42702280369, 0.13574087243]
    ],
    [
      [0.25350805052, 1.8122598321e-05, 0.0074524743992, 0.087223897278, 0.63078622042, 0.021011234789],
      [0.49190378856, 0.0012433822316, 8.4243639423e-08, 0.44758795203, 0.047124961859, 0.012139831073],
      [0.0006537823498, 0.056066027169, 0.76061012977, 0.023253689544, 0.14969523551, 0.00972113566],
      [4.5962757043e-06, 0.82498972399, 0.048885457969, 0.02034572504, 0.098958995343, 0.0068155013803],
      [0.04398707258, 0.00042144409924, 0.45205264869, 0.0040528605385, 0.43249893708, 0.066987037011],
      [0.027484844997, 0.0026248424508, 0.0011988870638, 0.83952548286, 0.1291247156, 4.1227028622e-05],
      [0.053978760774, 0.0063773111375, 0.013623750613, 0.23178027107, 0.67996730396, 0.014272602447],
      [0.12269427973, 0.030187671712, 0.010993612163, 0.28198594018, 0.46922797048, 0.084910525736]
    ],
    [
      [0.17032174291, 0.00010296631728, 0.0070892163117, 0.081620749482, 0.72899529687, 0.011870028115],
      [0.40380842691, 0.0086532893859, 9.8082074545e-08, 0.51250600535, 0.06663265908, 0.0083995211992],
      [0.00036229072888, 0.27003425081, 0.56529440326, 0.017875388561, 0.14191985812, 0.0045138085194],
      [6.0297055675e-07, 0.96440247173, 0.0089496582077, 0.0037018684416, 0.022196721478, 0.00074867716915],
      [0.029818828951, 0.0024044996909, 0.42373003696, 0.0038138723443, 0.50232468844, 0.037908073618],
      [0.019144206413, 0.015431096357, 0.0011783415158, 0.81011982557, 0.15410242607, 2.4104074258e-05],
      [0.033200349665, 0.033179027119, 0.011820244866, 0.19781615138, 0.71662253725, 0.0073616897192],
      [0.073677136101, 0.15568156597, 0.0093310122288, 0.23523447673, 0.48353958652, 0.042536222453]
    ],
    [
      [0.12387781154, 1.6003613954e-05, 0.0090098928587, 0.086857648439, 0.74927977401, 0.030958869541],
      [0.31478562163, 0.0014432636992, 1.3413214849e-07, 0.58651101688, 0.07372706234, 0.02353290132],
      [0.00029445281446, 0.044851124517, 0.7578410218, 0.02121020026, 0.16272460923, 0.01307859138],
      [2.6418751418e-06, 0.75853369902, 0.068565117912, 0.023683717013, 0.13749920825, 0.011715615937],
      [0.01878174412, 0.00032265328797, 0.44580146406, 0.003508508037, 0.44599295497, 0.085592675524],
      [0.013404194656, 0.0023013759688, 0.0014419737982, 0.83022197321, 0.15257011387, 6.0368493154e-05],
      [0.023937823238, 0.0050785362275, 0.014853098542, 0.2084039813, 0.7287424791, 0.018984081597],
      [0.056564807818, 0.024948821128, 0.01249136913, 0.26406723268, 0.52426947199, 0.11765829725]
    ],
    [
      [0.15210560714, 1.2906230352e-05, 0.0054159427579, 0.087577435399, 0.66158802776, 0.093300080711],
      [0.34805040154, 0.0010373220315, 7.1781758744e-08, 0.52996169336, 0.057898425058, 0.063052086227],
      [0.00051202122729, 0.052251283704, 0.65508960029, 0.03050910771, 0.20524508881, 0.056392898255],
      [3.6075163322e-06, 0.75107194279, 0.046515251283, 0.026778180533, 0.13607427004, 0.039556747837],
      [0.024116320681, 0.00027431764473, 0.28129196944, 0.0037197327832, 0.41473540309, 0.27586225636],
      [0.016369270446, 0.0018575425827, 0.00086592673033, 0.84611850681, 0.13460794638, 0.00018080704573],
      [0.030615815033, 0.0042962828779, 0.0093611715735, 0.22075811644, 0.67510447922, 0.059864134861],
      [0.058254477287, 0.016968858936, 0.0063373535439, 0.22477719681, 0.38988950405, 0.30377260937]
    ],
    [
      [0.18946282737, 4.5756387862e-05, 0.011225436719, 0.119743413, 0.6432873114, 0.03623525513],
      [0.34751813332, 0.0029802841946, 1.205459916e-07, 0.58396325747, 0.045670346439, 0.01986785803],
      [0.00034520885446, 0.10043977548, 0.75730711303, 0.022505167883, 0.10760690847, 0.011795826283],
      [1.5758846863e-06, 0.9019456509, 0.033673899239, 0.012783918293, 0.046223008646, 0.0053719470374],
      [0.026217852692, 0.00084924539854, 0.52544274593, 0.0044296633343, 0.35101629483, 0.092044197816],
      [0.015654375684, 0.0050435709326, 0.001375067222, 0.87759481601, 0.10027810823, 5.4061916946e-05],
      [0.036304563881, 0.014475612946, 0.018427594318, 0.28603435194, 0.62265647556, 0.022101401356],
      [0.076643145484, 0.063844189936, 0.013839142942, 0.32349270739, 0.39963771251, 0.12254310173]
    ],
    [
      [0.11109806054, 4.2487158665e-05, 0.0077765053014, 0.11099073984, 0.74122853616, 0.028863671008],
      [0.24929320562, 0.0033849603671, 1.0224832214e-07, 0.66354803978, 0.064392714457, 0.019380977529],
      [0.000270465528, 0.12326312039, 0.67149204349, 0.027729564421, 0.1647443051, 0.012500501075],
      [1.0371872394e-06, 0.89652722073, 0.025968161198, 0.013232814859, 0.059487844688, 0.0047829213346],
      [0.018134295318, 0.00092297434771, 0.4152049975, 0.0048215932497, 0.47482495381, 0.08609118577],
      [0.0097869682285, 0.0049583035559, 0.0010096062976, 0.86181043855, 0.12238903179, 4.5651582026e-05],
      [0.020416079995, 0.012820945455, 0.01217891339, 0.25305982442, 0.68471510454, 0.016809132195],
      [0.046415916871, 0.060824032383, 0.0098631652111, 0.30860678421, 0.47392843186, 0.10036166947]
    ],
    [
      [0.13532539363, 2.4561641125e-05, 0.0053274362576, 0.1157707621, 0.7081820959, 0.035369750476],
      [0.28028563187, 0.0018103542525, 6.4826816848e-08, 0.63899085647, 0.056945757177, 0.021967335404],
      [0.0004514490846, 0.097139937743, 0.62594139342, 0.039651886704, 0.21585080895, 0.020964524094],
      [2.0838885031e-06, 0.84450274504, 0.029261337025, 0.02277159383, 0.09380343485, 0.0096588053644],
      [0.025425919312, 0.00061246015055, 0.32445697329, 0.0057899904136, 0.52233964329, 0.12137501355],
      [0.011568200353, 0.0027835008079, 0.00067197040467, 0.87130200277, 0.11361998937, 5.4336296324e-05],
      [0.025389094438, 0.0075630115715, 0.0085173826746, 0.26943990648, 0.66805715949, 0.021033445341],
      [0.056760540743, 0.035200213545, 0.0067802512381, 0.32306249681, 0.45473580825, 0.12346068942]
    ],
    [
      [0.19066129839, 4.2613148493e-05, 0.0064758333331, 0.10973489565, 0.65380814284, 0.039277216633],
      [0.36593020491, 0.0029086818174, 7.2982032065e-08, 0.55987050448, 0.048706401065, 0.022584134746],
      [0.00053380408339, 0.14204895527, 0.63849181993, 0.031627041789, 0.16772410508, 0.019574273853],
      [1.818174633e-06, 0.90408174496, 0.022079890295, 0.01340025199, 0.053780284578, 0.0066560100063],
      [0.033907234279, 0.0010086869217, 0.37461253561, 0.0052066218136, 0.4575010524, 0.12776386897],
      [0.017069336636, 0.0050750333255, 0.00085842115374, 0.86666450534, 0.11026931742, 6.3386119159e-05],
      [0.037382355561, 0.013749494796, 0.010847125795, 0.26742663176, 0.64612962664, 0.024464765445],
      [0.078858377852, 0.060431278845, 0.008145114774, 0.3023460712, 0.41480420256, 0.13541495478]
    ],
    [
      [0.12553902129, 1.4196888469e-05, 0.013015438918, 0.13001200688, 0.68969842679, 0.041720909238],
      [0.2453110911, 0.00097839607338, 1.4794537661e-07, 0.67773052401, 0.051780003814, 0.02419983706],
      [0.00021736937036, 0.029474874951, 0.82408023791, 0.02326857245, 0.10995521522, 0.013003730106],
      [2.7111455624e-06, 0.71603698913, 0.10239336838, 0.036168338852, 0.12923374884, 0.016164843651],
      [0.015637120796, 0.00023914970678, 0.54350308176, 0.0043379629148, 0.33980640052, 0.096476284299],
      [0.0095335881416, 0.0014409335684, 0.0014685453635, 0.88851974946, 0.098979983143, 5.7200325564e-05],
      [0.022747381304, 0.0042543034438, 0.020258381341, 0.29539864168, 0.63322844066, 0.024112851576],
      [0.050206097507, 0.019483792551, 0.015893654043, 0.34921916254, 0.42432975824, 0.14086753512]
    ],
    [
      [0.20663604419, 2.185046801e-05, 0.012001660728, 0.071606014829, 0.69314055737, 0.016593872419],
      [0.48437805915, 0.0017883738852, 1.621150225e-07, 0.44053346869, 0.061831793656, 0.011468142498],
      [0.00037670258017, 0.048155001874, 0.81568373299, 0.013554114814, 0.1167688823, 0.0054615654396],
      [3.3534185675e-06, 0.81088427201, 0.071305452367, 0.015024489335, 0.09792763718, 0.0048547956877],
      [0.02805942602, 0.00040224060769, 0.55407127361, 0.0026143864836, 0.37335381136, 0.041498861924],
      [0.025901174579, 0.0036664351744, 0.0022399267189, 0.80366992273, 0.16448474385, 3.7796946627e-05],
      [0.042882980587, 0.0075205008127, 0.0214595833, 0.18621083592, 0.73089658085, 0.011029518527],
      [0.10308813028, 0.037506108168, 0.018292981662, 0.2393386892, 0.53256843632, 0.069205654376]
    ],
    [
      [0.1408306643, 1.6874391633e-05, 0.0034908173026, 0.097140325227, 0.73933983442, 0.019181484362],
      [0.32492113134, 0.0013781801694, 4.7112128062e-08, 0.5945766661, 0.065907889364, 0.013216085919],
      [0.00063104324549, 0.089459642769, 0.54616002049, 0.04483310603, 0.30359156256, 0.015324624911],
      [3.0869795702e-06, 0.79795747149, 0.027373172932, 0.027283873463, 0.13989131135, 0.0074910837866],
      [0.030940272361, 0.00049229628256, 0.24678424716, 0.0056929855734, 0.63908491725, 0.077005281381],
      [0.013876960731, 0.0022105760161, 0.00050947000541, 0.84618682076, 0.1371820517, 3.4120794327e-05],
      [0.027110011135, 0.0053420223035, 0.0057404856165, 0.23256247399, 0.71750614314, 0.011738863819],
      [0.065512812102, 0.02679420249, 0.0049327139423, 0.30117084206, 0.52743180189, 0.074157627523]
    ],
    [
      [0.14370913751, 1.7167256057e-05, 0.0061762931422, 0.083227672444, 0.60716728809, 0.15970244155],
      [0.32876396561, 0.0013985618698, 8.313355027e-08, 0.50620946131, 0.054048374538, 0.10957955355],
      [0.00043939232035, 0.061563342084, 0.65564769723, 0.026142179736, 0.16968828681, 0.086519101823],
      [3.0060127263e-06, 0.76343046776, 0.045840768383, 0.022251275955, 0.10937744736, 0.059097034531],
      [0.019272531754, 0.00030489872212, 0.26625572794, 0.0029732506625, 0.3195604276, 0.39163316332],
      [0.016625076729, 0.0026376676039, 0.0010569896319, 0.84706482871, 0.13228335265, 0.00033208467978],
      [0.029828185635, 0.0058474361561, 0.010929121791, 0.21426880606, 0.63406920806, 0.10505724231],
      [0.047255361106, 0.019254258003, 0.0061682241222, 0.18200621553, 0.30603564241, 0.43928029883]
    ],
    [
      [0.1259853422, 3.4027609839e-05, 0.0056233825646, 0.083067487473, 0.72829231018, 0.056997449977],
      [0.32037910537, 0.0030744357932, 8.389894778e-08, 0.56134852226, 0.071815576124, 0.043382276557],
      [0.00039101188839, 0.12516910234, 0.61005792938, 0.02648592455, 0.20650037264, 0.031395659196],
      [1.4707792811e-06, 0.87927151698, 0.02339007585, 0.012396365315, 0.073150414238, 0.011790156835],
      [0.021473174274, 0.00076917818869, 0.30930507699, 0.0037707185477, 0.4871176138, 0.1775642382],
      [0.014189013704, 0.0050929906655, 0.00093682950445, 0.82529835889, 0.1543673175, 0.00011548974102],
      [0.024674555511, 0.010946630859, 0.00939170595, 0.20189602768, 0.71769610389, 0.035394976114],
      [0.05239878253, 0.048446300031, 0.0071060619455, 0.22991228995, 0.46418925718, 0.19794730836]
    ],
    [
      [0.19662783389, 1.630694677e-05, 0.0063837585806, 0.05937194924, 0.65790558824, 0.079694563106],
      [0.48677018405, 0.0014338746065, 9.2678301797e-08, 0.38961639761, 0.063153343201, 0.059026107857],
      [0.00061191428106, 0.059597849362, 0.68941427943, 0.018997143214, 0.18733245518, 0.044046358532],
      [4.2684724872e-06, 0.78073358816, 0.049081064927, 0.016491451205, 0.12302872841, 0.030660898822],
      [0.031168417389, 0.00034232998024, 0.32559014004, 0.0025091346456, 0.40971128288, 0.23067869507],
      [0.029345273912, 0.0032360114699, 0.0014097347878, 0.78082394033, 0.1849708387, 0.00021420079985],
      [0.042916514814, 0.0058474103939, 0.011890387188, 0.16083200522, 0.72330234642, 0.055211335959],
      [0.084015990637, 0.023797931917, 0.0082862336693, 0.168747892, 0.43108893967, 0.28406301211]
    ],
    [
      [0.16267013212, 1.1392714516e-05, 0.0066465311771, 0.047638473246, 0.73984833928, 0.043185131462],
      [0.49190485731, 0.0012214430313, 1.1761688212e-07, 0.3813170148, 0.086546687769, 0.039009879469],
      [0.00050020090963, 0.041034285904, 0.7119170586, 0.015051109692, 0.20790998243, 0.023587362462],
      [4.5459540766e-06, 0.71792769079, 0.065777899411, 0.017026968197, 0.17787433994, 0.02138855571],
      [0.027063294017, 0.0002509058879, 0.35641348221, 0.0021120562911, 0.48317531058, 0.13098495101],
      [0.02814627458, 0.0026200277983, 0.0017004567943, 0.72645374024, 0.24094493111, 0.00013456948608],
      [0.034680450155, 0.0039871367015, 0.012086337855, 0.12596348944, 0.79406727713, 0.029215308717],
      [0.080055238037, 0.019123579141, 0.0099296525404, 0.15586138059, 0.55804177347, 0.17698837622]
    ],
    [
      [0.19690761787, 1.0709950729e-05, 0.0060727712574, 0.06066587012, 0.69451564483, 0.04182738597],
      [0.49593341263, 0.00095542618453, 8.9404400424e-08, 0.40409664869, 0.067582255488, 0.031432167611],
      [0.00064793376241, 0.041412819032, 0.70348801101, 0.02055446575, 0.20938713004, 0.024509640402],
      [5.7951725385e-06, 0.71549015311, 0.063518508646, 0.022880184771, 0.1762359622, 0.021869396102],
      [0.034667859572, 0.0002501735008, 0.34658206554, 0.0028509899572, 0.48104101337, 0.13460789806],
      [0.028577813832, 0.0020698694458, 0.0013056501631, 0.77787100695, 0.19006612626, 0.00010953335411],
      [0.042285230168, 0.0037821840722, 0.011144505953, 0.16193377336, 0.75230034104, 0.028553965408],
      [0.095107090851, 0.017656340874, 0.008914429117, 0.19511996605, 0.51472791402, 0.16847425909]
    ],
    [
      [0.10111885934, 1.8491346851e-05, 0.007750281774, 0.059338632495, 0.77960909986, 0.052164635181],
      [0.3317066052, 0.0021496939375, 1.4870544446e-07, 0.51618663788, 0.098869306751, 0.051087607525],
      [0.00026820432008, 0.057584363985, 0.71294846122, 0.016138546698, 0.18852698402, 0.024533439756],
      [1.9269638579e-06, 0.78813077989, 0.052279232093, 0.014436977549, 0.12756450739, 0.017586576109],
      [0.015274862684, 0.00036960050896, 0.37685375, 0.00238475848, 0.46146151313, 0.1436555152],
      [0.014791440707, 0.003590662999, 0.0016739759631, 0.76548625703, 0.2143205177, 0.00013714560008],
      [0.020156651438, 0.0060456342931, 0.013158356357, 0.14658888359, 0.78110847592, 0.032941998406],
      [0.04574182298, 0.028566629916, 0.010637763895, 0.17841838063, 0.53995787696, 0.19667752562]
    ],
    [
      [0.23955229654, 2.0589643207e-05, 0.0060483724474, 0.069084918788, 0.66717182543, 0.018121997156],
      [0.52880832986, 0.0015986883052, 7.7574773818e-08, 0.40118819958, 0.056538675879, 0.0118660288],
      [0.00077370838337, 0.079079914275, 0.68779627967, 0.023118225775, 0.19872456599, 0.010507305906],
      [4.3889246203e-06, 0.83175353727, 0.03975980745, 0.01632783012, 0.10620301944, 0.0059514167926],
      [0.046042815196, 0.00052877352736, 0.37860537145, 0.0035617883612, 0.50735097132, 0.063910280153],
      [0.031119581316, 0.0035822758096, 0.0011711807129, 0.79968598591, 0.16439818873, 4.2787524093e-05],
      [0.051731199698, 0.0073557254201, 0.011221783347, 0.18653471207, 0.73064435426, 0.012512225212],
      [0.12165671433, 0.03588228872, 0.0093670422744, 0.23464186351, 0.52170819501, 0.07674389615]
    ],
    [
      [0.144358138, 3.7135595479e-05, 0.0061839676344, 0.11822210149, 0.70557017896, 0.025628478324],
      [0.29132905533, 0.0026586670581, 7.3103235252e-08, 0.63543478811, 0.055120544168, 0.01545687223],
      [0.00042418526193, 0.1294599357, 0.63059914116, 0.035808618208, 0.19025341911, 0.01345470056],
      [1.5659713351e-06, 0.88846709529, 0.023927414496, 0.016462012897, 0.066182638027, 0.0049592733202],
      [0.026602323723, 0.00091034355792, 0.36789035426, 0.0058167579826, 0.51230488804, 0.086475332438],
      [0.011962844321, 0.0041084437418, 0.00076120601509, 0.87262387307, 0.11050519523, 3.8437623669e-05],
      [0.026838009093, 0.011384595607, 0.0098397390272, 0.2742189973, 0.6625445473, 0.015174111671],
      [0.060685589164, 0.053562460951, 0.0079144223211, 0.3323161852, 0.45575038324, 0.089770959124]
    ],
    [
      [0.11761249319, 2.3602096825e-05, 0.0092778652047, 0.079302023316, 0.7650356247, 0.028748391495],
      [0.32076846458, 0.0022746909885, 1.4773298453e-07, 0.57308176513, 0.08050253207, 0.023372399496],
      [0.00027013582345, 0.063797221612, 0.74480065764, 0.01872381093, 0.16065748916, 0.011750684835],
      [1.9107906005e-06, 0.81438709542, 0.053709827085, 0.016485438622, 0.10711373531, 0.0083019927708],
      [0.017603918293, 0.00046958906959, 0.45036954817, 0.003164113936, 0.44983244274, 0.078560387792],
      [0.013668446442, 0.0036407534359, 0.0015938837071, 0.81384107134, 0.16719569732, 6.0147749737e-05],
      [0.02277740108, 0.0075085597181, 0.015333431238, 0.19072557513, 0.74598274723, 0.017672285594],
      [0.054295992823, 0.037184590132, 0.013007891454, 0.24373096562, 0.54124730053, 0.11053325945]
    ],
    [
      [0.20953643397, 3.4129888974e-05, 0.0078368794682, 0.066051673844, 0.69892565879, 0.017615224039],
      [0.50218806776, 0.0028877408344, 1.0958933484e-07, 0.41774251402, 0.064608336665, 0.01257323113],
      [0.00054430572455, 0.10444061421, 0.70232256919, 0.017715696813, 0.16680693326, 0.008169880801],
      [2.5542968468e-06, 0.878030106, 0.034017653101, 0.010345936535, 0.073772603436, 0.0038311466344],
      [0.035919249827, 0.00077837400869, 0.43269753504, 0.0030288595295, 0.47245344802, 0.055122533569],
      [0.028171323238, 0.0061210027096, 0.0015656774043, 0.78642487388, 0.17767422244, 4.2900324974e-05],
      [0.044172620706, 0.01186037682, 0.014146323204, 0.17343227993, 0.74455396318, 0.011834436165],
      [0.10418697034, 0.05804819886, 0.011857816656, 0.21903890707, 0.53405295664, 0.072815150441]
    ],
    [
      [0.12123632971, 2.8794939247e-05, 0.0093848662879, 0.092176015308, 0.73151379832, 0.04566019544],
      [0.29628626349, 0.0024926192281, 1.3420341544e-07, 0.59876826188, 0.06913166404, 0.033321057159],
      [0.00027319571726, 0.076363473656, 0.73292726351, 0.021354424594, 0.15078502988, 0.018296612641],
      [1.660034782e-06, 0.84068379093, 0.045715903632, 0.016150960278, 0.086345162063, 0.011102523065],
      [0.017603090343, 0.00055546056417, 0.43971544576, 0.0035675361108, 0.41735703472, 0.12120143251],
      [0.012488976255, 0.0039399225979, 0.0014298704593, 0.84027048501, 0.14178607913, 8.4666551867e-05],
      [0.023212890091, 0.0090593951525, 0.015335858371, 0.21932614197, 0.70531759301, 0.027748121404],
      [0.05126669816, 0.04159525235, 0.012058712789, 0.25973285183, 0.4742288041, 0.16111768077]
    ],
    [
      [0.17523236757, 6.0423046751e-05, 0.0079690820448, 0.080668396271, 0.71391967868, 0.022150052392],
      [0.41250190565, 0.0050227045223, 1.094296731e-07, 0.50216541527, 0.064777866889, 0.01553199824],
      [0.00041003709061, 0.16751497754, 0.64994608988, 0.019481230113, 0.15339594164, 0.009251723736],
      [1.2485779495e-06, 0.92552003882, 0.020277629033, 0.0073820685059, 0.044004571013, 0.0028144440492],
      [0.029165736433, 0.001339781738, 0.43008765143, 0.0035900548608, 0.46845669333, 0.067360082205],
      [0.019974865532, 0.0091854905672, 0.0013488499332, 0.8157407197, 0.15370436525, 4.5709018317e-05],
      [0.034866142299, 0.019825080181, 0.013577447768, 0.20000382221, 0.71768627711, 0.014041230426],
      [0.078713563942, 0.093044089127, 0.010898895959, 0.24184631804, 0.4926940321, 0.082803100835]
    ],
    [
      [0.18838680824, 3.6262289999e-05, 0.0053556306283, 0.074334152935, 0.71601986867, 0.015867277237],
      [0.4510895816, 0.0030523843342, 7.450150294e-08, 0.46878488093, 0.065800493078, 0.011272585557],
      [0.0006127437833, 0.14015324449, 0.61050215359, 0.025020849375, 0.21445774685, 0.0092532619106],
      [2.1607075129e-06, 0.89244046324, 0.022055138672, 0.010979561016, 0.071261686473, 0.003260989886],
      [0.03715067313, 0.00095466487025, 0.3427416849, 0.003926890273, 0.55788537538, 0.057340711453],
      [0.022960292166, 0.0059019994182, 0.00097093521773, 0.80506491034, 0.16506679052, 3.5072345496e-05],
      [0.03846495198, 0.012230274393, 0.009381670129, 0.18945238913, 0.74012770135, 0.010343013023],
      [0.091501244535, 0.060362838642, 0.0079268590789, 0.24119570433, 0.53484404685, 0.064169306562]
    ],
    [
      [0.35197468443, 3.6591379628e-05, 0.0068078001847, 0.060865121546, 0.55989538139, 0.020420421076],
      [0.65155270154, 0.0023761798498, 7.2958105923e-08, 0.29524901732, 0.039650702067, 0.011171326257],
      [0.00098926768766, 0.12544160028, 0.69945499648, 0.017811339217, 0.14592545873, 0.010377337611],
      [3.609890268e-06, 0.91261316946, 0.025387421017, 0.0080927471513, 0.05012731878, 0.0037757336963],
      [0.066998447027, 0.0009392372904, 0.43334209923, 0.0031206495036, 0.42369022825, 0.071909338702],
      [0.050810180768, 0.0071097458357, 0.0014700831341, 0.78666489387, 0.15389137593, 5.3720456208e-05],
      [0.084748572995, 0.014662055553, 0.014150085939, 0.18395064418, 0.68670894447, 0.015779696859],
      [0.18107353134, 0.065318893507, 0.010725915291, 0.20995741637, 0.44477401782, 0.08815022566]
    ],
    [
      [0.23949391375, 1.9959934164e-05, 0.0047571531741, 0.097761069776, 0.63953757962, 0.018430323752],
      [0.45184906338, 0.0013380137626, 5.2636758853e-08, 0.48964738646, 0.046755592261, 0.010409891501],
      [0.00087911528199, 0.087850368962, 0.64685507544, 0.036993854987, 0.21535197652, 0.012069608812],
      [4.3185637804e-06, 0.84098940618, 0.030923124345, 0.022607033871, 0.099553544353, 0.0059225726887],
      [0.050849011343, 0.0005655848046, 0.33656202463, 0.0055432790377, 0.53495535475, 0.071524745439],
      [0.02366836073, 0.0026282948608, 0.00069708229921, 0.85380083578, 0.11917250297, 3.2923358284e-05],
      [0.049732723895, 0.0068274277798, 0.0084505528039, 0.25259463767, 0.67021687814, 0.012177779706],
      [0.11356434216, 0.032450726369, 0.0068613905825, 0.30903184874, 0.46542793004, 0.072663762104]
    ],
    [
      [0.10849835315, 4.8535713422e-05, 0.008274824715, 0.08724751124, 0.75595084268, 0.039979932498],
      [0.2833709567, 0.0044877880243, 1.2630565576e-07, 0.60475109233, 0.076253915447, 0.031136121192],
      [0.00025150227491, 0.13397306597, 0.66835507788, 0.020783231056, 0.16014944692, 0.016487675899],
      [8.9665305318e-07, 0.90672397268, 0.024407771932, 0.0092226239505, 0.053779263659, 0.0058654711258],
      [0.016649674583, 0.00099056284116, 0.41094565187, 0.0035676457102, 0.45557766021, 0.11226880478],
      [0.011624333962, 0.0069175251356, 0.0013120663139, 0.82755972646, 0.15250923142, 7.7116708221e-05],
      [0.020561011081, 0.015130260696, 0.013384734353, 0.20547103431, 0.72140822098, 0.024044738586],
      [0.045685950963, 0.070193958388, 0.010597042455, 0.24481578265, 0.48808969587, 0.14061756967]
    ],
    [
      [0.23905168117, 1.8974795581e-05, 0.0062153703165, 0.092440062162, 0.64406427396, 0.018209637592],
      [0.46501301074, 0.0013012160625, 7.0381202591e-08, 0.4749727063, 0.048186609328, 0.010526387183],
      [0.00075614399238, 0.071771436714, 0.69872544701, 0.030305744912, 0.18807835224, 0.010362875125],
      [4.5776377342e-06, 0.82073280975, 0.042917401971, 0.022841912778, 0.10724151559, 0.0062617822768],
      [0.046071988521, 0.00049006402148, 0.3924857964, 0.0047794723537, 0.49162211494, 0.064550563763],
      [0.024530025228, 0.0026074921068, 0.00095037924961, 0.84658326409, 0.12529488894, 3.3950378793e-05],
      [0.049733536459, 0.0065345777173, 0.01111521849, 0.24070938219, 0.67979073563, 0.012116549513],
      [0.11460310607, 0.031239988809, 0.0090899981669, 0.29673442105, 0.47548767043, 0.072844815478]
    ],
    [
      [0.23500082138, 4.4704826872e-05, 0.0056906750112, 0.079537861116, 0.64615961688, 0.03356632079],
      [0.48871498865, 0.0032743140869, 6.879113253e-08, 0.43569961705, 0.051611081332, 0.020699930098],
      [0.00071685465009, 0.16477510449, 0.608957009, 0.025166645003, 0.1819898429, 0.018394543949],
      [2.0573380547e-06, 0.91865816132, 0.017931331367, 0.0089888235677, 0.049153105284, 0.0052665211203],
      [0.044425974467, 0.001131282822, 0.34967823126, 0.0040363584352, 0.48376985321, 0.11695829981],
      [0.02720449246, 0.0069457543838, 0.00098310467752, 0.82273298498, 0.14206307458, 7.0588919994e-05],
      [0.049563263544, 0.015633436414, 0.010322050204, 0.21005872581, 0.69177882573, 0.0226436983],
      [0.10600918019, 0.069718265834, 0.0078440287656, 0.24029169118, 0.44924360444, 0.12689322958]
    ],
    [
      [0.22108325402, 2.9250978073e-05, 0.009526331772, 0.084668603139, 0.63080996472, 0.053882595373],
      [0.45505819845, 0.0021217568696, 1.1410696114e-07, 0.45996163038, 0.049942143287, 0.032916156905],
      [0.00049625223047, 0.078303884369, 0.74916327666, 0.019689476644, 0.13064758755, 0.021699522549],
      [2.8932577873e-06, 0.85654955708, 0.044775698698, 0.01429268476, 0.071756416588, 0.012622749621],
      [0.032321861571, 0.00057269688299, 0.45345579475, 0.0033210996134, 0.36503136896, 0.14529717822],
      [0.024479279139, 0.0043378865692, 0.0015718181405, 0.83700537367, 0.13249751677, 0.00010812571148],
      [0.04622751851, 0.010124364835, 0.017117115767, 0.22153433883, 0.66900155114, 0.035995110916],
      [0.094400545801, 0.04296698076, 0.012422822135, 0.24202369673, 0.41496538114, 0.19322057343]
    ],
    [
      [0.14147919767, 1.9887653723e-05, 0.0096257104495, 0.077130966942, 0.73239795849, 0.039346278793],
      [0.36642588353, 0.0018184857749, 1.4535065144e-07, 0.5283439615, 0.073094378158, 0.030317145692],
      [0.00032128579863, 0.053321008475, 0.75993303377, 0.018044417786, 0.15244570398, 0.015934550195],
      [2.5639514335e-06, 0.7925328168, 0.062220353614, 0.017928610838, 0.11462311515, 0.012692539643],
      [0.020559283783, 0.00038483281062, 0.45241048972, 0.0029934987034, 0.41895945178, 0.1046924432],
      [0.016824607017, 0.0031518307307, 0.0016978420161, 0.81383107712, 0.16441016974, 8.4473383001e-05],
      [0.028080140701, 0.0064999097578, 0.016338446191, 0.19059723525, 0.73364396101, 0.02484030709],
      [0.064122792721, 0.030845486456, 0.013272765426, 0.23317597963, 0.50964409588, 0.14893887988]
    ],
    [
