{
  "Z_true": {},
  "V_true": [
    [32, 133, 1003, 125],
    [309, 372, 12586, 598],
    [334, 12281, 547, 406],
    [1049, 760, 577, 118],
    [123, 1025, 683, 768]
  ],
  "p_true": [
    [0.0247, 0.1029, 0.7757, 0.0967],
    [0.0223, 0.0268, 0.9078, 0.0431],
    [0.0246, 0.9051, 0.0403, 0.0299],
    [0.4189, 0.3035, 0.2304, 0.0471],
    [0.0473, 0.3944, 0.2628, 0.2955]
  ],
  "Z_est": [
    [
      [0.0021, 0.019, 0.2211, 0.2549, 0.1753, 0.2157, 0.4727, 0.2033, 0.0958, 0.1545, 0.1795, 0.2234, 0.0239, 0.0402, 0.2548, 0.069, 0.2086, 0.1116, 0.2355, 0.268, 0.0536, 0.103, 0.0799, 0.0369, 0.201, 0.0354, 0, 0.0817, 0.1648, 0.0726, 0.1587, 0.0806, 1.0322, 0.0712, 0.1821, 0.0217, 0.4972, 0.1435, 0.5858, 0.0916],
      [0.1419, 0.5483, 3.6571, 10.4085, 3.9844, 7.2271, 5.66, 2.6829, 2.377, 3.4487, 6.3679, 3.3643, 0.8652, 0.5718, 10.1215, 1.7991, 3.4178, 2.9914, 5.2336, 6.0649, 0.8569, 2.2489, 2.3502, 1.9214, 4.9702, 0.5363, 0.2654, 2.6879, 5.2585, 1.4376, 4.8249, 2.8597, 0.2808, 2.0289, 5.1312, 0.1219, 14.6999, 1.4548, 12.8009, 1.1186],
      [1.0437, 4.9895, 30.8521, 42.7544, 22.3774, 32.2378, 42.7809, 17.8714, 12.404, 27.0208, 31.57, 27.9127, 6.612, 6.9049, 55.8675, 6.603, 22.1243, 17.4633, 36.155, 36.9383, 9.0988, 20.1021, 14.3155, 10.7384, 26.6234, 7.2653, 0.412, 9.8406, 18.4363, 11.2263, 19.3186, 9.4322, 2.4249, 6.9013, 27.0676, 2.1665, 52.0307, 9.6389, 83.0176, 22.6047],
      [0.8123, 1.4432, 12.2698, 11.5822, 7.4628, 9.3194, 15.0864, 6.2424, 6.1233, 9.376, 8.8826, 10.4996, 2.499, 1.4831, 17.7562, 1.5289, 11.2494, 4.4337, 11.3758, 9.7287, 2.9908, 6.5461, 5.2545, 2.3034, 8.2054, 3.1631, 0.3226, 3.3899, 7.1404, 4.2635, 4.6977, 3.6276, 1.2622, 2.9985, 11.6191, 0.6899, 17.7722, 2.7628, 38.5957, 5.1851]
    ],
    [
      [0.1236, 0.5588, 18.4212, 17.3236, 15.307, 13.3943, 30.3662, 17.1655, 7.5086, 5.6858, 13.7799, 7.5476, 1.4164, 0.7149, 11.2522, 2.8059, 12.8741, 8.952, 15.0737, 12.925, 6.6604, 15.9345, 14.1104, 0.7865, 16.4926, 6.1169, 0, 3.1441, 13.5673, 9.9572, 12.7976, 4.2896, 35.7648, 3.3989, 7.6405, 5.3074, 25.6496, 6.2498, 28.8793, 2.1496],
      [0.5682, 0.6847, 11.5311, 33.1049, 15.1998, 19.3296, 15.6573, 9.486, 7.5376, 6.0516, 23.4991, 7.2038, 2.3378, 1.6298, 21.3842, 2.5432, 8.0578, 10.132, 13.6991, 12.0284, 3.8113, 17.3014, 20.6047, 2.963, 16.9649, 10.5759, 0.6842, 3.6142, 18.02, 10.7735, 16.5259, 6.3925, 19.182, 3.2228, 9.5275, 2.8704, 31.8772, 3.0183, 26.2675, 4.158],
      [19.9926, 31.0785, 532.9624, 686.6396, 406.5325, 451.4847, 610.8156, 326.5052, 206.4091, 198.8703, 565.8688, 165.1993, 98.4509, 21.614, 555.617, 58.5842, 283.914, 307.442, 505.2085, 379.8842, 228.3677, 620.3353, 526.6573, 48.1671, 457.7547, 247.8276, 8.9917, 81.6458, 324.2107, 279.2214, 333.6218, 113.0776, 64.9313, 70.9771, 234.5218, 103.5606, 583.5523, 98.009, 833.9908, 92.4122],
      [4.3156, 2.678, 64.0853, 55.9319, 40.9607, 39.7914, 66.1608, 34.8432, 30.5447, 20.3923, 47.8522, 18.0492, 11.7949, 1.0413, 53.7466, 4.0667, 43.1541, 23.474, 49.0186, 30.1624, 22.1605, 56.4287, 52.6276, 3.0834, 42.7878, 30.4796, 2.3242, 8.5959, 38.202, 31.048, 24.0548, 13.2404, 12.1218, 9.4012, 30.3103, 8.2616, 60.9209, 8.7229, 115.8624, 5.2802]
    ],
    [
      [0.3544, 0.383, 17.1468, 15.0533, 17.8997, 10.9167, 30.2881, 12.3149, 6.1843, 6.2678, 12.676, 9.5221, 1.3495, 0.7875, 12.8023, 4.9802, 12.7123, 6.9632, 11.2762, 11.8264, 5.2551, 14.4308, 8.5021, 1.0634, 19.1487, 7.1465, 0, 7.2362, 13.0504, 12.0663, 13.614, 7.7246, 35.0389, 7.2646, 8.2858, 5.2927, 27.9571, 6.0684, 34.1972, 3.322],
      [22.0738, 14.5246, 319.2339, 842.2076, 492.2759, 447.3302, 420.1663, 190.1159, 176.9701, 176.9689, 596.7997, 213.9487, 54.9977, 29.8149, 638.6077, 143.6493, 231.6666, 223.8169, 292.8825, 316.7224, 95.31, 415.1737, 333.1369, 181.0753, 556.1652, 325.8051, 9.8145, 271.682, 509.5434, 347.8247, 510.4097, 330.6206, 84.055, 224.7138, 289.0232, 71.8619, 977.1219, 74.5789, 849.9039, 103.6578],
      [2.0333, 0.8864, 23.8068, 31.9391, 22.9065, 18.4455, 29.0566, 11.0432, 8.5684, 10.42, 26.129, 10.0923, 3.684, 1.3099, 31.2707, 4.7719, 13.8627, 11.4609, 18.1404, 16.7689, 8.6761, 26.4022, 15.1709, 6.1588, 25.6304, 14.4462, 0.0287, 8.8346, 15.4201, 16.2538, 17.9467, 9.9354, 19.1711, 6.8182, 12.3743, 5.0062, 31.9439, 4.4762, 48.5711, 7.3254],
      [0.5385, 0.2059, 5.8125, 4.7999, 4.9178, 3.3077, 6.4891, 2.526, 2.2772, 2.3433, 4.3953, 2.437, 0.9687, 0.0876, 6.3193, 0.5986, 3.7584, 1.759, 3.7009, 2.6823, 1.7588, 4.9932, 3.1902, 0.7025, 5.0557, 3.6022, 0.1568, 2.2471, 3.9861, 3.8552, 2.0296, 2.7194, 4.735, 2.2035, 3.3167, 0.8393, 6.9771, 0.8764, 12.3278, 0.6948]
    ],
    [
      [0.1488, 0.7041, 24.8524, 28.9068, 31.6883, 20.7958, 57.0389, 25.6035, 11.1674, 8.8425, 25.7132, 11.5496, 1.2925, 0.9156, 13.0451, 5.5764, 18.2845, 12.1369, 20.4193, 19.8931, 6.3341, 24.7891, 18.6173, 1.6405, 23.6314, 7.754, 0, 6.8088, 19.3075, 21.5293, 17.5846, 13.7089, 58.6776, 8.0062, 11.7842, 12.6802, 37.419, 12.2924, 36.5036, 2.8182],
      [0.1477, 0.8092, 15.9929, 49.9326, 30.0054, 28.3807, 27.3188, 13.6947, 11.2282, 8.5634, 38.8662, 9.0982, 1.509, 1.2687, 18.4831, 5.7024, 11.5596, 13.3441, 18.4235, 18.5081, 3.7813, 24.5291, 24.6042, 4.984, 23.4829, 10.8454, 0.6166, 8.4731, 25.4307, 21.3046, 22.1248, 18.7262, 7.8074, 8.6406, 13.9094, 5.7222, 45.2407, 4.9435, 30.2683, 2.8616],
      [0.6455, 2.4123, 46.9465, 69.9124, 55.1139, 44.2891, 72.5659, 31.3997, 20.4197, 19.8046, 64.2664, 16.6452, 4.0022, 1.7818, 35.1088, 7.5191, 26.5725, 26.7204, 44.4737, 38.4063, 13.3714, 60.5255, 43.0893, 6.2192, 42.3417, 18.5041, 0.3495, 11.2562, 29.8847, 39.4325, 29.4576, 23.4737, 8.2197, 10.7971, 23.1374, 15.1139, 56.0504, 11.37, 66.567, 7.1552],
      [0.058, 0.0744, 2.2082, 2.2483, 2.1925, 1.5344, 3.0765, 1.3021, 1.1847, 0.7895, 2.1543, 0.7071, 0.1964, 0.0339, 1.363, 0.2021, 1.5834, 0.7987, 1.6836, 1.1924, 0.5132, 2.1563, 1.6893, 0.1563, 1.544, 0.8965, 0.034, 0.462, 1.3771, 1.7337, 0.833, 1.0912, 1.2953, 0.5561, 1.1691, 0.4837, 2.2899, 0.3941, 3.661, 0.165]
    ],
    [
      [0.3712, 0.3352, 10.3585, 12.4614, 8.9297, 5.6776, 16.8341, 10.7128, 6.0439, 4.0494, 9.6514, 5.1573, 0.9177, 0.5417, 7.6456, 2.5684, 6.9206, 5.8362, 10.9953, 8.0875, 4.6968, 8.7426, 6.6904, 0.4728, 8.5264, 3.9472, 0, 3.7292, 6.9099, 7.3747, 7.845, 3.1964, 32.4865, 3.2591, 5.1074, 2.698, 24.4771, 4.2459, 18.834, 1.6186],
      [2.0683, 1.4332, 23.5851, 76.3464, 30.5345, 26.7325, 28.1977, 20.0204, 20.887, 13.9675, 52.4672, 14.3851, 4.2904, 2.7148, 41.4034, 9.3059, 15.2983, 22.7156, 34.7612, 26.6762, 10.2405, 30.7469, 31.304, 4.0563, 29.4167, 20.2373, 0.6194, 16.5428, 31.7475, 26.6596, 35.1147, 16.401, 6.6748, 12.3939, 21.4087, 4.4236, 100.0603, 6.0045, 56.7594, 6.204],
      [4.285, 2.6332, 42.4322, 65.7545, 34.0696, 25.5429, 45.781, 28.1805, 23.1989, 19.8843, 53.1658, 16.1505, 7.2509, 2.3894, 47.1361, 7.5219, 21.5265, 27.9135, 51.0224, 34.0023, 22.486, 46.6349, 33.7671, 3.7165, 32.6498, 20.9568, 0.2181, 13.4228, 23.0482, 29.866, 28.6553, 12.0811, 6.253, 9.5062, 21.8989, 7.1528, 77.4227, 8.5059, 75.8534, 9.5025],
      [3.2755, 0.5984, 15.6242, 16.4377, 10.4662, 7.0471, 15.1872, 9.0862, 10.8702, 6.0988, 13.7157, 5.3071, 2.541, 0.3541, 13.8149, 1.6037, 10.2546, 6.5346, 15.2211, 8.234, 6.5767, 12.8757, 10.2385, 0.7544, 9.4071, 7.8586, 0.1626, 4.3052, 8.2944, 10.0997, 6.3849, 4.3215, 2.5856, 3.8407, 8.5849, 1.7255, 25.0399, 2.2437, 32.5531, 1.6749]
    ]
  ],
  "V_est": [
    [7.122, 148.7881, 845.1444, 291.9454],
    [432.0934, 450.021, 11764.9073, 1217.9783],
    [438.3695, 12406.2511, 597.1868, 126.1926],
    [680.4613, 631.1328, 1145.3221, 47.0839],
    [288.9538, 934.8069, 1043.4394, 331.7999]
  ],
  "p_est": [
    [0.0055, 0.1151, 0.6536, 0.2258],
    [0.0312, 0.0325, 0.8485, 0.0878],
    [0.0323, 0.9144, 0.044, 0.0093],
    [0.2717, 0.252, 0.4574, 0.0188],
    [0.1112, 0.3597, 0.4015, 0.1277]
  ],
  "EI_Z": {},
  "EI_V": 7.0305,
  "MAE_Z": {},
  "MAE_V": 237.8349,
  "MAE_p": 0.0651,
  "runtime": 0.117
}
