{
  "Z_true": {},
  "V_true": [
    [6, 550, 128, 112, 26],
    [435, 15, 70, 487, 32],
    [377, 584, 148, 16241, 430],
    [115, 156, 3276, 538, 103],
    [175, 126, 260, 1202, 174],
    [82, 42, 93, 328, 285]
  ],
  "p_true": [
    [0.0073, 0.6691, 0.1557, 0.1363, 0.0316],
    [0.4187, 0.0144, 0.0674, 0.4687, 0.0308],
    [0.0212, 0.0328, 0.0083, 0.9134, 0.0242],
    [0.0275, 0.0372, 0.7822, 0.1285, 0.0246],
    [0.0903, 0.065, 0.1342, 0.6205, 0.0898],
    [0.0988, 0.0506, 0.112, 0.3952, 0.3434]
  ],
  "Z_est": [
    [
      [1.1868, 1.0439, 0.3555, 1.0925, 0.5026, 0.5453, 1.1253, 0.5282, 1.2836, 0.357, 0.924, 0.7495, 1.1198, 4.1155, 4.7132, 3.1614, 1.2139, 0.4468, 1.0574, 0.8028, 0.7038, 0.1184, 0.2525, 0, 0.402, 0.9308, 0.3465, 0.2119, 13.1642, 2.2495, 3.9079, 0.3101],
      [7.0551, 5.6815, 0, 9.5737, 2.3517, 5.6314, 4.939, 5.0993, 6.6052, 2.1823, 8.6379, 2.8963, 5.7132, 6.5062, 11.8841, 9.7379, 2.7609, 3.9853, 6.4652, 6.9819, 6.7223, 0.7772, 0.2098, 0, 2.2886, 3.0445, 0.4166, 1.8127, 89.1434, 9.9561, 22.164, 0.7138],
      [2.8467, 2.5, 0.2909, 5.2103, 1.2179, 1.438, 2.3416, 1.7361, 1.8344, 0.5481, 1.8811, 0.9424, 0.9679, 10.5049, 15.1873, 12.8517, 3.8107, 1.7775, 1.9918, 3.8243, 1.2087, 0.5776, 0.2386, 0, 1.507, 4.1336, 0.7437, 0.4655, 44.2778, 4.2109, 8.5952, 0.7181],
      [9.9506, 7.8036, 0.2054, 14.9292, 3.3632, 8.2101, 4.1076, 7.8025, 10.8904, 4.1946, 15.3768, 6.1201, 6.9354, 11.299, 16.2103, 7.1656, 6.7489, 6.322, 11.8417, 12.2469, 8.7488, 1.411, 0.2007, 0, 2.4232, 3.5306, 0.3936, 2.1257, 108.111, 17.0183, 26.8999, 1.0993],
      [0.9607, 0.9709, 0.1482, 1.1943, 0.5647, 1.1752, 0.4865, 0.8339, 0.3864, 0.718, 1.1803, 0.2917, 1.2638, 1.6179, 2.0051, 1.0835, 0.4656, 0.4684, 0.6439, 1.1441, 0.6164, 0.1158, 0.0985, 0, 0.3792, 0.3604, 0.0996, 0.3841, 12.3037, 1.5652, 3.433, 0.1588]
    ],
    [
      [8.9328, 8.6611, 1.2516, 3.5024, 3.3833, 6.1811, 3.2559, 5.5024, 7.9853, 2.1605, 4.4056, 3.034, 6.8354, 24.8478, 29.1786, 19.8572, 6.5897, 3.8589, 8.227, 4.6084, 6.1761, 0.9334, 0.9092, 0, 2.5306, 5.3795, 5.3331, 0.4879, 75.2204, 16.4355, 31.0789, 4.7762],
      [0.6556, 0.5418, 0, 0.2622, 0.1198, 0.6658, 0.3003, 0.406, 0.2743, 0.1363, 0.4272, 0.2014, 0.2474, 1.1471, 3.8111, 2.1974, 0.172, 0.282, 0.4035, 0.1754, 0.8448, 0.0462, 0.0375, 0, 0.1441, 0.0804, 0.0462, 0.1136, 4.428, 0.8263, 2.6373, 0.3733],
      [10.4354, 10.6023, 0.8782, 5.337, 4.1284, 8.3053, 3.2397, 7.7856, 6.77, 1.8789, 4.2768, 2.5075, 3.1404, 38.5774, 54.181, 42.3983, 9.8783, 5.6761, 8.5716, 9.4106, 6.056, 2.3977, 0.6302, 0, 4.3544, 9.0208, 6.3812, 0.6203, 112.267, 17.7596, 36.9901, 7.3047],
      [2.2324, 3.8501, 0.1756, 1.818, 0.9701, 2.4135, 0.5229, 1.7046, 3.9337, 0.5141, 1.0113, 0.714, 0.3879, 13.0821, 18.1376, 13.9636, 3.5152, 1.0142, 2.8613, 4.2172, 1.7518, 1.1516, 0.1638, 0, 1.4275, 3.2044, 1.6021, 0.3111, 43.5167, 6.9345, 11.7567, 3.4681],
      [2.7438, 3.3447, 0.6946, 1.0804, 2.3985, 4.4343, 0.6812, 2.6015, 1.0368, 1.3101, 1.8791, 0.5431, 2.3888, 9.2297, 9.6915, 4.5833, 1.8448, 1.1687, 1.9367, 2.5884, 2.1713, 0.4711, 0.2594, 0, 1.5434, 1.3149, 1.6373, 0.4671, 28.5679, 5.044, 11.537, 2.0775]
    ],
    [
      [0.5183, 0.4656, 0.154, 0.135, 0.236, 0.147, 0.4654, 0.1754, 0.7284, 0.097, 0.2376, 0.2642, 1.0509, 0.2178, 0.0599, 0.0133, 0.1989, 0.1502, 0.5655, 0.0618, 0.2878, 0.0032, 0.0659, 0, 0.0351, 0.081, 0.4246, 0.0033, 2.0612, 1.0599, 1.3396, 0.0546],
      [41.0204, 29.1208, 0, 34.7741, 12.4794, 33.8769, 27.2446, 35.0359, 41.7998, 8.2323, 36.3803, 13.11, 34.6801, 13.4898, 15.1081, 12.5236, 10.6533, 27.1757, 35.8921, 23.051, 39.4292, 1.769, 0.5856, 0, 6.5799, 13.2873, 4.7551, 1.9781, 293.9325, 41.7422, 104.4552, 2.7612],
      [0.5597, 0.476, 0.0024, 0.7563, 0.2791, 0.1357, 0.4492, 0.3248, 0.1113, 0.0052, 0.0991, 0.0131, 0.0313, 0.3482, 0.1231, 0.1292, 0.6543, 0.4928, 0.2622, 0.2251, 0.1145, 0.0105, 0.0015, 0.0468, 0.1284, 0.7734, 0.6114, 0.0001, 4.3863, 0.582, 1.1354, 0.0462],
      [633.3771, 619.4372, 14.9123, 544.826, 283.1378, 551.6468, 263.293, 643.3176, 623.8067, 122.2756, 529.6487, 195.4111, 429.3152, 386.791, 296.3389, 203.8918, 313.3943, 545.6203, 660.6019, 420.3911, 421.8465, 42.1814, 10.652, 18.2762, 120.2958, 317.6024, 159.1689, 13.2761, 4384.6878, 909.4811, 1475.7665, 84.8788],
      [19.5244, 23.5003, 1.9313, 15.5086, 13.8676, 28.1936, 6.5477, 25.1464, 8.5538, 8.3899, 17.6343, 4.2016, 26.9225, 9.6779, 5.3703, 2.4425, 6.0993, 14.561, 14.6783, 14.271, 10.3219, 1.0359, 0.695, 0.677, 3.9609, 5.256, 6.0401, 0.7424, 138.9322, 29.1348, 53.3033, 2.2597]
    ],
    [
      [15.8137, 17.5062, 1.5072, 10.3305, 8.3397, 7.8125, 14.2382, 7.73, 18.9308, 1.0696, 9.9327, 3.7041, 9.9272, 41.9342, 47.1217, 35.2214, 15.4318, 6.2881, 11.3494, 8.4736, 7.4065, 1.3121, 2.3494, 0, 5.6572, 14.5667, 15.3024, 0.9742, 140.5943, 23.9474, 47.5251, 5.7365],
      [1.3257, 1.6658, 0, 1.5641, 0.5028, 2.0964, 1.4024, 0.7569, 0.9565, 0.1479, 2.2594, 0.5036, 0.3432, 4.6628, 12.038, 13.2985, 2.3312, 0.5996, 0.6763, 1.3148, 1.1618, 0.1817, 0.0688, 0, 1.2334, 1.9994, 0.4138, 0.8004, 24.0125, 1.7285, 5.5743, 0.713],
      [65.0201, 70.3544, 2.3585, 78.5631, 32.8542, 42.7629, 42.502, 51.0081, 39.6103, 2.1436, 35.3411, 6.7678, 11.7311, 181.5948, 216.14, 236.2802, 79.9973, 48.2986, 41.4483, 60.3082, 27.6069, 8.79, 2.8869, 3.0363, 33.1553, 110.8065, 50.5633, 2.1549, 751.3148, 81.3714, 186.262, 21.5436],
      [14.6527, 19.9676, 0.5529, 24.1764, 8.6442, 16.5283, 4.8415, 15.3004, 23.1311, 0.2896, 13.9585, 1.6723, 0.8251, 42.2371, 55.2632, 59.3712, 23.6869, 14.7342, 11.547, 36.664, 4.9865, 8.0263, 0.3285, 2.7132, 11.4421, 41.4563, 7.5594, 1.998, 186.5677, 21.2767, 43.1417, 7.9347],
      [4.1879, 6.5061, 0.5814, 4.3659, 4.6591, 6.8, 2.0158, 4.2046, 1.3713, 0.3493, 3.5084, 0.3522, 2.1734, 14.1913, 15.4367, 10.8284, 4.5528, 2.0795, 1.9791, 6.2395, 1.8383, 0.69, 0.3663, 0.2504, 3.512, 4.1711, 3.1611, 1.0725, 58.5108, 5.6759, 15.497, 2.0718]
    ],
    [
      [5.9546, 6.5819, 2.0511, 4.5609, 3.4026, 2.9286, 4.2447, 3.7438, 7.4116, 1.215, 3.0928, 2.8129, 4.3206, 17.0874, 20.0638, 14.2888, 5.1318, 2.8534, 5.3555, 3.7484, 3.0861, 0.5586, 0, 0, 2.2404, 6.1699, 4.4523, 0.2884, 67.6569, 9.1165, 16.9934, 1.7709],
      [1.8512, 1.9454, 0, 2.8266, 1.3972, 3.3803, 1.0868, 4.7812, 4.1745, 1.1144, 3.0164, 1.6327, 2.7632, 2.2965, 5.2498, 4.516, 0.8766, 2.8912, 3.8137, 2.7587, 2.4142, 0.114, 0, 0, 0.5675, 1.0471, 0.1779, 0.1842, 18.5146, 1.3669, 3.4445, 0.2649],
      [16.272, 17.9309, 2.1173, 20.9211, 9.3449, 9.7747, 9.6279, 14.5401, 13.1947, 2.3583, 7.9489, 4.4826, 4.8579, 47.0049, 60.7614, 58.6119, 17.7449, 12.6785, 12.2795, 18.2728, 6.6992, 2.9437, 0, 0.9168, 8.4774, 28.6573, 10.9872, 0.7162, 219.808, 20.7377, 42.0623, 4.7981],
      [25.0272, 27.1095, 1.2251, 26.7915, 15.486, 26.9965, 4.5205, 41.5941, 43.0335, 10.0601, 22.4198, 18.49, 10.9392, 23.6398, 29.7229, 20.6604, 11.5051, 24.1957, 36.8929, 30.2177, 13.7879, 4.2024, 0, 1.0105, 7.9948, 16.306, 3.8479, 0.6714, 271.0974, 30.774, 46.3309, 3.8242],
      [1.8949, 2.4323, 0.6065, 1.9, 2.3693, 2.9199, 0.5201, 3.3409, 1.1857, 1.2522, 1.522, 0.5818, 2.1191, 2.8476, 3.202, 1.9227, 0.7416, 1.3812, 1.6583, 2.0022, 1.0125, 0.1813, 0, 0.0726, 0.7199, 0.8197, 0.5347, 0.1399, 18.9232, 2.0049, 4.169, 0.3418]
    ],
    [
      [0.5937, 0.7412, 0.6806, 0.3787, 0.1358, 0.3854, 0.6705, 0.3203, 0.6603, 0.1009, 0.4073, 0.4353, 0.746, 2.7973, 1.8628, 1.4579, 0.4339, 0.4027, 0.4452, 0.305, 0.3396, 0.0742, 0.423, 0, 0.1349, 0.8721, 1.141, 0.0344, 6.303, 1.1912, 2.1552, 0.3518],
      [1.0921, 1.0447, 0, 0.9993, 0.1492, 1.3493, 1.0268, 0.9208, 1.1898, 0.1868, 1.2787, 0.6561, 1.2529, 0.8976, 0.9088, 0.7266, 0.206, 1.0661, 0.7492, 0.7182, 1.4276, 0.112, 0.0983, 0, 0.1865, 0.5412, 0.1903, 0.1111, 10.969, 1.3799, 3.7248, 0.1738],
      [0.866, 1.1364, 0.3527, 1.2123, 0.1755, 0.5833, 0.8396, 0.6054, 0.4794, 0.0658, 0.4531, 0.2866, 0.2714, 4.9698, 3.6071, 3.7286, 0.9144, 1.0765, 0.4466, 0.959, 0.3146, 0.2806, 0.2428, 0, 0.3774, 2.6085, 1.7134, 0.0429, 13.9463, 1.3384, 2.955, 0.5893],
      [18.7599, 22.832, 1.9288, 15.459, 3.3987, 23.2049, 9.7144, 18.2808, 16.2046, 2.666, 19.5849, 9.5925, 15.5973, 25.951, 17.3271, 12.9474, 7.1496, 23.1135, 15.2552, 14.263, 14.8785, 3.0273, 1.655, 0, 3.4165, 13.9003, 7.4281, 0.6176, 165.0194, 31.5153, 56.1043, 5.7948],
      [3.6883, 5.2457, 1.0379, 2.9507, 1.1408, 5.477, 1.7487, 3.8727, 1.466, 0.9805, 3.2761, 1.0295, 5.1324, 5.4355, 3.2943, 2.1396, 1.296, 3.3412, 2.1037, 2.7548, 2.0396, 0.5059, 0.5809, 0, 0.8846, 2.0779, 1.5272, 0.194, 37.7622, 6.5752, 13.0607, 1.0903]
    ]
  ],
  "V_est": [
    [48.9225, 251.9369, 140.3802, 343.6862, 37.1179],
    [311.5199, 22.0044, 441.7609, 152.3275, 111.2709],
    [11.3584, 996.9235, 13.3146, 16239.5483, 519.3815],
    [558.0345, 86.3334, 2624.5762, 725.4752, 193.2],
    [233.1836, 80.4681, 707.5292, 850.3751, 65.3198],
    [26.9812, 35.3337, 47.439, 596.5878, 123.7099]
  ],
  "p_est": [
    [0.0595, 0.3065, 0.1708, 0.4181, 0.0452],
    [0.2999, 0.0212, 0.4252, 0.1466, 0.1071],
    [0.0006, 0.0561, 0.0007, 0.9133, 0.0292],
    [0.1333, 0.0206, 0.6267, 0.1732, 0.0461],
    [0.1204, 0.0415, 0.3653, 0.439, 0.0337],
    [0.0325, 0.0426, 0.0572, 0.7187, 0.149]
  ],
  "EI_Z": {},
  "EI_V": 10.3529,
  "MAE_Z": {},
  "MAE_V": 183.5639,
  "MAE_p": 0.1059,
  "runtime": 131.806
}
