{
  "Z_true": {},
  "V_true": [
    [11, 8, 216, 2127, 13],
    [1130, 530, 488, 438, 32],
    [1162, 4095, 879, 1223, 159],
    [301, 170, 6283, 16794, 202],
    [183, 309, 354, 520, 277]
  ],
  "p_true": [
    [0.0046, 0.0034, 0.0909, 0.8956, 0.0055],
    [0.4316, 0.2024, 0.1864, 0.1673, 0.0122],
    [0.1546, 0.5447, 0.1169, 0.1627, 0.0211],
    [0.0127, 0.0072, 0.2645, 0.7071, 0.0085],
    [0.1114, 0.1881, 0.2155, 0.3165, 0.1686]
  ],
  "Z_est": {},
  "V_est": [
    [0, 0, 0, 2375, 0],
    [2215.384, 338.5798, 64.0362, 0, 0],
    [571.616, 4455.0032, 1783.6487, 101.6628, 606.0694],
    [0, 0, 5124.6628, 18625.3372, 0],
    [0, 318.417, 1247.6524, 0, 76.9306]
  ],
  "p_est": [
    [0, 0, 0, 1, 0],
    [0.8462, 0.1293, 0.0245, 0, 0],
    [0.076, 0.5926, 0.2373, 0.0135, 0.0806],
    [0, 0, 0.2158, 0.7842, 0],
    [0, 0.1938, 0.7594, 0, 0.0468]
  ],
  "EI_Z": {},
  "EI_V": 15.2478,
  "MAE_Z": {},
  "MAE_V": 462.3609,
  "MAE_p": 0.1099,
  "runtime": 0.0191
}
