{
  "Z_true": {},
  "V_true": [
    [12, 57, 895, 87],
    [546, 875, 342, 26],
    [546, 9865, 1449, 177],
    [164, 489, 14939, 208],
    [65, 966, 613, 114],
    [170, 487, 834, 253]
  ],
  "p_true": [
    [0.0114, 0.0542, 0.8516, 0.0828],
    [0.3052, 0.4891, 0.1912, 0.0145],
    [0.0454, 0.8196, 0.1204, 0.0147],
    [0.0104, 0.0309, 0.9455, 0.0132],
    [0.037, 0.5495, 0.3487, 0.0648],
    [0.0975, 0.2792, 0.4782, 0.1451]
  ],
  "Z_est": {},
  "V_est": [
    [0, 0, 1036.7514, 14.2486],
    [1040.3936, 748.6064, 0, 0],
    [0, 11846.5792, 0, 190.4208],
    [0, 0, 15800, 0],
    [188.6756, 143.8144, 1007.4609, 418.0491],
    [273.9308, 0, 1227.7877, 242.2815]
  ],
  "p_est": [
    [0, 0, 0.9864, 0.0136],
    [0.5816, 0.4184, 0, 0],
    [0, 0.9842, 0, 0.0158],
    [0, 0, 1, 0],
    [0.1073, 0.0818, 0.5731, 0.2378],
    [0.1571, 0, 0.704, 0.1389]
  ],
  "EI_Z": {},
  "EI_V": 14.079,
  "MAE_Z": {},
  "MAE_V": 401.0041,
  "MAE_p": 0.1154,
  "runtime": 0.0206
}
