{
  "Z_true": {},
  "V_true": [
    [120, 1345, 148, 2929, 91],
    [15, 44, 1585, 141, 162],
    [220, 240, 12723, 1446, 535],
    [455, 564, 117, 13400, 246],
    [1341, 183, 995, 786, 774]
  ],
  "p_true": [
    [0.0259, 0.2903, 0.0319, 0.6322, 0.0196],
    [0.0077, 0.0226, 0.8141, 0.0724, 0.0832],
    [0.0145, 0.0158, 0.839, 0.0954, 0.0353],
    [0.0308, 0.0382, 0.0079, 0.9065, 0.0166],
    [0.3288, 0.0449, 0.2439, 0.1927, 0.1898]
  ],
  "Z_est": {},
  "V_est": [
    [0, 1108.9925, 0, 3524.0075, 0],
    [0, 0, 1752.8322, 0, 194.1678],
    [108.5959, 0, 13815.1678, 749.3165, 490.9198],
    [353.324, 0, 0, 14428.676, 0],
    [1689.0801, 1267.0075, 0, 0, 1122.9123]
  ],
  "p_est": [
    [0, 0.2394, 0, 0.7606, 0],
    [0, 0, 0.9003, 0, 0.0997],
    [0.0072, 0, 0.9111, 0.0494, 0.0324],
    [0.0239, 0, 0, 0.9761, 0],
    [0.4141, 0.3106, 0, 0, 0.2753]
  ],
  "EI_Z": {},
  "EI_V": 11.5672,
  "MAE_Z": {},
  "MAE_V": 375.7481,
  "MAE_p": 0.0648,
  "runtime": 0.1009
}
