{
  "Z_true": {},
  "V_true": [
    [471, 9, 61, 11, 51, 8],
    [21, 9, 44, 96, 467, 21],
    [36, 223, 56, 164, 170, 21],
    [12, 530, 53, 34, 80, 7],
    [23, 89, 130, 271, 264, 26],
    [36, 78, 380, 3612, 215, 40],
    [27, 68, 718, 111, 5509, 30],
    [320, 176, 546, 394, 818, 300]
  ],
  "p_true": [
    [0.7709, 0.0147, 0.0998, 0.018, 0.0835, 0.0131],
    [0.0319, 0.0137, 0.0669, 0.1459, 0.7097, 0.0319],
    [0.0537, 0.3328, 0.0836, 0.2448, 0.2537, 0.0313],
    [0.0168, 0.7402, 0.074, 0.0475, 0.1117, 0.0098],
    [0.0286, 0.1108, 0.1619, 0.3375, 0.3288, 0.0324],
    [0.0083, 0.0179, 0.0871, 0.8283, 0.0493, 0.0092],
    [0.0042, 0.0105, 0.1111, 0.0172, 0.8524, 0.0046],
    [0.1253, 0.0689, 0.2138, 0.1543, 0.3203, 0.1175]
  ],
  "Z_est": [
    [
      [4.0534, 7.4832, 3.7416, 5.9242, 3.7416, 4.0534, 7.4832, 2.4944, 2.4944, 2.4944, 2.8062, 4.0534, 6.5478, 2.4944, 4.3652, 4.0534, 2.1826, 2.4944, 1.8708, 3.7416, 2.8062, 1.559, 2.1826, 4.9888, 5.9242, 7.795, 6.8596, 3.118, 1.8708, 4.0534, 2.1826, 0.9354, 2.1826, 3.4298, 7.795, 3.7416, 2.8062, 2.1826, 1.559, 2.1826, 1.2472, 3.118, 4.9888, 2.1826, 0.9354, 1.2472, 4.0534, 24.0086],
      [1.7472, 3.2256, 1.6128, 2.5536, 1.6128, 1.7472, 3.2256, 1.0752, 1.0752, 1.0752, 1.2096, 1.7472, 2.8224, 1.0752, 1.8816, 1.7472, 0.9408, 1.0752, 0.8064, 1.6128, 1.2096, 0.672, 0.9408, 2.1504, 2.5536, 3.36, 2.9568, 1.344, 0.8064, 1.7472, 0.9408, 0.4032, 0.9408, 1.4784, 3.36, 1.6128, 1.2096, 0.9408, 0.672, 0.9408, 0.5376, 1.344, 2.1504, 0.9408, 0.4032, 0.5376, 1.7472, 10.3488],
      [1.4976, 2.7648, 1.3824, 2.1888, 1.3824, 1.4976, 2.7648, 0.9216, 0.9216, 0.9216, 1.0368, 1.4976, 2.4192, 0.9216, 1.6128, 1.4976, 0.8064, 0.9216, 0.6912, 1.3824, 1.0368, 0.576, 0.8064, 1.8432, 2.1888, 2.88, 2.5344, 1.152, 0.6912, 1.4976, 0.8064, 0.3456, 0.8064, 1.2672, 2.88, 1.3824, 1.0368, 0.8064, 0.576, 0.8064, 0.4608, 1.152, 1.8432, 0.8064, 0.3456, 0.4608, 1.4976, 8.8704],
      [2.1502, 3.9696, 1.9848, 3.1426, 1.9848, 2.1502, 3.9696, 1.3232, 1.3232, 1.3232, 1.4886, 2.1502, 3.4734, 1.3232, 2.3156, 2.1502, 1.1578, 1.3232, 0.9924, 1.9848, 1.4886, 0.827, 1.1578, 2.6464, 3.1426, 4.135, 3.6388, 1.654, 0.9924, 2.1502, 1.1578, 0.4962, 1.1578, 1.8194, 4.135, 1.9848, 1.4886, 1.1578, 0.827, 1.1578, 0.6616, 1.654, 2.6464, 1.1578, 0.4962, 0.6616, 2.1502, 12.7358],
      [2.2373, 4.1304, 2.0652, 3.2699, 2.0652, 2.2373, 4.1304, 1.3768, 1.3768, 1.3768, 1.5489, 2.2373, 3.6141, 1.3768, 2.4094, 2.2373, 1.2047, 1.3768, 1.0326, 2.0652, 1.5489, 0.8605, 1.2047, 2.7536, 3.2699, 4.3025, 3.7862, 1.721, 1.0326, 2.2373, 1.2047, 0.5163, 1.2047, 1.8931, 4.3025, 2.0652, 1.5489, 1.2047, 0.8605, 1.2047, 0.6884, 1.721, 2.7536, 1.2047, 0.5163, 0.6884, 2.2373, 13.2517],
      [1.3143, 2.4264, 1.2132, 1.9209, 1.2132, 1.3143, 2.4264, 0.8088, 0.8088, 0.8088, 0.9099, 1.3143, 2.1231, 0.8088, 1.4154, 1.3143, 0.7077, 0.8088, 0.6066, 1.2132, 0.9099, 0.5055, 0.7077, 1.6176, 1.9209, 2.5275, 2.2242, 1.011, 0.6066, 1.3143, 0.7077, 0.3033, 0.7077, 1.1121, 2.5275, 1.2132, 0.9099, 0.7077, 0.5055, 0.7077, 0.4044, 1.011, 1.6176, 0.7077, 0.3033, 0.4044, 1.3143, 7.7847]
    ],
    [
      [1.6064, 1.4056, 1.9076, 0.502, 0.502, 0.6024, 0.7028, 1.1044, 0.502, 0.3012, 0.9036, 1.004, 2.008, 1.2048, 1.004, 1.506, 0.502, 1.7068, 1.8072, 0.8032, 2.9116, 0.6024, 1.004, 2.51, 1.2048, 0.6024, 3.2128, 1.3052, 0.9036, 2.51, 1.004, 2.4096, 3.1124, 1.1044, 0.7028, 0.2008, 1.4056, 0.3012, 0.502, 0.4016, 0.7028, 1.9076, 2.008, 2.51, 1.7068, 0.8032, 1.4056, 5.522],
      [1.5584, 1.3636, 1.8506, 0.487, 0.487, 0.5844, 0.6818, 1.0714, 0.487, 0.2922, 0.8766, 0.974, 1.948, 1.1688, 0.974, 1.461, 0.487, 1.6558, 1.7532, 0.7792, 2.8246, 0.5844, 0.974, 2.435, 1.1688, 0.5844, 3.1168, 1.2662, 0.8766, 2.435, 0.974, 2.3376, 3.0194, 1.0714, 0.6818, 0.1948, 1.3636, 0.2922, 0.487, 0.3896, 0.6818, 1.8506, 1.948, 2.435, 1.6558, 0.7792, 1.3636, 5.357],
      [5.7056, 4.9924, 6.7754, 1.783, 1.783, 2.1396, 2.4962, 3.9226, 1.783, 1.0698, 3.2094, 3.566, 7.132, 4.2792, 3.566, 5.349, 1.783, 6.0622, 6.4188, 2.8528, 10.3414, 2.1396, 3.566, 8.915, 4.2792, 2.1396, 11.4112, 4.6358, 3.2094, 8.915, 3.566, 8.5584, 11.0546, 3.9226, 2.4962, 0.7132, 4.9924, 1.0698, 1.783, 1.4264, 2.4962, 6.7754, 7.132, 8.915, 6.0622, 2.8528, 4.9924, 19.613],
      [2.4272, 2.1238, 2.8823, 0.7585, 0.7585, 0.9102, 1.0619, 1.6687, 0.7585, 0.4551, 1.3653, 1.517, 3.034, 1.8204, 1.517, 2.2755, 0.7585, 2.5789, 2.7306, 1.2136, 4.3993, 0.9102, 1.517, 3.7925, 1.8204, 0.9102, 4.8544, 1.9721, 1.3653, 3.7925, 1.517, 3.6408, 4.7027, 1.6687, 1.0619, 0.3034, 2.1238, 0.4551, 0.7585, 0.6068, 1.0619, 2.8823, 3.034, 3.7925, 2.5789, 1.2136, 2.1238, 8.3435],
      [3.3824, 2.9596, 4.0166, 1.057, 1.057, 1.2684, 1.4798, 2.3254, 1.057, 0.6342, 1.9026, 2.114, 4.228, 2.5368, 2.114, 3.171, 1.057, 3.5938, 3.8052, 1.6912, 6.1306, 1.2684, 2.114, 5.285, 2.5368, 1.2684, 6.7648, 2.7482, 1.9026, 5.285, 2.114, 5.0736, 6.5534, 2.3254, 1.4798, 0.4228, 2.9596, 0.6342, 1.057, 0.8456, 1.4798, 4.0166, 4.228, 5.285, 3.5938, 1.6912, 2.9596, 11.627],
      [1.32, 1.155, 1.5675, 0.4125, 0.4125, 0.495, 0.5775, 0.9075, 0.4125, 0.2475, 0.7425, 0.825, 1.65, 0.99, 0.825, 1.2375, 0.4125, 1.4025, 1.485, 0.66, 2.3925, 0.495, 0.825, 2.0625, 0.99, 0.495, 2.64, 1.0725, 0.7425, 2.0625, 0.825, 1.98, 2.5575, 0.9075, 0.5775, 0.165, 1.155, 0.2475, 0.4125, 0.33, 0.5775, 1.5675, 1.65, 2.0625, 1.4025, 0.66, 1.155, 4.5375]
    ],
    [
      [1.1505, 1.77, 1.416, 1.5045, 1.593, 1.3275, 0.708, 0.2655, 1.062, 0.354, 0.531, 0.2655, 0.6195, 0.0885, 1.1505, 0.885, 0.4425, 0.177, 0.531, 0.531, 0.2655, 0.708, 0.9735, 1.416, 0.708, 0.4425, 1.239, 0.708, 0.708, 0.885, 0.885, 0.885, 0.7965, 1.416, 2.7435, 1.062, 1.3275, 1.416, 1.947, 1.239, 0.531, 2.0355, 0.885, 0.6195, 3.6285, 3.894, 4.071, 5.487],
      [5.4691, 8.414, 6.7312, 7.1519, 7.5726, 6.3105, 3.3656, 1.2621, 5.0484, 1.6828, 2.5242, 1.2621, 2.9449, 0.4207, 5.4691, 4.207, 2.1035, 0.8414, 2.5242, 2.5242, 1.2621, 3.3656, 4.6277, 6.7312, 3.3656, 2.1035, 5.8898, 3.3656, 3.3656, 4.207, 4.207, 4.207, 3.7863, 6.7312, 13.0417, 5.0484, 6.3105, 6.7312, 9.2554, 5.8898, 2.5242, 9.6761, 4.207, 2.9449, 17.2487, 18.5108, 19.3522, 26.0834],
      [1.2844, 1.976, 1.5808, 1.6796, 1.7784, 1.482, 0.7904, 0.2964, 1.1856, 0.3952, 0.5928, 0.2964, 0.6916, 0.0988, 1.2844, 0.988, 0.494, 0.1976, 0.5928, 0.5928, 0.2964, 0.7904, 1.0868, 1.5808, 0.7904, 0.494, 1.3832, 0.7904, 0.7904, 0.988, 0.988, 0.988, 0.8892, 1.5808, 3.0628, 1.1856, 1.482, 1.5808, 2.1736, 1.3832, 0.5928, 2.2724, 0.988, 0.6916, 4.0508, 4.3472, 4.5448, 6.1256],
      [2.7027, 4.158, 3.3264, 3.5343, 3.7422, 3.1185, 1.6632, 0.6237, 2.4948, 0.8316, 1.2474, 0.6237, 1.4553, 0.2079, 2.7027, 2.079, 1.0395, 0.4158, 1.2474, 1.2474, 0.6237, 1.6632, 2.2869, 3.3264, 1.6632, 1.0395, 2.9106, 1.6632, 1.6632, 2.079, 2.079, 2.079, 1.8711, 3.3264, 6.4449, 2.4948, 3.1185, 3.3264, 4.5738, 2.9106, 1.2474, 4.7817, 2.079, 1.4553, 8.5239, 9.1476, 9.5634, 12.8898],
      [1.5548, 2.392, 1.9136, 2.0332, 2.1528, 1.794, 0.9568, 0.3588, 1.4352, 0.4784, 0.7176, 0.3588, 0.8372, 0.1196, 1.5548, 1.196, 0.598, 0.2392, 0.7176, 0.7176, 0.3588, 0.9568, 1.3156, 1.9136, 0.9568, 0.598, 1.6744, 0.9568, 0.9568, 1.196, 1.196, 1.196, 1.0764, 1.9136, 3.7076, 1.4352, 1.794, 1.9136, 2.6312, 1.6744, 0.7176, 2.7508, 1.196, 0.8372, 4.9036, 5.2624, 5.5016, 7.4152],
      [0.8385, 1.29, 1.032, 1.0965, 1.161, 0.9675, 0.516, 0.1935, 0.774, 0.258, 0.387, 0.1935, 0.4515, 0.0645, 0.8385, 0.645, 0.3225, 0.129, 0.387, 0.387, 0.1935, 0.516, 0.7095, 1.032, 0.516, 0.3225, 0.903, 0.516, 0.516, 0.645, 0.645, 0.645, 0.5805, 1.032, 1.9995, 0.774, 0.9675, 1.032, 1.419, 0.903, 0.387, 1.4835, 0.645, 0.4515, 2.6445, 2.838, 2.967, 3.999]
    ],
    [
      [2.3694, 2.2617, 0.9693, 3.6618, 1.5078, 1.8309, 1.4001, 0.4308, 0.5385, 0.9693, 0.7539, 0.9693, 0.5385, 0.5385, 1.1847, 1.077, 0.5385, 0.1077, 1.1847, 0.6462, 1.5078, 0.4308, 1.5078, 3.231, 1.077, 1.7232, 2.8002, 1.2924, 2.0463, 0.7539, 1.077, 0.4308, 1.5078, 2.154, 3.9849, 1.8309, 1.7232, 1.5078, 1.077, 1.5078, 0.2154, 1.077, 1.2924, 1.5078, 2.154, 2.8002, 2.9079, 8.5083],
      [9.6558, 9.2169, 3.9501, 14.9226, 6.1446, 7.4613, 5.7057, 1.7556, 2.1945, 3.9501, 3.0723, 3.9501, 2.1945, 2.1945, 4.8279, 4.389, 2.1945, 0.4389, 4.8279, 2.6334, 6.1446, 1.7556, 6.1446, 13.167, 4.389, 7.0224, 11.4114, 5.2668, 8.3391, 3.0723, 4.389, 1.7556, 6.1446, 8.778, 16.2393, 7.4613, 7.0224, 6.1446, 4.389, 6.1446, 0.8778, 4.389, 5.2668, 6.1446, 8.778, 11.4114, 11.8503, 34.6731],
      [2.0482, 1.9551, 0.8379, 3.1654, 1.3034, 1.5827, 1.2103, 0.3724, 0.4655, 0.8379, 0.6517, 0.8379, 0.4655, 0.4655, 1.0241, 0.931, 0.4655, 0.0931, 1.0241, 0.5586, 1.3034, 0.3724, 1.3034, 2.793, 0.931, 1.4896, 2.4206, 1.1172, 1.7689, 0.6517, 0.931, 0.3724, 1.3034, 1.862, 3.4447, 1.5827, 1.4896, 1.3034, 0.931, 1.3034, 0.1862, 0.931, 1.1172, 1.3034, 1.862, 2.4206, 2.5137, 7.3549],
      [3.6036, 3.4398, 1.4742, 5.5692, 2.2932, 2.7846, 2.1294, 0.6552, 0.819, 1.4742, 1.1466, 1.4742, 0.819, 0.819, 1.8018, 1.638, 0.819, 0.1638, 1.8018, 0.9828, 2.2932, 0.6552, 2.2932, 4.914, 1.638, 2.6208, 4.2588, 1.9656, 3.1122, 1.1466, 1.638, 0.6552, 2.2932, 3.276, 6.0606, 2.7846, 2.6208, 2.2932, 1.638, 2.2932, 0.3276, 1.638, 1.9656, 2.2932, 3.276, 4.2588, 4.4226, 12.9402],
      [3.0008, 2.8644, 1.2276, 4.6376, 1.9096, 2.3188, 1.7732, 0.5456, 0.682, 1.2276, 0.9548, 1.2276, 0.682, 0.682, 1.5004, 1.364, 0.682, 0.1364, 1.5004, 0.8184, 1.9096, 0.5456, 1.9096, 4.092, 1.364, 2.1824, 3.5464, 1.6368, 2.5916, 0.9548, 1.364, 0.5456, 1.9096, 2.728, 5.0468, 2.3188, 2.1824, 1.9096, 1.364, 1.9096, 0.2728, 1.364, 1.6368, 1.9096, 2.728, 3.5464, 3.6828, 10.7756],
      [1.3244, 1.2642, 0.5418, 2.0468, 0.8428, 1.0234, 0.7826, 0.2408, 0.301, 0.5418, 0.4214, 0.5418, 0.301, 0.301, 0.6622, 0.602, 0.301, 0.0602, 0.6622, 0.3612, 0.8428, 0.2408, 0.8428, 1.806, 0.602, 0.9632, 1.5652, 0.7224, 1.1438, 0.4214, 0.602, 0.2408, 0.8428, 1.204, 2.2274, 1.0234, 0.9632, 0.8428, 0.602, 0.8428, 0.1204, 0.602, 0.7224, 0.8428, 1.204, 1.5652, 1.6254, 4.7558]
    ],
    [
      [1.806, 2.6488, 2.5284, 1.9264, 1.3244, 0.602, 2.408, 1.4448, 2.7692, 2.6488, 0.9632, 1.4448, 1.204, 1.806, 3.2508, 2.2876, 2.2876, 1.204, 3.01, 0.602, 0.9632, 1.4448, 1.5652, 2.408, 1.204, 3.1304, 2.1672, 1.3244, 1.3244, 1.806, 1.204, 1.9264, 1.9264, 2.0468, 2.6488, 1.204, 1.9264, 2.2876, 0.7224, 1.6856, 0.8428, 3.7324, 1.9264, 1.3244, 1.5652, 2.2876, 2.5284, 9.3912],
      [1.4055, 2.0614, 1.9677, 1.4992, 1.0307, 0.4685, 1.874, 1.1244, 2.1551, 2.0614, 0.7496, 1.1244, 0.937, 1.4055, 2.5299, 1.7803, 1.7803, 0.937, 2.3425, 0.4685, 0.7496, 1.1244, 1.2181, 1.874, 0.937, 2.4362, 1.6866, 1.0307, 1.0307, 1.4055, 0.937, 1.4992, 1.4992, 1.5929, 2.0614, 0.937, 1.4992, 1.7803, 0.5622, 1.3118, 0.6559, 2.9047, 1.4992, 1.0307, 1.2181, 1.7803, 1.9677, 7.3086],
      [2.613, 3.8324, 3.6582, 2.7872, 1.9162, 0.871, 3.484, 2.0904, 4.0066, 3.8324, 1.3936, 2.0904, 1.742, 2.613, 4.7034, 3.3098, 3.3098, 1.742, 4.355, 0.871, 1.3936, 2.0904, 2.2646, 3.484, 1.742, 4.5292, 3.1356, 1.9162, 1.9162, 2.613, 1.742, 2.7872, 2.7872, 2.9614, 3.8324, 1.742, 2.7872, 3.3098, 1.0452, 2.4388, 1.2194, 5.4002, 2.7872, 1.9162, 2.2646, 3.3098, 3.6582, 13.5876],
      [3.681, 5.3988, 5.1534, 3.9264, 2.6994, 1.227, 4.908, 2.9448, 5.6442, 5.3988, 1.9632, 2.9448, 2.454, 3.681, 6.6258, 4.6626, 4.6626, 2.454, 6.135, 1.227, 1.9632, 2.9448, 3.1902, 4.908, 2.454, 6.3804, 4.4172, 2.6994, 2.6994, 3.681, 2.454, 3.9264, 3.9264, 4.1718, 5.3988, 2.454, 3.9264, 4.6626, 1.4724, 3.4356, 1.7178, 7.6074, 3.9264, 2.6994, 3.1902, 4.6626, 5.1534, 19.1412],
      [4.239, 6.2172, 5.9346, 4.5216, 3.1086, 1.413, 5.652, 3.3912, 6.4998, 6.2172, 2.2608, 3.3912, 2.826, 4.239, 7.6302, 5.3694, 5.3694, 2.826, 7.065, 1.413, 2.2608, 3.3912, 3.6738, 5.652, 2.826, 7.3476, 5.0868, 3.1086, 3.1086, 4.239, 2.826, 4.5216, 4.5216, 4.8042, 6.2172, 2.826, 4.5216, 5.3694, 1.6956, 3.9564, 1.9782, 8.7606, 4.5216, 3.1086, 3.6738, 5.3694, 5.9346, 22.0428],
      [1.257, 1.8436, 1.7598, 1.3408, 0.9218, 0.419, 1.676, 1.0056, 1.9274, 1.8436, 0.6704, 1.0056, 0.838, 1.257, 2.2626, 1.5922, 1.5922, 0.838, 2.095, 0.419, 0.6704, 1.0056, 1.0894, 1.676, 0.838, 2.1788, 1.5084, 0.9218, 0.9218, 1.257, 0.838, 1.3408, 1.3408, 1.4246, 1.8436, 0.838, 1.3408, 1.5922, 0.5028, 1.1732, 0.5866, 2.5978, 1.3408, 0.9218, 1.0894, 1.5922, 1.7598, 6.5364]
    ],
    [
      [2.198, 3.2342, 2.9516, 2.4178, 1.9154, 2.0096, 2.4178, 1.7584, 1.9468, 2.669, 2.2608, 1.6956, 2.198, 2.7318, 2.5748, 1.4758, 2.0096, 1.6328, 3.4854, 1.6956, 2.355, 2.1038, 2.2922, 3.3912, 2.7946, 2.9516, 3.6738, 2.0724, 2.2922, 2.9202, 2.0096, 1.727, 2.4178, 2.7946, 4.1448, 2.3864, 2.7946, 3.0458, 2.826, 1.6642, 1.413, 2.9516, 3.1714, 3.6424, 2.8888, 3.3598, 3.5482, 18.0236],
      [2.17, 3.193, 2.914, 2.387, 1.891, 1.984, 2.387, 1.736, 1.922, 2.635, 2.232, 1.674, 2.17, 2.697, 2.542, 1.457, 1.984, 1.612, 3.441, 1.674, 2.325, 2.077, 2.263, 3.348, 2.759, 2.914, 3.627, 2.046, 2.263, 2.883, 1.984, 1.705, 2.387, 2.759, 4.092, 2.356, 2.759, 3.007, 2.79, 1.643, 1.395, 2.914, 3.131, 3.596, 2.852, 3.317, 3.503, 17.794],
      [6.566, 9.6614, 8.8172, 7.2226, 5.7218, 6.0032, 7.2226, 5.2528, 5.8156, 7.973, 6.7536, 5.0652, 6.566, 8.1606, 7.6916, 4.4086, 6.0032, 4.8776, 10.4118, 5.0652, 7.035, 6.2846, 6.8474, 10.1304, 8.3482, 8.8172, 10.9746, 6.1908, 6.8474, 8.7234, 6.0032, 5.159, 7.2226, 8.3482, 12.3816, 7.1288, 8.3482, 9.0986, 8.442, 4.9714, 4.221, 8.8172, 9.4738, 10.8808, 8.6296, 10.0366, 10.5994, 53.8412],
      [53.305, 78.4345, 71.581, 58.6355, 46.4515, 48.736, 58.6355, 42.644, 47.213, 64.7275, 54.828, 41.121, 53.305, 66.2505, 62.443, 35.7905, 48.736, 39.598, 84.5265, 41.121, 57.1125, 51.0205, 55.5895, 82.242, 67.7735, 71.581, 89.0955, 50.259, 55.5895, 70.8195, 48.736, 41.8825, 58.6355, 67.7735, 100.518, 57.874, 67.7735, 73.8655, 68.535, 40.3595, 34.2675, 71.581, 76.9115, 88.334, 70.058, 81.4805, 86.0495, 437.101],
      [4.795, 7.0555, 6.439, 5.2745, 4.1785, 4.384, 5.2745, 3.836, 4.247, 5.8225, 4.932, 3.699, 4.795, 5.9595, 5.617, 3.2195, 4.384, 3.562, 7.6035, 3.699, 5.1375, 4.5895, 5.0005, 7.398, 6.0965, 6.439, 8.0145, 4.521, 5.0005, 6.3705, 4.384, 3.7675, 5.2745, 6.0965, 9.042, 5.206, 6.0965, 6.6445, 6.165, 3.6305, 3.0825, 6.439, 6.9185, 7.946, 6.302, 7.3295, 7.7405, 39.319],
      [0.966, 1.4214, 1.2972, 1.0626, 0.8418, 0.8832, 1.0626, 0.7728, 0.8556, 1.173, 0.9936, 0.7452, 0.966, 1.2006, 1.1316, 0.6486, 0.8832, 0.7176, 1.5318, 0.7452, 1.035, 0.9246, 1.0074, 1.4904, 1.2282, 1.2972, 1.6146, 0.9108, 1.0074, 1.2834, 0.8832, 0.759, 1.0626, 1.2282, 1.8216, 1.0488, 1.2282, 1.3386, 1.242, 0.7314, 0.621, 1.2972, 1.3938, 1.6008, 1.2696, 1.4766, 1.5594, 7.9212]
    ],
    [
      [2.3004, 2.9607, 2.2152, 1.6827, 2.13, 1.7253, 2.8755, 2.4282, 3.1737, 3.2163, 2.7903, 2.769, 3.7701, 3.834, 2.8968, 2.556, 2.1939, 2.2365, 3.4506, 2.6838, 2.769, 1.4484, 1.7892, 4.8351, 4.6221, 3.2163, 5.0907, 2.5134, 3.5997, 3.2802, 1.2567, 2.4708, 3.8127, 2.4495, 3.3867, 1.5549, 2.1087, 1.9596, 1.4058, 1.704, 2.2365, 2.7903, 3.5145, 2.6199, 1.1502, 1.0224, 1.5762, 13.5894],
      [1.7172, 2.2101, 1.6536, 1.2561, 1.59, 1.2879, 2.1465, 1.8126, 2.3691, 2.4009, 2.0829, 2.067, 2.8143, 2.862, 2.1624, 1.908, 1.6377, 1.6695, 2.5758, 2.0034, 2.067, 1.0812, 1.3356, 3.6093, 3.4503, 2.4009, 3.8001, 1.8762, 2.6871, 2.4486, 0.9381, 1.8444, 2.8461, 1.8285, 2.5281, 1.1607, 1.5741, 1.4628, 1.0494, 1.272, 1.6695, 2.0829, 2.6235, 1.9557, 0.8586, 0.7632, 1.1766, 10.1442],
      [4.6872, 6.0326, 4.5136, 3.4286, 4.34, 3.5154, 5.859, 4.9476, 6.4666, 6.5534, 5.6854, 5.642, 7.6818, 7.812, 5.9024, 5.208, 4.4702, 4.557, 7.0308, 5.4684, 5.642, 2.9512, 3.6456, 9.8518, 9.4178, 6.5534, 10.3726, 5.1212, 7.3346, 6.6836, 2.5606, 5.0344, 7.7686, 4.991, 6.9006, 3.1682, 4.2966, 3.9928, 2.8644, 3.472, 4.557, 5.6854, 7.161, 5.3382, 2.3436, 2.0832, 3.2116, 27.6892],
      [3.456, 4.448, 3.328, 2.528, 3.2, 2.592, 4.32, 3.648, 4.768, 4.832, 4.192, 4.16, 5.664, 5.76, 4.352, 3.84, 3.296, 3.36, 5.184, 4.032, 4.16, 2.176, 2.688, 7.264, 6.944, 4.832, 7.648, 3.776, 5.408, 4.928, 1.888, 3.712, 5.728, 3.68, 5.088, 2.336, 3.168, 2.944, 2.112, 2.56, 3.36, 4.192, 5.28, 3.936, 1.728, 1.536, 2.368, 20.416],
      [94.6404, 121.8057, 91.1352, 69.2277, 87.63, 70.9803, 118.3005, 99.8982, 130.5687, 132.3213, 114.7953, 113.919, 155.1051, 157.734, 119.1768, 105.156, 90.2589, 92.0115, 141.9606, 110.4138, 113.919, 59.5884, 73.6092, 198.9201, 190.1571, 132.3213, 209.4357, 103.4034, 148.0947, 134.9502, 51.7017, 101.6508, 156.8577, 100.7745, 139.3317, 63.9699, 86.7537, 80.6196, 57.8358, 70.104, 92.0115, 114.7953, 144.5895, 107.7849, 47.3202, 42.0624, 64.8462, 559.0794],
      [1.188, 1.529, 1.144, 0.869, 1.1, 0.891, 1.485, 1.254, 1.639, 1.661, 1.441, 1.43, 1.947, 1.98, 1.496, 1.32, 1.133, 1.155, 1.782, 1.386, 1.43, 0.748, 0.924, 2.497, 2.387, 1.661, 2.629, 1.298, 1.859, 1.694, 0.649, 1.276, 1.969, 1.265, 1.749, 0.803, 1.089, 1.012, 0.726, 0.88, 1.155, 1.441, 1.815, 1.353, 0.594, 0.528, 0.814, 7.018]
    ],
    [
      [2.574, 4.134, 4.446, 2.262, 2.73, 2.574, 4.602, 2.886, 2.964, 3.744, 3.432, 3.978, 8.502, 4.68, 3.354, 4.602, 2.652, 2.652, 3.822, 3.744, 3.042, 2.964, 1.794, 6.162, 5.616, 5.148, 6.63, 3.432, 2.964, 5.538, 2.574, 4.212, 3.354, 3.432, 3.588, 2.262, 3.276, 4.056, 3.51, 2.886, 2.184, 4.524, 5.07, 5.07, 2.808, 3.354, 4.056, 21.372],
      [1.6863, 2.7083, 2.9127, 1.4819, 1.7885, 1.6863, 3.0149, 1.8907, 1.9418, 2.4528, 2.2484, 2.6061, 5.5699, 3.066, 2.1973, 3.0149, 1.7374, 1.7374, 2.5039, 2.4528, 1.9929, 1.9418, 1.1753, 4.0369, 3.6792, 3.3726, 4.3435, 2.2484, 1.9418, 3.6281, 1.6863, 2.7594, 2.1973, 2.2484, 2.3506, 1.4819, 2.1462, 2.6572, 2.2995, 1.8907, 1.4308, 2.9638, 3.3215, 3.3215, 1.8396, 2.1973, 2.6572, 14.0014],
      [9.3225, 14.9725, 16.1025, 8.1925, 9.8875, 9.3225, 16.6675, 10.4525, 10.735, 13.56, 12.43, 14.4075, 30.7925, 16.95, 12.1475, 16.6675, 9.605, 9.605, 13.8425, 13.56, 11.0175, 10.735, 6.4975, 22.3175, 20.34, 18.645, 24.0125, 12.43, 10.735, 20.0575, 9.3225, 15.255, 12.1475, 12.43, 12.995, 8.1925, 11.865, 14.69, 12.7125, 10.4525, 7.91, 16.385, 18.3625, 18.3625, 10.17, 12.1475, 14.69, 77.405],
      [6.4218, 10.3138, 11.0922, 5.6434, 6.811, 6.4218, 11.4814, 7.2002, 7.3948, 9.3408, 8.5624, 9.9246, 21.2114, 11.676, 8.3678, 11.4814, 6.6164, 6.6164, 9.5354, 9.3408, 7.5894, 7.3948, 4.4758, 15.3734, 14.0112, 12.8436, 16.541, 8.5624, 7.3948, 13.8166, 6.4218, 10.5084, 8.3678, 8.5624, 8.9516, 5.6434, 8.1732, 10.1192, 8.757, 7.2002, 5.4488, 11.2868, 12.649, 12.649, 7.0056, 8.3678, 10.1192, 53.3204],
      [11.9526, 19.1966, 20.6454, 10.5038, 12.677, 11.9526, 21.3698, 13.4014, 13.7636, 17.3856, 15.9368, 18.4722, 39.4798, 21.732, 15.5746, 21.3698, 12.3148, 12.3148, 17.7478, 17.3856, 14.1258, 13.7636, 8.3306, 28.6138, 26.0784, 23.9052, 30.787, 15.9368, 13.7636, 25.7162, 11.9526, 19.5588, 15.5746, 15.9368, 16.6612, 10.5038, 15.2124, 18.8344, 16.299, 13.4014, 10.1416, 21.0076, 23.543, 23.543, 13.0392, 15.5746, 18.8344, 99.2428],
      [1.0428, 1.6748, 1.8012, 0.9164, 1.106, 1.0428, 1.8644, 1.1692, 1.2008, 1.5168, 1.3904, 1.6116, 3.4444, 1.896, 1.3588, 1.8644, 1.0744, 1.0744, 1.5484, 1.5168, 1.2324, 1.2008, 0.7268, 2.4964, 2.2752, 2.0856, 2.686, 1.3904, 1.2008, 2.2436, 1.0428, 1.7064, 1.3588, 1.3904, 1.4536, 0.9164, 1.3272, 1.6432, 1.422, 1.1692, 0.8848, 1.8328, 2.054, 2.054, 1.1376, 1.3588, 1.6432, 8.6584]
    ]
  ],
  "V_est": [
    [190.5098, 82.1184, 70.3872, 101.0594, 105.1531, 61.7721],
    [66.0632, 64.0892, 234.6428, 99.8186, 139.1012, 54.285],
    [59.295, 281.869, 66.196, 139.293, 80.132, 43.215],
    [77.1132, 314.2524, 66.6596, 117.2808, 97.6624, 43.1032],
    [96.6812, 75.2411, 139.8826, 197.0562, 226.9278, 67.2914],
    [136.9354, 135.191, 409.0618, 3320.9015, 298.7285, 60.1818],
    [137.6619, 102.7617, 280.4942, 206.816, 5663.5269, 71.093],
    [199.212, 130.5094, 721.505, 497.0084, 925.0588, 80.7064]
  ],
  "p_est": [
    [0.3118, 0.1344, 0.1152, 0.1654, 0.1721, 0.1011],
    [0.1004, 0.0974, 0.3566, 0.1517, 0.2114, 0.0825],
    [0.0885, 0.4207, 0.0988, 0.2079, 0.1196, 0.0645],
    [0.1077, 0.4389, 0.0931, 0.1638, 0.1364, 0.0602],
    [0.1204, 0.0937, 0.1742, 0.2454, 0.2826, 0.0838],
    [0.0314, 0.031, 0.0938, 0.7615, 0.0685, 0.0138],
    [0.0213, 0.0159, 0.0434, 0.032, 0.8763, 0.011],
    [0.078, 0.0511, 0.2825, 0.1946, 0.3622, 0.0316]
  ],
  "EI_Z": {},
  "EI_V": 12.9331,
  "MAE_Z": {},
  "MAE_V": 90.7257,
  "MAE_p": 0.0779,
  "runtime": 257.312
}
