{
  "X": [
    [5, 18, 24, 1],
    [11, 49, 132, 10],
    [31, 175, 231, 55],
    [29, 220, 303, 47],
    [28, 207, 365, 60],
    [12, 61, 170, 25],
    [12, 43, 109, 12],
    [66, 896, 596, 129],
    [21, 207, 155, 30],
    [52, 393, 615, 99],
    [105, 1365, 734, 162],
    [9, 69, 160, 34],
    [39, 288, 516, 81],
    [6, 50, 52, 10],
    [18, 108, 309, 37],
    [26, 100, 334, 30],
    [48, 287, 524, 65],
    [6, 20, 34, 5],
    [6, 45, 67, 12],
    [67, 329, 315, 49],
    [32, 284, 313, 42],
    [53, 318, 424, 39],
    [56, 323, 498, 34],
    [22, 224, 320, 48],
    [51, 673, 777, 88],
    [70, 446, 608, 98],
    [50, 382, 536, 91],
    [54, 459, 474, 73],
    [25, 190, 263, 33],
    [44, 545, 519, 66],
    [3, 22, 33, 8],
    [268, 2786, 3304, 502],
    [69, 295, 485, 90],
    [195, 837, 1253, 243],
    [29, 149, 124, 17]
  ],
  "W": [
    [0, 9, 21, 17, 1, 0],
    [11, 11, 118, 47, 12, 3],
    [16, 47, 180, 163, 50, 36],
    [19, 49, 221, 234, 35, 41],
    [24, 30, 258, 241, 66, 41],
    [14, 15, 141, 59, 29, 10],
    [1, 12, 94, 43, 14, 12],
    [74, 97, 461, 904, 100, 51],
    [14, 23, 126, 209, 32, 9],
    [48, 62, 479, 420, 87, 63],
    [80, 110, 563, 1365, 150, 98],
    [8, 17, 126, 72, 26, 23],
    [37, 53, 428, 292, 67, 47],
    [6, 12, 45, 47, 7, 1],
    [25, 31, 245, 103, 45, 23],
    [10, 33, 298, 98, 36, 15],
    [31, 71, 419, 274, 102, 27],
    [4, 10, 25, 21, 2, 3],
    [3, 11, 53, 45, 18, 0],
    [28, 94, 199, 329, 83, 27],
    [34, 77, 177, 307, 50, 26],
    [33, 143, 217, 354, 55, 32],
    [36, 144, 272, 353, 77, 29],
    [25, 68, 179, 252, 50, 40],
    [58, 139, 462, 739, 143, 48],
    [41, 87, 443, 509, 73, 69],
    [49, 104, 362, 421, 90, 33],
    [38, 105, 295, 493, 90, 39],
    [27, 45, 174, 209, 35, 21],
    [36, 87, 315, 572, 107, 57],
    [1, 2, 30, 24, 2, 7],
    [291, 449, 2353, 2848, 694, 225],
    [29, 100, 363, 321, 82, 44],
    [64, 226, 1021, 890, 189, 138],
    [11, 56, 76, 149, 16, 11]
  ],
  "method": "mcmc",
  "mcmc_stepsize": 3000,
  "mcmc_samples": 1000,
  "burn_in": 10000,
  "cond_prob": [
    [
      [0, 0, 0, 0],
      [0.11683385593, 0.36540576486, 0.50466721005, 0.013093169163],
      [0.099328924973, 0.36694009505, 0.50868856918, 0.025042410799],
      [0.10302438161, 0.38932830428, 0.48764608633, 0.020001227786],
      [0.11117338485, 0.3870249475, 0.48555168925, 0.016249978405],
      [0, 0, 0, 0]
    ],
    [
      [0.16853822962, 0.19657301479, 0.62889846147, 0.0059902941193],
      [0.08296583982, 0.26887234415, 0.64745424166, 0.00070757437128],
      [0.050076594857, 0.2529424754, 0.65423783897, 0.04274309077],
      [0.046712792425, 0.25269323181, 0.65910109512, 0.041492880643],
      [0.010365022133, 0.17491757599, 0.72680117338, 0.087916228495],
      [0.0015118444973, 0.019098715707, 0.3535632386, 0.6258262012]
    ],
    [
      [0.18749999715, 0.31250000427, 0.43749999573, 0.062500002855],
      [0.042553191006, 0.38297872244, 0.46808510832, 0.10638297824],
      [0.061111110857, 0.36111110997, 0.46666666895, 0.11111111022],
      [0.06134969437, 0.35582822114, 0.47239263524, 0.11042944925],
      [0.059999998633, 0.34000000046, 0.50000000045, 0.10000000046],
      [0.055555555558, 0.33333333649, 0.44444444445, 0.1666666635]
    ],
    [
      [0.15789473682, 0.31578947372, 0.47368421051, 0.052631578947],
      [0.061224489796, 0.38775510196, 0.48979591844, 0.061224489796],
      [0.045248868776, 0.37556561086, 0.50226244344, 0.076923076929],
      [0.047008547007, 0.36324786326, 0.51282051281, 0.076923076923],
      [0.028571428592, 0.3428571429, 0.54285714281, 0.085714285694],
      [0.02439024392, 0.36585365854, 0.48780487805, 0.1219512195]
    ],
    [
      [0.083333333332, 0.29166666667, 0.54166666665, 0.083333333341],
      [0.1, 0.29999999999, 0.53333333333, 0.066666666674],
      [0.038759689922, 0.32170542635, 0.5503875969, 0.089147286822],
      [0.041493775934, 0.3153526971, 0.55601659751, 0.087136929459],
      [0.030303030303, 0.30303030303, 0.57575757576, 0.09090909091],
      [0.024390243902, 0.29268292683, 0.53658536586, 0.14634146341]
    ],
    [
      [0.14285703149, 0.21427752558, 0.57144088817, 0.071424554758],
      [0.066666709035, 0.26665909321, 0.60001134794, 0.066662849816],
      [0.042553595973, 0.2340445148, 0.63120575091, 0.092196138319],
      [0.033897340043, 0.22033613679, 0.66101498575, 0.084751537414],
      [0.034480801252, 0.20690071254, 0.6551661969, 0.10345228931],
      [5.7592626858e-06, 0.1999998922, 0.59999425995, 0.20000008859]
    ],
    [
      [0.90373594847, 0.046600890052, 0.048960352985, 0.00070280849334],
      [0.23720025297, 0.18133977664, 0.57827614276, 0.0031838276296],
      [0.061663610094, 0.25289597987, 0.62095544986, 0.064484960175],
      [0.0460650344, 0.28001192002, 0.62669958118, 0.047223464401],
      [0.021263183021, 0.21027644168, 0.69325425243, 0.075206122863],
      [0.014583385468, 0.16839307816, 0.5823560102, 0.23466752618]
    ],
    [
      [0.054054054054, 0.52702702703, 0.35135135135, 0.067567567568],
      [0.051546391753, 0.52577319588, 0.35051546392, 0.072164948454],
      [0.039045553145, 0.53362255965, 0.35140997831, 0.075921908894],
      [0.038716814159, 0.53097345133, 0.35398230088, 0.076327433628],
      [0.03, 0.53, 0.36, 0.08],
      [0.019607843137, 0.52941176471, 0.35294117647, 0.098039215686]
    ],
    [
      [0.071428571567, 0.50024743928, 0.35695727688, 0.071366712268],
      [0.13039712841, 0.47833617918, 0.34778843186, 0.043478260544],
      [0.047653413828, 0.50785402905, 0.37307773232, 0.071414824799],
      [0.047830315226, 0.50241306279, 0.37797385596, 0.071782766027],
      [0.031250000318, 0.50002706097, 0.40625000149, 0.062472937225],
      [1.1145531111e-09, 0.44444444381, 0.33323710838, 0.2223184467]
    ],
    [
      [0.0625, 0.33333333333, 0.52083333333, 0.083333333333],
      [0.064516129032, 0.33870967742, 0.51612903226, 0.08064516129],
      [0.045929018789, 0.34029227557, 0.53027139875, 0.083507306889],
      [0.042857142857, 0.34047619048, 0.53333333333, 0.083333333333],
      [0.034482758621, 0.33333333333, 0.54022988506, 0.091954022989],
      [0.031746031746, 0.33333333333, 0.52380952381, 0.11111111111]
    ],
    [
      [0.0625, 0.575, 0.3, 0.0625],
      [0.054545454545, 0.57272727273, 0.30909090909, 0.063636363636],
      [0.042628774423, 0.58081705151, 0.30905861456, 0.067495559503],
      [0.043956043956, 0.57655677656, 0.31135531136, 0.068131868132],
      [0.04, 0.57333333333, 0.31333333333, 0.073333333333],
      [0.040816326531, 0.57142857143, 0.30612244898, 0.081632653061]
    ],
    [
      [0.12499947364, 0.25002952837, 0.49994145555, 0.12502954244],
      [0.058823505692, 0.23523737464, 0.58829186728, 0.11764725239],
      [0.039676823481, 0.25396840986, 0.58730532439, 0.11904944226],
      [0.027777771575, 0.26389199078, 0.58332994181, 0.12500029583],
      [9.2575090625e-06, 0.26924892273, 0.61536671292, 0.11537510685],
      [2.1069861268e-05, 0.21739188843, 0.60868458226, 0.17390245945]
    ],
    [
      [0.081081081098, 0.29729729729, 0.54054054053, 0.081081081078],
      [0.056603773583, 0.32075471699, 0.54716981131, 0.075471698123],
      [0.042056074766, 0.31308411215, 0.55841121495, 0.086448598127],
      [0.041095890409, 0.31506849315, 0.55821917809, 0.085616438355],
      [0.029850746267, 0.29850746268, 0.58208955223, 0.08955223882],
      [0.021276595747, 0.29787234042, 0.55319148935, 0.12765957448]
    ],
    [
      [0.22777106516, 0.29076868301, 0.45322102789, 0.028239223943],
      [0.0213810658, 0.45571363088, 0.42924717001, 0.093658133311],
      [0.053159819004, 0.4147028426, 0.45505991794, 0.077077420453],
      [0.039187014581, 0.45785270587, 0.42307092558, 0.079889353968],
      [0.0094719181224, 0.31944445192, 0.51461533908, 0.15646829088],
      [0.076515852126, 0.370008075, 0.16537060928, 0.38810546359]
    ],
    [
      [0.12000000002, 0.19999999998, 0.64000000001, 0.039999999993],
      [0.064516129037, 0.22580645162, 0.64516129029, 0.064516129052],
      [0.03673469388, 0.23265306123, 0.65306122452, 0.077551020369],
      [0.029126213575, 0.2330097087, 0.66019417475, 0.077669902975],
      [0.02222222221, 0.22222222233, 0.6666666666, 0.088888888863],
      [5.1386886454e-11, 0.21739130427, 0.6521739129, 0.13043478278]
    ],
    [
      [0.20000000031, 0.1999999997, 0.59999999997, 2.4672239034e-11],
      [0.090909090709, 0.18181818206, 0.6666666668, 0.060606060423],
      [0.050335570433, 0.2080536914, 0.68120805364, 0.060402684528],
      [0.051020408333, 0.20408163237, 0.68367346954, 0.061224489763],
      [0.027777777698, 0.19444444388, 0.7222222226, 0.05555555583],
      [3.6332266368e-11, 0.20000000044, 0.66666666553, 0.13333333399]
    ],
    [
      [0.096774193548, 0.29032258065, 0.54838709677, 0.064516129032],
      [0.056338028169, 0.32394366197, 0.56338028169, 0.056338028169],
      [0.050119331742, 0.31264916468, 0.56801909308, 0.069212410501],
      [0.051094890511, 0.3102189781, 0.56934306569, 0.069343065693],
      [0.049019607843, 0.30392156863, 0.56862745098, 0.078431372549],
      [0.037037037037, 0.2962962963, 0.55555555556, 0.11111111111]
    ],
    [
      [0.12784835631, 0.32789997854, 0.48307110153, 0.061180563622],
      [0.12166104631, 0.32571327021, 0.49528416794, 0.057341515538],
      [0.086369405999, 0.28577676022, 0.55497282381, 0.07288100997],
      [0.086697250608, 0.33031240197, 0.51086787794, 0.072122469478],
      [0.067881943843, 0.25575415797, 0.52150369259, 0.1548602056],
      [0.052118270417, 0.27959320697, 0.48977349907, 0.17851502355]
    ],
    [
      [0.23543344073, 0.31752587405, 0.40549605422, 0.041544631005],
      [0.082438310136, 0.34244874813, 0.48200542644, 0.093107515296],
      [0.042533761836, 0.34982510486, 0.52834530727, 0.079295826032],
      [0.041318970134, 0.34579380124, 0.52281933221, 0.090067896422],
      [0.015179735165, 0.34327969639, 0.49734893956, 0.14419162889],
      [0, 0, 0, 0]
    ],
    [
      [0.14285714286, 0.42857142855, 0.39285714287, 0.035714285716],
      [0.085106382979, 0.44680851064, 0.40425531915, 0.063829787232],
      [0.085427135677, 0.43718592965, 0.41708542714, 0.060301507537],
      [0.088145896657, 0.43161094225, 0.41641337386, 0.063829787235],
      [0.084337349399, 0.421686747, 0.42168674698, 0.072289156625],
      [0.074074074071, 0.40740740741, 0.4074074074, 0.11111111111]
    ],
    [
      [0.088235294118, 0.41176470588, 0.44117647059, 0.058823529412],
      [0.051948051948, 0.44155844156, 0.45454545455, 0.051948051948],
      [0.045197740113, 0.42372881356, 0.46892655367, 0.062146892655],
      [0.045602605863, 0.42019543974, 0.47231270358, 0.061889250814],
      [0.04, 0.42, 0.46, 0.08],
      [0.038461538462, 0.42307692308, 0.46153846154, 0.076923076923]
    ],
    [
      [0.12121212121, 0.36363636364, 0.48484848484, 0.030303030303],
      [0.062937062936, 0.39160839161, 0.5034965035, 0.041958041958],
      [0.059907834101, 0.38709677419, 0.5069124424, 0.046082949309],
      [0.062146892656, 0.37853107345, 0.51412429378, 0.045197740113],
      [0.054545454545, 0.36363636363, 0.50909090909, 0.072727272727],
      [0.062499999999, 0.375, 0.5, 0.062500000002]
    ],
    [
      [0.11111111111, 0.33333333333, 0.52777777778, 0.027777777778],
      [0.069444444444, 0.35416666667, 0.54166666667, 0.034722222222],
      [0.058823529412, 0.36029411765, 0.54411764706, 0.036764705882],
      [0.059490084986, 0.35410764873, 0.54957507082, 0.036827195467],
      [0.051948051948, 0.35064935065, 0.57142857143, 0.025974025974],
      [0.034482758621, 0.34482758621, 0.51724137931, 0.10344827586]
    ],
    [
      [0.079999993778, 0.36000004351, 0.51999995028, 0.04000001243],
      [0.044117642491, 0.36764708622, 0.5147058641, 0.07352940719],
      [0.033519553939, 0.3743016621, 0.5195530865, 0.072625697463],
      [0.035714286946, 0.36111110988, 0.52777777531, 0.075396827861],
      [0.019999996909, 0.35999999377, 0.52000000622, 0.1000000031],
      [0.025000003883, 0.35000000388, 0.50000000777, 0.12499998446]
    ],
    [
      [0.051724137931, 0.41379310345, 0.48275862069, 0.051724137931],
      [0.043165467626, 0.42446043165, 0.48201438849, 0.05035971223],
      [0.030303030303, 0.42857142857, 0.48701298701, 0.054112554113],
      [0.031123139378, 0.42219215156, 0.49255751015, 0.054127198917],
      [0.027972027972, 0.41958041958, 0.48951048951, 0.062937062937],
      [0.020833333333, 0.41666666667, 0.47916666667, 0.083333333333]
    ],
    [
      [0.09756097561, 0.34146341463, 0.48780487805, 0.073170731707],
      [0.057471264368, 0.37931034483, 0.49425287356, 0.068965517241],
      [0.056433408578, 0.36794582393, 0.49661399549, 0.079006772009],
      [0.056974459725, 0.36345776031, 0.50098231827, 0.07858546169],
      [0.054794520548, 0.35616438356, 0.49315068493, 0.095890410959],
      [0.04347826087, 0.36231884058, 0.49275362319, 0.10144927536]
    ],
    [
      [0.081632653062, 0.34693877551, 0.48979591837, 0.081632653061],
      [0.048076923077, 0.375, 0.5, 0.076923076923],
      [0.046961325967, 0.36187845304, 0.50552486188, 0.085635359116],
      [0.04513064133, 0.36104513064, 0.50831353919, 0.085510688836],
      [0.044444444444, 0.35555555555, 0.52222222222, 0.077777777778],
      [0.030303030303, 0.33333333333, 0.48484848485, 0.15151515152]
    ],
    [
      [0.10526315789, 0.42105263158, 0.42105263158, 0.052631578947],
      [0.047619047619, 0.44761904762, 0.4380952381, 0.066666666667],
      [0.050847457627, 0.43728813559, 0.44406779661, 0.067796610169],
      [0.050709939148, 0.43204868154, 0.45030425963, 0.066937119675],
      [0.044444444444, 0.42222222222, 0.46666666667, 0.066666666667],
      [0.025641025641, 0.41025641026, 0.4358974359, 0.12820512821]
    ],
    [
      [0.11111110424, 0.37037042535, 0.48148144024, 0.037037030168],
      [0.044444452691, 0.3999999835, 0.51111109874, 0.044444465062],
      [0.045977010428, 0.37356320026, 0.51724139957, 0.063218389738],
      [0.047846890839, 0.36842106773, 0.52153108894, 0.062200952498],
      [0.028571428574, 0.37142856082, 0.51428571958, 0.085714291017],
      [0.047619038784, 0.33333331566, 0.47619049386, 0.14285715169]
    ],
    [
      [0.083333333333, 0.44444444444, 0.41666666667, 0.055555555556],
      [0.034482758621, 0.48275862069, 0.4367816092, 0.045977011494],
      [0.034920634921, 0.46666666667, 0.44444444444, 0.053968253968],
      [0.036713286713, 0.46328671329, 0.44405594406, 0.055944055944],
      [0.03738317757, 0.45794392523, 0.43925233645, 0.065420560748],
      [0.035087719298, 0.45614035088, 0.43859649123, 0.070175438596]
    ],
    [
      [0.25578021175, 0.1635784197, 0.52270543493, 0.057935933622],
      [0.054050700993, 0.37461620259, 0.4515009789, 0.11983211752],
      [0.023808020487, 0.34098924029, 0.52097748976, 0.11422524947],
      [0.071204104075, 0.33201323241, 0.49606829585, 0.10071436767],
      [0.024740202709, 0.3615380866, 0.48023928473, 0.13348242596],
      [0.023356981207, 0.30944545934, 0.43983574926, 0.22736181019]
    ],
    [
      [0.041237113402, 0.40549828179, 0.48109965636, 0.072164948454],
      [0.042316258352, 0.40534521158, 0.48106904232, 0.071269487751],
      [0.038674033149, 0.40671483213, 0.48151296218, 0.073098172546],
      [0.038974719101, 0.40625, 0.48174157303, 0.073033707865],
      [0.038904899135, 0.40489913545, 0.48270893372, 0.0734870317],
      [0.035555555556, 0.40444444444, 0.48, 0.08]
    ],
    [
      [0.13793103448, 0.31034482759, 0.48275862069, 0.068965517241],
      [0.07, 0.33, 0.51, 0.09],
      [0.071625344353, 0.31680440771, 0.51790633609, 0.093663911846],
      [0.071651090343, 0.31152647975, 0.52336448598, 0.093457943925],
      [0.073170731707, 0.30487804878, 0.51219512195, 0.10975609756],
      [0.068181818182, 0.29545454545, 0.5, 0.13636363636]
    ],
    [
      [0.09375, 0.328125, 0.484375, 0.09375],
      [0.08407079646, 0.32743362832, 0.49557522124, 0.092920353982],
      [0.0763956905, 0.33202742409, 0.49559255632, 0.095984329089],
      [0.076404494382, 0.33258426966, 0.49550561798, 0.095505617978],
      [0.074074074074, 0.32804232804, 0.50264550265, 0.095238095238],
      [0.072463768116, 0.32608695652, 0.49275362319, 0.10869565217]
    ],
    [
      [0.18181815347, 0.45454544598, 0.36363633774, 6.2806274752e-08],
      [0.10714286108, 0.48214282498, 0.3750000173, 0.035714296644],
      [0.0789473475, 0.47368419906, 0.39473685903, 0.052631594406],
      [0.087248330026, 0.46308726042, 0.39597314868, 0.053691260871],
      [0.062500013097, 0.43750007948, 0.37499993305, 0.12499997437],
      [0.090909117978, 0.45454542659, 0.36363635885, 0.090909096581]
    ]
  ],
  "expected_outcome": [
    [
      [0, 1.8539205258, 2.9999999544, 2.9999999995, 2, 1.9999984409, 0.90373594847, 4, 1.0000000019, 3, 5, 0.99999578914, 3.0000000006, 1.3666263909, 3.0000000005, 2.0000000031, 3, 0.51139342523, 0.70630032218, 4.0000000001, 3, 4, 4, 1.9999998445, 3, 4, 4, 4, 2.9999998145, 3, 0.25578021175, 12, 4, 6, 1.9999996882],
      [0, 2.1623031627, 5.0000000683, 6.0000000007, 7.0000000002, 2.9998853582, 0.046600890052, 39, 7.00346415, 16, 46, 2.000236227, 10.9999999998, 1.7446120981, 4.9999999995, 1.999999997, 9, 1.3115999141, 0.95257762214, 11.9999999995, 14, 12.0000000001, 12, 9.0000010878, 24, 14, 17, 16, 10.0000014844, 16, 0.1635784197, 118, 9, 21, 4.9999999058],
      [0, 6.9178830762, 6.9999999316, 8.9999999998, 12.9999999997, 8.0001724344, 0.048960352985, 26, 4.9974018763, 25, 24, 3.9995316444, 19.9999999997, 2.7193261673, 16.0000000002, 5.9999999997, 17, 1.9322844061, 1.2164881627, 11.0000000003, 15, 15.9999999999, 19, 12.999998757, 28, 20, 24, 16, 12.9999988866, 15, 0.52270543493, 140, 14, 31, 3.9999997152],
      [0, 0.065893235313, 1.0000000457, 1, 2.0000000002, 0.99994376661, 0.00070280849334, 5, 0.99913397175, 4, 5, 1.0002363395, 2.9999999999, 0.16943534366, 0.99999999983, 2.4672239034e-10, 2, 0.24472225449, 0.12463389301, 1, 2, 0.99999999998, 1, 1.0000003107, 3, 3, 4, 2, 0.99999981453, 2, 0.057935933622, 21, 2, 6, 6.9086902227e-07]
    ],
    [
      [1.0515047033, 0.91262423802, 1.9999999773, 3, 3, 1.0000006355, 2.8464030356, 5, 2.9991339534, 4, 6, 0.99999959676, 2.9999999999, 0.2565727896, 2.0000000001, 2.9999999934, 4, 1.2166104631, 0.9068214115, 8, 4, 8.9999999999, 10, 2.9999996894, 6, 5, 5, 5, 2.0000003711, 3, 0.10810140199, 19, 7, 19, 6.0000002207],
      [3.2886518837, 2.9575957857, 17.9999999545, 18.9999999963, 8.9999999998, 3.9998863982, 2.1760773196, 51, 11.0017321212, 21, 63, 3.9990353689, 17.0000000002, 5.4685635706, 7.0000000002, 6.0000000081, 23, 3.2571327021, 3.7669362295, 42.0000000002, 34, 56.0000000001, 51, 25.000001863, 59, 33, 39, 47, 17.9999992576, 42, 0.74923240518, 182, 33, 74, 26.9999981986],
      [4.5420048905, 7.1219966582, 22.000000091, 24.0000000037, 16, 9.000170219, 6.9393137132, 34, 7.9991339329, 32, 34, 10.0009617438, 28.9999999994, 5.1509660401, 19.9999999991, 22.0000000045, 40, 4.9528416794, 5.3020596908, 38, 35, 72, 78, 34.9999987587, 67, 43, 51.9999999999, 46, 22.9999994435, 38, 0.9030019578, 216, 51, 112, 21.0000009686],
      [0.11783852247, 0.0077833180841, 4.9999999772, 3, 2.0000000002, 0.99994274724, 0.038205931555, 7, 0.9999999925, 5, 7, 2.0000032905, 4.0000000005, 1.1238975997, 2.0000000006, 1.999999994, 4, 0.57341515538, 1.0241826683, 5.9999999998, 4, 6, 5, 4.9999996889, 7, 6, 8, 7, 2.0000009278, 4, 0.23966423504, 32, 9, 21, 2.0000006121]
    ],
    [
      [2.0859074244, 5.9090381931, 10.9999999543, 9.9999999995, 9.9999999999, 6.0000570321, 5.7963793488, 18, 6.0043301423, 22, 24, 4.9992797586, 18, 2.3921918552, 9.0000000005, 14.9999999892, 21, 2.15923515, 2.2542893773, 16.9999999997, 8, 12.9999999999, 16, 6.0000001551, 14, 25, 17, 15, 7.9999998145, 11, 0.7142406146, 91, 26, 78, 5.99999841],
      [7.7057419961, 29.8472120976, 64.999999795, 82.9999999991, 82.9999999996, 33.0002765873, 23.7722221082, 246, 63.9896076609, 163, 327, 32.0000196429, 134.0000000012, 18.6616279171, 57.0000000015, 62.0000000368, 131, 7.1444190055, 18.5407305578, 87, 75, 83.9999999998, 98, 66.9999975154, 198, 163, 131.0000000001, 129, 64.9999968453, 147, 10.2296772086, 957, 115, 339, 35.9999991288],
      [10.6824599527, 77.2000649985, 84.0000004104, 111, 142.0000000005, 89.0000108776, 58.3698122865, 162, 47.0077942722, 254, 174, 74.0004708734, 239.0000000003, 20.4776963073, 160.0000000075, 202.9999999847, 238, 13.8743205953, 28.0023012852, 83.0000000005, 83, 110.0000000002, 148, 93.0000024835, 225, 220, 183, 131, 90.0000035258, 140, 15.6293246927, 1133, 188, 506, 30.0000012863],
      [0.52589062677, 5.0436847108, 19.9999998403, 17.0000000014, 23, 12.999655503, 6.0615862565, 35, 8.9982679247, 40, 38, 15.000229725, 36.9999999985, 3.4684839204, 18.9999999905, 17.9999999893, 29, 1.8220252493, 4.2026787797, 11.9999999999, 11, 10.0000000001, 10, 12.9999998459, 25, 35, 31, 20, 10.9999998144, 17, 3.426757484, 172, 34, 98, 4.0000011748]
    ],
    [
      [1.7514144874, 2.195501244, 10.0000001823, 10.9999999995, 10.0000000001, 1.9999430625, 1.9807964792, 35, 9.9965358821, 18, 60, 1.9999995534, 11.9999999995, 1.8417896853, 2.9999999982, 5.0000000167, 14, 1.8206422628, 1.859353656, 29.0000000002, 14, 22.0000000002, 21, 9.0000003103, 23, 29, 19, 25, 10.0000001854, 21, 1.7088984978, 111, 23, 68, 13.0000011738],
      [6.6185811727, 11.8765818951, 58.0000000456, 85.0000000023, 76.0000000003, 12.9998320707, 12.0405125606, 480, 105.0043301227, 143, 787, 19.0002233364, 91.9999999995, 21.5190771758, 23.9999999959, 19.9999999719, 85, 6.9365604414, 15.5607210556, 141.9999999994, 129, 134.0000000002, 125, 90.99999969, 312, 185, 152, 213, 77.0000031548, 265, 7.9683175779, 1157, 100, 296, 69.0000018026],
      [8.2899834675, 30.9777514707, 76.9999995445, 119.9999999981, 133.9999999998, 38.9998841594, 26.9480819909, 320, 78.9965358956, 224, 425, 41.9997558106, 163.0000000015, 19.8843335024, 67.9999999995, 67.0000000147, 156, 10.7282254368, 23.5268699494, 137, 145, 181.9999999997, 194, 132.9999993787, 364, 255, 214.0000000001, 222, 108.9999975876, 254, 11.9056391003, 1372, 168, 441, 58.9999991537],
      [0.34002087236, 1.9501653902, 18.0000002277, 18, 20.9999999997, 5.0003407074, 2.0306089693, 69, 15.0025980996, 35, 93, 9.0000212996, 24.9999999996, 3.7547996365, 8.0000000064, 5.9999999967, 19, 1.514571859, 4.053055339, 21.0000000004, 19, 15.9999999999, 13, 19.000000621, 40, 40, 36, 33, 12.9999990721, 32, 2.417144824, 208, 30, 85, 7.9999978699]
    ],
    [
      [0.11117338485, 0.1243802656, 2.9999999317, 1.0000000007, 2, 0.99994323632, 0.29768456229, 3, 1.0000000102, 3, 6, 0.00024069523563, 1.9999999999, 0.066303426857, 0.99999999945, 0.99999999711, 5, 0.13576388769, 0.27323523296, 7.0000000001, 2, 3, 4, 0.99999984545, 4, 4, 4, 4, 1.0000000001, 4, 0.049480405418, 27, 6, 14, 1.0000002095],
      [0.3870249475, 2.0990109119, 17.0000000229, 12.0000000016, 20, 6.0001206637, 2.9438701836, 53, 16.000865951, 29, 86, 7.0004719909, 19.9999999997, 2.2361111634, 10.0000000048, 6.9999999796, 31, 0.51150831595, 6.179034535, 35.0000000007, 21, 19.9999999999, 27, 17.9999996884, 60, 26, 31.9999999999, 38, 12.9999996288, 49, 0.72307617319, 281, 25, 62, 7.0000012717],
      [0.48555168925, 8.7216140806, 25.0000000224, 18.9999999984, 38, 18.9998197101, 9.7055595341, 36, 13.0000000476, 47, 47, 15.9995345358, 38.9999999995, 3.6023073736, 29.999999997, 26.0000000135, 58, 1.0430073852, 8.952280912, 34.9999999994, 23, 28.0000000002, 44, 26.0000003111, 70, 36, 47, 42, 18.0000001855, 47, 0.96047856946, 335, 42, 95, 5.9999989288],
      [0.016249978405, 1.0549947419, 5.000000023, 2.9999999993, 6.0000000001, 3.0001163899, 1.0528857201, 8, 1.9991339912, 8, 11, 2.9997527781, 6.0000000009, 1.0952780362, 3.9999999988, 2.0000000099, 8, 0.30972041119, 2.5954493201, 5.9999999999, 4, 4, 2, 5.0000001551, 9, 7, 7.0000000001, 6, 3.0000001856, 7, 0.26696485193, 51, 9, 18, 1.99999959]
    ],
    [
      [0, 0.0045355334919, 2.0000000001, 1.0000000007, 0.99999999996, 5.7592626858e-05, 0.17500062562, 1, 1.0030978e-08, 2, 4, 0.00048460680917, 1.0000000001, 0.076515852126, 1.1818983884e-09, 5.4498399552e-10, 1, 0.15635481125, 0, 1.9999999999, 1, 2, 1, 1.0000001553, 1, 3, 1, 1, 0.99999981446, 2, 0.16349886845, 8, 3, 10, 1.0000002978],
      [0, 0.05729614712, 12.0000001137, 15, 12.0000000002, 1.999998922, 2.0207169379, 27, 3.9999999943, 21, 56, 5.000013434, 13.9999999997, 0.370008075, 4.9999999982, 3.0000000066, 8, 0.83877962091, 0, 11.0000000002, 11, 11.9999999999, 10, 14.0000001554, 20, 25, 11, 16, 6.9999996289, 26, 2.1661182154, 91, 13, 45, 4.9999996925],
      [0, 1.0606897158, 16.0000000001, 20, 22.0000000001, 5.9999425995, 6.9882721224, 18, 2.9991339755, 33, 30, 13.999745392, 25.9999999997, 0.16537060928, 14.9999999968, 9.9999999829, 15, 1.4693204972, 0, 10.9999999999, 12, 16.0000000001, 15, 20.000000311, 23, 34, 16, 17, 10.0000003711, 25, 3.0788502448, 108, 22, 68, 3.9999999474],
      [0, 1.8774786036, 5.9999998861, 4.9999999993, 5.9999999998, 2.0000008859, 2.8160103141, 5, 2.0008660203, 7, 8, 3.9997565672, 6.0000000005, 0.38810546359, 3.0000000038, 2.0000000099, 3, 0.53554507064, 0, 3, 2, 2, 3, 4.9999993783, 4, 7, 5, 5, 3.0000001855, 4, 1.5915326714, 18, 6, 15, 1.0000000624]
    ]
  ],
  "prob": [
    [0.083683133206, 0.38612225006, 0.46684772636, 0.063346890371],
    [0.06021176187, 0.39431891012, 0.47999754443, 0.065471783581],
    [0.048697831012, 0.38142966385, 0.49508379238, 0.074788712754],
    [0.047836338759, 0.41094505238, 0.46895520446, 0.072263404408],
    [0.042747822761, 0.38419221943, 0.49372666474, 0.079333293071],
    [0.038233864853, 0.37542880341, 0.47573153539, 0.11060579634]
  ],
  "iterations": 2,
  "time": 0.040157,
  "message": "Converged",
  "status": 0,
  "miniter": 0,
  "maxiter": 1000,
  "maxtime": 3600,
  "param_threshold": 0.001,
  "ll_threshold": "-Inf",
  "initial_prob": "group_proportional",
  "candidates_id": ["STEWART, Gary Todd.c", "NGARO, Alfred.c", "TWYFORD, Philip Stoner.c", "Other candidates votes.c"],
  "group_id": ["Conservative.p", "Green Party.p", "Labour Party.p", "National Party.p", "New Zealand First Party.p", "Other parties votes.p"]
}
