{
  "X": [
    [122, 1879, 1997, 359],
    [2, 21, 17, 5],
    [5, 21, 23, 7],
    [12, 184, 151, 38],
    [63, 1121, 1351, 252],
    [134, 914, 1499, 244],
    [4, 55, 63, 10],
    [6, 28, 65, 11],
    [2, 23, 31, 5],
    [4, 44, 44, 4],
    [6, 71, 50, 9],
    [23, 633, 410, 70],
    [2, 19, 14, 1],
    [7, 90, 112, 29],
    [2, 5, 15, 0],
    [41, 242, 350, 61],
    [7, 15, 32, 3],
    [2, 33, 47, 10],
    [31, 197, 337, 91],
    [3, 49, 72, 11],
    [112, 674, 1204, 180],
    [2, 8, 16, 1],
    [6, 73, 75, 17],
    [94, 496, 799, 159],
    [8, 85, 126, 16],
    [6, 25, 56, 14],
    [8, 16, 31, 9],
    [157, 310, 777, 110],
    [1, 5, 8, 2],
    [2, 62, 37, 5],
    [97, 2364, 1656, 342],
    [4, 64, 29, 9],
    [6, 47, 101, 13],
    [36, 360, 385, 74],
    [2, 5, 9, 0],
    [1, 26, 43, 2],
    [0, 4, 10, 1],
    [3, 86, 100, 27],
    [8, 129, 116, 28],
    [2, 52, 54, 10],
    [5, 152, 108, 15],
    [5, 69, 62, 27],
    [7, 105, 107, 42],
    [5, 87, 150, 38],
    [5, 55, 125, 22],
    [7, 42, 74, 13],
    [4, 34, 59, 10],
    [3, 39, 64, 21],
    [8, 62, 129, 24],
    [4, 145, 76, 16],
    [6, 187, 101, 17],
    [1, 25, 13, 10],
    [3, 8, 6, 5],
    [1, 6, 5, 1],
    [2, 15, 24, 4],
    [10, 94, 126, 27],
    [6, 81, 86, 13],
    [11, 76, 85, 32],
    [9, 112, 175, 39],
    [9, 80, 55, 11],
    [1, 15, 10, 3],
    [21, 95, 116, 28],
    [15, 148, 203, 36],
    [7, 69, 92, 21],
    [7, 54, 79, 13],
    [0, 7, 7, 1],
    [4, 218, 124, 41],
    [3, 177, 72, 19],
    [6, 252, 155, 48],
    [3, 75, 45, 7],
    [1, 99, 76, 19],
    [24, 104, 178, 33],
    [1, 6, 3, 0],
    [3, 69, 34, 9],
    [0, 4, 3, 0],
    [1, 10, 5, 3],
    [1, 3, 5, 0],
    [88, 202, 433, 71],
    [237, 1252, 1988, 461],
    [109, 696, 967, 286],
    [0, 5, 5, 1]
  ],
  "W": [
    [262, 229, 2120, 1387, 359],
    [4, 2, 21, 12, 6],
    [4, 5, 29, 15, 3],
    [45, 25, 151, 128, 36],
    [207, 142, 1377, 812, 249],
    [169, 275, 1508, 578, 261],
    [8, 14, 61, 41, 8],
    [3, 12, 61, 23, 11],
    [2, 3, 36, 16, 4],
    [9, 7, 45, 27, 8],
    [11, 6, 67, 42, 10],
    [105, 37, 481, 441, 72],
    [0, 3, 15, 15, 3],
    [20, 18, 106, 69, 25],
    [0, 4, 13, 3, 2],
    [48, 120, 307, 152, 67],
    [2, 7, 37, 7, 4],
    [8, 11, 50, 20, 3],
    [48, 65, 334, 130, 79],
    [2, 14, 79, 29, 11],
    [130, 268, 1147, 461, 164],
    [3, 1, 18, 5, 0],
    [15, 14, 77, 47, 18],
    [66, 132, 834, 356, 160],
    [12, 26, 113, 68, 16],
    [5, 16, 54, 17, 9],
    [4, 11, 34, 8, 7],
    [57, 306, 672, 193, 126],
    [3, 0, 6, 5, 2],
    [9, 4, 45, 40, 8],
    [349, 178, 1924, 1713, 295],
    [21, 6, 39, 33, 7],
    [8, 22, 93, 27, 17],
    [61, 61, 421, 248, 64],
    [0, 1, 9, 5, 1],
    [5, 5, 43, 14, 5],
    [1, 1, 10, 3, 0],
    [19, 17, 99, 59, 22],
    [24, 14, 135, 81, 27],
    [12, 10, 55, 33, 8],
    [38, 14, 110, 98, 20],
    [15, 7, 68, 58, 15],
    [27, 9, 110, 80, 35],
    [15, 26, 142, 57, 40],
    [11, 6, 131, 31, 28],
    [8, 8, 77, 28, 15],
    [6, 8, 51, 25, 17],
    [11, 3, 68, 24, 21],
    [20, 19, 119, 34, 31],
    [28, 16, 79, 101, 17],
    [33, 18, 115, 123, 22],
    [4, 1, 20, 19, 5],
    [0, 0, 8, 8, 6],
    [0, 2, 7, 3, 1],
    [2, 9, 16, 16, 2],
    [17, 28, 119, 60, 33],
    [12, 21, 97, 42, 14],
    [24, 15, 91, 51, 23],
    [23, 24, 185, 70, 33],
    [8, 16, 60, 56, 15],
    [3, 3, 16, 6, 1],
    [17, 28, 126, 59, 30],
    [33, 40, 187, 104, 38],
    [15, 19, 90, 46, 19],
    [15, 15, 62, 39, 22],
    [1, 1, 6, 5, 2],
    [39, 15, 134, 156, 43],
    [29, 3, 88, 125, 26],
    [41, 23, 174, 174, 49],
    [14, 7, 46, 52, 11],
    [15, 4, 92, 67, 17],
    [23, 40, 172, 66, 38],
    [1, 2, 2, 5, 0],
    [9, 4, 41, 50, 11],
    [0, 0, 3, 4, 0],
    [5, 3, 4, 6, 1],
    [1, 2, 4, 1, 1],
    [38, 157, 427, 102, 70],
    [218, 316, 2111, 893, 400],
    [140, 126, 1038, 496, 258],
    [3, 1, 4, 2, 1]
  ],
  "method": "mvn_cdf",
  "mvncdf_method": "genz",
  "mvncdf_samples": 5000,
  "mvncdf_error": 0.001,
  "cond_prob": [
    [
      [6.5687435949e-06, 0.80344578889, 0.075217511308, 0.12133013106],
      [0.29725689853, 0.00074185523654, 0.70100861874, 0.00099262748973],
      [0.019535735654, 0.14450770693, 0.76980383054, 0.066152726878],
      [9.0482078078e-06, 0.96094778091, 0.024144703556, 0.014898467331],
      [0.034813759815, 0.081159909922, 0.42141842275, 0.46260790751]
    ],
    [
      [0.0011724932298, 0.88116295589, 0.042525845496, 0.075138705379],
      [0.47844513795, 0.00069370129326, 0.51961190873, 0.0012492520272],
      [0.034534235531, 0.23303921431, 0.65757307958, 0.074853470586],
      [0.0029808354394, 0.98430274158, 0.0015768049451, 0.011139618033],
      [0.046238463292, 0.1280840624, 0.32711941169, 0.49855806262]
    ],
    [
      [0.0012638412165, 0.70306403625, 0.084174991739, 0.21149713079],
      [0.63491105357, 0.0082586352522, 0.35429824781, 0.0025320633669],
      [0.054974378055, 0.12836844565, 0.68978064684, 0.12687652945],
      [0, 0.95630370749, 0.014571890512, 0.029124401998],
      [0.075377467898, 0.026403380824, 0.22319722594, 0.67502192534]
    ],
    [
      [7.8744854287e-05, 0.80678551114, 0.057539991005, 0.135595753],
      [0.30487319031, 0.0051169323377, 0.6882184328, 0.00179144456],
      [0.02079626305, 0.14581343765, 0.75630776963, 0.07708252967],
      [0.00030627455379, 0.9580397405, 0.024305099778, 0.017348885168],
      [0.03319966279, 0.081105911687, 0.38588093332, 0.4998134922]
    ],
    [
      [1.820890687e-05, 0.77337278076, 0.088885241063, 0.13772376927],
      [0.24994916609, 0.00061972313159, 0.74846642165, 0.00096468912618],
      [0.014839602345, 0.12308807256, 0.7948685519, 0.067203773193],
      [7.2246657783e-06, 0.95331102542, 0.02897784412, 0.017703905796],
      [0.028367270338, 0.069249016639, 0.43475709972, 0.4676266133]
    ],
    [
      [4.822316069e-05, 0.80089802818, 0.076998443513, 0.12205530514],
      [0.32158770568, 0.0011654208027, 0.67607509905, 0.0011717744668],
      [0.023116116827, 0.1353442954, 0.77768118444, 0.063858403336],
      [0.00011420637831, 0.95880970694, 0.025873015172, 0.015203071511],
      [0.040728412882, 0.076768331203, 0.43053173144, 0.45197152448]
    ],
    [
      [4.8792918251e-05, 0.79204622172, 0.084785497965, 0.1231194874],
      [0.22139944572, 0.00084378110226, 0.77568794908, 0.0020688241023],
      [0.011754015166, 0.13996416321, 0.77708041325, 0.07120140837],
      [0, 0.96426463184, 0.018422306953, 0.017313061206],
      [0.022877811437, 0.072394178695, 0.41310811695, 0.49161989291]
    ],
    [
      [0.00011161154471, 0.70078184346, 0.091603551163, 0.20750299383],
      [0.32596424723, 0.0017142257444, 0.67002453917, 0.002296987854],
      [0.026549198367, 0.066692576675, 0.83390964953, 0.072848575432],
      [0.00093761776833, 0.92890800983, 0.041613978119, 0.028540394287],
      [0.040638899047, 0.040359305229, 0.44175315988, 0.47724863585]
    ],
    [
      [0.00018880752271, 0.84206998951, 0.041930088549, 0.11581111442],
      [0.33084865298, 0.00084459347201, 0.66675678714, 0.0015499664127],
      [0.023556577126, 0.15127204178, 0.75288240577, 0.072288975321],
      [0.0015415457005, 0.97008112272, 0.013102065241, 0.015275266338],
      [0.033593729571, 0.086558693197, 0.40061745249, 0.47923012474]
    ],
    [
      [0.00058067824484, 0.8942117766, 0.058673124128, 0.046534421023],
      [0.34009927505, 0.0081777201317, 0.65144241238, 0.00028059243292],
      [0.026046349184, 0.18394461246, 0.76349891906, 0.026510119295],
      [0.0017849773682, 0.98322918567, 0.012806465684, 0.0021793712738],
      [0.049224858525, 0.13376929944, 0.52607738315, 0.29092845889]
    ],
    [
      [0.00034714948564, 0.89415071473, 0.049021870007, 0.056480265778],
      [0.50079253233, 0.0005269374342, 0.49790976593, 0.00077076430475],
      [0.035188282174, 0.27351844449, 0.6331118127, 0.058181460643],
      [0.0009439793974, 0.9787334014, 0.013408056169, 0.0069145630291],
      [0.059416412138, 0.17286418738, 0.34916710245, 0.41855229803]
    ],
    [
      [3.2431573466e-05, 0.86226902188, 0.06114370604, 0.076554840501],
      [0.31250314233, 0.0010809210431, 0.68566158925, 0.00075434737729],
      [0.018537960473, 0.21438787471, 0.70989915752, 0.057175007291],
      [0.00011304834638, 0.9752305961, 0.016642779305, 0.0080135762462],
      [0.034268959867, 0.12811802786, 0.40846488362, 0.42914812865]
    ],
    [
      ["NaN", "NaN", "NaN", "NaN"],
      [0.41932425012, 0.063314490644, 0.51376075306, 0.0036005061748],
      [0.03448656775, 0.22550367651, 0.72233603084, 0.017673724902],
      [0.0036367081322, 0.98801030823, 0.0072345402231, 0.0011184434195],
      [0.056726037132, 0.20244891901, 0.50505305831, 0.23577198555]
    ],
    [
      [3.2676390281e-05, 0.70304127998, 0.094737500955, 0.20218854267],
      [0.25540654469, 0.0038160741426, 0.73858783659, 0.0021895445735],
      [0.016604341722, 0.094305457566, 0.80049164381, 0.088598556904],
      [1.1162595801e-05, 0.93682666867, 0.034966493416, 0.028195675318],
      [0.025647929044, 0.049322657025, 0.38183466531, 0.54319474862]
    ],
    [
      ["NaN", "NaN", "NaN", "NaN"],
      [0.34439806898, 0.051744802434, 0.60385712859, 0],
      [0.028191051697, 0.1246039146, 0.84720503371, 0],
      [0.0012387165394, 0.98989632445, 0.008864959011, 0],
      [0.1261039512, 0.10174046359, 0.77215558521, 0]
    ],
    [
      [8.6762099122e-05, 0.76951758126, 0.1189955199, 0.11140013674],
      [0.28449006998, 0.00083917806274, 0.71370761216, 0.00096313979826],
      [0.015904114261, 0.16860322067, 0.74544421796, 0.070048447111],
      [0, 0.96681439968, 0.019118947045, 0.014066653277],
      [0.029469611104, 0.093216078145, 0.40128129434, 0.47603301641]
    ],
    [
      [0.0025411849999, 0.83013566754, 0.10659651667, 0.060726630794],
      [0.62647697396, 0.0034001288889, 0.36953469575, 0.0005882014048],
      [0.056385639649, 0.16605873118, 0.73597943861, 0.041576190561],
      [0.00035397162644, 0.96694191882, 0.025274640799, 0.007429468754],
      [0.13020808597, 0.1007903193, 0.44797559559, 0.32102599914]
    ],
    [
      [3.1978019442e-05, 0.73437921741, 0.090161149907, 0.17542765467],
      [0.16272311352, 0.0016949436072, 0.83276203433, 0.0028199085455],
      [0.0034546836075, 0.15588060352, 0.72545432235, 0.11521039053],
      [0, 0.96013593835, 0.01629876858, 0.023565293068],
      [0.012351915587, 0.036524312699, 0.17321231137, 0.77791146034]
    ],
    [
      [4.7510459804e-05, 0.71342915647, 0.079517736799, 0.20700559627],
      [0.32020476252, 0.00092500053756, 0.67733351041, 0.0015367265279],
      [0.022750249494, 0.10864973903, 0.77170434587, 0.096895665608],
      [0.00019911686722, 0.94161816786, 0.030548588954, 0.027634126321],
      [0.032404321649, 0.050581022744, 0.34728990345, 0.56972475215]
    ],
    [
      [0, 0.87336303983, 0.022705842047, 0.10393111812],
      [0.17475222262, 0.034845718848, 0.78818300732, 0.002219051214],
      [0.0047725407112, 0.2244568095, 0.70251307189, 0.0682575779],
      [4.5007218966e-05, 0.95051004084, 0.039144928687, 0.010300023257],
      [0.015921177978, 0.13350497472, 0.38966278201, 0.46091106529]
    ],
    [
      [3.7015058923e-05, 0.75950364212, 0.094666188496, 0.14579315432],
      [0.30313703981, 0.00030487385185, 0.69542058029, 0.0011375060499],
      [0.021360150282, 0.11100324464, 0.80153711007, 0.066099494999],
      [8.7210946572e-05, 0.94966745518, 0.031304624155, 0.018940709715],
      [0.037891248492, 0.061374401734, 0.43613526212, 0.46459908765]
    ],
    [
      [0.0087500923009, 0.74452828241, 0.11746886767, 0.12925275762],
      [0.79050911949, 0, 0.20924654429, 0.00024433621977],
      [0.06542697122, 0.058070105682, 0.84591987972, 0.030583043378],
      [0.0011110243306, 0.9442306501, 0.042357803548, 0.012300522022],
      ["NaN", "NaN", "NaN", "NaN"]
    ],
    [
      [0.00010436286192, 0.83138513378, 0.058062170255, 0.1104483331],
      [0.28730370639, 0.0052061284463, 0.70542096213, 0.0020692030396],
      [0.018475492047, 0.1708891023, 0.7362254373, 0.074409968357],
      [0.00035789151224, 0.97077553324, 0.014373873417, 0.014492701835],
      [0.029819382164, 0.092857014219, 0.38268018078, 0.49464342284]
    ],
    [
      [0, 0.77049880131, 0.06926447629, 0.1602367224],
      [0.42584505015, 0.00038429553622, 0.57261005592, 0.0011605983904],
      [0.034241783244, 0.11688315156, 0.77340816328, 0.075466901914],
      [3.6838654739e-05, 0.94882498803, 0.030525246354, 0.020612926961],
      [0.057610572455, 0.061463174745, 0.39346638318, 0.48745986962]
    ],
    [
      [4.2271532216e-05, 0.75038833133, 0.1135581428, 0.13601125434],
      [0.22926600855, 0.00017119134722, 0.76923112555, 0.0013316745477],
      [0.013989363442, 0.095211860008, 0.83475631483, 0.056042461724],
      [6.67655588e-06, 0.9456020118, 0.036064476903, 0.018326834738],
      [0.028582777777, 0.058188254095, 0.49109031358, 0.42213865454]
    ],
    [
      [0.00041261616546, 0.64391322929, 0.11337397183, 0.24230018271],
      [0.29682408489, 0.00036977374688, 0.70177298013, 0.0010331612426],
      [0.0190431901, 0.099839327576, 0.76265828522, 0.11845919711],
      [0.00039620620831, 0.94299307903, 0.022463251864, 0.034147462894],
      [0.023742643338, 0.039145715659, 0.29325997505, 0.64385166596]
    ],
    [
      [0.00043852975698, 0.74764474131, 0.076499962659, 0.17541676627],
      [0.55229003909, 0.001988342827, 0.4429873636, 0.0027342544782],
      [0.043784513047, 0.14227946207, 0.69973012083, 0.11420590406],
      [0, 0.96743789454, 0.0099663360318, 0.02259576943],
      [0.062054572478, 0.058649199558, 0.27865490763, 0.60064132033]
    ],
    [
      [0.0001554010681, 0.74209551842, 0.11915672348, 0.13859235702],
      [0.41878973458, 3.3577087565e-05, 0.58049392747, 0.00068276086289],
      [0.031831470146, 0.11332119465, 0.79128354268, 0.063563792527],
      [4.8215011001e-05, 0.95058716539, 0.03136181574, 0.018002803859],
      [0.059058967637, 0.064088215362, 0.43477423682, 0.44207858018]
    ],
    [
      [0.058870993897, 0.38235885931, 0.2245668191, 0.33420332769],
      ["NaN", "NaN", "NaN", "NaN"],
      [0.066908737796, 0.0084812016115, 0.88691360306, 0.037696457529],
      [0.035730609656, 0.74450398606, 0.16802023644, 0.051745167839],
      [0.12164077163, 0.039758141034, 0.58235837106, 0.25624271628]
    ],
    [
      [0.00024458197995, 0.92388179473, 0.036619363378, 0.039254259916],
      [0.26725314926, 0.0034091638111, 0.72856882614, 0.00076886079542],
      [0.014848618741, 0.28316283053, 0.66333760272, 0.038650948017],
      [0.0010712840182, 0.98304587001, 0.013490110517, 0.002392735454],
      [0.027218370137, 0.20090812727, 0.42079423526, 0.35107926733]
    ],
    [
      [1.3086727271e-05, 0.83899442144, 0.058911160977, 0.10208133086],
      [0.2993075454, 0.00097997486089, 0.69848335263, 0.0012291271077],
      [0.017948600982, 0.19644268608, 0.71261032403, 0.072998388908],
      [5.5503792562e-06, 0.97036828381, 0.017382710495, 0.012243455316],
      [0.031105334107, 0.10447428208, 0.37380041198, 0.49061997183]
    ],
    [
      [0.0010411751482, 0.89859807457, 0.014269900859, 0.086090849426],
      [0.43045862761, 0.02587043545, 0.54131709621, 0.0023538407337],
      [0.027398758755, 0.30066870758, 0.58924875771, 0.082683775957],
      [0.0017862852734, 0.9716489084, 0.015100703926, 0.011464102404],
      [0.03826922154, 0.16910346409, 0.28191496066, 0.51071235371]
    ],
    [
      [6.0806227265e-05, 0.80876629638, 0.094574183073, 0.096598714324],
      [0.20996866921, 0.0010939788373, 0.78781794917, 0.0011194027803],
      [0.010391137838, 0.13924576658, 0.79726967046, 0.053093425119],
      [0, 0.96657465794, 0.021394087487, 0.012031254576],
      [0.024342765209, 0.085790002255, 0.48162893756, 0.40823829498]
    ],
    [
      [7.3319567315e-05, 0.81273096824, 0.064125615908, 0.12307009628],
      [0.3619054303, 0.001078016408, 0.63561093421, 0.0014056190804],
      [0.026347402867, 0.15659840052, 0.74297287922, 0.074081317397],
      [0.00021272244236, 0.96438804931, 0.019984394245, 0.015414834003],
      [0.043348195082, 0.082210767008, 0.38388060188, 0.49056043603]
    ],
    [
      ["NaN", "NaN", "NaN", "NaN"],
      [0.8915260777, 0.011655267962, 0.096818654343, 0],
      [0.089946060228, 0.025867044418, 0.88418689535, 0],
      [0.00016690880973, 0.93415525023, 0.065677840959, 0],
      [0.29812483621, 0.084765081124, 0.61711008267, 0]
    ],
    [
      [1.1721479782e-05, 0.87415965567, 0.089441437505, 0.036387185348],
      [0.13647531428, 0.0088910415793, 0.85439970806, 0.00023393608415],
      [0.0052060708069, 0.16594755115, 0.81376345341, 0.015082924636],
      [0, 0.98532101338, 0.013112053649, 0.0015669329664],
      [0.0187407553, 0.13090152541, 0.6210794049, 0.22927831439]
    ],
    [
      [0, 0.62267782422, 0.13767317891, 0.23964899686],
      [0, 0.040829126511, 0.95508195601, 0.0040889174769],
      [0, 0.045535627639, 0.88562525942, 0.068839112942],
      [0, 0.96037892429, 0.016997423629, 0.022623652079],
      ["NaN", "NaN", "NaN", "NaN"]
    ],
    [
      [7.3564755155e-06, 0.76042011199, 0.068565622707, 0.17100690883],
      [0.15065936979, 0.001640853932, 0.84515792094, 0.0025418553395],
      [0.0035099970705, 0.13754609751, 0.76093258266, 0.098011322763],
      [1.1376688394e-06, 0.95395826756, 0.023250510029, 0.02279008474],
      [0.0041406412805, 0.073796450736, 0.34661194261, 0.57545096538]
    ],
    [
      [0.0001213851852, 0.84426198334, 0.052109273674, 0.1035073578],
      [0.31685401847, 0.00089231904522, 0.68071676109, 0.0015369013924],
      [0.019915407668, 0.20054454562, 0.70035071983, 0.079189326878],
      [0.0003536787412, 0.97244646421, 0.014040422021, 0.013159435027],
      [0.031255647548, 0.1067978768, 0.35313783019, 0.50880864546]
    ],
    [
      [2.2152493591e-06, 0.83239686118, 0.055692422465, 0.1119085011],
      [0.16343503112, 0.0038024890611, 0.83030547053, 0.0024570092865],
      [0.0044224023535, 0.16877059765, 0.75192812954, 0.074878870453],
      [0, 0.96866606132, 0.015836563269, 0.01549737541],
      [0.015298872046, 0.090606235091, 0.39374781406, 0.5003470788]
    ],
    [
      [0, 0.88608257974, 0.045529195768, 0.06838822449],
      [0.22262977222, 0.0067813280982, 0.76990290024, 0.00068599943648],
      [0.012229365783, 0.1864579263, 0.75954290593, 0.04176980198],
      [1.2465306689e-05, 0.97121882463, 0.023234494964, 0.0055342151026],
      [0.026836567636, 0.12720533348, 0.48322748991, 0.36273060897]
    ],
    [
      [0.00036782738439, 0.59374598475, 0.085944480266, 0.3199417076],
      [0.38050575131, 0.00088294157033, 0.61842923155, 0.00018207556634],
      [0.027016542091, 0.092274780836, 0.73999238622, 0.14071629085],
      [0.0013169576616, 0.919290609, 0.039617017616, 0.039775415725],
      [0.02782892823, 0.03293928127, 0.25097059269, 0.68826119781]
    ],
    [
      [0.00023605670829, 0.66595500106, 0.092234715275, 0.24157422695],
      [0.35691086805, 0.00051748368191, 0.6417882643, 0.00078338396834],
      [0.023977708251, 0.099705340995, 0.76867033073, 0.10764662002],
      [0.00077825749732, 0.93073773402, 0.036541559945, 0.031942448533],
      [0.03090343283, 0.045370039621, 0.3216144895, 0.60211203805]
    ],
    [
      [1.0043206162e-05, 0.76242690523, 0.075970823212, 0.16159222835],
      [0.15770159137, 0.00086368760817, 0.83924287838, 0.0021918426331],
      [0.0039459196352, 0.12961921004, 0.77867673404, 0.087758136282],
      [8.125091921e-07, 0.95382822649, 0.024713169411, 0.021457791591],
      [0.0084810268741, 0.0691750952, 0.37648439809, 0.54585947984]
    ],
    [
      [9.282671568e-05, 0.75599966189, 0.1220904239, 0.12181708749],
      [0.31244485294, 0.00055496838793, 0.68634561912, 0.00065455955157],
      [0.017138563723, 0.11561328068, 0.80731034871, 0.059937806887],
      [0.00020921162624, 0.95610454496, 0.027597839589, 0.016088403823],
      [0.031166870725, 0.067717615945, 0.46163367549, 0.43948183784]
    ],
    [
      [0.0002915556593, 0.75413006586, 0.11159511325, 0.13398326523],
      [0.43247126455, 0.00034191959551, 0.56645276339, 0.00073405246534],
      [0.034331525388, 0.10659910864, 0.79620201797, 0.062867348004],
      [0.00051970540296, 0.95795595832, 0.023632862444, 0.017891473832],
      [0.058654548815, 0.062221727857, 0.44042276368, 0.43870095965]
    ],
    [
      [0.00034398435431, 0.76055123189, 0.12766188239, 0.11144290137],
      [0.275663975, 0.0053249319747, 0.71751798858, 0.001493104448],
      [0.021391819798, 0.092159433381, 0.84060208371, 0.045846663108],
      [0.0010846648445, 0.95315500636, 0.030708248614, 0.015052080185],
      [0.039677933124, 0.050887464205, 0.52091013602, 0.38852446665]
    ],
    [
      [0.00024192393108, 0.70846096417, 0.10125627842, 0.19004083348],
      [0.35767776394, 0.00050862486432, 0.64081901724, 0.00099459396389],
      [0.019548118095, 0.10911004097, 0.77752435282, 0.093817488106],
      [0.000553220761, 0.94711421381, 0.026314847217, 0.026017718214],
      [0.027702676963, 0.050246647709, 0.35526245526, 0.56678822007]
    ],
    [
      [1.6928360469e-05, 0.79290412196, 0.067518537475, 0.13956041221],
      [0.25767515273, 0.0024064854466, 0.73828179194, 0.0016365698778],
      [0.017602154869, 0.10256053671, 0.82080739034, 0.05902991808],
      [0.00013154785093, 0.94235855786, 0.039739923067, 0.017769971222],
      [0.03240982176, 0.059719338759, 0.47080768932, 0.43706315016]
    ],
    [
      [5.2124386801e-06, 0.88097105948, 0.044640444994, 0.074383283084],
      [0.19880292687, 0.0012888519604, 0.79830658476, 0.001601636403],
      [0.0064860617394, 0.24399908521, 0.68474836284, 0.06476649021],
      [2.6134512683e-06, 0.97591913738, 0.014927243001, 0.0091510061721],
      [0.018020257987, 0.14520165275, 0.37496411625, 0.46181397301]
    ],
    [
      [7.6817981003e-06, 0.9124786982, 0.035231087251, 0.05228253275],
      [0.2349078781, 0.006251744793, 0.75774269996, 0.0010976771517],
      [0.010930232536, 0.28137242121, 0.65727493392, 0.050422412333],
      [7.7532366166e-07, 0.9796728232, 0.015862643032, 0.0044637584423],
      [0.023378754023, 0.17809481184, 0.39364922851, 0.40487720563]
    ],
    [
      [0.00057898421933, 0.68425278614, 0.045148556823, 0.27001967282],
      [0.44142141102, 0.0013973393729, 0.55512455499, 0.0020566946139],
      [0.02177847517, 0.18819871934, 0.56760956239, 0.2224132431],
      [0.0025329240132, 0.96179386679, 0.01327469783, 0.02239851137],
      [0.014513518489, 0.04470673206, 0.13197414222, 0.80880560723]
    ],
    [
      ["NaN", "NaN", "NaN", "NaN"],
      ["NaN", "NaN", "NaN", "NaN"],
      [0.13335247562, 0.19481599137, 0.51450936573, 0.15732216727],
      [0.0012657575991, 0.78817040924, 0.10007058112, 0.11049325204],
      [0.32050902237, 0.022684799191, 0.18056007086, 0.47624610759]
    ],
    [
      ["NaN", "NaN", "NaN", "NaN"],
      [0.39176434812, 0.05417034959, 0.54547523658, 0.008590065711],
      [0.025242010175, 0.39205536969, 0.51128905022, 0.071413569913],
      [0.0055817467859, 0.96472837575, 0.018807488226, 0.010882389241],
      [0.023031992172, 0.25308658575, 0.27360371061, 0.45027771146]
    ],
    [
      [0.00045585310148, 0.35759488896, 0.34675289876, 0.29519635918],
      [0.1936171596, 0, 0.80043123746, 0.0059516029342],
      [0.013145132118, 0.032703486678, 0.87230075151, 0.08185062969],
      [0.00055136636092, 0.85881219548, 0.082533320282, 0.058103117881],
      [0.01869494085, 0.010279653806, 0.41263395829, 0.55839144705]
    ],
    [
      [4.7728856852e-05, 0.81767557732, 0.071006244128, 0.1112704497],
      [0.26010165162, 0.00091127914338, 0.73743730504, 0.0015497641984],
      [0.015170168094, 0.16091674629, 0.75419065932, 0.069722426297],
      [0, 0.96796797415, 0.017753429247, 0.014278596598],
      [0.027608859422, 0.086267518528, 0.40396227562, 0.48216134643]
    ],
    [
      [8.6902390342e-05, 0.87725928955, 0.067268545125, 0.055385262932],
      [0.22804195252, 0, 0.77028971199, 0.0016683354954],
      [0.0095021524517, 0.28122323223, 0.64860083379, 0.060673781531],
      [4.2370760434e-05, 0.96975511597, 0.022911136809, 0.0072913764612],
      [0.020470557763, 0.17603715206, 0.36715320593, 0.43633908425]
    ],
    [
      [0.00010682629056, 0.70410538559, 0.051421477398, 0.24436631072],
      [0.44577456406, 0.0025918844262, 0.55027415598, 0.0013593955313],
      [0.035868860378, 0.11281685924, 0.73637174675, 0.11494253363],
      [0.00046479242198, 0.93419794477, 0.03440376673, 0.030933496073],
      [0.044480304355, 0.050094048046, 0.29336309328, 0.61206255432]
    ],
    [
      [2.9134148003e-05, 0.76845652017, 0.075219543553, 0.15629480213],
      [0.23914732914, 0.0024929628379, 0.75626257425, 0.0020971337639],
      [0.013487558169, 0.13547426715, 0.76381814315, 0.087220031533],
      [2.4988607635e-06, 0.95664275829, 0.022921096583, 0.020433646267],
      [0.023164267687, 0.067816255328, 0.36996410522, 0.53905537177]
    ],
    [
      [0.00016609703731, 0.90546112901, 0.030764223621, 0.063608550327],
      [0.41081351554, 3.3536157055e-05, 0.58782940608, 0.00132354222],
      [0.027551816935, 0.26127658865, 0.65238988434, 0.058781710076],
      [0.0011900559896, 0.97807485828, 0.012863614807, 0.0078714709282],
      [0.047060188235, 0.15379913381, 0.36565734826, 0.43348332969]
    ],
    [
      [0.00085870022384, 0.89216605715, 0.048231728162, 0.05874351446],
      [0.2668046881, 0.034217938986, 0.69088848339, 0.0080888895288],
      [0.011236259533, 0.39298162988, 0.47039640822, 0.12538570237],
      [0.0010968671047, 0.96833838938, 0.01605688406, 0.014507859457],
      [0.010648479876, 0.12311159729, 0.15995552948, 0.70628439335]
    ],
    [
      [9.2137127847e-05, 0.81996054626, 0.060159008788, 0.11978830783],
      [0.49829866071, 0.0024835536444, 0.497523025, 0.0016947606481],
      [0.039878409561, 0.16939580097, 0.71104734494, 0.079678444524],
      [0, 0.96773619236, 0.016834639791, 0.015429167853],
      [0.06737971881, 0.085027498009, 0.34871476466, 0.49887801852]
    ],
    [
      [5.6274890796e-06, 0.77383653722, 0.086305457491, 0.1398523778],
      [0.26397075253, 0.00045407943404, 0.73414093345, 0.0014342345852],
      [0.017353257255, 0.11256326081, 0.80527924777, 0.064804234166],
      [1.1354127718e-05, 0.95093895458, 0.030715217559, 0.018334473735],
      [0.031440638306, 0.065743422306, 0.44749159487, 0.45532434451]
    ],
    [
      [3.8270110722e-05, 0.77325255548, 0.073833121549, 0.15287605286],
      [0.26460399009, 0.00074407579096, 0.73257018651, 0.0020817476046],
      [0.016393130043, 0.13293584795, 0.76565451759, 0.085016504418],
      [0, 0.95924747342, 0.020379421921, 0.020373104659],
      [0.026135180673, 0.068287586068, 0.37512156006, 0.53045567319]
    ],
    [
      [0.00044209706723, 0.76950490674, 0.11041857635, 0.11963441984],
      [0.29562303789, 0.0075721262532, 0.69547508628, 0.0013297495769],
      [0.02404187139, 0.080994157639, 0.85312354027, 0.041840430697],
      [0.0013354130347, 0.93225051046, 0.050778397748, 0.015635678754],
      [0.04619753823, 0.043838037426, 0.5471626387, 0.36280178564]
    ],
    [
      [0, 0.93980029324, 0.023499202416, 0.036700504344],
      [0, 0.095104834221, 0.90228288468, 0.0026122811024],
      [0, 0.12602540493, 0.83939204239, 0.034582552677],
      [0, 0.99360197755, 0, 0.0063980224477],
      [0, 0.1204662776, 0.51893282928, 0.36060089313]
    ],
    [
      [7.1607045855e-06, 0.84904402742, 0.045569486887, 0.10537932499],
      [0.18175737174, 0.0090182841176, 0.80675080157, 0.0024735425711],
      [0.0046137935412, 0.21672738729, 0.69344039633, 0.08521842284],
      [2.2481706849e-06, 0.96958609651, 0.016259271576, 0.014152383748],
      [0.015227002494, 0.1036071562, 0.34102484917, 0.54014099213]
    ],
    [
      [8.9141329585e-05, 0.88108548572, 0.06042146762, 0.058403905331],
      [0.34312629147, 0.0016518645812, 0.65447905494, 0.00074278900668],
      [0.014084260923, 0.28420229767, 0.6448172253, 0.056896216113],
      [0.00036335513438, 0.97977600781, 0.013631771544, 0.0062288655107],
      [0.026276987461, 0.15237546728, 0.37832511558, 0.44302242968]
    ],
    [
      [7.1020255774e-06, 0.86151986881, 0.040355228961, 0.098117800202],
      [0.19026444958, 0.0079357647792, 0.79920304192, 0.002596743718],
      [0.0050068319669, 0.23979514208, 0.66848008231, 0.086717943648],
      [1.4315795965e-06, 0.97149558726, 0.015373853896, 0.013129127268],
      [0.015350788154, 0.11695052825, 0.32598328059, 0.541715403]
    ],
    [
      [0.00026522806336, 0.89594348902, 0.04844626997, 0.055345012949],
      [0.26452759958, 0.016384360922, 0.71830026641, 0.00078777308949],
      [0.016414572514, 0.21323080621, 0.72845719405, 0.041897427229],
      [0.00093598757172, 0.98060343725, 0.013886178499, 0.0045743966835],
      [0.030986538246, 0.1401913459, 0.46023074067, 0.36859137518]
    ],
    [
      [3.5175304159e-06, 0.82840762673, 0.069190871179, 0.10239798456],
      [0.14855169536, 0.00127314716, 0.84906081485, 0.0011143426301],
      [0.0023605808706, 0.21221871098, 0.70260758718, 0.082813120969],
      [8.8582148688e-07, 0.97148159306, 0.014531994575, 0.013985526543],
      [0.011088686205, 0.11502381558, 0.35013835388, 0.52374914433]
    ],
    [
      [2.2270628558e-05, 0.78041886866, 0.083796892999, 0.13576196771],
      [0.40579511873, 0.0010929555146, 0.59175582776, 0.0013560980015],
      [0.032658782443, 0.11856845385, 0.78267784401, 0.066094919698],
      [5.755892813e-05, 0.95628847416, 0.026076977623, 0.017576989288],
      [0.056488777816, 0.065732485371, 0.42265180677, 0.45512693004]
    ],
    [
      [0.014075935623, 0.86774833754, 0.11817572683, 0],
      [0.46428661442, 0.0018708158353, 0.53384256975, 0],
      [0.02143084374, 0.071499589423, 0.90706956684, 0],
      [0.0028978296118, 0.99710217039, 0, 0],
      ["NaN", "NaN", "NaN", "NaN"]
    ],
    [
      [0.00038042342607, 0.89054343902, 0.039058558784, 0.070017578766],
      [0.37908120604, 0.0011201657413, 0.61845618298, 0.0013424452326],
      [0.023745829409, 0.25508950811, 0.65504675073, 0.066117911757],
      [0.0019828413411, 0.9787968489, 0.0096159199333, 0.0096043898274],
      [0.037048208378, 0.14382873714, 0.34881231477, 0.47031073971]
    ],
    [
      ["NaN", "NaN", "NaN", "NaN"],
      ["NaN", "NaN", "NaN", "NaN"],
      [0, 0.03363950337, 0.96636049663, 0],
      [0, 0.97477037247, 0.025229627528, 0],
      ["NaN", "NaN", "NaN", "NaN"]
    ],
    [
      [0.0063405110632, 0.72303375802, 0.0085727821457, 0.26205294877],
      [0.30040173721, 0, 0.6899601205, 0.0096381422806],
      [0.013139221429, 0.18875864368, 0.64007463204, 0.15802750285],
      [0.00082962007441, 0.92691281905, 0.025372067537, 0.046885493337],
      [0.0095576268768, 0.06831972084, 0.17472479438, 0.74739785791]
    ],
    [
      [0.0065552693947, 0.99004538979, 0.003399340814, 0],
      [0.37441259395, 0.047152001128, 0.57843540492, 0],
      [0.02602349758, 0.18704449478, 0.78693200764, 0],
      [0, 1, 0, 0],
      [0.14052555238, 0.16747262882, 0.6920018188, 0]
    ],
    [
      [0.00066034175296, 0.7896589333, 0.091430458353, 0.11825026659],
      [0.44428552981, 0.00072587058703, 0.5540458197, 0.00094277990398],
      [0.033040051888, 0.15982142814, 0.7338357256, 0.073302794371],
      [0.00026533139942, 0.95837959583, 0.02638191609, 0.014973156684],
      [0.058384469638, 0.08400757518, 0.37859483738, 0.47901311781]
    ],
    [
      [3.243711145e-05, 0.72540831581, 0.085242370584, 0.18931687649],
      [0.44085309047, 0.00031389563833, 0.55780255167, 0.001030462223],
      [0.035605325992, 0.1090816271, 0.76771710106, 0.087595945848],
      [1.9455139823e-05, 0.94323039528, 0.031442987364, 0.025307162216],
      [0.056257838781, 0.052964345846, 0.36105542208, 0.5297223933]
    ],
    [
      [5.4799887597e-05, 0.70874196757, 0.088487762104, 0.20271547043],
      [0.45675144554, 0.00042661297849, 0.54223084499, 0.00059109648912],
      [0.036168412736, 0.11200287998, 0.75563380121, 0.096194906073],
      [1.6430915301e-05, 0.94238475941, 0.030563906091, 0.027034903585],
      [0.053839859394, 0.0505447334, 0.33636838666, 0.55924702054]
    ],
    [
      [0, 0.85917461071, 0.022015328376, 0.11881006091],
      [0, 0.27851526095, 0.71340847623, 0.0080762628264],
      [0, 0.080119042488, 0.86833547951, 0.051545478002],
      [0, 0.86508611473, 0.11489431014, 0.020019575136],
      [0, 0.093312507511, 0.51741500033, 0.38927249216]
    ]
  ],
  "expected_outcome": [
    [
      [0.0017210108219, 0.0046899729193, 0.005055364866, 0.0035435184429, 0.003769243722, 0.0081497141566, 0.00039034334601, 0.00033483463413, 0.00037761504542, 0.0052261042035, 0.003818644342, 0.0034053152139, 0, 0.00065352780561, 0, 0.0041645807578, 0.0050823699998, 0.00025582415554, 0.0022805020706, 0, 0.00481195766, 0.026250276903, 0.0015654429288, 0, 0.00050725838659, 0.0020630808273, 0.0017541190279, 0.0088578608817, 0.17661298169, 0.0022012378196, 0.0045672678174, 0.021864678113, 0.00048644981812, 0.0044724936062, 0, 5.8607398908e-05, 0, 0.00013977303479, 0.0029132444449, 2.658299231e-05, 0, 0.0055174107658, 0.0063735311239, 0.00015064809243, 0.0010210938725, 0.0023324452744, 0.0020639061258, 0.0026611632418, 0.00033856720938, 0.00014594828304, 0.00025349933731, 0.0023159368773, 0, 0, 0.00091170620296, 0.00081139056649, 0.0010428286841, 0.0025638309734, 0.00067008540408, 0.0013287762985, 0.0025761006715, 0.0015663311734, 0.00018570713963, 0.00057405166083, 0.0066314560084, 0, 0.00027926747883, 0.002585098558, 0.00029118304867, 0.0037131928871, 5.2762956239e-05, 0.00051222445683, 0.014075935623, 0.0034238108347, 0, 0.031702555316, 0.0065552693947, 0.025092986612, 0.0070712902961, 0.0076719842636, 0],
      [210.5027966896, 3.5246518236, 2.812256145, 36.3053480012, 160.0881656184, 135.3517667631, 6.3363697737, 2.1023455304, 1.684139979, 8.0479059894, 9.835657862, 90.5382472979, 0, 14.0608255996, 0, 36.9368439005, 1.6602713351, 5.8750337393, 34.2445995107, 1.7467260797, 98.7354734762, 2.2335848472, 12.4707770067, 50.8529208862, 9.0046599759, 3.2195661465, 2.9905789652, 42.2994445501, 1.1470765779, 8.3149361525, 292.8090530809, 18.8705595659, 6.470130371, 49.5765890628, 0, 4.3707982783, 0.62267782422, 14.4479821278, 20.2622876001, 9.9887623342, 33.6711380302, 8.9061897713, 17.9807850287, 11.4364035785, 8.3159962808, 6.0330405269, 4.5633073913, 7.7930706059, 15.8580824391, 24.6671896655, 30.1117970406, 2.7370111445, 0, 0, 0.71518977791, 13.9004848144, 10.5271114746, 16.8985292541, 17.6744999639, 7.2436890321, 2.6764981715, 13.9393292864, 25.5366057281, 11.5987883322, 11.5425736011, 0.93980029324, 33.1127170694, 25.5514790858, 35.3223146213, 12.5432088462, 12.426114401, 17.9496339793, 0.86774833754, 8.0148909512, 0, 3.6151687901, 0.99004538979, 30.0070394655, 158.1390128468, 99.2238754604, 2.5775238321],
      [19.7069879626, 0.17010338198, 0.33669996696, 2.5892995952, 18.3992449, 13.0127369538, 0.67828398372, 0.27481065349, 0.083860177098, 0.52805811715, 0.53924057007, 6.4200891342, 0, 1.8947500191, 0, 5.7117849552, 0.21319303334, 0.72128919925, 3.8168513664, 0.045411684094, 12.3066045045, 0.35240660301, 0.87093255382, 4.5714554351, 1.3626977136, 0.56686985917, 0.30599985064, 6.7919332386, 0.6737004573, 0.3295742704, 20.559995181, 0.29966791805, 0.75659346458, 3.9116625704, 0, 0.44720718752, 0.13767317891, 1.3027468314, 1.2506225682, 0.66830906958, 1.7301094392, 1.289167204, 2.4903373124, 1.1395623482, 1.3429946629, 0.892760906, 0.76597129432, 1.1138190626, 1.3503707495, 1.2499324598, 1.1626258793, 0.18059422729, 0, 0, 0.69350579753, 1.2071061502, 0.80722254149, 1.2341154576, 1.7300495017, 0.24611378897, 0.14469518449, 1.0227031494, 2.8480800972, 1.1074968232, 1.6562786453, 0.023499202416, 1.7772099886, 1.752222561, 1.6545643874, 0.67824777958, 1.0378630677, 1.927328539, 0.11817572683, 0.35152702905, 0, 0.042863910728, 0.003399340814, 3.4743574174, 18.5828367874, 12.3882866945, 0.066045985129],
      [31.7884943369, 0.30055482152, 0.84598852318, 6.1018088852, 28.5088202379, 20.627346569, 0.9849558992, 0.6225089815, 0.23162222883, 0.41880978921, 0.62128292355, 8.0382582526, 0, 4.0437708535, 0, 5.3472065635, 0.12145326159, 1.4034212373, 9.9362686209, 0.20786223625, 18.9531100617, 0.38775827286, 1.6567249965, 10.5756236786, 1.6321350521, 1.2115009135, 0.7016670651, 7.8997643504, 1.0026099831, 0.35328833924, 35.6263844703, 1.807907838, 0.77278971459, 7.5072758732, 0, 0.18193592674, 0.23964899686, 3.2491312677, 2.4841765873, 1.3429020133, 2.5987525306, 4.7991256139, 6.5225041278, 2.4238834253, 1.3399879624, 1.0718661219, 0.66865740823, 2.0904491683, 2.7912082442, 2.0827319263, 1.7253235808, 1.0800786913, 0, 0, 0.59039271836, 1.8915976449, 0.66462315518, 5.8647914574, 3.594780449, 0.50886840262, 0.17623054338, 2.0364012331, 4.6151284675, 2.2931407929, 1.7945162976, 0.036700504344, 4.1097936746, 1.6937132546, 4.0228298083, 0.77483018129, 1.5359697684, 3.1225252573, 0, 0.63015820889, 0, 1.3102647438, 0, 4.4935101305, 41.2710790755, 28.3801658609, 0.35643018273]
    ],
    [
      [68.0718297642, 0.9568902759, 3.1745552679, 7.6218297576, 35.4927815846, 88.4366190626, 3.0995922401, 3.9115709668, 0.99254595893, 2.3806949254, 3.004755194, 11.5626162661, 1.2579727504, 4.5973178045, 1.3775922759, 34.1388083973, 4.3853388177, 1.7899542487, 20.8133095638, 2.4465311167, 81.2407266695, 0.79050911949, 4.0222518894, 56.2115466203, 5.9609162224, 4.7491853582, 6.07519043, 128.1496587814, 0, 1.069012597, 53.2767430817, 2.5827517656, 4.6193107227, 22.0762312486, 0.8915260777, 0.6823765714, 0, 2.5612092864, 4.4359562586, 1.6343503112, 3.1168168111, 2.6635402592, 3.2121978124, 4.1002413757, 1.8746691176, 3.4597701164, 2.2053118, 1.0730332918, 4.8958279019, 3.18084683, 4.2283418057, 0.44142141102, 0, 0.78352869625, 1.7425544364, 7.2828462454, 4.7888810029, 6.6866184609, 5.7395358995, 6.5730162486, 0.80041406429, 13.9523624998, 10.5588301013, 5.0274758117, 4.4343455684, 0, 2.7263605762, 1.0293788744, 4.3760823403, 1.851693197, 0.59420678143, 16.2318047491, 0.92857322884, 1.5163248242, 0, 0.90120521164, 0.7488251879, 69.7528281798, 139.3095765874, 57.5506821378, 0],
      [0.16988484917, 0.0013874025865, 0.041293176261, 0.12792330844, 0.088000684686, 0.32049072074, 0.011812935432, 0.020570708933, 0.002533780416, 0.057244040922, 0.0031616246052, 0.039994078596, 0.18994347193, 0.068689334567, 0.20697920974, 0.10070136753, 0.023800902222, 0.018644379679, 0.060125034941, 0.48784006387, 0.081706192295, 0, 0.072885798248, 0.050727010781, 0.0044509750276, 0.00591637995, 0.021871771097, 0.010274588795, 0, 0.013636655244, 0.17443552524, 0.1552226127, 0.024067534421, 0.065759000887, 0.011655267962, 0.044455207897, 0.040829126511, 0.027894516845, 0.012492466633, 0.038024890611, 0.094938593375, 0.0061805909923, 0.0046573531372, 0.022455877813, 0.0033298103276, 0.0027353567641, 0.042599455797, 0.0015258745929, 0.045723223486, 0.020621631367, 0.11253140627, 0.0013973393729, 0, 0.10834069918, 0, 0.025515816015, 0, 0.038878266393, 0.05983110811, 0.00053657851288, 0.10265381696, 0.069539502043, 0.018163177361, 0.014137440028, 0.1135818938, 0.095104834221, 0.13527426176, 0.0049555937435, 0.18252258992, 0.11469052645, 0.00509258864, 0.043718220585, 0.0037416316707, 0.004480662965, 0, 0, 0.094304002256, 0.11396168216, 0.099191021714, 0.05375323529, 0.27851526095],
