{
  "Z_true": {},
  "V_true": [
    [18, 20, 1633, 498, 11],
    [1594, 441, 108, 468, 54],
    [563, 2670, 264, 357, 66],
    [554, 179, 2301, 17424, 177],
    [302, 463, 474, 582, 116],
    [175, 142, 143, 628, 132]
  ],
  "p_true": [
    [0.0083, 0.0092, 0.7491, 0.2284, 0.005],
    [0.5981, 0.1655, 0.0405, 0.1756, 0.0203],
    [0.1436, 0.6811, 0.0673, 0.0911, 0.0168],
    [0.0268, 0.0087, 0.1115, 0.8444, 0.0086],
    [0.1559, 0.239, 0.2447, 0.3005, 0.0599],
    [0.1434, 0.1164, 0.1172, 0.5148, 0.1082]
  ],
  "Z_est": [
    [
      [0.0745, 0.1212, 0.0464, 0.2688, 0.154, 0.1323, 0.2805, 0.2508, 0.2092, 0.22, 0.2848, 0.0124, 0, 0.0234, 0.1416, 0.2115, 0.0359, 0.026, 0.0663, 0, 0, 0.1043, 0.1883, 0.0257, 0.0093, 0.3291, 0.203, 0.6078, 1.1203, 0.2454, 0.4859, 0.0295],
      [0.1487, 0.2963, 0.0879, 0.5967, 0.4287, 0.2324, 0.3931, 0.1749, 0.3531, 0.3561, 0.3514, 0.0167, 0, 0.0497, 0.1927, 0.0828, 0.0285, 0.0357, 0.3058, 0.0001, 0, 0.1571, 0.0726, 0.0173, 0.016, 0.6621, 0.4707, 0.6126, 2.8848, 0.3176, 0.7988, 0.0786],
      [24.8405, 46.7001, 10.9373, 104.9468, 60.2097, 53.0534, 80.1267, 57.7207, 88.3543, 79.4714, 71.2209, 2.7997, 3.7686, 12.0467, 73.3751, 29.1845, 15.3288, 11.0212, 53.0341, 1.8388, 3.6619, 37.4779, 29.1905, 2.7037, 2.8423, 109.301, 91.7539, 97.7479, 606.6572, 49.9297, 103.1983, 9.8171],
      [1.891, 3.8264, 0.913, 7.028, 5.1269, 3.5309, 6.154, 3.7795, 5.9539, 4.8896, 5.0705, 0.1711, 0.2314, 0.8727, 3.2608, 1.4923, 0.6004, 0.8985, 3.5098, 0.1611, 0.3318, 2.2173, 1.5334, 0.2509, 0.1149, 7.6405, 5.4761, 5.9606, 40.6063, 4.4307, 8.3302, 1.0676],
      [0.0452, 0.0559, 0.0154, 0.1597, 0.0806, 0.051, 0.0456, 0.074, 0.1296, 0.0629, 0.0725, 0, 0, 0.0076, 0.0298, 0.0289, 0.0064, 0.0186, 0.084, 0, 0.0063, 0.0434, 0.0151, 0.0024, 0.0175, 0.0673, 0.0963, 0.0711, 0.7314, 0.0766, 0.1868, 0.0071]
    ],
    [
      [40.2284, 52.2409, 14.3106, 86.104, 45.4048, 67.8904, 101.8009, 33.6856, 73.1622, 91.4995, 84.6567, 0.8697, 1.9175, 12.6135, 34.0307, 31.2852, 15.8643, 22.8824, 66.0407, 3.5173, 1.8077, 64.7356, 35.9922, 6.0532, 4.1344, 94.1525, 119.9138, 147.1107, 396.563, 75.9247, 198.9667, 86.1091],
      [6.4395, 9.4264, 2.3507, 14.5825, 8.924, 9.7472, 13.62, 3.2741, 9.933, 13.2247, 11.1727, 0.0837, 0, 1.84, 4.657, 2.6246, 1.7354, 2.337, 13.5731, 0.3569, 2.0105, 8.8726, 2.5929, 0.5519, 0.5897, 15.907, 20.2954, 21.3146, 65.9209, 10.4046, 32.9698, 16.6693],
      [0, 0, 0, 0.0397, 0, 0.0537, 0, 0.0267, 0.0671, 0.1048, 0, 0.0001, 0.7673, 0.0051, 0.1808, 0.0643, 0.123, 0, 0.073, 0.5178, 0.3081, 0.1012, 0.0607, 0, 0.0047, 0, 0.2725, 0, 0.364, 0, 0, 0],
      [4.3206, 6.3308, 1.3382, 9.2559, 5.6683, 7.3087, 10.5791, 3.0133, 7.8286, 9.171, 8.1707, 0.0465, 0.3152, 1.5415, 3.1315, 2.0259, 1.2773, 2.7806, 8.2899, 0.6081, 0.8738, 6.2864, 2.3542, 0.3949, 0.2529, 9.9405, 12.5097, 11.5747, 46.1196, 7.6686, 19.0054, 12.2216],
      [0.0114, 0.0018, 0.0006, 0.0179, 0.0029, 0, 0, 0.0004, 0.0091, 0, 0, 0, 0, 0, 0, 0, 0, 0, 0.0233, 0, 0, 0.0041, 0, 0, 0.0182, 0, 0.0086, 0, 0.0325, 0.0022, 0.058, 0]
    ],
    [
      [6.5648, 16.1096, 6.5963, 30.7241, 16.1065, 20.4321, 21.6625, 8.9763, 21.8889, 29.5224, 20.3596, 1.4609, 0, 3.7542, 10.4616, 13.5885, 4.1796, 5.5963, 13.0039, 0.3335, 0.1315, 16.1499, 10.2947, 1.4232, 1.5692, 24.9618, 26.6968, 34.0498, 113.7248, 17.6154, 38.6646, 6.6489],
      [23.0321, 63.6573, 23.8658, 113.0613, 69.3189, 64.0703, 62.8501, 19.1722, 64.9561, 92.524, 58.016, 3.9267, 0, 12.4623, 31.5599, 24.4601, 10.3927, 12.8764, 59.0757, 0.3636, 1.5604, 48.1826, 16.2003, 3.0474, 5.4685, 91.3039, 98.257, 103.068, 410.9329, 51.7202, 135.4155, 27.389],
      [3.6388, 9.3846, 2.8088, 19.6809, 9.2551, 13.2672, 11.4872, 4.8683, 14.0108, 19.3206, 10.8204, 0.5713, 0, 2.5639, 8.3971, 6.8019, 3.5029, 3.2971, 10.0482, 0.2017, 0.2195, 10.689, 5.1284, 0.3525, 0.9652, 14.9015, 19.026, 17.2653, 79.8147, 7.3979, 17.3951, 3.0872],
      [14.9223, 41.3441, 13.1787, 69.8877, 42.6634, 46.519, 47.0237, 17.1318, 49.5624, 62.5362, 41.2727, 2.0411, 0, 9.9888, 20.9799, 19.1933, 7.6509, 14.4773, 34.9568, 1.1012, 1.0182, 33.3784, 14.9281, 2.1261, 2.3624, 55.5323, 59.4854, 57.8452, 279.3001, 36.6877, 77.421, 18.5677],
      [0.8419, 1.5044, 0.5504, 3.6459, 1.6561, 1.7113, 0.9765, 0.8515, 2.5818, 2.0967, 1.5314, 0, 0, 0.2308, 0.6016, 0.9562, 0.2739, 0.7529, 1.9154, 0, 0.0704, 1.6001, 0.4484, 0.0508, 0.6347, 1.3005, 2.5348, 1.7718, 12.2276, 1.5788, 4.1037, 0.3073]
    ],
    [
      [5.1363, 6.929, 4.7886, 14.8045, 7.1911, 9.5053, 17.7832, 8.6127, 9.5825, 18.5909, 16.3158, 1.4595, 0, 1.0947, 5.7612, 11.9124, 2.2942, 0.9306, 1.3924, 0, 0, 10.119, 15.4584, 2.3137, 1.0106, 15.3616, 11.4079, 33.3576, 48.6571, 13.3398, 36.4083, 0],
      [22.7929, 48.0071, 16.0578, 72.7561, 54.5158, 39.4457, 49.9547, 14.9285, 38.2503, 62.9184, 39.2217, 3.6252, 0, 9.5222, 20.6664, 10.669, 5.2708, 7.8493, 44.4044, 0, 0, 31.0828, 11.6864, 1.979, 3.1783, 64.4998, 59.472, 61.4306, 313.9381, 30.4193, 99.9201, 17.9771],
      [27.3927, 53.786, 12.7363, 101.5221, 51.609, 72.0086, 73.7471, 35.0823, 74.2377, 115.3173, 59.105, 4.2091, 0.9781, 17.9386, 61.2811, 28.5579, 20.7889, 19.726, 62.3801, 1.0658, 1.2382, 61.0705, 36.5507, 1.2319, 4.3345, 82.3729, 98.6831, 78.0952, 530.5059, 28.8261, 84.8416, 15.685],
      [294.2594, 630.5925, 163.59, 882.1791, 661.5119, 608.6091, 791.289, 293.6867, 628.6442, 877.2753, 573.1077, 37.7062, 10.0219, 174.1115, 301.5321, 184.9114, 91.4171, 224.2289, 520.4616, 25.9342, 18.6386, 446.0722, 239.8612, 29.4754, 25.8507, 770.9178, 714.6192, 650.0274, 4421.304, 432.187, 1055.8205, 263.9567],
      [2.4187, 2.6854, 0.8273, 6.7381, 3.1722, 2.4314, 1.2261, 1.6897, 4.2852, 2.8982, 2.2499, 0, 0, 0.333, 0.7591, 0.9493, 0.2291, 1.2653, 4.3614, 0, 0.1232, 2.6555, 0.4433, 0, 1.6259, 1.8479, 3.8177, 2.0892, 24.595, 2.2278, 8.0094, 0.3812]
    ],
    [
      [2.6064, 4.9203, 0.9997, 6.3227, 4.5834, 9.1054, 8.2685, 4.1109, 8.6487, 5.3664, 10.4173, 1.0738, 0.0825, 0.3704, 3.2488, 2.6604, 0.5005, 1.5195, 3.8685, 0.101, 0.0595, 3.4779, 2.532, 1.1303, 0.2416, 8.5697, 7.0471, 16.2487, 52.9101, 5.216, 15.6773, 0.9113],
      [4.1144, 8.7433, 1.6367, 10.488, 8.8689, 12.8625, 10.8293, 3.9409, 11.5569, 7.5997, 13.3858, 1.2734, 0, 0.5476, 4.4053, 2.1956, 0.5575, 1.562, 7.8648, 0.046, 0.2914, 4.6841, 1.8048, 1.0513, 0.3733, 14.158, 11.6825, 22.3814, 86.3009, 6.9478, 24.9557, 1.6548],
      [8.0105, 15.9111, 2.462, 22.1396, 14.752, 32.2533, 24.2877, 12.1858, 30.1373, 19.063, 30.5702, 2.3917, 0.4859, 1.3877, 13.5785, 7.2893, 2.1874, 4.9403, 16.1574, 0.3561, 0.5686, 12.4986, 6.9128, 1.7067, 0.8403, 28.2092, 26.9488, 45.7076, 201.9626, 12.719, 40.1818, 2.3329],
      [8.8007, 18.64, 3.0114, 21.3745, 17.9033, 30.7856, 26.6599, 11.6699, 29.0787, 16.951, 31.4006, 2.2611, 0.4315, 1.45, 9.7773, 5.8158, 1.3908, 5.8053, 15.313, 0.4969, 0.6806, 10.735, 5.5547, 2.5198, 0.5766, 28.3565, 23.3789, 41.6863, 192.9203, 16.2014, 47.0177, 3.661],
      [3.4679, 4.7853, 0.8902, 7.6753, 4.8924, 7.9933, 3.9546, 4.0926, 10.5783, 4.0198, 8.2261, 0, 0, 0.2442, 1.9901, 2.0389, 0.3638, 2.173, 5.7963, 0, 0.3998, 3.6044, 1.1956, 0.5919, 0.9682, 4.7065, 6.9427, 8.9761, 58.9061, 4.9156, 17.1675, 0.4401]
    ],
    [
      [0.3895, 0.6789, 0.2584, 1.7759, 0.5602, 0.9345, 1.2044, 0.3638, 0.5085, 1.8008, 0.9658, 0.1237, 0, 0.1438, 0.3561, 0.3421, 0.1255, 0.0453, 0.6282, 0.0482, 0.0013, 0.4132, 0.5344, 0.0538, 0.0349, 0.6253, 0.7315, 0.6255, 4.0247, 0.6586, 1.7972, 0.3012],
      [4.4722, 8.8695, 3.0012, 21.5154, 7.9436, 9.642, 11.3528, 2.5094, 4.9506, 18.3771, 8.8526, 1.0743, 0, 1.5781, 3.5187, 1.968, 1.0152, 0.3396, 9.7762, 0.2335, 0.1377, 4.0209, 2.6428, 0.353, 0.3742, 7.4692, 8.8223, 6.1928, 48.0225, 6.1905, 19.94, 4.2312],
      [0.1174, 0.2183, 0.0557, 0.6709, 0.1741, 0.3638, 0.3512, 0.1162, 0.1928, 0.7228, 0.2835, 0.028, 0, 0.058, 0.1873, 0.102, 0.069, 0.0155, 0.3072, 0.0198, 0.0037, 0.1628, 0.1569, 0.0053, 0.013, 0.2152, 0.3157, 0.184, 1.6957, 0.1273, 0.3831, 0.0778],
      [13.806, 27.2661, 7.9688, 63.2747, 23.1263, 33.2468, 40.2943, 10.7188, 17.9321, 59.1769, 29.9779, 2.774, 0, 6.0356, 11.3184, 7.5613, 3.6636, 1.8095, 27.4689, 3.6985, 0.457, 13.3107, 11.7685, 1.2329, 0.8424, 21.6124, 25.5306, 16.9059, 154.7497, 20.8246, 54.4052, 13.5255],
      [6.2149, 7.9673, 2.716, 25.763, 7.1958, 9.813, 6.7973, 4.2918, 7.416, 15.9224, 8.9202, 0, 0, 1.1844, 2.6194, 3.0267, 1.1268, 0.7902, 11.8196, 0, 0.4003, 5.0924, 2.8974, 0.355, 1.7356, 4.0779, 8.5999, 4.0919, 53.5074, 7.199, 22.4745, 1.8643]
    ]
  ],
  "V_est": [
    [5.9083, 10.2196, 2024.2608, 137.3222, 2.2892],
    [2111.469, 328.0015, 3.1347, 222.2038, 0.1909],
    [543.2522, 1802.1871, 330.1691, 1195.084, 49.3075],
    [331.5188, 1256.44, 1916.9054, 17043.8004, 86.3356],
    [192.7964, 288.7647, 641.1361, 632.3061, 181.9967],
    [21.0553, 229.3872, 7.394, 726.2835, 235.8801]
  ],
  "p_est": [
    [0.0027, 0.0047, 0.9286, 0.063, 0.0011],
    [0.7923, 0.1231, 0.0012, 0.0834, 0.0001],
    [0.1386, 0.4597, 0.0842, 0.3049, 0.0126],
    [0.0161, 0.0609, 0.0929, 0.826, 0.0042],
    [0.0995, 0.1491, 0.331, 0.3264, 0.094],
    [0.0173, 0.188, 0.0061, 0.5953, 0.1933]
  ],
  "EI_Z": {},
  "EI_V": 10.638,
  "MAE_Z": {},
  "MAE_V": 230.8942,
  "MAE_p": 0.0693,
  "runtime": 0.002
}
