{
  "X": [
    [34, 81, 122, 252, 34],
    [27, 49, 55, 143, 20],
    [33, 93, 102, 235, 35],
    [6, 22, 105, 68, 15],
    [12, 44, 98, 92, 12],
    [18, 41, 292, 116, 26],
    [5, 1, 28, 12, 6],
    [11, 49, 270, 119, 16],
    [4, 9, 8, 16, 1],
    [14, 20, 42, 69, 8],
    [15, 14, 38, 44, 2],
    [33, 67, 198, 246, 29],
    [8, 8, 15, 25, 4],
    [7, 8, 6, 11, 1],
    [5, 21, 9, 33, 4],
    [0, 6, 17, 10, 1],
    [14, 30, 74, 63, 9],
    [9, 77, 130, 247, 19],
    [20, 85, 98, 259, 28],
    [33, 152, 124, 287, 33],
    [16, 55, 71, 136, 14],
    [19, 134, 77, 290, 30],
    [17, 66, 176, 288, 37],
    [15, 43, 94, 230, 18],
    [17, 65, 145, 304, 27],
    [62, 118, 329, 584, 58],
    [25, 67, 118, 215, 31],
    [49, 177, 281, 480, 52],
    [7, 51, 86, 177, 22],
    [12, 95, 110, 239, 28],
    [21, 125, 167, 278, 37],
    [17, 79, 118, 225, 13],
    [8, 66, 90, 182, 24],
    [30, 51, 101, 73, 19],
    [1, 8, 10, 18, 2],
    [29, 78, 134, 170, 34],
    [47, 113, 251, 202, 41],
    [11, 26, 63, 79, 19],
    [61, 230, 312, 391, 72],
    [49, 119, 586, 457, 54],
    [11, 62, 251, 206, 25],
    [8, 55, 136, 210, 28],
    [56, 204, 389, 501, 60],
    [17, 66, 112, 177, 23],
    [36, 53, 197, 261, 25],
    [79, 109, 323, 562, 38],
    [91, 124, 249, 560, 49],
    [43, 92, 199, 434, 51],
    [42, 101, 242, 479, 51],
    [15, 51, 91, 217, 25],
    [23, 88, 159, 339, 45],
    [9, 16, 74, 146, 10],
    [28, 98, 180, 367, 38],
    [15, 16, 39, 74, 11],
    [0, 7, 6, 15, 3],
    [6, 19, 45, 56, 5],
    [25, 55, 168, 200, 33],
    [26, 54, 86, 179, 22],
    [14, 88, 189, 226, 51],
    [16, 48, 195, 228, 23],
    [7, 22, 59, 59, 10],
    [5, 2, 11, 9, 2],
    [12, 156, 265, 289, 111],
    [103, 352, 784, 1012, 102],
    [2, 11, 11, 19, 3],
    [249, 567, 822, 1006, 177],
    [43, 55, 121, 124, 20]
  ],
  "W": [
    [48, 36, 215, 158, 66],
    [23, 29, 128, 91, 23],
    [40, 40, 233, 128, 57],
    [7, 6, 61, 124, 18],
    [13, 8, 99, 121, 17],
    [18, 17, 102, 314, 42],
    [6, 3, 7, 26, 10],
    [21, 17, 115, 270, 42],
    [2, 1, 21, 14, 0],
    [18, 5, 53, 61, 16],
    [18, 5, 36, 43, 11],
    [59, 31, 203, 227, 53],
    [2, 0, 26, 23, 9],
    [7, 3, 11, 9, 3],
    [4, 3, 42, 19, 4],
    [2, 1, 10, 16, 5],
    [13, 3, 76, 83, 15],
    [20, 25, 220, 174, 43],
    [16, 39, 264, 125, 46],
    [25, 48, 324, 168, 64],
    [19, 20, 133, 96, 24],
    [18, 44, 318, 118, 52],
    [32, 36, 239, 221, 56],
    [34, 37, 161, 131, 37],
    [28, 43, 230, 193, 64],
    [82, 72, 466, 437, 94],
    [33, 31, 195, 167, 30],
    [31, 72, 450, 376, 110],
    [8, 30, 154, 107, 44],
    [20, 29, 228, 158, 49],
    [20, 37, 299, 212, 60],
    [16, 24, 226, 139, 47],
    [8, 25, 182, 117, 38],
    [37, 4, 75, 122, 36],
    [2, 1, 22, 11, 3],
    [40, 20, 172, 155, 58],
    [51, 33, 229, 270, 71],
    [18, 13, 63, 78, 26],
    [85, 41, 431, 400, 109],
    [70, 38, 367, 678, 112],
    [19, 20, 181, 277, 58],
    [12, 28, 164, 180, 53],
    [50, 65, 507, 479, 109],
    [14, 24, 161, 158, 38],
    [58, 31, 200, 241, 42],
    [144, 38, 421, 423, 85],
    [118, 77, 451, 336, 91],
    [57, 54, 333, 280, 95],
    [59, 61, 397, 293, 105],
    [22, 22, 175, 127, 53],
    [40, 47, 267, 219, 81],
    [24, 17, 96, 94, 24],
    [64, 48, 269, 261, 69],
    [23, 10, 61, 46, 15],
    [1, 3, 13, 10, 4],
    [15, 8, 42, 59, 7],
    [49, 27, 159, 185, 61],
    [41, 19, 161, 105, 41],
    [32, 22, 222, 224, 68],
    [24, 24, 170, 239, 53],
    [8, 1, 62, 74, 12],
    [6, 0, 10, 12, 1],
    [19, 88, 305, 325, 96],
    [170, 151, 900, 922, 210],
    [2, 3, 24, 13, 4],
    [265, 126, 1089, 1039, 302],
    [56, 10, 131, 141, 25]
  ],
  "method": "mult",
  "cond_prob": [
    [
      [0.53216136934, 0.0071129910478, 0.041329115426, 0.41390560105, 0.0054909231322],
      [0.001067439876, 0.070241717747, 0.0037597045663, 0.75956556691, 0.1653655709],
      [0.024428410683, 0.27996664447, 0.011191381043, 0.66089537142, 0.023518192387],
      [0.010185395813, 0.03614515426, 0.73657962759, 0.18449609498, 0.032593727359],
      [0.014917987649, 0.16746050447, 0.099296577999, 0.45477061587, 0.26355431401]
    ],
    [
      [0.65477237208, 0.0057738524787, 0.0251664291, 0.30940079974, 0.0048865466029],
      [0.0016630345125, 0.073437952614, 0.0029461553912, 0.73160810654, 0.19034475094],
      [0.037953456843, 0.29228284491, 0.0087397213052, 0.63416257584, 0.026861401103],
      [0.01871348731, 0.044537665628, 0.68355508791, 0.20914174677, 0.044052012385],
      [0.022835747209, 0.17210968281, 0.076466491297, 0.42979825019, 0.29878982849]
    ],
    [
      [0.57492168611, 0.0076524623474, 0.040891345138, 0.37066491288, 0.0058695935286],
      [0.0012272318215, 0.080607191689, 0.0039677093127, 0.72557294708, 0.1886249201],
      [0.027556552842, 0.31517274021, 0.011587182772, 0.61937316262, 0.026310361556],
      [0.011207146465, 0.039696613771, 0.74485936515, 0.16866725978, 0.035569614838],
      [0.016347338993, 0.18314755589, 0.099890471481, 0.41403878375, 0.28657584988]
    ],
    [
      [0.54439556686, 0.006733536605, 0.052534278052, 0.38832466642, 0.0080119520552],
      [0.000990714797, 0.064612635334, 0.0046349957308, 0.6933708826, 0.23639077154],
      [0.024404883794, 0.27805539139, 0.014809646394, 0.64696230797, 0.035767770456],
      [0.0081132723382, 0.02847700093, 0.78016429515, 0.14363365925, 0.039611772328],
      [0.012797210196, 0.14252005712, 0.11298926478, 0.38198970918, 0.34970375872]
    ],
    [
      [0.59258347047, 0.0085509795417, 0.045171628058, 0.34833404865, 0.0053598732813],
      [0.0012857254077, 0.094646651944, 0.0046006581989, 0.71711953382, 0.18234743063],
      [0.027514196094, 0.35340276531, 0.012787217027, 0.58227078646, 0.02402503511],
      [0.010459378492, 0.041476035428, 0.76972249434, 0.14794482128, 0.030397270463],
      [0.016555929309, 0.20803612169, 0.11189088695, 0.39457920745, 0.2689378546]
    ],
    [
      [0.63038721134, 0.006233433749, 0.055245213061, 0.30252700368, 0.0056071381735],
      [0.001566487546, 0.077710272193, 0.0063420514133, 0.70101544998, 0.21336573887],
      [0.035693257606, 0.30869258384, 0.018780728784, 0.60668209978, 0.030151329988],
      [0.0099266016802, 0.026540685923, 0.82274144015, 0.11290354578, 0.027887726461],
      [0.019305560712, 0.16343100565, 0.1475838997, 0.36969735318, 0.29998218075]
    ],
    [
      [0.70145211128, 0.0012957235441, 0.052313163644, 0.23796406372, 0.0069749378124],
      [0.0018028107059, 0.019024866241, 0.0069747281843, 0.65273129312, 0.31946630175],
      [0.05529603458, 0.1055030269, 0.027681216976, 0.75283671775, 0.058683003787],
      [0.01044240193, 0.0058870807927, 0.85349082685, 0.093158041315, 0.037021649116],
      [0.021770317502, 0.039826111768, 0.15931387527, 0.33112789286, 0.4479618026]
    ],
    [
      [0.48270425524, 0.0098055001549, 0.081285956979, 0.42125999092, 0.0049442967055],
      [0.00092758232594, 0.094238894018, 0.0071940559764, 0.75255040652, 0.14508906116],
      [0.019414524327, 0.34384703754, 0.019571768733, 0.59833502058, 0.01883164882],
      [0.0052858976783, 0.02894621125, 0.83971115812, 0.10900606242, 0.017050670526],
      [0.011688691853, 0.20264645539, 0.17119973471, 0.4058421006, 0.20862301745]
    ],
    [
      [0.80620874825, 0.0045254311185, 0.015181257528, 0.17180494156, 0.0022796215462],
      [0.0025253666156, 0.10046708878, 0.0030655712857, 0.71551482886, 0.17842714446],
      [0.052197877019, 0.36811130916, 0.0081403254187, 0.55184767528, 0.01970281313],
      [0.026428099401, 0.056133109763, 0.69998072671, 0.18381111974, 0.033646944384],
      [0.032434280194, 0.22149044465, 0.074491159834, 0.38414070374, 0.28744341158]
    ],
    [
      [0.56855707473, 0.0061481283177, 0.033544241633, 0.38711341855, 0.004637136768],
      [0.0012024442662, 0.066146994076, 0.0033149183904, 0.77525735329, 0.15407828998],
      [0.027595308555, 0.26613065777, 0.0098832898081, 0.67473515154, 0.02165559232],
      [0.012501801591, 0.037019497419, 0.71414505977, 0.2036752974, 0.032658343819],
      [0.017284807162, 0.16266070459, 0.09010106439, 0.47531309523, 0.25464032863]
    ],
    [
      [0.6274956507, 0.0060382179895, 0.041491159165, 0.32342667655, 0.00154829559],
      [0.0017157283267, 0.084350118834, 0.0053143049165, 0.84140983583, 0.067210012092],
      [0.034620105879, 0.29977655398, 0.013930348146, 0.64342438369, 0.0082486083045],
      [0.01228860647, 0.032491598543, 0.79369386707, 0.15177568675, 0.0097502411696],
      [0.024574804615, 0.20711280832, 0.14404329506, 0.51308939103, 0.11117970097]
    ],
    [
      [0.48395769866, 0.0068216058098, 0.053580578864, 0.45005612665, 0.0055839900115],
      [0.00091174330555, 0.063115539498, 0.0045670386859, 0.77379206373, 0.15761361478],
      [0.02125126274, 0.25627530999, 0.013847270497, 0.68580073462, 0.022825422158],
      [0.0075417839289, 0.028155671845, 0.77443983195, 0.16293914641, 0.026923565866],
      [0.012762282217, 0.15072793043, 0.1207911699, 0.46405056532, 0.25166805214]
    ],
    [
      [0.85921519642, 0.00185782777, 0.011366087909, 0.12568946715, 0.0018714207501],
      [0.0041490412337, 0.05897283513, 0.0032977588246, 0.74611139565, 0.18746896916],
      [0.094280843181, 0.23546421489, 0.0096462699774, 0.63533735457, 0.025271317382],
      [0.0417305303, 0.031754218223, 0.70263858648, 0.18637627979, 0.037500385205],
      [0.056344185144, 0.13696814173, 0.084502930715, 0.42659134818, 0.29559339423]
    ],
    [
      [0.74130848491, 0.0099957080165, 0.026257479765, 0.22027813695, 0.0021601903579],
      [0.0022391073909, 0.17036372013, 0.0040411382378, 0.70274416562, 0.12061186862],
      [0.036768568544, 0.50965459248, 0.0085972253958, 0.43364063103, 0.011338982551],
      [0.018317369172, 0.074381734205, 0.74766342248, 0.14073336184, 0.018904112302],
      [0.026817758874, 0.35493955032, 0.092398040728, 0.35242155791, 0.17342309217]
    ],
    [
      [0.68532554155, 0.0084331844472, 0.019866887087, 0.2811023564, 0.005272030517],
      [0.0015243965968, 0.10813146794, 0.0023316649606, 0.67258623243, 0.21542623807],
      [0.032148360138, 0.39998153025, 0.006359331539, 0.5346263988, 0.026884379272],
      [0.019455734696, 0.074085877745, 0.6370368611, 0.21501618482, 0.05440534164],
      [0.019510211964, 0.23664655197, 0.056526574025, 0.36473150262, 0.32258515943]
    ],
    [
      [0, 0.025410718922, 0.15271149461, 0.81555458052, 0.0063232059531],
      [0, 0.12671025271, 0.0068947553432, 0.76460580643, 0.10178918552],
      [0, 0.43303354928, 0.016773305458, 0.53909663459, 0.01109651067],
      [0, 0.038311206293, 0.84520306919, 0.10529684675, 0.011188877764],
      [0, 0.27843740454, 0.16543375086, 0.40320591172, 0.15292293289]
    ],
    [
      [0.6668631512, 0.0066898545119, 0.043042474014, 0.27867102586, 0.0047334944165],
      [0.0017639727744, 0.090787789793, 0.0053708304265, 0.7037949719, 0.1982824351],
      [0.038153973398, 0.34320364201, 0.015085523395, 0.57726978111, 0.026287080093],
      [0.012658289714, 0.035080666169, 0.79539798156, 0.12782634668, 0.029036715881],
      [0.021985771837, 0.19329493282, 0.12647885325, 0.37440309433, 0.28383734777]
    ],
    [
      [0.34017037342, 0.0092055056533, 0.054354978282, 0.59109992056, 0.0051692220864],
      [0.00050348319848, 0.067977741086, 0.0036975011067, 0.81125133255, 0.11656994206],
      [0.011348444198, 0.26672965919, 0.010833957103, 0.69478882761, 0.016299111903],
      [0.0048839173848, 0.035552720177, 0.73601187884, 0.20022613492, 0.023325348674],
      [0.0075013099636, 0.17271996195, 0.10406563375, 0.51755949718, 0.19815359716]
    ],
    [
      [0.57247404141, 0.0060998345971, 0.038471898078, 0.37814485439, 0.0048093715305],
      [0.0012506113038, 0.06664757933, 0.0038722527973, 0.76783219021, 0.16039736636],
      [0.028736854121, 0.26646729903, 0.011565622491, 0.67035771781, 0.022872506551],
      [0.011654692464, 0.033488613114, 0.74189112599, 0.18211753928, 0.030848029151],
      [0.017587988456, 0.15980841794, 0.1028939678, 0.46244519575, 0.25726443005]
    ],
    [
      [0.63466001583, 0.0083679106733, 0.034660347637, 0.31818144214, 0.0041302837173],
      [0.0015908511825, 0.10390996996, 0.0039658291818, 0.73416877703, 0.15636457264],
      [0.032422957159, 0.3684637167, 0.010510230735, 0.56879431845, 0.019808776954],
      [0.014394822585, 0.050706996508, 0.73647987501, 0.16918175762, 0.029236548281],
      [0.020910081879, 0.23287085027, 0.098488047672, 0.4134633347, 0.23426768549]
    ],
    [
      [0.56245426309, 0.0080622650927, 0.039390217995, 0.38546298161, 0.0046302722084],
      [0.0011846613579, 0.085409905815, 0.0038410048521, 0.75924282774, 0.15032160024],
      [0.025567631942, 0.32137229751, 0.010773307436, 0.62224030177, 0.020046461333],
      [0.011039122578, 0.042892447357, 0.73757581645, 0.17970013814, 0.028792475466],
      [0.016298722609, 0.20052520577, 0.099868468528, 0.44682421564, 0.23648338745]
    ],
    [
      [0.53773197502, 0.0092210904964, 0.03562383356, 0.4122084576, 0.0052146433232],
      [0.0010567415488, 0.090256467475, 0.003212418315, 0.74975379732, 0.15572057534],
      [0.022659289446, 0.33667807365, 0.0089551875076, 0.61097099073, 0.020736458661],
      [0.011206730038, 0.05161527068, 0.70063232281, 0.20244525574, 0.034100420728],
      [0.014598431314, 0.21257344165, 0.083861588058, 0.44368751181, 0.24527902717]
    ],
    [
      [0.40774707248, 0.0062972394909, 0.052249376309, 0.52659249672, 0.0071138149953],
      [0.00065214489745, 0.049814303629, 0.0038080640311, 0.77409095233, 0.17163453511],
      [0.016177470257, 0.21512848465, 0.012284393648, 0.72995642565, 0.026453225791],
      [0.0062313694502, 0.025668392722, 0.74592770993, 0.18829936222, 0.033873165681],
      [0.009441133979, 0.12299572493, 0.10414939692, 0.48007977438, 0.28333396979]
    ],
    [
      [0.37754112403, 0.0058630108814, 0.044933409946, 0.56699860486, 0.0046638502776],
      [0.00060463260986, 0.046538254822, 0.0032844039696, 0.83648527798, 0.11308743062],
      [0.014522523797, 0.19480886169, 0.010258186613, 0.76356441233, 0.016846015573],
      [0.0064158874948, 0.026624373817, 0.71645848416, 0.22575707945, 0.024744175078],
      [0.009525130467, 0.12509944398, 0.097782016008, 0.5642271022, 0.20336630734]
    ],
    [
      [0.42048208279, 0.005880315794, 0.045265682228, 0.5238400931, 0.0045318260921],
      [0.0007216319337, 0.050026139145, 0.0035478474482, 0.8281518889, 0.11755249257],
      [0.017140931438, 0.20685775299, 0.010957898359, 0.74769214691, 0.017351270301],
      [0.0072381933581, 0.02705813126, 0.72989226419, 0.2114528028, 0.024358608396],
      [0.0111307921, 0.13159761408, 0.10338475771, 0.54717972728, 0.20670710882]
    ],
    [
      [0.50874137086, 0.004749412321, 0.040247889521, 0.44135990761, 0.0049014196802],
      [0.0010195380897, 0.046499527759, 0.0036322507994, 0.8027620232, 0.14608666015],
      [0.024848765773, 0.19717288286, 0.011517974469, 0.74428304979, 0.02217732711],
      [0.010061150688, 0.024755367711, 0.73340964208, 0.20193580479, 0.029838034735],
      [0.015246063056, 0.11856618944, 0.10261464244, 0.51472055546, 0.2488525496]
    ],
    [
      [0.53290305338, 0.0068449159009, 0.039054744508, 0.41395735245, 0.007239933757],
      [0.0010114213217, 0.064347838175, 0.0033817054235, 0.72325836701, 0.20800066807],
      [0.024407145506, 0.270499072, 0.010611745242, 0.66335880628, 0.031123230967],
      [0.010471130316, 0.035920321804, 0.71870771563, 0.19050710645, 0.044393725803],
      [0.013836140898, 0.15017319006, 0.087410140556, 0.42371102571, 0.32486950277]
    ],
    [
      [0.62962011761, 0.0061438444683, 0.033356602948, 0.32728273809, 0.0035966968845],
      [0.0016329455359, 0.07843473144, 0.0039251987376, 0.77623587372, 0.13977125056],
      [0.035364773778, 0.295445105, 0.011056532386, 0.63928414946, 0.018849439371],
      [0.014999043378, 0.038861797542, 0.73785838999, 0.18171032024, 0.026570448852],
      [0.02280249669, 0.18672395641, 0.1035351883, 0.46465612932, 0.22228222928]
    ],
    [
      [0.44525889288, 0.0072116454468, 0.049664955015, 0.49209048883, 0.0057740178288],
      [0.00074322778622, 0.061704597394, 0.0039126892431, 0.78271095962, 0.15092852595],
      [0.017435152067, 0.25194944055, 0.011918733308, 0.69677143899, 0.021925235092],
      [0.0069084614489, 0.030906218299, 0.74840137987, 0.18487322835, 0.02891071203],
      [0.010717498278, 0.15171201736, 0.10656052246, 0.48275777846, 0.24825218344]
    ],
    [
      [0.42084984646, 0.010221215335, 0.046790847736, 0.51550783363, 0.0066302568395],
      [0.00066549125161, 0.080619341552, 0.0033997706353, 0.75567760451, 0.15963779205],
      [0.014839741615, 0.31292191152, 0.0098552441427, 0.64029205987, 0.022091042854],
      [0.0068371191282, 0.044658302208, 0.71710324778, 0.19755710619, 0.033844224697],
      [0.0093198053513, 0.19253492053, 0.089948097076, 0.45318797364, 0.2550092034]
    ],
    [
      [0.54834399649, 0.0087224048999, 0.045008613251, 0.39209277757, 0.0058322077936],
      [0.0011045102733, 0.087318553051, 0.0041517819668, 0.7293849791, 0.17804017561],
      [0.024187488435, 0.3326885199, 0.011820784008, 0.60707758942, 0.024225618231],
      [0.0097587873154, 0.041604002231, 0.75204972497, 0.16409090463, 0.032496580853],
      [0.014653130111, 0.19751002361, 0.10404524284, 0.41454025394, 0.2692513495]
    ],
    [
      [0.54321137084, 0.0068781935212, 0.044797125889, 0.40249431276, 0.0026189969965],
      [0.0012019656308, 0.076250258645, 0.0045744825906, 0.82930730026, 0.088665992878],
      [0.025507267624, 0.28162579542, 0.012617385376, 0.66857956944, 0.01166998214],
      [0.009834225384, 0.033634654649, 0.76894301737, 0.17262475954, 0.014963343054],
      [0.017555023234, 0.18989838712, 0.12621967708, 0.51859012571, 0.14773678686]
    ],
    [
      [0.47162917099, 0.0082893840762, 0.047835660152, 0.46556397837, 0.00668180641],
      [0.00079772703551, 0.071589290928, 0.0038044234137, 0.7474165039, 0.17639205472],
      [0.018461613604, 0.28830283448, 0.011434602494, 0.65652785832, 0.025273091104],
      [0.0075593628046, 0.03655980786, 0.74141395227, 0.18003210714, 0.034434769923],
      [0.011034920643, 0.16883190817, 0.099392727578, 0.44232072532, 0.27841971828]
    ],
    [
      [0.66321561138, 0.010978266801, 0.04456116571, 0.27489113356, 0.0063538225481],
      [0.001627321941, 0.13371868517, 0.0049934004106, 0.62263909656, 0.23702149592],
      [0.032053292526, 0.46041944927, 0.012789391317, 0.46587368775, 0.028864179137],
      [0.012308444927, 0.054498830869, 0.77685467404, 0.11948073901, 0.036857311151],
      [0.018566410102, 0.26068058849, 0.10767162723, 0.30375633274, 0.30932504144]
    ],
    [
      [0.48433451438, 0.0090443169123, 0.05731059445, 0.44244740026, 0.0068631739985],
      [0.00059960167614, 0.078468050161, 0.0045232152016, 0.71964884487, 0.19676028809],
      [0.013931165535, 0.32223245187, 0.01350771776, 0.62440835208, 0.025920312754],
      [0.0047381087901, 0.033126900887, 0.7924946667, 0.13998865461, 0.029651669018],
      [0.0078575509216, 0.17628521239, 0.11239955604, 0.39486354718, 0.30859413346]
    ],
    [
      [0.57123179451, 0.0088077435861, 0.049126092732, 0.36383988072, 0.006994488444],
      [0.0011758051628, 0.089555736533, 0.0046005753664, 0.68758988986, 0.21707799308],
      [0.02620915784, 0.34783272059, 0.013336716083, 0.58258294365, 0.030038461836],
      [0.0096024512715, 0.039436000632, 0.77152323028, 0.14285256845, 0.036585749363],
      [0.01481536104, 0.19253241464, 0.10954148601, 0.37101939864, 0.31209133968]
    ],
    [
      [0.6498761425, 0.0086764985947, 0.049805649505, 0.28601445314, 0.0056272562599],
      [0.0016614307508, 0.10904642527, 0.0057675070603, 0.66794899179, 0.21557564512],
      [0.03451335363, 0.39445036469, 0.015584268708, 0.52760598637, 0.027846026601],
      [0.011289986673, 0.039964261068, 0.80289533069, 0.11557505146, 0.03027537011],
      [0.019695529086, 0.22050209984, 0.12917147817, 0.33928455119, 0.29134634172]
    ],
    [
      [0.52225024041, 0.0076702024045, 0.048058783908, 0.41341465079, 0.0086061224854],
      [0.000923165028, 0.068775174363, 0.0039616002048, 0.68957918259, 0.23676087781],
      [0.022465543514, 0.29276518574, 0.012525374326, 0.63672588542, 0.035518011004],
      [0.0084883195919, 0.034054774261, 0.7522181171, 0.16058277598, 0.044656013076],
      [0.012033368147, 0.15320758181, 0.097601147961, 0.38385554779, 0.35330235429]
    ],
    [
      [0.56508218978, 0.011277865713, 0.047099800188, 0.3692232388, 0.0073169055172],
      [0.0011263289812, 0.10981415508, 0.0042272579109, 0.66791682043, 0.2169154376],
      [0.023691212776, 0.40189888694, 0.011568634661, 0.53442576532, 0.028415500298],
      [0.0097879737354, 0.051482116652, 0.7517798176, 0.14793966449, 0.039010427519],
      [0.013873240977, 0.23064663265, 0.098369916728, 0.35272874814, 0.3043814615]
    ],
    [
      [0.50689904196, 0.0061067742021, 0.053251725872, 0.42890415584, 0.0048383021308],
      [0.001025109335, 0.060398598221, 0.0048547744167, 0.78807616399, 0.14564535404],
      [0.023811818628, 0.24411679377, 0.014671264585, 0.69632553893, 0.021074584089],
      [0.0080944762902, 0.025727794469, 0.78376865446, 0.15860327865, 0.023805796125],
      [0.014464281067, 0.14532232832, 0.12939553765, 0.47674642817, 0.23407142479]
    ],
    [
      [0.41892824847, 0.0078946728855, 0.066515279791, 0.50106023035, 0.0056015685035],
      [0.00070640966801, 0.066452871452, 0.0051578777654, 0.78385395124, 0.14382888988],
      [0.016193442596, 0.2652340115, 0.015369619654, 0.68273124978, 0.020471676471],
      [0.0053178111305, 0.02697080728, 0.79522909977, 0.15012776875, 0.022354513068],
      [0.0098462380622, 0.15797423011, 0.13577176937, 0.46782227422, 0.22858548824]
    ],
    [
      [0.39734514494, 0.0073191163573, 0.05035892584, 0.53848969491, 0.0064871179496],
      [0.00061552239294, 0.057292538401, 0.0036307071872, 0.78348386648, 0.15497736554],
      [0.01473453725, 0.23876469476, 0.011292188667, 0.71219838159, 0.023010197734],
      [0.006076200103, 0.030484511011, 0.73521508586, 0.19666045973, 0.031563743301],
      [0.0089930065967, 0.14274602911, 0.1001733993, 0.48989336905, 0.25819419594]
    ],
    [
      [0.59600483945, 0.0072813520692, 0.042031836258, 0.35014584359, 0.0045361286304],
      [0.0014038102546, 0.084036065828, 0.0044717134414, 0.75073946613, 0.15934894435],
      [0.030418114168, 0.31672744146, 0.012604884685, 0.61874218793, 0.02150737176],
      [0.011713319051, 0.037826933225, 0.76326002579, 0.15967734031, 0.027522381624],
      [0.018839219278, 0.19227580465, 0.11336088955, 0.43196812302, 0.2435559635]
    ],
    [
      [0.5925706127, 0.0069174231944, 0.034792235166, 0.36089597727, 0.0048237516706],
      [0.0013171342176, 0.07756541547, 0.003592778668, 0.75223509053, 0.16528958111],
      [0.029346922899, 0.30096788344, 0.010401431593, 0.63646756966, 0.022816192406],
      [0.012940460466, 0.041074602251, 0.72464377696, 0.18787485388, 0.033466306444],
      [0.018195937852, 0.18276182844, 0.09374310101, 0.44469915897, 0.26059997372]
    ],
    [
      [0.49442074789, 0.0051191949181, 0.046727176289, 0.44890769594, 0.0048251849654],
      [0.00096966611971, 0.049319658278, 0.0041472429425, 0.80368356831, 0.14187986435],
      [0.023342071259, 0.20683647105, 0.012986400502, 0.73562367456, 0.021211382636],
      [0.0086564328992, 0.023744171133, 0.75882083442, 0.18263261981, 0.026145941738],
      [0.014293313702, 0.12403557394, 0.11550489409, 0.50753629034, 0.23862992794]
    ],
    [
      [0.45647106249, 0.0052304328359, 0.043602184579, 0.49064224454, 0.0040540755613],
      [0.0008580084472, 0.047887964625, 0.0036796056022, 0.83453152241, 0.11304289892],
      [0.020368414129, 0.19783667484, 0.011366414238, 0.75371816928, 0.01671032751],
      [0.0083831781481, 0.025242375365, 0.73568426343, 0.20783805291, 0.022852130143],
      [0.013273172386, 0.12633646712, 0.10754766093, 0.55356671262, 0.19927598694]
    ],
    [
      [0.54569956397, 0.0049486479025, 0.03672193445, 0.40849389426, 0.0041359594198],
      [0.0011921862926, 0.052713187986, 0.0036054564144, 0.80835360011, 0.1341355692],
      [0.028102934276, 0.21621599869, 0.011058786002, 0.72492841626, 0.019693864767],
      [0.011776467234, 0.028091568769, 0.72916632132, 0.20354415809, 0.027421484594],
      [0.017810526338, 0.13429010921, 0.10177235611, 0.51782333915, 0.22830366919]
    ],
    [
      [0.50383127203, 0.0050214730834, 0.037229561508, 0.44868844664, 0.005229246737],
      [0.00098064478588, 0.04793437109, 0.003275222341, 0.79578268363, 0.15202707815],
      [0.023941540575, 0.20366135595, 0.010401941773, 0.73889209848, 0.023103063223],
      [0.010424271331, 0.027485101861, 0.71313416836, 0.21552638814, 0.033430070312],
      [0.014685745718, 0.12241552548, 0.092668321361, 0.5108218912, 0.25940851623]
    ],
    [
      [0.48730362804, 0.0050000747998, 0.045577884973, 0.45714301543, 0.0049753967579],
      [0.00094173760279, 0.047349296544, 0.0039779970315, 0.80427382854, 0.14345714029],
      [0.022868251725, 0.2000538418, 0.012566526937, 0.74282066354, 0.021690716006],
      [0.0086852050572, 0.023556154704, 0.75135702179, 0.18902503237, 0.027376586079],
      [0.013982167273, 0.11987369192, 0.11158722879, 0.51191135622, 0.2426455558]
    ],
    [
      [0.45918506846, 0.0058093217922, 0.040278661056, 0.48924290682, 0.005484041868],
      [0.00080703905881, 0.050977729556, 0.0032551002512, 0.79801120503, 0.1469489261],
      [0.019522468384, 0.21478345945, 0.010235991305, 0.73340922533, 0.022048855533],
      [0.0086040912431, 0.029300014503, 0.71341902885, 0.21636239724, 0.032314468158],
      [0.012121014194, 0.13060220705, 0.092375620324, 0.51308028345, 0.25182087499]
    ],
    [
      [0.4333613029, 0.0069514492441, 0.044357881588, 0.50886226611, 0.0064671001545],
      [0.00072255566851, 0.057116089029, 0.0033582695607, 0.7768906863, 0.16191239944],
      [0.017349609177, 0.23871833062, 0.010487782817, 0.70926325453, 0.024181022852],
      [0.0075438836947, 0.032161447861, 0.71878062512, 0.20656607363, 0.034947969689],
      [0.01054039656, 0.14209462991, 0.092557200915, 0.48562076428, 0.26918700834]
    ],
    [
      [0.33724111986, 0.0036464297316, 0.050257550781, 0.60450951859, 0.0043453810324],
      [0.00051794950419, 0.028068444086, 0.0035593541708, 0.86528873201, 0.10256552023],
      [0.013154925532, 0.12447768346, 0.011750450685, 0.83453254765, 0.016084392671],
      [0.0052073465372, 0.015205510762, 0.73764240126, 0.22076590949, 0.021178831948],
      [0.008522671112, 0.078871787752, 0.11069812152, 0.6087937199, 0.19311369972]
    ],
    [
      [0.38839583589, 0.0081067776322, 0.044828511207, 0.55272601723, 0.0059428580444],
      [0.00061215923079, 0.062644654546, 0.0031920343616, 0.79359872837, 0.1399524235],
      [0.014241071574, 0.25372623716, 0.0096602625579, 0.70212001656, 0.020252412153],
      [0.0066179757746, 0.036528636052, 0.70704594269, 0.21852919751, 0.031278247967],
      [0.0090968327643, 0.15878117229, 0.08962335709, 0.50542294559, 0.23707569226]
    ],
    [
      [0.53939660584, 0.004928418762, 0.0442047875, 0.4047296099, 0.0067405780009],
      [0.0010536419226, 0.048527374266, 0.0039980862978, 0.74154675493, 0.20487414259],
      [0.026694403899, 0.21541843449, 0.013165034502, 0.71289950922, 0.031822617882],
      [0.0095929435377, 0.023789720806, 0.75775508559, 0.1708051594, 0.038057090669],
      [0.014609319546, 0.11508192644, 0.10490830655, 0.43888478756, 0.3265156599]
    ],
    [
      [0, 0.021326306113, 0.06947998197, 0.89327814233, 0.01591556959],
      [0, 0.088393068231, 0.002607544669, 0.69528208206, 0.21371730504],
      [0, 0.36579513058, 0.0077351111884, 0.59811298182, 0.028356776409],
      [0, 0.056002566449, 0.69343531307, 0.20145991947, 0.049102201014],
      [0, 0.20480237683, 0.066470768585, 0.38881852117, 0.33990833341]
    ],
    [
      [0.41068027924, 0.010372113012, 0.052579638046, 0.52091616209, 0.0054518076168],
      [0.00063957352375, 0.083069962229, 0.0038642377566, 0.7767194902, 0.13570673629],
      [0.013902978468, 0.31740410173, 0.010908439971, 0.63984187714, 0.017942602697],
      [0.0059453414068, 0.041538089973, 0.7448819916, 0.18207868455, 0.025555892473],
      [0.0090174132647, 0.20058534835, 0.10300560071, 0.46649997945, 0.22089165823]
    ],
    [
      [0.46700286781, 0.0070973847193, 0.058078628691, 0.46090700423, 0.0069141145598],
      [0.00082817616477, 0.061997938338, 0.0046728081269, 0.7482484911, 0.18425258627],
      [0.0197980265, 0.25829994164, 0.014529332062, 0.68001318643, 0.02735951337],
      [0.0067394337637, 0.027204698336, 0.78017259036, 0.15492539915, 0.030957878384],
      [0.011297973932, 0.14432318109, 0.12045421478, 0.43718911608, 0.28673551412]
    ],
    [
      [0.51318424087, 0.0068118010344, 0.045114492643, 0.42908357763, 0.0058058878218],
      [0.00099045705483, 0.0649728402, 0.0039621857345, 0.76076228307, 0.16931223394],
      [0.023143695183, 0.26464954407, 0.012040853787, 0.67564517792, 0.024520729037],
      [0.0090943510294, 0.03216509611, 0.74907629231, 0.17762997772, 0.032034282834],
      [0.013856636927, 0.15512080898, 0.10478621737, 0.45568322928, 0.27055310744]
    ],
    [
      [0.39743555761, 0.010284240461, 0.064618507473, 0.51632397862, 0.011337715844],
      [0.00056780375129, 0.072685595524, 0.004207654299, 0.67816471937, 0.24437422706],
      [0.01382623361, 0.3081586489, 0.013323699919, 0.62771779088, 0.036973626685],
      [0.0050227326063, 0.034672557327, 0.76295696801, 0.15269651803, 0.044651224026],
      [0.0072956339598, 0.15928987401, 0.10213406072, 0.37325470642, 0.3580257249]
    ],
    [
      [0.45531068304, 0.005450011128, 0.049521152491, 0.48514060314, 0.0045775502027],
      [0.00083059907148, 0.04948668577, 0.0041420020351, 0.81871470494, 0.12682600818],
      [0.019829858499, 0.20577782696, 0.012855991636, 0.74273979234, 0.018796530565],
      [0.0074277334871, 0.023859448907, 0.75904949511, 0.18625318181, 0.023410140679],
      [0.012468314227, 0.12671809692, 0.11743987153, 0.52623495751, 0.21713875981]
    ],
    [
      [0.5715545227, 0.0068034741052, 0.043945464606, 0.37025506713, 0.0074414714635],
      [0.001090782746, 0.068498190631, 0.0040656463342, 0.69413672514, 0.23220865515],
      [0.026412946801, 0.2900728997, 0.012770151304, 0.63646030735, 0.034283694842],
      [0.0098251744981, 0.033199153419, 0.75659275238, 0.15788382237, 0.04249909733],
      [0.014207496388, 0.15242642116, 0.10000849331, 0.38524911739, 0.34810847176]
    ],
    [
      [0.68331514944, 0.0033057396076, 0.041547112806, 0.26206534846, 0.0097666496865],
      [0.0013303858293, 0.037306193628, 0.0042245247886, 0.55613086488, 0.40100803087],
      [0.042024993832, 0.21705898266, 0.017269279738, 0.65793057223, 0.065716171535],
      [0.011357998752, 0.016959333585, 0.79731178687, 0.11464863032, 0.059722250473],
      [0.014598028309, 0.071544666494, 0.088191673213, 0.25353533041, 0.57213030157]
    ],
    [
      [0.43051031765, 0.013874237354, 0.068518805064, 0.47118392011, 0.015912719826],
      [0.00057617251654, 0.092139172629, 0.0041935723308, 0.5813690675, 0.32172201503],
      [0.013967609851, 0.3885442643, 0.013217991073, 0.53573250197, 0.048537632798],
      [0.0051052910988, 0.044029602867, 0.76066419667, 0.13122365904, 0.058977250325],
      [0.006718769137, 0.18317620376, 0.092357912885, 0.29050301904, 0.42724409518]
    ],
    [
      [0.4839325723, 0.0084431680777, 0.053662323929, 0.44917206516, 0.0047898705311],
      [0.00092983586738, 0.078883313651, 0.0046225652562, 0.77949489565, 0.13606938957],
      [0.020319882175, 0.29978723937, 0.013145510976, 0.64819939593, 0.01854797155],
      [0.0075984986531, 0.034782625416, 0.77209593693, 0.16247987625, 0.023043062746],
      [0.012907702998, 0.18668664324, 0.12122364478, 0.46416270883, 0.21501930016]
    ],
    [
      [0.66154369189, 0.0080274947507, 0.038879767601, 0.28613142914, 0.0054176166243],
      [0.0012131613029, 0.1010248096, 0.0044590272456, 0.67377150585, 0.219531496],
      [0.026335206794, 0.38647054857, 0.012447421805, 0.54704821919, 0.027698603645],
      [0.0096987163433, 0.043185152805, 0.77955517317, 0.13330195447, 0.03425900321],
      [0.014964358563, 0.21336715019, 0.10414577979, 0.34905663937, 0.31846607208]
    ],
    [
      [0.64518328886, 0.0090384267784, 0.039790171461, 0.30047516669, 0.0055129462067],
      [0.0016182232467, 0.11007886607, 0.0044682630199, 0.67972172376, 0.20411292391],
      [0.033377505622, 0.39482947082, 0.011993858523, 0.53353169183, 0.0262674732],
      [0.013435092138, 0.049315095985, 0.75816200372, 0.14396238129, 0.035125426868],
      [0.019924305233, 0.23106122593, 0.10393280151, 0.3590272312, 0.28605443612]
    ],
    [
      [0.62293682154, 0.0079239017577, 0.045862228523, 0.31673200894, 0.0065450392331],
      [0.0014477774059, 0.090656878043, 0.0048306430946, 0.67360298513, 0.22946171632],
      [0.032230898527, 0.35216586322, 0.013988474126, 0.57001859799, 0.031596166144],
      [0.011359530728, 0.038347922362, 0.77892733757, 0.13434303918, 0.037022170164],
      [0.017842285146, 0.19075380177, 0.11251995427, 0.35536997664, 0.32351398218]
    ]
  ],
  "expected_outcome": [
    [
      [25.5437457285, 15.0597645578, 22.9968674443, 3.810768968, 7.7035851161, 11.3469698041, 4.2087126677, 10.1367893601, 1.6124174965, 10.2340273452, 11.2949217127, 28.5535042209, 1.7184303928, 5.1891593943, 2.7413021662, 0, 8.6692209655, 6.8034074684, 9.1595846625, 15.8665003958, 10.6866309988, 9.6791755503, 13.0479063194, 12.8363982171, 11.7734983181, 41.7167924109, 17.5858007615, 19.5182236459, 3.562071143, 8.4169969292, 10.9668799297, 8.6913819334, 3.773033368, 24.5389776212, 0.96866902876, 22.8492717806, 33.1436832674, 9.4005043274, 48.0319861312, 35.4829329372, 7.9596367209, 4.7681417393, 29.8002419727, 8.2959885778, 28.6764033774, 65.731832998, 64.392548548, 28.7183825056, 28.7509140545, 10.1020715062, 17.3344521161, 8.0937868767, 24.8573334968, 12.4061219343, 0, 6.1602041886, 22.8831405224, 21.0405538758, 12.7179378434, 10.9274563929, 4.5724361816, 4.0998908966, 8.1796960353, 82.2685372912, 1.3230873838, 170.9735715491, 34.8844620064],
      [0.3414235703, 0.13279860701, 0.3060984939, 0.047134756235, 0.11116273404, 0.11220180748, 0.0077743412649, 0.20591550325, 0.0090508622371, 0.11066630972, 0.10868792381, 0.40247474278, 0.00371565554, 0.069969956115, 0.033732737789, 0.050821437845, 0.086968108654, 0.18411011307, 0.097597353553, 0.20919776683, 0.15318303676, 0.16597962893, 0.20151166371, 0.19934236997, 0.16464884223, 0.38945181032, 0.22588222473, 0.19045917852, 0.057693163574, 0.2044243067, 0.174448098, 0.11005109634, 0.06631507261, 0.40619587162, 0.018088633825, 0.35230974345, 0.44250142833, 0.13806364328, 0.95861858562, 0.42747419415, 0.14999878482, 0.087829396288, 0.36406760346, 0.096843924722, 0.29691330525, 0.75318232837, 0.58394045249, 0.28622396575, 0.29500441319, 0.12780507943, 0.27805796977, 0.087514313558, 0.51883376846, 0.11335363153, 0.021326306113, 0.15558169518, 0.34777185125, 0.27928384241, 0.32909569475, 0.13080026707, 0.054427792841, 0.019834437645, 0.26361050973, 1.4353385732, 0.016054989501, 2.3951830963, 0.44373849843],
      [1.9837975405, 0.5788278693, 1.6356538055, 0.36773994636, 0.58723116475, 0.9944138351, 0.31387898186, 1.7070050966, 0.030362515056, 0.60379634939, 0.74684086497, 3.161254153, 0.022732175818, 0.18380235835, 0.07946754835, 0.30542298921, 0.55955216219, 1.0870995656, 0.61555036925, 0.86650869092, 0.74841414191, 0.64122900409, 1.6719800419, 1.5277359382, 1.2674391024, 3.3003269407, 1.2888065688, 1.0340546914, 0.39731964012, 0.93581695473, 0.90017226503, 0.71675401422, 0.38268528122, 1.6487631313, 0.1146211889, 1.9650437093, 2.5400881248, 0.86505811034, 4.003483016, 3.727620811, 1.263790316, 0.60430711008, 2.1015918129, 0.48709129233, 2.7101762247, 6.2787145794, 4.3331882651, 2.1220850059, 2.6890952134, 0.88613054324, 1.7743152635, 1.2061812187, 2.8690247173, 1.0167101125, 0.06947998197, 0.78869457068, 2.8458528058, 1.8496941984, 2.0677922391, 1.1885076598, 0.35156371685, 0.24928267683, 1.3018572962, 9.122595068, 0.077759535201, 10.5443954372, 2.5682847973],
      [19.8674688504, 7.1162183941, 14.8265965152, 2.718272665, 4.5283426325, 5.4454860662, 1.4277843823, 8.8464598092, 0.34360988311, 6.9680415339, 5.8216801779, 26.5533114726, 0.2513789343, 1.5419469587, 1.1244094256, 1.631109161, 3.6227233362, 11.8219984112, 6.0503176702, 7.9545360535, 7.3237966506, 7.4197522369, 16.8509598952, 19.2779525653, 14.6675226067, 36.1915124243, 13.660592631, 10.1457648808, 3.9367239106, 10.3101566726, 7.8418555514, 6.4399090041, 3.7245118269, 10.1709719416, 0.88489480052, 14.5535952289, 14.5867371102, 7.4414637142, 31.3839752982, 30.0232909085, 9.5201443767, 6.4618763389, 17.5072921794, 5.0525436818, 26.0366463646, 70.6524832135, 48.2022795228, 25.5752414587, 26.9714379102, 10.7633439501, 20.3544906444, 14.5082284462, 35.3744651026, 9.3087810277, 0.89327814233, 7.8137424313, 22.584443207, 17.5924266827, 16.5223673157, 11.6433744754, 2.962040537, 1.5723920908, 8.952494482, 76.3592510773, 0.57226285827, 79.6259191726, 17.7369925008],
      [0.26356431035, 0.11239057187, 0.23478374114, 0.056083664386, 0.069678352657, 0.10092848712, 0.041849626875, 0.10383023082, 0.0045592430924, 0.083468461824, 0.02786932062, 0.32945541068, 0.0037428415003, 0.015121332505, 0.021088122068, 0.012646411906, 0.061535427414, 0.10338444173, 0.076949944488, 0.10325709293, 0.087975171959, 0.093863579817, 0.22764207985, 0.15857090944, 0.12689113058, 0.40191641378, 0.23891781398, 0.11149760342, 0.046192142631, 0.13260513679, 0.11664415587, 0.041903951944, 0.05345445128, 0.23509143428, 0.013726347997, 0.27977953776, 0.28699006925, 0.15491020474, 0.62193696896, 0.33868114915, 0.10642980157, 0.077845415395, 0.22680643152, 0.067532523389, 0.279860728, 0.58378688082, 0.48804321154, 0.29806706401, 0.29354840871, 0.1206489211, 0.25868400618, 0.10428914478, 0.38034291484, 0.15503329402, 0.01591556959, 0.081777114251, 0.33879161343, 0.23804140069, 0.362806907, 0.10986120486, 0.059531771708, 0.058599898119, 0.3023416767, 0.81427799029, 0.010835233249, 1.4609307448, 0.36652219705]
    ],
    [
      [0.038427835537, 0.048228000861, 0.049089272861, 0.005944288782, 0.010285803262, 0.026630288283, 0.0054084321176, 0.015768899541, 0.0025253666156, 0.0060122213308, 0.0085786416334, 0.028264042472, 0, 0.0067173221728, 0.0045731897903, 0, 0.0052919183231, 0.012587079962, 0.048773840849, 0.076360856758, 0.023693227158, 0.046496628146, 0.023477216308, 0.022371406565, 0.031030173149, 0.073406742461, 0.031354060972, 0.11757207859, 0.022296833587, 0.019299246297, 0.040866880112, 0.02884717514, 0.019943175888, 0.0065092877638, 0.00059960167614, 0.023516103256, 0.054827214775, 0.012001145364, 0.046179488231, 0.038954154732, 0.01412819336, 0.017234627002, 0.091247666547, 0.031611221221, 0.030059649711, 0.032604320994, 0.091798344529, 0.052954818438, 0.05744599377, 0.017754859294, 0.03396011642, 0.0088051415712, 0.029383643078, 0.010536419226, 0, 0.00511658819, 0.022360756449, 0.018818684042, 0.012491682528, 0.019934377716, 0.001090782746, 0, 0.050703181456, 0.14040521597, 0.0036394839087, 0.20389612909, 0.014477774059],
