{
  "Z_true": {},
  "V_true": [
    [8, 98, 499, 532],
    [944, 2106, 696, 119],
    [395, 6539, 667, 431],
    [211, 511, 15704, 492],
    [46, 687, 319, 716],
    [93, 289, 620, 316]
  ],
  "p_true": [
    [0.007, 0.0862, 0.4389, 0.4679],
    [0.2442, 0.5449, 0.1801, 0.0308],
    [0.0492, 0.8141, 0.083, 0.0537],
    [0.0125, 0.0302, 0.9282, 0.0291],
    [0.026, 0.3886, 0.1804, 0.405],
    [0.0706, 0.2193, 0.4704, 0.2398]
  ],
  "Z_est": [
    [
      [0, 0.0182, 0.0171, 0.0076, 0.0093, 0.0136, 0.0174, 0.0161, 0.0102, 0.0133, 0.0089, 0.0117, 0.008, 0.0199, 0, 0.0027, 0.015, 0.0169, 0.0026, 0.0156, 0.0073, 0, 0.0005, 0.0121, 0.0119, 0, 0.0003, 0.013, 0.0225, 0.0048, 0.0092, 0, 0.0003, 0, 0.0426, 0.0139, 0.0036, 0.0254, 0.002],
      [0, 11.9841, 8.6636, 3.2709, 4.0185, 6.1903, 5.9851, 5.2558, 3.9553, 5.1964, 4.926, 4.6467, 5.5986, 9.3152, 0, 1.0138, 6.1437, 6.3933, 1.2561, 6.3246, 5.0736, 0, 0.1463, 6.348, 5.4869, 0, 0.1612, 11.6723, 10.5531, 3.3771, 4.7929, 0, 0.0506, 0, 20.9692, 7.3698, 1.5645, 11.0868, 1.3855],
      [0, 51.0011, 36.863, 11.6571, 15.8172, 17.3766, 11.4536, 6.9435, 11.123, 14.0371, 11.7075, 9.9102, 16.1385, 41.3053, 0, 2.065, 19.9911, 13.3276, 4.0096, 12.4818, 22.0918, 0, 0.7172, 35.9375, 19.9664, 0, 1.5762, 62.9746, 38.1666, 16.0118, 22.1427, 0, 0.7448, 0, 75.5106, 14.8697, 6.6714, 30.7192, 3.2389],
      [0, 21.9966, 11.4563, 6.0645, 7.155, 6.4195, 9.5439, 4.7846, 6.9114, 6.7532, 6.3575, 5.4314, 7.2549, 20.3597, 0, 0.9184, 6.8501, 9.2622, 2.7317, 7.1781, 7.8273, 0, 0.1359, 8.7023, 8.5348, 0, 0.2623, 19.3401, 13.2577, 4.6063, 8.0552, 0, 0.2044, 0, 38.4777, 9.7466, 2.7606, 17.1685, 1.3736]
    ],
    [
      [0.9964, 46.8222, 48.1144, 30.3245, 30.8417, 38.2861, 14.7551, 11.8911, 21.0491, 15.3225, 21.5124, 26.9103, 22.7196, 41.2868, 1.0596, 12.4236, 40.5177, 28.8793, 26.4465, 75.9211, 30.5576, 0.947, 3.2091, 60.3482, 67.7445, 0.833, 1.2913, 17.3102, 43.3233, 15.2708, 44.8174, 0.8061, 3.3236, 1.168, 114.1234, 23.942, 30.9548, 141.2941, 16.8157],
      [0.0036, 106.2761, 101.322, 44.6687, 58.4502, 81.5322, 25.2148, 21.4525, 33.4526, 30.1479, 50.599, 43.8015, 58.9235, 82.1811, 1.0735, 24.0315, 75.5347, 65.9093, 55.0653, 118.8551, 71.0266, 5.6254, 4.7729, 135.95, 133.5194, 0.167, 4.0516, 42.6706, 84.4354, 39.1701, 96.4265, 0.1448, 1.9741, 2.4189, 231.4018, 58.9698, 38.2078, 181.5452, 46.3726],
      [0, 20.5688, 19.6092, 7.1592, 10.3972, 10.3801, 2.1384, 1.2068, 4.2044, 3.6548, 5.427, 4.1221, 7.6583, 16.5655, 0.8668, 2.0521, 11.1433, 6.0467, 7.9433, 10.1859, 13.9538, 0.1887, 0.9295, 34.6573, 22.0593, 0, 1.5129, 10.452, 13.8952, 8.3832, 20.1049, 0.0363, 1.5144, 0.3736, 38.0698, 5.3478, 7.3046, 22.8823, 4.7486],
      [0, 4.3329, 2.9545, 1.8476, 2.3109, 1.8015, 0.8917, 0.4496, 1.2939, 0.8749, 1.4616, 1.1661, 1.6986, 3.9666, 0, 0.4929, 1.8044, 2.1647, 2.5449, 3.0379, 2.462, 0.2389, 0.0884, 4.0445, 4.6769, 0, 0.1442, 1.5672, 2.3461, 1.1759, 3.6512, 0.0128, 0.1879, 0.0395, 9.405, 1.7404, 1.5328, 6.2784, 1.063]
    ],
    [
      [0.9192, 18.5262, 15.7549, 9.7706, 9.7078, 13.0169, 11.7917, 7.7448, 8.1201, 11.1072, 15.5314, 12.9407, 6.3855, 11.9522, 0.8249, 2.8111, 13.7343, 4.6125, 8.7962, 18.8201, 10.4598, 0.0518, 1.0955, 13.1504, 18.4167, 0.3382, 0.6195, 10.3129, 19.4206, 7.064, 14.6429, 0.1165, 0.6226, 0.6173, 46.8772, 7.0376, 8.7868, 50.5423, 2.555],
      [1.0781, 347.9183, 273.2659, 120.2793, 151.6505, 226.5495, 165.5816, 113.4251, 107.3353, 178.5477, 299.7984, 174.6862, 137.3805, 196.1086, 5.8511, 44.2807, 210.1754, 86.0637, 150.3598, 244.2856, 202.0596, 2.6584, 14.2151, 243.5525, 298.0085, 2.6618, 16.7318, 210.9171, 311.8205, 150.5177, 259.5824, 0.7149, 4.5847, 7.6353, 781.2296, 142.4697, 92.9757, 551.5035, 58.4991],
      [0.0027, 19.8494, 15.641, 5.7052, 7.9504, 8.5849, 3.3596, 1.0925, 3.9316, 6.2695, 9.1222, 4.2803, 5.2626, 11.6943, 1.324, 1.0328, 9.2307, 2.2522, 6.5069, 5.6134, 11.6024, 0.0243, 0.8057, 18.0387, 14.5271, 0, 1.7289, 15.2544, 15.1808, 9.5218, 15.7061, 0.036, 0.6615, 0.3459, 38.09, 3.7399, 5.2592, 20.4376, 1.7443],
      [0, 46.7061, 26.3382, 16.245, 19.6913, 16.8487, 19.267, 7.7375, 13.613, 17.0756, 28.548, 15.0928, 12.9714, 31.2449, 0, 2.8754, 16.8596, 9.0717, 23.3371, 20.2809, 22.8783, 0.2655, 0.8836, 24.2584, 34.0478, 0, 1.9198, 25.5156, 28.5781, 14.8965, 32.0687, 0.1326, 1.1312, 0.4015, 104.8031, 13.7528, 11.9784, 62.5166, 4.2016]
    ],
    [
      [0.0844, 0.6911, 1.7552, 0.3055, 0.9314, 0.9074, 0.6198, 0.8291, 0.4742, 0.5896, 0.7379, 0.5259, 0.5299, 1.8645, 0.1155, 0.4365, 0.8454, 0.7126, 0.54, 1.2221, 0.2386, 0, 0.2814, 0.6262, 0.7745, 0.0819, 0.0409, 0.1722, 2.9256, 0.2147, 0.4282, 0, 0, 0.1023, 3.9641, 1.1025, 0, 0, 0.205],
      [0.9182, 7.9444, 11.187, 1.9992, 3.9436, 4.5794, 3.0971, 3.6687, 2.2938, 2.4664, 4.8378, 2.8963, 5.9804, 10.1878, 0.0754, 1.2243, 3.9759, 3.2766, 2.9713, 8.5864, 2.877, 0.0996, 0.1051, 6.0791, 3.9427, 1.034, 0.121, 7.2567, 16.064, 6.2611, 2.9491, 0, 0, 0, 25.2878, 6.5049, 1.7136, 19.9208, 1.6758],
      [15.9973, 853.6247, 1217.9235, 199.1862, 457.1038, 336.751, 144.173, 119.7708, 176.5247, 195.798, 309.0759, 152.8945, 476.9468, 1202.6225, 7.8091, 72.9241, 340.6903, 186.3318, 233.4575, 371.9384, 325.6903, 16.7089, 40.3851, 579.894, 413.5595, 9.884, 42.2189, 976.5966, 1542.1215, 726.0674, 348.9592, 15.4707, 44.0319, 23.6882, 2360.242, 361.0317, 201.4218, 1187.464, 112.9537],
      [0, 15.7398, 15.1343, 4.5091, 9.0213, 4.7622, 5.1101, 3.7314, 4.7072, 4.146, 7.3485, 3.6834, 9.5428, 24.3253, 0, 1.4151, 4.4884, 5.6789, 6.0311, 9.2531, 5.194, 1.1914, 0.2283, 5.4007, 7.7234, 0, 0.6193, 12.9745, 21.8889, 8.4568, 5.6635, 0.5293, 0.9681, 0.2095, 49.5061, 10.3609, 3.8647, 28.6152, 2.1655]
    ],
    [
      [0, 0.1836, 0.2134, 0.0625, 0.1124, 0.1559, 0.1187, 0.1517, 0.057, 0.1399, 0.1734, 0.1735, 0.0601, 0.159, 0, 0.0225, 0.1268, 0.0696, 0.0552, 0.2251, 0.0954, 0.0012, 0.0219, 0.1514, 0.1531, 0.1244, 0.0079, 0.1313, 0.2716, 0.0605, 0.1436, 0, 0.0049, 0.0125, 0.7229, 0.0868, 0.1034, 0.3747, 0.0095],
      [0, 27.3895, 28.7935, 6.0909, 13.4931, 20.6686, 12.4948, 15.8376, 5.8643, 16.8047, 25.6792, 18.2003, 10.1665, 20.2246, 0, 2.6866, 14.9574, 9.5591, 7.2049, 23.056, 14.6843, 0.6166, 1.9414, 21.7127, 19.1729, 0.8523, 1.5494, 21.4454, 33.8908, 10.1506, 19.8071, 0, 0.2674, 1.2735, 93.7355, 13.4433, 9.3104, 33.13, 1.6934],
      [0, 14.2485, 14.9743, 2.6323, 6.4674, 7.0685, 2.879, 2.4735, 1.9964, 5.4986, 7.4198, 4.6825, 3.5646, 10.9643, 0, 0.6448, 5.9273, 2.4117, 2.7937, 5.5184, 7.779, 0.078, 1.058, 14.9956, 8.5136, 0.0233, 1.6451, 14.132, 14.986, 5.8563, 11.1414, 0, 0.4207, 0.5795, 41.3682, 3.2986, 4.8018, 11.2339, 0.4737],
      [0, 54.1784, 41.0188, 12.2143, 25.9271, 23.107, 21.5075, 15.5373, 11.0823, 23.5568, 35.7277, 22.9437, 14.2088, 47.6522, 0, 2.646, 17.9886, 14.9597, 16.9462, 28.2004, 24.4413, 1.3041, 1.9787, 32.1403, 32.1603, 0, 2.7976, 38.2914, 45.8516, 14.9325, 35.9078, 0, 1.307, 1.1346, 185.1734, 19.1713, 17.7843, 55.2615, 1.8234]
    ],
    [
      [0, 2.7588, 4.1451, 1.5294, 2.3975, 2.62, 1.6973, 1.3672, 1.2894, 0.8274, 2.036, 2.4378, 1.2968, 2.7176, 0, 0.3036, 2.7608, 0.7091, 1.1594, 2.7961, 1.6412, 0, 0.3916, 1.7117, 2.8994, 0.6225, 0.0402, 2.0605, 4.0364, 1.3852, 1.9587, 0.0775, 0.0486, 0.0999, 10.2699, 1.8172, 1.1514, 10.7635, 0.4128],
      [0, 18.4875, 25.768, 6.691, 13.4441, 16.4799, 8.6266, 7.3603, 6.0986, 4.837, 14.1597, 11.769, 9.9506, 15.9829, 0, 1.7631, 15.2129, 4.798, 7.1426, 12.8923, 11.279, 0, 1.8192, 11.3577, 16.8696, 1.2848, 0.3849, 15.0379, 23.2361, 10.5234, 12.442, 0.1403, 0.1232, 0.6723, 61.3761, 13.2424, 4.228, 40.8137, 3.3736],
      [0, 28.7074, 39.989, 8.6601, 19.264, 16.8389, 5.9964, 3.5128, 6.2198, 4.742, 12.2476, 9.1104, 10.4291, 25.8482, 0, 1.2812, 18.0174, 3.6301, 8.289, 9.262, 17.8827, 0, 3.1044, 23.4768, 22.3741, 0.0927, 1.3181, 29.5905, 30.6499, 18.1594, 20.9457, 0.457, 0.6267, 1.0128, 80.7193, 9.7124, 6.5412, 41.263, 2.8407],
      [0, 14.0462, 14.098, 5.1195, 9.8944, 7.0612, 5.6798, 2.7596, 4.3922, 2.5936, 7.5568, 5.6827, 5.3235, 14.4513, 0, 0.6522, 7.0089, 2.8628, 6.409, 6.0496, 7.1971, 0, 0.6849, 6.4538, 10.8569, 0, 0.2568, 10.3111, 12.0776, 5.932, 8.6535, 0.3253, 0.2015, 0.215, 46.6347, 7.228, 3.0794, 26.1598, 1.3729]
    ]
  ],
  "V_est": [
    [0.3936, 190.1757, 658.5483, 287.8825],
    [1174.1601, 2257.3455, 357.7442, 75.7502],
    [415.5957, 6586.9594, 301.4109, 728.0341],
    [25.8761, 188.0023, 16399.9336, 304.188],
    [4.7371, 577.8486, 244.5506, 940.8637],
    [76.2373, 429.6686, 542.8125, 269.2816]
  ],
  "p_est": [
    [0.0003, 0.1673, 0.5792, 0.2532],
    [0.3038, 0.584, 0.0926, 0.0196],
    [0.0517, 0.8201, 0.0375, 0.0906],
    [0.0015, 0.0111, 0.9694, 0.018],
    [0.0027, 0.3268, 0.1383, 0.5322],
    [0.0578, 0.326, 0.4118, 0.2043]
  ],
  "EI_Z": {},
  "EI_V": 6.2361,
  "MAE_Z": {},
  "MAE_V": 171.6904,
  "MAE_p": 0.0534,
  "runtime": 0.158
}
