{
  "Z_true": {},
  "V_true": [
    [1783, 166, 2603, 161],
    [2879, 530, 12103, 799],
    [444, 10312, 502, 980],
    [221, 902, 586, 1306]
  ],
  "p_true": [
    [0.3783, 0.0352, 0.5523, 0.0342],
    [0.1765, 0.0325, 0.742, 0.049],
    [0.0363, 0.8426, 0.041, 0.0801],
    [0.0733, 0.2992, 0.1944, 0.4332]
  ],
  "Z_est": [
    [
      [118.0734, 32.2018, 95.2638, 44.2775, 5.367, 122.7695, 73.125, 23.4805, 1.643, 2.5198, 18.1135, 181.8062, 105.9977, 67.758, 42.9358, 134.8452, 32.8727, 95.2638, 25.4931, 40.9232, 11.4048, 14.7592, 39.6674, 8.7213, 6.0378, 83.8589, 108.0103, 12.0757, 40.9232, 76.4794, 34.8853, 40.9232, 14.0883, 32.8727, 100.6307, 58.3658, 9.3922, 157.6548, 45.6193, 27.4578, 42.2649, 18.7844, 77.8211, 94.5929, 3.3544, 230.109, 41.594, 344.1571, 119.4151],
      [0.0914, 0.0249, 0.0737, 0.0343, 0.0042, 0.095, 0.0566, 0.0182, 0.3581, 0.0042, 0.014, 0.1407, 0.082, 0.0524, 0.0332, 0.1044, 0.0254, 0.0737, 0.0197, 0.0317, 0.0088, 0.0114, 0.0296, 0.0067, 0.0047, 0.0649, 0.0836, 0.0093, 0.0317, 0.0592, 0.027, 0.0317, 0.0109, 0.0254, 0.0779, 0.0452, 0.0073, 0, 0.0353, 0.7604, 0.0327, 0.0145, 0.0602, 0.0732, 0.0026, 0.1781, 0.0322, 0.2663, 0.0924],
      [48.6563, 13.2699, 39.2568, 18.2461, 2.2117, 50.5915, 30.1338, 9.676, 1.7902, 5.0588, 7.4643, 74.9197, 43.6801, 27.9221, 17.6932, 55.5678, 13.5464, 39.2568, 10.5053, 16.8638, 4.6998, 6.082, 15.758, 3.5939, 2.4881, 34.5571, 44.5095, 4.9762, 16.8638, 31.516, 14.3757, 16.8638, 5.8056, 13.5464, 41.4685, 24.0517, 3.8704, 65.0893, 18.799, 10.7818, 17.4168, 7.7408, 32.069, 38.9804, 1.3823, 94.8246, 17.1403, 141.8222, 49.2093],
      [9.1789, 2.5033, 7.4057, 3.4421, 0.4172, 9.5439, 5.6846, 1.8253, 0.2086, 0.4172, 1.4081, 14.1334, 8.2401, 5.2674, 3.3378, 10.4827, 2.5555, 7.4057, 1.9818, 3.1813, 0.8866, 1.1474, 1.545, 0.678, 0.4694, 6.5191, 8.3966, 0.9387, 3.1813, 5.9454, 2.7119, 3.1813, 1.0952, 2.5555, 7.8229, 4.5373, 0.7301, 12.2559, 3.5464, 0, 3.2856, 1.4603, 6.0497, 7.3535, 0.2608, 17.8884, 3.2335, 26.7543, 9.2832]
    ],
    [
      [88.0881, 28.6612, 73.5124, 33.9128, 6.6748, 73.4157, 42.0256, 1.5706, 0.3534, 0.4711, 4.2833, 123.0697, 74.2323, 36.4266, 16.6936, 32.8042, 34.9092, 59.5344, 18.7278, 18.9849, 24.4429, 2.4395, 49.9646, 9.9997, 9.5398, 49.0837, 50.7998, 0, 34.3536, 51.7768, 17.0788, 41.1213, 13.7809, 22.9179, 44.2944, 17.1956, 3.2371, 44.1137, 6.5387, 12.2497, 21.1448, 22.4671, 25.5239, 43.8984, 0, 60.7575, 20.566, 352.9262, 64.2368],
      [23.9216, 15.3349, 18.2621, 6.7338, 0.5608, 0, 18.2998, 2.6824, 0.0667, 0.0889, 5.919, 0, 3.9563, 11.9297, 0.3955, 0, 7.4924, 15.7939, 0, 13.0344, 0, 2.144, 5.2355, 1.4227, 0.8892, 28.9957, 18.6564, 1.4027, 5.8021, 14.9114, 3.3341, 5.5874, 2.6009, 11.116, 23.3861, 0.816, 4.2395, 0, 0, 4.4451, 0, 0, 6.226, 11.9944, 0, 69.5907, 7.498, 0, 35.6789],
      [487.8989, 223.4547, 400.0304, 198.475, 33.7644, 576.6348, 300.3197, 47.5675, 2.4646, 3.2861, 42.2992, 626.5807, 518.6319, 393.1344, 185.0707, 521.9139, 158.9833, 441.9803, 132.8852, 184.0215, 34.4109, 42.7862, 157.7999, 52.5776, 28.0326, 615.0531, 565.9598, 105.4916, 210.8063, 415.0583, 119.1211, 185.3972, 95.8168, 140.4266, 287.7342, 141.6726, 7.2313, 420.9244, 106.8559, 87.3053, 149.0478, 153.527, 340.6542, 407.0769, 100.7702, 909.6519, 190.9756, 1413.3066, 414.0843],
      [42.0914, 4.5491, 11.1951, 19.8784, 0, 16.9496, 21.3549, 6.1796, 0.1154, 0.1538, 3.4984, 22.3495, 21.1795, 3.5093, 0.8402, 38.2819, 10.6152, 20.6914, 7.387, 7.9592, 3.1462, 4.6304, 0, 0, 1.5384, 18.8675, 33.5839, 19.1057, 10.038, 15.2536, 5.466, 3.8941, 4.8014, 2.5395, 10.5853, 6.3159, 3.2921, 27.9619, 4.6054, 0, 6.8074, 9.0059, 7.5959, 15.0303, 9.2298, 0, 8.9604, 145.7672, 0]
    ],
    [
      [10.6042, 0, 5.0292, 3.7232, 0.951, 9.6491, 6.7251, 0.8967, 0, 0, 0.5653, 8.9457, 2.6511, 3.7037, 1.3255, 6.2768, 2.1442, 0, 5.7178, 0, 1.1306, 0.7797, 4.3194, 3.6918, 9.3918, 7.7582, 11.8907, 1.8648, 7.6458, 8.6159, 2.9836, 2.8655, 4.0804, 2.1247, 3.9181, 2.3197, 0.3509, 4.0351, 1.7934, 0.9357, 5.5326, 1.6764, 5.536, 6.4132, 0.5555, 19.7659, 3.7427, 72.4157, 6.2183],
      [506.332, 392.7495, 240.1354, 177.7747, 37.2303, 457.1953, 321.1113, 42.8148, 8.4728, 9.651, 26.992, 320.7913, 126.583, 176.8439, 63.2915, 291.7968, 102.3833, 653.3988, 116.2397, 310.3231, 27.3769, 37.2303, 89.3527, 73.905, 88.2358, 370.4414, 567.762, 108.8986, 291.9649, 411.3948, 307.1543, 136.8213, 162.9548, 101.4526, 187.0822, 110.7601, 17.1901, 183.42, 85.5825, 45.9004, 107.3291, 76.9378, 264.3351, 306.2192, 51.4378, 943.788, 178.7054, 1323.5022, 302.5428],
      [13.1916, 6.2505, 6.2563, 4.6316, 0.97, 15.533, 8.366, 1.1155, 0.2182, 0.3377, 0.7032, 8.4145, 3.2979, 4.6074, 1.649, 15.7154, 2.6674, 15.2525, 7.651, 7.6769, 0.7275, 0.97, 2.3279, 2.4032, 0, 9.6512, 14.7921, 2.8372, 0, 10.7182, 9.8621, 3.5646, 0, 2.6432, 4.8741, 2.8857, 0, 14.2664, 2.2309, 1.164, 3.1039, 5.1928, 6.8868, 7.978, 1.6732, 30.7725, 4.6559, 35.6222, 7.7355],
      [13.8721, 0, 6.5791, 4.8706, 0.8487, 12.6226, 8.7976, 1.173, 0.309, 2.0113, 0.7395, 8.8486, 3.468, 4.8451, 1.734, 8.2111, 2.805, 27.3487, 3.3915, 0, 0.765, 1.02, 0, 0, 4.3724, 10.1491, 15.5552, 3.3994, 8.3893, 11.2711, 0, 3.7485, 8.9649, 2.7795, 5.1256, 3.0345, 0.459, 5.2786, 2.3932, 0, 12.0343, 2.193, 7.2421, 8.3896, 15.3335, 19.6735, 4.8961, 37.4599, 2.5034]
    ],
    [
      [0.2343, 0.137, 0.1946, 0.0865, 0.0072, 0.1658, 0.1243, 0.0523, 0.0036, 0.009, 0.0378, 0.1784, 0.1189, 0.1117, 0.0451, 0.0739, 0.0739, 0.2018, 0.0613, 0.0919, 0.0216, 0.0216, 0.0487, 0.5872, 0.0306, 0.2991, 0.2991, 0.0595, 0.0775, 0.1279, 0.0523, 0.0901, 0.0505, 0.0847, 0.1568, 0.1189, 0.0198, 0.1964, 0.0487, 2.3569, 0.0577, 0.0721, 0.1189, 0.0955, 0.0901, 0.3676, 0.0973, 0.501, 0.1297],
      [6.655, 3.8906, 5.5288, 2.4572, 0.2048, 4.7097, 3.5323, 1.4846, 0.1024, 0.256, 1.075, 5.0681, 3.3787, 3.1739, 1.2798, 2.0989, 2.0989, 5.7336, 1.7405, 2.6108, 0.6143, 0.6143, 1.3822, 0.6655, 0.8703, 8.4979, 8.4979, 1.6894, 2.2013, 3.6347, 1.4846, 2.5596, 1.4334, 2.406, 4.4537, 3.3787, 0.5631, 5.58, 1.3822, 1.8941, 1.6382, 2.0477, 3.3787, 2.7132, 2.5596, 10.4433, 2.7644, 14.2315, 3.6859],
      [34.2531, 20.0249, 28.4564, 12.6473, 1.0539, 24.2407, 18.1805, 7.6411, 0.527, 1.3174, 5.5332, 26.0851, 17.39, 16.3361, 6.5871, 10.8029, 10.8029, 29.5104, 8.9585, 13.4378, 3.1618, 3.1618, 7.1141, 3.4253, 4.4793, 43.7386, 43.7386, 8.695, 11.3299, 18.7075, 7.6411, 13.1743, 7.3776, 12.3838, 22.9232, 17.39, 2.8983, 28.7199, 7.1141, 9.749, 8.4315, 10.5394, 17.39, 13.9647, 13.1743, 53.751, 14.2282, 73.249, 18.971],
      [88.8576, 51.9475, 73.8202, 32.809, 2.7341, 62.8838, 47.1629, 19.8221, 1.367, 3.4176, 14.3539, 67.6685, 45.1123, 42.3782, 17.088, 28.0243, 28.0243, 76.5542, 23.2397, 34.8595, 8.2022, 8.2022, 18.455, 8.322, 11.6198, 113.4643, 113.4643, 22.5562, 29.3914, 48.5299, 19.8221, 34.176, 19.1386, 32.1254, 59.4662, 45.1123, 7.5187, 74.5037, 18.455, 23, 21.8726, 27.3408, 45.1123, 36.2266, 34.176, 139.4381, 36.9101, 190.0186, 49.2134]
    ]
  ],
  "V_est": [
    [3160.6518, 3.4211, 1306.593, 242.3341],
    [1884.8006, 410.4449, 13378.9535, 636.801],
    [273.2605, 11341.7888, 314.0446, 308.9061],
    [8.2872, 154.3452, 794.4089, 2057.9588]
  ],
  "p_est": [
    [0.6706, 0.0007, 0.2772, 0.0514],
    [0.1156, 0.0252, 0.8202, 0.039],
    [0.0223, 0.9268, 0.0257, 0.0252],
    [0.0027, 0.0512, 0.2635, 0.6826]
  ],
  "EI_Z": {},
  "EI_V": 13.025,
  "MAE_Z": {},
  "MAE_V": 590.637,
  "MAE_p": 0.0988,
  "runtime": 1.0633
}
