{
  "Z_true": {},
  "V_true": [
    [1783, 166, 2603, 161],
    [2879, 530, 12103, 799],
    [444, 10312, 502, 980],
    [221, 902, 586, 1306]
  ],
  "p_true": [
    [0.3783, 0.0352, 0.5523, 0.0342],
    [0.1765, 0.0325, 0.742, 0.049],
    [0.0363, 0.8426, 0.041, 0.0801],
    [0.0733, 0.2992, 0.1944, 0.4332]
  ],
  "Z_est": [
    [
      [118.0388, 32.1924, 95.2358, 44.2645, 5.3654, 122.7335, 73.1036, 23.4736, 1.6447, 2.522, 18.1082, 181.7529, 105.9666, 67.7382, 42.9232, 134.8056, 32.8631, 95.2358, 25.4856, 40.9112, 11.4015, 14.7548, 39.6782, 9.2885, 6.0361, 83.8344, 107.9787, 12.0721, 40.9112, 76.4569, 34.8751, 40.9112, 14.0842, 32.8631, 100.6012, 58.3487, 9.3894, 157.6086, 45.6059, 27.4709, 42.2525, 18.7789, 77.7983, 94.5652, 3.3534, 230.0415, 41.5818, 344.0562, 119.3801],
      [0.1091, 0.0298, 0.088, 0.0409, 0.005, 0.1134, 0.0676, 0.0217, 0.3447, 0.005, 0.0167, 0.168, 0.0979, 0.0626, 0.0397, 0.1246, 0.0304, 0.088, 0.0236, 0.0378, 0.0105, 0.0136, 0.0353, 0.0081, 0.0056, 0.0775, 0.0998, 0.0112, 0.0378, 0.0707, 0.0322, 0.0378, 0.013, 0.0304, 0.093, 0.0539, 0.0087, 0, 0.0421, 0.7561, 0.039, 0.0174, 0.0719, 0.0874, 0.0031, 0.2126, 0.0384, 0.318, 0.1103],
      [48.6167, 13.2591, 39.2248, 18.2313, 2.2099, 50.5503, 30.1092, 9.6681, 1.8007, 5.0532, 7.4582, 74.8587, 43.6445, 27.8994, 17.6788, 55.5225, 13.5353, 39.2248, 10.4968, 16.8501, 4.6959, 6.0771, 15.7452, 3.591, 2.4861, 34.5289, 44.4732, 4.9722, 16.8501, 31.4904, 14.364, 16.8501, 5.8009, 13.5353, 41.4347, 24.0321, 3.8672, 65.06, 18.7837, 10.773, 17.4026, 7.7345, 32.0428, 38.9486, 1.3812, 94.7473, 17.1263, 141.7067, 49.1692],
      [9.2354, 2.5188, 7.4513, 3.4633, 0.4198, 9.6027, 5.7197, 1.8366, 0.2099, 0.4198, 1.4168, 14.2205, 8.2909, 5.2999, 3.3583, 10.5473, 2.5712, 7.4513, 1.994, 3.2009, 0.8921, 1.1544, 1.5413, 0.1125, 0.4723, 6.5592, 8.4483, 0.9445, 3.2009, 5.982, 2.7286, 3.2009, 1.102, 2.5712, 7.8711, 4.5652, 0.7346, 12.3314, 3.5682, 0, 3.3059, 1.4693, 6.087, 7.3988, 0.2624, 17.9986, 3.2534, 26.9192, 9.3404]
    ],
    [
      [87.6863, 28.6708, 73.3335, 33.7726, 6.6135, 73.0545, 41.7702, 1.5406, 0.3517, 0.469, 4.2654, 122.7998, 74.1544, 36.294, 16.6517, 32.5853, 34.8306, 59.5626, 18.6412, 18.997, 24.4194, 2.4117, 49.8105, 9.9241, 9.566, 48.7891, 50.3421, 0, 34.5244, 51.4445, 16.9998, 41.0154, 13.7171, 22.8401, 44.1627, 17.1173, 3.2254, 43.994, 6.4783, 12.193, 21.0407, 21.6894, 25.3189, 43.6621, 0, 60.0114, 20.4242, 351.703, 64.0159],
      [23.8728, 15.0106, 18.2393, 6.7166, 0.5569, 0, 18.2673, 2.6787, 0.0665, 0.0886, 5.9165, 0, 3.9371, 11.9109, 0.3863, 0, 7.4831, 15.4342, 0, 12.5664, 0, 2.1398, 5.2248, 1.4182, 0.8864, 28.97, 18.6081, 1.3949, 5.7835, 14.87, 3.2523, 5.5748, 2.5926, 11.1076, 23.3648, 0.8055, 4.2664, 0, 0, 4.417, 0, 0, 6.1978, 11.958, 0, 69.493, 7.4819, 0, 35.355],
      [488.7993, 223.7953, 400.4706, 198.792, 33.8295, 577.4089, 300.8901, 47.6481, 2.4683, 3.2911, 42.3512, 627.1908, 518.8827, 393.4578, 185.1927, 522.4252, 159.1684, 442.6539, 133.0805, 184.504, 34.4622, 42.8544, 157.9647, 52.6577, 28.0347, 615.711, 566.9612, 105.1746, 210.82, 415.7833, 119.3026, 185.6436, 95.8215, 140.6101, 288.086, 141.8804, 7.2344, 421.2774, 107.0168, 87.39, 149.2645, 154.3785, 341.1297, 407.6292, 90.5055, 910.4956, 191.2934, 1415.7464, 414.6291],
      [41.6416, 4.5233, 10.9566, 19.7188, 0, 16.5366, 21.0723, 6.1326, 0.1135, 0.1513, 3.4669, 22.0095, 21.0259, 3.3372, 0.7693, 37.9895, 10.5179, 20.3493, 7.2783, 7.9326, 3.1183, 4.5941, 0, 0, 1.513, 18.5299, 33.0885, 19.4305, 9.8721, 14.9022, 5.4453, 3.7663, 4.8687, 2.4421, 10.3865, 6.1967, 3.2737, 27.7286, 4.5049, 0, 6.6948, 8.9321, 7.3536, 14.7507, 19.4945, 0, 8.8006, 144.5506, 0]
    ],
    [
      [11.0409, 0, 5.2363, 3.8765, 1.0139, 10.0464, 7.0021, 0.9336, 0, 0, 0.5886, 9.2691, 2.7602, 3.8562, 1.3801, 6.5352, 2.2325, 0, 5.812, 0, 1.1575, 0.8118, 4.4627, 3.764, 9.3673, 8.0777, 12.3804, 1.8685, 7.487, 8.9707, 3.0729, 2.9835, 4.1483, 2.2122, 4.0795, 2.4152, 0.3653, 4.2012, 1.8672, 0.9742, 5.6492, 2.4597, 5.764, 6.6773, 0.5566, 20.5799, 3.8968, 73.7404, 6.4744],
      [506.3807, 393.0793, 240.1585, 177.7917, 37.2339, 457.1893, 321.1422, 42.819, 8.4867, 9.6511, 26.9946, 320.7773, 126.5952, 176.8609, 63.2976, 291.7821, 102.3932, 653.7594, 116.2405, 310.7919, 27.3768, 37.2339, 89.3613, 73.91, 88.2401, 370.477, 567.8166, 108.9091, 291.9832, 411.4343, 307.2348, 136.8345, 162.9648, 101.4623, 187.1002, 110.7708, 17.1633, 183.4347, 85.5793, 45.9378, 107.3271, 76.9403, 264.3605, 306.2486, 51.444, 943.8787, 178.7226, 1323.4881, 302.8585],
      [12.3309, 5.9207, 5.8481, 4.3294, 0.9067, 14.8001, 7.8201, 1.0427, 0.204, 0.3383, 0.6573, 7.8655, 3.0827, 4.3067, 1.5414, 15.2494, 2.4934, 14.6108, 7.4642, 7.2081, 0.68, 0.9067, 2.176, 2.326, 0, 9.0215, 13.8269, 3.1582, 0, 10.0189, 9.6922, 3.3321, 0, 2.4707, 4.5561, 2.6974, 0, 13.9426, 2.0854, 1.088, 2.9014, 4.3476, 6.4375, 7.4575, 11.9391, 30.006, 4.3521, 33.298, 7.2308],
      [14.2475, 0, 6.7571, 5.0023, 0.8456, 12.9642, 9.0356, 1.2048, 0.3093, 2.0106, 0.7595, 9.088, 3.5619, 4.9762, 1.7809, 8.4333, 2.8809, 27.6298, 3.4833, 0, 0.7857, 1.0476, 0, 0, 4.3926, 10.4237, 15.9761, 3.0643, 8.5298, 11.5761, 0, 3.85, 8.8869, 2.8547, 5.2642, 3.1166, 0.4714, 5.4214, 2.4681, 0, 12.1223, 2.2524, 7.438, 8.6166, 5.0602, 19.5353, 5.0285, 38.4735, 2.4363]
    ],
    [
      [0.234, 0.1368, 0.1944, 0.0864, 0.0072, 0.1656, 0.1242, 0.0522, 0.0036, 0.009, 0.0378, 0.1782, 0.1188, 0.1116, 0.045, 0.0738, 0.0738, 0.2016, 0.0612, 0.0918, 0.0216, 0.0216, 0.0486, 0.0234, 0.0306, 0.2988, 0.2988, 0.0594, 0.0774, 0.1278, 0.0522, 0.09, 0.0504, 0.0846, 0.1566, 0.1188, 0.0198, 0.1962, 0.0486, 2.3619, 0.0576, 0.072, 0.1188, 0.0954, 0.09, 0.3672, 0.0972, 0.5003, 0.1296],
      [6.6375, 3.8804, 5.5142, 2.4508, 0.2042, 4.6973, 3.523, 1.4807, 0.1021, 0.2553, 1.0722, 5.0547, 3.3698, 3.1656, 1.2764, 2.0934, 2.0934, 5.7184, 1.736, 2.6039, 0.6127, 0.6127, 1.3786, 0.6637, 0.868, 8.4755, 8.4755, 1.6849, 2.1955, 3.6251, 1.4807, 2.5529, 1.4296, 2.3997, 4.442, 3.3698, 0.5616, 5.5653, 1.3786, 1.8891, 1.6338, 2.0423, 3.3698, 2.706, 2.5529, 10.4157, 2.7571, 14.194, 3.6761],
      [34.2531, 20.0249, 28.4564, 12.6473, 1.0539, 24.2407, 18.1805, 7.6411, 0.527, 1.3174, 5.5332, 26.0851, 17.39, 16.3361, 6.5871, 10.8029, 10.8029, 29.5104, 8.9585, 13.4378, 3.1618, 3.1618, 7.1141, 3.4253, 4.4793, 43.7386, 43.7386, 8.695, 11.3299, 18.7075, 7.6411, 13.1743, 7.3776, 12.3838, 22.9232, 17.39, 2.8983, 28.7199, 7.1141, 9.749, 8.4315, 10.5394, 17.39, 13.9647, 13.1743, 53.751, 14.2282, 73.249, 18.971],
      [88.8754, 51.958, 73.835, 32.8155, 2.7346, 62.8965, 47.1724, 19.8261, 1.3673, 3.4183, 14.3568, 67.6821, 45.1214, 42.3868, 17.0914, 28.0299, 28.0299, 76.5696, 23.2443, 34.8665, 8.2039, 8.2039, 18.4587, 8.8875, 11.6222, 113.4871, 113.4871, 22.5607, 29.3973, 48.5397, 19.8261, 34.1829, 19.1424, 32.1319, 59.4782, 45.1214, 7.5202, 74.5186, 18.4587, 23, 21.877, 27.3463, 45.1214, 36.2338, 34.1829, 139.4661, 36.9175, 190.0567, 49.2233]
    ]
  ],
  "V_est": [
    [3160.3434, 3.8496, 1305.563, 243.244],
    [1876.8854, 408.2944, 13386.0589, 639.7613],
    [282.0495, 11343.9179, 307.9692, 304.0634],
    [7.7217, 153.9381, 794.4089, 2058.9313]
  ],
  "p_est": [
    [0.6706, 0.0008, 0.277, 0.0516],
    [0.1151, 0.025, 0.8207, 0.0392],
    [0.023, 0.9269, 0.0252, 0.0248],
    [0.0026, 0.0511, 0.2635, 0.6829]
  ],
  "EI_Z": {},
  "EI_V": 13.0548,
  "MAE_Z": {},
  "MAE_V": 591.988,
  "MAE_p": 0.0989,
  "runtime": 0.5362
}
