{
  "Z_true": {},
  "V_true": [
    [91, 169, 1097, 678, 670, 27],
    [198, 263, 655, 878, 4463, 197],
    [20, 600, 66, 170, 128, 22],
    [35, 70, 95, 1856, 226, 50],
    [143, 121, 456, 1238, 350, 286],
    [54, 113, 129, 363, 761, 111],
    [162, 24, 48, 128, 188, 147]
  ],
  "p_true": [
    [0.0333, 0.0619, 0.4015, 0.2482, 0.2452, 0.0099],
    [0.0298, 0.0395, 0.0984, 0.132, 0.6707, 0.0296],
    [0.0199, 0.5964, 0.0656, 0.169, 0.1272, 0.0219],
    [0.015, 0.03, 0.0407, 0.7959, 0.0969, 0.0214],
    [0.0551, 0.0466, 0.1758, 0.4773, 0.1349, 0.1103],
    [0.0353, 0.0738, 0.0843, 0.2371, 0.4971, 0.0725],
    [0.2324, 0.0344, 0.0689, 0.1836, 0.2697, 0.2109]
  ],
  "Z_est": {},
  "V_est": [
    [102.4951, 39.8778, 1401.8012, 632.5187, 555.3072, 0],
    [293.708, 308.8146, 559.3193, 849.402, 4635.5721, 7.184],
    [0, 764.5121, 0, 206.81, 34.6779, 0],
    [0, 81.8221, 0.7706, 2249.4074, 0, 0],
    [109.6982, 74.8635, 432.3333, 1092.5719, 452.6665, 431.8666],
    [7.6903, 60.4296, 117.5947, 212.1363, 920.3743, 212.7749],
    [189.4085, 29.6803, 34.1809, 68.1537, 187.402, 188.1745]
  ],
  "p_est": [
    [0.0375, 0.0146, 0.5131, 0.2315, 0.2033, 0],
    [0.0441, 0.0464, 0.0841, 0.1277, 0.6967, 0.0011],
    [0, 0.76, 0, 0.2056, 0.0345, 0],
    [0, 0.0351, 0.0003, 0.9646, 0, 0],
    [0.0423, 0.0289, 0.1667, 0.4212, 0.1745, 0.1665],
    [0.005, 0.0395, 0.0768, 0.1386, 0.6012, 0.139],
    [0.2717, 0.0426, 0.049, 0.0978, 0.2689, 0.27]
  ],
  "EI_Z": {},
  "EI_V": 10.3778,
  "MAE_Z": {},
  "MAE_V": 86.709,
  "MAE_p": 0.0433,
  "runtime": 1.5638
}
