{
  "Z_true": {},
  "V_true": [
    [32, 133, 1003, 125],
    [309, 372, 12586, 598],
    [334, 12281, 547, 406],
    [1049, 760, 577, 118],
    [123, 1025, 683, 768]
  ],
  "p_true": [
    [0.0247, 0.1029, 0.7757, 0.0967],
    [0.0223, 0.0268, 0.9078, 0.0431],
    [0.0246, 0.9051, 0.0403, 0.0299],
    [0.4189, 0.3035, 0.2304, 0.0471],
    [0.0473, 0.3944, 0.2628, 0.2955]
  ],
  "Z_est": [
    [
      [0.1539, 0, 3.6161, 5.001, 2.6159, 3.77, 4.9241, 2.0773, 1.6157, 3.0775, 3.6161, 3.2314, 0.7694, 0.6376, 6.4628, 0.7694, 2.8467, 1.9235, 4.0777, 4.0777, 1.0002, 2.2312, 1.6926, 0, 3.0775, 0.8463, 0, 1.231, 2.3851, 1.308, 2.2312, 1.231, 0.3847, 0.9233, 3.3853, 0.2308, 6.5398, 1.0771, 10.3867, 2.2312],
      [0.0152, 0.0532, 0.357, 0.4937, 0.2582, 0.3722, 0.4861, 0.2051, 0.1595, 0.3038, 0.357, 0.319, 0.076, 1.1876, 0.638, 0.076, 0.281, 0.1899, 0.4025, 0.4025, 0.0987, 0.2203, 0.1671, 1.3859, 0.3038, 0.0835, 0.0845, 0.1215, 0.2354, 0.1291, 0.2203, 0.1215, 0.038, 0.0911, 0.3342, 0.0228, 0.6456, 0.1063, 1.0253, 0.2203],
      [1.2063, 4.7607, 28.3483, 39.2051, 20.5073, 29.5546, 38.6019, 16.2852, 12.6663, 24.1262, 28.3483, 25.3325, 6.0316, 5.4284, 50.665, 6.0316, 22.3167, 15.0789, 31.9672, 31.9672, 7.841, 17.4915, 13.2694, 9.0473, 24.1262, 6.6347, 0.6032, 9.6505, 18.6978, 10.2536, 17.4915, 9.6505, 3.0158, 7.2379, 26.5388, 1.8095, 51.2682, 8.4442, 81.426, 17.5446],
      [0.6246, 2.1862, 14.6786, 20.3002, 10.6186, 15.3033, 19.9879, 8.4324, 6.5585, 12.4925, 14.6786, 13.1171, 3.1231, 1.7464, 26.2341, 3.1231, 11.5555, 7.8078, 16.5525, 16.5525, 4.06, 9.057, 6.8708, 4.5668, 12.4925, 3.4354, 0.3123, 4.997, 9.6816, 5.3093, 9.057, 4.997, 1.5616, 3.7477, 13.7417, 0.9369, 26.5465, 4.3724, 42.162, 9.004]
    ],
    [
      [0, 0, 8.6504, 0, 6.5947, 0, 15.243, 17.0176, 1.3499, 0, 0, 2.7317, 0, 0, 0, 2.6717, 13.2739, 0, 0.8587, 1.7132, 3.6009, 0, 0, 0, 7.3673, 2.0367, 0, 1.3383, 5.4358, 4.3228, 5.3393, 0, 69.6573, 2.5499, 1.5525, 3.7963, 11.7059, 8.1365, 17.4929, 0.1316],
      [0, 0.2275, 0, 34.6221, 10.008, 27.8394, 0, 0, 4.1559, 0, 19.289, 4.1456, 0, 1.3451, 13.4417, 3.7391, 0, 8.7462, 0, 8.2285, 0, 0, 20.0045, 1.1516, 11.1805, 6.6434, 1.1673, 2.0309, 23.206, 6.9302, 20.4587, 4.7585, 2.7637, 1.9447, 5.9043, 0, 31.8153, 0, 0, 2.1775],
      [22.5697, 33.2476, 567.0173, 726.3274, 432.2716, 473.8709, 656.7646, 344.3139, 217.3832, 216.7163, 607.5572, 179.0581, 103.0941, 23.6549, 589.4397, 61.4947, 300.5869, 329.0139, 545.8129, 411.9705, 241.4958, 665.8928, 551.9408, 53.8484, 482.9143, 266.7785, 8.5, 87.7204, 339.47, 299.5784, 349.9772, 123.8937, 52.644, 77.2043, 253.9751, 111.3199, 618.6367, 103.8375, 895.129, 101.6909],
      [2.4303, 1.525, 51.3323, 32.0505, 29.1257, 22.2897, 50.9924, 26.6685, 29.111, 14.2837, 24.1538, 12.0646, 10.9059, 0, 39.1186, 0.0945, 34.1393, 12.2398, 36.3285, 13.0878, 15.9033, 44.1072, 42.0547, 0, 32.5379, 19.5414, 2.3327, 5.9104, 25.8881, 20.1686, 11.2248, 8.3477, 6.935, 5.3011, 20.568, 4.8839, 39.8421, 4.026, 92.3781, 0]
    ],
    [
      [0, 0, 9.0863, 0, 2.2158, 0, 31.2667, 7.6442, 2.4554, 0.5397, 0, 6.8989, 0, 0, 0, 1.9491, 3.316, 2.1202, 4.1261, 4.4045, 3.5716, 1.2492, 0, 0, 8.4187, 0, 0, 2.6881, 3.8821, 0, 5.2893, 0, 53.4558, 3.0502, 0, 4.7474, 13.2135, 4.4941, 11.9605, 0],
      [20.6976, 15.3263, 328.4409, 878.3722, 517.8371, 464.0572, 440.4196, 201.9942, 185.8309, 187.4373, 621.1506, 223.5413, 57.1012, 30.6525, 662.4206, 148.9771, 242.8185, 233.7255, 311.3199, 333.3462, 93.6404, 440.0582, 349.3972, 184.9202, 579.3014, 336.2198, 9.7055, 282.9024, 531.6295, 363.7549, 530.4469, 349.0217, 89.5442, 234.7421, 305.1665, 75.8081, 1030.7865, 78.973, 887.6357, 106.6653],
      [0.437, 0.4822, 15.9692, 15.6278, 14.2168, 10.1965, 8.4957, 3.7758, 3.3913, 5.6766, 11.1877, 3.15, 2.8249, 1.3475, 21.4934, 3.0738, 4.58, 5.2334, 6.6514, 6.0833, 8.5233, 14.1738, 6.2931, 4.0798, 15.9994, 3.0409, 0.1748, 4.3879, 0, 8.9216, 8.2638, 0.4506, 0, 0, 0, 1.4509, 0, 1.5033, 16.5193, 8.3347],
      [3.8654, 0.1915, 12.5035, 0, 3.7303, 5.7463, 5.8181, 2.5858, 2.3224, 2.3464, 7.6617, 2.4098, 1.0739, 0, 5.086, 0, 11.2855, 2.921, 3.9027, 4.166, 5.2648, 5.5188, 4.3097, 0, 2.2805, 11.7392, 0.1197, 0.0216, 6.4885, 7.3235, 0, 1.5277, 0, 3.2077, 7.8335, 0.9936, 0, 1.0295, 28.8845, 0]
    ],
    [
      [0.4682, 1.873, 42.1418, 68.999, 55.7208, 41.9273, 74.9188, 33.7135, 20.6027, 17.7932, 47.8601, 17.7932, 3.2777, 1.873, 31.8405, 8.8966, 27.1581, 24.8168, 39.8006, 36.5229, 11.2378, 52.4432, 39.6178, 3.2658, 42.6101, 17.7932, 0, 12.6425, 35.5864, 39.3324, 32.777, 24.8321, 35.5864, 13.1108, 23.4121, 15.9202, 66.0222, 13.579, 64.1492, 6.0872],
      [0.0713, 0.2851, 6.4156, 12.4695, 8.4828, 9.3277, 11.4055, 5.1325, 3.1365, 2.7088, 22.8179, 2.7088, 0.499, 0.2851, 4.8473, 1.3544, 4.1345, 3.7781, 6.0592, 5.5602, 1.7108, 7.9838, 7.8606, 3.7481, 6.4869, 2.7088, 0.5395, 1.9247, 5.4176, 5.9879, 4.9899, 5.9209, 5.4176, 1.996, 3.5642, 2.4237, 10.0511, 2.0672, 9.766, 0.9267],
      [0.3815, 1.526, 34.3351, 57.6067, 45.3986, 36.2426, 61.0402, 27.4681, 16.7861, 14.497, 49.9767, 14.497, 2.6705, 1.526, 25.9421, 7.2485, 22.1271, 20.2196, 32.4276, 29.7571, 9.156, 42.7281, 33.5721, 4.9595, 34.7166, 14.497, 0.3815, 10.3005, 28.9941, 32.0461, 26.7051, 21.7456, 28.9941, 10.682, 19.0751, 12.971, 53.7917, 11.0635, 52.2657, 4.9595],
      [0.079, 0.3159, 7.1075, 11.9248, 9.3977, 7.5023, 12.6355, 5.686, 3.4748, 3.0009, 10.3453, 3.0009, 0.5528, 0.3159, 5.3701, 1.5005, 4.5804, 4.1855, 6.7126, 6.1598, 1.8953, 8.8449, 6.9495, 1.0266, 7.1865, 3.0009, 0.079, 2.1322, 6.0019, 6.6337, 5.528, 4.5014, 6.0019, 2.2112, 3.9486, 2.685, 11.1351, 2.2902, 10.8192, 1.0266]
    ],
    [
      [0.3779, 0.127, 7.5054, 0, 6.8527, 5.3027, 8.6475, 5.5474, 4.9764, 3.5895, 10.5238, 3.3448, 0.9529, 0.4895, 6.6967, 1.7132, 4.4053, 5.1395, 9.1369, 6.2817, 3.5895, 8.0764, 6.6896, 0.7342, 6.5264, 4.3237, 0, 3.1, 5.7106, 6.0369, 6.3632, 2.9369, 3.9158, 2.3658, 4.6501, 1.3053, 18.5186, 1.7132, 15.0107, 1.55],
      [4.2159, 2.108, 38.7865, 86.0425, 35.4138, 27.4035, 44.6888, 28.6683, 25.7172, 18.5501, 54.3855, 17.2853, 6.3239, 2.5296, 48.6523, 8.8534, 22.766, 26.5603, 47.2184, 32.4626, 18.5501, 41.7377, 34.5706, 3.7943, 33.7274, 22.3444, 0.5032, 16.0205, 29.5115, 31.1979, 32.8842, 15.1773, 20.2365, 12.2262, 24.0308, 6.7455, 95.7015, 8.8534, 77.5731, 8.0103],
      [3.4054, 1.9836, 31.33, 58.233, 28.6057, 22.1354, 36.0976, 23.157, 20.7732, 14.9839, 43.9302, 13.9623, 5.3789, 2.0433, 37.4598, 7.1514, 18.3894, 21.4543, 38.1409, 26.2219, 14.9839, 33.7138, 27.9246, 3.0649, 27.2435, 18.0488, 0.3405, 12.9407, 23.8381, 25.2002, 26.5624, 12.2596, 16.3461, 9.8758, 19.411, 5.4487, 77.3035, 7.1514, 62.6601, 6.4703],
      [2.0008, 0.7814, 14.3781, 26.7245, 13.1278, 10.1584, 16.5661, 10.6273, 9.5333, 6.8765, 20.1606, 6.4076, 2.3443, 0.9377, 17.1912, 3.282, 8.4393, 9.8459, 17.5038, 12.0338, 6.8765, 15.4721, 12.8152, 1.4066, 12.5027, 8.283, 0.1563, 5.9388, 10.9398, 11.565, 12.1901, 5.6262, 7.5016, 4.5322, 8.9082, 2.5005, 35.4764, 3.282, 28.7562, 2.9694]
    ]
  ],
  "V_est": [
    [97.6568, 12.2885, 780.4715, 402.5832],
    [214.5689, 277.9254, 12528.6128, 843.8929],
    [192.0433, 12965.786, 246.0116, 164.1591],
    [1148.0032, 202.9718, 955.279, 197.746],
    [194.7278, 1112.0283, 885.6251, 406.6188]
  ],
  "p_est": [
    [0.0755, 0.0095, 0.6036, 0.3114],
    [0.0155, 0.02, 0.9036, 0.0609],
    [0.0142, 0.9556, 0.0181, 0.0121],
    [0.4585, 0.0811, 0.3815, 0.079],
    [0.0749, 0.4279, 0.3408, 0.1565]
  ],
  "EI_Z": {},
  "EI_V": 6.4806,
  "MAE_Z": {},
  "MAE_V": 219.2328,
  "MAE_p": 0.0695,
  "runtime": 1.4007
}
