{
  "Z_true": {},
  "V_true": [
    [658, 60, 902, 469, 64],
    [1046, 169, 7889, 5016, 431],
    [110, 6749, 105, 8402, 580],
    [8, 20, 12, 2006, 5],
    [55, 331, 234, 951, 668]
  ],
  "p_true": [
    [0.3056, 0.0279, 0.419, 0.2178, 0.0297],
    [0.0719, 0.0116, 0.5422, 0.3447, 0.0296],
    [0.0069, 0.4232, 0.0066, 0.5269, 0.0364],
    [0.0039, 0.0098, 0.0059, 0.9781, 0.0024],
    [0.0246, 0.1478, 0.1045, 0.4247, 0.2983]
  ],
  "Z_est": [
    [
      [6.65, 35.3419, 30.161, 36.7182, 30.6259, 12.8635, 1.333, 8.3038, 1.6901, 3.7942, 42.8266, 10.6906, 53.9343, 40.5942, 24.3897, 1.6257, 38.5417, 20.8366, 73.9937, 17.2635, 34.8184, 2.0785, 7.7328, 30.926, 22.2159, 30.4457, 10.6417, 21.1351, 190.0331, 36.2224, 6.2916, 14.5696, 4.0683, 3.249, 3.1046, 6.2001, 12.4574, 8.5423, 11.8036, 16.4704, 19.8108, 31.1762, 1.7147, 79.8075, 1.9117, 134.0885, 46.1362],
      [0.4071, 2.4331, 2.1062, 2.2155, 4.5663, 0.8566, 0.2152, 2.0658, 0.1966, 0.4691, 2.1735, 1.2705, 4.577, 7.5453, 3.5886, 0.0753, 4.5528, 3.2966, 8.028, 2.5669, 1.8943, 0.1256, 1.846, 3.6379, 2.3883, 3.0101, 1.6566, 1.7346, 14.8155, 2.5228, 1.0859, 2.9184, 0.2304, 0.4475, 0.1409, 0.5426, 2.1424, 0.6144, 0.8419, 1.488, 2.9832, 3.5937, 0.4795, 14.2955, 0.3421, 7.4165, 4.7807],
      [2.4541, 11.7173, 13.0958, 8.3016, 16.6226, 6.1116, 2.2311, 6.3169, 1.9308, 2.0802, 13.4071, 6.3847, 23.8038, 30.0697, 16.7597, 0.2208, 18.9285, 14.8206, 34.2537, 8.6923, 12.7055, 0.6717, 10.0331, 18.1498, 12.4853, 15.4621, 7.5219, 10.148, 83.9548, 13.022, 2.631, 10.9845, 2.3902, 3.8515, 0.6674, 1.7173, 5.7939, 2.2542, 7.1711, 6.6081, 10.8819, 16.6168, 1.5445, 58.6567, 4.3092, 37.7897, 16.4516],
      [0.4041, 2.0885, 2.1005, 2.2199, 4.3284, 1.0217, 0.1664, 1.0468, 0.1029, 0.4875, 1.9956, 1.4099, 3.9005, 5.469, 3.5617, 0.0477, 3.1495, 2.5714, 6.3221, 1.9395, 1.223, 0.0793, 1.1166, 2.5451, 2.457, 2.4892, 1.8632, 1.761, 9.8137, 1.7621, 0.838, 2.9802, 0.2416, 0.4234, 0.0627, 0.4633, 2.2487, 0.5467, 0.8946, 1.1526, 2.8218, 2.8301, 0.1892, 10.7748, 0.2775, 4.957, 2.8794],
      [0.0847, 0.4192, 0.5365, 0.5448, 0.8568, 0.1465, 0.0543, 0.2667, 0.0797, 0.169, 0.5972, 0.2443, 0.7844, 1.3219, 0.7003, 0.0305, 0.8276, 0.4749, 1.4024, 0.5378, 0.3588, 0.045, 0.2715, 0.7412, 0.4535, 0.5929, 0.3166, 0.2213, 3.3829, 0.4707, 0.1537, 0.5473, 0.0696, 0.0286, 0.0244, 0.0767, 0.3576, 0.0424, 0.2888, 0.281, 0.5024, 0.7832, 0.072, 2.4654, 0.1596, 1.7483, 0.7521]
    ],
    [
      [1.9308, 12.5182, 3.9613, 5.8343, 18.9072, 2.6819, 0.6304, 3.2744, 0.2081, 0.9565, 33.9521, 3.8414, 30.9772, 15.2842, 9.7103, 0.3304, 10.7095, 4.3162, 22.4239, 5.4761, 12.6655, 3.3911, 1.2228, 18.6196, 17.9914, 21.8271, 6.9723, 7.9651, 45.0824, 17.3268, 1.3, 6.2719, 0.6412, 0.662, 2.5892, 5.0201, 2.7675, 3.9077, 9.1349, 12.4849, 6.7444, 11.8416, 2.0571, 21.9771, 0.0822, 73.7258, 18.4867],
      [0.7402, 5.1597, 1.5621, 2.1086, 16.9144, 0.97, 1.2827, 4.7024, 0.1611, 0.7822, 10.1202, 2.7429, 15.3102, 17.5966, 8.8073, 0.2175, 7.3334, 4.1247, 14.1327, 4.8402, 4.3292, 1.6064, 2.5245, 12.8255, 11.1387, 12.5157, 7.2369, 3.8731, 20.9909, 7.2765, 1.4325, 9.9947, 0.2117, 0.7354, 0.8983, 2.845, 3.0059, 1.9858, 3.1127, 6.663, 6.1762, 8.0143, 3.3762, 23.9643, 0.6533, 26.1012, 10.8683],
      [23.1731, 124.5018, 51.5385, 39.4008, 303.2894, 38.4302, 55.7909, 77.0301, 7.1979, 17.4072, 325.911, 70.377, 399.199, 356.671, 207.1634, 3.2421, 154.6327, 92.6196, 302.8704, 82.2167, 139.7808, 37.081, 64.0693, 319.1085, 299.2886, 323.1404, 165.6081, 112.0096, 578.6039, 187.5775, 17.1068, 177.5353, 12.6, 24.3375, 22.1502, 42.5913, 38.2794, 32.5, 160.3142, 148.606, 110.5352, 185.6495, 61.1744, 496.692, 25.4593, 642.4592, 194.8871],
      [17.2091, 98.9192, 36.9437, 46.5969, 352.36, 28.642, 18.4051, 56.9554, 1.8052, 18.3801, 215.6508, 69.3524, 291.5381, 288.9489, 196.0057, 3.3632, 114.7686, 71.6822, 249.2272, 81.9809, 60.6802, 19.3468, 31.8589, 199.456, 262.0956, 232.0199, 181.8955, 86.479, 304.2864, 113.2082, 24.6763, 214.0816, 5.7108, 11.9557, 9.3915, 51.7906, 67.0485, 35.1711, 89.5108, 115.6514, 128.0018, 141.0499, 33.1889, 406.2498, 7.3622, 374.287, 151.9302],
      [1.9467, 10.9011, 4.9943, 6.0594, 38.5291, 2.2759, 3.891, 8.0377, 0.6277, 3.474, 35.3659, 6.6863, 31.9756, 38.4993, 21.3133, 0.8468, 16.5557, 7.2573, 30.3458, 12.4861, 9.5444, 5.5747, 4.3245, 31.9904, 26.4858, 30.4969, 17.2872, 5.6732, 57.0364, 16.6111, 2.4843, 22.1164, 0.8364, 0.3095, 1.9707, 4.753, 5.8987, 1.4354, 15.9274, 15.5947, 12.5425, 21.4447, 7.2034, 51.1167, 2.443, 72.4269, 21.8277]
    ],
    [
      [0.3418, 1.701, 0.7304, 1.2447, 2.8995, 0.4013, 0.0115, 0.3211, 0.0855, 0.1898, 3.06, 0.3433, 3.1261, 0.6835, 0.6725, 0.0247, 2.3413, 0.7237, 4.7714, 1.0971, 1.9633, 0.4347, 0, 2.729, 1.2437, 2.1174, 0.1759, 0.7335, 6.7235, 1.9679, 0.3719, 0, 0.2596, 0.0634, 0.2338, 0.5829, 0.6757, 0.4416, 0.8568, 1.4498, 1.1985, 1.5211, 0.1117, 1.3676, 0, 5.9453, 1.9358],
      [19.2197, 121.7298, 49.0297, 62.2375, 490.1269, 22.7374, 12.8276, 152.9397, 5.4269, 24.7883, 186.2497, 43.1406, 243.4269, 295.1331, 183.0767, 3.4435, 249.5827, 146.1335, 469.6063, 150.6929, 113.0207, 24.4613, 60.0265, 288.4785, 128.4386, 188.266, 93.4213, 51.7446, 475.5408, 147.0446, 44.7009, 127.6081, 11.3163, 8.3691, 16.385, 40.4893, 89.7818, 27.3984, 52.3173, 119.3709, 196.2363, 161.9574, 64.7099, 527.9049, 10.7396, 480.0358, 194.9],
      [1.377, 7.83, 3.899, 2.1266, 22.8926, 2.0833, 1.6689, 6.5299, 0.3118, 1.3172, 16.0172, 2.9479, 17.0162, 16.2522, 11.9421, 0.0023, 13.7659, 8.8003, 26.7178, 6.4317, 10.358, 1.8633, 4.0223, 19.1115, 9.1822, 12.812, 6.1164, 4.1412, 37.3688, 10.2968, 0.8464, 6.838, 1.1176, 0.8174, 0.9874, 1.3522, 1.5569, 1.3547, 5.8468, 6.9418, 9.2142, 9.9308, 3.0734, 29.9905, 1.5508, 36.3178, 8.9184],
      [29.0614, 160.1362, 74.2351, 94.774, 712.6332, 40.8349, 14.8544, 119.7544, 4.348, 39.3687, 261.8116, 73.3289, 318.4209, 328.5593, 278.9885, 3.0428, 265.1345, 174.8357, 568.227, 174.7629, 113.9091, 23.2091, 55.3678, 309.7835, 202.815, 238.956, 161.1077, 80.0817, 491.1541, 157.7705, 52.6487, 200.0816, 17.6954, 11.4484, 11.0405, 52.6554, 143.947, 36.9997, 84.9171, 141.7345, 284.4263, 195.7059, 38.9289, 611.3762, 13.2096, 494.2627, 179.6562],
      [2, 10.603, 6.1059, 7.6173, 47.4477, 1.943, 1.6376, 10.4548, 0.8277, 4.336, 25.8616, 4.2393, 21.0099, 26.372, 18.3202, 0.4867, 23.1756, 10.5068, 41.6775, 16.0153, 10.7488, 4.0315, 4.5834, 29.8975, 12.3205, 18.8486, 9.1786, 3.299, 55.2127, 13.9201, 3.4321, 12.4723, 1.6111, 0.3017, 1.3533, 2.9203, 8.0386, 0.8056, 9.062, 11.503, 16.9246, 17.8849, 5.176, 46.3607, 2.4999, 57.4383, 15.5896]
    ],
    [
      [0.0125, 0.048, 0.0263, 0.0133, 0.0773, 0.0043, 0.0011, 0.0152, 0.0012, 0.0024, 0.1354, 0.0132, 0.1221, 0.0408, 0.0298, 0, 0.0218, 0.0169, 0.0743, 0.0152, 0.0778, 0.0135, 0.0027, 0.0846, 0.0597, 0.0899, 0.0089, 0.0267, 0.1482, 0.065, 0.0012, 0, 0.0041, 0.0033, 0.0148, 0.0451, 0.0135, 0.0158, 0.0267, 0.0813, 0.0338, 0.07, 0.0085, 0.0767, 0, 0.2379, 0.047],
      [0.1341, 0.6177, 0.3288, 0.1411, 2.2137, 0.0513, 0.052, 0.811, 0.0216, 0.059, 1.4684, 0.3047, 1.8005, 2.0603, 1.1781, 0, 0.4532, 0.5234, 1.4039, 0.4049, 0.81, 0.1579, 0.3091, 1.7205, 1.158, 1.5194, 0.7347, 0.3614, 2.002, 0.8567, 0.0405, 1.3113, 0.0405, 0.0807, 0.1772, 0.557, 0.386, 0.1962, 0.3127, 1.2607, 0.9785, 1.4088, 0.5645, 3.6946, 0.08, 2.7753, 0.8698],
      [0.7748, 2.9042, 1.9898, 0.5158, 7.8485, 0.3508, 0.5187, 2.4442, 0.189, 0.2499, 8.92, 1.496, 9.1717, 8.0631, 5.3939, 0, 1.8415, 2.2914, 5.8654, 1.3359, 5.2951, 0.8063, 1.625, 8.3953, 5.9537, 7.6399, 3.2781, 2.0616, 11.1294, 4.3227, 0.0938, 4.8754, 0.3872, 0.6441, 0.8019, 1.6513, 0.9824, 0.6849, 2.625, 5.4675, 3.4604, 6.3656, 1.7985, 14.8852, 0.9458, 13.8575, 2.9309],
      [7.9717, 31.011, 19.3379, 8.2012, 122.2215, 3.5583, 2.3775, 24.3106, 0.7667, 3.6051, 78.8778, 19.9541, 89.6876, 87.4083, 68.4878, 0, 18.3601, 23.8706, 64.6897, 17.9098, 31.2301, 5.8046, 10.8865, 70.4176, 69.9593, 73.5689, 48.4196, 21.3597, 78.9108, 35.1308, 1.8425, 78.8182, 2.5273, 4.2465, 4.8952, 27.4377, 23.3658, 10.0449, 19.609, 57.2472, 53.8797, 64.9449, 13.2853, 162.8257, 3.8323, 108.5274, 30.6163],
      [0.1069, 0.4191, 0.3171, 0.1286, 1.639, 0.0353, 0.0507, 0.4191, 0.0215, 0.0836, 1.5984, 0.2321, 1.218, 1.4275, 0.9104, 0, 0.3235, 0.2976, 0.9668, 0.3342, 0.5871, 0.2177, 0.1766, 1.3821, 0.8692, 1.1819, 0.5588, 0.1906, 1.8097, 0.6248, 0.022, 0.995, 0.0409, 0.0254, 0.1109, 0.3089, 0.2522, 0.0582, 0.4266, 0.9433, 0.6475, 1.2107, 0.3433, 2.5177, 0.1418, 2.602, 0.5361]
    ],
    [
      [0.0648, 0.3909, 0.121, 0.1895, 0.4901, 0.049, 0.024, 0.0854, 0.0151, 0.0572, 1.0259, 0.1115, 0.8403, 0.3974, 0.1977, 0.0192, 0.3857, 0.1066, 0.7367, 0.148, 0.475, 0.0822, 0.0416, 0.6407, 0.4893, 0.5198, 0.2013, 0.1396, 1.0128, 0.4179, 0.0353, 0.1586, 0.0269, 0.0222, 0.0575, 0.1518, 0.086, 0.0926, 0.178, 0.5136, 0.2124, 0.3911, 0.1079, 0.771, 0.0061, 2.0025, 0.3944],
      [0.4989, 3.0597, 0.9732, 1.2973, 8.1787, 0.3848, 0.6225, 2.4812, 0.1938, 0.9014, 5.9882, 1.5414, 7.8855, 8.6647, 3.3494, 0.2636, 5.0779, 1.9218, 8.8291, 2.4951, 2.9459, 0.6488, 1.2939, 8.3377, 5.8764, 5.6889, 3.9504, 1.2863, 8.6508, 3.2995, 0.7403, 4.1674, 0.2012, 0.3673, 0.3986, 1.566, 1.6838, 0.8052, 1.4154, 5.2174, 3.6259, 5.0259, 3.8698, 16.1406, 0.185, 12.6712, 4.5811],
      [2.221, 11.0468, 4.4768, 3.6553, 22.3468, 2.024, 4.7904, 5.6789, 1.3704, 2.9454, 27.7446, 5.7944, 30.8093, 25.9441, 11.7409, 0.5348, 15.8315, 6.4681, 28.2927, 6.3234, 14.8606, 2.5777, 5.2502, 31.2349, 23.0903, 21.9456, 13.4754, 5.6396, 36.9431, 12.781, 1.3219, 11.7667, 1.505, 2.3496, 1.3932, 3.6879, 3.3874, 2.2062, 9.0429, 17.3766, 9.9082, 17.4373, 9.4093, 49.7754, 1.7349, 48.5758, 11.812],
      [4.3536, 22.8451, 8.3828, 11.208, 67.4569, 3.9431, 4.1966, 10.9328, 0.9771, 8.1587, 47.6644, 14.9547, 58.4529, 54.6145, 28.9563, 1.5463, 30.5873, 13.04, 60.534, 16.4069, 16.9576, 3.5601, 6.7702, 50.7978, 52.6731, 40.9659, 38.7141, 11.3186, 50.8349, 20.1284, 4.9945, 37.0383, 1.8249, 2.926, 1.61, 11.6531, 15.39, 6.2376, 13.0685, 35.2143, 29.8704, 34.4692, 13.4077, 105.7735, 1.3183, 73.9659, 23.9179],
      [0.8616, 4.6575, 2.0462, 2.6499, 13.5274, 0.5992, 1.3665, 2.8216, 0.4435, 2.9373, 14.5769, 2.598, 12.0121, 13.3792, 5.7557, 0.6361, 8.1177, 2.4634, 13.6076, 4.6266, 4.7609, 2.1311, 1.644, 14.9889, 9.871, 9.8798, 6.6587, 1.6159, 17.5583, 5.3733, 0.908, 6.869, 0.4421, 0.3348, 0.5407, 1.9412, 2.4528, 0.6584, 4.2952, 8.6781, 5.383, 9.6766, 5.2053, 24.5394, 0.7557, 26.7846, 6.2945]
    ]
  ],
  "V_est": [
    [1279.8301, 131.1812, 612.6767, 104.0253, 25.2867],
    [520.6827, 313.9651, 7351.8082, 5617.1192, 747.4248],
    [59.875, 6676.2135, 411.8576, 8142.0014, 656.0525],
    [1.9278, 38.3913, 175.1294, 1806.241, 29.3105],
    [14.6844, 169.249, 590.5282, 1174.6131, 289.9254]
  ],
  "p_est": [
    [0.5944, 0.0609, 0.2846, 0.0483, 0.0117],
    [0.0358, 0.0216, 0.5052, 0.386, 0.0514],
    [0.0038, 0.4187, 0.0258, 0.5106, 0.0411],
    [0.0009, 0.0187, 0.0854, 0.8807, 0.0143],
    [0.0066, 0.0756, 0.2637, 0.5246, 0.1295]
  ],
  "EI_Z": {},
  "EI_V": 7.9166,
  "MAE_Z": {},
  "MAE_V": 233.9522,
  "MAE_p": 0.0623,
  "runtime": 0.088
}
