{
  "X": [
    [28, 123, 79, 10, 14],
    [21, 94, 213, 23, 8],
    [6, 58, 55, 9, 5],
    [2, 39, 26, 6, 2],
    [1, 15, 4, 5, 2],
    [5, 9, 12, 0, 1],
    [23, 86, 82, 9, 11],
    [22, 41, 44, 5, 5],
    [20, 75, 83, 4, 7],
    [37, 167, 115, 12, 27],
    [10, 43, 72, 6, 4],
    [46, 303, 375, 31, 28],
    [3, 15, 43, 2, 5],
    [33, 465, 356, 96, 29],
    [83, 1192, 1080, 177, 83],
    [130, 206, 130, 12, 73],
    [9, 47, 23, 7, 5],
    [12, 69, 59, 5, 6],
    [165, 1033, 1227, 96, 123],
    [41, 181, 140, 39, 26],
    [170, 1125, 768, 155, 96],
    [68, 419, 512, 68, 30],
    [63, 332, 370, 59, 36],
    [1, 7, 4, 0, 0],
    [1, 4, 2, 1, 1],
    [4, 230, 254, 41, 24],
    [17, 112, 63, 12, 19],
    [31, 88, 41, 7, 17],
    [31, 136, 105, 26, 26],
    [0, 1, 6, 0, 0],
    [7, 53, 73, 5, 11],
    [5, 42, 79, 7, 5],
    [24, 108, 198, 13, 9],
    [45, 238, 492, 32, 48],
    [7, 11, 9, 0, 3],
    [0, 7, 2, 1, 0],
    [5, 15, 12, 2, 3],
    [1, 6, 11, 1, 4],
    [9, 69, 144, 5, 5],
    [0, 12, 11, 0, 0],
    [3, 7, 13, 0, 0],
    [6, 34, 59, 9, 8],
    [17, 169, 144, 34, 14],
    [9, 102, 89, 12, 12],
    [9, 83, 97, 22, 13],
    [27, 206, 135, 35, 29],
    [1, 3, 4, 0, 0],
    [18, 135, 112, 27, 14],
    [36, 170, 171, 30, 22],
    [10, 193, 66, 23, 19],
    [14, 115, 88, 25, 12],
    [16, 133, 114, 29, 7],
    [8, 154, 101, 35, 10],
    [11, 134, 112, 22, 20],
    [10, 22, 27, 3, 8],
    [0, 6, 9, 0, 2],
    [19, 94, 76, 17, 6],
    [7, 29, 29, 5, 4],
    [36, 161, 170, 26, 29],
    [12, 124, 197, 25, 19],
    [10, 115, 134, 19, 7],
    [16, 64, 81, 16, 8],
    [22, 110, 139, 22, 16],
    [28, 215, 153, 37, 13],
    [2, 17, 8, 2, 1],
    [10, 56, 59, 13, 10],
    [1, 17, 5, 1, 1],
    [41, 210, 156, 28, 23],
    [64, 266, 247, 52, 64],
    [12, 159, 175, 29, 24],
    [19, 106, 82, 25, 14],
    [0, 4, 7, 2, 0],
    [18, 89, 71, 8, 23],
    [3, 27, 31, 6, 2],
    [30, 246, 350, 30, 34],
    [44, 240, 518, 40, 46],
    [0, 7, 23, 2, 1],
    [109, 219, 176, 16, 43],
    [192, 1293, 1351, 122, 191],
    [123, 688, 627, 107, 114]
  ],
  "W": [
    [3, 19, 74, 152, 6],
    [6, 10, 207, 127, 9],
    [3, 6, 47, 74, 3],
    [4, 3, 26, 41, 1],
    [1, 0, 3, 21, 2],
    [0, 2, 12, 13, 0],
    [3, 15, 74, 115, 4],
    [1, 6, 44, 63, 3],
    [5, 7, 71, 105, 1],
    [7, 23, 102, 224, 2],
    [3, 10, 68, 52, 2],
    [17, 15, 361, 384, 6],
    [3, 0, 40, 24, 1],
    [52, 24, 323, 563, 17],
    [125, 75, 971, 1409, 35],
    [8, 63, 139, 322, 19],
    [3, 7, 17, 60, 4],
    [3, 5, 58, 82, 3],
    [66, 134, 1093, 1270, 81],
    [29, 37, 132, 222, 7],
    [71, 96, 695, 1410, 42],
    [40, 35, 472, 531, 19],
    [29, 33, 329, 452, 17],
    [1, 2, 4, 5, 0],
    [1, 1, 2, 5, 0],
    [34, 7, 239, 252, 21],
    [11, 16, 53, 136, 7],
    [4, 10, 38, 128, 4],
    [13, 15, 83, 209, 4],
    [0, 0, 6, 1, 0],
    [5, 10, 70, 59, 5],
    [5, 6, 78, 49, 0],
    [8, 9, 188, 141, 6],
    [17, 24, 471, 325, 18],
    [0, 3, 12, 15, 0],
    [0, 0, 0, 9, 1],
    [1, 1, 10, 23, 2],
    [0, 3, 13, 7, 0],
    [7, 9, 137, 74, 5],
    [0, 1, 9, 13, 0],
    [1, 2, 13, 7, 0],
    [6, 7, 54, 47, 2],
    [22, 21, 115, 210, 10],
    [9, 10, 70, 129, 6],
    [13, 13, 84, 106, 8],
    [21, 13, 124, 269, 5],
    [0, 1, 5, 2, 0],
    [15, 13, 90, 183, 5],
    [5, 18, 154, 242, 10],
    [16, 5, 58, 225, 7],
    [15, 10, 74, 146, 9],
    [20, 15, 91, 168, 5],
    [18, 12, 87, 185, 6],
    [19, 13, 97, 169, 1],
    [0, 9, 26, 34, 1],
    [1, 0, 8, 8, 0],
    [9, 14, 74, 109, 6],
    [4, 3, 28, 35, 4],
    [14, 26, 151, 225, 6],
    [11, 7, 192, 160, 7],
    [14, 8, 111, 146, 6],
    [6, 9, 79, 90, 1],
    [13, 17, 118, 154, 7],
    [24, 20, 131, 257, 14],
    [1, 5, 7, 17, 0],
    [4, 8, 58, 77, 1],
    [0, 2, 4, 17, 2],
    [15, 38, 131, 266, 8],
    [26, 48, 216, 396, 7],
    [15, 16, 156, 202, 10],
    [15, 7, 73, 149, 2],
    [1, 0, 5, 7, 0],
    [4, 7, 65, 127, 6],
    [3, 4, 27, 35, 0],
    [28, 36, 310, 303, 13],
    [18, 34, 493, 325, 18],
    [1, 2, 20, 10, 0],
    [14, 47, 185, 312, 5],
    [108, 228, 1267, 1452, 94],
    [68, 133, 585, 833, 40]
  ],
  "method": "mvn_pdf",
  "cond_prob": [
    [
      [0, 0.46685718558, 0.060523762857, 0.47063666075, 0.0019823908077],
      [0.39385441986, 0.30603258572, 0.062018276896, 0.00093947528556, 0.23715524223],
      [0.03783563196, 0.065078172838, 0.87845959757, 0.0018376744389, 0.01678892319],
      [0.11451868436, 0.70856270511, 0.072243733545, 0.055252576, 0.049422300981],
      [0.05168153907, 0.54458222458, 0.2755039552, 0.0059767544862, 0.12225552667]
    ],
    [
      [8.6723432807e-05, 0.20755487039, 0.0494754233, 0.74222412388, 0.00065885899672],
      [0.37213873827, 0.30823762995, 0.11525424045, 0.0027818627026, 0.20158752862],
      [0.017130482248, 0.04474526562, 0.93287306453, 0, 0.0052511875984],
      [0.10530532724, 0.60159574479, 0.11589604829, 0.14465509527, 0.03254778441],
      [0.039811765759, 0.44526276743, 0.41412028494, 0.016404392221, 0.08440078965]
    ],
    [
      [0, 0.33229105976, 0.069869842031, 0.59669186097, 0.0011472372396],
      [0.24682328341, 0.37999590298, 0.12574856112, 0.0021755470461, 0.24525670544],
      [0.010163238012, 0.040334988806, 0.93746080964, 0.0034845862752, 0.0085563772687],
      [0.053691135909, 0.69441218797, 0.11859947614, 0.094677529441, 0.038619670546],
      [0.022748018563, 0.48030167315, 0.3996266067, 0.0089861337367, 0.088337567848]
    ],
    [
      [0, 0.40260135693, 0.03658394646, 0.56003308217, 0.00078161443451],
      [0.19671524627, 0.52159800204, 0.07496289161, 0.0025668872625, 0.20415697282],
      [0.0090412734244, 0.086186102798, 0.88683456743, 0.0078328502961, 0.010105206048],
      [0.028217275823, 0.80297641058, 0.056887823924, 0.086323540236, 0.02559494944],
      [0.017872843403, 0.66192905977, 0.23867600517, 0.0092477521332, 0.072274339521]
    ],
    [
      [0.00023001294056, 0.10225956457, 0.0095110038589, 0.8863283099, 0.0016711087294],
      [0.18011408363, 0.34144753061, 0.052751722608, 0.0055606964648, 0.42012596668],
      [0.016750140015, 0.072611533717, 0.88585738375, 0.00011736497455, 0.024663577548],
      [0.043200196804, 0.64558404882, 0.042577777075, 0.19347150708, 0.075166470225],
      [0.021157717062, 0.56132040456, 0.21939176316, 0.025208973268, 0.17292114195]
    ],
    [
      [4.0191957776e-05, 0.62923911573, 0.10451152212, 0.26417526721, 0.002033902987],
      [0.73957487549, 0.13569900056, 0.037963510373, 0, 0.086762613575],
      [0.010619703664, 0.073191179801, 0.8954612798, 0, 0.020727836737],
      [0.26103183116, 0.60386983394, 0.090656740128, 0, 0.04444159477],
      [0.14098010531, 0.45013227285, 0.32325581728, 0.0017091238046, 0.083922680754]
    ],
    [
      [0, 0.41281763031, 0.079501228903, 0.50569191756, 0.0019892232292],
      [0.41345596599, 0.26850267405, 0.081273141607, 0.0011795817364, 0.23558863662],
      [0.029513341257, 0.044185611046, 0.91016790178, 0.0024471856361, 0.013685960279],
      [0.12524157994, 0.65730620568, 0.10238999462, 0.063124320037, 0.051937899724],
      [0.052847890956, 0.46851453207, 0.35378126893, 0.0062104949956, 0.11864581304]
    ],
    [
      [0, 0.37499703228, 0.061467102737, 0.56154872734, 0.0019871376437],
      [0.72214683158, 0.12872834365, 0.034439004285, 0.0015240881485, 0.11316173234],
      [0.042407417824, 0.08862125784, 0.83929064429, 0.0091556349134, 0.020525045132],
      [0.2426092636, 0.55016354413, 0.094844154642, 0.063579562582, 0.048803475045],
      [0.17226967307, 0.43099809362, 0.27597626011, 0.0069821216332, 0.11377385156]
    ],
    [
      [0, 0.50602318708, 0.14086577767, 0.35083180851, 0.0022792267433],
      [0.45330418429, 0.24337561555, 0.10627733919, 0, 0.19704286096],
      [0.017956097545, 0.039593162638, 0.9331219526, 0, 0.0093287872185],
      [0.14759083493, 0.64334713276, 0.14148867818, 0.021360585786, 0.04621276835],
      [0.054950116914, 0.40369126857, 0.44375989436, 0.0029794499271, 0.094619270233]
    ],
    [
      [0, 0.49065294834, 0.08347772385, 0.4224561637, 0.0034131641087],
      [0.34276144463, 0.25612881102, 0.068237901155, 0.000195381841, 0.33267646136],
      [0.030637230973, 0.052648176763, 0.89611489255, 0, 0.020599699718],
      [0.11561965128, 0.67577556998, 0.092971580743, 0.040310363693, 0.075322834301],
      [0.046343663477, 0.46531250145, 0.30841554013, 0.0043958022162, 0.17553249273]
    ],
    [
      [0.00013654920317, 0.36460527847, 0.081095579539, 0.55317176891, 0.00099082387939],
      [0.35716419631, 0.33198052801, 0.11670335793, 0.0018710461631, 0.19228087158],
      [0.022008545326, 0.035747327598, 0.93358494515, 0.0045080195203, 0.004151162402],
      [0.093437157756, 0.6773436003, 0.12079780976, 0.076937689391, 0.031483742792],
      [0.036317551931, 0.46684669615, 0.41220865196, 0.0072345279593, 0.077392571997]
    ],
    [
      [3.0237121276e-05, 0.4446627826, 0.081134957221, 0.47225282645, 0.0019191966099],
      [0.31164711106, 0.33126514001, 0.094587958807, 0.0010870047116, 0.26141278541],
      [0.022206695501, 0.048535019751, 0.91569106009, 0.00098769616158, 0.012579528493],
      [0.086196475409, 0.70307615581, 0.1029507017, 0.058759599737, 0.049017067344],
      [0.034785945034, 0.49489493917, 0.35072403305, 0.0058587110454, 0.1137363717]
    ],
    [
      [0.00072930558886, 0.4229474966, 0.17794752559, 0.39027387442, 0.0081017978012],
      [0.14504651912, 0.10969088742, 0.075125506411, 0.00028414228319, 0.66985294477],
      [0.020822532209, 0.031546372647, 0.94658550129, 0.0010455938515, 0],
      [0.089286007541, 0.51003460218, 0.17513971457, 0.032719152504, 0.19282052321],
      [0.022046613913, 0.22847215198, 0.39938422192, 0.0020949625899, 0.3480020496]
    ],
    [
      [0, 0.31629338698, 0.04826365633, 0.63469506417, 0.00074789252363],
      [0.23105490404, 0.42503184328, 0.1010019437, 0.0025446270935, 0.24036668188],
      [0.010392582529, 0.065101094409, 0.91379140732, 0.0014412836757, 0.0092736320646],
      [0.042132013759, 0.72463221418, 0.089515453154, 0.11058754052, 0.033132778391],
      [0.022209082366, 0.55037585665, 0.32437756065, 0.012262686628, 0.090774813704]
    ],
    [
      [0, 0.40352341673, 0.071770334029, 0.5235270781, 0.0011791711446],
      [0.22098405726, 0.41370892118, 0.11455711834, 0.0017636223439, 0.24898628086],
      [0.0068496102369, 0.055523642492, 0.92613130709, 0.0027179854229, 0.0087774547547],
      [0.041908155865, 0.73694348163, 0.10691046797, 0.07701903174, 0.03721886279],
      [0.020760930034, 0.52184518106, 0.35790216611, 0.0076532569793, 0.09183846582]
    ],
    [
      [0, 0.50543401923, 0.062430417175, 0.42320284924, 0.0089327143525],
      [0.57119301034, 0.1110360678, 0.023756116061, 0, 0.2940148058],
      [0.11561280731, 0.10257538418, 0.7225267414, 0.00032052111689, 0.058964545995],
      [0.23259501566, 0.54067009839, 0.075963254613, 0.02643378032, 0.12433785102],
      [0.16047711006, 0.34776344688, 0.1638177006, 0.0030603951474, 0.32488134731]
    ],
    [
      [0.00018916696418, 0.3581641682, 0.058182555594, 0.5819735544, 0.0014905548407],
      [0.35613762105, 0.32287583856, 0.082813764949, 0.001984063748, 0.23618871169],
      [0.026302230213, 0.04701886193, 0.91114145181, 0.0033583296556, 0.012179126394],
      [0.098271810153, 0.68023892068, 0.090536935337, 0.085803024836, 0.045149308992],
      [0.040755657252, 0.51293018291, 0.33103379441, 0.0087294490739, 0.10655091635]
    ],
    [
      [0.00011291565595, 0.51042076994, 0.064939725017, 0.42264433329, 0.0018822560915],
      [0.3569284454, 0.34354468314, 0.068770847281, 0.0007659605023, 0.22999006368],
      [0.033128284898, 0.06287972185, 0.88841515035, 0.00043852558642, 0.015138317315],
      [0.099583364778, 0.73676791532, 0.0742558039, 0.044976287868, 0.044416628137],
      [0.042580863379, 0.56300711708, 0.28142398278, 0.0049157028138, 0.10807233394]
    ],
    [
      [0, 0.45205324645, 0.1014817212, 0.44437378988, 0.0020912424608],
      [0.29396999169, 0.32139051553, 0.11270364821, 0.00081128021686, 0.27112456435],
      [0.017121733901, 0.042381364165, 0.92941619575, 0, 0.011080706182],
      [0.082174308099, 0.69046327615, 0.12383280011, 0.05209703692, 0.051432578719],
      [0.031266600919, 0.45539462855, 0.39605382024, 0.0049306349361, 0.11235431536]
    ],
    [
      [0, 0.34018248943, 0.049300254432, 0.6086409805, 0.0018762756346],
      [0.35819566352, 0.29704794323, 0.067408666485, 0.0015944450173, 0.27575328175],
      [0.033207307968, 0.05910885977, 0.88657307639, 0.0028530509048, 0.018257704969],
      [0.10378677495, 0.67001277449, 0.076627767633, 0.093886421759, 0.05568626117],
      [0.046104537152, 0.51410406863, 0.29102306624, 0.010146964259, 0.13862136372]
    ],
    [
      [2.7189825818e-05, 0.3899367206, 0.057915406681, 0.5507078106, 0.0014128722914],
      [0.3220787581, 0.3518031637, 0.081654240033, 0.0016062595941, 0.24285757858],
      [0.025977801361, 0.059697354082, 0.89900526527, 0.0026820966138, 0.012637482677],
      [0.084733316324, 0.70886254197, 0.083871118088, 0.080512089005, 0.042020934615],
      [0.036903828123, 0.5370367586, 0.30910150521, 0.0085581400677, 0.108399768]
    ],
    [
      [5.1781895751e-05, 0.36440145547, 0.075556553523, 0.55899314849, 0.00099706061914],
      [0.33313876779, 0.3423864057, 0.11099849588, 0.0016817539319, 0.2117945767],
      [0.0206230413, 0.0447995322, 0.92638390942, 0.0022647779225, 0.0059287391586],
      [0.086510112655, 0.68199156175, 0.11388867504, 0.083530919731, 0.034078730831],
      [0.035111923058, 0.4819746893, 0.38761572697, 0.0082904797979, 0.087007180872]
    ],
    [
      [4.0458882652e-05, 0.33255910729, 0.075491571982, 0.590356133, 0.0015527288461],
      [0.34175841748, 0.29667714487, 0.10535109097, 0.0016389576255, 0.25457438906],
      [0.022016773294, 0.039587730369, 0.92558787886, 0.0018696820113, 0.010937935463],
      [0.096953302387, 0.64589476283, 0.11751705592, 0.090840980088, 0.048793898775],
      [0.038493401354, 0.44686141266, 0.39400217595, 0.0088434211836, 0.11179958886]
    ],
    [
      [0.078937269737, 0.87909707343, 0.041965656837, 0, 0],
      [0.29067118682, 0.65479712964, 0.05453168354, 0, 0],
      [0.021351739607, 0.064482571256, 0.91416568914, 0, 0],
      [0.050862679638, 0.91067567646, 0.038461643907, 0, 0],
      [0.016018968956, 0.80860471879, 0.156986046, 0.00097762282042, 0.017412643434]
    ],
    [
      [0.0097410161548, 0.30780094071, 0.01825391713, 0.65566377347, 0.0085403525368],
      [0.28287287389, 0.22973601396, 0.024395363961, 0.004363495741, 0.45863225245],
      [0.038050046554, 0.0088410230653, 0.91610711621, 0.0086146408784, 0.028387173297],
      [0.12625720337, 0.68895619984, 0.0250272973, 0.064548689806, 0.095210609685],
      [0.036772501728, 0.60187416156, 0.15903795783, 0.0050477167235, 0.19726766216]
    ],
    [
      [0, 0.3862697808, 0.061539470159, 0.55009051707, 0.0021002319672],
      [0.1481609911, 0.40279502619, 0.099222790384, 0.0018364558344, 0.34798473648],
      [0, 0.058134241402, 0.92033777695, 0.0038828365854, 0.017645145067],
      [0.01067018462, 0.75044923618, 0.097245407402, 0.084045746951, 0.057589424845],
      [0.013046978007, 0.52571290745, 0.3212631965, 0.0084067168201, 0.13157020123]
    ],
    [
      [0.0001844929834, 0.47314029478, 0.071355665606, 0.45222432676, 0.0030952198732],
      [0.26095813749, 0.29085555131, 0.068776406808, 0.00068984209537, 0.3787200623],
      [0.024516246386, 0.056453020427, 0.8957514603, 0.00099771750451, 0.022281555387],
      [0.083050156852, 0.70382233787, 0.08543190361, 0.050928278996, 0.076767322675],
      [0.032636855281, 0.4899885577, 0.28872841181, 0.0050528515693, 0.18359332363]
    ],
    [
      [0, 0.48385427893, 0.062084494751, 0.44935345256, 0.0047077737601],
      [0.50173847254, 0.16613410979, 0.03308840828, 0.00035025144634, 0.29868875794],
      [0.07148996562, 0.073178976664, 0.8193605939, 0.001175333275, 0.034795130541],
      [0.17869084563, 0.62383585766, 0.065642739792, 0.040131210642, 0.09169934628],
      [0.09839208508, 0.44286272331, 0.22070116914, 0.0044065121658, 0.2336375103]
    ],
    [
      [5.7744612702e-05, 0.32485254399, 0.080595821492, 0.59172592041, 0.0027679694903],
      [0.32036055315, 0.21500136446, 0.083547404637, 0.0013435002628, 0.37974717749],
      [0.025144882534, 0.035704714654, 0.91862007327, 0.0025932122292, 0.017937117317],
      [0.11453229748, 0.59356829679, 0.11947235393, 0.08632240541, 0.08610464639],
      [0.042391400027, 0.3831577789, 0.37096379946, 0.0076977962575, 0.19578922535]
    ],
    [
      [6.6212683615e-07, 1.1503288322e-11, 0.99999933786, 1.0395018545e-28, 6.2390344018e-44],
      [1.2042700266e-284, 8.5559207353e-12, 0.38071036975, 8.2586419922e-59, 0.61928963025],
      [0, 0.011107911168, 0.98889208883, 0, 0],
      [0, 0.93335253299, 0.066647467006, 0, 0],
      [0.0018733452935, 0.46467193638, 0.53344917869, 5.5396253255e-06, 1.326982526e-11]
    ],
    [
      [0, 0.48195714864, 0.085393040657, 0.42933818361, 0.0033116270965],
      [0.21184028445, 0.30017774019, 0.083942624198, 0.00072916430931, 0.40331018686],
      [0.015028299938, 0.048619126004, 0.91618258921, 0.00071914606879, 0.019450838775],
      [0.062857354212, 0.70929462775, 0.10116356582, 0.047015414562, 0.07966903766],
      [0.024206452275, 0.46734299951, 0.32643538529, 0.0043535509776, 0.17766161195]
    ],
    [
      [0, 0.37085188479, 0.071824795267, 0.55569650437, 0.001626815574],
      [0.23709398682, 0.36831069286, 0.11282298589, 0.0017791888137, 0.27999314562],
      [0.010733769504, 0.041399023097, 0.93052086296, 0.0043040754885, 0.013042268955],
      [0.055922490974, 0.70830107382, 0.10986348567, 0.079084172595, 0.046828776938],
      [0.022999555451, 0.48930103837, 0.3754754486, 0.0074451899685, 0.10477876761]
    ],
    [
      [2.992599764e-05, 0.40787263386, 0.10099000059, 0.48964828368, 0.001459155872],
      [0.39055242511, 0.29207751329, 0.11352223189, 0.0011078358568, 0.20273999384],
      [0.023071678516, 0.03659023277, 0.93214987748, 0.0018184751842, 0.00636973605],
      [0.11267816203, 0.65673129312, 0.13035515175, 0.061676786996, 0.038558606103],
      [0.043282059678, 0.43837420322, 0.42435442422, 0.0057571511215, 0.088232161757]
    ],
    [
      [3.3329166928e-05, 0.37820293022, 0.1000487219, 0.51848248131, 0.0032325374041],
      [0.26712393711, 0.24089240331, 0.099769917716, 0.0010702095216, 0.39114353234],
      [0.018666838704, 0.034921991097, 0.92936353892, 0.00201731474, 0.01503031654],
      [0.089912518347, 0.62280924987, 0.13247373182, 0.068011886766, 0.086792613194],
      [0.031933856736, 0.38488158283, 0.39558355727, 0.0058941304241, 0.18170687274]
    ],
    [
      [6.1295216117e-05, 0.66746987785, 0.037224837473, 0.28916522998, 0.0060787594798],
      [0.67888239697, 0.10832453903, 0.01670552733, 0, 0.19608753667],
      [0.10783283186, 0.15697662341, 0.66503776937, 0, 0.070152775356],
      [0.24462392178, 0.5860871268, 0.064628679041, 0, 0.10466027238],
      [0.19971985731, 0.44659025344, 0.097504606629, 0.001712326207, 0.25447295642]
    ],
    [
      [8.8217955655e-07, 0.250327016, 0.056528065276, 0.69292382858, 0.00022020796607],
      [0.11269171565, 0.58498164341, 0.22131122347, 0.0018526419225, 0.079162775547],
      [0.0017059859013, 0.017896123893, 0.97890716323, 0.00056135918324, 0.00092936779329],
      [0, 0.72878933077, 0.16120383034, 0.11000683889, 0],
      [0, 0.44089602304, 0.54916552692, 0.0099384500325, 0]
    ],
    [
      [0, 0.38528956056, 0.074505107708, 0.5365784984, 0.0036268333321],
      [0.48720637607, 0.16584936305, 0.051360734081, 0.00099899611896, 0.29458453068],
      [0.035393320304, 0.033662726873, 0.90228602134, 0.0054264615833, 0.023231469902],
      [0.17437435214, 0.57851054074, 0.09593864076, 0.06072474304, 0.090451723315],
      [0.074125160804, 0.40324568529, 0.32234260368, 0.0057443998645, 0.19454215036]
    ],
    [
      [9.6427631817e-07, 0.1026066686, 0.0077545148423, 0.88707779878, 0.002560053507],
      [0.062633055509, 0.10542021607, 0.016360171838, 0.0067508602548, 0.80883569633],
      [0.035361253685, 0.10218083886, 0.81834241117, 0.030205186812, 0.013910309474],
      [0.050343505081, 0.62219834951, 0.044638305615, 0.083868570096, 0.19895126969],
      [0.0138437637, 0.32712019965, 0.097610476458, 0.0047549516355, 0.55667060855]
    ],
    [
      [0, 0.51453593581, 0.12105388821, 0.36310383058, 0.0013063453931],
      [0.27198960049, 0.38150046271, 0.14131436416, 0.00060673931973, 0.20458883333],
      [0.0091687345367, 0.042426520204, 0.94524632894, 0, 0.0031584163178],
      [0.069911078145, 0.72721820803, 0.13811715496, 0.032913021944, 0.031840536918],
      [0.024511436277, 0.46763272454, 0.43227539458, 0.0034497816292, 0.072130662975]
    ],
    [
      [2.2965067816e-06, 0.68295349773, 0.13639899151, 0.18006438947, 0.00058082478146],
      [0, 0.80697709952, 0.19302290048, 0, 0],
      [0, 0.019453430907, 0.98054656909, 0, 0],
      [0, 0.84753400172, 0.15246599828, 0, 0],
      [0.0078467747559, 0.50616543738, 0.4631408039, 0.0013645901365, 0.021482393822]
    ],
    [
      [0.13833003887, 0.74297604959, 0.11869391154, 0, 0],
      [0.69917878549, 0.23608223786, 0.064738976652, 0, 0],
      [0.013626929163, 0.055619156995, 0.93075391384, 0, 0],
      [0.18373747301, 0.72311577625, 0.093146750743, 0, 0],
      [0.072816105692, 0.51959737266, 0.37595312709, 0.001083518044, 0.030549876517]
    ],
    [
      [0.00018333564933, 0.2723783076, 0.075047901297, 0.65006143286, 0.0023290225905],
      [0.23523080621, 0.24654471625, 0.10759426219, 0.0017610270984, 0.40886918825],
      [0.015258948356, 0.027774835305, 0.93824676343, 0.0027204828369, 0.015998970072],
      [0.073956580454, 0.60397821551, 0.13411287896, 0.10473170309, 0.083220621982],
      [0.026170925022, 0.37654995266, 0.4139611102, 0.0090040473007, 0.17431396482]
    ],
    [
      [0, 0.3262309891, 0.076173630551, 0.59671661756, 0.00087876278036],
      [0.24378992652, 0.37871261566, 0.13814316353, 0.002134809136, 0.23721948515],
      [0.0085882786132, 0.042303803968, 0.94052897898, 0.0019785402657, 0.0066003981689],
      [0.050821932589, 0.68748854068, 0.12881196711, 0.097650739344, 0.035226820281],
      [0.022015365899, 0.46324223124, 0.42118280175, 0.0093216028959, 0.084237998221]
    ],
    [
      [0, 0.42497104058, 0.10835348805, 0.46440722679, 0.0022682445738],
      [0.21316643156, 0.339785185, 0.13575412554, 0.00121007653, 0.31008418136],
      [0.0065573236704, 0.037220454017, 0.9429777507, 0.0015815802045, 0.011662891412],
      [0.048763932665, 0.69447819536, 0.14008707746, 0.059430345872, 0.057240448646],
      [0.019795952274, 0.43071496711, 0.43126696851, 0.0051681602885, 0.11305395182]
    ],
    [
      [0, 0.25789114967, 0.059852943587, 0.68049400921, 0.001761897538],
      [0.21874949727, 0.325180264, 0.11828887942, 0.0019232646806, 0.33585809462],
      [0.0065386182124, 0.042324212069, 0.93641787267, 0, 0.014719297051],
      [0.051270278047, 0.64489484803, 0.1211329865, 0.12295121705, 0.059750670372],
      [0.02154539158, 0.43824798963, 0.39811980347, 0.011968304037, 0.13011851129]
    ],
    [
      [4.0593798837e-05, 0.37210586015, 0.054030675207, 0.57140630417, 0.0024165666787],
      [0.25371727032, 0.29548496355, 0.067201812495, 0.0014653345703, 0.38213061907],
      [0.024136348308, 0.059618995186, 0.88982633567, 0.0030970112623, 0.023321309577],
      [0.07639220947, 0.68579218789, 0.079012437751, 0.083848447434, 0.074954717458],
      [0.031682295702, 0.4947236932, 0.2797841761, 0.0084313013449, 0.18537853365]
    ],
    [
      [3.1857938002e-05, 0.94777093688, 0.051097857795, 2.8155821224e-14, 0.001099347388],
      [0.46890653669, 0.5235357774, 0.0075576859086, 0, 0],
      [0.087786254898, 0.11372528228, 0.79848846282, 0, 0],
      [0.046081094411, 0.95391890559, 0, 0, 0],
      [0.019986102275, 0.93293323157, 0.041047651977, 0.00010674758578, 0.0059262665935]
    ],
    [
      [0, 0.3185991616, 0.076060005466, 0.60382469841, 0.0015161345264],
      [0.27619953815, 0.32657004028, 0.12215814942, 0.0018770909418, 0.27319518122],
      [0.014540435381, 0.037568888167, 0.93559997214, 0.0018096707866, 0.010481033521],
      [0.070829580134, 0.65782159101, 0.12568550529, 0.096773334687, 0.048889988879],
      [0.02779073104, 0.44261019265, 0.41331980279, 0.0091673446162, 0.10711192891]
    ],
    [
      [2.088149099e-05, 0.28490434564, 0.057555631607, 0.65596765395, 0.0015514873167],
      [0.35501875939, 0.27926167109, 0.088358420431, 0.0017214602795, 0.27563968881],
      [0.026559986994, 0.044079422875, 0.91406666262, 0.00062964465905, 0.014664282855],
      [0.10366966363, 0.62892812496, 0.1023455594, 0.10941639113, 0.055640260872],
      [0.043126132755, 0.45599308288, 0.35878788558, 0.011344351376, 0.13074854742]
    ],
    [
      [0, 0.46278993822, 0.04627088555, 0.48842552382, 0.0025136524027],
      [0.18433015012, 0.3897196174, 0.061277767463, 0.0013457995494, 0.36332666547],
      [0.015689851231, 0.085261613346, 0.87049144359, 0.0032808505532, 0.02527624128],
      [0.035670424791, 0.77600106221, 0.057158422625, 0.066398888689, 0.064771201688],
      [0.020356042852, 0.58590719011, 0.22916116786, 0.0069176191511, 0.15765798003]
    ],
    [
      [0, 0.30959868291, 0.057326512984, 0.63157010312, 0.0015047009906],
      [0.27051150007, 0.34637554041, 0.10043342563, 0.0020042887219, 0.28067524517],
      [0.016939799487, 0.047550234314, 0.92093804767, 0.0015770831356, 0.012994835392],
      [0.067028205105, 0.67776981404, 0.10130831959, 0.10474753062, 0.049146130643],
      [0.028357987987, 0.49101712924, 0.35503754015, 0.010729104787, 0.11485823783]
    ],
    [
      [0, 0.32022469532, 0.077439799813, 0.60233550486, 0],
      [0.28154121061, 0.38182396338, 0.14453604171, 0.002208890587, 0.18988989371],
      [0.012166206663, 0.041197763484, 0.94291763402, 0.0019595028225, 0.0017588930099],
      [0.062758611195, 0.68339425477, 0.13270132003, 0.099370398188, 0.021775415814],
      [0.025262070744, 0.46178307292, 0.43676738327, 0.0095229783084, 0.066664494761]
    ],
    [
      [0, 0.28469228529, 0.044060325573, 0.6706029548, 0.00064443433836],
      [0.20275100473, 0.44683104713, 0.10737349643, 0.002775089729, 0.24026936198],
      [0.0054508819294, 0.06590257342, 0.91916596149, 0.00050676524336, 0.0089738179164],
      [0.026935162141, 0.72686132015, 0.091734358717, 0.12306981635, 0.031399342634],
      [0.018292703218, 0.55178303056, 0.33002286169, 0.013973522509, 0.085927882016]
    ],
    [
      [0, 0.40178803661, 0.080677140065, 0.51482863613, 0.0027061872032],
      [0.18811909317, 0.31222646655, 0.097926481418, 0.0013570122268, 0.40037094663],
      [0.0080719531693, 0.046489850828, 0.92525719894, 0.0025142094735, 0.017666787588],
      [0.045864561373, 0.69434931564, 0.11296170473, 0.0707121605, 0.076112257762],
      [0.020361459237, 0.45253336644, 0.35361368398, 0.0063813111562, 0.16711017919]
    ],
    [
      [1.1513227582e-05, 0.31476843354, 0.060454487789, 0.62099939641, 0.0037661690372],
      [0.39116999197, 0.16204884727, 0.050745581916, 0.0031226390264, 0.39291293982],
      [0.037997940376, 0.039129122904, 0.88993418783, 0.008549054448, 0.024389694442],
      [0.15962507897, 0.56307621214, 0.091516142831, 0.080667274825, 0.10511529123],
      [0.064270937435, 0.37961196628, 0.29345202292, 0.0069334890668, 0.2557315843]
    ],
    [
      [0, 0.81039427688, 0.1781419606, 0, 0.01146376252],
      [0.002929322864, 0.021105338038, 0.010075698796, 1.6334178176e-05, 0.96587330612],
      [0, 0.036801863692, 0.96319813631, 0, 0],
      [0, 0.6118988517, 0.13953411862, 0, 0.24856702969],
      [0.0034814457114, 0.17368893854, 0.22807397685, 0.00046109357495, 0.59429454533]
    ],
    [
      [0.00021541731299, 0.33354566741, 0.04112779615, 0.62472365704, 0.00038746209041],
      [0.38831272898, 0.36456484915, 0.070541976121, 0.0020747080516, 0.1745057377],
      [0.035243659134, 0.070061064842, 0.8845221725, 0.0036737308915, 0.0064993726353],
      [0.097985726046, 0.70845711493, 0.068828513515, 0.10097991944, 0.023748726069],
      [0.045534687267, 0.58130612996, 0.28088557185, 0.011628978123, 0.080644632809]
    ],
    [
      [0, 0.38159110553, 0.054211411756, 0.56161999777, 0.0025774849441],
      [0.41938583819, 0.26454778575, 0.059807703302, 0.001429354235, 0.25482931852],
      [0.037686874365, 0.048508636338, 0.88730033633, 0.0053775852523, 0.021126567716],
      [0.12753204192, 0.66530932915, 0.0743103872, 0.073359511892, 0.059488729838],
      [0.055747134037, 0.50898097069, 0.28961456846, 0.0077691607362, 0.13788816607]
    ],
    [
      [5.1789794943e-05, 0.35667294562, 0.080599469836, 0.56010144854, 0.0025743462055],
      [0.32198598258, 0.24926128776, 0.088267843696, 0.0013458235811, 0.33913906239],
      [0.024278921768, 0.038224012492, 0.91842137856, 0.0025308729139, 0.016544814268],
      [0.10542302235, 0.62774196673, 0.11414576522, 0.078656813851, 0.074032431841],
      [0.040223696554, 0.41866947967, 0.3687030249, 0.0072738967972, 0.16512990208]
    ],
    [
      [0, 0.29539665686, 0.057119756951, 0.64547515115, 0.0020084350348],
      [0.20514498756, 0.3098198432, 0.093827062086, 0.0020080181127, 0.38920008905],
      [0.010160503348, 0.049446900936, 0.9206848448, 0.0010575375633, 0.01865021335],
      [0.052851368314, 0.6617989969, 0.10333894719, 0.11004554667, 0.07196514093],
      [0.022421359144, 0.45717905559, 0.34416735518, 0.010768933033, 0.16546329706]
    ],
    [
      [0, 0.36990668059, 0.10577011886, 0.52351370063, 0.00080949992086],
      [0.24046023596, 0.37368899965, 0.16750968412, 0.0017595502673, 0.21658153001],
      [0.005274923866, 0.037073970694, 0.95143924653, 0.003085561462, 0.0031262974471],
      [0.050480351781, 0.68606093467, 0.15553917437, 0.077220593424, 0.030698945756],
      [0.020111700539, 0.42528121104, 0.47677750662, 0.0066713044632, 0.071158277338]
    ],
    [
      [8.7157795374e-05, 0.23774989355, 0.043049947454, 0.71783603446, 0.0012769667315],
      [0.39144664162, 0.27944373546, 0.079565728371, 0.0017576929022, 0.24778620165],
      [0.029091225431, 0.049375107534, 0.9063214253, 0, 0.015212241732],
      [0.11255046184, 0.61868544606, 0.089859257513, 0.12958113091, 0.049323703674],
      [0.048708903994, 0.47618337854, 0.33888298478, 0.014862775382, 0.1213619573]
    ],
    [
      [0.00012340133365, 0.31598858347, 0.091500660594, 0.59047918764, 0.001908166959],
      [0.31492735725, 0.27304394573, 0.12403656997, 0.0016677925673, 0.28632433449],
      [0.017820541633, 0.029692875689, 0.93862490128, 0.0023508998072, 0.011510781589],
      [0.092898997662, 0.61685601055, 0.14169081518, 0.090660812777, 0.057893363834],
      [0.033623022393, 0.3929737688, 0.44624940488, 0.0080352488703, 0.11911855505]
    ],
    [
      [4.9605175663e-05, 0.36656042153, 0.060723313507, 0.57214468785, 0.00052197193693],
      [0.30654483592, 0.3881778446, 0.10054831071, 0.0019480637477, 0.20278094503],
      [0.020140456761, 0.05469586734, 0.91620711722, 0.0027960230892, 0.0061605355914],
      [0.073110068223, 0.71515044418, 0.096085148928, 0.088457045099, 0.027197293568],
      [0.031444670605, 0.53429787249, 0.34390418797, 0.0092733286772, 0.081079940251]
    ],
    [
      [0.00016150587587, 0.40988693669, 0.039587500886, 0.55011272664, 0.0002513299091],
      [0.23092338993, 0.52791256408, 0.083498359299, 0.0065799744148, 0.15108571228],
      [0.014337091025, 0.058987732522, 0.91409531511, 0.00892245633, 0.0036574050115],
      [0.043815406313, 0.79633153619, 0.067309029226, 0.079678247469, 0.012865780801],
      [0.019561302219, 0.66032169043, 0.26169476005, 0.0069761000183, 0.051446147289]
    ],
    [
      [0.00017878927231, 0.23851294328, 0.036985511742, 0.72261952836, 0.0017032273452],
      [0.2740317425, 0.28343488278, 0.069149653467, 0.0016020904745, 0.37178163077],
      [0.024664945439, 0.05622078312, 0.89626110637, 0, 0.022853165066],
      [0.082369912662, 0.63685863961, 0.078216521365, 0.13093531085, 0.071619615511],
      [0.03398079244, 0.47954849334, 0.29304441052, 0.014686227444, 0.17874007626]
    ],
    [
      [2.8002262827e-06, 0.5309751455, 0.039460962164, 0.42869309942, 0.00086799269107],
      [0.19276292462, 0.55291328849, 0.066291104581, 0.0029964038584, 0.18503627846],
      [0.012507067186, 0.079033112378, 0.89322815328, 0.005429166755, 0.0098025004032],
      [0.031274255478, 0.83390268588, 0.051031579618, 0.056424947991, 0.027366531034],
      [0.016391769447, 0.70084765679, 0.21348416211, 0.0065332047048, 0.062743206948]
    ],
    [
      [5.9820802113e-05, 0.39297494529, 0.075107853412, 0.53032175558, 0.0015356249146],
      [0.33806845098, 0.32381363485, 0.096932172943, 0.0014929628759, 0.23969277836],
      [0.023272067485, 0.045619408287, 0.91819839665, 0.0022688211004, 0.010641306478],
      [0.093235742955, 0.68393125414, 0.10528364086, 0.073807371065, 0.043741990975],
      [0.037894135537, 0.48732520114, 0.36256514951, 0.0073081011995, 0.10490741261]
    ],
    [
      [0.00015184214427, 0.32025019202, 0.071547671427, 0.60525096261, 0.0027993317982],
      [0.29282661062, 0.20765023403, 0.072630682971, 0.0013677652776, 0.4255247071],
      [0.027571281912, 0.04215479042, 0.90782313574, 0.0028139733674, 0.01963681856],
      [0.11035247941, 0.59570823064, 0.10915307851, 0.089729777721, 0.095056433725],
      [0.040770865072, 0.3857699588, 0.33415305012, 0.0081445733933, 0.23116155261]
    ],
    [
      [0, 0.32779570058, 0.069116188722, 0.60096740906, 0.0021207016372],
      [0.1870489606, 0.32699668941, 0.10768366106, 0.0018604154851, 0.37641027345],
      [0.0041914387688, 0.04675107925, 0.93021350906, 0.0023248680417, 0.016519104884],
      [0.040416804579, 0.67841997007, 0.11598115182, 0.09654578997, 0.068636283566],
      [0.018915765754, 0.45171151441, 0.36988185123, 0.0090793227973, 0.15041154581]
    ],
    [
      [0.00019627903296, 0.30403900542, 0.055012421309, 0.63867974878, 0.0020725454539],
      [0.32221833479, 0.2733312452, 0.077515258381, 0.0016698111478, 0.32526535048],
      [0.027126963488, 0.046627420527, 0.90574586418, 0.001916335094, 0.018583416716],
      [0.098527879776, 0.63890085639, 0.09300497635, 0.10232991576, 0.067236371728],
      [0.040302524853, 0.46303345083, 0.32750865537, 0.010532590404, 0.15862277855]
    ],
    [
      [0, 0.079773315479, 0.051509280699, 0.86871740382, 0],
      [0.1076989258, 0.40605382409, 0.43338743001, 0.0039522878595, 0.048907532244],
      [0, 0, 0.99469393468, 0.0053060653196, 0],
      [0, 0.5600323835, 0.2821458637, 0.1578217528, 0],
      [0.004327598225, 0.19559963826, 0.78597189035, 0.007008385012, 0.0070924881546]
    ],
    [
      [0.000231706118, 0.45360388297, 0.078138122454, 0.46178128791, 0.0062450005455],
      [0.2292481239, 0.17267151669, 0.04674084298, 0.00054007643036, 0.55079944],
      [0.033631126093, 0.061407833468, 0.87783169705, 0.001444219078, 0.025685124311],
      [0.11013499772, 0.62802297752, 0.092962562661, 0.047485352362, 0.12139410974],
      [0.036861400216, 0.37107608851, 0.24915930719, 0.0040967205443, 0.33880648353]
    ],
    [
      [0, 0.27362963423, 0.06462033437, 0.66106229499, 0.00068773641235],
      [0.24867938053, 0.39240773575, 0.1468526888, 0.0026321953426, 0.20942799958],
      [0.0084228534669, 0.033359252266, 0.95010962761, 0.0029761079742, 0.0051321586872],
      [0.050796155265, 0.67739372409, 0.13045052275, 0.11216941195, 0.02919018594],
      [0.020858208317, 0.45974986204, 0.44072907685, 0.010369897528, 0.068292955265]
    ],
    [
      [0, 0.42854353786, 0.11575634969, 0.45335333422, 0.0023467782281],
      [0.23604681765, 0.31914366192, 0.13476370552, 0.0010063996721, 0.30903941523],
      [0.0083607951237, 0.037382212305, 0.94213221853, 0.00057557189228, 0.011549202151],
      [0.06142546927, 0.67823598096, 0.14572038855, 0.056197331824, 0.058420829395],
      [0.022965452891, 0.41674008199, 0.43792794879, 0.004896724964, 0.11746979137]
    ],
    [
      [0, 0.32845438982, 0.089603247617, 0.57952986413, 0.002412498436],
      [0.26710563662, 0.26258646994, 0.11214924279, 0.0014869488804, 0.35667170176],
      [0.015843991889, 0.032965923766, 0.93474255301, 0.00222190309, 0.014225628248],
      [0.081755816616, 0.62107994204, 0.13620594668, 0.087027529547, 0.073930765115],
      [0.029815552971, 0.39203885703, 0.41550311015, 0.00769782543, 0.15494465442]
    ],
    [
      [0, 0.18009684122, 0.095884396641, 0.72311189131, 0.0009068708219],
      [0, 0.36400372988, 0.39233976096, 0.0031424481631, 0.240514061],
      [0, 0, 0.97915872329, 0.011546766675, 0.0092945100336],
      [0, 0.6091895699, 0.25362616156, 0.10396678789, 0.03321748065],
      [0.0078686860762, 0.27461640462, 0.66286939137, 0.006052602473, 0.048592915456]
    ],
    [
      [0, 0.5070202294, 0.066375378802, 0.42191047253, 0.0046939192686],
      [0.61256923389, 0.14591062186, 0.0312590865, 0, 0.21026105776],
      [0.068440347851, 0.097719955178, 0.79843938504, 0, 0.035400311932],
      [0.2141397382, 0.59226705384, 0.079479709442, 0.032285468943, 0.081828029571],
      [0.14723666712, 0.43568101094, 0.21852241062, 0.0040374148637, 0.19452249647]
    ],
    [
      [0, 0.47848424027, 0.079307668452, 0.43975241844, 0.0024556728319],
      [0.26334736374, 0.33728392774, 0.087374394812, 0.00067544093531, 0.31131887278],
      [0.018899563064, 0.055249850278, 0.90937420732, 0, 0.01647637934],
      [0.072473121122, 0.72104224619, 0.096337906022, 0.050876273084, 0.059270453582],
      [0.029575348894, 0.5049794123, 0.32397499548, 0.0051105293336, 0.13635971399]
    ],
    [
      [1.5369219233e-05, 0.37926543031, 0.061280558443, 0.5572563145, 0.0021823275364],
      [0.28687654324, 0.30698624683, 0.077515368944, 0.0014668044791, 0.3271550365],
      [0.024243840135, 0.054624940182, 0.90007096217, 0.002538112881, 0.018522144631],
      [0.083165308909, 0.68387233008, 0.088361158027, 0.080552096152, 0.06404910683],
      [0.034625646051, 0.49398847365, 0.30942551125, 0.0081698372065, 0.15379053184]
    ]
  ],
  "expected_outcome": [
    [
      [0, 0.00052034059684, 0, 0, 0.00023001294056, 0, 0, 0, 0, 0, 0.0004096476095, 0.00051403106169, 0.0021879167666, 0, 0, 0, 0.00056750089254, 0.00033874696785, 0, 0, 0.0019304776331, 0.00207127583, 0.0011733075969, 0.078937269737, 0.0097410161548, 0, 0.0020294228173, 0, 0.00075067996512, 0, 0, 0, 0.00023940798112, 0.00056659583777, 0, 0, 0, 0, 0, 0, 0.13833003887, 0.001100013896, 0, 0, 0, 0.00085246977558, 0, 0, 0.00010440745495, 0, 0, 0, 0, 0, 0, 0, 0.0019387558169, 0, 0.0007250571292, 0, 0, 0.00052294677224, 0.0016042173374, 0.0011905242159, 0.00016150587587, 0.00071515708922, 0, 0.0008973120317, 0.003947895751, 0, 0.0029441854944, 0, 0.000926824472, 0, 0, 0, 0, 0, 0, 0.0010451069078],
      [1.4005715568, 1.2453292224, 0.99687317927, 1.6104054277, 0.10225956457, 0, 1.2384528909, 0.37499703228, 2.5301159354, 3.4345706384, 1.0938158354, 7.5592673042, 1.2688424898, 16.447256123, 50.4404270913, 4.0434721539, 1.0744925046, 1.5312623098, 29.835514266, 9.8652921934, 27.6855071625, 14.576058219, 9.6442141115, 0.87909707343, 0.30780094071, 13.1331725473, 5.2045432426, 1.9354171157, 4.2230830719, 0, 2.4097857432, 1.8542594239, 3.2629810709, 6.4294498138, 0, 0, 0.38528956056, 0, 3.6017515507, 0, 0.74297604959, 1.6342698456, 7.1770817603, 3.8247393653, 3.3525849457, 7.8142230631, 0, 4.7789874239, 1.4245217282, 7.4046390116, 4.6439802436, 6.4044939065, 5.1244611351, 7.6339726955, 0, 0.81039427688, 3.0019110067, 1.5263644221, 4.9934212387, 3.2493632255, 5.1786935283, 1.4264993613, 4.1078515852, 8.7974501168, 0.40988693669, 0.95405177312, 0, 5.8946241794, 8.3265049924, 4.9169355088, 4.5605850813, 0.079773315479, 1.8144155319, 0.82088890269, 11.9992190602, 5.9121790167, 0.18009684122, 7.0982832116, 51.6762979493, 25.7900492608],
