{
  "Z_true": {},
  "V_true": [
    [20, 25, 603, 61, 1760, 63],
    [21, 542, 23, 438, 208, 30],
    [220, 456, 89, 6103, 672, 222],
    [215, 332, 1422, 386, 18065, 552],
    [615, 16, 19, 305, 242, 32],
    [55, 109, 49, 231, 483, 445]
  ],
  "p_true": [
    [0.0079, 0.0099, 0.2382, 0.0241, 0.6951, 0.0249],
    [0.0166, 0.4295, 0.0182, 0.3471, 0.1648, 0.0238],
    [0.0283, 0.0587, 0.0115, 0.7863, 0.0866, 0.0286],
    [0.0103, 0.0158, 0.0678, 0.0184, 0.8614, 0.0263],
    [0.5004, 0.013, 0.0155, 0.2482, 0.1969, 0.026],
    [0.0401, 0.0794, 0.0357, 0.1684, 0.352, 0.3243]
  ],
  "Z_est": [
    [
      [0.001, 0.0005, 0, 0.0104, 0.0081, 0.0067, 0.1255, 0.0106, 0, 0.0016, 0.0062, 0.0057, 0.0066, 0.0066, 0, 0, 0.0084, 0, 0.0023, 0.003, 0.0026, 0.0069, 0.0174, 0.0111, 0.0077, 0.007, 0.0026, 0.0109, 0, 0.0009, 0.0174, 0, 0.0106, 0.0015],
      [0.1701, 0.0945, 1.1526, 0.756, 2.2602, 1.0393, 0.4725, 0.8504, 0.1515, 0.359, 0.8882, 0.7558, 1.7196, 1.3795, 0.3733, 0.0756, 1.0583, 0.0756, 0.6425, 0.5102, 0.548, 0.9449, 1.2851, 2.0787, 1.0394, 0.9449, 0.7936, 0.7558, 0, 0.2645, 2.2866, 0.2079, 3.1557, 0.3968],
      [6.9118, 3.8722, 70.6409, 56.0884, 44.2535, 46.3652, 44.5728, 56.5731, 2.5409, 14.3061, 36.0441, 36.4712, 46.3916, 45.048, 1.7753, 4.1459, 51.1584, 1.5367, 13.1806, 21.5416, 16.5682, 41.718, 102.6167, 70.656, 48.4403, 41.3965, 17.643, 64.7975, 1.022, 5.0837, 108.2595, 4.503, 66.2464, 9.9515],
      [0.5269, 0.1218, 2.7976, 2.7247, 2.1191, 3.1494, 0.9405, 1.7238, 0.13, 0.024, 1.805, 3.303, 3.1274, 2.8035, 0.1348, 0.0068, 2.2092, 0, 2.0406, 2.0404, 3.2677, 4.4486, 5.5965, 5.9836, 4.6272, 4.7853, 2.0242, 3.4936, 0.1172, 1.5173, 7.8432, 1.0767, 4.9527, 1.0051],
      [5.2351, 1.8594, 68.747, 74.8207, 55.9454, 34.7879, 56.6922, 77.5008, 1.1466, 6.0197, 40.9566, 32.9782, 33.3412, 35.2764, 1.7026, 1.7199, 53.2452, 1.3774, 13.8858, 14.5428, 13.1894, 41.3026, 114.5742, 63.3606, 44.1823, 43.1838, 12.8953, 71.4561, 0.8504, 3.9992, 105.2903, 7.1918, 61.7762, 8.4899],
      [0.1551, 0.0517, 0.6619, 0.5998, 0.4137, 0.6515, 0.1965, 0.3413, 0.031, 0.2896, 0.2999, 0.486, 0.4137, 0.4861, 0.0139, 0.0517, 0.3206, 0.0103, 0.2482, 0.3619, 0.424, 0.5791, 0.9101, 0.9101, 0.7032, 0.6825, 0.6412, 0.4861, 0.0103, 0.1344, 1.303, 0.0207, 0.8583, 0.1551]
    ],
    [
      [0.2261, 0.1646, 3.6402, 2.1786, 2.1607, 1.854, 1.1128, 1.7275, 0, 1.1757, 3.0597, 2.7776, 4.0886, 3.2747, 0, 0.2611, 2.8448, 0.0549, 1.2024, 1.3166, 1.5562, 2.379, 3.5837, 4.2632, 2.6578, 1.8159, 1.3211, 2.0622, 0, 0.8878, 6.1703, 0.2618, 6.7083, 1.8449],
      [3.3673, 2.5006, 42.671, 26.0199, 30.4129, 27.8827, 14.3828, 24.0093, 5.6985, 12.7354, 34.3327, 30.1551, 53.5562, 42.2232, 0, 2.8036, 35.3, 0.8645, 17.6057, 16.4356, 18.4885, 29.8933, 43.106, 59.5248, 33.1458, 25.758, 20.0344, 25.268, 0, 9.4829, 74.9508, 5.765, 92.4678, 15.0848],
      [0.1451, 0.1208, 3.3365, 1.9621, 1.8623, 1.7914, 1.1543, 1.6356, 0.4415, 0.9488, 2.4321, 2.2555, 3.3211, 2.675, 0, 0.9632, 2.469, 0.0539, 0.9274, 1.135, 1.1979, 2.0005, 3.4094, 3.6168, 2.2759, 1.5838, 1.0763, 2.0481, 0, 0.5971, 5.2079, 0.2951, 5.2378, 1.3114],
      [0.1686, 0.1265, 8.6105, 3.6933, 3.0406, 1.4574, 1.5774, 2.5307, 0.4521, 1.9772, 9.7336, 4.6628, 5.57, 4.6004, 0, 0.3821, 3.3277, 0, 1.6683, 2.57, 3.7012, 5.2065, 6.9091, 7.8324, 5.5479, 1.8633, 1.0119, 3.2582, 0, 1.8071, 10.6024, 0.5087, 9.7816, 2.8719],
      [0.0881, 0.066, 10.4312, 5.8909, 2.3329, 0.7484, 1.681, 0.9421, 0.3889, 3.039, 7.271, 10.9204, 9.2314, 5.9889, 0, 0.5661, 8.8851, 0.022, 0.4843, 2.389, 2.8762, 3.2691, 7.5996, 2.3553, 4.0722, 0.7044, 0.5283, 5.1502, 0, 2.1609, 13.486, 0.1541, 9.246, 11.7737],
      [0.0047, 0.0215, 0.3107, 0.2552, 0.1905, 0.2661, 0.0917, 0.1548, 0.019, 0.124, 0.1709, 0.2285, 0.2327, 0.2379, 0, 0.0238, 0.1734, 0.0048, 0.112, 0.1538, 0.18, 0.2515, 0.3922, 0.4074, 0.3004, 0.2745, 0.0281, 0.2133, 0, 0.0643, 0.5825, 0.0154, 0.5584, 0.1133]
    ],
    [
      [0.8553, 0.4048, 0.1362, 4.3718, 2.8262, 4.0863, 2.4693, 5.0968, 0, 4.512, 2.4671, 4.8835, 4.9631, 4.5869, 0, 0.0068, 2.236, 0.0223, 2.6072, 3.565, 5.2209, 6.9552, 8.5116, 9.8804, 7.4689, 7.1427, 3.532, 1.7393, 0.0068, 5.0342, 12.247, 0.0204, 8.9095, 0.9365],
      [0.2067, 0.1536, 0.2362, 1.0372, 0.7819, 2.2012, 0.4041, 1.5605, 0.257, 0.5957, 0.5782, 0.1549, 1.3503, 1.1485, 0.2439, 0.0155, 0.6563, 0.4701, 2.4499, 0.5151, 0.9115, 1.5981, 1.9685, 2.4252, 1.7166, 1.6278, 0.8764, 0.1549, 0, 0.2815, 2.8743, 0.2012, 2.2758, 0.0813],
      [0.4341, 1.5377, 3.6366, 2.2701, 1.4929, 2.6345, 0.9074, 1.4632, 0.1241, 2.306, 1.2884, 2.4417, 2.5611, 2.243, 0.0615, 0.4824, 1.2665, 0.0158, 0.827, 1.79, 2.4825, 3.44, 4.4168, 4.9714, 3.7121, 3.5003, 1.7398, 3.0374, 0.0892, 0.2915, 6.088, 0.0191, 4.0888, 0.7446],
      [44.9147, 9.9834, 220.4285, 228.1705, 149.8297, 270.9711, 80.5225, 135.1562, 10.628, 132.3975, 131.3737, 267.3365, 264.1071, 231.6036, 6.223, 15.001, 118.1304, 0, 176.1029, 177.6939, 277.4073, 373.8837, 456.5329, 516.8336, 394.4262, 391.0211, 175.2402, 177.9005, 9.7789, 131.1745, 646.3127, 46.158, 424.1897, 82.6586],
      [1.715, 1.4272, 3.1145, 13.5533, 4.4548, 12.1203, 2.7125, 7.3505, 0.1525, 6.8294, 1.8687, 3.7628, 12.2044, 6.347, 0.1736, 0.2161, 1.6907, 0.3314, 11.1803, 22.5198, 11.3618, 15.4961, 13.4696, 36.2563, 21.4105, 5.5171, 12.6983, 3.5576, 0.827, 7.8912, 16.377, 1.3598, 23.952, 1.1568],
      [3.8742, 1.4933, 17.448, 17.5971, 11.6145, 19.9866, 5.9842, 10.3728, 0.8383, 11.3594, 9.4239, 17.4206, 16.8139, 16.0711, 0.2981, 1.2782, 9.0201, 0.1604, 10.8327, 12.9162, 17.6161, 23.6268, 31.1006, 34.6331, 26.2658, 25.1909, 21.9132, 13.6103, 0.2981, 6.3271, 44.101, 0.2414, 29.5843, 5.4221]
    ],
    [
      [1.2255, 0.9485, 1.9387, 6.1054, 3.9321, 2.8111, 5.4308, 8.2002, 0, 3.8219, 3.3342, 5.8963, 7.7899, 20.9257, 0, 0.0969, 3.0399, 0.0969, 1.9387, 3.6578, 7.1041, 10.3342, 7.8104, 13.5448, 11.3149, 13.531, 3.8676, 2.7141, 0.0969, 10.5706, 21.1987, 0.2908, 20.5567, 0.7755],
      [3.7354, 1.1808, 6.1628, 4.5021, 16.3842, 12.3295, 5.2756, 11.7462, 1.602, 2.0878, 4.7484, 4.0412, 22.629, 16.963, 1.3675, 0.4041, 11.9052, 0.5524, 7.9191, 2.7278, 2.9298, 8.7113, 8.7778, 27.2116, 8.9957, 9.9167, 9.6196, 4.0412, 0, 1.4144, 21.0626, 2.8186, 46.1034, 2.1216],
      [5.6679, 2.7411, 49.0098, 21.9633, 19.1375, 36.6869, 23.8298, 23.9418, 8.148, 18.6568, 19.2858, 21.0241, 38.593, 35.3345, 0.9542, 5.9906, 35.1536, 1.1598, 4.2316, 15.728, 6.8681, 22.7939, 61.0496, 44.0831, 30.6804, 17.5628, 7.4519, 37.2821, 0.667, 1.7311, 70.2521, 1.3464, 36.0508, 5.119],
      [1.6061, 0.093, 11.8571, 3.1981, 4.9352, 5.8458, 0.7609, 1.2682, 0.3449, 1.1752, 13.4015, 13.4333, 9.2864, 4.9297, 0.3541, 5.1487, 3.9989, 0, 5.0943, 1.6149, 15.7442, 20.3682, 20.8342, 8.5293, 13.3108, 31.6739, 1.6064, 7.6777, 0.3347, 1.6812, 25.5483, 1.5408, 4.4543, 5.4939],
      [161.3732, 63.3299, 1082.3996, 879.0095, 711.29, 622.8185, 539.9048, 880.2505, 45.0456, 236.7154, 480.7581, 623.2963, 774.7972, 639.2579, 22.2889, 49.9179, 690.6494, 21.0189, 215.9671, 383.3105, 290.3923, 606.5057, 1560.8375, 1135.9561, 776.2324, 556.6561, 282.6193, 990.1505, 27.866, 267.1426, 2042.8688, 61.9327, 1205.8308, 360.8318],
      [6.3919, 0.7067, 15.6322, 14.2216, 10.321, 10.5082, 2.798, 6.5931, 0.8595, 6.5429, 5.472, 3.3089, 1.9046, 6.5892, 0.0354, 1.4417, 7.253, 0.1719, 0.8493, 2.9611, 3.9614, 6.2867, 16.6905, 7.6751, 10.4659, 6.6594, 8.8352, 7.1344, 0.0354, 0.46, 26.0694, 0.0708, 8.0041, 1.6582]
    ],
    [
      [4.6826, 1.4738, 14.2182, 20.2817, 16.0367, 20.1624, 17.8325, 27.925, 0, 12.4677, 18.0996, 28.3626, 23.0947, 47.1384, 0, 0.6308, 16.838, 0.8236, 14.2182, 15.4059, 23.0719, 32.2666, 52.9917, 43.1832, 37.4834, 36.415, 17.2017, 21.4013, 0.894, 27.4874, 98.2662, 2.4265, 45.6887, 4.4215],
      [0.0904, 0.0155, 0.3936, 0.3663, 0.3779, 0.4522, 0.3113, 0.4983, 0.0407, 0.1916, 0.3883, 0.5058, 0.5346, 0.7957, 0.5697, 0.0203, 0.4011, 1.4584, 0.3086, 0.2788, 0.3704, 0.545, 0.9815, 0.8502, 0.6383, 0.5915, 0.357, 0.4515, 0, 0.3774, 1.7762, 0.0734, 0.4805, 0.0465],
      [0.0114, 0.0024, 0.049, 0.0487, 0.0405, 0.0558, 0.0456, 0.0666, 0.5382, 0.0202, 0.0453, 0.0677, 0.0511, 0.0993, 0.0016, 0.0028, 0.0472, 0.0264, 0.034, 0.0359, 0.0471, 0.0697, 0.1422, 0.0956, 0.0838, 0.0765, 0.0393, 0.0655, 0.0144, 0.0524, 0.2415, 0.0069, 0.0738, 0.0071],
      [1.3761, 0.3012, 4.7966, 5.5286, 4.4958, 6.4424, 4.8324, 7.4516, 0.3431, 2.56, 5.9981, 10.492, 4.9503, 11.8987, 0.1751, 0.224, 4.8357, 0, 5.4123, 4.4327, 6.5018, 8.9843, 16.6953, 11.7362, 10.5461, 9.9997, 6.3498, 7.0346, 0.4459, 6.9789, 30.8021, 1.2269, 9.3364, 0.9035],
      [1.8188, 0.2071, 6.4538, 4.6943, 4.9936, 8.7999, 6.9519, 10.0128, 1.0738, 1.7605, 6.4285, 9.5067, 3.3138, 13.0028, 0.2523, 0.1151, 6.8351, 0.6902, 5.9936, 4.7982, 5.9519, 8.0567, 28.0673, 9.0128, 11.1542, 8.8258, 4.9662, 12.9819, 0.6407, 8.0859, 48.7393, 1.2634, 6.4205, 0.6213],
      [0.0208, 0, 0.0887, 0.0804, 0.0555, 0.0873, 0.0263, 0.0457, 0.0042, 0, 0.0402, 0.0652, 0.0555, 0.0652, 0.0014, 0.0069, 0.043, 0.0014, 0.0333, 0.0485, 0.0568, 0.0776, 0.122, 0.122, 0.0943, 0.0915, 0.086, 0.0652, 0.005, 0.018, 0.1747, 0.0028, 0, 0]
    ],
    [
      [0.0094, 0.0078, 0.0668, 0.052, 0.0362, 0.0796, 0.0291, 0.0399, 0, 0.0211, 0.0333, 0.0743, 0.0572, 0.0678, 0, 0.0043, 0.033, 0.0022, 0.0312, 0.0517, 0.0442, 0.058, 0.0852, 0.1173, 0.0674, 0.0883, 0.075, 0.0722, 0.0022, 0.0191, 0.1004, 0.0004, 0.1263, 0.02],
      [1.4301, 1.055, 10.3838, 7.3186, 5.7828, 11.0949, 4.1537, 6.3353, 0.2503, 3.0305, 6.0643, 4.3873, 11.2102, 10.4901, 0.4457, 0.6809, 6.6791, 0.579, 5.0743, 6.5324, 5.7519, 8.3075, 11.8811, 17.9095, 9.4643, 11.161, 10.3189, 9.3286, 0, 2.1793, 18.0495, 1.934, 22.5167, 3.269],
      [0.8297, 0.7259, 6.3272, 4.6672, 3.2133, 7.4662, 2.49, 3.3197, 0.2073, 1.7622, 2.9043, 6.7398, 5.0822, 5.6003, 0.2074, 0.415, 2.9053, 0.2074, 2.7994, 4.7696, 3.8362, 4.9778, 7.3652, 10.5771, 5.8076, 7.8801, 7.0497, 6.7694, 0.2074, 1.2442, 9.951, 0.8295, 11.3024, 1.8664],
      [0.4076, 0.3742, 3.5097, 2.6849, 1.5795, 4.1339, 1.3663, 1.8695, 0.1019, 0.8662, 1.688, 8.7724, 2.9588, 3.1642, 0.1131, 0.2373, 1.4981, 0, 1.6817, 2.6482, 2.3777, 3.1087, 4.432, 6.0848, 3.5419, 8.6567, 3.7675, 3.6354, 0.3233, 0.8409, 4.8912, 0.4889, 6.2853, 1.0669],
      [0.7699, 2.1104, 10.854, 5.0313, 2.9833, 17.725, 6.0576, 4.9433, 0.1925, 1.636, 3.717, 19.5355, 9.1119, 11.1269, 0.5827, 0.4648, 2.6946, 0.5602, 5.4888, 13.4396, 6.2283, 6.3697, 8.4518, 23.0588, 6.9484, 15.1127, 16.2925, 19.7036, 0.8159, 1.7203, 9.2386, 3.0982, 24.7745, 4.1264],
      [4.5533, 2.7268, 29.8586, 25.246, 17.4049, 31.5003, 9.9032, 15.4923, 1.248, 9.6842, 13.5931, 25.4908, 20.5797, 23.5506, 0.6512, 2.1977, 14.1899, 0.6512, 11.9245, 18.5584, 18.7616, 25.1782, 38.7847, 44.2524, 30.1704, 33.1011, 30.4964, 25.4908, 0.6512, 5.9961, 53.7693, 1.649, 43.9949, 7.6513]
    ]
  ],
  "V_est": [
    [0.2998, 29.4866, 1202.3206, 82.4673, 1203.5231, 13.9026],
    [68.6328, 875.927, 59.4887, 117.0516, 134.7429, 6.157],
    [127.7021, 32.01, 68.4053, 6774.0921, 285.0561, 474.7344],
    [204.9008, 291.9883, 730.1763, 247.1442, 19289.2218, 208.5685],
    [742.8915, 15.5385, 2.3056, 214.0882, 252.491, 1.6852],
    [1.573, 235.0496, 142.3035, 89.1566, 264.9652, 638.9522]
  ],
  "p_est": [
    [0.0001, 0.0116, 0.4749, 0.0326, 0.4753, 0.0055],
    [0.0544, 0.6941, 0.0471, 0.0928, 0.1068, 0.0049],
    [0.0165, 0.0041, 0.0088, 0.8727, 0.0367, 0.0612],
    [0.0098, 0.0139, 0.0348, 0.0118, 0.9198, 0.0099],
    [0.6045, 0.0126, 0.0019, 0.1742, 0.2054, 0.0014],
    [0.0011, 0.1713, 0.1037, 0.065, 0.1931, 0.4657]
  ],
  "EI_Z": {},
  "EI_V": 10.6552,
  "MAE_Z": {},
  "MAE_V": 207.9477,
  "MAE_p": 0.065,
  "runtime": 1.3811
}
