{
  "Z_true": {},
  "V_true": [
    [26, 1015, 155, 907, 304, 53],
    [893, 39, 58, 199, 654, 105],
    [459, 221, 549, 461, 11494, 708],
    [64, 453, 289, 4287, 455, 154],
    [110, 154, 249, 603, 657, 358],
    [28, 83, 1496, 403, 589, 90],
    [146, 68, 114, 203, 681, 695]
  ],
  "p_true": [
    [0.0106, 0.4126, 0.063, 0.3687, 0.1236, 0.0215],
    [0.4584, 0.02, 0.0298, 0.1022, 0.3357, 0.0539],
    [0.033, 0.0159, 0.0395, 0.0332, 0.8274, 0.051],
    [0.0112, 0.0794, 0.0507, 0.7518, 0.0798, 0.027],
    [0.0516, 0.0723, 0.1168, 0.283, 0.3083, 0.168],
    [0.0104, 0.0309, 0.5563, 0.1499, 0.219, 0.0335],
    [0.0766, 0.0357, 0.0598, 0.1064, 0.3571, 0.3644]
  ],
  "Z_est": [
    [
      [1.64, 1.0432, 0.2488, 0, 0.5819, 0.194, 1.2706, 4.4166, 1.0914, 1.8125, 0.5242, 4.7335, 0.3391, 1.4652, 1.7007, 0.6849, 0.9751, 0.5442, 1.2476, 1.238, 0.1622, 0.3991, 0.0296, 1.5401, 2.9277, 0.2517, 2.9373, 0.6471, 0.1562, 1.5409, 0.5242, 1.0218, 0.8397, 1.5283, 0.9633, 1.6897, 0.8448, 0.4332, 0.7819, 0.8448, 2.5055, 0.0578, 2.4122, 0.4546, 6.8321, 1.2484],
      [49.2114, 33.8572, 4.2825, 3.0231, 41.1092, 3.9094, 85.5427, 134.6671, 26.3517, 56.9631, 13.1011, 79.7106, 8.8164, 73.2192, 61.7601, 28.8284, 36.4679, 25.3413, 22.7999, 21.6181, 3.9393, 5.5956, 8.1333, 32.4245, 42.4665, 5.2823, 49.972, 19.8123, 2.6262, 15.1007, 10.0188, 23.3823, 12.2209, 28.0822, 12.3549, 28.2018, 11.6983, 19.3533, 16.6075, 13.4144, 89.7382, 4.7875, 72.62, 9.4453, 84.6939, 24.0228],
      [2.0999, 1.251, 0.1518, 0.1012, 1.5088, 0.1628, 3.4697, 5.1625, 1.1081, 2.8385, 0.5935, 3.5835, 0.7541, 3.286, 2.2936, 1.2691, 1.6272, 1.409, 1.1807, 0.5749, 0.2091, 0.255, 0.2053, 1.3875, 2.0607, 0.1437, 2.3897, 0.8909, 0.1155, 0.8684, 0.5792, 0.9783, 0.3285, 1.4152, 0.7109, 1.1803, 0.6331, 0.8862, 0.8642, 0.824, 3.7109, 0.1757, 3.6037, 0.392, 3.9372, 0.3495],
      [20.2304, 12.2454, 1.1245, 0.154, 14.8764, 1.7391, 34.5054, 53.049, 7.2624, 32.2775, 5.9358, 39.9255, 5.8953, 45.6176, 32.8967, 13.7427, 20.151, 18.9309, 12.151, 3.6713, 1.497, 1.4938, 1.3112, 11.9508, 19.7059, 1.0978, 21.2051, 19.59, 0.9738, 4.7525, 8.0526, 6.5594, 2.0979, 15.4353, 8.1484, 11.5174, 7.658, 7.6291, 8.8986, 6.2113, 42.5427, 0.7867, 33.4756, 4.2821, 43.5404, 11.4057],
      [1.7989, 0.9324, 0.1119, 0.7217, 1.1189, 0.9008, 24.1861, 13.8344, 0.69, 9.6998, 0.5637, 5.236, 0.9671, 8.6146, 3.9539, 0.8578, 5.8934, 10.01, 3.0707, 0.5221, 0.1119, 0.1492, 0.1865, 3.9995, 3.8733, 0.1305, 7.3556, 1.4829, 0.0746, 0.4289, 1.5434, 0.6154, 0.2984, 0.8951, 0.5138, 0.8205, 0.8705, 1.2958, 2.4453, 0.4103, 3.571, 0.1119, 18.1178, 2.198, 10.9574, 13.2896],
      [1.0195, 0.6707, 0.0805, 0, 0.8048, 0.0939, 2.0254, 2.8705, 0.4964, 1.4085, 0.2817, 1.8109, 0.2281, 1.7974, 1.3951, 0.6171, 0.8853, 0.7646, 0.5501, 0.3756, 0.0805, 0.1073, 0.1341, 0.6975, 0.9659, 0.0939, 1.1403, 0.5768, 0.0537, 0.3086, 0.2817, 0.4428, 0.2146, 0.644, 0.3087, 0.5904, 0.2952, 0.4025, 0.4025, 0.2952, 1.9317, 0.0805, 1.7707, 0.2281, 2.0391, 0.6841]
    ],
    [
      [38.5033, 16.4839, 2.2454, 0, 11.0936, 4.8007, 39.9941, 114.5952, 28.933, 39.4448, 14.2781, 25.55, 7.785, 29.2261, 29.7457, 14.4998, 20.4685, 10.0233, 29.7457, 31.4644, 4.4491, 6.3327, 12.6834, 41.3234, 74.0223, 7.111, 73.6004, 14.7263, 3.1808, 38.0503, 11.1909, 24.5231, 19.1719, 34.1911, 26.6948, 41.5854, 19.8201, 13.8242, 18.2302, 21.1169, 57.2843, 1.8438, 57.4131, 10.4452, 164.5606, 34.1867],
      [2.5373, 0.1426, 0.2243, 0.9545, 1.9721, 0.1949, 3.7163, 7.0155, 1.5673, 2.4721, 0.898, 0.2211, 0.3973, 2.9373, 2.7563, 1.3601, 1.5331, 1.0274, 1.133, 2.0133, 0.2524, 0.3179, 0.556, 1.8259, 2.4372, 0.8322, 2.727, 0.8526, 0.1445, 1.0304, 0.4477, 1.344, 0.7799, 1.4081, 0.7282, 1.6311, 0.5126, 3.2845, 0.787, 0.7647, 4.3602, 0.7021, 3.2801, 0.4477, 4.6995, 0.8406],
      [4.5507, 1.4884, 0.2476, 0.5046, 1.4256, 0.5371, 6.2403, 14.271, 3.6445, 4.5977, 2.0004, 2.3071, 0.9199, 3.5792, 3.4116, 1.7637, 2.3146, 1.2443, 3.3387, 3.5757, 0.8915, 0.5954, 1.4797, 6.2026, 8.3826, 1.0525, 8.4352, 1.694, 0.2977, 4.1315, 1.0419, 2.7854, 1.7861, 3.3458, 3.3281, 4.5513, 2.0888, 2.3865, 2.0711, 2.5484, 6.8167, 0.3422, 6.8901, 1.0783, 17.0651, 0.0526],
      [1.5452, 0.0006, 0.0001, 0.0232, 0.0005, 0.1237, 14.1567, 3.2856, 3.2803, 2.3953, 1.5404, 0.0009, 0.4171, 0.0013, 0.0012, 0.4909, 1.0447, 0.0004, 1.02, 0.7963, 1.0869, 0.0002, 0.5639, 3.6482, 2.2356, 0.7652, 1.5159, 2.0934, 0.0001, 0.92, 0.0004, 1.3517, 0.0007, 0.0013, 1.9036, 1.3292, 0.7186, 1.6687, 0.6336, 0.9348, 3.5605, 0.3088, 2.4337, 0.3091, 3.5569, 0.5728],
      [7.0231, 1.5793, 0.2369, 0.5177, 1.2635, 1.2367, 8.7627, 41.0385, 6.8867, 4.2642, 4.9162, 2.448, 1.3124, 5.6143, 4.458, 1.5793, 2.2111, 1.4903, 5.1355, 6.4625, 4.1519, 0.6317, 1.4566, 11.0073, 17.3031, 3.0405, 18.1022, 2.2979, 0.3159, 6.088, 1.1055, 3.4751, 1.8952, 3.3956, 8.7024, 8.0159, 2.4619, 8.3775, 2.8958, 4.1765, 9.7093, 0.7414, 14.6688, 1.5056, 26.7574, 19.4925],
      [0.8404, 0.3051, 0.0458, 0, 0.2448, 0.1069, 1.1299, 2.7942, 0.6881, 0.8258, 0.3668, 0.4729, 0.1683, 0.6418, 0.6272, 0.3061, 0.4281, 0.2142, 0.6271, 0.6878, 0.1683, 0.1221, 0.2602, 0.9926, 1.6193, 0.1986, 1.6192, 0.3358, 0.061, 0.7798, 0.2136, 0.5208, 0.3662, 0.6581, 0.6428, 0.8872, 0.398, 0.4586, 0.3823, 0.4587, 1.2691, 0.0616, 1.3142, 0.214, 3.3605, 0.8547]
    ],
    [
      [5.7832, 6.3866, 4.618, 0, 1.564, 0.3662, 1.4106, 5.23, 1.5148, 6.2639, 0.5129, 9.4005, 1.0351, 2.7282, 4.0549, 1.8912, 3.0757, 0.9397, 5.285, 4.8509, 0.1603, 5.4515, 2.9366, 3.0994, 8.8206, 0.2565, 8.7272, 1.8043, 1.331, 8.4672, 2.8359, 3.4483, 6.5821, 9.0981, 1.045, 6.9351, 4.4585, 0.4809, 3.333, 2.736, 6.1559, 0.0641, 5.4041, 2.3842, 34.6893, 1.2182],
      [8.8416, 7.2663, 1.1452, 0.1004, 1.8806, 0.0752, 4.2703, 13.7544, 2.3461, 1.0831, 0.9983, 8.6722, 0.1655, 1.3689, 2.385, 3.2257, 0.692, 0.4814, 0.4362, 8.5012, 0.2908, 1.2712, 2.3196, 4.5326, 1.3956, 0.6173, 2.3529, 0.361, 0.6047, 0.346, 0.1805, 2.5749, 2.9433, 0.5716, 0.2256, 2.0246, 0.2106, 1.3559, 0.3159, 0.2858, 10.4922, 2.4963, 1.3839, 0.1805, 1.6246, 0.4362],
      [13.1012, 1.379, 0.1517, 0.3306, 2.3758, 0.1012, 2.751, 7.3729, 6.5906, 7.0446, 2.1817, 2.8861, 3.0394, 5.0837, 2.2509, 8.0277, 1.4416, 1.2645, 5.9056, 4.3709, 1.4226, 1.2521, 4.7987, 5.5729, 12.0438, 9.4898, 13.0161, 0.3541, 0.4993, 9.6754, 2.0278, 1.5933, 8.7186, 2.4949, 3.7539, 1.4669, 0.9611, 2.7495, 3.9936, 5.2066, 3.996, 1.539, 6.4687, 0.2276, 4.3247, 0.3288],
      [4.532, 5.0666, 2.1357, 0.0627, 4.6735, 0.3344, 1.8612, 8.8822, 4.7028, 14.2261, 1.972, 33.7658, 5.2164, 15.6562, 6.4888, 8.1323, 13.9258, 3.3456, 5.5503, 7.3076, 0.3971, 1.234, 5.2725, 2.0899, 4.1798, 0.3344, 4.0962, 5.3443, 1.0943, 6.6086, 4.2176, 12.8531, 5.8591, 13.0875, 4.1904, 6.6759, 8.5371, 2.7387, 2.0136, 2.5288, 27.3957, 0.836, 10.8924, 0.836, 27.619, 1.5465],
      [368.3217, 219.325, 67.1192, 5.5063, 120.8411, 14.3049, 168.7924, 418.7151, 304.0992, 474.8068, 154.3759, 290.9304, 76.9649, 265.3404, 223.9455, 154.1769, 179.5039, 112.2073, 456.0453, 302.4881, 137.6372, 91.4116, 308.7829, 219.8251, 515.3404, 101.9479, 504.5368, 56.8427, 23.7046, 469.2334, 190.8246, 430.3938, 255.4843, 591.3709, 377.2753, 458.5168, 345.666, 153.9487, 223.5807, 239.2604, 687.0163, 103.9221, 476.7016, 86.9537, 797.9341, 120.7765],
      [16.4202, 18.5766, 3.8301, 0, 8.6649, 1.8182, 10.9145, 26.0454, 24.7466, 24.5755, 9.9592, 20.345, 7.5788, 8.8226, 24.875, 15.5462, 8.3611, 7.7614, 19.7775, 16.4813, 9.092, 6.3796, 12.8897, 12.8801, 26.2197, 2.3542, 29.2707, 1.2936, 1.766, 21.6695, 7.9136, 27.1366, 17.4126, 31.377, 33.5097, 33.3808, 21.1668, 11.7262, 10.7633, 10.9823, 34.944, 7.1425, 24.1492, 6.4181, 60.8083, 3.6937]
    ],
    [
      [1.39, 2.7545, 0.3276, 0, 0.0723, 0.5038, 0.2271, 3.3569, 0.968, 2.198, 0.0826, 2.7286, 0.3411, 2.1894, 1.931, 1.1318, 1.304, 0.8458, 0.8904, 0.806, 0.0258, 0.4148, 0.5012, 0.8266, 5.2834, 0.0413, 5.0944, 0.4099, 0.0534, 0.8835, 0.5236, 0.9163, 0.4236, 1.1299, 0.6562, 1.1677, 0.5735, 0.0774, 0.5925, 0.9043, 2.7836, 0.0103, 2.0842, 0.3272, 9.4324, 0.5917],
      [10.1181, 7.6484, 0.963, 0.4347, 18.2146, 0.6871, 14.1677, 36.1358, 10.2515, 7.4405, 2.6523, 16.7001, 1.1367, 9.8631, 15.0404, 6.5866, 5.0263, 3.3069, 2.9969, 7.7656, 0.8297, 1.1996, 2.4486, 6.1149, 8.5695, 1.921, 9.4381, 2.4802, 0.4733, 3.0068, 1.2401, 5.5592, 2.7542, 4.2248, 1.5501, 6.2721, 1.4468, 3.8205, 2.1701, 2.6802, 18.6755, 2.1813, 9.5073, 1.3193, 11.3196, 2.9969],
      [3.9825, 0.9014, 0.1151, 0.3064, 4.0129, 0.167, 3.2081, 7.3675, 2.6652, 6.3997, 1.1581, 5.7581, 1.5705, 5.3385, 1.7069, 2.9544, 1.0932, 0.9589, 2.4618, 2.0312, 0.5957, 2.2314, 2.3772, 6.1361, 4.5258, 0.9652, 4.968, 0.2685, 0.1783, 2.582, 1.2987, 1.2082, 1.714, 1.726, 1.7511, 1.1123, 0.7288, 1.3339, 4.8051, 7.0166, 3.0301, 3.2203, 7.0293, 0.3174, 6.8589, 0.2493],
      [140.2908, 120.6133, 14.0415, 2.2055, 118.0492, 12.8552, 159.4944, 304.7689, 90.4564, 244.6504, 40.2008, 321.9177, 36.7752, 259.4537, 215.7026, 123.1211, 154.4071, 101.6181, 88.6984, 71.0034, 12.0638, 13.1299, 50.4082, 66.8674, 139.4129, 10.4762, 133.0697, 41.3058, 3.1563, 76.6202, 58.7279, 97.5482, 32.7567, 116.4967, 64.4719, 114.5699, 56.4357, 47.4888, 55.6293, 89.2409, 313.432, 30.951, 216.6854, 29.5757, 316.8278, 52.5457],
      [6.4622, 10.6595, 0.2849, 0.0534, 20.2293, 1.2258, 6.7816, 30.8763, 8.734, 14.6349, 1.1359, 9.838, 1.4739, 8.3172, 12.4276, 13.7013, 4.3486, 4.2193, 3.2779, 3.9371, 0.2492, 0.7222, 3.2605, 2.6503, 11.3312, 0.3618, 5.7361, 1.4825, 0.0712, 5.3988, 1.1394, 1.9406, 0.6943, 2.2788, 1.4935, 3.7159, 2.7582, 0.9792, 3.6652, 9.3028, 6.2311, 3.1703, 10.5164, 4.7182, 15.4403, 6.5479],
      [2.7565, 2.4228, 0.268, 0, 3.4218, 0.5611, 3.1211, 6.4946, 1.9248, 4.6765, 0.7702, 6.0575, 0.7026, 4.8381, 4.1916, 2.5048, 2.8209, 2.051, 1.6746, 1.4567, 0.2358, 0.302, 1.0043, 1.4047, 2.8773, 0.2345, 2.6937, 0.0531, 0.0676, 1.5088, 1.0703, 1.8274, 0.6571, 2.1438, 2.0773, 2.1621, 1.0571, 1.3002, 1.1378, 1.8552, 5.8476, 3.4667, 4.1775, 0.7422, 6.121, 1.0686]
    ],
    [
      [0.4328, 2.2566, 0.0794, 0, 0.1255, 0.0519, 0.384, 1.1414, 0.3018, 0.4653, 0.1374, 0.3905, 0.088, 0.3304, 0.345, 0.1707, 0.2403, 0.1203, 0.3442, 0.3516, 0.0429, 0.1142, 0.1525, 0.4203, 0.8189, 0.0699, 0.8117, 0.1558, 0.0433, 0.4545, 0.2448, 0.2961, 1.6072, 0.428, 0.2765, 0.4815, 0.2398, 0.133, 0.2128, 0.2394, 0.6445, 0.0172, 0.6226, 0.1228, 1.9197, 0.3283],
      [2.7293, 3.7441, 0.3353, 0, 1.4776, 0.111, 1.9921, 4.5187, 2.0896, 3.8891, 1.1623, 3.1257, 0.4726, 2.9752, 2.4752, 1.666, 1.8724, 1.79, 1.6035, 1.7698, 0.6038, 0.5251, 1.2673, 1.8116, 2.5264, 0.2828, 2.8522, 0.4082, 0.1026, 3.0989, 0.1003, 4.0548, 1.9403, 3.0859, 0.1254, 3.4654, 0.117, 0.9691, 1.0974, 1.4737, 5.6888, 2.4995, 4.5407, 0.5501, 4.7091, 0.5884],
      [9.369, 3.926, 0.4938, 0, 4.804, 0.3315, 4.9731, 13.3443, 6.0646, 11.8766, 2.8368, 7.6442, 2.07, 9.2901, 7.3825, 5.6395, 4.7399, 4.1649, 6.1618, 4.6553, 2.2919, 1.5784, 4.3993, 5.5606, 10.1074, 1.42, 11.1853, 1.159, 0.2971, 6.9263, 2.7302, 5.1847, 5.572, 7.4978, 4.174, 4.7732, 3.1728, 3.1512, 4.5728, 6.4624, 13.1544, 0.9383, 10.082, 0.7555, 14.198, 1.0812],
      [16.708, 14.7193, 1.9838, 0, 9.4331, 0.4161, 10.4916, 28.7958, 12.3495, 27.7613, 6.6313, 19.2116, 3.051, 20.2483, 12.5497, 12.1693, 15.0698, 15.5782, 11.9971, 9.9838, 1.8594, 2.7033, 7.6431, 9.8648, 16.4203, 1.4978, 17.2689, 0.8633, 0.2878, 17.2921, 10.3803, 40.4519, 14.1503, 19.204, 11.4476, 23.3493, 10.4337, 5.8768, 8.1439, 10.2659, 37.4178, 5.7589, 28.7952, 3.4567, 34.0687, 3.4529],
      [24.3481, 19.675, 3.838, 0, 7.3914, 0.5475, 8.4864, 23.2626, 21.3043, 39.6812, 14.4607, 25.088, 3.0113, 24.5921, 20.0415, 13.1772, 16.0275, 18.0584, 19.3221, 17.7552, 8.8424, 6.1278, 15.0417, 18.2057, 19.1123, 1.6425, 23.722, 2.5064, 0.5475, 46.4004, 28.8469, 45.7233, 20.6021, 38.9745, 26.3766, 45.4762, 19.4192, 6.8411, 15.3408, 14.2016, 59.9501, 16.374, 52.3543, 6.0742, 35.5364, 2.7375],
      [7.4127, 6.679, 1.2696, 0, 3.7684, 0.542, 4.6727, 11.9371, 7.8902, 11.3264, 3.7715, 8.54, 2.3071, 6.5639, 8.2061, 5.1773, 5.0501, 4.2881, 7.5713, 6.4843, 2.3596, 1.9512, 4.4961, 5.1369, 10.0146, 1.0869, 10.1599, 0.9073, 0.7216, 9.8277, 4.6975, 12.2892, 7.1282, 10.8098, 9.5999, 12.4543, 6.6175, 4.0289, 4.6323, 5.357, 16.1444, 3.4122, 12.6051, 2.0407, 19.5681, 1.8116]
    ],
    [
      [0.3789, 1.4138, 0.1941, 0, 0.199, 0.0193, 0.2072, 0.6358, 0.2569, 0.5285, 0.0262, 0.3519, 0.073, 0.4064, 0.3688, 0.2135, 0.2643, 0.2005, 0.2588, 0.2196, 0.0082, 0.0684, 0.185, 0.2232, 0.462, 0.0414, 0.5044, 0.0641, 0.0302, 0.3004, 0.1174, 0.2756, 0.2346, 0.4339, 0.186, 0.2708, 0.1951, 0.0246, 0.1651, 0.2549, 0.6618, 0.0033, 0.4416, 0.0449, 0.8366, 0.1094],
      [0.4537, 0.2607, 0.0338, 0.0137, 0.273, 0.015, 0.1966, 0.6641, 0.3039, 0.0188, 0.1467, 0.4354, 0.0029, 0.5267, 0.4657, 0.2762, 0.3321, 0.0083, 0.0076, 0.235, 0.0702, 0.0709, 0.2325, 0.2226, 0.4632, 0.0435, 0.5299, 0.0566, 0.0331, 0.3215, 0.0031, 0.57, 0.2753, 0.5266, 0.0039, 0.2762, 0.0036, 0.1585, 0.0055, 0.3113, 0.8249, 0.0386, 0.4995, 0.0351, 0.7186, 0.0761],
      [78.4031, 37.2376, 4.7898, 2.6308, 43.1509, 2.6295, 38.5567, 111.1631, 51.7058, 108.2117, 24.6585, 68.5155, 16.2129, 84.074, 70.6618, 47.5149, 44.8707, 40.328, 50.4737, 39.6262, 12.4828, 12.7917, 38.9599, 41.2433, 82.8129, 7.6037, 93.0665, 9.4043, 5.3049, 57.2752, 22.6893, 50.7226, 47.5606, 71.9952, 35.0792, 43.9545, 29.5248, 26.7888, 34.7688, 54.6914, 124.6872, 4.5057, 84.8676, 6.0169, 121.554, 10.6555],
      [13.28, 12.6208, 1.1586, 0.3241, 8.981, 0.2819, 3.4088, 19.6635, 8.8104, 21.1808, 4.2397, 16.2402, 1.427, 21.5354, 22.3777, 9.1885, 15.5373, 14.7604, 8.7093, 6.8452, 1.7353, 1.7928, 6.0621, 3.6467, 12.829, 1.1734, 14.5127, 0.8897, 0.8136, 8.8906, 5.0186, 10.6588, 8.1158, 25.5933, 6.2833, 9.542, 6.4784, 4.6857, 4.472, 8.7895, 28.5854, 0.3964, 16.6788, 0.7585, 25.193, 3.3162],
      [2.2024, 2.2284, 0.7772, 0.0314, 3.2385, 0.0314, 0.4497, 1.4015, 2.6191, 10.6365, 1.7942, 3.1344, 0.1883, 3.2096, 2.7849, 0.6066, 8.8027, 1.5567, 2.2565, 1.8268, 0.618, 0.203, 4.3867, 0.4811, 1.025, 0.0941, 2.9763, 0.5482, 0.7841, 1.8881, 1.0343, 8.3854, 2.5507, 14.0402, 1.0853, 3.5376, 11.5433, 1.0737, 0.4184, 2.7375, 17.6526, 0.0523, 1.0877, 0.0732, 1.9201, 0.7696],
      [0.2819, 0.2386, 0.0465, 0, 0.1576, 0.0229, 0.1809, 0.4721, 0.3039, 0.4237, 0.1347, 0.3227, 0.096, 0.2478, 0.3411, 0.2004, 0.1929, 0.146, 0.2942, 0.2472, 0.0855, 0.0732, 0.1738, 0.1831, 0.4079, 0.0439, 0.4102, 0.0372, 0.0341, 0.3242, 0.1373, 0.3876, 0.263, 0.4109, 0.3624, 0.419, 0.2547, 0.2688, 0.1704, 0.2154, 0.5881, 0.0038, 0.4248, 0.0713, 0.7778, 0.0732]
    ],
    [
      [0.8717, 0.6613, 0.2867, 0, 0.3636, 0.0642, 0.5063, 1.624, 0.9341, 1.287, 0.4385, 0.845, 0.3387, 0.6542, 0.8539, 0.4082, 0.672, 0.3262, 1.2282, 1.0696, 0.1515, 0.2193, 0.5116, 0.5669, 1.665, 0.2282, 1.3245, 0.1925, 0.205, 1.3031, 0.5633, 1.5187, 1.1408, 1.1908, 1.1783, 1.8699, 0.8681, 0.0268, 0.6845, 0.9038, 1.9644, 0.0036, 1.6222, 0.221, 2.7293, 0.3173],
      [0.1086, 0.0806, 0.0158, 0.4737, 0.073, 0.0074, 0.1142, 0.2445, 0.0899, 0.1333, 0.0412, 0.1351, 0.0087, 0.1095, 0.1173, 0.0571, 0.0763, 0.0447, 0.0229, 0.0971, 0.0139, 0.0197, 0.0426, 0.0679, 0.1416, 0.0208, 0.1278, 0.0292, 0.0157, 0.0957, 0.0095, 0.5148, 0.0862, 0.1007, 0.0118, 0.129, 0.0111, 0.0583, 0.0166, 0.0698, 0.2202, 0.2948, 0.1685, 0.022, 0.2347, 0.0389],
      [1.4937, 0.8167, 0.0502, 0.1263, 0.7221, 0.0708, 0.8011, 2.3187, 1.221, 2.0311, 0.5709, 1.3054, 0.4333, 1.3484, 1.2928, 0.8307, 0.9128, 0.6302, 1.4776, 1.1658, 0.1063, 0.296, 0.7798, 0.897, 2.0669, 0.3252, 1.9393, 0.2292, 0.3072, 1.5412, 0.6329, 0.5275, 1.3201, 1.5252, 1.2027, 0.9615, 0.8907, 0.704, 0.9245, 1.2505, 2.6048, 0.2788, 2.0585, 0.2123, 3.0621, 0.2831],
      [3.4135, 2.7339, 0.5558, 0.2306, 1.9863, 0.2496, 1.0818, 6.555, 3.1383, 5.5086, 1.4801, 1.9382, 1.218, 1.4875, 1.9833, 2.1551, 3.8644, 0.7663, 3.8738, 3.3924, 0.3606, 0.646, 1.739, 1.9321, 5.2165, 0.6553, 4.3315, 0.9134, 2.6741, 3.9161, 3.6026, 5.5768, 5.0194, 4.1819, 3.5548, 5.0163, 2.7385, 1.9122, 2.2091, 3.0289, 8.0659, 0.9622, 6.0389, 0.7819, 9.1943, 1.1602],
      [15.8437, 10.6004, 3.6319, 1.1695, 4.9174, 0.753, 7.5411, 27.8716, 17.6667, 24.2764, 8.7534, 14.3253, 7.0822, 12.3119, 14.3887, 3.9007, 13.2128, 5.458, 28.8921, 25.0082, 1.3893, 3.7545, 9.8851, 8.831, 36.0147, 5.7826, 23.5708, 3.8394, 3.502, 29.5624, 11.5058, 35.4665, 26.475, 22.0449, 23.553, 34.9171, 18.281, 12.484, 15.6538, 21.9109, 39.8697, 4.628, 34.5534, 3.4771, 47.4544, 5.3863],
      [22.2688, 19.1071, 4.4595, 0, 10.9376, 1.855, 13.9555, 39.386, 25.95, 33.7636, 11.7159, 24.4509, 8.919, 17.0885, 25.364, 13.6482, 16.2617, 9.7746, 29.5054, 25.267, 5.9784, 6.0646, 14.0418, 14.7051, 38.8953, 4.988, 33.7061, 3.7962, 4.2959, 31.5815, 13.6859, 38.3956, 26.9584, 32.9565, 33.4993, 41.1062, 23.2107, 15.8148, 16.5115, 20.8362, 50.2751, 8.8327, 39.5586, 6.2857, 68.3252, 6.8142]
    ]
  ],
  "V_est": [
    [59.3258, 1456.5753, 63.5206, 678.201, 169.4311, 32.9462],
    [1340.4428, 72.0677, 153.304, 62.2385, 290.2083, 29.7387],
    [198.835, 109.0837, 185.6267, 310.3164, 12346.6989, 741.4393],
    [59.7778, 291.3356, 122.3853, 4860.2177, 268.4744, 99.8092],
    [18.6555, 88.2845, 242.1941, 591.5036, 897.046, 293.3163],
    [12.3592, 11.0405, 2096.4226, 427.4818, 130.7432, 10.9526],
    [36.6038, 4.6126, 46.5468, 133.0409, 731.3981, 954.7978]
  ],
  "p_est": [
    [0.0241, 0.5921, 0.0258, 0.2757, 0.0689, 0.0134],
    [0.6881, 0.037, 0.0787, 0.0319, 0.149, 0.0153],
    [0.0143, 0.0079, 0.0134, 0.0223, 0.8888, 0.0534],
    [0.0105, 0.0511, 0.0215, 0.8524, 0.0471, 0.0175],
    [0.0088, 0.0414, 0.1137, 0.2776, 0.421, 0.1376],
    [0.0046, 0.0041, 0.7796, 0.159, 0.0486, 0.0041],
    [0.0192, 0.0024, 0.0244, 0.0698, 0.3835, 0.5007]
  ],
  "EI_Z": {},
  "EI_V": 11.9926,
  "MAE_Z": {},
  "MAE_V": 175.4866,
  "MAE_p": 0.0553,
  "runtime": 2.779
}
