{
  "X": [
    [21, 51, 30, 87, 307, 774, 65],
    [4, 16, 13, 32, 67, 139, 17],
    [20, 13, 17, 9, 42, 69, 13],
    [31, 37, 26, 61, 171, 487, 43],
    [0, 1, 1, 2, 4, 26, 0],
    [1, 0, 2, 2, 7, 14, 2],
    [19, 26, 12, 26, 134, 169, 12],
    [20, 12, 10, 30, 102, 257, 36],
    [11, 13, 4, 20, 125, 224, 14],
    [0, 0, 2, 6, 9, 23, 2],
    [6, 0, 6, 6, 22, 52, 6],
    [8, 5, 3, 9, 15, 37, 5],
    [25, 77, 42, 133, 268, 516, 40],
    [16, 12, 19, 22, 73, 110, 18],
    [6, 7, 3, 9, 31, 71, 5],
    [18, 14, 12, 27, 61, 277, 25],
    [2, 1, 4, 1, 4, 33, 3],
    [2, 7, 12, 13, 22, 215, 22],
    [11, 22, 41, 45, 88, 712, 52],
    [0, 4, 4, 2, 5, 34, 3],
    [33, 22, 37, 49, 110, 441, 44],
    [25, 28, 39, 46, 122, 323, 25],
    [37, 53, 45, 81, 414, 587, 56],
    [44, 40, 29, 58, 230, 370, 22],
    [27, 38, 80, 78, 254, 1000, 95],
    [8, 22, 25, 31, 93, 302, 23],
    [14, 26, 33, 34, 90, 341, 29],
    [6, 33, 39, 51, 163, 605, 36],
    [15, 31, 40, 65, 160, 679, 50],
    [5, 7, 20, 26, 38, 444, 33],
    [16, 8, 21, 19, 36, 427, 22],
    [7, 5, 3, 13, 19, 201, 12],
    [17, 17, 18, 14, 66, 243, 26],
    [40, 47, 43, 96, 242, 752, 64],
    [22, 21, 23, 32, 117, 357, 46],
    [17, 19, 23, 21, 85, 343, 37],
    [37, 39, 40, 50, 198, 601, 50],
    [63, 50, 52, 83, 287, 892, 90],
    [36, 26, 18, 47, 169, 506, 32],
    [30, 15, 21, 40, 110, 445, 45],
    [39, 20, 22, 35, 131, 355, 24],
    [21, 11, 14, 36, 107, 292, 33],
    [49, 46, 32, 70, 176, 520, 46],
    [29, 20, 20, 78, 112, 444, 28],
    [28, 26, 39, 52, 128, 504, 42],
    [19, 5, 7, 21, 108, 349, 54],
    [44, 41, 39, 69, 319, 963, 80],
    [7, 13, 12, 11, 32, 102, 18],
    [53, 101, 148, 106, 332, 937, 133],
    [5, 20, 22, 3, 68, 124, 16]
  ],
  "W": [
    [95, 43, 620, 296, 100, 104, 77],
    [26, 14, 117, 52, 33, 37, 9],
    [21, 18, 56, 26, 14, 10, 38],
    [56, 43, 379, 150, 76, 79, 73],
    [1, 1, 24, 7, 0, 1, 0],
    [1, 4, 10, 3, 2, 4, 4],
    [53, 14, 121, 125, 31, 38, 16],
    [32, 14, 209, 86, 48, 32, 46],
    [26, 12, 173, 96, 24, 49, 31],
    [0, 1, 23, 9, 1, 4, 4],
    [5, 7, 41, 14, 4, 10, 17],
    [5, 3, 28, 19, 6, 12, 9],
    [109, 62, 407, 238, 68, 159, 58],
    [24, 27, 75, 62, 26, 27, 29],
    [6, 5, 60, 28, 10, 12, 11],
    [19, 16, 232, 47, 35, 37, 48],
    [0, 4, 30, 3, 6, 5, 0],
    [6, 9, 191, 19, 16, 27, 25],
    [21, 33, 618, 87, 73, 67, 72],
    [3, 4, 32, 6, 2, 2, 3],
    [50, 54, 330, 96, 57, 70, 79],
    [65, 60, 239, 89, 35, 78, 42],
    [144, 64, 390, 359, 77, 149, 90],
    [90, 47, 248, 174, 61, 103, 70],
    [53, 89, 834, 242, 155, 88, 111],
    [31, 25, 226, 86, 50, 52, 34],
    [40, 34, 283, 82, 48, 39, 41],
    [52, 44, 460, 156, 79, 84, 58],
    [55, 44, 562, 145, 74, 84, 76],
    [7, 31, 375, 42, 42, 42, 34],
    [10, 19, 400, 36, 30, 18, 36],
    [11, 6, 172, 13, 22, 17, 19],
    [34, 27, 164, 56, 48, 26, 46],
    [66, 64, 575, 216, 115, 143, 105],
    [36, 34, 267, 103, 51, 81, 46],
    [18, 27, 277, 72, 72, 34, 45],
    [74, 45, 490, 158, 76, 91, 81],
    [82, 79, 712, 231, 142, 141, 130],
    [32, 34, 393, 146, 80, 90, 59],
    [35, 31, 339, 106, 62, 68, 65],
    [35, 32, 260, 110, 74, 52, 63],
    [14, 24, 224, 94, 60, 55, 43],
    [64, 36, 430, 146, 85, 111, 67],
    [38, 32, 321, 93, 60, 119, 68],
    [44, 42, 378, 119, 60, 99, 77],
    [9, 6, 296, 117, 45, 29, 61],
    [123, 70, 704, 282, 150, 98, 128],
    [12, 15, 84, 37, 13, 16, 18],
    [132, 180, 761, 321, 118, 124, 174],
    [33, 34, 105, 57, 9, 4, 16]
  ],
  "method": "mvn_pdf",
  "cond_prob": [
    [
      [0.062089308599, 0.38049921769, 0.0084792198724, 0.056232289971, 0.43962190025, 0.051860998588, 0.0012170650317],
      [0.11846214494, 0.04631454733, 0.47134998315, 0.063103466117, 0.054523622479, 0.17412119851, 0.072125037471],
      [0, 0, 0, 0, 0, 0.94203845765, 0.057961542345],
      [0, 0.0030645334672, 0.0015722383936, 0.011420223762, 0.7726087225, 0.18109166186, 0.030242620017],
      [0, 0.006126441093, 0.013476264376, 0.13487244109, 0.12066170596, 0.7239983134, 0.00086483408562],
      [0, 0.042489237738, 0.0086216559735, 0.51343417766, 0.14723174215, 0.2821909505, 0.006032235979],
      [0.12996939546, 0.089901584984, 0.080737189784, 0.11272335832, 0.088583767166, 0.28793932141, 0.21014538288]
    ],
    [
      [0.064062103148, 0.44933519639, 0.014545699429, 0.0538376616, 0.391326048, 0.02677626335, 0.00011702808581],
      [0.083738043213, 0.040565256781, 0.66307938742, 0.046162883539, 0.038030261004, 0.070564423172, 0.057859744875],
      [0, 0, 0, 0, 0.00870942952, 0.88908232604, 0.10220824444],
      [0, 0.0058633308373, 0.0043500994017, 0.0099819844778, 0.83180879088, 0.11287919591, 0.035116598492],
      [0, 0.01047516489, 0.034544424255, 0.19854378765, 0.1661447407, 0.59011019648, 0.00018168602159],
      [0, 0.056746064684, 0.017029472303, 0.58995022087, 0.15583157441, 0.17468327581, 0.0057593919219],
      [0.12911696813, 0.11102147341, 0.14915986072, 0.11719711904, 0.08572155804, 0.16518302284, 0.24259999782]
    ],
    [
      [0.17628211095, 0.35745850059, 0.012598939851, 0.024439356056, 0.41115353469, 0.015543744233, 0.0025238136252],
      [0.22473958166, 0.035731981987, 0.5777207032, 0.022059047093, 0.042973715731, 0.054888141164, 0.04188682917],
      [0, 0, 0.003597200295, 0.0035274468088, 0.0075819281376, 0.89310707187, 0.09218635289],
      [0, 0.00059559614187, 0.0051670475408, 0.0083972636552, 0.87740573786, 0.08235829319, 0.026076061612],
      [0.00024506427226, 0.011614260008, 0.039425302837, 0.11062605251, 0.22390182882, 0.61201733018, 0.002170161373],
      [0.00012869491473, 0.073005989354, 0.02416252091, 0.4097649162, 0.2608022787, 0.22371851699, 0.0084170829304],
      [0.32231698292, 0.10373817838, 0.13702851853, 0.053353444781, 0.09506482468, 0.12433829974, 0.16415975096]
    ],
    [
      [0.11838256509, 0.4021671571, 0.0061831681279, 0.04366228699, 0.38609283987, 0.042487176635, 0.0010248061909],
      [0.19482182071, 0.051470000238, 0.43371773947, 0.051619266457, 0.051783189708, 0.15306134013, 0.063526643282],
      [0, 0, 0, 0, 0.0008577841758, 0.94127018879, 0.057872027035],
      [0.00086167425573, 0.0010402160111, 0, 0.012627620524, 0.78744909111, 0.16967987424, 0.028341523863],
      [0.00097580488828, 0.0072973592068, 0.013840986266, 0.12510172819, 0.1298665517, 0.72203072642, 0.00088684332389],
      [0.0026439101925, 0.054121705342, 0.0070131159857, 0.48379190718, 0.16094098957, 0.28536336536, 0.0061250063617],
      [0.21343776506, 0.09971483245, 0.073944228337, 0.091970525782, 0.083910463504, 0.25243365375, 0.18458853111]
    ],
    [
      [0, 0.99108659556, 1.9542744159e-17, 0.0063846833294, 0.0012784748171, 0.0012502462909, 0],
      [5.3559587321e-17, 0, 0.9988259759, 0, 0.00025246295082, 0.00092156114835, 0],
      [0, 3.244136188e-19, 0, 4.6259292693e-18, 0, 1, 0],
      [2.7918205942e-18, 0.0012684254507, 0.00016771772845, 0.14213721597, 0.57116969774, 0.28525694311, 0],
      [1.9733863561e-05, 0.0023156817548, 0.0053110731765, 0.75236336314, 0.013637854899, 0.22629060239, 6.1690779625e-05],
      [0, 3.4426282675e-05, 0, 0.99865480489, 0.00028117806182, 0.0010295907614, 0],
      [0.00034080380547, 0.096222619628, 0.090853963429, 0.69268365082, 0.013767232845, 0.090836204711, 0.015295524763]
    ],
    [
      [0.025976008023, 0, 0.0027338939237, 0.017356105814, 0.89627474023, 0.054981875799, 0.0026773762054],
      [0.11978032476, 0, 0.43309937219, 0.099889043855, 0.030173595178, 0.23451797745, 0.082539686568],
      [0, 0, 0, 0, 0, 0.93201861817, 0.067981381834],
      [0.0040872846905, 0, 0.0018092941793, 0.0087438779347, 0.92140105047, 0.050174616578, 0.01378387615],
      [0.0029415918725, 0, 0.0075868467597, 0.061668421257, 0.28697840164, 0.63590323176, 0.0049215067114],
      [0.0089650344223, 0, 0.006837340927, 0.28993228171, 0.41523144004, 0.26556038055, 0.013473522354],
      [0.11022437936, 0, 0.054229419387, 0.068447528903, 0.24598629105, 0.30054704932, 0.22056533197]
    ],
    [
      [0.18194335411, 0.39886069553, 0.015490132335, 0.033066381684, 0.34025227196, 0.029724514393, 0.00066264999073],
      [0.25610556758, 0.03767395558, 0.52496216936, 0.028784403638, 0.034945992842, 0.084490706055, 0.033037204938],
      [0, 0, 0, 0.0010931764974, 0.0030227394589, 0.94221619611, 0.053667887929],
      [0, 0, 0.0041448340426, 0.011946740458, 0.81867473742, 0.14264340323, 0.022590284849],
      [0.00080399023982, 0.0096287855533, 0.027973205047, 0.11998223586, 0.15036965028, 0.69056251764, 0.00067961538097],
      [6.9168686527e-06, 0.067048617576, 0.018108491972, 0.45933615094, 0.18322117279, 0.26700937754, 0.005269272307],
      [0.35914610922, 0.092912996182, 0.10975976928, 0.065291259934, 0.072089269316, 0.17808445787, 0.12271613821]
    ],
    [
      [0.16770919407, 0.25984983611, 0.0068756707773, 0.049612878082, 0.47114331193, 0.043991766421, 0.00081734260476],
      [0.23336399636, 0.027882197185, 0.40965357226, 0.049353592334, 0.053037515496, 0.13184536449, 0.094863761872],
      [0, 0, 0, 0, 0.0025531488991, 0.90738537512, 0.090061475985],
      [0.0005383935959, 0, 0.00056787851163, 0.012123276213, 0.80158069016, 0.14587980769, 0.039309953826],
      [0.0011773189322, 0, 0.014403233647, 0.13690951301, 0.15034947283, 0.69713365307, 2.680850385e-05],
      [0.00083822463011, 0.0315386773, 0.0090266591557, 0.5054158259, 0.17833989973, 0.26599586756, 0.0088448457174],
      [0.24427333684, 0.049678626311, 0.065560492683, 0.085518973928, 0.082341083479, 0.20832474786, 0.2643027389]
    ],
    [
      [0.078900106077, 0.26041555726, 0.0019264325927, 0.022065524776, 0.59614601689, 0.040284935922, 0.00026142648428],
      [0.2031679247, 0.0516248898, 0.29461581671, 0.040437624412, 0.1229819849, 0.22098337868, 0.066188380794],
      [0, 0, 0, 0, 0, 0.96048729868, 0.039512701317],
      [0.001837744628, 0.0021530332178, 0, 0.0046392366411, 0.86188190539, 0.11735304398, 0.012135036137],
      [0.0010215331655, 0.0053520737974, 0.0056203471141, 0.066617234376, 0.21007339062, 0.71111947807, 0.0001959428583],
      [0.0013666077976, 0.045413716367, 0, 0.30683520307, 0.30812758752, 0.33391109809, 0.0043457871498],
      [0.20137671236, 0.09836399263, 0.0090204716568, 0.060062566763, 0.16592721487, 0.3045833854, 0.16066565632]
    ],
    [
      [0.019346840891, 0.048870049362, 0.015084251543, 0.31398198352, 0.57287246995, 0.029291547052, 0.00055285767718],
      [0, 0, 0.88248719266, 0.068303709397, 0.01359159671, 0.019305076657, 0.016312424577],
      [0, 0, 0, 0, 0.0045189564126, 0.9319741594, 0.063506884187],
      [0, 0, 0.0078035356252, 0, 0.90378065461, 0.071027318225, 0.017388491542],
      [0, 0, 0.020287290954, 0.57527376488, 0.10200464035, 0.30147750141, 0.0009568024083],
      [0, 0, 0.051586205532, 0.8408239292, 0.078383899064, 0.025894167161, 0.0033117990462],
      [0, 0, 0.20516221841, 0.49828170223, 0.083226569428, 0.12524730577, 0.088082204162]
    ],
    [
      [0.12121400143, 0, 0.012657017775, 0.088217408928, 0.69425790477, 0.082146666644, 0.0015070004561],
      [0.16758789459, 0, 0.55010583179, 0.031027454663, 0.070060154197, 0.1311586057, 0.050060059068],
      [0, 0, 0, 0, 0, 0.94459828849, 0.055401711508],
      [0.0029283622687, 0, 0.0024018449971, 0.0076618503821, 0.86197447117, 0.10743831557, 0.017595155611],
      [0.0015479298679, 0, 0.01730091147, 0.081238152142, 0.19830834209, 0.70045897923, 0.0011456851929],
      [0.0038015712403, 0, 0.021238834256, 0.37499554292, 0.2827894009, 0.31013877664, 0.0070358740444],
      [0.24327118983, 0, 0.10416213354, 0.068208637036, 0.13820702489, 0.2667803822, 0.17937063251]
    ],
    [
      [0.48156494554, 0.37459560766, 0.0093608960279, 0.022678942738, 0.094270203205, 0.014817556868, 0.0027118479655],
      [0.550702612, 0.029421324567, 0.33330518684, 0.017482987336, 0.0072000708287, 0.035873220879, 0.026014597555],
      [0, 0, 0, 0, 0, 0.9006771738, 0.099322826198],
      [0, 0.0088480837111, 0.017636986343, 0.02550557121, 0.67984521312, 0.20522633882, 0.062937806798],
      [0, 0.017048751666, 0.037272622865, 0.16517490146, 0.082580043831, 0.69420253833, 0.0037211418523],
      [0, 0.085555404571, 0.026209400846, 0.56975184551, 0.082792186544, 0.22303009599, 0.012661066531],
      [0.4377852707, 0.19352078141, 0.12000318572, 0.05794210182, 0.011222580072, 0.095383874133, 0.084142206145]
    ],
    [
      [0.072828042947, 0.49797520491, 0.0073183382031, 0.059378286828, 0.3307879917, 0.031041810105, 0.00067032531395],
      [0.12944764366, 0.068921311186, 0.50723841605, 0.0768531182, 0.04868605082, 0.12137519776, 0.04747826233],
      [0, 0, 0, 0, 0.0026194467745, 0.94320580836, 0.054174744865],
      [0, 0, 0.0044960697216, 0.0094976335871, 0.81371017867, 0.14893916649, 0.023356951535],
      [0.00061456707222, 0.010584716838, 0.018371347922, 0.20643896427, 0.13293989556, 0.63042334963, 0.00062715870608],
      [0.00012257838829, 0.058256923122, 0.012157420919, 0.60849104975, 0.12709747511, 0.19006398573, 0.0038105669814],
      [0.15473636012, 0.14594775604, 0.094847813144, 0.15025017471, 0.085310775042, 0.21844712597, 0.15045999498]
    ],
    [
      [0.15629524599, 0.32121340191, 0.010548552033, 0.043601812098, 0.43044233056, 0.036772234086, 0.0011264233239],
      [0.18944504779, 0.030011282966, 0.53408796781, 0.03775098895, 0.042136382, 0.098271227308, 0.068297103177],
      [1.5888610554e-05, 0.0010078585827, 0.00081710741486, 0.001170359122, 0.0021219302645, 0.90487161112, 0.089995244887],
      [0.00052259891735, 0.0016183088839, 0.0028182931144, 0.012127620565, 0.80973937428, 0.13593886989, 0.037234934344],
      [0.0012161727315, 0.0064133963509, 0.024472682282, 0.1323352402, 0.15270291305, 0.68194969899, 0.00090989639674],
      [0.00085428691617, 0.043449786194, 0.01526999119, 0.49533709527, 0.18083980493, 0.25563824189, 0.0086107936188],
      [0.24295237206, 0.067750228869, 0.10489182378, 0.078612847634, 0.079853976025, 0.19095302665, 0.23498572499]
    ],
    [
      [0.12113825864, 0.57950764465, 0.0035018701515, 0.023797030998, 0.25410724871, 0.017443890929, 0.00050405591884],
      [0.31186971065, 0.095977415234, 0.36771461214, 0.041353791036, 0.050205516227, 0.096581791698, 0.036297163015],
      [0, 0, 0, 0, 0.0063607690223, 0.94178011369, 0.051859117285],
      [0, 0, 0.0009844318182, 0.013138090981, 0.85563126538, 0.11261896056, 0.017627251253],
      [0.0016357430531, 0.016917288062, 0.014954058266, 0.14054113847, 0.17611603886, 0.64899436169, 0.00084137159629],
      [0, 0.067271660346, 0.026240581741, 0.50574495678, 0.18590854927, 0.21060676292, 0.0042274889352],
      [0.33613313312, 0.18787584102, 0.058947642174, 0.073475585934, 0.081176761325, 0.15773320061, 0.10465783582]
    ],
    [
      [0.14342173396, 0.36313431041, 0.0069313159478, 0.039864107892, 0.40277086742, 0.042842243734, 0.0010354206327],
      [0.21720163622, 0.041980842631, 0.44702425882, 0.043102018523, 0.049045449622, 0.14172074198, 0.059925052204],
      [0, 0.00010224565297, 0, 0.00066214667502, 0.00095758890647, 0.93923612126, 0.059041897504],
      [0.00035904619068, 0.0011442708578, 0.001526256328, 0.011100610728, 0.793294363, 0.16465558016, 0.027919872735],
      [0.00093733471892, 0.0065722470687, 0.015273928351, 0.11357483915, 0.13375521323, 0.72895364051, 0.0009327969675],
      [0.00068478796775, 0.049894897386, 0.01030539115, 0.4609214658, 0.17279083012, 0.29886534747, 0.0065372801055],
      [0.24426545488, 0.089064855159, 0.077672830076, 0.080174777413, 0.082936197098, 0.2438641213, 0.18202176407]
    ],
    [
      [0.60425114012, 0.3615555086, 0.011510145854, 0.0012428939989, 0.018253815636, 0.0030726378048, 0.00011385798634],
      [0.49411217057, 0.0033971234677, 0.46586026032, 0, 0.0017251489516, 0.0028990925522, 0.032006204136],
      [0, 0, 0, 0, 0.0064244461756, 0.90388894453, 0.089686609292],
      [0.0078504392338, 0.0023506399268, 0.018462042894, 0.0030773511588, 0.78860429694, 0.14064347941, 0.039011750442],
      [0, 0.027651934748, 0.22043011273, 0, 0.10170196307, 0.64871820845, 0.0014977810045],
      [0, 0.16268959557, 0.15171843073, 0.1981535893, 0.16486826994, 0.31149912098, 0.011070993472],
      [0.93226427144, 0.0048732173577, 0.050528106809, 0.00060824546642, 0.0013661694799, 0.0046100652703, 0.005749924181]
    ],
    [
      [0.065860016185, 0.46045034262, 0.019317096265, 0.034833806128, 0.35229040567, 0.065464011482, 0.0017843216561],
      [0.05198164531, 0.026528663272, 0.7078973267, 0.019644126903, 0.022190496966, 0.11325015388, 0.058507586962],
      [0, 0, 0, 0, 0, 0.92890702684, 0.071092973159],
      [0, 0.001351349375, 0.0039084063376, 0.0095007210913, 0.68692313117, 0.24753006827, 0.050786323752],
      [0, 0.0057395746414, 0.030511403042, 0.071278216538, 0.083379582532, 0.80795865438, 0.0011325688631],
      [0, 0.054214254524, 0.02519447876, 0.36324574057, 0.13479141465, 0.4117194854, 0.010834626097],
      [0.045480203804, 0.096689850812, 0.17081313546, 0.059423994414, 0.066462483397, 0.29679546186, 0.26433487026]
    ],
    [
      [0.082187421532, 0.4599288509, 0.020142082429, 0.043357986844, 0.33438261242, 0.058805487952, 0.0011955579271],
      [0.067616416907, 0.029193029988, 0.70849233058, 0.025696833046, 0.02240890003, 0.10611395415, 0.0404785353],
      [0, 0, 0, 0, 0, 0.94604262615, 0.053957373854],
      [0, 0.0014300663731, 0, 0.01302222685, 0.7024020367, 0.24628126759, 0.036864402491],
      [0, 0.0065012741231, 0.023434101659, 0.09623824652, 0.089329138096, 0.78364194717, 0.0008552924349],
      [0.00014088267259, 0.055126513201, 0.025953211305, 0.43148318465, 0.12518744821, 0.35515978791, 0.0069489720637],
      [0.097684489595, 0.098411652384, 0.19093353863, 0.085747051148, 0.058623724095, 0.28029087632, 0.18830866783]
    ],
    [
      [0, 0.86068387572, 0.0052335343542, 0.011675072778, 0.065500862035, 0.055306235286, 0.0016004198286],
      [0, 0, 0.79786357722, 0.060238904532, 0.01067805877, 0.10750186134, 0.023717598142],
      [0, 0, 0, 0, 0, 0.92986820513, 0.070131794869],
      [0, 0, 0.0057049984519, 0.034896547231, 0.72126891277, 0.20167622191, 0.036453319629],
      [0, 0.026202629744, 0.040263886104, 0.11943953442, 0.07910491343, 0.73335175516, 0.0016372811487],
      [0, 0.17925078403, 0.021243652317, 0.50030491077, 0.079373773743, 0.21440909495, 0.0054177841912],
      [0, 0.3356805151, 0.2118666735, 0.091716996592, 0.038738109275, 0.18090408431, 0.14109362122]
    ],
    [
      [0.15634372793, 0.29711535225, 0.011227846255, 0.051580747196, 0.41098096803, 0.071117988666, 0.0016333696739],
      [0.16696717936, 0.02447834959, 0.49799885484, 0.039659655581, 0.035824871077, 0.16686372412, 0.06820736543],
      [0, 0, 0, 0.00099502591733, 0.0012097729234, 0.94080820504, 0.056986996122],
      [0.00070965318973, 0, 0.0023422921761, 0.01301984029, 0.70499898076, 0.23970454546, 0.039224688121],
      [0.0008862470086, 0.0032094653764, 0.016243368334, 0.096185092613, 0.090082204501, 0.79245591971, 0.00093770245861],
      [0.00082159465427, 0.030775225452, 0.012589331454, 0.44238917821, 0.13299091264, 0.37259946214, 0.0078342954462],
      [0.2024105254, 0.044116407617, 0.095122585824, 0.079130193221, 0.063205465843, 0.30004007169, 0.2159747504]
    ],
    [
      [0.12075307036, 0.31312429894, 0.010387370113, 0.042878250266, 0.45474567589, 0.057133318319, 0.00097801611033],
      [0.14775517803, 0.029746267012, 0.53347060529, 0.037681752743, 0.045166729064, 0.15328871709, 0.052890750774],
      [0.00038531042146, 0, 2.3324341807e-05, 0.00069830061115, 0.00066361344738, 0.95047473563, 0.047754715548],
      [0.0012392251183, 0, 0.0020093826068, 0.010424291522, 0.77028152459, 0.18998029215, 0.026065284014],
      [0.00082822300504, 0.00438278194, 0.018029600796, 0.095701540364, 0.11912322449, 0.761316661, 0.00061796839694],
      [0.0017733423983, 0.036925938113, 0.013454414365, 0.42598055423, 0.17000958691, 0.34589598194, 0.0059601820435],
      [0.18847740492, 0.067345809704, 0.10599273113, 0.078126562718, 0.085423985333, 0.29503175573, 0.17960175047]
    ],
    [
      [0.096635230043, 0.27851395327, 0.0086967739195, 0.037226472669, 0.52097599974, 0.056648004523, 0.0013035658407],
      [0.13458324064, 0.030426577294, 0.4973806351, 0.037272173077, 0.05929029469, 0.1726623326, 0.068384746594],
      [0, 0, 0, 0.00033075531198, 0.00034578390192, 0.9441840675, 0.055139393285],
      [0.00033366031077, 0, 0.0018277204053, 0.0082698695506, 0.79314857836, 0.1693623943, 0.027057777073],
      [0.00059403062547, 0.0039101389023, 0.015105054182, 0.083936389493, 0.13851609689, 0.75712673287, 0.00081155703977],
      [0.00099457115419, 0.033467858379, 0.012779305129, 0.38472393234, 0.20416520087, 0.35659729191, 0.0072718402249],
      [0.15730537734, 0.062876646543, 0.091021629416, 0.070768035662, 0.10248141593, 0.3036406362, 0.2119062589]
    ],
    [
      [0.14279135399, 0.30557475718, 0.0085739424987, 0.0321409658, 0.46801726798, 0.042901712555, 0],
      [0.24232564836, 0.038090570944, 0.43345253247, 0.036790567825, 0.061512835833, 0.14695674357, 0.040871101],
      [0, 0, 0, 0.00115647106, 0.0020779260411, 0.9620778402, 0.034687762695],
      [0, 0.00027725654527, 0.0017631442472, 0.0086206639814, 0.82930831239, 0.14695059729, 0.013080025552],
      [0, 0.0058080625143, 0.014855458918, 0.093230604446, 0.16160845971, 0.72449741441, 0],
      [0, 0.046830253239, 0.010846695561, 0.39839061377, 0.22234102737, 0.31900037694, 0.0025910331143],
      [0.28227818098, 0.078313778338, 0.078941377333, 0.069572227784, 0.10590183889, 0.25736842171, 0.12762417497]
    ],
    [
      [0.089857588878, 0.38232787337, 0.014511386277, 0.046925052514, 0.41587444894, 0.049222960313, 0.0012806897078],
      [0.094100241523, 0.031374302588, 0.63478222905, 0.035405234782, 0.035667904704, 0.11303155767, 0.055638529681],
      [0, 0, 0, 0, 0.00022862987282, 0.93206628155, 0.067705088582],
      [0, 0.0011395583365, 0.0017556415078, 0.01238650134, 0.77077882727, 0.17874552183, 0.035193949713],
      [0, 0.0061778318581, 0.028034950457, 0.11688867977, 0.12217602881, 0.72576097926, 0.00096152984214],
      [0.00024884453634, 0.04689518099, 0.018964186578, 0.4696284855, 0.15743310074, 0.29934286821, 0.0074873334438],
      [0.12469124302, 0.0863441153, 0.14681213655, 0.089363251434, 0.083546485067, 0.25132031703, 0.2179224516]
    ],
    [
      [0.076767611527, 0.45019124671, 0.014514493918, 0.036338739883, 0.36947308047, 0.051494159367, 0.0012206681288],
      [0.080595188664, 0.036147708725, 0.66131501115, 0.027305092298, 0.031448962819, 0.11797949577, 0.045208540566],
      [0, 0, 0, 0, 0, 0.94578851817, 0.054211481829],
      [0, 0.0013777627073, 0.0017083770415, 0.010645184576, 0.74947178932, 0.20516613233, 0.031630754016],
      [0, 0.0070945994845, 0.02799750711, 0.090651268481, 0.10810593135, 0.76510525033, 0.0010454432432],
      [0, 0.060360441705, 0.02085908003, 0.40679163809, 0.15523336277, 0.34969575099, 0.0070597264055],
      [0.10603895077, 0.10377700289, 0.1584031608, 0.076166390519, 0.083179562388, 0.28300763559, 0.18942729705]
    ],
    [
      [0.099699422341, 0.45009300891, 0.01606392126, 0.047577265016, 0.34161620166, 0.043772917162, 0.0011772636554],
      [0.096484355143, 0.033519042, 0.67707269151, 0.033045793616, 0.026787689248, 0.092690031859, 0.040400396618],
      [0, 0, 0, 0, 0, 0.93907612892, 0.060923871075],
      [0.00044556789163, 0.0014379345165, 0, 0.016135613317, 0.75857426523, 0.19021529764, 0.033191321404],
      [0.0016092935979, 0.0098267269304, 0.02916019645, 0.13319734278, 0.10982457251, 0.71538871956, 0.00099314817257],
      [0.00053454375784, 0.056687276513, 0.021979686888, 0.50205457253, 0.13425319063, 0.27821932614, 0.0062714035361],
      [0.16090061378, 0.098932558747, 0.17268474195, 0.089673935169, 0.066195776464, 0.23298075806, 0.17863161583]
    ],
    [
      [0.054665642954, 0.40169111289, 0.012627942569, 0.04307622199, 0.41843889279, 0.068576277592, 0.00092390921056],
      [0.063368129589, 0.036179372412, 0.60167778257, 0.035717501825, 0.039566651559, 0.17303875156, 0.050451810487],
      [0, 0, 0, 0, 0.00051204509454, 0.9594507307, 0.040037224201],
      [0, 0, 0.0021494616867, 0.010956432056, 0.72655045746, 0.23351332713, 0.026830321664],
      [0, 0.004116429366, 0.019192896505, 0.084246943754, 0.096569537011, 0.79547174731, 0.00040244605003],
      [0, 0.044482488129, 0.015444425966, 0.39991815974, 0.14721175361, 0.38741150937, 0.005531663175],
      [0.0063653252496, 0.11135246243, 0.1503558263, 0.090183258628, 0.10220779434, 0.35620825025, 0.18332708281]
    ],
    [
      [0.077381142088, 0.35890886573, 0.012679691788, 0.057437902513, 0.43156327518, 0.060868058743, 0.001161063962],
      [0.086780583613, 0.031395328505, 0.59359226569, 0.046255014541, 0.039449494404, 0.14922280702, 0.053304506228],
      [0, 0, 0, 0, 0, 0.94992990999, 0.050070090008],
      [0, 0.00042940024517, 0.0027364891148, 0.014005603391, 0.74680951868, 0.20653429043, 0.029484698139],
      [0, 0.0048527179738, 0.020427877959, 0.11934678324, 0.10533759627, 0.74932721462, 0.00070780993325],
      [0, 0.037219583551, 0.014116934504, 0.48990802041, 0.1385442859, 0.3144852115, 0.0057259641397],
      [0.091127519818, 0.083300115092, 0.13276685359, 0.10251245468, 0.08958104952, 0.30804473795, 0.19266726935]
    ],
    [
      [0.079935046745, 0.36122477148, 0.011090553799, 0.056591649007, 0.38443685984, 0.1047317362, 0.0019893829288],
      [0.083092129821, 0.028468410231, 0.488194905, 0.042345585342, 0.032249587431, 0.23842708023, 0.087222301938],
      [0, 0, 0.0002330656098, 0.0030053342869, 0.00019636213251, 0.94513478873, 0.051430449242],
      [0, 0.00072684633397, 0.0022863665565, 0.012967008428, 0.61108526717, 0.3254891926, 0.047445318919],
      [0, 0.0030212553427, 0.011857389595, 0.076784417555, 0.060623525678, 0.84686541579, 0.00084799603665],
      [0, 0.030039941352, 0.010386724081, 0.4010205565, 0.10125861366, 0.44894741482, 0.0083467495828],
      [0.054841136716, 0.063817884568, 0.10796012632, 0.075050637923, 0.052086408763, 0.39280610621, 0.2534376995]
    ],
    [
      [0.21520739704, 0.36638871404, 0.020202523228, 0.05284773822, 0.29848447794, 0.04619590826, 0.00067324128051],
      [0.16282924887, 0.020824268072, 0.66946690635, 0.028589145486, 0.018115995909, 0.076295566515, 0.023878868799],
      [0, 0.00045823657196, 0, 0.0010082340836, 0, 0.95770543452, 0.040828094823],
      [0.00094594483338, 0.0075988983099, 0, 0.018015380872, 0.72783241939, 0.21848191872, 0.027125437874],
      [0.0014422832307, 0.0059393031243, 0.040806832416, 0.1388058684, 0.091026476587, 0.72166001401, 0.0003192222236],
      [0.0010405365739, 0.042599597277, 0.025908227668, 0.53765826042, 0.11055712028, 0.27796277524, 0.0042734825378],
      [0.296058837, 0.070517359823, 0.17743195768, 0.084290465807, 0.048560048272, 0.20799366378, 0.11514766764]
    ],
    [
      [0.14734463459, 0.29648854431, 0.0055120986452, 0.056109190365, 0.41440218579, 0.07889483671, 0.001248509587],
      [0.20637791684, 0.030745936062, 0.34636455067, 0.055655543668, 0.045535720806, 0.24081419331, 0.074506138653],
      [0, 4.7361689195e-05, 0, 0.0018772482063, 0.00040131509953, 0.95496613865, 0.042707936351],
      [0.00058544548756, 0.00065442439009, 0.00091453332027, 0.013228823709, 0.69503953953, 0.25794803665, 0.031629196914],
      [0.0076706183687, 0.0033848438855, 0, 0.095638973652, 0.080511937408, 0.81220414502, 0.00058948166162],
      [0.0007495772989, 0.027251291493, 0.005569025059, 0.45741760182, 0.12063299167, 0.38247456011, 0.0059049525512],
      [0.20799127942, 0.052618849883, 0.03971669746, 0.088097241737, 0.065357786266, 0.35311645259, 0.19310169265]
    ],
    [
      [0.13028787925, 0.34484512739, 0.0095238919826, 0.029054270339, 0.40987309661, 0.074599259314, 0.0018164751205],
      [0.15463645024, 0.031709677652, 0.4704582949, 0.024819825254, 0.039766741113, 0.19542059885, 0.083188412001],
      [0, 0, 0.00012807358706, 0, 0.0032636363994, 0.93776932648, 0.05883896353],
      [0.0015226061143, 0.0042060329656, 0.0044544003472, 0, 0.69724192068, 0.25000663394, 0.042568405955],
      [0.0077843035523, 0.0043242689144, 0.0137190067, 0.047824332656, 0.089611961329, 0.83563334502, 0.0011027818304],
      [0.00098202069953, 0.042680803089, 0.012580106762, 0.30684176568, 0.15752217804, 0.4692785079, 0.010114617833],
      [0.17196919344, 0.062310885605, 0.080821046201, 0.044968818507, 0.065497347936, 0.3278497001, 0.24658300822]
    ],
    [
      [0.1157372559, 0.39201849641, 0.0075661976287, 0.042638191615, 0.39363153596, 0.047372611174, 0.0010357113179],
      [0.17237788361, 0.045662816595, 0.47101914117, 0.045664251275, 0.047898578516, 0.15461563018, 0.06276169866],
      [6.9434429551e-05, 0.00011954951492, 0, 0.00024992497364, 0.00084792267826, 0.94230754759, 0.056405620813],
      [0.0013866074611, 0.001094814115, 0.00075434453663, 0.011854128099, 0.77280083434, 0.18244106014, 0.029668211305],
      [0.00087022116593, 0.0066235856265, 0.015513684027, 0.11252795893, 0.12223944203, 0.74141589434, 0.00080921387947],
      [0.00071239138628, 0.051807612063, 0.010621953477, 0.45923039098, 0.16046749242, 0.3107068052, 0.0064533544669],
      [0.19797882999, 0.092656545554, 0.084661471348, 0.085223881484, 0.081313205658, 0.26714283316, 0.19102323281]
    ],
    [
      [0.15620186684, 0.3414497556, 0.0096761325708, 0.025983389769, 0.40875712488, 0.056991395281, 0.00094033506344],
      [0.18504009987, 0.031441552071, 0.47531863968, 0.022006603321, 0.039647648984, 0.14628858001, 0.10025687606],
      [0, 0, 0.0011828925053, 0, 0.0037432672366, 0.91262053733, 0.082453302932],
      [0.00099851311711, 0.0019793974893, 0.0024039137916, 0, 0.73742079752, 0.20087202618, 0.056325351898],
      [0.0012023014656, 0.0053630392681, 0.017818372099, 0.06233325003, 0.11479976667, 0.79848327046, 0],
      [0.0054741368774, 0.053296911353, 0.015321427943, 0.31224900563, 0.18674566963, 0.41488429074, 0.012028557827],
      [0.20603913229, 0.061833766616, 0.082122117791, 0.040113222788, 0.06525525221, 0.2453635118, 0.29927299651]
    ],
    [
      [0.11702135126, 0.48571169652, 0.0091858092611, 0.021819942527, 0.33142188656, 0.033852094548, 0.00098721932905],
      [0.16659308609, 0.052134754299, 0.55259289784, 0.022168202914, 0.038214818786, 0.10488772905, 0.06340851102],
      [0, 0, 0, 0, 0.00067079448214, 0.91915012815, 0.080179077368],
      [0.00085640080659, 0, 0.0037049103526, 0.0023440150898, 0.79748688848, 0.15790168811, 0.037706097169],
      [0.0066459797755, 0.0037339624624, 0.027712689069, 0.080182133094, 0.14292248827, 0.7379863774, 0.00081636992601],
      [0.0010840269609, 0.091931525987, 0.019051800956, 0.35116295437, 0.19925099546, 0.32766187685, 0.0098568194153],
      [0.2181905341, 0.1212229759, 0.11121819557, 0.047272809736, 0.07406193093, 0.20688141303, 0.22115214073]
    ],
    [
      [0.13863750231, 0.34303097793, 0.011076300131, 0.02990842317, 0.43255084978, 0.04378947905, 0.0010064676223],
      [0.1685514587, 0.032624818752, 0.56447509643, 0.026170494578, 0.042876483423, 0.11660629933, 0.048695348787],
      [0, 4.2344998764e-05, 0.00014962635407, 0, 0.00094264217668, 0.94094445105, 0.057920935419],
      [0.00090410442507, 0.0023950561008, 0.0023819237596, 0.0058758438257, 0.80249318136, 0.15930970164, 0.026640188886],
      [0.0010425867084, 0.0062848539435, 0.024402994172, 0.08515289258, 0.14433062202, 0.73796935617, 0.00081669441105],
      [0.00088994315366, 0.053060121835, 0.018233613727, 0.37860061599, 0.20604635424, 0.33601972359, 0.0071496274674],
      [0.23275233668, 0.079534603571, 0.1211781133, 0.058721545855, 0.087489290505, 0.24216191717, 0.17816219292]
    ],
    [
      [0.1543323286, 0.33739256654, 0.0075634758031, 0.030692056901, 0.42701974065, 0.041858282676, 0.0011415488373],
      [0.22425051249, 0.038489294749, 0.45419817972, 0.032071063947, 0.050708624748, 0.13301728177, 0.067265042569],
      [0, 0, 0, 0, 0.00042018571512, 0.93021700748, 0.069362806806],
      [0, 0.0010724161659, 0.0016959368523, 0.0080867373228, 0.80349120591, 0.15441082115, 0.031242882598],
      [0, 0.0065263658572, 0.017401423164, 0.091035641242, 0.14992679373, 0.73411524789, 0.00099452811482],
      [0, 0.053216243488, 0.01265631943, 0.39261738805, 0.20758956193, 0.32552798803, 0.0083924990661],
      [0.25099198898, 0.081655329547, 0.083467955726, 0.05996529376, 0.088561739813, 0.23024642336, 0.20511126881]
    ],
    [
      [0.19896199244, 0.3615939474, 0.0050567277201, 0.025161538531, 0.37177292407, 0.036825871132, 0.00062699870143],
      [0.33628420347, 0.047303596179, 0.35374744858, 0.030387018184, 0.051068222652, 0.13463177579, 0.046577735146],
      [0, 0, 0, 0, 0, 0.95207526585, 0.047924734153],
      [0, 0.0016790051495, 0.0013711747235, 0.0058503797093, 0.81214566794, 0.15750846183, 0.021445310646],
      [0, 0.008149055726, 0.013398525693, 0.086069440477, 0.1497893269, 0.74203354448, 0.00056010671592],
      [0, 0.065773727506, 0.0098663404355, 0.37591305939, 0.21015413916, 0.33256737999, 0.0057253535119],
      [0.30846700549, 0.10176231742, 0.061876733171, 0.060843832671, 0.099943401078, 0.23370388277, 0.1334028274]
    ],
    [
      [0.20501597071, 0.27310906732, 0.0095841519505, 0.041567815914, 0.39982896115, 0.069144753361, 0.001749279596],
      [0.22486788522, 0.023158936372, 0.4391550515, 0.032730782252, 0.035823376413, 0.16610376616, 0.078160202083],
      [0, 0, 0, 0, 0.0012022748245, 0.93390266674, 0.064895058431],
      [0, 0, 0.0020688821614, 0.010651419099, 0.70389180954, 0.23849236856, 0.044895520637],
      [0.00075682750991, 0.0030849437516, 0.014575451498, 0.081463000549, 0.09226520826, 0.80680609086, 0.0010484775762],
      [0, 0.023132611219, 0.011992796778, 0.40015445299, 0.15168195709, 0.40335592937, 0.0096822525524],
      [0.24317866581, 0.045522639089, 0.078650129265, 0.063695583562, 0.059085272613, 0.27857447626, 0.23129323339]
    ],
    [
      [0.23894482056, 0.30071180255, 0.0077717981372, 0.029395314889, 0.38376555842, 0.038827397565, 0.0005833078799],
      [0.32665171318, 0.03208881079, 0.41623008049, 0.02870383849, 0.042796996363, 0.11442486607, 0.039103694611],
      [0, 0, 0, 0, 0, 0.95295920759, 0.04704079241],
      [0, 0.0020905560718, 0.0033061175359, 0.0041307795529, 0.80953612831, 0.15961613036, 0.021320288169],
      [0, 0.0049336170281, 0.019229452455, 0.094698059749, 0.14600568879, 0.734722437, 0.00041074497992],
      [0, 0.049970783293, 0.01385934721, 0.40668113531, 0.20081472664, 0.32323351394, 0.0054404936037],
      [0.32038216601, 0.083408181055, 0.093671206728, 0.070526665698, 0.093697471455, 0.21388371421, 0.12443059485]
    ],
    [
      [0.18539230332, 0.30021965415, 0.0063895770212, 0.035678507789, 0.43087536442, 0.040204989419, 0.0012396038847],
      [0.27402158577, 0.03408957748, 0.39709387269, 0.037630865949, 0.051378556449, 0.12906238168, 0.076723159979],
      [0, 0, 0, 0, 0.0005411533543, 0.9196110964, 0.079847750244],
      [0, 0.0012495060381, 0.00047358774496, 0.0098146422085, 0.80651512834, 0.14718185722, 0.034765278451],
      [0, 0.0059706125024, 0.014846718156, 0.1074529847, 0.15251604402, 0.71813713495, 0.0010765056715],
      [0, 0.044548524935, 0.01014420529, 0.43846056827, 0.19890162501, 0.29898405863, 0.0089610178593],
      [0.27506952779, 0.070998041702, 0.067140496484, 0.072378451242, 0.086289932821, 0.20882096497, 0.21930258499]
    ],
    [
      [0.24023605903, 0.40998328852, 0.0095071510122, 0.02782101288, 0.28596058384, 0.025585511343, 0.00090639338471],
      [0.31111744108, 0.041318321797, 0.48129524145, 0.02563651753, 0.030262778933, 0.072882647453, 0.037487051758],
      [0, 0, 0, 0, 0.0024994617143, 0.92646321031, 0.07103732798],
      [0, 0, 0.0042822140305, 0.011804935043, 0.81092323385, 0.14315444795, 0.029835169128],
      [0, 0.012093346437, 0.031431611411, 0.12262248947, 0.15036763582, 0.68233690245, 0.0011480144146],
      [0, 0.082059299578, 0.020154364456, 0.45344800671, 0.17845135099, 0.25881329503, 0.0070736832352],
      [0.33469648274, 0.12144915299, 0.12732670104, 0.071901189226, 0.067912729992, 0.14525536832, 0.1314583757]
    ],
    [
      [0.16035520834, 0.29858663513, 0.0074314809294, 0.058098958332, 0.41054583349, 0.064250959588, 0.00073092418748],
      [0.21250019187, 0.030727781724, 0.41747384012, 0.055223813359, 0.044288964869, 0.18548269976, 0.054302708296],
      [0, 0, 0, 0, 0.0001760385077, 0.96064496916, 0.039178992336],
      [0.00056752233565, 0.00046581936089, 0.0013000520947, 0.014720138622, 0.73290808257, 0.22441779679, 0.025620588228],
      [0.00086777432765, 0.0036737770642, 0.01165926859, 0.11756737416, 0.09756850166, 0.76849088598, 0.00017241822098],
      [0.0011269482321, 0.02817662883, 0.0058772281464, 0.49491249724, 0.13460075172, 0.33116402743, 0.0041419183976],
      [0.23334622157, 0.059612532275, 0.071155731343, 0.098639338862, 0.07196252732, 0.3068699194, 0.15841372923]
    ],
    [
      [0.1466489062, 0.3476981972, 0.014724013181, 0.03891218315, 0.38511143516, 0.065568970253, 0.0013362948517],
      [0.13939107021, 0.025764507435, 0.5901792559, 0.026585765183, 0.02988372298, 0.13677047101, 0.051425207281],
      [0.00050552526076, 0.0002263077063, 0, 0.00036093082927, 0.0011159075021, 0.94529620745, 0.052495121252],
      [0.001315932032, 0.00094719818547, 0.0024454111761, 0.010229271571, 0.71157276149, 0.23771574143, 0.035773684113],
      [0.00088799464047, 0.0045508439891, 0.023360128446, 0.07951047172, 0.092508134906, 0.79836610556, 0.00081632074224],
      [0.00090293059764, 0.042280711191, 0.019094204893, 0.38723611597, 0.14478782135, 0.39802693138, 0.0076712846204],
      [0.19743725858, 0.064442442421, 0.1296321656, 0.061175881161, 0.062552291256, 0.29160822519, 0.19315173579]
    ],
    [
      [0.2061693445, 0.23738372004, 0.007597776092, 0.038258328942, 0.4527171933, 0.055932302684, 0.001941334445],
      [0.24767539427, 0.021929111467, 0.38933985259, 0.032882552973, 0.044007990114, 0.14590729804, 0.11825780055],
      [0, 0, 0, 0, 0.0034317586184, 0.90366574819, 0.092902493188],
      [0.001039984843, 0, 0.00047564819402, 0.009303268636, 0.75099202447, 0.18448651124, 0.053702562614],
      [0.0013937080425, 0.002727009998, 0.013622821818, 0.088943068501, 0.12355253731, 0.76976085433, 0],
      [0.0011730145652, 0.030033334321, 0.010408640404, 0.40735797986, 0.17991172206, 0.35778992008, 0.013325388708],
      [0.2531149348, 0.028496552551, 0.059427090286, 0.058263570373, 0.065611898136, 0.22190223082, 0.31318372303]
    ],
    [
      [0.10724969854, 0.25610437821, 0.0068967238893, 0.043470953218, 0.50687070192, 0.077869152055, 0.0015383921547],
      [0.14753935768, 0.027572548911, 0.40411118542, 0.043056852361, 0.057338192309, 0.23618121617, 0.084200647157],
      [0, 0, 0, 0, 0.0025483484726, 0.94732270445, 0.050128947075],
      [0.00086617616068, 0, 0, 0.0092956329479, 0.73591895337, 0.22203659975, 0.031882637772],
      [0.00079417041477, 0, 0.0062157458148, 0.078538498228, 0.10682636228, 0.80680110526, 0.00082411800158],
      [0.00066576404794, 0.027157872346, 0.0078994851476, 0.37622323799, 0.16691827017, 0.41361730607, 0.0075180642351],
      [0.15665546817, 0.038340715358, 0.06372975442, 0.073180254222, 0.085438306315, 0.35785345561, 0.22480204591]
    ],
    [
      [0.094332516167, 0.65493729492, 0.0095644228731, 0.025609036736, 0.1852293376, 0.030327391704, 0],
      [0.13403748783, 0.064683683159, 0.58256330765, 0.026012002339, 0.020882317592, 0.090351046366, 0.081470155071],
      [0, 0, 0.00073631314119, 0.0045666428803, 0, 0.89079446666, 0.10390257732],
      [0.0034913672645, 0, 0.0053608137518, 0.014869339846, 0.69334082815, 0.21227312811, 0.070664522873],
      [0.0020397534881, 0.014166041441, 0.031205884325, 0.10988069309, 0.093948700558, 0.7487589271, 0],
      [0.0020006934466, 0.12147661192, 0.020427591375, 0.43507712634, 0.11636064874, 0.29402802165, 0.010629306531],
