{
  "Z_true": {},
  "V_true": [
    [111, 444, 470, 118, 11359, 585],
    [479, 140, 62, 6030, 574, 524],
    [18, 28, 18, 108, 562, 427],
    [5, 3, 558, 17, 246, 20],
    [266, 348, 30, 512, 770, 613]
  ],
  "p_true": [
    [0.0085, 0.0339, 0.0359, 0.009, 0.868, 0.0447],
    [0.0613, 0.0179, 0.0079, 0.7722, 0.0735, 0.0671],
    [0.0155, 0.0241, 0.0155, 0.093, 0.4841, 0.3678],
    [0.0059, 0.0035, 0.6572, 0.02, 0.2898, 0.0236],
    [0.1048, 0.1371, 0.0118, 0.2017, 0.3033, 0.2414]
  ],
  "Z_est": [
    [
      [0.1352, 0.1976, 2.6728, 1.2064, 0.8008, 8.1432, 6.7184, 3.6192, 5.3976, 0.5512, 0.7696, 4.4928, 0.2392, 7.0928, 1.4456, 5.4496, 3.0264, 4.2328, 1.9864, 6.3232, 2.5272, 3.7856, 6.1984, 6.032, 2.0072, 4.264, 4.264, 3.5152, 0.1872, 0.26, 3.4736, 0.1248, 5.3456, 0.9568, 10.92, 2.4336, 14.7784, 0.5304],
      [0.1534, 0.2242, 3.0326, 1.3688, 0.9086, 9.2394, 7.6228, 4.1064, 6.1242, 0.6254, 0.8732, 5.0976, 0.2714, 8.0476, 1.6402, 6.1832, 3.4338, 4.8026, 2.2538, 7.1744, 2.8674, 4.2952, 7.0328, 6.844, 2.2774, 4.838, 4.838, 3.9884, 0.2124, 0.295, 3.9412, 0.1416, 6.0652, 1.0856, 12.39, 2.7612, 16.7678, 0.6018],
      [0.3822, 0.5586, 7.5558, 3.4104, 2.2638, 23.0202, 18.9924, 10.2312, 15.2586, 1.5582, 2.1756, 12.7008, 0.6762, 20.0508, 4.0866, 15.4056, 8.5554, 11.9658, 5.6154, 17.8752, 7.1442, 10.7016, 17.5224, 17.052, 5.6742, 12.054, 12.054, 9.9372, 0.5292, 0.735, 9.8196, 0.3528, 15.1116, 2.7048, 30.87, 6.8796, 41.7774, 1.4994],
      [0.2548, 0.3724, 5.0372, 2.2736, 1.5092, 15.3468, 12.6616, 6.8208, 10.1724, 1.0388, 1.4504, 8.4672, 0.4508, 13.3672, 2.7244, 10.2704, 5.7036, 7.9772, 3.7436, 11.9168, 4.7628, 7.1344, 11.6816, 11.368, 3.7828, 8.036, 8.036, 6.6248, 0.3528, 0.49, 6.5464, 0.2352, 10.0744, 1.8032, 20.58, 4.5864, 27.8516, 0.9996],
      [11.622, 16.986, 229.758, 103.704, 68.838, 700.002, 577.524, 311.112, 463.986, 47.382, 66.156, 386.208, 20.562, 609.708, 124.266, 468.456, 260.154, 363.858, 170.754, 543.552, 217.242, 325.416, 532.824, 518.52, 172.542, 366.54, 366.54, 302.172, 16.092, 22.35, 298.596, 10.728, 459.516, 82.248, 938.7, 209.196, 1270.374, 45.594],
      [0.4511, 0.6593, 8.9179, 4.0252, 2.6719, 27.1701, 22.4162, 12.0756, 18.0093, 1.8391, 2.5678, 14.9904, 0.7981, 23.6654, 4.8233, 18.1828, 10.0977, 14.1229, 6.6277, 21.0976, 8.4321, 12.6308, 20.6812, 20.126, 6.6971, 14.227, 14.227, 11.7286, 0.6246, 0.8675, 11.5898, 0.4164, 17.8358, 3.1924, 36.435, 8.1198, 49.3087, 1.7697]
    ],
    [
      [1.3653, 1.8819, 5.7933, 1.7343, 0.6273, 45.3132, 17.3799, 1.9557, 10.2213, 1.6605, 1.6605, 5.166, 1.0701, 5.8302, 2.6199, 31.5495, 4.6863, 8.1549, 3.2472, 15.7194, 3.8007, 5.3874, 4.5756, 4.2804, 2.3985, 6.8634, 4.7232, 3.9483, 0.8487, 0.5904, 7.38, 0.369, 17.4906, 2.3616, 26.3466, 3.321, 22.9518, 2.8782],
      [1.0804, 1.4892, 4.5844, 1.3724, 0.4964, 35.8576, 13.7532, 1.5476, 8.0884, 1.314, 1.314, 4.088, 0.8468, 4.6136, 2.0732, 24.966, 3.7084, 6.4532, 2.5696, 12.4392, 3.0076, 4.2632, 3.6208, 3.3872, 1.898, 5.4312, 3.7376, 3.1244, 0.6716, 0.4672, 5.84, 0.292, 13.8408, 1.8688, 20.8488, 2.628, 18.1624, 2.2776],
      [0.5106, 0.7038, 2.1666, 0.6486, 0.2346, 16.9464, 6.4998, 0.7314, 3.8226, 0.621, 0.621, 1.932, 0.4002, 2.1804, 0.9798, 11.799, 1.7526, 3.0498, 1.2144, 5.8788, 1.4214, 2.0148, 1.7112, 1.6008, 0.897, 2.5668, 1.7664, 1.4766, 0.3174, 0.2208, 2.76, 0.138, 6.5412, 0.8832, 9.8532, 1.242, 8.5836, 1.0764],
      [28.1015, 38.7345, 119.2415, 35.6965, 12.9115, 932.666, 357.7245, 40.2535, 210.3815, 34.1775, 34.1775, 106.33, 22.0255, 120.001, 53.9245, 649.3725, 96.4565, 167.8495, 66.836, 323.547, 78.2285, 110.887, 94.178, 88.102, 49.3675, 141.267, 97.216, 81.2665, 17.4685, 12.152, 151.9, 7.595, 360.003, 48.608, 542.283, 68.355, 472.409, 59.241],
      [3.5668, 4.9164, 15.1348, 4.5308, 1.6388, 118.3792, 45.4044, 5.1092, 26.7028, 4.338, 4.338, 13.496, 2.7956, 15.2312, 6.8444, 82.422, 12.2428, 21.3044, 8.4832, 41.0664, 9.9292, 14.0744, 11.9536, 11.1824, 6.266, 17.9304, 12.3392, 10.3148, 2.2172, 1.5424, 19.28, 0.964, 45.6936, 6.1696, 68.8296, 8.676, 59.9608, 7.5192],
      [2.3754, 3.2742, 10.0794, 3.0174, 1.0914, 78.8376, 30.2382, 3.4026, 17.7834, 2.889, 2.889, 8.988, 1.8618, 10.1436, 4.5582, 54.891, 8.1534, 14.1882, 5.6496, 27.3492, 6.6126, 9.3732, 7.9608, 7.4472, 4.173, 11.9412, 8.2176, 6.8694, 1.4766, 1.0272, 12.84, 0.642, 30.4308, 4.1088, 45.8388, 5.778, 39.9324, 5.0076]
    ],
    [
      [0.2292, 0, 1.146, 0.4584, 0.2292, 9.0534, 4.1256, 2.292, 6.1884, 0.2292, 1.0314, 3.3234, 0.1146, 3.3234, 2.6358, 9.741, 5.5008, 3.8964, 1.719, 8.1366, 3.438, 3.0942, 2.7504, 4.3548, 1.4898, 6.1884, 3.8964, 2.292, 0.2292, 0.3438, 4.1256, 0.1146, 11.6892, 2.0628, 14.0958, 2.0628, 6.9906, 0.4584],
      [0.3246, 0, 1.623, 0.6492, 0.3246, 12.8217, 5.8428, 3.246, 8.7642, 0.3246, 1.4607, 4.7067, 0.1623, 4.7067, 3.7329, 13.7955, 7.7904, 5.5182, 2.4345, 11.5233, 4.869, 4.3821, 3.8952, 6.1674, 2.1099, 8.7642, 5.5182, 3.246, 0.3246, 0.4869, 5.8428, 0.1623, 16.5546, 2.9214, 19.9629, 2.9214, 9.9003, 0.6492],
      [0.1422, 0, 0.711, 0.2844, 0.1422, 5.6169, 2.5596, 1.422, 3.8394, 0.1422, 0.6399, 2.0619, 0.0711, 2.0619, 1.6353, 6.0435, 3.4128, 2.4174, 1.0665, 5.0481, 2.133, 1.9197, 1.7064, 2.7018, 0.9243, 3.8394, 2.4174, 1.422, 0.1422, 0.2133, 2.5596, 0.0711, 7.2522, 1.2798, 8.7453, 1.2798, 4.3371, 0.2844],
      [0.2816, 0, 1.408, 0.5632, 0.2816, 11.1232, 5.0688, 2.816, 7.6032, 0.2816, 1.2672, 4.0832, 0.1408, 4.0832, 3.2384, 11.968, 6.7584, 4.7872, 2.112, 9.9968, 4.224, 3.8016, 3.3792, 5.3504, 1.8304, 7.6032, 4.7872, 2.816, 0.2816, 0.4224, 5.0688, 0.1408, 14.3616, 2.5344, 17.3184, 2.5344, 8.5888, 0.5632],
      [0.4654, 0, 2.327, 0.9308, 0.4654, 18.3833, 8.3772, 4.654, 12.5658, 0.4654, 2.0943, 6.7483, 0.2327, 6.7483, 5.3521, 19.7795, 11.1696, 7.9118, 3.4905, 16.5217, 6.981, 6.2829, 5.5848, 8.8426, 3.0251, 12.5658, 7.9118, 4.654, 0.4654, 0.6981, 8.3772, 0.2327, 23.7354, 4.1886, 28.6221, 4.1886, 14.1947, 0.9308],
      [0.557, 0, 2.785, 1.114, 0.557, 22.0015, 10.026, 5.57, 15.039, 0.557, 2.5065, 8.0765, 0.2785, 8.0765, 6.4055, 23.6725, 13.368, 9.469, 4.1775, 19.7735, 8.355, 7.5195, 6.684, 10.583, 3.6205, 15.039, 9.469, 5.57, 0.557, 0.8355, 10.026, 0.2785, 28.407, 5.013, 34.2555, 5.013, 16.9885, 1.114]
    ],
    [
      [0, 0, 1.012, 0.414, 0.644, 1.058, 0.92, 2.024, 0.782, 0.092, 0.276, 1.61, 0.046, 4.692, 0.276, 0.23, 1.518, 0.782, 0.368, 0.966, 0.23, 0.368, 3.726, 2.944, 0.414, 0.23, 1.242, 1.242, 0, 0.046, 0.506, 0, 0.368, 0.092, 2.622, 1.012, 6.026, 0.276],
      [0, 0, 1.7446, 0.7137, 1.1102, 1.8239, 1.586, 3.4892, 1.3481, 0.1586, 0.4758, 2.7755, 0.0793, 8.0886, 0.4758, 0.3965, 2.6169, 1.3481, 0.6344, 1.6653, 0.3965, 0.6344, 6.4233, 5.0752, 0.7137, 0.3965, 2.1411, 2.1411, 0, 0.0793, 0.8723, 0, 0.6344, 0.1586, 4.5201, 1.7446, 10.3883, 0.4758],
      [0, 0, 11.572, 4.734, 7.364, 12.098, 10.52, 23.144, 8.942, 1.052, 3.156, 18.41, 0.526, 53.652, 3.156, 2.63, 17.358, 8.942, 4.208, 11.046, 2.63, 4.208, 42.606, 33.664, 4.734, 2.63, 14.202, 14.202, 0, 0.526, 5.786, 0, 4.208, 1.052, 29.982, 11.572, 68.906, 3.156],
      [0, 0, 1.9052, 0.7794, 1.2124, 1.9918, 1.732, 3.8104, 1.4722, 0.1732, 0.5196, 3.031, 0.0866, 8.8332, 0.5196, 0.433, 2.8578, 1.4722, 0.6928, 1.8186, 0.433, 0.6928, 7.0146, 5.5424, 0.7794, 0.433, 2.3382, 2.3382, 0, 0.0866, 0.9526, 0, 0.6928, 0.1732, 4.9362, 1.9052, 11.3446, 0.5196],
      [0, 0, 3.1328, 1.2816, 1.9936, 3.2752, 2.848, 6.2656, 2.4208, 0.2848, 0.8544, 4.984, 0.1424, 14.5248, 0.8544, 0.712, 4.6992, 2.4208, 1.1392, 2.9904, 0.712, 1.1392, 11.5344, 9.1136, 1.2816, 0.712, 3.8448, 3.8448, 0, 0.1424, 1.5664, 0, 1.1392, 0.2848, 8.1168, 3.1328, 18.6544, 0.8544],
      [0, 0, 2.6312, 1.0764, 1.6744, 2.7508, 2.392, 5.2624, 2.0332, 0.2392, 0.7176, 4.186, 0.1196, 12.1992, 0.7176, 0.598, 3.9468, 2.0332, 0.9568, 2.5116, 0.598, 0.9568, 9.6876, 7.6544, 1.0764, 0.598, 3.2292, 3.2292, 0, 0.1196, 1.3156, 0, 0.9568, 0.2392, 6.8172, 2.6312, 15.6676, 0.7176]
    ],
    [
      [1.41, 1.645, 5.9925, 1.5275, 1.41, 29.61, 13.16, 4.7, 7.99, 1.645, 1.9975, 5.17, 0.705, 8.93, 3.8775, 23.265, 5.405, 13.5125, 4.23, 16.685, 7.05, 6.345, 7.6375, 8.46, 5.0525, 9.9875, 9.0475, 6.11, 0.235, 0.235, 6.6975, 0.235, 16.8025, 2.2325, 26.32, 3.4075, 27.025, 2.585],
      [1.6176, 1.8872, 6.8748, 1.7524, 1.6176, 33.9696, 15.0976, 5.392, 9.1664, 1.8872, 2.2916, 5.9312, 0.8088, 10.2448, 4.4484, 26.6904, 6.2008, 15.502, 4.8528, 19.1416, 8.088, 7.2792, 8.762, 9.7056, 5.7964, 11.458, 10.3796, 7.0096, 0.2696, 0.2696, 7.6836, 0.2696, 19.2764, 2.5612, 30.1952, 3.9092, 31.004, 2.9656],
      [0.5244, 0.6118, 2.2287, 0.5681, 0.5244, 11.0124, 4.8944, 1.748, 2.9716, 0.6118, 0.7429, 1.9228, 0.2622, 3.3212, 1.4421, 8.6526, 2.0102, 5.0255, 1.5732, 6.2054, 2.622, 2.3598, 2.8405, 3.1464, 1.8791, 3.7145, 3.3649, 2.2724, 0.0874, 0.0874, 2.4909, 0.0874, 6.2491, 0.8303, 9.7888, 1.2673, 10.051, 0.9614],
      [1.7124, 1.9978, 7.2777, 1.8551, 1.7124, 35.9604, 15.9824, 5.708, 9.7036, 1.9978, 2.4259, 6.2788, 0.8562, 10.8452, 4.7091, 28.2546, 6.5642, 16.4105, 5.1372, 20.2634, 8.562, 7.7058, 9.2755, 10.2744, 6.1361, 12.1295, 10.9879, 7.4204, 0.2854, 0.2854, 8.1339, 0.2854, 20.4061, 2.7113, 31.9648, 4.1383, 32.821, 3.1394],
      [2.9952, 3.4944, 12.7296, 3.2448, 2.9952, 62.8992, 27.9552, 9.984, 16.9728, 3.4944, 4.2432, 10.9824, 1.4976, 18.9696, 8.2368, 49.4208, 11.4816, 28.704, 8.9856, 35.4432, 14.976, 13.4784, 16.224, 17.9712, 10.7328, 21.216, 19.2192, 12.9792, 0.4992, 0.4992, 14.2272, 0.4992, 35.6928, 4.7424, 55.9104, 7.2384, 57.408, 5.4912],
      [3.7416, 4.3652, 15.9018, 4.0534, 3.7416, 78.5736, 34.9216, 12.472, 21.2024, 4.3652, 5.3006, 13.7192, 1.8708, 23.6968, 10.2894, 61.7364, 14.3428, 35.857, 11.2248, 44.2756, 18.708, 16.8372, 20.267, 22.4496, 13.4074, 26.503, 24.0086, 16.2136, 0.6236, 0.6236, 17.7726, 0.6236, 44.5874, 5.9242, 69.8432, 9.0422, 71.714, 6.8596]
    ]
  ],
  "V_est": [
    [136.1048, 154.4266, 384.7578, 256.5052, 11699.778, 454.1189],
    [288.1521, 228.0228, 107.7642, 5930.9355, 752.7876, 501.3378],
    [133.0506, 188.4303, 82.5471, 163.4688, 270.1647, 323.3385],
    [39.054, 67.3257, 446.574, 73.5234, 120.8976, 101.5404],
    [298.3325, 342.2572, 110.9543, 362.3153, 633.7344, 791.6602]
  ],
  "p_est": [
    [0.0104, 0.0118, 0.0294, 0.0196, 0.894, 0.0347],
    [0.0369, 0.0292, 0.0138, 0.7595, 0.0964, 0.0642],
    [0.1146, 0.1623, 0.0711, 0.1408, 0.2327, 0.2785],
    [0.046, 0.0793, 0.526, 0.0866, 0.1424, 0.1196],
    [0.1175, 0.1348, 0.0437, 0.1427, 0.2496, 0.3118]
  ],
  "EI_Z": {},
  "EI_V": 6.8439,
  "MAE_Z": {},
  "MAE_V": 116.0946,
  "MAE_p": 0.0542,
  "runtime": 125.23
}
