{
  "X": [
    [47, 159, 467, 810, 152],
    [20, 62, 171, 360, 69],
    [2, 4, 10, 25, 1],
    [34, 55, 149, 822, 85],
    [32, 38, 151, 738, 54],
    [43, 90, 151, 855, 64],
    [21, 189, 346, 630, 90],
    [22, 144, 287, 629, 67],
    [21, 143, 298, 429, 66],
    [72, 100, 450, 1054, 188],
    [6, 5, 15, 27, 2],
    [0, 0, 3, 11, 9],
    [4, 4, 28, 42, 3],
    [42, 57, 127, 457, 31],
    [47, 75, 295, 784, 99],
    [18, 43, 123, 317, 37],
    [44, 70, 165, 906, 81],
    [60, 76, 175, 823, 77],
    [15, 29, 62, 245, 45],
    [0, 1, 3, 27, 2],
    [21, 39, 123, 453, 77],
    [43, 75, 240, 1054, 105],
    [51, 112, 324, 1245, 119],
    [2, 7, 55, 77, 16],
    [14, 22, 41, 160, 16],
    [18, 99, 241, 427, 47],
    [5, 0, 11, 13, 3],
    [15, 80, 117, 370, 29],
    [51, 63, 260, 484, 96],
    [70, 81, 432, 1002, 169],
    [22, 23, 82, 474, 29],
    [45, 73, 180, 755, 91],
    [15, 21, 106, 254, 39],
    [38, 74, 176, 709, 92],
    [29, 34, 159, 321, 34],
    [5, 5, 10, 56, 3],
    [19, 16, 38, 236, 17],
    [99, 227, 610, 2277, 242],
    [14, 16, 56, 134, 14],
    [13, 56, 105, 353, 42],
    [102, 274, 495, 1489, 159],
    [52, 61, 144, 375, 16]
  ],
  "W": [
    [223, 358, 838, 109, 107],
    [76, 140, 367, 44, 55],
    [3, 10, 26, 2, 1],
    [106, 103, 819, 57, 60],
    [76, 112, 746, 31, 48],
    [109, 116, 828, 48, 102],
    [269, 244, 621, 72, 70],
    [220, 176, 623, 57, 73],
    [196, 188, 451, 56, 66],
    [126, 412, 1112, 92, 122],
    [5, 16, 28, 3, 3],
    [1, 8, 10, 2, 2],
    [6, 26, 43, 4, 2],
    [82, 95, 473, 19, 45],
    [144, 212, 771, 80, 93],
    [74, 97, 317, 19, 31],
    [112, 140, 877, 50, 87],
    [89, 159, 831, 42, 90],
    [26, 58, 268, 16, 28],
    [2, 2, 26, 2, 1],
    [45, 108, 470, 43, 47],
    [118, 193, 1032, 83, 91],
    [143, 278, 1242, 91, 97],
    [8, 57, 72, 12, 8],
    [26, 40, 163, 9, 15],
    [135, 164, 452, 37, 44],
    [4, 9, 14, 0, 5],
    [120, 73, 366, 18, 34],
    [64, 253, 527, 42, 68],
    [129, 385, 997, 106, 137],
    [36, 65, 459, 30, 40],
    [96, 125, 803, 57, 63],
    [27, 95, 254, 28, 31],
    [98, 155, 708, 58, 70],
    [55, 134, 343, 17, 28],
    [7, 7, 58, 1, 6],
    [19, 35, 240, 11, 21],
    [367, 441, 2225, 200, 222],
    [21, 55, 132, 9, 17],
    [69, 96, 345, 29, 30],
    [355, 407, 1536, 93, 128],
    [96, 101, 392, 17, 42]
  ],
  "method": "mult",
  "cond_prob": [
    [
      [0.00025752222591, 0.60844938562, 0.34384651034, 0.04619136469, 0.0012552171265],
      [0.024911236638, 0.022046833215, 0.80041253703, 0.01775016615, 0.13487922696],
      [0.034210524494, 0.013638006399, 0.05387186906, 0.85879918546, 0.039480414586],
      [4.3814027107e-05, 0.0083214204659, 0.32236144547, 0.21102639044, 0.4582469296],
      [0.087393967964, 0.028853612357, 0.21955622531, 0.4735436656, 0.19065252877]
    ],
    [
      [0.00018446866658, 0.66684875988, 0.30846138797, 0.023962231683, 0.00054315180252],
      [0.025586644548, 0.025196976526, 0.76938446229, 0.026545336879, 0.15328657975],
      [0.032132903878, 0.015491626364, 0.044933265285, 0.86640955775, 0.041032646723],
      [6.0981662785e-05, 0.0089760104681, 0.28649941007, 0.22044762721, 0.48401597059],
      [0.083788931419, 0.031119021806, 0.19539322529, 0.4871003625, 0.20259845898]
    ],
    [
      [0, 0.87889770754, 0.1116435589, 0.0094587335546, 0],
      [0.049488195333, 0.0612992205, 0.81790374387, 0.03105782026, 0.040251020033],
      [0.051747380835, 0.025581664432, 0.020379706198, 0.89746712418, 0.0048241243525],
      [0.00026446635101, 0.019431412503, 0.39008250673, 0.38045895661, 0.20976265781],
      [0.15915721226, 0.046328572117, 0.17599450996, 0.5659824548, 0.052537250873]
    ],
    [
      [0.019899135627, 0.48123042943, 0.36951602307, 0.1278853152, 0.0014690966787],
      [0.038448469013, 0.014917390439, 0.74321838146, 0.011396973271, 0.19201878582],
      [0.027555105252, 0.0015382047401, 0.014441983784, 0.92530012686, 0.031164579368],
      [2.6978484451e-05, 0.0041727545185, 0.23226934867, 0.26567379998, 0.49785711834],
      [0.08935550567, 0.015924109598, 0.13687451118, 0.57176763081, 0.18607824275]
    ],
    [
      [0.00062529343901, 0.46662781564, 0.41484965742, 0.11704458341, 0.00085265009238],
      [0.044680692348, 0.0063057263399, 0.79544412814, 0.010624339192, 0.14294511398],
      [0.030043895621, 0.0013175153722, 0.01912692213, 0.92593508208, 0.023576584797],
      [1.7338323573e-05, 0.0043397045619, 0.28042162495, 0.28950578397, 0.4257155482],
      [0.094478261129, 0.014846819837, 0.15458186253, 0.5873423987, 0.1487506578]
    ],
    [
      [0.00034275012604, 0.69119584637, 0.25048552567, 0.057693620429, 0.00028225740741],
      [0.045680135085, 0.029116333462, 0.75920249852, 0.025394902841, 0.1406061301],
      [0.032878885788, 0.009491098541, 0.012330487227, 0.92717977431, 0.018119754134],
      [3.1037732003e-05, 0.0095937094954, 0.25229387515, 0.33758426683, 0.4004971108],
      [0.10233860121, 0.029049317812, 0.13048861218, 0.60643812458, 0.13168534421]
    ],
    [
      [0.00014980074887, 0.62617461767, 0.30061842711, 0.072044703277, 0.0010124511937],
      [0.016510007969, 0.027062747065, 0.81952223397, 0.017031247843, 0.11987376315],
      [0.020829266902, 0.01733942385, 0.040813558379, 0.89146316831, 0.02955458256],
      [8.9703224728e-06, 0.010200675256, 0.33678573458, 0.23168813672, 0.42131648312],
      [0.057080586356, 0.035049810474, 0.2225203625, 0.51691681402, 0.16843242665]
    ],
    [
      [0.00019463421934, 0.58572184161, 0.33473172886, 0.078590895445, 0.00076089986806],
      [0.018855725161, 0.021859823493, 0.84667677846, 0.0062505711891, 0.1063571017],
      [0.022429291619, 0.013755963633, 0.043832762963, 0.89533896179, 0.024643019996],
      [0, 0.0086035565264, 0.36108030527, 0.24366724148, 0.38664889672],
      [0.063905810476, 0.030595860899, 0.22540435501, 0.53321502074, 0.14687895288]
    ],
    [
      [0.00017668266708, 0.62819396288, 0.33451647376, 0.036436188259, 0.00067669243303],
      [0.013811444292, 0.027065895258, 0.85738291177, 0, 0.10173974868],
      [0.030004937975, 0.025817842806, 0.070973277467, 0.84222675237, 0.030977189383],
      [5.2272375873e-06, 0.011216783905, 0.39031742031, 0.20188520827, 0.39657536029],
      [0.073277256338, 0.038084969141, 0.26333424326, 0.46528288061, 0.16002065066]
    ],
    [
      [0.00019983263156, 0.63004285581, 0.35495722248, 0.014319433021, 0.00048065605614],
      [0.033631303275, 0.01891702406, 0.75481893445, 0.028071234041, 0.16456150418],
      [0.040743451762, 0.0084360430053, 0.04226023154, 0.86519623074, 0.043364042956],
      [4.9527427745e-05, 0.006314959393, 0.27268373128, 0.21565363202, 0.50529814987],
      [0.10497909226, 0.023433853846, 0.18204678873, 0.48108246138, 0.20845780378]
    ],
    [
      [0.00033274809883, 0.78458714758, 0.20168987322, 0.013390231099, 0],
      [0.10587701302, 0.031863519001, 0.74457528454, 0.067038752723, 0.050645430716],
      [0.12097156173, 0.015300803292, 0.016299046221, 0.8396979692, 0.0077306195553],
      [0.001900757526, 0.014928712963, 0.38253213619, 0.33806848902, 0.2625699043],
      [0.30379935006, 0.031346442338, 0.15812545952, 0.44489339871, 0.061835349368]
    ],
    [
      [0, 0, 0.66609765926, 0.30206680029, 0.031835540455],
      [1.3877787808e-17, 0, 0.2633627374, 0.11884246929, 0.61779479331],
      [0, 0, 0.0057763916368, 0.86943422441, 0.12478938395],
      [0, 0, 0.04015106, 0.11627752119, 0.84357141881],
      [0, 0, 0.044467202606, 0.41014807945, 0.54538471794]
    ],
    [
      [0.00031591074382, 0.56332905625, 0.40281499765, 0.033430220167, 0.0001098151966],
      [0.043925521554, 0.014055573362, 0.83699211031, 0.053980637459, 0.051046157319],
      [0.058990125557, 0.0043047555393, 0.037406654532, 0.88735110573, 0.011947358643],
      [0.00027642536013, 0.0071066134981, 0.43838827081, 0.30305510566, 0.25117358468],
      [0.15917993737, 0.020524906463, 0.22963795904, 0.51380206804, 0.076855129086]
    ],
    [
      [0.00073308494927, 0.60748544131, 0.3106386159, 0.080735378493, 0.00040747934924],
      [0.063981759099, 0.02175347516, 0.79992357566, 0.009482318086, 0.10485887199],
      [0.059701651306, 0.0081299574513, 0.025446583238, 0.88809374518, 0.01862806282],
      [2.2011856883e-05, 0.0084270817144, 0.32606872316, 0.29529973538, 0.37018244789],
      [0.16938490282, 0.024756205451, 0.16229675993, 0.52888538446, 0.11467674734]
    ],
    [
      [0.0006417710327, 0.48210309096, 0.40621397581, 0.10966800527, 0.0013731569251],
      [0.038220940363, 0.0092523457064, 0.79795498518, 0.026240693235, 0.12833103552],
      [0.037572797414, 0.0021376569992, 0.032475027149, 0.89846155832, 0.029352960121],
      [8.2006013055e-05, 0.0047093973904, 0.31006863713, 0.25976215992, 0.42537779955],
      [0.10569417556, 0.017105078223, 0.18811821208, 0.52849404322, 0.16058849092]
    ],
    [
      [0.00055410778444, 0.53660150493, 0.35187877486, 0.1096162497, 0.0013493627256],
      [0.033198293239, 0.016330208511, 0.78574688425, 0.027560915756, 0.13716369824],
      [0.036629131196, 0.0029721715612, 0.029545847233, 0.90018066765, 0.030672182356],
      [2.2219305138e-05, 0.0058162183316, 0.29948271131, 0.24236403809, 0.45231481295],
      [0.10086789754, 0.02112167344, 0.18346186451, 0.5242838814, 0.1702646831]
    ],
    [
      [0.00060011545259, 0.57521370571, 0.29804666062, 0.12531812814, 0.00082139007615],
      [0.068321903562, 0.013277147104, 0.71097064912, 0.038577465714, 0.1688528345],
      [0.029247054122, 0.0019592301246, 0.011153667935, 0.9339093739, 0.023730673918],
      [3.9338622461e-05, 0.0058825906021, 0.22836145871, 0.31207862918, 0.45363798289],
      [0.10018491005, 0.019596436974, 0.12509245308, 0.59679393195, 0.15833226795]
    ],
    [
      [0.00034538682092, 0.69396537407, 0.27227415742, 0.033295441316, 0.00011964037903],
      [0.057025553783, 0.026010554266, 0.72665239391, 0.0362667357, 0.15404476234],
      [0.046632944556, 0.0088561944635, 0.015733058588, 0.90458757328, 0.024190229113],
      [4.8522005007e-05, 0.0084711279382, 0.24557542067, 0.29917872541, 0.44672620398],
      [0.13497980746, 0.026512428968, 0.13157255559, 0.55547238761, 0.15146282038]
    ],
    [
      [0, 0.82136762071, 0.16704453777, 0.011026059887, 0.00056178163181],
      [0.037619304831, 0.030768725434, 0.6883139476, 0.0047727102412, 0.2385253119],
      [0.037522448476, 0.017845309861, 0.039699489629, 0.85148077506, 0.053451976974],
      [0, 0.0085506253673, 0.20141106852, 0.18790554234, 0.60213276377],
      [0.098645147439, 0.033589383485, 0.13830688359, 0.47261317341, 0.25684541208]
    ],
    [
      [0, 0.47270818731, 0.35696076732, 0.16950533205, 0.0008257133248],
      [0, 0.011176645535, 0.79302394845, 0.011066143648, 0.18473326237],
      [0, 0.000527089196, 0.0072749689254, 0.97323073261, 0.018967209266],
      [0, 0.0026574755468, 0.19684287963, 0.31478675781, 0.48571288701],
      [0, 0.01321106412, 0.11719561714, 0.70528448504, 0.1643088337]
    ],
    [
      [0.00022681159395, 0.68529476712, 0.2991775746, 0.01483329317, 0.00046755351538],
      [0.029840878227, 0.022207404787, 0.73208295726, 0.012210479489, 0.20365828024],
      [0.029673117876, 0.0091321265494, 0.029044145091, 0.88733699492, 0.044813615567],
      [2.7902437846e-05, 0.006619802909, 0.22588483298, 0.22662967063, 0.54083779104],
      [0.081264115387, 0.025246484241, 0.15123944144, 0.51532567181, 0.22692428712]
    ],
    [
      [0.00041875946935, 0.56249533184, 0.3411283982, 0.095330853283, 0.00062665720217],
      [0.033052803482, 0.017769509792, 0.76422570532, 0.034660544694, 0.15029143672],
      [0.028028186433, 0.0028343514009, 0.016743250751, 0.92766509786, 0.024729113557],
      [4.905889941e-05, 0.0057140843368, 0.25826296604, 0.30217612585, 0.43379776488],
      [0.083980604651, 0.019744129746, 0.14875194428, 0.58934587639, 0.15817744493]
    ],
    [
      [0.00028834042681, 0.64601106138, 0.30874001802, 0.044773765688, 0.00018681448166],
      [0.030857471152, 0.022904897435, 0.76921492011, 0.041229931503, 0.13579277981],
      [0.027664468479, 0.0080770753102, 0.020706284413, 0.92032549375, 0.02322667805],
      [3.9387107938e-05, 0.0078639900592, 0.27460701389, 0.30206164907, 0.41542795988],
      [0.082655013005, 0.02582995984, 0.15775243432, 0.5835418273, 0.15022076553]
    ],
    [
      [0.0001076342373, 0.65290865316, 0.32974788034, 0.01722877862, 7.0536447614e-06],
      [0.010704733223, 0.017563050876, 0.78757675681, 0.06140068048, 0.12275477861],
      [0.014935825037, 0.006995368907, 0.026076228854, 0.9186326745, 0.033359902705],
      [2.6307424552e-05, 0.0064258823132, 0.3183008087, 0.24658512952, 0.42866187204],
      [0.039159255081, 0.024357465715, 0.22163045468, 0.5327196082, 0.18213321633]
    ],
    [
      [0.00044323255082, 0.71097339627, 0.24013383404, 0.048199679027, 0.00024985811236],
      [0.064481475325, 0.029238072572, 0.70788952651, 0.051317783682, 0.14707314191],
      [0.055531882973, 0.011144655275, 0.013887761804, 0.89598239659, 0.023453303357],
      [8.3502944219e-05, 0.0097254491674, 0.24594176226, 0.29338350208, 0.45086578355],
      [0.15711789931, 0.029404062787, 0.13091721468, 0.53390098899, 0.14865983423]
    ],
    [
      [0.00017262315546, 0.62085805111, 0.33740012901, 0.041199354039, 0.00036984269194],
      [0.018209501573, 0.024817496205, 0.86272946239, 0, 0.094243539834],
      [0.02621160998, 0.020433162286, 0.062963243193, 0.86486518424, 0.025526800298],
      [1.0122892497e-06, 0.0099963901946, 0.39241757742, 0.22719506256, 0.37038995754],
      [0.071423919328, 0.034282680282, 0.24964805602, 0.50256378665, 0.14208155773]
    ],
    [
      [0.0097353547802, 3.1502658319e-32, 0.86147700269, 0.12294651561, 0.0058411269235],
      [0.1064882195, 0, 0.72076124874, 0.029153006882, 0.14359752488],
      [0.16784915142, 0, 0.017353537044, 0.76140435688, 0.053392954655],
      ["NaN", "NaN", "NaN", "NaN", "NaN"],
      [0.33055529711, 1.9167364285e-33, 0.1648582464, 0.31723517586, 0.18735128064]
    ],
    [
      [0.00028052360717, 0.60948038765, 0.29604187811, 0.093580994654, 0.00061621597933],
      [0.028588162864, 0.02388673414, 0.81649611424, 0.010445533219, 0.12058345554],
      [0.027552087414, 0.010758691366, 0.026492234298, 0.91334701217, 0.021849974754],
      [4.8959850204e-07, 0.0081632220099, 0.32494278262, 0.26178777246, 0.40510573332],
      [0.082215543293, 0.030411848641, 0.18604795434, 0.55913442231, 0.14219023142]
    ],
    [
      [0, 0.72715966808, 0.26126471976, 0.011155080826, 0.00042053133792],
      [0.04229399292, 0.025046452501, 0.76070081962, 0.019763755597, 0.15219497936],
      [0.058353550529, 0.014685715541, 0.049147909585, 0.83416762575, 0.043645198599],
      [0.00013708375687, 0.0085661316957, 0.28758439561, 0.20586159931, 0.49785078963],
      [0.14031678154, 0.02979234028, 0.18885672949, 0.44166645179, 0.1993676969]
    ],
    [
      [0.00047188336203, 0.5366933797, 0.4015376937, 0.060652615981, 0.00064442725813],
      [0.035188248339, 0.014123081606, 0.75720342578, 0.045286811525, 0.14819843275],
      [0.041598382962, 0.0033268708904, 0.033932235946, 0.88432152568, 0.036820984521],
      [0.00013032245632, 0.0049357596078, 0.2829271358, 0.24412330449, 0.46788347764],
      [0.10879014192, 0.018168516819, 0.18144235734, 0.50507123154, 0.18652775238]
    ],
    [
      [0.00059533843944, 0.55581393795, 0.34756565896, 0.095603696374, 0.00042136826691],
      [0.049092187356, 0.017468903851, 0.78019277207, 0.037431698978, 0.11581443774],
      [0.031935241575, 0.0020754181246, 0.011028515693, 0.94062329512, 0.014337529485],
      [6.7108794297e-05, 0.0059456040203, 0.27492564001, 0.37062292744, 0.34843871974],
      [0.10318216228, 0.018105861087, 0.13663120473, 0.63151065532, 0.11057011658]
    ],
    [
      [0.00038057599234, 0.63461373002, 0.34999963714, 0.014480902829, 0.0005251540194],
      [0.043039338999, 0.021027576798, 0.75331667579, 0.0071497334327, 0.17546667498],
      [0.040421048226, 0.0093629391887, 0.033813727239, 0.88091145977, 0.035490825578],
      [0, 0.0068448688728, 0.26358054506, 0.22905498545, 0.50051960062],
      [0.11310231117, 0.024445033713, 0.15966565587, 0.51250921088, 0.19027778837]
    ],
    [
      [0.00023553224098, 0.61733970823, 0.36621015937, 0.016054352545, 0.00016024761162],
      [0.030761113479, 0.01801076326, 0.77010432398, 0.044858622209, 0.13626517708],
      [0.035731895129, 0.0068578146159, 0.035497432929, 0.88952363238, 0.032389224943],
      [9.7334170555e-05, 0.0064053252627, 0.2925872597, 0.25694736868, 0.44396271219],
      [0.096538971914, 0.022566817684, 0.18527818335, 0.52165917495, 0.1739568521]
    ],
    [
      [0.00040231612828, 0.64673977581, 0.28659782334, 0.065713862026, 0.00054622269378],
      [0.039248046467, 0.02307875848, 0.72189061043, 0.037338580896, 0.17844400372],
      [0.035141766217, 0.0069140900914, 0.017981065023, 0.9078722322, 0.032090846472],
      [5.2675479812e-05, 0.007131084732, 0.2321760029, 0.26932896356, 0.49131127333],
      [0.099910002252, 0.024764510104, 0.14033666415, 0.54825630287, 0.18673252063]
    ],
    [
      [0.00056759058661, 0.53478746804, 0.40427987661, 0.059725545775, 0.00063951899033],
      [0.043951979549, 0.015069621905, 0.81130448049, 0.025247622351, 0.10442629571],
      [0.055412150585, 0.0055188963122, 0.047207390662, 0.86480088826, 0.027060674184],
      [1.5748046688e-05, 0.0061717437236, 0.35598380363, 0.24087184637, 0.39695685823],
      [0.14544935324, 0.020337815863, 0.20735524081, 0.48608526883, 0.14077232126]
    ],
    [
      [0.00076606802509, 0.63093058679, 0.33664934665, 0.031266813784, 0.00038718475127],
      [0.076368081136, 0.020371184244, 0.77272983828, 0.0093451163015, 0.12118578004],
      [0.058654107503, 0.0052060674941, 0.019353126314, 0.89885118769, 0.017935510999],
      [1.8985571402e-05, 0.0072748194105, 0.29024635408, 0.29007303987, 0.41238680106],
      [0.17635062252, 0.021943478111, 0.13693633754, 0.54871242724, 0.11605713458]
    ],
    [
      [0.00046709511298, 0.68988764813, 0.27167256221, 0.037749891329, 0.000222803212],
      [0.076360046195, 0.024762990956, 0.72256559533, 0.030354537388, 0.14595683013],
      [0.053924070493, 0.006019959764, 0.010393920024, 0.91065377252, 0.019008277203],
      [4.2306234964e-05, 0.0079983154642, 0.23845564049, 0.33394111928, 0.41956261853],
      [0.16077529948, 0.023459913741, 0.11575583954, 0.5709564543, 0.12905249294]
    ],
    [
      [0.00042483982546, 0.55779863854, 0.336544705, 0.1044162293, 0.00081558733244],
      [0.031875616852, 0.0182405876, 0.7846314646, 0.022909874446, 0.1423424565],
      [0.029490933831, 0.0037163935734, 0.021843556191, 0.91906735868, 0.025881757729],
      [4.331575796e-05, 0.0061734138368, 0.27802132138, 0.28547166342, 0.4302902856],
      [0.086310566788, 0.021351991245, 0.1633308134, 0.57007560124, 0.15893102732]
    ],
    [
      [0.00041495439028, 0.63750293889, 0.31303883968, 0.048840878973, 0.00020238806731],
      [0.056724620038, 0.021426758176, 0.7478210655, 0.069803668502, 0.10422388778],
      [0.061107875558, 0.0071406386325, 0.020266300972, 0.89098988978, 0.020495295057],
      [0.00027755215848, 0.0083546045872, 0.31109692609, 0.29811824315, 0.38215267402],
      [0.16486437133, 0.024482990753, 0.16594127653, 0.5200829491, 0.12462841228]
    ],
    [
      [0.00020874012378, 0.69027598702, 0.24915136342, 0.059964072176, 0.00039983726588],
      [0.026605795434, 0.029678021332, 0.73409742666, 0.056423598512, 0.15319515806],
      [0.024046457692, 0.012389021802, 0.015958529506, 0.92144775248, 0.026158238522],
      [3.4463674584e-05, 0.0098257967501, 0.25060374984, 0.28695761842, 0.45257837131],
      [0.07114710732, 0.032090207341, 0.152066718, 0.57415226745, 0.17054369989]
    ],
    [
      [0.00040051575353, 0.66502440611, 0.26857099413, 0.065489184406, 0.00051489960221],
      [0.044142768239, 0.027682396107, 0.76519862896, 0.025033808522, 0.13794239817],
      [0.044317291964, 0.014158804873, 0.026294268176, 0.8884468598, 0.026782775185],
      [0, 0.0096266822635, 0.28672798483, 0.25986001663, 0.44378531628],
      [0.12359648264, 0.031299959994, 0.16537309837, 0.52141579112, 0.15831466788]
    ],
    [
      [0.0013968751226, 0.56954347236, 0.33545805458, 0.093367539381, 0.00023405855996],
      [0.080761143642, 0.019886109897, 0.83420940495, 0.012178362738, 0.052964978776],
      [0.08647427367, 0.0080093546194, 0.03183629688, 0.8636223213, 0.010057753528],
      [5.0559333299e-05, 0.0096508721599, 0.4275644941, 0.32519418942, 0.23753988499],
      [0.23357737364, 0.024085659919, 0.18553457343, 0.49377262886, 0.063029764145]
    ]
  ],
  "expected_outcome": [
    [
      [0.064629868845, 0.015777925272, 0, 1.8595274593, 0.052698620311, 0.042045334807, 0.045350278503, 0.048189849763, 0.038972988721, 0.028336789674, 0.0014550781916, 0, 0.0021331890243, 0.067652188399, 0.10128093933, 0.044779957845, 0.074225513751, 0.034594691541, 0, 0, 0.011486598959, 0.055504300404, 0.046403984007, 0.00096178189148, 0.012767876, 0.026226873016, 0.040785132087, 0.037884743813, 0, 0.067293000691, 0.023835736227, 0.041117463494, 0.007099003031, 0.043916313607, 0.03464062892, 0.0059756508018, 0.0099878639608, 0.17300562553, 0.0098069362594, 0.016209466508, 0.16001535154, 0.15091851041],
      [136.6556269057, 51.2071084722, 2.6822581911, 50.997460684, 35.3767993743, 75.9556748378, 169.2822356421, 129.4401394215, 124.108123028, 80.2843062929, 3.9773045188, 0, 3.3990006921, 50.0648816387, 69.345105414, 39.7010079771, 64.3338607164, 62.3942929525, 21.7793198484, 0.94696623302, 31.2260563795, 66.5249071849, 93.2193904594, 5.297664824, 18.630163569, 84.5669772326, 1.102066849e-31, 73.3263121567, 47.3585342662, 69.5212700677, 20.0713998039, 61.4918664613, 16.8498298055, 63.7413261878, 29.5505479441, 4.4365023607, 13.2303060422, 205.0236869479, 13.4825316006, 47.9628949426, 237.6325900057, 54.8604566974],
      [74.9652344753, 22.9025577385, 0.29292448256, 38.3148171965, 30.8999393904, 26.3777294501, 78.3553445984, 71.5669222567, 63.6664762789, 44.0564258001, 0.96268609929, 0.64763951623, 2.3971128567, 24.7205101732, 57.2660805391, 25.3689642564, 32.3202637576, 23.6009467616, 3.9571825664, 0.7092916948, 13.1602737014, 39.2796408784, 43.1229352333, 2.5807801466, 6.0491575983, 44.3071879097, 3.4082446242, 34.4477260376, 15.9935408105, 51.1081227402, 12.2071986405, 33.202308106, 9.7601840758, 27.3496681059, 21.889240571, 2.3360266417, 5.032149956, 120.1470310459, 6.4427539442, 16.6414358123, 92.1962969604, 31.264652417],
      [11.0351293941, 1.8384535066, 0.024817326314, 14.6588241745, 9.5990571247, 6.5899257155, 21.0105627115, 18.756355853, 8.0371616388, 1.5779640768, 0.058554303754, 0.31749137651, 0.20101173447, 7.1093520771, 17.0741816148, 8.7774101747, 15.1681164473, 2.9581821551, 0.25072315229, 0.3418835276, 0.58378218626, 12.0567280146, 6.5812053882, 0.12054389552, 1.3005998942, 6.0434172767, 0.52760433727, 12.1048570266, 0.6243864071, 8.2214096067, 3.6804940702, 1.2158153352, 0.37910307253, 6.8071758492, 3.4886347049, 0.21844513518, 0.72279195144, 41.3194157713, 1.0601243262, 4.3484108904, 24.805383325, 9.6986846678],
      [0.27937935602, 0.036102357457, 0, 0.16937048558, 0.07150549027, 0.034624661801, 0.30650676949, 0.18839261899, 0.14926606552, 0.052967040576, 0, 0.034869107256, 0.00074152771528, 0.037603922617, 0.21335149276, 0.10783763398, 0.10353356493, 0.011983439314, 0.01277443285, 0.0018585445796, 0.018401133873, 0.083219621595, 0.030064935103, 4.9351949776e-05, 0.0073110625006, 0.056190707973, 0.023365906468, 0.08322003537, 0.023538516237, 0.081904584724, 0.017071749152, 0.048892634045, 0.0037840430975, 0.057913543585, 0.036936151013, 0.0030502116741, 0.0047641863715, 0.33686060944, 0.0047831928575, 0.031048888217, 0.20571435738, 0.025287707287]
    ],
    [
      [8.8740509666, 3.5817264675, 0.49686140329, 4.0805368253, 5.044541562, 5.4461690876, 3.9957878236, 3.3238721998, 2.6819351112, 13.9105484468, 1.6817399192, 9.7098154226e-17, 1.1299399966, 6.1917399305, 8.0702616594, 3.2377904818, 9.3064726145, 9.270730612, 2.2224274439, 0, 3.2746439576, 6.5181248671, 8.7280449942, 0.60008861878, 2.6113101802, 2.9983424614, 0.95294311789, 2.1094384197, 10.70620361, 13.5792300504, 3.2579609461, 5.5180327259, 2.9330542122, 6.1802300794, 5.8990231429, 0.55469557927, 2.7566544916, 14.3016597152, 3.1233588237, 2.566905044, 18.1101406561, 8.2323748383],
      [7.4460497345, 3.3276116408, 0.61330577345, 1.4507809096, 0.71632786717, 3.2236718114, 6.2807767035, 3.6412929397, 4.763718285, 7.3109207404, 0.48078143646, 0, 0.34265244355, 1.9636276468, 1.9091857061, 1.5061792229, 1.8257615952, 3.9200180582, 1.6877038752, 0.020621256112, 2.256614914, 3.2363223264, 6.0217723136, 0.9345105493, 1.1127432641, 3.8299678827, 0, 1.6600413034, 5.9372458719, 5.107620166, 1.0704476623, 2.4868522602, 1.6037919166, 3.386216058, 1.9008934491, 0.13522173049, 0.81985706057, 7.6215585304, 1.1128385336, 2.7166171533, 10.7414113239, 1.9079711984],
      [286.2751443289, 107.4819079827, 8.1612653752, 76.2814029623, 88.9104104006, 87.8278378126, 200.2900451384, 149.3529340507, 161.5077468942, 310.1055025355, 11.8749722464, 2.112020551, 21.6857353242, 76.0179035064, 168.8644201735, 76.1668417757, 99.3292739348, 115.00657575, 39.8489668562, 1.5768311568, 78.9166638594, 146.9195049037, 213.0255430652, 44.7282602725, 28.1815758196, 141.7440777606, 6.4635105335, 59.7409670886, 192.2674932466, 290.2039854275, 50.484058899, 93.8960201032, 72.8411773328, 111.4379106394, 108.5481558828, 5.3864326239, 25.1452618109, 345.4928024725, 40.9009220116, 70.1857520686, 311.3682019305, 84.3413756456],
      [7.1395363285, 4.1050344523, 0.32748326986, 1.0266620266, 1.0406883543, 2.9605853545, 4.3238521128, 0.96212858577, 0, 12.6437389715, 1.1567602115, 0.94091887984, 1.5218599431, 0.78784152854, 5.7679937936, 2.7610057301, 5.5972738801, 6.0447609089, 0.24209945208, 0.019356509437, 1.2918284478, 6.9526037493, 12.1384888518, 3.7745212354, 2.1882097038, 0, 0.29447194752, 0.66689002141, 5.6273469209, 18.8692487744, 2.5307216313, 0.78162889812, 4.627704398, 6.0792006537, 3.6622505476, 0.057211521167, 1.0904838673, 10.1462620525, 4.1412153056, 5.7901116588, 10.5292195649, 1.1622843514],
      [48.2652186414, 21.5037194568, 0.40108417825, 20.1606172762, 16.2880318158, 16.5417359339, 29.1095382217, 18.719772224, 19.0465997096, 68.0292893057, 0.80574618649, 4.9470605692, 1.3198122925, 10.0388873878, 27.3881386674, 13.3281827895, 23.9412179755, 24.7579146709, 13.9988023726, 0.38319107764, 22.2602488211, 29.3734441535, 38.0861507751, 6.962619324, 5.9061610324, 15.4276118953, 1.2890744011, 8.8226631669, 38.4617103506, 57.2399155817, 7.6568108614, 22.3174660125, 12.9942721403, 27.9164425696, 13.9896769777, 0.86643854517, 5.1877427696, 63.4377172293, 5.7216653255, 14.7406140754, 56.2510265247, 5.3559939663]
    ],
    [
      [28.7949529248, 11.8295104259, 1.3444595332, 22.6980517063, 22.3704314773, 27.0960314147, 13.0012912331, 13.9989089715, 13.5033802615, 45.330989237, 3.40337296, 0, 2.5507795771, 28.1393243286, 29.0419202419, 11.6048311349, 25.9161067405, 38.5746795258, 10.0238941132, 0, 13.9099965483, 28.802635479, 34.2361352596, 1.0882409888, 9.0265693451, 11.8643273677, 2.3598991201, 10.0693583606, 30.8172976617, 41.5287925787, 14.5969785063, 32.3282596858, 9.0842750845, 24.8040902915, 19.0187667459, 3.3813167614, 12.8608162006, 65.4234461692, 8.0758769751, 8.2929559367, 67.98472276, 33.8474708258],
      [11.0085138083, 5.4214933446, 0.62167219512, 1.4177894524, 1.1061351992, 7.5327502511, 10.2933986752, 8.2529967818, 11.0431668129, 9.1061765315, 0.40688706249, 0, 0.19159228823, 3.7430886457, 1.8548384633, 1.0522171972, 1.9337429223, 7.0609654885, 4.497509477, 0.0154230816, 4.1119013464, 3.0743865387, 9.6701760782, 0.5058831112, 1.7456111895, 8.7670764, 0, 3.8577970304, 7.4028752364, 3.4876157907, 1.0058254839, 7.1734732576, 1.7052142231, 4.8091855628, 1.9002873556, 0.29646667071, 1.3988570675, 8.6129055754, 0.93067356248, 4.1052417192, 20.8413616383, 3.0906579275],
      [45.8465150731, 16.8042834526, 0.5853130293, 12.920002312, 15.0495648476, 11.3336961748, 26.4773449494, 28.1758510678, 32.5046331906, 47.7220802293, 0.51361052724, 0.065008526832, 1.6676450669, 12.5906755035, 26.0088055588, 9.8571238067, 11.0085722736, 14.1246695093, 11.0126174776, 0.21287182554, 13.9675632092, 18.7494745465, 27.3531803295, 1.9679983459, 2.5476135935, 28.8361634671, 0.27341965873, 10.3510569059, 26.2500481462, 34.9665551629, 5.6969636061, 27.6365407729, 9.2706513213, 13.7436961699, 16.4569772877, 1.1605943217, 2.7886340283, 51.78113822, 2.9333657782, 6.1962033184, 42.7498175899, 13.0640269201],
      [718.822994644, 317.7377973543, 23.3113488512, 756.5919946368, 689.9920249899, 766.8721159872, 552.422959576, 556.9564307923, 379.6459890381, 961.4833611079, 23.4393553788, 8.7025775885, 38.0525443552, 419.6714947896, 691.3191270282, 284.7032337326, 817.2658209276, 751.0731349156, 228.2415535284, 25.2788114058, 417.0363755283, 955.7423476601, 1141.6717608535, 65.9561749276, 145.8131884943, 390.7928878166, 10.6193490874, 333.6383594241, 439.3202954515, 880.0390214579, 431.0418863072, 707.5393306857, 225.6281375619, 641.851865263, 296.2653030433, 52.1275376431, 218.3776735305, 2041.2519729926, 117.2909658213, 317.2300939203, 1362.8661474137, 337.9793101193],
      [33.5270235499, 15.2069154226, 0.13720639116, 25.3721618924, 17.4818434861, 15.1654061721, 18.8050055662, 15.6158123867, 14.3028306969, 48.3573928943, 0.23677407148, 1.2324138847, 0.5374387125, 8.8554167326, 22.7753087078, 9.7825941286, 20.8757571359, 20.1665505608, 14.2244254037, 0.49289368708, 20.9741633677, 25.6311557757, 29.0687474792, 2.4817026266, 3.8670173777, 11.7395449487, 0.74733213369, 8.0834282791, 23.2094835041, 36.9780150098, 6.6583460965, 28.322395598, 8.3117218092, 22.7911627129, 9.3586655676, 1.034084603, 4.5740191731, 57.9305370428, 2.769117863, 9.1755051055, 41.5579505981, 4.0185342073]
    ],
    [
      [0.0053746893116, 0.0030197127493, 0.00059286541899, 0.0013449097722, 0.00047007758396, 0.0016580898191, 0.00072686581832, 0, 0.00032943820354, 0.0051279914738, 0.0062578747012, 0, 0.0011668049852, 0.00036577247917, 0.0065719848663, 0.00036921966051, 0.0019260218623, 0.0021479595864, 0, 0, 0.0013502814425, 0.0042263850348, 0.0039504615085, 0.00035360887909, 0.00081009631584, 4.2152180265e-05, 0, 7.7074963903e-06, 0.0064796117226, 0.014896274848, 0.0021012279934, 0, 0.0030536264129, 0.0032982608743, 0.00023414040194, 1.6604447027e-05, 0.00045203868337, 0.0088479152573, 0.0027098766466, 0.0011247947298, 0, 0.00075171117124],
      [0.88925075525, 0.38657558263, 0.03792353056, 0.22974027794, 0.12909981233, 0.44844251755, 0.72408879702, 0.47931443429, 0.61294213541, 0.56265981977, 0.043852023828, 0, 0.027445652677, 0.15588785611, 0.36764805724, 0.10788160218, 0.28491213364, 0.34532291659, 0.13279509485, 0.0049682151586, 0.2748964002, 0.45838194612, 0.69407422952, 0.074747244351, 0.085748502738, 0.36115388058, 0, 0.14278768393, 0.34986315221, 0.50742009705, 0.17079346052, 0.37711418845, 0.1733883241, 0.4025482007, 0.10169238134, 0.006997236773, 0.084737705182, 1.2024295682, 0.073331082196, 0.28062029672, 0.87976681176, 0.16007737931],
      [35.5644946282, 12.7176883808, 0.77976932343, 13.179576011, 8.6507873275, 12.0145948573, 24.6606427402, 20.863231432, 22.2308108167, 25.2636849141, 1.1561126126, 0.082206992794, 1.7719563911, 6.2134493119, 24.9062982896, 5.7461510378, 11.3404437622, 10.2670794063, 3.2321652114, 0.38533740872, 9.7090834142, 21.3241907962, 24.9279169574, 3.8748798941, 2.2162121083, 14.7233757997, 0, 5.9300450126, 12.2091041618, 30.1465876156, 8.1289732941, 15.0350402187, 8.224982386, 13.4551086437, 6.1124220498, 0.28938448914, 2.5927166029, 55.5914414482, 2.815451504, 7.2960937607, 26.8998841522, 7.3115539571],
      [23.0536891632, 9.7923455863, 0.7719318332, 15.3885418417, 9.1324593649, 16.5649445129, 16.6225758482, 13.8684351478, 11.2098932543, 20.0391431077, 1.0214707119, 0.2343007905, 1.2112334032, 5.6781507261, 21.0073011641, 4.6273597002, 15.9412343008, 12.833506889, 3.0433787119, 0.6490426353, 9.9139580253, 25.5978346587, 28.0265740051, 2.9616678582, 2.6900901119, 8.3728283435, 0, 4.7155194037, 8.7046527203, 26.1974935468, 11.3980739588, 13.2120889684, 7.2983501158, 15.9159019297, 4.104545542, 0.29450518642, 3.7650429376, 58.0128290831, 2.7163937559, 8.4598212651, 24.3940248166, 5.5545965509],
      [49.4871907641, 21.1003707376, 0.40978244739, 28.2007969595, 13.0871834177, 18.9703600224, 29.9919657488, 21.7890189859, 21.9460243554, 46.129384167, 0.77230677698, 1.6834922167, 0.98819774808, 6.9521463334, 33.7121805041, 8.5182384401, 22.4314837815, 18.5519428285, 9.5916609819, 0.96065174082, 23.1007118789, 35.6153662139, 37.3474843465, 5.0883513945, 4.0071391808, 13.542599824, 0, 7.2116401923, 20.729900354, 49.1336024657, 10.3000580586, 28.3757566244, 12.3002255477, 28.223142965, 6.6811058864, 0.40909648322, 4.5570507156, 85.1844519853, 3.3921137813, 12.9623398827, 40.8263242194, 3.9730204015]
    ],
    [
      [9.2609915504, 4.5699654686, 0.15808619808, 5.3605390993, 4.5318582628, 10.414096073, 3.956843799, 4.6290289789, 4.7753822003, 12.724997535, 0.90717416795, 0, 0.31598043227, 7.6009177801, 9.7799651745, 3.1122292058, 8.7012691094, 12.1178472111, 2.7536784429, 0, 3.8025226136, 7.6195089685, 7.9854653007, 0.31035500168, 2.3485425024, 3.1110611458, 1.6463726299, 2.7833107684, 9.4700191166, 14.8097880954, 4.1191235834, 7.1125901248, 2.9725180738, 6.9684650546, 4.0473353419, 1.0579954041, 3.3720894051, 19.0930405749, 2.7882473883, 2.1228047581, 15.7451212324, 9.7684841143],
      [3.0005587963, 1.6572109598, 0.044840309748, 0.90422867598, 0.671637747, 2.8394605821, 2.4195001821, 2.1862564227, 2.4720497386, 2.7359366153, 0.091174958453, 0, 0.039308923412, 1.0725142127, 1.5232223593, 0.63271400064, 1.6217226325, 2.2794005843, 0.90267170446, 0.01202121411, 1.1305309599, 1.7060020039, 2.3945869193, 0.18719427116, 0.42573347469, 1.4748246041, 8.3817199437e-33, 1.0130618256, 1.9514814733, 2.3760738785, 0.68153358938, 1.4706938324, 0.66777573069, 1.6607239908, 0.54657886979, 0.12481200138, 0.46624212457, 4.5394193781, 0.40062522111, 0.93462588824, 3.9048702205, 0.98083679732],
      [24.3486114946, 11.0935624455, 0.18072778956, 8.3042015181, 7.4892980338, 13.4461417052, 16.2166225736, 17.0410611928, 18.0903328196, 22.852306521, 0.49261851449, 0.093124413138, 0.47755036111, 7.457461505, 17.954395439, 5.8609191234, 11.0014462718, 12.0007285728, 3.9490678883, 0.11566791414, 7.2464158158, 13.7271888751, 15.5704244146, 1.8480813409, 2.0054408803, 11.3891950629, 0.85482518364, 6.5302049554, 13.2798136348, 25.5747490539, 5.4828055604, 10.2300907992, 5.903004884, 10.0136164411, 5.9932042087, 0.82756192352, 2.4412376018, 36.9875868134, 2.9075067621, 4.68051504, 21.785799367, 8.0183910602],
      [49.9486504701, 26.5263691006, 0.56441871942, 34.3339773203, 28.2357701662, 62.0124284299, 35.6200497516, 38.4566496211, 30.1069560688, 58.2557927361, 1.3238593941, 0.80471136463, 1.013350564, 23.7531608787, 48.8313963993, 16.1309906624, 52.0275544441, 50.0904151314, 13.2222451553, 0.71090592188, 24.1740558123, 53.6504859172, 56.5819709014, 4.1870920833, 8.0079117959, 21.7908665633, 1.5585746278, 18.8743741242, 29.7233185002, 68.6728266142, 25.3488240326, 32.2511361126, 16.0667048518, 38.3458563045, 13.4792661622, 3.3023005141, 12.0440077132, 126.2695201005, 8.791300791, 17.1715622654, 66.4052248798, 20.6051243106],
      [20.4411876886, 11.1528920255, 0.051926983195, 11.0970533862, 7.0714357901, 13.2878732098, 11.7869836937, 10.6870037844, 10.5552791727, 25.4309665925, 0.18517296505, 1.1021642222, 0.15380971921, 5.1159456236, 14.9110206279, 5.2631470078, 13.6480075422, 13.5116085005, 7.172336809, 0.16140494987, 10.6464747984, 14.2968142353, 14.467552464, 1.467277303, 2.2123713467, 6.2340526239, 0.94022755871, 4.7990483264, 13.5753672751, 25.5665623581, 4.3677132343, 11.935489131, 5.3899964597, 13.011338209, 3.9336154174, 0.68733015689, 2.6764231554, 35.1104331331, 2.1123198374, 5.0904920482, 20.1589843004, 2.6271637176]
    ]
  ],
  "prob": [
    [0.00089835550907, 0.60652677305, 0.32349292543, 0.068385150611, 0.00069679540113],
    [0.036362919586, 0.020957785062, 0.77654193528, 0.025839016428, 0.14029834364],
    [0.036376135511, 0.0082988997769, 0.028583873304, 0.89800868691, 0.028732404493],
    [4.8089526229e-05, 0.007335797548, 0.28812455271, 0.2612246817, 0.44326687851],
    [0.10294139555, 0.025015264214, 0.17230512113, 0.53428453789, 0.16545368122]
  ],
  "iterations": 308,
  "time": 0.000706,
  "message": "Converged",
  "status": 0,
  "miniter": 0,
  "maxiter": 1000,
  "maxtime": 3600,
  "param_threshold": 0.001,
  "ll_threshold": "-Inf",
  "initial_prob": "group_proportional",
  "adjust_prob_cond_method": "project_lp",
  "adjust_prob_cond_every": false,
  "candidates_id": ["BRASH, Donald Thomas.c", "WATSON, Pieter Rowley Burges.c", "CLARK, Benjamin Charles.c", "BARRY, Margaret Mary.c", "Other candidates votes.c"],
  "group_id": ["Green Party.p", "Labour Party.p", "National Party.p", "New Zealand First Party.p", "Other parties votes.p"]
}
