{
  "X": [
    [45, 80, 87, 165, 14],
    [29, 68, 99, 60, 14],
    [39, 110, 89, 97, 13],
    [12, 84, 189, 27, 25],
    [4, 101, 244, 29, 37],
    [43, 154, 139, 189, 18],
    [41, 111, 152, 149, 6],
    [50, 170, 96, 190, 20],
    [59, 106, 95, 278, 11],
    [31, 99, 140, 81, 33],
    [16, 91, 94, 97, 17],
    [18, 91, 138, 141, 15],
    [16, 109, 99, 100, 13],
    [16, 99, 122, 101, 14],
    [13, 82, 111, 65, 19],
    [19, 82, 108, 105, 27],
    [10, 82, 101, 72, 11],
    [14, 82, 96, 88, 12],
    [23, 91, 135, 110, 13],
    [23, 134, 166, 98, 13],
    [19, 144, 195, 137, 18],
    [25, 60, 109, 90, 16],
    [20, 75, 97, 83, 7],
    [17, 71, 72, 58, 20],
    [24, 114, 84, 159, 24],
    [18, 60, 80, 76, 3],
    [23, 58, 55, 91, 6],
    [75, 89, 134, 283, 10],
    [76, 107, 83, 255, 18],
    [19, 49, 58, 117, 4],
    [26, 57, 67, 117, 6],
    [21, 111, 154, 77, 17],
    [43, 101, 92, 213, 6],
    [17, 79, 56, 99, 13],
    [20, 63, 84, 104, 14],
    [56, 76, 99, 241, 11],
    [46, 101, 96, 229, 13],
    [46, 81, 85, 236, 15],
    [22, 99, 116, 140, 13],
    [23, 93, 112, 135, 18],
    [31, 57, 85, 106, 12],
    [27, 62, 65, 118, 9],
    [21, 64, 93, 124, 15],
    [11, 53, 118, 93, 17],
    [5, 55, 105, 102, 17],
    [6, 73, 83, 33, 14],
    [14, 58, 101, 38, 9],
    [11, 127, 187, 72, 25],
    [7, 50, 116, 39, 14],
    [7, 69, 97, 51, 21],
    [5, 75, 193, 19, 15],
    [19, 88, 113, 96, 14],
    [12, 76, 129, 101, 14],
    [21, 82, 136, 100, 18],
    [38, 98, 87, 197, 11],
    [37, 88, 105, 176, 16],
    [27, 108, 104, 199, 15],
    [52, 116, 145, 178, 16],
    [39, 64, 72, 132, 6],
    [31, 76, 105, 142, 7],
    [29, 91, 104, 135, 6],
    [6, 60, 170, 23, 16],
    [13, 75, 102, 115, 10],
    [45, 107, 110, 147, 9],
    [7, 46, 140, 32, 31],
    [17, 86, 93, 89, 16],
    [18, 110, 133, 89, 23],
    [20, 105, 125, 83, 20],
    [32, 80, 76, 73, 12],
    [36, 133, 138, 145, 13],
    [32, 76, 123, 101, 11],
    [44, 95, 121, 113, 16],
    [486, 979, 1374, 1509, 130]
  ],
  "W": [
    [13, 50, 123, 83, 89, 33],
    [18, 31, 37, 62, 90, 32],
    [14, 39, 62, 97, 96, 40],
    [2, 10, 24, 94, 172, 35],
    [5, 4, 25, 102, 227, 52],
    [14, 53, 144, 163, 133, 36],
    [8, 43, 113, 125, 146, 24],
    [18, 47, 149, 172, 102, 38],
    [26, 73, 188, 139, 96, 27],
    [12, 30, 58, 106, 134, 44],
    [12, 11, 74, 93, 92, 33],
    [12, 19, 111, 99, 133, 29],
    [13, 13, 58, 113, 98, 42],
    [11, 14, 83, 92, 114, 38],
    [12, 15, 47, 82, 98, 36],
    [19, 20, 69, 95, 101, 37],
    [9, 12, 44, 92, 101, 18],
    [7, 25, 65, 80, 90, 25],
    [8, 22, 88, 98, 117, 39],
    [17, 18, 65, 141, 150, 43],
    [15, 14, 104, 131, 182, 67],
    [6, 19, 74, 69, 111, 21],
    [9, 21, 62, 82, 93, 15],
    [7, 15, 39, 74, 72, 31],
    [34, 22, 106, 130, 79, 34],
    [6, 19, 52, 63, 81, 16],
    [9, 25, 62, 60, 58, 19],
    [19, 79, 217, 106, 128, 42],
    [20, 82, 172, 137, 85, 43],
    [11, 24, 80, 52, 56, 24],
    [10, 26, 75, 78, 69, 15],
    [10, 17, 43, 120, 153, 37],
    [21, 43, 154, 109, 93, 35],
    [18, 13, 67, 76, 59, 31],
    [17, 18, 65, 76, 84, 25],
    [16, 65, 166, 101, 108, 27],
    [11, 51, 157, 133, 97, 36],
    [14, 52, 166, 106, 97, 28],
    [8, 20, 100, 109, 120, 33],
    [11, 20, 105, 98, 111, 36],
    [19, 31, 66, 75, 74, 26],
    [11, 22, 85, 67, 63, 33],
    [9, 23, 76, 87, 99, 23],
    [8, 7, 67, 59, 112, 39],
    [6, 8, 72, 66, 102, 30],
    [0, 2, 31, 70, 79, 27],
    [3, 15, 29, 63, 89, 21],
    [12, 10, 60, 122, 175, 43],
    [2, 6, 32, 56, 110, 20],
    [4, 6, 43, 75, 82, 35],
    [0, 1, 18, 73, 178, 37],
    [7, 18, 67, 95, 113, 30],
    [11, 9, 69, 81, 128, 34],
    [6, 16, 78, 92, 141, 24],
    [11, 44, 149, 103, 93, 31],
    [9, 36, 135, 103, 109, 30],
    [6, 31, 162, 116, 107, 31],
    [13, 46, 136, 132, 146, 34],
    [6, 47, 95, 79, 74, 12],
    [5, 42, 114, 79, 103, 18],
    [11, 35, 101, 98, 106, 14],
    [0, 2, 19, 58, 152, 44],
    [12, 12, 93, 81, 99, 18],
    [8, 52, 107, 113, 116, 22],
    [9, 8, 18, 48, 140, 33],
    [8, 14, 58, 96, 90, 35],
    [5, 16, 74, 111, 127, 40],
    [4, 15, 71, 113, 117, 33],
    [11, 26, 55, 82, 71, 28],
    [14, 36, 107, 143, 138, 27],
    [11, 27, 72, 84, 108, 41],
    [18, 48, 72, 105, 112, 34],
    [144, 478, 1143, 1015, 1260, 438]
  ],
  "method": "mvn_pdf",
  "cond_prob": [
    [
      [0.06899207304, 0.14280320833, 0.0032656328662, 0.7201088161, 0.064830269662],
      [0.73832931863, 0.00013821894861, 0, 0.26124401582, 0.00028844659699],
      [0.027056002423, 0.024358907902, 0.0007862398839, 0.94707063237, 0.00072821742004],
      [0.013558644277, 0.69471337047, 0.049731392187, 0.21549479452, 0.02650179854],
      [0.0030843175073, 0.084999700662, 0.81521864909, 0.04762108134, 0.049076251397],
      [0.074511426902, 0.30043389589, 0.30844466504, 0.12007129191, 0.19653872026]
    ],
    [
      [0.078262120972, 0.12253728024, 0.002100846455, 0.64607188236, 0.15102786997],
      [0.78243419616, 0.0092491580997, 0.00021911538226, 0.20751403589, 0.0005834944651],
      [0.03478687756, 0.085888297958, 0.001029144201, 0.87728403902, 0.0010116412613],
      [0.0097808021315, 0.7726991702, 0.078956441427, 0.10830267154, 0.030260914704],
      [0.0013817630886, 0.061888331813, 0.88702426146, 0.012775404869, 0.036930238766],
      [0.041185589424, 0.27663873796, 0.44343221723, 0.050428421485, 0.1883150339]
    ],
    [
      [0.082066098994, 0.21491558824, 0.0030288821823, 0.64336724173, 0.056622188854],
      [0.79035162153, 0, 0.00019487329848, 0.20918579968, 0.00026770549635],
      [0.035206407747, 0.03809143626, 0.0013764766032, 0.9248826013, 0.00044307808966],
      [0.01305874243, 0.78349631838, 0.036924833992, 0.14884199111, 0.01767811409],
      [0.0036561206684, 0.12810461844, 0.77976850439, 0.044532422721, 0.043938333776],
      [0.080671962357, 0.40830816158, 0.26062921807, 0.094477635721, 0.15591302227]
    ],
    [
      [0.087164078418, 0.12909862028, 0.0034749500298, 0.42006379242, 0.36019855886],
      [0.87062923367, 0.0005741276064, 0.00047827326912, 0.12831836545, 0],
      [0.051699732806, 0.093008856604, 0.0027782545589, 0.85231009924, 0.00020305678853],
      [0.0096619749876, 0.72271878507, 0.14686548728, 0.037103804883, 0.083649947775],
      [0.00027593415802, 0.04256798988, 0.9172872068, 0.0019600211606, 0.037908848],
      [0.026368559859, 0.17847396768, 0.49550953953, 0.017039002292, 0.28260893064]
    ],
    [
      [0.032345334869, 0.27795059171, 0.013300831827, 0.35577223598, 0.32063100561],
      [0.74047637572, 0.0019670306251, 0.0066268998137, 0.25078222103, 0.00014747280435],
      [0.022068563251, 0.095174661472, 0.0097981285454, 0.87281960645, 0.00013904028392],
      [0.0010423706257, 0.76943599388, 0.13141241021, 0.030648164043, 0.067461061242],
      [8.2207046795e-05, 0.036316971534, 0.90752335771, 0.0018778957791, 0.054199567932],
      [0.0038398257318, 0.20185747055, 0.46634936513, 0.016252398087, 0.31170094051]
    ],
    [
      [0.049884258316, 0.21340662779, 0.0027130977167, 0.64406835519, 0.089927660991],
      [0.69224270998, 0.0007866246748, 0.00036539030513, 0.3064188561, 0.00018641893825],
      [0.02113707061, 0.041017207544, 0.002766206841, 0.93454996351, 0.00052955149483],
      [0.0067380389921, 0.75779729458, 0.065635949593, 0.14317762163, 0.026651095199],
      [0.00076619917967, 0.076278078057, 0.85731484519, 0.025132488399, 0.040508389175],
      [0.038022603893, 0.31661652274, 0.38396619352, 0.069085434031, 0.19230924582]
    ],
    [
      [0.082655181963, 0.17814591572, 0.0015509917016, 0.69589839092, 0.041749519697],
      [0.76876720712, 0.001223965635, 0.00038641263136, 0.22962003069, 2.3839196745e-06],
      [0.030084829064, 0.031823325602, 0.002994088219, 0.93508945494, 8.3021761189e-06],
      [0.013311257376, 0.71804815231, 0.082292644772, 0.17527063831, 0.011077307232],
      [0.003969055636, 0.062315261766, 0.89251909482, 0.02805126653, 0.01314532125],
      [0.068283069124, 0.29467162927, 0.45992816311, 0.078738685104, 0.098378453393]
    ],
    [
      [0.08329158501, 0.21305425256, 0.0031245621816, 0.61826378329, 0.08226581696],
      [0.79744249968, 0.00015595225584, 1.0590783545e-05, 0.20220631186, 0.00018464541871],
      [0.036943975596, 0.039753887316, 0.00065357261174, 0.92204689921, 0.00060166526854],
      [0.013317607027, 0.77901558018, 0.037930110322, 0.14387091719, 0.025865785285],
      [0.0033673736279, 0.11914530362, 0.77891643282, 0.03945494248, 0.059115947446],
      [0.075847397426, 0.37081220335, 0.25980059661, 0.084535930857, 0.20900387175]
    ],
    [
      [0.056615549292, 0.099552110808, 0.0016169651184, 0.80507993148, 0.037135443302],
      [0.67283080197, 0.0012654372588, 0.0005813202027, 0.32532244057, 0],
      [0.020679353884, 0.018673287113, 0.0022887753396, 0.95834992323, 8.6604358274e-06],
      [0.014534181876, 0.61039099465, 0.051493910406, 0.30500284518, 0.018578067887],
      [0.003141302833, 0.07713869454, 0.81819380662, 0.066195105587, 0.035331090422],
      [0.081548603407, 0.2799639737, 0.32522125136, 0.16294342356, 0.15032274798]
    ],
    [
      [0.073765296162, 0.19299516579, 0.012150753025, 0.50877362992, 0.2123151551],
      [0.81214144079, 0.00126599254, 0.0014565482164, 0.18513601845, 0],
      [0.03542760473, 0.045449518621, 0.0040769616468, 0.915045915, 0],
      [0.011776214084, 0.72204369161, 0.089346785133, 0.11755224177, 0.059281067398],
      [0.0043549884304, 0.060043609743, 0.85448910781, 0.01402262359, 0.067089670423],
      [0.042361931939, 0.21426207131, 0.35458479706, 0.043827355189, 0.3449638445]
    ],
    [
      [0.07722794815, 0.18332732682, 0.0011597856485, 0.63460030196, 0.10368463742],
      [0.82170591672, 0.00010247365521, 0, 0.17816394282, 2.76668023e-05],
      [0.034889198834, 0.037215755481, 0.0013539124885, 0.92630118392, 0.00023994927845],
      [0.012777240972, 0.74395386419, 0.060441017127, 0.14913669182, 0.033691185887],
      [0.0026746854602, 0.077710333219, 0.83800574593, 0.027702913304, 0.053906322084],
      [0.061161950056, 0.2941793617, 0.33843484332, 0.074555304008, 0.23166854092]
    ],
    [
      [0.049588677551, 0.17696321542, 0.0087116946792, 0.67302172576, 0.091714686583],
      [0.69158340589, 0.00016185980351, 0, 0.30816188385, 9.2850462203e-05],
      [0.020640552409, 0.031788602868, 0.0013211409417, 0.94568802891, 0.00056167487526],
      [0.0079031832625, 0.70932164973, 0.083432381432, 0.1683032459, 0.031039539678],
      [0.00074372388938, 0.057045980042, 0.87967878687, 0.024402863327, 0.038128645872],
      [0.037669635168, 0.25982318937, 0.43074926221, 0.075506555946, 0.19625135731]
    ],
    [
      [0.061988990076, 0.16218798101, 0.0053304803705, 0.72106321665, 0.049429331895],
      [0.70613883014, 0.0086630326666, 0.0070072448436, 0.27807007343, 0.00012081891481],
      [0.02429565621, 0.031471097325, 0.0051801780992, 0.93896887092, 8.4197449555e-05],
      [0.012016390234, 0.7198789579, 0.046482092229, 0.203096417, 0.018526142638],
      [0.0029693106855, 0.094715644761, 0.81682287758, 0.048158989991, 0.037333176978],
      [0.070389184129, 0.34107518448, 0.31519144803, 0.1162284899, 0.15711569346]
    ],
    [
      [0.059366288645, 0.24371882381, 0.007437278309, 0.59681446804, 0.092663141201],
      [0.7631807548, 0.00027964966795, 8.488869862e-05, 0.23637337484, 8.1331996131e-05],
      [0.027795301533, 0.049369061238, 0.0026761082497, 0.91965319261, 0.00050633636526],
      [0.0077422004202, 0.78079620587, 0.071630313159, 0.11479144226, 0.025039838292],
      [0.0011973270838, 0.073073319194, 0.87291130286, 0.017468932769, 0.035349118093],
      [0.039648750113, 0.31720885347, 0.41034229409, 0.059008620883, 0.17379148145]
    ],
    [
      [0.042848709377, 0.23287939069, 0.0024919675502, 0.5504378901, 0.17134204228],
      [0.70360616803, 0.0045598981277, 0.00033644726267, 0.29139105462, 0.00010643196444],
      [0.019497239056, 0.056271115099, 0.0035355329123, 0.92051884529, 0.00017726764811],
      [0.002606377425, 0.75649856149, 0.096631142845, 0.10166395633, 0.042599961906],
      [0.00027790175224, 0.055783890946, 0.88794584488, 0.0092942052313, 0.046698157187],
      [0.021510983635, 0.24979452986, 0.4404564756, 0.04200603443, 0.24623197647]
    ],
    [
      [0.053667212301, 0.14669734851, 0.0020956288051, 0.62278217249, 0.17475763789],
      [0.70413780603, 0.0024485894439, 0.00070854481789, 0.29250674206, 0.00019831765374],
      [0.018226291844, 0.031499413495, 0.0029671621551, 0.94714400698, 0.0001631255216],
      [0.0091593883645, 0.67250400153, 0.086699410641, 0.17682837168, 0.054808827789],
      [0.0044642946149, 0.054046123946, 0.85277265206, 0.025660929628, 0.063055999749],
      [0.035646406968, 0.20658865931, 0.36148097563, 0.069557248591, 0.3267267095]
    ],
    [
      [0.040212072545, 0.18558647122, 0.013695305764, 0.67742360942, 0.083082541044],
      [0.64332146113, 0.0041033341712, 0.0057774617999, 0.34661223451, 0.00018550838917],
      [0.016545234182, 0.032055461639, 0.0011828525204, 0.94976916425, 0.00044728741144],
      [0.0057949755261, 0.72689539833, 0.06954533768, 0.16921330203, 0.028550986435],
      [0.0004991648303, 0.067236665004, 0.86324973361, 0.029013119421, 0.040001317138],
      [0.033705006293, 0.28915342359, 0.39827627971, 0.080891590351, 0.19797370005]
    ],
    [
      [0.020710528267, 0.21473436262, 0.0019417522601, 0.64794119575, 0.11467216111],
      [0.52789892241, 0.0076255668832, 0.00039388639623, 0.46366508594, 0.00041653837654],
      [0.0039838034921, 0.061118133353, 0.0058095932808, 0.92785169892, 0.001236770958],
      [0.0011079856326, 0.78195434404, 0.076247812732, 0.11035145683, 0.030338400766],
      [0.00013444585383, 0.067248287697, 0.87694791998, 0.01531056525, 0.040358781221],
      [0.0119146815, 0.30899392822, 0.42295196778, 0.054254265323, 0.20188515718]
    ],
    [
      [0.069727249138, 0.1997755257, 0.0063160822378, 0.63301009015, 0.091171052776],
      [0.76731094984, 0.00045682609794, 0.00015840307471, 0.23203170807, 4.2112917486e-05],
      [0.030450001557, 0.037978909458, 0.002491593038, 0.92889523565, 0.00018426029217],
      [0.01032155814, 0.7202536834, 0.10112962094, 0.14120760923, 0.02708752829],
      [0.0012906683882, 0.049902753532, 0.90438644446, 0.016100907472, 0.02831922615],
      [0.044082566007, 0.24682355004, 0.48725152392, 0.060674079109, 0.16116828092]
    ],
    [
      [0.088584332493, 0.19905377661, 0.0019121958731, 0.63859071466, 0.071858980366],
      [0.80268303039, 0.0028601772481, 0.00011779626987, 0.19432977735, 9.218739347e-06],
      [0.037060011503, 0.046746604657, 0.0036114738978, 0.9125426396, 3.9270339555e-05],
      [0.012547203647, 0.75050038647, 0.084788181333, 0.13345763038, 0.018706598171],
      [0.0023144760318, 0.061983222972, 0.8943636346, 0.018178891949, 0.023159774444],
      [0.058617300788, 0.28855896202, 0.45630111106, 0.064799781585, 0.13172284455]
    ],
    [
      [0.061025904239, 0.21715086757, 0.0015528504014, 0.65504692961, 0.065223448178],
      [0.75971085978, 0.00019442574458, 7.7674113589e-05, 0.24001704037, 0],
      [0.026089478344, 0.042522855976, 0.0047367496182, 0.92661590603, 3.5010030655e-05],
      [0.0088232085875, 0.76431008088, 0.069835157793, 0.13883125462, 0.018200298125],
      [0.0019428813331, 0.076884863282, 0.86902440557, 0.024829270648, 0.027318579167],
      [0.048147894391, 0.33134287003, 0.40555448301, 0.070748979863, 0.14420577271]
    ],
    [
      [0.12329011023, 0.14172670493, 0.0013789129592, 0.60582022745, 0.12778404443],
      [0.86916498645, 0.00011639798497, 0.00011509749014, 0.13060351808, 0],
      [0.053927739182, 0.028815242497, 0.0011119568278, 0.91610718724, 3.7874255896e-05],
      [0.022212682903, 0.67430487668, 0.083932231259, 0.17244211405, 0.047108095107],
      [0.0028131851746, 0.054137497502, 0.86029472896, 0.025729868396, 0.057024719971],
      [0.09097777247, 0.2132762643, 0.36301028541, 0.063674222611, 0.26906145521]
    ],
    [
      [0.066483555571, 0.20914672629, 0.014745981711, 0.63921128716, 0.070412449276],
      [0.75862913897, 0.0014059399718, 0.0018234045271, 0.23813234914, 9.1673863116e-06],
      [0.02886630133, 0.038040727488, 0.0015534106769, 0.93152825054, 1.1309969182e-05],
      [0.0098756903119, 0.74159021549, 0.084891975767, 0.14265426298, 0.020987855447],
      [0.0015208245618, 0.060433451067, 0.89144416824, 0.020665392563, 0.025936163564],
      [0.04863214061, 0.28659473334, 0.45781556986, 0.05813576517, 0.14882179101]
    ],
    [
      [0.076266825495, 0.18533903104, 0.012246167467, 0.57546110032, 0.15068687568],
      [0.80032339983, 0.0023494345275, 0.0022266876596, 0.19496934946, 0.0001311285264],
      [0.033519478791, 0.037048774578, 0.0021386730233, 0.92729307361, 0],
      [0.015506373564, 0.73489822145, 0.059652911532, 0.14644656058, 0.043495932878],
      [0.0030568652037, 0.07970668637, 0.81059288125, 0.028167922499, 0.078475644674],
      [0.057627600416, 0.26132687905, 0.29098275359, 0.065086009113, 0.32497675783]
    ],
    [
      [0.068760335775, 0.13476481739, 0.0012381531634, 0.65835053602, 0.13688615765],
      [0.71385918378, 0.005040586996, 0.00013629791755, 0.28075592854, 0.00020800276407],
      [0.023047738878, 0.037533896916, 0.0010140141149, 0.93799231076, 0.00041203933064],
      [0.012719415983, 0.69652315432, 0.060919130974, 0.19236642584, 0.037471872883],
      [0.0020095752784, 0.073266139446, 0.82473342006, 0.034554866779, 0.065435998441],
      [0.050056049844, 0.26448456305, 0.31688210386, 0.096317546239, 0.27225973701]
    ],
    [
      [0.067528767782, 0.16771232945, 0.008193736049, 0.72924276846, 0.027322398262],
      [0.74084305065, 0.00069219714956, 0.0009364871122, 0.25752747704, 7.8804512412e-07],
      [0.024096368336, 0.02722190345, 0.0013456515652, 0.94733305492, 3.0217330384e-06],
      [0.012306410978, 0.72411325288, 0.059421249062, 0.19677501009, 0.0073840769923],
      [0.0043589570742, 0.080504503427, 0.8629631362, 0.039764556481, 0.012408846819],
      [0.071088678931, 0.33906472433, 0.38871985777, 0.11577798494, 0.085348754035]
    ],
    [
      [0.066234989242, 0.15039673804, 0.003843499603, 0.73910246199, 0.040422311121],
      [0.73349522662, 0.00019865760688, 5.8367099627e-05, 0.26624774867, 0],
      [0.025604022876, 0.023852181971, 0.00035168393352, 0.95019211122, 0],
      [0.013046420016, 0.7116991663, 0.042351120993, 0.21684086464, 0.016062428048],
      [0.0031967196813, 0.10059193982, 0.80678555102, 0.054243286692, 0.035182502795],
      [0.079518951075, 0.34875500778, 0.29513240546, 0.13807424859, 0.1385193871]
    ],
    [
      [0.084617194557, 0.10243924552, 0.0025128249975, 0.7769546273, 0.033476107619],
      [0.75689593409, 0.0007856668304, 0.0010450423182, 0.24127187123, 1.4855351529e-06],
      [0.029052493003, 0.017818038164, 0.0032580945622, 0.94986394625, 7.428016137e-06],
      [0.020134659981, 0.61136205446, 0.06657490664, 0.28608574952, 0.015842629401],
      [0.0057181909787, 0.061507866006, 0.86072496611, 0.050411576401, 0.021637400502],
      [0.10540240775, 0.2487544703, 0.37935608799, 0.14950325448, 0.11698377947]
    ],
    [
      [0.079610579678, 0.093264183876, 0.00097529841396, 0.77717238467, 0.048977553368],
      [0.74960462474, 0.0021689925733, 0.00058434741922, 0.24704312318, 0.00059891208709],
      [0.028317960574, 0.019402363443, 0.0017585667446, 0.94925451342, 0.0012665958199],
      [0.020068201256, 0.60415205988, 0.042440464455, 0.30680104132, 0.026538233094],
      [0.0044837426977, 0.087955383942, 0.77463576856, 0.077009231939, 0.055915872864],
      [0.11486181994, 0.26452587398, 0.25515628153, 0.17092354704, 0.19453247752]
    ],
    [
      [0.044439683704, 0.11523236018, 0.0047643360582, 0.81218173959, 0.023381880465],
      [0.62287909842, 0.0010865649997, 0.00082056869483, 0.37521376789, 0],
      [0.013691354086, 0.020579523057, 0.00321163729, 0.96251440445, 3.0811196111e-06],
      [0.010568943476, 0.64789802506, 0.051575120365, 0.28052622643, 0.0094316846752],
      [0.0068682259326, 0.08298512648, 0.83173291998, 0.062746359079, 0.015667368526],
      [0.063856294891, 0.32175584365, 0.35050074556, 0.16493992487, 0.098947191031]
    ],
    [
      [0.079144895213, 0.090957969842, 0.0066839404, 0.79032277793, 0.032890416614],
      [0.74914461961, 0.00193695552, 0.0015639892352, 0.24729842946, 5.6006173781e-05],
      [0.028335932897, 0.017658046005, 0.0031148877626, 0.95073883496, 0.000152298374],
      [0.02071919206, 0.59086651696, 0.055437844697, 0.31477223852, 0.018204207765],
      [0.0037333871932, 0.070398738013, 0.83159210695, 0.062486638774, 0.031789129074],
      [0.11545968491, 0.25137365079, 0.33032486854, 0.16651918353, 0.13632261223]
    ],
    [
      [0.088578125035, 0.17674691006, 0.015437150961, 0.64215071775, 0.07708709619],
      [0.78922308823, 0.006841360555, 0.012909226135, 0.19080476924, 0.00022155583679],
      [0.037845262224, 0.034290943838, 0.0072509139493, 0.92035898975, 0.00025389023416],
      [0.015516781711, 0.72281162934, 0.0652673117, 0.16895622721, 0.027448050041],
      [0.0027279911765, 0.068461605121, 0.8598405061, 0.029019269151, 0.039950628456],
      [0.075423878885, 0.28188367786, 0.37639750026, 0.08228864164, 0.18400630135]
    ],
    [
      [0.073943229523, 0.12814910201, 0.0023485846436, 0.77243701313, 0.023122070693],
      [0.73555014916, 0.001029193757, 0.00069991669397, 0.26272056495, 1.7544240193e-07],
      [0.024051170246, 0.023136508043, 0.0028921321081, 0.94991672551, 3.4640966083e-06],
      [0.019295415034, 0.67708088394, 0.045369546213, 0.25341351561, 0.0048406392078],
      [0.0053351142608, 0.097306532787, 0.81437866088, 0.06363441476, 0.019345277312],
      [0.1004368481, 0.33857906825, 0.30836282746, 0.16155968371, 0.091061572481]
    ],
    [
      [0.078554385725, 0.15579311497, 0.0003787952441, 0.69095532707, 0.074318376995],
      [0.76121248218, 0.00071397116369, 0, 0.23786169693, 0.00021184972186],
      [0.029071589089, 0.034119682644, 0, 0.93564432958, 0.0011643986828],
      [0.014173335671, 0.73717721481, 0.035988528423, 0.1878814931, 0.024779428003],
      [0.0038405737074, 0.11568894427, 0.76936820206, 0.053575920401, 0.05752635956],
      [0.07866757935, 0.35642927519, 0.25372030981, 0.10782126424, 0.20336157141]
    ],
    [
      [0.077121119961, 0.11231809791, 0.00088088253896, 0.72771835088, 0.081961548712],
      [0.74551475143, 0.001724434736, 0, 0.25254490898, 0.00021590485156],
      [0.028471144669, 0.021138002013, 0.00027911165722, 0.94950816517, 0.00060357648792],
      [0.016508213961, 0.63716925124, 0.064331580655, 0.24750544064, 0.034485513511],
      [0.0029899209068, 0.062876941145, 0.83958477453, 0.042620607135, 0.051927756286],
      [0.076530936569, 0.23916224917, 0.34210246196, 0.11897617798, 0.22322817432]
    ],
    [
      [0.066605007425, 0.07875282831, 0.00083044321804, 0.82049151041, 0.033320210641],
      [0.70362163264, 0.0020073575841, 0.0016469837774, 0.29243880207, 0.00028522392862],
      [0.023181893793, 0.017053462229, 0.0047358291503, 0.95429271229, 0.00073610253388],
      [0.019053103136, 0.55796941119, 0.046700365074, 0.35691836378, 0.019358756827],
      [0.0042483102068, 0.079257736602, 0.79385340531, 0.082722695764, 0.03991785212],
      [0.10990883225, 0.25421687744, 0.28298543253, 0.20252657683, 0.15036228094]
    ],
    [
      [0.06658147983, 0.090743364103, 0.0006706191889, 0.7998391038, 0.04216543308],
      [0.69911823767, 0.0019475837718, 0.00069429931676, 0.29801455361, 0.0002253256328],
      [0.023077662948, 0.019306000399, 0.0027371055035, 0.95418892361, 0.00069030754327],
      [0.016816839497, 0.5983166214, 0.049325228979, 0.31450363817, 0.021037671957],
      [0.0036281718274, 0.079483258371, 0.80616673907, 0.070259670253, 0.040462160483],
      [0.094466894377, 0.26626298478, 0.29914053378, 0.18197763129, 0.15815195576]
    ],
    [
      [0.063992374178, 0.082642263012, 0.00066254128798, 0.80674902201, 0.04595379951],
      [0.69522938586, 0.001957611301, 0.0010725491012, 0.30127476342, 0.00046569031452],
      [0.022557743255, 0.018362057094, 0.0038474587494, 0.95374689401, 0.0014858468952],
      [0.017886841537, 0.57220014343, 0.039793363306, 0.3440850371, 0.026034614628],
      [0.0045205942, 0.090296496157, 0.75609097961, 0.089797813671, 0.059294116364],
      [0.10261037414, 0.26004056151, 0.24061972085, 0.19763713322, 0.19909221029]
    ],
    [
      [0.068305448797, 0.13793296838, 0.00080455382994, 0.73750454124, 0.055452487754],
      [0.73199643457, 0.00015062033404, 0, 0.26780089863, 5.2046468881e-05],
      [0.025723218032, 0.024563011671, 0.0011315047782, 0.94829626969, 0.00028599582429],
      [0.013396806515, 0.69072151686, 0.052416246891, 0.22191667083, 0.021548758901],
      [0.0029005762836, 0.083249006236, 0.82769520392, 0.046726478054, 0.039428735504],
      [0.073726813665, 0.30783929069, 0.32859447605, 0.12479467398, 0.16504474562]
    ],
    [
      [0.070354437998, 0.16312699387, 0.0010636953941, 0.67384914807, 0.091605724669],
      [0.76817378591, 6.5900416335e-05, 0, 0.23170593361, 5.4380064922e-05],
      [0.029934904949, 0.02970441814, 0.00075192323767, 0.93930467617, 0.00030407749839],
      [0.012667992587, 0.71367323058, 0.062331553829, 0.17841626342, 0.032910959584],
      [0.0025006206989, 0.072672003165, 0.84083168933, 0.032716560302, 0.051279126503],
      [0.061123007584, 0.27996533905, 0.34634826722, 0.089172713676, 0.22339067247]
    ],
    [
      [0.087176495409, 0.11095604584, 0.0013395726415, 0.71252816014, 0.087999725968],
      [0.76744922616, 0.001398304201, 0, 0.23068546516, 0.00046700448466],
      [0.032642201497, 0.019870664359, 0.00029964082147, 0.94622141557, 0.00096607774905],
      [0.018379645624, 0.60705108954, 0.098334312894, 0.24130470329, 0.034930248658],
      [0.002190631639, 0.0402430761, 0.89181005835, 0.029258313693, 0.036497920218],
      [0.071452119789, 0.19346940402, 0.44560592464, 0.099889774988, 0.18958277656]
    ],
    [
      [0.093966895669, 0.11834662961, 0.0058102466703, 0.741795995, 0.040080233051],
      [0.79005745786, 0.0012658396515, 0.00090760387546, 0.20766103545, 0.00010806316202],
      [0.034499503168, 0.021457304499, 0.0019546323304, 0.94170566748, 0.00038289252051],
      [0.020418993777, 0.65313969259, 0.049767687955, 0.25781232718, 0.018861298504],
      [0.0036569704486, 0.08527936955, 0.81430484164, 0.060158514659, 0.036600303705],
      [0.1228539571, 0.29434872832, 0.30649503446, 0.12616082408, 0.15014145604]
    ],
    [
      [0.05598626281, 0.087614461561, 0.0057157322122, 0.78732918612, 0.063354357299],
      [0.6751930646, 0.0022105112189, 0.0034669452579, 0.31887708608, 0.00025239283717],
      [0.020805281781, 0.016682105939, 0.0041380445307, 0.95773481549, 0.00063975226265],
      [0.015490743407, 0.5768097986, 0.055802642053, 0.3166584634, 0.035238352543],
      [0.0032152774769, 0.066100930981, 0.81439751938, 0.057176802994, 0.059109469173],
      [0.074759764644, 0.22462362571, 0.30757143513, 0.15574906766, 0.23729610686]
    ],
    [
      [0.06215611361, 0.11286095722, 0.0011815357907, 0.74091399972, 0.082887393656],
      [0.76707712847, 1.5783821883e-05, 0, 0.23286370781, 4.3379902607e-05],
      [0.024918546185, 0.019917060895, 0.0046820834731, 0.94994772459, 0.00053458485984],
      [0.01395492513, 0.62449681867, 0.084546307317, 0.23954417809, 0.037457770785],
      [0.0026159484419, 0.048913545892, 0.8678022816, 0.03455529235, 0.04611293172],
      [0.060188251008, 0.21638280343, 0.39730155001, 0.097252442296, 0.22887495325]
    ],
    [
      [0.022949663226, 0.11805201737, 0.001203235995, 0.75428229418, 0.10351278923],
      [0.47591137854, 0.001041269252, 9.0522655005e-05, 0.52288824131, 6.8588242352e-05],
      [0.0036489644401, 0.01980462901, 0.0015998764518, 0.97192634707, 0.0030201830261],
      [0.0024465794065, 0.62494809305, 0.081368496889, 0.24753520148, 0.043701629171],
      [0.00026850549788, 0.050663268086, 0.86014192225, 0.036721403889, 0.052204900275],
      [0.020114125035, 0.21477323223, 0.39240228113, 0.10765322735, 0.26505713425]
    ],
    [
      ["NaN", "NaN", "NaN", "NaN", "NaN"],
      [0.93930368153, 0.0002581963884, 6.0556787086e-05, 0.060360415487, 1.714981096e-05],
      [0.052579264096, 0.07189326688, 0.0017302532254, 0.8681913177, 0.0056058980976],
      [0.016129534591, 0.80696853962, 0.071330413844, 0.066590924553, 0.038980587396],
      [0.0010681897894, 0.078567545572, 0.85997728032, 0.0054322822767, 0.05495470204],
      [0.047332630936, 0.29911698002, 0.37092247859, 0.032401233397, 0.25022667705]
    ],
    [
      [0.063137119624, 0.25038922353, 0.0080506680449, 0.53941942366, 0.13900356514],
      [0.78907611364, 0.0013195799554, 0.0014705399104, 0.20787196676, 0.00026179973559],
      [0.031140033437, 0.054735198317, 0.004930177333, 0.90866606014, 0.00052853077517],
      [0.0070521234113, 0.7450392052, 0.12244375923, 0.091428619852, 0.034036292307],
      [0.00030052530769, 0.044242145305, 0.92077713722, 0.0044090594358, 0.030271132732],
      [0.028588354264, 0.22698557233, 0.53084251003, 0.03618748301, 0.17739608036]
    ],
    [
      [0.046104458152, 0.29283754745, 0.0092545693476, 0.47168469428, 0.18011873077],
      [0.75906057811, 0.00059954101901, 0.00021834360317, 0.24007081509, 5.0722177612e-05],
      [0.025851307112, 0.074596583293, 0.005275477341, 0.89391847447, 0.00035815778095],
      [0.0028121856189, 0.79523594343, 0.094905736743, 0.0670754517, 0.039970682505],
      [0.00025258271939, 0.059426778135, 0.89078589459, 0.0044544543896, 0.045080290164],
      [0.02134357379, 0.26943459884, 0.44428375942, 0.031191451716, 0.23374661623]
    ],
    [
      [0.065924449852, 0.13796901594, 0.0026609299665, 0.57043673573, 0.22300886851],
      [0.79772466248, 0.00025274685191, 0.00017981254029, 0.2018245095, 1.8268626941e-05],
      [0.030571106061, 0.049913934688, 0.0020002700815, 0.91733855036, 0.00017613880811],
      [0.00803974119, 0.70793291847, 0.12367232528, 0.10616163748, 0.054193377586],
      [0.00081006802462, 0.041588876374, 0.90472424302, 0.0056307025528, 0.047246110025],
      [0.028209737105, 0.19531398707, 0.47421368371, 0.036445844028, 0.26581674809]
    ],
    [
      [0.047539380555, 0.21541685979, 0.0027042424257, 0.49079052252, 0.24354899471],
      [0.76756311334, 0.00060597617153, 0.00037797957485, 0.23145293091, 0],
      [0.023653955205, 0.056739212, 0.006505467663, 0.91298917234, 0.00011219279472],
      [0.0052377653579, 0.72724425956, 0.11507173468, 0.092095847648, 0.060350392755],
      [0.00067495351425, 0.049777375538, 0.88942030143, 0.0049690228328, 0.055158346687],
      [0.021119003826, 0.20199560933, 0.43269529216, 0.030712499086, 0.3134775956]
    ],
    [
      ["NaN", "NaN", "NaN", "NaN", "NaN"],
      [0.94305070522, 0.00015902067945, 3.3848097316e-05, 0.0567488125, 7.6135072798e-06],
      [0.063095006636, 0.090359846146, 0.0019868114189, 0.83576326192, 0.0087950738772],
      [0.018248979397, 0.78555800574, 0.12420642945, 0.0370614126, 0.034925172816],
      [0.0004229752321, 0.041826941717, 0.92408900837, 0.0022320954683, 0.031428979213],
      [0.040912813191, 0.23195766768, 0.5245754245, 0.021532874588, 0.18102122003]
    ],
    [
      [0.067898458816, 0.16777823048, 0.0017108471101, 0.68320826099, 0.079404202608],
      [0.74856157697, 0.00075766159643, 0.0010435340722, 0.24950945279, 0.00012777457153],
      [0.027786759012, 0.029456694601, 0.0011554768606, 0.94116295474, 0.00043811478993],
      [0.011972452787, 0.71624941984, 0.062810694976, 0.180789781, 0.028177651403],
      [0.0023533037906, 0.071785428407, 0.8495403036, 0.032939702978, 0.043381261221],
      [0.059519440196, 0.2894289215, 0.36422510591, 0.092374614145, 0.19445191824]
    ],
    [
      [0.058125731194, 0.14129939101, 0.0010604862963, 0.73316770406, 0.066346687449],
      [0.73529310151, 9.6680427016e-05, 0, 0.26456948398, 4.0734080335e-05],
      [0.023072327825, 0.025304845463, 0.0038707720917, 0.94738485852, 0.00036719610503],
      [0.011539219397, 0.68230240316, 0.068428366119, 0.21127884729, 0.026451164043],
      [0.0022985909264, 0.064193904052, 0.85972038167, 0.035350347456, 0.038436775893],
      [0.056532118048, 0.2710437607, 0.38630426079, 0.10429539875, 0.18182446172]
    ],
    [
      [0.099051067771, 0.1512231335, 0.0012793681309, 0.63203372861, 0.11641270199],
      [0.83552334491, 8.8858185858e-05, 0, 0.16438779691, 0],
      [0.041809214458, 0.030856577228, 0.00064949586701, 0.92662436324, 6.0349203792e-05],
      [0.016997803471, 0.69663969368, 0.07561478261, 0.1708270754, 0.039920644839],
      [0.0027428317072, 0.061886262309, 0.85367436932, 0.02784939628, 0.053847140381],
      [0.07606933988, 0.24448381834, 0.35904237662, 0.069084863853, 0.2513196013]
    ],
    [
      [0.058633374093, 0.14366100866, 0.00064427184615, 0.75026763449, 0.046793710915],
      [0.69089095752, 0.00077822981091, 9.5473139638e-05, 0.30815399368, 8.1345846827e-05],
      [0.022072997548, 0.024382328661, 0.0010492004468, 0.95222426201, 0.00027121133631],
      [0.011593920494, 0.70268914023, 0.04111010862, 0.22639741833, 0.01820941232],
      [0.0029440880751, 0.10367505517, 0.79338508135, 0.059394232717, 0.040601542685],
      [0.070934842498, 0.34625026605, 0.2842976636, 0.14400862996, 0.1545085979]
    ],
    [
      [0.081774540496, 0.12389839053, 0.00078536271852, 0.71893499336, 0.074606712898],
      [0.76256282644, 0.00035949783996, 0, 0.23691976454, 0.00015791117821],
      [0.030778505713, 0.021739849961, 0.00047438548159, 0.94640535312, 0.00060190572136],
      [0.016920085009, 0.65883913804, 0.056126076198, 0.23743605709, 0.030678643666],
      [0.0031383106707, 0.074498085349, 0.82265904869, 0.04736240417, 0.052342151124],
      [0.085727483116, 0.26521234324, 0.31593558468, 0.12057783099, 0.21254675796]
    ],
    [
      [0.058362814317, 0.15845428168, 0.00087902464858, 0.69196885752, 0.090335021832],
      [0.66862655374, 0.0015451386582, 0, 0.32968691359, 0.00014139401503],
      [0.019572088396, 0.028699684639, 0.00046713234218, 0.9506227531, 0.00063834152695],
      [0.0089300159797, 0.71746510658, 0.051837442777, 0.195539778, 0.026227656669],
      [0.0016784574083, 0.08655730748, 0.82124890596, 0.042642922154, 0.047872406996],
      [0.049556284893, 0.31820780118, 0.32362174557, 0.10908385852, 0.19953030984]
    ],
    [
      [0.10911491581, 0.14600826979, 0.0010096536204, 0.67774878925, 0.066118371528],
      [0.82593254182, 0.00013015291761, 0, 0.17380629846, 0.00013100680517],
      [0.043919344903, 0.026115670751, 0.0010037702027, 0.92855885545, 0.00040235869591],
      [0.020280148096, 0.68995401698, 0.064751467578, 0.19928978545, 0.0257245819],
      [0.0028967115538, 0.070154953944, 0.8507456251, 0.036768286848, 0.039434422553],
      [0.10340231848, 0.27140060941, 0.35571490501, 0.095169120898, 0.1743130462]
    ],
    [
      [0.067666480353, 0.12673295935, 0.00085569805952, 0.75648665049, 0.048258211747],
      [0.72209363094, 0.0005517934505, 1.8620264743e-05, 0.27725022029, 8.5735056922e-05],
      [0.025173831495, 0.021934642323, 0.0014567067119, 0.95124662437, 0.00018819509906],
      [0.014241588455, 0.66157418921, 0.060195266886, 0.24494329777, 0.019045657683],
      [0.0027627259065, 0.071642219929, 0.84556130087, 0.048660896733, 0.031372856563],
      [0.077879938907, 0.29699930907, 0.37738676444, 0.092538628846, 0.15519535873]
    ],
    [
      [0.047872237324, 0.20084438855, 0.0015376304581, 0.67908770235, 0.070658041313],
      [0.65436402227, 0.0010723855856, 0.00010348064761, 0.34445508828, 5.0232182226e-06],
      [0.0175147631, 0.035973322511, 0.0042410116543, 0.94224327291, 2.7629828803e-05],
      [0.0065301082506, 0.73915452001, 0.074065367533, 0.1615917072, 0.01865829701],
      [0.0010818248762, 0.066401123345, 0.88042636698, 0.026864002484, 0.025226682316],
      [0.036297798368, 0.31206979508, 0.44274502766, 0.066054308034, 0.14283307086]
    ],
    [
      [0.054861461275, 0.19048979244, 0.0081904952747, 0.70102692902, 0.045431321992],
      [0.69693035556, 0.0013392584537, 0.0014562640669, 0.30026970609, 4.4158315957e-06],
      [0.021083769872, 0.032919046573, 0.0020750551612, 0.94391227829, 9.8501005267e-06],
      [0.0088042945844, 0.73962886753, 0.064612865936, 0.17293033288, 0.014023639067],
      [0.0025676745758, 0.07754740683, 0.86335508085, 0.03465585108, 0.021873986664],
      [0.052821882142, 0.34494717083, 0.41440395047, 0.058816508788, 0.12901048778]
    ],
    [
      ["NaN", "NaN", "NaN", "NaN", "NaN"],
      [0.92215627448, 0.00015081964951, 5.4429039781e-05, 0.07761588424, 2.2592590056e-05],
      [0.052997641607, 0.06084014166, 0.0017089735273, 0.87707329709, 0.0073799461149],
      [0.017961421087, 0.73914697793, 0.13103546005, 0.074163833597, 0.037692307328],
      [0.00051983968224, 0.041665255345, 0.92048806154, 0.0037038395029, 0.033623003934],
      [0.046089868312, 0.2190930031, 0.51029951383, 0.029906582585, 0.19461103217]
    ],
    [
      [0.053389062188, 0.18630084553, 0.0021813332514, 0.67326467642, 0.084864082611],
      [0.72742492095, 0.0001587097511, 0, 0.27233760107, 7.8768226893e-05],
      [0.022708714416, 0.034717508445, 0.0022724120176, 0.93966387553, 0.00063748958868],
      [0.0083322893785, 0.72450527044, 0.081987033655, 0.15775787647, 0.027417530064],
      [0.0011479662997, 0.059521755367, 0.88139264417, 0.023510077394, 0.034427556765],
      [0.040542092128, 0.27534313136, 0.43687045467, 0.064341477214, 0.18290284463]
    ],
    [
      [0.068795102429, 0.17793477272, 0.00093632186477, 0.70020994892, 0.052123854063],
      [0.73953054472, 8.385079019e-05, 5.3759904866e-05, 0.26033184458, 0],
      [0.026863582839, 0.031727272857, 0.0014105737677, 0.93998206321, 1.6507329604e-05],
      [0.011444784484, 0.74032407483, 0.051672032066, 0.18022838463, 0.016330723984],
      [0.002859290882, 0.092512933069, 0.8318336982, 0.041660277321, 0.031133800524],
      [0.067941322826, 0.35405557678, 0.34123335918, 0.094753822483, 0.14201591874]
    ],
    [
      [0.036934122657, 0.15182174645, 0.0033483195147, 0.49428936488, 0.31360644649],
      [0.70259345976, 0.014284972594, 0.0012438775384, 0.28127634514, 0.00060134496433],
      [0.017255971241, 0.043403134058, 0.0048938709758, 0.93432388401, 0.00012313971779],
      [0.0030033173019, 0.66783622323, 0.11429348548, 0.11908791701, 0.095779056977],
      [0.00025059371209, 0.046182619169, 0.8729750808, 0.011533390365, 0.069058315958],
      [0.016878648045, 0.15807159665, 0.36876441855, 0.034923041671, 0.42136229509]
    ],
    [
      [0.072589129858, 0.1532975545, 0.0082657809776, 0.68444170362, 0.081405831043],
      [0.75930161105, 0.0021324390778, 0.0023673669176, 0.23605154946, 0.00014703349363],
      [0.029845966045, 0.027798517821, 0.0030900099757, 0.9388601932, 0.00040531295962],
      [0.014299846242, 0.69737849232, 0.058523418235, 0.19781896058, 0.031979282622],
      [0.0028233515669, 0.072576582036, 0.83627181755, 0.037490425945, 0.0508378229],
      [0.069460328445, 0.27574924963, 0.33825138018, 0.09717414064, 0.2193649011]
    ],
    [
      [0.069668585716, 0.19015746685, 0.0017727850511, 0.56420562377, 0.17419553861],
      [0.78729403898, 0.00047855779426, 0.00020928715557, 0.21201811607, 0],
      [0.032211581278, 0.055541156162, 0.001656791972, 0.91052354154, 6.6929047005e-05],
      [0.0085642464037, 0.76716039014, 0.076900768106, 0.10584114036, 0.041533454989],
      [0.0015078495033, 0.069338147696, 0.86005565347, 0.013612597512, 0.055485751822],
      [0.038229179885, 0.27426905306, 0.37755329061, 0.048269337142, 0.26167913931]
    ],
    [
      [0.10291188894, 0.15009961816, 0.0018907260324, 0.56353606945, 0.18156169742],
      [0.85346351519, 0.00042333158055, 0.00016255646109, 0.14595059676, 0],
      [0.046821068568, 0.054199628612, 0.0015251042405, 0.89735611884, 9.8079744307e-05],
      [0.012931298342, 0.75228098907, 0.08593599988, 0.10592234987, 0.042929362831],
