{
  "Z_true": {},
  "V_true": [
    [3, 21, 199, 984, 15],
    [485, 508, 694, 196, 29],
    [820, 5253, 2419, 964, 263],
    [110, 107, 8125, 12513, 243],
    [95, 249, 712, 594, 429]
  ],
  "p_true": [
    [0.0025, 0.0172, 0.1628, 0.8052, 0.0123],
    [0.2537, 0.2657, 0.363, 0.1025, 0.0152],
    [0.0844, 0.5405, 0.2489, 0.0992, 0.0271],
    [0.0052, 0.0051, 0.3851, 0.5931, 0.0115],
    [0.0457, 0.1198, 0.3425, 0.2857, 0.2063]
  ],
  "Z_est": [
    [
      [0.0086, 0.0018, 0, 0.0182, 0.0223, 0, 0.0162, 0.0036, 0.0106, 0.0156, 0, 0.0151, 0.0047, 0.0031, 0.0069, 0.0037, 0.015, 0.0134, 0, 0.0108, 0.007, 0.022, 0.0088, 0.0072, 0.0176, 0.0102, 0.0072, 0.0035, 0.0051, 0.0119, 0.0081, 0.0066, 0.0387, 0.0085, 0.0535, 0.0394],
      [0.2767, 0.0431, 0.0681, 0.5819, 0.8574, 0.1919, 1.2067, 0.3593, 0.4548, 0.7392, 0.0778, 0.6111, 0.1151, 0.2159, 0.2633, 0.1441, 0.5996, 0.4367, 0.0918, 0.3783, 0.2764, 0.6877, 0.2454, 0.4561, 0.7313, 0.4394, 0.2749, 0.1791, 0.2303, 0.3465, 0.2966, 0.431, 1.7726, 0.2571, 1.6091, 1.2439],
      [2.9789, 0.5864, 0.8324, 10.4585, 14.2387, 3.7476, 20.2493, 7.1525, 10.8399, 19.2439, 1.6673, 9.7817, 2.9726, 3.8633, 3.3392, 3.1662, 9.2769, 8.4304, 0.7955, 7.526, 4.9164, 12.6803, 3.9621, 9.3688, 15.1246, 9.9565, 6.0607, 4.5556, 5.8958, 8.4476, 9.295, 5.1152, 32.1805, 3.9464, 23.7518, 20.037],
      [8.7046, 1.3375, 4.0994, 32.8264, 46.7311, 12.0255, 65.3138, 23.3989, 34.6236, 52.8309, 4.2549, 26.5234, 9.8859, 8.8876, 7.3626, 10.6596, 20.0453, 19.0579, 1.0927, 20.049, 16.7524, 46.5122, 8.7581, 31.1059, 52.0283, 30.4975, 19.6205, 13.2208, 21.8314, 30.1543, 27.3529, 3.324, 82.7755, 6.7401, 59.2584, 25.5411],
      [0.0311, 0.0312, 0, 0.115, 0.1506, 0.0349, 0.214, 0.0856, 0.0711, 0.1705, 0, 0.0687, 0.0216, 0.03, 0.028, 0.0263, 0.0632, 0.0616, 0.02, 0.0359, 0.0479, 0.0978, 0.0257, 0.0619, 0.0982, 0.0965, 0.0367, 0.041, 0.0375, 0.0397, 0.0474, 0.1232, 0.2326, 0.0479, 0.3272, 0.1386]
    ],
    [
      [12.858, 8.3985, 0.7399, 27.3294, 29.957, 7.7116, 22.8292, 11.0971, 15.8422, 23.2918, 6.0146, 11.7662, 20.152, 17.5889, 30.4725, 9.0814, 75.7363, 61.6107, 0.9412, 47.8414, 38.4916, 33.3908, 5.8907, 14.1463, 22.711, 12.5315, 8.0373, 7.2019, 7.0317, 19.4583, 22.2031, 1.5579, 73.4692, 17.4916, 126.4472, 47.9933],
      [7.8492, 2.8078, 1.2873, 11.2631, 15.3955, 8.1565, 14.9255, 7.8462, 8.5364, 12.7454, 1.9821, 6.5046, 7.0114, 12.3179, 16.4175, 4.8139, 41.0833, 18.3648, 0.0386, 21.8106, 19.6131, 13.3485, 1.9009, 9.2371, 12.0293, 6.7959, 4.0898, 4.4076, 3.9864, 8.1076, 11.2012, 1.3559, 41.9705, 6.4778, 39.2798, 20.2472],
      [5.3846, 2.4694, 0.7718, 13.0463, 16.5188, 10.2416, 16.2252, 10.1449, 13.1965, 21.5504, 2.6254, 6.6861, 11.6229, 14.2083, 13.4449, 6.7952, 41.1355, 23.0226, 0.0191, 28.049, 22.476, 15.8968, 1.9594, 12.2719, 16.0737, 9.9227, 5.7949, 7.1889, 6.5807, 12.8089, 22.7449, 1.0488, 49.2485, 6.4121, 37.8589, 21.2346],
      [0.8943, 0.3243, 0.2011, 2.3524, 3.1168, 1.8819, 3.0088, 1.9061, 2.4194, 3.3985, 0.3779, 1.0406, 2.2027, 1.8721, 1.649, 1.3033, 5.0449, 2.9843, 0.0005, 4.299, 4.3985, 3.3563, 0.2482, 2.3399, 3.1802, 1.7434, 1.076, 1.1973, 1.3984, 2.6252, 3.8446, 0.0365, 7.2913, 0.6139, 5.414, 1.5035],
      [0.0139, 0, 0, 0.0089, 0.0119, 0.0083, 0.0112, 0.0057, 0.0055, 0.0139, 0, 0.0026, 0.011, 0.0127, 0.0161, 0.0063, 0, 0.0176, 0.0006, 0, 0.0209, 0.0076, 0.0008, 0.0048, 0.0058, 0.0065, 0.002, 0.0043, 0.0027, 0, 0.0062, 0.0009, 0.0205, 0.0046, 0, 0.0214]
    ],
    [
      [7.8019, 3.5959, 0.2172, 22.3096, 31.5766, 2.2884, 21.0928, 9.8738, 14.9578, 15.6301, 2.901, 13.7792, 14.4143, 10.3871, 22.0501, 7.7794, 37.5894, 39.2883, 3.0565, 21.843, 16.2375, 23.0228, 9.048, 8.8141, 15.8167, 10.2997, 7.6084, 4.7831, 5.8241, 13.8431, 11.1527, 4.9341, 31.0013, 14.2993, 93.2709, 28.9035],
      [84.9695, 21.1997, 17.0757, 168.2668, 294.9199, 103.0634, 259.774, 142.9923, 147.5601, 156.4048, 18.9001, 139.8112, 91.4633, 139.7752, 211.3802, 76.0577, 366.6347, 226.2735, 9.3085, 179.5514, 150.91, 168.3188, 56.3975, 110.7397, 153.178, 102.7536, 71.8447, 55.3965, 61.2756, 104.7863, 102.6155, 107.002, 321.7442, 98.6913, 556.3649, 221.87],
      [22.3428, 6.9583, 4.0035, 76.0918, 123.3671, 49.4362, 110.0438, 71.754, 89.044, 103.1677, 9.7923, 56.1433, 59.2825, 62.8101, 67.6433, 41.8395, 143.6927, 110.4532, 1.5839, 90.2282, 67.4374, 78.1771, 22.6067, 57.2166, 79.9076, 58.5685, 39.7014, 35.1664, 39.4282, 64.6496, 81.3203, 34.454, 147.5412, 38.0299, 208.1837, 90.3639],
      [9.1571, 2.1665, 2.7036, 33.4772, 56.962, 22.0649, 49.8357, 32.8609, 39.7159, 39.6972, 3.4067, 21.2808, 27.2533, 20.1757, 19.3827, 19.4674, 42.5342, 34.8248, 0.083, 33.7049, 32.2178, 40.3414, 6.983, 26.5873, 38.5612, 25.0567, 17.9578, 14.2743, 20.4379, 32.2709, 33.5075, 0, 53.2405, 8.6593, 72.333, 15.3226],
      [4.7286, 5.0796, 0, 16.8547, 26.1743, 9.1471, 23.2537, 17.5191, 11.7222, 18.1001, 0, 7.9855, 8.5867, 9.852, 11.5437, 6.8559, 19.549, 16.1602, 0.9681, 8.6725, 13.1973, 12.1399, 2.9648, 7.6423, 10.5365, 11.3216, 4.8877, 6.3797, 5.0341, 6.45, 8.404, 14.6099, 21.4727, 9.3201, 57.8475, 12.5401]
    ],
    [
      [0.3007, 0, 0, 0.2806, 0.3434, 0, 0, 0, 0.1419, 0.0004, 0, 0.3768, 0.3873, 0, 0.363, 0.1201, 0.5499, 0, 0, 0.2457, 0.2353, 0.4855, 0, 0, 0.3974, 0.1134, 0.3128, 0, 0.113, 0.6173, 0.6033, 2.4368, 0.3614, 0.143, 0, 0.9702],
      [0.6304, 0.6753, 0, 2.1496, 2.6485, 0.2003, 3.014, 1.9914, 2.6542, 2.322, 0, 1.9697, 0.476, 0.9395, 1.4751, 0.6011, 3.1989, 1.5849, 0.4047, 3.232, 1.8262, 4.0883, 1.8043, 2.6228, 4.8631, 1.5221, 1.6171, 1.8072, 1.9591, 2.576, 3.0388, 11.1096, 9.0023, 2.8917, 11.917, 8.1849],
      [40.9557, 23.3862, 2.6106, 215.0955, 238.3887, 109.4029, 286.4337, 201.425, 256.9415, 269.6892, 14.198, 194.5063, 100.8659, 108.6013, 93.1488, 69.8042, 247.891, 187.7459, 10.3813, 285.5122, 180.691, 368.9196, 137.8762, 251.1627, 472.304, 181.3105, 174.14, 229.0844, 197.3516, 240.8994, 342.1308, 211.1787, 879.3821, 144.1412, 646.3709, 398.4367],
      [69.5345, 29.9385, 7.3894, 391.1334, 454.0043, 202.0936, 535.4247, 380.8507, 474.5431, 429.3562, 20.802, 304.9224, 193.2599, 144.4543, 118.1411, 135.6641, 308.9403, 245.2064, 7.7747, 440.0101, 357.2193, 788.6539, 176.3966, 482.6598, 942.8593, 321.1616, 326.0218, 384.752, 424.2331, 496.9073, 583.7117, 60.1563, 1310.1986, 141.1145, 932.0664, 291.9973],
      [0.5787, 0, 0, 2.3409, 2.615, 1.3032, 3.1275, 1.7329, 1.7193, 2.6321, 0, 1.2248, 1.0109, 1.0049, 0.872, 0.8104, 1.42, 1.4627, 0.4393, 0, 2.0282, 2.8527, 0.923, 1.5548, 2.5761, 1.8924, 0.9083, 2.3565, 1.3432, 0, 1.5155, 1.1185, 6.0555, 1.7096, 6.6457, 3.4108]
    ],
    [
      [0.0308, 0.0038, 0.0429, 0.0623, 0.1007, 0, 0.0618, 0.0255, 0.0475, 0.0621, 0.0845, 0.0628, 0.0417, 0.0209, 0.1075, 0.0153, 0.1095, 0.0876, 0.0023, 0.0592, 0.0286, 0.0789, 0.0525, 0.0323, 0.0573, 0.0453, 0.0342, 0.0115, 0.0261, 0.0693, 0.0329, 0.0645, 0.1293, 0.0576, 0.2284, 0.0936],
      [4.2741, 0.2741, 0.5689, 7.7386, 15.1786, 7.3879, 14.0797, 9.8107, 7.7945, 10.7886, 1.04, 10.1034, 3.9342, 5.7515, 13.4639, 2.3832, 16.4835, 11.34, 0.1565, 8.0276, 4.3744, 9.5567, 5.6519, 6.9443, 9.1983, 7.4891, 5.1735, 2.2097, 4.5486, 8.1836, 4.8479, 10.1014, 22.5103, 6.6821, 25.8292, 11.454],
      [7.338, 0.5996, 0.7817, 22.3079, 40.4867, 23.1716, 38.048, 31.5237, 29.9781, 45.3488, 2.717, 25.8825, 16.2561, 16.517, 27.4238, 8.3948, 41.004, 35.3479, 0.2203, 25.6845, 12.4792, 28.3262, 14.5957, 22.98, 30.59, 27.2418, 18.3029, 9.0047, 18.7436, 32.1944, 24.509, 19.2033, 65.6476, 16.4704, 61.8346, 29.9278],
      [3.7094, 0.2333, 0.6066, 12.2106, 23.1857, 12.934, 21.417, 17.9834, 16.698, 21.7171, 1.1585, 12.2328, 9.3981, 6.6103, 10.4646, 4.9056, 15.4353, 13.9266, 0.049, 11.937, 7.4121, 18.1362, 5.6142, 13.3071, 18.371, 14.5408, 10.324, 4.5557, 12.0992, 20.0424, 12.5834, 1.4832, 29.494, 4.8721, 26.9282, 6.6354],
      [4.6477, 2.8892, 0, 15.6806, 27.0482, 13.5065, 25.3936, 24.6567, 12.4819, 25.0834, 0, 11.7185, 7.3698, 8.1004, 14.5402, 4.3011, 17.9678, 16.2979, 0.572, 8.2917, 7.7058, 13.902, 6.0856, 9.7362, 12.7834, 16.6831, 7.1654, 5.2184, 7.5825, 10.5103, 8.0268, 30.1476, 30.2187, 12.9178, 55.1796, 12.8892]
    ]
  ],
  "V_est": [
    [0.425, 17.1899, 316.4418, 885.1841, 2.7592],
    [899.3136, 425.2062, 506.6803, 80.5452, 0.2547],
    [601.2915, 5299.2709, 2442.4309, 948.5055, 427.5012],
    [9.8992, 100.9981, 8012.364, 12913.5533, 61.1853],
    [2.0706, 295.3348, 871.0831, 423.2118, 487.2996]
  ],
  "p_est": [
    [0.0003, 0.0141, 0.259, 0.7244, 0.0023],
    [0.4704, 0.2224, 0.265, 0.0421, 0.0001],
    [0.0619, 0.5452, 0.2513, 0.0976, 0.044],
    [0.0005, 0.0048, 0.3798, 0.6121, 0.0029],
    [0.001, 0.1421, 0.419, 0.2036, 0.2344]
  ],
  "EI_Z": {},
  "EI_V": 3.9696,
  "MAE_Z": {},
  "MAE_V": 114.4183,
  "MAE_p": 0.0386,
  "runtime": 0.012
}
