{
  "X": [
    [21, 98, 79, 92, 10],
    [12, 25, 34, 34, 8],
    [1, 19, 9, 15, 0],
    [50, 190, 337, 472, 35],
    [62, 329, 433, 584, 56],
    [10, 119, 196, 251, 24],
    [44, 293, 471, 675, 52],
    [21, 163, 322, 457, 44],
    [31, 167, 400, 568, 26],
    [39, 183, 459, 547, 46],
    [9, 22, 31, 30, 0],
    [26, 159, 293, 366, 21],
    [35, 103, 191, 242, 17],
    [28, 159, 206, 182, 19],
    [53, 243, 205, 157, 27],
    [17, 84, 130, 172, 12],
    [114, 428, 483, 392, 39],
    [101, 258, 365, 316, 34],
    [4, 10, 13, 9, 2],
    [70, 213, 437, 510, 17],
    [55, 177, 288, 418, 23],
    [57, 196, 504, 897, 29],
    [15, 66, 181, 198, 10],
    [23, 130, 353, 556, 19],
    [39, 180, 614, 1055, 26],
    [23, 119, 287, 393, 30],
    [16, 83, 244, 375, 13],
    [12, 64, 285, 418, 14],
    [13, 72, 268, 480, 14],
    [34, 124, 359, 582, 17],
    [34, 122, 480, 661, 18],
    [9, 130, 271, 65, 46],
    [105, 397, 1174, 1483, 58],
    [32, 115, 209, 162, 24],
    [220, 635, 978, 1096, 120],
    [78, 263, 560, 341, 29]
  ],
  "W": [
    [12, 27, 129, 112, 20],
    [2, 14, 39, 54, 4],
    [5, 3, 24, 10, 2],
    [44, 54, 317, 611, 58],
    [62, 65, 533, 698, 106],
    [16, 28, 186, 313, 57],
    [87, 57, 464, 828, 99],
    [31, 31, 275, 586, 84],
    [46, 40, 303, 736, 67],
    [73, 61, 333, 704, 103],
    [6, 11, 35, 35, 5],
    [37, 26, 239, 503, 60],
    [13, 41, 201, 296, 37],
    [13, 46, 243, 255, 37],
    [11, 62, 332, 214, 66],
    [14, 22, 152, 207, 20],
    [30, 163, 610, 562, 91],
    [28, 106, 427, 436, 77],
    [2, 1, 15, 19, 1],
    [28, 102, 334, 729, 54],
    [22, 85, 280, 542, 32],
    [60, 66, 322, 1165, 70],
    [13, 10, 98, 317, 32],
    [41, 38, 211, 738, 53],
    [68, 54, 298, 1423, 71],
    [41, 31, 208, 506, 66],
    [26, 19, 142, 503, 41],
    [18, 20, 116, 618, 21],
    [28, 19, 132, 625, 43],
    [39, 43, 222, 741, 71],
    [37, 60, 237, 931, 50],
    [9, 4, 161, 286, 61],
    [117, 172, 575, 2205, 148],
    [11, 31, 169, 290, 41],
    [85, 209, 988, 1597, 170],
    [47, 91, 369, 703, 61]
  ],
  "method": "mvn_pdf",
  "cond_prob": [
    [
      [0.00025904947075, 0.012364125992, 0.24803909335, 0.73813913899, 0.0011985921916],
      [0.47858551785, 0.27899383437, 0.22601611518, 0.015842582047, 0.00056195055092],
      [0.060401390402, 0.67018935547, 0.1642362615, 0.07129175871, 0.033881233921],
      [0.0024346698625, 0.0028064155434, 0.36617087397, 0.62323882419, 0.0053492164392],
      [0.00053100190069, 0.17750257817, 0.38617400762, 0.18575977171, 0.25003264059]
    ],
    [
      [0.00018492136598, 0.012123895425, 0.29538642567, 0.68634056781, 0.0059641897338],
      [0.599049004, 0.19050628349, 0.19847206652, 0.011972645995, 0],
      [0.092600349835, 0.55158454085, 0.17146625095, 0.057151185899, 0.12719767246],
      [0, 0.010993150321, 0.43302363343, 0.55598321624, 0],
      [0.00038261443996, 0.050809257413, 0.14003955623, 0.051927973307, 0.75684059861]
    ],
    [
      [0, 0.0052710757907, 0.16528920552, 0.82943971869, 0],
      [0.25260166099, 0.41547264236, 0.29843044783, 0.033495248812, 0],
      [0.0080654392277, 0.71924626745, 0.15933577187, 0.11335252145, 0],
      [0, 0, 0.25889627263, 0.74110372737, 0],
      [0.024312237776, 0.23265813756, 0.43262068891, 0.31040893575, 0]
    ],
    [
      [2.2684247029e-05, 0.0070173912788, 0.23698491525, 0.75485890545, 0.0011161037669],
      [0.50673099221, 0.19864836077, 0.27346454594, 0.020899618231, 0.00025648284625],
      [0.070860674338, 0.54164546546, 0.23053162327, 0.10715588215, 0.04980635479],
      [0.00027052341696, 0.0016078896511, 0.35293459977, 0.64108220416, 0.0041047830053],
      [0.00012766794291, 0.10827914095, 0.39800022782, 0.20668943784, 0.28690352545]
    ],
    [
      [2.8434199837e-05, 0.0073193083438, 0.22916226494, 0.76244714946, 0.0010428430584],
      [0.46199019537, 0.22571988566, 0.2889265557, 0.02308718053, 0.00027618274045],
      [0.059544595443, 0.5634033422, 0.22269693923, 0.10850122223, 0.045853900902],
      [0.00031214132341, 0.0017844038754, 0.34270295198, 0.65120668584, 0.0039938169863],
      [0.00012953175406, 0.1163671228, 0.39724136192, 0.21560558339, 0.27065640014]
    ],
    [
      [0, 0.0062284227014, 0.23241449097, 0.76041005109, 0.00094703523791],
      [0.27578754433, 0.27808654631, 0.41339210605, 0.032323616696, 0.00041018660946],
      [0.012247036337, 0.56506851396, 0.25652478316, 0.12074477225, 0.045414894292],
      [0, 0, 0.34811544522, 0.64754799283, 0.004336561947],
      [0, 0.10545926917, 0.42162535356, 0.22433909685, 0.24857628041]
    ],
    [
      [0, 0.0073346557747, 0.23227801572, 0.75932865444, 0.0010586740656],
      [0.40181681505, 0.25015653682, 0.32241107365, 0.02531386868, 0.00030170579991],
      [0.045466468841, 0.57187100067, 0.22736111315, 0.10865541589, 0.04664600144],
      [0, 0.0015193122214, 0.34710068479, 0.64734372494, 0.0040362780455],
      [0, 0.11612957088, 0.39918644365, 0.2129171649, 0.27176682056]
    ],
    [
      [0, 0.0061115509118, 0.22972594791, 0.76302931776, 0.0011331834141],
      [0.35825745696, 0.24127212491, 0.37061863217, 0.029523426231, 0.00032835972706],
      [0.035978250306, 0.53230507262, 0.25114536835, 0.12159081201, 0.058980496705],
      [0, 0.0016976683946, 0.34421508111, 0.65073821867, 0.0033490318264],
      [0, 0.09467115951, 0.38826552611, 0.21024756535, 0.30681574903]
    ],
    [
      [9.2175369036e-06, 0.0052522011997, 0.23435822044, 0.75972300153, 0.00065735928963],
      [0.39543442707, 0.2022410676, 0.37315377287, 0.028958355011, 0.0002123774461],
      [0.049829217197, 0.49704495377, 0.28339729158, 0.13357472873, 0.036153808731],
      [0.00010682960196, 0.0023793250623, 0.3496499431, 0.64537293851, 0.0024909637207],
      [7.9395711447e-05, 0.094223161252, 0.46390497723, 0.2451758534, 0.1966166124]
    ],
    [
      [0, 0.0054122777802, 0.26185771408, 0.73171880833, 0.0010111998124],
      [0.3798895282, 0.19721012779, 0.39604400037, 0.026526308932, 0.00033003471272],
      [0.047512503272, 0.48155760316, 0.29854485761, 0.12170956419, 0.050675471759],
      [0, 0.0021137007413, 0.38293916115, 0.61100557769, 0.0039415604153],
      [4.9273693036e-05, 0.084741347112, 0.45360287195, 0.20669136483, 0.25491514241]
    ],
    [
      [0, 0.0059544159556, 0.27560878226, 0.71843680178, 0],
      [0.54569647099, 0.17017580016, 0.26736451605, 0.016763212801, 0],
      [0.083736952294, 0.55054595015, 0.26691931985, 0.098797777706, 0],
      [0, 0, 0.40318091095, 0.59681908905, 0],
      [0.013309097763, 0.16464628946, 0.59036591036, 0.23167870242, 0]
    ],
    [
      [4.5736214775e-05, 0.008910598334, 0.26439367102, 0.72587922692, 0.00077076750858],
      [0.45387154484, 0.2391595136, 0.28787396928, 0.018937386419, 0.0001575858603],
      [0.05813932535, 0.59917363758, 0.22307874762, 0.089131678511, 0.030476610936],
      [0.0005814837253, 0.0016664440188, 0.38834464268, 0.60682464119, 0.0025827883914],
      [0.00016437536122, 0.14019066309, 0.45132558369, 0.20191384793, 0.20640552992]
    ],
    [
      [5.8761669571e-05, 0.0046072456195, 0.22646533773, 0.76813570986, 0.0007329451155],
      [0.49026536569, 0.16152427165, 0.3220444566, 0.025824306158, 0.00034159989946],
      [0.072288574422, 0.46265910226, 0.28543515762, 0.13926333122, 0.040353834479],
      [0.0012137831964, 0.00058881198746, 0.34016702998, 0.65442394952, 0.0036064253122],
      [0.00024521135481, 0.085103858574, 0.45378973871, 0.25010866447, 0.21075252689]
    ],
    [
      [0, 0.0087341710157, 0.29613420816, 0.69412105816, 0.0010105626596],
      [0.38116677947, 0.25203595199, 0.34698790663, 0.019446953546, 0.00036240836427],
      [0.043071309235, 0.58559101572, 0.2485197411, 0.084704140043, 0.038113793896],
      [0, 0.0012965797724, 0.42603255419, 0.56846120502, 0.0042096610204],
      [0, 0.1260420898, 0.46378954549, 0.17678792082, 0.23338044389]
    ],
    [
      [8.0207861645e-05, 0.012845268166, 0.30394102187, 0.68204146893, 0.0010920331765],
      [0.49202516177, 0.25164519749, 0.2437246286, 0.012302438624, 0.00030257351112],
      [0.06675477006, 0.64834111319, 0.19392451198, 0.059093627673, 0.0318859771],
      [0.0013894685452, 0.0039320612688, 0.43603674346, 0.5543911902, 0.0042505365252],
      [0.00050951143894, 0.16918165328, 0.43713516224, 0.1587271751, 0.23444649794]
    ],
    [
      [3.5175466132e-05, 0.005377651614, 0.22481628481, 0.76891439423, 0.00085649387581],
      [0.41213523172, 0.20668941469, 0.35225107567, 0.028545433141, 0.00037884478311],
      [0.051508259721, 0.50756738599, 0.26671657583, 0.13126019038, 0.042947588083],
      [0.00048758435111, 0.0015654028366, 0.33757631449, 0.65621742293, 0.0041532753944],
      [0.00011735036931, 0.095163234835, 0.43419158618, 0.24093217335, 0.22959565526]
    ],
    [
      [4.4142885335e-05, 0.01066888671, 0.30824894013, 0.68014987599, 0.00088815428418],
      [0.46430981778, 0.23847634303, 0.28255155069, 0.014613757097, 4.8531400146e-05],
      [0.062141937841, 0.6123342506, 0.22478613257, 0.070914759529, 0.029822919464],
      [0.00069487814519, 0.0030636229837, 0.44082777708, 0.55259986731, 0.0028138544786],
      [0.00020958039235, 0.14904000553, 0.47067997192, 0.16916848981, 0.21090195234]
    ],
    [
      [0, 0.0081660687676, 0.30028870031, 0.69059677036, 0.0009484605645],
      [0.57945506766, 0.16331916883, 0.24355826802, 0.013441317459, 0.00022617802628],
      [0.092687969151, 0.54044401656, 0.24839802063, 0.083125211568, 0.035344782087],
      [0, 0.0010950649963, 0.43112939332, 0.56416599212, 0.0036095495701],
      [0, 0.11964252946, 0.4770957102, 0.17880094645, 0.22446081389]
    ],
    [
      [0, 0.023144770826, 0.40825673781, 0.56355230661, 0.0050461847538],
      [0.94101262346, 0.037070098518, 0.021360246786, 0, 0.0005570312408],
      [0.20393249177, 0.63138000223, 0.098568457117, 0.0049740804529, 0.061144968428],
      [0, 0.017394640765, 0.55128391467, 0.40814629734, 0.023175147222],
      [0, 0.1154421518, 0.20920504209, 0.043504530501, 0.63184827561]
    ],
    [
      [2.2672495419e-05, 0.0072193067467, 0.26686757717, 0.72539296933, 0.00049747425596],
      [0.46889317539, 0.20318638979, 0.30778831744, 0.020132117381, 0],
      [0.065540107139, 0.54989974336, 0.25778864197, 0.10228269359, 0.024488813951],
      [0.00037638683747, 0.0024633509327, 0.3913657705, 0.60579449173, 0],
      [0.00013850909803, 0.12241760262, 0.49493048798, 0.21942438436, 0.16308901595]
    ],
    [
      [1.6270724812e-05, 0.0066253443203, 0.22124753533, 0.77116148774, 0.00094936187939],
      [0.45385590862, 0.22049129725, 0.30020765, 0.025107336155, 0.00033780797416],
      [0.058132674683, 0.54898702736, 0.23074263877, 0.11745566255, 0.044681996637],
      [0.00026089142831, 0.0015780486336, 0.33234726589, 0.66180789335, 0.0040059006967],
      [0.00010430456392, 0.11065037933, 0.40233584388, 0.22852687457, 0.25838259765]
    ],
    [
      [1.6865108864e-05, 0.0061658301637, 0.21020626525, 0.78292027151, 0.00069076796606],
      [0.50884262418, 0.19480770272, 0.27180372728, 0.024366132133, 0.00017981368698],
      [0.071876188836, 0.53625874236, 0.23104073131, 0.12607172581, 0.034752611686],
      [0.00022507612759, 0.0018796224289, 0.31724566641, 0.67803768548, 0.0026119495549],
      [0.00012897719764, 0.11296666631, 0.42088944623, 0.25582313849, 0.21019177177]
    ],
    [
      [0, 0.010459236754, 0.30542227991, 0.68328558977, 0.00083289356779],
      [0.59129904113, 0.18207301911, 0.21500366179, 0.011505267625, 0.00011901034166],
      [0.092681440604, 0.59447676241, 0.21562596299, 0.070189261301, 0.027026572696],
      [0, 0.0031054342925, 0.43689386264, 0.55701219907, 0.0029885040024],
      [0.00013213779625, 0.15000482326, 0.47664921606, 0.17346312328, 0.1997506996]
    ],
    [
      [0, 0.0059609365245, 0.22712393576, 0.76628260612, 0.0006325215929],
      [0.3735697491, 0.23326680474, 0.3635590602, 0.029406628336, 0.00019775762422],
      [0.041720628088, 0.53917149327, 0.25856702039, 0.12714589756, 0.033394960694],
      [0, 0.0018928268293, 0.34071842361, 0.65515995145, 0.0022287981101],
      [2.4471842659e-05, 0.10810135363, 0.45027993241, 0.24771948526, 0.19387475685]
    ],
    [
      [1.1038993489e-05, 0.0058135511943, 0.22120234048, 0.77237255543, 0.00060051390433],
      [0.42289154545, 0.214519369, 0.33436866557, 0.028047287196, 0.00017313278791],
      [0.053524567386, 0.5290256708, 0.25489645008, 0.13001608587, 0.032537225865],
      [0.00014498305702, 0.0019259087294, 0.33252478139, 0.66347026732, 0.0019340595063],
      [9.1182009708e-05, 0.10747062777, 0.44732995582, 0.25494547526, 0.19016275914]
    ],
    [
      [1.1065683732e-05, 0.0057146188377, 0.24156223432, 0.75170278751, 0.0010092936494],
      [0.40390562331, 0.2085635203, 0.36038047358, 0.026834670923, 0.00031571188272],
      [0.050056927067, 0.50663850855, 0.27050288497, 0.12241467699, 0.050387002419],
      [0.00012136260759, 0.0016223628518, 0.35868731466, 0.63559030125, 0.0039786586303],
      [7.9116290299e-05, 0.092401607827, 0.4267238245, 0.21632372227, 0.26447172912]
    ],
    [
      [2.9367856209e-05, 0.0056751406884, 0.23192448115, 0.76178760782, 0.00058340248351],
      [0.42422400797, 0.20593085917, 0.34273463747, 0.02694521301, 0.00016528238582],
      [0.054122285111, 0.51965440847, 0.2669858822, 0.1275825365, 0.031654887718],
      [0.00049434494897, 0.0017596293184, 0.34697579957, 0.64888650435, 0.0018837218132],
      [0.00012098266455, 0.10399366994, 0.46383372974, 0.24816905564, 0.183882562]
    ],
    [
      [0, 0.0053053460096, 0.25178210623, 0.74193244298, 0.00098010477632],
      [0.35926533836, 0.20902148633, 0.40294810151, 0.02843806456, 0.0003270092431],
      [0.041496602707, 0.49081314164, 0.29122471573, 0.12496598933, 0.051499550596],
      [0, 0.001615610781, 0.37114356735, 0.62319282988, 0.0040479919798],
      [5.1777084818e-05, 0.085300102491, 0.44096040038, 0.21177290974, 0.26191481031]
    ],
    [
      [7.6139803474e-06, 0.0044069608801, 0.20899584956, 0.78602567827, 0.00056389730722],
      [0.37146458382, 0.20113483893, 0.39188046082, 0.035306809388, 0.00021330704476],
      [0.044507100569, 0.47669564476, 0.28648583432, 0.15705901415, 0.0352524062],
      [0.00010252388848, 0.0022567405187, 0.31594901317, 0.67949840076, 0.0021933216628],
      [6.8488619441e-05, 0.086529191235, 0.45158428134, 0.27679444848, 0.18502359032]
    ],
    [
      [4.6913802322e-05, 0.0047690488293, 0.21478906783, 0.7800268116, 0.00036815793736],
      [0.45410079914, 0.18061023029, 0.33601350951, 0.029238639608, 3.6821451377e-05],
      [0.062866318337, 0.48441505819, 0.27864250981, 0.14734945861, 0.026726655048],
      [0.00067955262252, 0.0024054216098, 0.32509348134, 0.67182154443, 0],
      [0.00016851879682, 0.094721223396, 0.4707287126, 0.2787373044, 0.15564424081]
    ],
    [
      [2.8040399138e-05, 0.0042559849975, 0.24883912283, 0.74634007476, 0.00053677701602],
      [0.36833693818, 0.17582119566, 0.42512386862, 0.030548257018, 0.00016974051911],
      [0.047785651335, 0.4431551344, 0.33102828613, 0.14472176484, 0.033309163299],
      [0.00061081269536, 0.0025277145325, 0.36688584337, 0.62824457165, 0.0017310577498],
      [9.7604571661e-05, 0.078243754679, 0.50522192688, 0.24715534683, 0.16928136705]
    ],
    [
      [9.1459354276e-05, 0.027346782134, 0.5835797443, 0.38335638416, 0.005625630053],
      [0.38772811057, 0.3213761854, 0.28663667581, 0.0038262620912, 0.00043276612145],
      [0.031057616076, 0.68613722181, 0.20213280096, 0, 0.080672361152],
      [0.0084460652181, 0.033043569754, 0.74159817628, 0.21010794579, 0.0068042429498],
      [0.00053137021198, 0.14016099276, 0.32722583977, 0.023665819621, 0.50841597764]
    ],
    [
      [5.9973603499e-06, 0.0083043001496, 0.27397963828, 0.71687150001, 0.00083856419104],
      [0.42816096913, 0.23483930751, 0.31688140869, 0.019932583253, 0.00018573141163],
      [0.054440948482, 0.57794537683, 0.24137558502, 0.092240152032, 0.033997937638],
      [1.747413992e-05, 0.0019912896931, 0.39934569105, 0.59572088329, 0.0029246618277],
      [9.1457850259e-05, 0.12788277392, 0.46008493163, 0.19658780475, 0.21535303186]
    ],
    [
      [1.8461448272e-05, 0.01277695511, 0.36097888667, 0.62436814203, 0.0018575547363],
      [0.56359065178, 0.1977930354, 0.22931513473, 0.0090632963386, 0.00023788175383],
      [0.085839341627, 0.59849316714, 0.21369550181, 0.051446135458, 0.050525853972],
      [5.6304235813e-05, 0.0071039024043, 0.49899316801, 0.4874742185, 0.0063724068503],
      [0.00012950623097, 0.13469249886, 0.41702206201, 0.11680653642, 0.33134939648]
    ],
    [
      [0, 0.010151493629, 0.2800049069, 0.7082336217, 0.0016099777707],
      [0.60519452332, 0.17873123801, 0.20373411671, 0.012294528025, 4.559392853e-05],
      [0.094650146383, 0.57526830984, 0.20148454584, 0.073958757791, 0.054638240147],
      [0, 0.0046142700327, 0.40614244066, 0.58469866568, 0.0045446236344],
      [0, 0.12381302901, 0.37613496179, 0.15526802363, 0.34478398558]
    ],
    [
      [6.4356090159e-05, 0.01470197083, 0.42987247713, 0.55404668412, 0.0013145118233],
      [0.5269855099, 0.2096632263, 0.25568913555, 0.0073709702681, 0.00029115798601],
      [0.079824984563, 0.61652787537, 0.23089439622, 0.041475888836, 0.031276855002],
      [0.00081483085785, 0.0087714988861, 0.56921375465, 0.41600310599, 0.0051968096195],
      [0.00021390927479, 0.15679514832, 0.51099968061, 0.10711903377, 0.22487222802]
    ]
  ],
  "expected_outcome": [
    [
      [0.003108593649, 0.00036984273196, 0, 0.00099810686927, 0.0017629203899, 0, 0, 0, 0.00042400669757, 0, 0, 0.0016922399467, 0.00076390170442, 0, 0.0008822864781, 0.00049245652584, 0.00132428656, 0, 0, 0.00063482987173, 0.00035795594587, 0.0010119065318, 0, 0, 0.00075065155724, 0.00045369303303, 0.00076356426143, 0, 0.00021319144973, 0.0018296382905, 0.0010374947681, 0.00082313418848, 0.00070169116094, 0.00020307593099, 0, 0.0030247362375],
      [0.1483695119, 0.024247790851, 0.026355378954, 0.30876521627, 0.45379711731, 0.099654763222, 0.6381150524, 0.18945807827, 0.24160125519, 0.39509627795, 0.035726495733, 0.32969213836, 0.059894193054, 0.1135442232, 0.14129794983, 0.075287122596, 0.3200666013, 0.22864992549, 0.046289541651, 0.20214058891, 0.14575757505, 0.36994980982, 0.1359700778, 0.24439839751, 0.39532148121, 0.23429937235, 0.1475536579, 0.095496228173, 0.12339490464, 0.18599290434, 0.15747144491, 0.2461210392, 0.97160311751, 0.14054650621, 0.86287695843, 0.69099262903],
      [2.9764691203, 0.59077285133, 0.82644602761, 10.4273362711, 14.2080604261, 3.7186318555, 20.2081873672, 7.1215043853, 10.7804781403, 19.1156131276, 1.6536526936, 9.7825658279, 2.9440493905, 3.8497447061, 3.3433512406, 3.1474279873, 9.247468204, 8.4080836086, 0.81651347562, 7.4722921609, 4.8674457774, 12.612375915, 3.9704896389, 9.3120813661, 15.0417591524, 9.9040516071, 6.03003651, 4.5320779121, 5.8518837876, 8.3767736455, 9.2070475445, 5.2522176987, 32.0556176793, 3.9707677534, 23.8004170869, 20.2040064252],
      [8.8576696679, 1.3726811356, 4.1471985934, 33.21379184, 47.2717232666, 12.1665608175, 66.0615929367, 23.6539088506, 34.9472580705, 53.4154730081, 4.3106208107, 26.857531396, 9.9857642282, 9.0235737561, 7.5024561582, 10.7648015193, 20.4044962796, 19.3367095701, 1.1271046132, 20.3110031412, 16.9655527303, 46.9752162907, 8.8827126669, 31.4175868511, 52.5213337693, 30.8198142879, 19.8064778033, 13.3547839737, 22.0087189917, 30.4210456523, 27.6145827662, 3.4502074574, 83.8739655017, 6.8680495624, 60.1998578442, 26.0401941538],
      [0.014383106299, 0.011928379468, 0, 0.049108565744, 0.064656269619, 0.015152563807, 0.092104643708, 0.035128685839, 0.030238527323, 0.073817586309, 0, 0.028518397818, 0.0095282865015, 0.013137314574, 0.012012364941, 0.011990914261, 0.026644628525, 0.026556895806, 0.010092369508, 0.013929279167, 0.020885961347, 0.041446077964, 0.010827616381, 0.025933385309, 0.040834945494, 0.041381039626, 0.015168464571, 0.017641885974, 0.015789124602, 0.014358159557, 0.019860749593, 0.050630670477, 0.098112010352, 0.020433102099, 0.13684811051, 0.061782055693]
    ],
    [
      [12.9218089819, 8.386686056, 0.75780498298, 27.3634735795, 30.0293626989, 7.7220512414, 22.9035584576, 11.1059811658, 15.8173770828, 23.1732612202, 6.0026611809, 11.8006601658, 20.1008799933, 17.5336718558, 30.50556003, 9.0669750977, 75.6825002974, 61.4222371724, 0.94101262346, 47.82710389, 38.5777522326, 33.5836131959, 5.9129904113, 14.1956504657, 22.8361434545, 12.5210743225, 8.0602561514, 7.1853067672, 7.0578270926, 19.5263343631, 22.1002162908, 1.5509124423, 73.6436866911, 17.4713102052, 126.4856553738, 47.9556814012],
      [7.5328335281, 2.6670879688, 1.2464179271, 10.7270114817, 14.671792568, 7.7864232966, 14.2589225988, 7.4794358722, 8.089642704, 12.0298177951, 1.8719338018, 6.2181473536, 6.6224951378, 11.5936537913, 15.6020022442, 4.5471671233, 38.8716439146, 17.311831896, 0.037070098518, 20.7250117586, 18.7417602661, 12.8573083798, 1.8207301911, 8.8641385801, 11.5840459258, 6.4654691294, 3.9126863242, 4.1804297265, 3.8215619396, 7.7662399024, 10.5492717396, 1.2855047416, 40.3923608925, 6.1315840974, 37.3548287448, 19.0793535931],
      [6.1024351099, 2.7786089313, 0.8952913435, 14.7670854807, 18.7802261205, 11.5749789695, 18.3774311982, 11.4891775973, 14.9261509149, 24.1586840224, 2.9410096765, 7.4847232013, 13.2038227205, 15.961443705, 15.1109269735, 7.7495236646, 46.0559027629, 25.8171764102, 0.021360246786, 31.3944083785, 25.5176502503, 17.9390460003, 2.1500366179, 13.8152442877, 18.0559079405, 11.1717946811, 6.5119581119, 8.0589620302, 7.4457287556, 14.4485809089, 25.5074321174, 1.1465467032, 54.5036022942, 7.1087691765, 42.5804303931, 23.2677113346],
      [0.42774971527, 0.16761704392, 0.10048574644, 1.1285793845, 1.5006667345, 0.90506126748, 1.4428905148, 0.91522621316, 1.1583342004, 1.6181048449, 0.18439534081, 0.49237204689, 1.0587965525, 0.89455986313, 0.76275119467, 0.6279995291, 2.3820424068, 1.4247796506, 0, 2.0534759728, 2.1341235732, 1.6081647208, 0.11505267625, 1.1174518768, 1.5145535086, 0.83187479862, 0.51195904719, 0.56876129119, 0.67082937837, 1.2572615032, 1.8328954211, 0.015305048365, 3.4284043195, 0.2809621865, 2.5695563572, 0.6707582944],
      [0.015172664875, 0, 0, 0.013850073698, 0.017951878129, 0.011485225065, 0.017197230595, 0.010179151539, 0.0084950978441, 0.020132117476, 0, 0.0040972323678, 0.014005595878, 0.016670784756, 0.018759557689, 0.0083345852285, 0.0079106182239, 0.023974870786, 0.0005570312408, 0, 0.028713677804, 0.011867703341, 0.0011901034166, 0.0075147897203, 0.0093491705469, 0.0097870683642, 0.0031403653306, 0.0065401848619, 0.0040528338504, 0.0015833224092, 0.010184431146, 0.0017310644858, 0.0319458028, 0.0073743343689, 0.0095291310628, 0.026495376727]
    ],
    [
      [7.7917793618, 3.6114136436, 0.19357054147, 22.4628337651, 31.7372693711, 2.2779487586, 21.0964415424, 9.8940188342, 15.0982528108, 15.8216635894, 2.9307933303, 13.8952987587, 14.5300034587, 10.4663281442, 22.1625836599, 7.8292554777, 37.9065820827, 39.5777628276, 3.0589873765, 21.8903957843, 16.2771489113, 23.1441328051, 9.0827811792, 8.8030525266, 15.9503210811, 10.4118408299, 7.6853644858, 4.813605914, 5.8749372751, 13.9563226707, 11.3251993664, 5.0002761882, 31.3035453774, 14.506848735, 93.5143446262, 29.4554193038],
      [86.4544268557, 21.5117970933, 17.2619104188, 171.7016125503, 300.2939813932, 105.1027435973, 265.3481443127, 146.3838949715, 150.6046209911, 160.3586818525, 19.2691082552, 143.2024993811, 92.9944795536, 142.2986168209, 215.2492495777, 77.1502426702, 373.5238928636, 230.7695950714, 9.4707000335, 183.6665142813, 153.7163676609, 172.6753150391, 58.2587227159, 113.76518508, 157.6496498995, 105.3808097786, 73.7909260031, 56.9343244303, 62.9238251085, 107.5401429192, 105.0277668518, 110.4680927113, 332.3185916764, 101.1453452459, 568.3650901236, 227.4987860133],
      [21.1864777331, 6.687183787, 3.8240585248, 73.0785245754, 118.697468609, 47.7136096676, 105.4955565036, 69.0649762964, 85.8693793477, 99.4154375857, 9.3421761949, 53.3158206824, 57.3724666826, 60.3902970877, 64.3829379778, 40.5409195259, 137.1195408682, 106.0659548104, 1.4785268567, 86.1014064169, 64.6079388564, 74.3951154815, 21.1313443733, 54.5576413025, 75.9591421232, 56.2646000748, 37.9119952728, 33.7820670245, 37.8161301298, 61.8586371788, 78.4537038135, 32.543380955, 138.790961386, 36.1145398054, 199.0667312873, 85.2000322068],
      [9.1966368735, 2.2288962501, 2.7204605149, 33.9684146407, 57.831151446, 22.4585276381, 50.4161129731, 33.4374733041, 40.4731428049, 40.5292848766, 3.4579222197, 21.3024711641, 27.9919295748, 20.5831060306, 19.6190843875, 19.9515489376, 43.2580033125, 35.4944653395, 0.074611206794, 34.1624196579, 32.8875855131, 40.5950957113, 6.8785476075, 26.8277843845, 38.7447935885, 25.4622528136, 18.1167201824, 14.496054762, 20.7317898682, 32.7115798106, 34.2990582665, 0, 53.0380874181, 8.6943968925, 73.0712526977, 15.3046029805],
      [4.3706791758, 4.9607092261, 0, 15.7886144684, 24.4401291807, 8.4471703384, 21.6437446682, 16.2196365938, 10.9546040455, 16.8749320958, 0, 7.2839100137, 8.1111207303, 9.2616519167, 10.5861443971, 6.5280333886, 18.191980873, 15.092221951, 0.91717452642, 8.1792638596, 12.5109590584, 11.1903409629, 2.6486041242, 7.0463367064, 9.6960933078, 10.4804965031, 4.4949940559, 5.9739478692, 4.6533176184, 5.9333174206, 7.8942717019, 12.9882501455, 19.548814142, 8.5388693213, 53.9825812653, 11.5411594956]
    ],
    [
      [0.2726830246, 0, 0, 0.16528980776, 0.21787464374, 0, 0, 0, 0.07862658704, 0, 0, 0.29248631383, 0.35927982614, 0, 0.29734626867, 0.10092996068, 0.3905215176, 0, 0, 0.27438600451, 0.14140315414, 0.26221368864, 0, 0, 0.20631089014, 0.061409479438, 0.24865550933, 0, 0.0640774303, 0.50354849329, 0.56866661938, 2.4155746524, 0.038530478523, 0.016328228386, 0, 0.57282609307],
      [0.31431854086, 0.59363011735, 0, 0.98242057685, 1.245513905, 0, 1.2579905193, 0.99483367922, 1.7511832459, 1.4880453219, 0, 0.83822134144, 0.17428834829, 0.33062784196, 0.84146111151, 0.32403838717, 1.7217561168, 0.47744833838, 0.33049817454, 1.7957828299, 0.8553023594, 2.1897601296, 0.98442267074, 1.3969062, 2.7405681219, 0.820915603, 0.88509354717, 0.99844746267, 1.4104628242, 1.7824174129, 2.3533022298, 9.4504609497, 4.3907937734, 2.0601316972, 7.3689892422, 6.1663637169],
      [41.0111378843, 23.3832762055, 2.5889627263, 215.6430404591, 239.2066604813, 108.9601343543, 287.3993670091, 201.7100375279, 257.3423581224, 269.5891694529, 14.1113318833, 195.3373552669, 100.6894408741, 108.6383013181, 93.3118631001, 69.8782970984, 247.7452107205, 187.9724154857, 10.4743943788, 285.3056466927, 180.1322181117, 369.5912013672, 138.4953544562, 251.4501966258, 473.1827639204, 181.4957812204, 174.5288271857, 229.3667246252, 197.4681332292, 240.8942696724, 341.5707201808, 212.0970784169, 880.5572487597, 144.7080187223, 648.6094777291, 400.1572695164],
      [69.802748309, 30.0230936772, 7.4110372737, 391.70122674, 454.5422667135, 202.6825217563, 536.0006042499, 381.3325961426, 474.9944827463, 430.1479266928, 20.8886681167, 305.232794517, 193.7094890591, 144.9576072797, 118.6397147033, 135.8370065471, 310.5611254281, 245.9763725634, 7.7547796495, 441.6241844729, 358.6998781972, 789.913903583, 176.5728671043, 483.5080441688, 944.1181903901, 321.6086924303, 326.3899116857, 385.1331688687, 424.686500477, 497.8197644214, 584.895696205, 60.0908724973, 1313.5645476583, 141.3675233655, 933.7637690846, 292.4501835111],
      [0.59911224119, 0, 0, 2.5080224163, 2.7876842564, 1.3573438894, 3.3420382217, 1.9625326503, 1.8333492984, 2.7748585324, 0, 1.2991425609, 1.0675018924, 1.0734635602, 0.90961481639, 0.85972800665, 1.581386217, 1.5737636126, 0.44032779722, 0, 2.1711981776, 3.0429212315, 0.94735576875, 1.6448530053, 2.7521666774, 2.0132012669, 0.94751207205, 2.5016590435, 1.3708260393, 0, 1.6116147651, 1.9460134836, 6.4488793302, 1.8479979866, 7.2577639441, 3.6533571625]
    ],
    [
      [0.010620038014, 0.0015304577598, 0.048624475553, 0.0074047406885, 0.013730365931, 0, 0, 0, 0.0053195126669, 0.0050751903827, 0.066545488813, 0.009862521673, 0.0090728201279, 0, 0.03362775497, 0.0023470073862, 0.019071815704, 0, 0, 0.0074794912939, 0.0033377460454, 0.0090284038345, 0.0042284094802, 0.0012970076609, 0.0064739226893, 0.0052216751597, 0.0049602892466, 0.0010873187812, 0.002945010636, 0.011964834575, 0.0048802285831, 0.032413582931, 0.013535761838, 0.00530975547, 0, 0.013048465762],
      [3.5500515635, 0.20323702965, 0.46531627511, 6.280190175, 12.3349150164, 6.0111783428, 11.4968275167, 7.9523773988, 6.3129518039, 8.7283587525, 0.82323144732, 8.4114397855, 3.1488427672, 4.6635573226, 11.1659891168, 1.9032646967, 13.5626405037, 9.2124747687, 0.1154421518, 6.6105505413, 3.5408121386, 7.9076666416, 4.8001543444, 5.7293717424, 7.6304145715, 6.0985061166, 4.2637404677, 1.7913021523, 3.7207552231, 6.7252068611, 3.912187734, 8.5498205582, 18.9266505402, 5.5223924532, 21.048214931, 9.5645040476],
      [7.7234801524, 0.56015822493, 0.86524137783, 23.0840132137, 42.1075843631, 24.0326451532, 39.5194579218, 32.614304193, 31.0816334747, 46.7210958113, 2.9518295518, 27.0795350216, 16.7902203323, 17.1602131831, 28.8509207081, 8.6838317237, 42.8318774445, 36.7363696851, 0.20920504209, 26.726246351, 12.8747470042, 29.462261236, 15.2527749138, 23.8648364179, 31.7604268635, 28.1637724167, 19.0171829195, 9.260168408, 19.4181240977, 33.4217385944, 25.2610963439, 19.9607762261, 68.0925698808, 17.0979045424, 63.9429435037, 31.170980517],
      [3.7151954343, 0.20771189323, 0.62081787151, 11.9879873948, 22.8541918394, 12.7873285206, 21.0787993256, 17.6607954896, 16.4267821779, 21.2892105776, 1.1583935121, 12.114830876, 9.2540205854, 6.5411530705, 10.4759935563, 4.818643467, 15.3943325729, 13.7676728764, 0.043504530501, 11.8489167553, 7.3128599863, 17.9076196942, 5.550819945, 13.1291327188, 18.1011287435, 14.2773656695, 10.1749312814, 4.4472311044, 11.9021612847, 19.7903486125, 12.3577673413, 1.4436149969, 29.0949951024, 4.7890679932, 26.3955640163, 6.5342610602],
      [5.0006528118, 3.0273623944, 0, 16.6404044759, 28.6895784152, 14.1688479834, 26.9049152359, 25.7725229186, 13.1733130309, 26.2562596681, 0, 12.3843317952, 7.7978434949, 8.6350764238, 15.4734688639, 4.5919131053, 19.1920776632, 17.2834826698, 0.63184827561, 8.8068068612, 8.2682431248, 14.7134240242, 6.3920223873, 10.2753621133, 13.5015558988, 17.455134122, 7.5391850421, 5.5002110165, 7.9560143838, 11.0507410974, 8.4640683523, 31.0133746359, 31.8722487147, 13.5853252557, 58.613277549, 13.7172059094]
    ]
  ],
  "prob": [
    [1.2374970813e-05, 0.0075821422076, 0.25857313353, 0.73285682673, 0.00097552256518],
    [0.47031006301, 0.2123801487, 0.2968537076, 0.020231934057, 0.00022414662566],
    [0.063859986686, 0.55493149367, 0.24032875269, 0.099511995045, 0.041367771911],
    [0.000127904323, 0.0017998775298, 0.38018771929, 0.61432927662, 0.0035552222406],
    [0.00010906538101, 0.11671833327, 0.43435830355, 0.20116675006, 0.24764754774]
  ],
  "iterations": 143,
  "time": 0.018727,
  "message": "Converged",
  "status": 0,
  "miniter": 0,
  "maxiter": 1000,
  "maxtime": 3600,
  "param_threshold": 0.001,
  "ll_threshold": "-Inf",
  "initial_prob": "random",
  "adjust_prob_cond_method": "project_lp",
  "adjust_prob_cond_every": false,
  "candidates_id": ["LOCKE, Keith James.c", "NASH, Stuart Alexander.c", "WORTH, Richard Westwood.c", "HIDE, Rodney Philip.c", "Other candidates votes.c"],
  "group_id": ["ACT New Zealand.p", "Green Party.p", "Labour Party.p", "National Party.p", "Other parties votes.p"]
}
