{
  "Z_true": {},
  "V_true": [
    [1761, 248, 2858, 315],
    [1318, 297, 12359, 485],
    [262, 8304, 556, 476],
    [61, 217, 704, 146],
    [209, 906, 650, 649]
  ],
  "p_true": [
    [0.3398, 0.0479, 0.5515, 0.0608],
    [0.0912, 0.0205, 0.8548, 0.0335],
    [0.0273, 0.8652, 0.0579, 0.0496],
    [0.0541, 0.1924, 0.6241, 0.1294],
    [0.0866, 0.3753, 0.2693, 0.2688]
  ],
  "Z_est": [
    [
      [2.0002, 6, 0.3531, 8, 0.4217, 2.9559, 21.0001, 23, 9, 12, 8, 11, 35, 4.9492, 22, 38, 7.9984, 0.2553, 0.4996, 3, 6, 3.9993, 8, 7.0062, 13, 10, 6, 6, 0, 0, 0.1855, 43, 23, 25, 8, 12.0027, 12, 0.0734, 14, 12, 8, 13, 7, 0.8749, 0.6602, 0.6006, 0.2478, 0.9019, 8.0002, 5, 24, 6, 11, 10.9995, 0, 3, 73, 12, 69, 21],
      [4.0001, 12, 0.249, 8, 0.4512, 2.9876, 41, 27.9996, 17, 34, 11, 19, 81, 9.1539, 44, 59, 13.0006, 1.4293, 0.9575, 11, 23, 6.9998, 14.0002, 7.0076, 95, 49, 14, 25, 0.6112, 0, 0.3807, 57, 34, 38, 18, 10.0063, 13, 0.4681, 19, 41, 42, 31, 13, 1.7367, 0.7069, 0.3466, 0.3459, 1.03, 17.9992, 29, 32, 12.9999, 39, 19.0002, 0.2269, 6, 195, 21, 158, 34],
      [8.9996, 42, 1.2021, 31, 3.6296, 7.0114, 64.9999, 61.0004, 33.9999, 64, 24.9999, 44, 122, 13.8446, 74, 91, 22.0013, 1.2369, 2.3663, 27, 51, 12.0002, 18.9998, 21.9944, 61, 65, 26, 33, 0.3888, 0, 0.3536, 128, 108, 90, 51, 55.9922, 50, 0.3975, 62, 46, 40, 41, 51, 2.9197, 2.5527, 0.899, 1.4064, 2.4939, 35.0006, 31, 60, 27, 63, 22.9998, 1.5171, 12, 284, 41, 230, 84],
      [1, 4, 0.1959, 3, 0.4974, 1.045, 7.9999, 9, 3.0001, 4, 4, 4, 17, 1.0522, 8, 15, 0.9997, 0.0784, 0.1766, 2, 4, 1.0007, 0.9999, 2.9917, 9, 8, 3, 3, 0, 0, 0.0803, 19, 14, 13, 5, 3.9988, 5, 0.0609, 7, 6, 3, 5, 4, 0.4686, 0.0801, 0.1537, 0, 0.5742, 2, 3, 8, 3.0001, 5, 2.0004, 0.256, 1, 34, 6, 35, 7]
    ],
    [
      [10, 44, 1.694, 16.9999, 2.5381, 9.9664, 29.9999, 29, 21.9998, 28, 21.9999, 25, 70, 4.7786, 39, 68, 14.0017, 0.7929, 0.9745, 18, 30, 11.0009, 14.9997, 7.9968, 22, 49, 19, 23, 0, 0.4366, 1.1051, 86, 60, 41, 42, 22.9973, 30, 0.2316, 37, 26, 19, 25, 29, 2.081, 3.1097, 3.0127, 1.2351, 5.538, 15.0003, 17, 27, 20, 43, 10.9995, 0, 14, 144, 32, 147, 32],
      [38.9983, 108, 1.7256, 19.9999, 6.5471, 21.0029, 67, 41.0001, 47, 88, 39, 52, 173, 14.3379, 92, 111, 29.999, 6.4932, 2.456, 105, 148, 57.9991, 32.999, 11.0011, 205, 246, 61, 142, 1.6286, 2.4862, 3.2099, 121, 93, 61, 105, 24.9924, 37, 1.8512, 51, 93, 126, 71, 68, 6.5554, 4.5206, 3.1207, 2.395, 9.0834, 39.9975, 122, 36, 65.9999, 186, 23.9996, 0.6284, 73, 392, 65, 345, 59],
      [90.0025, 384, 6.3691, 75.0002, 26.4707, 48.0094, 103.0002, 83.0001, 96.0002, 162, 84.0001, 120, 257, 20.8255, 149, 169, 47.9989, 6.4046, 6.0374, 251, 321, 95.0016, 45.0013, 30.9905, 131, 328, 113, 184, 1.3714, 3.6276, 3.0041, 266, 292, 145, 292, 128.0053, 140, 1.7148, 170, 103, 117, 92, 259, 12.211, 16.7372, 7.3201, 11.37, 26.2141, 76.0019, 129, 67, 129.0002, 295, 29.0013, 3.7501, 143, 569, 125, 501, 141],
      [8.9992, 37, 1.2113, 8, 2.4441, 7.0214, 14, 12.9999, 8, 10, 13, 13, 35, 2.058, 17, 28, 3.0004, 0.3093, 0.532, 21, 26, 12.9984, 4, 4.0116, 21, 40, 16, 19, 0, 0.4496, 0.6809, 41, 39, 21, 30, 9.005, 15, 0.2024, 20, 13, 9, 11, 23, 2.1525, 0.6325, 1.5465, 0, 5.1644, 4.0002, 16, 9, 13.9999, 26, 2.9996, 0.6215, 20, 68, 18, 78, 13]
    ],
    [
      [3.9996, 11, 0.6415, 5, 0.7154, 4.0239, 24, 16.9999, 12.9999, 16, 9, 12, 52, 5.2714, 25, 52, 9.0003, 0.5846, 0.4368, 7, 13, 5.9998, 12, 3.0012, 44, 36, 10, 17, 0, 0.4489, 1.4908, 42, 21, 23, 15, 5.0038, 8, 0.5983, 13, 26, 23, 22, 8, 1.6191, 0.9154, 1.4708, 0.29, 1.5676, 8.9992, 18, 17, 10.9999, 28, 11.0002, 0, 6, 120, 19, 124, 18],
      [17.0016, 31, 0.7761, 8.0001, 1.9048, 7.0398, 54.0001, 23.0002, 27.0001, 55, 18, 23, 126, 12.2867, 58, 86, 18.002, 5.4559, 1.365, 49, 71, 35, 25.9999, 5.9815, 399, 187, 35, 107, 3.4834, 2.8245, 4.575, 59, 33, 40, 41, 5.0012, 11, 5.6922, 21, 98, 159, 62, 19, 6.2891, 1.4816, 1.5615, 0.7556, 3.4791, 24.0028, 125, 26, 36, 123, 27.0005, 0.1447, 37, 327, 40, 296, 34],
      [40.9981, 108, 2.2817, 24.9999, 5.0641, 20.885, 85.9999, 49.9999, 58.0001, 101, 35, 58, 191, 19.3269, 98, 133, 31.9981, 4.7353, 2.9905, 112, 151, 58.9987, 35.9996, 13.016, 260, 247, 66, 140, 2.5166, 3.334, 3.9628, 130, 103, 87, 113, 32.9963, 43, 4.1383, 65, 108, 148, 82, 77, 9.3239, 5.3939, 3.3554, 2.9544, 7.3116, 48.9982, 137, 48, 69.9999, 199, 31.999, 0.7328, 75, 478, 80, 427, 80],
      [4.0007, 10, 0.3007, 2, 0.3158, 2.0513, 11, 7, 4.9999, 6, 5, 6, 26, 1.115, 11, 22, 1.9996, 0.2243, 0.2077, 9, 12, 8.0016, 3.0005, 1.0012, 41, 30, 9, 14, 0, 0.3926, 0.9714, 20, 14, 12, 11, 1.9987, 4, 0.5713, 7, 14, 12, 10, 6, 1.768, 0.2091, 0.6123, 0, 1.6417, 2.9998, 16, 6, 7.0001, 18, 3.0003, 0.1225, 10, 57, 11, 66, 7]
    ],
    [
      [1, 2, 0, 1, 0.0243, 0.0297, 1, 0, 1, 2, 1, 1, 5, 0.0166, 1, 1, 0.9991, 0.1304, 0, 1, 2, 0.0002, 2, 1.0002, 2, 3, 1, 2, 0, 0.0484, 0, 5, 5, 1, 4, 1.0001, 1, 0, 2, 1, 1, 2, 3, 0.0457, 0, 0.1679, 0.1217, 0.5481, 1.0001, 4, 3, 1, 4, 1.0004, 0, 6.0024e-06, 8, 2, 7, 1.2893e-06],
      [2.9999, 7, 0, 2, 0.3249, 1.0048, 4, 0.0001, 1.9999, 6, 2, 2, 12, 0.1618, 3, 3, 2.0005, 1.2563, 0, 9, 12, 3.9998, 3.9999, 2.0101, 20, 20, 5, 15, 0, 0.3738, 0, 7, 8, 2, 10, 1.0013, 2, 0, 4, 3, 9, 6, 7, 0.3341, 0, 0.209, 0.3255, 0.1145, 2.9999, 28, 5, 4, 18, 3.9995, 0, 4, 24, 5, 18, 1],
      [10.9999, 28, 0, 9.9999, 1.567, 3.0133, 7.9999, 2, 4.0001, 14, 8, 7, 19, 0.8179, 7, 6, 5.9991, 1.5374, 0, 26, 29, 9.0002, 7.0002, 7.9857, 15, 29, 11, 22, 0, 0.5121, 0, 19, 30, 7, 29, 6.9986, 9, 0, 15, 5, 10, 10, 27, 0.5381, 0, 0.5062, 1.5528, 2.1363, 7.9999, 30, 10, 11, 29, 5.9999, 0, 9, 35, 12, 29, 4],
      [0.0002, 3, 0, 0, 0.0838, 0.9521, 1, 1.9999, 1, 1, 1, 1, 3, 0.0037, 1, 1, 0.0014, 0.076, 0, 1, 2, 1.9998, 0.9999, 1.004, 2, 3, 3, 2, 0, 0.0657, 0, 2, 4, 8.7326e-10, 3, 1, 1, 0, 1, 1, 1.6402e-09, 1, 3, 0.0821, 0, 0.1169, 0, 0.2011, 0.0002, 4, 2, 1, 3, 1.0001, 0, 1, 5, 1, 4, 1.4162e-06]
    ],
    [
      [1.0001, 4, 0.3113, 1, 0.3005, 1.0241, 5, 6.0001, 4.0002, 4, 4, 3, 15, 0.9842, 5, 13, 3.0005, 0.2369, 0.0891, 1, 3, 1.9998, 3.0003, 1.9956, 7, 8, 3, 4, 0, 0.0661, 0.2185, 15, 6, 6, 5, 2.9962, 4, 0.0967, 4, 3, 2, 5, 3, 0.3792, 0.3147, 0.748, 0.1055, 0.4444, 1.0001, 3, 6, 2, 6, 2.0003, 0, 1, 27, 4, 30, 3],
      [4.0001, 10, 0.2493, 2, 0.772, 1.9649, 10.9999, 9.0001, 8.0001, 15, 8, 7, 36, 3.0598, 11, 22, 4.9979, 2.3653, 0.2215, 11, 18, 11.0013, 7.0011, 1.9997, 63, 43, 9, 27, 2.2768, 0.3155, 0.8344, 21, 10, 9, 12, 2.9988, 5, 0.9885, 6, 12, 19, 14, 8, 1.0848, 0.2908, 0.7621, 0.1781, 1.2929, 4.0006, 20, 9, 8.0002, 26, 5.0001, 0, 8, 74, 10, 70, 6],
      [10.9999, 38, 1.1471, 8, 3.2686, 5.0809, 17.0001, 18.9997, 16.9997, 29, 19, 17, 54, 5.185, 19, 34, 10.0026, 2.0858, 0.6057, 27, 40, 17.9993, 9.999, 8.0133, 41, 58, 18, 35, 1.7232, 0.5263, 0.6796, 48, 32, 23, 35, 16.0075, 21, 0.7494, 20, 14, 18, 18, 33, 2.0073, 1.3162, 1.9192, 0.7164, 3.844, 8.9994, 22, 17, 17.9999, 43, 7, 0, 17, 107, 19, 102, 15],
      [2.9999, 5, 0.2922, 3, 0.659, 1.9301, 4.0001, 4.0001, 2, 4, 4, 3, 9, 1.7711, 4, 8, 1.999, 0.312, 0.0837, 4, 4, 3.9996, 1.9996, 1.9914, 8, 9, 4, 5, 0, 0.0921, 0.2675, 9, 6, 5, 5, 1.9975, 4, 0.1655, 4, 3, 4, 3, 5, 0.5287, 0.0783, 0.5707, 0, 1.4186, 1.9998, 4, 3, 3, 5, 2.9996, 0, 5, 14, 5, 18, 3]
    ]
  ],
  "V_est": [
    [698.986, 1517.0953, 2655.2079, 310.7108],
    [1570.4901, 4263.0279, 7728.4415, 897.0405],
    [1004.0783, 3161.1048, 4862.311, 570.5059],
    [90.1329, 316.1155, 649.1647, 72.5869],
    [247.3127, 714.6565, 1231.8749, 220.1559]
  ],
  "p_est": [
    [0.1349, 0.2928, 0.5124, 0.06],
    [0.1086, 0.2948, 0.5345, 0.062],
    [0.1046, 0.3294, 0.5066, 0.0594],
    [0.0799, 0.2802, 0.5755, 0.0643],
    [0.1025, 0.2961, 0.5103, 0.0912]
  ],
  "EI_Z": {},
  "EI_V": 35.969,
  "MAE_Z": {},
  "MAE_V": 1179.0985,
  "MAE_p": 0.1472,
  "runtime": 0.3705
}
