{
  "X": [
    [20, 13, 29, 21, 5],
    [5, 4, 12, 30, 3],
    [9, 7, 27, 43, 5],
    [30, 46, 61, 118, 19],
    [51, 68, 191, 172, 25],
    [7, 12, 24, 41, 5],
    [39, 93, 168, 310, 26],
    [39, 87, 124, 325, 49],
    [26, 69, 117, 190, 28],
    [39, 111, 185, 406, 32],
    [67, 152, 296, 709, 54],
    [49, 146, 240, 498, 52],
    [21, 29, 50, 33, 11],
    [0, 3, 4, 8, 1],
    [12, 16, 56, 96, 4],
    [2, 2, 7, 3, 1],
    [92, 109, 241, 236, 45],
    [64, 72, 222, 199, 25],
    [34, 37, 124, 129, 14],
    [93, 141, 322, 483, 52],
    [84, 110, 376, 297, 57],
    [17, 61, 133, 187, 22],
    [67, 93, 210, 196, 38],
    [248, 540, 749, 1610, 209],
    [2, 5, 14, 18, 4],
    [4, 14, 19, 56, 2],
    [174, 327, 541, 1021, 101],
    [67, 177, 280, 690, 53],
    [11, 10, 9, 27, 3],
    [8, 15, 10, 33, 2],
    [26, 111, 142, 444, 23],
    [27, 94, 102, 372, 34],
    [29, 160, 154, 351, 33],
    [27, 100, 110, 356, 15],
    [48, 228, 222, 863, 45],
    [50, 166, 233, 756, 50],
    [10, 60, 55, 237, 11],
    [6, 10, 25, 39, 8],
    [8, 13, 17, 44, 7],
    [1, 4, 2, 7, 3],
    [8, 35, 53, 71, 21],
    [4, 2, 5, 4, 0],
    [4, 3, 3, 11, 1],
    [4, 19, 35, 38, 2],
    [0, 1, 1, 3, 1],
    [29, 41, 73, 166, 20],
    [15, 26, 36, 100, 14],
    [21, 68, 106, 285, 27],
    [4, 15, 8, 24, 7],
    [17, 59, 78, 220, 17],
    [19, 53, 74, 208, 24],
    [9, 9, 12, 24, 2],
    [12, 53, 45, 167, 16],
    [1, 0, 5, 4, 0],
    [4, 4, 5, 9, 2],
    [1, 9, 6, 33, 4],
    [19, 35, 56, 121, 11],
    [19, 30, 45, 133, 13],
    [10, 27, 49, 84, 8],
    [26, 30, 58, 52, 12],
    [1, 1, 2, 1, 1],
    [12, 30, 44, 129, 14],
    [6, 14, 21, 58, 6],
    [42, 57, 130, 243, 34],
    [26, 34, 70, 99, 14],
    [38, 75, 105, 210, 31],
    [0, 0, 1, 4, 1],
    [2, 2, 3, 6, 0],
    [34, 85, 84, 270, 28],
    [34, 107, 118, 490, 39],
    [2, 1, 1, 6, 0],
    [10, 41, 34, 195, 14],
    [13, 59, 55, 148, 9],
    [15, 74, 73, 289, 20],
    [7, 30, 23, 134, 10],
    [14, 74, 43, 240, 21],
    [18, 109, 76, 450, 25],
    [2, 12, 14, 38, 3],
    [1, 2, 1, 4, 0],
    [1, 1, 3, 18, 1],
    [335, 430, 785, 704, 98],
    [453, 720, 1323, 1523, 290],
    [195, 403, 608, 822, 196],
    [1, 2, 3, 8, 1]
  ],
  "W": [
    [4, 23, 42, 14, 5],
    [3, 10, 15, 22, 4],
    [7, 15, 35, 32, 2],
    [26, 71, 83, 78, 16],
    [28, 97, 226, 132, 24],
    [10, 10, 34, 30, 5],
    [58, 59, 236, 254, 29],
    [80, 43, 236, 235, 30],
    [40, 35, 164, 154, 37],
    [97, 70, 287, 285, 34],
    [147, 112, 425, 525, 69],
    [111, 88, 349, 370, 67],
    [6, 38, 62, 29, 9],
    [2, 1, 6, 7, 0],
    [19, 23, 74, 60, 8],
    [0, 3, 7, 3, 2],
    [54, 133, 314, 192, 30],
    [49, 99, 255, 144, 35],
    [29, 38, 162, 93, 16],
    [103, 139, 435, 370, 44],
    [70, 171, 420, 214, 49],
    [38, 46, 171, 144, 21],
    [39, 123, 259, 139, 44],
    [364, 316, 1136, 1380, 160],
    [8, 1, 23, 8, 3],
    [9, 4, 32, 48, 2],
    [269, 268, 719, 807, 101],
    [195, 110, 373, 542, 47],
    [3, 9, 20, 25, 3],
    [9, 7, 15, 36, 1],
    [92, 40, 186, 392, 36],
    [82, 43, 158, 309, 37],
    [77, 55, 218, 350, 27],
    [70, 46, 167, 305, 20],
    [165, 64, 354, 773, 50],
    [178, 89, 367, 573, 48],
    [53, 25, 91, 198, 6],
    [11, 9, 42, 23, 3],
    [8, 11, 34, 36, 0],
    [1, 2, 5, 8, 1],
    [19, 15, 78, 58, 18],
    [0, 5, 5, 3, 2],
    [1, 5, 6, 8, 2],
    [9, 11, 46, 25, 7],
    [1, 0, 3, 2, 0],
    [29, 33, 124, 120, 23],
    [26, 17, 65, 72, 11],
    [50, 30, 178, 216, 33],
    [5, 2, 25, 22, 4],
    [34, 28, 133, 175, 21],
    [49, 31, 109, 154, 35],
    [5, 8, 22, 17, 4],
    [33, 18, 82, 143, 17],
    [0, 3, 4, 2, 1],
    [4, 3, 10, 5, 2],
    [14, 1, 15, 20, 3],
    [25, 29, 78, 92, 18],
    [29, 22, 89, 81, 19],
    [11, 15, 77, 60, 15],
    [4, 31, 80, 41, 22],
    [0, 1, 3, 1, 1],
    [28, 23, 74, 91, 13],
    [10, 8, 33, 43, 11],
    [47, 87, 170, 173, 29],
    [26, 36, 95, 63, 23],
    [60, 29, 188, 152, 30],
    [1, 0, 3, 1, 1],
    [2, 1, 6, 4, 0],
    [70, 60, 133, 194, 44],
    [110, 50, 223, 358, 47],
    [1, 0, 4, 3, 2],
    [34, 18, 77, 148, 17],
    [22, 15, 98, 135, 14],
    [50, 22, 119, 257, 23],
    [31, 11, 55, 97, 10],
    [41, 19, 85, 219, 28],
    [85, 30, 163, 372, 28],
    [11, 5, 26, 22, 5],
    [1, 0, 3, 3, 1],
    [2, 3, 3, 14, 2],
    [155, 483, 1068, 522, 124],
    [371, 585, 1764, 1312, 277],
    [200, 223, 897, 730, 174],
    [5, 1, 3, 5, 1]
  ],
  "method": "mvn_pdf",
  "cond_prob": [
    [
      [0.00018634552078, 0.1216708935, 0.020736800265, 0.82649404137, 0.030911919346],
      [0.5768209179, 0.053322877587, 0.34339566301, 0.0092700636795, 0.017190477827],
      [0.18560968426, 0.16719721343, 0.47319520122, 0.12426446609, 0.049733434992],
      [0.00039618028252, 0.1896926983, 0.0027748986408, 0.7885167478, 0.018619474972],
      [0.082814139184, 0.21846606918, 0.10610427847, 0.24332016102, 0.34929535215]
    ],
    [
      [3.0765722972e-05, 0.041433747561, 0.0080869902133, 0.93522845937, 0.015220037128],
      [0.36362117451, 0.0632762621, 0.50785720437, 0.035204484654, 0.030040874367],
      [0.071368803947, 0.12779770568, 0.43570778568, 0.30926271694, 0.055862987743],
      [6.749488531e-05, 0.066436888659, 0.001117122864, 0.9229039889, 0.0094745046941],
      [0.02367673783, 0.12718390628, 0.071855093818, 0.46792695608, 0.309357306]
    ],
    [
      [6.1344478819e-05, 0.055599301758, 0.016078916409, 0.89827291275, 0.029987524599],
      [0.37227926828, 0.047235173475, 0.52818557619, 0.019649519307, 0.03265046275],
      [0.088518705265, 0.10947009145, 0.53601379054, 0.19585462601, 0.070142786739],
      [0.00013493443667, 0.089475001119, 0.002226259466, 0.88947571596, 0.018688089019],
      [0.033019279282, 0.11971081656, 0.099896277385, 0.32189548117, 0.42547814561]
    ],
    [
      [3.2117006607e-05, 0.089023959273, 0.0076407493283, 0.87641879569, 0.026884378703],
      [0.33268213544, 0.13819568285, 0.43996236748, 0.036253992863, 0.052905821361],
      [0.061849560189, 0.24198765345, 0.33895504913, 0.27162818949, 0.085579547746],
      [6.8752246509e-05, 0.13922067846, 0.0010299749215, 0.84334912245, 0.016331471918],
      [0.018304622753, 0.20650510773, 0.050386005376, 0.34571090391, 0.37909336023]
    ],
    [
      [7.8086554036e-05, 0.10095442071, 0.024546665815, 0.84543661829, 0.028984208629],
      [0.32617399808, 0.06403188879, 0.57209189311, 0.01444466695, 0.023257553074],
      [0.08035765414, 0.14689835448, 0.58198147495, 0.14142990149, 0.049332614949],
      [0.00016834049653, 0.15895362522, 0.0033320525584, 0.81980513973, 0.017740841997],
      [0.037737011553, 0.19859929559, 0.13727671511, 0.28450017179, 0.34188680595]
    ],
    [
      [6.8790062342e-05, 0.088526384225, 0.018441786521, 0.86594507975, 0.027017959445],
      [0.36583201231, 0.065300881113, 0.52685822893, 0.016558838941, 0.025450038706],
      [0.087033623706, 0.15283667215, 0.53914704193, 0.16600137973, 0.054981282483],
      [0.00014855001589, 0.14003533416, 0.0025063723208, 0.84077185977, 0.016537883727],
      [0.036068239421, 0.18646310444, 0.11154894533, 0.30359512974, 0.36232458106]
    ],
    [
      [6.6496247281e-05, 0.09700630393, 0.020293521872, 0.85885572808, 0.023777949869],
      [0.32863776275, 0.072635163067, 0.5588159778, 0.017377529663, 0.022533566721],
      [0.078201615994, 0.16120733116, 0.54979166929, 0.16456969185, 0.046229691703],
      [0.00014291743889, 0.15224397934, 0.0027463515291, 0.8303548809, 0.014511870794],
      [0.035479106378, 0.2106197993, 0.12529289825, 0.31978662135, 0.30882157473]
    ],
    [
      [5.9428342297e-05, 0.083170349059, 0.01257156789, 0.85987891809, 0.044319736621],
      [0.38638010408, 0.0817336266, 0.4539408098, 0.022831184056, 0.055114275462],
      [0.087418604657, 0.17294569505, 0.4255670949, 0.20618871951, 0.10787988588],
      [0.00012892004798, 0.13173878199, 0.0017172968594, 0.83912067526, 0.027294325843],
      [0.026672540136, 0.15187591322, 0.065279225806, 0.26934147091, 0.48683084993]
    ],
    [
      [7.6093470551e-05, 0.11187202305, 0.023303965104, 0.83261579565, 0.032132122726],
      [0.3280801368, 0.072624888879, 0.55832401951, 0.014569395712, 0.026401559103],
      [0.079355577801, 0.16447281339, 0.56011830337, 0.14078168855, 0.055271616887],
      [0.00016297408716, 0.17502626174, 0.0031425489419, 0.80212965249, 0.01953856274],
      [0.035159279035, 0.21018041106, 0.12456799666, 0.26765452697, 0.36243778627]
    ],
    [
      [4.1699253597e-05, 0.083727121512, 0.013821867752, 0.88224926311, 0.020160048377],
      [0.2998425069, 0.091544657647, 0.55463930473, 0.026086841099, 0.027886689628],
      [0.063542748625, 0.18067127074, 0.48519261558, 0.21971724283, 0.050876122219],
      [8.9748661421e-05, 0.13156365101, 0.0018732574465, 0.85415119538, 0.012322147499],
      [0.025275775856, 0.20671991497, 0.096971540758, 0.37386921963, 0.29716354879]
    ],
    [
      [4.8661985861e-05, 0.073023130974, 0.01546334906, 0.8909265648, 0.020538293177],
      [0.31629896367, 0.072423820205, 0.56157013847, 0.023950292703, 0.025756784947],
      [0.070695055835, 0.15036209091, 0.51734672179, 0.21215083841, 0.049445293058],
      [0.0001055672209, 0.11563789318, 0.0021124196442, 0.86948981363, 0.012654306322],
      [0.02954102349, 0.18059436182, 0.10865659747, 0.37878191321, 0.30242610401]
    ],
    [
      [4.812275945e-05, 0.091462922371, 0.016509649646, 0.86756530011, 0.024414005115],
      [0.29601022496, 0.085747335756, 0.56727253214, 0.022026666028, 0.028943241121],
      [0.064987008155, 0.17501485664, 0.51356486968, 0.19181381417, 0.054619451358],
      [0.0001034758697, 0.14357725506, 0.0022354122979, 0.8391753724, 0.014908484373],
      [0.026561125615, 0.20565516894, 0.10547591684, 0.33509819361, 0.327209595]
    ],
    [
      [0.00010394972603, 0.18421024988, 0.023460909386, 0.74382145796, 0.048403433051],
      [0.3816495795, 0.09966120717, 0.47489089576, 0.0105902448, 0.03320807277],
      [0.094635635049, 0.23467054282, 0.49219223625, 0.1062938392, 0.072207746682],
      [0.00021467537141, 0.27873078433, 0.003049934366, 0.68967986567, 0.028324740262],
      [0.036517074228, 0.26257200382, 0.095233296746, 0.17732356488, 0.42835406033]
    ],
    [
      [1.073261254e-05, 0.10760754277, 0.014301056595, 0.85250019172, 0.025580476297],
      [0.072947908868, 0.10379642733, 0.77061534015, 0.017731475881, 0.034908847778],
      [0.015023687196, 0.20198172355, 0.57261341886, 0.1485840266, 0.061797143802],
      [2.2824644638e-05, 0.17098476299, 0.0019121167951, 0.81185490692, 0.015225388649],
      [0.0042589951942, 0.16061623057, 0.070394706981, 0.18608935058, 0.57864071668]
    ],
    [
      [3.7884360754e-05, 0.051595938569, 0.013737356706, 0.92355837993, 0.011070440432],
      [0.29791315728, 0.059865389091, 0.59754699445, 0.028356984856, 0.016317474324],
      [0.063982423979, 0.12188134945, 0.53612513204, 0.24736090099, 0.030650193535],
      [8.2866260682e-05, 0.082436647965, 0.0018918595461, 0.90870990031, 0.0068787259223],
      [0.028847833204, 0.15952830778, 0.12100846924, 0.48381470171, 0.20680068806]
    ],
    [
      [0.00011220493219, 0.11385889387, 0.040838689462, 0.82284444315, 0.022345768583],
      [0.34069553279, 0.035652938281, 0.60951470229, 0.0052050427427, 0.0089317838958],
      [0.083536684748, 0.098738829931, 0.73500331212, 0.060273036025, 0.022448137172],
      [0.00024355407501, 0.18505080791, 0.0055584811828, 0.79542631511, 0.013720841727],
      [0.054458299447, 0.21330258323, 0.22667977074, 0.2006059075, 0.30495343908]
    ],
    [
      [0.00012513527087, 0.12490184887, 0.025973079604, 0.80452053094, 0.044479405317],
      [0.41594283712, 0.063164401059, 0.48144914936, 0.01099633073, 0.028447281734],
      [0.11327638478, 0.16001987893, 0.54121757736, 0.11883298604, 0.066653172889],
      [0.00026767949277, 0.19511255349, 0.0034984617785, 0.77410807569, 0.027013229544],
      [0.048500994857, 0.19706193218, 0.11648261216, 0.21759769028, 0.42035677052]
    ],
    [
      [0.00011257318664, 0.10330733111, 0.030997337576, 0.83892293816, 0.026659819964],
      [0.3635342057, 0.050661713131, 0.55816967194, 0.011100613452, 0.016533795776],
      [0.097625078455, 0.12663867981, 0.61913525708, 0.11838929167, 0.038211692995],
      [0.00024342848567, 0.16314441578, 0.0042205049694, 0.81602171207, 0.016369938691],
      [0.052975340433, 0.19787354013, 0.16878014918, 0.27516301375, 0.30520795651]
    ],
    [
      [0.00011749081695, 0.087982804265, 0.028802243238, 0.85731387373, 0.025783587951],
      [0.39346490149, 0.04421850928, 0.53434455151, 0.011567044133, 0.01640499358],
      [0.10826432534, 0.11405838754, 0.61119086761, 0.1273636706, 0.039122748908],
      [0.00025587143891, 0.13997873459, 0.0039492203377, 0.83987468242, 0.015941491215],
      [0.057797026198, 0.17582210108, 0.16382154709, 0.29231519229, 0.31024413335]
    ],
    [
      [8.1221394585e-05, 0.090792597697, 0.021174286171, 0.85926021874, 0.028691676002],
      [0.36518719673, 0.062278109891, 0.53168458041, 0.015964665318, 0.024885447655],
      [0.091712063135, 0.1452665195, 0.55047364235, 0.1588687923, 0.05367898271],
      [0.0001756555763, 0.14334705573, 0.0028835800094, 0.83597233852, 0.017621370167],
      [0.040728645966, 0.18543259905, 0.12288573702, 0.30148355071, 0.34946946725]
    ],
    [
      [8.2388147658e-05, 0.099611108131, 0.030161970979, 0.83153432168, 0.03861021106],
      [0.29724785457, 0.054908195196, 0.60853934874, 0.012401637711, 0.026902963789],
      [0.073670635854, 0.12625163467, 0.6212113333, 0.12165174941, 0.057214646761],
      [0.00017920489394, 0.15819293131, 0.004131142991, 0.81364898696, 0.023847733847],
      [0.034945813526, 0.17211055254, 0.14808137041, 0.24656665672, 0.3982956068]
    ],
    [
      [4.2837390648e-05, 0.096103141639, 0.021467587822, 0.85433675041, 0.028049682739],
      [0.23006359997, 0.078146429191, 0.64420834703, 0.018702296365, 0.028879327443],
      [0.04986156909, 0.15800626361, 0.57673114279, 0.16142080067, 0.053980223837],
      [9.235158293e-05, 0.15133443733, 0.0029140487328, 0.82849108729, 0.017168075063],
      [0.021813945133, 0.1991453341, 0.1265548167, 0.30278520616, 0.34970069791]
    ],
    [
      [7.857905588e-05, 0.112769381, 0.021363428669, 0.83431315451, 0.03147545677],
      [0.35009681916, 0.076445391549, 0.53122249313, 0.015258154735, 0.026977141431],
      [0.085568736798, 0.17385747244, 0.53577286173, 0.14807431973, 0.0567266093],
      [0.00016791661463, 0.17598412682, 0.0028745902023, 0.80187553367, 0.019097832692],
      [0.0368288148, 0.21527577119, 0.11587259561, 0.27272738574, 0.35929543265]
    ],
    [
      [9.3513100276e-05, 0.11336447583, 0.020035901411, 0.82526769066, 0.041238419],
      [0.39895642231, 0.074131530675, 0.47817474677, 0.014659371659, 0.034077928583],
      [0.10166374154, 0.17498803683, 0.50136901404, 0.14758265925, 0.074396548331],
      [0.00020021055406, 0.17715495179, 0.0027012827853, 0.79486780509, 0.025075749789],
      [0.039535868128, 0.19535313655, 0.098053655718, 0.24480420605, 0.42225313355]
    ],
    [
      [4.9717312739e-05, 0.07584576542, 0.019846046426, 0.8648321139, 0.039426356946],
      [0.28788155311, 0.057665456673, 0.60003576324, 0.016247250531, 0.038169976438],
      [0.061745929151, 0.12746541206, 0.57793961154, 0.15447395949, 0.07837508777],
      [0.00010879253141, 0.12189350168, 0.0027315024419, 0.85088731694, 0.024378886403],
      [0.022174211976, 0.13533044456, 0.10223507382, 0.24785461269, 0.49240565696]
    ],
    [
      [4.8787637642e-05, 0.086977875843, 0.014954817367, 0.88398974929, 0.014028769859],
      [0.33608219462, 0.080632142172, 0.54513670682, 0.021410218533, 0.016738737862],
      [0.072895625456, 0.17603227262, 0.51743819062, 0.20009778121, 0.033536130099],
      [0.00010468474166, 0.13663232858, 0.0020195167529, 0.85269900931, 0.0085444606209],
      [0.032184004387, 0.23022785215, 0.11379963841, 0.39190335941, 0.23188514564]
    ],
    [
      [8.7239747909e-05, 0.10822729717, 0.021244249747, 0.84130719733, 0.029134015999],
      [0.37645685042, 0.071483745725, 0.51265434815, 0.015083159046, 0.024321896659],
      [0.095202233629, 0.16757659925, 0.53368049584, 0.15081370636, 0.052726964927],
      [0.00018674013242, 0.16910228488, 0.0028635609541, 0.81013587016, 0.01771154387],
      [0.042147571587, 0.21307403979, 0.11880078359, 0.28496456315, 0.34101304188]
    ],
    [
      [6.9312922593e-05, 0.097229849526, 0.021278022689, 0.8536603149, 0.027762499963],
      [0.32720468792, 0.069936486926, 0.56095602532, 0.016647782543, 0.025255017294],
      [0.078517116203, 0.1559588179, 0.55508238924, 0.15836451067, 0.052077165985],
      [0.00014928000284, 0.15287333161, 0.0028856701217, 0.8271112165, 0.016980501769],
      [0.034953986219, 0.19965270244, 0.12419125198, 0.30134895036, 0.33985310901]
    ],
    [
      [0.00022844554472, 0.10927317589, 0.012117368405, 0.85347406446, 0.024906945706],
      [0.74661784389, 0.042860772085, 0.18940973645, 0.0084833180753, 0.012628329502],
      [0.28533857449, 0.17746940184, 0.33875003198, 0.15043157499, 0.048010416712],
      [0.00048484615968, 0.17022668896, 0.0016186273208, 0.81270934767, 0.014960489896],
      [0.11465741623, 0.21586347021, 0.069255102783, 0.27533131497, 0.32489269581]
    ],
    [
      [0.00039153700222, 0.19752595504, 0.029042276467, 0.74414665062, 0.028893580867],
      [0.70697910909, 0.03914958701, 0.2425797596, 0.003834363079, 0.0074571812268],
      [0.27475319226, 0.16909071924, 0.45635813706, 0.070273346692, 0.02952460475],
      [0.00079797001667, 0.29675282203, 0.0037208516758, 0.68207734096, 0.016651015323],
      [0.14587081697, 0.28157100802, 0.12260100457, 0.17521609721, 0.27474107323]
    ],
    [
      [6.3967140753e-05, 0.10030030183, 0.023421119225, 0.85543664969, 0.020777962117],
      [0.29475925044, 0.069751956626, 0.60109087141, 0.016102372701, 0.018295548823],
      [0.06961397322, 0.15388705355, 0.58764248924, 0.15155207789, 0.037304406106],
      [0.00013740566132, 0.15732724253, 0.0031677207703, 0.82669216237, 0.012675468661],
      [0.034680663536, 0.22108607525, 0.14693645545, 0.32373921262, 0.27355759314]
    ],
    [
      [5.1849428048e-05, 0.093618588929, 0.014463871436, 0.86297622304, 0.028889467166],
      [0.33378992115, 0.090704922754, 0.51745472882, 0.022603616083, 0.035446811193],
      [0.073529710062, 0.18721075861, 0.47255187629, 0.19907969456, 0.06762796048],
      [0.00011132696824, 0.14678158944, 0.0019554806243, 0.83353905251, 0.017612550457],
      [0.027194812288, 0.19967024068, 0.087778594076, 0.31581323671, 0.36954311625]
    ],
    [
      [6.407741706e-05, 0.16899956614, 0.023307931643, 0.77419829525, 0.033430129543],
      [0.27947384506, 0.11166941852, 0.56704440618, 0.013848081904, 0.027964248332],
      [0.062723151391, 0.23373446258, 0.52583450808, 0.12360900126, 0.054098876695],
      [0.00013274724019, 0.25570467354, 0.0030403551112, 0.72145902626, 0.019663197841],
      [0.02696188094, 0.28934113806, 0.11350412331, 0.22748102265, 0.34271183504]
    ],
    [
      [4.8856430682e-05, 0.10215058067, 0.014678142842, 0.86650450717, 0.016617912885],
      [0.32021181674, 0.10083157158, 0.53505984596, 0.023113583224, 0.020783182501],
      [0.069845970924, 0.20596282672, 0.48351376634, 0.20146465439, 0.039212781621],
      [0.0001039392513, 0.15869329492, 0.0019662579564, 0.82919663242, 0.010039875456],
      [0.029737720293, 0.2529227341, 0.1033806499, 0.36797644478, 0.24598245093]
    ],
    [
      [5.5216150506e-05, 0.10330386453, 0.016400201788, 0.85881205308, 0.021428664443],
      [0.32462246782, 0.092392502887, 0.5379060404, 0.020836081082, 0.024242907816],
      [0.073103899568, 0.19363823033, 0.50001621239, 0.18626997306, 0.046971684654],
      [0.0001177480224, 0.16081651834, 0.0022022517718, 0.82388548569, 0.012977996173],
      [0.030902379147, 0.23543191896, 0.10622870902, 0.33660238418, 0.29083460869]
    ],
    [
      [4.0141034461e-05, 0.078942286872, 0.013026689333, 0.88653115237, 0.021459730387],
      [0.30244678905, 0.090635767029, 0.5481629312, 0.027591353696, 0.031163159025],
      [0.063428833099, 0.17674912618, 0.47407236848, 0.22956165035, 0.056188021902],
      [8.6623895529e-05, 0.12435580161, 0.0017701977987, 0.86063535125, 0.013152025448],
      [0.024263905969, 0.194380965, 0.091145115501, 0.37529861013, 0.3149114034]
    ],
    [
      [2.8022296339e-05, 0.095208432815, 0.010731778995, 0.8748645063, 0.019167259589],
      [0.25734583233, 0.12996278284, 0.54730541593, 0.032143074867, 0.033242894042],
      [0.048106829288, 0.22967924622, 0.42543043904, 0.24255359806, 0.054229887395],
      [5.9728176611e-05, 0.14822783386, 0.0014403093509, 0.83867419082, 0.011597937799],
      [0.017308690737, 0.23901655504, 0.076741100547, 0.37582643472, 0.29110721896]
    ],
    [
      [4.4720243889e-05, 0.066922252898, 0.013445459334, 0.86923900707, 0.050348560454],
      [0.32098220895, 0.068192784179, 0.52260572938, 0.022848974323, 0.065370303174],
      [0.067337838589, 0.13953803714, 0.46792696972, 0.20088285392, 0.12431430062],
      [9.8253498052e-05, 0.10761312901, 0.0018596315315, 0.85913069846, 0.031298287507],
      [0.018601945173, 0.11205242215, 0.064632525101, 0.24210625396, 0.56260685362]
    ],
    [
      [5.5023722891e-05, 0.082175182476, 0.010015221914, 0.84158085948, 0.066173712403],
      [0.41036412919, 0.084113585972, 0.39602175893, 0.022303965515, 0.087196560387],
      [0.086781355926, 0.17746018731, 0.36248129303, 0.20198612421, 0.17129103952],
      [0.00012013800562, 0.13141110485, 0.0013767439435, 0.82631563576, 0.040776377442],
      [0.018768856544, 0.11168578721, 0.039395929091, 0.19080566371, 0.63934376344]
    ],
    [
      [2.2081534248e-05, 0.13194701549, 0.0063518367419, 0.64322817508, 0.21845089116],
      [0.24158346896, 0.13011799812, 0.31948211407, 0.014129756657, 0.2946866622],
      [0.027993959036, 0.21280030998, 0.18962693294, 0.098688359144, 0.4708904389],
      [4.9531245213e-05, 0.2220936698, 0.00089808026173, 0.64421543538, 0.13274328331],
      [0.0010332730083, 0.022094888813, 0.0034645853692, 0.015895210265, 0.95751204254]
    ],
    [
      [5.594560141e-05, 0.13696673869, 0.02307298743, 0.77358208585, 0.066322242429],
      [0.25465804298, 0.092411089303, 0.58229595292, 0.013921944664, 0.056712970126],
      [0.055155559602, 0.18939575926, 0.52617541395, 0.12173468612, 0.10753858107],
      [0.00011944705507, 0.21394558706, 0.0031010650501, 0.7426841993, 0.040149701536],
      [0.018206984711, 0.18086797721, 0.086892432285, 0.17318764382, 0.54084496198]
    ],
    [
      [0.0001389417701, 0.078683984655, 0.017496182577, 0.89814962077, 0.0055312702236],
      [0.61977694901, 0.031536402901, 0.33937291033, 0.0064916727768, 0.0028220649827],
      [0.19437064253, 0.12420820932, 0.56154957022, 0.11015447244, 0.0097171054871],
      [0.00030342445438, 0.12731102413, 0.0024010597926, 0.86652084846, 0.0034636431658],
      [0.1149756266, 0.25776227687, 0.16381269845, 0.36919747084, 0.094251927243]
    ],
    [
      [4.5186349037e-05, 0.05340214633, 0.0043115787853, 0.93399860551, 0.0082424830214],
      [0.63224476402, 0.069177926358, 0.25894476036, 0.025476556546, 0.014155992708],
      [0.13811505156, 0.20145771108, 0.2936910563, 0.32997920004, 0.036756981017],
      [9.8814370709e-05, 0.085381908713, 0.00059452614213, 0.90880120219, 0.00512354858],
      [0.042421680739, 0.19782069457, 0.045932643883, 0.50937792297, 0.20444705784]
    ],
    [
      [3.7124683057e-05, 0.12283748161, 0.020212200205, 0.8445599483, 0.012353245197],
      [0.21469336528, 0.10362895123, 0.64990056562, 0.018528454297, 0.013248663581],
      [0.044698166348, 0.20650247921, 0.56671430037, 0.15785523256, 0.024229821509],
      [7.8328813248e-05, 0.18988714165, 0.0026840157637, 0.79994977421, 0.0074007395678],
      [0.022528917444, 0.30381796927, 0.14202831102, 0.34752525848, 0.18409954378]
    ],
    [
      [2.1573876435e-06, 0.050273488925, 0.0046080218725, 0.87762991812, 0.067486413693],
      [2.2317691167e-18, 0.21623105718, 0.29891615928, 0.06030171964, 0.42455106391],
      [0.0019690245305, 0.15367568251, 0.28732456335, 0.17184944302, 0.38518128659],
      [4.764991771e-06, 0.082146609719, 0.00064912424661, 0.87760840398, 0.039591097065],
      [0.023145728761, 0.20108553434, 0.07068696689, 0.29030555514, 0.41477621487]
    ],
    [
      [7.0467003834e-05, 0.072859569923, 0.012758892838, 0.88921124653, 0.025099823701],
      [0.44058086468, 0.067854881173, 0.43972838517, 0.02222207352, 0.029613795464],
      [0.10824317983, 0.15733634302, 0.45081028733, 0.22013623446, 0.063473955358],
      [0.00015279763971, 0.11538676369, 0.0017420116691, 0.86726744289, 0.01545098411],
      [0.040356467031, 0.16949321182, 0.084471791647, 0.35323270934, 0.35244582017]
    ],
    [
      [7.1535354531e-05, 0.083132189492, 0.012584583815, 0.86690844057, 0.037303250771],
      [0.44155398682, 0.074144331645, 0.42145238207, 0.020577960641, 0.042271338819],
      [0.10605286809, 0.17144630358, 0.42867135275, 0.20343474403, 0.090394731545],
      [0.00015480320944, 0.13149918038, 0.0017146152557, 0.84373589504, 0.022895506119],
      [0.0343625929, 0.16146882046, 0.069793682292, 0.28589131897, 0.44848358538]
    ],
    [
      [4.0324267269e-05, 0.075695774814, 0.012938917964, 0.88879396882, 0.02253101413],
      [0.3064137157, 0.086733769092, 0.54669279552, 0.027473108795, 0.032686610897],
      [0.064288433982, 0.17043331243, 0.4754329278, 0.23047582642, 0.059369499359],
      [8.721981081e-05, 0.11955037121, 0.0017622397934, 0.86476204068, 0.013838128503],
      [0.024178755926, 0.18470364101, 0.089783773727, 0.37165553328, 0.32967829605]
    ],
    [
      [7.2264356707e-05, 0.17288755335, 0.0099261991289, 0.74048476358, 0.076629219592],
      [0.46169501018, 0.13742446701, 0.30758550403, 0.0151180272, 0.078176991583],
      [0.09474739616, 0.30627171135, 0.29437360699, 0.14353159633, 0.16107568917],
      [0.00015012119745, 0.26423408822, 0.0012980438764, 0.68945867021, 0.044859076494],
      [0.020511182032, 0.19620824592, 0.032318457667, 0.13772426358, 0.6132378508]
    ],
    [
      [3.7105508697e-05, 0.082922289533, 0.011659407778, 0.8861152231, 0.019265974078],
      [0.30544117923, 0.10232090565, 0.53268060933, 0.029423278694, 0.030134027093],
      [0.062032477854, 0.19543261313, 0.44937590028, 0.23999316769, 0.053165841043],
      [7.9737480981e-05, 0.1301374484, 0.0015776665501, 0.85644971151, 0.011755436064],
      [0.023230887526, 0.21119757621, 0.084471780765, 0.38609688287, 0.29500287263]
    ],
    [
      [4.9719517616e-05, 0.085149589255, 0.014581934526, 0.87438891087, 0.02582984583],
      [0.3278075058, 0.083863179957, 0.53292745284, 0.023174245509, 0.032227615898],
      [0.072110887853, 0.17368206597, 0.48760347645, 0.20492431307, 0.061679256666],
      [0.00010719716095, 0.13409274885, 0.001979541916, 0.84800882038, 0.015811691698],
      [0.027565185916, 0.19184758042, 0.093528257594, 0.33696894243, 0.35009003364]
    ],
    [
      [0.00014305301911, 0.097654026262, 0.012977479298, 0.87425526599, 0.014970175435],
      [0.63754631728, 0.054388705431, 0.28516147803, 0.012211381738, 0.010692117519],
      [0.20046409591, 0.1811157209, 0.41140447617, 0.1744419205, 0.03257378652],
      [0.00030509733281, 0.15282528004, 0.0017418877735, 0.83607129123, 0.0090564436248],
      [0.088240372952, 0.24038474489, 0.091480634671, 0.3490140241, 0.23088022338]
    ],
    [
      [4.380895911e-05, 0.1091239577, 0.011817152833, 0.85183421718, 0.027180863329],
      [0.32842731492, 0.12050063038, 0.48770087764, 0.025259341576, 0.038111835481],
      [0.067322019411, 0.23506909081, 0.41858201052, 0.21037820733, 0.068648671927],
      [9.2950619023e-05, 0.16917729797, 0.001578673631, 0.81278356647, 0.016367511309],
      [0.023256049724, 0.23518956162, 0.072554528717, 0.31346880971, 0.35553105023]
    ],
    [
      [1.0560277563e-05, 0.0099574916352, 0.007178719752, 0.98141797778, 0.0014352505571],
      [0.19568654847, 0.019581720467, 0.75817606926, 0.023030084488, 0.0035255773106],
      [0.037778286775, 0.041178410797, 0.67025004859, 0.24418408301, 0.0066091708261],
      [2.2901985683e-05, 0.015051401227, 0.00098220870909, 0.98301482214, 0.00092866593552],
      [0.017227582863, 0.066542667155, 0.13786076458, 0.74084256933, 0.037526416074]
    ],
    [
      [0.00017185759616, 0.11298865112, 0.014415957249, 0.84098036755, 0.031443166481],
      [0.70267016672, 0.042598650614, 0.23218380314, 0.00723797864, 0.01530940089],
      [0.22399532521, 0.17745729164, 0.41139166881, 0.12874194094, 0.058413773392],
      [0.00036638315741, 0.17847121338, 0.0019326888635, 0.80035310557, 0.018876609031],
      [0.079335033816, 0.19993318443, 0.074581751748, 0.22164588313, 0.42450414688]
    ],
    [
      [2.0701713937e-05, 0.094535266636, 0.0076986733541, 0.86546584463, 0.032279513668],
      [0.2606706646, 0.14617888875, 0.49464213228, 0.033965247528, 0.064543066846],
      [0.040521221395, 0.25151747345, 0.35490715111, 0.25088352735, 0.1021706267],
      [4.4289808252e-05, 0.14843418651, 0.0010371872061, 0.83097472621, 0.019509610269],
      [0.01044153016, 0.19296865262, 0.04518564686, 0.29066897706, 0.4607351933]
    ],
    [
      [6.6276717749e-05, 0.09026414727, 0.015914105411, 0.87338599451, 0.02036947609],
      [0.37982144627, 0.076236880883, 0.50240190094, 0.019710597741, 0.021829174168],
      [0.090546341351, 0.1724137354, 0.50101363653, 0.19044885274, 0.045577433978],
      [0.00014234689595, 0.14167332367, 0.0021519422616, 0.84361225023, 0.012420136942],
      [0.038563061761, 0.213042603, 0.10704233948, 0.35077596238, 0.29057603338]
    ],
    [
      [4.5678447199e-05, 0.061186931841, 0.0081870385939, 0.91366131532, 0.016919035799],
      [0.42986707408, 0.084791713245, 0.42184760254, 0.033771670094, 0.029721940045],
      [0.092480844943, 0.17386920464, 0.38108492951, 0.29627868773, 0.056286333183],
      [9.9104249837e-05, 0.09695066162, 0.0011185111784, 0.89140968554, 0.010422037412],
      [0.03179992663, 0.17310207056, 0.06586957558, 0.43999426845, 0.28923415878]
    ],
    [
      [4.2362044444e-05, 0.081739456473, 0.014083379588, 0.8877442732, 0.016390528695],
      [0.30564233086, 0.086944753554, 0.56024481246, 0.02505434349, 0.022113759634],
      [0.065128329554, 0.17622418071, 0.5000883101, 0.2172053174, 0.041353862238],
      [9.1207395714e-05, 0.12862769633, 0.0019090540196, 0.85935263912, 0.010019403139],
      [0.027299805589, 0.2141539402, 0.10497670867, 0.39393459402, 0.25963495152]
    ],
    [
      [0.00013366646239, 0.1252049867, 0.022497551822, 0.82460442359, 0.027559371421],
      [0.47101783068, 0.064982592041, 0.43454993372, 0.011350440702, 0.018099202863],
      [0.13340425904, 0.17481664927, 0.51648591299, 0.13033866729, 0.044954511414],
      [0.00028345522871, 0.19421665511, 0.0030034350913, 0.78591039584, 0.016586058725],
      [0.062353955689, 0.23717170632, 0.12120902057, 0.26367902726, 0.31558629016]
    ],
    [
      [7.0723963203e-05, 0.095619841343, 0.017914989981, 0.84897020205, 0.03742424266],
      [0.56315878599, 0.03633153776, 0.37854268278, 0.0042762588543, 0.017690734616],
      [0.10309634715, 0.14020594644, 0.63162847094, 0.062873021263, 0.062196214216],
      [0.00015802028137, 0.16110133206, 0.0025158454827, 0.81291578214, 0.023309020034],
      [0.019181566276, 0.088094762743, 0.054847721235, 0.058931371948, 0.7789445778]
    ],
    [
      [3.289300283e-05, 0.070444945823, 0.0096602560818, 0.89481423535, 0.025047669747],
      [0.31382839007, 0.099122190897, 0.50870624116, 0.033585020448, 0.044758157424],
      [0.061028544858, 0.18332453549, 0.41345990291, 0.26570217197, 0.07648484477],
      [7.1252865014e-05, 0.11147905032, 0.0013176530996, 0.87173396357, 0.015398080144],
      [0.019682890473, 0.17117085472, 0.066879171448, 0.37008380463, 0.37218327873]
    ],
    [
      [4.6982381345e-05, 0.073824975997, 0.012554716922, 0.89480786251, 0.018765462191],
      [0.35835230822, 0.0780542631, 0.5135563002, 0.024739852388, 0.025297276086],
      [0.077514867904, 0.16697357724, 0.47884404316, 0.22680845402, 0.049859057686],
      [0.00010158760385, 0.11677164689, 0.0017088387542, 0.86990253557, 0.011515391178],
      [0.030054949931, 0.19052087611, 0.092720479528, 0.38749038193, 0.2992133125]
    ],
    [
      [4.621988449e-05, 0.068495411299, 0.013075513913, 0.88728951023, 0.031093344678],
      [0.33242216428, 0.074545084541, 0.52418979356, 0.026008604099, 0.04283435352],
      [0.072235488423, 0.15123466701, 0.47079214598, 0.22536550947, 0.080372189117],
      [0.00010072754802, 0.10899607576, 0.0017943388053, 0.86987038087, 0.01923847702],
      [0.024908428861, 0.15017572701, 0.081547726255, 0.33311210991, 0.41025600797]
    ],
    [
      [8.7096563514e-05, 0.093359915808, 0.018586403405, 0.86426386961, 0.023702714618],
      [0.41204839782, 0.065597578216, 0.48506047959, 0.016208079069, 0.021085465308],
      [0.10580787242, 0.15908790164, 0.51994145418, 0.16791993341, 0.047242838348],
      [0.00018735716466, 0.14676936631, 0.0025172570735, 0.83605143854, 0.014474580906],
      [0.046867503024, 0.2040465718, 0.11560951128, 0.32102852163, 0.31244789228]
    ],
    [
      [0.00010989793053, 0.11025215723, 0.017791249945, 0.83620797582, 0.035638719072],
      [0.46804256572, 0.070412379867, 0.41833661453, 0.014402695833, 0.028805744041],
      [0.12651604808, 0.17886385302, 0.47086404552, 0.15610249582, 0.067653557558],
      [0.00023483006288, 0.17207414118, 0.0023937055949, 0.80367878918, 0.021618533981],
      [0.04958557196, 0.20219716651, 0.092798474502, 0.26252521216, 0.39289357487]
    ],
    [
      [7.3704548225e-07, 0.0048026994879, 0.0011514260279, 0.98834721723, 0.0056979202112],
      [0.00028954122298, 0.074635215342, 0.66962863358, 0.15016227538, 0.10528433447],
      [0.0029703031994, 0.056211947495, 0.23952752114, 0.62351590608, 0.077774322085],
      [1.5686847254e-06, 0.006619925348, 0.00015788430501, 0.98968831371, 0.003532307952],
      [0.00059801474346, 0.020667729049, 0.015120928019, 0.47075161185, 0.49286171634]
    ],
    [
      [0.00013293663653, 0.083538795301, 0.012304827814, 0.90023079736, 0.0037926428865],
      [0.8138107295, 0.02177271886, 0.15842612617, 0.0045978389655, 0.0013925865057],
      [0.2449600278, 0.14885279521, 0.46468043516, 0.13369612141, 0.0078106204226],
      [0.00028780778773, 0.1342051231, 0.0016748642645, 0.86143819762, 0.0023940072288],
      [0.12678872588, 0.28832606601, 0.12660934846, 0.40870415977, 0.049571699877]
    ],
    [
      [4.5894859763e-05, 0.098992218636, 0.010310492415, 0.86903626799, 0.021615126097],
      [0.36511413425, 0.11847210929, 0.45561567319, 0.028046339842, 0.032751743432],
      [0.076505087451, 0.23289967398, 0.39575326488, 0.23536044974, 0.059481523945],
      [9.7656563164e-05, 0.15382110943, 0.0013814810573, 0.83164014321, 0.013059609744],
      [0.026987465166, 0.23692605738, 0.070147313802, 0.35627094034, 0.30966822331]
    ],
    [
      [3.6491879818e-05, 0.074070979786, 0.0091833257979, 0.89587277231, 0.020836430229],
      [0.34278041863, 0.10530136354, 0.47997521866, 0.034456046639, 0.037486952519],
      [0.068397402912, 0.19639234, 0.39631851298, 0.27426555666, 0.064626187446],
      [7.8715784461e-05, 0.1166404671, 0.0012474053294, 0.86926974369, 0.012763668101],
      [0.023128864198, 0.19116902761, 0.067358474725, 0.39704148917, 0.3213021443]
    ],
    [
      [0.00036777896002, 0.029152213824, 0.0036377568495, 0.96415132132, 0.0026909290457],
      [0.99986500133, 2.8646889043e-05, 8.4610534162e-05, 1.7915922279e-05, 3.8253216583e-06],
      [0.79684212066, 0.033148560491, 0.080681351015, 0.085837887678, 0.0034900801584],
      [0.0008163489796, 0.046668220096, 0.00051150096796, 0.95027590358, 0.0017280263783],
      [0.41063201088, 0.098165612112, 0.034871528878, 0.41422274298, 0.042108105148]
    ],
    [
      [2.181349358e-05, 0.067859059338, 0.0058289385791, 0.9089332055, 0.01735698309],
      [0.30835575466, 0.14129334389, 0.45370148411, 0.050738171531, 0.045911245806],
      [0.051117953546, 0.22364259676, 0.31484252761, 0.34333172162, 0.067065200463],
      [4.7056022238e-05, 0.10688971358, 0.0007918667312, 0.8816420196, 0.010629344063],
      [0.015309813735, 0.19379207312, 0.047345462537, 0.44339160859, 0.30016104202]
    ],
    [
      [5.4501324689e-05, 0.13123821082, 0.014793251936, 0.83602447584, 0.017889560081],
      [0.33645299852, 0.11967146145, 0.50269640429, 0.020467648125, 0.020711487614],
      [0.073326700708, 0.24768801873, 0.45867052459, 0.18077803948, 0.039536716498],
      [0.00011405028002, 0.20070250508, 0.0019490402415, 0.78660640035, 0.010628004051],
      [0.030698852904, 0.30029910535, 0.096345373223, 0.3263070179, 0.24634965062]
    ],
    [
      [4.5886510413e-05, 0.096375653473, 0.014601032775, 0.86513464677, 0.023842780475],
      [0.30762729132, 0.096401346314, 0.54237534178, 0.023355019647, 0.030241000933],
      [0.065792906781, 0.19427261971, 0.48276213086, 0.20086757246, 0.056304770187],
      [9.8195721471e-05, 0.15062969073, 0.0019673572274, 0.83281802471, 0.014486731608],
      [0.025615482278, 0.21856812655, 0.094305281359, 0.33623940464, 0.32527170517]
    ],
    [
      [2.3890568234e-05, 0.073683912829, 0.0060700742231, 0.9009301558, 0.019291966584],
      [0.32036414285, 0.14244633585, 0.44327913529, 0.046420360827, 0.047490025186],
      [0.054015971749, 0.23308141394, 0.31627834689, 0.32495794147, 0.071666325945],
      [5.1409955285e-05, 0.11582318015, 0.00082260137573, 0.87152221852, 0.011780590009],
      [0.015957584548, 0.1999936081, 0.046903802387, 0.41612018074, 0.32102482423]
    ],
    [
      [4.4239506321e-05, 0.1138684984, 0.010165565221, 0.85033304076, 0.025588656104],
      [0.35368567362, 0.1342095156, 0.44681769965, 0.027014129106, 0.038272982023],
      [0.071661302806, 0.25876491666, 0.379157124, 0.22228740198, 0.068129254552],
      [9.3420639563e-05, 0.17564437815, 0.001351682919, 0.80757103375, 0.015339484538],
      [0.024015136365, 0.25108094758, 0.063814831505, 0.32098351616, 0.34010556839]
    ],
    [
      [2.6990256901e-05, 0.087541290423, 0.0077438534777, 0.88651535381, 0.018172512034],
      [0.29905394904, 0.1459696691, 0.47661367963, 0.039974155819, 0.038388546414],
      [0.053580911038, 0.24557812794, 0.35415459546, 0.28702150257, 0.059664863002],
      [5.7631607992e-05, 0.1364685065, 0.0010412558219, 0.85141388615, 0.011018719923],
      [0.017575611071, 0.23212913577, 0.058366272926, 0.40352618767, 0.28840279256]
    ],
    [
      [1.8802296245e-05, 0.08186216082, 0.008210551737, 0.89688697119, 0.013021513959],
      [0.23356891336, 0.14134483083, 0.5568427074, 0.039486012885, 0.028757535532],
      [0.038949215618, 0.23587728078, 0.39775849678, 0.28345158472, 0.0439634221],
      [4.0295476093e-05, 0.12846271812, 0.0011079096295, 0.86246954206, 0.0079195347214],
      [0.013593657481, 0.2415225892, 0.068856933879, 0.43672848797, 0.23929833147]
    ],
    [
      [9.5924996662e-05, 0.11450204515, 0.0063007990205, 0.87614089304, 0.0029603377894],
      [0.99999721965, 1.7743954072e-06, 6.2494035593e-07, 2.9890381682e-07, 8.2110375916e-08],
      [0.32670459019, 0.23942547557, 0.2939224474, 0.13312347532, 0.0068240115259],
      [0.00020691528052, 0.1857980361, 0.00086029217403, 0.81127044358, 0.0018643128597],
      [0.10450419683, 0.42934471398, 0.065769315332, 0.37204789028, 0.028333883582]
    ],
    [
      [8.7063551075e-06, 0.029825462463, 0.0039120049137, 0.95847452212, 0.0077793041474],
      [0.24870205447, 0.072197877272, 0.60098819898, 0.051795705584, 0.026316163688],
      [0.03349601458, 0.13061831465, 0.37650466045, 0.41686289126, 0.04251811906],
      [1.919833019e-05, 0.047751500149, 0.00054504088676, 0.94680471196, 0.0048795486785],
      [0.0088439630688, 0.11906382498, 0.046814409375, 0.59647985772, 0.22879794486]
    ],
    [
      [0.0001154564626, 0.14621967797, 0.021921685467, 0.80625340636, 0.025489773742],
