{
  "X": [
    [0, 2, 113, 2],
    [0, 16, 219, 5],
    [6, 65, 148, 3],
    [29, 202, 257, 17],
    [2, 4, 110, 1],
    [22, 179, 315, 28],
    [7, 61, 125, 0],
    [14, 113, 330, 17],
    [13, 152, 521, 10],
    [15, 126, 368, 9],
    [10, 171, 476, 20],
    [3, 37, 121, 3],
    [16, 139, 765, 11],
    [10, 48, 108, 2],
    [13, 53, 141, 2],
    [0, 25, 91, 2],
    [2, 7, 31, 0],
    [17, 63, 307, 22],
    [21, 140, 333, 16],
    [1, 15, 40, 2],
    [1, 6, 60, 1],
    [3, 14, 180, 6],
    [4, 25, 104, 2],
    [1, 12, 54, 3],
    [11, 144, 184, 7],
    [1, 7, 29, 0],
    [10, 63, 174, 4],
    [12, 91, 350, 12],
    [1, 5, 84, 5],
    [2, 9, 82, 1],
    [5, 26, 53, 0],
    [7, 18, 43, 3],
    [6, 34, 113, 4],
    [35, 181, 402, 27],
    [6, 73, 64, 3],
    [17, 97, 119, 9],
    [3, 8, 112, 2],
    [7, 26, 82, 2],
    [11, 88, 111, 4],
    [1, 0, 9, 9],
    [13, 33, 134, 4],
    [10, 88, 228, 7],
    [8, 42, 66, 1],
    [4, 4, 107, 2],
    [0, 13, 19, 3],
    [4, 70, 88, 9],
    [7, 35, 99, 4],
    [39, 433, 268, 14],
    [15, 151, 104, 5],
    [21, 319, 202, 22],
    [42, 478, 463, 28],
    [58, 645, 503, 37],
    [47, 406, 197, 25],
    [36, 203, 227, 13],
    [26, 224, 258, 11],
    [56, 289, 399, 13],
    [27, 542, 627, 24],
    [45, 466, 360, 23],
    [43, 443, 909, 13],
    [20, 177, 97, 4],
    [38, 614, 424, 32],
    [4, 80, 19, 2],
    [86, 715, 589, 30],
    [67, 576, 358, 30],
    [24, 184, 189, 13],
    [31, 254, 203, 10],
    [53, 454, 449, 26],
    [8, 8, 110, 7],
    [9, 150, 329, 14],
    [22, 128, 305, 5],
    [1, 9, 100, 1],
    [0, 3, 0, 1],
    [13, 355, 400, 19],
    [111, 909, 1777, 60],
    [12, 128, 164, 15],
    [138, 490, 833, 60],
    [20, 76, 140, 2]
  ],
  "W": [
    [6, 0, 4, 101, 1, 5],
    [27, 0, 17, 188, 4, 4],
    [8, 12, 51, 127, 17, 7],
    [15, 21, 210, 197, 27, 35],
    [6, 2, 6, 101, 1, 1],
    [21, 17, 185, 245, 38, 38],
    [7, 10, 53, 109, 5, 9],
    [29, 13, 144, 243, 19, 26],
    [19, 30, 188, 405, 36, 18],
    [20, 18, 146, 277, 33, 24],
    [26, 16, 199, 353, 45, 38],
    [8, 3, 42, 100, 8, 3],
    [46, 18, 198, 603, 35, 31],
    [9, 12, 40, 94, 3, 10],
    [8, 13, 46, 116, 12, 14],
    [2, 3, 24, 81, 7, 1],
    [0, 3, 8, 29, 0, 0],
    [34, 16, 68, 255, 19, 17],
    [14, 15, 143, 269, 32, 37],
    [7, 0, 16, 34, 0, 1],
    [3, 0, 6, 52, 2, 5],
    [19, 1, 15, 160, 4, 4],
    [4, 3, 22, 96, 7, 3],
    [3, 2, 15, 47, 2, 1],
    [12, 16, 132, 153, 21, 12],
    [3, 3, 5, 24, 1, 1],
    [15, 5, 81, 119, 10, 21],
    [22, 15, 116, 271, 19, 22],
    [4, 0, 6, 78, 4, 3],
    [5, 7, 12, 68, 0, 2],
    [2, 10, 24, 37, 7, 4],
    [0, 10, 17, 42, 2, 0],
    [9, 7, 32, 91, 9, 9],
    [26, 22, 183, 341, 39, 34],
    [4, 1, 84, 35, 8, 14],
    [2, 14, 106, 97, 9, 14],
    [7, 3, 9, 99, 5, 2],
    [3, 7, 20, 73, 9, 5],
    [2, 23, 73, 92, 16, 8],
    [1, 2, 6, 6, 0, 4],
    [11, 6, 36, 121, 5, 5],
    [19, 10, 97, 175, 9, 23],
    [4, 8, 44, 55, 2, 4],
    [2, 2, 6, 102, 0, 5],
    [0, 0, 13, 17, 3, 2],
    [2, 7, 56, 82, 12, 12],
    [3, 0, 31, 93, 11, 7],
    [11, 46, 364, 237, 47, 49],
    [3, 20, 123, 81, 26, 22],
    [11, 27, 279, 151, 50, 46],
    [27, 61, 439, 373, 50, 61],
    [27, 66, 595, 432, 67, 56],
    [13, 35, 371, 152, 53, 51],
    [10, 43, 185, 195, 20, 26],
    [17, 44, 187, 231, 26, 14],
    [12, 67, 262, 334, 38, 44],
    [34, 52, 492, 514, 73, 55],
    [15, 66, 430, 273, 40, 70],
    [43, 97, 331, 838, 54, 45],
    [5, 16, 161, 73, 26, 17],
    [23, 45, 553, 366, 62, 59],
    [1, 2, 78, 8, 5, 11],
    [26, 90, 643, 475, 96, 90],
    [19, 81, 549, 274, 56, 52],
    [13, 29, 155, 163, 31, 19],
    [9, 61, 205, 177, 24, 22],
    [24, 75, 393, 387, 49, 54],
    [10, 5, 12, 99, 0, 7],
    [15, 17, 141, 274, 29, 26],
    [21, 25, 95, 284, 20, 15],
    [7, 3, 14, 82, 2, 3],
    [0, 0, 4, 0, 0, 0],
    [10, 13, 347, 362, 37, 18],
    [83, 130, 894, 1482, 146, 122],
    [11, 16, 130, 135, 17, 10],
    [48, 124, 503, 666, 54, 126],
    [4, 27, 67, 129, 2, 9]
  ],
  "method": "mvn_pdf",
  "cond_prob": [
    [
      [0.00012952727999, 3.5833130618e-05, 0.97000392582, 0.029830713769],
      [0.28072283168, 0.42742337307, 0.26374131446, 0.028112480784],
      [0.009803915975, 0.50361933638, 0.44395412092, 0.042622626726],
      [0.0010885935081, 0.0031551605289, 0.9893065829, 0.0064496630612],
      [0.0031659855228, 0.22559756742, 0.74959162936, 0.021644817694],
      [0.077580212568, 0.11193513975, 0.67425105415, 0.13623359354]
    ],
    [
      [0.00020032114656, 9.3566467632e-05, 0.95229804438, 0.047408068007],
      [0.22326430502, 0.60295923249, 0.14888553245, 0.024890930046],
      [0.0084846582087, 0.70263364882, 0.25094642041, 0.037935272563],
      [0.0017046290728, 0.0083503378583, 0.97961178419, 0.010333248876],
      [0.0035773811132, 0.43110826716, 0.5403419643, 0.024972387427],
      [0.09255293312, 0.22852871065, 0.51695162854, 0.16196672768]
    ],
    [
      [0.00053341052377, 0.00020517310133, 0.96294019578, 0.036321220592],
      [0.286756188, 0.62949745169, 0.074244692707, 0.0095016675974],
      [0.012804040578, 0.82853826935, 0.1422385629, 0.016419127177],
      [0.0044544767975, 0.01794255153, 0.96983199266, 0.0077709790114],
      [0.0064079004232, 0.61749975774, 0.36326242659, 0.012829915253],
      [0.18064867335, 0.35693306032, 0.37400250689, 0.088415759438]
    ],
    [
      [0.0011265500172, 0.00018239382393, 0.93118169781, 0.067509358347],
      [0.48040182405, 0.4458893123, 0.059305583094, 0.014403280561],
      [0.029194594956, 0.78534988123, 0.15210467631, 0.033350847496],
      [0.0096179055931, 0.016302991518, 0.95929594958, 0.014783153306],
      [0.014410462526, 0.57912571139, 0.38083561757, 0.025628208517],
      [0.30861110365, 0.25736144504, 0.29968658301, 0.1343408683]
    ],
    [
      [0.00038389617132, 4.6058978509e-05, 0.97469515708, 0.024874887768],
      [0.55161388448, 0.29283644519, 0.14302479277, 0.012524877565],
      [0.025834499356, 0.56244815028, 0.38139626191, 0.030321088451],
      [0.0032205720925, 0.0040370713494, 0.98738033055, 0.0053620260094],
      [0.0089069806647, 0.27485959069, 0.69942678251, 0.016806646136],
      [0.22160127987, 0.1217407326, 0.56381340965, 0.092844577879]
    ],
    [
      [0.0007176015303, 0.00014477454554, 0.88637671124, 0.11276091269],
      [0.41246479482, 0.47864211269, 0.076420418384, 0.032472674107],
      [0.022058518113, 0.73984063739, 0.17205787154, 0.066042972964],
      [0.0063996942875, 0.013519622579, 0.95431787678, 0.025762806353],
      [0.010492429569, 0.52554022959, 0.41507617451, 0.048891166336],
      [0.21498943678, 0.22424306341, 0.31370054906, 0.24706695075]
    ],
    [
      [0.00072358363629, 0.00024685153757, 0.97779841091, 0.021231153912],
      [0.31801772077, 0.61682437956, 0.06063444326, 0.0045234564064],
      [0.014818683389, 0.85496523388, 0.12202241248, 0.0081936702491],
      [0.0059498677769, 0.021252867118, 0.96830509228, 0.004492172825],
      [0.0077042064356, 0.66150122541, 0.32413567171, 0.0066588964441],
      [0.22376453225, 0.38947532844, 0.3405316433, 0.046228495998]
    ],
    [
      [0.00038932807282, 7.399169521e-05, 0.94706587468, 0.052470805548],
      [0.3976316281, 0.43212725838, 0.14356429535, 0.026676818176],
      [0.019792260434, 0.62610227136, 0.30323581749, 0.050869650712],
      [0.0033318303383, 0.0066306823937, 0.97850995606, 0.011527531205],
      [0.007686934964, 0.36261814678, 0.59891945472, 0.030775463532],
      [0.17125789465, 0.1681370558, 0.4917111502, 0.16889389935]
    ],
    [
      [0.00020962472846, 5.8498823685e-05, 0.97583269819, 0.023899178255],
      [0.29639412056, 0.47843536934, 0.20808393377, 0.017086576323],
      [0.012666650495, 0.58703977105, 0.37266792042, 0.027625658027],
      [0.0017581567904, 0.0051385327001, 0.98794218296, 0.0051611275498],
      [0.0044846673019, 0.31013270794, 0.67014773566, 0.015234889097],
      [0.11311693477, 0.16421387742, 0.62779451547, 0.09487467234]
    ],
    [
      [0.00036017531923, 7.6728685855e-05, 0.97187293663, 0.027690159365],
      [0.37546763438, 0.45898057411, 0.15109014908, 0.01446164243],
      [0.018212973522, 0.6452836197, 0.30974988144, 0.026753525335],
      [0.0030224534668, 0.0067424637679, 0.98425663034, 0.0059784524207],
      [0.0070135790861, 0.37068608732, 0.60625104178, 0.016049291814],
      [0.17085154253, 0.18823842048, 0.54493627455, 0.09597376244]
    ],
    [
      [0.00023966205527, 7.7288583591e-05, 0.95829629528, 0.041386754084],
      [0.28069607934, 0.5248186801, 0.16992578949, 0.024559451072],
      [0.012017495415, 0.64409026109, 0.30419802968, 0.03969421381],
      [0.0020344457734, 0.0068714548713, 0.98206084483, 0.0090332545236],
      [0.0046617499193, 0.37281454559, 0.59855876373, 0.023964940764],
      [0.11464265637, 0.19250254797, 0.54706027336, 0.1457945223]
    ],
    [
      [0.00041447945445, 0.00010389462446, 0.96386658132, 0.035615044605],
      [0.37362146732, 0.49775580643, 0.11420338824, 0.014419338015],
      [0.016857942993, 0.71702706222, 0.23887410712, 0.027240887664],
      [0.0034907535229, 0.0091605437631, 0.97967326055, 0.0076754421619],
      [0.007166656618, 0.45184967641, 0.5228592324, 0.018124434574],
      [0.18404875371, 0.22999367493, 0.474480914, 0.11147665736]
    ],
    [
      [0.00025538275088, 4.7228555496e-05, 0.97791998701, 0.021777401679],
      [0.37226149413, 0.39677251452, 0.21495311733, 0.016012874027],
      [0.017358165556, 0.53315714949, 0.42115817223, 0.028326512724],
      [0.0021399493222, 0.0041442306962, 0.98901646777, 0.0046993522094],
      [0.0057980573299, 0.26564401339, 0.7138197752, 0.014738154079],
      [0.13995520412, 0.13428095578, 0.63832905917, 0.087434780938]
    ],
    [
      [0.0011287999301, 0.00025634299458, 0.96337871674, 0.035236140339],
      [0.41486876799, 0.53005984005, 0.048930774846, 0.0061406171156],
      [0.022109034429, 0.85122462346, 0.11380053933, 0.012865802778],
      [0.0093483877533, 0.022223974585, 0.96096042439, 0.0074672132748],
      [0.011686311352, 0.66964530822, 0.30802538028, 0.010643000147],
      [0.30170700919, 0.34725268052, 0.28532316076, 0.06571714953]
    ],
    [
      [0.00090618855144, 0.00014900535829, 0.97256277699, 0.026382029104],
      [0.47921493048, 0.44153603192, 0.072528480232, 0.0067205573608],
      [0.027945079342, 0.77239617966, 0.18428563536, 0.015373105635],
      [0.0075286408229, 0.012958083874, 0.9738825242, 0.0056307511076],
      [0.013028963005, 0.53612393778, 0.4396453612, 0.011201738007],
      [0.30715246684, 0.25621713143, 0.37328820307, 0.063342198657]
    ],
    [
      [0.00014565656745, 0.00011652637366, 0.96325325349, 0.036484563568],
      [0.1473920483, 0.69854682935, 0.13624075133, 0.017820371019],
      [0.005418623018, 0.75381381793, 0.21533871686, 0.025428842189],
      [0.0012243083653, 0.010285290629, 0.9806508759, 0.0078395251045],
      [0.0023938749159, 0.48894605146, 0.49111069997, 0.017549373659],
      [0.065868051393, 0.28682073562, 0.51841164596, 0.12889956702]
    ],
    [
      [0.00043263569992, 7.4864799728e-05, 0.99216552551, 0.0073269739875],
      [0.53388660027, 0.37430570522, 0.089007633895, 0.002800060613],
      [0.023002890281, 0.72340997518, 0.24668295266, 0.0069041818739],
      [0.0035884213462, 0.0064983061605, 0.9882193413, 0.0016939311946],
      [0.0092388496921, 0.41680267808, 0.56931478808, 0.004643684155],
      [0.27370576772, 0.20562429724, 0.49673156182, 0.023938373218]
    ],
    [
      [0.00071981094828, 8.9461349543e-05, 0.8531921651, 0.1459985626],
      [0.50724072728, 0.35553102638, 0.087363840779, 0.049864405564],
      [0.030300373764, 0.62884668652, 0.2248133522, 0.11603958752],
      [0.0066402021981, 0.0086395504203, 0.95035094354, 0.034369303843],
      [0.013207909022, 0.40855064972, 0.49932516624, 0.078916275018],
      [0.22267876696, 0.14170254697, 0.30744611938, 0.32817256669]
    ],
    [
      [0.00068453500523, 0.00012824406978, 0.94345228909, 0.055734931837],
      [0.43065205266, 0.46317037823, 0.08863048509, 0.017547084016],
      [0.023568574111, 0.73502872527, 0.20480277562, 0.036599925001],
      [0.0058348373028, 0.011445925549, 0.97052610351, 0.012193133639],
      [0.010630405433, 0.4947843954, 0.46888228875, 0.025702910417],
      [0.23899414763, 0.23113642567, 0.38806020103, 0.14180922567]
    ],
    [
      [0.00068568611444, 0.00027379809966, 0.92417357386, 0.074866941931],
      [0.34988147292, 0.59520350557, 0.042863312682, 0.012051708819],
      [0.011544042161, 0.88046400692, 0.085946879341, 0.022045071581],
      [0.0058883375728, 0.024561506549, 0.95370443559, 0.015845720285],
      [0.006503832456, 0.72267106851, 0.25129066503, 0.019534434006],
      [0.2222330547, 0.38541533369, 0.25425374199, 0.13809786962]
    ],
    [
      [0.00024595049868, 6.9456248844e-05, 0.97803813517, 0.021646458086],
      [0.33584532291, 0.49842440905, 0.15338661213, 0.01234365591],
      [0.012640425067, 0.67455938773, 0.29185832562, 0.020941861579],
      [0.0020519359502, 0.0060741078952, 0.98720819082, 0.0046657653336],
      [0.004989422659, 0.3745111482, 0.60749849177, 0.013000937369],
      [0.13761332123, 0.19534292999, 0.58115072668, 0.085893022098]
    ],
    [
      [0.00058543555187, 9.2353984638e-05, 0.92674807499, 0.072574135476],
      [0.48706467722, 0.39117149484, 0.096461121078, 0.025302706862],
      [0.024597065606, 0.68062575323, 0.23817857287, 0.056598608289],
      [0.0050832785129, 0.0083882916064, 0.97052521668, 0.016003213197],
      [0.010533195696, 0.42657928672, 0.52483916159, 0.038048355998],
      [0.23107952702, 0.17718225001, 0.39562208941, 0.19611613356]
    ],
    [
      [0.00092031812594, 0.00016942658529, 0.9602973043, 0.038612950985],
      [0.48105856222, 0.44903876229, 0.061442734043, 0.0084599414422],
      [0.025134424854, 0.79882845579, 0.15656947155, 0.019467647813],
      [0.0077169057418, 0.014854681518, 0.96918937411, 0.0082390386329],
      [0.012283523831, 0.57792594645, 0.39484349251, 0.014947037208],
      [0.30931689609, 0.27150855482, 0.33381678148, 0.085357767611]
    ],
    [
      [0.0002021597319, 6.9605586191e-05, 0.90374298407, 0.095985250612],
      [0.29146172347, 0.50858421605, 0.14661611512, 0.053337945369],
      [0.010412280197, 0.63473652201, 0.26635113687, 0.088500060919],
      [0.001782883434, 0.0064376839393, 0.97089639714, 0.020883035485],
      [0.0041856320312, 0.37015106711, 0.56960613155, 0.056057169307],
      [0.086185278375, 0.15475302943, 0.43218598802, 0.32687570417]
    ],
    [
      [0.00077951456457, 0.00026231058191, 0.94554745965, 0.053410715207],
      [0.31838604143, 0.61384965815, 0.056945451729, 0.010818848699],
      [0.015153047963, 0.85029293348, 0.1148522637, 0.019701754853],
      [0.0065530350267, 0.023086787769, 0.95885894405, 0.011501233153],
      [0.0079810064408, 0.66865436239, 0.30719951673, 0.01616511444],
      [0.21563937164, 0.37321083897, 0.30432069779, 0.10682909159]
    ],
    [
      [0.00021519028433, 0.00011079332837, 0.98992766305, 0.0097463533365],
      [0.22685615489, 0.66823048595, 0.10087000369, 0.0040433554699],
      [0.0082518429339, 0.80866193301, 0.17684822847, 0.0062379955903],
      [0.0017797723169, 0.0096290128959, 0.98641134485, 0.0021798699412],
      [0.0038299329185, 0.53253417917, 0.45882554033, 0.0048103475815],
      [0.11955706775, 0.32440335063, 0.52146493895, 0.034574642675]
    ],
    [
      [0.00043451777764, 6.7964899693e-05, 0.97812170207, 0.021375815251],
      [0.45021212791, 0.39399187198, 0.14500564394, 0.01079035618],
      [0.023727810048, 0.62118400012, 0.33279715647, 0.022291033358],
      [0.0036298293323, 0.0059439597495, 0.9858280083, 0.0045982026159],
      [0.0088413430959, 0.34424347661, 0.63396196762, 0.012953212674],
      [0.21035547919, 0.16774542249, 0.54728891426, 0.074610184063]
    ],
    [
      [0.0003058940907, 6.2203395612e-05, 0.96226637224, 0.037365530269],
      [0.37161772889, 0.43252865281, 0.17325146407, 0.022602154228],
      [0.017544690783, 0.59434554097, 0.34722256159, 0.040887206656],
      [0.0025902917599, 0.0055159607756, 0.98376197091, 0.0081317765534],
      [0.00641609169, 0.32387551232, 0.64640561007, 0.023302785927],
      [0.15006402469, 0.15783887254, 0.55776120046, 0.13433590232]
    ],
    [
      [0.00029433276295, 5.223625666e-05, 0.81947283783, 0.18018059315],
      [0.43422459562, 0.34449312694, 0.12797004628, 0.093312231152],
      [0.01629497116, 0.52999906186, 0.27245729929, 0.18124866769],
      [0.0028079811663, 0.0052182704753, 0.94985081079, 0.042122937565],
      [0.006578392224, 0.30442101329, 0.57455145868, 0.11444913581],
      [0.10666432206, 0.09084794392, 0.31819564813, 0.48429208589]
    ],
    [
      [9.3805880063e-05, 2.5879899007e-05, 0.98335974413, 0.016520570089],
      [0.25580636279, 0.39252520332, 0.33168128997, 0.019987143918],
      [0.0089086023655, 0.42491123424, 0.53708759267, 0.029092570719],
      [0.0007799227067, 0.0022551024809, 0.99338220312, 0.0035827716879],
      [0.0024755986063, 0.17056002249, 0.81389906156, 0.013065317341],
      [0.062357323017, 0.090045162323, 0.76190881158, 0.085688703077]
    ],
    [
      [0.00030335586663, 7.7437078207e-05, 0.98946097399, 0.010158233068],
      [0.35176396226, 0.49394792099, 0.14871008431, 0.0055780324415],
      [0.015643004551, 0.6758017721, 0.29856688828, 0.0099883350646],
      [0.0025163908609, 0.0067267431498, 0.98854873641, 0.0022081295816],
      [0.006019555213, 0.38504222168, 0.60289247269, 0.0060457504164],
      [0.1634333264, 0.21121790703, 0.58645741311, 0.03889135345]
    ],
    [
      [0.0013352372779, 0.00015147174696, 0.8270371334, 0.17147615757],
      [0.59249594477, 0.33802391194, 0.041014838227, 0.028465305062],
      [0.038660188225, 0.74550168961, 0.13170468446, 0.084133437711],
      [0.012446048983, 0.014747197334, 0.93484323463, 0.037963519049],
      [0.019566949571, 0.56125927694, 0.35213663287, 0.067037140623],
      [0.32748011037, 0.17804138283, 0.19887328012, 0.29560522669]
    ],
    [
      [0.0005173289431, 0.00011388064323, 0.95639248404, 0.042976306375],
      [0.39829189666, 0.48550759083, 0.10072269782, 0.015477814685],
      [0.019557585784, 0.72992424438, 0.22004529346, 0.030472876371],
      [0.0043747086363, 0.010083385033, 0.97625546735, 0.0092864389831],
      [0.008570125918, 0.47439712564, 0.49613861356, 0.020894134887],
      [0.20881920719, 0.23291342253, 0.43417284503, 0.12409452525]
    ],
    [
      [0.0014275160596, 0.00016490849307, 0.89271192732, 0.10569564813],
      [0.55854813417, 0.36873819781, 0.052118895836, 0.020594772187],
      [0.039139105639, 0.75118614986, 0.15451588039, 0.055158864112],
      [0.012567855558, 0.015199082664, 0.94838735798, 0.023845703794],
      [0.019271983344, 0.55260850402, 0.38582649648, 0.042293016158],
      [0.34895416279, 0.20728943176, 0.25633982821, 0.18741657724]
    ],
    [
      [0.00060086132665, 0.00013561436406, 0.97084820886, 0.028415315452],
      [0.40227207908, 0.49853838555, 0.090091623117, 0.0090979122439],
      [0.020101137243, 0.76161310149, 0.20012811632, 0.01815764494],
      [0.0050139996929, 0.011846161741, 0.97705100598, 0.0060888325824],
      [0.009109267219, 0.51399213138, 0.4640836091, 0.012814992302],
      [0.23318069911, 0.26444060417, 0.4239443377, 0.078434359019]
    ],
    [
      [0.0013311490134, 0.00017228346171, 0.91804901646, 0.080447551067],
      [0.54071552229, 0.39033199543, 0.053205803142, 0.015746679146],
      [0.035709387011, 0.77066452138, 0.15279730514, 0.040828786474],
      [0.01147688744, 0.015545604273, 0.95529495027, 0.017682558019],
      [0.017598162986, 0.56709649868, 0.38395675503, 0.031348583304],
      [0.34792595725, 0.2279498876, 0.27344151678, 0.15068263837]
    ],
    [
      [0.00044966176551, 5.5146632281e-05, 0.96514444169, 0.03435074991],
      [0.53940387964, 0.31415146173, 0.1305517741, 0.015892884537],
      [0.027408052591, 0.58649605934, 0.34775809913, 0.038337788939],
      [0.0037970970697, 0.0048691639292, 0.98392694776, 0.007406791244],
      [0.009891852877, 0.30793107661, 0.66017518161, 0.022001888896],
      [0.23118393145, 0.13390355123, 0.51619535282, 0.1187171645]
    ],
    [
      [0.0011721850764, 0.00016824551764, 0.95922701625, 0.039432553157],
      [0.53432227646, 0.4025336858, 0.055291215395, 0.0078528223384],
      [0.032319656493, 0.79091642438, 0.15672368717, 0.020040231963],
      [0.009812593531, 0.014731580623, 0.96705702916, 0.0083987966816],
      [0.01577564512, 0.57331096391, 0.3955466305, 0.015366760474],
      [0.35908586025, 0.2506087216, 0.30897073232, 0.081334685824]
    ],
    [
      [0.00065896624069, 0.00021015070071, 0.95424060038, 0.044890282678],
      [0.32589318461, 0.59485919095, 0.068324432664, 0.010923191771],
      [0.015506758121, 0.8262200153, 0.13832210416, 0.019951122421],
      [0.0055311183465, 0.018469631148, 0.96636315767, 0.0096360928396],
      [0.0078122822841, 0.62102031594, 0.35549549575, 0.015671906024],
      [0.20821385756, 0.34165343335, 0.34730648822, 0.10282622087]
    ],
    [
      [2.7835865319e-07, 2.4024926305e-08, 0.0010385711646, 0.99896112645],
      [0.0013002893124, 0.00048021417463, 0.00048814206236, 0.99773135445],
      [2.0820767514e-05, 0.00031038867409, 0.00048080676157, 0.9991879838],
      [1.8389101014e-05, 1.6772608389e-05, 0.0099576426573, 0.99000719563],
      [1.4103300902e-05, 0.00029365540742, 0.001964221183, 0.99772802011],
      [1.2642524228e-05, 5.584677523e-06, 6.2640090088e-05, 0.99991913271]
    ],
    [
      [0.0046582535935, 0.00016565366243, 0.93934374036, 0.055832352384],
      [0.832273757, 0.14334418715, 0.020297233754, 0.0040848220923],
      [0.1185902964, 0.71138607567, 0.14384545425, 0.026178173679],
      [0.03859857919, 0.01432678853, 0.93533435553, 0.011740276754],
      [0.060426801235, 0.54079187631, 0.37779963102, 0.020981691436],
      [0.69315098831, 0.1132822386, 0.14101009617, 0.052556676925]
    ],
    [
      [0.00042621679175, 0.00011110391473, 0.96589338233, 0.033569296962],
      [0.34897618091, 0.52114220051, 0.11623923449, 0.013642384087],
      [0.016586568592, 0.72347200624, 0.23506107177, 0.024880353395],
      [0.0035811237873, 0.0097757309831, 0.97939575988, 0.0072473853513],
      [0.0071186069987, 0.46242560243, 0.51381261791, 0.016643172667],
      [0.17948020384, 0.24152987344, 0.47611097074, 0.10287895197]
    ],
    [
      [0.0013795540881, 0.00019123237193, 0.97122913319, 0.027200080351],
      [0.54768184566, 0.39857616578, 0.048941364446, 0.0048006241151],
      [0.034566509025, 0.8088415759, 0.14389540345, 0.012696511622],
      [0.011411083445, 0.016539087232, 0.9662882714, 0.0057615579202],
      [0.017258775982, 0.60163931089, 0.37115524984, 0.0099466632872],
      [0.39380176788, 0.26440827202, 0.29003099221, 0.05175896789]
    ],
    [
      [0.00067290277458, 5.2553779084e-05, 0.96388438967, 0.035390153773],
      [0.64635687052, 0.23781397014, 0.10273286212, 0.013096297219],
      [0.041058232637, 0.57470741072, 0.34465325639, 0.039581100249],
      [0.0056812091709, 0.0046338707849, 0.98206684397, 0.0076180760724],
      [0.01493792444, 0.29954997171, 0.66262938359, 0.022882720256],
      [0.316207116, 0.11438367947, 0.45950483313, 0.10990437141]
    ],
    [
      [0.00013880095599, 0.00014711411988, 0.68099206623, 0.3187220187],
      [0.099927401554, 0.7220662046, 0.069953398372, 0.10805299547],
      [0.0036874681033, 0.74345014423, 0.10402453556, 0.1488378521],
      [0.0014767387228, 0.016587357308, 0.90561811556, 0.076317788406],
      [0.0020056774736, 0.58198547396, 0.2931490232, 0.12285982537],
      [0.024491454068, 0.17186604832, 0.15995202994, 0.64369046767]
    ],
    [
      [0.00059558314314, 0.00032283839438, 0.83095759676, 0.1681239817],
      [0.22351462215, 0.70065802831, 0.045160003195, 0.030667346346],
      [0.0093827329901, 0.86049829896, 0.080580730376, 0.049538237673],
      [0.0054792462732, 0.031118070391, 0.92440544561, 0.038997237727],
      [0.0052762245721, 0.7209311643, 0.23046100251, 0.043331608619],
      [0.13353961317, 0.37481965941, 0.21416967385, 0.27747105356]
    ],
    [
      [0.0031123196166, 0.00022196199124, 0.92304937951, 0.073616338882],
      [0.72736450391, 0.24071586306, 0.025112068305, 0.0068075647227],
      [0.064893831001, 0.7899386569, 0.11666213073, 0.028505381367],
      [0.026320030512, 0.019586438025, 0.93839076031, 0.015702771152],
      [0.034393524079, 0.62434829386, 0.31758794802, 0.023670234047],
      [0.56929962261, 0.18097048436, 0.16574011479, 0.083989778233]
    ],
    [
      [0.0014579871044, 0.00046960438077, 0.93070812619, 0.067364282325],
      [0.33421265272, 0.62548176202, 0.032457172682, 0.0078484125756],
      [0.016846706817, 0.90024961551, 0.068044309095, 0.014859368573],
      [0.012110406411, 0.040842347608, 0.93267822197, 0.014369024011],
      [0.0097384798452, 0.77789853692, 0.19899511845, 0.013367864784],
      [0.26562521351, 0.44380154976, 0.20105859753, 0.089514639205]
    ],
    [
      [0.0010065640171, 0.00033359341637, 0.94835859545, 0.050301247121],
      [0.32558713216, 0.62089142823, 0.04539330116, 0.008128138446],
      [0.015848972419, 0.87589427249, 0.093201286389, 0.015055468705],
      [0.008375123405, 0.029062364772, 0.95184028114, 0.010722230682],
      [0.0087061604367, 0.71856317427, 0.25985227784, 0.01287838746],
      [0.24015780453, 0.40989314623, 0.26308602243, 0.086863026815]
    ],
    [
      [0.00080324397148, 0.00032031096828, 0.90357806698, 0.095298378084],
      [0.28182531533, 0.65307882249, 0.04813310988, 0.016962752304],
      [0.01305404571, 0.86455947863, 0.092835469764, 0.029551005896],
      [0.0069447636162, 0.029000694004, 0.94292486682, 0.021129675557],
      [0.0071690528589, 0.70948457473, 0.25809712833, 0.025249244079],
      [0.18960040071, 0.39262775327, 0.25300822141, 0.16476362461]
    ],
    [
      [0.00083184524456, 0.00027757341344, 0.93086782696, 0.06802275438],
      [0.31681233583, 0.61577144746, 0.054201316545, 0.013214900158],
      [0.015388891037, 0.85134506779, 0.10921583741, 0.024050203767],
      [0.0070605419923, 0.02467085217, 0.95343153261, 0.01483707323],
      [0.0081950109611, 0.67759742124, 0.29427865314, 0.019928914654],
      [0.21414480504, 0.37176821236, 0.28577904918, 0.12830793342]
    ],
    [
      [0.0013432853663, 0.00035633195994, 0.9060546225, 0.092245760175],
      [0.37295858245, 0.57550274562, 0.038483202848, 0.013055469082],
      [0.019785854771, 0.86951648043, 0.084730710415, 0.02596695438],
      [0.011503290717, 0.031951252433, 0.93625000417, 0.020295452683],
      [0.01106196691, 0.72676400788, 0.23958448621, 0.022589539002],
      [0.27137221074, 0.3740632751, 0.21820564614, 0.13635886802]
    ],
    [
      [0.0019922643176, 0.00037278353266, 0.88973811735, 0.1078968348],
      [0.45956207237, 0.49679295763, 0.031067976895, 0.012576993102],
      [0.027864762726, 0.86459613197, 0.078746378657, 0.028792726652],
      [0.017171088457, 0.033639153619, 0.92533765005, 0.023852107873],
      [0.015797805459, 0.73284998575, 0.22594911575, 0.025403093042],
      [0.34608383025, 0.33473772449, 0.18268375076, 0.1364946945]
    ],
    [
      [0.0015065296772, 0.00027364631471, 0.92517016548, 0.073049658524],
      [0.46248795857, 0.48380799946, 0.042467690573, 0.011236351403],
      [0.027808072585, 0.83928009862, 0.10727731226, 0.025634516529],
      [0.012781794793, 0.024307045882, 0.94702957553, 0.015881583798],
      [0.014902994591, 0.67212965581, 0.29157461762, 0.021392731979],
      [0.33227517229, 0.31145518645, 0.2393239642, 0.11694567706]
    ],
    [
      [0.0012680052554, 0.00036548524275, 0.92753076868, 0.070835740822],
      [0.35673811005, 0.59414529758, 0.039118910858, 0.0099976815074],
      [0.01833116129, 0.87804074541, 0.08419006116, 0.019438032139],
      [0.010673853833, 0.032210549587, 0.9418370227, 0.015278573882],
      [0.010255626731, 0.73409966561, 0.23870849242, 0.016936215242],
      [0.26640401058, 0.3968624992, 0.22876106832, 0.1079724219]
    ],
    [
      [0.0012315096513, 0.00021699122971, 0.95389043332, 0.044661065794],
      [0.46363652776, 0.47342387001, 0.054416316811, 0.0085232854199],
      [0.027920313372, 0.81607445507, 0.13667700137, 0.019328230187],
      [0.010285493298, 0.018975824117, 0.96115249438, 0.0095861882079],
      [0.014172904157, 0.61906374361, 0.35148878693, 0.015274565302],
      [0.32300475676, 0.29506970997, 0.29650737318, 0.085418160089]
    ],
    [
      [0.00056983372909, 0.00026884888269, 0.94764529393, 0.05151602346],
      [0.24664263657, 0.67906652849, 0.06288839444, 0.011402440492],
      [0.010928299168, 0.85478299815, 0.11539274364, 0.018895959043],
      [0.0047860640931, 0.023646409362, 0.96044109099, 0.011126435559],
      [0.0057471990768, 0.67181923898, 0.30697115694, 0.015462404995],
      [0.16369232544, 0.40235087236, 0.32540310127, 0.10855370092]
    ],
    [
      [0.00081845008655, 0.00026955459434, 0.94034648391, 0.058565511408],
      [0.31936931858, 0.61287699816, 0.056087373458, 0.011666309801],
      [0.015562715246, 0.849798141, 0.11334812801, 0.021291015751],
      [0.0068997950528, 0.02379616443, 0.95661404674, 0.012689993777],
      [0.0082239686141, 0.6711579125, 0.30311157795, 0.017506540933],
      [0.21700424074, 0.37190813432, 0.29728031422, 0.11380731072]
    ],
    [
      [0.00076032077327, 0.00033307437873, 0.95950727695, 0.039399327899],
      [0.26463796859, 0.67718172013, 0.051172736404, 0.0070075748743],
      [0.012098474841, 0.87911461632, 0.096813719759, 0.011973189083],
      [0.0062824452328, 0.028820232364, 0.95652340944, 0.008373912959],
      [0.0065957559837, 0.71624107732, 0.26700275479, 0.010160411911],
      [0.19347192788, 0.4416393478, 0.29151404337, 0.073374680947]
    ],
    [
      [0.00194552479, 0.0003506225401, 0.94910966787, 0.048594184799],
      [0.4757264868, 0.48456639606, 0.033858591321, 0.0058485258182],
      [0.028991068621, 0.8689245987, 0.088322329831, 0.013762002847],
      [0.016041710197, 0.030255220878, 0.94343869947, 0.010264369459],
      [0.016127088381, 0.7225541053, 0.24939172669, 0.011927079632],
      [0.37681066909, 0.34501022831, 0.21108236623, 0.067096736367]
    ],
    [
      [0.0010699389012, 0.00040636456502, 0.90844430681, 0.09007938972],
      [0.29542918423, 0.65349237193, 0.038389596715, 0.012688847129],
      [0.014093686826, 0.88727511941, 0.075953329987, 0.022677863776],
      [0.0091244993417, 0.03628775619, 0.93485296617, 0.019734778299],
      [0.0080086113265, 0.7536792316, 0.21826212437, 0.020050032698],
      [0.21722728319, 0.4289763771, 0.21989501434, 0.13390132537]
    ],
    [
      [0.00080590696853, 0.00035271327267, 0.95292028693, 0.045921092831],
      [0.27396640599, 0.67332107618, 0.045160908951, 0.0075516088822],
      [0.012024135054, 0.88845385465, 0.086507357006, 0.013014653289],
      [0.0066823055682, 0.030619178335, 0.95298604767, 0.009712468428],
      [0.0066887447741, 0.73667435782, 0.24536636727, 0.011270530132],
      [0.20302928975, 0.44829458046, 0.26645188511, 0.082224244677]
    ],
    [
      [0.0013726647731, 0.00030691034935, 0.93903179622, 0.059288628656],
      [0.41167700008, 0.53605528163, 0.04318007359, 0.009087644694],
      [0.023146113357, 0.85710727002, 0.10062111964, 0.019125496984],
      [0.011494948648, 0.026912082113, 0.94882538488, 0.012767584364],
      [0.012558098007, 0.69520678564, 0.27608888858, 0.016146227769],
      [0.3033870745, 0.35280459927, 0.24787058967, 0.095937736559]
    ],
    [
      [0.0014032090555, 0.00030059854748, 0.91816499552, 0.080131196877],
      [0.42125566425, 0.52440494042, 0.042087906134, 0.01225148919],
      [0.023966606264, 0.8504054299, 0.099473281428, 0.026154682412],
      [0.011952198711, 0.026809475989, 0.94370386364, 0.017534461656],
      [0.013030255353, 0.6912203067, 0.27362270694, 0.02212673101],
      [0.30216468038, 0.33617419449, 0.23543064427, 0.12623048086]
    ],
    [
      [0.0014952891904, 0.00033510196016, 0.90320223552, 0.094967373324],
      [0.41547869184, 0.53411380151, 0.037285571963, 0.013121934684],
      [0.023112496104, 0.86152224642, 0.087533541421, 0.027831716052],
      [0.012845882989, 0.030137713373, 0.93615406606, 0.020862337577],
      [0.012856011395, 0.71613511994, 0.2469011037, 0.024107764964],
      [0.30150926338, 0.34752131551, 0.21242356212, 0.13854585899]
    ],
    [
      [0.0011432378459, 0.00037543357352, 0.93255494478, 0.065926383803],
      [0.32693582128, 0.6233310877, 0.040207540362, 0.0095255506545],
      [0.016190744433, 0.88307342377, 0.082980584574, 0.017755247227],
      [0.0095847820409, 0.032957856306, 0.94328684663, 0.014170515021],
      [0.0090757354572, 0.73974960652, 0.23567952867, 0.015495129349],
      [0.24479643247, 0.41691997027, 0.23538749492, 0.10289610234]
    ],
    [
      [0.0011765971638, 0.00033197705173, 0.92255591956, 0.075935506221],
      [0.35782392849, 0.5875862601, 0.042829194348, 0.011760617059],
      [0.018525221725, 0.8666021985, 0.09204323579, 0.022829343987],
      [0.0099776990186, 0.029478529861, 0.94400233302, 0.016541438098],
      [0.010206119641, 0.71364444555, 0.25657638417, 0.019573050634],
      [0.25824994815, 0.37876487043, 0.24105450779, 0.12193067363]
    ],
    [
      [0.0011089508878, 5.9284582916e-05, 0.85857399892, 0.14025776561],
      [0.70978348199, 0.18829963082, 0.065699202968, 0.03621768422],
      [0.058453701439, 0.53985109965, 0.26791179806, 0.13378340084],
      [0.01016891917, 0.00568107699, 0.95193623931, 0.032213764532],
      [0.023693251698, 0.32070714097, 0.56980095251, 0.085798654824],
      [0.34051618072, 0.08663768453, 0.27695660448, 0.29588953027]
    ],
    [
      [0.00037933474883, 0.00016051356974, 0.94356162971, 0.055898521967],
      [0.25605713022, 0.62904679569, 0.095867675921, 0.019028398174],
      [0.011108960056, 0.78360932156, 0.17408047511, 0.031201243266],
      [0.0032313656249, 0.014320634584, 0.97022822475, 0.012219775041],
      [0.0052599166518, 0.55354241804, 0.41819974058, 0.022997924724],
      [0.13826720535, 0.30437007201, 0.40777114222, 0.14959158043]
    ],
    [
      [0.0016919101122, 0.00037626638585, 0.95366787699, 0.044263946513],
      [0.42194338414, 0.53755005636, 0.03505031262, 0.0054562468802],
      [0.02371716187, 0.88109019953, 0.083462445282, 0.01173019332],
      [0.013900773029, 0.0323620333, 0.94441095046, 0.0093262432139],
      [0.013314130426, 0.73869502247, 0.23772214203, 0.010268705068],
      [0.33559126829, 0.38285502542, 0.2188832331, 0.06267047318]
    ],
    [
      [0.00011364011081, 3.0725795735e-05, 0.98296204096, 0.016893593137],
      [0.27760772294, 0.40420885593, 0.30002033419, 0.018163086944],
      [0.0097734143636, 0.46086227525, 0.50201555775, 0.027348752629],
      [0.0009462761247, 0.0026824580048, 0.992713821, 0.0036574448668],
      [0.002890960891, 0.19636415304, 0.78789160901, 0.012853277064],
      [0.073924436296, 0.10361039966, 0.73934360686, 0.083121557182]
    ],
    [
      [2.2059791123e-09, 4.8089978739e-07, 0.00019681552583, 0.99980270137],
      [0.41407418476, 0.52413183854, 0.042493097076, 0.019300879628],
      [5.4425568945e-07, 0.17599619202, 0.0033357330324, 0.82066753069],
      [2.5813336168e-06, 0.010756018476, 0.4650793523, 0.52416204789],
      [1.5044830272e-06, 0.21870054212, 0.010576706199, 0.7707212472],
      [0.25645569774, 0.30493178072, 0.24823189026, 0.19038063129]
    ],
    [
      [0.00073936336508, 0.00031487046822, 0.92288354684, 0.076062219323],
      [0.26971079861, 0.66526081416, 0.050998062742, 0.01403032449],
      [0.012256550717, 0.86686313813, 0.096815639443, 0.02406467171],
      [0.0063009168954, 0.0280951976, 0.94897011387, 0.016633771635],
      [0.0066792131685, 0.70587245193, 0.26704208534, 0.020406249564],
      [0.18393684528, 0.40590350311, 0.27203481417, 0.13812483744]
    ],
    [
      [0.00075873057696, 0.00017046648834, 0.9510275199, 0.048043283038],
      [0.39419447851, 0.51690641671, 0.076101727746, 0.012797377035],
      [0.021102766627, 0.78486134895, 0.16844998677, 0.025585897649],
      [0.0064006492683, 0.015058764489, 0.96811086582, 0.01042972042],
      [0.010117019082, 0.56248463656, 0.40831264266, 0.019085701694],
      [0.24160790956, 0.28290583109, 0.36320750701, 0.11227875234]
    ],
    [
      [0.00078480152924, 0.00019908153536, 0.86193963718, 0.13707647976],
      [0.37207707205, 0.53636900944, 0.05976126316, 0.031792655356],
      [0.018720184624, 0.79111779561, 0.12838446757, 0.061777552203],
      [0.0071063681517, 0.018871421861, 0.94242026183, 0.031601948159],
      [0.0096048016333, 0.60615388497, 0.33488964081, 0.049351672588],
      [0.20621921615, 0.26847913165, 0.26308493514, 0.26221671706]
    ],
    [
      [0.001377720798, 0.00015679954298, 0.91781607393, 0.080649405732],
      [0.55727223614, 0.3691753604, 0.056894458934, 0.016657944532],
      [0.03967770562, 0.74790996008, 0.16798894499, 0.044423389314],
      [0.011892042507, 0.014172261141, 0.95603728059, 0.017898415766],
      [0.019106035432, 0.53831856868, 0.40928824636, 0.033287149528],
      [0.35494638881, 0.21016026096, 0.28260064897, 0.15229270126]
    ],
    [
      [0.0015214766644, 0.00025044409881, 0.96413371221, 0.034094367031],
      [0.49158937087, 0.45871331708, 0.044351487837, 0.0053458242125],
      [0.030439577083, 0.83884283312, 0.11790214819, 0.01281544161],
      [0.012555574868, 0.021632933972, 0.95860158798, 0.0072099031821],
      [0.015986002402, 0.65733608062, 0.31616161109, 0.010516305893],
      [0.36838542399, 0.30920212612, 0.26404969842, 0.058362751469]
    ]
  ],
  "expected_outcome": [
    [
      [0.00077716367996, 0.005408670957, 0.0042672841902, 0.016898250258, 0.0023033770279, 0.015069632136, 0.005065085454, 0.011290514112, 0.0039828698408, 0.0072035063846, 0.006231213437, 0.0033158356356, 0.01174760654, 0.010159199371, 0.0072495084115, 0.0002913131349, 0, 0.024473572241, 0.0095834900733, 0.0047998028011, 0.00073785149604, 0.011123275486, 0.0036812725037, 0.00060647919571, 0.0093541747748, 0.000645570853, 0.0065177666646, 0.0067296699955, 0.0011773310518, 0.00046902940031, 0.00060671173326, 0, 0.0046559604879, 0.037115417549, 0.0024034453066, 0.0026622980267, 0.0031476323585, 0.0035165552293, 0.0013179324814, 2.7835865319e-07, 0.051240789528, 0.0080981190433, 0.0055182163524, 0.0013458055492, 0, 0.0011911662863, 0.0093369588498, 0.016037858149, 0.0030196920513, 0.0088356836862, 0.022459821603, 0.036268704889, 0.025899436129, 0.015065296772, 0.021556089341, 0.014778115816, 0.019374346789, 0.012276751298, 0.032693793251, 0.0097276239501, 0.024608594728, 0.00080590696853, 0.0356892841, 0.026660972055, 0.019438759475, 0.010289140613, 0.02823833193, 0.011089508878, 0.0056900212325, 0.035530112357, 0.00079548077567, 0, 0.0073936336508, 0.062974637888, 0.0086328168216, 0.066130598306, 0.0060859066575],
