{
  "X": [
    [10, 35, 132, 277, 33],
    [11, 57, 172, 439, 70],
    [9, 45, 111, 393, 24],
    [4, 6, 47, 158, 18],
    [34, 48, 133, 293, 30],
    [32, 41, 198, 299, 26],
    [25, 37, 125, 183, 19],
    [44, 98, 359, 517, 52],
    [29, 43, 244, 232, 36],
    [25, 36, 142, 252, 21],
    [22, 52, 252, 224, 29],
    [92, 159, 917, 1191, 131],
    [13, 34, 138, 156, 18],
    [47, 95, 380, 931, 61],
    [15, 25, 90, 156, 25],
    [40, 55, 256, 535, 37],
    [39, 56, 318, 441, 36],
    [26, 42, 190, 302, 36],
    [44, 72, 266, 623, 41],
    [1, 10, 26, 146, 13],
    [9, 23, 36, 69, 8],
    [5, 24, 102, 251, 23],
    [0, 15, 66, 308, 26],
    [3, 6, 14, 89, 7],
    [13, 30, 69, 317, 16],
    [2, 8, 18, 97, 20],
    [9, 24, 51, 195, 12],
    [7, 37, 104, 311, 32],
    [1, 22, 25, 92, 4],
    [20, 37, 97, 214, 23],
    [1, 27, 37, 257, 10],
    [3, 43, 71, 153, 8],
    [5, 0, 16, 93, 7],
    [5, 48, 150, 264, 30],
    [8, 47, 203, 267, 35],
    [9, 16, 54, 76, 13],
    [7, 40, 110, 202, 24],
    [11, 41, 78, 171, 11],
    [11, 59, 117, 399, 42],
    [3, 3, 14, 82, 3],
    [10, 17, 54, 147, 12],
    [0, 8, 18, 34, 3],
    [6, 11, 27, 82, 3],
    [5, 3, 13, 84, 8],
    [0, 7, 5, 59, 6],
    [20, 84, 251, 290, 40],
    [16, 59, 194, 219, 44],
    [11, 57, 156, 303, 27],
    [22, 19, 47, 138, 16],
    [10, 10, 33, 196, 7],
    [11, 28, 59, 84, 10],
    [58, 111, 313, 916, 78],
    [18, 19, 59, 132, 12],
    [1, 13, 22, 118, 13],
    [2, 7, 12, 59, 0],
    [0, 0, 1, 69, 2],
    [7, 38, 82, 257, 15],
    [7, 28, 93, 255, 19],
    [1, 2, 3, 35, 2],
    [19, 26, 85, 205, 22],
    [6, 27, 57, 159, 14],
    [5, 17, 57, 212, 20],
    [3, 9, 8, 77, 6],
    [3, 22, 55, 181, 19],
    [1, 32, 69, 191, 18],
    [11, 12, 38, 157, 17],
    [5, 23, 53, 170, 11],
    [2, 8, 9, 51, 1],
    [6, 7, 19, 164, 3],
    [11, 14, 36, 171, 16],
    [2, 9, 125, 194, 50],
    [99, 179, 676, 1705, 151],
    [12, 75, 170, 435, 47],
    [38, 206, 412, 954, 97],
    [5, 40, 58, 216, 18]
  ],
  "W": [
    [10, 40, 133, 259, 19, 26],
    [22, 59, 176, 410, 39, 43],
    [18, 47, 106, 366, 18, 27],
    [16, 11, 38, 140, 17, 11],
    [10, 40, 154, 271, 25, 38],
    [15, 26, 231, 252, 29, 43],
    [7, 32, 130, 158, 25, 37],
    [29, 74, 410, 441, 50, 66],
    [20, 30, 262, 205, 35, 32],
    [17, 33, 154, 210, 29, 33],
    [12, 42, 272, 190, 22, 41],
    [49, 137, 982, 1024, 139, 159],
    [2, 26, 150, 145, 13, 23],
    [48, 74, 421, 851, 56, 64],
    [9, 15, 92, 142, 21, 32],
    [28, 50, 273, 475, 39, 58],
    [21, 66, 318, 403, 32, 50],
    [9, 33, 208, 275, 30, 41],
    [31, 74, 307, 536, 44, 54],
    [11, 11, 27, 127, 7, 13],
    [3, 24, 29, 61, 13, 15],
    [13, 32, 101, 224, 19, 16],
    [26, 4, 81, 278, 13, 13],
    [8, 7, 16, 82, 3, 3],
    [20, 29, 72, 304, 6, 14],
    [15, 7, 21, 87, 7, 8],
    [11, 17, 61, 171, 13, 18],
    [23, 48, 93, 291, 14, 22],
    [1, 18, 30, 86, 4, 5],
    [7, 25, 106, 198, 36, 19],
    [9, 18, 51, 235, 7, 12],
    [6, 30, 82, 139, 9, 12],
    [4, 8, 16, 80, 6, 7],
    [15, 28, 168, 237, 29, 20],
    [14, 40, 199, 243, 27, 37],
    [5, 13, 51, 77, 9, 13],
    [15, 28, 116, 180, 22, 22],
    [6, 52, 72, 153, 20, 9],
    [28, 48, 130, 364, 19, 39],
    [3, 2, 10, 77, 5, 8],
    [9, 17, 49, 142, 3, 20],
    [0, 6, 22, 31, 3, 1],
    [2, 7, 29, 76, 4, 11],
    [12, 1, 11, 79, 2, 8],
    [2, 2, 11, 56, 2, 4],
    [22, 67, 247, 260, 53, 36],
    [9, 53, 203, 200, 33, 34],
    [12, 52, 155, 273, 35, 27],
    [7, 17, 55, 125, 18, 20],
    [5, 16, 42, 179, 5, 9],
    [4, 22, 64, 76, 10, 16],
    [34, 95, 361, 841, 57, 88],
    [8, 14, 71, 122, 10, 15],
    [11, 15, 14, 109, 6, 12],
    [5, 8, 11, 50, 1, 5],
    [5, 1, 2, 62, 0, 2],
    [15, 29, 100, 221, 14, 20],
    [19, 30, 92, 221, 18, 22],
    [2, 2, 3, 30, 4, 2],
    [13, 17, 98, 189, 20, 20],
    [15, 21, 70, 128, 11, 18],
    [11, 12, 60, 206, 11, 11],
    [11, 8, 6, 69, 4, 5],
    [4, 23, 64, 156, 13, 20],
    [3, 21, 78, 175, 15, 19],
    [6, 17, 33, 147, 11, 21],
    [18, 24, 56, 145, 9, 10],
    [3, 9, 16, 39, 3, 1],
    [11, 5, 23, 142, 11, 7],
    [16, 8, 35, 164, 10, 15],
    [1, 7, 146, 185, 20, 21],
    [90, 203, 703, 1538, 135, 141],
    [16, 57, 177, 413, 44, 32],
    [72, 159, 437, 865, 49, 125],
    [7, 40, 63, 209, 7, 11]
  ],
  "method": "mvn_cdf",
  "mvncdf_method": "genz",
  "mvncdf_samples": 5000,
  "mvncdf_error": 1e-06,
  "cond_prob": [
    [
      [0.001536547986, 0.021454999814, 0.0045387767711, 0.84776245147, 0.12470722396],
      [0.003811886089, 0.56844930389, 0.17105472709, 0.24133214988, 0.015351933056],
      [0.027062746983, 0.047647807095, 0.80611969399, 0.072354970961, 0.04681478097],
      [0.0032452040368, 0.0087767204037, 0.013010997448, 0.921872324, 0.05309475411],
      [0.087970965782, 0.022594220396, 0.36804816079, 0.23443352387, 0.28695312916],
      [0.15848818675, 0.12354855295, 0.27523948716, 0.20813607111, 0.23458770204]
    ],
    [
      [0.0011537293865, 0.022098328721, 0.0036734398502, 0.80311314943, 0.16996135261],
      [0.0029379152224, 0.5978774715, 0.14192528659, 0.23572497697, 0.021534349723],
      [0.023820129879, 0.057626697532, 0.76248042012, 0.080965772015, 0.075106980458],
      [0.0025182009651, 0.0093436428846, 0.010882810107, 0.90242336454, 0.074831981506],
      [0.065777458001, 0.023269713041, 0.29697677461, 0.22301381438, 0.39096223997],
      [0.11996144481, 0.12903615166, 0.22551513386, 0.20097367157, 0.3245135981]
    ],
    [
      [0.0013520050775, 0.025920273534, 0.0042223567439, 0.89355755016, 0.074947814486],
      [0.0030127386495, 0.61699306106, 0.14297219339, 0.22872172593, 0.0083002809668],
      [0.025406005751, 0.061433558839, 0.80163049174, 0.081492129507, 0.030037814168],
      [0.0027756737526, 0.010305136978, 0.011765617404, 0.94409878889, 0.03105478298],
      [0.089304333854, 0.031490268185, 0.39541697443, 0.28540306118, 0.19838536235],
      [0.15397456497, 0.16502147157, 0.28300898097, 0.24260363222, 0.15539135027]
    ],
    [
      [0.0012685220072, 0.011470144889, 0.0046299296601, 0.8675589571, 0.11507244634],
      [0.0042071353641, 0.41529466317, 0.23500081386, 0.32670560455, 0.01879178305],
      [0.02225025536, 0.025264342404, 0.83772879623, 0.072240384798, 0.042516221204],
      [0.0026436621322, 0.0046320993743, 0.013099664901, 0.93136303927, 0.04826153432],
      [0.075453955312, 0.01247834191, 0.39294741955, 0.24520050161, 0.27391978161],
      [0.14563039737, 0.072611314361, 0.31203438913, 0.23159136557, 0.23813253357]
    ],
    [
      [0.0048593495673, 0.030363443743, 0.0037128393224, 0.86425325213, 0.096811115239],
      [0.009923664724, 0.66254751332, 0.11504442972, 0.20265477457, 0.0098296176703],
      [0.093107448443, 0.07327054901, 0.71380062205, 0.080266793242, 0.039554587254],
      [0.01012042955, 0.012244222328, 0.010493656647, 0.92646892796, 0.040672763517],
      [0.26068497294, 0.02977478661, 0.27978375254, 0.22269514851, 0.2070613394],
      [0.38910692938, 0.13459525342, 0.17300081701, 0.16337105706, 0.13992594312]
    ],
    [
      [0.0027146352199, 0.023968931867, 0.0034723641419, 0.90134783673, 0.068496232045],
      [0.0064969700775, 0.61152004763, 0.12601229383, 0.24780491741, 0.0081657710546],
      [0.058503660009, 0.065199267126, 0.75031151824, 0.094401071645, 0.031584482975],
      [0.0055427527756, 0.0094773416318, 0.0096220553739, 0.94712441954, 0.028233430678],
      [0.17917320853, 0.029081140048, 0.32322178387, 0.28743414107, 0.18108972649],
      [0.28641584779, 0.14110343907, 0.21461146855, 0.22638500715, 0.13148423744]
    ],
    [
      [0.0035471872187, 0.029140446826, 0.0044963336479, 0.88276128571, 0.080054746601],
      [0.0072517194237, 0.638501551, 0.13955794851, 0.20655183558, 0.0081369454856],
      [0.060706776303, 0.062838807708, 0.77425173056, 0.072969056133, 0.029233629291],
      [0.0073004508921, 0.011611732157, 0.012558906314, 0.93529433675, 0.033234573889],
      [0.19884882461, 0.029889661872, 0.35497568356, 0.23714317584, 0.17914265411],
      [0.31352156175, 0.14288489254, 0.23182629551, 0.18382300957, 0.12794424063]
    ],
    [
      [0.0023180241503, 0.030085308602, 0.0039121504219, 0.88219746502, 0.081487051801],
      [0.0047725313289, 0.65519723056, 0.12204339704, 0.2096149487, 0.0083718923717],
      [0.045151376598, 0.074014455553, 0.76265014081, 0.084120949366, 0.034063077677],
      [0.0047906307772, 0.012043057699, 0.010973209512, 0.93818458019, 0.034008521826],
      [0.14508889175, 0.034745928612, 0.3461916923, 0.26894283922, 0.20503064812],
      [0.23359388116, 0.16997575455, 0.23211852804, 0.21393967331, 0.15037216294]
    ],
    [
      [0.0036223664265, 0.033294601619, 0.0061181932208, 0.83467973106, 0.12228510768],
      [0.0065458736131, 0.64154477076, 0.16768710657, 0.17323011334, 0.010992135715],
      [0.047766341826, 0.05539828166, 0.8088562738, 0.053508721758, 0.034470380954],
      [0.007662389186, 0.013637381297, 0.017564069405, 0.90896325036, 0.052172909749],
      [0.16618906409, 0.028075497899, 0.3960494111, 0.18490341886, 0.22478260805],
      [0.27283555413, 0.13989015754, 0.27006316364, 0.14962528175, 0.16758584294]
    ],
    [
      [0.0028496113036, 0.022644723212, 0.0037263787358, 0.90164564689, 0.069133639858],
      [0.0069805807652, 0.59269747323, 0.13853556089, 0.25335914002, 0.0084272450976],
      [0.058168875229, 0.058258193479, 0.7643191442, 0.089122124393, 0.030131662695],
      [0.0058122136377, 0.0089439646876, 0.010314962679, 0.94647045009, 0.028458408902],
      [0.18251560384, 0.026578880748, 0.33625114265, 0.27775075389, 0.17690361887],
      [0.29470508582, 0.13008751501, 0.22508350753, 0.22061264166, 0.12951124997]
    ],
    [
      [0.00229354525, 0.030304436307, 0.0054106619473, 0.86570138481, 0.096289971683],
      [0.0044894798489, 0.63087435176, 0.16059887438, 0.19465392327, 0.0093833707406],
      [0.034407453694, 0.057381953244, 0.81412131304, 0.063168418499, 0.030920861518],
      [0.0047724455991, 0.012211989861, 0.015280365688, 0.92731161942, 0.040423579437],
      [0.1236027195, 0.030071546928, 0.41215146669, 0.2257529637, 0.20842130319],
      [0.20862715496, 0.15418634675, 0.28923333099, 0.18800781001, 0.15994535728]
    ],
    [
      [0.0020160591916, 0.021905032803, 0.0043832323533, 0.88577800016, 0.085917675493],
      [0.0049697503635, 0.56803650376, 0.16362245036, 0.25278484839, 0.010586447125],
      [0.036790893229, 0.050524913495, 0.79942814688, 0.079525268517, 0.033730777882],
      [0.0041544180687, 0.0087445274738, 0.012258970629, 0.93907401225, 0.035768071583],
      [0.12273745767, 0.024675150075, 0.37781791746, 0.26407531279, 0.210694162],
      [0.21083390885, 0.12878733042, 0.27069929848, 0.22448243465, 0.1651970276]
    ],
    [
      [0.0023722323044, 0.034785758477, 0.0053262071683, 0.85828916975, 0.099226632301],
      [0.004232346285, 0.66797914685, 0.14430699452, 0.17470527371, 0.0087762386371],
      [0.035605184521, 0.065816004219, 0.80484386265, 0.062029182736, 0.031705765869],
      [0.0049588607458, 0.014076874899, 0.015110586042, 0.92405500439, 0.041798673919],
      [0.12751994296, 0.034256147407, 0.4039514938, 0.22083023155, 0.21344218428],
      [0.21101198222, 0.17223048162, 0.27704040675, 0.17977139593, 0.15994573348]
    ],
    [
      [0.0022640942361, 0.025983340974, 0.0039065396249, 0.89471161546, 0.073134409705],
      [0.0051107337293, 0.61966987279, 0.13361679135, 0.23336228907, 0.0082403130558],
      [0.044743625875, 0.064854811718, 0.772699376, 0.086684606823, 0.031017579589],
      [0.004642461941, 0.010319750341, 0.01087145327, 0.94387580637, 0.030290528082],
      [0.14541057728, 0.030801639557, 0.3548143622, 0.28026810476, 0.1887053162],
      [0.2378959363, 0.15307124827, 0.24176127773, 0.22658516728, 0.14068637043]
    ],
    [
      [0.0025144792738, 0.033295618437, 0.0045961150468, 0.83426935022, 0.12532443702],
      [0.0046985564135, 0.67550450138, 0.13052401888, 0.17767664284, 0.011596280487],
      [0.042004024366, 0.070197307495, 0.77621707383, 0.067045501597, 0.044536092715],
      [0.0053466798096, 0.013703628566, 0.013264501086, 0.91399960974, 0.053685580801],
      [0.13499627962, 0.032753019378, 0.34855636986, 0.21424983184, 0.26944449931],
      [0.22264851699, 0.16433866956, 0.2381269294, 0.17377356059, 0.20111232347]
    ],
    [
      [0.0027436384956, 0.021534897668, 0.0040870488395, 0.90157002732, 0.070064387682],
      [0.006853928147, 0.569977109, 0.15478779924, 0.25965291961, 0.0087282439997],
      [0.052429102898, 0.051937638923, 0.78280860862, 0.084138040904, 0.028686608654],
      [0.0055936628754, 0.0085037425138, 0.011308828668, 0.94574768791, 0.028846078034],
      [0.17040359947, 0.024632212579, 0.35859564733, 0.27189417105, 0.17447436956],
      [0.28036891457, 0.12296895349, 0.24532890447, 0.22072542693, 0.13060780054]
    ],
    [
      [0.003620697813, 0.02307429541, 0.0063681926999, 0.87973778989, 0.087199024186],
      [0.0080458074172, 0.54241638398, 0.21455609537, 0.22532286632, 0.0096588469161],
      [0.047327011204, 0.038043581674, 0.83408294268, 0.056136383903, 0.024410080544],
      [0.0074346088401, 0.0091768640956, 0.017746725365, 0.92949631519, 0.036145486512],
      [0.17407459775, 0.020416620031, 0.43241554738, 0.20513175653, 0.16796147831],
      [0.29341503402, 0.10432100888, 0.30293215013, 0.17056204237, 0.12876976459]
    ],
    [
      [0.0025476609184, 0.025525525526, 0.0042583657087, 0.86601912483, 0.10164932302],
      [0.0057405680533, 0.6130584144, 0.14555121051, 0.22425234159, 0.011397465446],
      [0.046407954974, 0.058679735837, 0.77861587557, 0.076704468625, 0.039591964989],
      [0.0053124676838, 0.010307956236, 0.012051458289, 0.92956197919, 0.042766138599],
      [0.1473052689, 0.027143858635, 0.34768055791, 0.24212143878, 0.23574887577],
      [0.24527523119, 0.13719763787, 0.240498338, 0.19872979493, 0.17829899801]
    ],
    [
      [0.0024497588766, 0.018916053862, 0.0029889205366, 0.91179295949, 0.063852307235],
      [0.006877120238, 0.56159836542, 0.12716676851, 0.29541374602, 0.0089439998095],
      [0.060355469629, 0.058810961875, 0.7372825576, 0.10982682974, 0.033724181157],
      [0.0049773414721, 0.0074445262789, 0.0082418165882, 0.95313446022, 0.02620185544],
      [0.17482229406, 0.024863776608, 0.30115398959, 0.31634263831, 0.18281730143],
      [0.28434895762, 0.12268784715, 0.20374996672, 0.25390775946, 0.13530546905]
    ],
    [
      [0.00052882385627, 0.013045995226, 0.0019557515661, 0.9002043382, 0.084265091154],
      [0.0018820465592, 0.51481779788, 0.10637849483, 0.36218988532, 0.014731775402],
      [0.01853030848, 0.057716586225, 0.71268328334, 0.14895138537, 0.062118436585],
      [0.0010865675306, 0.0051948000012, 0.0054561884828, 0.95339503627, 0.034867407717],
      [0.046699552177, 0.021269016599, 0.2479669147, 0.38123253, 0.30283198652],
      [0.086724630107, 0.12076085428, 0.19073548335, 0.34786580508, 0.25391322719]
    ],
    [
      [0.0036403407366, 0.03912557144, 0.0053870750939, 0.8619685232, 0.089878489529],
      [0.0058774116433, 0.69739828241, 0.13300253825, 0.15657860402, 0.0071431636804],
      [0.052160458729, 0.070094152667, 0.79281094708, 0.057863440286, 0.027071001241],
      [0.0075686907803, 0.015736454405, 0.015201120523, 0.92392875523, 0.037564979064],
      [0.18773211796, 0.036086854142, 0.38919283574, 0.20494140019, 0.18204679196],
      [0.294792083, 0.17121124725, 0.24968974509, 0.15657703528, 0.12772988938]
    ],
    [
      [0.0010420681021, 0.016269212363, 0.0038725030769, 0.88665106512, 0.092165151336],
      [0.0030614303714, 0.51217342982, 0.17302346006, 0.29831460235, 0.0134270774],
      [0.021472719542, 0.042258981438, 0.80767650268, 0.088175207445, 0.040416588895],
      [0.0021507421218, 0.0065045772308, 0.010848881416, 0.94214049898, 0.038355300253],
      [0.070296151346, 0.020198344148, 0.37090662613, 0.28852378354, 0.25007509484],
      [0.12994185408, 0.11333340082, 0.28438263445, 0.26266305989, 0.20967905077]
    ],
    [
      [0.00048735447664, 0.019690229751, 0.0020855191919, 0.88607197852, 0.091664918056],
      [0.0013770868751, 0.61019737598, 0.089611337234, 0.28600485806, 0.012809341858],
      [0.016030593103, 0.082071511435, 0.6973669378, 0.14049009672, 0.064040860934],
      [0.0010111966828, 0.007911361283, 0.0058739321835, 0.94683749561, 0.038366014245],
      [0.041115599196, 0.030798661967, 0.25120283394, 0.36333252415, 0.31355038075],
      [0.073120961625, 0.16815343886, 0.18607852645, 0.31915156142, 0.25349551164]
    ],
    [
      [0.002140725127, 0.016293699278, 0.0024769861617, 0.87901332078, 0.10007526865],
      [0.0064214387182, 0.57300136969, 0.11489818815, 0.29129324093, 0.014385762509],
      [0.059248922727, 0.055230057987, 0.7227798849, 0.10775126145, 0.054989872936],
      [0.0044444375652, 0.0065430950465, 0.0069749558081, 0.94044822046, 0.041589291121],
      [0.16053006205, 0.02080683759, 0.25096327056, 0.28609659626, 0.28160323354],
      [0.27989637166, 0.10581743225, 0.17220873739, 0.23271152937, 0.20936592933]
    ],
    [
      [0.0039404940785, 0.030082635606, 0.0045205311999, 0.88446049273, 0.076995846386],
      [0.0078410194361, 0.64650007435, 0.13697265065, 0.20111071929, 0.0075755362742],
      [0.066439889148, 0.063537770058, 0.7712856388, 0.07139904831, 0.027337653686],
      [0.0081002616033, 0.011966188054, 0.012608594525, 0.93541163082, 0.031913324995],
      [0.21914582315, 0.030151827611, 0.35100744915, 0.23202229795, 0.16767260214],
      [0.34111706845, 0.14134147688, 0.22424261763, 0.17610935907, 0.11718947797]
    ],
    [
      [0.00086726464565, 0.016514270625, 0.0020002341387, 0.71101861305, 0.26959961754],
      [0.0027585258702, 0.60454352902, 0.097523837199, 0.2538104643, 0.04136364361],
      [0.02650045575, 0.063467498709, 0.63900106985, 0.10109442655, 0.16993654915],
      [0.0020251415938, 0.0074717065897, 0.0063414743375, 0.85835651929, 0.12580515819],
      [0.047101736095, 0.016385110153, 0.15440571397, 0.18277361024, 0.59933382955],
      [0.091178839265, 0.096723521616, 0.12322447072, 0.1725990653, 0.51627410309]
    ],
    [
      [0.0015063065703, 0.027373635957, 0.0022949881178, 0.90978136425, 0.059043705106],
      [0.0034023445327, 0.6774454668, 0.078823561536, 0.23372747517, 0.0066011519609],
      [0.044532055889, 0.10197403734, 0.68809312057, 0.12843028804, 0.036970498162],
      [0.0030725063139, 0.010805864487, 0.0063529162138, 0.95546890361, 0.024299809373],
      [0.1264376534, 0.041877107909, 0.27108110642, 0.3632250739, 0.19737905837],
      [0.19968419404, 0.20149953142, 0.17693504775, 0.28122220256, 0.14065902424]
    ],
    [
      [0.001503027585, 0.02241939649, 0.0054307464972, 0.84188728565, 0.12875954378],
      [0.0035240287198, 0.56132696793, 0.19372132211, 0.22646762254, 0.014960058711],
      [0.022721161473, 0.042696911576, 0.83158799387, 0.061610020553, 0.041383912526],
      [0.0031805248208, 0.0091885637931, 0.015598526648, 0.917115607, 0.054916777737],
      [0.079737760421, 0.021856520225, 0.40891704667, 0.21551665092, 0.27397202176],
      [0.14607035429, 0.12141891084, 0.31050196147, 0.1944253313, 0.2275834421]
    ],
    [
      [0.0006965005033, 0.048959259948, 0.0025564571963, 0.89667627855, 0.051111503801],
      [0.00099381897003, 0.79688432847, 0.055838507384, 0.14271476962, 0.0035685755623],
      [0.018014122821, 0.15951942518, 0.68723281249, 0.10761642952, 0.02761720999],
      [0.0014321949057, 0.019460675753, 0.0071356944411, 0.95078165579, 0.021189779115],
      [0.060588833983, 0.077606264313, 0.31772777476, 0.36563909974, 0.17843802721],
      [0.087200388379, 0.34783172518, 0.1896197378, 0.2594453169, 0.11590283175]
    ],
    [
      [0.0033110101998, 0.04107359623, 0.0038492599809, 0.86090436111, 0.090861772478],
      [0.0054283031665, 0.72984837967, 0.095862280475, 0.16146577041, 0.0073952662858],
      [0.062098023076, 0.097103368317, 0.72662313282, 0.077894697402, 0.036280778382],
      [0.0069257326677, 0.016626869402, 0.010926423195, 0.92719141671, 0.038329558026],
      [0.19238588267, 0.043571483017, 0.31440984835, 0.23926389766, 0.21036888831],
      [0.28810076647, 0.1983840889, 0.19494799637, 0.17605266787, 0.14251448039]
    ],
    [
      [0.00047776612683, 0.030218270014, 0.0014701399829, 0.91887036953, 0.04896345435],
      [0.0010304117477, 0.71971785295, 0.048219575192, 0.2258073222, 0.0052248379074],
      [0.01930450907, 0.15457288327, 0.60626386143, 0.17791799371, 0.041940752522],
      [0.00097219429477, 0.011901521728, 0.0040606163208, 0.96294310392, 0.020122563736],
      [0.050043893647, 0.058417101532, 0.2192986057, 0.46498201505, 0.20725838407],
      [0.077537309463, 0.27928146321, 0.14151580871, 0.3558072337, 0.14585818491]
    ],
    [
      [0.00099461801534, 0.061932269818, 0.0036138503897, 0.8769768587, 0.05648240308],
      [0.001189902853, 0.81063149272, 0.065762047438, 0.11907400453, 0.0033425524582],
      [0.019552131633, 0.15363217798, 0.72079315204, 0.082453258699, 0.023569279646],
      [0.0020679223492, 0.024909930738, 0.010197772629, 0.93913138251, 0.023692991777],
      [0.072536810109, 0.082811617565, 0.37390128062, 0.30571255999, 0.16503773171],
      [0.10242182273, 0.35938188698, 0.21939059996, 0.21305730011, 0.10574839022]
    ],
    [
      [0.0017601903731, 0.0033679947564, 0.0016596372681, 0.92392807559, 0.069284102012],
      [0.010298238315, 0.2145490902, 0.14976389606, 0.60557914036, 0.01980963507],
      [0.070018582811, 0.016462210923, 0.69136204388, 0.16577689062, 0.056380271771],
      [0.0035618290226, 0.0013247972406, 0.0045577618451, 0.96239667723, 0.02815893466],
      [0.16126709154, 0.005395282378, 0.20837080193, 0.3789201919, 0.24604663225],
      [0.29630161306, 0.028345770019, 0.15225235233, 0.32734637352, 0.19575389106]
    ],
    [
      [0.00099855268658, 0.042362477777, 0.0038847850786, 0.85641885082, 0.096335333635],
      [0.0016134917591, 0.73675373074, 0.095281564998, 0.15861874333, 0.0077324691679],
      [0.019320778534, 0.10365890823, 0.7567502866, 0.080436480638, 0.039833546003],
      [0.0021026322612, 0.017269573877, 0.0111026984, 0.92860114587, 0.04092394959],
      [0.065145060959, 0.051021989382, 0.35961882625, 0.27087592225, 0.25333820116],
      [0.10506995221, 0.2515193168, 0.24155791818, 0.2159151423, 0.18593767052]
    ],
    [
      [0.0013343959221, 0.0310176798, 0.0059698783638, 0.8474939413, 0.11418410462],
      [0.0025386081032, 0.62911575423, 0.1723625918, 0.18518083716, 0.010802208711],
      [0.018560703963, 0.054502252795, 0.83560152969, 0.057355891328, 0.03397962222],
      [0.002810357219, 0.012651414943, 0.017065735509, 0.9189633313, 0.048509161032],
      [0.069903115345, 0.029995603642, 0.44381052041, 0.21538711953, 0.24090364107],
      [0.12438958067, 0.16247042334, 0.32864483832, 0.18936924275, 0.19512591492]
    ],
    [
      [0.0048990678195, 0.04443424917, 0.0081670940255, 0.77019648108, 0.1723031079],
      [0.0068030534374, 0.68828226762, 0.1733697642, 0.11987086864, 0.011674046109],
      [0.048418879342, 0.054987675161, 0.825431773, 0.035651107193, 0.035510565303],
      [0.010729437585, 0.018815092452, 0.024274353952, 0.87055959793, 0.075621518076],
      [0.17861875968, 0.029021599249, 0.41675314949, 0.12923184061, 0.24637465097],
      [0.29320322136, 0.14385712858, 0.2794789435, 0.1031574303, 0.18030327624]
    ],
    [
      [0.0013395116542, 0.04116052426, 0.0043956616329, 0.85131059978, 0.10179370267],
      [0.0021773592133, 0.72288072821, 0.10855929482, 0.15817880505, 0.0082038127021],
      [0.023413015986, 0.09086398187, 0.77591745751, 0.071887234306, 0.03791831033],
      [0.0028244253329, 0.01680068482, 0.012579995653, 0.92451982223, 0.043275071967],
      [0.081063657034, 0.045831939433, 0.37716955988, 0.24829198325, 0.2476428604],
      [0.13230943611, 0.22839128994, 0.2558210664, 0.19994266544, 0.18353554211]
    ],
    [
      [0.0030574439519, 0.029350327305, 0.0049845488498, 0.89070587501, 0.071901804881],
      [0.0061223556692, 0.63105777671, 0.15195666685, 0.20372724324, 0.0071359575277],
      [0.048616635293, 0.058460349644, 0.80094090131, 0.067779193444, 0.024202920314],
      [0.0062596044184, 0.011632505128, 0.013848327799, 0.9385878515, 0.029671711156],
      [0.17356902643, 0.030115182263, 0.39628201802, 0.23892000509, 0.1611137682],
      [0.28143588446, 0.14725380887, 0.2643576889, 0.18938069076, 0.11757192701]
    ],
    [
      [0.0012383851683, 0.031581419972, 0.0031185100473, 0.85410547976, 0.10995620505],
      [0.0025295298245, 0.68900829854, 0.096672039142, 0.20062646642, 0.011163666071],
      [0.028706596884, 0.092435800171, 0.72807054413, 0.096343812897, 0.054443245917],
      [0.0026156415438, 0.012918191587, 0.0089399759075, 0.92866745372, 0.046858737242],
      [0.083632595495, 0.039305594928, 0.29832562075, 0.27993464825, 0.29880154058],
      [0.139050978, 0.19897908191, 0.20633796722, 0.22977059724, 0.22586137562]
    ],
    [
      [0.001490369267, 0.015392866953, 0.003919487195, 0.93038852982, 0.048808746769],
      [0.0042517868577, 0.52643249749, 0.17308955938, 0.28948364559, 0.0067425106834],
      [0.028837331816, 0.037101481237, 0.83417794203, 0.080550271572, 0.019332973341],
      [0.0029882587714, 0.0059676299934, 0.010670981479, 0.9606575275, 0.019715602258],
      [0.11093590675, 0.020368051377, 0.42022490318, 0.30889708459, 0.1395740541],
      [0.20157141641, 0.11170107635, 0.30545340987, 0.26918533054, 0.11208876683]
    ],
    [
      [0.0037647857541, 0.028956239603, 0.0066604645702, 0.85923961783, 0.10137889224],
      [0.0071862588785, 0.60373682877, 0.19423575504, 0.18533686697, 0.0095042903418],
      [0.046007289952, 0.044325653559, 0.83409062881, 0.049623691, 0.025952736678],
      [0.0078219285641, 0.011639984552, 0.018781151639, 0.91937981744, 0.042377117805],
      [0.17400689689, 0.024115452575, 0.43301952234, 0.18524983956, 0.18360828864],
      [0.29179711285, 0.12180552441, 0.29712329182, 0.1513008061, 0.13797326482]
    ],
    [
      [0.00043811496946, 0.035931851801, 0.0026094050801, 0.89355584965, 0.067464778502],
      [0.00073495435102, 0.76775813057, 0.067703426069, 0.15841865278, 0.0053848362295],
      [0.011450553635, 0.11937261966, 0.73163747678, 0.10141785884, 0.036121491088],
      [0.00089778823706, 0.014226896277, 0.0072649130098, 0.94991170609, 0.02769869639],
      [0.036552554163, 0.056057789945, 0.32355384062, 0.34424887984, 0.23958693543],
      [0.057547841076, 0.28746151884, 0.21422040295, 0.27044656199, 0.17032367514]
    ],
    [
      [0.0025383564494, 0.033327403838, 0.0034887287341, 0.91270684784, 0.047938663142],
      [0.0046692176504, 0.70775924744, 0.098173437208, 0.1850882575, 0.0043098402055],
      [0.052853178854, 0.086902215152, 0.75278324677, 0.086762597896, 0.020698761333],
      [0.0051434374216, 0.01304163176, 0.0095917543246, 0.95264306384, 0.019580112654],
      [0.18209269934, 0.042372888396, 0.34842236873, 0.29472273566, 0.13238930787],
      [0.27891764846, 0.19715968845, 0.21638463451, 0.21762000111, 0.089918027459]
    ],
    [
      [0.0050416287501, 0.022827194952, 0.0053625546163, 0.84221182459, 0.12455679709],
      [0.01088709027, 0.59916832212, 0.17964341282, 0.19754670512, 0.01275446968],
      [0.069325556295, 0.038363981293, 0.80738473671, 0.051053022688, 0.033872703017],
      [0.010597698693, 0.0092576544633, 0.015297839521, 0.91248832729, 0.052358480037],
      [0.24045276587, 0.018448902511, 0.35289980151, 0.17087572268, 0.21732280743],
      [0.3973854288, 0.0892061313, 0.22744825469, 0.13204318488, 0.15391700033]
    ],
    [
      [0.0002876120996, 0.04855546468, 0.00070633286316, 0.85209695375, 0.098353636603],
      [0.00034665125076, 0.87195064456, 0.012847322621, 0.10929933278, 0.0055560487938],
      [0.01434037541, 0.31803306564, 0.37989513724, 0.18826025785, 0.099471163862],
      [0.00060749000731, 0.019750994472, 0.0020252513989, 0.93597187192, 0.041644392206],
      [0.026948086387, 0.086259302194, 0.095686079051, 0.38575971645, 0.40534681591],
      [0.036196580937, 0.40371318362, 0.055277241125, 0.25968387174, 0.24512912258]
    ],
    [
      [0.0022176147866, 0.049087024736, 0.0064761725037, 0.83188063675, 0.11033855122],
      [0.0030639551731, 0.72132724831, 0.13571080403, 0.13230473191, 0.0075932605734],
      [0.027780319411, 0.077646000711, 0.81411242735, 0.050850457239, 0.029610795292],
      [0.0047083721806, 0.0201820839, 0.018661901401, 0.9091728944, 0.04727474812],
      [0.10682349803, 0.043579808165, 0.44153735722, 0.19450005901, 0.21355927758],
      [0.17327499935, 0.21509014443, 0.29807237585, 0.15587174408, 0.15769073629]
    ],
    [
      [0.0019913778446, 0.034240275069, 0.005234381837, 0.79581665161, 0.16271731364],
      [0.003648018474, 0.66849061944, 0.14549091895, 0.1675556349, 0.014814808238],
      [0.030062293982, 0.065238956033, 0.7937321881, 0.058449635909, 0.052516925979],
      [0.0043444327628, 0.014467477272, 0.015499311584, 0.89413363847, 0.071555139913],
      [0.0974620053, 0.030859422374, 0.36246316738, 0.18858955023, 0.32062585471],
      [0.16780585301, 0.16152565561, 0.25953005092, 0.16028461817, 0.25085382229]
    ],
    [
      [0.0014359520002, 0.033460924092, 0.0045683100349, 0.87878213521, 0.081752678658],
      [0.0026938690404, 0.67015283633, 0.13009522304, 0.18942641098, 0.0076316606035],
      [0.024902658805, 0.073249122577, 0.79743735847, 0.074090317425, 0.030320542723],
      [0.002973263016, 0.013416661171, 0.012838438509, 0.93660945591, 0.034162181392],
      [0.089386829188, 0.03836257203, 0.40288003403, 0.26493111502, 0.20443944974],
      [0.14961312481, 0.19544265596, 0.28039731162, 0.21890900701, 0.1556379006]
    ],
    [
      [0.007999409066, 0.025248303643, 0.003079897098, 0.86315203495, 0.10052035525],
      [0.018423559694, 0.63640189661, 0.10791695892, 0.22582166944, 0.011435915342],
      [0.16516562121, 0.065250605046, 0.64135886484, 0.084517721439, 0.043707187464],
      [0.016601724844, 0.010139532005, 0.008672204799, 0.92258765443, 0.041998883917],
      [0.38714571123, 0.021866030274, 0.20603133015, 0.19447937126, 0.19047755709],
      [0.54031506591, 0.091602210375, 0.11767079865, 0.13173339827, 0.11867852679]
    ],
    [
      [0.003203989028, 0.0099689156891, 0.0017710337103, 0.93454382279, 0.050512238781],
      [0.012952567832, 0.4391045599, 0.10919357584, 0.42867774878, 0.010071547644],
      [0.11526022276, 0.044514333884, 0.64529324713, 0.15717196104, 0.037760235194],
      [0.0064286311167, 0.0038733661702, 0.0048203745364, 0.96444413465, 0.020433493528],
      [0.26644471598, 0.014609612508, 0.2011209879, 0.35617182557, 0.16165285804],
      [0.42104739051, 0.068238204367, 0.12851117574, 0.26956473779, 0.11263849159]
    ],
    [
      [0.0037496710545, 0.049340610152, 0.0048636010402, 0.84635076363, 0.095695354122],
      [0.0052019627081, 0.753078637, 0.10275432131, 0.13242506713, 0.0065400118594],
      [0.057462894911, 0.094842331282, 0.75554250962, 0.061252621824, 0.030899642366],
      [0.007886937336, 0.020073229782, 0.013882147822, 0.91767464679, 0.040483038265],
      [0.19578482634, 0.046381198032, 0.35480186256, 0.20587718378, 0.19715492928],
      [0.29171786498, 0.20963816024, 0.21723743086, 0.14973246322, 0.13167408069]
    ],
    [
      [0.0025051225304, 0.025071235532, 0.0031044343165, 0.88311975796, 0.086199449664],
      [0.0059546980473, 0.62938484647, 0.11180470862, 0.24262779872, 0.010227948138],
      [0.058365447792, 0.073769029011, 0.72386792059, 0.10089287959, 0.043104723014],
      [0.0051826931892, 0.010047071079, 0.0087166637788, 0.94003529106, 0.036018280891],
      [0.16559118831, 0.03058131584, 0.29007479139, 0.28474624862, 0.22900645583],
      [0.26524183745, 0.14876473587, 0.19350978986, 0.22536408777, 0.16711954906]
    ],
    [
      [0.0079460354357, 0.031940198593, 0.0038894920209, 0.86484544577, 0.091378828175],
      [0.015263816706, 0.67451231585, 0.11370272736, 0.18787530202, 0.0086458380655],
      [0.1391329613, 0.069911534652, 0.68600216596, 0.071417941765, 0.033535396322],
      [0.016446021312, 0.012785355261, 0.010920829429, 0.92178176412, 0.038066029881],
      [0.37097134401, 0.026564126796, 0.25025408636, 0.18646408778, 0.16574635505],
      [0.51744541436, 0.11117942276, 0.14250643411, 0.12593145714, 0.10293727162]
    ],
    [
      [0.00085117341228, 0.023283856064, 0.0047383459965, 0.84338278428, 0.12774384024],
      [0.0019573461144, 0.597665046, 0.16793853948, 0.2181222456, 0.014316822807],
      [0.013956481152, 0.0481204837, 0.82917550599, 0.06500387592, 0.043743653242],
      [0.0018015343618, 0.0095424465999, 0.013622522329, 0.92073887038, 0.054294626327],
      [0.049027037627, 0.024673347869, 0.39825305708, 0.23073117135, 0.29731538608],
      [0.09147163147, 0.1407908418, 0.30594749196, 0.2116055069, 0.25018452787]
    ],
    [
      [0.001305848152, 0.02033309535, 0.0030981176117, 0.94771456281, 0.027548376071],
      [0.0033249252872, 0.6112434507, 0.12276653993, 0.25927421057, 0.0033908735095],
      [0.030564563127, 0.058670188089, 0.80216341305, 0.095682392533, 0.012919443206],
      [0.002598836354, 0.0078146004609, 0.0083676597733, 0.97012057981, 0.011098323601],
      [0.11817399692, 0.031573296851, 0.39473880584, 0.36404474439, 0.091469156006],
      [0.20416986847, 0.16270522542, 0.2679367343, 0.2964665841, 0.068721587715]
    ],
    [
      [0.00017900681996, 0.0033210790802, 0.00050352259963, 0.94985154728, 0.04614484422],
      [0.0011443045716, 0.27676919724, 0.049796617579, 0.65829892799, 0.013990952617],
      [0.014288545538, 0.033485900759, 0.55476319703, 0.32525328985, 0.072209066828],
      [0.0003560671019, 0.0013018582519, 0.0013607493811, 0.97843335617, 0.018547969098],
      [0.022300959489, 0.0083791457705, 0.096604975367, 0.60603558209, 0.26667933728],
      [0.044842634887, 0.050985014902, 0.081890919552, 0.5869584933, 0.23532293736]
    ],
    [
      [0.00097064920353, 0.028149037667, 0.0023056610349, 0.9121348817, 0.056439770394],
      [0.0021711233326, 0.67991932667, 0.078325422322, 0.23331667926, 0.0062674484187],
      [0.02905813902, 0.10635205656, 0.69694365056, 0.13166170839, 0.035984445469],
      [0.0019789065563, 0.011111049691, 0.0063798835666, 0.95730136331, 0.023228796879],
      [0.085080623021, 0.045332371594, 0.28589443133, 0.38512907915, 0.1985634949],
      [0.13679054882, 0.22238896548, 0.19090817307, 0.30507211986, 0.14484019276]
    ],
    [
      [0.0011724015327, 0.020356528876, 0.0037139879561, 0.90150150793, 0.07325557371],
      [0.0030603494151, 0.57070015545, 0.14741184255, 0.26933811023, 0.0094895423515],
      [0.024809871292, 0.054316223574, 0.79581465107, 0.092053607304, 0.033005646756],
      [0.0023975657889, 0.008062071791, 0.010309093863, 0.94900681966, 0.030224448898],
      [0.083178777342, 0.026546188568, 0.37375128989, 0.30806064685, 0.20846309735],
      [0.14717937636, 0.14276723232, 0.27426533743, 0.26843779242, 0.16735026147]
    ],
    [
      [0.00060661289823, 0.01027567008, 0.0010578975797, 0.94595476569, 0.042105053753],
      [0.0022324476763, 0.56865709353, 0.060180455138, 0.36156508239, 0.0073649212708],
      [0.031907236939, 0.067224003831, 0.65725101064, 0.19995021522, 0.043667533374],
      [0.0012087037548, 0.0039756122798, 0.0028605705652, 0.97503135748, 0.016923755917],
      [0.076612097094, 0.022572288061, 0.1870190975, 0.50354553712, 0.21025098022],
      [0.14078009577, 0.12760286879, 0.13599732291, 0.43149459604, 0.16412511649]
    ],
    [
      [0.0039826407698, 0.032047583109, 0.0037533558805, 0.85764663077, 0.10256978947],
      [0.0077766286073, 0.67986113645, 0.11137656238, 0.19107113681, 0.0099145357589],
      [0.076423437577, 0.077384378038, 0.72549145864, 0.078988337579, 0.041712388161],
      [0.0083393684879, 0.012986670038, 0.01066489718, 0.92472386934, 0.04328519495],
      [0.22167817662, 0.032423217916, 0.29263870745, 0.2268071691, 0.22645272892],
      [0.33904560944, 0.1502228502, 0.18474654477, 0.16987707655, 0.15610791904]
    ],
    [
      [0.0010141781449, 0.026042558511, 0.00218886401, 0.90248197811, 0.068272421226],
      [0.0023896485383, 0.66947645981, 0.07840694115, 0.24176733542, 0.0079596150835],
      [0.031446777827, 0.10183863962, 0.68812028966, 0.13368375037, 0.044910542524],
      [0.0020797063561, 0.010338876015, 0.0060921701167, 0.95325543352, 0.02823381399],
      [0.087113322333, 0.040977139394, 0.2657214375, 0.37059947544, 0.23558862534],
      [0.14256003715, 0.20472491828, 0.18025940116, 0.29812927542, 0.174326368]
    ],
    [
      [0.0014498876551, 0.027930051914, 0.003952228536, 0.85077148646, 0.11589634544],
      [0.0030724963421, 0.6522110946, 0.12770598218, 0.20492127025, 0.012089156632],
      [0.027990717794, 0.06793802076, 0.77853933297, 0.078392768878, 0.047139159597],
      [0.0030602552769, 0.011408021452, 0.011321942763, 0.92495325563, 0.049256524878],
      [0.089274228682, 0.031427917539, 0.34477118105, 0.24962541235, 0.28490126038],
      [0.15434323581, 0.16552532708, 0.24621073795, 0.21173388825, 0.22218681091]
    ],
    [
      [0.0025198244, 0.035976864447, 0.0033279312908, 0.86617308592, 0.092002293945],
      [0.0042663525629, 0.73970039582, 0.087406600546, 0.16116656457, 0.0074600864976],
      [0.05131306228, 0.090312590467, 0.74268117066, 0.078305655069, 0.037387521526],
      [0.0052598206624, 0.014486049768, 0.0094244879858, 0.93234786381, 0.038481777779],
      [0.16951798659, 0.04112357894, 0.30818169177, 0.25104157295, 0.23013516974],
      [0.26838434444, 0.19495912429, 0.19214804147, 0.18749333327, 0.15701515652]
    ],
    [
      [0.00061946059786, 0.015360353885, 0.0018829794287, 0.8999775032, 0.082159702891],
      [0.0020483872745, 0.55031942013, 0.094697018149, 0.33948201085, 0.013453163595],
      [0.022314712004, 0.069878641107, 0.68935123071, 0.15549840283, 0.062957013344],
      [0.0012736848665, 0.0061190302897, 0.0052556610637, 0.95329812032, 0.034053503462],
      [0.055049194805, 0.025171534545, 0.23786139376, 0.38571389683, 0.29620398005],
      [0.099203655858, 0.13835457074, 0.17810222675, 0.34244623389, 0.24189331275]
    ],
    [
      [0.00062866763228, 0.035813642371, 0.0027326066622, 0.88068395915, 0.080141124181],
      [0.0011690792302, 0.72763274673, 0.077256841116, 0.18656327692, 0.0073780560029],
      [0.016176277485, 0.11668536048, 0.71418115157, 0.10903146127, 0.043925749192],
      [0.0013065461404, 0.014407854199, 0.0077090706009, 0.94298819419, 0.033588334865],
      [0.049543009276, 0.05216892133, 0.30704554655, 0.33541675238, 0.25582577046],
      [0.079920815727, 0.25866813525, 0.20631103118, 0.26747161267, 0.18762840518]
    ],
    [
      [0.0028285023348, 0.014935972441, 0.0036388709047, 0.86621037689, 0.11238627743],
      [0.0087064722174, 0.50032532617, 0.17106644648, 0.3028564724, 0.017045282725],
      [0.058368910819, 0.038619748868, 0.76947174684, 0.084754741246, 0.048784852226],
      [0.005899463826, 0.0060334084143, 0.010301242957, 0.93060168951, 0.047164195288],
      [0.16906214004, 0.016134254222, 0.30557542672, 0.24329430724, 0.26593387178],
      [0.29129027243, 0.083491592807, 0.21580946134, 0.20414018616, 0.20526848726]
    ],
    [
      [0.0013900551268, 0.024897760795, 0.00342026956, 0.8997521752, 0.070539739318],
      [0.0032275699324, 0.63036290079, 0.12108262445, 0.23724790157, 0.0080790032517],
      [0.030792911729, 0.069244292959, 0.77237663215, 0.094682340062, 0.032903823099],
      [0.0028464271587, 0.0098687901369, 0.0095055227119, 0.94866495659, 0.029114303403],
      [0.10123324601, 0.032960572013, 0.35157009821, 0.31021127416, 0.2040248096],
      [0.17161580762, 0.16956176195, 0.24562059178, 0.25743462744, 0.15576721122]
    ],
    [
      [0.00074970361144, 0.012848616314, 0.0006872038629, 0.96209476079, 0.023619715423],
      [0.0027643739267, 0.56852499057, 0.038823090055, 0.38561395776, 0.0042735876832],
      [0.054011247657, 0.11230364291, 0.50678661004, 0.29278301858, 0.034115480814],
