{
  "Z_true": {},
  "V_true": [
    [1918, 62, 915, 188, 122],
    [14, 4357, 521, 166, 138],
    [53, 197, 9195, 234, 148],
    [52, 242, 809, 13373, 460],
    [239, 490, 1148, 689, 482]
  ],
  "p_true": [
    [0.5984, 0.0193, 0.2855, 0.0587, 0.0381],
    [0.0027, 0.8385, 0.1003, 0.0319, 0.0266],
    [0.0054, 0.02, 0.9357, 0.0238, 0.0151],
    [0.0035, 0.0162, 0.0542, 0.8954, 0.0308],
    [0.0784, 0.1608, 0.3766, 0.226, 0.1581]
  ],
  "Z_est": {},
  "V_est": [
    [2133.4397, 0, 887.9058, 92.0512, 91.6032],
    [0, 4641.9611, 554.0389, 0, 0],
    [0, 0, 9827, 0, 0],
    [0, 0, 0, 13881.6988, 1054.3012],
    [142.5603, 706.0389, 1319.0553, 676.2499, 204.0956]
  ],
  "p_est": [
    [0.6657, 0, 0.277, 0.0287, 0.0286],
    [0, 0.8934, 0.1066, 0, 0],
    [0, 0, 1, 0, 0],
    [0, 0, 0, 0.9294, 0.0706],
    [0.0468, 0.2316, 0.4328, 0.2219, 0.067]
  ],
  "EI_Z": {},
  "EI_V": 7.3333,
  "MAE_Z": {},
  "MAE_V": 212.4427,
  "MAE_p": 0.0315,
  "runtime": 0.0455
}
