{
  "X": [
    [1, 6, 6, 27, 3],
    [25, 67, 162, 667, 90],
    [7, 20, 54, 138, 10],
    [0, 0, 2, 14, 1],
    [14, 65, 131, 783, 102],
    [4, 7, 12, 83, 5],
    [4, 16, 34, 178, 17],
    [3, 25, 52, 194, 13],
    [10, 22, 77, 272, 30],
    [38, 51, 186, 569, 87],
    [106, 208, 556, 2001, 232],
    [19, 32, 84, 336, 33],
    [2, 4, 11, 31, 8],
    [9, 13, 23, 77, 14],
    [5, 18, 47, 179, 30],
    [58, 75, 360, 1293, 150],
    [91, 127, 521, 1780, 240],
    [2, 2, 12, 78, 8],
    [14, 14, 64, 239, 36],
    [6, 10, 49, 210, 25],
    [1, 3, 3, 6, 1],
    [1, 0, 0, 13, 0],
    [2, 3, 9, 38, 6],
    [1, 12, 9, 33, 3],
    [33, 67, 230, 748, 78],
    [8, 24, 76, 204, 22],
    [2, 14, 28, 45, 6],
    [1, 4, 6, 38, 3],
    [118, 141, 538, 1857, 236],
    [12, 12, 22, 98, 10],
    [4, 3, 10, 21, 4],
    [4, 13, 30, 64, 4],
    [20, 14, 44, 70, 2],
    [3, 2, 13, 12, 1],
    [31, 73, 149, 416, 24],
    [33, 100, 177, 607, 54],
    [8, 14, 27, 96, 2],
    [0, 6, 7, 16, 0],
    [1, 7, 10, 43, 9],
    [0, 1, 5, 12, 4],
    [7, 7, 18, 96, 11],
    [12, 15, 34, 99, 8],
    [0, 1, 3, 22, 3],
    [17, 42, 111, 280, 47],
    [10, 14, 77, 202, 44],
    [10, 11, 65, 160, 26],
    [4, 14, 24, 128, 12],
    [19, 23, 104, 199, 43],
    [6, 8, 39, 80, 15],
    [19, 44, 107, 242, 54],
    [26, 29, 123, 309, 50],
    [11, 20, 47, 209, 40],
    [0, 2, 4, 13, 2],
    [1, 4, 13, 20, 1],
    [1, 1, 2, 18, 1],
    [2, 6, 26, 89, 16],
    [14, 25, 83, 242, 42],
    [13, 12, 48, 171, 17],
    [9, 9, 50, 187, 20],
    [9, 9, 48, 173, 28],
    [1, 3, 3, 6, 1],
    [0, 5, 16, 43, 3],
    [3, 9, 20, 66, 13],
    [0, 4, 17, 28, 5],
    [0, 2, 6, 1, 1],
    [6, 4, 39, 65, 14],
    [2, 1, 1, 3, 2],
    [21, 25, 149, 283, 67],
    [5, 4, 43, 75, 11],
    [11, 4, 20, 22, 5],
    [10, 13, 46, 64, 8],
    [15, 28, 90, 135, 15],
    [4, 3, 18, 30, 3],
    [5, 12, 17, 25, 1],
    [11, 32, 49, 154, 16],
    [2, 15, 15, 81, 7],
    [0, 0, 0, 7, 0],
    [15, 97, 76, 353, 30],
    [108, 313, 628, 2620, 429],
    [85, 198, 400, 1582, 341],
    [0, 2, 2, 9, 3]
  ],
  "W": [
    [1, 13, 19, 7, 3],
    [32, 71, 689, 147, 72],
    [10, 35, 128, 44, 12],
    [0, 1, 14, 1, 1],
    [22, 103, 741, 125, 104],
    [1, 13, 75, 14, 8],
    [7, 15, 181, 30, 16],
    [4, 32, 185, 48, 18],
    [23, 64, 232, 61, 31],
    [42, 68, 581, 155, 85],
    [156, 295, 1867, 532, 253],
    [27, 44, 324, 76, 33],
    [1, 4, 29, 16, 6],
    [10, 13, 79, 25, 9],
    [8, 31, 175, 42, 23],
    [75, 86, 1315, 324, 136],
    [106, 185, 1760, 501, 207],
    [2, 4, 81, 10, 5],
    [16, 17, 249, 58, 27],
    [8, 15, 208, 48, 21],
    [0, 3, 7, 4, 0],
    [1, 1, 12, 0, 0],
    [2, 3, 39, 7, 7],
    [1, 16, 31, 9, 1],
    [39, 76, 738, 226, 77],
    [11, 24, 212, 68, 19],
    [8, 9, 47, 21, 10],
    [3, 4, 36, 4, 5],
    [123, 188, 1842, 489, 248],
    [11, 8, 98, 21, 16],
    [5, 3, 20, 11, 3],
    [10, 20, 59, 25, 1],
    [7, 23, 73, 42, 5],
    [7, 1, 11, 9, 3],
    [61, 113, 370, 120, 29],
    [62, 144, 552, 152, 61],
    [6, 34, 72, 28, 7],
    [0, 5, 16, 6, 2],
    [2, 9, 42, 13, 4],
    [0, 0, 15, 5, 2],
    [4, 12, 96, 17, 10],
    [12, 8, 101, 29, 18],
    [0, 4, 20, 3, 2],
    [24, 53, 269, 87, 64],
    [21, 19, 188, 84, 35],
    [18, 0, 164, 62, 28],
    [7, 21, 119, 23, 12],
    [35, 42, 189, 83, 39],
    [6, 12, 80, 38, 12],
    [21, 43, 241, 102, 59],
    [33, 31, 304, 110, 59],
    [16, 21, 203, 47, 40],
    [0, 1, 13, 3, 4],
    [3, 3, 20, 12, 1],
    [0, 1, 16, 2, 4],
    [5, 5, 97, 19, 13],
    [15, 38, 232, 81, 40],
    [14, 17, 166, 52, 12],
    [8, 11, 177, 52, 27],
    [13, 9, 163, 53, 29],
    [0, 3, 7, 4, 0],
    [1, 2, 47, 13, 4],
    [5, 4, 68, 21, 13],
    [2, 4, 32, 10, 6],
    [0, 2, 2, 5, 1],
    [9, 10, 56, 40, 13],
    [2, 1, 4, 1, 1],
    [30, 21, 283, 148, 63],
    [7, 3, 77, 32, 19],
    [11, 2, 27, 19, 3],
    [12, 14, 61, 36, 18],
    [32, 23, 136, 78, 14],
    [3, 8, 22, 20, 5],
    [5, 5, 29, 20, 1],
    [12, 35, 140, 48, 27],
    [6, 22, 65, 16, 11],
    [1, 0, 5, 1, 0],
    [15, 106, 327, 78, 45],
    [132, 337, 2665, 587, 377],
    [87, 152, 1673, 411, 283],
    [1, 2, 9, 2, 2]
  ],
  "method": "mvn_pdf",
  "cond_prob": [
    [
      [0.27200788163, 0.092752276218, 0.48222922852, 0.14719914959, 0.0058114640407],
      [0.018207552579, 0.37867805133, 0.02751970758, 0.57049725626, 0.0050974322485],
      [0.011100643108, 0.0080730472342, 0.022422319395, 0.93007706464, 0.028326925622],
      [0.032862917084, 0.056158354158, 0.65284863907, 0.17779488532, 0.080335204365],
      [0.016780432068, 0.1459788933, 0.054683343639, 0.17343603121, 0.60912129979]
    ],
    [
      [0.33667759908, 0.1115613551, 0.46328709537, 0.081590265945, 0.0068836844937],
      [0.03426349935, 0.54156018152, 0.037010263742, 0.37947946067, 0.0076865947217],
      [0.0031693476414, 0.00030544007159, 0.061542461204, 0.89128539281, 0.043697358269],
      [0.051979301744, 0.074924790998, 0.66421305722, 0.10773576563, 0.10114708441],
      [0.02734681242, 0.19103987865, 0.06256957003, 0.10435106369, 0.61469267521]
    ],
    [
      [0.28368252515, 0.065223887132, 0.57388094003, 0.074123716695, 0.0030889309889],
      [0.037732764583, 0.4308943909, 0.060461573847, 0.46628732304, 0.0046239476292],
      [0.0046761498847, 0.0012539168854, 0.079453960209, 0.89787157813, 0.016744394887],
      [0.040615749632, 0.041400309437, 0.78229166102, 0.092683783329, 0.043008496578],
      [0.038073984917, 0.19036187256, 0.12950796028, 0.16108817157, 0.48096801068]
    ],
    [
      [0.2327209686, 0.04012960011, 0.61727415827, 0.10446281691, 0.0054124561117],
      [0, 0, 0.064691078862, 0.91392693068, 0.021381990455],
      [0, 0, 0.067876591911, 0.91513702189, 0.016986386201],
      [0, 0, 0.88604897755, 0.090483377409, 0.023467645044],
      [0, 0, 0.098987656844, 0.18367138547, 0.71734095769]
    ],
    [
      [0.26323917527, 0.093119264245, 0.50057936525, 0.13534238447, 0.007719810768],
      [0.023242831414, 0.38959930194, 0.034606614309, 0.545090905, 0.0074603473387],
      [0, 0.00032787463853, 0.039807055336, 0.92772432095, 0.032140749072],
      [0.030443885106, 0.061190817099, 0.64473844181, 0.16173101581, 0.10189584017],
      [0.019319623752, 0.14356577733, 0.060898456354, 0.1559423608, 0.62027378177]
    ],
    [
      [0.60640922938, 0.049499592376, 0.25877890356, 0.083053958965, 0.0022583157162],
      [0.067683311502, 0.34835355061, 0.028295523171, 0.55213355934, 0.0035340553793],
      [0.0027537649654, 0.0033808603967, 0.031636741722, 0.9535316242, 0.0086970087128],
      [0.11873803678, 0.052244955304, 0.6020678281, 0.17430838304, 0.05264079678],
      [0.080605354223, 0.17961379321, 0.07145925909, 0.22300257398, 0.4453190195]
    ],
    [
      [0.26865409022, 0.14205193654, 0.48164368129, 0.10183613059, 0.0058141613707],
      [0.02085693338, 0.56698799096, 0.030025765858, 0.376969333, 0.0051599768],
      [0.0017329126869, 0, 0.050841409371, 0.91537968628, 0.032045991667],
      [0.038516225528, 0.084988438222, 0.66486431855, 0.12842646516, 0.08320455254],
      [0.021088962851, 0.24694771457, 0.064367693153, 0.13100562002, 0.53659000941]
    ],
    [
      [0.21435754268, 0.11582709934, 0.56331418492, 0.10282061829, 0.0036805547663],
      [0.019081953844, 0.50947046861, 0.039561124404, 0.42822320132, 0.0036632518202],
      [0, 0.00052474747672, 0.061745778532, 0.92370860975, 0.014020864244],
      [0.023441073511, 0.07065379197, 0.73483401291, 0.12233139482, 0.048739726794],
      [0.022598654319, 0.26362090608, 0.099210312862, 0.173754185, 0.44081594174]
    ],
    [
      [0.24234359176, 0.050522336204, 0.57983742885, 0.12164805639, 0.0056485867974],
      [0.027038281253, 0.24823629856, 0.064209404642, 0.64538736549, 0.015128650056],
      [0, 0, 0.053789127095, 0.92107055309, 0.02514031981],
      [0.032514989309, 0.029578382757, 0.72537717072, 0.14006050076, 0.072468956452],
      [0.022975259405, 0.10150263907, 0.091201688363, 0.18274982088, 0.60157059228]
    ],
    [
      [0.40711339867, 0.060278913037, 0.46334767173, 0.064438629474, 0.004821387088],
      [0.06126275231, 0.43218961272, 0.054764381067, 0.44381659531, 0.0079666585933],
      [0.0038693843671, 0, 0.075458560997, 0.88114486984, 0.039527184797],
      [0.06800420971, 0.043553501891, 0.71936027792, 0.092413755573, 0.076668254906],
      [0.046430650312, 0.14504234346, 0.087919445381, 0.1158205599, 0.60478700095]
    ],
    [
      [0.34178740199, 0.081809526496, 0.46676865228, 0.10449975571, 0.0051346635168],
      [0.036682356202, 0.41135449233, 0.039050590438, 0.50693037509, 0.0059821859406],
      [0.0024620231957, 0.00063434420654, 0.049757884623, 0.92116258081, 0.025983167161],
      [0.053766801205, 0.055535147092, 0.6752858464, 0.13930854348, 0.07610366182],
      [0.034226619218, 0.1705894061, 0.077130929597, 0.16296796026, 0.55508508483]
    ],
    [
      [0.37549599959, 0.081815205621, 0.44361488593, 0.094293054782, 0.0047808540788],
      [0.041206778036, 0.43485144773, 0.03848709689, 0.4796301031, 0.005824574246],
      [0.0035469162653, 0.00096170803009, 0.0510710048, 0.91736503654, 0.027055334365],
      [0.06087135235, 0.058176283504, 0.67450642672, 0.13195507812, 0.074490859299],
      [0.038578367541, 0.17953135758, 0.076347631227, 0.15440924874, 0.55113339491]
    ],
    [
      [0.42146022351, 0.091698676007, 0.38128003133, 0.096288210654, 0.0092728584956],
      [0.032766396999, 0.47942947273, 0.028128660176, 0.44959462508, 0.010080845006],
      [0.01449571844, 0.0077738567336, 0.027687753512, 0.90886336852, 0.041179302792],
      [0.056591767589, 0.065198022996, 0.59253506112, 0.13673052526, 0.14894462304],
      [0.020271678719, 0.12032886997, 0.037116583035, 0.093434532953, 0.72884833532]
    ],
    [
      [0.51933228722, 0.10465076206, 0.31212136813, 0.056945084912, 0.0069504976707],
      [0.054867376925, 0.60616778607, 0.027617472673, 0.30254257647, 0.0088047878611],
      [0.0042924688965, 0.0024657748334, 0.058231454811, 0.87855104976, 0.056459251704],
      [0.096363679716, 0.09038925994, 0.58196133352, 0.097452866182, 0.13383286064],
      [0.038356021335, 0.17986482779, 0.041160100652, 0.072849007948, 0.66777004227]
    ],
    [
      [0.26397138297, 0.077704302313, 0.5516706665, 0.097442270019, 0.0092113782016],
      [0.028593244609, 0.41589026303, 0.047358658411, 0.49694090707, 0.011216926878],
      [0.00080990621644, 0.00017759475936, 0.061419865135, 0.88983817701, 0.047754456878],
      [0.034754488454, 0.045334660667, 0.68957515263, 0.11202218307, 0.11831351518],
      [0.017409402194, 0.11089706942, 0.061212323822, 0.10385569804, 0.70662550653]
    ],
    [
      [0.35655555041, 0.068253486585, 0.48343863631, 0.086488264129, 0.0052640625659],
      [0.044947597102, 0.40549717269, 0.047627421033, 0.49469773769, 0.0072300714892],
      [0.0030249136357, 0, 0.061302991157, 0.90294745466, 0.032724640548],
      [0.056762323755, 0.045975279843, 0.70296714197, 0.11587356897, 0.078421685464],
      [0.036941809125, 0.1478841249, 0.082877622779, 0.14007673181, 0.59221971139]
    ],
    [
      [0.37197187846, 0.065226186707, 0.46844510831, 0.088412552242, 0.0059442742828],
      [0.047295340891, 0.38923478564, 0.046478530195, 0.50877653883, 0.0082148044474],
      [0.0029216788605, 0, 0.05803104379, 0.90276309328, 0.036284184074],
      [0.060308608269, 0.041486955068, 0.68878536834, 0.11970758592, 0.089711482403],
      [0.036060750152, 0.13184842694, 0.075025042625, 0.13366215009, 0.62340363019]
    ],
    [
      [0.37639194364, 0.046456827506, 0.46883214425, 0.10103734754, 0.0072817370616],
      [0.039206347974, 0.30446505062, 0.044919772452, 0.60114421592, 0.010264613037],
      [0.0059790907283, 0, 0.04689005152, 0.90648242209, 0.040648435666],
      [0.048649630598, 0.030245213046, 0.6791024679, 0.1336951556, 0.10830753285],
      [0.023917613171, 0.077354802409, 0.058707553923, 0.12626413924, 0.71375589125]
    ],
    [
      [0.42815202466, 0.062261516855, 0.42967257278, 0.073322246947, 0.0065916387624],
      [0.057798905065, 0.41823857113, 0.046514536248, 0.46738852385, 0.010059463702],
      [0.004296690683, 8.2038040237e-05, 0.062556227092, 0.88720688429, 0.045858159894],
      [0.070286160658, 0.045529993054, 0.67268043707, 0.10563552095, 0.10586788827],
      [0.037796774857, 0.11972566488, 0.064537993465, 0.10518017554, 0.67275939125]
    ],
    [
      [0.30375146895, 0.065435845186, 0.50990192725, 0.11413484714, 0.0067759114802],
      [0.032067867112, 0.34461541854, 0.043130202216, 0.57207529294, 0.0081112191921],
      [0.0021333410242, 0, 0.04819955544, 0.91631384376, 0.033353259776],
      [0.044344723095, 0.039093858361, 0.68281307473, 0.14064498662, 0.093103357193],
      [0.024604219054, 0.11575127424, 0.070156972866, 0.15055014138, 0.63893739245]
    ],
    [
      [0.96802619699, 0.012081332, 0.017320528325, 0.0023253540847, 0.00024658859655],
      [0.031242891, 0.87183179922, 0.012215826158, 0.082795510485, 0.0019139731328],
      [0.051341272579, 0, 0.050607579358, 0.79332646437, 0.1047246837],
      [0.13672060474, 0.096126150582, 0.6522748665, 0.049582054495, 0.065296323682],
      [0.033423071207, 0.19416611336, 0.035355093462, 0.034822655455, 0.70223306651]
    ],
    [
      [0.96266135638, 0, 0, 0.037338643619, 0],
      [0.037338643619, 0, 0, 0.96266135638, 0],
      [0, 0, 0, 1, 0],
      [0.11184427766, 0.0052488010981, 0.57056235099, 0.29403626567, 0.018308304578],
      [0.016751485051, 0.00014865415011, 0.029082053949, 0.42674835051, 0.52726945634]
    ],
    [
      [0.41616579763, 0.060133870579, 0.44887237741, 0.07049155671, 0.0043363976719],
      [0.043638648351, 0.44899443143, 0.044987841126, 0.45575136745, 0.0066277116391],
      [0.010223677677, 0.004667234779, 0.05969315362, 0.89463620923, 0.030779724699],
      [0.05557880819, 0.043779567658, 0.72741804237, 0.10285100238, 0.070372579406],
      [0.035568196135, 0.14918140494, 0.078190347721, 0.12585622969, 0.61120382152]
    ],
    [
      [0.24299972029, 0.17482915072, 0.496463015, 0.079750748299, 0.0059573656926],
      [0.015705966744, 0.66245766475, 0.02656072461, 0.27598336846, 0.019292275436],
      [0.0068443499922, 0, 0.061593014149, 0.88822269049, 0.043339945373],
      [0.030981274353, 0.10739552209, 0.67945513754, 0.097898333729, 0.084269732288],
      [0.014698492865, 0.25928851443, 0.054085714813, 0.088526947714, 0.58340033018]
    ],
    [
      [0.33814257313, 0.086761901058, 0.4809820097, 0.089437464364, 0.0046760517405],
      [0.037748238164, 0.45941921437, 0.042065510249, 0.45505755791, 0.0057094793062],
      [0.0029903304277, 0.00072321007363, 0.059166363789, 0.90985586761, 0.027264228101],
      [0.053043892029, 0.059065712384, 0.69864572189, 0.11966354257, 0.069581131127],
      [0.035698572638, 0.19243955239, 0.084233937919, 0.14818147496, 0.5394464621]
    ],
    [
      [0.28488336217, 0.10517952408, 0.53684530725, 0.068584426303, 0.0045073802006],
      [0.031051829939, 0.56821912836, 0.0463500168, 0.34888867053, 0.0054903543751],
      [0.00346462083, 0.00071642926408, 0.079635742225, 0.88113850606, 0.035044701624],
      [0.041587572261, 0.067649367478, 0.74016699898, 0.086946288528, 0.063649772755],
      [0.029399187785, 0.23440664011, 0.093061470261, 0.1136069639, 0.52952573795]
    ],
    [
      [0.17161102916, 0.17881192193, 0.59485176116, 0.051876368352, 0.0028489193945],
      [0.013431299906, 0.75496204891, 0.036155031792, 0.19291030402, 0.0025413153716],
      [0, 0, 0.10930853232, 0.86053632115, 0.030155146526],
      [0.015419672028, 0.071822668596, 0.79691172412, 0.071665001215, 0.044180934044],
      [0.018241695496, 0.42665701439, 0.10431433989, 0.089862419745, 0.36092453048]
    ],
    [
      [0.21262096053, 0.12537744972, 0.5193976061, 0.13853615258, 0.0040678310625],
      [0.013109012573, 0.49167933741, 0.026293639642, 0.46567204411, 0.0032459662649],
      [0.0033392693096, 0.0028063902862, 0.034958584185, 0.94641422906, 0.012481527162],
      [0.026519871931, 0.073686212105, 0.68117045269, 0.16473443696, 0.053889026308],
      [0.016681577047, 0.25227508049, 0.070688356338, 0.19837067438, 0.46198431174]
    ],
    [
      [0.42723238713, 0.060219309328, 0.4315021351, 0.076628599843, 0.0044175685922],
      [0.060109408401, 0.39771201975, 0.047389827381, 0.48803168789, 0.0067570565782],
      [0.0027259939361, 0, 0.062452307509, 0.90385339844, 0.030968300119],
      [0.074576594156, 0.04417273266, 0.69498538584, 0.11351320424, 0.072752083098],
      [0.051050855768, 0.1500915281, 0.08520542632, 0.1428177746, 0.57083441521]
    ],
    [
      [0.64604283408, 0.074663449377, 0.23004360535, 0.047239069459, 0.0020110417404],
      [0.08679066098, 0.55931302124, 0.026426444183, 0.3241649813, 0.0033048922903],
      [0, 0.00071013627597, 0.052735849098, 0.92278446818, 0.023769546445],
      [0.12073890607, 0.096803291849, 0.61975028497, 0.11046285534, 0.052244661774],
      [0.10398040686, 0.28760846269, 0.067202474484, 0.13340328386, 0.40780537211]
    ],
    [
      [0.53151306397, 0.061943094463, 0.34070229211, 0.06115042092, 0.0046911285379],
      [0.060047979844, 0.48262380533, 0.035427894924, 0.41454774381, 0.007352576093],
      [0.0022819068976, 0.011913690975, 0.041250326851, 0.89853373464, 0.046020340634],
      [0.089864509665, 0.054257969791, 0.6547635079, 0.10737332329, 0.093740689361],
      [0.042714332119, 0.13576720816, 0.054266576935, 0.099607804994, 0.66764407779]
    ],
    [
      [0.24863540275, 0.092979446639, 0.57608437695, 0.078098884496, 0.0042018891671],
      [0.026556230151, 0.51547065274, 0.048644764433, 0.4042171008, 0.005111251878],
      [0.001807695614, 0.0023120217238, 0.071383106672, 0.89238338618, 0.032113789808],
      [0.03403009937, 0.056658726663, 0.75825742409, 0.094142799366, 0.056910950511],
      [0.025114844004, 0.20791503056, 0.098222045965, 0.13047937015, 0.53826870932]
    ],
    [
      [0.87228022575, 0.011393169248, 0.108498091, 0.007523295106, 0.00030521889739],
      [0.43240356613, 0.31997021834, 0.047807745108, 0.19791912157, 0.0018993488481],
      [0, 0.00060049826482, 0.13215755, 0.86342872725, 0.0038132244821],
      [0.039144982045, 0.13751291903, 0.76071970038, 0.047681795367, 0.014940603177],
      [0.46093343056, 0.14831076414, 0.1086413319, 0.072452928687, 0.20966154472]
    ],
    [
      [0.30708407279, 0.049246985803, 0.58770439582, 0.055964545582, 0],
      [0.043660966481, 0.45229622817, 0.068077872921, 0.43351043091, 0.0024545015225],
      [0.0032137004517, 0.020585553693, 0.066817014844, 0.90938373101, 0],
      [0.060970475701, 0.031634113697, 0.83726329231, 0.070132118288, 0],
      [0.074221845896, 0.23060891911, 0.18254485407, 0.18010921477, 0.33251516616]
    ],
    [
      [0.31359340341, 0.090176412089, 0.50306193034, 0.089896154025, 0.0032721001429],
      [0.034329844344, 0.46908255723, 0.043060822071, 0.44960612803, 0.0039206483238],
      [0.002757006253, 0.0010188664266, 0.063891859113, 0.91985231372, 0.012479954489],
      [0.048687632616, 0.06072800572, 0.72339810759, 0.11899656779, 0.048189686281],
      [0.038928336334, 0.23546788384, 0.10343408871, 0.17537579056, 0.44679390055]
    ],
    [
      [0.30368256303, 0.10311374507, 0.4899081152, 0.098824651591, 0.0044709251103],
      [0.030026271452, 0.48239976039, 0.037851458483, 0.44489476176, 0.0048277479144],
      [0.0016073052551, 0.00033788825881, 0.055960551013, 0.91945730294, 0.022636952532],
      [0.046405463944, 0.068259998938, 0.69206458209, 0.12856112562, 0.064708829402],
      [0.031262868568, 0.22261226479, 0.083459773753, 0.15944759983, 0.50321749306]
    ],
    [
      [0.47077896872, 0.052446021624, 0.3763219504, 0.098798532288, 0.0016545269658],
      [0.055437414761, 0.32201995633, 0.036724935744, 0.58581769317, 0],
      [0.0030616606437, 0.00025273730416, 0.041482955226, 0.95520264683, 0],
      [0.084813062384, 0.043715608656, 0.70129867061, 0.17017265835, 0],
      [0.099321253246, 0.21348731812, 0.12432641843, 0.27856889046, 0.28429611974]
    ],
    [
      [0.051231926313, 0.24629691979, 0.64228291198, 0.059141960812, 0.0010462811103],
      [0, 0.83503156597, 0.021146879819, 0.14382155421, 0],
      [0, 0, 0.087407802217, 0.91259219778, 0],
      [0, 0.084084134749, 0.83742453339, 0.078491331862, 0],
      [0, 0.66016868082, 0.23559678255, 0.10423453663, 0]
    ],
    [
      [0.23556538479, 0.15626538439, 0.46940175915, 0.11815137835, 0.020616093326],
      [0.014453106988, 0.56478394132, 0.024013937878, 0.38110985935, 0.015639154458],
      [0.00097176108121, 0.0041551386311, 0.045643261801, 0.89359519325, 0.055634645234],
      [0.025670858453, 0.080511005096, 0.52624945518, 0.12181133051, 0.24575735076],
      [0.0060640355571, 0.095813717636, 0.021702781951, 0.054790773955, 0.8216286909]
    ],
    [
      [0.019103897551, 0.16886024808, 0.7420172132, 0.050894334548, 0.019124306615],
      [0.0010471805981, 0.94749801897, 0.010091344405, 0.03622939184, 0.0051340641858],
      [0, 0.030364059325, 0.098102311943, 0.78318579247, 0.088347836264],
      [0, 0.072088767938, 0.69597251752, 0.04289230802, 0.18904640653],
      [0, 0.092047635216, 0.024301366639, 0.018875786436, 0.86477521171]
    ],
    [
      [0.66329006105, 0.037878545814, 0.24610559839, 0.049552930772, 0.0031728639702],
      [0.11221329379, 0.37905637211, 0.038151629768, 0.46353809215, 0.0070406121794],
      [0, 0.00034324236718, 0.055155257534, 0.9070173712, 0.0374841289],
      [0.12453345483, 0.057606840815, 0.62486119664, 0.11255755807, 0.080440949643],
      [0.088321149816, 0.12875417903, 0.064021298301, 0.12521850489, 0.59368486796]
    ],
    [
      [0.54516237577, 0.0925818064, 0.31666007, 0.044012578345, 0.0015831694836],
      [0.068013044672, 0.6254925928, 0.032796032235, 0.27135533514, 0.0023429951547],
      [0, 0, 0.082138412119, 0.9063593533, 0.011502234576],
      [0.11219633914, 0.080376300639, 0.68771451712, 0.085585913861, 0.034126929232],
      [0.092236294343, 0.36412027013, 0.094333904525, 0.12648445516, 0.32282507584]
    ],
    [
      [0.038605353658, 0.050765075237, 0.71115538369, 0.18693892426, 0.012535263155],
      [0, 0.20871566576, 0.036382515282, 0.73866347403, 0.016238344928],
      [0, 0.00030838064517, 0.036213799399, 0.91782858543, 0.045649234527],
      [0, 0.027621788047, 0.68726741797, 0.15982962387, 0.12528117011],
      [0, 0.038052179964, 0.034195848499, 0.10464276183, 0.82310920971]
    ],
    [
      [0.30634070521, 0.070658403969, 0.548788446, 0.070270012904, 0.0039424319195],
      [0.041319342753, 0.45800897232, 0.058121177029, 0.43668266127, 0.0058678466253],
      [0.0040928482344, 0.0012393448264, 0.079118456654, 0.88727930593, 0.028270044356],
      [0.045604905071, 0.045931584885, 0.76259484143, 0.089818512838, 0.05605015578],
      [0.037332734265, 0.18281704888, 0.11125060733, 0.13557804267, 0.53302156684]
    ],
    [
      [0.27724102085, 0.069682202506, 0.5172983916, 0.12577409788, 0.010004287156],
      [0.027693174335, 0.33673034711, 0.040702661489, 0.58379000926, 0.011083807808],
      [0, 0, 0.04474029637, 0.91317580828, 0.042083895348],
      [0.036232720452, 0.034310362493, 0.65544911472, 0.14518692831, 0.12882087403],
      [0.017377706622, 0.09304933437, 0.054128052967, 0.12554228096, 0.70990262508]
    ],
    [
      [0.31591934787, 0.090844740111, 0.5020446969, 0.085968173226, 0.0052230418865],
      [0.033797518497, 0.48628149179, 0.042646426727, 0.43099616734, 0.0062783956546],
      [0.0033769588823, 0.0024244090561, 0.060381483056, 0.90154928082, 0.032267868182],
      [0.047046038949, 0.059634036071, 0.70656743538, 0.11140175092, 0.075350738688],
      [0.030099145239, 0.18821004844, 0.080480401473, 0.13184222393, 0.56936818091]
    ],
    [
      [0.29078631832, 0.10576724511, 0.47037730333, 0.12710927611, 0.0059598571289],
      [0.023554828992, 0.44028915516, 0.030757737862, 0.49981772916, 0.0055805488193],
      [0.0021040608969, 0.002057535195, 0.037224093931, 0.93228895833, 0.026325351643],
      [0.041150613809, 0.067516753689, 0.64676446018, 0.16045266121, 0.084115511112],
      [0.022749749881, 0.18465208356, 0.063016384977, 0.16510545877, 0.56447632281]
    ],
    [
      [0.31439667593, 0.050489072147, 0.55992847174, 0.068991020697, 0.0061947594889],
      [0.048813737543, 0.37726105899, 0.068208520089, 0.49509503942, 0.010621643962],
      [0.0029551823848, 0, 0.082526716414, 0.86730097963, 0.047217121567],
      [0.050674541654, 0.016376768157, 0.75228405967, 0.093473812963, 0.087190817557],
      [0.030292895838, 0.10329862154, 0.08975946899, 0.10546438445, 0.67118462918]
    ],
    [
      [0.36954114808, 0.053839488428, 0.50736798578, 0.063650226776, 0.0056011509315],
      [0.054268740598, 0.4144759636, 0.060844006082, 0.46080309848, 0.009608191239],
      [0.0068736545868, 0, 0.076293759818, 0.8703206303, 0.046511955298],
      [0.056805442923, 0.034446732907, 0.73981319248, 0.085153061783, 0.083781569908],
      [0.03525241886, 0.11618963798, 0.084105159394, 0.10224955717, 0.6622032266]
    ],
    [
      [0.36619794858, 0.093026936608, 0.47199379311, 0.063459537746, 0.0053217839547],
      [0.044474215879, 0.54680835651, 0.045232075724, 0.3563245946, 0.007160757282],
      [0.0053201665053, 0.0011761223951, 0.076356799426, 0.87354205243, 0.043604859246],
      [0.058567910726, 0.065193625733, 0.70711937725, 0.087471088858, 0.081647997435],
      [0.036294318222, 0.19661829965, 0.078220100807, 0.099995024423, 0.5888722569]
    ],
    [
      [0.39535462384, 0.061004390035, 0.46713174475, 0.07233112592, 0.0041781154596],
      [0.05579352245, 0.4145605854, 0.051967711291, 0.47115903958, 0.0065191412861],
      [0.0039908537968, 6.8920926999e-05, 0.069179518604, 0.89639064461, 0.030370062059],
      [0.065353102835, 0.044111270514, 0.72159673363, 0.10285102747, 0.066087865555],
      [0.047824361887, 0.15698788582, 0.094363373192, 0.13882667177, 0.56199770734]
    ],
    [
      [0.36554548181, 0.094004158925, 0.42629952007, 0.10620706855, 0.0079437706451],
      [0.035002612875, 0.44492079374, 0.032574849578, 0.47892989482, 0.0085718489914],
      [0.0036365435621, 0.0015193886198, 0.040914916263, 0.91451179709, 0.039417354466],
      [0.055972104941, 0.06382208024, 0.61966226595, 0.14208683797, 0.1184567109],
      [0.026182753633, 0.14611307819, 0.051632033414, 0.12297957296, 0.6530925618]
    ],
    [
      [0.0061216895252, 0.10213142515, 0.80316676279, 0.085632292596, 0.0029478299415],
      [0, 0.63645790082, 0.038080180931, 0.3226167487, 0.0028451695524],
      [0, 0.0029443363605, 0.075033760444, 0.91153815972, 0.010483743477],
      [0, 0.047905406715, 0.84580669922, 0.077326179036, 0.028961715032],
      [0, 0.29538737659, 0.11226520891, 0.14885215946, 0.44349525504]
    ],
    [
      [0.18577280677, 0.14493029237, 0.6012789949, 0.065720301966, 0.0022976039877],
      [0.013180899624, 0.71068676911, 0.033891593251, 0.24028260083, 0.0019581371925],
      [0.0047751830075, 0.0012462063096, 0.078730367863, 0.90131763024, 0.013930612584],
      [0.023953784671, 0.084407128494, 0.7840836214, 0.077498691323, 0.03005677411],
      [0.020189804605, 0.39533914743, 0.11087742148, 0.12565439101, 0.34793923547]
    ],
    [
      [0.98991206962, 0.00096806480239, 0.0053531132542, 0.0037096823869, 5.7069935503e-05],
      [0.05758212837, 0.16061295921, 0.026304404346, 0.75362411341, 0.0018763946636],
      [0.0019661306511, 0.015738117878, 0.020867571975, 0.9614281795, 0],
      [0.10207064168, 0.022617832468, 0.64713458027, 0.20361216526, 0.024564780318],
      [0.17670462446, 0.13558537245, 0.086386320877, 0.36407517103, 0.23724851117]
    ],
    [
      [0.2185538457, 0.086561374902, 0.61171644016, 0.075130984567, 0.0080373546711],
      [0.024003487513, 0.51214000909, 0.053584920897, 0.40000746542, 0.010264117079],
      [0.00076486029729, 0.0033244009242, 0.079022667336, 0.86505328535, 0.05183478609],
      [0.027176284396, 0.048508535753, 0.74073018981, 0.083543032675, 0.10004195737],
      [0.015128652428, 0.13556646239, 0.071878527445, 0.086678573086, 0.69074778465]
    ],
    [
      [0.36101476622, 0.065662542248, 0.48339094855, 0.083903257603, 0.0060284853826],
      [0.04559040512, 0.4035307177, 0.04838952614, 0.49400188626, 0.0084874647807],
      [0.0037025907522, 0, 0.061438665961, 0.8962227007, 0.03863604259],
      [0.057397079214, 0.0424267505, 0.69916478608, 0.11165441975, 0.089356964458],
      [0.033604466033, 0.13110819508, 0.075605390082, 0.12504262241, 0.63463932639]
    ],
    [
      [0.47130357685, 0.062269564823, 0.37580017178, 0.085808418181, 0.004818268366],
      [0.058134344173, 0.38880611266, 0.037602567246, 0.50864670497, 0.0068102709525],
      [0.0027903406331, 0.0012525608518, 0.046505114883, 0.91767625515, 0.031775728484],
      [0.083891519973, 0.049886266093, 0.64562666092, 0.13561292858, 0.084982624436],
      [0.048992540781, 0.14304260325, 0.067259876138, 0.14712979335, 0.59357518648]
    ],
    [
      [0.39396085364, 0.050735447829, 0.44202862585, 0.10948390957, 0.0037911631149],
      [0.045754944099, 0.29594477575, 0.041617200443, 0.61163704524, 0.0050460344654],
      [0.0038077833484, 0, 0.045242018132, 0.93542825801, 0.015521940514],
      [0.065745098079, 0.034048687331, 0.68435940244, 0.15583857045, 0.060008241703],
      [0.046380964186, 0.13215526455, 0.089313172297, 0.21191532947, 0.5202352695]
    ],
    [
      [0.34670156271, 0.063425107412, 0.45382170699, 0.12951224236, 0.0065393805198],
      [0.034358854386, 0.31191002812, 0.036032879409, 0.61035455244, 0.0073436856422],
      [0.0029434764644, 0, 0.036094910453, 0.93166116583, 0.029300447254],
      [0.054316640932, 0.039135012477, 0.64264006904, 0.16888675131, 0.095021526243],
      [0.028451081454, 0.11359060998, 0.063194063161, 0.17280627682, 0.62195796859]
    ],
    [
      [0.96802619699, 0.012081332, 0.017320528325, 0.0023253540847, 0.00024658859655],
      [0.031242891, 0.87183179922, 0.012215826158, 0.082795510485, 0.0019139731328],
      [0.051341272579, 0, 0.050607579358, 0.79332646437, 0.1047246837],
      [0.13672060474, 0.096126150582, 0.6522748665, 0.049582054495, 0.065296323682],
      [0.033423071207, 0.19416611336, 0.035355093462, 0.034822655455, 0.70223306651]
    ],
    [
      [0, 0.21873885333, 0.62988934649, 0.059628884016, 0.091742916167],
      [0, 0.81460989575, 0.026034792036, 0.15249200215, 0.0068633100658],
      [0, 0, 0.097649360182, 0.87734657117, 0.025004068652],
      [0, 0.091841044063, 0.7937098867, 0.080011716721, 0.034437352513],
      [0, 0.48952694559, 0.10257315343, 0.089986487379, 0.3179134136]
    ],
    [
      [0.28990500386, 0.17542051215, 0.44393808303, 0.083586952143, 0.0071494488111],
      [0.019506176214, 0.67007375858, 0.024616085362, 0.28003315421, 0.0057708256386],
      [0.0020743217398, 0, 0.053681990263, 0.89688252859, 0.047361159407],
      [0.051961085665, 0.096698721311, 0.63752467774, 0.10899529197, 0.10482022331],
      [0.018477969121, 0.26245609672, 0.049496282537, 0.091155349765, 0.57841430185]
    ],
    [
      [0, 0.052160500987, 0.83678893435, 0.034223301707, 0.076827262953],
      [0, 0.56272864777, 0.11174573664, 0.30494023231, 0.020585383279],
      [0, 0.0055201614156, 0.14758771415, 0.80891861613, 0.037973508309],
      [0, 0.034303485364, 0.90167637121, 0.033333577469, 0.03068656596],
      [0, 0.18751406467, 0.18997810332, 0.082176829435, 0.54033100258]
    ],
    [
      [0.0057697705945, 0.035714203331, 0.94823240916, 0.0085270372681, 0.001756579651],
      [0, 0.80814126619, 0.1155028836, 0, 0.076355850203],
      [0, 0.067411425683, 0.39685071423, 0.48966821489, 0.046069645198],
      [0, 0.023892328798, 0.96012880384, 0, 0.015978867366],
      [0, 0.12943297225, 0.17464878516, 0.020663570218, 0.67525467237]
    ],
    [
      [0.32127202045, 0.039430287616, 0.53601799307, 0.097531204592, 0.0057484942716],
      [0.042185651097, 0.26318975166, 0.056635669252, 0.62929229866, 0.0086966293329],
      [0.0020782523999, 0, 0.056870253256, 0.91021748803, 0.030834006312],
      [0.053472689338, 0, 0.73297968782, 0.1225983222, 0.090949300648],
      [0.033185045928, 0.077940761145, 0.085043051913, 0.15024491957, 0.65358622145]
    ],
    [
      [0.87511211675, 0.013119701677, 0.071491000635, 0.036569494522, 0.0037076864176],
      [0.08259595219, 0.80990089248, 0.014309595834, 0.073635543447, 0.01955801605],
      [0, 0.030389563036, 0.10828917649, 0.7059802426, 0.15534101788],
      [0.16609286932, 0.040985011541, 0.40905225543, 0.028710545116, 0.3551593186],
      [0.0010869449958, 0.0013164404836, 0.00049944150833, 0.00059395200688, 0.99650322101]
    ],
    [
      [0.32871056438, 0.06612275643, 0.52255690131, 0.07624735426, 0.0063624236237],
      [0.043913233209, 0.42367518749, 0.054846417231, 0.4682066075, 0.0093585545638],
      [0.0028581323602, 0, 0.071892017506, 0.88158363192, 0.043666218212],
      [0.050674816846, 0.040503809652, 0.72147519147, 0.09729904956, 0.090047132474],
      [0.030282235239, 0.12896150066, 0.080122998531, 0.11098116581, 0.64965209977]
    ],
    [
      [0.2813793971, 0.032833960202, 0.62772377405, 0.055815499198, 0.0022473694436],
      [0.053624491598, 0.32468772303, 0.096074034989, 0.52064755763, 0.0049661927601],
      [0.0047137843772, 0, 0.10159117961, 0.88008874069, 0.013606295322],
      [0.049053600168, 0.010076798369, 0.84174845218, 0.068521159242, 0.03059999004],
      [0.049304954897, 0.13019166114, 0.18732843035, 0.16251782652, 0.47065712708]
    ],
    [
      [0.71440384414, 0.041353664443, 0.22787732981, 0.014268296298, 0.0020968653051],
      [0.16177336885, 0.61511458206, 0.045259257704, 0.17180058387, 0.0060522075123],
      [0, 0.0010203969303, 0.15651783171, 0.76471353775, 0.077748233608],
      [0.12832793125, 0.090858664827, 0.68147278063, 0.037394479445, 0.061946143844],
      [0.12659342765, 0.18700505939, 0.076288856187, 0.047228981388, 0.56288367539]
    ],
    [
      [0.39776585553, 0.050702029968, 0.50657895106, 0.043304897305, 0.0016482661326],
      [0.071606034723, 0.47205784941, 0.073457176076, 0.37945227005, 0.003426669732],
      [0.0076544624637, 0.0063568827727, 0.11061439876, 0.87451600165, 0.00085825434611],
      [0.065183447077, 0.037490552078, 0.80757497542, 0.063112609455, 0.026638415973],
      [0.078377719023, 0.22474089026, 0.17069303792, 0.14169330058, 0.38449505222]
    ],
    [
      [0.29696158182, 0.11660540594, 0.52395791855, 0.058903529197, 0.0035715644979],
      [0.032274382163, 0.62240309566, 0.044737405764, 0.29628939261, 0.0042957238044],
      [0.0043528782748, 0, 0.091781259037, 0.87318567033, 0.030680192356],
      [0.047203094478, 0.075763629632, 0.7475342298, 0.077289089271, 0.052209956817],
      [0.034363269809, 0.28884233561, 0.10103322289, 0.10847363623, 0.46728753546]
    ],
    [
      [0.46109659605, 0.032590628658, 0.41787977121, 0.086318482469, 0.0021145216144],
      [0.059781399857, 0.24806246722, 0.047943237175, 0.64066147735, 0.0035514184057],
      [0.0036208903564, 0, 0.056456051614, 0.93992305803, 0],
      [0.085805761214, 0.015109611761, 0.72678015578, 0.136456803, 0.035847668243],
      [0.068536840174, 0.12310722822, 0.11703570756, 0.24166187943, 0.44965834461]
    ],
    [
      [0.36326199007, 0.41663326535, 0.2000090184, 0.019219316722, 0.00087640946364],
      [0.011084070549, 0.95252924559, 0.0054368965845, 0.030610481504, 0.00033930577491],
      [0.0093956130648, 0, 0.1471055864, 0.82570076297, 0.017798037571],
      [0.1414587199, 0.2159404593, 0.583947088, 0.038966242983, 0.019687489808],
      [0.026622519948, 0.83537825923, 0.027766659614, 0.026204023136, 0.084028538076]
    ],
    [
      [0.38187285689, 0.11378970371, 0.41841360792, 0.082842928389, 0.0030809030881],
      [0.036881039212, 0.54819913909, 0.032353180801, 0.37919778603, 0.0033688548699],
      [0.0030742067501, 0, 0.056461623308, 0.92530289426, 0.015161275679],
      [0.072451557307, 0.073095858796, 0.68077326713, 0.12285138639, 0.050827930377],
      [0.045134283301, 0.29403527649, 0.083886344125, 0.159062615, 0.41788148109]
    ],
    [
      [0.22111018964, 0.14337881677, 0.45386613019, 0.17676567746, 0.0048791859298],
      [0.00013292980876, 0.44321602585, 0.021691378195, 0.53157552377, 0.0033841423828],
      [0, 0.004374390776, 0.023665003254, 0.95914703093, 0.012813575044],
      [0.030254486567, 0.087914736431, 0.60101305769, 0.21456443864, 0.066253280665],
      [0.016940238297, 0.24527303158, 0.058650796725, 0.22428694399, 0.45484898941]
    ],
    [
      [0, 0, 0, 1, 0],
      [0.0089412925024, 0.10780984435, 0.0086631619092, 0.87142082289, 0.0031648783514],
      [0, 0, 0, 1, 0],
      [0, 0, 0, 1, 0],
      [0.014719284759, 0.090385479486, 0.028181756814, 0.3462779987, 0.52043548024]
    ],
    [
      [0.33362208663, 0.19121359805, 0.38349478228, 0.08802378125, 0.0036457517841],
      [0.027687089619, 0.61841440806, 0.037179465468, 0.31149673391, 0.0052223029407],
      [0.0036616391996, 0, 0.04838979179, 0.92536552881, 0.022583040203],
      [0.056822628076, 0.14258151611, 0.61195876157, 0.12912238571, 0.059514708531],
      [0.031807026503, 0.3879669004, 0.061117991299, 0.13322034402, 0.38588773777]
    ],
    [
      [0.3477599046, 0.11428562434, 0.44705437039, 0.083367982705, 0.0075321179687],
      [0.035135958478, 0.54091878844, 0.035209561606, 0.38047685232, 0.0082588391566],
      [0.0030109886081, 0.0002155293624, 0.058758724048, 0.89219089703, 0.045823860948],
      [0.054613237006, 0.077441707353, 0.64557296768, 0.11093559656, 0.1114364914],
      [0.026983076454, 0.18459415892, 0.057241032439, 0.10070766917, 0.63047406301]
    ],
    [
      [0.40425961067, 0.131881855, 0.38585819769, 0.069271856792, 0.0087284798557],
      [0.039854195135, 0.61176824931, 0.02971570035, 0.30929771144, 0.0093641437586],
      [0.0045193862343, 0, 0.061793745426, 0.87682252287, 0.056864345467],
      [0.068680974813, 0.095273496848, 0.59837243755, 0.098982430944, 0.13869065984],
      [0.028207640966, 0.19215582161, 0.044528418432, 0.07545666585, 0.65965145314]
    ],
    [
      [0, 0.20745100535, 0.58535355955, 0.18235282263, 0.02484261248],
      [0, 0.70364877805, 0.014476736461, 0.26936510703, 0.012509378461],
      [0, 0.0097740663551, 0.033494763801, 0.88969822975, 0.067032940095],
      [0, 0.091428583589, 0.53288611823, 0.10903515565, 0.26665014254],
      [0, 0.057213837089, 0.0092339284297, 0.026781292144, 0.90677094234]
    ]
  ],
  "expected_outcome": [
    [
      [0.27200788163, 10.7736831706, 2.8368252515, 0, 5.791261856, 0.60640922938, 1.8805786315, 0.85743017072, 5.5739026104, 17.098762744, 53.3188347107, 10.138391989, 0.42146022351, 5.1933228722, 2.1117710637, 26.7416662805, 39.4290191166, 0.75278388728, 6.8504323946, 2.4300117516, 0, 0.96266135638, 0.83233159525, 0.24299972029, 13.1875603523, 3.1337169839, 1.3728882333, 0.6378628816, 52.5495836174, 7.1064711748, 2.6575653198, 2.4863540275, 6.1059615803, 2.1495885096, 19.1291976079, 18.8283189079, 2.8246738123, 0, 0.47113076958, 0, 2.6531602442, 6.5419485093, 0, 7.352176925, 5.8220614379, 5.6865482617, 2.0355042283, 11.0038836575, 2.2172468885, 7.6901569203, 13.0467025866, 5.848727709, 0, 0.55731842032, 0, 1.0927692285, 5.4152214933, 6.598250076, 3.1516868291, 4.5071203153, 0, 0, 1.4495250193, 0, 0, 2.8914481841, 1.7502242335, 9.8613169314, 1.9696557797, 7.8584422856, 4.7731902664, 9.5027706182, 1.3832897882, 1.8163099504, 4.5824742827, 1.3266611379, 0, 5.0043312995, 45.9043074067, 35.170586128, 0],
