{
  "X": [
    [129, 178, 1507, 1498, 2136, 140],
    [9, 23, 103, 111, 160, 12],
    [18, 34, 110, 128, 123, 7],
    [17, 18, 59, 110, 141, 7],
    [13, 19, 103, 124, 102, 3],
    [9, 27, 114, 156, 138, 11],
    [30, 28, 80, 147, 158, 9],
    [13, 21, 99, 104, 146, 8],
    [13, 30, 75, 116, 123, 5],
    [11, 18, 28, 130, 159, 8],
    [15, 5, 17, 86, 121, 3],
    [11, 35, 234, 135, 84, 9],
    [12, 31, 260, 134, 93, 9],
    [11, 16, 238, 116, 85, 5],
    [11, 36, 190, 98, 77, 7],
    [7, 33, 149, 87, 69, 9],
    [12, 27, 177, 124, 103, 5],
    [26, 14, 47, 113, 215, 6],
    [23, 10, 32, 79, 191, 7],
    [15, 18, 64, 97, 134, 17],
    [11, 14, 85, 102, 166, 10],
    [21, 16, 32, 145, 185, 13],
    [16, 14, 40, 145, 150, 11],
    [15, 7, 14, 94, 161, 6],
    [11, 18, 63, 70, 78, 3],
    [17, 9, 36, 118, 185, 6],
    [16, 11, 24, 136, 170, 8],
    [19, 9, 13, 91, 184, 15],
    [11, 10, 16, 81, 181, 17],
    [18, 13, 28, 125, 275, 32],
    [13, 7, 12, 61, 175, 3],
    [21, 3, 9, 71, 182, 9],
    [18, 5, 14, 90, 166, 7],
    [24, 9, 15, 98, 184, 16],
    [27, 22, 47, 139, 211, 8],
    [7, 20, 107, 118, 143, 7],
    [19, 26, 120, 130, 156, 14],
    [6, 15, 167, 117, 109, 10],
    [5, 13, 63, 70, 56, 3],
    [6, 7, 70, 106, 41, 4],
    [18, 24, 103, 113, 160, 20],
    [19, 10, 57, 111, 161, 29],
    [17, 17, 115, 140, 86, 10],
    [21, 18, 45, 143, 206, 21],
    [22, 10, 42, 110, 171, 22],
    [4, 11, 54, 83, 74, 6],
    [16, 34, 141, 137, 85, 19],
    [5, 39, 93, 149, 206, 13],
    [9, 6, 32, 113, 232, 5],
    [23, 11, 17, 122, 234, 8],
    [18, 25, 24, 103, 188, 11],
    [26, 17, 23, 125, 244, 16],
    [24, 18, 49, 119, 247, 12],
    [12, 12, 16, 115, 169, 13],
    [7, 12, 4, 111, 202, 6],
    [15, 4, 11, 87, 162, 11],
    [20, 15, 37, 77, 186, 3],
    [8, 7, 39, 95, 201, 9],
    [28, 11, 14, 82, 266, 11],
    [43, 10, 82, 143, 158, 8],
    [18, 13, 103, 111, 99, 9],
    [16, 21, 86, 144, 135, 6],
    [18, 11, 62, 98, 80, 7],
    [14, 7, 71, 84, 103, 4],
    [4, 7, 43, 100, 138, 6],
    [18, 18, 36, 130, 139, 2],
    [20, 8, 35, 105, 131, 5],
    [8, 26, 162, 157, 125, 4],
    [11, 11, 100, 75, 64, 7],
    [9, 11, 58, 82, 103, 9],
    [24, 8, 42, 79, 174, 26],
    [33, 6, 40, 124, 252, 30],
    [28, 10, 29, 128, 229, 26],
    [10, 9, 48, 87, 124, 8],
    [11, 15, 55, 113, 113, 11],
    [14, 9, 14, 143, 185, 17],
    [21, 10, 20, 118, 147, 15],
    [6, 13, 23, 130, 239, 12],
    [13, 13, 28, 99, 172, 10],
    [38, 3, 15, 179, 244, 14]
  ],
  "W": [
    [192, 1420, 1377, 1915, 684],
    [20, 91, 106, 154, 47],
    [33, 105, 123, 104, 55],
    [24, 56, 95, 134, 43],
    [23, 84, 118, 99, 40],
    [27, 100, 157, 126, 45],
    [34, 77, 136, 141, 64],
    [17, 90, 110, 132, 42],
    [24, 69, 108, 106, 55],
    [12, 23, 121, 151, 47],
    [7, 11, 94, 108, 27],
    [36, 218, 133, 73, 48],
    [25, 241, 137, 77, 59],
    [22, 209, 126, 73, 41],
    [39, 166, 106, 65, 43],
    [27, 141, 84, 68, 34],
    [34, 159, 119, 87, 49],
    [11, 42, 105, 207, 56],
    [9, 34, 78, 177, 44],
    [22, 57, 92, 115, 59],
    [11, 78, 99, 139, 61],
    [12, 38, 144, 143, 75],
    [10, 44, 151, 120, 51],
    [4, 15, 92, 146, 40],
    [15, 62, 79, 64, 23],
    [10, 38, 123, 162, 38],
    [6, 26, 133, 145, 55],
    [7, 11, 96, 167, 50],
    [8, 14, 91, 154, 49],
    [13, 23, 124, 245, 86],
    [6, 10, 56, 176, 23],
    [2, 9, 63, 179, 42],
    [5, 15, 92, 151, 37],
    [10, 12, 88, 173, 63],
    [20, 46, 128, 202, 58],
    [18, 83, 125, 138, 38],
    [24, 99, 129, 153, 60],
    [22, 124, 121, 111, 46],
    [13, 55, 75, 46, 21],
    [3, 58, 120, 31, 22],
    [27, 97, 115, 142, 57],
    [16, 54, 107, 152, 58],
    [14, 104, 144, 74, 49],
    [21, 41, 153, 186, 53],
    [16, 41, 124, 147, 49],
    [12, 57, 79, 63, 21],
    [39, 132, 143, 70, 48],
    [35, 82, 153, 173, 62],
    [6, 27, 109, 214, 41],
    [9, 16, 118, 208, 64],
    [22, 23, 97, 167, 60],
    [17, 21, 128, 224, 61],
    [19, 46, 126, 223, 55],
    [14, 11, 117, 143, 52],
    [11, 6, 109, 177, 39],
    [7, 13, 80, 150, 40],
    [13, 28, 70, 180, 47],
    [11, 39, 87, 186, 36],
    [8, 11, 68, 253, 72],
    [17, 76, 146, 146, 59],
    [9, 92, 124, 84, 44],
    [18, 82, 139, 103, 66],
    [8, 63, 94, 66, 45],
    [13, 61, 88, 88, 33],
    [10, 41, 92, 122, 33],
    [11, 31, 122, 124, 55],
    [6, 34, 101, 123, 40],
    [23, 156, 153, 94, 56],
    [13, 88, 72, 60, 35],
    [15, 55, 74, 85, 43],
    [9, 41, 60, 172, 71],
    [8, 33, 127, 244, 73],
    [10, 25, 127, 215, 73],
    [8, 42, 91, 116, 29],
    [11, 57, 109, 100, 41],
    [9, 12, 131, 179, 51],
    [12, 18, 111, 147, 43],
    [17, 25, 118, 212, 51],
    [10, 23, 105, 162, 35],
    [6, 14, 177, 231, 65]
  ],
  "method": "mvn_pdf",
  "cond_prob": [
    [
      [0.0021858101824, 0.61631847767, 0.16787988318, 0.13874509714, 0.027471979964, 0.047398751861],
      [0, 0.01201170091, 0.95776064364, 0.025522986611, 0.0027599194897, 0.0019447493541],
      [0.023130823389, 0.016112482313, 0.054736085273, 0.79916709207, 0.1000035115, 0.0068500054554],
      [0.020135452642, 0.0018197366967, 0.0022775976416, 0.046760017359, 0.90487454585, 0.024132649809],
      [0.08504355092, 0.024763966486, 0.051189706963, 0.35836225342, 0.37465892329, 0.10598159892]
    ],
    [
      [0.00074198683791, 0.75325842941, 0.13674259874, 0.071116608178, 0.011593970062, 0.026546406768],
      [0, 0.017376741619, 0.96245455597, 0.016897911413, 0.0012270300131, 0.0020437609877],
      [0.019552606586, 0.034131121829, 0.081380957992, 0.77756636088, 0.079340272346, 0.0080286803671],
      [0.021781006085, 0.00096881962294, 0.0020048921648, 0.056385778837, 0.88685131786, 0.032008185428],
      [0.075708702724, 0.055030867841, 0.079715925354, 0.36030880221, 0.31215508613, 0.11708061574]
    ],
    [
      [0.0030917803217, 0.76594971887, 0.09625110178, 0.094720256987, 0.017172458959, 0.022814683085],
      [0.00089619020797, 0.028333538096, 0.94078022086, 0.028078832226, 0.0017988473431, 0.00011237126632],
      [0.042676965546, 0.02741558157, 0.044848899277, 0.7921155988, 0.089798371565, 0.0031445832402],
      [0.044568089382, 0.00050910001456, 0.0021254250808, 0.047950777163, 0.88810664227, 0.01673996609],
      [0.14399133127, 0.042246815322, 0.041896938755, 0.35470644833, 0.34247526154, 0.074683204788]
    ],
    [
      [0.0053996330302, 0.62192195691, 0.11811950697, 0.18500671521, 0.02933226691, 0.040219920965],
      [0.00062223859129, 0.018350021085, 0.93353105762, 0.043080301831, 0.0026497579023, 0.0017666229733],
      [0.041995144248, 0.012033601342, 0.027961371125, 0.83143082048, 0.082603882174, 0.0039751806295],
      [0.047665235685, 0.00050187705547, 0, 0.053609921923, 0.88058194409, 0.017641021243],
      [0.15020658514, 0.019437865125, 0.028629356958, 0.39482987091, 0.33261139155, 0.074284930327]
    ],
    [
      [0.0026462747973, 0.60451597309, 0.25390811052, 0.11196949091, 0.01231764922, 0.014642501472],
      [0, 0.010619070694, 0.97095138934, 0.018398833973, 3.070599038e-05, 0],
      [0.027702969778, 0.021249668569, 0.093401584699, 0.80233065747, 0.055315119485, 0],
      [0.051046241028, 0.002913946517, 0.0012801030753, 0.080622840034, 0.85770495775, 0.0064319115921],
      [0.1154151846, 0.035204727108, 0.11130198886, 0.43056302276, 0.2568534962, 0.050661580463]
    ],
    [
      [0.00086992636329, 0.70963747404, 0.14623317557, 0.096865770703, 0.014606316896, 0.031787336433],
      [0, 0.01578927432, 0.96069386805, 0.020568963702, 0.00078774813355, 0.0021601457968],
      [0.016449242678, 0.027059919839, 0.067165625704, 0.80553718081, 0.076100845293, 0.0076871856812],
      [0.023249267286, 0.00090724883881, 0.0029700978968, 0.058615161532, 0.88456454385, 0.029693680601],
      [0.076990515772, 0.042180888904, 0.068068486321, 0.38828622403, 0.31386420878, 0.1106096762]
    ],
    [
      [0.0054727161843, 0.66530624009, 0.10261975988, 0.15857493106, 0.029556330743, 0.038470022046],
      [0, 0.023241300812, 0.92393970018, 0.045477790544, 0.0055044530828, 0.0018367553813],
      [0.058567019444, 0.015227596954, 0.026637894974, 0.80077396775, 0.09474456177, 0.004048959113],
      [0.057782451398, 0.00096816544809, 0.0011492106717, 0.052222874208, 0.87077925356, 0.017098044719],
      [0.21408573997, 0.021602236885, 0.024730919201, 0.34121839993, 0.32665791743, 0.071704786585]
    ],
    [
      [0.0019275875289, 0.77228785136, 0.11850201847, 0.069049567257, 0.014874729716, 0.023358245662],
      [0.00080803947532, 0.022271138961, 0.95799277507, 0.016621873831, 0.00083524280401, 0.0014709298561],
      [0.035319241315, 0.034081423953, 0.070921271422, 0.75181113335, 0.10136617146, 0.0065007584952],
      [0.032972768823, 0, 0.0025399012875, 0.040402459669, 0.90254243856, 0.021542431656],
      [0.11088060548, 0.050422556797, 0.062607359596, 0.31661522301, 0.36633516646, 0.093139088658]
    ],
    [
      [0.0016976097033, 0.83149931523, 0.07536386338, 0.067388559877, 0.011473903896, 0.012576747915],
      [0.00089119718743, 0.034694945496, 0.93560636372, 0.026523848454, 0.0022836451416, 0],
      [0.030599097993, 0.037266246645, 0.050828783096, 0.79612937826, 0.08419006986, 0.00098642414547],
      [0.034816093102, 0, 0.0038769651581, 0.054687201959, 0.89632946776, 0.010290272017],
      [0.10731920562, 0.065914737413, 0.04970838729, 0.37770386836, 0.3357018848, 0.063651916518]
    ],
    [
      [0.0011170447247, 0.83573738439, 0.058508666488, 0.075619198344, 0.011249683589, 0.017768022462],
      [0, 0.044831982143, 0.91659921425, 0.035044956823, 0.0017557821522, 0.0017680646297],
      [0.023990892936, 0.03330501507, 0.035255021318, 0.82555995988, 0.077026897769, 0.0048622130278],
      [0.026163975273, 0, 0.0015087056512, 0.061067069735, 0.8898051709, 0.021455078436],
      [0.087934833017, 0.061917212224, 0.036647700885, 0.40792878591, 0.32220819938, 0.08336326859]
    ],
    [
      [0.0074611943934, 0.55502857177, 0.17543318849, 0.17713845923, 0.04447015963, 0.040468426481],
      [5.0649511507e-05, 0.010100851979, 0.9586261624, 0.027826816169, 0.0023958828035, 0.00099963713262],
      [0.058246737939, 0.0069924517474, 0.042609306358, 0.76877071164, 0.12210605989, 0.0012747324223],
      [0.043701700927, 0, 0.0025947640572, 0.036565993952, 0.90818373772, 0.0089538033438],
      [0.17600879364, 0.012829635614, 0.03487298438, 0.30519857652, 0.41113114328, 0.059958866569]
    ],
    [
      [0.0016393300978, 0.7018960591, 0.17698733564, 0.084157032405, 0.010387442933, 0.024932799828],
      [0, 0.013857304324, 0.96678012409, 0.017914607519, 0, 0.0014479640655],
      [0.026869174897, 0.032173958069, 0.090364619948, 0.78638029193, 0.058196562062, 0.0060153930935],
      [0.036785666455, 0.0011737950356, 0.0040166105047, 0.065771055082, 0.86255784376, 0.029695029159],
      [0.097542295917, 0.048875543109, 0.094972538439, 0.38906451138, 0.26914972303, 0.10039538812]
    ],
    [
      [0.0012729153662, 0.73497327117, 0.17472199907, 0.061804713113, 0.0088562275693, 0.018370873719],
      [0.00081811999575, 0.014889956235, 0.96590638449, 0.017472284092, 4.2190937293e-05, 0.00087106424718],
      [0.02597493769, 0.038251195089, 0.11434542379, 0.74819194032, 0.067665096699, 0.0055714064104],
      [0.034930273112, 0.00090239917824, 0.0039068840653, 0.060576734878, 0.87260338652, 0.027080322249],
      [0.09360699498, 0.063174411938, 0.11665013946, 0.35724334401, 0.27640419128, 0.09292091834]
    ],
    [
      [0.0020687991122, 0.50980808681, 0.36915571403, 0.086301845355, 0.013012407078, 0.019653147613],
      [0.0016297759314, 0.0053669689183, 0.96870870985, 0.021526736667, 0.0027678086304, 0],
      [0.029629608561, 0.01864601186, 0.16049352893, 0.72070027782, 0.068541306966, 0.0019892658657],
      [0.037788867692, 0.00060808056522, 0.0024887256525, 0.061557676028, 0.87764258745, 0.019914062608],
      [0.1005352495, 0.030944834403, 0.17108761742, 0.34878844107, 0.27880832875, 0.069835528855]
    ],
    [
      [0.0020114166011, 0.6894708904, 0.22067446096, 0.059631235952, 0.0094767019681, 0.018735294116],
      [0.00267569161, 0.014480716164, 0.96506158707, 0.016284164853, 0.0011421313288, 0.00035570897123],
      [0.031592101183, 0.038384661747, 0.1417178677, 0.71108050336, 0.071751214038, 0.0054736519723],
      [0.03965859624, 0.0021662977826, 0.0016179408791, 0.055769411858, 0.87456549302, 0.026222260223],
      [0.10583298754, 0.058075648607, 0.1410747078, 0.32492244896, 0.27880067648, 0.09129353062]
    ],
    [
      [0.00081421960526, 0.82274926061, 0.10359704064, 0.048760891946, 0.0047043429741, 0.019374244231],
      [0, 0.020020698504, 0.95670721726, 0.02144767464, 0, 0.0018244095962],
      [0.022281014586, 0.057379201587, 0.092147141848, 0.77237790085, 0.047841903225, 0.0079728379043],
      [0.03486492377, 0, 0.0055738914154, 0.074615878426, 0.84015300461, 0.044792301777],
      [0.080458706737, 0.092441133567, 0.093758168754, 0.37369736438, 0.22717231045, 0.13247231611]
    ],
    [
      [0.002510981068, 0.61977375093, 0.22733129444, 0.11169973831, 0.017441813729, 0.021242421513],
      [0, 0.010317984127, 0.97079946002, 0.017324618447, 0.001557937409, 0],
      [0.028979650922, 0.021511941948, 0.086363312373, 0.78626615371, 0.076878941049, 0],
      [0.037392990602, 0.0015829433757, 0.0023906924171, 0.057104120291, 0.88883323153, 0.012696021781],
      [0.10638485718, 0.03243869034, 0.090375457826, 0.38599722057, 0.32004451341, 0.064759260685]
    ],
    [
      [0.004026945749, 0.75038079831, 0.096172463364, 0.10565574303, 0.021084350868, 0.022679698675],
      [0, 0.025749954975, 0.94019781289, 0.030841227004, 0.002745590493, 0.00046541463608],
      [0.053038557837, 0.023330884593, 0.039400246783, 0.78355327183, 0.098899213549, 0.0017778254056],
      [0.050201884661, 0.0015525550934, 0.0016297052154, 0.045763059088, 0.89081074923, 0.010042046717],
      [0.17847973034, 0.03380698791, 0.035346783388, 0.33565015212, 0.35483062192, 0.06188572432]
    ],
    [
      [0.0072970083114, 0.71303063503, 0.064839417508, 0.13073172648, 0.039513708519, 0.044587504148],
      [0, 0.033981989357, 0.90269836583, 0.053584940914, 0.006054641688, 0.003680062214],
      [0.088708770418, 0.016721220482, 0.001863069815, 0.74474438677, 0.14209212174, 0.0058704307756],
      [0.039433170701, 0.0014143005911, 0, 0.03599932193, 0.90840172518, 0.014751481598],
      [0.20534935497, 0.019835232828, 0.013167758153, 0.26226328002, 0.42200518076, 0.077379193273]
    ],
    [
      [0.0038842115709, 0.63406042348, 0.13296936137, 0.121177032, 0.027575628228, 0.080333343357],
      [0.00092060797924, 0.017160761423, 0.95204814845, 0.025602836615, 0.0020474708159, 0.0022201747189],
      [0.041261484711, 0.017676254951, 0.047158313809, 0.77366535588, 0.11005720801, 0.010181382637],
      [0.035840452653, 0.00087738457134, 0.0021871627536, 0.037598287039, 0.88735329004, 0.036143422941],
      [0.11770108546, 0.022803264428, 0.037590525445, 0.2944699637, 0.3577243873, 0.16971077367]
    ],
    [
      [0.0018994522309, 0.71404548869, 0.12956911766, 0.095720966229, 0.024328709837, 0.034436265346],
      [0, 0.018608503522, 0.95676385538, 0.02097991117, 0.0016170279785, 0.002030701948],
      [0.027343640184, 0.024262722155, 0.057182684901, 0.76276315227, 0.12124835653, 0.0071994439553],
      [0.020592669625, 0.0018442883497, 0.002284941041, 0.035087858913, 0.9199084523, 0.02028178977],
      [0.088683681465, 0.03337165206, 0.048663383213, 0.31016183339, 0.42189170234, 0.097227747535]
    ],
    [
      [0.004132406784, 0.74375145957, 0.043523215161, 0.12353626691, 0.034970010145, 0.050086641435],
      [0.033667592485, 0.052227828641, 0.82836108995, 0.072833117535, 0.0063829019513, 0.0065274694389],
      [0.047955112927, 0.020630721885, 0, 0.78370427054, 0.13846358146, 0.009246313188],
      [0.019808347751, 0.0013076978515, 0, 0.040105936475, 0.91747862156, 0.021299396361],
      [0.13243883486, 0.025766670034, 0, 0.29548456609, 0.44266147988, 0.10364844914]
    ],
    [
      [0.0035380109116, 0.74028980347, 0.051243164088, 0.12264305057, 0.030784525661, 0.0515014453],
      [0.00072230297072, 0.045209806399, 0.87979696649, 0.063348588648, 0.0048981307088, 0.0060242047797],
      [0.04725532835, 0.020633862272, 0.0012053703571, 0.79630011183, 0.12473636307, 0.0098689641212],
      [0.023412422155, 0.00098965073022, 0, 0.04021989184, 0.91111574192, 0.024262293356],
      [0.11740771217, 0.026929395941, 0.0116566845, 0.31212799385, 0.41779523802, 0.11408297552]
    ],
    [
      [0.0037066644777, 0.76526516293, 0.050825920535, 0.11879538159, 0.028336337932, 0.033070532528],
      [0.00040341875366, 0.042354204777, 0.89014955066, 0.059196812892, 0.004494495386, 0.0034015175267],
      [0.05738086004, 0.020551852789, 0, 0.79803474882, 0.11916733279, 0.0048652055657],
      [0.028457997828, 0.0020348451853, 0, 0.042067524653, 0.9122649791, 0.015174653232],
      [0.13863038136, 0.027894210573, 0.011111326447, 0.32689526974, 0.41662889131, 0.078839920577]
    ],
    [
      [0.0031787492319, 0.81317899146, 0.072526070273, 0.071979771984, 0.019371193847, 0.019765223204],
      [0.00070914091849, 0.035906331085, 0.93257004353, 0.027645026523, 0.0026251163087, 0.00054434163892],
      [0.056039611574, 0.0325172981, 0.041059429088, 0.74186092932, 0.12489259386, 0.0036301380526],
      [0.042496363625, 0, 0.0015444807515, 0.032841988448, 0.9103032332, 0.012813933975],
      [0.16354154079, 0.043793741346, 0.032618460053, 0.28249613473, 0.40959795831, 0.067952164772]
    ],
    [
      [0.0064365593679, 0.6211931519, 0.081978892139, 0.18431239683, 0.053000211461, 0.053078788306],
      [0.00069430771507, 0.024311698801, 0.90508396353, 0.061055443136, 0.0055725949952, 0.0032819918267],
      [0.059157617777, 0.010750886966, 0.0022402143667, 0.78272489414, 0.14086478655, 0.0042616001935],
      [0.026901754881, 7.7903421376e-06, 0, 0.038204283583, 0.922581029, 0.012305142195],
      [0.13880998516, 0.014226389324, 0.013459844671, 0.29927666506, 0.45983536399, 0.074391751793]
    ],
    [
      [0.0028994320725, 0.77838116078, 0.047770160055, 0.11421069176, 0.02518871235, 0.031549842981],
      [0.00043865937504, 0.048989830356, 0.88044118313, 0.062046537139, 0.0045243925239, 0.003559397481],
      [0.046468291279, 0.022984209027, 0.00062543673724, 0.81187375137, 0.11284661309, 0.0052016984929],
      [0.023433700483, 0.0013237012607, 0, 0.045698048378, 0.91256957452, 0.016974975354],
      [0.11623689007, 0.032857108412, 0.013431367134, 0.34720181702, 0.4072735577, 0.082999259667]
    ],
    [
      [0.0043800688423, 0.71933284164, 0.067640267415, 0.10437605296, 0.030895571762, 0.07337519738],
      [0.00022627788345, 0.032544590537, 0.91683416629, 0.040584535763, 0.0037590399009, 0.0060513896228],
      [0.062977893366, 0.021442241898, 0.016225239187, 0.74812443717, 0.13842706224, 0.012803126139],
      [0.034476708393, 0.0019527166615, 0, 0.03150463967, 0.89986683428, 0.032199100997],
      [0.14326724793, 0.024442414158, 0.017674386738, 0.25483433886, 0.40351244518, 0.15626916713]
    ],
    [
      [0.0026890752372, 0.71467033221, 0.064513929996, 0.089206640829, 0.035346697824, 0.093573323906],
      [7.3313441496e-05, 0.034144788497, 0.91679935903, 0.036494070939, 0.0047645829676, 0.0077238851285],
      [0.044161966028, 0.024263171404, 0.020064826199, 0.71702016306, 0.17860813174, 0.015881741574],
      [0.017143374211, 0.0026097938237, 0, 0.025562946459, 0.92198134825, 0.032702537258],
      [0.088135560671, 0.024382723608, 0.016791803053, 0.21612043444, 0.45738887015, 0.19718060808]
    ],
    [
      [0.0031606005153, 0.62326358744, 0.091481743196, 0.11671398036, 0.035822800936, 0.12955728756],
      [8.3133625775e-05, 0.023241238993, 0.92991606776, 0.035466913834, 0.0043277038893, 0.0069649419006],
      [0.03868317949, 0.01789481484, 0.028884668287, 0.7536922978, 0.14781076027, 0.013034279306],
      [0.022639454441, 0.0019326920814, 0, 0.033571747375, 0.90653730861, 0.035318797496],
      [0.088530459595, 0.019425096121, 0.021406615262, 0.24400065352, 0.39540222693, 0.23123494858]
    ],
    [
      [0.0034532043582, 0.76496973273, 0.075773055565, 0.11022588968, 0.023562038069, 0.022016079601],
      [0.0002220069165, 0.027937929103, 0.93089117078, 0.037077406418, 0.0025731870099, 0.0012982997753],
      [0.043923155331, 0.020455782494, 0.028929053828, 0.79785269918, 0.10658201445, 0.0022572947216],
      [0.040929660896, 0.001676150943, 0, 0.041841189579, 0.90784688369, 0.0077061148875],
      [0.14407581254, 0.030011996826, 0.026800997585, 0.34452478599, 0.39492398097, 0.059662426088]
    ],
    [
      [0.0077033638144, 0.65092916725, 0.076783697811, 0.1656657136, 0.037803779138, 0.061114278381],
      [0, 0.023188032664, 0.91399495289, 0.054431233373, 0.0040325262587, 0.0043532548162],
      [0.080579059569, 0.011580950648, 2.2781037546e-05, 0.78725089316, 0.11283170436, 0.007734611224],
      [0.043602905177, 0.00064593938563, 0, 0.043235515865, 0.88894249708, 0.023573142492],
      [0.19293315459, 0.015338722158, 0.014739114834, 0.30578152056, 0.3728332227, 0.098374265162]
    ],
    [
      [0.0076090595028, 0.62786957583, 0.075466794662, 0.17756562916, 0.04921258229, 0.062276358551],
      [0.00024489456091, 0.024657118034, 0.90414450555, 0.061016680631, 0.0053723600494, 0.004564441173],
      [0.070407050691, 0.010669479613, 0, 0.77712612272, 0.1347813479, 0.0070159990765],
      [0.032418266905, 8.4438297838e-06, 0, 0.039626359676, 0.90998340152, 0.017963528073],
      [0.17799119778, 0.013727789395, 0.0016350930653, 0.28966859577, 0.42881010952, 0.088167214473]
    ],
    [
      [0.0062070872258, 0.6332242419, 0.095419423173, 0.15303893426, 0.033129253375, 0.078981060067],
      [0, 0.021424685072, 0.92760874614, 0.04315166966, 0.0030294387512, 0.0047854603774],
      [0.062667596045, 0.013540752988, 0.018485243216, 0.78788759263, 0.10705432572, 0.010364489396],
      [0.044778498746, 0.00054894366656, 0, 0.042931425439, 0.87919322959, 0.032547902563],
      [0.1694682602, 0.017842981634, 0.020441260501, 0.30461183919, 0.35097055269, 0.13666510579]
    ],
    [
      [0.0041071934624, 0.76005183016, 0.068959659445, 0.11851096709, 0.021627018434, 0.026743331417],
      [0, 0.036887769106, 0.91079348822, 0.047105149181, 0.0034708925574, 0.00174270094],
      [0.055226189753, 0.022452503556, 0.018655125091, 0.80755801289, 0.093052706966, 0.0030554617487],
      [0.048153206527, 0.0014545066751, 0, 0.051497207905, 0.88429078798, 0.014604290914],
      [0.17451648489, 0.033351641629, 0.023042247268, 0.35677727844, 0.3425916019, 0.069720745863]
    ],
    [
      [0.00036579942374, 0.67033859758, 0.24456631245, 0.060528972807, 0.009370497377, 0.014829820361],
      [0, 0.010656803722, 0.96590974085, 0.019475923517, 0.0034393260957, 0.00051820582048],
      [0.030056320052, 0.035893862456, 0.12931957908, 0.72860874083, 0.071479192807, 0.0046423047712],
      [0.0056672392782, 0.0024149490538, 0, 0.078134130063, 0.89086864182, 0.022915039786],
      [0.064586752196, 0.05866828311, 0.16479869739, 0.35356248118, 0.28081829761, 0.077565488514]
    ],
    [
      [0.002033485133, 0.70858608738, 0.18551916417, 0.068175861169, 0.0097274146353, 0.025957987505],
      [0.0012915765794, 0.01387709487, 0.9683097208, 0.014876065308, 0, 0.0016455424399],
      [0.038794465531, 0.033526246591, 0.10328672351, 0.74881658575, 0.067607324195, 0.0079686544147],
      [0.043762259876, 0.00088590466519, 0, 0.063654166192, 0.85673816989, 0.034959499377],
      [0.11872030768, 0.052661204777, 0.10601483945, 0.34257703128, 0.26607095391, 0.1139556629]
    ],
    [
      [0.00029076679294, 0.37727878146, 0.5368119366, 0.062103181502, 0.0073883188936, 0.016127014754],
      [0.021111429412, 0.016053211727, 0.86786349964, 0.079327640214, 0.011071137691, 0.0045730813115],
      [0.010272957143, 0.02545506729, 0.26338723356, 0.64270522202, 0.049615906251, 0.008563613743],
      [0, 0, 0, 0.11905386105, 0.84173604196, 0.039210096992],
      [0.046364305853, 0.03541750895, 0.3414175691, 0.32206069956, 0.17453066515, 0.080209251386]
    ],
    [
      [0.0015984447033, 0.7101710379, 0.16486209993, 0.086758486956, 0.015841319678, 0.02076861083],
      [9.3816346228e-05, 0.015401682721, 0.96788746531, 0.014945879828, 0.0010949751982, 0.00057618060045],
      [0.02495160686, 0.026625536907, 0.078444565098, 0.77717921777, 0.088561101119, 0.0042379722421],
      [0.0265565676, 0.0012662269161, 0.0023816485228, 0.047189055866, 0.90526164284, 0.017344858258],
      [0.089575604561, 0.041215345308, 0.077623042604, 0.36147516077, 0.35474862161, 0.075362225149]
    ],
    [
      [0.0014968222628, 0.68471258185, 0.19446324653, 0.084213595082, 0.011550941721, 0.023562812548],
      [0, 0.011591147709, 0.9705111523, 0.016076943274, 0, 0.001820756714],
      [0.02454338008, 0.027448589948, 0.090243419514, 0.7867333773, 0.063497536025, 0.0075336971319],
      [0.032891716946, 0.0012364065498, 0.0028345023598, 0.062391444432, 0.87381218822, 0.026833741491],
      [0.092302759014, 0.04279164957, 0.10044925055, 0.38512529324, 0.28443022804, 0.094900819586]
    ],
    [
      [0.0038336880177, 0.66232859404, 0.11881238319, 0.10510958275, 0.025801814014, 0.084113937986],
      [0.0011672282472, 0.020710129099, 0.94861772097, 0.025344816854, 0.0032211813708, 0.00093892345807],
      [0.046093091046, 0.021346246759, 0.047610846573, 0.75774992197, 0.11635462871, 0.010845264942],
      [0.038075361476, 0.0013324069459, 0.0018603373088, 0.035659728281, 0.88382651604, 0.039245649951],
      [0.12413793831, 0.025688162712, 0.035732130981, 0.27190651909, 0.35274997983, 0.18978526908]
    ],
    [
      [0.005869882107, 0.44435166384, 0.11177029166, 0.15511881071, 0.036060776624, 0.24682857506],
      [0, 0.012555154287, 0.93255085366, 0.043118500093, 0.011775491963, 0],
      [0.047189216081, 0.010929454182, 0.031719763091, 0.78659118188, 0.12357038476, 0],
      [0.048209830275, 0.0027144991927, 0.0018119448995, 0.05159799538, 0.85464311094, 0.041022619317],
      [0.112567958, 0.010867923659, 0.020422395872, 0.24450945284, 0.2872304651, 0.32440180453]
    ],
    [
      [0.0029656991856, 0.69806181331, 0.15054355132, 0.099327514749, 0.013652455936, 0.035448965502],
      [0, 0.016216593005, 0.96166113937, 0.019556770749, 0, 0.0025654968725],
      [0.0418890925, 0.025106341217, 0.066042958401, 0.79339015573, 0.065167168138, 0.0084042840188],
      [0.05251310097, 0.0010815117369, 0.0030562901034, 0.059170810907, 0.85112532107, 0.033052965209],
      [0.14368329428, 0.037658447701, 0.064148577743, 0.36629975926, 0.27431672746, 0.11389319355]
    ],
    [
      [0.0047476155758, 0.62793314239, 0.09372092453, 0.13190656467, 0.034670844111, 0.10702090872],
      [0.00049876169713, 0.023395590003, 0.92740429156, 0.039436354691, 0.0036782911151, 0.0055867109306],
      [0.050736081802, 0.016718952722, 0.0253165114, 0.76885067632, 0.12744055055, 0.0109372272],
      [0.034701149946, 0.0015124497012, 0, 0.036188234983, 0.89101642118, 0.036581744185],
      [0.12571351769, 0.019148479412, 0.021412422387, 0.26882842293, 0.37535176911, 0.18954538847]
    ],
    [
      [0.0084544501171, 0.46686553027, 0.095870342764, 0.15698612554, 0.055168435993, 0.21665511531],
      [0.00050205810026, 0.016796050479, 0.92012550825, 0.047221986884, 0.0072800506098, 0.0080743456788],
      [0.072821261745, 0.0099772140157, 0.016905930909, 0.72719076591, 0.16390978427, 0.0091950431538],
      [0.037980719467, 0.0010421253798, 0, 0.035843947702, 0.88994669161, 0.035186515844],
      [0.14757433057, 0.0092070709642, 0.013154964181, 0.20635520906, 0.38105808232, 0.2426503429]
    ],
    [
      [0.0020149247171, 0.65358537058, 0.077968766988, 0.17311470026, 0.032667100698, 0.060649136757],
      [0, 0.027302428462, 0.90240807218, 0.059152327713, 0.004947067995, 0.0061901036455],
      [0.018741900138, 0.013919993154, 0.015617182347, 0.84189845508, 0.10015679274, 0.0096656765464],
      [0.015164361875, 0.0011422025065, 0, 0.047443290627, 0.90932187454, 0.026928270446],
      [0.073326475922, 0.020433281598, 0.018731298867, 0.38343026937, 0.38696891396, 0.11710976028]
    ],
    [
      [0.0035763985876, 0.67062387873, 0.12514144348, 0.098969417406, 0.01724417166, 0.084444690138],
      [0, 0.018576612354, 0.95294544385, 0.025096801632, 0.0033811421595, 0],
      [0.046117727558, 0.026728307478, 0.055953291253, 0.78286791151, 0.084865766231, 0.0034669959721],
      [0.046378963065, 0.0011980875768, 0.0027527981772, 0.049534017749, 0.83917698956, 0.060959143876],
      [0.125399125, 0.030990454147, 0.044513929044, 0.30020671495, 0.27089526459, 0.22799451228]
    ],
    [
      [0, 0.79365633588, 0.091609941701, 0.070062830825, 0.017931635206, 0.026739256384],
      [0, 0.025199867708, 0.94435033914, 0.023874864367, 0.0041927859927, 0.0023821427969],
      [0.0086495554962, 0.036357600515, 0.057211730601, 0.76807609955, 0.12141846585, 0.0082865479909],
      [0.0017414609264, 0.0015784229777, 0.0031341460638, 0.04183481034, 0.92856038203, 0.023150777662],
      [0.054441052723, 0.053546113518, 0.0493761642, 0.31995155843, 0.41630020888, 0.10638490224]
    ],
    [
      [0.0028226047987, 0.60612445775, 0.14083667415, 0.17179711809, 0.041060527446, 0.037358617761],
      [0, 0.01361298181, 0.94801547451, 0.034089351017, 0.0032588558676, 0.0010233368001],
      [0.021946042081, 0.011489414148, 0.036264973687, 0.80545401246, 0.12277310027, 0.0020724573576],
      [0.015325397673, 0.00015375390937, 0.0011197241863, 0.041084796144, 0.93381825696, 0.0084980711308],
      [0.080763675178, 0.017328128436, 0.033318513064, 0.35273588003, 0.4499090929, 0.065944710387]
    ],
    [
      [0.0047050592136, 0.72149958552, 0.069228518818, 0.13266666251, 0.035048966014, 0.03685120792],
      [0.00027649618215, 0.033018927097, 0.90852774307, 0.051029420903, 0.0043376287079, 0.0028097840382],
      [0.060701294485, 0.018082670267, 0.0066675965171, 0.78107435538, 0.12969397975, 0.0037801035994],
      [0.031196445701, 0.0015322879527, 0, 0.038991355586, 0.91636376997, 0.011916140788],
      [0.14533776677, 0.023839529861, 0.016464422695, 0.30800864697, 0.43293130441, 0.073418329304]
    ],
    [
      [0.0028155036939, 0.81406442596, 0.049464438296, 0.082787784114, 0.020321967214, 0.030545880725],
      [0.00038634920159, 0.05219904181, 0.89686169333, 0.043658872715, 0.0033335729648, 0.0035604699793],
      [0.053746812504, 0.032111861395, 0.011669005905, 0.77545756576, 0.11939217463, 0.0076225798058],
      [0.029911237804, 0.0010431025275, 0, 0.039170593229, 0.9082894817, 0.021585584739],
      [0.12867592268, 0.043349266497, 0.01920116397, 0.30689402881, 0.403514336, 0.098365282033]
    ],
    [
      [0.0050511763798, 0.70805442611, 0.071781592696, 0.12016522424, 0.033189913752, 0.06175766683],
      [0.0001506370018, 0.032586924064, 0.91316496056, 0.045147495028, 0.0038912310851, 0.0050587522612],
      [0.066050449936, 0.019536351787, 0.012008704115, 0.76048295982, 0.1314980996, 0.01042343474],
      [0.035419145276, 0.0014978998428, 0, 0.035289377186, 0.90093929778, 0.026854279913],
      [0.15610853264, 0.023648635365, 0.017477616816, 0.27479433517, 0.40511305182, 0.12285782818]
    ],
    [
      [0.0052568029991, 0.68974759753, 0.092112799797, 0.12231403716, 0.038101214503, 0.052467548012],
      [0.00022985588725, 0.025772937085, 0.93006425605, 0.037032662062, 0.0033883608109, 0.0035119281081],
      [0.059850517409, 0.018180956199, 0.02567568165, 0.74328078793, 0.14480917088, 0.008202885931],
      [0.03569894852, 0.00098303272951, 0, 0.030460006126, 0.91316606756, 0.019691945065],
      [0.15250030289, 0.021804068385, 0.022395729779, 0.26411945807, 0.44069497692, 0.098485463962]
    ],
    [
      [0.0033110992833, 0.63942579449, 0.10232272876, 0.14449607108, 0.038416140593, 0.072028165792],
      [2.7715131933e-05, 0.020829117491, 0.9331923382, 0.038608000204, 0.0031589022138, 0.0041839267551],
      [0.033943778411, 0.014798638592, 0.026196861077, 0.78434610238, 0.13003900694, 0.010675612603],
      [0.021399696627, 0.0006019012898, 0, 0.03561552084, 0.9152379096, 0.027144971642],
      [0.094649250997, 0.019257807405, 0.023794871751, 0.30174718355, 0.42949694659, 0.13105393972]
    ],
    [
      [0.0019182390005, 0.76560759829, 0, 0.15808422247, 0.038027609176, 0.03636233106],
      [0.16246854778, 0.085798061562, 0.66666666667, 0.074245949447, 0.0066516311079, 0.0041691434348],
      [0.025508618386, 0.019094625242, 0, 0.80798710904, 0.14312144018, 0.0042882071428],
      [0, 0, 0, 0.044566215378, 0.94331131512, 0.0121224695],
      [0.082657658468, 0.025184971743, 0, 0.32966109868, 0.48654991681, 0.075946354299]
    ],
    [
      [0.0079636010948, 0.49258166242, 0.079106294794, 0.24631399969, 0.05948027933, 0.11455416267],
      [0.085520482142, 0.018390326399, 0.80355814896, 0.07866971216, 0.0060123125252, 0.0078490178169],
      [0.05860164616, 0, 0, 0.80924254896, 0.12205493993, 0.010100864952],
      [0.022568591777, 0, 0, 0.046037483892, 0.90341751008, 0.027976414254],
      [0.14397670163, 0.0078213529966, 0, 0.31520173109, 0.40571140689, 0.12728880739]
    ],
    [
      [0.0028456996618, 0.76547338744, 0.12677303498, 0.075263709021, 0.016033695729, 0.013610473167],
      [0, 0.019357718904, 0.96174203335, 0.016957176838, 0.0019430709094, 0],
      [0.049674042393, 0.030897372497, 0.069328194599, 0.75045888269, 0.099641507824, 0],
      [0.048657498067, 0.0012296536883, 0.0036448584323, 0.04417473501, 0.89974444616, 0.0025488086446],
      [0.16441432521, 0.045163321175, 0.062002669612, 0.32049354769, 0.35762234285, 0.050303793464]
    ],
    [
      [0.0038856682629, 0.5196393257, 0.1136801735, 0.22743166218, 0.05738328383, 0.077979886532],
      [0, 0.014715848979, 0.92156388988, 0.054648683138, 0.0049129711041, 0.0041586068941],
      [0.034270417172, 0.0037733291937, 0.013134604768, 0.81253169067, 0.12899502204, 0.0072949361546],
      [0.011017123934, 0, 0, 0.040726504651, 0.92816127126, 0.020095100152],
      [0.081292952874, 0.01060471298, 0.018494882534, 0.33615461445, 0.45323929534, 0.10021354182]
    ],
    [
      [0.0042234453327, 0.77616422297, 0.068464203839, 0.094284443324, 0.024812512282, 0.032051172255],
      [4.8936442542e-05, 0.034879309495, 0.92289718601, 0.036466924641, 0.0030980795462, 0.002609563868],
      [0.059772733675, 0.024976429364, 0.029663836236, 0.75512049063, 0.12443098592, 0.0060355241709],
      [0.043180366177, 0.0015080796042, 0, 0.035336256209, 0.90315072512, 0.016824572886],
      [0.18022910561, 0.032320451045, 0.017823284155, 0.28550447359, 0.40012472955, 0.083997956049]
    ],
    [
      [0.01610684273, 0.50053968157, 0.17187291063, 0.21171966835, 0.044099199537, 0.055661697182],
      [0, 0, 0.93271208116, 0.048334292372, 0.016584450651, 0.0023691758145],
      [0.072653315775, 0.0069415506688, 0.043688452799, 0.75413899033, 0.11708624892, 0.0054914415091],
      [0.076419368648, 0, 0.0022733365872, 0.066609764559, 0.83736335295, 0.017334177255],
      [0.35528087708, 0.0080908307744, 0.025112222041, 0.2694583255, 0.28203819466, 0.06001954994]
    ],
    [
      [0.0032197930441, 0.70667132606, 0.15790416363, 0.081628174105, 0.016150349024, 0.034426194132],
      [0, 0.015651386941, 0.96586795725, 0.015009169036, 0.00093351942346, 0.0025379673499],
      [0.051257807792, 0.027910764214, 0.077553837956, 0.74215400739, 0.091919135184, 0.009204447467],
      [0.052146728957, 0.0011109090738, 0.0019777813653, 0.042862328985, 0.87301418644, 0.028888065177],
      [0.16442564691, 0.03740407596, 0.06673183907, 0.30129478025, 0.31903633291, 0.11110732491]
    ],
    [
      [0.0029186517027, 0.73803626851, 0.096516011812, 0.11439065142, 0.023782463105, 0.024355953455],
      [0.00030215000473, 0.027095080031, 0.93596161366, 0.033578011217, 0.003063145085, 0],
      [0.03544131157, 0.022690301349, 0.036881257912, 0.79989941635, 0.10478878024, 0.00029893258377],
      [0.032465656524, 0.0010162685011, 0.00094588196667, 0.043342007742, 0.91050657045, 0.011723614815],
      [0.11594519756, 0.033862470625, 0.034696042042, 0.35662614674, 0.39352909936, 0.065341043677]
    ],
    [
      [0.0049637433404, 0.73001304812, 0.079571559497, 0.12531110261, 0.021768798968, 0.03837174746],
      [0, 0.027837037767, 0.91972535472, 0.044538485139, 0.0038756805567, 0.0040234418203],
      [0.053916945646, 0.021822600601, 0.0250739372, 0.80286892946, 0.0885167915, 0.0078007955915],
      [0.059632673332, 0.0013072164366, 0, 0.05047341154, 0.86446328162, 0.02412341707],
      [0.19902979384, 0.028190255431, 0.023639557334, 0.34201471299, 0.31570059434, 0.091425086076]
    ],
    [
      [0.006635703147, 0.46876129429, 0.27265592074, 0.17064856494, 0.039996947901, 0.041301568974],
      [0.00050371199302, 0.0039142873238, 0.97415400258, 0.019100044306, 0.0023279537972, 0],
      [0.05193917276, 0.0033453514451, 0.066845942477, 0.76029781061, 0.11223203446, 0.0053396882473],
      [0.044594358508, 0, 0.0030092975673, 0.038841346449, 0.90397395622, 0.0095810412523],
      [0.16327450533, 0.011301233949, 0.057115689366, 0.31188545855, 0.39126991865, 0.065153194163]
    ],
    [
      [0.0019992510961, 0.54591794359, 0.13387947266, 0.21929650282, 0.044937944041, 0.053968885786],
      [0, 0.011830317679, 0.93449517374, 0.046237364239, 0.0048970111323, 0.0025401332117],
      [0.012478039459, 0.006683923164, 0.026752060744, 0.83824174494, 0.1104128034, 0.005431428295],
      [0.0062760246921, 0, 0, 0.048683264366, 0.92774216218, 0.017298548765],
      [0.062616752921, 0.013359291155, 0.026839804901, 0.38950618942, 0.42446428499, 0.083213676607]
    ],
    [
      [0.0021336522685, 0.84075347104, 0.060573748055, 0.074899071578, 0.01204601801, 0.0095940390456],
      [0.00069906929746, 0.04253361857, 0.91965564538, 0.034338282621, 0.0027733841368, 0],
      [0.033509643286, 0.033697665298, 0.036912135641, 0.8124368361, 0.083443719671, 0],
      [0.047215763095, 0, 0.0022164634257, 0.059230843343, 0.89133693014, 0],
      [0.1456714104, 0.060400990482, 0.037204395487, 0.39363099768, 0.3286473774, 0.034444828555]
    ],
    [
      [0.0056018560368, 0.70642091161, 0.086547625462, 0.14463389863, 0.025488090395, 0.031307617862],
      [0, 0.025965519222, 0.92306533462, 0.045730003068, 0.0036286076754, 0.0016105354164],
      [0.056300679227, 0.016826863887, 0.021322282645, 0.81081209395, 0.091844994768, 0.0028930855273],
      [0.053285136941, 0.0017016947871, 0, 0.051970705884, 0.87842363444, 0.014618827951],
      [0.19314871045, 0.024245629134, 0.023573558077, 0.35732395479, 0.33503118224, 0.06667696531]
    ],
    [
      [0.0010620959329, 0.72490715156, 0.12325270197, 0.1104785677, 0.021483972304, 0.018815510538],
      [0, 0.015326532011, 0.95104276742, 0.028352607119, 0.0052780934505, 0],
      [0.013355388234, 0.026850991627, 0.050723102711, 0.80932136566, 0.099749151766, 0],
      [0.018697324474, 0.007572966015, 0.0023853884976, 0.048505410398, 0.91911648011, 0.0037224305079],
      [0.074547301664, 0.037788142787, 0.050315266136, 0.38661265552, 0.39328422694, 0.057452406962]
    ],
    [
      [0.0030803959252, 0.59067795047, 0.25792674336, 0.10167895268, 0.012823960012, 0.033811997545],
      [0, 0.0086556254507, 0.97291508063, 0.015387918403, 0, 0.0030413755203],
      [0.041330316938, 0.019664961153, 0.10150910428, 0.77218684018, 0.05732752086, 0.007981256595],
      [0.053509927264, 0.0011400537179, 0.0013857690224, 0.064713621329, 0.84598535854, 0.033265270123],
      [0.13638789707, 0.030720319377, 0.10396067406, 0.36696477209, 0.25561672872, 0.10634960868]
    ],
    [
      [0.0038235910208, 0.58283252184, 0.13742684893, 0.17187563861, 0.037474651502, 0.066566748088],
      [0.00039029150742, 0.014196292439, 0.9451741468, 0.034439505424, 0.0017642408371, 0.0040355229889],
      [0.031518623857, 0.010525211447, 0.034694254844, 0.80494978059, 0.10921558967, 0.00909653959],
      [0.026836866522, 0, 0.00069787100894, 0.039619445139, 0.90725247992, 0.025593337412],
