{
  "Z_true": {},
  "V_true": [
    [0, 30, 221, 68, 275, 295, 278],
    [2, 34, 161, 158, 377, 395, 465],
    [2, 49, 1370, 37, 178, 219, 137],
    [0, 72, 33, 2003, 173, 124, 143],
    [5, 588, 91, 62, 455, 9850, 386],
    [4, 421, 77, 84, 379, 303, 10790],
    [44, 383, 205, 392, 977, 1102, 957]
  ],
  "p_true": [
    [0, 0.0257, 0.1894, 0.0583, 0.2356, 0.2528, 0.2382],
    [0.0013, 0.0214, 0.1011, 0.0992, 0.2368, 0.2481, 0.2921],
    [0.001, 0.0246, 0.6878, 0.0186, 0.0894, 0.1099, 0.0688],
    [0, 0.0283, 0.013, 0.7861, 0.0679, 0.0487, 0.0561],
    [0.0004, 0.0514, 0.008, 0.0054, 0.0398, 0.8612, 0.0338],
    [0.0003, 0.0349, 0.0064, 0.007, 0.0314, 0.0251, 0.8948],
    [0.0108, 0.0943, 0.0505, 0.0966, 0.2406, 0.2714, 0.2357]
  ],
  "Z_est": {},
  "V_est": [
    [0, 0, 518.4446, 289.2923, 0, 359.2632, 0],
    [0, 0, 34.4623, 7.2839, 1043.1101, 421.7656, 85.3781],
    [0, 0, 1504.8444, 214.0247, 0, 170.2671, 102.8638],
    [0, 0, 0, 2002.5811, 151.9502, 7.6257, 385.843],
    [0, 116.0331, 0, 290.818, 218.2292, 10811.9197, 0],
    [0, 0, 0, 0, 83.121, 0, 11974.879],
    [57, 1460.9669, 100.2488, 0, 1317.5895, 517.1587, 607.0361]
  ],
  "p_est": [
    [0, 0, 0.4443, 0.2479, 0, 0.3079, 0],
    [0, 0, 0.0216, 0.0046, 0.6552, 0.2649, 0.0536],
    [0, 0, 0.7554, 0.1074, 0, 0.0855, 0.0516],
    [0, 0, 0, 0.7859, 0.0596, 0.003, 0.1514],
    [0, 0.0101, 0, 0.0254, 0.0191, 0.9453, 0],
    [0, 0, 0, 0, 0.0069, 0, 0.9931],
    [0.014, 0.3598, 0.0247, 0, 0.3245, 0.1274, 0.1495]
  ],
  "EI_Z": {},
  "EI_V": 16.1754,
  "MAE_Z": {},
  "MAE_V": 230.1127,
  "MAE_p": 0.0711,
  "runtime": 0.0685
}
