{
  "X": [
    [1, 14, 14, 4, 2],
    [0, 4, 15, 1, 1],
    [79, 233, 601, 26, 61],
    [33, 630, 867, 151, 52],
    [6, 12, 28, 0, 0],
    [20, 30, 49, 3, 6],
    [0, 4, 4, 1, 2],
    [34, 100, 288, 21, 28],
    [144, 430, 1420, 103, 103],
    [56, 590, 1393, 211, 72],
    [0, 15, 7, 2, 2],
    [1, 8, 27, 1, 1],
    [5, 21, 70, 6, 2],
    [0, 10, 6, 2, 0],
    [2, 27, 67, 5, 1],
    [3, 14, 22, 5, 2],
    [4, 32, 109, 18, 5],
    [14, 293, 354, 89, 29],
    [3, 15, 20, 1, 0],
    [0, 4, 12, 1, 1],
    [190, 516, 998, 54, 95],
    [0, 3, 9, 0, 0],
    [62, 203, 622, 97, 40],
    [2, 31, 91, 23, 13],
    [30, 204, 907, 68, 26],
    [1, 14, 14, 4, 2],
    [3, 74, 138, 19, 13],
    [2, 8, 20, 2, 0],
    [32, 113, 272, 26, 25],
    [31, 115, 209, 14, 31],
    [6, 67, 89, 18, 12],
    [8, 115, 196, 37, 25],
    [10, 99, 152, 32, 9],
    [15, 135, 217, 53, 22],
    [1, 12, 225, 16, 3],
    [0, 0, 48, 9, 0],
    [0, 3, 3, 0, 0],
    [4, 14, 123, 8, 2],
    [3, 4, 73, 2, 2],
    [4, 47, 185, 38, 10],
    [0, 8, 76, 4, 4],
    [5, 10, 125, 9, 6],
    [3, 12, 137, 11, 6],
    [3, 13, 15, 0, 3],
    [1, 3, 67, 4, 0],
    [1, 5, 85, 13, 4],
    [2, 7, 53, 0, 2],
    [32, 142, 325, 26, 32],
    [74, 264, 591, 36, 77],
    [3, 14, 68, 5, 3],
    [18, 49, 59, 10, 10],
    [19, 162, 441, 76, 24],
    [18, 160, 266, 58, 19],
    [22, 201, 413, 76, 30],
    [12, 210, 433, 89, 28],
    [2, 12, 188, 21, 6],
    [2, 5, 69, 4, 2],
    [1, 3, 10, 0, 0],
    [1, 12, 79, 9, 5],
    [0, 2, 11, 1, 0],
    [5, 142, 75, 46, 15],
    [1, 2, 59, 6, 0],
    [7, 47, 84, 22, 4],
    [3, 24, 60, 11, 7],
    [12, 95, 244, 53, 11],
    [0, 1, 12, 1, 0],
    [1, 20, 194, 18, 2],
    [1, 4, 55, 3, 1],
    [5, 38, 177, 18, 10],
    [11, 21, 57, 13, 8],
    [1, 4, 80, 4, 3],
    [1, 5, 67, 7, 5],
    [15, 229, 256, 93, 29],
    [9, 115, 191, 44, 12],
    [10, 110, 190, 26, 18],
    [2, 25, 172, 6, 10],
    [7, 58, 138, 30, 17],
    [2, 48, 45, 7, 9],
    [0, 6, 96, 8, 4],
    [0, 5, 85, 12, 6],
    [2, 84, 292, 60, 23],
    [8, 85, 208, 31, 11],
    [1, 10, 72, 9, 1],
    [42, 127, 184, 25, 24],
    [37, 103, 168, 19, 28],
    [3, 28, 253, 19, 14],
    [5, 24, 83, 17, 5],
    [7, 13, 36, 7, 0],
    [9, 60, 63, 11, 12],
    [13, 115, 317, 41, 28],
    [47, 157, 427, 73, 46],
    [5, 29, 131, 25, 9],
    [7, 66, 116, 24, 12],
    [1, 24, 109, 11, 7],
    [1, 16, 143, 29, 7],
    [0, 12, 101, 16, 3],
    [1, 8, 83, 19, 3],
    [0, 6, 69, 9, 1],
    [3, 19, 73, 12, 4],
    [0, 9, 52, 9, 5],
    [3, 21, 68, 8, 1],
    [1, 58, 266, 24, 8],
    [6, 93, 418, 44, 16],
    [71, 156, 291, 22, 53],
    [136, 525, 954, 123, 125],
    [99, 437, 973, 126, 119]
  ],
  "W": [
    [2, 2, 15, 16, 0],
    [1, 0, 3, 16, 1],
    [121, 25, 201, 621, 32],
    [70, 219, 530, 849, 65],
    [3, 1, 14, 28, 0],
    [16, 5, 26, 58, 3],
    [0, 0, 5, 6, 0],
    [65, 18, 89, 284, 15],
    [217, 90, 398, 1441, 54],
    [72, 272, 486, 1411, 81],
    [0, 3, 15, 8, 0],
    [2, 3, 7, 24, 2],
    [8, 5, 16, 73, 2],
    [0, 2, 11, 5, 0],
    [5, 5, 25, 67, 0],
    [2, 6, 13, 23, 2],
    [1, 22, 31, 110, 4],
    [26, 119, 249, 359, 26],
    [4, 3, 13, 18, 1],
    [0, 2, 4, 12, 0],
    [294, 63, 438, 1021, 37],
    [0, 0, 3, 9, 0],
    [76, 72, 178, 645, 53],
    [12, 21, 25, 90, 12],
    [36, 85, 189, 903, 22],
    [2, 2, 15, 16, 0],
    [7, 17, 67, 143, 13],
    [4, 3, 8, 16, 1],
    [59, 22, 96, 280, 11],
    [72, 5, 74, 227, 22],
    [7, 21, 58, 89, 17],
    [15, 54, 91, 208, 13],
    [13, 56, 73, 152, 8],
    [25, 63, 114, 221, 19],
    [2, 15, 10, 226, 4],
    [1, 6, 0, 46, 4],
    [1, 0, 2, 3, 0],
    [4, 5, 13, 127, 2],
    [3, 4, 4, 71, 2],
    [8, 40, 46, 176, 14],
    [1, 12, 5, 71, 3],
    [1, 21, 6, 121, 6],
    [5, 13, 10, 136, 5],
    [5, 0, 10, 19, 0],
    [0, 10, 2, 62, 1],
    [2, 14, 4, 85, 3],
    [2, 2, 6, 54, 0],
    [70, 18, 125, 331, 13],
    [134, 45, 219, 606, 38],
    [7, 4, 9, 69, 4],
    [29, 10, 43, 55, 9],
    [23, 103, 132, 432, 32],
    [36, 66, 130, 266, 23],
    [39, 100, 166, 403, 34],
    [31, 108, 161, 431, 41],
    [4, 36, 7, 178, 4],
    [2, 7, 4, 68, 1],
    [0, 0, 4, 10, 0],
    [3, 13, 9, 77, 4],
    [0, 1, 2, 10, 1],
    [14, 53, 123, 71, 22],
    [0, 6, 2, 58, 2],
    [6, 22, 46, 86, 4],
    [6, 4, 17, 67, 11],
    [11, 139, 56, 199, 10],
    [0, 3, 1, 10, 0],
    [4, 17, 16, 191, 7],
    [2, 4, 2, 55, 1],
    [6, 24, 34, 175, 9],
    [15, 8, 17, 60, 10],
    [1, 8, 2, 77, 4],
    [3, 2, 7, 68, 5],
    [27, 119, 201, 252, 23],
    [18, 65, 98, 180, 10],
    [15, 53, 96, 181, 9],
    [3, 11, 20, 171, 10],
    [9, 34, 65, 129, 13],
    [5, 12, 44, 44, 6],
    [0, 7, 6, 95, 6],
    [2, 11, 3, 89, 3],
    [18, 58, 70, 296, 19],
    [12, 43, 62, 207, 19],
    [1, 22, 9, 56, 5],
    [69, 23, 101, 196, 13],
    [78, 15, 80, 166, 16],
    [5, 24, 21, 254, 13],
    [5, 15, 27, 85, 2],
    [4, 6, 15, 33, 5],
    [12, 11, 57, 63, 12],
    [18, 69, 96, 314, 17],
    [69, 59, 133, 436, 53],
    [5, 25, 30, 132, 7],
    [14, 38, 53, 109, 11],
    [3, 13, 21, 107, 8],
    [2, 29, 13, 146, 6],
    [0, 23, 10, 97, 2],
    [3, 29, 4, 78, 0],
    [1, 6, 5, 71, 2],
    [2, 27, 13, 65, 4],
    [0, 19, 4, 47, 5],
    [5, 16, 11, 65, 4],
    [7, 32, 56, 255, 7],
    [20, 42, 79, 421, 15],
    [78, 22, 152, 327, 14],
    [242, 130, 440, 981, 70],
    [180, 148, 338, 972, 116]
  ],
  "method": "mvn_pdf",
  "cond_prob": [
    [
      [0.32528707136, 0.30636599151, 0.018105910575, 0, 0.35024102656],
      [0.00071050925402, 0.028926130605, 0.02615714267, 0.94216717065, 0.0020390468233],
      [0.011960817711, 0.87409146267, 0.014148680621, 0.057259482575, 0.042539556424],
      [0.01053703582, 0.013627738483, 0.85620273026, 0.078548338755, 0.04108415668],
      [6.9196100173e-05, 0.040180111267, 0.017146125957, 0.88939976342, 0.053204803256]
    ],
    [
      [0, 0.71905077393, 0.024334480567, 0.001038435822, 0.25557630968],
      [5.087767779e-07, 0.1778363953, 0.16109942272, 0.65990317148, 0.0011605017279],
      [0, 0.98005449117, 0, 0.0085301986966, 0.011415310132],
      [0, 0.0066484712398, 0.93027859637, 0.028519403239, 0.034553529149],
      [0, 0.23441021272, 0.091207977472, 0.51706051627, 0.15732129354]
    ],
    [
      [0.54342069804, 0.22606291085, 0.021764053195, 0, 0.20875233792],
      [0, 0.27401452576, 0.3481989874, 0.37444911478, 0.0033373720544],
      [0.023689319353, 0.91381684409, 0.014278945808, 0.011598273395, 0.036616617356],
      [0.013599144702, 0.011854046312, 0.93753936047, 0.0088949435868, 0.028112504927],
      [0.0012335464908, 0.24242113193, 0.14311137242, 0.27449247533, 0.33874147383]
    ],
    [
      [0.35218444026, 0.42757796685, 0.02782062495, 0.00020195136675, 0.19221501657],
      [0, 0.29058750022, 0.25141029595, 0.4566002838, 0.001401920025],
      [0.0074142711768, 0.94849216883, 0.010702045922, 0.015632809726, 0.017758704349],
      [0.0051734470919, 0.017127777824, 0.93828935166, 0.020803987996, 0.018605435428],
      [0.00038875195328, 0.29520841418, 0.11867626989, 0.38526809673, 0.20045846725]
    ],
    [
      [0.97605943031, 0.017720229728, 0.0062203399662, 0, 0],
      [0, 0.36825760547, 0.63174239453, 0, 0],
      [0.21941583636, 0.74289400353, 0.037690160104, 0, 0],
      [0, 0.042073773424, 0.95792622658, 0, 0],
      [0.018564512236, 0.24020881844, 0.32771795005, 0.16619719157, 0.2473115277]
    ],
    [
      [0.85051964682, 0.065798626903, 0.03793021496, 0.0011440603088, 0.044607451012],
      [0, 0.56392511928, 0.15133073052, 0.28051662337, 0.0042275268375],
      [0.046295896204, 0.86623491701, 0.06208040287, 0.0055440765128, 0.019844707402],
      [0.089316874639, 0.042909389032, 0.79099535451, 0.017453411319, 0.059324970502],
      [0.0025378735407, 0.37224798899, 0.048213957301, 0.14088935748, 0.43611082269]
    ],
    [
      [2.386909021e-08, 7.1418779389e-08, 1.2323360858e-07, 5.5735641871e-07, 0.99999922412],
      [0, 0, 0, 1, 0],
      [0, 0.61576912139, 0.2498867058, 0.071714693628, 0.062629479185],
      [0, 0.15352573218, 0.45842774516, 0.10690442198, 0.28114210068],
      [1.1988330063e-06, 9.6738100241e-06, 0.99998890753, 2.1983035531e-07, 7.2585469165e-25]
    ],
    [
      [0.47313816481, 0.23189790842, 0.04495018078, 0.00029353106966, 0.24972021492],
      [0, 0.1466689575, 0.38254751251, 0.46875457828, 0.0020289517082],
      [0.019133852906, 0.88553496413, 0.02727854212, 0.027586804587, 0.040465836258],
      [0.0053991653921, 0.0040791933827, 0.96116975766, 0.013997872393, 0.015354011174],
      [0.00064956050344, 0.15436613263, 0.18615877336, 0.40751444691, 0.2513110866]
    ],
    [
      [0.55058016327, 0.20715079449, 0.031643995734, 0.00015702140165, 0.2104680251],
      [1.2059759451e-05, 0.16418222797, 0.33295177003, 0.50066611424, 0.002187828007],
      [0.025718540534, 0.88621742774, 0.021686715814, 0.027301588679, 0.03907572723],
      [0.0098789035428, 0.0059569320019, 0.94800107787, 0.016862156017, 0.019300930563],
      [0.00095444543982, 0.16617410782, 0.15679125022, 0.42114031405, 0.25493988247]
    ],
    [
      [0.46263691688, 0.3317921352, 0.023379276802, 0.0001435938124, 0.1820480773],
      [4.9558055472e-05, 0.25736359039, 0.24120895799, 0.49963949668, 0.0017383968815],
      [0.014253262305, 0.93462772738, 0.010509332848, 0.018530280727, 0.022079396743],
      [0.011116991436, 0.014897679983, 0.92948089579, 0.022960422886, 0.021544009906],
      [0.00078397280759, 0.25751071257, 0.11237994781, 0.41586228424, 0.21346308257]
    ],
    [
      [9.5562676189e-05, 0.16395572235, 0.0032356686906, 2.6402567039e-05, 0.83268664372],
      [0, 0.36035816513, 0.11035839082, 0.52382223476, 0.0054612092902],
      [0, 0.91484398042, 0.013780183309, 0.015068074512, 0.056307761758],
      [0, 0.024533224788, 0.80777775974, 0.025314022253, 0.14237499322],
      [2.926220035e-05, 0.10079840839, 0.012231869202, 0.067085443728, 0.81985501647]
    ],
    [
      [0.46784854051, 0.27569696069, 0.078206086078, 0, 0.17824841272],
      [0, 0.15872380108, 0.65671053512, 0.1834411998, 0.0011244639973],
      [0.0090899110473, 0.93767998943, 0.034213359308, 0, 0.019016740214],
      [0, 0.0008261741287, 0.99470363376, 0, 0.0044701921134],
      [0.00033677082066, 0.19442328514, 0.38053774857, 0.2248382003, 0.19986399517]
    ],
    [
      [0.48968853658, 0.36968704259, 0.023191622872, 0.0004165243854, 0.11701627358],
      [0.00023680598833, 0.23198001289, 0.212667352, 0.55441139325, 0.00070443587471],
      [0.011897314781, 0.9508175217, 0.0080201307148, 0.01832038906, 0.010944643749],
      [0.012184526088, 0.015754002152, 0.93704913884, 0.026313484256, 0.0086988486653],
      [0.00074011825712, 0.25974054532, 0.10911051516, 0.50530013153, 0.12510868973]
    ],
    [
      [0, 1, 5.6699790234e-81, 1.0258157441e-83, 7.3564747971e-72],
      [0, 0.04092531452, 0.2296512935, 0.72942339198, 0],
      [0, 0.90164994281, 0.054699355043, 0.043650702143, 0],
      [0, 0, 0.98780090151, 0.012199098493, 0],
      [1.6649145167e-05, 0.054304591418, 0.11785489093, 0.82487666915, 0.0029471993601]
    ],
    [
      [0.35786850297, 0.4405256057, 0.051460938813, 0.00050101120312, 0.14964394131],
      [0, 0.15995183823, 0.2740760164, 0.56580103068, 0.00017111468681],
      [0.006043050022, 0.93976559115, 0.018133593758, 0.026397617629, 0.0096601474388],
      [0.00088927215789, 0.0075145224113, 0.96893993104, 0.022515661938, 0.00014061244829],
      [0.00030078622918, 0.19327001379, 0.14997060685, 0.55878010782, 0.09767848532]
    ],
    [
      [0.88226952777, 0.064296606181, 0.0035049574428, 6.1993706638e-05, 0.049866914896],
      [0, 0.22889485469, 0.19642721465, 0.56924167961, 0.0054362510489],
      [0.043139262236, 0.90389115098, 0.0045715439015, 0.016486670889, 0.031911371998],
      [0.029176282223, 0.013414179262, 0.89502310514, 0.02287039682, 0.03951603655],
      [0.0017980221296, 0.21946328689, 0.084732654084, 0.42204004325, 0.27196599364]
    ],
    [
      [0.74703224146, 0.11834860912, 0.015421630404, 7.8050452689e-05, 0.11911946856],
      [8.1375391928e-06, 0.15287059028, 0.26556449956, 0.57883608513, 0.0027206874978],
      [0.040140666485, 0.87688545795, 0.016162205074, 0.030212692156, 0.036598978331],
      [0.018205789434, 0.0065217909062, 0.92858557384, 0.021901538771, 0.024785307049],
      [0.001447808483, 0.15441305213, 0.12417947493, 0.47994133876, 0.2400183257]
    ],
    [
      [0.35168400056, 0.40072210277, 0.020330932299, 0.00025593147176, 0.22700703289],
      [0, 0.28112947321, 0.19107259098, 0.5256078564, 0.002190079405],
      [0.0081069880469, 0.9430069349, 0.0069044138872, 0.018754969608, 0.023226693558],
      [0.007873635297, 0.020430241447, 0.91032600941, 0.030511676067, 0.030858437775],
      [0.00042080346676, 0.26860132869, 0.084904653693, 0.41624352807, 0.22982968609]
    ],
    [
      [0.67871305716, 0.289373482, 0.031913460839, 0, 0],
      [0, 0.25805957726, 0.5099501193, 0.23199030344, 0],
      [0.012817633882, 0.9633165982, 0.020376522466, 0.0034892454489, 0],
      [0, 0.011258201461, 0.98853292988, 0.00020886866159, 0],
      [0.11851853089, 0.34256393727, 0.28400826889, 0.25490926294, 0]
    ],
    [
      [1.1102230246e-16, 0.27663515761, 0.035275332062, 0.00011533137889, 0.68797417895],
      [0, 0.16021919646, 0.40764408589, 0.42161915602, 0.010517561634],
      [0, 0.91989040177, 0.01773496422, 0.0094732066055, 0.052901427406],
      [0, 0, 0.92614766428, 0.0099057384621, 0.063946597259],
      [1.7480939774e-05, 0.063195134191, 0.085494905348, 0.060963440972, 0.79032903855]
    ],
    [
      [0.56288415204, 0.24417332793, 0.022276713729, 0, 0.17066580631],
      [0, 0.27330394912, 0.32803702062, 0.3961770748, 0.0024819554603],
      [0.023140166137, 0.92246950708, 0.01372148222, 0.012808013181, 0.027860831379],
      [0.014034178688, 0.013008690734, 0.93964263747, 0.011541118485, 0.021773374622],
      [0.0012910836073, 0.26138852573, 0.14592356201, 0.31479601463, 0.27660081402]
    ],
    [
      [7.5895809058e-07, 0.99996393106, 1.8339657382e-05, 2.9922102575e-10, 1.6970022335e-05],
      [2.9692041919e-14, 2.0502635172e-43, 0.97205607461, 1.3419530274e-152, 0.027943925386],
      [0, 0.99693699265, 0.0030630073483, 0, 0],
      [0, 0.0010210024494, 0.99897899755, 0, 0],
      [2.3387404452e-06, 6.4656269594e-10, 0.99999766061, 1.8196610049e-56, 9.8862270788e-21]
    ],
    [
      [0.61997921832, 0.20615345531, 0.020964522972, 0, 0.1529028034],
      [0, 0.16180549554, 0.21664053637, 0.62001403919, 0.0015399289054],
      [0.028624043912, 0.89432748381, 0.014962203156, 0.033506371985, 0.028579897132],
      [0.015091306554, 0.011724462031, 0.92492696395, 0.027837315393, 0.020419952074],
      [0.00099258233713, 0.16848625639, 0.10504554203, 0.53659974597, 0.18887587326]
    ],
    [
      [0.16666666667, 0.33431619576, 0.03818194521, 5.4826621787e-05, 0.46078036574],
      [0, 0.12858795847, 0.22440945599, 0.64493712282, 0.0020654627204],
      [0, 0.8868664673, 0.018820827848, 0.040036947095, 0.054275757761],
      [0, 0.0073268379026, 0.93540355311, 0.027548286817, 0.029721322168],
      [0, 0.12139845243, 0.097698133788, 0.49794941754, 0.28295399624]
    ],
    [
      [0.53304864693, 0.24796714157, 0.038640119852, 0.00014075935554, 0.18020333229],
      [0, 0.17113508277, 0.35501590703, 0.47249493055, 0.0013540796546],
      [0.020747290218, 0.90361558433, 0.022924181895, 0.025013421052, 0.027699522503],
      [0.0076083618378, 0.0062458742957, 0.96029206288, 0.01516337329, 0.010690327695],
      [0.00084818725945, 0.18651504274, 0.17982729216, 0.42785458668, 0.20495489116]
    ],
    [
      [0.32528707136, 0.30636599151, 0.018105910575, 0, 0.35024102656],
      [0.00071050925402, 0.028926130605, 0.02615714267, 0.94216717065, 0.0020390468233],
      [0.011960817711, 0.87409146267, 0.014148680621, 0.057259482575, 0.042539556424],
      [0.01053703582, 0.013627738483, 0.85620273026, 0.078548338755, 0.04108415668],
      [6.9196100173e-05, 0.040180111267, 0.017146125957, 0.88939976342, 0.053204803256]
    ],
    [
      [0.29048834488, 0.36925548481, 0.025783190891, 0.00017896126702, 0.31429401815],
      [0, 0.23986500355, 0.22772331666, 0.52961325663, 0.0027984231554],
      [0.0065383980668, 0.93065114834, 0.0096430317832, 0.019739565478, 0.033427856328],
      [0.0036793784122, 0.014870469224, 0.92340568454, 0.024347190688, 0.033697277132],
      [0.0001813694148, 0.21980019291, 0.096548097014, 0.39931713485, 0.28415320581]
    ],
    [
      [0.47276065501, 0.2380989441, 0.28365153865, 0.0054888622308, 0],
      [0, 0.040977211524, 0.68072156346, 0.27830122502, 0],
      [0.010976276831, 0.85417079343, 0.092500825536, 0.042352104207, 0],
      [0, 0, 0.97546406058, 0.024535939418, 0],
      [0.021147165295, 0.091306241616, 0.47579758141, 0.41174901168, 0]
    ],
    [
      [0.47290040222, 0.27774934366, 0.027889049668, 0.00019384556469, 0.22126735888],
      [5.1582265014e-06, 0.18884323188, 0.25838361282, 0.55072962206, 0.0020383750114],
      [0.016540116845, 0.91221553837, 0.014191412255, 0.025760445, 0.031292487533],
      [0.0089404735605, 0.009962737457, 0.93563915829, 0.022689805438, 0.022767825251],
      [0.00068899761665, 0.1905435865, 0.12079697172, 0.45876028942, 0.22921015475]
    ],
    [
      [0.37283734552, 0.41142147633, 0.01514806646, 0.00036906510503, 0.20022404659],
      [3.8058787724e-05, 0.41486439837, 0.18786816191, 0.39456343179, 0.002665949141],
      [0.0096964527562, 0.954353351, 0.0063528846232, 0.0091110518529, 0.020486259772],
      [0.01506345265, 0.020378820125, 0.90219716411, 0.022046775275, 0.040313787845],
      [0.00084452606263, 0.36614507138, 0.077324031422, 0.28735337859, 0.26833299255]
    ],
    [
      [0.50546770741, 0.26187838187, 0.016487354063, 0.00012067775075, 0.21604587891],
      [0.00039124849984, 0.28642701668, 0.24626734036, 0.46353542311, 0.0033789713582],
      [0.018054341872, 0.92639500738, 0.00820883309, 0.014673427043, 0.032668390614],
      [0.015566053677, 0.013132961686, 0.91629915368, 0.019569767721, 0.035432063232],
      [0.0012340719859, 0.25012587992, 0.09919043394, 0.33365548676, 0.3157941274]
    ],
    [
      [0.31289205909, 0.32130820321, 0.014169652934, 0.00038002372445, 0.35125006104],
      [5.513917433e-05, 0.33334773435, 0.18851272437, 0.47710203161, 0.00098237049568],
      [0.009525999943, 0.92812183136, 0.011003788172, 0.014822040509, 0.036526340019],
      [0.011683497147, 0.021883075914, 0.88354529795, 0.029534040431, 0.053354088559],
      [0.00050832283841, 0.24375637333, 0.063769337918, 0.2876079878, 0.40435797812]
    ],
    [
      [0.49049910136, 0.34711184075, 0.015103751927, 0.00044606900125, 0.14683923696],
      [0.00035727437643, 0.35514747668, 0.20806195839, 0.4344706485, 0.0019626420506],
      [0.013947413041, 0.94887540532, 0.0068344249399, 0.013373230212, 0.016969526487],
      [0.016955033823, 0.017038295948, 0.91389767452, 0.025883396347, 0.026225599366],
      [0.001022253021, 0.34269522545, 0.092602751017, 0.34416534208, 0.21951442843]
    ],
    [
      [0.43291117767, 0.30587790261, 0.019833918606, 9.2465636245e-05, 0.24128453547],
      [0.00014210493782, 0.22967906415, 0.20079057892, 0.56684707272, 0.0025411792686],
      [0.013957861467, 0.92352154289, 0.0089139132692, 0.022272676663, 0.031334005709],
      [0.011602712343, 0.015892923143, 0.91029860435, 0.028885396212, 0.033320363948],
      [0.00067749011451, 0.21523576257, 0.087482520428, 0.44018763553, 0.25641659136]
    ],
    [
      [0.41188498388, 0.28965615202, 0.060923191611, 0.00027707384717, 0.23725859865],
      [0, 0.1095538339, 0.31461006349, 0.57492872704, 0.00090737556968],
      [0.011275618354, 0.89120547844, 0.027837324295, 0.041262601371, 0.028418977536],
      [0.0002756529556, 0.0015820148286, 0.9699530715, 0.021115328363, 0.0070739323529],
      [0.00029407018596, 0.12694751293, 0.16780881562, 0.54770618075, 0.15724342051]
    ],
    [
      [0, 0, 0.99903934101, 0.00096065899045, 0],
      [0, 0, 0.27315086595, 0.72684913405, 0],
      [0.0047310490316, 0.84545004911, 0.038239090752, 0.091690790799, 0.019889020307],
      [0, 0, 0.96483888309, 0.035161116908, 0],
      [0, 0, 0.24486671026, 0.75513328974, 0]
    ],
    [
      [0, 0.99790639616, 0.0020936038398, 0, 0],
      [1.2691932458e-06, 0.9999361316, 6.2319750493e-05, 1.7257152316e-08, 2.6220373429e-07],
      [0, 0.99968127964, 0.00031872035567, 0, 0],
      [0, 0.0009103481837, 0.99908965182, 0, 0],
      [0.00046154446362, 0.64624222851, 0.14829052, 7.4745781241e-11, 0.20500570695]
    ],
    [
      [0.62499188159, 0.20789655015, 0.033848196021, 0.00022330469907, 0.13304006754],
      [6.7770447215e-05, 0.11309491313, 0.25736906162, 0.62864908754, 0.00081916725806],
      [0.021667192734, 0.89753818899, 0.020622244407, 0.038807696118, 0.021364677747],
      [0.0095793392902, 0.0052775577027, 0.95302052713, 0.024816738587, 0.007305837286],
      [0.00072201299339, 0.13234647429, 0.13803289225, 0.5998177467, 0.12908087376]
    ],
    [
      [0.7348968975, 0.086639541012, 0.036591770703, 0, 0.14187179079],
      [0.074300129174, 0.026371111753, 0.58695520083, 0.31027859905, 0.0020949591967],
      [0.041510190294, 0.85083132189, 0.044037175183, 0.018727501933, 0.0448938107],
      [0.0046376508503, 0, 0.98250003304, 0.0015500325722, 0.011312283537],
      [0.0013974096317, 0.1156358212, 0.30437641901, 0.28696164172, 0.29162870844]
    ],
    [
      [0.39244547002, 0.25373913076, 0.053928861904, 0.00035081483992, 0.29953572248],
      [0, 0.10108046254, 0.29676224949, 0.60051106604, 0.0016462219229],
      [0.018650233404, 0.85573564088, 0.034370728212, 0.048758753803, 0.042484643701],
      [0, 0, 0.9603967442, 0.023728032657, 0.015875223143],
      [0.00018039309269, 0.11164492655, 0.14908561772, 0.53983674408, 0.19925231856]
    ],
    [
      [0, 0.44948654305, 0.055628549764, 0, 0.49488490719],
      [0, 0.18472452865, 0.53163914846, 0.27906777292, 0.0045685499726],
      [0, 0.9022502618, 0.027047750282, 0.011978504458, 0.058723483464],
      [0, 0.0053420454821, 0.96916895665, 0, 0.025488997873],
      [0, 0.14776085833, 0.20615566517, 0.19709806755, 0.44898540895]
    ],
    [
      [0.92272538878, 0.024888287833, 0.0059973842876, 0, 0.046388939096],
      [0, 0.16409457007, 0.49560840021, 0.33590385864, 0.004393171074],
      [0.14264307451, 0.76385489075, 0.025260557112, 0.01400613363, 0.054235343995],
      [0.026388037357, 0.0089645564923, 0.9359106971, 0.0035167436592, 0.025219965395],
      [0.0047439406666, 0.1435475101, 0.1982447533, 0.23940936399, 0.41405443194]
    ],
    [
      [0.45122965206, 0.20338614113, 0.046251765392, 0.00022075931797, 0.2989116821],
      [0, 0.12160096845, 0.37903785666, 0.49695068264, 0.0024104922524],
      [0.017022463738, 0.87353591125, 0.028950051392, 0.031295479325, 0.0491960943],
      [0.004199281836, 0.0003188289829, 0.96070507732, 0.015733354217, 0.019043457647],
      [0.00050495452702, 0.12470737008, 0.17917160149, 0.41716927247, 0.27844680143]
    ],
    [
      [0.42278634347, 0.3751127974, 0.025781499364, 0, 0.17631935976],
      [1.3150489944e-05, 0.91563152584, 0.040055401668, 0.039494308562, 0.0048056134419],
      [0, 0.95058459702, 0.04941540298, 0, 0],
      [0.046635172771, 0.08518894962, 0.75668097228, 0, 0.11149490533],
      [0.0010110112679, 0.52266017457, 0.0092395867098, 0.0054846028615, 0.4616046246]
    ],
    [
      [0.92198081058, 0.035483151483, 0.016048645113, 1.9941636828e-05, 0.026467451191],
      [0.0023973941674, 0.10920654265, 0.56366161359, 0.32473444959, 0],
      [0.058629836575, 0.88114464458, 0.040449169754, 0.019776349088, 0],
      [0.01110691107, 0, 0.98302587292, 0.0058672160116, 0],
      [0.17013789886, 0.14564528429, 0.33488140365, 0.34933541319, 0]
    ],
    [
      [0.35628785579, 0.20664562357, 0.045576911571, 0.00030396966663, 0.39118563941],
      [0.01722768162, 0.064037779877, 0.27336974622, 0.64268947436, 0.0026753179263],
      [0.011370635694, 0.85516573902, 0.02618261598, 0.05073494647, 0.056546062836],
      [0, 0, 0.94824516718, 0.025960963331, 0.025793869487],
      [0.00025140098746, 0.0898389595, 0.12536668514, 0.53070591689, 0.25383703748]
    ],
    [
      [0.62132351675, 0.17558648869, 0.023518586791, 0, 0.17957140777],
      [0.19467344952, 0.28302935964, 0.51861075376, 0, 0.0036864370792],
      [0.020946467823, 0.93704487505, 0.013621205329, 0, 0.028387451794],
      [0.0044875418616, 0.008527760241, 0.95988914976, 0, 0.027095548139],
      [0.0011929187224, 0.2476430999, 0.20734988298, 0.12973422359, 0.41407987481]
    ],
    [
      [0.41097177879, 0.29400623158, 0.036907184018, 0.00026435755756, 0.25785044806],
      [0, 0.16987707508, 0.28786061622, 0.54029241628, 0.0019698924153],
      [0.013136541191, 0.90652326253, 0.018050306779, 0.02812583849, 0.034164051008],
      [0.0047848320435, 0.0084039169664, 0.94622638037, 0.020515095696, 0.020069774927],
      [0.00047141764035, 0.17420554659, 0.13675275214, 0.45769269166, 0.23087759198]
    ],
    [
      [0.46659620159, 0.25143891014, 0.022458150238, 0, 0.25950673803],
      [4.2978395464e-05, 0.28222342498, 0.33046884761, 0.38356035624, 0.0037043927741],
      [0.018641078923, 0.91589509403, 0.01349352043, 0.011612237944, 0.040358068671],
      [0.012136756177, 0.013303246398, 0.93281444039, 0.010060707104, 0.031684849933],
      [0.00097116925346, 0.23590365807, 0.12839152307, 0.26578724616, 0.36894640344]
    ],
    [
      [0.37377149931, 0.40861186289, 0.035946537719, 0.00037368598088, 0.18129641411],
      [2.8669477658e-06, 0.22790437544, 0.29293693725, 0.47781165681, 0.001344163555],
      [0.007737540811, 0.94863761764, 0.011754754785, 0.01588304791, 0.015987038855],
      [0.0045241179096, 0.0099119627919, 0.95481189744, 0.0177824992, 0.012969522661],
      [0.00044650849519, 0.25160886666, 0.14720319268, 0.42904942374, 0.17169200843]
    ],
    [
      [0.5699272694, 0.21659769474, 0.028654738075, 0.00069145628515, 0.18412884151],
      [0, 0.18307602727, 0.348536969, 0.46598499495, 0.0024020087882],
      [0.023326634959, 0.9035286796, 0.018036149045, 0.021786635843, 0.03332190055],
      [0.0083839816126, 0.0056897210248, 0.95307942494, 0.014585774092, 0.018261098333],
      [0.00088276617577, 0.19147096674, 0.16541334726, 0.3978949891, 0.24433793072]
    ],
    [
      [0.51319091286, 0.27381545326, 0.026344260427, 0.00011756801727, 0.18653180544],
      [0.0001338143128, 0.21812661124, 0.28045848953, 0.4993279532, 0.0019531317196],
      [0.018301506317, 0.919921272, 0.013817883043, 0.021042715343, 0.026916623299],
      [0.01096790738, 0.010989919503, 0.93857000328, 0.019364668475, 0.020107501359],
      [0.00090285338057, 0.22056095276, 0.13189548776, 0.41947942343, 0.22716128266]
    ],
    [
      [0.40244945155, 0.3788388645, 0.026520867002, 0.00013551542665, 0.19205530152],
      [0, 0.22775151317, 0.21405538079, 0.55679640448, 0.0013967015635],
      [0.010555732874, 0.93647052311, 0.010310354933, 0.022540538592, 0.02012285049],
      [0.0079979912923, 0.015627267114, 0.92933791892, 0.027405117875, 0.019631704802],
      [0.00052646899941, 0.23618173705, 0.10318961228, 0.4794142338, 0.18068794787]
    ],
    [
      [0.42791276241, 0.32261227944, 0.029144931173, 0.00014015055292, 0.22018987642],
      [0, 0.22429357632, 0.27125967843, 0.50232985601, 0.0021168892459],
      [0.013045520643, 0.92570618962, 0.013143000831, 0.020746854835, 0.027358434067],
      [0.0077541917726, 0.011639459278, 0.9386257295, 0.02016428425, 0.0218163352],
      [0.00061489867369, 0.22443629126, 0.12616096223, 0.41739306095, 0.23139478689]
    ],
    [
      [0.31294941653, 0.43524309855, 0.029071339445, 0.00021148001795, 0.22252466545],
      [0, 0.25069829568, 0.2239409792, 0.52358025184, 0.00178047327],
      [0.0062723225191, 0.94267159396, 0.010288739499, 0.019882093617, 0.020885250402],
      [0.0029773189777, 0.016702951441, 0.93252747779, 0.025821316629, 0.02197093516],
      [0.00013413859862, 0.25519388566, 0.1057886033, 0.4418724971, 0.19701087534]
    ],
    [
      [0.4010822371, 0.22215088749, 0.053339532322, 0.00021777731672, 0.32320956578],
      [0.0025165652966, 0.12408499808, 0.41238921754, 0.45853319857, 0.0024760205235],
      [0.014393588393, 0.8745252016, 0.031569736891, 0.02950277614, 0.05000869698],
      [0.0011387419846, 0, 0.96594119973, 0.015376980208, 0.017543078073],
      [0.000405877229, 0.13066502703, 0.19552708213, 0.38707795808, 0.28632405553]
    ],
    [
      [0.65009155518, 0.1358269755, 0.033948165342, 8.6717987857e-05, 0.180046586],
      [0.00025180875509, 0.13227904319, 0.44917334358, 0.41580933422, 0.0024864702469],
      [0.024168764855, 0.88969129462, 0.02742883778, 0.020792195978, 0.037918906764],
      [0.0088299955677, 0.0015174273982, 0.96263542951, 0.009562897818, 0.017454249707],
      [0.00093947033817, 0.14044250511, 0.21896570651, 0.35571538892, 0.28393692911]
    ],
    [
      [1, 8.3052310637e-74, 1.3792844649e-75, 1.0968982435e-80, 8.2450316393e-73],
      [2.6251830646e-05, 0.00052390662775, 0.99923218362, 2.6574225387e-05, 0.00019108369679],
      [0.25, 0.72018091541, 0.029819084589, 0, 0],
      [0, 0.011927633836, 0.98807236616, 0, 0],
      [1.0178527693e-24, 1.3082402434e-77, 1, 0, 0]
    ],
    [
      [0.28392987166, 0.26971597515, 0.044169330529, 0.00019119983526, 0.40199362283],
      [0, 0.15868695173, 0.36045246587, 0.47753713498, 0.0033234474151],
      [0.0079869320287, 0.8990191433, 0.020895157006, 0.023257295949, 0.048841471712],
      [0.00098106821228, 0.0057830547305, 0.95291478395, 0.014706354643, 0.025614738469],
      [0.00019643610658, 0.14786354952, 0.1547787938, 0.36243466868, 0.3347265519]
    ],
    [
      [2.1533216605e-07, 0.21741643694, 0.1624971373, 0.00026253032135, 0.61982368011],
      [0, 0.051588864037, 0.57557244049, 0.37283869548, 0],
      [0, 0.92688635808, 0.059567790553, 0.013545851367, 0],
      [0, 0, 0.99072420597, 0.0092757940331, 0],
      [0, 0.094638419804, 0.39804991874, 0.50731166146, 0]
    ],
    [
      [0.2994256089, 0.41288226678, 0.019894650342, 0.00041026441612, 0.26738720956],
      [0, 0.25227997523, 0.16683235929, 0.57782433544, 0.0030633300393],
      [0.0034147195239, 0.94320243007, 0.0022433668572, 0.023177022239, 0.027962461305],
      [0.0054652249851, 0.022055642892, 0.90124424105, 0.035892603138, 0.035342287939],
      [0, 0.23949818333, 0.073412937044, 0.45320081644, 0.23388806318]
    ],
    [
      [0.93642414191, 0.02895644693, 0.012936382372, 4.2292328563e-05, 0.021640736454],
      [0.05699621884, 0.014128811486, 0.34315771978, 0.5857172499, 0],
      [0.053653668841, 0.8656817867, 0.034566029515, 0.046098514946, 0],
      [0.0060592122589, 0, 0.97374004203, 0.020200745708, 0],
      [0.099640519132, 0.091931778845, 0.1974995922, 0.61092810983, 0]
    ],
    [
      [0.6898649963, 0.18020626222, 0.016923843546, 0, 0.11300489794],
      [0, 0.13876587934, 0.17688242725, 0.6828647633, 0.0014869301101],
      [0.029909062225, 0.89525173965, 0.013693932435, 0.037368628088, 0.023776637598],
      [0.017219900452, 0.012544551035, 0.91883427233, 0.032517052166, 0.018884224019],
      [0.0010204302558, 0.15137541702, 0.089343806744, 0.61538795728, 0.1428723887]
    ],
    [
      [0.33360040999, 0.41976268555, 0.013784180995, 0, 0.23285272346],
      [0.00015897207265, 0.25695336193, 0.11511607527, 0.62573908551, 0.0020325052217],
      [0.007605175153, 0.94782160832, 0.0048611527952, 0.018231563019, 0.021480500711],
      [0.01282937711, 0.024227345097, 0.87769776322, 0.041874353044, 0.043371161525],
      [0.00080958252315, 0.24703736146, 0.051676443587, 0.48922958479, 0.21124702764]
    ],
    [
      [0.65075025655, 0.18454139226, 0.020248089706, 0, 0.14446026149],
      [0, 0.26393868155, 0.38355333705, 0.34899688366, 0.0035110977392],
      [0.031339329345, 0.91146802866, 0.015734769198, 0.010954086533, 0.030503786267],
      [0.015425972134, 0.013747780766, 0.94410530281, 0.0054233085915, 0.021297635701],
      [0.0016976279987, 0.2504549973, 0.17052548291, 0.27967659155, 0.29764530024]
    ],
    [
      [2.6320189745e-05, 0.089827540546, 0.15306799319, 0.00021994273731, 0.75685820334],
      [0, 0.02009844582, 0.72285739321, 0.25704416097, 0],
      [0, 0.93970466254, 0.043688030646, 0.016607306813, 0],
      [0, 0, 0.97877397897, 0.021226021028, 0],
      [2.417836444e-05, 0.069416371823, 0.70251170337, 0.22507062154, 0.0029771248993]
    ],
    [
      [0.25, 0.47494853133, 0.068940287714, 0.00033295880276, 0.20577822215],
      [0, 0.124763705, 0.31455727887, 0.56053255993, 0.00014645620575],
      [0, 0.9177126413, 0.026045045198, 0.03693925952, 0.019303053987],
      [0, 0.0012933119409, 0.97773811776, 0.020957422011, 1.1148289923e-05],
      [0, 0.14982829261, 0.17315198478, 0.55367412707, 0.12334559553]
    ],
    [
      [0.41481375376, 0.35662612345, 0.049122804358, 0.00018650471834, 0.17925081371],
      [0, 0.17940910381, 0.36274861577, 0.45676036641, 0.0010819140153],
      [0.0069047891581, 0.94739061727, 0.015658286048, 0.015411778974, 0.014634528553],
      [0.0028394674826, 0.0084207951632, 0.96775131728, 0.012890765064, 0.0080976550146],
      [0.00039220263027, 0.21118636935, 0.19312090595, 0.43276988848, 0.1625306336]
    ],
    [
      [0.48597374312, 0.21494593931, 0.033762935386, 0.00013388955453, 0.26518349263],
      [0.00014771179143, 0.16870542533, 0.35849630876, 0.46976415643, 0.002886397698],
      [0.019264623792, 0.89122285369, 0.020958302204, 0.023511632789, 0.045042587521],
      [0.0081070960653, 0.0051358797052, 0.9488214698, 0.014691352086, 0.023244202342],
      [0.00076371532469, 0.16233757582, 0.1596857208, 0.37271941984, 0.30449356821]
    ],
    [
      [0.63347603342, 0.17134155817, 0.014270915272, 0, 0.18091149315],
      [0, 0.15107823181, 0.1794215331, 0.66650313911, 0.0029970959849],
      [0.029948403468, 0.88721463075, 0.011057224598, 0.032588440799, 0.039191300382],
      [0.016367930148, 0.010866528852, 0.90587672788, 0.029831746585, 0.037057066533],
      [0.00066608309162, 0.14866103191, 0.080998751507, 0.53240665984, 0.23726747365]
    ],
    [
      [0.53652200727, 0.16971553734, 0.046135016082, 2.1828323022e-05, 0.24760561098],
      [0.00014946732841, 0.14584261857, 0.52140671746, 0.32976069289, 0.0028405037482],
      [0.016160371723, 0.89386566932, 0.030504101732, 0.01621553157, 0.04325432566],
      [0.0055472921383, 0.0036793611163, 0.97071896727, 0.0029661050397, 0.017088274431],
      [0.0007050040018, 0.14812534237, 0.24406064014, 0.27526786935, 0.33184114414]
    ],
    [
      [0.29507295433, 0.1252826762, 0.062578988836, 0.00045999634209, 0.51660538429],
      [0, 0.033616032109, 0.24937895918, 0.71513526388, 0.0018697448272],
      [0.016371761108, 0.62551821405, 0.15672951951, 0.10056827815, 0.10081222719],
      [0, 0, 0.95005640517, 0.026767577897, 0.023176016936],
      [3.5761852464e-05, 0.035658481762, 0.12251258546, 0.60883524783, 0.2329579231]
    ],
    [
      [0.38438380349, 0.32267782312, 0.021288647061, 0.0001075855174, 0.27154214081],
      [0, 0.21840008944, 0.19284435646, 0.58628972064, 0.0024658334589],
      [0.011520512364, 0.92196133462, 0.0087656994085, 0.024381440741, 0.033371012862],
      [0.0091059093787, 0.017090079034, 0.90788514217, 0.031274854052, 0.034644015366],
      [0.00049239813044, 0.2033547807, 0.083815943604, 0.45420372283, 0.25813315474]
    ],
    [
      [0.39239655875, 0.35204495709, 0.03390478092, 0.00015378281243, 0.22149992042],
      [0, 0.2088669167, 0.2715457265, 0.51766498141, 0.0019223753894],
      [0.010297315336, 0.92794404151, 0.014195669109, 0.022532195637, 0.025030778405],
      [0.0051287182039, 0.010975090333, 0.94466799581, 0.020470150475, 0.018758045178],
      [0.00045557628477, 0.21728088588, 0.13078269022, 0.44562258598, 0.20585826163]
    ],
    [
      [0.43287458362, 0.25431918786, 0.023874919091, 0, 0.28893130943],
      [0.00032949926541, 0.2682515543, 0.33816933996, 0.38954095471, 0.0037086517588],
      [0.016565809975, 0.91445674599, 0.013822482771, 0.011883281583, 0.043271679683],
      [0.010451012208, 0.012080352135, 0.93495689726, 0.01003783959, 0.032473898806],
      [0.00082964638157, 0.221498717, 0.12941604946, 0.26629837805, 0.3819572091]
    ],
    [
      [0.36643458536, 0.26258587067, 0.039897654976, 0, 0.331081889],
      [0, 0.2246282807, 0.46009585931, 0.31156320166, 0.0037126583191],
      [0.011640853031, 0.91102673908, 0.020883395714, 0.010909807309, 0.045539204868],
      [0.0038766355199, 0.0089638390245, 0.96207372208, 0.00046651157689, 0.0246192918],
      [0.00049745094044, 0.19879800455, 0.18869781928, 0.22748351559, 0.38452320964]
    ],
    [
      [0.44401420981, 0.13380374739, 0.034729871989, 0.00055062381621, 0.386901547],
      [0.00074925744542, 0.097831165875, 0.34548670223, 0.55478845379, 0.001144420657],
      [0.027487200161, 0.80199292164, 0.033508534141, 0.046125222753, 0.0908861213],
      [0.0091529186321, 0.0017463317973, 0.94536034366, 0.022888789504, 0.020851616411],
      [0.00084637265962, 0.085745378848, 0.13933417119, 0.39857258706, 0.37550149025]
    ],
    [
      [0.26431960363, 0.293886004, 0.019350128303, 0, 0.42244426407],
      [0.00016485064152, 0.31649083911, 0.28541662982, 0.39421827083, 0.0037094096008],
      [0.0085933588945, 0.92417853836, 0.012624382322, 0.0095629521488, 0.045040768277],
      [0.0067162765467, 0.017534037547, 0.9179365926, 0.01238679744, 0.045426295869],
      [0.00046663578672, 0.21622109514, 0.088927817367, 0.2172652947, 0.47711915701]
    ],
    [
      [0.33413736686, 0.20547477292, 0.062902390601, 0.00018800499563, 0.39729746462],
      [0, 0.037266485741, 0.44579851409, 0.51442804021, 0.0025069599582],
      [0, 0.86009684722, 0.044464076151, 0.03753466585, 0.05790441078],
      [0, 0, 0.96321502054, 0.016621091998, 0.020163887458],
      [0, 0.096425586083, 0.18453316545, 0.43246533061, 0.28657591785]
    ],
    [
      [0, 0.37379934316, 0.033816336938, 0.00024057911757, 0.59214374079],
      [0, 0.10137658509, 0.20281038287, 0.69302851295, 0.0027845190956],
      [0, 0.86360841159, 0.017342240768, 0.046199566307, 0.072849781337],
      [0, 0.0031426407126, 0.92584869621, 0.031076991672, 0.039931671404],
      [0, 0.088912873173, 0.082964143144, 0.49058474721, 0.33753823647]
    ],
    [
      [0.11111111111, 0.45593909234, 0.039566603702, 8.0183663052e-05, 0.39330300918],
      [0, 0.1387678265, 0.2044723432, 0.65452728805, 0.0022325422481],
      [0, 0.90128413257, 0.017088163895, 0.040225109254, 0.041402594285],
      [0, 0.0068138215482, 0.93392119987, 0.030303764703, 0.028961213879],
      [0, 0.13883062856, 0.094292557552, 0.5394895783, 0.22738723558]
    ],
    [
      [0.42965197129, 0.37909124636, 0.02392333416, 0.00017593423738, 0.16715751395],
      [0.00022544470995, 0.30067622519, 0.25541900723, 0.44200348228, 0.001675840586],
      [0.011221944794, 0.94785773166, 0.009323513649, 0.013996944279, 0.017599865614],
      [0.010258584253, 0.014334177671, 0.93657955408, 0.019688885002, 0.019138798998],
      [0.00079972128697, 0.30460385364, 0.11999353365, 0.37096470054, 0.20363819088]
    ],
    [
      [0.66331702534, 0.13564177129, 0.075159307525, 0.00035725937176, 0.12552463647],
      [0, 0.071865346402, 0.65222295355, 0.27591170005, 0],
      [0.037058141017, 0.85506605104, 0.076987083392, 0.026845534111, 0.0040431904398],
      [0, 0, 0.979693949, 0.020306051003, 0],
      [0.00063194110256, 0.1175452297, 0.404038164, 0.31016733529, 0.16761732991]
    ],
    [
      [0.53008656346, 0.28101247809, 0.014411558739, 0.00033626548793, 0.17415313423],
      [0, 0.27653516559, 0.19054008731, 0.53070768664, 0.0022170604625],
      [0.018404577689, 0.9317181407, 0.0076226684342, 0.017642617338, 0.024611995835],
      [0.018123331381, 0.01919270593, 0.90190278256, 0.028762324773, 0.032018855352],
      [0.00099937108196, 0.26034827924, 0.083103503416, 0.41163083708, 0.24391800918]
    ],
    [
