{
  "X": [
    [72, 72, 111, 239, 331, 56],
    [52, 75, 115, 255, 421, 29],
    [11, 20, 34, 60, 106, 12],
    [20, 20, 41, 82, 188, 17],
    [2, 2, 3, 10, 19, 1],
    [38, 42, 79, 150, 372, 32],
    [1, 6, 6, 15, 32, 2],
    [54, 92, 221, 241, 545, 37],
    [33, 45, 113, 166, 231, 21],
    [65, 201, 196, 478, 366, 81],
    [3, 1, 10, 26, 6, 7],
    [4, 35, 75, 135, 108, 14],
    [28, 48, 335, 155, 310, 42],
    [11, 40, 346, 128, 306, 37],
    [25, 116, 119, 174, 245, 22],
    [23, 82, 82, 210, 243, 31],
    [49, 216, 220, 274, 481, 62],
    [43, 74, 132, 329, 194, 67],
    [5, 4, 20, 51, 36, 11],
    [9, 11, 16, 35, 28, 11],
    [86, 183, 336, 852, 356, 120],
    [33, 31, 128, 197, 149, 48],
    [28, 79, 82, 171, 132, 32],
    [22, 75, 78, 186, 144, 30],
    [21, 42, 53, 111, 135, 20],
    [18, 106, 116, 277, 279, 42],
    [9, 15, 25, 48, 102, 6],
    [30, 94, 70, 149, 227, 27],
    [8, 8, 22, 26, 33, 3],
    [52, 191, 291, 366, 477, 108],
    [0, 2, 1, 3, 3, 0],
    [9, 15, 33, 60, 71, 14],
    [16, 56, 59, 139, 92, 39],
    [12, 28, 26, 60, 115, 5],
    [52, 75, 588, 364, 705, 63],
    [7, 15, 152, 71, 165, 15],
    [30, 63, 152, 347, 129, 61],
    [18, 51, 250, 123, 305, 14],
    [12, 35, 157, 105, 167, 21],
    [5, 16, 15, 72, 41, 11],
    [39, 112, 268, 294, 456, 47],
    [6, 7, 19, 36, 59, 9],
    [119, 207, 403, 723, 759, 193],
    [4, 17, 46, 77, 106, 11]
  ],
  "W": [
    [126, 74, 256, 236, 64, 96, 29],
    [170, 38, 265, 287, 83, 83, 21],
    [25, 9, 67, 82, 26, 23, 11],
    [66, 20, 90, 115, 22, 44, 11],
    [9, 1, 10, 9, 5, 2, 1],
    [148, 54, 132, 218, 83, 57, 21],
    [12, 3, 12, 18, 7, 8, 2],
    [224, 63, 266, 379, 112, 104, 42],
    [114, 31, 173, 140, 62, 68, 21],
    [95, 98, 527, 255, 221, 121, 70],
    [3, 4, 27, 6, 3, 2, 8],
    [46, 30, 123, 88, 46, 22, 16],
    [131, 28, 249, 314, 101, 60, 35],
    [139, 21, 185, 318, 113, 59, 33],
    [93, 39, 175, 188, 113, 62, 31],
    [69, 54, 191, 177, 92, 67, 21],
    [178, 62, 308, 336, 234, 134, 50],
    [83, 41, 324, 164, 88, 73, 66],
    [16, 7, 55, 26, 10, 4, 9],
    [11, 10, 42, 22, 13, 6, 6],
    [131, 68, 925, 308, 225, 157, 119],
    [63, 20, 241, 128, 50, 53, 31],
    [51, 88, 142, 96, 69, 37, 41],
    [43, 42, 193, 103, 86, 37, 31],
    [46, 31, 110, 104, 46, 34, 11],
    [94, 57, 266, 193, 110, 61, 57],
    [46, 5, 49, 66, 18, 15, 6],
    [74, 28, 170, 145, 95, 50, 35],
    [21, 6, 27, 21, 14, 7, 4],
    [200, 130, 416, 336, 200, 125, 78],
    [1, 0, 4, 0, 2, 1, 1],
    [14, 27, 59, 48, 19, 21, 14],
    [53, 48, 137, 45, 59, 33, 26],
    [39, 14, 71, 71, 28, 16, 7],
    [261, 51, 519, 602, 178, 176, 60],
    [52, 10, 114, 159, 49, 25, 16],
    [64, 27, 389, 126, 68, 56, 52],
    [84, 35, 157, 295, 100, 60, 30],
    [70, 21, 129, 157, 54, 46, 20],
    [0, 5, 76, 40, 25, 5, 9],
    [161, 64, 351, 343, 145, 93, 59],
    [12, 9, 35, 43, 16, 11, 10],
    [263, 232, 739, 581, 270, 183, 136],
    [53, 17, 74, 78, 21, 5, 13]
  ],
  "method": "mult",
  "cond_prob": [
    [
      [0.010815287093, 2.1062109719e-05, 0.095529383963, 0.00094224103258, 0.89266067971, 3.1346092071e-05],
      [0.16586240901, 0.23599426546, 5.5283127754e-07, 0.27328286341, 0.12296128222, 0.20189862706],
      [0.064704374808, 0.0089042106427, 0.072236858454, 0.75243375457, 0, 0.10172080153],
      [0.018733830736, 0.010901728149, 0.24653826838, 0.018120168092, 0.70562154923, 8.4455410963e-05],
      [0.00068786328885, 0.58487779008, 0.16062998563, 0.029173034571, 0.21989630216, 0.0047350242794],
      [0.38812933655, 0.096984546887, 0.10880487597, 0.08560992739, 0.29886241546, 0.021608897744],
      [0.0025348963974, 0.10133757574, 0.053862152985, 0.40252819504, 0.0046475389852, 0.43508964085]
    ],
    [
      [0.0089709013586, 2.1525309957e-05, 0.082596166813, 0.0010062488964, 0.90738548192, 1.9675703047e-05],
      [0.14918855467, 0.26143287075, 5.1814238103e-07, 0.31634476124, 0.13552662732, 0.13750666789],
      [0.04676974689, 0.0091299688592, 0.076588333479, 0.80628440934, 0.0049512902802, 0.056276251151],
      [0.011751532239, 0.0046904495462, 0.20729975534, 0.027329262583, 0.74644301642, 0.0024859838685],
      [0.00057341491251, 0.6008292697, 0.13957175558, 0.031311743419, 0.22472665614, 0.002987160255],
      [0.34867719678, 0.10723012732, 0.10176809591, 0.098907582248, 0.32874181078, 0.014675186964],
      [0.0024432496319, 0.12035051851, 0.054118386908, 0.49956028066, 0.0054921830414, 0.31803538125]
    ],
    [
      [0.0066583753586, 1.7492214426e-05, 0.084535403243, 0.00082601324486, 0.90793856256, 2.4153377713e-05],
      [0.12514990888, 0.24023184847, 5.9316686996e-07, 0.29215727836, 0.15106161252, 0.19139875861],
      [0.040577726811, 0, 0.091777536912, 0.74361230161, 0.046724294292, 0.077308140379],
      [0.00064833097441, 0, 0.2223811891, 0, 0.77697047992, 0],
      [0.0012628886587, 0.55570897402, 0.16000859807, 0.028762567686, 0.25015398808, 0.0041029834883],
      [0.29921680413, 0.099093340474, 0.11809468644, 0.092106285384, 0.37105110534, 0.020437778221],
      [0.0018635454278, 0.10089962754, 0.05689597843, 0.42378533022, 0.005608658118, 0.41094686027]
    ],
    [
      [0.006567805446, 0, 0.069508080704, 0.00081205933746, 0.92308734687, 2.4707640869e-05],
      [0.12734196906, 0.21341433059, 5.0612346056e-07, 0.2973869353, 0.15977117098, 0.20208508794],
      [0.040776359391, 0, 0.077144496627, 0.73854743147, 0.06362757713, 0.079904135383],
      [0, 0, 0.1850013369, 0, 0.8149986631, 0],
      [0.00052436133161, 0.53148985311, 0.14684535931, 0.031574528337, 0.28487909981, 0.0046867980962],
      [0.30267035926, 0.06956423478, 0.10079000733, 0.093973785048, 0.41130540949, 0.021696204106],
      [0.0018892143305, 0.088919117212, 0.048085443969, 0.42726458, 0.0058822978001, 0.42795934669]
    ],
    [
      [0.010559147518, 0, 0.050762451097, 0.00092243976126, 0.93774007116, 1.5890461168e-05],
      [0.21941339781, 0.14873456627, 3.5092425724e-07, 0.33751641974, 0.1502514128, 0.14408385245],
      [0.058384751953, 0, 0.042723155123, 0.83405327862, 0.021099957007, 0.043738857293],
      [0.00060287283042, 0, 0.146835901, 0.00026025431236, 0.85225424288, 4.6728974245e-05],
      [0.019588857526, 0.33871812788, 0.12868835912, 0.12548425161, 0.38393658656, 0.0035838173094],
      [0.4976349803, 0.047658727009, 0.05778873807, 0.08419497273, 0.30167868487, 0.011043897029],
      [0.0030666513054, 0.062357340327, 0.03536365721, 0.51549534386, 0.0057598881979, 0.3779571191]
    ],
    [
      [0.0083440470606, 0, 0.071021788623, 0.00095752462615, 0.91964013294, 3.6506750208e-05],
      [0.15595068615, 0.15297148982, 5.0005324187e-07, 0.33828294395, 0.15413852414, 0.19865585589],
      [0.045299010283, 0, 0.06855697162, 0.80063637219, 0.0052214580484, 0.080286187855],
      [0.00045756864376, 0, 0.17741668711, 0.00025802448103, 0.81978285693, 0.0020848628374],
      [0.023538995442, 0.34871240843, 0.17270236415, 0.12067736237, 0.32884498441, 0.0055238852038],
      [0.35549485096, 0.061104824131, 0.095680899856, 0.10293325677, 0.36416239982, 0.020623768464],
      [0.0022657873753, 0.062544508325, 0.046394415307, 0.47463524777, 0.0055473453615, 0.40861269587]
    ],
    [
      [0, 0, 0.060408533892, 0.002468740181, 0.93655203767, 0.00057068825754],
      [0.037737834603, 0.26594269752, 4.220234083e-07, 0.38244366459, 0.15346821406, 0.1604071672],
      [0, 0, 0.054165966294, 0.88723373639, 0.0047986996953, 0.053801597624],
      [0, 0, 0.16286831507, 0.017724430791, 0.81935329502, 5.3959127194e-05],
      [0.00013284121405, 0.60955688434, 0.10985678735, 0.035123110004, 0.24226190984, 0.0030684672582],
      [0.11060624404, 0.091724526238, 0.10619733964, 0.19769096452, 0.47359274956, 0.020188175999],
      [0.00050332767556, 0.10073875358, 0.037449415981, 0.51490502348, 0.0052259169045, 0.34117756237]
    ],
    [
      [0.0073246140824, 1.8548455123e-05, 0.12245654818, 0.000853125538, 0.86932918605, 1.7977688951e-05],
      [0.13987939896, 0.25856738469, 8.8279484547e-07, 0.30813500856, 0.14925678709, 0.14416053789],
      [0.043990144735, 0.0035379069654, 0.13215528228, 0.71196274659, 0.060767882053, 0.047586037377],
      [0.00063248051855, 0, 0.3009773584, 0, 0.69839016108, 0],
      [0.00048337236852, 0.53331094994, 0.213612208, 0.027406943291, 0.22236879045, 0.0028177359502],
      [0.30249053297, 0.09827157246, 0.16052982685, 0.089220494421, 0.33522276613, 0.014264807168],
      [0.0022057752556, 0.11461777926, 0.088721056719, 0.46823320664, 0.0058210679258, 0.3204011142]
    ],
    [
      [0.0075169863786, 0, 0.13848130089, 0.0009974852037, 0.85298532589, 1.8901633027e-05],
      [0.13889601159, 0.2306049835, 9.639012884e-07, 0.34237449239, 0.14125178439, 0.14687176423],
      [0.038416155458, 0, 0.12517557243, 0.78315896848, 0.0027213445129, 0.050527959123],
      [0.00036712365522, 0, 0.33194147206, 0.0002434043105, 0.66740072415, 4.727582152e-05],
      [0.00050206550829, 0.49950531817, 0.24460945293, 0.031881196793, 0.22050317747, 0.0029987891204],
      [0.30978257934, 0.071307414599, 0.17632684069, 0.10899774044, 0.31901625905, 0.014569165883],
      [0.0020738824307, 0.096810075812, 0.091900497643, 0.49350565339, 0.0052224252971, 0.31048746543]
    ],
    [
      [0.0067239437556, 2.3524531103e-05, 0.1105501943, 0.00093179503968, 0.88174704794, 2.3494424814e-05],
      [0.11340241073, 0.28944533129, 7.0428563559e-07, 0.29723512755, 0.1336977375, 0.16621868864],
      [0.036321566981, 0.030878345966, 0.10381356613, 0.75958941795, 0, 0.069397102978],
      [0.0017189276815, 0.0010566799664, 0.27708601044, 0.0002340445577, 0.71984283587, 6.1501484591e-05],
      [0.0003937490918, 0.59864852788, 0.17111293051, 0.026560032075, 0.20001737615, 0.0032673842906],
      [0.27652031763, 0.12424112612, 0.14453404969, 0.097170027489, 0.33894526854, 0.018589210537],
      [0.0017431392902, 0.12507542953, 0.068948612198, 0.43988274194, 0.0050787343105, 0.35927134274]
    ],
    [
      [0.011634604053, 5.8920144393e-06, 0.21479025802, 0.0011129622438, 0.77242086534, 3.5418335017e-05],
      [0.20544393079, 0.054242634657, 1.3309909231e-06, 0.35570283724, 0.10626445432, 0.278344812],
      [0.046821046658, 0, 0.14202815936, 0.72875357844, 0, 0.082397215542],
      [0.00050650735764, 0, 0.47153868498, 0.17117018669, 0.35670542107, 7.9199905095e-05],
      [0.0009581488854, 0.24445223895, 0.47449520152, 0.044796319665, 0.22834574741, 0.0069523435733],
      [0.42723985048, 0.024827534244, 0.21938083332, 0.090503230459, 0.21620490903, 0.02184364247],
      [0.0023448766453, 0, 0.10367302727, 0.4443858258, 0, 0.44959627028]
    ],
    [
      [0.0020026809687, 0, 0.165575674, 0.0012192181448, 0.83118463561, 1.7791276002e-05],
      [0.037141140582, 0.26814253655, 1.1511227569e-06, 0.41903433874, 0.13719037755, 0.13849045546],
      [0.0052141012442, 0, 0.12214699441, 0.83039861886, 0, 0.042240285491],
      [9.3342172884e-05, 0, 0.37928354072, 0.066702609547, 0.55387803153, 4.2476027719e-05],
      [0.00011822475174, 0.49306419708, 0.25869730213, 0.056172488502, 0.18945233195, 0.002495455586],
      [0.096854767652, 0.12165070972, 0.25096979805, 0.14503471204, 0.36916596267, 0.016324049865],
      [0.00049066667621, 0.099903451503, 0.097565069504, 0.53683299423, 0.0045043882325, 0.26070342985]
    ],
    [
      [0.0065054063851, 0, 0.24985191078, 0.00067553114126, 0.74293862217, 2.8529517523e-05],
      [0.13661040843, 0.20394240446, 1.9775435065e-06, 0.26796587691, 0.13998524429, 0.25149408836],
      [0.031237251699, 0, 0.29928036883, 0.52194769713, 0.076367429299, 0.071167253045],
      [0, 0, 0.50744313969, 0, 0.49255686031, 0],
      [0.00041443119003, 0.35390610808, 0.43703931561, 0.020951496066, 0.18337161175, 0.0043170373008],
      [0.25738639407, 0.06736815076, 0.31274688274, 0.067458758741, 0.27342278335, 0.021617030335],
      [0.0017023845672, 0.071514477525, 0.15730293638, 0.3222816473, 0.0043202809985, 0.44287827323]
    ],
    [
      [0.0029363293735, 0, 0.2683178776, 0.00074100844787, 0.72797367046, 3.1114117588e-05],
      [0.066160194278, 0.17689960129, 2.2775237311e-06, 0.31536902509, 0.14711118672, 0.2944577151],
      [0.0069665208915, 0, 0.29422052291, 0.55483808714, 0.069771132899, 0.074203736154],
      [0, 0, 0.53024447004, 0, 0.46975552996, 0],
      [0.00019509562395, 0.27268997457, 0.51082291896, 0.023970964007, 0.18741045074, 0.0049105960946],
      [0.13335467507, 0.062479578334, 0.38508559921, 0.084853353493, 0.30719325335, 0.027033540538],
      [0.00071842841099, 0.054086246197, 0.15794511453, 0.33073143602, 0.0039582996363, 0.4525604752]
    ],
    [
      [0.0061642259248, 2.9545077799e-05, 0.12639423792, 0.001025414379, 0.86636910468, 1.7472019038e-05],
      [0.099124726894, 0.34640730188, 7.6573881025e-07, 0.3115769454, 0.12488132216, 0.11800893793],
      [0.029345184924, 0.022555105074, 0.11277147133, 0.78529366965, 0.0045436836402, 0.045490885382],
      [0, 0.06338016582, 0.29970907378, 0, 0.6369107604, 0],
      [0.00030625775598, 0.64013493693, 0.16605096344, 0.024803924617, 0.16664198487, 0.0020619323878],
      [0.24743776897, 0.15160884713, 0.16047453648, 0.10386866483, 0.3231822837, 0.013427898884],
      [0.0016034346968, 0.15773408315, 0.079090726668, 0.48658202265, 0.0050028460445, 0.26998688679]
    ],
    [
      [0.004727344957, 2.1619285417e-05, 0.087723648952, 0.0010794203489, 0.90642506069, 2.2905766132e-05],
      [0.08059540001, 0.26894553612, 5.6365588009e-07, 0.34783859725, 0.13853144485, 0.16408845811],
      [0.019585659006, 0.00872177095, 0.065008428552, 0.83684906488, 0, 0.069835076608],
      [0.00025096346928, 0.0013272867935, 0.22851614343, 0.05415971765, 0.71568361552, 6.2273142197e-05],
      [0.00029831831447, 0.59535180798, 0.14638476937, 0.033162727739, 0.22136901621, 0.0034333603939],
      [0.21618167021, 0.12653304311, 0.12701945495, 0.1246875681, 0.38550246823, 0.020075795403],
      [0.0011791906696, 0.11069433727, 0.052636584858, 0.49108363395, 0.0050170467015, 0.33938920655]
    ],
    [
      [0.0059065820272, 2.6618876195e-05, 0.1202552806, 0.00088774511349, 0.8728956408, 2.8132580332e-05],
      [0.095610125587, 0.31428138659, 7.3514035564e-07, 0.27183811577, 0.12706909877, 0.19120053814],
      [0.029297780619, 0.050511941557, 0.11742825117, 0.7127223542, 0.0050180023096, 0.085021670147],
      [0, 0.030031108035, 0.29098350026, 0, 0.67891298883, 7.2402879188e-05],
      [0.0003169556956, 0.62080392228, 0.17056575173, 0.023189155616, 0.18153889707, 0.0035853176048],
      [0.24516123288, 0.14180834957, 0.1585881019, 0.093393135903, 0.33859389951, 0.022455280228],
      [0.001426226859, 0.1318249783, 0.069859309376, 0.39057180946, 0.0046859681354, 0.40163170787]
    ],
    [
      [0.0090717472016, 2.2824026291e-05, 0.14571121344, 0.0012156505108, 0.84394453567, 3.4029149282e-05],
      [0.12859245088, 0.23617346629, 7.7890770644e-07, 0.32563561697, 0.1072967432, 0.20230094374],
      [0.040911846207, 0.0040154945131, 0.085260723477, 0.77589440922, 0, 0.093917526587],
      [0.00043856466661, 1.0733134607e-05, 0.3455788844, 0.1491126326, 0.50477494008, 8.4245124512e-05],
      [0.00051081299594, 0.56076640848, 0.21693502264, 0.033322619899, 0.18391418164, 0.0045509543501],
      [0.32170450752, 0.10370484004, 0.16378717273, 0.1089936197, 0.27866136388, 0.023148496125],
      [0.0017880473735, 0.09233811761, 0.069087580307, 0.43658872106, 0.0036912022423, 0.3965063314]
    ],
    [
      [0.0082122050931, 0, 0.12579530316, 0.00096820221822, 0.86498486798, 3.9421543785e-05],
      [0.15581342593, 0.11971363427, 8.7267862131e-07, 0.34027650297, 0.14103348302, 0.24316208114],
      [0.041348952969, 0, 0.1023815472, 0.76422077767, 0, 0.09204872216],
      [0.00040950604812, 0, 0.31052011454, 0.038933734676, 0.65005793495, 7.870978866e-05],
      [0.0068605682698, 0.25954866817, 0.29887148033, 0.13308977369, 0.2950816661, 0.0065478434404],
      [0.35169480382, 0.045029126742, 0.16074697552, 0.098685997288, 0.32003480555, 0.023808291082],
      [0.0019651409412, 0.04293348572, 0.072339806802, 0.42583462715, 0.0045050599108, 0.45242187948]
    ],
    [
      [0.014495420093, 2.0694881013e-05, 0.12571587577, 0.00090322126789, 0.85882490156, 3.9886426015e-05],
      [0.20572527838, 0.21378032058, 6.5346296773e-07, 0.23848726068, 0.10464080786, 0.23736567904],
      [0.071930175484, 0.0083122193597, 0.095932466668, 0.69634757055, 0, 0.12747756794],
      [0.042739467615, 0.0050021799967, 0.31232368276, 0.025389940942, 0.61315607051, 0.0013886581812],
      [0.00087383955131, 0.56851491861, 0.20148120877, 0.026556654293, 0.19685272542, 0.0057206533617],
      [0.46547495454, 0.081202415889, 0.12129548809, 0.069526781971, 0.2392013549, 0.023299004617],
      [0.0029587159937, 0.087483256701, 0.061634261441, 0.33960301631, 0.0037984822223, 0.50452226733]
    ],
    [
      [0.007901317208, 2.4176223846e-05, 0.16460304632, 0.0011728012264, 0.82627128951, 2.7369506777e-05],
      [0.11856125212, 0.2647513163, 9.3351411882e-07, 0.33290462207, 0.11155549398, 0.17222638202],
      [0.033632099971, 0.0083749307479, 0.11409034522, 0.77541631118, 0, 0.068486312885],
      [0.0011729486581, 0.0014800162102, 0.37837106075, 0.10914964919, 0.50976060467, 6.5720521677e-05],
      [0.00042252280173, 0.56173455829, 0.23262928501, 0.030525826041, 0.1712121181, 0.0034756897576],
      [0.28748521109, 0.11307762323, 0.19058257389, 0.10830671744, 0.2813707209, 0.019177153455],
      [0.0016937468109, 0.10628256312, 0.084890993132, 0.45763196181, 0.0039369032848, 0.34556383185]
    ],
    [
      [0.0092150260396, 0, 0.18125272239, 0.0009574654501, 0.80852101883, 5.3767293345e-05],
      [0.14880002285, 0.18323601685, 1.1018827289e-06, 0.29191488657, 0.11681767108, 0.25923030077],
      [0.043532780438, 0, 0.14521109007, 0.70160215556, 0, 0.10965397393],
      [0.0026908655187, 0, 0.40695395216, 0.035744872536, 0.55452072671, 8.9583080329e-05],
      [0.00060237147743, 0.44526150274, 0.31336640996, 0.030471865784, 0.20435981169, 0.0059380383577],
      [0.3493958336, 0.056821435078, 0.20774622988, 0.087536428421, 0.27197034823, 0.026529724794],
      [0.0019201379333, 0.066473176356, 0.090845393168, 0.36377079916, 0.0037338817061, 0.47325661168]
    ],
    [
      [0.0078488508632, 2.4774156254e-05, 0.14929746536, 0.0011037058487, 0.84170487545, 2.0328315048e-05],
      [0.12495015216, 0.287619979, 8.9450181354e-07, 0.33191554572, 0.11981473566, 0.13569869296],
      [0.039343155945, 0.0092313655664, 0.11145967707, 0.78837069235, 0, 0.051595109059],
      [0.00037689360951, 0.029386098522, 0.3520802116, 0.040232602767, 0.57787420193, 4.9991567531e-05],
      [0.00042168466798, 0.5811728952, 0.21219491089, 0.028870930917, 0.17474537466, 0.0025942036595],
      [0.29388749309, 0.11850432441, 0.17668920611, 0.10419441141, 0.29216665875, 0.014557906232],
      [0.0019085804596, 0.12367485915, 0.087312844258, 0.48968017911, 0.0045325366437, 0.29289100038]
    ],
    [
      [0.0066444974476, 2.2796859886e-05, 0.11596085993, 0.00098322392737, 0.87636664374, 2.1978095637e-05],
      [0.1128764841, 0.28227563506, 7.4100569011e-07, 0.31522941758, 0.13300307266, 0.15661464959],
      [0.034708685575, 0.011410970441, 0.10319874647, 0.78820019638, 0, 0.062481401128],
      [0.00033660216171, 0.021582084342, 0.28843291732, 0.0002447731418, 0.68934660065, 5.7022385808e-05],
      [0.00039201773498, 0.5875310267, 0.18097513767, 0.02824429354, 0.19977730663, 0.0030802177265],
      [0.27440842769, 0.12007446401, 0.15109531493, 0.10219295609, 0.33489699194, 0.017331845351],
      [0.0017162125565, 0.12089508437, 0.072042414728, 0.46322863476, 0.0050118815513, 0.33710577203]
    ],
    [
      [0.0083568662831, 2.2290977963e-05, 0.10390380977, 0.0010424677137, 0.88664708428, 2.7480977341e-05],
      [0.13105344561, 0.25513240082, 6.1174442161e-07, 0.30847888606, 0.12399728815, 0.18133736762],
      [0.049437555189, 0.0088226929779, 0.074042867963, 0.78339949256, 0, 0.084297391307],
      [0.00043258668452, 0.0094066446523, 0.26426400175, 0.052572233201, 0.67325167199, 7.2861724513e-05],
      [0.00050488685849, 0.59183022251, 0.16611358983, 0.030671431697, 0.20693524221, 0.0039446268959],
      [0.3242690329, 0.11004589994, 0.12676570488, 0.10147987771, 0.31714067332, 0.020298811243],
      [0.0019486670008, 0.10684837132, 0.058270457326, 0.44423117112, 0.0045763881146, 0.38412494511]
    ],
    [
      [0.0034887183738, 2.3217404238e-05, 0.1029926389, 0.0010012764193, 0.89247472894, 1.9419956338e-05],
      [0.062868656143, 0.30516977062, 6.9972454864e-07, 0.34093252342, 0.14425947665, 0.14676887344],
      [0.014324348511, 0.014207039845, 0.093451344148, 0.82297904507, 0, 0.055038222424],
      [0.00018019338964, 0.014210675398, 0.26096182166, 0.00025412189128, 0.7243418212, 5.1366463488e-05],
      [0.00020722742216, 0.60110649135, 0.16175235003, 0.02895402721, 0.20524009803, 0.002739805953],
      [0.16667637608, 0.1419896548, 0.15585319242, 0.12086424816, 0.3968312536, 0.017785274934],
      [0.00093752784279, 0.12804078416, 0.066581749019, 0.49041390415, 0.0053245011405, 0.30870153368]
    ],
    [
      [0.008565317573, 2.1111708939e-05, 0.079901815613, 0.0010019769726, 0.91048936227, 2.041586221e-05],
      [0.14403566657, 0.25968299222, 4.9864451821e-07, 0.31605214478, 0.13483446061, 0.14539423716],
      [0.044537592921, 0.0089045345463, 0.073626497844, 0.80951033541, 0.004903513055, 0.058517526227],
      [0.007122622015, 0.00067104020916, 0.20442861803, 0.026045489053, 0.76021633696, 0.0015158937263],
      [0.00054539063865, 0.60683210061, 0.13483002196, 0.031099129253, 0.22360205869, 0.0030912988515],
      [0.34732806658, 0.10679858469, 0.099433890799, 0.099577075082, 0.33146019905, 0.015402183804],
      [0.0022739870907, 0.11584107871, 0.051013007793, 0.48919986169, 0.0053377685352, 0.33633429618]
    ],
    [
      [0.0079813919585, 2.5563999742e-05, 0.080096705916, 0.00081978616393, 0.91105666651, 1.9885452875e-05],
      [0.13620895764, 0.31802803128, 5.1445304877e-07, 0.26416267813, 0.13914773819, 0.14245208031],
      [0.054271301817, 0.068654202945, 0.08570427609, 0.70491774932, 0.028287576446, 0.058164893383],
      [0.00043051796349, 1.3414530477e-05, 0.21205277069, 0.00021730144528, 0.7872310613, 5.49340674e-05],
      [0.00046240245758, 0.64673762537, 0.12272703554, 0.023124782445, 0.20421149007, 0.0027366641217],
      [0.32362897745, 0.13228308171, 0.10252943089, 0.083719126437, 0.34243167855, 0.015407704963],
      [0.0023315046242, 0.15331243672, 0.056283164318, 0.43692697395, 0.0059029325859, 0.34524298781]
    ],
    [
      [0.015248895296, 0, 0.17987460365, 0.057685247215, 0.74717445914, 1.6794701763e-05],
      [0.25340544841, 0.19491054731, 1.0893906595e-06, 0.31882640985, 0.11471654372, 0.11813996133],
      [0.085367647662, 0, 0.13954439086, 0.73599216195, 0, 0.039095799528],
      [0.00070724539582, 0, 0.40952124786, 0.00023303498457, 0.58949892924, 3.9542510903e-05],
      [0.036409061626, 0.43227646566, 0.30265858083, 0.031848943744, 0.19427779964, 0.0025291485019],
      [0.47338802581, 0.060645861065, 0.16586048852, 0.075981832166, 0.21473518904, 0.009388603396],
      [0.0040297061675, 0.088536292382, 0.11418461937, 0.5053028011, 0.0046310158485, 0.28331556513]
    ],
    [
      [0.0053994829282, 2.3426068371e-05, 0.15429693744, 0.00086249292491, 0.83938573051, 3.1930133238e-05],
      [0.09036417278, 0.28603670969, 9.7551537689e-07, 0.27305514068, 0.12637636112, 0.22416664022],
      [0.025882430882, 0.039479265806, 0.14835097538, 0.68724746172, 0.00083684763584, 0.098203018576],
      [0.00025677894605, 1.0835910064e-05, 0.35973850972, 0.00020152922096, 0.63971459162, 7.7754575694e-05],
      [0.00029975082821, 0.56517790225, 0.22640090202, 0.023306641253, 0.18060513867, 0.00420966498],
      [0.22529739224, 0.12554424712, 0.20469624693, 0.091270658334, 0.32755581073, 0.025635644639],
      [0.001247022874, 0.11096045829, 0.085732428192, 0.36278864988, 0.0043101471174, 0.43496129364]
    ],
    [
      [0, 8.7238703874e-06, 0.032298316647, 0.00022558363338, 0.96746737585, 0],
      [0, 0.46273031368, 6.4365345955e-07, 0.27377692691, 0.26349211575, 0],
      [0, 0.060072305073, 0.13596633445, 0.56974875931, 0.23421260117, 0],
      [0, 5.9422547584e-06, 0.13091809224, 7.7604004157e-05, 0.8689983615, 0],
      [0, 0.67573672244, 0.09738566991, 0.011712654196, 0.21516495345, 0],
      [0, 0.14780483111, 0.12912474688, 0.071412969865, 0.65165745214, 0],
      [0, 0.26042377984, 0.099940258839, 0.62594110088, 0.013694860438, 0]
    ],
    [
      [0.0045527222315, 1.1797464681e-05, 0.11145587981, 0.00076878983336, 0.88319110922, 1.9701433992e-05],
      [0.10409145547, 0.14964485574, 9.513215128e-07, 0.33116304469, 0.22577282022, 0.18932687257],
      [0.021479846074, 0, 0.14326460162, 0.71390276692, 0.068643468258, 0.05270931713],
      [0.00023202287768, 0, 0.27995627255, 0.00019259483579, 0.7195676719, 5.143784316e-05],
      [0.00037888395423, 0.43651000936, 0.24583113029, 0.031169270534, 0.28221430927, 0.0038963965878],
      [0.22951377955, 0.075184299262, 0.1752630547, 0.096457659421, 0.40483168946, 0.018749517601],
      [0.0014540292128, 0.077633090588, 0.08555455677, 0.45003571055, 0.006193435122, 0.37912917776]
    ],
    [
      [0.0060314236694, 2.4363129516e-05, 0.14960816727, 0.0010880411435, 0.84321065736, 3.7347427197e-05],
      [0.089329181231, 0.26313950911, 8.3234878966e-07, 0.30412006672, 0.11130785047, 0.23210256011],
      [0.024766551234, 0.008864105688, 0.1061658246, 0.7495736852, 0, 0.11062983328],
      [0.00028908308487, 1.1360340811e-05, 0.35246536543, 0.00025628230494, 0.64688622798, 9.1680851698e-05],
      [0.00032594105395, 0.60192606273, 0.21397919757, 0.13395056264, 0.042762462381, 0.0070557736236],
      [0.2404996129, 0.12377962699, 0.18799379645, 0.10905274649, 0.31027515262, 0.028399064549],
      [0.001184224637, 0.098259739632, 0.070634608746, 0.38998535425, 0.0036581831143, 0.43627788962]
    ],
    [
      [0.0079673353874, 2.2517037043e-05, 0.066117023233, 0.00077742281299, 0.92510550768, 1.0193852986e-05],
      [0.15481137413, 0.3190003761, 4.78856786e-07, 0.28380520767, 0.1589389404, 0.083443622844],
      [0.056264211384, 0.036388976556, 0.080389192988, 0.70832978783, 0.089834562542, 0.028793268703],
      [0.00044075267685, 1.2123368195e-05, 0.18001807446, 0.00021143743262, 0.81928871783, 2.8894231917e-05],
      [0.00050624201663, 0.63592765186, 0.11127819341, 0.024068296065, 0.22667997349, 0.0015396431536],
      [0.3413128997, 0.1211462055, 0.087750646303, 0.082349879488, 0.35924532526, 0.0081950437493],
      [0.0029544374296, 0.17204641935, 0.058959092107, 0.52835289255, 0.007574666672, 0.23011249189]
    ],
    [
      [0.0044515621527, 0, 0.20488057652, 0.00071339082529, 0.78993400504, 2.0465460947e-05],
      [0.10811312101, 0.18277010329, 1.8804075465e-06, 0.32778846724, 0.17270177077, 0.20862465727],
      [0.018097463849, 0, 0.24239977996, 0.58538018343, 0.10378695285, 0.0503356199],
      [0, 0, 0.44255734059, 0, 0.55744265941, 0],
      [0.00033317600179, 0.28709381177, 0.45371035197, 0.025989427205, 0.22923559188, 0.0036376411685],
      [0.20335161392, 0.0605241376, 0.29769377092, 0.082685340902, 0.33774734475, 0.017997791906],
      [0.0013766665214, 0.065396300309, 0.15244204096, 0.4017589987, 0.0054342808085, 0.3735917127]
    ],
    [
      [0.0035242415508, 0, 0.21642844619, 0.00062453534555, 0.77940173488, 2.1042038794e-05],
      [0.095174512069, 0.16110345193, 2.189750305e-06, 0.3174812168, 0.18745204079, 0.23878658866],
      [0.013333204961, 0, 0.27995738546, 0.51623903701, 0.14276998657, 0.047700386002],
      [0, 0, 0.46001990551, 0, 0.53998009449, 0],
      [0.00027742659185, 0.2297280923, 0.50481907933, 0.023945457675, 0.23729386809, 0.0039360760121],
      [0.17253271225, 0.050706780052, 0.33110564029, 0.07624609562, 0.34991423418, 0.019494537607],
      [0.0011310777398, 0.054038716033, 0.1671010055, 0.36637387239, 0.0055450309414, 0.4058102974]
    ],
    [
      [0.0077100780327, 2.7135546725e-05, 0.20277085633, 0.0012331030439, 0.78822315089, 3.567615995e-05],
      [0.10584737689, 0.27210882279, 1.0492460231e-06, 0.31974225766, 0.096926010838, 0.20537448258],
      [0.029510433402, 0.0086340130707, 0.12583223542, 0.74960601582, 0, 0.086417302284],
      [0.00034131384077, 0.013495078708, 0.44044262262, 0.13608923046, 0.40955087574, 8.0878640477e-05],
      [0.00036770501983, 0.56588373294, 0.25571328156, 0.02862889621, 0.14536518189, 0.0040412023749],
      [0.26834335824, 0.12094390517, 0.22349510758, 0.10840190048, 0.25501882618, 0.023796902357],
      [0.0014207632683, 0.10268003036, 0.089882647412, 0.41397665169, 0.0032195975525, 0.38882030972]
    ],
    [
      [0.0042899940267, 1.3176694264e-05, 0.20021144476, 0.00072813352687, 0.79474631545, 1.093554141e-05],
      [0.10894800869, 0.2440156019, 1.9154424548e-06, 0.34939278846, 0.18097051197, 0.11667117354],
      [0.012139280874, 0, 0.25915563974, 0.56507913465, 0.15042221736, 0.013203727374],
      [0, 0, 0.4356178892, 0, 0.5643821108, 0],
      [0.00029570973918, 0.34862301429, 0.41266298304, 0.024436889755, 0.21219087166, 0.0017905315159],
      [0.19740455728, 0.077475603194, 0.29120577001, 0.084504029583, 0.33978103649, 0.0096290034424],
      [0.001558289654, 0.098250315678, 0.17496047811, 0.48262447655, 0.0064127138534, 0.23619372616]
    ],
    [
      [0.0041471872702, 0, 0.22585242669, 0.00086402703477, 0.76911123061, 2.5128394129e-05],
      [0.082318919437, 0.24762131486, 1.6855952986e-06, 0.3237888272, 0.13649780028, 0.20977145263],
      [0.013388900867, 0, 0.23815917604, 0.65576365941, 0.031177135675, 0.061511128015],
      [0, 0, 0.47389728905, 0, 0.52610271095, 0],
      [0.00024492303946, 0.43934164803, 0.35632020206, 0.02484760544, 0.17572006094, 0.0035255604948],
      [0.1786922982, 0.093864109848, 0.30663251619, 0.093601092963, 0.30655474613, 0.020655236666],
      [0.0010379904744, 0.087887717076, 0.13597499943, 0.39495098514, 0.0042691158824, 0.37587919199]
    ],
    [
      [0.0064179520783, 1.6895668494e-05, 0.061415581164, 0.00094289487152, 0.93118196496, 2.4711258319e-05],
      [0.11779568888, 0.22427782385, 4.1464578613e-07, 0.3213951986, 0.14738664759, 0.18914422644],
      [0.035948051368, 0, 0.057480898858, 0.82469360614, 0, 0.081877443637],
      [0.00035840116554, 0, 0.16930111464, 0.040002283574, 0.79026744853, 7.0752095067e-05],
      [0.0053564602367, 0.54225249778, 0.12276464725, 0.057775650574, 0.26742268527, 0.0044280588838],
      [0.30307313686, 0.09754624038, 0.087391127176, 0.10702703403, 0.38367115242, 0.021291309138],
      [0.0017062683136, 0.092729692697, 0.039259245644, 0.45963246257, 0.0053828808017, 0.40128944998]
    ],
    [
      [0.0052861300307, 1.859372932e-05, 0.14908143789, 0.00080493565301, 0.84479085082, 1.8051878791e-05],
      [0.10735744628, 0.27551674811, 1.1429237607e-06, 0.30909258963, 0.15421050139, 0.15382157167],
      [0.026685539471, 0.0092143010552, 0.17573232945, 0.67184105308, 0.070276077946, 0.046250698995],
      [0.0002534301614, 8.6708758176e-06, 0.350449252, 0.00018961554689, 0.64905471362, 4.4317800533e-05],
      [0.00033567893003, 0.51392783747, 0.25024129468, 0.024882148224, 0.20789051665, 0.0027225240488],
      [0.23313167196, 0.10517789723, 0.20869820361, 0.089886945275, 0.34781063757, 0.015294644353],
      [0.0016031638482, 0.11568915042, 0.10877548501, 0.44474295688, 0.005695196449, 0.32349404739]
    ],
    [
      [0.0062077138493, 8.6943810707e-06, 0.082517716423, 0.00080483466556, 0.91043807536, 2.2965317877e-05],
      [0.13741708056, 0.14022832695, 6.7382140768e-07, 0.333354, 0.17540473614, 0.21359518253],
      [0.036612347488, 0, 0.090997188977, 0.76598579931, 0.035613881044, 0.070790783181],
      [0, 0, 0.21804585722, 0, 0.78195414278, 0],
      [0.00061711377318, 0.28807293797, 0.21770654159, 0.039014861202, 0.44915874987, 0.0054297955955],
      [0.30714997693, 0.053125231929, 0.1240928834, 0.096651469496, 0.39806367917, 0.020916759079],
      [0.0018797980058, 0.05442961661, 0.060058148102, 0.44932490645, 0.00603460256, 0.42827292827]
    ],
    [
      [0.0076096880575, 1.7026099526e-05, 0.13135859869, 0.00095809564784, 0.86002443244, 3.2159065167e-05],
      [0.12811798747, 0.20916938337, 8.3617733392e-07, 0.30523676376, 0.13041040729, 0.22706462193],
      [0.038452985596, 0, 0.10774855218, 0.7524818131, 0, 0.10131664913],
      [0.00037604817664, 0, 0.31814441841, 0.02367444254, 0.65772371754, 8.1373328002e-05],
      [0.010762317651, 0.48715676093, 0.23538393068, 0.035403230644, 0.22611536744, 0.0051783926598],
      [0.30325224167, 0.087261680749, 0.16668046203, 0.096970450657, 0.3211404654, 0.024694699489],
      [0.0017577397818, 0.080639795339, 0.07300162913, 0.40286555819, 0.0044193052037, 0.43731597236]
    ],
    [
      [0.0042071153814, 0, 0.12975784447, 0.0010662413936, 0.86492970534, 3.9093417065e-05],
      [0.078111020996, 0.25214891, 8.9364803005e-07, 0.36997706116, 0.1414172166, 0.1583448976],
      [0.019443876285, 0, 0.11194589448, 0.80960560681, 0.0043660806513, 0.054638541771],
      [0, 0, 0.31109110964, 0.034056839743, 0.65480037804, 5.1672579356e-05],
      [0.00026808469907, 0.51837479022, 0.21906115906, 0.046433788275, 0.21276886419, 0.003093313563],
      [0.1981331129, 0.10924344136, 0.18705836045, 0.12266914589, 0.3650729892, 0.017822950198],
      [0.0010764107396, 0.098567748357, 0.079856935782, 0.49985965225, 0.0048924911953, 0.31574676167]
    ]
  ],
  "expected_outcome": [
    [
      [1.3627261737, 1.525053231, 0.16645938396, 0.43347515944, 0.095032327662, 1.234918965, 0, 1.6407135545, 0.85693644716, 0.63877465678, 0.034903812159, 0.092123324559, 0.85220823645, 0.40814978292, 0.57327301101, 0.32618680203, 1.0513716008, 0.75295501774, 0.13139528149, 0.15944962102, 1.0350725543, 0.5805466405, 0.40029139402, 0.28571339025, 0.38441584902, 0.32793952714, 0.39400460836, 0.59062300493, 0.32022680123, 1.0798965856, 0, 0.063738111241, 0.31966545448, 0.31072608011, 1.1618577219, 0.18326056064, 0.49344499409, 0.36035949824, 0.29030310892, 0, 0.85106693494, 0.074492566192, 2.0013479591, 0.22297711521],
      [0.0026538258245, 0.0036593026926, 0.00043730536066, 0, 0, 0, 0, 0.0041548539476, 0, 0.0022348304547, 1.7676043318e-05, 0, 0, 0, 0.0027476922353, 0.0014917306938, 0.0047381599627, 0.0018943941821, 0, 0.00022764369115, 0.0031670853238, 0, 0.0012634819689, 0.00098026497509, 0.0010253849863, 0.0021824359984, 0.00097113861119, 0.0018917359809, 0, 0.0046852136741, 8.7238703874e-06, 0.00016516450554, 0.0012912458644, 0.00087816444469, 0, 0, 0.0017366749904, 0.0011068423181, 0, 0, 0.0029935904205, 0.00010433257285, 0.0044778641752, 0],
      [12.0367023793, 14.0413483582, 2.1133850811, 4.5875333265, 0.45686205987, 10.5112247163, 0.72490240671, 27.430266793, 15.786868302, 10.5022684589, 0.64437077406, 7.6164810039, 32.7306003127, 37.296184986, 11.7546641264, 6.0529317777, 21.4054399469, 12.0940307157, 2.0127248506, 1.3828746335, 21.5629990685, 11.4189215103, 7.6141707336, 4.9863169768, 4.7795752494, 9.6813080568, 3.6754835182, 5.9271562378, 3.7773666766, 30.859387487, 0.032298316647, 1.5603823174, 7.9292328651, 2.5785639061, 53.4738304721, 11.2542792017, 12.9773348051, 16.8177613601, 15.8096698685, 0, 24.0021114999, 0.99021259707, 34.5473114555, 6.8771657567],
      [0.1187223701, 0.1710623124, 0.020650331122, 0.053595916273, 0.0083019578514, 0.14171364467, 0.029624882173, 0.19110012051, 0.11371331322, 0.08852052877, 0.0033388867315, 0.056084034661, 0.088494579505, 0.10300017425, 0.095363537243, 0.074480004076, 0.1580186302, 0.1008989924, 0.015491235491, 0.0099354339468, 0.15363696066, 0.060320323356, 0.056288998284, 0.042278628877, 0.04795351483, 0.094119983412, 0.046090940741, 0.060664176131, 1.2113901915, 0.17249858498, 0.00022558363338, 0.010763057667, 0.057666180603, 0.030319489706, 0.1861950054, 0.032475837969, 0.078918594809, 0.061163216257, 0.060481892434, 0, 0.12959464014, 0.0096580159867, 0.25197915538, 0.056510793859],
      [112.4752456435, 154.2555319262, 22.698464064, 60.9237648935, 8.4396606405, 136.1067396751, 11.238624452, 194.7297376758, 97.2403271515, 83.7659695548, 2.317262596, 38.2344932382, 97.3249595045, 101.1883401944, 80.5723267354, 62.5433291876, 155.3754240628, 70.0473964606, 13.8397578878, 9.4470739172, 108.2415389258, 50.9368241863, 42.9269486481, 37.683765681, 40.7857658769, 83.8926245208, 41.8825106644, 67.4181933217, 15.6906636419, 167.877146102, 0.96746737585, 12.3646755291, 44.6901648403, 36.0791147994, 206.1727753153, 40.5288902136, 50.4462816568, 66.7586904976, 53.8377861425, 0, 136.0113269821, 10.9252569044, 226.1864257316, 45.8412743832],
      [0.0039496076009, 0.0033448695179, 0.00060383444283, 0.0016307042973, 0.00014301415051, 0.0054029990307, 0.0068482590905, 0.0040270023249, 0.0021547861651, 0.0022319703573, 0.00010625500505, 0.0008183986961, 0.0037373667955, 0.0043248623447, 0.0016248977705, 0.0015804978631, 0.0050075992991, 0.0028244193904, 0.00063074470056, 0.00043875068616, 0.0035854053878, 0.0033873394807, 0.0010367440674, 0.00094505811241, 0.0012641249577, 0.0018254758958, 0.00093912966164, 0.0014715235127, 0.00035268873702, 0.0063860266476, 0, 0.00027582007588, 0.0019794136414, 0.00039756026645, 0.005341485307, 0.0010941860173, 0.0022832742368, 0.00091858547843, 0.001758987589, 0, 0.0029063524853, 0.00027558381452, 0.0084578341389, 0.0020719511044]
    ],
    [
      [12.2738182669, 5.6691650775, 1.1263491799, 2.5468393812, 0.21941339781, 8.4213370521, 0.11321350381, 8.8124021346, 4.3057763593, 11.1134362519, 0.82177572315, 1.1142342175, 3.8250914361, 1.3893640798, 3.8658643489, 4.3521516005, 5.9278277864, 5.2722904862, 1.0906939815, 2.0572527838, 8.0621651442, 2.9760004569, 10.9956133899, 4.7408123321, 4.0626568139, 3.5835134002, 0.72017833287, 3.8138508139, 1.5204326905, 11.7473424615, 0, 2.8104692976, 4.2878006991, 2.1673592379, 5.5137691715, 0.95174512069, 2.857879176, 3.813180304, 1.7286973082, 0.58897844439, 6.8708765616, 1.2367537251, 29.7233730932, 1.3278873569],
      [17.463575644, 9.9344490883, 2.1620866362, 4.2682866119, 0.14873456627, 8.2604604503, 0.79782809256, 16.2897452356, 7.1487544884, 28.3656424663, 0.21697053863, 8.0442760964, 5.7103873248, 3.714891627, 13.5098847732, 14.5230589505, 19.4854459686, 9.683112118, 0.8379954399, 2.1378032058, 18.0030895083, 3.6647203371, 25.3105581524, 11.8555766726, 7.9091044254, 17.3946769252, 1.2984149611, 8.9047848758, 1.1694632838, 37.1847722592, 0, 4.0404111049, 12.6306964374, 4.4660052653, 9.3212752679, 1.6110345193, 7.3469382152, 8.5405460666, 5.200047612, 1.1213891192, 17.633071879, 1.2620549426, 48.5272969416, 4.28653147],
      [4.0909514538e-05, 1.9689410479e-05, 5.3385018296e-06, 1.0122469211e-05, 3.5092425724e-07, 2.7002875061e-05, 1.2660702249e-06, 5.5616075265e-05, 2.988093994e-05, 6.9019992288e-05, 5.3239636925e-06, 3.4533682706e-05, 5.5371218182e-05, 4.7827998352e-05, 2.98638136e-05, 3.0437417525e-05, 4.557870205e-05, 3.1935215964e-05, 6.1087503492e-06, 6.5346296773e-06, 6.347896008e-05, 2.2037654577e-05, 7.8716159592e-05, 3.1122238985e-05, 1.896407707e-05, 3.9884299272e-05, 2.4932225911e-06, 1.4404685365e-05, 6.5363439569e-06, 0.000126816999, 0, 2.5685680846e-05, 3.9952741904e-05, 6.703995004e-06, 9.5900784873e-05, 2.189750305e-05, 2.8329642624e-05, 6.7040485917e-05, 3.539750127e-05, 2.0732289306e-06, 7.3147120683e-05, 6.0643926691e-06, 0.00019399314147, 1.5192016511e-05],
