{
  "X": [
    [18, 67, 162, 17],
    [67, 168, 600, 59],
    [3, 3, 11, 2],
    [32, 40, 149, 16],
    [4, 10, 40, 4],
    [18, 34, 84, 13],
    [81, 177, 279, 38],
    [75, 101, 215, 35],
    [49, 101, 209, 19],
    [62, 198, 370, 25],
    [44, 78, 171, 27],
    [52, 103, 246, 27],
    [177, 428, 643, 90],
    [16, 39, 60, 6],
    [92, 208, 347, 41],
    [172, 281, 433, 74],
    [35, 68, 118, 8],
    [2, 17, 16, 1],
    [2, 5, 12, 1],
    [30, 185, 443, 37],
    [54, 272, 592, 48],
    [23, 115, 193, 28],
    [40, 84, 117, 11],
    [21, 28, 82, 11],
    [88, 782, 508, 81],
    [106, 545, 727, 90],
    [39, 124, 234, 35],
    [52, 316, 414, 43],
    [0, 8, 6, 0],
    [1, 6, 8, 1],
    [3, 9, 8, 2],
    [191, 265, 591, 91],
    [115, 178, 565, 77],
    [96, 150, 352, 51],
    [74, 186, 520, 54],
    [44, 44, 240, 18],
    [55, 68, 263, 29],
    [1, 9, 7, 1],
    [70, 101, 332, 39],
    [68, 247, 276, 37],
    [53, 355, 333, 28],
    [67, 184, 243, 30],
    [50, 115, 447, 41],
    [5, 16, 27, 5],
    [5, 7, 26, 1],
    [6, 6, 14, 3],
    [2, 4, 18, 0],
    [9, 15, 42, 9],
    [34, 89, 177, 11],
    [47, 324, 349, 43],
    [77, 108, 202, 28],
    [40, 127, 255, 28],
    [92, 392, 629, 57],
    [36, 79, 97, 12],
    [0, 1, 6, 1],
    [24, 128, 256, 37],
    [372, 1012, 1473, 178],
    [69, 141, 277, 41],
    [377, 887, 1289, 201],
    [74, 134, 324, 30]
  ],
  "W": [
    [16, 148, 66, 15, 19],
    [64, 573, 160, 40, 57],
    [2, 11, 4, 0, 2],
    [50, 120, 40, 13, 14],
    [5, 38, 8, 2, 5],
    [14, 86, 34, 5, 10],
    [135, 214, 175, 14, 37],
    [121, 166, 97, 4, 38],
    [63, 173, 103, 8, 31],
    [114, 288, 178, 23, 52],
    [48, 158, 67, 12, 35],
    [78, 210, 99, 11, 30],
    [255, 535, 395, 39, 114],
    [29, 42, 38, 1, 11],
    [148, 297, 192, 12, 39],
    [203, 376, 293, 11, 77],
    [44, 95, 61, 9, 20],
    [3, 14, 11, 3, 5],
    [4, 10, 5, 0, 1],
    [43, 395, 177, 37, 43],
    [84, 525, 247, 45, 65],
    [24, 177, 108, 15, 35],
    [42, 97, 77, 14, 22],
    [39, 54, 23, 12, 14],
    [178, 379, 744, 39, 119],
    [132, 663, 500, 55, 118],
    [49, 209, 120, 20, 34],
    [67, 368, 278, 41, 71],
    [1, 3, 6, 0, 4],
    [0, 7, 7, 1, 1],
    [1, 8, 11, 0, 2],
    [247, 514, 251, 33, 93],
    [179, 484, 171, 47, 54],
    [166, 268, 162, 10, 43],
    [82, 469, 180, 46, 57],
    [82, 185, 45, 10, 24],
    [80, 222, 66, 13, 34],
    [1, 4, 11, 0, 2],
    [102, 278, 106, 22, 34],
    [105, 235, 246, 10, 32],
    [93, 271, 342, 20, 43],
    [90, 199, 176, 19, 40],
    [75, 379, 110, 40, 49],
    [6, 23, 19, 1, 4],
    [4, 25, 8, 0, 2],
    [2, 15, 7, 1, 4],
    [2, 15, 4, 2, 1],
    [5, 46, 14, 3, 7],
    [63, 135, 85, 12, 16],
    [68, 284, 296, 66, 49],
    [124, 139, 97, 20, 35],
    [49, 229, 124, 17, 31],
    [118, 550, 368, 54, 80],
    [55, 67, 73, 12, 17],
    [2, 5, 1, 0, 0],
    [22, 250, 128, 14, 31],
    [586, 1173, 982, 72, 222],
    [80, 240, 150, 20, 38],
    [492, 1071, 913, 58, 220],
    [146, 245, 139, 5, 27]
  ],
  "method": "mvn_pdf",
  "cond_prob": [
    [
      [0.50652550161, 0.0086406033277, 0.42659162912, 0.058242265945],
      [0.031592418868, 0.0025315344178, 0.91105585472, 0.054820191995],
      [0.030371979044, 0.88947024799, 0.053919337032, 0.026238435933],
      [0.0010397347453, 0.22939064853, 0.75019606301, 0.019373553709],
      [0.1558785112, 0.23617577145, 0.31410398203, 0.29384173532]
    ],
    [
      [0.51792022622, 0.0090497504099, 0.4136085293, 0.059421494062],
      [0.034094112072, 0.0027364812625, 0.90555437839, 0.057615028273],
      [0.03146346801, 0.89000822874, 0.052040057212, 0.026488246034],
      [0.0011073432885, 0.24231184116, 0.73649012942, 0.020090686127],
      [0.16078115925, 0.24299397944, 0.30227446154, 0.29395039977]
    ],
    [
      [0.76775011974, 0.00094139934958, 0.20047371873, 0.030834762183],
      [0.053122524067, 0.00047994324873, 0.89206666855, 0.05433086413],
      [0.097422800426, 0.76917171785, 0.081869632993, 0.051535848736],
      [0.0021042481132, 0.040911559902, 0.93363004417, 0.023354147818],
      [0.3068771319, 0.035811174204, 0.28462620232, 0.37268549158]
    ],
    [
      [0.49229977485, 0.0067664096006, 0.44060178987, 0.060332025675],
      [0.030225766909, 0.0019286898578, 0.9127309835, 0.055114559736],
      [0.036146516976, 0.86336924174, 0.067523245822, 0.032960995462],
      [0.0010498077779, 0.18448387401, 0.79391507137, 0.020551246839],
      [0.15801062182, 0.19148346968, 0.33517480254, 0.31533110596]
    ],
    [
      [0.45633503156, 0.01290995765, 0.47113381295, 0.059621197843],
      [0.023604014855, 0.0033693827605, 0.92257294065, 0.050453661732],
      [0.013145702741, 0.94254833382, 0.030198580974, 0.014107382465],
      [0.00070244005244, 0.30661024052, 0.67653697182, 0.016150347607],
      [0.1110735793, 0.33330945203, 0.29058994767, 0.265027021]
    ],
    [
      [0.67787265956, 0.0066995724512, 0.25609216373, 0.059335604253],
      [0.062914200222, 0.0030116571308, 0.84790574787, 0.086168394782],
      [0.047082365942, 0.88205527337, 0.038723033419, 0.032139327271],
      [0.0020477420146, 0.27719932262, 0.69060769344, 0.030145241921],
      [0.23054300901, 0.21047935513, 0.21383269122, 0.34514494464]
    ],
    [
      [0.48582918735, 0.012229920073, 0.43427127731, 0.067669615261],
      [0.030439722964, 0.0035123201639, 0.90375866585, 0.06228929102],
      [0.022266259142, 0.91386738421, 0.041112844225, 0.022753512424],
      [0.00092448804753, 0.291939104, 0.68682171311, 0.02031469484],
      [0.13317582072, 0.29090078016, 0.27972425038, 0.29619914874]
    ],
    [
      [0.50822159559, 0.010968419896, 0.40921662752, 0.07159335699],
      [0.03336479683, 0.0033042072664, 0.89418546296, 0.069145532946],
      [0.025344108829, 0.90620665507, 0.042184576737, 0.026264659367],
      [0.0010352259914, 0.28179218002, 0.69412904289, 0.023043551107],
      [0.1421907358, 0.2676223126, 0.26924973194, 0.32093721966]
    ],
    [
      [0.53200733192, 0.0077251751474, 0.41822886774, 0.042038625189],
      [0.034964234671, 0.0023437597553, 0.92177701102, 0.040914994552],
      [0.036485665137, 0.88260373031, 0.059570367347, 0.021340237206],
      [0.0011667948863, 0.21428043552, 0.76988121105, 0.014671558546],
      [0.18535753167, 0.2351580488, 0.34408110874, 0.23540331079]
    ],
    [
      [0.4172808561, 0.016774403563, 0.52085443605, 0.045090304289],
      [0.022630992779, 0.0041675958099, 0.93729744116, 0.035903970253],
      [0.014376138679, 0.93720200329, 0.037036307285, 0.011385550743],
      [0.00064203577739, 0.32327850318, 0.66513801593, 0.010941445117],
      [0.10943723297, 0.38167341162, 0.32079965223, 0.18808970318]
    ],
    [
      [0.60008213236, 0.012002265503, 0.32521277014, 0.062702831996],
      [0.047749447534, 0.0044320209674, 0.8735030531, 0.074315478401],
      [0.027322347355, 0.9204835545, 0.030953883532, 0.021240214611],
      [0.0013664863435, 0.35067564551, 0.62510504545, 0.022852822694],
      [0.17411290888, 0.30738395578, 0.22388374655, 0.29461938879]
    ],
    [
      [0.49508644001, 0.011137632752, 0.43473813707, 0.059037790161],
      [0.031066654406, 0.0032165706141, 0.91103510087, 0.054681674107],
      [0.02433993769, 0.90997227284, 0.04429191689, 0.021395872582],
      [0.00096333202307, 0.27409203964, 0.70673362195, 0.01821100638],
      [0.14389636677, 0.28300808983, 0.2978148965, 0.27528064691]
    ],
    [
      [0.52513917699, 0.015326153956, 0.39501795669, 0.064516712365],
      [0.035979126409, 0.0047977996951, 0.89449957617, 0.064723497726],
      [0.020005925777, 0.93102173759, 0.031026734618, 0.017945602019],
      [0.00099433634525, 0.36095001281, 0.61884928241, 0.01920636843],
      [0.13846316476, 0.34771461417, 0.24422787927, 0.2695943418]
    ],
    [
      [0.43998569411, 0.011587148261, 0.50213544301, 0.046291714613],
      [0.023883384594, 0.0029412007545, 0.93546418484, 0.037711229811],
      [0.018807401517, 0.92141558044, 0.044746831327, 0.01503018672],
      [0.0007459800382, 0.25906608633, 0.72749364584, 0.01269428779],
      [0.12699746699, 0.30672107301, 0.34478608978, 0.22149537021]
    ],
    [
      [0.50494911678, 0.020065191808, 0.40996267734, 0.065023014078],
      [0.03331541708, 0.0060637602087, 0.89761617922, 0.063004643492],
      [0.014635082593, 0.94701185199, 0.02454019883, 0.013812866586],
      [0.00083691685671, 0.41819648579, 0.5639675765, 0.016999020848],
      [0.11883526121, 0.41070912246, 0.22665723297, 0.24379838336]
    ],
    [
      [0.62137241437, 0.0075432639636, 0.31178893689, 0.059295384782],
      [0.052393412087, 0.0029116841409, 0.87132395974, 0.073370944028],
      [0.044968963447, 0.87701258028, 0.046602819334, 0.031415636938],
      [0.0017127800012, 0.25927084993, 0.7132617608, 0.025754609267],
      [0.21089939116, 0.22060280875, 0.24850452006, 0.31999328004]
    ],
    [
      [0.58182196551, 0.012399127946, 0.37254397153, 0.033234935015],
      [0.042176633364, 0.0041888221125, 0.91759434974, 0.03604019478],
      [0.025253144405, 0.93003827339, 0.033889060086, 0.010819522121],
      [0.0012046835764, 0.33300246876, 0.65470950838, 0.011083339284],
      [0.18673598334, 0.35578674326, 0.28432303345, 0.17315423995]
    ],
    [
      [0.45629236322, 0.056307218597, 0.44686094517, 0.040539473019],
      [0.022651588927, 0.015071711565, 0.92715306404, 0.035123635472],
      [0.0030382422597, 0.98752644085, 0.0070349439869, 0.0024003729035],
      [0.00031386414125, 0.69379561099, 0.30060092865, 0.0052895962186],
      [0.048439645128, 0.74195637215, 0.12739587143, 0.082208111293]
    ],
    [
      [0.39825273311, 0.0072558220088, 0.55368019657, 0.040811248309],
      [0.016011796441, 0.0015549557093, 0.95377282387, 0.028660423976],
      [0.0075265531363, 0.96217811651, 0.022999330125, 0.0072960002293],
      [0.00057979668381, 0.18196177248, 0.80602376407, 0.011434666758],
      [0.10699861022, 0.26751134578, 0.38934305232, 0.23614699168]
    ],
    [
      [0.38007892002, 0.012450582964, 0.54536092415, 0.062109572863],
      [0.019490602043, 0.0029331451888, 0.93066813497, 0.046908117802],
      [0.017154201255, 0.91138250053, 0.050901251539, 0.020562046671],
      [0.00061275131397, 0.25150031092, 0.73205925558, 0.015827682185],
      [0.10178768345, 0.28904453759, 0.34375385414, 0.26541392482]
    ],
    [
      [0.40538563886, 0.016416847876, 0.52000093928, 0.058196573985],
      [0.021826641025, 0.0040483461465, 0.92812529325, 0.045999719583],
      [0.01432825056, 0.93268261697, 0.037941163696, 0.01504796877],
      [0.00062764235598, 0.31734024263, 0.66783208574, 0.014200029281],
      [0.10211528693, 0.35731930778, 0.30765250444, 0.23291290085]
    ],
    [
      [0.47268401105, 0.013166717387, 0.43827575815, 0.075873513417],
      [0.028711907065, 0.0037124485619, 0.89891186914, 0.068663775236],
      [0.019815097971, 0.91826473223, 0.038316277001, 0.023603892803],
      [0.0008590063387, 0.30503767374, 0.672055271, 0.022048048924],
      [0.12124941161, 0.29686856745, 0.26670149257, 0.31518052837]
    ],
    [
      [0.6553923967, 0.010437912622, 0.29999039556, 0.034179295115],
      [0.057255696913, 0.0042647833699, 0.89364898747, 0.044830532251],
      [0.033837803601, 0.9202792978, 0.032620787533, 0.013262111066],
      [0.0016499512677, 0.34055031318, 0.64389655502, 0.013903180539],
      [0.22948050754, 0.32516245284, 0.25052708363, 0.19482995599]
    ],
    [
      [0.44613574428, 0.010495745812, 0.47673564772, 0.066632862189],
      [0.025219403964, 0.0027673753328, 0.91579973654, 0.056213484167],
      [0.021540461492, 0.90614086482, 0.048193627144, 0.024125046548],
      [0.00080715507972, 0.24704738441, 0.73281714469, 0.019328315818],
      [0.12320077129, 0.26036526941, 0.31288420435, 0.30354975496]
    ],
    [
      [0.39166581938, 0.023207475339, 0.50644116606, 0.078685539218],
      [0.021305826691, 0.0057661256239, 0.91028889447, 0.062639153217],
      [0.010081137709, 0.94829837126, 0.026844840611, 0.014775650424],
      [0.00054429976033, 0.40043437815, 0.58184189938, 0.017179422715],
      [0.081254164602, 0.41382165412, 0.24623041294, 0.25869376834]
    ],
    [
      [0.48777327313, 0.01880034992, 0.42602755129, 0.067398825659],
      [0.031150397524, 0.0054911143179, 0.90026298131, 0.06309550685],
      [0.015339693818, 0.94153669705, 0.027641073943, 0.015482535187],
      [0.00081590556265, 0.39129158478, 0.59015087222, 0.017741637435],
      [0.11685313761, 0.38763744167, 0.23949826881, 0.25601115192]
    ],
    [
      [0.49833133221, 0.010987337058, 0.41136047289, 0.079320857845],
      [0.032114567245, 0.0032704669549, 0.88888587371, 0.075729092087],
      [0.024825109149, 0.90338181151, 0.042606446726, 0.029186632615],
      [0.0010020701984, 0.27970885325, 0.69392543489, 0.025363641659],
      [0.13438140312, 0.25874642332, 0.26220329437, 0.34466887919]
    ],
    [
      [0.46559765222, 0.021661422254, 0.45268842537, 0.060052500155],
      [0.028218116397, 0.0060253725158, 0.91220332344, 0.053553187649],
      [0.012685773182, 0.9498042927, 0.025511489732, 0.011998444382],
      [0.00070792759595, 0.41256101329, 0.57230664011, 0.014424419],
      [0.10671476521, 0.43000701723, 0.24408608661, 0.21919213095]
    ],
    [
      [0.10755060992, 0.017849318178, 0.85797097209, 0.016629099819],
      [0.0034978732696, 0.0025458162585, 0.98654295249, 0.007413357981],
      [0.0021393841138, 0.97091934112, 0.024496576736, 0.0024446980303],
      [0.00012492518487, 0.27186999603, 0.72512163868, 0.0028834400953],
      [0.026015642501, 0.49426625995, 0.41710880204, 0.06260929551]
    ],
    [
      [0.79424688509, 0.0021880662124, 0.18629000078, 0.017275047926],
      [0.020780615953, 0.00086590341686, 0.94899615519, 0.029357325441],
      [0.035069810282, 0.88001457496, 0.062900706585, 0.022014908175],
      [0.00078145763354, 0.083847709375, 0.90325581501, 0.012115017984],
      [0.19453349105, 0.11929650281, 0.39512559116, 0.29104441498]
    ],
    [
      [0.89053544989, 0.0011620054121, 0.090516114668, 0.017786430025],
      [0.086492929567, 0.0010651742098, 0.85212286866, 0.060319027562],
      [0.11484050902, 0.79279429274, 0.052961232235, 0.039403966004],
      [0.0033306976219, 0.11608728604, 0.85490757282, 0.025674443514],
      [0.41191719296, 0.078377065881, 0.19665278365, 0.31305295751]
    ],
    [
      [0.58305881936, 0.00998705233, 0.34161262205, 0.065341506259],
      [0.04524134418, 0.0035435103523, 0.87691264764, 0.074302497828],
      [0.032818148269, 0.9006245441, 0.039678195997, 0.026879111634],
      [0.0013940227021, 0.29743620107, 0.67658755976, 0.02458221647],
      [0.17767891663, 0.26207562803, 0.2442568267, 0.31598862864]
    ],
    [
      [0.48713754931, 0.0093329546252, 0.42125231116, 0.082277184909],
      [0.03106109024, 0.002723327842, 0.8892831617, 0.076932420218],
      [0.028661219812, 0.8847808166, 0.051167248549, 0.035390715036],
      [0.0010168070398, 0.24293805155, 0.7290129358, 0.027032205606],
      [0.13573335817, 0.22419157888, 0.27554116482, 0.36453389813]
    ],
    [
      [0.46219561366, 0.0068949002555, 0.45756930832, 0.073340177759],
      [0.027616878202, 0.0018857990671, 0.90621694121, 0.064280381517],
      [0.035133438633, 0.85229032118, 0.071749208756, 0.040827031427],
      [0.00096735940338, 0.1799614691, 0.7949027504, 0.024168421101],
      [0.14003925655, 0.18028240725, 0.32541955985, 0.35425877635]
    ],
    [
      [0.5202703267, 0.0087453187751, 0.41288335927, 0.05810099526],
      [0.034355626509, 0.0026519133417, 0.90651149097, 0.056480969179],
      [0.03265822103, 0.88692202472, 0.053662382423, 0.026757371827],
      [0.0011239478923, 0.23638631147, 0.74265083897, 0.019838901667],
      [0.16393438979, 0.23815116936, 0.30616654847, 0.29174789237]
    ],
    [
      [0.42054786579, 0.0058566732132, 0.52681919232, 0.046776268677],
      [0.022481152318, 0.0014398722279, 0.93922914845, 0.036849827006],
      [0.03571964501, 0.84243458779, 0.092560148318, 0.029285618879],
      [0.00080657825595, 0.1410594405, 0.84393617522, 0.014197806023],
      [0.14397032111, 0.17469137512, 0.42449945655, 0.25683884723]
    ],
    [
      [0.50056373514, 0.0073715747994, 0.43505429231, 0.057010397758],
      [0.031478925884, 0.0021341444435, 0.91347067035, 0.052916259327],
      [0.035491942473, 0.87076038914, 0.063946120163, 0.029801548227],
      [0.001073789433, 0.19934191689, 0.78020011242, 0.019384181257],
      [0.16238081653, 0.20832402853, 0.33263135467, 0.29666380028]
    ],
    [
      [0.21097901121, 0.0025052204342, 0.76271683644, 0.023798931913],
      [0.0061240796464, 0.00037464647082, 0.98221034239, 0.011290931491],
      [0.024498172311, 0.79685290966, 0.1550089256, 0.02363999243],
      [0.00023059113273, 0.031720742863, 0.96344974272, 0.0045989232839],
      [0.076487678239, 0.081303064339, 0.66626695986, 0.17594229757]
    ],
    [
      [0.5021604063, 0.0063020225843, 0.42809345443, 0.063444116683],
      [0.031954542383, 0.0018424926672, 0.90675141824, 0.059451546714],
      [0.041169262922, 0.84795327137, 0.07265727573, 0.03822018998],
      [0.0011248632896, 0.17690364872, 0.79950521906, 0.022466268933],
      [0.16355509073, 0.17770865023, 0.32816301648, 0.33057324256]
    ],
    [
      [0.49617404295, 0.015966335142, 0.41782409473, 0.070035527176],
      [0.032007670981, 0.0047262121477, 0.89678830619, 0.066477810681],
      [0.017823601549, 0.93267600783, 0.031028074372, 0.01847231625],
      [0.00088631021253, 0.35836269367, 0.62098500978, 0.019765986339],
      [0.12449774573, 0.34805990217, 0.24657931166, 0.28086304044]
    ],
    [
      [0.42509892963, 0.020633080943, 0.5009910143, 0.053276975128],
      [0.023692384857, 0.0052710428062, 0.92740729591, 0.04362927643],
      [0.012114586521, 0.94728645401, 0.029471188259, 0.011127771213],
      [0.00062237748814, 0.37801934537, 0.60905075836, 0.012307518786],
      [0.10032093523, 0.42174171362, 0.27776528069, 0.20017207045]
    ],
    [
      [0.54443618066, 0.013106976595, 0.38748682939, 0.054970013349],
      [0.037955159583, 0.0042031502624, 0.90132072112, 0.056520969031],
      [0.023507436906, 0.92433756373, 0.034677729211, 0.017477270157],
      [0.0010936665339, 0.33173283444, 0.64967906738, 0.017494431654],
      [0.15654150979, 0.32797322683, 0.26249968933, 0.25298557405]
    ],
    [
      [0.42420561513, 0.0080591983886, 0.50839680981, 0.059338376671],
      [0.02326403431, 0.0020292739692, 0.92682647144, 0.04788022028],
      [0.028260720209, 0.87267893143, 0.070061440144, 0.028998908219],
      [0.00079470232025, 0.18882967724, 0.79281660702, 0.017559013422],
      [0.12998303607, 0.21358868546, 0.36643630995, 0.28999196852]
    ],
    [
      [0.4746537964, 0.0038546902998, 0.44211823753, 0.079373275766],
      [0.025258169982, 0.0010412033313, 0.90433405722, 0.069366569469],
      [0.043434920195, 0.80744857407, 0.089238639279, 0.059877866461],
      [0.00095796220177, 0.10819324754, 0.86274795831, 0.028100831948],
      [0.1360099188, 0.10433618709, 0.32116347831, 0.43849041581]
    ],
    [
      [0.68134589768, 0.002322280468, 0.29910971199, 0.017222109863],
      [0.047267190618, 0.00091773915696, 0.92906016453, 0.022754905691],
      [0.064457944048, 0.84942847595, 0.070324557674, 0.015789022329],
      [0.0018024693373, 0.095538011354, 0.89315153158, 0.0095079877306],
      [0.32455231285, 0.11598927574, 0.39489726315, 0.16456114826]
    ],
    [
      [0.93750804381, 0.00073186264635, 0.050702869187, 0.011057224354],
      [0.20186346302, 0.0012346596708, 0.73286809186, 0.06403378545],
      [0.21744452806, 0.70419670477, 0.043558563007, 0.034800204164],
      [0.0085359326427, 0.15553331919, 0.80585102755, 0.030079720617],
      [0.61723469352, 0.060300751453, 0.12314410291, 0.19932045212]
    ],
    [
      [0.54181742507, 0.0036589426832, 0.44139938376, 0.013124248479],
      [0.022617171609, 0.0010174437357, 0.96439462973, 0.011970754929],
      [0.026228573268, 0.90517264982, 0.06142647487, 0.0071723020372],
      [0.00083623154932, 0.10459013737, 0.88964312827, 0.0049305028107],
      [0.20494820687, 0.17558634022, 0.51244877926, 0.10701667365]
    ],
    [
      [0.73487394327, 0.0058653126518, 0.19097120549, 0.068289538582],
      [0.076947176064, 0.0032433861532, 0.79652315741, 0.12328628037],
      [0.048175247345, 0.88367749167, 0.029779221154, 0.038368039834],
      [0.0024875278255, 0.31050414629, 0.64411512475, 0.042893201138],
      [0.23453772896, 0.18928966655, 0.16100127971, 0.41517132478]
    ],
    [
      [0.43186700242, 0.013490816072, 0.51119820048, 0.043443981032],
      [0.023650542056, 0.0034068388718, 0.93777076023, 0.035171858839],
      [0.017535948417, 0.92638386449, 0.04303229104, 0.013047896051],
      [0.00071134463508, 0.28296778911, 0.70495095629, 0.011369909957],
      [0.12244020348, 0.33758697035, 0.34187128501, 0.19810154116]
    ],
    [
      [0.45176928476, 0.018544675838, 0.45671161771, 0.072974421694],
      [0.026874984965, 0.0050683243496, 0.90413926845, 0.063917422236],
      [0.014220910192, 0.93916126512, 0.029764689298, 0.01685313539],
      [0.00072342425322, 0.37199027967, 0.60881893881, 0.018467357265],
      [0.10512395856, 0.37361059251, 0.25019765384, 0.27106779509]
    ],
    [
      [0.52166093802, 0.012368103647, 0.40563162731, 0.06033933103],
      [0.034841894285, 0.0037937887074, 0.90206030171, 0.0593040153],
      [0.023502552076, 0.9186670232, 0.037829505159, 0.020000919566],
      [0.0010349491702, 0.30956630664, 0.67047469907, 0.018924045122],
      [0.14816085319, 0.30631429588, 0.2710677605, 0.27445709043]
    ],
    [
      [0.50444248118, 0.010931763591, 0.4248295085, 0.059796246732],
      [0.032162560479, 0.0032187553243, 0.90813188007, 0.056486804127],
      [0.025346130522, 0.90808820462, 0.044367646704, 0.022198018152],
      [0.00099938303408, 0.27421720149, 0.705936575, 0.018846840477],
      [0.14727314278, 0.27890741394, 0.29309046832, 0.28072897496]
    ],
    [
      [0.48670772077, 0.014806294745, 0.44535335178, 0.0531326327],
      [0.030248905033, 0.0042130696706, 0.91707833249, 0.048459692808],
      [0.019105918754, 0.92954129468, 0.036097628362, 0.015255158209],
      [0.00086489895554, 0.32793712118, 0.65632123187, 0.014876747989],
      [0.1332646342, 0.3494674668, 0.28634322821, 0.23092467079]
    ],
    [
      [0.53565279807, 0.013997425146, 0.39787202584, 0.052477750952],
      [0.036119728667, 0.004380912611, 0.90685494782, 0.052644410902],
      [0.02083301065, 0.93163562313, 0.032303014382, 0.015228351842],
      [0.0010195132531, 0.34356533643, 0.63943358142, 0.015981568897],
      [0.14970407387, 0.34801032558, 0.26358627909, 0.23869932146]
    ],
    [
      [0.068660182854, 0.00031690127136, 0.79344142428, 0.13758149159],
      [0.0029892193047, 5.6301457606e-05, 0.93777103381, 0.05918344543],
      [1.2122829192e-07, 0.99999750982, 1.5006676608e-06, 8.6828541121e-07],
      [0.00038352251906, 0.20798681663, 0.77404968865, 0.017579972205],
      [0.064952026126, 0.29061688045, 0.32369166744, 0.32073942598]
    ],
    [
      [0.46221221228, 0.011197844071, 0.43711176023, 0.089478183421],
      [0.027911802387, 0.0031323256344, 0.88859213277, 0.080363739204],
      [0.022451659917, 0.90118742869, 0.044204535343, 0.032156376055],
      [0.00088062309864, 0.27087921819, 0.70104030201, 0.0271998567],
      [0.11776582182, 0.24980348878, 0.26393108317, 0.36849960623]
    ],
    [
      [0.48762840612, 0.013671044376, 0.43849422717, 0.060206322331],
      [0.030709128033, 0.0039256409703, 0.90997348476, 0.055391746241],
      [0.020810045427, 0.92196463673, 0.038516421998, 0.018708895845],
      [0.00090142373254, 0.31274998252, 0.66889243165, 0.017456162094],
      [0.13410315104, 0.32205293194, 0.28233708803, 0.26150682899]
    ],
    [
      [0.57083356331, 0.0063633799455, 0.35881830776, 0.063984748993],
      [0.0421785103, 0.0021660497904, 0.88581267077, 0.069842769136],
      [0.046785953191, 0.85352092198, 0.061045394214, 0.038647730614],
      [0.0014599942664, 0.20460536887, 0.76797918837, 0.025955448486],
      [0.19055844505, 0.18418455657, 0.28253775103, 0.34271924735]
    ],
    [
      [0.54647247232, 0.0089972751678, 0.37978081639, 0.064749436121],
      [0.038879143006, 0.0029199622488, 0.89086936084, 0.067331533905],
      [0.034097650013, 0.88767655789, 0.048794188609, 0.029431603489],
      [0.0012543178907, 0.25562181941, 0.71980345359, 0.023320409109],
      [0.16919230158, 0.23859549512, 0.27538769994, 0.31682450337]
    ],
    [
      [0.42248881949, 0.0095683979942, 0.51174174492, 0.056201037587],
      [0.023133972037, 0.0023983659044, 0.92931632799, 0.045151334073],
      [0.023965508259, 0.89281688374, 0.059850911224, 0.023366696781],
      [0.00076281452965, 0.21632793019, 0.76692229879, 0.015986956492],
      [0.12610752748, 0.24790819772, 0.3585258183, 0.2674584565]
    ]
  ],
  "expected_outcome": [
    [
      [8.1044080258, 33.1468944783, 1.5355002395, 24.6149887426, 2.2816751578, 9.4902172339, 65.5869402926, 61.4948130666, 33.5164619109, 47.5700175954, 28.8039423535, 38.6167423211, 133.9104901314, 12.7595851293, 74.732469283, 126.1386001168, 25.6001664824, 1.3688770897, 1.5930109324, 16.3433935609, 34.0523936643, 11.3444162652, 27.5264806615, 17.399294027, 69.7165158496, 64.3860720533, 24.4182352784, 31.1950426988, 0.10755060992, 0, 0.89053544989, 144.0155283821, 87.1976213262, 76.7244718684, 42.6621667892, 34.4849249945, 40.045098811, 0.21097901121, 51.2203614429, 52.0982745094, 39.5342004556, 48.9992562598, 31.8154211345, 2.8479227784, 2.7253835907, 1.8750160876, 1.0836348501, 3.6743697164, 27.2076211525, 30.7203113638, 64.6859563139, 24.7176815776, 57.4315110512, 29.4609038936, 0.13732036571, 10.1686686701, 285.7502459884, 45.6666850645, 268.8644563833, 61.6833676462],
      [0.13824965324, 0.57918402623, 0.0018827986992, 0.33832048003, 0.064549788252, 0.093794014317, 1.6510392098, 1.3271788074, 0.48668603429, 1.9122820062, 0.57610874415, 0.86873535467, 3.9081692588, 0.33602729957, 2.9696483876, 1.5312825846, 0.54556162961, 0.16892165579, 0.029023288035, 0.53537506743, 1.3790152216, 0.31600121729, 0.43839233013, 0.40933408665, 4.1309306103, 2.4816461894, 0.53837951583, 1.451315291, 0.017849318178, 0, 0.0011620054121, 2.4668019255, 1.6705988779, 1.1445534424, 0.71711613956, 0.48024720349, 0.58972598395, 0.0025052204342, 0.6428063036, 1.6764651899, 1.9188765277, 1.1796278936, 0.60443987914, 0.023128141799, 0.0092891218721, 0.0014637252927, 0.0073178853665, 0.029326563259, 0.84992141254, 1.261037957, 1.5336448522, 0.53565641597, 1.7471427799, 0.76985838305, 0.00063380254271, 0.24635256956, 8.0112320043, 0.50907039564, 4.4266593826, 1.3969861072],
      [6.8254660658, 26.4709458755, 0.40094743746, 22.0300894936, 2.3556690647, 3.5852902922, 58.6266224374, 49.5152119302, 26.3484186679, 59.3774057094, 15.6102129666, 33.9095746917, 100.7295789568, 14.5619278474, 60.6744762458, 63.2931541878, 16.3919347473, 1.3405828355, 2.2147207863, 23.4505197385, 43.6800788994, 10.5186181956, 12.5995966135, 18.592690261, 90.1465275593, 56.2356367703, 20.1566631714, 30.3301244999, 0.85797097209, 0, 0.090516114668, 84.3783176463, 75.4041636971, 75.9565051812, 33.85643546, 43.1991737705, 34.8043433844, 0.76271683644, 43.6655323519, 43.8715299472, 46.5921643298, 34.8738146452, 38.129760736, 2.6527094252, 1.196438848, 0.10140573837, 0.88279876753, 0.95485602746, 32.20548663, 31.056390004, 50.2983217861, 20.8166459165, 52.5516955104, 21.882961421, 1.5868828486, 9.6164587251, 256.9576171211, 28.7054646204, 186.8521616629, 74.714294759],
      [0.93187625513, 3.80297562, 0.061669524366, 3.0166012838, 0.29810598921, 0.83069845954, 9.1353980602, 8.6627961958, 2.6484333869, 5.140294689, 3.0097359358, 4.6049476325, 16.451761653, 1.3424597238, 9.6234060836, 12.0369631107, 1.4623371406, 0.12161841906, 0.16324499324, 2.6707116331, 4.8885122148, 1.820964322, 1.4355303948, 2.5986816254, 14.0060259808, 8.896644987, 3.8867220344, 4.0235175104, 0.016629099819, 0, 0.017786430025, 16.1393520461, 14.7276160988, 12.174469508, 4.7642816113, 3.8356540315, 4.5608318206, 0.023798931913, 6.4712999017, 7.3537303535, 4.9547586869, 4.9473012014, 4.4503782504, 0.4762396546, 0.068888439453, 0.022114448708, 0.026248496959, 0.34144769291, 2.736970805, 4.9622606752, 7.4820770478, 2.9300160899, 6.2696506586, 2.8862763024, 0.27516298318, 1.9685200353, 35.2809048862, 5.1187799195, 31.8567225713, 8.2053514877]
    ],
    [
      [4.6756779925, 19.5359262174, 0.58434776474, 3.6270920291, 0.8969525645, 5.4106212191, 6.5141007143, 5.5385562738, 6.048812598, 6.5177259204, 7.5444127104, 6.5239974252, 19.2488326288, 1.0031021529, 9.8946788727, 19.6999229448, 4.0067801696, 0.31712224497, 0.16011796441, 7.6987878069, 11.4589865381, 5.0820075504, 5.5538026006, 1.361847814, 8.074908316, 20.6527135582, 6.7119445541, 10.3842668339, 0.010493619809, 0.14546431167, 0.69194343654, 23.2540509087, 15.0335676761, 7.4013233581, 16.1127888329, 4.1590131788, 6.9883215463, 0.024496318586, 8.8833627824, 7.5218026805, 6.4206362961, 7.553076757, 8.8170690036, 0.5809379096, 1.1816797655, 3.0279519453, 0.33925757414, 3.5395700989, 3.1928231776, 7.6324957302, 4.8430233056, 7.3652263496, 16.6368977682, 2.4200218207, 0.014946096524, 6.9779505968, 36.0218071822, 10.1228424719, 41.6395621591, 5.667823149],
      [0.37466709383, 1.5680037634, 0.005279375736, 0.23144278294, 0.1280365449, 0.25900251325, 0.75163651507, 0.54849840623, 0.40547043767, 1.2002675932, 0.70025931284, 0.67547982896, 2.5668228369, 0.12353043169, 1.800936782, 1.094793237, 0.39793810069, 0.2110039619, 0.015549557093, 1.1585923496, 2.1253817269, 0.65710339546, 0.41368398689, 0.14943826797, 2.1853616114, 3.6406087928, 0.68352759357, 2.2173370858, 0.0076374487754, 0.006061323918, 0.0085213936785, 1.8213643211, 1.3180906755, 0.50539414999, 1.2437473573, 0.26637636215, 0.47378006646, 0.0014985858833, 0.51221296147, 1.1106598547, 1.4284526005, 0.83642690221, 0.76909483431, 0.023947676619, 0.022943478924, 0.018519895062, 0.015261656035, 0.14919576305, 0.4599232477, 1.4394041153, 0.52733663033, 0.73709496927, 2.3171883188, 0.29352114493, 0.00028150728803, 0.7830814086, 4.6047768581, 0.51985194969, 3.1272795684, 0.58759964658],
      [134.8362664984, 518.8826588187, 9.8127333541, 109.5277180196, 35.0577717448, 72.9198943164, 193.4043544924, 148.4347868509, 159.4674229068, 269.9416630536, 138.0134823895, 191.3173711834, 478.5572732511, 39.2894957633, 266.592005228, 327.6178088636, 87.1714632257, 12.9801428965, 9.5377282387, 367.6139133117, 487.2657789539, 159.1074008373, 86.6839517842, 49.453185773, 344.9994910034, 596.8743566077, 185.7771476061, 335.6908230255, 2.9596288575, 6.6429730863, 6.8169829493, 450.7331008868, 430.4130502627, 242.8661402452, 425.1538892648, 173.7573924628, 202.7904888166, 3.9288413696, 252.0768942696, 210.7452519547, 251.3273771909, 179.3628235037, 351.2672326761, 20.799683316, 23.2265041133, 10.9930213779, 14.4659194459, 36.6400652411, 126.5990526314, 256.7755522395, 125.3863819374, 207.962200536, 504.3930828686, 60.7592815039, 4.688855169, 222.1480331936, 1067.3988976192, 212.5950409859, 954.1210854599, 227.6825003565],
      [8.1133884153, 33.0134112004, 0.59763950543, 6.6137471683, 1.9172391458, 7.4104819512, 13.3299082782, 11.4781584691, 7.0782940575, 10.3403434328, 11.7418455873, 11.4831515625, 34.6270712832, 1.5838716521, 18.7123791173, 27.5874749547, 3.4238185041, 0.49173089661, 0.28660423976, 18.5287065318, 24.1498527811, 12.1534882168, 4.3485616283, 3.035528145, 23.7402390691, 41.8323210414, 15.8273802462, 19.7075730547, 0.022240073943, 0.20550127809, 0.4825522205, 38.1914838834, 37.2352913857, 17.2271422466, 26.489574545, 6.8172179962, 11.7474095706, 0.045163725962, 16.5275299865, 15.6222855101, 11.8235339125, 11.2476728371, 18.146603486, 1.5954310978, 0.56887264228, 0.96050678174, 0.17956132394, 5.671168897, 4.7482009432, 18.152547915, 8.2432581267, 12.9354781451, 26.6528310444, 3.5271755305, 0.29591722715, 20.090934801, 64.9745183405, 16.7622645926, 72.1120728126, 11.0620768479]
    ],
    [
      [2.0045506169, 5.0341548816, 0.3896912017, 1.445860679, 0.10516562193, 1.600800442, 3.8965953499, 2.4583785564, 3.7580235091, 2.5589526849, 1.8305972728, 2.4096538314, 7.902340682, 0.71468125765, 2.8099358578, 13.1759062898, 1.5404418087, 0.033420664857, 0.037632765681, 3.0362936222, 3.5390778884, 2.1400305808, 2.6055108773, 0.49543061433, 7.5003664552, 7.6698469091, 2.9790130979, 3.5266449447, 0.012836304683, 0.24548867197, 1.2632455992, 8.2373552155, 4.9010685878, 5.6916170586, 5.8784797854, 1.6073840254, 2.3424682032, 0.26947989542, 4.3639418697, 4.384605981, 4.1431885901, 4.1373088954, 3.108679223, 0.8252634837, 0.51566355239, 1.5221116964, 0.10491429307, 0.67445346283, 1.4905556155, 4.2093894168, 2.2797475514, 3.1429201847, 7.0309781013, 1.5208097775, 1.2122829192e-07, 2.8738124693, 20.4354646092, 7.0178929787, 31.1311544623, 3.331205648],
      [58.7050363675, 142.4013165991, 3.0766868714, 34.5347696696, 7.5403866706, 29.9898792945, 159.9267922365, 87.9020455415, 90.908184222, 166.8219565861, 61.6723981516, 90.0872550109, 367.7535863464, 35.0137920566, 181.8262755823, 256.9646860225, 56.7323346767, 10.8627908493, 4.8108905825, 161.3147025947, 230.3726063924, 99.1725910804, 70.8615059305, 20.8412398908, 705.5339882152, 470.7683485256, 108.4058173812, 264.0455933717, 5.8255160467, 6.1601020247, 8.7207372202, 226.056760569, 151.2975196391, 138.0710320318, 159.6459644495, 37.9095564507, 57.4701856831, 8.7653820063, 89.883046765, 229.4382979258, 323.9719672704, 162.6834112158, 95.9946824571, 15.3415229072, 6.7954278076, 4.9293769334, 3.6206905993, 12.3714848833, 78.7426284818, 277.9917344755, 89.1107012503, 112.6029373732, 342.0711964406, 68.0094004881, 0.99999750982, 115.3519908718, 905.3692732688, 128.0281382971, 810.4486973524, 124.1015468394],
      [3.5586762441, 8.3264091539, 0.32747853197, 2.7009298329, 0.24158864779, 1.3165831362, 7.1947477394, 4.0919039435, 6.1357478367, 6.5924626968, 2.0739101966, 4.3848997721, 12.2555601741, 1.7003795904, 4.7117181754, 13.6546260649, 2.0672326652, 0.077384383856, 0.11499665063, 9.0095215224, 9.371467433, 4.1381579161, 2.5118006401, 1.1084534243, 19.9725614142, 13.8205369717, 5.1127736071, 7.0921941454, 0.14697946042, 0.4403049461, 0.58257355458, 9.9592271953, 8.7495995019, 11.6233718185, 9.6592288362, 4.1652066743, 4.2204439307, 1.7050981816, 7.7016712274, 7.6329062956, 10.0791463845, 6.1032803411, 7.7067584158, 1.6955341463, 0.56259646139, 0.30490994105, 0.24570589948, 0.41690909616, 3.6577447384, 8.8103480322, 3.6694620005, 5.5015881912, 13.2839272372, 2.3581200499, 1.5006676608e-06, 5.6581805239, 37.8231264022, 9.1568091321, 44.5490942, 8.3192766601],
      [1.7317367716, 4.2381193654, 0.20614339494, 1.3184398185, 0.11285905972, 1.0927371272, 3.9818646742, 2.5476719586, 2.1980444322, 2.0266280323, 1.423094379, 2.1181913856, 7.0885127975, 0.57114709536, 2.6520703845, 9.2047816229, 0.65999084937, 0.026404101939, 0.036480001146, 3.6394822607, 3.7168482863, 2.5492204227, 1.0211825521, 0.5548760706, 10.9930839154, 7.7412675936, 3.5023959138, 3.3355675382, 0.014668188182, 0.15410435723, 0.43344362604, 6.7466570202, 6.0518122712, 6.6139790911, 4.8163269289, 1.3178528495, 1.966902183, 0.26003991673, 4.0513401379, 4.5441897976, 3.8056977549, 3.0759995477, 3.1898799041, 1.1376794628, 0.12631217863, 0.24360142915, 0.028689208149, 0.53715255768, 1.1090711643, 4.9885280755, 1.9400891979, 2.7525542508, 5.6138982209, 1.1116696845, 8.6828541121e-07, 4.116016135, 18.3721357198, 5.7971595921, 26.8710539853, 3.2479708525]
    ],
    [
      [0.015596021179, 0.04429373154, 0, 0.013647501112, 0.0014048801049, 0.010238710073, 0.012942832665, 0.0041409039657, 0.0093343590907, 0.01476682288, 0.016397836122, 0.010596652254, 0.038779117465, 0.0007459800382, 0.01004300228, 0.018840580013, 0.010842152187, 0.00094159242374, 0, 0.022671798617, 0.028243906019, 0.012885095081, 0.023099317748, 0.0096858609566, 0.021227690653, 0.044874805946, 0.020041403969, 0.029025031434, 0, 0.00078145763354, 0, 0.046002749169, 0.047789930871, 0.0096735940338, 0.051701603044, 0.0080657825595, 0.013959262629, 0, 0.024746992372, 0.0088631021253, 0.012447549763, 0.020779664144, 0.03178809281, 0.00095796220177, 0, 0.0085359326427, 0.0016724630986, 0.0074625834766, 0.008536135621, 0.047746000712, 0.020698983404, 0.016989511579, 0.046704543599, 0.012234159037, 0, 0.012328723381, 0.064902508743, 0.029199885329, 0.07275043766, 0.0038140726482],
      [3.440859728, 9.6924736464, 0, 2.3982903621, 0.61322048104, 1.3859966131, 4.0871474561, 1.1271687201, 1.7142434842, 7.435405573, 4.2081077461, 3.0150124361, 14.0770504997, 0.25906608633, 5.0183578295, 2.8519793492, 2.9970222189, 2.081386833, 0, 9.3055115042, 14.2803109182, 4.5755651061, 4.7677043845, 2.9645686129, 15.6169407478, 21.521037163, 5.594177065, 16.915001545, 0, 0.083847709375, 0, 9.8153946352, 11.4180884228, 1.799614691, 10.8737703277, 1.410594405, 2.5914449196, 0, 3.8918802719, 3.5836269367, 7.5603869074, 6.3029238543, 7.5531870897, 0.10819324754, 0, 0.15553331919, 0.20918027475, 0.93151243886, 3.3956134694, 24.5513584585, 6.1913261328, 4.6616924253, 17.7086045438, 4.1227840371, 0, 3.7923090547, 22.5179987414, 4.0921073775, 14.826065526, 1.081639651],
      [11.2529409452, 29.459605177, 0, 10.3208959278, 1.3530739436, 3.4530384672, 9.6155039835, 2.7765161715, 6.1590496884, 15.2981743664, 7.5012605454, 7.7740698415, 24.1351220141, 0.72749364584, 6.767610918, 7.8458793688, 5.8923855754, 0.90180278596, 0, 27.0861924564, 30.0524438581, 10.080829065, 9.0145517702, 8.7938057363, 22.6918340757, 32.4582979721, 13.8785086978, 23.4645722446, 0, 0.90325581501, 0, 22.3273894721, 34.2636079828, 7.949027504, 34.1619385925, 8.4393617522, 10.1426014614, 0, 17.5891148192, 6.2098500978, 12.1810151671, 12.3439022801, 31.7126642806, 0.86274795831, 0, 0.80585102755, 1.7792862565, 1.9323453742, 8.4594114755, 40.1820499613, 13.4094939814, 12.000921775, 35.4413465212, 7.6732029771, 0, 9.8145642281, 48.1602550791, 15.3595837675, 41.748600308, 3.8346114939],
      [0.29060330564, 0.80362744507, 0, 0.26716620891, 0.032300695215, 0.1507262096, 0.28440572775, 0.092174204429, 0.11737246836, 0.25165323769, 0.27423387233, 0.20032107018, 0.74904836877, 0.01269428779, 0.20398825018, 0.28330070194, 0.099750053557, 0.015868788656, 0, 0.58562424085, 0.63900131767, 0.33072073386, 0.19464452755, 0.23193978981, 0.66999748587, 0.97579005894, 0.50727283318, 0.59140117899, 0, 0.012115017984, 0, 0.8112131435, 1.2705136635, 0.24168421101, 0.91258947668, 0.14197806023, 0.25199435635, 0, 0.49425791652, 0.19765986339, 0.24615037572, 0.33239420143, 0.70236053689, 0.028100831948, 0, 0.030079720617, 0.0098610056214, 0.12867960341, 0.13643891948, 1.2188455795, 0.37848090244, 0.3203962881, 0.80334439141, 0.19177882676, 0, 0.3807979938, 1.2568436708, 0.51910896972, 1.3525837283, 0.079934782462]
    ],
    [
      [2.9616917128, 9.1645260772, 0.6137542638, 2.2121487054, 0.5553678965, 2.3054300901, 4.9275053666, 5.4032479602, 5.7460834819, 5.6907361146, 6.0939518109, 4.3168910031, 15.7848007832, 1.3969721369, 4.634575187, 16.2392531191, 3.7347196667, 0.24219822564, 0.10699861022, 4.3768703883, 6.6374936503, 4.2437294063, 5.0485711659, 1.724810798, 9.6692455877, 13.7886702378, 4.5689677062, 7.57674833, 0.10406257001, 0.19453349105, 0.82383438591, 16.5241392466, 7.3296013413, 6.0216880317, 9.3442602182, 3.4552877066, 5.520947762, 0.15297535648, 5.5608730848, 3.9839278633, 4.313800215, 6.2616603916, 6.3691687672, 0.54403967518, 0.6491046257, 2.4689387741, 0.20494820687, 1.6417641027, 1.9590432557, 5.1510739693, 5.1856298616, 4.5654674263, 10.6611707359, 2.5449692558, 0, 3.6507404766, 29.770899531, 7.241220912, 37.2223063467, 3.404903242],
