{
  "Z_true": {},
  "V_true": [
    [22, 48, 632, 546],
    [1488, 552, 865, 136],
    [616, 3650, 501, 269],
    [160, 67, 22660, 431],
    [217, 537, 538, 336],
    [72, 91, 815, 296]
  ],
  "p_true": [
    [0.0176, 0.0385, 0.5064, 0.4375],
    [0.4893, 0.1815, 0.2844, 0.0447],
    [0.1223, 0.7248, 0.0995, 0.0534],
    [0.0069, 0.0029, 0.9718, 0.0185],
    [0.1333, 0.3299, 0.3305, 0.2064],
    [0.0565, 0.0714, 0.6397, 0.2323]
  ],
  "Z_est": [
    [
      [0.8311, 0.5038, 0.0806, 0.4551, 0.2486, 0.4772, 0.0232, 0.5416, 0.0734, 0.1513, 0.8181, 0.897, 0.4401, 1.3333, 0.0258, 0, 0.154, 0.3299, 0.3615, 0.2673, 0.9327, 0.7707, 0, 0.0206, 0.0111, 0.037, 0.1562, 0.0496, 0.604, 0.4102, 0.4165, 0.024, 0.3176, 0.3886, 1.0373, 0, 0.2877, 0, 0.1874, 0.6659, 0.2427, 0.2531, 0.5201, 0.0811, 0.1523, 0.2042, 1.1326, 0, 0.2578, 0.2898, 0.1144, 1.4925, 0.1049],
      [2.8322, 1.897, 0.7051, 1.6115, 1.0724, 1.5925, 0.1411, 2.3551, 0.488, 0.4795, 4.0077, 3.7103, 1.7849, 6.8604, 0.0326, 0, 0.8663, 1.2721, 1.8602, 2.1216, 2.9746, 2.3784, 0.1691, 0.0497, 0.0586, 0.041, 0.5078, 0.2717, 2.9607, 1.1518, 2.023, 0.091, 0.9503, 0.7186, 3.6196, 0, 1.1778, 0, 0.8008, 3.0902, 1.0948, 1.0022, 1.832, 0.286, 0.5578, 0.614, 5.7328, 0, 1.3591, 1.0549, 0.4275, 5.079, 0.4209],
      [20.7547, 14.547, 4.7401, 13.581, 8.9161, 14.5559, 1.9825, 17.6145, 2.846, 3.2602, 26.4219, 31.5488, 14.162, 38.8833, 0.5498, 0, 6.6528, 10.1694, 14.937, 15.0367, 22.4303, 21.5868, 0.8309, 0.3977, 0.2868, 0.5196, 3.6262, 0.9136, 17.5991, 11.6364, 14.6379, 0.7009, 8.9984, 5.6031, 29.3115, 0, 7.8667, 0, 6.1734, 28.1621, 8.3492, 6.8749, 12.7464, 2.4454, 4.3904, 7.5341, 41.004, 0, 9.6802, 8.6451, 3.097, 40.4749, 3.0218],
      [22.5819, 14.0523, 5.4741, 13.3525, 8.7629, 16.3744, 1.8532, 15.4887, 2.5926, 3.1091, 32.7523, 22.8439, 14.613, 34.923, 0.3919, 0, 6.3269, 10.2286, 12.8414, 15.5744, 18.6624, 25.2641, 0, 0.532, 0.6436, 0.4024, 3.7098, 0.7652, 20.8362, 11.8015, 13.9226, 1.1841, 7.7336, 3.2896, 24.0316, 0, 5.6678, 0, 5.8383, 24.0818, 7.3132, 5.8698, 14.9015, 3.1875, 3.8995, 7.6477, 35.1306, 0, 7.7029, 9.0101, 3.3611, 36.9536, 2.4525]
    ],
    [
      [84.3256, 42.9527, 12.1765, 44.6855, 23.671, 53.7838, 1.7924, 82.3755, 6.9332, 13.3126, 71.244, 77.4765, 50.8449, 118.7521, 1.6713, 0, 34.118, 23.4564, 31.9199, 34.38, 45.9902, 62.2112, 0, 6.1842, 9.391, 0.8873, 99.2113, 3.8495, 25.9461, 35.1049, 61.4436, 2.1495, 34.061, 6.5429, 114.5667, 0, 19.5112, 2.9134, 17.2546, 51.1513, 25.3712, 23.6461, 19.6306, 18.0736, 31.6172, 25.7779, 132.7768, 1.4947, 26.0909, 27.7045, 39.4048, 205.3395, 29.5998],
      [4.5029, 2.4393, 3.6483, 2.344, 1.4998, 0, 0, 5.3925, 0.6703, 0.6722, 5.4078, 0, 2.4201, 10.2018, 0.0028, 0, 3.1928, 1.3431, 2.3645, 5.4293, 2.274, 2.8841, 0.2064, 0.1975, 1.0853, 0.007, 5.1711, 0.5286, 1.956, 1.3418, 4.4716, 0.0963, 0, 0.1855, 5.9837, 0, 1.2518, 0.0721, 1.0592, 3.4376, 1.6831, 1.482, 1.0917, 0.9053, 1.7203, 1.0332, 10.0703, 0.0901, 2.0175, 1.4846, 2.2897, 10.5042, 1.8],
      [25.5233, 14.7546, 9.0954, 15.8674, 9.9, 20.9194, 3.8015, 31.6702, 2.8762, 3.363, 26.5214, 42.6748, 19.7703, 40.4818, 0.2989, 0, 21.3528, 8.4973, 15.1359, 27.3679, 13.4951, 20.9705, 0.7936, 1.2889, 2.2548, 0.0939, 25.7963, 0.521, 8.9318, 12.1568, 25.2753, 0.5773, 13.0052, 1.1454, 39.0861, 0, 6.3496, 0.7354, 6.4876, 25.1366, 10.1774, 7.5689, 5.881, 6.3785, 10.769, 11.0254, 56.4575, 0.4151, 11.1358, 9.7851, 12.5441, 67.773, 10.0102],
      [5.6482, 2.8535, 2.0798, 3.1031, 1.9291, 4.2968, 0.4061, 5.5617, 0.5203, 0.6522, 6.8268, 4.8487, 3.9647, 7.5643, 0.027, 0, 3.3363, 1.7032, 2.5797, 4.8227, 2.2407, 4.9341, 0, 0.3294, 1.2689, 0.0118, 5.8212, 0.1009, 2.1661, 2.3964, 4.8094, 0.1769, 1.9338, 0.1261, 6.3635, 0, 0.8874, 0.2791, 1.1986, 4.2744, 1.7683, 1.303, 1.3968, 1.6426, 1.8935, 2.1635, 9.6954, 0, 1.7558, 2.0258, 2.7613, 12.3833, 1.59]
    ],
    [
      [9.3916, 8.8176, 0, 9.2685, 2.6362, 3.808, 0.0438, 17.5481, 1.0242, 7.5589, 13.9517, 6.7531, 4.0781, 14.493, 1.2859, 0.4926, 2.4021, 7.0723, 0.5928, 0, 6.4851, 12.0448, 0, 2.3277, 0.0677, 2.5635, 4.3901, 0, 5.987, 7.8195, 3.9615, 0.3808, 5.537, 2.2657, 18.251, 0, 1.7009, 1.0866, 1.5925, 2.9072, 5.5872, 11.0454, 6.1914, 3.2727, 4.3261, 1.3474, 7.4651, 0.1125, 4.3707, 7.5252, 7.6983, 42.2501, 2.0088],
      [111.2044, 114.9026, 45.6157, 84.3365, 52.2631, 36.0258, 1.7193, 273.3704, 38.1912, 76.2439, 235.0514, 92.0481, 57.4467, 250.6112, 3.9522, 3.6794, 47.5374, 77.2733, 72.2315, 72.4186, 72.9097, 70.681, 3, 14.845, 19.2984, 7.4566, 47.366, 7.6922, 97.7219, 53.8325, 110.123, 5.4284, 33.5639, 11.6192, 138.0584, 0, 24.5442, 6.9279, 26.7426, 139.3584, 98.8511, 145.8528, 75.0166, 33.0858, 41.8326, 26.5817, 258.2132, 2.8142, 111.7976, 78.8217, 97.1032, 377.8194, 28.2529],
      [3.7148, 4.3324, 1.4413, 6.545, 6.2984, 1.6551, 0.0571, 10.5019, 0.3168, 0.5206, 4.2963, 8.815, 2.2773, 3.5536, 2.2115, 0, 2.0558, 3.5952, 10.1317, 2.5856, 2.6217, 4.1049, 0, 0.2826, 0, 1.8867, 1.2143, 0, 1.3935, 8.9229, 3.8836, 0.1653, 3.7045, 0.3827, 5.9138, 0, 0.7432, 0.5857, 1.3562, 34.2686, 5.0378, 2.1739, 1.7484, 2.1195, 1.669, 13.6146, 9.0783, 0.0733, 3.9637, 4.6283, 2.791, 15.3849, 0.9557],
      [15.6891, 14.9474, 5.943, 12.8499, 7.8023, 6.5111, 0.1798, 31.5795, 3.4678, 8.6766, 35.7006, 10.3838, 8.198, 23.3422, 0.5504, 0.828, 6.0047, 11.0592, 9.0441, 8.9958, 7.9835, 14.1693, 0, 2.5446, 3.6339, 1.0931, 6.0296, 0.3078, 12.8976, 10.4251, 13.0319, 1.0255, 5.1946, 0.7324, 16.7768, 0, 2.0117, 2.3998, 3.3087, 21.4658, 11.5239, 14.9279, 11.0436, 6.522, 5.1724, 7.4563, 27.2434, 0, 10.868, 12.0248, 13.4075, 49.5456, 2.7825]
    ],
    [
      [11.9069, 3.2633, 0, 0, 0, 0, 0, 0, 0, 2.1914, 0, 0, 0, 3.1615, 0, 0.5074, 0, 0, 0, 0, 7.7174, 0, 2.4652e-32, 1.0382, 1.1028, 0, 8.6039, 0.5708, 1.2643, 0, 0, 0.0736, 0, 2.807, 0.9453, 0, 1.0535, 0, 0, 0, 0, 1.0413, 2.4136, 0, 1.0572, 0, 0, 0, 0, 0, 3.3943, 6.8814, 1.1928],
      [5.3289, 0.4368, 0.8263, 0, 0, 0, 0, 1.387, 3.4602, 2.4148, 13.9492, 0, 0, 37.3449, 0, 0.3206, 0, 0, 0, 0, 0.4585, 0, 0.5676, 0, 3.6411, 0, 0.9875, 1.0986, 11.5631, 0, 1.6737, 0.1798, 0, 0, 0, 0, 1.3903, 0, 0, 0, 0, 2.6231, 3.2495, 0, 0, 0, 2.6885, 0, 1.0377, 0, 3.5264, 0, 0.7958],
      [923.065, 763.1192, 293.8317, 663.4608, 614.9784, 659.4723, 96.4061, 643.9056, 84.5435, 127.8104, 590.9821, 1347.6975, 564.3292, 887.3955, 17, 4, 228.785, 607.4121, 574.113, 496.8728, 609.2786, 864.2339, 7.4324, 34.4346, 35.32, 21, 247.2339, 7.3178, 330.7396, 284.6622, 723.5857, 33.807, 368.0495, 80.193, 1162.1467, 7, 132.072, 17.6789, 154.5568, 1226.501, 357.1047, 173.7176, 236.7773, 140.5983, 447.0673, 341.419, 1833.4645, 19, 266.0899, 338.1317, 355.945, 1679.907, 196.4493],
      [13.6993, 8.1807, 4.342, 6.5392, 6.0216, 8.5277, 0.5939, 5.7074, 0.9963, 1.5834, 13.0687, 6.3025, 6.6708, 11.098, 0, 0.172, 2.215, 6.5879, 3.887, 6.1272, 4.5455, 12.7661, 0, 0.5272, 1.9361, 0, 3.1747, 0.0128, 7.433, 2.3378, 7.7406, 0.9397, 1.9505, 0, 7.908, 0, 0.4842, 0.3211, 1.4432, 6.499, 2.8953, 1.6181, 4.5595, 2.4017, 3.8756, 1.581, 15.847, 0, 1.8724, 3.8683, 5.1343, 15.2116, 1.5621]
    ],
    [
      [7.1467, 4.9657, 0.6536, 3.1919, 1.2205, 1.5888, 0.1406, 7.2436, 0.8926, 3.5677, 5.4794, 5.2705, 3.302, 11.5634, 0, 0, 2.2161, 2.723, 3.8811, 1.2139, 4.3324, 10.4784, 0, 0.4292, 0.3906, 0.5122, 4.4517, 0.4943, 4.8389, 2.4677, 2.6821, 0.372, 3.8464, 1.8769, 7.5237, 0, 2.3448, 0, 0.8079, 6.7636, 3.6262, 2.7805, 2.9394, 1.4927, 3.5534, 2.4555, 12.7333, 0.3742, 2.1317, 2.2467, 3.1008, 11.3903, 1.0204],
      [21.1374, 15.967, 4.5993, 9.6877, 4.4616, 4.5532, 1.1397, 26.5722, 4.7767, 9.6945, 21.763, 18.4233, 11.3588, 49.3325, 0, 0, 9.9379, 8.9414, 16.6196, 7.2411, 12.132, 27.9482, 0, 0.9078, 1.7618, 0.4953, 12.5443, 2.2495, 19.4952, 6.2717, 10.906, 1.2046, 9.977, 3.3132, 22.6339, 0, 8.3296, 0, 2.9035, 26.3831, 13.8015, 9.3596, 9.0201, 4.5198, 11.1141, 6.3142, 53.9602, 3.0064, 9.209, 7.024, 9.8805, 33.6359, 3.5167],
      [13.1311, 10.3768, 2.6252, 6.887, 3.1293, 3.4955, 0.7526, 16.8959, 2.364, 5.4586, 12.4748, 13.2304, 7.6181, 24.0563, 0, 0, 6.4919, 6.0457, 11.2965, 4.3708, 7.7394, 21.3866, 0, 0.5963, 0.6643, 0.4998, 7.4338, 0.5182, 10.0639, 5.1542, 6.7055, 0.7495, 7.9305, 2.1204, 15.4944, 0, 4.7037, 0, 1.8784, 20.2706, 8.9308, 5.4571, 5.3911, 3.2484, 7.3945, 6.4206, 32.848, 1.6194, 5.5924, 4.8479, 6.0364, 22.6709, 2.1249],
      [19.5847, 13.6905, 4.1219, 9.2334, 4.1886, 5.3625, 0.9671, 20.2884, 2.9667, 7.2792, 21.2828, 13.0758, 10.721, 30.0477, 0, 0, 8.3541, 8.2899, 13.2028, 6.1742, 8.7962, 34.1868, 0, 1.0667, 2.1833, 0.4927, 10.5702, 0.738, 16.602, 7.1064, 8.7064, 1.6739, 9.2462, 1.6894, 17.348, 0, 4.6219, 0, 2.4102, 23.5827, 10.6416, 6.4028, 8.6494, 5.7391, 8.938, 8.8097, 38.4586, 0, 6.0669, 6.8813, 8.9822, 28.3029, 2.3379]
    ],
    [
      [0.3982, 0.497, 0.0893, 0.3991, 0.2236, 0.3422, 0, 0.2911, 0.0766, 0.2182, 0.5068, 0.6029, 0.3349, 0.6968, 0.017, 0, 0.1098, 0.4184, 0.2447, 0.1388, 0.542, 0.4948, 0, 0, 0.0369, 0, 0.1867, 0.0358, 0.3598, 0.1977, 0.4963, 0, 0.238, 0.1188, 0.676, 0, 0.102, 0, 0.1575, 0.512, 0.1727, 0.2336, 0.3049, 0.0799, 0.2939, 0.215, 0.8923, 0.0186, 0.1488, 0.2338, 0.2873, 1.6462, 0.0733],
      [0.9942, 1.3574, 0.6052, 1.0203, 0.7031, 0.8284, 0, 0.9228, 0.4136, 0.4951, 1.8209, 1.8184, 0.9895, 2.6491, 0.0125, 0, 0.4656, 1.1701, 0.9243, 0.7893, 1.2512, 1.1083, 0.0569, 0, 0.1549, 0, 0.4233, 0.1594, 1.3031, 0.4022, 1.8027, 0, 0.5087, 0.1634, 1.7044, 0, 0.3063, 0, 0.4939, 1.7306, 0.5695, 0.6804, 0.7902, 0.2032, 0.7752, 0.4568, 3.335, 0.0892, 0.5792, 0.6147, 0.7726, 3.9615, 0.2137],
      [25.8109, 36.87, 14.2663, 30.6588, 20.7777, 26.9018, 0, 24.4119, 8.0536, 11.5872, 42.3034, 55.0334, 27.8432, 52.6294, 0.9398, 0, 12.6618, 33.2803, 26.386, 19.7662, 33.435, 35.7173, 0.9431, 0, 2.4741, 0, 10.6955, 1.7294, 27.2721, 14.4674, 45.9118, 0, 17.312, 4.5554, 49.0475, 0, 7.2647, 0, 13.5475, 56.661, 15.4001, 16.2075, 19.4557, 6.2099, 21.7099, 20.9863, 84.1478, 1.8922, 14.538, 17.9619, 19.5865, 112.7893, 5.438],
      [1.7967, 2.2756, 1.0392, 1.9218, 1.2956, 1.9275, 0, 1.3743, 0.4563, 0.6995, 3.3688, 2.5453, 1.8324, 3.0247, 0.0308, 0, 0.7628, 2.1312, 1.445, 1.3057, 1.7718, 2.6796, 0, 0, 0.3342, 0, 0.6945, 0.0754, 2.065, 0.9327, 2.7891, 0, 0.9413, 0.1624, 2.5721, 0, 0.327, 0, 0.801, 3.0963, 0.8577, 0.8785, 1.4493, 0.5071, 1.221, 1.3418, 4.625, 0, 0.734, 1.1896, 1.3536, 6.6031, 0.275]
    ]
  ],
  "V_est": [
    [19.1757, 78.1861, 590.7043, 559.9338],
    [2014.7694, 119.9132, 763.8946, 142.4228],
    [293.7881, 4013.3347, 209.5745, 519.3028],
    [62.1878, 100.9497, 22922.0955, 232.7669],
    [170.7191, 590.0257, 377.1926, 490.0626],
    [14.3598, 42.5906, 1147.5385, 69.5111]
  ],
  "p_est": [
    [0.0154, 0.0626, 0.4733, 0.4487],
    [0.6625, 0.0394, 0.2512, 0.0468],
    [0.0583, 0.7969, 0.0416, 0.1031],
    [0.0027, 0.0043, 0.983, 0.01],
    [0.1049, 0.3624, 0.2317, 0.301],
    [0.0113, 0.0334, 0.9007, 0.0546]
  ],
  "EI_Z": {},
  "EI_V": 5.7016,
  "MAE_Z": {},
  "MAE_V": 168.8851,
  "MAE_p": 0.0611,
  "runtime": 0.002
}
