{
  "Z_true": {},
  "V_true": [
    [20, 1121, 171, 1815, 92],
    [176, 477, 219, 11278, 352],
    [144, 245, 8419, 575, 392],
    [900, 111, 384, 969, 153],
    [43, 98, 531, 454, 923]
  ],
  "p_true": [
    [0.0062, 0.3482, 0.0531, 0.5638, 0.0286],
    [0.0141, 0.0382, 0.0175, 0.9021, 0.0282],
    [0.0147, 0.0251, 0.8613, 0.0588, 0.0401],
    [0.3576, 0.0441, 0.1526, 0.385, 0.0608],
    [0.021, 0.0478, 0.2592, 0.2216, 0.4505]
  ],
  "Z_est": [
    [
      [0.0234, 0.0787, 0.0225, 0.1284, 0.0731, 0.1462, 0.1021, 0.1462, 0.1162, 0.0365, 0.0656, 0.0114, 0.0843, 0.0103, 0.0075, 0.0047, 0.0778, 0.0825, 0.0478, 0.0019, 0, 0.0487, 0, 0.0056, 0, 0.0562, 0.1087, 0.0572, 0, 0.1546, 0, 0.0356, 0.2071, 0, 0.4273, 0.1537, 0.3392, 0],
      [13.9015, 46.5286, 13.6163, 74.0586, 47.4509, 85.1203, 50.3085, 71.3313, 68.47, 23.9135, 42.9121, 5.8616, 45.23, 7.6747, 4.915, 1.8813, 45.1147, 46.9169, 28.0882, 1.3957, 19.7058, 28.3734, 2.9308, 3.5922, 6.5839, 30.6674, 59.793, 30.5639, 5.6214, 89.1919, 3.7181, 24.3808, 103.9964, 0.6686, 221.4658, 82.5111, 201.8058, 39.2653],
      [2.3647, 5.5425, 1.4804, 9.5415, 7.973, 14.5758, 9.1284, 12.8601, 12.4248, 3.1097, 7.1922, 0.968, 6.1241, 0.1963, 0.8116, 0.2749, 9.5063, 8.564, 5.6757, 0.0357, 2.4785, 4.105, 0.0892, 0.1148, 0.9475, 5.1957, 13.3341, 6.5888, 6.102, 14.7449, 2.6102, 1.5024, 11.8244, 0.0206, 40.1348, 9.7758, 22.6752, 3.3958],
      [8.6963, 31.8115, 8.8717, 53.2123, 22.4676, 56.1031, 49.4183, 71.6505, 42.9277, 11.924, 19.7973, 3.1587, 38.5216, 3.111, 2.2626, 2.8388, 28.2592, 32.378, 17.1611, 0.5656, 13.8052, 19.4424, 1.9719, 2.287, 12.3016, 24.0752, 42.7151, 23.7758, 9.2678, 60.8517, 1.6697, 12.069, 104.9064, 0.3108, 193.7692, 71.5024, 137.0293, 34.3338],
      [0.014, 0.0388, 0.009, 0.0592, 0.0355, 0.0547, 0.0426, 0.0119, 0.0613, 0.0162, 0.0328, 0.0003, 0.04, 0.0077, 0.0034, 0.0003, 0.0419, 0.0586, 0.0272, 0.0011, 0.0105, 0.0304, 0.0081, 0.0003, 0.1669, 0.0054, 0.0491, 0.0142, 0.0088, 0.0569, 0.002, 0.0123, 0.0657, 0, 0.2029, 0.057, 0.1506, 0.0051]
    ],
    [
      [0, 1.3859, 0.3274, 2.9352, 0, 1.7081, 0, 1.0407, 3.2535, 0, 3.9364, 0.0631, 6.1532, 0.3784, 1.3172, 0.1493, 2.8016, 7.8398, 0, 0.9222, 0, 1.0045, 0, 0.1209, 0, 0.2134, 2.4597, 0.787, 0, 1.3928, 0, 0.2418, 2.0235, 0, 14.2263, 3.0063, 7.2071, 0],
      [1.1749, 7.6716, 2.7137, 7.034, 5.0972, 11.3521, 0.0573, 0.0792, 6.8614, 1.9566, 8.7723, 1.2573, 0.0542, 2.6367, 1.205, 0.0021, 3.0533, 2.4434, 2.3141, 1.23, 1.596, 2.2803, 0.2041, 0.2052, 0.0073, 0.7069, 4.1424, 0.0365, 0.0063, 4.0166, 0.0563, 6.0857, 0.1146, 0.0304, 0.2532, 2.6571, 26.8675, 1.702],
      [3.4591, 1.1553, 0.061, 0.4112, 4.4724, 8.5448, 6.3997, 4.7631, 0.5917, 0.1399, 0.4614, 1.8027, 0.2618, 0.0681, 3.2526, 0.7701, 11.5963, 0.4052, 5.5253, 0.8894, 0.7629, 0.1841, 0.1864, 3.4249, 0.0263, 1.3743, 4.446, 7.3572, 2.305, 2.1479, 0.0802, 0.3728, 4.0042, 0.0012, 18.6888, 0.3969, 0.9395, 0.7494],
      [127.2925, 319.6149, 101.5631, 780.0458, 388.2356, 300.269, 372.5861, 191.4666, 616.9504, 218.4575, 450.8122, 8.8584, 501.3242, 68.6194, 37.3226, 30.0599, 567.1369, 696.1891, 517.0018, 21.8123, 78.3261, 250.7674, 22.1916, 19.2305, 41.6131, 74.4081, 452.1802, 258.0388, 58.0044, 253.1359, 5.8014, 38.7243, 377.6425, 0.9685, 2026.9664, 561.9509, 1166.9825, 75.2698],
      [1.0735, 8.1723, 0.3349, 7.5738, 2.1948, 3.126, 2.957, 0.6504, 12.3431, 0.446, 2.0177, 0.0186, 4.2066, 0.2973, 0.9026, 0.0186, 4.4119, 14.1225, 4.1588, 0.1461, 0.315, 3.7637, 0.4179, 0.0186, 1.3533, 0.2973, 4.7717, 0.7805, 0.6843, 4.3067, 0.0621, 0.5754, 1.2153, 0, 16.8654, 3.9888, 28.0035, 0.2788]
    ],
    [
      [0.0793, 1.8008, 0.4705, 3.2305, 0, 7.9169, 0.3317, 3.4115, 4.615, 0, 5.2678, 0.2284, 8.2588, 0.5972, 0.2986, 0.0543, 3.4477, 3.2486, 0, 0.1538, 0, 1.5383, 0, 0.1434, 0, 0, 15.4444, 2.3346, 0, 1.3175, 0, 1.4472, 1.4114, 0, 15.2125, 3.9299, 7.3568, 0],
      [2.2113, 4.3819, 1.2806, 9.133, 8.8474, 8.7845, 1.9663, 2.7171, 8.8788, 6.0998, 6.7445, 0.4434, 4.0854, 5.6915, 0.6212, 0.0715, 6.3205, 6.1089, 3.7937, 0.2983, 2.7126, 4.1366, 0.5252, 1.0441, 0.2503, 3.7308, 3.7581, 2.288, 0.2145, 16.8493, 0.143, 5.3027, 3.9326, 0.0963, 9.1677, 7.2519, 26.973, 2.7686],
      [81.6588, 180.74, 47.0959, 317.5173, 290.9676, 409.8244, 239.9985, 347.4921, 457.9959, 107.2223, 360.8819, 13.082, 198.595, 54.2184, 30.7368, 5.5521, 351.1325, 314.8989, 208.3932, 15.6949, 82.071, 142.6781, 31.3079, 23.4624, 20.1072, 174.024, 504.841, 238.8316, 124.9066, 540.5235, 9.5736, 92.4161, 351.7984, 0.8814, 1417.3423, 305.8196, 724.4691, 90.0956],
      [1.3905, 3.3386, 1.3785, 13.9539, 9.2022, 3.9461, 3.984, 19.3871, 20.0566, 5.841, 23.7785, 0.1322, 7.1036, 3.6678, 0.5156, 0.208, 8.8, 12.6148, 3.4841, 0.4922, 2.1898, 7.8997, 0.7747, 0.236, 1.8007, 5.4202, 13.785, 9.7551, 0.7364, 13.1107, 0.0944, 2.1844, 23.1278, 0.0223, 32.894, 15.5661, 22.4214, 5.4248],
      [3.6601, 8.7387, 1.7745, 13.1653, 8.9828, 7.5282, 8.7194, 3.9922, 18.4538, 2.837, 9.3273, 0.1141, 8.9572, 1.825, 0.8278, 0.1141, 11.2994, 22.1289, 7.3291, 0.3608, 1.0266, 13.7472, 1.3923, 0.1141, 0.8418, 1.825, 11.1716, 4.7907, 2.1425, 12.1989, 0.189, 3.6496, 6.7297, 0, 48.3836, 10.4326, 31.7796, 1.711]
    ],
    [
      [8.0487, 17.9757, 5.3168, 38.7903, 28.9832, 43.3607, 37.4991, 29.8758, 58.0997, 14.1148, 43.0946, 1.5738, 46.2518, 5.3566, 5.1302, 2.5452, 36.8049, 36.2973, 23.8095, 1.7988, 6.3222, 15.2041, 1, 2.5452, 0.8151, 12.3131, 59.0575, 31.5553, 7.1373, 25.9448, 0.9384, 3.5976, 25.798, 0, 181.3201, 39.3501, 89.7867, 5.69],
      [0.3741, 0.7304, 0.2316, 1.6924, 4.8831, 1.8527, 1.9239, 1.3539, 2.7078, 1.692, 1.9061, 0.0713, 1.8527, 0.196, 0.2138, 0, 1.6211, 1.3361, 1.2292, 0.0534, 0.8616, 0.6235, 0.0891, 0.1247, 0.1247, 0.6357, 2.4049, 1.5142, 0, 1.1757, 0.0713, 0.1069, 1.1223, 0.2048, 8.1233, 1.7458, 3.9191, 0.2672],
      [2.9403, 5.9485, 1.7255, 12.1956, 12.14, 14.4379, 17.3071, 11.2936, 18.7144, 5.1146, 13.7151, 0.788, 11.0795, 1.6596, 1.8774, 1.1471, 12.5395, 10.5999, 8.8032, 0.2285, 2.8826, 4.8861, 1.1204, 1.5756, 0.8504, 5.3906, 18.1544, 10.3392, 5.5186, 9.7449, 0.7131, 0.4571, 10.3055, 0.0968, 57.0946, 12.2512, 28.0892, 2.5553],
      [9.6296, 16.331, 5.7216, 42.2885, 52.9591, 44.3123, 51.232, 33.4767, 72.425, 24.0629, 48.2467, 1.567, 44.7797, 3.784, 4.7744, 3.3077, 40.0027, 26.7405, 35.134, 0.9182, 10.9263, 14.2741, 2.4428, 2.7544, 5.2073, 16.6606, 55.336, 41.5913, 8.3368, 29.1114, 2.2758, 1.8363, 25.7522, 0.6984, 209.3025, 44.6186, 98.128, 6.4822],
      [0.0073, 0.0143, 0.0045, 0.0332, 0.0346, 0.0364, 0.0378, 0, 0.0532, 0.0157, 0.0374, 0, 0.0364, 0.0038, 0.0042, 0, 0.0318, 0.0262, 0.0241, 0.001, 0.0073, 0.0122, 0.3478, 0, 0.0024, 0, 0.0472, 0, 0.0073, 0.0231, 0.0014, 0.0021, 0.022, 0, 0.1595, 0.0343, 0.077, 0.0052]
    ],
    [
      [1.8486, 3.7589, 0.8627, 5.9156, 3.9437, 4.8681, 4.067, 3.5258, 5.9156, 1.8486, 3.6356, 0.1232, 4.2518, 1.6574, 0.2465, 0.2465, 4.8681, 6.5318, 3.1427, 0.1232, 0.6778, 3.2043, 0, 0.1849, 0.1849, 1.4173, 4.9297, 3.2659, 0.8627, 4.1902, 0.0616, 0.6778, 4.56, 0, 21.8138, 4.56, 13.3101, 1.31],
      [0.3381, 0.6876, 0.1578, 1.0821, 0.7214, 0.8904, 0.7439, 0.5185, 1.0821, 0.3381, 0.665, 0.3665, 0.7777, 0.8012, 0.0451, 0.0451, 0.8904, 1.1948, 0.5748, 0.0225, 0.124, 0.5861, 0.2508, 0.0338, 0.0338, 0.2592, 0.9017, 0.5974, 0.1578, 0.7665, 0.0113, 0.124, 0.8341, 0, 3.9901, 0.8341, 2.4346, 1.9968],
      [2.577, 2.6137, 0.6373, 4.3344, 3.4471, 4.6171, 4.1663, 3.5911, 5.2733, 1.4136, 3.7493, 0.3594, 2.9397, 0.8575, 0.3215, 1.2558, 4.2254, 4.532, 2.6026, 0.1514, 0.8049, 2.1468, 0.2961, 1.4223, 0.0686, 3.0155, 5.2244, 2.8831, 1.1678, 4.8387, 0.0229, 0.2516, 4.0675, 0, 17.7396, 3.7566, 9.827, 1.204],
      [3.9911, 7.9039, 2.4652, 14.4994, 10.1355, 13.3696, 9.7795, 8.0191, 9.6404, 5.7146, 8.3652, 0.2838, 11.2709, 4.8178, 0.1249, 1.5856, 11.8012, 11.0776, 7.2191, 0.2118, 1.7527, 5.6164, 0.619, 0.492, 0.0772, 4.4358, 10.9838, 9.839, 1.6546, 7.7902, 0.1587, 1.186, 13.5712, 0, 56.0679, 11.362, 27.4388, 8.4893],
      [21.2451, 46.0359, 9.8771, 70.1685, 45.7523, 55.2548, 47.2433, 30.3455, 74.0887, 20.6851, 42.5848, 0.867, 49.7598, 13.8661, 3.262, 0.867, 57.2149, 82.6638, 37.4608, 1.491, 7.6405, 40.4464, 4.834, 0.867, 2.6355, 13.8722, 57.9604, 36.4146, 10.1571, 50.4144, 0.7455, 8.7606, 50.9672, 0, 254.3886, 53.4874, 162.9894, 13]
    ]
  ],
  "V_est": [
    [2.8612, 1679.5254, 263.9895, 1271.2213, 1.4027],
    [66.8953, 117.9343, 102.479, 12077.8206, 136.8707],
    [93.5477, 179.6248, 8908.8477, 300.7187, 292.2611],
    [993.1033, 49.0362, 336.2808, 1137.4284, 1.1512],
    [126.5925, 25.8792, 112.403, 303.811, 1480.3143]
  ],
  "p_est": [
    [0.0009, 0.5218, 0.082, 0.3949, 0.0004],
    [0.0054, 0.0094, 0.0082, 0.9661, 0.0109],
    [0.0096, 0.0184, 0.9114, 0.0308, 0.0299],
    [0.3946, 0.0195, 0.1336, 0.4519, 0.0005],
    [0.0618, 0.0126, 0.0549, 0.1483, 0.7225]
  ],
  "EI_Z": {},
  "EI_V": 9.4592,
  "MAE_Z": {},
  "MAE_V": 227.4897,
  "MAE_p": 0.0587,
  "runtime": 0.6519
}
