{
  "X": [
    [8, 6, 7, 121, 4, 9],
    [30, 75, 320, 374, 29, 20],
    [40, 100, 373, 389, 28, 31],
    [9, 23, 82, 134, 6, 9],
    [11, 25, 89, 240, 11, 11],
    [40, 72, 280, 336, 24, 19],
    [19, 20, 70, 141, 6, 5],
    [7, 15, 61, 182, 9, 3],
    [17, 44, 167, 334, 21, 12],
    [10, 13, 103, 153, 13, 3],
    [23, 39, 226, 320, 26, 10],
    [13, 5, 14, 156, 5, 5],
    [22, 39, 176, 306, 34, 9],
    [17, 16, 81, 192, 6, 5],
    [13, 31, 115, 234, 18, 14],
    [36, 124, 621, 371, 29, 25],
    [8, 12, 52, 85, 4, 6],
    [13, 26, 35, 217, 4, 16],
    [44, 151, 397, 719, 42, 32],
    [5, 24, 59, 152, 6, 5],
    [9, 10, 34, 107, 4, 4],
    [7, 12, 28, 146, 4, 4],
    [10, 15, 44, 134, 6, 0],
    [30, 126, 261, 732, 35, 30],
    [30, 40, 309, 275, 24, 25],
    [22, 59, 245, 293, 24, 25],
    [21, 47, 184, 194, 14, 17],
    [29, 48, 130, 311, 8, 26],
    [6, 23, 77, 42, 11, 11],
    [106, 138, 554, 856, 55, 80],
    [12, 52, 206, 122, 22, 16],
    [59, 94, 448, 473, 29, 63],
    [27, 51, 202, 387, 24, 44],
    [58, 143, 555, 692, 55, 73],
    [26, 47, 237, 255, 22, 32],
    [23, 44, 257, 240, 28, 27],
    [6, 12, 31, 66, 6, 9],
    [17, 21, 88, 239, 15, 7],
    [5, 8, 3, 80, 1, 2],
    [14, 26, 68, 263, 14, 20],
    [45, 34, 168, 302, 23, 6],
    [42, 47, 235, 426, 28, 17],
    [8, 12, 52, 109, 4, 4],
    [15, 11, 14, 136, 5, 4],
    [7, 11, 34, 183, 3, 5],
    [23, 23, 69, 174, 10, 12],
    [7, 12, 26, 138, 4, 6],
    [2, 8, 14, 83, 0, 6],
    [32, 45, 127, 227, 12, 3],
    [19, 38, 156, 187, 14, 4],
    [22, 41, 137, 313, 26, 5],
    [17, 39, 121, 323, 22, 7],
    [56, 72, 247, 616, 33, 11],
    [4, 3, 7, 105, 4, 2],
    [5, 7, 29, 128, 4, 5],
    [65, 47, 378, 387, 23, 8],
    [139, 249, 969, 1836, 127, 73],
    [10, 42, 149, 221, 13, 12],
    [56, 223, 471, 801, 35, 45],
    [0, 16, 54, 123, 0, 5]
  ],
  "W": [
    [7, 4, 9, 121, 6, 8],
    [26, 84, 244, 386, 78, 30],
    [31, 136, 252, 433, 75, 34],
    [9, 33, 51, 137, 20, 13],
    [11, 39, 48, 242, 30, 17],
    [36, 85, 211, 356, 55, 28],
    [23, 33, 37, 138, 19, 11],
    [9, 17, 42, 186, 16, 7],
    [22, 49, 117, 322, 52, 33],
    [17, 15, 68, 148, 27, 20],
    [20, 45, 175, 306, 66, 32],
    [13, 6, 12, 146, 9, 12],
    [14, 33, 141, 309, 56, 33],
    [14, 16, 49, 181, 42, 15],
    [19, 27, 84, 225, 44, 26],
    [32, 165, 445, 376, 140, 48],
    [6, 18, 35, 83, 16, 9],
    [8, 30, 27, 223, 10, 13],
    [30, 209, 265, 739, 90, 52],
    [11, 35, 36, 149, 15, 5],
    [8, 12, 30, 105, 4, 9],
    [11, 10, 19, 139, 11, 11],
    [12, 13, 43, 118, 14, 9],
    [26, 140, 166, 766, 61, 55],
    [36, 49, 256, 283, 52, 27],
    [21, 66, 182, 308, 64, 27],
    [12, 54, 148, 202, 38, 23],
    [32, 52, 89, 330, 32, 17],
    [6, 25, 54, 45, 19, 21],
    [78, 188, 433, 911, 106, 73],
    [11, 54, 176, 120, 54, 15],
    [53, 118, 346, 503, 101, 45],
    [19, 54, 166, 400, 72, 24],
    [50, 184, 384, 739, 136, 83],
    [23, 55, 181, 278, 59, 23],
    [22, 34, 213, 242, 85, 23],
    [8, 14, 16, 67, 14, 11],
    [13, 24, 68, 231, 31, 20],
    [4, 9, 2, 70, 5, 9],
    [10, 38, 44, 277, 17, 19],
    [41, 43, 125, 290, 62, 17],
    [34, 61, 179, 405, 74, 42],
    [5, 19, 32, 108, 18, 7],
    [10, 7, 13, 141, 8, 6],
    [9, 14, 27, 165, 8, 20],
    [17, 18, 58, 176, 21, 21],
    [9, 5, 20, 132, 10, 17],
    [5, 10, 9, 82, 6, 1],
    [27, 50, 105, 207, 38, 19],
    [21, 43, 132, 174, 29, 19],
    [24, 46, 122, 307, 27, 18],
    [18, 40, 110, 305, 30, 26],
    [60, 73, 215, 577, 71, 39],
    [4, 3, 3, 105, 5, 5],
    [1, 7, 24, 132, 3, 11],
    [52, 70, 243, 381, 121, 41],
    [110, 312, 747, 1828, 222, 174],
    [9, 53, 118, 205, 32, 30],
    [43, 230, 385, 795, 95, 83],
    [0, 28, 35, 120, 5, 10]
  ],
  "method": "mcmc",
  "mcmc_stepsize": 3000,
  "mcmc_samples": 1000,
  "burn_in": 10000,
  "cond_prob": [
    [
      [0.28571428399, 7.2999657639e-10, 1.0582671539e-09, 0.71428571215, 4.1688679117e-11, 2.0337561551e-09],
      [5.5174342849e-11, 0.24999999931, 4.5880894818e-11, 0.75000000051, 1.8766111727e-11, 5.5461809672e-11],
      [2.1521581017e-09, 0.11111111031, 0.1111111106, 0.77777777348, 1.8676263533e-09, 1.5992973795e-09],
      [0.049586776735, 0.033057851236, 0.049586776749, 0.78512396768, 0.024793388286, 0.057851239313],
      [1.2278899348e-09, 6.7480466798e-11, 1.6216365723e-09, 0.8333333308, 0.16666666544, 8.4115745089e-10],
      [2.140389255e-11, 6.1225587612e-10, 8.0248411237e-11, 0.74999999719, 9.4145928897e-10, 0.25000000115]
    ],
    [
      [0.15384615385, 0.076923076923, 0.34615384615, 0.42307692308, 2.4361120263e-28, 1.2817993982e-30],
      [0.02380952381, 0.11904761905, 0.38095238095, 0.44047619048, 0.02380952381, 0.011904761905],
      [0.032786885246, 0.08606557377, 0.38524590164, 0.44262295082, 0.032786885246, 0.020491803279],
      [0.033678756477, 0.088082901554, 0.37564766839, 0.44300518135, 0.036269430052, 0.023316062176],
      [0.025641025641, 0.076923076923, 0.37179487179, 0.4358974359, 0.051282051282, 0.038461538462],
      [0.033333333333, 0.066666666667, 0.36666666667, 0.43333333333, 0.033333333333, 0.066666666667]
    ],
    [
      [0.096774193548, 0.096774193548, 0.38709677419, 0.38709677419, 5.1077568979e-32, 0.032258064516],
      [0.036764705882, 0.11764705882, 0.38970588235, 0.40441176471, 0.022058823529, 0.029411764706],
      [0.039682539683, 0.10317460317, 0.38888888889, 0.40873015873, 0.027777777778, 0.031746031746],
      [0.041570438799, 0.103926097, 0.38799076212, 0.4064665127, 0.030023094688, 0.030023094688],
      [0.04, 0.093333333333, 0.38666666667, 0.4, 0.053333333333, 0.026666666667],
      [0.029411764706, 0.088235294118, 0.38235294118, 0.38235294118, 0.029411764706, 0.088235294118]
    ],
    [
      [0.3333333241, 3.0242228542e-09, 0.22222223406, 0.44444443581, 3.0000886601e-12, 2.9953340373e-09],
      [0.03030303032, 0.15151514741, 0.30303030296, 0.48484848819, 8.1057796934e-10, 0.030303030313],
      [0.019607843683, 0.098039212995, 0.35294117871, 0.49019607731, 0.01960784418, 0.019607843124],
      [0.029197080458, 0.080291972198, 0.3065693417, 0.53284671495, 0.02189781002, 0.029197080674],
      [1.3844852812e-09, 0.050000002774, 0.300000001, 0.49999999877, 0.099999997202, 0.049999998867],
      [3.2594738498e-10, 0.076923076849, 0.30769230379, 0.46153846928, 2.4644343501e-10, 0.15384614952]
    ],
    [
      [0.27272727264, 5.5143458613e-11, 0.18181818187, 0.54545454537, 6.9673844599e-17, 5.664163095e-11],
      [0.025641025672, 0.10256410253, 0.20512820514, 0.61538461536, 0.025641025657, 0.025641025633],
      [0.020833333334, 0.083333333308, 0.24999999999, 0.6041666667, 0.020833333333, 0.020833333333],
      [0.024793388426, 0.061983471079, 0.23966942148, 0.62396694215, 0.02479338843, 0.024793388427],
      [2.0584072128e-11, 0.033333333353, 0.20000000001, 0.66666666662, 0.099999999979, 2.0585913562e-11],
      [1.1942655782e-16, 0.058823529412, 0.17647058824, 0.58823529413, 6.2879824033e-13, 0.17647058822]
    ],
    [
      [0.11111111111, 0.083333333333, 0.36111111111, 0.41666666667, 0.027777777778, 2.5292463235e-30],
      [0.058823529412, 0.10588235294, 0.35294117647, 0.43529411765, 0.023529411765, 0.023529411765],
      [0.047393364929, 0.094786729858, 0.37440758294, 0.43127962085, 0.028436018957, 0.023696682464],
      [0.050561797753, 0.092696629213, 0.36235955056, 0.44101123596, 0.030898876404, 0.022471910112],
      [0.036363636364, 0.090909090909, 0.34545454545, 0.43636363636, 0.072727272727, 0.018181818182],
      [0.035714285714, 0.071428571429, 0.35714285714, 0.42857142857, 2.8137971347e-27, 0.10714285714]
    ],
    [
      [0.1739130187, 0.043478262299, 0.26086958862, 0.5217391248, 4.3899553097e-11, 5.5420885825e-09],
      [0.060606099963, 0.18181816833, 0.24242416853, 0.51515152381, 1.4402000775e-08, 2.497213934e-08],
      [0.054054051513, 0.054054066908, 0.32432427899, 0.56756758885, 1.029234485e-08, 3.4436230552e-09],
      [0.07246376443, 0.072463768567, 0.26811595761, 0.55072463406, 0.021739126073, 0.014492749259],
      [0.052631572288, 0.052631553974, 0.26315791977, 0.52631575946, 0.10526315116, 4.3351347725e-08],
      [4.0293919187e-11, 3.1714929221e-08, 0.18181826828, 0.4545454661, 0.090909079353, 0.27272715451]
    ],
    [
      [0.22217485703, 0.11106374704, 0.11120583972, 0.55555555591, 1.5120620245e-10, 1.4575935375e-10],
      [5.0150470556e-05, 0.11764705862, 0.23521889217, 0.64708389822, 4.3695217551e-10, 8.5690616481e-11],
      [0.023829822766, 0.047629197132, 0.26187431371, 0.64282669384, 0.023829822968, 1.014958449e-05],
      [0.021498500885, 0.053758857176, 0.22043239928, 0.66130178192, 0.03225577261, 0.010752688131],
      [4.1122268115e-10, 2.6642682697e-05, 0.18757992714, 0.74989342974, 0.062499999936, 8.7799662775e-11],
      [2.0009293971e-10, 6.0897557395e-05, 0.14285714287, 0.57148946751, 0.14279624601, 0.14279624585]
    ],
    [
      [0.13636363636, 0.045454545455, 0.27272727273, 0.54545454545, 1.3873911772e-17, 7.7089422866e-21],
      [0.020408163265, 0.14285714286, 0.26530612245, 0.55102040816, 0.020408163265, 6.2324720931e-18],
      [0.025641025641, 0.068376068376, 0.29914529915, 0.55555555556, 0.034188034188, 0.017094017094],
      [0.027950310559, 0.071428571429, 0.27950310559, 0.56832298137, 0.034161490683, 0.018633540373],
      [0.019230769231, 0.057692307692, 0.26923076923, 0.55769230769, 0.076923076923, 0.019230769231],
      [9.2494147334e-18, 0.060606060606, 0.27272727273, 0.54545454545, 0.030303030303, 0.090909090909]
    ],
    [
      [0.17647058801, 0.058823528951, 0.29411764849, 0.47058823381, 4.760414145e-10, 2.647202641e-10],
      [4.092598473e-10, 0.19999999903, 0.33333333339, 0.46666666645, 3.7466612206e-10, 3.4150186502e-10],
      [0.029411764781, 0.029411764717, 0.39705882388, 0.51470588184, 0.029411764747, 3.3152410105e-11],
      [0.033783783608, 0.040540540556, 0.3445945941, 0.53378378447, 0.040540540524, 0.0067567567435],
      [4.2889349863e-10, 0.037037037312, 0.33333333383, 0.51851851766, 0.11111111076, 1.1276155362e-11],
      [3.5693126695e-10, 5.9345124948e-10, 0.30000000051, 0.49999999928, 0.099999999773, 0.099999999489]
    ],
    [
      [0.15, 0.05, 0.35, 0.45, 5.4604204917e-24, 4.1582271351e-24],
      [0.022222222222, 0.13333333333, 0.33333333333, 0.48888888889, 0.022222222222, 2.8494188895e-22],
      [0.034285714286, 0.057142857143, 0.36, 0.49714285714, 0.04, 0.011428571429],
      [0.032679738562, 0.058823529412, 0.34967320261, 0.50653594771, 0.039215686275, 0.013071895425],
      [0.030303030303, 0.045454545455, 0.34848484848, 0.48484848485, 0.075757575758, 0.015151515152],
      [0.03125, 0.03125, 0.34375, 0.46875, 0.03125, 0.09375]
    ],
    [
      [0.23076915897, 1.0248708282e-09, 8.4450807238e-10, 0.76923083818, 4.9391882099e-10, 4.8447631414e-10],
      [0.16666681976, 0.16666651135, 1.4960141781e-09, 0.66666666695, 8.3915908151e-11, 3.4999493649e-10],
      [6.6754777705e-10, 0.083333256213, 0.16666689864, 0.74999968969, 7.7509908583e-08, 7.7278873375e-08],
      [0.061643835548, 0.020547951478, 0.082191748795, 0.79452059291, 0.020547945106, 0.020547926162],
      [2.8551309378e-10, 1.0279596107e-07, 1.4947720658e-09, 0.88888888664, 0.11111100878, 2.2087061721e-12],
      [1.1857348488e-09, 2.5227511132e-10, 1.5491191304e-07, 0.74999969005, 0.083333333212, 0.16666682039]
    ],
    [
      [0.14285714286, 0.071428571424, 0.28571428573, 0.49999999998, 4.9001486059e-12, 2.6795036704e-16],
      [0.030303030309, 0.12121212121, 0.30303030302, 0.51515151516, 0.030303030301, 4.1576259878e-12],
      [0.035460992908, 0.063829787232, 0.31205673759, 0.51773049645, 0.056737588653, 0.014184397163],
      [0.035598705501, 0.064724919095, 0.30097087378, 0.52750809062, 0.058252427184, 0.012944983818],
      [0.035714285713, 0.053571428573, 0.28571428572, 0.51785714285, 0.10714285714, 3.6750665474e-12],
      [0.030303030301, 0.060606060606, 0.27272727272, 0.51515151515, 0.030303030307, 0.090909090909]
    ],
    [
      [0.21428693501, 4.1014906421e-07, 0.21428530915, 0.57142734554, 2.5959721631e-12, 1.461744248e-10],
      [0.062499647689, 0.12499928468, 0.24999928934, 0.56250177783, 3.3129381441e-10, 1.2882049682e-10],
      [0.040816793097, 0.061224606589, 0.30612244932, 0.59183591657, 1.177694289e-07, 1.1666308303e-07],
      [0.049723567077, 0.049723693702, 0.25414377246, 0.61878459436, 0.016574585336, 0.01104978707],
      [0.047618912077, 0.047619183042, 0.2380949652, 0.59523864054, 0.071428298636, 5.0645254569e-10],
      [3.8245748685e-07, 3.8215686409e-07, 0.20000037819, 0.5999996216, 3.8236456437e-07, 0.19999885323]
    ],
    [
      [0.15789473684, 0.052631578947, 0.26315789474, 0.52631578947, 6.4340383214e-16, 6.4341018926e-16],
      [0.037037037037, 0.14814814815, 0.25925925926, 0.51851851852, 0.037037037037, 6.5539902005e-16],
      [0.02380952381, 0.071428571429, 0.29761904762, 0.54761904762, 0.035714285714, 0.02380952381],
      [0.026666666667, 0.071111111111, 0.26666666667, 0.56, 0.044444444444, 0.031111111111],
      [0.022727272727, 0.068181818182, 0.25, 0.54545454545, 0.068181818182, 0.045454545455],
      [3.0622936798e-14, 0.038461538462, 0.26923076923, 0.53846153846, 0.038461538462, 0.11538461538]
    ],
    [
      [0.09375, 0.125, 0.5, 0.28125, 2.5532348218e-33, 1.2733386486e-33],
      [0.024242424242, 0.11515151515, 0.52121212121, 0.30303030303, 0.018181818182, 0.018181818182],
      [0.029213483146, 0.10112359551, 0.51685393258, 0.31011235955, 0.022471910112, 0.020224719101],
      [0.029255319149, 0.10106382979, 0.51329787234, 0.31117021277, 0.026595744681, 0.018617021277],
      [0.028571428571, 0.1, 0.51428571429, 0.30714285714, 0.035714285714, 0.014285714286],
      [0.020833333333, 0.083333333333, 0.5, 0.29166666667, 0.020833333333, 0.083333333333]
    ],
    [
      [0.33329818619, 1.2002369474e-05, 0.16669737115, 0.49998952837, 1.1470684124e-06, 1.7648462096e-06],
      [0.11108596216, 0.11111956597, 0.2777898232, 0.49999002148, 1.0214721567e-05, 4.4124694167e-06],
      [0.028576947201, 0.1142794697, 0.34285489459, 0.48570504786, 1.1215998395e-06, 0.028582519053],
      [0.036143396115, 0.060238035795, 0.33734908009, 0.53012505051, 0.01205051719, 0.024093920297],
      [3.5466818487e-06, 0.062512980028, 0.24997596543, 0.50001311883, 0.18747055226, 2.38367717e-05],
      [5.6865281569e-05, 3.3008362351e-06, 0.22223206113, 0.44444185271, 5.3593009697e-06, 0.33326056074]
    ],
    [
      [0.24999999999, 0.12500000001, 5.3144799259e-12, 0.62499999999, 3.2836762652e-17, 3.3554396348e-13],
      [0.033333333337, 0.13333333333, 0.13333333333, 0.66666666666, 2.5014570121e-12, 0.033333333333],
      [0.037037037036, 0.074074074077, 0.14814814815, 0.7037037037, 1.0181881198e-13, 0.037037037037],
      [0.040358744394, 0.080717488789, 0.11210762332, 0.70852017937, 0.0089686098655, 0.049327354259],
      [7.8445749553e-12, 5.0993795619e-13, 0.10000000002, 0.59999999998, 0.19999999999, 0.1],
      [1.8958156525e-13, 0.07692307692, 0.076923076926, 0.6923076923, 2.0679891929e-14, 0.15384615386]
    ],
    [
      [0.13333333333, 0.1, 0.26666666667, 0.5, 5.7117857944e-31, 3.4931351818e-28],
      [0.028708133971, 0.12440191388, 0.28229665072, 0.51674641148, 0.028708133971, 0.019138755981],
      [0.030188679245, 0.10566037736, 0.29433962264, 0.51698113208, 0.030188679245, 0.022641509434],
      [0.031123139378, 0.10825439783, 0.28822733424, 0.51962110961, 0.029769959405, 0.02300405954],
      [0.022222222222, 0.1, 0.27777777778, 0.54444444444, 0.033333333333, 0.022222222222],
      [0.019230769231, 0.096153846154, 0.26923076923, 0.5, 0.057692307692, 0.057692307692]
    ],
    [
      [0.18181744943, 0.090908027767, 0.18181868715, 0.54545571163, 2.321263468e-08, 1.0080964918e-07],
      [0.028571319994, 0.14285772837, 0.22857045499, 0.59999974896, 4.7414455404e-07, 2.7353353026e-07],
      [3.1101838775e-07, 0.083333302514, 0.27777773979, 0.638888046, 3.8718088044e-07, 2.1349342251e-07],
      [0.013422797141, 0.09395959999, 0.23489965382, 0.60402693062, 0.040268235418, 0.013422783009],
      [2.5897569077e-07, 0.066666187847, 0.19999836535, 0.60000237516, 7.0262127569e-08, 0.13333274241],
      [2.3327766882e-10, 3.818975793e-06, 0.20000119685, 0.59999560252, 2.15975809e-07, 0.19999916544]
    ],
    [
      [0.24999982318, 2.1684317794e-06, 0.12500119565, 0.62499653487, 1.0108403298e-07, 1.7678321878e-07],
      [0.083336934438, 0.16666621355, 0.16667772573, 0.58331434034, 4.653018153e-06, 1.3292355721e-07],
      [0.033333286859, 0.066666193948, 0.26666877661, 0.6333287532, 1.4093770376e-06, 1.5800079218e-06],
      [0.047618218034, 0.057142264476, 0.20952096363, 0.64762351231, 0.019047574897, 0.019047466653],
      [6.3914083787e-06, 5.9146753948e-06, 3.6272203923e-06, 0.74999861897, 0.24998530673, 1.4099441901e-07],
      [2.3484840124e-06, 4.5380888051e-06, 0.11111985982, 0.55554775244, 0.11110716475, 0.22221833643]
    ],
    [
      [0.27272724775, 6.5989783667e-09, 0.090909094031, 0.63636363728, 6.6633808059e-09, 7.668951684e-09],
      [1.1448816024e-08, 0.19999998929, 0.10000000537, 0.69999998356, 8.1933085114e-09, 2.1331808427e-09],
      [9.5335161597e-09, 0.10526316233, 0.21052630092, 0.68421051829, 1.2611283469e-09, 7.6663546387e-09],
      [0.028776977821, 0.05755395513, 0.14388489278, 0.74100719792, 0.014388488268, 0.014388488078],
      [4.6683021146e-09, 1.0334556038e-08, 0.090909096244, 0.81818179165, 0.090909095124, 1.9779518483e-09],
      [9.5990379288e-10, 6.6752355254e-09, 0.090909094485, 0.63636364431, 0.090909082285, 0.18181817128]
    ],
    [
      [0.24996179561, 1.3807810267e-05, 0.16666589341, 0.58334610833, 1.2394832405e-05, 0],
      [1.4115899973e-06, 0.23074471763, 0.1538364337, 0.61540630065, 1.1136436786e-05, 0],
      [0.046514866119, 0.069770630154, 0.23257372911, 0.62788225459, 0.023258520029, 0],
      [0.042372954343, 0.067796824946, 0.2288028018, 0.63560509035, 0.025422328562, 0],
      [1.093270729e-05, 0.071427281266, 0.14287103139, 0.78568963037, 1.1242700134e-06, 0],
      [1.546538444e-05, 9.5546107475e-07, 0.11117113754, 0.66661915085, 0.22219329077, 0]
    ],
    [
      [0.11538461538, 0.11538461538, 0.19230769231, 0.57692307692, 5.1021995498e-34, 3.2374775586e-30],
      [0.021428571429, 0.11428571429, 0.21428571429, 0.6, 0.028571428571, 0.021428571429],
      [0.024096385542, 0.10240963855, 0.22289156627, 0.60240963855, 0.024096385542, 0.024096385542],
      [0.023498694517, 0.10313315927, 0.21540469974, 0.60574412533, 0.028720626632, 0.023498694517],
      [0.016393442623, 0.098360655738, 0.2131147541, 0.59016393443, 0.065573770492, 0.016393442623],
      [0.018181818182, 0.090909090909, 0.2, 0.6, 0.018181818182, 0.072727272727]
    ],
    [
      [0.083333333333, 0.055555555556, 0.41666666667, 0.38888888889, 0.027777777778, 0.027777777778],
      [0.040816326531, 0.10204081633, 0.42857142857, 0.38775510204, 0.020408163265, 0.020408163265],
      [0.0390625, 0.0546875, 0.44921875, 0.390625, 0.03125, 0.03515625],
      [0.042402826855, 0.056537102473, 0.44169611307, 0.39222614841, 0.031802120141, 0.035335689046],
      [0.038461538462, 0.038461538462, 0.42307692308, 0.40384615385, 0.076923076923, 0.019230769231],
      [0.037037037037, 0.037037037037, 0.40740740741, 0.37037037037, 0.037037037037, 0.11111111111]
    ],
    [
      [0.14285714286, 0.095238095238, 0.33333333333, 0.42857142857, 9.0967688392e-26, 6.1639126479e-26],
      [0.030303030303, 0.10606060606, 0.37878787879, 0.42424242424, 0.030303030303, 0.030303030303],
      [0.027472527473, 0.087912087912, 0.37912087912, 0.43956043956, 0.032967032967, 0.032967032967],
      [0.032467532468, 0.087662337662, 0.36363636364, 0.44480519481, 0.035714285714, 0.035714285714],
      [0.03125, 0.078125, 0.359375, 0.4375, 0.0625, 0.03125],
      [2.2755159877e-24, 0.074074074074, 0.33333333333, 0.40740740741, 0.037037037037, 0.14814814815]
    ],
    [
      [0.25, 0.083333333333, 0.33333333333, 0.33333333333, 6.7516374812e-19, 8.0576530815e-19],
      [0.037037037037, 0.14814814815, 0.38888888889, 0.38888888889, 0.018518518519, 0.018518518519],
      [0.040540540541, 0.094594594595, 0.39864864865, 0.40540540541, 0.027027027027, 0.033783783784],
      [0.039603960396, 0.094059405941, 0.38613861386, 0.42079207921, 0.024752475248, 0.034653465347],
      [0.026315789474, 0.078947368421, 0.36842105263, 0.39473684211, 0.10526315789, 0.026315789474],
      [0.04347826087, 0.086956521739, 0.34782608696, 0.39130434783, 1.1134866917e-18, 0.13043478261]
    ],
    [
      [0.125, 0.0625, 0.21875, 0.5625, 2.2654141316e-24, 0.03125],
      [0.057692307692, 0.11538461538, 0.23076923077, 0.55769230769, 2.2301329972e-21, 0.038461538462],
      [0.044943820225, 0.10112359551, 0.23595505618, 0.56179775281, 0.011235955056, 0.044943820225],
      [0.051515151515, 0.084848484848, 0.23939393939, 0.56666666667, 0.012121212121, 0.045454545455],
      [0.03125, 0.0625, 0.21875, 0.5625, 0.09375, 0.03125],
      [3.4334069537e-21, 0.058823529412, 0.23529411765, 0.52941176471, 6.790106446e-21, 0.17647058824]
    ],
    [
      [0.49999763553, 7.7672991368e-07, 0.33333346528, 0.16666734031, 2.0052754898e-09, 7.8013271551e-07],
      [0.04000037006, 0.19999929944, 0.44000049695, 0.24000017013, 0.039999834166, 0.039999829261],
      [0.018518442926, 0.14814798228, 0.48148152991, 0.24074078719, 0.055555633391, 0.055555624304],
      [0.022222406512, 0.13333360391, 0.4666667094, 0.28888816513, 0.044444576927, 0.044444538121],
      [3.6471751783e-08, 0.10526315297, 0.42105243499, 0.21052680857, 0.21052601118, 0.052631555816],
      [1.4912084564e-09, 0.095238558491, 0.42857076103, 0.23809582871, 0.047619036023, 0.19047581425]
    ],
    [
      [0.076923076923, 0.076923076923, 0.30769230769, 0.47435897436, 0.025641025641, 0.038461538462],
      [0.063829787234, 0.085106382979, 0.3085106383, 0.47340425532, 0.026595744681, 0.042553191489],
      [0.057736720554, 0.076212471132, 0.31408775982, 0.47806004619, 0.030023094688, 0.043879907621],
      [0.058177826564, 0.076838638858, 0.30954994512, 0.48079034029, 0.030735455543, 0.043907793633],
      [0.056603773585, 0.075471698113, 0.30188679245, 0.48113207547, 0.047169811321, 0.037735849057],
      [0.054794520548, 0.068493150685, 0.30136986301, 0.46575342466, 0.027397260274, 0.082191780822]
    ],
    [
      [0.18181818182, 0.090909090909, 0.45454545455, 0.27272727273, 1.6717656269e-17, 3.5134798401e-15],
      [0.037037037037, 0.14814814815, 0.46296296296, 0.27777777778, 0.037037037037, 0.037037037037],
      [0.022727272727, 0.125, 0.48863636364, 0.27840909091, 0.051136363636, 0.034090909091],
      [0.025, 0.11666666667, 0.48333333333, 0.29166666667, 0.05, 0.033333333333],
      [0.018518518519, 0.11111111111, 0.46296296296, 0.2962962963, 0.074074074074, 0.037037037037],
      [6.6002981603e-18, 0.066666666667, 0.46666666667, 0.26666666667, 0.066666666667, 0.13333333333]
    ],
    [
      [0.094339622642, 0.075471698113, 0.37735849057, 0.39622641509, 0.018867924528, 0.037735849057],
      [0.042372881356, 0.10169491525, 0.38983050847, 0.39830508475, 0.016949152542, 0.050847457627],
      [0.049132947977, 0.078034682081, 0.38728323699, 0.41040462428, 0.023121387283, 0.052023121387],
      [0.049701789264, 0.079522862823, 0.38369781312, 0.40755467197, 0.025844930417, 0.053677932406],
      [0.049504950495, 0.079207920792, 0.37623762376, 0.39603960396, 0.039603960396, 0.059405940594],
      [0.044444444444, 0.066666666667, 0.37777777778, 0.4, 0.022222222222, 0.088888888889]
    ],
    [
      [0.10526315789, 0.052631578947, 0.26315789474, 0.52631578947, 8.9332092777e-26, 0.052631578947],
      [0.055555555556, 0.092592592593, 0.25925925926, 0.51851851852, 0.018518518519, 0.055555555556],
      [0.036144578313, 0.078313253012, 0.27710843373, 0.52409638554, 0.030120481928, 0.05421686747],
      [0.035, 0.0675, 0.28, 0.5275, 0.0325, 0.0575],
      [0.027777777778, 0.055555555556, 0.26388888889, 0.54166666667, 0.055555555556, 0.055555555556],
      [3.7588326798e-27, 0.041666666667, 0.25, 0.5, 0.041666666667, 0.16666666667]
    ],
    [
      [0.06, 0.12, 0.34, 0.42, 0.02, 0.04],
      [0.032608695652, 0.092391304348, 0.36413043478, 0.4347826087, 0.032608695652, 0.04347826087],
      [0.036458333333, 0.088541666667, 0.3515625, 0.4453125, 0.033854166667, 0.044270833333],
      [0.036535859269, 0.090663058187, 0.35182679296, 0.4397834912, 0.035182679296, 0.04600811908],
      [0.036764705882, 0.088235294118, 0.34558823529, 0.43382352941, 0.051470588235, 0.044117647059],
      [0.036144578313, 0.084337349398, 0.34939759036, 0.43373493976, 0.024096385542, 0.072289156627]
    ],
    [
      [0.17391304348, 0.04347826087, 0.34782608696, 0.39130434783, 8.3580702701e-27, 0.04347826087],
      [0.036363636364, 0.12727272727, 0.38181818182, 0.4, 0.018181818182, 0.036363636364],
      [0.038674033149, 0.07182320442, 0.39779005525, 0.40883977901, 0.033149171271, 0.049723756906],
      [0.039568345324, 0.075539568345, 0.38129496403, 0.42086330935, 0.032374100719, 0.05035971223],
      [0.033898305085, 0.067796610169, 0.37288135593, 0.40677966102, 0.067796610169, 0.050847457627],
      [3.8394081906e-26, 0.04347826087, 0.34782608696, 0.39130434783, 0.086956521739, 0.13043478261]
    ],
    [
      [0.18181818182, 0.045454545455, 0.40909090909, 0.36363636364, 3.3439794897e-22, 3.2160887918e-22],
      [0.029411764706, 0.11764705882, 0.41176470588, 0.38235294118, 0.029411764706, 0.029411764706],
      [0.032863849765, 0.070422535211, 0.42253521127, 0.3896713615, 0.042253521127, 0.042253521127],
      [0.03305785124, 0.070247933884, 0.4132231405, 0.39669421488, 0.045454545455, 0.04132231405],
      [0.035294117647, 0.070588235294, 0.41176470588, 0.37647058824, 0.070588235294, 0.035294117647],
      [1.6573069087e-23, 0.04347826087, 0.39130434783, 0.34782608696, 0.04347826087, 0.17391304348]
    ],
    [
      [0.37499504007, 4.3781433693e-08, 0.12500512213, 0.49999488942, 4.8596474327e-06, 4.49452984e-08],
      [5.1666686625e-06, 0.21428767852, 0.28570961911, 0.49999461847, 2.4179803735e-07, 2.6754405105e-06],
      [2.4153360526e-06, 0.062502753358, 0.37499666521, 0.49999337739, 1.4898761752e-07, 0.062504639717],
      [0.044774910382, 0.089551770536, 0.22388006625, 0.52239261176, 0.059700232189, 0.059700408889],
      [4.0801813665e-07, 0.071428542574, 0.2142879257, 0.49999478403, 0.1428571616, 0.071431178085],
      [3.6298374698e-07, 0.090905443167, 0.18182566488, 0.4545445658, 3.5940761423e-06, 0.2727203691]
    ],
    [
      [0.23076923077, 9.2201566316e-13, 0.15384615385, 0.61538461538, 1.9825660899e-17, 8.001803033e-15],
      [0.041666666667, 0.16666666667, 0.20833333333, 0.58333333333, 6.9210697717e-15, 9.936420952e-13],
      [0.029411764706, 0.044117647059, 0.26470588235, 0.61764705882, 0.029411764706, 0.014705882353],
      [0.04329004329, 0.051948051948, 0.22510822511, 0.62337662338, 0.038961038961, 0.017316017316],
      [0.032258064518, 0.032258064517, 0.22580645161, 0.6129032258, 0.096774193548, 1.1567526708e-12],
      [2.9698219719e-17, 0.05, 0.2, 0.6, 0.05, 0.099999999999]
    ],
    [
      [0.25240196303, 0.00023106868968, 0.0026298117832, 0.74467994845, 7.9255905215e-06, 4.9282461942e-05],
      [0.11300840582, 0.11434290902, 8.5366329657e-05, 0.76875564541, 0.0012042507347, 0.0026034226863],
      [0.015639188216, 0.45359692377, 0.010294205696, 0.52039213312, 2.92078897e-05, 4.8341308975e-05],
      [0.042001046236, 0.085078355472, 0.041362888217, 0.81668994468, 0.0003235047305, 0.014544260669],
      [0.00025266327978, 0.0067102588696, 0.0062449094483, 0.98073085256, 0.006033229057, 2.8086780442e-05],
      [7.7951798192e-05, 0.0081955021283, 0.0046108135679, 0.77663830457, 0.10402890543, 0.10644852251]
    ],
    [
      [0.3, 2.191957347e-13, 0.1, 0.6, 4.3839388371e-14, 4.3840621374e-14],
      [0.026315789474, 0.13157894737, 0.15789473684, 0.63157894737, 0.026315789474, 0.026315789474],
      [0.022727272727, 0.045454545455, 0.22727272727, 0.63636363636, 0.022727272727, 0.045454545455],
      [0.032490974729, 0.061371841155, 0.16606498195, 0.65703971119, 0.036101083032, 0.046931407942],
      [2.578795759e-14, 0.058823529412, 0.11764705882, 0.64705882353, 0.11764705882, 0.058823529412],
      [4.6146878739e-14, 0.052631578947, 0.15789473684, 0.63157894737, 2.6158290096e-18, 0.15789473684]
    ],
    [
      [0.14634146341, 0.048780487805, 0.26829268293, 0.51219512195, 0.024390243902, 2.0250684617e-22],
      [0.06976744186, 0.093023255814, 0.3023255814, 0.51162790698, 0.023255813953, 8.2656390498e-21],
      [0.072, 0.056, 0.304, 0.528, 0.032, 0.008],
      [0.075862068966, 0.058620689655, 0.28965517241, 0.5275862069, 0.037931034483, 0.010344827586],
      [0.064516129032, 0.048387096774, 0.29032258065, 0.51612903226, 0.08064516129, 5.666122893e-21],
      [0.058823529412, 0.058823529412, 0.23529411765, 0.47058823529, 0.058823529412, 0.11764705882]
    ],
    [
      [0.088235294118, 0.058823529412, 0.29411764706, 0.52941176471, 0.029411764706, 1.7145844913e-23],
      [0.065573770492, 0.065573770492, 0.29508196721, 0.52459016393, 0.032786885246, 0.016393442623],
      [0.050279329609, 0.067039106145, 0.30167597765, 0.53072625698, 0.033519553073, 0.016759776536],
      [0.051851851852, 0.056790123457, 0.2962962963, 0.54074074074, 0.034567901235, 0.01975308642],
      [0.040540540541, 0.054054054054, 0.28378378378, 0.54054054054, 0.054054054054, 0.027027027027],
      [0.047619047619, 0.047619047619, 0.28571428571, 0.52380952381, 0.02380952381, 0.071428571429]
    ],
    [
      [0.39995803642, 3.1348348772e-07, 0.20004078268, 0.39998153282, 1.6689933431e-07, 1.9167690813e-05],
      [0.052625815204, 0.15787925566, 0.26317203664, 0.52631736933, 3.2208774418e-07, 5.201074244e-06],
      [0.03125443094, 0.062497110859, 0.34374541923, 0.56249903141, 3.0675722113e-07, 3.7008076498e-06],
      [0.037038397143, 0.055557291119, 0.2777758316, 0.59259069665, 0.018520169729, 0.01851761376],
      [1.1066529122e-06, 0.055561130003, 0.22220936617, 0.61112863513, 0.11109937493, 3.8711436958e-07],
      [1.5325393008e-06, 1.3892366532e-05, 0.14287365308, 0.57142609185, 2.307147697e-06, 0.28568252302]
    ],
    [
      [0.2999999996, 1.3978474529e-10, 2.5994107682e-10, 0.6999999995, 1.8382095437e-10, 3.2343485897e-10],
      [1.232635532e-11, 0.28571428566, 3.1123047258e-10, 0.71428571389, 1.1423175547e-10, 1.5452421162e-11],
      [0.07692307705, 0.076923076993, 0.15384615389, 0.6923076918, 1.2356515627e-11, 2.5176922494e-10],
      [0.078014184357, 0.056737588622, 0.085106382923, 0.73758865264, 0.021276595747, 0.02127659571],
      [4.8809013416e-10, 2.7890252666e-10, 2.625033457e-10, 0.8749999991, 0.12499999985, 1.8311732684e-11],
      [6.6951965304e-10, 3.2883203503e-11, 7.1523339041e-11, 0.66666666652, 0.16666666635, 0.16666666635]
    ],
    [
      [0.22222214581, 4.5102030358e-09, 0.11111118119, 0.66666666622, 3.9839274987e-11, 2.232023194e-09],
      [0.07142856989, 0.14285714109, 0.071428548742, 0.71428573736, 2.8782353808e-09, 3.5051127663e-11],
      [1.1427252846e-11, 0.074074060761, 0.18518518732, 0.74074069163, 2.4042179065e-08, 3.6229944872e-08],
      [0.024242422277, 0.042424242285, 0.14545453319, 0.75757577629, 0.012121210008, 0.018181815947],
      [4.0521288053e-08, 5.2936929217e-09, 0.12500008422, 0.87499986939, 5.7250312802e-10, 4.8972115929e-12],
      [3.5454427331e-08, 1.6208902391e-08, 0.10000004894, 0.74999994818, 0.049999982714, 0.099999968495]
    ],
    [
      [0.17647058839, 0.11764705876, 0.17647058817, 0.52941176464, 3.1817028483e-11, 2.7342327556e-13],
      [0.055555555615, 0.11111111111, 0.27777777775, 0.55555555547, 3.0032956037e-11, 3.0411033372e-11],
      [0.068965517251, 0.068965517251, 0.24137931025, 0.56896551731, 0.017241379329, 0.034482758611],
      [0.073863636336, 0.073863636364, 0.22159090912, 0.56818181819, 0.028409090906, 0.034090909085],
      [0.04761904762, 0.047619047645, 0.19047619053, 0.52380952381, 0.19047619037, 2.5981697186e-11],
      [0.047619047645, 0.047619047619, 0.19047619053, 0.52380952368, 2.6158366109e-11, 0.1904761905]
    ],
    [
      [0.22222371295, 1.6242731856e-06, 0.11110962024, 0.66666153304, 1.7556565098e-06, 1.7538396186e-06],
      [0.19999684174, 0.19999731152, 2.386161027e-07, 0.60000268625, 2.9212172227e-06, 6.5562868858e-10],
      [1.0815786422e-09, 0.099999270971, 0.1999985379, 0.70000218851, 2.4755862171e-10, 1.288982717e-09],
      [0.030302799928, 0.060606162029, 0.13636374696, 0.72727288324, 0.015151523936, 0.030302883906],
      [2.3677835443e-07, 1.1900651318e-07, 0.10000292191, 0.69999830215, 0.19999684092, 1.5792392859e-06],
      [1.7879325234e-06, 0.05882346039, 0.11764692052, 0.70588149364, 1.1361178085e-09, 0.11764633638]
    ],
    [
      [0.17775472673, 0.18345466334, 0.019910415944, 0.61750407821, 0, 0.0013761157815],
      [0.0052184808967, 0.18528890835, 0.099069715656, 0.70073702125, 0, 0.0096858738457],
      [0.0074855709274, 0.0061416947319, 0.30491726114, 0.67030701241, 0, 0.011148460787],
      [0.011775120567, 0.060532862163, 0.12295014113, 0.75606631394, 0, 0.048675562196],
      [0.0032152768587, 0.031239075549, 0.013733901161, 0.7995348843, 0, 0.15227686213],
      [0.006819871368, 0.023433196516, 0.0011804336876, 0.077699235754, 0, 0.89086726268]
    ],
    [
      [0.18518518519, 0.074074074075, 0.25925925926, 0.48148148148, 4.3790989044e-15, 4.5679247396e-16],
      [0.06, 0.14, 0.28, 0.5, 0.02, 1.1600391714e-18],
      [0.066666666667, 0.11428571429, 0.29523809524, 0.50476190476, 0.019047619048, 7.2365830333e-14],
      [0.067632850241, 0.096618357488, 0.28985507246, 0.51690821256, 0.024154589372, 0.0048309178744],
      [0.052631578948, 0.078947368421, 0.26315789474, 0.52631578947, 0.078947368421, 3.0202980726e-15],
      [0.052631578947, 0.052631578948, 0.26315789474, 0.47368421053, 0.052631578947, 0.10526315789]
    ],
    [
      [0.19047619048, 0.047619047619, 0.33333333333, 0.42857142857, 6.083791215e-15, 6.1069471781e-15],
      [0.023255813953, 0.13953488372, 0.37209302326, 0.44186046512, 0.023255813953, 3.0243966041e-15],
      [0.045454545455, 0.098484848485, 0.37121212121, 0.44696969697, 0.030303030303, 0.0075757575758],
      [0.040229885057, 0.086206896552, 0.38505747126, 0.45402298851, 0.028735632184, 0.0057471264368],
      [0.034482758621, 0.068965517241, 0.34482758621, 0.44827586207, 0.10344827586, 4.4049567792e-15],
      [7.9665319246e-15, 0.052631578947, 0.36842105263, 0.42105263158, 0.052631578947, 0.10526315789]
    ],
    [
      [0.125, 0.041666666667, 0.25, 0.54166666667, 0.041666666667, 1.9504444309e-19],
      [0.04347826087, 0.10869565217, 0.23913043478, 0.5652173913, 0.04347826087, 5.825471455e-19],
      [0.032786885246, 0.073770491803, 0.27049180328, 0.5737704918, 0.040983606557, 0.0081967213115],
      [0.039087947883, 0.074918566775, 0.25081433225, 0.58306188925, 0.045602605863, 0.0065146579805],
      [0.037037037037, 0.074074074074, 0.22222222222, 0.55555555556, 0.11111111111, 1.6769549989e-19],
      [1.4838507307e-18, 0.055555555556, 0.22222222222, 0.55555555556, 0.055555555556, 0.11111111111]
    ],
    [
      [0.16666666667, 0.055555555556, 0.22222222222, 0.55555555556, 1.6109253445e-15, 3.1396952827e-15],
      [0.05, 0.1, 0.225, 0.6, 0.025, 7.8420037185e-20],
      [0.027272727273, 0.081818181818, 0.23636363636, 0.60909090909, 0.036363636364, 0.0090909090909],
      [0.029508196721, 0.072131147541, 0.23278688525, 0.6131147541, 0.039344262295, 0.013114754098],
      [1.2741844727e-17, 0.066666666667, 0.2, 0.66666666667, 0.066666666667, 9.9120160159e-16],
      [1.0868176651e-15, 0.038461538462, 0.19230769231, 0.57692307692, 0.11538461538, 0.076923076923]
    ],
    [
      [0.1, 0.066666666667, 0.23333333333, 0.58333333333, 0.016666666667, 2.2415305235e-23],
      [0.041095890411, 0.1095890411, 0.23287671233, 0.58904109589, 0.027397260274, 9.2117689118e-24],
      [0.051162790698, 0.06511627907, 0.2511627907, 0.59534883721, 0.027906976744, 0.0093023255814],
      [0.053726169844, 0.069324090121, 0.23743500867, 0.5979202773, 0.031195840555, 0.010398613518],
      [0.042253521127, 0.056338028169, 0.22535211268, 0.59154929577, 0.070422535211, 0.014084507042],
      [0.051282051282, 0.051282051282, 0.23076923077, 0.58974358974, 0.025641025641, 0.051282051282]
    ],
    [
      [0.24980453326, 1.9642387511e-05, 0.00019627396757, 0.7497837677, 1.5336242283e-05, 0.00018044644196],
      [8.6494756442e-07, 0.33304495951, 0.0002715788314, 0.66668127445, 1.1285484168e-06, 1.9371371119e-07],
      [0.00027301015582, 2.4161635611e-06, 0.33307435023, 0.66664954764, 3.317521709e-07, 3.4406524403e-07],
      [0.02856368077, 0.019053701265, 0.057127103948, 0.85716157968, 0.028569586563, 0.0095243477715],
      [0.00015456377285, 7.2964183104e-07, 1.1559585753e-05, 0.79982360556, 0.20000902966, 5.1177432481e-07],
      [1.8837449558e-07, 2.7404486773e-05, 0.00015468089734, 0.7999577137, 1.6507336817e-05, 0.1998435052]
    ],
    [
      [0.99974434899, 0.00019360542799, 1.4483392553e-05, 4.0518970197e-05, 2.9843857794e-07, 6.7447767869e-06],
      [0.14282353511, 1.1979588112e-05, 0.14291819393, 0.71423915589, 4.5503961217e-06, 2.5850760066e-06],
      [1.2520818769e-06, 0.083315839601, 0.20836751816, 0.70828364582, 1.928978968e-05, 1.2454544922e-05],
      [0.022730608103, 0.037876267631, 0.16665453589, 0.73486225489, 0.015151367224, 0.022724966254],
      [2.128054825e-06, 1.1716887012e-05, 2.0510098144e-05, 0.66664981331, 0.33324834434, 6.7487308762e-05],
      [1.2910477464e-06, 3.9991738668e-05, 0.090934314078, 0.63633734583, 0.090889035199, 0.18179802211]
    ],
    [
      [0.11538461538, 0.038461538462, 0.40384615385, 0.42307692308, 0.019230769231, 2.957218986e-24],
      [0.071428571429, 0.085714285714, 0.41428571429, 0.41428571429, 0.014285714286, 2.1967912299e-24],
      [0.069958847737, 0.049382716049, 0.42386831276, 0.42386831276, 0.024691358025, 0.0082304526749],
      [0.070866141732, 0.049868766404, 0.41469816273, 0.43307086614, 0.023622047244, 0.007874015748],
      [0.066115702479, 0.04958677686, 0.4132231405, 0.42148760331, 0.04132231405, 0.0082644628099],
      [0.048780487805, 0.048780487805, 0.41463414634, 0.41463414634, 0.024390243902, 0.048780487805]
    ],
    [
      [0.054545454545, 0.072727272727, 0.28181818182, 0.53636363636, 0.036363636364, 0.018181818182],
      [0.041666666667, 0.080128205128, 0.28525641026, 0.53846153846, 0.035256410256, 0.019230769231],
      [0.04016064257, 0.072289156627, 0.28781793842, 0.5421686747, 0.036144578313, 0.021419009371],
      [0.040481400438, 0.073304157549, 0.28555798687, 0.54157549234, 0.037746170678, 0.021334792123],
      [0.040540540541, 0.072072072072, 0.28378378378, 0.54054054054, 0.045045045045, 0.018018018018],
      [0.040229885057, 0.068965517241, 0.2816091954, 0.54022988506, 0.034482758621, 0.034482758621]
    ],
    [
      [0.22222222222, 8.1218417332e-13, 0.33333333333, 0.44444444444, 4.2613995891e-16, 7.8308653557e-17],
      [0.037735849057, 0.11320754717, 0.32075471698, 0.49056603774, 0.018867924528, 0.018867924528],
      [0.016949152542, 0.10169491525, 0.33898305085, 0.49152542373, 0.025423728814, 0.025423728814],
      [0.019512195122, 0.092682926829, 0.33658536585, 0.50243902439, 0.024390243902, 0.024390243902],
      [3.0340514262e-13, 0.09375, 0.3125, 0.5, 0.09375, 1.4525915777e-15],
      [6.6046450016e-16, 0.066666666667, 0.33333333333, 0.46666666667, 0.033333333333, 0.1]
    ],
    [
      [0.093023255814, 0.11627906977, 0.27906976744, 0.48837209302, 1.9288936439e-41, 0.023255813953],
      [0.030434782609, 0.15217391304, 0.28695652174, 0.48695652174, 0.017391304348, 0.026086956522],
      [0.033766233766, 0.13506493506, 0.29350649351, 0.49090909091, 0.020779220779, 0.025974025974],
      [0.033962264151, 0.1358490566, 0.2893081761, 0.49308176101, 0.021383647799, 0.02641509434],
      [0.031578947368, 0.12631578947, 0.28421052632, 0.49473684211, 0.042105263158, 0.021052631579],
