{
  "X": [
    [25, 27, 48],
    [43, 17, 40],
    [38, 21, 41],
    [34, 25, 41],
    [36, 21, 43],
    [39, 26, 35],
    [41, 22, 37],
    [37, 23, 40],
    [56, 23, 21],
    [54, 22, 24],
    [38, 34, 28],
    [48, 30, 22],
    [52, 26, 22],
    [56, 26, 18],
    [53, 26, 21],
    [41, 36, 23],
    [34, 27, 39],
    [14, 27, 59],
    [18, 26, 56],
    [14, 36, 50],
    [14, 25, 61],
    [19, 32, 49],
    [18, 25, 57],
    [16, 28, 56],
    [26, 22, 52],
    [32, 39, 29],
    [36, 37, 27],
    [26, 40, 34],
    [30, 41, 29],
    [29, 39, 32],
    [34, 35, 31],
    [27, 44, 29],
    [35, 44, 21],
    [30, 34, 36],
    [30, 29, 41],
    [24, 23, 53],
    [26, 33, 41],
    [24, 30, 46],
    [22, 28, 50],
    [23, 29, 48],
    [28, 24, 48],
    [19, 35, 46],
    [16, 48, 36],
    [31, 43, 26],
    [28, 52, 20],
    [19, 51, 30],
    [24, 59, 17],
    [24, 44, 32],
    [16, 53, 31],
    [27, 46, 27]
  ],
  "W": [
    [58, 6, 10, 9, 11, 6],
    [55, 9, 10, 9, 7, 10],
    [60, 8, 11, 9, 7, 5],
    [56, 9, 10, 10, 6, 9],
    [58, 8, 5, 10, 7, 12],
    [50, 12, 12, 11, 11, 4],
    [65, 9, 7, 7, 5, 7],
    [52, 7, 12, 6, 11, 12],
    [29, 41, 7, 10, 4, 9],
    [4, 56, 9, 10, 12, 9],
    [14, 48, 10, 14, 10, 4],
    [11, 58, 7, 10, 9, 5],
    [10, 56, 5, 11, 9, 9],
    [9, 59, 7, 6, 8, 11],
    [8, 59, 6, 8, 12, 7],
    [7, 57, 13, 6, 4, 13],
    [11, 42, 22, 12, 6, 7],
    [8, 7, 67, 10, 4, 4],
    [6, 12, 59, 4, 8, 11],
    [12, 8, 54, 7, 11, 8],
    [5, 9, 64, 9, 6, 7],
    [11, 7, 53, 8, 9, 12],
    [12, 7, 62, 12, 2, 5],
    [6, 10, 66, 6, 6, 6],
    [12, 14, 44, 7, 12, 11],
    [3, 11, 9, 60, 7, 10],
    [10, 7, 6, 64, 7, 6],
    [9, 6, 14, 56, 6, 9],
    [9, 6, 9, 52, 13, 11],
    [5, 8, 9, 61, 11, 6],
    [11, 10, 11, 54, 6, 8],
    [8, 11, 11, 52, 7, 11],
    [6, 12, 4, 60, 11, 7],
    [10, 5, 6, 35, 37, 7],
    [7, 18, 5, 9, 55, 6],
    [12, 5, 11, 7, 59, 6],
    [7, 9, 9, 6, 64, 5],
    [5, 8, 8, 7, 60, 12],
    [8, 6, 8, 9, 64, 5],
    [10, 9, 6, 6, 62, 7],
    [10, 13, 9, 6, 53, 9],
    [5, 9, 8, 8, 45, 25],
    [9, 8, 6, 7, 8, 62],
    [11, 12, 6, 7, 6, 58],
    [7, 7, 9, 6, 11, 60],
    [10, 9, 9, 4, 12, 56],
    [8, 11, 3, 9, 11, 58],
    [9, 7, 6, 8, 13, 57],
    [8, 5, 11, 10, 5, 61],
    [8, 4, 8, 9, 3, 68]
  ],
  "method": "mvn_pdf",
  "cond_prob": [
    [
      [0.30848145733, 0.16770980009, 0.52380874258],
      [0.55762096157, 0.34455001836, 0.09782902007],
      [0.014468198949, 0.24682832895, 0.7387034721],
      [0.20523137789, 0.57590783549, 0.21886078663],
      [0.10887783212, 0.29669075605, 0.59443141183],
      [0.095488193592, 0.71507989323, 0.18943191318]
    ],
    [
      [0.50795006688, 0.075145200039, 0.41690473308],
      [0.78298774584, 0.14815782988, 0.06885442428],
      [0.034826709907, 0.16502231741, 0.80015097268],
      [0.41951242383, 0.35939452676, 0.22109304941],
      [0.22172614565, 0.18388485976, 0.5943889946],
      [0.23398946762, 0.53616255957, 0.22984797281]
    ],
    [
      [0.45044491445, 0.12484552876, 0.42470955679],
      [0.70336138036, 0.22555413281, 0.071084486832],
      [0.02781632393, 0.22388952414, 0.74829415193],
      [0.32673324812, 0.47281416313, 0.20045258875],
      [0.18097471394, 0.25298395434, 0.56604133172],
      [0.16660245922, 0.64316705962, 0.19023048116]
    ],
    [
      [0.40647549844, 0.13723645965, 0.45628804191],
      [0.66070368218, 0.25995328744, 0.079343030379],
      [0.023362243277, 0.23021600779, 0.74642174894],
      [0.28541255383, 0.50657773515, 0.20800971102],
      [0.15558141761, 0.26640338978, 0.57801519261],
      [0.14108916346, 0.66764676715, 0.19126406939]
    ],
    [
      [0.41103640716, 0.10047378093, 0.48848981191],
      [0.70527492461, 0.20435278804, 0.090372287348],
      [0.023922368666, 0.1705956838, 0.80548194753],
      [0.32451712316, 0.42301057371, 0.25247230313],
      [0.16048345608, 0.20198393536, 0.63753260856],
      [0.16912681003, 0.58672722487, 0.24414596511]
    ],
    [
      [0.48214945372, 0.14997220324, 0.36787834304],
      [0.68935046817, 0.254094456, 0.056555075824],
      [0.031615157052, 0.28735692574, 0.68102791721],
      [0.31613780248, 0.52600429553, 0.15785790199],
      [0.19413997355, 0.31183767208, 0.49402235438],
      [0.15697106869, 0.69692790339, 0.14610102792]
    ],
    [
      [0.46363620002, 0.13393455881, 0.40242924117],
      [0.6998803438, 0.23494076104, 0.065178895154],
      [0.029376057879, 0.24617448169, 0.72444946043],
      [0.32477407626, 0.4918544278, 0.18337149594],
      [0.18738600972, 0.27375551845, 0.53885847183],
      [0.16410613098, 0.6635438385, 0.17235003052]
    ],
    [
      [0.48008131215, 0.11613721492, 0.40378147293],
      [0.73006161459, 0.20421004785, 0.065728337567],
      [0.031069204693, 0.21995330797, 0.74897748733],
      [0.35596045786, 0.44937564636, 0.19466389578],
      [0.19937075312, 0.24421045482, 0.55641879206],
      [0.18530574819, 0.62578215938, 0.18891209243]
    ],
    [
      [0.56936058504, 0.11042624575, 0.32021316921],
      [0.77726859692, 0.17759525408, 0.045136149006],
      [0.043723431222, 0.24604902514, 0.71022754364],
      [0.42150766999, 0.42453182127, 0.15396050874],
      [0.25951237288, 0.25328653931, 0.48720108781],
      [0.22903781668, 0.61504732337, 0.15591485995]
    ],
    [
      [0.49839127965, 0.089744365811, 0.41186435453],
      [0.77041383422, 0.15752952711, 0.072056638662],
      [0.033426875214, 0.17590277301, 0.79067035177],
      [0.4017811134, 0.38312710281, 0.2150917838],
      [0.21343745414, 0.19709611581, 0.58946643004],
      [0.22037307825, 0.55997996038, 0.21964696137]
    ],
    [
      [0.34743009256, 0.16240153145, 0.49016837599],
      [0.5857859724, 0.32154561651, 0.092668411094],
      [0.018316556747, 0.25178117339, 0.72990226986],
      [0.22643781136, 0.5667814772, 0.20678071143],
      [0.1237038853, 0.29889175262, 0.57740436208],
      [0.10697956239, 0.71262975659, 0.18039068102]
    ],
    [
      [0.42045727816, 0.1439991975, 0.43554352434],
      [0.65829625963, 0.26709915318, 0.074604587182],
      [0.024417177845, 0.2477400583, 0.72784276385],
      [0.28665805562, 0.52170696065, 0.19163498374],
      [0.16109924873, 0.28397557716, 0.55492517411],
      [0.14127856835, 0.68344554677, 0.17527588487]
    ],
    [
      [0.45382730503, 0.10945341334, 0.43671928162],
      [0.71886936221, 0.20552945951, 0.075601178281],
      [0.02786712197, 0.19871678523, 0.7734160928],
      [0.34495201509, 0.44062120709, 0.21442677782],
      [0.18351563674, 0.22760619524, 0.58887816803],
      [0.17995490661, 0.61188257474, 0.20816251864]
    ],
    [
      [0.5359496227, 0.11631493212, 0.34773544518],
      [0.75312554446, 0.19526148471, 0.051612970833],
      [0.03813646536, 0.24486629148, 0.71699724316],
      [0.38946281188, 0.44705274267, 0.16348444545],
      [0.23340880063, 0.26052260462, 0.50606859475],
      [0.20645852172, 0.63201606178, 0.1615254165]
    ],
    [
      [0.47915888446, 0.11864245961, 0.40219865593],
      [0.72110625602, 0.21304345947, 0.065850284504],
      [0.030617317212, 0.22490125102, 0.74448143177],
      [0.35042922726, 0.45947678692, 0.19009398581],
      [0.19681903251, 0.25113997097, 0.55204099653],
      [0.18178481535, 0.63462782302, 0.18358736163]
    ],
    [
      [0.3735050178, 0.16318227139, 0.46331271081],
      [0.60736526201, 0.30873999667, 0.083894741317],
      [0.020557420324, 0.26054427018, 0.71889830949],
      [0.24229715776, 0.5640844268, 0.19361841544],
      [0.13567819836, 0.30569124605, 0.55863055559],
      [0.11553097973, 0.71270747944, 0.17176154083]
    ],
    [
      [0.30572223923, 0.11135869594, 0.58291906483],
      [0.61659117321, 0.26657528924, 0.11683353755],
      [0.015422944951, 0.16309673344, 0.82148032161],
      [0.24227746115, 0.4615793234, 0.29614321544],
      [0.1088282254, 0.20116965842, 0.69000211617],
      [0.12008891695, 0.60639917565, 0.2735119074]
    ],
    [
      [0.42013878418, 0.13275561669, 0.44710559913],
      [0.67673128, 0.24772863734, 0.075540082656],
      [0.025694845762, 0.23147694534, 0.7428282089],
      [0.29549414554, 0.4987387947, 0.20576705976],
      [0.16017332012, 0.26455345058, 0.5752732293],
      [0.14614534114, 0.66232437957, 0.19153027929]
    ],
    [
      [0.45982206366, 0.11254134611, 0.42763659023],
      [0.72408733681, 0.20555814367, 0.070354519512],
      [0.029663216128, 0.20940188993, 0.76093489394],
      [0.3434117185, 0.44761733208, 0.20897094942],
      [0.18468578745, 0.2360436199, 0.57927059266],
      [0.17734151374, 0.62041130963, 0.20224717663]
    ],
    [
      [0.37276657712, 0.19502271929, 0.43221070359],
      [0.5733289601, 0.35479199253, 0.071879047376],
      [0.02176618839, 0.30516023869, 0.67307357292],
      [0.21715160622, 0.61726278565, 0.16558560814],
      [0.13141003, 0.36009470668, 0.50849526332],
      [0.099902955899, 0.75760715828, 0.14248988582]
    ],
    [
      [0.38840334283, 0.11662685185, 0.49496980532],
      [0.67563264653, 0.23448536775, 0.089881985721],
      [0.022733402253, 0.19311770826, 0.78414888949],
      [0.29162849096, 0.4660535965, 0.24231791254],
      [0.14585612589, 0.22840008299, 0.62574379112],
      [0.1460797927, 0.62601160515, 0.22790860215]
    ],
    [
      [0.49952477916, 0.13563521135, 0.36484000949],
      [0.71698177807, 0.22750444789, 0.055513774042],
      [0.03469386841, 0.26917954655, 0.69612658504],
      [0.34109999301, 0.49548799857, 0.16341200841],
      [0.20507059821, 0.29078194623, 0.50414745557],
      [0.17276205242, 0.67233533903, 0.15490260855]
    ],
    [
      [0.46688423215, 0.11333474507, 0.41978102278],
      [0.72656021801, 0.20462451389, 0.068815268099],
      [0.030149671326, 0.21348617114, 0.75636415753],
      [0.34730073401, 0.4486032003, 0.20409606569],
      [0.18873916972, 0.23869188102, 0.57256894926],
      [0.17942018367, 0.62216933714, 0.19841047919]
    ],
    [
      [0.46972128816, 0.13107260492, 0.39920610692],
      [0.70785082185, 0.22913461372, 0.063014564436],
      [0.030673054888, 0.2480034858, 0.72132345931],
      [0.32769532281, 0.48943349471, 0.18287118247],
      [0.18726685419, 0.27412315519, 0.53860999063],
      [0.16482822799, 0.66210804519, 0.17306372681]
    ],
    [
      [0.49708409105, 0.087954644434, 0.41496126452],
      [0.77110349668, 0.15980446873, 0.069092034585],
      [0.033703900087, 0.1719252909, 0.79437080902],
      [0.40094577349, 0.38068042785, 0.21837379866],
      [0.21168529437, 0.19580556992, 0.59250913571],
      [0.21906603664, 0.55710355193, 0.22383041143]
    ],
    [
      [0.43377544572, 0.11178974135, 0.45443481294],
      [0.70700782043, 0.21417425171, 0.07881792786],
      [0.026106339217, 0.19685258445, 0.77704107633],
      [0.32968534738, 0.44649145158, 0.22382320104],
      [0.17212386864, 0.22794825193, 0.59992787943],
      [0.17006426618, 0.6151915889, 0.21474414492]
    ],
    [
      [0.48443437829, 0.10972780393, 0.40583781779],
      [0.73712965824, 0.19677736293, 0.066092978834],
      [0.031535240324, 0.21136628008, 0.7570984796],
      [0.36312640223, 0.43641202228, 0.20046157549],
      [0.20186486224, 0.23545110091, 0.56268403685],
      [0.1922322315, 0.61309260127, 0.19467516723]
    ],
    [
      [0.39149894678, 0.12560539485, 0.48289565837],
      [0.66287878779, 0.25022604807, 0.086895164146],
      [0.021969051928, 0.20722833774, 0.77080261033],
      [0.2860020761, 0.48569102809, 0.22830689581],
      [0.14820372628, 0.24444739094, 0.60734888278],
      [0.14292571175, 0.64462405679, 0.21245023145]
    ],
    [
      [0.46609419591, 0.13147723997, 0.40242856412],
      [0.70173451468, 0.23352999999, 0.064735485327],
      [0.0296318788, 0.24511023564, 0.72525788556],
      [0.32803775329, 0.48837934048, 0.18358290623],
      [0.18792214824, 0.27289613739, 0.53918171437],
      [0.16610064921, 0.66055974805, 0.17333960274]
    ],
    [
      [0.40766090973, 0.11800402921, 0.47433506106],
      [0.68290529291, 0.23266893404, 0.084425773049],
      [0.023588124557, 0.19953544544, 0.77687643],
      [0.30534558527, 0.46566814894, 0.22898626579],
      [0.15747966893, 0.23409396879, 0.60842636228],
      [0.15463382124, 0.62866977172, 0.21669640704]
    ],
    [
      [0.45666972364, 0.10748470197, 0.43584557439],
      [0.72495245908, 0.2011339427, 0.073913598223],
      [0.028441083851, 0.19726684171, 0.77429207444],
      [0.34886435255, 0.43394055312, 0.21719509432],
      [0.1855946546, 0.22518649474, 0.58921885066],
      [0.18275169516, 0.60656059443, 0.21068771041]
    ],
    [
      [0.39884290772, 0.14744235705, 0.45371473522],
      [0.64187197656, 0.27982499537, 0.078303028074],
      [0.022414055277, 0.24597667292, 0.7316092718],
      [0.26935313884, 0.5285178784, 0.20212898276],
      [0.14961716957, 0.28502400202, 0.56535882841],
      [0.13167518011, 0.68714046378, 0.1811843561]
    ],
    [
      [0.49673465875, 0.145572494, 0.35769284725],
      [0.70324750528, 0.2431862639, 0.053566230828],
      [0.033272923796, 0.28583421989, 0.68089285631],
      [0.33386998179, 0.51439269321, 0.15173732499],
      [0.2042607348, 0.30762913868, 0.48811012652],
      [0.16692332837, 0.68821583878, 0.14486083285]
    ],
    [
      [0.49135320327, 0.12098621971, 0.38766057702],
      [0.72791070261, 0.21068409327, 0.061405204123],
      [0.032445577887, 0.2360878127, 0.73146660941],
      [0.35467954378, 0.4635591974, 0.18176125883],
      [0.20405161747, 0.25995164448, 0.53599673806],
      [0.18407815835, 0.63962967225, 0.1762921694]
    ],
    [
      [0.45688133186, 0.12735010872, 0.41576855942],
      [0.70199141153, 0.23042276705, 0.067585821423],
      [0.028487907303, 0.23407243174, 0.73743966096],
      [0.32552914695, 0.48180310067, 0.19266775237],
      [0.18366792814, 0.26439012341, 0.55194194845],
      [0.16534122709, 0.65214876328, 0.18251000963]
    ],
    [
      [0.4522093355, 0.10028777294, 0.44750289156],
      [0.73169528753, 0.19099637156, 0.077308340917],
      [0.028464224232, 0.18367822051, 0.78785755526],
      [0.35374899323, 0.4179781783, 0.22827282847],
      [0.186544275, 0.20954276971, 0.60391295529],
      [0.18659164875, 0.58870563002, 0.22470272122]
    ],
    [
      [0.49711150702, 0.15125383239, 0.35163466059],
      [0.69726197067, 0.25000584231, 0.052732187021],
      [0.033521088236, 0.29901701423, 0.66746189753],
      [0.32375272166, 0.52650704378, 0.14974023456],
      [0.20616607079, 0.31785010495, 0.47598382426],
      [0.16120541203, 0.69971369704, 0.13908089093]
    ],
    [
      [0.46177754319, 0.119440368, 0.41878208881],
      [0.71422134188, 0.21691120287, 0.068867455247],
      [0.029155860279, 0.22183610921, 0.74900803051],
      [0.33727491154, 0.4634660519, 0.19925903657],
      [0.18834641996, 0.25035211318, 0.56130146686],
      [0.1735320907, 0.63561920909, 0.19084870021]
    ],
    [
      [0.42593114006, 0.12553536335, 0.44853349659],
      [0.6857113817, 0.2373419485, 0.076946669803],
      [0.025403228076, 0.21953723081, 0.75505954112],
      [0.30754564861, 0.48160427932, 0.21085007207],
      [0.16769790283, 0.25385327924, 0.57844881793],
      [0.15489602923, 0.64686383415, 0.19824013663]
    ],
    [
      [0.41418177609, 0.13297109249, 0.45284713142],
      [0.66943417153, 0.25261724325, 0.077948585215],
      [0.024145505593, 0.22798106226, 0.74787343215],
      [0.29249332738, 0.49911182999, 0.20839484263],
      [0.15992179811, 0.26457626396, 0.57550193792],
      [0.14547003065, 0.66149259522, 0.19303737413]
    ],
    [
      [0.45255307891, 0.10010624047, 0.44734068062],
      [0.73257056822, 0.19041053189, 0.077018899886],
      [0.028387453895, 0.18322099194, 0.78839155416],
      [0.35452127307, 0.41728880867, 0.22818991825],
      [0.18644586138, 0.20905682019, 0.60449731843],
      [0.18742293861, 0.587874159, 0.22470290239]
    ],
    [
      [0.35854436148, 0.12313211341, 0.51832352511],
      [0.64275037879, 0.25886274999, 0.098386871221],
      [0.018871204514, 0.19399279081, 0.78713600468],
      [0.26609933656, 0.484127033, 0.24977363044],
      [0.13041641872, 0.23658472979, 0.63299885149],
      [0.1309608645, 0.63933213008, 0.22970700542]
    ],
    [
      [0.28133788805, 0.11496978895, 0.603692323],
      [0.58992151643, 0.27804055317, 0.1320379304],
      [0.012955294919, 0.16082593921, 0.82621876587],
      [0.22194866927, 0.47119357921, 0.30685775152],
      [0.097500438146, 0.2037019585, 0.69879760336],
      [0.1022130793, 0.62658098575, 0.27120593495]
    ],
    [
      [0.50763546385, 0.10104058306, 0.39132395308],
      [0.75954003057, 0.1774952464, 0.062964723028],
      [0.03414993485, 0.20332219822, 0.76252786693],
      [0.39118499654, 0.41272747024, 0.19608753322],
      [0.21714443929, 0.22361289293, 0.55924266778],
      [0.2078529019, 0.59151565157, 0.20063144653]
    ],
    [
      [0.59197276576, 0.13161112294, 0.27641611131],
      [0.76388789249, 0.19901254136, 0.037099566148],
      [0.047077569825, 0.31232963695, 0.64059279323],
      [0.40370691303, 0.47346960392, 0.12282348305],
      [0.26897309942, 0.30947424818, 0.4215526524],
      [0.21173886153, 0.6771605544, 0.11110058407]
    ],
    [
      [0.37990288795, 0.15306742534, 0.46702968671],
      [0.62313779242, 0.29509660986, 0.081765597717],
      [0.020534644943, 0.24843001121, 0.73103534385],
      [0.25386318968, 0.54361732952, 0.2025194808],
      [0.13915201214, 0.29012755905, 0.57072042881],
      [0.12004718357, 0.69502832375, 0.18492449268]
    ],
    [
      [0.47734623913, 0.187751547, 0.33490221387],
      [0.65110930496, 0.30196682114, 0.046923873895],
      [0.030839568638, 0.35459144741, 0.61456898395],
      [0.28260183508, 0.58964753971, 0.12775062521],
      [0.18716064948, 0.37799471531, 0.43484463521],
      [0.14352285115, 0.75254842282, 0.10392872604]
    ],
    [
      [0.43226050151, 0.10604774357, 0.46169175491],
      [0.71343148978, 0.20574503562, 0.080823474595],
      [0.026020474437, 0.18700527377, 0.78697425179],
      [0.3339447066, 0.43464118173, 0.23141411167],
      [0.17193670444, 0.21717229589, 0.61089099967],
      [0.1763645158, 0.59970094939, 0.2239345348]
    ],
    [
      [0.3492579925, 0.14292430079, 0.50781770671],
      [0.61247500342, 0.29326225869, 0.094262737895],
      [0.017551700947, 0.22155455004, 0.76089374902],
      [0.24306058773, 0.52729617018, 0.22964324208],
      [0.12573055926, 0.26528698698, 0.60898245376],
      [0.11297104359, 0.67793110841, 0.209097848]
    ],
    [
      [0.52309672172, 0.093610655601, 0.38329262268],
      [0.77681338882, 0.16256982347, 0.060616787712],
      [0.035778759591, 0.19368053664, 0.77054070377],
      [0.41247471147, 0.3903948034, 0.19713048513],
      [0.22843400563, 0.2112826675, 0.56028332687],
      [0.22094364962, 0.57211749905, 0.20693885133]
    ]
  ],
  "expected_outcome": [
    [
      [17.8919245252, 27.9372536782, 27.0266948672, 22.7626279125, 23.8401116153, 24.1074726862, 30.1363530013, 24.9642282318, 16.5114569663, 1.9935651186, 4.8640212958, 4.6250300597, 4.5382730503, 4.8235466043, 3.8332710757, 2.6145351246, 3.3629446315, 3.3611102735, 2.758932382, 4.4731989255, 1.9420167142, 5.4947725708, 5.6026107858, 2.818327729, 5.9650090926, 1.3013263371, 4.8443437829, 3.523490521, 4.1948477632, 2.0383045487, 5.0233669601, 3.1907432618, 2.9804079525, 4.9135320327, 3.198169323, 5.426512026, 3.4797805491, 2.3088877159, 3.4074491205, 4.1418177609, 4.5255307891, 1.7927218074, 2.5320409924, 5.5839901024, 4.1438093603, 3.7990288795, 3.818769913, 3.8903445136, 2.79406394, 4.1847737737],
      [9.727168405, 4.1329860022, 7.4907317253, 7.6852417406, 5.8274792937, 7.4986101618, 8.7057463225, 6.0391351756, 3.2023611266, 0.35897746324, 2.2736214403, 1.5839911725, 1.0945341334, 1.0468343891, 0.94913967684, 1.1422758997, 1.2249456553, 1.0620449335, 0.67524807666, 2.3402726314, 0.58313425923, 1.4919873248, 1.3600169408, 0.78643562952, 1.0554557332, 0.33536922405, 1.0972780393, 1.1304485537, 1.1832951597, 0.59002014603, 1.1823317217, 1.1795388564, 0.873434964, 1.2098621971, 0.89145076107, 1.2034532753, 1.0587768267, 0.59720183999, 1.0042829068, 1.3297109249, 1.0010624047, 0.61566056707, 1.0347281006, 1.1114464137, 0.92127786055, 1.5306742534, 1.502012376, 0.95442969215, 1.1433944063, 0.74888524481],
      [30.3809070697, 22.9297603196, 25.4825734075, 25.5521303469, 28.332409091, 18.3939171519, 26.1579006762, 20.9966365925, 9.2861819071, 1.6474574181, 6.8623572639, 4.7909787678, 4.3671928162, 3.1296190066, 3.2175892475, 3.2431889757, 6.4121097132, 3.576844793, 2.5658195414, 5.1865284431, 2.4748490266, 4.0132401044, 5.0373722734, 2.3952366415, 4.9795351742, 1.3633044388, 4.0583781779, 4.3460609253, 3.6218570771, 2.3716753053, 4.7943013183, 3.6297178818, 2.1461570835, 3.8766057702, 2.9103799159, 5.3700346988, 2.4614426241, 2.0939104441, 3.5882679727, 4.5284713142, 4.4734068062, 2.5916176255, 5.433230907, 4.3045634839, 1.9349127791, 4.6702968671, 2.679217711, 4.1552257942, 4.0625416537, 3.0663409815]
    ],
    [
      [3.3457257694, 7.0468897125, 5.6268910428, 5.9463331396, 5.6421993969, 8.2722056181, 6.2989230942, 5.1104313021, 31.8680124737, 43.1431747166, 28.1177266751, 38.1811830588, 40.2566842837, 44.4344071229, 42.5452691054, 34.6198199347, 25.8968292747, 4.73711896, 8.6890480418, 4.5866316808, 6.0806938188, 5.0188724465, 5.0859215261, 7.0785082185, 10.7954489536, 7.7770860248, 5.1599076077, 3.9772727267, 4.2104070881, 5.4632423433, 7.2495245908, 7.0605917422, 8.4389700633, 3.639553513, 12.6358454075, 3.6584764376, 6.275357736, 5.713770735, 4.1142682902, 6.0249075438, 9.5234173869, 5.7847534091, 4.7193721314, 9.1144803669, 5.3472152474, 5.6082401318, 7.1622023546, 4.9940204285, 3.0623750171, 3.1072535553],
      [2.0673001102, 1.3334204689, 1.8044330625, 2.339579587, 1.6348223043, 3.049133472, 2.1144668494, 1.4294703349, 7.2814054171, 8.8216535184, 15.4341895924, 15.4917508846, 11.5096497326, 11.520427598, 12.5695641089, 17.5981798102, 11.1961621481, 1.7341004614, 2.4666977241, 2.8383359402, 2.1103683097, 1.5925311352, 1.4323715972, 2.2913461372, 2.2372625622, 2.3559167688, 1.3774415405, 1.5013562884, 1.4011799999, 1.8613514723, 2.011339427, 3.078074949, 2.9182351668, 1.0534204664, 4.1476098069, 0.95498185778, 2.2500525808, 1.735289623, 1.424051691, 2.2735551893, 2.4753369146, 2.3297647499, 2.2243244254, 2.1299429568, 1.3930877895, 2.6558694887, 3.3216350326, 1.4402152494, 1.4663112934, 0.65027929386],
      [0.58697412042, 0.61968981852, 0.56867589466, 0.71408727341, 0.72297829878, 0.67866090989, 0.58661005639, 0.46009836297, 1.8505821092, 4.0351717651, 4.4480837325, 4.3270660565, 4.2336659837, 3.0451652791, 3.8851667857, 4.7820002551, 4.9070085773, 0.52878057859, 0.84425423414, 0.57503237901, 0.80893787149, 0.38859641829, 0.48170687669, 0.63014564436, 0.96728848419, 0.86699720646, 0.46265085184, 0.52137098488, 0.38841291196, 0.67540618439, 0.73913598223, 0.86133330881, 0.64279476993, 0.30702602062, 1.2165447856, 0.38654170458, 0.47458968319, 0.55093964197, 0.46168001882, 0.70153726693, 1.0012456985, 0.88548184099, 1.0563034432, 0.75557667634, 0.25969696304, 0.73589037945, 0.51616261284, 0.56576432217, 0.47131368947, 0.24246715085]
    ],
    [
      [0.14468198949, 0.34826709907, 0.30597956323, 0.23362243277, 0.11961184333, 0.37938188462, 0.20563240515, 0.37283045632, 0.30606401855, 0.30084187692, 0.18316556747, 0.17092024492, 0.13933560985, 0.26695525752, 0.18370390327, 0.26724646422, 0.33930478893, 1.721554666, 1.7501297516, 1.1753741731, 1.4549377442, 1.8387750257, 1.8692796222, 2.0244216226, 1.4829716038, 0.23495705295, 0.18921144194, 0.30756672699, 0.2666869092, 0.21229312101, 0.31285192237, 0.24655460805, 0.13309169519, 0.19467346732, 0.14243953652, 0.31310646655, 0.30168979413, 0.23324688223, 0.20322582461, 0.14487303356, 0.25548708506, 0.15096963611, 0.077731769515, 0.2048996091, 0.42369812842, 0.18481180449, 0.092518705914, 0.15612284662, 0.19306871041, 0.28623007673],
      [2.4682832895, 1.6502231741, 2.4627847655, 2.3021600779, 0.852978419, 3.4482831089, 1.7232213718, 2.6394396957, 1.722343176, 1.5831249571, 2.5178117339, 1.7341804081, 0.99358392615, 1.7140640404, 1.3494075061, 3.3870755124, 3.5881281357, 15.5089553375, 12.3547115059, 16.4786528891, 12.3595333285, 14.2665159671, 13.2361426107, 16.3682300628, 7.5647127994, 1.77167326, 1.2681976805, 2.9011967284, 2.2059921208, 1.795819009, 2.1699352588, 2.7057434021, 1.1433368796, 1.4165268762, 1.1703621587, 2.0204604256, 2.6911531281, 1.7746888737, 1.7562978465, 1.3678863735, 1.6489889275, 1.5519423264, 0.96495563526, 1.2199331893, 2.8109667325, 2.2358701009, 1.0637743422, 1.1220316426, 2.4371000504, 1.5494442931],
      [7.387034721, 8.0015097268, 8.2312356713, 7.4642174894, 4.0274097377, 8.1723350065, 5.071146223, 8.987729848, 4.9715928055, 7.116033166, 7.2990226986, 5.094899347, 3.867080464, 5.0189807021, 4.4668885906, 9.3456780234, 18.0725670754, 49.7694899964, 44.8951587426, 36.3459729378, 50.1855289273, 36.8947090072, 46.8945777671, 47.6073483146, 34.9523155967, 6.993369687, 4.5425908776, 10.7912365446, 6.52732097, 6.99188787, 8.5172128188, 8.0477019898, 2.7235714252, 4.3887996564, 3.6871983048, 8.6664331079, 6.0071570778, 5.9920642441, 6.0404763289, 4.4872405929, 7.0955239874, 6.2970880374, 4.9573125952, 4.5751672016, 5.765335139, 6.5793180947, 1.8437069518, 4.7218455108, 8.3698312392, 6.1643256302]
    ],
    [
      [1.847082401, 3.7756118145, 2.940599233, 2.8541255383, 3.2451712316, 3.4775158273, 2.2734185338, 2.1357627471, 4.2150766999, 4.017811134, 3.1701293591, 2.8665805562, 3.794472166, 2.3367768713, 2.8034338181, 1.4537829466, 2.9073295339, 2.9549414554, 1.373646874, 1.5200612435, 2.6246564187, 2.7287999441, 4.1676088081, 1.9661719369, 2.8066204144, 19.7811208428, 23.2400897429, 16.0161162618, 17.0579631711, 18.6260807014, 18.8386750378, 14.0063632198, 20.0321989076, 12.4137840322, 2.9297623226, 2.4762429526, 1.94251633, 2.3609243808, 2.7679108375, 1.7549599643, 2.1271276384, 2.1287946925, 1.5536406849, 2.7382949758, 2.4222414782, 1.0154527587, 2.5434165157, 2.6715576528, 2.4306058773, 3.7122724032],
      [5.1831705194, 3.2345507409, 4.2553274682, 5.0657773515, 4.2301057371, 5.7860472509, 3.4429809946, 2.6962538782, 4.2453182127, 3.8312710281, 7.9349406809, 5.2170696065, 4.846833278, 2.682316456, 3.6758142954, 3.3845065608, 5.5389518808, 4.987387947, 1.7904693283, 4.3208394995, 4.1944823685, 3.9639039886, 5.3832384036, 2.9366009683, 2.6647629949, 26.7894870946, 27.9303694258, 27.1986975728, 25.395725705, 28.4057570856, 23.4327898687, 27.4829296767, 30.8635615927, 16.2245719089, 4.3362279061, 2.9258472481, 3.1590422627, 3.2442623633, 4.3344385139, 2.9946709799, 2.503732852, 3.873016264, 3.2983550545, 2.8890922917, 2.8408176235, 2.1744693181, 5.3068278574, 3.4771294538, 5.2729617018, 3.5135532306],
      [1.9697470796, 1.9898374447, 1.8040732987, 2.0800971102, 2.5247230313, 1.7364369218, 1.2836004716, 1.1679833747, 1.5396050874, 2.150917838, 2.89492996, 1.9163498374, 2.358694556, 0.98090667271, 1.5207518865, 1.1617104927, 3.5537185853, 2.0576705976, 0.83588379769, 1.1590992569, 2.1808612128, 1.3072960673, 2.4491527883, 1.0972270948, 1.5286165906, 13.4293920625, 12.8295408314, 12.7851861654, 9.5463111239, 13.968162213, 11.7285350935, 10.5107071035, 9.1042394996, 6.3616440589, 1.7340097714, 1.5979097993, 0.89844140735, 1.394813256, 1.8976506486, 1.2503690558, 1.3691395095, 1.9981890435, 2.1480042607, 1.3726127326, 0.7369408983, 0.8100779232, 1.1497556269, 1.8513128933, 2.2964324208, 1.7741743662]
    ],
    [
      [1.1976561533, 1.5520830195, 1.2668229976, 0.93348850566, 1.1233841926, 2.135539709, 0.9369300486, 2.1930782843, 1.0380494915, 2.5612494497, 1.237038853, 1.4498932386, 1.6516407307, 1.8672704051, 2.3618283901, 0.54271279345, 0.65296935243, 0.6406932805, 1.4774862996, 1.44551033, 0.87513675532, 1.8456353838, 0.37747833944, 1.1236011251, 2.5402235325, 1.2048670805, 1.4130540357, 0.88922235767, 2.4429879271, 1.7322763582, 1.1135679276, 1.047320187, 2.2468680828, 7.5499098463, 10.1017360479, 11.0061122248, 13.1946285306, 11.3007851977, 10.7326657811, 9.915151483, 9.881630653, 5.8687388423, 0.78000350517, 1.3028666357, 2.9587040936, 1.6698241457, 2.0587671443, 2.2351771577, 0.62865279629, 0.6853020169],
      [3.2635983165, 1.2871940183, 1.7708876804, 1.5984203387, 1.4138875475, 3.4302143928, 1.3687775922, 2.686315003, 1.0131461572, 2.3651533898, 2.9889175262, 2.5557801944, 2.0484557571, 2.084180837, 3.0136796516, 1.2227649842, 1.2070179505, 1.0582138023, 1.8883489592, 3.9610417735, 1.370400498, 2.6170375161, 0.47738376203, 1.6447389311, 2.349666839, 1.5956377635, 1.6481577064, 1.4666843456, 3.547649786, 2.5750336567, 1.3511189685, 1.9951680141, 3.3839205255, 9.6182108456, 14.5414567876, 12.3630234131, 20.3424067165, 15.021126791, 16.2466098711, 16.4037283658, 11.0800114702, 10.6463128406, 1.629615668, 1.3416773576, 3.40421673, 3.4815307086, 4.1579418684, 2.8232398466, 1.3264349349, 0.63384800249],
      [6.5387455302, 4.1607229622, 3.962289322, 3.4680911556, 4.4627282599, 5.4342458982, 2.6942923592, 6.1206067127, 1.9488043512, 7.0735971605, 5.7740436208, 4.994326567, 5.2999035122, 4.048548758, 6.6244919583, 2.2345222224, 4.140012697, 2.3010929172, 4.6341647412, 5.5934478965, 3.7544627467, 4.5373271001, 1.1451378985, 3.2316599438, 7.1101096285, 4.199495156, 3.9387882579, 3.6440932967, 7.0093622869, 6.692689985, 3.5353131039, 3.9575117989, 5.3692113917, 19.831879308, 30.3568071645, 35.6308643622, 30.4629647529, 33.6780880114, 37.0207243477, 35.6811201512, 32.0383578768, 28.4849483171, 5.5903808269, 3.3554560067, 4.6370791764, 6.8486451457, 4.7832909873, 7.9415829957, 3.0449122688, 1.6808499806]
    ],
    [
      [0.57292916155, 2.3398946762, 0.83301229609, 1.2698024712, 2.0295217203, 0.62788427475, 1.1487429169, 2.2236689783, 2.0613403501, 1.9833577042, 0.42791824955, 0.70639284177, 1.6195941595, 2.2710437389, 1.2724937075, 1.5019027365, 0.84062241865, 0.58458136456, 1.9507566511, 0.79922364719, 1.0225585489, 2.0731446291, 0.89710091835, 0.98896936796, 2.4097264031, 1.7006426618, 1.153393389, 1.2863314058, 1.8271071413, 0.92780292744, 1.4620135613, 1.4484269812, 1.1684632986, 1.2885471085, 0.99204736254, 1.1195498925, 0.80602706013, 2.0823850884, 0.77448014613, 1.0182902145, 1.6868064475, 3.2740216126, 6.3372109166, 12.0554683102, 12.704331692, 6.7226422799, 8.3243253665, 10.0527774008, 6.8912336589, 15.0241681741],
      [4.2904793594, 5.3616255957, 3.2158352981, 6.0088209044, 7.0407266984, 2.7877116136, 4.6448068695, 7.5093859125, 5.5354259104, 5.0398196434, 2.8505190264, 3.4172277339, 5.5069431727, 6.9521766796, 4.4423947611, 9.2651972327, 4.2447942296, 2.6492975183, 6.8245244059, 6.0608572662, 4.3820812361, 8.0680240683, 3.1108466857, 3.9726482712, 6.1281390712, 6.151915889, 3.6785556076, 5.8016165111, 7.2661572285, 3.7720186303, 4.8524847554, 7.5585451016, 4.8175108715, 4.4774077057, 3.9128925797, 3.5322337801, 3.4985684852, 7.6274305091, 3.2343191707, 4.6304481665, 5.290867431, 15.983303252, 38.8480211164, 34.3079077909, 40.6296332639, 38.9215861303, 43.6478085234, 34.1829541154, 41.3537976131, 38.9039899351],
      [1.1365914791, 2.2984797281, 0.95115240581, 1.7213766245, 2.9297515813, 0.58440411168, 1.2064502136, 2.2669451091, 1.4032337395, 1.9768226523, 0.72156272407, 0.87637942436, 1.8734626678, 1.7767795815, 1.2851115314, 2.2329000308, 1.9145833518, 0.76612111717, 2.224718943, 1.1399190866, 1.5953602151, 1.8588313026, 0.99205239597, 1.0383823609, 2.4621345257, 2.1474414492, 1.1680510034, 1.9120520831, 1.9067356302, 1.3001784423, 1.6855016833, 1.9930279171, 1.0140258299, 1.2340451858, 1.0950600578, 1.3482163273, 0.69540445466, 2.2901844025, 0.99120068314, 1.3512616189, 2.0223261215, 5.7426751355, 16.8147679671, 11.6366238989, 6.6660350441, 10.3557715899, 6.0278661101, 12.7642684838, 12.754968728, 14.0718418907]
    ]
  ],
  "prob": [
    [0.44279057871, 0.12562158517, 0.43158783612],
    [0.69334227967, 0.23300868931, 0.073649031013],
    [0.027667462749, 0.22693736502, 0.74539517223],
    [0.32154297826, 0.47462335689, 0.20383366485],
    [0.17885740783, 0.25607441345, 0.56506817872],
    [0.16396720052, 0.64368821528, 0.1923445842]
  ],
  "iterations": 22,
  "logLik": 276.3934765671,
  "time": 0.00232,
  "message": "Converged",
  "status": 0,
  "miniter": 0,
  "maxiter": 1000,
  "maxtime": 3600,
  "param_threshold": 0.001,
  "ll_threshold": "-Inf",
  "initial_prob": "group_proportional",
  "adjust_prob_cond_method": "project_lp",
  "adjust_prob_cond_every": false
}
