{
  "X": [
    [51, 20, 29],
    [52, 17, 31],
    [53, 18, 29],
    [50, 20, 30],
    [56, 19, 25],
    [44, 22, 34],
    [48, 15, 37],
    [50, 15, 35],
    [46, 37, 17],
    [27, 49, 24],
    [21, 55, 24],
    [38, 43, 19],
    [30, 44, 26],
    [26, 42, 32],
    [30, 45, 25],
    [35, 45, 20],
    [26, 49, 25],
    [21, 47, 32],
    [12, 54, 34],
    [23, 50, 27],
    [8, 58, 34],
    [21, 51, 28],
    [16, 52, 32],
    [16, 42, 42],
    [15, 47, 38],
    [23, 27, 50],
    [15, 25, 60],
    [8, 34, 58],
    [17, 28, 55],
    [13, 27, 60],
    [16, 28, 56],
    [14, 40, 46],
    [8, 29, 63],
    [16, 27, 57],
    [17, 18, 65],
    [14, 20, 66],
    [11, 27, 62],
    [19, 21, 60],
    [23, 24, 53],
    [18, 19, 63],
    [11, 21, 68],
    [11, 24, 65],
    [14, 32, 54],
    [11, 38, 51],
    [11, 30, 59],
    [10, 33, 57],
    [19, 34, 47],
    [11, 33, 56],
    [11, 30, 59],
    [14, 30, 56]
  ],
  "W": [
    [57, 13, 6, 8, 8, 8],
    [56, 7, 10, 9, 4, 14],
    [67, 3, 13, 2, 8, 7],
    [58, 8, 8, 7, 11, 8],
    [64, 9, 7, 5, 7, 8],
    [60, 7, 5, 12, 8, 8],
    [57, 7, 8, 9, 8, 11],
    [60, 9, 3, 6, 8, 14],
    [31, 43, 9, 8, 7, 2],
    [11, 54, 16, 8, 5, 6],
    [4, 63, 5, 8, 9, 11],
    [9, 58, 16, 1, 5, 11],
    [7, 57, 10, 9, 7, 10],
    [11, 53, 10, 8, 9, 9],
    [6, 52, 9, 15, 11, 7],
    [12, 60, 5, 6, 5, 12],
    [7, 42, 26, 9, 10, 6],
    [10, 11, 51, 5, 7, 16],
    [6, 8, 56, 8, 16, 6],
    [9, 9, 53, 12, 7, 10],
    [6, 5, 68, 7, 9, 5],
    [10, 8, 67, 3, 6, 6],
    [8, 8, 60, 10, 5, 9],
    [8, 4, 59, 9, 8, 12],
    [6, 6, 57, 11, 10, 10],
    [11, 10, 8, 52, 6, 13],
    [6, 11, 10, 50, 10, 13],
    [6, 8, 6, 65, 10, 5],
    [5, 11, 5, 62, 9, 8],
    [8, 5, 7, 65, 10, 5],
    [8, 9, 5, 60, 9, 9],
    [4, 11, 15, 52, 8, 10],
    [3, 10, 6, 67, 8, 6],
    [8, 7, 6, 30, 41, 8],
    [13, 5, 11, 8, 57, 6],
    [1, 9, 9, 10, 63, 8],
    [5, 8, 8, 11, 61, 7],
    [8, 12, 6, 5, 58, 11],
    [10, 15, 5, 7, 56, 7],
    [9, 8, 6, 10, 55, 12],
    [7, 14, 6, 7, 56, 10],
    [4, 6, 16, 9, 48, 17],
    [9, 8, 8, 6, 9, 60],
    [8, 6, 7, 15, 7, 57],
    [9, 9, 4, 14, 8, 56],
    [7, 12, 2, 7, 11, 61],
    [16, 11, 9, 7, 5, 52],
    [13, 11, 10, 7, 10, 49],
    [6, 6, 11, 6, 13, 58],
    [10, 8, 10, 6, 7, 59]
  ],
  "method": "mvn_pdf",
  "cond_prob": [
    [
      [0.77512578033, 0.052637073277, 0.17223714639],
      [0.3728514736, 0.58362324495, 0.043525281448],
      [0.10813330493, 0.67842547218, 0.21344122289],
      [0.068597360514, 0.26737998804, 0.66402265144],
      [0.083666738922, 0.094054029002, 0.82227923208],
      [0.012981092395, 0.30631995867, 0.68069894894]
    ],
    [
      [0.81646104241, 0.033161708203, 0.15037724939],
      [0.47856174953, 0.47527209771, 0.046166152763],
      [0.15019678058, 0.60279898724, 0.24700423218],
      [0.086857479666, 0.21657916438, 0.69656335596],
      [0.10164883848, 0.073109178857, 0.82524198266],
      [0.01699777868, 0.25331432782, 0.7296878935]
    ],
    [
      [0.74603821295, 0.057735489222, 0.19622629783],
      [0.33959553015, 0.61383108168, 0.046573388176],
      [0.094046736374, 0.68542043963, 0.220532824],
      [0.059537410658, 0.26463449181, 0.67582809754],
      [0.07211324438, 0.092721671914, 0.83516508371],
      [0.011152113288, 0.30124584329, 0.68760204342]
    ],
    [
      [0.77457897283, 0.058788486418, 0.16663254075],
      [0.34633039249, 0.61449988685, 0.039169720664],
      [0.099474494556, 0.70958324439, 0.19094226106],
      [0.067691620781, 0.29835973565, 0.63394864357],
      [0.084720393488, 0.10777397388, 0.80750563263],
      [0.012776850688, 0.34044635945, 0.64677678986]
    ],
    [
      [0.79373543266, 0.055850539576, 0.15041402776],
      [0.3657475136, 0.59778258237, 0.036469904029],
      [0.10801084091, 0.70914238076, 0.18284677833],
      [0.07513973039, 0.30398040147, 0.62087986814],
      [0.094617309425, 0.11013949933, 0.79524319124],
      [0.014388622889, 0.34883088223, 0.63678049488]
    ],
    [
      [0.684455945, 0.0853186805, 0.2302253745],
      [0.22890767669, 0.73039908629, 0.040693237012],
      [0.060057497146, 0.76065516837, 0.17928733449],
      [0.043159434775, 0.33348311562, 0.62335744961],
      [0.055669401684, 0.12375144182, 0.82057915649],
      [0.0083417058202, 0.37162510027, 0.62003319391]
    ],
    [
      [0.75207660463, 0.037245231383, 0.21067816399],
      [0.42008504925, 0.51818560172, 0.06172934903],
      [0.11824604916, 0.58565152773, 0.2961024231],
      [0.061419394865, 0.18808997219, 0.75049063294],
      [0.070058221846, 0.06190239131, 0.86803938684],
      [0.011984497238, 0.21604377246, 0.7719717303]
    ],
    [
      [0.75109827001, 0.046142317139, 0.20275941285],
      [0.38965180302, 0.55512717647, 0.055221020514],
      [0.10963639945, 0.62603194316, 0.26433165739],
      [0.061203792136, 0.2164952081, 0.72230099977],
      [0.071385678257, 0.073073951799, 0.85554036994],
      [0.011430013942, 0.2481184065, 0.74045157956]
    ],
    [
      [0.83586872955, 0.051609188477, 0.11252208197],
      [0.40262173287, 0.57233215139, 0.025046115741],
      [0.12649990645, 0.71849192784, 0.15500816571],
      [0.094051181683, 0.33438915671, 0.57155966161],
      [0.12104167783, 0.12481956483, 0.75413875734],
      [0.018567257145, 0.38727754467, 0.59415519819]
    ],
    [
      [0.70553122624, 0.059325145082, 0.23514362867],
      [0.31784090911, 0.62635978003, 0.055799310859],
      [0.084520945809, 0.66299897311, 0.25248008108],
      [0.048054823843, 0.23752748203, 0.71441769413],
      [0.056729590005, 0.081478172535, 0.86179223746],
      [0.0092209575927, 0.2680668323, 0.7227122101]
    ],
    [
      [0.71566898811, 0.077896146202, 0.20643486568],
      [0.26563939899, 0.6910081868, 0.043352414202],
      [0.072600665395, 0.73920473741, 0.18819459719],
      [0.04878401884, 0.31572973681, 0.63548624435],
      [0.061568760589, 0.11584774039, 0.82258349902],
      [0.0086043261752, 0.35367349104, 0.63772218279]
    ],
    [
      [0.8364045523, 0.0375219395, 0.12607350819],
      [0.46829049168, 0.49189394033, 0.039815567988],
      [0.15264081578, 0.63742460719, 0.20993457702],
      [0.096227126099, 0.25132757851, 0.65244529539],
      [0.11467905598, 0.087579882592, 0.79774106143],
      [0.018148641217, 0.29494848169, 0.68690287709]
    ],
    [
      [0.76735295087, 0.047085825805, 0.18556122333],
      [0.39057618517, 0.55939654268, 0.050027272147],
      [0.11220443545, 0.64374479224, 0.2440507723],
      [0.064747979702, 0.23421177259, 0.70104024771],
      [0.0762065769, 0.080108409238, 0.84368501386],
      [0.012746457885, 0.26786835462, 0.71938518749]
    ],
    [
      [0.6474034467, 0.051782482293, 0.30081407101],
      [0.32664739098, 0.60100736275, 0.072345246272],
      [0.080350336883, 0.5873571205, 0.33229254262],
      [0.038256238823, 0.1755231054, 0.78622065577],
      [0.042918960381, 0.057654234582, 0.89942680504],
      [0.0078251601865, 0.19781758994, 0.79435724987]
    ],
    [
      [0.83281649166, 0.049734639442, 0.1174488689],
      [0.40482150417, 0.56630145915, 0.028877036679],
      [0.12708295515, 0.71112242311, 0.16179462173],
      [0.092301732913, 0.32568212051, 0.58201614657],
      [0.11786288318, 0.12087524766, 0.76126186916],
      [0.018231218329, 0.37699356391, 0.60477521776]
    ],
    [
      [0.81109081856, 0.050794260983, 0.13811492045],
      [0.3914268706, 0.57359772088, 0.034975408519],
      [0.11920731073, 0.69842485077, 0.18236783849],
      [0.081215586341, 0.29989075872, 0.61889365494],
      [0.1011857257, 0.10848156043, 0.79033271387],
      [0.016003270106, 0.34506075056, 0.63893597933]
    ],
    [
      [0.79763117034, 0.05307384792, 0.14929498174],
      [0.37588096534, 0.58688429026, 0.037234744404],
      [0.11241293356, 0.69927568525, 0.18831138119],
      [0.075358847159, 0.29755208509, 0.62708906775],
      [0.093924235726, 0.1073908495, 0.79868491477],
      [0.014895501543, 0.34104963273, 0.64405486573]
    ],
    [
      [0.81799131284, 0.042702901593, 0.13930578557],
      [0.42729694118, 0.53354103976, 0.039162019058],
      [0.13163632437, 0.66136007752, 0.20700359811],
      [0.084106614099, 0.26833249061, 0.64756089529],
      [0.10264269662, 0.094855325038, 0.80250197834],
      [0.016708501814, 0.31056286656, 0.67272863163]
    ],
    [
      [0.7231624792, 0.075975724321, 0.20086179648],
      [0.27193787074, 0.68710749976, 0.0409546295],
      [0.071493499555, 0.73962009664, 0.1888864038],
      [0.050205535714, 0.32111936744, 0.62867509685],
      [0.0639763351, 0.11878994651, 0.81723371839],
      [0.0094367560743, 0.35982769341, 0.63073555052]
    ],
    [
      [0.86960948838, 0.039843648406, 0.090546863212],
      [0.4748903664, 0.49891232184, 0.026197311755],
      [0.1549772324, 0.6924175798, 0.1526051878],
      [0.11711756334, 0.31977285657, 0.56310958008],
      [0.15048282729, 0.11877292592, 0.73074424679],
      [0.022691743856, 0.3784379778, 0.59887027835]
    ],
    [
      [0.62259596416, 0.087645459071, 0.28975857677],
      [0.21675545286, 0.72854786727, 0.054696679869],
      [0.038032876025, 0.72679376919, 0.23517335479],
      [0.031556812219, 0.27936412331, 0.68907906447],
      [0.038656930546, 0.10050944316, 0.86083362629],
      [0.0051202641193, 0.30985555056, 0.68502418532]
    ],
    [
      [0.80571488064, 0.04214058269, 0.15214453667],
      [0.42489385698, 0.5320557427, 0.043050400314],
      [0.12904619053, 0.64623951164, 0.22471429783],
      [0.078750216914, 0.25160683854, 0.66964294455],
      [0.094702172416, 0.087588941596, 0.81770888599],
      [0.015523647857, 0.29062446443, 0.69385188771]
    ],
    [
      [0.76029642429, 0.054912467035, 0.18479110868],
      [0.34886013349, 0.6055768174, 0.04556304911],
      [0.10046273777, 0.67985834089, 0.21967892134],
      [0.061518853289, 0.2692472728, 0.66923387391],
      [0.074756769693, 0.095323845531, 0.82991938478],
      [0.01222343225, 0.30616592394, 0.68161064381]
    ],
    [
      [0.75199867015, 0.039847629331, 0.20815370052],
      [0.41457622017, 0.52416226204, 0.061261517795],
      [0.12007408229, 0.58818258504, 0.29174333267],
      [0.060143253947, 0.1922479982, 0.74760874786],
      [0.068599438327, 0.063811805776, 0.8675887559],
      [0.012604175898, 0.2200892475, 0.76730657661]
    ],
    [
      [0.77094521666, 0.047429156115, 0.18162562722],
      [0.38410402499, 0.56736409959, 0.048531875425],
      [0.11296144941, 0.64919140221, 0.23784714837],
      [0.065398049541, 0.2436016531, 0.69100029736],
      [0.077912642418, 0.084108177902, 0.83797917968],
      [0.013239696446, 0.27866305766, 0.7080972459]
    ],
    [
      [0.86539436351, 0.030692635909, 0.10391300058],
      [0.53207800754, 0.43299238942, 0.034929603049],
      [0.18267561874, 0.61162977454, 0.20569460672],
      [0.10739413584, 0.25169101076, 0.6409148534],
      [0.13961212193, 0.086008363707, 0.77437951437],
      [0.021254552381, 0.29503355176, 0.68371189586]
    ],
    [
      [0.77010858175, 0.03768467476, 0.19220674349],
      [0.43120456675, 0.51087469, 0.05792074324],
      [0.12328721842, 0.59191934305, 0.28479343853],
      [0.06935723161, 0.19275822159, 0.7378845468],
      [0.075556883852, 0.065156732118, 0.85928638403],
      [0.013830436307, 0.22658450231, 0.75958506138]
    ],
    [
      [0.64285963966, 0.09156495512, 0.26557540522],
      [0.21216567578, 0.73928142912, 0.048552895098],
      [0.052646144751, 0.74224682601, 0.20510702924],
      [0.025642469835, 0.31144332692, 0.66291420325],
      [0.043317405378, 0.11320622797, 0.84347636666],
      [0.0059410588424, 0.34139987017, 0.65265907099]
    ],
    [
      [0.83701897874, 0.036815839483, 0.12616518178],
      [0.4693581474, 0.49256742032, 0.038074432275],
      [0.14923166211, 0.63970050203, 0.21106783586],
      [0.092471685126, 0.25806407401, 0.64946424086],
      [0.11386187596, 0.089740743886, 0.79639738015],
      [0.01847572661, 0.29894217315, 0.68258210024]
    ],
    [
      [0.74756599131, 0.053887586381, 0.19854642231],
      [0.34657484738, 0.60368209733, 0.049743055291],
      [0.094989726445, 0.6695411836, 0.23546908995],
      [0.059600430111, 0.25446657366, 0.68593299623],
      [0.069168169141, 0.088621596647, 0.84221023421],
      [0.011192019779, 0.2874314566, 0.70137652362]
    ],
    [
      [0.79451712244, 0.046353815378, 0.15912906219],
      [0.39884792563, 0.55843376928, 0.042718305096],
      [0.11684140808, 0.66443932759, 0.21871926432],
      [0.075637764997, 0.26249230695, 0.66186992805],
      [0.088909902834, 0.092087950959, 0.81900214621],
      [0.01461884712, 0.30030432663, 0.68507682625]
    ],
    [
      [0.80829683581, 0.056831024518, 0.13487213967],
      [0.35804774653, 0.60968103555, 0.032271217926],
      [0.10676117326, 0.72888893387, 0.16434989287],
      [0.081924800977, 0.33242026875, 0.58565493027],
      [0.10100706426, 0.12599752069, 0.77299541505],
      [0.01587236811, 0.38390163624, 0.60022599565]
    ],
    [
      [0.66567157595, 0.064734720471, 0.26959370358],
      [0.2800191812, 0.65842707879, 0.061553740016],
      [0.070033300735, 0.66508728169, 0.26487941758],
      [0.035339217012, 0.23873820187, 0.72592258112],
      [0.046471624402, 0.081365045634, 0.87216332996],
      [0.0071821867964, 0.26410357839, 0.72871423481]
    ],
    [
      [0.80139161408, 0.05723531003, 0.14137307589],
      [0.35106620041, 0.61551365615, 0.033420143439],
      [0.10280053567, 0.72864398064, 0.16855548369],
      [0.076885154649, 0.32905084895, 0.5940639964],
      [0.099694289075, 0.12130764843, 0.7789980625],
      [0.01507249736, 0.3770648736, 0.60786262904]
    ],
    [
      [0.74113798612, 0.047548076284, 0.21131393759],
      [0.36945638234, 0.5741391052, 0.056404512459],
      [0.10116908032, 0.63368497979, 0.26514593989],
      [0.056640597611, 0.22021042053, 0.72314898186],
      [0.068160422902, 0.074967326035, 0.85687225106],
      [0.011132583143, 0.25097062607, 0.73789679079]
    ],
    [
      [0.82541211426, 0.036099866367, 0.13848801938],
      [0.46630803108, 0.49192077216, 0.041771196759],
      [0.14547257838, 0.6271910973, 0.22733632432],
      [0.08823269552, 0.2381449981, 0.67362230638],
      [0.10549539142, 0.083913402452, 0.81059120613],
      [0.017503223233, 0.27798737162, 0.70450940514]
    ],
    [
      [0.72658902902, 0.083261642802, 0.19014932818],
      [0.25147989318, 0.71250933914, 0.036010767674],
      [0.067723311107, 0.76866178857, 0.16361490033],
      [0.050755261381, 0.35611825302, 0.5931264856],
      [0.068634678549, 0.1316468218, 0.79971849965],
      [0.0097722791256, 0.39808083587, 0.59214688501]
    ],
    [
      [0.81659882615, 0.042731523218, 0.14066965064],
      [0.42694352449, 0.53425269872, 0.038803776797],
      [0.13035928046, 0.66189641059, 0.20774430895],
      [0.083596654416, 0.26508753066, 0.65131581492],
      [0.1027746047, 0.095969614168, 0.80125578113],
      [0.016620097208, 0.30764197192, 0.67573793088]
    ],
    [
      [0.84183797226, 0.046333635967, 0.11182839177],
      [0.41795201231, 0.55199217432, 0.030055813369],
      [0.1320667364, 0.70658916921, 0.16134409439],
      [0.096896168424, 0.3242182884, 0.57888554318],
      [0.12217390405, 0.12162037691, 0.75620571904],
      [0.018856372176, 0.37765229338, 0.60349133444]
    ],
    [
      [0.81057664071, 0.04028818665, 0.14913517264],
      [0.43679099544, 0.5203804296, 0.042828574957],
      [0.13224282794, 0.64136457438, 0.22639259768],
      [0.080949146555, 0.24474393325, 0.67430692019],
      [0.098408525797, 0.086774334906, 0.8148171393],
      [0.016255409838, 0.28384564039, 0.69989894977]
    ],
    [
      [0.63837604591, 0.060666023346, 0.30095793074],
      [0.28119544078, 0.64639742065, 0.072407138565],
      [0.068482342961, 0.63349493204, 0.298022725],
      [0.035141046532, 0.20602753672, 0.75883141675],
      [0.033627487333, 0.070875222999, 0.89549728967],
      [0.0054610833495, 0.23135991103, 0.76317900562]
    ],
    [
      [0.7470011194, 0.047954184786, 0.20504469581],
      [0.36993875136, 0.57561560798, 0.054445640658],
      [0.10232612938, 0.63941832071, 0.25825554992],
      [0.057913276124, 0.22662828213, 0.71545844174],
      [0.07129814573, 0.076993174005, 0.85170868026],
      [0.012447909651, 0.25814527001, 0.72940682034]
    ],
    [
      [0.81596719722, 0.044649830758, 0.13938297202],
      [0.41128890443, 0.55013951009, 0.038571585478],
      [0.12244762051, 0.67498646751, 0.20256591198],
      [0.079566182693, 0.27715083324, 0.64328298406],
      [0.098143695307, 0.099062970802, 0.80279333389],
      [0.017095211193, 0.32071119943, 0.66219358938]
    ],
    [
      [0.7767615394, 0.067064622346, 0.15617383825],
      [0.30320277428, 0.6623699473, 0.034427278426],
      [0.084380377776, 0.75113653578, 0.16448308644],
      [0.062857799599, 0.34766926235, 0.58947293805],
      [0.082107579793, 0.13225701138, 0.78563540883],
      [0.015059795477, 0.38755209775, 0.59738810677]
    ],
    [
      [0.70936475419, 0.063256656154, 0.22737858966],
      [0.29795395437, 0.64975303957, 0.052293006061],
      [0.077311211547, 0.68579087498, 0.23689791347],
      [0.046546068681, 0.26003833548, 0.69341559584],
      [0.056329154223, 0.091492987312, 0.85217785847],
      [0.009332296098, 0.29405836863, 0.69660933527]
    ],
    [
      [0.71205220096, 0.070114340298, 0.21783345875],
      [0.27861202278, 0.67459065873, 0.046797318494],
      [0.072700018182, 0.7145646576, 0.21273532422],
      [0.04662866707, 0.28869680185, 0.66467453108],
      [0.057960419533, 0.10420268586, 0.83783689461],
      [0.0092282786765, 0.32488320066, 0.66588852066]
    ],
    [
      [0.78445736895, 0.055136890586, 0.16040574047],
      [0.35494732678, 0.60562343463, 0.039429238591],
      [0.10151285739, 0.70309120645, 0.19539593616],
      [0.067807983324, 0.29569192782, 0.63650008886],
      [0.084816174656, 0.10719744053, 0.80798638481],
      [0.014075173639, 0.33696731566, 0.6489575107]
    ],
    [
      [0.58937668618, 0.090296067368, 0.32032724646],
      [0.20982006923, 0.72858458015, 0.061595350618],
      [0.049171651121, 0.6977592785, 0.25306907038],
      [0.028398272051, 0.25496460268, 0.71663712526],
      [0.033957790262, 0.090291082417, 0.87575112732],
      [0, 0.2887033656, 0.7112966344]
    ],
    [
      [0.79543840457, 0.043723856678, 0.16083773875],
      [0.40623803255, 0.54854410403, 0.045217863413],
      [0.11725347083, 0.65284623831, 0.22990029085],
      [0.070780286327, 0.24932766116, 0.67989205251],
      [0.085447504054, 0.087010482458, 0.82754201349],
      [0.016631964266, 0.28686174785, 0.69650628788]
    ],
    [
      [0.78440787789, 0.044990577579, 0.17060154453],
      [0.39744195541, 0.55528033244, 0.047277712144],
      [0.11334259009, 0.65006011536, 0.23659729455],
      [0.067404517509, 0.24435283346, 0.68824264903],
      [0.080687136629, 0.084849600463, 0.83446326291],
      [0.014808857889, 0.28046078317, 0.70473035894]
    ]
  ],
  "expected_outcome": [
    [
      [44.182169479, 45.7218183751, 49.9845602673, 44.9255804243, 50.7990676902, 41.0673567001, 42.8683664638, 45.0658962004, 25.911930616, 7.7608434887, 2.8626759525, 7.5276409707, 5.3714706561, 7.1214379137, 4.99689895, 9.7330898227, 5.5834181923, 8.1799131284, 4.3389748752, 7.8264853954, 3.735575785, 8.0571488064, 6.0823713943, 6.0159893612, 4.6256713, 9.5193379987, 4.6206514905, 3.857157838, 4.1850948937, 5.9805279305, 6.3561369795, 3.2331873432, 1.9970147278, 6.4111329127, 9.6347938196, 0.82541211426, 3.6329451451, 6.5327906092, 8.4183797226, 7.2951897664, 4.4686323214, 2.9880044776, 7.343704775, 6.2140923152, 6.3842827877, 4.9843654067, 12.5513179031, 7.6618969203, 4.7726304274, 7.8440787789],
      [3.0003131768, 1.8570556593, 3.8682777779, 3.4097322122, 3.5744345329, 5.11912083, 2.1229781889, 2.7685390284, 1.5998848428, 0.65257659591, 0.31158458481, 0.3376974555, 0.32960078063, 0.56960730523, 0.29840783665, 0.6095311318, 0.37151693544, 0.42702901593, 0.45585434592, 0.35859283566, 0.52587275443, 0.4214058269, 0.43929973628, 0.31878103465, 0.28457493669, 0.337618995, 0.22610804856, 0.54938973072, 0.18407919742, 0.43110069105, 0.37083052303, 0.22732409807, 0.19420416141, 0.45788248024, 0.6181249917, 0.036099866367, 0.41630821401, 0.34185218574, 0.46333635967, 0.36259367985, 0.42466216342, 0.19181673915, 0.40184847682, 0.53651697877, 0.56930990539, 0.49080038208, 0.88219024938, 1.1738488758, 0.26234314007, 0.44990577579],
      [9.8175173442, 8.4211259656, 13.1471619548, 9.6646873635, 9.6264977769, 13.8135224699, 12.0086553474, 12.1655647712, 3.4881845412, 2.5865799154, 0.82573946273, 1.1346615738, 1.2989285633, 3.3089547811, 0.70469321338, 1.6573790455, 1.0450648722, 1.3930578557, 1.2051707789, 0.81492176891, 1.7385514606, 1.5214453667, 1.4783288694, 1.6652296041, 1.0897537633, 1.1430430063, 1.1532404609, 1.5934524313, 0.6308259089, 1.5883713785, 1.2730324975, 0.53948855869, 0.80878111075, 1.1309846071, 2.7470811887, 0.13848801938, 0.95074664088, 1.1253572051, 1.1182839177, 1.3422165538, 2.1067055152, 0.82017878326, 1.2544467482, 1.249390706, 2.0464073069, 1.5248342112, 2.5664918475, 4.1642542039, 0.9650264325, 1.7060154453]
    ],
    [
      [4.8470691568, 3.3499322467, 1.0187865904, 2.7706431399, 3.2917276224, 1.6023537369, 2.9405953448, 3.5068662271, 17.3127345133, 17.163409092, 16.7352821366, 27.1608485174, 22.2628425549, 17.3123117218, 21.0507182167, 23.4856122358, 15.7870005442, 4.700266353, 2.1755029659, 4.2740132976, 1.0837772643, 3.3991508559, 2.7908810679, 1.6583048807, 2.3046241499, 5.3207800754, 4.7432502343, 1.6973254062, 5.1629396214, 1.7328742369, 3.5896313307, 3.9385252118, 2.800191812, 2.4574634029, 1.8472819117, 4.1967722798, 2.0118391455, 5.1233222938, 6.2692801846, 3.4943279635, 3.936736171, 2.2196325081, 3.2903112355, 1.8192166457, 2.6815855893, 3.3433442733, 3.9044205946, 2.3080207615, 2.4374281953, 3.1795356433],
      [7.5871021844, 3.326904684, 1.841493245, 4.9159990948, 5.3800432414, 5.1127936041, 3.627299212, 4.9961445882, 24.6102825098, 33.8234281216, 43.5335157687, 28.5298485393, 31.8856029327, 31.8533902258, 29.447675876, 34.4158632531, 24.6491401908, 5.8689514374, 5.4968599981, 4.4902108966, 3.6427393363, 4.2564459416, 4.8446145392, 2.0966490482, 3.4041845975, 4.3299238942, 5.6196215901, 5.914251433, 5.4182416236, 3.0184104866, 5.0259039235, 6.706491391, 6.5842707879, 4.3085955931, 2.870695526, 4.4272869494, 5.7000747131, 6.4110323846, 8.2798826148, 4.1630434368, 9.0495638891, 3.4536936479, 4.4011160807, 3.9742196838, 5.8477773561, 8.0950879047, 6.6618577809, 8.0144303817, 3.2912646242, 4.4422426595],
      [0.56582865882, 0.32316306934, 0.13972016453, 0.31335776531, 0.32822913627, 0.28485265908, 0.43210544321, 0.49698918463, 1.0769829768, 3.0131627864, 2.7312020947, 2.3093029433, 2.8515545124, 3.8342980524, 1.5016059073, 2.0985245112, 1.563859265, 0.43078220964, 0.327637036, 0.23577580579, 0.27348339934, 0.34440320251, 0.36450439288, 0.24504607118, 0.29119125255, 0.34929603049, 0.63712817564, 0.38842316078, 0.41881875502, 0.24871527646, 0.38446474586, 0.35498339719, 0.61553740016, 0.23394100407, 0.28202256229, 0.37594077083, 0.28808614139, 0.46564532156, 0.45083720053, 0.34262859966, 1.0136999399, 0.32667384395, 0.30857268383, 0.20656367056, 0.47063705455, 0.56156782192, 0.4337216245, 0.6775488568, 0.27130718048, 0.37822169715]
    ],
    [
      [0.64879982955, 1.5019678058, 1.2226075729, 0.79579595645, 0.75607588637, 0.30028748573, 0.94596839331, 0.32890919836, 1.1384991581, 1.3523351329, 0.36300332698, 2.4422530525, 1.1220443545, 0.80350336883, 1.1437465964, 0.59603655366, 2.9227362725, 6.7134525428, 4.0036359751, 8.2137933172, 2.5862355697, 8.6460947654, 6.0277642662, 7.0843708552, 6.4388026165, 1.4614049499, 1.2328721842, 0.31587686851, 0.74615831055, 0.66492808511, 0.58420704042, 1.6014175989, 0.42019980441, 0.61680321403, 1.1128598835, 1.3092532054, 0.54178648886, 0.78215568275, 0.66033368199, 0.79345696762, 0.41089405777, 1.63721807, 0.97958096407, 0.59066264443, 0.30924484619, 0.14540003636, 0.91361571648, 0.49171651121, 1.2897881792, 1.1334259009],
      [4.0705528331, 6.0279898724, 8.9104657152, 5.6766659551, 4.9639966653, 3.8032758418, 4.6852122219, 1.8780958295, 6.4664273506, 10.6079835698, 3.6960236871, 10.1987937151, 6.4374479224, 5.873571205, 6.400101808, 3.4921242539, 18.1811678166, 33.7293639535, 41.4187254119, 36.6981317294, 49.4219763048, 43.2980472797, 40.7915004534, 34.7027725173, 37.0039099261, 4.8930381963, 5.9191934305, 4.4534809561, 3.1985025102, 4.6867882852, 3.322196638, 10.9333340081, 3.9905236901, 4.3718638838, 6.9705347776, 5.6447198757, 6.1492943085, 3.9713784636, 3.532945846, 3.8481874463, 3.8009695922, 10.2306931313, 5.3998917401, 5.2579557505, 2.7431634999, 1.4291293152, 6.3278208581, 6.977592785, 7.1813086214, 6.5006011536],
      [1.2806473373, 2.4700423218, 2.866926712, 1.5275380884, 1.2799274483, 0.89643667244, 2.3688193848, 0.79299497216, 1.3950734913, 4.0396812972, 0.94097298595, 3.3589532324, 2.440507723, 3.3229254262, 1.4561515956, 0.91183919247, 4.896095911, 10.5571835037, 10.577638613, 8.0880749533, 15.9917881255, 15.0558579549, 13.1807352804, 17.2128566275, 13.5572874573, 1.6455568537, 2.8479343853, 1.2306421754, 1.0553391793, 1.6482836297, 1.0935963216, 2.465248393, 1.5892765055, 1.0113329021, 2.9166053388, 2.0460269189, 1.3089192026, 1.2464658537, 0.80672047197, 1.3583555861, 1.78813635, 4.1320887987, 1.6205272959, 1.1513816051, 0.9475916539, 0.42547064843, 1.7585634254, 2.5306907038, 2.5289031994, 2.3659729455]
    ],
    [
      [0.54877888411, 0.781717317, 0.11907482132, 0.47384134547, 0.37569865195, 0.5179132173, 0.55277455378, 0.36722275282, 0.75240945346, 0.38443859075, 0.39027215072, 0.096227126099, 0.58273181732, 0.30604991058, 1.3845259937, 0.48729351805, 0.67822962443, 0.42053307049, 0.40164428571, 1.4054107601, 0.22089768554, 0.23625065074, 0.61518853289, 0.54128928553, 0.71937854495, 5.5844950635, 3.4678615805, 1.6667605393, 5.7332444778, 3.8740279572, 4.5382658998, 4.2600896508, 2.3677275398, 2.3065546395, 0.45312478089, 0.8823269552, 0.55830787519, 0.41798327208, 0.67827317896, 0.80949146555, 0.24598732572, 0.52121948511, 0.47739709616, 0.94286699399, 0.65164496153, 0.32640066949, 0.47465588327, 0.19878790436, 0.42468171796, 0.40442710506],
      [2.1390399044, 1.9492124794, 0.52926898361, 2.0885181496, 1.5199020073, 4.0017973874, 1.6928097497, 1.2989712486, 2.6751132537, 1.9002198562, 2.5258378945, 0.25132757851, 2.1079059533, 1.4041848432, 4.8852318077, 1.7993445523, 2.6779687658, 1.341662453, 2.5689549395, 3.8372742789, 1.9555488632, 0.75482051562, 2.692472728, 1.7302319838, 2.6796181841, 13.0879325594, 9.6379110796, 20.2438162497, 15.9999725887, 16.5403272876, 15.7495384173, 17.2858539749, 15.9954595252, 9.8715254685, 1.7616833642, 2.381449981, 3.9173007832, 1.3254376533, 2.2695280188, 2.4474393325, 1.442192757, 2.0396545392, 1.6629049995, 5.2150389353, 3.6405366968, 2.020877613, 2.0698434947, 1.7847522188, 1.495965967, 1.4661170008],
      [5.3121812115, 6.2690702036, 1.3516561951, 4.437640505, 3.1043993407, 7.4802893953, 6.7544156965, 4.3338059986, 4.5724772929, 5.7153415531, 5.0838899548, 0.65244529539, 6.3093622294, 6.2897652462, 8.7302421986, 3.7133619296, 5.6438016098, 3.2378044765, 5.0294007748, 6.757314961, 4.8235534513, 2.0089288336, 6.6923387391, 6.7284787307, 7.601003271, 33.3275723771, 36.8942273399, 43.089423211, 40.2667829335, 44.5856447552, 39.7121956829, 30.4540563743, 48.6368129351, 17.821919892, 5.7851918549, 6.7362230638, 6.5243913416, 3.2565790746, 4.0521988022, 6.7430692019, 5.3118199173, 6.4391259757, 3.8596979044, 8.8420940707, 9.7078183417, 4.6527217175, 4.455500622, 5.0164598768, 4.0793523151, 4.1294558942]
    ],
    [
      [0.66933391137, 0.40659535392, 0.57690595504, 0.93192432837, 0.66232116597, 0.44535521347, 0.56046577477, 0.57108542605, 0.8472917448, 0.28364795002, 0.5541188453, 0.57339527989, 0.5334460383, 0.38627064343, 1.296491715, 0.50592862851, 0.93924235726, 0.71849887635, 1.0236213616, 1.053379791, 0.34791237492, 0.56821303449, 0.37378384847, 0.54879550662, 0.77912642418, 0.83767273156, 0.75556883852, 0.43317405378, 1.0247568837, 0.69168169141, 0.80018912551, 0.80805651411, 0.37177299522, 4.0874658521, 3.8851441054, 6.6462096595, 4.1867153915, 5.9609270729, 6.8417386266, 5.4124689189, 1.8831392906, 3.422310995, 0.88329325776, 0.57475305855, 0.45063323378, 0.63756461486, 0.42408087328, 0.33957790262, 1.1108175527, 0.56480995641],
      [0.75243223201, 0.29243671543, 0.74177337531, 1.1855137127, 0.77097649534, 0.99001153458, 0.49521913048, 0.58459161439, 0.8737369538, 0.40739086268, 1.0426296635, 0.43789941296, 0.56075886466, 0.51888811123, 1.3296277243, 0.54240780216, 1.073908495, 0.66398727526, 1.9006391442, 0.83141048146, 0.90458498843, 0.52553364958, 0.47661922765, 0.51049444621, 0.84108177902, 0.51605018224, 0.65156732118, 1.1320622797, 0.80766669497, 0.88621596647, 0.82879155864, 1.0079801655, 0.65092036508, 4.9736135856, 4.273137584, 5.2865443545, 8.03045613, 5.5662376217, 6.810741107, 4.7725884198, 3.9690124879, 3.6956723523, 0.89156673722, 0.92579907967, 0.7319438985, 1.1462295445, 0.53598720266, 0.90291082417, 1.131136272, 0.59394720324],
      [6.5782338566, 3.3009679306, 6.6813206697, 8.8825619589, 5.5667023387, 6.5646332519, 6.9443150947, 6.8443229596, 5.2789713014, 4.3089611873, 7.4032514912, 3.9887053071, 5.905795097, 8.0948412453, 8.3738805608, 3.9516635693, 7.9868491477, 5.6175138484, 13.0757394942, 5.1152097275, 7.7475026366, 4.9062533159, 4.1495969239, 6.9407100472, 8.3797917968, 4.6462770862, 8.5928638403, 8.4347636666, 7.1675764214, 8.4221023421, 7.3710193159, 6.1839633204, 6.9773066397, 31.9389205623, 48.8417183106, 51.067245986, 48.7828284785, 46.4728353054, 42.3475202664, 44.8149426613, 50.1478482214, 40.8820166527, 7.225140005, 5.4994478618, 6.8174228677, 9.2162058407, 4.0399319241, 8.7575112732, 10.7580461753, 5.8412428404]
    ],
    [
      [0.10384873916, 0.23796890152, 0.078064793018, 0.1022148055, 0.11510898311, 0.066733646561, 0.13182946962, 0.16002019519, 0.03713451429, 0.055325745556, 0.094647587928, 0.19963505339, 0.12746457885, 0.070426441679, 0.1276185283, 0.19203924128, 0.089373009255, 0.26733602903, 0.056620536446, 0.22691743856, 0.025601320596, 0.093141887143, 0.11001089025, 0.15125011078, 0.13239696446, 0.27630918095, 0.17979567199, 0.029705294212, 0.14780581288, 0.055960098895, 0.13156962408, 0.1587236811, 0.043093120778, 0.12057997888, 0.066795498859, 0.14002578587, 0.06840595388, 0.18282106929, 0.13199460523, 0.19506491806, 0.054610833495, 0.21161446407, 1.0257126716, 0.85840834216, 0.52260858149, 0.56292499927, 0.73190902925, 0, 0.96465392742, 0.87372261543],
      [2.4505596693, 3.5464005894, 2.108720903, 2.7235708756, 2.7906470578, 2.9730008021, 2.376481497, 3.473657691, 0.77455508934, 1.6084009938, 3.8904084014, 3.2444332986, 2.6786835462, 1.7803583095, 2.6389549474, 4.1407290068, 2.0462977964, 4.9690058649, 2.1589661605, 3.784379778, 1.5492777528, 1.7437467866, 2.7554933155, 2.64107097, 2.7866305766, 3.8354361729, 2.9455985301, 1.7069993508, 2.3915373852, 1.437157283, 2.7027389396, 3.8390163624, 1.5846214704, 3.0165189888, 1.5058237564, 2.223898973, 2.7865658511, 3.3840616911, 2.6435660537, 3.4061476847, 2.3135991103, 4.3884695902, 19.2426719657, 22.090469572, 16.4672686433, 19.8178752405, 17.5223004142, 14.1464649146, 16.6379813754, 16.5471862071],
      [5.4455915915, 10.215630509, 4.813214304, 5.1742143189, 5.0942439591, 4.9602655513, 8.4916890333, 10.3663221139, 1.1883103964, 4.3362732606, 7.0149440106, 7.555931648, 7.1938518749, 7.1492152488, 4.2334265243, 7.6672317519, 3.8643291944, 10.7636581061, 3.7844133031, 5.9887027835, 3.4251209266, 4.1631113263, 6.1344957943, 9.2076789193, 7.080972459, 8.8882546462, 9.8746057979, 3.263295355, 5.4606568019, 3.5068826181, 6.1656914363, 6.0022599565, 4.3722854089, 4.8629010324, 4.4273807447, 5.6360752411, 4.145028195, 7.4331172396, 4.2244393411, 8.3987873972, 7.6317900562, 12.3999159457, 39.7316153627, 34.0511220859, 39.0101227752, 40.6191997602, 33.7457905565, 34.8535350854, 40.3973646972, 41.5790911775]
    ]
  ],
  "prob": [
    [0.76505888683, 0.053516025505, 0.18142508767],
    [0.36869459372, 0.58710571154, 0.044199694744],
    [0.10665543907, 0.67247230805, 0.22087225288],
    [0.066778387231, 0.26934009468, 0.66388151809],
    [0.083063234988, 0.096006401718, 0.82093036329],
    [0.012950234298, 0.3075851227, 0.67946464301]
  ],
  "iterations": 23,
  "logLik": 248.6892226565,
  "time": 0.002422,
  "message": "Converged",
  "status": 0,
  "miniter": 0,
  "maxiter": 1000,
  "maxtime": 3600,
  "param_threshold": 0.001,
  "ll_threshold": "-Inf",
  "initial_prob": "group_proportional",
  "adjust_prob_cond_method": "project_lp",
  "adjust_prob_cond_every": false
}
