{
  "Z_true": {},
  "V_true": [
    [14, 24, 639, 69, 376, 29],
    [45, 121, 115, 966, 667, 88],
    [59, 207, 135, 4748, 548, 261],
    [493, 186, 573, 479, 18094, 483],
    [15, 848, 107, 407, 366, 85],
    [190, 44, 65, 179, 643, 95]
  ],
  "p_true": [
    [0.0122, 0.0209, 0.5552, 0.0599, 0.3267, 0.0252],
    [0.0225, 0.0604, 0.0574, 0.4825, 0.3332, 0.044],
    [0.0099, 0.0347, 0.0227, 0.7969, 0.092, 0.0438],
    [0.0243, 0.0092, 0.0282, 0.0236, 0.891, 0.0238],
    [0.0082, 0.4639, 0.0585, 0.2226, 0.2002, 0.0465],
    [0.1562, 0.0362, 0.0535, 0.1472, 0.5288, 0.0781]
  ],
  "Z_est": [
    [
      [0.1824, 0.3251, 1.2916, 0.5309, 0.8452, 0.8861, 0.452, 0, 0, 0, 0.3258, 0.4384, 0.4402, 0.6742, 0.7887, 0.0775, 0.8163, 0.6686, 0.2051, 0.2404, 0.1951, 0.4959, 1.0928, 1.358, 1.0649, 0.5919, 0.2005, 1.029, 0, 0, 0.2507, 0, 2.7178, 0.1603, 1.093, 0.1104],
      [0.054, 0.0244, 0.628, 0.8111, 0.4112, 0.2944, 0.4271, 0.1162, 0.0636, 0, 0.2919, 0.3339, 0.5564, 0.441, 0.6734, 0.0517, 0.4107, 0.2638, 0.2869, 0.2674, 0.1647, 0.2931, 0.8064, 0.9286, 0.9261, 0.6582, 0.157, 0.4219, 0, 0, 0.1515, 0.0226, 2.8888, 0.2109, 0.9286, 0.0113],
      [9.9282, 3.2036, 39.6278, 20.9595, 21.9595, 34.2435, 18.5437, 0.6363, 1.9435, 0, 12.6278, 19.9633, 12.628, 28.9991, 32.9, 0.9838, 22.0735, 2.8611, 9.0102, 10.9322, 8.5399, 14.4611, 46.2591, 32.3735, 34.7806, 23.5581, 8.7921, 19.5147, 0, 0, 9.0755, 0.5862, 92.4822, 4.2721, 30.4769, 0.3802],
      [0.2752, 0.0705, 1.5588, 0.6671, 0.6303, 0.9141, 0.7752, 0.0596, 0.0824, 0, 0.4284, 0.6544, 0.6693, 0.8204, 0.8389, 0.0381, 0.6303, 0.2292, 0.4545, 0.2597, 0.2303, 0.6018, 1.4241, 1.6517, 1.1507, 1.3134, 0.3116, 0.6351, 0, 0, 0.3701, 0.0198, 4.3479, 0.2913, 1.2386, 0.0627],
      [3.4354, 2.2677, 15.7065, 11.8483, 12.5207, 8.587, 10.4967, 0.6699, 1.5958, 0, 4.7056, 11.1632, 8.4158, 12.4108, 16.2752, 0.6139, 11.5866, 0.9773, 4.204, 6.1505, 3.3559, 6.795, 23.0577, 18.0742, 10.5088, 8.8852, 3.6582, 12.2225, 0, 0, 5.5371, 0.2588, 59.4037, 3.0153, 16.059, 0.4355],
      [1.1248, 0.1087, 12.1873, 6.1831, 3.6331, 4.0749, 3.3054, 0.518, 1.3147, 0, 3.6206, 3.4468, 4.2904, 4.6545, 5.5237, 0.235, 3.4826, 0, 1.8394, 2.1497, 1.5142, 4.3531, 7.3599, 10.614, 8.5689, 7.9933, 1.8805, 4.1768, 0, 0, 1.6151, 0.1126, 30.1596, 2.0501, 6.2039, 0]
    ],
    [
      [0.0692, 0.0166, 1.0242, 0.6462, 0.7388, 0.7783, 0.3167, 0, 0, 0, 0.3224, 0.3829, 0.3966, 0.8189, 0.6805, 0.0717, 0.5921, 0.0239, 0.1754, 0.2748, 0.2442, 0.7104, 0.7604, 0.979, 0.8298, 0.5798, 0.2472, 1.0644, 0, 0.0832, 0.1991, 0, 1.5367, 0.1387, 1.4143, 0.3014],
      [0.0312, 0.0059, 0.743, 1.4736, 0.5343, 0.3881, 0.4482, 0.0866, 0.0641, 0.0036, 0.4271, 0.4426, 0.7421, 0.7938, 0.8638, 0.0726, 0.4426, 0.0911, 0.3636, 0.4579, 0.3048, 0.6232, 0.8368, 0.998, 1.0864, 0.9542, 0.2853, 0.6545, 0, 0.1319, 0.1787, 0.086, 2.4462, 0.268, 1.7849, 0.1323],
      [0.8383, 0.1093, 7.3725, 6.0106, 4.4785, 7.0386, 3.0503, 0.0661, 0.3593, 0.3965, 2.857, 4.1393, 2.6323, 8.1817, 6.6215, 0.1996, 3.723, 0.1442, 1.743, 2.9229, 2.4392, 4.8127, 7.5554, 5.4634, 6.3745, 5.3327, 2.4679, 4.7518, 0, 1.0984, 1.6566, 0.3249, 12.3531, 0.8286, 9.2141, 0.6353],
      [4.2721, 0.4996, 49.7171, 32.825, 22.1523, 32.4804, 21.9961, 1.5173, 3.1594, 0.0494, 16.9743, 23.4885, 24.1575, 39.8429, 29.2032, 1.5178, 18.4303, 2.9285, 15.5866, 12.1599, 11.549, 34.5214, 39.788, 47.8666, 36.3956, 51.4044, 15.3908, 26.6355, 0, 2.7611, 11.8659, 2.7048, 99.0023, 10.1282, 64.0834, 21.0573],
      [4.6966, 1.3573, 45.0506, 52.3963, 39.4079, 27.5237, 26.6836, 1.2714, 5.164, 1.5505, 16.6494, 35.8796, 27.23, 54.1351, 50.5964, 2.0903, 30.2662, 0.8123, 12.7985, 25.6433, 15.0504, 34.9846, 57.9454, 47.0226, 29.84, 31.0446, 16.1048, 45.9451, 0, 5.9254, 15.823, 2.8004, 121.9182, 9.2557, 74.767, 12.8737],
      [0.0926, 0.0113, 2.0925, 1.6483, 0.6883, 0.791, 0.5051, 0.0585, 0.2531, 0, 0.7699, 0.6671, 0.8414, 1.2274, 1.0345, 0.048, 0.5459, 0, 0.3329, 0.5412, 0.4124, 1.3478, 1.114, 1.6703, 1.4737, 1.6844, 0.5039, 0.9488, 0, 0, 0.2767, 0.0839, 3.7436, 0.3807, 1.7363, 0]
    ],
    [
      [0.2671, 0.0087, 0.0338, 0.0192, 0.0721, 0, 0.0085, 0, 0, 0, 0.0747, 0.0003, 0.0724, 0.082, 0.055, 0, 0.0323, 0, 0.0856, 0, 0.2229, 0.1067, 0.0551, 0.0802, 0, 0.2557, 0.0874, 0.0379, 0.7778, 0.1242, 0.0198, 0, 0, 0.0572, 0.1369, 0.4529],
      [0.0779, 0.0729, 4.7132, 6.7683, 4.6696, 3.5599, 2.5182, 0.3003, 0.0897, 0.0268, 3.8664, 1.9953, 8.1289, 5.8453, 6.4748, 0.9236, 2.1859, 0.0696, 4.5171, 5.8078, 8.0431, 6.3079, 8.8038, 10.6074, 13.3226, 10.7721, 3.7882, 5.0597, 0, 0.1915, 1.4016, 0.128, 24.1842, 2.676, 14.3521, 0.3579],
      [0.2026, 0.0358, 1.1556, 0.6754, 0.9655, 0.9736, 0.4224, 0.0003, 0.0137, 0.0557, 0.6248, 0.4646, 0.6006, 1.4545, 1.2352, 0.0676, 0.4542, 0.0139, 0.6205, 0.9405, 1.5404, 1.2609, 1.9701, 1.3979, 1.5701, 1.5759, 0.8297, 0.8943, 0, 0.0427, 0.3239, 0.0194, 2.7928, 0.1398, 1.8442, 0],
      [33.1532, 5.6857, 228.8538, 109.1908, 140.932, 228.1522, 90.1151, 4.4277, 4.3564, 0.9176, 111.9878, 77.3709, 192.5548, 213.1887, 159.4875, 15.1472, 66.5828, 2.8797, 140.274, 112.7073, 222.3394, 253.7459, 303.9398, 368.6206, 331.2267, 416.3115, 149.2222, 149.8264, 0, 3.6391, 68.2618, 3.6912, 709.9568, 73.954, 373.4767, 41.0454],
      [0.0082, 0.0008, 0.2593, 0.1538, 0.2169, 0.9927, 0.091, 0, 0.0006, 0, 0.0262, 0.0998, 0.1836, 0.2207, 0.2447, 0.022, 0.0854, 0.0368, 0, 0.273, 0.0625, 0.1465, 0.3743, 0.3379, 0.8978, 0.6815, 0, 0.2761, 0.2222, 0.0025, 0.0537, 0, 1.0212, 0.032, 0.3025, 0.1439],
      [1.291, 0.196, 17.9844, 10.1924, 8.1438, 10.3216, 3.8449, 0.2717, 0.5396, 0, 9.4201, 4.069, 12.4597, 12.2087, 10.5029, 0.8395, 3.6594, 0, 5.5028, 9.2714, 14.7917, 18.4322, 15.8568, 23.9559, 24.9828, 25.4033, 9.0725, 9.9056, 0, 0, 2.9392, 0.1613, 50.045, 5.1411, 18.8876, 0]
    ],
    [
      [3.7453, 1.1319, 36.5577, 22.6853, 34.7688, 29.1089, 18.5041, 0, 0, 0, 11.8541, 9.9007, 15.2731, 23.2508, 17.5563, 4.3039, 23.3737, 1.6212, 5.1478, 7.0426, 8.556, 20.5057, 34.4323, 33.283, 31.4895, 23.9611, 8.2036, 39.038, 0, 0.2686, 7.5678, 0, 56.6995, 5.8028, 38.8318, 4.08],
      [0, 0.0803, 2.4072, 3.9905, 2.4804, 0.9493, 2.7004, 0.3805, 0.1476, 0, 1.5553, 1.1393, 2.4884, 2.0718, 2.154, 0.4974, 1.7462, 0.5749, 1.0895, 0.9368, 0.9413, 1.6806, 3.9002, 3.2307, 4.1867, 4.0131, 0.81, 2.3957, 0, 0.6413, 0.578, 0.1161, 8.7517, 1.0613, 4.5107, 0.1476],
      [6.8459, 1.2718, 41.3209, 33.9189, 33.0278, 37.7773, 29.1508, 0.2372, 0.67, 0.2851, 15.9491, 17.8478, 14.8066, 35.5417, 26.857, 2.2475, 23.1886, 0.953, 7.991, 12.3981, 12.9472, 21.7678, 54.3866, 28.7969, 37.567, 34.1801, 12.5543, 27.9026, 0, 2.4459, 9.8766, 0.9626, 70.5676, 4.7929, 39.4504, 0.6648],
      [2.7278, 0.2874, 19.4281, 12.618, 9.6056, 14.7893, 14.5939, 0.5653, 0.3804, 0, 6.502, 6.6833, 9.8674, 11.8238, 7.0214, 1.1227, 7.1069, 0.7985, 4.6918, 2.6066, 4.0244, 10.556, 19.3989, 16.9544, 15.3584, 19.8633, 5.0843, 9.4929, 0, 0.236, 4.9607, 0.331, 40.5172, 4.0617, 19.0405, 6.7797],
      [133.4112, 43.2286, 860.6359, 1004.4222, 979.9501, 573.7015, 862.053, 30.2207, 36.1262, 3.7149, 318.7216, 517.4584, 551.3782, 809.3304, 692.0937, 75.5396, 630.8338, 14.0524, 196.8507, 362.0942, 274.5618, 533.6794, 1412.0053, 850.4307, 624.9716, 675.4576, 278.1438, 927.9826, 18, 41.4082, 316.6398, 22.3006, 2456.5715, 199.1057, 1086.1346, 189.3279],
      [0.2697, 0, 2.6502, 3.3651, 1.1673, 1.6737, 0.9978, 0.5964, 0.6758, 0, 1.418, 0.9706, 2.1863, 1.9815, 1.3176, 0.2888, 0.7507, 0, 0.2292, 0.9218, 0.9693, 1.8105, 1.8767, 3.3044, 3.4268, 3.5247, 1.204, 2.1882, 0, 0, 0.3771, 0.2897, 7.8926, 1.1756, 2.032, 0]
    ],
    [
      [0.0015, 0.0031, 0, 0, 0.0007, 0, 0, 0, 0, 0, 0.0041, 0, 0.004, 0.0023, 0.001, 0, 0.0007, 0, 0.0035, 0, 0.0099, 0.0041, 0, 0, 0, 0.0092, 0.0039, 0, 0, 0, 0.0003, 0, 0, 0.0029, 0.0008, 0.3621],
      [3.8206, 1.8081, 33.091, 35.0761, 23.5034, 27.5239, 32.5219, 0.9738, 0.6349, 0.9647, 23.6415, 22.9127, 55.6513, 41.5604, 62.5355, 7.3411, 20.9939, 0.9886, 23.6057, 28.3384, 39.3205, 52.7095, 94.9873, 47.6366, 43.9505, 62.9173, 22.7784, 30.0949, 0, 0, 9.5633, 2.5887, 235.1388, 14.6123, 41.7265, 2.3116],
      [0.6607, 0.1872, 2.4473, 1.0451, 1.4511, 3.6414, 1.6292, 0.0005, 0.0135, 0.0268, 1.1524, 1.5676, 1.4501, 3.1889, 3.5813, 0.1178, 1.2844, 0.0018, 0.8244, 1.3122, 2.3192, 3.0479, 6.4666, 1.9503, 1.9075, 2.653, 1.4369, 1.6159, 0, 0, 0.6257, 0.0345, 8.9592, 0.3142, 1.6033, 0.0738],
      [0.6351, 0.1579, 3.1612, 1.0933, 1.3744, 3.2265, 2.245, 0.0031, 0.0214, 0, 1.3103, 1.7, 2.5686, 2.9759, 3.0078, 0.1671, 1.2142, 0.003, 1.405, 1.0373, 2.1048, 4.1829, 6.5231, 3.2739, 2.0971, 4.8563, 1.7129, 1.7337, 0, 0, 0.8564, 0.0461, 13.8279, 0.7363, 2.1401, 0.422],
      [2.2583, 1.3716, 9.1797, 5.5911, 7.8355, 8.7631, 8.7422, 0.008, 0.1133, 0.0085, 4.1139, 8.33, 9.2667, 12.9476, 16.7742, 0.7398, 6.4014, 0.0065, 3.6918, 7.046, 8.768, 13.5695, 30.4306, 10.303, 5.5125, 9.4857, 5.7389, 9.5898, 0, 0, 3.6603, 0.156, 54.5424, 2.1627, 7.9854, 0.8305],
      [1.6238, 0.4722, 15.1207, 6.1944, 4.835, 8.8451, 5.8616, 0.0146, 0.2168, 0, 6.7778, 5.4896, 10.0592, 10.3249, 12.1, 0.6343, 4.1055, 0, 3.4696, 5.2661, 8.4776, 18.4861, 20.5924, 12.8361, 9.5324, 18.0785, 6.3291, 6.9657, 0, 0, 2.294, 0.1747, 58.5317, 3.1716, 6.5439, 0]
    ],
    [
      [0.7346, 0.5146, 12.0927, 8.1185, 11.5745, 12.2267, 5.7188, 0, 0, 0, 3.419, 3.2776, 4.8137, 6.1717, 4.9185, 2.5469, 6.185, 0.6862, 1.3826, 2.4422, 3.7719, 9.1772, 12.6593, 12.2998, 8.6158, 8.6023, 3.2574, 12.8308, 0.2222, 0.5241, 2.9622, 0, 21.046, 1.8381, 11.5232, 1.6933],
      [0.0163, 0.0084, 0.4176, 0.8804, 0.4009, 0.2844, 0.3842, 0.1427, 0, 0.0049, 0.2179, 0.1761, 0.4328, 0.2876, 0.2985, 0.1135, 0.2208, 0.0121, 0.1372, 0.1917, 0.2256, 0.3858, 0.6654, 0.5986, 0.5277, 0.6851, 0.181, 0.3733, 0, 0.0353, 0.1269, 0.0585, 1.5904, 0.1716, 0.6973, 0.0394],
      [0.5243, 0.1924, 5.0758, 4.3905, 4.1176, 6.3256, 3.2035, 0.0595, 0, 0.236, 1.789, 2.0174, 1.8824, 3.6341, 2.8049, 0.3837, 2.2763, 0.026, 0.8109, 1.4941, 2.214, 3.6495, 7.3622, 4.018, 3.8002, 4.7002, 1.9191, 3.3207, 0, 0.4129, 1.4418, 0.0724, 9.8451, 0.6524, 4.4112, 0.2459],
      [0.9365, 0.2989, 12.2809, 8.6057, 7.3053, 10.4376, 8.2747, 0.427, 0, 0.0331, 3.7971, 4.103, 6.1824, 6.3482, 4.4411, 1.0071, 4.0354, 0.161, 2.5881, 2.2292, 3.7522, 9.3921, 13.9262, 12.6328, 7.7715, 16.2511, 4.2782, 6.6764, 0, 0.3639, 3.6851, 0.2071, 28.3478, 2.8284, 11.0207, 2.6329],
      [2.1903, 1.774, 23.1681, 28.5882, 27.069, 18.432, 20.9336, 0.83, 0, 0.7261, 7.7834, 13.0689, 14.5257, 17.9554, 16.0157, 2.9944, 13.8266, 0.1147, 4.4551, 9.793, 10.2015, 19.8251, 42.1867, 25.8315, 13.2693, 20.4455, 9.3543, 23.9838, 0.7778, 1.6638, 10.2861, 0.4842, 72.543, 5.4286, 26.7514, 3.3885],
      [0.598, 0.2118, 14.9649, 12.4167, 6.5326, 7.2937, 5.4852, 0.5408, 0, 0, 4.9936, 3.3569, 6.163, 5.603, 4.5213, 0.9544, 3.4559, 0, 1.6261, 2.8498, 3.8348, 10.5704, 11.2002, 12.6192, 9.0155, 15.3158, 4.01, 6.815, 0, 0, 2.4979, 0.1777, 30.6276, 3.0809, 8.5962, 0]
    ]
  ],
  "V_est": [
    [19.5486, 14.9768, 629.5767, 23.7053, 314.8977, 148.2948],
    [16.4177, 19.2473, 128.1931, 828.1126, 982.5038, 27.5255],
    [3.2264, 172.6077, 27.1792, 5407.2225, 7.4703, 340.2939],
    [578.5458, 64.3547, 701.1495, 309.8798, 18602.5383, 51.5319],
    [0.414, 1147.8236, 58.5918, 71.8208, 275.9246, 273.4252],
    [197.8475, 10.9898, 89.3098, 207.2589, 510.6652, 199.9287]
  ],
  "p_est": [
    [0.017, 0.013, 0.547, 0.0206, 0.2736, 0.1288],
    [0.0082, 0.0096, 0.064, 0.4136, 0.4908, 0.0137],
    [0.0005, 0.029, 0.0046, 0.9076, 0.0013, 0.0571],
    [0.0285, 0.0032, 0.0345, 0.0153, 0.916, 0.0025],
    [0.0002, 0.6279, 0.0321, 0.0393, 0.1509, 0.1496],
    [0.1627, 0.009, 0.0734, 0.1704, 0.42, 0.1644]
  ],
  "EI_Z": {},
  "EI_V": 7.9102,
  "MAE_Z": {},
  "MAE_V": 142.6602,
  "MAE_p": 0.0464,
  "runtime": 0.235
}
