{
  "X": [
    [31, 8, 42, 19],
    [40, 6, 37, 17],
    [33, 9, 35, 23],
    [30, 13, 44, 13],
    [29, 6, 43, 22],
    [37, 6, 40, 17],
    [36, 13, 35, 16],
    [32, 2, 50, 16],
    [15, 11, 37, 37],
    [17, 21, 22, 40],
    [17, 11, 27, 45],
    [19, 14, 20, 47],
    [13, 21, 25, 41],
    [10, 22, 25, 43],
    [14, 17, 27, 42],
    [14, 15, 26, 45],
    [15, 20, 29, 36],
    [24, 14, 34, 28],
    [22, 12, 41, 25],
    [21, 17, 27, 35],
    [22, 12, 36, 30],
    [24, 7, 45, 24],
    [12, 11, 41, 36],
    [23, 12, 42, 23],
    [23, 15, 32, 30],
    [17, 13, 15, 55],
    [23, 9, 14, 54],
    [18, 13, 19, 50],
    [17, 11, 21, 51],
    [16, 9, 13, 62],
    [14, 14, 23, 49],
    [13, 11, 19, 57],
    [16, 10, 10, 64],
    [28, 17, 21, 34],
    [43, 24, 16, 17],
    [41, 21, 21, 17],
    [49, 18, 21, 12],
    [51, 14, 14, 21],
    [35, 27, 22, 16],
    [35, 27, 21, 17],
    [41, 25, 16, 18],
    [34, 16, 23, 27],
    [14, 29, 36, 21],
    [22, 19, 35, 24],
    [16, 35, 19, 30],
    [17, 29, 27, 27],
    [18, 23, 20, 39],
    [16, 25, 23, 36],
    [18, 23, 26, 33],
    [19, 26, 27, 28]
  ],
  "W": [
    [61, 9, 8, 8, 7, 7],
    [58, 10, 10, 6, 10, 6],
    [57, 12, 8, 9, 7, 7],
    [62, 6, 4, 10, 4, 14],
    [55, 13, 7, 7, 9, 9],
    [55, 9, 12, 10, 9, 5],
    [55, 9, 3, 14, 11, 8],
    [67, 4, 2, 8, 11, 8],
    [22, 41, 8, 13, 5, 11],
    [14, 49, 7, 8, 13, 9],
    [6, 57, 13, 6, 10, 8],
    [8, 52, 8, 15, 8, 9],
    [3, 56, 13, 8, 11, 9],
    [7, 56, 6, 10, 7, 14],
    [8, 69, 5, 6, 7, 5],
    [7, 67, 7, 2, 8, 9],
    [7, 39, 25, 7, 11, 11],
    [11, 3, 60, 11, 10, 5],
    [5, 12, 61, 11, 7, 4],
    [7, 7, 60, 10, 4, 12],
    [12, 11, 55, 6, 7, 9],
    [8, 7, 61, 6, 11, 7],
    [3, 11, 65, 5, 7, 9],
    [10, 9, 58, 10, 5, 8],
    [9, 9, 61, 6, 7, 8],
    [11, 12, 6, 52, 11, 8],
    [6, 7, 10, 54, 14, 9],
    [11, 11, 11, 53, 10, 4],
    [13, 8, 3, 56, 4, 16],
    [10, 12, 5, 62, 4, 7],
    [8, 8, 7, 55, 7, 15],
    [12, 5, 8, 56, 10, 9],
    [11, 8, 5, 66, 6, 4],
    [12, 7, 6, 28, 41, 6],
    [8, 8, 9, 3, 64, 8],
    [7, 8, 16, 5, 59, 5],
    [11, 8, 6, 7, 57, 11],
    [6, 7, 8, 10, 65, 4],
    [5, 6, 12, 11, 57, 9],
    [8, 7, 8, 13, 53, 11],
    [10, 8, 10, 8, 58, 6],
    [14, 3, 13, 12, 34, 24],
    [7, 10, 6, 8, 7, 62],
    [12, 10, 11, 6, 13, 48],
    [4, 10, 7, 8, 9, 62],
    [7, 7, 9, 8, 9, 60],
    [2, 13, 9, 12, 6, 58],
    [6, 7, 12, 11, 6, 58],
    [7, 10, 3, 10, 11, 59],
    [9, 7, 6, 7, 12, 59]
  ],
  "method": "mvn_cdf",
  "mvncdf_method": "genz",
  "mvncdf_samples": 5000,
  "mvncdf_error": 0.001,
  "cond_prob": [
    [
      [0.39654362027, 0.01281577122, 0.55506379583, 0.035576812682],
      [0.040586151076, 0.15981367884, 0.20195335062, 0.59764681946],
      [0.16854009389, 0.09488380214, 0.44290228732, 0.29367381665],
      [0.060998090508, 0.052759037302, 0.044091099152, 0.84215177304],
      [0.56710901987, 0.2934372123, 0.088806216622, 0.050647551211],
      [0.091356455693, 0.36353023491, 0.25799109864, 0.28712221076]
    ],
    [
      [0.48942052604, 0.0052115802533, 0.47532603184, 0.030041861866],
      [0.065365617676, 0.12743785246, 0.22621587689, 0.58098065298],
      [0.2415732039, 0.06705878643, 0.43833754262, 0.25303046705],
      [0.097934651309, 0.04168218435, 0.049497781954, 0.81088538239],
      [0.70730245847, 0.17792226179, 0.076289020426, 0.038486259322],
      [0.14726479694, 0.28724103874, 0.28761317698, 0.27788098734]
    ],
    [
      [0.45355474645, 0.015614957554, 0.48969563493, 0.041134661059],
      [0.040899003897, 0.16484753842, 0.15678155665, 0.63747190103],
      [0.18253224548, 0.10569824131, 0.37277801182, 0.33899150139],
      [0.058762723974, 0.052248149399, 0.032449043502, 0.85654008313],
      [0.57264104728, 0.30356678905, 0.069486487309, 0.05430567636],
      [0.094140227842, 0.38442716571, 0.20647131881, 0.31496128764]
    ],
    [
      [0.39865023245, 0.0084560627891, 0.57692079148, 0.015972913282],
      [0.051635301845, 0.30013658317, 0.26445000593, 0.38377810906],
      [0.18368179264, 0.15235374157, 0.50021825466, 0.16374621113],
      [0.09951806229, 0.12525770605, 0.0752056834, 0.70001854826],
      [0.50386645043, 0.39029328371, 0.082546885926, 0.023293379936],
      [0.087750012991, 0.51798138903, 0.25436382117, 0.13990477681]
    ],
    [
      [0.37083002742, 0.00088515491828, 0.59011418847, 0.038170629183],
      [0.040589984575, 0.099025165339, 0.22767018324, 0.63271466685],
      [0.16146805341, 0.057023687646, 0.48136485203, 0.30014340692],
      [0.058882021787, 0.031548543158, 0.048611909272, 0.86095752578],
      [0.62629932392, 0.20249018013, 0.11120940938, 0.060001086572],
      [0.099726027846, 0.2468413437, 0.31925391537, 0.33417871309]
    ],
    [
      [0.45870488791, 0.0065206239619, 0.51368843535, 0.021086052775],
      [0.072229570061, 0.14111359468, 0.28777935859, 0.49887747667],
      [0.23819482994, 0.066565162835, 0.49974692083, 0.19549308639],
      [0.11784712078, 0.050576159352, 0.068521621647, 0.76305509822],
      [0.70416605388, 0.17814417582, 0.087702563567, 0.029987206735],
      [0.14937227645, 0.29270044001, 0.33712389797, 0.22080338557]
    ],
    [
      [0.47025280836, 0.0078506602268, 0.5051268058, 0.016769725612],
      [0.065342108428, 0.29494668574, 0.24732507078, 0.39238613504],
      [0.22874843963, 0.147701464, 0.45903313455, 0.16451696182],
      [0.12190818434, 0.11884970053, 0.068329291855, 0.69091282327],
      [0.57012215047, 0.33964342386, 0.068868805104, 0.021365620563],
      [0.11046412616, 0.50882695674, 0.2376042123, 0.1431047048]
    ],
    [
      [0.32460786403, 0, 0.63495202291, 0.040440113055],
      [0.041780286071, 0.059527389982, 0.27693530662, 0.62175701732],
      [0.15414772151, 0.031954509243, 0.54489373526, 0.26900403399],
      [0.061262180624, 0.017490071332, 0.059423905421, 0.86182384262],
      [0.76647436072, 0.030732007222, 0.14159920303, 0.061194429024],
      [0.10681763871, 0.15250109644, 0.40346291138, 0.33721835347]
    ],
    [
      [0.31935071478, 0.0064133081336, 0.64841039806, 0.025825579023],
      [0.045308987324, 0.13188589723, 0.30193069743, 0.52087441802],
      [0.14890678554, 0.065755406169, 0.56919025538, 0.21614755291],
      [0.073055553343, 0.048938393307, 0.073939967401, 0.80406608595],
      [0.5900341704, 0.23374190824, 0.13190476626, 0.044319155099],
      [0.093224405882, 0.28369395739, 0.38014065433, 0.2429409824]
    ],
    [
      [0.4180134891, 0.013402386228, 0.53283337583, 0.035750748838],
      [0.041726980242, 0.21310265301, 0.17460037974, 0.57056998701],
      [0.16883375678, 0.13353291487, 0.40476643568, 0.29286689267],
      [0.062408615551, 0.074364119905, 0.040855561688, 0.82237170286],
      [0.51400542919, 0.3674459973, 0.071478372135, 0.047070201376],
      [0.082223702149, 0.45154391859, 0.21060952777, 0.25562285149]
    ],
    [
      [0.43661590622, 0.0047449741137, 0.53196455056, 0.026674569111],
      [0.058851222762, 0.10600546803, 0.2441830882, 0.59096022101],
      [0.20535166902, 0.05984831844, 0.47149230192, 0.26330771062],
      [0.084438339932, 0.037870567546, 0.054303558794, 0.82338753373],
      [0.68308157085, 0.1809055423, 0.091344611802, 0.044668275048],
      [0.12734592748, 0.2643639387, 0.31513865919, 0.29315147464]
    ],
    [
      [0.55354513299, 0.0075904035231, 0.41403800495, 0.024826458534],
      [0.069300367157, 0.1547680977, 0.19760996443, 0.57832157072],
      [0.27222150508, 0.081882147109, 0.38754668332, 0.25834966449],
      [0.10886842726, 0.050904746094, 0.043470909108, 0.79675591754],
      [0.71729236034, 0.18919813193, 0.059001554267, 0.034507953462],
      [0.15765361239, 0.3287913631, 0.24305869697, 0.27049632754]
    ],
    [
      [0.37794723011, 0.011515327579, 0.58438198578, 0.026155456533],
      [0.044548887938, 0.20417728633, 0.23479617215, 0.51647765358],
      [0.16469989706, 0.11477754253, 0.47841464868, 0.24210791173],
      [0.07128958256, 0.075312830965, 0.057582470536, 0.79581511594],
      [0.53487408623, 0.33455828935, 0.090667200218, 0.039900424206],
      [0.086265590483, 0.41741934437, 0.26898655587, 0.22732850928]
    ],
    [
      [0.33757154404, 0.012613848048, 0.62039916217, 0.02941544574],
      [0.033524246055, 0.20894115059, 0.22927687668, 0.52825772668],
      [0.13937154236, 0.12273243442, 0.48207442891, 0.25582159432],
      [0.057825239565, 0.077105342875, 0.056056180354, 0.80901323721],
      [0.47970743131, 0.37841181613, 0.096945178323, 0.044935574232],
      [0.070514838829, 0.43247627733, 0.26329115324, 0.2337177306]
    ],
    [
      [0.42692273746, 0.0087686556045, 0.54298446131, 0.021324145627],
      [0.058633274835, 0.18108092011, 0.25710978327, 0.50317602179],
      [0.20220785313, 0.092223786758, 0.48696353309, 0.21860482702],
      [0.094266051873, 0.065588828536, 0.063189710701, 0.77695540889],
      [0.6268118356, 0.25216588867, 0.087187556756, 0.033834718972],
      [0.11492074212, 0.3630908284, 0.29825608739, 0.22373234209]
    ],
    [
      [0.42105394157, 0.0075890693348, 0.54400664695, 0.027350342146],
      [0.052144688393, 0.14285814839, 0.23109189072, 0.5739052725],
      [0.19041353483, 0.079057825902, 0.46519288978, 0.26533574949],
      [0.077170583152, 0.048895070867, 0.052747703435, 0.82118664255],
      [0.63395210363, 0.23219402136, 0.089636901676, 0.044216973332],
      [0.11111950529, 0.31851483095, 0.29220621602, 0.27815944774]
    ],
    [
      [0.36647560911, 0.011845983619, 0.59307396267, 0.028604444599],
      [0.039672793312, 0.20427829063, 0.22518165251, 0.53086726355],
      [0.15585800112, 0.11682175615, 0.47190068338, 0.25541955935],
      [0.064955881253, 0.074329023423, 0.054694949794, 0.80602014553],
      [0.51377542941, 0.35121106956, 0.09153944042, 0.043474060607],
      [0.080432806964, 0.42236872249, 0.26173474871, 0.23546372184]
    ],
    [
      [0.44422036627, 0.011876231874, 0.51569268548, 0.028210716379],
      [0.049627668138, 0.20809026316, 0.20459813998, 0.53768392873],
      [0.19778994294, 0.11911553961, 0.42141259373, 0.26168192373],
      [0.079837285409, 0.072914946753, 0.047310764651, 0.79993700319],
      [0.57152119025, 0.31621524196, 0.073136742935, 0.039126824861],
      [0.10077486963, 0.42678828994, 0.23540891515, 0.23702792528]
    ],
    [
      [0.41730277783, 0.0082765818112, 0.55801621242, 0.016404427943],
      [0.064144665154, 0.18753456197, 0.30166210246, 0.44665867042],
      [0.21243758419, 0.094291639646, 0.52057004995, 0.17270072622],
      [0.11339567458, 0.073432342842, 0.078192707285, 0.7349792753],
      [0.63546674363, 0.24361789364, 0.093774768899, 0.027140593827],
      [0.12235946697, 0.36083282555, 0.32966437474, 0.18714333274]
    ],
    [
      [0.50368753126, 0.014035541088, 0.4464215029, 0.035855424749],
      [0.048569223124, 0.21286520015, 0.15068086824, 0.58788470848],
      [0.21505689622, 0.13281653594, 0.33559679594, 0.3165297719],
      [0.073667715659, 0.070390676264, 0.031886215457, 0.82405539262],
      [0.56863671484, 0.33185027528, 0.055828177328, 0.043684832554],
      [0.10163041086, 0.45094956592, 0.17852506516, 0.26889495806]
    ],
    [
      [0.43025952975, 0.009306600219, 0.53053877462, 0.02989509541],
      [0.048783115246, 0.15485776798, 0.21231725472, 0.58404186205],
      [0.19242942993, 0.090635415211, 0.43674878141, 0.28018637345],
      [0.074378340827, 0.052032037654, 0.047403535275, 0.82618608624],
      [0.61441095669, 0.25594577567, 0.083739953708, 0.045903313925],
      [0.10772288749, 0.34401387304, 0.26736233749, 0.28090090198]
    ],
    [
      [0.37576208981, 0.0031400253185, 0.59992178348, 0.021176101384],
      [0.056636758094, 0.10776075811, 0.31597678744, 0.51962569636],
      [0.19315119692, 0.040427423311, 0.54900477858, 0.21741660119],
      [0.092678201501, 0.038373590475, 0.076129733359, 0.79281847466],
      [0.67266240719, 0.16931431973, 0.11780690032, 0.040216372763],
      [0.12283818209, 0.23739751556, 0.39240606042, 0.24735824193]
    ],
    [
      [0.28775671933, 0.008137439429, 0.66594607159, 0.038159769652],
      [0.025064564585, 0.11915054545, 0.22475349279, 0.63103139718],
      [0.10049057884, 0.074143313162, 0.50119460424, 0.32417150376],
      [0.039924993507, 0.039157760687, 0.049729634817, 0.87118761099],
      [0.50650769822, 0.29039990072, 0.13034394756, 0.072748453497],
      [0.064883683552, 0.29078091308, 0.31012980912, 0.33420559425]
    ],
    [
      [0.42815228903, 0.0086960392298, 0.54765628965, 0.015495382095],
      [0.066459673925, 0.18695638917, 0.30094283604, 0.44564110087],
      [0.21901132623, 0.093761075699, 0.51650378643, 0.17072381164],
      [0.11751088464, 0.07308473512, 0.077907256078, 0.73149712416],
      [0.64507631449, 0.23689748582, 0.091496184919, 0.02653001477],
      [0.12714908802, 0.3596193668, 0.3276473101, 0.18558423508]
    ],
    [
      [0.47599776064, 0.011982865721, 0.48113805485, 0.030881318791],
      [0.051107470425, 0.19887825007, 0.18241984993, 0.56759442957],
      [0.20985079045, 0.1184572417, 0.38667848366, 0.28501348419],
      [0.078888916807, 0.067391097714, 0.04109753692, 0.81262244856],
      [0.59000787603, 0.30282648023, 0.065864678805, 0.041300964927],
      [0.10647075872, 0.41902828325, 0.21661917259, 0.25788178544]
    ],
    [
      [0.43570855297, 0.012131445168, 0.51945100579, 0.032708996075],
      [0.04417702964, 0.18452578058, 0.18411046159, 0.58718672819],
      [0.18329235057, 0.1111090984, 0.40915251366, 0.29644603737],
      [0.068546612974, 0.064318986961, 0.038388136809, 0.82874626326],
      [0.56829361923, 0.31146018912, 0.073704863981, 0.046541327663],
      [0.095209221498, 0.40186759294, 0.22685771218, 0.27606547338]
    ],
    [
      [0.52301163372, 0.0061321978063, 0.44501234487, 0.025843823599],
      [0.068212640809, 0.13187291458, 0.20729607969, 0.59261836492],
      [0.25456930512, 0.070644659714, 0.40834734978, 0.26643868538],
      [0.10049653503, 0.040391423057, 0.04607065558, 0.81304138633],
      [0.71681745728, 0.17778186013, 0.066931377409, 0.038469305184],
      [0.15294348525, 0.29595188079, 0.26339168779, 0.28771294616]
    ],
    [
      [0.4134375077, 0.01114478399, 0.55333213647, 0.022085571846],
      [0.051419459142, 0.21862102252, 0.24026106055, 0.4896984578],
      [0.18947028555, 0.11679656813, 0.47382448292, 0.21990866341],
      [0.089540952652, 0.081009900739, 0.059806000089, 0.76964314652],
      [0.56607978522, 0.31777243103, 0.08291887952, 0.033228904234],
      [0.098982970261, 0.42914120738, 0.26487468022, 0.20700114214]
    ],
    [
      [0.41234433341, 0.0074352405161, 0.56197286603, 0.018247560041],
      [0.061358671749, 0.15685243493, 0.29566310405, 0.48612578927],
      [0.20447569958, 0.075310044331, 0.52416798658, 0.19604626951],
      [0.10564644375, 0.061570405606, 0.06982662778, 0.76295652286],
      [0.65558772199, 0.21530254616, 0.097229992707, 0.031879739136],
      [0.12479221593, 0.31958996014, 0.34108330144, 0.2145345225]
    ],
    [
      [0.5072230492, 0.0088797696049, 0.45487534162, 0.029021839569],
      [0.058528670341, 0.15476965054, 0.18583292615, 0.60086875297],
      [0.23158611709, 0.088326011606, 0.39178379471, 0.2883040766],
      [0.088647289342, 0.053040053722, 0.038006524757, 0.82030613218],
      [0.66631712454, 0.22646057335, 0.065357490298, 0.041864811821],
      [0.12944206301, 0.34543011647, 0.23492828576, 0.29019953476]
    ],
    [
      [0.31209335037, 0.008834033753, 0.66189714395, 0.017175471931],
      [0.045864793986, 0.18443693896, 0.33600882404, 0.43368944302],
      [0.14920620792, 0.087878119597, 0.58983889592, 0.17307677656],
      [0.089155272315, 0.080266967676, 0.081387405109, 0.7491903549],
      [0.55075386771, 0.2912876981, 0.12525219251, 0.03270624168],
      [0.08887162256, 0.35899921815, 0.36898715707, 0.18314200221]
    ],
    [
      [0.31854218899, 0.010487454844, 0.63561712891, 0.035353227256],
      [0.030806878722, 0.15150749683, 0.21781725679, 0.59986836766],
      [0.12897270668, 0.090857612428, 0.47987300222, 0.30029667868],
      [0.040736010215, 0.054122207869, 0.049958318859, 0.85518346306],
      [0.50744513, 0.32225616059, 0.10989868875, 0.060400020655],
      [0.070667757013, 0.34848299019, 0.28309682308, 0.29775242972]
    ],
    [
      [0.51656000783, 0.013307577237, 0.4324560676, 0.037676347332],
      [0.048445062917, 0.18792105817, 0.14231252114, 0.62132135777],
      [0.21317270318, 0.11931616538, 0.33579686888, 0.33171426255],
      [0.073652648856, 0.06469247698, 0.020989027158, 0.84066584701],
      [0.59655772395, 0.30181213443, 0.054245318841, 0.047384822774],
      [0.10599868161, 0.4182727677, 0.17868775935, 0.29704079134]
    ],
    [
      [0.30726413144, 0.0089056432083, 0.65232265879, 0.031507566567],
      [0.032654376395, 0.14061578353, 0.24515965144, 0.58157018863],
      [0.13057049837, 0.080392306856, 0.51407073126, 0.27496646352],
      [0.048810641298, 0.049268392578, 0.054999429351, 0.84692153677],
      [0.52390707332, 0.29567782869, 0.12008969784, 0.060325400146],
      [0.075656472568, 0.32069366451, 0.31798741892, 0.285662444]
    ],
    [
      [0.42842314579, 0.010651420705, 0.5237412305, 0.037184203011],
      [0.040426329932, 0.15604837751, 0.17411372781, 0.62941156475],
      [0.17591668301, 0.098398152021, 0.40040381764, 0.32528134733],
      [0.058934476652, 0.049764787563, 0.037069277446, 0.85423145834],
      [0.57394151201, 0.29258582507, 0.075979255175, 0.057493407748],
      [0.094611731069, 0.36325388489, 0.22995572641, 0.31217865763]
    ],
    [
      [0.38579399485, 0.0088603364623, 0.57817240901, 0.02717325967],
      [0.044947537438, 0.16088448575, 0.23826140817, 0.55590656864],
      [0.17234500623, 0.089384922175, 0.48283915032, 0.25543092127],
      [0.071157380017, 0.055629371316, 0.054863825648, 0.81834942302],
      [0.58193261952, 0.27449873211, 0.094569197468, 0.048999450894],
      [0.098506036988, 0.34943419052, 0.29347473749, 0.258585035]
    ],
    [
      [0.45651200432, 0.0068286996145, 0.52418983756, 0.012469458506],
      [0.080642382254, 0.18297694302, 0.32628085084, 0.41009982388],
      [0.24477897939, 0.080744570879, 0.52552354566, 0.14895290407],
      [0.1453235242, 0.072586139533, 0.086098243057, 0.69599209321],
      [0.68756556843, 0.20563120191, 0.088985135909, 0.017818093757],
      [0.15055026804, 0.34068362267, 0.34506211435, 0.16370399494]
    ],
    [
      [0.47748939849, 0.0052861033884, 0.48373108945, 0.033493408669],
      [0.052641306955, 0.10645230755, 0.18630587334, 0.65460051216],
      [0.21424128611, 0.06277644675, 0.40441525169, 0.31856701545],
      [0.073700106925, 0.031402857287, 0.038599893297, 0.85629714249],
      [0.68919331172, 0.1745707335, 0.078877613689, 0.057358341091],
      [0.12951946018, 0.26494485054, 0.26127662841, 0.34425906087]
    ],
    [
      [0.32694860399, 0.010344664783, 0.64534917471, 0.017357556526],
      [0.045459864897, 0.2271528258, 0.31058912097, 0.41679818834],
      [0.15404906332, 0.11175878827, 0.56298392986, 0.17120821855],
      [0.085347829046, 0.093132981212, 0.085130102966, 0.73638908678],
      [0.51834946449, 0.34068707317, 0.11012474626, 0.030838716076],
      [0.084351492854, 0.42229203308, 0.32670784141, 0.16664863265]
    ],
    [
      [0.35964147912, 0.010543700071, 0.61279046435, 0.017024356455],
      [0.049981899507, 0.24456795513, 0.29474019503, 0.41070995033],
      [0.1702010766, 0.12139291047, 0.53843418164, 0.16997183129],
      [0.093841021376, 0.099599041954, 0.081403468568, 0.7251564681],
      [0.53194804425, 0.34039886162, 0.10056699704, 0.027086097083],
      [0.090746057659, 0.44514583804, 0.30352050293, 0.16058760137]
    ],
    [
      [0.45667332964, 0.012154623856, 0.50107513707, 0.030096909434],
      [0.048742922056, 0.21169563641, 0.18702852711, 0.55253291442],
      [0.19854653383, 0.12523468486, 0.40545101893, 0.27076776239],
      [0.076076154594, 0.072258476092, 0.042615247025, 0.80905012229],
      [0.56632624235, 0.32289146737, 0.065295469096, 0.045486821181],
      [0.10038778263, 0.43779481754, 0.21840850655, 0.24340889327]
    ],
    [
      [0.43790559389, 0.0059976432724, 0.52054817784, 0.035548584994],
      [0.04548334002, 0.11829436803, 0.19054696476, 0.64567532719],
      [0.18882867413, 0.070324922124, 0.41872341602, 0.32212298773],
      [0.06524484793, 0.036155185845, 0.040242618359, 0.85835734787],
      [0.64188665619, 0.21625441351, 0.084787463409, 0.057071466894],
      [0.11129226734, 0.28585056721, 0.26381645965, 0.3390407058]
    ],
    [
      [0.31437168405, 0.0096664159573, 0.66113780472, 0.014824095271],
      [0.047786810959, 0.1987035595, 0.34873733878, 0.40477229076],
      [0.15178455802, 0.093253140435, 0.59668730617, 0.15827499538],
      [0.091291887051, 0.08496286198, 0.097758662341, 0.72598658863],
      [0.54738712875, 0.29876933195, 0.12533766158, 0.028505877722],
      [0.094335125101, 0.38088213599, 0.36524363246, 0.15953910645]
    ],
    [
      [0.38237219757, 0.0054492419079, 0.59070589087, 0.021472669647],
      [0.05637521913, 0.13813017938, 0.30414667945, 0.50134792204],
      [0.18738962017, 0.066990921009, 0.54098685727, 0.20463260155],
      [0.093835631724, 0.05103785788, 0.07431760505, 0.78080890535],
      [0.64630734427, 0.20811170024, 0.10780949504, 0.03777146045],
      [0.12128096563, 0.28759849837, 0.35566204207, 0.23545849393]
    ],
    [
      [0.47857084125, 0.013711637356, 0.47657549873, 0.031142022663],
      [0.049634525371, 0.22635742747, 0.17286960691, 0.55113844025],
      [0.20380876039, 0.13652911518, 0.38143908919, 0.27822303525],
      [0.077811868043, 0.078101932938, 0.039360724468, 0.80472547455],
      [0.56129542162, 0.33756247157, 0.060800220901, 0.04034188591],
      [0.10465413419, 0.45262899455, 0.19085226658, 0.25186460469]
    ],
    [
      [0.41425945642, 0.0099971595531, 0.55019924286, 0.025544141168],
      [0.049323666083, 0.19188152796, 0.23232536155, 0.5264694444],
      [0.1868213077, 0.10539978158, 0.46554278513, 0.24223612558],
      [0.080442768094, 0.068567687528, 0.055447617814, 0.79554192656],
      [0.58173242747, 0.2944070336, 0.085093805349, 0.038766733583],
      [0.10323987302, 0.39066743918, 0.26871695854, 0.23737572927]
    ],
    [
      [0.55000032919, 0.0076951291059, 0.41241067959, 0.029893862116],
      [0.063868331334, 0.14137508197, 0.17361672781, 0.62113985889],
      [0.25600807311, 0.081492714514, 0.36404956786, 0.29844964451],
      [0.092457877551, 0.045141661404, 0.03616603108, 0.82623442996],
      [0.70380902524, 0.19671959528, 0.057965505228, 0.041505874257],
      [0.14540154645, 0.32226347823, 0.22172292525, 0.31061205008]
    ],
    [
      [0.4553612352, 0.010031089607, 0.49930898715, 0.035298688047],
      [0.045662347604, 0.15406589466, 0.17728124286, 0.62299051488],
      [0.19215023758, 0.094659627595, 0.39501558924, 0.31817454558],
      [0.067160234783, 0.050038486476, 0.037456834144, 0.8453444446],
      [0.60850046071, 0.26690529341, 0.073449844448, 0.051144401437],
      [0.10780393031, 0.3547169234, 0.22707355283, 0.31040559347]
    ],
    [
      [0.41324190876, 0.0073180929138, 0.55007179358, 0.029368204752],
      [0.047675428954, 0.13815538529, 0.22439289372, 0.58977629204],
      [0.18411717754, 0.078145225778, 0.46066206871, 0.27707552796],
      [0.072497536962, 0.045945546661, 0.050112704528, 0.83144421185],
      [0.62508839928, 0.23559613624, 0.091405354999, 0.047910109473],
      [0.10978395008, 0.30986052295, 0.28842366697, 0.29193186]
    ],
    [
      [0.41133672519, 0.0087562556938, 0.55152227181, 0.028384747303],
      [0.047322856498, 0.16194606237, 0.22507181848, 0.56565926265],
      [0.18309465278, 0.091026667631, 0.46076081799, 0.2651178616],
      [0.07394165318, 0.055576466371, 0.051447782224, 0.81903409823],
      [0.60020317971, 0.26670332705, 0.088383703278, 0.044709789964],
      [0.10420528529, 0.3500328147, 0.27585581358, 0.26990608642]
    ]
  ],
  "expected_outcome": [
    [
      [24.1891608362, 28.3863905101, 25.8526205478, 24.7163144119, 20.3956515083, 25.2287688351, 25.8639044601, 21.7487268901, 7.0257157252, 5.8521888474, 2.6196954373, 4.428361064, 1.1338416903, 2.3630008083, 3.4153818997, 2.947377591, 2.5653292638, 4.886424029, 2.0865138892, 3.5258127188, 5.163114357, 3.0060967185, 0.86327015798, 4.2815228903, 4.2839798457, 4.7927940827, 3.1380698023, 4.5478125847, 5.3604763344, 5.072230492, 2.496746803, 3.8225062678, 5.6821600861, 3.6871695772, 3.4273851663, 2.700557964, 5.0216320475, 2.8649363909, 1.6347430199, 2.877131833, 4.5667332964, 6.1306783145, 2.2006017883, 4.5884663709, 1.914283365, 2.8998161949, 1.1000006584, 2.7321674112, 2.8926933613, 3.7020305267],
      [0.78176204442, 0.30227165469, 0.89005258058, 0.52427589292, 0.048683520506, 0.35863431791, 0.43178631247, 0, 0.14109277894, 0.18763340719, 0.028469844682, 0.060723228185, 0.034545982736, 0.088296936333, 0.070149244836, 0.053123485344, 0.082921885334, 0.13063855061, 0.041382909056, 0.098248787614, 0.11167920263, 0.025120202548, 0.024412318287, 0.086960392298, 0.10784579149, 0.13344589685, 0.036793186838, 0.12259262389, 0.096658126709, 0.088797696049, 0.070672270024, 0.12584945813, 0.14638334961, 0.1068677185, 0.085211365637, 0.062022355236, 0.07511569576, 0.03171662033, 0.051723323914, 0.084349600569, 0.12154623856, 0.083967005813, 0.067664911701, 0.065390902894, 0.054846549422, 0.069980116872, 0.015390258212, 0.060186537645, 0.051226650396, 0.078806301245],
      [33.8588915458, 27.568909847, 27.9126511912, 35.7690890717, 32.4562803661, 28.2528639443, 27.7819743188, 42.5417855352, 14.2650287573, 7.4596672616, 3.1917873033, 3.3123040396, 1.7531459573, 4.3427941352, 4.3438756904, 3.8080465286, 4.1515177387, 5.6726195403, 2.7900810621, 3.1249505203, 6.3664652955, 4.7993742679, 1.9978382148, 5.4765628965, 4.3302424937, 5.7139610636, 2.6700740692, 6.0866535011, 7.3056472584, 4.5487534162, 5.2951771516, 7.627405547, 4.7570167436, 7.8278719055, 4.189929844, 4.0472068631, 5.7660882132, 2.9023865367, 3.2267458735, 4.9023237148, 5.0107513707, 7.2876744898, 4.6279646331, 7.0884706904, 1.9063019949, 3.8513947, 0.82482135918, 2.9958539229, 3.8505025551, 4.9637004463],
      [2.1701855736, 1.7424279882, 2.3446756804, 0.99032062346, 2.0993846051, 1.1597329026, 0.92233490868, 2.7094875747, 0.56816273851, 0.50051048373, 0.16004741467, 0.19861166827, 0.078466369599, 0.20590812018, 0.17059316502, 0.19145239502, 0.2002311122, 0.31031788016, 0.082022139716, 0.25098797324, 0.35874114492, 0.16940881107, 0.11447930896, 0.15495382095, 0.27793186912, 0.35979895683, 0.15506294159, 0.24294129031, 0.23721828053, 0.29021839569, 0.13740377545, 0.42423872707, 0.41443982065, 0.37809079881, 0.29747362409, 0.19021281769, 0.13716404357, 0.20096045201, 0.086787782628, 0.13619485164, 0.30096909434, 0.49768018991, 0.1037686669, 0.25767203577, 0.12456809065, 0.17880898818, 0.059787724233, 0.21179212828, 0.20557743326, 0.25546272573]
    ],
    [
      [0.36527535968, 0.65365617676, 0.49078804677, 0.30981181107, 0.52766979948, 0.65006613055, 0.58807897585, 0.16712114429, 1.8576684803, 2.0446220319, 3.3545196975, 3.6036190921, 2.4947377246, 1.8773577791, 4.0456959636, 3.4936941223, 1.5472389392, 0.14888300441, 0.76973598185, 0.33998456187, 0.53661426771, 0.39645730666, 0.27571021043, 0.59813706533, 0.45996723382, 0.53012435568, 0.47748848566, 0.56561405057, 0.49086937399, 0.7023440441, 0.36691835189, 0.15403439361, 0.38756050333, 0.22858063477, 0.32341063945, 0.3595802995, 0.64513905803, 0.36848914869, 0.27275918938, 0.34987329655, 0.38994337645, 0.13645002006, 0.47786810959, 0.5637521913, 0.49634525371, 0.34526566258, 0.83028830734, 0.31963643323, 0.47675428954, 0.33125999548],
      [1.4383231096, 1.2743785246, 1.9781704611, 1.800819499, 1.2873271494, 1.2700223522, 2.6545201717, 0.23810955993, 5.4073217863, 10.4420299973, 6.0423116777, 8.0479410802, 11.4339280345, 11.7007044329, 12.4945834875, 9.5714959421, 7.9668533345, 0.62427078947, 2.2504147436, 1.490056401, 1.7034354478, 0.75432530678, 1.3106559999, 1.6826075025, 1.7899042507, 2.2143093669, 0.92311040207, 2.4048312477, 1.2548194795, 1.8572358065, 1.4754955117, 0.75753748416, 1.5033684654, 0.9843104847, 1.2483870201, 1.287075886, 1.4638155441, 0.74516615283, 1.3629169548, 1.7119756859, 1.6935650913, 0.35488310408, 1.987035595, 1.3813017938, 2.2635742747, 1.3431706957, 1.8378760656, 1.0784612626, 1.3815538529, 1.1336224366],
      [1.8175801556, 2.2621587689, 1.8813786798, 1.5867000356, 2.9597123821, 2.5900142273, 2.2259256371, 1.1077412265, 12.3791585945, 8.5554186074, 13.9184360275, 10.2757181504, 13.1485856403, 12.8395050942, 17.7405750457, 15.4831566784, 8.782084448, 0.61379441993, 3.6199452295, 1.0547660777, 2.3354898019, 2.2118375121, 2.4722884207, 2.7084855244, 1.6417786494, 2.2093255391, 1.4510725578, 2.642871666, 2.3653048324, 2.2299951138, 2.6880705923, 1.0890862839, 1.1385001691, 1.7161175601, 1.3929098225, 1.9060912654, 2.6102468068, 1.3041411134, 1.8635347258, 2.0631813652, 1.4962282169, 0.57164089429, 3.4873733878, 3.0414667945, 1.7286960691, 1.6262775309, 2.2570174615, 1.2409687, 2.2439289372, 1.5755027294],
      [5.3788213751, 5.8098065298, 7.6496628123, 2.3026686544, 8.225290669, 4.48989729, 3.5314752154, 2.4870280693, 21.3558511389, 27.9579293634, 33.6847325973, 30.0727216773, 28.9227486007, 29.5824326938, 34.7191455033, 38.4516532572, 20.7038232783, 1.6130517862, 5.3599040451, 4.1151929594, 6.4244604826, 3.6373798745, 6.9413453689, 4.0107699078, 5.1083498661, 7.0462407383, 4.1483285545, 5.3866830358, 3.8890063141, 7.2104250356, 3.4695155441, 2.9993418383, 4.9705708622, 4.0709913204, 5.035292518, 4.4472525491, 3.2807985911, 4.5822035851, 2.50078913, 2.8749696523, 4.4202633154, 1.9370259816, 4.0477229076, 5.0134792204, 5.5113844025, 3.6852861108, 8.0748181655, 4.3609336042, 5.8977629204, 3.9596148385]
    ],
    [
      [1.3483207512, 2.415732039, 1.4602579638, 0.73472717057, 1.1302763738, 2.8583379593, 0.6862453189, 0.30829544301, 1.1912542843, 1.1818362975, 2.6695716973, 2.1777720406, 2.1410986618, 0.83622925414, 1.0110392657, 1.3328947438, 3.8964500281, 11.8673965765, 12.9586926353, 12.903413773, 10.5836186461, 11.7822230121, 6.5318876245, 12.7026569214, 12.8008982176, 1.0997541034, 2.5456930512, 2.084173141, 0.61342709873, 1.1579305855, 1.0444434554, 1.0317816534, 1.0658635159, 0.78342299021, 1.5832501471, 2.7575200997, 1.4686738763, 1.7139302889, 1.8485887598, 1.3616086128, 1.9854653383, 2.4547727637, 0.9107073481, 2.0612858218, 1.4266613227, 1.6813917693, 2.304072658, 2.305802851, 0.55235153263, 1.0985679167],
      [0.75907041712, 0.6705878643, 0.84558593046, 0.60941496628, 0.39916581352, 0.79878195402, 0.44310439199, 0.063909018485, 0.52604324935, 0.93473040411, 0.77802813972, 0.65505717687, 1.4921080529, 0.73639460652, 0.46111893379, 0.55340478131, 2.9205439036, 7.1469323764, 5.7517900184, 7.9689921565, 4.9849478366, 2.4660728219, 4.8193153555, 5.4381423905, 7.2258917439, 0.66665459041, 0.70644659714, 1.2847622494, 0.22593013299, 0.44163005803, 0.61514683718, 0.72686089943, 0.59658082692, 0.48235384114, 0.88558336819, 1.4301587548, 0.48446742527, 0.502211574, 1.3411054593, 0.97114328375, 1.2523468486, 0.91422398761, 0.55951884261, 0.7369001311, 0.95570380624, 0.94859803423, 0.73343443063, 1.1359155311, 0.23443567734, 0.54616000579],
      [3.5432182985, 4.3833754262, 2.9822240946, 2.0008730186, 3.3695539642, 5.9969630499, 1.3770994036, 1.0897874705, 4.553522043, 2.8333650497, 6.1293999249, 3.1003734666, 6.2193904328, 2.8924465734, 2.4348176654, 3.2563502285, 11.7975170844, 25.2847556236, 31.754773047, 20.1358077562, 24.0211829776, 33.4892914935, 32.5776492755, 29.957219613, 23.5873875031, 2.454915082, 4.0834734978, 5.2120693121, 1.5725039597, 1.9589189735, 4.1288722714, 3.8389840178, 1.6789843444, 3.0844243875, 3.6036343587, 7.7254264052, 3.153141274, 3.2353220135, 6.7558071583, 4.3074734531, 4.0545101893, 5.4434044082, 3.580123837, 5.95085543, 2.6700736243, 4.1898850662, 3.2764461107, 4.7401870709, 1.3819862061, 2.764564908],
      [2.3493905332, 2.5303046705, 2.7119320111, 0.6549848445, 2.1010038485, 2.3459170367, 0.49355088546, 0.53800806797, 1.7291804233, 2.0500682487, 3.4230002381, 2.0667973159, 3.1474028524, 1.5349295659, 1.0930241351, 1.8573502464, 6.3854889839, 15.7009154236, 10.5347442992, 18.9917863143, 15.4102505397, 13.2624126725, 21.0711477445, 9.9019810751, 17.3858225354, 1.7786762242, 2.6643868538, 2.4189952975, 0.58813880854, 1.441520383, 1.2115374359, 2.4023734294, 1.6585713128, 1.6497987811, 2.927532126, 4.0868947404, 0.89371742442, 2.5485361236, 2.0544986226, 1.3597746503, 2.7076776239, 4.1875988405, 0.94964997229, 2.2509586171, 1.9475612467, 2.1801251303, 2.6860468006, 3.8180945469, 0.83122658389, 1.5907071696]
    ],
    [
      [0.48798472406, 0.58760790786, 0.52886451577, 0.9951806229, 0.41217415251, 1.1784712078, 1.7067145807, 0.49009744499, 0.94972219346, 0.49926892441, 0.50663003959, 1.6330264089, 0.57031666048, 0.57825239565, 0.56559631124, 0.1543411663, 0.45469116877, 0.8782101395, 1.2473524204, 0.73667715659, 0.44627004496, 0.55606920901, 0.19962496753, 1.1751088464, 0.47333350084, 3.5644238747, 5.4268128915, 4.7456704905, 5.9162008501, 5.4961319392, 4.9035399773, 2.281216572, 4.8610748245, 1.3666979563, 0.17680342996, 0.35578690008, 1.0172646694, 0.73700106925, 0.9388261195, 1.2199332779, 0.60860923675, 0.78293817516, 0.73033509641, 0.56301379034, 0.62249494434, 0.64354214475, 1.1094945306, 0.73876258262, 0.72497536962, 0.51759157226],
      [0.42207229842, 0.2500931061, 0.47023334459, 1.2525770605, 0.2208398021, 0.50576159352, 1.6638958075, 0.13992057066, 0.636199113, 0.59491295924, 0.22722340527, 0.76357119141, 0.60250264772, 0.77105342875, 0.39353297122, 0.097790141734, 0.52030316396, 0.80206441429, 0.80775577127, 0.70390676264, 0.31219222592, 0.23024154285, 0.19578880344, 0.7308473512, 0.40434658629, 3.344587322, 2.1811368451, 4.2935247392, 3.4479427139, 3.2884833308, 4.4146832222, 3.0308436407, 4.2697034807, 1.3795149922, 0.14929436269, 0.27814685658, 0.50810297673, 0.31402857287, 1.0244627933, 1.2947875454, 0.57806780874, 0.43386223014, 0.67970289584, 0.30622714728, 0.6248154635, 0.54854150022, 0.54169993685, 0.55042335123, 0.45945546661, 0.3890352646],
      [0.35272879322, 0.29698669172, 0.29204139152, 0.752056834, 0.34028336491, 0.68521621647, 0.95661008596, 0.47539124337, 0.96121957621, 0.32684449351, 0.32582135276, 0.65206363661, 0.46065976429, 0.56056180354, 0.37913826421, 0.10549540687, 0.38286464856, 0.52041841116, 0.86011978014, 0.31886215457, 0.28442121165, 0.45677840015, 0.24864817408, 0.77907256078, 0.24658522152, 1.996183114, 2.4878154013, 3.1697180047, 3.9102911557, 2.3564045349, 4.476307281, 2.7976658561, 1.3852757924, 1.5399840218, 0.11120783234, 0.27431912824, 0.6026877014, 0.38599893297, 0.93643113263, 1.0582450914, 0.3409219762, 0.48291142031, 0.78206929873, 0.4459056303, 0.31488579575, 0.44358094252, 0.43399237296, 0.41202517558, 0.50112704528, 0.36013447557],
      [6.7372141843, 4.8653122943, 7.7088607481, 7.0001854826, 6.0267026805, 7.6305509822, 9.6727795258, 6.894590741, 10.4528591173, 6.5789736228, 4.9403252024, 11.951338763, 6.3665209275, 8.0901323721, 4.6617324533, 1.6423732851, 5.6421410187, 8.7993070351, 8.0847720282, 8.2405539262, 4.9571165175, 4.756910848, 4.3559380549, 7.3149712416, 4.8757346914, 43.0948056893, 43.9042348621, 40.7910867656, 42.7255652803, 50.8589801951, 41.2054695195, 47.8902739312, 55.4839459024, 23.7138030296, 2.562694375, 4.0917471151, 4.8719446525, 8.5629714249, 8.1002799545, 9.4270340853, 6.4724009783, 10.3002881744, 5.807892709, 4.6848534321, 6.4378037964, 6.3643354125, 9.9148131596, 9.2987888906, 8.3144421185, 5.7332386876]
    ],
    [
      [3.9697631391, 7.0730245847, 4.008487331, 2.0154658017, 5.6366939153, 6.3374944849, 6.2713436552, 8.4312179679, 2.950170852, 6.6820705795, 6.8308157085, 5.7383388827, 5.8836149485, 3.3579520192, 4.3876828492, 5.071616829, 5.6515297236, 5.7152119025, 4.4482672054, 2.2745468593, 4.3008766969, 7.3992864791, 3.5455538876, 3.2253815725, 4.1300551322, 6.2512298116, 10.035444402, 5.6607978522, 2.622350888, 2.6652684981, 3.855277074, 5.0744513, 3.5793463437, 21.4801900061, 36.7322567687, 34.3340245518, 39.1912374003, 44.7975652615, 29.5459194757, 28.1932463455, 32.8469220564, 21.8241463104, 3.8317099013, 8.4019954755, 5.0516587946, 5.2355918472, 4.2228541514, 3.6510027642, 6.8759723921, 7.2024381565],
      [2.0540604861, 1.7792226179, 2.1249675233, 1.5611731348, 1.8224116212, 1.6032975824, 3.7360776625, 0.33805207944, 1.1687095412, 4.7767979649, 1.809055423, 1.5135850554, 3.6801411829, 2.6488827129, 1.7651612207, 1.8575521709, 3.8633217652, 3.1621524196, 1.7053252555, 1.3274011011, 1.7916204297, 1.862457517, 2.0327993051, 1.1844874291, 2.1197853616, 3.4260620803, 2.4889460418, 3.1777243103, 0.86121018466, 0.90584229338, 2.0390138867, 3.2225616059, 1.8108728066, 12.1227909764, 18.7254928043, 16.1954251948, 11.7209785087, 11.3470976778, 19.419163171, 18.0411396659, 18.7277051076, 7.3526500593, 2.0913853236, 2.7054521031, 3.0380622441, 2.6496633024, 1.1803175717, 1.6014317605, 2.5915574987, 3.2004399246],
      [0.62164351635, 0.76289020426, 0.48640541116, 0.3301875437, 1.0008846844, 0.7893230721, 0.75755685614, 1.5575912334, 0.6595238313, 0.92921883775, 0.91344611802, 0.47201243413, 0.9973392024, 0.67861624826, 0.61031289729, 0.71709521341, 1.0069338446, 0.73136742935, 0.65642338229, 0.22331270931, 0.58617967595, 1.2958759035, 0.9124076329, 0.45748092459, 0.46105275163, 0.81075350379, 0.93703928373, 0.8291887952, 0.38891997083, 0.26142996119, 0.87676534755, 1.0989868875, 0.32547191305, 4.9236776115, 4.8626723312, 5.5795826506, 5.0721527468, 5.1270448898, 6.277110537, 5.3300508432, 3.7871372076, 2.8827737559, 0.87736363103, 1.4015234356, 0.54720198811, 0.76584424814, 0.34779303137, 0.44069906669, 1.005458905, 1.0606044393],
      [0.35453285848, 0.38486259322, 0.38013973452, 0.093173519744, 0.54000977915, 0.26988486062, 0.2350218262, 0.67313871926, 0.2215957755, 0.61191261789, 0.44668275048, 0.27606362769, 0.43890466626, 0.31454901963, 0.2368430328, 0.35373578666, 0.47821466667, 0.39126824861, 0.18998415679, 0.17473933021, 0.32132319748, 0.44238010039, 0.50923917448, 0.13265007385, 0.28910675449, 0.5119546043, 0.53857027257, 0.33228904234, 0.12751895655, 0.16745924728, 0.22894369176, 0.60400020655, 0.28430893664, 2.473341406, 3.6795780959, 2.8909676028, 1.0156313442, 3.7282921709, 1.7578068163, 1.4355631454, 2.6382356285, 1.9404298744, 0.19954114405, 0.49102898586, 0.36307697319, 0.34890060225, 0.24903524554, 0.30686640862, 0.52701120421, 0.53651747956]
    ],
    [
      [0.63949518985, 0.88358878164, 0.65898159489, 1.2285001819, 0.89753425062, 0.74686138227, 0.88371300928, 0.85454110968, 1.0254684647, 0.74001331934, 1.0187674198, 1.4188825116, 0.77639031435, 0.98720774361, 0.57460371062, 1.0000755476, 0.8847608766, 0.50387434816, 0.48943786789, 1.2195649303, 0.96950598737, 0.85986727466, 0.58395315197, 1.0171927041, 0.85176606975, 0.76167377199, 1.3764913673, 0.39593188104, 1.9966754549, 0.90609444106, 1.3330743384, 0.63600981311, 0.42399472643, 0.45393883541, 0.75689384855, 0.49253018494, 1.6560529485, 0.51807784071, 0.75916343569, 0.99820663425, 0.60232669578, 2.6710144162, 5.8487777563, 5.8214863501, 6.4885563196, 6.1943923813, 8.4332896942, 6.2526279577, 6.4772530548, 6.1481118323],
