{
  "X": [
    [1, 2, 5, 1],
    [17, 53, 120, 11],
    [3, 4, 3, 0],
    [117, 314, 351, 33],
    [2, 10, 2, 0],
    [5, 10, 8, 0],
    [2, 14, 9, 0],
    [0, 3, 3, 0],
    [3, 30, 28, 3],
    [3, 29, 20, 2],
    [4, 32, 19, 2],
    [11, 64, 40, 3],
    [11, 63, 34, 4],
    [18, 92, 47, 3],
    [5, 18, 8, 1],
    [3, 3, 5, 1],
    [14, 26, 37, 4],
    [25, 161, 104, 11],
    [2, 18, 8, 2],
    [4, 34, 32, 2],
    [7, 43, 56, 3],
    [0, 5, 3, 0],
    [19, 34, 50, 6],
    [0, 3, 4, 1],
    [1, 9, 7, 0],
    [47, 94, 175, 23],
    [4, 10, 0, 0],
    [26, 48, 32, 1],
    [43, 85, 75, 8],
    [4, 25, 4, 0],
    [52, 100, 114, 13],
    [8, 7, 9, 0],
    [5, 15, 17, 3],
    [11, 18, 23, 5],
    [0, 4, 3, 0],
    [4, 12, 14, 2],
    [15, 53, 49, 3],
    [64, 195, 226, 31],
    [18, 60, 79, 7],
    [1, 3, 4, 0],
    [4, 10, 6, 1],
    [8, 21, 16, 4],
    [27, 70, 102, 17],
    [11, 52, 92, 8],
    [11, 72, 51, 5],
    [17, 32, 25, 4],
    [11, 15, 11, 2],
    [10, 43, 55, 5],
    [22, 134, 103, 9],
    [7, 13, 17, 0],
    [1, 5, 0, 1],
    [2, 8, 8, 1],
    [0, 4, 5, 0],
    [6, 23, 15, 0],
    [16, 58, 66, 10],
    [10, 22, 11, 1],
    [38, 119, 182, 15],
    [3, 29, 10, 8],
    [14, 71, 86, 9],
    [0, 4, 2, 1],
    [0, 5, 1, 1],
    [43, 192, 244, 10],
    [0, 2, 6, 1],
    [19, 41, 25, 1],
    [5, 13, 27, 2],
    [9, 12, 16, 2],
    [13, 52, 101, 12],
    [37, 116, 127, 21],
    [26, 24, 52, 4],
    [9, 49, 47, 8],
    [65, 187, 347, 17],
    [39, 100, 164, 14],
    [1, 8, 6, 0],
    [0, 2, 5, 1],
    [3, 3, 3, 2],
    [5, 14, 8, 1],
    [0, 2, 5, 0],
    [9, 20, 30, 1],
    [4, 13, 27, 2],
    [3, 7, 9, 0],
    [3, 10, 9, 0],
    [1, 9, 15, 3],
    [12, 40, 46, 2],
    [0, 4, 2, 0],
    [4, 13, 13, 1],
    [3, 4, 4, 0],
    [10, 4, 1, 1],
    [19, 7, 11, 2],
    [3, 10, 10, 0],
    [4, 6, 4, 3],
    [1, 7, 5, 0],
    [2, 7, 2, 1],
    [10, 2, 9, 2],
    [2, 3, 1, 0],
    [11, 32, 28, 1],
    [7, 20, 28, 2],
    [5, 4, 8, 4],
    [4, 6, 3, 2],
    [10, 11, 11, 0],
    [4, 7, 6, 1],
    [1, 2, 4, 0],
    [5, 21, 36, 2],
    [10, 28, 34, 2],
    [13, 35, 36, 3],
    [7, 15, 30, 3],
    [5, 10, 25, 0],
    [6, 7, 11, 0],
    [6, 11, 26, 3],
    [4, 16, 28, 0],
    [8, 7, 7, 0],
    [5, 5, 10, 1],
    [2, 8, 6, 0],
    [2, 19, 4, 1],
    [2, 26, 16, 1],
    [5, 12, 8, 1],
    [3, 6, 5, 1],
    [0, 2, 2, 2],
    [4, 15, 14, 1],
    [1, 9, 9, 0],
    [1, 5, 1, 0],
    [1, 7, 3, 1],
    [1, 4, 1, 0],
    [0, 8, 1, 0],
    [9, 17, 14, 4],
    [2, 5, 0, 1],
    [0, 7, 2, 1],
    [3, 10, 18, 1],
    [1, 6, 2, 0],
    [5, 13, 15, 0],
    [0, 11, 4, 2],
    [1, 9, 8, 1],
    [1, 5, 2, 0],
    [3, 8, 8, 1],
    [1, 14, 5, 0],
    [1, 10, 2, 0],
    [3, 9, 6, 1],
    [2, 5, 5, 0],
    [1, 11, 8, 0],
    [0, 7, 2, 1],
    [4, 14, 18, 2],
    [5, 9, 10, 0],
    [6, 11, 10, 0],
    [6, 30, 18, 1],
    [2, 17, 7, 0],
    [2, 11, 10, 2],
    [1, 6, 4, 0],
    [0, 3, 4, 0],
    [2, 11, 11, 1],
    [11, 24, 19, 0],
    [6, 56, 18, 1],
    [5, 41, 25, 4],
    [8, 44, 19, 4],
    [0, 5, 3, 1],
    [2, 8, 13, 0],
    [6, 29, 22, 0],
    [3, 3, 7, 0],
    [2, 2, 6, 1],
    [2, 7, 1, 1],
    [0, 6, 6, 2],
    [3, 10, 15, 3],
    [7, 33, 29, 5],
    [0, 6, 11, 2],
    [1, 3, 7, 3],
    [5, 6, 11, 0],
    [7, 27, 37, 4],
    [1, 4, 7, 3],
    [10, 25, 39, 8],
    [4, 23, 23, 1],
    [5, 17, 27, 4],
    [9, 19, 47, 1],
    [2, 8, 4, 1],
    [3, 14, 8, 1],
    [22, 54, 23, 3],
    [6, 16, 12, 0],
    [1, 12, 12, 3],
    [9, 10, 4, 0],
    [2, 7, 8, 3],
    [2, 5, 16, 1],
    [7, 5, 9, 1],
    [0, 7, 13, 0],
    [3, 7, 4, 0],
    [1, 5, 3, 0],
    [2, 5, 3, 0],
    [6, 12, 3, 0],
    [1, 6, 6, 0],
    [2, 11, 6, 2],
    [3, 8, 5, 5],
    [2, 1, 3, 2],
    [10, 44, 64, 6],
    [2, 8, 7, 1],
    [3, 7, 8, 0],
    [4, 3, 7, 0],
    [2, 13, 12, 0],
    [3, 6, 6, 2],
    [3, 23, 19, 1],
    [5, 17, 30, 1],
    [8, 17, 25, 3],
    [4, 17, 17, 0],
    [3, 9, 10, 1],
    [1, 9, 14, 2],
    [10, 17, 28, 6],
    [8, 29, 41, 3],
    [4, 11, 25, 1],
    [5, 20, 31, 1],
    [5, 8, 8, 0],
    [1, 7, 5, 1],
    [9, 11, 14, 1],
    [6, 17, 29, 3],
    [9, 16, 23, 2],
    [4, 6, 15, 1],
    [1, 5, 14, 1],
    [3, 15, 18, 0],
    [8, 18, 25, 1],
    [4, 9, 12, 1],
    [1, 33, 29, 2],
    [3, 14, 29, 0],
    [2, 33, 26, 2],
    [2, 8, 10, 1],
    [9, 13, 14, 3],
    [1, 5, 1, 0],
    [9, 19, 20, 0],
    [1, 4, 5, 0],
    [1, 10, 12, 2],
    [4, 7, 17, 3],
    [1, 4, 5, 2],
    [7, 20, 23, 1],
    [3, 18, 23, 4],
    [5, 14, 25, 2],
    [5, 14, 14, 0],
    [1, 12, 11, 2],
    [6, 25, 27, 3],
    [0, 7, 3, 1],
    [1, 4, 5, 0],
    [3, 2, 1, 1],
    [2, 2, 14, 3],
    [0, 5, 3, 0],
    [3, 15, 11, 0],
    [1, 4, 3, 1],
    [2, 6, 13, 1],
    [1, 12, 15, 2],
    [4, 12, 8, 0],
    [6, 12, 21, 2],
    [0, 3, 6, 0],
    [0, 5, 2, 0],
    [2, 6, 5, 1],
    [2, 9, 2, 0],
    [4, 13, 12, 1],
    [1, 3, 2, 0],
    [4, 9, 3, 0],
    [10, 44, 29, 4],
    [8, 11, 113, 0],
    [2, 7, 7, 0],
    [7, 10, 15, 3],
    [4, 23, 53, 3],
    [2, 3, 6, 0],
    [1, 4, 7, 0],
    [6, 22, 35, 3],
    [1, 3, 3, 3],
    [2, 5, 5, 0],
    [0, 6, 8, 1],
    [2, 21, 22, 4],
    [2, 11, 10, 2],
    [9, 33, 37, 7],
    [3, 25, 18, 2],
    [1, 6, 7, 1],
    [1, 3, 19, 1],
    [5, 14, 14, 0],
    [0, 4, 3, 0],
    [0, 6, 9, 0],
    [1, 6, 1, 1],
    [1, 8, 5, 2],
    [1, 7, 2, 0],
    [4, 9, 10, 2],
    [4, 7, 11, 1],
    [0, 5, 2, 0],
    [0, 5, 4, 0],
    [0, 5, 1, 0],
    [2, 5, 1, 1],
    [1, 2, 3, 1],
    [1, 1, 4, 1],
    [0, 3, 7, 1],
    [0, 8, 8, 1],
    [2, 24, 13, 1],
    [7, 46, 63, 5],
    [4, 20, 13, 1],
    [1, 4, 1, 1],
    [0, 3, 3, 1],
    [4, 16, 21, 1],
    [0, 4, 3, 0],
    [1, 5, 4, 3],
    [6, 23, 50, 2],
    [0, 8, 16, 2],
    [10, 22, 29, 8],
    [7, 22, 30, 4],
    [0, 6, 1, 0],
    [1, 4, 0, 1],
    [3, 17, 15, 3],
    [2, 10, 10, 2],
    [0, 4, 3, 1],
    [1, 2, 1, 2],
    [5, 19, 22, 1],
    [1, 3, 1, 2],
    [1, 11, 30, 3],
    [4, 19, 26, 8],
    [0, 6, 9, 0],
    [5, 11, 13, 1],
    [2, 4, 5, 3],
    [5, 12, 39, 2],
    [8, 52, 69, 3],
    [4, 15, 20, 2],
    [1, 18, 26, 3],
    [6, 22, 33, 1],
    [3, 13, 8, 5],
    [0, 6, 6, 1],
    [2, 6, 7, 1],
    [9, 21, 40, 1],
    [1, 2, 3, 0],
    [6, 11, 23, 3],
    [25, 33, 79, 5],
    [1, 15, 24, 6],
    [3, 17, 14, 5],
    [5, 17, 55, 5],
    [1, 10, 28, 1],
    [3, 7, 8, 1],
    [17, 22, 30, 5],
    [7, 11, 18, 0],
    [5, 8, 8, 1],
    [7, 10, 12, 1],
    [0, 5, 4, 0],
    [2, 8, 13, 0],
    [8, 25, 23, 1],
    [2, 5, 5, 3],
    [12, 22, 14, 2],
    [15, 12, 21, 0],
    [7, 19, 20, 2],
    [1, 18, 13, 3],
    [2, 5, 11, 1],
    [3, 10, 3, 0],
    [0, 15, 17, 4],
    [13, 21, 32, 1],
    [2, 10, 15, 0],
    [0, 8, 7, 1],
    [6, 16, 22, 0],
    [0, 7, 4, 0],
    [10, 21, 44, 8],
    [4, 4, 11, 0],
    [7, 19, 33, 2],
    [7, 31, 52, 2],
    [8, 11, 34, 1],
    [1, 5, 10, 1],
    [7, 12, 20, 1],
    [11, 37, 37, 4],
    [3, 3, 8, 0],
    [3, 24, 28, 0],
    [42, 124, 109, 9],
    [344, 1003, 990, 99],
    [236, 633, 577, 60],
    [27, 98, 76, 15]
  ],
  "W": [
    [0, 6, 1, 1, 1, 0],
    [11, 149, 18, 2, 10, 11],
    [2, 3, 4, 0, 1, 0],
    [58, 496, 111, 47, 47, 56],
    [4, 3, 6, 0, 0, 1],
    [1, 18, 2, 0, 1, 1],
    [4, 10, 7, 0, 1, 3],
    [1, 2, 2, 0, 0, 1],
    [3, 37, 13, 3, 5, 3],
    [0, 28, 4, 15, 2, 5],
    [4, 33, 10, 4, 2, 4],
    [6, 67, 25, 8, 5, 7],
    [9, 58, 18, 10, 8, 9],
    [10, 83, 37, 13, 7, 10],
    [6, 14, 8, 1, 2, 1],
    [0, 10, 1, 1, 0, 0],
    [4, 45, 8, 7, 11, 6],
    [6, 182, 60, 17, 17, 19],
    [1, 18, 8, 1, 1, 1],
    [4, 45, 9, 4, 7, 3],
    [2, 70, 16, 3, 14, 4],
    [1, 4, 3, 0, 0, 0],
    [9, 60, 10, 9, 8, 13],
    [0, 6, 0, 0, 1, 1],
    [2, 7, 7, 0, 1, 0],
    [25, 218, 26, 24, 28, 18],
    [2, 3, 8, 0, 0, 1],
    [20, 41, 29, 3, 8, 6],
    [38, 99, 39, 9, 11, 15],
    [6, 8, 16, 0, 0, 3],
    [29, 157, 27, 31, 26, 9],
    [5, 12, 1, 2, 1, 3],
    [2, 22, 7, 3, 5, 1],
    [6, 38, 4, 4, 4, 1],
    [1, 3, 2, 0, 1, 0],
    [3, 17, 4, 3, 3, 2],
    [5, 79, 11, 14, 7, 4],
    [43, 300, 71, 30, 32, 40],
    [9, 102, 16, 15, 7, 15],
    [1, 5, 0, 1, 0, 1],
    [2, 11, 2, 3, 2, 1],
    [4, 27, 9, 3, 3, 3],
    [18, 131, 32, 8, 20, 7],
    [13, 100, 26, 10, 11, 3],
    [7, 62, 46, 8, 9, 7],
    [16, 35, 9, 9, 3, 6],
    [4, 18, 5, 6, 4, 2],
    [4, 61, 22, 11, 8, 7],
    [8, 133, 61, 16, 30, 20],
    [0, 22, 3, 8, 2, 2],
    [1, 0, 6, 0, 0, 0],
    [2, 12, 4, 0, 0, 1],
    [1, 7, 1, 0, 0, 0],
    [3, 29, 5, 6, 1, 0],
    [4, 89, 25, 10, 10, 12],
    [2, 22, 7, 4, 5, 4],
    [15, 237, 46, 11, 24, 21],
    [3, 16, 20, 2, 6, 3],
    [11, 103, 27, 15, 17, 7],
    [0, 4, 1, 0, 1, 1],
    [0, 1, 3, 2, 1, 0],
    [17, 327, 80, 16, 24, 25],
    [0, 6, 1, 0, 1, 1],
    [15, 33, 16, 12, 4, 6],
    [1, 27, 10, 2, 5, 2],
    [2, 25, 4, 1, 5, 2],
    [9, 115, 24, 5, 12, 13],
    [31, 167, 56, 14, 21, 12],
    [17, 66, 9, 2, 8, 4],
    [5, 61, 17, 13, 14, 3],
    [38, 386, 134, 20, 20, 18],
    [19, 182, 65, 15, 15, 21],
    [0, 9, 4, 0, 1, 1],
    [0, 7, 1, 0, 0, 0],
    [2, 2, 1, 3, 2, 1],
    [2, 16, 4, 1, 3, 2],
    [0, 3, 0, 3, 0, 1],
    [6, 40, 8, 2, 1, 3],
    [2, 37, 3, 1, 2, 1],
    [0, 15, 1, 0, 3, 0],
    [4, 13, 4, 0, 1, 0],
    [0, 22, 3, 1, 1, 1],
    [6, 66, 9, 6, 7, 6],
    [0, 4, 1, 0, 0, 1],
    [0, 20, 2, 5, 3, 1],
    [4, 6, 0, 0, 1, 0],
    [3, 9, 2, 0, 1, 1],
    [9, 20, 2, 3, 1, 4],
    [4, 12, 3, 3, 1, 0],
    [1, 5, 4, 4, 0, 3],
    [1, 7, 3, 0, 2, 0],
    [3, 3, 0, 5, 0, 1],
    [4, 14, 1, 2, 2, 0],
    [0, 1, 0, 3, 2, 0],
    [5, 35, 15, 7, 4, 6],
    [1, 42, 4, 2, 5, 3],
    [2, 15, 1, 1, 2, 0],
    [1, 7, 2, 2, 2, 1],
    [0, 19, 4, 5, 4, 0],
    [1, 10, 2, 3, 2, 0],
    [0, 4, 0, 2, 1, 0],
    [8, 36, 7, 2, 5, 6],
    [5, 40, 8, 6, 6, 9],
    [4, 49, 12, 3, 11, 8],
    [3, 31, 5, 4, 9, 3],
    [2, 27, 4, 4, 1, 2],
    [5, 12, 1, 0, 3, 3],
    [0, 35, 5, 2, 2, 2],
    [5, 32, 5, 0, 4, 2],
    [1, 13, 2, 5, 0, 1],
    [2, 11, 2, 2, 2, 2],
    [3, 10, 0, 2, 1, 0],
    [2, 10, 8, 4, 1, 1],
    [4, 28, 7, 1, 3, 2],
    [0, 22, 1, 1, 1, 1],
    [3, 7, 2, 0, 1, 2],
    [0, 0, 1, 2, 2, 1],
    [3, 18, 4, 4, 4, 1],
    [0, 14, 2, 1, 0, 2],
    [0, 2, 1, 0, 3, 1],
    [0, 5, 2, 3, 2, 0],
    [1, 2, 1, 2, 0, 0],
    [0, 6, 2, 0, 0, 1],
    [2, 24, 7, 6, 4, 1],
    [2, 3, 1, 0, 1, 1],
    [0, 2, 7, 0, 1, 0],
    [1, 22, 5, 0, 1, 3],
    [0, 4, 0, 3, 1, 1],
    [0, 26, 0, 3, 2, 2],
    [1, 6, 5, 3, 0, 2],
    [0, 10, 4, 1, 3, 1],
    [0, 3, 2, 2, 1, 0],
    [1, 11, 1, 5, 0, 2],
    [1, 11, 2, 3, 2, 1],
    [0, 7, 5, 1, 0, 0],
    [1, 10, 1, 2, 4, 1],
    [1, 5, 0, 4, 1, 1],
    [1, 15, 2, 1, 1, 0],
    [2, 5, 0, 2, 1, 0],
    [0, 22, 5, 2, 8, 1],
    [1, 12, 5, 1, 2, 3],
    [2, 16, 2, 0, 2, 5],
    [1, 33, 13, 1, 5, 2],
    [0, 15, 6, 2, 2, 1],
    [2, 15, 4, 3, 0, 1],
    [2, 5, 0, 1, 2, 1],
    [1, 3, 0, 2, 1, 0],
    [2, 17, 3, 1, 0, 2],
    [5, 32, 4, 4, 5, 4],
    [2, 40, 30, 0, 3, 6],
    [8, 47, 9, 4, 3, 4],
    [2, 42, 15, 2, 7, 7],
    [0, 6, 2, 1, 0, 0],
    [0, 15, 2, 2, 3, 1],
    [3, 34, 7, 3, 7, 3],
    [0, 8, 1, 0, 4, 0],
    [2, 5, 1, 1, 1, 1],
    [1, 2, 1, 3, 0, 4],
    [2, 6, 2, 1, 2, 1],
    [1, 17, 1, 7, 3, 2],
    [3, 43, 16, 6, 4, 2],
    [0, 15, 1, 1, 2, 0],
    [1, 6, 0, 4, 2, 1],
    [3, 11, 1, 3, 1, 3],
    [4, 44, 12, 4, 3, 8],
    [2, 9, 1, 0, 3, 0],
    [0, 49, 14, 4, 5, 10],
    [0, 32, 4, 5, 4, 6],
    [2, 32, 4, 5, 6, 4],
    [3, 51, 7, 3, 7, 5],
    [2, 6, 0, 6, 0, 1],
    [0, 16, 3, 4, 1, 2],
    [7, 54, 27, 3, 5, 6],
    [5, 18, 5, 3, 1, 2],
    [0, 15, 6, 0, 2, 5],
    [2, 9, 6, 0, 3, 3],
    [0, 7, 2, 5, 4, 2],
    [0, 17, 1, 2, 2, 2],
    [4, 10, 0, 3, 1, 4],
    [2, 9, 1, 5, 2, 1],
    [1, 4, 3, 4, 1, 1],
    [1, 4, 2, 1, 1, 0],
    [0, 6, 1, 1, 1, 1],
    [1, 11, 2, 3, 2, 2],
    [1, 6, 1, 3, 1, 1],
    [1, 9, 3, 4, 1, 3],
    [1, 4, 2, 7, 4, 3],
    [1, 3, 1, 1, 1, 1],
    [7, 74, 12, 5, 17, 9],
    [1, 8, 3, 5, 0, 1],
    [2, 9, 2, 2, 2, 1],
    [0, 10, 3, 0, 1, 0],
    [2, 14, 5, 2, 3, 1],
    [0, 8, 2, 5, 0, 2],
    [2, 26, 8, 5, 2, 3],
    [1, 36, 5, 4, 4, 3],
    [3, 36, 3, 5, 5, 1],
    [2, 18, 7, 6, 3, 2],
    [2, 14, 3, 1, 1, 2],
    [0, 16, 6, 4, 0, 0],
    [5, 28, 9, 1, 13, 5],
    [4, 44, 10, 10, 7, 6],
    [0, 29, 4, 0, 7, 1],
    [3, 38, 6, 2, 7, 1],
    [1, 12, 3, 1, 2, 2],
    [1, 8, 2, 0, 3, 0],
    [2, 22, 2, 7, 1, 1],
    [4, 37, 4, 0, 7, 3],
    [4, 25, 6, 1, 8, 6],
    [2, 11, 4, 3, 5, 1],
    [0, 14, 1, 3, 3, 0],
    [1, 24, 6, 3, 2, 0],
    [1, 37, 3, 1, 3, 7],
    [0, 17, 2, 5, 0, 2],
    [3, 41, 6, 7, 3, 5],
    [4, 30, 2, 2, 5, 3],
    [4, 39, 8, 5, 4, 3],
    [3, 13, 0, 1, 4, 0],
    [3, 23, 3, 3, 4, 3],
    [0, 4, 1, 2, 0, 0],
    [4, 28, 5, 5, 3, 3],
    [1, 7, 0, 1, 1, 0],
    [2, 11, 1, 5, 6, 0],
    [0, 18, 0, 4, 4, 5],
    [1, 5, 0, 3, 2, 1],
    [3, 36, 7, 2, 2, 1],
    [5, 26, 6, 3, 4, 4],
    [4, 29, 2, 6, 1, 4],
    [1, 25, 3, 0, 4, 0],
    [0, 15, 2, 2, 4, 3],
    [2, 38, 6, 5, 7, 3],
    [1, 3, 2, 3, 0, 2],
    [0, 7, 2, 0, 1, 0],
    [2, 1, 0, 1, 1, 2],
    [0, 13, 1, 1, 3, 3],
    [1, 4, 3, 0, 0, 0],
    [1, 17, 0, 4, 3, 4],
    [0, 7, 1, 1, 0, 0],
    [2, 13, 4, 2, 0, 1],
    [0, 16, 2, 1, 8, 3],
    [0, 11, 6, 2, 4, 1],
    [2, 26, 7, 2, 1, 3],
    [0, 4, 0, 2, 3, 0],
    [0, 1, 4, 1, 1, 0],
    [0, 5, 4, 2, 2, 1],
    [0, 5, 5, 2, 1, 0],
    [2, 11, 8, 1, 5, 3],
    [0, 3, 1, 1, 0, 1],
    [3, 9, 4, 0, 0, 0],
    [1, 44, 20, 2, 12, 8],
    [3, 116, 8, 1, 4, 0],
    [1, 8, 0, 3, 4, 0],
    [2, 22, 0, 4, 3, 4],
    [2, 68, 3, 3, 3, 4],
    [0, 8, 1, 1, 0, 1],
    [0, 7, 0, 2, 1, 2],
    [6, 28, 10, 6, 9, 7],
    [1, 5, 2, 1, 1, 0],
    [0, 7, 5, 0, 0, 0],
    [0, 9, 3, 0, 2, 1],
    [1, 24, 11, 0, 6, 7],
    [1, 14, 2, 3, 3, 2],
    [1, 46, 15, 3, 15, 6],
    [4, 24, 12, 0, 5, 3],
    [0, 7, 2, 3, 2, 1],
    [1, 15, 2, 2, 2, 2],
    [3, 19, 2, 3, 4, 2],
    [0, 3, 0, 2, 1, 1],
    [0, 9, 5, 1, 0, 0],
    [0, 3, 2, 1, 3, 0],
    [0, 8, 3, 1, 3, 1],
    [1, 7, 2, 0, 0, 0],
    [0, 16, 2, 4, 2, 1],
    [0, 16, 5, 0, 2, 0],
    [0, 3, 0, 2, 2, 0],
    [0, 4, 3, 1, 1, 0],
    [0, 2, 1, 3, 0, 0],
    [2, 4, 0, 1, 1, 1],
    [0, 4, 1, 2, 0, 0],
    [0, 3, 1, 0, 1, 2],
    [0, 7, 1, 0, 2, 1],
    [0, 11, 3, 2, 1, 0],
    [2, 24, 11, 1, 1, 1],
    [2, 82, 14, 12, 9, 2],
    [3, 13, 11, 4, 1, 6],
    [0, 1, 1, 4, 1, 0],
    [0, 3, 2, 1, 1, 0],
    [1, 26, 5, 2, 4, 4],
    [0, 6, 1, 0, 0, 0],
    [1, 5, 1, 3, 3, 0],
    [3, 52, 9, 3, 4, 10],
    [1, 19, 0, 2, 4, 0],
    [1, 39, 6, 3, 10, 10],
    [4, 44, 4, 5, 3, 3],
    [0, 2, 0, 2, 3, 0],
    [1, 2, 0, 1, 2, 0],
    [6, 10, 10, 6, 6, 0],
    [0, 15, 3, 1, 2, 3],
    [0, 4, 2, 0, 1, 1],
    [2, 1, 1, 0, 2, 0],
    [1, 24, 13, 2, 5, 2],
    [0, 2, 0, 3, 2, 0],
    [1, 34, 5, 0, 4, 1],
    [1, 35, 6, 2, 10, 3],
    [2, 6, 3, 0, 3, 1],
    [1, 18, 4, 1, 3, 3],
    [0, 5, 1, 4, 3, 1],
    [0, 41, 6, 2, 5, 4],
    [4, 89, 18, 5, 5, 11],
    [3, 27, 4, 0, 4, 3],
    [0, 32, 6, 2, 3, 5],
    [6, 40, 7, 1, 7, 1],
    [1, 14, 6, 0, 5, 3],
    [1, 9, 1, 1, 0, 1],
    [0, 10, 1, 1, 1, 3],
    [10, 43, 10, 3, 2, 3],
    [0, 1, 0, 2, 2, 1],
    [2, 25, 7, 1, 4, 4],
    [15, 89, 19, 1, 10, 8],
    [2, 24, 15, 0, 2, 3],
    [1, 22, 3, 2, 8, 3],
    [3, 54, 12, 2, 6, 5],
    [2, 27, 4, 4, 2, 1],
    [1, 13, 0, 3, 1, 1],
    [8, 39, 9, 6, 7, 5],
    [3, 26, 3, 0, 1, 3],
    [3, 11, 5, 1, 0, 2],
    [3, 19, 1, 4, 1, 2],
    [0, 5, 3, 1, 0, 0],
    [0, 17, 2, 0, 2, 2],
    [4, 29, 11, 4, 5, 4],
    [1, 4, 3, 3, 2, 2],
    [2, 24, 9, 5, 6, 4],
    [9, 28, 1, 1, 6, 3],
    [2, 22, 20, 2, 1, 1],
    [2, 14, 9, 2, 5, 3],
    [0, 13, 3, 0, 1, 2],
    [1, 9, 0, 2, 4, 0],
    [0, 26, 4, 2, 2, 2],
    [9, 42, 7, 2, 4, 3],
    [2, 13, 9, 1, 1, 1],
    [2, 8, 2, 1, 1, 2],
    [2, 26, 7, 1, 5, 3],
    [0, 5, 2, 1, 2, 1],
    [5, 44, 19, 4, 3, 8],
    [1, 14, 2, 1, 0, 1],
    [7, 36, 10, 1, 4, 3],
    [7, 56, 18, 1, 8, 2],
    [2, 34, 4, 5, 4, 5],
    [1, 11, 0, 1, 2, 2],
    [3, 21, 9, 4, 3, 0],
    [11, 46, 14, 4, 9, 5],
    [1, 8, 1, 1, 3, 0],
    [6, 34, 8, 1, 2, 4],
    [34, 130, 51, 28, 11, 30],
    [179, 1455, 413, 115, 110, 164],
    [102, 884, 216, 103, 108, 93],
    [10, 92, 36, 43, 27, 8]
  ],
  "method": "mvn_pdf",
  "cond_prob": [
    [
      [0.71231023787, 0.12579115813, 0.14191931982, 0.019979284178],
      [0.064816258761, 0.14231163693, 0.77249235011, 0.020379754194],
      [0.035501622102, 0.67111940499, 0.21542621977, 0.077952753142],
      [0.15084722968, 0.52456937211, 0.14307997045, 0.18150342776],
      [0.064928711502, 0.1732884096, 0.35484544552, 0.40693743338],
      [0.16717883479, 0.30903347967, 0.37868631435, 0.14510137118]
    ],
    [
      [0.48001208054, 0.26210322279, 0.21678114071, 0.041103555967],
      [0.062332196669, 0.20226127752, 0.70569398831, 0.029712537502],
      [0.030204442959, 0.68618631485, 0.19787052093, 0.085738721265],
      [0.11695329977, 0.57789304851, 0.13450131883, 0.1706523329],
      [0.065851608023, 0.25270773034, 0.38326965033, 0.2981710113],
      [0.13056208617, 0.3735727612, 0.34678229329, 0.14908285933]
    ],
    [
      [0.89918240667, 0.060776585595, 0.039366632118, 0.00067437561896],
      [0.21569031673, 0.18547284436, 0.59691902473, 0.0019178141757],
      [0.098332967188, 0.7534997461, 0.14281418526, 0.0053531014563],
      [0.39564368229, 0.51477210088, 0.081971894587, 0.0076123222426],
      [0.30055394161, 0.30678136178, 0.37909925781, 0.013565438797],
      [0.46149599449, 0.31023106586, 0.22170563617, 0.0065673034756]
    ],
    [
      [0.58952688237, 0.26079013795, 0.13118521045, 0.018497769227],
      [0.1082128133, 0.28071727381, 0.59241333643, 0.018656576469],
      [0.043032434071, 0.77625509134, 0.13686141063, 0.043851063956],
      [0.16614723282, 0.65439415517, 0.093066250699, 0.086392361306],
      [0.11802837479, 0.36186332174, 0.33318574621, 0.18692255725],
      [0.20054259003, 0.45867995392, 0.25897109012, 0.08180636593]
    ],
    [
      [0.36941089032, 0.54178732877, 0.085391118254, 0.0034106626632],
      [0.053580666473, 0.54292240559, 0.40029412981, 0.0032027981208],
      [0.011759698236, 0.93877696534, 0.045522290534, 0.0039410458875],
      [0.052546067162, 0.90347971513, 0.035959404071, 0.0080148136337],
      [0.05769994831, 0.71233958764, 0.20636042944, 0.023600034614],
      [0.082762573564, 0.77595479543, 0.1310725879, 0.010210043099]
    ],
    [
      [0.78452936802, 0.17011473239, 0.043687854701, 0.0016680448893],
      [0.21883797672, 0.37312909916, 0.40463522334, 0.0033977007769],
      [0.064142626497, 0.85981957036, 0.070107650314, 0.0059301528311],
      [0.25812643173, 0.68528327903, 0.046115825759, 0.010474463472],
      [0.2447981148, 0.49813758412, 0.2276899535, 0.029374347578],
      [0.34602437177, 0.50395653603, 0.139092234, 0.0109268582]
    ],
    [
      [0.33944120359, 0.47621707964, 0.17851680826, 0.0058249085028],
      [0.039728686828, 0.35614002172, 0.60003923412, 0.0040920573366],
      [0.0131071389, 0.87131543736, 0.10769835798, 0.0078790657625],
      [0.058306132364, 0.84042410136, 0.083812111771, 0.017457654501],
      [0.049663827358, 0.53329605031, 0.37299459848, 0.044045523853],
      [0.078671260749, 0.63710365286, 0.26571862238, 0.018506464005]
    ],
    [
      [0.11813832136, 0.46336049064, 0.41724370899, 0.0012574790021],
      [0.0059034948622, 0.13236034153, 0.86138856628, 0.00034759732095],
      [0.0042987225556, 0.79939490402, 0.19532116208, 0.00098521134619],
      [0.016675356626, 0.8266977139, 0.15542401756, 0.0012029119115],
      [0.011467920968, 0.32286814573, 0.66561486399, 4.9069310565e-05],
      [0.018430268925, 0.47357194642, 0.50683831361, 0.0011594710447]
    ],
    [
      [0.36675213044, 0.42285288785, 0.18661050267, 0.023784479044],
      [0.045964155994, 0.32404160552, 0.61291711816, 0.017077120321],
      [0.016368414375, 0.82268145319, 0.12456622052, 0.036383911914],
      [0.06946477835, 0.75811690984, 0.092687519571, 0.079730792244],
      [0.050547006245, 0.42333552285, 0.34346947665, 0.18264799426],
      [0.088881574494, 0.55664360166, 0.27474836882, 0.079726455032]
    ],
    [
      [0.39803927525, 0.42678302697, 0.15950708242, 0.015670615366],
      [0.054148084654, 0.35723284968, 0.57634327166, 0.012275794012],
      [0.018003864897, 0.84906417678, 0.10854999843, 0.024381959897],
      [0.077142724612, 0.78805387946, 0.081350029844, 0.053453366083],
      [0.061018951219, 0.4781854374, 0.32919216564, 0.13160344574],
      [0.10160638112, 0.59474069438, 0.24864054543, 0.05501237907]
    ],
    [
      [0.36710205895, 0.49318085302, 0.12204832376, 0.017668764268],
      [0.054863785021, 0.45186182151, 0.47812258779, 0.015151805677],
      [0.015007502354, 0.88539690266, 0.074829962708, 0.024765632278],
      [0.06436743371, 0.82455666872, 0.056357535481, 0.054718362091],
      [0.055760663935, 0.54635586022, 0.24760956912, 0.15027390673],
      [0.090754511468, 0.6654878003, 0.18332203688, 0.060435651357]
    ],
    [
      [0.46193785742, 0.40714245433, 0.11717229937, 0.013747388872],
      [0.077297464533, 0.41029841112, 0.49943147413, 0.012972650217],
      [0.023153273892, 0.86728943745, 0.086451621717, 0.023105666938],
      [0.097142667612, 0.78984560141, 0.063593118943, 0.049418612035],
      [0.08213962017, 0.51661194266, 0.27219731666, 0.12905112051],
      [0.13164711217, 0.61724415646, 0.19866102036, 0.052447711009]
    ],
    [
      [0.42454368489, 0.44934183989, 0.11009773645, 0.016016738767],
      [0.070704480514, 0.44884643217, 0.46546493886, 0.014984148462],
      [0.019670582373, 0.88083614783, 0.074727935164, 0.024765334633],
      [0.083016623413, 0.8082036517, 0.055386498157, 0.053393226727],
      [0.072010182028, 0.54177469286, 0.2430454303, 0.14316969481],
      [0.11550873278, 0.64859897395, 0.17767474999, 0.05821754328]
    ],
    [
      [0.49454872672, 0.39419852017, 0.1002228249, 0.011029928211],
      [0.090893844967, 0.43319508978, 0.46455933612, 0.011351729129],
      [0.026183173037, 0.87692288, 0.077493910846, 0.019400036122],
      [0.10899633482, 0.79330343025, 0.056610090447, 0.041090144492],
      [0.095924560782, 0.54124026763, 0.2518600368, 0.11097513479],
      [0.14930984346, 0.62790166324, 0.17868026016, 0.044108233143]
    ],
    [
      [0.48822312323, 0.40739063869, 0.093058059845, 0.011328178233],
      [0.084099050209, 0.45362920217, 0.45046456914, 0.011807178483],
      [0.02240917801, 0.89089885496, 0.067789101809, 0.018902865216],
      [0.095792178701, 0.8129076416, 0.050297478179, 0.041002701522],
      [0.086756970893, 0.55893818475, 0.23363519276, 0.1206696516],
      [0.13620778613, 0.65338313438, 0.16477754361, 0.045631535866]
    ],
    [
      [0.94108710224, 0.032477862671, 0.019789026999, 0.0066460080879],
      [0.35213729209, 0.17461148458, 0.44051464073, 0.032736582602],
      [0.14437391238, 0.63716275649, 0.11065990626, 0.10780342487],
      [0.45121142469, 0.3212375275, 0.049214858019, 0.17833618979],
      [0.15933226923, 0.095816282756, 0.09808447852, 0.64676696949],
      [0.52961186296, 0.19970955641, 0.12616325617, 0.14451532446]
    ],
    [
      [0.68639961734, 0.1798368536, 0.12127754194, 0.012485987116],
      [0.13504533222, 0.21974482767, 0.63093832052, 0.014271519592],
      [0.062829546931, 0.72820011891, 0.16917134985, 0.039798984306],
      [0.23451024187, 0.58118690769, 0.10922756065, 0.075075289793],
      [0.15857316755, 0.305342414, 0.37806141456, 0.15802300389],
      [0.26662052885, 0.37983653463, 0.28699014496, 0.066552791565]
    ],
    [
      [0.46261538578, 0.40612650249, 0.11282208893, 0.018436022796],
      [0.080195613129, 0.41617645358, 0.48593048068, 0.017697452611],
      [0.023768233442, 0.86156945894, 0.083593215704, 0.031069091916],
      [0.098145530914, 0.77563431992, 0.060730660895, 0.06548948827],
      [0.081287873491, 0.49901311005, 0.25366077151, 0.16603824495],
      [0.13282940515, 0.60827278654, 0.1894014291, 0.069496379211]
    ],
    [
      [0.38227949753, 0.49114225459, 0.090677790902, 0.035900456973],
      [0.059611185976, 0.50481524982, 0.4011431161, 0.034430448107],
      [0.014023919612, 0.88176352841, 0.053986969272, 0.050225582703],
      [0.058232597754, 0.79010837699, 0.039413613582, 0.11224541167],
      [0.046308740962, 0.47281640232, 0.15789427247, 0.32298058424],
      [0.085582867024, 0.6536948504, 0.13221485811, 0.12850742447]
    ],
    [
      [0.3645139593, 0.45112557144, 0.16988436054, 0.014476108728],
      [0.048078250279, 0.3609633845, 0.58010242294, 0.010855942283],
      [0.015958172251, 0.85230708926, 0.1103214833, 0.021413255184],
      [0.068921006006, 0.80012642935, 0.083611797316, 0.047340767331],
      [0.054935001537, 0.48963785531, 0.33859734058, 0.11682980256],
      [0.090820304248, 0.6054972348, 0.25483556773, 0.04884689322]
    ],
    [
      [0.45094829549, 0.34402088547, 0.19130298737, 0.013727831672],
      [0.060026627337, 0.27683037482, 0.65279330675, 0.010349691099],
      [0.024464584878, 0.79705659533, 0.15340784824, 0.025070971557],
      [0.10327833787, 0.72948606434, 0.11333352175, 0.053902076045],
      [0.073323384281, 0.4004942932, 0.40859313721, 0.11758918531],
      [0.12475834852, 0.50792885797, 0.31637126991, 0.05094152361]
    ],
    [
      [0.11930255528, 0.6854237753, 0.1939133764, 0.0013602930179],
      [0.01158190164, 0.3947085285, 0.59297043609, 0.00073913376449],
      [0.0033098242223, 0.92254521463, 0.07330387974, 0.00084108140658],
      [0.012479014506, 0.9277009662, 0.058810739249, 0.0010092800481],
      [0.014682670904, 0.64117287947, 0.34397158026, 0.00017286936765],
      [0.019398019563, 0.75340178173, 0.22573543403, 0.0014647646746]
    ],
    [
      [0.63996865977, 0.19985435278, 0.14133348148, 0.018843505974],
      [0.11427160434, 0.21651373329, 0.65010397469, 0.019110687681],
      [0.053593311331, 0.71711158964, 0.17573659521, 0.05355850382],
      [0.20134360992, 0.5810280754, 0.11504660795, 0.10258170673],
      [0.1292532361, 0.28972886267, 0.37619814979, 0.20481975144],
      [0.22810037743, 0.37979156921, 0.30133063153, 0.090777421832]
    ],
    [
      [0.21422978015, 0.53825527799, 0.19809145883, 0.049423483039],
      [0.019640891599, 0.34251968125, 0.60856180338, 0.029277623767],
      [0.0059037533783, 0.84913266181, 0.090165309273, 0.054798275541],
      [0.021953937266, 0.76182523423, 0.067637515279, 0.14858331322],
      [0.012541972889, 0.26917987378, 0.18649768616, 0.53178046717],
      [0.031003026467, 0.57669052803, 0.22598692011, 0.1663195254]
    ],
    [
      [0.34624187746, 0.41295148824, 0.2360645163, 0.0047421179986],
      [0.031244745356, 0.26088262452, 0.70505069453, 0.0028219355977],
      [0.012992206831, 0.82884576029, 0.15138186191, 0.0067801709692],
      [0.05861304084, 0.80784086987, 0.11872493606, 0.014821153228],
      [0.044207199555, 0.44334903633, 0.48219080783, 0.030252956286],
      [0.073178769397, 0.55671738362, 0.35567942042, 0.014424426558]
    ],
    [
      [0.58092426153, 0.21732420212, 0.16772224673, 0.03402928963],
      [0.093417124841, 0.20636205436, 0.66994839905, 0.030272421753],
      [0.04446369495, 0.68518094127, 0.18490644783, 0.085448915953],
      [0.16475570536, 0.55296470141, 0.12041378673, 0.1618658065],
      [0.096923405799, 0.2530937431, 0.35782617844, 0.29215667266],
      [0.18509049905, 0.36028996708, 0.31212582009, 0.14249371377]
    ],
    [
      [0.90662112458, 0.083902509077, 0.0087452214262, 0.00073114491526],
      [0.39132968179, 0.41755631419, 0.18772710699, 0.003386897033],
      [0.094059709236, 0.87279574653, 0.02791696148, 0.0052275827497],
      [0.37060703283, 0.60513602977, 0.016497331102, 0.0077596063015],
      [0.3874852419, 0.49658768304, 0.090434762843, 0.025492312222],
      [0.51067194047, 0.43408928785, 0.047162266965, 0.0080765047067]
    ],
    [
      [0.70304439654, 0.20262666038, 0.088512154422, 0.0058167886616],
      [0.16507081735, 0.28975278904, 0.53738529568, 0.0077910979332],
      [0.06417056558, 0.79730823821, 0.12050066228, 0.018020533936],
      [0.24135142524, 0.64561948454, 0.078866826288, 0.034162263939],
      [0.19312874181, 0.40123410189, 0.32168559502, 0.083951561279],
      [0.29356617651, 0.45250159641, 0.22144132243, 0.032490904651]
    ],
    [
      [0.61491950259, 0.24899675663, 0.11998970583, 0.016094034957],
      [0.11850434005, 0.28497582822, 0.57926362821, 0.017256203521],
      [0.046451135593, 0.78200909946, 0.13139549336, 0.040144271591],
      [0.17868061899, 0.65384896088, 0.088684029736, 0.07878639039],
      [0.12967305562, 0.36880994387, 0.32571124703, 0.17580575347],
      [0.21693046433, 0.45965656397, 0.2484782653, 0.074934706398]
    ],
    [
      [0.40612077899, 0.51254349785, 0.075311532528, 0.0060241906326],
      [0.069401802898, 0.5637990221, 0.36059763241, 0.0062015425846],
      [0.015575184848, 0.93061737627, 0.045549438026, 0.008258000861],
      [0.068355852688, 0.87865877777, 0.034952234526, 0.018033135013],
      [0.070702982887, 0.68676743049, 0.1846089366, 0.057920650017],
      [0.10377196065, 0.75293713184, 0.12177128647, 0.021519621039]
    ],
    [
      [0.64766659159, 0.21895479995, 0.11729248803, 0.016086120434],
      [0.13059768166, 0.26158609204, 0.58981311207, 0.01800311422],
      [0.054255241563, 0.75933605259, 0.14206733059, 0.044341375258],
      [0.20323351522, 0.618677084, 0.093424310232, 0.084665090549],
      [0.14351741116, 0.33987098606, 0.3334809453, 0.18313065749],
      [0.24090787177, 0.42501031511, 0.2554404333, 0.078641379817]
    ],
    [
      [0.79504467011, 0.12819993896, 0.074267066401, 0.0024883245339],
      [0.1969767304, 0.22352468517, 0.57545151034, 0.0040470740903],
      [0.088012925297, 0.75723181043, 0.14389528991, 0.010859974367],
      [0.32466804993, 0.5683191158, 0.088154125386, 0.018858708879],
      [0.25148680234, 0.33947861974, 0.36484593905, 0.044188638871],
      [0.37656851237, 0.36868240535, 0.2378449399, 0.016904142379]
    ],
    [
      [0.59963590939, 0.23937946219, 0.13671875921, 0.02426586921],
      [0.096432531024, 0.25321875597, 0.62636566855, 0.023983044454],
      [0.039389014275, 0.75506367512, 0.1456405913, 0.059906719301],
      [0.15495276225, 0.62653045765, 0.098089120111, 0.12042765999],
      [0.10061528642, 0.31388126582, 0.3296653363, 0.25583811146],
      [0.18630391278, 0.4283925098, 0.27314649994, 0.11215707748]
    ],
    [
      [0.66214711841, 0.196973063, 0.094000317397, 0.046879501195],
      [0.14020348759, 0.26396640299, 0.53715128543, 0.058678823989],
      [0.051754419788, 0.70098339503, 0.11426019183, 0.13300199335],
      [0.17858979075, 0.51395972123, 0.068066813687, 0.23938367434],
      [0.10309870128, 0.22995703267, 0.20091950302, 0.46602476303],
      [0.21891863264, 0.36099793826, 0.19232973405, 0.22775369505]
    ],
    [
      [0.11444428999, 0.64598655031, 0.23706855857, 0.0025006011189],
      [0.009851283479, 0.32015105801, 0.66877774504, 0.0012199134734],
      [0.0033391872043, 0.90408946905, 0.090694697221, 0.0018766465227],
      [0.012426533964, 0.91199322005, 0.072292168421, 0.0032880775663],
      [0.013721314176, 0.5673182688, 0.41456993621, 0.0043904808099],
      [0.018534976116, 0.70093883844, 0.27630407909, 0.0042221063513]
    ],
    [
      [0.53001985274, 0.28240170398, 0.1662331854, 0.021345257871],
      [0.072729700655, 0.25329521376, 0.65605695748, 0.017918128107],
      [0.030200708434, 0.7720130417, 0.15242203726, 0.045364212613],
      [0.12409973291, 0.67227877034, 0.10761424732, 0.096007249427],
      [0.081967024369, 0.33966226832, 0.37002449516, 0.20834621215],
      [0.14939334857, 0.45889330028, 0.30211396512, 0.08959938603]
    ],
    [
      [0.55632036653, 0.31387702032, 0.11804015537, 0.011762457782],
      [0.10052257789, 0.34265312464, 0.54480332282, 0.012020974643],
      [0.0345887645, 0.83236492572, 0.10843400789, 0.024612301894],
      [0.14048865007, 0.73168953297, 0.077010743548, 0.050811073416],
      [0.111964028, 0.45190816296, 0.3112120466, 0.12491576244],
      [0.18015735651, 0.54113627954, 0.22771720598, 0.050989157973]
    ],
    [
      [0.52854506283, 0.28511171927, 0.15449862819, 0.031844589715],
      [0.085358826179, 0.27054845924, 0.61577959694, 0.028313117643],
      [0.034229086269, 0.75526634517, 0.14331632781, 0.067188240748],
      [0.13235593058, 0.63733753493, 0.09756193594, 0.13274459855],
      [0.086741393377, 0.32498674041, 0.32244663499, 0.26582523122],
      [0.15919871429, 0.44495684196, 0.2706250622, 0.12521938156]
    ],
    [
      [0.5180791445, 0.28789271691, 0.17302323843, 0.021004900154],
      [0.077141265583, 0.25576162517, 0.64962007874, 0.017477030499],
      [0.032814435202, 0.76331543996, 0.15967041971, 0.044199705129],
      [0.13166416331, 0.66534581621, 0.11233168886, 0.090658331622],
      [0.087959681012, 0.34502482968, 0.38024971019, 0.18676577912],
      [0.15545628493, 0.45440218684, 0.30634994916, 0.083791579075]
    ],
    [
      [0.47195643766, 0.33871117252, 0.18789571939, 0.0014366704267],
      [0.041294078188, 0.24640928105, 0.71132135445, 0.00097528631056],
      [0.016410069843, 0.84863188253, 0.13307976138, 0.0018782862497],
      [0.075720213929, 0.81686329654, 0.10456300303, 0.0028534865059],
      [0.061695656381, 0.45251694181, 0.4840239103, 0.0017634915121],
      [0.100128599, 0.55912849625, 0.33763499836, 0.0031079063915]
    ],
    [
      [0.65495052642, 0.26395342364, 0.071651132355, 0.0094449175841],
      [0.13358665467, 0.38925926407, 0.46421107368, 0.012943007574],
      [0.038604458303, 0.86256258304, 0.075797125522, 0.023035833139],
      [0.16094460267, 0.73828325142, 0.053252161882, 0.047519984021],
      [0.13892011493, 0.48420730297, 0.23932640435, 0.13754617775],
      [0.22054146795, 0.56217483949, 0.16694908859, 0.05033460397]
    ],
    [
      [0.62991205236, 0.24554708317, 0.089564515862, 0.034976348608],
      [0.12911570879, 0.32329264403, 0.50459686482, 0.042994782358],
      [0.042696216363, 0.77410679267, 0.095974950411, 0.087222040557],
      [0.15897452403, 0.61143502663, 0.061598986334, 0.16799146301],
      [0.10534406298, 0.3133079006, 0.20881703753, 0.37253099888],
      [0.20373932724, 0.44744444877, 0.18168592812, 0.16713029588]
    ],
    [
      [0.54879595327, 0.24479773406, 0.16080184669, 0.045604465973],
      [0.087264372096, 0.23143523526, 0.6409117735, 0.040388619148],
      [0.037638803446, 0.69862679232, 0.16006835707, 0.10366604717],
      [0.13902627438, 0.56095073383, 0.10375558393, 0.19626740787],
      [0.081422150023, 0.25538660284, 0.30741830566, 0.35577294148],
      [0.16221394019, 0.3790894577, 0.27941665384, 0.17927994827]
    ],
    [
      [0.41407338086, 0.29035069143, 0.26611017378, 0.029465753929],
      [0.045952777115, 0.19166927709, 0.7441490182, 0.018228927597],
      [0.023853425151, 0.6973061698, 0.22257092688, 0.056269478176],
      [0.097936682362, 0.62308394154, 0.16040457097, 0.11857480513],
      [0.055613181004, 0.27446599776, 0.46205985402, 0.20786096722],
      [0.10616245934, 0.39085625891, 0.40239166249, 0.10058961926]
    ],
    [
      [0.46826786949, 0.35082160651, 0.16360383164, 0.017306692353],
      [0.068486299694, 0.30823159224, 0.60903767018, 0.014244437882],
      [0.025631791764, 0.81123608867, 0.13143255576, 0.031699563806],
      [0.106359829, 0.73096846207, 0.095571313477, 0.067100395453],
      [0.077952887716, 0.41534730592, 0.35534516557, 0.1513546408],
      [0.13263280079, 0.52655171632, 0.27532843178, 0.065487051112]
    ],
    [
      [0.60042057337, 0.26653817163, 0.11263303165, 0.020408223349],
      [0.11399190969, 0.30798907712, 0.55594268115, 0.022076332044],
      [0.041425738862, 0.7947372174, 0.11574173979, 0.048095303942],
      [0.1608243501, 0.66514321498, 0.078343478745, 0.095688956176],
      [0.11674021367, 0.37370847712, 0.29000674248, 0.21954456672],
      [0.20111988632, 0.47879591368, 0.2265925388, 0.093491661208]
    ],
    [
      [0.82680990328, 0.11814466225, 0.047882908862, 0.0071625256091],
      [0.26902778697, 0.26078758057, 0.45546165787, 0.014722974598],
      [0.10581273043, 0.75549694742, 0.10318900837, 0.035501313782],
      [0.35668080696, 0.52569190346, 0.058541896546, 0.059085393031],
      [0.28268836932, 0.32480110896, 0.24105580135, 0.15145472037],
      [0.42725158953, 0.35703935844, 0.16100217851, 0.054706873521]
    ],
    [
      [0.50490731747, 0.27086936167, 0.20517859689, 0.019044723967],
      [0.067074799622, 0.21760830205, 0.70098603549, 0.014330862842],
      [0.032096708793, 0.734168757, 0.19285358745, 0.040880946754],
      [0.13070651356, 0.6471526592, 0.13718288715, 0.084957940094],
      [0.082003871875, 0.31488687115, 0.43839512322, 0.16471413376],
      [0.14715247269, 0.42050931578, 0.35758195842, 0.074756253106]
    ],
    [
      [0.47350293249, 0.36228546157, 0.14935880559, 0.014852800348],
      [0.073714464092, 0.3338938222, 0.57956616556, 0.012825548153],
      [0.026153592709, 0.82775147886, 0.1191542408, 0.026940687634],
      [0.10843228183, 0.74778065375, 0.086847127731, 0.05693993669],
      [0.083292813734, 0.4462167339, 0.33696370081, 0.13352675155],
      [0.13784416691, 0.55074878974, 0.25466357161, 0.056743471739]
    ],
    [
      [0.76615852218, 0.13477671778, 0.095823755237, 0.0032410048072],
      [0.16716751091, 0.20232877652, 0.62597238402, 0.0045313285518],
      [0.081712450009, 0.73031113645, 0.17454914914, 0.013427264398],
      [0.30516031497, 0.56170820293, 0.10897597301, 0.02415550909],
      [0.21951918849, 0.31438761978, 0.41289156727, 0.053201624465],
      [0.34136419764, 0.35530255509, 0.28247693768, 0.020856309598]
    ],
    [
      [0.83694192188, 0.12690043557, 0.014298412104, 0.021859230441],
      [0.10938911139, 0.49263196593, 0.31851200057, 0.079466922115],
      [0.019989791942, 0.82873641263, 0.029427996743, 0.12184579868],
      [0.072379517827, 0.59642195151, 0.018677142321, 0.31252138834],
      [0.0087944381473, 0.063193400904, 0.0079393643915, 0.92007279656],
      [0.11765037689, 0.48004245072, 0.054651921504, 0.34765525089]
    ],
    [
      [0.4799024173, 0.34643897139, 0.15015853491, 0.023500076401],
      [0.061355073124, 0.31249664227, 0.60638763598, 0.019760648631],
      [0.02107984631, 0.8212146039, 0.11478424283, 0.042921306957],
      [0.088761813643, 0.72823089498, 0.083313701866, 0.099693589511],
      [0.060125164884, 0.36876967234, 0.2932488449, 0.27785631788],
      [0.11605529067, 0.53024167405, 0.25317912678, 0.1005239085]
    ],
    [
      [0.15950909287, 0.60791148514, 0.23178393996, 0.00079548203396],
      [0.014188237152, 0.337989267, 0.6474019779, 0.00042051794419],
      [0.0045431064428, 0.89589645371, 0.099118417731, 0.00044202212139],
      [0.018630428378, 0.90162391963, 0.079405438173, 0.00034021381759],
      [0.019037595144, 0.56726853516, 0.41369300059, 8.6911305144e-07],
      [0.027271149985, 0.69022722779, 0.28197405528, 0.00052756693988]
    ],
    [
      [0.53985141345, 0.36257556529, 0.092480517519, 0.0050925037372],
      [0.09940448761, 0.42771883458, 0.46725972235, 0.0056169554586],
      [0.028246183133, 0.8860376035, 0.076226649756, 0.0094895636113],
      [0.12016352409, 0.80379288312, 0.056078408988, 0.019965183808],
      [0.11090054648, 0.56775402421, 0.26474798647, 0.05659744283],
      [0.16664036113, 0.63285440346, 0.17883847758, 0.021666757831]
    ],
    [
      [0.55494632486, 0.26704727459, 0.14644907386, 0.031557326693],
      [0.091640614301, 0.2649972194, 0.6140430048, 0.029319161501],
      [0.036883244123, 0.7497690547, 0.14294783736, 0.070399863816],
      [0.14161958242, 0.62396637933, 0.096074943607, 0.13833909465],
      [0.091786499313, 0.31408988413, 0.31561333537, 0.27851028119],
      [0.17017026465, 0.43338202353, 0.26644037868, 0.13000733315]
    ],
    [
      [0.77909163447, 0.17239251608, 0.043863233129, 0.0046526163232],
      [0.24197274987, 0.35965315501, 0.38934274377, 0.0090313513494],
      [0.076386542876, 0.83474506671, 0.071565071773, 0.017303318641],
      [0.28228180374, 0.64157861605, 0.044820592424, 0.031318987785],
      [0.25450520628, 0.44878175368, 0.20781788833, 0.088895151707],
