{
  "Z_true": {},
  "V_true": [
    [47, 48, 1036, 393, 88],
    [17, 811, 145, 1122, 117],
    [112, 254, 528, 11800, 252],
    [69, 75, 5345, 909, 151],
    [132, 81, 1173, 952, 284],
    [644, 18, 822, 684, 97],
    [68, 149, 356, 1172, 644]
  ],
  "p_true": [
    [0.0292, 0.0298, 0.6427, 0.2438, 0.0546],
    [0.0077, 0.3666, 0.0656, 0.5072, 0.0529],
    [0.0087, 0.0196, 0.0408, 0.9115, 0.0195],
    [0.0105, 0.0115, 0.8162, 0.1388, 0.0231],
    [0.0503, 0.0309, 0.4474, 0.3631, 0.1083],
    [0.2843, 0.0079, 0.3629, 0.302, 0.0428],
    [0.0285, 0.0624, 0.149, 0.4906, 0.2696]
  ],
  "Z_est": [
    [
      [2.481, 0.3838, 0, 0, 0.2694, 0.6387, 1.419, 0.3146, 0.6828, 2.2005, 0.3279, 3.5651, 0.9366, 3.5618, 4.5736, 0.4183, 1.4196, 0.1196, 0.2942, 0.1279, 0.5751, 0.4989, 0.5339, 0.8728, 0.2165, 0.6855, 0.3346, 2.7693, 0.761, 0.5066, 1.7618, 0.9967, 0.8475, 1.0367, 1.6346, 0.5747, 0.0696, 1.0329, 0.048, 0.2727, 0.6907, 0.5678, 2.3215, 0.3195, 1.6873, 0.5099, 0.0312, 3.0693, 0.5544, 5.4049, 0.3916],
      [4.9776, 0.8232, 0, 0.2407, 1.1424, 3.5704, 5.3383, 1.9679, 2.9289, 10.9362, 0.8719, 12.5116, 3.8665, 9.0115, 9.6613, 2.1224, 9.9806, 0.4418, 1.7762, 0.4216, 3.1601, 0.9577, 2.1533, 3.1544, 0.5829, 3.3334, 1.09, 5.3463, 1.8932, 1.3762, 5.9038, 3.769, 2.3331, 2.8152, 4.7654, 1.4862, 0.464, 3.301, 0.2214, 0.4875, 4.0811, 3.516, 11.3696, 0.9132, 5.815, 1.3081, 0.1298, 11.988, 3.5905, 26.4759, 7.2692],
      [44.4103, 1.8456, 0, 0.6458, 6.3139, 13.8932, 21.5833, 9.7846, 18.1959, 51.5981, 4.5049, 76.5947, 15.01, 53.3443, 95.2894, 7.2619, 40.3028, 1.2911, 7.7309, 1.2477, 14.0902, 14.0498, 6.1414, 23.4786, 2.7816, 15.0005, 6.1848, 62.7678, 12.7604, 6.7096, 36.4959, 35.0354, 13.2447, 23.8761, 39.0933, 8.0406, 3.2655, 19.4022, 0.598, 7.3802, 22.5966, 12.1787, 54.8244, 11.244, 40.27, 9.5197, 0.8267, 97.6178, 17.9229, 78.9669, 19.4912],
      [4.7849, 0.9005, 0, 0.0236, 0.2015, 0.7185, 3.1088, 0.8043, 1.1311, 5.2862, 2.2356, 9.1855, 2.2286, 10.3232, 6.5203, 0.8904, 7.2239, 0.0908, 0.8408, 0.1277, 0.9477, 0.4496, 0.8588, 1.4032, 0.2911, 2.5251, 0.3595, 4.7255, 1.4911, 1.1206, 2.5273, 4.6715, 1.3864, 2.9201, 2.2648, 0.7043, 0.1938, 2.0299, 0.0951, 0.822, 1.5071, 1.4608, 7.3935, 1.4972, 3.9079, 0.5593, 0.009, 13.129, 1.627, 16.9815, 3.8893],
      [0.3462, 0.0469, 0, 0.0899, 0.0728, 0.1792, 0.5507, 0.1285, 0.0613, 0.979, 0.0597, 1.1432, 0.9583, 0.7592, 0.9554, 0.3071, 1.0731, 0.0567, 0.3578, 0.0751, 0.2269, 0.0439, 0.3125, 0.0909, 0.1278, 0.4556, 0.0311, 0.391, 0.0942, 0.287, 0.3111, 0.5273, 0.1884, 0.3519, 0.2418, 0.1942, 0.0071, 0.2339, 0.0375, 0.0375, 0.1246, 0.2767, 1.0909, 0.0261, 0.3198, 0.103, 0.0033, 1.1959, 0.3052, 5.1708, 0.9587]
    ],
    [
      [1.6919, 0.2123, 0, 0, 0.5486, 0.6804, 1.571, 0.6295, 1.5498, 3.802, 0.3785, 4.0976, 1.4167, 3.1229, 3.77, 0.8877, 1.6214, 0.301, 0.7503, 0.5188, 1.1462, 0.1662, 0.8999, 1.588, 0.5182, 0.7532, 1.8922, 1.6424, 1.1383, 0.6112, 2.647, 0.9, 1.5284, 1.0124, 1.5046, 1.071, 0.2269, 1.8412, 0.0319, 0.3634, 1.8941, 0.9421, 2.848, 0.3551, 1.6462, 0.7433, 0.1832, 2.5101, 0.3877, 6.2728, 0.4052],
      [11.8463, 1.4391, 0, 0, 6.2742, 11.9958, 13.8846, 11.1742, 20.3343, 48.7646, 2.3309, 39.9736, 12.3139, 25.0095, 30.498, 11.4039, 28.359, 2.5826, 10.4893, 3.9323, 17.1815, 2.6029, 7.9958, 17.1251, 4.3371, 9.4659, 14.7785, 15.1384, 9.0004, 4.652, 27.7994, 11.31, 12.0032, 9.5246, 17.3569, 7.2243, 4.6046, 16.1621, 0.547, 2.6747, 29.9957, 13.8833, 39.8262, 4.0578, 18.6386, 5.2413, 2.8354, 34.2684, 9.1101, 68.3186, 17.1733],
      [15.9963, 0.3471, 0, 0, 5.7183, 4.8809, 10.0745, 7.1771, 13.8342, 36.8928, 2.4168, 42.8803, 11.2394, 24.4032, 42.4825, 5.6551, 16.1059, 0.919, 12.2963, 2.0702, 8.682, 2.3444, 3.1219, 19.9327, 3.3095, 6.4614, 10.5544, 17.6861, 5.7048, 3.4312, 24.4692, 19.0843, 7.4962, 10.7723, 18.1632, 7.1193, 3.0447, 14.2731, 0.1484, 5.0669, 21.7798, 6.862, 24.4913, 5.1925, 17.2907, 7.1602, 2.0488, 37.1206, 3.7981, 37.6699, 7.1059],
      [8.5259, 0.8907, 0, 0, 2.3256, 3.2394, 9.4631, 8.3572, 15.3372, 41.0015, 6.1992, 45.5302, 12.6878, 18.3285, 21.771, 7.0785, 35.8092, 1.2261, 10.0665, 1.588, 8.9542, 0.6907, 4.0223, 14.6002, 2.403, 12.2274, 16.2428, 12.5731, 8.9736, 5.4735, 17.3297, 14.0847, 12.257, 11.7346, 8.1596, 6.0601, 4.4975, 17.9717, 0.1926, 5.6068, 25.4153, 8.5374, 39.5642, 5.8234, 17.2109, 3.8596, 1.2085, 35.358, 3.6411, 70.4936, 12.8982],
      [1.9396, 0.1108, 0, 0, 1.1334, 1.2035, 3.0067, 1.662, 1.9445, 7.5392, 0.6746, 6.5182, 4.3422, 4.1358, 4.4784, 1.9748, 5.1045, 0.9713, 1.3976, 0.8908, 2.0361, 0.1957, 0.9602, 1.7539, 0.432, 2.0921, 2.5321, 1.96, 1.1829, 0.8321, 2.7546, 2.6209, 1.7152, 1.956, 1.8157, 1.5253, 0.6263, 2.7519, 0.0801, 1.2883, 3.915, 1.7751, 5.2703, 0.5712, 2.2136, 0.9956, 0.7241, 5.7429, 1.0631, 16.245, 4.4174]
    ],
    [
      [1.7093, 0.4125, 0.1043, 0, 0.9435, 2.438, 1.1256, 1.7948, 8.5942, 6.2898, 0.36, 5.5998, 1.1249, 4.1566, 8.6359, 1.5171, 2.0869, 0.8653, 0.878, 0.8096, 3.1481, 2.3841, 1.5416, 4.6552, 2.0526, 1.1046, 9.8506, 6.3752, 6.722, 1.2946, 7.2624, 1.2218, 5.8211, 2.6391, 4.4115, 1.7048, 2.2268, 4.6597, 0.4438, 3.434, 6.9832, 1.1072, 5.5061, 3.9015, 3.2558, 0.8101, 2.5099, 5.7165, 1.7051, 6.5444, 0.3531],
      [0.5469, 0.2535, 0, 0.0371, 0.608, 2.4907, 0.9124, 1.5968, 4.0927, 5.5599, 0.1374, 2.9765, 0.7317, 1.5374, 2.5975, 1.2742, 2.86, 0.4582, 0.7792, 0.4412, 2.7437, 0.3949, 1.1069, 2.3362, 0.5664, 0.9358, 3.0848, 1.3907, 1.5626, 0.4083, 3.5579, 0.5798, 1.7449, 0.8845, 1.7335, 0.5912, 1.2485, 1.8648, 0.2675, 0.4164, 5.5234, 1.4266, 4.4546, 0.8483, 1.6572, 0.298, 0.537, 3.5255, 1.9122, 5.7933, 1.9207],
      [2.9224, 0.0609, 0.1068, 0.0916, 1.5055, 5.2924, 1.1427, 3.6651, 15.7891, 9.2182, 0.2037, 11.5562, 1.2015, 5.6815, 19.956, 1.4385, 3.4739, 0.216, 2.9581, 0.5573, 4.7113, 10.0173, 0.9204, 12.1467, 2.6993, 1.7357, 8.5752, 15.1531, 4.6289, 1.003, 13.3705, 5.9521, 3.4468, 4.3276, 11.7482, 1.5026, 6.0833, 4.4184, 0.436, 5.8042, 16.804, 1.5366, 8.8996, 8.3536, 6.8675, 0.8263, 5.9322, 14.8694, 4.2016, 5.8693, 1.3976],
      [113.1937, 11.8018, 2.7889, 3.2134, 55.8778, 137.4769, 83.5933, 193.7347, 502.6539, 540.9677, 34.3779, 514.0671, 95.7522, 294.7393, 536.243, 117.3397, 327.5298, 28.1315, 109.6105, 29.0881, 223.3885, 143.5077, 66.8226, 314.4206, 91.31, 130.4116, 345.6284, 449.885, 266.9817, 82.5034, 439.8734, 187.1033, 265.134, 229.9151, 311.474, 89.6027, 196.778, 283.9554, 20.3532, 224.9613, 582.9936, 106.4279, 558.2461, 268.9924, 292.3174, 46.6492, 177.5148, 660.947, 155.0474, 645.7264, 135.6261],
      [4.6277, 0.4712, 0, 0.6579, 6.0651, 13.3019, 5.226, 13.2086, 22.87, 32.9644, 1.9211, 24.8004, 10.1897, 13.8853, 28.5676, 9.4306, 19.0494, 6.329, 4.7742, 4.1038, 15.0084, 7.6961, 3.6084, 13.4413, 4.3718, 8.8124, 23.8609, 20.196, 14.1049, 4.7907, 19.9358, 11.1429, 14.8531, 14.2337, 14.6328, 6.5987, 11.6634, 17.1018, 2.4995, 17.384, 33.6958, 5.5017, 27.8936, 11.9041, 11.9021, 3.4164, 24.5061, 36.9416, 11.1336, 46.0666, 10.7024]
    ],
    [
      [5.258, 0.2811, 0.5697, 0, 1.2332, 3.7858, 2.6197, 2.0095, 6.2931, 8.9216, 1.5996, 12.2253, 2.3551, 11.4375, 14.6545, 2.3938, 3.4555, 0.6636, 2.3174, 1.5287, 2.6962, 3.7394, 3.0281, 3.8635, 2.7186, 2.4108, 3.6589, 10.9727, 3.4722, 2.0666, 8.3004, 4.4848, 3.8713, 3.7787, 7.3559, 3.4772, 1.088, 5.896, 0.4261, 1.9424, 5.5233, 1.8234, 7.826, 1.7532, 5.5759, 1.2397, 4.8131, 8.0497, 1.8807, 17.2336, 1.1805],
      [3.7064, 0.3456, 0, 0.6257, 1.4396, 7.1807, 3.721, 4.124, 7.767, 16.0302, 1.3374, 14.7624, 2.9063, 9.2737, 9.1201, 4.1556, 10.1812, 0.7316, 4.4499, 1.4655, 5.4384, 1.2672, 3.6756, 4.2537, 1.6478, 4.0522, 3.3323, 5.3428, 2.4735, 1.6031, 8.8892, 5.1913, 3.1894, 3.1456, 5.849, 2.4655, 1.8344, 5.3456, 0.6719, 0.9338, 10.3354, 4.812, 14.66, 1.2954, 6.6662, 1.0236, 3.4699, 11.2314, 4.4841, 30.7925, 8.7806],
      [109.2114, 2.2661, 3.4202, 5.2247, 35.0508, 91.4322, 53.6028, 73.5436, 159.4976, 243.9441, 19.941, 338.7605, 56.3135, 234.4918, 354.5176, 55.0026, 132.4617, 7.6418, 88.0354, 18.6074, 82.0517, 103.6074, 33.1964, 123.3973, 46.8772, 61.7064, 61.5108, 280.4789, 59.5894, 37.3348, 215.0436, 185.9897, 66.7671, 101.1691, 214.6553, 53.4702, 39.7765, 111.1795, 6.8299, 50.8428, 187.3509, 54.1845, 241.5892, 54.0004, 168.6258, 27.9326, 101.8829, 303.5032, 67.1698, 351.3188, 66.6607],
      [3.101, 0.0603, 1.0102, 0.3036, 0.3542, 2.4384, 1.4306, 4.1329, 10.1502, 10.4163, 5.9009, 15.9215, 1.0582, 11.9477, 9.256, 2.6513, 7.4224, 0.117, 4.7734, 0.4978, 2.1598, 3.134, 2.1982, 3.1979, 2.0536, 5.4796, 2.2749, 11.4796, 2.8031, 2.1451, 6.98, 12.4755, 2.8967, 5.6663, 6.3529, 2.0398, 3.2989, 7.9415, 0.5954, 3.5077, 11.3079, 2.0252, 15.2662, 3.4768, 6.8328, 0.2764, 10.0012, 13.5246, 2.9077, 23.1622, 6.2403],
      [1.7232, 0.0468, 0, 0.846, 0.9221, 2.163, 1.6259, 2.19, 3.2921, 5.6877, 1.2212, 6.3303, 2.3668, 4.8493, 5.4518, 1.7968, 3.4792, 0.8459, 1.424, 0.9006, 1.654, 1.2519, 0.9017, 1.2877, 0.7027, 2.351, 3.2231, 3.7261, 1.6619, 0.8504, 2.7867, 4.8586, 1.2754, 2.2403, 2.7868, 1.5472, 2.0022, 3.6374, 0.4766, 2.7733, 5.4825, 1.155, 4.6586, 1.4742, 2.2993, 0.5277, 7.8329, 5.6911, 1.5576, 14.493, 4.1379]
    ],
    [
      [0.9501, 0.2164, 0, 0, 0.7796, 0.9593, 0.3501, 0.8995, 2.9309, 3.035, 0.178, 2.318, 0.7246, 2.3323, 4.5552, 0.9965, 0.8961, 0.1337, 0.3776, 0.3077, 1.7948, 1.6559, 0.4659, 1.8752, 0.6515, 0.5176, 2.6571, 3.033, 2.257, 0.6711, 2.7684, 0.8541, 1.9733, 1.2866, 2.1758, 0.9463, 0.7083, 2.3826, 0.0725, 1.6307, 2.1748, 0.4557, 2.9183, 1.3413, 1.5063, 0.8568, 1.1474, 2.983, 0.617, 2.9876, 0.0704],
      [0.006, 0.0065, 0, 0.0028, 0.0317, 0.0484, 0.0047, 0.0174, 0.0243, 0.0805, 0.0008, 0.0172, 0.0129, 0.0176, 0.0317, 0.0339, 0.0206, 0.1407, 0.0049, 0.0792, 0.0584, 0.0082, 0.0121, 0.0166, 0.0029, 0.0075, 0.022, 0.0093, 0.0087, 0.0038, 0.0306, 0.0065, 0.012, 0.006, 0.0224, 0.0091, 0.005, 0.0249, 0.0809, 0.002, 0.028, 0.0163, 0.057, 0.0027, 0.013, 0.0169, 0.0022, 0.033, 0.02, 0.0543, 0.0038],
      [5.6941, 0.1645, 0, 0.42, 5.7029, 5.6329, 1.3875, 5.2703, 14.6144, 15.2582, 0.4947, 13.3929, 3.2785, 11.2014, 27.5499, 3.8475, 4.9511, 0.1654, 3.4188, 0.7816, 9.6354, 16.1238, 1.1612, 12.2782, 2.0449, 2.3968, 8.3293, 17.6979, 5.0351, 1.894, 13.3325, 10.6581, 3.9581, 5.8131, 15.0461, 3.0392, 4.6741, 8.0751, 0.1579, 7.1525, 13.0996, 2.3205, 14.8145, 7.3417, 8.9922, 4.7205, 7.0129, 21.017, 4.0735, 10.4893, 0.669],
      [22.6233, 2.5355, 0, 1.2663, 14.8676, 20.9082, 9.7863, 36.7727, 80.323, 104.4442, 6.0537, 79.2676, 21.0263, 61.1972, 106.4204, 29.0897, 51.736, 2.1267, 16.6226, 4.3223, 48.806, 34.6366, 9.924, 49.0592, 11.8528, 22.8499, 46.9986, 80.3779, 43.7146, 16.655, 66.4547, 43.4541, 40.1569, 42.7545, 56.6362, 18.8519, 31.9704, 63.4024, 1.5418, 51.802, 78.8368, 16.5235, 114.6687, 46.5066, 50.8371, 16.401, 32.0889, 129.1418, 23.8887, 111.1653, 9.5125],
      [0.7265, 0.0771, 0, 0.3109, 1.6181, 1.4512, 0.4714, 2.0401, 3.1074, 5.1821, 0.2728, 3.0043, 1.9577, 2.2516, 4.4428, 2.0323, 2.3962, 0.4335, 0.5761, 0.5092, 2.7054, 1.5755, 0.4369, 1.7708, 0.448, 1.2282, 2.9931, 2.8819, 1.9846, 0.7761, 2.4138, 2.0272, 1.8998, 2.1399, 2.1195, 1.1535, 1.6422, 3.115, 0.1468, 3.4129, 3.8608, 0.6839, 4.5414, 1.8077, 1.6513, 1.0048, 3.7485, 5.8253, 1.4008, 6.3035, 0.7443]
    ],
    [
      [8.2641, 0.4281, 0.3261, 0, 3.236, 5.3631, 5.9719, 5.4619, 12.0639, 15.4078, 0.8233, 24.1446, 7.6598, 21.5876, 28.4823, 4.7788, 9.1484, 1.3395, 3.81, 2.295, 8.0446, 5.2402, 1.8325, 10.894, 6.2031, 3.998, 10.7511, 20.9247, 10.9179, 5.0207, 20.1447, 5.9614, 13.0267, 8.8023, 15.5043, 4.9429, 2.125, 9.2116, 0.8972, 4.3117, 12.189, 4.2836, 18.1481, 4.0082, 12.3492, 3.8795, 3.8596, 16.5874, 3.0592, 27.9424, 1.3613],
      [0.6215, 0.0515, 0, 0.0937, 0.3944, 0.8179, 0.9079, 0.7766, 0.9753, 1.7406, 0.0526, 2.6402, 1.2408, 1.9754, 1.8988, 0.6261, 1.7506, 0.126, 0.5955, 0.2573, 1.1349, 0.187, 0.2034, 0.9904, 0.4764, 0.4486, 0.6689, 1.0863, 0.5879, 0.4062, 1.9859, 0.5193, 0.9044, 0.6025, 1.344, 0.3378, 0.1576, 0.633, 0.1122, 0.1024, 1.375, 0.8135, 2.2893, 0.143, 1.2753, 0.3716, 0.1576, 1.4389, 0.39, 3.8905, 0.4056],
      [18.3455, 0.2957, 0.473, 0.6179, 10.9717, 13.2934, 12.2084, 21.4241, 34.3189, 35.5004, 1.1922, 70.894, 24.1483, 51.7562, 84.1097, 10.8958, 29.0048, 1.5551, 15.3781, 3.456, 24.9808, 19.1911, 2.0925, 38.507, 15.8239, 8.2006, 22.4708, 67.7259, 21.6398, 11.0436, 60.9343, 22.9338, 26.5819, 26.4831, 57.4485, 8.7179, 8.492, 18.2122, 1.7909, 12.7223, 42.238, 11.94, 51.0815, 13.3298, 40.2195, 11.5171, 10.6411, 54.1884, 8.5994, 50.7923, 4.1169],
      [5.6502, 0.1902, 0.2009, 0.1932, 2.2138, 2.3422, 6.5695, 10.9293, 14.4054, 14.4407, 0.9247, 37.4457, 14.8317, 28.039, 20.5192, 5.3196, 26.2051, 0.8715, 6.0957, 0.8576, 10.3047, 3.2993, 0.6995, 13.3484, 7.2707, 5.9413, 12.6508, 21.7387, 13.4889, 8.2785, 21.2984, 9.2216, 17.7892, 13.5892, 15.2745, 2.7889, 4.181, 8.6643, 1.1444, 6.7394, 18.7742, 5.6555, 28.2225, 6.4705, 18.8348, 3.0666, 3.1873, 21.9761, 2.7682, 41.9736, 2.8514],
      [0.1187, 0.0344, 0, 0.0952, 0.1841, 0.1835, 0.3424, 0.4081, 0.2365, 0.9105, 0.0072, 0.8755, 1.1194, 0.6417, 0.99, 0.3797, 0.8911, 0.1079, 0.1207, 0.1341, 0.535, 0.0824, 0.172, 0.2601, 0.2259, 0.4114, 0.4585, 0.5244, 0.3655, 0.251, 0.6368, 0.3639, 0.6977, 0.5229, 0.4287, 0.2125, 0.0445, 0.2789, 0.0553, 0.1243, 0.4239, 0.3074, 1.2586, 0.0483, 0.3212, 0.1653, 0.1544, 0.8093, 0.1831, 2.4012, 0.2648]
    ],
    [
      [1.6456, 0.0658, 0, 0, 0.9896, 1.1348, 0.9428, 0.8901, 2.8853, 3.3434, 0.3328, 3.0496, 0.7822, 2.8013, 3.3286, 1.0078, 1.3721, 0.5774, 0.5724, 0.4123, 1.595, 1.3153, 0.6981, 2.2514, 0.6395, 0.5303, 2.8555, 3.2827, 2.7316, 0.8291, 3.1153, 0.5812, 2.9317, 1.4443, 2.4133, 1.2831, 0.5554, 1.976, 0.0805, 1.0451, 2.5448, 0.8202, 2.4318, 1.321, 1.9793, 0.9607, 1.4555, 3.0841, 0.7958, 4.6143, 0.238],
      [1.2953, 0.0806, 0, 0, 1.1097, 1.8961, 1.2311, 1.343, 2.8774, 4.888, 0.269, 3.1186, 0.9279, 2.175, 2.1925, 1.384, 2.848, 0.5191, 0.905, 0.4029, 2.2829, 0.5822, 0.8528, 2.1234, 0.3864, 0.7567, 2.0236, 1.6862, 1.4738, 0.5505, 2.8331, 0.6242, 1.813, 1.0215, 1.9288, 0.886, 0.6861, 1.6686, 0.0991, 0.3832, 3.6615, 1.5322, 3.3432, 0.7396, 1.9347, 0.7406, 0.868, 3.5147, 1.4931, 6.675, 1.4468],
      [3.4201, 0.0201, 0, 0, 1.7369, 1.575, 1.0009, 1.1353, 3.7499, 3.5881, 0.2467, 3.9214, 0.8088, 3.1216, 4.0949, 0.8987, 1.6998, 0.2115, 1.1824, 0.2798, 1.8486, 3.666, 0.3662, 3.2595, 0.4636, 0.4986, 3.3747, 4.4904, 1.6416, 0.5837, 3.3539, 1.3465, 1.5051, 1.5586, 3.8454, 1.1102, 1.6639, 1.4396, 0.0388, 2.0311, 3.1312, 0.9776, 2.2995, 2.538, 2.7342, 1.3236, 2.6554, 4.6837, 1.2347, 3.8935, 0.5586],
      [28.1209, 0.6208, 0, 0, 13.1595, 14.8764, 18.0485, 24.2689, 54.9991, 76.4434, 8.3082, 71.5823, 14.4152, 52.425, 50.2701, 19.6307, 54.0736, 5.4364, 16.9906, 3.5186, 28.4391, 18.282, 9.4745, 41.9705, 7.8188, 15.5651, 35.845, 61.2201, 39.547, 14.824, 50.5365, 18.9891, 44.3797, 33.4202, 42.8379, 17.9521, 16.0804, 36.0349, 1.0775, 21.5609, 63.1651, 20.3697, 63.6388, 33.233, 47.0592, 13.188, 28.9903, 89.9235, 20.1198, 115.4973, 19.9821],
      [6.5181, 0.2126, 0, 0, 7.0044, 7.5177, 5.7767, 9.3627, 15.4883, 26.7371, 1.8434, 21.3281, 8.066, 14.4771, 20.114, 8.0787, 16.0065, 4.2556, 4.3496, 2.3864, 11.8343, 7.1545, 2.6083, 11.3952, 2.6918, 5.6494, 14.9012, 17.3206, 10.606, 4.2127, 15.1612, 8.4592, 12.3704, 11.5553, 12.9746, 6.7686, 6.0142, 11.881, 0.7042, 9.9797, 21.4974, 5.3003, 19.2867, 8.1684, 11.2926, 4.7871, 16.0307, 29.7939, 8.3566, 39.3199, 7.7745]
    ]
  ],
  "V_est": [
    [55.3117, 207.6416, 1186.704, 140.3757, 21.967],
    [67.2211, 747.4397, 616.7757, 657.4908, 123.0724],
    [160.7925, 85.2076, 281.2759, 11726.6797, 692.0445],
    [219.7496, 271.4768, 5642.6599, 276.6459, 138.4676],
    [70.3768, 1.1778, 366.2805, 2082.8598, 101.3051],
    [437.0144, 42.9819, 1214.4962, 549.7374, 20.7701],
    [78.534, 80.0746, 96.8078, 1598.2106, 535.3734]
  ],
  "p_est": [
    [0.0343, 0.1288, 0.7362, 0.0871, 0.0136],
    [0.0304, 0.3379, 0.2788, 0.2972, 0.0556],
    [0.0124, 0.0066, 0.0217, 0.9058, 0.0535],
    [0.0336, 0.0415, 0.8616, 0.0422, 0.0211],
    [0.0268, 0.0004, 0.1397, 0.7944, 0.0386],
    [0.1929, 0.019, 0.5362, 0.2427, 0.0092],
    [0.0329, 0.0335, 0.0405, 0.669, 0.2241]
  ],
  "EI_Z": {},
  "EI_V": 12.9614,
  "MAE_Z": {},
  "MAE_V": 226.6018,
  "MAE_p": 0.0783,
  "runtime": 343.559
}
