{
  "X": [
    [2, 11, 72, 72, 20],
    [0, 8, 8, 16, 4],
    [66, 269, 860, 779, 255],
    [24, 108, 353, 294, 99],
    [5, 23, 45, 55, 10],
    [11, 33, 91, 109, 31],
    [2, 12, 41, 27, 8],
    [18, 47, 88, 160, 41],
    [13, 87, 193, 320, 93],
    [23, 114, 184, 319, 76],
    [0, 3, 0, 14, 1],
    [35, 164, 245, 375, 76],
    [4, 13, 10, 13, 7],
    [79, 305, 595, 865, 272],
    [10, 15, 87, 109, 26],
    [3, 7, 55, 63, 10],
    [20, 92, 152, 394, 41],
    [1, 2, 22, 15, 3],
    [84, 259, 1199, 1027, 226],
    [4, 7, 53, 59, 4],
    [104, 276, 1290, 1218, 168],
    [1, 2, 1, 4, 3],
    [48, 75, 396, 418, 107],
    [4, 4, 14, 31, 3],
    [80, 120, 877, 673, 169],
    [32, 156, 536, 514, 83],
    [1, 13, 88, 62, 22],
    [21, 64, 290, 313, 101],
    [2, 20, 117, 68, 26],
    [1, 6, 3, 31, 3],
    [0, 0, 4, 3, 0],
    [7, 16, 64, 51, 19],
    [2, 12, 15, 60, 9],
    [77, 196, 740, 750, 126],
    [0, 1, 4, 6, 2],
    [1, 3, 10, 8, 2],
    [6, 30, 23, 110, 13],
    [2, 10, 19, 13, 5],
    [0, 10, 42, 42, 10],
    [11, 27, 102, 181, 24],
    [0, 0, 2, 3, 1],
    [4, 20, 48, 44, 8],
    [0, 5, 35, 27, 5],
    [0, 3, 4, 7, 4],
    [3, 11, 18, 29, 8],
    [11, 32, 109, 138, 18],
    [21, 67, 369, 254, 56],
    [2, 4, 15, 33, 8],
    [3, 3, 8, 17, 3],
    [3, 3, 5, 5, 3],
    [0, 0, 3, 10, 2],
    [3, 4, 29, 39, 5],
    [23, 50, 185, 185, 38],
    [10, 20, 82, 81, 37],
    [0, 1, 3, 3, 1],
    [8, 43, 47, 61, 10],
    [1, 6, 53, 13, 13],
    [0, 34, 50, 39, 17],
    [2, 6, 28, 15, 4],
    [6, 29, 103, 55, 22],
    [5, 46, 97, 75, 35],
    [7, 26, 111, 66, 23],
    [2, 13, 12, 18, 4],
    [2, 11, 16, 24, 10],
    [3, 5, 15, 23, 1],
    [2, 7, 32, 22, 9],
    [4, 4, 2, 10, 4],
    [9, 33, 136, 56, 24],
    [3, 13, 92, 37, 14],
    [6, 29, 66, 64, 28],
    [4, 13, 45, 33, 3],
    [5, 26, 35, 53, 21],
    [0, 17, 18, 24, 11],
    [2, 8, 6, 5, 7],
    [0, 19, 46, 23, 8],
    [3, 27, 22, 29, 11],
    [2, 18, 40, 62, 14],
    [10, 43, 76, 85, 39],
    [23, 27, 189, 119, 53],
    [0, 2, 7, 8, 2],
    [0, 3, 13, 12, 3],
    [0, 1, 6, 5, 3],
    [1, 16, 23, 50, 20],
    [1, 8, 11, 21, 1],
    [1, 2, 3, 3, 1],
    [7, 40, 157, 75, 46],
    [6, 22, 87, 62, 19],
    [11, 39, 161, 95, 23],
    [14, 39, 170, 119, 24],
    [10, 19, 19, 80, 10],
    [0, 3, 37, 8, 9],
    [2, 4, 2, 18, 1],
    [12, 19, 111, 70, 29],
    [5, 3, 36, 19, 11],
    [20, 20, 97, 57, 29],
    [6, 37, 76, 50, 11],
    [7, 37, 59, 50, 12],
    [1, 20, 34, 13, 8],
    [5, 12, 80, 28, 13],
    [4, 15, 13, 21, 6],
    [10, 39, 194, 83, 56],
    [2, 22, 125, 57, 17],
    [5, 33, 107, 100, 43],
    [0, 1, 7, 3, 4],
    [0, 2, 9, 6, 3],
    [1, 13, 10, 43, 8],
    [0, 0, 3, 1, 2],
    [0, 1, 2, 3, 1],
    [1, 4, 11, 7, 6],
    [1, 13, 37, 35, 5],
    [1, 15, 35, 27, 3],
    [4, 21, 107, 71, 17],
    [0, 1, 4, 3, 2],
    [9, 16, 38, 56, 20],
    [8, 18, 45, 57, 16],
    [5, 16, 35, 26, 9],
    [1, 9, 29, 35, 7],
    [1, 1, 1, 2, 1],
    [11, 45, 139, 87, 27],
    [2, 9, 55, 42, 10],
    [3, 8, 18, 23, 14],
    [2, 7, 30, 15, 6],
    [1, 5, 5, 21, 0],
    [6, 33, 149, 103, 55],
    [2, 5, 1, 8, 0],
    [9, 12, 23, 45, 20],
    [0, 6, 11, 6, 2],
    [2, 10, 84, 34, 12],
    [1, 4, 19, 13, 1],
    [1, 5, 14, 14, 1],
    [1, 6, 4, 12, 3],
    [9, 11, 9, 43, 7],
    [1, 0, 3, 15, 3],
    [0, 0, 5, 7, 3],
    [0, 3, 45, 11, 4],
    [7, 29, 115, 71, 45],
    [12, 53, 144, 158, 30],
    [4, 27, 48, 42, 12],
    [0, 6, 30, 13, 5],
    [1, 14, 21, 15, 9],
    [5, 11, 63, 22, 13],
    [1, 5, 54, 17, 16],
    [1, 5, 9, 22, 3],
    [0, 7, 8, 12, 1],
    [0, 4, 5, 7, 2],
    [2, 1, 0, 7, 1],
    [0, 3, 2, 12, 1],
    [4, 30, 75, 48, 16],
    [1, 2, 17, 17, 4],
    [2, 8, 19, 39, 5],
    [4, 14, 46, 34, 13],
    [3, 14, 27, 36, 8],
    [2, 6, 50, 10, 4],
    [0, 6, 42, 14, 11],
    [2, 7, 22, 11, 7],
    [2, 16, 36, 26, 12],
    [0, 4, 35, 2, 10],
    [1, 7, 3, 2, 4],
    [6, 12, 22, 58, 18],
    [2, 14, 61, 30, 6],
    [1, 10, 53, 27, 8],
    [7, 12, 87, 68, 20],
    [8, 20, 93, 67, 17],
    [2, 15, 28, 14, 5],
    [0, 2, 9, 8, 3],
    [2, 1, 5, 2, 3],
    [3, 14, 61, 39, 14],
    [3, 6, 39, 26, 16],
    [3, 5, 8, 10, 6],
    [0, 3, 7, 8, 1],
    [0, 9, 44, 34, 7],
    [2, 27, 88, 63, 12],
    [2, 9, 6, 14, 3],
    [78, 47, 158, 330, 73],
    [224, 293, 903, 1345, 394],
    [142, 229, 488, 755, 297],
    [1, 11, 17, 26, 9]
  ],
  "W": [
    [7, 7, 76, 62, 12, 13],
    [0, 3, 17, 5, 6, 5],
    [189, 94, 963, 633, 145, 205],
    [94, 48, 357, 239, 69, 71],
    [7, 8, 72, 34, 9, 8],
    [33, 22, 112, 56, 20, 32],
    [14, 1, 36, 30, 6, 3],
    [15, 27, 170, 71, 28, 43],
    [62, 38, 342, 137, 49, 78],
    [33, 46, 360, 145, 68, 64],
    [0, 0, 15, 1, 1, 1],
    [61, 45, 449, 204, 64, 72],
    [5, 3, 23, 10, 2, 4],
    [174, 133, 984, 491, 131, 203],
    [18, 25, 105, 73, 9, 17],
    [11, 8, 62, 42, 7, 8],
    [43, 52, 392, 106, 61, 45],
    [6, 1, 17, 16, 1, 2],
    [278, 163, 1207, 855, 119, 173],
    [14, 13, 57, 35, 5, 3],
    [320, 217, 1373, 904, 109, 133],
    [0, 1, 6, 2, 0, 2],
    [129, 76, 473, 246, 47, 73],
    [5, 6, 33, 10, 1, 1],
    [218, 98, 788, 644, 61, 110],
    [123, 55, 592, 401, 90, 60],
    [33, 4, 72, 61, 6, 10],
    [79, 33, 357, 214, 33, 73],
    [26, 10, 80, 93, 8, 16],
    [1, 1, 35, 2, 1, 4],
    [0, 3, 0, 2, 1, 1],
    [27, 9, 59, 45, 7, 10],
    [4, 13, 57, 13, 5, 6],
    [180, 131, 864, 533, 77, 104],
    [0, 0, 5, 2, 3, 3],
    [6, 2, 9, 4, 1, 2],
    [10, 35, 98, 18, 10, 11],
    [5, 3, 16, 14, 8, 3],
    [8, 0, 48, 37, 6, 5],
    [34, 46, 161, 66, 18, 20],
    [0, 0, 3, 2, 0, 1],
    [15, 10, 54, 33, 5, 7],
    [4, 3, 23, 27, 3, 12],
    [1, 0, 9, 2, 1, 5],
    [5, 4, 30, 16, 4, 10],
    [29, 22, 147, 83, 13, 14],
    [95, 35, 303, 262, 34, 38],
    [3, 5, 34, 13, 2, 5],
    [1, 2, 20, 7, 1, 3],
    [2, 3, 6, 5, 1, 2],
    [1, 0, 9, 3, 2, 0],
    [5, 0, 48, 25, 2, 0],
    [43, 45, 187, 133, 34, 39],
    [27, 12, 93, 56, 10, 32],
    [1, 0, 3, 2, 0, 2],
    [5, 7, 93, 43, 11, 10],
    [13, 1, 19, 41, 5, 7],
    [22, 3, 46, 40, 17, 12],
    [7, 3, 15, 24, 5, 1],
    [19, 6, 86, 77, 16, 11],
    [31, 9, 95, 74, 31, 18],
    [16, 11, 92, 82, 17, 15],
    [2, 0, 22, 10, 11, 4],
    [5, 2, 26, 11, 8, 11],
    [4, 2, 30, 9, 1, 1],
    [12, 3, 27, 21, 5, 4],
    [0, 1, 13, 2, 3, 5],
    [24, 3, 78, 120, 20, 13],
    [23, 5, 40, 74, 10, 7],
    [26, 4, 85, 43, 11, 24],
    [6, 3, 33, 37, 13, 6],
    [9, 9, 65, 32, 11, 14],
    [1, 3, 31, 17, 9, 9],
    [2, 2, 7, 5, 7, 5],
    [14, 2, 28, 40, 10, 2],
    [5, 5, 42, 18, 13, 9],
    [15, 4, 78, 27, 6, 6],
    [23, 13, 108, 56, 15, 38],
    [40, 33, 148, 149, 8, 33],
    [1, 0, 12, 4, 1, 1],
    [4, 1, 12, 10, 3, 1],
    [1, 0, 8, 3, 2, 1],
    [8, 4, 54, 17, 12, 15],
    [3, 5, 21, 9, 3, 1],
    [1, 1, 5, 1, 2, 0],
    [38, 17, 105, 109, 17, 39],
    [20, 14, 78, 58, 9, 17],
    [44, 18, 139, 93, 20, 15],
    [53, 23, 146, 104, 16, 24],
    [4, 24, 72, 17, 9, 12],
    [6, 0, 13, 34, 1, 3],
    [0, 3, 17, 3, 3, 1],
    [21, 18, 83, 78, 20, 21],
    [8, 3, 29, 26, 4, 4],
    [33, 10, 82, 60, 12, 26],
    [15, 6, 70, 54, 18, 17],
    [17, 8, 79, 43, 8, 10],
    [6, 0, 20, 33, 13, 4],
    [26, 8, 36, 60, 2, 6],
    [8, 3, 31, 7, 6, 4],
    [50, 8, 118, 153, 25, 28],
    [13, 7, 72, 105, 14, 12],
    [24, 8, 113, 87, 18, 38],
    [4, 0, 4, 5, 0, 2],
    [5, 0, 7, 6, 1, 1],
    [4, 3, 44, 4, 6, 14],
    [1, 0, 1, 2, 0, 2],
    [2, 0, 3, 1, 0, 1],
    [4, 2, 8, 7, 2, 6],
    [8, 2, 41, 29, 8, 3],
    [7, 5, 38, 25, 5, 1],
    [29, 3, 79, 78, 15, 16],
    [1, 0, 2, 4, 1, 2],
    [11, 14, 65, 31, 6, 12],
    [22, 11, 64, 34, 9, 4],
    [9, 4, 30, 23, 17, 8],
    [6, 9, 38, 20, 2, 6],
    [0, 0, 4, 0, 2, 0],
    [35, 20, 108, 105, 17, 24],
    [12, 5, 40, 43, 7, 11],
    [10, 1, 29, 17, 8, 1],
    [4, 4, 17, 29, 0, 6],
    [1, 1, 23, 4, 2, 1],
    [43, 10, 118, 104, 25, 46],
    [0, 2, 9, 1, 2, 2],
    [5, 18, 46, 11, 10, 19],
    [2, 1, 9, 9, 3, 1],
    [21, 4, 37, 60, 6, 14],
    [3, 1, 14, 15, 4, 1],
    [0, 1, 19, 12, 1, 2],
    [1, 2, 13, 2, 5, 3],
    [1, 18, 38, 8, 6, 8],
    [1, 2, 15, 2, 0, 2],
    [2, 1, 5, 4, 1, 2],
    [7, 2, 8, 41, 1, 4],
    [53, 5, 98, 73, 17, 21],
    [54, 28, 174, 94, 31, 16],
    [8, 9, 54, 41, 11, 10],
    [6, 1, 15, 28, 3, 1],
    [6, 5, 16, 17, 9, 7],
    [14, 2, 25, 50, 11, 12],
    [7, 4, 18, 45, 8, 11],
    [3, 2, 25, 5, 1, 4],
    [2, 0, 16, 6, 3, 1],
    [0, 1, 9, 6, 1, 1],
    [0, 1, 8, 0, 0, 2],
    [2, 0, 13, 1, 0, 2],
    [21, 8, 54, 57, 19, 14],
    [6, 5, 14, 13, 1, 2],
    [2, 3, 43, 16, 6, 3],
    [11, 6, 40, 34, 13, 7],
    [7, 3, 43, 21, 8, 6],
    [3, 1, 13, 44, 8, 3],
    [11, 2, 16, 35, 5, 4],
    [6, 1, 17, 19, 5, 1],
    [13, 3, 40, 25, 5, 6],
    [5, 0, 3, 39, 3, 1],
    [1, 4, 6, 2, 2, 2],
    [8, 16, 46, 14, 13, 19],
    [15, 6, 39, 39, 8, 6],
    [11, 3, 30, 42, 8, 5],
    [27, 7, 80, 58, 13, 9],
    [19, 14, 81, 66, 10, 15],
    [1, 2, 20, 27, 10, 4],
    [3, 2, 7, 7, 1, 2],
    [3, 1, 4, 3, 0, 2],
    [17, 9, 47, 42, 6, 10],
    [11, 5, 24, 32, 6, 12],
    [7, 3, 13, 3, 3, 3],
    [0, 1, 10, 8, 0, 0],
    [6, 6, 37, 33, 8, 4],
    [24, 7, 74, 69, 13, 5],
    [2, 3, 19, 5, 4, 1],
    [30, 97, 367, 108, 19, 65],
    [229, 270, 1541, 670, 134, 315],
    [156, 112, 926, 364, 110, 243],
    [8, 2, 28, 14, 7, 5]
  ],
  "method": "mvn_pdf",
  "cond_prob": [
    [
      [5.6628664672e-05, 0.014272590748, 0.77211534182, 0.044758722457, 0.16879671631],
      [0.11081125726, 0.01730310562, 0.039754664425, 0.81557520261, 0.016555770086],
      [0.011600092168, 0.045981910372, 0.10841559739, 0.79988715356, 0.034115246508],
      [6.0912482419e-05, 0.014848695329, 0.90096540444, 0.023693199827, 0.060431787922],
      [9.0341520905e-05, 0.48369203099, 0.14853092218, 0.17425369458, 0.19343301072],
      [0.025958240124, 0.043032419602, 0.033469108691, 0.12509354844, 0.77244668314]
    ],
    [
      [2.3757960705e-05, 0.02555206689, 0.87369709445, 0.031168489899, 0.069558590796],
      [0, 0.042490864314, 0.079835875904, 0.86448483576, 0.013188424024],
      [0, 0.14970537184, 0.12805896021, 0.70776063671, 0.014475031237],
      [0, 0.02413259033, 0.93825696723, 0.014966241253, 0.022644201183],
      [0, 0.74008472412, 0.10525901551, 0.092732008696, 0.061924251675],
      [0, 0.15327295789, 0.05213022389, 0.14867828204, 0.64591853619]
    ],
    [
      [9.5552914504e-05, 0.026634687012, 0.78825266506, 0.036344037081, 0.14867305794],
      [0.19910723097, 0.035075032653, 0.045836781569, 0.70375806294, 0.016222891869],
      [0.038810265204, 0.13569759238, 0.11606381386, 0.68121835273, 0.028209975822],
      [0.00010127702465, 0.027284289302, 0.90085242201, 0.018949089235, 0.052812922428],
      [0.00011265230024, 0.65285989076, 0.11576656991, 0.10437024223, 0.1268906448],
      [0.047859182715, 0.088080830902, 0.038616586928, 0.11139505748, 0.71404834198]
    ],
    [
      [7.6941352011e-05, 0.023610880867, 0.80062087003, 0.031686723498, 0.14400458425],
      [0.18528094469, 0.03576208022, 0.053271015082, 0.70766387139, 0.018022088618],
      [0.034127409012, 0.13589348475, 0.12942530025, 0.66938731542, 0.031166490565],
      [8.0949936908e-05, 0.02400989416, 0.90876562444, 0.016399845606, 0.050743685854],
      [9.9478252216e-05, 0.63710704489, 0.12837648054, 0.099808123509, 0.1346088728],
      [0.040698396001, 0.08241228859, 0.041223040903, 0.10247868926, 0.73318758525]
    ],
    [
      [9.7433859507e-05, 0.040406937422, 0.79739201234, 0.03761487569, 0.12448874069],
      [0.19891428716, 0.04995650239, 0.041312057388, 0.6974004887, 0.012416664362],
      [0.041611166982, 0.18020992697, 0.10464075611, 0.65048548583, 0.023052664104],
      [0.00010107222511, 0.040527530166, 0.89722339302, 0.01919880273, 0.042949201859],
      [8.4497720703e-05, 0.76151100776, 0.082053688532, 0.079549363315, 0.076801442676],
      [0.05097533848, 0.13885619768, 0.038693306878, 0.11922917727, 0.65224597969]
    ],
    [
      [0.00012121479379, 0.029147639291, 0.79581720469, 0.049893998409, 0.12501994281],
      [0.19334331496, 0.028809866038, 0.033900789928, 0.73380698583, 0.010139043241],
      [0.041898413208, 0.11781442518, 0.090821459899, 0.73245732252, 0.017008379195],
      [0.00012687535819, 0.029496299538, 0.90091874462, 0.02569206848, 0.043766012],
      [0.00013086176169, 0.66670289373, 0.1046987604, 0.13133490498, 0.09713257913],
      [0.063753201501, 0.10072639319, 0.0398370766, 0.15965844711, 0.63602488161]
    ],
    [
      [9.5970993151e-05, 0.034784032974, 0.76337524894, 0.039763420136, 0.16198132695],
      [0.19747591211, 0.040438158534, 0.036333985484, 0.71104339818, 0.014708545697],
      [0.046394439593, 0.16003267298, 0.086420144266, 0.67352443336, 0.0336283098],
      [0.00010241184415, 0.035912851177, 0.88588939951, 0.020879584971, 0.057215752493],
      [8.9317906092e-05, 0.72224322165, 0.082640855872, 0.090294013638, 0.10473259094],
      [0.042457468623, 0.10018809583, 0.030920071684, 0.10574582928, 0.72068853458]
    ],
    [
      [0.00018219442923, 0.035696704206, 0.73917537796, 0.062243942962, 0.16270178044],
      [0.22582835582, 0.02754751505, 0.024747365188, 0.71154537731, 0.010331386634],
      [0.051002153204, 0.11753737837, 0.064469300038, 0.74699246955, 0.01999869883],
      [0.00019816558516, 0.037536338203, 0.86981212022, 0.033308566422, 0.059144809572],
      [0.00016387991188, 0.67634035136, 0.081466094237, 0.13647073975, 0.10555893474],
      [0.074671559015, 0.096204705965, 0.028992983489, 0.15534434686, 0.64478640467]
    ],
    [
      [9.1292565028e-05, 0.033508637326, 0.71363311434, 0.060127868372, 0.1926390874],
      [0.13015480028, 0.030121009128, 0.028140233054, 0.79729101482, 0.014292942715],
      [0.01549014793, 0.11776167962, 0.069892879746, 0.77125931389, 0.025595978818],
      [0.00010175948203, 0.036104491497, 0.85895175373, 0.032971949725, 0.071870045572],
      [8.496755413e-05, 0.65177508523, 0.08223794235, 0.13635955801, 0.12954244686],
      [0.035034902553, 0.084872784597, 0.026615432646, 0.14109683068, 0.71238004953]
    ],
    [
      [0.00011931310508, 0.039335449256, 0.72765490252, 0.054958428469, 0.17793190665],
      [0.17460329153, 0.036219610133, 0.029391768164, 0.74625660299, 0.013528727177],
      [0.033013274894, 0.14098477441, 0.073547860014, 0.72834449796, 0.024109592725],
      [0.00013105574706, 0.041762948806, 0.86300350787, 0.029697502428, 0.065404985153],
      [0.00010157373184, 0.69975410367, 0.076683450618, 0.11399365357, 0.1094672184],
      [0.047712846848, 0.10378754209, 0.028252406154, 0.13432566506, 0.68592153985]
    ],
    [
      [8.0186978362e-05, 0.080503201976, 0.55249170755, 0.17364719927, 0.19327770423],
      [0.034603797715, 0.025900341398, 0.0058925707228, 0.9294815575, 0.004121732662],
      [0, 0.10058900925, 0, 0.88434330848, 0.01506768227],
      [0, 0.55354736361, 0, 0.38449387556, 0.061958760828],
      [0, 0.81189414687, 0, 0.14893944872, 0.03916640441],
      [0, 0.12572335074, 0, 0.20141704855, 0.67285960071]
    ],
    [
      [0.00018292062472, 0.067911084071, 0.70800169565, 0.064853677308, 0.15905062234],
      [0.2140490145, 0.049993202869, 0.022911608881, 0.70337027941, 0.0096758943374],
      [0.045186844211, 0.17740343139, 0.056557971727, 0.70316883127, 0.017682921407],
      [0.00019990221518, 0.071735038375, 0.83499961773, 0.034864739532, 0.05820070215],
      [0.0001027712068, 0.79727732246, 0.049320420859, 0.088769243107, 0.064530242372],
      [0.069727579574, 0.17074850809, 0.026248832069, 0.15105304791, 0.58222203236]
    ],
    [
      [0.00035703464801, 0.19666475404, 0.41197014585, 0.037451466317, 0.35355659914],
      [0.47108915818, 0.12701777959, 0.010451856245, 0.37470620886, 0.016734997133],
      [0.10091957914, 0.2787683542, 0.085933448628, 0.48957784938, 0.04480076865],
      [0.00045515586091, 0.24351148665, 0.58899929642, 0.023579515212, 0.14345454586],
      [6.5508676302e-05, 0.93336559232, 0.0082253029107, 0.016784434842, 0.04155916125],
      [0.064778614039, 0.2305261733, 0.0064702033916, 0.039742371048, 0.65848263822]
    ],
    [
      [0.00015649102558, 0.047782834106, 0.659674383, 0.058839440815, 0.23354685105],
      [0.20477816798, 0.039522439036, 0.02409753852, 0.7156022637, 0.015999590764],
      [0.042178682058, 0.15348136817, 0.06222747523, 0.71781135345, 0.024301121094],
      [0.00018091331624, 0.053390360764, 0.82250420774, 0.033461376433, 0.090463141746],
      [0.0001127057746, 0.71576455805, 0.059182213779, 0.10322367909, 0.12171684331],
      [0.049900779211, 0.10060991111, 0.020578389669, 0.11482082091, 0.7140900991]
    ],
    [
      [0.00013165301639, 0.020870994317, 0.7261852116, 0.057929073755, 0.19488306731],
      [0.18603562639, 0.018238839599, 0.027269958145, 0.75462064488, 0.013834930988],
      [0.042608616966, 0.064119308921, 0.076544361987, 0.78960530119, 0.027122410935],
      [0.00014622078911, 0.022415987324, 0.87366021866, 0.031655045888, 0.072122527338],
      [0.00016217441966, 0.54481864448, 0.10886168569, 0.17400975339, 0.17214774202],
      [0.050629477475, 0.052711105925, 0.026635770318, 0.13566457618, 0.7343590701]
    ],
    [
      [8.3988270736e-05, 0.015312346221, 0.81636027841, 0.057525981413, 0.11071740569],
      [0.12893283915, 0.014385972631, 0.032091205767, 0.81622056094, 0.0083694215134],
      [0.025322661356, 0.032906347119, 0.09418945593, 0.82986332005, 0.017718215548],
      [8.6991868937e-05, 0.015337889455, 0.91703373463, 0.029309468713, 0.038231915328],
      [0.00013015951266, 0.50914702916, 0.15052783336, 0.21765628264, 0.12253869533],
      [0.049130454583, 0.058507790996, 0.044306166934, 0.2039165262, 0.64413906128]
    ],
    [
      [0.00013922929809, 0.037831862371, 0.75677607282, 0.086395182736, 0.11885765278],
      [0.14021741473, 0.024011186178, 0.021054916507, 0.80848550215, 0.0062309804306],
      [0.024858827688, 0.099184696745, 0.04963775883, 0.81996090117, 0.0063578155683],
      [0.00014877208255, 0.039072012336, 0.8728460626, 0.045409955618, 0.042523197364],
      [0.00011793393593, 0.66954810363, 0.079294046187, 0.17830495897, 0.07273495727],
      [0.065224073546, 0.11689287741, 0.034381162137, 0.24731177732, 0.53619010959]
    ],
    [
      [6.43231939e-05, 0.013761015242, 0.84770914249, 0.040838306281, 0.097627212793],
      [0.1420449548, 0.016514480072, 0.037408286798, 0.79536502088, 0.0086672574544],
      [0.045386896252, 0.059479435269, 0.099217185827, 0.7732012465, 0.022715236148],
      [6.4707225344e-05, 0.013407100703, 0.93379111667, 0.020214381697, 0.032522693706],
      [0.00011045222353, 0.55979068097, 0.1551713921, 0.17199677723, 0.11293069747],
      [0.042423050963, 0.057732368348, 0.046907720194, 0.15987853324, 0.69305832725]
    ],
    [
      [8.8401799748e-05, 0.022217892095, 0.82347899052, 0.036300450032, 0.11791426556],
      [0.18843840169, 0.029953485711, 0.049048182355, 0.71938600271, 0.013173927539],
      [0.036454276487, 0.11541606978, 0.12592770854, 0.70137746813, 0.020824477065],
      [9.1445970075e-05, 0.022212319814, 0.91833931182, 0.018471092731, 0.040885829668],
      [0.00011974899285, 0.62544664095, 0.13902812965, 0.11977185597, 0.11563362443],
      [0.052989691735, 0.08794293576, 0.048316668656, 0.13318102468, 0.67756967916]
    ],
    [
      [8.6174730012e-05, 0.015805582759, 0.86137816025, 0.049180754841, 0.073549327422],
      [0.15053180513, 0.016768915342, 0.037863163756, 0.78859023, 0.0062458857665],
      [0.030670758116, 0.052781431954, 0.11743173894, 0.79911607099, 0],
      [0.0026913783702, 0.015331450795, 0.93564045356, 0.024265934717, 0.022070782561],
      [0.00013989068386, 0.55549422729, 0.16487562559, 0.19480237786, 0.084687878573],
      [0.066249726017, 0.079370802082, 0.061027168608, 0.22895359708, 0.56439870621]
    ],
    [
      [0.00010492852838, 0.024675250818, 0.83375736828, 0.042537892982, 0.098924559394],
      [0.19269292407, 0.028666255705, 0.042800807885, 0.72631534802, 0.0095246643105],
      [0.038661751605, 0.11313613986, 0.11715821607, 0.72172351225, 0.0093203802184],
      [0.00010741632873, 0.024413071732, 0.92011098433, 0.021420251757, 0.033948275853],
      [0.00013248636361, 0.64740857012, 0.13122110915, 0.13082123012, 0.090416604244],
      [0.067352842243, 0.10459000932, 0.052392522175, 0.16712511073, 0.60853951553]
    ],
    [
      [0.0001049212891, 0.043759984642, 0.11278146244, 0.023162583311, 0.82019104832],
      [0.37848137565, 0.054827985016, 0.0050724560371, 0.51442462968, 0.047193553619],
      [0.10197138381, 0.28782088648, 0.010940939271, 0.57001197226, 0.029254818181],
      [0.00023044331915, 0.096517549305, 0.46419802854, 0.026598986212, 0.41245499262],
      [4.1498061699e-05, 0.82501089817, 0.0037340848033, 0.023089140658, 0.14812437831],
      [0.004614717438, 0.01260579875, 0.00044292562614, 0.0061527821585, 0.97618377603]
    ],
    [
      [0.00012453221871, 0.017316113314, 0.79653004075, 0.038177317415, 0.1478519963],
      [0.23991917454, 0.02099749108, 0.042477346429, 0.6817906349, 0.01481535305],
      [0.053059427308, 0.07796290122, 0.1189940643, 0.72114014465, 0.028843462525],
      [0.00013186549903, 0.017721942973, 0.90982129708, 0.01988597382, 0.052438920623],
      [0.0001887350526, 0.54691549078, 0.14989522455, 0.14095566618, 0.16204488343],
      [0.063173417828, 0.0579360787, 0.039370402262, 0.11839566455, 0.72112443665]
    ],
    [
      [0.00024534013498, 0.028399664986, 0.7367246642, 0.072273928902, 0.16235640178],
      [0.27035795512, 0.017603492517, 0.017617254659, 0.68698162793, 0.0074396697791],
      [0.069169474382, 0.083261598436, 0.041194710923, 0.78181235393, 0.024561862326],
      [0.00026502559296, 0.029688863009, 0.87478325498, 0.038397619418, 0.056865237003],
      [0.00024036629637, 0.64009580756, 0.079666808067, 0.17299375214, 0.10700326594],
      [0.091142291772, 0.067763533926, 0.023748332746, 0.15996296184, 0.65738287971]
    ],
    [
      [0.00014208553098, 0.01771986481, 0.80620527469, 0.038446645364, 0.1374861296],
      [0.26331155197, 0.020713727152, 0.041583976674, 0.66108575516, 0.013304989044],
      [0.058111111675, 0.078385647594, 0.12057435056, 0.71666114196, 0.026267748213],
      [0.00014932236944, 0.017998452048, 0.91355517439, 0.01987533884, 0.048421712351],
      [0.00021456523699, 0.55653273011, 0.15159178372, 0.14142489039, 0.15023603055],
      [0.075124410689, 0.061815765921, 0.041661827681, 0.12433282652, 0.69706516919]
    ],
    [
      [0.00010289743103, 0.029464031915, 0.80830663248, 0.048767139092, 0.11335929908],
      [0.1707357236, 0.030833136753, 0.037261686126, 0.75135553275, 0.0098139207739],
      [0.032164201847, 0.12133832347, 0.099155479824, 0.73453365001, 0.012808344853],
      [0.00010693616543, 0.029594647148, 0.90589201449, 0.024929870034, 0.039476532165],
      [0.00011244982096, 0.67069045632, 0.10979632817, 0.12982459107, 0.08957617462],
      [0.058377823978, 0.11030365806, 0.044741334464, 0.16920126177, 0.61737592172]
    ],
    [
      [4.7457586387e-05, 0.019726284263, 0.75218238237, 0.04024695902, 0.18779691676],
      [0.1021882813, 0.026346788521, 0.042799895737, 0.80849327693, 0.020171757519],
      [0.0053487466374, 0.097528373935, 0.10731120159, 0.75396248313, 0.03584919471],
      [5.1801506771e-05, 0.020827238079, 0.88921897252, 0.02161732556, 0.068284662329],
      [6.3686698015e-05, 0.56653738287, 0.12208155861, 0.13175905362, 0.1795583182],
      [0.020102900447, 0.055191672186, 0.030552860866, 0.10433672785, 0.78981583865]
    ],
    [
      [9.9410485809e-05, 0.022029828464, 0.7454854007, 0.045742621332, 0.18664273902],
      [0.17504521192, 0.024404098691, 0.036251216604, 0.74723695109, 0.017062521697],
      [0.034053984994, 0.092493501516, 0.097676538737, 0.74597419766, 0.029801777095],
      [0.00010911899661, 0.023374441432, 0.8832307573, 0.024701000776, 0.068584681497],
      [0.00012444881018, 0.57582941274, 0.11568151257, 0.13952574752, 0.16883887836],
      [0.041519502185, 0.060679824202, 0.03028721768, 0.11677207028, 0.75074138565]
    ],
    [
      [4.4139000311e-05, 0.022274034507, 0.78923462142, 0.031642009586, 0.15680519549],
      [0.11583281244, 0.036264334835, 0.055104331769, 0.77207146142, 0.020727059535],
      [0.0060970456307, 0.13094347166, 0.13026570107, 0.6945804056, 0.03811337604],
      [0, 0.02591574128, 0.90209591366, 0.016505830861, 0.055482514202],
      [5.8026782201e-05, 0.6248718093, 0.12608941022, 0.10142997291, 0.14755078079],
      [0.022018524807, 0.07335097553, 0.037747824238, 0.096479914689, 0.77040276074]
    ],
    [
      [0.00011898796555, 0.055091314686, 0.69975278678, 0.1038987195, 0.14113819108],
      [0.10359079775, 0.029340260273, 0.014042206115, 0.84721402659, 0.0058127092701],
      [0.020669274507, 0.12927046349, 0.013787757594, 0.82550937752, 0.010763126893],
      [0.00012756999903, 0.057195857525, 0.838768698, 0.054895528243, 0.049012346237],
      [6.8654569857e-05, 0.75411357178, 0.042905950918, 0.14683645162, 0.056075371117],
      [0.043135452994, 0.13064922902, 0.020797536098, 0.22485788318, 0.5805598987]
    ],
    [
      [7.6195624183e-09, 1.7977943486e-06, 0.99998147186, 1.5624072865e-05, 1.0986514859e-06],
      [0, 0, 0.079427476539, 0.92057252346, 0],
      [0.0022287372827, 0.0018409770026, 0.7169582344, 0.27839654176, 0.00057550955399],
      [0, 0, 0.99993538644, 6.4613558765e-05, 0],
      [0, 0, 0.96893499328, 0.031065006718, 0],
      [0, 0, 0.79291180422, 0.20708819578, 0]
    ],
    [
      [0.00017974242043, 0.031981562644, 0.71681246567, 0.046394025607, 0.20463220366],
      [0.28052326177, 0.029582749194, 0.028087791063, 0.646620975, 0.015185222977],
      [0.064451097901, 0.13366920924, 0.07912495615, 0.69486287483, 0.027891861878],
      [0.0001997788395, 0.034389281452, 0.86439002496, 0.025375223362, 0.07564569139],
      [0.00017339390586, 0.66766647162, 0.083032588235, 0.1091842312, 0.13994331505],
      [0.065761901748, 0.076258675384, 0.024612165382, 0.10246882491, 0.73089843258]
    ],
    [
      [9.9603893198e-05, 0.043659365656, 0.61816596305, 0.083402004945, 0.25467306246],
      [0.10671007549, 0.028921754735, 0.016932173651, 0.83422093984, 0.013215056279],
      [0.0078135371939, 0.12155483551, 0.02665532856, 0.81802135453, 0.025954944204],
      [0.00011784657329, 0.049966002468, 0.80292345038, 0.048570613798, 0.09842208678],
      [7.0410914486e-05, 0.67855763302, 0.051067483988, 0.14394364272, 0.12636082936],
      [0.027519153824, 0.079734650733, 0.015753647927, 0.14052772685, 0.73646482067]
    ],
    [
      [0.00013075297981, 0.028890337373, 0.8133249388, 0.044601441479, 0.11305252937],
      [0.22093028771, 0.030828713001, 0.038291556505, 0.69995964185, 0.0099898009306],
      [0.046546263026, 0.12525224592, 0.10497916882, 0.70908150633, 0.014140815908],
      [0.00013552040832, 0.028940034072, 0.90891405648, 0.022739290177, 0.039271098863],
      [0.00014643213664, 0.67320593041, 0.1133781773, 0.12166906766, 0.091600392495],
      [0.074376133329, 0.10847444797, 0.045211572135, 0.15521198184, 0.61672586473]
    ],
    [
      [3.5199961124e-06, 0.0022069624896, 0.9680321404, 0.017362220588, 0.012395156529],
      [0.0042475876887, 0.0056302630622, 0.044113606074, 0.94308783752, 0.0029207056557],
      [0, 0, 0.11677370383, 0.85738105993, 0.025845236245],
      [0, 0.0020955617666, 0.98497576066, 0.0083736342853, 0.0045550432903],
      [0, 0.29236320934, 0.37019227775, 0.27111321468, 0.066331298232],
      [0, 0.039573082817, 0.11186770877, 0.29433592925, 0.55422327917]
    ],
    [
      [5.9758388709e-05, 0.027141535259, 0.86500289429, 0.031370787825, 0.076425024236],
      [0.16675337882, 0.037771944988, 0.038397258299, 0.74949303333, 0.0075843845635],
      [0.063961214002, 0.17751858879, 0.091156124464, 0.65512978958, 0.012234283163],
      [5.8499791477e-05, 0.0257166771, 0.93418977764, 0.015114537871, 0.024920507597],
      [5.9969480277e-05, 0.79532463687, 0.079385140464, 0.077219509344, 0.048010743839],
      [0.045094898681, 0.13287412703, 0.048319373227, 0.13947171969, 0.63423988138]
    ],
    [
      [0.00013251325368, 0.077178222956, 0.62913541719, 0.092276728389, 0.20127711821],
      [0.12436965523, 0.045182471543, 0.015691746316, 0.80524587866, 0.0095102482583],
      [0.012201416273, 0.16825985917, 0.014918231452, 0.78560983669, 0.019010656421],
      [0.00015214032152, 0.085668705495, 0.78548860338, 0.052121249659, 0.076569301148],
      [6.2878275091e-05, 0.78955843578, 0.035831132107, 0.10676365717, 0.067783896666],
      [0.040602802848, 0.15634036467, 0.018212894809, 0.17254944564, 0.61229449203]
    ],
    [
      [0.00010046731285, 0.034780864479, 0.79122551441, 0.03107947165, 0.14281368215],
      [0.25515787265, 0.044841171068, 0.039196959955, 0.64654368747, 0.014260308854],
      [0.067884303671, 0.17708736137, 0.098519681297, 0.61554532487, 0.0409633288],
      [0.0001040827894, 0.034869573633, 0.90046698078, 0.015856669258, 0.048702693541],
      [9.3715134926e-05, 0.75559151553, 0.080815491784, 0.070913832073, 0.092585445484],
      [0.048556102206, 0.10842274249, 0.032301660731, 0.088980785094, 0.72173870948]
    ],
    [
      [0, 0.026488308876, 0.72733953704, 0.059719546021, 0.18645260806],
      [0.073548639997, 0.024931274267, 0.028354830697, 0.85935545301, 0.013809802026],
      [0, 0.096253675001, 0.067787146934, 0.80596978304, 0.02998939503],
      [0, 0.02825524641, 0.87160460055, 0.032332003398, 0.067808149637],
      [0, 0.61463296546, 0.090982553158, 0.15503318364, 0.13935129774],
      [0, 0.086935043802, 0.026447022279, 0.14184216372, 0.7447757702]
    ],
    [
      [0.00010667703661, 0.024053778199, 0.78496594298, 0.067202656518, 0.12367094526],
      [0.13792488413, 0.019478519672, 0.027523471883, 0.80686598656, 0.0082071377521],
      [0.022047017072, 0.070693319731, 0.074978785545, 0.81767979909, 0.014601078559],
      [0.0001127475595, 0.024574923711, 0.89667450587, 0.034937505268, 0.043700317592],
      [0.00012465819527, 0.59218667302, 0.11228738543, 0.19141120174, 0.10399008162],
      [0.054628668785, 0.081161504024, 0.038590171709, 0.21007748317, 0.61554217231]
    ],
    [
      [3.8068968835e-06, 0.0038463421115, 0.91554144943, 0.04126736943, 0.039341032132],
      [0, 0.0027629805776, 0.0068877757775, 0.98909645343, 0.0012527902115],
      [0, 0, 0.018514920723, 0.97605926857, 0.0054258107084],
      [0, 0, 0.96950492207, 0.017403070046, 0.013092007886],
      [1.3903701438e-05, 0.42780694576, 0.096494627641, 0.36843697351, 0.10724754939],
      [0, 0, 0.005445393694, 0.037016054203, 0.9575385521]
    ],
    [
      [8.7816491149e-05, 0.055289654949, 0.8009799072, 0.038971172989, 0.10467144837],
      [0.17510504554, 0.066552878239, 0.040105629914, 0.70814118236, 0.010095263948],
      [0.035232278719, 0.20673225448, 0.1040585041, 0.63791700885, 0.016059953862],
      [8.9997327419e-05, 0.054795720431, 0.88970948413, 0.019647627437, 0.035757170678],
      [5.8971834689e-05, 0.82351395084, 0.063266574067, 0.063812727343, 0.049347775916],
      [0.048832067927, 0.20225087475, 0.041191432178, 0.13129525165, 0.57643037349]
    ],
    [
      [0, 0.013528015391, 0.90637031628, 0.044724496201, 0.035377172131],
      [0, 0.016952700905, 0.044239078168, 0.9351995414, 0.0036086795266],
      [0, 0.062787530823, 0.11835884352, 0.81885362565, 0],
      [0, 0.012734378882, 0.96588297268, 0.021382648434, 0],
      [0, 0.56414365825, 0.18656934097, 0.20256529874, 0.046721702035],
      [0, 0.11788811852, 0.1567499845, 0.33307021642, 0.39229168057]
    ],
    [
      [0, 0.024221650819, 0.85848600459, 0.0288001638, 0.088492180793],
      [0.041852758121, 0.042199044296, 0.040305241861, 0.86371075223, 0.011932203496],
      [0, 0.17398482862, 0.11453066399, 0.70166817207, 0.009816335311],
      [0, 0.022382661603, 0.9359893432, 0.013564015132, 0.028063980065],
      [0, 0.78020241647, 0.072854366782, 0.077480898534, 0.069462318213],
      [0, 0.11698943038, 0.033180993261, 0.11031547175, 0.73951410461]
    ],
    [
      [0.00019157541281, 0.066390007413, 0.69541068233, 0.084573836407, 0.15343389844],
      [0.18907793963, 0.038085299837, 0.015946159789, 0.74988726905, 0.007003331698],
      [0.050888219426, 0.1540679718, 0.026557797553, 0.75181639829, 0.016669612923],
      [0.00020780473448, 0.069779503628, 0.82971084569, 0.045170943982, 0.055130901965],
      [9.9580931582e-05, 0.79579968881, 0.040767771661, 0.10761507059, 0.055717888008],
      [0.071236058217, 0.15939987962, 0.022398340492, 0.18698944069, 0.55997628099]
    ],
    [
      [0.00014558582065, 0.034985268167, 0.78048213554, 0.064213048085, 0.12017396239],
      [0.18516833532, 0.02762766155, 0.026633182651, 0.75281443664, 0.007756383834],
      [0.040077405147, 0.11489557205, 0.070438547758, 0.7632641071, 0.011324367948],
      [0.00015336570217, 0.03562898432, 0.8886291237, 0.033273313057, 0.042315213222],
      [0.00013495374443, 0.68660346898, 0.088342083744, 0.14508418672, 0.079835306813],
      [0.072586594683, 0.1146370559, 0.037211226782, 0.19487863177, 0.58068649087]
    ],
    [
      [8.9481453211e-05, 0.021142374869, 0.8322381831, 0.035263988525, 0.11126597206],
      [0.19547105445, 0.028962749919, 0.049996323386, 0.71299660729, 0.012573264957],
      [0.039573564167, 0.11231848693, 0.13059860972, 0.69896924646, 0.01854009272],
      [9.1975459093e-05, 0.021004603146, 0.92276438541, 0.01783003152, 0.038309004463],
      [0.00012578993196, 0.62128621125, 0.14488899394, 0.12077492963, 0.11292407525],
      [0.056074946994, 0.087324720893, 0.050674415004, 0.13498795502, 0.67093796209]
    ],
    [
      [0.00010072154665, 0.021014983694, 0.63271361894, 0.061252319053, 0.28491835677],
      [0.14331904778, 0.017823979325, 0.021273453757, 0.79929198073, 0.018291538414],
      [0.033794296451, 0.067579959937, 0.057546529452, 0.80974933264, 0.031329881516],
      [0.00011924688359, 0.024107483215, 0.83105062864, 0.035745638816, 0.10897700245],
      [0.00011300558314, 0.52815399888, 0.080484954091, 0.16817372361, 0.22307431783],
      [0.026464059301, 0.036082246978, 0.014856358508, 0.097453015489, 0.82514431972]
    ],
    [
      [0.00034616556971, 0.028064022721, 0.75777953338, 0.064712951527, 0.1490973268],
      [0.39758958062, 0.015620033421, 0.014943438122, 0.56562205404, 0.006224893801],
      [0.090011089004, 0.093597299195, 0.042840231164, 0.74958499432, 0.023966386312],
      [0.00036081140157, 0.028361947307, 0.88781437283, 0.033260639286, 0.050202229172],
      [0.00033759514615, 0.67075207205, 0.075085704004, 0.15489636944, 0.098928259353],
      [0.13379653939, 0.066488074442, 0.021914217747, 0.14154073649, 0.63626043194]
    ],
    [
      [0.00084781644623, 0.068969104814, 0.54237841964, 0.04931157581, 0.33849308329],
      [0.74561962387, 0.017682195069, 0.0044371565127, 0.22660418179, 0.0056568427575],
      [0.071912827519, 0.23182767, 0.0043102981374, 0.6553561787, 0.036593025635],
      [0.0009999247984, 0.079459215878, 0.76893146988, 0.028827727527, 0.12178166191],
      [0.00030964722952, 0.86726548137, 0.017373241828, 0.044217108661, 0.070834520916],
      [0.16232962958, 0.07674381219, 0.0070196555513, 0.050535742249, 0.70337116043]
    ],
    [
      [0, 0, 0.40930587175, 0.094541076, 0.49615305225],
      [0.0086939603162, 0.0041869666737, 0.0075723623708, 0.96597668907, 0.013570021565],
      [0, 0, 0.01896099537, 0.96893193367, 0.012107070955],
      [0, 0, 0.74565842534, 0.072045171825, 0.18229640283],
      [0, 0, 0.09153494695, 0.48446800272, 0.42399705033],
      [0.00077273731024, 0.0030062874204, 0.0023425869098, 0.03302450656, 0.9608538818]
    ],
    [
      [0.00016656779494, 0.017435861439, 0.71311668872, 0.055414623113, 0.21386625893],
      [0.24757147373, 0.014522477241, 0.023957951866, 0.70058976444, 0.013358332726],
      [0.062376069753, 0.050387447513, 0.070874214535, 0.78328174265, 0.033080525548],
      [0.00018682198714, 0.018911523367, 0.87246880691, 0.03055607794, 0.077876769797],
      [0.00022263160133, 0.51071756402, 0.110367043, 0.18075064434, 0.19794211704],
      [0.055852867086, 0.03770540834, 0.021837329279, 0.11152267601, 0.77308171928]
    ],
    [
      [0.00013981345601, 0.024324706675, 0.82582757069, 0.046682759635, 0.10302514955],
      [0.22774771762, 0.024722636201, 0.036577247956, 0.70232254037, 0.0086298578567],
      [0.050417406596, 0.1025233513, 0.10558282412, 0.73108893485, 0.010387483132],
      [0.00014374469047, 0.024173706864, 0.91660381183, 0.023609012795, 0.035469723822],
      [0.00017466444323, 0.63782639065, 0.12700897104, 0.14212236063, 0.09286761323],
      [0.08441612975, 0.096626974266, 0.04802149237, 0.171854801, 0.59908060262]
    ],
    [
      [0.00013551045127, 0.022698096931, 0.75496076044, 0.041074519488, 0.18113111269],
      [0.24473276011, 0.025126178403, 0.035861818076, 0.67789346751, 0.016385775896],
      [0.056071790325, 0.10474467134, 0.10030257794, 0.70868060748, 0.030200352908],
      [0.00014716911302, 0.023841343729, 0.88837712069, 0.021953957908, 0.065680408564],
      [0.00016835424275, 0.59957874388, 0.11398667093, 0.12446596839, 0.16180026256],
      [0.057342080735, 0.062921253736, 0.03026851358, 0.10546526691, 0.74400288503]
    ],
    [
      [0, 0.017090304115, 0.92454092009, 0.033655457493, 0.024713318302],
      [1.0468683897e-05, 0.016985871219, 0.012280571698, 0.96912775049, 0.0015953379054],
      [0, 0.18443380006, 0.023304640495, 0.79226155945, 0],
      [0, 0.024050936295, 0.96062998938, 0.015319074329, 0],
      [2.8623659308e-06, 0.91703008198, 0.019922458547, 0.054181503228, 0.0088630938755],
      [0, 0.19075321156, 0.042142589836, 0.27946085775, 0.48764334085]
    ],
    [
      [0.00018088618923, 0.11532581639, 0.70852249257, 0.044957739834, 0.13101306502],
      [0.26622562845, 0.10238846895, 0.026702393043, 0.59524685749, 0.0094366520712],
      [0.058275454705, 0.25600517376, 0.083294814259, 0.58182522688, 0.020599330392],
      [0.00019129435088, 0.11793182246, 0.81238389976, 0.023393071555, 0.046099911871],
      [6.4667905503e-05, 0.89731826835, 0.03028666178, 0.039175719146, 0.033154682822],
      [0.070696187827, 0.29566011577, 0.025839209047, 0.10619022112, 0.50161426624]
    ],
    [
      [3.5371204523e-05, 0.012839629529, 0.80287489079, 0.016523950362, 0.16772615812],
      [0.1660728253, 0.033461410055, 0.085301060174, 0.68067708926, 0.034487615209],
      [0.02763739682, 0.11978871315, 0.20202691733, 0.59623100836, 0.054315964348],
      [0.0045402883072, 0.014089121467, 0.91492908345, 0.0013391537042, 0.06510235307],
      [6.5594680636e-05, 0.53096551522, 0.17397619463, 0.074911362577, 0.2200813329],
      [0.017411002209, 0.04159375715, 0.036691505099, 0.0495228975, 0.85478083804]
    ],
    [
      [0, 0.10335357235, 0.64906804831, 0.058286736356, 0.18929164299],
      [0, 0.091922856921, 0.024482976248, 0.78951078097, 0.094083385861],
      [0, 0.20789666765, 0.070065070565, 0.68983513857, 0.032203123208],
      [0, 0.11148207419, 0.78632205468, 0.031969771318, 0.070226099813],
      [0, 0.86499315939, 0.029638541248, 0.054273027825, 0.051095271536],
      [0, 0.22691995402, 0.038943614502, 0.1179425631, 0.61619386838]
    ],
    [
      [0.00016690603947, 0.028102662542, 0.77238535877, 0.054136277751, 0.1452087949],
      [0.26529582898, 0.021525172891, 0.023015828092, 0.68181486804, 0.0083483019968],
      [0.052384951836, 0.098057895969, 0.069084938578, 0.76372148201, 0.016750731609],
      [0.01413702459, 0.034116623201, 0.87566783214, 0.012081857277, 0.063996662792],
      [0.0001725872783, 0.67358213484, 0.088337851996, 0.13681340855, 0.10109401734],
      [0.077018366679, 0.081127772968, 0.030263694368, 0.14574760412, 0.66584256187]
    ],
    [
      [6.6542483616e-05, 0.022357333944, 0.80682185375, 0.019397602329, 0.1513566675],
      [0.23486062932, 0.04764093777, 0.073541038205, 0.61777596037, 0.026181434336],
      [0.0488171901, 0.1773542541, 0.16550218844, 0.56322673831, 0.045099629044],
      [6.972959368e-05, 0.022649219716, 0.91440419516, 0.010002837378, 0.052874018149],
