{
  "Z_true": {},
  "V_true": [
    [63, 13, 821, 51, 2105, 42],
    [351, 238, 924, 233, 11972, 174],
    [392, 222, 168, 11866, 2196, 234],
    [323, 1220, 61, 426, 1391, 85],
    [341, 94, 256, 319, 824, 218]
  ],
  "p_true": [
    [0.0204, 0.0042, 0.2653, 0.0165, 0.6801, 0.0136],
    [0.0253, 0.0171, 0.0665, 0.0168, 0.8618, 0.0125],
    [0.026, 0.0147, 0.0111, 0.787, 0.1456, 0.0155],
    [0.0921, 0.348, 0.0174, 0.1215, 0.3967, 0.0242],
    [0.1662, 0.0458, 0.1248, 0.1555, 0.4016, 0.1062]
  ],
  "Z_est": {},
  "V_est": [
    [0, 0, 1260.8761, 0, 1834.1239, 0],
    [0, 0, 0, 0, 13892, 0],
    [189.2037, 0, 0, 12895, 1993.7963, 0],
    [770.3933, 1668.0839, 0, 0, 763.1321, 304.3907],
    [510.403, 118.9161, 969.1239, 0, 4.9477, 448.6093]
  ],
  "p_est": [
    [0, 0, 0.4074, 0, 0.5926, 0],
    [0, 0, 0, 0, 1, 0],
    [0.0125, 0, 0, 0.8552, 0.1322, 0],
    [0.2197, 0.4758, 0, 0, 0.2177, 0.0868],
    [0.2487, 0.058, 0.4723, 0, 0.0024, 0.2186]
  ],
  "EI_Z": {},
  "EI_V": 14.9956,
  "MAE_Z": {},
  "MAE_V": 376.1198,
  "MAE_p": 0.0814,
  "runtime": 0.0604
}
