{
  "Z_true": {},
  "V_true": [
    [41, 1038, 178, 103, 105, 2032, 63],
    [632, 20, 108, 38, 251, 108, 49],
    [449, 228, 956, 530, 7200, 721, 540],
    [77, 338, 301, 295, 43, 6506, 150],
    [58, 100, 329, 2405, 295, 1039, 99],
    [52, 134, 256, 185, 293, 949, 400],
    [118, 56, 135, 99, 313, 272, 518]
  ],
  "p_true": [
    [0.0115, 0.2916, 0.05, 0.0289, 0.0295, 0.5708, 0.0177],
    [0.524, 0.0166, 0.0896, 0.0315, 0.2081, 0.0896, 0.0406],
    [0.0423, 0.0215, 0.09, 0.0499, 0.6777, 0.0679, 0.0508],
    [0.01, 0.0438, 0.039, 0.0383, 0.0056, 0.8438, 0.0195],
    [0.0134, 0.0231, 0.0761, 0.5561, 0.0682, 0.2402, 0.0229],
    [0.0229, 0.0591, 0.1128, 0.0815, 0.1291, 0.4182, 0.1763],
    [0.0781, 0.0371, 0.0893, 0.0655, 0.2071, 0.18, 0.3428]
  ],
  "Z_est": [
    [
      [0.0011, 0, 0, 0.0006, 0.1864, 0.0078, 0.0048, 0.0007, 0, 0, 0, 0.0022, 0.1838, 0.001, 0.0002, 0, 0.0001, 0.0007, 0.0022, 0.0089, 0.0014, 0, 0.0047, 0.001, 0, 0, 0.0009, 0.0071, 0, 0.0033, 0.0049, 0.0006, 0.0031, 0, 0.0014, 0, 0, 0, 0, 0, 0],
      [28.6594, 18.3306, 38.5427, 5.9262, 10.7239, 12.6994, 33.8898, 12.4612, 118.31, 78.5829, 16.9187, 50.4168, 4.1937, 41.6051, 81.7492, 8.9124, 8.0469, 23.0534, 22.5117, 1.7167, 31.8333, 13.776, 25.7498, 14.7762, 20.4611, 8.0093, 14.4886, 8.1576, 23.3525, 9.2261, 9.7479, 11.7703, 7.8622, 44.2926, 8.7336, 45.2329, 1.328, 53.2333, 0.4137, 109.0419, 7.5279],
      [0.0015, 0, 0, 0.011, 0.0006, 0.0219, 0.0358, 0.0136, 0, 0, 0, 0.0006, 0.0001, 0.002, 0.0004, 0.012, 0.0003, 0.0083, 0.0082, 0.0109, 0.0239, 0.0123, 0.0034, 0.0199, 0.0028, 0, 0.0009, 0.0018, 0, 0, 0.0104, 0.0066, 0.0022, 0, 0.0004, 0, 0, 0, 0.0001, 0, 0.0009],
      [0.0985, 0.0619, 0, 0.0201, 0.0485, 0.0104, 0.0406, 0.0388, 0, 0.1102, 0.1136, 0.1188, 0.0141, 0.0026, 0.1072, 0, 0.0162, 0.065, 0.01, 0.0234, 0.1191, 0, 0.0099, 0.0417, 0.0097, 0, 0.001, 0.0162, 0.0268, 0.0041, 0.0228, 0.0338, 0.0039, 0.106, 0, 0.0524, 0.0001, 0.071, 0, 0.0152, 0],
      [0.0863, 0.0047, 0.0749, 0.3176, 0.0939, 0.227, 0, 0.1204, 0.6047, 0.4724, 0.0742, 0.2401, 0.0969, 0.2282, 0.254, 0.0121, 0.0325, 0.3627, 0.0334, 0.0651, 0.2206, 0.0418, 0.0101, 0.1097, 0.0107, 0.0018, 0, 0.0221, 0.0452, 0.0022, 0.136, 0.0679, 0.0055, 0.1895, 0.0002, 0.0495, 0.0004, 0.0725, 0, 0.2267, 0.0588],
      [91.134, 61.6028, 95.3616, 15.7018, 18.8665, 24.0228, 120.0289, 23.3339, 236.9614, 145.8046, 59.8806, 100.1518, 16.5114, 77.1408, 125.8113, 15.0636, 24.881, 77.4329, 65.418, 7.1735, 92.7528, 35.1598, 51.2217, 35.0452, 30.5156, 14.9888, 32.5047, 14.7895, 64.5536, 25.7609, 23.0703, 25.1106, 15.1231, 130.4118, 20.2623, 121.6651, 4.6713, 132.6232, 2.5846, 168.6852, 22.2472],
      [0.0192, 0, 0.0209, 0.0227, 0.0801, 0.0108, 0, 0.0314, 0.1239, 0.03, 0.0129, 0.0697, 0, 0.0203, 0.0776, 0, 0.023, 0.077, 0.0165, 0.0015, 0.0489, 0.0101, 0.0004, 0.0063, 0, 0.0001, 0.0039, 0.0057, 0.0218, 0.0034, 0.0076, 0.0101, 0, 0, 0.0021, 0, 0.0002, 0, 0.0016, 0.031, 0.1653]
    ],
    [
      [21.8754, 13.0664, 68.962, 2.106, 1.9243, 15.649, 32.1008, 4.7932, 24.25, 16.3616, 11.0021, 26.2202, 0.9051, 16.9729, 14.3102, 13.2799, 2.8251, 7.871, 35.2073, 11.2327, 30.1822, 7.7678, 48.9236, 19.2703, 26.6636, 27.38, 17.1885, 13.5728, 31.4582, 21.9836, 21.8799, 14.5778, 15.7619, 28.2094, 18.1534, 46.5968, 0, 18.6035, 2.536, 128.8205, 13.3576],
      [0.183, 0.0679, 0.2493, 0.0145, 0.0015, 0.0893, 0.2035, 0.0667, 0.2935, 0.3662, 0.0527, 0.1803, 0.0012, 0.3743, 0.298, 0.1146, 0.0261, 0.1533, 0.2258, 0.0031, 0.1407, 0.1201, 0.1919, 0.0796, 0.2913, 0.1385, 0.0784, 0.0445, 0.1777, 0.0665, 0.0921, 0.0891, 0.0419, 0.2373, 0.0801, 0.3714, 0, 0.2081, 0.0065, 0.7095, 0.0953],
      [1.0775, 1.2311, 2.9233, 0.1669, 0.0229, 0.6349, 2.3392, 1.141, 0.9425, 1.0608, 0.2389, 0.5203, 0.0164, 1.562, 0.8655, 0.857, 0.1268, 0.9917, 2.9277, 0.2605, 5.0837, 1.9276, 3.1383, 2.299, 3.6463, 1.4044, 1.1712, 1.1297, 4.6038, 1.5781, 1.5247, 2.4483, 0.9607, 4.2383, 1.075, 2.1633, 0, 1.2522, 0.223, 3.5182, 0.2437],
      [1.4922, 0.9531, 5.6083, 0.2308, 0.0118, 0.7231, 2.9552, 1.4834, 1.3755, 1.6186, 0.6654, 1.233, 0.0091, 1.6057, 1.4754, 1.5126, 0.227, 1.29, 3.4205, 0.2494, 4.6295, 3.4098, 3.7773, 2.5898, 3.7267, 1.6912, 1.4165, 1.1285, 4.5576, 1.8209, 1.8111, 2.2701, 1.0056, 2.7468, 1.2632, 2.9869, 0, 2.317, 0.3379, 5.4038, 0.4202],
      [0.3474, 0.1584, 0.8991, 0.0844, 0.0043, 0.1561, 0.4884, 0.2311, 0.3497, 0.3638, 0.103, 0.298, 0.0045, 0.4821, 0.3646, 0.1069, 0.0564, 0.4671, 0.5628, 0.0552, 0.6208, 0.3923, 0.5084, 0.6336, 0.6175, 0.4049, 0.2726, 0.2556, 0.9158, 0.2569, 0.4074, 0.5727, 0.2547, 0.5269, 0.4167, 0.7699, 0, 0.4432, 0.0657, 1.3205, 0.1103],
      [5.9143, 2.481, 6.1323, 0.3649, 0.034, 1.7095, 7.7731, 1.23, 5.6618, 7.1179, 1.9075, 3.4388, 0.0609, 6.875, 4.5735, 2.0941, 0.7218, 5.1142, 6.4667, 0.1898, 4.107, 3.2383, 4.262, 1.949, 4.7974, 2.8796, 1.8033, 0.8153, 5.0591, 2.2068, 2.1807, 1.9109, 0.9233, 6.907, 1.9232, 9.9322, 0, 5.0702, 0.8045, 11.7837, 2.6143],
      [0.1103, 0.0421, 0.2257, 0.0326, 0.0012, 0.0382, 0.1398, 0.0545, 0.127, 0.111, 0.0303, 0.1094, 0.0028, 0.1279, 0.1127, 0.035, 0.0168, 0.1127, 0.1892, 0.0093, 0.2361, 0.1442, 0.1986, 0.1786, 0.2573, 0.1014, 0.0694, 0.0536, 0.2279, 0.0872, 0.104, 0.131, 0.0519, 0.1343, 0.0884, 0.1796, 0, 0.1057, 0.0263, 0.4438, 0.1585]
    ],
    [
      [7.5538, 3.0223, 17.5463, 0.3415, 3.1206, 1.87, 5.5894, 0.6883, 16.557, 5.645, 5.6415, 11.8964, 1.7872, 3.2007, 7.7268, 5.303, 1.8773, 1.7557, 7.3986, 7.7674, 13.6084, 1.0565, 21.3291, 5.9917, 6.1446, 11.8206, 10.9411, 4.794, 8.8593, 8.3285, 12.1047, 2.8692, 7.6716, 15.4046, 8.4114, 6.0255, 2.4109, 9.2364, 0.2716, 49.2503, 2.6824],
      [3.2758, 0.8288, 3.3949, 0.2639, 1.3775, 0.5532, 1.8359, 0.902, 12.7969, 7.2837, 2.3067, 6.729, 0.7699, 3.8708, 8.6827, 2.46, 1.3612, 2.9128, 2.5459, 0.1924, 3.084, 2.5639, 4.3679, 1.1651, 3.9306, 3.1577, 2.7044, 0.8696, 2.4829, 1.1753, 2.7162, 1.065, 1, 7.3977, 1.9408, 2.5343, 0.4122, 5.7751, 0.0365, 14.2254, 1.2018],
      [11.429, 9.5257, 23.652, 1.4012, 1.3803, 2.7029, 13.171, 7.9053, 15.6032, 10.0321, 2.7269, 4.5252, 0.3893, 9.3515, 13.1963, 11.4131, 1.9709, 9.9197, 19.8683, 7.3566, 67.3964, 23.3118, 43.5495, 23.9627, 30.3971, 18.9984, 24.0408, 12.6586, 40.4678, 19.2839, 26.9227, 16.8272, 15.763, 67.1346, 15.9035, 8.9809, 4.6087, 19.0983, 1.491, 42.3715, 1.3619],
      [16.7332, 7.5768, 46.1298, 1.9951, 2.7159, 3.0821, 17.032, 10.4147, 29.0049, 18.585, 11.9911, 18.771, 1.4476, 9.8162, 26.2649, 19.7978, 5.4438, 13.9932, 23.7725, 7.68, 68.2396, 41.3186, 54.1643, 27.9773, 32.7769, 23.6116, 29.5838, 13.5787, 42.9658, 22.9914, 32.5548, 16.9832, 17.0062, 48.332, 18.9843, 12.6964, 11.5606, 38.0889, 2.4951, 69.1093, 2.686],
      [138.9865, 50.6654, 268.9547, 27.2307, 27.079, 23.4305, 115.086, 56.3632, 430.4468, 232.8714, 86.5606, 184.6845, 23.1709, 138.1781, 258.7777, 68.8299, 78.4367, 172.0105, 166.4343, 51.4322, 348.0435, 229.3047, 397.2109, 224.9796, 304.3625, 315.9368, 211.9594, 101.9637, 302.3749, 176.9178, 222.9243, 147.4325, 204.7872, 378.2747, 226.528, 124.3164, 70.9454, 292.1739, 25.8455, 688.5825, 37.0225],
      [8.8065, 1.9716, 6.561, 0.3857, 1.2322, 0.4477, 5.8119, 0.9587, 19.148, 10.7426, 5.0039, 7.7744, 1.7873, 6.4114, 12.1842, 3.9643, 2.6915, 7.4968, 6.5116, 0.462, 8.513, 4.7474, 6.0509, 1.8101, 4.8598, 4.7999, 4.5929, 0.5271, 6.7221, 3.0386, 4.9447, 1.0717, 0.7521, 17.8203, 3.6063, 4.6322, 4.5682, 11.8733, 0.7927, 22.2003, 3.0083],
      [15.2152, 4.4094, 22.7614, 3.382, 3.0944, 1.9134, 10.4737, 4.7678, 35.4431, 16.8403, 6.7692, 20.6196, 6.6477, 10.1713, 25.1673, 6.232, 5.2186, 14.9113, 16.4688, 3.1094, 43.1151, 22.6971, 37.3275, 23.1136, 29.5285, 18.6749, 18.1777, 7.6083, 26.1271, 14.2645, 22.8327, 11.7511, 11.0201, 29.636, 16.6257, 9.8142, 9.4939, 21.7541, 2.0675, 71.2608, 5.0371]
    ],
    [
      [0.1814, 0.138, 0.17, 0.0063, 0.0138, 0.0196, 0.2108, 0.0064, 0.0678, 0.0204, 0.0204, 0.0618, 0.0073, 0.0675, 0.0307, 0.0767, 0.0069, 0.0075, 0.0829, 0.0232, 0.249, 0.0075, 0.2078, 0.047, 0.0278, 0.0721, 0.0943, 0.0607, 0.059, 0.1123, 0.0523, 0.017, 0.4977, 0.0498, 0.0593, 0.2913, 0.0125, 0.0726, 0.0218, 0.1899, 0.0552],
      [14.7706, 7.6655, 19.6687, 4.4491, 3.8522, 7.7992, 14.3071, 6.9758, 56.4046, 28.4231, 6.4863, 28.8689, 2.4623, 16.0619, 43.2631, 7.2003, 4.6192, 10.0199, 12.92, 0.9661, 21.4311, 9.8415, 19.5485, 8.4215, 16.3892, 6.8875, 10.3703, 4.1481, 15.7194, 7.2804, 5.9726, 8.0672, 6.2307, 27.2905, 6.0475, 20.3027, 3.0233, 26.8701, 0.5072, 71.2527, 3.9279],
      [0.3479, 0.5479, 1.7172, 0.4548, 0.0495, 0.5548, 1.3278, 0.8985, 0.6272, 0.3325, 0.1148, 0.3058, 0.0287, 0.4307, 0.4836, 0.5233, 0.0829, 0.2736, 1.2635, 0.4007, 3.6516, 1.3583, 2.4813, 1.8644, 1.6357, 0.5434, 1.185, 0.7324, 2.5668, 1.2624, 0.7439, 1.4905, 1.0523, 1.9146, 0.6158, 0.4773, 0.1719, 0.6292, 0.15, 1.3846, 0.0378],
      [1.3657, 1.0336, 3.3206, 0.6614, 0.2253, 0.5204, 1.7686, 1.1516, 1.3203, 1.2542, 1.0498, 2.1738, 0.0687, 0.4231, 2.0942, 0.5203, 0.4136, 0.855, 1.5131, 0.4383, 6.1516, 2.1833, 3.2293, 2.2883, 1.9074, 0.7271, 1.5036, 0.851, 3.5015, 1.5957, 0.9302, 1.7773, 1.174, 3.2265, 0.7596, 1.478, 1.0976, 2.6514, 0.22, 4.2692, 0.0909],
      [0.5866, 0.2575, 1.0882, 0.5076, 0.2874, 0.0784, 0.4422, 0.4703, 3.3909, 1.4659, 0.431, 1.5999, 0.7699, 0.6943, 1.5218, 0.3246, 0.3481, 0.9415, 0.3457, 0.2207, 2.2262, 0.9398, 1.1578, 0.9401, 1.3323, 1.3157, 0.4544, 0.2001, 1.7583, 0.5879, 0.2484, 0.6354, 0.5111, 2.062, 0.5271, 0.7713, 1.0513, 1.043, 0.1398, 2.9913, 0.5735],
      [230.8395, 126.7499, 237.4591, 56.103, 36.3334, 72.0835, 257.6114, 64.2676, 561.4994, 265.1715, 123.6089, 294.7277, 50.8847, 146.3476, 336.2167, 61.0761, 73.6709, 168.5501, 183.978, 23.0215, 304.6337, 127.63, 192.4383, 98.1205, 122.9831, 65.5159, 114.3354, 37.4496, 213.6088, 101.872, 69.474, 84.6487, 59.3382, 396.7631, 69.3947, 266.2194, 80.2401, 325.2235, 22.9925, 543.9625, 57.8503],
      [4.9084, 2.6075, 9.5763, 4.8177, 1.2383, 1.9441, 5.3322, 3.2298, 13.6898, 5.3323, 2.2888, 10.2621, 1.7784, 2.9751, 9.3899, 1.2787, 1.8584, 4.3522, 5.8969, 0.9295, 19.6568, 7.0395, 11.937, 10.3183, 8.7246, 2.9384, 5.057, 2.5581, 10.7863, 5.2894, 3.5787, 6.3639, 4.196, 8.6936, 3.596, 5.46, 3.4033, 7.5103, 0.9687, 23.9498, 1.4643]
    ],
    [
      [0.5275, 0.3522, 1.2207, 0.0318, 0.1887, 0.227, 0.4265, 0.0229, 0.7468, 0.3198, 0.4137, 0.8717, 0.1357, 0.1619, 0.3899, 0.2349, 0.1798, 0.1191, 0.4917, 0.2893, 0.8296, 0.0361, 1.2154, 0.3731, 0.3931, 0.6726, 0.5006, 0.3959, 0.521, 0.444, 0.4701, 0.1892, 0.4464, 0.8728, 0.5195, 0.5319, 0.1445, 0.6394, 0.0102, 2.5377, 0.1042],
      [0.0907, 0.0271, 0.1206, 0.0046, 0.0281, 0.0474, 0.0421, 0.0326, 0.2364, 0.1765, 0.0311, 0.1727, 0.015, 0.0961, 0.1223, 0.0523, 0.0528, 0.0705, 0.0728, 0.0039, 0.0517, 0.0312, 0.1283, 0.0234, 0.1245, 0.0965, 0.0722, 0.0286, 0.0473, 0.0192, 0.0568, 0.0368, 0.0216, 0.1675, 0.0609, 0.1247, 0.011, 0.2162, 0.0018, 0.2676, 0.0254],
      [13.2761, 17.8642, 27.2053, 1.8351, 1.4125, 5.5111, 16.0339, 8.1905, 15.3718, 11.1265, 5.1005, 9.6626, 1.3235, 7.7748, 12.5749, 7.3515, 4.5668, 12.8392, 21.4592, 8.3926, 67.8649, 18.9148, 40.1522, 24.8922, 39.0145, 18.2347, 17.9115, 12.2968, 42.2467, 17.0055, 17.173, 21.6296, 14.15, 65.9488, 16.1183, 12.8186, 5.6362, 22.6936, 2.3106, 38.033, 1.025],
      [48.0235, 36.3814, 137.6154, 6.9441, 6.4016, 16.6286, 53.5364, 28.2491, 58.4058, 44.68, 37.0832, 58.1238, 5.0697, 21.2298, 56.1876, 35.0241, 22.2966, 44.2378, 66.3787, 22.2303, 163.5973, 91.027, 127.8862, 73.5901, 106.9259, 58.2424, 56.9311, 32.142, 109.7218, 51.8447, 53.4665, 52.9846, 39.0078, 112.0911, 49.8337, 46.1894, 36.3566, 111.0484, 10.4542, 151.6478, 4.4362],
      [8.5369, 5.078, 16.9896, 1.8451, 1.2943, 2.5434, 7.6415, 3.1227, 18.0197, 12.0085, 5.7344, 12.3043, 1.626, 6.1983, 11.8246, 2.5626, 6.5607, 11.6472, 9.793, 3.4084, 18.6229, 10.6628, 20.1346, 13.0875, 20.9628, 15.9147, 8.7384, 5.1792, 16.8959, 8.4439, 7.7166, 10.1395, 10.148, 19.2714, 12.3865, 9.5749, 4.7836, 18.2043, 2.0501, 32.2498, 1.247],
      [28.4903, 13.3765, 22.6625, 1.2522, 3.0387, 5.1236, 21.3328, 3.2195, 39.7746, 27.9436, 15.6916, 25.9406, 5.7439, 14.5638, 26.9305, 6.8102, 11.3988, 25.7424, 19.5948, 2.8229, 22.293, 11.8499, 19.3079, 8.1827, 18.5658, 13.6536, 10.6512, 3.2778, 18.3562, 8.2884, 9.6933, 6.5603, 4.8427, 43.1851, 11.1209, 23.4826, 9.418, 37.3231, 2.436, 48.8734, 4.4591],
      [4.0551, 1.9206, 6.186, 1.0871, 0.636, 0.9188, 2.9868, 1.1627, 6.4449, 3.7451, 1.9456, 5.9242, 2.0862, 1.9753, 4.9703, 0.9643, 1.9445, 4.3439, 4.2098, 0.8527, 9.7406, 4.4781, 8.1754, 5.851, 9.0134, 4.1855, 3.195, 1.6797, 6.211, 2.9544, 3.4238, 3.4601, 2.3835, 6.4634, 3.9603, 3.2779, 2.6501, 5.875, 0.7372, 14.3907, 0.703]
    ],
    [
      [0.0428, 0.0208, 0.0658, 0.0009, 0.0016, 0.0126, 0.0157, 0.0001, 0.0641, 0.0189, 0.0211, 0.0366, 0.121, 0.0177, 0.0211, 0.0117, 0.0085, 0.0013, 0.0184, 0.0006, 0.0478, 0.0019, 0.063, 0.0158, 0.0068, 0.0229, 0.0198, 0.0242, 0.0198, 0.0336, 0.024, 0.005, 0.0281, 0.0569, 0.0163, 0.0217, 0.0013, 0.024, 0.0001, 0.1066, 0],
      [2.5783, 0.9361, 2.5926, 0.2909, 0.9451, 0.7436, 1.3858, 0.4806, 7.0815, 4.2925, 1.1037, 3.1746, 0.5077, 3.341, 5.0672, 0.884, 0.7685, 2.523, 1.4522, 0.1009, 2.1047, 1.3726, 2.4973, 1.3849, 2.3521, 1.3243, 1.074, 0.6356, 2.9085, 1.094, 1.1193, 0.8114, 0.7367, 3.9398, 0.8569, 2.0387, 0.1383, 3.1548, 0.0272, 9.792, 0],
      [8.4383, 9.4261, 17.0227, 1.9765, 1.7016, 3.3744, 8.3733, 4.9232, 11.8857, 7.0222, 2.8094, 5.1958, 0.8774, 7.3903, 8.0198, 3.6964, 2.0198, 9.3145, 10.283, 2.5933, 42.0658, 12.5343, 22.96, 21.9772, 16.4994, 7.5915, 9.0743, 9.0189, 42.2803, 14.0753, 10.4216, 12.4225, 9.0137, 39.625, 6.4067, 6.7451, 0.9828, 10.589, 0.3738, 26.3558, 0],
      [0.5847, 0.3671, 1.5625, 0.1354, 0.1388, 0.1824, 0.4877, 0.261, 0.8031, 0.5331, 0.3986, 0.5832, 0.0616, 0.3465, 0.6654, 0.3044, 0.1875, 0.5508, 0.568, 0.1105, 1.8637, 1.0744, 1.3558, 1.123, 0.8628, 0.4304, 0.5093, 0.4418, 1.7481, 0.7714, 0.5849, 0.5777, 0.4618, 1.292, 0.349, 0.4381, 0.0518, 0.9434, 0.0141, 1.9218, 0],
      [1.6322, 0.8232, 3.2585, 0.6363, 0.4451, 0.4726, 1.1492, 0.4983, 4.4455, 2.4544, 0.9892, 2.0157, 0.4393, 1.7829, 2.3225, 0.3863, 0.9554, 2.1085, 1.3962, 0.2566, 3.42, 2.2172, 3.5836, 3.0328, 2.9079, 1.9657, 1.2503, 1.2034, 4.0055, 2.0781, 1.4108, 1.8081, 2.1041, 3.5907, 1.4157, 1.4953, 0.1027, 2.5527, 0.0452, 6.9161, 0],
      [58.5811, 22.7984, 45.8934, 5.5453, 11.9461, 10.2041, 34.9655, 6.4187, 101.0072, 57.2705, 27.9115, 44.7548, 14.0831, 44.4537, 55.6661, 10.972, 17.0689, 59.3307, 30.164, 3.0002, 43.8074, 25.47, 35.9769, 23.546, 25.7521, 18.4824, 17.3565, 8.372, 57.3583, 22.3204, 19.0972, 12.438, 10.249, 82.6763, 14.3882, 39.1257, 4.2007, 56.0288, 1.1312, 108.6891, 0],
      [9.1425, 3.6283, 13.6045, 4.4146, 2.8216, 2.0103, 5.6228, 2.4181, 17.7129, 8.4084, 3.7665, 11.2393, 5.9099, 6.668, 11.238, 1.7452, 2.9914, 11.1713, 7.1182, 0.9379, 20.6905, 10.3297, 16.5633, 18.9203, 13.6189, 6.1827, 5.7158, 4.3041, 21.6795, 8.6272, 7.3422, 6.9375, 5.4067, 13.8193, 5.5673, 6.1354, 1.5224, 9.7073, 0.4083, 35.2187, 0]
    ],
    [
      [4.818, 2.4002, 11.0353, 0.5129, 1.5645, 1.214, 4.652, 0.4883, 6.3143, 3.6343, 1.9012, 5.9111, 0.8599, 2.5782, 3.5211, 4.0939, 1.1022, 1.2447, 3.799, 3.6779, 7.0817, 1.1302, 12.2563, 3.3011, 3.7641, 7.0318, 4.2547, 3.1453, 5.0826, 4.0947, 6.4641, 2.3412, 3.5913, 7.4065, 5.8386, 4.5329, 1.4308, 4.4241, 0.1603, 28.0951, 2.8005],
      [0.4422, 0.1439, 0.4311, 0.051, 0.0716, 0.0679, 0.3358, 0.0811, 0.8771, 0.8751, 0.1007, 0.4577, 0.0502, 0.6509, 0.8176, 0.3764, 0.1254, 0.2672, 0.2716, 0.017, 0.3543, 0.2947, 0.5163, 0.1493, 0.4512, 0.3863, 0.212, 0.1161, 0.3117, 0.1385, 0.2952, 0.1601, 0.1071, 0.6746, 0.2802, 0.3953, 0.0872, 0.5425, 0.007, 1.7108, 0.2217],
      [5.4297, 5.405, 10.4796, 1.1545, 0.4326, 1.2, 7.719, 2.928, 5.5696, 5.4259, 1.0095, 2.7898, 0.3646, 5.4886, 4.8594, 6.1467, 1.2325, 3.6529, 7.1901, 1.9854, 26.9138, 6.9409, 17.7152, 8.9847, 11.8042, 8.2276, 6.6163, 6.1617, 16.8346, 6.7949, 10.2038, 9.1754, 5.0581, 25.1388, 7.8803, 4.8149, 2.6004, 6.7378, 0.4515, 17.3369, 1.3307],
      [4.7022, 2.626, 12.7635, 1.0131, 0.4581, 0.8529, 6.1795, 2.4014, 5.0904, 5.219, 1.6983, 3.9962, 0.3291, 3.5761, 5.2052, 6.8408, 1.4153, 3.0082, 5.3372, 1.2681, 15.3992, 7.9868, 13.5772, 6.3898, 7.7907, 6.2973, 5.0546, 3.8418, 10.4784, 4.9717, 7.6297, 5.3734, 3.3407, 10.2056, 5.8103, 4.1587, 3.9333, 7.8798, 0.4787, 16.633, 1.3667],
      [6.824, 3.0128, 12.7351, 2.3782, 0.7959, 1.0921, 7.1927, 2.1938, 12.7426, 11.3636, 2.1076, 6.8574, 0.8926, 8.4361, 8.9347, 3.7776, 3.6102, 6.4626, 6.4347, 1.5619, 13.8459, 7.4414, 17.3946, 9.2168, 12.8064, 14.4603, 6.3249, 5.176, 13.0043, 6.7133, 9.1564, 8.3439, 7.1895, 14.0849, 11.7259, 7.0226, 4.1167, 10.5103, 0.8536, 28.7131, 2.9879],
      [5.2345, 2.0199, 3.9302, 0.647, 0.5489, 0.4088, 4.4764, 0.5717, 5.9476, 5.9493, 0.996, 3.212, 0.9287, 4.2078, 4.6177, 2.0198, 1.5671, 3.3328, 2.8669, 0.3301, 3.8931, 1.9047, 3.7424, 1.3465, 2.5262, 2.6798, 1.7561, 0.7686, 3.342, 1.513, 2.5398, 1.2599, 0.7716, 7.2363, 2.3045, 3.9427, 1.9017, 4.8579, 0.2585, 9.8059, 1.8207],
      [9.5493, 3.3921, 13.6253, 4.2432, 1.1284, 1.1644, 8.4446, 2.3357, 13.4585, 10.5328, 2.1867, 9.7758, 3.575, 8.0622, 11.0443, 4.7448, 2.9473, 7.0316, 8.1006, 1.1597, 21.512, 9.3013, 20.7979, 12.6119, 15.8572, 10.9169, 6.7813, 4.7904, 13.9464, 6.7738, 11.7109, 8.3462, 4.9417, 14.2533, 11.1603, 7.1329, 6.93, 10.0476, 0.7903, 37.7052, 5.4718]
    ]
  ],
  "V_est": [
    [0.4292, 1086.2652, 0.2127, 1.4338, 4.6725, 2466.0306, 0.9559],
    [893.8025, 6.2254, 63.5364, 77.4504, 15.35, 145.029, 4.6063],
    [325.5011, 128.1507, 702.0507, 919.9527, 7631.5163, 231.2848, 685.5436],
    [3.4762, 596.7135, 36.7147, 63.7852, 37.2393, 6724.8947, 247.1764],
    [19.1992, 3.1086, 724.9429, 2344.1523, 415.1533, 657.2745, 161.1692],
    [1.0407, 79.6128, 447.357, 25.6475, 75.5737, 1288.5014, 351.2668],
    [183.551, 13.9237, 288.1856, 222.5782, 320.4948, 113.985, 368.2817]
  ],
  "p_est": [
    [0.0001, 0.3051, 0.0001, 0.0004, 0.0013, 0.6927, 0.0003],
    [0.7411, 0.0052, 0.0527, 0.0642, 0.0127, 0.1203, 0.0038],
    [0.0306, 0.0121, 0.0661, 0.0866, 0.7183, 0.0218, 0.0645],
    [0.0005, 0.0774, 0.0048, 0.0083, 0.0048, 0.8722, 0.0321],
    [0.0044, 0.0007, 0.1676, 0.542, 0.096, 0.152, 0.0373],
    [0.0005, 0.0351, 0.1972, 0.0113, 0.0333, 0.5679, 0.1548],
    [0.1215, 0.0092, 0.1907, 0.1473, 0.2121, 0.0754, 0.2437]
  ],
  "EI_Z": {},
  "EI_V": 12.2458,
  "MAE_Z": {},
  "MAE_V": 155.9718,
  "MAE_p": 0.0482,
  "runtime": 0.581
}
