{
  "Z_true": {},
  "V_true": [
    [45, 714, 37, 42, 97, 1831, 323, 46],
    [26, 16, 722, 35, 176, 148, 793, 34],
    [185, 141, 313, 198, 1026, 473, 9379, 209],
    [96, 228, 54, 105, 246, 5534, 290, 79],
    [61, 77, 47, 1073, 287, 893, 547, 62],
    [685, 37, 16, 38, 145, 765, 520, 50],
    [41, 42, 105, 37, 553, 187, 603, 316]
  ],
  "p_true": [
    [0.0144, 0.2278, 0.0118, 0.0134, 0.0309, 0.5841, 0.103, 0.0147],
    [0.0133, 0.0082, 0.3703, 0.0179, 0.0903, 0.0759, 0.4067, 0.0174],
    [0.0155, 0.0118, 0.0262, 0.0166, 0.086, 0.0397, 0.7866, 0.0175],
    [0.0145, 0.0344, 0.0081, 0.0158, 0.0371, 0.8344, 0.0437, 0.0119],
    [0.02, 0.0253, 0.0154, 0.3521, 0.0942, 0.2931, 0.1795, 0.0203],
    [0.3036, 0.0164, 0.0071, 0.0168, 0.0643, 0.3391, 0.2305, 0.0222],
    [0.0218, 0.0223, 0.0557, 0.0196, 0.2935, 0.0993, 0.3201, 0.1677]
  ],
  "Z_est": [
    [
      [0, 0.0246, 0.0954, 0.0808, 0.0205, 0.0358, 0.1589, 0.1494, 0, 0, 0.0236, 0.0167, 0.0198, 0, 0.0419, 0.0197, 0.0621, 0.167, 0, 0.0591, 0.0531, 0.0846, 0.0144, 0.0935, 0, 0, 0.0027, 0, 0.0073, 0.158, 0],
      [0.4049, 4.7782, 16.3855, 19.187, 8.7974, 6.8469, 13.6168, 19.7795, 11.7123, 22.2393, 6.2016, 11.8347, 2.6711, 0.7325, 2.3228, 9.1077, 12.3085, 22.9928, 2.8497, 5.9739, 13.7923, 20.2011, 11.0474, 26.2032, 0, 0.9921, 0.2533, 19.1657, 0.8262, 38.7934, 4.0498],
      [0.1087, 0.2877, 1.0269, 1.0367, 0.5495, 0.4627, 0.7919, 0.7527, 0.7579, 1.1984, 0.4229, 0.6083, 0.1988, 0.0406, 0.0846, 0.7233, 0.5811, 0.7549, 0.1792, 0.2096, 0.5712, 0.8956, 0.6652, 1.204, 0, 0.0098, 0.0187, 0.9726, 0.0615, 2.5309, 0.2878],
      [0, 0.0531, 0.1654, 0.1653, 0.0871, 0.0459, 0.1301, 0.1391, 0.0285, 0, 0.0333, 0.0619, 0.0303, 0.0297, 0.0097, 0.076, 0.1205, 0.2586, 0.051, 0, 0.1156, 0, 0, 0.2243, 0, 0, 0.0063, 0.1876, 0.0109, 0.2312, 0],
      [0, 0.6203, 2.0821, 1.9611, 1.1703, 0.8628, 1.6307, 1.257, 0.9625, 2.3361, 0.6277, 1.0492, 0.2902, 0.1449, 0.0829, 0.6091, 1.6587, 3.6358, 0.2207, 0.5657, 1.1506, 1.7564, 1.2446, 2.7964, 0, 0.064, 0.0404, 2.0228, 0.164, 2.178, 0.2538],
      [5.4628, 27.5294, 135.6778, 113.534, 63.4456, 40.3617, 193.7107, 194.4396, 104.0872, 194.5336, 40.2855, 58.1809, 29.928, 5.8252, 4.2479, 62.4385, 91.7455, 156.5035, 37.6342, 74.809, 118.0262, 153.9197, 120.6719, 225.1556, 0, 5.837, 4.4923, 173.9313, 10.618, 183.1278, 29.5236],
      [0.0236, 1.6332, 5.2476, 4.7969, 2.7814, 2.2108, 3.7635, 3.3046, 2.2522, 5.2862, 1.2833, 2.0549, 0.7871, 0.1912, 0.1663, 1.8734, 3.227, 7.1376, 0.9756, 1.2984, 3.058, 3.974, 2.1718, 5.0781, 0, 0.0802, 0.1766, 5.5081, 0.2904, 7.3741, 0.803],
      [0, 0.0735, 0.3194, 0.2383, 0.1483, 0.1735, 0.1974, 0.1781, 0.1994, 0.4064, 0.122, 0.1934, 0.0746, 0.0359, 0.0438, 0.1522, 0.2965, 0.5498, 0.0896, 0.0843, 0.233, 0.1685, 0.1846, 0.2451, 0, 0.0169, 0.0097, 0.2118, 0.0217, 0.6064, 0.082]
    ],
    [
      [0, 0.0271, 0.1108, 0.0717, 0.0212, 0.0231, 0.0922, 0.0605, 0, 0.0038, 0.0144, 0.0176, 0.0144, 0, 0.0411, 0.0158, 0.0488, 0.0886, 0.0119, 0.0449, 0.0389, 0.0395, 0.0232, 0.0587, 0.1049, 0, 0.0045, 0.0309, 0.0144, 0.1408, 0],
      [0, 4.1873, 16.159, 13.5961, 7.115, 3.7821, 11.1896, 11.8515, 6.7512, 16.292, 2.7895, 7.994, 1.8083, 0.7008, 1.3061, 4.2404, 7.4051, 12.3415, 1.5214, 6.8551, 9.0825, 8.1477, 7.0502, 14.0262, 0.3033, 1.3758, 0.3642, 10.9668, 1.3563, 27.8877, 3.0315],
      [0, 19.9512, 79.0315, 57.16, 34.8767, 20.158, 46.7689, 33.8999, 38.3859, 68.0582, 15.6879, 32.5044, 10.7739, 3.4884, 4.1753, 29.0438, 27.8934, 36.431, 7.4821, 19.3527, 30.1818, 28.057, 31.5172, 49.6778, 0, 0.7204, 2.3014, 44.0947, 8.2437, 147.7783, 19.9664],
      [0, 0.0177, 0.0604, 0.0465, 0.0279, 0.0075, 0.0328, 0.0246, 0.0011, 0, 0.0046, 0, 0.0063, 0.0247, 0.0032, 0.0136, 0.0255, 0.0455, 0.0083, 0, 0.0251, 0, 0, 0.0374, 0, 0, 0.0026, 0.0357, 0.0078, 0.0849, 0],
      [0, 0.4602, 1.7259, 1.1684, 0.7956, 0.4015, 1.1029, 0.6911, 0.4592, 1.4208, 0.2371, 0.5971, 0.166, 0.1153, 0.0556, 0.2388, 0.8457, 1.6943, 0.1146, 0.539, 0.6432, 0.5876, 0.6469, 1.2933, 0.0169, 0.0489, 0.0486, 0.967, 0.2249, 1.2608, 0.1608],
      [0, 4.0796, 22.8285, 13.7116, 8.7319, 3.776, 26.724, 19.9036, 10.2072, 24.3321, 3.0794, 6.7001, 3.4368, 0.8823, 0.4566, 4.9575, 9.4205, 14.3738, 3.3884, 14.5559, 13.2551, 10.6069, 13.1189, 20.6063, 0.1304, 1.1913, 1.0848, 16.997, 2.932, 22.6478, 3.7445],
      [0, 11.665, 42.2432, 27.5768, 18.3176, 10.0284, 24.4212, 16.4014, 10.3482, 30.3864, 4.7162, 11.0688, 4.3553, 1.5253, 0.881, 6.9163, 15.5174, 30.4947, 3.9339, 11.8494, 16.5482, 12.7543, 11.2284, 21.8193, 0.4445, 0.6253, 2.0725, 25.4511, 3.9235, 41.3541, 4.6924],
      [0, 0.6118, 2.8407, 1.669, 1.1141, 0.8233, 1.6682, 1.1675, 0.8473, 3.5067, 0.471, 1.118, 0.4389, 0.2633, 0.0812, 0.5739, 1.8436, 2.5307, 0.5393, 0.803, 1.2251, 0.8071, 1.4152, 1.4809, 0, 0.0382, 0.1213, 1.4568, 0.2974, 4.8456, 0.4043]
    ],
    [
      [0.6841, 6.1876, 16.9357, 15.7877, 7.3945, 5.8486, 9.6284, 11.3703, 4.2359, 11.5858, 7.7218, 14.2762, 6.1828, 0.607, 0.3886, 10.368, 13.4042, 18.8295, 7.1601, 4.1012, 6.6688, 12.8317, 6.4883, 16.0265, 0.2039, 0.7481, 2.3631, 7.8998, 3.3664, 21.7851, 0.2106],
      [0.3763, 4.8692, 11.0861, 10.8371, 7.632, 4.7058, 5.0484, 11.1793, 6.4713, 12.8262, 5.7747, 9.8928, 3.2364, 0.4668, 0, 7.7723, 8.329, 12.3769, 2.3737, 3.3424, 6.8914, 11.6881, 5.7756, 16.1833, 0.457, 0.8566, 0, 8.0072, 1.2931, 18.058, 3.294],
      [0.79, 7.0888, 17.3357, 14.3333, 11.475, 7.7334, 8.3515, 9.924, 10.2763, 16.229, 9.1346, 13.4688, 6.3028, 0.3471, 0.5074, 14.095, 9.142, 8.0996, 4.3268, 2.8922, 6.739, 12.359, 8.0921, 17.6351, 0, 0.1949, 1.5201, 9.7252, 3.0409, 32.9464, 5.0665],
      [1.0714, 14.7802, 31.5864, 24.3632, 19.8355, 9.1844, 15.4215, 18.5105, 8.9312, 17.8285, 8.9782, 24.5124, 11.6383, 0.9289, 0.6637, 16.0464, 19.4734, 35.6455, 10.1492, 5.4021, 13.2007, 29.9301, 8.1459, 33.262, 0, 2.1431, 6.6955, 18.6136, 5.718, 31.5955, 2.5475],
      [0, 29.2174, 68.8442, 52.8909, 47.4668, 27.5304, 35.5198, 37.4163, 23.6552, 61.4309, 26.9341, 45.5079, 17.9154, 2.5184, 0.8292, 24.4247, 51.9364, 89.9933, 11.4398, 15.0826, 27.0174, 47.4965, 29.8857, 84.1192, 1.3666, 2.1727, 6.0889, 39.5693, 15.3986, 57.4254, 8.6266],
      [0.0458, 1.7459, 11.4536, 7.3678, 6.4309, 2.5028, 11.7257, 14.1984, 6.9113, 14.0479, 4.3978, 7.2601, 4.9367, 0.121, 0.3312, 6.854, 7.614, 12.154, 6.0674, 5.0811, 6.8899, 11.8282, 8.0472, 17.5544, 0.0589, 0.8225, 2.8176, 9.168, 2.5954, 14.1586, 2.8052],
      [8.0324, 296.8507, 679.304, 504.707, 439.8202, 276.0698, 316.9897, 352.5334, 217.9983, 534.1544, 215.6444, 341.8309, 190.201, 13.2577, 9.786, 280.6647, 385.4256, 669.6892, 169.6613, 134.2271, 278.9008, 415.4275, 211.5177, 569.4129, 12.9136, 12.4507, 119.0449, 420.1559, 108.2051, 710.3994, 101.8096],
      [0, 11.2601, 34.4543, 22.7131, 19.945, 17.4249, 16.3151, 18.8678, 13.5205, 45.8972, 16.4143, 26.2509, 14.5866, 1.7531, 0.4939, 17.7748, 33.6753, 42.212, 16.8218, 6.8712, 15.6921, 19.4389, 20.0474, 28.8066, 0, 0.6114, 5.4699, 17.8609, 6.3825, 62.6317, 6.6401]
    ],
    [
      [0.119, 1.4667, 3.8602, 5.0784, 1.5871, 1.2523, 3.224, 4.6496, 1.2523, 3.5013, 2.2494, 3.6248, 1.8188, 0.3183, 0.3273, 3.109, 4.497, 7.7702, 2.3985, 1.4095, 2.2214, 4.7515, 2.0018, 5.8401, 0.1126, 0.2469, 1.3841, 2.9466, 1.1417, 7.2549, 0.0557],
      [0.1992, 6.2757, 14.0684, 18.6043, 8.1407, 5.4694, 10.3057, 23.1835, 10.4444, 20.6044, 8.6864, 13.756, 5.3926, 0.7518, 1.8901, 12.1467, 14.4724, 28.0738, 5.2178, 5.8018, 12.042, 22.9253, 9.4398, 31.4371, 0.8177, 1.1233, 1.1705, 15.9658, 2.8407, 37.3472, 4.9043],
      [0.0565, 0.2031, 0.4392, 0.527, 0.2586, 0.1958, 0.4175, 0.579, 0.1378, 0.5733, 0.2361, 0.3577, 0.2416, 0.0258, 0.093, 0.1236, 0.3011, 0, 0.2382, 0.0885, 0.2188, 0.5617, 0.3733, 0.8143, 0, 0.0206, 0.0322, 0.3748, 0.1525, 0.9142, 0.0063],
      [0.2067, 4.553, 9.0394, 9.5967, 4.9302, 2.5749, 6.2668, 9.0212, 3.4443, 6.9269, 3.247, 7.5963, 4.2832, 0.5461, 0.5969, 5.9841, 8.0552, 19.4617, 4.5502, 2.0907, 5.4944, 13.6263, 3.0004, 15.2123, 0, 0.3351, 3.2917, 8.7022, 2.4008, 13.1091, 0.9993],
      [0, 8.6509, 18.9941, 20.1029, 11.5073, 7.3271, 13.8197, 16.8739, 8.8138, 22.4647, 9.3087, 12.9513, 6.3372, 1.4639, 0.7239, 8.8574, 20.9635, 48.7689, 4.7932, 5.8058, 10.7826, 20.9529, 10.9241, 36.5471, 0.6437, 0.6298, 3.0189, 17.7757, 6.2342, 23.4043, 3.1764],
      [4.2803, 65.678, 212.3751, 200.4383, 106.7881, 58.6594, 281.6896, 414.2292, 167.1653, 326.6116, 102.3549, 124.103, 111.1415, 9.6875, 8.2103, 150.9854, 195.5568, 346.4218, 130.2243, 132.5063, 186.5558, 317.6088, 187.7999, 490.3213, 4.6481, 13.0483, 61.1903, 263.2984, 69.0911, 325.5774, 63.2254],
      [0.1383, 11.3035, 23.7898, 24.4879, 13.551, 9.3336, 15.7277, 20.4127, 10.3753, 25.3514, 9.4426, 12.659, 8.4483, 0.9395, 0.9581, 13.092, 19.881, 45.7192, 10.0266, 6.6065, 14.0286, 23.6117, 9.7551, 31.9159, 0.778, 0.4917, 7.2159, 24.0357, 5.4171, 37.3164, 4.9195],
      [0, 0.8691, 2.4339, 2.1646, 1.237, 1.1877, 1.549, 2.0509, 1.3669, 3.9664, 1.4751, 1.9519, 1.3368, 0.267, 0.2005, 1.7018, 3.2731, 5.7844, 1.5512, 0.691, 1.6564, 1.9618, 1.7057, 2.9119, 0, 0.1043, 0.6966, 1.9009, 0.7219, 6.0764, 0.7131]
    ],
    [
      [0.0742, 4.3691, 15.6251, 13.4738, 6.1136, 3.6209, 8.0359, 10.1862, 3.7721, 10.3055, 5.3362, 9.0015, 4.6938, 1.7282, 0.3497, 9.3153, 15.5977, 12.8984, 8.4473, 4.0315, 5.3071, 13.6857, 5.5989, 13.7236, 0.318, 0.1088, 2.1711, 7.9342, 2.0736, 12.7317, 0.1819],
      [0.0035, 0.2838, 0.8147, 0.7047, 0.45, 0.235, 0.3005, 0.808, 0.4106, 0.8603, 0.2974, 0.4386, 0.1963, 0.0973, 0, 0.5214, 0.7517, 0.707, 0.1697, 0.27, 0.4303, 1.0051, 0.4089, 1.0875, 0.0193, 0.0123, 0, 0.594, 0.0693, 0.9002, 0.0383],
      [0.0021, 0.03, 0.0652, 0.0525, 0.0381, 0.024, 0.0424, 0.0476, 0, 0.0529, 0.0105, 0.0283, 0.0262, 0.0086, 0.0147, 0, 0.0217, 0, 0.0332, 0.0072, 0.0134, 0.0675, 0.0427, 0.0666, 0, 0.0007, 0, 0.0261, 0.0119, 0.0287, 0.0017],
      [0.6229, 22.9975, 61.146, 41.487, 30.6833, 12.6132, 27.5718, 35.322, 15.457, 35.0822, 12.5595, 30.3083, 19.0738, 3.1518, 2.4732, 28.2142, 45.2514, 54.0563, 20.6208, 12.2465, 21.7535, 72.5321, 16.7487, 58.7249, 0, 1.5518, 13.2491, 36.3637, 7.6881, 38.2632, 1.0306],
      [0, 9.0888, 26.8685, 18.2024, 14.999, 7.4405, 12.7318, 14.5711, 7.9611, 21.8468, 7.451, 10.4113, 5.9137, 1.9907, 0.4985, 8.9544, 25.0953, 29.3712, 5.3933, 6.5148, 9.0364, 21.5079, 11.1992, 30.353, 0.3422, 0.1776, 2.639, 15.6064, 4.3316, 14.599, 0.6031],
      [0.1988, 14.5263, 63.6112, 38.4938, 29.3888, 12.5301, 54.9222, 72.6159, 32.1852, 67.7859, 17.3054, 21.1951, 21.6025, 2.6014, 1.2449, 31.6431, 49.1327, 42.8488, 27.3271, 31.476, 32.8602, 69.3981, 41.1966, 84.8254, 0.4879, 0.8995, 10.4734, 49.0188, 9.8831, 42.3468, 2.5028],
      [0.0984, 21.4029, 60.7038, 39.9182, 31.7844, 17.1262, 25.8977, 30.8386, 16.8091, 43.6853, 13.6429, 18.0826, 14.0789, 2.293, 1.3729, 22.7864, 41.8456, 46.9818, 16.4532, 13.1943, 21.1408, 43.1026, 18.1725, 46.3641, 0.8326, 0.243, 10.2764, 37.868, 6.7849, 39.8008, 1.603],
      [0, 0.3017, 1.1654, 0.6676, 0.5428, 0.4101, 0.4977, 0.6106, 0.405, 1.3811, 0.397, 0.5342, 0.4148, 0.129, 0.0462, 0.5653, 1.3039, 1.1364, 0.5553, 0.2597, 0.4583, 0.7009, 0.6325, 0.8549, 0, 0.0063, 0.1911, 0.5889, 0.1574, 1.3296, 0.0386]
    ],
    [
      [0, 15.4518, 29.1854, 41.4595, 13.1059, 11.82, 23.6363, 24.0408, 13.4117, 26.9864, 16.0458, 23.6293, 15.3978, 3.0319, 0.7604, 25.3343, 30.1537, 30.1551, 20.311, 6.5613, 10.8878, 26.0087, 11.5578, 47.6179, 1.1483, 0.6176, 1.8124, 19.2795, 2.5127, 40.0583, 0.3218],
      [0, 2.6961, 4.3061, 5.9915, 2.6117, 2.0847, 3.408, 5.2389, 3.846, 6.0805, 2.3921, 3.3446, 1.8855, 0.1744, 0.3448, 3.7191, 3.8178, 4.3972, 1.4402, 1.2299, 2.3567, 5.1959, 2.3367, 10.2816, 0.3268, 0.2583, 0.1422, 3.9181, 0.2771, 8.4223, 0.1819],
      [0, 0.565, 0.9229, 1.1102, 0.5584, 0.4853, 0.6446, 0.659, 0.9066, 1.1107, 0.5603, 0.5926, 0.4869, 0.0307, 0.0408, 1.0209, 0.6171, 0.5143, 0.3152, 0.1495, 0.3377, 0.7803, 0.4581, 1.6023, 0, 0.0064, 0.0371, 0.6827, 0.0712, 1.9174, 0.0493],
      [0, 2.4799, 3.4948, 3.9043, 1.9996, 1.2463, 2.4802, 2.5557, 1.6479, 2.7398, 1.1386, 2.3656, 1.8914, 0.1586, 0.1176, 2.3139, 2.6773, 3.852, 1.5025, 0.6009, 1.3579, 4.1484, 1.0336, 6.2531, 0, 0.1931, 0.3251, 2.689, 0.2792, 3.6855, 0.0539],
      [0, 15.9976, 24.9928, 27.8005, 15.927, 12.0692, 18.6764, 17.2329, 13.9743, 28.3848, 11.0794, 13.4533, 9.6532, 1.5385, 0.4402, 11.9988, 24.1481, 34.2478, 6.4569, 5.2866, 9.2167, 20.3635, 11.5051, 52.5354, 1.1434, 0.4712, 1.1035, 18.7862, 2.6023, 22.8855, 0.525],
      [0, 11.116, 25.7776, 25.5992, 13.5818, 8.8291, 35.0672, 37.2347, 24.5879, 38.3827, 11.1853, 11.9351, 15.3015, 0.8537, 0.478, 18.3867, 20.5176, 21.6316, 13.9308, 11.1077, 14.5707, 28.6304, 18.4334, 63.8333, 0.662, 1.0305, 1.844, 25.6928, 2.5651, 28.8839, 0.9429],
      [0, 24.1003, 36.1471, 39.0124, 21.5839, 17.7562, 24.2903, 23.2451, 18.8737, 36.3125, 12.9683, 14.9461, 14.6645, 1.116, 0.7923, 19.4366, 25.6351, 34.8008, 12.2773, 6.84, 13.779, 26.0913, 11.9521, 51.239, 1.7195, 0.4097, 2.66, 29.1544, 2.5972, 39.8556, 0.8896],
      [0, 0.5934, 1.1732, 1.1225, 0.6317, 0.7091, 0.7969, 0.7929, 0.7519, 2.0026, 0.6302, 0.7334, 0.7191, 0.0964, 0.026, 0.7896, 1.4333, 1.4011, 0.7662, 0.224, 0.4936, 0.7814, 0.7231, 1.6374, 0, 0.0132, 0.0757, 0.7972, 0.0953, 2.2915, 0.0355]
    ],
    [
      [0.1226, 1.4731, 4.1874, 4.048, 1.7571, 1.3994, 2.2243, 2.5433, 1.328, 2.6172, 1.6089, 3.434, 1.8727, 0.3146, 0.091, 2.8379, 4.2364, 4.0912, 1.6712, 0.7927, 1.823, 2.5983, 1.3156, 3.6397, 0.1123, 0.2786, 0.2621, 1.909, 0.884, 4.8711, 0.23],
      [0.0161, 0.9097, 2.1802, 2.0793, 1.2532, 0.8759, 1.1309, 1.9593, 1.3643, 2.0972, 0.8583, 1.7392, 0.8097, 0.0765, 0.1362, 1.4923, 1.9155, 2.1107, 0.4276, 0.5269, 1.4048, 1.8368, 0.9413, 2.7811, 0.0759, 0.3815, 0.0698, 1.3824, 0.3374, 3.5912, 0.5001],
      [0.0426, 0.8743, 2.1785, 1.7804, 1.2438, 0.9408, 0.9831, 1.1379, 1.5356, 1.7774, 0.9477, 1.4399, 0.9697, 0.0589, 0.0842, 1.9934, 1.4436, 1.2002, 0.4253, 0.3002, 0.9381, 1.2788, 0.8514, 2, 0, 0.0473, 0.0906, 1.1239, 0.4182, 3.8841, 0.6219],
      [0.0991, 2.1186, 4.5075, 3.4371, 2.4363, 1.328, 2.0969, 2.4269, 1.49, 2.4226, 1.0387, 3.1554, 2.0768, 0.1603, 0.1358, 2.3519, 3.3968, 4.6803, 1.1178, 0.6597, 2.0529, 3.763, 1.0714, 4.286, 0, 0.7768, 0.4297, 2.4082, 0.8951, 4.0305, 0.3687],
      [0, 9.9648, 23.4924, 17.874, 14.1341, 9.3685, 11.5187, 11.9577, 9.1739, 18.1158, 7.362, 13.0298, 7.7243, 1.2282, 0.3697, 8.9168, 22.3522, 30.2888, 3.5814, 4.2055, 10.1531, 13.3352, 8.5944, 26.3555, 0.4873, 1.4358, 1.0608, 12.2726, 6.0443, 18.247, 2.6543],
      [0.0123, 0.3247, 1.2763, 0.8554, 0.633, 0.341, 1.1605, 1.3786, 0.8559, 1.3063, 0.3916, 0.6257, 0.6529, 0.0289, 0.0311, 0.7348, 1.0129, 1.0666, 0.4278, 0.464, 0.842, 1.0078, 0.7321, 1.7038, 0.0127, 0.1709, 0.0976, 0.8938, 0.3153, 1.2577, 0.2556],
      [0.7073, 44.0445, 99.5645, 73.5009, 56.1614, 40.475, 43.9099, 47.2641, 36.3432, 67.8239, 25.3023, 42.3577, 34.4648, 2.6773, 2.0435, 42.2305, 69.4683, 90.1768, 19.6721, 15.9842, 44.5446, 50.0386, 26.2023, 75.1707, 2.3118, 3.6995, 7.5537, 55.8268, 17.7819, 92.8997, 13.2828],
      [0, 2.2904, 6.6132, 4.425, 3.3811, 3.2713, 2.9756, 3.3321, 2.9091, 7.8396, 2.4904, 4.2182, 3.4291, 0.4553, 0.1085, 3.4424, 8.1743, 7.3854, 2.6767, 1.0668, 3.2414, 3.1414, 3.2916, 5.0631, 0, 0.2097, 0.4357, 3.1835, 1.3238, 11.2188, 1.0865]
    ]
  ],
  "V_est": [
    [1.3887, 336.0679, 17.9935, 2.2613, 33.4389, 2659.6843, 78.8094, 5.3561],
    [1.1637, 221.4784, 947.6621, 0.5437, 18.7279, 301.8604, 423.5602, 35.0035],
    [251.2901, 201.1009, 269.1724, 446.8029, 989.7209, 207.9933, 8997.0857, 560.8337],
    [81.4708, 353.499, 8.5618, 179.1428, 382.6176, 5131.4713, 441.7296, 53.5072],
    [210.8108, 12.8858, 0.7647, 778.8444, 345.6995, 976.5278, 705.1846, 16.2824],
    [532.3013, 92.7067, 17.2337, 59.186, 434.4964, 532.593, 565.1457, 22.3373],
    [60.5746, 37.2613, 32.6118, 61.2189, 325.2989, 20.87, 1243.4848, 102.6798]
  ],
  "p_est": [
    [0.0004, 0.1072, 0.0057, 0.0007, 0.0107, 0.8484, 0.0251, 0.0017],
    [0.0006, 0.1136, 0.486, 0.0003, 0.0096, 0.1548, 0.2172, 0.018],
    [0.0211, 0.0169, 0.0226, 0.0375, 0.083, 0.0174, 0.7545, 0.047],
    [0.0123, 0.0533, 0.0013, 0.027, 0.0577, 0.7737, 0.0666, 0.0081],
    [0.0692, 0.0042, 0.0003, 0.2556, 0.1135, 0.3205, 0.2314, 0.0053],
    [0.2359, 0.0411, 0.0076, 0.0262, 0.1926, 0.2361, 0.2505, 0.0099],
    [0.0322, 0.0198, 0.0173, 0.0325, 0.1727, 0.0111, 0.66, 0.0545]
  ],
  "EI_Z": {},
  "EI_V": 13.5493,
  "MAE_Z": {},
  "MAE_V": 149.1777,
  "MAE_p": 0.0498,
  "runtime": 0.038
}
