{
  "Z_true": {},
  "V_true": [
    [11, 663, 1226, 255, 16],
    [171, 903, 10091, 1224, 145],
    [117, 151, 656, 16097, 124],
    [733, 48, 526, 679, 51],
    [22, 212, 460, 388, 43],
    [59, 71, 206, 332, 130]
  ],
  "p_true": [
    [0.0051, 0.3054, 0.5647, 0.1175, 0.0074],
    [0.0136, 0.072, 0.8051, 0.0977, 0.0116],
    [0.0068, 0.0088, 0.0383, 0.9389, 0.0072],
    [0.3598, 0.0236, 0.2582, 0.3333, 0.025],
    [0.0196, 0.1884, 0.4089, 0.3449, 0.0382],
    [0.0739, 0.089, 0.2581, 0.416, 0.1629]
  ],
  "Z_est": [
    [
      [12, 6, 0.6227, 0.3341, 0, 3, 0.1844, 0, 2, 7, 7, 0.8772, 0, 3, 0.1325, 0, 1, 0.2511, 0, 0, 4, 3, 3, 2, 3, 2, 1.9996, 1.9999, 1.9999, 3, 3, 2, 1, 2, 0.1757, 0.9831, 3, 3, 4, 0, 0.5076, 4, 3, 3, 0, 2, 2, 1.999, 1, 4, 0, 0.9584, 0, 0.1606, 2, 7, 6],
      [10, 6, 0.1732, 0.2169, 0, 8, 0, 1.327, 1, 7, 24, 0.393, 0, 1, 0.2046, 0, 3.7519e-07, 0.0166, 0, 0, 1, 1, 1, 1, 2, 4.6186e-06, 8.9855e-09, 1.0005, 1.121e-07, 2.312e-09, 1, 1, 2.6961e-09, 9.0443e-16, 0, 2.9581, 5, 3, 3, 0.2727, 0.0877, 2, 6, 2, 0.1237, 1, 1, 1.001, 1, 1, 0, 0.0068, 0, 0.0571, 18, 20, 8],
      [111, 34, 2.3667, 1.6894, 0, 46, 0.3521, 4.8473, 9, 47, 94, 1.9011, 0, 11, 0.3721, 0, 1, 0.5378, 0, 0.3301, 12, 12, 9, 12, 14, 5.0001, 1, 4.0015, 2, 7, 7, 7, 4, 6, 0.24, 4.0555, 28, 18, 23, 0.2138, 1.6072, 28, 29, 12, 0.1383, 8, 7, 5.0019, 3, 18, 0, 1.0695, 0, 0.3919, 53, 79, 41],
      [202, 39, 0.8373, 1.7596, 0, 59, 0.4635, 2.7882, 5, 51, 71, 0.8287, 0, 28, 0.2766, 0, 2, 1.1579, 0, 0.6313, 18, 25, 11, 17, 16, 4, 1.0001, 3.998, 2.0001, 4, 6, 16, 10, 12, 0.5707, 7.0031, 33, 19, 25, 0.5135, 1.7975, 35, 31, 16, 0.7248, 21, 23, 11.9981, 8, 16, 0, 1.9625, 0, 0.3904, 61, 84, 49],
      [3, 1, 0, 0, 0, 1, 0, 0.0375, 7.5204e-07, 1, 2, 0, 0, 3.8291e-19, 0.0141, 0, 1.9229e-08, 0.0366, 0, 0.0387, 6.3209e-13, 1.6544e-19, 1.7997e-10, 1.5029e-09, 1.2708e-08, 3.6705e-08, 0.0003, 0.0001, 3.8143e-06, 5.6868e-11, 1.4824e-06, 5.2214e-13, 8.6014e-09, 1.169e-11, 0.0136, 0.0001, 8.9281e-13, 2.7962e-13, 1.0214e-13, 0, 0, 5.1296e-15, 1, 1.6269e-08, 0.0132, 2.6086e-22, 2.394e-22, 8.3582e-07, 8.3686e-07, 5.8303e-15, 0, 0.0028, 0, 0, 2, 3, 2]
    ],
    [
      [82, 21, 0.8856, 0.796, 0, 6, 0.4671, 0, 5, 28, 14, 1.6042, 0.7455, 6, 1.1718, 0, 6, 2.007, 0.3956, 0, 9, 6, 7, 3, 6, 7, 5.0007, 4.9974, 11, 17, 7, 3, 3, 7, 0.9369, 0.0142, 3, 5, 8, 0, 1.8284, 10, 8, 5, 0, 7, 4, 1.0009, 1, 8, 0.2953, 2.0027, 0, 0.2082, 1, 42, 27],
      [91, 38, 0.5519, 0.8057, 0.4108, 36, 0, 4.4078, 10, 40, 74, 1.408, 0.2953, 12, 2.5369, 0.3118, 4, 0.4776, 0, 0, 11, 10, 9, 9, 12, 8.9999, 8.9999, 9.9976, 5, 10, 9, 8, 4, 5, 0, 7.9956, 21, 13, 24, 1.2163, 0.4987, 12, 28, 8, 1.2727, 6, 10, 6.9993, 3, 15, 0, 2.9904, 0, 0.2301, 40, 122, 59],
      [917, 200, 7.0425, 9.0659, 1.1459, 185, 2.0989, 27.6785, 69, 259, 280, 6.7469, 2.9696, 66, 6.9815, 1.4836, 33, 11.7369, 3.0147, 1.858, 81, 76, 53, 55, 62, 49.0001, 37.9996, 39.0086, 50.0002, 108, 50, 38, 33, 60, 2.5946, 18.9446, 96, 63, 127, 1.0448, 10.5607, 114, 133, 39, 1.3612, 59, 74, 31.002, 39, 117, 1.3084, 17.0592, 0.1659, 1.2164, 108, 517, 275],
      [1673, 232, 2.52, 11.3325, 1.4432, 238, 2.434, 18.6529, 41, 282, 212, 3.2408, 4.7729, 164, 3.9509, 2.2045, 75, 14.8152, 4.5897, 3.7924, 123, 152, 63, 78, 74, 39, 41.9996, 32.9957, 40.9998, 74, 40, 79, 83, 118, 5.281, 31.0448, 113, 65, 139, 2.7389, 11.1123, 144, 143, 51, 7.2143, 149, 225, 66.9968, 93, 102, 3.3963, 27.9267, 0.8341, 1.3453, 124, 551, 327],
      [24, 11, 0, 0, 0, 4, 0, 0.2608, 4, 10, 8, 0, 0.2167, 1, 0.3589, 0, 1, 0.9634, 0, 0.3496, 4, 2, 3, 2, 2, 2.5365e-06, 3.0001, 0.0007, 1, 3, 2, 7.6228e-09, 2, 4, 0.1876, 1.0008, 2, 2, 5, 0, 0, 1, 7, 1.2275e-08, 0.1517, 3, 2, 0.0009, 1.1654e-06, 3, 0, 1.021, 0, 0, 4, 22, 19]
    ],
    [
      [143, 20, 0.3543, 0.7261, 0, 6, 0.3485, 0, 2, 27, 10, 1.067, 1.1126, 15, 0.5454, 0, 10, 1.5247, 0.351, 0, 14, 13, 6, 4, 5, 3.9999, 3.9997, 2.9993, 8.0001, 9, 4, 5, 7, 12, 2.3771, 0.002, 3, 5, 7, 0, 1.3345, 13, 6, 4, 0, 18, 10, 2.9995, 3, 8, 0.6206, 1.0121, 0, 0.3882, 1, 40, 31],
      [155, 36, 0.227, 0.8305, 0.4724, 45, 0, 1.9874, 4, 43, 52, 0.845, 0.6081, 22, 0.9772, 0.635, 5, 0.4551, 0, 0, 15, 18, 10, 12, 14, 8, 6.0003, 6.9998, 2.9999, 8, 9, 15, 7, 10, 0, 8.9946, 22, 10, 21, 1.3537, 0.3067, 15, 26, 9, 1.7538, 13, 20, 9.9982, 6, 11, 0, 1.9876, 0, 0.4272, 37, 116, 64],
      [1608, 197, 3.2225, 10.22, 1.478, 245, 1.549, 13.7232, 36, 262, 203, 4.6541, 5.8049, 161, 3.3201, 3.147, 66, 15.4011, 2.7528, 3.5119, 123, 174, 51, 83, 71, 33.9999, 37.9995, 32.9895, 44.9999, 65, 39, 77, 91, 120, 5.3705, 25.9812, 119, 65, 121, 1.4778, 8.3721, 174, 124, 45, 2.2828, 153, 180, 60.9974, 87, 112, 3.2013, 22.8267, 1.4674, 2.7802, 110, 497, 316],
      [2929, 225, 1.1963, 14.2234, 2.0496, 310, 2.1025, 10.1911, 20, 286, 153, 2.4339, 9.9994, 389, 1.987, 5.218, 142, 20.8167, 4.8962, 7.9664, 186, 344, 61, 116, 84, 27.0002, 40.0012, 26.0112, 35.0001, 44, 30, 161, 224, 233, 11.7881, 39.0224, 137, 65, 131, 4.1685, 10.9867, 215, 131, 57, 13.6513, 386, 542, 129.0053, 210, 96, 9.1781, 32.177, 8.5326, 3.4045, 124, 529, 372],
      [43, 10, 0, 0, 0, 6, 0, 0.0983, 2, 10, 5, 0, 0.4749, 4, 0.1704, 0, 2, 0.8024, 0, 0.5217, 6, 5, 3, 3, 2, 0, 2.9993, 0.0002, 1, 2, 1, 1, 5, 9, 0.4643, 0.9998, 3, 2, 4, 0, 0, 2, 6, 2.4079e-07, 0.3121, 8, 7, 0.9996, 1, 3, 0, 0.9966, 0, 0, 4, 21, 21]
    ],
    [
      [15, 3, 0.1373, 0.0705, 0, 1.1559e-26, 0, 0, 1.404e-08, 4, 1, 0.3072, 0.0995, 1, 0.0781, 0, 1, 0.2096, 0.2022, 0, 2, 1, 1, 1.5055e-09, 2.7779e-08, 1.0001, 0.9996, 0.0017, 2.9999, 3, 1, 2.3545e-08, 1.0901e-09, 1, 0.4295, 0, 4.7474e-13, 1, 1, 0, 0.1293, 1, 8.0168e-13, 2.6413e-07, 0, 2, 2.8255e-23, 0, 1.1912e-06, 1, 0.0565, 0.0056, 0, 0.1511, 1.3471e-11, 4, 4],
      [16, 5, 0.0479, 0.0459, 0, 3, 0, 0, 1, 6, 6, 0.207, 0.0427, 1, 0.1061, 0, 9.0969e-06, 0.0387, 0, 0, 2, 1, 2, 5.2155e-10, 1, 2.0001, 0.9997, 1.0001, 1, 1, 1, 2, 2.6524e-08, 3.8968e-12, 0, 0.0034, 2, 2, 2, 0.1573, 0.0305, 2, 3, 1.864e-08, 0.3465, 1, 1, 0.0009, 4.7427e-06, 2, 0, 0.005, 0, 0.1237, 2, 11, 8],
      [170, 31, 1.3683, 0.8463, 0, 17, 0, 0, 8, 45, 26, 1.6263, 0.681, 11, 0.4986, 0, 8, 2.943, 1.4772, 0, 19, 20, 15, 9, 11, 11.9999, 8.0012, 5.9982, 18.0001, 22, 11, 12, 9, 16, 1.2671, 1.0021, 13, 15, 17, 0.2637, 0.9971, 22, 18, 5, 0.4787, 18, 12, 4.9991, 5, 25, 0.2251, 1.0135, 0.1837, 1.3331, 6, 51, 42],
      [309, 36, 0.4464, 1.0373, 0, 21, 0, 0, 7, 48, 21, 0.8595, 1.1518, 27, 0.3115, 0, 19, 3.6864, 2.3206, 0, 29, 40, 15, 10, 13, 9, 9.9995, 5.9999, 13.9999, 16, 9, 22, 22, 26, 2.2521, 2.9943, 16, 15, 19, 0.5791, 0.8431, 30, 20, 7, 3.1241, 46, 36, 11.9994, 16, 20, 0.7185, 2.9709, 0.8163, 1.392, 7, 54, 53],
      [4, 1, 0, 0, 0, 8.2465e-27, 0, 0, 1.3696e-06, 1, 2.7039e-24, 0, 0.025, 1.8469e-22, 0.0058, 0, 1.7553e-06, 0.1223, 0, 0, 1, 6.2349e-21, 5.032e-10, 1.6358e-09, 1.2283e-08, 1.41e-08, 2.4601e-07, 0.0001, 3.5063e-07, 8.0161e-10, 8.6041e-09, 7.5575e-09, 8.2446e-09, 1, 0.0513, 0.0001, 4.6666e-13, 5.9392e-13, 6.2261e-14, 0, 0, 5.1274e-15, 1.6034e-12, 1.707e-10, 0.0507, 2.4785e-15, 2.5726e-22, 0.0005, 4.4014e-07, 2.6823e-15, 0, 0.005, 0, 0, 6.6908e-14, 2, 2]
    ],
    [
      [3, 1, 0, 0, 0, 1.4937e-26, 0, 0, 1.0372e-06, 1, 1, 0, 0.0229, 1, 0, 0, 0, 0, 0.0191, 0, 3.9007e-15, 8.7111e-20, 5.2715e-10, 2.2787e-10, 7.598e-10, 0, 0.0001, 0.0002, 0.0001, 7.7959e-10, 2.5091e-08, 7.6307e-09, 8.3918e-11, 5.5919e-18, 0.0425, 0.0002, 6.2487e-13, 7.1587e-13, 3.5713e-13, 0, 0.0879, 1, 1.4961e-17, 1.1828e-08, 0, 2.4785e-15, 2.226e-22, 0.0005, 1.6964e-06, 8.4387e-16, 0, 0.0201, 0, 0.0919, 9.6496e-15, 5, 4],
      [3, 2, 0, 0, 0.1168, 3, 0, 0.1725, 6.2198e-07, 2, 9, 0, 0.0375, 1, 0, 0, 0, 0, 0, 0, 2.3067e-13, 3.1751e-20, 5.1582e-10, 4.394e-09, 2, 0, 0.0001, 0.0018, 0.0001, 1.5749e-09, 7.4634e-07, 4.0457e-08, 2.7464e-11, 3.8977e-12, 0, 1.03, 2, 1.5448e-12, 1, 0, 0.0394, 1, 3, 1, 0.4569, 2.4785e-15, 9.1498e-22, 0.0005, 1.6473e-06, 2.7264e-14, 0, 0.0082, 0, 0.1619, 5, 14, 8],
      [39, 13, 0, 0, 0.376, 17, 0, 1.293, 2, 17, 38, 0, 0.3074, 10, 0, 0, 0, 0, 0.3724, 0.3001, 8, 7, 5, 7, 11, 6, 0.9996, 0.9999, 3.9999, 5, 5, 4, 1, 6, 0.2781, 2.9986, 12, 5, 9, 0, 0.4075, 16, 17, 6, 0.6081, 3, 4, 3.9995, 3, 5, 0, 0.0221, 0, 1.2784, 16, 63, 42],
      [73, 18, 0, 0, 0.5072, 24, 0, 1.4716, 2, 20, 30, 0, 0.5959, 27, 0, 0, 0, 0, 0.6085, 0.6099, 15, 16, 7, 11, 15, 5, 1.9996, 2.9966, 5.9999, 5, 5, 8, 4, 14, 0.6222, 5.9548, 15, 7, 11, 0, 0.4652, 22, 19, 10, 2.7735, 10, 16, 9, 11, 7, 0, 1.9472, 0, 1.4678, 21, 69, 50],
      [1, 1, 0, 0, 0, 1, 0, 0.0629, 4.6739e-09, 1, 2, 0, 0.0362, 3.2123e-22, 0, 0, 0, 0, 0, 0.09, 1.1642e-14, 1, 8.7482e-12, 4.606e-10, 2.4926e-08, 2.518e-08, 0.0007, 0.0015, 2.4307e-07, 4.1095e-11, 1, 1.8153e-11, 1, 3.5229e-17, 0.0573, 0.0164, 1, 1, 1, 0, 0, 1, 2, 2.9341e-08, 0.1615, 6.5653e-22, 1.116e-21, 0.9995, 1.4294e-06, 5.3085e-14, 0, 0.0024, 0, 0, 1, 2, 5]
    ],
    [
      [4, 1, 0, 0.0733, 0, 1.1742e-26, 0, 0, 2.8837e-09, 1, 1, 0.1444, 0.0195, 1.9157e-19, 0.0723, 0, 1.2289e-06, 0.0076, 0.0322, 0, 6.0329e-13, 9.8054e-20, 9.3486e-10, 1.4172e-09, 1.3672e-08, 0, 0.0003, 0.0015, 4.1391e-06, 1.2333e-10, 2.4191e-08, 8.5256e-09, 4.9871e-10, 4.642e-17, 0.0383, 0.0004, 6.337e-15, 9.4606e-14, 3.0496e-13, 0, 0.1123, 5.1768e-15, 3.3253e-22, 2.7374e-07, 0, 1.2393e-15, 2.2135e-22, 4.2738e-07, 1.9486e-06, 2.9271e-14, 0.0276, 0.0011, 0, 0, 3.9624e-16, 3, 2],
      [4, 2, 0, 0.101, 0, 2, 0, 0.1054, 6.3011e-07, 2, 5, 0.1469, 0.0164, 7.655e-19, 0.1753, 0.0532, 5.5771e-07, 0.012, 0, 0, 2.9156e-14, 2.863e-20, 3.2493e-11, 6.8325e-10, 1.2975e-08, 0, 6.7938e-06, 0.0001, 6.4184e-07, 9.4631e-10, 9.5271e-08, 3.0276e-08, 5.8258e-10, 7.7935e-12, 0, 0.0183, 2.3396e-13, 7.0861e-13, 2.3431e-13, 0, 0.037, 1.0933e-17, 2, 1.951e-08, 0.0463, 7.3383e-24, 4.4303e-22, 3.5428e-06, 1.891e-06, 5.8725e-14, 0, 0.002, 0, 0, 1, 8, 4],
      [49, 12, 0, 1.1785, 0, 11, 0, 1.4579, 6, 18, 20, 1.0716, 0.2371, 3, 0.8277, 0.3694, 1, 0.3812, 0.3828, 0, 8, 5, 3, 5, 2, 2.0001, 3.0001, 2.0022, 2.9999, 5, 4, 3, 3, 5, 0.2498, 2.018, 3, 4, 5, 0, 1.0554, 5, 11, 3, 0.1309, 2, 3, 0.0001, 1, 4, 0.2652, 0.009, 0.183, 0, 5, 37, 20],
      [91, 14, 0, 1.6472, 0, 15, 0, 0.8963, 3, 19, 15, 0.6371, 0.4799, 7, 0.474, 0.5774, 4, 0.5238, 0.585, 0, 12, 10, 5, 7, 2, 2.9999, 4, 0.9986, 2.0001, 3, 3, 9, 8, 10, 0.4858, 3.9805, 3, 4, 5, 0, 0.7953, 7, 12, 4, 0.5121, 7, 10, 1.0004, 2, 4, 0.7072, 1.0156, 0.817, 0, 6, 39, 24],
      [3, 3, 0, 0, 0, 2, 0, 0.5404, 3, 3, 2, 0, 0.2471, 2, 0.4508, 0, 2, 0.0754, 0, 0, 3, 2, 2, 3, 2, 1, 2.9995, 1.9976, 1.9999, 2, 2, 1, 1, 2, 0.226, 1.9828, 2, 2, 2, 0, 0, 2, 2, 2, 0.3108, 2, 2, 0.9995, 1, 2, 0, 0.9722, 0, 0, 2, 3, 2]
    ]
  ],
  "V_est": [
    [126.1859, 143.8391, 827.1161, 1057.7019, 16.157],
    [407.3574, 818.4063, 4729.0894, 6413.6347, 165.5123],
    [494.7627, 905.8595, 6128.5307, 9405.0076, 210.8396],
    [54.8778, 90.1556, 774.2033, 1105.5025, 12.2608],
    [17.2854, 59.0256, 420.2408, 604.0199, 24.4283],
    [12.5309, 30.7139, 285.8198, 389.1334, 79.802]
  ],
  "p_est": [
    [0.0581, 0.0663, 0.381, 0.4872, 0.0074],
    [0.0325, 0.0653, 0.3773, 0.5117, 0.0132],
    [0.0289, 0.0528, 0.3575, 0.5486, 0.0123],
    [0.0269, 0.0443, 0.3801, 0.5427, 0.006],
    [0.0154, 0.0525, 0.3735, 0.5369, 0.0217],
    [0.0157, 0.0385, 0.3582, 0.4876, 0.1]
  ],
  "EI_Z": {},
  "EI_V": 39.4481,
  "MAE_Z": {},
  "MAE_V": 941.7584,
  "MAE_p": 0.1309,
  "runtime": 0.5027
}
