{
  "Z_true": {},
  "V_true": [
    [632, 198, 2095, 314, 68],
    [17, 3179, 224, 1303, 139],
    [102, 2047, 755, 10156, 618],
    [261, 211, 3797, 226, 160],
    [145, 177, 640, 447, 363],
    [29, 78, 451, 286, 400],
    [37, 322, 131, 566, 475]
  ],
  "p_true": [
    [0.1911, 0.0599, 0.6335, 0.095, 0.0206],
    [0.0035, 0.6538, 0.0461, 0.268, 0.0286],
    [0.0075, 0.1497, 0.0552, 0.7425, 0.0452],
    [0.0561, 0.0453, 0.8157, 0.0485, 0.0344],
    [0.0818, 0.0999, 0.3612, 0.2523, 0.2049],
    [0.0233, 0.0627, 0.3625, 0.2299, 0.3215],
    [0.0242, 0.2103, 0.0856, 0.3697, 0.3103]
  ],
  "Z_est": [
    [
      [13.7982, 7.3515, 9.7266, 4.8633, 2.6013, 18.2091, 9.9528, 0.9048, 0.1131, 0.1131, 0.6786, 8.0301, 6.1074, 1.131, 5.2026, 13.1196, 2.9406, 32.0073, 2.4882, 14.2506, 1.5834, 0.5655, 1.131, 4.1847, 4.7502, 12.8934, 1.2441, 14.2506, 19.1139, 11.9886, 9.3873, 3.8454, 3.7323, 2.6013, 5.5419, 3.393, 1.4703, 4.6371, 2.262, 1.2441, 1.6965, 2.3751, 10.8576, 6.2205, 0.1131, 22.8462, 3.2799, 53.3832, 9.8397],
      [11.4558, 6.1035, 8.0754, 4.0377, 2.1597, 15.1179, 8.2632, 0.7512, 0.0939, 0.0939, 0.5634, 6.6669, 5.0706, 0.939, 4.3194, 10.8924, 2.4414, 26.5737, 2.0658, 11.8314, 1.3146, 0.4695, 0.939, 3.4743, 3.9438, 10.7046, 1.0329, 11.8314, 15.8691, 9.9534, 7.7937, 3.1926, 3.0987, 2.1597, 4.6011, 2.817, 1.2207, 3.8499, 1.878, 1.0329, 1.4085, 1.9719, 9.0144, 5.1645, 0.0939, 18.9678, 2.7231, 44.3208, 8.1693],
      [84.119, 44.8175, 59.297, 29.6485, 15.8585, 111.0095, 60.676, 5.516, 0.6895, 0.6895, 4.137, 48.9545, 37.233, 6.895, 31.717, 79.982, 17.927, 195.1285, 15.169, 86.877, 9.653, 3.4475, 6.895, 25.5115, 28.959, 78.603, 7.5845, 86.877, 116.5255, 73.087, 57.2285, 23.443, 22.7535, 15.8585, 33.7855, 20.685, 8.9635, 28.2695, 13.79, 7.5845, 10.3425, 14.4795, 66.192, 37.9225, 0.6895, 139.279, 19.9955, 325.444, 59.9865],
      [6.1366, 3.2695, 4.3258, 2.1629, 1.1569, 8.0983, 4.4264, 0.4024, 0.0503, 0.0503, 0.3018, 3.5713, 2.7162, 0.503, 2.3138, 5.8348, 1.3078, 14.2349, 1.1066, 6.3378, 0.7042, 0.2515, 0.503, 1.8611, 2.1126, 5.7342, 0.5533, 6.3378, 8.5007, 5.3318, 4.1749, 1.7102, 1.6599, 1.1569, 2.4647, 1.509, 0.6539, 2.0623, 1.006, 0.5533, 0.7545, 1.0563, 4.8288, 2.7665, 0.0503, 10.1606, 1.4587, 23.7416, 4.3761],
      [6.4782, 3.4515, 4.5666, 2.2833, 1.2213, 8.5491, 4.6728, 0.4248, 0.0531, 0.0531, 0.3186, 3.7701, 2.8674, 0.531, 2.4426, 6.1596, 1.3806, 15.0273, 1.1682, 6.6906, 0.7434, 0.2655, 0.531, 1.9647, 2.2302, 6.0534, 0.5841, 6.6906, 8.9739, 5.6286, 4.4073, 1.8054, 1.7523, 1.2213, 2.6019, 1.593, 0.6903, 2.1771, 1.062, 0.5841, 0.7965, 1.1151, 5.0976, 2.9205, 0.0531, 10.7262, 1.5399, 25.0632, 4.6197]
    ],
    [
      [3.6784, 1.0032, 4.56, 1.8848, 0.5776, 4.8032, 3.5264, 1.0336, 0.152, 0.152, 1.1552, 8.2384, 4.712, 1.4592, 4.56, 6.5056, 1.9152, 4.7424, 1.3376, 2.3104, 0.6992, 0.1824, 0.5168, 1.7328, 0.2432, 4.1952, 0.4256, 4.0736, 5.8672, 3.192, 1.1552, 1.4592, 0.5472, 2.0064, 5.4416, 2.28, 0.1216, 7.6, 1.1248, 1.368, 2.2192, 1.4896, 4.5296, 2.1584, 0.1216, 5.776, 1.5504, 23.2864, 4.1344],
      [92.6981, 25.2813, 114.915, 47.4982, 14.5559, 121.0438, 88.8676, 26.0474, 3.8305, 3.8305, 29.1118, 207.6131, 118.7455, 36.7728, 114.915, 163.9454, 48.2643, 119.5116, 33.7084, 58.2236, 17.6203, 4.5966, 13.0237, 43.6677, 6.1288, 105.7218, 10.7254, 102.6574, 147.8573, 80.4405, 29.1118, 36.7728, 13.7898, 50.5626, 137.1319, 57.4575, 3.0644, 191.525, 28.3457, 34.4745, 55.9253, 37.5389, 114.1489, 54.3931, 3.0644, 145.559, 39.0711, 586.8326, 104.1896],
      [7.8529, 2.1417, 9.735, 4.0238, 1.2331, 10.2542, 7.5284, 2.2066, 0.3245, 0.3245, 2.4662, 17.5879, 10.0595, 3.1152, 9.735, 13.8886, 4.0887, 10.1244, 2.8556, 4.9324, 1.4927, 0.3894, 1.1033, 3.6993, 0.5192, 8.9562, 0.9086, 8.6966, 12.5257, 6.8145, 2.4662, 3.1152, 1.1682, 4.2834, 11.6171, 4.8675, 0.2596, 16.225, 2.4013, 2.9205, 4.7377, 3.1801, 9.6701, 4.6079, 0.2596, 12.331, 3.3099, 49.7134, 8.8264],
      [10.5028, 2.8644, 13.02, 5.3816, 1.6492, 13.7144, 10.0688, 2.9512, 0.434, 0.434, 3.2984, 23.5228, 13.454, 4.1664, 13.02, 18.5752, 5.4684, 13.5408, 3.8192, 6.5968, 1.9964, 0.5208, 1.4756, 4.9476, 0.6944, 11.9784, 1.2152, 11.6312, 16.7524, 9.114, 3.2984, 4.1664, 1.5624, 5.7288, 15.5372, 6.51, 0.3472, 21.7, 3.2116, 3.906, 6.3364, 4.2532, 12.9332, 6.1628, 0.3472, 16.492, 4.4268, 66.4888, 11.8048],
      [6.2799, 1.7127, 7.785, 3.2178, 0.9861, 8.2002, 6.0204, 1.7646, 0.2595, 0.2595, 1.9722, 14.0649, 8.0445, 2.4912, 7.785, 11.1066, 3.2697, 8.0964, 2.2836, 3.9444, 1.1937, 0.3114, 0.8823, 2.9583, 0.4152, 7.1622, 0.7266, 6.9546, 10.0167, 5.4495, 1.9722, 2.4912, 0.9342, 3.4254, 9.2901, 3.8925, 0.2076, 12.975, 1.9203, 2.3355, 3.7887, 2.5431, 7.7331, 3.6849, 0.2076, 9.861, 2.6469, 39.7554, 7.0584]
    ],
    [
      [5.5223, 2.3828, 5.4096, 2.8497, 0.7567, 8.5652, 4.3792, 0.9821, 0.0805, 0.0805, 0.6601, 9.7888, 8.7906, 2.6887, 7.2933, 10.0464, 2.9785, 9.2575, 2.7531, 4.3631, 0.6118, 0.1932, 0.644, 2.5921, 0.9499, 13.0893, 2.4633, 9.5634, 7.406, 4.7012, 2.0125, 2.3667, 1.1109, 2.8658, 4.7334, 2.5599, 0.0805, 5.7316, 1.9481, 1.4007, 3.0107, 2.5116, 8.1788, 5.1198, 1.9803, 8.4686, 2.3184, 26.9192, 5.0554],
      [30.1154, 12.9944, 29.5008, 15.5406, 4.1266, 46.7096, 23.8816, 5.3558, 0.439, 0.439, 3.5998, 53.3824, 47.9388, 14.6626, 39.7734, 54.7872, 16.243, 50.485, 15.0138, 23.7938, 3.3364, 1.0536, 3.512, 14.1358, 5.1802, 71.3814, 13.4334, 52.1532, 40.388, 25.6376, 10.975, 12.9066, 6.0582, 15.6284, 25.8132, 13.9602, 0.439, 31.2568, 10.6238, 7.6386, 16.4186, 13.6968, 44.6024, 27.9204, 10.7994, 46.1828, 12.6432, 146.8016, 27.5692],
      [12.4509, 5.3724, 12.1968, 6.4251, 1.7061, 19.3116, 9.8736, 2.2143, 0.1815, 0.1815, 1.4883, 22.0704, 19.8198, 6.0621, 16.4439, 22.6512, 6.7155, 20.8725, 6.2073, 9.8373, 1.3794, 0.4356, 1.452, 5.8443, 2.1417, 29.5119, 5.5539, 21.5622, 16.698, 10.5996, 4.5375, 5.3361, 2.5047, 6.4614, 10.6722, 5.7717, 0.1815, 12.9228, 4.3923, 3.1581, 6.7881, 5.6628, 18.4404, 11.5434, 4.4649, 19.0938, 5.2272, 60.6936, 11.3982],
      [287.6055, 124.098, 281.736, 148.4145, 39.4095, 446.082, 228.072, 51.1485, 4.1925, 4.1925, 34.3785, 509.808, 457.821, 140.0295, 379.8405, 523.224, 155.1225, 482.1375, 143.3835, 227.2335, 31.863, 10.062, 33.54, 134.9985, 49.4715, 681.7005, 128.2905, 498.069, 385.71, 244.842, 104.8125, 123.2595, 57.8565, 149.253, 246.519, 133.3215, 4.1925, 298.506, 101.4585, 72.9495, 156.7995, 130.806, 425.958, 266.643, 103.1355, 441.051, 120.744, 1401.972, 263.289],
      [7.3402, 3.1672, 7.1904, 3.7878, 1.0058, 11.3848, 5.8208, 1.3054, 0.107, 0.107, 0.8774, 13.0112, 11.6844, 3.5738, 9.6942, 13.3536, 3.959, 12.305, 3.6594, 5.7994, 0.8132, 0.2568, 0.856, 3.4454, 1.2626, 17.3982, 3.2742, 12.7116, 9.844, 6.2488, 2.675, 3.1458, 1.4766, 3.8092, 6.2916, 3.4026, 0.107, 7.6184, 2.5894, 1.8618, 4.0018, 3.3384, 10.8712, 6.8052, 2.6322, 11.2564, 3.0816, 35.7808, 6.7196]
    ],
    [
      [6.3368, 4.1296, 2.0648, 2.3852, 0.9968, 6.1588, 4.6636, 0.7476, 0.2848, 0.1424, 0.356, 5.0908, 1.78, 0.4984, 2.492, 4.5212, 1.4596, 12.104, 1.2816, 6.1588, 0.2848, 0.2492, 0.4272, 0.9968, 2.136, 6.8708, 2.5632, 6.7284, 6.052, 5.34, 3.8804, 1.9224, 2.1004, 0.8544, 2.7056, 1.958, 0.2136, 2.9904, 0.7476, 0.6052, 1.9936, 0.9968, 5.696, 3.6668, 2.3496, 7.9032, 1.9936, 24.7064, 3.1328],
      [8.4906, 5.5332, 2.7666, 3.1959, 1.3356, 8.2521, 6.2487, 1.0017, 0.3816, 0.1908, 0.477, 6.8211, 2.385, 0.6678, 3.339, 6.0579, 1.9557, 16.218, 1.7172, 8.2521, 0.3816, 0.3339, 0.5724, 1.3356, 2.862, 9.2061, 3.4344, 9.0153, 8.109, 7.155, 5.1993, 2.5758, 2.8143, 1.1448, 3.6252, 2.6235, 0.2862, 4.0068, 1.0017, 0.8109, 2.6712, 1.3356, 7.632, 4.9131, 3.1482, 10.5894, 2.6712, 33.1038, 4.1976],
      [145.515, 94.83, 47.415, 54.7725, 22.89, 141.4275, 107.0925, 17.1675, 6.54, 3.27, 8.175, 116.9025, 40.875, 11.445, 57.225, 103.8225, 33.5175, 277.95, 29.43, 141.4275, 6.54, 5.7225, 9.81, 22.89, 49.05, 157.7775, 58.86, 154.5075, 138.975, 122.625, 89.1075, 44.145, 48.2325, 19.62, 62.13, 44.9625, 4.905, 68.67, 17.1675, 13.8975, 45.78, 22.89, 130.8, 84.2025, 53.955, 181.485, 45.78, 567.345, 71.94],
      [9.1848, 5.9856, 2.9928, 3.4572, 1.4448, 8.9268, 6.7596, 1.0836, 0.4128, 0.2064, 0.516, 7.3788, 2.58, 0.7224, 3.612, 6.5532, 2.1156, 17.544, 1.8576, 8.9268, 0.4128, 0.3612, 0.6192, 1.4448, 3.096, 9.9588, 3.7152, 9.7524, 8.772, 7.74, 5.6244, 2.7864, 3.0444, 1.2384, 3.9216, 2.838, 0.3096, 4.3344, 1.0836, 0.8772, 2.8896, 1.4448, 8.256, 5.3148, 3.4056, 11.4552, 2.8896, 35.8104, 4.5408],
      [8.4906, 5.5332, 2.7666, 3.1959, 1.3356, 8.2521, 6.2487, 1.0017, 0.3816, 0.1908, 0.477, 6.8211, 2.385, 0.6678, 3.339, 6.0579, 1.9557, 16.218, 1.7172, 8.2521, 0.3816, 0.3339, 0.5724, 1.3356, 2.862, 9.2061, 3.4344, 9.0153, 8.109, 7.155, 5.1993, 2.5758, 2.8143, 1.1448, 3.6252, 2.6235, 0.2862, 4.0068, 1.0017, 0.8109, 2.6712, 1.3356, 7.632, 4.9131, 3.1482, 10.5894, 2.6712, 33.1038, 4.1976]
    ],
    [
      [1.75, 1.875, 1.875, 1.3125, 0.25, 3.875, 1.6875, 1.5, 0.1875, 0.3125, 1.5, 1.375, 2.375, 0.4375, 2, 1.8125, 0.5, 5.25, 1.1875, 3.25, 0.3125, 0.0625, 0.25, 0.5, 0.8125, 10.125, 2.125, 6.375, 2.0625, 2.3125, 1.375, 0.875, 0.375, 2.5, 3.9375, 2.5625, 0.125, 6.125, 1.1875, 0.9375, 2.5, 1.6875, 3.4375, 3.4375, 1.6875, 4.9375, 2.0625, 10.875, 0.875],
      [3.7436, 4.011, 4.011, 2.8077, 0.5348, 8.2894, 3.6099, 3.2088, 0.4011, 0.6685, 3.2088, 2.9414, 5.0806, 0.9359, 4.2784, 3.8773, 1.0696, 11.2308, 2.5403, 6.9524, 0.6685, 0.1337, 0.5348, 1.0696, 1.7381, 21.6594, 4.5458, 13.6374, 4.4121, 4.9469, 2.9414, 1.8718, 0.8022, 5.348, 8.4231, 5.4817, 0.2674, 13.1026, 2.5403, 2.0055, 5.348, 3.6099, 7.3535, 7.3535, 3.6099, 10.5623, 4.4121, 23.2638, 1.8718],
      [7.8232, 8.382, 8.382, 5.8674, 1.1176, 17.3228, 7.5438, 6.7056, 0.8382, 1.397, 6.7056, 6.1468, 10.6172, 1.9558, 8.9408, 8.1026, 2.2352, 23.4696, 5.3086, 14.5288, 1.397, 0.2794, 1.1176, 2.2352, 3.6322, 45.2628, 9.4996, 28.4988, 9.2202, 10.3378, 6.1468, 3.9116, 1.6764, 11.176, 17.6022, 11.4554, 0.5588, 27.3812, 5.3086, 4.191, 11.176, 7.5438, 15.367, 15.367, 7.5438, 22.0726, 9.2202, 48.6156, 3.9116],
      [6.3896, 6.846, 6.846, 4.7922, 0.9128, 14.1484, 6.1614, 5.4768, 0.6846, 1.141, 5.4768, 5.0204, 8.6716, 1.5974, 7.3024, 6.6178, 1.8256, 19.1688, 4.3358, 11.8664, 1.141, 0.2282, 0.9128, 1.8256, 2.9666, 36.9684, 7.7588, 23.2764, 7.5306, 8.4434, 5.0204, 3.1948, 1.3692, 9.128, 14.3766, 9.3562, 0.4564, 22.3636, 4.3358, 3.423, 9.128, 6.1614, 12.551, 12.551, 6.1614, 18.0278, 7.5306, 39.7068, 3.1948],
      [8.2964, 8.889, 8.889, 6.2223, 1.1852, 18.3706, 8.0001, 7.1112, 0.8889, 1.4815, 7.1112, 6.5186, 11.2594, 2.0741, 9.4816, 8.5927, 2.3704, 24.8892, 5.6297, 15.4076, 1.4815, 0.2963, 1.1852, 2.3704, 3.8519, 48.0006, 10.0742, 30.2226, 9.7779, 10.9631, 6.5186, 4.1482, 1.7778, 11.852, 18.6669, 12.1483, 0.5926, 29.0374, 5.6297, 4.4445, 11.852, 8.0001, 16.2965, 16.2965, 8.0001, 23.4077, 9.7779, 51.5562, 4.1482]
    ],
    [
      [4.1656, 2.4384, 2.4384, 1.7272, 0.3048, 3.7592, 4.8768, 0.9144, 0, 0.2032, 0.7112, 3.3528, 2.7432, 0.9144, 1.6256, 3.2512, 1.016, 7.112, 1.7272, 2.8448, 0.508, 0, 0.3048, 1.7272, 0.508, 8.3312, 2.2352, 7.4168, 3.556, 2.7432, 1.6256, 1.7272, 0.8128, 1.8288, 4.3688, 1.8288, 0, 3.556, 1.016, 1.016, 3.048, 1.016, 3.9624, 2.9464, 1.016, 4.3688, 1.7272, 16.5608, 0.508],
      [6.56, 3.84, 3.84, 2.72, 0.48, 5.92, 7.68, 1.44, 0, 0.32, 1.12, 5.28, 4.32, 1.44, 2.56, 5.12, 1.6, 11.2, 2.72, 4.48, 0.8, 0, 0.48, 2.72, 0.8, 13.12, 3.52, 11.68, 5.6, 4.32, 2.56, 2.72, 1.28, 2.88, 6.88, 2.88, 0, 5.6, 1.6, 1.6, 4.8, 1.6, 6.24, 4.64, 1.6, 6.88, 2.72, 26.08, 0.8],
      [12.6034, 7.3776, 7.3776, 5.2258, 0.9222, 11.3738, 14.7552, 2.7666, 0, 0.6148, 2.1518, 10.1442, 8.2998, 2.7666, 4.9184, 9.8368, 3.074, 21.518, 5.2258, 8.6072, 1.537, 0, 0.9222, 5.2258, 1.537, 25.2068, 6.7628, 22.4402, 10.759, 8.2998, 4.9184, 5.2258, 2.4592, 5.5332, 13.2182, 5.5332, 0, 10.759, 3.074, 3.074, 9.222, 3.074, 11.9886, 8.9146, 3.074, 13.2182, 5.2258, 50.1062, 1.537],
      [8.1385, 4.764, 4.764, 3.3745, 0.5955, 7.3445, 9.528, 1.7865, 0, 0.397, 1.3895, 6.5505, 5.3595, 1.7865, 3.176, 6.352, 1.985, 13.895, 3.3745, 5.558, 0.9925, 0, 0.5955, 3.3745, 0.9925, 16.277, 4.367, 14.4905, 6.9475, 5.3595, 3.176, 3.3745, 1.588, 3.573, 8.5355, 3.573, 0, 6.9475, 1.985, 1.985, 5.955, 1.985, 7.7415, 5.7565, 1.985, 8.5355, 3.3745, 32.3555, 0.9925],
      [9.5284, 5.5776, 5.5776, 3.9508, 0.6972, 8.5988, 11.1552, 2.0916, 0, 0.4648, 1.6268, 7.6692, 6.2748, 2.0916, 3.7184, 7.4368, 2.324, 16.268, 3.9508, 6.5072, 1.162, 0, 0.6972, 3.9508, 1.162, 19.0568, 5.1128, 16.9652, 8.134, 6.2748, 3.7184, 3.9508, 1.8592, 4.1832, 9.9932, 4.1832, 0, 8.134, 2.324, 2.324, 6.972, 2.324, 9.0636, 6.7396, 2.324, 9.9932, 3.9508, 37.8812, 1.162]
    ],
    [
      [2.835, 1.0125, 2.565, 0.8775, 0.3375, 3.5775, 2.43, 0.8775, 0.135, 0.135, 0.54, 3.9825, 5.0625, 1.0125, 3.7125, 5.0625, 1.0125, 2.835, 0.8775, 1.89, 0.2025, 0, 0.3375, 0.6075, 0.27, 4.86, 1.215, 4.2525, 4.455, 1.62, 0.8775, 1.485, 0.4725, 1.755, 2.7675, 1.2825, 0, 4.59, 1.2825, 0.81, 2.025, 1.62, 3.51, 2.2275, 1.755, 3.7125, 0.8775, 12.555, 1.1475],
      [8.463, 3.0225, 7.657, 2.6195, 1.0075, 10.6795, 7.254, 2.6195, 0.403, 0.403, 1.612, 11.8885, 15.1125, 3.0225, 11.0825, 15.1125, 3.0225, 8.463, 2.6195, 5.642, 0.6045, 0, 1.0075, 1.8135, 0.806, 14.508, 3.627, 12.6945, 13.299, 4.836, 2.6195, 4.433, 1.4105, 5.239, 8.2615, 3.8285, 0, 13.702, 3.8285, 2.418, 6.045, 4.836, 10.478, 6.6495, 5.239, 11.0825, 2.6195, 37.479, 3.4255],
      [7.3542, 2.6265, 6.6538, 2.2763, 0.8755, 9.2803, 6.3036, 2.2763, 0.3502, 0.3502, 1.4008, 10.3309, 13.1325, 2.6265, 9.6305, 13.1325, 2.6265, 7.3542, 2.2763, 4.9028, 0.5253, 0, 0.8755, 1.5759, 0.7004, 12.6072, 3.1518, 11.0313, 11.5566, 4.2024, 2.2763, 3.8522, 1.2257, 4.5526, 7.1791, 3.3269, 0, 11.9068, 3.3269, 2.1012, 5.253, 4.2024, 9.1052, 5.7783, 4.5526, 9.6305, 2.2763, 32.5686, 2.9767],
      [10.1472, 3.624, 9.1808, 3.1408, 1.208, 12.8048, 8.6976, 3.1408, 0.4832, 0.4832, 1.9328, 14.2544, 18.12, 3.624, 13.288, 18.12, 3.624, 10.1472, 3.1408, 6.7648, 0.7248, 0, 1.208, 2.1744, 0.9664, 17.3952, 4.3488, 15.2208, 15.9456, 5.7984, 3.1408, 5.3152, 1.6912, 6.2816, 9.9056, 4.5904, 0, 16.4288, 4.5904, 2.8992, 7.248, 5.7984, 12.5632, 7.9728, 6.2816, 13.288, 3.1408, 44.9376, 4.1072],
      [13.2006, 4.7145, 11.9434, 4.0859, 1.5715, 16.6579, 11.3148, 4.0859, 0.6286, 0.6286, 2.5144, 18.5437, 23.5725, 4.7145, 17.2865, 23.5725, 4.7145, 13.2006, 4.0859, 8.8004, 0.9429, 0, 1.5715, 2.8287, 1.2572, 22.6296, 5.6574, 19.8009, 20.7438, 7.5432, 4.0859, 6.9146, 2.2001, 8.1718, 12.8863, 5.9717, 0, 21.3724, 5.9717, 3.7716, 9.429, 7.5432, 16.3436, 10.3719, 8.1718, 17.2865, 4.0859, 58.4598, 5.3431]
    ]
  ],
  "V_est": [
    [374.0217, 310.5273, 2280.1765, 166.3421, 175.6017],
    [147.8048, 3724.7782, 315.5438, 422.0216, 252.3378],
    [220.2158, 1200.9284, 496.5114, 11469.003, 292.7092],
    [165.718, 222.0435, 3805.4625, 240.198, 222.0435],
    [110.75, 236.9164, 495.0968, 404.3704, 525.0436],
    [126.3904, 199.04, 382.4056, 246.934, 289.1056],
    [103.3425, 308.4965, 268.0781, 369.8896, 481.1933]
  ],
  "p_est": [
    [0.1131, 0.0939, 0.6895, 0.0503, 0.0531],
    [0.0304, 0.7661, 0.0649, 0.0868, 0.0519],
    [0.0161, 0.0878, 0.0363, 0.8385, 0.0214],
    [0.0356, 0.0477, 0.8175, 0.0516, 0.0477],
    [0.0625, 0.1337, 0.2794, 0.2282, 0.2963],
    [0.1016, 0.16, 0.3074, 0.1985, 0.2324],
    [0.0675, 0.2015, 0.1751, 0.2416, 0.3143]
  ],
  "EI_Z": {},
  "EI_V": 11.1524,
  "MAE_Z": {},
  "MAE_V": 197.8697,
  "MAE_p": 0.0495,
  "runtime": 184.748
}
