{
  "X": [
    [17, 11, 24, 70, 6],
    [4, 4, 9, 38, 5],
    [19, 17, 41, 155, 13],
    [49, 52, 166, 587, 28],
    [38, 11, 72, 366, 31],
    [38, 37, 114, 379, 22],
    [59, 57, 182, 726, 43],
    [16, 10, 43, 257, 16],
    [71, 86, 222, 855, 51],
    [32, 57, 180, 591, 45],
    [1, 4, 11, 75, 2],
    [2, 1, 1, 8, 0],
    [13, 10, 29, 156, 10],
    [3, 4, 5, 107, 7],
    [8, 7, 14, 166, 3],
    [4, 1, 6, 65, 2],
    [9, 17, 32, 298, 3],
    [10, 6, 20, 143, 6],
    [3, 21, 58, 69, 7],
    [4, 3, 13, 106, 9],
    [6, 9, 10, 60, 2],
    [4, 10, 14, 124, 6],
    [8, 2, 10, 74, 2],
    [2, 2, 10, 119, 6],
    [23, 39, 93, 201, 25],
    [14, 17, 33, 81, 15],
    [28, 43, 131, 306, 35],
    [4, 4, 17, 96, 3],
    [3, 5, 4, 38, 4],
    [0, 0, 1, 19, 2],
    [5, 6, 25, 159, 8],
    [29, 14, 63, 465, 23],
    [15, 20, 30, 152, 18],
    [34, 20, 74, 404, 22],
    [19, 12, 46, 112, 15],
    [1, 7, 18, 120, 7],
    [17, 30, 58, 94, 10],
    [24, 21, 58, 247, 13],
    [11, 7, 31, 96, 3],
    [28, 31, 82, 386, 42],
    [14, 22, 42, 190, 7],
    [17, 12, 59, 180, 17],
    [21, 26, 83, 189, 15],
    [47, 55, 155, 400, 41],
    [36, 40, 120, 470, 30],
    [22, 25, 58, 269, 9],
    [31, 36, 99, 330, 28],
    [31, 16, 98, 329, 19],
    [1, 0, 1, 11, 0],
    [4, 0, 3, 23, 0],
    [29, 49, 77, 413, 39],
    [2, 3, 7, 72, 6],
    [11, 19, 68, 149, 11],
    [17, 30, 147, 88, 12],
    [31, 57, 279, 288, 42],
    [24, 33, 249, 66, 18],
    [18, 29, 134, 66, 11],
    [14, 39, 162, 114, 20],
    [20, 17, 179, 86, 25],
    [27, 50, 174, 254, 23],
    [3, 5, 10, 13, 0],
    [6, 11, 31, 13, 8],
    [29, 34, 110, 183, 45],
    [0, 2, 6, 44, 2],
    [2, 3, 6, 7, 0],
    [17, 18, 41, 192, 19],
    [6, 3, 10, 29, 4],
    [0, 9, 16, 73, 4],
    [0, 1, 1, 1, 0],
    [475, 771, 2268, 7396, 572],
    [102, 58, 216, 555, 67],
    [170, 115, 393, 1132, 99],
    [32, 7, 50, 253, 7]
  ],
  "W": [
    [4, 13, 20, 67, 17, 7],
    [0, 6, 7, 37, 5, 5],
    [9, 21, 27, 161, 21, 6],
    [32, 71, 139, 545, 83, 12],
    [32, 46, 57, 342, 31, 10],
    [30, 54, 92, 347, 61, 6],
    [45, 82, 148, 677, 93, 22],
    [16, 27, 31, 249, 15, 4],
    [46, 88, 193, 796, 130, 32],
    [66, 36, 129, 548, 104, 22],
    [5, 4, 11, 65, 5, 3],
    [0, 3, 1, 7, 0, 1],
    [6, 7, 19, 148, 30, 8],
    [9, 4, 3, 100, 7, 3],
    [7, 9, 10, 162, 7, 3],
    [2, 3, 7, 64, 1, 1],
    [14, 7, 28, 280, 23, 7],
    [10, 10, 12, 130, 18, 5],
    [4, 8, 53, 60, 25, 8],
    [12, 4, 9, 97, 9, 4],
    [5, 9, 6, 53, 13, 1],
    [8, 5, 6, 119, 17, 3],
    [3, 7, 5, 69, 8, 4],
    [11, 3, 6, 111, 7, 1],
    [44, 25, 83, 159, 58, 12],
    [9, 15, 30, 80, 19, 7],
    [32, 36, 112, 275, 67, 21],
    [9, 4, 14, 90, 3, 4],
    [1, 1, 5, 39, 6, 2],
    [5, 0, 0, 16, 1, 0],
    [9, 7, 20, 154, 10, 3],
    [31, 35, 48, 433, 34, 13],
    [10, 12, 34, 142, 24, 13],
    [24, 41, 62, 375, 36, 16],
    [8, 14, 46, 95, 29, 12],
    [7, 3, 16, 111, 13, 3],
    [5, 15, 56, 84, 34, 15],
    [10, 30, 52, 229, 31, 11],
    [8, 11, 28, 82, 12, 7],
    [35, 30, 84, 349, 42, 29],
    [11, 15, 46, 174, 25, 4],
    [11, 17, 55, 168, 18, 16],
    [7, 20, 80, 179, 31, 17],
    [45, 49, 128, 350, 98, 28],
    [17, 34, 112, 434, 68, 31],
    [22, 21, 51, 239, 39, 11],
    [21, 28, 85, 313, 56, 21],
    [19, 42, 89, 294, 34, 15],
    [1, 0, 2, 9, 0, 1],
    [1, 4, 1, 21, 1, 2],
    [48, 34, 77, 368, 62, 18],
    [4, 2, 5, 75, 3, 1],
    [7, 16, 55, 140, 34, 6],
    [12, 15, 139, 76, 42, 10],
    [27, 30, 248, 254, 104, 34],
    [6, 17, 255, 55, 38, 19],
    [8, 14, 113, 64, 43, 16],
    [9, 14, 153, 98, 62, 13],
    [23, 19, 167, 71, 30, 17],
    [32, 26, 164, 216, 68, 22],
    [0, 3, 10, 13, 4, 1],
    [2, 8, 28, 11, 14, 6],
    [14, 24, 101, 171, 64, 27],
    [2, 1, 6, 41, 3, 1],
    [0, 4, 3, 7, 3, 1],
    [11, 16, 39, 179, 26, 16],
    [4, 4, 9, 22, 10, 3],
    [4, 2, 12, 70, 10, 4],
    [1, 0, 0, 0, 1, 1],
    [597, 577, 2024, 6740, 1236, 308],
    [49, 108, 200, 492, 92, 57],
    [64, 166, 380, 1039, 187, 73],
    [13, 52, 37, 223, 13, 11]
  ],
  "method": "mult",
  "cond_prob": [
    [
      [0.0039214482486, 0.014028424306, 0.052861918501, 0.6933902007, 0.23579800825],
      [0.76838683269, 0.0050180566695, 0.049816919201, 0.16606396008, 0.01071423136],
      [0.025727571516, 0.057746943976, 0.89551519473, 0, 0.021010289779],
      [0.043654936206, 0.0045745780824, 0.0072161474437, 0.93297512345, 0.011579214814],
      [0.025878703786, 0.52355233281, 0.23573778961, 0.12556099681, 0.089270176983],
      [0.44513075166, 0.073832328176, 0.10565773995, 0.06053392843, 0.31484525179]
    ],
    [
      [0.00056520967581, 0.012372017943, 0.044180419487, 0.58313223202, 0.35975012087],
      [0.50487727064, 0.085867769527, 0.092291905935, 0.28499984356, 0.031963210341],
      [0, 0.06250882758, 0.89482660877, 0.0069821994403, 0.035682364206],
      [0, 0, 0.016789545363, 0.95570654389, 0.027503910749],
      [0.0039290488226, 0.53262311606, 0.20899096891, 0.1157122768, 0.1387445894],
      [0.19021822641, 0.076823201895, 0.103258856, 0.06028440694, 0.56941530876]
    ],
    [
      [0.0016213943554, 0.016227660497, 0.062029789103, 0.59117835376, 0.32894280229],
      [0.69469621934, 0.0095952608271, 0.081985505108, 0.1928400583, 0.020882956424],
      [0.0068082804007, 0.059312094991, 0.90668884223, 0, 0.027190782382],
      [0.013427829394, 0.02205850176, 0.05120016357, 0.88976762947, 0.023545875808],
      [0.011266344716, 0.52420148592, 0.25066948013, 0.0979495248, 0.11591316444],
      [0.30241491706, 0.081895670974, 0.12202535552, 0.053370871105, 0.44029318534]
    ],
    [
      [0.00061495140526, 0.012637224638, 0.055347847034, 0.70836076186, 0.22303921506],
      [0.63221073677, 0.006867613393, 0.07896081426, 0.26677771323, 0.015183122351],
      [0, 0.060171054971, 0.91008257777, 0.0098089354943, 0.019937431769],
      [0, 0.0014529161159, 0.01587031823, 0.97365714354, 0.0090196221154],
      [0.0032243676206, 0.49327810738, 0.2626006121, 0.14906035204, 0.091836560855],
      [0.31881139432, 0.084192452023, 0.13966654445, 0.084386958254, 0.37294265095]
    ],
    [
      [0.001518813623, 0.005403713444, 0.049117953426, 0.61122616851, 0.332733351],
      [0.6735196552, 0.0025897291021, 0.070122028736, 0.23062006803, 0.023148518935],
      [0.02387631232, 0.014386219443, 0.91877256067, 0.0087701556923, 0.03419475187],
      [0.0063657426877, 0, 0.011411147435, 0.96281493555, 0.019408174328],
      [0.014577000774, 0.30793832586, 0.31706129085, 0.17440004948, 0.18602333304],
      [0.29795729996, 0.034185102107, 0.11010637709, 0.064323111242, 0.4934281096]
    ],
    [
      [0.00070997194112, 0.012443685376, 0.056205503746, 0.69092687702, 0.23971396192],
      [0.64571728824, 0.0066846820374, 0.078455001368, 0.25318506551, 0.015957962845],
      [0.0064447858367, 0.053330799176, 0.91150777835, 0.0073697723818, 0.021346864251],
      [0, 0.004452587632, 0.020723020439, 0.96436043545, 0.01046395648],
      [0.0097995055605, 0.48094382454, 0.26584757529, 0.14449839442, 0.098910700188],
      [0.31987952344, 0.079443646574, 0.13515983669, 0.079117988675, 0.38639900462]
    ],
    [
      [0.00059712333867, 0.01184139657, 0.053930224653, 0.68158089657, 0.25205035887],
      [0.63140370766, 0.0066535759631, 0.079267928112, 0.26483070507, 0.017844083203],
      [0, 0.058481930229, 0.90880367289, 0.0093218354747, 0.023392561407],
      [0, 0.0021657482605, 0.016404655906, 0.97004776904, 0.011381826797],
      [0.0061915869902, 0.47429248366, 0.263957323, 0.14806341218, 0.10749519418],
      [0.3010094469, 0.076854804502, 0.13255650504, 0.079130600822, 0.41044864273]
    ],
    [
      [0.00021972681541, 0.010463764393, 0.054732840387, 0.60650014849, 0.32808351992],
      [0.55405063862, 0.052559462095, 0.093392258952, 0.27302501293, 0.026972627401],
      [0, 0.049759834842, 0.91331950117, 0.0070044154289, 0.029916248561],
      [0, 1.5758762596e-05, 0.026811046222, 0.95347045474, 0.019702740272],
      [0.0076378138217, 0.44067266475, 0.27383369968, 0.13508805352, 0.14276776823],
      [0.23063748023, 0.064226377487, 0.12658075534, 0.066680340696, 0.51187504625]
    ],
    [
      [0.00084780532231, 0.013289382751, 0.050532707922, 0.69379411287, 0.24153599114],
      [0.64894807457, 0.0072210088383, 0.070480018267, 0.25705319115, 0.016297707174],
      [0.0099595072776, 0.058868721772, 0.89661245785, 0.011110219083, 0.023449094022],
      [0.0004143364598, 0.0062579451622, 0.0066748377078, 0.97588452868, 0.010768351993],
      [0.0099916372262, 0.50533006752, 0.23957259578, 0.14584111052, 0.099264588959],
      [0.32195815085, 0.084916974592, 0.12404503741, 0.079909015934, 0.38917082121]
    ],
    [
      [0.00069219282204, 0.011384790459, 0.063075139124, 0.67708223881, 0.24776563878],
      [0.63900096772, 0.006118595184, 0.086089212891, 0.25197930736, 0.016811916843],
      [0.0081907323858, 0.043423337898, 0.92418828163, 0.0036255127017, 0.020572135381],
      [0.00010959244413, 0.0043105112275, 0.035434494414, 0.94949045685, 0.010654945066],
      [0.0098309514748, 0.44687864731, 0.29686692599, 0.14203049712, 0.10439297811],
      [0.3096000157, 0.072235651896, 0.14660352641, 0.076440181006, 0.395120625]
    ],
    [
      [0, 0.013831771531, 0.045351441209, 0.82339981798, 0.11741696928],
      [0.1351513092, 0.012505938783, 0.1101562016, 0.72768647122, 0.014500079198],
      [0, 0.0478698372, 0.79460189247, 0.15752827033, 0],
      [0, 0, 0, 1, 0],
      [0, 0.58160421706, 0.20832490894, 0.15964764855, 0.050423225445],
      [0.15313158773, 0.14874269757, 0.18345754189, 0.14706860296, 0.36759956986]
    ],
    [
      [0.00091487664309, 0.08052615878, 0.045549008914, 0.87300995566, 0],
      [0.58251738783, 0.083024017927, 0.028874705519, 0.30558388873, 0],
      [0, 0.15747171883, 0.83155687317, 0.010971408005, 0],
      [0, 0, 0, 1, 0],
      [0, 1, 0, 0, 0],
      [0.25244783651, 0.59345622739, 0.081819010277, 0.072276925819, 0]
    ],
    [
      [0.0022032342326, 0.0067001062429, 0.052986573154, 0.68768214286, 0.25042794351],
      [0.76935632205, 0.00197344644, 0.049049837708, 0.1686534381, 0.010966955694],
      [0.018314396446, 0.028785524967, 0.91998392326, 0.01031676866, 0.022599386664],
      [0.0099215666071, 0, 0.003346681086, 0.97669940083, 0.010032351481],
      [0.071583578411, 0.30330998125, 0.31688109013, 0.18086272447, 0.12736262573],
      [0.4546766997, 0.037470103193, 0.10716195629, 0.0649901769, 0.33570106392]
    ],
    [
      [0, 0.010071377172, 0.036313817324, 0.64489873605, 0.30871606945],
      [0.55304078568, 0.006189079003, 0.070964660624, 0.34683665916, 0.022968815538],
      [0.0087259715686, 0.055114632596, 0.88972040257, 0.012047878083, 0.034391115186],
      [0, 0, 0, 0.98485104992, 0.015148950076],
      [0, 0.50217223011, 0.20652991523, 0.15201508507, 0.13928276959],
      [0.2538863142, 0.068017260291, 0.091482129086, 0.074403505602, 0.51221079082]
    ],
    [
      [0.0011643438138, 0.01939298388, 0.059711928357, 0.77230173406, 0.14742900989],
      [0.69333885, 0.0082689095177, 0.065902908184, 0.22495663871, 0.0075326935857],
      [0.010317090099, 0.069233108773, 0.90027268997, 0.0091075285052, 0.011069582654],
      [0.0021981845359, 0.009043926144, 0.012636978578, 0.97141124229, 0.0047096684543],
      [0.0095917072572, 0.60909865014, 0.21538149214, 0.12134437204, 0.044583778426],
      [0.4084603989, 0.12289708437, 0.14376748451, 0.086723657763, 0.23815137445]
    ],
    [
      [0.0018443507483, 0.009336660077, 0.038820568223, 0.67006133363, 0.27993708732],
      [0.80974187752, 0.0028139944004, 0.031702063075, 0.14586016316, 0.0098819018506],
      [0.11559805406, 0.04894412396, 0.79536536444, 0.012489452491, 0.027603005047],
      [0.0046814353718, 0.00033866818704, 0, 0.98345077378, 0.011529122666],
      [0.015860380516, 0.55974202152, 0.1854685352, 0.1354296463, 0.10349941646],
      [0.44242704324, 0.048859043428, 0.07422658802, 0.058591507896, 0.37589581741]
    ],
    [
      [0.001172665381, 0.016987691743, 0.054953101621, 0.85498046774, 0.071906073514],
      [0.70530959166, 0.0065392892793, 0.055766420452, 0.22894890565, 0.0034357929644],
      [0.0092342308879, 0.090504722923, 0.8785087173, 0.0156823883, 0.0060699405877],
      [0, 0, 0, 0.99879942989, 0.0012005701064],
      [0.01207875019, 0.58033620427, 0.22674622253, 0.15565599089, 0.025182832123],
      [0.50143511769, 0.11921890724, 0.14669777592, 0.10637086843, 0.12627733071]
    ],
    [
      [0.0013179209179, 0.0065114509609, 0.058188804929, 0.74118184029, 0.19279998291],
      [0.69531866859, 0.0023961185063, 0.066744106453, 0.22541632872, 0.010124777735],
      [0.011084957622, 0.02713120745, 0.93502945505, 0.01127842067, 0.015475959207],
      [0, 0, 0.0014711707859, 0.99476925231, 0.0037595769044],
      [0.048201413169, 0.29723871487, 0.36768998025, 0.19168081512, 0.095189076587],
      [0.40659783528, 0.04701058964, 0.1441291158, 0.085683957889, 0.31657850139]
    ],
    [
      [0, 0.016811738547, 0.055125380452, 0.72167111368, 0.20639176733],
      [0.22368886638, 0.19753575248, 0.12513132307, 0.43224965532, 0.021394402759],
      [0, 0.070140387896, 0.91165927056, 0.0058843056539, 0.012316035887],
      [0, 0.0044976232391, 0.022074324311, 0.97123619094, 0.0021918615103],
      [0, 0.57013361003, 0.2302902686, 0.12917301632, 0.070403105044],
      [0.15131113362, 0.1389786028, 0.1723487975, 0.10499415484, 0.43236731123]
    ],
    [
      [0, 0, 0.053779222068, 0.63786481911, 0.30835595882],
      [0.66952918925, 0.0029125151931, 0.068637748874, 0.23839065142, 0.02052989526],
      [0.006053486467, 0, 0.95372016487, 0.010790908985, 0.029435439676],
      [0, 0, 0.0011477952727, 0.98344059385, 0.015411610874],
      [0.011814395175, 0.31582241663, 0.32500702511, 0.17985325934, 0.16750290375],
      [0.29026807705, 0.036487047397, 0.11505437211, 0.070631111579, 0.48755939186]
    ],
    [
      [4.7210731863e-05, 0.018045682539, 0.056278652574, 0.77612417048, 0.14950428368],
      [0.62005475207, 0.047399824679, 0.070180624994, 0.25416285366, 0.0082019446022],
      [0.0078740652787, 0.06561975808, 0.90514021268, 0.0099985036346, 0.011367460324],
      [0, 0.0048790638424, 0.011177866852, 0.97996545089, 0.0039776184154],
      [0, 0.59315000918, 0.22434128242, 0.13381001619, 0.04869869222],
      [0.37202678605, 0.11991411376, 0.14727622154, 0.094223335271, 0.26655954338]
    ],
    [
      [0, 0.013874962511, 0.061806449386, 0.68665797998, 0.23766060812],
      [0.62127433472, 0.02804673422, 0.084916741655, 0.25038125271, 0.015380936697],
      [0, 0.053236807378, 0.92115984901, 0.007837789512, 0.0177655541],
      [0, 0.0057034179397, 0.020095687336, 0.96392857811, 0.01027231661],
      [0, 0.49983550992, 0.27715294115, 0.13327754903, 0.089733999896],
      [0.2978761088, 0.084478460359, 0.15033960335, 0.078194676796, 0.38911115069]
    ],
    [
      [0.0017354667333, 0.0051892986673, 0.069081316782, 0.78450587957, 0.13948803825],
      [0.72837453935, 0.0010083682426, 0.066134964624, 0.1988152459, 0.0056668818858],
      [0.011274091619, 0.016910774284, 0.95411797156, 0.0089711331834, 0.0087260293529],
      [0.0021344951364, 0, 0.0082995500217, 0.98888586877, 0.00068008607581],
      [0.094026067099, 0.2190488644, 0.41528074552, 0.20332197353, 0.068322349445],
      [0.48507816626, 0.035107184923, 0.16607663095, 0.087554810237, 0.22618320763]
    ],
    [
      [0, 0, 0.058905052253, 0.66352045475, 0.277574493],
      [0.575190608, 0.0027755794779, 0.14944478964, 0.25391086392, 0.018678158955],
      [0, 0.020745223394, 0.9464388011, 0.0096554544948, 0.023160521012],
      [0, 0, 0.0025046680111, 0.9864303719, 0.011064960094],
      [0, 0.26169064801, 0.40134395382, 0.18705743135, 0.14990796681],
      [0.27442817599, 0.035367385111, 0.13765142369, 0.078436379248, 0.47411663597]
    ],
    [
      [0.0013239693245, 0.015142167113, 0.048608293523, 0.69172747203, 0.24319809801],
      [0.67054488981, 0.0077118572404, 0.065018799029, 0.24129530198, 0.015429151944],
      [0.011724845522, 0.064079997217, 0.89057390641, 0.01000042505, 0.023620825802],
      [0.0031916609923, 0.0096535584937, 0.0038288865317, 0.9723610855, 0.010964808482],
      [0.011125044121, 0.52154284213, 0.22916204715, 0.14092231569, 0.097247750911],
      [0.33768618912, 0.086492316905, 0.11816159869, 0.076888874807, 0.38077102048]
    ],
    [
      [0.002028838924, 0.018761988667, 0.044701591128, 0.54382137948, 0.3906862018],
      [0.69805350555, 0.013566814715, 0.063829640816, 0.19483052476, 0.029719514155],
      [0, 0.086463768981, 0.86599108548, 0, 0.047545145538],
      [0.017645632569, 0.033548274972, 0.018323900699, 0.88997366628, 0.040508525483],
      [0.011554252255, 0.56621827695, 0.18857916993, 0.087811750344, 0.14583655052],
      [0.26853663829, 0.084531078873, 0.087370316934, 0.045261879223, 0.51430008668]
    ],
    [
      [0.00010224690828, 0.012551697486, 0.052262686264, 0.65045148629, 0.28463188305],
      [0.61937338377, 0.0077546872026, 0.081454362796, 0.26962993891, 0.021787627319],
      [0, 0.061171866837, 0.90506857729, 0.0055661917031, 0.028193364169],
      [0, 0.0040225216641, 0.02013524189, 0.9602035513, 0.015638685145],
      [0.00070590572718, 0.48854726349, 0.25181925229, 0.13817845219, 0.1207491263],
      [0.2691424095, 0.077574654487, 0.12468928089, 0.073406107749, 0.45518754737]
    ],
    [
      [0, 0.018410134307, 0.063846464796, 0.76335890313, 0.15438449776],
      [0.62118742287, 0.059941423048, 0.074026751922, 0.23653251117, 0.0083118909886],
      [0, 0.070133781925, 0.91101938985, 0.0080838776975, 0.010762950524],
      [0, 0.0036760439305, 0.022987204864, 0.97062858907, 0.0027081621313],
      [0.0079205673229, 0.60131119088, 0.22504237708, 0.11927340979, 0.046452454925],
      [0.37287215164, 0.11947315643, 0.15775694555, 0.089018073326, 0.26087967306]
    ],
    [
      [0.002135764547, 0.01477367296, 0.02476137785, 0.54854949618, 0.40977968847],
      [0.87934847634, 0.0037673034701, 0.015346904131, 0.08987187196, 0.011665444103],
      [0.05207283028, 0.10272914531, 0.77699069989, 0.009727809462, 0.05847951506],
      [0.0049915959755, 0.017960125988, 0, 0.93875197627, 0.038296301769],
      [0.13422169419, 0.60823736017, 0, 0.10456680824, 0.15297413739],
      [0.42907459977, 0.05897211123, 0.03746910928, 0.037105830341, 0.43737834938]
    ],
    [
      [1.8488927466e-33, 0, 0.064095504302, 0.6075461205, 0.3283583752],
      [1.5265566589e-16, 0, 0.30891874124, 0.63547817323, 0.055603085531],
      [0, 0, 1, 0, 0],
      [0, 0, 0, 0.98759956304, 0.012400436963],
      [8.2107331894e-48, 0, 0.67952247849, 0.16067638892, 0.15980113259],
      [0, 0, 0.23444758156, 0.077045110551, 0.68850730789]
    ],
    [
      [0, 0.0099426834385, 0.053355022727, 0.65083608112, 0.28586621272],
      [0.60106605168, 0.027658602293, 0.083988671833, 0.26648173068, 0.020804943507],
      [0, 0.049478697786, 0.91553554082, 0.0092195498641, 0.025766211531],
      [0, 0, 0.016267213995, 0.97005660083, 0.013676185173],
      [0, 0.45331582942, 0.27300722847, 0.14807947945, 0.12559746266],
      [0.26417921274, 0.064724461016, 0.12865001211, 0.074400278437, 0.4680460357]
    ],
    [
      [0.00092623613394, 0.0071877051178, 0.052003481933, 0.69234251247, 0.24754006435],
      [0.65689071461, 0.0035455580231, 0.071320615732, 0.25206091056, 0.01618220108],
      [0.024865903822, 0.011122342327, 0.92894256229, 0.011616524681, 0.023452666876],
      [0, 0, 0.0047536964038, 0.98591609651, 0.0093302070834],
      [0.01301106827, 0.36706660498, 0.31048567007, 0.18246103774, 0.12697561894],
      [0.33416707416, 0.049149969961, 0.12981263032, 0.080947075839, 0.40592324972]
    ],
    [
      [0.0016273339117, 0.015199099243, 0.031974013008, 0.62489233099, 0.32630722285],
      [0.70437952654, 0.0081813190281, 0.043285124102, 0.22244550016, 0.021708530178],
      [0.063428263922, 0.14701941332, 0.72063397469, 0.024046524292, 0.044871823781],
      [0, 0, 0, 0.97402581331, 0.025974186694],
      [0.012404473036, 0.56913106438, 0.15557028174, 0.13014835203, 0.13274582882],
      [0.31360800125, 0.084002121651, 0.071199729194, 0.06376330186, 0.46742684605]
    ],
    [
      [0.00093672270212, 0.0098586178856, 0.050622509893, 0.69431444229, 0.24426770723],
      [0.65759972178, 0.0048674863804, 0.069145334242, 0.25245833092, 0.015929126678],
      [0.011778441508, 0.043047867358, 0.90953032306, 0.012163688806, 0.023479679271],
      [0.0014443282534, 0, 0.004798184178, 0.98406721938, 0.0096902681841],
      [0.011749967649, 0.4403416082, 0.27106943606, 0.16440504011, 0.11243394798],
      [0.3325652974, 0.065160034855, 0.12508764151, 0.080482774899, 0.39670425134]
    ],
    [
      [0.0030309217243, 0.0062322441135, 0.037692849262, 0.66625771098, 0.28678627392],
      [0.72834644296, 0.0011684715186, 0.042360957275, 0.21183030999, 0.016293818256],
      [0.076900486799, 0.0077775335492, 0.80303119611, 0.078405211914, 0.033885571628],
      [0, 0, 0, 0.98534644305, 0.014653556955],
      [0.023881690831, 0.38193374884, 0.24602126837, 0.19361544439, 0.15454784757],
      [0.37907591649, 0.04166151552, 0.085946000025, 0.072909520644, 0.42040704732]
    ],
    [
      [0, 0.0096918593514, 0.042914968546, 0.66668821305, 0.28070495905],
      [0.21357727619, 0.0096030475204, 0.1114550972, 0.63199163423, 0.033372944864],
      [0, 0.038378613059, 0.86567285726, 0.066823130078, 0.029125399607],
      [0, 0, 0, 0.99037856824, 0.0096214317604],
      [0, 0.46530637251, 0.23964252478, 0.16548253181, 0.1295685709],
      [0.11975605715, 0.080102396793, 0.13303713012, 0.09491451218, 0.57218990376]
    ],
    [
      [0.0010923034569, 0.019748630196, 0.049919063541, 0.7254485906, 0.20379141221],
      [0.68607603962, 0.012056813485, 0.059274659853, 0.23091309551, 0.011679391534],
      [0.01473571325, 0.09449465037, 0.86638814971, 0.0058119836087, 0.018569503065],
      [0, 0.024530458569, 0, 0.96733311238, 0.008136429049],
      [0.009917389262, 0.60569792677, 0.19383371865, 0.12216368046, 0.068387284856],
      [0.36940044743, 0.11829441306, 0.11688013112, 0.078269530446, 0.31715547794]
    ],
    [
      [0.00083910917365, 0.013012936801, 0.049288335154, 0.70733798189, 0.22952163698],
      [0.65399010297, 0.0067290269107, 0.066899699204, 0.25751901037, 0.014862160549],
      [0.0077995855176, 0.06058844828, 0.89603786779, 0.013506041958, 0.022068056458],
      [0, 0.0033310591625, 0.0011089481037, 0.98660537343, 0.0089546193031],
      [0.010065153426, 0.51028464042, 0.23552204736, 0.15019191413, 0.093936244658],
      [0.33220978328, 0.085069464802, 0.12282036032, 0.082741439493, 0.3771589521]
    ],
    [
      [0.00076304406644, 0.010430197411, 0.056209220122, 0.8226235177, 0.1099740207],
      [0.68462126747, 0.0034420674542, 0.062147049758, 0.2447080844, 0.0050815309194],
      [0.0037759458307, 0.020566408985, 0.90719290495, 0.064204465917, 0.0042602743216],
      [0, 0, 0, 1, 0],
      [0.012683666985, 0.47787810549, 0.28178494704, 0.18205070281, 0.045602577671],
      [0.45787588832, 0.081185565895, 0.15484114125, 0.10641277865, 0.19968462589]
    ],
    [
      [0.000595059992, 0.011905913807, 0.037414331439, 0.63951981726, 0.3105648775],
      [0.63468260132, 0.0072871130258, 0.06156514357, 0.27208316487, 0.024381977213],
      [0.0095394606757, 0.08511729999, 0.80509763941, 0.061794140261, 0.038451459668],
      [0, 0, 0, 0.97970331789, 0.020296682112],
      [0.0091734578172, 0.50096813631, 0.20249738895, 0.14803503674, 0.13932598018],
      [0.26731361847, 0.074971196612, 0.09346386368, 0.073437040742, 0.4908142805]
    ],
    [
      [0.0013547791902, 0.018409695595, 0.042849636887, 0.75363424327, 0.18375164506],
      [0.70058499422, 0.0084294025412, 0.049137071829, 0.23182094771, 0.010027583708],
      [0.034505996505, 0.13026386399, 0.78089146271, 0.035494079492, 0.0188445973],
      [0, 0, 0, 0.99316404703, 0.0068359529711],
      [0.011373779211, 0.60887632283, 0.17778890628, 0.13798320313, 0.063977788549],
      [0.40117554905, 0.11425162399, 0.10646699376, 0.084964297639, 0.29314153556]
    ],
    [
      [0.00087247678967, 0.0099439657142, 0.048456675583, 0.65722136421, 0.2835055177],
      [0.65497594975, 0.0053155283795, 0.069665501703, 0.2504091546, 0.019633865564],
      [0.010129722466, 0.045855937231, 0.90367909118, 0.011566769221, 0.028768479905],
      [0.0016588963901, 0.0014647075205, 0.0064022523183, 0.97570191802, 0.014772225747],
      [0.010901859642, 0.44578409205, 0.25872555792, 0.15463713483, 0.12995135555],
      [0.30148430043, 0.062999457912, 0.11547966205, 0.073502900203, 0.44653367941]
    ],
    [
      [0.0010489696755, 0.01518871144, 0.050609672425, 0.69296616649, 0.24018647997],
      [0.67274357864, 0.0080643861192, 0.065796594149, 0.23836680759, 0.015028633508],
      [0.011458721589, 0.067948597857, 0.88948976112, 0.0081386898236, 0.022964229609],
      [0.0029975542581, 0.010738592265, 0.0069228988504, 0.96812581134, 0.011215143283],
      [0.010471036005, 0.54170116901, 0.22287007588, 0.13379853762, 0.091159181477],
      [0.33881903436, 0.093032894959, 0.11896754551, 0.07579591765, 0.37338460752]
    ],
    [
      [0.0014246529078, 0.011100335733, 0.052393987099, 0.6822670049, 0.25281401936],
      [0.67026062516, 0.0054277794557, 0.069229532944, 0.23896100256, 0.016121059881],
      [0.012125402549, 0.048696742809, 0.90613426936, 0.0090964420051, 0.02394714328],
      [0.0052963657361, 0.0015935585791, 0.01171433295, 0.97005560284, 0.011340139893],
      [0.012653932275, 0.46393652472, 0.26238535306, 0.15094042477, 0.11008376518],
      [0.33740196748, 0.070636274787, 0.12325199487, 0.075461730551, 0.39324803231]
    ],
    [
      [0.00096711951394, 0.010991711759, 0.04689933388, 0.70625385583, 0.23488797902],
      [0.66267204483, 0.0053767292492, 0.062832789799, 0.253969251, 0.015149185121],
      [0.018090924618, 0.047333172856, 0.86421461331, 0.046548062409, 0.023813226807],
      [0, 0, 0, 0.99137701844, 0.0086229815644],
      [0.011724529663, 0.47176916052, 0.24488422767, 0.1660255616, 0.10559652055],
      [0.34287928612, 0.072539155826, 0.11684620318, 0.083805894754, 0.38392946013]
    ],
    [
      [0.0014897714554, 0.013825013282, 0.052372911567, 0.79411611206, 0.13819619164],
      [0.69840637124, 0.0055489380264, 0.057532920177, 0.23150208163, 0.0070096889294],
      [0.036369189936, 0.056749244498, 0.87741937907, 0.017519705548, 0.01194248095],
      [0, 0, 0, 0.99758715267, 0.0024128473317],
      [0.013517477219, 0.52947609192, 0.24138718732, 0.16189162275, 0.053727620792],
      [0.44715281215, 0.094140268653, 0.13428327126, 0.094299460228, 0.23012418771]
    ],
    [
      [0.0014792579138, 0.012516068426, 0.050714114859, 0.66343308797, 0.27185747083],
      [0.68960471847, 0.0061897070682, 0.064535038915, 0.22281834034, 0.016852195201],
      [0.013463076815, 0.055318013698, 0.89776916287, 0.0066060764042, 0.026843670215],
      [0.0083507005591, 0.0063523358845, 0.011853400457, 0.9584358345, 0.015007728601],
      [0.013071072258, 0.48813681955, 0.2449947173, 0.13974512521, 0.11405226568],
      [0.3414234579, 0.073232217814, 0.11370595918, 0.069111043762, 0.40252732134]
    ],
    [
      [0.00046826881408, 0.0075850211782, 0.050722512369, 0.70959265496, 0.23163154267],
      [0.61532365751, 0.0034969190913, 0.073771628785, 0.29161177544, 0.015796019175],
      [0, 0.020008697487, 0.91814245096, 0.040312054219, 0.021536797334],
      [0, 0, 0, 0.99322400347, 0.0067759965301],
      [0.010921757264, 0.38527431026, 0.30010180126, 0.18658095278, 0.11712117843],
      [0.31841130202, 0.055260891371, 0.13464829852, 0.088710849794, 0.4029686583]
    ],
    [
      [0.0019077000257, 0, 0.01794525856, 0.98014704141, 0],
      [1, 0, 0, 0, 0],
      [0.010573215336, 0, 0.49102737072, 0.49839941394, 0],
      [0, 0, 0, 1, 0],
      [0.089853414, -0, 0.40362743361, 0.50651915238, 0],
      [0.9769458693, 0, 0, 0.023054130699, 0]
    ],
    [
      [0.0010738934279, 0, 0.10172061812, 0.89720548845, 0],
      [0.69402292242, 0, 0.11122608358, 0.194750994, 0],
      [0.004383109456, 0, 0.9912390548, 0.0043778357403, 0],
      [0, 0, 0.0073730693775, 0.99262693062, 0],
      [0.02074706125, 0, 0.73020177651, 0.24905116224, 0],
      [0.59885212309, 0, 0.28854987967, 0.11259799724, 0]
    ],
    [
      [0.00067051688571, 0.016043329878, 0.036586850604, 0.65780667448, 0.28889262815],
      [0.65220562295, 0.0092884135229, 0.056757112663, 0.2606277109, 0.021121139958],
      [0.013086436156, 0.14707844285, 0.78773642456, 0.016960076237, 0.035138620189],
      [0, 0, 0, 0.98246083622, 0.017539163781],
      [0.008959875823, 0.56290151349, 0.17740436424, 0.13532159338, 0.11541265307],
      [0.29053645134, 0.09384334276, 0.092184114807, 0.073471392533, 0.44996469856]
    ],
    [
      [0.00079393269546, 0.013067618602, 0.043324480053, 0.48788683155, 0.4549271371],
      [0.74842177653, 0.0063646865654, 0.054980290831, 0.16409829322, 0.026134952854],
      [0.0087251240608, 0.058894457204, 0.88463306828, 0.005536608478, 0.042210741976],
      [0.0026035484417, 0.012148852323, 0.022030488146, 0.92507463047, 0.038142480622],
      [0.0076259287066, 0.55543471946, 0.18740999509, 0.09022057205, 0.15930878469],
      [0.2382111766, 0.063059783821, 0.079059560526, 0.041314043775, 0.57835543527]
    ],
    [
      [0.000359544171, 0.011161684306, 0.057583025107, 0.67577824095, 0.25511750546],
      [0.58371492665, 0.0064908515001, 0.11687185508, 0.27432557301, 0.018596793768],
      [0, 0.048284371979, 0.92602668965, 0.0039691389592, 0.021719799411],
      [0, 0, 0.030264063026, 0.95913546902, 0.010600467958],
      [0, 0.46226565089, 0.28527910096, 0.14435739667, 0.10809785148],
      [0.27634072741, 0.074223666142, 0.14317382599, 0.079153892214, 0.42710788825]
    ],
    [
      [0.0013569014988, 0.013969058168, 0.062338807071, 0.71069375061, 0.21164148265],
      [0.69927980183, 0.006107280671, 0.071404569025, 0.21185640162, 0.011351946853],
      [0, 0.046812875878, 0.9379207919, 0, 0.015266332217],
      [0.02755847339, 0.016459294314, 0.025597675964, 0.92223563148, 0.0081489248534],
      [0.012746842871, 0.50356111805, 0.27340554948, 0.13018686127, 0.080099628329],
      [0.38647087763, 0.083329901887, 0.13814192537, 0.073607280264, 0.31845001485]
    ],
    [
      [0.00051495726248, 0.0098593175579, 0.057286797316, 0.67292729386, 0.259411634],
      [0.63024408252, 0.0053345847031, 0.083767092468, 0.2623418486, 0.018312391704],
      [0.004329793299, 0.038648622701, 0.93523513006, 0, 0.021786453938],
      [0, 0, 0.030084915684, 0.95961047526, 0.010304609052],
      [0.0089215712701, 0.43019586035, 0.29457891967, 0.15014978111, 0.1161538676],
      [0.29638651553, 0.066133322898, 0.13894574158, 0.076590283973, 0.42194413602]
    ],
    [
      [0.0012961447195, 0.012751897534, 0.056710326094, 0.68599369053, 0.24324794113],
      [0.70788959096, 0.0055307744025, 0.065805062272, 0.20735266877, 0.013421903595],
      [0.010067731264, 0.050024515822, 0.91925361907, 0, 0.020654133842],
      [0.0307338903, 0.0041996465388, 0.012525191227, 0.94151454271, 0.011026729223],
      [0.013587657112, 0.48524913472, 0.26485363175, 0.13841661235, 0.097892964072],
      [0.37811229875, 0.07382980192, 0.12516082092, 0.069258493129, 0.35363858529]
    ],
    [
      [0.0012207674677, 0.015355361312, 0.077968783168, 0.69843565985, 0.20701942821],
      [0.71161890891, 0.0062135730639, 0.085662467939, 0.1865884188, 0.0099166312909],
      [0, 0, 0.99013871228, 0, 0.0098612877183],
      [0.017788793504, 0.091715090785, 0.061087125156, 0.82262664452, 0.0067823460349],
      [0.011688792593, 0.50120075349, 0.31959898002, 0.097558282502, 0.069953191396],
      [0.39915426686, 0.085548054775, 0.16493553405, 0.059822841325, 0.29053930299]
    ],
    [
      [0.00062936163001, 0.011938815096, 0.053376408437, 0.66972540325, 0.26433001159],
      [0.63620118218, 0.0067229049719, 0.078603341615, 0.25982732681, 0.018645244427],
      [0.005100341176, 0.051615183777, 0.9190444699, 0, 0.02424000515],
      [0, 0.0042291837703, 0.018212247081, 0.9654758923, 0.012082676852],
      [0.0080920049372, 0.47570090787, 0.26352728454, 0.14090316336, 0.11177663929],
      [0.29272789914, 0.07641465993, 0.12937459934, 0.07555809401, 0.42592474758]
    ],
    [
      [0.0008879894323, 0.0075666753761, 0.06383120432, 0.61819905219, 0.30951507868],
      [0.67203082772, 0.0037237882521, 0.083622875394, 0.22043522071, 0.020187287929],
      [0, 0.005469998312, 0.96878358824, 0, 0.025746413447],
      [0.023357359719, 0.054020258085, 0.030951161663, 0.87666388088, 0.015007339653],
      [0.012185271006, 0.37303345367, 0.32375629686, 0.14398718052, 0.14703779795],
      [0.30512116742, 0.047957813962, 0.13211570871, 0.060611861672, 0.45419344823]
    ],
    [
      [0.00066933629112, 0.014734480727, 0.054854471297, 0.73156292064, 0.19817879104],
      [0.65875018063, 0.0074035568882, 0.07082094953, 0.25091187485, 0.012113438107],
      [0.0082174954221, 0.061815408753, 0.90381789775, 0.010046410886, 0.016102787193],
      [0, 0.0068092239421, 0.011673277721, 0.97538677222, 0.0061307261192],
      [0.0097225144318, 0.52418796735, 0.24492832835, 0.14484875852, 0.076312431338],
      [0.35646710508, 0.094668315933, 0.13639194021, 0.085700364988, 0.32677227379]
    ],
    [
      [0.0015819274521, 0.031886124544, 0.067007019404, 0.8995249286, 0],
      [0.77341025731, 0.016304262484, 0.050187420721, 0.16009805949, 0],
      [0, 0.11451387459, 0.88548612541, 0, 0],
      [0.0062338486655, 0.047391198242, 0.014649377257, 0.93172557584, 0],
      [0.0076495665492, 0.74907601035, 0.16332905372, 0.079945369383, 0],
      [0.56813092923, 0.19355884807, 0.15081836456, 0.087491858133, 0]
    ],
    [
      [0, 0.016788059558, 0.054456522263, 0.53687313587, 0.39188228231],
      [0.58708858864, 0.072690757007, 0.094641981206, 0.21210696004, 0.03347171311],
      [0, 0.028710283831, 0.92315907063, 0, 0.048130645535],
      [0, 0.039418989682, 0.024926858751, 0.9088823196, 0.026771831965],
      [0, 0.61629782388, 0.23757725641, 0, 0.1461249197],
      [0.21721521515, 0.086538576113, 0.11420334867, 0.038615422055, 0.54342743801]
    ],
    [
      [0.0018301929125, 0.0091962746426, 0.042554739152, 0.56152882033, 0.38488997297],
      [0.68393912828, 0.0052469594599, 0.063036303376, 0.21788240449, 0.02989520439],
      [0.013837564324, 0.047480095783, 0.88504829295, 0, 0.053634046948],
      [0.016149850572, 0.0042629470329, 0.004182444686, 0.93645131397, 0.038953443737],
      [0.016052562032, 0.4195538119, 0.24008650622, 0.13095123347, 0.19335588638],
      [0.27308354837, 0.050719538884, 0.089657420138, 0.051680191712, 0.5348593009]
    ],
    [
      [0, 0.010588423652, 0.04049551461, 0.66534661215, 0.28356944959],
      [0, 0.017731794796, 0.17836355378, 0.75202991055, 0.051874740881],
      [1.4178641774e-32, 0.037943444635, 0.83235026103, 0.10408192232, 0.025624372014],
      [0, 0, 0, 0.99429635527, 0.005703644734],
      [2.5395041266e-17, 0.54582089479, 0.20354632117, 0.14187766816, 0.10875511588],
      [0, 0.095968005734, 0.13590488732, 0.10100176081, 0.66712534613]
    ],
    [
      [0.00087023048658, 0.029227665363, 0.10941715664, 0.86048494751, 0],
      [0.40915181587, 0.19010416183, 0.21159963481, 0.18914438749, 0],
      [0, 0.0035042953528, 0.99649570465, 0, 0],
      [0, 0, 0.13530190643, 0.86469809357, 0],
      [0, 0.66839382104, 0.29775678605, 0.033849392903, 0],
      [0.36339273653, 0.22388900347, 0.32373064366, 0.088987616335, 0]
    ],
    [
      [0.0010361793781, 0.012226322936, 0.040906862172, 0.64682039519, 0.29901024032],
      [0.66831741187, 0.0067259443796, 0.058514705852, 0.245605334, 0.0208366039],
      [0.03075950067, 0.083904971647, 0.83728389441, 0.013529587348, 0.034522045925],
      [0, 0.00084445238961, 0, 0.98061061204, 0.018544935565],
      [0.010870125159, 0.50561392713, 0.20880104937, 0.14476226765, 0.12995263068],
      [0.30082997855, 0.074280147516, 0.095680628546, 0.070907367957, 0.45830187744]
    ],
    [
      [0.0077895174831, 0.00050137588982, 0.030754691894, 0.70295205029, 0.25800236444],
      [0.78192529638, 0, 0.025674599011, 0.18208727716, 0.01031282745],
      [0.032388129347, 0.019009602761, 0.88882184303, 0.033708787568, 0.026071637294],
      [0, 0, 0, 0.99412961323, 0.0058703867734],
      [0.12129314844, 0.27401833046, 0.15395471408, 0.30625970282, 0.1444741042],
      [0.44557203201, 0.02890825567, 0.078446369452, 0.074338360965, 0.37273498191]
    ],
    [
      [0, 0.01896089775, 0.05722411624, 0.70008245247, 0.22373253354],
      [0, 0.027244236125, 0.21901453342, 0.71389648806, 0.039844742393],
      [0, 0.071571216985, 0.90581172921, 0.0063519034449, 0.016265150358],
      [0, 0.019336872178, 0.021459506219, 0.95870689315, 0.00049672844929],
      [0, 0.59876548589, 0.21739664477, 0.11386399808, 0.069973871264],
      [0, 0.16739435539, 0.19680045864, 0.1118829678, 0.52392221816]
    ],
    [
      [0, 0.015348476838, 0.086864329339, 0.89778719382, 0],
      [0, 0.019147612889, 0.33530099101, 0.6455513961, 0],
      [0, 0, 1, 0, 0],
      [0, 0, 0, 1, 0],
      [0, 0.75117391239, 0.24882608761, 0, 0],
      [0, 0.23347761077, 0.66430958305, 0.10221280618, 0]
    ],
    [
      [0.00058634350384, 0.012013832228, 0.049170973706, 0.67815982814, 0.26006902243],
      [0.62853442493, 0.0069219636849, 0.07419393371, 0.27130374031, 0.019045937374],
      [0.0048558035614, 0.058654305421, 0.89786918321, 0.012449590848, 0.02617111696],
      [0, 0.0033048466758, 0.0054551394903, 0.97899863005, 0.012241383783],
      [0.0092152154942, 0.48116486628, 0.24589200131, 0.15085324938, 0.11287466754],
      [0.29469947074, 0.078321472813, 0.12291444268, 0.079522629224, 0.42454198455]
    ],
    [
      [0.0019404910356, 0.010629280903, 0.04647842322, 0.65573104362, 0.28522076123],
      [0.67818336226, 0.0051553366501, 0.062143282569, 0.23517850687, 0.019339511652],
      [0.017393702557, 0.0504421808, 0.89107187502, 0.010242491825, 0.030849749796],
      [0.010845989557, 0.0019512734275, 0, 0.97041549031, 0.01678724671],
      [0.013917346465, 0.45829474071, 0.24618647359, 0.1516539584, 0.12994748084],
      [0.32571490468, 0.065101930636, 0.10785179246, 0.070610813218, 0.43072055901]
    ],
    [
      [0.0020095001763, 0.010995131363, 0.045490471044, 0.66868232944, 0.27282256798],
      [0.70065607179, 0.0048777016875, 0.055524305614, 0.22216160063, 0.016780320278],
      [0.040525786325, 0.052709223378, 0.86505652887, 0.012263455448, 0.029445005979],
      [0.0087486251366, 0.0011730308387, 0, 0.97557490635, 0.01450343767],
      [0.016123846866, 0.4675928352, 0.23849991662, 0.15438979044, 0.12339361088],
      [0.35695485461, 0.065732452133, 0.10343301018, 0.070851693519, 0.40302798956]
    ],
    [
      [0, 0.0083924780785, 0.06329600328, 0.78303032049, 0.14528119815],
      [0.53423686816, 0, 0.14973843919, 0.30733672717, 0.0086879654818],
      [0.0049822383363, 0.026520683164, 0.94429117669, 0.013386767799, 0.010819134014],
      [0, 0, 0, 0.99875627948, 0.0012437205217],
      [0.0096610357385, 0.39710725162, 0.33953564939, 0.18671320306, 0.06698286019],
      [0.35543150662, 0.067930748809, 0.18527419455, 0.10853305897, 0.28283049106]
    ]
  ],
  "expected_outcome": [
    [
