{
  "X": [
    [5, 9, 4, 13, 21, 92, 4],
    [10, 20, 18, 27, 60, 161, 15],
    [17, 20, 49, 75, 113, 175, 12],
    [21, 42, 46, 75, 177, 460, 22],
    [15, 31, 22, 49, 87, 283, 8],
    [20, 35, 13, 87, 146, 204, 22],
    [30, 69, 64, 177, 310, 623, 43],
    [1, 2, 5, 10, 14, 49, 5],
    [24, 37, 29, 87, 183, 297, 24],
    [9, 15, 12, 35, 103, 152, 9],
    [20, 26, 36, 78, 134, 210, 21],
    [9, 14, 17, 48, 114, 97, 11],
    [12, 39, 19, 60, 98, 423, 22],
    [19, 53, 23, 52, 121, 422, 13],
    [6, 23, 9, 16, 23, 115, 3],
    [8, 19, 13, 31, 47, 118, 3],
    [7, 12, 5, 21, 47, 144, 2],
    [2, 20, 17, 27, 57, 176, 4],
    [5, 7, 3, 11, 19, 50, 2],
    [1, 1, 6, 18, 21, 40, 3],
    [3, 4, 3, 16, 8, 56, 3],
    [3, 3, 1, 26, 32, 62, 1],
    [7, 22, 38, 38, 71, 169, 14],
    [9, 8, 6, 31, 45, 108, 7],
    [5, 11, 15, 26, 45, 86, 7],
    [5, 12, 5, 23, 34, 92, 6],
    [21, 39, 40, 85, 147, 409, 19],
    [10, 36, 17, 46, 124, 192, 12],
    [3, 5, 13, 31, 76, 36, 14],
    [21, 32, 22, 53, 86, 233, 8],
    [15, 21, 17, 35, 67, 229, 9],
    [39, 55, 49, 127, 350, 632, 58],
    [62, 71, 73, 248, 559, 835, 100],
    [24, 7, 36, 48, 225, 146, 25],
    [52, 49, 30, 102, 332, 481, 40],
    [42, 48, 37, 101, 231, 471, 52],
    [9, 18, 17, 30, 75, 119, 4],
    [10, 24, 23, 38, 96, 242, 14],
    [39, 20, 237, 95, 440, 219, 24],
    [23, 40, 21, 71, 138, 303, 16],
    [2, 6, 2, 18, 17, 96, 3],
    [0, 6, 7, 8, 24, 98, 4],
    [2, 2, 2, 7, 10, 62, 3],
    [15, 22, 29, 64, 165, 318, 22],
    [4, 6, 9, 11, 17, 49, 12],
    [8, 6, 22, 11, 31, 73, 4],
    [15, 19, 33, 67, 179, 171, 18],
    [19, 10, 32, 78, 180, 242, 23],
    [5, 13, 8, 19, 22, 126, 5],
    [25, 46, 27, 46, 141, 292, 14],
    [0, 3, 7, 1, 3, 34, 1],
    [2, 4, 2, 6, 16, 56, 1],
    [3, 14, 18, 34, 72, 136, 2],
    [2, 7, 2, 10, 18, 74, 6],
    [14, 40, 32, 103, 245, 234, 21],
    [52, 51, 70, 224, 461, 396, 43],
    [35, 50, 56, 134, 334, 410, 38],
    [29, 16, 19, 19, 67, 123, 9],
    [0, 1, 3, 22, 57, 102, 12],
    [26, 26, 46, 98, 188, 413, 42],
    [5, 7, 9, 26, 39, 90, 7],
    [97, 142, 255, 225, 590, 878, 84],
    [3, 10, 12, 8, 28, 68, 7]
  ],
  "W": [
    [20, 5, 17, 58, 25, 12, 11],
    [53, 21, 61, 82, 58, 18, 18],
    [39, 40, 125, 106, 101, 22, 28],
    [110, 36, 192, 277, 129, 56, 43],
    [54, 23, 102, 183, 98, 20, 15],
    [41, 11, 180, 124, 96, 40, 35],
    [162, 59, 335, 384, 218, 92, 66],
    [12, 6, 16, 26, 10, 5, 11],
    [81, 39, 201, 155, 128, 39, 38],
    [26, 6, 105, 91, 68, 15, 24],
    [68, 45, 130, 112, 102, 42, 26],
    [21, 19, 90, 60, 93, 17, 10],
    [109, 22, 119, 264, 87, 41, 31],
    [145, 21, 117, 257, 87, 54, 22],
    [37, 8, 34, 70, 23, 14, 9],
    [35, 11, 53, 73, 46, 16, 5],
    [22, 4, 52, 98, 40, 10, 12],
    [46, 13, 62, 115, 38, 16, 13],
    [10, 3, 19, 29, 26, 7, 3],
    [6, 5, 26, 25, 21, 2, 5],
    [13, 4, 9, 37, 21, 3, 6],
    [9, 3, 34, 41, 27, 6, 8],
    [41, 31, 86, 83, 51, 40, 27],
    [20, 4, 50, 64, 47, 20, 9],
    [19, 12, 43, 58, 40, 9, 14],
    [34, 9, 32, 47, 36, 6, 13],
    [117, 34, 162, 235, 122, 49, 41],
    [52, 21, 121, 113, 81, 29, 20],
    [13, 11, 79, 14, 37, 7, 17],
    [56, 30, 95, 132, 82, 36, 24],
    [80, 17, 76, 125, 50, 31, 14],
    [120, 41, 402, 384, 199, 99, 65],
    [154, 74, 643, 524, 337, 107, 109],
    [16, 25, 242, 80, 68, 34, 46],
    [77, 29, 389, 292, 140, 102, 57],
    [105, 47, 246, 280, 155, 91, 58],
    [30, 15, 76, 66, 50, 23, 12],
    [59, 21, 106, 144, 76, 21, 20],
    [39, 206, 460, 145, 116, 54, 54],
    [72, 34, 141, 199, 89, 48, 29],
    [20, 4, 25, 64, 22, 5, 4],
    [25, 9, 24, 56, 16, 10, 7],
    [14, 0, 14, 38, 16, 3, 3],
    [60, 27, 170, 174, 117, 36, 51],
    [8, 11, 15, 32, 19, 8, 15],
    [10, 26, 24, 41, 21, 23, 10],
    [43, 31, 190, 97, 91, 19, 31],
    [38, 27, 176, 149, 117, 43, 34],
    [41, 6, 32, 68, 30, 11, 10],
    [67, 37, 146, 177, 77, 55, 32],
    [10, 7, 6, 19, 4, 3, 0],
    [18, 3, 13, 29, 14, 6, 4],
    [33, 19, 72, 91, 45, 12, 7],
    [17, 2, 20, 39, 21, 9, 11],
    [61, 25, 244, 136, 134, 46, 43],
    [90, 56, 512, 238, 266, 73, 62],
    [95, 37, 366, 227, 208, 60, 64],
    [33, 22, 58, 80, 27, 39, 23],
    [0, 2, 61, 91, 28, 1, 14],
    [97, 46, 209, 215, 160, 57, 55],
    [22, 12, 44, 58, 30, 11, 6],
    [261, 223, 627, 582, 302, 126, 150],
    [22, 13, 36, 42, 12, 6, 5]
  ],
  "method": "mvn_cdf",
  "mvncdf_method": "genz",
  "mvncdf_samples": 5000,
  "mvncdf_error": 1e-06,
  "cond_prob": [
    [
      [0.00022160292956, 0.24858206937, 2.47104323e-05, 0.0040808511139, 4.3902261693e-05, 0.74700423595, 4.2627949195e-05],
      [0.11591673266, 0.066879817557, 0.66774655577, 0.036540130102, 0.060743233293, 0.037185025488, 0.014988505126],
      [0.025164559313, 0.0030035940453, 0.015985384848, 0.10086826857, 0.77729837806, 0.047795711552, 0.029884103611],
      [0.0033377630823, 0.012854475562, 9.2293560297e-05, 0.010844582387, 0.001869441811, 0.97036069338, 0.00064075021736],
      [0.0038556426195, 0.039940672912, 0.00017546210374, 0.37620323892, 0.17287494602, 0.39290425172, 0.014045785705],
      [0.24986840363, 0.11960585095, 0.00013988829857, 0.015230983538, 0.059461097488, 0.54598108744, 0.0097126886523],
      [0.038380304235, 0.017248654826, 0.044516533815, 0.066961522595, 0.21312845486, 0.37173474295, 0.24802978672]
    ],
    [
      [0.0002511507856, 0.24200023424, 4.3733939444e-05, 0.0036461109167, 4.3971383596e-05, 0.7539067432, 0.0001080555258],
      [0.096378593667, 0.049404143754, 0.72964207104, 0.02417153324, 0.044457646888, 0.028300931769, 0.027645079645],
      [0.028227648951, 0.0029670561784, 0.027529038251, 0.087771900243, 0.73119358952, 0.048346687903, 0.073964078953],
      [0.0037578918873, 0.012637309826, 0.00016224905588, 0.0096134998956, 0.0018583610276, 0.97035862868, 0.0016120596258],
      [0.0044836730201, 0.040566208524, 0.00031570616291, 0.33561173602, 0.17424934563, 0.40852412281, 0.036249207834],
      [0.26425750192, 0.11266286309, 0.00023627436595, 0.013028028433, 0.056792281422, 0.52946690698, 0.023556143786],
      [0.030913447701, 0.012216035115, 0.055338626037, 0.042287385248, 0.14917598375, 0.26912241559, 0.44094610656]
    ],
    [
      [0.00042859955729, 0.28404327576, 0.00017393982196, 0.0081647533983, 6.1606100998e-05, 0.70706464523, 6.3180133785e-05],
      [0.05131877124, 0.018307904304, 0.88036749756, 0.01702610359, 0.019516438608, 0.0084100349934, 0.0050532497003],
      [0.033104756896, 0.0024052350617, 0.074935241047, 0.13468499142, 0.69405610033, 0.031384197816, 0.029429477432],
      [0.0066997352763, 0.015467366333, 0.00067404825529, 0.022492866469, 0.0027201225459, 0.95096123427, 0.00098462684905],
      [0.0052623978426, 0.032747330378, 0.00086171708656, 0.51545578329, 0.16715516432, 0.26400712116, 0.014510485919],
      [0.37397752807, 0.10994506165, 0.0007808061647, 0.024268852541, 0.066123833296, 0.41347259231, 0.011431325965],
      [0.048351346179, 0.013169503197, 0.20168584969, 0.086634217905, 0.19043415312, 0.23215942183, 0.22756550808]
    ],
    [
      [0.00020379452535, 0.22910668569, 8.5343881851e-05, 0.0042930429447, 4.6017631113e-05, 0.76620927684, 5.583849245e-05],
      [0.048178649752, 0.029707387075, 0.84805209784, 0.017864827243, 0.029041227558, 0.018261133028, 0.0088946775014],
      [0.022369098442, 0.002795920082, 0.052317495217, 0.10082014594, 0.73598336018, 0.048688306893, 0.037025673237],
      [0.0030050176351, 0.011876672718, 0.00031220283762, 0.0111524637, 0.0019163127926, 0.97091661497, 0.00082071534962],
      [0.0034568186389, 0.036872383233, 0.00058431347917, 0.37259529832, 0.17214919403, 0.39663730264, 0.017704689655],
      [0.22183128665, 0.11371446741, 0.00048588104059, 0.016246443278, 0.062789405311, 0.57208539089, 0.012847125429],
      [0.029638911477, 0.013899918284, 0.12745917472, 0.058956204772, 0.18381571747, 0.32703975005, 0.25919032323]
    ],
    [
      [0.00025697996586, 0.30612839485, 3.6494667382e-05, 0.0029990754399, 2.6062026094e-05, 0.69052301202, 2.9981026838e-05],
      [0.11723737476, 0.074837362469, 0.71264314262, 0.023706307186, 0.03134147228, 0.031127377044, 0.0091069636382],
      [0.046552686903, 0.0060703423607, 0.036915474676, 0.11592111189, 0.68994430359, 0.071782419612, 0.032813660965],
      [0.0041876229509, 0.017399228855, 0.00014744568872, 0.0086107401505, 0.0011994182024, 0.96796854417, 0.0004869999871],
      [0.0056009588302, 0.062805001799, 0.00032096609005, 0.33502758939, 0.12538067832, 0.45864261966, 0.012222185903],
      [0.28367498453, 0.15038812837, 0.00020733847061, 0.011285786644, 0.035391137449, 0.51218818931, 0.006864435225],
      [0.054375019042, 0.026649170212, 0.07917256772, 0.059652282457, 0.15102551407, 0.42596895605, 0.20315649045]
    ],
    [
      [0.00023781548597, 0.4153315319, 3.2935561482e-05, 0.0065137053189, 3.8075000627e-05, 0.57778744446, 5.8492276999e-05],
      [0.10955910245, 0.10350383235, 0.64246715673, 0.052776181955, 0.046807115986, 0.026738282105, 0.018148328423],
      [0.029318749438, 0.005608752531, 0.022700230494, 0.17223632873, 0.68533226276, 0.041161708124, 0.043641967926],
      [0.0045088331515, 0.027329120886, 0.00015497121215, 0.021771299134, 0.0020397348328, 0.94308997064, 0.0011060701462],
      [0.0036706992809, 0.060076050137, 0.00020559814686, 0.51731674474, 0.12986517747, 0.27195993358, 0.016905796649],
      [0.26416389126, 0.20735568933, 0.00019008269996, 0.024989586261, 0.052677092705, 0.43697715977, 0.013646497977],
      [0.039757990226, 0.028557755381, 0.056459776719, 0.10297514327, 0.17504445345, 0.28315738248, 0.31404749847]
    ],
    [
      [0.00020269739089, 0.25780090259, 7.3733349386e-05, 0.0083097920784, 6.4393412107e-05, 0.73346193296, 8.6548215592e-05],
      [0.052927952152, 0.037112816956, 0.79217205334, 0.038266167851, 0.044886776007, 0.019408519175, 0.015225714517],
      [0.015945646728, 0.0022639438599, 0.032298368035, 0.13978814167, 0.73511465676, 0.033521341886, 0.041067901058],
      [0.0030767514391, 0.013775149883, 0.0002776801611, 0.022222127155, 0.0027603767184, 0.95657843672, 0.0013094779221],
      [0.0024319748701, 0.029396887871, 0.00035686763589, 0.50945776774, 0.17015013982, 0.26881085452, 0.019395507543],
      [0.21222346402, 0.12370049951, 0.0004051575475, 0.030373227874, 0.084825240582, 0.52924530811, 0.019227102364],
      [0.02376222657, 0.012649404901, 0.088389453053, 0.092038783882, 0.20718341699, 0.25299387679, 0.32298283781]
    ],
    [
      [8.2064351566e-05, 0.11846197794, 2.4313932383e-05, 0.0064198070073, 3.2327852925e-05, 0.87492120751, 5.8301408279e-05],
      [0.047849835885, 0.03499492052, 0.73460261155, 0.063863337006, 0.049828493988, 0.046198686871, 0.022662114175],
      [0.010698738364, 0.001627481218, 0.018167903441, 0.18690784177, 0.67333989922, 0.061884665049, 0.047373470938],
      [0.0010630508247, 0.0053438565246, 7.8186509287e-05, 0.014694065949, 0.0011849607266, 0.97688158745, 0.00075429201491],
      [0.0011504931608, 0.015286855241, 0.00013967194465, 0.5025232265, 0.10331793646, 0.36204872525, 0.015533091446],
      [0.10248196903, 0.066644328297, 0.00015879064554, 0.027832920618, 0.050744568215, 0.7367423906, 0.015395032597],
      [0.012783016375, 0.0074291400435, 0.039579228641, 0.09639648588, 0.14285956217, 0.38462974269, 0.31632282421]
    ],
    [
      [0.00026100229756, 0.25966087757, 2.9817799972e-05, 0.0052543451798, 4.681027809e-05, 0.73468517875, 6.1968124085e-05],
      [0.13281202305, 0.072011861399, 0.62650744861, 0.046827972189, 0.063238816403, 0.03747109853, 0.021130779824],
      [0.028393841242, 0.0031277473404, 0.018056011033, 0.12222486255, 0.74132260023, 0.046177147825, 0.040697789779],
      [0.003987499637, 0.013910707535, 0.00011299676541, 0.014143342807, 0.0020197487323, 0.96488197696, 0.0009437275599],
      [0.0041095724455, 0.038674334511, 0.00018943841598, 0.42359621701, 0.16252974042, 0.35266281685, 0.018237880342],
      [0.26921660873, 0.1212923879, 0.00016018981923, 0.018750329891, 0.060241357165, 0.51689129226, 0.013447834229],
      [0.039614034473, 0.016380148446, 0.046177589922, 0.075264111667, 0.19499364818, 0.32681561668, 0.30075485063]
    ],
    [
      [0.00024966419552, 0.28015275034, 6.8981326457e-05, 0.0039171663013, 5.3097115893e-05, 0.71551396418, 4.4376533925e-05],
      [0.065708905158, 0.039308674835, 0.81319692631, 0.018018915309, 0.037250313157, 0.018658595049, 0.0078576701836],
      [0.025018471674, 0.0030396636679, 0.038818194687, 0.083908494283, 0.78135285056, 0.04098116584, 0.026881159285],
      [0.0039181959037, 0.01520197965, 0.00026860103743, 0.010833300562, 0.0023539396747, 0.96672954832, 0.00069443484709],
      [0.0043539304105, 0.045527565368, 0.00048665216755, 0.35118075953, 0.20505281979, 0.3789091343, 0.014489138437],
      [0.26609642761, 0.1313896856, 0.00037604298264, 0.014165162853, 0.069371618717, 0.5088333061, 0.0097677561396],
      [0.038959151269, 0.017794950978, 0.11148543697, 0.057551660599, 0.22781546583, 0.32439368981, 0.22199964454]
    ],
    [
      [0.00030781908289, 0.23777577826, 6.0595791298e-05, 0.0098436558045, 8.8461590196e-05, 0.75179603254, 0.00012765693616],
      [0.087028909274, 0.036581451335, 0.71569833326, 0.048741542476, 0.066470696613, 0.021251304695, 0.024227762345],
      [0.018164796667, 0.0015531636511, 0.019948781893, 0.12454310393, 0.76453006694, 0.025608468019, 0.045651618898],
      [0.004533203989, 0.012274447066, 0.00022132740973, 0.025548056881, 0.0036798379772, 0.951868801, 0.001874325674],
      [0.0031377963781, 0.0228936408, 0.00024959892654, 0.5165164113, 0.19958607518, 0.23322616403, 0.024390313387],
      [0.2803819758, 0.09778587558, 0.00028727960713, 0.030972061117, 0.10047188272, 0.46564778441, 0.024453140759],
      [0.02868681991, 0.0091973956659, 0.057839158271, 0.086734842436, 0.2271079286, 0.20490888645, 0.38552496867]
    ],
    [
      [0.00036017908707, 0.32313745776, 9.2054842467e-05, 0.0078485305246, 0.00015199475016, 0.6682603004, 0.00014948264192],
      [0.068368419966, 0.032509518532, 0.76571148988, 0.025799545033, 0.076182834974, 0.012485276254, 0.018942915362],
      [0.01370194806, 0.0013325103095, 0.019593243676, 0.063852937707, 0.85237982413, 0.014579054018, 0.0345604821],
      [0.005900090136, 0.018247856355, 0.00037370872746, 0.022668300419, 0.0070358210649, 0.94333166056, 0.0024425627389],
      [0.0035785050575, 0.029805789404, 0.00036996287698, 0.40138341644, 0.33558365303, 0.20135034901, 0.027928324182],
      [0.30318943108, 0.11871973186, 0.00039594691239, 0.0223103441, 0.1563931856, 0.37304341595, 0.025947944499],
      [0.027182359794, 0.0099000211881, 0.071630100031, 0.05580714088, 0.31663230389, 0.14629333942, 0.3725547348]
    ],
    [
      [0.00013728987562, 0.22682474536, 2.6971476963e-05, 0.0043511162367, 2.9798806258e-05, 0.76856401781, 6.6060431102e-05],
      [0.081437785682, 0.073424772745, 0.68058447588, 0.04531624025, 0.047134122036, 0.045707265295, 0.026395338114],
      [0.021264942021, 0.0038949387448, 0.023365086941, 0.14455737078, 0.67610596698, 0.068751853962, 0.062059840575],
      [0.0020215123809, 0.011735828482, 9.8531681011e-05, 0.011288850612, 0.0012392588934, 0.97264632331, 0.00096969464109],
      [0.0024557450668, 0.038454845531, 0.00019492620518, 0.3997724239, 0.11771266747, 0.41928638706, 0.022123004762],
      [0.16444851967, 0.12394099874, 0.00016906059585, 0.018131101927, 0.04476829988, 0.63179821092, 0.016743808266],
      [0.022396302816, 0.015414131311, 0.045083056483, 0.067120453799, 0.13377297559, 0.367693436, 0.348519644]
    ],
    [
      [0.00023676632846, 0.26101751455, 6.9640916379e-05, 0.0050888902654, 6.3484417759e-05, 0.73345887692, 6.4826605146e-05],
      [0.062662045799, 0.037745643619, 0.79982816108, 0.023705533933, 0.044961258216, 0.019505020368, 0.011592336988],
      [0.019905881129, 0.0024347315063, 0.032853386323, 0.091800840701, 0.78428923734, 0.035640227566, 0.033075695436],
      [0.003623606775, 0.014040736025, 0.00026442496065, 0.013722560782, 0.0027440715391, 0.96461559782, 0.00098900209838],
      [0.0035591635689, 0.037175650405, 0.00042356613995, 0.39314748634, 0.21131971028, 0.33610780352, 0.01826661975],
      [0.24477130182, 0.12248887472, 0.00037567617025, 0.018233000327, 0.082092972168, 0.51790523158, 0.014132943214],
      [0.031408297007, 0.014414226709, 0.095371929415, 0.06385008998, 0.23228712729, 0.28504823736, 0.27762009223]
    ],
    [
      [0.00014538209342, 0.42546957319, 2.9903188759e-05, 0.0024782592346, 1.308009949e-05, 0.57184646298, 1.7339216988e-05],
      [0.072974710127, 0.11022481817, 0.74428888047, 0.021535220634, 0.017479161673, 0.027639301252, 0.0058579076738],
      [0.043899775864, 0.013564488221, 0.051661618653, 0.16270523946, 0.59877360675, 0.097196092928, 0.032199178124],
      [0.002825293195, 0.028345936218, 0.0001440524312, 0.00849745465, 0.00071855444288, 0.95913247964, 0.00033622942067],
      [0.0038510446649, 0.1040415359, 0.00032166665411, 0.34594647062, 0.077291912842, 0.45989716068, 0.0086502086456],
      [0.19684634331, 0.25118088333, 0.00020634995641, 0.011320369076, 0.021550967265, 0.5140794027, 0.0048156843604],
      [0.042247395468, 0.049450807213, 0.091327328075, 0.068067349955, 0.10497626335, 0.47927722182, 0.16465363412]
    ],
    [
      [0.00027393067804, 0.34503454348, 8.8876569067e-05, 0.0056544029604, 4.368397547e-05, 0.64886629267, 3.8269663406e-05],
      [0.054152738593, 0.035700443119, 0.85032107974, 0.019347653479, 0.0229369883, 0.012466704982, 0.0050743917878],
      [0.029904110425, 0.004039774198, 0.055134139814, 0.13286541409, 0.7123193599, 0.040190768955, 0.025546432617],
      [0.0046779387246, 0.020321736478, 0.00037617256393, 0.017029246915, 0.0021081096292, 0.95483496266, 0.00065183303251],
      [0.004337773779, 0.050651510379, 0.00057158941878, 0.46734031771, 0.1544842618, 0.31118608421, 0.011428462695],
      [0.29461916989, 0.16061702249, 0.0004851065086, 0.020369740863, 0.056949703444, 0.45855279749, 0.0084064593161],
      [0.044070226129, 0.02237252347, 0.1507082701, 0.08575351022, 0.19427881693, 0.30081148652, 0.20200516664]
    ],
    [
      [0.00024705951057, 0.27232338771, 2.4986403921e-05, 0.0029403808998, 2.8456564665e-05, 0.72441727346, 1.8455448269e-05],
      [0.13867806017, 0.079230071055, 0.66564244368, 0.028320948692, 0.042088359448, 0.039149835976, 0.0068902809801],
      [0.042558853284, 0.004990986255, 0.024287597567, 0.10845037888, 0.73008497381, 0.070371328564, 0.019255881644],
      [0.0038475246504, 0.014580788516, 9.6505995403e-05, 0.00806954467, 0.001251777941, 0.97186731189, 0.00028654633749],
      [0.0052970330366, 0.054083468741, 0.00021718573791, 0.32657216797, 0.13565740469, 0.47075604596, 0.0074166938681],
      [0.28036345769, 0.13203174366, 0.00014170828845, 0.011028108764, 0.038603318325, 0.53361955392, 0.0042121093631],
      [0.056839981007, 0.025158352732, 0.059387300144, 0.063452545501, 0.17981758587, 0.48014623778, 0.13519799697]
    ],
    [
      [9.7071101356e-05, 0.27793161929, 8.3038296462e-05, 0.0047961011692, 4.3244950566e-05, 0.71701579241, 3.3132783939e-05],
      [0.021870372168, 0.033402617505, 0.87863477866, 0.018952561335, 0.026165265847, 0.015915018357, 0.0050593861279],
      [0.011142900858, 0.0034596276993, 0.054061872718, 0.11886224062, 0.74238168902, 0.046874412405, 0.023217256678],
      [0.0015209665736, 0.015145592563, 0.00032275757442, 0.013253434267, 0.001915079865, 0.96732430215, 0.00051786700279],
      [0.0016265623608, 0.043487711045, 0.0005644626082, 0.41835115479, 0.16153736055, 0.36399682098, 0.010435927665],
      [0.122589273, 0.15889144283, 0.00054879701157, 0.02106580484, 0.068603440061, 0.61944964493, 0.0088515973307],
      [0.016477066764, 0.019281626927, 0.14789407247, 0.077146707972, 0.20365018568, 0.35318064173, 0.18236969845]
    ],
    [
      [0.0004208576682, 0.34209608941, 3.083170677e-05, 0.002988060137, 3.3155352253e-05, 0.65439664711, 3.4358606842e-05],
      [0.1545827078, 0.059905008211, 0.70589350306, 0.018106855624, 0.031455207714, 0.021773422095, 0.0082832954934],
      [0.060225979107, 0.0049102382838, 0.025457723647, 0.091860309854, 0.73560207722, 0.051488228986, 0.030455442903],
      [0.0071383575939, 0.01916337962, 0.00012941055631, 0.0089450602572, 0.0015902879487, 0.96245171612, 0.00058178790446],
      [0.0089219396118, 0.064618379132, 0.00026732638493, 0.33480783282, 0.15930463625, 0.41820222581, 0.013877659989],
      [0.4293021783, 0.13069658055, 0.00014457827563, 0.0090801038473, 0.036700051586, 0.38767159423, 0.006404913207],
      [0.08261491333, 0.025346992838, 0.064061170807, 0.054564569014, 0.18000414796, 0.36005845717, 0.23334974888]
    ],
    [
      [0.0001246403793, 0.11984274147, 6.7906764804e-05, 0.0095821950498, 4.6312009704e-05, 0.87027509545, 6.1108882083e-05],
      [0.028071253505, 0.013314814293, 0.8698464792, 0.035579192651, 0.026914218723, 0.017272486509, 0.009001555121],
      [0.01190152332, 0.001188521055, 0.036966821497, 0.19617955587, 0.67372616838, 0.04431822763, 0.035719182251],
      [0.0016085590091, 0.005341246889, 0.00021729063219, 0.021832529368, 0.0016902300378, 0.9685229071, 0.00078723696784],
      [0.0013886880428, 0.012157163811, 0.00030761148949, 0.57374497852, 0.11606946435, 0.28347837746, 0.012853716326],
      [0.1511928552, 0.061240828313, 0.00041172954393, 0.038026782739, 0.066878071827, 0.66737850778, 0.014871224603],
      [0.016432350878, 0.0062226159734, 0.09527030851, 0.1182788183, 0.16930041144, 0.31600811933, 0.27848737557]
    ],
    [
      [0.00036625448882, 0.19614649288, 2.548499398e-05, 0.0089597468105, 3.2235648972e-05, 0.79441079004, 5.8995130969e-05],
      [0.16847724109, 0.040911564594, 0.64475336937, 0.06311226163, 0.035529046554, 0.030476960617, 0.016739556148],
      [0.044447462615, 0.0024122757451, 0.01737052492, 0.23298059671, 0.60724259545, 0.051743006123, 0.043803538443],
      [0.0051469017295, 0.0093657680502, 8.8556572704e-05, 0.022187281301, 0.0012783661111, 0.96110718792, 0.00082593831672],
      [0.0044018169863, 0.021339076162, 0.00012480756348, 0.58927341461, 0.087673899229, 0.28372618198, 0.013460803461],
      [0.39669877814, 0.073971950265, 0.00011967957093, 0.026650022924, 0.035010959887, 0.45669700881, 0.010851600401],
      [0.055027018833, 0.011223847051, 0.039045963065, 0.12397548842, 0.13209725763, 0.32660987462, 0.31202055038]
    ],
    [
      [0.00018819948336, 0.16873607928, 1.3336043652e-05, 0.011720945553, 5.4649755977e-05, 0.81926093839, 2.5851493241e-05],
      [0.1393085443, 0.063117005934, 0.47793186367, 0.14598038069, 0.10508217924, 0.05603967746, 0.012540348713],
      [0.015978757788, 0.0015111228889, 0.0063572022972, 0.21625381367, 0.70791020117, 0.038616049243, 0.013372852942],
      [0.0025552293191, 0.0078450430481, 4.4919269696e-05, 0.028086208604, 0.0020977183778, 0.95902069726, 0.00035018412407],
      [0.0018484512182, 0.015152904843, 5.3524851379e-05, 0.61707281958, 0.12096035803, 0.24012783961, 0.0047841018691],
      [0.21137708086, 0.079702717802, 7.4351794041e-05, 0.043124054497, 0.072961220954, 0.58696876889, 0.0057918052053],
      [0.030408892641, 0.010857302358, 0.021784437394, 0.17934461584, 0.24563382401, 0.3770353799, 0.13493554785]
    ],
    [
      [0.00012210865079, 0.26088095525, 0.00010064673728, 0.0047330913664, 3.4324349583e-05, 0.73407109597, 5.7777675316e-05],
      [0.024762560429, 0.028733625496, 0.8881427821, 0.016913679346, 0.018641310899, 0.014882289693, 0.0079237520348],
      [0.016113959883, 0.00378674131, 0.074666920444, 0.13468321865, 0.66860017027, 0.055760903904, 0.046388085548],
      [0.0018716143357, 0.013951721325, 0.00038262389054, 0.012791509141, 0.0014866616431, 0.96863254973, 0.0008833199385],
      [0.0020988825098, 0.042214441955, 0.00069988033015, 0.4212878797, 0.13082259347, 0.3842425782, 0.018633743825],
      [0.14939442386, 0.14527574382, 0.00064515905796, 0.020179578522, 0.052773084112, 0.61675174043, 0.0149802702],
      [0.018260295936, 0.016123936235, 0.15585776105, 0.067091602726, 0.14169085216, 0.32101279995, 0.27996275195]
    ],
    [
      [0.00031081551304, 0.20380062995, 6.3566492779e-05, 0.0064824949347, 4.9191010772e-05, 0.78921459165, 7.8710450378e-05],
      [0.076838949903, 0.0268125889, 0.80317599084, 0.028056169175, 0.032704327551, 0.019166268609, 0.013245705024],
      [0.02990272066, 0.0021292846068, 0.034945574592, 0.13468437648, 0.70855615139, 0.043250231658, 0.046531660612],
      [0.0044187324067, 0.010045672947, 0.00022424422467, 0.01624923062, 0.0019760715328, 0.96596990249, 0.001116145776],
      [0.0042858484964, 0.026255706348, 0.00035720063698, 0.46709145825, 0.15159308448, 0.32990770002, 0.020509001775],
      [0.30552601013, 0.087268097777, 0.00031698225884, 0.021390977148, 0.058727585841, 0.51091479437, 0.015855552475],
      [0.038980154548, 0.010422035966, 0.084161635088, 0.076987887408, 0.17124586939, 0.28647287891, 0.33172953869]
    ],
    [
      [0.00027734162443, 0.32990208212, 0.00013267332483, 0.0068213454844, 7.0526745679e-05, 0.66271665, 7.938069613e-05],
      [0.03892715209, 0.023828937069, 0.87832521669, 0.016440885789, 0.026090551688, 0.0089566263814, 0.0074306302889],
      [0.019901015775, 0.0025006323475, 0.053738750935, 0.1050021937, 0.7573541875, 0.026832290368, 0.034670929374],
      [0.0046143589368, 0.018702024716, 0.00054681209623, 0.02002232487, 0.0033169294656, 0.95147962772, 0.0013179221923],
      [0.0036363232877, 0.039542055847, 0.00070500758124, 0.46758188362, 0.20696130266, 0.26196842592, 0.019605001083],
      [0.28609959161, 0.14407012488, 0.0006867379345, 0.023262250916, 0.087224249803, 0.44212023414, 0.01653681071],
      [0.031149979807, 0.014688046185, 0.15620432787, 0.07197074311, 0.21889532525, 0.21294705208, 0.2941445257]
    ],
    [
      [0.00025034048232, 0.24394247264, 1.7909577369e-05, 0.0057477553963, 4.8075983871e-05, 0.74993947009, 5.3975832505e-05],
      [0.16792909515, 0.082438217506, 0.53300657346, 0.064126170563, 0.082383392225, 0.046709193104, 0.02340735799],
      [0.02612793027, 0.0027012546184, 0.01041581335, 0.12847725269, 0.75435417335, 0.043728186454, 0.034195389266],
      [0.003745653689, 0.01261890755, 6.6401604847e-05, 0.015155609082, 0.0020315396122, 0.96557681231, 0.0008050761531],
      [0.0037433264623, 0.033687132105, 0.00010846692792, 0.44969794563, 0.16064062438, 0.33695446849, 0.015168036005],
      [0.27390581831, 0.11171477469, 9.6860599589e-05, 0.020407224527, 0.061927460528, 0.52023750441, 0.01171035694],
      [0.039618416526, 0.01545484501, 0.028741908894, 0.085321210816, 0.2098758001, 0.33860388804, 0.28238393062]
    ],
    [
      [0.00023553148732, 0.21969136923, 7.7135429984e-05, 0.0058745055088, 4.7420936261e-05, 0.77401823754, 5.57998671e-05],
      [0.059641758242, 0.030452263849, 0.82252645582, 0.026142714784, 0.032013300225, 0.019713960091, 0.0095095469841],
      [0.02441182875, 0.0025299060912, 0.044647294371, 0.13032058712, 0.71675238496, 0.046400077305, 0.034937921402],
      [0.0034253187262, 0.011233703422, 0.0002782936727, 0.015051485573, 0.0019476036044, 0.96725472957, 0.00080886543571],
      [0.0034852905858, 0.030833207271, 0.00046083264623, 0.44560319724, 0.15484346468, 0.34933632014, 0.015437687428],
      [0.24623749829, 0.10441480405, 0.00042084074207, 0.021295153929, 0.06199120394, 0.55334150401, 0.012298995048],
      [0.033516152115, 0.013032159405, 0.11269511721, 0.078929085402, 0.18534289232, 0.32294399392, 0.25354059963]
    ],
    [
      [0.00015489071691, 0.39990131621, 3.1420046472e-05, 0.0040940723705, 5.3176676624e-05, 0.59571412647, 5.0997502586e-05],
      [0.07672226901, 0.10665449798, 0.664606094, 0.035507444655, 0.070110191857, 0.029423908449, 0.016975594057],
      [0.015930045587, 0.0044971616003, 0.018075122466, 0.090331844562, 0.80405343033, 0.035286374207, 0.031826021246],
      [0.0028806787728, 0.025841077551, 0.00014493267307, 0.013423717956, 0.0027945636187, 0.95396905175, 0.00094597768259],
      [0.0027738107586, 0.067083366247, 0.00022751696692, 0.37704395998, 0.21093825336, 0.32481128313, 0.017121809554],
      [0.18596475423, 0.21634752832, 0.00019657033209, 0.017015318184, 0.079767250084, 0.48781203318, 0.012896545671],
      [0.026311184512, 0.027910571316, 0.054764333281, 0.065766573121, 0.2491496849, 0.29592357562, 0.28017407725]
    ],
    [
      [0.00024384471609, 0.23575899057, 0.00011355287658, 0.011539063011, 0.00011967026445, 0.75201622116, 0.00020865740146],
      [0.039206083736, 0.019646151799, 0.82390286075, 0.032152535993, 0.050976626178, 0.01167877222, 0.022436969323],
      [0.010691184948, 0.0010932205165, 0.02792328016, 0.10858331872, 0.77754921734, 0.018532025811, 0.055627752497],
      [0.0035584458718, 0.011723756168, 0.00041075370336, 0.029702515436, 0.0049361079491, 0.9466300117, 0.003038409176],
      [0.0021066965019, 0.018515667826, 0.00039716506135, 0.52047442372, 0.23050895751, 0.19410493426, 0.033892155121],
      [0.22917519109, 0.094930491646, 0.00054105838019, 0.036382937583, 0.13668628116, 0.46211670586, 0.040167334277],
      [0.016238470566, 0.0062354641497, 0.078352506861, 0.072535934594, 0.22056894163, 0.14294959306, 0.46311908915]
    ],
    [
      [0.00027348495531, 0.30151746488, 2.4484991182e-05, 0.0042487737419, 3.1671411759e-05, 0.69387495209, 2.9167927665e-05],
      [0.15964480476, 0.095070711351, 0.60137499524, 0.043258338171, 0.048972764525, 0.040291088731, 0.011387297219],
      [0.041566727659, 0.0050408751674, 0.020772788894, 0.13849796876, 0.70654469703, 0.06074944689, 0.026827495602],
      [0.0044182221942, 0.017008494711, 9.808876967e-05, 0.012097466841, 0.0014453389093, 0.96446257735, 0.00046981122482],
      [0.0050929163482, 0.052921886717, 0.00018417430329, 0.40727699534, 0.130426958, 0.39393134236, 0.010165726942],
      [0.29126136972, 0.14415170983, 0.00013510982739, 0.015552271943, 0.041823519166, 0.50058404871, 0.0064919707993],
      [0.056012364994, 0.025515531831, 0.051264721214, 0.082146489591, 0.17827882568, 0.41573491637, 0.19104715032]
    ],
    [
      [0.0003054827825, 0.19414787665, 5.6729350694e-05, 0.0053886603793, 4.5635089676e-05, 0.79999340077, 6.2214983982e-05],
      [0.093408728954, 0.031997990269, 0.77157989059, 0.02880647177, 0.037199839739, 0.024195923931, 0.012811154744],
      [0.032477648243, 0.0022709153995, 0.033970766248, 0.12333410796, 0.71889548418, 0.048716886287, 0.040334191678],
      [0.0043091934055, 0.009609837037, 0.0001984902858, 0.013393403471, 0.0018179919928, 0.96979628257, 0.00087480123602],
      [0.0046496964534, 0.027892140133, 0.00035001539902, 0.42507719653, 0.15437191929, 0.36985786144, 0.017801170747],
      [0.30018862176, 0.085182590177, 0.00028760091169, 0.018099709301, 0.055373921495, 0.52813821113, 0.012729345225],
      [0.042991826394, 0.01129505463, 0.082624473237, 0.07172577561, 0.17740865848, 0.327543329, 0.28641088265]
    ],
    [
      [0.00021880279413, 0.23342733489, 5.4738765895e-05, 0.0045210586027, 4.8194036514e-05, 0.76163244465, 9.7426261601e-05],
      [0.074126349834, 0.043610353176, 0.76323225601, 0.027024856897, 0.043606529757, 0.026153522198, 0.022246132127],
      [0.022942710384, 0.0027316291459, 0.031969465013, 0.10134653538, 0.73298390515, 0.046385736848, 0.061640018085],
      [0.0032402537623, 0.012166009661, 0.00020113091654, 0.01179480189, 0.0020155458728, 0.9691441382, 0.0014381196974],
      [0.0035732187233, 0.036236737334, 0.00036060051509, 0.37681344966, 0.17325699569, 0.38004112364, 0.029717874445],
      [0.23083466303, 0.11283362646, 0.00030296097018, 0.016645567033, 0.063942205749, 0.5536382064, 0.021802770359],
      [0.027447248061, 0.012255586077, 0.070189558637, 0.053575491037, 0.16588371973, 0.28114750213, 0.38950089433]
    ],
    [
      [0.00029482829457, 0.23858622068, 5.0352006731e-05, 0.0063148132341, 5.713827325e-05, 0.75457360638, 0.00012304112291],
      [0.10185261857, 0.045530476971, 0.70644617081, 0.038467762878, 0.052638384998, 0.026461248969, 0.028603336806],
      [0.025876693317, 0.0023412173225, 0.024558870977, 0.11833759869, 0.72533432948, 0.038515912184, 0.065035378036],
      [0.0043763766799, 0.012474987842, 0.00018543863634, 0.016511770644, 0.002395045164, 0.96223604402, 0.0018203370162],
      [0.0040559611475, 0.031231399137, 0.00027919816689, 0.44271395954, 0.17283339215, 0.31730090018, 0.031585189678],
      [0.28222577252, 0.10471955792, 0.00025290146165, 0.021099990429, 0.068789183196, 0.49792854339, 0.024984051073],
      [0.032056123781, 0.010872762931, 0.05581948771, 0.064816031747, 0.17023794537, 0.24161287102, 0.42458477743]
    ],
    [
      [0.00044700941867, 0.17778133246, 0.00011534211887, 0.0058249458805, 8.9363646219e-05, 0.81564751419, 9.4492281264e-05],
      [0.076253978008, 0.016502327395, 0.82435270503, 0.017476396716, 0.040651022786, 0.01392577037, 0.010837799691],
      [0.02722023011, 0.0011940555584, 0.039198815215, 0.075932110249, 0.79314361061, 0.028577375532, 0.034733802729],
      [0.006155993163, 0.0085500103668, 0.00039403558287, 0.014134338167, 0.0034759196237, 0.96599241325, 0.0012972898466],
      [0.005705155622, 0.021371658142, 0.00059462713449, 0.38146001728, 0.25194588417, 0.31636615561, 0.022556502037],
      [0.36351837129, 0.064833344614, 0.00048579681477, 0.016298426907, 0.090215394847, 0.44857235697, 0.016076308551],
      [0.044225038781, 0.0072764930892, 0.11708119246, 0.054421364214, 0.24291001128, 0.23551188544, 0.29857401473]
    ],
    [
      [0.00029808029308, 0.27328880307, 3.4482151694e-05, 0.0041255366412, 4.3493548299e-05, 0.72214813789, 6.1466402737e-05],
      [0.13730586845, 0.069253567361, 0.65365109736, 0.033530658797, 0.053505574242, 0.033675985092, 0.019077248702],
      [0.035028595786, 0.0035747955048, 0.022581039468, 0.10375162253, 0.74220555353, 0.049256715829, 0.043601677349],
      [0.0046394913034, 0.014937814552, 0.00013316997296, 0.011313187919, 0.0019119188384, 0.9661107384, 0.0009536790147],
      [0.0052500383341, 0.045666001153, 0.00024512461287, 0.37129090359, 0.16874365241, 0.38857644824, 0.020227831663],
      [0.29762143461, 0.12461591344, 0.00018029725316, 0.014349171503, 0.054515970851, 0.49572471587, 0.012992496474],
      [0.046362930974, 0.017747949699, 0.054791823844, 0.06064059594, 0.18567257506, 0.33041484551, 0.30436927898]
    ],
    [
      [0.00029639765986, 0.24328953738, 3.9277834954e-05, 0.0054778159064, 5.6731818909e-05, 0.75070377971, 0.00013645969122],
      [0.12030313913, 0.054314582436, 0.65671238015, 0.03916094531, 0.061415996494, 0.030799658211, 0.037293298268],
      [0.02640184672, 0.0024152169557, 0.019489349578, 0.10441742536, 0.73502072809, 0.038805850047, 0.073449583253],
      [0.0044281327283, 0.012781033532, 0.00014558236542, 0.014418258795, 0.0023936662876, 0.96380111871, 0.002032207582],
      [0.0043192111513, 0.033665152303, 0.00023100513084, 0.40826381869, 0.18224730239, 0.33409346308, 0.037180047247],
      [0.28434289688, 0.10655311863, 0.00019726088986, 0.018290883549, 0.068289506158, 0.49461870246, 0.027707631425],
      [0.031344238195, 0.010752098727, 0.042428443574, 0.054745207705, 0.16479747469, 0.23339864616, 0.46253389095]
    ],
    [
      [0.00021578558083, 0.31982013015, 7.2773709671e-05, 0.004677133822, 5.5106902183e-05, 0.67512284509, 3.6224744217e-05],
      [0.053921852595, 0.042537754342, 0.82360628064, 0.02043536285, 0.036757151377, 0.016644159059, 0.0060974391379],
      [0.020614944767, 0.0033078871734, 0.039232143484, 0.096244239197, 0.78265617424, 0.036869284104, 0.021075327031],
      [0.0035641481506, 0.018255552646, 0.00029804831087, 0.013624621436, 0.0025725800477, 0.9610881659, 0.00059688351325],
      [0.0035414082944, 0.048858075279, 0.00048427619262, 0.39813076883, 0.20145880096, 0.33634937655, 0.011177293893],
      [0.23881645042, 0.15693532956, 0.00041563705184, 0.017709749313, 0.075410243004, 0.50236436956, 0.0083482210951],
      [0.034790271592, 0.020983060318, 0.12211770855, 0.071329905831, 0.24581220587, 0.31621027665, 0.1887565712]
    ],
    [
      [0.00019004045558, 0.24286635074, 5.5575134996e-05, 0.0034190884573, 3.9094660782e-05, 0.7533684939, 6.1356648339e-05],
      [0.063229053873, 0.043519769493, 0.80036431182, 0.019833674866, 0.034523145666, 0.024843600136, 0.013686444141],
      [0.024369265315, 0.0034168018976, 0.039903726624, 0.093781500983, 0.73544052602, 0.055392814072, 0.047695365088],
      [0.0028527687484, 0.012748484254, 0.00020691313217, 0.0090435567137, 0.0016575678324, 0.97257247116, 0.00091823816198],
      [0.0036018581965, 0.043361913696, 0.00042552268596, 0.33264093364, 0.16385683764, 0.43432764809, 0.021785286049],
      [0.21530341168, 0.12358912092, 0.00032633990646, 0.013318393923, 0.054969340558, 0.57794239859, 0.014550994425],
      [0.029496268275, 0.015549111728, 0.088806269266, 0.050023848026, 0.16685162259, 0.34074714726, 0.30852573286]
    ],
    [
      [0.0005105647347, 0.27483845014, 0.00032360110016, 0.0088211929813, 0.00014122833962, 0.71527044026, 9.4522450163e-05],
      [0.035317893513, 0.010435164452, 0.90810296894, 0.010743226443, 0.026016161955, 0.0049924745586, 0.00439211014],
      [0.01987820216, 0.0011885271033, 0.069990447239, 0.073393656815, 0.79725767195, 0.016124810402, 0.02216668433],
      [0.0078394087047, 0.014790946844, 0.0012321577813, 0.023868535046, 0.0061251864315, 0.94469684212, 0.0014469230758],
      [0.0049563414497, 0.025234482709, 0.0012658288893, 0.43778048366, 0.30205792032, 0.21156908038, 0.017135862587],
      [0.37681814246, 0.092259302822, 0.0012493577163, 0.022641894877, 0.13068220743, 0.36160390912, 0.014745185575],
      [0.037196586265, 0.0083357765539, 0.24054297883, 0.060660798161, 0.28212270018, 0.15274672091, 0.2183944391]
    ],
    [
      [0.00025579511171, 0.31025387125, 2.4943275792e-05, 0.0067215284803, 5.7337519373e-05, 0.68262762474, 5.8899627496e-05],
      [0.13889557278, 0.091658040307, 0.56397626774, 0.064015112983, 0.082837278043, 0.037139299681, 0.021478428465],
      [0.023205284405, 0.0031106148255, 0.012621636382, 0.13085104272, 0.76206464492, 0.035786433786, 0.032360342956],
      [0.0041621235449, 0.017667829246, 0.00010066793184, 0.019275583038, 0.0026354075359, 0.95520286676, 0.00095552194777],
      [0.0035344800969, 0.040464094995, 0.00013929610141, 0.47789177676, 0.17525954929, 0.28746886449, 0.015241938261],
      [0.26388530955, 0.14482337206, 0.00013412421434, 0.024008794945, 0.073889200783, 0.48046355189, 0.012795646555],
      [0.037900211169, 0.019068538389, 0.037750819155, 0.094216195435, 0.23397809111, 0.29645567971, 0.28063046503]
    ],
    [
      [9.4883066426e-05, 0.18119583628, 7.5167262336e-06, 0.0051222086423, 1.7910337352e-05, 0.81352933181, 3.2313141638e-05],
      [0.11961572391, 0.11334588144, 0.48216724491, 0.10711259429, 0.058194962569, 0.092907938547, 0.02665565433],
      [0.020299326721, 0.0040642584273, 0.0090918303915, 0.2384367755, 0.58923672445, 0.095799433449, 0.043071651054],
      [0.0013206943861, 0.0087182698861, 2.595315917e-05, 0.012583936695, 0.00070489379947, 0.97619736736, 0.00044888471113],
      [0.001629637727, 0.028749674195, 5.2633336621e-05, 0.47064069068, 0.068887097602, 0.41953271796, 0.010507548503],
      [0.12449001433, 0.10475228918, 5.0638212258e-05, 0.022816981624, 0.028815363117, 0.7102956462, 0.0087790673379],
      [0.020216410239, 0.015497104646, 0.016037195791, 0.1037003541, 0.10631286541, 0.49574940278, 0.24248666702]
    ],
    [
      [5.2462354937e-05, 0.1495896217, 1.8792466763e-05, 0.0027042424201, 3.2985985173e-05, 0.84755932103, 4.2574046286e-05],
      [0.039676200795, 0.058929386084, 0.716723123, 0.035414387796, 0.06688249818, 0.060529320983, 0.021845083163],
      [0.0077985933885, 0.0023850080049, 0.016032883615, 0.088414174553, 0.77539848942, 0.070223737424, 0.039747113596],
      [0.0007065839709, 0.0070320582219, 6.2809547129e-05, 0.0064265215711, 0.0012564808324, 0.98394310537, 0.0005724404828],
