{
  "Z_true": {},
  "V_true": [
    [41, 29, 509, 348],
    [430, 206, 14986, 538],
    [266, 3859, 802, 362],
    [1026, 96, 736, 154],
    [84, 232, 643, 648]
  ],
  "p_true": [
    [0.0442, 0.0313, 0.5491, 0.3754],
    [0.0266, 0.0127, 0.9274, 0.0333],
    [0.0503, 0.7296, 0.1516, 0.0684],
    [0.5099, 0.0477, 0.3658, 0.0765],
    [0.0523, 0.1444, 0.4001, 0.4032]
  ],
  "Z_est": [
    [
      [0, 0, 0, 0.0008, 0.0016, 0, 0, 0, 0.0008, 0, 0, 0.0173, 0.0291, 0.0031, 2.5648, 0.0173, 0.0157, 0.3722, 0.0031, 0.0039, 0.0126, 0.0071, 0.0047, 0.0822, 0.0039, 0.0063, 0.0047, 0.0063, 0.044, 0.0134, 0.0024, 0.0157, 0.026, 0.0236, 0.0157, 0.026, 0.0307, 0.0236, 0.0102, 0.0126, 0.011, 0.0094, 0, 0.1699, 0.0448, 0.0692, 0.9883],
      [0, 0, 0, 0.0002, 0.0003, 0, 0.0002, 0, 0.0173, 0, 0, 0.0037, 0.0063, 0.0007, 0.0036, 0.0161, 0.0034, 0.0005, 0.0007, 0.0008, 0.0027, 0.0015, 0.001, 0.0017, 0.0008, 0.0014, 0.001, 0.0014, 0.0095, 0.0029, 0.1431, 0.0034, 0.0056, 0.0051, 0.0034, 0.0056, 0.0066, 0.0051, 0.0022, 0.0027, 0.0024, 0.002, 0, 0.0366, 1.6197, 0.0149, 0.6912],
      [0, 0, 0, 0.2309, 0.7981, 0, 0.2417, 0, 0.3458, 0, 0, 8.8353, 12.2187, 3.3548, 6.1666, 7.2463, 4.8346, 0.9642, 0.9236, 1.1544, 5.6869, 2.2968, 1.3853, 3.677, 1.1544, 3.0254, 2.0568, 2.6615, 20.8139, 3.9251, 1.4532, 5.441, 13.3136, 7.2518, 7.6241, 14.4052, 16.3407, 13.5587, 3.6276, 7.1424, 3.8693, 4.8413, 0, 64.3418, 18.354, 29.6408, 11.336],
      [0, 0, 0, 0.7682, 1.2, 0, 0.7581, 0, 0.636, 0, 0, 13.1437, 24.746, 0.6414, 12.2651, 14.7204, 15.1463, 1.6631, 3.0726, 3.8408, 10.2978, 6.6946, 4.6089, 6.239, 3.8408, 4.967, 3.9375, 5.3308, 35.1325, 13.0586, 1.4014, 14.5399, 19.6548, 22.7195, 12.3567, 18.5633, 22.622, 16.4126, 9.36, 8.8423, 10.1173, 7.1472, 0, 151.4517, 36.9814, 58.2751, 5.9845]
    ],
    [
      [0.4275, 0, 1.0354, 2.5132, 1.0399, 0.7354, 0, 0, 0.1503, 0, 0, 1.5484, 16.217, 0.1205, 12.2619, 7.5497, 12.4022, 0.8368, 4.9101, 5.9624, 17.9353, 10.1631, 17.2859, 9.2142, 6.2754, 16.3194, 3.2487, 3.6193, 5.316, 0, 0.6143, 3.4452, 0, 0, 0, 2.7399, 0.9725, 8.9469, 3.9198, 0.696, 4.4987, 0, 0.3361, 97.1523, 3.8086, 20.8527, 0.9843],
      [0, 0.4134, 1.3757, 0, 0, 1.3302, 0.1116, 0.8269, 0.3866, 0, 0, 8.4135, 6.9655, 0.2779, 4.6193, 10.8711, 6.613, 0.0771, 0, 0, 0, 0, 0, 0, 0, 0, 0, 0.7644, 2.359, 15.3595, 0, 2.3991, 0.2684, 7.8839, 11.2202, 10.8151, 9.9413, 5.6111, 0, 2.4059, 9.1471, 1.4374, 0, 103.7684, 29.3322, 12.0714, 0.0095],
      [17.8165, 3.6243, 51.3464, 22.7746, 16.5365, 18.8131, 9.4045, 18.4744, 12.4631, 8.6578, 14.9917, 296.0382, 555.5989, 34.6016, 203.1187, 344.8314, 305.4934, 10.4398, 305.2373, 193.4523, 520.7864, 294.5504, 463.1266, 228.5414, 395.4838, 200.8266, 227.7513, 159.4552, 512.5552, 244.4621, 49.3857, 188.0692, 274.5214, 398.5228, 274.7798, 263.445, 413.7278, 494.4421, 216.7063, 109.8981, 135.8131, 96.8053, 3.6639, 4609.1341, 836.5093, 1269.4872, 55.0061],
      [1.756, 0.9623, 0.2426, 1.7122, 0.4236, 0.1213, 1.4839, 1.6987, 0, 0.3422, 1.0083, 0, 8.2186, 0, 0, 3.7478, 12.4914, 0.6464, 4.8526, 3.5853, 3.2783, 6.2865, 5.5875, 1.2444, 1.2408, 1.8541, 0, 4.161, 15.7699, 8.1784, 0, 2.0865, 3.2102, 9.5933, 0, 0, 4.3584, 0, 2.374, 0, 6.5411, 1.7573, 0, 41.9452, 13.35, 29.5887, 0]
    ],
    [
      [1.179, 0, 0.3091, 1.6906, 0.3366, 0.1151, 0, 0.0865, 0.1361, 0, 0.0865, 3.8752, 8.8975, 0.4911, 5.9632, 4.7383, 5.603, 0.0412, 0.2813, 4.0063, 4.1535, 3.4296, 6.6481, 1.3041, 0.1158, 4.0577, 0.505, 2.3545, 11.8375, 1.47, 0.7099, 3.7468, 6.6494, 5.4278, 2.1618, 7.9105, 6.8772, 7.6629, 6.8026, 3.2187, 5.0783, 0.9512, 0, 78.655, 7.8081, 16.5358, 1.2656],
      [5.7566, 0, 1.9683, 2.8067, 1.9408, 3.1934, 0.8071, 2.8393, 2.1626, 0, 5.5516, 87.8859, 107.9625, 10.2496, 59.3284, 67.4673, 65.2641, 0.8071, 9.7523, 11.6679, 19.4257, 9.6378, 10.5685, 12.1218, 3.9004, 4.9634, 6.8261, 31.5559, 227.777, 129.6308, 15.4041, 145.8372, 173.8647, 196.795, 168.5833, 171.3959, 128.8095, 119.3384, 78.7502, 66.3404, 94.8322, 58.0483, 0, 1162.9608, 123.746, 268.714, 13.2472],
      [1.4189, 0, 0.4182, 0.8939, 0.4182, 0.5576, 0.1394, 0.5576, 0.4182, 0.1394, 1.1152, 17.2868, 21.0498, 2.9916, 11.2916, 12.9644, 12.9644, 0.1394, 2.7103, 2.9275, 4.6003, 2.2304, 13.4737, 2.5092, 1.6753, 1.8122, 2.7821, 6.1543, 55.1008, 22.862, 5.4844, 33.7613, 50.1757, 38.5991, 34.8617, 36.5369, 24.2028, 27.9128, 29.1249, 17.1727, 17.4862, 13.3938, 0, 216.0738, 24.256, 51.1607, 2.8811],
      [0.6455, 0, 0.3044, 0.6088, 0.3044, 0.1338, 0.0535, 0.5167, 0.2831, 0.8606, 1.2467, 4.9521, 13.0902, 0.2677, 4.4167, 7.83, 9.1684, 0.0122, 4.2561, 2.3984, 4.8205, 0.7021, 4.3096, 2.0648, 1.3085, 2.1667, 1.8868, 2.9353, 18.2846, 10.0371, 0.4015, 18.6547, 10.3101, 15.1781, 5.3932, 6.1567, 10.1106, 5.0859, 9.3223, 3.2683, 6.6032, 3.6067, 0, 92.3104, 18.1899, 30.5895, 1.6061]
    ],
    [
      [0, 0, 1.4114, 2.7487, 0.622, 2.0623, 0, 0.8815, 0.6511, 0, 0.8223, 16.4371, 46.7215, 2.3187, 15.1476, 23.3607, 27.6799, 0.7153, 18.1842, 14.6702, 37.0118, 8.6334, 27.1644, 10.8424, 11.6406, 5.257, 14.5319, 12.7366, 57.8083, 15.475, 2.6045, 25.7914, 27.1732, 50.1864, 21.7251, 37.0196, 37.9094, 37.3996, 22.5034, 15.5797, 24.6159, 9.6572, 0.6639, 421.7869, 42.5939, 79.5161, 7.5276],
      [0, 0.5866, 0.0189, 0.112, 0.0589, 0.1519, 0, 0.2527, 0.0297, 0, 0.205, 2.5291, 2.8597, 0.3096, 0.2084, 1.1551, 0.3694, 0.0342, 0.247, 0.52, 0.5434, 0.3607, 0.3211, 0.4974, 0.0988, 0.224, 0.1729, 1.0292, 6.9057, 4.9297, 0.2905, 4.2453, 4.9406, 6.2314, 7.3537, 5.5505, 4.2408, 3.8003, 2.3816, 2.0342, 3.0712, 2.5387, 0, 39.5906, 4.8069, 5.9775, 0.4842],
      [0, 0.3757, 0.4943, 0.9885, 0.2471, 0.7414, 0, 0.7561, 0.2471, 0.7924, 2.0819, 6.6727, 17.2996, 1.2896, 5.437, 8.6498, 9.6384, 0.2471, 11.675, 5.1899, 14.1338, 2.9656, 9.3912, 3.9542, 4.6198, 1.9771, 7.8488, 5.549, 29.2488, 8.431, 1.002, 11.9271, 12.8399, 32.1832, 15.4964, 18.8504, 22.5647, 14.4953, 8.7957, 8.5744, 10.8739, 7.0502, 0.3361, 192.5407, 20.2371, 30.3979, 3.5359],
      [0, 0.0377, 0.0754, 0.1508, 0.072, 0.0444, 0, 0.1097, 0.072, 0.2076, 2.8908, 1.3611, 3.1192, 0.0821, 1.207, 1.8343, 1.3123, 0.0034, 0.8938, 0.6199, 1.311, 0.0403, 1.1233, 0.7061, 0.6408, 0.5419, 0.4464, 0.6852, 4.0373, 2.1643, 0.103, 2.0362, 2.0463, 3.3991, 1.4248, 1.5795, 2.2851, 1.3048, 1.3193, 0.8117, 1.439, 0.7539, 0, 21.0818, 4.3621, 7.1085, 0.4523]
    ],
    [
      [0.3935, 0, 0.2442, 0.0467, 0, 2.0872, 0, 0.0321, 0.0617, 0, 0.0913, 1.1221, 2.1349, 0.0665, 6.0624, 1.3339, 1.2991, 0.0345, 0.6212, 0.3572, 0.8868, 0.7668, 0.8969, 0.5571, 0.9642, 0.3596, 1.7097, 0.2833, 1.9942, 0.0416, 0.069, 1.0009, 1.1514, 2.3623, 1.0973, 1.304, 1.2103, 3.9671, 0.7641, 0.493, 0.7961, 0.3822, 0, 15.2359, 2.7447, 4.0262, 0.2341],
      [0.2434, 0, 1.637, 0.0811, 0, 0.3245, 0.0811, 0.0811, 0.4038, 0, 0.2434, 4.1678, 6.2061, 0.1623, 7.8403, 4.4904, 4.7501, 0.0811, 0, 0.8113, 2.0282, 0, 2.1093, 1.3792, 0, 0.8113, 0, 0.649, 4.9488, 9.0772, 0.1623, 2.515, 2.9206, 6.0846, 2.8395, 4.2329, 3.0018, 3.2451, 1.866, 1.2169, 1.9471, 0.9735, 0, 37.6436, 7.4953, 10.2222, 0.5679],
      [0.7646, 0, 4.7411, 0.112, 0, 0.8878, 0.2144, 0.2119, 0.5257, 0.4103, 0.8112, 13.167, 22.833, 0.7624, 9.9861, 14.3081, 12.0693, 0.2095, 8.4539, 3.2759, 8.7926, 10.9567, 9.6231, 6.3181, 20.0666, 3.3587, 13.5609, 2.18, 19.2813, 13.3198, 0.6747, 9.8015, 12.1494, 27.443, 13.238, 14.7626, 12.164, 17.5912, 7.7455, 5.2124, 7.9574, 3.9094, 0, 169.9096, 30.6435, 42.3135, 2.2409],
      [1.5985, 0, 1.3777, 0.7601, 0, 0.7005, 0.7045, 0.6749, 1.0088, 0.5897, 1.8542, 17.5432, 34.826, 1.0088, 15.1112, 21.8675, 21.8815, 0.6749, 9.9249, 5.5556, 13.2924, 12.2766, 13.3706, 8.7456, 9.9691, 5.4704, 6.7294, 4.8877, 34.7756, 26.5615, 1.0941, 17.6826, 19.7786, 39.1101, 17.8252, 19.7005, 20.6239, 15.1966, 12.6245, 8.0777, 13.2994, 6.7349, 0, 241.2109, 47.1165, 69.4381, 3.9571]
    ]
  ],
  "V_est": [
    [4.6942, 2.6272, 316.5398, 603.1388],
    [306.0548, 267.0753, 15381.1709, 205.6989],
    [235.1742, 3890.4863, 826.6868, 336.6527],
    [1239.7896, 122.2692, 572.644, 77.2973],
    [61.2872, 139.5421, 578.9585, 827.2123]
  ],
  "p_est": [
    [0.0051, 0.0028, 0.3415, 0.6506],
    [0.0189, 0.0165, 0.9518, 0.0127],
    [0.0445, 0.7356, 0.1563, 0.0637],
    [0.6162, 0.0608, 0.2846, 0.0384],
    [0.0381, 0.0868, 0.3603, 0.5148]
  ],
  "EI_Z": {},
  "EI_V": 4.5656,
  "MAE_Z": {},
  "MAE_V": 118.6829,
  "MAE_p": 0.0545,
  "runtime": 1.1795
}
