{
  "Z_true": {},
  "V_true": [
    [41, 29, 509, 348],
    [430, 206, 14986, 538],
    [266, 3859, 802, 362],
    [1026, 96, 736, 154],
    [84, 232, 643, 648]
  ],
  "p_true": [
    [0.0442, 0.0313, 0.5491, 0.3754],
    [0.0266, 0.0127, 0.9274, 0.0333],
    [0.0503, 0.7296, 0.1516, 0.0684],
    [0.5099, 0.0477, 0.3658, 0.0765],
    [0.0523, 0.1444, 0.4001, 0.4032]
  ],
  "Z_est": [
    [
      [0, 0, 0, 0.0008, 0.0016, 0, 0, 0, 0.0008, 0, 0, 0.0175, 0.0294, 0.0032, 2.566, 0.0175, 0.0159, 0.3723, 0.0032, 0.004, 0.0127, 0.0072, 0.0048, 0.0824, 0.004, 0.0064, 0.0048, 0.0064, 0.0445, 0.0135, 0.0024, 0.0159, 0.0262, 0.0238, 0.0159, 0.0262, 0.031, 0.0238, 0.0103, 0.0127, 0.0111, 0.0095, 0, 0.1717, 0.0453, 0.0699, 0.9876],
      [0, 0, 0, 0.0002, 0.0003, 0, 0.0002, 0, 0.0173, 0, 0, 0.0037, 0.0061, 0.0007, 0.0035, 0.016, 0.0033, 0.0005, 0.0007, 0.0008, 0.0027, 0.0015, 0.001, 0.0017, 0.0008, 0.0013, 0.001, 0.0013, 0.0093, 0.0028, 0.1431, 0.0033, 0.0055, 0.005, 0.0033, 0.0055, 0.0065, 0.005, 0.0022, 0.0027, 0.0023, 0.002, 0, 0.0359, 1.6201, 0.0146, 0.6914],
      [0, 0, 0, 0.2308, 0.9687, 0, 0.2417, 0, 0.3458, 0, 0, 8.8357, 12.2182, 3.3546, 6.166, 7.246, 4.8336, 0.9641, 0.9233, 1.1542, 5.6869, 2.2965, 1.385, 3.6771, 1.1542, 3.0255, 2.0568, 2.6614, 20.8142, 3.9242, 1.453, 5.4403, 13.3142, 7.2504, 7.6243, 14.4062, 16.3416, 13.5598, 3.6272, 7.1429, 3.8689, 4.8415, 0, 64.3364, 18.3532, 29.64, 11.3362],
      [0, 0, 0, 0.7682, 1.0294, 0, 0.7582, 0, 0.636, 0, 0, 13.1432, 24.7462, 0.6416, 12.2645, 14.7205, 15.1472, 1.663, 3.0728, 3.841, 10.2977, 6.6949, 4.6092, 6.2389, 3.841, 4.9669, 3.9375, 5.3309, 35.132, 13.0594, 1.4015, 14.5405, 19.6541, 22.7208, 12.3565, 18.5621, 22.6209, 16.4114, 9.3603, 8.8417, 10.1177, 7.147, 0, 151.456, 36.9814, 58.2755, 5.9848]
    ],
    [
      [0.421, 0, 1.0293, 2.5224, 1.0444, 0.7366, 0, 0, 0.1512, 0, 0, 1.6295, 16.3032, 0.1334, 12.3275, 7.601, 12.455, 0.8365, 4.9093, 5.995, 17.9878, 8.2417, 17.5635, 9.2429, 6.2479, 16.3403, 3.2372, 3.6567, 5.5852, 0, 0.6355, 3.4921, 0, 0, 0, 2.9343, 1.116, 9.0687, 3.9731, 0.7765, 4.6052, 0, 0.3361, 98.2996, 3.8965, 21.102, 0.9977],
      [0.0202, 0.7786, 1.3866, 0, 0, 1.3366, 0.1133, 0.8289, 0.3913, 0, 0, 7.1444, 7.1125, 0.2864, 4.7018, 10.9634, 6.7036, 0.0787, 0, 0, 0, 0, 0, 0, 0, 0, 0, 0.7925, 2.5702, 15.6088, 0, 2.4503, 0.4197, 8.2786, 11.5985, 11.0195, 10.0578, 5.7284, 0, 2.4631, 9.2285, 1.5539, 0, 104.9897, 29.5163, 12.387, 0.0261],
      [17.8002, 3.6243, 51.3414, 22.7641, 16.3608, 18.8054, 9.4026, 18.4672, 12.4575, 8.656, 14.9771, 297.226, 555.322, 34.5802, 202.9706, 344.6604, 305.3243, 10.4379, 304.054, 193.4141, 520.7235, 296.4639, 462.8378, 228.506, 395.5108, 200.8016, 227.7628, 159.3791, 511.9927, 244.1677, 49.3645, 187.9532, 274.3061, 398.0574, 274.4015, 263.0461, 413.4217, 494.2029, 216.6326, 109.7604, 135.5929, 96.6688, 3.6639, 4606.3328, 836.1862, 1268.8222, 54.9762],
      [1.7586, 0.5971, 0.2427, 1.7134, 0.5948, 0.1213, 1.4841, 1.7039, 0, 0.344, 1.0229, 0, 8.2623, 0, 0, 3.7752, 12.5171, 0.6469, 6.0367, 3.5909, 3.2887, 6.2944, 5.5987, 1.2511, 1.2413, 1.8581, 0, 4.1717, 15.8519, 8.2234, 0, 2.1044, 3.2742, 9.664, 0, 0, 4.4045, 0, 2.3943, 0, 6.5734, 1.7773, 0, 42.3779, 13.4011, 29.6888, 0]
    ],
    [
      [1.1819, 0, 0.306, 1.6805, 0.3321, 0.1099, 0, 0.0865, 0.133, 0, 0.0865, 3.7546, 8.7392, 0.4763, 5.8579, 4.6405, 5.5056, 0.0402, 0.2632, 3.9632, 4.0718, 3.4065, 6.3401, 1.2566, 0.1084, 4.0257, 0.4924, 2.3093, 11.5068, 1.4706, 0.6866, 3.6682, 6.6123, 5.3513, 2.1627, 7.6758, 6.6977, 7.4945, 6.7251, 3.1235, 4.9475, 0.9516, 0, 77.0252, 7.6247, 16.1491, 1.2457],
      [5.7401, 0, 1.9669, 2.8077, 1.9407, 3.1917, 0.8067, 2.8374, 2.1602, 0, 5.5549, 89.2018, 107.8927, 10.2432, 59.2916, 67.4247, 65.2207, 0.8067, 9.7522, 11.679, 19.4568, 9.637, 10.6009, 12.142, 3.9003, 4.9754, 6.826, 31.5364, 227.634, 129.3842, 15.4063, 145.8207, 173.754, 196.4865, 168.2083, 171.241, 128.7339, 119.2664, 78.7761, 66.2996, 94.7774, 57.9332, 0, 1162.2664, 123.6653, 268.5469, 13.2383],
      [1.4345, 0, 0.4234, 0.9044, 0.4234, 0.5645, 0.1411, 0.5645, 0.4234, 0.1411, 1.1291, 16.0896, 21.3116, 3.0127, 11.4321, 13.1257, 13.1257, 0.1411, 3.9098, 2.9639, 4.6575, 2.2582, 13.7567, 2.5405, 1.684, 1.8348, 2.7972, 6.2289, 55.6482, 23.1464, 5.5054, 33.8709, 50.3818, 39.0442, 35.2298, 36.9241, 24.4978, 28.1511, 29.1939, 17.3059, 17.7013, 13.5267, 0, 218.7617, 24.5578, 51.7971, 2.9093],
      [0.6434, 0, 0.3037, 0.6075, 0.3037, 0.1339, 0.0522, 0.5115, 0.2834, 0.8589, 1.2295, 4.9541, 13.0565, 0.2678, 4.4185, 7.8091, 9.148, 0.012, 3.0747, 2.3939, 4.8139, 0.6983, 4.3023, 2.061, 1.3073, 2.1642, 1.8844, 2.9253, 18.2111, 9.9988, 0.4017, 18.6402, 10.2519, 15.118, 5.3992, 6.1591, 10.0707, 5.088, 9.3049, 3.2711, 6.5738, 3.5885, 0, 91.9468, 18.1523, 30.5069, 1.6067]
    ],
    [
      [0, 0, 1.4113, 2.7484, 0.6219, 2.0621, 0, 0.8803, 0.651, 0, 0.8187, 16.4346, 46.7166, 2.3183, 15.1463, 23.3583, 27.6779, 0.7153, 18.1811, 14.6691, 37.0118, 8.6329, 27.1646, 10.8413, 11.6395, 5.2564, 14.5299, 12.735, 57.7985, 15.4743, 2.6042, 25.787, 27.1683, 50.1756, 21.6835, 37.0132, 37.902, 37.3954, 22.5006, 15.5769, 24.6123, 9.6428, 0.6639, 421.7289, 42.5867, 79.5066, 7.5266],
      [0, 0.2214, 0.0191, 0.1123, 0.059, 0.1521, 0, 0.2538, 0.0298, 0, 0.2055, 2.5316, 2.8648, 0.3099, 0.2097, 1.1576, 0.3717, 0.0342, 0.2471, 0.5214, 0.5436, 0.3615, 0.3212, 0.4984, 0.0988, 0.2245, 0.173, 1.0308, 6.914, 4.9299, 0.2909, 4.2495, 4.9452, 6.239, 7.3941, 5.5564, 4.2463, 3.805, 2.3845, 2.0365, 3.0747, 2.5524, 0, 39.6443, 4.8129, 5.9868, 0.485],
      [0, 0.3757, 0.4942, 0.9885, 0.2471, 0.7413, 0, 0.7561, 0.2471, 0.7923, 2.082, 6.6721, 17.298, 1.2896, 5.4365, 8.649, 9.6375, 0.2471, 11.6776, 5.1894, 14.133, 2.9654, 9.3903, 3.9538, 4.6206, 1.9769, 7.8505, 5.5488, 29.2485, 8.4306, 1.0019, 11.9265, 12.8393, 32.1849, 15.497, 18.8502, 22.5656, 14.4942, 8.795, 8.5746, 10.8734, 7.0506, 0.3361, 192.5355, 20.2365, 30.3951, 3.5358],
      [0, 0.4029, 0.0754, 0.1508, 0.0721, 0.0444, 0, 0.1098, 0.0721, 0.2077, 2.8938, 1.3617, 3.1206, 0.0821, 1.2075, 1.8351, 1.3129, 0.0034, 0.8942, 0.6201, 1.3116, 0.0403, 1.1238, 0.7064, 0.6411, 0.5421, 0.4466, 0.6855, 4.0391, 2.1652, 0.1031, 2.0371, 2.0472, 3.4006, 1.4255, 1.5802, 2.2861, 1.3054, 1.3198, 0.8121, 1.4397, 0.7542, 0, 21.0914, 4.364, 7.1116, 0.4525]
    ],
    [
      [0.3971, 0, 0.2535, 0.0479, 0, 2.0915, 0, 0.0332, 0.064, 0, 0.0947, 1.1638, 2.2115, 0.0689, 6.1023, 1.3827, 1.3456, 0.0357, 0.6433, 0.3688, 0.9159, 2.7117, 0.9271, 0.5768, 1.0002, 0.3712, 1.7357, 0.2926, 2.065, 0.0416, 0.0713, 1.0369, 1.1932, 2.4493, 1.138, 1.3505, 1.2533, 4.0176, 0.7908, 0.5104, 0.824, 0.3961, 0, 15.7746, 2.8468, 4.1724, 0.2423],
      [0.2396, 0, 1.6274, 0.0799, 0, 0.3195, 0.0799, 0.0799, 0.4014, 0, 0.2396, 4.1185, 6.1239, 0.1598, 7.7934, 4.4384, 4.7007, 0.0799, 0, 0.7988, 1.997, 0, 2.0768, 1.3579, 0, 0.7988, 0, 0.639, 4.8726, 9.0742, 0.1598, 2.4762, 2.8756, 5.9909, 2.7958, 4.1776, 2.9555, 3.1951, 1.8372, 1.1982, 1.9171, 0.9585, 0, 37.0637, 7.3854, 10.0647, 0.5592],
      [0.7653, 0, 4.7409, 0.1122, 0, 0.8887, 0.2146, 0.2121, 0.5262, 0.4105, 0.8118, 13.1766, 22.8501, 0.7629, 9.9948, 14.3189, 12.0789, 0.2097, 8.4352, 3.2784, 8.7991, 9.0161, 9.6301, 6.3227, 20.0304, 3.3613, 13.5328, 2.1818, 19.2964, 13.331, 0.6752, 9.8091, 12.1586, 27.4631, 13.2475, 14.7733, 12.1733, 17.5919, 7.7514, 5.2163, 7.9635, 3.9124, 0, 170.0337, 30.6664, 42.3456, 2.2426],
      [1.598, 0, 1.3782, 0.76, 0, 0.7003, 0.7055, 0.6748, 1.0085, 0.5895, 1.8538, 17.541, 34.8144, 1.0085, 15.1095, 21.8601, 21.8748, 0.6748, 9.9216, 5.554, 13.288, 12.2722, 13.3659, 8.7425, 9.9694, 5.4687, 6.7315, 4.8866, 34.766, 26.5532, 1.0937, 17.6777, 19.7726, 39.0967, 17.8188, 19.6986, 20.6179, 15.1953, 12.6206, 8.0751, 13.2954, 6.733, 0, 241.128, 47.1013, 69.4172, 3.956]
    ]
  ],
  "V_est": [
    [4.7023, 2.6251, 316.7003, 602.9723],
    [307.4319, 270.5354, 15374.1814, 207.8513],
    [230.2864, 3889.0318, 835.1729, 334.5088],
    [1239.5698, 122.1002, 572.6317, 77.6983],
    [65.0096, 137.7075, 577.3136, 826.9693]
  ],
  "p_est": [
    [0.0051, 0.0028, 0.3416, 0.6505],
    [0.019, 0.0167, 0.9514, 0.0129],
    [0.0435, 0.7353, 0.1579, 0.0632],
    [0.6161, 0.0607, 0.2846, 0.0386],
    [0.0405, 0.0857, 0.3592, 0.5146]
  ],
  "EI_Z": {},
  "EI_V": 4.576,
  "MAE_Z": {},
  "MAE_V": 118.9533,
  "MAE_p": 0.0546,
  "runtime": 0.6189
}
