{
  "X": [
    [5, 32, 110, 139, 22],
    [17, 94, 218, 261, 22],
    [5, 30, 66, 123, 12],
    [78, 227, 632, 1310, 104],
    [10, 24, 58, 111, 9],
    [7, 11, 52, 77, 10],
    [5, 4, 38, 51, 9],
    [59, 171, 1155, 1310, 229],
    [8, 36, 119, 141, 25],
    [53, 107, 233, 693, 65],
    [5, 21, 43, 151, 15],
    [1, 2, 25, 31, 1],
    [2, 6, 31, 90, 8],
    [53, 111, 574, 970, 69],
    [0, 3, 14, 15, 3],
    [14, 34, 279, 466, 29],
    [16, 32, 282, 300, 25],
    [84, 227, 1234, 1983, 165],
    [4, 8, 95, 121, 12],
    [6, 22, 107, 222, 9],
    [5, 41, 110, 290, 34],
    [49, 145, 573, 1266, 123],
    [3, 15, 88, 150, 13],
    [4, 12, 20, 108, 9],
    [1, 2, 5, 26, 0],
    [9, 39, 148, 333, 35],
    [65, 199, 958, 1430, 141],
    [0, 4, 29, 37, 7],
    [0, 1, 25, 28, 1],
    [2, 1, 2, 5, 2],
    [6, 19, 74, 103, 18],
    [26, 114, 521, 589, 105],
    [0, 3, 6, 10, 2],
    [0, 1, 3, 9, 0],
    [0, 0, 10, 14, 2],
    [1, 3, 16, 40, 3],
    [1, 4, 5, 18, 0],
    [15, 17, 157, 282, 42],
    [5, 6, 15, 53, 13],
    [56, 64, 926, 1090, 157],
    [3, 10, 44, 86, 10],
    [0, 3, 28, 38, 7],
    [3, 14, 89, 99, 21],
    [3, 1, 21, 39, 2],
    [0, 2, 5, 5, 1],
    [3, 15, 38, 70, 12],
    [21, 61, 176, 305, 57],
    [0, 3, 67, 14, 6],
    [7, 21, 72, 70, 10],
    [16, 58, 137, 189, 21],
    [2, 19, 81, 38, 7],
    [17, 53, 94, 172, 16],
    [2, 36, 102, 67, 9],
    [2, 13, 78, 81, 19],
    [0, 3, 89, 17, 14],
    [7, 31, 268, 208, 62],
    [6, 17, 85, 68, 21],
    [19, 38, 117, 210, 33],
    [3, 11, 40, 29, 8],
    [5, 11, 132, 54, 5],
    [11, 23, 146, 211, 14],
    [4, 10, 58, 65, 10],
    [3, 13, 41, 24, 3],
    [0, 7, 49, 19, 4],
    [0, 12, 75, 42, 5],
    [14, 27, 220, 196, 18],
    [14, 25, 104, 162, 22],
    [7, 16, 85, 128, 10],
    [8, 16, 115, 111, 16],
    [7, 12, 27, 46, 6],
    [9, 39, 235, 224, 31],
    [9, 59, 181, 285, 48],
    [8, 13, 59, 99, 12],
    [3, 33, 144, 144, 17],
    [6, 20, 40, 66, 7],
    [17, 53, 138, 194, 19],
    [1, 4, 38, 20, 2],
    [1, 19, 75, 50, 25],
    [0, 0, 49, 10, 7],
    [5, 12, 113, 67, 10],
    [0, 1, 5, 6, 2],
    [14, 49, 166, 144, 43],
    [0, 0, 4, 3, 1],
    [1, 10, 63, 37, 3],
    [2, 7, 111, 28, 11],
    [1, 4, 98, 37, 13],
    [5, 6, 75, 84, 21],
    [1, 9, 81, 29, 6],
    [2, 5, 60, 23, 3],
    [6, 10, 39, 67, 15],
    [12, 7, 50, 101, 22],
    [1, 7, 67, 80, 15],
    [7, 5, 91, 70, 10],
    [6, 15, 186, 150, 33],
    [0, 2, 41, 13, 5],
    [2, 0, 49, 23, 2],
    [8, 39, 119, 130, 32],
    [86, 21, 133, 312, 23],
    [183, 226, 804, 1555, 257],
    [95, 129, 436, 676, 155],
    [1, 1, 8, 6, 2]
  ],
  "W": [
    [24, 13, 144, 97, 17, 13],
    [45, 30, 272, 200, 38, 27],
    [20, 11, 132, 57, 6, 10],
    [186, 179, 1266, 536, 84, 100],
    [24, 5, 129, 43, 4, 7],
    [14, 6, 74, 48, 5, 10],
    [17, 4, 49, 28, 5, 4],
    [302, 58, 1321, 991, 103, 149],
    [41, 17, 137, 100, 20, 14],
    [85, 120, 644, 191, 47, 64],
    [12, 17, 149, 38, 4, 15],
    [3, 4, 27, 24, 2, 0],
    [11, 11, 84, 25, 2, 4],
    [172, 160, 870, 474, 36, 65],
    [4, 0, 17, 13, 0, 1],
    [91, 65, 417, 217, 13, 19],
    [79, 49, 256, 226, 20, 25],
    [290, 202, 1863, 1058, 125, 155],
    [18, 19, 107, 87, 4, 5],
    [23, 18, 206, 92, 8, 19],
    [29, 23, 277, 109, 21, 21],
    [142, 115, 1262, 456, 68, 113],
    [15, 9, 150, 81, 4, 10],
    [5, 3, 114, 16, 5, 10],
    [3, 4, 25, 2, 0, 0],
    [50, 37, 312, 115, 17, 33],
    [248, 154, 1345, 829, 75, 142],
    [7, 0, 40, 21, 3, 6],
    [6, 1, 26, 20, 2, 0],
    [1, 0, 7, 2, 1, 1],
    [19, 6, 105, 67, 12, 11],
    [139, 26, 605, 466, 58, 61],
    [2, 2, 10, 5, 0, 2],
    [1, 1, 7, 3, 1, 0],
    [3, 1, 12, 7, 2, 1],
    [2, 4, 35, 16, 2, 4],
    [1, 0, 20, 6, 1, 0],
    [42, 26, 269, 133, 11, 32],
    [6, 10, 54, 12, 4, 6],
    [203, 77, 1075, 801, 63, 74],
    [6, 2, 87, 44, 12, 2],
    [9, 2, 38, 25, 0, 2],
    [27, 6, 94, 75, 8, 16],
    [7, 11, 29, 17, 0, 2],
    [0, 3, 3, 4, 1, 2],
    [12, 9, 63, 38, 7, 9],
    [53, 18, 319, 156, 27, 47],
    [17, 1, 13, 51, 1, 7],
    [17, 16, 70, 61, 2, 14],
    [27, 27, 194, 126, 22, 25],
    [18, 6, 47, 58, 9, 9],
    [18, 24, 178, 82, 18, 32],
    [24, 9, 66, 88, 4, 25],
    [22, 1, 84, 69, 10, 7],
    [36, 2, 14, 59, 3, 9],
    [76, 9, 197, 233, 28, 33],
    [34, 2, 67, 74, 7, 13],
    [50, 42, 187, 88, 14, 36],
    [12, 1, 29, 37, 3, 9],
    [28, 11, 55, 105, 2, 6],
    [42, 27, 183, 118, 16, 19],
    [14, 6, 62, 50, 9, 6],
    [13, 1, 32, 34, 1, 3],
    [14, 1, 20, 40, 2, 2],
    [19, 2, 40, 64, 5, 4],
    [72, 27, 160, 181, 8, 27],
    [22, 25, 155, 83, 14, 28],
    [26, 10, 124, 66, 6, 14],
    [38, 9, 109, 87, 10, 13],
    [7, 6, 47, 22, 4, 12],
    [62, 16, 215, 174, 29, 42],
    [50, 12, 309, 138, 24, 49],
    [14, 13, 87, 51, 11, 15],
    [39, 9, 144, 120, 14, 15],
    [5, 4, 75, 36, 7, 12],
    [30, 27, 202, 118, 16, 28],
    [9, 0, 19, 28, 6, 3],
    [24, 1, 53, 66, 12, 14],
    [8, 0, 11, 43, 2, 2],
    [38, 10, 55, 86, 6, 12],
    [3, 0, 7, 4, 0, 0],
    [50, 18, 152, 156, 20, 20],
    [1, 0, 1, 6, 0, 0],
    [12, 3, 35, 46, 10, 8],
    [24, 1, 25, 92, 9, 8],
    [14, 1, 35, 92, 3, 8],
    [24, 5, 80, 61, 6, 15],
    [18, 1, 31, 69, 3, 4],
    [19, 2, 24, 46, 0, 2],
    [10, 2, 68, 39, 5, 13],
    [14, 9, 106, 48, 7, 8],
    [10, 2, 86, 61, 6, 5],
    [16, 6, 68, 81, 7, 5],
    [62, 5, 156, 148, 7, 12],
    [7, 0, 14, 36, 1, 3],
    [12, 3, 22, 38, 0, 1],
    [34, 5, 141, 104, 18, 26],
    [24, 102, 308, 101, 10, 30],
    [208, 201, 1587, 728, 99, 202],
    [132, 56, 735, 354, 54, 160],
    [2, 2, 4, 10, 0, 0]
  ],
  "method": "mvn_pdf",
  "cond_prob": [
    [
      [2.5197645434e-05, 0.042586649826, 0.78090165101, 0.068205877208, 0.10828062431],
      [0.15822476176, 0.061542821777, 0.0016711752523, 0.77855796591, 3.2752930393e-06],
      [0.018067782503, 0.097774046015, 0.026897065916, 0.82370193946, 0.033559166112],
      [1.6090607008e-05, 0.03643910542, 0.86473182457, 0.04486064153, 0.053952337876],
      [0.00062290084636, 0.48189355312, 0.14117868367, 0.13526135906, 0.2410435033],
      [0.054016357182, 0.39110594543, 0.085402142345, 0.10241413147, 0.36706142358]
    ],
    [
      [4.6654851551e-05, 0.090306236222, 0.75920877999, 0.080144096703, 0.070294232239],
      [0.21813360751, 0.098162359657, 0.0012427473997, 0.6824596719, 1.6135289553e-06],
      [0.026635671618, 0.16586299184, 0.021261332792, 0.76867718018, 0.017562823574],
      [2.9663486516e-05, 0.076926578157, 0.83564009824, 0.052480333965, 0.034923326149],
      [0.00078308516078, 0.6910019154, 0.094320926703, 0.10795898932, 0.10593508342],
      [0.073195023483, 0.60444810314, 0.061461667632, 0.088047687413, 0.17284751833]
    ],
    [
      [3.5070842097e-05, 0.080903738382, 0.7336830879, 0.086152300433, 0.099225802438],
      [0.1671717461, 0.08826372722, 0.0011669013054, 0.74339537395, 2.2514251282e-06],
      [0.019244270918, 0.14211147079, 0.019016154948, 0.79627489227, 0.023353211073],
      [2.2632613396e-05, 0.06995502765, 0.82281279065, 0.057262429864, 0.049947119224],
      [0.00059800789327, 0.64040520368, 0.090042462017, 0.11778798967, 0.15116633675],
      [0.055018506274, 0.54868495544, 0.057714667804, 0.094443259548, 0.24413861093]
    ],
    [
      [5.2593711068e-05, 0.052837169578, 0.75103706697, 0.10643184521, 0.089641324536],
      [0.20149302159, 0.04779167843, 0.0010339255794, 0.74967965577, 1.7186265084e-06],
      [0.025193805202, 0.081794489062, 0.017923281428, 0.85613065036, 0.018957773946],
      [3.3944102605e-05, 0.045687720495, 0.8383161642, 0.070747242991, 0.045214928214],
      [0.0011394722934, 0.51718033544, 0.1216270431, 0.18518419327, 0.17486895589],
      [0.098722413621, 0.42178791699, 0.07377492893, 0.14051920474, 0.26519553571]
    ],
    [
      [0.00010727430135, 0.071290087948, 0.75638998094, 0.084563740813, 0.087648915999],
      [0.39834925494, 0.057926835742, 0.00088879138474, 0.54283364051, 1.4774255309e-06],
      [0.058890281912, 0.12445485326, 0.019328302168, 0.77689666828, 0.020429894373],
      [6.8507169269e-05, 0.060999106998, 0.83964672303, 0.055619605002, 0.043666057804],
      [0.0020121379491, 0.62289163912, 0.10147846189, 0.12715264424, 0.1464651168],
      [0.16875001075, 0.47310687926, 0.057718893821, 0.090783769646, 0.20964044653]
    ],
    [
      [0.00010461186275, 0.037454099918, 0.72916054889, 0.12541517439, 0.10786556493],
      [0.31659055802, 0.024579690332, 0.00069006686301, 0.65813821776, 1.4670216395e-06],
      [0.04333430685, 0.048879981109, 0.01391118629, 0.87508042956, 0.018794096192],
      [6.8189871584e-05, 0.032733799849, 0.82818591462, 0.084187288521, 0.054824807141],
      [0.0024717262207, 0.40849974663, 0.12285432534, 0.23752580899, 0.22864839282],
      [0.19249623708, 0.28559820615, 0.064212708075, 0.15592677584, 0.30176607285]
    ],
    [
      [0.00011138941339, 0.020820004894, 0.74305669327, 0.10466091847, 0.13135099396],
      [0.39061602204, 0.014555119366, 0.00073142912201, 0.59409556089, 1.8685772593e-06],
      [0.055358107071, 0.03183669059, 0.016254257839, 0.87014195613, 0.026408988374],
      [7.2516365554e-05, 0.018183836194, 0.84506442557, 0.070175811717, 0.066503410151],
      [0.0031660295359, 0.27197699738, 0.14851978437, 0.23838079767, 0.33795639104],
      [0.22692365478, 0.16797509726, 0.068680014528, 0.13910312573, 0.3973181077]
    ],
    [
      [4.0357264462e-05, 0.02599268253, 0.77481274003, 0.082605141715, 0.11654907846],
      [0.20323250007, 0.030894381155, 0.0014041496426, 0.7644660317, 2.9374343446e-06],
      [0.025194836301, 0.052447487483, 0.024146434665, 0.86606752276, 0.032143718791],
      [2.6024115568e-05, 0.022456259394, 0.86392050177, 0.054862220217, 0.058734994507],
      [0.0011628014011, 0.33796427095, 0.16715826763, 0.19114029037, 0.30257436965],
      [0.093149143378, 0.25485626003, 0.093734835251, 0.13407587833, 0.42418388301]
    ],
    [
      [4.3323827166e-05, 0.054737910348, 0.73321045884, 0.089288080944, 0.12272022604],
      [0.19909824274, 0.057632528357, 0.0011506816932, 0.74211583846, 2.7087574867e-06],
      [0.023952275188, 0.096786478903, 0.019570406644, 0.83036540039, 0.029325438873],
      [2.8267994959e-05, 0.047859542689, 0.82961611306, 0.060003861684, 0.062492214567],
      [0.00089001829733, 0.51467515842, 0.11058384099, 0.14714009071, 0.22671089159],
      [0.076124639023, 0.41011854878, 0.065736292606, 0.10946657127, 0.33855394832]
    ],
    [
      [6.9200176449e-05, 0.051351230762, 0.70670752714, 0.12520821864, 0.11666382328],
      [0.22224851449, 0.038804660961, 0.00080822136098, 0.73813673825, 1.8649461934e-06],
      [0.028543790544, 0.068352521364, 0.014419999803, 0.86751001131, 0.021173676979],
      [4.5757044012e-05, 0.045493558711, 0.80892346012, 0.085268514223, 0.060268709905],
      [0.0014087549002, 0.47305060517, 0.10700694037, 0.20468749629, 0.21384620327],
      [0.11610150665, 0.36634351, 0.061653839551, 0.14756812851, 0.30833301529]
    ],
    [
      [3.5133889732e-05, 0.047683550838, 0.70848140528, 0.11170795285, 0.13209195715],
      [0.14008640669, 0.044031633356, 0.00094406233041, 0.81493536191, 2.5357108262e-06],
      [0.01624230426, 0.070670031857, 0.015351265978, 0.87148231508, 0.026254082826],
      [2.3165740874e-05, 0.042132485262, 0.81412013939, 0.07586103662, 0.067863172987],
      [0.00073399789203, 0.45774324934, 0.10573275579, 0.18726090897, 0.24852908801],
      [0.06244868012, 0.36370947413, 0.062676075965, 0.13893181338, 0.3722339564]
    ],
    [
      [2.4293735587e-05, 0.018613076438, 0.83753620362, 0.0987938562, 0.045032570003],
      [0.12053811962, 0.018981842974, 0.0010901750802, 0.8593889596, 9.0271954339e-07],
      [0.013502142349, 0.030769898884, 0.01796610504, 0.92832611198, 0.0094357417434],
      [1.4891172392e-05, 0.015325722289, 0.90066096106, 0.0623481001, 0.021650325378],
      [0.00092739935264, 0.34030149465, 0.20696854406, 0.30217224247, 0.14963031947],
      [0.089341596887, 0.28871644684, 0.13159231237, 0.24310738253, 0.24724226138]
    ],
    [
      [2.6370338773e-05, 0.025454626027, 0.73934241357, 0.10774142036, 0.12743516971],
      [0.11503901517, 0.025353609839, 0.0010197762234, 0.85858502814, 2.5706366509e-06],
      [0.013089518568, 0.040074879489, 0.016362269137, 0.90417862626, 0.026294706551],
      [1.7148205023e-05, 0.022195083009, 0.84123435255, 0.072158904376, 0.064394511862],
      [0.00071083629424, 0.31656482925, 0.13867973257, 0.23303025881, 0.31101434307],
      [0.058387782447, 0.24168929896, 0.079089215215, 0.16643726286, 0.45439644053]
    ],
    [
      [4.390087178e-05, 0.03429586453, 0.78229118774, 0.10553259886, 0.077836447995],
      [0.17826831577, 0.032847773702, 0.0011386959124, 0.78774363584, 1.5787701695e-06],
      [0.021948345067, 0.055372985062, 0.019444047917, 0.88608032694, 0.017154295014],
      [2.7987624056e-05, 0.029293842691, 0.86260451605, 0.069292271362, 0.038781382274],
      [0.0011907520381, 0.42041867747, 0.15844776936, 0.22987526361, 0.19006753752],
      [0.10270463122, 0.34116326624, 0.095627908151, 0.17357716461, 0.28692702978]
    ],
    [
      [6.9330372702e-06, 0.04287269493, 0.74022521709, 0.063820395672, 0.15307475928],
      [0.040088841354, 0.067184340343, 0.0013532669544, 0.89136933856, 4.2127894032e-06],
      [0.0049425302682, 0.097064467274, 0.019783453615, 0.83862328507, 0.03958626377],
      [4.443945023e-06, 0.036925126132, 0.84605079837, 0.042218583255, 0.074801048294],
      [0.00015085334964, 0.50203693855, 0.097389217496, 0.1096680754, 0.2907549152],
      [0.0095709921629, 0.37535593427, 0.058286453127, 0.079770069213, 0.47701655122]
    ],
    [
      [2.9090163165e-05, 0.024036773744, 0.80439988862, 0.099128688114, 0.072405559355],
      [0.13400969104, 0.02601415681, 0.0013125693133, 0.83866192997, 1.6528692533e-06],
      [0.015779904205, 0.042007638707, 0.021474977423, 0.90352891509, 0.017208564577],
      [1.8375625601e-05, 0.020344732939, 0.87940703474, 0.064490355411, 0.035739501287],
      [0.00092747606913, 0.34710748561, 0.19041180794, 0.25379656714, 0.20775666324],
      [0.081540534537, 0.28661173596, 0.116946627, 0.19507262349, 0.31982847901]
    ],
    [
      [3.4941748212e-05, 0.023002707974, 0.82421284439, 0.08990037736, 0.062849128525],
      [0.17032439539, 0.026181495779, 0.0014139837841, 0.80207861563, 1.5094238061e-06],
      [0.020701268025, 0.043800507438, 0.023967755561, 0.8952515292, 0.016278939777],
      [2.18522857e-05, 0.019276510123, 0.89207963223, 0.057903574278, 0.030718431083],
      [0.0011864664899, 0.35407976471, 0.20762162872, 0.2451030092, 0.19200913088],
      [0.10372484664, 0.28989384347, 0.12643579137, 0.18686654859, 0.29307896992]
    ],
    [
      [3.8780803147e-05, 0.02890130222, 0.79399875337, 0.099630489553, 0.077430674057],
      [0.16917542936, 0.029808510963, 0.0012488446334, 0.79976552101, 1.6940409035e-06],
      [0.020637782643, 0.049725497312, 0.021102172505, 0.89032002249, 0.018214525051],
      [2.4626914e-05, 0.024588882884, 0.8717931829, 0.065161815385, 0.038431491915],
      [0.0011405318092, 0.38354668521, 0.17486195607, 0.23532681885, 0.20512400807],
      [0.098061818091, 0.31062127788, 0.1052968709, 0.17726627282, 0.30875376031]
    ],
    [
      [2.4624257026e-05, 0.019466908977, 0.80207213582, 0.08516537586, 0.09327095509],
      [0.13346812173, 0.024191082733, 0.0014565272794, 0.84088186894, 2.3993238534e-06],
      [0.015407053849, 0.038731473795, 0.023654370911, 0.89739097591, 0.024816125537],
      [1.55978926e-05, 0.01653013224, 0.88181320302, 0.055560198477, 0.046080868365],
      [0.0008211224931, 0.29644231767, 0.19419643811, 0.22793436707, 0.28060575466],
      [0.069327245699, 0.23321416905, 0.11383584713, 0.16733295893, 0.41628977918]
    ],
    [
      [3.2152657287e-05, 0.029019897366, 0.79957028065, 0.11715294892, 0.054224720412],
      [0.1265794824, 0.02662778138, 0.0010848590104, 0.84570683122, 1.0459867802e-06],
      [0.014876626123, 0.04310102354, 0.017793764942, 0.91331845509, 0.010910130303],
      [2.0244943583e-05, 0.024486188181, 0.87284293451, 0.075962818949, 0.026687813419],
      [0.00096347677988, 0.39637075607, 0.17493540582, 0.28189128853, 0.1458390728],
      [0.088586500188, 0.34025980956, 0.11166099123, 0.22543181813, 0.23406088089]
    ],
    [
      [3.6045569121e-05, 0.050719648324, 0.65235193081, 0.14212504702, 0.15476732828],
      [0.11654495482, 0.038406380248, 0.00073925474176, 0.84430694676, 2.463420028e-06],
      [0.013395121966, 0.060644780148, 0.011823009641, 0.88905414772, 0.025082940529],
      [2.457131774e-05, 0.046331527301, 0.77152642054, 0.09978170532, 0.082335775519],
      [0.00067695974448, 0.43308609623, 0.090210498582, 0.21429021495, 0.2617362305],
      [0.057169559662, 0.34328285699, 0.053275155544, 0.15822598355, 0.38804644425]
    ],
    [
      [3.073461032e-05, 0.026586452271, 0.80295989233, 0.081425288208, 0.088997632583],
      [0.16428853294, 0.03356461389, 0.001541148919, 0.80060332313, 2.3811267933e-06],
      [0.019656764284, 0.054955200426, 0.02556158735, 0.87469575843, 0.025130689511],
      [1.9479787185e-05, 0.022575989243, 0.88017043904, 0.053152652517, 0.044081439412],
      [0.00094300095223, 0.36830871816, 0.18406989707, 0.20064080401, 0.24603757981],
      [0.080146171759, 0.29476140771, 0.10952686008, 0.1493708828, 0.36619467765]
    ],
    [
      [2.3720138356e-05, 0.026887341605, 0.79830391561, 0.088183628586, 0.086601394061],
      [0.12392524749, 0.032493294942, 0.0014111153401, 0.8421681623, 2.1799215003e-06],
      [0.014183230311, 0.051480241994, 0.022664385086, 0.88938734335, 0.02228479926],
      [1.5011677472e-05, 0.022804994767, 0.87693301686, 0.057477311908, 0.04276966479],
      [0.00071908258975, 0.37286956009, 0.17551182991, 0.21455724876, 0.23634227865],
      [0.062859456803, 0.30433121381, 0.10667106769, 0.16331064333, 0.36282761837]
    ],
    [
      [4.5238690856e-05, 0.035772615257, 0.73750978092, 0.11545530032, 0.11121706481],
      [0.17294842405, 0.031012253596, 0.00088299635474, 0.79515432873, 1.9972735344e-06],
      [0.020624031167, 0.052074310037, 0.015031980433, 0.89063943776, 0.0216302406],
      [2.9265979246e-05, 0.031013993533, 0.8360326057, 0.076919964862, 0.056004169923],
      [0.0011044924263, 0.40295019088, 0.12403221952, 0.22624309153, 0.24567000564],
      [0.092855721884, 0.31188155924, 0.071448710405, 0.16375343331, 0.36006057516]
    ],
    [
      [1.8270190427e-05, 0.022467324007, 0.88645659754, 0.070525023828, 0.020532784434],
      [0.12442805555, 0.032283420129, 0.00097270654864, 0.84231526828, 5.4948764719e-07],
      [0.013903466785, 0.052807776096, 0.016140654838, 0.91146998384, 0.0056781184419],
      [1.0758736655e-05, 0.017703403036, 0.92972238277, 0.04275820864, 0.0098052468209],
      [0.00078388394637, 0.53463553756, 0.15815655595, 0.24175193831, 0.064672084225],
      [0.081120630392, 0.48066651161, 0.10806461071, 0.21130741542, 0.11884083186]
    ],
    [
      [2.8742369115e-05, 0.031290402714, 0.76471450883, 0.10234845704, 0.10161788905],
      [0.12806753012, 0.03270282881, 0.0011970890072, 0.83803031475, 2.2373089407e-06],
      [0.014864304916, 0.052109810659, 0.019327014283, 0.89071145154, 0.022987418599],
      [1.8523407553e-05, 0.027020553482, 0.85388007539, 0.06793302376, 0.05114782396],
      [0.00077182403873, 0.38116963122, 0.15157494817, 0.2206757465, 0.24580785007],
      [0.066255019998, 0.30727900739, 0.090897752859, 0.16561731303, 0.36995090672]
    ],
    [
      [4.0645811856e-05, 0.035249821898, 0.77653564009, 0.10184348623, 0.086330405972],
      [0.17179117009, 0.035198242112, 0.0011816052736, 0.79182715465, 1.8278747917e-06],
      [0.020931476795, 0.058673488776, 0.019951214163, 0.88080477947, 0.019639040793],
      [2.6014731086e-05, 0.030226770709, 0.85942820071, 0.067134262537, 0.043184751317],
      [0.0010775516995, 0.42189942057, 0.15405662346, 0.21683362801, 0.20613277626],
      [0.092597873769, 0.34139238172, 0.09270080303, 0.16321580747, 0.31009313401]
    ],
    [
      [7.1580778459e-06, 0.012070646296, 0.86811137386, 0.043245994824, 0.076564826946],
      [0.076959796499, 0.029959864001, 0.0028424392858, 0.89023406407, 3.8361446814e-06],
      [0.0082246257688, 0.04403339953, 0.042557393149, 0.8686123308, 0.036572250752],
      [4.3783430824e-06, 0.0098982995801, 0.92640748716, 0.027257462889, 0.036432372031],
      [0.00032651044764, 0.25431065308, 0.26731009792, 0.15795556361, 0.32009717494],
      [0.027299866936, 0.20361172226, 0.15817801492, 0.11761760134, 0.49329279454]
    ],
    [
      [8.7612788803e-06, 0.011581890511, 0.86844978377, 0.0799748526, 0.03998471184],
      [0.050263539201, 0.015714611037, 0.0014918123947, 0.93252897285, 1.064516064e-06],
      [0.0059072889383, 0.023670033882, 0.022923953295, 0.93711758996, 0.010381133926],
      [5.3127089332e-06, 0.0094336037563, 0.92160916683, 0.0499250165, 0.019026900204],
      [0.0004159085837, 0.25861432522, 0.26799103736, 0.30488663119, 0.16809209765],
      [0.039419796027, 0.2319725862, 0.17852404274, 0.25559740883, 0.2944861662]
    ],
    [
      [0.0031752059918, 0.031149996476, 0.51443029287, 0.069392927389, 0.38185157727],
      [0.99998533753, 1.1307849209e-06, 1.3536464141e-08, 1.3517887695e-05, 2.6563387415e-10],
      [0.7683503309, 0.012603188355, 0.0016355803192, 0.2018153802, 0.015595520223],
      [0.0021049967368, 0.027856948462, 0.74047028543, 0.048039002627, 0.18152876674],
      [0.048127235102, 0.23786463423, 0.027328473236, 0.077356386419, 0.60932327101],
      [0.97145364666, 0.0038575731991, 0.000434367918, 0.0019033242565, 0.022351087967]
    ],
    [
      [5.3599019977e-05, 0.038829929432, 0.73535959352, 0.093332435322, 0.1324244427],
      [0.2346765, 0.038049882127, 0.0010570683533, 0.72621384616, 2.7033562396e-06],
      [0.029127421698, 0.067109077946, 0.018892954122, 0.85412039895, 0.030750147285],
      [3.5044071623e-05, 0.034027410507, 0.83558638213, 0.062852333167, 0.067498830123],
      [0.0012579805971, 0.41793252899, 0.12510249256, 0.17565084283, 0.28005615501],
      [0.10206533929, 0.31205672198, 0.069714806939, 0.12264528407, 0.39351784771]
    ],
    [
      [4.4276900827e-05, 0.040642763926, 0.74514562202, 0.088108720176, 0.12605861697],
      [0.20548236329, 0.044287027699, 0.0012339198881, 0.74899378158, 2.9075435705e-06],
      [0.025329802146, 0.075035474166, 0.021176767599, 0.84670334283, 0.031754613264],
      [2.8887416331e-05, 0.035527211102, 0.84097865862, 0.059205841429, 0.064259401433],
      [0.0010438533575, 0.43330350221, 0.13116097164, 0.1667851946, 0.26770647818],
      [0.085763702011, 0.33445758347, 0.075321864248, 0.11981782221, 0.38463902805]
    ],
    [
      [6.753393854e-06, 0.055129082934, 0.78049271519, 0.047363368181, 0.1170080803],
      [0.054390419656, 0.10057701896, 0.0012606057611, 0.84376835532, 3.6002996851e-06],
      [0.006029911129, 0.14888545761, 0.01875278643, 0.79184247132, 0.034489373517],
      [4.0948763592e-06, 0.044702871586, 0.87156011942, 0.029699249359, 0.054033664758],
      [0.00013212644579, 0.66518610626, 0.068932650919, 0.071727928701, 0.19402118768],
      [0.0098479212059, 0.52822064932, 0.045655360072, 0.05632735722, 0.35994871218]
    ],
    [
      [1.2159321931e-05, 0.037245838938, 0.68182187448, 0.2553700962, 0.025550031061],
      [0.0082782429893, 0.012288115261, 0.00016229113421, 0.97927119009, 1.6052135779e-07],
      [0.0023446932949, 0.017712032885, 0.0023065994488, 0.9762573781, 0.0013792962734],
      [7.2073384716e-06, 0.030048474605, 0.80149885583, 0.15550688682, 0.012938575404],
      [0.00025251781263, 0.51397670216, 0.040669254674, 0.42102419093, 0.02407733442],
      [0.021582300032, 0.48342744953, 0.033900273631, 0.41565254122, 0.045437435596]
    ],
    [
      [5.1068039922e-06, 0.0058969383348, 0.87005600576, 0.065322120882, 0.05871982822],
      [0.028446658538, 0.0089352440937, 0.0013571067102, 0.96125933434, 1.6563196834e-06],
      [0.0039241995922, 0.013110704533, 0.020602212563, 0.94637906157, 0.015983821743],
      [3.0560823277e-06, 0.0047503708705, 0.92762620027, 0.040251442422, 0.02736893035],
      [0.00027836217315, 0.14131419426, 0.26593413108, 0.28688378624, 0.30558952625],
      [0.020902648077, 0.11315186856, 0.15419916515, 0.21013488942, 0.50161142879]
    ],
    [
      [2.9103310267e-05, 0.02401243616, 0.75699104807, 0.14188389338, 0.07708351908],
      [0.097925052811, 0.017862611518, 0.00071212330028, 0.88349906204, 1.1503280795e-06],
      [0.011138542097, 0.02835472075, 0.011480538431, 0.93724390336, 0.011782295365],
      [1.8433932277e-05, 0.020418812942, 0.8490138313, 0.092501984687, 0.038046937142],
      [0.00084502489833, 0.32785735422, 0.14025949178, 0.3305798155, 0.2004583136],
      [0.076150879626, 0.26785612767, 0.085418420997, 0.25325544124, 0.31731913046]
    ],
    [
      [0.00010022835983, 0.17226489994, 0.58668671004, 0.1977405094, 0.043207652263],
      [0.28180567331, 0.064873680688, 0.00022327481066, 0.65309705925, 3.1194407916e-07],
      [0.025767231596, 0.12672228859, 0.0042635467511, 0.83952397472, 0.0037229583479],
      [6.4270159931e-05, 0.14811173218, 0.69946360824, 0.13039940185, 0.021960987569],
      [0.00073623098323, 0.84488458674, 0.019190007858, 0.11540988226, 0.019779292157],
      [0.09826165947, 0.74519899249, 0.014349235866, 0.10756261958, 0.034627492596]
    ],
    [
      [4.1955713259e-05, 0.018516385997, 0.75819156418, 0.093424732997, 0.12982536111],
      [0.19318151058, 0.019858375343, 0.0012170379624, 0.78574014763, 2.9284908388e-06],
      [0.023744027708, 0.033686799146, 0.020927241691, 0.88959391894, 0.032048012514],
      [2.7309628182e-05, 0.016151197533, 0.85521858728, 0.062633111271, 0.065969794293],
      [0.0012619877207, 0.25203668645, 0.16842875449, 0.22562522415, 0.35264734719],
      [0.097684393276, 0.18249097528, 0.090694256485, 0.15213568452, 0.47699469044]
    ],
    [
      [4.0605228744e-05, 0.023666749505, 0.56705022572, 0.062840027135, 0.34640239241],
      [0.25992727005, 0.032722341287, 0.0010475320047, 0.70629336733, 9.4893278583e-06],
      [0.030260112408, 0.055223132194, 0.017966446469, 0.79235610167, 0.10419420726],
      [2.9662555908e-05, 0.023175809768, 0.73505664317, 0.047314498555, 0.19442338595],
      [0.00077806650837, 0.20905153347, 0.073305587031, 0.096377347604, 0.62048746539],
      [0.05148596393, 0.12700187598, 0.03342185569, 0.05513744763, 0.73295285677]
    ],
    [
      [4.0322639544e-05, 0.01599145303, 0.79943739574, 0.075868216001, 0.10866261259],
      [0.21955449721, 0.020519516051, 0.0015619766184, 0.75836105592, 2.9542047376e-06],
      [0.027738429955, 0.035531485772, 0.027400625958, 0.87635076645, 0.032978691862],
      [2.5733480223e-05, 0.013673469688, 0.88224180645, 0.04986788493, 0.054191105447],
      [0.0013844764227, 0.24773616647, 0.20537609404, 0.20920365319, 0.33629960987],
      [0.10761905503, 0.18113528918, 0.11165674447, 0.14229827168, 0.45729063964]
    ],
    [
      [4.9767973486e-05, 0.03030960697, 0.73310819149, 0.11428735876, 0.12224507481],
      [0.19434496882, 0.025776824913, 0.00089172939844, 0.77898433226, 2.1446014174e-06],
      [0.02315193365, 0.044334417468, 0.015548661789, 0.89314878674, 0.023816200354],
      [3.2478756491e-05, 0.026521634015, 0.83452931261, 0.076809409822, 0.062107164795],
      [0.0012632110091, 0.35353418804, 0.13214457969, 0.23277514505, 0.28028287621],
      [0.10394296727, 0.26379370874, 0.073587349445, 0.16270663597, 0.39596933858]
    ],
    [
      [1.1827267723e-05, 0.02111929, 0.70300636588, 0.078966320176, 0.19689619668],
      [0.070840327636, 0.029028755172, 0.0012942108748, 0.89883150586, 5.2004594572e-06],
      [0.0076449904925, 0.042841725715, 0.019439477698, 0.87999828442, 0.050075521672],
      [7.9043998526e-06, 0.018954862381, 0.82533442397, 0.05438393172, 0.10131887753],
      [0.00030211190783, 0.25171393275, 0.12310216066, 0.16143615163, 0.46344564305],
      [0.021621905344, 0.17355562433, 0.064332782558, 0.10456320321, 0.63592648455]
    ],
    [
      [2.7106225941e-05, 0.026208537315, 0.75828434465, 0.089255137712, 0.1262248741],
      [0.1382590286, 0.030625120862, 0.0013052482774, 0.82980752639, 3.0758689394e-06],
      [0.015823429578, 0.048846931021, 0.021106506896, 0.88256114298, 0.031661989528],
      [1.7575322658e-05, 0.022777886712, 0.85376551407, 0.059607799998, 0.063831223895],
      [0.00075163983728, 0.33182369514, 0.15307301504, 0.19848542818, 0.31586622181],
      [0.061795137218, 0.25414870446, 0.087353662006, 0.14174147992, 0.4549610164]
    ],
    [
      [4.4490239326e-05, 0.016212138509, 0.79846630165, 0.1215278944, 0.063749175206],
      [0.16893871063, 0.013007642894, 0.00080846543082, 0.81724418977, 9.9127406507e-07],
      [0.020157945671, 0.022175786505, 0.014038154139, 0.93270078782, 0.01092732587],
      [2.7754505298e-05, 0.0135865028, 0.87726854327, 0.078055586001, 0.031061613421],
      [0.0015783444805, 0.26944895852, 0.18326660045, 0.345675691, 0.20003040555],
      [0.13653218412, 0.20717200677, 0.10545165857, 0.25174510166, 0.29909904888]
    ],
    [
      [9.4699875796e-07, 0.0067960142928, 0.97367597681, 0.0068356969064, 0.012691364993],
      [0.049155001646, 0.065571440994, 0.0043323522626, 0.88093885959, 2.3455084484e-06],
      [0.0055391218343, 0.098073285832, 0.067233071138, 0.80643059563, 0.022723925569],
      [5.7964666817e-07, 0.0054853950535, 0.98393786553, 0.0043391412898, 0.0062370184784],
      [0.00011156604751, 0.46504164402, 0.33187718265, 0.062424331452, 0.14054527583],
      [0.0087323056456, 0.43082629033, 0.21680455106, 0.053087884021, 0.29054896894]
    ],
    [
      [4.7223882069e-05, 0.064734111651, 0.6284042071, 0.14138260894, 0.16543184842],
      [0.14851892945, 0.04576277279, 0.00063959893162, 0.80507628998, 2.4088503428e-06],
      [0.017190072322, 0.074496956981, 0.010537530324, 0.87249061084, 0.025284829538],
      [3.2342817991e-05, 0.059448887974, 0.75262720702, 0.099728798708, 0.088162763476],
      [0.00077652380493, 0.49577452191, 0.073225761157, 0.18622851861, 0.24399467452],
      [0.06604217191, 0.38951516779, 0.043192246278, 0.13716996115, 0.36408045287]
    ],
    [
      [6.5941357551e-05, 0.046265755394, 0.70281607014, 0.096865791839, 0.15398644127],
      [0.26028667153, 0.042489854695, 0.00097202056427, 0.69624846969, 2.98352359e-06],
      [0.033894589668, 0.076563614999, 0.017743238738, 0.83714317873, 0.03465537786],
      [4.3971660375e-05, 0.041337965426, 0.81191099795, 0.066528824134, 0.080178240825],
      [0.0013764122823, 0.43804618489, 0.10866437403, 0.16228743339, 0.28962559541],
      [0.10839221305, 0.32264041124, 0.059588511782, 0.11137063962, 0.39800822431]
    ],
    [
      [5.2698569714e-06, 0.011747522832, 0.89562990727, 0.035750792514, 0.056866507522],
      [0.065889633884, 0.034563962025, 0.0037699102157, 0.89577305263, 3.4412459508e-06],
      [0.0070473238043, 0.049840784364, 0.055181686182, 0.85583762428, 0.032092581371],
      [3.1928097093e-06, 0.0095411120992, 0.94126071422, 0.022320384475, 0.026874596392],
      [0.00026638549761, 0.27632381365, 0.3199835634, 0.14378136183, 0.25964487563],
      [0.023296407649, 0.23607391188, 0.20319835048, 0.11419616952, 0.42323516048]
    ],
    [
      [3.2146591024e-05, 0.053420470658, 0.81567197976, 0.053529072078, 0.077346330916],
      [0.22885574116, 0.085442961193, 0.0018833729114, 0.68381535919, 2.5655455118e-06],
      [0.027328891729, 0.14438893651, 0.032229919193, 0.7681247435, 0.027927509068],
      [2.0052793958e-05, 0.04464207308, 0.88330156296, 0.034394435449, 0.037641875716],
      [0.00076454562118, 0.59386448248, 0.13885407481, 0.1019044068, 0.16461249028],
      [0.069587126164, 0.50037159904, 0.087502565592, 0.080547624523, 0.26199108468]
    ],
    [
      [5.3672334611e-05, 0.070848708568, 0.76474142123, 0.079502130047, 0.084854067825],
      [0.25022568434, 0.076239624547, 0.001228512277, 0.67230425652, 1.9223203191e-06],
      [0.031729643935, 0.13442124701, 0.0219346551, 0.79007900302, 0.021835450933],
      [3.4223365655e-05, 0.06052762846, 0.84496902688, 0.052210318832, 0.042258802467],
      [0.0010309266422, 0.62212905518, 0.10794676473, 0.12252162052, 0.14637163293],
      [0.092025289253, 0.51799242152, 0.066985599868, 0.095211685371, 0.22778500399]
    ],
    [
      [8.2987109357e-06, 0.029585955932, 0.90704268921, 0.020442413552, 0.042920642598],
      [0.16079394184, 0.12671721229, 0.0055631572768, 0.70692187234, 3.8162508649e-06],
      [0.016319773423, 0.18443641036, 0.082029194578, 0.68141839194, 0.035796229697],
      [4.9879562744e-06, 0.023807422482, 0.94338982963, 0.012659085887, 0.020138674046],
      [0.0003208636544, 0.53677261592, 0.25059167654, 0.063167808215, 0.14914703568],
      [0.031047038165, 0.48854526323, 0.1699744517, 0.05382073133, 0.25661251557]
    ],
    [
      [5.9273001916e-05, 0.065945203572, 0.7818940833, 0.079320601331, 0.072780838799],
      [0.27124060662, 0.069547171066, 0.0012203385581, 0.65799026722, 1.6165369459e-06],
      [0.035385373879, 0.12632180161, 0.022450842952, 0.79693141509, 0.018910566466],
      [3.7450854463e-05, 0.055825269626, 0.85660063646, 0.051615344818, 0.035921298242],
      [0.0012136477018, 0.61786400433, 0.11678151417, 0.13030973445, 0.13383109936],
      [0.10798886982, 0.51190107064, 0.072069239661, 0.10078458186, 0.20725623802]
    ],
    [
      [1.8267528088e-05, 0.088004657168, 0.79439572366, 0.060089840515, 0.057491511127],
      [0.12246105629, 0.13589395161, 0.0018073587091, 0.73983577156, 1.8618277321e-06],
      [0.013201531823, 0.20385353827, 0.027426996935, 0.73754843587, 0.017969497103],
      [1.1403746882e-05, 0.073594939191, 0.85971912292, 0.038632407389, 0.028042126756],
      [0.00032195416291, 0.72311079628, 0.10143897218, 0.08465510311, 0.090473174265],
      [0.031725345017, 0.6680924381, 0.070019386731, 0.073132340848, 0.1570304893]
    ],
    [
      [2.6822256765e-05, 0.029137603002, 0.73348104876, 0.07972434992, 0.15763017606],
      [0.15233044328, 0.037036043511, 0.0013662246321, 0.80926313854, 4.1500327482e-06],
      [0.017099034529, 0.059019030174, 0.022071721173, 0.85909803317, 0.042712180949],
      [1.7661603902e-05, 0.025719436991, 0.83935748991, 0.05407672107, 0.080828690425],
      [0.00068158382506, 0.33942701324, 0.13525194335, 0.16239071478, 0.36224874481],
      [0.054382752907, 0.25141724751, 0.074814505659, 0.11236822293, 0.507017271]
    ],
    [
      [6.5950173424e-06, 0.011397799788, 0.84845788824, 0.039131677439, 0.10100603952],
      [0.078011176406, 0.031121029425, 0.0033963720184, 0.88746571647, 5.7056804815e-06],
      [0.0081256552166, 0.044619911146, 0.049419005997, 0.84490245181, 0.052932975827],
      [4.1063047688e-06, 0.009515173992, 0.91637308482, 0.025115253442, 0.048992381441],
      [0.00027879501793, 0.2205492431, 0.25931593151, 0.13204960772, 0.38780642265],
      [0.022173337515, 0.1695731441, 0.14841760988, 0.094379641331, 0.56545626718]
    ],
    [
      [2.9708680332e-05, 0.02341730942, 0.7473374967, 0.080936679795, 0.14827880541],
      [0.16224833165, 0.029725070235, 0.0014326613537, 0.80658996827, 3.9684879885e-06],
      [0.018926581344, 0.047965876099, 0.023425959084, 0.86838028385, 0.041301299621],
      [1.9488405509e-05, 0.020584744095, 0.84875823759, 0.054685696849, 0.075951833057],
      [0.00082392636553, 0.29405171791, 0.15398168157, 0.18015289406, 0.3709897801],
      [0.064831383406, 0.21672545677, 0.084459694956, 0.12360743227, 0.5103760326]
    ],
    [
      [0.00010105513388, 0.048109516075, 0.68092994233, 0.102097518, 0.16876196846],
      [0.35440659275, 0.036045622481, 0.00075420297709, 0.60879094902, 2.6327754714e-06],
      [0.048710110642, 0.073281436604, 0.015544506785, 0.82797041095, 0.034493535021],
      [6.8065531074e-05, 0.043441159639, 0.79706041326, 0.070839202332, 0.088591159237],
      [0.001998596324, 0.43832449644, 0.098011765918, 0.16153224803, 0.30013289329],
      [0.15324651693, 0.30194030361, 0.050564233547, 0.1043853978, 0.38986354812]
    ],
    [
      [5.7815670429e-05, 0.042593576065, 0.73155532128, 0.10347823183, 0.12231505515],
      [0.22510993789, 0.038510271521, 0.0009875986693, 0.73538986614, 2.3257790642e-06],
      [0.028552182688, 0.067522422961, 0.017542925795, 0.86009360284, 0.026288865716],
      [3.7844504731e-05, 0.037359682643, 0.83032959645, 0.069761008746, 0.062511867657],
      [0.0013099051207, 0.43914009959, 0.1218979849, 0.18816387722, 0.24948813317],
      [0.10684699196, 0.33475238687, 0.069204510177, 0.13374707581, 0.35544903518]
    ],
    [
      [7.916049046e-05, 0.065011850682, 0.71989849328, 0.093398578716, 0.12161191683],
      [0.32556605138, 0.052975391311, 0.00083135983688, 0.62062516053, 2.0369397985e-06],
      [0.040443969867, 0.10337558784, 0.016458493022, 0.81418328876, 0.025538660514],
      [5.1534105516e-05, 0.056751178162, 0.81892275842, 0.062638108968, 0.061636420341],
      [0.0014564892729, 0.57048364008, 0.092364108638, 0.13647497684, 0.19922078518],
      [0.12709629843, 0.43283967683, 0.052895581021, 0.09805857142, 0.28910987229]
    ],
    [
      [2.0502446672e-05, 0.021176876229, 0.90019142333, 0.035241043792, 0.043370154199],
      [0.23486100571, 0.053114103376, 0.0033098024739, 0.70871282759, 2.2608485743e-06],
      [0.027709429844, 0.090227588085, 0.05696513244, 0.80033895407, 0.024758895563],
      [1.2375176777e-05, 0.017123204581, 0.94050256451, 0.021908730932, 0.020453124803],
      [0.00088682417294, 0.42581476867, 0.28306419493, 0.12209213773, 0.1681420745],
      [0.082908382503, 0.36548878608, 0.18135361948, 0.098242113701, 0.27200709823]
    ],
    [
      [4.5055172283e-05, 0.026552693147, 0.79808987558, 0.11422942152, 0.061082954581],
      [0.17341416173, 0.023682250991, 0.0010619128366, 0.80184052786, 1.1465872598e-06],
      [0.021279565436, 0.040174687423, 0.018254136548, 0.90775539253, 0.012536218059],
      [2.8446597774e-05, 0.022467164931, 0.87308932026, 0.074272295694, 0.030142772519],
      [0.0013801154758, 0.36985399826, 0.17973448361, 0.28093511582, 0.16809628683],
      [0.12070162689, 0.30132275527, 0.10892262567, 0.21330535599, 0.25574763618]
    ],
    [
      [4.3372056161e-05, 0.026771818558, 0.79339662681, 0.084751359235, 0.095036823343],
      [0.2192385722, 0.029423793773, 0.0012539681115, 0.75008150626, 2.1596578247e-06],
      [0.026570730547, 0.05149380051, 0.022257388762, 0.87529047506, 0.024387605124],
      [2.7493024835e-05, 0.022751397747, 0.87492241379, 0.055329236417, 0.046969459026],
      [0.0012985361823, 0.36937073773, 0.16959804421, 0.20342100804, 0.25631167383],
      [0.10876549244, 0.28110111642, 0.096296879584, 0.14506108666, 0.36877542489]
    ],
    [
      [7.4531282335e-05, 0.14771258063, 0.7459809016, 0.045628474802, 0.060603511685],
      [0.46023860592, 0.15315146052, 0.0010669687348, 0.38554169494, 1.2698837315e-06],
      [0.055907183241, 0.33854504398, 0.023740291238, 0.56391921484, 0.017888266695],
      [4.6851145647e-05, 0.12426076322, 0.81643546037, 0.029552000397, 0.029704924868],
      [0.00081897816475, 0.84677343296, 0.055887754656, 0.03967348505, 0.056846349173],
      [0.086798127535, 0.74444627076, 0.037809609942, 0.033934701329, 0.097011290434]
    ],
    [
      [6.6107910502e-06, 0.045191739873, 0.83836997966, 0.047169619542, 0.069262050134],
      [0.059268018757, 0.095275489382, 0.0024785958661, 0.84297495272, 2.9432764378e-06],
      [0.00635106424, 0.13677315088, 0.03589537063, 0.79379263595, 0.027187778299],
      [4.0784741574e-06, 0.037349900075, 0.89937827269, 0.029982545331, 0.033285203427],
      [0.00017245803761, 0.58995338474, 0.15246045456, 0.097782134619, 0.15963156805],
      [0.014896824621, 0.52433354893, 0.10257924554, 0.081981341305, 0.2762090396]
    ],
    [
      [1.1311331315e-05, 0.044317749976, 0.82437094193, 0.071611553326, 0.059688443432],
      [0.072168007399, 0.065291359538, 0.0017608705096, 0.86077794437, 1.8181795115e-06],
