{
  "Z_true": {},
  "V_true": [
    [35, 34, 64, 41, 137, 8],
    [18, 63, 45, 48, 338, 23],
    [34, 694, 34, 31, 271, 11],
    [18, 15, 1118, 18, 132, 6],
    [48, 91, 125, 1265, 403, 19],
    [45, 73, 47, 43, 2503, 11],
    [72, 164, 199, 191, 329, 74]
  ],
  "p_true": [
    [0.1097, 0.1066, 0.2006, 0.1285, 0.4295, 0.0251],
    [0.0336, 0.1178, 0.0841, 0.0897, 0.6318, 0.043],
    [0.0316, 0.6456, 0.0316, 0.0288, 0.2521, 0.0102],
    [0.0138, 0.0115, 0.8554, 0.0138, 0.101, 0.0046],
    [0.0246, 0.0466, 0.0641, 0.6484, 0.2066, 0.0097],
    [0.0165, 0.0268, 0.0173, 0.0158, 0.9195, 0.004],
    [0.07, 0.1594, 0.1934, 0.1856, 0.3197, 0.0719]
  ],
  "Z_est": [
    [
      [1.3281, 1.5122, 0.8508, 0.6562, 0.6562, 0.5174, 0.1521, 1.2881, 1.5547, 0.7788, 1.6295, 1.3229, 0.8455, 0.6347, 1.0963, 0.7601, 1.4268, 0.5627, 0.4616, 0.1974, 0.6723, 1.1922],
      [3.8363, 2.7402, 3.7452, 2.8897, 2.3915, 2.9936, 0.9466, 3.1388, 3.5574, 1.9431, 2.7901, 2.5409, 0.2989, 1.5943, 2.3417, 0.8968, 2.6904, 1.4947, 0.847, 0.6477, 9.946, 6.726],
      [2.5942, 2.7617, 1.7508, 2.114, 1.9427, 1.3971, 1.1427, 2.0406, 1.6366, 1.4964, 3.0473, 3.0595, 2.3494, 1.3971, 3.3221, 1.9454, 2.9099, 1.4283, 1.9155, 1.1359, 2.7345, 2.6374],
      [0.4624, 1.4471, 0.4019, 0.5009, 0.4074, 0, 0.2642, 0.4844, 0, 0.3303, 0.4734, 0.3964, 0.2422, 0.3964, 0.4514, 0.2808, 0.611, 0.1872, 0.1707, 0.1707, 0.1651, 1.101],
      [7.7789, 12.5388, 4.2514, 7.8391, 8.6023, 3.0919, 4.4943, 6.0481, 4.2514, 5.4514, 13.0597, 12.6803, 11.264, 3.9775, 17.7885, 9.1169, 11.3618, 3.3271, 13.6053, 3.8484, 10.482, 7.3433],
      [0, 0, 0, 0, 0, 0, 0, 0, 0, 0, 0, 0, 0, 0, 0, 0, 0, 0, 0, 0, 0, 0]
    ],
    [
      [0.0213, 0.0128, 0.0247, 0.0136, 0.0136, 0.0153, 0, 0.0324, 0.0239, 0.0196, 0.0213, 0.0281, 0.0153, 0.017, 0.0162, 0.0885, 0.0298, 0.0239, 0.0094, 0.0094, 0.0094, 0.0673],
      [2.9992, 2.1423, 3.4455, 2.2592, 1.8697, 2.4539, 0.7401, 2.4539, 3.1894, 1.5191, 2.1813, 1.9865, 0.2337, 1.2464, 1.8307, 0.7011, 2.1034, 1.1685, 0.6622, 0.5064, 1.2416, 5.2584],
      [13.1917, 8.1185, 12.9365, 8.5179, 7.9506, 8.956, 9.9203, 16.4202, 12.0407, 11.0166, 12.9142, 16.1958, 10.1121, 9.6377, 10.2217, 7.7776, 16.6463, 13.0118, 4.6279, 6.2927, 5.1366, 36.7763],
      [0.858, 0.2658, 0.7459, 0.0005, 0.7557, 0.7149, 0.5102, 0.8992, 1.509, 1.2585, 0.8784, 0.7358, 0.4496, 0.7354, 0.8374, 0.5209, 1.2164, 0.3478, 0.3167, 0.3167, 0.3065, 2.0435],
      [4.862, 2.1495, 9.5944, 2.2928, 3.9646, 5.2624, 10.5597, 15.7895, 9.8829, 5.8581, 6.8192, 12.3214, 4.5335, 5.9681, 4.0095, 4.4584, 11.7678, 10.6237, 3.1402, 2.8074, 3.2384, 24.1136],
      [3.0677, 2.3111, 2.253, 2.916, 1.4458, 0.5974, 1.2698, 2.4047, 1.3541, 3.3281, 2.1856, 1.7324, 2.6557, 2.3954, 2.0845, 0.4535, 3.2363, 2.8243, 2.2437, 1.0675, 1.0675, 10.7408]
    ],
    [
      [3.6264, 3.1568, 2.9661, 2.0009, 1.7422, 2.0946, 0.5028, 4.7543, 3.9336, 1.9547, 3.6041, 2.5916, 1.508, 1.672, 2.4256, 1.3901, 3.133, 1.319, 0.8946, 0.5884, 1.3825, 4.4955],
      [51.5179, 34.3714, 52.7934, 36.362, 29.3018, 40.9894, 12.6074, 44.3519, 48.3471, 25.8783, 39.2823, 28.3192, 4.4441, 22.5077, 32.8857, 12.3686, 35.4068, 17.358, 12.537, 9.6289, 41.2838, 86.1809],
      [3.258, 2.0906, 2.6468, 2.5069, 1.7511, 2.3984, 0.9631, 1.4233, 2.6504, 1.6248, 2.6809, 2.0674, 6.8183, 1.5922, 2.2545, 1.1403, 2.491, 1.3674, 0.1579, 1.6804, 0.2493, 5.708],
      [1.1952, 1.1795, 1.1128, 1.6148, 0.8592, 0.967, 0.5358, 1.1599, 1.2344, 0.7325, 1.0869, 0.8152, 0.4748, 0.7934, 0.9844, 0.52, 1.2163, 0.4289, 0.8006, 0.3556, 0.2248, 2.42],
      [18.3572, 9.1727, 18.4356, 10.4846, 8.3213, 14.5505, 4.3799, 17.2704, 14.8346, 8.7869, 14.3103, 4.1845, 6.7432, 8.4143, 12.4202, 3.581, 10.7222, 3.5128, 7.5971, 4.7369, 4.8597, 28.1218],
      [0.0453, 0.0291, 0.0453, 0.0308, 0.0244, 0, 0.011, 0.0401, 0, 0.0227, 0.0354, 0.0221, 0.0116, 0.0203, 0.0296, 0, 0.0308, 0.0139, 0.0128, 0.0099, 0, 0.0738]
    ],
    [
      [0.0479, 0.0279, 0.03, 0.031, 0.0216, 0.0263, 0, 0.0337, 0.021, 0.0163, 0.0363, 0.0458, 0.2974, 0.0263, 0.04, 0.0295, 0.0337, 0.031, 0.01, 0, 0.0142, 0.0926],
      [1.5905, 1.1016, 1.5619, 1.1706, 0.9463, 1.2341, 0.4285, 1.2713, 1.4268, 0.7622, 1.1648, 1.1302, 0.1036, 0.696, 1.0296, 0.4715, 1.1159, 0.6873, 0.348, 0.2244, 2.2957, 2.8358],
      [64.8397, 39.8054, 41.5184, 44.1931, 32.0216, 37.4462, 26.9727, 46.913, 31.676, 25.4829, 55.2526, 65.446, 51.2405, 37.4462, 53.0439, 42.7365, 53.0675, 45.1849, 10.3327, 31.0954, 18.7754, 132.5713],
      [0.1633, 0.1398, 0.1175, 0.5258, 0.1005, 0.1075, 0.0745, 0.1364, 0.1157, 0.0344, 0.1404, 0.15, 0.0327, 0.109, 0.1452, 0.1, 0.0709, 0.0907, 0.0441, 0.0641, 0.0522, 0.3438],
      [24.3531, 11.9221, 13.7688, 13.0758, 7.9076, 11.1859, 7.5222, 15.6418, 6.7581, 4.7023, 12.4017, 20.2281, 14.3217, 11.7195, 21.7367, 12.6625, 9.708, 13.0025, 8.264, 5.6139, 5.8608, 40.1458],
      [0.0055, 0.0032, 0.0035, 0.0036, 0.0025, 0, 0.0021, 0.0039, 0.0024, 0.0019, 0.0042, 0, 0.004, 0.003, 0.0046, 0, 0.0039, 0.0036, 0.0012, 0.0022, 0.0016, 0.0107]
    ],
    [
      [10.7302, 12.0538, 7.6437, 4.7954, 5.1774, 3.9762, 0.3451, 10.2086, 16.8767, 6.0318, 12.1107, 12.0949, 6.7146, 5.7544, 8.0261, 6.8699, 13.7672, 4.2886, 2.4062, 0.9771, 3.5611, 8.6247],
      [3.9836, 3.8865, 3.6845, 3.0354, 2.9333, 3.3705, 1.4234, 2.7272, 4.8102, 2.1912, 2.3768, 4.0507, 0.125, 0.6667, 2.1622, 1.0278, 2.3551, 1.496, 0.3542, 0.2708, 7.9756, 7.3165],
      [5.3723, 5.455, 0.9421, 4.0459, 3.9644, 3.7836, 1.7777, 1.0706, 0.8459, 3.8828, 5.2866, 7.9336, 4.9632, 3.7134, 4.4902, 5.3061, 15.442, 2.5094, 0.2712, 3.8677, 0.4282, 10.4804],
      [64.9524, 82.7051, 57.5703, 63.6695, 57.447, 53.1581, 37.1491, 65.0086, 73.2384, 44.5776, 66.9427, 55.4988, 33.4794, 58.0467, 62.4671, 44.5444, 86.1676, 26.0162, 21.8907, 23.3243, 20.5096, 144.6712],
      [25.8054, 23.6298, 23.234, 9.6073, 20.937, 18.7116, 14.9704, 18.2847, 19.2288, 0, 24.5307, 24.422, 11.1568, 11.0553, 16.9192, 23.2517, 18.1336, 6.2861, 5.7726, 7.2056, 7.2913, 37.6688],
      [1.1561, 1.2698, 0.9253, 0.8466, 0.541, 0, 0.3343, 0.7003, 0, 3.3166, 0.7525, 0, 0.5611, 1.7635, 0.9351, 0, 1.1345, 0.4036, 0.3052, 0.3544, 0.2342, 3.2384]
    ],
    [
      [2.6483, 3.7526, 0.0957, 0, 0, 0, 0, 2.1421, 0.9864, 1.8951, 5.0003, 1.2166, 0.8056, 0.5918, 0.9973, 0.748, 0.9453, 1.5471, 0, 0, 0, 0],
      [4.4633, 4.5336, 7.029, 5.7289, 5.1691, 5.0714, 0.5865, 1.9448, 6.4115, 2.3444, 1.7287, 7.0918, 0.1852, 1.6383, 1.4509, 0.5557, 3.968, 4.4481, 0.5248, 0.4013, 21.1344, 10.9565],
      [3.1766, 1.174, 0.6081, 4.4518, 1.7322, 1.8369, 0.4146, 0.691, 0.4975, 1.3537, 7.7307, 3.3045, 3.3505, 2.086, 0.8627, 2.6928, 2.7414, 5.3129, 0.1751, 6.0424, 0.2764, 6.5398],
      [3.5499, 12.3737, 4.4804, 13.6505, 5.8465, 6.8923, 3.5664, 8.5636, 10.6704, 6.3392, 3.6344, 3.0427, 1.8594, 5.0418, 8.2439, 2.1553, 7.2541, 2.0209, 3.0932, 1.8978, 1.2678, 16.8447],
      [150.0712, 137.6632, 113.4084, 118.3148, 109.2522, 135.1994, 64.4325, 109.6585, 101.4342, 44.6907, 155.9059, 133.3444, 89.7202, 62.1661, 130.922, 84.8483, 99.3309, 55.2339, 73.8547, 64.3896, 34.3214, 323.8476],
      [1.0908, 0.5029, 0.3784, 1.8539, 0, 0, 0, 0, 0, 0.3768, 0, 0, 2.0791, 0.476, 0.5231, 0, 0.7603, 2.4371, 2.3523, 0.2689, 0, 6.8113]
    ],
    [
      [0.5978, 0.4839, 0.389, 0.5029, 0.389, 0.3701, 0, 0.5408, 0.6038, 0.3036, 0.5978, 0.7002, 0.8136, 0.3036, 0.3985, 0.1139, 0.6642, 0.2277, 0.2182, 0.2277, 0.3606, 1.5277],
      [8.6092, 6.2244, 8.7405, 6.5542, 5.3884, 6.8871, 2.2675, 7.1121, 8.2576, 4.3616, 6.476, 5.8806, 0.6095, 3.6506, 5.2993, 1.9784, 6.3604, 3.3474, 1.7269, 1.3205, 12.123, 15.7259],
      [8.5676, 5.5949, 5.5973, 6.1704, 4.6375, 5.1818, 3.8089, 6.4414, 4.653, 5.1427, 8.0876, 8.9931, 7.166, 5.1275, 6.8048, 3.4013, 8.7019, 6.1852, 1.5197, 4.8855, 2.3996, 18.2866],
      [12.8187, 10.889, 8.5713, 11.0379, 8.5838, 8.1602, 5.8998, 11.7477, 9.2321, 6.7275, 12.8437, 11.3611, 7.4619, 6.8774, 8.8705, 2.8787, 14.4636, 4.9083, 4.684, 4.8708, 7.4739, 32.5759],
      [28.7722, 24.9238, 15.3074, 25.3855, 20.0151, 17.9983, 13.641, 28.3069, 18.61, 12.5105, 31.9726, 26.8194, 18.2606, 13.6992, 18.2039, 3.0812, 35.9757, 7.0138, 12.7662, 11.3983, 13.9464, 81.759],
      [3.6345, 2.8839, 2.3945, 3.3492, 1.9863, 0.4026, 1.3827, 2.851, 1.6435, 2.954, 3.0223, 2.2456, 2.6885, 2.3417, 2.423, 0.5465, 3.8343, 2.3175, 2.0849, 1.2971, 1.6966, 11.125]
    ]
  ],
  "V_est": [
    [20.0966, 60.9969, 46.7591, 8.9448, 182.2026, 0],
    [0.5129, 42.1926, 258.4198, 16.2229, 164.017, 53.6348],
    [51.7368, 718.7235, 49.5211, 20.7122, 233.7975, 0.509],
    [0.9123, 23.5966, 987.0619, 2.8584, 292.5031, 0.0677],
    [163.0344, 62.2233, 95.8323, 1243.0349, 368.1028, 18.7724],
    [23.3722, 97.3662, 57.0514, 132.289, 2392.0102, 19.911],
    [10.3346, 128.9011, 137.3544, 212.9378, 480.3669, 59.1051]
  ],
  "p_est": [
    [0.063, 0.1912, 0.1466, 0.028, 0.5712, 0],
    [0.001, 0.0789, 0.483, 0.0303, 0.3066, 0.1003],
    [0.0481, 0.6686, 0.0461, 0.0193, 0.2175, 0.0005],
    [0.0007, 0.0181, 0.7552, 0.0022, 0.2238, 0.0001],
    [0.0836, 0.0319, 0.0491, 0.6371, 0.1887, 0.0096],
    [0.0086, 0.0358, 0.021, 0.0486, 0.8788, 0.0073],
    [0.01, 0.1253, 0.1335, 0.2069, 0.4668, 0.0574]
  ],
  "EI_Z": {},
  "EI_V": 10.7887,
  "MAE_Z": {},
  "MAE_V": 45.9187,
  "MAE_p": 0.0544,
  "runtime": 0.6508
}
