{
  "X": [
    [18, 67, 162, 17],
    [67, 168, 600, 59],
    [3, 3, 11, 2],
    [32, 40, 149, 16],
    [4, 10, 40, 4],
    [18, 34, 84, 13],
    [81, 177, 279, 38],
    [75, 101, 215, 35],
    [49, 101, 209, 19],
    [62, 198, 370, 25],
    [44, 78, 171, 27],
    [52, 103, 246, 27],
    [177, 428, 643, 90],
    [16, 39, 60, 6],
    [92, 208, 347, 41],
    [172, 281, 433, 74],
    [35, 68, 118, 8],
    [2, 17, 16, 1],
    [2, 5, 12, 1],
    [30, 185, 443, 37],
    [54, 272, 592, 48],
    [23, 115, 193, 28],
    [40, 84, 117, 11],
    [21, 28, 82, 11],
    [88, 782, 508, 81],
    [106, 545, 727, 90],
    [39, 124, 234, 35],
    [52, 316, 414, 43],
    [0, 8, 6, 0],
    [1, 6, 8, 1],
    [3, 9, 8, 2],
    [191, 265, 591, 91],
    [115, 178, 565, 77],
    [96, 150, 352, 51],
    [74, 186, 520, 54],
    [44, 44, 240, 18],
    [55, 68, 263, 29],
    [1, 9, 7, 1],
    [70, 101, 332, 39],
    [68, 247, 276, 37],
    [53, 355, 333, 28],
    [67, 184, 243, 30],
    [50, 115, 447, 41],
    [5, 16, 27, 5],
    [5, 7, 26, 1],
    [6, 6, 14, 3],
    [2, 4, 18, 0],
    [9, 15, 42, 9],
    [34, 89, 177, 11],
    [47, 324, 349, 43],
    [77, 108, 202, 28],
    [40, 127, 255, 28],
    [92, 392, 629, 57],
    [36, 79, 97, 12],
    [0, 1, 6, 1],
    [24, 128, 256, 37],
    [372, 1012, 1473, 178],
    [69, 141, 277, 41],
    [377, 887, 1289, 201],
    [74, 134, 324, 30]
  ],
  "W": [
    [16, 148, 66, 15, 19],
    [64, 573, 160, 40, 57],
    [2, 11, 4, 0, 2],
    [50, 120, 40, 13, 14],
    [5, 38, 8, 2, 5],
    [14, 86, 34, 5, 10],
    [135, 214, 175, 14, 37],
    [121, 166, 97, 4, 38],
    [63, 173, 103, 8, 31],
    [114, 288, 178, 23, 52],
    [48, 158, 67, 12, 35],
    [78, 210, 99, 11, 30],
    [255, 535, 395, 39, 114],
    [29, 42, 38, 1, 11],
    [148, 297, 192, 12, 39],
    [203, 376, 293, 11, 77],
    [44, 95, 61, 9, 20],
    [3, 14, 11, 3, 5],
    [4, 10, 5, 0, 1],
    [43, 395, 177, 37, 43],
    [84, 525, 247, 45, 65],
    [24, 177, 108, 15, 35],
    [42, 97, 77, 14, 22],
    [39, 54, 23, 12, 14],
    [178, 379, 744, 39, 119],
    [132, 663, 500, 55, 118],
    [49, 209, 120, 20, 34],
    [67, 368, 278, 41, 71],
    [1, 3, 6, 0, 4],
    [0, 7, 7, 1, 1],
    [1, 8, 11, 0, 2],
    [247, 514, 251, 33, 93],
    [179, 484, 171, 47, 54],
    [166, 268, 162, 10, 43],
    [82, 469, 180, 46, 57],
    [82, 185, 45, 10, 24],
    [80, 222, 66, 13, 34],
    [1, 4, 11, 0, 2],
    [102, 278, 106, 22, 34],
    [105, 235, 246, 10, 32],
    [93, 271, 342, 20, 43],
    [90, 199, 176, 19, 40],
    [75, 379, 110, 40, 49],
    [6, 23, 19, 1, 4],
    [4, 25, 8, 0, 2],
    [2, 15, 7, 1, 4],
    [2, 15, 4, 2, 1],
    [5, 46, 14, 3, 7],
    [63, 135, 85, 12, 16],
    [68, 284, 296, 66, 49],
    [124, 139, 97, 20, 35],
    [49, 229, 124, 17, 31],
    [118, 550, 368, 54, 80],
    [55, 67, 73, 12, 17],
    [2, 5, 1, 0, 0],
    [22, 250, 128, 14, 31],
    [586, 1173, 982, 72, 222],
    [80, 240, 150, 20, 38],
    [492, 1071, 913, 58, 220],
    [146, 245, 139, 5, 27]
  ],
  "method": "mvn_pdf",
  "cond_prob": [
    [
      [0.5059201644, 0.0074042564044, 0.42714776104, 0.059527818158],
      [0.028528434271, 0.0030039460343, 0.90630594501, 0.062161674688],
      [0.022827922478, 0.88713326048, 0.047035242635, 0.043003574404],
      [0.00049921888848, 0.2153975529, 0.77198177721, 0.012121451004],
      [0.21941778583, 0.24500996837, 0.33412122581, 0.20145102]
    ],
    [
      [0.51886310125, 0.0077351102155, 0.41328923695, 0.060112551589],
      [0.029806231179, 0.0039704899182, 0.90279089394, 0.06343238496],
      [0.023488349305, 0.88711572696, 0.046655791948, 0.042740131783],
      [0.00041566500066, 0.22635790252, 0.76084416906, 0.012382263415],
      [0.22700050115, 0.24977245277, 0.32195812512, 0.20126892096]
    ],
    [
      [0.75215714334, 0, 0.20765586085, 0.04018699581],
      [0.020670447456, 0, 0.88389084345, 0.095438709098],
      [0.100718776, 0.73193507377, 0.069413201743, 0.097932948489],
      [0.00072620672013, 0.041536324682, 0.94305462866, 0.014682839935],
      [0.43271784365, 0.03612985246, 0.29211809672, 0.23903420717]
    ],
    [
      [0.49179298416, 0.0053865849599, 0.44034800764, 0.062472423235],
      [0.02682317693, 0.0017207998245, 0.90866086376, 0.062795159484],
      [0.026544889508, 0.86109499255, 0.059113750698, 0.053246367244],
      [0.00044848046284, 0.17397391965, 0.81273242458, 0.01284517531],
      [0.22313883814, 0.20133672254, 0.3580874585, 0.21743698082]
    ],
    [
      [0.44943728678, 0.010961094437, 0.47527781136, 0.064323807421],
      [0.023193237117, 0.0047690901742, 0.9061172575, 0.065920415212],
      [0.010581159441, 0.9377175262, 0.025607196811, 0.026094117549],
      [0.00042819509345, 0.28022442654, 0.70851803704, 0.010829341321],
      [0.15719297799, 0.3403560077, 0.31385230194, 0.18859871236]
    ],
    [
      [0.68098245181, 0.0059872350054, 0.2545395993, 0.058490713885],
      [0.047394352958, 0.0063333871102, 0.85248365907, 0.093788600864],
      [0.032246301866, 0.87961306422, 0.036811826332, 0.051328807579],
      [0.0002990828987, 0.26121675682, 0.72011360672, 0.018370553563],
      [0.32924616423, 0.21585794508, 0.22706808011, 0.22782781058]
    ],
    [
      [0.48509120045, 0.010356150565, 0.43586685476, 0.068685794227],
      [0.026396337428, 0.0050083961335, 0.90040364146, 0.06819162498],
      [0.016399072338, 0.91067873308, 0.036217965743, 0.036704228837],
      [0.0003462017555, 0.27561281925, 0.71157629971, 0.012464679288],
      [0.18889695259, 0.30548013898, 0.30192927391, 0.20369363451]
    ],
    [
      [0.50287758947, 0.0094512098806, 0.41232595267, 0.075345247977],
      [0.028741123006, 0.0049853757204, 0.88869910864, 0.077574392638],
      [0.018602509462, 0.90039839951, 0.03768224243, 0.043316848596],
      [0.00038561898757, 0.26496411355, 0.71994923659, 0.014701030867],
      [0.19933682529, 0.27974552705, 0.2907771903, 0.23014045736]
    ],
    [
      [0.52847579911, 0.0067124939747, 0.42148980995, 0.043321896962],
      [0.029968140289, 0.0036951859127, 0.92182320053, 0.044513473268],
      [0.026838109201, 0.88416973441, 0.054458852114, 0.034533304272],
      [0.00041924990102, 0.19923162312, 0.79124071683, 0.009108410152],
      [0.25012442384, 0.23466161571, 0.35585615416, 0.15935780629]
    ],
    [
      [0.41316175526, 0.015210604988, 0.52619422399, 0.045433415762],
      [0.018566737442, 0.0083905929894, 0.93801061227, 0.035032057299],
      [0.010130333699, 0.93791801701, 0.036225909668, 0.015725739622],
      [0.00017189394014, 0.30190308431, 0.69135631945, 0.0065687023065],
      [0.14894589535, 0.38377542853, 0.33687297813, 0.13040569799]
    ],
    [
      [0.58917467955, 0.010601172879, 0.33143170131, 0.068792446262],
      [0.039106737964, 0.0071592921086, 0.8675385518, 0.086195418125],
      [0.019291851337, 0.91639073234, 0.027847333922, 0.036470082399],
      [0.00043324989409, 0.33075473014, 0.65369319483, 0.015118825142],
      [0.23551422128, 0.31407827772, 0.23743135548, 0.21297614552]
    ],
    [
      [0.49317617365, 0.0094004355688, 0.43643742034, 0.06098597044],
      [0.027101963767, 0.004436001561, 0.90701975247, 0.0614422822],
      [0.018153604175, 0.90704781357, 0.039376583653, 0.035421998604],
      [0.00037124433446, 0.25602456094, 0.73222324299, 0.011380951732],
      [0.20131851878, 0.29070673281, 0.31769985799, 0.19027489043]
    ],
    [
      [0.52076629879, 0.013273147765, 0.39822216283, 0.067738390606],
      [0.030869530701, 0.0073324466326, 0.88920600303, 0.072592019638],
      [0.014736091072, 0.92797140769, 0.027520701285, 0.029771799954],
      [0.00037822037022, 0.34133666379, 0.64601474337, 0.012270372468],
      [0.19170077469, 0.35817238988, 0.26020074437, 0.18992609106]
    ],
    [
      [0.43571841151, 0.0092349017659, 0.50524431101, 0.049802375707],
      [0.021330081865, 0.0033998932888, 0.93133879116, 0.04393123369],
      [0.014652208555, 0.91950626293, 0.039416569587, 0.026424958931],
      [0.00029292194903, 0.24055758661, 0.7510455002, 0.0081039912341],
      [0.17374779825, 0.30978152298, 0.3620736916, 0.15439698717]
    ],
    [
      [0.50512159498, 0.017377462549, 0.41175769567, 0.065743246794],
      [0.028857805785, 0.009752860533, 0.89303867281, 0.068350660871],
      [0.011012771254, 0.94471538485, 0.021782789896, 0.022489054004],
      [0.00031707333239, 0.39391094632, 0.59517113035, 0.01060085],
      [0.16802509394, 0.42100642867, 0.24366733311, 0.16730114428]
    ],
    [
      [0.61701196361, 0.0076113138637, 0.31505872069, 0.060318001834],
      [0.041288285281, 0.0064630653708, 0.87219654281, 0.080052106535],
      [0.029943262207, 0.8766238297, 0.04318081022, 0.050252097875],
      [0.00051545715561, 0.24425860481, 0.73937568919, 0.015850248841],
      [0.29146922423, 0.22710602535, 0.26379311203, 0.21763163839]
    ],
    [
      [0.57780807453, 0.011567704639, 0.37804463009, 0.032579590738],
      [0.036669100813, 0.0082396888164, 0.92028276995, 0.034808440423],
      [0.018950379431, 0.93352893538, 0.033293807178, 0.014226878006],
      [0.00049203937135, 0.31223376566, 0.68071031657, 0.0065638783975],
      [0.24662393219, 0.34764408045, 0.28909290219, 0.11663908517]
    ],
    [
      [0.44735273349, 0.048877949559, 0.45819180456, 0.045577512386],
      [0.020725116291, 0.021153372967, 0.91955809488, 0.038563415864],
      [0.0036532414143, 0.9857188609, 0.0090538138717, 0.0015740838134],
      [0.00050855606298, 0.6686248944, 0.32784577153, 0.0030207780109],
      [0.06521576954, 0.74168735534, 0.13369639817, 0.059400476954]
    ],
    [
      [0.39910713826, 0.0026999183611, 0.54821415112, 0.049978792259],
      [0.014225059749, 0, 0.93317071585, 0.052604224397],
      [0.022027462008, 0.94269474235, 0.012129414961, 0.023148380681],
      [0.00020852470399, 0.16235524257, 0.83046028548, 0.0069759472468],
      [0.15118353944, 0.2757266148, 0.41478916217, 0.15830068359]
    ],
    [
      [0.37780702776, 0.01081050129, 0.54842526415, 0.062957206802],
      [0.014095147033, 0.0049691618335, 0.9297804049, 0.051155286237],
      [0.011408849587, 0.90902764039, 0.046582812575, 0.032980697445],
      [0, 0.23505525531, 0.75525074829, 0.0096939964017],
      [0.14342670585, 0.30179983079, 0.37127949291, 0.18349397045]
    ],
    [
      [0.4022911119, 0.014227287302, 0.52374539845, 0.059736202342],
      [0.016405146175, 0.0071173840653, 0.92678771799, 0.049689751773],
      [0.009516102062, 0.93082893359, 0.035463277082, 0.024191687262],
      [3.2396052312e-05, 0.29637564713, 0.69479481478, 0.0087971420448],
      [0.14219861272, 0.36640970022, 0.32948674589, 0.16190494118]
    ],
    [
      [0.46405605571, 0.011425448386, 0.44426803229, 0.080250463614],
      [0.024613290213, 0.00533384222, 0.89275987761, 0.077292989956],
      [0.014524040843, 0.91231223122, 0.033985655639, 0.0391780723],
      [0.00035238407728, 0.28700781926, 0.69856473419, 0.014075062477],
      [0.16949200352, 0.31276745444, 0.29057563046, 0.22716491159]
    ],
    [
      [0.65003148525, 0.010025341361, 0.30401705904, 0.035926114354],
      [0.045505274635, 0.008748381611, 0.89576491812, 0.049981425638],
      [0.021896410987, 0.92527621479, 0.031486950664, 0.021340423564],
      [7.6182997268e-05, 0.32182603731, 0.66930330115, 0.0087944785348],
      [0.29988980783, 0.31720498117, 0.25215204754, 0.13075316347]
    ],
    [
      [0.43895991094, 0.0093175982461, 0.47582198874, 0.075900502077],
      [0.02123770399, 0.0043883831069, 0.90469124646, 0.069682666445],
      [0.015229652986, 0.90166964917, 0.040694533541, 0.042406164302],
      [0.00025015899606, 0.23515074138, 0.75105046251, 0.013548637109],
      [0.1700316808, 0.27424501094, 0.33150252206, 0.22422078619]
    ],
    [
      [0.38456242033, 0.02154050086, 0.51192508817, 0.081971990642],
      [0.014772102045, 0.011295646219, 0.90450347221, 0.069428779526],
      [0.00082987145005, 0.94987518537, 0.025255184798, 0.024039758387],
      [0, 0.38335240101, 0.60579426077, 0.010853338221],
      [0.11203225334, 0.43888117125, 0.2660057536, 0.18308082181]
    ],
    [
      [0.48374007981, 0.016314055608, 0.43006160536, 0.069884259224],
      [0.026239618576, 0.0088955033649, 0.89511580891, 0.069749069148],
      [0.011021494158, 0.93881717184, 0.024735777954, 0.025425556051],
      [0.00027469166531, 0.36950690691, 0.61897563178, 0.011242769641],
      [0.16291175618, 0.40014711975, 0.25727574627, 0.17966537781]
    ],
    [
      [0.49545427823, 0.009626149589, 0.41415702197, 0.080762550207],
      [0.028441708289, 0.0052212698394, 0.88506979903, 0.081267222844],
      [0.018515924004, 0.89777364863, 0.038062017459, 0.045648409906],
      [0.00045452292024, 0.26480510797, 0.71918730038, 0.015553068728],
      [0.19257123516, 0.27670980231, 0.28751558306, 0.24320337948]
    ],
    [
      [0.45973503079, 0.018945380415, 0.45782107732, 0.063498511469],
      [0.02293373738, 0.010443430657, 0.90703226002, 0.059590571944],
      [0.008531374993, 0.94857407646, 0.023360974526, 0.019533574022],
      [0.00015164027098, 0.38999726626, 0.60060463394, 0.0092464595276],
      [0.14619997298, 0.43935205434, 0.25942218624, 0.15502578644]
    ],
    [
      [0, 0.10153012243, 0.89846987757, 0],
      [0, 0.013479179695, 0.9865208203, 0],
      [0, 0.94507918053, 0.054920819471, 0],
      [4.8472129991e-05, 0.24821275243, 0.74984723368, 0.001891541754],
      [0, 0.54688931383, 0.45311068617, 0]
    ],
    [
      [0.84962251362, 0.0014787952786, 0.13624758341, 0.012651107695],
      [0.016752894165, 0, 0.92575299199, 0.057494113843],
      [0.074986043029, 0.83055363676, 0.032330456334, 0.062129863877],
      [0.0036146301651, 0.073743776879, 0.91191273165, 0.010728861303],
      [0.35421280948, 0.1123807658, 0.38150313007, 0.15190329466]
    ],
    [
      [0.89366938632, 0.0010101236707, 0.086852948515, 0.018467541495],
      [0.049349914315, 0.0022076985482, 0.86573906386, 0.082703323273],
      [0.048309221817, 0.80378599261, 0.056346212671, 0.091558572907],
      [0.0012379186806, 0.10640534996, 0.87810550936, 0.014251221999],
      [0.59006492959, 0.069841184644, 0.18371310059, 0.15638078517]
    ],
    [
      [0.57839759339, 0.008998442567, 0.3448009003, 0.067803063739],
      [0.03759922813, 0.006127935706, 0.87420097279, 0.082071863378],
      [0.02337261578, 0.8970043828, 0.036026467556, 0.043596533867],
      [0.00043889731048, 0.28087353578, 0.70318561971, 0.015501947195],
      [0.24654603228, 0.27108278462, 0.26072160006, 0.22164958303]
    ],
    [
      [0.48753089504, 0.0083599996809, 0.42276281225, 0.081346293027],
      [0.027701395068, 0.0048498264122, 0.88768642363, 0.07976235489],
      [0.021191596978, 0.87874122476, 0.045846099815, 0.054221078448],
      [0.00044864458947, 0.2300857198, 0.75333672662, 0.016128908994],
      [0.19777120734, 0.24217529277, 0.30442071019, 0.25563278971]
    ],
    [
      [0.46131428045, 0.007173610622, 0.45905985578, 0.072452253147],
      [0.024426840303, 0.0047817930094, 0.90328632484, 0.067505041851],
      [0.025839535829, 0.84859927897, 0.06293130508, 0.062629880117],
      [0.00037368382354, 0.16962764315, 0.81550866117, 0.014490011857],
      [0.20199289771, 0.19437908105, 0.3573342058, 0.24629381544]
    ],
    [
      [0.51982892204, 0.0075441526773, 0.41329087362, 0.059336051655],
      [0.029765469702, 0.0038805454155, 0.90370082223, 0.062653162652],
      [0.024023641535, 0.88509312067, 0.047695819556, 0.043187418242],
      [0.00040749580782, 0.22229873639, 0.76499610568, 0.012297662122],
      [0.2293161898, 0.24594561556, 0.32455077817, 0.20018741648]
    ],
    [
      [0.41743673297, 0.0043064193794, 0.52955772891, 0.048699118747],
      [0.020842308613, 0.00036752161383, 0.9384045919, 0.040385577878],
      [0.026277114338, 0.84330299084, 0.08252148516, 0.047898409662],
      [0.00037272549059, 0.13212825905, 0.85865738609, 0.0088416293673],
      [0.19700680847, 0.17954020558, 0.44464066815, 0.17881231779]
    ],
    [
      [0.49522845088, 0.0060859317231, 0.43791972483, 0.060765892564],
      [0.027346382961, 0.0023448926851, 0.90917124792, 0.061137476433],
      [0.025863472448, 0.86767998311, 0.056756954819, 0.049699589628],
      [0.00041562308095, 0.18657865807, 0.80065038983, 0.012355329018],
      [0.22348337148, 0.21471052489, 0.35223502615, 0.20957107747]
    ],
    [
      [0.21174838917, 0.0022196772854, 0.76157708498, 0.024454848562],
      [0.015188620863, 0.0010754592879, 0.96362074073, 0.02011517912],
      [0.045305439904, 0.80305569431, 0.089231471093, 0.062407394697],
      [8.2055128085e-05, 0.027716121995, 0.96970516323, 0.0024966596458],
      [0.11456864421, 0.079932924103, 0.70119688504, 0.10430154665]
    ],
    [
      [0.50160435161, 0.0054970769746, 0.42871310031, 0.06418547111],
      [0.027886371164, 0.0028468467873, 0.90449606305, 0.064770719001],
      [0.030101202193, 0.84532922758, 0.064191273739, 0.060378296489],
      [0.00042361899262, 0.16670689085, 0.8191976906, 0.013671799561],
      [0.23187935006, 0.18751250058, 0.35278629506, 0.2278218543]
    ],
    [
      [0.49893430698, 0.013702026956, 0.41897396462, 0.068389701443],
      [0.027995589465, 0.0072196549034, 0.89459528764, 0.070189467989],
      [0.013382688468, 0.93015039731, 0.027246179979, 0.029220734246],
      [0.00033545109097, 0.33818346578, 0.64966572198, 0.011815361145],
      [0.17929494903, 0.364557371, 0.26808198825, 0.18806569172]
    ],
    [
      [0.42333369062, 0.018620313101, 0.50482686817, 0.053219128115],
      [0.018991734406, 0.010927907432, 0.92546435132, 0.044616006847],
      [0.0072681580008, 0.94970802462, 0.0285643534, 0.014459463975],
      [0.00012758082948, 0.35417457832, 0.6382447293, 0.007453111547],
      [0.13941732781, 0.42844679022, 0.29572926989, 0.13640661208]
    ],
    [
      [0.54227832934, 0.011237694113, 0.38944616902, 0.057037807525],
      [0.03270431333, 0.0062306196007, 0.89782616695, 0.063238900114],
      [0.017305405487, 0.92291898157, 0.030646323909, 0.029129289032],
      [0.00040482488277, 0.31289276557, 0.6756571411, 0.011045268444],
      [0.2158337242, 0.33425027317, 0.27627997189, 0.17363603075]
    ],
    [
      [0.41925603126, 0.0068447349239, 0.51151711616, 0.062382117654],
      [0.019719525986, 0.00208701346, 0.92387501169, 0.05431844886],
      [0.020338580729, 0.86978911651, 0.062301226535, 0.047571076226],
      [0.00027063059148, 0.1771745141, 0.8114765084, 0.011078346911],
      [0.18028628985, 0.22309966121, 0.39133452247, 0.20527952646]
    ],
    [
      [0.47806614366, 0.0042042602979, 0.44165953335, 0.076070062691],
      [0.026717728092, 0.0046442016161, 0.89690741731, 0.071730652979],
      [0.035013462792, 0.80413423197, 0.071384771438, 0.089467533804],
      [0.00055456616993, 0.10305634718, 0.88032263927, 0.016066447383],
      [0.21282125817, 0.12158776163, 0.37113472628, 0.29445625392]
    ],
    [
      [0.69196006048, 0.0013282490991, 0.29029978841, 0.016411902011],
      [0.036382860941, 0, 0.9420741624, 0.021542976658],
      [0.057210341735, 0.84866718456, 0.068715271507, 0.025407202197],
      [0.00067493810745, 0.088362012262, 0.90518403556, 0.0057790140743],
      [0.43245275034, 0.10267476356, 0.36861230714, 0.096260178959]
    ],
    [
      [0.91189973528, 0.0031016095942, 0.065243274, 0.019755381122],
      [0.05196551347, 0.019874716749, 0.8065067673, 0.12165300248],
      [0.096063437159, 0.75819321175, 0.062955532263, 0.082787818826],
      [0, 0.14763572169, 0.82961794322, 0.022746335099],
      [0.68106844182, 0.060171956408, 0.12540131835, 0.13335828343]
    ],
    [
      [0.56659017701, 0.0028253596677, 0.43058446332, 0],
      [0.025509907444, 0, 0.97449009256, 0],
      [0.032701405696, 0.90981647902, 0.057482115286, 0],
      [0.0024208386958, 0.097077028663, 0.90050213264, 0],
      [0.34852373415, 0.16092930727, 0.49054695859, 0]
    ],
    [
      [0.72753981668, 0.0056059185197, 0.19635504258, 0.070499222216],
      [0.055847168279, 0.0093618169777, 0.81044543036, 0.12434558438],
      [0.032244167546, 0.87609926444, 0.0323039643, 0.059352603717],
      [0.0003198591288, 0.29338433171, 0.67979404589, 0.026501763266],
      [0.33442189325, 0.19939773274, 0.17801390749, 0.28816646652]
    ],
    [
      [0.43244454441, 0.012002108721, 0.5134664062, 0.042086940663],
      [0.021372121771, 0.0061838171484, 0.93852546453, 0.033918596552],
      [0.013634180852, 0.92724352296, 0.040788940459, 0.018333355725],
      [0.00033571606563, 0.2634657359, 0.72957779985, 0.0066207481876],
      [0.16923895611, 0.33948522205, 0.35804282254, 0.1332329993]
    ],
    [
      [0.45103687088, 0.01645775714, 0.45803462937, 0.074470742608],
      [0.022257238731, 0.0083926617951, 0.89904443311, 0.070305666361],
      [0.0092836878635, 0.93748406468, 0.026156241152, 0.027076006304],
      [4.418358745e-05, 0.35743290976, 0.63097643072, 0.011546475935],
      [0.14811325013, 0.3961530893, 0.26812927326, 0.18760438732]
    ],
    [
      [0.51703012949, 0.010632890386, 0.40700166198, 0.065335318144],
      [0.029720872637, 0.0056427752315, 0.89587993772, 0.068756414411],
      [0.016866046932, 0.91647517459, 0.032755575636, 0.033903202843],
      [0.00036549077222, 0.29479973032, 0.69248774028, 0.012347038623],
      [0.20324989367, 0.31723112267, 0.28506962656, 0.19444935711]
    ],
    [
      [0.50415718756, 0.0092840216257, 0.42580658412, 0.060752206699],
      [0.02837090489, 0.0043454614367, 0.90454202505, 0.062741608622],
      [0.019053973925, 0.90539260116, 0.039236662495, 0.036316762422],
      [0.0004060031214, 0.25681237948, 0.73111089459, 0.011670722814],
      [0.20741179904, 0.2875961057, 0.31293942852, 0.19205266675]
    ],
    [
      [0.48600119661, 0.012793595773, 0.44708296663, 0.054122240984],
      [0.026439674197, 0.0068418313137, 0.91464962537, 0.052068869115],
      [0.014391186287, 0.92861173334, 0.032950493399, 0.024046586979],
      [0.00034714140142, 0.30759993726, 0.68288830434, 0.0091646169972],
      [0.18494169753, 0.35484792496, 0.3023145747, 0.1578958028]
    ],
    [
      [0.53302487626, 0.011883807046, 0.3989483865, 0.056142930195],
      [0.031174163316, 0.006361389573, 0.90193149836, 0.060532948747],
      [0.015238093524, 0.93078426971, 0.027561960209, 0.026415676557],
      [0.00039252366142, 0.32684998172, 0.66235421072, 0.010403283901],
      [0.20458069131, 0.35592506127, 0.27459733696, 0.16489691045]
    ],
    [
      [0, 0.0075638048179, 0.83596067937, 0.15647551581],
      [0, 0, 0.86561572825, 0.13438427175],
      [0, 0.98487239036, 0, 0.015127609636],
      [0.00035005793984, 1.534877875e-20, 0.99848998657, 0.001159955493],
      [3.2253182597e-05, 6.3346917541e-06, 0.034357843987, 0.96560356814]
    ],
    [
      [0.46224150236, 0.0097269046789, 0.43985487881, 0.088176714154],
      [0.025025820709, 0.0052919004412, 0.88716387719, 0.082518401657],
      [0.01695479976, 0.89432726726, 0.040105972706, 0.048611960277],
      [0.00037643879489, 0.25491490487, 0.72853445251, 0.016174203818],
      [0.17415313737, 0.27162368095, 0.29674762989, 0.25747555179]
    ],
    [
      [0.48542277478, 0.01181079554, 0.44111370109, 0.061652728585],
      [0.026415067701, 0.0060371579552, 0.90678785584, 0.060759918506],
      [0.015319059518, 0.91980169086, 0.034610407268, 0.030268842354],
      [0.00033134091525, 0.29398068053, 0.69483237704, 0.010855601513],
      [0.18689282239, 0.33146584734, 0.30103542873, 0.18060590154]
    ],
    [
      [0.57024625979, 0.0062901108974, 0.35986737026, 0.063596259052],
      [0.034245279611, 0.0055823210942, 0.88600101389, 0.0741713854],
      [0.032691803354, 0.85270634838, 0.054881187001, 0.059720661263],
      [0.00033286898653, 0.19365114114, 0.79043419165, 0.015581798225],
      [0.26976326914, 0.19415944699, 0.30340803056, 0.23266925331]
    ],
    [
      [0.543869424, 0.0081978978058, 0.38250541895, 0.065427259241],
      [0.032735898789, 0.0053189842893, 0.88931272296, 0.072632393965],
      [0.024263069131, 0.88551246082, 0.043959930133, 0.046264539919],
      [0.00041896814562, 0.24099812418, 0.74431858496, 0.014264322716],
      [0.23718006144, 0.24917833717, 0.29567051569, 0.2179710857]
    ],
    [
      [0.42295742653, 0.0083328883557, 0.51297468802, 0.055734997091],
      [0.020161912907, 0.0038719050709, 0.92771533789, 0.048250844132],
      [0.017880456725, 0.89142043125, 0.05380372095, 0.036895391072],
      [0.00028147709776, 0.20091232591, 0.7892418066, 0.0095643903918],
      [0.17858356274, 0.25639925866, 0.38483376003, 0.18018341858]
    ]
  ],
  "expected_outcome": [
    [
      [8.0947226303, 33.2072384798, 1.5043142867, 24.5896492082, 2.2471864339, 9.5337543253, 65.4873120607, 60.8481883262, 33.293975344, 47.1004400995, 28.2803846185, 38.4677415447, 132.7954061925, 12.6358339339, 74.7579960578, 125.2534286132, 25.4235552793, 1.3420582005, 1.596428553, 16.2457021938, 33.7924533998, 11.137345337, 27.3013223804, 17.1194365266, 68.4521108186, 63.853690535, 24.2772596333, 30.8022470632, 0, 0, 0.89366938632, 142.8642055673, 87.2680302116, 76.5781705546, 42.6259716076, 34.2298121032, 39.6182760707, 0.21174838917, 51.1636438641, 52.3881022328, 39.3700332275, 48.8050496409, 31.4442023447, 2.868396862, 2.7678402419, 1.8237994706, 1.133180354, 3.6376990834, 27.244006298, 30.6705072199, 64.1117360571, 24.7037021903, 57.3481412, 29.3163681943, 0, 10.1693130519, 284.4577460235, 45.6197007833, 267.5837566103, 61.7517842737],
      [0.11846810247, 0.49504705379, 0, 0.269329248, 0.054805472184, 0.083821290076, 1.3980803263, 1.1435963955, 0.4228871204, 1.7340089686, 0.50885629821, 0.73323397437, 3.3846526801, 0.26781215121, 2.5718644572, 1.5450967143, 0.50897900411, 0.14663384868, 0.010799673444, 0.46485155547, 1.1950921334, 0.27421076126, 0.42106433716, 0.3633863316, 3.8342091531, 2.1534553403, 0.47168132986, 1.2693404878, 0.10153012243, 0, 0.0010101236707, 2.222615314, 1.4964399429, 1.1908193632, 0.61862051954, 0.35312638911, 0.48687453785, 0.0022196772854, 0.56070185141, 1.4387128304, 1.7316891184, 1.0113924701, 0.51335511929, 0.025225561787, 0.0053129963965, 0.0062032191884, 0.0056507193354, 0.028029592599, 0.7561328494, 1.1191274855, 1.3184784079, 0.45491705966, 1.5096443012, 0.65360938752, 0.015127609636, 0.21399190294, 6.9211261864, 0.50320887179, 4.0333657205, 1.2166016999],
      [6.8343641767, 26.4505111647, 0.41531172169, 22.0174003821, 2.3763890568, 3.5635543902, 58.8420253924, 49.891440273, 26.553858027, 59.986141535, 15.9087216627, 34.0421187866, 101.5466515228, 14.6520850194, 60.9401389596, 63.9569203002, 16.6339637241, 1.3745754137, 2.1928566045, 23.5822863583, 43.9946134701, 10.662432775, 12.7687164796, 18.5570575607, 91.1226656941, 56.7681319071, 20.2936940766, 30.6740121805, 0.89846987757, 0, 0.086852948515, 85.165822375, 75.6745433936, 76.2039360597, 33.8898516372, 43.4237337704, 35.0335779864, 0.76157708498, 43.7287362313, 43.9922662853, 46.9488987394, 35.0501552117, 38.363783712, 2.6499572001, 1.1611991537, 0.130486548, 0.86116892664, 0.98177521292, 32.3483835908, 31.1463547973, 50.4682060851, 20.8645226218, 52.7557900627, 21.9421612574, 1.6719213587, 9.6768073337, 258.4926288395, 28.7893896208, 188.1926661227, 74.8943044511],
      [0.95244509053, 3.8472033017, 0.08037399162, 3.1236211617, 0.3216190371, 0.81886999439, 9.2725822207, 9.1167750053, 2.7292795086, 5.1794093968, 3.3020374206, 4.7569056943, 17.2732896046, 1.4442688955, 9.7300005255, 12.2445543722, 1.4335019925, 0.13673253716, 0.19991516904, 2.7071598925, 5.0178409968, 1.9260111267, 1.5088968029, 2.960119581, 14.5910143342, 9.2247222176, 3.9573649602, 4.2544002684, 0, 0, 0.018467541495, 16.7473567436, 14.5609864519, 12.0270740225, 4.8655562357, 3.9933277373, 4.8612714051, 0.024454848562, 6.5469180532, 7.1809186515, 4.9493789147, 5.1334026773, 4.678658824, 0.45642037615, 0.065647608045, 0.039510762244, 0, 0.35249611108, 2.6514772618, 5.0640104973, 8.1015794499, 2.9768581282, 6.3864244361, 3.0878611607, 0.31295103162, 1.9398877114, 36.1284989506, 5.0877007241, 32.1902115465, 8.1373095753]
    ],
    [
      [4.2222082721, 17.0789704658, 0.22737492202, 3.2187812316, 0.88134301043, 4.0759143544, 5.6488162096, 4.771026419, 5.18448827, 5.3472203832, 6.1788645983, 5.691412391, 16.5151989249, 0.89586343835, 8.5707683181, 15.5243952657, 3.4835645772, 0.29015162807, 0.14225059749, 5.5675830779, 8.6127017421, 4.3565523676, 4.4140116396, 1.1468360155, 5.598626675, 17.3968671157, 5.9443170325, 8.4396153559, 0, 0.11727025915, 0.39479931452, 19.3260032586, 13.4074752131, 6.5463932013, 13.9600052905, 3.8558270933, 6.0708970173, 0.060754483453, 7.7524111837, 6.5789635242, 5.146760024, 6.5081583528, 7.4737003487, 0.61450774612, 0.90957152353, 0.77948270205, 0.38264861165, 2.5689697408, 2.8852364391, 6.3210557995, 4.1312012966, 6.4969372197, 14.5418208081, 2.0886689422, 0, 6.2564551774, 30.9848744131, 8.2188671066, 35.0601476027, 4.9396686622],
      [0.44458401308, 2.2750907231, 0, 0.20649597895, 0.18122542662, 0.54467129148, 1.0717967726, 0.82757236958, 0.63926716289, 2.416490781, 1.1311681532, 0.93156032781, 3.9228589485, 0.14279551813, 2.8965995783, 2.4301125794, 0.78277043756, 0.29614722154, 0, 1.9628189242, 3.7366266343, 0.94409007294, 0.84859301627, 0.23697268777, 4.2810499169, 5.897718731, 1.0912453964, 3.8431824819, 0.040437539086, 0, 0.017661588385, 3.1497589529, 2.3473159835, 1.2815205265, 1.8199757999, 0.067991498559, 0.5205661761, 0.0043018371514, 0.79142340686, 1.6966189023, 2.9614629141, 1.2398933005, 0.79097810134, 0.10681663717, 0, 0.29812075123, 0, 0.43064358098, 0.83481531503, 2.3835159498, 0.78434575718, 0.995110669, 3.7630072225, 0.42621310139, 0, 1.3229751103, 7.0815862815, 1.3397570626, 5.6966321738, 0.94861674237],
      [134.133279861, 517.2991822292, 9.7227992779, 109.0393036514, 34.4324557849, 73.3135946798, 192.686379272, 147.5240520336, 159.4754136918, 270.1470563338, 137.0710911849, 190.4741480191, 475.7252116204, 39.1162292285, 265.2324858249, 327.9459000976, 87.4268631451, 12.8738133283, 9.3317071585, 367.2632599342, 486.5635519426, 158.0184983372, 86.8891970573, 48.8533273087, 342.8068159679, 593.4617813083, 184.9795879968, 333.787871687, 2.9595624609, 6.4802709439, 6.9259125109, 449.339300012, 429.6402290368, 242.0807350561, 423.8356856257, 173.6048495008, 201.8360170385, 3.8544829629, 251.4499055271, 210.2298925961, 250.8008392065, 178.6674072239, 350.148629432, 20.6288705982, 23.55185406, 12.0976015095, 14.6173513883, 37.2804897968, 126.7009377114, 255.3286190042, 124.5273113431, 207.1401237369, 503.0572939559, 60.4294103904, 4.3280786413, 221.7909692982, 1063.6621548984, 212.6402433347, 952.453926287, 227.2902577831],
      [9.1999278538, 36.3467565819, 1.0498258001, 7.535419138, 2.5049757781, 8.0658196743, 14.5930077458, 12.8773491779, 7.7008308753, 10.089232502, 13.6188760637, 12.9028792621, 38.8367305063, 1.845111815, 20.3001462787, 30.0995920572, 3.3068018402, 0.53988782209, 0.52604224397, 20.2063380637, 26.0871196811, 13.6808592222, 4.8481982869, 3.762863988, 26.3135074402, 46.2436328451, 16.9848495743, 21.9293304752, 0, 0.4024587969, 0.66162658618, 42.1849377765, 38.6049797666, 18.0913512161, 29.3843332839, 7.4713319073, 13.5725197682, 0.080460716479, 18.0062598823, 16.4945249774, 12.0909378554, 12.5845411228, 20.5866921179, 1.6498050185, 0.53857441646, 1.8247950372, 0, 5.7198968814, 4.5790105345, 19.9668092465, 9.5571416031, 14.3678283744, 28.6378780134, 4.0557075661, 0.67192135874, 20.6296004142, 71.271384407, 17.8011324961, 77.7892939365, 11.8214568123]
    ],
    [
      [1.5066428835, 3.7581358888, 0.40287510399, 1.0617955803, 0.084649275527, 1.0963742634, 2.8698376592, 1.8044434178, 2.7643252477, 1.8031993985, 1.2925540396, 1.7972068133, 5.8207559736, 0.55678392507, 2.1144520807, 8.7733758266, 1.1559731453, 0.040185655557, 0.11013731004, 2.0193663769, 2.3504772093, 1.568596411, 1.686023646, 0.35028201868, 0.61742435884, 5.5107470791, 2.2219108805, 2.371722248, 0, 0.5249023012, 0.53140143999, 5.8665265608, 3.6237630833, 4.1860048043, 4.3242554764, 1.1824701452, 1.7069891816, 0.49835983895, 3.1907274324, 3.2921413631, 2.4857100363, 3.0457513657, 2.2372438802, 0.66525579305, 0.45768273388, 0.67244406011, 0.13080562278, 0.45141834564, 1.1589053724, 2.7479716076, 1.6360065524, 2.3626927667, 5.2959565537, 1.1123808272, 0, 2.1702143692, 15.0433164463, 4.9037705031, 22.1521821169, 2.4853834847],
      [58.5507951919, 141.9385163143, 2.9277402951, 34.443799702, 7.5017402096, 29.9068441836, 159.3687782893, 87.3386447527, 91.0694826446, 166.9494070279, 61.3981790669, 89.7977335432, 366.5487060371, 34.9412379913, 181.3853538905, 256.8507821014, 56.9452650585, 10.8429074699, 4.7134737118, 160.8978923497, 229.9147465977, 98.5297209716, 71.2462685385, 20.7384019309, 706.7071379121, 469.4085859187, 107.7328378357, 263.7035932557, 5.6704750832, 5.8138754573, 8.8416459187, 225.1481000822, 150.2647494338, 137.4730831937, 159.3167617198, 37.9486345878, 57.2668788849, 8.8336126374, 89.6048981234, 228.8169977377, 324.8001444214, 162.4337407567, 95.6768028161, 15.2785504073, 6.7893374765, 5.3073524823, 3.6392659161, 12.2653897021, 78.8156994519, 277.4952831453, 88.8980919352, 112.2686825436, 341.7291178673, 67.9472516888, 0.98487239036, 114.473890209, 903.2452604248, 127.9059522572, 808.472876725, 123.9074399442],
      [3.1043260139, 7.4649267117, 0.27765280697, 2.3645500279, 0.20485757449, 1.2516020953, 6.338144005, 3.6551775158, 5.6092617677, 6.4482119209, 1.8657713728, 3.8982817817, 10.8706770076, 1.4978296443, 4.18229566, 12.6519773946, 2.0309222378, 0.099591952589, 0.060647074805, 8.2451578257, 8.7594294393, 3.670450809, 2.4244952011, 0.93597427145, 18.7898574894, 12.367888977, 4.5674420951, 6.4943509181, 0.32952491682, 0.22631319434, 0.61980833938, 9.0426433564, 7.8396830683, 10.1948714229, 8.5852475201, 3.7134668322, 3.7459590181, 0.98154618203, 6.8042750163, 6.7025602748, 9.7690088628, 5.393753008, 6.8531349189, 1.3563106573, 0.54972217206, 0.44068872584, 0.22992846114, 0.4522555002, 3.467059939, 7.7422473811, 3.1772908367, 4.8653461493, 12.1257815707, 2.0120230953, 0, 5.1335645063, 33.9874199368, 8.2321780502, 40.1354162116, 7.4787172121],
      [2.8382359107, 6.8384210853, 0.39173179396, 2.1298546898, 0.20875294039, 1.7451794577, 6.4232400465, 4.2017343138, 3.55693034, 2.7991816527, 2.4434955207, 3.5067778618, 11.7598609817, 1.0041484394, 4.3178983688, 14.7238646774, 0.86783955836, 0.017314921947, 0.11574190341, 5.8375834477, 5.9753467537, 4.2312318084, 1.6432126144, 0.97534177895, 17.8855802397, 12.7127780253, 5.4778091888, 5.4303335782, 0, 0.43490904714, 1.007144302, 10.9427300005, 9.2718044146, 10.146040579, 7.7737352836, 2.1554284348, 3.2801729155, 0.68648134167, 6.4000994279, 7.1883006245, 4.9451366795, 5.1267548696, 5.2328183848, 1.6998831423, 0.20325761758, 0.57951473178, 0, 0.83093645204, 1.5583352367, 8.014497866, 3.2886106758, 4.5032785403, 8.8491440083, 1.9283443887, 0.015127609636, 6.2223309154, 29.7240031921, 8.9580991895, 42.2395249465, 5.128459359]
    ],
    [
      [0.0074882833273, 0.016626600026, 0, 0.0058302460169, 0.00085639018689, 0.0014954144935, 0.004846824577, 0.0015424759503, 0.0033539992082, 0.0039535606232, 0.0051989987291, 0.0040836876791, 0.014750594438, 0.00029292194903, 0.0038048799886, 0.0056700287117, 0.0044283543422, 0.0015256681889, 0, 0, 0.0014578223541, 0.0052857611591, 0.0010665619617, 0.0030019079527, 0, 0.015108041592, 0.0090904584047, 0.0062172511103, 0, 0.0036146301651, 0, 0.014483611246, 0.021086295705, 0.0037368382354, 0.01874480716, 0.0037272549059, 0.0054031000524, 0, 0.0093196178376, 0.0033545109097, 0.0025516165896, 0.0076916727727, 0.010825223659, 0.00055456616993, 0, 0, 0.0048416773917, 0.00095957738639, 0.0040285927876, 0.0029161167717, 0.0073098154444, 0.0069020530638, 0.018745635676, 0.0047102839371, 0, 0.0052701431284, 0.023856545898, 0.0066573797306, 0.024300152446, 0.0014073854888],
      [3.2309632935, 9.0543161009, 0, 2.2616609555, 0.56044885308, 1.3060837841, 3.8585794694, 1.0598564542, 1.593852985, 6.9437709391, 3.9690567617, 2.8162701704, 13.3121298877, 0.24055758661, 4.7269313558, 2.6868446529, 2.8101038909, 2.0058746832, 0, 8.6970444466, 13.3369041207, 4.3051172889, 4.5055645224, 2.8218088966, 14.9507436395, 20.3228798801, 5.2961021594, 15.9898879166, 0, 0.073743776879, 0, 9.2688266808, 10.8140288304, 1.6962764315, 10.2257418739, 1.3212825905, 2.4255225549, 0, 3.6675515987, 3.3818346578, 7.0834915665, 5.9449625458, 7.086980564, 0.10305634718, 0, 0.14763572169, 0.19415405733, 0.88015299513, 3.1615888308, 23.5905720439, 5.8959946065, 4.3658104511, 16.6103966121, 3.9221997806, 0, 3.5688086682, 21.1666089983, 3.8730228228, 13.9778912025, 1.0045616295],
      [11.5797266581, 30.4337667625, 0, 10.5655215195, 1.4170360741, 3.6005680336, 9.9620681959, 2.8797969464, 6.3299257346, 15.9011953473, 7.8443183379, 8.0544556729, 25.1945749916, 0.7510455002, 7.1420535642, 8.1331325811, 6.1263928492, 0.98353731459, 0, 27.9442776866, 31.2657666649, 10.4784710128, 9.3702462162, 9.0126055502, 23.6259761699, 34.043659748, 14.3837460076, 24.6247899917, 0, 0.91191273165, 0, 23.2051254505, 35.4068261512, 8.1550866117, 35.1898208613, 8.5865738609, 10.4084550678, 0, 18.0223491932, 6.4966572198, 12.764894586, 12.837485681, 32.4590603359, 0.88032263927, 0, 0.82961794322, 1.8010042653, 2.0393821377, 8.7549335982, 41.6444444276, 13.8497548056, 12.428885208, 36.8759684344, 7.9482505286, 0, 10.1994823352, 50.0279311469, 15.808683833, 43.1704779275, 3.946209033],
      [0.18182176506, 0.49529053661, 0, 0.16698727903, 0.021658682642, 0.091852767815, 0.17450551003, 0.05880412347, 0.072867281216, 0.15108015305, 0.18142590171, 0.12519046906, 0.47854452625, 0.0081039912341, 0.1272102, 0.17435273725, 0.059074905577, 0.0090623340327, 0, 0.35867786686, 0.39587139202, 0.21112593716, 0.12312269949, 0.16258364531, 0.42328019062, 0.61835233024, 0.31106137455, 0.37910484063, 0, 0.010728861303, 0, 0.51156425742, 0.75805872272, 0.14490011857, 0.5656924576, 0.088416293673, 0.16061927723, 0, 0.30077959034, 0.11815361145, 0.14906223094, 0.20986010043, 0.44313387644, 0.016066447383, 0, 0.022746335099, 0, 0.079505289799, 0.079448978251, 0.76206741169, 0.24694077247, 0.19840228783, 0.49488931785, 0.12483940681, 0, 0.22643885346, 0.78160330894, 0.31163596449, 0.82733071754, 0.047821951959]
    ],
    [
      [4.1689379307, 12.9390285656, 0.8654356873, 3.1239437339, 0.78596488996, 3.2924616423, 6.9891872459, 7.5747993612, 7.7538571391, 7.7451865581, 8.2429977449, 6.0395555634, 21.8538883146, 1.9112257807, 6.5529786635, 22.4431302657, 4.9324786438, 0.3260788477, 0.15118353944, 6.1673483515, 9.2429098265, 5.9322201232, 6.5975757722, 2.3804435313, 13.3318381476, 19.2235872287, 6.5474219953, 10.3801980818, 0, 0.35421280948, 1.1801298592, 22.928781002, 10.6796451963, 8.6856946015, 13.0710228184, 4.7281634033, 7.5984346305, 0.22913728843, 7.883897902, 5.737438369, 5.9949450956, 8.6333489678, 8.8340282028, 0.85128503269, 0.86490550069, 2.7242737673, 0.34852373415, 2.3409532528, 2.7078232977, 7.2575492563, 7.1137462785, 6.4297657702, 14.7953358025, 3.4778717524, 0, 5.3987472583, 41.4902065712, 10.2510042273, 52.1796135177, 4.8217561938],
      [4.6551893991, 14.237029808, 0.072259704919, 2.8187141156, 1.7017800385, 2.1585794508, 11.3027651424, 10.630330028, 7.2745100872, 19.9563222835, 10.9927397201, 8.7212019842, 40.8316524466, 3.4075967528, 16.4192507182, 17.4871639519, 6.9528816089, 3.7084367767, 0.2757266148, 12.977392724, 23.816630514, 10.9468609053, 6.9785095857, 3.8394301532, 52.2268593785, 47.21736013, 9.4081332786, 31.193995858, 2.1875572553, 0.1123807658, 0.13968236929, 25.2106989701, 13.0774658095, 8.3583004851, 14.0189000868, 4.308964934, 7.3001578462, 0.15986584821, 6.3754250197, 11.6658358719, 18.4232119796, 13.3700109268, 10.9318833992, 0.48635104652, 0.20534952712, 0.24068782563, 0.16092930727, 1.3957841292, 5.4317635529, 19.4115013755, 11.1030892933, 8.9154792766, 28.3878339969, 6.0507260416, 0, 8.4203341095, 73.585418109, 7.3780589856, 54.8192341782, 6.9227799839],
