{
  "X": [
    [4, 7, 69, 1],
    [3, 16, 70, 9],
    [0, 10, 8, 0],
    [17, 51, 133, 10],
    [3, 10, 9, 0],
    [26, 94, 251, 11],
    [3, 15, 6, 1],
    [33, 53, 58, 2],
    [39, 306, 732, 39],
    [4, 12, 34, 1],
    [16, 51, 133, 15],
    [9, 13, 30, 1],
    [2, 18, 33, 0],
    [9, 24, 60, 0],
    [23, 83, 159, 25],
    [44, 216, 618, 29],
    [421, 444, 444, 29],
    [12, 46, 230, 11],
    [3, 15, 99, 2],
    [235, 1245, 3203, 149],
    [54, 275, 781, 25],
    [45, 137, 499, 17],
    [3, 3, 20, 1],
    [1, 2, 7, 0],
    [19, 84, 193, 5],
    [0, 11, 20, 1],
    [2, 12, 32, 3],
    [9, 45, 121, 23],
    [2, 6, 82, 1],
    [0, 5, 67, 1],
    [3, 16, 41, 1],
    [1, 0, 18, 0],
    [1, 16, 15, 1],
    [5, 7, 36, 2],
    [2, 23, 82, 3],
    [13, 22, 62, 6],
    [18, 48, 72, 6],
    [1, 6, 10, 1],
    [3, 10, 14, 1],
    [5, 7, 49, 0],
    [18, 61, 120, 10],
    [2, 5, 39, 3],
    [34, 110, 289, 13],
    [31, 215, 415, 18],
    [4, 21, 128, 3],
    [11, 35, 161, 8],
    [20, 73, 101, 15],
    [66, 210, 458, 43],
    [1, 9, 41, 2],
    [4, 13, 121, 6],
    [2, 15, 149, 1],
    [20, 62, 164, 4],
    [13, 28, 83, 3],
    [1, 11, 110, 5],
    [2, 1, 38, 1],
    [1, 7, 51, 3],
    [1, 4, 46, 2],
    [1, 6, 41, 0],
    [11, 47, 160, 4],
    [7, 22, 102, 2],
    [5, 24, 115, 8],
    [2, 1, 6, 0],
    [32, 79, 316, 11],
    [0, 0, 21, 1],
    [9, 34, 69, 6],
    [0, 6, 10, 0],
    [0, 11, 18, 0],
    [3, 13, 93, 2],
    [6, 35, 196, 7],
    [21, 116, 416, 24],
    [11, 22, 42, 6],
    [0, 7, 49, 0],
    [4, 13, 59, 2],
    [2, 3, 78, 2],
    [13, 62, 139, 6],
    [29, 132, 478, 21],
    [6, 19, 137, 4],
    [9, 41, 251, 18],
    [48, 145, 547, 21],
    [3, 12, 152, 6],
    [8, 19, 126, 8],
    [8, 10, 116, 2],
    [0, 1, 6, 0],
    [183, 187, 197, 11],
    [0, 2, 42, 3],
    [5, 9, 54, 11],
    [10, 32, 197, 8],
    [14, 69, 235, 5],
    [5, 16, 47, 3],
    [2, 1, 3, 0],
    [0, 8, 41, 1],
    [1, 8, 40, 0],
    [31, 136, 319, 15],
    [48, 179, 500, 26],
    [9, 71, 107, 14],
    [16, 52, 126, 9],
    [36, 160, 364, 12],
    [57, 201, 523, 21],
    [12, 39, 196, 8],
    [36, 127, 514, 18],
    [6, 35, 47, 2],
    [7, 56, 134, 2],
    [20, 49, 217, 14],
    [21, 94, 240, 11],
    [25, 15, 121, 6],
    [1, 9, 27, 2],
    [24, 92, 281, 11],
    [3, 15, 144, 2],
    [4, 15, 45, 3],
    [27, 40, 119, 3],
    [15, 28, 169, 0],
    [3, 3, 26, 0],
    [3, 21, 173, 8],
    [3, 12, 36, 5],
    [24, 64, 289, 14],
    [3, 6, 47, 5],
    [2, 12, 32, 3],
    [6, 7, 18, 1],
    [6, 23, 41, 4],
    [23, 34, 52, 5],
    [17, 26, 67, 2],
    [8, 15, 60, 2],
    [2, 4, 57, 3],
    [3, 5, 40, 3],
    [2, 11, 81, 7],
    [57, 129, 485, 16],
    [61, 162, 248, 5],
    [272, 602, 997, 68],
    [222, 489, 1195, 68],
    [3, 1, 4, 0]
  ],
  "W": [
    [4, 9, 65, 3, 0],
    [4, 13, 65, 13, 3],
    [2, 8, 7, 0, 1],
    [6, 56, 114, 22, 13],
    [1, 10, 10, 0, 1],
    [21, 84, 237, 22, 18],
    [2, 14, 5, 0, 4],
    [22, 52, 48, 8, 16],
    [33, 327, 637, 87, 32],
    [1, 9, 33, 6, 2],
    [9, 49, 125, 23, 9],
    [6, 15, 26, 4, 2],
    [3, 20, 25, 4, 1],
    [9, 27, 51, 4, 2],
    [8, 78, 145, 39, 20],
    [25, 215, 547, 87, 33],
    [283, 502, 413, 71, 69],
    [9, 46, 213, 21, 10],
    [2, 15, 83, 11, 8],
    [132, 1188, 2895, 448, 169],
    [35, 280, 680, 98, 42],
    [24, 132, 459, 54, 29],
    [1, 4, 19, 2, 1],
    [1, 1, 7, 1, 0],
    [9, 88, 164, 21, 19],
    [1, 11, 17, 2, 1],
    [0, 15, 30, 0, 4],
    [4, 50, 115, 15, 14],
    [1, 2, 76, 9, 3],
    [0, 3, 56, 11, 3],
    [1, 14, 39, 6, 1],
    [0, 4, 14, 0, 1],
    [1, 15, 12, 2, 3],
    [4, 8, 33, 5, 0],
    [1, 24, 66, 17, 2],
    [4, 21, 61, 12, 5],
    [6, 46, 56, 25, 11],
    [1, 4, 8, 2, 3],
    [3, 10, 14, 0, 1],
    [1, 10, 44, 3, 3],
    [3, 57, 110, 27, 12],
    [0, 5, 37, 7, 0],
    [10, 119, 242, 58, 17],
    [17, 200, 351, 79, 32],
    [6, 21, 111, 12, 6],
    [8, 35, 147, 17, 8],
    [13, 73, 86, 21, 16],
    [27, 196, 390, 116, 48],
    [0, 12, 33, 6, 2],
    [0, 12, 109, 19, 4],
    [0, 11, 135, 18, 3],
    [8, 60, 147, 16, 19],
    [5, 31, 72, 13, 6],
    [0, 11, 105, 10, 1],
    [2, 4, 32, 3, 1],
    [0, 3, 44, 13, 2],
    [0, 8, 36, 6, 3],
    [3, 6, 36, 3, 0],
    [4, 42, 134, 30, 12],
    [2, 20, 96, 6, 9],
    [2, 19, 104, 19, 8],
    [3, 0, 6, 0, 0],
    [13, 78, 285, 35, 27],
    [0, 0, 19, 2, 1],
    [6, 31, 66, 9, 6],
    [0, 6, 10, 0, 0],
    [0, 11, 15, 3, 0],
    [0, 14, 83, 9, 5],
    [1, 32, 189, 14, 8],
    [8, 99, 369, 70, 31],
    [6, 16, 34, 18, 7],
    [1, 6, 46, 0, 3],
    [4, 12, 54, 5, 3],
    [0, 7, 66, 10, 2],
    [7, 59, 122, 22, 10],
    [7, 149, 406, 77, 21],
    [4, 20, 114, 14, 14],
    [0, 43, 227, 35, 14],
    [18, 156, 483, 71, 33],
    [2, 16, 139, 11, 5],
    [5, 20, 116, 15, 5],
    [3, 10, 114, 6, 3],
    [0, 1, 6, 0, 0],
    [109, 210, 172, 37, 50],
    [0, 3, 42, 2, 0],
    [1, 10, 47, 14, 7],
    [4, 35, 176, 22, 10],
    [13, 64, 209, 19, 18],
    [0, 17, 42, 9, 3],
    [0, 2, 2, 2, 0],
    [0, 8, 36, 4, 2],
    [1, 6, 34, 6, 2],
    [18, 133, 279, 42, 29],
    [27, 175, 427, 92, 32],
    [5, 65, 100, 24, 7],
    [2, 55, 120, 19, 7],
    [12, 163, 323, 53, 21],
    [30, 208, 452, 67, 45],
    [6, 43, 176, 20, 10],
    [16, 125, 458, 58, 38],
    [1, 41, 37, 6, 5],
    [3, 59, 108, 25, 4],
    [14, 42, 205, 24, 15],
    [7, 91, 203, 44, 21],
    [9, 22, 116, 17, 3],
    [1, 10, 24, 3, 1],
    [25, 82, 247, 31, 23],
    [3, 17, 131, 5, 8],
    [1, 14, 44, 3, 5],
    [12, 37, 108, 24, 8],
    [9, 29, 144, 17, 13],
    [0, 6, 26, 0, 0],
    [4, 18, 148, 22, 13],
    [2, 12, 32, 6, 4],
    [16, 62, 246, 53, 14],
    [3, 5, 43, 3, 7],
    [4, 11, 23, 8, 3],
    [4, 6, 18, 3, 1],
    [3, 20, 41, 4, 6],
    [13, 38, 46, 9, 8],
    [7, 34, 55, 10, 6],
    [5, 17, 57, 5, 1],
    [4, 4, 46, 8, 4],
    [3, 4, 37, 6, 1],
    [2, 8, 68, 13, 10],
    [17, 121, 448, 65, 36],
    [80, 133, 225, 9, 29],
    [139, 625, 905, 125, 145],
    [96, 486, 1082, 169, 141],
    [0, 3, 1, 4, 0]
  ],
  "method": "mvn_pdf",
  "cond_prob": [
    [
      [0.8254605139, 0.17145035904, 0.0030855404, 3.5866596766e-06],
      [0.074726408974, 0.68745252306, 0.22290357151, 0.014917496461],
      [0.00051738622236, 0.004086554, 0.98742954579, 0.0079665139839],
      [0.015525739244, 0.053222755668, 0.85204120638, 0.079210298708],
      [0.091907609271, 0.14793279201, 0.6568350463, 0.10332455242]
    ],
    [
      [0.65442963216, 0.34354888903, 0.0019984342718, 2.3044546356e-05],
      [0.042554064649, 0.8189367918, 0.083088012357, 0.055421131192],
      [0.00087050203573, 0.01396893573, 0.910801015, 0.074359547238],
      [0.015127060676, 0.10549039601, 0.44238873131, 0.43699381201],
      [0.065874550685, 0.22147353303, 0.27185452964, 0.44079738664]
    ],
    [
      [0.31744924908, 0.68075464027, 0.0017955601622, 5.5047905756e-07],
      [0.0091701743371, 0.94800084854, 0.042150137113, 0.00067884000591],
      [0.00021426271009, 0.015131779088, 0.98341669186, 0.001237266343],
      [0.0064620052114, 0.21324904757, 0.7741293634, 0.0061595838271],
      [0.029408163433, 0.53103679169, 0.4309629368, 0.0085921080855]
    ],
    [
      [0.84044190539, 0.15844473884, 0.0011094776535, 3.8781186957e-06],
      [0.12610409814, 0.76018493332, 0.094642427746, 0.019068540801],
      [0.0025273878812, 0.01340621548, 0.96004084937, 0.024025547272],
      [0.058872382064, 0.13398501597, 0.62895049688, 0.17819210509],
      [0.23360502577, 0.25111248403, 0.35163330781, 0.16364918239]
    ],
    [
      [0.88298258253, 0.1169146393, 0.0001026887755, 8.939345561e-08],
      [0.12278435383, 0.86524895744, 0.011419154338, 0.00054753439291],
      [0.0094237106513, 0.056147156746, 0.93038753154, 0.0040416010645],
      [0.18702906187, 0.46243452875, 0.3353076129, 0.015228796475],
      [0.46568288359, 0.46012907781, 0.069181831842, 0.0050062067527]
    ],
    [
      [0.72813261688, 0.27071248321, 0.001151688208, 3.2117030931e-06],
      [0.073717137063, 0.85128533923, 0.064608069014, 0.010389454691],
      [0.0021957926228, 0.022310120099, 0.95624572007, 0.019248367211],
      [0.048913416831, 0.21367873629, 0.60184696724, 0.13556087964],
      [0.1825486103, 0.37916925496, 0.32009442141, 0.11818771332]
    ],
    [
      [0.7167203714, 0.28263771634, 0.00063980091022, 2.1113444522e-06],
      [0.057178326793, 0.90218034579, 0.034190661485, 0.0064506659312],
      [0.0022513320184, 0.028846069853, 0.95139846156, 0.017504136566],
      [0.051891292968, 0.28800341011, 0.51943052804, 0.14067476889],
      [0.18399224939, 0.48013642178, 0.22957511795, 0.10629621089]
    ],
    [
      [0.85470333753, 0.14473009138, 0.00056561938332, 9.5170861748e-07],
      [0.14761116549, 0.7921323577, 0.054940826725, 0.0053156500866],
      [0.0049582459368, 0.023414444521, 0.96031370456, 0.011313604978],
      [0.10984963435, 0.22254626701, 0.58901229157, 0.078591807067],
      [0.34931172734, 0.33360212762, 0.25984563177, 0.057240513268]
    ],
    [
      [0.68518109434, 0.31217484793, 0.0026365856522, 7.472073972e-06],
      [0.058185232201, 0.80071044035, 0.1212731358, 0.019831191653],
      [0.00096031683545, 0.011699336598, 0.96737022273, 0.019970123832],
      [0.024036646223, 0.12590586363, 0.69183023821, 0.15822725194],
      [0.10851614026, 0.27121653482, 0.4512977507, 0.16896957423]
    ],
    [
      [0.86528054475, 0.13449472418, 0.00022430511493, 4.2595346844e-07],
      [0.11939089178, 0.8552676279, 0.022858178319, 0.0024833019922],
      [0.0076528372347, 0.045628486851, 0.934825085, 0.011893590916],
      [0.14376708674, 0.36342036121, 0.428749807, 0.064062745048],
      [0.3968139082, 0.43237555426, 0.13725979185, 0.033550745689]
    ],
    [
      [0.79934630611, 0.19979469419, 0.00085169946326, 7.3002375505e-06],
      [0.10061307545, 0.80802543792, 0.061110872136, 0.030250614501],
      [0.0029780353539, 0.020979306357, 0.91939771828, 0.056644940011],
      [0.053282163819, 0.16115272243, 0.46023222174, 0.32533289201],
      [0.19779858248, 0.2828623601, 0.24084362574, 0.27849543168]
    ],
    [
      [0.89474194098, 0.10459211276, 0.00066497541494, 9.7084462236e-07],
      [0.16676737775, 0.74349089925, 0.082833349051, 0.0069083739545],
      [0.0030451219818, 0.011901674157, 0.97572846373, 0.0093247401301],
      [0.083380919943, 0.13850806156, 0.69944336271, 0.078667655795],
      [0.33539928782, 0.25240311195, 0.34658394475, 0.065613655477]
    ],
    [
      [0.63757628071, 0.35750667988, 0.004914664067, 2.3753480849e-06],
      [0.036617060574, 0.76709674123, 0.19105399484, 0.0052322033541],
      [0.00031503487586, 0.0055420348319, 0.99105062096, 0.0030923093329],
      [0.0098140627196, 0.075449041782, 0.88482684339, 0.029910052112],
      [0.056750184073, 0.21106540183, 0.69089165616, 0.041292757931]
    ],
    [
      [0.76112802136, 0.23588177287, 0.0029883953072, 1.8104564303e-06],
      [0.070522352415, 0.75155073622, 0.17197573251, 0.0059511788503],
      [0.00071012853046, 0.0065836007975, 0.98864231954, 0.0040639511278],
      [0.021788482457, 0.087055997658, 0.85246653727, 0.038688982612],
      [0.1166537941, 0.22039433533, 0.61541127078, 0.047540599784]
    ],
    [
      [0.80340705012, 0.19588587795, 0.00069962749835, 7.4444328694e-06],
      [0.10633645337, 0.81054446286, 0.051485958176, 0.031633125589],
      [0.0037544168355, 0.025190131295, 0.90172443903, 0.069331012839],
      [0.060440634388, 0.17416694778, 0.40898169184, 0.35641072598],
      [0.21257466575, 0.29051283065, 0.20494257644, 0.29196992716]
    ],
    [
      [0.74545225534, 0.25296194754, 0.0015818075878, 3.9895334499e-06],
      [0.079218481886, 0.81610621971, 0.091378974596, 0.013296323805],
      [0.0017256051154, 0.01572739231, 0.96483510913, 0.017711893445],
      [0.041482616843, 0.16251171966, 0.66146712746, 0.13453853604],
      [0.16863652509, 0.31480967922, 0.38753029691, 0.12902349878]
    ],
    [
      [0.91384042087, 0.085901013019, 0.0002576614148, 9.0469179722e-07],
      [0.24979114331, 0.70464817687, 0.03788451993, 0.0076761598903],
      [0.012703349868, 0.031813354278, 0.93166609427, 0.023817201584],
      [0.21026924427, 0.22618032549, 0.43910815971, 0.12444227052],
      [0.51207608786, 0.26236084068, 0.15414513556, 0.0714179359]
    ],
    [
      [0.7544879249, 0.24345230934, 0.0020535773771, 6.188388516e-06],
      [0.075900860995, 0.78557062139, 0.11802282029, 0.020505697318],
      [0.0012367082431, 0.01120799456, 0.96657032676, 0.020984970436],
      [0.030821657268, 0.12015831181, 0.68241718695, 0.16660284397],
      [0.13782171865, 0.25525469854, 0.43321076719, 0.17371281563]
    ],
    [
      [0.7466245622, 0.24988112606, 0.0034906131011, 3.6986400429e-06],
      [0.062424575343, 0.74425274602, 0.18225663642, 0.011066042213],
      [0.00064331627229, 0.006507187952, 0.98554261278, 0.0073068829988],
      [0.019049806056, 0.083290342589, 0.82877748509, 0.068882366265],
      [0.1001487418, 0.20850335856, 0.60717396837, 0.084173931266]
    ],
    [
      [0.73045337842, 0.26823492253, 0.0013081995647, 3.4994842663e-06],
      [0.07637983668, 0.83890876898, 0.073383083495, 0.011328310844],
      [0.0020834080568, 0.02030076372, 0.95886918115, 0.018746647075],
      [0.047178091903, 0.1975791956, 0.62125939439, 0.13398331811],
      [0.17923547833, 0.35816840965, 0.34200527789, 0.12059083413]
    ],
    [
      [0.73337549708, 0.26467739317, 0.0019436466583, 3.4631007845e-06],
      [0.074104288413, 0.8085586832, 0.10640043108, 0.010936597307],
      [0.0014012004319, 0.013535353604, 0.97244370299, 0.012619742969],
      [0.035954113779, 0.14929560706, 0.71250414028, 0.10224613889],
      [0.15356741954, 0.30402919779, 0.43922184966, 0.10318153301]
    ],
    [
      [0.80304807887, 0.195840312, 0.0011092288631, 2.3802642019e-06],
      [0.10731352909, 0.80149307761, 0.081149922687, 0.010043470611],
      [0.0026141482846, 0.017263441727, 0.96507854788, 0.01504386211],
      [0.061923569276, 0.17567964225, 0.65001499175, 0.11238179672],
      [0.23362687635, 0.31511117249, 0.35169565184, 0.099566299316]
    ],
    [
      [0.97802648137, 0.021812334025, 0.0001608210924, 3.6350815228e-07],
      [0.31666585346, 0.60832619792, 0.066513391964, 0.0084945566528],
      [0.0046953633824, 0.0083383396726, 0.97365835492, 0.013307942029],
      [0.13839214368, 0.097644300624, 0.64743295513, 0.11653060057],
      [0.57228242429, 0.14190996651, 0.22043240829, 0.06537520092]
    ],
    [
      [0.91700420376, 0.082948541861, 4.7239771628e-05, 1.4610006466e-08],
      [0.012041424652, 0.98527871405, 0.002639549052, 4.0312247819e-05],
      [0.0011589111291, 0.03010912958, 0.96750141865, 0.0012305406452],
      [0.046955675016, 0.62990265399, 0.32178488599, 0.00135678501],
      [0.17222703365, 0.82492820334, 0.0028416646082, 3.0984016147e-06]
    ],
    [
      [0.76992585714, 0.22841246895, 0.0016593160054, 2.3579074446e-06],
      [0.086520929446, 0.80107387146, 0.10390213272, 0.0085030663758],
      [0.0016307176406, 0.013289571615, 0.97513000532, 0.0099497054236],
      [0.042796889858, 0.14992367559, 0.72489295134, 0.082386483208],
      [0.18103694462, 0.30127735666, 0.43614337715, 0.081542321564]
    ],
    [
      [0.52255162334, 0.47407384609, 0.0033691581874, 5.3723849675e-06],
      [0.021007884059, 0.86137982648, 0.10783557359, 0.0097767158695],
      [0.00027999949384, 0.0087446889884, 0.98139852566, 0.0095767858536],
      [0.0079359242787, 0.11164397296, 0.78437732622, 0.096042776547],
      [0.040118779148, 0.29063879417, 0.54909552732, 0.12014689936]
    ],
    [
      [0.82207498639, 0.17624053928, 0.0016731622479, 1.1312083014e-05],
      [0.084425765396, 0.74413254296, 0.12343077647, 0.048010915168],
      [0.0010388781651, 0.0077080977922, 0.94948088322, 0.041772140819],
      [0.022787922005, 0.072650645852, 0.56204162774, 0.34251980441],
      [0.1096016847, 0.16449051838, 0.35885975484, 0.36704804208]
    ],
    [
      [0.77583261767, 0.22258172364, 0.0015359092402, 4.9749445494e-05],
      [0.074156763762, 0.6843272834, 0.084025722913, 0.15749022992],
      [0.0013958545777, 0.011266132295, 0.80082230503, 0.1865157081],
      [0.015395216821, 0.053406846049, 0.24849647945, 0.68270145768],
      [0.065418958617, 0.10798845509, 0.1506335667, 0.67595901959]
    ],
    [
      [0.77801509659, 0.22069586091, 0.001287563522, 1.4789821536e-06],
      [0.060696993533, 0.85397961098, 0.080072807822, 0.0052505876662],
      [0.0013612813555, 0.014934261368, 0.97592383442, 0.0077806228546],
      [0.036746362013, 0.17565098825, 0.72271969229, 0.064882957441],
      [0.1619658943, 0.35797003572, 0.41775994496, 0.062304125012]
    ],
    [
      [0.6829644753, 0.31354002196, 0.0034921618159, 3.340923054e-06],
      [0.036315910672, 0.80868718057, 0.14697589517, 0.0080210135936],
      [0.00046495979733, 0.0077937990407, 0.98525783336, 0.0064834077996],
      [0.013567058781, 0.10091753168, 0.82455991357, 0.060955495972],
      [0.070365022254, 0.25738772072, 0.59794170007, 0.074305556963]
    ],
    [
      [0.78049272185, 0.21899523892, 0.00051120727101, 8.3196342117e-07],
      [0.075684059315, 0.88631594184, 0.034758433475, 0.0032415653697],
      [0.0033806667464, 0.033115315363, 0.95297966835, 0.010524349536],
      [0.074967114735, 0.31463801509, 0.54110454646, 0.069290323717],
      [0.25094648293, 0.47704148037, 0.22462407689, 0.047387959817]
    ],
    [
      [0.98297231618, 0.011051360247, 0.0059755068556, 8.1672198708e-07],
      [0.045931095875, 0.077564100152, 0.87045536682, 0.0060494371518],
      [4.6685717436e-05, 8.1046643637e-05, 0.99927583378, 0.00059643386263],
      [0.0007970664835, 0.00059225060493, 0.99455162848, 0.0040590544319],
      [0.0059679040756, 0.0022536257681, 0.97958180548, 0.01219666468]
    ],
    [
      [0.60878372112, 0.38974992042, 0.0014637612202, 2.5972465714e-06],
      [0.035242752257, 0.90086766424, 0.058034869868, 0.0058547136299],
      [0.00091752228758, 0.018801368638, 0.9697558279, 0.010525281176],
      [0.024144498366, 0.2167387572, 0.66899315277, 0.090123591663],
      [0.10198684304, 0.44178995412, 0.37001632415, 0.086206878683]
    ],
    [
      [0.88594846434, 0.11310262232, 0.00094618940002, 2.7239442379e-06],
      [0.12741224001, 0.74586617488, 0.10867883528, 0.018042749825],
      [0.0016336669883, 0.0082946879914, 0.97119115469, 0.018880490326],
      [0.043885213446, 0.094920756185, 0.69325961654, 0.16793441383],
      [0.21532008413, 0.20916262432, 0.41028051496, 0.16523677658]
    ],
    [
      [0.70692923502, 0.29034095691, 0.0027256124483, 4.1956170106e-06],
      [0.055110764739, 0.80068172623, 0.13248086028, 0.011726648753],
      [0.00077296577163, 0.0095843082249, 0.97902935593, 0.010613370075],
      [0.021509281644, 0.11536274552, 0.76880051297, 0.094327459862],
      [0.10470480364, 0.26734250404, 0.52166275986, 0.10628993245]
    ],
    [
      [0.92575736863, 0.07404497523, 0.00019639158324, 1.2645523826e-06],
      [0.24794013191, 0.70768066978, 0.032355914182, 0.012023284128],
      [0.012635867643, 0.031860495865, 0.91406106726, 0.041442569236],
      [0.19925501269, 0.21290858347, 0.38264560942, 0.20519079442],
      [0.51157206007, 0.24730533897, 0.12872189685, 0.11240070411]
    ],
    [
      [0.85147026576, 0.1479678891, 0.00056026170069, 1.5834404434e-06],
      [0.14158983067, 0.79650394443, 0.053236810563, 0.0086694143414],
      [0.004935478372, 0.024372024168, 0.95156382987, 0.019128667592],
      [0.10313884749, 0.21834163038, 0.55258512545, 0.12593439668],
      [0.33122557461, 0.3293008939, 0.24702396917, 0.092449562314]
    ],
    [
      [0.63305620438, 0.36582853526, 0.0011127381168, 2.5222472934e-06],
      [0.028552480793, 0.92371137978, 0.042305783386, 0.005430356044],
      [0.00089598365091, 0.019225288583, 0.96755555366, 0.012323174101],
      [0.023794136838, 0.23120103611, 0.63641673552, 0.10858809153],
      [0.097629172848, 0.47710233022, 0.32733721787, 0.097931279058]
    ],
    [
      [0.74767923797, 0.251548982, 0.00076899974811, 2.7802770544e-06],
      [0.057720566418, 0.88614985222, 0.046460809929, 0.0096687714302],
      [0.0013331922231, 0.016758292816, 0.96202275228, 0.019885762683],
      [0.034440612774, 0.18789034404, 0.57959812712, 0.19807091606],
      [0.14970381952, 0.38545184174, 0.29663120328, 0.16821313546]
    ],
    [
      [0.95089595591, 0.048463764876, 0.00063984308482, 4.3613170886e-07],
      [0.25893526151, 0.60119967144, 0.13466697078, 0.0051980962709],
      [0.0029327803087, 0.0060933552755, 0.98654134324, 0.0044325211751],
      [0.088928179901, 0.07713002531, 0.79432669197, 0.039615102822],
      [0.3999841331, 0.14798959583, 0.4167148142, 0.035311456865]
    ],
    [
      [0.84487514519, 0.15467231958, 0.00045060554692, 1.9296925244e-06],
      [0.13794402486, 0.81004807374, 0.041706486925, 0.010301414478],
      [0.0060988029916, 0.031495400317, 0.93371675803, 0.028689038657],
      [0.11156190813, 0.24695503051, 0.4758809416, 0.16560211976],
      [0.33574172305, 0.34942735801, 0.20059041393, 0.11424050501]
    ],
    [
      [0.95060992287, 0.049086356934, 0.00030225503671, 1.465159556e-06],
      [0.19008189912, 0.7229592491, 0.067968766957, 0.018990084822],
      [0.0038900666606, 0.012925294816, 0.951583235, 0.031601403523],
      [0.090705349787, 0.12369478271, 0.5543446848, 0.2312551827],
      [0.38133341381, 0.20172699708, 0.24838765455, 0.16855193456]
    ],
    [
      [0.84313056012, 0.15585532704, 0.001011982685, 2.1301521984e-06],
      [0.13419782437, 0.76616662201, 0.088850637464, 0.010784916161],
      [0.0029724409427, 0.015011560496, 0.96726892268, 0.014747075877],
      [0.071605460509, 0.15524417695, 0.66110106507, 0.11204929748],
      [0.26935310127, 0.27696782304, 0.35505898354, 0.098620092155]
    ],
    [
      [0.69467455896, 0.30392653098, 0.0013960105979, 2.8994639163e-06],
      [0.064387672984, 0.85676565774, 0.070411259937, 0.0084354093353],
      [0.001811743353, 0.021297641127, 0.96236743187, 0.01452318365],
      [0.042169444216, 0.21314458372, 0.63797241622, 0.10671355585],
      [0.16171082423, 0.38956627477, 0.35223845247, 0.096484448532]
    ],
    [
      [0.66264642858, 0.33237281995, 0.0049744735857, 6.2778799274e-06],
      [0.04351528887, 0.74400500519, 0.19811253745, 0.014367168486],
      [0.00041649248972, 0.006089266367, 0.98470142494, 0.0087928162079],
      [0.012230665567, 0.077461935753, 0.82732049406, 0.082986904616],
      [0.065722699458, 0.1999882762, 0.62931278053, 0.10497624381]
    ],
    [
      [0.77652936946, 0.22165076423, 0.0018146380002, 5.228308966e-06],
      [0.083791726219, 0.78337463025, 0.11391914652, 0.018914497008],
      [0.0013905363629, 0.011349870048, 0.96730559339, 0.0199540002],
      [0.034846838185, 0.12230457523, 0.68333293874, 0.15951564784],
      [0.15428699483, 0.2565138585, 0.42570127911, 0.16349786757]
    ],
    [
      [0.76517470601, 0.23371539372, 0.0011010875271, 8.8127453043e-06],
      [0.085019739384, 0.81494515686, 0.068418767387, 0.031616336373],
      [0.0022856449017, 0.019246030616, 0.92538129437, 0.053087030115],
      [0.042582822805, 0.15411445618, 0.4844417791, 0.31886094192],
      [0.16445652922, 0.28280336517, 0.26594288346, 0.28679722215]
    ],
    [
      [0.8089376918, 0.19022664469, 0.00083209838273, 3.565120776e-06],
      [0.11319659405, 0.80796010036, 0.063215120947, 0.015628184643],
      [0.0034920891551, 0.022060615897, 0.94497842013, 0.029468874818],
      [0.070984081579, 0.19267324091, 0.54703259311, 0.1893100844],
      [0.2481341053, 0.32061051476, 0.27536631044, 0.1558890695]
    ],
    [
      [0.79920359953, 0.19719311857, 0.0035972372067, 6.0446847363e-06],
      [0.064987794926, 0.69303423589, 0.22077722562, 0.021200743561],
      [0.00049165572915, 0.0043574090874, 0.98409128328, 0.011059651901],
      [0.014357309813, 0.05523122029, 0.82148592264, 0.10892554725],
      [0.081274390284, 0.14897875079, 0.62763380988, 0.14211304905]
    ],
    [
      [0.86322578833, 0.13560415832, 0.0011669112616, 3.1420847436e-06],
      [0.12543129252, 0.74685270788, 0.11058366132, 0.017132338284],
      [0.0020894246456, 0.010739669636, 0.96861455175, 0.018556353971],
      [0.05288424244, 0.11620524669, 0.68228023782, 0.14863027306],
      [0.22766348857, 0.23051505688, 0.39878422669, 0.14303722785]
    ],
    [
      [0.75090390365, 0.24734458561, 0.0017497574896, 1.7532576041e-06],
      [0.065786944842, 0.82779779365, 0.10062431557, 0.0057909459359],
      [0.0012395780139, 0.013120871444, 0.97865762046, 0.0069819300791],
      [0.033938675422, 0.15519290368, 0.75123049289, 0.059637928013],
      [0.15184917768, 0.32556302386, 0.46202611638, 0.060561682081]
    ],
    [
      [0.81373645527, 0.18530816607, 0.00095387864935, 1.5000129973e-06],
      [0.1119299082, 0.80755460716, 0.073831819915, 0.0066836647225],
      [0.0029126736261, 0.018462219246, 0.96773803622, 0.010887070905],
      [0.070237798269, 0.19119779199, 0.65610113796, 0.082463271784],
      [0.25802845708, 0.33213042567, 0.33964273464, 0.070198382616]
    ],
    [
      [0.88480859188, 0.11445408478, 0.00073599008343, 1.3332555111e-06],
      [0.16854585211, 0.73899659073, 0.083735846813, 0.0087217103452],
      [0.0036573529446, 0.014109825744, 0.96987101753, 0.012361803784],
      [0.090727618336, 0.14954213055, 0.66374158625, 0.095988664864],
      [0.33379647202, 0.25547381, 0.33158627004, 0.079143447939]
    ],
    [
      [0.76346178566, 0.23443811758, 0.0020932593557, 6.8374114432e-06],
      [0.061324423542, 0.79407927021, 0.12168944153, 0.022906864719],
      [0.00090395633053, 0.0097561858429, 0.96688677176, 0.022453086067],
      [0.022793621857, 0.10666650264, 0.68599398098, 0.18454589452],
      [0.10898673953, 0.24092207617, 0.45024199249, 0.19984919181]
    ],
    [
      [0.89574533014, 0.096536281156, 0.0077107922128, 7.5964933369e-06],
      [0.057203700253, 0.37218241801, 0.54041862384, 0.030195257899],
      [0.00015097891509, 0.00082321548675, 0.99274205178, 0.0062837538153],
      [0.0042053834403, 0.010012491354, 0.91733357936, 0.068448545845],
      [0.02785360137, 0.032596609523, 0.82752551522, 0.11202427389]
    ],
    [
      [0.72939106978, 0.26939595361, 0.0012099518031, 3.0248084642e-06],
      [0.046815272017, 0.88146336966, 0.062728709023, 0.0089926492958],
      [0.0013475235393, 0.019071748908, 0.96293833766, 0.016642389891],
      [0.032501322281, 0.20243154178, 0.63688506727, 0.12818206867],
      [0.13422660567, 0.39518017572, 0.35296872456, 0.11762449405]
    ],
    [
      [0.86987656718, 0.1249418104, 0.0051746669817, 6.9554403112e-06],
      [0.077968789046, 0.5202803788, 0.37322011013, 0.028530722025],
      [0.00035190606677, 0.0019695029713, 0.98883484037, 0.0088437505886],
      [0.01058105419, 0.025470073493, 0.87313553236, 0.090813339955],
      [0.065544274964, 0.074543937315, 0.72917869452, 0.1307330932]
    ],
    [
      [0.5115098897, 0.47849629166, 0.0099887349347, 5.083703514e-06],
      [0.015307156073, 0.70585434192, 0.27099148085, 0.0078470211575],
      [8.5343890616e-05, 0.0029259645074, 0.99367353385, 0.0033151577484],
      [0.0024552620182, 0.039052862937, 0.92466165617, 0.03383021887],
      [0.01430674479, 0.12490498546, 0.80730073677, 0.053487532983]
    ],
    [
      [0.77214866089, 0.22650530604, 0.0013441384892, 1.8945817401e-06],
      [0.086589720077, 0.82025376235, 0.086164661806, 0.0069918557618],
      [0.0019427899687, 0.016066929804, 0.97217063265, 0.0098196475779],
      [0.049389265436, 0.17564241289, 0.69654187932, 0.078426442355],
      [0.19843659883, 0.3339327645, 0.39454796558, 0.073082671087]
    ],
    [
      [0.82466104013, 0.1743813653, 0.00095617889021, 1.4156854978e-06],
      [0.10846141984, 0.8079237271, 0.077069542648, 0.0065453104115],
      [0.0025537331353, 0.016396162761, 0.97097676709, 0.010073337009],
      [0.064674957503, 0.17819495971, 0.67769918216, 0.079430900633],
      [0.25125524578, 0.322559322, 0.3569819219, 0.069203510312]
    ],
    [
      [0.74837871984, 0.25027771613, 0.001338573331, 4.990697714e-06],
      [0.072165634393, 0.83331754396, 0.077807378657, 0.016709442987],
      [0.0017226698176, 0.017030675279, 0.95586159329, 0.02538506161],
      [0.03924951081, 0.16724361042, 0.60890412532, 0.18460275345],
      [0.15967935586, 0.32173993834, 0.34608516576, 0.17249554004]
    ],
    [
      [0.7469306123, 0.25299938465, 7.0001940572e-05, 1.1086463081e-09],
      [0.016874079557, 0.98311705137, 8.868723606e-06, 3.4792962473e-10],
      [1.6747461692e-06, 5.3140258029e-05, 0.99990387773, 4.1307267024e-05],
      [0.0289576751, 0.12308094781, 0.73269093448, 0.11527044261],
      [0.15544935324, 0.32898812068, 0.38363738958, 0.1319251365]
    ],
    [
      [0.84240662108, 0.15656555161, 0.0010257703466, 2.0569673889e-06],
      [0.1327351505, 0.76730337785, 0.08960451197, 0.010356959677],
      [0.0029069926666, 0.014833727603, 0.96821955335, 0.014039726376],
      [0.070665730129, 0.15481181327, 0.66694429557, 0.10757816103],
      [0.26751281823, 0.27774594545, 0.35963014515, 0.095111091166]
    ],
    [
      [0.96724609177, 0.031214449943, 0.0015366305393, 2.8277488002e-06],
      [0.013034763246, 0.74656369533, 0.21903936695, 0.021362174477],
      [0.0001414277704, 0.0022980857111, 0.98731794005, 0.010242546469],
      [0.0032046136171, 0.027131638765, 0.8538209428, 0.11584280481],
      [0.0089946424722, 0.08971664616, 0.72264641203, 0.17864229934]
    ],
    [
      [0.75536853973, 0.24384414292, 0.00078292577703, 4.3915694098e-06],
      [0.078846781405, 0.85712338143, 0.048371062579, 0.015658774582],
      [0.0028376368815, 0.026702028368, 0.93358264746, 0.036877687291],
      [0.05484714629, 0.22185383446, 0.49337990736, 0.22991911189],
      [0.19642908005, 0.37441611333, 0.24331467158, 0.18584013504]
    ],
    [
      [0.62645497363, 0.37286254272, 0.00068230697676, 1.7667049638e-07],
      [0.016207310766, 0.95737608912, 0.026070688213, 0.00034591190039],
      [0.00041650371195, 0.015464711144, 0.98302544833, 0.0010933368156],
      [0.013662811836, 0.24670944198, 0.73644056807, 0.0031871781158],
      [0.060979543751, 0.62644404228, 0.30999684196, 0.0025795720086]
    ],
    [
      [0.60207029516, 0.39621611163, 0.0017126219961, 9.7120941091e-07],
      [0.027259551972, 0.90432957671, 0.066297533663, 0.0021133376543],
      [0.00056206589879, 0.014198053137, 0.98187660709, 0.0033632738748],
      [0.016566768588, 0.18701380689, 0.76843590465, 0.027983519878],
      [0.078873980953, 0.43679769669, 0.45475985019, 0.02956847217]
    ],
    [
      [0.8342880493, 0.16393643974, 0.0017731836587, 2.3273035725e-06],
      [0.099485569501, 0.74977323186, 0.1401971261, 0.010544072538],
      [0.0012848682616, 0.0082725043531, 0.98144524695, 0.0089973804313],
      [0.036651861183, 0.10131109643, 0.78111751321, 0.080919529179],
      [0.17688710769, 0.22717585396, 0.50833234059, 0.087604697765]
    ],
    [
      [0.76852482942, 0.23021820871, 0.0012537348773, 3.2269914456e-06],
      [0.082263113781, 0.82665516128, 0.079321240545, 0.011760484393],
      [0.0019562694528, 0.017080082057, 0.96316850223, 0.017795146264],
      [0.046662612865, 0.17513603173, 0.64413493122, 0.13406642419],
      [0.18656933983, 0.33015804727, 0.36018709906, 0.12308551384]
    ],
    [
      [0.73029811738, 0.2683128888, 0.0013849006138, 4.0932037059e-06],
      [0.073879514972, 0.83600292441, 0.076992234844, 0.013125325773],
      [0.0018879252273, 0.018816195819, 0.95871837128, 0.020577507669],
      [0.043141881877, 0.18490517733, 0.62330936274, 0.14864357805],
      [0.16872798384, 0.34432138883, 0.35019933541, 0.13675129191]
    ],
    [
      [0.83342872929, 0.16608790592, 0.00048095001431, 2.4147762753e-06],
      [0.1190534413, 0.8275765832, 0.041385954998, 0.011984020507],
      [0.0049932423549, 0.029867825715, 0.93230880205, 0.032830129885],
      [0.093325290898, 0.2395113164, 0.47243991426, 0.19472347845],
      [0.29898329827, 0.35700937333, 0.20525171659, 0.13875561181]
    ],
    [
      [0.52071564222, 0.47432827452, 0.0049533066728, 2.7765822073e-06],
      [0.018678040961, 0.82965631384, 0.14703364869, 0.0046319965082],
      [0.00020631734856, 0.0065716834054, 0.98964047281, 0.0035815264372],
      [0.006173402228, 0.089568442876, 0.86983255459, 0.034425600305],
      [0.033537584217, 0.25508621838, 0.66505146366, 0.04632473375]
    ],
    [
      [0.7331042057, 0.26484647798, 0.0020456386231, 3.6776950047e-06],
      [0.058903661581, 0.81924196513, 0.1104702572, 0.011384116091],
      [0.00089776119876, 0.010437527551, 0.97664794518, 0.012016766069],
      [0.024737401416, 0.12462953018, 0.74406213466, 0.10657093374],
      [0.11905941457, 0.28462422099, 0.48094897776, 0.11536738668]
    ],
    [
      [0.92472990444, 0.072880865894, 0.0023862580484, 2.9716167614e-06],
      [0.14378957166, 0.53690293782, 0.29807029978, 0.02123719074],
      [0.00083162352077, 0.0027189685945, 0.98793095381, 0.0085184540729],
      [0.025394280125, 0.035147752055, 0.85553040687, 0.083927560945],
      [0.14915316267, 0.092377355854, 0.65114087816, 0.10732860331]
    ],
    [
      [0.74672542871, 0.25208716504, 0.0011848271798, 2.5790676122e-06],
      [0.078271045558, 0.84253537852, 0.0703683324, 0.00882524352],
      [0.002117478448, 0.019959549512, 0.96291851305, 0.015004458993],
      [0.049834647773, 0.20197457784, 0.63669383869, 0.11149693569],
      [0.19075024063, 0.36644315057, 0.34384574478, 0.098960864023]
    ],
    [
      [0.80740112938, 0.19081542613, 0.0017796291889, 3.8152978787e-06],
      [0.10411893792, 0.75442782762, 0.12588640852, 0.015566825934],
      [0.001651278833, 0.010583188525, 0.97261365291, 0.015151879734],
      [0.042658072022, 0.11746518401, 0.71615217641, 0.12372456755],
      [0.18504487342, 0.2423800891, 0.44626909429, 0.12630594319]
    ],
    [
      [0.7793671203, 0.21700832144, 0.0036199754967, 4.5827587451e-06],
      [0.075221452431, 0.70249653148, 0.20721871024, 0.015063305852],
      [0.00069956787999, 0.0056428845369, 0.98482800131, 0.0088295462771],
      [0.020588886223, 0.071524450221, 0.82507610189, 0.082810561669],
      [0.108248498, 0.17878240018, 0.61123996914, 0.10172913268]
    ],
    [
      [0.81939730955, 0.17899879719, 0.0015969449078, 6.9483521828e-06],
      [0.10593805387, 0.74634541478, 0.11808853264, 0.029627998703],
      [0.0017268683439, 0.010673394367, 0.95750741902, 0.030092318271],
      [0.040136498777, 0.10652913016, 0.63063944745, 0.22269492361],
      [0.17301013566, 0.21732967402, 0.38609135651, 0.22356883381]
    ],
    [
      [0.83364319253, 0.16506880953, 0.001285299698, 2.6982454181e-06],
      [0.12511204953, 0.75671688796, 0.10540783751, 0.012763225001],
      [0.0023662186432, 0.012669344285, 0.97015858623, 0.014805850842],
      [0.058985489043, 0.13565470747, 0.68885889599, 0.1165009075],
      [0.23610148459, 0.25818002902, 0.3960371527, 0.1096813337]
    ],
    [
      [0.79641452349, 0.19955407913, 0.0040217584488, 9.6389351171e-06],
      [0.072902512068, 0.65995264705, 0.2347614651, 0.032383375782],
      [0.00058160481606, 0.0045352091092, 0.9781840561, 0.016699129979],
      [0.016172297924, 0.05436969765, 0.77824775299, 0.15121025143],
      [0.086808041028, 0.1385627513, 0.58606672962, 0.18856247805]
    ],
    [
      [0.83033688341, 0.16804883429, 0.0016078086873, 6.4736045953e-06],
      [0.10537322688, 0.74074344101, 0.12489687858, 0.028986453523],
      [0.0015440851233, 0.00944456899, 0.96141366744, 0.027597678448],
      [0.037256685143, 0.097775911493, 0.65053425151, 0.21443315185],
      [0.1676459817, 0.20661507464, 0.40565814699, 0.22008079667]
    ],
    [
      [0.94316420847, 0.056460311212, 0.00037487598569, 6.0433427901e-07],
      [0.26721276925, 0.65210103817, 0.073853799783, 0.0068323928028],
      [0.0060579919555, 0.013251552622, 0.96965698908, 0.011033466345],
      [0.14874715328, 0.13628813834, 0.63337294164, 0.081591766745],
      [0.49040171854, 0.19519681038, 0.25950334887, 0.054898122199]
    ],
    [
      [0.86432948793, 0.13489762905, 0.00077017032347, 2.7127005119e-06],
      [1.7848022741e-16, 0.99793954123, 0.0020585736127, 1.8851536342e-06],
      [2.3539680481e-06, 0.0011155766596, 0.99880800786, 7.4061509676e-05],
      [0.033069234337, 0.12316573837, 0.72025806243, 0.12350696486],
      [0.17132209655, 0.31031489794, 0.37937794973, 0.13898505579]
    ],
    [
      [0.92248981332, 0.077249117664, 0.00026038311532, 6.8590575527e-07],
      [0.26944407674, 0.68310121471, 0.041195250872, 0.006259457677],
      [0.012575784599, 0.028294380904, 0.94118526194, 0.017944572559],
      [0.22051146268, 0.21295942613, 0.46734106762, 0.099188043577],
      [0.53551180432, 0.24566678947, 0.16240916021, 0.056412246]
    ],
    [
      [0.84124638279, 0.15582372346, 0.0029036481264, 2.6245617025e-05],
      [0.022635473253, 0.68499487212, 0.19124661647, 0.10112303815],
      [0.00018415546115, 0.0034391004532, 0.93712407441, 0.059252669675],
      [0.0028032302306, 0.026376546288, 0.50328293631, 0.46753728717],
      [0.010155902124, 0.068259890405, 0.36013115289, 0.56145305458]
    ],
    [
      [0.8942584756, 0.10476142875, 0.00096319892744, 1.6896721094e-05],
      [0.14546709206, 0.64873806453, 0.10221625968, 0.10357858373],
      [0.0023150289996, 0.008896766752, 0.88023993525, 0.108548269],
      [0.034624531517, 0.056675641667, 0.36224014975, 0.54645967706],
      [0.14914990323, 0.11277939315, 0.2125675969, 0.52550310671]
    ],
    [
      [0.82309698661, 0.1750241652, 0.0018747076288, 4.1405659275e-06],
      [0.1055771117, 0.73667599735, 0.13994412587, 0.017802765085],
      [0.0014517908284, 0.0088738354635, 0.97422935236, 0.015445021346],
      [0.038488054867, 0.10101195041, 0.73050854782, 0.12999144691],
      [0.17562386429, 0.2176588671, 0.46931543337, 0.13740183525]
    ],
    [
      [0.68711932566, 0.31052171537, 0.0023557443497, 3.214618901e-06],
      [0.057966491449, 0.82200766963, 0.11128074192, 0.0087450969971],
      [0.0010214454708, 0.012686225017, 0.97671046371, 0.0095818658015],
      [0.027434293734, 0.14671351185, 0.7445590822, 0.081293112218],
      [0.12325427006, 0.31411287699, 0.47694700661, 0.08568584634]
    ],
    [
      [0.89391811347, 0.1055731419, 0.00050723107735, 1.5135460313e-06],
      [0.16463023603, 0.76206660766, 0.062571000917, 0.010732155395],
      [0.0043782438314, 0.017625480956, 0.95828941814, 0.019706857076],
      [0.10056752744, 0.17183583434, 0.5854948796, 0.14210175863],
      [0.35520839703, 0.27307988833, 0.2655065193, 0.10620519534]
    ],
    [
      [0.99999833444, 1.634475521e-06, 3.1072928792e-08, 1.2933235225e-11],
      [0.97128588319, 0.026805452443, 0.0018682866282, 4.037773698e-05],
      [0.055925617744, 0.0061894273086, 0.93643051578, 0.00145443917],
      [0.87982385499, 0.01984181219, 0.099395999557, 0.00093833326329],
      [0.99985846387, 0.00011373826802, 2.757599361e-05, 2.2187200047e-07]
    ],
    [
      [0.65638244467, 0.34026679387, 0.003346882426, 3.8790373305e-06],
      [0.032628214587, 0.82212030912, 0.13627431599, 0.0089771603026],
      [0.00039695390867, 0.0075910661784, 0.98448791553, 0.0075240643877],
      [0.011568220026, 0.098567832653, 0.81764138461, 0.072222562715],
      [0.060999051198, 0.25883861575, 0.59057941986, 0.089582913191]
    ],
    [
      [0.65646810224, 0.34140018402, 0.0021302639147, 1.4498318491e-06],
      [0.034854222778, 0.87214838469, 0.089541143708, 0.0034562488289],
      [0.00064836381812, 0.012222114317, 0.98271409576, 0.0044154261053],
      [0.018768173608, 0.15707293042, 0.78506676671, 0.039092129258],
      [0.090462261361, 0.36774369276, 0.49933291849, 0.042461127392]
    ],
    [
      [0.74882884906, 0.24973103379, 0.0014367483899, 3.368761039e-06],
      [0.080501284376, 0.82336047523, 0.084687534942, 0.011450705451],
      [0.001872661699, 0.016903989164, 0.96483814176, 0.016385207377],
      [0.04486324568, 0.17408793777, 0.65694136771, 0.12410744885],
