{
  "X": [
    [7, 23, 140, 14],
    [92, 259, 750, 60],
    [76, 184, 448, 63],
    [90, 208, 606, 58],
    [5, 25, 91, 9],
    [12, 32, 124, 11],
    [68, 139, 451, 32],
    [214, 458, 1480, 153],
    [11, 29, 149, 5],
    [18, 35, 161, 17],
    [7, 16, 78, 15],
    [47, 140, 518, 54],
    [23, 59, 227, 35],
    [5, 11, 108, 8],
    [85, 203, 497, 69],
    [138, 255, 673, 92],
    [13, 61, 173, 15],
    [23, 92, 161, 27],
    [19, 38, 96, 25],
    [1, 10, 54, 7],
    [28, 83, 141, 25],
    [20, 51, 92, 10],
    [24, 70, 252, 28],
    [111, 57, 231, 22],
    [9, 20, 43, 8],
    [30, 30, 164, 12],
    [33, 21, 144, 11],
    [14, 46, 117, 15],
    [18, 43, 101, 20],
    [7, 7, 61, 1],
    [8, 35, 94, 13],
    [5, 21, 53, 1],
    [4, 26, 73, 10],
    [7, 18, 100, 8],
    [12, 17, 79, 5],
    [17, 78, 81, 13],
    [39, 335, 502, 84],
    [98, 488, 637, 88],
    [47, 223, 342, 52],
    [12, 57, 125, 16],
    [33, 212, 252, 47],
    [41, 390, 299, 47],
    [37, 112, 112, 34],
    [54, 278, 328, 39],
    [23, 56, 248, 21],
    [15, 46, 149, 17],
    [10, 5, 65, 3],
    [1, 9, 61, 7],
    [7, 30, 121, 12],
    [3, 8, 77, 2],
    [63, 140, 365, 43],
    [5, 19, 160, 4],
    [26, 92, 60, 15],
    [3, 5, 87, 9],
    [15, 24, 86, 13],
    [8, 22, 81, 7],
    [2, 0, 82, 5],
    [7, 36, 71, 5],
    [19, 99, 392, 22],
    [44, 97, 297, 43],
    [13, 20, 99, 15],
    [26, 59, 149, 24],
    [10, 18, 91, 3],
    [15, 22, 79, 8],
    [10, 27, 73, 13],
    [13, 51, 152, 20],
    [5, 5, 102, 7],
    [93, 265, 311, 46],
    [16, 83, 192, 22],
    [15, 21, 125, 9],
    [25, 166, 159, 34],
    [82, 373, 454, 79],
    [73, 270, 335, 59],
    [1, 6, 69, 7],
    [329, 112, 897, 53],
    [180, 101, 603, 25],
    [41, 136, 380, 38],
    [19, 42, 140, 21],
    [19, 49, 170, 12],
    [496, 938, 3025, 278],
    [77, 121, 321, 29],
    [324, 465, 1366, 128],
    [35, 43, 117, 8]
  ],
  "W": [
    [12, 19, 131, 1, 21],
    [114, 226, 666, 70, 85],
    [97, 158, 405, 59, 52],
    [122, 194, 529, 53, 64],
    [9, 24, 84, 2, 11],
    [9, 29, 116, 11, 14],
    [76, 135, 397, 42, 40],
    [255, 450, 1385, 97, 118],
    [15, 24, 137, 5, 13],
    [19, 33, 150, 5, 24],
    [7, 17, 77, 7, 8],
    [60, 119, 481, 33, 66],
    [22, 50, 219, 15, 38],
    [8, 10, 101, 2, 11],
    [107, 163, 464, 52, 68],
    [176, 211, 623, 63, 85],
    [16, 52, 152, 18, 24],
    [33, 72, 139, 34, 25],
    [24, 34, 85, 12, 23],
    [1, 10, 51, 2, 8],
    [49, 66, 107, 27, 28],
    [26, 36, 83, 14, 14],
    [36, 68, 225, 14, 31],
    [113, 51, 222, 14, 21],
    [7, 18, 39, 6, 10],
    [29, 28, 158, 6, 15],
    [22, 31, 143, 4, 9],
    [18, 44, 100, 8, 22],
    [23, 32, 102, 12, 13],
    [8, 3, 56, 0, 9],
    [13, 26, 87, 12, 12],
    [8, 21, 44, 2, 5],
    [5, 20, 72, 6, 10],
    [15, 15, 86, 7, 10],
    [11, 10, 72, 7, 13],
    [24, 71, 56, 17, 21],
    [48, 326, 451, 78, 57],
    [156, 430, 551, 80, 94],
    [87, 205, 273, 41, 58],
    [16, 47, 111, 11, 25],
    [48, 204, 215, 34, 43],
    [62, 351, 256, 62, 46],
    [44, 102, 108, 14, 27],
    [79, 242, 286, 52, 40],
    [23, 59, 224, 18, 24],
    [17, 44, 136, 7, 23],
    [10, 3, 65, 2, 3],
    [2, 6, 63, 4, 3],
    [9, 25, 110, 6, 20],
    [6, 7, 74, 1, 2],
    [76, 120, 327, 38, 50],
    [10, 20, 133, 2, 23],
    [19, 89, 52, 15, 18],
    [5, 9, 72, 6, 12],
    [22, 19, 80, 10, 7],
    [12, 14, 78, 6, 8],
    [4, 2, 79, 1, 3],
    [9, 27, 63, 6, 14],
    [22, 107, 345, 28, 30],
    [45, 99, 267, 32, 38],
    [6, 20, 96, 7, 18],
    [26, 54, 144, 12, 22],
    [15, 13, 79, 4, 11],
    [20, 23, 70, 1, 10],
    [13, 26, 70, 3, 11],
    [22, 40, 133, 16, 25],
    [4, 4, 94, 4, 13],
    [109, 234, 285, 43, 44],
    [23, 67, 184, 21, 18],
    [16, 17, 115, 6, 16],
    [36, 144, 152, 22, 30],
    [99, 315, 414, 98, 62],
    [69, 236, 300, 70, 62],
    [4, 4, 60, 6, 9],
    [297, 132, 872, 24, 66],
    [176, 103, 563, 29, 38],
    [60, 111, 344, 35, 45],
    [32, 30, 137, 7, 16],
    [24, 41, 161, 7, 17],
    [591, 890, 2795, 183, 278],
    [75, 121, 304, 28, 20],
    [350, 420, 1281, 82, 150],
    [48, 30, 115, 1, 9]
  ],
  "method": "mvn_cdf",
  "mvncdf_method": "genz",
  "mvncdf_samples": 5000,
  "mvncdf_error": 1e-06,
  "cond_prob": [
    [
      [0.50256360683, 0.13098259553, 0.22715398891, 0.13929980872],
      [0.012803079513, 0.87948845048, 0.058461657684, 0.049246812322],
      [0.0028560436551, 0.018131327885, 0.9767531609, 0.0022594675561],
      [0.00029082047443, 0.49278801945, 0.14211410458, 0.3648070555],
      [0.016740269903, 0.088092205814, 0.38412392639, 0.5110435979]
    ],
    [
      [0.65680416021, 0.087363284168, 0.19754591654, 0.058286639081],
      [0.029288677077, 0.85794711629, 0.080272718319, 0.032491488313],
      [0.010739655176, 0.014321142233, 0.9746535501, 0.00028565248633],
      [0.00078001550253, 0.53655276975, 0.21013472639, 0.25253248836],
      [0.038798509227, 0.094681914273, 0.53540512891, 0.33111444759]
    ],
    [
      [0.66270585315, 0.087799325162, 0.15976423237, 0.089730589322],
      [0.02901482961, 0.85683560434, 0.064349590182, 0.049799975864],
      [0.012870833879, 0.016051870586, 0.96877778521, 0.0022995103254],
      [0.00068553244406, 0.49161914361, 0.15426368926, 0.35343163469],
      [0.036154904443, 0.088401979098, 0.40152064491, 0.47392247155]
    ],
    [
      [0.63171184121, 0.080153106619, 0.21567929738, 0.072455754784],
      [0.029791407366, 0.83450240778, 0.092399307965, 0.043306876888],
      [0.0094151509576, 0.011626706969, 0.97644950725, 0.0025086348263],
      [0.00071640550979, 0.47569523599, 0.22172110638, 0.30186725212],
      [0.033328718661, 0.077585599823, 0.52294768754, 0.36613799398]
    ],
    [
      [0.49192698477, 0.12206652262, 0.24721666252, 0.13878983008],
      [0.012195188844, 0.86889324626, 0.06702989823, 0.051881666662],
      [0.00131391153, 0.014787566483, 0.98100768604, 0.0028908359492],
      [0.00020814906551, 0.46760976087, 0.15664837691, 0.37553371315],
      [0.015380703469, 0.079144389068, 0.40439909989, 0.50107580758]
    ],
    [
      [0.80159456646, 0.045658469345, 0.10959699931, 0.043149964881],
      [0.054832348997, 0.82512019581, 0.07716140713, 0.042886048061],
      [0.019574202027, 0.010829060208, 0.96660243726, 0.0029943005044],
      [0.0013432719218, 0.48390185246, 0.19402471387, 0.32073016175],
      [0.065009096758, 0.077249766863, 0.46541368748, 0.3923274489]
    ],
    [
      [0.7148900942, 0.055088629968, 0.18482614261, 0.045195133224],
      [0.047136891337, 0.80432768909, 0.11090837387, 0.037627045706],
      [0.013364434304, 0.010225510727, 0.97567758603, 0.00073246894153],
      [0.0012457693258, 0.46197280767, 0.26877016861, 0.2680112544],
      [0.048671744502, 0.069166010369, 0.58370584887, 0.29845639626]
    ],
    [
      [0.67975273099, 0.070363897257, 0.15509456814, 0.094788803616],
      [0.036505322488, 0.82437366166, 0.075754418964, 0.063366596893],
      [0.014238574646, 0.013850573766, 0.97070871275, 0.001202138841],
      [0.00080254682174, 0.42814519956, 0.16362955213, 0.40742270148],
      [0.037604962309, 0.070982452806, 0.3903200244, 0.50109256048]
    ],
    [
      [0.60926263, 0.10326453672, 0.24199126848, 0.0454815648],
      [0.031748903062, 0.8793319329, 0.079600289228, 0.0093188748075],
      [0.0050296617075, 0.014872718816, 0.98009761948, 0],
      [0.00056952229789, 0.59064608536, 0.2293770068, 0.17940738554],
      [0.031321200859, 0.10432866576, 0.61842039455, 0.24592973884]
    ],
    [
      [0.71265817041, 0.066659334767, 0.14253973815, 0.078142756672],
      [0.036637253133, 0.83908209559, 0.070552408461, 0.053728242811],
      [0.014989558134, 0.012932729779, 0.96925571237, 0.0028219997187],
      [0.00085129033499, 0.45769308371, 0.16517285591, 0.37628277005],
      [0.041573968212, 0.075641191644, 0.40622059838, 0.47656424177]
    ],
    [
      [0.62705518168, 0.046069047378, 0.10187537883, 0.22500039212],
      [0.11176690314, 0.71546320525, 0.061883645225, 0.11088624638],
      [0.0072239638642, 0.025112198545, 0.96766383759, 0],
      [0.0011489013163, 0.19318052344, 0.073059621831, 0.73261095341],
      [0.018286106017, 0.028592403384, 0.1516646915, 0.80145679909]
    ],
    [
      [0.62159264529, 0.10142214178, 0.1811747702, 0.095810442732],
      [0.023522369251, 0.86638598691, 0.063651513299, 0.046440130537],
      [0.010105945663, 0.016508434986, 0.97093809496, 0.00244752439],
      [0.00053378791968, 0.5071158306, 0.15594924196, 0.33640113951],
      [0.030707643589, 0.093020597154, 0.41496113704, 0.46131062222]
    ],
    [
      [0.70556264304, 0.077384206196, 0.11106197575, 0.10599117501],
      [0.033197501119, 0.85273075863, 0.049190967712, 0.064880772543],
      [0.019811857126, 0.021973611815, 0.95627663475, 0.0019378963086],
      [0.00081004781152, 0.45142052292, 0.11076680956, 0.43700261971],
      [0.038599983402, 0.080986334239, 0.28976323669, 0.59065044567]
    ],
    [
      [0.53706489266, 0.07985095737, 0.2594627227, 0.12362142727],
      [0.01966415044, 0.81893361468, 0.097106111476, 0.064296123404],
      [0.0030711395125, 0.0080131045437, 0.98604343751, 0.0028723184301],
      [0.00035314372352, 0.37962594087, 0.20255156999, 0.41746934541],
      [0.017813452376, 0.054843704871, 0.45070425225, 0.4766385905]
    ],
    [
      [0.66544657425, 0.10780696162, 0.13580297893, 0.090943485198],
      [0.024720584711, 0.88672963954, 0.045892617154, 0.042657158591],
      [0.015451770591, 0.022749772321, 0.95842283304, 0.0033756240506],
      [0.00067355951641, 0.55250278471, 0.12000550793, 0.32681814785],
      [0.03769286174, 0.11237771616, 0.35353093701, 0.49639848509]
    ],
    [
      [0.67628312694, 0.095478536102, 0.13760015757, 0.09063817938],
      [0.028107362964, 0.87264427362, 0.051990631033, 0.047257732384],
      [0.015563154671, 0.020373527097, 0.96131955938, 0.0027437588514],
      [0.00071784204513, 0.52126673419, 0.12993567969, 0.34807974408],
      [0.038852313689, 0.10041557973, 0.36146253887, 0.4992695677]
    ],
    [
      [0.61744722701, 0.098357616441, 0.22125942953, 0.062935727028],
      [0.022614323872, 0.86828306388, 0.078197278322, 0.030905333921],
      [0.0078033222643, 0.013975771161, 0.97725829698, 0.00096260959492],
      [0.00054595588789, 0.54633249721, 0.20869059241, 0.24443095449],
      [0.031206972349, 0.09655236036, 0.54557911878, 0.32666154851]
    ],
    [
      [0.59939763087, 0.12068302166, 0.18894292658, 0.090976420892],
      [0.018449467762, 0.88691491508, 0.056646127302, 0.037989489859],
      [0.0084282277886, 0.017849411604, 0.9706662095, 0.0030561511049],
      [0.00022883826355, 0.55721302529, 0.14887743021, 0.29368070623],
      [0.028488493552, 0.10933101308, 0.42807706036, 0.43410343301]
    ],
    [
      [0.66063389551, 0.075707580324, 0.13684972322, 0.12680880095],
      [0.039990457036, 0.8322561076, 0.060822800271, 0.066930635091],
      [0.012665308013, 0.019020361399, 0.96831433059, 0],
      [0.00092322447378, 0.39554218812, 0.12252091697, 0.48101367044],
      [0.030325264952, 0.066220584235, 0.29872444913, 0.60472970169]
    ],
    [
      [0.52313525804, 0.083828003047, 0.21541729451, 0.1776194444],
      [0.018998433998, 0.82807508135, 0.073389608396, 0.079536876259],
      [0.0037129608984, 0.01120187269, 0.98508516641, 0],
      [0.00024088095803, 0.33585639835, 0.13886965204, 0.52503306866],
      [0.012129704281, 0.049051609948, 0.31670047881, 0.62211820696]
    ],
    [
      [0.5262877217, 0.12596556819, 0.25676900511, 0.090977705005],
      [0.015499029878, 0.87648853616, 0.071553670539, 0.036458763421],
      [0.0053441135897, 0.015432154836, 0.97585303032, 0.0033707012558],
      [0.00018111396252, 0.53947500849, 0.18872996555, 0.271613912],
      [0.021866265493, 0.098656356261, 0.50656404215, 0.37291333609]
    ],
    [
      [0.67159164102, 0.13602729539, 0.13717548252, 0.055205581063],
      [0.019104248318, 0.92358159409, 0.037291333521, 0.020022824071],
      [0.014948256894, 0.026582133339, 0.95835332015, 0.00011628961784],
      [0.00074767325156, 0.68972674885, 0.11565065112, 0.19387492679],
      [0.042835117585, 0.16799009868, 0.42346533998, 0.36570944375]
    ],
    [
      [0.56515211945, 0.087589912296, 0.23546473075, 0.1117932375],
      [0.022839360435, 0.82767045721, 0.090292108598, 0.059198073758],
      [0.0061431252398, 0.011322270033, 0.98039535449, 0.0021392502409],
      [0.00041678221906, 0.42344713148, 0.19496797556, 0.38116811074],
      [0.023013195489, 0.067400047385, 0.4537064481, 0.45588030903]
    ],
    [
      [0.8514273984, 0.03739526883, 0.070717269529, 0.040460063237],
      [0.079758914724, 0.81117680456, 0.061012333438, 0.04805194728],
      [0.039051970985, 0.013235394331, 0.94542646511, 0.0022861695744],
      [0.0021659516933, 0.48432302491, 0.15408236579, 0.35942865761],
      [0.096244687957, 0.080263699977, 0.37407100774, 0.44942060432]
    ],
    [
      [0.85952731682, 0.038566231061, 0.064140367426, 0.037766084691],
      [0.05977752631, 0.84377068107, 0.05238974938, 0.044062043245],
      [0.027649845835, 0.015239058431, 0.95189953829, 0.0052115574446],
      [0.0011821803991, 0.51323007418, 0.1389919374, 0.34659580802],
      [0.082187623872, 0.086846039948, 0.36499683215, 0.46596950403]
    ],
    [
      [0.81264013546, 0.043438709032, 0.096281038704, 0.047640116807],
      [0.062096874101, 0.81792396388, 0.071160700946, 0.048818461068],
      [0.022840845911, 0.012111863748, 0.96178681228, 0.0032604780637],
      [0.0014333315981, 0.4671507709, 0.17350262429, 0.35791327322],
      [0.071817996891, 0.074788490111, 0.41413454437, 0.43925896862]
    ],
    [
      [0.92144049962, 0.0097173163425, 0.041714515652, 0.027127668383],
      [0.23138868836, 0.56816693222, 0.10300782423, 0.097436555198],
      [0.029205233627, 0.013462099677, 0.95316846775, 0.0041641989461],
      [0.0033530568, 0.24593189631, 0.1829532837, 0.56776176319],
      [0.15172211482, 0.029359589187, 0.31712600906, 0.50179228693]
    ],
    [
      [0.63010547128, 0.087066723663, 0.20348584788, 0.079341957178],
      [0.025216307452, 0.85291949127, 0.078549075146, 0.043315126129],
      [0.0086966534971, 0.011509152486, 0.976279291, 0.0035149030178],
      [0.00058711647693, 0.49235490492, 0.19441800089, 0.31263997771],
      [0.030646441255, 0.082481221368, 0.48626465112, 0.40060768626]
    ],
    [
      [0.63072592467, 0.12470710113, 0.090719694608, 0.15384727959],
      [0.020262682892, 0.89557519519, 0.024272808829, 0.05988931309],
      [0.024337884953, 0.04093165053, 0.93133853792, 0.0033919266021],
      [0.0010692463815, 0.49869961819, 0.061391454798, 0.43883968063],
      [0.026892512172, 0.10106974274, 0.18488375512, 0.68715398997]
    ],
    [
      [0.70458593916, 0.12589766791, 0.15099676733, 0.018519625606],
      [0.015506015374, 0.94286267132, 0.035643677769, 0.0059876355363],
      [0.0043340071481, 0.025470809527, 0.97019518332, 0],
      [0.00054766841569, 0.79815488773, 0.13131726422, 0.06998017963],
      [0.11934333781, 0.19309614548, 0.59490717354, 0.092653343171]
    ],
    [
      [0.53415136355, 0.14616657796, 0.19520547192, 0.12447658658],
      [0.012427827441, 0.89890818693, 0.04694111809, 0.041722867541],
      [0.0056767056711, 0.020798573627, 0.96995460486, 0.0035701158394],
      [5.9384649148e-05, 0.5504434928, 0.12229020289, 0.32720691966],
      [0.019860229272, 0.10945198394, 0.36569389475, 0.50499389204]
    ],
    [
      [0.53571744275, 0.11017126871, 0.34630707333, 0.0078042152029],
      [0.02886521505, 0.85691920944, 0.11421557551, 0],
      [0, 0.014482854394, 0.98551714561, 0],
      [0.00057135125958, 0.54720773738, 0.32834838155, 0.12387252982],
      [0.021389647885, 0.078333076801, 0.76231303157, 0.13796424375]
    ],
    [
      [0.56093384783, 0.15940260706, 0.13965354414, 0.14001000097],
      [0.011598526599, 0.91639031031, 0.029446346871, 0.042564816217],
      [0.010595961365, 0.031246866016, 0.95268700261, 0.0054701700042],
      [0.00034115098827, 0.56963525123, 0.080944362881, 0.3490792349],
      [0.019840410465, 0.12075948979, 0.26336749763, 0.59603260211]
    ],
    [
      [0.44243401548, 0.093545835009, 0.36951426511, 0.0945058844],
      [0.014774676575, 0.81756273509, 0.12289002007, 0.044772568256],
      [0, 0.0091118863074, 0.98412116775, 0.0067669459467],
      [4.9377059855e-05, 0.42196466744, 0.27952913846, 0.29845681705],
      [0.014152397977, 0.059599655396, 0.60228113268, 0.32396681394]
    ],
    [
      [0.81573654966, 0.05980986053, 0.10007875074, 0.024374839075],
      [0.042650818352, 0.88319944428, 0.055315813488, 0.018833923877],
      [0.016990212744, 0.019633784569, 0.96337600269, 0],
      [0.0013971117678, 0.64259088697, 0.17347600207, 0.18253599919],
      [0.10517805156, 0.12294833797, 0.52065933839, 0.25121427208]
    ],
    [
      [0.60133594446, 0.10931036006, 0.2314899987, 0.057863696771],
      [0.021584939033, 0.88041904735, 0.074718058258, 0.02327795536],
      [0.0069234523523, 0.015869940059, 0.97720660759, 0],
      [0.00062187901223, 0.57426694968, 0.20863724345, 0.21647392786],
      [0.030339113648, 0.10550210518, 0.56518355863, 0.29897522254]
    ],
    [
      [0.57531487654, 0.10749646114, 0.19269715581, 0.12449150651],
      [0.019708135217, 0.85968411097, 0.064741580888, 0.055866172924],
      [0.0078881501314, 0.017981606897, 0.97276887911, 0.001361363861],
      [0.00022309757786, 0.46992002733, 0.14592754957, 0.38392932552],
      [0.024299588163, 0.084555839402, 0.37795908432, 0.51318548812]
    ],
    [
      [0.55400836759, 0.15435121172, 0.19969883981, 0.09194158088],
      [0.013051165107, 0.90642037104, 0.049632222603, 0.03089624125],
      [0.0064277084948, 0.023584896267, 0.96793097827, 0.0020564169706],
      [7.7733352203e-05, 0.608599264, 0.13636006084, 0.25496294181],
      [0.025689442676, 0.13273651555, 0.42836544019, 0.41320860159]
    ],
    [
      [0.49137720695, 0.1337353506, 0.27241152463, 0.10247591783],
      [0.012157776945, 0.8753547857, 0.073324993221, 0.039162444132],
      [0.0024509924584, 0.016914076424, 0.977596258, 0.0030386731153],
      [0, 0.52841596591, 0.18672024244, 0.28486379165],
      [0.018770996221, 0.097149930394, 0.49533216159, 0.38874691179]
    ],
    [
      [0.59983473644, 0.13654784979, 0.18246068143, 0.081156732339],
      [0.015926400783, 0.90569571357, 0.048372609636, 0.03000527601],
      [0.0083509938274, 0.020761356783, 0.968072841, 0.0028148083866],
      [0.00034721478182, 0.61055146305, 0.1374574459, 0.25164387627],
      [0.028932948111, 0.12907836676, 0.43355996752, 0.40842871761]
    ],
    [
      [0.56659136496, 0.12470896522, 0.1965312722, 0.11216839762],
      [0.016003791662, 0.88078932287, 0.058041431006, 0.045165454457],
      [0.0069243131851, 0.019303453679, 0.97109075404, 0.0026814790958],
      [0.00012929127249, 0.5247629055, 0.1426899923, 0.33241781093],
      [0.024319017324, 0.10094805755, 0.3974436082, 0.47728931693]
    ],
    [
      [0.56025547747, 0.17039410158, 0.18441078711, 0.084939633841],
      [0.0096287387911, 0.92392524495, 0.041495288516, 0.024950727748],
      [0.0064271853714, 0.030478623832, 0.96206550176, 0.0010286890338],
      [0, 0.64934754728, 0.12191701615, 0.22873543657],
      [0.02693725274, 0.1538201977, 0.41639264082, 0.40284990874]
    ],
    [
      [0.68780762221, 0.11374128013, 0.081075098003, 0.11737599966],
      [0.02738654566, 0.9008427891, 0.01825258227, 0.053518082969],
      [0.026908365472, 0.041917192979, 0.9245528017, 0.0066216398443],
      [0.0010651049061, 0.53503052275, 0.068521670796, 0.39538270155],
      [0.037852667621, 0.11451611207, 0.21333060448, 0.63430061583]
    ],
    [
      [0.59108838545, 0.14791471045, 0.18636751688, 0.074629387217],
      [0.015173861766, 0.91127973887, 0.04838770687, 0.025158692489],
      [0.008369377697, 0.024690645197, 0.96657969766, 0.00036027944673],
      [0.00020859478372, 0.63517196962, 0.13828484086, 0.22633459473],
      [0.030686351302, 0.142364353, 0.44836339621, 0.37858589949]
    ],
    [
      [0.70793252575, 0.04638302852, 0.18416164394, 0.061522801789],
      [0.049863065151, 0.769880138, 0.12278417328, 0.057472623569],
      [0.012217938088, 0.0059809691277, 0.9781878861, 0.0036132066857],
      [0.001081141988, 0.38283202303, 0.25924009353, 0.35684674146],
      [0.042473015678, 0.053314529281, 0.53081699152, 0.37339546352]
    ],
    [
      [0.66590459471, 0.081738884883, 0.16748070963, 0.084875810769],
      [0.028659774666, 0.85327706872, 0.069173043384, 0.048890113229],
      [0.011904585405, 0.01322701734, 0.97191489925, 0.0029534980024],
      [0.00069138629707, 0.48172502139, 0.16688998126, 0.35069361105],
      [0.034553412412, 0.082404279363, 0.42437208087, 0.45867022735]
    ],
    [
      [0.82746710862, 0.040793886815, 0.087859778914, 0.043879225651],
      [0.051939300849, 0.84544343728, 0.060530756746, 0.04208650513],
      [0.021049340388, 0.01355079207, 0.96057586302, 0.0048240045189],
      [0.0012933047324, 0.47852071684, 0.1594284426, 0.36075753583],
      [0.066239092193, 0.072629300593, 0.39450731964, 0.46662428757]
    ],
    [
      [0.28893698573, 0.13317878805, 0.12296793939, 0.45491628683],
      [0.035338116085, 0.8349632053, 0.025990318451, 0.10370836017],
      [0.00317016888, 0.041016044026, 0.95581378709, 0],
      [0.00010809627776, 0.2570786441, 0.036905856212, 0.70590740341],
      [0.0033147691574, 0.037179280705, 0.078076732912, 0.88142921723]
    ],
    [
      [0.59051649889, 0.11262961514, 0.20995581225, 0.08689807371],
      [0.017711250408, 0.88200242697, 0.063437605331, 0.036848717295],
      [0.0066142409596, 0.015497111393, 0.97477747874, 0.00311116891],
      [0.00039584211989, 0.54200471105, 0.16811679688, 0.28948264995],
      [0.025631434575, 0.098978113501, 0.4645117057, 0.41087874622]
    ],
    [
      [0.49346826696, 0.10429723294, 0.32306274513, 0.079171754972],
      [0.00089247954498, 0.87967715076, 0.088744914861, 0.030685454836],
      [0, 0.0077162963118, 0.98704977248, 0.0052339312058],
      [0.00027380856444, 0.4981779393, 0.23772658971, 0.26382166243],
      [0.016334616431, 0.073646340342, 0.5804996859, 0.32951935733]
    ],
    [
      [0.69177858745, 0.084193914999, 0.15530046194, 0.068727035613],
      [0.031505646233, 0.86314934452, 0.065308508198, 0.040036501047],
      [0.013671116996, 0.015542503761, 0.96841978981, 0.0023665894324],
      [0.00078972466767, 0.52896757724, 0.16776250069, 0.30248019739],
      [0.042873700211, 0.096803489047, 0.44623795229, 0.41408485845]
    ],
    [
      [0.44311536159, 0.068946806478, 0.44640558639, 0.041532245542],
      [0.018913376989, 0.76564394766, 0.19135460006, 0.024088075292],
      [0, 0.0016645961792, 0.99833540382, 0],
      [0.00036921883713, 0.39963881729, 0.43263792352, 0.16735404036],
      [0.0082539307227, 0.085955828504, 0.78543337303, 0.12035686774]
    ],
    [
      [0.87181806503, 0.048946867165, 0.04996453153, 0.029270536276],
      [0.058127034623, 0.87528920076, 0.035181429142, 0.031402335472],
      [0.041581205687, 0.030199647778, 0.92494601917, 0.0032731273605],
      [0.00065090768162, 0.61951548064, 0.1126216603, 0.26721195138],
      [0.11612024289, 0.12811982011, 0.34072271143, 0.41503722557]
    ],
    [
      [0.48186371281, 0.0247752726, 0.40072094806, 0.092640066532],
      [0.035530732621, 0.43534991358, 0.4259338944, 0.10318545939],
      [0, 0, 0.98274000412, 0.017259995876],
      [0.00031467229503, 0.15966240246, 0.42069429408, 0.41932863117],
      [0.022418067382, 0, 0.65679534573, 0.32078658689]
    ],
    [
      [0.61946105147, 0.088461557839, 0.16274925297, 0.12932813772],
      [0.023711847424, 0.84470043541, 0.060633074068, 0.070954643095],
      [0.0093257971597, 0.017964746988, 0.97270945585, 0],
      [0.00062081054336, 0.40913783283, 0.12622494754, 0.46401640908],
      [0.02415141263, 0.067997052476, 0.31264029769, 0.5952112372]
    ],
    [
      [0.57562292669, 0.16732632082, 0.16444633331, 0.092604419187],
      [0.011787766522, 0.92741985737, 0.033826803918, 0.026965572194],
      [0.0092643523343, 0.024251402427, 0.96137962308, 0.0051046221557],
      [0.00034318951231, 0.65286107622, 0.10271050996, 0.24408522431],
      [0.025352191159, 0.14992878756, 0.36864938566, 0.45606963563]
    ],
    [
      [0.38675664076, 0, 0.36443012577, 0.24881323347],
      [0.18948296389, 0, 0.4634896903, 0.34702734581],
      [0, 0, 1, 0],
      [0.042662139462, 0, 0.092648317421, 0.86468954312],
      [0.010448456575, 0, 0.17421726631, 0.81533427712]
    ],
    [
      [0.61246904141, 0.17273920577, 0.16958060897, 0.045211143852],
      [0.023007754732, 0.93963555641, 0.037356688861, 0],
      [0.0039644732285, 0.029250174861, 0.96678535191, 0],
      [0.00049899213859, 0.74667739707, 0.119274101, 0.13354950979],
      [0.043843820238, 0.19659726617, 0.48871586741, 0.27084304618]
    ],
    [
      [0.58289827151, 0.058643101525, 0.30219251431, 0.056266112653],
      [0.033046384187, 0.76481053329, 0.15982051384, 0.042322568677],
      [0.0052507283243, 0.0099329663257, 0.98160133561, 0.003214969737],
      [0.00064127297337, 0.38945023888, 0.346173091, 0.26373539714],
      [0.027027266785, 0.051454821098, 0.66352207899, 0.25799583313]
    ],
    [
      [0.7315774904, 0.049092520933, 0.14109271767, 0.078237270995],
      [0.051248941807, 0.78553562756, 0.092665572238, 0.070549858397],
      [0.015875935244, 0.0098834664788, 0.97294349122, 0.0012971070574],
      [0.001034871499, 0.38120484756, 0.1882038277, 0.42955645323],
      [0.04561518671, 0.057509704153, 0.4125921424, 0.48428296674]
    ],
    [
      [0.91411104472, 0.016831262084, 0.038888789271, 0.030168903926],
      [0.1329736957, 0.72690698891, 0.068084358573, 0.072034956815],
      [0.027520445995, 0.018729453573, 0.94748700866, 0.0062630917736],
      [0.00083482561148, 0.37177985237, 0.14375082808, 0.48363449394],
      [0.1226696235, 0.053354785531, 0.30222063695, 0.52175495402]
    ],
    [
      [0.74851125754, 0.070370356389, 0.092108644274, 0.089009741797],
      [0.038475565396, 0.85663665037, 0.044615010426, 0.060272773807],
      [0.02366168474, 0.023450923129, 0.94950587126, 0.0033815208675],
      [0.00091581209178, 0.47058623054, 0.10545413225, 0.42304382511],
      [0.047397928405, 0.085819268942, 0.28189407441, 0.58488872825]
    ],
    [
      [0.62407409317, 0.10658045864, 0.26696201707, 0.0023834311262],
      [0.01879427379, 0.88302272441, 0.082713970802, 0.015469030997],
      [0.00090439515267, 0.017117423319, 0.98197818153, 0],
      [0.00060466822516, 0.6061618008, 0.24724594702, 0.14598758396],
      [0.02915428666, 0.10409764161, 0.66863890861, 0.19810916312]
    ],
    [
      [0.66478410468, 0.066248229058, 0.18633837269, 0.082629293572],
      [0.031887779886, 0.82651439564, 0.087404979368, 0.05419284511],
      [0.0091535672061, 0.0084113576205, 0.97787286072, 0.0045622144559],
      [0.00069831971857, 0.42825953004, 0.19918540416, 0.37185674608],
      [0.032945094493, 0.064814975574, 0.46126323663, 0.4409766933]
    ],
    [
      [0.61467432775, 0.092111174779, 0.12800976867, 0.1652047288],
      [0.032009893038, 0.85220733724, 0.045479850709, 0.07030291901],
      [0.013244264435, 0.024805503429, 0.96195023214, 0],
      [0.00058379868011, 0.39214111036, 0.091764508402, 0.51551058255],
      [0.022556964881, 0.066577762589, 0.23105337402, 0.67981189852]
    ],
    [
      [0.52307922849, 0.12891654303, 0.24102383289, 0.10698039558],
      [0.014062512514, 0.87929283, 0.065909788973, 0.040734868515],
      [0.0032268817511, 0.015975307934, 0.97748362904, 0.003314181272],
      [0, 0.52745073695, 0.1670902556, 0.30545900745],
      [0.020023247989, 0.097127804273, 0.45529269461, 0.42755625313]
    ],
    [
      [0.74460177152, 0.033094163607, 0.17125824963, 0.051045815243],
      [0.052996532032, 0.75177141335, 0.13729971485, 0.057932339759],
      [0.012638053353, 0, 0.9830099992, 0.0043519474522],
      [0.0011739530375, 0.34463635631, 0.2857501959, 0.36843949475],
      [0.047456458347, 0.037076328224, 0.55537134109, 0.36009587234]
    ],
    [
      [0.71849859187, 0.10803379696, 0.10907599001, 0.064391621158],
      [0.027767417124, 0.9049261682, 0.036198038663, 0.031108376016],
      [0.020639440867, 0.029007251495, 0.94730550185, 0.0030478057891],
      [0.00089453030756, 0.62672066688, 0.10999386469, 0.26239093813],
      [0.051485737015, 0.14217130503, 0.36201299621, 0.44432996175]
    ],
    [
      [0.56504884302, 0.14980150749, 0.16736367877, 0.11778597071],
      [0.014142013111, 0.90488130671, 0.040886569038, 0.040090111141],
      [0.0087901279332, 0.025376483123, 0.96185446354, 0.0039789254029],
      [0.00025009791252, 0.5740889553, 0.10897672476, 0.31668422202],
      [0.02409589646, 0.12235426789, 0.34119459729, 0.51235523836]
    ],
    [
      [0.74050415385, 0.060743589217, 0.15002462258, 0.048727634356],
      [0.039917582992, 0.84398363683, 0.079849357337, 0.03624942284],
      [0.014464050847, 0.011397493441, 0.97202988456, 0.0021085711544],
      [0.0010441644448, 0.50862172678, 0.20839375772, 0.28194035105],
      [0.050231487093, 0.082371164998, 0.51302298085, 0.35437436706]
    ],
    [
      [0.57090432847, 0.18360424378, 0.1226243822, 0.12286704555],
      [0.011989355146, 0.93020123794, 0.020338206366, 0.037471200553],
      [0.012761909887, 0.045105045634, 0.93527971415, 0.0068533303248],
      [0.00024686462286, 0.6309052796, 0.072438577863, 0.29640927792],
      [0.025857856983, 0.15684619579, 0.26335517533, 0.5539407719]
    ],
    [
      [0.66553052773, 0.11947009383, 0.13188473082, 0.083114647624],
      [0.022764104142, 0.90075693797, 0.040008852299, 0.036470105584],
      [0.015557007092, 0.026717078428, 0.95399328474, 0.003732629739],
      [0.00064479636975, 0.59510599993, 0.11359843993, 0.29065076377],
      [0.039322483386, 0.12988333527, 0.3589476803, 0.47184650105]
    ],
    [
      [0.76870047405, 0.079325949031, 0.098536391108, 0.053437185813],
      [0.038023115256, 0.88293202027, 0.044819764399, 0.034225100073],
      [0.02317622665, 0.023804240552, 0.9502750699, 0.0027444628981],
      [0.00097334093763, 0.59165052708, 0.12717613099, 0.28020000099],
      [0.063955003704, 0.12254425276, 0.38126894317, 0.43223180037]
    ],
    [
      [0.23934347637, 0.10448517047, 0.52345891169, 0.13271244147],
      [0.010656523627, 0.78276841483, 0.14317973086, 0.063395330679],
      [0, 0, 0.99200331232, 0.0079966876838],
      [0, 0.33429627334, 0.28341909207, 0.38228463459],
      [0, 0.049467557638, 0.56808134871, 0.38245109365]
    ],
    [
      [0.88683322385, 0.01745972366, 0.066644948849, 0.029062103644],
      [0.14098558651, 0.70601938788, 0.094010822997, 0.058984202613],
      [0.044248811057, 0.0010682336449, 0.95431524427, 0.00036771102942],
      [0.0032001450835, 0.38570511039, 0.21202766221, 0.39906708231],
      [0.12634346022, 0.051992128561, 0.41735552516, 0.40430888605]
    ],
    [
      [0.85944197614, 0.02804505263, 0.1016037375, 0.010909233727],
      [0.099067866066, 0.75613834401, 0.1077051775, 0.037088612431],
      [0.026036252213, 0.0048153064487, 0.96914844134, 0],
      [0.0026126646992, 0.45072472226, 0.26670578813, 0.27995682491],
      [0.1000011769, 0.063152284954, 0.54365969969, 0.29318683845]
    ],
    [
      [0.58537745094, 0.12214723212, 0.20568304017, 0.086792276769],
      [0.018396061602, 0.88462563284, 0.061243737713, 0.035734567841],
      [0.0074582042101, 0.017452244751, 0.97267602612, 0.0024135249154],
      [0.00035361320179, 0.55939983686, 0.16180529169, 0.27844125825],
      [0.027942031005, 0.10878120762, 0.45771610018, 0.4055606612]
    ],
    [
      [0.51450992746, 0.16438582089, 0.13896686573, 0.18213738593],
      [0.012694270627, 0.90127452657, 0.030509832575, 0.055521370226],
      [0.013668905943, 0.032676355397, 0.95365473866, 0],
      [0.00053130946489, 0.50939531309, 0.072052707748, 0.41802066969],
      [0.017405932632, 0.10368687834, 0.21766857306, 0.66123861597]
    ],
    [
      [0.65223326668, 0.11447000599, 0.16302121269, 0.070275514647],
      [0.021193303216, 0.89789844844, 0.050510969534, 0.03039727881],
      [0.011523313613, 0.01957506193, 0.96619850923, 0.0027031152316],
      [0.00058316192294, 0.60019382688, 0.14359270767, 0.25563030352],
      [0.036361208402, 0.12270245361, 0.43843718856, 0.40249914943]
    ],
    [
      [0.69641770968, 0.07282000477, 0.15636006674, 0.074402218815],
      [0.036801952902, 0.83896875021, 0.07503489944, 0.049194397444],
      [0.014145739299, 0.013602543317, 0.97003464608, 0.0022170713064],
      [0.00085987537062, 0.47802116389, 0.17798478095, 0.34313417979],
      [0.043052866786, 0.081957582473, 0.4388204653, 0.43616908544]
    ],
    [
      [0.80962331523, 0.045325212269, 0.096795975408, 0.048255497094],
      [0.063578753553, 0.81531737238, 0.071768247163, 0.049335626902],
      [0.023229862073, 0.013767282245, 0.96037397052, 0.0026288851632],
      [0.0013349705321, 0.47180587163, 0.17291744076, 0.35394171707],
      [0.074298246641, 0.077569440672, 0.41304842793, 0.43508388475]
    ],
    [
      [0.7675449427, 0.067003042852, 0.1106813567, 0.054770657744],
      [0.044676419374, 0.8563081829, 0.058890876278, 0.040124521445],
      [0.021161518267, 0.017902610686, 0.95879203739, 0.0021438336565],
      [0.0011200692989, 0.53657461274, 0.1536445782, 0.30866073976],
      [0.062636155571, 0.099780904327, 0.41143934538, 0.42614359472]
    ],
    [
      [0.65493269256, 0.17302276713, 0.10879607134, 0.063248468973],
      [0.015984194733, 0.94246479959, 0.023285852839, 0.018265152839],
      [0.023460132855, 0.032349517913, 0.93963112894, 0.0045592202926],
      [0.00052585446179, 0.74812002627, 0.073922679598, 0.17743143967],
      [0.042807086946, 0.21696095595, 0.32752338701, 0.41270857009]
    ]
  ],
  "expected_outcome": [
    [
      [6.030763282, 74.875674264, 64.2824677554, 77.0688446281, 4.427342863, 7.2143510982, 54.331647159, 173.336946402, 9.1389394499, 13.5405052377, 4.3893862717, 37.2955587171, 15.522378147, 4.2965191413, 71.2027834446, 119.0258303423, 9.8791556321, 19.7801218187, 15.8552134921, 0.52313525804, 25.7880983632, 17.4613826666, 20.3454763003, 96.2112960196, 6.0166912178, 23.5665639283, 20.2716909917, 11.341898483, 14.5066962675, 5.6366875133, 6.9439677261, 4.285739542, 2.8046692392, 6.6365102322, 8.9731020462, 14.4320626671, 27.6151140738, 86.4253053435, 42.7498170044, 9.597355783, 27.196385518, 34.7358396032, 30.2635353773, 46.6959824504, 16.2824480923, 11.3203781101, 8.2746710862, 0.57787397147, 5.31464849, 2.9608096018, 52.5751726463, 4.4311536159, 16.5645432356, 2.4093185641, 13.6281431323, 6.9074751203, 1.547026563, 5.5122213727, 12.8237619733, 32.9209870679, 5.4846662683, 19.461292696, 9.3611113975, 13.2956820935, 7.9907662608, 11.5077430268, 2.9784070861, 78.3163465139, 12.9961233894, 11.8480664615, 20.552555825, 65.887522245, 53.0403327093, 0.95737390549, 263.3894674827, 151.2617878008, 35.1226470567, 16.4643176786, 15.6535984002, 411.5828664186, 60.7217486422, 268.6407299451, 31.4367692427],
      [1.5717911464, 9.9594143952, 8.5165345408, 9.7786790075, 1.0985987036, 0.41092622411, 4.1867358776, 17.9427938004, 1.5489680509, 1.2665273606, 0.32248333164, 6.0853285068, 1.7024525363, 0.63880765896, 11.5353448935, 16.804222354, 1.5737218631, 3.9825397146, 1.8169819278, 0.083828003047, 6.1723128413, 3.5367096802, 3.1532368427, 4.2256653778, 0.26996361743, 1.2597225619, 0.21378095953, 1.5672010259, 2.868263326, 1.0071813432, 1.9001655135, 0.88137014972, 0.7970130353, 1.4031875251, 0.65790846583, 2.6234486416, 5.1598301349, 24.0787890287, 11.634975502, 2.1847655967, 5.9860303307, 10.5644342978, 5.0046163256, 11.6852621256, 1.0668096559, 1.389561043, 0.40793886815, 0.26635757609, 1.0136665363, 0.62578339764, 6.3987375399, 0.68946806478, 0.92999047614, 0.123876363, 1.9461542724, 2.0079158498, 0, 1.5546528519, 1.2901482336, 2.209163442, 0.1009875725, 1.8296292661, 1.5987068795, 1.3249645812, 1.1974452721, 2.8361639468, 0.13237665443, 11.7756838687, 3.4454346723, 0.97189742747, 6.6097527759, 11.8275392891, 5.4734904831, 0.41794068187, 5.1855379269, 4.9359292629, 7.3288339271, 5.2603462683, 2.7472801437, 43.0366228191, 3.3993909202, 23.4510649983, 8.3050928225],
      [2.7258478669, 22.5202344856, 15.4971305397, 26.3128742807, 2.2249499627, 0.9863729938, 14.0467868384, 39.5491148755, 3.6298690272, 2.7082550249, 0.71312765181, 10.8704862121, 2.4433634665, 2.0757017816, 14.5309187456, 24.2176277329, 3.5401508724, 6.2351165772, 3.2843933573, 0.21541729451, 12.5816812503, 3.5665625455, 8.4767303071, 7.9910514568, 0.44898257198, 2.7921501224, 0.91771934435, 3.6627452619, 2.086552976, 1.2079741386, 2.5376711349, 2.7704565867, 0.6982677207, 5.5427139767, 1.1008662581, 5.5557599688, 9.2494634788, 31.1530190105, 23.6998026427, 2.9193709029, 9.4335010655, 11.4334688009, 3.5673043121, 14.7230338338, 4.2357178106, 2.8471720638, 0.87859778914, 0.24593587878, 1.8896023103, 1.9383764708, 11.8028351072, 4.4640558639, 0.94932609906, 2.0036047403, 3.5804835653, 1.9733559997, 1.4577205031, 1.5262254807, 6.6482353148, 6.3491722953, 0.23333273563, 2.3948247511, 4.0044302561, 3.7267674539, 1.6641269927, 5.3025243236, 0.68503299853, 11.8892829112, 3.8493646118, 2.4003939613, 4.4144777592, 13.0565883512, 6.7990109865, 2.0938356468, 19.7935498081, 17.8822578003, 12.3409824101, 4.4469397032, 3.9125091045, 92.4087994424, 7.2596981556, 38.7384748461, 5.2222114242],
      [1.6715977047, 6.6446768552, 8.7038671642, 8.8396020836, 1.2491084707, 0.38834968393, 3.434830125, 24.171144922, 0.682223472, 1.4847123768, 1.5750027448, 5.7486265639, 2.3318058502, 0.98897141819, 9.7309529162, 15.9523195708, 1.0069716324, 3.0022218894, 3.0434112228, 0.1776194444, 4.4579075453, 1.4353451076, 4.0245565499, 4.5719871458, 0.26436259284, 1.3815633874, 0.59680870443, 1.4281552292, 3.5384874306, 0.14815700485, 1.6181956256, 0.062433721623, 0.70005000484, 1.417588266, 0.26812322983, 1.3887287225, 5.9755923125, 14.3428866173, 8.9154048509, 1.2985077174, 5.3840830858, 5.2662572981, 5.1645439849, 5.8957215902, 1.4150244411, 1.4428887831, 0.43879225651, 0.90983257366, 0.78208266339, 0.47503052983, 5.2232547066, 0.41532245542, 0.55614018925, 0.46320033266, 2.8452190299, 1.1112530302, 0.9952529339, 0.40690029467, 1.2378544784, 3.5206771948, 0.18101342355, 2.3142532867, 0.035751466893, 1.6525858714, 2.1476614744, 2.3535687028, 0.20418326097, 7.0186867062, 2.7090773264, 0.77964214969, 4.4232136399, 8.2283501147, 3.6871658211, 0.53084976588, 8.6314447823, 1.920025136, 5.2075366062, 5.8283963498, 1.6866123515, 43.9717113199, 3.619162282, 19.1697302105, 3.0359265107]
    ],
    [
      [0.24325851075, 6.6192410194, 4.5843430784, 5.779533029, 0.29268453225, 1.5901381209, 6.3634803305, 16.4273951194, 0.7619736735, 1.2090293534, 1.9000373534, 2.7991619408, 1.6598750559, 0.1966415044, 4.0294553079, 5.9306535855, 1.1759448414, 1.3283616789, 1.3596755392, 0.18998433998, 1.022935972, 0.68775293943, 1.5530765096, 4.0677046509, 1.0759954736, 1.7387124748, 7.173049339, 1.1095175279, 0.64840585255, 0.046518046123, 0.32312351346, 0.60616951606, 0.23197053197, 0.22162014863, 0.42650818352, 1.5325306713, 6.4248520806, 5.6120009961, 2.4923442736, 0.74854083678, 3.264773499, 3.3796873157, 2.7934276573, 3.6720745474, 2.9419208439, 1.2610300853, 0.15581790255, 0.21202869651, 0.4427812602, 0.0062473568149, 3.7806775479, 0.37826753979, 5.1733060814, 0.31977659358, 0.45052510106, 0.16502873131, 0.37896592778, 0.62120937776, 3.535963108, 5.0736452389, 2.6594739139, 2.0776805314, 0.24432555927, 0.73341893738, 0.832257219, 0.56250050055, 0.21198612813, 6.497575607, 0.94751487841, 0.67859891086, 1.726467141, 7.1706928048, 8.9734552003, 0.042626094507, 18.6100974193, 10.2039902048, 2.0419628378, 0.3808281188, 0.86892543185, 32.7537380826, 7.6930291799, 18.7640961371, 0.47952584198],
