{
  "X": [
    [2, 27, 86, 1],
    [61, 574, 574, 158],
    [4, 49, 67, 13],
    [6, 69, 123, 22],
    [35, 134, 356, 22],
    [28, 173, 296, 42],
    [16, 185, 183, 38],
    [0, 8, 86, 5],
    [11, 28, 116, 16],
    [7, 63, 202, 18],
    [29, 303, 409, 57],
    [13, 117, 147, 26],
    [47, 482, 514, 96],
    [68, 581, 839, 100],
    [38, 371, 465, 77],
    [25, 257, 351, 47],
    [33, 342, 529, 62],
    [5, 6, 18, 3],
    [7, 33, 157, 12],
    [0, 105, 177, 18],
    [11, 144, 106, 31],
    [9, 57, 95, 12],
    [17, 87, 280, 19],
    [8, 55, 214, 20],
    [10, 40, 107, 16],
    [2, 24, 113, 4],
    [2, 35, 116, 8],
    [16, 117, 240, 37],
    [3, 22, 131, 7],
    [1, 3, 43, 1],
    [5, 31, 94, 14],
    [24, 148, 202, 33],
    [15, 96, 75, 17],
    [50, 423, 549, 66],
    [31, 293, 454, 50],
    [5, 21, 74, 3],
    [2, 11, 33, 1],
    [8, 37, 148, 12],
    [7, 67, 213, 21],
    [1, 9, 69, 10],
    [0, 4, 6, 0],
    [3, 18, 73, 2],
    [6, 54, 103, 18],
    [0, 4, 44, 0],
    [10, 33, 38, 16],
    [45, 423, 295, 67],
    [2, 6, 16, 7],
    [1, 19, 19, 5],
    [1, 18, 34, 3],
    [2, 22, 34, 10],
    [39, 444, 315, 104],
    [1, 7, 10, 2],
    [66, 717, 657, 137],
    [2, 18, 12, 1],
    [2, 8, 3, 2],
    [3, 35, 37, 7],
    [5, 25, 39, 10],
    [0, 20, 5, 2],
    [16, 144, 153, 34],
    [2, 16, 27, 1],
    [1, 20, 22, 9],
    [0, 13, 4, 4],
    [20, 215, 297, 38],
    [4, 58, 67, 19],
    [2, 6, 14, 5],
    [3, 36, 48, 6],
    [4, 37, 105, 12],
    [0, 3, 38, 1],
    [3, 1, 39, 4],
    [4, 12, 67, 5],
    [0, 7, 0, 1],
    [16, 152, 269, 38],
    [17, 97, 186, 21],
    [1, 19, 55, 4],
    [19, 179, 264, 36],
    [10, 77, 113, 15],
    [8, 79, 97, 9],
    [5, 93, 46, 17],
    [4, 53, 133, 14],
    [2, 4, 37, 4],
    [13, 82, 117, 10],
    [3, 34, 125, 8],
    [23, 105, 140, 31],
    [8, 18, 127, 7],
    [19, 107, 248, 42],
    [6, 28, 44, 19],
    [7, 90, 100, 21],
    [55, 419, 794, 106],
    [14, 167, 271, 54],
    [83, 512, 807, 180],
    [1, 59, 114, 12]
  ],
  "W": [
    [17, 5, 29, 41, 13, 4, 7],
    [56, 95, 525, 249, 189, 117, 136],
    [10, 17, 37, 38, 7, 12, 12],
    [24, 10, 71, 67, 16, 17, 15],
    [31, 14, 161, 195, 72, 44, 30],
    [34, 24, 170, 157, 86, 30, 38],
    [23, 28, 145, 95, 62, 31, 38],
    [7, 1, 11, 55, 13, 8, 4],
    [16, 7, 40, 61, 24, 12, 11],
    [29, 20, 54, 117, 32, 24, 14],
    [40, 30, 345, 189, 66, 65, 63],
    [13, 14, 116, 74, 28, 23, 35],
    [39, 45, 500, 219, 154, 81, 101],
    [106, 43, 600, 417, 177, 120, 125],
    [47, 34, 392, 236, 93, 75, 74],
    [24, 15, 298, 163, 73, 61, 46],
    [51, 32, 364, 250, 107, 73, 89],
    [4, 0, 7, 14, 2, 3, 2],
    [18, 7, 29, 102, 22, 15, 16],
    [21, 14, 99, 96, 39, 11, 20],
    [9, 17, 139, 50, 38, 12, 27],
    [17, 13, 49, 43, 23, 18, 10],
    [31, 26, 84, 172, 45, 22, 23],
    [29, 13, 55, 131, 32, 23, 14],
    [22, 5, 48, 52, 26, 13, 7],
    [16, 3, 31, 68, 15, 4, 6],
    [19, 2, 36, 63, 27, 4, 10],
    [21, 19, 122, 141, 49, 26, 32],
    [18, 1, 24, 84, 15, 14, 7],
    [12, 1, 9, 19, 3, 2, 2],
    [16, 2, 40, 46, 17, 2, 21],
    [17, 21, 153, 107, 51, 20, 38],
    [6, 4, 98, 26, 32, 18, 19],
    [45, 42, 425, 279, 161, 68, 68],
    [30, 39, 292, 228, 104, 69, 66],
    [10, 2, 16, 52, 12, 2, 9],
    [7, 6, 11, 20, 2, 0, 1],
    [31, 19, 35, 72, 24, 12, 12],
    [33, 6, 82, 114, 42, 21, 10],
    [7, 1, 18, 39, 18, 3, 3],
    [2, 1, 2, 1, 0, 2, 2],
    [10, 3, 15, 37, 23, 5, 3],
    [8, 9, 49, 77, 21, 6, 11],
    [2, 4, 8, 31, 2, 0, 1],
    [8, 12, 30, 22, 10, 9, 6],
    [18, 24, 436, 152, 81, 66, 53],
    [4, 1, 9, 8, 2, 3, 4],
    [1, 5, 14, 10, 4, 5, 5],
    [5, 5, 18, 18, 2, 5, 3],
    [1, 2, 24, 20, 6, 7, 8],
    [19, 37, 452, 155, 81, 77, 81],
    [0, 0, 7, 7, 4, 1, 1],
    [48, 51, 752, 298, 148, 166, 114],
    [1, 2, 16, 5, 3, 3, 3],
    [3, 0, 8, 0, 2, 2, 0],
    [5, 2, 40, 16, 6, 5, 8],
    [10, 5, 27, 19, 2, 8, 8],
    [0, 0, 22, 2, 0, 0, 3],
    [15, 13, 151, 80, 30, 30, 28],
    [0, 4, 10, 17, 2, 7, 6],
    [3, 2, 20, 11, 5, 6, 5],
    [0, 1, 13, 1, 2, 1, 3],
    [34, 14, 234, 142, 69, 40, 37],
    [15, 13, 52, 33, 16, 5, 14],
    [0, 2, 6, 7, 2, 3, 7],
    [8, 10, 26, 28, 13, 2, 6],
    [12, 20, 32, 41, 14, 23, 16],
    [7, 6, 9, 14, 1, 3, 2],
    [5, 0, 3, 25, 7, 3, 4],
    [16, 5, 6, 31, 12, 11, 7],
    [0, 0, 5, 0, 1, 0, 2],
    [22, 23, 145, 161, 56, 38, 30],
    [18, 22, 98, 90, 50, 22, 21],
    [8, 2, 19, 32, 12, 3, 3],
    [37, 21, 155, 142, 71, 26, 46],
    [12, 13, 64, 57, 38, 16, 15],
    [12, 10, 75, 40, 28, 14, 14],
    [2, 18, 74, 31, 15, 4, 17],
    [16, 12, 60, 69, 17, 19, 11],
    [11, 2, 5, 14, 5, 3, 7],
    [12, 7, 78, 65, 33, 13, 14],
    [20, 5, 27, 74, 25, 7, 12],
    [22, 17, 108, 67, 39, 22, 24],
    [18, 15, 24, 72, 14, 10, 7],
    [55, 15, 116, 118, 40, 47, 25],
    [7, 5, 29, 29, 9, 3, 15],
    [3, 0, 96, 93, 8, 9, 9],
    [91, 55, 435, 431, 163, 103, 96],
    [32, 31, 183, 152, 66, 18, 24],
    [124, 136, 527, 431, 126, 123, 115],
    [20, 20, 58, 69, 7, 2, 10]
  ],
  "method": "mvn_pdf",
  "cond_prob": [
    [
      [0.010472406511, 3.9298357655e-05, 0.9865646813, 0.0029236138334],
      [0.019870413236, 0.23041570307, 0.63376767381, 0.11594620989],
      [0.022382701974, 0.6936138493, 0.25022973032, 0.033773718407],
      [0.0057333547563, 0.0019698786433, 0.98795190641, 0.0043448601916],
      [0.03537334773, 0.11645835862, 0.83773361583, 0.010434677821],
      [0.075798675719, 0.11619313897, 0.76980004194, 0.038208143363],
      [0.024587334087, 0.32496928979, 0.54869201694, 0.10175135919]
    ],
    [
      [0.031755578216, 0.00011389025282, 0.94896397569, 0.019166555842],
      [0.028777098323, 0.31427546008, 0.29619276797, 0.36075467363],
      [0.027624697713, 0.78187129037, 0.10119377834, 0.089310233572],
      [0.017350758519, 0.0056987799648, 0.94850260831, 0.028447853202],
      [0.080946938804, 0.25409285273, 0.61316569414, 0.051794514323],
      [0.14564502747, 0.21460582278, 0.47884060496, 0.1609085448],
      [0.033897949293, 0.41948390837, 0.2452619476, 0.30135619474]
    ],
    [
      [0.023628135305, 0.0001368986913, 0.96158971791, 0.014645248097],
      [0.021759388065, 0.39160181565, 0.29984924548, 0.2867895508],
      [0.017620077766, 0.8373227758, 0.085922455106, 0.059134691327],
      [0.012855092455, 0.0068347017066, 0.95861629401, 0.021693911827],
      [0.059093267345, 0.30180740673, 0.60033662535, 0.038762700577],
      [0.11280104425, 0.26799231633, 0.49176689677, 0.12743974266],
      [0.024719402272, 0.50619957597, 0.23891054201, 0.23017047975]
    ],
    [
      [0.02051334867, 8.9918472267e-05, 0.96087284286, 0.018523889998],
      [0.020138469786, 0.27167741136, 0.32157334796, 0.38661077089],
      [0.021328676901, 0.7538335405, 0.1206834639, 0.1041543187],
      [0.011159984558, 0.0044841706816, 0.95694464895, 0.027411195807],
      [0.056865830335, 0.21886025621, 0.66982284493, 0.054451068522],
      [0.10484256693, 0.18868679157, 0.53270665628, 0.17376398521],
      [0.024331259481, 0.3726716609, 0.27275626692, 0.3302408127]
    ],
    [
      [0.037571584914, 4.4951098297e-05, 0.95637276574, 0.0060106982531],
      [0.05978364905, 0.21810108603, 0.52298921638, 0.19912604854],
      [0.069179200121, 0.65653365974, 0.2149229924, 0.059364147742],
      [0.020774583891, 0.0022772676112, 0.9679157441, 0.0090324043987],
      [0.11564226112, 0.12085454481, 0.74393610323, 0.01956709084],
      [0.21923249033, 0.10719856505, 0.60972899624, 0.063839948382],
      [0.073311069856, 0.30316006142, 0.45044206782, 0.1730868009]
    ],
    [
      [0.036737585615, 8.5816035761e-05, 0.94968686807, 0.013489730284],
      [0.040515102847, 0.28895958777, 0.35979619753, 0.31072911185],
      [0.040535827172, 0.75160174625, 0.12794657244, 0.079915854144],
      [0.020191502273, 0.0043216580465, 0.95533424321, 0.020152596466],
      [0.10035847051, 0.20509748956, 0.65552425864, 0.039019781293],
      [0.18337131053, 0.17545836726, 0.51822261714, 0.12294770508],
      [0.048174240594, 0.38949079605, 0.30056353611, 0.26177142725]
    ],
    [
      [0.031551446388, 0.00016963081959, 0.94991812026, 0.018360802531],
      [0.025027655353, 0.41181249314, 0.2584734581, 0.3046863934],
      [0.019757747639, 0.84591217509, 0.072549113545, 0.061780963726],
      [0.017188400783, 0.0084681208073, 0.94715205992, 0.027191418487],
      [0.071784286216, 0.33836694096, 0.54557716285, 0.044271609978],
      [0.13225782331, 0.2919327515, 0.43502028728, 0.14078913791],
      [0.028136601916, 0.52508672557, 0.20416544875, 0.24261122376]
    ],
    [
      [0.0062458888895, 2.350387485e-05, 0.98634454107, 0.007386066163],
      [0.010839556722, 0.12578477349, 0.57953185162, 0.28384381816],
      [0.017259741127, 0.54773493262, 0.3228158658, 0.11218946045],
      [0.0034150030209, 0.0011745951756, 0.98445549864, 0.010954903163],
      [0.021958610405, 0.072482956646, 0.87787029547, 0.027688137475],
      [0.045362772327, 0.070567465281, 0.78356237843, 0.10050738396],
      [0.014245533889, 0.18872682253, 0.53358156352, 0.26344608006]
    ],
    [
      [0.037611401774, 3.4139631665e-05, 0.94972651229, 0.012627946306],
      [0.051067623083, 0.14199129596, 0.43956558994, 0.36737549102],
      [0.075884357944, 0.55532896487, 0.23071057204, 0.13807610515],
      [0.020705667013, 0.001724815208, 0.95863546352, 0.018934054263],
      [0.11822486644, 0.093147811284, 0.74685618054, 0.041771141739],
      [0.21403375146, 0.078243489541, 0.57776632125, 0.12995643776],
      [0.065498999769, 0.20651103505, 0.39523469938, 0.3327552658]
    ],
    [
      [0.016805685015, 7.3182559996e-05, 0.9731566582, 0.0099644742242],
      [0.021427465733, 0.28661656393, 0.42488214229, 0.26707382804],
      [0.021602914752, 0.7574719855, 0.15191957444, 0.069005525308],
      [0.009176874552, 0.0036611824052, 0.9723737122, 0.014788230848],
      [0.049822995329, 0.19052810404, 0.72832993153, 0.031318969105],
      [0.098071317657, 0.17558327966, 0.61987219369, 0.106473209],
      [0.025679699479, 0.39011061096, 0.35755890292, 0.22665078664]
    ],
    [
      [0.020913304013, 6.2768299077e-05, 0.96998563752, 0.0090382901725],
      [0.028504508938, 0.26062394273, 0.4547472974, 0.25612425093],
      [0.030570248626, 0.7252525136, 0.17337315962, 0.070804078152],
      [0.011454833095, 0.0031486144913, 0.97194808263, 0.013448469788],
      [0.063164734639, 0.16588070616, 0.74202527555, 0.028929283647],
      [0.12321616167, 0.15179335579, 0.6276064052, 0.097384077343],
      [0.034549382077, 0.35800121316, 0.38732595058, 0.22012345418]
    ],
    [
      [0.02800554374, 8.4681208868e-05, 0.96011390393, 0.011795871125],
      [0.032461138664, 0.3002699071, 0.38085192938, 0.28641702485],
      [0.031712148235, 0.76448198688, 0.13200581335, 0.071800051543],
      [0.015340367717, 0.0042514291213, 0.96283967728, 0.017568525878],
      [0.078567710165, 0.20784663012, 0.67857307264, 0.035012587079],
      [0.14855762973, 0.18367134706, 0.55372455677, 0.11404646643],
      [0.038496721177, 0.40384682418, 0.31712714241, 0.24052931223]
    ],
    [
      [0.026345010217, 8.509693683e-05, 0.9611836418, 0.012386251047],
      [0.030153015449, 0.29658471926, 0.37876282393, 0.29449944136],
      [0.029863946101, 0.76145817242, 0.13346112711, 0.075216754367],
      [0.014426731295, 0.0042675914723, 0.96288027954, 0.018425397696],
      [0.073686139597, 0.20828356713, 0.68130799926, 0.036722294014],
      [0.13891523523, 0.18428059701, 0.55729789588, 0.11950627188],
      [0.035841270521, 0.39947408499, 0.31644650435, 0.24823814013]
    ],
    [
      [0.027805935329, 8.1417161641e-05, 0.96195718391, 0.010155463594],
      [0.034000340082, 0.3030858802, 0.40520488879, 0.25770889093],
      [0.033003277993, 0.76248497, 0.13995924868, 0.064552503332],
      [0.015256860119, 0.0040909037942, 0.96551653655, 0.015135699532],
      [0.078610790836, 0.20143281663, 0.68952136131, 0.030435031219],
      [0.1497396219, 0.18011308073, 0.57007968977, 0.1000676076],
      [0.040235107311, 0.40641079697, 0.33705753508, 0.21629656064]
    ],
    [
      [0.026662800147, 8.5022928208e-05, 0.96056927724, 0.012682899681],
      [0.030299646558, 0.29437803756, 0.37561622588, 0.29970609],
      [0.030158187221, 0.75998441307, 0.13297451631, 0.076882883396],
      [0.014599876777, 0.0042639254945, 0.96226904368, 0.018867154052],
      [0.07451488405, 0.20794921762, 0.6799683605, 0.037567537825],
      [0.14011258677, 0.1834470626, 0.55450989828, 0.12193045235],
      [0.036053991927, 0.3969635801, 0.31412302689, 0.25285940108]
    ],
    [
      [0.020119452766, 6.1330916229e-05, 0.97061817215, 0.0092010441665],
      [0.027475909216, 0.25523760428, 0.45573727469, 0.26154921182],
      [0.029884836016, 0.72066053023, 0.17617359086, 0.073281042902],
      [0.011015796659, 0.0030753944181, 0.97222294588, 0.013685863048],
      [0.061094706342, 0.16296761562, 0.74632726402, 0.029610414011],
      [0.11928829518, 0.14924707763, 0.63167893799, 0.0997856892],
      [0.033408434262, 0.35174288058, 0.38937730963, 0.22547137553]
    ],
    [
      [0.020013400369, 6.5038056526e-05, 0.97142329504, 0.0084982665379],
      [0.027452841768, 0.27173452273, 0.45864400644, 0.24216862906],
      [0.028659533944, 0.73586513584, 0.17027255416, 0.065202776056],
      [0.010959813066, 0.0032616328591, 0.97313703472, 0.012641519354],
      [0.060260057809, 0.17138123869, 0.74123641302, 0.027122290474],
      [0.11837655204, 0.15798618479, 0.63168039187, 0.091956871299],
      [0.033096520074, 0.37126108895, 0.38859946676, 0.20704292422]
    ],
    [
      [0.39907566133, 5.630103398e-05, 0.58414131521, 0.016726722426],
      [0.32472755703, 0.15402059737, 0.14895190716, 0.37229993844],
      [0.35955971626, 0.49441977168, 0.057487471995, 0.088533040064],
      [0.25408289386, 0.0034236711216, 0.71215196922, 0.030341465797],
      [0.69015004905, 0.076997659739, 0.20585486679, 0.026997424417],
      [0.83163891336, 0.035218099524, 0.085139458755, 0.048003528363],
      [0.38219976643, 0.20528508562, 0.12050870363, 0.29200644431]
    ],
    [
      [0.021156285155, 5.5816873069e-05, 0.96949256374, 0.0092953342357],
      [0.029333670474, 0.23855650398, 0.45895749049, 0.27315233505],
      [0.032899642708, 0.70680385873, 0.1821337808, 0.078162717758],
      [0.0115811759, 0.0028011019479, 0.97177833363, 0.013839388526],
      [0.065355313036, 0.15116562588, 0.75310585743, 0.030373203655],
      [0.12757826089, 0.13763617764, 0.63261032465, 0.10217523682],
      [0.035960765768, 0.33243292048, 0.39473825942, 0.23686805433]
    ],
    [
      [0.0094284414052, 8.8435684348e-05, 0.98051694401, 0.0099661788957],
      [0.011422945958, 0.32858294036, 0.40649385621, 0.25350025748],
      [0.010589318536, 0.79550960995, 0.13363042693, 0.060270644582],
      [0.0051311735282, 0.0044066444417, 0.97573057528, 0.014731606747],
      [0.027261454989, 0.22490990797, 0.71720191522, 0.030626721825],
      [0.054857439252, 0.21251178787, 0.62588372043, 0.10674705244],
      [0.013445719422, 0.4391059645, 0.33606964325, 0.21137867282]
    ],
    [
      [0.031726827713, 0.00012994292693, 0.94863455555, 0.019508673815],
      [0.027256674236, 0.34178982604, 0.2785749446, 0.35237855512],
      [0.024638990821, 0.80442268203, 0.089415941402, 0.081522385744],
      [0.017301776422, 0.0064963838685, 0.94726478557, 0.028937054137],
      [0.078381086922, 0.28099387812, 0.5896101396, 0.051014895357],
      [0.14196016293, 0.23784855967, 0.46081006509, 0.1593812123],
      [0.031699376521, 0.45076440246, 0.22752239423, 0.29001382679]
    ],
    [
      [0.031869964305, 9.9267216218e-05, 0.95693932711, 0.011091441371],
      [0.035463326183, 0.34072413155, 0.36276793548, 0.26104460679],
      [0.031489195048, 0.79522322841, 0.11410274015, 0.059184836388],
      [0.017467073173, 0.004991047235, 0.96099671736, 0.016545162231],
      [0.086035885386, 0.23501784716, 0.64730250835, 0.0316437591],
      [0.16299466637, 0.20719971941, 0.52672647151, 0.10307914271],
      [0.041159502465, 0.44927696964, 0.29537688318, 0.21418664472]
    ],
    [
      [0.02793682699, 5.9813722937e-05, 0.96465801815, 0.0073453411351],
      [0.04018061559, 0.26317158054, 0.47601739333, 0.22063041054],
      [0.042166564364, 0.72099670209, 0.17727666959, 0.059560063958],
      [0.015356199849, 0.0030129080749, 0.9706556472, 0.010975244872],
      [0.084279064614, 0.15784314831, 0.73444000919, 0.023437777885],
      [0.16347077186, 0.14311593046, 0.61518065586, 0.078232641813],
      [0.048451704908, 0.35999642411, 0.40305073932, 0.18850113166]
    ],
    [
      [0.017800163305, 5.8764292648e-05, 0.97065930814, 0.011481764267],
      [0.023032975854, 0.23336171032, 0.43011019523, 0.3134951186],
      [0.026547953317, 0.70533817798, 0.17575588294, 0.092357985757],
      [0.0097232827026, 0.0029410311868, 0.97028740076, 0.017048285352],
      [0.054518577075, 0.15784613173, 0.75036277857, 0.03727251262],
      [0.10543074608, 0.14289108867, 0.62709013675, 0.1245880285],
      [0.028368926756, 0.32633817845, 0.37197187403, 0.27332102076]
    ],
    [
      [0.035781489013, 5.8025736921e-05, 0.94634037621, 0.017820109039],
      [0.038849256411, 0.1939236959, 0.34989057563, 0.41733647205],
      [0.049940971185, 0.65575580207, 0.15914838664, 0.13515484011],
      [0.019614382213, 0.0029188950579, 0.95085960038, 0.026607122349],
      [0.10459411253, 0.14809027595, 0.69229664318, 0.055018968333],
      [0.18508713503, 0.12186178391, 0.52492221637, 0.16812886469],
      [0.048634639807, 0.2755089952, 0.30725672747, 0.36859963752]
    ],
    [
      [0.010009912723, 3.0944764961e-05, 0.9855511654, 0.0044079771155],
      [0.018758734583, 0.17871816357, 0.62718646369, 0.17533663815],
      [0.024659328822, 0.62701860134, 0.28939816883, 0.058923901002],
      [0.0054783522688, 0.0015504299448, 0.98642091592, 0.0065503018703],
      [0.034510925585, 0.093388758482, 0.8560185134, 0.016081802537],
      [0.072841390172, 0.09208144863, 0.77662276457, 0.05845439663],
      [0.023876504481, 0.25898408371, 0.55906232996, 0.15807708185]
    ],
    [
      [0.011389640438, 5.5771034824e-05, 0.97989862353, 0.0086559649985],
      [0.01620880562, 0.24532871009, 0.47459398785, 0.26386849644],
      [0.018011443045, 0.72143203434, 0.18616298962, 0.074393532997],
      [0.0062158049692, 0.0027877780358, 0.9781588945, 0.012837522493],
      [0.035976820649, 0.15508739435, 0.77988685512, 0.029048929883],
      [0.072609052282, 0.14654124374, 0.67916831171, 0.10168139227],
      [0.019893935738, 0.34255839398, 0.40859048973, 0.22895718055]
    ],
    [
      [0.025936992958, 7.1425704785e-05, 0.95966694815, 0.014324633188],
      [0.029686417721, 0.24988283632, 0.37677222685, 0.34365851911],
      [0.032897319591, 0.72116554923, 0.14825814628, 0.097678984895],
      [0.014190006804, 0.0035805302756, 0.96092631839, 0.021303144532],
      [0.07497633764, 0.18069953936, 0.7004705165, 0.043853606504],
      [0.13932631672, 0.15719434178, 0.56283413186, 0.14064520964],
      [0.036155393989, 0.34508755135, 0.32232008545, 0.29643696921]
    ],
    [
      [0.012579665279, 4.2727916367e-05, 0.97954443392, 0.007833172887],
      [0.019467529699, 0.20461227256, 0.51596603741, 0.25995416034],
      [0.02391322074, 0.6716864524, 0.22347365169, 0.08092667517],
      [0.0068743847352, 0.0021389450031, 0.97935250635, 0.011634163915],
      [0.041229241214, 0.12309914799, 0.8084458994, 0.027225711395],
      [0.083422561156, 0.11648528873, 0.70468216844, 0.095409981667],
      [0.024391911401, 0.2920283464, 0.45331485443, 0.23026488777]
    ],
    [
      [0.0066585685072, 6.1400662822e-06, 0.99164745462, 0.0016878368109],
      [0.017044360985, 0.046164131704, 0.84464090125, 0.09215060606],
      [0.037236696016, 0.29357128646, 0.6170133128, 0.052178704721],
      [0.0036579347763, 0.00030701074844, 0.99353509316, 0.0024999613171],
      [0.02520692563, 0.01889433785, 0.94933356429, 0.006565172234],
      [0.057202414665, 0.019904750526, 0.89798107206, 0.024911762749],
      [0.023663618484, 0.073120983993, 0.81155624098, 0.091659156547]
    ],
    [
      [0.019281813831, 3.6215330054e-05, 0.96992885654, 0.010753114304],
      [0.027940525353, 0.16103680238, 0.47718813411, 0.33383453816],
      [0.039666620929, 0.60185328673, 0.23853282298, 0.11994726936],
      [0.01054426463, 0.0018161493052, 0.97163731748, 0.016002268585],
      [0.063214074652, 0.10334796064, 0.7962605399, 0.037177424802],
      [0.12252980608, 0.093148993047, 0.66022354039, 0.12409766049],
      [0.035782743401, 0.23397987881, 0.42820992908, 0.3020274487]
    ],
    [
      [0.044841895589, 8.0874193333e-05, 0.94314364836, 0.011933581859],
      [0.051858827217, 0.28566092841, 0.37404355268, 0.28843669169],
      [0.051759681464, 0.74169976015, 0.13257479771, 0.073965760676],
      [0.024750700359, 0.0040918746919, 0.95324582477, 0.017911600178],
      [0.12258305595, 0.19313493308, 0.64979697557, 0.034485035397],
      [0.22184963078, 0.16328889402, 0.50747015569, 0.1073913195],
      [0.061544722708, 0.38427858241, 0.31173146189, 0.24244523298]
    ],
    [
      [0.051820962804, 0.00010075776703, 0.93446381074, 0.013614468685],
      [0.053607127115, 0.31958428182, 0.32961089501, 0.29719769605],
      [0.049607738444, 0.77198183777, 0.10815948252, 0.070250941266],
      [0.028614040325, 0.0051050851652, 0.94581406865, 0.020466805862],
      [0.13352553339, 0.22660415731, 0.60285643875, 0.037013870555],
      [0.2379395925, 0.18779534708, 0.46099380974, 0.11327125068],
      [0.062521293594, 0.42268685045, 0.26973732364, 0.24505453232]
    ],
    [
      [0.031046295185, 9.0437768295e-05, 0.95841564659, 0.010447620453],
      [0.036373602416, 0.32276915273, 0.38655623794, 0.25430100691],
      [0.033788944769, 0.77754605959, 0.12774389253, 0.060921103106],
      [0.017047932757, 0.0045482128582, 0.96281856354, 0.01558529084],
      [0.085276224754, 0.21738135457, 0.66692968846, 0.030412732212],
      [0.16119840098, 0.19277974169, 0.54682049005, 0.099201367289],
      [0.042584268787, 0.4282269403, 0.31807432435, 0.21111446656]
    ],
    [
      [0.022183554257, 7.3891931159e-05, 0.96915522562, 0.0085873281906],
      [0.029215745157, 0.29656066752, 0.43917761213, 0.2350459752],
      [0.028765381272, 0.75780278068, 0.15375924541, 0.059672592637],
      [0.012153596139, 0.0037075468528, 0.97135827327, 0.012780583741],
      [0.064966883909, 0.18940799792, 0.71897174371, 0.026653374457],
      [0.12698648283, 0.17367648049, 0.60944000028, 0.089897036389],
      [0.034753947608, 0.39984132337, 0.3671409242, 0.19826380482]
    ],
    [
      [0.04221818773, 8.9495775891e-05, 0.95076066461, 0.0069316518839],
      [0.053167158538, 0.35648321542, 0.40302249509, 0.18732713096],
      [0.044049452339, 0.79891873083, 0.11752253398, 0.039509282849],
      [0.023218820783, 0.0045324191912, 0.96183433511, 0.010414424912],
      [0.11684607425, 0.21720937892, 0.64589654642, 0.020048000411],
      [0.22441161767, 0.18998627303, 0.52077867566, 0.064823433641],
      [0.060836646918, 0.4658772762, 0.32229708557, 0.15098899131]
    ],
    [
      [0.029569425321, 5.5507955951e-05, 0.96648542818, 0.0038896385477],
      [0.048920254069, 0.29534787483, 0.51882902691, 0.13690284419],
      [0.044487455335, 0.76158659163, 0.16184900187, 0.032076951172],
      [0.016129878061, 0.002800367513, 0.97525130129, 0.0058184531368],
      [0.095749306443, 0.15425047938, 0.73722419328, 0.012776020888],
      [0.20112157842, 0.14084518751, 0.61534273663, 0.042690497441],
      [0.058021383443, 0.40250326737, 0.42532328203, 0.11415206715]
    ],
    [
      [0.022568651792, 4.8602721511e-05, 0.97000843505, 0.0073743104366],
      [0.034265931701, 0.22676806785, 0.50310760818, 0.23585839227],
      [0.039388982248, 0.68658641431, 0.20458936901, 0.069435234427],
      [0.012376567788, 0.0024435422688, 0.97418152844, 0.010998361504],
      [0.071254425016, 0.13416714724, 0.76998990245, 0.024588525297],
      [0.14053037289, 0.12329729328, 0.65284409004, 0.083328243792],
      [0.042215568371, 0.31733094482, 0.43477722138, 0.20567626543]
    ],
    [
      [0.014511901615, 4.8158602061e-05, 0.97375290846, 0.011687031327],
      [0.019542822972, 0.19857822042, 0.44916285324, 0.33271610337],
      [0.024956410519, 0.66327171659, 0.2033181019, 0.108453771],
      [0.0079207204173, 0.0024076304771, 0.97233659839, 0.017335050719],
      [0.046044384674, 0.13388485171, 0.78073927762, 0.039331485993],
      [0.089470453313, 0.12193612497, 0.65626026947, 0.13233315225],
      [0.024556836936, 0.28314240466, 0.39634501669, 0.29595574171]
    ],
    [
      [0.0084749241182, 2.1977854468e-05, 0.96545859375, 0.026044504279],
      [0.0082722116957, 0.065924648438, 0.31832900244, 0.60747413743],
      [0.018816953566, 0.40282929175, 0.25334148396, 0.32501227072],
      [0.0045930296487, 0.0010899484961, 0.95591325856, 0.038403763299],
      [0.028357197888, 0.064156254069, 0.81418507674, 0.093301471303],
      [0.049094712329, 0.052385577838, 0.60760126885, 0.29091844098],
      [0.011305586218, 0.10229418368, 0.30507219321, 0.58132803689]
    ],
    [
      [0.0026656561608, 6.9338584804e-05, 0.99519609872, 0.0020689065332],
      [0.0045024060361, 0.45244296165, 0.47436906867, 0.068685563651],
      [0.0024646076601, 0.90229164711, 0.084232054324, 0.011011690908],
      [0.0015091053533, 0.0034716060785, 0.99196709002, 0.003052198553],
      [0.0077370716628, 0.22574042402, 0.75920174505, 0.0073207592696],
      [0.01508361805, 0.23666372602, 0.72120202273, 0.027050633202],
      [0.004729490805, 0.6000772433, 0.34271258674, 0.052480679153]
    ],
    [
      [0.016311986718, 5.670576905e-05, 0.9787291391, 0.0049021684094],
      [0.025916170399, 0.28149231575, 0.52632135185, 0.166270162],
      [0.02559994782, 0.74970003802, 0.18289070409, 0.041809310071],
      [0.0089258358813, 0.0028454225344, 0.98093356092, 0.0072951806659],
      [0.051593789233, 0.15796963482, 0.77406416136, 0.016372414593],
      [0.10665567818, 0.15147869113, 0.68390044025, 0.05796519044],
      [0.03110090144, 0.38578127736, 0.44218681033, 0.14093101087]
    ],
    [
      [0.030689209736, 0.00012889273917, 0.94348815223, 0.025693745298],
      [0.02352452691, 0.30633766414, 0.24574466398, 0.42439314496],
      [0.022985257207, 0.78735620004, 0.085083071187, 0.10457547156],
      [0.016662915147, 0.0064236002494, 0.93890653636, 0.038006948247],
      [0.07540989528, 0.27847805343, 0.57925548048, 0.066856570808],
      [0.13243303105, 0.2276861193, 0.43674754437, 0.20313330528],
      [0.027893666788, 0.41272551867, 0.20448197964, 0.3548988349]
    ],
    [
      [0.0029431482378, 7.5931870364e-06, 0.99590377422, 0.0011454843529],
      [0.0078247143549, 0.059694177224, 0.87089011318, 0.061590995244],
      [0.016027487825, 0.36040893747, 0.59008414002, 0.033479434688],
      [0.001632061948, 0.00037937498279, 0.99629464496, 0.0016939181101],
      [0.010903416904, 0.023758412532, 0.96084578366, 0.0044923869046],
      [0.024640087517, 0.025649225378, 0.93241639832, 0.017294288789],
      [0.010822586098, 0.095029093971, 0.83288760423, 0.0612607157]
    ],
    [
      [0.13381995557, 0.00013003064207, 0.83002529885, 0.036024714934],
      [0.083048305907, 0.25183994995, 0.1731414923, 0.49197025184],
      [0.089006115737, 0.71426858531, 0.0657451724, 0.13098012655],
      [0.075374242581, 0.0067616066269, 0.86223028804, 0.055633862755],
      [0.27557664711, 0.23187553093, 0.4153736592, 0.077174162753],
      [0.40211643491, 0.15362883844, 0.2531477001, 0.19110702654],
      [0.099456722377, 0.34223998147, 0.14517169767, 0.41313159849]
    ],
    [
      [0.044666007431, 0.00012659425135, 0.93925560349, 0.015951794827],
      [0.04115133454, 0.35547072903, 0.29754653298, 0.30583140345],
      [0.035855507919, 0.80328181296, 0.092220582024, 0.068642097093],
      [0.024563985605, 0.0063776998412, 0.94521942805, 0.023838886507],
      [0.10896199579, 0.2701723393, 0.57964114688, 0.041224518034],
      [0.19531221009, 0.22701503027, 0.45019986166, 0.12747289799],
      [0.04730761698, 0.46308682154, 0.24038574962, 0.24921981185]
    ],
    [
      [0.033913113046, 4.6196253428e-05, 0.90962072307, 0.05641996763],
      [0.016547601555, 0.072183422061, 0.14053439171, 0.77073458468],
      [0.038665076708, 0.46805084128, 0.11402003785, 0.37926404416],
      [0.018067594398, 0.0022814429298, 0.89653869624, 0.083112266436],
      [0.098593761298, 0.11444365484, 0.61623475747, 0.1707278264],
      [0.14061793768, 0.073174714341, 0.35211724808, 0.43409009989],
      [0.022948322755, 0.11342449462, 0.13614646534, 0.72748071728]
    ],
    [
      [0.015855819835, 0.00013810025294, 0.96884563887, 0.015160441042],
      [0.014207594235, 0.3976942556, 0.28388722781, 0.30421092236],
      [0.011151552558, 0.85173764765, 0.078136196043, 0.058974603752],
      [0.0085914707406, 0.0068744879143, 0.96212939773, 0.02240464361],
      [0.040326000597, 0.31596317362, 0.60263723445, 0.041073591329],
      [0.078456718371, 0.28449312155, 0.49806534065, 0.13898481943],
      [0.016100392155, 0.51712887248, 0.22505138787, 0.24171934749]
    ],
    [
      [0.01083946143, 6.3823260273e-05, 0.9828202148, 0.006276500512],
      [0.016112174686, 0.29977310646, 0.48201932915, 0.20209538971],
      [0.01530330689, 0.77736421932, 0.15882948358, 0.048502990207],
      [0.0059193247849, 0.0031927526608, 0.98157452565, 0.0093133968993],
      [0.034085600809, 0.17849949749, 0.76645698303, 0.020957918671],
      [0.071090866285, 0.1728897268, 0.68073850639, 0.075280900523],
      [0.019215616157, 0.40960601681, 0.40114846436, 0.17002990267]
    ],
    [
      [0.017142881991, 7.1466231465e-05, 0.95926671742, 0.023518934355],
      [0.015723967485, 0.20485526658, 0.29256335441, 0.48685741152],
      [0.020038428079, 0.69731173212, 0.13093115492, 0.15171868489],
      [0.0092895757942, 0.0035548085904, 0.95240699225, 0.034748623365],
      [0.050061038665, 0.18376019245, 0.69325936031, 0.072919408574],
      [0.089640441813, 0.1530160213, 0.52880549254, 0.22853804435],
      [0.019767038575, 0.29316718134, 0.25766070673, 0.42940507335]
    ],
    [
      [0.034206496442, 0.00012329728094, 0.94412796021, 0.021542246063],
      [0.028915679441, 0.31758460456, 0.27451775204, 0.37898196396],
      [0.027600347534, 0.78600588521, 0.093224519808, 0.093169247451],
      [0.018677591248, 0.0061664647089, 0.94319629089, 0.031959653152],
      [0.084679046836, 0.26711099026, 0.59168952606, 0.05652043684],
      [0.15010459346, 0.22211445614, 0.45480448649, 0.17297646392],
      [0.034001932742, 0.42318942091, 0.22688528273, 0.31592336361]
    ],
    [
      [0.022642242627, 9.8972627408e-05, 0.9571522699, 0.020106514846],
      [0.017549871161, 0.26801608539, 0.22225850243, 0.49217554102],
      [0.018014082866, 0.80463024224, 0.078997541056, 0.098358133837],
      [0.012193799673, 0.0049429784925, 0.95289980028, 0.029963421554],
      [0.064791752291, 0.25610461718, 0.61766486847, 0.061438762057],
      [0.12095483361, 0.21314280767, 0.45835733498, 0.20754502373],
      [0.021731015924, 0.38365826479, 0.19186061804, 0.40275010125]
    ],
    [
      [0.02738799445, 9.7315182997e-05, 0.95848932656, 0.014025363807],
      [0.028984816408, 0.31350489956, 0.34941369386, 0.30809659017],
      [0.027733146323, 0.77723159288, 0.11897873029, 0.076056530507],
      [0.014985066553, 0.0048758261785, 0.95929489355, 0.020844213719],
      [0.0739315224, 0.22990455418, 0.6560245328, 0.040139390621],
      [0.13794122229, 0.2013935026, 0.53135798436, 0.12930729076],
      [0.034166292977, 0.41872911719, 0.28953089172, 0.25757369811]
    ],
    [
      [0.033385651413, 0.00012298203067, 0.9602815428, 0.0062098237573],
      [0.038385505661, 0.45499283561, 0.3520243972, 0.15459726153],
      [0.02642342819, 0.86285649678, 0.083784909729, 0.0269351653],
      [0.018171155865, 0.006192143629, 0.96636257052, 0.0092741299828],
      [0.089850139138, 0.28918862296, 0.60374979054, 0.017211447355],
      [0.18369456672, 0.26080481449, 0.49806070057, 0.05743991822],
      [0.042082486171, 0.57189192499, 0.2674637428, 0.11856184604]
    ],
    [
      [0.13951359375, 0.00022700866795, 0.81076791294, 0.049491484639],
      [0.041927943667, 0.25961900034, 0.065313512791, 0.6331395432],
      [0.04561123468, 0.82071338196, 0.026198917199, 0.10747646616],
      [0.075226290142, 0.011731915223, 0.83622393736, 0.076817857274],
      [0.2598391319, 0.36533760937, 0.28161413004, 0.093209128688],
      [0.39744154421, 0.21646546961, 0.14509846778, 0.2409945184],
      [0.054364964201, 0.38572263349, 0.059361867696, 0.50055053461]
    ],
    [
      [0.020559784243, 6.969666285e-05, 0.96866822219, 0.010702296904],
      [0.025972393075, 0.27271983401, 0.40834107763, 0.29296669528],
      [0.026920856569, 0.74846235676, 0.148314847, 0.076301939671],
      [0.011219845749, 0.00349214905, 0.96937315877, 0.015914846434],
      [0.061880859894, 0.18332888086, 0.72084211903, 0.03394814021],
      [0.1211686104, 0.16589274052, 0.59878073454, 0.11415791454],
      [0.031370051726, 0.37441347908, 0.34493057969, 0.2492858895]
    ],
    [
      [0.045359362479, 8.0414842001e-05, 0.93531300715, 0.019247215532],
      [0.043914120601, 0.24317228738, 0.30196689333, 0.41094669869],
      [0.048758946134, 0.71998119919, 0.1178823303, 0.11337752438],
      [0.02483476314, 0.0040557812134, 0.94228535703, 0.028824098614],
      [0.12472020691, 0.19222852784, 0.62771840159, 0.055332863658],
      [0.21881988518, 0.15407836571, 0.46147360941, 0.16562813971],
      [0.053554296159, 0.33707152953, 0.25752308747, 0.35185108684]
    ],
    [
      [0.0064835214371, 0.00010626351314, 0.98379007216, 0.0096201428875],
      [0.0076710351202, 0.39256990493, 0.34138546302, 0.25837359693],
      [0.0061838145937, 0.85143515357, 0.092614742039, 0.049766289795],
      [0.0035577433102, 0.0052957042001, 0.97691124164, 0.014235310847],
      [0.018436061484, 0.27635595164, 0.67525592076, 0.029952066115],
      [0.037077365589, 0.26619891718, 0.58747842564, 0.10924529159],
      [0.0087623146725, 0.51442698017, 0.27079609474, 0.20601461042]
    ],
    [
      [0.03268660145, 9.8532509253e-05, 0.95056960665, 0.01664525939],
      [0.032404295097, 0.29873623937, 0.3226522889, 0.34620717663],
      [0.031977914135, 0.76739469203, 0.11305988535, 0.087567508491],
      [0.01788857624, 0.0049424181513, 0.95239856176, 0.024770443853],
      [0.086916011606, 0.22925839589, 0.63697223326, 0.04685335925],
      [0.15801962626, 0.19492626131, 0.5001298795, 0.14692423293],
      [0.038446265264, 0.40187944545, 0.26885792536, 0.29081636392]
    ],
    [
      [0.020170874076, 0.00010402137584, 0.97490994196, 0.004815162591],
      [0.025926778849, 0.43078705266, 0.41222010024, 0.13106606825],
      [0.018593248778, 0.85422558927, 0.10298814796, 0.024193013991],
      [0.01100158147, 0.0052178391868, 0.97662014079, 0.0071604385511],
      [0.056724149438, 0.2610107325, 0.66805051669, 0.014214601365],
      [0.11834358311, 0.24791132118, 0.58398111947, 0.049763976245],
      [0.028766033992, 0.55002327073, 0.31863655155, 0.10257414373]
    ],
    [
      [0.015274805791, 0.00010898141706, 0.94521148233, 0.039404730458],
      [0.0095100788965, 0.21584186488, 0.19288324623, 0.58176480999],
      [0.01193959628, 0.72981067709, 0.085259972857, 0.17298975377],
      [0.0081962296984, 0.0053695198142, 0.92871002727, 0.057724223222],
      [0.039432369921, 0.25139429458, 0.60002420587, 0.10914912963],
      [0.064818139615, 0.19316459645, 0.42132233999, 0.32069492394],
      [0.011934996051, 0.30926190871, 0.16982825726, 0.50897483798]
    ],
    [
      [0.0079097583408, 0.0001313355077, 0.95995737517, 0.032001530985],
      [0.0050074774005, 0.27374353696, 0.17967479243, 0.54157419321],
      [0.0053303878992, 0.8031268064, 0.066519189706, 0.12502361599],
      [0.0042787696584, 0.0064813221081, 0.94219753377, 0.047042374467],
      [0.019943141039, 0.30951004789, 0.580535462, 0.090011349072],
      [0.033443532193, 0.25203008851, 0.42404369201, 0.29048268729],
      [0.0061159349076, 0.38585053786, 0.15428014564, 0.45375338159]
    ],
    [
      [0.021964482192, 7.5053492457e-05, 0.96753949542, 0.010420968891],
      [0.027434501219, 0.28598740394, 0.41516027608, 0.27141781876],
      [0.027772695448, 0.75218033308, 0.14933816915, 0.070708802327],
      [0.012019485425, 0.0037619643515, 0.9687240349, 0.015494515328],
      [0.063945453163, 0.19126216936, 0.71264134525, 0.032151032232],
      [0.12348888214, 0.17315537332, 0.59619688853, 0.10715885601],
      [0.032828492305, 0.38793304759, 0.34904006796, 0.23019839215]
    ],
    [
      [0.024620209823, 0.00013243403741, 0.94989191971, 0.025355436431],
      [0.018921044911, 0.31506596213, 0.24735154571, 0.41866144725],
      [0.018195057908, 0.79584321684, 0.084249295033, 0.10171243022],
      [0.013334922504, 0.0065822378127, 0.9426800195, 0.037402820181],
      [0.060768636029, 0.28737454662, 0.58555490773, 0.066301909617],
      [0.10832924515, 0.23873935193, 0.44837230287, 0.20455910005],
      [0.022368550032, 0.42317083667, 0.20520903543, 0.34925157787]
    ],
    [
      [0.031196788899, 4.173420972e-05, 0.9542482045, 0.014513272396],
      [0.038578193912, 0.16216039647, 0.37705150638, 0.42220990323],
      [0.053615542899, 0.6275612328, 0.17979825863, 0.13902496567],
      [0.016940091031, 0.0020985084953, 0.95927299143, 0.021688409041],
      [0.10266981236, 0.11561112763, 0.73316180767, 0.048557252339],
      [0.19609952293, 0.096689323153, 0.55343401011, 0.1537771438],
      [0.049615882676, 0.23720178548, 0.33627520873, 0.37690712311]
    ],
    [
      [0.028258484938, 0.00017311731749, 0.95875755556, 0.012810842181],
      [0.02410695689, 0.46568495782, 0.2745287782, 0.23567930708],
      [0.016934942422, 0.87304428571, 0.068131435369, 0.0418893365],
      [0.015365118781, 0.0086549218546, 0.95697395379, 0.019006005573],
      [0.065470625787, 0.35510332051, 0.54808243726, 0.031343616437],
      [0.12691370876, 0.31736114061, 0.45166736335, 0.10405778729],
      [0.026384577832, 0.5815215059, 0.21043351327, 0.18166040299]
    ],
    [
      [0.012123350705, 4.5243891337e-05, 0.981466242, 0.0063651633996],
      [0.019569476931, 0.2241373702, 0.54054382753, 0.21574932533],
      [0.022861563199, 0.68934871269, 0.22314558779, 0.064644136323],
      [0.0066283436472, 0.0022655694047, 0.9816516012, 0.0094544857498],
      [0.039601636922, 0.12957977047, 0.80879546395, 0.022023128665],
      [0.08128605147, 0.12442213884, 0.71634810708, 0.077943702604],
      [0.024271234751, 0.31586221829, 0.47032071008, 0.18954583687]
    ],
    [
      [0.0023440409658, 4.9299268377e-06, 0.99650068878, 0.0011503403322],
      [0.0063010372938, 0.03870075513, 0.89161305169, 0.063385155884],
      [0.014722280601, 0.25536312738, 0.69131063409, 0.038603957926],
      [0.0012980667473, 0.00024639220822, 0.9967525531, 0.0017029879492],
      [0.0087212331508, 0.015488839668, 0.97125126319, 0.004538663994],
      [0.019669479356, 0.016726352489, 0.94594216788, 0.017662000273],
      [0.0088312237794, 0.061893532443, 0.86561373599, 0.06366150779]
    ],
    [
      [0.034208120296, 1.7028735467e-05, 0.95236875023, 0.013406100737],
      [0.046110127254, 0.06970421766, 0.42593530144, 0.45825035365],
      [0.092557331339, 0.40494327113, 0.29439927784, 0.20810011969],
      [0.018688111345, 0.00085844182647, 0.96033975049, 0.02011369634],
      [0.11753038816, 0.04803652289, 0.78719631829, 0.047236770661],
      [0.21805908572, 0.039867861566, 0.5918592745, 0.15021377822],
      [0.06240573219, 0.10700109567, 0.40085196513, 0.429741207]
    ],
    [
      [0.02208618044, 5.998066189e-05, 0.969725877, 0.0081279619011],
      [0.030929866501, 0.2638638751, 0.4589165998, 0.2462896586],
      [0.031811373267, 0.7380415629, 0.16619550566, 0.063951558171],
      [0.012084845999, 0.0030128049793, 0.97278917409, 0.012113174928],
