{
  "Z_true": {},
  "V_true": [
    [939, 19, 48, 631, 21],
    [39, 1964, 1492, 519, 31],
    [92, 589, 4333, 266, 108],
    [806, 621, 469, 21162, 445],
    [263, 340, 724, 706, 172],
    [60, 195, 214, 499, 307]
  ],
  "p_true": [
    [0.5663, 0.0115, 0.029, 0.3806, 0.0127],
    [0.0096, 0.4855, 0.3689, 0.1283, 0.0077],
    [0.0171, 0.1093, 0.8042, 0.0494, 0.02],
    [0.0343, 0.0264, 0.02, 0.9004, 0.0189],
    [0.1193, 0.1542, 0.3283, 0.3202, 0.078],
    [0.0471, 0.1529, 0.1678, 0.3914, 0.2408]
  ],
  "Z_est": [
    [
      [55.4887, 17.4956, 0.6598, 48.168, 42.6881, 24.4939, 19.2452, 26.0798, 111.4667, 36.018, 0, 0.6596, 2.6333, 13.9965, 37.6156, 46.2536, 65.6086, 14.1452, 55.278, 70.2944, 7.0052, 9.7312, 19.3139, 0, 0, 11.3722, 47.4777, 79.4473, 29.4951, 31.6592, 31.0743, 330.8808, 44.3742, 75.1498, 17.1487],
      [0.5618, 0.1812, 1.1082, 0.4984, 0.444, 0.2537, 0.1994, 0.2628, 1.1509, 0.1814, 0, 0, 0.0272, 0.145, 0.3897, 0.262, 0.6797, 2.0039, 0.4232, 0.7431, 0.0363, 0.1359, 0.1994, 0.0091, 0, 0.1178, 0.251, 0.8246, 0.4571, 0.3081, 0.4259, 3.4345, 0.5481, 1.3904, 0.7335],
      [0.0478, 0.0154, 0.0019, 0.0335, 0.0378, 0.0216, 0.017, 0.0224, 0.0979, 0.0307, 0, 0.0008, 0.0023, 0.0123, 0.0331, 0, 0.0232, 0.0177, 0.0406, 0.0632, 0.0061, 0.0116, 0.017, 0.0016, 0, 0.01, 0.0367, 0.0557, 0.029, 0.0107, 0.0362, 0.2922, 0.0393, 0.0694, 0.0376],
      [5.5243, 2.186, 0.2186, 6.0115, 5.5319, 3.0604, 2.4046, 2.4585, 13.5115, 4.4813, 0, 0.3304, 0.3279, 1.7488, 4.5613, 4.0841, 8.5303, 6.6842, 6.8859, 10.378, 0.8686, 5.0655, 2.4046, 0.9242, 0, 1.4209, 3.9181, 9.9463, 3.7162, 1.8358, 13.5194, 42.754, 5.7219, 12.4408, 10.8754],
      [0.3774, 0.1217, 0.0116, 0.2886, 0.2982, 0.1704, 0.1339, 0.1765, 0.773, 0.2886, 0, 0.0093, 0.0093, 0.0974, 0.4003, 0.4003, 0.1583, 0.149, 0.3724, 0.5213, 0.0838, 0.0559, 0.0652, 0.0652, 0, 0.0791, 0.3165, 0.7261, 0.3027, 0.1862, 1.9442, 1.6385, 0.3165, 0.9496, 0.2048]
    ],
    [
      [1.355, 0.3465, 0.0112, 1.8693, 0.5651, 0.57, 7.4267, 0.8871, 1.8889, 0.6594, 0.0486, 0.0112, 0.0671, 0.2571, 0.7377, 0.8047, 0.7945, 0.2347, 0.638, 0.7777, 0.0547, 0.1337, 0.9114, 0, 0, 0.2124, 0.8047, 0.5772, 0, 0.3817, 0.5253, 5.4877, 0.693, 1.1736, 0.2906],
      [146.7319, 60.5587, 3.5491, 91.2028, 67.1253, 160.7293, 101.8381, 97.4792, 73.2963, 32.833, 5.837, 0, 7.2731, 45.2183, 82.5314, 47.4255, 77.05, 31.575, 70.6065, 86.0727, 6.052, 15.5127, 85.6597, 1.3449, 1.7547, 43.0736, 53.7955, 63.8821, 67.5842, 20.6509, 58.609, 471.9328, 99.2287, 251.7198, 149.8052],
      [68.3675, 24.9225, 1.4376, 33.278, 21.1321, 66.419, 67.6291, 45.4188, 31.8435, 23.4725, 1.9661, 0.5751, 1.3895, 19.2644, 33.6408, 18.3724, 21.0883, 11.6625, 30.1905, 36.8036, 2.5878, 5.6067, 58.4056, 0.5751, 0, 18.1143, 23.0022, 27.205, 26.3604, 8.6258, 25.8775, 237.2433, 38.2322, 80.373, 62.6152],
      [6.1253, 2.1304, 0, 18.5849, 4.123, 3.2314, 3.0049, 2.1751, 1.9101, 1.9701, 0.142, 1.4117, 0.2682, 2.2372, 0, 2.3073, 8.0316, 1.5026, 3.506, 4.274, 0.2867, 0.7346, 5.0086, 0.0668, 0.2453, 1.5788, 2.3277, 3.1721, 2.9968, 0.2996, 4.9295, 31.9673, 4.7749, 11.5198, 21.2429],
      [0.4204, 0.0419, 0.0021, 0.065, 0.0545, 0.0503, 0.1011, 0.0398, 0.0612, 0.065, 0.0063, 0.0021, 0.0021, 0.0231, 0.0901, 0.0901, 0.0356, 0.0253, 0.059, 0.0719, 0.0189, 0.0124, 0.0147, 0.0133, 0, 0.021, 0.0699, 0.1635, 0.0587, 0.0419, 0.0587, 0.3689, 0.0713, 0.2138, 0.0461]
    ],
    [
      [21.3367, 7.1534, 0.1957, 15.0727, 5.5266, 17.9429, 12.3831, 10.1135, 33.0816, 11.5492, 1.0705, 0.1957, 2.5282, 5.0259, 12.9195, 14.0939, 9.8711, 4.1107, 16.6387, 19.3792, 5.2547, 2.5392, 9.5869, 0, 0, 4.1604, 14.2206, 23.4899, 6.1239, 9.396, 9.2002, 89.8876, 12.1365, 20.5537, 5.0895],
      [1.9035, 0.9245, 0.9749, 0.608, 0.7475, 9.5755, 1.1945, 1.0712, 1.448, 0.5012, 0.0891, 0, 1.024, 2.5275, 1.37, 0.724, 0.8979, 0.5569, 1.4103, 2.3505, 0.2697, 0.245, 0.9248, 0.0223, 0, 0.7574, 0.9133, 2.1116, 1.1472, 0.3853, 1.0173, 7.1952, 1.5148, 3.8426, 2.0271],
      [202.2614, 92.5764, 7.3677, 115.7235, 78.8253, 187.2203, 130.1216, 119.5954, 243.9238, 116.5765, 7.5044, 3.2746, 7.8765, 91.9686, 147.3549, 68.8866, 79.9764, 44.5185, 146.1559, 249.6846, 23.2085, 25.3778, 105.8718, 5.4529, 0, 73.3324, 145.5853, 211.6888, 90.8688, 31.5663, 103.6285, 883.2257, 124.6038, 311.9002, 112.3143],
      [0, 0.6994, 0.029, 0.9753, 0.6524, 0.867, 0, 0, 0, 0.9618, 0.0381, 0.0971, 0.0807, 0.7192, 0, 0.6928, 1.9001, 0.4069, 1.4903, 7.5065, 0.2186, 0.2423, 0.5882, 0.0396, 0, 0.4236, 0.8411, 1.843, 0.7466, 0, 6.0406, 8.5501, 1.0358, 2.5761, 1.0514],
      [21.4984, 9.6463, 0.4326, 12.6205, 11.2482, 10.3942, 11.3007, 8.2198, 26.5466, 13.4113, 1.2979, 0.4326, 0.4906, 4.7588, 18.3557, 18.6027, 7.3546, 5.407, 17.3049, 26.0792, 6.0485, 2.5957, 3.0284, 2.4852, 0, 4.3262, 16.4396, 34.8667, 12.1134, 8.6524, 12.1134, 76.1414, 14.7091, 44.1274, 9.5177]
    ],
    [
      [22.7241, 2.1371, 0.0561, 5.8573, 3.088, 2.8635, 2.5827, 2.4704, 9.4887, 3.3126, 0.1261, 0.0561, 0.3369, 1.2914, 8.2219, 5.5613, 4.3281, 0.8888, 5.8696, 0.89, 4.3698, 0.786, 3.2383, 0, 0, 1.6127, 5.7282, 6.5228, 2.302, 2.695, 2.6389, 27.5678, 0, 0, 1.4598],
      [22.8093, 10.9961, 0.981, 13.1402, 13.3133, 25.875, 16.0646, 13.2728, 17.8154, 2.9832, 0.5549, 0, 1.2263, 12.9338, 25.4842, 9.4105, 12.9988, 6.1315, 16.8405, 18.8475, 1.3379, 2.6979, 13.2441, 0.2453, 0.2453, 17.8231, 10.0557, 12.5083, 26.1318, 4.8823, 10.6568, 79.2193, 12.5117, 36.8647, 12.9352],
      [67.5105, 15.8532, 1.2271, 16.4029, 14.5267, 23.7586, 31.1815, 22.8651, 35.9745, 15.1151, 0.7555, 0.2765, 1.1412, 18.0033, 28.1348, 11.6866, 13.4142, 7.4185, 23.9918, 27.1791, 3.5568, 2.5828, 37.8773, 0.724, 0, 25.3268, 19.9885, 21.4896, 18.7339, 6.199, 17.1743, 151.633, 13.4273, 22.6492, 20.9325],
      [672.677, 425.8741, 17.6288, 1076.2832, 690.0469, 527.9355, 406.3897, 355.359, 930.9724, 426.2727, 22.3929, 11.5604, 43.1887, 440.5948, 694.9449, 501.4283, 717.4402, 241.2932, 910.9911, 1261.0927, 105.7727, 145.2914, 362.8914, 21.5943, 8.7547, 261.1536, 512.1624, 824.135, 560.4095, 235.0841, 807.7077, 5221.7518, 595.9772, 1338.5538, 627.319],
      [4.2791, 2.1396, 0.107, 3.3163, 4.0251, 2.5675, 2.7814, 2.0326, 5.7491, 3.3163, 0.1707, 0.107, 0.107, 1.1768, 11.2142, 16.9132, 1.8186, 1.268, 4.307, 5.9908, 0.9628, 0.6419, 0.7488, 0.4364, 0, 1.0838, 4.0652, 8.3443, 8.4228, 2.1396, 5.8224, 18.8282, 3.0838, 6.9323, 2.3535]
    ],
    [
      [7.6776, 3.6527, 0.0702, 5.4236, 2.8098, 4.7766, 4.004, 4.1444, 11.9038, 4.1558, 0.494, 0.0704, 0.4226, 2.1306, 6.1113, 5.0714, 2.88, 1.4751, 5.9871, 6.9732, 1.2679, 0.7024, 1.7071, 0, 0, 1.4751, 3.2313, 9.1318, 2.8879, 3.5357, 3.3105, 34.5843, 4.3671, 7.3958, 1.8313],
      [1.3, 2.6874, 0.0144, 1.0545, 0.5778, 3.0118, 0.8234, 1.0509, 1.1107, 0, 0.0684, 0, 0.0867, 0.6408, 1.2567, 0.65, 0.5922, 0.3033, 0.8971, 1.8634, 0.1878, 0.1444, 0.3467, 0.0144, 0, 0.3048, 0.6645, 1.8778, 1.8771, 0.52, 0.675, 5.5193, 1.162, 2.9476, 0.5922],
      [48.3279, 22.3416, 0.4296, 24.8554, 17.1578, 33.1649, 32.415, 36.5523, 40.8163, 19.334, 1.7186, 0.8593, 2.5767, 19.3898, 37.3792, 15.805, 17.1776, 9.0226, 30.0607, 55.4243, 5.5854, 4.2965, 10.3115, 0.4711, 0, 9.0226, 19.7637, 55.7916, 28.7862, 14.4502, 21.9925, 209.5991, 27.8937, 66.1654, 17.6155],
      [32.4989, 23.2053, 0.4835, 41.5295, 19.3397, 26.899, 19.6338, 17.1684, 40.9628, 21.3732, 1.7058, 1.0659, 2.901, 20.7902, 42.0628, 23.2835, 20.275, 10.1533, 42.8813, 64.4588, 5.9192, 4.8349, 11.6038, 0.4835, 0, 10.1533, 22.2406, 62.8539, 32.394, 17.4057, 30.8982, 251.5194, 31.427, 77.0403, 20.8719],
      [0.1956, 0.113, 0.0022, 0.137, 0.1149, 0.1478, 0.1239, 0.084, 0.2064, 0.137, 0.0133, 0.0044, 0.013, 0.0486, 0.1901, 0.1901, 0.0751, 0.0456, 0.1738, 0.2803, 0.0398, 0.0217, 0.0309, 0.0309, 0, 0.0442, 0.1, 0.3447, 1.0548, 0.0884, 0.1239, 0.7779, 0.1503, 0.4508, 0.0891]
    ],
    [
      [0.418, 0.2147, 0.0069, 0.6091, 0.3225, 0.3532, 0.3583, 0.3047, 1.1703, 3.305, 0.2608, 0.0069, 0.0119, 0.2986, 0.3941, 0.215, 0.5178, 0.1454, 0.5886, 0.6856, 0.0478, 0.1075, 0.2424, 0, 0, 0.1672, 0.5375, 0.831, 0.1911, 0.3324, 0.2508, 2.5917, 0.4293, 0.7271, 0.18],
      [12.6934, 7.6522, 1.3723, 18.4961, 9.792, 11.5546, 10.88, 9.8631, 35.1788, 8.5012, 1.4507, 0, 0.3627, 13.5346, 11.968, 6.528, 13.7814, 9.4294, 14.8224, 22.1227, 1.1163, 3.264, 7.6254, 0.3641, 0, 5.9233, 16.3201, 20.7955, 5.8027, 7.2534, 7.616, 78.6989, 21.0347, 48.2348, 15.9068],
      [0.4849, 0.291, 0.536, 0.7066, 0.3203, 0.4157, 0.6358, 0.546, 1.344, 0.4711, 0.0554, 0.0139, 0.0139, 0.3616, 0.4572, 0.2494, 0.3203, 0.3602, 0.5606, 0.8452, 0.0554, 0.1247, 0.5169, 1.7753, 0, 0.194, 0.6235, 0.7692, 0.2217, 0.148, 0.291, 3.0067, 0.8036, 1.8428, 0.4849],
      [8.1745, 4.9047, 0.6402, 16.6156, 6.306, 7.0067, 6.5669, 5.8389, 22.6432, 7.9409, 0.7212, 0.5346, 0.2336, 5.9099, 7.431, 4.204, 15.8228, 6.9598, 12.2455, 14.29, 0.9342, 2.8313, 3.5034, 2.8916, 0, 3.2698, 10.5101, 17.0497, 3.7369, 3.3747, 4.9047, 54.4575, 20.0632, 32.8691, 8.6394],
      [13.2292, 7.9375, 0.4446, 14.5726, 10.2591, 10.6698, 11.5589, 8.4473, 36.6637, 13.7818, 1.5119, 0.4446, 0.378, 4.8953, 12.7496, 6.8036, 7.5578, 9.1051, 17.783, 23.0565, 1.8463, 2.6725, 3.112, 3.969, 0, 4.4457, 17.0089, 33.5546, 6.0476, 8.8915, 7.9375, 78.2452, 15.669, 49.3261, 9.7888]
    ]
  ],
  "V_est": [
    [1422.4179, 18.3873, 1.1722, 204.3311, 11.6915],
    [31.1962, 2679.539, 1173.6978, 158.0871, 2.4799],
    [431.828, 52.2727, 4390.018, 41.3136, 472.5677],
    [141.072, 483.0385, 738.7117, 22002.9251, 137.2528],
    [155.6628, 34.8231, 956.5535, 1052.3173, 5.6434],
    [16.8231, 459.9395, 19.8469, 324.0259, 454.3646]
  ],
  "p_est": [
    [0.8579, 0.0111, 0.0007, 0.1232, 0.0071],
    [0.0077, 0.6624, 0.2902, 0.0391, 0.0006],
    [0.0801, 0.0097, 0.8148, 0.0077, 0.0877],
    [0.006, 0.0206, 0.0314, 0.9362, 0.0058],
    [0.0706, 0.0158, 0.4338, 0.4772, 0.0026],
    [0.0132, 0.3607, 0.0156, 0.2541, 0.3564]
  ],
  "EI_Z": {},
  "EI_V": 10.6692,
  "MAE_Z": {},
  "MAE_V": 270.8121,
  "MAE_p": 0.0829,
  "runtime": 5.582
}
