{
  "Z_true": {},
  "V_true": [
    [555, 43, 197, 403, 463, 36],
    [650, 209, 2447, 3923, 975, 135],
    [139, 773, 54, 1152, 17882, 222],
    [10, 56, 67, 3424, 197, 27],
    [107, 812, 91, 407, 1534, 294]
  ],
  "p_true": [
    [0.327, 0.0253, 0.1161, 0.2375, 0.2728, 0.0212],
    [0.0779, 0.0251, 0.2934, 0.4704, 0.1169, 0.0162],
    [0.0069, 0.0382, 0.0027, 0.057, 0.8843, 0.011],
    [0.0026, 0.0148, 0.0177, 0.9056, 0.0521, 0.0071],
    [0.033, 0.2502, 0.028, 0.1254, 0.4727, 0.0906]
  ],
  "Z_est": [
    [
      [13.2047, 19.2569, 0, 0.9474, 1.4698, 6.1579, 12.7894, 31.4701, 21.4778, 35.7628, 19.0545, 5.6874, 1.4683, 0, 0, 12.7894, 48.4167, 15.1578, 45.0478, 30.2608, 7.7028, 17.0561, 23.7679, 51.7185, 28.8946, 22.5581, 6.0522, 35.831, 35.2126, 11.3684, 31.9789, 3.8514, 0.9474, 0.5502, 0, 3.3012, 66.0237, 9.3935, 82.5296, 15.0076],
      [0.0304, 0.0845, 0, 0.0021, 0.0028, 0.0136, 0.0056, 0.0357, 0.0366, 0.0216, 0.0094, 0.0094, 0.0031, 0, 0, 0.0283, 0.1229, 0.0335, 0.0869, 0.0848, 0.0272, 0.046, 0.0523, 0.1229, 0.0488, 0.0666, 0.9846, 0.0921, 0.0769, 0.0251, 0.0712, 0.0122, 0.0021, 0.0038, 0, 0.0115, 0.1821, 0.0141, 0.1018, 1.0602],
      [0.1288, 0.161, 0, 0.009, 0.0135, 0.0587, 0.1219, 0.3026, 0.2394, 0.1288, 0.1987, 0.0542, 0.0135, 0, 0.2548, 0.1219, 0.518, 0.1445, 0.3749, 0.3658, 0.0805, 0.1581, 0.2258, 0.4562, 0.2523, 0.2258, 0.0903, 0.3975, 0.3542, 0.1084, 0.5385, 0.0322, 0.009, 0.0161, 0, 0.2362, 0.6092, 0.1084, 0.7814, 0.1626],
      [4.6894, 5.0702, 0, 0.3234, 0.4422, 2.1022, 7.05, 10.8342, 8.5703, 10.1617, 8.022, 1.9405, 0.4851, 0, 0.5413, 4.366, 15.5305, 5.1745, 13.4215, 14.12, 2.9107, 11.1032, 8.0852, 17.8913, 9.864, 9.1146, 5.6382, 14.23, 11.4055, 3.8809, 10.9959, 1.2394, 0.3234, 0.7293, 0, 2.6214, 28.1366, 5.952, 27.9749, 6.8439],
      [10.6572, 19.1573, 0, 0.7006, 1.0509, 4.554, 6.9707, 23.9836, 22.3228, 23.3642, 16.3207, 4.2037, 0.9884, 0, 0.1831, 9.4584, 25.7265, 11.2099, 23.072, 35.4415, 7.0296, 6.5119, 17.5155, 39.9594, 21.4003, 17.5155, 7.0062, 36.6804, 12.3691, 8.4075, 23.8211, 2.8025, 0.7006, 0.7006, 0, 3.8534, 77.7606, 8.4075, 60.1005, 12.6112],
      [0.2895, 0.27, 0, 0.0175, 0.0208, 0.1136, 0.0623, 0.3739, 0.3531, 0.5608, 0.3947, 0.1049, 0.0415, 0, 0.0208, 0.236, 0.6855, 0.2797, 0.997, 0.727, 0.2493, 0.1246, 0.3531, 0.8516, 0.5401, 0.5193, 0.2285, 0.7691, 0.5816, 0.2098, 0.5943, 0.0623, 0.0175, 0, 0, 0.9763, 1.2879, 0.1246, 1.512, 0.3146]
    ],
    [
      [0.498, 0.6908, 0, 0.1917, 1.4084, 0.4581, 0.4773, 1.0999, 0.8093, 1.3854, 0.4581, 0.3528, 0.083, 1.7785, 0, 0.5396, 1.8262, 8.239, 2.5305, 1.1414, 0.2905, 0.6433, 6.4924, 1.9507, 1.098, 0.8508, 0.2283, 1.3489, 1.3816, 0.5811, 0, 0.1453, 0.0415, 0.0208, 0, 0.1245, 2.4902, 0.3127, 3.1128, 0.3018],
      [22.5098, 34.9291, 0, 2.8491, 1.1643, 9.4754, 2.3286, 14.7478, 15.1359, 8.9263, 3.881, 3.881, 2.3286, 0.7929, 0, 19.9974, 50.8412, 33.8308, 58.2686, 32.2124, 11.2549, 19.0169, 24.3641, 50.8412, 20.1812, 27.5551, 11.643, 33.5703, 33.4784, 12.6047, 21.1817, 5.0453, 2.9898, 1.4446, 0, 8.5382, 73.351, 5.8215, 41.9149, 13.5835],
      [46.5707, 58.2133, 0, 16.5508, 7.7618, 37.3913, 28.1364, 71.7964, 79.5582, 46.5707, 43.5653, 21.3449, 5.1289, 1.9458, 0.4678, 57.2431, 187.2529, 140.0547, 254.1982, 117.3969, 29.1067, 45.6004, 98.9866, 164.9377, 91.2144, 67.9155, 17.4534, 123.2182, 128.1215, 52.392, 71.8453, 11.6427, 4.8511, 3.3229, 0, 66.2045, 220.2404, 34.2717, 248.3177, 33.6163],
      [94.3333, 80.3019, 0, 18.8137, 7.6297, 64.2916, 44.221, 114.4177, 122.9981, 101.4746, 70.1336, 37.75, 4.2018, 3.5096, 0.5212, 96.418, 263.7824, 178.4763, 361.8331, 222.0426, 51.1328, 104.1123, 146.1878, 290.8176, 167.3231, 185.3492, 36.4825, 228.0907, 198.0478, 70.0585, 110.36, 15.2922, 8.86, 5.2118, 0.9132, 88.0792, 388.2185, 44.8213, 246.4417, 34.0816],
      [14.7697, 14.1905, 0, 1.882, 0.9071, 13.4447, 3.4503, 23.6197, 15.3088, 22.1654, 5.5148, 2.9325, 0, 0.9732, 0, 8.0971, 15.047, 20.6874, 12.9872, 46.5309, 5.6695, 0.8542, 14.7796, 44.172, 18.8344, 13.0429, 2.776, 20.4872, 14.78, 5.9469, 8.2531, 1.4881, 0, 0, 0.0868, 0, 47.7142, 0, 0, 0],
      [2.3184, 1.6744, 0, 2.7127, 0.1288, 0.9389, 0.3864, 2.3184, 2.1896, 3.4776, 2.4472, 0.7389, 0.2576, 0, 0.011, 2.7048, 4.2504, 2.7118, 6.1824, 4.6759, 1.5456, 0.7728, 2.1896, 5.2808, 3.3488, 3.2864, 1.4168, 4.2848, 4.1907, 1.4168, 2.36, 0.3864, 0.2576, 0, 0, 6.0536, 7.9857, 0.7728, 7.2128, 1.4168]
    ],
    [
      [0.4687, 0.6835, 0, 0.0391, 0.299, 0.1961, 0.3238, 0.817, 0.7422, 1.2694, 0.5743, 0.3937, 0.8133, 0.0586, 0, 1.0173, 1.7179, 0.8007, 11.4312, 1.0741, 0.2734, 0.6054, 1.0351, 1.8358, 1.2967, 0.8007, 0.2148, 1.2694, 1.2499, 2.6022, 1.0936, 0.1989, 0.0603, 0.0195, 0, 0.1172, 2.3436, 0.332, 2.9294, 0.4297],
      [1.0923, 1.303, 0.4035, 0.061, 0.0434, 0.1884, 0.0869, 0.5501, 0.5646, 0.333, 0.1448, 0.1448, 0.0894, 0.029, 0, 1.7642, 1.8965, 1.1437, 2.1716, 1.1947, 0.4198, 0.7094, 0.6017, 1.8965, 0.7528, 1.0279, 0.8067, 1.2306, 1.1871, 0.4922, 1.0354, 1.8899, 0.6398, 0.7209, 0, 0.3273, 3.5941, 0.2172, 1.5635, 8.5256],
      [1.2164, 1.5205, 0, 0.4308, 0.2027, 0.4975, 0.6908, 1.773, 2.0466, 1.2164, 1.1404, 0.5575, 0.847, 0.0507, 0.2756, 1.5315, 4.8909, 3.6491, 7.0991, 3.0252, 0.7602, 1.1591, 2.5848, 4.308, 2.3821, 1.7739, 0.4561, 3.1622, 3.345, 1.3684, 2.7344, 0.3041, 0.1311, 2.6564, 0, 21.4251, 5.7525, 2.8421, 6.4874, 9.1688],
      [16.9216, 2.2069, 0.9572, 0.9035, 0.8383, 3.576, 5.0856, 12.7978, 12.3247, 15.5131, 10.4707, 5.6618, 1.9339, 0.2794, 0.8148, 18.5488, 30.1913, 17.0309, 20.7355, 26.7693, 0, 20.7549, 10.0182, 14.9759, 20.566, 22.6548, 6.02, 24.6202, 21.5692, 8.5412, 19.655, 2.1343, 6.6058, 2.699, 0.0868, 16.6736, 64.203, 6.4827, 66.5903, 13.9954],
      [786.2266, 896.2521, 1.9515, 43.5526, 45.6139, 134.5292, 184.8051, 563.015, 510.2774, 584.5976, 394.6203, 272.2266, 33.3112, 15.5823, 2.7892, 697.8831, 842.2221, 639.3233, 764.4371, 1096.8452, 300.5151, 148.7555, 429.7192, 1288.8766, 893.9177, 727.6731, 226.4736, 926.634, 405.5756, 318.9672, 739.4267, 136.4649, 29.5337, 14.9042, 2.9132, 215.334, 2575.9449, 222.1103, 1094.2829, 270.8517],
      [0.0744, 0.034, 0.6877, 0.0131, 0.0026, 0.0128, 0.0078, 0.047, 0.0444, 0.0706, 0.0497, 0.0157, 0.0052, 0, 0.1204, 0.2551, 0.0813, 0.0523, 0.1254, 0.0915, 0.0314, 0.0157, 0.041, 0.1072, 0.0848, 0.0696, 0.0287, 0.0836, 0.0732, 0.0287, 0.0549, 0.0078, 0.0293, 0, 0, 0.1228, 0.162, 0.0157, 0.1464, 0.0287]
    ],
    [
      [0.0199, 0.0224, 0, 0.0045, 0.0016, 0.0157, 0.0096, 0.0259, 0.0317, 0.0173, 0.0176, 0.0141, 0.0006, 0.0003, 0, 0.0251, 0.0742, 0.0461, 0.1212, 0.0455, 0.0116, 0.0257, 0.0439, 0.0752, 0.0512, 0.0339, 0.0091, 0.0538, 0.053, 0.5803, 0.0406, 0.0038, 0.0019, 0.0008, 0, 0.005, 0.0993, 0.0141, 0.1242, 0.0048],
      [0.0003, 0.0009, 0, 0, 0, 0.0002, 0.0001, 0.0004, 0.0004, 0.0002, 0.0001, 0.0001, 9.5742e-06, 4.7871e-06, 0, 0.0005, 0.0013, 0.0008, 0.0018, 0.0008, 0.0003, 0.0005, 0.0005, 0.0013, 0.0005, 0.0359, 0.0003, 0.001, 0.0008, 0.0005, 0.0006, 0.0001, 0.0001, 0, 0, 0.0006, 0.0018, 0.0001, 0.0006, 0.0001],
      [0.0003, 0.0004, 0, 0.0001, 0, 0.0003, 0.0002, 0.0004, 0.0006, 0.0003, 0.0003, 0.0002, 0, 5.4483e-06, 0, 0.0004, 0.0014, 0.001, 0.0021, 0.0009, 0.0002, 0.0003, 0.0007, 0.0012, 0.0007, 0.0005, 0.0001, 0.0009, 0.001, 0.0187, 0.0007, 0.0001, 0, 0, 0, 0.0344, 0.0016, 0.0018, 0.0007, 0.0001],
      [68.8004, 69.6584, 0, 13.9595, 4.9855, 48.8582, 29.9902, 80.7656, 98.7135, 53.8438, 54.841, 40.8806, 1.9942, 0.9971, 0, 78.7714, 231.3287, 143.583, 377.9034, 198.3985, 49.944, 76.9735, 102.702, 234.32, 159.5103, 212.3837, 40.8814, 210.3895, 144.7436, 94.157, 126.6325, 11.9653, 5.9837, 3.9917, 0, 120.6499, 376.6302, 52.8481, 127.6296, 14.9566],
      [0.1791, 0.3179, 0, 0.0359, 0.0128, 0.1256, 0, 0.2077, 0.2538, 0.1384, 0.141, 0.1051, 0.0051, 0.0026, 0, 0.2025, 0.5944, 0.3691, 0.9715, 0.5543, 4.0439, 0, 0.2529, 0.6024, 0.4374, 0.546, 0.1091, 0.5548, 0.2017, 0.2435, 0.3255, 0.0308, 0.0143, 0.0074, 0, 0.3102, 1.267, 0.1359, 0.2449, 0.0384],
      [0, 0, 0, 0, 0, 0, 0, 0, 0, 0, 0, 0, 0, 0, 0, 0, 0, 0, 0, 0, 0, 0, 0, 0, 0, 0, 0, 0, 0, 0, 0, 0, 0, 0, 0, 0, 0, 0, 0, 0]
    ],
    [
      [9.8086, 14.3464, 0, 0.8174, 3.8213, 6.1722, 9.3999, 19.5872, 15.939, 26.5651, 13.8956, 10.5521, 1.6348, 1.1626, 0, 11.6286, 35.965, 16.7564, 40.8693, 22.4781, 5.7217, 12.6695, 21.6607, 38.4198, 18.6595, 16.7564, 4.4956, 26.4969, 26.1029, 12.8681, 22.8868, 2.8006, 0.9489, 0.4087, 0, 2.4522, 49.0432, 6.9478, 61.304, 6.2562],
      [34.3672, 53.6827, 0.5965, 2.0878, 1.7894, 12.3224, 3.5788, 22.666, 23.2625, 13.7189, 5.9647, 5.9647, 3.5788, 1.1781, 0, 32.2096, 78.1381, 43.9912, 89.4711, 49.5073, 17.2977, 29.2272, 36.9814, 78.1381, 31.0167, 42.3145, 16.5654, 50.106, 47.2567, 20.8775, 40.7111, 6.0525, 5.3683, 1.8307, 0, 13.1224, 111.8709, 8.9471, 64.4192, 11.8306],
      [0.0838, 0.1048, 0, 0.0092, 0.0219, 0.0522, 0.0506, 0.1275, 0.1552, 0.0839, 0.0953, 0.0432, 0.0105, 0.0035, 0.0017, 0.103, 0.3369, 0.1506, 0.3257, 0.2112, 0.0524, 0.0821, 0.202, 0.2968, 0.1506, 0.0842, 0, 0.2213, 0.1782, 0.1125, 1.8811, 0.0209, 0.0087, 0.0046, 0, 0.0999, 0.3963, 1.776, 0.4128, 0.0522],
      [8.2553, 14.7625, 0.0428, 0, 1.1044, 4.172, 4.6532, 10.1846, 12.3933, 13.0068, 12.5327, 5.7672, 0.385, 0.2139, 0.1227, 10.8958, 24.1672, 4.7352, 25.1065, 17.6696, 6.0126, 10.056, 13.0068, 26.9953, 10.7367, 13.4976, 3.978, 17.6696, 14.2339, 7.3624, 14.3566, 1.3688, 1.2271, 0.3681, 0, 7.9759, 36.8118, 5.8958, 27.3634, 3.1225],
      [20.1674, 34.0821, 0.0485, 0.8288, 1.4152, 5.3464, 3.7739, 15.174, 34.8372, 29.7344, 13.4032, 19.5322, 0.6953, 0.4419, 0.0277, 16.3589, 27.41, 15.4103, 15.5322, 24.6281, 9.7418, 3.8783, 19.7327, 41.3896, 15.4103, 16.2225, 5.635, 22.6436, 5.0737, 9.4348, 19.1735, 2.2138, 0.7514, 0.3878, 0, 1.5024, 49.3133, 5.3464, 22.3717, 3.4986],
      [15.3177, 11.0216, 2.3123, 2.2568, 0.8478, 5.9347, 2.5434, 15.2606, 14.4128, 22.891, 16.1085, 5.1406, 1.6956, 0, 0.8478, 17.8041, 27.9828, 16.9563, 40.6951, 29.5056, 10.1738, 5.0869, 14.4163, 34.7604, 22.0263, 21.1247, 9.326, 26.8625, 23.1545, 9.3447, 17.9908, 2.5434, 1.6956, 0, 0, 39.8473, 52.5645, 5.0869, 47.1288, 9.2398]
    ]
  ],
  "V_est": [
    [774.1647, 3.6127, 8.0531, 291.7855, 604.519, 14.865],
    [45.3828, 736.4806, 2734.4071, 4307.0319, 421.3934, 94.3043],
    [41.4275, 40.8433, 105.4635, 552.4076, 19478.9356, 2.9225],
    [1.7255, 0.0532, 0.0728, 3765.5657, 13.5828, 0],
    [598.2995, 1112.0103, 8.0036, 392.2094, 532.5691, 601.9082]
  ],
  "p_est": [
    [0.4562, 0.0021, 0.0047, 0.1719, 0.3562, 0.0088],
    [0.0054, 0.0883, 0.3279, 0.5165, 0.0505, 0.0113],
    [0.002, 0.002, 0.0052, 0.0273, 0.9633, 0.0001],
    [0.0005, 0, 0, 0.9959, 0.0036, 0],
    [0.1844, 0.3427, 0.0025, 0.1209, 0.1641, 0.1855]
  ],
  "EI_Z": {},
  "EI_V": 12.4686,
  "MAE_Z": {},
  "MAE_V": 309.9191,
  "MAE_p": 0.0578,
  "runtime": 5.225
}
