{
  "Z_true": {},
  "V_true": [
    [3, 21, 199, 984, 15],
    [485, 508, 694, 196, 29],
    [820, 5253, 2419, 964, 263],
    [110, 107, 8125, 12513, 243],
    [95, 249, 712, 594, 429]
  ],
  "p_true": [
    [0.0025, 0.0172, 0.1628, 0.8052, 0.0123],
    [0.2537, 0.2657, 0.363, 0.1025, 0.0152],
    [0.0844, 0.5405, 0.2489, 0.0992, 0.0271],
    [0.0052, 0.0051, 0.3851, 0.5931, 0.0115],
    [0.0457, 0.1198, 0.3425, 0.2857, 0.2063]
  ],
  "Z_est": [
    [
      [0.0087, 0.0017, 0, 0.0183, 0.0224, 0, 0.0162, 0.0036, 0.0107, 0.0155, 0, 0.0153, 0.0048, 0.0031, 0.0069, 0.0037, 0.0151, 0.0137, 0.0003, 0.0109, 0.0071, 0.0222, 0.009, 0.0073, 0.0178, 0.0102, 0.0073, 0.0035, 0.0051, 0.0121, 0.0081, 0.0067, 0.0391, 0.0086, 0.0541, 0.0397],
      [0.2705, 0.0421, 0.0628, 0.5681, 0.8363, 0.1874, 1.1777, 0.3509, 0.4441, 0.7211, 0.0756, 0.5978, 0.1123, 0.2109, 0.2573, 0.1405, 0.5856, 0.4264, 0.0914, 0.3698, 0.2699, 0.6723, 0.2411, 0.4462, 0.7155, 0.429, 0.2691, 0.1756, 0.2255, 0.3388, 0.2899, 0.4224, 1.7344, 0.2518, 1.5717, 1.217],
      [2.9776, 0.588, 0.8369, 10.4483, 14.2232, 3.7437, 20.2296, 7.1449, 10.8277, 19.2239, 1.6684, 9.7742, 2.9688, 3.8603, 3.3373, 3.1628, 9.2698, 8.423, 0.7977, 7.5185, 4.9108, 12.6668, 3.9597, 9.3592, 15.1086, 9.9467, 6.0546, 4.5513, 5.8891, 8.4375, 9.2841, 5.118, 32.1531, 3.9453, 23.7333, 20.0319],
      [8.7115, 1.339, 4.1003, 32.8481, 46.7649, 12.0334, 65.3585, 23.4137, 34.6452, 52.8661, 4.256, 26.543, 9.8921, 8.8951, 7.37, 10.666, 20.0651, 19.0743, 1.0896, 20.0643, 16.7632, 46.5392, 8.7642, 31.1244, 52.0582, 30.5161, 19.6317, 13.2278, 21.8422, 30.1714, 27.3695, 3.3282, 82.8369, 6.7457, 59.3069, 25.5702],
      [0.0317, 0.0291, 0, 0.1173, 0.1532, 0.0354, 0.218, 0.0869, 0.0723, 0.1733, 0, 0.0697, 0.022, 0.0306, 0.0284, 0.0269, 0.0644, 0.0626, 0.021, 0.0366, 0.049, 0.0996, 0.0261, 0.0629, 0.1, 0.098, 0.0373, 0.0418, 0.038, 0.0403, 0.0483, 0.1247, 0.2365, 0.0486, 0.3341, 0.1412]
    ],
    [
      [12.8781, 8.5093, 0.7513, 27.3812, 30.0247, 7.7479, 22.8882, 11.1362, 15.8797, 23.3445, 5.9648, 11.7911, 20.1811, 17.6322, 30.5248, 9.1079, 75.8535, 61.6801, 0.9364, 47.8947, 38.5551, 33.4393, 5.8851, 14.1825, 22.7557, 12.5676, 8.0553, 7.2359, 7.0553, 19.484, 22.245, 1.5624, 73.5821, 17.519, 126.6318, 48.0753],
      [7.835, 2.7572, 1.2911, 11.2281, 15.3419, 8.1394, 14.8811, 7.8236, 8.5144, 12.7101, 2.0097, 6.4925, 6.9938, 12.2844, 16.3722, 4.8018, 40.9635, 18.3051, 0.0417, 21.7674, 19.5627, 13.3218, 1.9073, 9.2232, 12.0097, 6.7795, 4.0867, 4.4021, 3.9829, 8.0973, 11.18, 1.3526, 41.9037, 6.4625, 39.1286, 20.1839],
      [5.3837, 2.421, 0.7604, 13.0446, 16.5233, 10.235, 16.2291, 10.1413, 13.1959, 21.5537, 2.6449, 6.6808, 11.6239, 14.2093, 13.4477, 6.7895, 41.1623, 23.0299, 0.0206, 28.0613, 22.4867, 15.8961, 1.9602, 12.2655, 16.0694, 9.9152, 5.7881, 7.1712, 6.5714, 12.8087, 22.7471, 1.0482, 49.2494, 6.4042, 37.8577, 21.2271],
      [0.8894, 0.3125, 0.1971, 2.3384, 3.0998, 1.8699, 2.9919, 1.8942, 2.4054, 3.3793, 0.3807, 1.0336, 2.191, 1.8619, 1.6403, 1.2949, 5.0207, 2.9694, 0.0007, 4.2766, 4.3759, 3.3365, 0.2468, 2.3249, 3.1605, 1.7318, 1.0684, 1.1871, 1.3882, 2.61, 3.8228, 0.0362, 7.248, 0.6095, 5.3819, 1.4937],
      [0.0138, 0, 0, 0.0077, 0.0103, 0.0079, 0.0097, 0.0047, 0.0046, 0.0124, 0, 0.002, 0.0102, 0.0123, 0.015, 0.006, 0, 0.0155, 0.0006, 0, 0.0196, 0.0063, 0.0006, 0.0039, 0.0047, 0.0058, 0.0016, 0.0037, 0.0022, 0, 0.0051, 0.0006, 0.0168, 0.0047, 0, 0.02]
    ],
    [
      [7.7778, 3.4857, 0.1925, 22.2619, 31.517, 2.2521, 21.0373, 9.8374, 14.9266, 15.5813, 2.8872, 13.7433, 14.3768, 10.3452, 21.9939, 7.764, 37.4687, 39.2234, 3.0609, 21.8075, 16.183, 22.9488, 9.0009, 8.7795, 15.7704, 10.2884, 7.5888, 4.7496, 5.818, 13.8766, 11.1212, 4.9211, 30.8877, 14.2675, 93.0991, 28.8215],
      [85.1319, 21.1876, 17.0952, 168.6831, 295.5157, 103.4076, 260.3845, 143.4832, 147.9451, 156.8896, 18.9791, 140.1964, 91.6958, 140.0479, 211.7608, 76.2456, 367.2496, 226.6846, 9.2995, 179.969, 151.2373, 168.8031, 56.6344, 111.1081, 153.6554, 103.1159, 72.1256, 55.6943, 61.544, 105.1386, 102.9303, 107.3986, 322.6652, 99.0073, 557.4984, 222.317],
      [22.3133, 7.0029, 3.999, 76.0841, 123.4039, 49.4047, 110.0386, 71.7689, 89.007, 103.1965, 9.7362, 56.0529, 59.2773, 62.7821, 67.6034, 41.8142, 143.6366, 110.4566, 1.5623, 90.1468, 67.4105, 78.1088, 22.5221, 57.1351, 79.807, 58.5472, 39.6194, 35.089, 39.3572, 64.5834, 81.2679, 34.4148, 147.3525, 37.9811, 208.2377, 90.2688],
      [9.1392, 2.1639, 2.7133, 33.4111, 56.8791, 22.014, 49.7379, 32.8051, 39.6258, 39.6344, 3.3975, 21.2062, 27.2104, 20.1428, 19.3564, 19.4268, 42.462, 34.7799, 0.0958, 33.6145, 32.1494, 40.2258, 6.9436, 26.4966, 38.434, 24.9992, 17.8851, 14.2122, 20.3601, 32.1775, 33.4223, 0, 53.062, 8.6354, 72.2095, 15.2755],
      [4.6378, 5.1599, 0, 16.5598, 25.6843, 8.9216, 22.8017, 17.1055, 11.4956, 17.6982, 0, 7.8012, 8.4398, 9.682, 11.2856, 6.7494, 19.1831, 15.8555, 0.9816, 8.4623, 13.0198, 11.9136, 2.8991, 7.4808, 10.3332, 11.0492, 4.7812, 6.2548, 4.9207, 6.2239, 8.2584, 14.2655, 21.0326, 9.1088, 56.9553, 12.3172]
    ],
    [
      [0.3056, 0, 0, 0.2792, 0.3398, 0, 0, 0, 0.1378, 0, 0, 0.39, 0.3973, 0, 0.37, 0.1098, 0.5576, 0, 0, 0.2302, 0.2277, 0.5142, 0.0544, 0, 0.4014, 0.0909, 0.3158, 0, 0.0967, 0.5607, 0.5942, 2.4472, 0.3677, 0.1498, 0, 0.9739],
      [0.5685, 0.7231, 0, 1.9596, 2.471, 0.0212, 2.7883, 1.7414, 2.4629, 2.123, 0, 1.7954, 0.3491, 0.8261, 1.4074, 0.4793, 3.0573, 1.488, 0.4088, 3.0226, 1.6571, 3.8396, 1.6546, 2.409, 4.5992, 1.3373, 1.4363, 1.561, 1.7792, 2.3928, 2.8501, 10.956, 8.6259, 2.7301, 11.627, 8.0627],
      [40.9942, 23.3424, 2.6073, 215.2014, 238.4742, 109.4703, 286.5597, 201.5011, 257.0503, 269.7859, 14.1798, 194.6356, 100.9207, 108.6656, 93.197, 69.8657, 247.9687, 187.8145, 10.3955, 285.6157, 180.765, 369.0637, 137.9956, 251.2985, 472.4821, 181.4071, 174.2673, 229.2232, 197.4737, 241.0086, 342.2454, 211.3233, 879.7168, 144.2433, 646.6856, 398.594],
      [69.5593, 29.9345, 7.3927, 391.2522, 454.1551, 202.1755, 535.5765, 380.9678, 474.6745, 429.477, 20.8202, 305.0113, 193.3429, 144.5106, 118.1835, 135.7274, 309.0471, 245.2911, 7.7648, 440.1314, 357.3375, 788.8214, 176.4516, 482.7837, 943.0307, 321.2591, 326.1206, 384.8428, 424.3459, 497.0378, 583.8414, 60.1683, 1310.4464, 141.1577, 932.3557, 292.0451],
      [0.5724, 0, 0, 2.3076, 2.5599, 1.333, 3.0756, 1.7896, 1.6745, 2.6141, 0, 1.1678, 0.9901, 0.9976, 0.8421, 0.8178, 1.3693, 1.4064, 0.4309, 0, 2.0126, 2.7611, 0.8439, 1.5088, 2.4866, 1.9056, 0.8599, 2.373, 1.3046, 0, 1.4689, 1.1052, 5.8431, 1.7191, 6.3317, 3.3243]
    ],
    [
      [0.0299, 0.0033, 0.0562, 0.0593, 0.0961, 0, 0.0583, 0.0228, 0.0453, 0.0587, 0.148, 0.0604, 0.0401, 0.0195, 0.1044, 0.0146, 0.105, 0.0828, 0.0025, 0.0567, 0.0272, 0.0754, 0.0507, 0.0307, 0.0547, 0.0429, 0.0328, 0.0109, 0.0249, 0.0667, 0.0314, 0.0627, 0.1234, 0.0551, 0.2151, 0.0896],
      [4.1941, 0.2901, 0.5508, 7.5611, 14.8351, 7.2444, 13.7685, 9.6009, 7.6335, 10.5561, 0.9356, 9.918, 3.849, 5.6307, 13.2023, 2.3328, 16.144, 11.0958, 0.1586, 7.8712, 4.273, 9.3633, 5.5627, 6.8135, 9.0203, 7.3382, 5.0822, 2.167, 4.4684, 8.0324, 4.7497, 9.8705, 22.0708, 6.5483, 25.1744, 11.2193],
      [7.3311, 0.6457, 0.7963, 22.2217, 40.3755, 23.1463, 37.943, 31.4438, 29.9191, 45.24, 2.7707, 25.8565, 16.2093, 16.4828, 27.4146, 8.3678, 40.9626, 35.2761, 0.2238, 25.6578, 12.4268, 28.2647, 14.5625, 22.9417, 30.5329, 27.1838, 18.2707, 8.9654, 18.7086, 32.1619, 24.4556, 19.0956, 65.5281, 16.4261, 61.4857, 29.8782],
      [3.7006, 0.25, 0.5967, 12.1502, 23.1011, 12.9072, 21.3353, 17.9192, 16.6492, 21.6432, 1.1457, 12.2059, 9.3637, 6.5896, 10.4498, 4.8849, 15.4051, 13.8852, 0.0491, 11.9132, 7.374, 18.0772, 5.5938, 13.2705, 18.3165, 14.4937, 10.2942, 4.5301, 12.0635, 20.0032, 12.544, 1.4672, 29.4068, 4.8516, 26.7459, 6.6156],
      [4.7443, 2.811, 0, 16.0076, 27.5922, 13.7021, 25.895, 25.0133, 12.7529, 25.5021, 0, 11.9593, 7.5379, 8.2775, 14.8289, 4.3999, 18.3833, 16.6601, 0.566, 8.5012, 7.899, 14.2194, 6.2302, 9.9436, 13.0756, 16.9414, 7.3201, 5.3266, 7.7345, 10.7358, 8.2194, 30.504, 30.8709, 13.1189, 56.3789, 13.1973]
    ]
  ],
  "V_est": [
    [0.4287, 16.7988, 316.1745, 885.7922, 2.8058],
    [900.939, 424.1383, 506.6244, 80.0699, 0.2283],
    [599.6624, 5312.7253, 2440.9896, 946.304, 419.3188],
    [9.912, 95.2109, 8016.0387, 12917.0413, 59.797],
    [2.058, 289.1266, 869.1727, 421.7926, 496.8501]
  ],
  "p_est": [
    [0.0004, 0.0137, 0.2587, 0.7249, 0.0023],
    [0.4712, 0.2218, 0.265, 0.0419, 0.0001],
    [0.0617, 0.5466, 0.2512, 0.0974, 0.0431],
    [0.0005, 0.0045, 0.3799, 0.6122, 0.0028],
    [0.001, 0.1391, 0.4181, 0.2029, 0.239]
  ],
  "EI_Z": {},
  "EI_V": 3.9976,
  "MAE_Z": {},
  "MAE_V": 115.227,
  "MAE_p": 0.0388,
  "runtime": 0.057
}
