{
  "Z_true": {},
  "V_true": [
    [20, 75, 407, 442],
    [147, 1703, 540, 275],
    [280, 5752, 327, 398],
    [177, 756, 14713, 427],
    [1398, 1110, 539, 244],
    [144, 435, 662, 462]
  ],
  "p_true": [
    [0.0212, 0.0794, 0.4311, 0.4682],
    [0.0552, 0.639, 0.2026, 0.1032],
    [0.0414, 0.8513, 0.0484, 0.0589],
    [0.011, 0.047, 0.9154, 0.0266],
    [0.4248, 0.3373, 0.1638, 0.0741],
    [0.0846, 0.2554, 0.3887, 0.2713]
  ],
  "Z_est": [
    [
      [0.1119, 1.9992, 3, 0.2954, 1.9896, 0, 5, 3, 0.1964, 1.5977, 0.9953, 1.677, 2, 3, 1.9989, 2, 0.5961, 0.5909, 0.9604, 1.9995, 0.5257, 7, 1.9996, 0.9122, 3, 3, 4, 2, 0, 2, 0.9998, 0, 3, 3, 3, 2, 4, 2, 1.9999, 3, 0.9995, 3, 3, 3, 2, 0.4337, 3, 2, 2, 2, 3, 3, 1.9974, 4, 3, 0, 3, 0.9584, 0.9719, 1.9726, 0, 0.8999, 2, 7, 3, 4, 0.5772],
      [0.0258, 0.0001, 5, 1.3335, 1.9937, 0, 18, 6, 0.0477, 0.5632, 0.9997, 0.1982, 10, 4, 1, 1, 0.7203, 0.7303, 0.0253, 1.9997, 0.365, 17, 2.9996, 0.0303, 4, 5, 7, 2, 0, 2.9999, 0.9999, 0, 3, 4, 3, 4, 12, 4, 1, 7, 0.0002, 7, 13, 10, 3, 0.1711, 6, 5, 2, 3, 4, 7, 0.9988, 14, 5, 0, 5.8518e-08, 0.0261, 0.5615, 1.0299, 0, 0.9845, 1, 27, 4, 13, 0.0644],
      [0.7102, 6.0007, 12, 5.3335, 9.0127, 0, 12, 4, 2.7533, 2.8253, 1.0026, 1.1106, 25, 13, 1.001, 2, 1.6541, 0.3765, 0.0087, 9.0008, 0.0586, 32, 4.0007, 2.0012, 7, 6, 28, 13, 0, 7.0001, 3.9999, 0, 8, 4, 5, 5, 17, 5, 1.0001, 11, 0.0004, 8, 24, 11, 4, 0.3911, 6, 9, 4, 3, 5, 8, 3.0037, 29, 5, 0, 4, 6.0139, 3.3737, 6.9676, 0, 2.9022, 6, 55, 8, 20, 0.3138],
      [0.1521, 0, 3.3433e-08, 0.0376, 0.004, 0, 3, 1, 0.0026, 0.0138, 0.0025, 0.0142, 2, 1.7136e-10, 0.0001, 6.1101e-06, 0.0294, 0.3023, 0.0056, 0, 0.0507, 3, 0, 0.0564, 1, 1, 3, 1, 0, 8.6266e-07, 0.0003, 0, 7.1509e-08, 1, 7.9498e-09, 1, 2, 1, 0, 1, 1.8753e-06, 1, 2, 2, 1.8403e-07, 0.0041, 1, 6.8946e-11, 6.3393e-10, 5.6093e-10, 5.3752e-08, 1, 0.0001, 3, 1, 0, 4.1293e-08, 0.0016, 0.093, 0.0299, 0, 0.2134, 1.9384e-06, 5, 1, 2, 0.0447]
    ],
    [
      [0.6534, 0.0012, 4, 0.0213, 1.9898, 0.1636, 7, 3, 1.0016, 0.2454, 2.9784, 1.3788, 8, 3, 2.0029, 3, 0.3122, 0.4027, 1.969, 0.9998, 0.6929, 14, 1.9997, 0.0247, 2, 5, 3, 2, 0, 3.0003, 1.9999, 1.7032, 1, 3, 2, 4, 6, 3, 1.0001, 5, 4.0001, 6, 8, 6, 4, 0.4828, 6, 4, 3, 3, 1, 6, 1.9988, 6, 5, 0, 2, 0.9956, 0.2079, 0.0209, 0, 1.0255, 2, 18, 3, 14, 2.8562],
      [0.1571, 1.9991, 12, 0.6408, 2.9908, 1.0508, 25, 11, 17.8338, 2.4997, 6.0147, 6.976, 37, 16, 8.9946, 9, 2.7926, 1.3206, 3.0376, 2.9995, 3.242, 46, 11.0007, 0.7651, 15, 20, 4, 3, 0.6793, 6, 1.0005, 2.0994, 9, 11, 15, 7, 38, 7, 6, 25, 11.9983, 28, 54, 20, 16, 4.6914, 21, 19, 11, 12, 9, 23, 10.0092, 33, 16, 1.1657, 3, 0.0227, 0.6995, 3.9506, 0, 1.0078, 2.0002, 77, 16, 64, 11.3148],
      [3.0206, 5.9996, 27, 2.3021, 15.0194, 0.6254, 16, 8, 30.0134, 6.133, 6.0046, 10.4779, 93, 43, 9.0033, 12, 4.8669, 0.6205, 2.0106, 10.0003, 0.8295, 83, 16.9996, 4.1874, 21, 23, 15, 18, 2.2451, 12.9995, 6.9993, 3.0804, 18, 11, 20, 9, 51, 7, 3, 34, 8.0006, 28, 102, 23, 18, 5.6573, 21, 37, 22, 15, 9, 27, 17.9904, 65, 14, 0.266, 16, 4.9493, 1.841, 9.0005, 0, 1.8821, 12.9998, 155, 28, 99, 18.6905],
      [0.169, 0.0001, 2, 0.0359, 1, 0.1602, 4, 2, 0.1513, 0.1219, 1.0023, 1.1673, 8, 2, 0.9991, 1, 1.0282, 0.6561, 0.9828, 0.0004, 1.2357, 9, 2, 0.0228, 3, 4, 1, 1, 0.0756, 1.0002, 0.0003, 0.117, 1, 3, 3, 1, 6, 1, 1, 5, 3.001, 5, 9, 4, 4, 0.1685, 5, 3, 1, 2, 1, 4, 1.0017, 7, 3, 0.5683, 2, 0.0325, 0.2516, 0.028, 0, 0.0847, 1, 15, 4, 13, 1.1386]
    ],
    [
      [0.1885, 0, 3, 0.1006, 0.0051, 0.6807, 41, 16, 0.0067, 0.0486, 3.0066, 1.1084, 7, 4, 5.9967, 4.0001, 0.6915, 0.2085, 5.0294, 1.0015, 1.8827, 30, 2, 0.065, 8, 16, 5, 1, 0, 5.0003, 1.9994, 1.0323, 3, 11, 6, 10, 17, 7, 9.0001, 11, 6.9995, 18, 9, 17, 7, 1.9334, 18, 7, 7, 10, 11, 17, 2.0034, 13, 17, 0, 1, 0.0049, 0.2515, 0.0005, 0, 0.909, 0.0001, 44, 4, 27, 1.1363],
      [3.2747, 1.9999, 18, 4.9174, 4.9895, 5.1656, 173, 66, 3.3033, 2.2195, 16.993, 5.6784, 56, 22, 17.0006, 24.0001, 4.0523, 0.8733, 27.9865, 5.0019, 9.925, 105, 7.9998, 0.9609, 43, 63, 13, 6, 0.9819, 14.9995, 7.9994, 8.7255, 14, 50, 36, 39, 91, 38, 36.0001, 64, 41.002, 105, 77, 81, 38, 10.1799, 86, 36, 26, 55, 57, 87, 11.9994, 72, 56, 2.3042, 5, 1.9365, 0.4078, 3.0349, 0, 3.177, 2.9999, 208, 28, 143, 9.5476],
      [7.7444, 9.9994, 38, 12.3571, 12.9937, 2.4247, 115, 52, 9.7832, 10.7138, 13.9903, 10.3887, 134, 57, 25.0021, 34.9998, 10.7143, 0.4117, 18.0499, 16.9971, 3.0525, 190, 17.0001, 2.9453, 70, 78, 51, 26, 2.9072, 32.0001, 31.0014, 8.2018, 40, 51, 49, 43, 131, 37, 24.9999, 89, 24.9994, 108, 142, 91, 45, 15.3982, 84, 72, 63, 66, 65, 103, 22.9952, 154, 54, 0.4411, 16, 7.0346, 4.1719, 13.9761, 0, 7.5937, 10.9999, 413, 47, 218, 11.5901],
      [0.7924, 0.0008, 2, 1.6249, 1.0118, 0.729, 32, 14, 0.9068, 0.0182, 2.0101, 0.8245, 12, 3, 3.0006, 5, 1.5419, 0.5064, 7.9342, 0.9995, 4.1398, 21, 2, 0.0287, 11, 15, 6, 2, 0.1108, 3.0001, 1.9998, 2.0405, 4, 13, 8, 8, 17, 7, 6.9999, 12, 11.9991, 21, 13, 16, 9, 1.4884, 19, 6, 5, 11, 10, 16, 1.002, 17, 13, 1.2547, 2, 0.024, 0.1688, 0.9884, 0, 0.3203, 0.0001, 42, 7, 30, 0.7259]
    ],
    [
      [3.2235, 5.9991, 15, 1.5671, 5.0153, 0.4273, 29, 13, 4.7816, 4.0495, 3.998, 3.5572, 33, 19, 13.003, 9.9999, 2.8634, 0.3569, 3.0395, 5.9986, 0.4078, 79, 7.0003, 1.8138, 16, 23, 29, 8, 0, 15.9995, 8, 2.111, 13, 14, 14, 11, 33, 9, 6.9999, 24, 6.0003, 22, 31, 22, 12, 2.6932, 22, 20, 23, 17, 14, 25, 7.9952, 37, 18, 0, 13, 3.0077, 1.5016, 3.0031, 0.7047, 3.2359, 11.9998, 133, 12, 58, 3.973],
      [14.3066, 16.0004, 64, 13.809, 25.0188, 2.5233, 126, 53, 49.1697, 18.3077, 19.9794, 17.4046, 233, 98, 35.9951, 46, 19.6968, 1.223, 18.9221, 26.9992, 4.3243, 270, 31.9989, 4.9416, 80, 90, 72, 33, 6.8102, 40.0004, 34.9993, 13.9781, 61, 58, 78, 41, 178, 41, 28.9999, 135, 34.0032, 128, 239, 99, 58, 22.3078, 101, 92, 80, 87, 72, 126, 38.9923, 200, 58, 1.1185, 18, 6.9275, 4.8674, 24.9105, 0, 9.4172, 21, 616, 71, 301, 31.8475],
      [72.3994, 127.002, 151, 38.6255, 105.9735, 1.6202, 86, 45, 95.3392, 91.4573, 18.0268, 40.5912, 578, 287, 53.0014, 72.0002, 56.5071, 0.7467, 12.0686, 122.0018, 1.9595, 499, 61.0006, 62.153, 133, 111, 292, 179.0001, 33.8877, 94.0001, 148.0018, 16.9308, 165, 66, 112, 49, 256, 43, 22.0004, 194, 22.9982, 136, 456, 113, 71, 34.1204, 104, 188, 196, 111, 86, 149, 83.0129, 422, 58, 0.2062, 121.0001, 98.0549, 36.8638, 104.1105, 3.7078, 29.784, 139.0002, 1234, 127, 467, 54.7492],
      [5.0705, 10.9985, 11, 3.9984, 6.9924, 0.4293, 23, 11, 5.7096, 4.1855, 2.9958, 4.447, 54, 18, 8.0005, 11, 3.9328, 0.6735, 4.9698, 7.0004, 1.3083, 57, 8.0001, 2.0916, 21, 22, 34, 13.9999, 1.3021, 8, 12.9988, 3.9801, 16, 16, 18, 9, 33, 9, 5.9998, 27, 9.9982, 27, 43, 20, 15, 4.8786, 23, 15, 16, 17, 13, 23, 3.9996, 49, 13, 0.6753, 17.9999, 3.01, 4.7672, 10.9759, 0.5875, 2.5629, 12, 125, 20, 65, 2.4302]
    ],
    [
      [0.804, 0.0001, 1, 0.005, 0.0001, 0.3936, 22, 10, 0.0037, 0.0214, 1.0147, 0.1658, 3, 2, 4.9986, 2.0001, 0.0827, 0.1456, 0.9772, 0, 0.5762, 18, 1.0002, 0.0064, 4, 8, 4, 1.5409e-08, 0, 3.9998, 0.0001, 1.0834, 2, 5, 2, 5, 7, 2, 3.0001, 5, 2.0007, 6, 4, 6, 4, 0.0697, 7, 3, 3, 4, 5, 7, 2.0025, 5, 10, 0, 1, 0.0226, 0.033, 0.0026, 0.1674, 0.5188, 1, 23, 1, 7, 0.3073],
      [1.8134, 0.0005, 8, 1.8877, 2.0066, 3.1527, 93, 40, 4.0259, 2.3168, 8.006, 1.2313, 26, 10, 14.0105, 12.9999, 2.2409, 0.3674, 5.0744, 1.9995, 5.3271, 63, 5.0002, 0.2438, 22, 33, 11, 2, 1.1336, 9.9999, 2.0003, 6.1931, 9, 21, 12, 19, 39, 13, 12, 29, 12.9986, 36, 32, 30, 20, 1.8888, 35, 13, 11, 22, 24, 35, 7.9988, 29, 31, 0, 2, 0.039, 0.1852, 2.0304, 0, 1.929, 1.9999, 110, 10, 40, 2.0079],
      [5.8355, 5.9996, 20, 4.3685, 9.9951, 1.7752, 63, 34, 9.9673, 9.9132, 8.9766, 3.3874, 68, 29, 21.9911, 22, 6.984, 0.1878, 5.9052, 12.001, 2.1963, 115, 8.9998, 3.6459, 38, 41, 50, 16, 4.5138, 23.0004, 9.999, 7.7435, 24, 24, 20, 23, 57, 15, 10.9996, 42, 10.0007, 38, 61, 37, 25, 3.0844, 38, 28, 30, 29, 30, 45, 19.9971, 61, 32, 0, 19, 4.975, 3.3763, 8.9696, 0.6832, 6.0205, 16, 223, 21, 64, 3.8291],
      [0.5471, 1.9998, 2, 0.7388, 0.9982, 0.6784, 19, 9, 0.0032, 1.7487, 1.0026, 0.2155, 6, 3, 3.9998, 3, 0.6924, 0.2991, 1.0432, 1.9994, 2.9005, 15, 1.9998, 0.1038, 6, 9, 6, 1, 0.3526, 2.9999, 1.0006, 1.98, 3, 6, 2, 5, 9, 3, 2.0003, 7, 4, 9, 6, 6, 5, 0.9571, 9, 3, 2, 6, 5, 6, 1.0016, 8, 8, 0, 3, 0.9634, 0.4055, 1.9974, 0.1494, 0.5317, 2, 22, 3, 10, 0.8556]
    ],
    [
      [0.0187, 0.0004, 8.7569e-06, 0.0107, 0.0001, 0.3347, 7, 1, 0.01, 0.0375, 0.0071, 0.1129, 1, 8.9043e-10, 1.9999, 0, 0.4541, 0.2953, 1.0245, 0.0005, 0.9148, 8, 1.0002, 0.1779, 2, 3, 2, 3.3765e-08, 0, 1.0001, 0.0008, 0.0701, 1, 2, 1, 2, 3, 2, 2, 1, 2, 3, 2, 3, 1, 0.3871, 3, 2, 1, 2, 2, 3, 0.0027, 3, 4, 0, 8.239e-06, 0.0108, 0.0341, 0.0003, 0.1279, 0.411, 0.0001, 11, 1, 7, 0.15],
      [1.4225, 1, 3, 2.4115, 1.0007, 3.1077, 31, 7, 4.6197, 1.0931, 3.0072, 2.5115, 11, 4, 4.9991, 4, 0.4971, 1.4853, 6.9541, 1.0002, 5.8166, 27, 4.0007, 0.0583, 11, 12, 5, 2, 0.395, 3.0003, 3.0005, 3.0039, 5, 9, 10, 8, 17, 10, 7, 11, 13.9977, 22, 16, 15, 9, 1.761, 17, 9, 6, 10, 10, 17, 1.0014, 16, 12, 0.4116, 1, 0.0482, 0.2786, 2.0437, 0, 1.4844, 1, 53, 8, 38, 4.2178],
      [2.2899, 6.9988, 7, 4.0133, 5.0057, 1.5545, 20, 6, 3.1437, 5.9574, 1.9991, 5.0441, 29, 14, 8.0011, 6, 2.2736, 0.6568, 4.957, 3.9991, 1.9036, 50, 7.9991, 2.0672, 19, 14, 21, 14, 1.4462, 7.9998, 13.9986, 3.0435, 15, 10, 15, 10, 24, 10, 5.0001, 15, 9.0007, 23, 31, 17, 10, 3.3486, 17, 18, 14, 13, 12, 21, 3.0008, 33, 12, 0.0867, 8, 1.9724, 3.3733, 9.9756, 0.609, 2.8176, 8, 107, 14, 59, 6.8273],
      [0.269, 2.0007, 2, 0.5644, 1.9935, 1.0032, 7, 3, 0.2265, 0.9119, 1.9866, 2.3315, 5, 3, 2.9999, 3, 0.7752, 1.5626, 4.0643, 1.0003, 4.365, 7, 3, 0.6966, 5, 4, 4, 2, 0.1588, 1.9998, 3.0002, 1.8825, 4, 5, 5, 4, 4, 4, 3, 4, 6.0016, 6, 5, 5, 4, 0.5033, 6, 3, 3, 3, 3, 5, 1.995, 5, 4, 0.5017, 3, 0.9685, 1.314, 1.9804, 0.2631, 1.287, 3, 13, 4, 10, 1.805]
    ]
  ],
  "V_est": [
    [141.2559, 261.8688, 499.8169, 41.0584],
    [211.1285, 868.9548, 1425.7159, 159.2009],
    [479.2913, 2358.6375, 3429.8786, 489.1926],
    [1015.3269, 4743.8002, 9238.9028, 1074.9702],
    [222.4032, 1064.1095, 1737.3216, 267.1658],
    [96.5942, 533.6293, 856.3642, 216.4122]
  ],
  "p_est": [
    [0.1496, 0.2774, 0.5295, 0.0435],
    [0.0792, 0.3261, 0.535, 0.0597],
    [0.0709, 0.3491, 0.5076, 0.0724],
    [0.0632, 0.2951, 0.5748, 0.0669],
    [0.0676, 0.3233, 0.5279, 0.0812],
    [0.0567, 0.3134, 0.5029, 0.127]
  ],
  "EI_Z": {},
  "EI_V": 37.3261,
  "MAE_Z": {},
  "MAE_V": 977.7272,
  "MAE_p": 0.1806,
  "runtime": 0.5198
}
