{
  "X": [
    [22, 23, 200, 186, 16],
    [2, 3, 5, 17, 1],
    [1, 0, 4, 4, 0],
    [0, 1, 7, 5, 2],
    [8, 11, 67, 89, 17],
    [15, 28, 136, 182, 26],
    [14, 26, 101, 132, 17],
    [12, 21, 122, 279, 29],
    [35, 39, 260, 679, 47],
    [43, 88, 396, 793, 80],
    [4, 5, 29, 64, 6],
    [55, 76, 558, 773, 64],
    [15, 22, 112, 162, 29],
    [49, 49, 384, 477, 41],
    [68, 56, 628, 751, 65],
    [12, 21, 85, 182, 24],
    [20, 56, 228, 510, 48],
    [4, 5, 12, 38, 13],
    [9, 19, 131, 165, 13],
    [6, 7, 27, 40, 9],
    [19, 32, 146, 323, 34],
    [15, 6, 169, 204, 18],
    [9, 16, 47, 94, 9],
    [26, 30, 233, 438, 30],
    [13, 8, 74, 123, 9],
    [10, 19, 96, 195, 21],
    [32, 25, 121, 460, 48],
    [49, 30, 466, 642, 47],
    [28, 17, 111, 377, 30],
    [11, 9, 62, 131, 12],
    [46, 51, 367, 605, 44],
    [15, 22, 281, 290, 30],
    [30, 22, 123, 384, 33],
    [20, 18, 174, 340, 33],
    [35, 33, 360, 443, 35],
    [14, 13, 83, 138, 18],
    [7, 9, 67, 257, 22],
    [27, 29, 177, 420, 39],
    [2, 2, 10, 25, 4],
    [13, 5, 91, 315, 35],
    [32, 55, 307, 782, 69],
    [10, 26, 90, 161, 15],
    [42, 76, 398, 827, 64],
    [13, 8, 102, 366, 24],
    [28, 36, 285, 437, 30],
    [9, 9, 63, 84, 11],
    [14, 8, 131, 253, 53],
    [42, 66, 533, 964, 86],
    [9, 21, 107, 210, 24],
    [71, 142, 539, 1025, 130],
    [4, 37, 100, 191, 29]
  ],
  "W": [
    [57, 40, 123, 123, 30, 33, 41],
    [4, 3, 13, 3, 3, 1, 1],
    [0, 0, 3, 5, 0, 1, 0],
    [1, 0, 4, 7, 2, 1, 0],
    [8, 16, 65, 39, 23, 17, 24],
    [19, 22, 161, 107, 29, 22, 27],
    [32, 38, 92, 63, 12, 26, 27],
    [13, 29, 214, 86, 45, 39, 37],
    [23, 53, 554, 187, 101, 62, 80],
    [71, 138, 595, 285, 128, 68, 115],
    [8, 12, 37, 30, 7, 3, 11],
    [103, 139, 559, 388, 98, 136, 103],
    [23, 42, 109, 65, 27, 49, 25],
    [77, 75, 320, 272, 77, 104, 75],
    [117, 103, 596, 393, 143, 136, 80],
    [11, 27, 131, 66, 36, 22, 31],
    [60, 87, 355, 157, 60, 67, 76],
    [2, 6, 36, 10, 3, 4, 11],
    [11, 35, 119, 101, 21, 26, 24],
    [2, 9, 35, 23, 6, 7, 7],
    [19, 38, 249, 94, 63, 45, 46],
    [16, 6, 164, 113, 54, 28, 31],
    [10, 17, 74, 43, 12, 5, 14],
    [29, 55, 347, 136, 65, 64, 61],
    [4, 11, 101, 54, 15, 30, 12],
    [22, 31, 143, 76, 27, 19, 23],
    [8, 46, 391, 74, 61, 47, 59],
    [76, 49, 493, 312, 104, 112, 88],
    [17, 26, 294, 70, 53, 47, 56],
    [10, 15, 90, 44, 20, 25, 21],
    [47, 75, 484, 242, 85, 105, 75],
    [45, 48, 206, 213, 57, 39, 30],
    [18, 35, 291, 78, 48, 59, 63],
    [31, 35, 252, 116, 52, 50, 49],
    [48, 47, 344, 237, 76, 90, 64],
    [11, 23, 100, 63, 24, 17, 28],
    [4, 13, 218, 48, 39, 15, 25],
    [26, 53, 312, 134, 77, 37, 53],
    [1, 1, 24, 9, 2, 4, 2],
    [9, 15, 252, 60, 64, 24, 35],
    [29, 83, 646, 220, 98, 75, 94],
    [18, 32, 116, 64, 20, 23, 29],
    [77, 112, 605, 284, 137, 101, 91],
    [14, 16, 294, 62, 57, 24, 46],
    [52, 57, 316, 190, 63, 73, 65],
    [12, 18, 52, 31, 23, 19, 21],
    [1, 7, 211, 128, 44, 18, 50],
    [127, 115, 722, 342, 159, 95, 131],
    [24, 18, 174, 78, 30, 15, 32],
    [133, 199, 710, 437, 131, 127, 170],
    [32, 42, 150, 87, 11, 9, 30]
  ],
  "method": "mvn_pdf",
  "cond_prob": [
    [
      [0.018837290829, 0.063701131237, 0.83151216327, 0.085949414665, 0],
      [0.031882124249, 0.41270474684, 0.14813278374, 0.38353152411, 0.02374882106],
      [0.02244979811, 0.0036556127674, 0.077968055438, 0.86238948571, 0.033537047976],
      [0.021079584956, 0.0145494028, 0.84937687565, 0.093892081546, 0.021102055043],
      [0.036082875092, 0.00027916365863, 0.34218078762, 0.59557563594, 0.025881537688],
      [0.2876263971, 0.00051880422008, 0.56151062989, 0.14893730772, 0.0014068610673],
      [0.090797999477, 0.014539836149, 0.09316571719, 0.61840949742, 0.18308694977]
    ],
    [
      [0.058741191873, 0.20775295419, 0.56200004458, 0.16439750953, 0.0071082998357],
      [0.031862194508, 0.66059705538, 0.030132385859, 0.26152157165, 0.015886792607],
      [0.020706318505, 0.0015700884916, 0.016755046752, 0.91638233641, 0.044586209842],
      [0.078374630276, 0.048364487697, 0.63914308901, 0.19492201086, 0.03919578215],
      [0.070883905837, 0, 0.12834240492, 0.77326118365, 0.027512505589],
      [0.78738897874, 0.00029751743774, 0.11353142911, 0.096391966251, 0.0023901084671],
      [0.16510192134, 0.021394886209, 0.027799145429, 0.64393332381, 0.14177072321]
    ],
    [
      [0.032710271255, 3.619756772e-07, 0.81545635015, 0.15166076993, 0.00017224668727],
      [0.023499766806, 1.671018696e-06, 0.091147530856, 0.85842389215, 0.026927139169],
      [0.0065536934772, 0, 0.0067366988559, 0.98670960767, 0],
      [0.026271647638, 0, 0.77868941981, 0.19503893255, 0],
      [0.029178791206, 2.8523334194e-06, 0.12486754194, 0.84362614695, 0.0023246675753],
      [0.84898068138, 0, 0.086342804377, 0.064676514243, 0],
      [0.082728157637, 5.2497042893e-05, 0.032975771246, 0.88186731309, 0.002376260986]
    ],
    [
      [0, 0.39179635775, 0.54800818677, 0.060195455478, 0],
      [0, 1, 1.5782950712e-25, 5.6392344069e-29, 1.0401874012e-27],
      [0, 0.020287717944, 0.06431681091, 0.69398584445, 0.2214096267],
      [0, 0.070063745266, 0.70537819565, 0.12710105256, 0.097457006529],
      [0, 0.0076126503812, 0.24749396837, 0.53394926342, 0.21094411783],
      [0, 0.021381252851, 0.76208926331, 0.20625527199, 0.010274211849],
      [0.00063025918312, 0.006445282123, 0.0093956817462, 0.068523177856, 0.91500559909]
    ],
    [
      [0.013230971951, 0.089338323205, 0.82139990779, 0.074748530665, 0.001282266393],
      [0.019000946059, 0.52283513138, 0.12395225751, 0.29201952869, 0.042192136352],
      [0.020791080651, 0.0082892234542, 0.076876429467, 0.81899095859, 0.075052307833],
      [0.017133233568, 0.022060197055, 0.8352159828, 0.080455076807, 0.045135509771],
      [0.0264286539, 0.001327954876, 0.35607097329, 0.56007739615, 0.056095021782],
      [0.21429916207, 0.0015850614224, 0.63143038696, 0.14900208807, 0.0036833014658],
      [0.054982330877, 0.019303962343, 0.081301017034, 0.49761347428, 0.34679921546]
    ],
    [
      [0.015366729446, 0.22042562482, 0.68928351362, 0.073422063806, 0.0015020683152],
      [0.012635009041, 0.73914722642, 0.062239608074, 0.16511661421, 0.020861542249],
      [0.021878534226, 0.0050550147388, 0.078124226204, 0.82666225456, 0.068279970269],
      [0.020490364489, 0.050959658561, 0.79431247233, 0.089416108419, 0.044821396199],
      [0.032112831056, 0, 0.3263972156, 0.58979519437, 0.051694758977],
      [0.27102867336, 0.0013024173105, 0.56749470311, 0.15597711592, 0.0041970902957],
      [0.067453556161, 0.046499263978, 0.074611266092, 0.51024857417, 0.3011873396]
    ],
    [
      [0.018989259072, 0.11287349834, 0.75931744269, 0.1066047655, 0.0022150343908],
      [0.021753656328, 0.51420061285, 0.093493292848, 0.33776650178, 0.032785936186],
      [0.018941208075, 0.0061338251224, 0.053691956426, 0.86594531696, 0.055287693412],
      [0.022490892514, 0.027196327943, 0.78797223367, 0.11673681927, 0.045603726604],
      [0.030092128191, 0.00066873750278, 0.27087253781, 0.65505665909, 0.043309937407],
      [0.28004894503, 0.0012663485506, 0.52351003233, 0.19085368843, 0.0043209856581],
      [0.065326269956, 0.019622010393, 0.06316498884, 0.58923169827, 0.26265503254]
    ],
    [
      [0.010857511988, 0.12375241389, 0.73486706506, 0.12862975579, 0.0018932532754],
      [0.011058445756, 0.50953010147, 0.081960864027, 0.36412658945, 0.033323999293],
      [0.0074652318642, 0.0058674339068, 0.045753126427, 0.88722072309, 0.053693484717],
      [0.012212686536, 0.029806446751, 0.76447126005, 0.14183842283, 0.05167118383],
      [0.015417630034, 0.00069635151947, 0.23595745755, 0.70319011239, 0.044738448508],
      [0.1783904835, 0.0015196799934, 0.56126620047, 0.25378017242, 0.0050434636147],
      [0.033494176976, 0.019061001676, 0.054775628919, 0.62604922148, 0.26661997095]
    ],
    [
      [0.015995301801, 0.11349067259, 0.74826351141, 0.12107938836, 0.0011711258451],
      [0.017859936905, 0.49764463536, 0.090623443441, 0.37006341462, 0.023808569678],
      [0.01485713298, 0.0056477912155, 0.050026491315, 0.89309434906, 0.036374235429],
      [0.019114107916, 0.027601626703, 0.78455776843, 0.13468857414, 0.034037922812],
      [0.024200688378, 0.0006374592832, 0.25265669753, 0.6916478574, 0.030857297404],
      [0.24166047841, 0.0012717766497, 0.53206945497, 0.22212077894, 0.0028775110354],
      [0.055664029549, 0.019761684872, 0.063166064896, 0.66266073072, 0.19874748997]
    ],
    [
      [0.015793826338, 0.10954928881, 0.75488562853, 0.11814843479, 0.0016228215342],
      [0.018063734314, 0.4872765577, 0.093597111028, 0.36951843112, 0.031544165845],
      [0.01465238977, 0.0053837131628, 0.050752972893, 0.87990883275, 0.049302091428],
      [0.018625544275, 0.026325766984, 0.78163653894, 0.12947700262, 0.043935147183],
      [0.023974820363, 0.00059527497913, 0.25652472061, 0.67866689621, 0.04023828784],
      [0.23857483576, 0.0012193782315, 0.53876591439, 0.21749771458, 0.0039421570437],
      [0.052761088044, 0.018370171244, 0.061313392761, 0.62184355738, 0.24571179057]
    ],
    [
      [0.027750497616, 0.078727728376, 0.66628254679, 0.22413212103, 0.0031071061842],
      [0.026309325137, 0.29335363695, 0.064738295124, 0.58089589261, 0.034702850187],
      [0.017821273807, 0.0043467208918, 0.021889488848, 0.91691487185, 0.039027644602],
      [0.033942469799, 0.019677094079, 0.65897116857, 0.22922825496, 0.058181012595],
      [0.025551950716, 0.00069270255697, 0.13342769732, 0.80769177684, 0.032635872561],
      [0.33537208872, 0.00082685470373, 0.34836070688, 0.31130102649, 0.0041393232043],
      [0.054512997402, 0.0083148683859, 0.030432539799, 0.71324989963, 0.19348969479]
    ],
    [
      [0.014130226404, 0.077395723227, 0.79531077556, 0.11206986762, 0.0010934071844],
      [0.01934128779, 0.41287358537, 0.11851850883, 0.42030298931, 0.028963628707],
      [0.013775812324, 0.003614768109, 0.057341324208, 0.88587385939, 0.039394235968],
      [0.01642323518, 0.018052469145, 0.811301299, 0.12143099845, 0.032791998226],
      [0.022148748363, 0.00036036093939, 0.27995320912, 0.66557898188, 0.031958699703],
      [0.21499295088, 0.00076804639137, 0.57320013884, 0.2081636788, 0.0028751850881],
      [0.05217121048, 0.014310961737, 0.071646405547, 0.65222303671, 0.20964838552]
    ],
    [
      [0.012845844524, 0.089080860676, 0.77459437338, 0.12347892143, 0],
      [0.016501832345, 0.41795530295, 0.10106349076, 0.3997711925, 0.064708181453],
      [0.013007212989, 0.0057821020331, 0.05256405103, 0.84947305742, 0.079173576527],
      [0.015557217344, 0.020968738766, 0.75304425545, 0.13197129499, 0.078458493445],
      [0.019454335971, 0.0008870616512, 0.24585839906, 0.65545522839, 0.078344974923],
      [0.20803878125, 0.0017906364367, 0.55944039538, 0.23073018693, 0],
      [0.034531836879, 0.011684339571, 0.048461939424, 0.4878330785, 0.41748880563]
    ],
    [
      [0.018239620338, 0.089431756656, 0.777083673, 0.11422060987, 0.0010243401334],
      [0.02320642236, 0.44452912907, 0.10749253651, 0.39813376151, 0.026638150546],
      [0.016968543589, 0.0048238240212, 0.054732921103, 0.88533408162, 0.038140629669],
      [0.021104538828, 0.021560567686, 0.79982905328, 0.12490461903, 0.032601221177],
      [0.028289858254, 0.00055855787273, 0.26983263027, 0.67012461204, 0.031194341564],
      [0.26506031327, 0.0010373592529, 0.5303143724, 0.20098171733, 0.0026062377532],
      [0.065868098426, 0.016201035215, 0.068063632489, 0.6474976627, 0.20236957117]
    ],
    [
      [0.016523836469, 0.060888233717, 0.83563642126, 0.085877426953, 0.001074081598],
      [0.027572540381, 0.39727108532, 0.1517057632, 0.39173723636, 0.031713374741],
      [0.019856636462, 0.0025985651959, 0.076332878531, 0.85606335833, 0.045148561477],
      [0.018820180321, 0.013431476404, 0.84573573689, 0.092561429859, 0.029451176524],
      [0.030245092723, 5.8010374287e-05, 0.34283477857, 0.5934598551, 0.033402263237],
      [0.24849350302, 0.00035072199853, 0.59185413559, 0.15664860518, 0.0026530342195],
      [0.073446107577, 0.013423076351, 0.090234614064, 0.59805040771, 0.2248457943]
    ],
    [
      [0.016504523039, 0.15537414074, 0.70072003291, 0.12536339836, 0.0020379049423],
      [0.015244118007, 0.56913934302, 0.068640961253, 0.31326585804, 0.033709719679],
      [0.015684382473, 0.0055907600834, 0.043306619568, 0.87474699794, 0.060671239935],
      [0.020531355915, 0.037118838102, 0.74150179378, 0.14090916946, 0.059938842744],
      [0.024380240474, 0.00040767899957, 0.22738943918, 0.69577149978, 0.052051141572],
      [0.25506394007, 0.001489235065, 0.50467942901, 0.23361781523, 0.0051495806229],
      [0.048646455723, 0.022401602881, 0.04959744783, 0.5833418261, 0.29601266746]
    ],
    [
      [0.010756284999, 0.12304738256, 0.70778612824, 0.15636179581, 0.0020484083921],
      [0.010198848865, 0.46699168465, 0.074721231435, 0.41629710206, 0.031791132985],
      [0.0049123557563, 0.0052987456381, 0.037508373639, 0.9063791201, 0.045901404868],
      [0.011870121287, 0.029822827842, 0.73415245791, 0.17209272, 0.052061872958],
      [0.013684014916, 0.00065668135198, 0.19965722167, 0.74652583253, 0.039476249538],
      [0.17548837213, 0.0015255131311, 0.52112229109, 0.29691522771, 0.0049485959447],
      [0.030014024813, 0.016895151949, 0.046842760976, 0.6701635459, 0.23608451636]
    ],
    [
      [0.030709929896, 0.18273748691, 0.66208602329, 0.12297457903, 0.0014919808819],
      [0.022315321259, 0.59853886754, 0.050420623677, 0.24219353685, 0.086531650668],
      [0.03072085916, 0.013537538004, 0.054420269586, 0.80882102049, 0.092500312762],
      [0.033700759466, 0.038511997217, 0.60682902631, 0.13933873925, 0.18161947776],
      [0.039485013777, 0.0013563585334, 0.18154444259, 0.59454609395, 0.18306809114],
      [0.43407709817, 0.0023028712123, 0.37388624828, 0.18661697255, 0.0031168097873],
      [0.046087841294, 0.014321810924, 0.027791447482, 0.29634902897, 0.61544987133]
    ],
    [
      [0.010232974415, 0.074966118724, 0.81654047763, 0.097398835265, 0.00086159396965],
      [0.015003259032, 0.43777894232, 0.12924757449, 0.39336534892, 0.024604875238],
      [0.011134800582, 0.0049334392767, 0.065860864828, 0.88278979862, 0.035281096696],
      [0.011866727644, 0.018217149172, 0.83771610899, 0.10650228017, 0.025697734016],
      [0.017663730203, 0.00054969501296, 0.31403068998, 0.63977086737, 0.027985017433],
      [0.16977810383, 0.0010127637881, 0.63193745762, 0.1949194469, 0.0023522278674],
      [0.04389889251, 0.016175954954, 0.084275055348, 0.66037564302, 0.19527445416]
    ],
    [
      [0.031670396013, 0.13987033018, 0.7381137545, 0.088387205672, 0.0019583136344],
      [0.028882969741, 0.60649323412, 0.077923423784, 0.23914403746, 0.04755633489],
      [0.025682677739, 0.0096835758985, 0.067916310416, 0.80186480505, 0.094852630894],
      [0.031758963393, 0.033349675083, 0.75984778702, 0.10317459338, 0.071868981121],
      [0.05367506083, 0.0011500158475, 0.27672464633, 0.58229608924, 0.08615418775],
      [0.44152961857, 0.0015881502182, 0.42150791637, 0.13307621073, 0.0022981041078],
      [0.090657843776, 0.019690771791, 0.051141202616, 0.40104791662, 0.4374622652]
    ],
    [
      [0.013337339432, 0.15678949447, 0.71762508755, 0.11056414465, 0.0016839338957],
      [0.012784425199, 0.59629034393, 0.074291856997, 0.28951334797, 0.027120025907],
      [0.013530295585, 0.0058737913946, 0.051910012259, 0.87458280323, 0.054103097536],
      [0.016452730191, 0.038126188241, 0.77251171972, 0.12597098881, 0.04693837304],
      [0.021590782515, 0.00033325804659, 0.25835850521, 0.67572919289, 0.043988261339],
      [0.21913185915, 0.001475289564, 0.5544320408, 0.22046724016, 0.0044935703269],
      [0.046174547708, 0.026698858623, 0.060311095663, 0.6042047417, 0.26261075631]
    ],
    [
      [0.013306980227, 0.056118167192, 0.85654090929, 0.07318916238, 0.00084478090979],
      [0.023907045881, 0.41545798569, 0.16820676729, 0.36451625495, 0.027911946196],
      [0.020030989308, 0.0040017682441, 0.086581656462, 0.84747806774, 0.041907518245],
      [0.016247573368, 0.013015008952, 0.86770249654, 0.079378075907, 0.023656845232],
      [0.027021282303, 0.00032640490105, 0.38392483057, 0.55910030728, 0.029627174948],
      [0.21218890396, 0.00061603497051, 0.64295297978, 0.14201037793, 0.0022317033582],
      [0.068456433827, 0.014435502045, 0.10650667078, 0.59735622613, 0.21324516722]
    ],
    [
      [0.037588903858, 0.20595427397, 0.6372422144, 0.11724188108, 0.0019727267002],
      [0.02668627429, 0.65412655023, 0.053754993391, 0.24624384321, 0.019188338877],
      [0.019672148672, 0.0034539484353, 0.049603759939, 0.88063930167, 0.046630841283],
      [0.041343049019, 0.049344623192, 0.72170889055, 0.14400432094, 0.043599116302],
      [0.058971788348, 7.4545810072e-05, 0.21810963267, 0.68679778694, 0.036046246228],
      [0.49499469513, 0.0012587492553, 0.33934598948, 0.16156993638, 0.0028306297617],
      [0.12530851808, 0.031121902064, 0.04968120712, 0.58803704326, 0.20585132947]
    ],
    [
      [0.012636971658, 0.07090167463, 0.81890578685, 0.096810697734, 0.00074486913186],
      [0.019105686164, 0.42116541709, 0.13407789332, 0.40084574523, 0.024805258189],
      [0.014565273682, 0.0042600170924, 0.066570403935, 0.88101433994, 0.033589965356],
      [0.014821752606, 0.016825443812, 0.83751721652, 0.10568328373, 0.025152303325],
      [0.021884893422, 0.00044199009648, 0.31662843214, 0.63380821327, 0.027236471063],
      [0.19975616036, 0.00082887283369, 0.61093618373, 0.1864705347, 0.0020082483787],
      [0.054194990584, 0.015270327685, 0.085154304719, 0.65458070736, 0.19079966965]
    ],
    [
      [0.018585861279, 0.09686424346, 0.77548358349, 0.10788654864, 0.001179763133],
      [0.022543691718, 0.4909935316, 0.10097797517, 0.36110593525, 0.024378866264],
      [0.018989315134, 0.0064980001748, 0.054592169026, 0.88029147236, 0.039629043307],
      [0.022235807527, 0.023771796868, 0.80412004581, 0.11759071541, 0.032281634385],
      [0.029897829455, 0.00075823327386, 0.27615491922, 0.66216790649, 0.031021111568],
      [0.275869215, 0.0014411850764, 0.52922596855, 0.19043094492, 0.0030326864615],
      [0.069539801609, 0.018085839885, 0.069326129079, 0.64095868606, 0.20208954336]
    ],
    [
      [0.01577829969, 0.10650671671, 0.72684038422, 0.14863108584, 0.0022435135332],
      [0.016457253985, 0.43861252237, 0.081057734067, 0.42476855953, 0.039103930043],
      [0.012831783393, 0.0052311565776, 0.037131312246, 0.89082740824, 0.053978339541],
      [0.018691401856, 0.025521705416, 0.73760631046, 0.15943943711, 0.058741145164],
      [0.020194251254, 0.00068841980383, 0.20691612774, 0.72586216673, 0.046339034471],
      [0.23066057896, 0.0012771947185, 0.49865077285, 0.26422036127, 0.005191092205],
      [0.041713703602, 0.014317608797, 0.046424539655, 0.62774386093, 0.26980028702]
    ],
    [
      [0.024829930974, 0.097356694319, 0.74252524207, 0.13319378668, 0.00209434596],
      [0.027632171885, 0.43099010448, 0.090155199854, 0.40987629763, 0.041346226154],
      [0.017704542709, 0.0046479122971, 0.044046437045, 0.87642832986, 0.057172778085],
      [0.027966605035, 0.022818855037, 0.74940835691, 0.14282893127, 0.056977251751],
      [0.033691794526, 0.00054492602688, 0.2267193673, 0.69062300079, 0.04842091136],
      [0.32717443213, 0.00098474846215, 0.45592775926, 0.2114810264, 0.0044320337475],
      [0.069591150811, 0.013731338866, 0.05043724549, 0.58914764129, 0.27709262355]
    ],
    [
      [0.014992779501, 0.062606958539, 0.82037596645, 0.10133839313, 0.00068590238493],
      [0.023168417355, 0.38100760493, 0.13846904955, 0.42989086006, 0.02746406811],
      [0.016282118113, 0.0021841947205, 0.065761178202, 0.88098475598, 0.034787752981],
      [0.017445511496, 0.013892291927, 0.83246408532, 0.10984182611, 0.026356285154],
      [0.025014665485, 7.6598020491e-05, 0.30721735324, 0.63952675339, 0.028164629867],
      [0.22571564487, 0.00037800909262, 0.58551370114, 0.18636207134, 0.0020305735584],
      [0.061062898348, 0.012624911573, 0.081696004384, 0.65061546809, 0.19400071761]
    ],
    [
      [0.023998334177, 0.10363904161, 0.71973466084, 0.15095839725, 0.0016695661176],
      [0.025039669586, 0.43057127386, 0.08128316108, 0.43309990482, 0.030005990654],
      [0.016390156919, 0.004825223319, 0.036691320299, 0.90087758711, 0.041215712349],
      [0.027651578621, 0.024726225203, 0.73806157576, 0.16441054865, 0.045150071759],
      [0.030461288331, 0.00061124470092, 0.20421726387, 0.72954210189, 0.035168101207],
      [0.31593093369, 0.0011109474351, 0.44038592065, 0.23899460645, 0.0035775917692],
      [0.066490680482, 0.014450379529, 0.047820300898, 0.65906933573, 0.21216930336]
    ],
    [
      [0.018620430346, 0.094603680424, 0.73558146563, 0.14925384292, 0.0019405806784],
      [0.020238744277, 0.41600410979, 0.085134939848, 0.4466139433, 0.032008262782],
      [0.015725194132, 0.0052539439607, 0.036260685081, 0.89873110842, 0.044029068407],
      [0.022343818028, 0.022889809123, 0.74830055047, 0.15981441853, 0.046651403846],
      [0.023994911229, 0.00077926380532, 0.20793902243, 0.73086692343, 0.036419879107],
      [0.26161256247, 0.0013949567059, 0.47989240344, 0.25261599949, 0.0044840778879],
      [0.051981275286, 0.013496942727, 0.048684992066, 0.66466094248, 0.22117584744]
    ],
    [
      [0.015131735885, 0.094646591411, 0.79008375437, 0.09926157199, 0.00087634634811],
      [0.019874721927, 0.48665763074, 0.11272445592, 0.35711534967, 0.023627841745],
      [0.016676919887, 0.005883840915, 0.063174007291, 0.87765497302, 0.03661025889],
      [0.017976409333, 0.022993663809, 0.82120064746, 0.10969551231, 0.028133767088],
      [0.025848747094, 0.00064361455711, 0.30226724034, 0.64169186106, 0.029548536949],
      [0.23360796453, 0.0011580147422, 0.57624231207, 0.18672661269, 0.0022650959619],
      [0.062004056082, 0.019516579572, 0.078757265859, 0.64092841934, 0.19879367915]
    ],
    [
      [0.010592769081, 0.054871810796, 0.83347516726, 0.099506445407, 0.0015538074552],
      [0.017280867325, 0.35306555222, 0.14731431049, 0.44366912412, 0.038670145847],
      [0.010836418122, 0.00057060992119, 0.067116920138, 0.87132956592, 0.050146485895],
      [0.011703585245, 0.010058588516, 0.83477125782, 0.10626507493, 0.037201493482],
      [0.017399772405, 0, 0.31266457807, 0.6316270145, 0.038308635022],
      [0.17211771761, 0.00015766157012, 0.63007959991, 0.19393019642, 0.0037148244854],
      [0.042143331852, 0.010581606966, 0.079839391943, 0.61772409902, 0.24971157022]
    ],
    [
      [0.021570148739, 0.10929584057, 0.71564053295, 0.15174713499, 0.0017463427649],
      [0.022051062639, 0.44243156876, 0.079009757653, 0.42599158607, 0.030516024873],
      [0.015646677216, 0.0049742376481, 0.035985447355, 0.90063680072, 0.042756837062],
      [0.025111734942, 0.026177422316, 0.73600997322, 0.1656227815, 0.047078088023],
      [0.0274498423, 0.00061520898534, 0.20292611917, 0.73252577409, 0.036483055457],
      [0.29262560029, 0.0012254459047, 0.45352438622, 0.24871973528, 0.003904832299],
      [0.059453156943, 0.015180897257, 0.047209417308, 0.65903585006, 0.21912067843]
    ],
    [
      [0.01435772426, 0.071011873974, 0.7820121665, 0.13081264058, 0.0018055946816],
      [0.018670434628, 0.36469453475, 0.11035945832, 0.4681028987, 0.038172673602],
      [0.012363147182, 0.0023377706776, 0.047990933039, 0.88902932785, 0.048278821252],
      [0.016459555012, 0.016126076735, 0.78351449282, 0.13858732962, 0.045312545813],
      [0.020119318877, 0.00018365047264, 0.24458513266, 0.69561814329, 0.039493754704],
      [0.21293851553, 0.0006088879971, 0.54617505176, 0.23601270307, 0.0042648416391],
      [0.044561091969, 0.01090991539, 0.058907469762, 0.64238586181, 0.24323566107]
    ],
    [
      [0.012922357525, 0.077350527674, 0.82271665334, 0.086331105612, 0.0006793558503],
      [0.019546501979, 0.46132631642, 0.13564517826, 0.35896518504, 0.024516818307],
      [0.016360169692, 0.0054749314479, 0.074405043631, 0.8665984861, 0.037161369133],
      [0.015452702783, 0.018706629274, 0.84664635904, 0.094718350986, 0.024475957919],
      [0.023916548103, 0.00059400741787, 0.3413774949, 0.60547624576, 0.028635703822],
      [0.20605850911, 0.0010095725064, 0.62248426403, 0.16847575807, 0.0019718962918],
      [0.059498888077, 0.017999752418, 0.092429402902, 0.62886878014, 0.20120317646]
    ],
    [
      [0.025481709351, 0.082263522597, 0.78212565193, 0.10824000092, 0.0018891152002],
      [0.032783691399, 0.43043855395, 0.10988670819, 0.3885025213, 0.03838852515],
      [0.02013486652, 0.0052347681755, 0.056456182574, 0.86132860725, 0.056845575483],
      [0.026757066758, 0.01979425967, 0.79106505413, 0.11608566489, 0.046297954552],
      [0.03950743177, 0.00069364193521, 0.27147732204, 0.64416792977, 0.044153674487],
      [0.34749881381, 0.00094728340582, 0.47666115638, 0.17101585475, 0.0038768916551],
      [0.086101294282, 0.013991003907, 0.063136124482, 0.57358016221, 0.26319141512]
    ],
    [
      [0.011901687388, 0.10354978948, 0.73992732571, 0.14272421444, 0.0018969829723],
      [0.01263328719, 0.45035462786, 0.084662019371, 0.41733481437, 0.035015251209],
      [0.0085398450653, 0.005229408637, 0.040319850104, 0.89543876211, 0.050472134083],
      [0.01364151059, 0.024501288927, 0.75581396935, 0.15436565127, 0.051677579863],
      [0.015777192246, 0.00066928882536, 0.2186087389, 0.72265620595, 0.042288574073],
      [0.18685002964, 0.0012313014389, 0.53825374859, 0.26882424812, 0.0048406722128],
      [0.034144833688, 0.014821837712, 0.050853581907, 0.64690373602, 0.25327601067]
    ],
    [
      [0.021797800408, 0.090508688824, 0.74791589735, 0.13795742506, 0.0018201883561],
      [0.025095060698, 0.40980167866, 0.093392904471, 0.43637579799, 0.035334558185],
      [0.016638100695, 0.0041278647383, 0.042937379775, 0.88860276743, 0.047693887358],
      [0.024838699594, 0.021375785844, 0.75789048475, 0.1481073859, 0.047787643908],
      [0.02934063111, 0.00050967396914, 0.22520497739, 0.70520389082, 0.03974082671],
      [0.29606750619, 0.00092790305023, 0.47347349916, 0.22559038319, 0.0039407084068],
      [0.06358527331, 0.013235070034, 0.052665519951, 0.63296590063, 0.23754823607]
    ],
    [
      [0.013880143083, 0.28172416495, 0.59291080501, 0.10886162998, 0.0026232569807],
      [0.0039869282983, 0.88583555904, 0.016305107752, 0.080144862903, 0.013727542007],
      [0.023068088507, 0.0092298806788, 0.032626550584, 0.84791011385, 0.087165366375],
      [0.021953260945, 0.0602493223, 0.69234144044, 0.13383829028, 0.091617686036],
      [0.022231772243, 0.0011243221185, 0.19788060586, 0.69627745483, 0.082485844952],
      [0.27889231078, 0.0025569763221, 0.4782641153, 0.23312744866, 0.0071591489399],
      [0.035443334167, 0.028101344747, 0.033928118189, 0.46577072889, 0.43675647401]
    ],
    [
      [0.016446498447, 0.051664664623, 0.7763930461, 0.1529322414, 0.0025635494379],
      [0.021290973743, 0.26610630451, 0.10850499646, 0.54353054266, 0.060567182616],
      [0.011536364439, 0, 0.040779426698, 0.88635976041, 0.061324448453],
      [0.023407661838, 0.0054852152774, 0.74602413807, 0.15672626713, 0.068356717683],
      [0.019890079226, 0, 0.21228026119, 0.71325664488, 0.054573014702],
      [0.2301145568, 0.00023255312229, 0.50584502076, 0.25803648803, 0.0057713812867],
      [0.040722255009, 0.0059636931177, 0.046308760335, 0.59608900146, 0.31091629008]
    ],
    [
      [0.012417685001, 0.11051690379, 0.75422733042, 0.12128613476, 0.0015519460324],
      [0.013968901627, 0.48814518007, 0.092489020781, 0.37511297698, 0.030283920535],
      [0.010503600581, 0.0054460198894, 0.050081725076, 0.88681381992, 0.047154834529],
      [0.014407662097, 0.026631147424, 0.78283648912, 0.13336256067, 0.042762140696],
      [0.018581618404, 0.00061056604582, 0.25335470642, 0.68880037039, 0.038652738742],
      [0.1972400011, 0.0013006037285, 0.56368368858, 0.23375223693, 0.0040234696659],
      [0.041611255074, 0.018559551171, 0.0613719023, 0.63928702039, 0.23917027106]
    ],
    [
      [0.01310398286, 0.16022078656, 0.71097005495, 0.114240955, 0.0014642206248],
      [0.012429803148, 0.60143311422, 0.07171496548, 0.29335007064, 0.021072046512],
      [0.013644574757, 0.004828799869, 0.049963710222, 0.88937689489, 0.042186020258],
      [0.016721343853, 0.03851761937, 0.77529059593, 0.13176066214, 0.037709778703],
      [0.020730377337, 0.00034008385213, 0.2518326804, 0.69290951071, 0.034187347701],
      [0.2151230053, 0.0012766934403, 0.550944569, 0.22899512419, 0.0036606080714],
      [0.046586250373, 0.027887315042, 0.061548030863, 0.64934414807, 0.21463425565]
    ],
    [
      [0.013858407957, 0.1172828596, 0.73072827291, 0.13665848493, 0.0014719746066],
      [0.014563920808, 0.48101812776, 0.083523304159, 0.39372063455, 0.027174012725],
      [0.010988678478, 0.0051829921543, 0.043451682974, 0.89987246617, 0.040504180224],
      [0.016314029427, 0.028437160332, 0.76264610228, 0.15126896357, 0.041333744393],
      [0.019239931948, 0.00060367776999, 0.22735715835, 0.71833059557, 0.034468636356],
      [0.21245156568, 0.0013362925839, 0.52795405723, 0.2545652513, 0.0036928332016],
      [0.043153074829, 0.018303915485, 0.055255617568, 0.66895577945, 0.21433161267]
    ],
    [
      [0.014324740586, 0.063838390912, 0.77557629495, 0.14491835158, 0.001342221974],
      [0.018480715003, 0.32845738744, 0.10817786801, 0.51368116786, 0.031202861696],
      [0.011485489372, 0.0016521059067, 0.043859868449, 0.90779621989, 0.035206316381],
      [0.016335291772, 0.014615644203, 0.77784106708, 0.1542135576, 0.036994439347],
      [0.018926838137, 0.00011225989918, 0.2272150936, 0.72332851749, 0.030417290877],
      [0.20969165198, 0.00060070339259, 0.53021421367, 0.25627666914, 0.0032167618224],
      [0.043539365329, 0.0095269468568, 0.056820370357, 0.69388151341, 0.19623180404]
    ],
    [
      [0.013042699824, 0.084721662899, 0.7892579156, 0.11244175172, 0.000535969958],
      [0.017218904176, 0.43909825794, 0.11336674608, 0.40703167608, 0.023284415728],
      [0.012871593939, 0.0047763636787, 0.057234074535, 0.89402131983, 0.031096648019],
      [0.015350161431, 0.020447680909, 0.81392268409, 0.12362267287, 0.026656800693],
      [0.020598953731, 0.00054787967971, 0.27941023523, 0.67266738144, 0.026775549927],
      [0.20303949117, 0.0010517769737, 0.58069179889, 0.21328319964, 0.0019337333291],
      [0.049795858062, 0.016310559888, 0.073416310664, 0.67700707475, 0.18347019664]
    ],
    [
      [0.016051181798, 0.061240893304, 0.83516491082, 0.085527081255, 0.0020159328193],
      [0.02598585751, 0.40550086034, 0.14432729139, 0.3872114179, 0.036974572856],
      [0.0212016574, 0.0041874673265, 0.069102894134, 0.85092172398, 0.054586257164],
      [0.019330653988, 0.014408080468, 0.84030069964, 0.090169261204, 0.035791304696],
      [0.029165343019, 0.00051511895061, 0.33363282472, 0.59690092756, 0.03978578575],
      [0.24054562424, 0.00078035673365, 0.59562189519, 0.15872778842, 0.0043243354188],
      [0.066511151186, 0.013096213565, 0.083194603047, 0.58172111642, 0.25547691578]
    ],
    [
      [0.017069826, 0.096380672494, 0.76459438909, 0.11834703812, 0.0036080742895],
      [0.019390358327, 0.44477339437, 0.093905474559, 0.36837697063, 0.073553802115],
      [0.016542502886, 0.0059364841288, 0.054934843704, 0.84275463948, 0.079831529804],
      [0.020012943594, 0.022430157876, 0.74498463933, 0.13253613935, 0.080036119844],
      [0.024834952119, 0.00081585263681, 0.24490405627, 0.64522340636, 0.084221732613],
      [0.25336672396, 0.0011583869843, 0.52690139065, 0.21208607987, 0.0064874185284],
      [0.042834677044, 0.012195974517, 0.047375558499, 0.46619560167, 0.43139818827]
    ],
    [
      [0.012101797212, 0.076854553005, 0.7904211364, 0.11913781047, 0.0014847029128],
      [0.016206318301, 0.3998517524, 0.11487584924, 0.43560305765, 0.033463022406],
      [0.010322313597, 0.0031901763546, 0.054131972035, 0.88761419206, 0.044741345954],
      [0.013658589666, 0.017829956227, 0.80136934692, 0.12811152485, 0.039030582337],
      [0.018247645264, 0.00028400414707, 0.26680169984, 0.6784156264, 0.036251024354],
      [0.19002046655, 0.00080301308434, 0.58013871838, 0.22535906178, 0.0036787401971],
      [0.042153260662, 0.013236068567, 0.066561404865, 0.64752948709, 0.23051977881]
    ],
    [
      [0.011910911408, 0.1766818256, 0.70651553404, 0.10313963069, 0.001752098267],
      [0.010617231729, 0.6429521585, 0.068464290486, 0.25324446918, 0.02472185011],
      [0.013119588837, 0.0048442368986, 0.055680469402, 0.86998784292, 0.056367861938],
      [0.015086967584, 0.042502614794, 0.77579092787, 0.11982914455, 0.046790345207],
      [0.02017783926, 0.00023145955076, 0.26767519867, 0.66673848469, 0.04517701783],
      [0.20529513443, 0.0017972408168, 0.57228363066, 0.21609573547, 0.0045282586231],
      [0.043083557242, 0.031077929989, 0.062395796394, 0.59369062194, 0.26975209444]
    ],
    [
      [0.018663612377, 0.14290711014, 0.68926924138, 0.14721727033, 0.0019427657642],
      [0.017130421705, 0.50907174856, 0.06867627406, 0.3687299345, 0.03639162118],
      [0.014021203594, 0.0048118277659, 0.037805908177, 0.8873273644, 0.056033696061],
      [0.022112699475, 0.034017750241, 0.71734039029, 0.16335475446, 0.063174405534],
      [0.024279314916, 0.00050382836458, 0.20129280667, 0.72381464336, 0.050109406689],
      [0.26767722001, 0.0013586640187, 0.46836700365, 0.25751399255, 0.005083119773],
      [0.048911083626, 0.018631588075, 0.044051175641, 0.60664937837, 0.28175677429]
    ],
    [
      [0.0081471602539, 0.19692087722, 0.65569189448, 0.13775048734, 0.0014895807121],
      [0.0058994659365, 0.60995302656, 0.056504581409, 0.29238939546, 0.035253530634],
      [0.003202999759, 0.0021681861534, 0.043416681432, 0.88439710044, 0.066815032215],
      [0.0087328823187, 0.045764532927, 0.70957733889, 0.1608161434, 0.075109102463],
      [0.012194880362, 0.00052851392379, 0.20351326891, 0.72058742127, 0.063175915533],
      [0.15866018831, 0.0021686304214, 0.5412591969, 0.29049743715, 0.0074145472097],
      [0.022973906605, 0.02494770663, 0.042965250984, 0.57067072284, 0.33844241294]
    ]
  ],
  "expected_outcome": [
    [
      [1.0737255772, 0.23496476749, 0, 0, 0.10584777561, 0.29196785947, 0.60765629032, 0.14114765584, 0.36789194143, 1.12136167, 0.22200398093, 1.4554133196, 0.29545442405, 1.404450766, 1.9332888669, 0.18154975343, 0.64537709997, 0.061419859791, 0.11256271856, 0.063340792026, 0.25340944921, 0.21291168364, 0.37588903858, 0.36647217809, 0.074343445115, 0.34712259318, 0.19863944779, 1.1394512421, 0.407971681, 0.18620430346, 0.71119158657, 0.47667460865, 0.3882626773, 0.44508945206, 0.62027316121, 0.28029880286, 0.04760674955, 0.56674281062, 0.013880143083, 0.14801848602, 0.36011286502, 0.23587169148, 1.0670974127, 0.2005463682, 0.67822039087, 0.19261418157, 0.017069826, 1.536928246, 0.28586187379, 2.4822604462, 0.26070912812],
      [3.6309644805, 0.83101181674, 0, 0.39179635775, 0.71470658564, 4.1880868715, 3.6119519469, 1.6087813806, 2.6102854695, 7.7779995053, 0.62982182701, 7.9717594924, 2.0488597955, 6.8862452625, 7.1239233449, 1.7091155482, 7.3828429535, 0.36547497382, 0.82462730596, 0.27974066037, 2.9790003949, 0.89789067508, 2.0595427397, 2.0561485643, 0.38745697384, 2.3431477677, 0.77885355455, 4.7581288489, 1.7618637074, 0.94603680424, 4.4483897963, 2.4692314858, 1.9673251302, 2.2013680932, 3.7128253284, 0.90489874857, 0.41419915794, 2.3532259094, 0.28172416495, 0.4649819816, 3.2049902098, 2.8839741581, 9.0307801889, 0.89373747276, 4.4055264708, 0.73489071965, 0.096380672494, 9.7605282316, 4.2403638143, 19.0066456492, 6.3014680709],
      [47.3961933063, 2.2480001783, 0, 0.54800818677, 6.5711992623, 13.0963867587, 24.2981581662, 9.5532718458, 17.2100607625, 53.5968796257, 5.3302603743, 81.9170098828, 17.8156705876, 59.8354428213, 97.7694612877, 7.7079203621, 42.4671676943, 1.3241720466, 8.9819452539, 1.476227509, 13.6348766635, 13.7046545486, 6.372422144, 23.7482678185, 3.101934334, 15.9904884529, 5.9402019365, 62.34857345, 12.2354892343, 7.3558146563, 37.1339364553, 37.5063825267, 12.881529593, 24.2423771615, 39.4903993602, 8.6033821712, 2.9597093029, 19.4458133312, 0.59291080501, 6.9875374149, 21.8725925821, 12.7974609892, 56.2660770137, 10.8580681293, 41.0414116114, 10.0219789299, 0.76459438909, 100.3834843234, 16.9563728169, 91.6728091036, 20.9821406232],
      [4.8991166359, 0.65759003812, 0, 0.060195455478, 0.59798824532, 1.3950192123, 3.411352496, 1.6721868252, 2.7848259322, 8.3885388701, 1.7930569683, 11.5431963653, 2.8400151928, 8.7949869599, 10.0476589536, 1.378997382, 9.3817077487, 0.24594915805, 1.0713871879, 0.17677441134, 2.1007187484, 1.1710265981, 1.1724188108, 2.8075102343, 0.43154619455, 3.2698838885, 1.0655502935, 7.7017178777, 2.5662927533, 1.4925384292, 4.6652938835, 4.4777900433, 2.7314484297, 4.0551918581, 4.1438930694, 1.1906400101, 0.57089685777, 3.5868930515, 0.10886162998, 1.3763901726, 3.5172979081, 2.05633719, 10.52270334, 2.0288569221, 5.8469710892, 1.0263249751, 0.11834703812, 15.1305019292, 2.4753511365, 19.5798969544, 4.408015595],
      [0, 0.028433199343, 0, 0, 0.010258131144, 0.028539297988, 0.070881100506, 0.02461229258, 0.026935894437, 0.11522032893, 0.024856849474, 0.11262094, 0, 0.078874190274, 0.12566754697, 0.022416954365, 0.12290450353, 0.0029839617638, 0.0094775336661, 0.0039166272688, 0.031994744018, 0.013516494557, 0.019727267002, 0.021601204824, 0.0047190525319, 0.04935729773, 0.01675476768, 0.052128581255, 0.028382623999, 0.019405806784, 0.041188278361, 0.069921335485, 0.031434169769, 0.055973435129, 0.032609080814, 0.020780267202, 0.0075879318894, 0.047324897258, 0.0026232569807, 0.023071944941, 0.04500643494, 0.026355971247, 0.11334204471, 0.018791107636, 0.027870437816, 0.024191193831, 0.0036080742895, 0.18855726993, 0.042050358409, 0.25838784664, 0.047666582788]
    ],
    [
      [1.2752849699, 0.095586583525, 0, 0, 0.30401513694, 0.27797019891, 0.82663894046, 0.32069492691, 0.94657665595, 2.4927953353, 0.31571190164, 2.6884390028, 0.69307695849, 1.740481677, 2.8399716593, 0.4115911862, 0.88729985121, 0.13389192755, 0.52511406611, 0.25994672767, 0.48580815756, 0.14344227529, 0.45366666293, 1.050812739, 0.2479806089, 0.51017487354, 1.2710799067, 1.1352524504, 0.65103140925, 0.30358116416, 1.4906041445, 0.82948163158, 0.77178719237, 0.65346521199, 0.91868559301, 0.75402490217, 0.16423273348, 1.330038217, 0.0039869282983, 0.31936460615, 1.159418835, 0.39775370072, 1.6311591305, 0.29569144005, 0.98147753801, 0.46774543518, 0.13573250829, 1.8637266046, 0.19111017112, 3.4089539192, 0.24777756933],
      [16.5081898735, 1.9817911661, 0, 0, 8.3653621022, 16.2612389813, 19.5396232884, 14.7763729426, 26.375165674, 67.2441649621, 3.5202436434, 57.3894283663, 17.5541227238, 33.3396846806, 40.9189217881, 15.3667622615, 40.6282765648, 3.5912332053, 15.3222629811, 5.4584391071, 22.6590330692, 2.4927479141, 11.120151354, 23.1640979398, 5.4009288476, 13.5969881935, 19.8255448061, 18.6693726416, 11.1948531204, 6.2400616469, 36.4993223058, 16.9471465064, 15.4851049067, 12.7643087162, 21.6823368715, 9.9000867409, 5.8546101621, 21.7194889689, 0.88583555904, 3.9915945677, 40.5160499462, 19.2458596551, 53.8740303087, 5.255318199, 25.0286007025, 7.2990154862, 3.1134137606, 45.9829515259, 11.573138853, 101.3052779629, 25.6180271155],
