{
  "Z_true": {},
  "V_true": [
    [3033, 150, 3144, 54],
    [1853, 187, 13742, 242],
    [620, 9349, 1299, 555],
    [419, 908, 1429, 768]
  ],
  "p_true": [
    [0.4753, 0.0235, 0.4927, 0.0085],
    [0.1156, 0.0117, 0.8576, 0.0151],
    [0.0524, 0.7907, 0.1099, 0.0469],
    [0.1189, 0.2577, 0.4055, 0.2179]
  ],
  "Z_est": [
    [
      [124.4625, 82.7073, 55.1535, 29.9825, 42.1194, 46.127, 3.0632, 36.1328, 100.3209, 128.9696, 114.1054, 188.0224, 147.6063, 122.6589, 221.3185, 101.0867, 46.7143, 38.8193, 120.9977, 133.6792, 22.9742, 36.7344, 46.7143, 33.6956, 71.986, 59.733, 52.8408, 31.3981, 117.6238, 9.3584, 56.6698, 264.9696, 54.5836, 32.9297, 82.7073, 12.2529, 154.6991, 20.7571, 80.7222, 85.0047, 79.1846, 46.7143, 66.8092, 19.1452, 63.4884, 65.5039, 15.3959, 16.2824, 67.3005, 16.8478, 412.7706, 50.5433, 498.5411, 186.8945],
      [0, 0, 6.0091, 0.546, 0, 0.84, 0.056, 0.658, 1.834, 9.5829, 2.5292, 0, 2.688, 2.464, 4.046, 1.848, 0.854, 2.5105, 2.212, 0, 0.42, 3.0358, 0.854, 0.616, 1.316, 1.092, 0.966, 0.574, 2.142, 0.224, 1.036, 0, 0.994, 0.602, 0, 0.224, 0, 0.378, 1.47, 1.554, 1.442, 1.0355, 9.9035, 0.35, 1.316, 0, 1.0425, 0, 2.3671, 0.308, 7.546, 0.924, 9.114, 3.668],
      [34.5375, 23.4595, 18.5994, 8.4715, 11.947, 13.033, 0.8689, 10.2092, 28.4555, 38.4475, 32.3654, 54.2548, 41.7057, 50.3535, 62.7758, 28.6727, 13.2503, 11.5125, 34.3203, 43.3767, 6.5165, 11.0781, 13.2503, 9.5576, 20.4184, 16.9429, 14.988, 8.9059, 33.2342, 4.1507, 16.0741, 80.0012, 15.4224, 9.3403, 24.9715, 3.4755, 51.6851, 5.8649, 22.8078, 24.1111, 22.3734, 13.2503, 21.2873, 5.4304, 28.916, 18.2463, 4.5616, 12.7176, 19.3323, 4.7788, 117.0801, 14.3363, 141.4085, 70.6582],
      [0, 1.8333, 0.238, 0, 0.9336, 0, 0.0119, 0, 0.3897, 0, 0, 0.7228, 0, 0.5235, 0.8597, 0.3926, 0.1814, 0.1577, 0.47, 1.9441, 0.0892, 0.1517, 0.1814, 0.1309, 0.2796, 0.232, 0.2052, 0.122, 0, 2.2669, 0.2201, 1.0292, 0, 0.1279, 0.3213, 0.0476, 0.6157, 0, 0, 0.3302, 0, 0, 0, 0.0744, 0.2796, 0.2499, 0, 0, 0, 0.0654, 1.6033, 0.1963, 1.9365, 0.7793]
    ],
    [
      [12.6901, 16.2091, 0, 1.5186, 7.7738, 1.7474, 0, 8.291, 13.4958, 0, 0.4638, 6.9689, 14.3497, 0, 20.2788, 10.4846, 0, 0, 0, 0, 0, 0, 0, 0, 0, 5.0774, 0, 1.7943, 5.9496, 0, 6.4258, 18.5111, 5.9935, 14.2595, 5.4487, 3.0218, 0, 2.1233, 12.0331, 2.0586, 3.6405, 2.1903, 0, 4.8973, 0, 15.8482, 0, 0, 0, 0, 0, 7.2169, 167.8498, 0],
      [0, 0, 1.6859, 7.5292, 0, 2.0474, 1.3553, 6.7887, 10.2401, 11.6349, 9.8964, 0, 19.2974, 0, 8.905, 0, 12.1578, 2.3303, 5.6047, 0, 0, 3.7056, 0, 6.2229, 7.1276, 2.5604, 3.4052, 0, 2.3736, 0.2456, 1.8867, 0, 0, 0, 0, 0, 0, 0, 0.7168, 0, 8.0292, 3.7278, 3.9912, 0, 0, 0, 1.9426, 0, 2.3504, 0, 63.1664, 0, 0, 0],
      [401.3099, 270.6097, 144.3666, 63.9522, 53.4072, 80.2052, 28.6447, 77.9203, 231.1572, 319.3651, 346.6398, 324.4863, 495.3529, 283.2109, 603.7757, 487.1088, 178.9818, 148.6518, 491.6557, 281.2354, 191.6092, 65.3969, 290.9357, 242.41, 526.9371, 228.3104, 293.5358, 354.2057, 277.6768, 21.0061, 177.2757, 621.59, 106.0065, 92.9519, 325.7448, 40.8801, 383.2391, 44.8767, 223.2502, 668.8284, 163.3303, 125.0819, 201.0088, 156.628, 403.229, 122.5882, 41.0574, 41, 171.6496, 173.7971, 1242.7331, 159.6102, 1189.0374, 482.5407],
      [0, 7.1813, 4.9475, 0, 0.819, 0, 0, 0, 1.107, 0, 0, 3.5448, 0, 2.7891, 28.0406, 6.4066, 3.8604, 6.0179, 4.7396, 3.7646, 4.3908, 0.8975, 9.0643, 5.3672, 6.9353, 4.0519, 8.0589, 0, 0, 0.7483, 2.4117, 10.8989, 0, 0.7886, 6.8065, 5.0981, 14.7609, 0, 0, 24.113, 0, 0, 0, 0.4747, 8.771, 5.5636, 0, 0, 0, 21.2029, 4.1005, 8.1729, 20.1128, 6.4593]
    ],
    [
      [10.7426, 3.2238, 0.6384, 0.97, 3.2194, 4.8322, 0, 1.3589, 3.0027, 0, 3.4756, 2.422, 4.8705, 0, 6.4546, 8.8593, 1.3883, 0, 0.4329, 2.0924, 0, 0.3783, 1.6238, 0, 0, 2.5653, 0, 2.5416, 2.5191, 0, 0.9694, 19.2808, 5.6679, 2.6402, 1.1822, 0.3192, 1.7141, 1.8656, 2.4327, 4.5277, 10.2775, 0, 0, 0.6265, 0, 2.1941, 0, 0.2364, 0, 0, 11.3434, 5.3048, 21.0439, 0],
      [111.4641, 84.1991, 46.57, 58.8146, 25.3385, 85.4473, 22.4226, 69.855, 219.0516, 352.7248, 253.5479, 143.5743, 357.3536, 183.6249, 470.8746, 195.6682, 160.4078, 102.2848, 308.6995, 145.4273, 151.9629, 27.597, 234.1614, 201.947, 353.5872, 187.1425, 261.3095, 185.0738, 137.9852, 22.3834, 70.7174, 190.5085, 60.2709, 45.4424, 85.0154, 23.2247, 115.5743, 34.181, 125.0491, 328.9989, 268.7225, 263.501, 384.6338, 38.6577, 254.8173, 60.7504, 25.8739, 16.8897, 178.5184, 142.6706, 1036.8576, 112.7162, 746.5295, 351.0166],
      [16.7933, 12.0815, 6.524, 8.2154, 3.9869, 1.7204, 3.5774, 9.786, 30.6871, 56.2752, 36.9766, 20.1761, 49.7758, 30.3097, 65.9651, 29.308, 22.4716, 14.1354, 43.1134, 28.6031, 32.1203, 3.8661, 40.8372, 27.9083, 54.3811, 26.2169, 36.607, 27.3845, 19.4957, 3.1412, 9.9068, 35.9867, 9.0611, 6.6448, 13.3069, 3.262, 26.993, 4.9534, 17.5182, 47.5754, 0, 33.499, 61.3662, 13.4531, 49.6663, 8.6987, 4.1261, 2.8738, 28.4816, 21.0218, 144.8574, 16.31, 106.0757, 54.9948],
      [0, 0.4956, 0.2676, 0, 0.4552, 0, 0, 0, 1.2587, 0, 0, 0.8276, 0, 1.0654, 2.7057, 1.1645, 1.7323, 0.5798, 1.7542, 0.8771, 0.9168, 0.1586, 1.3776, 1.1447, 2.0318, 1.0753, 5.0835, 0, 0, 0.4754, 0.4064, 1.224, 0, 0.2726, 0.4956, 0.1941, 0.7185, 0, 0, 1.898, 0, 0, 0, 0.2626, 1.5164, 0.3568, 0, 0, 0, 10.3075, 5.9417, 0.669, 4.3509, 4.9886]
    ],
    [
      [16.1048, 7.8599, 3.2081, 3.5289, 2.8873, 5.2934, 0.9368, 6.2173, 8.1807, 12.0304, 13.9553, 10.5867, 21.1735, 8.3411, 26.9481, 19.5694, 6.8974, 8.1807, 19.5694, 11.2284, 7.0258, 2.8873, 8.6619, 11.3044, 3.014, 9.6243, 9.1592, 10.2659, 10.9076, 0.6416, 5.935, 15.2385, 5.755, 4.1705, 8.6619, 2.4061, 10.5867, 3.254, 7.812, 19.409, 6.8974, 6.0954, 12.1908, 4.3309, 12.5116, 5.4538, 1.6041, 0.4812, 7.6995, 7.1522, 49.886, 5.935, 49.5652, 10.1055],
      [2.5359, 1.8009, 0.735, 1.1102, 0.6615, 1.6652, 7.1661, 0.6983, 1.8744, 5.0574, 5.0265, 2.4257, 11.661, 1.9111, 6.1744, 4.4838, 1.5804, 1.8744, 4.4838, 2.5727, 1.6171, 0.6615, 1.9846, 8.2142, 3.9693, 2.2051, 8.3192, 2.3522, 2.4992, 0.147, 1.3598, 3.4915, 0.735, 0.9556, 1.9846, 0.5513, 2.4257, 0.441, 1.7641, 4.447, 1.8062, 2.7357, 8.4715, 0.9923, 2.8667, 1.2496, 2.141, 0.1103, 1.7641, 2.0214, 11.43, 1.3598, 11.3565, 2.3154],
      [29.3593, 20.8493, 8.5099, 9.3609, 7.6589, 14.0414, 11.909, 8.0844, 21.7003, 31.9122, 37.0182, 28.0828, 56.1655, 22.1258, 71.4834, 51.9106, 18.2964, 21.7003, 51.9106, 29.7848, 18.7539, 7.6589, 22.9768, 42.1242, 60.2634, 25.5298, 37.8692, 27.5039, 29.5933, 1.702, 15.7434, 40.4222, 8.5099, 11.0629, 22.9768, 6.3824, 28.0828, 7.305, 20.4238, 51.4851, 18.2964, 16.1689, 32.3377, 11.4884, 33.1887, 14.4669, 4.255, 1.4085, 21.5364, 23.4023, 132.3294, 15.7434, 131.4784, 26.8063],
      [21, 18.4899, 7.5469, 8, 6.7922, 12, 0.9881, 4, 19.2446, 26, 31, 24.9048, 43, 19.622, 63.3941, 46.0362, 16.2259, 19.2446, 46.0362, 26.4142, 16.6032, 6.7922, 20.3767, 37.3572, 40.7533, 22.6407, 33.6523, 23.878, 25, 1.5094, 13.9618, 35.8478, 5, 9.811, 20.3767, 5.6602, 24.9048, 1, 18, 45.6588, 16, 13, 23, 10.1883, 29.433, 12.8298, 2, 1, 17, 22.4241, 117.3545, 13.9618, 116.5998, 23.7728]
    ]
  ],
  "V_est": [
    [4817.8237, 95.1922, 1447.7903, 20.1939],
    [398.6113, 210.925, 15161.9957, 252.4679],
    [159.2381, 10121.6385, 1483.0734, 59.05],
    [549.3269, 166.2443, 1521.1406, 1287.2881]
  ],
  "p_est": [
    [0.755, 0.0149, 0.2269, 0.0032],
    [0.0249, 0.0132, 0.9462, 0.0158],
    [0.0135, 0.8561, 0.1254, 0.005],
    [0.1559, 0.0472, 0.4317, 0.3653]
  ],
  "EI_Z": {},
  "EI_V": 13.0793,
  "MAE_Z": {},
  "MAE_V": 617.21,
  "MAE_p": 0.0827,
  "runtime": 1.4004
}
