{
  "X": [
    [0, 0, 1, 8, 16, 0],
    [1, 2, 2, 3, 17, 0],
    [1, 3, 2, 11, 37, 1],
    [14, 20, 21, 28, 213, 7],
    [3, 1, 3, 3, 48, 2],
    [5, 12, 17, 48, 88, 4],
    [6, 4, 7, 11, 94, 4],
    [16, 12, 18, 68, 421, 14],
    [2, 0, 1, 10, 20, 0],
    [5, 10, 15, 30, 149, 7],
    [9, 4, 10, 57, 198, 2],
    [8, 9, 9, 27, 217, 1],
    [15, 19, 31, 120, 332, 3],
    [5, 6, 8, 37, 255, 5],
    [12, 23, 22, 157, 141, 9],
    [8, 12, 17, 126, 118, 7],
    [25, 54, 34, 347, 275, 13],
    [11, 20, 15, 136, 98, 6],
    [4, 20, 17, 153, 130, 9],
    [6, 19, 6, 124, 62, 10],
    [9, 21, 18, 79, 184, 8],
    [6, 8, 8, 15, 197, 1],
    [10, 3, 3, 17, 113, 2],
    [8, 1, 7, 10, 149, 1],
    [17, 4, 9, 35, 173, 2],
    [12, 5, 11, 48, 167, 6],
    [11, 7, 7, 33, 176, 2],
    [26, 38, 26, 152, 489, 23],
    [43, 67, 47, 349, 1080, 45],
    [26, 100, 36, 307, 848, 38],
    [18, 29, 41, 177, 610, 15],
    [2, 7, 5, 17, 66, 2],
    [5, 4, 7, 23, 62, 1],
    [43, 45, 38, 347, 753, 15],
    [1, 3, 2, 17, 22, 2],
    [63, 75, 45, 405, 870, 31],
    [29, 25, 37, 186, 406, 19],
    [11, 4, 12, 44, 163, 5],
    [4, 1, 1, 11, 66, 1],
    [26, 14, 36, 83, 403, 10],
    [26, 61, 65, 332, 338, 26],
    [2, 14, 5, 71, 39, 2],
    [12, 37, 32, 256, 190, 18],
    [6, 8, 2, 19, 75, 3],
    [6, 4, 7, 19, 135, 4],
    [23, 17, 34, 76, 284, 10],
    [10, 10, 3, 24, 172, 10],
    [39, 27, 20, 85, 335, 6],
    [8, 14, 17, 69, 77, 2],
    [29, 21, 25, 71, 386, 4],
    [6, 10, 8, 51, 43, 3],
    [14, 4, 13, 62, 313, 3],
    [2, 2, 13, 7, 26, 0],
    [7, 6, 1, 23, 65, 2],
    [5, 2, 5, 14, 62, 2],
    [0, 0, 0, 5, 18, 0],
    [15, 5, 10, 39, 164, 4],
    [19, 20, 47, 173, 921, 14],
    [8, 6, 1, 26, 97, 3],
    [13, 37, 17, 78, 234, 12],
    [11, 10, 32, 87, 320, 4],
    [4, 2, 1, 7, 72, 0],
    [36, 31, 35, 144, 490, 11],
    [5, 6, 4, 26, 69, 4],
    [5, 4, 10, 23, 108, 0],
    [8, 7, 11, 23, 102, 5],
    [10, 10, 6, 34, 161, 6],
    [6, 1, 12, 28, 76, 0],
    [3, 1, 5, 9, 36, 4],
    [6, 6, 9, 21, 196, 5],
    [0, 1, 0, 3, 6, 0],
    [4, 16, 1, 19, 74, 6],
    [4, 0, 3, 14, 53, 3],
    [0, 2, 3, 10, 63, 1],
    [4, 3, 2, 17, 91, 4],
    [13, 5, 16, 32, 224, 4],
    [6, 1, 4, 14, 119, 2],
    [1, 0, 6, 17, 45, 1],
    [8, 6, 21, 45, 97, 6],
    [4, 0, 7, 20, 60, 1],
    [5, 3, 8, 45, 168, 4],
    [3, 18, 6, 117, 180, 11],
    [62, 106, 86, 498, 1682, 41],
    [7, 15, 20, 108, 238, 12],
    [92, 80, 181, 506, 1311, 45],
    [6, 3, 18, 46, 181, 4]
  ],
  "W": [
    [0, 3, 7, 14, 1, 0],
    [0, 0, 5, 13, 5, 2],
    [2, 3, 7, 39, 2, 2],
    [16, 13, 32, 207, 20, 15],
    [7, 2, 4, 41, 0, 6],
    [17, 17, 43, 74, 11, 12],
    [17, 1, 13, 78, 9, 8],
    [51, 12, 67, 370, 19, 30],
    [1, 4, 5, 21, 1, 1],
    [14, 6, 32, 138, 16, 10],
    [19, 18, 50, 178, 10, 5],
    [19, 6, 24, 195, 17, 10],
    [33, 15, 122, 307, 17, 26],
    [17, 10, 30, 232, 9, 18],
    [20, 14, 155, 126, 29, 20],
    [7, 7, 130, 110, 9, 25],
    [18, 22, 346, 269, 59, 34],
    [11, 3, 137, 87, 33, 15],
    [12, 6, 154, 117, 33, 11],
    [8, 8, 114, 61, 16, 20],
    [13, 20, 72, 180, 26, 8],
    [18, 7, 17, 178, 6, 9],
    [14, 1, 14, 111, 1, 7],
    [8, 3, 13, 140, 4, 8],
    [18, 12, 33, 166, 6, 5],
    [20, 13, 45, 157, 6, 8],
    [19, 3, 33, 158, 13, 10],
    [37, 29, 163, 448, 44, 33],
    [78, 44, 359, 983, 102, 65],
    [72, 40, 303, 737, 141, 62],
    [57, 51, 159, 565, 33, 25],
    [8, 3, 15, 59, 10, 4],
    [5, 1, 25, 56, 9, 6],
    [90, 26, 341, 677, 57, 50],
    [2, 1, 19, 21, 2, 2],
    [108, 49, 367, 794, 97, 74],
    [47, 37, 155, 382, 42, 39],
    [18, 12, 43, 146, 7, 13],
    [14, 2, 9, 53, 2, 4],
    [53, 26, 90, 364, 27, 12],
    [24, 24, 354, 334, 57, 55],
    [5, 5, 69, 32, 13, 9],
    [29, 17, 263, 160, 35, 41],
    [7, 4, 21, 71, 7, 3],
    [19, 7, 16, 117, 7, 9],
    [44, 22, 85, 251, 25, 17],
    [18, 4, 24, 167, 8, 8],
    [50, 16, 85, 311, 31, 19],
    [13, 13, 72, 63, 15, 11],
    [57, 18, 60, 349, 34, 18],
    [10, 7, 54, 38, 10, 2],
    [29, 11, 57, 286, 7, 19],
    [5, 4, 10, 23, 2, 6],
    [18, 2, 18, 51, 10, 5],
    [8, 7, 9, 54, 3, 9],
    [4, 0, 4, 12, 1, 2],
    [23, 6, 30, 153, 8, 17],
    [74, 62, 162, 824, 39, 33],
    [13, 5, 20, 94, 6, 3],
    [28, 9, 89, 213, 34, 18],
    [34, 41, 77, 292, 9, 11],
    [13, 0, 10, 62, 1, 0],
    [70, 19, 168, 434, 28, 28],
    [13, 7, 25, 57, 5, 7],
    [3, 9, 23, 106, 6, 3],
    [15, 18, 20, 89, 6, 8],
    [21, 4, 29, 146, 10, 17],
    [7, 15, 25, 68, 1, 7],
    [5, 6, 10, 31, 3, 3],
    [35, 10, 23, 163, 7, 5],
    [2, 0, 2, 4, 1, 1],
    [3, 0, 18, 71, 20, 8],
    [11, 8, 8, 45, 0, 5],
    [10, 2, 11, 52, 3, 1],
    [12, 1, 12, 81, 9, 6],
    [26, 10, 39, 209, 3, 7],
    [27, 3, 15, 94, 4, 3],
    [4, 6, 7, 44, 7, 2],
    [11, 13, 50, 89, 2, 18],
    [5, 9, 14, 57, 3, 4],
    [6, 6, 44, 165, 2, 10],
    [3, 9, 121, 169, 20, 13],
    [114, 79, 514, 1554, 121, 93],
    [23, 22, 96, 220, 20, 19],
    [127, 148, 485, 1226, 91, 138],
    [12, 24, 36, 171, 4, 11]
  ],
  "method": "mvn_cdf",
  "mvncdf_method": "genz",
  "mvncdf_samples": 5000,
  "mvncdf_error": 1e-06,
  "cond_prob": [
    [
      [0.31613274639, 0.009850338286, 0.035113311335, 0.029249212379, 0.60542916759, 0.0042252240192],
      [0, 0, 0.23619401699, 0.25263436244, 0.51117162057, 0],
      [0, 0, 0.02293113055, 0.97232066074, 0.004748208711, 0],
      [0, 0, 0.0026315336346, 0.019098696642, 0.97826976972, 0],
      [0, 0, 0.094058564301, 0.1684705345, 0.7374709012, 0],
      [0.0011145150556, 0.0055261103978, 0.14478498325, 0.27568860083, 0.56268945752, 0.010196332937]
    ],
    [
      [0.027715263071, 0.0010837373709, 0.0095350875186, 0.0013545021126, 0.96010041933, 0.00021099059921],
      [0.014283473886, 0.00086568888868, 0.63813752079, 0.020259750504, 0.32456002446, 0.0018935414717],
      [0.10427911614, 0.12985444527, 0.12187897398, 0.57874071713, 0.065246747478, 0],
      [0, 0.034502322746, 0.022159416082, 0, 0.94333826117, 0],
      [0.049869785146, 0.17440182132, 0.065015047849, 0.011131191528, 0.69958215416, 0],
      [0.11462774677, 0.015094235677, 0.38872874091, 0.025320228353, 0.45622904829, 0]
    ],
    [
      [0.35531633349, 0.078432325075, 0.053586352855, 0.18894146975, 0.31803218732, 0.0056913315192],
      [0.010116418582, 0.011464813184, 0.31619624993, 0.62893877366, 0.02481225623, 0.0084714884118],
      [0.0015162894523, 0.081464277071, 0.0078258633456, 0.90068651593, 0.0048432230544, 0.0036638311445],
      [0.0043055548494, 0.0094446934605, 0.013718842667, 0.025067401457, 0.92795076997, 0.019512737598],
      [0.0035333207339, 0.84891390975, 0.0091906851239, 0.11977339642, 0.0087190189968, 0.0098696689773],
      [0.036710385257, 0.086160053168, 0.16802063342, 0.60665983917, 0.024039114263, 0.078409974722]
    ],
    [
      [0.51243516435, 0.018868661027, 0.057879171333, 0.016072325997, 0.39031275176, 0.0044319255329],
      [0.051366332767, 0.0063495834025, 0.73312871114, 0.11020643672, 0.082928947699, 0.016019988276],
      [0.033966984261, 0.17790272745, 0.0848258274, 0.67440964583, 0.0071398693745, 0.021754945692],
      [0, 0, 7.0233854049e-05, 0.0089184975627, 0.97831582601, 0.01269544257],
      [0.05635294579, 0.66017618806, 0.072587911191, 0.063826474277, 0.086726556238, 0.06032992444],
      [0.19461817548, 0.047943053317, 0.42416912704, 0.10709279728, 0.080169114821, 0.14600773206]
    ],
    [
      [0.22903817711, 0.0052849704343, 0.020242610024, 0, 0.74145149168, 0.0039827507553],
      [0.047246963273, 0.0033682347399, 0.52076938774, 0.097437062916, 0.30514104084, 0.026037310499],
      [0.019208768774, 0.1536194688, 0.065320382238, 0.70128146854, 0.025084453006, 0.03548545864],
      [0, 0, 0.0022933762102, 0, 0.98875612633, 0.0089504974576],
      [0.038608293152, 0.56881600758, 0.034508719493, 0.046623760031, 0.2379910132, 0.073452206546],
      [0.20423395976, 0.056965143713, 0.24357550013, 0, 0.26003641416, 0.23518898223]
    ],
    [
      [0.21116759441, 0.021583126031, 0.065023594165, 0.051723846538, 0.64492225534, 0.005579583514],
      [0.018215528772, 0.0061620444888, 0.57624480304, 0.27191456281, 0.11156772408, 0.015895336821],
      [0, 0.10001529425, 0.030240872242, 0.85279503476, 0.0045053213644, 0.012443477382],
      [0, 0, 0, 0.011922076636, 0.97806105401, 0.010016869358],
      [0.019583920332, 0.60568659173, 0.055897301758, 0.1512093138, 0.11199366883, 0.055629203542],
      [0.073755315185, 0.047093494943, 0.34860078515, 0.27353536862, 0.11145776481, 0.14555727129]
    ],
    [
      [0.23795089511, 0.015581070695, 0.032899291812, 0, 0.70851429306, 0.0050544493205],
      [0.026993265931, 0.0016265341512, 0.71437874808, 0.077248155482, 0.16178368674, 0.017969609614],
      [0.040462151701, 0.078188998351, 0.092285175022, 0.73193291458, 0.020774678418, 0.03635608193],
      [0, 0, 0, 0, 0.99050814061, 0.009491859386],
      [0.055970920669, 0.29050860182, 0.11913699744, 0.083531878741, 0.320477167, 0.13037443433],
      [0.11226190738, 0.012807608642, 0.43179912986, 0.08197963079, 0.17243413011, 0.18871759322]
    ],
    [
      [0.20672729801, 0.0054321360574, 0.023313587799, 0.016751353442, 0.74312422929, 0.0046513954016],
      [0.036131674235, 0.0031369376551, 0.47069067105, 0.19535105087, 0.2650490435, 0.029640622696],
      [0.0097031439035, 0.067637281384, 0.034162407313, 0.84367373463, 0.016474930456, 0.028348502318],
      [0, 0.00086177760265, 0.0016516423672, 0.0024455917214, 0.98966567642, 0.005375311885],
      [0.045063112646, 0.32915803113, 0.055082696148, 0.12797911623, 0.31506924812, 0.12764779573],
      [0.11723393095, 0.01935865507, 0.2405386259, 0.1646285333, 0.22178798176, 0.23645227302]
    ],
    [
      [0.94152692767, 0, 0.0040056789848, 0.024460562518, 0.030006830831, 0],
      [0.068814681553, 0, 0.14492395012, 0.76015018877, 0.026111179556, 0],
      [0.0083852608076, 0, 0.0056847663134, 0.97997681541, 0.0059531574646, 0],
      [0.0079143429452, 0, 0.014229264251, 0.035992281377, 0.94186411143, 0],
      [0.25437596371, 0, 0.022352605919, 0.68593162398, 0.037339806393, 0],
      [0.32071087653, 0, 0.066707533784, 0.59328507241, 0.019296517275, 0]
    ],
    [
      [0.2386921831, 0.010080711252, 0.091902870991, 0.023059584042, 0.62857750668, 0.0076871439406],
      [0.015358023174, 0.0023068179923, 0.78061273767, 0.10071040491, 0.082783889869, 0.018228126384],
      [0.011733532464, 0.10068881022, 0.050001561878, 0.79723634919, 0.0096254383615, 0.030714307881],
      [0, 0, 0, 0.0043975821995, 0.98367969385, 0.01192272395],
      [0.032956238556, 0.40265672931, 0.14391543443, 0.11391363523, 0.17014377497, 0.13641418751],
      [0.066338844186, 0.018047953843, 0.51269864492, 0.11318557126, 0.092509938879, 0.19721904691]
    ],
    [
      [0.28987203002, 0.0033148572998, 0.018170476625, 0.024677836009, 0.66226467511, 0.0017001249332],
      [0.051538292969, 0.0019200381618, 0.39313054246, 0.29832870482, 0.24341501459, 0.01166740701],
      [0.018613563598, 0.022279440881, 0.019854280666, 0.92125471952, 0.010287788437, 0.0077102068993],
      [0, 0, 0, 0.0087203843249, 0.98961003883, 0.0016695768477],
      [0.072612999663, 0.27138422149, 0.051309515603, 0.21996341582, 0.3274728989, 0.057256948524],
      [0.18158679593, 0.014928553081, 0.21452039812, 0.26932117703, 0.21915911765, 0.1004839582]
    ],
    [
      [0.24145088233, 0.006639304902, 0.02484140477, 0.01678945373, 0.71027895427, 0],
      [0.0403111132, 0.0032612703317, 0.51324448017, 0.1920141222, 0.24318406921, 0.0079849448842],
      [0.011826624234, 0.077276367509, 0.036035927245, 0.85966960515, 0.015191475863, 0],
      [0, 0.00076041560842, 0.0022008703212, 0.0031372865497, 0.99390142752, 0],
      [0.077195421014, 0.38904081406, 0.063671850118, 0.13866182208, 0.32016948837, 0.011260604359],
      [0.15744054176, 0.023767788197, 0.30720930098, 0.19278232699, 0.24273403641, 0.076066005659]
    ],
    [
      [0.28678967258, 0.011079728329, 0.062441965459, 0.031910934556, 0.60610575811, 0.0016719409648],
      [0.025694139608, 0.0033668743787, 0.66453317592, 0.18843369931, 0.11122279201, 0.0067493187736],
      [0.012520299214, 0.078155036357, 0.044639650544, 0.85442620806, 0.0079353658746, 0.0023234399551],
      [0, 0.0011592794214, 0, 0.011509484415, 0.98733123616, 0],
      [0.043043733219, 0.46957263242, 0.10347425033, 0.16645297519, 0.17770675247, 0.039749656368],
      [0.11120418238, 0.02731991848, 0.45255068765, 0.21220476898, 0.1242441989, 0.072476243607]
    ],
    [
      [0.15361316712, 0.0057742363184, 0.015356051033, 0.021372102218, 0.80118767726, 0.0026967660475],
      [0.029885451803, 0.0037768542981, 0.35436032537, 0.27865439936, 0.31474628208, 0.018576687089],
      [0, 0.068603947311, 0.014668206919, 0.88977823619, 0.013931556811, 0.013018052767],
      [0, 0.0001380772341, 0, 0.0053444820263, 0.99057221145, 0.0039452292881],
      [0.033163649115, 0.36367153461, 0.036562026006, 0.16219334293, 0.33330892802, 0.071100519316],
      [0.099513822157, 0.027826293914, 0.1903466354, 0.24761795925, 0.27788147514, 0.15681381415]
    ],
    [
      [0.34099976631, 0.012472970463, 0.051483621214, 0.048586807185, 0.54116232634, 0.0052945084933],
      [0.030829837625, 0.0038492489091, 0.55128335306, 0.29632504453, 0.10056135496, 0.017151160915],
      [0.0068667671213, 0.057671689174, 0.028905538194, 0.8911969793, 0.0025304629963, 0.012828563214],
      [0.0011101651239, 0.001347635385, 0.0018753164868, 0.013567990806, 0.97273017128, 0.0093687209165],
      [0.043232782888, 0.44988115948, 0.072317283197, 0.21796747518, 0.13413712158, 0.082464177669],
      [0.1145203267, 0.02705918002, 0.32192555614, 0.28567789097, 0.096134731603, 0.15468231457]
    ],
    [
      [0.34260424897, 0.0091544423686, 0.042303575918, 0.035678137235, 0.56619748932, 0.0040621061926],
      [0.03712027951, 0.0034190856553, 0.55365327224, 0.26376716178, 0.1258834762, 0.016156724618],
      [0.0095108726842, 0.05730919299, 0.03106313087, 0.8835010074, 0.0054204998761, 0.013195296178],
      [0.0015828539913, 0.00082132423967, 0.0010391551952, 0.0084937078785, 0.98092300285, 0.0071399558407],
      [0.053489323625, 0.41894648354, 0.074098817463, 0.20027630955, 0.17320627221, 0.079982793609],
      [0.13799988, 0.024037047877, 0.32035594484, 0.25247829168, 0.11961525974, 0.14551357585]
    ],
    [
      [0.52390335458, 0.013672198445, 0.041580047838, 0.049039996242, 0.36809044987, 0.0037139530213],
      [0.054766124628, 0.0049250150521, 0.50498479749, 0.34118307301, 0.07985477568, 0.014286214134],
      [0.0093569888962, 0.064903843343, 0.024501829939, 0.89345341214, 0, 0.0077839256827],
      [0.0023485791942, 0.0033703027806, 0.0026064365018, 0.02184918025, 0.96151764412, 0.0083078571488],
      [0.068003971099, 0.4948798247, 0.059678069643, 0.22253707476, 0.093991922484, 0.060909137308],
      [0.19068719469, 0.031891152781, 0.27770949728, 0.30791926362, 0.071288151215, 0.12050474042]
    ],
    [
      [0.41876730537, 0.0082811658369, 0.047027483595, 0.038115489283, 0.48445838376, 0.0033501721628],
      [0.041985972933, 0.002881847595, 0.5792968419, 0.26208372394, 0.10128017464, 0.012471438991],
      [0.010883151488, 0.047554744237, 0.033473732859, 0.89379465417, 0.0043948512597, 0.0098988659906],
      [0.0011876859887, 0, 0.0016150076196, 0.012788851938, 0.97819376666, 0.0062146877933],
      [0.068342519529, 0.39607849427, 0.086539000658, 0.22272111984, 0.15673094585, 0.069587919864],
      [0.16119854285, 0.020978090781, 0.34417420457, 0.25881225015, 0.099336247982, 0.11550066367]
    ],
    [
      [0.21477881897, 0.010603914342, 0.065667977707, 0.051793939704, 0.65066131151, 0.0064940377603],
      [0.016141049462, 0.0026920163333, 0.60013404625, 0.26318102632, 0.10011935365, 0.017732507986],
      [0, 0.044620794618, 0.034385995055, 0.89984469494, 0.0057551227979, 0.015393392593],
      [0, 0, 0, 0.013141978592, 0.97684920186, 0.010008819545],
      [0.018845808336, 0.3865870036, 0.098008857583, 0.23365665508, 0.16031579128, 0.10258588412],
      [0.063990563679, 0.02069340363, 0.37104040467, 0.27045658477, 0.1021164999, 0.17170254336]
    ],
    [
      [0.38738111952, 0.031106543567, 0.034920474339, 0.10778093948, 0.42667337076, 0.012137552327],
      [0.028497864071, 0.0083894564437, 0.31532776356, 0.54948384817, 0.064909449103, 0.033391618646],
      [0.0010210237313, 0.072679332688, 0, 0.91164840739, 0, 0.01465123619],
      [0.0059457474778, 0.0072152178317, 0, 0.040046826872, 0.92251004768, 0.024282160143],
      [0.023751949279, 0.56480352431, 0.023510916126, 0.24105514942, 0.050705242221, 0.096173218644],
      [0.090692482063, 0.046080169845, 0.14109197194, 0.42571122131, 0.049147032866, 0.24727712198]
    ],
    [
      [0.41017777786, 0.018565297308, 0.051629583008, 0.05062045375, 0.46195279119, 0.0070540968821],
      [0.035590403342, 0.0056991243002, 0.5479767102, 0.30391152502, 0.083934619252, 0.02288761789],
      [0.0073235402726, 0.079588626735, 0.026662744992, 0.86938363835, 0.0022393009821, 0.014802148671],
      [0.0021728577256, 0.003071331337, 0.0032382571248, 0.015493543693, 0.96222684549, 0.013797164625],
      [0.040359865091, 0.54103868453, 0.057616925454, 0.18060451612, 0.090508253403, 0.089871755397],
      [0.12351437979, 0.036805260691, 0.29607965416, 0.27294079449, 0.075080610157, 0.19557930071]
    ],
    [
      [0.20911141719, 0, 0.031470026428, 0.017345694826, 0.74207286155, 0],
      [0.038855177932, 0.0091170192716, 0.51522604408, 0.14593943029, 0.28111656768, 0.0097457607501],
      [0.028276995985, 0.19511441587, 0.059116000316, 0.6987387194, 0.018753868427, 0],
      [0, 0, 0, 0.0011210573949, 0.99887894261, 0],
      [0.027560465777, 0.67063667017, 0.032530550138, 0.054932022996, 0.19043228964, 0.023908001277],
      [0.14643739096, 0.066157308255, 0.29186687884, 0.13983365522, 0.26811235928, 0.087592407454]
    ],
    [
      [0.57077402028, 0.041561522679, 0.025559799246, 0.036252472695, 0.32291099823, 0.0029411868668],
      [0.073533965113, 0.007459250563, 0.4612319491, 0.35717310739, 0.087512886608, 0.013088841222],
      [0.010320911677, 0.091147594946, 0.015858488506, 0.87298005231, 0.00284339483, 0.0068495577354],
      [0, 0.0010702222314, 0.0033694475001, 0.015016136584, 0.97089508566, 0.0096491080266],
      [0.053159157958, 0.68483291651, 0.028174291582, 0.14108195142, 0.060331023885, 0.03242065865],
      [0.24828254707, 0.047283645501, 0.22238986547, 0.30081406147, 0.074605725529, 0.10662415496]
    ],
    [
      [0.48284864492, 0.00095650390335, 0.021179768565, 0.0040629788993, 0.4901404652, 0.0008116385052],
      [0.1004661651, 0.00072764829721, 0.62333906946, 0.064746352708, 0.20381824894, 0.0069025154906],
      [0, 0.031602921184, 0.15073491901, 0.6935760245, 0.10816940956, 0.015916725741],
      [0, 0, 0, 0, 0.99932913823, 0.00067086176906],
      [0.21470865716, 0.13506493484, 0.10852252801, 0.072604630939, 0.41829245422, 0.050806794836],
      [0.37212221458, 0.0048834136431, 0.32086257299, 0.058293783546, 0.18524625476, 0.058591760481]
    ],
    [
      [0.61506318901, 0.0029327466593, 0.014658211717, 0.10360261896, 0.26247450817, 0.0012687254878],
      [0.1720695802, 0.0025997298674, 0.46016036131, 0.21236842513, 0.14194314419, 0.010858759312],
      [0, 0.061516405812, 0.058154533136, 0.86141550273, 0.0092190053066, 0.009694553014],
      [0, 0, 0, 0.0029779256445, 0.99183184478, 0.0051902295763],
      [0.24214112898, 0.30381587481, 0.058036905729, 0.15539075388, 0.18853634519, 0.052078991409],
      [0.48223617232, 0.012615432211, 0.18938136512, 0.14666799734, 0.098521928634, 0.070577104378]
    ],
    [
      [0.43996494486, 0.0068185120242, 0.031062993895, 0.028997420741, 0.48701372217, 0.0061424063101],
      [0.057166504281, 0.0031595368953, 0.50866024125, 0.26696017384, 0.13346995386, 0.030583589871],
      [0.012116172778, 0.050985882275, 0.027103654507, 0.88164539867, 0.0061774950016, 0.021971396769],
      [0.00015191748377, 0.0012849352215, 0.001480823009, 0.0092271477442, 0.97693256653, 0.010922610012],
      [0.076126850919, 0.36329134136, 0.061714517553, 0.18669475916, 0.16923597752, 0.14293655349],
      [0.17896207772, 0.018338524942, 0.24296452691, 0.2133369543, 0.10660000887, 0.23979790726]
    ],
    [
      [0.3496986713, 0.0044281491562, 0.021141736103, 0.014200341764, 0.60925721871, 0.001273882966],
      [0.065263876592, 0.0027979744477, 0.49855093496, 0.18661076518, 0.23642406494, 0.010352383875],
      [0.018708180957, 0.062740937279, 0.035797071993, 0.85776326718, 0.015088448322, 0.0099020942726],
      [0, 0.0016000103997, 0.0025223797402, 0.0022945964299, 0.99313355194, 0.00044946149091],
      [0.092070157324, 0.33819461084, 0.062827239473, 0.13797754353, 0.31866279218, 0.050267656649],
      [0.23456515987, 0.018768872843, 0.27060607213, 0.17079190923, 0.21592043503, 0.089347550903]
    ],
    [
      [0.33653116032, 0.0087109793195, 0.01984559651, 0.017617741307, 0.61196113433, 0.0053333882101],
      [0.06389546501, 0.0055259227354, 0.43430259081, 0.21928186404, 0.23912178717, 0.037872370246],
      [0.016120871105, 0.10188765026, 0.027348237872, 0.81076601686, 0.013191571213, 0.030685652685],
      [0.00091981608171, 0.00090620638344, 0.00018965680091, 0.0059287036349, 0.98641111072, 0.0056445063835],
      [0.061413672363, 0.4437488794, 0.039540820193, 0.11083150658, 0.21880418133, 0.12566094013],
      [0.18040598194, 0.029661329095, 0.19358826325, 0.16065040145, 0.17373086409, 0.26196316017]
    ],
    [
      [0.26350466591, 0.0067167579283, 0.020311550542, 0.020001165573, 0.68451811644, 0.0049477436069],
      [0.048244151712, 0.0040566635587, 0.42093975471, 0.23715646997, 0.25650445449, 0.03309850556],
      [0.01229844631, 0.072394210562, 0.025695286726, 0.8499583683, 0.013338786529, 0.026314901577],
      [0.0010255034978, 0.0012314644247, 0, 0.0057864144362, 0.98678277307, 0.0051738445734],
      [0.053401004527, 0.36850473583, 0.044418336335, 0.13788497587, 0.270036112, 0.12575483543],
      [0.14544275013, 0.023231777058, 0.20213956323, 0.18642549629, 0.19971718779, 0.24304322551]
    ],
    [
      [0.18381254582, 0.010398237173, 0.017770956192, 0.023280378611, 0.76030549839, 0.0044323838162],
      [0.033623239362, 0.0062748097921, 0.37293842041, 0.27390774948, 0.28464597292, 0.028609808037],
      [0.0020053053834, 0.10045692316, 0.01245175014, 0.85183712601, 0.013050874453, 0.020198020853],
      [0, 0, 0, 0.0052140191891, 0.9889250675, 0.0058609133138],
      [0.030344104026, 0.46984705499, 0.031933352223, 0.13154927106, 0.24688156994, 0.089444647762],
      [0.10539420851, 0.037313742894, 0.18592695778, 0.22370442289, 0.2301560344, 0.21750463353]
    ],
    [
      [0.2348251863, 0.013052286284, 0.03945963802, 0.04197378809, 0.66546207029, 0.0052270310165],
      [0.025674474706, 0.0047497832473, 0.49616586702, 0.30324274836, 0.14973626393, 0.020430862746],
      [0, 0.073221248538, 0.024810438264, 0.88191546593, 0.0065200107811, 0.01353283649],
      [0, 5.6964845503e-05, 0.0011391260937, 0.0099670390187, 0.9811701818, 0.0076666882397],
      [0.030619052104, 0.47084992726, 0.056001658412, 0.18961499559, 0.16953175367, 0.083382612967],
      [0.091805498066, 0.032054779249, 0.28039283042, 0.28115531722, 0.13758920918, 0.17700236587]
    ],
    [
      [0.1932635657, 0.014742288671, 0.049604260332, 0.036592927215, 0.70115377194, 0.0046431861332],
      [0.016541981936, 0.0045328657286, 0.61258139304, 0.23144711647, 0.12153714537, 0.013359497463],
      [0, 0.081256511013, 0.034790895714, 0.86713286069, 0.0053361958526, 0.011483536728],
      [0, 0, 0.00033979441636, 0.0076519076421, 0.98185722861, 0.01015106933],
      [0.012758586538, 0.55037795663, 0.071875822643, 0.15568473466, 0.14943202766, 0.059870871869],
      [0.069169915793, 0.036458965494, 0.37618805138, 0.24940310625, 0.13055467146, 0.13822528962]
    ],
    [
      [0.42963198477, 0.003490073976, 0.049717453427, 0.013203454079, 0.50280738401, 0.001149649731],
      [0.039951637378, 0.0012044261755, 0.76214218785, 0.090475159495, 0.1014392433, 0.0047873458064],
      [0.026100485351, 0.056661884055, 0.058659480064, 0.83571056192, 0.014421991476, 0.0084455971378],
      [0, 0, 0, 0.0019854840928, 0.99706876176, 0.00094575414386],
      [0.11079462021, 0.27799767339, 0.16170174412, 0.13173358348, 0.27256605099, 0.045206327804],
      [0.19370412052, 0.010469840341, 0.51124464105, 0.10899236028, 0.12250482201, 0.053084215801]
    ],
    [
      [0.3027999228, 0.0080248989069, 0.027406080219, 0.031976976654, 0.62722300936, 0.0025691120604],
      [0.043792778332, 0.0038550089089, 0.45137785885, 0.30103666969, 0.18583898734, 0.014098696882],
      [0.0090827539951, 0.057246780571, 0.022980457761, 0.89356128085, 0.0082458407415, 0.0088828860849],
      [0.00094179756768, 0.00034703234827, 0.00031138507873, 0.009404427551, 0.98626987105, 0.0027254864041],
      [0.055359216971, 0.40563217401, 0.054295880003, 0.19996552704, 0.22356704256, 0.061180159412],
      [0.15438206557, 0.026008037475, 0.25311238991, 0.27651778854, 0.16916519334, 0.12081452517]
    ],
    [
      [0.27524489515, 0.01574132907, 0.042514582383, 0.036272017433, 0.61875950458, 0.011467671386],
      [0.019092326123, 0.0050268317232, 0.6107708304, 0.24182051977, 0.08568425649, 0.0376052355],
      [0.012688829987, 0.087179991499, 0.029536959239, 0.8424680342, 0, 0.02812618508],
      [0.0012694329116, 0.0066535134464, 0.0068184878193, 0, 0.96940879624, 0.015849769579],
      [0.020356922543, 0.55356050055, 0.045871526357, 0.1396635446, 0.087253617144, 0.15329388881],
      [0.060979088798, 0.030112944086, 0.25403324119, 0.19970785323, 0.072352389466, 0.38281448323]
    ],
    [
      [0.3674339198, 0.012203671846, 0.025605479421, 0.042754598316, 0.54762690985, 0.004375420767],
      [0.049616149524, 0.0054503160651, 0.39588668835, 0.37659634788, 0.15165675447, 0.020793743714],
      [0.010905126647, 0.066321852948, 0.010846107252, 0.89466106786, 0.005825921355, 0.01143992394],
      [0, 0.00096669916051, 0, 0.01259133746, 0.97884550592, 0.0075964574609],
      [0.052292506223, 0.47259316038, 0.039576151209, 0.20840377412, 0.15208817299, 0.075046235075],
      [0.15961338854, 0.033320570688, 0.20292908736, 0.31589165404, 0.12609615069, 0.16214914869]
    ],
    [
      [0.39419594106, 0.010535386973, 0.04307461393, 0.055200948481, 0.49069520978, 0.0062978997853],
      [0.038401434596, 0.0033872055126, 0.48049592435, 0.35721067503, 0.098392001039, 0.022112759475],
      [0.0070153536944, 0.043742374579, 0.021704553293, 0.91071686337, 0.0040474739681, 0.012773381092],
      [0.0017214097719, 0.0002407665269, 0.0028076398821, 0.015430040673, 0.96834691399, 0.011453229158],
      [0.052548497819, 0.39600345379, 0.062540513933, 0.25664736694, 0.12821461429, 0.10404555323],
      [0.13076775452, 0.022444212209, 0.25983892728, 0.31677388908, 0.086562248539, 0.18361296837]
    ],
    [
      [0.34620795635, 0.0034223236618, 0.023566765123, 0.016699489075, 0.60674369922, 0.0033597665722],
      [0.05979035808, 0.0020445070878, 0.4999677032, 0.20064967786, 0.21750466526, 0.020043088505],
      [0.01862840331, 0.042250443097, 0.03660072845, 0.87028511157, 0.012819912146, 0.019415401424],
      [0, 0, 0.0010562444571, 0.0035615915627, 0.98849665761, 0.0068855063705],
      [0.089023891419, 0.27445588425, 0.068191606765, 0.15662818495, 0.30899903799, 0.10270139463],
      [0.20204491589, 0.013531065086, 0.25929242522, 0.17330489245, 0.18721507166, 0.16461162969]
    ],
    [
      [0.20629693732, 0.0073848012975, 0, 0.017994052041, 0.76587368565, 0.0024505236849],
      [0.047196359197, 0.0023411987183, 0.26179998843, 0.31474138857, 0.36022798089, 0.013693084189],
      [0.018302408879, 0.030971085636, 0, 0.93056581185, 0.01182774911, 0.0083329445212],
      [0, 0.00068159187451, 0, 0.0053841037773, 0.98856548451, 0.0053688198413],
      [0.055885435004, 0.25934110932, 0.027099584251, 0.19347038371, 0.40789662828, 0.056306859424],
      [0.1852394023, 0.01459600642, 0.10555021366, 0.26780247999, 0.31027469041, 0.11653720723]
    ],
    [
      [0.35568136408, 0.0046773587327, 0.054647499558, 0.016028847315, 0.5650108165, 0.0039541138216],
      [0.038215083426, 0.0016940047102, 0.70651458302, 0.11368331741, 0.12518048798, 0.014712523454],
      [0.023776718543, 0.06152766634, 0.063196126357, 0.8147243007, 0.013373663404, 0.023401524652],
      [0, 0, 0, 0.0028773126594, 0.98969653389, 0.0074261534529],
      [0.080676929788, 0.29692021892, 0.13791816721, 0.12605958599, 0.2517190151, 0.106706083],
      [0.15309281348, 0.012809998608, 0.44357178984, 0.11821392888, 0.12917938244, 0.14313208676]
    ],
    [
      [0.45322531072, 0.016291662243, 0.086231337426, 0.043324260556, 0.39410596879, 0.006821460272],
      [0.03154103356, 0.003906777243, 0.69377167267, 0.19748160092, 0.056179132302, 0.017119783303],
      [0.010795226494, 0.08229673458, 0.046254318397, 0.84369677273, 0, 0.016956947801],
      [0.0026821783622, 0.0040337024036, 0.0010454375096, 0.020986182824, 0.95582108606, 0.015431412843],
      [0.050504157921, 0.4996050283, 0.1044581438, 0.16635303393, 0.085235722538, 0.093843913517],
      [0.12308205426, 0.028317276275, 0.42913834037, 0.20109988694, 0.056190520838, 0.16217192132]
    ],
    [
      [0.2023349076, 0.020218182431, 0.02815854161, 0.056568735553, 0.68971414229, 0.003005490513],
      [0.021696213906, 0.0077882958859, 0.38160909211, 0.42715649402, 0.14915696303, 0.012592941056],
      [0, 0.081973414293, 0.0090842299514, 0.89746495254, 0.0071132488388, 0.0043641543807],
      [0, 0.00047544356666, 0, 0.014228875954, 0.9820868778, 0.0032088026771],
      [0.012701890566, 0.59349062117, 0.03024656484, 0.19930140422, 0.12583973849, 0.03841978071],
      [0.079413312788, 0.052578861423, 0.21457162465, 0.40111664908, 0.13912595706, 0.113193595]
    ],
    [
      [0.23823734495, 0.013730707272, 0.045007266249, 0.043558834615, 0.65304928881, 0.0064165581101],
      [0.023922857614, 0.0046638228552, 0.52331593866, 0.29030581976, 0.13462493538, 0.023166625719],
      [0.0007224702373, 0.071450060674, 0.028176503291, 0.87663850439, 0.0063985232268, 0.016613938181],
      [0, 0, 0.0014086575506, 0.010936024664, 0.9785425991, 0.0091127186817],
      [0.029039502524, 0.46999864381, 0.060620682644, 0.18651007932, 0.15663364456, 0.097197447135],
      [0.084830150154, 0.03124892707, 0.29368021598, 0.2675134508, 0.12295467557, 0.19977258042]
    ],
    [
      [0.55521176967, 0.012559989292, 0.0098998790603, 0.01483566428, 0.40293274039, 0.0045599573037],
      [0.12703961504, 0.011661839733, 0.34667289547, 0.26289481889, 0.21204509532, 0.039685735547],
      [0.0094328005307, 0.14961235279, 0.0039177101375, 0.80238339177, 0.0091470456741, 0.025506699093],
      [0, 0, 0, 0, 0.98582199335, 0.014178006646],
      [0.068642198534, 0.65207999758, 0.016158933731, 0.076149600376, 0.10970053774, 0.077268732045],
      [0.30892498375, 0.053004441462, 0.1162082719, 0.15382421486, 0.12597906152, 0.24205902651]
    ],
    [
      [0.21755021099, 0.005880216811, 0.023652055878, 0.01964875322, 0.72893043507, 0.0043383280277],
      [0.034963215932, 0.0032237363621, 0.47678268866, 0.22248621345, 0.23865366405, 0.023890481549],
      [0.0087005623222, 0.059760963408, 0.028630936745, 0.87077125466, 0.012183617836, 0.01995266503],
      [0.00082118663131, 0.0017021195069, 0.0011507337647, 0.0029438107628, 0.98616225073, 0.0072198986007],
      [0.044206370919, 0.36072581258, 0.054022042177, 0.14729026862, 0.28833480288, 0.10542070283],
      [0.11967456113, 0.020589515683, 0.24913855378, 0.1957191534, 0.209497916, 0.20538030001]
    ],
    [
      [0.3599998004, 0.006695218386, 0.055819184805, 0.016141642247, 0.55690641875, 0.004437735413],
      [0.037730809381, 0.0024110428975, 0.71065965103, 0.11304718855, 0.12025256523, 0.015898742917],
      [0.023293865006, 0.08544814487, 0.062005042795, 0.79140063604, 0.012876324952, 0.024975986334],
      [0, 0, 0, 0.0028078444213, 0.98874608174, 0.0084460738357],
      [0.072316165844, 0.36394040897, 0.12557760319, 0.11399896679, 0.21968201582, 0.10448483938],
      [0.1495322532, 0.017103818179, 0.4411514605, 0.11640778882, 0.12286803566, 0.15293664365]
    ],
    [
      [0.42833655674, 0.025682323997, 0.019519879089, 0.028413262958, 0.477530615, 0.020517362222],
      [0.061533510649, 0.01315671137, 0.36324105578, 0.2803265711, 0.14505197592, 0.13669017518],
      [0.010739640263, 0.16986673946, 0.014574002883, 0.7254416598, 0.008681804988, 0.070696152612],
      [0.0045227106707, 0.0020368589745, 0.00012634189156, 0.020783033286, 0.96768217466, 0.0048488805135],
      [0.028781615858, 0.59275387118, 0.015213839318, 0.06946632344, 0.065307082042, 0.22847726816],
      [0.10006387012, 0.040762894679, 0.087886509206, 0.11626975011, 0.061312235186, 0.59370474069]
    ],
    [
      [0.55525803451, 0.0094803279756, 0.024818530344, 0.038789850067, 0.36970862658, 0.0019446305246],
      [0.10314361744, 0.0057452219195, 0.51920165372, 0.22053862256, 0.1383977082, 0.012973176168],
      [0, 0.11291585652, 0.047065739123, 0.82085432161, 0.0084518753863, 0.010712207357],
      [0, 0, 0, 0.0080341595068, 0.98735960293, 0.004606237564],
      [0.11046825739, 0.52229627742, 0.05244705679, 0.12493313029, 0.14188776014, 0.047967517973],
      [0.32433075876, 0.033948823462, 0.25396844407, 0.17830113439, 0.11128625563, 0.098164583694]
    ],
    [
      [0.31679419482, 0.010404396265, 0.044376589754, 0.025897244905, 0.60108479378, 0.0014427804775],
      [0.03561262036, 0.0041871266142, 0.61462661072, 0.19957483002, 0.13810381225, 0.0078950000415],
      [0.012499527789, 0.083981159126, 0.041069790289, 0.84842704862, 0.0093266286318, 0.0046958455388],
      [0.00260909084, 0.0021454145123, 0, 0.0064352775957, 0.98869434993, 0.00011586712589],
      [0.051139550683, 0.48625544305, 0.080540350175, 0.15116107185, 0.18959483324, 0.041308751004],
      [0.14429812897, 0.030424907766, 0.38798438549, 0.20993426898, 0.14430584694, 0.08305246186]
    ],
    [
      [0.38261567593, 0.009131123888, 0.042611376492, 0.028541840593, 0.53545909858, 0.0016408845199],
      [0.044933653117, 0.0035938121477, 0.59073952107, 0.22220269839, 0.12972795624, 0.0088023590341],
      [0.011745450321, 0.06872112169, 0.038274004031, 0.86654966182, 0.0074255385201, 0.007284223615],
      [0.00072822540337, 0.0017115242974, 0.0010387483048, 0.0098391191233, 0.98595891697, 0.00072346590043],
      [0.066951858368, 0.44766009953, 0.08194058077, 0.17384639693, 0.18410766927, 0.045493395134],
      [0.17482554702, 0.026322480808, 0.36071650079, 0.22421426311, 0.12993739331, 0.083983814947]
    ],
    [
      [0.43564516739, 0.01499132547, 0.051041626114, 0.038500873676, 0.45335772872, 0.0064632786376],
      [0.037048637095, 0.004891663732, 0.60419135002, 0.25216980423, 0.081927489007, 0.019771055918],
      [0.0088736035031, 0.080592082264, 0.033630385154, 0.85766100933, 0, 0.019242919754],
      [0.0041515099024, 0.0026227181872, 0.0027488060365, 0.0097278196083, 0.96692922579, 0.013819920474],
      [0.047311259732, 0.52987503307, 0.06729584684, 0.16880530271, 0.099368643934, 0.087343913716],
      [0.13708165185, 0.032729517573, 0.33339519631, 0.23919897894, 0.077966635187, 0.17962802014]
    ],
    [
      [0.28706095437, 0.0033397851288, 0.021889487723, 0.020514016161, 0.66566874175, 0.0015270148682],
      [0.050299038868, 0.0020352037472, 0.4562430773, 0.24066707936, 0.23970565059, 0.011049950133],
      [0.019779052879, 0.030114479183, 0.02946713541, 0.89913253107, 0.012784861668, 0.0087219397939],
      [0, 0, 0.0011274125636, 0.0066509659201, 0.99192919872, 0.00029242279207],
      [0.075554271268, 0.27019926973, 0.063600787378, 0.18977550243, 0.34345240615, 0.057417763051],
      [0.18240299909, 0.014359936238, 0.25785572539, 0.2250840325, 0.22285208103, 0.097445225748]
    ],
    [
      [0.21204883269, 0.01134523201, 0.3285537319, 0.02069536369, 0.42735683971, 0],
      [0.0069824540301, 0.0052409349558, 0.95063951981, 0.020142926595, 0.016994164613, 0],
      [0.060305099658, 0.13338533201, 0.11613051194, 0.64848390199, 0.041695154403, 0],
      [0, 0, 0, 0, 1, 0],
      [0.046487007925, 0.26081871733, 0.5271720673, 0.063230742705, 0.10229146474, 0],
      [0.035966834664, 0.011136557559, 0.88983733456, 0.034108494972, 0.028950778247, 0]
    ],
    [
      [0.29530881309, 0.015735445076, 0, 0.043088307342, 0.64130231521, 0.0045651192826],
      [0.046274139509, 0.0053551829761, 0.255144021, 0.46798953287, 0.20796463149, 0.017272492157],
      [0.0073321904921, 0.050579142096, 0, 0.92784735196, 0.0053870738054, 0.008854241642],
      [0, 0, 0, 0.0068975013464, 0.98426567887, 0.0088368197862],
      [0.058356576355, 0.46335561803, 0, 0.23146853004, 0.18890325849, 0.057916017089],
      [0.17526957858, 0.03241417694, 0.097942391601, 0.38414423955, 0.17141590552, 0.13881370781]
    ],
    [
      [0.32201662004, 0.0058989777258, 0.018744909433, 0.026381623646, 0.62390715689, 0.0030507122693],
      [0.051643917875, 0.0035575270709, 0.40297834706, 0.31895837939, 0.20705917542, 0.015802653184],
      [0.024960161164, 0.043882258239, 0.0013235991216, 0.91310157745, 0.0070490527345, 0.0096833512902],
      [0.00073343488937, 0.0033570402449, 0, 0.0042180960439, 0.98417960253, 0.0075118262934],
      [0.062344467904, 0.38710502976, 0.04371508647, 0.20195800736, 0.24021336556, 0.064664042938],
      [0.17900880848, 0.021152211337, 0.20957051595, 0.2782969944, 0.18106093435, 0.13091053548]
    ],
    [
      [0, 0, 0, 0.023060984058, 0.97693901594, 0],
      [0.016548473516, 0.0006290772047, 0.075853691228, 0.25808001009, 0.64619029307, 0.0026984548876],
      [0, 0, 0, 0.98120321704, 0.018796782956, 0],
      [0, 0, 0, 0, 1, 0],
      [0, 0, 0, 0.22974275558, 0.77025724442, 0],
      [0, 0, 0, 0.37660022001, 0.62339977999, 0]
    ],
    [
      [0.45861821897, 0.0072342448603, 0.033886877635, 0.038404904818, 0.45865966231, 0.0031960914142],
      [0.054171509753, 0.0029854538323, 0.49629411683, 0.31972007315, 0.11338675871, 0.013442087736],
      [0.0066683741061, 0.044811590784, 0.022864032176, 0.9126054606, 0.004511455396, 0.0085390869334],
      [0, 0.00033330457927, 0.0025284695838, 0.012284471383, 0.97784292286, 0.0070108315928],
      [0.079058011049, 0.38474276128, 0.066104586835, 0.24483054343, 0.15782033612, 0.067443761288],
      [0.19377862316, 0.02014201358, 0.27301315336, 0.29306085077, 0.1036843333, 0.11632102583]
    ],
    [
      [0.16253116877, 0.0041058432512, 0.022753497609, 0.019324177933, 0.7887051619, 0.0025801505382],
      [0.02962085308, 0.0024362353353, 0.44679764298, 0.21335145854, 0.29103268252, 0.016761127545],
      [0, 0.048393428758, 0.042384777105, 0.87623986861, 0.017518316163, 0.015463609364],
      [0, 0, 0, 0.0045606613398, 0.99263403525, 0.002805303411],
      [0.040883212355, 0.28561265041, 0.058576197065, 0.15421043666, 0.38141441735, 0.079303086152],
      [0.10732591935, 0.017166429809, 0.25648429502, 0.20058090045, 0.27115809584, 0.14728435954]
    ],
    [
      [0.50848587211, 0.033197118223, 0, 0.061393130588, 0.39057780684, 0.0063460722403],
      [0.072842801044, 0.070204167779, 0.14514354917, 0.5824384201, 0.10112817102, 0.028242890882],
      [0.0098641474684, 0.070163922947, 0, 0.90627340318, 0.0036052052404, 0.010093321161],
      [0, 8.0758945061e-05, 0, 0.018091189716, 0.96530999436, 0.016518056977],
      [0.053093889579, 0.61018739446, 0, 0.20473928794, 0.064672325261, 0.067307102764],
      [0.16987445685, 0.048474152562, 0.091427418048, 0.41174052575, 0.072523376509, 0.20596007028]
    ],
    [
      [0.30015783169, 0.022018326046, 0.040716674226, 0.025743298011, 0.60452600667, 0.0068378633553],
      [0.035990335308, 0.0090576673905, 0.57903725162, 0.19744983432, 0.14898059703, 0.029484314327],
      [0.013325858548, 0.14704695274, 0.043662717674, 0.76259858143, 0.0082722742774, 0.02509361533],
      [0, 0, 0, 0.0083241486739, 0.98084224088, 0.010833610442],
