{
  "Z_true": {},
  "V_true": [
    [24, 75, 1180, 79],
    [511, 123, 15197, 380],
    [773, 8439, 1692, 550],
    [43, 432, 492, 188],
    [531, 512, 915, 795]
  ],
  "p_true": [
    [0.0177, 0.0552, 0.8689, 0.0582],
    [0.0315, 0.0076, 0.9374, 0.0234],
    [0.0675, 0.7368, 0.1477, 0.048],
    [0.0372, 0.374, 0.426, 0.1628],
    [0.1929, 0.186, 0.3324, 0.2888]
  ],
  "Z_est": [
    [
      [0, 0, 0, 0, 0, 0, 0, 0, 0, 0, 0, 0, 0, 0, 0, 0, 0, 0, 0, 0, 0, 0, 0, 0, 0, 0, 0, 0, 0, 0, 0, 0, 0, 0, 0, 0, 0, 0, 0, 0],
      [11.2399, 5.2605, 5.9524, 1.9527, 2.9665, 7.0353, 3.3509, 6.3002, 3.808, 31.5587, 7.0576, 2.5086, 10.2317, 1.9685, 5.2368, 9.2502, 7.6079, 10.1001, 4.1559, 6.8752, 0.2413, 0.4743, 0, 11.8611, 5.5215, 12.0827, 13.0095, 3.8354, 2.0258, 6.5053, 15.824, 9.7413, 3.0263, 5.5653, 25.4741, 2.742, 24.3422, 5.2937, 32.9418, 9.9797],
      [35.6537, 20.6647, 13.9885, 3.8395, 7.9823, 20.7204, 3.4875, 17.5422, 11.1171, 113.2325, 13.5839, 6.3968, 28.394, 4.9605, 11.5071, 25.3873, 22.0809, 28.4429, 14.7416, 25.8529, 0.7509, 1.5021, 0, 38.8552, 16.3406, 42.2866, 34.7896, 12.0701, 7.9427, 23.2623, 49.8096, 24.1011, 11.8909, 17.2377, 80.0452, 4.0965, 73.1771, 17.6156, 92.3647, 36.189],
      [0.1064, 0.0749, 0.0591, 0.2078, 0.0512, 0.2443, 0.1615, 0.1576, 0.0749, 0.2088, 0.3585, 0.0946, 0.3743, 0.0709, 0.2561, 0.3625, 0.3113, 0.457, 0.1024, 0.2719, 0.0079, 0.0236, 0, 0.2837, 0.1379, 0.6307, 0.2009, 0.0946, 0.0315, 0.2325, 0.3664, 0.1576, 0.0827, 0.197, 0.4807, 0.1615, 0.4807, 0.0906, 0.6935, 0.8313]
    ],
    [
      [1.9639, 0.6123, 1.664, 0.3676, 0.6965, 2.8249, 1.9155, 0, 0, 4.9919, 3.4343, 0, 16.2867, 6.0181, 10.5852, 27.3189, 16.1116, 8.7171, 7.1426, 10.4965, 0.4142, 0, 1.4518, 0, 1.9155, 0, 0, 0, 2.4169, 3.9909, 0, 5.3194, 1.8286, 6.3668, 7.7781, 0, 0, 0, 8.8837, 0],
      [4.9122, 0.4087, 2.7886, 0.6161, 0.6021, 2.4417, 3.3944, 5.5378, 2.1995, 8.4642, 5.6632, 2.397, 2.7569, 0.575, 1.7803, 2.376, 1.7664, 2.473, 9.6108, 12.0607, 0.0485, 0.0901, 4.2256, 5.9742, 2.9026, 4.0347, 9.2557, 5.4693, 5.87, 1.9614, 20.632, 6.2192, 0.2286, 1.1291, 11.7799, 5.6811, 25.9127, 6.3627, 31.0964, 0.9282],
      [195.6867, 85.0055, 167.3045, 36.8867, 69.9256, 283.4369, 190.4716, 283.8144, 153.6661, 501.2714, 341.6417, 408.2143, 875.3286, 134.0006, 479.353, 1182.6037, 848.9263, 626.6575, 310.8256, 1044.5004, 15.5049, 39.4987, 42.274, 489.0015, 191.0607, 388.3604, 516.9183, 183.5001, 132.0011, 315.9825, 564.2766, 319.8136, 173.2131, 341.923, 776.1542, 238.7158, 917.1115, 204.2648, 1422.4958, 159.2817],
      [0.4373, 1.9734, 0.2429, 0.1296, 0.7758, 3.2965, 2.2185, 0.6478, 1.1344, 1.2725, 4.2608, 0.3887, 8.6278, 1.4063, 3.2816, 5.7014, 9.1957, 17.1525, 0.4211, 17.9424, 0.0324, 0.4112, 0.0486, 14.0243, 2.1213, 5.6049, 0.8259, 7.0306, 1.712, 11.0652, 6.0914, 0.6478, 1.7297, 3.5811, 8.2878, 2.6031, 1.9758, 0.3725, 25.5241, 1.7901]
    ],
    [
      [26.2203, 8.8483, 18.9823, 4.6325, 4.8598, 20.1144, 15.0253, 18.3729, 12.3833, 65.7727, 53.2697, 10.5888, 89.1952, 19.0131, 63.1795, 91.7661, 156.2988, 57.1851, 21.6178, 36.3922, 4.0879, 0.4045, 3.337, 15.9801, 12.6968, 9.4843, 26.4652, 11.0695, 4.2977, 20.983, 33.6846, 52.9381, 8.3426, 39.3166, 99.9966, 1.6179, 88.71, 7.1725, 91.921, 11.9778],
      [204.4882, 50.1466, 265.3145, 56.4231, 107.5082, 380.1908, 235.5967, 207.897, 117.617, 538.0433, 362.5014, 93.8939, 340.2724, 77.7342, 238.9439, 312.2915, 230.0427, 326.8094, 60.6446, 71.1435, 5.165, 11.9218, 12.8953, 219.3839, 164.5095, 172.6809, 229.4035, 95.3279, 14.0414, 104.2429, 395.4694, 384.9842, 27.044, 147.4024, 663.3866, 154.8868, 687.6282, 111.0886, 588.2455, 117.0349],
      [21.5123, 9.2612, 35.7148, 5.4173, 10.2797, 31.1947, 38.0266, 30.6186, 22.5036, 81.6915, 42.0124, 17.1633, 65.0205, 12.8921, 40.5299, 55.0904, 59.6276, 43.3755, 8.0242, 17.0329, 1.6153, 9.3745, 1.57, 28.1178, 23.9197, 36.9624, 24.7705, 13.3743, 1.8316, 13.1702, 45.6979, 30.4418, 13.8545, 37.0246, 80.4358, 20.3983, 92.0075, 11.9066, 67.1594, 21.1238],
      [1.7792, 2.7439, 0.9885, 0.5272, 2.3523, 8.5001, 9.3514, 6.1115, 3.496, 3.4926, 33.2166, 3.354, 14.5118, 4.3606, 9.3467, 12.8521, 12.031, 15.63, 1.7133, 6.4313, 0.1318, 1.2992, 0.1977, 11.5181, 6.8741, 5.8724, 3.3608, 4.2283, 0.8293, 12.6039, 13.1481, 2.6359, 3.7589, 11.2564, 20.1809, 14.097, 12.6543, 1.8324, 22.674, 7.8636]
    ],
    [
      [4.4237, 1.7124, 2.7113, 0.4281, 0.7135, 6.2788, 3.5675, 3.4248, 1.8551, 4.5664, 4.8518, 2.5686, 5.9934, 1.8551, 8.562, 7.5631, 4.281, 10.4171, 2.2832, 3.7102, 0.1427, 0.3599, 0.4281, 4.281, 3.1394, 2.2832, 7.2777, 0.7135, 0.7135, 2.5686, 10.8452, 6.2788, 1.9978, 2.854, 9.2755, 0, 12.8431, 2.9967, 11.8441, 1.7124],
      [0.4285, 0.108, 0.5072, 0, 0, 0.7416, 0.4596, 0.4212, 0.2344, 1.0969, 0, 0.1904, 0.51, 0.152, 0.4706, 0.6281, 0, 0.6537, 0.1483, 0, 0.0128, 0.0238, 0.033, 0, 0.3296, 0, 1.312, 0, 0.0421, 0, 0.824, 0.7782, 0.0604, 0, 1.3367, 0, 1.4118, 1.8095, 1.2562, 0],
      [12.4881, 3.3943, 7.6807, 0.4825, 0.8042, 13.4436, 6.5888, 6.2332, 3.8372, 7.834, 5.4687, 5.8515, 6.7554, 4.0948, 22.297, 13.4246, 4.8253, 20.5794, 4.4047, 4.1819, 0.2061, 2.8368, 1.1492, 4.8253, 6.0622, 2.5735, 18.785, 0.8042, 1.4026, 2.8952, 26.1463, 17.2612, 4.2301, 3.2169, 14.2913, 0, 28.4475, 6.1154, 15.1581, 1.9301],
      [13.6597, 6.7852, 8.1008, 2.0894, 3.4823, 23.536, 14.384, 13.9208, 7.0733, 18.5027, 23.6795, 9.3895, 28.7412, 6.8981, 28.6703, 31.3841, 20.8937, 41.3497, 9.1637, 18.1079, 0.6384, 2.7794, 1.3897, 20.8937, 12.4688, 11.1433, 23.6252, 3.4823, 2.8418, 12.5362, 38.1845, 19.6818, 7.7117, 13.9291, 40.0964, 0, 47.2977, 10.0784, 54.7416, 8.3575]
    ],
    [
      [4.3921, 1.827, 1.6424, 1.5718, 1.7302, 6.7819, 3.4917, 5.2023, 1.7616, 8.669, 6.4442, 2.8426, 11.5246, 1.1137, 5.6733, 11.3518, 10.3086, 9.6807, 4.9564, 6.401, 1.3552, 0.2356, 0.783, 5.7389, 3.2483, 4.2325, 6.2571, 2.217, 0.5719, 5.4575, 8.4702, 7.4637, 1.8309, 5.4626, 13.9498, 2.3821, 16.4469, 2.8308, 18.3511, 3.3098],
      [12.9312, 3.0761, 2.4374, 3.0082, 3.9233, 14.5905, 8.1984, 9.8438, 4.1411, 19.837, 13.7778, 5.01, 19.229, 2.5703, 10.5684, 18.4542, 15.583, 16.9638, 6.4404, 8.9205, 1.5324, 0.4901, 0.8462, 10.7807, 6.7368, 8.2017, 12.0192, 4.3675, 1.0207, 8.2905, 17.2506, 23.2771, 2.6407, 8.9031, 28.0226, 13.6901, 31.7051, 5.4455, 32.4601, 6.0571],
      [26.6592, 10.6742, 10.3115, 10.374, 10.0081, 38.2045, 17.4254, 31.7916, 8.8759, 49.9705, 30.2934, 17.3741, 69.5015, 4.0519, 29.3131, 68.494, 61.54, 52.9447, 30.0038, 38.4319, 3.9229, 0.7878, 3.0068, 31.2002, 17.6169, 24.8171, 37.7366, 12.2513, 2.822, 32.6898, 46.0696, 45.3823, 10.8114, 32.5978, 79.0735, 35.7895, 99.2564, 17.0976, 107.822, 19.4754],
      [11.0174, 7.4226, 5.6087, 5.0461, 6.3384, 26.4231, 14.8845, 19.1623, 7.2215, 29.5234, 29.4846, 10.7733, 42.7449, 5.2641, 23.4453, 41.7, 36.5684, 41.4108, 14.5994, 26.2466, 1.1895, 1.4865, 1.364, 25.2802, 13.398, 16.7487, 22.9871, 9.1642, 2.5854, 22.5622, 35.2096, 16.8769, 7.717, 21.0364, 52.9541, 24.1384, 59.5916, 10.6261, 72.3668, 13.1576]
    ]
  ],
  "V_est": [
    [0, 334.9049, 1013.9037, 9.1914],
    [161.5135, 222.6264, 15650.8736, 175.9864],
    [1338.2016, 8584.2456, 1221.7456, 309.8072],
    [164.3229, 15.9808, 313.0071, 661.6892],
    [217.9619, 423.2422, 1276.47, 835.3258]
  ],
  "p_est": [
    [0, 0.2466, 0.7466, 0.0068],
    [0.01, 0.0137, 0.9654, 0.0109],
    [0.1168, 0.7495, 0.1067, 0.027],
    [0.1423, 0.0138, 0.271, 0.5729],
    [0.0792, 0.1537, 0.4637, 0.3034]
  ],
  "EI_Z": {},
  "EI_V": 7.6544,
  "MAE_Z": {},
  "MAE_V": 252.066,
  "MAE_p": 0.0949,
  "runtime": 0.686
}
