{
  "X": [
    [5, 18, 24, 1],
    [11, 49, 132, 10],
    [31, 175, 231, 55],
    [29, 220, 303, 47],
    [28, 207, 365, 60],
    [12, 61, 170, 25],
    [12, 43, 109, 12],
    [66, 896, 596, 129],
    [21, 207, 155, 30],
    [52, 393, 615, 99],
    [105, 1365, 734, 162],
    [9, 69, 160, 34],
    [39, 288, 516, 81],
    [6, 50, 52, 10],
    [18, 108, 309, 37],
    [26, 100, 334, 30],
    [48, 287, 524, 65],
    [6, 20, 34, 5],
    [6, 45, 67, 12],
    [67, 329, 315, 49],
    [32, 284, 313, 42],
    [53, 318, 424, 39],
    [56, 323, 498, 34],
    [22, 224, 320, 48],
    [51, 673, 777, 88],
    [70, 446, 608, 98],
    [50, 382, 536, 91],
    [54, 459, 474, 73],
    [25, 190, 263, 33],
    [44, 545, 519, 66],
    [3, 22, 33, 8],
    [268, 2786, 3304, 502],
    [69, 295, 485, 90],
    [195, 837, 1253, 243],
    [29, 149, 124, 17]
  ],
  "W": [
    [0, 9, 21, 17, 1, 0],
    [11, 11, 118, 47, 12, 3],
    [16, 47, 180, 163, 50, 36],
    [19, 49, 221, 234, 35, 41],
    [24, 30, 258, 241, 66, 41],
    [14, 15, 141, 59, 29, 10],
    [1, 12, 94, 43, 14, 12],
    [74, 97, 461, 904, 100, 51],
    [14, 23, 126, 209, 32, 9],
    [48, 62, 479, 420, 87, 63],
    [80, 110, 563, 1365, 150, 98],
    [8, 17, 126, 72, 26, 23],
    [37, 53, 428, 292, 67, 47],
    [6, 12, 45, 47, 7, 1],
    [25, 31, 245, 103, 45, 23],
    [10, 33, 298, 98, 36, 15],
    [31, 71, 419, 274, 102, 27],
    [4, 10, 25, 21, 2, 3],
    [3, 11, 53, 45, 18, 0],
    [28, 94, 199, 329, 83, 27],
    [34, 77, 177, 307, 50, 26],
    [33, 143, 217, 354, 55, 32],
    [36, 144, 272, 353, 77, 29],
    [25, 68, 179, 252, 50, 40],
    [58, 139, 462, 739, 143, 48],
    [41, 87, 443, 509, 73, 69],
    [49, 104, 362, 421, 90, 33],
    [38, 105, 295, 493, 90, 39],
    [27, 45, 174, 209, 35, 21],
    [36, 87, 315, 572, 107, 57],
    [1, 2, 30, 24, 2, 7],
    [291, 449, 2353, 2848, 694, 225],
    [29, 100, 363, 321, 82, 44],
    [64, 226, 1021, 890, 189, 138],
    [11, 56, 76, 149, 16, 11]
  ],
  "method": "mvn_pdf",
  "cond_prob": [
    [
      [0.00082173361653, 0.5548269847, 0.43048070394, 0.013870577744],
      [0.36242716876, 0.011627385066, 0.62426863886, 0.0016768073109],
      [0.068662324803, 0.070513228481, 0.81261960303, 0.048204843685],
      [0.0061416858736, 0.94225447624, 0.045176577859, 0.0064272600264],
      [0.015784904182, 0.20836324602, 0.71088635094, 0.064965498853],
      [0.16668732264, 0.089729137723, 0.50530746553, 0.2382760741]
    ],
    [
      [0.00092697500213, 0.32577820031, 0.64773928599, 0.025555538691],
      [0.28569812346, 0.0059850304586, 0.70592470757, 0.0023921385123],
      [0.053609820623, 0.033183081993, 0.85004757149, 0.063159525897],
      [0.011821685225, 0.85136376801, 0.11683379946, 0.019980747312],
      [0.013305170995, 0.10099246708, 0.7956132354, 0.090089126524],
      [0.12835326082, 0.041856763318, 0.53385627455, 0.29593370131]
    ],
    [
      [0.00082489613358, 0.46859223562, 0.48469622761, 0.045886640639],
      [0.31566160141, 0.010989621634, 0.66791533705, 0.0054334399021],
      [0.05627353436, 0.057010711533, 0.75244116978, 0.13427458432],
      [0.007904848949, 0.89924824432, 0.065898183881, 0.026948722854],
      [0.012931251944, 0.15991368504, 0.65039410613, 0.17676095688],
      [0.10269890573, 0.055096650249, 0.36267367819, 0.47953076584]
    ],
    [
      [0.00076190586849, 0.34311374495, 0.62078400209, 0.035340347087],
      [0.25083012786, 0.0069824259624, 0.73857144397, 0.0036160022113],
      [0.044748836803, 0.036115654792, 0.83009796828, 0.08903754012],
      [0.009479108991, 0.85401221396, 0.10955560896, 0.026953068085],
      [0.01087324151, 0.10693623513, 0.75837287447, 0.12381764888],
      [0.097916872163, 0.04184920023, 0.47988082478, 0.38035310283]
    ],
    [
      [0.00088553865704, 0.2451666332, 0.71214728985, 0.041800538291],
      [0.25412106513, 0.0043577004173, 0.73779456686, 0.0037266675977],
      [0.045822008444, 0.02278566515, 0.83861792492, 0.092774401488],
      [0.014154680122, 0.78348080914, 0.16142078263, 0.040943728112],
      [0.011432765384, 0.069233855243, 0.78685583624, 0.13247754313],
      [0.099539737128, 0.0262015834, 0.48123261523, 0.39302606424]
    ],
    [
      [0.00077650747466, 0.31074621233, 0.64740384243, 0.041073437763],
      [0.24874842665, 0.00603510354, 0.74117725044, 0.0040392193707],
      [0.043612446188, 0.030987530916, 0.82651079683, 0.098889226065],
      [0.010273905089, 0.83511011836, 0.12130823649, 0.033307740065],
      [0.010633648198, 0.092344622693, 0.75869019542, 0.13833153369],
      [0.092437634976, 0.034719439274, 0.46145949033, 0.41138343542]
    ],
    [
      [0.0010080175083, 0.347814362, 0.62425222738, 0.026925393105],
      [0.31126748935, 0.0063341915823, 0.67988022745, 0.0025180916158],
      [0.059539691139, 0.035902398854, 0.83662562706, 0.067932282947],
      [0.012086563326, 0.8623525891, 0.10576690913, 0.019793938442],
      [0.014710532649, 0.10901699722, 0.77975749275, 0.09651497738],
      [0.13826863167, 0.043918281676, 0.50906807822, 0.30874500843]
    ],
    [
      [0.00076503526637, 0.46522086334, 0.48893850582, 0.045075595579],
      [0.29636918786, 0.011227238394, 0.68695410212, 0.0054494716319],
      [0.052137678949, 0.057070873463, 0.75895061063, 0.13184083696],
      [0.0074379741721, 0.89820375926, 0.067503550281, 0.026854716286],
      [0.011977381753, 0.15955147082, 0.65528232986, 0.17318881757],
      [0.096529215748, 0.056001680849, 0.3718632883, 0.47560581511]
    ],
    [
      [0.0010439641515, 0.46118329081, 0.49655788178, 0.041214863264],
      [0.36601239069, 0.0098031410378, 0.61976923145, 0.0044152368229],
      [0.070011043807, 0.055080606842, 0.75655139638, 0.11835695297],
      [0.010147407641, 0.89691771571, 0.068387712996, 0.024547163653],
      [0.016382601165, 0.15758542683, 0.66699188774, 0.15904008427],
      [0.13199952189, 0.05489656586, 0.37566958098, 0.43743433126]
    ],
    [
      [0.00085181718291, 0.31815150503, 0.64117007256, 0.039826605223],
      [0.26551728659, 0.0061718803096, 0.72443761313, 0.0038732199693],
      [0.048032745082, 0.032271315593, 0.82333007061, 0.096365868713],
      [0.01124688126, 0.83635404417, 0.12017533553, 0.032223739038],
      [0.011753885424, 0.096113644618, 0.75728780158, 0.13484466837],
      [0.10206675515, 0.036330099548, 0.46280874844, 0.39879439686]
    ],
    [
      [0.00096615198095, 0.50413698755, 0.45742837922, 0.037468481255],
      [0.36202212926, 0.011780404159, 0.62181311823, 0.0043843483486],
      [0.069506182856, 0.065323753048, 0.74950496957, 0.11566509453],
      [0.0088002682047, 0.91111430122, 0.059173748122, 0.020911682456],
      [0.016005657184, 0.18303138573, 0.64868941418, 0.1522735429],
      [0.1317549333, 0.065616762547, 0.37600894015, 0.42661936401]
    ],
    [
      [0.0005770060107, 0.30385839415, 0.64453930801, 0.051025291826],
      [0.19693484908, 0.0063284317869, 0.79135779288, 0.0053789262596],
      [0.032090849949, 0.030054609487, 0.81599813576, 0.12185640481],
      [0.007736925077, 0.82793270184, 0.12238803585, 0.04194233723],
      [0.0077035548729, 0.088068920633, 0.73657472071, 0.16765280378],
      [0.063797595326, 0.031639942217, 0.42792600572, 0.47663645673]
    ],
    [
      [0.00073103895715, 0.34908747057, 0.61125456812, 0.038926922348],
      [0.24533824254, 0.0072769729924, 0.7433113792, 0.0040734052614],
      [0.043131651924, 0.036998915942, 0.82131080841, 0.098558623723],
      [0.0089800441212, 0.85513420757, 0.10658198436, 0.029303763954],
      [0.010407260439, 0.10869643863, 0.74488961016, 0.13600669078],
      [0.091368650125, 0.041524162783, 0.46017970922, 0.40692747787]
    ],
    [
      [0.00061765103337, 0.49503747388, 0.45709408078, 0.047250794308],
      [0.27437921617, 0.012547111884, 0.70687780514, 0.0061958668075],
      [0.044518412753, 0.061399026569, 0.74789900688, 0.14618355379],
      [0.0055073483425, 0.91104892745, 0.057581289199, 0.025862435004],
      [0.0099529059882, 0.16968055583, 0.63103427571, 0.18933226247],
      [0.077839315576, 0.056930494667, 0.34299529459, 0.52223489517]
    ],
    [
      [0.0006310997201, 0.31519117093, 0.65128991842, 0.032887810922],
      [0.2093818456, 0.0064497742612, 0.78077745527, 0.0033909248714],
      [0.036198732239, 0.032339961847, 0.8505295816, 0.080931724319],
      [0.0083868943606, 0.8420537704, 0.12276905776, 0.026790277474],
      [0.0088476731705, 0.096353485284, 0.78159469742, 0.11320414412],
      [0.083014330493, 0.039266984397, 0.5152389177, 0.36247976741]
    ],
    [
      [0.0008200631928, 0.31722725866, 0.65392958041, 0.028023097745],
      [0.25564513791, 0.0060848326234, 0.73555840647, 0.0027116229886],
      [0.046937882628, 0.032434198468, 0.8518580314, 0.068769887507],
      [0.010833944424, 0.84394170316, 0.12253251853, 0.022691833879],
      [0.01161826959, 0.097918820224, 0.79302936395, 0.097433546241],
      [0.11092544779, 0.040566399558, 0.53159159366, 0.316916559]
    ],
    [
      [0.0008068804391, 0.39529257205, 0.57196060668, 0.031939940832],
      [0.27702580727, 0.0084190073609, 0.71113810889, 0.0034170764766],
      [0.05071316243, 0.044595597386, 0.81857011795, 0.086121122231],
      [0.0089949374412, 0.87866608649, 0.090517632066, 0.021821344007],
      [0.01217990807, 0.13045170731, 0.73906348357, 0.11830490105],
      [0.11058036619, 0.051511628704, 0.47205212725, 0.36585587785]
    ],
    [
      [0.0011552510961, 0.31863589011, 0.64063894281, 0.039569915984],
      [0.34703542037, 0.0051884840535, 0.64439930057, 0.0033767950054],
      [0.064908872791, 0.0301247322, 0.81035859373, 0.094607801278],
      [0.014008753405, 0.84738260915, 0.10900924723, 0.029599390214],
      [0.01595127836, 0.092196545274, 0.75597497588, 0.13587720048],
      [0.13381216354, 0.032627877862, 0.43208730435, 0.40147265425]
    ],
    [
      [0.00069950270209, 0.3923477719, 0.55673409791, 0.050218627488],
      [0.26092300875, 0.0084763116088, 0.72502954418, 0.0055711354578],
      [0.043266293077, 0.042166308545, 0.78137309961, 0.13319429877],
      [0.0075364525917, 0.87458440521, 0.084677808507, 0.033201333692],
      [0.010106235632, 0.12132809956, 0.68875895107, 0.17980671374],
      [0.08024545776, 0.041406219704, 0.38032504342, 0.49802327911]
    ],
    [
      [0.0014842897339, 0.43620776533, 0.52736046802, 0.03494747692],
      [0.43365934379, 0.0078619691788, 0.55531423114, 0.0031644558944],
      [0.094173899602, 0.049591923377, 0.76119815175, 0.095036025269],
      [0.015134312299, 0.88671194947, 0.076311844389, 0.021841893838],
      [0.02293119936, 0.14722976408, 0.69731543631, 0.13252360025],
      [0.18579190295, 0.051794932686, 0.39673099732, 0.36568216704]
    ],
    [
      [0.00073635908722, 0.33059039639, 0.6331770227, 0.035496221824],
      [0.24074763586, 0.0066988252415, 0.74894375398, 0.0036097849231],
      [0.04263793095, 0.03436235544, 0.83481786325, 0.088181850361],
      [0.0094511874203, 0.8473029622, 0.11530644237, 0.027939408007],
      [0.010388647643, 0.10197547361, 0.76467481004, 0.1229610687],
      [0.093946780856, 0.040114266323, 0.48619691311, 0.37974203971]
    ],
    [
      [0.00080230906076, 0.29702224632, 0.67380148806, 0.028373956562],
      [0.24512634241, 0.0056439872755, 0.7465255636, 0.0027041067143],
      [0.044824177751, 0.029824942714, 0.85734570216, 0.068005177374],
      [0.011237688285, 0.83042329565, 0.13396105689, 0.02437795918],
      [0.011152270766, 0.090334250262, 0.80173795272, 0.09677552625],
      [0.10670247433, 0.037626119579, 0.539804479, 0.31586692709]
    ],
    [
      [0.00080495790576, 0.29629352721, 0.67924102532, 0.023660489573],
      [0.24433044246, 0.005596627564, 0.74783143832, 0.0022414916489],
      [0.045165753426, 0.029887651187, 0.86800202535, 0.05694457004],
      [0.011335442103, 0.8324485594, 0.1357822932, 0.020433705291],
      [0.011299786291, 0.091020057303, 0.81621280187, 0.081467354536],
      [0.11247740161, 0.039437641054, 0.57175907022, 0.27632588712]
    ],
    [
      [0.00057551738038, 0.27927366959, 0.68243621238, 0.03771460065],
      [0.18696278813, 0.0056342375098, 0.80358415443, 0.0038188199295],
      [0.031551007855, 0.027497434884, 0.85220090195, 0.08875065531],
      [0.0084083875572, 0.81635677621, 0.14144311179, 0.033791724444],
      [0.0077393840699, 0.082116768939, 0.78560437164, 0.12453947535],
      [0.070911789074, 0.032752866624, 0.50639953991, 0.3899358044]
    ],
    [
      [0.00059125600849, 0.31432368658, 0.65401337054, 0.031071686864],
      [0.19725596881, 0.0065498277541, 0.79295166828, 0.0032425351646],
      [0.033996461219, 0.03255884419, 0.85676172195, 0.076682972639],
      [0.0079611832457, 0.84134833101, 0.12504618757, 0.02564429817],
      [0.0083171524737, 0.096890827024, 0.78756725448, 0.10722476602],
      [0.079548831326, 0.040382952205, 0.53066245068, 0.34940576579]
    ],
    [
      [0.0010976066116, 0.28309726943, 0.67511870062, 0.040686423344],
      [0.30709392643, 0.0049308579732, 0.68442465967, 0.0035505559265],
      [0.058619150083, 0.027207760148, 0.82094695785, 0.09322613192],
      [0.01578705506, 0.81051269683, 0.13783649481, 0.035863753294],
      [0.014622169298, 0.082596943054, 0.76979011318, 0.13299077447],
      [0.12426719507, 0.030555250112, 0.46033721439, 0.38484034042]
    ],
    [
      [0.00079006027625, 0.30203754369, 0.64758731174, 0.049585084291],
      [0.24903185212, 0.0059266865453, 0.74016550936, 0.0048759519717],
      [0.043386019316, 0.029839197184, 0.80989633535, 0.11687844815],
      [0.010795538173, 0.82205743517, 0.12561671675, 0.041530309906],
      [0.010533203993, 0.08816455209, 0.73901091408, 0.16229132984],
      [0.08650406457, 0.031534300601, 0.42727948206, 0.45468215276]
    ],
    [
      [0.00084217942964, 0.35447714266, 0.60610502491, 0.038575652993],
      [0.27409725594, 0.0071742347062, 0.71481457389, 0.0039139354706],
      [0.049722996696, 0.037633011459, 0.81491829792, 0.097725693923],
      [0.010223184402, 0.85663062487, 0.10444232762, 0.028703863107],
      [0.012039439146, 0.11092488, 0.74169051774, 0.13534516311],
      [0.10450644208, 0.04191317007, 0.45305949078, 0.40052089707]
    ],
    [
      [0.00083982328228, 0.29557422584, 0.66937874238, 0.034207208498],
      [0.25590076644, 0.005556969192, 0.73531134992, 0.0032309144396],
      [0.0464791223, 0.029315672954, 0.84302744196, 0.081177762788],
      [0.01172351698, 0.82650713969, 0.1324885292, 0.029280814131],
      [0.011506173015, 0.088452766032, 0.78496007767, 0.11508098328],
      [0.10486932889, 0.035011628053, 0.5021608951, 0.35795814796]
    ],
    [
      [0.00066535493499, 0.37932866411, 0.59152314636, 0.028482834597],
      [0.23399691906, 0.0083056184212, 0.7545708555, 0.0031266070178],
      [0.041470807859, 0.042531561347, 0.83982386983, 0.076173760967],
      [0.0077122362798, 0.87471820852, 0.097334035203, 0.02023552],
      [0.0099906237495, 0.12470668967, 0.76037893332, 0.10492375327],
      [0.095442207338, 0.051861274529, 0.51126589023, 0.3414306279]
    ],
    [
      [0.00074557523578, 0.32710767702, 0.62577058684, 0.046376160906],
      [0.25913024775, 0.0061736447663, 0.73008324534, 0.0046128621411],
      [0.042784341363, 0.03165062977, 0.81185538642, 0.11370964244],
      [0.0089045497657, 0.85286493698, 0.10430694875, 0.033923564506],
      [0.010258588336, 0.094271613834, 0.73695682432, 0.15851297351],
      [0.085709903919, 0.033205448767, 0.41926830223, 0.46181634508]
    ],
    [
      [0.00072405562992, 0.37959083713, 0.58254313017, 0.037141977071],
      [0.25139421639, 0.0082589833714, 0.73630388704, 0.0040429132026],
      [0.044483206254, 0.042078340206, 0.81548211724, 0.097956336303],
      [0.0083671105585, 0.86968902633, 0.095643270254, 0.026300592858],
      [0.01064382792, 0.12240575751, 0.73305211887, 0.1338982957],
      [0.093996628752, 0.047142158479, 0.45648437109, 0.40237684168]
    ],
    [
      [0.0012055680447, 0.31408206569, 0.63408677508, 0.050625591177],
      [0.34098986745, 0.0055144509522, 0.64903698396, 0.0044586976371],
      [0.065604497144, 0.030707071179, 0.78548816416, 0.11820026752],
      [0.015874012966, 0.82475848403, 0.11851177648, 0.040855726524],
      [0.016122841328, 0.091891567168, 0.72578247856, 0.16620311294],
      [0.12613198197, 0.031278215488, 0.39941216, 0.44317764254]
    ],
    [
      [0.0013647438084, 0.34856602826, 0.60210505768, 0.047964170258],
      [0.38026267474, 0.0060671163931, 0.6094897258, 0.0041804830648],
      [0.07681869741, 0.035351326109, 0.77196064142, 0.11586933506],
      [0.016627837312, 0.84336319252, 0.10419888718, 0.035810082986],
      [0.018874249847, 0.10565400358, 0.71275780285, 0.16271394372],
      [0.14622632562, 0.035667040453, 0.38905990869, 0.42904672523]
    ],
    [
      [0.0010395096128, 0.47559758826, 0.49135100436, 0.032011897764],
      [0.3665322591, 0.010153586384, 0.61985537207, 0.0034587824434],
      [0.07206548428, 0.058452036157, 0.77446214156, 0.095020338004],
      [0.0098360525642, 0.9056631328, 0.065906435767, 0.018594378866],
      [0.016959743915, 0.16834275307, 0.68625827012, 0.1284392329],
      [0.14578206409, 0.062604286259, 0.41287626668, 0.37873738296]
    ]
  ],
  "expected_outcome": [
    [
      [0, 0.010196725023, 0.013198338137, 0.014476211501, 0.021252927769, 0.010871104645, 0.0010080175083, 0.056612609712, 0.014615498121, 0.04088722478, 0.077292158476, 0.0046160480856, 0.027048441414, 0.0037059062002, 0.015777493002, 0.008200631928, 0.025013293612, 0.0046210043845, 0.0020985081063, 0.041560112548, 0.025036208965, 0.026476199005, 0.028978484607, 0.01438793451, 0.034292848492, 0.045001871076, 0.038712953536, 0.032002818326, 0.022675228621, 0.02395277766, 0.00074557523578, 0.21070018831, 0.034961473298, 0.087343603736, 0.011434605741],
      [0, 3.5835602035, 7.4974757699, 6.5191611541, 5.8839991969, 4.3504469726, 0.347814362, 34.4263438871, 6.4565660713, 15.2712722414, 40.3309590037, 2.4308671532, 12.9162364111, 2.9702248433, 7.8797792734, 3.1722725866, 12.2540697334, 1.2745435605, 1.1770433157, 12.2138174293, 11.2400734771, 9.8017341286, 10.6665669794, 6.9818417398, 18.2307738218, 11.6069880465, 14.799839641, 13.4701314212, 7.9805040978, 13.655831908, 0.32710767702, 110.4609336059, 9.1083799051, 22.3082258084, 5.2315734709],
      [0, 7.1251321459, 7.7551396418, 11.7948960397, 17.0915349564, 9.063653794, 0.62425222738, 36.1814494304, 6.9518103449, 30.7761634831, 36.5942703374, 5.1563144641, 22.6164190206, 2.7425644847, 16.2822479606, 6.5392958041, 17.7307788072, 2.5625557712, 1.6702022937, 14.7660931044, 21.5280187719, 22.2354491058, 24.4526769114, 17.0609053094, 37.9327754916, 27.6798667254, 31.7317782752, 23.0319909468, 18.0732260442, 21.2948332688, 0.62577058684, 169.5200508782, 18.3885164775, 38.5347236913, 5.404861048],
      [0, 0.2811109256, 0.73418625022, 0.67146659465, 1.003212919, 0.57502812868, 0.026925393105, 3.3355940729, 0.5770080857, 1.9116770507, 2.9974785004, 0.40820233461, 1.4402961269, 0.28350476585, 0.82219527306, 0.28023097745, 0.99013816579, 0.15827966393, 0.15065588246, 0.97852935376, 1.206871542, 0.93634056655, 0.85177762462, 0.94286501625, 1.8021578381, 1.6681433571, 2.4296691303, 1.4658748137, 0.92359462943, 1.0253820455, 0.046376160906, 10.8083153277, 1.4681421441, 3.0697068965, 0.3521308754]
    ],
    [
      [3.2618445189, 3.1426793581, 14.8360952665, 12.2906762651, 7.6236319538, 3.7312263997, 3.7352098722, 28.7478112221, 8.418284986, 16.4620717688, 39.8224342188, 3.3478924343, 13.0029268548, 3.292550594, 6.4908372135, 8.4362895512, 19.6688323164, 3.4703542037, 2.8701530962, 40.7639783163, 18.5375679611, 35.0530669645, 35.1835837148, 12.7134695928, 27.418579664, 26.7171715996, 25.8993126209, 28.7802118733, 11.51553449, 20.3577319581, 0.51826049551, 112.8760031569, 34.0989867449, 85.9393644919, 20.5258065098],
      [0.1046464656, 0.065835335044, 0.51651221681, 0.34213887216, 0.13073101252, 0.0905265531, 0.076010298988, 1.0890421242, 0.22547224387, 0.3826565792, 1.2958444575, 0.10758334038, 0.38567956859, 0.15056534261, 0.1999430021, 0.20079947657, 0.59774952262, 0.051884840535, 0.093239427697, 0.73902510281, 0.51580954359, 0.80709018039, 0.80591436921, 0.38312815066, 0.91042605783, 0.42898464367, 0.61637540071, 0.75329464415, 0.25006361364, 0.72258880264, 0.012347289533, 3.7082835338, 0.55144509522, 1.3711683048, 0.56860083749],
      [5.6184177497, 7.7651717832, 31.3920208413, 36.1900007544, 22.1338370057, 11.1176587567, 8.1585627294, 66.6345479054, 14.2546923233, 44.9151320139, 68.3994430054, 13.4530824789, 39.3955030977, 8.4825336617, 24.2041011134, 24.2734274136, 50.4908057311, 6.4439930057, 7.975324986, 52.1995377269, 57.6686690562, 106.753155595, 107.6877271185, 54.6437225014, 110.2202818903, 59.5449453912, 76.9772129733, 75.0555302581, 33.0890107466, 65.6476644287, 1.4601664907, 330.6004452814, 64.9036983962, 137.7446780306, 34.7119008359],
      [0.015091265798, 0.026313523635, 0.2553716754, 0.17718410835, 0.11180002793, 0.06058829056, 0.03021709939, 0.52859874829, 0.10155044693, 0.2401396381, 0.48227831834, 0.091441746413, 0.21589047886, 0.07435040169, 0.10511867101, 0.089483558622, 0.24261242984, 0.033767950054, 0.061282490036, 0.29745885408, 0.27795343908, 0.38668726015, 0.32277479744, 0.25967975521, 0.45071238789, 0.3088983656, 0.50709900506, 0.41096322442, 0.14539114978, 0.27201481055, 0.0092257242822, 1.815268028, 0.44586976371, 0.94478917265, 0.19369181683]
    ],
    [
      [1.4419088209, 6.3259588336, 10.1292361847, 9.8894929335, 11.8220781785, 6.1493549126, 5.5967309671, 24.0354699953, 8.8213915197, 23.0076848943, 39.131980948, 4.0434470936, 18.4603470236, 2.0033285739, 8.8686893984, 13.9874890231, 21.2488150582, 1.6227218198, 2.2931135331, 18.7406060208, 7.5469137782, 9.7268465719, 12.2850849318, 5.647630406, 15.706365083, 25.9682834868, 15.7057389924, 14.6682840254, 8.0873672803, 13.0633044757, 1.2835302409, 104.6689843147, 23.8144324631, 78.431890056, 5.4769768053],
      [1.4807777981, 3.9156036752, 10.2619280759, 7.9815597091, 5.8787016088, 4.3692418592, 3.3748254923, 26.3096726664, 6.940156462, 15.4579601693, 36.7772729658, 3.7868807954, 15.8355360231, 2.7629561956, 7.9232906525, 9.6653911435, 18.6855553047, 0.75311830499, 2.2348143529, 9.8687927521, 6.0821369128, 6.4720125689, 8.1294411229, 4.9220408442, 15.0421860159, 12.0530377456, 10.8017893806, 11.1017383803, 5.1009270941, 13.3974418243, 0.94951889309, 99.0103345041, 11.1466668381, 36.0937039574, 4.442354748],
      [17.0650116637, 100.3056134354, 135.4394105613, 183.4516509908, 216.3634246287, 116.538022353, 78.6428089436, 349.876231499, 95.325475944, 394.3751038231, 421.9712978683, 102.8157651052, 351.5210260001, 33.6554553098, 208.3797474909, 253.8536933564, 342.9808794225, 20.2589648433, 41.4127742793, 151.4784321987, 147.7627617951, 186.0440173689, 236.0965508944, 152.5439614493, 395.8239155418, 363.6795023271, 293.1824733953, 240.400897887, 146.6867749005, 264.5445189953, 24.3556615927, 1918.8294218602, 285.1322035897, 788.1718148929, 58.8591227584],
      [1.0123017174, 7.4528240559, 24.169425178, 19.6772963666, 23.935795584, 13.9433808752, 6.385634597, 60.7786258394, 14.9129760743, 46.1592511134, 65.119448218, 15.3539070059, 42.1830909533, 6.5782599207, 19.8282724581, 20.493426477, 36.0847502146, 2.365195032, 7.0592978347, 18.9121690285, 15.6081875139, 14.7571234903, 15.4889230509, 15.8863673004, 35.4275333593, 41.2991764405, 42.3099982317, 28.8290797074, 14.1249307251, 23.9947347047, 3.4112892733, 230.491259321, 42.906697109, 118.3025910937, 7.2215456883]
    ],
    [
      [0.10440865985, 0.55561920558, 1.2884903787, 2.2181115039, 3.4112779093, 0.60616040025, 0.51972222302, 6.7239286516, 2.120808197, 4.7236901291, 12.0123660994, 0.55705860555, 2.6221728834, 0.2588453721, 0.86385011914, 1.0617265535, 2.4646128589, 0.2941838215, 0.33914036663, 4.9791887462, 2.901514538, 3.9781416529, 4.0014110624, 2.1189136644, 5.8833144186, 8.0356110257, 4.5449215707, 5.0400299102, 2.4502150488, 4.4113991521, 0.21370919438, 23.8295308707, 5.095558162, 14.7987752077, 1.4655718321],
      [16.0183260961, 40.0140970963, 146.5774638234, 199.8388580671, 188.8188750022, 49.2714969831, 37.0811613314, 811.9761983717, 187.4558025833, 351.2686985503, 1243.6710211618, 59.6111545324, 249.6991886102, 42.8192995904, 86.7315383515, 82.70628691, 240.7545076971, 17.7950347922, 39.3562982344, 291.7282313769, 260.1220093948, 293.9698466585, 293.8543414696, 205.7219076056, 621.7564166165, 412.5509626881, 346.0861802053, 422.3188980618, 172.7399921953, 500.3388152719, 20.4687584875, 2476.8743469865, 264.7474733747, 750.5932413411, 134.9438067875],
      [0.7680018236, 5.4911885744, 10.7414039726, 25.6360124971, 38.9024086135, 7.1571859528, 4.5479770926, 61.0232094539, 14.2930320162, 50.4736409245, 80.7721661864, 8.8119385815, 31.1219394317, 2.7063205923, 12.6452129495, 12.0081868162, 24.8018311862, 2.2891941918, 3.8105013828, 25.106596804, 35.399077809, 47.422214139, 47.9311495002, 35.64366417, 92.4091326173, 70.1587758597, 52.8846377538, 51.490067516, 27.6901026026, 55.675068136, 2.5033667699, 272.3920336831, 38.0422802489, 92.7370095938, 9.8200589293],
      [0.10926342045, 0.93909512366, 4.3926418252, 6.3070179319, 9.867438475, 1.9651566638, 0.851139353, 24.2766635228, 5.1303572035, 13.5339703961, 28.5444465524, 3.0198482806, 8.5566990747, 1.2155344452, 2.7593985799, 2.2237997202, 5.9790482578, 0.62158719449, 1.4940600161, 7.1859830728, 8.5773982582, 8.6297975496, 7.2130979678, 8.51551456, 18.9511363476, 18.2546504265, 17.4842604703, 14.151004512, 6.1196901533, 11.5747174401, 0.81416554814, 74.9040884596, 13.1146882144, 31.8709738574, 2.7705624511]
    ],
    [
      [0.015784904182, 0.15966205194, 0.64656259718, 0.38056345284, 0.75456251534, 0.30837579773, 0.20594745709, 1.1977381753, 0.52424323727, 1.0225880319, 2.4008485776, 0.2002924267, 0.69728644942, 0.069670341917, 0.39814529267, 0.41825770523, 1.2423506231, 0.03190255672, 0.18191224138, 1.9032895469, 0.51943238217, 0.61337489212, 0.87008354441, 0.38696920349, 1.1893528037, 1.0674183587, 0.94798835938, 1.0835495232, 0.40271605551, 1.0689967412, 0.020517176673, 7.3868165761, 1.3220729889, 3.5672332211, 0.27135590264],
      [0.20836324602, 1.2119096049, 7.9956842521, 3.7427682297, 4.569434446, 2.6779940581, 1.5262379611, 15.9551470821, 5.0427336585, 8.3618870818, 27.45470786, 2.2897919365, 7.2826613879, 1.1877638908, 4.3359068378, 3.5250775281, 13.3060741461, 0.18439309055, 2.1839057921, 12.2200704183, 5.0987736804, 4.9683837644, 7.0085444123, 4.1058384469, 13.8553882645, 6.0295768429, 7.9348096881, 9.9832392003, 3.0958468111, 13.3436157943, 0.18854322767, 84.9495957129, 7.5351085077, 19.9686066771, 2.6934840491],
      [0.71088635094, 9.5473588248, 32.5197053067, 26.5430506065, 51.932485192, 22.0020156671, 10.9166048985, 65.5282329858, 21.3437404076, 65.8840387378, 97.3034121273, 19.1509427385, 49.9076038806, 4.41723993, 35.171761384, 28.549057102, 75.3844753241, 1.5119499518, 12.3976611192, 57.8771812141, 38.2337405022, 44.0955873997, 62.848385744, 39.2802185821, 112.6221173909, 56.1946782618, 66.5109822668, 66.752146597, 27.4736027185, 81.3605458649, 1.4739136486, 508.7381704976, 59.5141632421, 134.7112247394, 10.9801323219],
      [0.064965498853, 1.0810695183, 8.838047844, 4.333617711, 8.7435178466, 4.0116144771, 1.3512096833, 17.3188817568, 5.0892826966, 11.7314861486, 22.841031435, 4.3589728984, 9.1124482821, 1.3253258373, 5.0941864855, 3.5076076647, 12.0670999066, 0.27175440097, 3.2365208473, 10.9994588207, 6.1480534352, 5.3226539437, 6.2729862993, 6.2269737674, 15.3331415409, 9.7083265365, 14.6062196857, 12.1810646796, 4.0278344149, 11.2268415996, 0.31702594702, 92.9254172134, 13.6286552613, 30.7529353624, 2.0550277264]
    ],
    [
      [0, 0.38505978245, 3.6971606062, 4.0145917587, 4.0811292222, 0.92437634976, 1.6592235801, 4.9229900032, 1.187995697, 6.4302055743, 12.9119834629, 1.4673446925, 4.2943265559, 0.077839315576, 1.9093296013, 1.6638817168, 2.9856698872, 0.40143649061, 0, 5.0163813796, 2.4426163023, 3.4144791784, 3.2618446466, 2.836471563, 3.8183439037, 8.5744364601, 2.8546341308, 4.0757512412, 2.2022559067, 5.4402058183, 0.59996932743, 21.1492414691, 5.5498072067, 20.1792329356, 1.603602705],
      [0, 0.12557028995, 1.983479409, 1.7158172094, 1.0742649194, 0.34719439274, 0.52701938011, 2.8560857233, 0.49406909274, 2.2887962715, 6.4304427296, 0.72771867098, 1.9516356508, 0.056930494667, 0.90314064113, 0.60849599337, 1.390813975, 0.097883633587, 0, 1.3984631825, 1.0429709244, 1.2040358265, 1.1436915906, 1.3101146649, 1.9383817058, 2.1083122577, 1.0406319198, 1.6346136327, 0.73524418911, 2.9560926481, 0.23243814137, 10.6069856579, 1.3762414815, 4.9220515825, 0.68864714885],
      [0, 1.6015688237, 13.0562524148, 19.6751138158, 19.7305372245, 4.6145949033, 6.1088169386, 18.9650277031, 3.3810262288, 29.1569511518, 36.8488761343, 9.8422981316, 21.6284463335, 0.34299529459, 11.8504951071, 7.9738739049, 12.7454074357, 1.296261913, 0, 10.7117369277, 12.6411197409, 17.2737433281, 16.5810130364, 20.2559815962, 25.4717976328, 31.7632677932, 14.1002229081, 17.6693201403, 10.5453787971, 29.1421557434, 2.9348781156, 102.708983495, 17.5741350401, 53.6902673996, 4.5416389335],
      [0, 0.88780110394, 17.2631075701, 15.5944772161, 16.1140686338, 4.1138343542, 3.7049401012, 24.2558965704, 3.9369089814, 25.1240470023, 41.8086976731, 10.9626385049, 19.1255914598, 0.52223489517, 8.3370346504, 4.7537483849, 9.878108702, 1.2044179628, 0, 9.8734185102, 9.8732930325, 10.1077416669, 8.0134507264, 15.5974321759, 16.7714767577, 26.5539834891, 15.0045110412, 15.6203149857, 7.5171211071, 19.4615457902, 3.2327144156, 90.534789378, 19.4998162717, 59.2084480823, 4.1661112126]
    ]
  ],
  "prob": [
    [0.00086271592353, 0.36483946686, 0.59611493286, 0.038182884356],
    [0.2810590362, 0.0074592717345, 0.70757790733, 0.0039037847369],
    [0.051521244562, 0.039339448894, 0.81124370548, 0.097895601067],
    [0.010275920974, 0.86096023347, 0.10089572991, 0.027868115642],
    [0.012456217015, 0.11560103506, 0.73676252658, 0.13518022135],
    [0.10788497516, 0.043680847139, 0.45013150342, 0.39830267428]
  ],
  "iterations": 108,
  "time": 2.771548,
  "message": "Converged",
  "status": 0,
  "miniter": 0,
  "maxiter": 1000,
  "maxtime": 3600,
  "param_threshold": 0.001,
  "ll_threshold": "-Inf",
  "initial_prob": "random",
  "adjust_prob_cond_method": "",
  "adjust_prob_cond_every": false,
  "candidates_id": ["STEWART, Gary Todd.c", "NGARO, Alfred.c", "TWYFORD, Philip Stoner.c", "Other candidates votes.c"],
  "group_id": ["Conservative.p", "Green Party.p", "Labour Party.p", "National Party.p", "New Zealand First Party.p", "Other parties votes.p"]
}
