{
  "Z_true": {},
  "V_true": [
    [444, 54, 1215, 83],
    [426, 197, 11483, 337],
    [166, 10833, 2934, 862],
    [73, 575, 1011, 368],
    [56, 414, 869, 857]
  ],
  "p_true": [
    [0.2472, 0.0301, 0.6765, 0.0462],
    [0.0342, 0.0158, 0.9228, 0.0271],
    [0.0112, 0.7322, 0.1983, 0.0583],
    [0.036, 0.2837, 0.4988, 0.1815],
    [0.0255, 0.1885, 0.3957, 0.3903]
  ],
  "Z_est": [
    [
      [19.7206, 8.8942, 6.2452, 0.9408, 4.7328, 0.7711, 4.3718, 12.4745, 10.7893, 19.339, 23.8798, 6.9562, 38.2377, 11.7235, 11.8102, 14.6749, 12.3193, 19.3454, 9.7513, 24.6219, 7.2238, 11.1475, 11.2858, 22.8501, 12.495, 25.571, 8.2057, 22.046, 19.8231, 11.2253, 10.0834, 9.1832, 34.6611, 14.7559, 11.3472, 29.619, 19.7734, 49.4562, 30.5851, 7.3232, 1.2838, 13.1315, 9.6682, 4.4775, 4.6446, 39.1191, 7.0276, 80.9591, 12.9054],
      [5.6904, 2.743, 1.5403, 0.6155, 2.2952, 0.4475, 1.4435, 4.8477, 2.2208, 2.3214, 6.9191, 0.3569, 9.964, 3.2616, 4.4304, 3.4939, 1.764, 1.9757, 0.3209, 5.3681, 1.2643, 2.8595, 2.5664, 5.57, 2.9791, 4.039, 2.5343, 4.6991, 2.4519, 5.0071, 3.0194, 1.457, 4.4102, 3.852, 2.5813, 6.6344, 2.4895, 8.725, 7.5472, 2.7193, 0.1788, 4.5253, 1.7131, 1.5044, 1.1729, 10.2665, 3.1827, 10.3757, 2.5978],
      [22.307, 11.3533, 5.413, 2.0441, 4.8406, 1.6213, 4.364, 12.8722, 11.9025, 9.4469, 26.1557, 2.3645, 36.4958, 12.8309, 17.9407, 12.8161, 7.9815, 5.2811, 4.2492, 19.7512, 6.6707, 11.0194, 12.8304, 20.6051, 11.2064, 17.7925, 11.2674, 16.265, 12.4461, 18.1411, 12.6468, 8.8101, 18.4038, 16.9946, 8.201, 26.3576, 17.1001, 21.5734, 16.1533, 9.9413, 1.8602, 13.6086, 6.2108, 4.9584, 5.038, 35.5008, 12.6017, 55.4511, 14.7932],
      [4.282, 2.0095, 0.8015, 0.3996, 1.1314, 0.1601, 0.8207, 2.8056, 2.0874, 2.8927, 6.0454, 0.3223, 7.3024, 2.184, 4.8186, 3.0151, 1.9352, 1.3978, 0.6786, 4.2588, 0.8412, 2.9736, 2.3174, 3.9748, 2.3195, 3.5975, 2.9926, 3.9899, 2.2789, 4.6266, 2.2503, 1.5497, 3.525, 3.3976, 1.8705, 5.389, 2.637, 5.2455, 3.7144, 2.0162, 0.6772, 2.7346, 1.4078, 1.0597, 1.1445, 8.1136, 2.188, 11.2141, 1.7036]
    ],
    [
      [4.6231, 2.5758, 1.6204, 0, 0.4266, 0.0714, 0.6361, 1.4936, 1.294, 3.0121, 2.6367, 1.4107, 5.1764, 1.8985, 0.8514, 3.3372, 2.2145, 6.2955, 3.4744, 6.301, 2.0309, 3.0167, 1.5655, 3.1099, 3.7126, 6.6147, 1.6831, 3.1954, 3.3482, 0.6203, 1.7686, 1.2018, 7.2419, 2.2404, 2.3219, 7.8287, 3.0368, 5.7935, 1.8778, 0.4559, 0.3353, 4.0367, 6.1459, 2.497, 2.2925, 6.0609, 0.4169, 8.927, 1.0503],
      [3.4878, 2.217, 0.9765, 0.2591, 0.6622, 0.0699, 0.5658, 1.7563, 0.7192, 1.1139, 1.9679, 0.5285, 3.356, 1.3357, 1.1381, 1.899, 0.7546, 2.8111, 0.6883, 3.3714, 1.0508, 1.9672, 0.9756, 1.7844, 2.1125, 2.6375, 1.788, 1.6704, 1.2055, 1.6195, 1.4289, 0.501, 2.666, 1.4909, 1.2997, 4.2819, 1.8202, 3.4976, 1.5077, 0.4477, 0.073, 3.8478, 2.6989, 2.1467, 1.3898, 4.0848, 1.1129, 3.6014, 0.7599],
      [505.7705, 337.0704, 127.5048, 22.5542, 42.2057, 13.484, 61.689, 149.0266, 129.6631, 147.9831, 280.0015, 65.5934, 461.5922, 196.799, 156.8465, 270.6286, 137.9876, 197.6352, 197.6159, 469.1182, 161.8921, 278.2277, 166.2651, 258.5871, 307.9645, 436.8129, 262.2196, 218.6839, 208.0633, 200.9944, 226.7321, 100.2811, 394.6908, 248.7192, 155.7047, 644.4137, 234.2716, 245.6505, 92.9177, 64.5467, 41.0687, 402.2867, 375.1301, 268.5833, 234.8737, 513.3971, 158.8192, 587.4539, 103.1418],
      [26.1187, 16.1368, 4.8983, 1.1867, 2.7055, 0.3747, 3.109, 8.7235, 6.3237, 11.8909, 17.3939, 2.4673, 24.8754, 8.9668, 11.164, 17.1352, 9.0432, 14.2582, 9.2214, 27.2094, 5.0263, 19.7884, 8.1938, 13.5186, 17.2104, 23.9349, 18.3093, 14.4503, 10.3829, 13.7658, 11.0704, 5.0161, 20.4012, 13.5495, 9.6737, 35.4757, 9.8713, 16.0584, 5.6968, 3.5496, 3.523, 21.8288, 23.0251, 15.773, 14.444, 31.4572, 7.6511, 32.0176, 3.048]
    ],
    [
      [4.9635, 1.9339, 1.3861, 0, 0.4096, 0.1051, 1.4032, 2.1073, 1.3513, 4.117, 2.9538, 1.8343, 4.469, 2.9231, 0.8185, 3.4492, 2.0169, 4.0314, 2.7046, 6.7911, 1.3902, 1.1986, 2.2257, 2.2552, 3.6502, 4.4884, 1.2848, 2.6954, 3.3593, 0.2704, 0.9674, 0.9817, 6.3444, 2.1568, 1.8672, 6.673, 3.3267, 5.8944, 2.3409, 0.6825, 0.203, 2.2734, 3.8815, 1.0097, 2.1261, 8.2621, 0.2412, 8.8289, 1.5332],
      [570.3895, 249.158, 120.4235, 88.8942, 73.081, 18.5202, 170.3797, 341.0316, 102.3027, 210.2996, 344.229, 51.8824, 437.5868, 308.6531, 221.6433, 302.1204, 112.4973, 256.542, 38.3305, 546.5687, 88.0559, 117.1796, 188.853, 203.6434, 319.3581, 271.3676, 181.9357, 212.4255, 166.8112, 173.5211, 118.3578, 57.1875, 342.5327, 220.3257, 155.3028, 554.0786, 152.597, 438.1478, 200.3972, 132.4919, 11.8104, 306.1944, 263.4055, 133.6357, 203.6196, 811.3497, 119.6067, 436.7988, 103.4441],
      [148.7364, 68.3256, 27.8134, 19.2056, 9.1363, 3.933, 33.4339, 58.2213, 35.6135, 57.2685, 86.3649, 22.5083, 106.342, 80.5115, 59.9991, 73.2938, 33.3634, 45.3798, 33.2983, 133.464, 30.4609, 29.781, 61.8041, 49.6449, 79.4964, 79.147, 53.7579, 48.4262, 55.7639, 41.974, 32.5535, 22.2333, 95.2188, 64.0926, 32.1635, 146.2036, 68.6594, 69.2775, 26.3212, 31.7614, 7.6943, 60.8026, 63.1474, 28.8729, 57.699, 186.3131, 31.2275, 155.0494, 38.3966],
      [24.9106, 10.5825, 3.377, 3.9001, 2.3732, 0.4417, 5.7833, 11.6399, 5.7325, 14.315, 17.4524, 2.7751, 18.6023, 11.9124, 13.539, 15.1366, 7.1224, 11.0468, 4.6666, 25.1762, 3.093, 6.8408, 10.1172, 8.4565, 14.4953, 13.9971, 12.0216, 10.4529, 9.0657, 9.2345, 5.1213, 3.5975, 15.9041, 11.4248, 6.6665, 26.0448, 9.4169, 15.6802, 5.9407, 6.0642, 2.2924, 10.7296, 12.5656, 5.4817, 11.5553, 37.075, 4.9246, 27.323, 3.626]
    ],
    [
      [0.5376, 0.2788, 0.2128, 0.0129, 0.0506, 0.0088, 0.118, 0.1948, 0.1501, 0.3777, 0.2585, 0.2455, 0.6781, 0.2443, 0.106, 0.1497, 0.2337, 0.8732, 0.4615, 0.633, 0.2141, 0.3009, 0.1733, 0.213, 0.4917, 0.7546, 0.1927, 0.366, 0.3188, 0.1166, 0.1652, 0.1016, 0.7125, 0.2337, 0.2484, 0.7685, 0.2696, 0.4592, 0.3068, 0.0759, 0.0402, 0.592, 0.7674, 0.2341, 0.218, 0.6402, 0.077, 0.68, 0.0124],
      [20.088, 11.3518, 6.8809, 1.9512, 3.2976, 0.7171, 5.2174, 9.8985, 4.0092, 6.0434, 9.713, 1.9551, 22.6509, 8.8291, 5.4294, 4.6248, 4.4464, 12.4936, 2.1705, 17.7219, 4.861, 10.0187, 5.1209, 6.7006, 15.0977, 15.4472, 8.0291, 10.077, 5.1997, 7.7411, 6.5421, 2.1087, 11.9265, 7.9455, 7.3917, 22.0356, 4.3445, 10.4526, 9.6584, 3.8244, 0.7591, 26.5743, 17.8009, 10.4057, 7.2249, 21.5029, 5.1505, 11.167, 0.3253],
      [64.6276, 38.558, 19.8415, 5.3069, 5.7171, 2.1296, 12.9506, 21.5924, 17.665, 20.2106, 30.1237, 10.7733, 68.0717, 28.5082, 18.0479, 13.9191, 16.505, 27.5092, 23.7051, 53.5114, 21.0598, 31.6622, 21.0323, 20.3277, 46.6082, 55.8401, 29.2977, 28.6147, 21.6895, 23.0075, 22.476, 10.4989, 40.8492, 28.7697, 19.2664, 71.8404, 24.7088, 21.435, 17.2675, 11.4659, 6.5426, 65.5416, 52.9615, 28.1188, 25.4765, 61.0258, 16.7281, 49.1581, 1.5372],
      [8.7468, 4.8114, 2.0647, 0.729, 0.9347, 0.1444, 1.714, 3.3144, 2.1757, 4.3682, 4.9048, 1.0262, 9.5993, 3.4184, 3.4166, 2.3064, 2.8149, 5.124, 2.6628, 8.1337, 1.8651, 6.0183, 2.6735, 2.7588, 6.8024, 7.9582, 5.4805, 4.9423, 2.792, 4.1348, 2.8167, 1.2908, 5.5117, 4.0511, 3.0934, 10.3555, 2.6771, 3.6532, 2.7672, 1.6338, 1.6581, 9.2921, 8.4703, 4.2413, 4.0806, 9.8312, 2.0445, 6.995, 0.1251]
    ],
    [
      [2.1551, 1.3173, 0.5356, 0.0463, 0.3805, 0.0436, 0.4709, 0.7299, 0.4153, 1.1542, 1.2712, 0.5533, 2.4388, 1.2107, 0.4139, 1.3889, 1.2155, 3.4544, 1.6082, 2.6529, 1.1411, 1.3364, 0.7496, 1.5718, 2.6505, 2.5714, 0.6337, 1.6972, 2.1506, 0.7674, 1.0154, 0.5318, 4.0401, 0.6132, 1.2153, 3.1108, 1.5934, 3.3967, 0.8893, 0.4625, 0.1377, 1.9664, 1.537, 0.7817, 0.7189, 3.9177, 0.2374, 4.6051, 0.4987],
      [5.3444, 3.5303, 1.1788, 0.2799, 1.664, 0.2453, 1.3936, 2.4659, 0.7481, 1.2217, 3.1711, 0.2771, 5.4423, 2.9205, 1.3586, 2.8619, 1.5377, 3.1776, 0.4897, 4.9699, 1.7679, 2.975, 1.4841, 3.3017, 5.4526, 3.5087, 1.713, 3.1281, 2.3317, 3.1113, 2.6518, 0.7458, 4.4646, 1.3858, 2.4245, 5.9694, 1.7488, 5.177, 1.8895, 1.5166, 0.1787, 5.8582, 2.3816, 2.3075, 1.5928, 8.7961, 0.9472, 5.0571, 0.8728],
      [42.5586, 29.6926, 8.4273, 1.8891, 7.1003, 1.832, 8.5626, 13.2876, 8.1559, 10.0909, 24.3542, 3.7604, 40.4983, 23.3504, 11.1656, 21.3423, 14.1626, 17.1947, 13.1314, 37.1552, 18.9166, 23.3097, 15.0681, 24.8353, 41.7244, 31.4075, 15.4573, 22.0102, 24.0371, 22.8829, 22.5915, 9.1766, 37.8373, 12.424, 15.6644, 48.1846, 24.2601, 26.0636, 8.3403, 11.2847, 3.8342, 35.7606, 17.5502, 15.4665, 13.9129, 61.7632, 7.6235, 54.8875, 10.1311],
      [37.9419, 24.4598, 5.8584, 1.7847, 7.8553, 0.879, 7.573, 13.5167, 6.6807, 14.5332, 26.2035, 2.4092, 37.6206, 18.5184, 14.0618, 23.4069, 16.0842, 21.1732, 9.7706, 37.2219, 11.1745, 29.3789, 12.6981, 22.2913, 40.1724, 29.5123, 19.196, 25.1645, 20.4805, 27.2384, 18.7413, 7.5458, 33.658, 11.577, 16.6958, 45.7351, 17.3977, 29.3627, 8.8809, 10.7362, 6.8494, 33.4148, 18.5312, 15.4443, 14.7755, 65.523, 6.1919, 51.4503, 5.4973]
    ]
  ],
  "V_est": [
    [803.4771, 174.9431, 676.4808, 141.0989],
    [143.7768, 85.1466, 11563.1629, 650.9138],
    [132.181, 11248.9683, 2884.1563, 529.6944],
    [15.5699, 434.9237, 1374.0818, 202.4246],
    [69.9953, 129.0183, 1014.1181, 982.8683]
  ],
  "p_est": [
    [0.4474, 0.0974, 0.3767, 0.0786],
    [0.0116, 0.0068, 0.9293, 0.0523],
    [0.0089, 0.7603, 0.1949, 0.0358],
    [0.0077, 0.2146, 0.6779, 0.0999],
    [0.0319, 0.0588, 0.4618, 0.4476]
  ],
  "EI_Z": {},
  "EI_V": 6.0036,
  "MAE_Z": {},
  "MAE_V": 199.6628,
  "MAE_p": 0.0669,
  "runtime": 0.09
}
