{
  "X": [
    [4, 14, 9, 0],
    [37, 451, 331, 71],
    [47, 271, 339, 55],
    [57, 541, 358, 56],
    [93, 887, 518, 76],
    [34, 375, 184, 32],
    [2, 17, 12, 6],
    [7, 23, 48, 4],
    [42, 830, 382, 104],
    [44, 313, 315, 54],
    [5, 49, 60, 15],
    [20, 215, 165, 47],
    [11, 242, 113, 37],
    [78, 195, 415, 44],
    [8, 31, 27, 2],
    [33, 281, 509, 57],
    [9, 27, 27, 7],
    [18, 123, 138, 16],
    [111, 973, 1992, 155],
    [4, 28, 8, 4],
    [12, 139, 61, 17],
    [4, 59, 43, 10],
    [1, 16, 10, 4],
    [4, 12, 15, 4],
    [10, 103, 101, 15],
    [13, 88, 187, 18],
    [12, 9, 29, 2],
    [10, 54, 58, 5],
    [89, 418, 851, 58],
    [80, 186, 153, 26],
    [20, 323, 118, 37],
    [47, 520, 237, 80],
    [14, 224, 66, 23],
    [27, 497, 276, 57],
    [28, 278, 289, 53],
    [26, 270, 174, 42],
    [48, 389, 300, 74],
    [137, 515, 1065, 108],
    [2, 22, 14, 7],
    [2, 23, 13, 5],
    [3, 7, 8, 2],
    [0, 17, 25, 2],
    [2, 34, 37, 4],
    [11, 69, 109, 5],
    [11, 16, 36, 4],
    [49, 150, 222, 13],
    [105, 355, 614, 74],
    [9, 32, 53, 6],
    [1, 8, 7, 0],
    [1, 9, 5, 2],
    [50, 294, 490, 47],
    [91, 902, 676, 106],
    [26, 239, 164, 33],
    [218, 1216, 939, 176],
    [28, 77, 70, 10]
  ],
  "W": [
    [3, 15, 8, 1, 0],
    [66, 391, 293, 84, 56],
    [84, 218, 295, 61, 54],
    [97, 452, 335, 70, 58],
    [107, 806, 486, 102, 73],
    [58, 343, 146, 36, 42],
    [2, 17, 11, 2, 5],
    [5, 13, 46, 8, 10],
    [97, 733, 348, 87, 93],
    [58, 268, 280, 55, 65],
    [8, 45, 60, 6, 10],
    [33, 195, 143, 44, 32],
    [28, 220, 109, 21, 25],
    [139, 114, 393, 37, 49],
    [9, 24, 26, 3, 6],
    [51, 263, 481, 37, 48],
    [12, 22, 23, 5, 8],
    [22, 112, 133, 18, 10],
    [197, 812, 1851, 165, 206],
    [2, 25, 8, 5, 4],
    [11, 126, 57, 20, 15],
    [9, 54, 38, 6, 9],
    [5, 14, 10, 0, 2],
    [8, 8, 12, 3, 4],
    [17, 89, 103, 13, 7],
    [17, 77, 175, 14, 23],
    [15, 4, 27, 2, 4],
    [19, 46, 50, 7, 5],
    [229, 263, 750, 91, 83],
    [160, 93, 146, 26, 20],
    [33, 289, 108, 34, 34],
    [81, 472, 218, 57, 56],
    [22, 198, 62, 27, 18],
    [59, 437, 245, 58, 58],
    [50, 244, 268, 46, 40],
    [47, 218, 162, 54, 31],
    [67, 340, 285, 60, 59],
    [219, 363, 976, 143, 124],
    [5, 23, 15, 0, 2],
    [4, 22, 12, 2, 3],
    [1, 7, 7, 1, 4],
    [5, 13, 21, 1, 4],
    [11, 26, 34, 4, 2],
    [27, 55, 100, 3, 9],
    [18, 10, 31, 1, 7],
    [100, 96, 200, 16, 22],
    [233, 197, 566, 80, 72],
    [11, 24, 52, 6, 7],
    [1, 6, 4, 3, 2],
    [1, 7, 7, 1, 1],
    [82, 256, 451, 49, 43],
    [166, 739, 618, 138, 114],
    [51, 205, 152, 31, 23],
    [328, 1071, 860, 127, 163],
    [58, 53, 64, 5, 5]
  ],
  "method": "mvn_cdf",
  "mvncdf_method": "genz",
  "mvncdf_samples": 5000,
  "mvncdf_error": 1e-06,
  "cond_prob": [
    [
      [0.95393373157, 0.019765305011, 0.026300963415, 0],
      [0.056802578583, 0.90510667579, 0.038090745623, 0],
      [0.0061467307509, 0.0010888927203, 0.99276437653, 0],
      [0.23698628052, 0.35539280629, 0.40762091319, 0],
      [0.4852789972, 0.036591980386, 0.46142882068, 0.016700201729]
    ],
    [
      [0.37892225539, 0.4303811187, 0.15517775765, 0.035518868259],
      [0.0083690336527, 0.92365737784, 0.00020762514102, 0.067765963369],
      [0.003288090181, 0.0040800689913, 0.97368742727, 0.018944413556],
      [0.025065710993, 0.5828778818, 0.18648856354, 0.20556784367],
      [0.10089122928, 0.20156444903, 0.3521719828, 0.34537233889]
    ],
    [
      [0.42204210416, 0.36218484329, 0.18132019476, 0.034452857786],
      [0.011382931841, 0.91184946121, 6.8474654099e-05, 0.076699132299],
      [0.0045965378639, 0.0031595064936, 0.97606681965, 0.016177135991],
      [0.029811763793, 0.52403630284, 0.23290171078, 0.21325022259],
      [0.10912014533, 0.16472262466, 0.40013814835, 0.32601908166]
    ],
    [
      [0.41365588808, 0.46521193677, 0.0971033207, 0.024028854447],
      [0.0090593058536, 0.94915757201, 0, 0.041783122135],
      [0.0074493838923, 0.0071222508734, 0.96508435726, 0.020344007979],
      [0.030010362823, 0.69007326571, 0.12774798565, 0.15216838582],
      [0.14110868291, 0.27869201624, 0.28164412441, 0.29855517644]
    ],
    [
      [0.54546270648, 0.34742938257, 0.089123814355, 0.017984096598],
      [0.012388908725, 0.94639876476, 0.00076428701252, 0.040448039501],
      [0.0082434110106, 0.0057404556937, 0.96932604814, 0.016690085158],
      [0.050329335412, 0.65563788185, 0.14922431603, 0.14480846671],
      [0.21246767139, 0.23784556509, 0.29499173838, 0.25469502514]
    ],
    [
      [0.40399966659, 0.37871223708, 0.19580823441, 0.021479861913],
      [0.010835565807, 0.94507952358, 0, 0.04408491061],
      [0.0067757607257, 0.0028475705759, 0.98127756146, 0.009099107242],
      [0.02960424908, 0.57044373706, 0.2617497772, 0.13820223666],
      [0.1142001484, 0.18858794815, 0.47508586792, 0.22212603554]
    ],
    [
      [0.51554596095, 0.32512623157, 0.095402921729, 0.063924885752],
      [0.026054674938, 0.86979351837, 0.0089352618605, 0.09521654483],
      [0.0037443197961, 0.0032425449285, 0.95376030104, 0.039252834231],
      [0.024982575295, 0.45491558435, 0.11438060933, 0.40572123102],
      [0.086965187163, 0.12355171232, 0.18743403495, 0.60204906556]
    ],
    [
      [0.65566395504, 0.28389485719, 0.050394532416, 0.010046655353],
      [0.0097824619792, 0.95320267679, 0.0039952419255, 0.033019619302],
      [0, 0.017946891186, 0.96726587092, 0.014787237896],
      [0.065708620791, 0.71866993903, 0.1094672482, 0.10615419198],
      [0.30688392527, 0.2613974409, 0.23261211451, 0.19910651932]
    ],
    [
      [0.30148899147, 0.55064909402, 0.11188901669, 0.035972897827],
      [0.002672090236, 0.94140680256, 0.00067311016315, 0.055247997039],
      [0.0036192376368, 0.0071886773798, 0.96280047131, 0.026391613669],
      [0.018091947964, 0.67291897242, 0.12130445721, 0.18768462241],
      [0.08562829585, 0.27408861585, 0.26930455739, 0.37097853091]
    ],
    [
      [0.47787877497, 0.35690109476, 0.13755676134, 0.027663368927],
      [0.013187933039, 0.9234932615, 5.3383437057e-05, 0.063265422022],
      [0.0045297552157, 0.0026951282046, 0.97499002933, 0.017785087249],
      [0.037450234117, 0.5753292184, 0.19669556759, 0.19052497989],
      [0.14493185631, 0.19085845403, 0.3567990254, 0.30741066426]
    ],
    [
      [0.39217515046, 0.44349141233, 0.095165744704, 0.069167692513],
      [0.0074942827783, 0.87401146324, 2.7037873698e-05, 0.11846721611],
      [0.010110520151, 0.022055037995, 0.94782097578, 0.020013466076],
      [0.020832376454, 0.52294139274, 0.098796683347, 0.35742954746],
      [0.079373060351, 0.16606022195, 0.17754186913, 0.57702484857]
    ],
    [
      [0.4020930276, 0.37749376715, 0.17286888736, 0.047544317879],
      [0.011238514879, 0.89804496362, 0.0020558889023, 0.088660632594],
      [0.0030464319324, 0.0031505625055, 0.97139816527, 0.022404840289],
      [0.025727833292, 0.50054305441, 0.20336966185, 0.27035945045],
      [0.092867351768, 0.15467227952, 0.3448820508, 0.40757831791]
    ],
    [
      [0.28284069345, 0.57697031509, 0.091536708958, 0.048652282506],
      [0.0023439420023, 0.92999394728, 0.0014863285173, 0.066175782204],
      [0.0038881973779, 0.0086448109664, 0.9460985348, 0.041368456858],
      [0.015547401936, 0.65545611368, 0.091961929966, 0.23703455442],
      [0.072579375526, 0.26157199977, 0.20216156213, 0.46368706258]
    ],
    [
      [0.47339368314, 0.38823889276, 0.1091282551, 0.029239169002],
      [0.012134549087, 0.92615388203, 3.9132706912e-05, 0.061672436173],
      [0.0053611122398, 0.0055681768696, 0.96625612341, 0.022814587485],
      [0.03656934567, 0.61295680809, 0.15291543776, 0.19755840848],
      [0.15010115405, 0.21603175399, 0.29449354523, 0.33937354673]
    ],
    [
      [0.62490532201, 0.3213754941, 0.045014445901, 0.0087047379907],
      [0.014917962429, 0.96298288705, 1.8998619856e-05, 0.022080151902],
      [0, 0.034999469567, 0.96245778512, 0.0025427453126],
      [0.060874740074, 0.76064777087, 0.091766608828, 0.086710880225],
      [0.30586613057, 0.30068362376, 0.21586863007, 0.1775816156]
    ],
    [
      [0.42750128633, 0.34052702493, 0.19432788091, 0.037643807828],
      [0.012030435324, 0.90004135972, 7.6834555351e-05, 0.087851370404],
      [0.0039398001063, 0.0035697299771, 0.97769955902, 0.014790910893],
      [0.029897695722, 0.49006341808, 0.24824063161, 0.23179825459],
      [0.10483690238, 0.14735119865, 0.40855581928, 0.3392560797]
    ],
    [
      [0.5837009565, 0.28080122497, 0.10585354478, 0.029644273744],
      [0.016623895653, 0.89672091917, 4.7733117935e-05, 0.086607452061],
      [0, 0, 0.97619932277, 0.023800677233],
      [0.048225368597, 0.52980557193, 0.1762968418, 0.24567221767],
      [0.17359199683, 0.15668715238, 0.29932983767, 0.37039101313]
    ],
    [
      [0.57406221507, 0.3016320978, 0.10242181411, 0.021883873022],
      [0.01780111089, 0.92331803238, 4.6126267172e-05, 0.05883473046],
      [0.0032917525979, 0.0034777568185, 0.97279375882, 0.020436731767],
      [0.052095829516, 0.58809273306, 0.17667239482, 0.18313904261],
      [0.2001378822, 0.19042633697, 0.31798809182, 0.29144768901]
    ],
    [
      [0.37484441748, 0.39677573237, 0.20057201968, 0.027807830463],
      [0.0095405431727, 0.93247445105, 7.1162085179e-05, 0.057913843689],
      [0.0025141500909, 0.0041956676273, 0.98246779222, 0.010822390066],
      [0.025917869805, 0.55730818814, 0.25012451624, 0.16664942581],
      [0.099410623126, 0.18419366333, 0.44956844631, 0.26682726724]
    ],
    [
      [0.81834053915, 0.15509239013, 0.017191381612, 0.0093756890991],
      [0.0012237852493, 0.92724221689, 0, 0.07153399786],
      [0.024690495491, 0.043553997419, 0.90134742531, 0.030408081781],
      [0.096054679037, 0.66996512717, 0.062191602671, 0.17178859112],
      [0.41373173284, 0.20262554556, 0.11096995524, 0.27267276636]
    ],
    [
      [0.54328354755, 0.36263440159, 0.071252165218, 0.022829885644],
      [0.012870092586, 0.9343529733, 0, 0.052776934118],
      [0.0089302059863, 0.0069812582624, 0.95446838243, 0.029620153317],
      [0.045312052372, 0.66171136358, 0.11462916741, 0.17834741664],
      [0.19913243483, 0.24335919698, 0.23459633571, 0.32291203247]
    ],
    [
      [0.31960221533, 0.46639850003, 0.17159764138, 0.042401643262],
      [0.0053053102125, 0.91715057803, 0.00070282749725, 0.07684128426],
      [0.0021231430611, 0.0034429867126, 0.97616307222, 0.018270798006],
      [0.018019437806, 0.57094101837, 0.18549786139, 0.22554168243],
      [0.072033027484, 0.19108918676, 0.35672051445, 0.38015727131]
    ],
    [
      [0.18598612813, 0.64192955804, 0.065951453472, 0.10613286036],
      [0.00039905313733, 0.88853331813, 0.02244974738, 0.088617881348],
      [0.001919327971, 0.0063854864907, 0.92037758704, 0.071317598497],
      [0.006781345526, 0.51608627957, 0.044824021586, 0.43230835332],
      [0.022644667866, 0.1435154455, 0.076085199456, 0.75775468718]
    ],
    [
      [0.43010438735, 0.34679833796, 0.17075914013, 0.052338134565],
      [0.0093934693239, 0.8970689169, 5.2637803375e-05, 0.093484975974],
      [0.004962565889, 0, 0.9762644319, 0.018773002213],
      [0.02500890752, 0.4952578785, 0.19488133623, 0.28485187775],
      [0.087359908352, 0.14082208141, 0.33342214627, 0.43839586397]
    ],
    [
      [0.41018517943, 0.48662921442, 0.069201041884, 0.033984564268],
      [0.0080023937261, 0.93459230959, 1.9636586644e-05, 0.057385660102],
      [0.010435897957, 0.0074401710693, 0.9453769802, 0.036746950772],
      [0.02677626084, 0.682437564, 0.085453692385, 0.20533248277],
      [0.12737857536, 0.2729374071, 0.19101538143, 0.40866863611]
    ],
    [
      [0.46035186259, 0.33973869496, 0.17101352925, 0.028895913207],
      [0.012706542509, 0.91899430176, 6.7802124621e-05, 0.068231353606],
      [0.0048167627031, 0.0010204607336, 0.97886766413, 0.015295112434],
      [0.034009944474, 0.53358745514, 0.23780200785, 0.19460059254],
      [0.1250670377, 0.16578591086, 0.41115130029, 0.29799575114]
    ],
    [
      [0.69496732156, 0.20880438806, 0.068623403071, 0.027604887306],
      [0.028638529382, 0.93140395649, 4.075135181e-05, 0.039916762773],
      [0, 0.0082588605203, 0.98002975899, 0.011711380493],
      [0.088285428589, 0.60598142361, 0.16951918129, 0.13621396651],
      [0.32109130048, 0.17684156795, 0.29266102332, 0.20940610825]
    ],
    [
      [0.43444015918, 0.33251251617, 0.21309352938, 0.019953795266],
      [0.012211665262, 0.93869213157, 8.5263009407e-05, 0.049010940161],
      [0.007687296952, 0, 0.98474279227, 0.0075699107753],
      [0.032018253615, 0.52945507946, 0.30124185146, 0.13728481547],
      [0.11508155012, 0.1592477169, 0.52029365388, 0.2053770791]
    ],
    [
      [0.33454467575, 0.42067145613, 0.21928623897, 0.025497629138],
      [0.0080999900577, 0.94130620782, 7.3935415716e-05, 0.050519866711],
      [0.001371161234, 0.0087490990721, 0.98244343112, 0.0074363085745],
      [0.022225090014, 0.56790936322, 0.26287785781, 0.14698768895],
      [0.086844792171, 0.19109792208, 0.4820427453, 0.24001454045]
    ],
    [
      [0.46104287219, 0.46087805541, 0.048268015928, 0.029811056477],
      [0.010082052664, 0.93920711833, 2.1585018782e-05, 0.05068924399],
      [0.0085386831557, 0.0093075213263, 0.9500896939, 0.032064101623],
      [0.033783281245, 0.69165487015, 0.09367109109, 0.18089075752],
      [0.15852482497, 0.27856621962, 0.20632831839, 0.35658063702]
    ],
    [
      [0.3700810893, 0.50898896069, 0.090179180818, 0.030750769197],
      [0.0072690289335, 0.94213121142, 0, 0.050599759642],
      [0.0083754585678, 0.0079734031359, 0.95422389852, 0.029427239778],
      [0.024236885748, 0.68952018261, 0.10814580897, 0.17809712268],
      [0.11641091325, 0.28301854259, 0.24385142612, 0.35671911803]
    ],
    [
      [0.40809322793, 0.45047272605, 0.10115515191, 0.04027889412],
      [0.009594729986, 0.9205397292, 0, 0.069865540817],
      [0.0064026361381, 0.0064099978431, 0.95493639621, 0.032250969806],
      [0.027223405623, 0.61514349023, 0.12250086152, 0.23513224263],
      [0.11550405689, 0.22422140243, 0.2437098074, 0.41656473327]
    ],
    [
      [0.38930836861, 0.50984720551, 0.072437104395, 0.028407321478],
      [0.0075436655442, 0.94588600036, 0, 0.046570334101],
      [0.014459869531, 0.012052630837, 0.93862300844, 0.034864491194],
      [0.025984852379, 0.71410081797, 0.08961091467, 0.17030341498],
      [0.13019262153, 0.30388601174, 0.21068124912, 0.35524011761]
    ],
    [
      [0.31352038939, 0.51492429077, 0.14041853696, 0.031136782884],
      [0.0034677897819, 0.94420279438, 0.0012103733494, 0.051119042489],
      [0.0030007103446, 0.0053694506659, 0.97334642223, 0.018283416759],
      [0.019462019681, 0.65363012366, 0.15809414907, 0.16881370759],
      [0.088325891646, 0.25477212268, 0.33701791506, 0.31988407062]
    ],
    [
      [0.39212874529, 0.4169501766, 0.14980685167, 0.041114226444],
      [0.0091349535876, 0.91137953593, 4.9033393774e-05, 0.07943647709],
      [0.0036978732277, 0.0057126320714, 0.97091122098, 0.019678273725],
      [0.025583253377, 0.5597362026, 0.17841132772, 0.23626921631],
      [0.09991935949, 0.18742584222, 0.3271641243, 0.38549067398]
    ],
    [
      [0.38640114787, 0.47989650984, 0.09908804573, 0.03461429656],
      [0.0079919036723, 0.93223037562, 0, 0.059777720711],
      [0.0071164739475, 0.0069164956559, 0.95708380708, 0.028883223312],
      [0.025510346845, 0.65331240779, 0.11953922501, 0.20163802036],
      [0.11504785614, 0.25223547858, 0.25290861138, 0.3798080539]
    ],
    [
      [0.46963153767, 0.39961799697, 0.09371469171, 0.037035773652],
      [0.011984439168, 0.91731666286, 0, 0.070698897975],
      [0.0072782060655, 0.0061365266607, 0.95455177432, 0.032033492952],
      [0.034438225633, 0.601903126, 0.1251717843, 0.23848686407],
      [0.14100670157, 0.2114378165, 0.24006021891, 0.40749526302]
    ],
    [
      [0.47736128619, 0.34466111175, 0.15074209288, 0.027235509171],
      [0.013796417399, 0.92162706362, 6.0805150926e-05, 0.064515713827],
      [0.0044344610364, 0.0029304540296, 0.97715871689, 0.015476368048],
      [0.037946385394, 0.5574988025, 0.21647763532, 0.18807717679],
      [0.14270493327, 0.18053339146, 0.38146935369, 0.29529232159]
    ],
    [
      [0.2904581986, 0.46751734235, 0.050616232676, 0.19140822637],
      [0.019653372952, 0.84466655505, 0.051995208115, 0.083684863883],
      [0.0034383189605, 0.0060434960034, 0.83186045768, 0.15865772735],
      [0.0080919689886, 0.31393696457, 0.028620303932, 0.64935076251],
      [0.022053322343, 0.072215041023, 0.036561092371, 0.86917054426]
    ],
    [
      [0.36667834599, 0.45905170317, 0.11276322729, 0.061506723549],
      [0.012285894701, 0.88851001935, 0.0052279151842, 0.093976170765],
      [0.0024969044608, 0.0036602489773, 0.96345280711, 0.030390039453],
      [0.017367226482, 0.53776833258, 0.11421997739, 0.33064446354],
      [0.066099875376, 0.16570436958, 0.2146864389, 0.55350931615]
    ],
    [
      [0.961853828, 0.024091411218, 0.011368524198, 0.0026862365842],
      [0, 0.87548640695, 3.7905985404e-05, 0.12447568706],
      [0, 0.002001891696, 0.96719813276, 0.030799975542],
      [0.19888666212, 0.46024110891, 0.15373301608, 0.18713921289],
      [0.45981487747, 0.093312347336, 0.26606154712, 0.18081122807]
    ],
    [
      [0, 0.60457390293, 0.30718223591, 0.088243861162],
      [0, 0.96239729096, 6.7802403916e-05, 0.037534906635],
      [0, 0.0038252166241, 0.99056957211, 0.0056052112662],
      [0, 0.58664172059, 0.29042322364, 0.12293505576],
      [0, 0.19974860829, 0.59270578782, 0.20754560389]
    ],
    [
      [0.16959168932, 0.57953758678, 0.1814868233, 0.069383900597],
      [0, 0.94588556222, 0.00031357112816, 0.053800866654],
      [0, 0.00042174677844, 0.98581978816, 0.013758465061],
      [0.010563327689, 0.63797414961, 0.17632005141, 0.17514247129],
      [0.046119053347, 0.23291296943, 0.38616954561, 0.33479843161]
    ],
    [
      [0.34650327177, 0.44286030144, 0.19123740972, 0.019399017073],
      [0.0077215618877, 0.95580878353, 5.9761779292e-05, 0.036409892802],
      [0.0027613981984, 0.0063017791264, 0.98822524896, 0.0027115737168],
      [0.023178189029, 0.62201346846, 0.23791878037, 0.11688956214],
      [0.097116819055, 0.21967449433, 0.47744686696, 0.20576181965]
    ],
    [
      [0.53818336708, 0.28663311089, 0.14228627245, 0.032897249587],
      [0.016142867818, 0.92038303399, 6.1715423567e-05, 0.063412382766],
      [0.00010071473724, 0, 0.98268331756, 0.0172159677],
      [0.044192159341, 0.53470941586, 0.22895152304, 0.19214690177],
      [0.15770805689, 0.15743774975, 0.39229936774, 0.29255482562]
    ],
    [
      [0.43250276198, 0.41291449566, 0.13656831235, 0.018014430012],
      [0.010664036415, 0.95263424779, 4.7084704883e-05, 0.036654631091],
      [0.0050497801232, 0.0073448206053, 0.98330168367, 0.004303715605],
      [0.033346901147, 0.65316742155, 0.19161922716, 0.12186645014],
      [0.14465772107, 0.24254635367, 0.39147292114, 0.22132300412]
    ],
    [
      [0.39008158613, 0.44657515924, 0.12940518006, 0.033938074567],
      [0.0087720011632, 0.92867504933, 4.0574642448e-05, 0.062512374862],
      [0.0039711714947, 0.004758574357, 0.96933487694, 0.021935377213],
      [0.026430846151, 0.61537263562, 0.15830835522, 0.19988816301],
      [0.11139938118, 0.22327554504, 0.31294987607, 0.35237519771]
    ],
    [
      [0.59178324452, 0.3226976813, 0.066346976697, 0.019172097486],
      [0.015921171791, 0.93631834744, 2.7473518343e-05, 0.047733007248],
      [0.004106976462, 0.0076896855747, 0.95923248017, 0.028970857798],
      [0.052323592178, 0.6599102378, 0.11870302666, 0.16906314336],
      [0.22582455118, 0.23133715577, 0.23960239476, 0.30323589829]
    ],
    [
      [0.43454528657, 0.25597688631, 0.30947782712, 0],
      [0.0075666879442, 0.99243331206, 0, 0],
      [0.028035408864, 0.060745558784, 0.91121903235, 0],
      [0.066133415415, 0.45450729845, 0.47935928614, 0],
      [0.10475635203, 0.091459555441, 0.80378409253, 0]
    ],
    [
      [0.38009771681, 0.59732848226, 0.0012309110357, 0.021342889892],
      [0.0029098826615, 0.96904847894, 0.028041638403, 0],
      [0.075512852221, 0.052058453568, 0.68565604662, 0.18677264759],
      [0.0077757475589, 0.86822058124, 0.00087014176816, 0.12313352943],
      [0.063167391446, 0.38670240898, 0.0020151520324, 0.54811504754]
    ],
    [
      [0.45522771208, 0.32604362658, 0.19067456246, 0.028054098877],
      [0.013682679775, 0.91654051299, 8.0316425557e-05, 0.069696490814],
      [0.0047727142997, 0.0019350336051, 0.98075073807, 0.012541514027],
      [0.034810965008, 0.51145504624, 0.26554608203, 0.18818790672],
      [0.12349605005, 0.15572218313, 0.44218102291, 0.27860074391]
    ],
    [
      [0.38616533358, 0.46995590869, 0.11759726934, 0.026281488381],
      [0.0087649967508, 0.94542618298, 5.0973162522e-05, 0.045757847109],
      [0.0044707087547, 0.0059208610507, 0.97101651948, 0.018591910713],
      [0.026903676591, 0.66617300807, 0.14794368959, 0.15897962574],
      [0.12231242672, 0.26075791836, 0.31523461332, 0.3016950416]
    ],
    [
      [0.39304629668, 0.45517565315, 0.11739116642, 0.034386883758],
      [0.0090915266522, 0.92771696142, 0, 0.063191511924],
      [0.0044555552403, 0.0055293881809, 0.96638618237, 0.023628874206],
      [0.026248505042, 0.62732888282, 0.14338357307, 0.20303903907],
      [0.11304034143, 0.2311479229, 0.29032434899, 0.36548738668]
    ],
    [
      [0.50882866914, 0.35324802147, 0.11002809646, 0.027895212933],
      [0.012415238239, 0.92228985595, 0.00026258928726, 0.065032316526],
      [0.0062992212829, 0.0047577720686, 0.96786721857, 0.021075788074],
      [0.042087837424, 0.59367472845, 0.16415749876, 0.20007993537],
      [0.16592018842, 0.20167999231, 0.30316405471, 0.32923576456]
    ],
    [
      [0.45321296757, 0.4084778642, 0.10626258639, 0.032046581834],
      [0.010795278851, 0.92521230471, 3.5573085623e-05, 0.063956843357],
      [0.004617823768, 0.0017023039975, 0.96461650336, 0.029063368878],
      [0.032879353082, 0.61545660943, 0.14183039875, 0.20983363873],
      [0.13631212305, 0.21716024475, 0.27805528142, 0.36847235078]
    ]
  ],
  "expected_outcome": [
    [
      [2.8618011947, 25.0088688555, 35.4515367495, 40.1246211438, 58.3645095933, 23.4319806625, 1.0310919219, 3.2783197752, 29.2444321724, 27.7169689485, 3.1374012037, 13.2690699109, 7.9195394165, 65.8017219558, 5.6241478981, 21.8025656031, 7.004411478, 12.6293687315, 73.8443502438, 1.6366810783, 5.976119023, 2.876419938, 0.92993064064, 3.4408350988, 6.9731480504, 7.825981664, 10.4245098234, 8.2543630244, 76.6107307478, 73.7668595498, 12.2126759469, 33.055551462, 8.5647841095, 18.4977029739, 19.6064372647, 18.1608539498, 31.4653130237, 104.5421216763, 1.452290993, 1.4667133839, 0.961853828, 0, 1.8655085826, 9.3555883378, 9.6873006074, 43.2502761976, 90.8890095674, 6.5096156897, 0.43454528657, 0.38009771681, 37.3286723907, 64.1034453746, 20.0453611306, 166.8958034768, 26.2863521191],
      [0.059295915034, 28.4051538343, 30.4235268364, 45.125557867, 37.1749439348, 21.9653097509, 0.65025246314, 1.419474286, 53.4129621197, 20.700263496, 3.5479312986, 12.4572943161, 16.1551688225, 53.9652060935, 2.8923794469, 17.3668782714, 3.3696146996, 6.6359061516, 78.1648192775, 0.31018478027, 3.9889784175, 4.1975865002, 3.2096477902, 2.7743867037, 8.2726966451, 5.7755578143, 3.1320658209, 6.3177378072, 96.3337634547, 73.7404888655, 16.7966357026, 36.4882908099, 11.2166385213, 30.3805331553, 20.8475088298, 22.5551359626, 26.774405797, 75.4807834741, 2.3375867117, 1.8362068127, 0.024091411218, 3.0228695147, 6.3749134545, 11.9572281388, 5.159395996, 41.2914495658, 104.0520121034, 3.5496744943, 0.25597688631, 0.59732848226, 26.7355773797, 78.0126808432, 23.2139583104, 115.8653510421, 23.6917161238],
      [0.078902890246, 10.2417320051, 15.2308963601, 9.4190221079, 9.536248136, 11.3568775957, 0.19080584346, 0.25197266208, 10.8532346187, 7.9782921577, 0.76132595763, 5.704673283, 2.5630278508, 15.1688274594, 0.40513001311, 9.9107219263, 1.2702425374, 2.2532799104, 39.5126878774, 0.034382763225, 0.7837738174, 1.5443787724, 0.32975726736, 1.366073121, 1.176417712, 2.9072299972, 1.0293510461, 4.0487770583, 50.216548725, 7.7228825485, 2.975912967, 8.1935673044, 1.5936162967, 8.2846936806, 7.4903425834, 4.6571381493, 6.2788843446, 33.0125183411, 0.25308116338, 0.45105290916, 0.011368524198, 1.5359111795, 1.9963550563, 5.1634100625, 2.5611529041, 13.6568312354, 30.1514069551, 0.72981674367, 0.30947782712, 0.0012309110357, 15.6353141217, 19.521146711, 5.9869494874, 36.0892156392, 6.1632300108],
      [0, 2.3442453051, 2.8940400541, 2.3307988814, 1.9242983359, 1.2458319909, 0.1278497715, 0.050233276763, 3.4893710892, 1.6044753978, 0.5533415401, 1.56896249, 1.3622639102, 4.0642444913, 0.078342641916, 1.9198341992, 0.35573128493, 0.48144520649, 5.4781426013, 0.018751378198, 0.25112874208, 0.38161478936, 0.53066430179, 0.41870507652, 0.57773759255, 0.49123052452, 0.41407330959, 0.37912211006, 5.8389570725, 4.7697690362, 1.0147753835, 3.2625904237, 0.62496107251, 1.8370701902, 2.0557113222, 1.6268719383, 2.4813968347, 5.9645765084, 0.95704113187, 0.2460268942, 0.0026862365842, 0.44121930581, 0.76322290656, 0.52377346096, 0.59215049256, 1.8014430012, 7.9075713741, 0.21089307234, 0, 0.021342889892, 2.3004361079, 4.3627270712, 1.7537310716, 9.1496298419, 1.8587017464]
    ],
    [
      [0.85203867875, 3.2722921582, 2.4814791413, 4.0948062458, 9.9854604324, 3.7165990719, 0.44292947394, 0.12717200573, 1.958642143, 3.5343660544, 0.33724272502, 2.1915104013, 0.5156672405, 1.383338596, 0.35803109829, 3.1640044901, 0.36572570436, 1.9937244197, 7.7469210562, 0.030594631233, 1.6216316659, 0.28648675148, 0.0055867439226, 0.075147754591, 0.71221304162, 0.97840377318, 0.11455411753, 0.56173660204, 2.1302973852, 0.93763089771, 2.1007493618, 4.5287125534, 1.4936457777, 1.5154241347, 2.2289286754, 1.7422350006, 4.074709317, 5.0080995159, 0.45202757789, 0.27028968343, 0, 0, 0, 0.42468590383, 0.16142867818, 1.0237474959, 1.7280842291, 0.38210812297, 0.045400127665, 0.020369178631, 3.5027660224, 6.4773325988, 1.8637629637, 13.2967201544, 0.57214977912],
      [13.5766001369, 361.1500347345, 198.7831825428, 429.019222549, 762.7974043977, 324.1622765888, 14.7864898123, 12.3916347983, 690.051186278, 247.4961940826, 39.3305158458, 175.1187679068, 204.5986684007, 105.5815425518, 23.1115892892, 236.7108776057, 19.7278602217, 103.4116196269, 757.169254255, 23.1810554223, 117.7284746352, 49.5261312136, 12.4394664539, 7.1765513352, 83.1787155531, 70.7625612355, 3.725615826, 43.1798380521, 247.5635326555, 87.3462620045, 272.2759201018, 434.4947521811, 187.2854280703, 412.616621144, 222.3766067666, 203.2262218843, 311.8876653716, 334.5506240952, 19.4273307662, 19.5472204257, 6.1284048487, 12.5111647825, 24.5930246177, 52.5694830942, 9.2038303399, 91.4528877877, 182.9489847184, 22.4716403386, 5.9545998723, 6.7833393525, 234.6343713242, 698.6699492207, 190.181977092, 987.7724357196, 49.0362521494],
      [0.57136118434, 0.081181430138, 0.014927474594, 0, 0.61601533209, 0, 0.15189945163, 0.051938145031, 0.49338974959, 0.014306761131, 0.0012167043164, 0.40089833595, 0.32699227381, 0.004461128588, 0.00045596687654, 0.020207488057, 0.0010501285946, 0.0051661419233, 0.057783613166, 0, 0, 0.037952684852, 0.31429646332, 0.000421102427, 0.0017476562113, 0.0052207635958, 0.00016300540724, 0.0039220984327, 0.019445014333, 0.0020074067467, 0, 0, 0, 0.52893315371, 0.011964148081, 0, 0, 0.022072269786, 1.1958897866, 0.11501413405, 0.00026534189783, 0.00088143125091, 0.0081528493321, 0.0032868978611, 0.00061715423567, 0.0045201316688, 0.0079932045622, 0.00065936444024, 0, 0.19629146882, 0.020561004943, 0.037669167104, 0, 0.28123312666, 0.001885373538],
      [0, 26.4964916772, 16.7204108413, 18.8859712052, 32.6011198378, 15.1211243392, 1.6186812621, 0.42925505093, 40.4967818294, 16.9551331019, 5.3310247249, 17.2888233559, 14.558672085, 7.0306577237, 0.52992364566, 23.1049104161, 1.9053639453, 6.5894898115, 47.0260410756, 1.7883499465, 6.6498936989, 4.1494293501, 1.2406503389, 0.74787980779, 5.1073237491, 5.2538142277, 0.15966705109, 2.2545032474, 13.286724945, 4.714099691, 14.6233305364, 32.9765352655, 9.2209261519, 22.3390215676, 19.3825004099, 13.0315431151, 24.0376253114, 23.4192041191, 1.9247518693, 2.0674757568, 0.87132980945, 0.48795378626, 1.398822533, 2.0025441041, 0.63412382766, 3.5188445847, 12.3149378479, 1.1455921739, 0, 0, 17.8423016485, 33.8150490133, 12.9542599443, 69.6496109994, 3.3897126979]
    ],
    [
      [0.049173846007, 0.96341042304, 1.3559786699, 2.4955436039, 4.0062977512, 0.98926106595, 0.041187517757, 0, 1.2594946976, 1.2683314604, 0.60663120909, 0.43563976633, 0.42381351419, 2.1069171102, 0, 1.8950438511, 0, 0.43780309552, 4.6536918183, 0.19752396393, 0.50902174122, 0.080679436322, 0.01919327971, 0.059550790668, 1.0748974896, 0.84293347304, 0, 0.3843648476, 1.0283709255, 1.2466477407, 0.90454952532, 1.3957746781, 0.89651191095, 0.73517403442, 0.99103002503, 1.1528687795, 2.0742887287, 4.3280339715, 0.051574784407, 0.029962853529, 0, 0, 0, 0.27613981984, 0.0031221568545, 1.0099560246, 2.247683066, 0.21356277603, 0.11214163545, 0.52858996555, 2.1524941492, 2.7628980104, 0.67724439653, 5.4173303033, 0.29554072115],
      [0.0087111417625, 1.1954602145, 0.93205441562, 2.3859540426, 2.7898614672, 0.41574530408, 0.035667994214, 0.82555699457, 2.5016597282, 0.7546358973, 1.3233022797, 0.45053043828, 0.94228439534, 2.1882935098, 0.90998620874, 1.717040119, 0, 0.46254165686, 7.7661807782, 0.34843197935, 0.39793172096, 0.13083349508, 0.063854864907, 0, 0.76633762014, 0.17858062838, 0.22298923405, 0, 6.5618243041, 1.3588981136, 0.86112753868, 1.3973795298, 0.7472631119, 1.3155154131, 1.5309853951, 1.1204722962, 1.7489100983, 2.8601231329, 0.090652440051, 0.043922987727, 0.014013241872, 0.080329549106, 0.014339390467, 0.63017791264, 0, 1.4689641211, 2.693353086, 0.39986364988, 0.24298223514, 0.36440917497, 0.87270015591, 3.6590921293, 0.8404670035, 4.091683979, 0.10894745584],
      [7.9421150122, 285.2904161907, 287.9397117973, 323.3032596806, 471.092459395, 143.2665239726, 10.4913633115, 44.4942300622, 335.0545640174, 272.9972082127, 56.8692585466, 138.9099376341, 103.1247402929, 379.7386564986, 25.0239024131, 470.2734878906, 22.4525844236, 129.3815699226, 1818.5478833907, 7.2107794025, 54.4046977988, 37.0941967444, 9.2037758704, 11.7151731828, 97.3738289607, 171.3018412226, 26.4608034927, 49.2371396136, 736.8325733396, 138.7130953087, 103.05618104, 208.1761343744, 58.1946265231, 238.4698734464, 260.2042072216, 155.0475767476, 272.0472556817, 953.7069076811, 12.4779068652, 11.5614336853, 6.7703869293, 20.8019610143, 33.5178727975, 98.8225248958, 30.4631828444, 196.6603367333, 548.6435403452, 49.8800889686, 3.6448761294, 4.7995923263, 442.3185828688, 600.0882090397, 146.8906997206, 832.3658079741, 61.7354562148],
      [0, 5.5507131718, 4.7722551172, 6.8152426729, 8.1113813867, 1.3284696573, 0.43178117654, 0.68021294321, 9.1842815568, 4.9798244296, 1.2008079646, 3.2038921613, 4.5091617975, 8.9661328815, 0.066111378126, 7.1144281393, 0.54741557636, 2.718085325, 20.0322440128, 0.24326465425, 1.688348739, 0.69429032423, 0.71317598497, 0.22527602655, 3.7849359296, 2.676644676, 0.3162072733, 0.37849553876, 5.5772314309, 4.6813588369, 3.178141896, 7.0307114176, 2.161598454, 4.479437106, 5.2737773583, 4.6790821766, 9.1295454913, 15.1049352145, 2.3798659103, 0.36468047343, 0.21559982879, 0.11770943659, 0.46778781206, 0.27115737168, 0.5336949987, 0.86074312099, 12.4154235027, 1.5064846055, 0, 1.3074085331, 5.6562228261, 11.4898008206, 3.5915888793, 18.1251777436, 1.8600556082]
    ],
    [
      [0.23698628052, 2.1055197234, 1.8185175914, 2.1007253976, 5.133592212, 1.0657529669, 0.049965150591, 0.52566896633, 1.5739994729, 2.0597628764, 0.12499425872, 1.1320246649, 0.32649544065, 1.3530657898, 0.18262422022, 1.1062147417, 0.24112684299, 0.93772493129, 4.2764485179, 0.48027339519, 0.90624104743, 0.10811662684, 0, 0.075026722561, 0.34809139092, 0.47613922263, 0.17657085718, 0.22412777531, 2.0224831913, 0.87836531236, 0.82405411543, 1.5517341205, 0.70159101423, 1.1287971415, 1.1768296554, 1.3775587296, 2.066293538, 5.4263331113, 0, 0.034734452963, 0.19888666212, 0, 0.042253310754, 0.069534567087, 0.044192159341, 0.53355041836, 2.1144676921, 0.31394155307, 0.19840024625, 0.0077757475589, 1.7057372854, 3.7127073696, 0.81370365629, 5.3451553528, 0.16439676541],
      [0.35539280629, 48.9617420712, 31.9662144734, 48.3051285997, 66.8750639486, 20.535974534, 0.90983116871, 5.7493595122, 58.5439506004, 31.6431070122, 3.1376483565, 22.023894394, 13.7645783872, 22.6794018995, 2.2819433126, 18.1323464688, 2.6490278596, 10.585669195, 91.9558510435, 3.3498256359, 13.2342272716, 3.4256461102, 0, 1.4857736355, 8.871688332, 7.470224372, 1.2119628472, 3.7061855562, 51.679752053, 17.9830266239, 23.4436862087, 35.063178943, 19.2807220851, 37.9105471723, 25.7478653195, 35.2788700208, 36.1141875598, 79.7223287569, 0, 1.0755366652, 0.46024110891, 0.58664172059, 2.5518965985, 1.8660404054, 0.53470941586, 10.4506787448, 49.2298108495, 3.9594614268, 1.3635218953, 0.86822058124, 25.0612972656, 91.9318751139, 19.4471953675, 75.3966905135, 3.0772830472],
      [0.40762091319, 15.6650393372, 14.2070043573, 8.9423589956, 15.2208802349, 9.4229919792, 0.22876121867, 0.87573798559, 10.5534877769, 10.8182562177, 0.59278010008, 8.9482651213, 1.9312005293, 5.6578711971, 0.27529982648, 9.1849033696, 0.88148420902, 3.1801031068, 41.2705451796, 0.31095801336, 2.2925833481, 1.1129871684, 0, 0.58464400869, 1.110898001, 3.3292281099, 0.33903836258, 2.1086929602, 23.9218850612, 2.4354483683, 3.6769575049, 6.9825491067, 2.4194946961, 9.1694606461, 8.2069210749, 6.4551181504, 7.5103070578, 30.9563018506, 0, 0.22843995478, 0.15373301608, 0.29042322364, 0.70528020563, 0.71375634112, 0.22895152304, 3.0659076346, 12.6646684179, 0.71221815996, 1.4380778584, 0.00087014176816, 13.0117580196, 20.4162291639, 4.4448907652, 20.8480023423, 0.70915199376],
      [0, 17.2676988681, 13.0082635779, 10.6517870071, 14.7704636045, 4.9752805199, 0.81144246204, 0.84923353588, 16.3285621498, 10.4788738938, 2.1445772847, 11.8958158198, 4.9777256428, 7.3096611136, 0.26013264067, 8.5765354199, 1.2283610884, 3.2965027669, 27.4971552589, 0.85894295561, 3.5669483329, 1.3532500946, 0, 0.85455563325, 2.6693222761, 2.7244082955, 0.27242793303, 0.96099370828, 13.3758796946, 4.7031596954, 6.055302171, 13.4025378298, 4.5981922046, 9.7911950402, 10.8683839502, 10.8884530992, 14.3092118445, 26.8950362811, 0, 0.66128892709, 0.18713921289, 0.12293505576, 0.70056988516, 0.35066868642, 0.19214690177, 1.9498632023, 15.9910530405, 1.0143788602, 0, 0.12313352943, 9.2212074294, 21.9391883526, 6.2942102111, 25.4101517914, 1.0491681937]
    ],
    [
      [0, 5.6499088398, 5.892487848, 8.1843036089, 15.5101400112, 4.7964062328, 0.43482593582, 3.0688392527, 7.9634315141, 9.4205706603, 0.79373060351, 2.9717552566, 1.8144843882, 7.3549565482, 1.8351967834, 5.032171314, 1.3887359746, 2.001378822, 20.4785883639, 1.6549269313, 2.9869865225, 0.64829724736, 0.045289335731, 0.34943963341, 0.8916500275, 2.8765418671, 1.2843652019, 0.57540775061, 7.2081177502, 3.1704964994, 3.9579710506, 6.468227186, 2.3434671876, 5.1229017155, 3.9967743796, 3.5664835405, 8.3193953926, 17.695411725, 0.044106644686, 0.19829962613, 1.8392595099, 0, 0.092238106693, 0.87405137149, 1.1039563983, 3.1824698635, 8.0207554453, 1.5807718582, 0.20951270406, 0.063167391446, 5.3103301523, 13.9436166466, 2.5999278529, 27.0449907127, 0.68156061525],
      [0, 11.2876091456, 8.8950217318, 16.1641369418, 17.3627262517, 7.9206938222, 0.61775856162, 2.613974409, 25.4902412737, 12.4057995119, 1.6606022195, 4.9495129448, 6.5392999942, 10.5855559455, 1.8041017425, 7.0728575351, 1.253497219, 1.9042633697, 37.9438946457, 0.81050218226, 3.6503879548, 1.7198026809, 0.28703089099, 0.56328832562, 1.9105618497, 3.8130759498, 0.70736627182, 0.79623858448, 15.8611275328, 5.5713243925, 9.6226304482, 12.5563985362, 5.4699482114, 14.7767831152, 7.4970336889, 7.8192998361, 12.4748311733, 22.3861405409, 0.14443008205, 0.49711310873, 0.37324938934, 0.79899443315, 0.46582593887, 1.977070449, 1.1020642482, 5.3360197807, 16.0758392427, 1.6193600904, 0.18291911088, 0.38670240898, 6.6960538746, 29.7264026929, 5.3164022266, 32.8738387459, 1.0858012238],
      [0, 19.7216310369, 21.6074600107, 16.3353592159, 21.5343969021, 19.9536064524, 0.93717017476, 2.3261211451, 25.0453238374, 23.1919366508, 1.7754186913, 11.0362256256, 5.0540390532, 14.4301837164, 1.2952117804, 19.6106793254, 2.3946387014, 3.1798809182, 92.611099939, 0.44387982095, 3.5189450357, 3.21048463, 0.15217039891, 1.3336885851, 1.33710767, 9.4564799067, 1.1706440933, 2.6014682694, 40.0095478599, 4.1265663678, 8.2909484881, 13.6477492145, 3.7922624841, 19.5470390733, 13.0865649721, 7.8401669526, 14.1635529159, 47.3021998574, 0.073122184741, 0.64405931669, 1.0642461885, 2.3708231513, 0.77233909122, 4.2970218027, 2.7460955742, 8.612404265, 22.5323910772, 1.6772167633, 1.6075681851, 0.0020151520324, 19.013783985, 35.9367459183, 6.6774600268, 49.4157409177, 1.3902764071],
      [0, 19.3408509778, 17.6050304095, 17.3162002334, 18.5927368351, 9.3292934926, 3.0102453278, 1.9910651932, 34.5010033748, 19.9816931769, 5.7702484857, 13.042506173, 11.5921765645, 16.6293037899, 1.0654896936, 16.2842918255, 2.963128105, 2.9144768901, 54.9664170514, 1.0906910654, 4.8436804871, 3.4214154418, 1.5155093744, 1.7535834559, 2.8606804527, 6.8539022763, 0.83762443299, 1.0268853955, 19.921206857, 7.1316127404, 12.1284500131, 23.3276250634, 6.394322117, 18.553276096, 15.4196269594, 11.7740496708, 24.0422205181, 36.6162478768, 1.7383410885, 1.6605279485, 0.72324491229, 0.83018241557, 0.66959686322, 1.8518563768, 2.0478837793, 4.8691060907, 25.3710142348, 2.122651288, 0, 0.54811504754, 11.9798319881, 34.3932347422, 8.4062098936, 53.6654296237, 1.8423617539]
    ]
  ],
  "prob": [
    [0.4257972541, 0.40899504729, 0.13542479444, 0.029782904177],
    [0.010532269787, 0.929362764, 4.6596269815e-05, 0.060058369939],
    [0.0043453843708, 0.0045311132761, 0.9726477476, 0.018475754755],
    [0.031064767185, 0.60385969008, 0.17755618064, 0.1875193621],
    [0.12699439925, 0.21310938723, 0.33988831985, 0.32000789367]
  ],
  "iterations": 194,
  "time": 0.061087,
  "message": "Converged",
  "status": 0,
  "miniter": 0,
  "maxiter": 1000,
  "maxtime": 3600,
  "param_threshold": 0.001,
  "ll_threshold": "-Inf",
  "initial_prob": "random",
  "adjust_prob_cond_method": "lp",
  "adjust_prob_cond_every": false,
  "candidates_id": ["TOLLESTRUP, Stephen Rome.c", "SEPULONI, Carmel Jean.c", "BENNETT, Paula Lee.c", "Other candidates votes.c"],
  "group_id": ["Green Party.p", "Labour Party.p", "National Party.p", "New Zealand First Party.p", "Other parties votes.p"]
}
