{
  "X": [
    [2, 6, 20, 4],
    [0, 1, 4, 1],
    [3, 5, 57, 2],
    [7, 3, 25, 4],
    [2, 2, 18, 2],
    [5, 5, 21, 1],
    [0, 1, 10, 3],
    [1, 4, 20, 3],
    [1, 3, 14, 2],
    [0, 0, 10, 2],
    [1, 6, 19, 7],
    [23, 103, 342, 37],
    [74, 124, 629, 84],
    [3, 11, 43, 2],
    [42, 72, 236, 33],
    [37, 84, 388, 50],
    [47, 77, 345, 60],
    [2, 1, 12, 3],
    [24, 10, 329, 23],
    [25, 13, 206, 16],
    [60, 22, 554, 33],
    [23, 10, 313, 26],
    [52, 13, 497, 29],
    [22, 14, 245, 19],
    [19, 4, 423, 17],
    [26, 6, 211, 15],
    [20, 7, 254, 13],
    [19, 34, 176, 18],
    [77, 242, 637, 108],
    [17, 159, 293, 60],
    [4, 16, 58, 3],
    [34, 155, 249, 55],
    [35, 182, 363, 55],
    [58, 217, 504, 90],
    [25, 190, 346, 37],
    [49, 192, 348, 46],
    [47, 146, 489, 60],
    [58, 132, 568, 38],
    [34, 83, 266, 35],
    [20, 72, 148, 21],
    [35, 109, 176, 38],
    [11, 63, 126, 20],
    [1, 0, 4, 0],
    [613, 1344, 5252, 548],
    [57, 167, 930, 120],
    [121, 297, 1423, 195],
    [11, 15, 75, 12]
  ],
  "W": [
    [0, 20, 9, 0, 3],
    [0, 5, 0, 1, 0],
    [0, 54, 3, 2, 8],
    [1, 27, 6, 4, 1],
    [2, 18, 3, 1, 0],
    [0, 21, 4, 3, 4],
    [1, 11, 1, 0, 1],
    [0, 21, 4, 2, 1],
    [1, 13, 3, 1, 2],
    [0, 9, 1, 1, 1],
    [0, 16, 8, 6, 3],
    [22, 306, 114, 27, 36],
    [37, 587, 151, 70, 66],
    [4, 35, 14, 4, 2],
    [21, 220, 81, 22, 39],
    [22, 367, 93, 35, 42],
    [20, 337, 93, 39, 40],
    [3, 12, 1, 1, 1],
    [4, 315, 17, 31, 19],
    [5, 203, 21, 21, 10],
    [16, 542, 33, 53, 25],
    [9, 311, 16, 12, 24],
    [6, 486, 35, 38, 26],
    [10, 239, 18, 16, 17],
    [5, 403, 7, 17, 31],
    [8, 219, 13, 8, 10],
    [6, 231, 12, 23, 22],
    [8, 168, 43, 20, 8],
    [56, 536, 313, 98, 61],
    [17, 268, 164, 31, 49],
    [3, 50, 22, 4, 2],
    [20, 196, 202, 44, 31],
    [33, 278, 241, 47, 36],
    [30, 416, 256, 92, 75],
    [20, 286, 211, 46, 35],
    [33, 277, 222, 63, 40],
    [39, 429, 170, 67, 37],
    [30, 509, 160, 57, 40],
    [13, 223, 124, 35, 23],
    [16, 113, 90, 27, 15],
    [14, 156, 124, 40, 24],
    [12, 100, 76, 20, 12],
    [0, 4, 0, 1, 0],
    [216, 4852, 1550, 675, 464],
    [57, 883, 174, 72, 88],
    [88, 1332, 367, 123, 126],
    [19, 56, 19, 12, 7]
  ],
  "method": "mult",
  "cond_prob": [
    [
      [0.038161138107, 0.046365149558, 0.28165501757, 0.63381869476],
      [0.087857305121, 0, 0.87168751593, 0.040455178949],
      [0.018434088721, 0.66473221831, 0.15240416209, 0.16442953088],
      [0.61248409669, 0.026907635431, 0.24318556558, 0.11742270229],
      [0.025649033029, 0.0058033450746, 0.39820407419, 0.57034354771]
    ],
    [
      [0, 0.54513696072, 0, 0.45486303928],
      [0, 0.00095103567456, 0.79972417742, 0.19932478691],
      [0, 1, 0, 0],
      [8.2833045978e-17, 0.99524482163, 0.0013791129197, 0.0033760654531],
      [0, 0, 0, 1]
    ],
    [
      [0.031018625574, 0.19487076544, 0.53527628086, 0.23883432812],
      [0.038375120045, 0.033143938929, 0.92580459552, 0.0026763455061],
      [0.0031678962558, 0.93242590987, 0.051309634515, 0.013096559359],
      [0.37654474697, 0.11230413975, 0.46265294416, 0.048498169118],
      [0.020643791858, 0.023542661088, 0.74091463126, 0.21489891579]
    ],
    [
      [0.05187673087, 0.03415604737, 0.27234593976, 0.641621282],
      [0.11853725085, 0, 0.83848808011, 0.042974669047],
      [0.19689841041, 0.4806556015, 0.13026883334, 0.19217715475],
      [0.63279701688, 0.019414878403, 0.2307621703, 0.11702593442],
      [0.035038966294, 0.0042508299876, 0.38381421614, 0.57689598758]
    ],
    [
      [0.036608930628, 0.050498076845, 0.34351077106, 0.56938222146],
      [0.070951387522, 0, 0.90116086702, 0.027887745454],
      [0.029050834009, 0.62297174, 0.26178901017, 0.086188415815],
      [0.56250466131, 0.030088626305, 0.30671582093, 0.10069089146],
      [0.024133530044, 0.0060773079625, 0.47604863653, 0.49374052547]
    ],
    [
      [0.087305516781, 0.15693263018, 0.5051026772, 0.25065917585],
      [0.12811719212, 0.054015690965, 0.81786711692, 0],
      [0.022170791988, 0.90747766912, 0.063755693721, 0.006595845166],
      [0.66307609475, 0.053171889522, 0.25583044234, 0.027921573388],
      [0.057906878331, 0.019061036171, 0.70056911071, 0.22246297479]
    ],
    [
      [0, 0.029485201683, 0.1729567267, 0.79755807161],
      [0, 0, 0.86809447723, 0.13190552277],
      [0, 0.96504683185, 0.012021162254, 0.022932005895],
      [5.5511151231e-17, 0.084320527031, 0.51309075896, 0.40258871401],
      [0, 0.0054679664658, 0.26598286148, 0.72854917205]
    ],
    [
      [0.0089487379427, 0.053149015501, 0.21913627988, 0.71876596667],
      [0.021483688005, 0.028354569193, 0.88363394405, 0.066527798752],
      [0.0031787473435, 0.81587259331, 0.072805896959, 0.10814276238],
      [0.26489172647, 0.067079599247, 0.4134992599, 0.25452941438],
      [0.0063441095696, 0.0069044752047, 0.32546506732, 0.66128634791]
    ],
    [
      [0.024066206386, 0.08381058981, 0.3688005346, 0.5233226692],
      [0.036196231187, 0.018321673879, 0.92318033725, 0.022301757682],
      [0.005212875267, 0.86691444126, 0.074763823929, 0.053108859539],
      [0.45791200886, 0.057003811114, 0.3758960741, 0.10918810593],
      [0.015916076765, 0.010130257427, 0.51483376762, 0.45911989819]
    ],
    [
      [0, 0, 0.1586934883, 0.8413065117],
      [6.1679056924e-18, 0, 0.97462937746, 0.025370622539],
      [0, 0, 0.38001206116, 0.61998793884],
      [5.5511151231e-17, 0, 0.59574287494, 0.40425712506],
      [0, 0, 0.25258066674, 0.74741933326]
    ],
    [
      [0.0053829817539, 0.040508828204, 0.2324694646, 0.72163872545],
      [0.0025476825238, 0, 0.89819951053, 0.099252806942],
      [0.0025590515452, 0.70693367025, 0.10273580835, 0.18777146986],
      [0.15462262302, 0.054864739479, 0.46854164389, 0.32197099361],
      [0.0036763097167, 0.0051140670429, 0.33189050044, 0.6593191228]
    ],
    [
      [0.027270939307, 0.094422994849, 0.46758690165, 0.41071916419],
      [0.037157161269, 0.017861966211, 0.92744329017, 0.01753758235],
      [0.007055402818, 0.81849564828, 0.11347763581, 0.060971313089],
      [0.35560692534, 0.06467076098, 0.47505942224, 0.10466289145],
      [0.017340141152, 0.011175500065, 0.61534406913, 0.35614028965]
    ],
    [
      [0.037214104448, 0.076193142483, 0.40914370959, 0.47744904348],
      [0.062019501418, 0, 0.907637147, 0.030343351582],
      [0.020909932867, 0.77595151105, 0.11836221026, 0.084776345818],
      [0.44963993588, 0.048685248361, 0.38778318856, 0.1138916272],
      [0.024021748918, 0.0091546693063, 0.54638121981, 0.42044236197]
    ],
    [
      [0.033475999998, 0.097218132897, 0.61850712777, 0.25079873934],
      [0.033208779288, 0, 0.96679122071, 0],
      [0.0079505224379, 0.74100667774, 0.22257821602, 0.028464583797],
      [0.3881489078, 0.053882419683, 0.50940869963, 0.048559972886],
      [0.019942889795, 0.010752150637, 0.76727447059, 0.20203048898]
    ],
    [
      [0.065068745463, 0.092380207052, 0.43186792346, 0.41068312403],
      [0.11249833351, 0.012122572812, 0.85911934392, 0.016259749755],
      [0.017074269507, 0.81484237196, 0.10629552502, 0.061787833512],
      [0.58405260631, 0.043381478742, 0.30086837449, 0.071697540465],
      [0.042352559095, 0.011190383902, 0.58193528663, 0.36452177038]
    ],
    [
      [0.032939436253, 0.084875572986, 0.41032821606, 0.47185677471],
      [0.054119731021, 0.013149922603, 0.90316788911, 0.02956245727],
      [0.0093137532363, 0.80526128303, 0.10883464823, 0.076590315503],
      [0.41856157602, 0.056772110352, 0.40716498865, 0.11750132498],
      [0.021370402528, 0.010247443205, 0.55089921564, 0.41748293863]
    ],
    [
      [0.037969400191, 0.070445656617, 0.35551020341, 0.53607473978],
      [0.075832681887, 0.003535250949, 0.87467463894, 0.045957428223],
      [0.01247845069, 0.77682968622, 0.10959241192, 0.10109945117],
      [0.47497105979, 0.046386153139, 0.34727329019, 0.13136949688],
      [0.025015773862, 0.0086371626624, 0.48471724957, 0.48162981391]
    ],
    [
      [0.045115866107, 0.014846771564, 0.3086680721, 0.63136929023],
      [0.098792184775, 0, 0.86373404579, 0.037473769439],
      [0.006000243215, 0.91771006502, 0.038381639766, 0.037908052001],
      [0.64285551889, 0.030489566056, 0.23296618566, 0.093688729393],
      [0.030290422268, 0.0072600542354, 0.43783940885, 0.52461011464]
    ],
    [
      [0.026304259902, 0.051457303067, 0.44392857816, 0.47830985887],
      [0.038776724033, 0, 0.93712460507, 0.024098670897],
      [0.010489203825, 0.5761276934, 0.30489690124, 0.10848620154],
      [0.36098749331, 0, 0.51174644469, 0.12726606201],
      [0.016378217505, 0, 0.57803410442, 0.40558767808]
    ],
    [
      [0.040921401151, 0.056594168432, 0.42408187427, 0.47840255615],
      [0.065593562203, 0, 0.90915737132, 0.025249066473],
      [0.057680375295, 0.56804802323, 0.27303444233, 0.10123715914],
      [0.47665158976, 0.034360154771, 0.3824100735, 0.10657818197],
      [0.025892860098, 0.0066457419714, 0.55563094174, 0.41183045619]
    ],
    [
      [0.041860485781, 0.063423509145, 0.47628906927, 0.41842693581],
      [0.060466184611, 0, 0.92125591923, 0.018277896162],
      [0.014499380638, 0.63036894805, 0.27208432602, 0.083047345289],
      [0.47979009257, 0, 0.42968648971, 0.090523417725],
      [0.026008228045, 0.0073219427195, 0.6122599983, 0.35440983093]
    ],
    [
      [0.033358433987, 0.05539671082, 0.4244719943, 0.4867728609],
      [0.054075586001, 0, 0.9192136205, 0.026710793496],
      [0.012595257542, 0.56623833361, 0.30637666368, 0.11478974516],
      [0.42445903042, 0.036801355402, 0.41901564438, 0.1197239698],
      [0.024468098422, 0, 0.55725423847, 0.4182776631]
    ],
    [
      [0.04374936277, 0.037014346967, 0.47518862072, 0.44404766954],
      [0.063079459214, 0, 0.91902999886, 0.01789054193],
      [0.040507904771, 0.36196599204, 0.47078137608, 0.1267447271],
      [0.49918743658, 0, 0.40594550841, 0.094867055007],
      [0.026691822625, 0.0041963152563, 0.5998850519, 0.36922681022]
    ],
    [
      [0.03748194113, 0.072569875105, 0.44859095897, 0.44135722479],
      [0.057500653766, 0, 0.92108211866, 0.021417227575],
      [0.021194601714, 0.68962682171, 0.21165490274, 0.07752367383],
      [0.44362093165, 0.044766296371, 0.41109317894, 0.10051959305],
      [0.023710976557, 0.008515159776, 0.58754029049, 0.38023357318]
    ],
    [
      [0.026574968366, 0.05597391676, 0.56324331154, 0.35420780334],
      [0.031473004101, 0, 0.95763019781, 0.010896798092],
      [0.0094043558726, 0.53144720231, 0.38761316911, 0.071535272702],
      [0.33110687103, 0, 0.58310042785, 0.085792701118],
      [0.015769587313, 0, 0.69783271835, 0.28639769434]
    ],
    [
      [0.056541745127, 0.042994808337, 0.42830776018, 0.47215568635],
      [0.08770443422, 0, 0.88973893029, 0.022556635486],
      [0.11497395852, 0.41763360536, 0.34897587821, 0.11841655792],
      [0.56137532045, 0.022106666338, 0.32739375391, 0.0891242593],
      [0.035473092052, 0.0049951332976, 0.5564875736, 0.40304420105]
    ],
    [
      [0.035785025435, 0.060051257042, 0.55478319402, 0.3493805235],
      [0.04279724636, 0, 0.94825257706, 0.008950176578],
      [0.012402102781, 0.55330770481, 0.36547326268, 0.068816929729],
      [0.40344526009, 0, 0.52058840249, 0.075966337417],
      [0.021411805581, 0, 0.69389741478, 0.28469077964]
    ],
    [
      [0.033595133646, 0.073107043212, 0.41201269051, 0.48128513263],
      [0.055926683288, 0, 0.91717179362, 0.026901523094],
      [0.01385870815, 0.7529030651, 0.14219558786, 0.091042638888],
      [0.42834260924, 0.048519686924, 0.40580761199, 0.11733009184],
      [0.021597437903, 0.0087397645646, 0.54855932876, 0.42110346877]
    ],
    [
      [0.032791960893, 0.072413742254, 0.41730894838, 0.47748534847],
      [0.054060942244, 0, 0.91889685789, 0.027042199863],
      [0.013228517898, 0.74329940368, 0.14900302335, 0.094469055072],
      [0.41597029304, 0.048625370483, 0.41560503541, 0.11979930107],
      [0.021006070942, 0.0086365700932, 0.55302857837, 0.41732878059]
    ],
    [
      [0.017657966965, 0.090494597852, 0.37822944122, 0.51361799397],
      [0.024279558575, 0.075304919595, 0.86115842459, 0.039257097244],
      [0.0047818909336, 0.81924610967, 0.096074781203, 0.079897218198],
      [0.28511717952, 0.076761868252, 0.4758744344, 0.16224651783],
      [0.011633269086, 0.011099867025, 0.51574020667, 0.46152665722]
    ],
    [
      [0.034077394576, 0.085680259421, 0.56576494644, 0.31447739957],
      [0.040891055549, 0, 0.95353479096, 0.0055741534959],
      [0.0091734596238, 0.70573137669, 0.23929483062, 0.045800333067],
      [0.40253438398, 0.049394630428, 0.48432116555, 0.063749820044],
      [0.020630695591, 0.0096452063911, 0.71209733859, 0.25762675942]
    ],
    [
      [0.033075429951, 0.070615681039, 0.39992846514, 0.49638042387],
      [0.056573889525, 3.7624197956e-05, 0.91441326692, 0.028975219354],
      [0.014131879602, 0.74858852625, 0.13647986174, 0.10079973241],
      [0.42577940246, 0.047787165903, 0.4014046635, 0.12502876814],
      [0.02132502149, 0.008477239805, 0.53373203598, 0.43646570272]
    ],
    [
      [0.030984486439, 0.076054618904, 0.469911072, 0.42304982266],
      [0.045978138273, 0, 0.93565401797, 0.018367843758],
      [0.0095258054649, 0.73368106161, 0.18199917275, 0.074793960173],
      [0.38724262019, 0.050071867238, 0.45884886938, 0.10383664319],
      [0.019429645605, 0.0088801102305, 0.60981722594, 0.36187301823]
    ],
    [
      [0.028945357516, 0.080810531076, 0.41661385758, 0.47363025383],
      [0.043655634277, 0.011914471789, 0.9143431962, 0.030086697734],
      [0.0085446959636, 0.79557438212, 0.11535310119, 0.08052782073],
      [0.38461709934, 0.056795900482, 0.43428201246, 0.12430498771],
      [0.01864906812, 0.0096933218282, 0.5553396747, 0.41631793535]
    ],
    [
      [0.025143935697, 0.10130067945, 0.50334600329, 0.37020938156],
      [0.026705762385, 0.034900168921, 0.92726252975, 0.011131538947],
      [0.0061449524522, 0.82650591175, 0.11537397095, 0.051975164843],
      [0.32629165992, 0.069234135255, 0.51023400555, 0.094240199271],
      [0.015807769148, 0.011857728533, 0.65489497998, 0.31743952234]
    ],
    [
      [0.040857821832, 0.095070028982, 0.48692858285, 0.37714356633],
      [0.058189902835, 0.013567290571, 0.91728986917, 0.010952937428],
      [0.010510839428, 0.81621338701, 0.11747613042, 0.055799643145],
      [0.4470751231, 0.05487698361, 0.41687228444, 0.081175608848],
      [0.025848742154, 0.01119819179, 0.63748520336, 0.32546786269]
    ],
    [
      [0.02961686601, 0.08496056379, 0.4482915132, 0.437131057],
      [0.042501795028, 0.0049915816624, 0.93058211359, 0.021924509716],
      [0.0083666945958, 0.80181907139, 0.11878738662, 0.07102684739],
      [0.38046292531, 0.057656700229, 0.45124266404, 0.11063771043],
      [0.018873461665, 0.010078606131, 0.59107540642, 0.37997252578]
    ],
    [
      [0.042326101762, 0.094785606455, 0.52851020557, 0.33437808621],
      [0.05571345615, 0, 0.9348485413, 0.0094380025534],
      [0.012579323101, 0.78577574644, 0.15231968361, 0.049325246852],
      [0.44399104, 0.052523214486, 0.43439777577, 0.069087969745],
      [0.02629716976, 0.010962228765, 0.67937409292, 0.28336650856]
    ],
    [
      [0.038857314476, 0.064242450795, 0.44056160703, 0.4563386277],
      [0.060407471098, 0, 0.91676789858, 0.022824630318],
      [0.028538754454, 0.65007824915, 0.23019923602, 0.091183760374],
      [0.45489368217, 0.039474132328, 0.40154574665, 0.10408643885],
      [0.024517583861, 0.0075456788551, 0.57541962281, 0.39251711448]
    ],
    [
      [0.037860999234, 0.083704934349, 0.48275584767, 0.39567821875],
      [0.054297140532, 0, 0.93272323879, 0.012979620674],
      [0.01307469714, 0.76847532415, 0.15444727309, 0.064002705623],
      [0.43427170369, 0.050044133603, 0.42814264196, 0.087541520751],
      [0.02377255933, 0.0097833513192, 0.62787163618, 0.33857245317]
    ],
    [
      [0.041980202714, 0.083685630411, 0.37740098243, 0.49693318445],
      [0.080713716787, 0.036824258571, 0.84615966751, 0.036302357131],
      [0.012053710595, 0.80468963291, 0.10158915872, 0.081667497779],
      [0.49154613054, 0.051393320346, 0.34378504838, 0.11327550074],
      [0.027684667, 0.010273730942, 0.51529252076, 0.4467490813]
    ],
    [
      [0.024659005247, 0.0817859772, 0.44955367462, 0.44400134293],
      [0.031200015503, 0.0010424512217, 0.94627586163, 0.021481671641],
      [0.0071441680073, 0.79763220321, 0.12206967769, 0.073153951096],
      [0.34267004065, 0.058918701711, 0.48043831243, 0.11797294521],
      [0.015644400428, 0.0096584728003, 0.59097566568, 0.38372146109]
    ],
    [
      [0.10716832062, 0, 0.89283167938, -0],
      [0.047805861148, 0, 0.95219413885, 0],
      [0.11785729995, -0, 0.88214270005, 0],
      [0.80877655541, 0, 0.19122344459, 0],
      [0.051844892074, 0, 0.94815510793, -0]
    ],
    [
      [0.0374278229, 0.087670205633, 0.44505185508, 0.42985011638],
      [0.05835321705, 0.0071866386313, 0.91243176431, 0.022028380009],
      [0.010344814857, 0.8055778434, 0.11540387311, 0.068673468634],
      [0.4364814434, 0.054363337523, 0.40927761839, 0.099877600682],
      [0.023979189227, 0.01045852337, 0.58967992056, 0.37588236684]
    ],
    [
      [0.021791057161, 0.086162927792, 0.40222153037, 0.48982448468],
      [0.034258723543, 0.017703393082, 0.91437806959, 0.033659813789],
      [0.0061227985007, 0.80851911858, 0.106024463, 0.079333619924],
      [0.32215864123, 0.067454475892, 0.46706523799, 0.14332164489],
      [0.014166678927, 0.010426910547, 0.54091572304, 0.43449068749]
    ],
    [
      [0.028821655926, 0.073174235251, 0.40029305655, 0.49771105228],
      [0.048711703291, 0, 0.91900135723, 0.032286939482],
      [0.009211273876, 0.77113727095, 0.12001938796, 0.099632067206],
      [0.38907015528, 0.052402728248, 0.42516190367, 0.1333652128],
      [0.01859951494, 0.0087916927266, 0.53430455288, 0.43830423945]
    ],
    [
      [0.044780869234, 0, 0.57029386553, 0.38492526524],
      [0.062130894616, 0, 0.9334105252, 0.004458580179],
      [0.037239467177, 0.76007761912, 0.13792487825, 0.064758035447],
      [0.4806204323, 0.041433503173, 0.40079298796, 0.07715307656],
      [0.02783404601, 0.0087604569354, 0.63761980016, 0.3257856969]
    ]
  ],
  "expected_outcome": [
    [
      [0, 0, 0, 0.05187673087, 0.073217861256, 0, 0, 0, 0.024066206386, 0, 0, 0.59996066475, 1.3769218646, 0.13390399999, 1.3664436547, 0.72466759756, 0.75938800382, 0.13534759832, 0.10521703961, 0.20460700575, 0.6697677725, 0.30022590589, 0.26249617662, 0.3748194113, 0.13287484183, 0.45233396102, 0.21471015261, 0.26876106917, 1.83634981, 0.3001854384, 0.10223218373, 0.66150859903, 1.0224880525, 0.86836072547, 0.50287871394, 1.3483081205, 1.1550577744, 1.2697830529, 0.50514508818, 0.60577598774, 0.587722838, 0.29590806297, 0, 8.0844097463, 1.2420902582, 2.5363057214, 0.85083651544],
      [0, 0, 0, 0.03415604737, 0.10099615369, 0, 0.029485201683, 0, 0.08381058981, 0, 0, 2.0773058867, 2.8191462719, 0.38887253159, 1.9399843481, 1.8672626057, 1.4089131323, 0.044540314691, 0.20582921227, 0.28297084216, 1.0147761463, 0.49857039738, 0.2220860818, 0.72569875105, 0.2798695838, 0.3439584667, 0.36030754225, 0.5848563457, 4.0551695662, 1.5384081635, 0.25704077826, 1.4123136208, 2.5098024238, 2.4243159323, 2.0260135891, 3.1373109564, 3.3134619878, 2.8435681936, 0.83515186034, 1.3392789496, 1.1715988258, 0.9814317264, 0, 18.9367644168, 4.9112868842, 6.4393327021, 0],
      [0, 0, 0, 0.27234593976, 0.68702154213, 0, 0.1729567267, 0, 0.3688005346, 0, 0, 10.2869118363, 15.1383172547, 2.4740285111, 9.0692263926, 9.0272207532, 7.1102040682, 0.9260042163, 1.7757143126, 2.1204093713, 7.6206251083, 3.8202479487, 2.8511317243, 4.4859095897, 2.8162165577, 3.4264620815, 3.3286991641, 3.2961015241, 23.3693011094, 6.4299005007, 1.6972948393, 7.9985693029, 15.5070653761, 12.4984157275, 10.0669200659, 16.0686432341, 17.4833690147, 15.8553061671, 5.7273008914, 7.7240935627, 5.283613754, 5.3946440954, 0, 96.1312006983, 22.9266272311, 35.2257889761, 10.8355834451],
      [0, 0, 0, 0.641621282, 1.1387644429, 0, 0.79755807161, 0, 0.5233226692, 0, 0, 9.0358216123, 17.6656146089, 1.0031949573, 8.6243456046, 10.3808490435, 10.7214947957, 1.8941078707, 1.9132394355, 2.3920127808, 6.6948309729, 4.3809557481, 2.6642860172, 4.4135722479, 1.7710390167, 3.7772454908, 2.096283141, 3.850281061, 26.7391795144, 8.7315058974, 0.9434321987, 9.9276084773, 13.9606441476, 14.2089076148, 7.4041876311, 12.445737689, 17.0481112231, 10.0313425864, 5.93240216, 6.3308515, 6.9570645823, 5.3280161152, 0, 92.8476251385, 27.9199956266, 43.7985726004, 7.3135800395]
    ],
    [
      [1.7571461024, 0, 2.0722564824, 3.2005057729, 1.2771249754, 2.6904610345, 0, 0.45115744811, 0.47055100543, 5.5511151231e-17, 0.040762920381, 11.3700913484, 36.4054473325, 1.1623072751, 24.7496333718, 19.8619412847, 25.5556137958, 1.1855062173, 12.2146680703, 13.3154931272, 32.7726720594, 16.8175072463, 30.6566171781, 13.74265625, 12.6836206528, 19.2072710942, 9.8861639092, 9.3956827923, 28.976665043, 6.506921698, 2.0445527775, 11.088482347, 12.7819224398, 18.1607438593, 7.6378480422, 16.1186030852, 18.2332700671, 28.3581491804, 13.4708660549, 6.1355768802, 12.5913398187, 3.1200015503, 0.19122344459, 283.1298091261, 30.2504528884, 64.8839887843, 3.4793300985],
      [0, 0.0047551783728, 1.7897727022, 0, 0, 1.1343295103, 0, 0.59544595305, 0.23818176043, 0, 0, 5.4657616606, 0, 0, 2.6669660187, 4.8260215952, 1.1913795698, 0, 0, 0, 0, 0, 0, 0, 0, 0, 0, 0, 0, 20.1817184513, 0, 0.0073743427994, 0, 4.9564202642, 9.9814483113, 3.758139488, 2.1413885332, 0, 0, 0, 5.744584337, 0.10424512217, 0, 34.8695706392, 15.6320960912, 0, 0],
      [17.4337503186, 3.9986208871, 49.9934481581, 22.6391781629, 16.2208956064, 17.1752094553, 9.5490392496, 18.5563128251, 12.0013443843, 8.7716643972, 14.3711921685, 283.7976467919, 532.7830052889, 33.8376927249, 189.0062556634, 331.462615302, 294.7653533233, 10.3648085494, 295.1942505971, 184.5589463787, 499.3207082208, 285.8754359764, 446.6485794437, 220.1386263596, 385.9249697162, 194.8528257345, 219.0463453013, 154.0848613279, 492.5287158301, 230.7904577891, 47.6767395478, 179.2250003168, 260.1118169955, 380.3667696191, 265.1970835078, 254.0892937591, 399.2197267315, 475.8379075199, 204.4392413843, 105.3977259837, 132.0009081319, 94.6275861634, 3.8087765554, 4427.1189204299, 807.3958354446, 1224.1098078261, 52.2709894115],
      [0.80910357898, 0.99662393455, 0.14452265733, 1.1603160643, 0.50197941817, 0, 1.4509607504, 1.3970837738, 0.28992284987, 0.22833560285, 1.5880449111, 5.366500199, 17.8115473786, 0, 3.5771449461, 10.8494218181, 15.4876533111, 0.44968523327, 7.5910813326, 5.1255604941, 9.9066197198, 8.3070567773, 8.6948033782, 5.1187173904, 4.391409631, 4.9399031713, 2.0674907895, 4.5194558797, 14.4946191268, 10.5209020615, 0.2787076748, 5.6791429935, 5.1062605646, 12.5160662574, 3.1836201387, 3.0339636677, 9.4056146682, 4.8039432997, 5.0898925608, 1.4666971361, 5.6631677124, 2.1481671641, 0, 106.8816998049, 29.7216155758, 43.0062033896, 0.24968049002]
    ],
    [
      [0.16590679849, 0, 0.0095036887674, 1.1813904625, 0.087152502027, 0.088683167954, 0, 0.012714989374, 0.015638625801, 0, 0.020472412362, 0.80431592126, 3.1573998629, 0.11130731413, 1.38301583, 0.86617905098, 1.1604959141, 0.006000243215, 0.17831646503, 1.2112878812, 0.47847956105, 0.20152412067, 1.417776667, 0.38150283086, 0.065830491108, 1.4946614607, 0.14882523337, 0.59592445046, 4.140526102, 0.7842301131, 0.20181611172, 2.8546396797, 2.295719117, 2.1874421667, 1.2965849674, 2.3334063529, 1.4223380813, 2.0126916961, 3.5388055523, 1.1767227426, 1.4946601138, 0.54295676855, 0, 16.0344630281, 1.0653669391, 3.3805375125, 0.70754987636],
      [5.9825899648, 0, 2.7972777296, 2.883933609, 1.86891522, 3.6299106765, 0.96504683185, 3.2634903733, 2.6007433238, 0, 5.655469362, 93.3085039039, 117.1686781687, 10.3740934884, 66.0022321287, 74.8892993221, 72.2451608189, 0.91771006502, 9.7941707877, 11.9290084879, 20.8021752857, 9.0598133378, 12.6688097215, 12.4132827908, 3.7201304162, 5.4292368696, 6.6396924577, 32.3748317993, 232.6527133508, 134.3563619851, 15.5260902872, 151.2148823027, 176.8171358477, 203.667041822, 174.3927473792, 181.1993719165, 136.3092421368, 125.7241194301, 80.6097028945, 69.1627791733, 99.7815144808, 60.6200474436, 0, 1248.6456572721, 140.6823266322, 283.0073784398, 14.4414747634],
      [1.3716374588, 0, 0.15392890355, 0.78161300004, 0.78536703052, 0.25502277488, 0.012021162254, 0.29122358784, 0.22429147179, 0.38001206116, 0.8218864668, 12.9364504828, 17.8726937499, 3.1160950243, 8.6099375269, 10.1216222851, 10.1920943083, 0.038381639766, 5.1832473211, 5.733723289, 8.9787827587, 4.9020266189, 16.4773481629, 3.8097882494, 2.7132921838, 4.5366864167, 4.3856791521, 6.1144102781, 46.6379463095, 15.7562641173, 5.2644862736, 27.5689320707, 43.8618006337, 29.5303939044, 24.3439078714, 26.0797009523, 20.1938557257, 24.3711493775, 28.5447052668, 13.900254578, 12.5970556809, 9.2772955046, 0, 178.8760033167, 18.4482565619, 44.0471153831, 2.6205726868],
      [1.4798657779, 0, 0.039289678078, 1.1530629285, 0.25856524745, 0.026383380664, 0.022932005895, 0.43257104954, 0.15932657862, 0.61998793884, 1.5021717588, 6.9507296921, 12.8012282186, 0.39850417316, 5.0048145144, 7.1228993418, 9.4022489586, 0.037908052001, 1.8442654262, 2.1259803419, 2.7405623945, 1.8366359226, 4.4360654486, 1.3954261289, 0.50074690891, 1.539415253, 0.82580315674, 3.9148334722, 29.5688142376, 13.1031437845, 1.0076073275, 20.3615459469, 18.0253444016, 20.6151221068, 10.966759782, 12.3875207783, 12.0745640562, 7.8920394963, 11.3067862864, 5.760243506, 10.1267697245, 5.5597002833, 0, 106.4438763831, 13.8040498667, 36.5649686646, 1.2304026735]
    ],
    [
      [0, 8.2833045978e-17, 0.75308949395, 2.5311880675, 0.56250466131, 1.9892282842, 0, 0.52978345295, 0.45791200886, 5.5511151231e-17, 0.92773573811, 9.6013869841, 31.4747955115, 1.5525956312, 12.8491573387, 14.6496551605, 18.5238713318, 0.64285551889, 11.1906122925, 10.0096833849, 25.428874906, 5.093508365, 18.9691225901, 7.0979349063, 5.6288168075, 4.4910025636, 9.279240982, 8.5668521848, 40.7650887175, 8.8386325652, 1.6101375359, 18.7342937081, 18.2004031489, 35.3847731396, 15.0094163563, 28.1657327553, 25.4910159956, 25.3074892802, 15.9212788759, 11.7253359995, 19.6618452215, 6.853400813, 0.80877655541, 294.6249742983, 23.1954221687, 47.8556290993, 5.7674451876],
      [0, 0.99524482163, 0.2246082795, 0.077659513614, 0.030088626305, 0.15951566856, 0, 0.13415919849, 0.057003811114, 0, 0.32918843687, 1.7461105465, 3.4079673853, 0.21552967873, 0.95439253231, 1.9870238623, 1.8090599724, 0.030489566056, 0, 0.7215632502, 0, 0.44161626483, 0, 0.71626074194, 0, 0.17685333071, 0, 0.97039373847, 4.7652863073, 2.3796179158, 0.19757852171, 2.1026352997, 2.3533777602, 5.2252228444, 3.1847702217, 3.4572499674, 3.8629989154, 2.9938232257, 1.3815946315, 1.3511916073, 2.0557328138, 1.1783740342, 0, 36.6952528283, 4.8567222642, 6.4455355745, 0.49720203808],
      [0, 0.0013791129197, 0.92530588832, 0.92304868119, 0.30671582093, 0.76749132703, 0, 0.82699851979, 0.3758960741, 0.59574287494, 2.8112498633, 12.8266044004, 27.1448231992, 2.0376347985, 6.6191042387, 14.2507746028, 13.5436583174, 0.23296618566, 15.8641397853, 8.0306115436, 22.7733839546, 5.0281877326, 15.4259293197, 6.577490863, 9.9127072735, 2.6191500313, 11.9735332574, 8.1161522398, 40.7292934701, 14.7521074663, 1.9372846622, 17.6618051942, 21.565896861, 39.9539451466, 23.4707642555, 26.2629539199, 30.2332584904, 24.7606732187, 14.0541011329, 11.5598513329, 13.7514019351, 9.6087662485, 0.19122344459, 276.262392413, 33.6286971353, 52.2949141515, 4.8095158556],
      [0, 0.0033760654531, 0.096996338235, 0.46810373768, 0.10069089146, 0.083764720165, 0, 0.50905882876, 0.10918810593, 0.40425712506, 1.9318259617, 2.825898069, 7.972413904, 0.19423989154, 1.5773458902, 4.1125463743, 5.1234103783, 0.093688729393, 3.9452479223, 2.2381418214, 4.7977411394, 1.4366876376, 3.6049480903, 1.6083134887, 1.458475919, 0.7129940744, 1.7472257606, 2.3466018369, 11.7403315051, 5.0296420526, 0.25499928018, 5.501265798, 4.8803222299, 11.4360588695, 4.3350491664, 5.1140633574, 7.4127265987, 3.9380142754, 3.6430253598, 2.3636210603, 4.5310200296, 2.3594589043, 0, 67.4173804604, 10.3191584318, 16.4039211747, 0.92583691872]
    ],
    [
      [0.076947099088, 0, 0.16515033487, 0.035038966294, 0, 0.23162751332, 0, 0.0063441095696, 0.03183215353, 0, 0.01102892915, 0.62424508147, 1.5854354286, 0.03988577959, 1.6517498047, 0.89755690619, 1.0006309545, 0.030290422268, 0.3111861326, 0.25892860098, 0.65020570111, 0.58723436213, 0.69398738824, 0.40308660147, 0.48885720669, 0.35473092052, 0.47105972279, 0.17277950322, 1.2813703275, 0.57003018522, 0.041261391182, 0.6610756662, 0.69946724177, 1.398680109, 0.55327192019, 1.0339496861, 0.6983180816, 1.0518867904, 0.56390442879, 0.35658838995, 0.66443200799, 0.18773280513, 0, 11.1263438012, 1.2466677456, 2.3435388824, 0.19483832207],
      [0.017410035224, 0, 0.1883412887, 0.0042508299876, 0, 0.076244144682, 0.0054679664658, 0.0069044752047, 0.020260514853, 0, 0.015342201129, 0.40231800233, 0.60420817421, 0.021504301274, 0.43642497219, 0.43039261462, 0.34548650649, 0.0072600542354, 0, 0.066457419714, 0.18304856799, 0, 0.10910419666, 0.14475771619, 0, 0.049951332976, 0, 0.069918116517, 0.52683077569, 0.54389348423, 0.019290412782, 0.26279443396, 0.3196839683, 0.72699913712, 0.41502049867, 0.44792767162, 0.37290842685, 0.43848915059, 0.17355061367, 0.14675026979, 0.2465695426, 0.1159016736, 0, 4.8527548436, 0.91756812817, 1.1077532836, 0.061323198548],
      [1.1946122226, 0, 5.9273170501, 0.38381421614, 0, 2.8022764428, 0.26598286148, 0.32546506732, 1.0296675352, 0.25258066674, 0.99567150133, 22.1523864886, 36.0611605072, 1.5345489412, 22.6954761784, 23.1377670569, 19.3886899828, 0.43783940885, 10.9826479839, 5.5563094174, 15.3064999576, 13.3741017234, 15.5970113494, 9.9881849384, 21.6328142689, 5.564875736, 15.2657431251, 4.3884746301, 33.7347432808, 25.2712701266, 1.4241946772, 16.5456931155, 21.9534201337, 41.6504756024, 22.9213242994, 25.4994081346, 21.8697900377, 27.1749637168, 13.2346513246, 9.4180745427, 12.3670204982, 7.0917079881, 0, 273.6114831422, 47.6005836272, 67.3223736633, 4.4633386011],
      [1.7110306431, 0, 1.7191913264, 0.57689598758, 0, 0.88985189917, 0.72854917205, 0.66128634791, 0.91823979638, 0.74741933326, 1.9779573684, 12.8210504276, 27.74919589, 0.40406097795, 14.2163490447, 17.5342834223, 19.2651925562, 0.52461011464, 7.7061658835, 4.1183045619, 8.8602457733, 10.0386639145, 9.5998970657, 6.463970744, 8.8783285244, 4.0304420105, 6.2631971521, 3.3688277502, 25.4570556161, 22.614806204, 0.51525351885, 13.5304367844, 13.0274286562, 31.2238451514, 11.1103832817, 13.0187145077, 14.0589834538, 11.3346603422, 9.0278936329, 5.0785867976, 10.7219779512, 4.6046575331, 0, 174.4094182131, 38.2351804991, 55.2263341707, 2.2804998783]
    ]
  ],
  "prob": [
    [0.034528662255, 0.08193272767, 0.43738170738, 0.4461569027],
    [0.054476638731, 4.0311214449e-05, 0.9212217767, 0.024261273358],
    [0.010080903779, 0.79477852948, 0.11980354846, 0.075337018286],
    [0.41953716086, 0.052969844369, 0.41935026272, 0.10814273205],
    [0.022087374462, 0.0097592213038, 0.57858861062, 0.38956479362]
  ],
  "iterations": 122,
  "time": 0.000269,
  "message": "Converged",
  "status": 0,
  "miniter": 0,
  "maxiter": 1000,
  "maxtime": 3600,
  "param_threshold": 0.001,
  "ll_threshold": "-Inf",
  "initial_prob": "random",
  "adjust_prob_cond_method": "lp",
  "adjust_prob_cond_every": false,
  "candidates_id": ["LOLE-TAYLOR, Asenati.c", "BAKSHI, Kanwaljit Singh.c", "SALESA, Jennifer Teresia.c", "Other candidates votes.c"],
  "group_id": ["Green Party.p", "Labour Party.p", "National Party.p", "New Zealand First Party.p", "Other parties votes.p"]
}
