{
  "X": [
    [27, 80, 307, 358, 33],
    [5, 9, 45, 85, 11],
    [18, 50, 221, 243, 20],
    [1, 3, 30, 17, 2],
    [4, 44, 270, 143, 20],
    [12, 134, 244, 171, 25],
    [30, 268, 556, 460, 52],
    [14, 43, 154, 216, 18],
    [47, 111, 383, 427, 43],
    [8, 22, 108, 169, 13],
    [34, 89, 516, 305, 34],
    [10, 29, 86, 112, 10],
    [28, 88, 526, 248, 33],
    [34, 104, 462, 251, 36],
    [21, 47, 247, 159, 22],
    [22, 54, 280, 245, 27],
    [25, 54, 228, 176, 18],
    [21, 90, 189, 412, 40],
    [18, 30, 88, 360, 35],
    [15, 54, 132, 378, 31],
    [15, 45, 150, 321, 27],
    [21, 73, 171, 523, 28],
    [42, 209, 380, 658, 40],
    [10, 39, 108, 124, 6],
    [14, 197, 319, 510, 33],
    [1, 38, 92, 64, 8],
    [0, 7, 11, 39, 5],
    [31, 65, 157, 540, 34],
    [11, 17, 85, 213, 7],
    [38, 37, 142, 392, 26],
    [9, 33, 74, 269, 14],
    [21, 37, 99, 406, 17],
    [29, 78, 287, 720, 32],
    [30, 105, 246, 680, 38],
    [28, 57, 191, 357, 25],
    [17, 48, 159, 236, 13],
    [20, 42, 153, 228, 24],
    [18, 58, 106, 191, 15],
    [69, 198, 701, 695, 55],
    [0, 3, 5, 13, 0],
    [2, 10, 18, 13, 2],
    [121, 421, 1293, 2104, 183],
    [7, 41, 120, 108, 8],
    [16, 45, 130, 249, 9],
    [47, 331, 595, 1094, 59],
    [4, 56, 139, 146, 11]
  ],
  "W": [
    [92, 237, 383, 42, 51],
    [11, 74, 51, 8, 11],
    [51, 184, 249, 37, 31],
    [4, 12, 29, 6, 2],
    [43, 97, 310, 17, 14],
    [119, 95, 318, 18, 36],
    [281, 246, 725, 36, 78],
    [45, 165, 164, 39, 32],
    [115, 308, 457, 59, 72],
    [27, 127, 133, 12, 21],
    [73, 203, 600, 45, 57],
    [24, 88, 108, 11, 16],
    [97, 146, 600, 41, 39],
    [91, 188, 519, 36, 53],
    [48, 96, 291, 27, 34],
    [75, 153, 333, 26, 41],
    [49, 117, 277, 30, 28],
    [92, 336, 217, 57, 50],
    [43, 322, 104, 32, 30],
    [63, 302, 161, 51, 33],
    [40, 283, 165, 26, 44],
    [64, 435, 188, 77, 52],
    [230, 464, 488, 76, 71],
    [47, 85, 126, 16, 13],
    [204, 339, 423, 51, 56],
    [37, 34, 107, 11, 14],
    [4, 39, 13, 4, 2],
    [64, 414, 221, 68, 60],
    [30, 129, 119, 31, 24],
    [44, 295, 189, 53, 54],
    [40, 210, 97, 35, 17],
    [42, 294, 159, 46, 39],
    [88, 521, 397, 68, 72],
    [118, 489, 345, 90, 57],
    [54, 248, 249, 64, 43],
    [56, 172, 194, 26, 25],
    [33, 167, 196, 39, 32],
    [69, 140, 126, 27, 26],
    [203, 492, 831, 96, 96],
    [3, 10, 8, 0, 0],
    [7, 14, 20, 2, 2],
    [479, 1586, 1525, 297, 235],
    [53, 64, 141, 9, 17],
    [48, 195, 149, 32, 25],
    [327, 829, 756, 74, 140],
    [78, 89, 158, 8, 23]
  ],
  "method": "mvn_cdf",
  "mvncdf_method": "genz",
  "mvncdf_samples": 5000,
  "mvncdf_error": 1e-06,
  "cond_prob": [
    [
      [0.002265710428, 0.65635780055, 0.045652776283, 0.27340125797, 0.022322454767],
      [0.00654567656, 0.0070483592347, 0.0042734366452, 0.93882462825, 0.043307899308],
      [0.0268628567, 0.045212473328, 0.76584686292, 0.1361358098, 0.025941997252],
      [0.18258223582, 0.00071604519639, 0.048424138901, 0.71116986761, 0.057107712479],
      [0.1357606111, 0.014328224881, 0.1272956955, 0.56476566215, 0.15784980637]
    ],
    [
      [0.0023812069475, 0.6369326786, 0.062493856207, 0.25650101342, 0.041691244825],
      [0.0069436649771, 0.0062723027217, 0.0057951863449, 0.89883174201, 0.082157103945],
      [0.021361869964, 0.03044587166, 0.81659600453, 0.095253310197, 0.036342943652],
      [0.19052272377, 0.00060510148808, 0.062713792005, 0.64308258277, 0.10307579996],
      [0.12532204614, 0.0108667592, 0.14845595991, 0.4555729807, 0.25978225406]
    ],
    [
      [0.0018742764234, 0.72205017513, 0.056738604487, 0.20250580063, 0.016831143333],
      [0.0072441779227, 0.010243438596, 0.007088412522, 0.93171755874, 0.043706412221],
      [0.019384093429, 0.042926404553, 0.83275909444, 0.087877504917, 0.017052902655],
      [0.19366479687, 0.00099370378883, 0.076760844785, 0.67354064694, 0.055040007617],
      [0.13662650549, 0.018903437099, 0.19189362588, 0.50790843294, 0.14466799859]
    ],
    [
      [0.0010435950877, 0.67759709025, 0.11418308638, 0.18868222411, 0.018494004181],
      [0.0041253263691, 0.0075912169304, 0.01385674615, 0.92500583422, 0.049420876332],
      [0.0055456905523, 0.016627061037, 0.9270477508, 0.041207770992, 0.0095717266236],
      [0.11607562738, 0.00074628842101, 0.15402899859, 0.66565991094, 0.063489174671],
      [0.069242893944, 0.012410393438, 0.34012447931, 0.42674524599, 0.15147698732]
    ],
    [
      [0.0010011050482, 0.70653362866, 0.059455583031, 0.20639169183, 0.026617991432],
      [0.003711537526, 0.0096357129037, 0.0071373554109, 0.91311684836, 0.066398545795],
      [0.0099522632377, 0.040415538369, 0.83758174962, 0.086105126627, 0.025945322145],
      [0.10735191138, 0.0010151828154, 0.083908897181, 0.71682406923, 0.090899939394],
      [0.069838341684, 0.017799284112, 0.19330464243, 0.497816637, 0.22124109477]
    ],
    [
      [0.00079797683089, 0.83398845522, 0.023537144746, 0.12773847105, 0.013937952155],
      [0.0048051279097, 0.018607315761, 0.0045920402193, 0.91559997191, 0.056395544201],
      [0.017475696379, 0.10569293855, 0.72950734581, 0.11740571085, 0.029918308422],
      [0.14036987541, 0.0019768365688, 0.054442754577, 0.72535963909, 0.077850894351],
      [0.09671026068, 0.036685623462, 0.13272434844, 0.53377507549, 0.20010469193]
    ],
    [
      [0.001249118467, 0.75100870195, 0.031103265937, 0.19949402171, 0.017144891933],
      [0.0049279264033, 0.011106434638, 0.003982442878, 0.93456859536, 0.04541460072],
      [0.020944100942, 0.073693125239, 0.73650948393, 0.14065406394, 0.02819922595],
      [0.14398235528, 0.0011858980746, 0.04741362361, 0.74447674923, 0.062941373804],
      [0.104985694, 0.023245045955, 0.12207075303, 0.57939492401, 0.170303583]
    ],
    [
      [0.0014768332964, 0.73892278432, 0.058803635508, 0.18496665531, 0.015830091563],
      [0.0062333828304, 0.011341210335, 0.0080049637464, 0.92953203166, 0.044888411427],
      [0.014939896681, 0.04265169331, 0.84824492453, 0.078477119803, 0.015686365678],
      [0.16950499437, 0.001119264012, 0.088252084423, 0.68360028434, 0.057523372856],
      [0.11626331979, 0.020715104313, 0.21476959376, 0.50113114982, 0.14712083232]
    ],
    [
      [0.0028586704023, 0.72478991372, 0.046827135363, 0.2060383909, 0.019485889616],
      [0.010791108985, 0.010185198012, 0.0057284789914, 0.9239009188, 0.049394295215],
      [0.034087254735, 0.05029039152, 0.78959529304, 0.10324686269, 0.022780198009],
      [0.26599417545, 0.00091396917845, 0.057339984718, 0.61822749836, 0.057524372301],
      [0.19449170526, 0.017989620885, 0.14825587242, 0.48299175327, 0.15627104816]
    ],
    [
      [0.0020140516624, 0.6068308467, 0.050301880013, 0.31776082048, 0.023092401151],
      [0.0050249433671, 0.0054733596369, 0.0040467800707, 0.94670703623, 0.038747880697],
      [0.021731655851, 0.037073965562, 0.77363288248, 0.14321666345, 0.024344832659],
      [0.14808460453, 0.00058219827445, 0.048072890462, 0.74973657658, 0.05352373016],
      [0.11084179995, 0.011759309732, 0.12766761785, 0.5998894272, 0.14984184527]
    ],
    [
      [0.0019441182342, 0.75127635387, 0.051177233588, 0.17896521151, 0.0166370828],
      [0.0084397017105, 0.012126163008, 0.0072018008636, 0.92371994438, 0.048512390033],
      [0.022149124538, 0.049764187573, 0.82376495836, 0.085730251419, 0.018591478112],
      [0.21751706071, 0.001138843574, 0.075432187879, 0.64678133445, 0.059130573388],
      [0.15259617321, 0.021506964041, 0.18709429147, 0.4846552551, 0.15414731619]
    ],
    [
      [0.0018711452758, 0.79999084584, 0.03125940412, 0.15377236503, 0.013106239736],
      [0.0094184708656, 0.014200627956, 0.0050540995933, 0.92691461981, 0.044412181771],
      [0.031970295095, 0.075657049085, 0.76098134964, 0.10954570325, 0.021845602926],
      [0.24809147739, 0.0013263376664, 0.052823232532, 0.64384522524, 0.053913727166],
      [0.18146164297, 0.02635062781, 0.13787507606, 0.50574623354, 0.14856641962]
    ],
    [
      [0.0022764763663, 0.68484278596, 0.066290966649, 0.22262358596, 0.023966185065],
      [0.007911373602, 0.0088722516984, 0.007470594994, 0.91980555676, 0.055940222948],
      [0.020390555753, 0.035724997438, 0.83903522973, 0.08379785064, 0.021051366445],
      [0.20496949873, 0.00083721506282, 0.078623356398, 0.64704798496, 0.068521944853],
      [0.14119984706, 0.015525512877, 0.19152733184, 0.47614674916, 0.17560055906]
    ],
    [
      [0.0021331076858, 0.78515949539, 0.052846491388, 0.14192072298, 0.017940182557],
      [0.01137192523, 0.015548929911, 0.0091302729123, 0.89968996918, 0.064258902764],
      [0.023938757599, 0.051160580631, 0.83823066755, 0.06693032592, 0.019739668299],
      [0.26738089954, 0.0013285288323, 0.087032378028, 0.57298833508, 0.071269858518],
      [0.17956962867, 0.024041031212, 0.20687063569, 0.41136076894, 0.17815793548]
    ],
    [
      [0.0026010928043, 0.6999573317, 0.054961210741, 0.21825815252, 0.02422221223],
      [0.0091849629214, 0.0090890132683, 0.0062782617744, 0.91797634712, 0.057471414912],
      [0.027100314761, 0.04195375253, 0.81085216873, 0.095372146609, 0.024721617371],
      [0.23431020435, 0.00083912394312, 0.064690851184, 0.63125133585, 0.068908484668],
      [0.16514550553, 0.015955498742, 0.16160609062, 0.47584841144, 0.18144449366]
    ],
    [
      [0.003000884481, 0.59101690769, 0.062818367792, 0.31386646297, 0.029297377071],
      [0.0074976770876, 0.0054808541107, 0.0050840470406, 0.93277294805, 0.049164473713],
      [0.02693998493, 0.030758538848, 0.79835625309, 0.11818286492, 0.025762358207],
      [0.20193002879, 0.00053588855825, 0.055459801012, 0.67966687501, 0.06240740662],
      [0.14722976199, 0.010523769522, 0.14311492645, 0.52960149083, 0.16953005121]
    ],
    [
      [0.0028982907747, 0.7492278062, 0.044107032508, 0.18723585922, 0.016531011305],
      [0.012015889021, 0.011395467421, 0.0059125333138, 0.92463545947, 0.046040650778],
      [0.036641121722, 0.054368584641, 0.78928456678, 0.099243620817, 0.020462106043],
      [0.28994533657, 0.00099210352772, 0.057463275803, 0.59955397622, 0.05204530788],
      [0.21373166612, 0.019744075414, 0.15022083404, 0.47305047773, 0.14325294669]
    ],
    [
      [0.0012959573322, 0.76775174707, 0.0394693272, 0.17241005035, 0.019072918052],
      [0.0058092132653, 0.012704716812, 0.005722565775, 0.91833269014, 0.05743081401],
      [0.01827059344, 0.06255986252, 0.79072592882, 0.10208749437, 0.026356120848],
      [0.16202784435, 0.00129103963, 0.064906894171, 0.69600838872, 0.075765833126],
      [0.11160226832, 0.023948701433, 0.15823589575, 0.51209267701, 0.19412045749]
    ],
    [
      [0.0033803385412, 0.58081067106, 0.053112579575, 0.3199155113, 0.042780899517],
      [0.008119447095, 0.0050918290954, 0.0041142116588, 0.9136094754, 0.069065036748],
      [0.033693313011, 0.033086407118, 0.75809371226, 0.13344624696, 0.04168032065],
      [0.21574734301, 0.00048878858382, 0.044116966769, 0.65358626168, 0.086060639962],
      [0.15338372644, 0.0093767955406, 0.11131430116, 0.49736835475, 0.22855682211]
    ],
    [
      [0.0015326071835, 0.67823084686, 0.040370072321, 0.2557652495, 0.024101224134],
      [0.0047076848438, 0.007651452643, 0.0040062932503, 0.93390415447, 0.049730414791],
      [0.020154596999, 0.05133115037, 0.75633690257, 0.14112841583, 0.031048934235],
      [0.13811036068, 0.00081768889205, 0.047786349827, 0.74428710006, 0.068998500545],
      [0.10001169538, 0.015944305864, 0.12247804494, 0.57558822706, 0.18597772676]
    ],
    [
      [0.0013874109335, 0.77099180524, 0.046329085948, 0.16550410097, 0.015787596905],
      [0.0065037158971, 0.013134168542, 0.0070081627738, 0.92359438543, 0.049759567355],
      [0.017286812348, 0.054762658322, 0.82218135855, 0.086505331584, 0.019263839198],
      [0.17717519002, 0.0012979872281, 0.077361131014, 0.68032970737, 0.063835984362],
      [0.12204424578, 0.024126272766, 0.18900544086, 0.5010141447, 0.1638098959]
    ],
    [
      [0.00096114028296, 0.80129788625, 0.036304922215, 0.15166766491, 0.0097683863406],
      [0.0050100376076, 0.015316276361, 0.0061150968089, 0.93936294307, 0.034195646151],
      [0.014885969602, 0.07138740388, 0.80017275965, 0.09871995137, 0.014833915497],
      [0.14417602169, 0.0016085273374, 0.071689488776, 0.73591513715, 0.046610825042],
      [0.10299296636, 0.03094131358, 0.18123374634, 0.56125650805, 0.12357546568]
    ],
    [
      [0.0017900621978, 0.73592244632, 0.032330003088, 0.2167584484, 0.013199039995],
      [0.0065867077761, 0.010129184194, 0.0038580297317, 0.94682376876, 0.032602309537],
      [0.028773271031, 0.069122117981, 0.73482237419, 0.14647728952, 0.020804947287],
      [0.18540627211, 0.0010408689536, 0.044211647139, 0.72586567286, 0.04347553893],
      [0.14199221023, 0.021434509998, 0.11959568834, 0.59350472732, 0.1234728641]
    ],
    [
      [0.0023829776373, 0.69578529985, 0.052037825215, 0.23757369785, 0.012220199441],
      [0.0079857601931, 0.0084638884685, 0.0056210348521, 0.95044339758, 0.02748591891],
      [0.025994747243, 0.043025365551, 0.80994126026, 0.10803445145, 0.013004175497],
      [0.21705744295, 0.00082138721956, 0.061009218973, 0.68646280948, 0.034649141383],
      [0.16421702702, 0.01681384535, 0.16428599614, 0.55656395989, 0.098119171595]
    ],
    [
      [0.00077713313487, 0.76469505291, 0.025600419372, 0.19715671984, 0.011770674749],
      [0.0031520942816, 0.011584098887, 0.0033672082397, 0.94984282889, 0.032053769706],
      [0.015266421122, 0.087661993183, 0.71157503177, 0.16281722531, 0.022679328613],
      [0.098436028975, 0.0013236179722, 0.042903411834, 0.80979749202, 0.047539449204],
      [0.074253568494, 0.02683350229, 0.11425857715, 0.65165842602, 0.13299592604]
    ],
    [
      [0.0005202651713, 0.79757096092, 0.036898810185, 0.15133076528, 0.01367919844],
      [0.0026658628692, 0.014593802137, 0.0060862219372, 0.92951167874, 0.047142434321],
      [0.0079358501155, 0.068163918269, 0.80698170243, 0.096478045604, 0.020440483582],
      [0.081681771899, 0.0016276427453, 0.075906330697, 0.77229460874, 0.068489645922],
      [0.055327227262, 0.029761224026, 0.18262911577, 0.55747556945, 0.17480686349]
    ],
    [
      [8.6398953327e-05, 0.94708308792, 0.0099624310232, 0.035523885439, 0.007344196663],
      [0.0016705796023, 0.038845918665, 0.0056793038111, 0.8549998796, 0.098804318317],
      [0.0039462845702, 0.15789275514, 0.73789629958, 0.067364970335, 0.032899690373],
      [0.051106672232, 0.0044053460734, 0.073657669579, 0.7228430716, 0.14798724051],
      [0.028189032662, 0.068258130266, 0.15038019773, 0.42562660891, 0.32754603043]
    ],
    [
      [0.0019836886241, 0.69316374449, 0.025758331474, 0.26208847348, 0.017005761938],
      [0.0060452004494, 0.0077878685729, 0.0025396388772, 0.94882943929, 0.034797852812],
      [0.035941305675, 0.072540357391, 0.66184580752, 0.19947164983, 0.03020087958],
      [0.17495581514, 0.00082158275409, 0.029883548213, 0.74669258622, 0.047646467668],
      [0.13702137858, 0.017312436795, 0.082704777981, 0.62442208548, 0.13853932117]
    ],
    [
      [0.0024929427996, 0.42286864299, 0.036805061451, 0.5207504344, 0.017082918365],
      [0.0039146722519, 0.0024210206582, 0.0018646382287, 0.97381506619, 0.017984602667],
      [0.030821567838, 0.029889556485, 0.64940813467, 0.26922360654, 0.020657134468],
      [0.12270913414, 0.00027581230193, 0.023689819058, 0.82673290736, 0.026592327139],
      [0.10273332677, 0.0062061195037, 0.07008165792, 0.73825850678, 0.08272038903]
    ],
    [
      [0.0047608808919, 0.60063069725, 0.038786750554, 0.33378500813, 0.022036663177],
      [0.011343368468, 0.0052550694378, 0.0029869733725, 0.94516412346, 0.035250465259],
      [0.059940257993, 0.043498081972, 0.69312044265, 0.17627453769, 0.027166679694],
      [0.28520286892, 0.00047902561394, 0.030378587867, 0.64224112882, 0.041698388778],
      [0.22865157786, 0.010344957005, 0.086190060534, 0.55048396359, 0.12432944101]
    ],
    [
      [0.0015124434351, 0.64594882267, 0.033416130101, 0.30136788419, 0.017754719604],
      [0.0040269452688, 0.0062251037872, 0.0028656693665, 0.95513567072, 0.031746610854],
      [0.022429640898, 0.054441520506, 0.71032278359, 0.18705285075, 0.025753204259],
      [0.12360150784, 0.00069411547656, 0.035677129039, 0.79405970792, 0.045967539726],
      [0.095987964583, 0.01452006744, 0.098127411582, 0.658382842, 0.13298171439]
    ],
    [
      [0.0023942193943, 0.57378045327, 0.022013838153, 0.38523016652, 0.016581322658],
      [0.0050475482458, 0.0044321866189, 0.0014998873357, 0.96555573648, 0.023464641322],
      [0.043748317601, 0.06022482663, 0.57118250807, 0.29517793855, 0.029666409155],
      [0.15304572302, 0.00048891748822, 0.018449405839, 0.79441913558, 0.033596818074],
      [0.12709768459, 0.010919626717, 0.054111430299, 0.70426729784, 0.10360396055]
    ],
    [
      [0.0018000836792, 0.59685520537, 0.032427043043, 0.35287502634, 0.016042641573],
      [0.0041388641224, 0.0051101530519, 0.0024165513141, 0.96357045932, 0.024763972188],
      [0.026643603269, 0.05145592795, 0.67904643618, 0.2195680659, 0.023285966703],
      [0.12695592652, 0.00057311697429, 0.030216058726, 0.80621780932, 0.036037088452],
      [0.10215498425, 0.012392981659, 0.085821912976, 0.69217225527, 0.10745786584]
    ],
    [
      [0.0016323311161, 0.65610916739, 0.028043463272, 0.29727983263, 0.016935205584],
      [0.0044197065669, 0.0066138255596, 0.002460461229, 0.95572389691, 0.030782109738],
      [0.027521117342, 0.064421839586, 0.66935998318, 0.21069607515, 0.028000984733],
      [0.13405070814, 0.00073322520143, 0.030414637651, 0.79051505558, 0.044286373432],
      [0.10563815916, 0.015531508495, 0.084622660429, 0.6647938525, 0.12941381942]
    ],
    [
      [0.0020235901434, 0.70819221813, 0.033365598646, 0.24030047611, 0.016118116967],
      [0.0066958921579, 0.0086155482706, 0.0035698031019, 0.94530902038, 0.035809736088],
      [0.031095850942, 0.062711463251, 0.72683626457, 0.15507851861, 0.024277902622],
      [0.18845594026, 0.00088271732879, 0.040804064461, 0.72223314786, 0.04762413009],
      [0.14441858685, 0.018213041912, 0.11058686241, 0.59112340121, 0.13565810763]
    ],
    [
      [0.0025578831927, 0.67148696594, 0.04681406136, 0.26416756968, 0.014973519832],
      [0.0077247251539, 0.0074433747633, 0.0045686565502, 0.94989754986, 0.030365693669],
      [0.029943264537, 0.0451168672, 0.7783173835, 0.12947772196, 0.017144762803],
      [0.21115681045, 0.00073494684004, 0.050367903056, 0.69882006499, 0.038920274663],
      [0.16218779, 0.015224982219, 0.13713683272, 0.57407015829, 0.11138023677]
    ],
    [
      [0.0017695793781, 0.76575534338, 0.031720956635, 0.18194386584, 0.018810254766],
      [0.007532769239, 0.011816254461, 0.0043566517007, 0.92247675854, 0.053817566063],
      [0.029195064153, 0.071914430892, 0.74254671992, 0.12593975358, 0.030404031457],
      [0.20478298024, 0.001164080593, 0.047912143313, 0.67728620006, 0.068854595785],
      [0.14762905474, 0.02264402404, 0.12240247999, 0.52202395045, 0.18530049079]
    ],
    [
      [0.0029125020519, 0.71929630962, 0.042724632451, 0.21799523183, 0.017071324053],
      [0.010483535649, 0.009470758504, 0.0049615749914, 0.9338292131, 0.041254917751],
      [0.03697944492, 0.052216371111, 0.77393266147, 0.11569415391, 0.021177368592],
      [0.26602658737, 0.00086273328655, 0.050520937539, 0.63377147185, 0.04881826995],
      [0.1999555949, 0.017524248443, 0.13494716246, 0.51035186987, 0.13722112432]
    ],
    [
      [0.0024832344852, 0.73100037318, 0.04781704307, 0.2033030507, 0.015396298572],
      [0.0096087723674, 0.010593759123, 0.0060030074502, 0.93379787724, 0.039996583818],
      [0.029437419931, 0.05070800934, 0.80055896436, 0.101390105, 0.01790550137],
      [0.24367873845, 0.00098133000846, 0.062003366257, 0.64526378143, 0.048072783854],
      [0.17967186246, 0.019456176844, 0.1614629129, 0.50799340095, 0.13141564685]
    ],
    [
      [5.0347748785e-05, 0.74829036661, 0.011159035037, 0.2382164519, 0.0022837987014],
      [0.00013568479078, 0.0045369975551, 0.00097918439941, 0.98985114703, 0.0044969862244],
      [0.0014733227933, 0.080002694042, 0.6170169063, 0.29456242655, 0.0069446503087],
      [0.00013292626639, 0.00057740766888, 0.013078391009, 0.97849857336, 0.0077127016956],
      [0.00071809237185, 0.014551491344, 0.044863990264, 0.91562143077, 0.024244995248]
    ],
    [
      [0.00066409055, 0.94233999573, 0.019155525272, 0.033288313369, 0.0045520750789],
      [0.013602537421, 0.048792226965, 0.011886875223, 0.86147274806, 0.064245612326],
      [0.01889052896, 0.10777186254, 0.823265352, 0.037813842443, 0.012258414062],
      [0.3666043848, 0.003626237308, 0.1025868539, 0.46431461338, 0.062867910617],
      [0.21614289403, 0.064529432798, 0.24081261474, 0.31716597638, 0.16134908205]
    ],
    [
      [0.0018199590916, 0.69239835649, 0.048382036516, 0.23569501136, 0.021704636542],
      [0.0060643608957, 0.0086789665862, 0.0052343456569, 0.93147215197, 0.048550174893],
      [0.021103302835, 0.047184197302, 0.79192025688, 0.11508703395, 0.024705209033],
      [0.16837860016, 0.0008831042396, 0.059366930973, 0.70728245522, 0.0640889094],
      [0.12082913306, 0.017023600326, 0.15030557719, 0.54158305597, 0.17025863346]
    ],
    [
      [0.0018652594397, 0.6595269628, 0.054036600407, 0.26821376634, 0.016357411011],
      [0.0055287814579, 0.0071438054902, 0.005173255834, 0.94959396548, 0.032560191735],
      [0.019556848099, 0.039388850498, 0.80706452032, 0.11724691207, 0.016742869009],
      [0.16007318595, 0.00074281712213, 0.060125095604, 0.73505070313, 0.044008198197],
      [0.11902313095, 0.014916171872, 0.1588201335, 0.58467305827, 0.12256750541]
    ],
    [
      [0.0020084161228, 0.72771179849, 0.047193106111, 0.21301833945, 0.010068339829],
      [0.0075339549153, 0.0099355390878, 0.0057096736738, 0.9514618025, 0.025359029824],
      [0.024096228461, 0.04980047498, 0.8072544829, 0.10703292351, 0.011815890147],
      [0.20539524552, 0.00097868002415, 0.062834611555, 0.69836999025, 0.032421472658],
      [0.15533256686, 0.019973995948, 0.16861469568, 0.56482511323, 0.091253628286]
    ],
    [
      [0.001142210713, 0.779929416, 0.028433424188, 0.18039374133, 0.010101207761],
      [0.0050574890083, 0.01295253452, 0.00408571961, 0.94787728726, 0.030026969602],
      [0.020973012711, 0.08391075288, 0.7375361879, 0.13938180941, 0.018198237102],
      [0.14840107391, 0.0013907885038, 0.048911694504, 0.75946295219, 0.041833490894],
      [0.1120990608, 0.028231782743, 0.13040802693, 0.61222271942, 0.11703841012]
    ],
    [
      [0.0012257140806, 0.63653457931, 0.058324143514, 0.28579946103, 0.018116102068],
      [0.0034194158292, 0.006550695542, 0.0052634264999, 0.95081756363, 0.033948898498],
      [0.012048713756, 0.035979864863, 0.81715367106, 0.11740586707, 0.017411883247],
      [0.10388087246, 0.00072281270189, 0.064865649474, 0.78185175476, 0.048678910606],
      [0.075874757685, 0.014215193601, 0.16784488015, 0.60938082604, 0.13268434253]
    ]
  ],
  "expected_outcome": [
    [
      [0.20844535937, 0.026193276423, 0.095588097591, 0.0041743803508, 0.043047517074, 0.094959242876, 0.35100228922, 0.066457498338, 0.32874709626, 0.054379394884, 0.1419206311, 0.044907486618, 0.22081820753, 0.19411279941, 0.12485245461, 0.22506633607, 0.14201624796, 0.11922807457, 0.14535455727, 0.096554252559, 0.055496437339, 0.061512978109, 0.41171430549, 0.11199994895, 0.15853515951, 0.019249811338, 0.00034559581331, 0.12695607194, 0.074788283987, 0.20947875924, 0.060497737405, 0.10055721456, 0.15840736377, 0.1926150717, 0.10927386774, 0.14324145879, 0.058396119478, 0.20096264158, 0.5040966005, 0.00015104324636, 0.00464863385, 0.87176040489, 0.098858750302, 0.096403973892, 0.37350290314, 0.095605698291],
      [60.3849176506, 7.0062594646, 36.8245589315, 2.710388361, 30.3809460322, 99.244626171, 211.0334452492, 33.2515252945, 83.3508400779, 16.3844328608, 54.8431738325, 19.1997803001, 66.4297502384, 71.4495140808, 33.5979519216, 44.3262680765, 36.7121625036, 70.6331607304, 24.9748588558, 42.7285433524, 30.8396722097, 51.28306472, 169.2621626531, 32.7019090932, 155.9977907927, 29.5101255541, 3.7883323517, 44.3624796471, 12.6860592896, 26.427750679, 25.8379529069, 24.0987790375, 52.5232580721, 77.4208817525, 38.2423797791, 37.6032700926, 25.2699263315, 49.6314453635, 148.3930757551, 2.2448710998, 6.5963799701, 331.6588127571, 34.9549290285, 34.9301663276, 255.0369190336, 49.6496971862],
      [4.2000554181, 0.68743241828, 2.8936688288, 0.45673234552, 2.5565900703, 2.8009202247, 8.7400177284, 2.6461635978, 5.3851205667, 1.3581507603, 3.7359380519, 0.75022569887, 6.4302237649, 4.8090307163, 2.6381381156, 4.7113775844, 2.1612445929, 3.6311781024, 2.2838409217, 2.5433145562, 1.8531634379, 2.3235150218, 7.4359007103, 2.4457777851, 5.2224855519, 1.3652559768, 0.039849724093, 1.6485332143, 1.1041518435, 1.7066170244, 1.336645204, 0.92458120244, 2.8535797878, 3.3091286661, 1.8017423269, 2.6215874362, 1.046791569, 2.9479996391, 9.7068597431, 0.033477105112, 0.1340886769, 23.174995491, 2.8639398216, 2.2652690933, 9.2977297094, 4.5492831941],
      [25.1529157334, 2.8215111476, 10.3277958321, 0.75472889642, 8.8748427488, 15.200878055, 56.0578201, 8.323499489, 23.6944149533, 8.5795421529, 13.06446044, 3.6905367608, 21.5944878378, 12.9147857908, 10.4763913212, 23.5399847227, 9.1745571016, 15.8617246319, 13.756366986, 16.1132107183, 6.6201640389, 9.7067305544, 49.8544431323, 11.1659637991, 40.2199708471, 5.5992383154, 0.14209554176, 16.7736623026, 15.6225130319, 14.6865403576, 12.0547153676, 16.1796669939, 31.0530023179, 35.0790202508, 12.9762257101, 14.7933839019, 6.0041475728, 15.0416709961, 41.2705192912, 0.7146493557, 0.23301819358, 112.8979104435, 14.215329616, 10.2248802934, 58.9887534161, 22.2923579601],
      [2.0536658386, 0.45860369308, 0.85838830998, 0.073976016722, 1.1445736316, 1.6586163064, 4.8177146332, 0.71235412035, 2.2408773058, 0.62349483107, 1.2145070444, 0.31454975367, 2.3247199513, 1.6325566127, 1.162666187, 2.1973032803, 0.81001955393, 1.7547084607, 1.8395786793, 1.5183771205, 0.63150387619, 0.6251767258, 3.0357791988, 0.57434937372, 2.4012176488, 0.50613034228, 0.029376786652, 1.088368764, 0.51248755096, 0.9696131798, 0.71018878414, 0.69641555162, 1.4117524584, 1.9983542589, 0.87037831621, 0.83851711058, 0.62073840727, 1.1779213596, 3.1254486101, 0.0068513961043, 0.031864525552, 10.3965209035, 0.86694278361, 0.48328031179, 3.3030949377, 1.4130559613]
    ],
    [
      [1.5513253447, 0.5138312083, 1.3329287378, 0.049503916429, 0.36001914002, 0.45648715142, 1.2122698952, 1.028508167, 3.3236615675, 0.63816780762, 1.7132594472, 0.82882543618, 1.1550605459, 2.1379219433, 0.88175644046, 1.1471445944, 1.4058590155, 1.9518956571, 2.6144619646, 1.4217208228, 1.8405515989, 2.1793663593, 3.0562324081, 0.67878961641, 1.0685599614, 0.090639337552, 0.065152604488, 2.502712986, 0.5049927205, 3.346293698, 0.84565850646, 1.4839791843, 2.1563482078, 2.1612365112, 1.6605812552, 1.3286527265, 1.2579724629, 1.4676949908, 4.7275160048, 0.0013568479078, 0.1904355239, 9.6180763805, 0.3538420133, 1.4691212085, 4.1926583879, 0.3043280088],
      [1.6704611386, 0.46415040141, 1.8847927017, 0.091094603164, 0.93466415166, 1.7676949973, 2.732182921, 1.8712997054, 3.1370409878, 0.69511667389, 2.4616110907, 1.2496552601, 1.295348748, 2.9231988232, 0.87254527375, 0.83857067893, 1.3332696882, 4.2687848489, 1.6395689687, 2.3107386982, 3.7169696975, 6.6625802171, 4.6999414662, 0.71943051982, 3.9270095227, 0.49618927265, 1.5149908279, 3.2241775892, 0.31231166491, 1.5502454841, 1.3072717953, 1.303062866, 2.66238974, 3.2341606987, 2.1366559711, 1.2802604593, 1.973314495, 1.3259061906, 5.2121294886, 0.045369975551, 0.68309117751, 13.7648410057, 0.45720355137, 1.9374301221, 10.7376511174, 0.58301190324],
      [1.0128044849, 0.42884378952, 1.304267904, 0.16628095379, 0.69232347485, 0.43624382083, 0.97968094799, 1.3208190182, 1.7643715294, 0.51394106898, 1.4619655753, 0.44476076421, 1.0907068691, 1.7164913075, 0.60271313034, 0.77785919721, 0.69176639771, 1.9227821004, 1.3247761541, 1.2099005616, 1.983310065, 2.6600671119, 1.7901257955, 0.47778796243, 1.1414835932, 0.20693154586, 0.22149284863, 1.0514104952, 0.24053833151, 0.88115714488, 0.60179056697, 0.44096687671, 1.2590232346, 1.203165541, 0.88531116927, 0.78580892663, 0.72756083401, 0.69462049879, 2.9534796655, 0.0097918439941, 0.16641625312, 8.3016722119, 0.33108837338, 1.1133863664, 3.3870615567, 0.46844495849],
      [222.5014368958, 66.5135489088, 171.4360308078, 11.1000700106, 88.5723342914, 86.9819973314, 229.9038744587, 153.372785224, 284.5614829891, 120.231793601, 187.51514871, 81.5684865437, 134.2916112865, 169.1417142064, 88.1257293239, 142.7142610514, 108.1823487575, 308.5597838861, 294.1822510796, 282.0390546505, 261.3772110773, 408.6228802358, 439.3262287051, 80.787688794, 321.9967189922, 31.603397077, 33.3449953046, 392.8153878656, 125.6221435391, 278.8234164215, 200.5784908518, 283.8733865244, 502.0202093075, 467.3489855871, 234.4366370547, 163.3823785765, 154.0536186755, 130.7360898347, 459.4285556026, 9.8985114703, 12.0606184729, 1477.3148330222, 60.7740137909, 185.5350514873, 785.7902711379, 84.6227631631],
      [10.2639721359, 6.0796256919, 8.0419798487, 0.59305051598, 6.4406589421, 5.3575766991, 11.1719917771, 7.4065878855, 15.2134429263, 4.9209808486, 9.8480151767, 3.9082719958, 8.1672725505, 12.0806737196, 5.5172558315, 7.522164478, 5.386756141, 19.2967535075, 22.238941833, 15.0185852668, 14.0819575613, 14.8751060759, 15.1274716251, 2.3363031074, 10.8662279304, 1.6028427669, 3.8533684144, 14.406311064, 2.320013744, 10.3988872514, 6.6667882794, 6.8986045487, 12.90202951, 15.0524516621, 8.8808145497, 5.2228993111, 8.9875335326, 5.7756884852, 19.6783192385, 0.044969862244, 0.89943857256, 77.0005773796, 2.083852271, 4.9450108157, 24.8923578002, 3.0214519663]
    ],
    [
      [10.2884741162, 1.0894553682, 4.8266392639, 0.16082502602, 3.0852016037, 5.5572714485, 15.1844731828, 2.4501430557, 15.577875414, 2.8903102282, 13.2894747227, 3.4527918703, 12.2343334516, 12.4242151937, 7.8861915955, 8.9710149817, 10.149590717, 3.9647187766, 3.5041045531, 3.2448901168, 2.8523240374, 2.7985622852, 14.0413562631, 3.2753381526, 6.4576961346, 0.84913596236, 0.051301699412, 7.9430285541, 3.6677665728, 11.3287087607, 2.1756751671, 6.9559824986, 10.5775104977, 9.4947854829, 7.7428668844, 5.8089933201, 5.7222325741, 4.6594100599, 24.4624959624, 0.011786582346, 0.3778105792, 32.1825368228, 2.757515582, 3.5903380407, 15.8555976098, 1.9036967735],
      [17.3163772848, 1.5527394547, 10.6886747338, 0.48218477007, 12.5288168943, 33.6103544583, 53.4275157986, 6.9948777028, 22.9827089245, 4.9308374197, 29.8585125437, 8.1709613012, 21.4349984627, 26.5523413474, 12.2085419862, 10.2425934363, 15.0600979457, 13.5754901667, 3.4409863403, 8.2643152096, 9.0358386232, 13.4208319295, 33.7315935748, 5.4211960595, 37.0810231166, 7.2935392547, 2.0526058168, 16.0314189834, 3.5568572217, 8.2211374927, 5.2808274891, 9.5757474342, 20.4280033961, 22.2255346573, 15.6151543494, 8.7526722369, 14.0952284548, 6.57926276, 42.1383557618, 0.64002155233, 2.1554372507, 71.9559008848, 5.5538279202, 7.420270772, 63.4365291772, 5.6848186484],
      [293.3193484983, 41.6463962308, 207.3570145168, 26.8843847731, 259.6503423825, 231.983335966, 533.9693758482, 139.1121676226, 360.8450489207, 102.8931733702, 494.2589750146, 82.1859857614, 503.4211378351, 435.0417164594, 235.9579811003, 265.8526322803, 218.6318249971, 171.5875265537, 78.8417460751, 121.7702413135, 135.6599241602, 150.4324788144, 358.5933186025, 102.0525987928, 300.9962384407, 86.34704216, 9.5926518946, 146.267923462, 77.2795680257, 130.9997636614, 68.9013100083, 90.8180187826, 269.5814351631, 230.9291941988, 180.9822298784, 150.9935723996, 145.5391571035, 97.515515345, 665.2644993839, 4.9361352504, 16.46530704, 1207.6783917478, 113.7960973655, 120.2809179519, 557.5773580532, 129.1102800279],
      [52.1400151531, 4.8579188201, 21.8814987244, 1.1950253588, 26.6925892544, 37.335016049, 101.9741963563, 12.8702476477, 47.1838162505, 19.0478162382, 51.4381508517, 11.8309359511, 50.2787103837, 34.7368391523, 27.7532946632, 39.3548940188, 27.4904829662, 22.152986279, 13.878409684, 22.7216749482, 14.2733797114, 18.5593508576, 71.4809172834, 13.6123408824, 68.8716863049, 10.3231508797, 0.87574461436, 44.0832346135, 32.0376091782, 33.3158876231, 18.1441265224, 46.933292229, 87.168522162, 72.6901459282, 38.6145511347, 25.1186780597, 24.6841917021, 14.5774633926, 84.255177253, 2.3564994124, 0.75627684887, 175.5077267698, 16.5318146022, 15.9479056035, 105.3726479109, 18.5501269972],
      [9.9357849476, 1.8534901262, 4.2461727611, 0.27758007208, 8.0430498651, 9.5140220782, 20.444438814, 2.5725639712, 10.4105504903, 3.2378627437, 11.1548868674, 2.359325116, 12.6308198668, 10.2448878472, 7.1939906548, 8.5788652829, 5.668003374, 5.719278224, 4.3347533476, 4.9988784118, 3.1785334677, 2.7887761134, 10.1528142763, 1.6385261126, 9.5933560032, 2.1871317432, 0.42769597485, 6.6743943871, 2.4581990017, 5.1345024621, 2.4980608131, 4.7169590556, 9.2445287811, 9.6603397328, 6.045197753, 3.3260839837, 5.9591901655, 2.6683484425, 14.8794716389, 0.05555720247, 0.24516828124, 37.6754437747, 2.3607445302, 1.760567632, 13.7578672488, 2.7510775531]
    ],
    [
      [7.6684539042, 1.5241817902, 7.1655974842, 0.69645376427, 1.8249824934, 2.5266577574, 5.1833647902, 6.6106947805, 15.6936563513, 1.7770152543, 9.7882677319, 2.7290062513, 8.4037494479, 9.6257123834, 6.3263755175, 5.2501807487, 8.6983600972, 9.2355871279, 6.9039149763, 7.0436283945, 4.6065549406, 11.1015536705, 14.0908766807, 3.4729190871, 5.0202374777, 0.89849949089, 0.20442668893, 11.8969954295, 3.8039831584, 15.1157520528, 4.3260527744, 7.040103259, 8.6330030036, 12.0645637323, 12.0611801769, 5.4900770718, 7.9865362295, 7.1827178591, 23.3931588914, 0, 0.7332087696, 50.0084442484, 1.4406586735, 6.5726478566, 10.9816794694, 0.83104697965],
      [0.030073898248, 0.0048408119047, 0.036767040187, 0.0044777305261, 0.017258107862, 0.035583058238, 0.042692330687, 0.043651296469, 0.053924181529, 0.0069863792934, 0.051247960832, 0.014589714331, 0.034325817576, 0.047827037964, 0.022656346464, 0.013933102515, 0.029763105832, 0.07358925891, 0.015641234682, 0.041702133494, 0.03374766793, 0.12385660498, 0.079106040471, 0.013142195513, 0.067504516583, 0.017904070198, 0.017621384294, 0.055867627278, 0.0085501813597, 0.025388357539, 0.02429404168, 0.022490204458, 0.038971954252, 0.065990268128, 0.056493909043, 0.019108617841, 0.045399143125, 0.023293798737, 0.094207680812, 0, 0.007252474616, 0.26228195916, 0.0066853540992, 0.031317760773, 0.10291834928, 0.0057825016151],
      [2.0338138338, 0.50171033604, 2.840151257, 0.92417399155, 1.4264512521, 0.97996958239, 1.7068904499, 3.4418312925, 3.3830590984, 0.57687468555, 3.3944484545, 0.58105555785, 3.2235576123, 3.133165609, 1.746652982, 1.4419548263, 1.7238982741, 3.6996929677, 1.4117429366, 2.4371038412, 2.0113894064, 5.5200906358, 3.3600851826, 0.97614750357, 2.1880740035, 0.83496963767, 0.29463067832, 2.0320812785, 0.73438439079, 1.6100651569, 1.2486995164, 0.8486726686, 2.0546919934, 2.7373173886, 2.6114601255, 1.3095654795, 1.8685735892, 1.3640653136, 5.9523231607, 0, 0.20517370779, 17.631978499, 0.54112586044, 2.0107075698, 3.6194653933, 0.51892519579],
      [29.8691344395, 5.1446606622, 24.9210039367, 3.9939594656, 12.186009177, 13.0564735037, 26.8011629723, 26.6604110892, 36.4754224031, 8.9968389189, 29.1051600502, 7.0822974777, 26.5289673833, 20.627580063, 17.0437860681, 17.6713387504, 17.9866192865, 39.6724781572, 20.9147603737, 37.958642103, 17.6885723917, 56.6654655605, 55.1657911376, 10.9834049516, 41.2996720928, 8.4952406961, 2.8913722864, 50.7750958632, 25.6287201281, 34.0387798275, 27.7920897772, 36.5432802365, 54.822811034, 71.1463550021, 46.2229214628, 18.1693216897, 26.4141618025, 17.11182974, 61.9453230171, 0, 0.92862922676, 210.0628892018, 6.6154563281, 22.3478396879, 56.2002584619, 6.2548140381],
      [2.3985239241, 0.82460639971, 2.0364802818, 0.38093504802, 1.5452989697, 1.4013160983, 2.2658894569, 2.2434115414, 3.3939379657, 0.64228476192, 2.6608758025, 0.59305099883, 2.809399739, 2.5657149067, 1.860529086, 1.6225925721, 1.5613592364, 4.3186524882, 2.7539404788, 3.5189235278, 1.6597355934, 3.5890335282, 3.3041409587, 0.55438626213, 2.4245119094, 0.75338610515, 0.59194896205, 3.2399598014, 0.82436214132, 2.2100146052, 1.6088638904, 1.5454536314, 2.4505220148, 3.9857736089, 3.0479443258, 1.0119271413, 2.6853292356, 1.3180932886, 4.61498725, 0, 0.12573582123, 19.0344060917, 0.39607378378, 1.037487125, 3.0956783262, 0.38943128485]
    ],
    [
      [6.9237911662, 1.3785425075, 4.2354216701, 0.13848578789, 0.97773678358, 3.4815693845, 8.1888841321, 3.7204262334, 14.003402779, 2.3276777989, 8.6979818727, 2.9033862876, 5.5067940352, 9.5171903195, 5.6149471881, 6.0364202416, 5.9844866515, 5.5801134159, 4.6015117932, 3.3003859476, 5.3699468143, 5.3556342505, 10.0814469262, 2.1348213512, 4.1581998357, 0.77458118167, 0.056378065325, 8.2212827148, 2.4655998425, 12.3471852042, 1.6317953979, 4.9568096989, 7.355158866, 6.021375072, 6.2099992344, 4.0546947501, 4.7241297515, 5.1988454674, 17.2484987959, 0, 0.43228578805, 28.3948462693, 2.0233932262, 3.8833141714, 15.6938685117, 1.7451194267],
      [0.73073946893, 0.1195343512, 0.58600655007, 0.024820786877, 0.24918997757, 1.3206824446, 1.8131135845, 0.662883338, 1.2952527037, 0.24694550437, 1.2258969503, 0.42161004497, 0.60549500222, 1.2741746542, 0.54248695721, 0.43147455041, 0.5528341116, 1.1974350717, 0.28130386622, 0.52616209351, 1.0615560017, 1.6089483061, 1.5218502099, 0.21857998955, 1.5026761282, 0.41665713637, 0.13651626053, 1.0387462077, 0.14894686809, 0.55862767824, 0.24684114647, 0.42586544195, 0.89229467946, 0.88529598422, 0.78316080221, 0.38062455547, 0.72460876928, 0.45563045951, 1.867792977, 0, 0.1290588656, 4.0005460766, 0.25357492182, 0.49934989871, 3.952449584, 0.32694945281],
      [6.4920804706, 1.633015559, 5.9487024023, 0.68024895862, 2.706264994, 4.778076544, 9.521518736, 6.8726270002, 10.6744228145, 2.6810199749, 10.6643746136, 2.206001217, 7.4695659419, 10.9641436917, 5.4946070812, 5.8677119845, 4.2061833531, 7.9117947877, 3.3394290349, 4.0417754829, 8.3162393977, 9.4241548098, 8.4912938725, 2.1357179498, 6.3984803207, 2.5568076208, 0.30076039546, 4.9622866789, 1.6819597901, 4.6542632688, 1.6681659969, 2.1103457817, 6.1791777343, 4.8234916444, 4.7552350834, 3.4284208181, 3.9168793598, 3.5086262241, 15.5004396386, 0, 0.48162522948, 35.3218106389, 2.6999422695, 4.2153673919, 18.2571237698, 3.8604322434],
      [28.8030487695, 5.0113027876, 15.7451614213, 0.85349049199, 6.969432918, 19.2159027176, 45.1928040731, 16.0361967942, 34.7754062351, 12.5976779712, 27.6253495406, 8.0919397366, 18.5697232174, 21.802120754, 16.1788459889, 21.713661124, 13.2454133764, 25.6046338503, 14.9210506425, 18.994411493, 22.0446223668, 29.1853384184, 42.13883564, 7.2353314786, 36.492871857, 7.8046579722, 0.85125321782, 37.4653251286, 17.7182041626, 29.726134034, 11.1925083141, 27.4664246159, 49.8364023795, 37.8932495926, 25.418306252, 14.3517539572, 16.7047664143, 13.2691486167, 48.767366491, 0, 0.63433195277, 127.2720181525, 9.9394419907, 14.1206278308, 85.7111807181, 14.0157589988],
