{
  "Z_true": {},
  "V_true": [
    [691, 21, 59, 428, 44],
    [39, 1340, 757, 491, 31],
    [89, 495, 4528, 340, 225],
    [527, 600, 295, 18832, 673],
    [214, 222, 672, 401, 137],
    [54, 154, 142, 602, 259]
  ],
  "p_true": [
    [0.5559, 0.0169, 0.0475, 0.3443, 0.0354],
    [0.0147, 0.5041, 0.2848, 0.1847, 0.0117],
    [0.0157, 0.0872, 0.7976, 0.0599, 0.0396],
    [0.0252, 0.0287, 0.0141, 0.8999, 0.0322],
    [0.13, 0.1349, 0.4083, 0.2436, 0.0832],
    [0.0446, 0.1272, 0.1173, 0.4971, 0.2139]
  ],
  "Z_est": [
    [
      [2.5901, 0, 0, 37.1513, 13.0563, 42.762, 29.2896, 40.632, 28.1326, 27.963, 32.3469, 0, 0, 4.5692, 5.9345, 6.8851, 31.672, 30.3867, 34.2495, 12.4109, 10.1565, 2.5347, 19.2557, 0.679, 0, 0.8829, 19.7822, 16.5067, 0, 7.1763, 1.3361, 40.5877, 47.1076, 49.6464, 30.8483, 0, 71.6019, 2.7878, 8.5345, 11.6926, 1.6023, 37.2558, 1.5846],
      [0.2238, 0, 0, 1.0485, 0.586, 2.5293, 2.0048, 1.9437, 1.4059, 1.776, 1.6915, 0.0232, 0, 0.1734, 0.5457, 0.1176, 1.148, 1.4857, 1.3443, 0.4298, 1.1125, 0.2174, 1.0458, 0.1403, 0.5683, 0.4106, 0.7968, 0.7083, 0.2205, 0.6584, 0.1329, 1.6847, 2.6841, 2.7839, 1.2025, 0, 3.4112, 0.1104, 0.4426, 0.5838, 0.0272, 2.7835, 0.2067],
      [0.0953, 0, 0, 0.4582, 0.134, 0.6341, 0.5471, 0.398, 0.6989, 0.5216, 0.521, 0.3187, 0, 0.1439, 0.1776, 0.1516, 0.5272, 0.6357, 0.4074, 0.3148, 0.2273, 0.1753, 0.2786, 0.0022, 0.0063, 0.0631, 0.2191, 0.208, 0.0738, 0.23, 0.1856, 0.5828, 1.0524, 0.8432, 0.5801, 0, 1.3234, 0.0265, 0.1822, 0.4338, 0.0091, 0.77, 0.0756],
      [2.0875, 0, 0, 16.3212, 7.2134, 25.0543, 22.1425, 19.0101, 21.729, 15.7192, 16.4267, 0.6456, 0, 2.1093, 4.3362, 2.8402, 10.6354, 15.4677, 10.9871, 7.8324, 8.4931, 3.0664, 11.4062, 0.1782, 2.4227, 1.6416, 10.1923, 6.5665, 0.6999, 5.9281, 1.3453, 20.1296, 28.1369, 22.7112, 15.3476, 0, 51.5989, 1.0749, 4.8334, 6.284, 0.3611, 21.1619, 2.1318],
      [0.0033, 0, 0, 0.0208, 0.0104, 0.0202, 0.0161, 0.0162, 0.0337, 0.0202, 0.014, 0.0126, 0, 0.0043, 0.006, 0.0055, 0.0175, 0.0242, 0.0116, 0.0121, 0.0106, 0.0062, 0.0136, 0.0003, 0.0026, 0.0019, 0.0096, 0.0105, 0.0057, 0.0072, 0, 0.0152, 0.019, 0.0153, 0.0214, 0, 0.0646, 0.0004, 0.0075, 0.0058, 0.0002, 0.0287, 0.0014]
    ],
    [
      [0.0345, 0.1853, 0.5168, 0.3258, 0.085, 0.2706, 0.2328, 0.2823, 0.194, 0.1337, 0.1829, 0, 0.1619, 0.0733, 0.0647, 0.0573, 0.1747, 0.2415, 0.1603, 0.1123, 0.0399, 0.0089, 0.201, 0.0007, 0, 0.0007, 0.2101, 0.1129, 0, 0.0373, 0.0027, 0.3475, 0.3326, 0.4007, 0.1115, 0, 0.3947, 0.0248, 0.0377, 0.0605, 0.1519, 0.3473, 0.0162],
      [19.5122, 6.31, 5.5596, 51.311, 21.9232, 87.5987, 90.2867, 75.5755, 54.8264, 48.6283, 52.9089, 3.7633, 2.4566, 15.9426, 36.3026, 6.3646, 38.8263, 65.3168, 38.1079, 26.3263, 28.341, 9.7534, 60.0581, 0.9658, 2.4154, 8.9245, 46.6271, 29.4158, 2.4481, 21.3276, 4.8939, 79.4113, 104.8408, 125.2377, 25.5739, 0.8726, 104.427, 6.0516, 11.8605, 17.2835, 15.3393, 141.6287, 38.1935],
      [2.3773, 0.1855, 0.8847, 7.5487, 1.5818, 7.2717, 7.9542, 4.9848, 8.6661, 4.439, 5.2837, 1.2829, 0.3324, 4.0214, 4.547, 2.1129, 5.4418, 8.952, 3.7724, 5.967, 1.9301, 2.3455, 5.5057, 0.003, 0.0576, 0.4495, 4.2967, 2.7716, 0.3389, 1.9631, 0.6327, 8.8549, 13.3873, 11.9139, 4.0932, 0.8381, 13.1551, 0.3932, 1.4705, 3.9535, 1.3369, 12.8704, 4.8523],
      [8.0031, 1.3101, 3, 38.5242, 12.2903, 41.6488, 47.3164, 34.9774, 39.9458, 19.6576, 24.4946, 4.8677, 2.0238, 8.8585, 13.9636, 6.4136, 16.4019, 32.1894, 14.868, 19.4241, 10.6147, 5.8289, 32.001, 0.0304, 1.5174, 1.6114, 28.7072, 12.5786, 1.195, 8.6163, 2.4707, 45.1684, 52.1982, 48.2452, 15.1003, 1.2429, 75.4762, 2.5251, 5.5858, 8.6475, 8.129, 51.7448, 17.8907],
      [0.0728, 0.0091, 0.0389, 0.2903, 0.1197, 0.2102, 0.2099, 0.1801, 0.3677, 0.1414, 0.13, 0.0862, 0.0253, 0.1042, 0.1221, 0.0517, 0.1552, 0.3003, 0.0914, 0.1703, 0.0743, 0.0632, 0.2342, 0.0001, 0.0096, 0.0138, 0.1589, 0.1212, 0.0181, 0.0556, 0, 0.2179, 0.241, 0.2025, 0.1212, 0.0464, 0.5471, 0.0053, 0.0455, 0.0552, 0.0429, 0.4088, 0.0473]
    ],
    [
      [0.1246, 0.0835, 0.1597, 2.2272, 0.8918, 1.5834, 1.1275, 1.9126, 1.1673, 1.008, 0.7919, 0, 0.1811, 0.421, 0.5609, 0.254, 1.8996, 2.2938, 1.0378, 0.1334, 0.1653, 0.017, 1.2206, 0.4233, 0, 0.0068, 1.3475, 0.3911, 0, 0.5061, 0.0917, 1.9157, 1.3252, 1.8746, 1.1112, 0, 2.254, 0.167, 0.2395, 0.5132, 0.388, 2.1095, 0.0529],
      [1.1506, 1.0735, 0.3707, 6.0852, 3.8679, 8.9523, 7.4656, 8.7994, 5.7263, 6.1557, 3.9969, 0.0282, 0.1525, 1.3148, 5.7714, 0.3513, 7.3758, 10.643, 4.218, 0.4584, 1.8798, 0.2471, 6.3745, 2.7807, 0.5478, 0.9734, 5.2176, 1.6824, 0.5292, 5.0263, 0.2441, 7.6165, 7.2198, 10.085, 4.1597, 0.0051, 10.3833, 0.6974, 1.2233, 2.3577, 2.1572, 14.9377, 1.0023],
      [39.229, 11.3511, 19.4959, 232.3525, 73.8824, 191.5332, 169.8536, 150.3634, 234.653, 146.2834, 103.3854, 3.9995, 12.1217, 95.2699, 183.0321, 41.2561, 275.2469, 376.3574, 109.1809, 28.5207, 34.7501, 17.4313, 151.1878, 8.1654, 4.1425, 16.8958, 125.1877, 42.8672, 27.5803, 126.0628, 10.5128, 218.7591, 237.4512, 246.0579, 176.804, 4.9268, 334.2162, 14.068, 41.3656, 143.555, 52.3549, 348.9034, 34.5341],
      [0.7227, 0.492, 0.4786, 7.1882, 3.4415, 6.3247, 5.496, 5.8752, 6.5878, 4.1658, 2.7558, 0.2181, 0.2361, 1.2903, 3.4814, 0.6517, 5.206, 7.6663, 2.4334, 0.8599, 0.9765, 0.1824, 4.8849, 0.8437, 0.4219, 0.3187, 4.6835, 0.997, 0.7921, 3.1366, 0.1514, 6.3178, 5.0615, 6.2836, 3.9075, 0.3066, 12.3251, 0.3621, 0.8411, 1.7516, 1.768, 8.411, 0.9558],
      [2.7731, 0.9999, 2.495, 24.147, 17.9164, 15.6065, 13.0573, 15.0494, 27.8657, 12.3871, 7.07, 0.7542, 2.3086, 6.7039, 13.1542, 2.487, 21.2717, 35.0396, 7.13, 2.0276, 3.2283, 1.1221, 17.3321, 0.7869, 0.8878, 0.8053, 12.5637, 5.0623, 4.0983, 9.2681, 0, 15.3909, 12.9423, 13.6989, 14.0176, 0.7615, 37.8214, 0.7055, 3.3305, 5.8225, 4.3319, 29.6383, 1.4549]
    ],
    [
      [2.9304, 1.6573, 4.856, 46.988, 16.0798, 29.9589, 28.222, 36.9672, 28.4107, 24.304, 23.9037, 0, 1.2289, 5.4596, 7.1464, 4.6007, 33.4813, 31.4374, 24.3664, 6.8395, 5.1855, 1.2435, 25.1406, 0.8815, 0, 0.0827, 23.461, 10.3716, 0, 5.9747, 0.4639, 41.7132, 36.0151, 40.0318, 21.0346, 0, 53.5039, 3.3375, 8.1274, 8.3653, 5.9737, 42.5279, 2.1078],
      [5.448, 3.9884, 1.7395, 25.3223, 14.5582, 34.9939, 38.8716, 35.0783, 27.6233, 30.2666, 24.8367, 0.1371, 0.21, 4.0914, 13.6601, 1.1881, 24.8623, 30.3843, 19.8067, 4.5935, 12.0018, 2.942, 27.1524, 0.6678, 0.5573, 2.7314, 18.789, 9.1738, 1.4438, 11.4309, 1.3383, 34.2861, 40.6733, 44.0137, 16.1529, 0.0724, 49.6628, 2.9082, 8.6114, 8.3966, 6.9277, 61.694, 7.6781],
      [3.4761, 0.7732, 1.7903, 20.4135, 6.3222, 14.6875, 17.213, 11.0313, 24.1012, 14.6031, 12.8128, 0.6751, 0.3817, 5.4557, 8.8006, 3.0998, 18.3312, 21.2264, 10.3116, 5.8297, 4.3512, 3.4915, 12.5458, 0.67, 0.0814, 0.9007, 8.4548, 4.563, 1.2604, 5.6132, 1.1087, 19.6129, 26.8359, 22.4339, 13.7648, 0.8742, 33.094, 0.9872, 5.5238, 9.9391, 3.2565, 29.2927, 5.3574],
      [117.2456, 53.7678, 57.6092, 993.551, 418.6263, 826.5199, 1008.3949, 810.3999, 1043.305, 633.0695, 571.0494, 34.7352, 15.8033, 121.9442, 259.5208, 91.7052, 542.3737, 747.7132, 386.6299, 209.898, 228.0094, 95.3186, 715.3967, 16.6238, 29.4144, 29.3177, 574.31, 201.7493, 41.2667, 239.5414, 36.0891, 966.2577, 1008.1419, 852.5358, 499.4039, 17.3116, 1820.0939, 62.6742, 214.2066, 214.2476, 182.7037, 1131.0991, 196.2874],
      [5.8999, 1.8132, 5.005, 46.7252, 26.4135, 26.8397, 29.2984, 26.5233, 60.5598, 27.7568, 19.3974, 3.4526, 1.3762, 9.049, 13.8721, 4.4062, 31.9514, 44.2387, 14.8853, 9.8394, 9.4521, 6.0043, 32.7645, 0.157, 0.9468, 0.9674, 19.9852, 12.1423, 4.0291, 9.4398, 0, 30.1302, 31.3337, 25.9848, 24.6438, 3.7418, 82.6454, 1.0928, 10.5308, 9.0515, 6.1384, 55.3862, 4.5693]
    ],
    [
      [0.2934, 0.0673, 0.451, 4.8919, 1.786, 5.0973, 3.9611, 7.9191, 2.8589, 5.3925, 4.6117, 0, 0.4199, 1.4261, 2.1935, 1.1574, 5.5886, 6.376, 3.0671, 0.4444, 0.4234, 0.1884, 3.0032, 0, 0, 0.0259, 2.9906, 1.5638, 0, 1.2476, 0.1056, 5.207, 4.9719, 9.7531, 2.79, 0, 12.9041, 0.6628, 0.9931, 1.2918, 1.8297, 4.452, 0.2206],
      [0.8798, 0.3265, 0.2343, 4.5308, 2.6501, 9.8312, 8.8117, 12.354, 4.6858, 11.2573, 7.9258, 0, 0.1505, 1.8674, 6.727, 0.7181, 6.6178, 10.171, 3.9674, 0.5275, 1.597, 0.5864, 5.3424, 0, 0.83, 0.5047, 3.952, 2.2582, 0.1645, 3.8266, 0.3908, 7.0393, 9.233, 17.8159, 3.5882, 0.0413, 20.0498, 0.9635, 1.7417, 2.1794, 3.5438, 10.8577, 0.9686],
      [2.954, 0.2866, 1.1378, 17.3691, 5.0978, 21.4637, 20.4121, 21.4672, 19.294, 27.3188, 20.8769, 0, 0.9183, 12.8828, 21.4411, 6.8116, 25.4332, 36.7361, 10.3822, 3.3372, 2.9024, 4.0293, 12.8417, 0, 0.6158, 0.7259, 9.5599, 5.7536, 0.484, 9.7126, 1.5602, 20.5466, 30.9944, 44.3629, 15.4906, 2.9402, 65.8973, 1.7948, 5.9244, 13.3655, 8.469, 25.5913, 3.415],
      [2.8101, 0.3106, 1.1326, 25.6818, 12.1208, 38.1069, 37.3669, 45.6412, 25.5026, 36.3556, 29.1732, 0, 1.4569, 8.56, 20.1876, 6.1883, 23.791, 40.7333, 12.3853, 2.6176, 3.9958, 3.1168, 22.3855, 0, 3.5044, 0.7324, 19.2184, 8.2258, 0.3325, 13.0052, 1.9435, 31.7911, 37.3197, 53.37, 17.7732, 0.9372, 110.9866, 3.5533, 7.1994, 9.0075, 13.9477, 29.4667, 3.3528],
      [0.0627, 0.0089, 0.0442, 0.5263, 0.3453, 0.5009, 0.4481, 0.6186, 0.6586, 0.6758, 0.4124, 0, 0.0544, 0.2637, 0.4507, 0.1246, 0.5694, 0.9836, 0.198, 0.0732, 0.0815, 0.0791, 0.4273, 0, 0.0498, 0.0111, 0.2791, 0.1986, 0.019, 0.208, 0, 0.416, 0.481, 0.6982, 0.358, 0.0813, 2.1622, 0.0256, 0.1414, 0.1557, 0.2098, 0.6323, 0.043]
    ],
    [
      [0.027, 0.0066, 0.0165, 0.4158, 0.1011, 0.3278, 0.1671, 0.2869, 0.2365, 0.1988, 0.163, 0, 0.0082, 0.0507, 0.1, 0.0456, 0.1837, 0.2647, 0.1189, 0.0595, 0.0294, 0.0074, 0.1789, 0.0156, 0, 0.0011, 0.2087, 0.054, 0, 0.058, 0, 0.2289, 0.2475, 0.2934, 0.1044, 0, 0.3414, 0.0202, 0.0679, 0.0766, 0.0543, 0.3074, 0.0179],
      [0.7856, 0.3016, 0.096, 3.7022, 1.4145, 6.0945, 3.5595, 4.2491, 3.7323, 3.9161, 2.6401, 0.0482, 0.0304, 0.6104, 2.9931, 0.2603, 2.1698, 3.9991, 1.5556, 0.6646, 1.068, 0.2537, 3.0268, 0.4454, 0.0812, 0.4554, 2.6174, 0.7615, 0.1938, 1.7301, 0, 2.9621, 4.3489, 5.0638, 1.3228, 0.0086, 5.0659, 0.2689, 1.1205, 1.1991, 1.0047, 7.0984, 0.9508],
      [3.8683, 0.4036, 0.6912, 20.858, 3.9819, 19.4099, 12.0199, 10.7554, 22.5868, 13.8341, 10.1203, 0.7238, 0.2459, 6.2263, 14.0016, 3.568, 12.0198, 21.0924, 5.9455, 6.0307, 2.8388, 2.5271, 10.6403, 0.1594, 0.0963, 0.9648, 9.2817, 2.8367, 1.2627, 6.4183, 0, 12.6437, 21.2788, 18.3881, 8.2673, 0.4207, 24.314, 0.7303, 5.5336, 10.7531, 3.5735, 24.5721, 4.7656],
      [5.131, 1.1195, 0.7795, 40.7336, 12.3077, 41.3453, 27.2834, 29.0961, 39.9299, 24.0323, 18.1004, 1.5335, 0.4799, 5.2378, 16.5104, 4.2012, 13.592, 29.23, 8.6963, 8.368, 5.9105, 2.4868, 23.9257, 1.3239, 0.7192, 1.3782, 23.8886, 4.8827, 1.7138, 10.7725, 0, 24.3355, 32.1418, 28.8543, 11.4676, 0.2018, 53.5194, 1.8102, 8.3337, 9.0618, 8.0905, 38.1165, 7.3815],
      [1.1881, 0.1688, 0.4168, 9.2904, 4.1948, 6.8225, 3.9701, 4.6125, 11.5145, 5.0186, 2.9762, 0.6944, 0.2356, 1.8748, 4.3948, 0.9249, 4.0347, 8.4137, 1.6836, 1.8773, 1.1532, 0.725, 5.2283, 0.0557, 0.1033, 0.2005, 4.0036, 1.465, 0.8297, 2.0212, 0, 3.8298, 4.983, 4.4003, 2.838, 0.369, 11.7593, 0.1704, 1.9443, 1.9094, 1.2769, 8.9056, 0.8842]
    ]
  ],
  "V_est": [
    [761.5912, 40.4097, 14.2335, 426.2693, 0.4963],
    [6.329, 1633.7386, 185.0209, 827.3044, 5.6072],
    [33.9793, 171.3057, 4915.1477, 131.2518, 425.3155],
    [694.3814, 710.9662, 415.3492, 18315.8628, 790.4403],
    [112.628, 191.7089, 562.598, 765.2875, 13.7776],
    [5.0911, 83.8709, 360.6507, 628.0242, 133.3631]
  ],
  "p_est": [
    [0.6127, 0.0325, 0.0115, 0.3429, 0.0004],
    [0.0024, 0.6146, 0.0696, 0.3113, 0.0021],
    [0.006, 0.0302, 0.8658, 0.0231, 0.0749],
    [0.0332, 0.034, 0.0198, 0.8752, 0.0378],
    [0.0684, 0.1165, 0.3418, 0.4649, 0.0084],
    [0.0042, 0.0693, 0.2978, 0.5186, 0.1101]
  ],
  "EI_Z": {},
  "EI_V": 7.2915,
  "MAE_Z": {},
  "MAE_V": 162.1738,
  "MAE_p": 0.0574,
  "runtime": 0.29
}
