{
  "X": [
    [6, 28, 52, 136, 10],
    [2, 12, 13, 57, 3],
    [6, 8, 24, 63, 8],
    [92, 92, 299, 1122, 81],
    [32, 45, 91, 466, 49],
    [80, 150, 255, 979, 50],
    [63, 151, 228, 1148, 47],
    [88, 138, 199, 945, 47],
    [61, 98, 310, 1177, 101],
    [59, 102, 207, 733, 46],
    [62, 94, 153, 662, 30],
    [0, 4, 7, 42, 5],
    [2, 3, 14, 20, 4],
    [12, 24, 124, 148, 18],
    [16, 66, 232, 318, 32],
    [13, 9, 57, 112, 8],
    [73, 81, 337, 612, 58],
    [71, 122, 465, 873, 89],
    [63, 69, 140, 436, 24],
    [20, 33, 50, 249, 14],
    [16, 46, 47, 258, 14],
    [4, 14, 30, 110, 8],
    [49, 103, 193, 810, 56],
    [2, 5, 9, 19, 1],
    [0, 5, 5, 38, 2],
    [1, 14, 20, 35, 2],
    [48, 78, 157, 661, 37],
    [29, 44, 59, 235, 19],
    [0, 5, 31, 46, 9],
    [15, 44, 150, 281, 21],
    [2, 7, 14, 42, 0],
    [90, 133, 281, 1094, 50],
    [90, 169, 331, 1163, 50],
    [102, 205, 344, 1012, 45],
    [56, 52, 219, 563, 42],
    [0, 1, 10, 20, 5],
    [141, 193, 472, 2124, 135],
    [7, 11, 18, 72, 2],
    [18, 25, 60, 241, 16],
    [22, 32, 182, 249, 17],
    [10, 29, 69, 215, 12],
    [87, 239, 442, 1280, 95],
    [4, 49, 53, 228, 7]
  ],
  "W": [
    [5, 30, 44, 135, 7, 11],
    [0, 8, 14, 62, 1, 2],
    [0, 10, 23, 71, 3, 2],
    [55, 98, 272, 1133, 53, 75],
    [21, 36, 100, 482, 22, 22],
    [71, 137, 224, 933, 75, 74],
    [54, 146, 197, 1122, 71, 47],
    [62, 116, 182, 920, 88, 49],
    [52, 104, 276, 1184, 53, 78],
    [46, 73, 170, 730, 81, 47],
    [51, 83, 118, 652, 63, 34],
    [1, 10, 5, 39, 0, 3],
    [0, 5, 15, 19, 3, 1],
    [7, 29, 105, 146, 25, 14],
    [11, 55, 206, 303, 51, 38],
    [10, 15, 45, 105, 15, 9],
    [44, 61, 311, 651, 62, 32],
    [48, 107, 432, 875, 95, 63],
    [47, 57, 124, 456, 30, 18],
    [21, 52, 32, 237, 7, 17],
    [20, 41, 41, 259, 9, 11],
    [6, 18, 19, 109, 8, 6],
    [32, 98, 181, 813, 44, 43],
    [1, 1, 13, 19, 0, 2],
    [3, 4, 6, 31, 5, 1],
    [3, 11, 19, 34, 2, 3],
    [31, 80, 149, 645, 36, 40],
    [24, 45, 51, 238, 18, 10],
    [1, 4, 33, 48, 1, 4],
    [14, 32, 144, 272, 28, 21],
    [3, 8, 11, 39, 4, 0],
    [63, 134, 250, 1092, 65, 44],
    [79, 171, 264, 1143, 83, 63],
    [76, 186, 278, 985, 126, 57],
    [48, 45, 200, 575, 40, 24],
    [0, 3, 6, 22, 4, 1],
    [128, 194, 397, 2039, 212, 95],
    [4, 9, 16, 71, 7, 3],
    [14, 19, 47, 247, 16, 17],
    [19, 30, 154, 250, 26, 23],
    [2, 25, 61, 205, 28, 14],
    [62, 207, 404, 1320, 71, 79],
    [4, 61, 38, 216, 8, 14]
  ],
  "method": "mvn_cdf",
  "mvncdf_method": "genz",
  "mvncdf_samples": 5000,
  "mvncdf_error": 0.001,
  "cond_prob": [
    [
      [0.51802258052, 0.04475203254, 0.019063817034, 0.41749561656, 0.00066595334582],
      [0.001151065682, 0.65040736651, 0.07924417444, 0.26676978465, 0.0024276087147],
      [0.0028314083576, 0.026150605718, 0.89156711267, 0.016425180078, 0.06302569318],
      [0.021706364076, 0.040355604935, 0.025748810831, 0.86848629069, 0.043702929465],
      [0.041918191466, 0.1256889238, 0.42199803475, 0.40144107386, 0.0089537761335],
      [0.002453333521, 0.071414823414, 0.35166609263, 0.46645306306, 0.10801268738]
    ],
    [
      ["NaN", "NaN", "NaN", "NaN", "NaN"],
      [0.023156594263, 0.78874663583, 0.023191541122, 0.16376347628, 0.0011417525028],
      [0.0059644003374, 0.076681612755, 0.81079152024, 0.035139534255, 0.071422932414],
      [0.026731276391, 0.064329326715, 0.012470847081, 0.86722313662, 0.029245413189],
      [0.067311137371, 0.32651291337, 0.28663108456, 0.31062231324, 0.0089225514683],
      [0.0032976837964, 0.15077658254, 0.20178139204, 0.55974096313, 0.084403378485]
    ],
    [
      ["NaN", "NaN", "NaN", "NaN", "NaN"],
      [0.051680784665, 0.55595889942, 0.088466923412, 0.30000229173, 0.0038911007777],
      [0.0069442825805, 0.016117071635, 0.84764963489, 0.020809917071, 0.10847909382],
      [0.06839408891, 0.02449930965, 0.025215887291, 0.81139786961, 0.070492844541],
      [0.15034504936, 0.078088327327, 0.37927762557, 0.37754390388, 0.014745093859],
      [0.0082290966728, 0.04800119553, 0.34561414448, 0.38973426814, 0.20842129518]
    ],
    [
      [0.67547897561, 0.019063113595, 0.0083306820377, 0.29674901828, 0.00037821047763],
      [0.0033241390671, 0.52358213493, 0.077027337515, 0.39310391002, 0.0029624784705],
      [0.0081880639697, 0.022371955548, 0.85423697346, 0.026427323069, 0.088775683952],
      [0.041472223682, 0.022349767384, 0.018017223772, 0.87692054338, 0.041240241782],
      [0.092300101177, 0.085487732394, 0.32771951739, 0.48456212938, 0.0099305196592],
      [0.0055440335824, 0.049362284762, 0.27810703567, 0.54311493908, 0.12387170691]
    ],
    [
      [0.62172689844, 0.027905688574, 0.0063797998672, 0.34349394726, 0.00049366586518],
      [0.0023610776006, 0.60897913482, 0.04393750347, 0.34139841792, 0.0033238661887],
      [0.0089176247834, 0.038679230577, 0.73882394325, 0.034414966432, 0.17916423496],
      [0.033360663984, 0.03020364115, 0.013116619489, 0.86851936357, 0.054799711811],
      [0.081181794084, 0.12046110887, 0.23171838925, 0.55094376926, 0.015694938545],
      [0.0045970159513, 0.064295872706, 0.18099384526, 0.55944051164, 0.19067275444]
    ],
    [
      [0.60228177123, 0.035624358668, 0.0089316468711, 0.35287809355, 0.00028412967995],
      [0.0019748917304, 0.63940676376, 0.053077991465, 0.30400568774, 0.0015346653],
      [0.0070686539145, 0.039965471064, 0.85505873779, 0.02823523389, 0.069671903339],
      [0.03211034231, 0.037506884682, 0.015742193578, 0.88587345248, 0.02876712695],
      [0.067963973017, 0.13108306144, 0.28618206809, 0.50809251716, 0.0066783802985],
      [0.0044298411749, 0.082358450867, 0.26229580082, 0.5587204567, 0.092195450432]
    ],
    [
      [0.54239916322, 0.037125607572, 0.0101319764, 0.41004548287, 0.00029776993391],
      [0.0015943339398, 0.61840232531, 0.054480874419, 0.32408486414, 0.001437602194],
      [0.0057231717563, 0.037896450899, 0.86220116058, 0.027898315969, 0.066280900794],
      [0.02515330096, 0.034644945536, 0.015341365086, 0.89874770431, 0.026112684106],
      [0.055790744759, 0.12410846952, 0.28749482362, 0.52629449582, 0.006311466285],
      [0.0035544902106, 0.075735034926, 0.25574240151, 0.58049685265, 0.08447122071]
    ],
    [
      [0.65535433623, 0.031349654252, 0.0064191189451, 0.30661531134, 0.00026157923401],
      [0.0024334716128, 0.65151271612, 0.042972176818, 0.30152900538, 0.0015526300718],
      [0.010508760249, 0.048348477175, 0.8261723905, 0.032281502827, 0.082688869248],
      [0.040181727133, 0.038128617198, 0.011990524391, 0.88086950791, 0.028829623368],
      [0.08998954804, 0.14038604418, 0.24394523695, 0.51865002723, 0.0070291435979],
      [0.0058547937024, 0.086716812468, 0.21949803576, 0.59379801806, 0.094132340008]
    ],
    [
      [0.54101101976, 0.027035996936, 0.013439716998, 0.41786443408, 0.00064883222286],
      [0.0018657750345, 0.52717694807, 0.083328182963, 0.38409380192, 0.0035352920102],
      [0.0042293632104, 0.02074728702, 0.85019195515, 0.023868816607, 0.10096257801],
      [0.023995512591, 0.023330524054, 0.02035572758, 0.8811697373, 0.051148498474],
      [0.053941873046, 0.088412059943, 0.36403802492, 0.48118165163, 0.012426390466],
      [0.00303174286, 0.047849931863, 0.28957470887, 0.51192184801, 0.1476217684]
    ],
    [
      [0.60789153445, 0.038608653356, 0.011339306838, 0.3417219385, 0.00043856685298],
      [0.0018320704135, 0.66614118062, 0.060808312671, 0.26928167295, 0.0019367633475],
      [0.0059294151101, 0.036209727949, 0.86049045313, 0.024504835611, 0.072865568202],
      [0.033293135274, 0.041461122319, 0.020004235841, 0.86721848246, 0.038023024109],
      [0.066573825637, 0.13897871417, 0.33726944568, 0.44883425798, 0.0083437565365],
      [0.0042293421129, 0.083322273788, 0.2943423567, 0.51132637364, 0.10677965376]
    ],
    [
      [0.63425242055, 0.033167418178, 0.010214745413, 0.3220917122, 0.00027370365337],
      [0.0022033705623, 0.63745619635, 0.063658466192, 0.29511531696, 0.001566649938],
      [0.0067107308169, 0.033872276779, 0.87614748136, 0.023353864196, 0.059915646844],
      [0.036662140824, 0.038093167301, 0.019651521201, 0.87584262326, 0.029750547416],
      [0.073201498106, 0.1258062363, 0.33137999194, 0.46306660564, 0.0065456680193],
      [0.0047932459171, 0.077650904377, 0.29765474041, 0.53236496692, 0.087536142368]
    ],
    [
      [0, 0.023195395472, 0.31869298087, 0.64555303379, 0.012558589868],
      [0, 0.37632559072, 0.12828663821, 0.48676871599, 0.0086190550806],
      [0, 0.0056374826147, 0.79989037072, 0.043623543909, 0.15084860276],
      [0, 0.0035162275081, 0.017311277006, 0.89064499578, 0.088527499709],
      ["NaN", "NaN", "NaN", "NaN", "NaN"],
      [0, 0.016076137138, 0.24128299341, 0.51116241715, 0.2314784523]
    ],
    [
      ["NaN", "NaN", "NaN", "NaN", "NaN"],
      [0.032378272112, 0.49132429538, 0.066473840573, 0.40476332627, 0.0050602656676],
      [0.012076170246, 0.010165540095, 0.80811523011, 0.015738841559, 0.15390421799],
      [0.064678064638, 0.011051299071, 0.020087069863, 0.83175393404, 0.072429632383],
      [0.13996663449, 0.050171921175, 0.30611607967, 0.48562575932, 0.018119605347],
      [0.0081829541718, 0.030404975797, 0.24589977914, 0.47989872046, 0.23561357043]
    ],
    [
      [0.65274260412, 0.024764887863, 0.020551925022, 0.30132833406, 0.00061224893325],
      [0.002526766044, 0.54974527201, 0.13867057184, 0.30546451761, 0.003592872488],
      [0.0040098673277, 0.012521822451, 0.90733255458, 0.012288615747, 0.063847139893],
      [0.037394768519, 0.028023407929, 0.037367866567, 0.8352341767, 0.061979780288],
      [0.057044788701, 0.074697163642, 0.51531042819, 0.34239886287, 0.010548756599],
      [0.0036238260862, 0.043599635043, 0.44473589193, 0.37412604483, 0.13391460211]
    ],
    [
      [0.53949562936, 0.049607255966, 0.01614669454, 0.3942013774, 0.00054904272632],
      [0.0011761886878, 0.66004782241, 0.082672829211, 0.25388332913, 0.0022198305554],
      [0.0027229402683, 0.028016616752, 0.88850532968, 0.016899804581, 0.063855308717],
      [0.023585354248, 0.045082842478, 0.029044777818, 0.85650442252, 0.045782602939],
      [0.043010473156, 0.131902631, 0.42041324968, 0.39583623493, 0.0088374112259],
      [0.0026325140977, 0.07876661707, 0.36846419544, 0.43448299996, 0.11565367344]
    ],
    [
      [0.68850669669, 0.011763090888, 0.015158722681, 0.28401759331, 0.00055389643917],
      [0.0038168203908, 0.42430666362, 0.14085679109, 0.42757286977, 0.0034468551355],
      [0.0056448323385, 0.0078061140422, 0.91680119041, 0.014481128295, 0.055266734912],
      [0.043815872911, 0.011315347835, 0.02952221513, 0.87338252888, 0.041964035239],
      [0.077158380404, 0.04787282129, 0.45410920947, 0.4125504646, 0.0083091242382],
      [0.0050689900319, 0.028921129214, 0.39644851196, 0.46679530503, 0.10276606376]
    ],
    [
      [0.71981785655, 0.026090758533, 0.011980925812, 0.24171291809, 0.00039754101456],
      [0.0028644948681, 0.63649611109, 0.089209982544, 0.2688843301, 0.0025450814065],
      [0.0061081452388, 0.02371649098, 0.88503823494, 0.016739401109, 0.068397727735],
      [0.05143055234, 0.038191009016, 0.028158519065, 0.83313939276, 0.049080526815],
      [0.090139157186, 0.1067384104, 0.41021253278, 0.3837254965, 0.0091844031258],
      [0.0057415511425, 0.067805838733, 0.37561769748, 0.42475025784, 0.12608465481]
    ],
    [
      [0.63305580358, 0.030952281906, 0.01324308306, 0.32224465587, 0.00050417558391],
      [0.0022565681976, 0.61043743552, 0.083663823219, 0.30083594425, 0.0028062288141],
      [0.0053097277408, 0.0246365851, 0.87119757542, 0.017746041527, 0.081110070216],
      [0.035928445467, 0.03472495097, 0.024258695905, 0.85452936109, 0.050558546573],
      [0.067115324999, 0.10706339533, 0.38669627917, 0.4287718121, 0.010353188402],
      [0.0042019141012, 0.063478181749, 0.33480071286, 0.46396837215, 0.13355081914]
    ],
    [
      [0.72871333182, 0.028602291653, 0.0086691213516, 0.23376841043, 0.00024684474254],
      [0.0028130656225, 0.66855915653, 0.066182905604, 0.26084125451, 0.0016036177355],
      [0.0083691587671, 0.034016391998, 0.88049073461, 0.019623892815, 0.057499821807],
      [0.053435026829, 0.043435854137, 0.022613162264, 0.84787268715, 0.032643269622],
      [0.10223567491, 0.13224713434, 0.34607309489, 0.41284298459, 0.0066011112776],
      [0.0066061386379, 0.086423569221, 0.33030443034, 0.48312975647, 0.093536105335]
    ],
    [
      [0.59099723754, 0.020466183688, 0.014988375632, 0.37297146457, 0.00057673857172],
      [0.002159083088, 0.5062753107, 0.11474957658, 0.37354027654, 0.0032757530902],
      [0.0041694865201, 0.014323876362, 0.89127090519, 0.02687203714, 0.063363694791],
      [0.028858567465, 0.019381695513, 0.024597865026, 0.88564548446, 0.041516387539],
      [0.06348960089, 0.075357992152, 0.47674375686, 0.37394736996, 0.010461280141],
      [0.0034973192423, 0.039091891817, 0.35474687378, 0.49223460408, 0.11042931108]
    ],
    [
      [0.50782675283, 0.055623723316, 0.011367080461, 0.42465471543, 0.00052772796629],
      [0.00097211626493, 0.69124271092, 0.047076431201, 0.25889599647, 0.0018127451359],
      [0.0040328649485, 0.045848888751, 0.84756381202, 0.023816468163, 0.078737966114],
      [0.020021117918, 0.046338975248, 0.016800043297, 0.88034520631, 0.036494657228],
      [0.047041867857, 0.17744146542, 0.32248369395, 0.44397409332, 0.009058879453],
      [0.0026740329334, 0.097091106275, 0.25807672357, 0.53731994246, 0.10483819476]
    ],
    [
      [0.42244257175, 0.036228351407, 0.02922268244, 0.51107376954, 0.0010326248674],
      [0.00049623522478, 0.54185709007, 0.13030688706, 0.32382611015, 0.0035136774971],
      [0.00089690771607, 0.013007363189, 0.91743519193, 0.0096008182363, 0.059059718932],
      [0.011408539952, 0.026990644703, 0.03203230122, 0.87448279701, 0.055085717116],
      [0.023555373535, 0.073298230288, 0.50365743335, 0.3896013945, 0.0098875683272],
      [0.0012328743072, 0.042282709144, 0.42118183198, 0.41447263726, 0.12082994731]
    ],
    [
      [0.60174142109, 0.032682480714, 0.008706601194, 0.35644465922, 0.00042483777418],
      [0.0020506345898, 0.61283766337, 0.056181104554, 0.32654070889, 0.0023898885995],
      [0.0067436211034, 0.035218473368, 0.83529190859, 0.026988631601, 0.095757365334],
      [0.030923263642, 0.033397753637, 0.015431517987, 0.87994670976, 0.040300754978],
      [0.068254548886, 0.1214174387, 0.29185642956, 0.50876131561, 0.0097102672375],
      [0.0041605447401, 0.070390346935, 0.24744879153, 0.55641084173, 0.12158947506]
    ],
    [
      [0.6790381868, 0.14029597218, 0.0021503816304, 0.17818297317, 0.00033248621462],
      [0.00069188101634, 0.96577837858, 0.0030441467972, 0.030418924995, 6.6668609281e-05],
      [0.032557991053, 0.21390223669, 0.62810568048, 0.064900191081, 0.0605339007],
      [0.046392425362, 0.03514509957, 0.03526237387, 0.87493844989, 0.0082616513098],
      ["NaN", "NaN", "NaN", "NaN", "NaN"],
      [0.0077799833143, 0.22271984022, 0.079723260926, 0.66193253494, 0.027844380596]
    ],
    [
      [0, 0.18944943248, 0.0021043372174, 0.80757122508, 0.00087500522214],
      [0, 0.6038483229, 0.014407417718, 0.37934557699, 0.0023986823904],
      [0, 0.091294852259, 0.69041674201, 0.070315030057, 0.14797337568],
      [0, 0.017978874447, 0.002626695769, 0.94885270984, 0.030541719948],
      [0, 0.16599412427, 0.12316484672, 0.70087965265, 0.0099613763634],
      [0, 0.081173568189, 0.096305063013, 0.71918156828, 0.10333980052]
    ],
    [
      [0.29428926616, 0.13685574363, 0.021049597815, 0.54718531832, 0.00062007407761],
      [6.3083761508e-05, 0.81132165188, 0.040866758912, 0.14649209208, 0.0012564133617],
      [0.0003566146264, 0.051234046196, 0.8892543458, 0.016773226438, 0.042381766938],
      [0.002432078948, 0.080335246777, 0.026491929485, 0.86228668561, 0.028454059183],
      [0.012947148691, 0.25232978706, 0.36295722053, 0.36619678128, 0.0055690624442],
      [0.00035920687358, 0.15179658538, 0.32161474826, 0.45939961887, 0.066829840612]
    ],
    [
      [0.63813400862, 0.025704514726, 0.0070673809896, 0.3287854298, 0.00030866586529],
      [0.0026259173424, 0.58283906026, 0.053708735158, 0.35883948805, 0.0019867991878],
      [0.0090434823585, 0.035017626864, 0.84018596891, 0.031432929989, 0.084319991881],
      [0.036373632218, 0.029130232215, 0.013108269242, 0.89040307735, 0.030984788979],
      [0.083073330753, 0.10977698925, 0.26555399918, 0.53384408474, 0.007751596076],
      [0.0052165196538, 0.065435935704, 0.23204313445, 0.59721535312, 0.10008905707]
    ],
    [
      [0.68777810738, 0.029512324697, 0.0086662182927, 0.27360520959, 0.00043814003612],
      [0.002508222123, 0.65368347018, 0.061590287622, 0.27952448509, 0.0026935349898],
      [0.0076685421447, 0.032988369659, 0.84053343623, 0.019548814185, 0.099260837785],
      [0.043578055066, 0.038545351356, 0.019172192716, 0.8476863086, 0.051018092263],
      [0.086876251935, 0.12545589566, 0.31964310541, 0.4569888, 0.011035946991],
      [0.0054010137436, 0.076154145203, 0.28366848067, 0.48827437708, 0.1465019833]
    ],
    [
      [0, 0.22054097297, 0.073802466418, 0.69994096597, 0.0057155946405],
      [0, 0.61201554724, 0.08471482537, 0.29874476011, 0.0045248672805],
      [0, 0.01603777729, 0.83576729094, 0.024004108236, 0.12419082354],
      [0, 0.030079160879, 0.026257472297, 0.85972326641, 0.083940100409],
      [0, 0.16452375153, 0.48398830038, 0.33245105314, 0.019036894953],
      [0, 0.048456678451, 0.31566766512, 0.42844414519, 0.20743151123]
    ],
    [
      [0.51259137517, 0.04703078778, 0.016430980662, 0.42343298573, 0.00051387065712],
      [0.0011663028164, 0.66648856789, 0.061346988608, 0.26925945193, 0.0017386887521],
      [0.0035149059507, 0.0349048701, 0.87543617766, 0.021782086238, 0.064361960052],
      [0.021965925694, 0.04202539064, 0.020636717468, 0.88066678911, 0.034705177091],
      [0.044555919012, 0.13666540534, 0.34687785128, 0.46447109456, 0.0074297298188],
      [0.0027597656875, 0.082385519077, 0.30563266978, 0.51297419214, 0.096247853315]
    ],
    [
      [0.44537141987, 0.044313624698, 0.061876949321, 0.44843800611, 0],
      [0.00034170817776, 0.61173255843, 0.079085310879, 0.30884042251, 0],
      [0.0083328959208, 0.022191438105, 0.955711001, 0.013764664971, 0],
      [0.011894462566, 0.034315879601, 0.02842856018, 0.92536109765, 0],
      [0.026401544943, 0.097693383721, 0.39003795174, 0.4858671196, 0],
      ["NaN", "NaN", "NaN", "NaN", "NaN"]
    ],
    [
      [0.64424939863, 0.026740564429, 0.0092506411755, 0.31951764782, 0.000241747942],
      [0.0025932638519, 0.59262158917, 0.066081582479, 0.33707731891, 0.0016262455912],
      [0.007662958288, 0.030466102002, 0.8750363489, 0.025271150638, 0.061563440176],
      [0.038198866014, 0.031397488315, 0.01796051454, 0.88485135176, 0.027591779373],
      [0.080107923777, 0.10829746293, 0.31610119019, 0.48909368048, 0.0063997426212],
      [0.0052016869356, 0.067321219579, 0.28735752475, 0.55307896462, 0.087040604108]
    ],
    [
      [0.59629902019, 0.03397654065, 0.013321237902, 0.3561630132, 0.00024018805513],
      [0.0019452660548, 0.61310432695, 0.078288132927, 0.30525273277, 0.0014095412905],
      [0.0050197506021, 0.027347819863, 0.8994363897, 0.019172315132, 0.049023724703],
      [0.031509316131, 0.035584727668, 0.023478462411, 0.88201392881, 0.027413564982],
      [0.059901910796, 0.11124054969, 0.37342694251, 0.44963531336, 0.0057952836351],
      [0.003928822495, 0.069029834708, 0.33775914015, 0.51018669558, 0.07909550707]
    ],
    [
      [0.65324206855, 0.0366298546, 0.011095254306, 0.29883095629, 0.0002018662583],
      [0.0021543738548, 0.67332117741, 0.064053028282, 0.25938279847, 0.0010886219829],
      [0.0067431284812, 0.036277075223, 0.88510038109, 0.022602769216, 0.049276645991],
      [0.040641396845, 0.044683944576, 0.022775571556, 0.86551858893, 0.02638049809],
      [0.077405627865, 0.14139579673, 0.35208663689, 0.42357104119, 0.0055408973225],
      [0.0051476233774, 0.088838760417, 0.32259889892, 0.5062160645, 0.077198652783]
    ],
    [
      [0.64267345876, 0.025052776172, 0.012085781913, 0.31974157237, 0.00044641079115],
      [0.0024771910806, 0.56830871263, 0.090959696436, 0.33556211506, 0.0026922847946],
      [0.0055562298037, 0.020798349417, 0.88401978666, 0.01953740148, 0.070088232637],
      [0.036581898981, 0.028092025742, 0.023938833748, 0.86852847358, 0.042858767949],
      [0.06974937624, 0.089705959038, 0.38726488603, 0.44432900951, 0.0089507691896],
      [0.0043494773553, 0.055114651208, 0.34447141456, 0.47781651517, 0.1182479417]
    ],
    [
      ["NaN", "NaN", "NaN", "NaN", "NaN"],
      [0, 0.29086126117, 0.279358387, 0.4143066041, 0.015473747726],
      [0, 0.00085770451257, 0.82112862814, 0.051097334169, 0.12691633318],
      [0, 0.0032901152307, 0.039738033433, 0.78688940869, 0.17008244264],
      [0, 0.010321704027, 0.73506140875, 0.23428860346, 0.02032828376],
      [0, 0.0086006382331, 0.42067069962, 0.2017747776, 0.36895388455]
    ],
    [
      [0.55939008517, 0.026650275131, 0.010339121922, 0.40311611099, 0.00050440678688],
      [0.0020344723333, 0.53828334932, 0.067809601881, 0.38905253499, 0.0028200414768],
      [0.0056774580567, 0.026154481985, 0.84185438699, 0.031045597138, 0.095268075832],
      [0.026240267359, 0.024356442267, 0.016230518464, 0.89264044685, 0.040532325057],
      [0.060868497228, 0.094574543656, 0.31083625159, 0.52352175326, 0.010198954269],
      [0.0035937269544, 0.053325017146, 0.25593711064, 0.56336169597, 0.1237824493]
    ],
    [
      [0.69693793125, 0.027599265351, 0.0066202000759, 0.26873423833, 0.00010836499339],
      [0.0027506681996, 0.6724026151, 0.043688292663, 0.28057064597, 0.00058777806936],
      [0.010436489635, 0.043586726073, 0.87924922417, 0.0226338239, 0.044093736221],
      [0.047007426134, 0.040960819176, 0.013904602182, 0.88273587532, 0.015391277189],
      [0.094688873029, 0.13764463516, 0.2563958807, 0.5076201063, 0.0036505048105],
      [0.0067196867764, 0.089620392647, 0.24344635304, 0.60339938627, 0.056814181264]
    ],
    [
      [0.60960369041, 0.031611020628, 0.013011076114, 0.34524030567, 0.00053390717815],
      [0.0019816077819, 0.62423698875, 0.077393474107, 0.29399079187, 0.0023971374914],
      [0.0050953625371, 0.026028569971, 0.88011871234, 0.017895424055, 0.070861931093],
      [0.03290458602, 0.034863894819, 0.022363619652, 0.86723323198, 0.042634667528],
      [0.062069433426, 0.10885601801, 0.37027520036, 0.4499607304, 0.0088386177982],
      [0.0039924744341, 0.065913048695, 0.32550424625, 0.49022033875, 0.11436989186]
    ],
    [
      [0.61540259251, 0.03072679855, 0.022830254848, 0.33073496254, 0.00030539155901],
      [0.0020152352486, 0.57611604427, 0.13178169897, 0.28824849756, 0.0018385239514],
      [0.0033323269821, 0.015309503133, 0.93217546728, 0.011374340937, 0.037808361669],
      [0.033461162779, 0.03358622208, 0.039756367015, 0.85699040856, 0.036205839564],
      [0.049686250129, 0.083824504803, 0.51405828962, 0.34644176813, 0.005989187322],
      [0.0033296578972, 0.052132755308, 0.46752804104, 0.39399322473, 0.083016321022]
    ],
    [
      [0.80116849225, 0.013615045452, 0.0045720940799, 0.18056897591, 7.5392306473e-05],
      [0.0060744519244, 0.61357142263, 0.053475952681, 0.32516082394, 0.0017173488225],
      [0.0063612743897, 0.03536390389, 0.85827780258, 0.028982992397, 0.071014026747],
      [0.02914022336, 0.033793762458, 0.015885144571, 0.89123754779, 0.029943321819],
      [0.065346985676, 0.12656519494, 0.30246499715, 0.49813110807, 0.0074917141661],
      [0.0038787565647, 0.071767103128, 0.25525260575, 0.57789361358, 0.091207920974]
    ],
    [
      [0.60090031996, 0.044894675377, 0.012420080363, 0.34132145085, 0.00046347345299],
      [0.0016779773972, 0.6841965933, 0.062175790773, 0.24997481427, 0.0019748242652],
      [0.0052214952793, 0.036974534748, 0.86362235693, 0.020819390508, 0.073362222535],
      [0.032218143205, 0.046737910972, 0.022191467921, 0.85689324084, 0.041959237067],
      [0.06270480252, 0.1529248503, 0.36044070467, 0.41502343563, 0.0089062068828],
      [0.0038906928968, 0.089853372428, 0.31103932203, 0.48248744173, 0.11272917092]
    ],
    [
      [0.39614651056, 0.051677322673, 0.018889669637, 0.53294294908, 0.00034354804364],
      [0.00026547066484, 0.62612282942, 0.079546679549, 0.29328967222, 0.00077534814726],
      [0.0013924248217, 0.026376453005, 0.90879125186, 0.025153596568, 0.038286273742],
      [0.009758355552, 0.035546770111, 0.024802855865, 0.90873800568, 0.021154012796],
      [0.027575208301, 0.12107792511, 0.4268767718, 0.41909577418, 0.005374320613],
      [0.0012786884519, 0.067911939699, 0.34039966121, 0.52725329351, 0.063156417136]
    ]
  ],
  "expected_outcome": [
    [
      [2.5901129026, 0, 0, 37.1513436587, 13.0562648671, 42.7620057572, 29.289554814, 40.6319688463, 28.1325730275, 27.9630105848, 32.3468734481, 0, 0, 4.5691982288, 5.934451923, 6.8850669669, 31.6719856882, 30.3866785718, 34.2495265956, 12.4109419882, 10.1565350565, 2.5346554305, 19.255725475, 0.6790381868, 0, 0.88286779849, 19.7821542672, 16.5066745772, 0, 7.1762792524, 1.3361142596, 40.5877121138, 47.107622595, 49.6463972094, 30.8483260204, 0, 71.6019309016, 2.787751725, 8.5344516658, 11.6926492576, 1.6023369845, 37.2558198375, 1.5845860423],
      [0.2237601627, 0, 0, 1.0484712477, 0.58601946005, 2.5293294655, 2.0047828089, 1.9436785636, 1.4058718407, 1.7759980544, 1.6915383271, 0.023195395472, 0, 0.17335421504, 0.54567981562, 0.11763090888, 1.1479933755, 1.4857095315, 1.3443077077, 0.42978985745, 1.1124744663, 0.21737010844, 1.0458393828, 0.14029597218, 0.56834829745, 0.41056723088, 0.7968399565, 0.70829579273, 0.22054097297, 0.65843102892, 0.13294087409, 1.684655559, 2.6841467113, 2.7838689496, 1.2025332563, 0, 3.4112352167, 0.1103970614, 0.44255428879, 0.58380917244, 0.027230090904, 2.7834698733, 0.20670929069],
      [0.095319085172, 0, 0, 0.45818751207, 0.13397579721, 0.63414692785, 0.54712672562, 0.3979853746, 0.69886528391, 0.52160811457, 0.52095201608, 0.31869298087, 0, 0.14386347516, 0.17761363994, 0.15158722681, 0.52716073571, 0.63566798689, 0.40744870353, 0.31475588827, 0.22734160922, 0.17533609464, 0.27861123821, 0.0021503816304, 0.0063130116523, 0.063148793445, 0.21908881068, 0.20798923902, 0.073802466418, 0.23003372927, 0.18563084796, 0.58279039406, 1.0523777942, 0.84323932723, 0.5801175318, 0, 1.323407606, 0.026480800303, 0.18215506559, 0.43377484211, 0.0091441881598, 0.77004498248, 0.075558678548],
      [2.0874780828, 0, 0, 16.3211960052, 7.2133728924, 25.0543446423, 22.1424560751, 19.010149303, 21.7289505723, 15.719209171, 16.4266773224, 0.64555303379, 0, 2.1092983385, 4.3362151514, 2.8401759331, 10.635368396, 15.4677434818, 10.9871152903, 7.832400756, 8.4930943086, 3.0664426172, 11.4062290952, 0.17818297317, 2.4227136752, 1.641555955, 10.1923483238, 6.5665250302, 0.69994096597, 5.9280618002, 1.3453140183, 20.1296118128, 28.1368780431, 22.7111526781, 15.3475954735, 0, 51.598862207, 1.0749369533, 4.8333642794, 6.2839642882, 0.36113795182, 21.1619299526, 2.1317717963],
      [0.0033297667291, 0, 0, 0.02080157627, 0.010366983169, 0.020173207277, 0.016079576431, 0.016217912508, 0.033739275589, 0.020174075237, 0.013958886322, 0.012558589868, 0, 0.0042857425327, 0.0060394699895, 0.0055389643917, 0.017491804641, 0.024200428028, 0.011601702899, 0.012111510006, 0.010554559326, 0.0061957492045, 0.013594808774, 0.00033248621462, 0.0026250156664, 0.0018602222328, 0.009568641824, 0.010515360867, 0.0057155946405, 0.0071941891996, 0, 0.015230120346, 0.018974856356, 0.015341835631, 0.021427717975, 0, 0.064564068721, 0.00043345997358, 0.0074747004941, 0.0058024396212, 0.00015078461295, 0.028735354085, 0.0013741921746]
    ],
    [
      [0.034531970461, 0.1852527541, 0.51680784665, 0.32576562857, 0.084998793622, 0.27056016707, 0.23277275521, 0.28228270708, 0.19404060358, 0.13374114019, 0.18287975667, 0, 0.16189136056, 0.073276215276, 0.064690377828, 0.057252305861, 0.17473418696, 0.24145279714, 0.16034474048, 0.11227232057, 0.039856766862, 0.008932234046, 0.2009621898, 0.00069188101634, 0, 0.00069392137659, 0.21007338739, 0.11286999553, 0, 0.037321690124, 0.0027336654221, 0.34749735615, 0.33264049537, 0.40071353699, 0.11147359863, 0, 0.39468763266, 0.024756013796, 0.037650547856, 0.060457057459, 0.15186129811, 0.34734132123, 0.016193710555],
      [19.5122209953, 6.3099730867, 5.5595889942, 51.3110492234, 21.9232488535, 87.5987266356, 90.2867394953, 75.5754750697, 54.8264025996, 48.6283061852, 52.9088642971, 3.7632559072, 2.4566214769, 15.9426128883, 36.3026302327, 6.3645999542, 38.8262627763, 65.3168056008, 38.107871922, 26.3263161563, 28.3409511479, 9.7534276212, 60.05809101, 0.96577837858, 2.4153932916, 8.9245381707, 46.6271248206, 29.4157561579, 2.448062189, 21.3276341726, 4.8938604674, 79.4112929485, 104.840839909, 125.237738999, 25.5738920685, 0.87258378351, 104.4269697683, 6.0516235359, 11.8605027863, 17.283481328, 15.3392855657, 141.6286948127, 38.1934925945],
      [2.3773252332, 0.18553232898, 0.88466923412, 7.5486790764, 1.5817501249, 7.2716848307, 7.9542076652, 4.9847725109, 8.6661310281, 4.439006825, 5.283652694, 1.2828663821, 0.33236920287, 4.0214465834, 4.5470056066, 2.1128518664, 5.4418089352, 8.9520290844, 3.7724256194, 5.9669779823, 1.9301336793, 2.3455239671, 5.5057482463, 0.0030441467972, 0.057629670871, 0.44953434803, 4.2966988126, 2.771562943, 0.33885930148, 1.9631036355, 0.63268248703, 8.8549320522, 13.3872707306, 11.9138632604, 4.0931863396, 0.838075161, 13.1550627649, 0.39319463396, 1.470476008, 3.953450969, 1.336898817, 12.8703886901, 4.8523474525],
      [8.0030935396, 1.3101078102, 3.0000229173, 38.5241831815, 12.2903430452, 41.6487792206, 47.316390164, 34.977364624, 39.9457553996, 19.6575621252, 24.4945713074, 4.8676871599, 2.0238166313, 8.8584710108, 13.9635831023, 6.4135930465, 16.4019441358, 32.1894460345, 14.8679515072, 19.4240943802, 10.6147358554, 5.8288699827, 32.0009894712, 0.030418924995, 1.517382308, 1.6114130129, 28.7071590443, 12.578601829, 1.1949790404, 8.6163024618, 2.4707233801, 45.1683607339, 52.1982173044, 48.2452005148, 15.1002951775, 1.2429198123, 75.4761917876, 2.5251358137, 5.5858250455, 8.6474549269, 8.1290205986, 51.7447865531, 17.8906700055],
      [0.07282826144, 0.0091340200224, 0.038911007777, 0.2903228901, 0.11965918279, 0.21024914609, 0.20988992033, 0.18010508833, 0.36767036906, 0.14138372437, 0.13003194485, 0.086190550806, 0.025301328338, 0.10419330215, 0.12209068054, 0.051702827033, 0.1552499658, 0.30026648311, 0.091406210924, 0.17033916069, 0.074322550571, 0.063246194947, 0.23420908275, 6.6668609281e-05, 0.0095947295617, 0.013820546979, 0.15894393502, 0.12120907454, 0.018099469122, 0.055638040067, 0, 0.21791690922, 0.24103156067, 0.20248368881, 0.12115281576, 0.046421243178, 0.54708804651, 0.0052900026242, 0.045545612337, 0.055155718543, 0.042933720562, 0.4087886229, 0.047296236983]
    ],
    [
      [0.12458196774, 0.083501604724, 0.15971849935, 2.2271533998, 0.89176247834, 1.5833784768, 1.127464836, 1.9125943653, 1.1673042461, 1.0080005687, 0.79186623639, 0, 0.18114255369, 0.42103606941, 0.56092569527, 0.25401745523, 1.8996331693, 2.293802384, 1.0377756871, 0.13342356864, 0.16534746289, 0.017041246605, 1.2205954197, 0.42325388368, 0, 0.0067756779016, 1.3474788714, 0.39109564938, 0, 0.50614645689, 0.091661855129, 1.915739572, 1.3252141589, 1.8745897178, 1.1112459607, 0, 2.2539508485, 0.16698383416, 0.23948203925, 0.51317835524, 0.38803773777, 2.1094840928, 0.052912143225],
      [1.1506266516, 1.0735425786, 0.3706926476, 6.085171909, 3.8679230577, 8.9522655183, 7.4656008271, 8.7994228458, 5.7262512175, 6.1556537513, 3.99692866, 0.028187413074, 0.15248310142, 1.3147913574, 5.771423051, 0.3512751319, 7.3758286948, 10.643004763, 4.2180326077, 0.45836404357, 1.8798044388, 0.24713990059, 6.3745436796, 2.780729077, 0.54776911355, 0.97344687772, 5.2176264027, 1.6824068526, 0.52924665056, 5.0263012944, 0.24410581916, 7.6165255005, 7.2198244439, 10.0850269119, 4.1596698833, 0.0051462270754, 10.3833293479, 0.69738761716, 1.2233427887, 2.3576634825, 2.1571981373, 14.937712038, 1.0023052142],
      [39.2289529573, 11.3510812833, 19.4959416026, 232.3524567815, 73.8823943252, 191.5331572655, 169.8536286347, 150.3633750712, 234.6529796209, 146.2833770318, 103.385402801, 3.9994518536, 12.1217284516, 95.2699182309, 183.0320979142, 41.2560535686, 275.2468910656, 376.3573525799, 109.180851092, 28.520668966, 34.750116293, 17.4312686466, 151.1878354554, 8.1653738462, 4.142500452, 16.8958325702, 125.1877093672, 42.8672052475, 27.580320601, 126.062809583, 10.512821011, 218.759087224, 237.4512068809, 246.0579059428, 176.8039573327, 4.9267717689, 334.2161916347, 14.0679875867, 41.3655794801, 143.5550219611, 52.3549459571, 348.9034321998, 34.5340675708],
      [0.72270792343, 0.49195347956, 0.47862809263, 7.1882318748, 3.4414966432, 6.3246923913, 5.4959682459, 5.8752335145, 6.5877933835, 4.1658220538, 2.7557559751, 0.21811771955, 0.23608262339, 1.2903046535, 3.4813597437, 0.65165077329, 5.2059537448, 7.6662899396, 2.433362709, 0.85990518849, 0.9764751947, 0.18241554649, 4.8849423197, 0.84370248405, 0.42189018034, 0.31869130233, 4.6835065684, 0.99698952345, 0.79213557178, 3.1366204183, 0.15141131468, 6.3177876595, 5.0614911948, 6.283569842, 3.907480296, 0.30658400501, 12.3251020636, 0.36214118241, 0.84108493058, 1.7516485043, 1.7679625362, 8.4110337653, 0.95583666959],
      [2.7731304999, 0.9999210538, 2.4950191579, 24.1469860349, 17.9164234956, 15.606506348, 13.0573374564, 15.0493742031, 27.865671532, 12.3871465943, 7.0700463275, 0.75424301379, 2.3085632699, 6.7039496888, 13.1541935958, 2.487003071, 21.2716933256, 35.0395503335, 7.1299779041, 2.0276382333, 3.2282566107, 1.1221346597, 17.3320831255, 0.7869407091, 0.88784025406, 0.80525357183, 12.5636787903, 5.062302727, 4.0982971767, 9.2681222474, 0, 15.390860044, 12.9422633215, 13.6989075855, 14.0176465273, 0.76149799905, 37.8214261053, 0.70549977953, 3.3305107614, 5.8224876969, 4.3318556316, 29.638337904, 1.4548784022]
    ],
    [
      [2.9303591502, 1.6573391362, 4.8559803126, 46.9880294319, 16.0798400401, 29.9589493757, 28.222003677, 36.9671889624, 28.4106869083, 24.3039887504, 23.903715817, 0, 1.2288832281, 5.4596362038, 7.1463623372, 4.6006666557, 33.4812895735, 31.4373897838, 24.366372234, 6.8394804892, 5.1854695407, 1.2435308548, 25.1406133407, 0.88145608187, 0, 0.082690684233, 23.4609927808, 10.3715771056, 0, 5.9747317888, 0.46388404007, 41.7131616875, 36.0151483375, 40.0317758924, 21.0345919141, 0, 53.5039051442, 3.3375272555, 8.1274327469, 8.3652906947, 5.9737457888, 42.5279490306, 2.1078047992],
      [5.4480066662, 3.9884182563, 1.7394509851, 25.3222864458, 14.5581550341, 34.9939234085, 38.871628891, 35.0783278221, 27.6233404799, 30.2666192932, 24.8367450804, 0.13713287282, 0.20997468235, 4.0914175576, 13.6601012708, 1.1881115227, 24.8623468692, 30.3843320984, 19.8067494865, 4.5934618367, 12.0017945892, 2.9419802726, 27.1523737065, 0.66775689182, 0.55734510784, 2.7313983904, 18.7889997788, 9.1737936228, 1.4437997222, 11.4309062541, 1.3383193044, 34.2860572401, 40.6733437247, 44.0136854077, 16.1529148015, 0.072382535075, 49.6627857833, 2.9082181615, 8.6113820202, 8.3965555201, 6.9277213039, 61.6940424828, 7.678102344],
      [3.4760894622, 0.77319251904, 1.7903279976, 20.4135145332, 6.3222105937, 14.6874666085, 17.2130116269, 11.0312824394, 24.1011814548, 14.603092164, 12.8127918229, 0.67513980323, 0.3816543274, 5.4557085188, 8.8005676789, 3.0998325886, 18.3311959116, 21.226358917, 10.3116019923, 5.8296940112, 4.3512112138, 3.491520833, 12.5458241235, 0.66998510353, 0.081427568839, 0.90072560247, 8.4548336611, 4.5629818664, 1.2603586703, 5.6131871512, 1.108713847, 19.6128818779, 26.8358825362, 22.4339379826, 13.7648294053, 0.87423673552, 33.0940271479, 0.98722675493, 5.5238140541, 9.9390917538, 3.256454637, 29.2927376558, 5.3574168668],
      [117.2456492436, 53.7678344707, 57.6092487422, 993.5509756506, 418.6263332395, 826.519931163, 1008.3949242378, 810.3999472772, 1043.3049689638, 633.0694921926, 571.0493903641, 34.7351548353, 15.8033247469, 121.9441897978, 259.5208400226, 91.7051655328, 542.3737446893, 747.7131909494, 386.6299453395, 209.8979798163, 228.0094084343, 95.318624874, 715.3966750325, 16.6238305479, 29.4144340049, 29.3177473107, 574.3099848881, 201.7493414465, 41.2667167879, 239.5413666371, 36.0890828085, 966.2576761192, 1008.1419206273, 852.5358100987, 499.4038723085, 17.3115669912, 1820.0938711334, 62.6742471476, 214.2066082994, 214.2476021404, 182.7036972973, 1131.0990779028, 196.2874092261],
      [5.8998954778, 1.8132156177, 5.0049919624, 46.7251939385, 26.4134610927, 26.8397294443, 29.2984315673, 26.523253499, 60.5598221932, 27.7568075999, 19.3973569156, 3.4525724886, 1.3761630153, 9.049047922, 13.8721286905, 4.4062237001, 31.9514229563, 44.2387282514, 14.8853309477, 9.8393838466, 9.452116222, 6.0043431657, 32.7645137968, 0.15697137489, 0.94679331837, 0.96743801223, 19.9851888912, 12.1423059587, 4.0291248196, 9.4398081688, 0, 30.1302230753, 31.3337047743, 25.9847906187, 24.6437915706, 3.7418137382, 82.6454107912, 1.0927806804, 10.5307628793, 9.051459891, 6.1383809729, 55.386192928, 4.5692667638]
    ],
    [
      [0.29342734026, 0.067311137371, 0.45103514808, 4.8919053624, 1.7859994698, 5.0972979763, 3.9611428779, 7.9190802275, 2.8589192714, 5.3924798766, 4.6116943807, 0, 0.41989990346, 1.4261197175, 2.193534131, 1.1573757061, 5.5886277455, 6.3759558749, 3.0670702473, 0.44442720623, 0.42337681071, 0.18844298828, 3.003200151, 0, 0, 0.025894297382, 2.9906399071, 1.5637725348, 0, 1.2475657323, 0.10560617977, 5.2070150455, 4.9718585961, 9.753109111, 2.7899750496, 0, 12.9041214124, 0.6628221112, 0.99311093482, 1.2918425034, 1.8297155989, 4.4520409789, 0.2206016664],
      [0.87982246659, 0.32651291337, 0.23426498198, 4.5308498169, 2.6501443951, 9.831229608, 8.8117013362, 12.3539718879, 4.685839177, 11.2572758479, 7.9257928867, 0, 0.15051576353, 1.8674290911, 6.7270341812, 0.71809231935, 6.6177814447, 10.1710225561, 3.9674140301, 0.52750594507, 1.5969731888, 0.58638584231, 5.3423673029, 0, 0.82997062137, 0.50465957412, 3.9519716132, 2.258206122, 0.16452375153, 3.8266313494, 0.39077353488, 7.0393350904, 9.2329656246, 17.8158703881, 3.5882383615, 0.04128681611, 20.049803255, 0.96351244609, 1.7416962882, 2.1794371249, 3.5438254583, 10.8576643713, 0.96862340084],
      [2.9539862432, 0.28663108456, 1.1378328767, 17.3691344217, 5.0978045634, 21.4636551066, 20.4121324767, 21.4671808515, 19.2940153207, 27.3188250998, 20.8769394919, 0, 0.91834823901, 12.8827607046, 21.4410757337, 6.811638142, 25.4331770327, 36.7361465215, 10.3821928466, 3.337206298, 2.9023532455, 4.0292594668, 12.8416829008, 0, 0.61582423358, 0.72591444105, 9.5599439704, 5.7535758974, 0.48398830038, 9.7125798357, 1.560151807, 20.5465773627, 30.9944362286, 44.3629162485, 15.4905954411, 2.940245635, 65.8972853361, 1.7947711649, 5.9244032058, 13.36551553, 8.4690199201, 25.5912900313, 3.4150141744],
      [2.810087517, 0.31062231324, 1.1326317116, 25.6817928571, 12.1207629236, 38.1069387867, 37.366909203, 45.6412023964, 25.5026275362, 36.3555748962, 29.1731961555, 0, 1.456877278, 8.5599715718, 20.1876479816, 6.188256969, 23.7909807833, 40.7333221494, 12.3852895376, 2.6176315897, 3.9957668399, 3.116811156, 22.3854978869, 0, 3.5043982632, 0.73239356256, 19.2183870506, 8.2257984, 0.33245105314, 13.0051906476, 1.9434684784, 31.7910892311, 37.3197310091, 53.3699511899, 17.7731603802, 0.93715441385, 110.9866116915, 3.5533407441, 7.1993716864, 9.0074859714, 13.947671026, 29.4666639298, 3.3527661934],
