{
  "X": [
    [42, 119, 272, 508, 29],
    [1, 2, 6, 3, 0],
    [8, 15, 76, 66, 9],
    [102, 180, 875, 1203, 111],
    [191, 630, 319, 1413, 69],
    [1, 5, 17, 16, 2],
    [6, 15, 32, 36, 4],
    [6, 14, 42, 49, 7],
    [1, 1, 4, 2, 0],
    [7, 15, 20, 29, 3],
    [51, 171, 68, 279, 11],
    [1, 2, 5, 18, 1],
    [14, 34, 28, 126, 12],
    [14, 26, 55, 97, 5],
    [8, 8, 29, 61, 2],
    [5, 5, 18, 18, 0],
    [2, 5, 21, 27, 1],
    [14, 20, 72, 83, 10],
    [223, 325, 790, 1331, 64],
    [369, 924, 1448, 2702, 153],
    [1, 11, 52, 65, 16],
    [3, 4, 15, 35, 0],
    [0, 0, 2, 5, 0],
    [55, 102, 203, 432, 22],
    [27, 40, 92, 196, 8],
    [2, 3, 1, 1, 0],
    [1, 3, 5, 4, 1],
    [0, 0, 3, 4, 0],
    [1, 2, 1, 4, 0],
    [0, 2, 6, 8, 0],
    [1, 2, 1, 5, 0],
    [52, 53, 276, 316, 22],
    [47, 59, 398, 384, 54],
    [22, 48, 186, 294, 17],
    [26, 62, 220, 404, 55],
    [32, 53, 299, 351, 43],
    [16, 33, 92, 216, 18],
    [66, 91, 283, 449, 22],
    [33, 62, 64, 160, 1],
    [0, 3, 1, 11, 0],
    [1, 3, 4, 2, 0],
    [1, 1, 0, 5, 0],
    [5, 6, 74, 39, 11],
    [0, 0, 3, 12, 1],
    [1, 5, 1, 6, 1],
    [0, 5, 4, 6, 0],
    [11, 27, 35, 81, 3],
    [28, 69, 113, 201, 9],
    [10, 14, 24, 39, 8],
    [28, 50, 53, 147, 12],
    [57, 138, 267, 509, 44],
    [14, 19, 45, 94, 10],
    [0, 7, 2, 17, 0],
    [2, 6, 2, 4, 0],
    [6, 13, 9, 52, 5],
    [12, 17, 19, 52, 3],
    [5, 6, 8, 18, 0],
    [1, 4, 10, 6, 1],
    [30, 63, 113, 287, 12],
    [35, 52, 82, 227, 10],
    [0, 3, 7, 18, 1],
    [1, 2, 4, 7, 2],
    [6, 5, 21, 11, 3],
    [21, 24, 72, 103, 4],
    [24, 50, 162, 209, 11],
    [28, 42, 113, 162, 9],
    [1, 3, 7, 11, 0],
    [1, 1, 10, 10, 0],
    [74, 215, 112, 585, 33],
    [4, 10, 26, 76, 20],
    [43, 55, 186, 195, 8],
    [23, 41, 99, 116, 8],
    [38, 71, 111, 197, 13],
    [71, 150, 236, 395, 23],
    [27, 50, 97, 156, 8],
    [15, 20, 60, 72, 6],
    [20, 27, 52, 135, 4],
    [165, 625, 698, 2167, 74],
    [401, 959, 949, 1910, 143],
    [230, 511, 622, 1117, 101],
    [1, 2, 1, 6, 0]
  ],
  "W": [
    [203, 370, 307, 45, 45],
    [2, 3, 5, 1, 1],
    [13, 55, 90, 6, 10],
    [341, 909, 1000, 81, 140],
    [989, 981, 389, 171, 92],
    [3, 16, 18, 1, 3],
    [13, 34, 38, 6, 2],
    [22, 41, 43, 5, 7],
    [1, 3, 3, 1, 0],
    [19, 22, 22, 8, 3],
    [203, 251, 73, 40, 13],
    [4, 16, 3, 2, 2],
    [59, 97, 33, 13, 12],
    [31, 76, 70, 12, 8],
    [10, 54, 35, 7, 2],
    [6, 15, 20, 2, 3],
    [7, 21, 25, 2, 1],
    [25, 74, 87, 7, 6],
    [517, 991, 936, 191, 98],
    [1384, 2003, 1687, 304, 218],
    [16, 51, 65, 1, 12],
    [7, 27, 17, 2, 4],
    [1, 4, 2, 0, 0],
    [140, 338, 262, 45, 29],
    [60, 157, 120, 17, 9],
    [2, 2, 1, 2, 0],
    [3, 4, 4, 1, 2],
    [0, 4, 3, 0, 0],
    [1, 5, 1, 0, 1],
    [1, 4, 9, 0, 2],
    [2, 4, 3, 0, 0],
    [77, 252, 318, 38, 34],
    [106, 272, 483, 36, 45],
    [98, 188, 233, 22, 26],
    [97, 328, 278, 25, 39],
    [70, 295, 347, 32, 34],
    [52, 172, 121, 23, 7],
    [178, 312, 339, 40, 42],
    [87, 106, 80, 31, 16],
    [2, 10, 2, 1, 0],
    [0, 5, 5, 0, 0],
    [1, 3, 1, 2, 0],
    [4, 31, 86, 3, 11],
    [1, 8, 6, 1, 0],
    [1, 10, 2, 0, 1],
    [3, 6, 6, 0, 0],
    [25, 72, 39, 10, 11],
    [85, 158, 142, 17, 18],
    [16, 30, 31, 7, 11],
    [69, 122, 67, 22, 10],
    [214, 369, 323, 55, 54],
    [34, 72, 48, 13, 15],
    [3, 20, 2, 1, 0],
    [3, 7, 2, 1, 1],
    [16, 44, 16, 5, 4],
    [23, 44, 28, 6, 2],
    [8, 16, 11, 1, 1],
    [3, 3, 14, 0, 2],
    [92, 213, 154, 23, 23],
    [100, 153, 111, 32, 10],
    [8, 13, 6, 0, 2],
    [5, 4, 5, 1, 1],
    [3, 12, 23, 4, 4],
    [34, 73, 89, 17, 11],
    [61, 158, 197, 19, 21],
    [51, 130, 139, 21, 13],
    [3, 8, 7, 4, 0],
    [1, 6, 14, 0, 1],
    [370, 388, 151, 61, 49],
    [9, 76, 34, 2, 15],
    [68, 140, 242, 26, 11],
    [47, 95, 117, 16, 12],
    [98, 142, 135, 32, 23],
    [176, 325, 275, 67, 32],
    [56, 124, 121, 21, 16],
    [16, 61, 72, 10, 14],
    [52, 105, 64, 11, 6],
    [998, 1655, 807, 178, 91],
    [1014, 1751, 1082, 343, 172],
    [480, 993, 765, 230, 113],
    [1, 5, 3, 1, 0]
  ],
  "method": "mult",
  "cond_prob": [
    [
      [0.018067800715, 0.36646326572, 4.3391299407e-05, 0.615154588, 0.00027095427034],
      [0.016129303423, 0.087893459185, 0.044687963685, 0.82546392437, 0.025825349334],
      [0.020917133257, 0.0055852312316, 0.80586103466, 0.14800738724, 0.019629213615],
      [0.54724378711, 0.22179812936, 0.020676959806, 0.20674120304, 0.003539920684],
      [0.029263641307, 0.0087065633617, 0.1583743149, 0.51022988001, 0.29342560042]
    ],
    [
      [0.020979739855, 0.66014436394, 4.6361057588e-05, 0.31882953515, 0],
      [0.034732790137, 0.16530291394, 0.20822425089, 0.59174004503, 0],
      [0, 0, 1, 0, 0],
      [0.78196527005, 0.16029579742, 0.010642520306, 0.047096412222, 0],
      [0.071876879826, 0.023506732878, 0.36459200492, 0.54002438238, 0]
    ],
    [
      [0.020504809965, 0.45294995511, 4.0090049894e-05, 0.52612926314, 0.00037588173887],
      [0.036203134384, 0.13298555816, 0.017941121001, 0.77409997737, 0.038770209083],
      [0.021464630396, 0.0028485648557, 0.81682156787, 0.12767927298, 0.031185963891],
      [0.58222888612, 0.24019206187, 0.016967148121, 0.15624961524, 0.0043622886501],
      [0.031707502697, 0.0099921676641, 0.13969731769, 0.41561885637, 0.40298415557]
    ],
    [
      [0.021414534784, 0.30758109962, 4.7149789865e-05, 0.67056942606, 0.00038778975016],
      [0.032143034628, 0.066376285183, 0.024827486441, 0.83748353294, 0.039169660803],
      [0.013206629145, 0, 0.83045633545, 0.13064075358, 0.025696281824],
      [0.59486986509, 0.17180296075, 0.020719487458, 0.2079356963, 0.0046719904087],
      [0.02920383532, 0.0061625855584, 0.14486516297, 0.46842678059, 0.35134163556]
    ],
    [
      [0.024513089855, 0.4486819112, 0, 0.52680499895, 0],
      [0.044790344887, 0.14631721543, 0, 0.78023985372, 0.028652585968],
      [0.037070882884, 0.0080909947515, 0.78056163588, 0.14963653021, 0.024639956273],
      [0.61088985098, 0.22520547598, 0.014127695904, 0.14665809146, 0.0031188856778],
      [0.042766172166, 0.011509436293, 0.1407139961, 0.47051538757, 0.33449500787]
    ],
    [
      [0.010411623042, 0.56678222541, 3.8113334693e-05, 0.42249852417, 0.00026951404325],
      [0.021855603495, 0.18184363038, 0.021842228902, 0.74125437955, 0.033204157667],
      [0.0046129335519, 0, 0.89697452649, 0.084235598155, 0.014176941803],
      [0.47730776251, 0.34882451816, 0.019664831699, 0.15038852184, 0.0038143657858],
      [0.019578302836, 0.013776906484, 0.16173456301, 0.40193502201, 0.40297520566]
    ],
    [
      [0.020161140193, 0.53441658479, 3.693817529e-05, 0.44496478399, 0.00042055284994],
      [0.039230914796, 0.17177254823, 0.018209929909, 0.72266809307, 0.048118513986],
      [0.023404830882, 0.014068571933, 0.81669880218, 0.11003727568, 0.035790519325],
      [0.57553983064, 0.2757808121, 0.015280908373, 0.1286256475, 0.0047728013837],
      [0.030715758532, 0.011513575856, 0.12707112695, 0.34578614127, 0.48491339739]
    ],
    [
      [0.023455516168, 0.42499329261, 5.0760016145e-05, 0.55099561096, 0.00050482025058],
      [0.039362155949, 0.087055679563, 0.044375719146, 0.77072364146, 0.058482803879],
      [0.012911577352, 0, 0.90836937509, 0.04713318235, 0.031585865208],
      [0.62114068544, 0.20533283485, 0.019549377673, 0.1486456964, 0.0053314056287],
      [0.029889856716, 0.0077429323213, 0.14597839677, 0.35835313371, 0.45803568048]
    ],
    [
      [0.026725294705, 0.6339040493, 5.8362062518e-05, 0.33931229393, 0],
      [0.016607975563, 0.088477088099, 0.39403920948, 0.50087572686, 0],
      [0.018257505507, 0.0033654155748, 0.93631851731, 0.042058561611, 0],
      [0.86867826208, 0.090568439679, 0.00886845758, 0.031884840656, 0],
      [0.07970483797, 0.016227349497, 0.40911036086, 0.49495745167, 0]
    ],
    [
      [0.023595296198, 0.50530163485, 4.1613067749e-05, 0.47066462623, 0.00039682966219],
      [0.041421790807, 0.14906067382, 0.063430719843, 0.70362455917, 0.042462256353],
      [0.027868416644, 0.0076145041358, 0.82078256528, 0.11413593233, 0.029598581613],
      [0.61527642987, 0.24005651679, 0.015820027998, 0.12470893915, 0.0041380861959],
      [0.035031123117, 0.010654296183, 0.13998561835, 0.35632325849, 0.45800570386]
    ],
    [
      [0.027292833893, 0.53872223777, 3.8619310182e-05, 0.43372205048, 0.00022425855199],
      [0.067904708868, 0.20278234278, 0.021488913584, 0.68574847899, 0.022075555773],
      [0.035733600136, 0.009281352204, 0.81862634069, 0.11796776996, 0.018390937002],
      [0.62730900137, 0.24641727215, 0.013913450228, 0.11014529628, 0.0022149799751],
      [0.054966148399, 0.015906776752, 0.17555246852, 0.44723818981, 0.30633641652]
    ],
    [
      [0, 0.2641321191, 0.013306994344, 0.72227622653, 0.00028466002368],
      [0, 0.038698400425, 0.096977950474, 0.84340480958, 0.020918839517],
      [0, 0.0016974843945, 0.90919117415, 0.07928962203, 0.0098217194259],
      [0.48383968317, 0.15536189667, 0.11401739858, 0.24296041747, 0.0038206041082],
      [0.016160316831, 0.0042404351338, 0.21975824772, 0.44631421975, 0.31352678057]
    ],
    [
      [0.023807548564, 0.37736844191, 3.8399312421e-05, 0.59830148576, 0.00048412445577],
      [0.032721324353, 0.092525204828, 0.0087218548459, 0.81071252263, 0.055319093343],
      [0.029255899799, 0.0060571219887, 0.77501623078, 0.15236826994, 0.037302477499],
      [0.62141507923, 0.19025951804, 0.015307690131, 0.16772736524, 0.0052903473523],
      [0.031462120761, 0.0072548582239, 0.1147649111, 0.40437408244, 0.44214402748]
    ],
    [
      [0.023886225357, 0.4186367581, 3.5662728803e-05, 0.55722454614, 0.00021680767444],
      [0.041173403573, 0.12121435684, 0, 0.81838187029, 0.019230369296],
      [0.033391266693, 0.017400509501, 0.76645045699, 0.1642860383, 0.018471728513],
      [0.62026004461, 0.20860564752, 0.014089523107, 0.15469604067, 0.0023487440818],
      [0.043729892314, 0.011083242966, 0.14728602357, 0.52158021982, 0.27632062133]
    ],
    [
      [0.026868154316, 0.30121468568, 4.270463482e-05, 0.67166611704, 0.00020833833066],
      [0.034912693818, 0.071355551747, 0.014862413265, 0.86088970985, 0.017979631321],
      [0.03039325421, 0.0043479267469, 0.79365956119, 0.15676187468, 0.014837383174],
      [0.67088871258, 0.13839595166, 0.015696093763, 0.17291901771, 0.0021002242823],
      [0.04302405264, 0.0068521255506, 0.15452266965, 0.54909788001, 0.24650327215]
    ],
    [
      [0.043899325872, 0.45158315281, 4.1579803258e-05, 0.50447594151, 0],
      [0.080068105446, 0.13070631068, 0.01914901895, 0.77007656492, 0],
      [0.081351373403, 0.0019215362354, 0.84944241766, 0.067284672699, 0],
      [0.78954935454, 0.12300579329, 0.0093190906956, 0.078125761475, 0],
      [0.10981876198, 0.015154703875, 0.23500956743, 0.64001696672, 0]
    ],
    [
      [0.015982270849, 0.36866935444, 4.0593630588e-05, 0.61511544271, 0.00019233837038],
      [0.026168197972, 0.094937822173, 0.016791663995, 0.84349876931, 0.018603546548],
      [0.0065743243998, 0, 0.81813071541, 0.16214990235, 0.01314505784],
      [0.57347782167, 0.20851362865, 0.018718655041, 0.19685557015, 0.0024343244951],
      [0.027278193312, 0.0085929960025, 0.15638570539, 0.53325904639, 0.27448405891]
    ],
    [
      [0.033171219478, 0.41660426656, 4.1973288713e-05, 0.54967937123, 0.00050316943923],
      [0.055205413717, 0.11324551479, 0.017710322157, 0.76193818739, 0.051900561943],
      [0.045499315258, 0, 0.80292637684, 0.11289269185, 0.038681616056],
      [0.69531694674, 0.16538242149, 0.013229188457, 0.12172248107, 0.0043489622418],
      [0.043309973889, 0.0078413818536, 0.12353128733, 0.3668113823, 0.45850597462]
    ],
    [
      [0.027968733856, 0.36978254332, 4.183542107e-05, 0.60197105047, 0.0002358369393],
      [0.048800367251, 0.095210253458, 0.027633796176, 0.80704654623, 0.021309036889],
      [0.033194389966, 0.0057886725741, 0.79493623639, 0.14857162471, 0.017509076358],
      [0.65175542293, 0.17357241441, 0.015446097341, 0.15683883563, 0.0023872296925],
      [0.047181284311, 0.0091687270129, 0.15900772679, 0.52018960471, 0.26445265717]
    ],
    [
      [0.024748181119, 0.42931221812, 4.0427834414e-05, 0.5456348167, 0.00026435622917],
      [0.043379246321, 0.12492839143, 0.028413237392, 0.77783574145, 0.025443383404],
      [0.030651462577, 0.0070176800778, 0.80129333896, 0.14055882386, 0.020478694532],
      [0.61447834456, 0.21505295415, 0.015924128156, 0.15168981921, 0.0028547539208],
      [0.042887398325, 0.010942191414, 0.15784190644, 0.48440359027, 0.30392491355]
    ],
    [
      [0.0047627467494, 0.37863261781, 4.1229441549e-05, 0.61581985717, 0.00074354883058],
      [0.0075112077186, 0.088400858032, 0.016461372339, 0.80850761827, 0.079118943639],
      [0.0034219040451, 0, 0.76819840149, 0.14672978915, 0.081649905319],
      [0.25699973472, 0.36406100625, 0.031657510345, 0.33162728998, 0.0156544587],
      [0.0051084133926, 0.0057811124355, 0.099604727724, 0.33699418073, 0.55251156572]
    ],
    [
      [0.02431037954, 0.27700701225, 4.2816788802e-05, 0.69863979142, 0],
      [0.029593572014, 0.063531476035, 0.015192491456, 0.89168246049, 0],
      [0.027205199925, 0.003838148986, 0.80886670821, 0.16008994288, 0],
      [0.68290592652, 0.12429978631, 0.015608315142, 0.17718597203, 0],
      [0.050625161769, 0.0079382389761, 0.20188808583, 0.73954851342, 0]
    ],
    [
      [0, 0, 5.9260221517e-05, 0.99994073978, 0],
      [0, 0, 0.046349271896, 0.9536507281, 0],
      [1.1102230246e-16, 0, 0.9072718261, 0.092728173902, 0],
      [0, 0, 0.086354096945, 0.91364590305, 0],
      [0, 0, 0.22645744896, 0.77354255104, -0]
    ],
    [
      [0.0246513182, 0.38312999838, 3.6404923704e-05, 0.5919306754, 0.00025160309592],
      [0.040499855932, 0.10724176503, 0, 0.82863360579, 0.02362477324],
      [0.032747858226, 0.011959337188, 0.75675694586, 0.17761643465, 0.02091942407],
      [0.62346792821, 0.19337658458, 0.014472835463, 0.16594026208, 0.0027423896619],
      [0.042202362841, 0.0096134826099, 0.1404588241, 0.51892169009, 0.28880364035]
    ],
    [
      [0.030092826993, 0.35488928359, 3.730585076e-05, 0.61474854682, 0.00023203675226],
      [0.048161422073, 0.095998834525, 0, 0.83482963636, 0.021010107046],
      [0.047170317116, 0.0074532467918, 0.75415947202, 0.17253236456, 0.018684599518],
      [0.67738282342, 0.15657801123, 0.012996602219, 0.15082607949, 0.0022164836349],
      [0.050793451432, 0.0087344620546, 0.14196475214, 0.53098968719, 0.26751764719]
    ],
    [
      [0.11600140142, 0.88399859858, 0, 0, 0],
      [0.1396170797, 0.38671125379, 0, 0.47367166651, 0],
      [0.0037266896198, 0.0011398341113, 0.9911603892, 0.0039730870668, 0],
      [0.74251817407, 0.22872023058, 0.0044198053989, 0.024341789958, 0],
      [0.1298845654, 0.044041640368, 0.44589433033, 0.3801794639, 0]
    ],
    [
      [0.019905722268, 0.66658981322, 0.00033280480276, 0.3131716597, 0],
      [0.014029969793, 0.18908418925, 0.23427772229, 0.56260811866, 0],
      [0.018799355528, 0.0065598945167, 0.91741628195, 0.057224468, 0],
      [0.74148694556, 0.19162659527, 0.011948706657, 0.052926757883, 0.0020109946303],
      [0.033739293173, 0.013013815002, 0.19013843097, 0.26411395817, 0.49899450268]
    ],
    [
      [0, 0, 6.6238011548e-05, 0.99993376199, 0],
      [0, 0, 0.078587445836, 0.92141255416, 0],
      [0, 0, 0.89521673889, 0.10478326111, 0],
      [0, 0, 0.096476845698, 0.9035231543, 0],
      [0, 0, 0.24132925372, 0.75867074628, -0]
    ],
    [
      [0.04563797699, 0.69982470002, 0, 0.25453732299, 0],
      [0.13587691727, 0.23014508, 0, 0.63397800274, 0],
      [0.069476282618, 0.12297068861, 0.77546629858, 0.032086730186, 0],
      [1, 0, 0, 0, 0],
      [0.20550115406, 0.026479211386, 0.22453370142, 0.54348593313, 0]
    ],
    [
      [0, 0.64144133511, 1.3787666439e-05, 0.35854487722, 0],
      [0, 0.18571570353, 0.0090554354435, 0.80522886102, 0],
      [0, 0.062799280842, 0.63037614995, 0.30682456921, 0],
      [0, 0.70610025341, 0.016268243461, 0.27763150313, 0],
      [0, 0.025251161585, 0.14518956051, 0.8295592779, 0]
    ],
    [
      [0.051884817585, 0.54508660131, 9.7058955893e-06, 0.40301887521, 0],
      [0.11429115196, 0.14539837033, 0, 0.74031047771, 0],
      [0.14635525233, 0.10941110536, 0.33332686274, 0.41090677958, 0],
      [1, 0, 0, 0, 0],
      [0.19216986422, 0.019447695242, 0.081226129481, 0.70715631105, 0]
    ],
    [
      [0.030269362761, 0.33828827036, 4.6206764547e-05, 0.63111830896, 0.00027785115492],
      [0.04723571607, 0.083274459353, 0.024472504689, 0.81972721012, 0.025290109773],
      [0.03308339932, 0, 0.8294275327, 0.11943032231, 0.018058745671],
      [0.67523505456, 0.15019171859, 0.016173794176, 0.15573292573, 0.0026665069477],
      [0.04665898708, 0.0076280623219, 0.16049445057, 0.49811587029, 0.28710262974]
    ],
    [
      [0.024889101624, 0.31837939508, 4.5263362225e-05, 0.6561524608, 0.00053377912544],
      [0.037282938166, 0.07060183278, 0.017208774177, 0.81801335733, 0.056893097545],
      [0.021012016019, 0, 0.80144539734, 0.13865664953, 0.038885937111],
      [0.63092285616, 0.16093253208, 0.018029011598, 0.18428641177, 0.0058291883937],
      [0.030194877502, 0.0056558766654, 0.12371653721, 0.40761629809, 0.43281641053]
    ],
    [
      [0.017708553107, 0.30168654853, 4.004689621e-05, 0.6802948706, 0.00026998086722],
      [0.026792773244, 0.075210913992, 0.015375585794, 0.85733939591, 0.025281331061],
      [0.0098542574284, 0, 0.76833380221, 0.20127319583, 0.020538744534],
      [0.55521243086, 0.18711378941, 0.019585267254, 0.23446837866, 0.0036201338133],
      [0.027569421772, 0.0068678094913, 0.14049282615, 0.54216681893, 0.28290312366]
    ],
    [
      [0.016848714425, 0.32542625583, 4.1037103262e-05, 0.6570670656, 0.00061692704095],
      [0.014469733644, 0.072227500866, 0.0034670631433, 0.83812713997, 0.071708562376],
      [0.019711654019, 0.0050030221096, 0.77040267293, 0.15971561386, 0.045167037081],
      [0.53515240543, 0.20548013145, 0.020419291224, 0.23053201693, 0.008416154963],
      [0.019511592623, 0.0055176786717, 0.10708711117, 0.38960388843, 0.47827972911]
    ],
    [
      [0.019385762808, 0.33764785262, 4.661831216e-05, 0.64240624633, 0.00051351993308],
      [0.029686131232, 0.077498396091, 0.018910744209, 0.81871976743, 0.055184961039],
      [0.0083700707326, 0, 0.83078168361, 0.12655093661, 0.034297309044],
      [0.56748637041, 0.1966647091, 0.021406392891, 0.20797754725, 0.0064649803491],
      [0.024164985075, 0.0061574346724, 0.13093583502, 0.41002278968, 0.42871895555]
    ],
    [
      [0.015733562674, 0.30649121652, 3.8518677221e-05, 0.67718405574, 0.00055264638517],
      [0.003824377086, 0.068645901891, 0, 0.87245114572, 0.055078575299],
      [0.019287182603, 0.0049178915847, 0.75047916821, 0.18286245419, 0.042453303413],
      [0.52425381388, 0.20098543994, 0.019945370057, 0.24696888425, 0.0078464918834],
      [0.018925009715, 0.005375945051, 0.10446773776, 0.41688439172, 0.45434691576]
    ],
    [
      [0.032065992083, 0.33157106761, 4.2535721405e-05, 0.63609531757, 0.00022508702016],
      [0.049976603839, 0.083180706824, 0.021353925304, 0.82502958282, 0.020459181207],
      [0.043966637864, 0, 0.79394032792, 0.14702107191, 0.015071962305],
      [0.68959400842, 0.14231860576, 0.014377630793, 0.15162381334, 0.0020859416967],
      [0.052645296162, 0.0079815525425, 0.15736017979, 0.5347787552, 0.2472342163]
    ],
    [
      [0.026571551665, 0.4355379952, 0, 0.5378635256, 2.6927533858e-05],
      [0.047571681791, 0.14642436712, 0, 0.80532280834, 0.00068114275613],
      [0.060004623861, 0.024197295589, 0.75613801863, 0.15728120554, 0.002378856388],
      [0.63858435373, 0.20646239671, 0.013036995075, 0.14164005299, 0.00027620149812],
      [0.065574491309, 0.015693347367, 0.19405072891, 0.67926984398, 0.045411588433]
    ],
    [
      [0, 0.49586884351, 0, 0.50413115649, 0],
      [0, 0.13757609657, 0, 0.86242390343, 0],
      [0, 0.0092746057106, 0.49108913611, 0.49963625818, 0],
      [0, 0.61395213585, 0.017821727783, 0.36822613637, 0],
      [0, 0.019818151537, 0.1329345982, 0.84724725026, 0]
    ],
    [
      [0.012306279064, 0.94181656569, 6.6343229528e-06, 0.045870520924, 0],
      [0.10390630329, 0.55830074329, 0, 0.33779295341, 0],
      [0.096093696707, 0.041699256706, 0.8, 0.062207046587, 0],
      [1, 0, 0, 0, 0],
      [0.22900307031, 0.087960032452, 0.27471035333, 0.40832654391, 0]
    ],
    [
      [0.011634437603, 0.34498828221, 0, 0.64337728019, 0],
      [0, 0.067016340598, 0, 0.9329836594, 0],
      [0.088778655132, 0.022826425892, 0, 0.88839491898, 0],
      [0.44979345363, 0.21556813505, 0, 0.33463841132, 0],
      [0.035067858128, 0.010002357519, 0, 0.95492978435, -0]
    ],
    [
      [0.021524941807, 0.43662710086, 4.591936626e-05, 0.54124857244, 0.00055346553502],
      [0.036621319061, 0.11344337055, 0.019783963133, 0.76812579397, 0.062025553286],
      [0.019377752307, 0, 0.83598119767, 0.10149007381, 0.043150976216],
      [0.60437664602, 0.21768805906, 0.018582953021, 0.15321034822, 0.0061419936761],
      [0.02718388231, 0.0076075393073, 0.13058014607, 0.34866624592, 0.4859621864]
    ],
    [
      [0, 0, 2.654769577e-05, 0.99911272821, 0.00086072409431],
      [0, 0, 0, 0.9357443637, 0.064255636305],
      [0, 0, 0.49382636848, 0.43083330364, 0.075340327878],
      [0, 0, 0.037015241407, 0.92993254039, 0.0330522182],
      [0, 0, 0.01324872665, 0.10880288511, 0.87794838824]
    ],
    [
      [0.022202496915, 0.79590793958, 9.7822602978e-06, 0.18167038278, 0.00020939847297],
      [0.075793731029, 0.36113833977, 0, 0.53557058103, 0.027497348175],
      [0.08255987324, 0.28581805869, 0.47146745409, 0.12118792381, 0.038966690173],
      [1, 0, 0, 0, 0],
      [0.054740446318, 0.021072545368, 0.057055309565, 0.22024795932, 0.64688373943]
    ],
    [
      [0, 0.72428941458, 1.8043239919e-05, 0.27569254218, 0],
      [0, 0.30054192258, 0, 0.69945807742, 0],
      [0, 0.17064670346, 0.66665764505, 0.16269565149, 0],
      [0, 0.80184046004, 0.017771084992, 0.18038845497, 0],
      [0, 0.044758043706, 0.22062103665, 0.73462091964, -0]
    ],
    [
      [0.021558995399, 0.48310481246, 3.6978013751e-05, 0.49517799668, 0.0001212174437],
      [0.040392664515, 0.16550529367, 0.014405590924, 0.77245264658, 0.0072438043052],
      [0.029011922222, 0.0084173221594, 0.81447712786, 0.13786250982, 0.010231117947],
      [0.58936318169, 0.25072422406, 0.01523970306, 0.14330330189, 0.0013695893021],
      [0.04796877149, 0.015498249001, 0.18589708965, 0.56311714795, 0.18751874191]
    ],
    [
      [0.026585462913, 0.4583734406, 3.5308354696e-05, 0.51482651415, 0.00017927397393],
      [0.048153767848, 0.15012889551, 0, 0.78687942275, 0.01483791389],
      [0.044851579742, 0.017012447516, 0.77392132764, 0.14860112991, 0.015613515199],
      [0.63539774049, 0.21529872329, 0.013084781588, 0.13439720306, 0.0018215515693],
      [0.053403023379, 0.013447011892, 0.15987383213, 0.52926025578, 0.24401587681]
    ],
    [
      [0.032233808324, 0.48090275876, 3.3909483967e-05, 0.48639372806, 0.00043579537666],
      [0.05840437555, 0.14430145031, 0.015571035953, 0.73555343209, 0.046169706096],
      [0.076385341291, 0.017636814414, 0.71617587591, 0.13989459888, 0.049907369508],
      [0.69082014627, 0.18827175358, 0.010625776946, 0.10653851139, 0.0037438118204],
      [0.048040108765, 0.010169893513, 0.11422670708, 0.36987229486, 0.45769099578]
    ],
    [
      [0.030219130693, 0.43208459163, 0, 0.53724254655, 0.0004537311276],
      [0.063992645225, 0.12692446244, 0, 0.76493358452, 0.044149307821],
      [0.044548129203, 0.0073697760307, 0.76881430905, 0.14519597189, 0.034071813819],
      [0.66724395795, 0.18704982469, 0.012522953775, 0.12927379089, 0.0039094726927],
      [0.044368553317, 0.0092507623108, 0.12139363103, 0.40362134605, 0.42136570729]
    ],
    [
      [0.021282259935, 0.3947585836, 3.9298373313e-05, 0.58355625874, 0.00036359935106],
      [0.027073076568, 0.10577004073, 0.012344388223, 0.81536378853, 0.039448705957],
      [0.026574664273, 0.0064901986951, 0.78708246157, 0.15144337378, 0.028409301682],
      [0.58406907104, 0.21673529532, 0.016986307699, 0.17790050082, 0.0043088251283],
      [0.032374363944, 0.0088100492757, 0.13471534969, 0.45461084051, 0.36948939658]
    ],
    [
      [0.027314018519, 0.34077143129, 4.6955512773e-05, 0.6314685892, 0.00039900548567],
      [0.035843083999, 0.070000181577, 0.056373285863, 0.79511097965, 0.042672468913],
      [0.028670388564, 0.0046470003322, 0.80321923246, 0.13720906871, 0.02625430993],
      [0.65828917139, 0.15770848046, 0.017226374224, 0.16276287262, 0.004013101306],
      [0.037112229557, 0.0066994667176, 0.14407072715, 0.43867498604, 0.37344259054]
    ],
    [
      [1.8488927466e-32, 0.60645535538, 2.9353520669e-05, 0.3935152911, 0],
      [1.8489144552e-33, 0.22284042639, 0.0084621060341, 0.76869746758, 0],
      [0, 0.0081447297444, 0.90096643373, 0.09088883653, 0],
      [0, 0.70753594657, 0.028736951305, 0.26372710212, 0],
      [0, 0.028524034616, 0.25538102893, 0.71609493645, 0]
    ],
    [
      [0.028172171387, 0.79338544883, 0, 0.17844237978, 0],
      [0.10781315238, 0.48099047908, 0, 0.41119636854, 0],
      [0.11030641372, 0.011017865805, 0.8337325345, 0.044943185968, 0],
      [0.79065866367, 0.1805279647, 0.005115320569, 0.023698051055, 0],
      [0.14951992807, 0.050346603613, 0.32741961042, 0.4727138579, 0]
    ],
    [
      [0.023624505024, 0.40397686076, 0, 0.57190457118, 0.00049406303196],
      [0.037717692708, 0.11148088482, 0, 0.80016999377, 0.050631428706],
      [0.040624727452, 0.039023063848, 0.54083613786, 0.32862234189, 0.050893728949],
      [0.63637478782, 0.19501759926, 0.0092422161671, 0.15439074132, 0.0049746554307],
      [0.032639965538, 0.0079385694919, 0.075102678358, 0.40303398959, 0.48128479702]
    ],
    [
      [0.040705660837, 0.43024597285, 3.1075377217e-05, 0.52869018255, 0.00032710837896],
      [0.070149176189, 0.12683143245, 0, 0.77204923056, 0.030970160794],
      [0.12039764306, 0.022827218747, 0.66884479976, 0.15804524256, 0.029885095878],
      [0.74626641989, 0.14419267687, 0.0082980337212, 0.098847101493, 0.0023957680256],
      [0.064236761764, 0.0097207051135, 0.11092133534, 0.42580512798, 0.3893160698]
    ],
    [
      [0.061536166085, 0.44753420836, 3.1701268585e-05, 0.49089792428, 0],
      [0.11892321079, 0.13987506088, 0, 0.74120172833, 0],
      [0.14409527834, 0.00758027482, 0.70994587938, 0.13837856746, 0],
      [0.86118178331, 0.082737879653, 0.0047990373675, 0.051281299672, 0],
      [0.15870945359, 0.015604456326, 0.18554267934, 0.64014341075, 0]
    ],
    [
      [0.019551575465, 0.69727296159, 1.8893324684e-05, 0.28300450498, 0.00015206463542],
      [0.053447989349, 0.25827987143, 0.012797595981, 0.6511990534, 0.024275489842],
      [0.047819799232, 0.077834865311, 0.69438955444, 0.17141882685, 0.0085369541662],
      [0.89606419198, 0.081491248911, 0.0020097299049, 0.01999075305, 0.00044407615237],
      [0.055762058158, 0.021826693286, 0.12004838497, 0.39876287447, 0.40359998912]
    ],
    [
      [0.023229012162, 0.36752698199, 3.3588402233e-05, 0.6090119927, 0.0001984247521],
      [0.036140241748, 0.10163981848, 0, 0.84518597995, 0.017033959823],
      [0.03283901952, 0.018777233699, 0.71111272935, 0.21970834159, 0.017562675841],
      [0.61462030479, 0.19225059449, 0.013854550483, 0.17703056184, 0.002243988399],
      [0.042242755333, 0.0097729851552, 0.13769108202, 0.56693458324, 0.24335859425]
    ],
    [
      [0.02730162318, 0.33059082064, 3.5816418344e-05, 0.64178237911, 0.00028936065737],
      [0.042421522096, 0.086265701417, 0, 0.84427352127, 0.027039255214],
      [0.039096608754, 0.0057028915822, 0.72344472637, 0.20791834067, 0.023837432627],
      [0.65663799002, 0.15730057719, 0.013440467287, 0.16964367736, 0.0029772881408],
      [0.042720554905, 0.0075626183795, 0.12639587779, 0.51403798448, 0.30928296444]
    ],
    [
      [1.0406040231e-32, 0.30515846011, 5.802881064e-05, 0.69450481928, 0.00027869179275],
      [0, 0.040771064953, 0.10894264583, 0.83256784311, 0.017718446107],
      [0, 0.0029470004324, 0.87059812771, 0.11228650849, 0.014168363361],
      [0, 0.40565631301, 0.063563357645, 0.52241502305, 0.0083653063033],
      [0, 0.0055132360523, 0.1798463037, 0.4734302172, 0.34121024305]
    ],
    [
      [0, 0.31031523038, 0, 0.60883095812, 0.080853811494],
      [0.035868280871, 0.081240959085, 0.014783775488, 0.76876857506, 0.099338409497],
      [0.011525974843, 0.004126249849, 0.77773322064, 0.12852471871, 0.078089835962],
      [0.78755587954, 0.10069342817, 0.0093342120629, 0.095274023433, 0.0071424568014],
      [0.011341122765, 0.0021353343323, 0.0428645828, 0.14287329218, 0.80078566793]
    ],
    [
      [0.036665451866, 0.60447069431, 4.1848169515e-05, 0.35843394319, 0.00038806246679],
      [0.078786403801, 0.19682936051, 0.028115608543, 0.64723919008, 0.049029437061],
      [0.078364775325, 0, 0.8699431834, 0.031408799311, 0.020283241961],
      [0.72653606087, 0.19345098528, 0.011185957001, 0.065981749346, 0.0028452474964],
      [0.059008180709, 0.012707912443, 0.15226252667, 0.29287462698, 0.4831467532]
    ],
    [
      [0.029678627724, 0.37489062091, 3.8769116875e-05, 0.59524074366, 0.00015123858291],
      [0.048865243881, 0.10380623922, 0.016193272636, 0.81658256735, 0.014552676911],
      [0.048881338762, 0.0085135348854, 0.77277070954, 0.16143949278, 0.008394924035],
      [0.67405328381, 0.16504443509, 0.013522989777, 0.14593278623, 0.0014465050991],
      [0.055856261778, 0.010218493124, 0.16455354294, 0.57293773418, 0.19643396799]
    ],
    [
      [0.021572081091, 0.41005095218, 3.8447386904e-05, 0.56814193158, 0.00019658775825],
      [0.036870941515, 0.11849642944, 0.016674270647, 0.80835209808, 0.019606260319],
      [0.024368310341, 0.0093107536638, 0.79019797372, 0.16261202243, 0.013510939847],
      [0.59029017499, 0.22087652826, 0.016349605559, 0.1701915837, 0.0022921074965],
      [0.040115420584, 0.011123026506, 0.16111793422, 0.5407381985, 0.24690542019]
    ],
    [
      [0.028006329777, 0.41346451654, 3.8574645904e-05, 0.55825848089, 0.00023209815257],
      [0.047792641043, 0.11915958518, 0.016702692602, 0.79321775661, 0.023127324571],
      [0.043231273309, 0.0094429443166, 0.78080863311, 0.15001441094, 0.016502738326],
      [0.65261131763, 0.18911329866, 0.013939742943, 0.14203590376, 0.0022997370046],
      [0.0495883989, 0.010662696274, 0.15396523471, 0.50582707814, 0.27995659197]
    ],
    [
      [0.0070161352901, 0.40536068964, 4.1868329484e-05, 0.58758130674, 0],
      [0, 0.055019980297, 0.03893535689, 0.90604466281, 0],
      [0, 0.0051329196227, 0.86567579296, 0.12919128742, 0],
      [0.24473789853, 0.32695691284, 0.15716524729, 0.27113994134, 0],
      [0.017311681071, 0.012723703596, 0.23758973564, 0.73237487969, 0]
    ],
    [
      [0.026068274079, 0.38419999087, 2.6740455433e-05, 0.58970499459, 0],
      [0.045347175917, 0.082105695766, 0.011541153563, 0.86100597475, 0],
      [0.045251580308, 0.0081008840908, 0.69816929989, 0.24847823571, 0],
      [0.91447576409, 0.041240614787, 0.0028138843256, 0.041469736799, 0],
      [0.068326546111, 0.0097534572581, 0.1563561397, 0.76556385693, 0]
    ],
    [
      [0.02571332578, 0.40987084916, 0, 0.5641091028, 0.00030672225973],
      [0.043522325393, 0.11787451837, 0, 0.80855001433, 0.030053141915],
      [0.046866476474, 0.032179866181, 0.69731682685, 0.19564689735, 0.027989933142],
      [0.62979013685, 0.20099227699, 0.012431095107, 0.15354135653, 0.0032451345312],
      [0.042966753339, 0.010056816241, 0.12136453763, 0.48272494198, 0.34288695082]
    ],
    [
      [0.017826851376, 0.35562600112, 3.8279122522e-05, 0.62565935752, 0.0008495108641],
      [0.022561006022, 0.080667015418, 0, 0.7889686905, 0.10780328805],
      [0.021403796369, 0.0054651863855, 0.72605252358, 0.15528570456, 0.091792789104],
      [0.5667141677, 0.20395229452, 0.01753196966, 0.20113617495, 0.010665393174],
      [0.017584297865, 0.0049967927998, 0.085253716459, 0.31503059993, 0.57713459295]
    ],
    [
      [0.032423520917, 0.4242895646, 3.599306005e-05, 0.54308139295, 0.00016952847015],
      [0.056353158131, 0.1247257992, 0.015874477676, 0.78584577037, 0.017200794615],
      [0.059613745349, 0.016349424465, 0.75093860106, 0.1603978898, 0.012700339325],
      [0.68398320394, 0.17681859999, 0.011839230312, 0.12582996215, 0.001529003613],
      [0.063242614754, 0.012077581659, 0.15819674113, 0.54219900722, 0.22428405523]
    ],
    [
      [0.028770257497, 0.47426912074, 3.9234002996e-05, 0.49668003515, 0.00024135261003],
      [0.052652066521, 0.14634578377, 0.018215379601, 0.75698756785, 0.025799202252],
      [0.047614558351, 0.011138132847, 0.81278447868, 0.11264900743, 0.015813822693],
      [0.65248641768, 0.20944776382, 0.013703230081, 0.12205117866, 0.0023114097575],
      [0.052930464017, 0.012681341869, 0.16272160439, 0.4674555562, 0.30421103352]
    ],
    [
      [0.027555727295, 0.44176898841, 3.7685082841e-05, 0.53038668342, 0.00025091579509],
      [0.061422250983, 0.14005222103, 0.0008242305268, 0.77547351538, 0.022227782087],
      [0.035972111147, 0.0075662475752, 0.79223352767, 0.14371559959, 0.020512514022],
      [0.64343987555, 0.20414620181, 0.013735120505, 0.13617143814, 0.0025073640041],
      [0.049185567966, 0.011526168253, 0.15166156676, 0.48459886421, 0.30302783281]
    ],
    [
      [0.024465918168, 0.47006417241, 3.9160449618e-05, 0.50518462513, 0.00024612384414],
      [0.048773889393, 0.15079429334, 0.024772915967, 0.75218513451, 0.023473766794],
      [0.031386830524, 0.007936740032, 0.80623757856, 0.1346770259, 0.019761824982],
      [0.60850802198, 0.23390919354, 0.015344703691, 0.1395939443, 0.0026441364821],
      [0.045033390082, 0.012688776388, 0.16245252562, 0.47619877725, 0.30362653066]
    ],
    [
      [0.026220673631, 0.45335200202, 3.5749789414e-05, 0.52020227857, 0.00018929598741],
      [0.047154125714, 0.14957498543, 0, 0.78775551639, 0.015515372468],
      [0.046011988992, 0.011142342584, 0.77835335225, 0.14820527223, 0.016287043943],
      [0.63295080563, 0.21471090991, 0.013375444838, 0.13702097915, 0.0019418604759],
      [0.051569568867, 0.012989820773, 0.15852237799, 0.52354436665, 0.25337386572]
    ],
    [
      [0.028973410524, 0.47472668165, 3.6544508575e-05, 0.49605847322, 0.00020489009628],
      [0.053370830373, 0.14598350617, 0.01707000814, 0.7615310887, 0.022044566614],
      [0.053979754958, 0.017513135349, 0.78587155351, 0.13181614081, 0.010819415376],
      [0.66034230089, 0.20526185826, 0.012580505656, 0.11988139454, 0.0019339406597],
      [0.056488529498, 0.013272492086, 0.16068484873, 0.49429228102, 0.27526184867]
    ],
    [
      [0.035743559898, 0.32604054686, 4.0701977063e-05, 0.63798420994, 0.00019098132407],
      [0.068003747624, 0.078856299489, 0.0084328237672, 0.82835833366, 0.016348795456],
      [0.042315438596, 0.0050384856921, 0.78192258507, 0.15654040423, 0.014183086416],
      [0.72092589732, 0.12685781133, 0.012522812174, 0.13808229683, 0.0016111823529],
      [0.060428074026, 0.0080135179766, 0.15527343726, 0.55161748544, 0.2246674853]
    ],
    [
      [0.017474135287, 0.39511358844, 4.0167478288e-05, 0.58714926296, 0.00022284582723],
      [0.019421498838, 0.10948258942, 0.019702773724, 0.83007735154, 0.021315786477],
      [0.021790307635, 0.0065016949884, 0.80204707316, 0.15227828053, 0.017382643684],
      [0.53374783359, 0.24323782454, 0.019445874765, 0.20061071494, 0.0029577521595],
      [0.031058678736, 0.010326951797, 0.16086229226, 0.53461251778, 0.26313955943]
    ],
    [
      [0.026557257705, 0.5266588922, 3.8334827936e-05, 0.44644908393, 0.00029643133923],
      [0.066003898287, 0.1871539182, 0.023750882357, 0.69267719965, 0.03041410151],
      [0.035009986621, 0.0091622074692, 0.80897576329, 0.12240911924, 0.024442923377],
      [0.61881494641, 0.24754719771, 0.014169444617, 0.11646450191, 0.0030039093496],
      [0.048626643275, 0.014181251478, 0.15814789589, 0.41877244845, 0.36027176092]
    ],
    [
      [0.023248488997, 0.52168524723, 3.4905736275e-05, 0.4547085545, 0.00032280353946],
      [0.049238506994, 0.19175634005, 0, 0.72420430776, 0.0348008452],
      [0.039201279087, 0.0097760277419, 0.78798854807, 0.13434488825, 0.028689256855],
      [0.58800841192, 0.26583898822, 0.01399116851, 0.12861410427, 0.0035473270807],
      [0.041734288446, 0.013764665081, 0.14118617004, 0.41814099771, 0.38517387872]
    ],
    [
      [0.015279715603, 0.56688398338, 9.0578308991e-06, 0.41782724319, 0],
      [0.015878737035, 0.15660122734, 0, 0.82752003563, 0],
      [0.049139848956, 0.16231781911, 0.33247473475, 0.45606759718, 0],
      [0.75790705235, 0.16315642261, 0.0025667379275, 0.07636978711, 0],
      [0.061431233501, 0.022203496336, 0.085676704369, 0.83068856579, 0]
    ]
  ],
  "expected_outcome": [
    [
      [3.6677635451, 0.04195947971, 0.26656252955, 7.3023563614, 24.2434458666, 0.031234869127, 0.26209482251, 0.51602135571, 0.026725294705, 0.44831062776, 5.5404452802, 0, 1.4046453653, 0.74047298608, 0.26868154316, 0.26339595523, 0.11187589594, 0.82928048696, 14.4598354035, 34.251482669, 0.076203947991, 0.17017265678, 0, 3.451184548, 1.8055696196, 0.23200280284, 0.059717166804, 0, 0.04563797699, 0, 0.10376963517, 2.3307409326, 2.6382447721, 1.7354382044, 1.6343252992, 1.3570033965, 0.81814525906, 5.7077465908, 2.3117249948, 0, 0, 0.011634437603, 0.086099767226, 0, 0.022202496915, 0, 0.53897488498, 2.2597643476, 0.51574093319, 2.0851200178, 4.554403626, 0.92867662964, 5.5466782398e-32, 0.08451651416, 0.37799208039, 0.93623019925, 0.49228932868, 0.058654726396, 2.1370691189, 2.730162318, 8.3248321846e-32, 0, 0.1099963556, 1.0090733426, 1.3158969465, 1.4283228186, 0.02104840587, 0.026068274079, 9.5139305384, 0.16044166238, 2.2047994223, 1.3522021024, 2.7004612749, 4.3060015976, 1.4683577234, 0.46357456839, 1.8586651147, 17.4391870165, 26.929059313, 11.1592747186, 0.015279715603],
      [74.392042941, 1.3202887279, 5.8883494164, 104.8851549701, 443.7464101748, 1.7003466762, 6.9474156023, 9.3498524374, 0.6339040493, 9.6007310621, 109.3606142666, 1.0565284764, 22.2647380728, 12.977739501, 3.0121468568, 2.7094989169, 2.5806854811, 10.4151066641, 191.1775748947, 594.1681098803, 6.0581218849, 1.9390490858, 0, 53.6381997735, 21.2933570153, 1.7679971972, 1.9997694397, 0, 0.69982470002, 0.64144133511, 1.0901732026, 26.0481968178, 33.7482158789, 29.5652817557, 31.5663468151, 23.6353496831, 15.9375432591, 59.0196500338, 37.8918055824, 0.99173768702, 0, 0.34498828221, 1.7465084034, 0, 0.79590793958, 2.1728682438, 12.0776203116, 38.9617424513, 7.6944441401, 29.8138368225, 84.4783368904, 11.5862286638, 1.8193660661, 2.3801563465, 6.4636297722, 9.8956573756, 3.5802736669, 2.0918188848, 33.8124823427, 33.0590820635, 2.4412676809, 1.5515761519, 1.8134120829, 12.7462811111, 25.0131080832, 21.0866903434, 1.2160820689, 0.38419999087, 151.6522141889, 3.2006340101, 28.8516903928, 22.2906486749, 43.2933608641, 82.7312943441, 25.3877121133, 7.5956269065, 16.9541084369, 394.3233612661, 534.0321166873, 250.4089186686, 0.56688398338],
