{
  "Z_true": {},
  "V_true": [
    [1330, 314, 2303, 209],
    [370, 97, 8655, 562],
    [506, 11403, 1353, 870],
    [126, 230, 1217, 358],
    [91, 536, 552, 904]
  ],
  "p_true": [
    [0.32, 0.0756, 0.5541, 0.0503],
    [0.0382, 0.01, 0.8937, 0.058],
    [0.0358, 0.8069, 0.0957, 0.0616],
    [0.0653, 0.1191, 0.6302, 0.1854],
    [0.0437, 0.2573, 0.265, 0.434]
  ],
  "Z_est": {},
  "V_est": [
    [2078.2604, 0, 2074.9514, 2.7882],
    [0, 0, 9095.3632, 588.6368],
    [344.7396, 12580, 444.6326, 762.6277],
    [0, 0, 1930.3868, 0.6132],
    [0, 0, 534.666, 1548.334]
  ],
  "p_est": [
    [0.5001, 0, 0.4993, 0.0007],
    [0, 0, 0.9392, 0.0608],
    [0.0244, 0.8902, 0.0315, 0.054],
    [0, 0, 0.9997, 0.0003],
    [0, 0, 0.2567, 0.7433]
  ],
  "EI_Z": {},
  "EI_V": 11.7238,
  "MAE_Z": {},
  "MAE_V": 374.9981,
  "MAE_p": 0.099,
  "runtime": 0.0272
}
