{
  "Z_true": {},
  "V_true": [
    [18, 557, 58, 1472, 26],
    [235, 786, 196, 15510, 159],
    [275, 211, 11986, 2530, 302],
    [1001, 50, 478, 1284, 94],
    [75, 211, 398, 929, 312]
  ],
  "p_true": [
    [0.0084, 0.2614, 0.0272, 0.6908, 0.0122],
    [0.0139, 0.0465, 0.0116, 0.9185, 0.0094],
    [0.018, 0.0138, 0.7832, 0.1653, 0.0197],
    [0.3443, 0.0172, 0.1644, 0.4417, 0.0323],
    [0.039, 0.1096, 0.2068, 0.4826, 0.1621]
  ],
  "Z_est": [
    [
      [0, 0.9986, 2, 5, 3, 6, 0.0921, 0.0811, 4, 3, 4, 0.176, 13, 3, 1.9999, 0.4791, 3, 0, 3, 1.9994, 1.7585, 2.9995, 3, 2, 0, 0, 2, 0, 0, 1.988, 2, 0.0286, 1.9982, 3, 3, 1.9999, 4, 4, 0.121, 3, 2.9996, 3, 3, 3, 2, 2, 3, 4, 3, 3, 2.9999, 1.9898, 2, 3, 3, 5, 3, 3, 3, 1.9995, 3, 3, 0.141, 0, 4, 9, 7],
      [0, 2.9928, 5.6117e-06, 3, 2, 3, 0.0787, 0.0324, 3, 2, 2, 0.0872, 10, 4, 3.0001, 0.1539, 3.7339e-15, 0, 1.2039e-09, 0.0006, 0.1262, 0.9999, 1, 3.9193e-07, 0, 0.1449, 1.0421e-10, 0.4058, 0, 0.0015, 1, 0.0329, 0.0009, 1, 2, 1.9999, 1, 3.1609e-10, 0.1256, 3, 0.0003, 1.6775e-06, 3, 5.7977e-07, 4.3553e-07, 1, 3, 1, 1, 1, 7.8321e-06, 0.0072, 1, 1, 1, 1, 7.9981e-11, 6.8678e-07, 1.8545e-10, 1, 2.3416e-07, 1, 0.0324, 0.1168, 8, 13, 7],
      [0, 4.0021, 5, 27, 12, 20, 0.3162, 0.8521, 39, 12, 14, 1.106, 107, 24, 13, 0.758, 8, 0, 12, 4.9999, 4.9844, 8.0005, 10, 4, 0, 1.0214, 5, 1.0927, 0, 1.996, 6, 1.0302, 4.0004, 4, 6, 5.9998, 6, 7, 0.5583, 16, 2.0002, 6, 33, 9, 2, 11, 12, 13, 6, 4, 5.9999, 1.0104, 10, 7, 11, 14, 7, 6, 4, 4.9997, 5, 9, 0.4219, 0.292, 24, 37, 29],
      [0, 15.0046, 10, 39, 25, 64, 0.4816, 1.0345, 37, 28, 48, 0.5846, 164, 37, 16, 2.5222, 11, 0, 14, 4.9998, 3.1134, 6, 12, 7, 0, 1.7876, 4, 1.5015, 0, 5.0095, 4, 0.9001, 6.9996, 19, 15, 12.0003, 25, 12, 1.1951, 30, 7.9998, 4, 27, 11, 5, 15, 21, 20, 13, 17, 9.0002, 4.9926, 15, 11, 17, 23, 13, 10, 7, 9.0008, 8, 17, 0.4047, 0.5913, 41, 99, 57],
      [0, 0.0019, 1.4327e-06, 1, 1, 2, 0.0313, 0, 1, 1, 1, 0.0462, 6, 3.1732e-07, 0, 0.0869, 1, 0, 3.0097e-10, 0.0003, 0.0174, 0.0002, 3.7336e-13, 8.1381e-11, 0, 0.0461, 3.9756e-10, 0, 0, 0.0051, 5.7468e-06, 0.0082, 0.0008, 3.7121e-09, 3.5541e-08, 0.0001, 1, 2.5945e-11, 0, 1, 0.0001, 5.4768e-08, 1, 1.2664e-07, 5.1685e-07, 5.8039e-11, 5.638e-17, 3.9902e-10, 1.3305e-09, 7.6644e-06, 1.3907e-10, 0.0001, 5.0579e-14, 2.5016e-12, 3.3313e-09, 4.1151e-14, 2.1268e-09, 8.5029e-08, 2.0542e-10, 1.3678e-09, 1.0741e-07, 6.7388e-09, 0, 0, 1, 4, 2]
    ],
    [
      [0.4735, 0.9989, 4, 25, 9, 34, 0.629, 0.3829, 13, 14, 33, 0.2154, 112, 5, 1.0001, 0.7971, 13, 0, 9, 1.0007, 0.174, 1.0005, 10, 9, 0, 0, 9, 0, 0.4863, 2.0048, 3, 0.1482, 3.0018, 10, 10, 6.9998, 17, 7, 0.4601, 8, 8.0002, 2, 7, 3, 11, 8, 7, 14, 16, 8, 9.0002, 3.9997, 18, 8, 11, 15, 11, 6, 8, 8.0013, 6, 9, 0.6146, 0, 7, 64, 47],
      [0.5037, 8.9991, 10, 33, 12, 28, 1.1195, 0.4512, 14, 28, 23, 0.2832, 97, 17, 10.0002, 1.879, 9, 0, 11, 4.9993, 3.5915, 3.9994, 13, 6, 0.7118, 0.8167, 7, 1.0877, 0.4051, 6.9832, 4, 0.4352, 4.9978, 12, 12, 9.9998, 13, 10, 2.0768, 14, 7.9995, 5, 15, 6, 8, 10, 17, 14, 10, 12, 6.9999, 6.9927, 13, 12, 13, 17, 6, 9, 7, 7.9995, 6, 9, 0.3123, 0.8592, 31, 131, 62],
      [6.2818, 17.9988, 54, 251, 55, 162, 4.0937, 5.6993, 196, 128, 134, 3.3268, 992, 91, 37.9999, 7.2222, 99, 5.4501, 118, 27.9988, 17.1701, 22.0001, 93, 53, 4.0211, 10.4913, 77, 2.8335, 10.3211, 15.0094, 38, 15.5979, 34.0002, 27, 49, 47.9998, 53, 65, 6.031, 57, 19.0013, 62, 165, 56, 35, 81, 97, 101, 74, 46, 42.9999, 12.9805, 128, 70, 101, 106, 78, 51, 51, 55.9995, 69, 64, 4.9869, 1.4313, 101, 372, 252],
      [10.8039, 66.0058, 100, 367, 117, 510, 4.5692, 9.4666, 188, 278, 461, 1.8899, 1524, 144, 46.9998, 19.1404, 125, 11.5499, 139, 27.0012, 12.975, 16.0003, 105, 91, 8.5207, 16.1006, 73, 4.0788, 9.7875, 37.0044, 27, 15.4211, 56.0002, 127, 112, 95.0007, 210, 104, 12.4321, 108, 76.9984, 43, 137, 65, 81, 114, 161, 159, 147, 164, 66.9999, 50.0247, 190, 113, 151, 173, 131, 83, 90, 103, 106.0001, 125, 4.0861, 2.7095, 166, 975, 494],
      [0.9372, 1.9974, 2, 15, 4, 18, 0.5886, 0, 8, 10, 10, 0.2847, 55, 2, 1, 0.9613, 17, 0, 6, 1, 0.0893, 1.9997, 3, 4, 0.7463, 0.5913, 2, 0, 0, 1.9982, 1, 0.3976, 1, 5, 5, 1.9999, 10, 3, 0, 4, 3.0006, 2, 7, 2, 4, 2, 7, 4, 6, 3, 2, 1.0025, 6, 6, 7, 6, 5, 2, 7, 1.9997, 3, 4, 0, 0, 7, 46, 19]
    ],
    [
      [0.4738, 0.0022, 3, 22, 5, 14, 0.9571, 0.4986, 22, 9, 12, 0.5765, 109, 4, 1, 0.5229, 13, 0, 11, 1.9997, 0.9929, 3.9994, 16, 9, 0, 0, 12, 0, 0.4278, 1.0016, 9, 0.7293, 4.0009, 3, 5, 5.0002, 5, 8, 0.2867, 7, 1.9999, 6, 15, 6, 5, 7, 7, 14, 13, 4, 11.9998, 2.0013, 17, 8, 13, 16, 11, 5, 7, 6.9992, 7, 8, 1.0179, 0, 6, 32, 35],
      [0.4458, 4.0027, 6, 27, 8, 11, 1.3535, 0.4924, 20, 15, 11, 0.5952, 93, 14, 11.9998, 0.8105, 9, 0, 13, 3.9993, 3.1691, 7.0003, 16, 7, 0.2882, 0.8698, 8, 1.3425, 0.5203, 5.0036, 7, 0.4616, 2.0009, 3, 5, 6.0002, 4, 8, 1.3283, 12, 2, 8, 27, 9, 4, 9, 15, 13, 7, 5, 7.0001, 1.9999, 17, 9, 14, 14, 5, 6, 4, 5.0005, 4, 7, 0.5502, 0.9082, 26, 64, 47],
      [6.6671, 9.9945, 40, 228, 39, 69, 6.2442, 8.6394, 329, 81, 54, 10.047, 974, 91, 49, 5.658, 116, 3.5683, 156, 35.0012, 38.8539, 52.0002, 143, 61, 1.9789, 11.0982, 115, 4.3442, 13.2757, 14.9944, 109, 20.757, 36.9993, 11, 26, 31.9997, 19, 71, 5.2239, 51, 8.9984, 143, 334, 106, 21, 87, 88, 109, 64, 24, 55, 8.9983, 136, 66, 120, 112, 79, 51, 50, 49.0005, 79, 62, 7.9012, 1.9534, 89, 189, 196],
      [9.5753, 30.9986, 70, 330, 79, 215, 6.5942, 11.3696, 313, 172, 184, 5.1529, 1496, 140, 63.0003, 10.6301, 143, 6.4317, 182, 32.9998, 31.0388, 37, 159, 103, 3.4793, 15.2645, 109, 5.3132, 9.7763, 30.9973, 77, 20.6652, 56.999, 41, 58, 63.9998, 68, 113, 7.161, 95, 29.0019, 102, 279, 121, 45, 119, 149, 168, 122, 79, 84, 25.9969, 202, 106, 177, 180, 133, 79, 82, 87, 119, 117, 5.5306, 3.1384, 149, 489, 380],
      [0.8381, 1.002, 1, 13, 3, 7, 0.8511, 0, 13, 6, 4, 0.6284, 54, 2, 2, 0.3786, 19, 0, 8, 1, 0.9453, 4.0001, 5, 4, 0.2537, 0.7675, 3, 0, 0, 1.0032, 5, 0.3868, 1, 1, 2, 1.0001, 3, 4, 0, 3, 0.9998, 6, 15, 4, 2, 3, 6, 4, 4, 1, 2.0001, 0.0037, 6, 5, 8, 6, 5, 2, 6, 0.9997, 4, 3, 0, 0, 6, 23, 15]
    ],
    [
      [0.0386, 0.0001, 4.693e-06, 2, 1, 4, 0.234, 0.0173, 2, 3, 3, 0.0321, 21, 3.2617e-07, 0, 0.112, 2, 0, 1, 0.0002, 0.0605, 0.0001, 2, 2, 0, 0, 2, 0, 0.0701, 0.002, 1, 0.0684, 0.9991, 1, 1, 1, 2, 1, 0.0277, 1, 1.0003, 2.5213e-06, 1, 3.4027e-08, 2, 1, 1, 3, 2, 1, 3.0001, 0.0077, 3, 1, 2, 3, 2, 3.1498e-07, 1, 2.0003, 1, 2, 0.0407, 0, 1.0158e-07, 5, 6],
      [0.0344, 0.0026, 1, 3, 1, 3, 0.3228, 0.0114, 2, 5, 2, 0.0345, 18, 1, 1, 0.1343, 1, 0, 1, 0.0003, 0.0298, 1.0004, 2, 1, 0, 0, 1, 0.0918, 0.0606, 0.0082, 1, 0.0422, 0.0003, 1, 1, 1, 1, 1, 0.1261, 1, 1.0001, 2.0726e-09, 2, 2.7115e-08, 1, 1, 2, 2, 1, 1, 1, 0.9962, 2, 1, 2, 3, 1, 1, 1, 1, 1, 1, 0.0227, 0, 1, 10, 8],
      [0.7528, 0.0016, 8, 29, 8, 23, 1.5573, 0.4103, 44, 25, 18, 0.5202, 188, 6, 5, 0.9317, 24, 0.6356, 17, 3.0004, 1.955, 10.9993, 24, 14, 0, 0, 25, 0.3882, 1.9709, 1.0031, 13, 5.3053, 7.997, 3, 7, 6.0004, 8, 14, 0.6409, 11, 4.0001, 9, 34, 13, 8, 12, 17, 23, 13, 5, 14, 3.0062, 28, 13, 27, 24, 16, 7, 10, 16.0013, 19.0001, 14, 0.5767, 0, 6, 30, 38],
      [1.1046, 3.9954, 16, 46, 19, 74, 1.7122, 0.561, 44, 58, 55, 0.3727, 291, 11, 6, 2.7503, 31, 1.3644, 22, 4.999, 1.9479, 9.9999, 29, 25, 0, 0, 26, 0.52, 1.8985, 5.986, 12, 5.424, 16.0031, 17, 18, 13.9995, 33, 25, 1.2053, 17, 19.9994, 8, 30, 16, 21, 20, 31, 39, 26, 23, 24.9999, 13.9862, 42, 22, 39, 43, 28, 15, 20, 30.9985, 32.9999, 31, 0.3599, 0, 11, 84, 75],
      [0.0696, 0.0003, 3.5825e-07, 2, 1.8841e-08, 3, 0.1736, 0, 2, 2, 1, 0.0406, 10, 5.0695e-13, 1, 0.0718, 4, 0, 5.5761e-16, 0.0001, 0.0068, 0.0002, 1, 1, 0, 0, 1, 0, 0, 0.0007, 6.231e-06, 0.1602, 0.0005, 3.0634e-09, 1, 0.0001, 1, 1.8633e-08, 0, 1.1861e-09, 1, 1, 2, 1.1985e-07, 1, 8.2892e-12, 1, 1, 1, 3.7782e-06, 0, 0.0037, 1, 3, 1, 1, 1, 9.065e-07, 1, 2.0109e-07, 1, 1.3781e-09, 0, 0, 1, 3, 2]
    ],
    [
      [0.0142, 0.0002, 3.9725e-06, 1, 1.5908e-08, 2, 0.0878, 0.0202, 2, 1, 2, 0, 10, 2.2378e-10, 0, 0.089, 1, 0, 3.0097e-10, 0.0001, 0.0141, 0.0004, 1, 1, 0, 0, 1, 0, 0.0159, 0.0037, 6.3847e-06, 0.0256, 0, 1, 1, 1.0001, 1, 1.8699e-08, 0.1045, 1, 0, 8.2942e-07, 1, 2.197e-07, 1, 1.3983e-10, 1.7629e-12, 1, 1, 3.7782e-06, 1, 0.0016, 1, 1, 1, 1, 1, 4.604e-07, 1, 0.9997, 1, 1, 0.1858, 0, 1, 6, 6],
      [0.0161, 1.0029, 3.9106e-06, 2, 1, 2, 0.1255, 0.0126, 2, 2, 1, 0, 9, 1, 2, 0.0224, 1, 0, 1.2039e-09, 0.0005, 0.0834, 0.0001, 1, 2.6122e-07, 0, 0.1686, 5.7549e-10, 0.0722, 0.014, 0.0035, 5.75e-06, 0.0281, 0, 1, 1, 1.0001, 9.388e-13, 1.8831e-10, 0.3431, 1, 0, 5.071e-08, 2, 2.5329e-07, 8.9708e-07, 1.9993e-10, 1, 1, 1.1285e-09, 7.2379e-08, 2.5761e-07, 0.004, 1, 1, 1, 1, 3.2199e-09, 1.0653e-06, 5.7295e-10, 1, 3.8051e-07, 6.846e-09, 0.0824, 0.1158, 4, 13, 8],
      [0.2984, 2.003, 5, 17, 5, 14, 0.7885, 0.399, 31, 11, 11, 0, 93, 9, 9, 0.4302, 14, 0.346, 7, 3.9997, 5.0366, 5.9999, 12, 8, 0, 2.389, 9, 0.3414, 0.4324, 1.9972, 8, 1.3095, 3.0031, 3, 5, 6.0003, 4, 6, 1.5458, 8, 0.9999, 8, 32, 6, 3, 7, 7, 12, 5, 4, 4.0001, 2.0047, 11, 8, 17, 12, 7, 7, 9, 8.999, 11, 7, 2.1132, 0.3234, 13, 39, 37],
      [0.5163, 10.9957, 11, 25, 11, 44, 0.6427, 0.5682, 30, 24, 42, 0, 143, 15, 12, 0.957, 19, 0.654, 9, 4.0002, 3.9248, 3.9999, 13, 14, 0, 3.8474, 8, 0.5864, 0.5377, 5.0028, 6, 1.5897, 5.9981, 18, 11, 13.9997, 17, 9, 3.0066, 17, 4.0005, 5, 27, 7, 9, 10, 12, 21, 10, 15, 6.9999, 6.9996, 16, 13, 25, 20, 13, 11, 18, 18.0008, 19, 15, 1.6186, 0.5608, 22, 104, 73],
      [0.1551, 0.9983, 2, 3, 2, 3, 0.3554, 0, 2, 2, 2, 0, 7, 2, 2, 0.5014, 4, 0, 3, 1.9995, 0.9412, 2.9998, 2, 2, 0, 0.595, 2, 0, 0, 1.9928, 3, 0.0472, 1.9988, 3, 2, 1.9998, 2, 3, 0, 2, 1.9995, 2, 3, 2, 2, 2, 3, 2, 2, 3, 2, 1.99, 2, 1, 4, 4, 2, 3, 3, 2.0005, 2, 3, 0, 0, 3, 8, 5]
    ]
  ],
  "V_est": [
    [175.8495, 92.3398, 671.4422, 1167.1236, 24.2448],
    [689.389, 880.5032, 5390.9465, 9562.5668, 362.5945],
    [586.4876, 680.1428, 5486.1968, 8237.1146, 314.0581],
    [97.711, 97.9189, 961.6542, 1696.1877, 53.5282],
    [54.5628, 64.0953, 605.7603, 1062.0073, 138.5743]
  ],
  "p_est": [
    [0.0825, 0.0433, 0.3151, 0.5477, 0.0114],
    [0.0408, 0.0521, 0.3193, 0.5663, 0.0215],
    [0.0383, 0.0444, 0.3585, 0.5382, 0.0205],
    [0.0336, 0.0337, 0.3308, 0.5835, 0.0184],
    [0.0283, 0.0333, 0.3147, 0.5517, 0.072]
  ],
  "EI_Z": {},
  "EI_V": 37.042,
  "MAE_Z": {},
  "MAE_V": 1160.2445,
  "MAE_p": 0.1312,
  "runtime": 0.4657
}
