{
  "Z_true": {},
  "V_true": [
    [27, 186, 41, 173, 187, 13],
    [9, 505, 22, 27, 112, 5],
    [563, 19, 45, 20, 66, 10],
    [26, 8, 42, 64, 615, 11],
    [21, 79, 114, 252, 312, 27],
    [39, 69, 359, 3906, 342, 46],
    [30, 62, 592, 77, 7427, 29],
    [352, 180, 465, 410, 963, 365]
  ],
  "p_true": [
    [0.0431, 0.2967, 0.0654, 0.2759, 0.2982, 0.0207],
    [0.0132, 0.7426, 0.0324, 0.0397, 0.1647, 0.0074],
    [0.7787, 0.0263, 0.0622, 0.0277, 0.0913, 0.0138],
    [0.0339, 0.0104, 0.0548, 0.0836, 0.8029, 0.0144],
    [0.0261, 0.0981, 0.1416, 0.313, 0.3876, 0.0335],
    [0.0082, 0.0145, 0.0754, 0.8204, 0.0718, 0.0097],
    [0.0037, 0.0075, 0.072, 0.0094, 0.9039, 0.0035],
    [0.1287, 0.0658, 0.17, 0.1499, 0.3521, 0.1335]
  ],
  "Z_est": [
    [
      [0.0426, 0.0643, 0.0194, 0.1155, 2.521, 0.0762, 0.0278, 0.1546, 0.0309, 0.028, 0.4195, 0.0403, 1.9942, 0.0534, 0.0941, 0.1896, 0.0058, 0.0324, 1.6728, 0.0289, 0.008, 0.014, 0.1676, 0.4691, 0.3598, 0, 2.2605, 0.0557, 0.0109, 0.2504, 0, 0.0507, 0.0177, 0.0428, 0.0268, 0.0861, 0.0376, 0.0217, 0.028, 0.0521, 0.0626, 0.0777, 0.104, 0.1123, 0.0415, 0.0269, 0.0503, 0.0305, 0.0315, 0.0453, 0.4333],
      [6.1784, 5.4732, 2.1487, 10.3931, 6.7987, 10.0228, 3.8358, 6.8447, 4.576, 5.5361, 3.6184, 4.6607, 2.1405, 5.3783, 12.7073, 15.2615, 1.4199, 4.477, 6.2851, 4.8352, 2.4234, 2.96, 17.0596, 20.123, 34.1628, 14.1998, 5.6819, 5.9844, 27.4903, 29.3326, 23.9508, 6.8004, 3.2984, 3.4232, 3.022, 6.0296, 4.2059, 2.9695, 2.6982, 4.0687, 5.2543, 5.64, 6.2742, 5.8613, 2.7155, 3.9457, 4.752, 2.8449, 3.7444, 3.4608, 45.9268],
      [0.0085, 0.024, 0.006, 0.0105, 0.019, 0.0108, 0.0045, 0.0395, 0.0055, 0.155, 0.0214, 0.0044, 0.0157, 0.009, 0.0132, 0.0354, 0.0006, 0.0033, 0.0165, 0.0087, 0.0036, 0.0049, 0.0724, 0.0626, 0.031, 0.0124, 0.2643, 0.0365, 0.0647, 0.0415, 0.0395, 0.0221, 0.01, 0.0066, 0.0048, 0.0096, 0.0074, 0.0062, 0.0035, 0.0066, 0.0022, 0, 0.018, 0.0188, 0.0039, 0.0043, 0.0047, 0.0034, 0.0038, 0.0051, 0.0602],
      [1.7208, 2.3361, 0.8068, 4.3233, 5.5025, 3.6983, 1.1063, 3.8245, 1.342, 2.1996, 1.8859, 1.2673, 2.763, 2.4728, 5.0884, 5.3332, 0.5279, 1.3975, 3.8358, 2.0718, 0.5444, 0.9961, 7.5834, 8.1743, 13.1494, 4.7036, 4.6964, 1.8806, 12.0309, 10.0682, 10.6553, 2.1066, 0.6629, 1.4919, 0.9071, 1.8414, 1.6842, 0.9624, 1.2498, 1.8078, 1.6175, 2.2507, 2.5127, 2.9459, 1.2116, 0.9981, 2.1352, 1.0893, 1.1771, 1.4554, 17.0573],
      [0.0095, 0.0237, 0.0055, 0.0591, 0, 0.0987, 0.0042, 0.0376, 0.0165, 0.0278, 0.0085, 0.009, 0.0132, 0.0149, 0, 0, 0.0058, 0.0234, 0.0443, 0.0163, 0.0082, 0.0083, 0.0146, 0.0181, 0.1153, 0, 0.0158, 0, 0.1265, 0, 0.0533, 0, 0.004, 0.0162, 0.0124, 0, 0.0134, 0.0103, 0.011, 0.0284, 0.0345, 0, 0.0164, 0.0286, 0.005, 0.0083, 0.0271, 0.0104, 0.0105, 0.0122, 0.1499],
      [0.0402, 0.0789, 0.0137, 0.0985, 0.1588, 0.0933, 0.0214, 0.099, 0.0291, 0.0535, 0.0462, 0.0183, 0.0736, 0.0716, 0.0969, 0.1804, 0.04, 0.0665, 0.1454, 0.039, 0.0123, 0.0167, 0.1024, 0.1528, 0.1817, 0.0842, 0.081, 0.0429, 0.2767, 0.3074, 0.3011, 0.0202, 0.0069, 0.0194, 0.0268, 0.0333, 0.0514, 0.0299, 0.0096, 0.0365, 0.0287, 0.0315, 0.0747, 0.033, 0.0225, 0.0168, 0.0307, 0.0215, 0.0327, 0.0211, 0.3724]
    ],
    [
      [0.1184, 1.3129, 0.2956, 0.5756, 0.5745, 0.4295, 0.1432, 7.606, 0.3829, 0.0819, 0.13, 0.118, 0.2895, 0.4863, 0.7608, 0.324, 0.044, 0.0809, 0.3176, 0.084, 0.0099, 0.0268, 0.8639, 1.1396, 1.5404, 0, 0.3471, 0.2413, 0.6948, 0.9039, 0.3497, 0.1728, 0.016, 0.6378, 0.1231, 0.1774, 0.1999, 0.1654, 0.056, 0.9678, 0.2158, 0.6179, 0.6934, 3.0055, 0.1604, 0.117, 0.4199, 0.1734, 0.0697, 0.1379, 1.9173],
      [5.3965, 9.491, 10.449, 16.1752, 12.1024, 15.5544, 6.2881, 11.0716, 17.8647, 3.4639, 3.3627, 4.4946, 3.8595, 15.2121, 14.5819, 7.7908, 3.4728, 3.5264, 5.7149, 4.3237, 0.9221, 1.7842, 21.8558, 24.6697, 45.8117, 21.8462, 7.3055, 7.9482, 30.7567, 30.6666, 24.8224, 6.2391, 0.9258, 5.5329, 4.4244, 4.4023, 6.8866, 7.0584, 1.7018, 9.8573, 6.1514, 13.7211, 13.5079, 9.1387, 3.3759, 5.4418, 6.2218, 5.1831, 2.6557, 3.4073, 62.4477],
      [0.0038, 0.6158, 0.0217, 0.0056, 0.0112, 0.0069, 0.0034, 0.0764, 0.006, 0.0113, 0.0072, 0.002, 0.0077, 0.0122, 0.0045, 0.009, 0.0005, 0.0013, 0.0063, 0.004, 0.0007, 0.0015, 0.2097, 0.0445, 0.0068, 0.0017, 0.0184, 0.0349, 0.0408, 0.0207, 0.1504, 0.0113, 0.0012, 0.0055, 0.0036, 0.0036, 0.0061, 0.0092, 0.0012, 1.4098, 0.0007, 0, 0.0255, 0.0204, 0.0024, 0.0027, 0.3693, 0.0026, 0.0014, 0.0025, 0.0365],
      [0.3618, 1.1179, 0.9451, 1.6153, 1.7901, 1.3398, 0.4389, 2.3301, 1.2174, 0.3219, 0.3791, 0.292, 0.6332, 1.7199, 1.4813, 0.6593, 0.3003, 0.2597, 0.673, 0.4444, 0.0478, 0.1414, 2.4298, 2.408, 4.2782, 1.7587, 1.0366, 0.5964, 3.4089, 2.5183, 2.7881, 0.4681, 0.0435, 0.6166, 0.3108, 0.3224, 0.6636, 0.5402, 0.1864, 1.2288, 0.4368, 1.3782, 1.3001, 1.3822, 0.3603, 0.3275, 0.7276, 0.4724, 0.1985, 0.342, 5.6354],
      [0.0886, 0.3216, 0.2301, 0.4928, 0.3368, 0.5415, 0.0958, 0.6902, 0.4297, 0.0927, 0.0871, 0.0779, 0.1484, 0.3901, 0.0683, 0.137, 0.0975, 0.0863, 0.1953, 0.1131, 0.0155, 0.0373, 0.5229, 0.573, 1.1467, 0.2819, 0.2275, 0.1289, 0.8237, 0.6058, 0.6131, 0.0915, 0.0119, 0.1778, 0.1038, 0.0723, 0.1697, 0.164, 0.0493, 0.4442, 0.1657, 0.2181, 0.3301, 0.3962, 0.0766, 0.0908, 0.2229, 0.1345, 0.0544, 0.092, 1.5131],
      [0.0309, 0.1409, 0.0585, 0.1355, 0.185, 0.1279, 0.0307, 0.2257, 0.0993, 0.0283, 0.0339, 0.0155, 0.0616, 0.1794, 0.1033, 0.0799, 0.085, 0.0455, 0.0931, 0.0307, 0.004, 0.0088, 0.1179, 0.1652, 0.2162, 0.1115, 0.0649, 0.0503, 0.2751, 0.2847, 0.2763, 0.0172, 0.0016, 0.0294, 0.0342, 0.0219, 0.0741, 0.0627, 0.0053, 0.0921, 0.0296, 0.0648, 0.1432, 0.057, 0.0243, 0.0202, 0.0384, 0.0342, 0.0202, 0.0182, 0.4501]
    ],
    [
      [16.8587, 13.1804, 10.2749, 28.2329, 14.241, 18.6042, 4.711, 18.1309, 19.4933, 17.8902, 4.7181, 26.4993, 21.1418, 16.8592, 14.5406, 15.3509, 0.8842, 1.8692, 13.4021, 2.7148, 1.796, 0.9073, 19.6831, 21.9322, 24.4854, 12.9878, 5.6791, 5.6616, 17.6279, 10.3556, 15.6503, 13.2151, 8.3817, 5.6793, 8.4695, 12.5277, 11.2291, 9.2927, 13.1023, 3.7835, 10.4803, 0.9669, 4.8018, 14.323, 0.9644, 8.4535, 5.6225, 4.7302, 14.1151, 13.2951, 97.5478],
      [0.1483, 0, 0.0626, 0.118, 0.0291, 0.0994, 0.0367, 0.0162, 0.1908, 0, 0.0189, 0.2154, 0, 0.0843, 0.0792, 0.0803, 0.0096, 0.0124, 0, 0.0229, 0.0219, 0.0085, 0.0846, 0.0747, 0.1484, 0.1763, 0.0125, 0.033, 0.0958, 0.0779, 0.1092, 0.1054, 0.0795, 0.0205, 0.0508, 0.065, 0.0634, 0.0675, 0.0574, 0.0132, 0.056, 0.0035, 0.0159, 0, 0.003, 0.0729, 0.0262, 0.0227, 0.0924, 0.0532, 0.6596],
      [0.1553, 0.1882, 0.1395, 0.147, 0.0829, 0.1167, 0.0367, 0.2072, 0.161, 3.6433, 0.0606, 0.1538, 0.1623, 0.1303, 0.0804, 0.1139, 0.0043, 0.0115, 0.0759, 0.0366, 0.0293, 0.013, 0.245, 0.1934, 0.1824, 0.1282, 0.0588, 0.0949, 0.1716, 0.0871, 0.1493, 0.1774, 0.1631, 0.0409, 0.0686, 0.0772, 0.0981, 0.1077, 0.0784, 0.0228, 0.0287, 0.0023, 0.034, 0.1137, 0.004, 0.0666, 0.0289, 0.0263, 0.0843, 0.0749, 0.7194],
      [0.1538, 0.0852, 0.0928, 0.186, 0.1791, 0.0858, 0.0417, 0.0733, 0.1141, 0.1761, 0.0386, 0.1721, 0.1423, 0.1965, 0.1588, 0.0976, 0.0146, 0.0144, 0.062, 0.0387, 0.0204, 0.0118, 0.217, 0.1356, 0.1934, 0.147, 0.0539, 0.0361, 0.241, 0.076, 0.2461, 0.1226, 0.053, 0.0388, 0.0377, 0.0667, 0.1079, 0.0688, 0.1302, 0.0238, 0.0027, 0.0053, 0.0244, 0.0713, 0.0056, 0.0612, 0.046, 0.0336, 0.1063, 0.0908, 0.8146],
      [0.6839, 0.5416, 0.4302, 1.3161, 0.4678, 1.0939, 0.1739, 0.5693, 1.0408, 1.2786, 0.1635, 0.9593, 0.5508, 0.7289, 0.1409, 0.3537, 0.0872, 0.0924, 0.457, 0.187, 0.1324, 0.0595, 0.7702, 0.6642, 0.9904, 0.5608, 0.1957, 0.1738, 0.8637, 0.4028, 0.8447, 0.3795, 0.3224, 0.2205, 0.3728, 0.2635, 0.5003, 0.462, 0.6316, 0.1567, 0.4322, 0.022, 0.1236, 0.4616, 0.023, 0.3458, 0.2763, 0.1872, 0.602, 0.4861, 4.2585],
      [0, 0.0046, 0, 0, 0.0001, 0, 0, 0.0031, 0, 0.0118, 0.0003, 0, 0.0027, 0.0007, 0, 0.0035, 0.0001, 0.0001, 0.0031, 0, 0, 0, 0, 0, 0, 0, 0, 0.0006, 0, 0.0005, 0.0004, 0, 0.0003, 0, 0.0005, 0, 0.0013, 0.0013, 0, 0, 0, 0, 0.0003, 0.0305, 0, 0, 0, 0, 0, 0, 0]
    ],
    [
      [0, 0, 0, 0, 0, 0, 0.0003, 0, 0, 0, 0, 0.0222, 0.0099, 0, 0.0268, 0.0084, 0, 0, 0.0168, 0, 0, 0, 0, 0.0153, 0.0012, 0, 0, 0.0036, 0, 0, 0, 0.0049, 0, 0.0002, 0, 0.0134, 0, 0, 0, 0.0003, 0.0007, 0.002, 0.0111, 0.0153, 0.0017, 0, 0, 0, 0, 0.02, 0],
      [0.0133, 0, 0, 0, 0, 0, 0.0127, 0, 0.011, 0, 0, 0.026, 0, 0, 0.0116, 0.0038, 0, 0, 0, 0, 0, 0, 0, 0, 0.011, 0.0079, 0, 0.0143, 0, 0.0105, 0, 0.0259, 0.0025, 0, 0, 0.0048, 0, 0, 0, 0, 0.0005, 0.0066, 0, 0, 0.0004, 0.0175, 0, 0, 0.0043, 0, 0.0252],
      [9.734, 6.684, 14.7935, 6.554, 3.0776, 1.8801, 6.4628, 15.3904, 4.9251, 9.4412, 8.1443, 10.1579, 5.4556, 6.3842, 5.8998, 4.4984, 1.7351, 5.677, 7.649, 6.7399, 6.6894, 3.5766, 16.5757, 8.9573, 10.9789, 2.5675, 6.857, 15.274, 2.4178, 4.5301, 3.1763, 9.5526, 4.8112, 0.9646, 10.5387, 4.4091, 11.1085, 9.4451, 5.9837, 3.3807, 0.5881, 2.3953, 11.7278, 11.3564, 3.591, 6.7845, 3.4455, 6.5605, 6.6001, 16.7094, 30.9256],
      [0.0812, 0.0213, 0.0912, 0.0596, 0.0479, 0.0128, 0.071, 0, 0.0176, 0.0142, 0.0522, 0.0751, 0.0389, 0.083, 0.0773, 0.0308, 0.0205, 0, 0.0216, 0.0639, 0, 0.0259, 0.183, 0.0512, 0.0878, 0.0216, 0.0791, 0.0225, 0.0245, 0.0294, 0.0413, 0.0724, 0.0099, 0.0072, 0, 0.0293, 0.1132, 0.0135, 0.0765, 0.0108, 0.0067, 0.0521, 0.0578, 0.0421, 0.051, 0.0409, 0.0366, 0.0531, 0.0593, 0.1358, 0.2673],
      [9.1343, 4.2692, 10.0852, 10.3577, 3.8514, 3.0961, 6.4311, 9.5661, 6.0274, 4.5235, 4.7801, 11.6954, 4.4732, 7.4922, 3.9657, 3.4367, 7.1613, 9.2566, 9.2545, 7.1743, 6.2918, 3.3886, 12.2135, 6.954, 11.8946, 2.3974, 5.0475, 6.6514, 2.5475, 4.4076, 3.7625, 5.3347, 2.1726, 1.0261, 11.4106, 3.5318, 11.7123, 8.4967, 8.9301, 4.5951, 1.4006, 4.5325, 9.1528, 9.5862, 4.3402, 7.1397, 6.505, 9.3591, 9.2955, 21.0928, 36.6587],
      [0.0372, 0.0255, 0.0301, 0.0287, 0.0231, 0.0109, 0.0222, 0.0435, 0.0189, 0.0211, 0.0234, 0.0235, 0.0224, 0.0405, 0.0188, 0.022, 0.0831, 0.0664, 0.058, 0.022, 0.0188, 0.0089, 0.0279, 0.0223, 0.0265, 0.0056, 0.0164, 0.0342, 0.0102, 0.0224, 0.0199, 0.0095, 0.0037, 0.002, 0.0506, 0.0117, 0.0659, 0.0447, 0.0096, 0.0132, 0.0034, 0.0116, 0.0505, 0, 0.0157, 0.0174, 0.0129, 0.0273, 0.0408, 0.042, 0.1232]
    ],
    [
      [0.0771, 0.0185, 0.0323, 0.0374, 0.061, 0.0138, 0.0613, 0.0898, 0.0524, 0, 0.1787, 0.0621, 0.1596, 0.0445, 0.2536, 0.1254, 0.0144, 0.0388, 0.3096, 0.0383, 0.0144, 0.0217, 0.3242, 0.101, 0.1006, 0.015, 0.1096, 0.0528, 0.0105, 0.1121, 0, 0.0469, 0.0346, 0.013, 0.0372, 0.1593, 0.03, 0.0176, 0.0531, 0.0387, 0.0579, 0.0491, 0.1032, 0.2189, 0.0675, 0.0355, 0.1145, 0.0475, 0.064, 0.1087, 0.2774],
      [0.2981, 0.0359, 0.0904, 0.0797, 0.0698, 0.039, 0.2174, 0.0675, 0.3864, 0, 0, 0.1633, 0, 0.1167, 0.2624, 0.1856, 0.0856, 0.1284, 0, 0.1911, 0.1166, 0.117, 0, 0.1326, 0.2443, 0.1485, 0, 0.1322, 0.1429, 0.419, 0.1422, 0.1337, 0.1731, 0.0235, 0.0984, 0.2102, 0.087, 0.0624, 0.1498, 0.0608, 0.1083, 0.0879, 0.1311, 0, 0.0972, 0.1298, 0, 0.1011, 0.18, 0.1736, 0.7812],
      [3.12, 1.0258, 1.8731, 0.8779, 1.3658, 0.4027, 2.07, 3.2604, 3.4397, 2.7286, 3.6199, 1.5097, 2.1535, 1.6855, 3.2552, 2.7074, 0.3949, 1.1846, 3.0718, 3.1201, 1.5013, 1.7566, 6.0269, 2.7159, 3.1679, 1.396, 3.0186, 3.3708, 2.3009, 4.22, 1.9043, 2.2773, 3.2731, 0.4089, 1.3072, 2.6932, 1.2936, 0.9553, 2.0957, 1.0479, 0.6529, 0.5657, 2.6997, 3.057, 1.2485, 1.2378, 0.8565, 1.1652, 1.6784, 2.453, 9.0124],
      [14.9569, 3.0785, 6.5236, 6.3432, 10.2822, 2.7455, 11.2142, 9.1278, 18.0784, 5.7471, 11.5967, 8.2963, 9.481, 10.6289, 15.7092, 11.2991, 6.9099, 7.9999, 16.729, 16.7299, 5.6961, 8.1636, 23.7, 10.5825, 16.5922, 6.9003, 12.2939, 7.6817, 12.5667, 20.098, 12.0716, 7.1486, 6.9022, 2.0612, 5.8279, 11.4382, 6.8512, 3.8864, 15.278, 6.1618, 6.3463, 6.06, 10.411, 11.8715, 8.788, 6.0941, 7.1902, 7.7241, 11.1351, 14.7495, 51.2027],
      [2.9478, 0.6663, 1.2913, 1.4125, 1.7102, 0.6805, 2.0641, 2.0517, 4.3682, 1.289, 2.1193, 1.7613, 1.7741, 1.9973, 1.9568, 2.0441, 1.6983, 2.0034, 3.8099, 3.3802, 1.4504, 1.7051, 4.3928, 2.1283, 3.4807, 1.3177, 2.212, 1.4669, 2.4704, 4.123, 2.2871, 1.2684, 1.4951, 0.447, 1.4356, 2.135, 1.3811, 0.8723, 3.2226, 1.4773, 1.6383, 1.0852, 2.1284, 2.624, 1.5192, 1.3261, 1.66, 1.7003, 2.412, 3.1478, 10.7959],
      [0.6001, 0.175, 0.1892, 0.2494, 0.511, 0.1185, 0.3731, 0.4028, 0.675, 0.2353, 0.4854, 0.2074, 0.4319, 0.5271, 0.5628, 0.6385, 0.8969, 0.6448, 1.0798, 0.5405, 0.2212, 0.236, 0.5561, 0.3397, 0.4143, 0.2225, 0.3658, 0.2956, 0.5087, 1.0279, 0.5949, 0.1252, 0.1218, 0.0464, 0.2937, 0.3642, 0.3571, 0.2059, 0.2008, 0.2134, 0.1964, 0.1521, 0.5266, 0.2286, 0.2797, 0.1766, 0.1788, 0.2617, 0.5304, 0.3673, 1.9304]
    ],
    [
      [1.4245, 1.1514, 0.858, 2.7977, 1.1262, 0.0611, 1.5314, 3.9788, 0.5202, 0, 1.0968, 1.5322, 2.3197, 1.5013, 4.2652, 3.5601, 0.2536, 1.2975, 3.3124, 0.8053, 0.1831, 0.3763, 1.5397, 3.6467, 2.035, 0, 0.0675, 1.047, 0, 1.3982, 0, 1.2439, 0.6002, 1.1732, 1.9774, 3.0984, 0.8297, 0.4781, 1.0234, 1.4553, 3.5439, 1.3967, 2.786, 3.1843, 1.898, 0.8875, 1.3174, 1.4971, 1.2922, 2.5268, 4.7741],
      [2.409, 0, 0.7865, 0, 0, 0.0668, 2.6481, 0, 4.0494, 0, 0, 1.5018, 0, 0, 2.3527, 1.8961, 0, 0.5862, 0, 0.2224, 1.176, 0.7813, 0, 0, 1.9421, 2.9522, 0, 0.9789, 0.2083, 2.6384, 0, 1.7015, 1.3216, 0, 1.0745, 1.5229, 0.4668, 1.2716, 0.1319, 0, 0.96, 1.2531, 0, 0, 0.5876, 1.4654, 0, 0.5374, 1.3339, 0.4657, 5.2857],
      [7.6445, 7.6503, 6.9493, 5.7143, 3.4904, 7.115, 6.5215, 13.7045, 6.5184, 11.5077, 5.2633, 4.1503, 5.2779, 5.3463, 6.4328, 8.0458, 1.5227, 2.8811, 4.853, 5.091, 5.4547, 4.306, 8.2166, 8.456, 7.9183, 4.5044, 7.3166, 9.5111, 5.5671, 6.5886, 5.0508, 7.7543, 8.2183, 3.5777, 4.8058, 5.7401, 4.4188, 6.7888, 3.5141, 2.4509, 1.786, 1.7007, 6.7632, 9.4172, 3.8301, 3.9739, 2.6678, 3.614, 4.261, 5.2855, 20.0501],
      [100.2461, 58.4038, 62.9436, 117.9826, 73.4471, 76.8091, 100.1956, 95.3094, 93.7329, 61.7451, 44.3801, 64.7011, 62.4327, 92.704, 92.3147, 90.2429, 38.2704, 35.2124, 70.7079, 72.8506, 38.6937, 55.2367, 84.4652, 87.8567, 116.1202, 63.338, 76.9356, 51.9014, 83.1035, 85.8394, 89.6485, 63.22, 44.0828, 49.9332, 50.7206, 67.2909, 63.8109, 71.0879, 75.5846, 39.1873, 46.857, 58.5324, 68.635, 97.2508, 76.8316, 54.3116, 64.1684, 68.5292, 79.1306, 91.0493, 314.9974],
      [9.2547, 6.8091, 5.9935, 15.3774, 5.015, 13.0915, 7.3593, 11.7688, 13.3133, 7.9494, 3.7586, 6.7559, 5.2108, 8.2569, 0, 5.7903, 7.4276, 5.2055, 8.8179, 7.4825, 6.0972, 5.9478, 7.2973, 8.3188, 12.3282, 4.7495, 6.124, 3.9794, 8.2824, 8.3602, 8.1789, 3.8272, 4.564, 6.0682, 7.7042, 4.8275, 6.5745, 9.2934, 8.5592, 5.5701, 8.5184, 3.8558, 6.8466, 11.6873, 5.2796, 5.9873, 8.5021, 8.2754, 9.0297, 10.1484, 33.932],
      [1.0213, 0.9854, 0.469, 1.128, 0.9212, 0.8565, 0.7442, 1.2386, 0.8657, 0.7978, 0.5012, 0.3586, 0.7589, 1.1915, 0.6345, 1.4649, 1.5256, 0.8173, 1.3088, 0.5483, 0.3952, 0.3519, 0.4812, 0.7217, 0.6562, 0.4559, 0.5563, 0.5822, 0.8386, 1.1752, 1.1218, 0.2532, 0.213, 0.2477, 0.7175, 0.5202, 0.8993, 1.0802, 0.1868, 0.3364, 0.3346, 0.2613, 0.9693, 0.4604, 0.573, 0.3744, 0.3444, 0.5469, 0.9526, 0.5243, 2.9607]
    ],
    [
      [2.1441, 0, 1.0897, 0.8461, 0.129, 0, 1.9713, 0.0408, 0, 0, 1.0919, 3.8519, 4.4997, 0, 5.9426, 5.3617, 0, 0, 1.8882, 0, 0, 0.3372, 0, 4.2603, 2.6858, 0, 0, 1.7215, 0, 1.2629, 0, 1.6462, 0.5689, 0.4031, 0, 5.849, 0.2657, 0.1682, 0, 0, 0, 1.7967, 3.8053, 2.8628, 2.89, 1.4872, 0, 1.5333, 2.1645, 3.5463, 7.4617],
      [2.6031, 0, 0, 0, 0, 0, 1.9131, 0, 0.9241, 0, 0, 1.6527, 0, 0, 1.1284, 1.0452, 0, 0, 0, 0, 0, 0.0352, 0, 0, 0.8751, 2.1836, 0, 0.4319, 0, 1.5581, 0, 1.223, 0.8684, 0, 0, 1.0553, 0, 0.2358, 0, 0, 0.2789, 0.933, 0, 0, 0, 2.2298, 0, 0, 0.5078, 0, 4.3523],
      [10.277, 9.5218, 11.9531, 4.1409, 4.0647, 0.145, 6.0284, 18.7243, 4.7042, 9.1378, 12.7194, 5.0467, 7.281, 5.3428, 5.0507, 7.4771, 0, 1.1443, 6.1441, 6.0257, 2.548, 3.6086, 9.594, 8.9687, 7.2791, 3.0687, 3.729, 13.4991, 2.3607, 4.3363, 2.1276, 7.5472, 9.2345, 3.2028, 3.3246, 5.8521, 4.263, 4.7786, 2.8262, 1.6018, 1.1303, 1.2834, 9.7021, 9.9398, 4.575, 5.2577, 2.3997, 3.4363, 5.2768, 5.5965, 27.8992],
      [5.8948, 0.5122, 3.6542, 1.1575, 7.393, 0, 5.8938, 0, 0, 0.4066, 4.9188, 2.0874, 3.0656, 6.0993, 5.7594, 3.2023, 0, 0, 0, 4.3461, 0, 1.5713, 5.5755, 2.4992, 3.4213, 1.9983, 2.511, 0.9793, 2.1664, 1.1669, 3.4583, 3.0772, 0.3193, 0.9325, 0, 2.3255, 2.5693, 0.0023, 2.9857, 0, 0, 3.8281, 1.9537, 0.5039, 7.8691, 1.0801, 0.1974, 1.0766, 1.8487, 2.8548, 13.3914],
      [233.9884, 131.9634, 167.2007, 187.5472, 123.7523, 138.8926, 153.1604, 229.7094, 156.4074, 112.2244, 148.4852, 169.7938, 136.5388, 157.6404, 83.2861, 130.789, 114.32, 110.0058, 186.046, 169.6679, 90.892, 87.0261, 151.0519, 160.1387, 208.8646, 74.2664, 64.3025, 102.2305, 68.8496, 104.4727, 86.4076, 90.1588, 85.6649, 90.1541, 99.7135, 115.1172, 111.5024, 97.6683, 132.9901, 114.7961, 86.2813, 81.8415, 164.3725, 197.0226, 142.6238, 149.2431, 170.9564, 147.1383, 209.2656, 213.1559, 870.5595],
      [2.0926, 2.0026, 1.1024, 1.3082, 1.6609, 0.9625, 1.0331, 2.5254, 0.9642, 1.2313, 1.7847, 0.5675, 1.615, 1.9176, 0.8327, 2.1247, 3.68, 1.8499, 2.9217, 0.9603, 0.56, 0.4216, 0.7786, 1.1331, 0.8741, 0.483, 0.4574, 1.1378, 0.6233, 1.2031, 1.0065, 0.3477, 0.3441, 0.3074, 0.9619, 0.8009, 1.3996, 1.1467, 0.1979, 0.6021, 0.3095, 0.3173, 2.1663, 0.6709, 1.042, 0.7019, 0.4465, 0.8154, 1.9366, 0.8464, 6.3359]
    ],
    [
      [4.3347, 2.2726, 3.4301, 3.3948, 4.3473, 1.8152, 4.5539, 5.9991, 3.5203, 0, 2.365, 6.8738, 4.5855, 4.0553, 7.1162, 6.0798, 0.7981, 1.6813, 7.0806, 2.3287, 0.9885, 1.3167, 4.4216, 4.4358, 5.7918, 0.9973, 2.5362, 3.2165, 1.6559, 4.7169, 0, 3.6195, 1.3809, 3.0506, 2.366, 6.0887, 2.408, 1.8562, 2.7372, 2.7023, 1.6388, 3.093, 4.6953, 6.2779, 2.9765, 2.9924, 3.4753, 2.988, 3.263, 5.3198, 16.5883],
      [0.9532, 0, 0.4628, 0.2341, 0, 0.2176, 1.0481, 0, 0.9976, 0, 0, 1.2855, 0, 0.2085, 0.8765, 0.7369, 0.0121, 0.2696, 0, 0.4047, 0.3399, 0.3139, 0, 0, 0.8046, 0.4855, 0, 0.4772, 0.306, 1.2968, 0.9754, 0.771, 0.3307, 0, 0.3298, 0.71, 0.2903, 0.3348, 0.2608, 0, 0.1905, 0.3548, 0.0709, 0, 0.2204, 0.6971, 0, 0.3108, 0.4815, 0.4394, 2.5214],
      [14.057, 10.2901, 16.2638, 6.5498, 8.8884, 4.3228, 12.8728, 20.5973, 11.24, 15.375, 10.1638, 14.9753, 10.6463, 11.0897, 13.2634, 14.113, 1.3418, 4.0969, 13.1835, 11.9741, 6.7731, 7.7329, 17.0596, 11.6016, 15.4356, 4.321, 9.7372, 18.1788, 8.0763, 14.1758, 6.4019, 15.6579, 9.2885, 7.7929, 6.9466, 12.215, 7.8044, 7.9091, 6.4973, 6.0796, 1.8111, 3.0525, 11.0297, 16.0766, 4.7452, 8.6725, 6.2276, 6.1916, 7.0942, 10.8731, 43.2967],
      [3.5846, 1.445, 2.9427, 2.3325, 4.358, 1.3088, 4.0385, 2.3349, 2.4977, 1.3895, 1.7486, 4.1086, 2.4434, 4.0955, 4.4108, 3.1349, 0.9564, 1.1162, 2.9707, 3.4546, 0.9975, 1.8532, 3.846, 2.2925, 4.1575, 1.1326, 2.3935, 1.902, 2.4581, 3.2038, 2.0907, 2.7845, 0.9264, 1.9187, 1.1959, 2.6856, 2.1996, 1.4384, 2.5087, 1.5796, 0.7328, 1.8933, 2.1053, 2.9323, 1.8827, 2.0864, 2.4986, 2.0217, 2.3444, 3.3223, 12.6339],
      [36.8928, 18.4052, 30.7635, 29.4371, 30.8664, 20.5051, 35.7113, 35.6069, 39.3967, 18.6146, 16.5977, 48.9475, 24.2908, 36.4793, 23.5822, 29.4492, 16.2023, 19.3266, 45.3751, 35.9787, 18.1124, 20.8273, 34.7367, 25.2049, 47.1795, 11.4263, 19.8751, 21.3691, 23.0363, 38.6278, 18.8527, 23.94, 11.7651, 23.8902, 21.247, 27.0528, 23.1463, 20.033, 27.606, 23.9321, 12.5289, 16.4449, 24.0295, 38.1935, 16.1325, 25.859, 33.8501, 25.1948, 28.3302, 38.8648, 144.1323],
      [10.1777, 6.5871, 6.1371, 7.0517, 12.5399, 4.8304, 8.7754, 9.4619, 8.3477, 4.6209, 5.125, 7.8093, 8.034, 13.0717, 8.7509, 12.4861, 11.6893, 8.5094, 17.3901, 7.8592, 3.7885, 3.956, 5.9361, 5.4652, 7.6309, 2.6374, 4.458, 5.8564, 6.4674, 12.9789, 6.6793, 3.227, 1.3084, 3.3477, 5.9147, 6.2479, 8.1513, 6.4285, 2.39, 4.7064, 2.0978, 3.1614, 8.0692, 4.5196, 4.0428, 4.6927, 4.9484, 5.293, 8.4867, 6.1806, 34.8273]
    ]
  ],
  "V_est": [
    [12.5866, 432.8959, 1.2462, 175.1514, 1.1769, 3.9431],
    [30.317, 570.8661, 3.262, 56.6745, 14.2762, 4.6042],
    [677.3454, 3.5953, 9.078, 5.413, 27.5025, 0.0657],
    [0.174, 0.2096, 383.7627, 2.582, 377.8615, 1.4101],
    [4.105, 6.8017, 114.2251, 546.9517, 111.8323, 21.0842],
    [80.6706, 46.5759, 309.1886, 3882.9828, 403.3524, 38.2297],
    [75.5737, 26.0348, 315.1764, 126.5542, 7610.1481, 63.5128],
    [186.2277, 21.0207, 544.061, 132.6904, 1477.8501, 373.1501]
  ],
  "p_est": [
    [0.0201, 0.6904, 0.002, 0.2793, 0.0019, 0.0063],
    [0.0446, 0.8395, 0.0048, 0.0833, 0.021, 0.0068],
    [0.9369, 0.005, 0.0126, 0.0075, 0.038, 0.0001],
    [0.0002, 0.0003, 0.501, 0.0034, 0.4933, 0.0018],
    [0.0051, 0.0084, 0.1419, 0.6794, 0.1389, 0.0262],
    [0.0169, 0.0098, 0.0649, 0.8156, 0.0847, 0.008],
    [0.0092, 0.0032, 0.0384, 0.0154, 0.9261, 0.0077],
    [0.0681, 0.0077, 0.1989, 0.0485, 0.5403, 0.1364]
  ],
  "EI_Z": {},
  "EI_V": 11.0545,
  "MAE_Z": {},
  "MAE_V": 88.9609,
  "MAE_p": 0.0758,
  "runtime": 0.01
}
