{
  "X": [
    [25, 18, 45, 127, 293, 14],
    [18, 15, 36, 67, 163, 10],
    [16, 14, 52, 78, 216, 8],
    [36, 27, 24, 134, 246, 10],
    [23, 19, 21, 103, 166, 16],
    [21, 26, 14, 86, 178, 7],
    [13, 16, 34, 123, 205, 11],
    [36, 18, 72, 113, 290, 14],
    [24, 29, 31, 117, 221, 11],
    [18, 9, 52, 72, 146, 7],
    [10, 7, 40, 65, 176, 8],
    [39, 14, 36, 81, 240, 9],
    [35, 6, 31, 81, 173, 11],
    [23, 21, 30, 118, 213, 17],
    [33, 32, 34, 125, 113, 11],
    [31, 27, 37, 114, 172, 17],
    [2, 5, 5, 47, 147, 18],
    [5, 9, 15, 46, 146, 12],
    [28, 12, 35, 95, 254, 23],
    [6, 10, 33, 100, 224, 10],
    [3, 5, 23, 46, 123, 5],
    [3, 6, 21, 68, 119, 5],
    [27, 39, 58, 128, 211, 8],
    [36, 45, 41, 114, 204, 8],
    [37, 84, 45, 158, 286, 10],
    [14, 42, 16, 80, 95, 4],
    [11, 13, 31, 100, 98, 6],
    [12, 16, 60, 65, 136, 8],
    [20, 59, 21, 116, 107, 9],
    [19, 66, 34, 123, 161, 17],
    [16, 50, 19, 121, 121, 10],
    [20, 17, 43, 79, 125, 4],
    [11, 7, 35, 53, 106, 2],
    [11, 9, 16, 57, 122, 4],
    [13, 9, 27, 59, 142, 8],
    [28, 14, 31, 86, 153, 8],
    [15, 12, 29, 78, 155, 11],
    [12, 12, 30, 78, 137, 9],
    [17, 5, 21, 98, 182, 3],
    [9, 14, 16, 50, 151, 6],
    [16, 13, 6, 56, 111, 3],
    [8, 22, 9, 74, 108, 4],
    [17, 20, 42, 87, 207, 12],
    [30, 15, 50, 117, 260, 6],
    [9, 7, 18, 97, 170, 6],
    [14, 14, 26, 65, 190, 6],
    [11, 11, 16, 77, 222, 6],
    [11, 9, 21, 81, 192, 7],
    [21, 9, 25, 96, 259, 12],
    [25, 8, 41, 114, 287, 8],
    [129, 122, 132, 416, 1102, 47]
  ],
  "W": [
    [8, 6, 18, 19, 22, 122, 257, 70],
    [8, 13, 14, 11, 5, 75, 144, 39],
    [3, 12, 11, 25, 10, 78, 185, 60],
    [15, 19, 30, 17, 9, 143, 195, 49],
    [15, 15, 15, 7, 14, 84, 137, 61],
    [14, 18, 20, 5, 4, 98, 140, 33],
    [5, 7, 5, 13, 16, 119, 170, 67],
    [11, 22, 19, 25, 15, 126, 251, 74],
    [6, 20, 21, 11, 27, 119, 163, 66],
    [8, 4, 23, 14, 10, 82, 123, 40],
    [6, 4, 5, 13, 18, 55, 169, 36],
    [6, 5, 28, 22, 12, 79, 183, 84],
    [7, 5, 22, 10, 14, 76, 153, 50],
    [8, 18, 18, 14, 15, 109, 171, 69],
    [18, 17, 15, 10, 22, 106, 102, 58],
    [21, 9, 16, 8, 17, 111, 150, 66],
    [2, 4, 1, 9, 10, 49, 118, 31],
    [6, 4, 2, 15, 12, 46, 113, 35],
    [12, 7, 14, 17, 25, 89, 197, 86],
    [7, 5, 3, 14, 24, 87, 181, 62],
    [3, 1, 2, 13, 9, 52, 94, 31],
    [4, 2, 1, 7, 12, 67, 93, 36],
    [25, 26, 21, 29, 35, 102, 167, 66],
    [29, 29, 23, 16, 16, 109, 177, 49],
    [48, 53, 26, 23, 24, 141, 224, 81],
    [19, 24, 14, 5, 10, 76, 82, 21],
    [13, 9, 6, 12, 18, 91, 71, 39],
    [8, 9, 6, 22, 13, 68, 120, 51],
    [40, 36, 19, 5, 18, 98, 74, 42],
    [40, 35, 11, 9, 30, 106, 114, 75],
    [35, 29, 17, 7, 17, 104, 93, 35],
    [9, 7, 14, 15, 11, 78, 104, 50],
    [4, 1, 9, 7, 12, 59, 97, 25],
    [5, 7, 6, 2, 3, 61, 95, 40],
    [4, 5, 9, 22, 9, 67, 104, 38],
    [8, 5, 13, 8, 17, 83, 131, 55],
    [6, 8, 12, 23, 10, 77, 120, 44],
    [4, 8, 10, 18, 6, 90, 104, 38],
    [4, 2, 14, 15, 21, 89, 139, 42],
    [6, 14, 4, 8, 9, 49, 117, 39],
    [7, 7, 11, 2, 9, 62, 88, 19],
    [8, 16, 1, 7, 8, 67, 90, 28],
    [9, 16, 5, 21, 16, 86, 182, 50],
    [9, 14, 15, 21, 18, 122, 211, 68],
    [4, 4, 1, 8, 12, 89, 159, 30],
    [5, 6, 9, 14, 9, 67, 160, 45],
    [7, 8, 6, 10, 10, 77, 174, 51],
    [4, 6, 5, 16, 11, 83, 154, 42],
    [5, 3, 15, 16, 16, 96, 221, 50],
    [5, 4, 14, 38, 21, 110, 226, 65],
    [64, 72, 104, 68, 74, 382, 930, 254]
  ],
  "method": "mult",
  "cond_prob": [
    [
      [0.0053194326151, 0.77230320601, 0.0010563060574, 0.215103735, 0.0011883310841, 0.00502898923],
      [0.019734842165, 0.89942049455, 0.00063372405964, 0.060296272827, 0.014762997389, 0.0051516690131],
      [0.93659447904, 0.0082375074672, 0.0086278203429, 0.0085435454864, 0.037996647662, 0],
      [0, 0.00070165202401, 0.51231340061, 0.0042750241951, 0.48075074443, 0.0019591787402],
      [0.0035029046733, 0.013551620607, 0.14181837109, 0.67985915405, 0.13399262105, 0.027275328527],
      [0.011676377712, 0.019745683676, 0.062659604043, 0.82168932124, 0.075857799278, 0.0083712140477],
      [0.00834276825, 0.010128834146, 0.039988341386, 0.022936991606, 0.91046081684, 0.0081422477727],
      [0.061923734849, 0.013617506064, 0.20081446051, 0.051208254013, 0.52703989232, 0.14539615224]
    ],
    [
      [0.008031404442, 0.68414697624, 0.0029955764719, 0.29200713862, 0.0029599198405, 0.0098589843931],
      [0.10099161738, 0.73007393324, 0.047367236001, 0.08599017304, 0.024738755097, 0.010838285244],
      [0.94145494147, 0, 0.013443716046, 0.0060884788609, 0.038685621917, 0.00032724170543],
      [0, 0, 0.60763338072, 0.0019395832135, 0.38810686781, 0.0023201682562],
      [0.0037065175252, 0.0071726115909, 0.2051586578, 0.61570737541, 0.13325304597, 0.035001791705],
      [0.01535179793, 0, 0.10200420064, 0.77871685809, 0.090788075062, 0.01313906828],
      [0, 0, 0.066123788909, 0.003557118508, 0.9164123097, 0.013906782878],
      [0.058271054503, 0, 0.26384995302, 0.037050518547, 0.47192818244, 0.16890029149]
    ],
    [
      [0.0064586459527, 0.7162389431, 0.0019916189966, 0.26892545216, 0.0018289976334, 0.0045563421637],
      [0.024632768389, 0.87074828711, 0.0018049806631, 0.07876029573, 0.019178168174, 0.0048754999322],
      [0.93407850754, 0.0056898237175, 0.012685110633, 0.0084347001187, 0.03910871522, 3.1427669175e-06],
      [0, 0, 0.59173920319, 0.0036486880896, 0.4034073163, 0.0012047924171],
      [0.0032339786385, 0.0090426832361, 0.18730874792, 0.65236249787, 0.12912936541, 0.018922726922],
      [0.010999920775, 0.010083641031, 0.089094180526, 0.80696926137, 0.076840074238, 0.0060129220594],
      [0.0058902649029, 0, 0.064611337982, 0.019752359507, 0.90378733461, 0.0059587030018],
      [0.057168910743, 0.0077127471957, 0.27106363319, 0.049044788613, 0.51272533112, 0.10228458914]
    ],
    [
      [0.0077010741071, 0.6928704527, 0.00070235578689, 0.2882170737, 0.0039431987026, 0.0065658450003],
      [0.030295227995, 0.85132434584, 0.00029433728896, 0.085016107152, 0.02593696193, 0.0071330197941],
      [0.94109632304, 0.0039337787506, 0.0049011241129, 0.0061984795164, 0.043870294579, 0],
      [0, 0, 0.38552673726, 0.0035059766581, 0.60927830261, 0.0016889834654],
      [0.0041520900738, 0.0088507110438, 0.097541968907, 0.70480429583, 0.15693962708, 0.027711307058],
      [0.019564006632, 0, 0.03996021867, 0.82505332683, 0.10753422011, 0.0078882277599],
      [0.0043391961022, 0, 0.021235411384, 0.0059361103388, 0.96178076017, 0.0067085220088],
      [0.069282038086, 0.0047777729919, 0.13366917935, 0.04760155009, 0.60075737571, 0.14391208378]
    ],
    [
      [0.1680673119, 0.45324830102, 0.0012647958685, 0.36683430491, 0, 0.010585286306],
      [0.038302155096, 0.80682620314, 0.00074663181551, 0.11933712981, 0.022453332663, 0.012334547474],
      [0.94939821544, 0.0019395729611, 0.0055263023392, 0.011940140945, 0.03118895718, 6.8111303895e-06],
      [0, 0, 0.43965641169, 0.0068440087575, 0.55020571916, 0.0032938603918],
      [0.0043551214222, 0.0049849173666, 0.097559226121, 0.73444501276, 0.12215408238, 0.03650163995],
      [0.013407497036, 0, 0.041552711936, 0.87437061671, 0.05970217455, 0.010966999772],
      [0.00094134452524, 0, 0.029669451977, 0.053963780764, 0.90330175758, 0.01212366515],
      [0.071267526436, 0, 0.14571093899, 0.071442923887, 0.50600729531, 0.20557131538]
    ],
    [
      [0.0054424778264, 0.71591225488, 0.00077014691563, 0.26416186725, 0.0070524544393, 0.0066607986826],
      [0.023860060409, 0.86413365678, 0.00038087243275, 0.07443508689, 0.030085297669, 0.0071050258151],
      [0.93020877938, 0.0049724531831, 0.0058353398663, 0.0042882073832, 0.054695220183, 0],
      [0, 0, 0.37602830891, 0.0025615590549, 0.61922579926, 0.0021843327787],
      [0.0034500668558, 0.009740132689, 0.10068265975, 0.68636343377, 0.17013224768, 0.029631459262],
      [0.00062354721051, 0.00068152850976, 0.072601834299, 0.78376623956, 0.13358671469, 0.0087401357296],
      [0, 0, 0.0010354391248, 0, 0.99208968207, 0.0068748788088],
      [0.055007295192, 0.0065946430654, 0.13099521272, 0.039660155732, 0.62136710183, 0.14637559146]
    ],
    [
      [0.0055593173099, 0.7671655498, 0.00089959560799, 0.22126374224, 0.00083409929254, 0.0042776957471],
      [0.020451159414, 0.89829300191, 0.00048711916751, 0.062700735941, 0.013685883571, 0.0043820999981],
      [0.94219191652, 0.0073461392805, 0.0073482825756, 0.0083345993615, 0.034779062259, 0],
      [2.0350216013e-05, 0.00097992571743, 0.49713607425, 0.0054593468649, 0.49469745765, 0.0017068453014],
      [0.0038281522479, 0.013586511937, 0.12937341869, 0.7008869139, 0.12900659358, 0.023318409647],
      [0.012869137518, 0.022253059932, 0.054802317247, 0.84197943367, 0.06184256031, 0.0062534913258],
      [0.011595723607, 0.011253253353, 0.035460944365, 0.034669648844, 0.90094357608, 0.0060768537518],
      [0.067968214154, 0.015643285283, 0.1921309077, 0.060276837299, 0.53300429776, 0.1309764578]
    ],
    [
      [0.014057301476, 0.62224801939, 0.0035907551009, 0.34768157795, 0.0034189293005, 0.0090034167789],
      [0.34572690672, 0.50325243736, 0.0034738380845, 0.10591382518, 0.031374278302, 0.01025871435],
      [0.95425765939, 0.00085307680776, 0.010905584908, 0.0038579612781, 0.029961330641, 0.0001643869765],
      [0, 0, 0.61561447884, 0, 0.38264564864, 0.0017398725244],
      [0.0059844309995, 0.0045006470198, 0.21736076196, 0.60852064865, 0.13678093163, 0.026852579744],
      [0.03157758369, 0, 0.10876555761, 0.7564240443, 0.093402904967, 0.0098299094388],
      [0.00016264773264, 0, 0.074598995807, 0, 0.91517684105, 0.010061515409],
      [0.081069129955, 0, 0.27834175049, 0.031552133964, 0.48117410882, 0.12786287677]
    ],
    [
      [0.0051524295645, 0.7626596302, 0.00091607874392, 0.22366803177, 0.0027461023991, 0.0048577273251],
      [0.019143077771, 0.89323578624, 0.00030184264769, 0.060869680523, 0.021484504213, 0.0049651086055],
      [0.92825121134, 0.0090865973924, 0.0076674999125, 0.0054330686707, 0.049561622686, 0],
      [0, 0.00099926144469, 0.44773550258, 0.0015978919572, 0.54794878042, 0.0017185636027],
      [0.001939096418, 0.014311346924, 0.12739526825, 0.66956914098, 0.16178423269, 0.025000914741],
      [0.0043718131765, 0.03402869926, 0.054776859212, 0.78767121353, 0.11187638628, 0.0072750285372],
      [0, 0.0056693156917, 0.028860346438, 0, 0.95955477982, 0.0059155580475],
      [0.053338591785, 0.015115091457, 0.17030308621, 0.037843723158, 0.59691983756, 0.12647966983]
    ],
    [
      [0.0034970057654, 0.69201307737, 0.019372718354, 0.27495388726, 0.0034719050383, 0.0066914062117],
      [0.020465263182, 0.86597384527, 0.0028352544621, 0.080469165958, 0.023173360447, 0.0070831106858],
      [0.77783316962, 0, 0.1584057788, 0.0076561379531, 0.05558997974, 0.00051493389447],
      [0, 0, 0.67437452336, 0.0010120190832, 0.32310893589, 0.0015045216595],
      [0, 0, 0.27285658922, 0.5747102191, 0.12890287132, 0.02353032036],
      [0, 0, 0.14033835561, 0.75298869726, 0.096944051557, 0.0097288955785],
      [0, 0, 0.074291049506, 0.0033055819575, 0.91239310999, 0.010010258542],
      [0, 0, 0.38437477137, 0.034736771275, 0.46536608028, 0.11552237708]
    ],
    [
      [0.069918259991, 0.60307040114, 0.0035705790527, 0.31431679522, 0.0014238826671, 0.0077000819245],
      [0.032491726251, 0.84067229149, 0.0018121130029, 0.094768064383, 0.021786836308, 0.0084689685683],
      [0.94362462805, 0.0037776854422, 0.012123694453, 0.0077201557953, 0.032703675487, 5.0160773382e-05],
      [0, 0, 0.62648525584, 0.0040140536944, 0.3676997475, 0.0018009429593],
      [0.0099295363807, 0, 0.20110316753, 0.64426048516, 0.11773757464, 0.026969236293],
      [0.019941159933, 0, 0.095697213437, 0.8069115003, 0.068337807514, 0.0091123188153],
      [0.0064610623269, 0, 0.075262788161, 0.029105444547, 0.87861048608, 0.010560218881],
      [0.065694039178, 0, 0.28232739782, 0.048572281008, 0.46104628774, 0.14235999425]
    ],
    [
      [0.0067196144321, 0.77678292144, 0.00073194635204, 0.21121658752, 0.0015015266693, 0.0030474035882],
      [0.023604361678, 0.89891742493, 0.00039188485143, 0.05840930511, 0.015576384201, 0.0031006392315],
      [0.94640496861, 0.007693823223, 0.0054941237615, 0.0061475951931, 0.034259489211, 0],
      [0.0010105083587, 0.0011795660762, 0.46172156793, 0.0034124213563, 0.53160816183, 0.0010677744533],
      [0.0051747418421, 0.01360444088, 0.12580926231, 0.69135468138, 0.14677617239, 0.017280701198],
      [0.01939548484, 0.019010705482, 0.052535142971, 0.81900144825, 0.085518169771, 0.0045390486851],
      [0.021048896867, 0.0090313923179, 0.027577335726, 0.011406743382, 0.92783475522, 0.0031008764835],
      [0.081830974629, 0.015303500297, 0.17827736973, 0.048912421272, 0.58270778541, 0.092967948659]
    ],
    [
      [0.2848787312, 0.30577876032, 0.0022362103328, 0.39471674176, 0.0018797818855, 0.010509774503],
      [0.057903327182, 0.77190973556, 0.0015441191153, 0.12664182361, 0.029674059497, 0.012326935035],
      [0.96099263418, 0, 0.0073783918912, 0.0064689755451, 0.025038342009, 0.0001216563736],
      [0.00099275387378, 0, 0.54555663679, 0.0038911270954, 0.44732047407, 0.00223900817],
      [0.01140186197, 0, 0.15382097379, 0.67721072152, 0.1267193349, 0.03084710782],
      [0.030522315947, 0, 0.069445779264, 0.8214824813, 0.0685635363, 0.0099858871854],
      [0.0294098168, 0, 0.047588346289, 0.020036439545, 0.8924101433, 0.010555254067],
      [0.0917108541, 0, 0.21292690206, 0.048867020519, 0.48581543185, 0.16067979147]
    ],
    [
      [0.0066801960145, 0.67228689377, 0.0011248723635, 0.30910403157, 0.0018582929907, 0.0089457132978],
      [0.027015200651, 0.845118448, 0.00067539423073, 0.095552235843, 0.021674684142, 0.0099640371303],
      [0.93662169079, 0.0046854984173, 0.0072401560525, 0.010918754026, 0.040493878577, 4.0022132649e-05],
      [0, 0, 0.45601765628, 0.0059308712996, 0.53515989643, 0.0028915759926],
      [0.0029655487855, 0.0077807757358, 0.11236827293, 0.70859604786, 0.13315015426, 0.035139200428],
      [0.013773127914, 0, 0.049048756855, 0.85049525225, 0.075751674285, 0.010931188693],
      [0, 0, 0.031244317026, 0.035668214469, 0.92187341168, 0.01121405683],
      [0.058773046543, 0.0030220605543, 0.16071966848, 0.059354635421, 0.52868583724, 0.18944475176]
    ],
    [
      [0.0052304865431, 0.70596106965, 0.0007353908217, 0.28269002942, 0, 0.0053830235653],
      [0.044752288336, 0.85775629972, 0.00026345727693, 0.087135623462, 0.0040147836161, 0.006077547584],
      [0.96937568068, 0.0052807985451, 0.0053589395431, 0.01058796797, 0.0093966132649, 0],
      [0.0026766520716, 0.0011580512984, 0.58998090859, 0.0077333091031, 0.3965661775, 0.0018849014409],
      [0.01152836313, 0.011927046558, 0.14796177602, 0.71405358971, 0.088945434188, 0.025583790401],
      [0.040237866679, 0.022195724518, 0.060687079982, 0.87089359448, 0, 0.0059857343401],
      [0.058261217002, 0.011063181333, 0.049516268835, 0.056465028881, 0.81653077869, 0.0081635252643],
      [0.1226927348, 0.015111462771, 0.22868003519, 0.076048074595, 0.40658963322, 0.15087805942]
    ],
    [
      [0.0090263485909, 0.72673661859, 0.0016848945438, 0.25396341425, 0, 0.0085887240216],
      [0.036004028216, 0.86564182531, 0.00099529994243, 0.073252821376, 0.015226751645, 0.0088792735144],
      [0.95943288233, 0.0050203065749, 0.0071209244275, 0.006099398217, 0.022108848356, 0.00021764009392],
      [0.0010493406544, 0.0004687794765, 0.56230281882, 0.0038442736977, 0.42958226336, 0.0027525239942],
      [0.0073754972935, 0.010914723063, 0.15925820802, 0.66465003251, 0.12024053224, 0.037561006871],
      [0.032073195931, 0.017081716055, 0.072484359973, 0.81299924192, 0.052164418793, 0.013197067333],
      [0.035744880966, 0.0069678382191, 0.049847346665, 0.021348476277, 0.87192674078, 0.014164717091],
      [0.092118927818, 0.011164892937, 0.21383404061, 0.047498643944, 0.4462001349, 0.18918335979]
    ],
    [
      [0.0028858868473, 0.7099398315, 0.00030582750091, 0.26396715468, 0.0029200905779, 0.019981208893],
      [0.01099219629, 0.86820385, 0.00011531808147, 0.075075015801, 0.024375390657, 0.021238229175],
      [0.88418330779, 0.0096316793038, 0.004343456467, 0.014583684902, 0.087169213789, 8.8657748551e-05],
      [0, 0, 0.19278388568, 0.0022780440808, 0.79569996754, 0.0092381027036],
      [0.0014403311483, 0.0085601461623, 0.039494553347, 0.69098526779, 0.1698309849, 0.089688716644],
      [0.0051752737659, 0, 0.031076524048, 0.78102903077, 0.15158350751, 0.031135663905],
      [0, 0, 0, 0, 0.96881344922, 0.031186550783],
      [0.025744658301, 0.00038941277667, 0.043284949461, 0.030851753556, 0.52265485838, 0.37707436753]
    ],
    [
      [0.0053916737053, 0.74616153883, 0.00055423026576, 0.23290854248, 0.0038960496904, 0.011087965031],
      [0.020225230624, 0.88159355097, 0.00031879329864, 0.0649132346, 0.021565163331, 0.011384027176],
      [0.9345869208, 0.0061996738736, 0.0057682363937, 0.0071829227055, 0.046209537595, 5.2708627874e-05],
      [0, 0, 0.37846420415, 0, 0.61710851878, 0.004427277071],
      [0.0032353463737, 0.01070306024, 0.098719397203, 0.66665519873, 0.1669495724, 0.053737425047],
      [0.028206202024, 0.012743341339, 0.062632402007, 0.76548796049, 0.11316239785, 0.01776769629],
      [0, 0, 0.010126375039, 0, 0.97350308237, 0.016370542596],
      [0.048036164116, 0.0077036225972, 0.1170541792, 0.031892039834, 0.55218864898, 0.24312534527]
    ],
    [
      [0.13939680515, 0.5237615145, 0.0013756185542, 0.31965062809, 0.0036949189027, 0.012120514805],
      [0.04536455749, 0.81640883228, 0.00089287617822, 0.096143190736, 0.02789659482, 0.013293948495],
      [0.95729027258, 0, 0.0054238942154, 0.0044255178978, 0.032641399765, 0.00021891554283],
      [0.00098783927912, 0, 0.44994255974, 0.0012732706122, 0.54438302703, 0.0034133033378],
      [0.012382056452, 0, 0.12287033507, 0.66916004829, 0.1523956127, 0.043191947482],
      [0.037218264528, 0, 0.054527633169, 0.79447080403, 0.099077119841, 0.014706178435],
      [0.0095848759753, 0, 0.031188262581, 0, 0.94439591496, 0.014830946479],
      [0.082332928261, 0, 0.15329626689, 0.034542843153, 0.52761795956, 0.20221000214]
    ],
    [
      [0.0041323620053, 0.69074470825, 0.0012475953615, 0.29597591638, 0.0023254277643, 0.0055739902394],
      [0.016809366799, 0.86474510749, 0.00079923355096, 0.088877503227, 0.022628435829, 0.0061403531057],
      [0.90492068351, 0.0076243444785, 0.012207861064, 0.012906864063, 0.062340246884, 0],
      [0, 0, 0.48141788783, 0.00456138375, 0.51244959129, 0.0015711371311],
      [0.0015941256968, 0.0079638035576, 0.13000312736, 0.69707982987, 0.14083990386, 0.022519209654],
      [0.0092559452653, 0.002555846263, 0.058517184811, 0.83736273699, 0.086005607451, 0.0063026792229],
      [0, 0, 0.033290921325, 0.024011745544, 0.9373917569, 0.005305576232],
      [0.037560295591, 0.0065273961469, 0.19313015737, 0.055719373007, 0.58030179465, 0.12676098324]
    ],
    [
      [0.0026734320865, 0.80781251098, 0.0011883902988, 0.18147263888, 0.0027388498055, 0.0041141779528],
      [0.0098878019499, 0.92211357847, 0.00066235781899, 0.047839983717, 0.015503135218, 0.0039931428232],
      [0.89802385961, 0.010957968083, 0.014633993663, 0.010184742316, 0.066199436329, 0],
      [0, 0, 0.51457010275, 0, 0.48398382187, 0.001446075385],
      [0.0016006504165, 0.012960208866, 0.16681070232, 0.63289853316, 0.16115574212, 0.024574163114],
      [0.0035213743653, 0.022614932032, 0.10489882802, 0.7441103176, 0.11725469802, 0.0075998499663],
      [0, 0, 0.027105952611, 0, 0.96693656658, 0.0059574808068],
      [0.031887963285, 0.010964987321, 0.21848703951, 0.032179009723, 0.5842712427, 0.12220975746]
    ],
    [
      [0.0034915055739, 0.7399977169, 0.0012291904551, 0.24902277309, 0.0020751936515, 0.0041836203213],
      [0.013389119417, 0.89208306628, 0.00075488519135, 0.070722211166, 0.01866856774, 0.0043821502108],
      [0.90729862403, 0.0084738633578, 0.01297671506, 0.011793909952, 0.059456887604, 0],
      [0, 0, 0.51093662584, 0.003704642954, 0.48408048024, 0.0012782509671],
      [0.0018098207069, 0.0097537097578, 0.14638080353, 0.68029627296, 0.1420933421, 0.01966605094],
      [0.0056170223393, 0.011660548677, 0.064267963677, 0.82442844723, 0.088773520106, 0.0052524979748],
      [0.0036254473461, 0.00037819867682, 0.038802138932, 0.016895524088, 0.93576495984, 0.004533731117],
      [0.036575893512, 0.0087193161404, 0.21480328451, 0.051477585968, 0.57853485064, 0.10988906922]
    ],
    [
      [0.006703291257, 0.6823841059, 0.0028959465217, 0.30333626292, 0.00058508954958, 0.0040953038496],
      [0.03322591588, 0.84060676557, 0.0080664651574, 0.093454392425, 0.020113421914, 0.004533039051],
      [0.93729123808, 0.0040295927376, 0.011667509315, 0.010333569755, 0.036678090111, 0],
      [0, 0, 0.57157429911, 0.0063100157414, 0.42115480038, 0.00096088476996],
      [0.009262038129, 0, 0.17219798807, 0.67714415282, 0.12550834248, 0.015887478494],
      [0.015095060635, 0, 0.080554757072, 0.8280906729, 0.071541761323, 0.0047177480728],
      [0, 0, 0.05744933034, 0.033386016478, 0.9045026311, 0.0046620220821],
      [0.066993339192, 0, 0.25847951367, 0.05827310707, 0.52631369171, 0.089940348359]
    ],
    [
      [0.016174419251, 0.69389785526, 0.0021597981092, 0.281873739, 0.00062389237141, 0.0052702960075],
      [0.039296228822, 0.85067809795, 0.0015337251502, 0.083034656594, 0.019759264541, 0.0056980269475],
      [0.95357311603, 0.0032461233679, 0.0084092721005, 0.0058943038404, 0.028877184658, 0],
      [0.00095751465882, 0, 0.5598284689, 0.003197062888, 0.43462626004, 0.0013906935161],
      [0.0063146319829, 0.0082897824751, 0.16974587912, 0.66140504305, 0.13301641359, 0.021228249779],
      [0.033455950326, 0, 0.077577925845, 0.8060251665, 0.076319399432, 0.0066215578947],
      [0.024069364873, 0, 0.05067043795, 0.014119801882, 0.90473865508, 0.0064017402189],
      [0.090527326995, 0, 0.23676782785, 0.046785831891, 0.5143851824, 0.11153383086]
    ],
    [
      [0.0074952602317, 0.71172592445, 0.00064542140072, 0.27394555425, 0.0024019949163, 0.0037858447448],
      [0.029063930903, 0.86437144059, 0.00012770042882, 0.080720790147, 0.02163607195, 0.0040800659833],
      [0.94174556491, 0.0057073252939, 0.0070163547365, 0.0074391641715, 0.038091590888, 0],
      [5.3698481181e-05, 0.00047759046236, 0.47734524244, 0.0038153757949, 0.51715499848, 0.0011530943421],
      [0.0041930328811, 0.010177330607, 0.13199421757, 0.69134227956, 0.14503100766, 0.017262131722],
      [0.014432767675, 0.013773744928, 0.056158238821, 0.82354717849, 0.087433929455, 0.0046541406289],
      [0.011990062821, 0.0039068012659, 0.032495859821, 0.015273876212, 0.93243138175, 0.0039020181298],
      [0.071503608829, 0.0099335405422, 0.19056346118, 0.051327462444, 0.58246281918, 0.094209107829]
    ],
    [
      [0, 0.74735952495, 0.00065400703033, 0.2475574251, 0, 0.004429042917],
      [0, 0.91025638526, 7.0033346905e-05, 0.073280479347, 0.011747195365, 0.0046459066794],
      [0.92769765673, 0.012591080107, 0.0091542447607, 0.010498409555, 0.040058608846, 0],
      [0, 0.0015859980949, 0.51350806453, 0.0043140235131, 0.47947315821, 0.0011187556529],
      [0.0014973158945, 0.014846089536, 0.13960356877, 0.69002805318, 0.13177467042, 0.022250302209],
      [0, 0.038845099853, 0.059268906251, 0.83339460861, 0.062492972517, 0.0059984127667],
      [0, 0.026629562508, 0.037423421618, 0.024369094925, 0.90568752043, 0.0058904005193],
      [0.047488554611, 0.023118955134, 0.2057619134, 0.053932999867, 0.54410912884, 0.12558844815]
    ],
    [
      [0.17388472719, 0.43707303143, 0.020334233718, 0.36126081299, 0.0012133104462, 0.0062338842218],
      [0.038562642552, 0.81172234793, 0.0020441655354, 0.11517742419, 0.025279435746, 0.0072139840399],
      [0.94651599384, 0.0020915766723, 0.0097981873228, 0.008979000308, 0.032615241861, 0],
      [0, 0, 0.57141551631, 0.0065907726839, 0.4206243969, 0.0013693141084],
      [0.0060908176017, 0, 0.16770235504, 0.68299632574, 0.1228863227, 0.020324178922],
      [0.00074164666228, 0, 0.080401752309, 0.84544638424, 0.067296698423, 0.0061135183655],
      [0, 0, 0.052521612718, 0.03536624691, 0.90566928106, 0.0064428593144],
      [0.065031134292, 0, 0.24967296919, 0.06137156358, 0.5096168079, 0.11430752503]
    ],
    [
      [0.0069601740087, 0.74804822644, 0.0045569372442, 0.2350702502, 0, 0.0053644121057],
      [0.026812821336, 0.88313153696, 0.003882101652, 0.066266442125, 0.014320125122, 0.005586972806],
      [0.94360145499, 0.0054928234302, 0.015816657331, 0.0060227275026, 0.028971298688, 9.5038059298e-05],
      [0.00016468921239, 0.00064939916531, 0.69427115377, 0.0010226847358, 0.30233614491, 0.0015559282124],
      [0.0040600478961, 0.0101721995, 0.25929030537, 0.59090085765, 0.11284104139, 0.022735548188],
      [0.015396743901, 0.01439528599, 0.13986948358, 0.76325581315, 0.058520968668, 0.0085617047047],
      [0.01434554476, 0.0035992018917, 0.11249213987, 0.0081605630383, 0.85192050149, 0.0094820489492],
      [0.063069544003, 0.0093561640356, 0.35644675729, 0.037294717287, 0.41900149623, 0.11483132115]
    ],
    [
      [0.00027193153351, 0.68725732228, 0.0016180835802, 0.30077209324, 0.0031624335362, 0.0069181358292],
      [0.019300895662, 0.85435222357, 0.001133601071, 0.094691853829, 0.022879996452, 0.0076414294157],
      [0.92778526374, 0.0050431422482, 0.0090334787206, 0.012682015721, 0.04545609957, 0],
      [0, 0, 0.48355726078, 0.0048983690418, 0.50949995096, 0.0020444192261],
      [0.00058152235544, 0.0079365381695, 0.12782729234, 0.69815001175, 0.13724626661, 0.028258368771],
      [0, 0.0021258046995, 0.056807550574, 0.84799507608, 0.084513967798, 0.0085576008506],
      [0, 0, 0.031901839566, 0.029275933283, 0.93039946524, 0.0084227619152],
      [0.039426263842, 0.0072862097613, 0.19229231601, 0.058526729965, 0.54848321593, 0.15398526449]
    ],
    [
      [0.0062591397459, 0.73331438471, 0.0010368638837, 0.25170574122, 0, 0.0076838704394],
      [0.025824424809, 0.87618946311, 0.00059055591979, 0.071950980629, 0.017308905379, 0.0081356701579],
      [0.94142226079, 0.0070843394169, 0.0079198480965, 0.0069052587288, 0.036620905257, 4.7387714657e-05],
      [0, 0.0011701114717, 0.50334716598, 0.0032677243497, 0.48973000675, 0.002484991447],
      [0.003736350322, 0.013967235928, 0.14066598889, 0.6699338494, 0.13743361268, 0.034262962789],
      [0.013190599241, 0.024890727622, 0.062156175228, 0.80980608639, 0.078870008455, 0.01108640307],
      [0.011078417551, 0.013667339594, 0.038037643012, 0.010235620008, 0.91642756506, 0.010553414775],
      [0.06289201391, 0.017290983286, 0.18901050161, 0.042717297927, 0.51503755466, 0.17305164861]
    ],
    [
      [0, 0.68430941049, 0.0011287719717, 0.30443760812, 0.0015217772384, 0.0086024321858],
      [0.012057354473, 0.85594469276, 0.0051863556439, 0.096142624257, 0.021142651596, 0.0095263212666],
      [0.92060804237, 0.0064219257079, 0.0087821563143, 0.014477002999, 0.049689045714, 2.1826894668e-05],
      [0, 0, 0.45375227349, 0.0059070492313, 0.5375023518, 0.0028383254727],
      [0, 0.0083631571067, 0.11201474945, 0.71009218791, 0.13453609838, 0.034993807162],
      [0, 0, 0.048565615544, 0.86200464795, 0.078643352582, 0.010786383925],
      [0, 0, 0.022877260876, 0.037186474737, 0.9291141826, 0.010822081783],
      [0, 0.027869375285, 0.18291045934, 0.059734185292, 0.53864940964, 0.19083657044]
    ],
    [
      [0.0056351270471, 0.7555973169, 0.0024510198076, 0.2340676155, 0, 0.0022489207457],
      [0.024687366131, 0.8913038677, 0.0016105315109, 0.066877037112, 0.013065494512, 0.0024557030325],
      [0.94393791463, 0.0075290000341, 0.012672123538, 0.0087573438283, 0.02710361797, 0],
      [0.00032551673075, 0.0017245220885, 0.63684171119, 0.0048282845352, 0.35564857832, 0.0006313871379],
      [0.0042623587415, 0.012154781915, 0.20702543434, 0.64986830953, 0.1153091836, 0.011379931875],
      [0.015946971223, 0.021814492152, 0.099413706706, 0.81051263007, 0.049066177601, 0.0032460222518],
      [0.015828969706, 0.011759590377, 0.072568883963, 0.029588070456, 0.86691131904, 0.003343166457],
      [0.072389923738, 0.015419857081, 0.31315837742, 0.055690584832, 0.47880044319, 0.064540813744]
    ],
    [
      [0.004435430855, 0.82461054856, 0.0025102792711, 0.16572747452, 0.0010004054648, 0.0017158613264],
      [0.01595731428, 0.92577969998, 0.0012081820747, 0.043492583982, 0.011922649812, 0.0016395698742],
      [0.93129775034, 0.0088317147086, 0.01812762768, 0.0058837527569, 0.035824211948, 3.4942566589e-05],
      [0, 0.00036315784662, 0.68731151301, 0.0014179129855, 0.31037378668, 0.00053362947376],
      [0.0028800848765, 0.014426745181, 0.27276233005, 0.57518534794, 0.12459142627, 0.01015406568],
      [0.010173398637, 0.022400155118, 0.13929397994, 0.74716652803, 0.077355537493, 0.0036104007832],
      [0.0058648791312, 0.0089521224668, 0.095200637669, 0.0032912845466, 0.88314315846, 0.0035479177311],
      [0.055237455816, 0.013226583802, 0.37153867318, 0.037056576892, 0.47060324466, 0.052337465645]
    ],
    [
      [0.0085552332942, 0.68463419229, 0.0013211160169, 0.2983710145, 0.0032359495569, 0.0038824943437],
      [0.091115613602, 0.79041786699, 0.00078000376008, 0.088090635552, 0.025396617388, 0.0041992627108],
      [0.94655141965, 0.0034083873436, 0.0068204594058, 0.0064666924109, 0.036753041188, 0],
      [9.6729061662e-05, 0, 0.48231585371, 0.0035806092051, 0.51302595201, 0.00098085600864],
      [0.0043411248561, 0.0078178818592, 0.13631260146, 0.68705788348, 0.1489963038, 0.015474204546],
      [0.019233456887, 0, 0.058650414545, 0.8185769979, 0.099478508615, 0.0040606220505],
      [0.0042431398946, 0, 0.033714096698, 0.0098160749828, 0.94899059542, 0.0032360929997],
      [0.07626375069, 0, 0.19482319129, 0.047966286499, 0.59725473193, 0.08369203959]
    ],
    [
      [0.0067118968894, 0.75550897841, 0.0012056597142, 0.22676645716, 0.0031120530381, 0.0066949547899],
      [0.024615152103, 0.8848889339, 0.00072138086376, 0.062169285478, 0.020758845504, 0.0068464021561],
      [0.94105512269, 0.0056460130312, 0.007619162876, 0.0041942831577, 0.041424628504, 6.0789744533e-05],
      [0, 0, 0.47903360249, 0, 0.51866572911, 0.0023006683997],
      [0.004128961675, 0.010936769345, 0.14524384995, 0.64754266246, 0.1595137564, 0.032634000172],
      [0.029513735872, 0.01603722245, 0.071728515032, 0.75702332391, 0.11498822802, 0.01070897472],
      [0, 0, 0.031967507871, 0, 0.95878341203, 0.0092490800968],
      [0.062263147085, 0.0086784334567, 0.18280612529, 0.031470856094, 0.55913105071, 0.15565038736]
    ],
    [
      [0.010764148447, 0.753698833, 0.001201658869, 0.23017554926, 0, 0.0041598104188],
      [0.035489724339, 0.88046425425, 0.00072121783663, 0.064489804932, 0.014455695336, 0.0043793033022],
      [0.96366803945, 0.005001752467, 0.0059349695936, 0.0051294695219, 0.020265768965, 0],
      [0.0016688271359, 0.00059453720858, 0.55114294363, 0.0036576763069, 0.44147872199, 0.0014572937333],
      [0.0093716506397, 0.012362143347, 0.15842076871, 0.67283383155, 0.12558952115, 0.021422084601],
      [0.037330409773, 0.018347769775, 0.069158313589, 0.81073385882, 0.058162253598, 0.0062673944436],
      [0.044648846721, 0.0080555642121, 0.044672894055, 0.01775204065, 0.87875693067, 0.0061137236913],
      [0.1107029467, 0.012909249909, 0.22209164125, 0.048829078606, 0.49186890773, 0.11359817581]
    ],
    [
      [0.0062707530339, 0.7009892819, 0.0012358327657, 0.2806974833, 0.0022372627846, 0.0085693862165],
      [0.024984766714, 0.86082274085, 0.00076778003546, 0.082955530988, 0.021209605927, 0.0092595754845],
      [0.93575447549, 0.0052812475054, 0.0081747367663, 0.0089948520754, 0.041689721526, 0.00010496664203],
      [0, 0, 0.48297970978, 0.0049226980014, 0.50923220028, 0.0028653919357],
      [0.0030022215898, 0.008698182704, 0.12935703997, 0.68512172517, 0.13810846838, 0.035712362183],
      [0.010775699013, 0.0060623450388, 0.057387149582, 0.82871289969, 0.085383197729, 0.01167870895],
      [0.0022138711627, 0, 0.035525115672, 0.021410587322, 0.92918674664, 0.011663679202],
      [0.054727910519, 0.0065982958346, 0.17737313179, 0.049991581071, 0.52605185921, 0.18525722158]
    ],
    [
      [0.0054174788086, 0.7423693294, 0.0015475489542, 0.24061142613, 0.002576348288, 0.0074778684242],
      [0.020679726968, 0.88230215553, 0.0011506618221, 0.067523368477, 0.020500968044, 0.0078431191548],
      [0.92927324654, 0.0067505138975, 0.010768692148, 0.006879902796, 0.046199336525, 0.00012830809602],
      [0, 0, 0.5247266317, 0.00075097234485, 0.4720393734, 0.0024830225628],
      [0.0029403636672, 0.010401028143, 0.15921981073, 0.64773547159, 0.14538312545, 0.034320200413],
      [0.0053123024131, 0.014128765667, 0.075431219407, 0.78986569592, 0.1032601458, 0.012001870792],
      [0.0016174753802, 0.0022673775837, 0.0459484915, 2.1934059752e-05, 0.93911844735, 0.011026274123],
      [0.048847183287, 0.0088104724099, 0.2081333287, 0.037853795077, 0.52718300991, 0.16917221062]
    ],
    [
      [0.0069990393312, 0.67454622717, 0.00086321854297, 0.31244474213, 0.0027390849612, 0.0024076878662],
      [0.028019840266, 0.85091126254, 0.00057557929044, 0.093191110897, 0.024652453103, 0.0026497539042],
      [0.93588164083, 0.004103205976, 0.0055986231629, 0.0093017349177, 0.045114795112, 0],
      [0, 0, 0.39891649196, 0.0051019589561, 0.59534190337, 0.00063964571417],
      [0.0025277451705, 0.0071349360407, 0.099795616352, 0.72752362626, 0.15345854913, 0.0095595270404],
      [0.011498421478, 0.0014825698412, 0.039483770516, 0.84926539011, 0.096170822019, 0.002099026031],
      [0, 0, 0.020332255275, 0.021480197524, 0.956763666, 0.0014238811955],
      [0.065170929294, 0.0062086978535, 0.15469811574, 0.059731471641, 0.65728620966, 0.056904575815]
    ],
    [
      [0.0086871379529, 0.67811527772, 0.0010947985576, 0.30129436189, 0.0047302935282, 0.0060781303592],
      [0.069125647385, 0.7040910488, 0.10070217599, 0.087774760261, 0.031727602493, 0.0065787650751],
      [0.94587201344, 0.0033005509265, 0.0056957581816, 0.0059563289523, 0.039175348502, 0],
      [3.6915126169e-05, 0, 0.42258214957, 0.0013511656003, 0.5743849804, 0.0016447893089],
      [0.0043002673865, 0.0067590496512, 0.11643422046, 0.68464897509, 0.16414663895, 0.023710848455],
      [0.02970051588, 0, 0.050017626505, 0.7997412756, 0.11367481325, 0.0068657687637],
      [0, 0, 0.013690384698, 0, 0.98116359053, 0.0051460247752],
      [0.069289924347, 0, 0.15588753392, 0.040502288826, 0.61364422757, 0.12067602534]
    ],
    [
      [0.0089441371961, 0.7506190728, 0.00032071750043, 0.23107637302, 0.0049342659428, 0.0041054335361],
      [0.030822929398, 0.87877771771, 9.5236651938e-05, 0.062404671241, 0.023674845959, 0.0042245990377],
      [0.9527555596, 0.0050943769861, 0.0026134124984, 0.00024998139002, 0.039286669525, 0],
      [0.00034497378786, 0.00022618184642, 0.29402952957, 0.0033730065204, 0.70032020927, 0.0017060990059],
      [0.0064316254995, 0.012029060053, 0.072546797937, 0.70514093155, 0.18203300044, 0.021818584514],
      [0.057159679647, 0.015484532882, 0.028806503322, 0.75575885355, 0.13739405963, 0.0053963709745],
      [0, 0.0031691436647, 0.01284391457, 0, 0.98046940224, 0.0035175395213],
      [0.086254982266, 0.010028670221, 0.095320676568, 0.038569451462, 0.6594161229, 0.11041009658]
    ],
    [
      [0.0097168477229, 0.7050000953, 0, 0.28134249347, 0, 0.0039405635023],
      [0.038617025283, 0.85756578937, 0, 0.086137245777, 0.013631743171, 0.0040481964018],
      [0.96690656232, 0.0034847186971, 0.0023386151599, 0.0052997050157, 0.021970398802, 0],
      [0.00028351811617, 0.00093635714429, 0.34218845128, 0.0074377049253, 0.64749786431, 0.0016561042256],
      [0.0061330089898, 0.010992098758, 0.070717484631, 0.75749613732, 0.13564711262, 0.019014157686],
      [0.020845986419, 0.018702904724, 0.02538415848, 0.87361782506, 0.057549754382, 0.0038993709339],
      [0.019963533571, 0.010367090115, 0.014259789028, 0.042534203847, 0.90934985926, 0.0035255241796],
      [0.11046565861, 0.012672781144, 0.10901723993, 0.067616384162, 0.5873192458, 0.11290869035]
    ],
    [
      [0.011554365766, 0.69713161361, 0.0020019939679, 0.2791920128, 0.0018243618728, 0.0082956519837],
      [0.043335604723, 0.84424087501, 0.0015914849043, 0.081253340571, 0.020630067091, 0.008948627696],
      [0.96035867308, 0.0031898083045, 0.0067962754899, 0.0048788755164, 0.024720253001, 5.611461275e-05],
      [0.00052876990135, 0, 0.55846586483, 0.0027518492575, 0.43584929018, 0.002404225831],
      [0.0064508782477, 0.0081943439144, 0.16872969599, 0.65068845143, 0.13302645227, 0.032910178143],
      [0.032394789214, 0, 0.078642027093, 0.79808138332, 0.079611150459, 0.011270649915],
      [0.020908139992, 0, 0.053308454896, 0.010734550333, 0.90314585204, 0.011903002739],
      [0.093905921927, 0.0014180586621, 0.22059451, 0.042106657496, 0.48059072127, 0.16138413064]
    ],
    [
      [0.012481724406, 0.65125312863, 0.0020942362499, 0.32732317176, 0.0031788944151, 0.0036688445415],
      [0.21467990376, 0.65276584588, 0.0014552396619, 0.098728994913, 0.028300064449, 0.0040699513331],
      [0.95486443946, 0, 0.0075799082758, 0.0047510639485, 0.030771136775, 0.0020334515394],
      [0.00072859555313, 0, 0.54078074405, 0.0020065054325, 0.45648415496, 0],
      [0.012159080197, 0, 0.16983542652, 0.65952915635, 0.14577667514, 0.012699661786],
      [0.026100648312, 0, 0.077190142085, 0.79713756201, 0.095797861301, 0.0037737862923],
      [0.01356777401, 0, 0.047108148047, 0.0023880366582, 0.9337565808, 0.0031794604832],
      [0.092322586404, 0, 0.2364210297, 0.043122056437, 0.56166907296, 0.066465254494]
    ],
    [
      [0.010386954641, 0.67887103144, 0.00096586001287, 0.30289989265, 0.0012582193993, 0.0056180418574],
      [0.040102548514, 0.84398418925, 0.00059346552617, 0.090083198598, 0.019153677062, 0.0060829210457],
      [0.96436365418, 0.0030443060754, 0.0039538130219, 0.0056322489534, 0.023005977769, 0],
      [0.00020698808509, 4.6129519659e-05, 0.44887653593, 0.0063809924376, 0.54252894471, 0.0019604093148],
      [0.0056226976248, 0.0080968882722, 0.10404356586, 0.73233167959, 0.12659679115, 0.023308377499],
      [0.021326076203, 0.0066024468371, 0.043034661097, 0.86327681652, 0.059321824771, 0.0064381745674],
      [0.018176405082, 0, 0.028773422276, 0.049491280408, 0.89700530487, 0.0065535873677],
      [0.099216028896, 0.0073461782413, 0.15817382758, 0.062755234528, 0.53774891689, 0.13475981386]
    ],
    [
      [0.0053805561083, 0.78913066648, 0.0008646286183, 0.19961657295, 0.0016510602841, 0.0033565155659],
      [0.019498057464, 0.90696821417, 0.0004502584285, 0.054575181042, 0.015137883678, 0.0033704052155],
      [0.93927494878, 0.0081035892684, 0.0074019838109, 0.0067998049449, 0.038419673192, 0],
      [0, 0.0012482333522, 0.48460640291, 0.0029242874393, 0.509977509, 0.0012435672963],
      [0.0039467873828, 0.014424517176, 0.13753534196, 0.67712670039, 0.14734500281, 0.019621650285],
      [0.013245621414, 0.021871700386, 0.05931122476, 0.81062153634, 0.08936214825, 0.0055877688489],
      [0.0092953098662, 0.013936531383, 0.032860698636, 0.0067507622236, 0.93276957033, 0.0043871275635],
      [0.06649793413, 0.0154902269, 0.19272190873, 0.046364946361, 0.57464344447, 0.1042815394]
    ],
    [
      [0.0071856590079, 0.67885330624, 0.00067519517522, 0.30503020777, 0.0038768440424, 0.004378787757],
      [0.052492861023, 0.77772603919, 0.046167526259, 0.090951501173, 0.027859467672, 0.0048026046806],
      [0.93709089084, 0.0043697571253, 0.0048128355561, 0.0076689729118, 0.046057543567, 0],
      [0, 0, 0.344552509, 0.0036636246437, 0.65049839758, 0.0012854687717],
      [0.011453013924, 0, 0.085648501084, 0.71901727984, 0.16599960855, 0.0178815966],
