{
  "X": [
    [32, 102, 144, 18],
    [72, 159, 523, 35],
    [54, 39, 131, 19],
    [9, 13, 28, 10],
    [21, 24, 79, 10],
    [3, 1, 3, 0],
    [103, 160, 215, 21],
    [97, 121, 132, 25],
    [67, 81, 105, 8],
    [46, 63, 89, 17],
    [63, 73, 141, 22],
    [80, 88, 160, 11],
    [220, 325, 444, 52],
    [7, 10, 24, 1],
    [137, 162, 207, 26],
    [29, 36, 55, 8],
    [155, 134, 223, 39],
    [8, 13, 13, 1],
    [76, 171, 361, 32],
    [113, 284, 430, 41],
    [46, 104, 128, 21],
    [51, 77, 100, 16],
    [30, 32, 67, 10],
    [206, 739, 405, 59],
    [245, 578, 618, 85],
    [73, 148, 226, 31],
    [129, 314, 340, 35],
    [270, 217, 512, 67],
    [195, 174, 427, 47],
    [142, 143, 283, 28],
    [113, 191, 424, 40],
    [43, 29, 123, 13],
    [124, 84, 308, 31],
    [93, 116, 271, 35],
    [100, 267, 219, 22],
    [111, 327, 273, 24],
    [76, 202, 190, 21],
    [90, 159, 305, 37],
    [4, 9, 15, 0],
    [15, 31, 12, 4],
    [13, 6, 14, 5],
    [18, 23, 35, 4],
    [59, 98, 108, 10],
    [81, 323, 234, 39],
    [124, 110, 144, 21],
    [65, 129, 180, 10],
    [162, 492, 579, 46],
    [51, 67, 91, 14],
    [632, 907, 1315, 160],
    [23, 57, 85, 15],
    [146, 202, 301, 34],
    [680, 959, 967, 179],
    [119, 114, 170, 28]
  ],
  "W": [
    [29, 126, 94, 30, 17],
    [63, 455, 159, 76, 36],
    [72, 103, 39, 16, 13],
    [7, 27, 16, 8, 2],
    [21, 71, 26, 9, 7],
    [2, 2, 2, 1, 0],
    [149, 150, 150, 22, 28],
    [123, 94, 126, 10, 22],
    [62, 90, 88, 9, 12],
    [63, 62, 56, 11, 23],
    [73, 121, 73, 18, 14],
    [87, 120, 91, 21, 20],
    [272, 329, 339, 47, 54],
    [9, 19, 14, 0, 0],
    [162, 154, 163, 30, 23],
    [28, 42, 33, 11, 14],
    [202, 148, 146, 14, 41],
    [8, 10, 14, 0, 3],
    [71, 306, 175, 57, 31],
    [119, 368, 289, 57, 35],
    [48, 112, 110, 17, 12],
    [74, 63, 74, 18, 15],
    [45, 40, 35, 10, 9],
    [267, 270, 733, 69, 70],
    [254, 539, 553, 97, 83],
    [90, 176, 152, 28, 32],
    [134, 276, 306, 58, 44],
    [339, 379, 221, 66, 61],
    [229, 322, 185, 64, 43],
    [210, 193, 148, 19, 26],
    [140, 328, 180, 60, 60],
    [52, 102, 34, 15, 5],
    [176, 225, 83, 39, 24],
    [122, 218, 114, 31, 30],
    [137, 149, 279, 21, 22],
    [158, 188, 334, 32, 23],
    [90, 146, 206, 25, 22],
    [106, 257, 139, 50, 39],
    [3, 13, 6, 2, 4],
    [13, 8, 36, 3, 2],
    [9, 14, 10, 5, 0],
    [15, 29, 24, 6, 6],
    [65, 77, 111, 10, 12],
    [93, 176, 310, 68, 30],
    [148, 78, 120, 25, 28],
    [75, 142, 120, 17, 30],
    [200, 452, 502, 73, 52],
    [76, 60, 65, 13, 9],
    [827, 961, 919, 137, 170],
    [21, 77, 52, 15, 15],
    [197, 213, 206, 34, 33],
    [725, 802, 1013, 102, 143],
    [156, 128, 110, 13, 24]
  ],
  "method": "mvn_cdf",
  "mvncdf_method": "genz",
  "mvncdf_samples": 5000,
  "mvncdf_error": 1e-06,
  "cond_prob": [
    [
      [0.61344026248, 0.0095128927941, 0.27257039872, 0.10447644601],
      [0.041512831166, 0.03547874532, 0.88277854089, 0.040229882627],
      [0.039338867662, 0.93097045349, 0.02860166242, 0.0010890164302],
      [0.013904491705, 0.15954424132, 0.56245267147, 0.26409859551],
      [0.28615454999, 0.29154437243, 0.31195446317, 0.11034661441]
    ],
    [
      [0.56639325645, 0.005293955547, 0.34635662694, 0.081956161068],
      [0.032412519768, 0.015382194369, 0.92834319814, 0.023862087721],
      [0.063334479273, 0.87235082611, 0.062832180028, 0.0014825145851],
      [0.012766774808, 0.086822447399, 0.6988522932, 0.20155848459],
      [0.29247420165, 0.17681375023, 0.43556351224, 0.095148535881]
    ],
    [
      [0.59344100529, 0.004520956897, 0.28820063318, 0.11383740464],
      [0.039356580531, 0.014577220019, 0.90552080599, 0.040545393464],
      [0.072510374395, 0.8677942505, 0.057444845589, 0.0022505295183],
      [0.013941005067, 0.078123543731, 0.61194672732, 0.29598872388],
      [0.32058147249, 0.15992961326, 0.38072421378, 0.13876470047]
    ],
    [
      [0.54626727503, 0.0015097611584, 0.13846238642, 0.31376057739],
      [0.079648086593, 0.011035969525, 0.87694548899, 0.032370454893],
      [0.1455659876, 0.7759061339, 0.064739606759, 0.013788271745],
      [0.0091970952796, 0.020271085443, 0.23902620204, 0.73150561724],
      [0.31149908649, 0.057396834393, 0.20259588396, 0.42850819515]
    ],
    [
      [0.61541315619, 0.0033336015673, 0.26097758937, 0.12027565287],
      [0.043387862474, 0.0097610779685, 0.90073937943, 0.046111680123],
      [0.092752432949, 0.8389759525, 0.065310467046, 0.0029611475027],
      [0.014847819101, 0.060575852185, 0.58824416943, 0.33633215928],
      [0.35008455081, 0.12548577094, 0.36781500219, 0.15661467605]
    ],
    [
      [1.487698853e-14, 0, 1, 0],
      [0.45599669859, 0.49937434423, 0.044628957184, 0],
      [1, 1.5069043834e-12, 1.4006160198e-12, 0],
      [0.088006602827, 0.0012513115445, 0.91074208563, 0],
      [1.5052089308e-15, 0.023345186955, 3.2025447127e-16, 0.97665481304]
    ],
    [
      [0.57801946544, 0.010926015443, 0.33355187887, 0.077502640253],
      [0.030132225546, 0.037303445634, 0.91097776062, 0.021586568202],
      [0.033130688733, 0.93519330783, 0.030959507738, 0.00071649569749],
      [0.012352252901, 0.17019606861, 0.63719855661, 0.18025312188],
      [0.25406831944, 0.31261418464, 0.35685041249, 0.076467083431]
    ],
    [
      [0.62571509852, 0.0058524951388, 0.25126713743, 0.11716526891],
      [0.046559396014, 0.024160937569, 0.88367579014, 0.045603876279],
      [0.065001246233, 0.89285687573, 0.041894887278, 0.00024699076204],
      [0.015534090414, 0.10598861369, 0.55930431409, 0.3191729818],
      [0.33249826033, 0.20223465854, 0.32530994932, 0.1399571318]
    ],
    [
      [0.75187930378, 0.0040224060183, 0.19314315484, 0.050955135363],
      [0.060197956015, 0.031109152776, 0.88661322193, 0.022079669282],
      [0.10325494354, 0.8521902588, 0.04341716121, 0.0011376364513],
      [0.027849088572, 0.11002725749, 0.65194728332, 0.21017637062],
      [0.46904919132, 0.16398324876, 0.29514155752, 0.071826002404]
    ],
    [
      [0.56594961407, 0.010999539001, 0.29574048629, 0.12731036064],
      [0.035988810284, 0.033176342421, 0.8882340027, 0.042600844595],
      [0.036245538528, 0.93192021108, 0.03051615943, 0.0013180909652],
      [0.011786443732, 0.14347594218, 0.55054257789, 0.2941950362],
      [0.2588898712, 0.28192733168, 0.32752034397, 0.13166245316]
    ],
    [
      [0.64088516893, 0.005539225312, 0.23768270751, 0.11589289825],
      [0.050954893551, 0.024488457974, 0.87916461529, 0.045392033187],
      [0.06701551686, 0.89049312443, 0.040532146785, 0.0019592119203],
      [0.016427235368, 0.10437219395, 0.55024313141, 0.32895743928],
      [0.34728697006, 0.19627396876, 0.31478720153, 0.14165185965]
    ],
    [
      [0.675204608, 0.0049059719183, 0.26594869861, 0.05394072148],
      [0.050164807001, 0.021763565138, 0.91808262073, 0.0099890071278],
      [0.078838097991, 0.86959181893, 0.050548629637, 0.001021453439],
      [0.019744850282, 0.10519611083, 0.70175672899, 0.1733023099],
      [0.38242567456, 0.18097893881, 0.36778660638, 0.068808780251]
    ],
    [
      [0.61405432381, 0.0058898529771, 0.29120309469, 0.088852728524],
      [0.040860883858, 0.021622557584, 0.90664797501, 0.030868583545],
      [0.06304627065, 0.88652933133, 0.048021144907, 0.0024032531087],
      [0.015186372333, 0.10546267338, 0.64102287389, 0.23832808041],
      [0.32310273858, 0.19988795507, 0.37219131982, 0.10481798652]
    ],
    [
      [0.52798237486, 0.0010642424557, 0.41537680935, 0.055576573337],
      [0.010759012411, 0.039750193383, 0.92500939208, 0.024481402122],
      [0.14598124217, 0.6596548674, 0.19188787616, 0.0024760142611],
      [0.010229604129, 0.015300471315, 0.83813045839, 0.13633946617],
      [0.29355631682, 0.036633644201, 0.59591801723, 0.07389202175]
    ],
    [
      [0.67784146648, 0.0066649429933, 0.24101883211, 0.074474758417],
      [0.053015028143, 0.028877790709, 0.88759777133, 0.030509409815],
      [0.061875555932, 0.90184871644, 0.034723288212, 0.0015524394213],
      [0.01924087985, 0.13785001164, 0.61224135312, 0.2306677554],
      [0.36358374276, 0.23201123208, 0.31468503658, 0.089719988582]
    ],
    [
      [0.69048988795, 0.0063315935421, 0.22586990589, 0.077308612617],
      [0.053130208727, 0.029295415707, 0.8767746154, 0.040799760161],
      [0.060314934227, 0.90589338976, 0.032683354231, 0.0011083217857],
      [0.019557556615, 0.13556689284, 0.59484148392, 0.25003406663],
      [0.37352060133, 0.22904215986, 0.30209298395, 0.095344254866]
    ],
    [
      [0.60492550376, 0.0042908778306, 0.27897015767, 0.11181346074],
      [0.042035970897, 0.015481476537, 0.90174529923, 0.040737253333],
      [0.085707350495, 0.84836301885, 0.063368227357, 0.0025614032937],
      [0.014965996099, 0.072338749307, 0.61008917962, 0.30260607497],
      [0.33807140074, 0.14556685141, 0.37552961355, 0.1408321343]
    ],
    [
      [0.69120503216, 0.0041985060816, 0.25608430182, 0.048512159941],
      [0.042980100413, 0.016083808509, 0.92360256005, 0.017333531025],
      [0.062266398112, 0.87837820887, 0.041921857103, 0.017433535912],
      [0.018353598677, 0.091737404767, 0.72306635262, 0.16684264394],
      [0.38960972169, 0.16942631401, 0.37613132849, 0.064832635817]
    ],
    [
      [0.59774748771, 0.0054679949654, 0.30887085682, 0.0879136605],
      [0.038008608817, 0.018321135264, 0.91366644727, 0.030003808648],
      [0.064995457561, 0.87895097025, 0.054507794004, 0.0015457781892],
      [0.01426809243, 0.095079174888, 0.6611151385, 0.22953759418],
      [0.31425186235, 0.18611523242, 0.39567127275, 0.10396163248]
    ],
    [
      [0.60036225786, 0.006756816751, 0.2991019971, 0.093778928292],
      [0.039004750264, 0.023742365065, 0.90466601867, 0.032586865998],
      [0.054526455627, 0.90010846384, 0.043991009359, 0.0013740711744],
      [0.014149092492, 0.1156155167, 0.62953376867, 0.24070162214],
      [0.30395712198, 0.22106622747, 0.36836974158, 0.10660690898]
    ],
    [
      [0.60428329768, 0.0052908380251, 0.24478119878, 0.14564466552],
      [0.049756892016, 0.021782703067, 0.88216597885, 0.046294426062],
      [0.06654926448, 0.88691705319, 0.043949072588, 0.0025846097423],
      [0.014073984899, 0.090545998974, 0.51675673392, 0.37862328221],
      [0.32182941413, 0.18385159982, 0.31905419714, 0.17526478891]
    ],
    [
      [0.56408481757, 0.0093838764408, 0.31912170609, 0.1074095999],
      [0.033617770187, 0.028048831264, 0.90633035625, 0.032003042295],
      [0.039872860666, 0.92225192906, 0.036708696654, 0.0011665136152],
      [0.012037531919, 0.13249470423, 0.61507745751, 0.24039030634],
      [0.26483578095, 0.26046462313, 0.3665562345, 0.10814336142]
    ],
    [
      [0.5291662098, 0, 0.35547567468, 0.11535811553],
      [0.029134119393, 0.010652936017, 0.93074313623, 0.029469808359],
      [0.069616747794, 0.85003574782, 0.078104974055, 0.0022425303311],
      [0.0109059027, 0.060309805537, 0.68549926905, 0.24328502271],
      [0.27516784263, 0.13550370336, 0.46502248977, 0.12430596424]
    ],
    [
      [0.58619943498, 0.011305963125, 0.30389502033, 0.098599581568],
      [0.036798263686, 0.039125307652, 0.8917794356, 0.032296993057],
      [0.028147518456, 0.94248230882, 0.027610892361, 0.0017592803615],
      [0.01261530056, 0.17598719688, 0.58151196378, 0.22988553878],
      [0.25780904142, 0.32049751183, 0.32452103368, 0.097172413073]
    ],
    [
      [0.65041013539, 0.0093623873333, 0.23887054854, 0.10135692874],
      [0.050567948541, 0.040143179611, 0.86813765923, 0.041151212616],
      [0.044771730409, 0.92786617013, 0.025462667749, 0.0018994317086],
      [0.016399705701, 0.17084422733, 0.53569024245, 0.27706582452],
      [0.31554413228, 0.29280599605, 0.28142016339, 0.11022970829]
    ],
    [
      [0.54952356791, 0.0059443210425, 0.31918733489, 0.12534477616],
      [0.034027533703, 0.019042182003, 0.90859597831, 0.038334305988],
      [0.055335092773, 0.89054234418, 0.052089145447, 0.0020334176041],
      [0.011642571803, 0.091693597418, 0.60591159707, 0.29075223371],
      [0.27553458889, 0.19324156347, 0.38991165164, 0.14131219599]
    ],
    [
      [0.64811535156, 0.0087160959675, 0.26550461129, 0.077663941184],
      [0.046264460127, 0.034415088326, 0.89028322731, 0.029037224235],
      [0.047026540705, 0.92073986453, 0.031328638778, 0.00090495599133],
      [0.01655275013, 0.16173329409, 0.60573916571, 0.21597479007],
      [0.31894024847, 0.27742157182, 0.31783582437, 0.085802355345]
    ],
    [
      [0.63203007505, 0.0048587345381, 0.27388765338, 0.089223537023],
      [0.043081842855, 0.018637132773, 0.90421369396, 0.034067330412],
      [0.077044693889, 0.86721074959, 0.053991059122, 0.001753497396],
      [0.016551927457, 0.092114005666, 0.63807389496, 0.25326017192],
      [0.34908986152, 0.1730543547, 0.36738023538, 0.11047554839]
    ],
    [
      [0.64397921229, 0.0040661954102, 0.27377116615, 0.078183426147],
      [0.042606394862, 0.016105084946, 0.91161757759, 0.029670942604],
      [0.090977863739, 0.84462481995, 0.062614741427, 0.0017825748787],
      [0.017646152103, 0.080785695901, 0.66883218234, 0.23273596966],
      [0.36858703985, 0.15016575975, 0.38085014265, 0.10039705775]
    ],
    [
      [0.56986814529, 0.0059373475337, 0.34320961586, 0.080984891312],
      [0.032360180917, 0.018822223001, 0.92469196447, 0.024125631613],
      [0.05658775672, 0.88635505132, 0.055755578751, 0.0013016132122],
      [0.012742209377, 0.097386667893, 0.69229538628, 0.19757573645],
      [0.28711863843, 0.19575283438, 0.42519205891, 0.091936468274]
    ],
    [
      [0.55423041776, 0.00712475013, 0.34885777654, 0.089787055574],
      [0.030479695138, 0.022953628844, 0.91977867016, 0.02678800586],
      [0.047735427098, 0.90238123763, 0.048635441882, 0.00124789339],
      [0.011892009821, 0.11096436502, 0.66776367867, 0.20937994649],
      [0.26840840069, 0.22312100077, 0.41087178691, 0.097598811637]
    ],
    [
      [0.63218718816, 0.0026257169225, 0.27686623219, 0.088320862727],
      [0.038695629024, 0.0062264010065, 0.917891186, 0.037186783968],
      [0.11909790696, 0.79260889952, 0.085586565828, 0.0027066276849],
      [0.016754638268, 0.051397634554, 0.66998852893, 0.26185919824],
      [0.37573272886, 0.10174054305, 0.40365675639, 0.1188699717]
    ],
    [
      [0.5822465489, 0.0050497379573, 0.33038167124, 0.0823220419],
      [0.035878245538, 0.015194490804, 0.9228361762, 0.026091087455],
      [0.066981106513, 0.86989274751, 0.061596743393, 0.0015294025865],
      [0.013626207349, 0.085965930146, 0.69074225368, 0.20966560882],
      [0.30671450917, 0.17244651541, 0.42346702587, 0.097371949551]
    ],
    [
      [0.5709009583, 0.0060650459399, 0.3080577178, 0.11497627796],
      [0.036053621222, 0.020549353716, 0.90575823091, 0.037638794154],
      [0.05628550943, 0.89264545675, 0.049240564786, 0.0018284690335],
      [0.012658020688, 0.097907588341, 0.61103600265, 0.27839838833],
      [0.2893815648, 0.19945293257, 0.38020412078, 0.13096138185]
    ],
    [
      [0.56199515831, 0.007866000079, 0.34525187995, 0.084886961656],
      [0.031784511156, 0.024608117624, 0.91850513733, 0.025102233892],
      [0.043491254743, 0.91160422114, 0.043289994536, 0.0016145295797],
      [0.012117233255, 0.12321064663, 0.66535154497, 0.19932057514],
      [0.2673749626, 0.24230669025, 0.39967891204, 0.090639435111]
    ],
    [
      [0.55424664015, 0.0093685375933, 0.35795708162, 0.078427740637],
      [0.030307032303, 0.028311404835, 0.91971986213, 0.021661700734],
      [0.034682705756, 0.92613726007, 0.039180034169, 0],
      [0.011589396418, 0.1421861982, 0.66802306582, 0.17820133956],
      [0.25114888589, 0.27467059756, 0.39445989152, 0.07972062502]
    ],
    [
      [0.60125419667, 0.0079400137983, 0.30038881842, 0.090416971119],
      [0.038274037879, 0.028040790916, 0.90349400914, 0.030191162062],
      [0.046144689625, 0.9141665733, 0.0370121882, 0.0026765488745],
      [0.013902489332, 0.1338682559, 0.62327349536, 0.22895575941],
      [0.29298838517, 0.25120103577, 0.35675149338, 0.09905908568]
    ],
    [
      [0.59912874085, 0.0098786169494, 0.28880147681, 0.10219116539],
      [0.038082104075, 0.03490740153, 0.89023587937, 0.036774615023],
      [0.038043671971, 0.93115577996, 0.029752056122, 0.0010484919464],
      [0.013374834776, 0.16076182063, 0.57685567098, 0.24900767362],
      [0.27560104052, 0.295203076, 0.32354110538, 0.1056547781]
    ],
    [
      [0.70683548909, 0.015848008406, 0.2773165025, 0],
      [0.043026270658, 0.040606705944, 0.9163670234, 0],
      [0.015513322215, 0.97388480886, 0.01060186893, 0],
      [0.078549178778, 0.316110485, 0.60534033622, 0],
      [0.26749343083, 0.48725974359, 0.24524682558, 0]
    ],
    [
      [0.7349331501, 0.0028058017503, 0.14750976741, 0.11475128074],
      [0.076603414664, 0.017419071943, 0.83967503835, 0.06630247504],
      [0.10638675241, 0.84401351885, 0.042841632557, 0.0067580961827],
      [0.022236377658, 0.066307051083, 0.44818608685, 0.4632704844],
      [0.46820475575, 0.12038208498, 0.23905784211, 0.17235531716]
    ],
    [
      [0.88141394952, 0.00023882295477, 0.050836259877, 0.067510967652],
      [0, 0.10651846441, 0.8034451885, 0.090036347087],
      [0.48263758057, 0.44516373118, 0.064232682658, 0.0079660055984],
      [0.048179729741, 0.010990955967, 0.33038283911, 0.61044647519],
      [0.73529456002, 0.011805428084, 0.11226654684, 0.14063346505]
    ],
    [
      [0.74634105482, 0.0038012086254, 0.19119174836, 0.058665988199],
      [0.055728353534, 0.023520948881, 0.88134753899, 0.039403158598],
      [0.094814014009, 0.86257537216, 0.041359426889, 0.0012511869393],
      [0.025288145967, 0.10081679491, 0.63332764114, 0.24056741798],
      [0.4602494522, 0.15902744195, 0.29674217531, 0.083980930543]
    ],
    [
      [0.64082896452, 0.0039311472558, 0.28476395024, 0.07047593799],
      [0.043180324717, 0.014779377359, 0.91700914153, 0.025031156393],
      [0.085221653267, 0.84755806709, 0.064496850027, 0.0027234296147],
      [0.017251544363, 0.077598460703, 0.69510545294, 0.21004454199],
      [0.36575944558, 0.1459611098, 0.39753620451, 0.090743240102]
    ],
    [
      [0.60074129346, 0.011387705059, 0.27779349844, 0.11007750304],
      [0.040335240322, 0.04235616884, 0.87854806932, 0.038760521514],
      [0.029592953734, 0.94319592247, 0.024635618937, 0.0025755048591],
      [0.013123287665, 0.18104391921, 0.54314918926, 0.26268360387],
      [0.26552860642, 0.32615117473, 0.29898525682, 0.10933496203]
    ],
    [
      [0.65921737099, 0.0072674539725, 0.26272056038, 0.070794614648],
      [0.049080673888, 0.016294783973, 0.90719440054, 0.027430141604],
      [0.094026332658, 0.84461224735, 0.059741563431, 0.0016198565636],
      [0.019178092345, 0.083668450725, 0.6736004842, 0.22355297273],
      [0.38731872507, 0.15029438259, 0.36954264659, 0.092844245754]
    ],
    [
      [0.6141524805, 0.0099518499136, 0.31713566789, 0.058760001691],
      [0.039653733001, 0.034232645158, 0.91805653082, 0.0080570910222],
      [0.038115895942, 0.92932232054, 0.03197146392, 0.00059031960128],
      [0.01432271361, 0.17005318421, 0.66559963444, 0.15002446774],
      [0.28301134106, 0.2994331016, 0.3566342692, 0.060921288144]
    ],
    [
      [0.55847106263, 0.0079345250529, 0.35089887896, 0.082695533355],
      [0.031300492471, 0.024530902441, 0.92024410566, 0.023924499428],
      [0.042836586858, 0.91172806351, 0.04543534963, 0],
      [0.012011266886, 0.12351589025, 0.67168851188, 0.19278433099],
      [0.26494568829, 0.24271113874, 0.40438618401, 0.087956988955]
    ],
    [
      [0.57610330708, 0.0095062591731, 0.30961485983, 0.10477557392],
      [0.035202876505, 0.029933338445, 0.90289884671, 0.031964938344],
      [0.038707536638, 0.92634387442, 0.033868874077, 0.0010797148608],
      [0.012516020848, 0.14066685704, 0.60803490672, 0.2387822154],
      [0.26947532436, 0.27116700189, 0.35437880534, 0.10497886841]
    ],
    [
      [0.59488978658, 0.0067456057719, 0.30450342724, 0.09386118041],
      [0.038071465012, 0.02369473968, 0.90656414953, 0.031669645778],
      [0.054823382707, 0.89848126391, 0.045302250067, 0.0013931033195],
      [0.013964140809, 0.11426269456, 0.63386195021, 0.23791121442],
      [0.30084525071, 0.21936746182, 0.37350389992, 0.10628338755]
    ],
    [
      [0.59798321724, 0.0081770575399, 0.2436506582, 0.15018906702],
      [0.048265328539, 0.035687260321, 0.86740193001, 0.048645481129],
      [0.042843944665, 0.92666462941, 0.028744059556, 0.0017473663659],
      [0.012925124756, 0.13228408114, 0.48490658031, 0.36988421379],
      [0.28694400977, 0.26063605335, 0.28833985103, 0.16408008585]
    ],
    [
      [0.59196669409, 0.0066411066784, 0.31518384529, 0.086208353947],
      [0.037039579604, 0.022349973636, 0.91193776288, 0.028672683883],
      [0.054198790824, 0.89783410735, 0.046694793893, 0.0012723079322],
      [0.013799159143, 0.11237846892, 0.65540239217, 0.21841997977],
      [0.29875783298, 0.21686253158, 0.38676454879, 0.097615086643]
    ],
    [
      [0.67937626328, 0.0052099263558, 0.20259926307, 0.11281454729],
      [0.061775270167, 0.028770516357, 0.85867878507, 0.050775428402],
      [0.07962441873, 0.88235317527, 0.038022406, 0],
      [0.019629758088, 0.10865492346, 0.51934343896, 0.35237187949],
      [0.3863403563, 0.19050545827, 0.27947846566, 0.14367571977]
    ],
    [
      [0.6379414706, 0.0075853654524, 0.24993757322, 0.10453559072],
      [0.047332589914, 0.031825460426, 0.88091796071, 0.03992398895],
      [0.050082075852, 0.91653880998, 0.0320772574, 0.0013018567641],
      [0.015919903374, 0.14095212872, 0.56256854179, 0.28055942611],
      [0.32110716623, 0.2538073868, 0.3087645937, 0.11632085327]
    ]
  ],
  "expected_outcome": [
    [
      [17.7897676119, 35.682775156, 42.7277523806, 3.8238709252, 12.9236762801, 2.975397706e-14, 86.1249003499, 76.9629571179, 46.6165168344, 35.6548256862, 46.784617332, 58.7428008956, 167.0227760773, 4.7518413737, 109.8103175701, 19.3337168626, 122.1949517592, 5.5296402572, 42.4400716277, 71.4431086852, 29.0055982885, 41.7422765002, 23.8124794408, 156.5152491392, 165.2041743883, 49.4571211118, 86.8474571092, 214.2581954435, 147.4712396147, 119.6723105111, 77.5922584864, 32.8737337845, 102.4753926066, 69.6499169132, 76.993336689, 87.5709691435, 54.1128776999, 63.5076465297, 2.1205064673, 9.5541309513, 7.9327255456, 11.1951158223, 41.6538826935, 55.8689402919, 97.5641709072, 46.0614360377, 111.6942125265, 43.783851338, 491.9738535043, 12.557647562, 116.6174387354, 492.5477908766, 99.518869414],
      [0.27587389103, 0.33351919946, 0.32550889659, 0.010568328109, 0.070005632913, 0, 1.627976301, 0.71985690207, 0.24938917314, 0.69297095707, 0.40436344777, 0.42681955689, 1.6020400098, 0.0095781821014, 1.0797207649, 0.17728461918, 0.86675732179, 0.033588048653, 0.38822764255, 0.80406119337, 0.2539602252, 0.69440685662, 0, 3.0186921543, 2.3780463827, 0.53498889383, 1.1679568596, 1.6471110084, 0.93115874894, 1.2468429821, 0.9974650182, 0.13653727997, 0.88875388049, 0.73993560467, 1.0776420108, 1.4802289397, 0.71460124185, 1.0471333966, 0.047544025219, 0.036475422754, 0.002149406593, 0.057018129381, 0.25552457163, 1.0590565705, 1.0755831879, 0.74638874352, 1.5869050106, 0.72247569716, 5.5786159733, 0.17171820834, 1.3082980157, 3.777196608, 1.1833170106],
      [7.9045415629, 21.8204674972, 20.7504455891, 0.96923670494, 5.4805293768, 2, 49.6992299514, 30.9058579039, 11.9748755999, 18.6316506365, 17.3508376481, 23.1375367788, 79.2072417543, 3.7383912841, 39.0450508014, 6.3243573649, 56.3519718491, 2.0486744146, 21.9298308342, 35.5931376547, 11.7494975413, 23.6150062508, 15.9964053604, 81.1399704278, 60.6731193301, 28.7268601399, 35.5776179125, 92.8479144974, 62.6935970486, 72.0740193313, 48.8400887151, 14.3970440737, 58.1471741384, 37.5830415712, 47.2995075533, 56.557218896, 27.0349936576, 30.612956542, 0.8319495075, 1.9176269763, 0.4575263389, 2.8678762253, 18.5096567655, 25.8347953546, 38.882642937, 23.7851750919, 70.179775792, 23.5307293472, 251.8243343237, 5.1166638222, 62.0912175215, 146.8844657292, 38.990261423],
      [3.0298169343, 5.1632381473, 8.1962931338, 2.1963240417, 2.5257887102, 0, 11.5478933977, 14.4113280761, 3.1592183925, 8.0205527203, 8.4601815721, 4.6928427687, 24.1679421586, 0.50018916003, 12.0649108636, 2.1646411533, 22.58631907, 0.38809727952, 6.2418698955, 11.1596924667, 6.990943945, 7.9483103924, 5.1911151988, 26.3260882786, 25.744659899, 11.2810298545, 10.4069681186, 30.2467790507, 17.9040045878, 17.0068271755, 12.5701877803, 4.5926848618, 14.4886793745, 14.0271059109, 11.6295137469, 12.3915830207, 8.1375274007, 10.8322635317, 0, 1.4917666496, 0.60759870887, 0.87998982299, 4.5809359694, 10.237207783, 10.4776029679, 4.4070001268, 16.539106671, 7.9629436176, 77.6231961987, 3.1539704074, 16.9830457275, 81.7905467862, 16.3075521524]
    ],
    [
      [5.2306167269, 14.7476964947, 4.0537277946, 2.150498338, 3.0805382357, 0.91199339718, 4.5198338319, 4.3765832253, 5.4178160413, 2.2313062376, 6.1655421197, 6.0197768401, 13.4432307893, 0.20442123581, 8.164314334, 2.2314687665, 6.2213236927, 0.42980100413, 11.6306342979, 14.3537480973, 5.5727719058, 2.1179195218, 1.1653647757, 9.9355311951, 27.2561242635, 5.9888459317, 12.768990995, 16.328018442, 13.7192591455, 6.245514917, 9.9973400054, 3.9469541605, 8.0726052461, 7.8596894264, 4.7358921623, 5.697722073, 5.5880095303, 9.7871007474, 0.55934151855, 0.61282731732, 0, 1.6161222525, 3.3248850032, 7.0990022967, 3.8282925633, 5.6308300861, 14.1478225971, 2.1121725903, 36.5866778762, 3.7164302975, 7.8894304557, 49.5437666743, 6.058571509],
      [4.4703219103, 6.9988984378, 1.5014536619, 0.29797117717, 0.69303653576, 0.99874868845, 5.5955168451, 2.2711281315, 2.7998237498, 2.0569332301, 2.9631034148, 2.6116278165, 7.1138214452, 0.75525367428, 4.4471797692, 1.2304074597, 2.2912585275, 0.16083808509, 5.6062673907, 8.7371903439, 2.4396627435, 1.7670763696, 0.42611744067, 10.5638330662, 21.6371738101, 3.3514240326, 9.498564378, 7.0634733209, 5.1858373526, 3.6326890391, 7.528790261, 0.63509290267, 3.418760431, 4.4797591101, 3.666609526, 5.322544109, 4.0939554738, 8.9712021932, 0.52788717728, 0.13935257554, 1.4912585018, 0.68210751756, 1.1380120566, 7.4546857159, 1.2709931499, 4.8610356125, 11.0879679032, 1.7960003067, 22.7706448326, 2.7479190447, 4.7605443846, 23.0739541184, 4.0736589345],
      [111.2300961518, 422.3961551544, 93.2686430167, 23.6775282027, 63.9524959398, 0.089257914369, 136.6466640927, 83.065524273, 79.7951899735, 55.0705081674, 106.3789184499, 110.169914488, 298.2871837793, 17.5751784496, 136.6900567853, 36.824533847, 133.4583042864, 9.2360256005, 279.5819328652, 332.9170948715, 98.8025896318, 57.098812444, 37.2297254492, 240.7804476133, 467.9261983261, 159.9128921818, 245.7181707381, 342.6969900109, 293.5408599836, 178.4655491425, 301.6874038116, 93.6249009721, 207.6381396454, 197.4552943379, 136.8572654617, 172.9073340801, 131.9101253349, 228.7906209985, 11.9127713042, 6.7174003068, 11.248232639, 25.5590786306, 70.6097038979, 154.6244602009, 70.7611632418, 130.3640273762, 415.9503357583, 54.1739308024, 871.2081476988, 66.7899486108, 194.2427434926, 688.6603856288, 112.7574989709],
      [5.068965211, 10.8572499131, 4.1761755267, 0.8740022821, 3.2739292888, 0, 3.2379852303, 4.2867643702, 1.9871702354, 2.6412523649, 5.4924360156, 1.1986808553, 10.1557639862, 0.46514664031, 4.6984491114, 1.7135899268, 6.0291134933, 0.17333531025, 9.1811654462, 11.9919666874, 5.1849757189, 2.0161916646, 1.1787923344, 8.7201881254, 22.1805036002, 6.7468378539, 8.0142738889, 12.9115182262, 9.5540435183, 4.6562469014, 8.786465922, 3.7930519647, 5.8704946775, 8.2052571256, 3.7402328499, 4.072399738, 4.407909661, 9.4510760609, 0, 0.53041980032, 1.2605088592, 1.1426915993, 1.9273990423, 6.8218517865, 2.1395510451, 1.1441069252, 10.8138737414, 1.9178963006, 30.4345295924, 3.7457020469, 6.1072816671, 40.7218935785, 5.1102705856]
    ],
    [
      [3.6978535602, 10.0701822045, 2.8279046014, 2.3290558016, 2.4115632567, 2, 4.96960331, 8.1901570254, 9.0864350312, 2.0297501576, 4.8921327308, 7.1742669172, 21.3726857503, 2.0437373904, 10.0857156169, 1.9903928295, 12.5132731723, 0.87172957356, 11.3742050732, 15.7581456763, 7.3204190928, 2.9505916893, 2.4365861728, 20.632131028, 24.758766916, 8.4109341015, 14.3901214558, 17.0268773494, 16.8309047917, 8.3749879946, 8.5923768776, 4.0493288367, 5.5594318406, 6.416548075, 12.1340600732, 11.5840237225, 9.5058060627, 5.2880704039, 0.09307993329, 3.8299230869, 4.8263758057, 2.2755363362, 9.4596035126, 9.1738156575, 11.283159919, 4.573907513, 21.5039666027, 2.5159898815, 50.3826887073, 2.2278851226, 11.1649509097, 80.6595361739, 5.5090283437],
      [87.5112226279, 138.7037813521, 33.8439757694, 12.4144981424, 21.8133747651, 3.0138087667e-12, 140.2789961747, 112.4999663416, 74.9927427745, 52.1875318203, 65.0059980837, 79.1328555229, 300.5334433225, 9.2351681436, 147.001340779, 29.8944818619, 123.8610007527, 12.2972949242, 153.8164197931, 260.1313460496, 97.5608758509, 68.2466427508, 29.7512511737, 690.8395323662, 513.109992084, 135.3624363148, 281.7463985447, 191.6535756601, 156.2555916916, 131.1805475949, 162.4286227735, 26.9487025838, 72.2010980431, 101.7615820695, 254.3375776984, 309.3298448649, 188.3183141, 129.4306534146, 5.8433088531, 30.3844866785, 4.4516373118, 20.7018089319, 94.0789454471, 292.3907359655, 101.3534696816, 111.5186784643, 457.6874878831, 60.2123518376, 825.7042815302, 48.1865607295, 184.9538261143, 893.8237665478, 100.8192690983],
      [2.6885562674, 9.9903166244, 2.240348978, 1.0358337081, 1.6980721432, 2.8012320396e-12, 4.6439261607, 5.278755797, 3.8207101865, 1.7089049281, 2.9588467153, 4.599925297, 16.2791681233, 2.6864302663, 5.6598959785, 1.0785506896, 9.2517611941, 0.58690599944, 9.5388639506, 12.7134017047, 4.8343979846, 2.7164435524, 2.7336740919, 20.2387841008, 14.0808552652, 7.9175501079, 9.5865634661, 11.932024066, 11.5837271641, 8.2518256552, 8.7543795387, 2.9099432382, 5.1125297016, 5.6134243856, 12.0779084756, 13.0861314125, 7.6245107692, 4.1355358009, 0.063611213578, 1.542298772, 0.64232682658, 0.99262624533, 7.159150353, 7.6370418706, 7.1689876117, 3.8365756705, 22.8085455142, 2.201476815, 41.6327678119, 1.4946910969, 9.619127542, 38.5166972783, 3.528498314],
      [0.10236754444, 0.23571981903, 0.087770651213, 0.22061234791, 0.07698983507, 0, 0.10747435462, 0.031120836017, 0.10011200772, 0.073813094054, 0.14302247019, 0.09295226295, 0.81470280383, 0.034664199656, 0.25304762567, 0.036574618927, 0.37396488088, 0.24406950277, 0.27051118311, 0.39710656941, 0.28430707165, 0.086322007525, 0.078488561588, 1.289552505, 1.0503857349, 0.30907947583, 0.27691653335, 0.38752292452, 0.32977635256, 0.19263875541, 0.22462081019, 0.092025341285, 0.12694041468, 0.20844546982, 0.45045375273, 0, 0.55136906814, 0.14574038055, 0, 0.24329146258, 0.079660055984, 0.030028486542, 0.30230068723, 0.79840650632, 0.19438278764, 0.070838352154, 0, 0.070181465955, 1.2802619507, 0.090863051028, 0.26209543404, 0, 0.14320424405]
    ],
    [
      [0.41713475114, 0.97027488543, 0.22305608106, 0.073576762237, 0.13363037191, 0.088006602827, 0.27174956383, 0.15534090414, 0.25064179715, 0.12965088105, 0.29569023662, 0.41464185591, 0.71375949966, 0, 0.57722639549, 0.21513312276, 0.20952394539, 0, 0.81328126852, 0.80649827204, 0.23925774327, 0.21667557455, 0.109059027, 0.87045573863, 1.590771453, 0.3259920105, 0.96005950751, 1.0924272122, 1.1293537346, 0.24210197816, 0.71352058924, 0.25131957402, 0.53142208661, 0.39239864133, 0.25446189836, 0.37086068539, 0.3475622333, 0.6687417388, 0.15709835756, 0.066709132973, 0.2408986487, 0.1517288758, 0.17251544363, 0.89238356124, 0.47945230863, 0.24348613138, 0.87682248269, 0.16270827103, 1.9130872908, 0.19387687135, 0.46917141085, 2.0022353249, 0.20695874386],
      [4.7863272395, 6.5985060023, 1.2499766997, 0.16216868355, 0.54518266967, 0.0012513115445, 3.7443135095, 1.0598861369, 0.99024531742, 1.578235364, 1.878699491, 2.2091183274, 4.9567456486, 0, 4.1355003491, 1.4912358212, 1.0127424903, 0, 5.4195129686, 6.5900844518, 1.5392819826, 2.3849046761, 0.60309805537, 12.1431165849, 16.5718900512, 2.5674207277, 9.3805310574, 6.0795243739, 5.1702845377, 1.85034669, 6.6578619011, 0.7709645183, 3.3526712757, 3.0351352386, 2.5874235792, 4.5499583424, 3.3467063975, 8.0380910314, 0.63222097, 0.19892115325, 0.054954779835, 0.60490076946, 0.77598460703, 12.3109865061, 2.0917112681, 2.8909041316, 9.0166599884, 1.8286691415, 15.6539891552, 1.9842612171, 3.8208679432, 11.0828021933, 1.8323776734],
      [16.873580144, 53.1127742834, 9.7911476371, 1.9122096163, 5.2941975249, 0.91074208563, 14.0183682454, 5.5930431409, 5.8675255499, 6.0559683568, 9.9043763653, 14.7368913087, 30.1280750726, 0, 18.3672405936, 6.5432563231, 8.5412485147, 0, 37.6835628946, 35.883424814, 8.7848644766, 11.0713942352, 6.8549926905, 40.1243255006, 51.9619535176, 16.9655247179, 35.1328716111, 42.1128770673, 42.8052596698, 13.1536123393, 40.0658207203, 10.049827934, 26.9389478936, 18.942116082, 13.9723824444, 21.3767381063, 15.581837384, 28.8427835489, 1.2106806724, 1.3445582606, 1.6519141955, 3.7999658469, 6.9510545294, 36.9341448694, 16.840012105, 11.3151937855, 49.033261367, 7.9044537873, 86.8390871788, 7.2735987047, 22.2836813338, 52.973030774, 7.3133910433],
      [7.9229578654, 15.3184448288, 4.7358195821, 5.8520449379, 3.0269894336, 0, 3.9655686813, 3.191729818, 1.8915873356, 3.2361453982, 5.921233907, 3.639348508, 11.2014197791, 0, 6.9200326619, 2.7503747329, 4.2364850496, 0, 13.0836428683, 13.7199924622, 6.4365957976, 4.3270255142, 2.4328502271, 15.8621021758, 26.8753849781, 8.1410625439, 12.5265378239, 16.7151713466, 14.8951020579, 3.7539389926, 12.5627967893, 3.9278879737, 8.1769587441, 8.6303500381, 4.185732078, 5.7024428659, 5.7238939852, 12.450383681, 0, 1.3898114532, 3.0522323759, 1.4434045079, 2.1004454199, 17.8624850633, 5.5888243182, 2.5504159515, 14.0732561619, 3.1041688001, 32.5938363751, 5.5482632069, 7.4262793121, 35.9419317078, 3.6472725394]
    ],
    [
      [4.8646273498, 10.5290712594, 4.1675591423, 0.62299817299, 2.4505918557, 0, 7.1139129444, 7.3149617274, 5.6285902958, 5.9544670376, 4.8620175809, 7.6485134912, 17.4475478834, 0, 8.3624260835, 5.2292884186, 13.8609274305, 1.1688291651, 9.7418077327, 10.6384992692, 3.8619529696, 3.9725367142, 2.4765105837, 18.0466328991, 26.1901629792, 8.8171068445, 14.0333709325, 21.294481553, 15.8492427135, 7.4650845992, 16.1045040413, 1.8786636443, 7.3611482201, 8.681446944, 5.8822491771, 5.7764243755, 6.4457444738, 10.7484405802, 1.0699737233, 0.9364095115, 0, 2.7614967132, 4.389113347, 7.9658581926, 10.8449243019, 8.4903402317, 13.777175791, 2.4252779192, 51.1436926214, 4.3041601466, 9.8590084884, 55.2466709503, 7.7065719895],
      [4.9562543314, 6.3652950084, 2.0790849723, 0.11479366879, 0.87840039659, 0, 8.7531971698, 4.4491624879, 1.9677989851, 6.4843286286, 2.7478355627, 3.6195787762, 10.7939495739, 0, 5.3362583379, 3.206590238, 5.9682409077, 0.50827894203, 5.7695722051, 7.7373179613, 2.2062191978, 3.9069693469, 1.2195333302, 22.4348258284, 24.302897672, 6.1837300312, 12.2065491602, 10.5563156367, 6.4571276691, 5.0895736939, 13.3872600462, 0.50870271523, 4.1387163698, 5.9835879772, 5.3307471855, 6.3174237439, 5.5264227869, 11.5129199641, 1.9490389744, 0.24076416996, 0, 0.95416465168, 1.7515333176, 9.784535242, 4.2082427125, 8.9829930481, 12.6209792147, 2.440503017, 37.2924685086, 3.9095408003, 7.1564635423, 27.2422805325, 6.0913772833],
      [5.3032258739, 15.6802864405, 4.9494147792, 0.40519176792, 2.5747050153, 0, 9.9918115498, 7.1568188851, 3.5416986902, 7.5329679112, 4.4070208214, 7.3557321275, 20.0983312704, 0, 7.2377558413, 4.2293017753, 15.3967141556, 1.1283939855, 12.2658094553, 12.8929409552, 3.8286503657, 5.4983435176, 4.1852024079, 22.7164723574, 23.357873561, 12.4771728525, 13.9847762721, 22.4101943584, 16.376556134, 11.0549935317, 24.6523072143, 2.018283782, 10.1632086209, 11.4061236233, 8.7929360649, 9.0725775051, 7.8485328543, 12.6181031097, 0.9809873023, 0.47811568421, 0, 1.7804530519, 4.7704344542, 8.9695577045, 10.3471941045, 10.6990280759, 21.0280815686, 3.189409248, 63.4956629869, 4.3250977654, 12.7632301101, 39.9654205897, 7.4103502488],
      [1.8758924449, 3.4253472917, 1.8039411062, 0.8570163903, 1.0963027324, 0, 2.1410783361, 3.0790568996, 0.86191202884, 3.0282364226, 1.983126035, 1.376175605, 5.6601712723, 0, 2.0635597374, 1.3348195681, 5.7741175062, 0.19449790745, 3.2228106069, 3.7312418143, 2.1031774669, 1.6221504213, 1.1187536782, 6.8020689151, 9.1490657878, 4.5219902718, 3.7753036352, 6.739008452, 4.3170734834, 2.3903481751, 5.8559286982, 0.5943498585, 2.3369267892, 3.9288414555, 1.9940675724, 1.8335743755, 2.179299885, 4.1205363459, 0, 0.34471063432, 0, 0.50388558326, 1.0889188812, 3.2800488609, 2.5996388811, 1.8276386443, 4.5737634256, 0.9448098157, 18.0681758831, 2.4612012877, 3.2212978592, 20.5456279275, 2.7917004785]
    ]
  ],
  "prob": [
    [0.61389606286, 0.0068426360067, 0.28503900936, 0.094222291774],
    [0.041674846696, 0.025528588258, 0.89949039917, 0.033306165875],
    [0.056225482888, 0.90027029236, 0.042114672331, 0.0013895524242],
    [0.014998936787, 0.12043008105, 0.61650301147, 0.24806797069],
    [0.31404170827, 0.22469074531, 0.35340929703, 0.10785824939]
  ],
  "iterations": 111,
  "time": 0.120979,
  "message": "Converged",
  "status": 0,
  "miniter": 0,
  "maxiter": 1000,
  "maxtime": 3600,
  "param_threshold": 0.001,
  "ll_threshold": "-Inf",
  "initial_prob": "random",
  "adjust_prob_cond_method": "lp",
  "adjust_prob_cond_every": true,
  "candidates_id": ["STANTON TUREI, Metiria Leanne Agnes.c", "WOODHOUSE, Michael Allan.c", "CLARK, David Scott.c", "Other candidates votes.c"],
  "group_id": ["Green Party.p", "Labour Party.p", "National Party.p", "New Zealand First Party.p", "Other parties votes.p"]
}
