{
  "X": [
    [18, 42, 31, 51, 87, 20],
    [29, 38, 43, 76, 96, 22],
    [30, 57, 87, 155, 160, 58],
    [21, 34, 43, 86, 144, 40],
    [26, 40, 58, 79, 102, 34],
    [10, 65, 68, 102, 135, 44],
    [12, 59, 74, 110, 104, 38],
    [8, 47, 61, 94, 110, 26],
    [13, 44, 45, 99, 120, 37],
    [17, 26, 38, 83, 80, 12],
    [15, 26, 32, 100, 72, 27],
    [25, 42, 51, 137, 143, 48],
    [14, 45, 49, 131, 125, 47],
    [32, 41, 91, 120, 145, 49],
    [29, 21, 92, 111, 119, 33],
    [19, 19, 47, 50, 69, 21],
    [14, 46, 89, 112, 97, 30],
    [32, 56, 74, 93, 144, 39],
    [42, 51, 74, 111, 128, 33],
    [28, 42, 84, 115, 107, 29],
    [13, 42, 78, 90, 118, 20],
    [24, 35, 52, 123, 105, 46],
    [20, 57, 37, 115, 100, 34],
    [21, 54, 43, 121, 100, 28],
    [10, 64, 59, 127, 94, 34],
    [17, 38, 72, 72, 102, 33],
    [8, 35, 66, 90, 102, 32],
    [7, 30, 64, 54, 61, 30],
    [6, 51, 61, 42, 71, 20],
    [9, 27, 17, 60, 97, 32],
    [35, 48, 83, 46, 113, 22],
    [44, 49, 126, 63, 169, 32],
    [33, 46, 98, 45, 98, 15],
    [24, 26, 87, 76, 142, 32],
    [29, 29, 64, 26, 77, 20],
    [21, 24, 73, 23, 80, 18],
    [47, 39, 82, 33, 100, 26],
    [38, 25, 82, 31, 100, 19],
    [13, 37, 108, 77, 112, 22],
    [19, 28, 67, 81, 112, 29],
    [26, 41, 87, 95, 140, 28],
    [17, 31, 71, 71, 136, 38],
    [30, 52, 36, 79, 134, 16],
    [12, 48, 39, 74, 151, 32],
    [13, 36, 54, 57, 111, 36],
    [19, 43, 64, 84, 109, 27],
    [9, 35, 45, 68, 107, 32],
    [13, 53, 101, 92, 105, 29],
    [13, 41, 89, 81, 119, 33],
    [21, 16, 67, 56, 80, 27],
    [15, 17, 77, 60, 51, 14],
    [10, 26, 50, 91, 88, 35],
    [14, 52, 59, 98, 99, 23],
    [24, 32, 45, 93, 78, 21],
    [12, 39, 46, 97, 100, 34],
    [9, 18, 74, 60, 68, 23],
    [18, 29, 48, 102, 74, 22],
    [13, 32, 47, 95, 55, 25],
    [9, 20, 41, 80, 80, 25],
    [2, 30, 33, 77, 71, 34],
    [15, 28, 114, 95, 96, 24],
    [8, 18, 57, 64, 78, 20],
    [3, 26, 48, 69, 43, 18],
    [6, 32, 35, 55, 68, 18],
    [16, 32, 56, 63, 86, 21],
    [23, 20, 72, 71, 83, 24],
    [17, 59, 75, 98, 97, 29],
    [15, 32, 73, 80, 128, 29],
    [21, 52, 64, 93, 103, 36],
    [17, 46, 94, 101, 141, 38],
    [29, 49, 78, 121, 116, 29],
    [7, 58, 68, 105, 119, 29],
    [33, 42, 90, 106, 156, 56],
    [20, 30, 50, 90, 103, 38],
    [15, 44, 73, 84, 124, 50],
    [14, 43, 53, 88, 72, 23],
    [19, 38, 67, 88, 123, 31],
    [12, 22, 58, 61, 60, 24],
    [20, 44, 77, 112, 113, 31],
    [19, 56, 86, 126, 135, 26],
    [5, 24, 49, 66, 61, 9],
    [225, 389, 1334, 1040, 1360, 445]
  ],
  "W": [
    [33, 48, 36, 123, 9],
    [31, 75, 52, 131, 15],
    [44, 139, 117, 219, 28],
    [23, 79, 58, 190, 18],
    [31, 71, 66, 151, 20],
    [50, 91, 89, 178, 16],
    [43, 105, 96, 136, 17],
    [35, 68, 81, 152, 10],
    [25, 88, 55, 163, 27],
    [14, 73, 43, 114, 12],
    [18, 81, 44, 112, 17],
    [34, 123, 81, 189, 19],
    [35, 120, 56, 174, 26],
    [30, 105, 125, 195, 23],
    [12, 108, 118, 148, 19],
    [10, 45, 63, 99, 8],
    [28, 94, 110, 149, 7],
    [39, 97, 90, 197, 15],
    [37, 91, 105, 193, 13],
    [24, 95, 101, 179, 6],
    [20, 80, 103, 152, 6],
    [22, 121, 67, 155, 20],
    [38, 98, 51, 163, 13],
    [37, 116, 61, 133, 20],
    [51, 114, 80, 130, 13],
    [29, 67, 87, 140, 11],
    [21, 69, 94, 136, 13],
    [29, 49, 76, 79, 13],
    [42, 43, 64, 94, 8],
    [24, 50, 42, 109, 17],
    [44, 38, 106, 148, 11],
    [35, 37, 163, 227, 21],
    [33, 37, 123, 138, 4],
    [13, 60, 122, 180, 12],
    [27, 23, 75, 111, 9],
    [19, 21, 88, 107, 4],
    [35, 22, 92, 151, 27],
    [29, 26, 99, 132, 9],
    [20, 47, 133, 151, 18],
    [20, 63, 90, 148, 15],
    [21, 79, 105, 194, 18],
    [18, 64, 101, 168, 13],
    [37, 57, 58, 182, 13],
    [30, 69, 70, 171, 16],
    [34, 54, 78, 126, 15],
    [24, 65, 92, 156, 9],
    [26, 60, 67, 124, 19],
    [46, 78, 118, 137, 14],
    [26, 67, 103, 156, 24],
    [15, 44, 83, 114, 11],
    [8, 53, 96, 73, 4],
    [28, 76, 69, 120, 7],
    [40, 81, 74, 137, 13],
    [28, 83, 53, 118, 11],
    [27, 94, 62, 139, 6],
    [10, 49, 97, 89, 7],
    [22, 86, 73, 101, 11],
    [20, 79, 62, 88, 18],
    [19, 65, 49, 109, 13],
    [19, 71, 50, 100, 7],
    [19, 76, 131, 123, 23],
    [15, 50, 76, 93, 11],
    [20, 60, 53, 67, 7],
    [21, 45, 52, 87, 9],
    [24, 54, 71, 116, 9],
    [7, 52, 89, 133, 12],
    [33, 97, 84, 140, 21],
    [19, 59, 92, 167, 20],
    [39, 76, 76, 140, 38],
    [32, 86, 108, 187, 24],
    [28, 101, 92, 184, 17],
    [37, 84, 72, 165, 28],
    [36, 89, 115, 207, 36],
    [19, 78, 51, 149, 34],
    [32, 64, 99, 166, 29],
    [37, 67, 68, 98, 23],
    [28, 66, 85, 167, 20],
    [17, 38, 74, 91, 17],
    [28, 97, 106, 151, 15],
    [37, 105, 99, 197, 10],
    [14, 56, 55, 85, 4],
    [333, 884, 1581, 1816, 179]
  ],
  "method": "mvn_pdf",
  "cond_prob": [
    [
      [0.055941507636, 0.78796267795, 0.01204618063, 0.015092114781, 0.074806223307, 0.054151295691],
      [0.0012002355107, 0.069447134566, 0.0032484662556, 0.77928252358, 0.056690569365, 0.090131070721],
      [0.033759073371, 0.0086259907581, 0.72783212847, 0.028821616121, 0.15780160346, 0.043159587821],
      [0.11602054349, 0.095878735352, 0.032204306906, 0.085770523912, 0.59729285515, 0.072833035187],
      [0.067829494707, 0.062238783634, 0.031495920491, 0.16767182875, 0.29581871041, 0.374945262]
    ],
    [
      [0.10499003753, 0.72004298099, 0.014604455505, 0.018376265752, 0.088641538834, 0.053344721394],
      [0, 0.049989461949, 0.0046131010699, 0.80290548946, 0.063985794716, 0.07850615281],
      [0.049014481901, 0.0084324900742, 0.71822383808, 0.029169178026, 0.15897509657, 0.036184915347],
      [0.16384796067, 0.081896821753, 0.033294699116, 0.084703687873, 0.57764242048, 0.058614410107],
      [0.11549819533, 0.05083232065, 0.032802275652, 0.17329624558, 0.30102103918, 0.3265499236]
    ],
    [
      [0.057518415688, 0.73123664054, 0.012300430652, 0.027070199686, 0.084265109156, 0.087609204279],
      [0.00088544492916, 0.041648216178, 0.0019662910869, 0.82370350875, 0.040105560821, 0.09169097823],
      [0.032884690195, 0.0079473079864, 0.67920695852, 0.047546767863, 0.16709822372, 0.065316051717],
      [0.10081815586, 0.077255349644, 0.02769743997, 0.12790774241, 0.56823278775, 0.098088524361],
      [0.050693856345, 0.042418898612, 0.023304038943, 0.20497700244, 0.24014962681, 0.43845657685]
    ],
    [
      [0.056223015744, 0.71403017186, 0.011748929431, 0.022576554561, 0.10445926173, 0.090962066673],
      [0.00092265891711, 0.045842265499, 0.0022728601606, 0.78617094608, 0.056152946453, 0.10863832289],
      [0.031794706791, 0.0076093764976, 0.6486881075, 0.039217071603, 0.20516840384, 0.067522333768],
      [0.089107457288, 0.067376550017, 0.023901091759, 0.095397463223, 0.63208102813, 0.092136409586],
      [0.047748372492, 0.039604374037, 0.021394500053, 0.16517368553, 0.28701063577, 0.43906843212]
    ],
    [
      [0.073953938065, 0.7343702654, 0.017168594322, 0.021202582974, 0.078251260927, 0.075053358307],
      [0, 0.050612549001, 0.0034633088691, 0.80299545591, 0.045960682281, 0.09696800394],
      [0.032423836829, 0.0066219264025, 0.76351583559, 0.029369326674, 0.12307714023, 0.044991934276],
      [0.13321785011, 0.081222184281, 0.040443214497, 0.10457704759, 0.55123248788, 0.089307215642],
      [0.072577966167, 0.046971691217, 0.03614540543, 0.18002664059, 0.24759027717, 0.41668801943]
    ],
    [
      [0.02313148847, 0.79501868946, 0.010829100848, 0.02124159828, 0.075018312065, 0.074760810879],
      [0, 0.052097827913, 0.0027664489266, 0.79872374897, 0.047197960366, 0.099214013822],
      [0.012064527319, 0.01085563879, 0.6913678233, 0.043990879039, 0.17533635754, 0.066384774015],
      [0.041233131788, 0.10480144909, 0.029712985267, 0.11971922223, 0.60280574894, 0.10172746268],
      [0.026886574185, 0.05545958728, 0.024134403372, 0.18930307115, 0.25310692942, 0.45110943459]
    ],
    [
      [0.027950308459, 0.81575097829, 0.01036966626, 0.019743450267, 0.063472869975, 0.062712726754],
      [0, 0.058950071568, 0.0023033346774, 0.80663240599, 0.042393794438, 0.089720393327],
      [0.017877299995, 0.010042580027, 0.71437058068, 0.042963333318, 0.15602058956, 0.058725616423],
      [0.062451931851, 0.11529767365, 0.031436606267, 0.1242457129, 0.57114087546, 0.095427199867],
      [0.034614894414, 0.064022301153, 0.026900000725, 0.20192541508, 0.2450695597, 0.42746782893]
    ],
    [
      [0.023899900265, 0.79713123314, 0.011108432519, 0.031158787586, 0.075958357019, 0.060743289469],
      [0, 0.035934476524, 0.0023279986065, 0.86957656005, 0.035132178707, 0.057028786114],
      [0.011231994026, 0.011161832638, 0.68811511224, 0.062793259762, 0.17366483036, 0.053032970978],
      [0.039373917967, 0.10007279658, 0.029435932966, 0.16987847897, 0.581473782, 0.079765091517],
      [0.026887644362, 0.054168891248, 0.024131505449, 0.28704535066, 0.25016032299, 0.3576062853]
    ],
    [
      [0.031276090777, 0.80251798107, 0.010887677834, 0.020588812239, 0.072803130002, 0.061926308079],
      [0, 0.056215101489, 0.002413129591, 0.81081225863, 0.045699499832, 0.084860010454],
      [0.019473086413, 0.0098488515998, 0.70704490508, 0.041934318368, 0.16753139719, 0.054167441348],
      [0.062408486964, 0.10322527752, 0.03007320471, 0.11870875553, 0.59904346163, 0.086540813642],
      [0.036092392693, 0.060100535851, 0.026890759369, 0.20288467673, 0.27037239534, 0.40365924001]
    ],
    [
      [0.062391233511, 0.78063729658, 0.015174870596, 0.025155225444, 0.078162725339, 0.03847864853],
      [0.0013681339096, 0.050360462664, 0.0033594966916, 0.86113286601, 0.043626367087, 0.040152673634],
      [0.031628334198, 0.0081002136022, 0.76082336343, 0.039671189217, 0.13760430587, 0.022172593686],
      [0.12079866081, 0.090564307846, 0.038251868425, 0.13174579563, 0.58057461969, 0.038064747595],
      [0.074631937715, 0.060176982841, 0.038849243776, 0.25502048218, 0.30154210424, 0.26977924925]
    ],
    [
      [0.055337735208, 0.74296852451, 0.010322315734, 0.037405972769, 0.073623287562, 0.080342164216],
      [0.0022193189509, 0.031219267166, 0.0015351639439, 0.87450404238, 0.026789709666, 0.063732497892],
      [0.035791778287, 0.008954160389, 0.65063251784, 0.07301602978, 0.16381844706, 0.067787066641],
      [0.10206569345, 0.080303456812, 0.024423238078, 0.18212073259, 0.51594681333, 0.095140065749],
      [0.048115295327, 0.041755041073, 0.019212740445, 0.28715515866, 0.20651526928, 0.39724649522]
    ],
    [
      [0.061955382346, 0.70320356098, 0.0090066627921, 0.030784788602, 0.097621975019, 0.097427630262],
      [0.0011961850716, 0.034947805356, 0.001521333207, 0.83100910701, 0.041175495735, 0.090150073622],
      [0.041188123542, 0.0084963764726, 0.57697990654, 0.063003333463, 0.22568449944, 0.084647760545],
      [0.097765301421, 0.065665093966, 0.018419721023, 0.13046273591, 0.5903774568, 0.097309690879],
      [0.049079276889, 0.036504716523, 0.015260514596, 0.20939315408, 0.25023595183, 0.43952638607]
    ],
    [
      [0.039120115615, 0.7329413276, 0.016171503897, 0.028842448469, 0.089529753094, 0.093394851322],
      [0, 0.037048450959, 0.0028297648593, 0.82609461666, 0.041601578998, 0.092425588528],
      [0.017073451679, 0.0065854473283, 0.73377428461, 0.04121146778, 0.14451027035, 0.056845078249],
      [0.062161553299, 0.077468100308, 0.035894541197, 0.13302052784, 0.58891264553, 0.10254263182],
      [0.033022014825, 0.040500189031, 0.029131364392, 0.20791331789, 0.24272668074, 0.44670643312]
    ],
    [
      [0.073364508689, 0.70840003056, 0.012875008212, 0.026604337338, 0.089469135534, 0.089286979663],
      [0.00010309222962, 0.040533114501, 0.0021713939542, 0.81903844739, 0.043358316721, 0.094795635209],
      [0.03923300888, 0.0072261116585, 0.67597654202, 0.044690418, 0.16922300317, 0.063650916274],
      [0.12021835148, 0.070140839939, 0.02741603618, 0.11865283787, 0.56890371812, 0.094668216404],
      [0.062675452421, 0.039621491957, 0.023589503541, 0.1947490117, 0.24670444559, 0.43266009479]
    ],
    [
      [0.10684423363, 0.66037322169, 0.018624830792, 0.026250383439, 0.10901302328, 0.078894307171],
      [0, 0.034498021705, 0.0035925098739, 0.82040213156, 0.055809364383, 0.085697972477],
      [0.039547022712, 0.0037939995469, 0.726137253, 0.032449435038, 0.15529872013, 0.042773569572],
      [0.14448065681, 0.05562916147, 0.034316005438, 0.099481533433, 0.59346157038, 0.072631072471],
      [0.087799121494, 0.03520669218, 0.03292348974, 0.18575078461, 0.28983531453, 0.36848459744]
    ],
    [
      [0.08223852124, 0.73853764956, 0.011799690379, 0.02003330367, 0.07528955668, 0.072101278472],
      [0, 0.050946012104, 0.0024869428716, 0.800762153, 0.047199751323, 0.098605140701],
      [0.044854913274, 0.00939902924, 0.69416950572, 0.036599981931, 0.15717212369, 0.057804446137],
      [0.14829411383, 0.084303968868, 0.028593796919, 0.10154735054, 0.5479178837, 0.089342886145],
      [0.083829747779, 0.047977649958, 0.025828238926, 0.17579793918, 0.24717516807, 0.41939125609]
    ],
    [
      [0.03129304185, 0.81497409571, 0.012402098796, 0.025302958426, 0.056797800291, 0.059230004928],
      [0, 0.048643063336, 0.0025823144473, 0.85033826558, 0.030035181748, 0.068401174891],
      [0.018520513165, 0.0091698955226, 0.74991359789, 0.048344037626, 0.12426552517, 0.049786430624],
      [0.072661578669, 0.11519122961, 0.038265573081, 0.16260939666, 0.51951873516, 0.091753486817],
      [0.037137594048, 0.062299378101, 0.031133931175, 0.25901085129, 0.21555074283, 0.39486750255]
    ],
    [
      [0.065307779835, 0.76535648882, 0.013514949925, 0.014257761036, 0.078676536509, 0.062886483869],
      [0.0003206905939, 0.070673130543, 0.0039539705506, 0.75442244534, 0.062481189752, 0.10814857322],
      [0.036146288342, 0.0080587050691, 0.73119793733, 0.024092802739, 0.1537614999, 0.046742766619],
      [0.1271938332, 0.089943514991, 0.03447865492, 0.075562638321, 0.59258567572, 0.080235682844],
      [0.074102567117, 0.056776490921, 0.032618162059, 0.14738520838, 0.28620177079, 0.40291580073]
    ],
    [
      [0.092252604846, 0.74433865412, 0.0099162485334, 0.024673335224, 0.070687192143, 0.058131965132],
      [0, 0.041655492866, 0.0028620825968, 0.84424468988, 0.041246391668, 0.069991342993],
      [0.057320223052, 0.011451537715, 0.64876108645, 0.053894447243, 0.17398568474, 0.054587020792],
      [0.1618574552, 0.092120213337, 0.025722735439, 0.1278190825, 0.51921878372, 0.073261729805],
      [0.1022724113, 0.052862100954, 0.02217286697, 0.22560153341, 0.24257154564, 0.35451954171]
    ],
    [
      [0.060368494362, 0.77816099882, 0.014195497222, 0.02652173994, 0.061301060366, 0.059452209295],
      [0.00029218573208, 0.046395261167, 0.0026461951979, 0.85458622842, 0.02995093084, 0.066129198645],
      [0.032754286949, 0.0083431648304, 0.75466283161, 0.04462891204, 0.11627167947, 0.043339125101],
      [0.12745850166, 0.099095765387, 0.039025812628, 0.15171132528, 0.50068881105, 0.082019783992],
      [0.066690618607, 0.055964094236, 0.033558844912, 0.25232319995, 0.2194498863, 0.372013356]
    ],
    [
      [0.028215807137, 0.84168740624, 0.0093484982941, 0.018033717698, 0.064985475844, 0.037729094785],
      [0, 0.068764565269, 0.0026519477884, 0.82057910748, 0.048619693256, 0.059384686204],
      [0.020620699588, 0.010418613301, 0.70787572824, 0.044655227555, 0.17871144998, 0.03771828134],
      [0.066184615957, 0.11915821895, 0.029695087357, 0.11876691429, 0.60894797856, 0.057247184884],
      [0.041948362381, 0.079986700568, 0.029336820706, 0.22348960622, 0.30722382218, 0.31801468794]
    ],
    [
      [0.066955841929, 0.72299855863, 0.012629848058, 0.024465807173, 0.077463719821, 0.095486224386],
      [0.0006377067356, 0.044972717694, 0.0023988370188, 0.80478294953, 0.040476172228, 0.10673161679],
      [0.037275626221, 0.0080018917199, 0.69199375309, 0.042399615269, 0.15115935252, 0.069169761177],
      [0.12118337186, 0.079296018983, 0.029648854218, 0.11996369627, 0.54132773397, 0.10858032471],
      [0.058445968405, 0.041266159077, 0.023636510127, 0.18239341021, 0.218235297, 0.47602265518]
    ],
    [
      [0.039429024776, 0.81704683066, 0.0070331996106, 0.02307911648, 0.053934830166, 0.059476998309],
      [0.0013659996037, 0.052655033897, 0.0011218861912, 0.84053796937, 0.030605676399, 0.073713434536],
      [0.035922030781, 0.013210498407, 0.6421748442, 0.065600443116, 0.17154755493, 0.071544628558],
      [0.097640086659, 0.11825340848, 0.022265789079, 0.15463226027, 0.51194164512, 0.095266810395],
      [0.047728569389, 0.064845085566, 0.018657914906, 0.24612242716, 0.21197743922, 0.41066856377]
    ],
    [
      [0.049584636411, 0.81364515066, 0.0073766637163, 0.02003465922, 0.064146030226, 0.04521285977],
      [0.0011635087273, 0.061567548258, 0.0013091031556, 0.82866821728, 0.042421735343, 0.064869887233],
      [0.043136223874, 0.01254702918, 0.6436176384, 0.053614362787, 0.19525046356, 0.051834282201],
      [0.11342526573, 0.10965827902, 0.021713134945, 0.12295632141, 0.56613150603, 0.06611549287],
      [0.065676572121, 0.070168696874, 0.021334229328, 0.22547687634, 0.27499535016, 0.34234827517]
    ],
    [
      [0.024782287792, 0.81664863034, 0.0092046887163, 0.025214973841, 0.061563704549, 0.062585714761],
      [0, 0.045813778479, 0.0021444561099, 0.84695574813, 0.033926469333, 0.071159547951],
      [0.017539426912, 0.012257485332, 0.68012679147, 0.060850774466, 0.16504783458, 0.064177687246],
      [0.053384364585, 0.11807296803, 0.02759396678, 0.16125185209, 0.54517606512, 0.094520783388],
      [0.030229367199, 0.061389571941, 0.022210298487, 0.25617525524, 0.22430141016, 0.40569409697]
    ],
    [
      [0.04968330993, 0.74872458405, 0.016213740472, 0.02043253533, 0.081824581531, 0.083121248692],
      [0.00079859145183, 0.052558068029, 0.0031425430494, 0.7862899882, 0.048533149532, 0.10867765974],
      [0.02382351466, 0.0070338349648, 0.75356608095, 0.029483212837, 0.13452613184, 0.051567224746],
      [0.092239000517, 0.083166538152, 0.038513279738, 0.10216929978, 0.58496654587, 0.098945335937],
      [0.047233867, 0.046394320138, 0.033376630574, 0.16884416181, 0.25238874764, 0.45176227284]
    ],
    [
      [0.024916104348, 0.79327137557, 0.0094957961599, 0.028377211525, 0.071486388493, 0.072453123902],
      [0, 0.039278767779, 0.0024563807202, 0.84910045857, 0.035443058038, 0.073721334889],
      [0.013116991066, 0.012072823887, 0.65693269131, 0.063146682253, 0.1841743962, 0.070556415289],
      [0.043440720775, 0.10160005978, 0.026590478925, 0.15890186601, 0.57149252913, 0.097974345387],
      [0.025832817161, 0.052200966229, 0.020239991855, 0.25151576983, 0.23214135639, 0.41806909853]
    ],
    [
      [0.035890818805, 0.72024462629, 0.020431146634, 0.026022144549, 0.084024611398, 0.11338665232],
      [0, 0.039744132626, 0.0041734805533, 0.79378261715, 0.04213426933, 0.12016550034],
      [0.011003740074, 0.007138287455, 0.77727965242, 0.032830087142, 0.11682545035, 0.054922782559],
      [0.060138502204, 0.077797005487, 0.046686606609, 0.12195443601, 0.56799315999, 0.1254302897],
      [0.028610794992, 0.036690004527, 0.03396159186, 0.17080942309, 0.21142409281, 0.51850409272]
    ],
    [
      [0.020248276031, 0.83064600936, 0.020034206328, 0.010978251265, 0.065503603496, 0.052589653523],
      [0, 0.084734763608, 0.0076232497173, 0.74151830473, 0.060710014741, 0.1054136672],
      [0.0048489365801, 0.0064678132773, 0.83651174237, 0.015301489776, 0.10424234988, 0.032627668114],
      [0.048682885082, 0.12193231163, 0.062273025015, 0.079641878704, 0.60337437629, 0.084095523281],
      [0.032881158487, 0.074211928666, 0.055043466666, 0.14849929994, 0.2812020319, 0.40816211435]
    ],
    [
      [0.039541966528, 0.70490564178, 0.0038511737877, 0.028892223119, 0.1152112939, 0.10759770088],
      [0, 0.036942705536, 0, 0.80603560254, 0.051382787641, 0.10563890428],
      [0.034749392533, 0.012860374739, 0.38495129658, 0.078880644328, 0.36177253549, 0.12678575633],
      [0.055821959981, 0.065172965997, 0.0057384476005, 0.11576262491, 0.65766546812, 0.099838533391],
      [0.029819098765, 0.034772958103, 0.0067133284775, 0.18080549067, 0.28151806166, 0.46637106232]
    ],
    [
      [0.1002019896, 0.72869111221, 0.015053355708, 0.015545223449, 0.08758444436, 0.052923874669],
      [0, 0.060415199427, 0.0044637667045, 0.78511646236, 0.064779034724, 0.085225536789],
      [0.043462560068, 0.0099923508862, 0.72244990392, 0.024428831793, 0.16291701549, 0.036749337842],
      [0.16697255117, 0.081070838574, 0.03524382506, 0.075272773715, 0.58159354768, 0.059846463799],
      [0.11564941063, 0.053103652863, 0.033841208143, 0.1592507199, 0.30360294818, 0.33455206028]
    ],
    [
      [0.083196466713, 0.74316965834, 0.01403726551, 0.020549677196, 0.084420459377, 0.054626472866],
      [0, 0.054134334132, 0.0031873207943, 0.81555911593, 0.052718340604, 0.074400888543],
      [0.040445408102, 0.0086668807814, 0.71895462857, 0.034061643187, 0.15988147871, 0.037989960655],
      [0.14354911806, 0.081323410285, 0.033129146995, 0.099204497199, 0.58084393549, 0.061949891969],
      [0.090946302105, 0.052998852062, 0.032421143504, 0.19207644311, 0.29440242541, 0.33715483381]
    ],
    [
      [0.081862627559, 0.79367334941, 0.012907908323, 0.013441031198, 0.06309750277, 0.03501758074],
      [0, 0.08036588428, 0.0049241952936, 0.78767367354, 0.057279701178, 0.069756545705],
      [0.041966534914, 0.011219012059, 0.74647693084, 0.026516000392, 0.14669988073, 0.02712164106],
      [0.17851506005, 0.10979996908, 0.039311979422, 0.083035929121, 0.5406233538, 0.048713708527],
      [0.12539280232, 0.075726883781, 0.037532036333, 0.17302344559, 0.28708132762, 0.30124350435]
    ],
    [
      [0.062452224104, 0.7245229766, 0.012568598671, 0.024705205669, 0.09987732172, 0.075873673241],
      [0.00076402751563, 0.043895791512, 0.0022678263449, 0.81614325359, 0.050624089509, 0.08630501153],
      [0.034980623928, 0.007600731359, 0.66979423601, 0.041952922788, 0.18985505316, 0.055816432746],
      [0.10108135707, 0.069488902622, 0.026067215111, 0.10711785499, 0.61658664962, 0.079658020588],
      [0.056666587043, 0.042680176309, 0.024461926905, 0.19256388606, 0.29301966909, 0.39060775459]
    ],
    [
      [0.12990388934, 0.6796709076, 0.020430803804, 0.012591788575, 0.087255403943, 0.070147206734],
      [0, 0.057303994554, 0.0064504101694, 0.74873255863, 0.068481997707, 0.11903103894],
      [0.034715098504, 0.0095004538751, 0.76972595453, 0.0126072975, 0.13242148897, 0.04102970662],
      [0.19534709034, 0.074080599046, 0.04687588384, 0.057295451825, 0.54734780182, 0.079053173129],
      [0.13393728579, 0.043934787247, 0.040815463043, 0.12598115498, 0.26464449684, 0.3906868121]
    ],
    [
      [0.087431709453, 0.72128753464, 0.018719093121, 0.012366751446, 0.088988247567, 0.071206663777],
      [1.4456990129e-05, 0.066233697069, 0.0054819349623, 0.73401680196, 0.070796657749, 0.12345645127],
      [0.034601785035, 0.0073917848666, 0.76978785415, 0.0097750105306, 0.13651768444, 0.041925880979],
      [0.14894463167, 0.075389320701, 0.043248766128, 0.05599908497, 0.59492376122, 0.081494435309],
      [0.089115312823, 0.046873705061, 0.04006686396, 0.12464396575, 0.28802370058, 0.41127645183]
    ],
    [
      [0.16202744678, 0.66269561301, 0.02225612487, 0.014613542327, 0.082294656726, 0.056112616283],
      [0, 0.054136861668, 0.0072047277826, 0.77916217567, 0.063712390149, 0.095783844727],
      [0.028737930494, 0.013100997671, 0.77814309016, 0.017550734852, 0.12878994867, 0.033677298154],
      [0.22445446346, 0.080199918248, 0.054450729052, 0.065996019956, 0.50930864484, 0.065590224445],
      [0.17750095461, 0.048117153581, 0.046344712477, 0.13951450126, 0.25791606604, 0.33060661203]
    ],
    [
      [0.19333285874, 0.57608413713, 0.024615770341, 0.017244588922, 0.11828650095, 0.070436143927],
      [0, 0.036145700408, 0.0070665426386, 0.77900604319, 0.078397145979, 0.099384567782],
      [0.0333565489, 0.0064456535461, 0.75287798271, 0.014748630213, 0.15831754368, 0.034253640948],
      [0.20906206821, 0.048739597921, 0.046984703294, 0.057469683169, 0.57699832676, 0.060745620639],
      [0.16609508346, 0.031336131795, 0.040612380884, 0.13329302542, 0.29934996892, 0.32931340951]
    ],
    [
      [0.030915540566, 0.81592669838, 0.013819247089, 0.027136971743, 0.067680975712, 0.044520566509],
      [0, 0.046557918485, 0.0027804435435, 0.86787297596, 0.03470724253, 0.048081419482],
      [0.014826759218, 0.009403868018, 0.75895250639, 0.047760027416, 0.13772619383, 0.031330645134],
      [0.064419145103, 0.10651020793, 0.039773198947, 0.16006414116, 0.5690322776, 0.060201029258],
      [0.037913294559, 0.064416001112, 0.035916545612, 0.28585898517, 0.26520457724, 0.3106905963]
    ],
    [
      [0.059546228362, 0.72136174032, 0.013763616666, 0.030417250821, 0.096459090193, 0.078452073641],
      [0.00086368919445, 0.036361961344, 0.0017991372115, 0.84494839289, 0.041076928958, 0.074949890406],
      [0.030949539026, 0.0065927529278, 0.68993537669, 0.047944846507, 0.17113296339, 0.053444521464],
      [0.095921362369, 0.068119495435, 0.027918754964, 0.13138923522, 0.59477438502, 0.081876766986],
      [0.051522858034, 0.040461902738, 0.025681492403, 0.22661754886, 0.27029306557, 0.3854231324]
    ],
    [
      [0.053304953057, 0.78420458514, 0.014348934871, 0.021047242017, 0.077062759296, 0.050031525623],
      [0.00087377091455, 0.056850947749, 0.0030373935792, 0.82494781539, 0.047333967412, 0.066956104951],
      [0.029047382438, 0.0081356126756, 0.7494699036, 0.034977396927, 0.14404476804, 0.034324936316],
      [0.10635127684, 0.093316392557, 0.036657732333, 0.11283066442, 0.58888070567, 0.061963228183],
      [0.062746956652, 0.060158852945, 0.036265462439, 0.21251971818, 0.29304117144, 0.33526783834]
    ],
    [
      [0.045300364578, 0.73901437461, 0.011238032436, 0.020064323643, 0.096471075977, 0.08791182876],
      [0.00022677165396, 0.052483692896, 0.0027919661784, 0.77157672952, 0.05733579303, 0.11558504673],
      [0.027164271895, 0.00924194918, 0.65372879389, 0.037274126279, 0.20293893498, 0.069651923777],
      [0.076740801568, 0.076420160549, 0.025656262762, 0.092008311654, 0.63344990246, 0.095724561007],
      [0.041079532846, 0.043597005564, 0.021705327239, 0.15660372102, 0.28289337169, 0.45412104163]
    ],
    [
      [0.064452589039, 0.79345363065, 0.006083088059, 0.023214062442, 0.078749663851, 0.034046965955],
      [0, 0.056315885127, 0.0011505743109, 0.85096685098, 0.047713286144, 0.043853403437],
      [0.059565581602, 0.014802327727, 0.5635443793, 0.06580267233, 0.25512947183, 0.041155567211],
      [0.12681639865, 0.097296735186, 0.015402669083, 0.12423559109, 0.60091481337, 0.035333792618],
      [0.083066609165, 0.066589953964, 0.016960248752, 0.24681050844, 0.32327690206, 0.26329577762]
    ],
    [
      [0.028268777687, 0.80562085959, 0.0054992629941, 0.015960727972, 0.089036308226, 0.055614063536],
      [0, 0.071033852576, 0.0021624828277, 0.7667300119, 0.066555052641, 0.093518600052],
      [0.027322919907, 0.016413103864, 0.5128051858, 0.050075377079, 0.31795776976, 0.0754256436],
      [0.050781330295, 0.098059075229, 0.015048973588, 0.084832681468, 0.67770595425, 0.073571985174],
      [0.034732799713, 0.063313703132, 0.013504581616, 0.16282140081, 0.34949062888, 0.37613688585]
    ],
    [
      [0.046571782651, 0.70559319853, 0.012375607726, 0.020532452043, 0.11138207727, 0.10354488178],
      [0.00012791083158, 0.047863785193, 0.0033909819217, 0.7555435348, 0.063388234454, 0.1296855528],
      [0.025603203779, 0.0082423438219, 0.63949893533, 0.035301003425, 0.2165719888, 0.074782524838],
      [0.070268554409, 0.065316739594, 0.025469255351, 0.08433705509, 0.65530760063, 0.099300794931],
      [0.037250963646, 0.036824989518, 0.020404878885, 0.14150656953, 0.28857812713, 0.47543447129]
    ],
    [
      [0.038439586019, 0.82161476335, 0.0075417512633, 0.0214484, 0.059763718971, 0.051191780395],
      [0.00078502519271, 0.057172621443, 0.0015047699671, 0.83585428491, 0.036320314167, 0.068362984316],
      [0.034292914634, 0.012028030436, 0.65126892222, 0.058373937605, 0.18403873461, 0.059997460497],
      [0.092481597348, 0.11437563077, 0.023178891834, 0.13870130977, 0.55151054391, 0.079752026365],
      [0.049371773944, 0.068427565055, 0.020948883464, 0.2385448107, 0.24862687669, 0.37408009014]
    ],
    [
      [0.031692119192, 0.7651321974, 0.0093505972067, 0.021936355689, 0.094302190063, 0.077586540445],
      [0, 0.049510074, 0.0025886301726, 0.796446298, 0.053405351453, 0.09804964637],
      [0.019553434894, 0.011304413551, 0.61909063505, 0.047516118878, 0.23035463459, 0.072180763037],
      [0.050625467441, 0.084371153382, 0.022275518694, 0.1051117767, 0.64749547641, 0.090120607371],
      [0.030966673706, 0.048238931591, 0.018964726105, 0.18028613664, 0.29582223044, 0.42572130151]
    ],
    [
      [0.03657173369, 0.77463756269, 0.018884472275, 0.025816276932, 0.07984075401, 0.064249200407],
      [0, 0.045196528835, 0.0036628883491, 0.83835329322, 0.040896887257, 0.071890402342],
      [0.013432069055, 0.0069840598962, 0.78724759387, 0.034614133752, 0.12071395981, 0.037008183612],
      [0.067112435586, 0.089690355113, 0.046502295104, 0.13244360313, 0.58524821619, 0.079003094881],
      [0.038450887607, 0.052117510655, 0.041398462732, 0.22797521276, 0.26529394526, 0.37476398098]
    ],
    [
      [0.033848329189, 0.78701485558, 0.0171569142, 0.021351685889, 0.078414315142, 0.0622139],
      [0, 0.053681222932, 0.003762405926, 0.81356721257, 0.047228316003, 0.081760842568],
      [0.013119009019, 0.0075352564012, 0.78066625261, 0.030989630286, 0.12861139432, 0.039078457363],
      [0.063286499394, 0.09496093527, 0.044390158398, 0.11482993452, 0.60182138754, 0.080711084878],
      [0.037332983612, 0.056288937793, 0.040347929374, 0.20126880081, 0.27774252348, 0.38701882494]
    ],
    [
      [0.104186928, 0.62004935859, 0.021869706639, 0.032941332672, 0.10576005374, 0.11519262036],
      [0, 0.026211243548, 0.0029034887621, 0.82863135264, 0.042624091217, 0.099629823835],
      [0.034285807391, 0.00080560222983, 0.74516851898, 0.036684991845, 0.12981077074, 0.05324430881],
      [0.13871029919, 0.045476727014, 0.038100103316, 0.1218978685, 0.55451035288, 0.1013046491],
      [0.070772723501, 0.026795730944, 0.031982003751, 0.19135356015, 0.23178772549, 0.44730825616]
    ],
    [
      [0.069811861725, 0.77746288533, 0.014795888315, 0.023816983768, 0.061737879379, 0.052374501482],
      [0, 0.049229514042, 0.0028584477768, 0.85086224867, 0.033193904364, 0.063855885144],
      [0.034966637094, 0.0094179426153, 0.76682247992, 0.039351611231, 0.11250455942, 0.036936769717],
      [0.14736601307, 0.096416412542, 0.040635021187, 0.13668138541, 0.50699599457, 0.071905173223],
      [0.081747247677, 0.057153016627, 0.037205135497, 0.23956728429, 0.23391868155, 0.35040863436]
    ],
    [
      [0.045529080813, 0.642576388, 0.015532961191, 0.043738678573, 0.10789693401, 0.14472595742],
      [0, 0.019604187765, 0.0032328744501, 0.84689595464, 0.037627781827, 0.092639201322],
      [0.019230181693, 0.0036773987112, 0.66195613212, 0.061152785208, 0.1715269702, 0.082456532071],
      [0.060056893377, 0.050754757825, 0.029244055209, 0.16354605705, 0.57374836548, 0.12264987106],
      [0.027353713602, 0.024804487983, 0.019302698139, 0.22373648883, 0.20485851833, 0.49994409312]
    ],
    [
      [0.035882643034, 0.8076183895, 0.011669492738, 0.025826973225, 0.069693905513, 0.049308595985],
      [0, 0.048951947463, 0.0020793432605, 0.8565765789, 0.036789150498, 0.055602979878],
      [0.022126629176, 0.0098049325867, 0.72388170011, 0.050313341808, 0.15334052923, 0.040532867095],
      [0.075696111906, 0.10360146467, 0.032192717785, 0.14911261446, 0.5724850279, 0.066912063282],
      [0.042842799115, 0.062399307997, 0.029780410926, 0.26404636194, 0.26574420034, 0.33518691968]
    ],
    [
      [0.098603943282, 0.70532126991, 0.017218359545, 0.030290344154, 0.083868748336, 0.064697334775],
      [0, 0.032577207876, 0.0031769399701, 0.86064137479, 0.039725424248, 0.063879053119],
      [0.040139253911, 0.0063449080015, 0.74547107134, 0.041333880956, 0.12909850311, 0.037612382682],
      [0.15332635155, 0.074081417087, 0.03702632412, 0.13470698173, 0.53190536578, 0.06895355974],
      [0.092654513492, 0.042655349862, 0.034102444387, 0.23931970201, 0.24976463698, 0.34150335327]
    ],
    [
      [0.035844069128, 0.76791126805, 0.010508397897, 0.022964505033, 0.077500400306, 0.085271359591],
      [0, 0.049160090185, 0.0021566488956, 0.80313378005, 0.043315732083, 0.10223374879],
      [0.022543578621, 0.0099005266895, 0.67210666578, 0.046256945402, 0.17647083291, 0.072721450602],
      [0.067816666322, 0.091686828908, 0.026716443119, 0.12150166031, 0.58602816354, 0.10625023781],
      [0.034665273366, 0.047840902068, 0.021558231463, 0.18812027371, 0.2394506673, 0.4683646521]
    ],
    [
      [0.039593810863, 0.75421518156, 0.014315958548, 0.028460654781, 0.078196364457, 0.085218029787],
      [0, 0.039579113534, 0.0017999330935, 0.83765455124, 0.035522389643, 0.085444012486],
      [0.019260122881, 0.0085443092046, 0.72740502038, 0.044974469778, 0.1410392028, 0.058776874961],
      [0.072864515008, 0.082989327782, 0.033870934076, 0.14327151333, 0.56399436168, 0.10300934813],
      [0.03584116232, 0.043374779392, 0.027977654823, 0.22237602667, 0.22873405741, 0.44169631938]
    ],
    [
      [0.066986636206, 0.75018430429, 0.0090957783572, 0.034376697714, 0.075262357738, 0.06409422569],
      [0.00046042241684, 0.034681024175, 0.0022315581394, 0.87755311408, 0.030083072582, 0.054990808602],
      [0.04755790814, 0.010452193521, 0.61895971968, 0.074778637203, 0.18786352189, 0.060388019567],
      [0.121884248, 0.081584422272, 0.022007651838, 0.16956384093, 0.52958375816, 0.075376078794],
      [0.064060121188, 0.046394586358, 0.01828604583, 0.28994148991, 0.23228065594, 0.34903710077]
    ],
    [
      [0.041240159184, 0.81428106743, 0.0095025863557, 0.027922262919, 0.048623462262, 0.058430461849],
      [0.0028492537324, 0.044212117444, 0.0023592184242, 0.86779188663, 0.021402176579, 0.061385347189],
      [0.032804651781, 0.011519375456, 0.70174693954, 0.06485978969, 0.1294136468, 0.059655596727],
      [0.10282012152, 0.11823099765, 0.030568763553, 0.18863107537, 0.46560002145, 0.094149020457],
      [0.04822481484, 0.061282905668, 0.0236226985, 0.29250856134, 0.18557282311, 0.38878819655]
    ],
    [
      [0.048517978219, 0.66936796681, 0.020400642151, 0.042909139563, 0.11310959853, 0.10569467472],
      [0, 0.020140685791, 0.0024198044158, 0.86586127075, 0.037654890951, 0.073923348087],
      [0.0163991774, 0.0023862197929, 0.73714363295, 0.048201337191, 0.14442919009, 0.05144044257],
      [0.062806916367, 0.050279312823, 0.036219187491, 0.1584624752, 0.59730056531, 0.094931542807],
      [0.032972679784, 0.028884168203, 0.029782389302, 0.25149757153, 0.24773521406, 0.40912797713]
    ],
    [
      [0.014606291222, 0.77649972848, 0.0080852271716, 0.025454356866, 0.06635193407, 0.10900246219],
      [0, 0.037461069365, 0.0053467450726, 0.79983326775, 0.044917493311, 0.11244142451],
      [0.0065065239513, 0.015166015843, 0.5960828437, 0.067239015717, 0.1974088027, 0.11759679809],
      [0.012959934157, 0.11521364079, 0.025678842052, 0.15079075171, 0.55426841004, 0.14108842125],
      [0.0144515505, 0.043872051893, 0.013533627643, 0.18388275036, 0.17898429837, 0.56527572123]
    ],
    [
      [0.05087623931, 0.74494772558, 0.023555053335, 0.031891688415, 0.088241792925, 0.06048750043],
      [0.00022233898686, 0.037219802566, 0.004483757525, 0.86562520572, 0.037431536387, 0.055017358817],
      [0.017961034824, 0.0054354121682, 0.80639835111, 0.03559076097, 0.10923308715, 0.025381353778],
      [0.085792970099, 0.075213126741, 0.05263551139, 0.14610005665, 0.57677103091, 0.063487304208],
      [0.048305339389, 0.045827592856, 0.047797239907, 0.25973241871, 0.27070599787, 0.32763141127]
    ],
    [
      [0.044687539019, 0.7032981364, 0.016432763485, 0.037767201839, 0.11283670347, 0.084977655782],
      [0, 0.026595236314, 0.002042952441, 0.86380904695, 0.040536575736, 0.06701618856],
      [0.017237497452, 0.004389742207, 0.70428933739, 0.051177056652, 0.1725014493, 0.050404917003],
      [0.060656572353, 0.058146400579, 0.03038752193, 0.1462120077, 0.62452707246, 0.080070424978],
      [0.034415989053, 0.034502770604, 0.027211976793, 0.2505333276, 0.28086297959, 0.37247295637]
    ],
    [
      [0.020793850757, 0.79339453585, 0.019937753441, 0.031320960059, 0.060589446868, 0.073963453019],
      [0, 0.032373562256, 0.0055561972477, 0.86516187997, 0.026465628946, 0.070442731577],
      [0.0025516341738, 0.0083510737714, 0.81487920628, 0.040345286754, 0.090413519391, 0.043459279627],
      [0.034201073216, 0.11036104988, 0.056588598912, 0.18521165482, 0.5081962203, 0.10544140287],
      [0.02248778117, 0.050414042266, 0.041119862317, 0.27376956136, 0.19417286254, 0.41803589035]
    ],
    [
      [0.022028406917, 0.83756583053, 0.0066989592002, 0.020637475137, 0.062794388651, 0.050274939564],
      [0, 0.056567769104, 0.0016922437374, 0.8315764982, 0.040407173352, 0.069756315606],
      [0.018700171962, 0.014243734847, 0.62997595841, 0.061325486731, 0.2110715926, 0.064683055449],
      [0.049296353369, 0.12056014189, 0.021318928632, 0.13614401733, 0.59174252137, 0.080938037406],
      [0.030690196623, 0.070684599145, 0.01885269561, 0.23469064279, 0.26729698481, 0.37778488103]
    ],
    [
      [0.054715561019, 0.76554996143, 0.013434989046, 0.022763581218, 0.081229138606, 0.062306768686],
      [0.0011318228864, 0.05015228256, 0.0021272018329, 0.8248735257, 0.044753218946, 0.076961948077],
      [0.030206268866, 0.0079773479312, 0.7265155744, 0.037852225164, 0.1526165377, 0.044832045947],
      [0.10313638721, 0.085200090155, 0.031912120722, 0.11513521186, 0.58871757075, 0.075898619305],
      [0.057471343808, 0.052108389611, 0.030919953112, 0.20747901119, 0.27853494075, 0.37348636153]
    ],
    [
      [0.074144275277, 0.74557586699, 0.015180648469, 0.028447945721, 0.069198898861, 0.067452364687],
      [0, 0.04047249126, 0.0024464939912, 0.85546707413, 0.031759937265, 0.069854003355],
      [0.035477840438, 0.0080984226743, 0.74626875255, 0.044056469543, 0.12027315969, 0.045825355109],
      [0.13865358471, 0.085593547659, 0.037294915924, 0.14644283273, 0.50749231504, 0.084522803938],
      [0.073544625669, 0.047641494073, 0.032364581537, 0.24322116525, 0.22194182145, 0.38128631203]
    ],
    [
      [0.030800092901, 0.85919212083, 0.011932227145, 0.013801530859, 0.04749559674, 0.036778431524],
      [0.0012331217677, 0.087546964862, 0.0047356531471, 0.78252603956, 0.047189020688, 0.076769199977],
      [0.021875929831, 0.0040665002683, 0.79480089839, 0.029986169249, 0.11540642867, 0.033864073584],
      [0.092272019809, 0.14161924167, 0.046254985601, 0.10790743547, 0.54082860963, 0.071117707824],
      [0.052777297319, 0.094586884061, 0.043233557131, 0.19112592674, 0.25929356876, 0.35898276598]
    ],
    [
      [0.041431447882, 0.75954491758, 0.014582804483, 0.02716993825, 0.091867817918, 0.06540307389],
      [0, 0.042789704114, 0.00242839435, 0.84067120615, 0.044395871797, 0.06971482359],
      [0.019648443429, 0.0078401411954, 0.72296495963, 0.042908932857, 0.16254017572, 0.044097347175],
      [0.0694328755, 0.079978957729, 0.032662740385, 0.12803087546, 0.61603438647, 0.073860164454],
      [0.040492774312, 0.048313754629, 0.030609875907, 0.22776959926, 0.29018581587, 0.36262818002]
    ],
    [
      [0.04907521604, 0.79212955302, 0.013269749739, 0.022019676513, 0.067168196167, 0.056337608523],
      [0.0010791282383, 0.054632847232, 0.0024882358803, 0.82956633135, 0.039213185713, 0.073020271582],
      [0.028304054423, 0.0081478064216, 0.74893501255, 0.038737392594, 0.13352014711, 0.042355586906],
