{
  "Z_true": {},
  "V_true": [
    [30, 606, 24, 83, 740, 454, 61],
    [27, 18, 701, 29, 61, 723, 104],
    [146, 96, 267, 217, 113, 13519, 387],
    [122, 194, 82, 171, 3892, 749, 147],
    [110, 133, 64, 203, 642, 1109, 364],
    [163, 36, 23, 1191, 414, 1016, 78],
    [416, 85, 106, 63, 211, 1118, 553]
  ],
  "p_true": [
    [0.015, 0.3033, 0.012, 0.0415, 0.3704, 0.2272, 0.0305],
    [0.0162, 0.0108, 0.4215, 0.0174, 0.0367, 0.4348, 0.0625],
    [0.0099, 0.0065, 0.0181, 0.0147, 0.0077, 0.9169, 0.0262],
    [0.0228, 0.0362, 0.0153, 0.0319, 0.7265, 0.1398, 0.0274],
    [0.0419, 0.0507, 0.0244, 0.0773, 0.2446, 0.4225, 0.1387],
    [0.0558, 0.0123, 0.0079, 0.4077, 0.1417, 0.3478, 0.0267],
    [0.163, 0.0333, 0.0415, 0.0247, 0.0827, 0.4381, 0.2167]
  ],
  "Z_est": [
    [
      [0.8091, 0.2214, 0.1789, 0.4907, 0, 0.0085, 0.4514, 0.2725, 0.2214, 0, 0.7705, 0.0426, 0.9284, 0.2044, 0.0511, 0.1618, 0, 0.0511, 0.1789, 0, 0.4259, 2.5926, 1.2265, 0.7886, 0.4514, 0.264, 0.3407, 0.4429, 0.4684, 0.0596, 0.0852, 0.0937, 0.2896, 0.5621, 0.3066, 0.1533, 0.6303, 0.6984, 0.2725, 0.7709, 0.2981, 0.1192, 0.5451, 0.3237, 0.3748, 0.0767, 1.0476, 0.1022, 1.1243, 0.2811],
      [28.4871, 7.7965, 6.2971, 16.7924, 0.3084, 0, 15.8928, 9.5956, 7.7965, 0, 0, 1.4993, 32.6852, 7.1967, 1.7992, 5.6974, 0, 1.7992, 6.2971, 0.8996, 14.9932, 17.4521, 40.7554, 26.9877, 15.8928, 9.2958, 11.9946, 15.5929, 16.4925, 2.099, 2.9986, 3.2985, 10.1954, 19.791, 10.7951, 5.3975, 22.1899, 24.5888, 9.5956, 10.0225, 10.4952, 4.1981, 19.1913, 11.3948, 13.194, 2.6988, 29.6817, 3.5984, 39.582, 9.8955],
      [0.0232, 0.0064, 0.0051, 0, 0.0002, 0.0002, 0.013, 0.0078, 0, 0, 0.7062, 0.0012, 0.0267, 0.0059, 0, 0.0046, 0, 0.0015, 0.0051, 0.0007, 0.0122, 0.0159, 0.0352, 0, 0.013, 0.0076, 0.0098, 0.0127, 0.0135, 0.0017, 0.0024, 0, 0.0083, 0.0161, 0.0088, 0.0044, 0.0181, 0.0201, 0.0078, 0.0086, 0.0086, 0.0034, 0.0157, 0.0093, 0.0108, 0.0022, 0, 0.0029, 0.0323, 0.0081],
      [0.0279, 0.0076, 0.0062, 0.0165, 0.0003, 0.0003, 0.0156, 0.0094, 0.0076, 0, 0.0015, 0.0015, 0.0321, 0.0071, 0.0032, 0.0056, 0, 0.0018, 0.0062, 0.0009, 0.0147, 0.0191, 0.0423, 0.0265, 0.0156, 0.0091, 0.0118, 0.0153, 0.0162, 0.0021, 0.0029, 0.0032, 0.01, 0.0194, 0.0106, 0.0053, 0.0218, 0.0241, 0.0094, 0.0103, 0.0103, 0.0041, 0.0188, 0.0112, 0.0129, 0.0026, 0.0362, 0.0035, 0.0388, 0],
      [48.3202, 13.2245, 10.6813, 28.4835, 0.5086, 0.8085, 26.9576, 16.2763, 13.2308, 0, 2.6096, 2.5432, 55.441, 12.2072, 3.0518, 9.664, 0, 3.0518, 10.6813, 1.5259, 25.4317, 33.0612, 75.6682, 45.777, 26.9576, 15.7676, 20.3453, 26.4489, 27.9748, 3.5604, 5.0863, 5.595, 17.2935, 33.5698, 18.3108, 9.1554, 37.6389, 41.7079, 16.2763, 17.8022, 17.8022, 7.1209, 32.5525, 19.3281, 22.3799, 4.5777, 62.5619, 6.1036, 67.1396, 16.7849],
      [17.3325, 4.7436, 3.8314, 10.217, 0.1824, 0.1824, 9.6697, 5.8383, 4.7436, 0, 0.9122, 0.9122, 19.8867, 4.3787, 1.0947, 3.4665, 0, 1.0947, 3.8314, 0.5473, 9.1224, 11.8591, 26.2724, 16.4202, 9.6697, 5.6559, 7.2979, 9.4872, 10.0346, 1.2771, 1.8245, 2.0096, 6.2032, 12.0415, 6.5681, 3.284, 13.5011, 14.9607, 5.8383, 6.3856, 6.3856, 2.5543, 11.6766, 6.933, 8.0277, 1.642, 29.6726, 2.1894, 24.083, 6.0305],
      [0, 0, 0, 0, 0, 0, 0, 0, 0, 0, 0, 0, 0, 0, 0, 0, 0, 0, 0, 0.0256, 0, 0, 0, 0, 0, 0, 0, 0, 0, 0, 0, 0, 0, 0, 0, 0, 0, 0, 0, 0, 0, 0, 0, 0, 0, 0, 0, 0, 0, 0]
    ],
    [
      [0.7227, 0.2353, 0.3025, 0.7227, 0, 0, 0.2353, 0.2353, 0.2017, 0, 0.1176, 0.0504, 1.042, 0.4538, 0.1747, 0.2689, 0.0672, 0.1513, 0.5546, 0, 2.5713, 1.0084, 1.0756, 0.8425, 1.4958, 0.4202, 0.5714, 0.7395, 0.7395, 0.521, 0.3193, 0.1008, 0.4538, 1.0756, 0.5714, 0.4538, 0.7563, 1.3277, 3.596, 0.521, 0.5378, 1.2422, 0.605, 0.5378, 0.7059, 0.1008, 1.1765, 0.2521, 3.0252, 0.4575],
      [6.9043, 2.2479, 2.8902, 7.4844, 0.2345, 0, 2.2479, 2.2479, 1.9268, 0, 0, 0.4817, 9.9551, 4.3353, 0.8028, 2.5691, 0.6423, 1.4451, 5.2987, 0.7095, 7.0068, 9.6339, 10.2762, 7.5466, 14.2904, 4.0141, 5.4592, 7.0649, 7.0649, 4.901, 3.0508, 0.9634, 4.3353, 10.2762, 5.4592, 4.3353, 7.2255, 12.6847, 5.4592, 4.9775, 5.1381, 3.8536, 5.7804, 5.1381, 6.7438, 0.9634, 11.2396, 2.4085, 28.9018, 7.5762],
      [26.58, 8.654, 11.1265, 26, 0.6181, 1.8349, 8.654, 8.654, 4, 0.7955, 4.327, 1.8544, 38.3247, 16.6898, 3, 9.8902, 2.4726, 5.5633, 20.3986, 2.4726, 33.3796, 37.0884, 39.561, 29, 55.0145, 15.4535, 21.0168, 27.1982, 27.1982, 19.1623, 11.7447, 3, 16.6898, 39.561, 21.0168, 16.6898, 27.8163, 48.8331, 17.9922, 19.1623, 19.7805, 13.9966, 22.2531, 19.7805, 25.9619, 3.7088, 39, 9.2721, 111.2653, 21.0168],
      [4.7229, 1.5377, 1.977, 4.7229, 0.1098, 0.072, 1.5377, 1.5377, 1.318, 0.1098, 0.7688, 0.3295, 6.8098, 2.9656, 0.5492, 1.7574, 0.4393, 0.9885, 3.6246, 0.4393, 5.9311, 6.5901, 7.0295, 5.1623, 9.7753, 2.7459, 3.7344, 4.8327, 4.8327, 3.4049, 2.0869, 1.1, 2.9656, 7.0295, 3.7344, 2.9656, 4.9426, 8.677, 3.7344, 3.4049, 3.5147, 2.636, 3.9541, 3.5147, 4.6131, 0.659, 7.6885, 1.6475, 19.7703, 0],
      [0.7129, 0.2321, 0.2984, 0.7129, 0.0166, 1.7808, 0.2321, 0.2321, 3.6166, 0.0166, 1.24, 0.0497, 1.0278, 0.4476, 0.0829, 0.2652, 0.0663, 0.1492, 0.5471, 0.0663, 0.8952, 0.9947, 1.061, 0.7792, 1.4755, 0.4145, 0.5637, 0.7294, 0.7294, 0.5139, 0.315, 0.0995, 0.4476, 1.061, 0.5637, 0.4476, 0.746, 1.3097, 0.5637, 0.5139, 0.5305, 0.3979, 0.5968, 0.5305, 0.6963, 0.0995, 1.1605, 0.2487, 2.9841, 0.8074],
      [0.9013, 0.2934, 0.3773, 0.9013, 0.021, 0.0838, 0.2934, 0.2934, 0.2515, 0.021, 0.1467, 0.0629, 1.2995, 0.5659, 0.1048, 0.3354, 0.0838, 0.1886, 0.6917, 0.0838, 1.1318, 1.2576, 1.3414, 0.9851, 1.8654, 0.524, 0.7126, 0.9222, 0.9222, 0.7263, 0.3982, 0.3936, 0.5659, 1.3414, 0.7126, 0.5659, 0.9432, 1.6558, 0.7126, 0.6497, 0.6707, 0.503, 0.7545, 0.6707, 0.8803, 0.1258, 5.737, 0.3144, 3.7727, 2.2003],
      [2.4559, 0.7996, 1.0281, 2.4559, 0, 0.2285, 0.7996, 0.7996, 0.6854, 0.0571, 0.3998, 0.1713, 3.5411, 1.5421, 0.2856, 0.9138, 0.2285, 0.514, 1.8848, 0.2285, 3.0842, 3.4269, 3.6553, 2.6844, 5.0832, 1.4279, 1.9419, 2.513, 2.513, 1.7705, 1.0852, 0.3427, 1.5421, 3.6553, 1.9419, 1.5421, 2.5701, 4.512, 1.9419, 1.7705, 1.8277, 1.3707, 2.0561, 1.8277, 2.3988, 0.3427, 3.998, 0.8567, 10.2806, 1.9419]
    ],
    [
      [0, 0, 9.1331, 6.0356, 0, 0, 2.747, 4.2302, 0, 0, 0.3744, 0.4285, 0.2899, 5.8477, 2.001, 3.343, 0.9662, 0, 0, 0, 5.8678, 4.3773, 2.0266, 2.2645, 0, 0, 0, 0, 0, 0, 5.0473, 1.0593, 2.3495, 3.5232, 5.3689, 1.8016, 6.5621, 16.8533, 3.5885, 6.2805, 2.9284, 3.4041, 24.8644, 2.931, 2.6473, 0.2065, 0.2131, 0.9801, 0, 0],
      [4.4325, 3.4475, 2.4053, 2.9094, 0.1716, 0, 0.865, 0, 0.1334, 0, 0, 2.3383, 25.6304, 0, 1.7443, 3.4904, 0.2476, 1.8879, 6.5089, 0.2288, 0, 0, 0, 0, 0, 1.6157, 2.0232, 4.8972, 1.985, 0, 0.2383, 0, 0, 6.1546, 1.0002, 1.9803, 3.6932, 3.7489, 2.8096, 0, 0.0527, 0, 15.6273, 0, 1.3052, 0, 0, 5.6587, 5.4405, 0.7507],
      [0, 3.2195, 4.346, 0, 0.1429, 0, 0.7204, 0, 0, 0.4934, 0.2441, 0.6216, 0, 0.5915, 0, 0, 1.4717, 1.1372, 3.6795, 0.5426, 0, 0, 0, 0, 5.5047, 5.6575, 8.6803, 2.7388, 3.3461, 0, 5.0728, 0, 0, 0, 0, 3.334, 7.5466, 0, 0, 0, 0, 0, 5.6516, 0, 3.6791, 0, 0, 1.6896, 17.6227, 0],
      [19.5656, 13.0266, 0, 13.2501, 1.2879, 0, 1.762, 4.4856, 0, 2.7983, 0, 2.8346, 54.9711, 3.696, 1.8893, 4.7173, 0, 0, 4.5997, 0.3105, 4.8055, 4.0725, 0, 2.2634, 10.4051, 1.414, 7.5967, 2.2095, 12.2758, 1.0731, 4.5555, 2.5047, 0, 16.5712, 0, 0, 0, 0, 0, 0.3202, 0, 3.792, 11.9418, 12.0874, 0, 0, 0, 0.3762, 11.0817, 0],
      [1.424, 6.7336, 3.5849, 7.8135, 0, 1.1164, 1.984, 8.9418, 13.7282, 1.1357, 3.8782, 0, 0.3563, 4.0287, 3.2917, 6.9267, 0.8999, 0, 0, 0, 0, 6.5832, 14.4791, 22.8218, 11.3632, 0, 0, 0, 1.0089, 0, 0, 0, 0, 12.1103, 4.3629, 9.7738, 17.9117, 34.7162, 19.8401, 0, 13.8675, 13.4564, 9.7135, 2.7376, 0, 1.5363, 7.1176, 0, 0, 1.7216],
      [586.1635, 85.1235, 36.5306, 348.5565, 22.3977, 8.7575, 112.9216, 181.1314, 159.1384, 18.1744, 36.5033, 21.2143, 325.7505, 59.438, 51.0737, 211.5973, 26.0074, 179.2143, 591.0417, 29.5708, 315.1747, 223.9669, 370.7054, 220.6503, 786.0564, 217.3128, 261.1978, 450.1546, 536.3908, 362.3023, 381.509, 167.1793, 161.5841, 535.4379, 249.4336, 254.1593, 449.4874, 647.0187, 366.7618, 323.1707, 243.1514, 198.9114, 358.7539, 303.244, 368.2607, 274.0836, 694.508, 73.7559, 685.26, 97.9898],
      [8.4144, 5.4493, 0, 0.435, 0, 0.1261, 0, 10.2111, 0, 0.3982, 0, 0.5626, 0.0018, 1.3981, 0, 1.9254, 0.4071, 8.7607, 12.1703, 1.3472, 4.152, 0.0001, 2.7889, 0, 20.6705, 0, 3.5021, 0, 6.9935, 11.6246, 3.577, 1.2567, 0.0664, 1.2029, 6.8343, 5.9509, 4.799, 9.663, 0, 9.2286, 0, 4.4362, 3.4475, 0, 2.1077, 20.1736, 2.1614, 1.5396, 41.595, 4.5379]
    ],
    [
      [0, 0, 0.4173, 2.4076, 0, 0.0482, 10.0059, 1.3804, 1.4069, 0, 0.2247, 4.879, 3.8201, 0.9952, 0.4494, 0.7544, 0.0482, 0.305, 0, 0, 1.5409, 4.2641, 5.7623, 2.7929, 0, 0, 1.0838, 0, 0, 0, 0.5778, 0.2087, 0.8989, 3.467, 1.6532, 1.1557, 5.4896, 5.11, 5.8447, 1.7014, 5.2201, 3.1588, 2.3434, 1.4927, 1.9101, 1.878, 4.5264, 0.5939, 0.5639, 0],
      [9.2386, 2.1555, 0.6604, 5.5821, 0.2575, 0, 6.5276, 0, 2.4386, 0, 0, 0.4826, 7.2416, 0, 1.5517, 1.1939, 0.0762, 0.4826, 2.21, 1.2686, 0, 0, 0, 3.8465, 5.0194, 2.9554, 5.5306, 3.9627, 3.6833, 0, 0.9145, 0.3302, 1.3993, 8.0382, 2.6164, 1.8289, 4.0135, 5.8678, 6.6258, 0, 2.7942, 1.8481, 3.7087, 1.9708, 3.0228, 0.0162, 0, 0.9399, 23.3244, 1.4479],
      [0.6873, 0.6142, 0.3071, 0, 0.2385, 0.0354, 2.0135, 0, 0, 0.4794, 0.1654, 0.2244, 1.6153, 0.7324, 0, 0.5552, 0.0354, 0.2244, 5.5216, 0.885, 0.9824, 0.4765, 2.3598, 0, 7.8707, 2.665, 1.8706, 1.8427, 1.7128, 0, 2.9733, 0, 0, 0, 0.3802, 1.3501, 1.8663, 0, 0, 0, 0.0258, 0, 1.7246, 0, 6.7685, 1.2632, 0, 0.437, 13.3265, 0.4535],
      [11.3424, 1.4993, 0.7496, 4.3249, 0.259, 0.0865, 6.0129, 5.68, 0, 0.2595, 0.4037, 0.5478, 6.8621, 1.7876, 0.8073, 1.3551, 0.0865, 0.5478, 2.5084, 0.173, 2.7679, 2.5661, 9.8142, 5.0168, 6.9774, 2.4796, 2.3643, 4.4979, 4.1807, 1.211, 1.038, 0.3748, 0, 6.2278, 0, 1.5763, 1.602, 4.7887, 1.5981, 3.0562, 2.9932, 2.7102, 4.2095, 5.8646, 2.7382, 2.124, 6.0583, 1.0668, 9.7896, 0],
      [242.7962, 42.6534, 21.3267, 123.0386, 3.4022, 2.537, 100.4223, 70.5421, 84.5283, 7.3823, 11.8392, 11.0108, 195.2213, 52.4309, 22.9672, 38.5521, 2.4608, 15.5849, 66.8312, 3.0875, 73.8301, 73.0029, 306.0091, 148.5213, 198.5023, 70.1021, 63.1438, 124.9272, 118.9373, 28.2159, 26.9812, 10.6633, 43.0803, 177.1756, 84.4865, 59.0585, 129.6007, 189.4795, 120.3332, 82.3012, 90.2283, 77.1042, 119.7576, 76.284, 92.9407, 95.9701, 231.3126, 23.4009, 242.6515, 47.5204],
      [23.5142, 4.1309, 2.0654, 11.916, 2.8427, 0.2383, 0.0179, 6.8318, 7.6262, 0.715, 1.1122, 1.5094, 18.9067, 4.9253, 2.2243, 3.7337, 0.2383, 1.5094, 8.3449, 0.4766, 15.131, 7.0701, 28.5189, 13.8225, 19.2244, 6.8318, 6.5141, 20.7695, 13.8462, 11.8086, 2.8598, 1.1863, 9.602, 17.159, 8.1823, 5.7197, 12.5515, 18.3506, 11.5982, 17.0115, 8.7384, 7.4673, 11.5982, 7.3879, 9.4533, 9.2945, 34.9688, 2.9393, 25.5002, 4.5281],
      [8.4213, 0.9467, 0.4733, 2.7308, 0, 0.0546, 0, 1.5657, 0, 0.1638, 0.2549, 0.3459, 4.3329, 1.1287, 0, 0.8556, 0.0546, 0.3459, 1.5839, 0.1092, 1.7477, 1.6203, 6.5357, 0, 4.4057, 0.9661, 1.4928, 0, 2.6398, 0.7646, 0.6554, 0.2367, 1.0195, 3.9323, 5.6814, 1.3108, 2.8764, 7.4034, 0, 1.9298, 0, 1.7113, 2.658, 0, 2.1664, 6.454, 5.1339, 7.6222, 5.8439, 3.05]
    ],
    [
      [0.2708, 0.7253, 0.3077, 1.6703, 0, 0.044, 0.6813, 1.0549, 0.5275, 0, 0.0879, 0.1319, 1.4945, 0.5714, 0.2519, 0.7692, 0.5914, 0.3516, 0, 0, 1.5367, 0.7692, 1.6923, 1.5369, 0, 0, 1.0549, 0, 1.6263, 0, 0.6593, 0.4835, 1.0549, 2.5274, 1.1208, 1.5824, 1.6703, 3.1208, 5.5189, 1.6715, 13.339, 1.3186, 1.8681, 1.3186, 1.3186, 0.989, 3.2966, 0.2857, 2.5933, 0.1978],
      [0.4983, 0.1644, 0.0698, 0.6232, 0, 0, 0.1545, 0, 0.1196, 0, 0, 0.0299, 0.3388, 0.1295, 0.0498, 0.1744, 0.0299, 0.0797, 0.3637, 0.0539, 0, 0.1744, 0.3837, 0.3039, 0.7723, 1.348, 0.2392, 0.3936, 0.3687, 0, 0.1495, 0.0597, 0.2392, 0.7479, 0.2541, 4.6383, 0.3787, 0.7075, 0.3986, 0, 0.3687, 0.299, 0.4235, 0.299, 0.299, 0.2242, 0, 0.0648, 0.588, 0.0448],
      [0.3217, 0.1062, 0.045, 0, 0, 0.0064, 0.0997, 0, 0, 0.0302, 0.0328, 0.0193, 0.2188, 0.0836, 0, 0.1126, 0.0193, 0.0515, 0.2349, 0.0064, 0.1834, 0.1126, 0.2477, 0, 3.9052, 0.1609, 0.1544, 0.2542, 0.2381, 0, 0.0965, 0, 0, 0.195, 0.1641, 0.2316, 0.2445, 0, 0, 0.1995, 0.2381, 0, 0.2735, 0.193, 0.193, 0.1448, 0, 0.0418, 0.3796, 0.029],
      [9.5858, 2.5274, 1.0722, 5.8207, 0, 0.1532, 2.3742, 3.6762, 1.8381, 0.0766, 0.3064, 0.4595, 5.208, 1.9913, 0.7659, 2.6806, 0, 1.2254, 5.591, 0.1532, 4.3655, 2.6806, 5.8973, 4.6719, 11.8712, 3.8294, 3.6762, 6.0505, 5.6675, 3.2167, 2.2977, 1.6849, 0, 8.8077, 3.906, 1.2348, 5.8207, 10.8756, 6.1271, 4.7485, 5.6675, 4.5953, 6.51, 4.5953, 4.5953, 3.4465, 11.4883, 0.9957, 9.0374, 0.6893],
      [3.5015, 1.1555, 0.4902, 2.6611, 0, 0.08, 1.0855, 2.0743, 0.9176, 0.035, 0.1401, 0.2101, 2.381, 0.9104, 0.3501, 1.2255, 0.2101, 0.5602, 2.5561, 0.07, 1.9958, 1.2255, 2.6961, 2.1359, 5.4273, 1.7507, 1.6807, 2.7662, 2.5911, 1.4706, 1.0504, 0.743, 1.6807, 4.0267, 1.7858, 2.5211, 2.6611, 4.9721, 2.8012, 2.1709, 2.5911, 2.1009, 2.9763, 2.1009, 2.1009, 1.5757, 5.2522, 0.4552, 4.1317, 0.3151],
      [64.8241, 21.3919, 9.0754, 49.2663, 0, 1.2965, 20.0955, 31.1156, 15.5578, 0.6482, 2.593, 3.8894, 44.0804, 16.8543, 6.4824, 22.6884, 3.8894, 10.3719, 48.9259, 1.2965, 36.9497, 22.6884, 49.9145, 39.5427, 100.4773, 32.412, 31.1156, 52.9472, 47.9698, 28.4936, 19.4472, 14.4094, 34.9462, 74.5477, 33.0603, 46.6733, 49.2663, 92.0502, 51.8593, 40.1909, 47.9698, 38.8944, 55.1005, 38.8944, 38.8944, 29.1708, 98.4661, 8.4271, 76.4924, 5.8342],
      [20.9979, 6.9293, 2.9397, 15.9584, 0, 0.42, 6.5093, 10.079, 5.0395, 0.21, 0.8399, 1.2599, 14.2786, 5.4594, 2.0998, 7.3493, 1.2599, 3.3597, 15.3284, 0.42, 11.9688, 7.3493, 16.1684, 12.8087, 32.5467, 10.4989, 10.079, 16.5883, 15.5384, 8.8191, 6.2994, 4.6195, 10.079, 24.1476, 10.7089, 15.1185, 15.9584, 30.2738, 13.2949, 13.0187, 3.8257, 12.7918, 17.8482, 12.5987, 12.5987, 9.449, 31.4968, 2.7297, 24.7775, 1.8898]
    ],
    [
      [0, 0.5742, 0.1865, 1.4731, 0, 0, 0.8901, 0.5967, 0.9137, 0, 0.1865, 0.2238, 2.9648, 0.5034, 0.3293, 0.6899, 0.327, 0, 1.2493, 0, 1.3614, 1.517, 2.7783, 2.7891, 1.6409, 0, 0.7272, 0, 0, 0, 0.3356, 0.317, 0.4848, 2.6664, 1.5103, 0.634, 1.6968, 2.6291, 2.4696, 1.336, 0.9696, 1.0365, 2.0697, 2.2189, 1.846, 0.5407, 1.8273, 0.2983, 2.3121, 0.0746],
      [0.0835, 0.0297, 0.008, 0.0791, 0.028, 0, 0.0305, 0.0257, 0.0393, 0, 0, 0.0096, 0.1276, 0.0217, 0.0096, 0.0297, 0.004, 0.0217, 0.0538, 0.0389, 0, 0, 0, 0.0827, 0.0706, 1.0113, 0.0313, 0.0674, 0.0674, 0, 0.0144, 0.0136, 0.0209, 0.1432, 0.065, 0.0273, 0.073, 0.1132, 0.0722, 0, 0.0417, 0.0441, 0.0891, 0, 0.0795, 0.0233, 0.0787, 0.0128, 0.0995, 0.0032],
      [0.0206, 0.1231, 0.002, 0, 0.0002, 0, 0.0075, 0.0064, 0, 0.0786, 0.002, 0.0024, 0.0316, 0.0054, 0, 0.0073, 0.001, 0.0054, 0.0133, 0.0004, 0.0139, 0.0155, 0.0296, 0, 0.0175, 0.0103, 0.0077, 0.0167, 0.0167, 0, 0.0036, 0, 0.0052, 0, 0.0161, 0.0068, 0.0181, 0, 0, 0, 0.0103, 0, 0.022, 0, 0.0197, 0.0058, 0, 0.0032, 0.0246, 0.0008],
      [35.669, 12.6899, 3.4297, 27.0947, 0.343, 1.3719, 13.0329, 10.9751, 14.3858, 1.3719, 3.4297, 4.1157, 54.5324, 9.2602, 4.1157, 12.6899, 0.4742, 8.2604, 22.9791, 0.6859, 24.008, 26.7517, 51.1027, 35.326, 30.1814, 17.8345, 13.3759, 28.8096, 30.3758, 14.4048, 6.1735, 5.8305, 8.9172, 49.0449, 20.713, 11.661, 31.2104, 48.3589, 30.8674, 23.322, 17.8345, 18.8634, 38.0698, 41.9556, 33.9541, 9.9462, 33.6112, 5.4875, 42.5284, 1.3719],
      [7.5494, 2.6858, 0.7259, 5.7346, 0.0726, 0.369, 2.7584, 2.3229, 6.4076, 0.2904, 0.7339, 0.8711, 11.5419, 1.9599, 0.8711, 2.6858, 0.363, 1.7786, 4.8636, 0.1452, 5.0813, 5.6621, 10.9356, 7.5141, 6.388, 3.7747, 2.831, 6.0976, 6.0976, 3.0488, 1.3066, 1.234, 1.8874, 10.3804, 5.8798, 2.4681, 6.6057, 10.2632, 6.5331, 4.9362, 3.7747, 3.9925, 8.0575, 8.6383, 7.1865, 2.1051, 7.1139, 1.1614, 9.0012, 0.2904],
      [57.8443, 20.5792, 5.562, 43.9394, 0.5562, 2.2248, 21.1354, 17.7983, 27.2536, 2.2248, 5.562, 6.6743, 88.4351, 15.0173, 6.6743, 20.5792, 2.781, 15.0173, 37.2651, 1.1124, 38.9337, 43.3832, 82.8731, 57.2881, 48.9452, 28.9222, 21.6916, 48.5891, 46.7204, 24.1854, 10.0115, 9.4587, 14.4611, 79.5359, 45.0518, 18.9106, 50.6138, 78.4236, 50.0576, 37.8213, 28.9222, 30.5907, 61.7377, 66.1873, 55.0633, 16.1297, 54.5266, 8.8991, 68.9682, 2.2248],
      [2.8331, 0.318, 0.086, 0.6791, 0, 0.0344, 0.1451, 0.2751, 0, 0.0344, 0.086, 0.1031, 1.3667, 0.2321, 0, 0.318, 1.0499, 1.9167, 0.5759, 0.0172, 0.6017, 0.6705, 1.2807, 0, 0.7564, 0.447, 0.3352, 0.4196, 0.722, 0.361, 0.1547, 0.1461, 0.2235, 1.2292, 7.7639, 0.2922, 0.7822, 1.212, 0, 0.5845, 0.447, 0.4728, 0.9541, 0, 0.851, 0.2493, 0.8424, 0.1375, 1.0659, 0.0344]
    ],
    [
      [19.1974, 2.2439, 9.474, 18.2001, 0, 0.8994, 3.9891, 12.23, 7.7288, 0, 4.2384, 2.2439, 14.4604, 7.424, 2.7425, 12.0128, 0, 1.141, 9.0172, 0, 19.696, 10.4713, 22.4385, 32.9856, 23.4119, 7.3158, 10.222, 4.8176, 12.1657, 4.4194, 8.9754, 4.737, 11.4686, 26.1783, 11.4686, 11.2193, 20.1947, 33.2607, 14.7097, 17.7187, 15.707, 10.7206, 16.7042, 20.1772, 19.1974, 15.2083, 31.9125, 4.4877, 43.3811, 3.9891],
      [1.3558, 0.1585, 0.6691, 3.5295, 0, 0, 0.2817, 0.1307, 0.5458, 0, 0, 0.1585, 1.0213, 0.3168, 1.0425, 0.8452, 0, 1.2838, 1.2678, 0.8008, 0, 0.7395, 1.5847, 1.2326, 1.9545, 1.7596, 0.7219, 1.0213, 1.3382, 0, 0.6339, 0.3346, 0.81, 1.8488, 0.81, 0.7924, 1.4262, 2.289, 1.0389, 0, 1.1093, 0.7571, 1.1797, 1.1973, 1.3558, 1.0741, 0, 0.3169, 3.0638, 0.2817],
      [2.3671, 0.2767, 1.1682, 0, 0, 0.123, 0.4919, 1.3319, 0, 0.123, 0.5226, 0.2767, 1.783, 0.8915, 0, 1.43, 0, 5.0168, 11.147, 0.0922, 2.4286, 1.2911, 2.7667, 0, 7.6745, 1.0452, 1.2604, 6.9368, 7.4748, 0.8359, 1.1067, 0, 1.2967, 3.2278, 1.4141, 1.3834, 2.49, 3.1469, 0, 1.6296, 1.9367, 0, 2.0597, 0.0172, 2.3671, 1.8752, 0, 0.5533, 5.349, 0.4919],
      [6.0864, 0.7114, 1.7652, 5.7702, 0, 0.3162, 1.2647, 3.636, 2.4504, 1.3839, 1.09, 0.7114, 4.5846, 2.2923, 0.8695, 3.7941, 0, 1.9761, 5.6912, 0.2371, 7.1073, 3.3198, 7.114, 5.5331, 8.7739, 2.6875, 3.2408, 4.5846, 7.6512, 2.6875, 2.8456, 1.5018, 2.1072, 8.2996, 3.636, 3.557, 6.4026, 10.2757, 4.6636, 5.1379, 4.9798, 3.3989, 5.296, 9.9712, 6.0864, 4.8217, 10.1176, 1.4228, 13.7537, 0.9388],
      [2.6958, 0.3151, 4.8926, 2.5558, 0, 0.3084, 0.5602, 1.6105, 2.5709, 0.14, 1.5589, 0.3151, 2.0306, 1.0153, 0.3851, 1.6805, 0, 0.8753, 2.5208, 0.105, 2.7658, 1.4704, 3.151, 2.4507, 3.8862, 1.1904, 1.4354, 2.0306, 2.6608, 1.1904, 1.2604, 0.6652, 1.6105, 3.6761, 1.6105, 1.5755, 2.8359, 4.5514, 2.6525, 2.2757, 2.2057, 2.8273, 2.3457, 2.3807, 2.6958, 2.1357, 4.4814, 0.6302, 6.0919, 0.5602],
      [23.4201, 2.7374, 11.558, 22.2035, 0, 1.2166, 4.8665, 13.9913, 9.4289, 1.2166, 5.1707, 2.7374, 17.6411, 8.8206, 3.3457, 14.5996, 0, 7.6039, 21.8994, 0.9125, 24.5567, 12.7746, 27.3742, 21.291, 33.7615, 10.3414, 12.4705, 22.1301, 23.116, 15.2067, 10.9497, 6.3631, 15.6374, 31.9366, 13.9913, 13.6871, 24.6368, 39.5405, 19.1722, 19.7703, 19.1619, 13.0788, 20.3786, 20.6827, 23.4201, 18.5536, 45.1209, 5.4748, 52.9234, 5.1924],
      [21.8774, 2.5571, 8.4729, 20.7409, 0, 1.1365, 4.5459, 13.0696, 8.2751, 1.1365, 4.4195, 2.5571, 16.4791, 8.2395, 2.6146, 13.6378, 0, 7.103, 20.4568, 0.8524, 22.4456, 11.9331, 25.5709, 6.5069, 31.5375, 9.6601, 11.649, 16.4791, 21.5932, 9.6601, 10.2284, 5.3983, 13.0696, 29.8328, 13.0696, 12.7855, 23.0139, 36.9358, 16.7632, 18.4679, 17.8997, 12.2172, 19.0361, 13.5736, 21.8774, 17.3314, 36.3676, 5.1142, 49.4372, 4.5459]
    ]
  ],
  "V_est": [
    [20.2586, 585.1989, 1.1173, 0.5793, 1019.047, 371.7733, 0.0256],
    [33.3382, 266.1919, 1014.524, 178.9951, 34.0693, 40.9576, 94.9239],
    [140.5416, 115.4226, 87.7341, 238.5408, 270.9654, 13667.8788, 223.9168],
    [90.3804, 137.0729, 64.684, 144.9856, 4344.1377, 472.5133, 103.2259],
    [63.6832, 17.0477, 9.269, 194.5565, 92.3672, 1711.4486, 536.6279],
    [49.1954, 2.9863, 0.571, 992.7987, 214.9776, 1627.3636, 33.1074],
    [616.6026, 44.0797, 89.1006, 206.544, 97.4358, 796.0648, 702.1725]
  ],
  "p_est": [
    [0.0101, 0.2929, 0.0006, 0.0003, 0.51, 0.1861, 0],
    [0.02, 0.1601, 0.6101, 0.1076, 0.0205, 0.0246, 0.0571],
    [0.0095, 0.0078, 0.006, 0.0162, 0.0184, 0.927, 0.0152],
    [0.0169, 0.0256, 0.0121, 0.0271, 0.8109, 0.0882, 0.0193],
    [0.0243, 0.0065, 0.0035, 0.0741, 0.0352, 0.652, 0.2044],
    [0.0168, 0.001, 0.0002, 0.3399, 0.0736, 0.5571, 0.0113],
    [0.2416, 0.0173, 0.0349, 0.0809, 0.0382, 0.3119, 0.2751]
  ],
  "EI_Z": {},
  "EI_V": 11.5401,
  "MAE_Z": {},
  "MAE_V": 150.0735,
  "MAE_p": 0.0562,
  "runtime": 3.276
}
