{
  "Z_true": {},
  "V_true": [
    [443, 43, 29, 447, 353, 45],
    [26, 40, 52, 74, 772, 250],
    [81, 180, 161, 162, 12764, 581],
    [188, 129, 152, 2249, 605, 231],
    [57, 71, 1289, 463, 910, 138],
    [40, 1016, 44, 351, 519, 112],
    [40, 61, 84, 143, 898, 821]
  ],
  "p_true": [
    [0.3257, 0.0316, 0.0213, 0.3287, 0.2596, 0.0331],
    [0.0214, 0.0329, 0.0428, 0.061, 0.6359, 0.2059],
    [0.0058, 0.0129, 0.0116, 0.0116, 0.9164, 0.0417],
    [0.0529, 0.0363, 0.0428, 0.6328, 0.1702, 0.065],
    [0.0195, 0.0242, 0.4402, 0.1581, 0.3108, 0.0471],
    [0.0192, 0.488, 0.0211, 0.1686, 0.2493, 0.0538],
    [0.0195, 0.0298, 0.041, 0.0699, 0.4387, 0.4011]
  ],
  "Z_est": [
    [
      [0, 0.7883, 11.2309, 11.2854, 10.6801, 1.6954, 9.7516, 14.282, 0, 11.0644, 12.8026, 3.9201, 5.1026, 7.5054, 16.2527, 17.8293, 0.4777, 0.3942, 1.9493, 6.544, 9.8869, 6.0145, 11.7175, 6.9167, 19.4917, 20.8308, 18.0289, 23.7796, 18.4065, 0.4535, 6.8622, 2.9158, 29.8008, 2.0301],
      [0, 0.0013, 0.094, 0.0739, 0.0994, 0.0906, 0.0806, 0.1021, 0.0081, 0.0363, 0.1222, 0.0242, 0.047, 0.0363, 0.0658, 0.1048, 0.0054, 0.0013, 0.0027, 0.0524, 0.0631, 0.0551, 0.0564, 0.0551, 0.137, 0.0967, 0.098, 0.1558, 0.0792, 0.0215, 0.0725, 0.0067, 0.1813, 0.0013],
      [0, 0.0065, 0.0816, 0.0604, 0.0816, 0.0163, 0.0636, 0.0897, 0.0098, 0.0392, 0.0718, 0.0245, 0.0343, 0.0473, 0.106, 0.1191, 0.0016, 0.0033, 0.0082, 0.0587, 0.0522, 0.0669, 0.0571, 0.0538, 0.1648, 0.1713, 0.1322, 0.1615, 0.1501, 0.0049, 0.0751, 0.0196, 0.168, 0.0179],
      [0, 1.34, 25.5359, 16.3723, 23.5593, 4.5383, 19.5362, 27.2024, 3.8698, 8.9546, 23.8432, 7.0726, 11.4058, 13.8408, 29.957, 35.2846, 0.3526, 1.1391, 2.004, 15.6686, 15.0915, 20.627, 17.4735, 16.7457, 53.5938, 48.978, 37.2858, 48.1641, 45.3103, 2.0319, 22.4382, 5.9666, 50.4904, 5.2411],
      [0, 1.5439, 12.9509, 9.1291, 15.4729, 3.6381, 9.4848, 13.2065, 2.0995, 3.8543, 7.0662, 3.9266, 4.3656, 7.5083, 18.4798, 19.5065, 0.1606, 0.4579, 1.0251, 13.5995, 6.8381, 14.149, 5.6209, 9.1583, 27.3973, 34.6992, 25.2823, 26.5278, 27.8576, 0.4818, 16.4539, 3.0657, 22.1396, 3.686],
      [0, 0.32, 0.1067, 0.0789, 0.1067, 0.0213, 0.0832, 0.1173, 0.0128, 0.0512, 0.0939, 0.032, 0.0448, 0.0619, 0.1387, 0.1557, 0.0021, 0.0043, 0.0107, 0.0768, 0.0683, 0.0875, 0.0747, 0.0704, 0.2155, 0.224, 0.1728, 0.2112, 0.1963, 0.0064, 0.0981, 0.0256, 0.2197, 0.0235]
    ],
    [
      [0, 0.1812, 2.6276, 1.9933, 3.8961, 1.5403, 2.3558, 4.4397, 0, 2.8994, 2.99, 1.7215, 3.1712, 3.8055, 3.7148, 5.4364, 0.1812, 0.1486, 0.0906, 3.443, 1.9027, 4.4397, 5.527, 2.99, 7.3391, 8.0639, 4.3491, 4.1679, 5.527, 0.0906, 2.537, 0.8155, 15.5842, 0.9967],
      [0.3544, 0.005, 0.1351, 0.1046, 0.1667, 0.0566, 0.118, 0.1805, 0.0145, 0.0924, 0.1665, 0.0571, 0.1072, 0.1118, 0.1346, 0.2041, 0.0084, 0.0166, 0.0042, 0.1175, 0.0936, 0.1411, 0.1655, 0.1101, 0.2718, 0.2535, 0.1752, 0.2198, 0.1846, 0.02, 0.1151, 0.0231, 0.4853, 0.0011],
      [0, 0.0079, 0.1353, 0.0931, 0.1804, 0.0672, 0.1149, 0.2133, 0.2021, 0.1298, 0.1529, 0.0755, 0.1424, 0.1633, 0.1679, 0.2487, 0.0079, 0.683, 0.004, 0.1486, 0.0944, 0.1921, 0.2335, 0.1284, 0.3378, 0.3585, 0.2044, 0.2089, 0.2541, 0.0036, 0.1218, 0.0399, 0.6783, 0.0403],
      [0.3576, 0.143, 3.4419, 1.7826, 3.3069, 1.6389, 2.6817, 4.0948, 0.7491, 2.5277, 3.8925, 1.2018, 2.4357, 2.5551, 3.5825, 5.0085, 0.2184, 0.4077, 0.1089, 2.1644, 1.898, 3.5865, 4.7815, 2.7113, 8.3418, 6.7461, 4.3447, 5.6818, 6.0743, 0.4398, 2.8845, 0.8455, 10.2672, 0.6596],
      [0.2881, 0.9856, 13.4865, 11.0889, 22.5842, 8.7086, 12.1452, 25.6618, 1.753, 16.1978, 15.3433, 10.4736, 18.3283, 23.3858, 21.1141, 31.0775, 1.0287, 4.5716, 0.4172, 21.3561, 10.5221, 26.8161, 33.5749, 17.6536, 40.9514, 48.5252, 24.5262, 21.4864, 31.0477, 0.1928, 14.0553, 4.2652, 94.2778, 6.053],
      [0, 0.6772, 9.1736, 6.9375, 12.8658, 4.9884, 8.5845, 14.4098, 1.2813, 10.1529, 10.4549, 5.4705, 10.8152, 11.9786, 12.2861, 18.0248, 0.5553, 2.1725, 0.3752, 10.7704, 6.4891, 13.8246, 16.7176, 9.4065, 23.7581, 25.0528, 14.4004, 14.2352, 17.9124, 0.2533, 8.2864, 3.0109, 50.7073, 3.2493]
    ],
    [
      [0, 0.1562, 4.0447, 3.3462, 4.7154, 0.0072, 5.1925, 7.2338, 0, 10.5902, 6.1628, 2.093, 0.0252, 3.3379, 12.1247, 9.6001, 1.6946, 0.0018, 1.8962, 1.3843, 9.2025, 0.0234, 8.0559, 1.3484, 1.4315, 5.3069, 8.8627, 16.3271, 4.4182, 0.0018, 0.027, 1.2756, 14.992, 0.009],
      [0.0573, 0.0115, 8.9622, 7.0795, 12.0655, 2.3769, 7.2553, 15.2976, 0.069, 2.3439, 14.7808, 2.3714, 5.1284, 1.0548, 4.935, 11.9903, 1.3956, 0.0801, 0.9867, 6.1897, 6.0943, 0.5808, 6.628, 4.2103, 1.1731, 0.8281, 7.2864, 13.341, 0.6786, 6.8072, 4.2006, 0.0575, 20.3471, 0.0115],
      [0, 0.3171, 19.0531, 0.6321, 10.4411, 2.2368, 2.7902, 24.2398, 0.8704, 8.1536, 11.4171, 2.8044, 6.3978, 4.1229, 8.736, 13.7962, 0, 2.0409, 0.0597, 5.6967, 7.4769, 0.0007, 2.6127, 0.0004, 11.7651, 12.5234, 10.8267, 13.2656, 12.0337, 11.1649, 6.0214, 3.3779, 36.7471, 0],
      [0.4868, 0.1517, 14.1809, 2.0932, 8.731, 0.6371, 5.1447, 7.0086, 1.5892, 11.5498, 10.1596, 1.226, 6.987, 4.7737, 9.9931, 14.3957, 0.3329, 2.3231, 0.1517, 1.7595, 2.3966, 9.9202, 21.7725, 10.4325, 65.6835, 14.4404, 5.491, 26.6186, 27.6076, 1.3322, 14.3466, 2.2349, 23.4078, 0.5764],
      [2.4559, 9.4921, 544.2352, 273.1629, 493.3025, 165.5706, 366.2581, 571.6677, 39.3963, 405.2969, 521.8065, 179.8178, 405.3203, 267.9764, 366.2943, 546.4601, 17.7391, 10.1504, 15.8165, 189.6937, 299.4473, 376.5735, 329.7683, 311.3179, 871.7163, 715.1723, 448.4125, 536.8183, 658.2861, 125.9545, 287.7619, 138.8188, 1135.2711, 54.1792],
      [0, 4.8714, 46.5238, 36.686, 52.7445, 16.1715, 55.3593, 49.5525, 7.0751, 58.0655, 54.6732, 16.6874, 54.1414, 32.7343, 51.917, 75.7575, 0.8378, 2.4037, 3.0892, 28.276, 28.3823, 29.9014, 21.1626, 24.6905, 72.2305, 50.729, 59.1208, 65.6294, 58.9759, 34.7394, 26.6425, 21.2353, 191.2349, 12.2239]
    ],
    [
      [0, 0.4551, 10.4518, 14.91, 7.2519, 0.625, 8.1651, 12.1457, 0, 8.893, 13.081, 2.7569, 4.8426, 5.353, 11.1025, 13.8507, 1.5105, 0.3756, 1.8356, 3.8616, 6.5965, 1.668, 8.1198, 5.8586, 17.76, 16.1264, 14.6039, 17.7123, 16.3214, 0.2097, 4.5224, 2.5752, 21.304, 1.7162],
      [0.0481, 0.0044, 3.4709, 3.7539, 2.1334, 2.5934, 2.543, 3.7331, 0.0265, 2.2992, 4.3885, 0.7472, 1.7256, 1.435, 2.8676, 4.0365, 0.8533, 0.1223, 0.1267, 3.698, 1.6607, 2.0664, 2.0118, 1.8896, 4.1379, 4.1918, 3.7788, 5.1076, 3.5144, 0.974, 2.2023, 0.0221, 5.7021, 0.0044],
      [0, 0.3195, 12.4508, 5.5956, 9.9829, 2.367, 8.6255, 14.7322, 1.7547, 6.1413, 13.9363, 2.8388, 6.5433, 4.8976, 8.3874, 13.3047, 0.3355, 0.8189, 0.1754, 4.6053, 7.3974, 6.4105, 5.7437, 3.4748, 18.904, 15.5623, 12.8251, 17.5239, 14.4389, 4.734, 9.5545, 2.9987, 23.3891, 0.286],
      [1.421, 2.3252, 85.0068, 27.7016, 53.0686, 10.3697, 61.6707, 88.0654, 15.0564, 54.6744, 102.753, 18.497, 42.5872, 36.9311, 73.2339, 100.7595, 7.0442, 3.4074, 2.041, 24.0534, 39.9058, 61.6363, 55.8468, 50.6174, 169.5626, 124.5982, 91.9366, 131.9925, 136.8107, 23.4353, 59.4107, 19.4397, 143.9958, 10.4717],
      [0.5309, 0.8396, 47.3603, 21.0003, 18.2722, 6.7222, 33.3679, 51.8958, 8.549, 37.4343, 65.9925, 8.683, 22.9347, 17.443, 37.514, 53.4103, 4.0601, 1.1917, 1.7371, 9.1361, 17.4011, 22.8715, 19.9728, 23.9386, 64.7201, 66.2936, 50.3858, 58.3798, 76.3921, 14.1171, 22.9068, 11.6847, 61.9603, 15.1287],
      [0, 0.0561, 2.2594, 1.0385, 1.2911, 0.3228, 1.6279, 2.4278, 1.6134, 1.5577, 2.8488, 0.4771, 1.3666, 0.9403, 1.8945, 2.6383, 0.1965, 0.0842, 0.0842, 0.6455, 1.0385, 1.3472, 1.3051, 1.2209, 3.9154, 3.2277, 2.4699, 3.2839, 3.5225, 2.5298, 1.4034, 1.2796, 3.6488, 0.3929]
    ],
    [
      [0, 0.0033, 0.1457, 0.102, 0.1465, 0.0012, 0.1719, 0.2069, 0, 0.0917, 0.2385, 0.0453, 0.0042, 0.0794, 0.1245, 0.2205, 0.008, 0.0057, 0.0059, 0.0603, 0.1305, 0.0039, 0.1093, 0.088, 0.3152, 0.2745, 0.2229, 0.2903, 0.2564, 0.0599, 0.1223, 0.0525, 0.2912, 0.0083],
      [0, 0.0424, 2.1415, 1.4418, 2.1627, 2.2849, 2.5656, 3.0533, 0, 1.2722, 3.5622, 0.6573, 1.8023, 1.145, 1.7387, 3.2229, 0.106, 0.0848, 0.0636, 0.8693, 3.7656, 2.4172, 1.5478, 1.2934, 4.7071, 4.0498, 3.2653, 4.2407, 3.7954, 0.9329, 1.8447, 0, 4.1559, 0.0069],
      [0, 0.8943, 41.0364, 21.8616, 36.7697, 9.5842, 36.1324, 52.6034, 6.8909, 21.2307, 53.9071, 10.6206, 26.5169, 18.2532, 29.3, 50.2883, 1.3519, 2.302, 0.7522, 15.9758, 29.3418, 27.1779, 22.6243, 14.4041, 72.1604, 60.656, 49.7095, 66.4479, 55.8795, 16.728, 30.6519, 12.6148, 78.8007, 1.3519],
      [0, 0.3674, 14.3593, 7.704, 12.4805, 0.9957, 13.5767, 17.0673, 3.3053, 8.4627, 19.7222, 3.775, 9.4759, 7.0759, 12.2674, 19.2957, 0.7526, 0.2607, 0.4326, 5.4225, 7.7548, 16.3412, 10.6376, 11.8565, 32.1558, 24.2085, 18.62, 26.0753, 24.3271, 4.4327, 11.7872, 4.1186, 26.7154, 1.2268],
      [0, 0.6839, 42.9982, 36.6736, 50.1163, 17.0369, 68.1748, 70.6251, 11.7366, 28.7366, 90.0561, 15.8024, 46.9253, 27.2697, 38.3033, 78.4916, 2.7665, 1.3329, 1.7351, 18.5357, 48.7312, 67.7113, 37.8514, 33.1664, 111.9742, 101.2248, 81.7057, 102.3326, 94.19, 21.7033, 42.3259, 20.0962, 85.3556, 2.384],
      [0, 0.0087, 0.3188, 0.217, 0.3242, 0.0971, 0.3786, 0.444, 0.0672, 0.2061, 0.5139, 0.0995, 0.2755, 0.1768, 0.2661, 0.4811, 0.0151, 0.0139, 0.0106, 0.1364, 0.2761, 0.3485, 0.2295, 0.1916, 0.6872, 0.5864, 0.4766, 0.6133, 0.5515, 0.1433, 0.268, 0.1179, 0.6812, 0.0223]
    ],
    [
      [0, 0.3271, 0.0923, 0.0697, 0.0942, 0.0177, 0.0795, 0.0785, 0, 0.0344, 0.107, 0.0236, 0.0412, 0.0422, 0.0668, 0.0923, 0.002, 0.001, 0, 0.0422, 0.056, 0.0658, 0.0501, 0.0579, 0.1728, 0.1149, 0.0991, 0.158, 0.0923, 0.0088, 0.0815, 0.0108, 0.1698, 0.002],
      [1.2739, 0.882, 51.4055, 39.5765, 53.383, 12.455, 44.1839, 49.5313, 5.5601, 19.4699, 63.0687, 13.1697, 24.2791, 21.7478, 36.6103, 54.2216, 1.4168, 0.6367, 0, 25.9718, 32.7742, 33.5095, 29.3057, 31.2316, 86.0179, 58.6584, 54.4547, 86.675, 47.5334, 6.3757, 42.6413, 4.6242, 96.78, 0.9215],
      [0, 0.4544, 14.2371, 10.7536, 14.54, 2.7263, 12.2682, 12.1167, 2.2719, 5.3011, 16.509, 3.635, 6.3613, 6.5127, 10.2992, 14.2371, 0.3029, 0.1515, 0, 6.5127, 8.6332, 10.1477, 7.7244, 8.9361, 26.6568, 17.7207, 15.2973, 24.3849, 14.2371, 1.3631, 12.5711, 1.9339, 26.2024, 0.3029],
      [0.7261, 0.6588, 21.0056, 13.1456, 21.5014, 2.7619, 17.0436, 18.0993, 4.3299, 9.5532, 24.1012, 5.1216, 9.8675, 9.6079, 16.552, 22.6911, 0.2739, 0.2086, 0, 8.7651, 11.7237, 15.5226, 13.1328, 13.3362, 42.5984, 28.3202, 22.8071, 35.6854, 26.1118, 1.2327, 17.7637, 3.2914, 38.271, 0.7693],
      [0, 0.6712, 7.0562, 7.3011, 6.2737, 0.0002, 7.2496, 0.0011, 2.8057, 0.5658, 4.9784, 1.9982, 1.3601, 4.9964, 4.3247, 2.5546, 0, 0, 0, 1.6151, 3.6897, 7.6094, 0.6766, 5.3106, 20.1735, 11.9328, 8.1232, 13.7484, 5.822, 0.0001, 9.7628, 1.1159, 11.2026, 0],
      [0, 0.0065, 0.2033, 0.1536, 0.2077, 0.0389, 0.1752, 0.173, 0.0324, 0.0757, 0.2358, 0.0519, 0.0908, 0.093, 0.1471, 0.2033, 0.0043, 0.0022, 0, 0.093, 0.1233, 0.1449, 0.1103, 0.1276, 0.3807, 0.2531, 0.2185, 0.3483, 0.2033, 0.0195, 0.1795, 0.0238, 0.3742, 0.0043]
    ],
    [
      [0, 0.0887, 1.407, 1.2933, 1.2158, 0.1133, 1.2836, 1.6133, 0, 1.4269, 1.6181, 0.4397, 0.813, 0.8766, 1.6139, 1.9707, 0.1261, 0.0732, 0.2224, 0.6646, 1.2249, 0.7847, 1.4205, 0.7404, 2.4898, 2.2826, 1.8335, 2.5648, 1.9782, 0.1757, 0.8477, 0.3547, 3.8579, 0.2377],
      [0.2664, 0.0533, 3.7907, 2.9698, 3.9893, 1.1427, 3.2537, 4.1021, 0.3218, 1.4861, 4.9112, 0.9731, 1.9103, 1.4694, 2.648, 4.2198, 0.2145, 0.0582, 0.8162, 2.1012, 2.5484, 2.2301, 2.2847, 2.2099, 5.5551, 3.9216, 3.9416, 6.2601, 3.2143, 0.8686, 2.9235, 0.2664, 7.3484, 0.0533],
      [0, 0.0003, 0.0056, 0.0036, 0.0043, 0.0022, 0.0053, 0.0049, 0.0002, 0.0044, 0.0058, 0.0013, 0.0042, 0.0029, 0.0034, 0.0059, 0.0001, 0.0005, 0.0005, 0.0021, 0.0041, 0.0042, 0.0043, 0.0023, 0.0112, 0.0079, 0.0048, 0.0073, 0.0066, 0.0015, 0.0043, 0.0152, 0.0144, 0.001],
      [0.0085, 0.0139, 0.4697, 0.2007, 0.3524, 0.0584, 0.3464, 0.4622, 0.1003, 0.2776, 0.5284, 0.106, 0.241, 0.2154, 0.4142, 0.5648, 0.0253, 1.2534, 0.2618, 0.1665, 0.2296, 0.3661, 0.3553, 0.3004, 1.0641, 0.7087, 0.5149, 0.7823, 0.7582, 0.0954, 0.369, 0.1032, 0.8524, 0.0552],
      [0.7251, 3.7837, 64.9126, 40.644, 46.9781, 26.3234, 60.3198, 53.942, 1.6598, 50.9142, 64.7571, 14.2985, 48.7658, 32.4204, 36.9698, 65.4996, 1.245, 4.2955, 5.269, 23.0638, 47.3706, 49.2692, 50.535, 25.4545, 131.0673, 92.1521, 52.5643, 81.7067, 75.4046, 16.5505, 49.7334, 14.9535, 163.7929, 11.569],
      [0, 1.0601, 16.4143, 10.8885, 13.4601, 6.36, 15.7913, 14.8755, 0.9178, 13.8908, 17.1795, 4.1815, 13.2657, 9.0152, 11.3506, 18.7392, 0.3889, 1.3193, 1.4301, 7.0018, 11.6224, 12.3458, 12.4001, 7.2925, 31.8126, 22.927, 15.1411, 21.6788, 19.6382, 5.3083, 12.1221, 4.3069, 46.134, 3.0838]
    ]
  ],
  "V_est": [
    [320.6918, 2.1281, 2.2189, 660.9152, 370.8334, 3.2126],
    [108.9664, 4.4155, 5.8339, 101.5624, 633.9434, 359.2784],
    [144.8888, 176.676, 251.6226, 329.9359, 11681.4111, 1344.4656],
    [256.562, 77.8704, 261.0556, 1930.3274, 974.228, 53.9566],
    [3.8867, 64.2392, 974.8202, 377.0567, 1498.7533, 9.244],
    [2.3513, 1130.3468, 315.3022, 476.5807, 152.9197, 4.4992],
    [37.6531, 84.3239, 0.1466, 12.6216, 1508.9111, 403.3436]
  ],
  "p_est": [
    [0.2358, 0.0016, 0.0016, 0.486, 0.2727, 0.0024],
    [0.0898, 0.0036, 0.0048, 0.0837, 0.5222, 0.2959],
    [0.0104, 0.0127, 0.0181, 0.0237, 0.8386, 0.0965],
    [0.0722, 0.0219, 0.0735, 0.5431, 0.2741, 0.0152],
    [0.0013, 0.0219, 0.3329, 0.1288, 0.5119, 0.0032],
    [0.0011, 0.5429, 0.1514, 0.2289, 0.0734, 0.0022],
    [0.0184, 0.0412, 0.0001, 0.0062, 0.7371, 0.197]
  ],
  "EI_Z": {},
  "EI_V": 14.0832,
  "MAE_Z": {},
  "MAE_V": 181.8349,
  "MAE_p": 0.0638,
  "runtime": 1.1427
}
