{
  "Z_true": {},
  "V_true": [
    [51, 1428, 313, 46, 101, 1],
    [56, 69, 2257, 104, 197, 0],
    [230, 94, 392, 5489, 393, 1],
    [337, 45, 295, 232, 7736, 1],
    [394, 530, 636, 1140, 1608, 28]
  ],
  "p_true": [
    [0.0263, 0.7361, 0.1613, 0.0237, 0.0521, 0.0005],
    [0.0209, 0.0257, 0.8412, 0.0388, 0.0734, 0],
    [0.0349, 0.0142, 0.0594, 0.8318, 0.0596, 0.0002],
    [0.039, 0.0052, 0.0341, 0.0268, 0.8947, 0.0001],
    [0.0909, 0.1222, 0.1467, 0.2629, 0.3708, 0.0065]
  ],
  "Z_est": [
    [
      [0, 0, 0, 0, 0, 0, 0, 0, 0, 0, 0, 0, 0, 0, 0, 0, 0, 0, 0, 0, 0, 0, 0, 0, 0, 0, 0, 0, 0, 0, 0, 0, 0, 0, 0, 0, 0, 0, 0, 0, 0, 0, 0, 0, 0, 0],
      [6.1422, 9.0314, 5.4598, 11.0027, 3.4124, 5.9223, 11.602, 8.1897, 5.5014, 10.2371, 8.8721, 28.7294, 19.5604, 21.1566, 46.8434, 32.3969, 64.8684, 41.0254, 40.6596, 13.6494, 10.2371, 18.4267, 19.7917, 3.4124, 3.4124, 4.7773, 18.4267, 38.0362, 34.7888, 29.3406, 25.2775, 22.5216, 18.9492, 49.138, 61.4225, 75.0719, 2.7299, 5.4598, 8.1897, 10.9196, 4.0948, 50.5029, 36.6758, 39.5834, 31.7688, 273.8458],
      [2.7356, 2.575, 2.4316, 4.6314, 1.5198, 1.9691, 5.1673, 3.6475, 2.7356, 4.5593, 3.9514, 15.7493, 7.9799, 9.4248, 20.669, 24.9926, 37.8136, 25.0653, 33.3225, 6.0791, 4.5593, 8.2068, 8.8147, 1.5198, 1.5198, 2.1277, 8.2068, 26.0816, 16.4136, 21.9536, 11.2464, 10.0306, 9.7266, 21.8848, 27.356, 33.4352, 1.2158, 2.4316, 3.6475, 4.8471, 1.8237, 18.9326, 12.1655, 17.6295, 15.1978, 90.7968],
      [0.0463, 0.1593, 0.0411, 0.0822, 0.0257, 0.0411, 0.0874, 0.0617, 0.155, 0.0771, 0.0668, 0.2344, 0.1451, 0.1593, 0.2105, 0.2981, 0.4409, 0.3443, 0.3854, 0.1028, 0.0771, 0.1388, 0.149, 0.0257, 0.0257, 0.036, 0.1388, 0.334, 2.3422, 0.2672, 0.1778, 0.1696, 3.0544, 0.37, 0.4625, 0.5653, 0.0206, 0.0411, 0.0617, 0.0985, 0.0308, 0.3803, 2.7202, 0.2981, 2.6118, 1.9529],
      [0.0759, 0.2343, 0.0675, 0.2837, 0.0422, 0.0675, 0.1434, 0.1012, 0.608, 0.1265, 0.1096, 0.2869, 0.3146, 0.2592, 0.2771, 0.3123, 0.877, 0.565, 0.6325, 0.1687, 0.1265, 0.2277, 0.2445, 0.0422, 0.0422, 0.059, 0.2277, 0.5481, 0.4554, 0.4385, 0.2983, 0.2783, 0.2698, 0.6072, 0.7589, 0.9276, 0.0337, 0.0675, 0.1012, 0.1349, 0.0506, 4.1842, 0.4385, 0.4891, 0.4216, 13.4045],
      [0, 0, 0, 0, 0, 0, 0, 0, 0, 0, 0, 0, 0, 0, 0, 0, 0, 0, 0, 0, 0, 0, 0, 0, 0, 0, 0, 0, 0, 0, 0, 0, 0, 0, 0, 0, 0, 0, 0, 0, 0, 0, 0, 0, 0, 0]
    ],
    [
      [0.018, 0.0016, 0.0094, 0.0111, 0.009, 0.0064, 0.0091, 0.0116, 0.0079, 0.0138, 0.0036, 0.0152, 0.0111, 0.0233, 0.0153, 0.0026, 0.0048, 0.0085, 0.0074, 0.0078, 0.018, 0.0169, 0.0191, 0.0027, 0.0143, 0.0127, 0.0085, 0.0106, 0.0158, 0.0101, 0.0122, 0.0196, 0.0164, 0.0217, 0.0058, 0.0079, 0.0029, 0.0169, 0.0164, 1.1464, 0.0026, 0.0069, 0.0074, 0.0143, 0.0064, 0.0492],
      [0.0222, 0.0153, 0.0092, 0.0183, 0.0148, 0.236, 0.0367, 0.0194, 0.0092, 0.0288, 0.014, 0.0592, 0.0326, 0.0321, 0.0784, 0.054, 0.0856, 0.0611, 0.0652, 0.0234, 0.0296, 0.0418, 0.0428, 0.0081, 0.0135, 0.0148, 0.0418, 0.0632, 0.0519, 0.0489, 0.0362, 0.0493, 0.0316, 0.0847, 0.0883, 0.1192, 0.0153, 0.0181, 0.0419, 0.0247, 0.0071, 0.0835, 0.0611, 0.0611, 0.0469, 0.4563],
      [26.5531, 11.5676, 17.7717, 20.475, 17.4545, 8.9048, 42.4546, 33.1661, 21.3899, 32.9575, 16.7844, 71.0868, 34.378, 38.5054, 91.3564, 107.8271, 118.8109, 92.5121, 122.5701, 36.5377, 35.533, 46.3616, 46.1699, 12.8351, 22.3731, 17.7294, 44.4293, 80.4409, 74.0488, 68.6829, 43.4419, 59.2253, 57.2593, 99.7843, 63.1883, 99.719, 13.8187, 21.5359, 50.3475, 24.3163, 18.7689, 57.2339, 48.3091, 69.4525, 86.8839, 396.0188],
      [0.1413, 1.2298, 0.0327, 0.0382, 0.0327, 0.1432, 0.0782, 0.1037, 0.0759, 0.0636, 0.0309, 0.1309, 0.071, 0.0709, 0.103, 0.1162, 0.0988, 0.0766, 0.0786, 0.0673, 0.0655, 0.1176, 0.0946, 0.0262, 0.0418, 0.0661, 0.0781, 0.1253, 0.1461, 0.0919, 0.08, 0.1091, 0.1225, 2.0966, 0.0884, 0.1837, 0.0255, 0.04, 0.0927, 1.4982, 0.0346, 0.1055, 0.1406, 0.0752, 0.3413, 0.7456],
      [0.2655, 4.1858, 0.177, 0.4574, 0.4889, 2.7097, 0.4214, 0.6992, 1.5171, 1.9364, 0.1671, 0.7079, 0.5073, 0.3684, 0.4469, 0, 0, 0.3417, 0.2786, 0.3638, 0.3539, 0.4621, 5.6738, 0.1278, 0.5573, 0.177, 0.4424, 0.3601, 0.7374, 0.1663, 0.4297, 0.5967, 0.5702, 1.0127, 0.6292, 0.9702, 0.1376, 0.389, 0.5014, 3.0144, 0.1868, 0.5702, 0.4817, 0.3969, 0.7216, 12.73],
      [0, 0, 0, 0, 0, 0, 0, 0, 0, 0, 0, 0, 0, 0, 0, 0, 0, 0, 0, 0, 0, 0, 0, 0, 0, 0, 0, 0, 0, 0, 0, 0, 0, 0, 0, 0, 0, 0, 0, 0, 0, 0, 0, 0, 0, 0]
    ],
    [
      [4.9604, 0.5441, 8.1756, 3.8086, 3.0831, 2.2629, 4.1713, 3.8157, 2.9058, 4.7154, 5.2594, 3.8086, 3.3583, 7.9798, 4.1973, 0.9068, 1.6322, 2.9018, 2.539, 3.0843, 6.1662, 5.8035, 6.5289, 2.1763, 4.8967, 4.3526, 2.9018, 4.1959, 4.5327, 3.4458, 4.1713, 6.7103, 5.6221, 2.3934, 1.995, 2.7204, 3.6272, 5.8035, 5.6221, 4.1713, 0.9068, 2.3577, 2.539, 4.8967, 2.1763, 16.8664],
      [0.9472, 0.7893, 0.5152, 0.9472, 1.1917, 3.8022, 2.7289, 0.9998, 0.4736, 0.9998, 0.7893, 2.4731, 1.5026, 1.8417, 4.0517, 2.7888, 2.4353, 3.1572, 2.0035, 1.6199, 2.4526, 2.1574, 2.3316, 0.421, 0.421, 0.7367, 4.1466, 3.2624, 2.5562, 2.5258, 4.6068, 2.0304, 1.6312, 4.2096, 14.879, 6.1565, 1.7271, 0.5062, 4.3542, 1.6889, 0.3683, 4.3148, 3.1572, 7.825, 2.4205, 23.5737],
      [2.9309, 1.5069, 3.5141, 2.5785, 3.1191, 1.1524, 8.2625, 4.1663, 2.5707, 3.1875, 5.085, 8.902, 3.745, 6.1184, 13.0307, 14.6263, 17.4629, 17.7447, 15.8178, 6.746, 4.8308, 5.9391, 5.6732, 1.6842, 2.5707, 0.3952, 7.4258, 11.6124, 7.7396, 10.1941, 11.5877, 7.2688, 6.6684, 7.7919, 8.2666, 13.6237, 2.2674, 2.7286, 5.4073, 2.8366, 2.7716, 7.4461, 2.4319, 11.4156, 6.939, 51.5908],
      [159.2436, 90.6491, 81.0451, 61.2911, 60.7914, 73.3426, 141.9792, 120.3122, 91.889, 80.6086, 103.2417, 133.8163, 77.9217, 101.06, 121.7203, 144.1102, 119.4696, 92.732, 95.2611, 113.4537, 127.7825, 130.0999, 110.4523, 76.2786, 81.5043, 77.0647, 126.4528, 157.44, 133.0958, 111.3272, 108.9282, 149.7037, 145.0783, 133.7959, 109.1262, 144.9101, 91.889, 77.9787, 95.3388, 103.3941, 48.6654, 141.1522, 170.2897, 92.2272, 159.4641, 886.6947],
      [0.9179, 0.5105, 0.75, 0.3748, 0.8147, 0.4399, 0.8581, 0.7061, 1.1609, 0.4888, 0.6246, 0, 0.4725, 0, 0, 0.5679, 0, 0.4643, 0.3786, 4.0961, 0.7679, 0, 10.0139, 0.4399, 1.6074, 0.4508, 1.0731, 0.4893, 0.0758, 0.5072, 0.7061, 4.2868, 0, 0.8092, 0.7332, 0.5893, 0.4893, 1.9829, 2.2776, 1.9091, 0.2879, 5.7292, 0.5822, 0.6354, 0, 11.2744],
      [0, 0, 0, 0, 0, 0, 0, 0, 0, 0, 0, 0, 0, 0, 0, 0, 0, 0, 0, 0, 0, 0, 0, 0, 0, 0, 0, 0, 0, 0, 0, 0, 0, 0, 0, 0, 0, 0, 0, 0, 0, 0, 0, 0, 0, 0]
    ],
    [
      [12.4091, 0.9885, 14.8279, 6.9197, 6.6752, 3.9541, 7.5787, 7.2492, 5.9485, 8.5672, 9.5616, 5.9833, 6.9197, 14.4983, 8.7811, 1.6475, 2.9656, 4.3552, 3.6225, 5.6016, 11.2033, 10.5443, 11.8623, 3.9541, 8.8967, 7.9082, 5.2721, 4.7215, 8.2377, 6.2606, 7.5787, 12.1918, 10.2147, 4.2331, 3.6246, 4.9426, 6.5978, 10.5443, 10.2147, 7.5787, 1.6475, 4.2836, 4.6131, 8.8967, 3.9541, 30.6442],
      [0.0754, 0.2004, 0.0377, 0.0754, 0.1721, 0.1049, 4.1568, 0.0796, 0.0377, 0.0796, 0.0628, 0.1542, 0.134, 0.1466, 0.3225, 0.2219, 0.3518, 0.1123, 0.0934, 0.0963, 0.2088, 0.1717, 0.1508, 0.0335, 0.0335, 0.0586, 1.0577, 0.1217, 0.2136, 0.201, 0.1884, 0.1549, 0.1298, 0.335, 0.4062, 2.6955, 0.4442, 0.0377, 0.1269, 0.0796, 0.0293, 0.3434, 0.2513, 0.2513, 0.1926, 1.8761],
      [0.1588, 0.0771, 0.1271, 0.0681, 0.1089, 0, 2.1216, 0.2133, 0.1316, 0, 0.3371, 0.4719, 0.152, 0.2949, 0.667, 3.4386, 8.1567, 0.667, 0.1818, 0.245, 0.4066, 0.304, 0, 0.0862, 0.1316, 0.0998, 0.3476, 0.5944, 0.3507, 3.1385, 0.331, 0.0824, 0.3535, 0.1809, 0.2125, 0.6988, 0.2472, 0.1316, 0.2768, 0, 1.2106, 0, 0, 0.4674, 0.2717, 0],
      [15.6385, 6.4443, 3.1792, 1.0209, 2.4603, 2.9729, 9.6914, 6.2623, 4.4889, 3.3055, 8.2335, 5.7066, 4.4058, 3.907, 3.7685, 4.7514, 4.8523, 2.9649, 2.1114, 4.5448, 8.2677, 5.775, 2.7348, 4.9677, 2.71, 4.2532, 5.1257, 3.2143, 9.8624, 4.5106, 4.2714, 1.585, 6.7396, 2.8818, 2.8818, 4.4114, 3.9223, 3.0071, 3.7247, 4.0322, 4.0022, 4.0179, 5.3344, 3.6905, 11.4988, 34.61],
      [312.1973, 182.2477, 168.3072, 138.916, 154.0625, 92.9681, 227.9306, 211.6747, 150.8723, 157.5267, 146.8049, 134.684, 147.3885, 122.1531, 121.94, 126.9405, 159.6736, 97.8586, 82.4699, 171.5122, 178.3927, 147.6841, 186.2522, 159.9585, 168.7072, 126.1592, 197.1969, 106.8271, 129.3356, 113.3683, 149.1095, 176.9859, 155.5624, 96.3693, 96.8749, 131.7307, 109.7885, 122.2374, 151.6569, 115.3095, 93.5894, 136.3551, 128.8013, 130.6941, 116.5617, 1449.7437],
      [0.521, 1.042, 0.521, 0, 0.521, 0, 0.521, 0.521, 0.521, 0.521, 0, 0, 0, 0, 0.521, 0, 0, 1.042, 0.521, 0, 0.521, 0.521, 0, 0, 0.521, 0.521, 0, 0.521, 0, 0.521, 0.521, 0, 0, 0, 0, 0.521, 0, 1.042, 0, 0, 0.521, 0, 0, 0, 0.521, 3.1259]
    ],
    [
      [16.6125, 1.4658, 21.9871, 10.2607, 7.2327, 5.7767, 11.241, 10.9235, 6.1377, 12.7037, 14.1754, 11.193, 10.711, 21.4985, 16.0063, 2.443, 4.3974, 8.7346, 7.831, 8.3063, 16.6125, 15.6353, 17.5897, 5.8669, 13.1923, 11.7265, 7.8177, 11.072, 12.2138, 9.2835, 11.2379, 18.0783, 15.1467, 6.3518, 5.3746, 7.329, 9.7721, 15.6353, 15.1467, 10.1037, 2.443, 6.3518, 6.8404, 13.1923, 5.8632, 45.4401],
      [10.813, 4.9637, 2.9782, 5.9564, 7.2091, 7.9345, 17.4756, 9.7116, 2.9782, 7.6548, 5.2618, 15.5841, 10.7704, 11.823, 25.704, 17.5383, 16.259, 15.6441, 21.1783, 7.611, 9.072, 20.2024, 13.6831, 4.125, 4.1196, 8.4126, 17.3272, 20.5165, 13.3895, 15.8837, 14.891, 12.2437, 10.2582, 26.2327, 20.204, 32.9569, 10.0835, 2.9782, 6.2873, 6.2873, 2.5004, 26.7553, 19.8547, 12.2793, 11.5712, 148.2481],
      [2.6216, 1.2734, 4.1555, 2.2471, 1.7977, 0.9737, 6.9941, 5.8069, 2.1722, 3.2957, 4.842, 7.7899, 3.7452, 10.6564, 21.2769, 14.1154, 14.7559, 11.0108, 20.1078, 4.3921, 3.6703, 6.1884, 3.3422, 2.8747, 2.4049, 1.6479, 6.5905, 12.2708, 5.4473, 11.0309, 5.393, 5.393, 5.9923, 0.3581, 4.9765, 6.5233, 1.4509, 2.1722, 1.321, 0, 3.4252, 0.3875, 5.0934, 4.035, 4.7075, 43.5937],
      [27.9303, 13.5175, 11.7018, 12.5677, 8.6898, 10.5002, 21.1639, 22.2601, 12.3912, 12.9451, 15.4271, 27.1117, 19.4565, 14.8027, 22.1977, 17.7241, 17.1383, 13.8822, 15.1634, 14.8314, 15.8072, 32.8687, 15.5693, 15.7018, 13.7183, 13.58, 18.2047, 18.8864, 18.5535, 15.8031, 11.5426, 19.4326, 21.0053, 13.8557, 14.4411, 18.9296, 13.1427, 6.9331, 9.7821, 8.9769, 9.267, 18.3441, 23.5151, 11.709, 19.084, 144.9968],
      [47.5435, 28.8216, 40.6983, 33.9682, 30.5918, 22.8148, 46.6465, 52.8189, 26.8417, 52.9216, 32.2937, 40.3212, 44.317, 36.2193, 47.336, 31.1793, 39.4494, 30.7703, 22.2405, 40.8592, 35.359, 47.6262, 40.8157, 39.4317, 41.0859, 29.154, 48.0599, 28.7754, 31.3959, 27.5198, 32.4565, 44.8524, 37.5975, 24.2017, 29.0037, 30.7822, 26.5508, 23.3232, 26.4629, 20.6321, 17.8854, 42.1612, 32.6963, 18.7844, 28.295, 357.8473],
      [0.479, 0.958, 0.479, 0, 0.479, 0, 0.479, 0.479, 0.479, 0.479, 0, 0, 0, 0, 0.479, 0, 0, 0.958, 0.479, 0, 0.479, 0.479, 0, 0, 0.479, 0.479, 0, 0.479, 0, 0.479, 0.479, 0, 0, 0, 0, 0.479, 0, 0.958, 0, 0, 0.479, 0, 0, 0, 0.479, 2.8741]
    ]
  ],
  "V_est": [
    [0, 1291.0636, 598.7912, 19.7144, 30.4308, 0],
    [1.6791, 2.497, 2620.9712, 9.416, 48.4366, 0],
    [191.6904, 140.5188, 351.3746, 5854.0729, 61.3433, 0],
    [349.6754, 16.5081, 27.5423, 252.7429, 7983.3805, 16.1507],
    [524.955, 715.4125, 294.3207, 875.0537, 1911.4087, 14.8493]
  ],
  "p_est": [
    [0, 0.6655, 0.3087, 0.0102, 0.0157, 0],
    [0.0006, 0.0009, 0.9769, 0.0035, 0.0181, 0],
    [0.029, 0.0213, 0.0532, 0.8871, 0.0093, 0],
    [0.0404, 0.0019, 0.0032, 0.0292, 0.9234, 0.0019],
    [0.1211, 0.165, 0.0679, 0.2018, 0.4408, 0.0034]
  ],
  "EI_Z": {},
  "EI_V": 8.1684,
  "MAE_Z": {},
  "MAE_V": 131.8053,
  "MAE_p": 0.0348,
  "runtime": 6.908
}
