{
  "X": [
    [2, 0, 0, 3, 1],
    [0, 6, 9, 75, 1],
    [3, 4, 3, 70, 0],
    [5, 1, 18, 46, 3],
    [4, 2, 8, 16, 1],
    [2, 5, 20, 92, 0],
    [7, 24, 32, 65, 7],
    [1, 5, 8, 23, 0],
    [3, 2, 7, 49, 1],
    [16, 22, 60, 113, 6],
    [2, 1, 8, 46, 1],
    [22, 34, 113, 395, 8],
    [36, 64, 224, 611, 21],
    [10, 10, 19, 159, 1],
    [9, 16, 25, 203, 6],
    [11, 17, 57, 86, 7],
    [42, 80, 207, 499, 20],
    [4, 5, 3, 44, 1],
    [4, 7, 7, 131, 3],
    [3, 4, 6, 187, 1],
    [11, 29, 45, 205, 7],
    [4, 5, 27, 95, 4],
    [1, 4, 6, 109, 0],
    [2, 5, 5, 39, 3],
    [4, 3, 7, 60, 1],
    [2, 1, 5, 35, 3],
    [1, 1, 6, 55, 1],
    [13, 15, 46, 210, 10],
    [2, 10, 15, 101, 2],
    [11, 2, 23, 139, 4],
    [0, 1, 2, 7, 0],
    [18, 36, 60, 369, 7],
    [1, 1, 2, 19, 0],
    [9, 17, 43, 97, 6],
    [3, 7, 10, 22, 3],
    [2, 9, 13, 87, 2],
    [5, 7, 18, 198, 3],
    [34, 40, 90, 403, 14],
    [9, 7, 18, 39, 1],
    [2, 3, 6, 47, 1],
    [0, 6, 12, 58, 1],
    [0, 1, 8, 42, 3],
    [3, 5, 3, 93, 0],
    [8, 21, 65, 185, 11],
    [17, 59, 140, 513, 14],
    [5, 13, 17, 135, 6],
    [11, 21, 44, 277, 8],
    [39, 85, 107, 642, 10],
    [9, 5, 11, 161, 1],
    [6, 5, 12, 125, 1],
    [7, 10, 8, 126, 7],
    [0, 0, 1, 9, 0],
    [18, 342, 148, 344, 19],
    [0, 0, 5, 44, 0],
    [6, 1, 14, 61, 5],
    [16, 20, 51, 240, 6],
    [9, 31, 53, 309, 7],
    [4, 6, 19, 71, 1],
    [0, 2, 5, 3, 1],
    [0, 0, 7, 30, 0],
    [0, 0, 3, 16, 0],
    [1, 1, 9, 46, 2],
    [19, 19, 57, 197, 4],
    [29, 34, 120, 360, 19],
    [69, 87, 194, 617, 18],
    [16, 26, 90, 184, 8],
    [41, 64, 161, 502, 16],
    [33, 71, 163, 457, 24],
    [6, 10, 20, 239, 8],
    [41, 39, 80, 577, 10],
    [6, 14, 63, 192, 8],
    [4, 10, 39, 78, 6],
    [9, 17, 40, 174, 11],
    [14, 27, 78, 293, 11],
    [2, 26, 9, 126, 5],
    [18, 57, 70, 287, 12],
    [8, 9, 25, 168, 5],
    [4, 13, 6, 51, 4],
    [11, 31, 17, 113, 3],
    [3, 1, 9, 45, 0],
    [7, 18, 30, 172, 1],
    [0, 2, 5, 44, 0],
    [4, 8, 13, 183, 3],
    [3, 9, 10, 26, 1],
    [13, 32, 45, 319, 8],
    [0, 7, 13, 51, 3],
    [0, 3, 5, 15, 0],
    [3, 2, 4, 51, 0],
    [1, 4, 6, 19, 1],
    [2, 6, 17, 49, 5],
    [5, 40, 27, 60, 6],
    [8, 13, 14, 69, 4],
    [2, 8, 17, 66, 1],
    [3, 5, 8, 62, 3],
    [5, 4, 5, 69, 4],
    [9, 7, 3, 67, 3],
    [45, 78, 125, 547, 16],
    [0, 0, 0, 5, 0],
    [358, 724, 1433, 5185, 241],
    [27, 114, 111, 452, 20],
    [107, 257, 350, 1217, 60],
    [6, 49, 50, 161, 8]
  ],
  "W": [
    [1, 0, 0, 4, 1, 0],
    [4, 2, 8, 65, 9, 3],
    [2, 3, 3, 61, 7, 4],
    [4, 1, 13, 44, 6, 5],
    [5, 2, 4, 14, 3, 3],
    [4, 4, 15, 88, 7, 1],
    [8, 10, 29, 59, 24, 5],
    [2, 6, 5, 22, 1, 1],
    [1, 4, 5, 45, 7, 0],
    [13, 13, 49, 112, 28, 2],
    [3, 1, 5, 42, 7, 0],
    [24, 22, 91, 370, 51, 14],
    [41, 58, 180, 550, 104, 23],
    [15, 10, 18, 150, 5, 1],
    [17, 15, 23, 185, 13, 6],
    [9, 9, 46, 81, 22, 11],
    [48, 60, 144, 438, 131, 27],
    [7, 4, 4, 38, 4, 0],
    [4, 6, 3, 128, 9, 2],
    [7, 1, 4, 173, 10, 6],
    [29, 22, 38, 175, 31, 2],
    [6, 6, 21, 84, 10, 8],
    [0, 2, 7, 103, 5, 3],
    [3, 1, 4, 39, 4, 3],
    [0, 4, 7, 54, 7, 3],
    [3, 1, 2, 33, 4, 3],
    [2, 3, 3, 53, 3, 0],
    [17, 14, 33, 178, 45, 7],
    [7, 7, 7, 99, 8, 2],
    [18, 4, 9, 129, 14, 5],
    [0, 1, 2, 7, 0, 0],
    [24, 39, 35, 347, 36, 9],
    [1, 0, 2, 15, 5, 0],
    [13, 13, 30, 83, 26, 7],
    [1, 2, 15, 20, 5, 2],
    [5, 8, 10, 79, 10, 1],
    [13, 4, 10, 186, 15, 3],
    [32, 28, 71, 363, 71, 16],
    [9, 4, 13, 35, 11, 2],
    [6, 1, 6, 41, 5, 0],
    [4, 4, 10, 52, 3, 4],
    [2, 3, 4, 37, 4, 4],
    [12, 4, 3, 81, 4, 0],
    [15, 12, 44, 159, 45, 15],
    [36, 38, 107, 456, 72, 34],
    [11, 12, 15, 119, 13, 6],
    [20, 12, 38, 251, 25, 15],
    [67, 63, 84, 573, 78, 18],
    [6, 4, 7, 155, 10, 5],
    [12, 8, 7, 113, 6, 3],
    [8, 7, 6, 127, 8, 2],
    [2, 0, 1, 7, 0, 0],
    [28, 266, 153, 324, 70, 30],
    [1, 0, 3, 41, 2, 2],
    [8, 2, 14, 52, 9, 2],
    [23, 18, 31, 225, 27, 9],
    [22, 20, 42, 279, 32, 14],
    [7, 4, 9, 66, 11, 4],
    [1, 1, 3, 2, 2, 2],
    [1, 0, 5, 25, 4, 2],
    [0, 1, 1, 14, 3, 0],
    [7, 0, 7, 37, 7, 1],
    [31, 13, 44, 180, 24, 4],
    [36, 27, 103, 328, 54, 14],
    [58, 59, 155, 571, 101, 41],
    [14, 14, 77, 172, 34, 13],
    [59, 48, 126, 441, 76, 34],
    [28, 43, 134, 424, 92, 27],
    [15, 9, 14, 213, 22, 10],
    [47, 28, 51, 538, 71, 12],
    [10, 11, 53, 183, 19, 7],
    [6, 5, 35, 72, 15, 4],
    [9, 10, 38, 154, 35, 5],
    [12, 19, 64, 281, 40, 7],
    [1, 19, 12, 115, 17, 4],
    [35, 55, 51, 256, 37, 10],
    [14, 7, 22, 158, 9, 5],
    [5, 3, 8, 52, 7, 3],
    [19, 19, 19, 100, 13, 5],
    [8, 2, 6, 36, 5, 1],
    [20, 13, 23, 149, 17, 6],
    [3, 2, 4, 38, 2, 2],
    [9, 5, 11, 173, 10, 3],
    [4, 7, 9, 23, 3, 3],
    [20, 21, 31, 291, 38, 16],
    [2, 6, 7, 46, 8, 5],
    [0, 1, 3, 15, 4, 0],
    [4, 3, 5, 44, 3, 1],
    [0, 2, 6, 16, 6, 1],
    [4, 3, 12, 41, 17, 2],
    [7, 28, 23, 58, 17, 5],
    [8, 7, 16, 57, 10, 10],
    [7, 6, 16, 59, 4, 2],
    [6, 7, 5, 50, 9, 4],
    [5, 2, 5, 67, 6, 2],
    [12, 5, 1, 63, 4, 4],
    [56, 61, 92, 512, 77, 13],
    [0, 0, 0, 5, 0, 0],
    [463, 616, 1051, 4782, 793, 236],
    [33, 81, 109, 420, 51, 30],
    [111, 163, 290, 1161, 178, 88],
    [8, 63, 33, 154, 8, 8]
  ],
  "method": "mult",
  "cond_prob": [
    [
      [0.92085347786, 0, 0, 0.075198855728, 0.0039476664083],
      [0.00024585341449, -0, 0, 0.030400216554, 0.96935393003],
      [0.50219415647, 0, -0, 0.045182246256, 0.45262359728],
      [0.25204073597, 0, 0, 0.72353711215, 0.024422151879],
      [0.07098357827, 0, 0, 0.030652695656, 0.89836372607],
      [0, 0, 0, 0, 1]
    ],
    [
      [0, 0.016455264396, 0.075708726629, 0.9057855236, 0.0020504853711],
      [0, 0.97351284808, 0.017388677752, 0.0043517008334, 0.0047467733368],
      [0, 0.16832693343, 0.78968150995, 0.031245062959, 0.01074649366],
      [1.1015119183e-19, 0.0031748562599, 0, 0.99682514374, 0],
      [0, 0.14160776697, 0.18406091966, 0.60661227256, 0.067719040808],
      [0, 0.38656740642, 0.22946246046, 0.28834973469, 0.09562039843]
    ],
    [
      [0.44446018771, 0.0054740568956, 0.024107971438, 0.52595778395, 0],
      [1.1596091338e-05, 0.97478869315, 0.01729968439, 0.0079000263657, 0],
      [0.092483929894, 0.15021498831, 0.70852888809, 0.048772193705, 0],
      [0.0044256484754, 0, 0, 0.99557435152, 0],
      [0.1830074714, 0, 0.0041112966682, 0.81288123193, 0],
      [0.070644047449, 0.15351021045, 0.18637981575, 0.58946592634, 0]
    ],
    [
      [0.49680626155, 0.0015842588922, 0.064741348121, 0.43348027865, 0.0033878527771],
      [3.6037886097e-05, 0.7938496527, 0.12366241208, 0.017251904844, 0.065199992495],
      [0.053060673354, 0, 0.90365370047, 0.019751158083, 0.02353446809],
      [0.023029350596, 0, 0.034541962656, 0.93705599267, 0.0053726940768],
      [0.14762359526, 0, 0.43486979158, 0.25579840869, 0.16170820447],
      [0.08478343291, 0.039962662347, 0.34816179659, 0.24536155915, 0.28173054901]
    ],
    [
      [0.51983730183, 0, 0.076880448366, 0.40115463875, 0.0021276110529],
      [1.688793345e-05, 0.90879584459, 0.064767395512, 0.0072702993524, 0.019149572609],
      [0.043872023855, 0, 0.92933283525, 0.014642557891, 0.012152583004],
      [0.021016667918, 0, 0.078496748442, 0.89860473313, 0.0018818505128],
      [0.16366093932, 0, 0.50078941099, 0.23007706829, 0.1054725814],
      [0.14669181691, 0.060802770272, 0.38913630499, 0.21680616912, 0.1865629387]
    ],
    [
      [0.2386897203, 0.0071012665701, 0.094466487997, 0.65974252514, 0],
      [5.2259544265e-06, 0.93866356946, 0.053504382241, 0.0078268223452, 0],
      [0.01807324142, 0.041918109931, 0.91892692176, 0.021081726892, 0],
      [0.0039672441825, 0, 0.01514999589, 0.98088275993, 0],
      [0.057336391046, 0.049393176608, 0.55268137719, 0.34058905515, 0],
      [0.023649368305, 0.24241677065, 0.42224341405, 0.31169044699, 0]
    ],
    [
      [0.37974997789, 0.012614947614, 0.062325446161, 0.54085761994, 0.0044520083964],
      [5.562589622e-06, 0.95728005143, 0.022514361478, 0.0040822433167, 0.01611778119],
      [0.039464126929, 0.16119227993, 0.74327005508, 0.022671230559, 0.033402307497],
      [0.0067140360565, 0.10032559993, 0, 0.88626498573, 0.0066953782821],
      [0.094514689661, 0.087281038348, 0.36021617043, 0.27882096198, 0.17916713958],
      [0.030600838174, 0.32754969412, 0.21524662565, 0.19870273508, 0.22790010698]
    ],
    [
      [0.35580480468, 0.0054381351936, 0.097332242524, 0.5414248176, 0],
      [8.1119597783e-06, 0.75327626867, 0.23852778409, 0.0081878352716, 0],
      [0.019775308944, 0.045742064827, 0.91923903512, 0.015243591105, 0],
      [0.0038442466746, 0, 0.031010294313, 0.96514545901, 0],
      [0.073392754914, 0.038442842977, 0.60631439637, 0.28185000574, 0],
      [0.031498992402, 0.20231295045, 0.48943276351, 0.27675529363, 0]
    ],
    [
      [0.53144334585, 0.0022058067306, 0.04457455776, 0.42008279225, 0.0016934974055],
      [2.9556982713e-05, 0.49944854832, 0.072666808458, 0.39983798738, 0.028017098858],
      [0.068212939234, 0, 0.85119586608, 0.064902299455, 0.015688895235],
      [0.018774325099, 0, 0, 0.979921136, 0.0013045388966],
      [0.18321844294, 0, 0.34411126829, 0.36565752011, 0.10701276866],
      [0.072312378882, 0.11730343668, 0.31214974314, 0.30489637077, 0.19333807053]
    ],
    [
      [0.48229986904, 0.0074818575986, 0.065447324925, 0.44194324613, 0.0028277023026],
      [1.204682409e-05, 0.93756491579, 0.039651491006, 0.0056124581345, 0.017159088247],
      [0.052646642559, 0.094585356553, 0.81499285732, 0.019232395102, 0.018542748465],
      [0.028859033952, 0.026340259728, 0.056010604264, 0.8808152967, 0.0079748053593],
      [0.13624814811, 0.057992024207, 0.42273052173, 0.25582194989, 0.12720735606],
      [0.051549829405, 0.25291185374, 0.29471154899, 0.2125303288, 0.18829643906]
    ],
    [
      [0.33898309217, 0.0038972273326, 0.072409961762, 0.58217480408, 0.0025349146584],
      [7.5882717523e-06, 0.93238903789, 0.044383400087, 0.0074402411463, 0.015779732602],
      [0.029672495084, 0.011183856022, 0.88670023647, 0.057376649573, 0.015066762856],
      [0.0062183772414, 0, 0.0024845345531, 0.98929623103, 0.0020008571736],
      [0.081929830809, 0, 0.4572192973, 0.34410148506, 0.11674938684],
      [0.03283595296, 0.14991103341, 0.33923953168, 0.28258917043, 0.19542431153]
    ],
    [
      [0.35887386568, 0.0069188504882, 0.072605485326, 0.5597369018, 0.0018648967092],
      [1.003806592e-05, 0.93130454734, 0.048409872791, 0.0078447302333, 0.012430811574],
      [0.037477789992, 0.081373027197, 0.84664333259, 0.023007571919, 0.011498278307],
      [0.011744252198, 0, 0.014609041263, 0.97145087732, 0.0021958292146],
      [0.099598408678, 0.051949538809, 0.45343364544, 0.31466480087, 0.080353606194],
      [0.039388238656, 0.23506254234, 0.32981762148, 0.27252227088, 0.12320932665]
    ],
    [
      [0.3347671072, 0.0057476074715, 0.074812023255, 0.58203793928, 0.0026353227962],
      [1.125819802e-05, 0.9097429703, 0.059548382138, 0.0097418258312, 0.020955563533],
      [0.034769022047, 0.013026875921, 0.87727547296, 0.058882324687, 0.016046304382],
      [0.010685841371, 0, 0.0099467780812, 0.97636929849, 0.0029980820618],
      [0.089523212123, 0.04133418695, 0.44710446897, 0.3136937285, 0.10834440345],
      [0.035993254168, 0.18937663946, 0.3304227405, 0.27588427027, 0.16832309561]
    ],
    [
      [0.40711464913, 0.0056419304273, 0.060358704673, 0.52554003424, 0.0013446815313],
      [1.2903789515e-05, 0.93410147776, 0.046818197582, 0.0085587741026, 0.010508646763],
      [0.047980373404, 0.0062260762662, 0.83955980736, 0.096581695602, 0.0096520473714],
      [0.015721638632, 0, 0.0003384550013, 0.98228630183, 0.0016536045337],
      [0.12418285393, 0.047625148127, 0.42881518724, 0.33095833875, 0.068418471958],
      [0.050344439411, 0.22416115254, 0.31951673526, 0.29510425593, 0.11087341686]
    ],
    [
      [0.32208654669, 0.0064949721205, 0.060572298815, 0.60651632719, 0.0043298551825],
      [9.0890150313e-06, 0.92010999133, 0.041449927638, 0.0087168230469, 0.029714168971],
      [0.037564820914, 0.012919471628, 0.74538074011, 0.1737679651, 0.03036700225],
      [0.0074678912801, 0, 0, 0.98791565915, 0.004616449573],
      [0.084070881635, 0.046521359027, 0.36355853776, 0.32466309449, 0.18118612709],
      [0.030986690334, 0.1976683482, 0.24641733203, 0.26279828737, 0.26212934206]
    ],
    [
      [0.44343726883, 0.0069804024546, 0.069589832398, 0.47684877523, 0.0031437210865],
      [1.1575651258e-05, 0.92905422325, 0.044451313139, 0.006375267004, 0.020107620953],
      [0.045959478146, 0.084503553373, 0.82998439672, 0.019829948456, 0.019722623305],
      [0.021915168538, 0.012793167447, 0.061693018709, 0.89502099915, 0.0085776461586],
      [0.11907977981, 0.051784039161, 0.43021356916, 0.26391027548, 0.13501233639],
      [0.045449145238, 0.22845722625, 0.30295585492, 0.22146172722, 0.20167604637]
    ],
    [
      [0.36019238777, 0.0069937400601, 0.074228308873, 0.55638853144, 0.0021970318525],
      [1.0161443643e-05, 0.9280020675, 0.049535410906, 0.0078062484913, 0.014646111658],
      [0.037162665585, 0.07672631559, 0.85038396714, 0.02244538692, 0.013281664769],
      [0.012417063233, 0, 0.022567670451, 0.96214015498, 0.0028751113313],
      [0.09828182961, 0.051297772328, 0.45252572058, 0.30582004622, 0.092074631259],
      [0.038708832639, 0.23020662249, 0.32755985918, 0.26344540469, 0.140079281]
    ],
    [
      [0.41418070172, 0.0075449422689, 0, 0.57534904948, 0.0029253065323],
      [8.1262992318e-06, 0.96069560728, 0, 0.022205260633, 0.017091005788],
      [0.066245814653, 0.15151517005, 0.49785054966, 0.25020077621, 0.034187689423],
      [0.008602901199, 0.0059883098798, 0, 0.98540878892, 0],
      [0.12720226965, 0.067696629838, 0.25214945034, 0.35934963182, 0.19360201836],
      [0.04203608394, 0.26938090512, 0.15226635351, 0.26365498106, 0.27266167637]
    ],
    [
      [0.37890099217, 0.0069997143519, 0.056965429009, 0.553208527, 0.0039253374724],
      [8.7080836346e-06, 0.93615285573, 0.033614903374, 0.0068609435446, 0.023362589272],
      [0.041299021956, 0.093881115449, 0.81223491534, 0.02535654378, 0.027228403473],
      [0.010973306922, 0.0012281537266, 0.002737445961, 0.9797799009, 0.0052811924923],
      [0.098335068499, 0.052297794652, 0.36651974826, 0.30744656198, 0.17540082662],
      [0.035423907212, 0.22277841651, 0.2423366502, 0.24554211334, 0.25391891274]
    ],
    [
      [0.23039800265, 0.0096003380773, 0.045128891002, 0.7137556579, 0.0011171103741],
      [3.5492741736e-06, 0.97260543033, 0.0173201033, 0.0057595929748, 0.0043113241224],
      [0.031332208538, 0.15804593252, 0.76149270076, 0.039746418764, 0.0093827394178],
      [0.0023735208365, 0, 0, 0.99762647916, 0],
      [0.07060921387, 0.026172491291, 0.13711674803, 0.71719348028, 0.048908066526],
      [0.024195059106, 0.34438059336, 0.20827322939, 0.34627490476, 0.076876213389]
    ],
    [
      [0.2626197695, 0.0089014538746, 0.07020623449, 0.65450736187, 0.0037651802707],
      [5.666043674e-06, 0.93714300508, 0.036272440209, 0.0070998272113, 0.019479061459],
      [0.027089972751, 0.10500125876, 0.77275207395, 0.072095838842, 0.0230608557],
      [0.0016080094432, 0.010133792056, 0, 0.98482506014, 0.0034331383563],
      [0.065358942, 0.060174012801, 0.39607710783, 0.33090639688, 0.14748354049],
      [0.023477106236, 0.24792794317, 0.26152818123, 0.26048230138, 0.20658446799]
    ],
    [
      [0.30230747784, 0, 0.076356705664, 0.61789248197, 0.0034433345235],
      [1.2833734333e-05, 0.83333333333, 0.081527455336, 0.048223774644, 0.036902602952],
      [0.029137942342, 0, 0.88242546733, 0.067798933102, 0.020637657223],
      [0.0070350885161, 0, 0.0049423623501, 0.98661343551, 0.0014091136201],
      [0.074127341257, 0, 0.44321922195, 0.3428000069, 0.13985342989],
      [0.030245061682, 0, 0.33430119538, 0.40949952662, 0.22595421631]
    ],
    [
      [0.2395570797, 0.0092688666798, 0.050441788678, 0.70073226494, 0],
      [3.3886977595e-06, 0.97398522525, 0.020140271485, 0.0058711145696, 0],
      [0.026917032053, 0.080362199896, 0.46902402776, 0.42369674029, 0],
      [0.0038258337377, 0, 0, 0.99617416626, 0],
      [0.0689801402, 0.083008225269, 0.38430047671, 0.46371115782, 0],
      [0.024204140751, 0.35815100796, 0.25168295971, 0.36596189157, 0]
    ],
    [
      [0.38872059591, 0.015912484166, 0.054399353251, 0.53413341035, 0.0068341563216],
      [2.5870874217e-06, 0.97493290544, 0.01010907614, 0.0020689289529, 0.012886502377],
      [0.034732869288, 0.19365980174, 0.70797047274, 0.021472593267, 0.042164262968],
      [0.0079096150577, 0.044121801079, 0.0085759071302, 0.91907725756, 0.020315419169],
      [0.079966956822, 0.10184453067, 0.29968996084, 0.24976363619, 0.26873491548],
      [0.022187111166, 0.35818735678, 0.1538635839, 0.15552429239, 0.31023765576]
    ],
    [
      [0.6130616211, 0.0022999181035, 0.027642593846, 0.35606209711, 0.00093376983876],
      [3.5183908797e-05, 0.62960227687, 0.046968106604, 0.30737779722, 0.016016635401],
      [0.11774544212, 0, 0.5579897078, 0.32104676832, 0.0032180817638],
      [0.020578747294, 0, 0, 0.97942125271, 0],
      [0.24800766253, 0, 0.30622956032, 0.37250245328, 0.073260323868],
      [0.10944505931, 0.16053029751, 0.25419756557, 0.34229887129, 0.13352820632]
    ],
    [
      [0.39643894499, 0, 0.069772973464, 0.52379991679, 0.0099881647586],
      [1.0818495839e-05, 0.88487206534, 0.053859347819, 0.0084211248831, 0.052836643458],
      [0.031963608555, 0.036358894452, 0.87447388672, 0.019209318848, 0.037994291423],
      [0.010218864636, 0, 0.0090174039294, 0.96376504471, 0.016998686726],
      [0.080250080922, 0, 0.41157918934, 0.24342662959, 0.26474410015],
      [0.029507424257, 0.01413671525, 0.34799429044, 0.20126916443, 0.40709240563]
    ],
    [
      [0.27171716926, 0.0023216427151, 0.10145638238, 0.62009871389, 0.0044060917502],
      [1.1685291878e-05, 0.30017792809, 0.26933116696, 0.37343886386, 0.057040355793],
      [0.015325901206, 0.018451662484, 0.93155511545, 0.016519367864, 0.018147952997],
      [0.0050335723892, 0, 0.012435477307, 0.97761775838, 0.0049131919236],
      [0.047924521785, 0.013155980946, 0.51178269691, 0.2587288943, 0.16840790606],
      [0.019292488492, 0.06584875023, 0.38013992331, 0.23555713644, 0.29916170153]
    ],
    [
      [0.33562696542, 0.0053267807797, 0.061622466224, 0.59394856771, 0.0034752198615],
      [1.157026992e-05, 0.90971556103, 0.051098159706, 0.010340663289, 0.028834045703],
      [0.040072046234, 0.028015464169, 0.83402257761, 0.073174060674, 0.024715851312],
      [0.008817831408, 0, 0, 0.98902872261, 0.002153445985],
      [0.092250930144, 0, 0.32860246243, 0.42914143669, 0.15000517074],
      [0.03584803303, 0.17841665067, 0.27531256686, 0.28355482647, 0.22686792297]
    ],
    [
      [0.19609607631, 0.010777452273, 0.11301211559, 0.67658865446, 0.0035257013718],
      [3.0385477621e-06, 0.93622244074, 0.044282832479, 0.0055613849475, 0.013930303281],
      [0.012112052873, 0.080605281224, 0.87631052021, 0.017304096695, 0.013668048996],
      [0.0021994637412, 0.018610245002, 0.029434352027, 0.94437740866, 0.0053785305659],
      [0.037194797406, 0.058098363917, 0.51905485492, 0.27141524102, 0.11423674274],
      [0.013608268141, 0.24978130691, 0.34916101603, 0.21956783065, 0.16788157826]
    ],
    [
      [0.38654803474, 0, 0.087792716527, 0.52119065082, 0.0044685979201],
      [2.7150602226e-05, 0.5, 0.42648630579, 0.018676098795, 0.054810444811],
      [0.034198316265, 0, 0.93029615316, 0.018439561573, 0.017065969],
      [0.013310336792, 0, 0.017394614518, 0.96428501713, 0.0050100315584],
      [0.10361461131, 0, 0.50470417825, 0.26413257502, 0.12754863542],
      [0.11332078429, 0, 0.4062713465, 0.25745691515, 0.22295095407]
    ],
    [
      [1.1102230246e-16, 0.0091433256698, 0.11401778591, 0.87683888842, 0],
      [0, 0.98749960305, 0.010862074411, 0.0016383225427, 0],
      [0, 0.006250198477, 0.96418769693, 0.029562104591, 0],
      [0, 0, 0.0086803616749, 0.99131963833, 0],
      [0, 0.049696630887, 0.62093079328, 0.32937257583, -0],
      [0, 0.27776837801, 0.42876676286, 0.29346485913, -0]
    ],
    [
      [0.35769517518, 0.0058034809049, 0.076896326886, 0.55735613021, 0.0022488868165],
      [1.1709556625e-05, 0.77635291619, 0.12438269499, 0.081632556434, 0.017620122826],
      [0.0356110851, 0.065927132769, 0.8632791391, 0.021912286279, 0.013270356753],
      [0.01260925123, 0, 0.0092209506481, 0.97507068557, 0.0030991125531],
      [0.095648461001, 0.04209126888, 0.46555891465, 0.30271928678, 0.09398206869],
      [0.038857374619, 0.19557971113, 0.34766693106, 0.26949232641, 0.14840365679]
    ],
    [
      [0.40236567458, 0.012734780879, 0.029947682784, 0.55495186176, 0],
      [0, 1, 0, 0, 0],
      [0.044785370666, 0.27390986367, 0.64813786405, 0.033166901615, 0],
      [0, 0, 0, 1, 0],
      [0.10161271682, 0.087889098355, 0.13475531782, 0.675742867, 0],
      [0.025211125121, 0.64501693163, 0.11603964999, 0.21373229326, 0]
    ],
    [
      [0.35100623777, 0.0069579448345, 0.075183987277, 0.56367907847, 0.0031727516479],
      [9.233877819e-06, 0.9239176987, 0.048156898756, 0.0075598517976, 0.020356316872],
      [0.034309081276, 0.070910251149, 0.85226103976, 0.022016690253, 0.020502937559],
      [0.010228762595, 0, 0.026973877201, 0.95819262439, 0.004604735813],
      [0.089203320334, 0.048663719452, 0.43922056586, 0.29422026562, 0.12869212873],
      [0.034178972317, 0.21515034198, 0.31002439551, 0.24766835261, 0.19297793758]
    ],
    [
      [0.54967122228, 0.0091588336867, 0.031955574556, 0.40463172777, 0.0045826417162],
      [7.6731766687e-06, 0.96437800924, 0.013137100222, 0.0034190998841, 0.019058117474],
      [0.080052774312, 0.25707522145, 0.56375341857, 0.041777545238, 0.057341040438],
      [0.01919148089, 0.0087991979081, 0, 0.96297835132, 0.0090309698796],
      [0.1543854681, 0.082509462971, 0.24167673408, 0.26715971269, 0.25426862216],
      [0.046882429206, 0.30871277656, 0.13854263806, 0.18325065199, 0.32261150417]
    ],
    [
      [0.22101546418, 0.0082566738685, 0.074831180885, 0.69260711723, 0.0032895638427],
      [4.4727475444e-06, 0.93644834513, 0.038824040625, 0.0075247406805, 0.017198400818],
      [0.019912251117, 0.068554732846, 0.78257068967, 0.11014149748, 0.018820828884],
      [0.0020981986141, 0, 0, 0.99593829734, 0.001963504046],
      [0.051145950715, 0.05480913472, 0.42077376761, 0.34213451691, 0.13113663005],
      [0.018547188292, 0.23349119396, 0.28180719779, 0.27488085464, 0.19127356531]
    ],
    [
      [0.24282904757, 0.0089071756326, 0.080312415973, 0.66501525347, 0.0029361073564],
      [4.6019045264e-06, 0.94272849283, 0.037158950412, 0.0064655238242, 0.013642431029],
      [0.021606005819, 0.093162120619, 0.84562368945, 0.023782498874, 0.015825685237],
      [0.0037533532973, 0.0029214058139, 0.0042071898985, 0.98610503705, 0.0030130139441],
      [0.057700838555, 0.058655908511, 0.44466755023, 0.32580712959, 0.11316857312],
      [0.021169208059, 0.25281714341, 0.29950510721, 0.26282359549, 0.16368494583]
    ],
    [
      [0.42351264799, 0.006406539256, 0.055998586039, 0.51162506248, 0.0024571642323],
      [1.2905160439e-05, 0.93382989355, 0.040571474923, 0.0077918080726, 0.017793918298],
      [0.054774837863, 0.086586251804, 0.77985659838, 0.060066053834, 0.018716258122],
      [0.018067136837, 0, 0, 0.97903971742, 0.0028931457456],
      [0.12954820197, 0.052911084584, 0.38483071761, 0.31642242998, 0.11628756586],
      [0.050120463715, 0.23396517756, 0.27370278211, 0.26798297511, 0.1742286015]
    ],
    [
      [0.52166358413, 0.0067527315975, 0.058595876814, 0.41191269831, 0.0010751091478],
      [1.2621571295e-05, 0.95258551907, 0.035613389603, 0.0052083288477, 0.0065801409063],
      [0.05995398301, 0.093697737104, 0.81931806949, 0.019330629564, 0.0076995808303],
      [0.045017363683, 0.019355408466, 0.033338419933, 0.90093216424, 0.0013566436784],
      [0.16540120565, 0.060639643027, 0.44255729825, 0.27374291461, 0.057658938468],
      [0.065277243197, 0.28316869369, 0.32203683424, 0.23842820319, 0.091089025681]
    ],
    [
      [0.25595862316, 0.013004572015, 0, 0.72754362577, 0.0034931790589],
      [1.9461446061e-06, 0.97905675454, 0.011398258667, 0.0026637206994, 0.0068793199526],
      [0.025452035557, 0.16266967418, 0.70509302303, 0.084719605349, 0.02206566188],
      [0, 0.012427438273, 0, 0.98615857625, 0.0014139854756],
      [0.062306820312, 0.091474559817, 0.35160872063, 0.33825105326, 0.15635884598],
      [0.018932597421, 0.35597393143, 0.19650632235, 0.22838963836, 0.20019751044]
    ],
    [
      [0, 0.011019772931, 0.10551295638, 0.88072977906, 0.002737491627],
      [0, 0.94447513596, 0.0386540789, 0.0067356202101, 0.010135164934],
      [4.695554788e-34, 0.088778841842, 0.8652122156, 0.034599623676, 0.011409318878],
      [2.156100371e-19, 0.0015197064262, 0, 0.99799465086, 0.0004856427143],
      [0, 0.060353315791, 0.49076005048, 0.35731818389, 0.091568449835],
      [0, 0.25753681612, 0.32473238785, 0.28411644245, 0.13361435358]
    ],
    [
      [0, 0.0023910113058, 0.11893912801, 0.87023321486, 0.0084366458248],
      [0, 0.3317393258, 0.14498369409, 0.41912353802, 0.1041534421],
      [0, 0, 0.93016279884, 0.038420811226, 0.031416389934],
      [0, 0, 0.0078970720819, 0.98845720713, 0.0036457207908],
      [1.6877425047e-34, 0, 0.46592700583, 0.30080825606, 0.23326473811],
      [0, 0, 0.362654944, 0.26808250585, 0.36926255015]
    ],
    [
      [0.21674712302, 0.0096330800619, 0, 0.77361979691, 0],
      [3.8118439502e-06, 0.97644887369, 0, 0.02354731447, 0],
      [0.031475789951, 0.15705163635, 0.77202289872, 0.039449674985, 0],
      [0, 0.001869311159, 0, 0.99813068884, 0],
      [0.076147976621, 0.0890096079, 0.17098282596, 0.66385958952, 0],
      [0.026757076357, 0.37384292376, 0.22053157626, 0.37886842362, 0]
    ],
    [
      [0.24251344667, 0.0082527016778, 0.082729723115, 0.6627556154, 0.0037485131378],
      [5.5059907061e-06, 0.926708244, 0.045200970523, 0.0076001089612, 0.020485170529],
      [0.021980370686, 0.085968989478, 0.8480017081, 0.023809739931, 0.020239191809],
      [0.0033531511963, 0.0015430488138, 0.010525604311, 0.98038215661, 0.0041960390665],
      [0.056591730786, 0.052516708072, 0.43852297257, 0.31525909482, 0.13710949375],
      [0.02102113282, 0.22429855902, 0.2998308333, 0.25682758243, 0.19802189243]
    ],
    [
      [0.23143743299, 0.0086403103386, 0.082090431415, 0.67540009603, 0.0024317292273],
      [5.2805973497e-06, 0.9347109302, 0.04444177432, 0.0076876565022, 0.013154358379],
      [0.021585523369, 0.091219178248, 0.84916894415, 0.024697882032, 0.013328472198],
      [0.0032920450715, 0.0018051313022, 0.0021662725504, 0.99119630292, 0.0015402481515],
      [0.057251670295, 0.057599970351, 0.45507624747, 0.33732216424, 0.092749947646],
      [0.021620821626, 0.2482101079, 0.31592852705, 0.27876712529, 0.13547341814]
    ],
    [
      [0.27587652162, 0.0069605098981, 0.058909215305, 0.65305110626, 0.0052026469141],
      [7.0703569818e-06, 0.92124347943, 0.037164263151, 0.0086422172519, 0.032942969805],
      [0.03193119507, 0.004356101934, 0.67653825627, 0.25044588619, 0.036728560533],
      [0.0038160082161, 0, 0, 0.99187953222, 0.0043044595629],
      [0.068197525414, 0.047780562209, 0.34008831724, 0.33458123733, 0.20935235781],
      [0.02427211395, 0.1970039667, 0.22280091762, 0.26213708528, 0.29378591646]
    ],
    [
      [0.29578607189, 0.0082177488271, 0.065070859606, 0.62768516787, 0.0032401518007],
      [6.8187512182e-06, 0.9386708439, 0.036050813017, 0.007306699617, 0.017964824718],
      [0.032667364248, 0.10422368503, 0.75187235989, 0.089933420268, 0.02130317057],
      [0.005826399796, 0.0016334731521, 0, 0.98981595877, 0.0027241682824],
      [0.078116084121, 0.05913779623, 0.39053885843, 0.33775491339, 0.13445234783],
      [0.028500562925, 0.24817654658, 0.26209012768, 0.27023118607, 0.19100157675]
    ],
    [
      [0.33767763076, 0.0083064958222, 0.063034047607, 0.58933162394, 0.0016502018642],
      [8.1801463021e-06, 0.94732886671, 0.036114217158, 0.007100816229, 0.009447919756],
      [0.039361188907, 0.10924973411, 0.75144434032, 0.088672065269, 0.011272671397],
      [0.0081631501047, 0.0094583672354, 0, 0.98135175266, 0.0010267299969],
      [0.098970406193, 0.065442375034, 0.41319793334, 0.34795306597, 0.07443621947],
      [0.03730926825, 0.28114549075, 0.28615331902, 0.28689349275, 0.10849842923]
    ],
    [
      [0.49853412629, 0.0044716771747, 0.045493575034, 0.45073047761, 0.00077014389112],
      [1.8222908174e-05, 0.94252076227, 0.041687641464, 0.0086776662479, 0.0070957071078],
      [0.072503424836, 0.010171729256, 0.81522304925, 0.095146120681, 0.006955675981],
      [0.019268829679, 0, 0, 0.98025782755, 0.00047334276941],
      [0.21366601865, 0, 0.33354621318, 0.40685969263, 0.045928075539],
      [0.075573918016, 0.22637695661, 0.30365290149, 0.31726468554, 0.077131538342]
    ],
    [
      [0.33775787551, 0, 0.073232316667, 0.58760802949, 0.0014017783321],
      [1.4588441504e-05, 0.50803527761, 0.078270899046, 0.39857360226, 0.015105632637],
      [0.033325506387, 0.044789677165, 0.88996363278, 0.023408232208, 0.0085129514634],
      [0.0091711025246, 0, 0.0021927976291, 0.98794134033, 0.00069475951772],
      [0.092769241959, 0.029378946787, 0.47936349902, 0.33382176209, 0.064666550149],
      [0.040186734851, 0.14863878608, 0.38044415066, 0.31865172432, 0.11207860409]
    ],
    [
      [0.44377101797, 0.0080056906961, 0.047036513799, 0.49248575759, 0.0087010199478],
      [9.225378897e-06, 0.92444829087, 0.024489575475, 0.0053856333611, 0.045667274918],
      [0.055290025954, 0.11975199315, 0.73230317296, 0.025218963476, 0.067435844454],
      [0.017540202562, 0.015194428455, 0.0050687386041, 0.94179189766, 0.020404732714],
      [0.10299238261, 0.052433809772, 0.26292020934, 0.24015558887, 0.34149800941],
      [0.033241168311, 0.19857079372, 0.15568517301, 0.17114250528, 0.44136035967]
    ],
    [
      [0, 0, 0.0030861318594, 0.99691386814, 0],
      [0, -0, 0.84016940184, 0.15983059816, 0],
      [0, 0, 0.99382773628, 0.0061722637189, 0],
      [0, 0, 0, 1, 0],
      [0, 0, 0.65555364634, 0.34444635366, -0],
      [0, -0, 0.57154117838, 0.42845882162, -0]
    ],
    [
      [0.2808488522, 0.011018586268, 0.067545775544, 0.63770620389, 0.0028805820962],
      [0, 0.98153046102, 0, 0.0058682978743, 0.012601241105],
      [0.027639692524, 0.20376574808, 0.72412560159, 0.026513212163, 0.017955745643],
      [0, 0.10727127114, 0, 0.89272491136, 3.8175035164e-06],
      [0.073433340335, 0.077662139262, 0.39589177933, 0.33688764517, 0.1161250959],
      [0.025567511954, 0.30786586333, 0.25350255631, 0.25672437175, 0.15633969666]
    ],
    [
      [7.7037197775e-33, 0, 0.11940760507, 0.88059239493, 0],
      [0, 0, 0.86654157788, 0.13345842212, 0],
      [9.1716237011e-32, 0, 0.83016787847, 0.16983212153, 0],
      [0, 0, 0, 1, 0],
      [0, 0, 0.62205477267, 0.37794522733, 0],
      [0, 0, 0.57298960709, 0.42701039291, 0]
    ],
    [
      [0.41326077516, 0, 0.050842431266, 0.52933544403, 0.0065613495455],
      [3.1739998704e-05, 0.44797664099, 0.09853940627, 0.32530082158, 0.12815139116],
      [0.055539814645, 0, 0.72516150072, 0.16408554986, 0.055213134776],
      [0.015014477391, 0, 0, 0.97634649704, 0.008639025565],
      [0.11711240506, 0, 0.31128423638, 0.28477172035, 0.28683163821],
      [0.040764221907, 0.05202335901, 0.22118129989, 0.2422768886, 0.44375423058]
    ],
    [
      [0.37483927537, 0.005961776989, 0.077883749871, 0.5388267902, 0.002488407569],
      [1.1698461928e-05, 0.91446913042, 0.058366814915, 0.0084831857901, 0.018669170409],
      [0.036536131733, 0.0151103366, 0.91099387175, 0.020795663202, 0.016563996712],
      [0.014321345984, 0, 0.018737627027, 0.96315806711, 0.0037829598788],
      [0.098728535675, 0.042748938832, 0.46640565721, 0.28897241095, 0.10314445733],
      [0.039765855635, 0.19775477762, 0.34537135939, 0.25520008072, 0.16190792664]
    ],
    [
      [0.23202676932, 0.0093900717054, 0.074940443983, 0.68092942517, 0.0027132898188],
      [4.7784224124e-06, 0.94254587685, 0.036988458773, 0.0070626931758, 0.013398192778],
      [0.022766179007, 0.1054124393, 0.78623263343, 0.069783681516, 0.015805066748],
      [0.0028110718078, 0.0062214506579, 0, 0.98917979209, 0.0017876854411],
      [0.058083499521, 0.063878267813, 0.42510295012, 0.34662554465, 0.1063097379],
      [0.021155354942, 0.26680636652, 0.28474828924, 0.27672890972, 0.15056107958]
    ],
    [
      [0.32649725294, 0.0072525979891, 0.09425789289, 0.57082787727, 0.0011643789157],
      [7.1984958711e-06, 0.93427939652, 0.052529725922, 0.0066548673363, 0.0065288117301],
      [0.024824369339, 0.066941300298, 0.8847750047, 0.017916794838, 0.0055425308256],
      [0.0077284788691, 0.0019500496415, 0.039797718264, 0.94899575233, 0.0015280008973],
      [0.077753661347, 0.049144562718, 0.53938811179, 0.28700420177, 0.046709462375],
      [0.031425307804, 0.23508726477, 0.40179554217, 0.25639209078, 0.075299794472]
    ],
    [
      [2.3111159333e-32, 0.012981817454, 0.13642784952, 0.84383876146, 0.0067515715591],
      [0, 0.96034168087, 0.024476837399, 0.0027238109674, 0.01245767076],
      [1.8488927466e-32, 0.073826332395, 0.91672883914, 0, 0.009444828463],
      [0, 0.11140077524, 0.22389895833, 0.65891028498, 0.0057899814524],
      [0, 0.054968145261, 0.51187580721, 0.24137542464, 0.19178062289],
      [0, 0.23622983174, 0.30867963229, 0.17643300416, 0.2786575318]
    ],
    [
      [1.8951150653e-31, 0, 0.10172386026, 0.89827613974, 0],
      [0, 0, 0.84556876146, 0.15443123854, 0],
      [7.426917071e-33, 0, 0.71232977182, 0.28767022818, 0],
      [0, 0, 0, 1, 0],
      [0, 0, 0.57189429154, 0.42810570846, 0],
      [0, 0, 0.52452505724, 0.47547494276, 0]
    ],
    [
      [0, 0, 0.12945393984, 0.87054606016, 0],
      [0, 0, 0.87900620053, 0.12099379947, 0],
      [0, 0, 0.9853316144, 0.014668385603, 0],
      [1.1903443508e-18, 0, 0, 1, 0],
      [0, 0, 0.37855406169, 0.62144593831, 0],
      [0, 0, 0.61183137759, 0.38816862241, 0]
    ],
    [
      [0.10586606609, 0.0029574678163, 0, 0.88563188894, 0.0055445771518],
      [1.1451094072e-06, 0.96417577508, 0.018874273163, 0.0038061356873, 0.01314267096],
      [0.010416257904, 0.07268700633, 0.84924422568, 0.038279831575, 0.029372678507],
      [0, 0, 0, 0.99799517519, 0.0020048248082],
      [0.025309982245, 0.040353575631, 0.39970486464, 0.33527350522, 0.19935807226],
      [0.0088538563109, 0.18801365156, 0.25735636772, 0.25988193778, 0.28589418663]
    ],
    [
      [0.38399275265, 0.0071197829846, 0.073475004628, 0.53337097195, 0.0020414877897],
      [1.016985562e-05, 0.93335165308, 0.046577278133, 0.0070992541952, 0.012961644736],
      [0.039095648064, 0.082963795475, 0.84417242093, 0.021429261228, 0.012338874299],
      [0.014908995764, 0.0042499700459, 0.026129439189, 0.95156026165, 0.0031513333527],
      [0.10529470028, 0.053048011631, 0.45640068145, 0.29701619393, 0.088240412717],
      [0.041297975148, 0.23929033728, 0.32906707776, 0.25527158003, 0.13507302978]
    ],
    [
      [0.38063792012, 0.0057834705111, 0.06748619528, 0.54195795798, 0.0041344561126],
      [1.2477253191e-05, 0.90632360681, 0.052584766032, 0.0088751223608, 0.032204027548],
      [0.043547841493, 0.044213979913, 0.85640198953, 0.024076565467, 0.0317596236],
      [0.014762758855, 0, 0.0072381187531, 0.97175663998, 0.0062424824091],
      [0.10049861232, 0.041218881813, 0.39999475157, 0.28923014476, 0.16905760955],
      [0.038725739049, 0.18151415206, 0.28339170215, 0.24395665962, 0.25241174712]
    ],
    [
      [0.46773102277, 0.0063172719702, 0.058499543994, 0.46574543867, 0.0017067225965],
      [1.4752609251e-05, 0.93634957357, 0.043620003985, 0.0073029361508, 0.012712733684],
      [0.05907071698, 0.08996985855, 0.81534565463, 0.022991131328, 0.012622638509],
      [0.026707655782, 0.0033462848417, 0.012556116143, 0.95476230464, 0.0026276385976],
      [0.14877816669, 0.053991256959, 0.41555384733, 0.29832691855, 0.083349810479],
      [0.059465923331, 0.24584877347, 0.30522899628, 0.26077978654, 0.12867652038]
    ],
    [
      [0.40197514264, 0.0071627050465, 0.069597433869, 0.51876589506, 0.0024988233884],
      [1.0654181721e-05, 0.93269691243, 0.044400041268, 0.0069463942358, 0.015945997883],
      [0.042648814494, 0.087298893935, 0.83243374097, 0.021821051965, 0.015797498639],
      [0.016062219115, 0.006899042053, 0.031865480595, 0.94089216681, 0.0042810914239],
      [0.11086670317, 0.053857928956, 0.43540512151, 0.29169363609, 0.10817661028],
      [0.042774656384, 0.23862659267, 0.30938465386, 0.24682850997, 0.16238558712]
    ],
    [
      [0.36248196265, 0.0066274530663, 0.069891694991, 0.55876662837, 0.0022322609272],
      [1.0751306653e-05, 0.92703434224, 0.049055199887, 0.0082454501108, 0.015654256453],
      [0.039452710998, 0.061047920557, 0.84302907375, 0.042227090639, 0.014243204056],
      [0.012630824626, 0, 0.009697531458, 0.97532743164, 0.0023442122803],
      [0.10145937661, 0.049885781019, 0.43739376864, 0.3151432298, 0.096117843937],
      [0.040026478612, 0.22435219099, 0.31710409762, 0.27194385543, 0.14657337734]
    ],
    [
      [0.38364826846, 0.0078658297228, 0.066539086996, 0.53871292783, 0.0032338869941],
      [9.62573934e-06, 0.93438686683, 0.039620759677, 0.0067436030443, 0.019239144712],
      [0.042395094898, 0.098393351213, 0.81486542428, 0.023342732235, 0.021003397373],
      [0.013948618851, 0.01291912269, 0.012702763735, 0.95453843033, 0.0058910643958],
      [0.10446444778, 0.057722339436, 0.40590000705, 0.29618783445, 0.13572537127],
      [0.038946232256, 0.24549071047, 0.27823976191, 0.24165043489, 0.19567286047]
    ],
    [
      [0.23424159028, 0, 0.060002684232, 0.7010983255, 0.0046573999825],
      [6.7702690978e-06, 0.91508375749, 0.042013600567, 0.010223785115, 0.032672086556],
      [0.027706584556, 0, 0.82149106721, 0.1177371576, 0.033065190637],
      [0.0027035051821, 0, 0, 0.99560128877, 0.00169520605],
      [0.059311586446, 0, 0.2210304722, 0.53224943371, 0.18740850765],
      [0.021772152395, 0.17642461826, 0.23582920021, 0.29706287959, 0.26891114955]
    ],
    [
      [0.41504728122, 0.0067264708484, 0.060081361296, 0.51632132556, 0.0018235610797],
      [1.2120263685e-05, 0.93825104701, 0.041598233743, 0.0075180429538, 0.012620556031],
      [0.050804612196, 0.093214119459, 0.81809827249, 0.024769124882, 0.013113870969],
      [0.017260352897, 0.0013718463369, 0.0026694096596, 0.97646086082, 0.0022375302825],
      [0.12700869714, 0.055466178831, 0.41248191838, 0.31886850322, 0.086174702424],
      [0.04980965314, 0.2485628696, 0.29717124794, 0.27363002292, 0.1308262064]
    ],
    [
      [0.2555885764, 0.0064658964142, 0.087928465525, 0.64519710943, 0.0048199522252],
      [7.0543022937e-06, 0.89947484245, 0.059022721639, 0.0090918888934, 0.032403492715],
      [0.02202115408, 0.039529634581, 0.88804207064, 0.022247371351, 0.028159769351],
      [0.0057804788241, 0, 0.020778580189, 0.96730015051, 0.006140790481],
      [0.056275824248, 0.039142448415, 0.44346633344, 0.29186886114, 0.16924653277],
      [0.021406740979, 0.17176294517, 0.31098502188, 0.24392450601, 0.25192078596]
    ],
    [
      [0.2843277923, 0.0084283040666, 0.080095650136, 0.62168348848, 0.0054647650215],
      [5.7613058512e-06, 0.92526947075, 0.040460817588, 0.0065671835903, 0.027696766761],
      [0.025145732546, 0.088855196632, 0.83378310879, 0.022411386018, 0.029804576014],
      [0.0055169733156, 0.0081304223847, 0.026934021924, 0.94896093968, 0.010457642692],
      [0.061913862637, 0.051510686386, 0.40820181611, 0.28276502699, 0.19560860788],
