{
  "Z_true": {},
  "V_true": [
    [20, 16, 24, 2053, 293, 38],
    [47, 1491, 898, 382, 357, 32],
    [159, 461, 3472, 742, 134, 131],
    [188, 525, 175, 3873, 18649, 386],
    [1012, 90, 465, 750, 280, 69],
    [50, 111, 136, 231, 540, 163]
  ],
  "p_true": [
    [0.0082, 0.0065, 0.0098, 0.84, 0.1199, 0.0155],
    [0.0147, 0.4649, 0.28, 0.1191, 0.1113, 0.01],
    [0.0312, 0.0904, 0.6809, 0.1455, 0.0263, 0.0257],
    [0.0079, 0.0221, 0.0074, 0.1628, 0.7837, 0.0162],
    [0.3796, 0.0338, 0.1744, 0.2813, 0.105, 0.0259],
    [0.0406, 0.0902, 0.1105, 0.1877, 0.4387, 0.1324]
  ],
  "Z_est": [
    [
      [1.9809, 0.2113, 6.6347, 4.923, 3.809, 3.2349, 3.0844, 0, 7.4873, 5.0453, 7.9719, 8.0609, 20.233, 7.1185, 1.2919, 4.4951, 3.7554, 14.2475, 5.6731, 2.2085, 8.6432, 19.4937, 7.9513, 8.7086, 3.8584, 2.5941, 1.0128, 16.9341, 9.7603, 18.7212, 11.002, 2.9083, 0.6916, 0, 60.1748, 3.9405, 14.4427, 1.1954],
      [0.0626, 0.0039, 0.2482, 0.1568, 0.1632, 0.0161, 0.0819, 0, 0.1939, 0.1842, 0.2491, 0.1709, 0.6724, 0.1682, 0.0809, 0.0847, 0.1868, 0.3788, 0.2092, 0.0581, 0.3314, 0.4968, 0.2081, 0.3753, 0.1388, 0.0882, 0.0532, 0.2204, 0.1702, 0.1967, 0.4171, 0.0823, 0.0511, 0, 1.1722, 0.0917, 0.7798, 0.0287],
      [0.9308, 0.0794, 2.3342, 2.8018, 1.5246, 0.6131, 1.6319, 0, 3.452, 2.326, 2.8109, 3.3299, 7.8827, 3.0715, 0.7622, 1.6214, 1.8503, 5.184, 2.4598, 0.6726, 2.8675, 6.0653, 3.0387, 4.2941, 1.8243, 0.831, 0.5684, 4.4956, 2.667, 2.0607, 4.7939, 1.2145, 0.4214, 0, 19.4144, 1.2629, 6.6805, 0.5318],
      [16.0657, 2.9641, 42.8527, 43.9532, 34.8382, 8.7433, 10.8774, 0, 64.8879, 52.7394, 26.8192, 50.3469, 101.2689, 40.9347, 16.1441, 18.7098, 19.151, 104.1018, 51.9355, 16.4716, 61.5308, 79.8494, 42.9858, 96.4233, 40.7481, 20.4901, 8.7394, 40.2929, 51.2085, 28.7715, 82.3474, 15.2857, 1.4699, 0, 216.0733, 9.4254, 66.3213, 2.7],
      [3.6018, 0.6411, 10.4492, 9.3131, 8.2392, 1.8521, 2.3317, 0, 10.398, 8.4631, 8.1806, 10.7813, 21.0285, 10.7812, 4.0261, 5.2384, 4.7213, 16.7836, 10.0039, 3.6753, 12.0861, 17.1087, 8.4733, 14.5489, 5.2456, 4.2204, 2.2625, 10.2721, 10.3488, 5.5847, 13.5896, 4.8834, 0.8694, 0, 59.8772, 3.4491, 16.319, 1.218],
      [1.3583, 0.1002, 2.4809, 2.852, 1.4257, 0.5405, 0.9927, 0, 2.5809, 1.242, 1.9684, 3.3102, 4.9146, 4.9259, 0.6948, 0.8507, 1.3352, 4.3043, 1.7186, 0.9138, 3.541, 4.9861, 2.3429, 3.6498, 1.1848, 0.7763, 0.3637, 2.7848, 3.8452, 1.6652, 3.8501, 0.6257, 0.4966, 0, 18.2881, 0.8304, 6.4567, 0.3262]
    ],
    [
      [0.5663, 0.1857, 2.7874, 1.1914, 1.1574, 1.7006, 2.5447, 0, 2.1209, 1.7719, 4.1322, 1.8897, 4.9708, 2.8896, 0.3188, 1.7404, 1.9387, 2.7245, 2.183, 0.5895, 3.1449, 3.0331, 1.9068, 3.492, 1.3993, 0.8228, 0.5299, 7.2185, 3.0099, 5.9995, 3.0722, 0.7154, 0.0017, 0.0308, 16.1509, 1.8051, 4.5073, 0.9852],
      [13.9681, 4.7464, 77.5321, 29.6705, 36.9969, 9.2541, 42.8234, 1.2058, 42.3687, 48.0002, 97.4683, 31.8205, 124.8541, 52.4708, 15.3933, 25.2604, 75.3884, 53.8306, 60.1358, 12.329, 89.1395, 58.128, 37.2622, 110.9748, 36.76, 21.1051, 21.8439, 68.9537, 41.8449, 42.7042, 86.9313, 15.733, 1.7318, 1.7216, 234.0367, 31.6307, 192.2799, 19.2789],
      [6.9647, 1.9044, 25.3948, 17.6629, 12.0256, 8.624, 33.2038, 0.7554, 25.2319, 21.0387, 37.7289, 20.1967, 49.8769, 32.0801, 4.9619, 16.3929, 24.8584, 25.5297, 24.5143, 4.7546, 27.0414, 24.4237, 18.9246, 44.8132, 17.034, 6.9206, 7.912, 50.336, 21.3269, 17.4851, 34.5835, 7.8768, 0.2193, 0.1992, 134.1781, 15.0381, 53.7589, 12.3222],
      [0.2779, 0.1311, 1.0838, 0.6507, 0.6408, 0.295, 0.3821, 0, 1.0739, 1.0704, 0.5957, 0.714, 1.5127, 1.0039, 0.2446, 0.4222, 0.5489, 1.1622, 1.1965, 0.2643, 1.3417, 0.7534, 0.6157, 2.1683, 0.7903, 0.3872, 0.2718, 1.0115, 0.9563, 0.7325, 1.3357, 0.2113, 0, 0.0036, 3.3381, 0.1006, 1.2028, 0],
      [2.045, 0.9744, 8.7153, 4.5015, 4.9778, 1.9809, 3.5795, 0.0388, 5.8635, 5.9386, 8.5781, 5.0191, 10.2452, 8.6977, 1.999, 4.035, 4.896, 6.3707, 7.6712, 1.9483, 8.7321, 5.2968, 4.0225, 11.8494, 3.818, 2.6477, 2.3488, 8.9023, 6.3294, 3.7882, 7.5722, 2.3939, 0.0418, 0.0448, 32.0252, 3.2338, 10.3425, 2.2617],
      [0.178, 0.0581, 0.4867, 0.3231, 0.2015, 0.1454, 0.4666, 0, 0.3411, 0.1801, 0.4968, 0.36, 0.5403, 0.8579, 0.0823, 0.1491, 0.3696, 0.3823, 0.2992, 0.1143, 0.6003, 0.365, 0.2682, 0.7023, 0.1985, 0.1166, 0.0936, 0.5781, 0.5326, 0.2906, 0.505, 0.0695, 0.0054, 0, 2.2709, 0.1916, 0.9087, 0.152]
    ],
    [
      [1.1279, 0.1229, 5.6609, 2.2044, 5.0387, 1.91, 3.6584, 0, 5.9121, 4.9178, 5.5268, 6.493, 17.8177, 6.1636, 0.026, 1.88, 2.9994, 9.1341, 5.0616, 0.9833, 6.2624, 12.4489, 4.263, 6.9222, 4.3388, 1.5303, 0.6343, 9.9216, 5.9129, 3.3247, 9.8926, 0.8959, 0.4737, 0.8325, 53.9538, 7.2029, 12.8453, 1.2125],
      [1.1907, 0.1179, 6.9444, 4.2753, 7.0738, 1.2905, 2.9224, 0.0221, 5.1883, 5.9993, 5.7464, 4.7628, 19.738, 4.9054, 4.006, 1.1873, 5.0698, 7.9546, 6.1368, 0.8705, 7.834, 10.5026, 3.6422, 14.7486, 5.019, 1.6833, 1.1083, 6.3776, 3.5795, 13.9238, 12.3629, 0.8448, 1.0815, 1.2211, 34.7433, 5.532, 23.9133, 0.9752],
      [16.0971, 1.4974, 59.8363, 53.5109, 60.7815, 16.395, 56.6676, 0.9618, 81.6974, 68.6211, 58.6049, 80.4733, 207.3025, 79.318, 23.8121, 20.5677, 44.574, 99.2139, 65.8818, 9.1962, 62.4834, 116.341, 49.0772, 133.8155, 61.3726, 14.9399, 10.9514, 92.2717, 48.5339, 46.6544, 129.1654, 11.4892, 7.1837, 6.2599, 520.1121, 69.6213, 177.6442, 16.7795],
      [7.6289, 1.3187, 30.5745, 23.3687, 38.6304, 6.37, 10.2301, 0, 42.8371, 43.5233, 15.4534, 33.9162, 74.5314, 29.5811, 13.9283, 6.5278, 12.7453, 55.634, 38.814, 6.1122, 37.2634, 42.784, 19.2062, 84.1147, 38.0433, 10.0509, 4.5432, 23.0406, 25.8818, 18.6719, 61.9087, 3.9277, 0.1418, 1.4491, 161.7127, 13.6627, 49.2962, 2.1965],
      [4.3331, 0.7509, 18.8407, 12.5146, 23.091, 3.4251, 5.5987, 0.0161, 17.4679, 17.8067, 12.0537, 18.3546, 39.0821, 19.7477, 8.7908, 4.6339, 7.9925, 22.7661, 18.9231, 3.4578, 18.5038, 23.1454, 9.5753, 32.4836, 12.7105, 5.2488, 2.9892, 14.9414, 13.2325, 9.1025, 25.9617, 3.1876, 1.1933, 1.2375, 114.1473, 13.781, 30.9618, 2.698],
      [2.6223, 0.1923, 7.1432, 6.1262, 6.3845, 1.6092, 3.9227, 0, 6.8973, 4.1318, 4.6148, 9.0001, 14.5282, 14.2841, 2.4368, 1.2033, 3.619, 9.2973, 5.1827, 1.38, 8.653, 10.7781, 4.2361, 12.9153, 4.5157, 1.5468, 0.7736, 6.4472, 7.8595, 4.3228, 11.7087, 0.6548, 0.926, 0, 55.3308, 5.2001, 19.3391, 1.1383]
    ],
    [
      [0.1592, 0.237, 1.2552, 0, 0.0243, 0, 0.9805, 0, 0.2099, 0, 1.222, 0.8506, 2.208, 1.3062, 0, 0.8368, 0.3658, 1.601, 0.0404, 0.5558, 1.389, 0.8589, 0.7461, 0, 0.1113, 0.5162, 0.0159, 0, 0.8177, 0, 0.7767, 0.6292, 0.3032, 0, 4.7541, 0.6511, 2.077, 0.8532],
      [3.8223, 0.0788, 19.3875, 5.9942, 12.178, 0, 4.5052, 0.6939, 10.11, 10.3791, 14.3331, 7.6986, 26.9291, 8.9906, 3.8782, 4.7218, 8.3563, 16.2692, 12.7099, 3.3652, 20.7188, 15.1375, 6.2908, 18.2875, 8.7473, 4.2698, 3.5715, 10.3303, 4.4303, 0, 21.9016, 3.6832, 0.7232, 0.3688, 54.0922, 6.875, 43.564, 3.8562],
      [3.7057, 0.0869, 9.7163, 8.1947, 5.9361, 2.2047, 3.9235, 0.6696, 12.264, 9.9464, 10.5363, 9.677, 19.5174, 12.409, 3.1617, 5.7124, 5.2857, 14.3321, 9.7641, 1.8643, 9.25, 11.4134, 5.4009, 16.8433, 8.5867, 1.8589, 2.3695, 15.3335, 4.1326, 9.1957, 16.1094, 3.5128, 0.6495, 0.5885, 58.4061, 6.8627, 27.2265, 3.9161],
      [59.9606, 6.1359, 197.6943, 119.7254, 152.3345, 27.9081, 33.0822, 0, 203.1392, 173.9709, 90.0604, 143.5248, 246.7406, 138.2021, 59.2831, 63.2233, 52.8949, 263.7833, 187.4946, 58.3781, 227.8266, 146.7157, 78.0223, 302.1342, 144.8079, 58.0572, 34.339, 126.1735, 79.8509, 89.4652, 256.9052, 39.2775, 0.1641, 2.4072, 590.9637, 35.1174, 246.075, 14.0608],
      [234.0181, 24.9852, 839.6814, 439.8757, 626.173, 102.5754, 126.4924, 12.6365, 578.7713, 498.5706, 502.8866, 534.2834, 889.235, 634.2947, 256.9673, 314.261, 229.8241, 755.0503, 632.4703, 227.7694, 780.7823, 546.8457, 269.0575, 818.0142, 342.5691, 209.9262, 156.7798, 566.1159, 281.1535, 288.8718, 747.6745, 229.264, 13.8918, 14.6355, 2908.9278, 265.0854, 1062.4745, 160.5351],
      [2.3341, 0.4761, 6.2654, 4.2099, 3.354, 1.3117, 2.0162, 0, 4.5056, 0.133, 3.9616, 4.9655, 5.37, 3.7975, 1.7098, 1.2447, 2.2733, 5.9641, 2.5208, 2.0672, 7.0332, 5.0288, 2.4823, 6.7209, 2.1777, 1.3716, 0.9242, 5.0467, 2.6151, 3.4673, 6.6327, 0.6333, 0.2682, 0, 25.8561, 2.4084, 11.583, 1.7786]
    ],
    [
      [3.6889, 0.2139, 16.4501, 9.2651, 12.4058, 8.1224, 9.3266, 0, 25.0444, 14.6683, 14.054, 22.6521, 59.6628, 23.6186, 5.2146, 10.4486, 12.3479, 36.8462, 17.3013, 2.4417, 18.3432, 43.5808, 14.177, 24.5655, 9.7008, 5.1365, 1.6822, 35.3259, 16.6944, 39.0267, 31.9131, 2.4825, 1.455, 4.9263, 179.2975, 18.8651, 28.7941, 2.1792],
      [0.0294, 0.0013, 0.1573, 0.0749, 0.1359, 0.0051, 0.0871, 0, 0.1624, 0.1367, 0.1112, 0.1166, 0.4968, 0.1362, 0.0837, 0.0493, 0.1472, 0.2507, 0.163, 0.0162, 0.1795, 0.2833, 0.0949, 0.2708, 0.0889, 0.0439, 0.0222, 0.1234, 0.0739, 0.1283, 0.3095, 0.0177, 0.011, 0.124, 0.8887, 0.119, 0.3751, 0.0135],
      [5.5494, 0.2444, 18.6178, 16.8932, 15.9642, 4.8236, 15.9641, 0, 36.9922, 21.5324, 15.8947, 30.0852, 74.7899, 32.6686, 9.8348, 12.0869, 19.5568, 43.0197, 24.0496, 2.3742, 19.6212, 43.5633, 17.4583, 38.5569, 14.5736, 5.2926, 3.0159, 30.0463, 14.6714, 13.1999, 44.6398, 3.3136, 2.8135, 3.1609, 185.8981, 19.3537, 42.7837, 3.0869],
      [3.5039, 0.2947, 12.6346, 9.8022, 13.4697, 2.5266, 3.8554, 0, 25.7861, 18.1847, 5.5928, 16.8412, 35.6874, 16.1816, 7.6477, 5.1096, 7.4421, 32.0597, 18.824, 2.1064, 15.5406, 21.2758, 9.0869, 32.3074, 12.1042, 4.7417, 1.6717, 9.9751, 10.3977, 7.1537, 28.4498, 1.5162, 0.201, 0.9731, 76.8226, 5.184, 15.7812, 0.5584],
      [1.9297, 0.1631, 7.5469, 5.0898, 7.8049, 1.3169, 2.0375, 0, 10.1632, 7.1605, 4.1978, 8.8353, 18.1424, 10.4607, 4.6807, 3.5163, 4.5152, 12.6899, 8.8877, 1.155, 7.4776, 11.1611, 4.3937, 11.9604, 3.8261, 2.3999, 1.066, 6.257, 5.151, 3.3778, 11.5237, 1.1895, 0.56, 0.8157, 52.4035, 4.8661, 9.5296, 0.6315],
      [2.2986, 0.0825, 5.5932, 4.8747, 4.2195, 1.2054, 2.7294, 0, 7.8518, 3.3174, 3.1494, 8.4695, 13.2206, 14.9343, 2.5384, 1.7891, 3.9909, 10.1338, 4.7745, 0.9065, 6.8378, 10.1357, 3.7892, 9.3391, 2.7064, 1.3854, 0.542, 5.2724, 6.0115, 3.1136, 10.1642, 0.4805, 0.9596, 0, 49.6896, 3.6121, 11.7362, 0.5306]
    ],
    [
      [0.4769, 0.0291, 1.2116, 0.416, 0.5647, 1.0321, 0.4054, 0, 1.2254, 0.5967, 1.0932, 1.0537, 2.1077, 0.9034, 0.1488, 0.5991, 0.5929, 1.4467, 0.7406, 0.2211, 1.2172, 1.5847, 0.9557, 1.3117, 0.5914, 0.4001, 0.125, 2.6, 0.8049, 1.9279, 1.3434, 0.3687, 0.0748, 0.2104, 7.6689, 0.5354, 2.3336, 0.5745],
      [0.9269, 0.0516, 2.7305, 0.8282, 1.4523, 0.4342, 0.58, 0.0783, 1.9768, 1.3004, 2.0919, 1.4305, 4.3096, 1.3289, 0.5579, 0.6965, 1.8515, 2.3161, 1.6454, 0.361, 2.7967, 2.4518, 1.5019, 3.3431, 1.2461, 0.8097, 0.4008, 1.9946, 0.9012, 1.047, 3.0777, 0.639, 0.4014, 0.5645, 9.0668, 0.7515, 8.0879, 0.8475],
      [3.7522, 0.1876, 7.1006, 3.9366, 3.7679, 3.3395, 3.6091, 0.6131, 9.3625, 4.5354, 6.4243, 7.2379, 13.6306, 6.4529, 1.4673, 3.6187, 4.8748, 8.7206, 5.3304, 1.1381, 6.7365, 8.1933, 6.1003, 10.677, 4.6088, 2.157, 1.1827, 11.517, 3.6682, 3.4043, 9.708, 2.593, 0.7126, 0.7916, 40.9911, 2.8613, 17.9062, 4.3635],
      [1.563, 0.1555, 3.1601, 1.4999, 2.0863, 1.1569, 0.5728, 0, 4.2758, 2.5113, 1.4784, 2.657, 4.2591, 2.0965, 0.7522, 1.0072, 1.2177, 4.2591, 2.7355, 0.6674, 3.4969, 2.6218, 2.0831, 5.852, 2.5062, 1.2729, 0.4349, 2.5064, 1.7047, 1.2053, 4.0532, 0.7816, 0.0233, 0.167, 11.0897, 0.5099, 4.3235, 0.4843],
      [14.0724, 1.4853, 30.7665, 12.7053, 19.7141, 9.8496, 4.9602, 0.3086, 27.3361, 16.0605, 18.1032, 22.7263, 35.2667, 22.018, 7.536, 11.3154, 12.0509, 27.3395, 21.0438, 5.9942, 27.4181, 22.4422, 16.4777, 35.1435, 12.8307, 10.557, 4.5537, 25.5112, 13.7849, 9.2752, 26.6783, 10.0815, 1.4437, 2.2665, 122.619, 7.5845, 42.3726, 9.6558],
      [2.2086, 0.0909, 3.0307, 1.6141, 1.4147, 1.1878, 0.8725, 0, 2.8234, 0.9958, 1.809, 2.8947, 3.4263, 4.2003, 0.5379, 0.7631, 1.4121, 2.9181, 1.5043, 0.6182, 3.3346, 2.7063, 1.8813, 3.6726, 1.2169, 0.8033, 0.3029, 2.8708, 2.1361, 1.1404, 3.1394, 0.5362, 0.3443, 0, 15.5645, 0.7575, 6.9763, 1.0744]
    ]
  ],
  "V_est": [
    [303.4994, 8.272, 108.371, 1588.4683, 340.8662, 94.5232],
    [95.2285, 1967.5779, 888.0943, 28.4915, 213.7268, 13.881],
    [229.5068, 244.4953, 2679.7068, 1089.621, 594.7484, 260.9217],
    [26.3523, 401.249, 350.564, 4749.8997, 18123.4264, 144.5086],
    [781.9193, 5.5284, 905.9916, 491.2916, 258.8839, 222.3852],
    [39.4937, 66.8775, 237.2724, 83.2279, 721.3483, 82.7803]
  ],
  "p_est": [
    [0.1242, 0.0034, 0.0443, 0.6499, 0.1395, 0.0387],
    [0.0297, 0.6135, 0.2769, 0.0089, 0.0666, 0.0043],
    [0.045, 0.0479, 0.5255, 0.2137, 0.1166, 0.0512],
    [0.0011, 0.0169, 0.0147, 0.1996, 0.7616, 0.0061],
    [0.2933, 0.0021, 0.3398, 0.1843, 0.0971, 0.0834],
    [0.0321, 0.0543, 0.1927, 0.0676, 0.586, 0.0672]
  ],
  "EI_Z": {},
  "EI_V": 10.2368,
  "MAE_Z": {},
  "MAE_V": 218.6292,
  "MAE_p": 0.0584,
  "runtime": 0.028
}
