{
  "Z_true": {},
  "V_true": [
    [1023, 33, 386, 867, 41],
    [26, 1189, 1477, 280, 77],
    [61, 371, 7214, 196, 174],
    [528, 264, 1139, 16439, 201],
    [244, 192, 1511, 539, 215],
    [38, 107, 320, 216, 275]
  ],
  "p_true": [
    [0.4353, 0.014, 0.1643, 0.3689, 0.0174],
    [0.0085, 0.39, 0.4844, 0.0918, 0.0253],
    [0.0076, 0.0463, 0.9, 0.0245, 0.0217],
    [0.0284, 0.0142, 0.0613, 0.8852, 0.0108],
    [0.0903, 0.0711, 0.5594, 0.1996, 0.0796],
    [0.0397, 0.1119, 0.3347, 0.2259, 0.2877]
  ],
  "Z_est": [
    [
      [7, 0.8432, 1.9492, 2, 1.9997, 2.9996, 4, 0.6148, 4, 2, 1.9999, 3, 7, 3, 5, 0.9988, 3, 4, 5, 5, 4, 4, 3, 1.3932, 3, 8, 2, 4, 4, 4, 1.9982, 0, 3, 3, 1.9781, 2.9989, 1.9993, 5, 7, 3, 0.0459, 4, 3, 2.9406, 1.6316, 2.0024, 3, 10, 0.9752, 0.2656, 1.6625, 2, 2, 2, 1.6606, 0.6715, 1.9943, 0.5065, 2.7328, 1.2821, 40, 4, 7, 3],
      [3, 0.01, 0.0003, 4.2674e-07, 0, 0.0002, 3, 0.0364, 1, 0.0004, 0, 1, 3, 1, 3, 0.0019, 3, 1, 4, 5, 4, 2, 1, 0.179, 1, 7, 1, 1, 1, 2, 0.0002, 0, 4.0971e-06, 2, 0.0024, 0.0008, 0.0001, 1, 4, 1, 0.0231, 1, 0, 0.0176, 0.0685, 1.0017, 1, 3, 0.0047, 0, 0.1768, 2, 1, 4.2459e-08, 0.0299, 0.0726, 0.0019, 0.0803, 0.274, 0, 31, 3, 10, 4],
      [31, 0.0458, 0.9965, 1, 6.0001, 5.0002, 11, 0.1984, 17, 7, 2, 20, 29, 10, 18, 4.0007, 9, 6, 13, 11, 11, 12, 8, 1.1256, 13, 50, 3, 4, 14, 28, 3.0048, 0, 2, 6, 2.0071, 5.0016, 5.0015, 17, 24, 8, 0.7345, 3, 2, 1.9826, 3.6968, 2.0017, 10, 43, 0.0199, 0.1625, 1.179, 4, 2, 2, 1.5285, 1.0955, 1.0001, 0.3835, 0.9439, 1.4162, 213, 15, 29, 6],
      [31, 3.0997, 4.054, 7, 0.0002, 4.9997, 16, 2.1318, 6, 1.9996, 0.0001, 7, 43, 10, 20, 1.9984, 11, 23, 41, 35, 37, 18, 16, 6.2582, 12, 51, 7, 15, 15, 19, 7.9968, 0, 10, 10, 5.9943, 13.9987, 5.9989, 15, 35, 6, 2.1965, 15, 12.9999, 5.0319, 10.6031, 9.9923, 9, 39, 1.997, 1.484, 2.9342, 9, 9, 12, 3.7661, 1.1554, 3.0033, 1.0297, 7.0097, 5.1761, 386, 25, 43, 14],
      [3, 0.0012, 0.0001, 7.4514e-09, 0, 0.0002, 3.176e-22, 0.0185, 1, 1.8512e-06, 0, 1, 2, 4.6514e-10, 1, 0.0002, 1, 2.1605e-16, 1, 1.9195e-15, 1.5161e-28, 1.2626e-18, 6.6283e-08, 0.044, 1, 2, 4.355e-07, 1.5913e-06, 9.1659e-09, 1, 2.8329e-06, 0, 3.3464e-06, 1, 0.0181, 0, 0.0002, 2.5385e-09, 1, 1.1845e-06, 0, 6.972e-06, 0, 0.0272, 0, 0.0019, 1.8572e-08, 2, 0.0032, 0.0879, 0.0476, 1.4003e-09, 2.693e-08, 3.7912e-10, 0.0149, 0.005, 0.0004, 0, 0.0397, 0.1256, 16, 1, 3, 6.3518e-15]
    ],
    [
      [6, 0.0181, 1.944, 1, 0.9999, 0.0002, 4, 0.4699, 2, 1.9998, 0, 2, 4, 3, 3, 1.9981, 5, 2, 6, 4, 4, 4, 2, 0.1737, 2, 9, 1, 2, 3, 2, 1, 0.024, 1, 3, 0.989, 1.0004, 0.9997, 1, 4, 1.5696e-06, 0.0312, 0, 1.0001, 0.0384, 0.7034, 0.9976, 1.1554e-08, 6, 0.0059, 0.0653, 0.2776, 4, 1, 1, 0.2069, 0.608, 0.0052, 0.6556, 0.1404, 0.1406, 39, 4, 11, 4],
      [5, 0.7642, 0.9433, 1, 3.2826e-06, 2.9997, 14, 0.366, 3, 0.9998, 1.9999, 2, 4, 2, 6, 0.0006, 18, 3, 10, 7, 7, 4, 3, 0.4025, 4, 11, 3, 4, 1, 5, 1.0032, 0.0988, 1, 5, 0.0015, 0.9996, 0.0002, 4, 4, 4, 0.3827, 2, 1.9999, 2.9563, 0.5966, 0.9988, 3, 2, 0.9744, 0, 0.3118, 9, 3, 2, 5.8224, 4.6719, 3.9901, 0.4329, 1.619, 0, 33, 12, 27, 11],
      [33, 0.0861, 0.9482, 1, 2, 6.0001, 44, 1.6287, 15, 7.9996, 2.9999, 14, 24, 14, 19, 7.9959, 38, 7, 22, 15, 22, 18, 12, 0.841, 20, 67, 5, 6, 10, 35, 3.0013, 0.1133, 2, 12, 1.0111, 2.0007, 3.0003, 15, 20, 9, 1.5297, 2, 2, 4.9745, 1.2101, 1.001, 8, 23, 0.0121, 0.1344, 0.8768, 16, 2.0001, 2, 9.8464, 5.2826, 2.0008, 1.1178, 0.2884, 0.4889, 216, 42, 75, 22],
      [32, 3.1228, 6.164, 7, 0, 4.9998, 63, 3.4966, 5, 2.0009, 0.0001, 5, 36, 14, 22, 4.0046, 49, 25, 69, 45, 70, 27, 25, 3.5034, 19, 68, 13, 22, 11, 24, 6.9955, 0.7486, 8, 19, 2.9982, 4.9992, 2.9997, 14, 29, 7, 5.0564, 8, 10, 9.0159, 4.4899, 4.0024, 8, 21, 3.0058, 1.7822, 1.5259, 34, 11.9999, 12, 23.1057, 10.4241, 5.0009, 2.7937, 2.9344, 2.356, 391, 68, 110, 47],
      [3, 0.0087, 0.0005, 9.4586e-08, 0.0001, 0.0002, 3, 0.0388, 1.9722e-15, 1.1987e-06, 0.0001, 2.5241e-13, 2, 1, 1, 0.0007, 4, 4.8226e-17, 2, 7.1608e-17, 1, 1, 2.1786e-08, 0.0794, 1, 4, 1.338e-06, 7.2612e-07, 7.3039e-07, 1, 0, 0.0153, 2.1887e-06, 2, 0.0002, 0.0002, 0, 2.5369e-09, 1, 7.4601e-07, 0, 2.809e-06, 8.076e-09, 0.0149, 0, 0.0002, 2.1685e-08, 1, 0.0018, 0.0181, 0.0078, 1, 3.0576e-06, 4.245e-08, 0.0186, 0.0135, 0.003, 0, 0.0178, 0.0146, 16, 4, 9, 2]
    ],
    [
      [20, 0.1647, 1.2227, 9.1215e-07, 4.0001, 2, 7, 0.2895, 18, 4.0002, 3.9998, 12, 16, 6, 13, 1.0009, 6, 3, 6, 4, 5, 7, 2, 0.0588, 7, 21, 1, 2, 10, 13, 0.9985, 0.0226, 1, 6, 0.9993, 1.9996, 3.0007, 8, 11, 3, 0.0696, 1, 1, 0.0167, 0.0568, 0.0054, 4, 24, 0.0121, 0.3851, 1.6494, 1, 1, 1, 0.0217, 0.5331, 0.9988, 0.6555, 0.2008, 0.177, 102, 7, 23, 2],
      [12, 0.011, 0.9429, 3, 6.9999, 3.9997, 21, 0.985, 17, 7.9991, 6, 16, 11, 8, 15, 5.9979, 19, 3, 11, 6, 7, 11, 5, 0.0302, 11, 25, 1, 2, 6, 15, 2.9946, 0.081, 2, 6, 3.942, 2.9998, 2.9999, 7, 12, 6, 0.1701, 1, 1, 0.0118, 1.1032, 1.0012, 5, 13, 0.0231, 0, 0.9825, 6, 2.9999, 2, 1.3967, 3.2721, 1.0014, 0.2357, 0.9605, 0, 86, 19, 51, 7],
      [119, 0.7775, 4.9326, 4, 97.0013, 32.0004, 72, 6.4859, 178, 91.002, 76.0004, 146, 108, 54, 79, 42.0065, 51, 12, 27, 19, 28, 46, 27, 1.2971, 87, 173, 10, 6, 54, 172, 6.0022, 0.2087, 5, 24, 4.9867, 7.0024, 32.001, 67, 64, 40, 3.0704, 3, 3.0001, 3.013, 3.5974, 1.9991, 57, 120, 2.9722, 0.2406, 3.2426, 14, 3.0001, 3, 6.2886, 9.5628, 5.0026, 1.8407, 1.9857, 0.446, 579, 78, 156, 16],
      [116, 2.0382, 12.8976, 15, 6.9994, 25.9998, 101, 14.1841, 65, 26.9991, 9.9998, 51, 154, 53, 88, 20.9975, 62, 41, 81, 51, 85, 68, 49, 2.4498, 81, 173, 17, 18, 57, 120, 15.0013, 0.6594, 15, 36, 14.0706, 21.9977, 32.9979, 60, 90, 30, 7.6899, 10, 12.9999, 5.9531, 7.2426, 5.9938, 50, 109, 8.9811, 1.338, 4.9312, 25, 12.9999, 18, 11.2582, 10.5972, 7.9964, 3.2681, 4.7712, 1.3454, 1047, 123, 226, 33],
      [13, 0.0086, 0.0041, 5.9491e-07, 9.9994, 3.0001, 5, 0.0556, 10, 6.9996, 6.9999, 9, 9, 4, 6, 2.9973, 5, 1, 2, 3.6961e-15, 1, 3, 1.9885e-07, 0.164, 6, 10, 5.9794e-07, 1.4515e-07, 3, 6, 0.0035, 0.0283, 0, 4, 0.0014, 0.0004, 1.0005, 2, 4, 3, 0, 4.6512e-06, 7.7778e-06, 0.0054, 0, 0.0005, 4, 6, 0.0115, 0.0363, 0.1943, 1, 0, 1.6902e-10, 0.0348, 0.0348, 0.0008, 0, 0.0818, 0.0315, 45, 8, 19, 2]
    ],
    [
      [28, 3.8319, 8.8796, 6, 3.0556e-06, 2.0001, 19, 2.1597, 8, 0.9998, 0.0001, 4, 35, 10, 21, 0.0013, 11, 19, 34, 28, 31, 20, 8, 3.3027, 10, 35, 8, 16, 14, 14, 7.003, 0.782, 10, 16, 4.0187, 9.0001, 4, 11, 27, 3, 0.8267, 10, 10.9999, 1.9987, 3.5247, 3.9918, 6, 35, 1.0017, 3.0741, 3.7907, 8, 7.9999, 11, 1.9939, 1.1646, 4.0002, 3.094, 4.888, 2.907, 284, 14, 42, 10],
      [16, 3.1944, 2.0598, 11, 0, 4.0002, 50, 2.1026, 8, 1.0002, 0, 4, 23, 10, 24, 2.9979, 36, 17, 50, 38, 41, 24, 12, 1.3751, 15, 39, 10, 14, 6, 17, 5.0014, 2.3305, 5, 17, 4.0151, 5.9994, 1.9999, 10, 24, 6, 1.3654, 10, 7, 2.0081, 3.1905, 4.9936, 6, 14, 2.9906, 0, 2.3792, 27, 12, 14, 10.7272, 6.6308, 5.0012, 1.2156, 4.9738, 0, 236, 36, 92, 25],
      [161, 4.9288, 17.0633, 32, 8.9995, 34.9994, 182, 22.006, 89, 35.998, 8.9999, 53, 229, 85, 133, 24.9937, 92, 74, 139, 103, 156, 127, 84, 10.0948, 129, 279, 38, 43, 83, 196, 38.9883, 5.1621, 24, 57, 26.977, 39.9943, 48.9982, 87, 151, 44, 19.6735, 21, 30.9998, 15.0232, 14.2885, 9.9952, 78, 176, 19.9266, 4.8138, 9.709, 54, 24.9998, 31, 31.1156, 17.3838, 15.9916, 6.3595, 9.6956, 4.7271, 1607, 149, 273, 52],
      [159, 43.8331, 68.9992, 124, 0.0003, 32.0004, 254, 62.0691, 33, 9.0013, 1.9999, 18, 335, 87, 146, 11.0038, 119, 262, 423, 312, 500, 186, 164, 42.8163, 120, 281, 97, 155, 83, 141, 91.0089, 18.979, 88.0001, 95, 62.9891, 107.0064, 51.0021, 82, 213, 37, 63.1343, 96.0001, 138.0003, 35.9984, 36.9964, 46.0199, 72, 158, 78.1165, 36.4932, 18.493, 117, 95.0002, 171, 85.9664, 27.6385, 32.0064, 17.3309, 57.3934, 28.822, 2905, 237, 404, 118],
      [18, 1.2118, 0.998, 3, 0.0001, 2.9999, 12, 0.6626, 5, 2.0006, 0.0001, 3, 20, 7, 10, 1.0033, 11, 9, 12, 5, 10, 8, 2, 1.4112, 10, 16, 3, 4, 4, 7, 0.9984, 0.7463, 4, 11, 3.0002, 0.9998, 1.9997, 3, 10, 4, 0, 2, 3, 2.9716, 0, 0.9995, 6, 9, 2.9646, 0.6189, 0.6281, 6, 1, 1, 1.1968, 0.1823, 2.0005, 0, 1.0492, 0.5439, 124, 15, 34, 7]
    ],
    [
      [5, 0.1361, 0.0013, 2.165e-07, 0.0001, 0, 3, 0.4661, 3, 0.0002, 0.0001, 2, 4, 3, 5, 0.0008, 2, 1, 2, 2, 2, 2, 2.7286e-07, 0.0525, 1, 6, 1, 2.1946e-06, 2, 4, 1.0002, 0.1714, 0, 3, 0.0138, 0.001, 1.0001, 2, 3, 1, 0.0175, 1, 2.5968e-08, 0.0043, 0.0816, 0.0006, 1, 8, 0.0031, 0.1715, 0.6199, 1.4234e-09, 1.0001, 4.2647e-08, 0.1055, 0.0173, 0.9998, 0.0884, 0.038, 0.4698, 37, 2, 6, 1],
      [3, 0.0155, 0.0531, 1.4572e-07, 0, 0.0002, 8, 0.51, 3, 1.746e-06, 0, 2, 3, 2, 5, 1.0006, 7, 1, 3, 2, 2, 3, 1, 0.0124, 2, 7, 1, 3.5693e-11, 1, 4, 0.0003, 0.4897, 2.8717e-06, 3, 0.0365, 0.0002, 0.9999, 2, 3, 1, 0.0368, 1, 0, 0.002, 0.0269, 0.0041, 1, 3, 0.0012, 0, 0.1497, 2, 1, 2.4866e-08, 0.0186, 0.8867, 1.0032, 0.0356, 0.1727, 0, 31, 4, 14, 2],
      [32, 0.0769, 1.0036, 1, 20.9996, 6.0001, 30, 1.681, 36, 14.0002, 6.9999, 30, 30, 23, 30, 11.0011, 17, 5, 8, 7, 10, 16, 8, 0.5726, 24, 54, 4, 1, 16, 53, 4.0002, 1.5159, 2, 11, 3.9904, 2.9998, 17.9992, 19, 18, 12, 1.3768, 2, 1.0001, 0.9993, 1.9676, 0.0025, 21, 39, 1.0538, 0.4065, 0.9926, 4, 3, 2, 1.2136, 1.6974, 3.0013, 0.2985, 0.0864, 0.8534, 213, 20, 42, 5],
      [35, 0.7672, 4.9396, 8, 3.0001, 6.9999, 45, 5.1184, 16, 6.9996, 1.0001, 12, 44, 25, 36, 6.9983, 23, 22, 25, 24, 33, 25, 18, 1.3491, 25, 57, 12, 6, 19, 39, 11.9995, 4.613, 8, 20, 12.9745, 12.9984, 20.001, 19, 28, 10, 3.5688, 11, 10.9999, 2.01, 2.924, 4.9907, 20, 36, 7.9166, 4.2328, 2.1157, 9, 13.9999, 11, 3.7945, 4.3715, 8.9951, 0.5776, 2.8913, 4.5285, 387, 33, 63, 12],
      [3, 0.0043, 0.0024, 2.4145e-07, 2.0002, 1.9998, 2, 0.2245, 2, 1, 1.9999, 2, 4, 3, 2, 0.9992, 2, 2, 1, 2, 3, 1, 2, 0.0134, 1, 3, 1, 2.6194e-07, 1.8892e-06, 2, 0.9999, 0.2101, 2.5171e-06, 3, 0.9848, 0.0006, 1.9999, 2, 1, 2, 0, 8.517e-06, 0, 0.9845, 0, 0.0022, 4, 2, 0.0253, 0.1892, 0.1221, 2, 3.0757e-06, 1.7229e-10, 0.8679, 0.0271, 0.0004, 0, 0.8116, 0.1483, 18, 3, 5, 1]
    ],
    [
      [1, 0.0059, 0.0032, 1.3351e-07, 0.0002, 0, 1, 0, 1, 6.2673e-07, 0, 1, 1, 2.1815e-11, 1, 0.0002, 1.5484e-11, 5.8731e-17, 1, 9.4179e-16, 1, 1, 9.5227e-08, 0.0191, 1.9787e-13, 2, 6.5273e-07, 7.3366e-07, 8.0794e-07, 1, 0.0001, 0, 1.3597e-06, 1, 0.0012, 3.6617e-06, 0.0001, 2.5369e-09, 1, 1.0313e-06, 0.0091, 1.2579e-06, 2.6747e-06, 0.0012, 0.002, 0.0021, 1.9536e-09, 1, 0.0021, 0.0384, 0, 5.3045e-09, 7.2942e-09, 2.2922e-08, 0.0113, 0.0056, 0.0016, 0, 0, 0.0234, 11, 1, 3, 4.6559e-12],
      [8.0201e-14, 0.0048, 0.0005, 5.6159e-07, 0, 0, 3, 0, 1, 0.0004, 0.0001, 1, 1, 9.255e-10, 1, 0.001, 3, 2.9621e-17, 1, 1.0784e-16, 1, 1, 1.4049e-07, 0.0008, 8.8498e-14, 2, 1.949e-07, 7.2614e-07, 7.4802e-08, 1, 0.0003, 0, 7.1776e-07, 1, 0.0025, 0.0001, 0, 5.1878e-12, 4.5122e-17, 5.4574e-07, 0.0219, 5.1244e-07, 0, 0.0042, 0.0143, 0.0006, 5.8525e-09, 9.6132e-20, 0.0061, 0, 0, 1, 4.1448e-06, 2.582e-10, 0.0052, 0.4659, 0.0022, 0, 0, 0, 9, 3, 7, 1],
      [7, 0.0849, 0.0558, 1.5075e-07, 9.9995, 2.9998, 13, 0, 17, 13.0002, 7.9999, 13, 9, 7, 9, 7.0021, 7, 2, 5, 2, 5, 8, 2, 0.0689, 5, 17, 1, 1.0042e-06, 4, 14, 1.0033, 0, 1.4024e-06, 3, 1.0277, 0.0013, 0.9998, 4, 5, 4, 0.6151, 6.4801e-08, 2.6741e-06, 2.0075, 0.2396, 0.0005, 5, 8, 0.0155, 0.2423, 0, 2, 0, 1.5192e-09, 0.0074, 1.978, 1.0036, 0, 0, 0.0684, 64, 12, 21, 3],
      [7, 1.139, 2.9456, 2, 1, 2.0004, 20, 0, 6, 2.9996, 0.9999, 4, 14, 7, 10, 2.9974, 9, 7, 16, 6, 16, 13, 4, 0.6232, 5, 18, 4, 3, 4, 9, 2.9981, 0, 2, 6, 2.9733, 0.9997, 1.0003, 3, 8, 3, 1.354, 5.6129e-06, 2, 3.9907, 0.7441, 1.0009, 5, 9, 1.9829, 0.6697, 0, 4, 4, 3, 0.1091, 1.8132, 3.9978, 0, 0, 0.772, 116, 19, 30, 7],
      [3, 0.7654, 0.9949, 2, 3.0002, 1.9998, 3, 0, 3, 3.9998, 2, 3, 2, 3, 3, 1.9992, 3, 2, 2, 2, 1, 2, 1, 0.288, 3, 3, 2, 2, 3, 2, 0.9982, 0, 2, 2, 1.9953, 1.999, 0.9998, 2, 3, 2, 0, 1, 2, 1.9964, 0, 0.9958, 2, 2, 0.9935, 0.0495, 0, 1, 1, 1, 0.867, 0.7373, 1.9948, 0, 0, 0.1362, 6, 3, 4, 2]
    ]
  ],
  "V_est": [
    [231.1447, 113.9827, 762.5271, 1203.9095, 38.436],
    [166.4931, 274.3362, 977.3896, 1570.5266, 60.2545],
    [403.5393, 508.1412, 3148.9666, 3732.6584, 222.6944],
    [967.2349, 1087.5527, 5873.9059, 10192.119, 450.1875],
    [121.4612, 133.4561, 955.7897, 1393.6754, 96.6176],
    [30.1268, 38.5311, 328.421, 444.1112, 114.81]
  ],
  "p_est": [
    [0.0983, 0.0485, 0.3245, 0.5123, 0.0164],
    [0.0546, 0.09, 0.3206, 0.5151, 0.0198],
    [0.0503, 0.0634, 0.3928, 0.4657, 0.0278],
    [0.0521, 0.0586, 0.3163, 0.5488, 0.0242],
    [0.045, 0.0494, 0.3539, 0.516, 0.0358],
    [0.0315, 0.0403, 0.3435, 0.4645, 0.1201]
  ],
  "EI_Z": {},
  "EI_V": 38.2363,
  "MAE_Z": {},
  "MAE_V": 908.5707,
  "MAE_p": 0.1476,
  "runtime": 0.5331
}
