{
  "Z_true": {},
  "V_true": [
    [295, 43, 638, 209, 29],
    [18, 943, 110, 2644, 39],
    [26, 434, 105, 13756, 185],
    [980, 430, 8522, 2057, 273],
    [73, 169, 431, 1491, 507]
  ],
  "p_true": [
    [0.243, 0.0354, 0.5255, 0.1722, 0.0239],
    [0.0048, 0.2512, 0.0293, 0.7043, 0.0104],
    [0.0018, 0.0299, 0.0072, 0.9483, 0.0128],
    [0.0799, 0.0351, 0.695, 0.1678, 0.0223],
    [0.0273, 0.0633, 0.1614, 0.5582, 0.1898]
  ],
  "Z_est": {},
  "V_est": [
    [454.0032, 51.3443, 126.8237, 581.8288, 0],
    [218.3165, 1630.1914, 0, 1905.4921, 0],
    [0, 0, 0, 14506, 0],
    [719.6803, 251.4542, 9050.2221, 2240.6434, 0],
    [0, 86.01, 628.9542, 923.0357, 1033]
  ],
  "p_est": [
    [0.374, 0.0423, 0.1045, 0.4793, 0],
    [0.0582, 0.4343, 0, 0.5076, 0],
    [0, 0, 0, 1, 0],
    [0.0587, 0.0205, 0.7381, 0.1827, 0],
    [0, 0.0322, 0.2355, 0.3456, 0.3867]
  ],
  "EI_Z": {},
  "EI_V": 10.5022,
  "MAE_Z": {},
  "MAE_V": 289.0803,
  "MAE_p": 0.085,
  "runtime": 0.0152
}
