{
  "X": [
    [34, 18, 35, 203, 361, 1],
    [3, 15, 17, 112, 216, 2],
    [45, 9, 28, 96, 210, 1],
    [21, 18, 30, 75, 174, 0],
    [17, 12, 24, 72, 186, 1],
    [12, 18, 13, 87, 119, 0],
    [23, 36, 65, 173, 276, 1],
    [22, 19, 47, 149, 266, 1],
    [15, 9, 29, 109, 181, 1],
    [26, 19, 44, 97, 213, 1],
    [29, 15, 31, 127, 180, 0],
    [21, 47, 104, 167, 176, 0],
    [21, 32, 50, 102, 193, 0],
    [44, 35, 65, 120, 159, 0],
    [29, 77, 147, 148, 170, 1],
    [5, 53, 165, 167, 159, 0],
    [9, 84, 197, 142, 200, 0],
    [16, 60, 147, 110, 130, 2],
    [14, 64, 192, 113, 106, 1],
    [17, 23, 54, 133, 217, 0],
    [34, 22, 49, 152, 215, 1],
    [32, 41, 67, 169, 196, 1],
    [36, 36, 64, 129, 243, 0],
    [12, 8, 19, 97, 200, 0],
    [27, 8, 29, 98, 212, 1],
    [24, 14, 22, 95, 156, 1],
    [16, 41, 67, 150, 247, 0],
    [20, 62, 131, 180, 137, 1],
    [25, 51, 104, 164, 162, 0],
    [19, 48, 115, 132, 142, 1],
    [23, 45, 72, 125, 183, 1],
    [37, 37, 82, 171, 227, 0],
    [31, 31, 80, 176, 194, 0],
    [13, 80, 130, 153, 123, 0],
    [11, 97, 104, 127, 128, 0],
    [15, 117, 154, 169, 165, 1],
    [20, 15, 19, 109, 137, 0],
    [32, 9, 29, 88, 148, 2],
    [31, 19, 61, 109, 181, 0],
    [23, 19, 32, 118, 141, 0],
    [5, 7, 28, 62, 112, 1],
    [13, 82, 84, 164, 189, 0],
    [14, 60, 68, 202, 163, 0],
    [27, 60, 103, 108, 151, 0],
    [12, 46, 114, 193, 146, 1],
    [93, 448, 582, 1069, 1845, 6]
  ],
  "W": [
    [9, 27, 169, 341, 106],
    [12, 17, 94, 191, 51],
    [8, 18, 94, 187, 82],
    [16, 21, 69, 147, 65],
    [5, 18, 69, 164, 56],
    [8, 12, 81, 100, 48],
    [17, 43, 158, 252, 104],
    [12, 34, 130, 226, 102],
    [9, 23, 99, 162, 51],
    [15, 35, 90, 170, 90],
    [13, 17, 115, 165, 72],
    [45, 72, 149, 147, 102],
    [28, 35, 87, 159, 89],
    [31, 39, 117, 141, 95],
    [68, 92, 143, 136, 133],
    [58, 108, 163, 137, 83],
    [104, 119, 141, 176, 92],
    [67, 93, 117, 107, 81],
    [75, 123, 116, 89, 87],
    [20, 37, 129, 182, 76],
    [15, 36, 142, 199, 81],
    [27, 47, 144, 165, 123],
    [29, 52, 135, 201, 91],
    [5, 13, 81, 169, 68],
    [5, 23, 91, 181, 75],
    [7, 18, 83, 139, 65],
    [27, 45, 142, 209, 98],
    [65, 81, 177, 116, 92],
    [54, 75, 148, 148, 81],
    [52, 69, 128, 128, 80],
    [37, 44, 130, 162, 76],
    [33, 60, 170, 191, 100],
    [32, 58, 159, 173, 90],
    [72, 103, 149, 104, 71],
    [90, 64, 135, 104, 74],
    [110, 101, 168, 145, 97],
    [4, 14, 100, 121, 61],
    [8, 22, 89, 137, 52],
    [12, 51, 113, 166, 59],
    [16, 30, 114, 127, 46],
    [6, 19, 53, 101, 36],
    [74, 58, 161, 145, 94],
    [52, 49, 179, 139, 88],
    [58, 70, 117, 144, 60],
    [50, 88, 171, 133, 70],
    [380, 410, 990, 1520, 743]
  ],
  "method": "mult",
  "cond_prob": [
    [
      [3.3424564802e-12, 0.71511165232, 0.28453846343, 0.00033960178159, 1.0249614106e-05, 3.2842994287e-08],
      [2.3519657891e-07, 0.025447828854, 0.97155030333, 0.0026040625663, 0.00034637225316, 5.1197798143e-05],
      [0.031632265734, 0.033005896223, 0.019269988188, 0.84304769299, 0.073034941995, 9.2148697848e-06],
      [0.053573944616, 0.00038247562288, 0.00080266180361, 0.058118628234, 0.88478646894, 0.0023358207801],
      [0.096504148974, 0.06258133904, 0.084200210163, 0.31329217575, 0.44150013911, 0.0019219869644]
    ],
    [
      [5.3259729659e-13, 0.78470180538, 0.21495414335, 0.00033313671508, 1.0797729117e-05, 1.1682668324e-07],
      [4.8561609596e-08, 0.035806917383, 0.96017416066, 0.0033100615816, 0.00047282142459, 0.00023599039274],
      [0.0052415385553, 0.037249935342, 0.015072749574, 0.86244475884, 0.079956959898, 3.4057789398e-05],
      [0.0084729197044, 0.00041150658664, 0.00059872166553, 0.056522807369, 0.92574234754, 0.0082516971316],
      [0.016628130564, 0.073365096976, 0.068450800716, 0.33194565563, 0.5022236041, 0.007386712016]
    ],
    [
      [8.6979682958e-12, 0.60134421001, 0.39831366806, 0.00032954372636, 1.251116734e-05, 6.7031914642e-08],
      [4.3912152061e-07, 0.015181150494, 0.98262708922, 0.0018130043895, 0.00030334393099, 7.4972843342e-05],
      [0.078706972157, 0.026232483577, 0.025710861678, 0.78412906528, 0.08520264537, 1.7971935403e-05],
      [0.108673481, 0.00024755234234, 0.00087254290425, 0.043927319435, 0.84256062194, 0.0037184823805],
      [0.19824706695, 0.041041211036, 0.092721009724, 0.23982942279, 0.42506597702, 0.0030953124774]
    ],
    [
      [3.7232011503e-12, 0.71875311551, 0.28099202933, 0.00024540340447, 9.4517511001e-06, 0],
      [2.6408410413e-07, 0.025663221297, 0.97211772385, 0.0018968256977, 0.00032196507561, 0],
      [0.045973608447, 0.043043806066, 0.024755848401, 0.79842303246, 0.087803704622, 0],
      [0.064884907265, 0.00041526782155, 0.00085858420284, 0.045601589076, 0.88823965163, 0],
      [0.12141530519, 0.070528239646, 0.093510955002, 0.25541931087, 0.45912618929, 0]
    ],
    [
      [2.6396364117e-12, 0.75019655688, 0.24958380234, 0.00021127486298, 8.3148531794e-06, 5.1061872939e-08],
      [2.0888058186e-07, 0.029117499656, 0.96865488501, 0.0018218937455, 0.00031599428327, 8.95184269e-05],
      [0.037762306304, 0.050751729855, 0.025424467718, 0.79655128584, 0.089488576213, 2.1634070046e-05],
      [0.052782173104, 0.00048412394888, 0.00087310906257, 0.045047849119, 0.89627885297, 0.0045338917986],
      [0.099167760749, 0.082794385768, 0.095555865685, 0.25335519334, 0.46524257945, 0.0038842150065]
    ],
    [
      [2.1341037932e-12, 0.84898534199, 0.15079352896, 0.00021404325286, 7.0857969364e-06, 0],
      [2.7030648982e-07, 0.053189691895, 0.94342465534, 0.0029543592424, 0.00043102321326, 0],
      [0.030962349223, 0.058691878339, 0.015528932902, 0.81750651671, 0.07731032283, 0],
      [0.049946770734, 0.00064624200188, 0.00061508511031, 0.053362367504, 0.89542953465, 0],
      [0.090650783363, 0.10658301014, 0.065046366066, 0.28965614042, 0.44806370001, 0]
    ],
    [
      [1.745003726e-12, 0.75194202592, 0.24784743069, 0.00020395363588, 6.5626613043e-06, 2.7095353985e-08],
      [1.4092418047e-07, 0.030883616187, 0.9670183488, 0.0017948871503, 0.0002545303553, 4.8476587993e-05],
      [0.026576981441, 0.056149228781, 0.027051460362, 0.81496210122, 0.075247995911, 1.2232281028e-05],
      [0.044210425691, 0.00063923442656, 0.0011067697329, 0.055156906719, 0.89583963155, 0.0030470318821],
      [0.076085014065, 0.099840957702, 0.11082530758, 0.2840288902, 0.42682530531, 0.0023945251384]
    ],
    [
      [2.5904501617e-12, 0.69019332022, 0.30950616624, 0.00029060270639, 9.8690195561e-06, 4.1806115098e-08],
      [1.6846609891e-07, 0.022704456871, 0.97486744393, 0.0020594638784, 0.00030823486662, 6.0231984785e-05],
      [0.028188441736, 0.03662519196, 0.024110964204, 0.83021960833, 0.080842310654, 1.3483119905e-05],
      [0.043804709258, 0.00038935598143, 0.00092139061039, 0.052448061057, 0.89929830963, 0.0031381734678],
      [0.081111309027, 0.065461725371, 0.099291528276, 0.29061345532, 0.4608690706, 0.0026529113978]
    ],
    [
      [3.446243327e-12, 0.62913089546, 0.37047849445, 0.00037813384143, 1.2396526067e-05, 7.9720726778e-08],
      [1.8688013071e-07, 0.016995025983, 0.98035166339, 0.0022345085568, 0.00032284040091, 9.5774791977e-05],
      [0.029236548201, 0.025625082467, 0.022422626293, 0.84357267352, 0.079123038586, 2.0030931114e-05],
      [0.04610209995, 0.00027603919391, 0.00086887919728, 0.053935674959, 0.89408064295, 0.004736663753],
      [0.086606412047, 0.047124269415, 0.095016721363, 0.30313282589, 0.46406219276, 0.0040575785218]
    ],
    [
      [3.860069576e-12, 0.70784467222, 0.29188845186, 0.0002566288987, 1.0194105793e-05, 5.2915605527e-08],
      [2.6564622829e-07, 0.024619660541, 0.97303790851, 0.0019245672976, 0.00033692114477, 8.0676863707e-05],
      [0.045649404579, 0.040774232423, 0.024702125076, 0.79812609049, 0.090729606469, 1.8540958496e-05],
      [0.062392649881, 0.00038114370812, 0.00083008137355, 0.044253523032, 0.88834458309, 0.0037980189161],
      [0.11882311992, 0.065886371346, 0.091965211962, 0.25223408045, 0.46779090952, 0.0033003068006]
    ],
    [
      [4.7683354388e-12, 0.64912018589, 0.35056155815, 0.00030874028595, 9.5156698043e-06, 0],
      [2.7253270283e-07, 0.018689268011, 0.97912633692, 0.0019229293581, 0.00026119317841, 0],
      [0.048315748487, 0.031932428708, 0.025335064966, 0.82185803514, 0.072558722695, 0],
      [0.080205585672, 0.00036244099602, 0.0010336326589, 0.055391514255, 0.86300682642, 0],
      [0.13886011667, 0.056971669871, 0.10422900456, 0.28690711285, 0.41303209605, 0]
    ],
    [
      [2.4557259629e-12, 0.69488764915, 0.3048458061, 0.00025889482536, 7.6499234749e-06, 0],
      [1.6310244474e-07, 0.023706050395, 0.97417598648, 0.0018737896365, 0.00024401038141, 0],
      [0.030032299577, 0.042055901191, 0.026749183768, 0.83074290275, 0.070419712711, 0],
      [0.052745624207, 0.00050572799589, 0.0011554118824, 0.059328055849, 0.88626518007, 0],
      [0.089662398779, 0.077902894631, 0.11416423298, 0.30168340672, 0.41658706688, 0]
    ],
    [
      [2.7971204602e-12, 0.73221585364, 0.26753545205, 0.00024027671861, 8.4175809745e-06, 0],
      [2.0950442743e-07, 0.027958147169, 0.96977769471, 0.0019611596963, 0.00030278892154, 0],
      [0.035932880269, 0.046200828949, 0.024601284198, 0.81188649259, 0.081378513994, 0],
      [0.055039156529, 0.00048423676508, 0.00092645186664, 0.050435737658, 0.89311441718, 0],
      [0.099948303503, 0.07973359906, 0.097851747752, 0.274110265, 0.44835608469, 0]
    ],
    [
      [5.5708397026e-12, 0.69411303075, 0.30565659358, 0.00022315528695, 7.2203769621e-06, 0],
      [3.6758382833e-07, 0.023405954292, 0.97476029481, 0.001604577905, 0.00022880540994, 0],
      [0.074059114034, 0.045434264628, 0.029102053619, 0.77916212204, 0.072242445678, 0],
      [0.11858786715, 0.00049791564868, 0.001145788838, 0.050673965144, 0.82909446322, 0],
      [0.19404307872, 0.073858115768, 0.10902966707, 0.2480664495, 0.37500268895, 0]
    ],
    [
      [2.6984612279e-12, 0.71071881418, 0.28907896974, 0.00019584846418, 6.3283002422e-06, 3.9310355326e-08],
      [1.8899494686e-07, 0.025669871397, 0.97256132698, 0.0014947583254, 0.00021285885398, 6.099545111e-05],
      [0.04186323814, 0.054784107018, 0.032201471722, 0.79722616434, 0.073906945078, 1.8073696594e-05],
      [0.068879500706, 0.00061737648515, 0.0013032292861, 0.053347150515, 0.87139529888, 0.0044574441305],
      [0.11419202527, 0.092721270393, 0.12557349849, 0.26459443693, 0.39954585105, 0.0033729178748]
    ],
    [
      [6.3282224248e-13, 0.65196338187, 0.34778089048, 0.00024822129539, 7.5063602803e-06, 0],
      [3.7078941943e-08, 0.019666089406, 0.97853775012, 0.0015848982025, 0.00021122518816, 0],
      [0.0082055772195, 0.041923155099, 0.032375275853, 0.84423987098, 0.073256120845, 0],
      [0.014427610128, 0.00050473126094, 0.0013999828756, 0.060364742354, 0.92330293338, 0],
      [0.024994888276, 0.079203567222, 0.14091220118, 0.31276210905, 0.44212723427, 0]
    ],
    [
      [1.0183789306e-12, 0.65160000481, 0.34816503718, 0.00022727552468, 7.6824814199e-06, 0],
      [5.9654508151e-08, 0.019734258266, 0.97859876959, 0.0014507870133, 0.00021612547637, 0],
      [0.014105527245, 0.044950842069, 0.034637036987, 0.82621233304, 0.080094260662, 0],
      [0.022657350948, 0.00049458455685, 0.0013684780817, 0.05395174377, 0.92152784264, 0],
      [0.040226352423, 0.079513334201, 0.14116945125, 0.28656185301, 0.45252900911, 0]
    ],
    [
      [2.3276455621e-12, 0.66794218018, 0.33184251395, 0.0002079507598, 7.2336464727e-06, 1.2146277113e-07],
      [1.4264898276e-07, 0.021088772144, 0.9771444961, 0.0013887705103, 0.00021290210942, 0.00016491648824],
      [0.034187296306, 0.048669517218, 0.034972892882, 0.80217075448, 0.079946698604, 5.2840508817e-05],
      [0.052639458963, 0.0005130539253, 0.0013240710587, 0.050143421523, 0.88316860383, 0.012211390697],
      [0.091481994137, 0.080725664463, 0.13365172734, 0.26063866881, 0.42382551774, 0.0096764275147]
    ],
    [
      [2.1244136637e-12, 0.65123561269, 0.34854035403, 0.00021732715057, 6.6395323987e-06, 6.6591764027e-08],
      [1.243011669e-07, 0.019652672711, 0.97868861138, 0.00138569692, 0.00018657118021, 8.6323511563e-05],
      [0.030377240629, 0.046245506799, 0.035775566948, 0.81613265744, 0.071440825851, 2.8202331602e-05],
      [0.052212225016, 0.00054421622819, 0.0015119915126, 0.056947104046, 0.88150596272, 0.0072785004774],
      [0.086128078783, 0.08126172352, 0.1448291564, 0.28094323671, 0.40136416746, 0.0054736371281]
    ],
    [
      [2.3160251555e-12, 0.67971737177, 0.32001001185, 0.00026316206141, 9.4543168907e-06, 0],
      [1.4595736376e-07, 0.021753858283, 0.97615258002, 0.001807272506, 0.00028614323416, 0],
      [0.027522868703, 0.039531231714, 0.027222940666, 0.82116493044, 0.08455802848, 0],
      [0.041233122144, 0.00040517592929, 0.0010027668002, 0.049982584195, 0.90737635093, 0],
      [0.076814305735, 0.0684806807, 0.10866936123, 0.27857089132, 0.46746476101, 0]
    ],
    [
      [4.1857393718e-12, 0.7065175758, 0.29320442763, 0.00026951594514, 8.4356085094e-06, 4.5015993244e-08],
      [2.8689752781e-07, 0.024526036181, 0.97311458518, 0.0020130578392, 0.00027767806897, 6.8355835766e-05],
      [0.048208901313, 0.039723728652, 0.024173456768, 0.81475012814, 0.073128421128, 1.5364002884e-05],
      [0.079269098018, 0.00044682217568, 0.00097735957655, 0.054460362355, 0.86106101381, 0.0037853440631],
      [0.1367761773, 0.06997925801, 0.098121378483, 0.28113284293, 0.41100934241, 0.0029810008684]
    ],
    [
      [3.0827405935e-12, 0.74705769817, 0.25269692773, 0.00023837261808, 6.9628839028e-06, 3.8593063138e-08],
      [2.4457753162e-07, 0.030303138608, 0.967302602, 0.0020608802569, 0.00026530125309, 6.783330086e-05],
      [0.040367130813, 0.048201969311, 0.0237211236, 0.81905776565, 0.068637033175, 1.4977452257e-05],
      [0.071008850244, 0.00058043605696, 0.0010262372265, 0.058596758324, 0.86483969787, 0.0039480202754],
      [0.11840588594, 0.087769838609, 0.099528343107, 0.29233353623, 0.39895729821, 0.0030050978986]
    ],
    [
      [4.0004799689e-12, 0.74349129463, 0.25628221496, 0.00021779698101, 8.6934241637e-06, 0],
      [3.1327624504e-07, 0.029745535197, 0.9680686112, 0.0018585937698, 0.0003269465532, 0],
      [0.054638982943, 0.049996306179, 0.02509346807, 0.78089666168, 0.089374581133, 0],
      [0.075124686367, 0.00047052405264, 0.00084850095618, 0.043643973686, 0.87991231494, 0],
      [0.13882048792, 0.078845738319, 0.091180795635, 0.24130081847, 0.44985215966, 0]
    ],
    [
      [2.5043122349e-12, 0.66336142608, 0.33626180517, 0.00036418924774, 1.2579499403e-05, 0],
      [1.4794551784e-07, 0.019347111991, 0.97795128431, 0.002344555102, 0.00035690065169, 0],
      [0.022087995389, 0.027849704214, 0.021094319475, 0.8454832738, 0.083484707128, 0],
      [0.033712832657, 0.00029024530266, 0.00079102258211, 0.052289859911, 0.91291603955, 0],
      [0.065454049873, 0.051270236102, 0.089532604611, 0.30385355657, 0.48988955284, 0]
    ],
    [
      [5.4264303465e-12, 0.63096927783, 0.36867105651, 0.00034660930932, 1.2987099365e-05, 6.9245196749e-08],
      [2.9595586753e-07, 0.01707314577, 0.98044269734, 0.0020600233665, 0.00034016958887, 8.3667975482e-05],
      [0.048443068466, 0.026944966522, 0.023493768087, 0.81385130787, 0.087248574888, 1.8314169171e-05],
      [0.068238489517, 0.00025927140045, 0.00081342941342, 0.046496453353, 0.88032597866, 0.0038663776537],
      [0.13034902563, 0.045043980581, 0.090473908334, 0.26581334824, 0.4649501589, 0.0033695783115]
    ],
    [
      [4.083579307e-12, 0.76574176246, 0.23398580191, 0.00026391218841, 8.4624191379e-06, 6.1026276036e-08],
      [3.4401989732e-07, 0.032016515823, 0.96510403525, 0.0024228251233, 0.00034237957972, 0.00011390020587],
      [0.047907553968, 0.042972880651, 0.019559032213, 0.81484700161, 0.074692328101, 2.1203457754e-05],
      [0.077226458825, 0.00047309895594, 0.00077468140645, 0.053214179598, 0.8631845871, 0.0051269941165],
      [0.13660336229, 0.076075034152, 0.079801696495, 0.28166141174, 0.42172356003, 0.0041349352929]
    ],
    [
      [1.4525885505e-12, 0.74566469185, 0.25412108226, 0.00020694676101, 7.2791279979e-06, 0],
      [1.1459068672e-07, 0.030040200672, 0.9679048825, 0.0017790261771, 0.00027577606324, 0],
      [0.021765624574, 0.054992376969, 0.027289762052, 0.81384793285, 0.082104303551, 0],
      [0.033810732179, 0.00058473295978, 0.001042555619, 0.051406197631, 0.91315578161, 0],
      [0.0610321337, 0.095729708124, 0.10946736206, 0.27764313217, 0.45612766394, 0]
    ],
    [
      [2.4389681991e-12, 0.67587308685, 0.32387863473, 0.00024138471498, 6.838126664e-06, 5.5583761982e-08],
      [1.5292848316e-07, 0.021839903549, 0.97622748035, 0.001649333303, 0.00020591602542, 7.7213847059e-05],
      [0.031856746669, 0.043823997075, 0.030359372534, 0.82671143184, 0.067226940884, 2.1511002377e-05],
      [0.057725261479, 0.00054378967477, 0.0013529090149, 0.060939872975, 0.87358985594, 0.0058483109131],
      [0.094335838523, 0.080486944408, 0.12847720309, 0.29781769506, 0.39452230735, 0.0043600115627]
    ],
    [
      [3.2630641693e-12, 0.69916209312, 0.3005600015, 0.00027039723116, 7.5081440333e-06, 0],
      [2.1972516824e-07, 0.024212641468, 0.97356018836, 0.0019841455417, 0.00024280490713, 0],
      [0.038170056868, 0.040517990951, 0.025224644895, 0.82998679477, 0.066100512517, 0],
      [0.069840250333, 0.000507599556, 0.0011350180726, 0.061733353872, 0.86678377817, 0],
      [0.11524080269, 0.07587444901, 0.10883820982, 0.30467667178, 0.39536986671, 0]
    ],
    [
      [2.5950108427e-12, 0.65918208969, 0.34057604723, 0.00023475468717, 7.0530431109e-06, 5.5340372451e-08],
      [1.5482970542e-07, 0.020213743758, 0.97798452667, 0.0015263253062, 0.00020209818055, 7.3151260577e-05],
      [0.034487508223, 0.043366591811, 0.032462351534, 0.8191229243, 0.070538836877, 2.1787251587e-05],
      [0.059677514204, 0.00051372916711, 0.0013812541395, 0.057574735517, 0.87519706243, 0.0056557045446],
      [0.098956742577, 0.07715953058, 0.13308669204, 0.28555279199, 0.40096690148, 0.0042773413366]
    ],
    [
      [2.6176711421e-12, 0.72187125939, 0.27792489391, 0.00019686942758, 6.9341612845e-06, 4.3108664482e-08],
      [1.8946872847e-07, 0.026747448661, 0.97138938607, 0.0015528101685, 0.00024103884414, 6.91267872e-05],
      [0.040223313678, 0.054705266001, 0.030595421236, 0.79426800399, 0.080188369544, 1.9625554194e-05],
      [0.061775732972, 0.00057507232225, 0.0011553789709, 0.049558427952, 0.8824165111, 0.0045188766799],
      [0.10737241404, 0.090591433339, 0.11676524785, 0.25767447699, 0.42401308803, 0.0035833397518]
    ],
    [
      [4.0833773822e-12, 0.69848529111, 0.30125403298, 0.00025202396853, 8.6519372391e-06, 0],
      [2.7400698491e-07, 0.024007647206, 0.97387036339, 0.0018428940543, 0.0002788213396, 0],
      [0.049611885429, 0.041890905094, 0.026253629454, 0.80311208759, 0.079131492429, 0],
      [0.076338561175, 0.00044130173208, 0.0009935741719, 0.050280333733, 0.87194622919, 0],
      [0.13492184468, 0.070715654201, 0.10211291073, 0.26584400686, 0.42640558353, 0]
    ],
    [
      [4.0650293304e-12, 0.66737605112, 0.33231281829, 0.00030230759168, 8.822999877e-06, 0],
      [2.4795610389e-07, 0.020832248694, 0.97689959201, 0.0020094485798, 0.00025846276171, 0],
      [0.042482099094, 0.034392808757, 0.024903567288, 0.82881709575, 0.06940442911, 0],
      [0.073984955778, 0.00041001816582, 0.0010666248534, 0.058705682711, 0.86583271849, 0],
      [0.12576870877, 0.063190166478, 0.10542368612, 0.29852018768, 0.40709725095, 0]
    ],
    [
      [1.7238361646e-12, 0.75493683319, 0.24483495553, 0.00022177664772, 6.4346287962e-06, 0],
      [1.4159126811e-07, 0.031969707013, 0.96579126661, 0.001985059508, 0.00025382527499, 0],
      [0.02453601172, 0.053346394965, 0.025009673757, 0.82818983146, 0.0689180881, 0],
      [0.044310776583, 0.00065961422207, 0.0011105877515, 0.060779353892, 0.89313966755, 0],
      [0.074240711849, 0.10004777966, 0.10806661, 0.30448187325, 0.41316302524, 0]
    ],
    [
      [1.4157754946e-12, 0.74935113254, 0.25045191466, 0.0001905327503, 6.4200448425e-06, 0],
      [1.1362811832e-07, 0.031054531258, 0.9670315, 0.001666397763, 0.00024745735548, 0],
      [0.022917010121, 0.060307136411, 0.029075264635, 0.80950290901, 0.078197679825, 0],
      [0.037079009327, 0.00066812228889, 0.0011566461424, 0.053201987222, 0.90789423502, 0],
      [0.064541662627, 0.10526049243, 0.11695563962, 0.27691970199, 0.43632250334, 0]
    ],
    [
      [1.4863735677e-12, 0.74056852145, 0.2592208479, 0.00020441499504, 6.1739665868e-06, 4.1682461613e-08],
      [1.1564547956e-07, 0.029802761486, 0.96816145618, 0.0017331252929, 0.0002306936365, 7.184775927e-05],
      [0.022762674517, 0.056507874176, 0.028507641555, 0.82103369396, 0.071169200284, 1.8915512819e-05],
      [0.039926878187, 0.0006789552828, 0.0012298974048, 0.058582919605, 0.89460668021, 0.0049746693126],
      [0.066798107978, 0.10285056437, 0.11956061332, 0.29314866353, 0.41384418314, 0.0037978676632]
    ],
    [
      [3.0117391484e-12, 0.795233497, 0.20453273034, 0.00022678106762, 6.9915952926e-06, 0],
      [2.8727157668e-07, 0.037381710752, 0.95994050107, 0.0023572263595, 0.00032027454704, 0],
      [0.041187052314, 0.051661147069, 0.019891728933, 0.81532864742, 0.071931424261, 0],
      [0.069684720576, 0.00059664867826, 0.00082672500197, 0.055933428824, 0.87295847692, 0],
      [0.12005508991, 0.093506160259, 0.082996305302, 0.28823421332, 0.41520823121, 0]
    ],
    [
      [7.596756097e-12, 0.63690677544, 0.36276850849, 0.00031364184612, 1.0904803671e-05, 1.694142534e-07],
      [4.201954166e-07, 0.017487226203, 0.98012456986, 0.0018905017771, 0.00028967550166, 0.00020760646542],
      [0.073072893889, 0.029306073596, 0.024880287864, 0.79378686795, 0.078905622043, 4.8254655379e-05],
      [0.10761066685, 0.00029472475476, 0.00090025094136, 0.047358144796, 0.83317397384, 0.01066223882],
      [0.19100654052, 0.047546056472, 0.093007882829, 0.25147669694, 0.4083362202, 0.0086266030369]
    ],
    [
      [4.5197288633e-12, 0.71620849792, 0.2835536821, 0.00022966153895, 8.1584362551e-06, 0],
      [3.2083073548e-07, 0.025568975335, 0.97237605722, 0.0017765208825, 0.00027812573002, 0],
      [0.059076525408, 0.045372218797, 0.026543339508, 0.788767738, 0.080240178291, 0],
      [0.088571738722, 0.00046503352619, 0.00097838597599, 0.047996543614, 0.86198829816, 0],
      [0.15552684721, 0.074141222213, 0.099877590143, 0.25212637956, 0.41832796087, 0]
    ],
    [
      [4.5705678196e-12, 0.75048229909, 0.24921844599, 0.0002901348468, 9.1200704595e-06, 0],
      [3.650142772e-07, 0.030208505813, 0.96691635591, 0.0025249821855, 0.00034979107881, 0],
      [0.049101818327, 0.039143018911, 0.019127239838, 0.81892484967, 0.073703073251, 0],
      [0.080270898874, 0.00043740423754, 0.00076841353174, 0.054306868103, 0.86421641525, 0],
      [0.14192120181, 0.070164242786, 0.079009295106, 0.28711989296, 0.42178536734, 0]
    ],
    [
      [1.465375988e-12, 0.62570516296, 0.37397993082, 0.00030502663847, 9.7795685712e-06, 1.000140476e-07],
      [7.8311944627e-08, 0.016237300755, 0.98161680141, 0.0017764022254, 0.00025099768472, 0.00011841961189],
      [0.015423353222, 0.030805467867, 0.027982644969, 0.84838664304, 0.077370749653, 3.1141247455e-05],
      [0.025252739448, 0.00034377318607, 0.001124840457, 0.05596369711, 0.90965310457, 0.0076618452338],
      [0.046461558144, 0.05755615378, 0.12041190209, 0.30812351695, 0.46103150434, 0.0064153646988]
    ],
    [
      [1.3891791133e-12, 0.76520823252, 0.234566849, 0.00021739099667, 7.5274851507e-06, 0],
      [1.1859910398e-07, 0.033694817642, 0.96397396296, 0.0020224668246, 0.00030863397291, 0],
      [0.019969689752, 0.05465497049, 0.024188766676, 0.81973824112, 0.081448331957, 0],
      [0.031301458716, 0.00058671027669, 0.00093243827747, 0.052257647447, 0.91492174528, 0],
      [0.057128770175, 0.096984816016, 0.098922015373, 0.2852743655, 0.46169003293, 0]
    ],
    [
      [1.591133788e-12, 0.76072843261, 0.2390033476, 0.00026115102227, 7.0687648703e-06, 0],
      [1.3320217438e-07, 0.032751359138, 0.9645819218, 0.0023823892854, 0.00028419657177, 0],
      [0.01967464421, 0.046604481636, 0.021187804091, 0.84674287956, 0.0657901905, 0],
      [0.037367108872, 0.00060607106141, 0.00098958443512, 0.065426348563, 0.89561088707, 0],
      [0.06300560921, 0.092584365884, 0.09700919389, 0.32992232257, 0.41747850845, 0]
    ],
    [
      [3.6446005693e-12, 0.72179287046, 0.27800477201, 0.00019569610295, 6.6614204314e-06, 0],
      [2.6457381568e-07, 0.026945073346, 0.97127432904, 0.0015480943928, 0.00023223865089, 0],
      [0.055529609339, 0.054461344715, 0.030374617823, 0.78326817325, 0.076366254869, 0],
      [0.087328371983, 0.00058630948297, 0.0011744880811, 0.049997969223, 0.86091286123, 0],
      [0.14651358745, 0.08907676066, 0.11447699533, 0.25090077553, 0.39903188104, 0]
    ],
    [
      [1.7264918181e-12, 0.68922620011, 0.31046324392, 0.00030271322199, 7.7812640565e-06, 6.1478983973e-08],
      [1.1271971622e-07, 0.023128695315, 0.97438459401, 0.002153691139, 0.00024398113905, 8.8925679572e-05],
      [0.018642132725, 0.036844910686, 0.024055140187, 0.85720624794, 0.063231902009, 1.9666452515e-05],
      [0.036506776115, 0.00049397566362, 0.0011584239049, 0.068265539249, 0.88779715223, 0.0057781328341],
      [0.060778247868, 0.07449639446, 0.11205416953, 0.33985072554, 0.40843266642, 0.0043877961823]
    ],
    [
      [1.204532209e-12, 0.75315680971, 0.24661830188, 0.00021708661022, 7.7734363385e-06, 2.8369471694e-08],
      [9.861042083e-08, 0.032063204683, 0.96564297592, 0.0019366468143, 0.0003056240507, 5.1449925663e-05],
      [0.017357020532, 0.05442751991, 0.02558819658, 0.81822256586, 0.08439256781, 1.2129312676e-05],
      [0.02643941477, 0.00056856257593, 0.00095957785372, 0.050930841157, 0.91834012934, 0.0027614743027],
      [0.048749345273, 0.095014150221, 0.10291337658, 0.28101197845, 0.46998218848, 0.0023289609991]
    ]
  ],
  "expected_outcome": [
    [
      [3.0082108322e-11, 6.3911675591e-12, 6.9583746367e-11, 5.9571218404e-11, 1.3198182058e-11, 1.7072830346e-11, 2.9665063343e-11, 3.1085401941e-11, 3.1016189943e-11, 5.7901043641e-11, 6.1988360704e-11, 1.1050766833e-10, 7.8319372886e-11, 1.7269603078e-10, 1.834953635e-10, 3.6703690064e-11, 1.0591140878e-10, 1.5595225266e-10, 1.5933102478e-10, 4.6320503109e-11, 6.2786090577e-11, 8.3233996024e-11, 1.160139191e-10, 1.2521561174e-11, 2.7132151732e-11, 2.8585055149e-11, 3.9219890863e-11, 1.5853293294e-10, 1.7620546514e-10, 1.3494056382e-10, 9.6853832256e-11, 1.3475145361e-10, 1.3008093857e-10, 1.2411620385e-10, 1.2741979451e-10, 1.6350109245e-10, 1.2046956594e-11, 6.0774048776e-11, 5.423674636e-11, 7.3129085113e-11, 8.7922559278e-12, 1.0279925438e-10, 8.2738956977e-11, 2.1138683302e-10, 8.6324590904e-11, 4.5772223941e-10],
      [6.4360048709, 9.4164216645, 4.8107536801, 11.5000498481, 3.7509827844, 6.7918827359, 12.7830144406, 8.2823198427, 5.6621780591, 10.6176700832, 8.4385624166, 31.2699442118, 20.502043902, 21.5175039533, 48.3288793645, 37.8138761483, 67.7664005004, 44.7521260721, 48.8426709521, 13.5943474354, 10.597763637, 20.1705578505, 21.5612475444, 3.3168071304, 3.1548463891, 5.3601923372, 20.1329466799, 43.931750645, 37.7547530286, 34.277468664, 26.7092365974, 23.0500146065, 21.3560336357, 54.3554519897, 67.4416019286, 81.46253736, 3.180933988, 5.0952542035, 8.5945019751, 12.0077167855, 3.7542309778, 56.6254092062, 39.5578784956, 41.8639864867, 34.4613100055, 286.1995876887],
      [2.5608461709, 2.5794497202, 3.1865093445, 4.4958724694, 1.2479190117, 1.2063482317, 4.2134063217, 3.7140739949, 3.3343064501, 4.3783267779, 4.5573002559, 13.7180612744, 7.4909926575, 9.475354401, 19.6573699422, 20.1712916476, 36.2091638668, 22.2334484345, 26.1405265522, 6.400200237, 4.3980664144, 6.8228170488, 7.4321842338, 1.6813090259, 1.8433552826, 1.6379006133, 6.861269221, 21.0521112572, 16.2302400809, 17.7099544562, 10.2832210747, 9.9413830884, 10.6340101852, 17.6281167982, 22.5406723197, 28.514293269, 0.81813092134, 2.9021480679, 3.4026441852, 3.9874951358, 2.2438795849, 17.3579468261, 12.4281740754, 16.1242767767, 15.5231621961, 93.7149547128],
      [0.0030564160343, 0.0039976405809, 0.0026363498109, 0.0039264544716, 0.0010563743149, 0.0017123460229, 0.00346721181, 0.0034872324767, 0.0034032045729, 0.0038494334805, 0.0040136237174, 0.011650267141, 0.006727748121, 0.0069178138954, 0.013317695565, 0.014396835133, 0.023636654567, 0.013932700906, 0.016299536293, 0.0052632412282, 0.0040427391771, 0.0064360606881, 0.0063161124493, 0.0018209462387, 0.0017330465466, 0.0018473853189, 0.0055875625471, 0.015690006474, 0.014601450483, 0.012207243733, 0.0072841688206, 0.0083167909614, 0.0096738429339, 0.015967918636, 0.017147947527, 0.022485649454, 0.00090712427048, 0.002509134769, 0.0027559384674, 0.0046421575488, 0.0018301598308, 0.016086933753, 0.013579853158, 0.011350373971, 0.0151356611, 0.082492911882],
      [9.2246526958e-05, 0.0001295727494, 0.00010008933872, 0.0001512280176, 4.1574265897e-05, 5.6686375491e-05, 0.00011156524217, 0.00011842823467, 0.0001115687346, 0.00015291158689, 0.00012370370746, 0.00034424655637, 0.00023569226729, 0.00022383168582, 0.00043032441647, 0.00043536889625, 0.00079897806766, 0.00048465431367, 0.0004979649299, 0.00018908633781, 0.00012653412764, 0.00018799786537, 0.00025210930075, 6.2897497013e-05, 6.4935496824e-05, 5.9236933965e-05, 0.00019653645594, 0.00044447823316, 0.0004054397778, 0.00036675824176, 0.00025656396753, 0.00028551392889, 0.00028233599607, 0.00046329327333, 0.00057780403583, 0.00067913632455, 2.796638117e-05, 8.7238429372e-05, 9.7901235061e-05, 0.00014592112735, 5.8677411427e-05, 0.00055703390115, 0.00036757577325, 0.00038636238502, 0.00038906320282, 0.0029539058086],
      [2.9558694858e-07, 1.4019201989e-06, 5.3625531714e-07, 0, 2.5530936469e-07, 0, 4.6062101775e-07, 5.0167338118e-07, 7.17486541e-07, 7.9373408291e-07, 0, 0, 0, 0, 2.6731041622e-06, 0, 0, 8.1380056654e-06, 4.994382302e-06, 0, 6.7523989865e-07, 1.0420127047e-06, 0, 0, 3.4622598374e-07, 4.2718393225e-07, 0, 3.6129445288e-06, 0, 2.8776993674e-06, 1.5950205858e-06, 0, 0, 0, 0, 4.5850707775e-06, 0, 1.3553140272e-06, 0, 0, 6.0008428563e-07, 0, 0, 0, 3.0739491986e-06, 1.0780399244e-05]
    ],
    [
      [6.3503076304e-06, 8.2554736313e-07, 7.904187371e-06, 5.5457661868e-06, 3.7598504735e-06, 3.2436778778e-06, 6.0597397601e-06, 5.727847363e-06, 4.2982430064e-06, 9.2976179903e-06, 4.6330559482e-06, 1.1743376022e-05, 7.3326549601e-06, 1.4335769305e-05, 1.7387535111e-05, 4.0045257298e-06, 7.09888647e-06, 1.3266355396e-05, 1.5289043528e-05, 5.4004224592e-06, 1.0328311001e-05, 1.1495143986e-05, 1.6290364742e-05, 1.9232917319e-06, 6.8069849532e-06, 6.1923581517e-06, 5.1565809024e-06, 1.2387207136e-05, 1.6479387618e-05, 1.0683249674e-05, 8.3366240526e-06, 1.6440419095e-05, 1.4381454026e-05, 1.4583900616e-05, 7.2721995722e-06, 1.1680193435e-05, 4.0218020735e-06, 9.2442991653e-06, 1.636236751e-05, 1.0950428316e-05, 1.4879269479e-06, 6.878748031e-06, 6.5269065446e-06, 1.8520167098e-05, 9.919335027e-06, 4.043027254e-05],
      [0.68709137905, 0.60871759551, 0.27326070889, 0.53892764723, 0.5241149938, 0.63827630274, 1.327995496, 0.77195153363, 0.3908855976, 0.86168811895, 0.31771755618, 1.7068356284, 0.97853515091, 0.91283221739, 2.3616281685, 2.1239376559, 2.3483767337, 1.9612558094, 2.4172787435, 0.80489275648, 0.88293730251, 1.4242475146, 1.5467678302, 0.25151245589, 0.39268235272, 0.57629728481, 1.3518090303, 1.7690321875, 1.8159481101, 1.3947483193, 1.1768877411, 1.4404588324, 1.2082704243, 3.2928798224, 1.9874900005, 3.0100789101, 0.52334395053, 0.38471897648, 1.3040177421, 0.90625517439, 0.30850871434, 1.9542994233, 1.6048165977, 1.8861551342, 2.0353251877, 13.1459139201],
      [26.23185819, 16.3229607312, 17.687287606, 20.4144722008, 17.4357879301, 11.3210958641, 41.5817889982, 33.1454930937, 22.5480882579, 34.0563267977, 16.6451477276, 70.1406710269, 33.9422193148, 38.0156514976, 89.4756420819, 105.6820770134, 116.4532535812, 90.8744381372, 120.3786991992, 36.1176454607, 35.0321250664, 45.4632222942, 50.3395677826, 12.713366696, 22.5501820389, 17.3718726345, 43.5557197123, 79.0744259081, 73.0170141269, 67.4809323399, 42.7411329871, 58.4322218036, 56.6601763365, 99.4765004611, 61.8900159997, 97.7843070741, 13.439167015, 21.5627405369, 49.5911789183, 29.0074906773, 18.6507192268, 55.9104898517, 47.2645141683, 67.9892030325, 85.7458442727, 395.9136201255],
      [0.070309689291, 0.056271046887, 0.032634079011, 0.039833339653, 0.032794087419, 0.035452310908, 0.077180147463, 0.070021771866, 0.051393696806, 0.067359855416, 0.032689799087, 0.13491285382, 0.06864058937, 0.062578538296, 0.13751776594, 0.17116900587, 0.17264365459, 0.12915565746, 0.17044072116, 0.066869082723, 0.07247008221, 0.096861372073, 0.09664687603, 0.030479216326, 0.047380537429, 0.04361085222, 0.08005617797, 0.13359599754, 0.14881091563, 0.10531644613, 0.068323647413, 0.11057364326, 0.11654801763, 0.20446112933, 0.10664945683, 0.17504565458, 0.033001169033, 0.041591039097, 0.090602565008, 0.075749465565, 0.033751642283, 0.11730307583, 0.11673707498, 0.1083666075, 0.18952482023, 0.79402519387],
      [0.0093520508353, 0.008037964218, 0.0054601907578, 0.0067612665878, 0.0056878970989, 0.0051722785591, 0.010944805278, 0.010479985465, 0.0074253292209, 0.011792240067, 0.004440284033, 0.017568747462, 0.010597612254, 0.0089234109879, 0.019583014566, 0.022812320321, 0.025718931687, 0.019799896176, 0.022948255166, 0.010587299664, 0.009996410483, 0.012469158895, 0.017001220766, 0.0046397084719, 0.0078239005441, 0.006162832435, 0.012409922846, 0.016679198059, 0.018210368035, 0.013944774458, 0.010605709142, 0.016729280376, 0.014990840179, 0.026144003324, 0.015837270751, 0.023300057286, 0.0044838436586, 0.0063728610366, 0.014184412231, 0.010493732364, 0.0047689560097, 0.017900770429, 0.013925632016, 0.016256705563, 0.021470340236, 0.12530586079],
      [0.0013823405499, 0.0040118366766, 0.0013495111802, 0, 0.0016113316842, 0, 0.0020844932837, 0.0020478874827, 0.0022028202155, 0.0028236902298, 0, 0, 0, 0, 0.0056115815022, 0, 0, 0.015337233406, 0.010617791922, 0, 0.0024608100876, 0.0031881651404, 0, 0, 0.0019243634361, 0.0020502037056, 0, 0.0062543216118, 0, 0.0050474369798, 0.0030415786368, 0, 0, 0, 0, 0.0072566236862, 0, 0.0045673422392, 0, 0, 0.0022499726258, 0, 0, 0, 0.0078254598024, 0.021094469522]
    ],
    [
      [5.3458529091, 0.4927046242, 7.3984553828, 3.1721789828, 2.605599135, 2.507950287, 4.1991630677, 3.6644974257, 2.8944182719, 4.1084464122, 5.556311076, 4.474812637, 3.1261605834, 8.664916342, 5.986443054, 1.3375090868, 1.9888793416, 3.9999136678, 3.523759913, 3.5504500627, 6.8456639865, 5.8128668371, 7.3762626973, 1.7891276265, 4.4083192305, 3.9763269793, 3.0907186895, 5.6386441605, 5.6491684164, 4.4144010526, 5.2290307781, 8.4340205229, 6.7546537559, 3.6558657463, 3.0937963664, 3.8241293189, 4.1187052314, 6.5034875561, 6.6756473711, 5.5976072892, 0.81743772077, 3.21512005, 3.5217613135, 6.4969642927, 3.1878046961, 17.1834503269],
      [5.5779964617, 3.5014939222, 2.4658534563, 2.9700226186, 3.50186936, 4.7540421455, 8.8715781474, 4.7612749548, 2.5368831643, 3.669680918, 3.6722293014, 6.2663292775, 4.0194721186, 5.3158089615, 7.8341273036, 6.8334742812, 6.3380687317, 5.6943335145, 5.3644787887, 5.0995288911, 5.6407694685, 6.9410835808, 6.7495013341, 2.2558260413, 2.4519919535, 3.566749094, 7.8089175296, 7.7568474822, 5.9966626608, 5.5509237518, 7.1116845801, 7.121453866, 5.4684565923, 7.9486128497, 8.1414634155, 9.4933228615, 5.1661147069, 2.60824055, 5.127060724, 4.4623041559, 1.632689797, 8.7994502489, 8.3422022129, 6.3719773317, 6.3004797274, 53.8832447107],
      [3.2566280038, 1.4168384599, 2.4168209977, 1.7081535397, 1.7542882726, 1.257843565, 4.2741307372, 3.1344253465, 2.219840003, 2.2231912569, 2.9135324711, 3.9856283814, 2.1403117252, 3.4049402735, 4.6048104563, 5.277169964, 4.8838222151, 4.0918284672, 4.149965766, 3.5117593459, 3.432630861, 3.4158417984, 3.3876181894, 1.7086398774, 2.1379328959, 1.6233996737, 3.8751462114, 5.3736089385, 3.7332474444, 4.1551809963, 3.9774047607, 4.4631170072, 3.9596671987, 3.7264413898, 3.9251607257, 4.7892837812, 1.9891728933, 2.2143456199, 2.9993973644, 2.1805053415, 1.4830801834, 3.8943914349, 3.7926169323, 3.5538302853, 4.113428972, 25.3323146142],
      [142.4750601153, 81.0698073311, 73.7081321365, 55.09118924, 54.962038723, 66.2180278532, 128.7640119933, 107.9285490824, 83.5136946786, 71.8313481445, 94.5136740416, 123.7806925103, 70.6341248553, 91.1619682787, 114.0033415013, 137.6110989704, 116.4959389583, 93.8539782743, 94.6713882631, 105.9302760264, 115.6945181954, 117.9443182534, 105.4210493262, 68.4841451774, 74.0604690159, 67.6323011336, 115.5664064654, 146.3279234349, 122.8380456258, 104.8477343109, 103.2548405182, 136.529054891, 131.7819182245, 123.4002848872, 109.282892716, 137.9336605845, 81.5328647423, 70.6470312478, 89.1307543935, 93.3574328628, 44.9644920812, 131.9778568211, 151.5669754417, 91.6423762706, 146.5822683977, 810.0403401966],
      [12.3429051971, 7.5159542304, 8.0090486648, 6.0584556189, 6.1747117587, 6.2621361492, 11.889183354, 10.509500385, 7.8331808201, 8.1656645822, 8.3442531099, 10.4925371939, 7.0799307175, 8.4523661443, 10.5686931462, 11.9407476977, 11.2932907533, 9.3537637367, 8.2871357988, 10.9079856739, 10.3842358001, 9.8837327772, 12.065568453, 6.7622612774, 7.9396203148, 6.1994632324, 11.6588111042, 11.8991685364, 9.7828758526, 9.0289711203, 10.4244880407, 13.4523537129, 11.0353042286, 10.2687951269, 10.5566867764, 11.9564256477, 7.1931424261, 7.0226003618, 9.0671401469, 8.4021503506, 4.1006497316, 13.1131814451, 11.7764440995, 8.9348518196, 10.8126552436, 83.5486421321],
      [0.0015573129936, 0.0032014322034, 0.0016893619279, 0, 0.0014927508332, 0, 0.0019327004024, 0.0017528055877, 0.0019830621803, 0.0016686862646, 0, 0, 0, 0, 0.0025845386129, 0, 0, 0.0061823395316, 0.0032714704658, 0, 0.0021816884096, 0.002156753125, 0, 0, 0.0016665893946, 0.0017598869936, 0, 0.0038074474207, 0, 0.0027887682031, 0.0025513220453, 0, 0, 0, 0, 0.0031778061535, 0, 0.0042946643288, 0, 0, 0.0016504861151, 0, 0, 0, 0.0033629633801, 0.012008019549]
    ],
    [
      [18.268715114, 1.6183276635, 20.3219409469, 9.5380813679, 8.656276389, 4.9946770734, 11.1410272741, 9.8998642923, 7.468540192, 10.6067504797, 13.2339216359, 7.7536067584, 8.7512258881, 16.7208892675, 9.367612096, 1.9765825875, 3.9876937668, 5.632422109, 4.6468880264, 7.5044282303, 15.7745505055, 11.7164602903, 15.1000619597, 5.697468719, 12.3511666026, 10.7344777767, 7.0664430255, 6.6961303315, 10.3363570492, 7.6387218182, 10.0076687414, 14.5806651843, 12.7993973497, 4.6083207646, 3.85621697, 5.7893973371, 8.4318511897, 14.7426613584, 14.7029086279, 10.194404157, 2.5505266842, 4.5387115138, 5.1940281332, 12.5752855655, 4.8554012233, 40.18791045],
      [0.1304241874, 0.078597758048, 0.046292288018, 0.061044369769, 0.079396327616, 0.064624200188, 0.16108707549, 0.087994451804, 0.044718349414, 0.06479443038, 0.059802764344, 0.074342015395, 0.076993645648, 0.070206106464, 0.08396320198, 0.069148182749, 0.087046882005, 0.054896770007, 0.048435244309, 0.07374201913, 0.08891761296, 0.095771949399, 0.094575334582, 0.049051456149, 0.046928123482, 0.065760754876, 0.12220918859, 0.063079602274, 0.075124734288, 0.06575733339, 0.093161716205, 0.084288630827, 0.070933142687, 0.068599879096, 0.069484718045, 0.098448516007, 0.072194490069, 0.040377291402, 0.077195565347, 0.055550338167, 0.034721091793, 0.085072990121, 0.084243877536, 0.084428565548, 0.065698763262, 0.86421511541],
