{
  "Z_true": {},
  "V_true": [
    [35, 200, 916, 531],
    [1311, 1764, 410, 83],
    [399, 8418, 423, 134],
    [233, 521, 17726, 280],
    [312, 1892, 1170, 413],
    [172, 403, 335, 205]
  ],
  "p_true": [
    [0.0208, 0.1189, 0.5446, 0.3157],
    [0.3674, 0.4944, 0.1149, 0.0233],
    [0.0426, 0.898, 0.0451, 0.0143],
    [0.0124, 0.0278, 0.9449, 0.0149],
    [0.0824, 0.4996, 0.309, 0.1091],
    [0.1543, 0.3614, 0.3004, 0.1839]
  ],
  "Z_est": [
    [
      [0.8464, 0.0962, 0.074, 0.0599, 0.1287, 0.1826, 0.1157, 0.13, 0.6417, 0.175, 0.071, 0.0312, 0.1097, 0, 0.1514, 0.1653, 0.1872, 0.143, 0.0972, 0.2489, 0.1226, 0.039, 0.29, 0.2553, 0.1768, 0.1819, 0, 0.0297, 0.1058, 0.2734, 0.1862, 0.2082, 0.098, 0.2975, 0.2796, 0.1061, 0, 3.4174, 0.5643, 0.7092, 0.1854],
      [4.3659, 2.464, 1.6124, 0.6586, 2.4981, 3.2702, 1.8849, 3.679, 2.6902, 3.5768, 2.8331, 0, 1.1696, 0, 3.4298, 2.339, 2.2937, 1.2377, 1.913, 3.0772, 1.6351, 0.3861, 4.5647, 3.0658, 2.7025, 2.7933, 0, 0.3861, 0.2725, 2.3603, 2.1688, 10.7629, 6.4811, 3.2995, 3.3724, 1.1884, 0, 66.1764, 5.8591, 5.7569, 1.5329],
      [14.6301, 9.3282, 14.8802, 11.9897, 31.4842, 21.9224, 29.2649, 8.5068, 9.8827, 33.2428, 26.8801, 1.7604, 10.2989, 0, 21.642, 9.7354, 14.9435, 15.8885, 6.5263, 13.6298, 1.8285, 2.8098, 51.4759, 23.8107, 16.3396, 13.0468, 0, 5.9779, 3.5591, 20.3676, 19.5923, 28.9891, 19.7742, 32.8531, 16.6969, 10.1666, 0, 441.0599, 22.7312, 27.7179, 3.8175],
      [6.1576, 5.1116, 6.4334, 4.2918, 9.889, 10.6247, 8.7345, 6.6842, 4.7854, 12.0055, 8.2158, 2.2084, 3.4218, 0, 6.7768, 4.7602, 6.5757, 5.7308, 3.4635, 7.0441, 1.4139, 1.7652, 17.6695, 8.8681, 5.7811, 4.9779, 0, 1.6064, 1.0625, 5.9988, 7.0527, 10.0398, 7.6468, 10.5499, 6.6511, 3.5389, 0, 184.3463, 13.8454, 14.816, 1.4641]
    ],
    [
      [12.5173, 18.9819, 15.1902, 12.2833, 23.7129, 37.4969, 18.1639, 25.4649, 21.123, 35.1802, 12.061, 4.694, 24.1219, 0, 30.0402, 36.0562, 41.0695, 28.4729, 22.2433, 49.6448, 28.0059, 9.001, 57.3258, 54.1621, 37.2145, 40.9139, 0, 6.3303, 7.4856, 55.8884, 43.0285, 45.7308, 19.9331, 63.3418, 63.3128, 23.1192, 0, 738.183, 121.4459, 143.6098, 45.4496],
      [2.8525, 9.8366, 10.2477, 6.1744, 13.7511, 21.5298, 4.8909, 11.9991, 4.8136, 22.1387, 8.112, 1.0697, 11.1709, 0, 13.0982, 19.0273, 22.8334, 12.0031, 15.1119, 22.4014, 14.1407, 4.6031, 31.4895, 26.0125, 19.7259, 21.821, 0, 5.1645, 2.8193, 21.3498, 30.0001, 27.071, 19.5603, 28.1938, 38.826, 13.5006, 0, 442.4771, 53.9289, 56.8162, 33.0088],
      [0.5883, 1.103, 3.0428, 4.4821, 1.4339, 3.8085, 0.8824, 1.4339, 0.9927, 3.5215, 0.7721, 0.2206, 6.5973, 0, 5.7334, 5.7568, 6.9114, 4.4063, 2.5402, 2.7575, 5.8534, 5.3462, 6.9336, 10.5872, 5.0595, 9.2652, 0, 3.5052, 0.6663, 9.7618, 8.7569, 12.1982, 9.3784, 16.1818, 8.5708, 3.2755, 1, 128.9043, 23.1045, 16.0062, 22.5417],
      [0.0419, 0.0785, 0.5193, 0.0602, 0.102, 0.1648, 0.0628, 0.102, 0.0706, 0.1596, 0.0549, 0.0157, 0.1099, 0, 0.1282, 0.1596, 0.1858, 0.1177, 0.1047, 0.1962, 0, 0.0497, 0.2512, 0.2381, 0, 0, 0, 0, 0.0288, 0, 0.2146, 0, 0.1282, 0.2826, 0.2904, 0.1047, 0, 3.4356, 0.5207, 0.5678, 0]
    ],
    [
      [0.8527, 1.3399, 0.0287, 0.0236, 1.4034, 1.706, 4.7605, 1.9299, 6.8497, 1.7203, 0.5492, 1.5176, 0.6968, 0, 0.7397, 1.0779, 1.1205, 3.0812, 0.292, 1.7161, 0.7408, 0.0169, 2.4553, 1.5901, 1.3517, 1.4102, 0, 0.0118, 0.1586, 0.8128, 0.0793, 0.0843, 0.0371, 1.5283, 1.6588, 0.3684, 0, 17.6847, 3.8028, 15.659, 0.7537],
      [91.8959, 149.4593, 94.8581, 34.0051, 138.9113, 188.4168, 118.3484, 220.9035, 127.916, 212.2587, 89.5664, 120.5365, 63.5554, 2.5799, 75.0314, 109.6251, 124.6378, 58.9705, 62.9965, 182.1271, 83.7675, 20.2746, 269.325, 172.4814, 152.067, 157.9108, 1.9579, 18.7321, 16.052, 83.2467, 112.0429, 145.9606, 91.9173, 162.7675, 185.6724, 38.2942, 0, 3803.4608, 342.7121, 334.5558, 81.7039],
      [8.5509, 11.0549, 7.5474, 1.0695, 28.265, 10.9283, 13.5063, 10.5378, 8.5536, 29.7547, 10.8529, 2.2549, 1.4091, 0.4201, 7.8156, 4.7314, 2.7761, 1.388, 2.8057, 15.9844, 1.8297, 2.5157, 17.3945, 9.7047, 6.4851, 7.8034, 0.0421, 0.8147, 1.3921, 2.1752, 2.4817, 3.1967, 2.04, 9.407, 4.3019, 0.8623, 0, 217.0704, 27.7911, 35.9366, 2.101],
      [2.7004, 3.146, 4.5658, 1.9017, 3.4203, 5.9488, 3.3848, 4.6288, 2.6807, 6.2663, 3.0314, 2.6911, 1.3387, 0, 2.4134, 2.5656, 3.4656, 2.5603, 1.9057, 4.1724, 0.662, 1.1929, 7.8253, 4.2238, 2.0963, 1.8757, 0, 0.4413, 0.3974, 1.7653, 3.3962, 2.7583, 3.0056, 4.2972, 3.3669, 1.4752, 0, 95.7842, 8.694, 8.8486, 0.4413]
    ],
    [
      [3.5935, 1.0499, 0, 0, 0.8197, 0.7631, 0.7052, 1.9945, 0.4574, 0, 0, 0.3584, 0.9685, 0, 3.427, 1.9611, 2.015, 1.5828, 0, 8.027, 0.9815, 0, 3.4221, 3.7942, 2.3219, 0.7787, 0, 0, 1.6872, 5.4684, 0, 0, 0, 3.9122, 2.3857, 1.495, 0, 0, 10.6789, 13.0087, 0],
      [5.0485, 8.3704, 3.4917, 3.7959, 5.4096, 7.6235, 4.0818, 16.4677, 1.7843, 7.7456, 3.2458, 5.2342, 6.0532, 0.0984, 2.9999, 6.9772, 13.7699, 2.6802, 8.7848, 12.0164, 13.6079, 0.836, 22.3752, 6.7116, 16.9402, 18.8918, 1.2834, 0.836, 3.9807, 5.5088, 15.1757, 19.9253, 10.8733, 7.9494, 32.2564, 2.7234, 0, 276.7304, 12.688, 12.4667, 8.9876],
      [191.3413, 213.2317, 205.9607, 251.2693, 352.7707, 342.3688, 178.598, 307.5282, 117.0498, 443.5736, 133.4973, 40.1357, 214.9783, 3.9016, 319.2508, 123.0617, 203.2097, 211.7641, 75.2178, 357.9746, 340.4106, 71.3446, 687.6722, 577.0756, 361.7379, 391.3295, 6.7166, 94.164, 58.9251, 379.0228, 384.4505, 415.0747, 290.1589, 489.2779, 364.1462, 141.5886, 2, 7255.6316, 496.1032, 615.9642, 232.0124],
      [1.0167, 1.348, 2.5476, 1.9347, 0, 5.2446, 1.615, 3.0096, 0.7086, 2.6808, 2.257, 0.2716, 0, 0, 0.3223, 0, 4.0054, 1.9728, 0.9974, 2.982, 0, 1.8193, 8.5304, 0.4185, 0, 0, 0, 0, 0.407, 0, 2.3737, 0, 2.9678, 0.8605, 1.2117, 1.193, 0, 59.6379, 6.5299, 5.5604, 0]
    ],
    [
      [0.2066, 0.3219, 0, 0.0961, 0.4948, 0.4948, 0.2498, 0.4948, 0.2114, 0.4852, 0.2066, 0.2018, 0.1441, 0, 0.2258, 0.293, 0.2498, 0.2546, 0.1537, 0.2979, 0.1633, 0.0576, 0.4804, 0.4516, 0.269, 0.2546, 0, 0.0721, 0.0096, 3.1516, 0.1922, 0.3459, 0.1537, 0.2882, 0.2162, 0.1153, 0, 8.3639, 0.6101, 0.5861, 0.0336],
      [26.3014, 41.4185, 28.1769, 11.7819, 53.9192, 59.758, 33.1371, 62.8491, 29.5869, 61.3962, 25.9579, 30.6806, 19.0467, 1.2121, 26.4596, 43.4621, 35.0292, 32.0446, 21.3684, 43.6359, 26.3179, 7.0004, 67.3824, 55.1517, 40.5406, 39.5512, 0.7587, 8.0207, 0.8625, 27.2459, 26.7894, 48.4183, 20.3413, 41.4106, 31.2624, 14.2585, 0, 1092.5114, 87.4973, 84.2289, 4.7904],
      [7.7451, 14.2801, 7.9337, 2.3549, 33.1878, 22.6951, 7.8705, 23.1473, 5.9296, 20.2974, 7.2708, 4.3489, 5.7018, 0.7879, 11.8315, 7.5049, 5.7058, 11.2507, 4.1396, 5.2577, 5.8834, 1.6452, 8.4802, 23.0659, 7.1344, 5.2382, 0.2413, 5.393, 0.1696, 8.1634, 3.3921, 13.2244, 2.7137, 5.0881, 3.8161, 4.6681, 0, 318.7496, 11.9745, 10.3459, 0.5936],
      [8.747, 10.9795, 10.8894, 5.7671, 15.3982, 20.0521, 10.7426, 16.5087, 8.2722, 18.8212, 9.5647, 6.7688, 5.1074, 0, 8.4831, 9.74, 11.0152, 9.4501, 6.3383, 12.8085, 1.6354, 3.2967, 23.657, 15.3309, 8.056, 7.956, 0, 1.5142, 0.9583, 4.4392, 9.6263, 10.0114, 8.7913, 13.213, 9.7053, 4.9581, 0, 321.3751, 26.9181, 26.8391, 1.5824]
    ],
    [
      [1.9835, 2.2102, 1.7072, 1.5371, 2.4405, 4.3565, 2.0049, 2.9859, 2.7168, 3.4393, 1.1122, 1.197, 1.9589, 0, 2.4159, 3.4465, 3.3581, 2.4655, 2.2138, 5.0653, 2.9859, 0.8855, 5.0264, 4.7466, 3.6661, 3.4608, 0, 0.5561, 0.5531, 5.4054, 3.5139, 3.6308, 1.7781, 5.6321, 5.1469, 1.796, 0, 71.351, 11.898, 14.4273, 3.5777],
      [5.5358, 5.4512, 3.6133, 1.584, 5.5107, 7.4016, 3.6569, 8.1015, 6.2091, 7.884, 2.2848, 6.479, 2.0043, 0.1097, 0.9811, 6.5692, 3.436, 2.064, 5.8254, 7.742, 4.5309, 0.8997, 6.8633, 6.5769, 6.0239, 5.0319, 0, 0.8606, 0.0131, 7.2885, 4.8231, 4.8618, 3.8268, 6.3791, 5.6104, 1.0349, 0, 146.6438, 13.3145, 13.1754, 4.9764],
      [6.1443, 6.0021, 6.6351, 8.8344, 4.8584, 17.2769, 2.878, 6.8461, 5.5917, 6.61, 1.7268, 4.2795, 2.0146, 0.8903, 1.7268, 6.2098, 3.4535, 2.3024, 4.7705, 9.396, 11.1945, 3.3386, 6.0437, 5.7559, 8.2434, 4.3169, 0, 1.1452, 0.2878, 9.5094, 5.3265, 4.3169, 2.9348, 10.1921, 5.4681, 1.439, 0, 164.5842, 30.2956, 33.0292, 4.9337],
      [2.3365, 2.3365, 2.0444, 2.0444, 2.1904, 4.965, 1.4603, 3.0666, 2.4825, 3.0666, 0.8762, 2.0444, 1.0222, 0, 0.8762, 2.7746, 1.7523, 1.1682, 2.1904, 3.7968, 2.2888, 0.8762, 3.0666, 2.9206, 3.0666, 2.1904, 0, 0.4381, 0.146, 3.7968, 2.3365, 2.1904, 1.4603, 3.7968, 2.7746, 0.7301, 0, 65.421, 9.4919, 10.3681, 0.5121]
    ]
  ],
  "V_est": [
    [11.1814, 169.7579, 1069.0513, 432.0094],
    [2072.0001, 1123.5715, 363.8814, 8.5469],
    [81.6103, 8541.5023, 535.5522, 215.3353],
    [77.6578, 616.4272, 17941.4907, 124.4243],
    [20.8979, 2411.5625, 649.2217, 705.3178],
    [198.6525, 335.1785, 420.8027, 160.3663]
  ],
  "p_est": [
    [0.0066, 0.1009, 0.6356, 0.2568],
    [0.5807, 0.3149, 0.102, 0.0024],
    [0.0087, 0.9112, 0.0571, 0.023],
    [0.0041, 0.0329, 0.9564, 0.0066],
    [0.0055, 0.6368, 0.1714, 0.1862],
    [0.1782, 0.3006, 0.3774, 0.1438]
  ],
  "EI_Z": {},
  "EI_V": 6.4428,
  "MAE_Z": {},
  "MAE_V": 205.5579,
  "MAE_p": 0.0558,
  "runtime": 1.604
}
