{
  "X": [
    [0, 7, 5, 2],
    [3, 17, 31, 5],
    [0, 29, 32, 2],
    [7, 76, 57, 8],
    [20, 225, 185, 27],
    [8, 94, 111, 7],
    [0, 6, 4, 1],
    [0, 6, 5, 2],
    [0, 23, 16, 5],
    [0, 7, 7, 2],
    [8, 114, 88, 11],
    [9, 197, 148, 26],
    [0, 2, 4, 0],
    [5, 36, 24, 6],
    [0, 3, 4, 1],
    [6, 39, 43, 12],
    [0, 4, 4, 0],
    [1, 3, 3, 1],
    [3, 33, 88, 6],
    [0, 6, 12, 0],
    [1, 12, 4, 2],
    [5, 64, 58, 10],
    [0, 9, 9, 0],
    [1, 32, 17, 4],
    [3, 45, 30, 11],
    [0, 12, 8, 4],
    [2, 97, 45, 8],
    [1, 9, 3, 1],
    [24, 379, 300, 44],
    [14, 159, 157, 24],
    [1, 24, 13, 4],
    [2, 22, 75, 5],
    [15, 177, 209, 31],
    [4, 112, 95, 19],
    [1, 20, 80, 5],
    [0, 38, 61, 7],
    [17, 164, 153, 19],
    [14, 255, 185, 22],
    [5, 90, 121, 10],
    [55, 339, 249, 34],
    [0, 11, 19, 0],
    [0, 1, 4, 2],
    [11, 103, 101, 12],
    [0, 7, 4, 0],
    [0, 7, 10, 2],
    [11, 288, 337, 39],
    [3, 29, 31, 2],
    [15, 202, 224, 42],
    [1, 7, 14, 1],
    [1, 10, 11, 2],
    [106, 764, 928, 122],
    [30, 299, 349, 53],
    [5, 39, 25, 3],
    [1, 17, 11, 1],
    [25, 261, 254, 37],
    [7, 13, 45, 3],
    [8, 129, 74, 11],
    [11, 216, 195, 26],
    [1, 14, 18, 4],
    [2, 22, 16, 1],
    [6, 147, 91, 16],
    [9, 83, 70, 10],
    [0, 3, 9, 0],
    [0, 4, 5, 1],
    [5, 22, 37, 4],
    [3, 45, 47, 13],
    [7, 95, 82, 15],
    [3, 25, 10, 3],
    [1, 14, 7, 2],
    [2, 73, 33, 8],
    [1, 7, 4, 0],
    [8, 43, 46, 8],
    [3, 32, 19, 10],
    [0, 7, 6, 3],
    [19, 145, 157, 19],
    [0, 25, 21, 3],
    [2, 4, 3, 1],
    [1, 6, 4, 2],
    [0, 23, 20, 8],
    [0, 8, 5, 0],
    [0, 5, 4, 1],
    [0, 4, 3, 1],
    [6, 44, 52, 8],
    [7, 46, 57, 11],
    [1, 3, 3, 1],
    [4, 44, 21, 10],
    [0, 3, 2, 1],
    [3, 14, 18, 8],
    [8, 53, 47, 16],
    [0, 5, 5, 0],
    [1, 10, 17, 1],
    [0, 3, 3, 1],
    [2, 11, 25, 0],
    [0, 17, 13, 1],
    [3, 18, 22, 0],
    [0, 11, 14, 2],
    [4, 19, 32, 1],
    [0, 12, 15, 2],
    [0, 3, 2, 1],
    [0, 4, 7, 3],
    [0, 5, 6, 1],
    [0, 10, 9, 1],
    [4, 12, 13, 3],
    [5, 14, 13, 1],
    [0, 7, 4, 0],
    [0, 4, 3, 3],
    [0, 7, 9, 3],
    [3, 8, 13, 5],
    [0, 0, 2, 4],
    [0, 4, 2, 0],
    [0, 5, 8, 3],
    [1, 12, 17, 0],
    [0, 7, 7, 4],
    [0, 28, 38, 6],
    [0, 3, 2, 3],
    [1, 8, 5, 0],
    [0, 16, 7, 4],
    [5, 9, 35, 2],
    [0, 3, 4, 1],
    [0, 4, 2, 0],
    [1, 11, 44, 1],
    [2, 10, 17, 2],
    [2, 33, 22, 1],
    [0, 5, 5, 2],
    [0, 7, 7, 1],
    [5, 66, 72, 16],
    [2, 37, 24, 4],
    [8, 13, 15, 3],
    [0, 15, 30, 3],
    [4, 15, 20, 1],
    [2, 32, 23, 7],
    [2, 19, 12, 5],
    [6, 37, 40, 5],
    [2, 18, 6, 0],
    [1, 13, 33, 1],
    [0, 7, 7, 0],
    [1, 13, 31, 5],
    [1, 28, 28, 6],
    [2, 42, 60, 9],
    [1, 5, 6, 5],
    [0, 3, 4, 1],
    [0, 7, 4, 1],
    [2, 10, 14, 5],
    [0, 1, 5, 1],
    [0, 3, 10, 1],
    [0, 11, 7, 2],
    [0, 13, 27, 3],
    [2, 24, 31, 4],
    [1, 7, 36, 5],
    [4, 17, 70, 3],
    [4, 23, 30, 9],
    [0, 14, 36, 2],
    [2, 63, 100, 6],
    [1, 11, 14, 2],
    [2, 0, 6, 1],
    [1, 29, 23, 8],
    [0, 17, 12, 2],
    [8, 19, 28, 2],
    [1, 14, 15, 2],
    [6, 62, 40, 7],
    [3, 11, 18, 1],
    [1, 9, 6, 1],
    [1, 11, 17, 6],
    [5, 31, 17, 2],
    [11, 73, 62, 16],
    [0, 16, 5, 1],
    [0, 4, 3, 1],
    [3, 21, 5, 4],
    [6, 30, 39, 8],
    [4, 24, 24, 3],
    [1, 8, 8, 0],
    [1, 3, 9, 0],
    [2, 23, 31, 6],
    [0, 4, 9, 0],
    [2, 37, 19, 10],
    [3, 28, 37, 10],
    [7, 39, 95, 9],
    [0, 4, 5, 3],
    [0, 13, 12, 3],
    [0, 5, 4, 0],
    [3, 21, 45, 5],
    [1, 13, 7, 1],
    [2, 30, 34, 6],
    [3, 15, 21, 2],
    [0, 1, 3, 2],
    [3, 18, 12, 3],
    [7, 40, 72, 7],
    [1, 7, 30, 3],
    [1, 8, 30, 4],
    [2, 8, 17, 2],
    [1, 13, 27, 2],
    [6, 41, 38, 6],
    [2, 35, 33, 0],
    [4, 27, 35, 3],
    [2, 58, 35, 3],
    [0, 4, 5, 2],
    [2, 13, 12, 3],
    [1, 2, 5, 2],
    [1, 22, 38, 4],
    [11, 60, 67, 9],
    [3, 14, 23, 2],
    [0, 15, 11, 4],
    [5, 18, 33, 4],
    [3, 12, 12, 1],
    [4, 50, 76, 13],
    [3, 19, 24, 6],
    [0, 3, 8, 0],
    [0, 11, 6, 0],
    [7, 44, 60, 7],
    [0, 3, 4, 0],
    [1, 27, 34, 4],
    [2, 14, 26, 2],
    [2, 34, 31, 9],
    [1, 13, 22, 2],
    [0, 2, 3, 4],
    [1, 3, 1, 1],
    [2, 6, 2, 0],
    [3, 21, 19, 4],
    [0, 10, 15, 6],
    [0, 5, 4, 2],
    [0, 13, 11, 6],
    [1, 11, 23, 2],
    [1, 25, 17, 3],
    [0, 20, 12, 2],
    [0, 9, 8, 1],
    [0, 5, 1, 1],
    [0, 21, 29, 3],
    [2, 39, 50, 9],
    [3, 8, 9, 2],
    [1, 15, 20, 3],
    [1, 7, 8, 1],
    [1, 1, 8, 1],
    [0, 1, 5, 0],
    [1, 4, 9, 2],
    [1, 22, 27, 2],
    [2, 17, 18, 5],
    [2, 13, 16, 6],
    [3, 10, 12, 3],
    [0, 13, 11, 3],
    [1, 8, 8, 1],
    [2, 32, 36, 6],
    [0, 7, 6, 2],
    [0, 1, 8, 0],
    [0, 2, 3, 2],
    [0, 6, 5, 0],
    [0, 12, 3, 3],
    [1, 11, 7, 2],
    [1, 10, 11, 1],
    [1, 6, 9, 6],
    [0, 8, 5, 2],
    [0, 5, 2, 1],
    [0, 9, 4, 0],
    [0, 5, 2, 0],
    [0, 5, 9, 4],
    [0, 10, 14, 0],
    [0, 8, 6, 0],
    [0, 7, 1, 1],
    [0, 5, 4, 2],
    [47, 200, 186, 47],
    [191, 1458, 1590, 317],
    [87, 794, 1077, 197],
    [4, 31, 30, 5]
  ],
  "W": [
    [0, 9, 1, 0, 4],
    [3, 37, 7, 2, 7],
    [6, 38, 12, 3, 4],
    [11, 96, 13, 7, 21],
    [35, 282, 59, 19, 62],
    [21, 135, 41, 4, 19],
    [1, 7, 2, 0, 1],
    [1, 8, 1, 1, 2],
    [2, 31, 2, 0, 9],
    [2, 9, 1, 0, 4],
    [14, 144, 30, 12, 21],
    [15, 245, 56, 12, 52],
    [0, 5, 1, 0, 0],
    [6, 41, 9, 3, 12],
    [0, 3, 3, 0, 2],
    [12, 52, 19, 4, 13],
    [1, 7, 0, 0, 0],
    [0, 3, 0, 2, 3],
    [7, 59, 42, 9, 13],
    [1, 10, 5, 2, 0],
    [2, 13, 0, 1, 3],
    [6, 85, 27, 5, 14],
    [0, 10, 2, 2, 4],
    [0, 36, 3, 5, 10],
    [5, 59, 11, 0, 14],
    [1, 14, 3, 2, 4],
    [5, 114, 16, 2, 15],
    [0, 12, 2, 0, 0],
    [15, 531, 110, 22, 69],
    [8, 231, 68, 11, 36],
    [3, 31, 2, 2, 4],
    [3, 49, 42, 2, 8],
    [16, 271, 78, 24, 43],
    [7, 153, 33, 12, 25],
    [5, 52, 41, 2, 6],
    [11, 59, 21, 4, 11],
    [18, 235, 63, 7, 30],
    [41, 321, 59, 20, 35],
    [26, 135, 38, 1, 26],
    [33, 441, 86, 18, 99],
    [3, 16, 9, 1, 1],
    [1, 4, 0, 0, 2],
    [7, 146, 40, 7, 27],
    [0, 7, 3, 0, 1],
    [0, 12, 4, 0, 3],
    [42, 415, 127, 30, 61],
    [3, 43, 11, 3, 5],
    [17, 283, 100, 25, 58],
    [0, 13, 6, 0, 4],
    [0, 14, 7, 0, 3],
    [124, 1133, 396, 67, 200],
    [52, 414, 161, 27, 77],
    [4, 52, 10, 1, 5],
    [4, 16, 4, 1, 5],
    [26, 368, 112, 11, 60],
    [4, 38, 16, 0, 10],
    [19, 128, 34, 8, 33],
    [24, 290, 84, 7, 43],
    [1, 18, 14, 0, 4],
    [2, 29, 5, 0, 5],
    [10, 173, 37, 9, 31],
    [12, 108, 26, 4, 22],
    [3, 6, 2, 0, 1],
    [0, 3, 5, 0, 2],
    [5, 30, 20, 1, 12],
    [13, 50, 17, 9, 19],
    [16, 108, 30, 12, 33],
    [2, 28, 3, 1, 7],
    [0, 17, 4, 0, 3],
    [3, 79, 15, 6, 13],
    [1, 5, 1, 0, 5],
    [7, 62, 17, 3, 16],
    [3, 40, 6, 4, 11],
    [1, 8, 4, 0, 3],
    [24, 217, 52, 3, 44],
    [6, 32, 5, 2, 4],
    [1, 7, 0, 2, 0],
    [1, 6, 0, 0, 6],
    [7, 30, 4, 0, 10],
    [2, 11, 0, 0, 0],
    [0, 6, 1, 1, 2],
    [1, 4, 1, 0, 2],
    [13, 57, 17, 5, 18],
    [12, 58, 19, 5, 27],
    [0, 6, 0, 0, 2],
    [6, 46, 9, 2, 16],
    [1, 5, 0, 0, 0],
    [4, 13, 9, 2, 15],
    [14, 75, 15, 6, 14],
    [1, 8, 1, 0, 0],
    [1, 15, 9, 3, 1],
    [0, 3, 0, 1, 3],
    [0, 20, 14, 3, 1],
    [7, 18, 3, 1, 2],
    [2, 25, 7, 2, 7],
    [2, 15, 2, 4, 4],
    [2, 32, 9, 4, 9],
    [3, 16, 5, 3, 2],
    [3, 2, 0, 0, 1],
    [2, 6, 0, 2, 4],
    [1, 9, 0, 1, 1],
    [1, 13, 3, 2, 1],
    [2, 16, 5, 4, 5],
    [1, 19, 3, 2, 8],
    [3, 4, 1, 0, 3],
    [1, 3, 1, 1, 4],
    [1, 12, 0, 2, 4],
    [2, 10, 4, 2, 11],
    [0, 0, 2, 1, 3],
    [1, 4, 1, 0, 0],
    [0, 6, 5, 1, 4],
    [1, 19, 8, 0, 2],
    [3, 10, 0, 1, 4],
    [6, 41, 9, 4, 12],
    [2, 2, 0, 0, 4],
    [0, 7, 2, 3, 2],
    [2, 15, 2, 2, 6],
    [1, 21, 21, 5, 3],
    [0, 5, 1, 0, 2],
    [0, 3, 2, 0, 1],
    [6, 25, 21, 5, 0],
    [1, 21, 3, 0, 6],
    [2, 45, 3, 2, 6],
    [0, 10, 0, 0, 2],
    [0, 11, 2, 0, 2],
    [6, 105, 16, 8, 24],
    [4, 49, 4, 5, 5],
    [0, 22, 4, 2, 11],
    [1, 22, 16, 4, 5],
    [0, 22, 9, 4, 5],
    [5, 34, 9, 6, 10],
    [0, 28, 6, 0, 4],
    [4, 66, 11, 2, 5],
    [4, 15, 1, 2, 4],
    [1, 30, 12, 3, 2],
    [0, 9, 4, 0, 1],
    [1, 33, 11, 1, 4],
    [4, 37, 8, 3, 11],
    [5, 62, 21, 9, 16],
    [0, 13, 0, 0, 4],
    [0, 6, 1, 1, 0],
    [1, 7, 2, 1, 1],
    [0, 18, 2, 2, 9],
    [1, 3, 1, 1, 1],
    [0, 5, 7, 0, 2],
    [0, 14, 2, 0, 4],
    [6, 17, 12, 4, 4],
    [2, 43, 10, 0, 6],
    [3, 28, 9, 2, 7],
    [7, 50, 26, 4, 7],
    [6, 40, 5, 1, 14],
    [2, 32, 10, 7, 1],
    [4, 113, 35, 9, 10],
    [2, 17, 7, 0, 2],
    [0, 4, 4, 0, 1],
    [1, 46, 6, 0, 8],
    [0, 24, 4, 2, 1],
    [1, 30, 12, 6, 8],
    [1, 18, 1, 2, 10],
    [3, 76, 14, 6, 16],
    [1, 18, 5, 1, 8],
    [1, 13, 1, 0, 2],
    [2, 22, 4, 1, 6],
    [3, 40, 2, 1, 9],
    [10, 98, 18, 7, 29],
    [1, 19, 1, 0, 1],
    [1, 6, 0, 0, 1],
    [2, 20, 4, 2, 5],
    [1, 53, 14, 3, 12],
    [2, 30, 13, 2, 8],
    [1, 9, 3, 0, 4],
    [1, 7, 3, 0, 2],
    [10, 31, 9, 3, 9],
    [2, 6, 0, 1, 4],
    [1, 48, 5, 3, 11],
    [4, 38, 10, 8, 18],
    [6, 72, 53, 5, 14],
    [1, 2, 2, 0, 7],
    [2, 16, 7, 1, 2],
    [1, 3, 2, 1, 2],
    [4, 38, 20, 4, 8],
    [1, 15, 2, 0, 4],
    [0, 51, 11, 3, 7],
    [2, 20, 8, 3, 8],
    [0, 2, 1, 0, 3],
    [3, 21, 5, 0, 7],
    [10, 65, 24, 9, 18],
    [0, 23, 14, 2, 2],
    [2, 15, 13, 9, 4],
    [0, 17, 7, 2, 3],
    [1, 27, 11, 1, 3],
    [2, 67, 8, 3, 11],
    [5, 41, 13, 6, 5],
    [3, 40, 9, 4, 13],
    [1, 74, 0, 1, 22],
    [0, 6, 2, 0, 3],
    [0, 19, 3, 2, 6],
    [0, 6, 2, 1, 1],
    [5, 46, 12, 0, 2],
    [5, 91, 23, 6, 22],
    [0, 27, 9, 1, 5],
    [2, 16, 5, 4, 3],
    [2, 34, 9, 7, 8],
    [0, 15, 5, 1, 7],
    [7, 85, 26, 7, 18],
    [2, 26, 10, 3, 11],
    [0, 6, 4, 0, 1],
    [0, 11, 3, 1, 2],
    [9, 66, 24, 3, 16],
    [0, 3, 3, 1, 0],
    [3, 42, 11, 2, 8],
    [0, 26, 13, 1, 4],
    [5, 49, 11, 4, 7],
    [0, 23, 7, 5, 3],
    [0, 0, 2, 3, 4],
    [1, 2, 1, 0, 2],
    [0, 5, 1, 1, 3],
    [4, 27, 7, 1, 8],
    [2, 14, 4, 1, 10],
    [0, 9, 1, 0, 1],
    [1, 17, 4, 1, 7],
    [2, 18, 5, 2, 10],
    [2, 27, 11, 1, 5],
    [1, 23, 4, 0, 6],
    [1, 9, 1, 2, 5],
    [1, 6, 0, 0, 0],
    [6, 35, 8, 0, 4],
    [9, 61, 13, 3, 14],
    [0, 9, 6, 2, 5],
    [2, 25, 7, 3, 2],
    [2, 7, 3, 1, 4],
    [2, 4, 2, 1, 2],
    [2, 3, 0, 1, 0],
    [1, 5, 5, 1, 4],
    [3, 31, 9, 3, 6],
    [0, 23, 8, 2, 9],
    [3, 18, 8, 4, 4],
    [0, 19, 4, 1, 4],
    [3, 15, 2, 2, 5],
    [2, 8, 2, 0, 6],
    [3, 52, 12, 1, 8],
    [1, 7, 2, 0, 5],
    [0, 7, 2, 0, 0],
    [1, 4, 0, 0, 2],
    [1, 8, 1, 0, 1],
    [1, 12, 0, 0, 5],
    [1, 13, 3, 2, 2],
    [1, 16, 3, 0, 3],
    [0, 6, 7, 5, 4],
    [2, 8, 1, 1, 3],
    [1, 5, 0, 1, 1],
    [3, 6, 2, 1, 1],
    [1, 4, 1, 0, 1],
    [1, 8, 5, 0, 4],
    [4, 14, 4, 0, 2],
    [0, 11, 1, 1, 1],
    [1, 6, 0, 0, 2],
    [0, 7, 1, 1, 2],
    [41, 255, 72, 8, 104],
    [237, 2011, 701, 78, 529],
    [125, 1205, 419, 64, 342],
    [5, 41, 3, 2, 19]
  ],
  "method": "mvn_pdf",
  "cond_prob": [
    [
      [0.0014410362013, 0.47503493886, 0.50062137546, 0.022902649479],
      [0, 0.62415486127, 0.3403911531, 0.035453985625],
      [0, 0.03445570328, 0.95651885677, 0.0090254399468],
      [0.0081978906591, 0.20501232244, 0.69409270605, 0.092697080852],
      [0, 0.33703763632, 0.24499019133, 0.41797217236]
    ],
    [
      [0.0077758704008, 0.27601551649, 0.68028459651, 0.035924016601],
      [0.04516328005, 0.3979237281, 0.51663648017, 0.040276511684],
      [0.021816396758, 0.017154974, 0.94954876523, 0.011479864011],
      [0.037564305855, 0.10124015177, 0.7443244576, 0.11687108477],
      [0.15396966256, 0.16088719849, 0.24401516748, 0.44112797147]
    ],
    [
      [0, 0.46274762452, 0.51967719788, 0.017575177599],
      [0, 0.6150874052, 0.37042751381, 0.014485080987],
      [0, 0.037125121002, 0.95639015134, 0.0064847276556],
      [0, 0.21137064653, 0.72651234446, 0.062117009009],
      [0, 0.44264486591, 0.28736810959, 0.26998702451]
    ],
    [
      [0.0071044850993, 0.4994160601, 0.47297168085, 0.020507773954],
      [0.029822136508, 0.63437124172, 0.32214261809, 0.013664003679],
      [0.027871388787, 0.043599451613, 0.91929073897, 0.0092384206316],
      [0.042426666524, 0.22956647897, 0.64637959904, 0.081627255461],
      [0.16188623044, 0.35395361477, 0.20934206542, 0.27481808938]
    ],
    [
      [0.0071775358415, 0.5001300024, 0.46878516069, 0.023907301068],
      [0.027261000984, 0.63589631991, 0.31928270531, 0.017559973796],
      [0.028422595729, 0.044376122928, 0.9163050718, 0.010896209547],
      [0.042371990126, 0.22891386617, 0.63462216221, 0.094091981496],
      [0.15450295173, 0.34201827407, 0.20056413161, 0.30291464259]
    ],
    [
      [0.0065753223904, 0.42407910684, 0.55170534043, 0.01764023034],
      [0.027734700508, 0.56938742544, 0.39345146813, 0.0094264059231],
      [0.022614180499, 0.032579191124, 0.9378329409, 0.0069736874798],
      [0.037047831726, 0.18461967466, 0.71212269307, 0.066209800537],
      [0.16012425968, 0.32383214671, 0.26308412128, 0.25295947234]
    ],
    [
      [0, 0.59890980559, 0.37503738827, 0.026052806139],
      [0, 0.72403371436, 0.23677557748, 0.039190708159],
      [0, 0.051695690471, 0.93610393645, 0.012200373079],
      [0.0053432349279, 0.28116150481, 0.58113004039, 0.13236521987],
      [0, 0.22946281297, 0.095325696446, 0.67521149059]
    ],
    [
      [0, 0.46295006643, 0.48812752048, 0.048922413089],
      [0, 0.6230917902, 0.33827341234, 0.03863479746],
      [0, 0.034161775127, 0.94644612493, 0.019392099946],
      [0, 0.18219960084, 0.61600883625, 0.2017915629],
      [0, 0.16797711799, 0.12161510982, 0.71040777219]
    ],
    [
      [0, 0.4634300513, 0.50445059167, 0.032119357031],
      [0, 0.61544753217, 0.35202616083, 0.032526306994],
      [0, 0.037519990542, 0.94202711858, 0.020452890878],
      [0.012206545641, 0.20304314423, 0.66768459019, 0.11706571993],
      [0, 0.32435849099, 0.24380373263, 0.43183777637]
    ],
    [
      [0, 0.39035222668, 0.58730259796, 0.022345175367],
      [0, 0.55450531513, 0.42114738433, 0.024347300541],
      [0, 0.025726773865, 0.96282990623, 0.011443319901],
      [0.0072384785211, 0.15969225344, 0.75454854594, 0.078520722106],
      [0, 0.30075523415, 0.26805960972, 0.43118515612]
    ],
    [
      [0.0064884585725, 0.52409104201, 0.44564079766, 0.023779701756],
      [0.02538292356, 0.65771170106, 0.29803434988, 0.018871025498],
      [0.026891240631, 0.048462149839, 0.91332299351, 0.011323616018],
      [0.039348338998, 0.24539535177, 0.61896796461, 0.096288344614],
      [0.14167158574, 0.35969674966, 0.19127509852, 0.30735656609]
    ],
    [
      [0.0044420736344, 0.53043572028, 0.43856292848, 0.026559277605],
      [0.010244808234, 0.66956369286, 0.29687271744, 0.023318781469],
      [0.018812822357, 0.050314554662, 0.91792545301, 0.012947169967],
      [0.027093467986, 0.2508507665, 0.61388909707, 0.10816666845],
      [0.097014446355, 0.36870259973, 0.19071626475, 0.34356668916]
    ],
    [
      [0.00011733824826, 0.19645340822, 0.80331113225, 0.0001181212884],
      [0, 0.39808525282, 0.60191474718, 0],
      [0, 0.009573735911, 0.99042626409, 0],
      [0.00022406488382, 0.065744101757, 0.93403180742, 2.5941945779e-08],
      [0.098859107982, 0.21117982058, 0.30669133145, 0.38326973999]
    ],
    [
      [0.011196252541, 0.55487263272, 0.40317913513, 0.03075197961],
      [0.042963615653, 0.6760714883, 0.25114132713, 0.029823568921],
      [0.049205716975, 0.053319458051, 0.88208679187, 0.015388033106],
      [0.067892015008, 0.25390001747, 0.55372599436, 0.12448197315],
      [0.21039889543, 0.30918816739, 0.14034763891, 0.34006529826]
    ],
    [
      [0.00087381041377, 0.57912162448, 0.40381608027, 0.016188484832],
      [0, 0.69247931332, 0.25088502263, 0.056635664057],
      [0, 0.036898723531, 0.95659967029, 0.0065016061799],
      [0.0052196941855, 0.25047593703, 0.67248725597, 0.07181711281],
      [0, 0.40593294473, 0.18877296063, 0.40529409464]
    ],
    [
      [0.012475939806, 0.44335359001, 0.46993701599, 0.074233454193],
      [0.051559604796, 0.57947729747, 0.32760839363, 0.041354704105],
      [0.047364059617, 0.037145844833, 0.88341562481, 0.03207447074],
      [0.06158149614, 0.16631430393, 0.52508057261, 0.24702362733],
      [0.15561124274, 0.16737762954, 0.11076155211, 0.5662495756]
    ],
    [
      [0, 0.33807679636, 0.66192320364, 0],
      [0, 0.52313188623, 0.47686811377, 0],
      [0.00041658698802, 0.018908322114, 0.98037988379, 0.00029520711062],
      [0.00068607389834, 0.13271225966, 0.86621606552, 0.00038560092255],
      [0.095186544777, 0.26614014866, 0.26591154108, 0.37276176548]
    ],
    [
      [0.0061107204385, 0.44914269175, 0.52896610386, 0.015780483951],
      [0.11324934251, 0.5633779019, 0.29423043584, 0.029142319755],
      [0.01889409636, 0.02701355323, 0.94849376972, 0.0055985806922],
      [0.035677138474, 0.17788116037, 0.72649519477, 0.059946506386],
      [0.19629923184, 0.31803465785, 0.22143943432, 0.26422667599]
    ],
    [
      [0.0041236597292, 0.2945135735, 0.68244058019, 0.018922186584],
      [0.014864329112, 0.43988693381, 0.52591015546, 0.019338581616],
      [0.011737107346, 0.018704076631, 0.96336588879, 0.0061929272297],
      [0.021018956187, 0.11590480619, 0.79865484365, 0.064421393977],
      [0.10861614231, 0.24279703202, 0.34961198804, 0.29897483762]
    ],
    [
      [0, 0.3520164138, 0.6479835862, 0],
      [0, 0.51935894918, 0.48064105082, 0],
      [0, 0.025915206622, 0.97408479338, 0],
      [0, 0.16240903064, 0.83759096936, 0],
      [0.033917301492, 0.40767588341, 0.4604727923, 0.097934022805]
    ],
    [
      [0.0054865702501, 0.62296748779, 0.34010959203, 0.031436349936],
      [0.047431580822, 0.72704224484, 0.18949287862, 0.036033295716],
      [0.027427866249, 0.064548489513, 0.89039031108, 0.01763333316],
      [0.0372461758, 0.30051205112, 0.51420019432, 0.14804157876],
      [0.11172337767, 0.33400126344, 0.1140577332, 0.44021762569]
    ],
    [
      [0.0065935614202, 0.50672536202, 0.44943616714, 0.037244909413],
      [0.027322418538, 0.64097173779, 0.2999471019, 0.031758741772],
      [0.026919420492, 0.04592220488, 0.90974401793, 0.017414356699],
      [0.038063047239, 0.22462541024, 0.59289214979, 0.14441939273],
      [0.12292096188, 0.29385882376, 0.16288072163, 0.42033949274]
    ],
    [
      [0.0010331111647, 0.46029113464, 0.53416058812, 0.0045151660693],
      [0, 0.62520658473, 0.37479341527, 0],
      [0, 0.032813746877, 0.96718625312, 0],
      [0, 0.2063825863, 0.7936174137, 0],
      [0, 0.56738537159, 0.43261462841, 0]
    ],
    [
      [0.0029370931079, 0.58697044724, 0.39169576419, 0.018396695464],
      [0.0034909412102, 0.71625804521, 0.25971306719, 0.020537946389],
      [0.013592518994, 0.059524457693, 0.9170949727, 0.0097880506134],
      [0.019509260656, 0.2974640077, 0.60078768704, 0.082239044604],
      [0.073600225617, 0.45488169608, 0.18951062279, 0.28200745551]
    ],
    [
      [0.0059347918888, 0.5125935876, 0.41921060191, 0.062261018593],
      [0.025126248717, 0.65567947077, 0.2781473065, 0.041046974008],
      [0.025421104911, 0.048555148292, 0.89557295697, 0.030450789826],
      [0.032469767957, 0.21407791013, 0.52254709963, 0.23090522228],
      [0.086303229443, 0.22984547538, 0.11728238428, 0.56656891089]
    ],
    [
      [0, 0.55127992768, 0.38169305647, 0.067027015851],
      [0, 0.704474551, 0.25562204478, 0.039903404222],
      [0, 0.062389869265, 0.90328733944, 0.034322791293],
      [0, 0.23991874641, 0.48797199223, 0.27210926136],
      [0, 0.22976731444, 0.088448078453, 0.68178460711]
    ],
    [
      [0.0034130371485, 0.61588798184, 0.35699421969, 0.023704761329],
      [0.0044108092377, 0.75072562264, 0.2222289587, 0.022634609424],
      [0.017303981273, 0.069493331672, 0.89939613628, 0.01380655077],
      [0.022938215303, 0.31928195201, 0.55077785695, 0.10700197574],
      [0.077157495346, 0.43915879329, 0.15926891435, 0.32441479701]
    ],
    [
      [0.010501126607, 0.65561021939, 0.27156166115, 0.062326992853],
      [0.072733593719, 0.73771604111, 0.11223141409, 0.077318951078],
      [0.063598437683, 0.073703753314, 0.82661151547, 0.036086293533],
      [0.058763259047, 0.24167057889, 0.31087157858, 0.38869458348],
      [0.0037400907287, 0.022622055074, 0.0059486242708, 0.96768922993]
    ],
    [
      [0.0062737984115, 0.50161700434, 0.46077606984, 0.031333127413],
      [0.021965477312, 0.63918466113, 0.31301289473, 0.02583696683],
      [0.02525335381, 0.045306994249, 0.91491850168, 0.014521150265],
      [0.03650922756, 0.22666369865, 0.61516952294, 0.12165755085],
      [0.12552395139, 0.32026549475, 0.18411227772, 0.37009827615]
    ],
    [
      [0.0074074801334, 0.46999719319, 0.48692698566, 0.035668341015],
      [0.028335099692, 0.6068753324, 0.33516453691, 0.029625031003],
      [0.028222595758, 0.040077695389, 0.91607580903, 0.015623899828],
      [0.041336213274, 0.20307001813, 0.6226166493, 0.13297711929],
      [0.13948603535, 0.28035464403, 0.18165660924, 0.39850271138]
    ],
    [
      [0.0042038121131, 0.53484459403, 0.41301321974, 0.047938374123],
      [0.020332416252, 0.67032692104, 0.26933132236, 0.040009340348],
      [0.01824975943, 0.050631754114, 0.90749956666, 0.023618919796],
      [0.024456813988, 0.23427695362, 0.54679448713, 0.19447174526],
      [0.067917628251, 0.26137856256, 0.12577531, 0.54492849919]
    ],
    [
      [0.0039502040128, 0.25393544775, 0.71838143365, 0.023732914584],
      [0.014684260236, 0.38446841231, 0.56932174276, 0.031525584686],
      [0.010699544125, 0.015341274573, 0.96658455679, 0.0073746245081],
      [0.019333255034, 0.095813043794, 0.80680126681, 0.078052434361],
      [0.097571659139, 0.19541022921, 0.34224204808, 0.36477606357]
    ],
    [
      [0.0065931413378, 0.42142718591, 0.53560650853, 0.036373164221],
      [0.02511527103, 0.56245553854, 0.38150118105, 0.030928009373],
      [0.023166884497, 0.033187681463, 0.92894087877, 0.014704555274],
      [0.035377486533, 0.17533132339, 0.65895307417, 0.13033811591],
      [0.12633010748, 0.25663077127, 0.20398170871, 0.41305741254]
    ],
    [
      [0.0041416125153, 0.48978437511, 0.46690142325, 0.039172589128],
      [0.0076544421074, 0.63492169329, 0.3240245128, 0.033399351795],
      [0.016516455769, 0.043662270988, 0.92186194464, 0.017959328607],
      [0.023610230008, 0.21605417608, 0.6105917827, 0.14974381121],
      [0.07886053078, 0.29579940978, 0.17629576052, 0.44904429892]
    ],
    [
      [0.0030281311527, 0.2155371593, 0.75550815605, 0.02592655349],
      [0.0037068436007, 0.33196818921, 0.62653114259, 0.037793824592],
      [0.0078374684092, 0.012494633426, 0.97196423417, 0.0077036639988],
      [0.014355315376, 0.079075214096, 0.82352976537, 0.083039705154],
      [0.073676106912, 0.16492299429, 0.35754111221, 0.40385978658]
    ],
    [
      [0, 0.35021472474, 0.62146741698, 0.028317858284],
      [0, 0.49857626281, 0.46992405983, 0.031499677358],
      [0, 0.028343403604, 0.96238181538, 0.0092747810168],
      [0, 0.15459337779, 0.75312516991, 0.092281452299],
      [0, 0.31982304864, 0.29234728008, 0.38782967129]
    ],
    [
      [0.0099156853098, 0.47555999936, 0.48300403974, 0.031520275589],
      [0.035954972402, 0.60834198409, 0.32927165952, 0.026431383991],
      [0.037771236916, 0.040524001469, 0.907907742, 0.01379701961],
      [0.055606987249, 0.20631619535, 0.62009319281, 0.1179836246],
      [0.18677541045, 0.28274427634, 0.17960824008, 0.35087207313]
    ],
    [
      [0.006089189363, 0.528035106, 0.43995035926, 0.025925345383],
      [0.021696104833, 0.6633895511, 0.29410158458, 0.02081275948],
      [0.025581129871, 0.049705719987, 0.91218024107, 0.012532909072],
      [0.036853940406, 0.24780890117, 0.61061276467, 0.10472439376],
      [0.12970080326, 0.35753426421, 0.18641534579, 0.32634958673]
    ],
    [
      [0.0040723302848, 0.37259216628, 0.60505927105, 0.018276232387],
      [0.012135768436, 0.52754618808, 0.4462126396, 0.014105403885],
      [0.01297202642, 0.026575648235, 0.95375093147, 0.0067013938738],
      [0.022124485982, 0.15684611682, 0.75477020342, 0.066259193774],
      [0.10541266092, 0.30489028986, 0.30894026951, 0.28075677971]
    ],
    [
      [0.016471096675, 0.51388901452, 0.44698198162, 0.022657907185],
      [0.039533612352, 0.64525520234, 0.29959111901, 0.015620066295],
      [0.065627308361, 0.045904519367, 0.87807808253, 0.010390089746],
      [0.09474231362, 0.22923800908, 0.58923206392, 0.086787613376],
      [0.29972546059, 0.29707116626, 0.16170726136, 0.2414961118]
    ],
    [
      [0, 0.38678745782, 0.61321254218, 0],
      [0, 0.54707515752, 0.45292484248, 0],
      [0, 0.032858824709, 0.96714117529, 0],
      [0, 0.19525325899, 0.80474674101, 0],
      [0, 0.59545242479, 0.40454757521, 0]
    ],
    [
      [0, 0.12387523353, 0.8217804309, 0.054344335568],
      [0, 0.20677264262, 0.75382165372, 0.039405703661],
      [0.0013542326453, 0.0063613523091, 0.97912620902, 0.01315820603],
      [0.0026429280045, 0.040089699505, 0.77421523543, 0.18305213707],
      [0, 0.024517097996, 0.081466477109, 0.89401642489]
    ],
    [
      [0.0081432001556, 0.46780184129, 0.50029089962, 0.023764058931],
      [0.032129272092, 0.60427948761, 0.34522281914, 0.018368421155],
      [0.030316855837, 0.038876536384, 0.9206422693, 0.010164338482],
      [0.046626670117, 0.20681388434, 0.65581898803, 0.090740457504],
      [0.174557887, 0.31473419535, 0.21033364517, 0.30037427248]
    ],
    [
      [0.00057842840096, 0.74844032149, 0.24876895333, 0.0022122967799],
      [0, 0.85036102122, 0.14963897878, 0],
      [0, 0.085305799181, 0.91469420082, 0],
      [0.0044852604368, 0.44621929408, 0.53939805025, 0.0098973952355],
      [0, 0.79155545391, 0.20844454609, 0]
    ],
    [
      [0.001553311381, 0.35501067432, 0.61563781341, 0.027798200885],
      [0, 0.51537345974, 0.45325987012, 0.031366670135],
      [0, 0.022751233592, 0.96336725883, 0.013881507573],
      [0.0079402314189, 0.13945109204, 0.75022888041, 0.10237979613],
      [0, 0.24150451625, 0.23580417439, 0.52269130936]
    ],
    [
      [0.0040797520777, 0.43180503467, 0.53570187891, 0.028413334342],
      [0.0068038732544, 0.58155732377, 0.38616360905, 0.025475193932],
      [0.014498212586, 0.034443002772, 0.93942954719, 0.011629237455],
      [0.02272051765, 0.18681682837, 0.68485116133, 0.10561149264],
      [0.089871384987, 0.30392021274, 0.23589403277, 0.37031436951]
    ],
    [
      [0.0075649950068, 0.44475690008, 0.53134058702, 0.016337517894],
      [0.037333341843, 0.5828251878, 0.36827569944, 0.01156577092],
      [0.026683978773, 0.034423504774, 0.93231196745, 0.0065805490039],
      [0.043738393534, 0.19485686371, 0.69874684766, 0.062657895095],
      [0.18944647373, 0.32820341616, 0.24369019563, 0.23865991449]
    ],
    [
      [0.0059019873699, 0.45885704069, 0.49321267821, 0.04202829373],
      [0.020021246106, 0.60107073671, 0.34547469101, 0.033433326172],
      [0.022313512424, 0.038883608412, 0.92051788882, 0.018284990349],
      [0.032306977509, 0.19481631449, 0.61921186683, 0.15366484118],
      [0.10680392908, 0.26444212268, 0.17782692004, 0.4509270282]
    ],
    [
      [0.0034286556139, 0.28758961427, 0.69890097008, 0.010080760031],
      [0.036726291982, 0.44515641591, 0.50540819147, 0.012709100639],
      [0.0092206653678, 0.016902921055, 0.97074341654, 0.0031329970328],
      [0.017581569539, 0.11164264142, 0.8369847654, 0.033791023635],
      [0.11680855301, 0.27788726671, 0.40130825291, 0.20399592737]
    ],
    [
      [0.0049125030019, 0.50797600622, 0.45471433064, 0.03239716014],
      [0.041226706481, 0.63390870626, 0.29035054608, 0.034514041179],
      [0.019256810347, 0.041728754804, 0.92477455065, 0.014239884197],
      [0.029377075279, 0.22051650014, 0.61474798994, 0.13535843464],
      [0.096009478947, 0.2777256096, 0.15389016675, 0.4723747447]
    ],
    [
      [0.011440595675, 0.42771258879, 0.52688795137, 0.033958864166],
      [0.038366270121, 0.56185019358, 0.37107940745, 0.028704128847],
      [0.040193567862, 0.033759408831, 0.91230361487, 0.013743408441],
      [0.06078302718, 0.17665053291, 0.64231870543, 0.12024773447],
      [0.20561633197, 0.24591529029, 0.1896267032, 0.35884167453]
    ],
    [
      [0.0079920635182, 0.45225505498, 0.5013382141, 0.038414667407],
      [0.030117338825, 0.58964952007, 0.34906313587, 0.031170005239],
      [0.029620496479, 0.037602858242, 0.91638818313, 0.016388462151],
      [0.043506135976, 0.19109556124, 0.62588629042, 0.13951201237],
      [0.14509440025, 0.26174279873, 0.18156944536, 0.41159335566]
    ],
    [
      [0.016811110963, 0.54698169622, 0.41083342426, 0.02537376856],
      [0.049461261697, 0.66579573845, 0.25916888544, 0.025574114408],
      [0.071684733167, 0.050770892687, 0.86531078809, 0.012233586058],
      [0.10078366896, 0.24546882793, 0.5525336369, 0.10121386621],
      [0.30862778946, 0.28750341216, 0.13484854843, 0.26902024995]
    ],
    [
      [0.0032046273071, 0.60083035781, 0.38572940285, 0.010235612033],
      [0.026905082552, 0.71570670834, 0.25729615646, 9.205264969e-05],
      [0.014824413458, 0.05928181227, 0.92045394313, 0.0054398311381],
      [0.022185585727, 0.31104111056, 0.61975595202, 0.047017351688],
      [0.095043386076, 0.51944057513, 0.20775443215, 0.17776160665]
    ],
    [
      [0.0082874708534, 0.47524970688, 0.482404571, 0.034058251271],
      [0.03085231897, 0.61064767499, 0.33046275597, 0.028037250068],
      [0.031771828384, 0.040847299575, 0.91235636347, 0.015024508567],
      [0.046435390074, 0.20654226156, 0.61969454226, 0.12732780611],
      [0.15602730511, 0.28463834657, 0.18077723806, 0.37855711026]
    ],
    [
      [0.019579244257, 0.19608843689, 0.76869128528, 0.015641033577],
      [0.052726063783, 0.285868995, 0.63432273936, 0.027082201852],
      [0.048496113613, 0.010750653725, 0.93634198042, 0.0044112522438],
      [0.089970665915, 0.068169866787, 0.79482402068, 0.047035446623],
      [0.41421547814, 0.11806139827, 0.28394990765, 0.18377321594]
    ],
    [
      [0.0051728816019, 0.62978462039, 0.34722324161, 0.017819256397],
      [0.020925991909, 0.75334232158, 0.21424509318, 0.01148659334],
      [0.026774977417, 0.072639997423, 0.88998131367, 0.010603711495],
      [0.035599857888, 0.3346263468, 0.54798028136, 0.081793513952],
      [0.12206182394, 0.46846982922, 0.16170241113, 0.24776593571]
    ],
    [
      [0.0050707185666, 0.49594637995, 0.46908800596, 0.029894895519],
      [0.015263580938, 0.63670992205, 0.32248398588, 0.025542511129],
      [0.020181175607, 0.044232330373, 0.92189472982, 0.013691764199],
      [0.029633037258, 0.22478602091, 0.62888865258, 0.11669228925],
      [0.10579568071, 0.32935794393, 0.19488730414, 0.36995907122]
    ],
    [
      [0.0044014748453, 0.52269469558, 0.40136780328, 0.07153602629],
      [0.028759135995, 0.66988850556, 0.26027098501, 0.041081373436],
      [0.019278698742, 0.048636649705, 0.89705684543, 0.035027806124],
      [0.023780711184, 0.20841103897, 0.49041637269, 0.27739187715],
      [0.052008073714, 0.18459977712, 0.088739657631, 0.67465249153]
    ],
    [
      [0.0059919727786, 0.51187053663, 0.47069361913, 0.011443871461],
      [0.03532455778, 0.64469126211, 0.3187149527, 0.0012692274096],
      [0.023440930086, 0.04341437305, 0.92802829904, 0.0051163978236],
      [0.037601483777, 0.2410826543, 0.67410790633, 0.047207955593],
      [0.16927984568, 0.41262809205, 0.23514752766, 0.18294453462]
    ],
    [
      [0.0043926245441, 0.58203083378, 0.38810757933, 0.025468962345],
      [0.011306796525, 0.71556106046, 0.25019104935, 0.022941093674],
      [0.020680817274, 0.06121735061, 0.90431141746, 0.013790414658],
      [0.028250411496, 0.28959952916, 0.57263648365, 0.10951357569],
      [0.096146903651, 0.40374807963, 0.16847167326, 0.33163334346]
    ],
    [
      [0.0088824295468, 0.49746098942, 0.46834734843, 0.025309232597],
      [0.034627769764, 0.62932555079, 0.31548427432, 0.02056240513],
      [0.034892811171, 0.043496831171, 0.91020403481, 0.011406322846],
      [0.05191509506, 0.22375422585, 0.62566312394, 0.098667555151],
      [0.18357901092, 0.31988064219, 0.18816239961, 0.30837794728]
    ],
    [
      [0, 0.18170028123, 0.81829971877, 0],
      [0, 0.35147848997, 0.64852151003, 0],
      [0, 0.01068062045, 0.98931937955, 0],
      [0.0017424933062, 0.064430062033, 0.92908465957, 0.0047427850888],
      [0, 0.32466697561, 0.67533302439, 0]
    ],
    [
      [0.00073426749534, 0.78288326682, 0.20348740591, 0.012895059767],
      [0, 0.88339215731, 0.10636403539, 0.010243807303],
      [0, 0.045162698644, 0.89510137236, 0.059735928995],
      [0.0063226257965, 0.44037896442, 0.47130197454, 0.081996435244],
      [0, 0.56200501743, 0.10270051601, 0.33529446656]
    ],
    [
      [0.010666226345, 0.39832379541, 0.57071116831, 0.020298809938],
      [0.04414375951, 0.5369659206, 0.4016996277, 0.017190692194],
      [0.034900181822, 0.028563940319, 0.92895958845, 0.0075762894098],
      [0.057981352984, 0.16385567831, 0.70503865461, 0.073124314099],
      [0.2388642578, 0.26368907669, 0.234268742, 0.26317792352]
    ],
    [
      [0.0047741139825, 0.47725931625, 0.47540741845, 0.042559151318],
      [0.01453380521, 0.62171577867, 0.32940526264, 0.034345153486],
      [0.018587260985, 0.041218064305, 0.92118912664, 0.01900554807],
      [0.026687731778, 0.20485644871, 0.60854529031, 0.1599105292],
      [0.08710911763, 0.27186446442, 0.16906935066, 0.47195706729]
    ],
    [
      [0.0052849553728, 0.51723802619, 0.45259927804, 0.024877740392],
      [0.018778521399, 0.65295135434, 0.30698928438, 0.021280839876],
      [0.021671609058, 0.047309125553, 0.91929027536, 0.011728990026],
      [0.031907140443, 0.24118313869, 0.62661710677, 0.1002926141],
      [0.11679777109, 0.36036284488, 0.19713500896, 0.32570437506]
    ],
    [
      [0.01011535428, 0.62591206151, 0.33983217834, 0.024140405865],
      [0.045457830223, 0.73777336247, 0.19040651055, 0.026362296752],
      [0.05127288808, 0.067930534807, 0.86696221895, 0.013834358161],
      [0.067995212127, 0.31053225442, 0.51324215618, 0.10823037728],
      [0.21216230983, 0.368028267, 0.12497493354, 0.29483448963]
    ],
    [
      [0.00477036731, 0.63406528367, 0.33013762386, 0.031026725163],
      [0.03648580365, 0.74614510139, 0.18258931095, 0.034779784005],
      [0.024680059615, 0.068340894829, 0.8890068068, 0.017972238759],
      [0.03253953399, 0.31202763857, 0.5068751988, 0.14855762865],
      [0.093673699828, 0.347389899, 0.11331816221, 0.44561823896]
    ],
    [
      [0.0035636697826, 0.65553205974, 0.31378494596, 0.02711932452],
      [0.0069717366937, 0.78490251411, 0.1789931269, 0.029132622296],
      [0.020073609028, 0.081698220312, 0.88070760892, 0.017520561738],
      [0.024726253328, 0.34918678042, 0.49935770162, 0.12672926464],
      [0.07608308742, 0.43888547837, 0.13164829181, 0.3533831424]
    ],
    [
      [0.0027831923356, 0.6079117782, 0.38930502947, 0],
      [0.012948790899, 0.67989506594, 0.30715614316, 0],
      [0.014067905983, 0.051076655317, 0.9348554387, 0],
      [0.019010453684, 0.3011759428, 0.6588853089, 0.020928294618],
      [0.18368098944, 0.58830724736, 0.22801176321, 0]
    ],
    [
      [0.014168190321, 0.435493518, 0.51881074551, 0.031527546169],
      [0.044290227481, 0.56534834649, 0.35961803916, 0.030743386869],
      [0.049859403703, 0.033889854279, 0.90357738497, 0.012673357049],
      [0.076093152281, 0.17831923167, 0.63279005301, 0.11279756304],
      [0.25493370276, 0.2368039171, 0.17580129065, 0.3324610895]
    ],
    [
      [0.0076304881679, 0.52993800599, 0.38379934417, 0.078632161671],
      [0.039159406707, 0.67659049754, 0.24453759374, 0.039712502014],
      [0.034656078629, 0.052707049525, 0.87204751489, 0.040589356958],
      [0.040579746553, 0.21270806575, 0.46205139615, 0.28466079154],
      [0.094588800838, 0.19813559276, 0.089691594904, 0.6175840115]
    ],
    [
      [0, 0.55162873794, 0.35955706496, 0.088814197096],
      [0, 0.72424095883, 0.23791780565, 0.037841235525],
      [0, 0.059386344111, 0.89599225404, 0.044621401853],
      [0.0094614223539, 0.20490069551, 0.42422032053, 0.36141756161],
      [0, 0.13896607166, 0.051043824573, 0.80999010376]
    ],
    [
      [0.0098403974383, 0.41881658922, 0.54647811136, 0.024864901985],
      [0.036474863835, 0.55643363453, 0.38704750556, 0.020043996077],
      [0.033723926004, 0.03213198544, 0.92434520513, 0.0097988834275],
      [0.053483385828, 0.17620019445, 0.68025860504, 0.09005781468],
      [0.20306115226, 0.27279180318, 0.22246568497, 0.30168135958]
    ],
    [
      [0, 0.4790138307, 0.49328192935, 0.027704239945],
      [0, 0.62920614855, 0.34160380057, 0.029190050885],
      [0, 0.039816948092, 0.94132794539, 0.018855106523],
      [0, 0.21540362173, 0.67334290575, 0.11125347252],
      [0, 0.34035706956, 0.26391531684, 0.39572761359]
    ],
    [
      [0.39922892869, 0.27449410924, 0.29455113708, 0.03172582499],
      [0, 0.5047107785, 0.36565970631, 0.12962951519],
      [0.78170231706, 0.0074954254074, 0.20618480575, 0.0046174517863],
      [0.80038553566, 0.096265220627, 0.072915459386, 0.030433784331],
      [0.99783007051, 0.00081626103475, 0.00056185536524, 0.0007918130851]
    ],
    [
      [0.0039489571677, 0.4607216855, 0.5166733084, 0.018656048932],
      [0.057671921487, 0.57602691753, 0.3490883133, 0.017212847685],
      [0.013085425051, 0.031961871398, 0.94783774152, 0.0071149620312],
      [0.022913811869, 0.19531365053, 0.70908335804, 0.072689179559],
      [0.10833658565, 0.34718613489, 0.2314661353, 0.31301114416]
    ],
    [
      [0, 0.43246233387, 0.50628534456, 0.061252321571],
      [0, 0.58069081162, 0.37578277075, 0.043526417627],
      [0, 0.043738669731, 0.93080628245, 0.025455047815],
      [0.013044449095, 0.16958982739, 0.59962876384, 0.21773695967],
      [0, 0.23770846354, 0.14592943357, 0.61636210289]
    ],
    [
      [0, 0.48436979236, 0.51563020764, 0],
      [0, 0.6392054923, 0.3607945077, 0],
      [0.0019752273565, 0.035560670963, 0.96130645375, 0.0011576479279],
      [0.0033344917354, 0.22505149085, 0.76434834196, 0.0072656754553],
      [0.0071592473942, 0.59854541461, 0.38105341309, 0.013241924905]
    ],
    [
      [0.00096590055506, 0.51743661454, 0.46728207479, 0.014315410111],
      [0, 0.64882009477, 0.30521765205, 0.04596225318],
      [0, 0.036706105524, 0.9574513146, 0.0058425798748],
      [0, 0.22996663598, 0.70966006435, 0.060373299665],
      [0, 0.42020334495, 0.25079135436, 0.32900530069]
    ],
    [
      [0, 0.54188726909, 0.44182032574, 0.016292405171],
      [0, 0.65456583476, 0.29571361568, 0.049720549564],
      [0, 0.037227010531, 0.95654983066, 0.006223158813],
      [0.0045231425946, 0.24020505304, 0.68844665448, 0.066825149882],
      [0, 0.40131119067, 0.20938769045, 0.38930111888]
    ],
    [
      [0.0080851302348, 0.42370342444, 0.54296470688, 0.025246738447],
      [0.03613158027, 0.56128983453, 0.38047533889, 0.022103246312],
      [0.027911921255, 0.032454544837, 0.92964326487, 0.0099902690385],
      [0.044574464726, 0.17907157789, 0.68355028201, 0.092803675371],
      [0.17433434703, 0.28062498681, 0.22403764338, 0.32100302277]
    ],
    [
      [0.0072891210178, 0.41216293119, 0.55527506284, 0.025272884954],
      [0.033424379195, 0.55246312551, 0.39260031912, 0.021512176179],
      [0.024715161286, 0.03107363633, 0.93437355792, 0.0098376444665],
      [0.03984920331, 0.17324950354, 0.69477989675, 0.092121396399],
      [0.15944749902, 0.27979766438, 0.23477346862, 0.32598136797]
    ],
    [
      [0.0089785473371, 0.32572477243, 0.64346004826, 0.021836631974],
