{
  "X": [
    [21, 122, 166, 408, 40],
    [6, 44, 65, 110, 20],
    [41, 232, 305, 713, 110],
    [31, 202, 371, 877, 82],
    [78, 297, 504, 844, 164],
    [42, 197, 235, 603, 68],
    [42, 211, 224, 431, 68],
    [2, 14, 13, 42, 7],
    [58, 178, 483, 495, 123],
    [4, 41, 101, 84, 18],
    [18, 78, 225, 178, 46],
    [25, 83, 350, 275, 69],
    [59, 202, 513, 580, 137],
    [38, 202, 413, 541, 121],
    [59, 287, 715, 746, 153],
    [30, 160, 174, 397, 58],
    [21, 97, 94, 179, 21],
    [9, 50, 72, 216, 20],
    [7, 28, 50, 108, 10],
    [47, 227, 374, 788, 100],
    [1, 9, 14, 37, 2],
    [46, 157, 270, 706, 76],
    [4, 7, 14, 14, 11],
    [49, 271, 329, 799, 85],
    [18, 262, 263, 673, 85],
    [7, 64, 100, 286, 26],
    [23, 68, 177, 198, 43],
    [4, 4, 6, 19, 0],
    [3, 15, 34, 46, 10],
    [65, 395, 457, 952, 100],
    [58, 297, 552, 778, 125],
    [70, 313, 442, 788, 95],
    [23, 126, 217, 406, 64],
    [7, 28, 103, 158, 42],
    [81, 432, 654, 1376, 178],
    [11, 31, 52, 89, 26],
    [148, 353, 671, 1029, 251],
    [31, 25, 125, 244, 38]
  ],
  "W": [
    [20, 203, 449, 43, 42],
    [8, 83, 121, 11, 22],
    [47, 366, 784, 71, 133],
    [35, 396, 956, 75, 101],
    [61, 590, 940, 118, 178],
    [42, 281, 681, 59, 82],
    [33, 293, 532, 35, 83],
    [5, 18, 47, 3, 5],
    [58, 529, 577, 81, 92],
    [11, 111, 98, 10, 18],
    [14, 259, 192, 21, 59],
    [22, 371, 292, 34, 83],
    [57, 568, 663, 92, 111],
    [29, 513, 601, 61, 111],
    [56, 809, 838, 119, 138],
    [41, 209, 450, 35, 84],
    [30, 111, 215, 19, 37],
    [7, 92, 230, 10, 28],
    [7, 58, 127, 6, 5],
    [57, 441, 857, 66, 115],
    [1, 19, 39, 0, 4],
    [41, 324, 763, 48, 79],
    [2, 18, 12, 1, 17],
    [61, 410, 861, 78, 123],
    [18, 335, 758, 61, 129],
    [5, 118, 308, 13, 39],
    [11, 217, 213, 21, 47],
    [1, 10, 18, 1, 3],
    [6, 38, 51, 5, 8],
    [59, 578, 1114, 71, 147],
    [88, 585, 905, 100, 132],
    [66, 526, 913, 77, 126],
    [18, 276, 434, 32, 76],
    [5, 118, 168, 34, 13],
    [69, 762, 1540, 145, 205],
    [16, 55, 118, 4, 16],
    [124, 852, 1201, 78, 197],
    [35, 141, 230, 14, 43]
  ],
  "method": "mult",
  "cond_prob": [
    [
      [0.49670053611, 0.16898341205, 0.07087842727, 0.13932905387, 0.1241085707],
      [0.0077114016508, 0.04650746953, 0.77037146135, 0.067176373429, 0.10823329404],
      [0.014128260666, 0.19400331709, 0, 0.79186842224, 0],
      [0.01648243815, 0.20585799814, 0.10199979162, 0.47477715517, 0.20088261693],
      [0.058291449129, 0.31476028931, 0.090738899085, 0.37172085373, 0.16448850874]
    ],
    [
      [0.4196267767, 0.2050603043, 0.071952380505, 0.13757950705, 0.16578103145],
      [0.0059067327578, 0.053094407182, 0.74179189058, 0.061569633685, 0.1376373358],
      [0.0089025009659, 0.23039350338, 0, 0.75895376514, 0.0017502305111],
      [0.012117559645, 0.22605259415, 0.093655094729, 0.424786564, 0.24338818748],
      [0.042828690662, 0.34493133295, 0.082974908913, 0.33104666188, 0.19821840559]
    ],
    [
      [0.44851532552, 0.17100660514, 0.072286969794, 0.13748371687, 0.17070738267],
      [0.0066839145628, 0.044666804522, 0.74821164615, 0.057727542072, 0.1427100927],
      [0.01247737617, 0.19611652916, 0.011761826399, 0.77581432107, 0.0038299471986],
      [0.014048960692, 0.19435122985, 0.097057131726, 0.43698185573, 0.257560822],
      [0.050328780786, 0.30120558587, 0.087554298355, 0.34696124385, 0.21395009114]
    ],
    [
      [0.43239746435, 0.15574966565, 0.094717866001, 0.1664057526, 0.15072925139],
      [0.0052623432613, 0.033258861458, 0.80134641016, 0.057120825048, 0.10301156007],
      [0.0085336874101, 0.15119142307, 0.031796411379, 0.8065793642, 0.0018991139487],
      [0.012598104839, 0.16481103242, 0.11840995952, 0.49242880479, 0.21175209843],
      [0.046328096924, 0.26216262061, 0.10963940618, 0.40132593475, 0.18054394154]
    ],
    [
      [0.54470907398, 0.14236842134, 0.063169573136, 0.10940048767, 0.14035244388],
      [0.0094397732733, 0.043148385602, 0.75797846054, 0.053295536388, 0.13613784419],
      [0.025296998841, 0.19846742588, 0.026144936811, 0.74209139411, 0.007999244351],
      [0.020776614084, 0.19657208429, 0.10304076938, 0.42241957523, 0.25719095701],
      [0.07287899373, 0.29833198043, 0.091035465884, 0.32848754741, 0.20926601254]
    ],
    [
      [0.51172645566, 0.16455265843, 0.066905851377, 0.12683971831, 0.12997531622],
      [0.0084051095017, 0.047463315663, 0.76531730999, 0.058817827764, 0.11999643708],
      [0.017518497064, 0.20308347328, 0.0057314002347, 0.77192067252, 0.0017459569028],
      [0.017929913404, 0.20961916436, 0.10068847333, 0.45189436433, 0.21986808457],
      [0.062898679278, 0.31810025174, 0.08892788595, 0.35128264329, 0.17879053974]
    ],
    [
      [0.53885992499, 0.18605149871, 0.054329017958, 0.098864366614, 0.12189519173],
      [0.010480363635, 0.063703400245, 0.72571483323, 0.066497003538, 0.13360439935],
      [0.02739436159, 0.27285570618, 0, 0.69605999717, 0.0036899350643],
      [0.021015358614, 0.26449623287, 0.091240110351, 0.3931168842, 0.23013141397],
      [0.070331783285, 0.38287470401, 0.07685894469, 0.29145595694, 0.17847861107]
    ],
    [
      [0.34346803269, 0.19932967576, 0.066200073368, 0.14954441136, 0.24145780682],
      [0.0043521026822, 0.049873074004, 0.6718977921, 0.079533328026, 0.19434370318],
      [0.00066597041783, 0.21253642834, 0, 0.78631318705, 0.00048441419174],
      [0.008069964816, 0.19320823766, 0.075731255468, 0.40715144469, 0.31583909737],
      [0.029762296835, 0.30735988885, 0.069529121775, 0.32850078264, 0.26484790989]
    ],
    [
      [0.54006251638, 0.13870634973, 0.072199986914, 0.10635400733, 0.14267713965],
      [0.008427986822, 0.037929755811, 0.78199709124, 0.046755509818, 0.12488965631],
      [0.02411679091, 0.18654308592, 0.079782909151, 0.69581567704, 0.013741536981],
      [0.020512231173, 0.19112814111, 0.11752455289, 0.40988246584, 0.26095260899],
      [0.072185760231, 0.29101577047, 0.10414904486, 0.31969214674, 0.2129572777]
    ],
    [
      [0.30725467152, 0.26832729851, 0.10737578894, 0.15540747694, 0.16163476408],
      [0, 0.036920641095, 0.84391956872, 0.021486696357, 0.097673093828],
      [0.00060779448773, 0.24980998096, 0.031049950228, 0.71467944377, 0.0038528305493],
      [0.0076897875453, 0.25464762754, 0.12028995196, 0.41324698633, 0.20412564662],
      [0.026874270999, 0.38457523029, 0.10544441955, 0.31857995027, 0.16452612889]
    ],
    [
      [0.53653995152, 0.16081803665, 0.071396743225, 0.11070281675, 0.12054245185],
      [0.0083314714121, 0.038600222768, 0.81549603234, 0.027412515959, 0.11015975752],
      [0.020092285073, 0.21699346477, 0.023057833741, 0.7356740934, 0.0041823230178],
      [0.0198590162, 0.22042508955, 0.11557249039, 0.42469356561, 0.21944983825],
      [0.068742906928, 0.32982063854, 0.10055672612, 0.32512420545, 0.17575552296]
    ],
    [
      [0.53189639681, 0.12516065019, 0.084129663102, 0.12341381905, 0.13539947085],
      [0.0035429403429, 0.016318544742, 0.87130254052, 0, 0.10883597439],
      [0.019346053828, 0.16234626905, 0.036554283551, 0.77723285527, 0.0045205383004],
      [0.018992597035, 0.16379918656, 0.13004735871, 0.4518946877, 0.23526616999],
      [0.068542799832, 0.25563858664, 0.11807763717, 0.36106605855, 0.19667491781]
    ],
    [
      [0.52986528327, 0.14044540346, 0.072260128602, 0.11060614428, 0.14682304039],
      [0.0082204919564, 0.038164476816, 0.77759285474, 0.048317135968, 0.12770504052],
      [0.022054872919, 0.18543452884, 0.068375772566, 0.71176442424, 0.012370401426],
      [0.019623977608, 0.18860992906, 0.11463784301, 0.41542529164, 0.26170295868],
      [0.069375249881, 0.28848633399, 0.10205957125, 0.32551690488, 0.21456193999]
    ],
    [
      [0.49969326585, 0.16179429977, 0.065984892523, 0.11774625125, 0.1547812906],
      [0.0081451806685, 0.046377688277, 0.74919702121, 0.054260988607, 0.14201912124],
      [0.01907549046, 0.21015912194, 0.018284580803, 0.74558210928, 0.0068986975147],
      [0.017412806994, 0.20525827723, 0.098888752989, 0.4177890994, 0.26065106339],
      [0.061296095625, 0.31252093715, 0.087631704878, 0.32585125059, 0.21270001175]
    ],
    [
      [0.50395046971, 0.16828053296, 0.076542314892, 0.12002210951, 0.13120457293],
      [0.0075007412087, 0.043829700757, 0.78904728989, 0.050248981598, 0.10937328654],
      [0.016747359308, 0.20492337751, 0.053232333877, 0.71813169608, 0.0069652332261],
      [0.017782423102, 0.21508654357, 0.1155744045, 0.42901060379, 0.22254602503],
      [0.062031004416, 0.32461574785, 0.10153857187, 0.33174429413, 0.18007038174]
    ],
    [
      [0.45035245704, 0.19795669346, 0.070841075943, 0.13110361979, 0.14974615378],
      [0.0068708629807, 0.053121373898, 0.75479428739, 0.05657081217, 0.12864266356],
      [0.011958414633, 0.23006112834, 0.0061217983691, 0.74927454212, 0.0025841165389],
      [0.014382522411, 0.230279158, 0.097351598503, 0.42660598247, 0.23138073861],
      [0.050176952728, 0.34754916833, 0.08549279295, 0.32972260126, 0.18705848473]
    ],
    [
      [0.48501072417, 0.23232382968, 0.068675379724, 0.11609306119, 0.097897005235],
      [0.0078217492703, 0.066405789725, 0.78172551496, 0.054411386709, 0.089635559337],
      [0.014848235859, 0.28495075378, 0, 0.69913431316, 0.001066697201],
      [0.01688581959, 0.29718966391, 0.10376480513, 0.41562591125, 0.16653380012],
      [0.055898995243, 0.42562775062, 0.086396625689, 0.30450742153, 0.12756920692]
    ],
    [
      [0.49807617934, 0.14051222041, 0.068568657771, 0.14908751806, 0.14375542442],
      [0.0075828641435, 0.038951763263, 0.74011519186, 0.089890185762, 0.12345999497],
      [0.0132858426, 0.15824914453, 0, 0.82846501287, 0],
      [0.015650319886, 0.16661200059, 0.096036030825, 0.49472231511, 0.22697933359],
      [0.05727129452, 0.2631938925, 0.088180765572, 0.39972550612, 0.19162854129]
    ],
    [
      [0.54775088877, 0.13669985474, 0.069344700819, 0.12345908192, 0.12274547376],
      [0.0082575540495, 0.0385152126, 0.78627072624, 0.056064394308, 0.1108921128],
      [0.017578343386, 0.17545541975, 0.021693783003, 0.78153118792, 0.0037412659435],
      [0.019009992395, 0.18411471641, 0.11027805404, 0.46568911094, 0.22090812621],
      [0.068059215872, 0.28433841595, 0.098821241335, 0.36709120504, 0.1816899218]
    ],
    [
      [0.46952564667, 0.16159423222, 0.07653788769, 0.1439751085, 0.14836712492],
      [0.0068290278861, 0.041153780787, 0.7721423112, 0.058941739466, 0.12093314066],
      [0.011720090966, 0.1795596625, 0.01322551785, 0.79392968762, 0.001565041064],
      [0.014982901907, 0.18690861007, 0.10458510786, 0.46571358792, 0.22780979224],
      [0.053847368337, 0.29062358614, 0.094658219527, 0.37100237061, 0.18986845538]
    ],
    [
      [0.51129994399, 0.1637042998, 0.069605327557, 0.16056814332, 0.094822285338],
      [0.0056018076187, 0.04469897108, 0.71440698061, 0.16185070632, 0.073441534375],
      [0.0053320276328, 0.1731021792, 0, 0.82156579316, 0],
      [0.011743352208, 0.195820882, 0.098166916035, 0.54003649412, 0.15423235564],
      [0.043579158394, 0.3090075652, 0.089165510223, 0.4308006258, 0.12744714038]
    ],
    [
      [0.54094432799, 0.12007455371, 0.066848996399, 0.13332906668, 0.13880305523],
      [0.0089059568793, 0.034708251369, 0.76601244034, 0.061957335201, 0.12841601621],
      [0.018958182773, 0.14942020898, 0.00884424014, 0.82105746319, 0.0017199049184],
      [0.019300098866, 0.155713448, 0.1024139765, 0.48355014076, 0.23902233587],
      [0.070180434456, 0.24493170756, 0.093761194668, 0.38964658852, 0.2014800748]
    ],
    [
      [0.65121025823, 0.080094586668, 0.039040538302, 0.066308581103, 0.1633460357],
      [0.029282641057, 0.03363440749, 0.6835309048, 0, 0.25355204665],
      [0.033284980526, 0.17978535941, 0.020834235328, 0.75688962956, 0.0092057951796],
      [0.026328887491, 0.14622134418, 0.083989661915, 0.34339697425, 0.40006313217],
      [0.10263195828, 0.23122034322, 0.075550714776, 0.26125354758, 0.32934343615]
    ],
    [
      [0.46919935339, 0.18962990264, 0.071564488191, 0.14447646945, 0.12512978633],
      [0.0072757961454, 0.051469319782, 0.74689016683, 0.089818552607, 0.10454616463],
      [0.011265480543, 0.20880475004, 0, 0.77992976941, 0],
      [0.015105656474, 0.22120139746, 0.098621670242, 0.47130850859, 0.19376276724],
      [0.052991407081, 0.33573622797, 0.087130955614, 0.36650189967, 0.15763950966]
    ],
    [
      [0.34050270944, 0.24289562218, 0.080563133167, 0.16025146785, 0.17578706736],
      [0.00452284699, 0.056807997451, 0.73228059039, 0.074807687845, 0.13158087733],
      [0.007481316551, 0.23449729172, 0, 0.75802139173, 0],
      [0.0090791623669, 0.23605500577, 0.092495854566, 0.4355492597, 0.22682071759],
      [0.032024268515, 0.36006897037, 0.082121075157, 0.34035797193, 0.18542771402]
    ],
    [
      [0.4047541752, 0.1603509328, 0.087843249455, 0.17523980314, 0.1718118394],
      [0.0049492849942, 0.035513097595, 0.77525514455, 0.062436627082, 0.12184584577],
      [0.0086890557695, 0.15196509871, 0.0094825618505, 0.82964475031, 0.00021853336785],
      [0.010856082116, 0.16135311514, 0.10441483132, 0.49335837244, 0.23001759899],
      [0.040380903851, 0.2590989467, 0.09750397021, 0.40543684751, 0.19757933173]
    ],
    [
      [0.63301427998, 0.114476124, 0.053008628137, 0.093551315007, 0.10594965287],
      [0.02157038553, 0.042138390161, 0.76261395442, 0.048955817976, 0.12472145192],
      [0.028757614089, 0.18826904151, 0.020864792136, 0.75763024326, 0.0044783090015],
      [0.028514004233, 0.1918542569, 0.10492034225, 0.43879150836, 0.23591988826],
      [0.098551135537, 0.28652099433, 0.091109554685, 0.33526935201, 0.18854896343]
    ],
    [
      [0.91074943799, 0.034145554441, 0.013712465315, 0.041392542259, 0],
      [0.10716456582, 0.067116432644, 0.5692627312, 0.25645627033, 0],
      [0.06710932992, 0.13031797679, 0, 0.80257269329, 0],
      [0.076882650597, 0.18826576154, 0.088964451187, 0.64588713667, 0],
      [0.24425143822, 0.25356692509, 0.068231923817, 0.43394971287, 0]
    ],
    [
      [0.40363259691, 0.17261792625, 0.086766659887, 0.14289441468, 0.19408840227],
      [0.0045859587539, 0.037689599066, 0.77100548293, 0.050421519014, 0.13629744024],
      [0.0007424116737, 0.18246107115, 0.055816157473, 0.75240578957, 0.0085745701355],
      [0.010647547924, 0.18247524901, 0.10820237643, 0.42411690944, 0.27455791719],
      [0.039104656361, 0.28927460056, 0.099194472012, 0.34166699676, 0.23075927431]
    ],
    [
      [0.50649874728, 0.19911948247, 0.064899486653, 0.12202439894, 0.10745788466],
      [0.0086764397385, 0.059659250984, 0.75033530904, 0.078806788828, 0.10252221141],
      [0.017777727454, 0.24685421254, 0, 0.73536806001, 0],
      [0.018084394596, 0.25737892506, 0.09910534273, 0.4410714886, 0.18435984901],
      [0.061314362867, 0.37754698654, 0.084630219935, 0.33152477535, 0.1449836553]
    ],
    [
      [0.44186587401, 0.19184111468, 0.0883755459, 0.13385640323, 0.14406106218],
      [0.0057580350055, 0.043675316566, 0.79661327972, 0.048985163837, 0.10496820487],
      [0.0086950274029, 0.20838661206, 0.057801303216, 0.71902315495, 0.0060939023672],
      [0.013979741065, 0.21949776715, 0.11945644837, 0.42830075735, 0.21876528607],
      [0.049093778049, 0.33354743245, 0.10566938694, 0.33347185384, 0.17821754871]
    ],
    [
      [0.53612279969, 0.17701892642, 0.066123515428, 0.115740457, 0.10499430146],
      [0.0091534418066, 0.052869171426, 0.78205072272, 0.055565582282, 0.10036108177],
      [0.021440165394, 0.23007301542, 0.0071725934744, 0.73944136767, 0.0018728580342],
      [0.020199578614, 0.24150649128, 0.10657486766, 0.4415861376, 0.19013292485],
      [0.068817033903, 0.35599129982, 0.091447025233, 0.33350422441, 0.15024041664]
    ],
    [
      [0.49353135716, 0.156525242, 0.066687695862, 0.13289276968, 0.1503629353],
      [0.0079055390208, 0.044400098255, 0.74696966545, 0.064173428023, 0.13655126926],
      [0.016019992962, 0.18988694781, 0, 0.79294536699, 0.0011476922444],
      [0.01640891733, 0.19083744574, 0.096044946116, 0.45322610636, 0.24348258445],
      [0.058641375019, 0.2948734857, 0.086349414946, 0.35861235968, 0.20152336465]
    ],
    [
      [0.48206165998, 0.090296557349, 0.073708709008, 0.1290505525, 0.22488252116],
      [0.0065421921208, 0.022657012413, 0.73782419711, 0.05213025645, 0.1808463419],
      [0.015345559676, 0.11299528664, 0.064345215192, 0.78626729377, 0.021046644717],
      [0.014791375837, 0.10619455142, 0.10236761545, 0.42485226541, 0.35179419188],
      [0.056673248133, 0.17547437262, 0.098285085981, 0.35888419994, 0.31068309333]
    ],
    [
      [0.50069662721, 0.15968997678, 0.071657737286, 0.12952557944, 0.13843007929],
      [0.0078018741631, 0.043449551514, 0.77157408561, 0.056642543076, 0.12053194564],
      [0.016563379744, 0.19268498199, 0.017278143574, 0.77021360035, 0.0032598943479],
      [0.017230493387, 0.19859542336, 0.10528345438, 0.45042880225, 0.22846182662],
      [0.060979893964, 0.30410548634, 0.093862053205, 0.35346339676, 0.18758916973]
    ],
    [
      [0.45107078477, 0.13299181884, 0.069923396221, 0.099349625948, 0.24666437422],
      [0.0063624023034, 0.033900092213, 0.71731984434, 0.040805203466, 0.20161245768],
      [0.02144516408, 0.18921059206, 0.081152057398, 0.67383901814, 0.034353168314],
      [0.014392439238, 0.15927580347, 0.098889917316, 0.33329170069, 0.39415013929],
      [0.052802262418, 0.25272954684, 0.091070736233, 0.26999680315, 0.33340065136]
    ],
    [
      [0.57574424116, 0.12199779374, 0.053092600207, 0.095790267361, 0.15337509754],
      [0.011380532503, 0.042056474931, 0.72427885522, 0.053075935864, 0.16920820148],
      [0.040486540695, 0.1944030969, 0.019789723525, 0.73239173054, 0.012928908335],
      [0.023732365828, 0.18152472592, 0.093328367157, 0.39856814144, 0.30284639965],
      [0.083431677637, 0.27615791337, 0.082659199669, 0.31071333034, 0.24703787898]
    ],
    [
      [0.59087788825, 0.052260485274, 0.069707836564, 0.14048882385, 0.14666496606],
      [0.0093988363393, 0.014693069131, 0.78027972822, 0.063549219451, 0.13207914686],
      [0.022040942612, 0.065369186364, 0.027532992797, 0.88322569891, 0.0018311793151],
      [0.021828463374, 0.070731507179, 0.11143501348, 0.5321245961, 0.26388041987],
      [0.084163318594, 0.1180001466, 0.10809547696, 0.4542045611, 0.23553649674]
    ]
  ],
  "expected_outcome": [
    [
      [9.9340107221, 3.3570142136, 21.0802202994, 15.1339112522, 33.2272535127, 21.4925111378, 17.7823775248, 1.7173401635, 31.32362595, 3.3798013868, 7.5115593213, 11.7017207298, 30.2023211466, 14.4911047098, 28.2212263038, 18.4644507385, 14.5503217251, 3.4865332554, 3.8342562214, 26.76296186, 0.51129994399, 22.1787174476, 1.3024205165, 28.6211605568, 6.1290487699, 2.023770876, 6.9631570798, 0.91074943799, 2.4217955815, 29.8834260898, 38.8841969131, 35.3841047797, 8.8835644289, 2.4103082999, 34.5480672774, 7.2171325562, 71.3922859039, 20.6807260887],
      [3.3796682411, 1.6404824344, 8.0373104418, 5.4512382978, 8.6844737019, 6.9112116541, 6.1396994573, 0.99664837881, 8.0449682845, 2.9516002836, 2.2514525132, 2.7535343041, 8.0053879973, 4.6920346933, 9.4237098458, 8.1162244317, 6.9697148905, 0.98358554287, 0.95689898315, 9.2108712368, 0.1637042998, 4.923056702, 0.16018917334, 11.5674240609, 4.3721211993, 0.80175466399, 1.259237364, 0.034145554441, 1.0357075575, 11.7480494655, 16.8820180917, 11.6832491438, 2.817454356, 0.45148278674, 11.0186083975, 2.1278691015, 15.1277264231, 1.8291169846],
      [1.4175685454, 0.57561904404, 3.3974875803, 3.31512531, 3.8533439613, 2.8100457578, 1.7928575926, 0.33100036684, 4.187599241, 1.1811336783, 0.99955440516, 1.8508525883, 4.1188273303, 1.9135618832, 4.2863696339, 2.9044841137, 2.0602613917, 0.4799806044, 0.48541290573, 4.3626595983, 0.069605327557, 2.7408088524, 0.078081076605, 4.3654337797, 1.450136397, 0.43921624728, 0.58309490951, 0.013712465315, 0.52059995932, 3.8290697125, 7.7770480392, 4.3641520182, 1.2003785255, 0.36854354504, 4.9443838727, 1.1187743395, 6.5834824256, 2.4397742797],
      [2.7865810775, 1.1006360564, 6.4617346929, 5.8242013412, 6.6734297478, 5.327268169, 3.2625240983, 0.74772205679, 6.1685324249, 1.7094822464, 1.5498394346, 2.7151040192, 6.3045502238, 3.4146412863, 6.7212381325, 5.3752484112, 3.4827918356, 1.0436126264, 0.86421357341, 8.2065811843, 0.16056814332, 5.4664917337, 0.13261716221, 8.8130646363, 2.8845264213, 0.87619901572, 1.0290644651, 0.041392542259, 0.85736648807, 7.1994395373, 11.7793634842, 7.6388701621, 2.3920698543, 0.6452527625, 8.9372649811, 1.5895940152, 11.8779931528, 4.9171088348],
      [2.482171414, 1.3262482516, 8.0232469856, 5.2755237987, 8.5614990764, 5.4589632812, 4.022541327, 1.2072890341, 8.2752740995, 1.7779824049, 1.6875943259, 2.9787883586, 8.368913302, 4.4886574275, 7.3474560839, 6.1395923049, 2.9369101571, 1.0062879709, 0.85921831632, 8.4569261206, 0.094822285338, 5.6909252643, 0.3266920714, 7.6329169664, 3.1641672125, 0.85905919699, 1.1654461816, 0, 1.1645304136, 6.3400151948, 12.6773734718, 6.9296238961, 2.7065328353, 1.1244126058, 9.5516754713, 3.9466299876, 19.0185120945, 5.1332738121]
    ],
    [
      [1.5654145351, 0.4902588189, 2.44631273, 2.0838879315, 5.5694662313, 2.36183577, 3.070746545, 0.07833784828, 4.4584050289, 0, 2.1578510957, 1.3144308672, 4.6692394312, 4.1784776829, 6.0680996379, 1.436010363, 0.86821416901, 0.6976235012, 0.47893813487, 3.0116012978, 0.10643434476, 2.8855300289, 0.52708753903, 2.9830764196, 1.5151537416, 0.58401562931, 4.68077366, 1.0716456582, 0.17426643265, 5.0149821688, 3.3684504782, 4.8147103903, 2.1819287697, 0.77197867026, 5.9450281123, 0.34993212669, 9.6962136927, 1.3252359238],
      [9.4410163145, 4.4068357961, 16.3480504552, 13.1705091374, 25.457547505, 13.3371917014, 18.6650962718, 0.89771533207, 20.0648408242, 4.0981911615, 9.9974576968, 6.0541800991, 21.6774228317, 23.7917540863, 35.4582279123, 11.1023671447, 7.3710426595, 3.5835622202, 2.2338823308, 18.148817327, 0.84928045051, 11.2454734435, 0.60541933483, 21.1024211106, 19.0306791459, 4.1905455162, 9.1440306649, 0.67116432644, 1.4322047645, 34.4830470689, 25.5500601912, 27.8091841701, 12.2544271184, 2.6735274647, 33.1085582537, 1.8645050717, 35.8321166414, 2.0717227475],
      [156.3854066535, 61.5687269179, 273.8454624894, 317.3331784231, 447.2072917214, 215.0541641077, 212.6344461358, 12.0941602579, 413.6764612677, 93.6750721279, 211.2134723771, 323.2532425338, 441.6727414923, 384.3380718802, 638.3392575228, 157.7520060648, 86.7715321604, 68.0905976513, 45.6037021219, 340.5147592397, 13.5737326316, 248.1880306702, 12.3035562864, 306.2249684009, 245.3139977793, 91.4801070575, 165.4872281081, 5.692627312, 29.2982083513, 433.6938086233, 466.0187686366, 411.3586801503, 206.1636276629, 87.0632552596, 587.9394532317, 39.4525914385, 617.0855846474, 110.0194416789],
      [13.636803806, 5.1102795959, 21.1282803985, 22.6198467191, 31.4443664688, 16.5278096017, 19.4836220366, 1.4315999045, 24.7336646935, 2.3850232957, 7.0998416334, 0, 27.4441332298, 27.8358871553, 40.6514261126, 11.8232997436, 6.0396639247, 8.2698970901, 3.2517348698, 25.9933071047, 3.07516342, 20.0741766052, 0, 36.8256065688, 25.0605754281, 7.3675219957, 10.6234125007, 2.5645627033, 1.9160177225, 45.5503239427, 28.6563208447, 29.2274962803, 17.7118661344, 6.151370261, 43.161617824, 2.2442861907, 45.2206973559, 8.9604399425],
      [21.9713586909, 11.4238988713, 52.2318939269, 40.7925777889, 80.3213280736, 33.7189988192, 39.1460890109, 3.4981866573, 66.0666281857, 10.841713415, 28.531377197, 40.3781464999, 72.536463015, 72.8558091952, 88.4829888144, 26.886316684, 9.9495470864, 11.3583195372, 6.4317425426, 53.3315150309, 1.3953891531, 41.6067892522, 4.5639368398, 42.8639275001, 44.079593905, 14.3778098013, 27.0645550663, 0, 5.179302729, 59.2578381962, 61.4063998492, 52.789929009, 37.6881503146, 21.3398683445, 91.8453425783, 11.0886851725, 144.1653876626, 18.6231597073]
    ],
    [
      [6.3435890389, 1.0772026169, 9.782262917, 8.1582051641, 23.7791789103, 11.9300965006, 14.5738003661, 0.031300609638, 13.9153883548, 0.059563859798, 3.8577187341, 5.6490477177, 14.6223807455, 11.4643697664, 14.0342870997, 5.381286585, 3.1923707097, 3.055743798, 2.23244961, 10.0441179576, 0.20794907768, 14.4650934559, 0.39941976631, 9.6995787477, 5.6708379456, 2.676229177, 6.125371801, 1.2079679386, 0.037862995359, 19.8043883835, 7.8689997996, 19.5748710049, 6.9526769454, 2.5780540256, 25.5076048065, 2.5305293614, 48.6243353743, 5.0694168007],
      [87.1074893735, 27.877613909, 153.7553588633, 144.5390004515, 186.5593803307, 138.2998453044, 145.1592356877, 9.9892121319, 107.6353605781, 24.4813781342, 41.6627452354, 47.4051105625, 122.9430926242, 126.3056322855, 171.7257903536, 103.5275077536, 61.2644120628, 36.3973032409, 22.2828383079, 153.8826307655, 6.7509849889, 114.0076194532, 2.1574243129, 179.7808897864, 177.7489471247, 46.8052504016, 40.1013058425, 2.3457235823, 9.3055146285, 274.9955927642, 188.5898839185, 210.0566630805, 82.4109353486, 18.9832081563, 296.7348722621, 22.3268498635, 233.4781193805, 15.0349128638],
      [0, 0, 9.2212718965, 30.3973692783, 24.5762406027, 3.9030835598, 0, 0, 46.03473858, 3.0428951223, 4.4271040783, 10.673850797, 45.3331372111, 10.9890330628, 44.6086957887, 2.7548092661, 0, 0, 2.7551104414, 11.3342687977, 0, 6.7481552268, 0.25001082393, 0, 0, 2.92062905, 4.444200725, 0, 2.8466240311, 0, 52.3101794104, 6.5485778422, 0, 10.8099961523, 26.6083411038, 9.575942773, 23.767457954, 6.3325883433],
      [355.5489215876, 91.8334055823, 608.2384277195, 771.0898721712, 697.5659104664, 525.6779779844, 370.303918492, 36.9567197915, 401.4856456493, 70.0385854899, 141.2494259328, 226.9519937391, 471.8998132734, 448.094847679, 601.7943613145, 337.1735439528, 150.3138773293, 190.5469529611, 99.2544608659, 680.3977422874, 32.0410659334, 626.4668444113, 9.0826755547, 671.5195314659, 574.5802149297, 255.5305830941, 161.3752418142, 14.4463084791, 38.3726952681, 819.2000188523, 650.7159552291, 675.1099686872, 344.1382892719, 132.0929053532, 1186.1289445318, 79.513004141, 879.6024683807, 203.1419107498],
      [0, 0.21177789184, 3.0026786037, 1.815552935, 7.5192896899, 1.1889966508, 1.9630454542, 0.022767467012, 7.9288668378, 0.37757739383, 0.80300601941, 1.3199971837, 8.2015761457, 4.1461172063, 5.8368654434, 1.1628524425, 0.22933989822, 0, 0.47514077482, 1.3412401918, 0, 1.3122874528, 0.11046954216, 0, 0, 0.067308277298, 0.95387981731, 0, 0.43730307691, 0, 5.5149816424, 1.7099193852, 0.49809843407, 3.5358363125, 5.0202372958, 4.0536738611, 15.5276189106, 0.42117124247]
    ],
    [
      [0.70874484045, 0.13329315609, 0.9974762091, 0.94485786293, 2.4516404619, 1.0578648908, 0.7355375515, 0.024209894448, 1.661490725, 0.076897875453, 0.4170393402, 0.6457482992, 1.8054059399, 1.0621812266, 2.1161083491, 0.50338828437, 0.3208305722, 0.15650319886, 0.11405995437, 0.98887152586, 0, 0.92640474557, 0.026328887491, 1.1782412049, 0.55382890438, 0.1411290675, 0.59879408889, 0.076882650597, 0.053237739622, 1.2839920163, 1.3979741065, 1.5553675533, 0.52508535457, 0.50290677845, 2.4984215412, 0.057569756951, 1.8511245346, 0.30559848724],
      [8.8518939199, 2.4865785356, 13.7989373195, 12.3608274316, 23.1955059464, 12.3675306971, 9.2573681503, 0.57962471297, 15.4813794298, 2.5464762754, 4.6289268806, 5.5691723432, 17.3521134737, 12.5207549109, 25.5952986851, 8.0597705301, 5.6466036143, 1.6661200059, 1.1046882985, 12.3359682649, 0, 7.4742455042, 0.14622134418, 17.2537090016, 14.3993553522, 2.0975904968, 4.0289393948, 0.18826576154, 0.91237624506, 18.2739036794, 21.9497767148, 18.5959998284, 6.1067982635, 3.6106147482, 28.7963363869, 0.63710321387, 14.1589286218, 0.9902411005],
      [4.3859910396, 1.030206042, 6.8910563525, 8.8807469643, 12.1588107872, 5.9406199267, 3.1934038623, 0.22719376641, 9.5194887842, 1.2028995196, 2.4270222982, 4.4216101961, 10.546681557, 6.0322139324, 13.753354136, 3.4073059476, 1.9715312974, 0.96036030825, 0.66166832424, 6.9026171187, 0, 4.9158708718, 0.083989661915, 7.6924902789, 5.6422471285, 1.3573928071, 2.2033271872, 0.088964451187, 0.54101188216, 7.0364793338, 11.9456448373, 8.2062648099, 3.0734382757, 3.4804989253, 15.2661008847, 0.39555966926, 7.2796126382, 1.5600901888],
      [20.4154176723, 4.672652204, 31.0257117566, 36.9321603592, 49.8455098772, 26.6617674956, 13.7590909471, 1.2214543341, 33.2004797326, 4.1324698633, 8.9185648777, 15.3644193819, 38.2191268312, 25.4851350633, 51.0522618511, 14.9312093866, 7.8968923138, 4.9472231511, 2.7941346657, 30.737096803, 0, 23.2104067566, 0.34339697425, 36.7620636697, 26.5685048416, 6.4136588417, 9.2146216756, 0.64588713667, 2.1205845472, 31.3160756905, 42.8300757346, 34.0021325951, 14.5032354036, 14.444977024, 65.3121763267, 1.3331668028, 31.0883150327, 7.4497443453],
      [8.6379525279, 2.6772700623, 18.2868183622, 15.8814073819, 30.3485329273, 12.9722169898, 8.0545994888, 0.94751729212, 21.1371613283, 2.0412564662, 4.6084466033, 7.9990497796, 24.0766721982, 15.8997148668, 26.4829769787, 8.0983258513, 3.1641422023, 2.2697933359, 1.3254487573, 15.0354462876, 0, 11.4730721218, 0.40006313217, 15.1134958448, 13.8360637733, 2.9902287869, 4.9543176534, 0, 1.3727895859, 13.0895492799, 21.8765286068, 14.6402352132, 7.7914427025, 11.9610025239, 33.1269648605, 1.5766005572, 23.6220191728, 3.6943258782]
    ],
    [
      [2.4482408634, 0.94223119456, 6.6937278445, 4.6791377893, 12.9724608839, 5.1576917008, 5.8375380127, 0.14881148417, 6.6410899413, 0.48373687798, 4.0558315088, 5.6890523861, 7.7006527367, 6.8038666143, 8.5602786094, 4.2148640291, 2.068262824, 1.6035962466, 0.34029607936, 6.1924473587, 0.17431663358, 5.544254322, 1.7447432907, 6.517943071, 4.1311306384, 1.5748552502, 4.6319033703, 0.73275431467, 0.31283725089, 9.0132113415, 6.4803787025, 8.6709462718, 4.4567445014, 0.73675222573, 12.5008782627, 0.84483619869, 16.4360404945, 3.6190226996],
      [13.2199321511, 7.5884893249, 40.0603429202, 26.4784246817, 53.1030925161, 26.0842206429, 31.7786004329, 1.5367994443, 26.7734508833, 6.9223541453, 19.459417674, 21.2180026911, 32.0219830731, 34.689824024, 44.7969732032, 29.19413014, 15.7482267729, 7.3694289901, 1.4216920797, 33.4217124058, 1.2360302608, 19.3496048971, 3.9307458348, 41.2955560404, 46.4488971779, 10.1048589215, 13.4664867337, 0.76070077527, 2.3141968044, 55.499407022, 44.0282610838, 44.8549037772, 22.4103849135, 2.281166844, 62.3416246997, 4.0436727494, 54.4031089333, 5.0740063037],
      [3.8110337616, 1.8254479961, 11.6447216812, 11.0735800242, 16.2043129274, 7.2920866479, 6.3792924093, 0.34764560887, 9.581712127, 1.8979995519, 5.9328468413, 9.8004438849, 11.3286124092, 9.7271192414, 14.0123229186, 7.1813946078, 3.1966751505, 2.469061436, 0.49410620667, 10.8856952457, 0.35666204089, 7.4071343787, 1.2843621512, 10.7171075406, 10.5936186952, 3.8026548382, 4.2821490702, 0.20469577145, 0.7935557761, 12.4406423304, 13.9483590765, 11.5223251794, 6.5625555359, 1.2777061178, 19.2417209071, 1.4571317797, 16.2838623348, 4.6481055094],
      [15.6122758567, 7.2830265614, 46.1458454325, 40.5339194094, 58.4707834398, 28.8051767494, 24.1908444261, 1.6425039132, 29.4116774997, 5.7344391048, 19.1823281215, 29.9684828598, 36.1323764417, 36.169488816, 45.7807125893, 27.6966985058, 11.2667745966, 11.1923141713, 1.8354560252, 42.6652726206, 1.7232025032, 30.7820804932, 4.4413103088, 45.0797336593, 43.9061783793, 15.8120370527, 15.7576595444, 1.3018491386, 2.7333359741, 48.7341419771, 44.0182847074, 42.0215322752, 27.2545393357, 4.6654945992, 72.4599963364, 4.3199488504, 61.2105260779, 19.5307961274],
      [6.9085173672, 4.360804923, 28.4553621216, 18.2349380955, 37.2493502329, 14.660824259, 14.8137247191, 1.3242395495, 19.5920695487, 2.9614703201, 10.3695758544, 16.3240181782, 23.8163753392, 23.6097013042, 24.8497126796, 15.7129127173, 4.720060656, 5.365599156, 0.90844960902, 21.8348723691, 0.50978856153, 15.916925909, 5.5988384145, 19.3896596887, 23.9201751092, 7.7055939375, 8.8618012814, 0, 1.8460741945, 21.312597329, 23.5247164299, 18.9302924964, 15.3157757135, 4.0388802133, 38.4557797941, 5.3344104217, 48.6664621595, 10.1280693599]
    ]
  ],
  "prob": [
    [0.5032146199, 0.16053542965, 0.07056958288, 0.12484236085, 0.14083800672],
    [0.0079847690372, 0.044227715151, 0.76837354736, 0.055267961685, 0.12414600676],
    [0.017802573903, 0.19853417749, 0.020904260144, 0.75826606704, 0.0044929214249],
    [0.017646342771, 0.20224013032, 0.10503585052, 0.43972101836, 0.23535665802],
    [0.062166283174, 0.30836218111, 0.093264872181, 0.34369181884, 0.1925148447]
  ],
  "iterations": 125,
  "time": 0.144243,
  "message": "Converged",
  "status": 0,
  "miniter": 0,
  "maxiter": 1000,
  "maxtime": 3600,
  "param_threshold": 0.001,
  "ll_threshold": "-Inf",
  "initial_prob": "random",
  "adjust_prob_cond_method": "lp",
  "adjust_prob_cond_every": true,
  "candidates_id": ["ELLEY, Jeanette Susan.c", "ADAMS, Paul Gavin.c", "McCRACKEN, Hamish Kennedy.c", "McCULLY, Murray Stuart.c", "Other candidates votes.c"],
  "group_id": ["Green Party.p", "Labour Party.p", "National Party.p", "New Zealand First Party.p", "Other parties votes.p"]
}
