{
  "Z_true": {},
  "V_true": [
    [13, 206, 495, 487],
    [1026, 1827, 597, 130],
    [394, 9562, 619, 468],
    [190, 594, 16315, 450],
    [63, 1430, 551, 1003],
    [64, 301, 574, 352]
  ],
  "p_true": [
    [0.0108, 0.1715, 0.4122, 0.4055],
    [0.2866, 0.5103, 0.1668, 0.0363],
    [0.0357, 0.8659, 0.0561, 0.0424],
    [0.0108, 0.0338, 0.9297, 0.0256],
    [0.0207, 0.4693, 0.1808, 0.3292],
    [0.0496, 0.2332, 0.4446, 0.2727]
  ],
  "Z_est": [
    [
      [0, 0, 0, 0, 0, 0, 0, 0, 0, 0, 0, 0, 0, 0, 0, 0, 0, 0, 0, 0, 0, 0, 0, 0, 0, 0, 0, 0, 0, 0, 0, 0, 0, 0, 0, 0, 0, 0, 0, 0, 0, 0, 0, 0],
      [0, 0, 0, 0, 0, 0, 0, 0, 0, 0, 0, 0, 0, 0, 0, 0, 0, 0, 0, 0, 0, 0, 0, 0, 0, 0, 0, 0, 0, 0, 0, 0, 0, 0, 0, 0, 0, 0, 0, 0, 0, 0, 0, 0],
      [10.0086, 19.35, 12.6776, 12.0104, 39.4866, 24.7887, 28.0242, 18.1818, 29.3587, 7.3397, 38.7001, 4.6707, 11.7164, 0, 15.3466, 6.6724, 10.6759, 8.0069, 17.3483, 9.3414, 13.3449, 10.6759, 3.3362, 46.707, 23.3535, 18.6828, 14.6793, 0, 2.0017, 1.3345, 15.3466, 12.0104, 6.0052, 21.3518, 26.0225, 22.019, 27.5659, 16.6811, 9.3414, 0, 151.4641, 10.0086, 24.688, 0],
      [4.9914, 9.65, 6.3224, 5.9896, 19.5134, 15.2113, 13.9758, 9.8182, 14.6413, 3.6603, 19.2999, 2.3293, 5.2836, 0, 7.6534, 3.3276, 5.3241, 3.9931, 8.6517, 4.6586, 6.6551, 5.3241, 1.6638, 23.293, 11.6465, 9.3172, 7.3207, 0, 0.9983, 0.6655, 7.6534, 5.9896, 2.9948, 10.6482, 12.9775, 10.981, 12.4341, 8.3189, 4.6586, 0, 75.5359, 4.9914, 12.312, 0]
    ],
    [
      [13.6662, 19.694, 24.424, 15.2682, 31.47, 46.7456, 13.4294, 13.1403, 27.7541, 15.7552, 37.6023, 6.5647, 15.22, 1.9593, 23.3051, 3.2302, 39.1346, 29.9035, 31.3353, 30.44, 67.147, 18.8012, 8.0576, 47.4506, 68.0423, 60.88, 50.1364, 0.5211, 3.2874, 4.4765, 18.9764, 70.7282, 20.5918, 29.5447, 35.5239, 30.6682, 63.8572, 47.4506, 27.7541, 0, 256.054, 28.6494, 143.247, 17.9059],
      [12.6912, 19.842, 24.6923, 14.1145, 38.8022, 33.6596, 13.669, 12.7871, 32.6291, 15.8736, 52.9121, 6.922, 15.8736, 2.3175, 30.4244, 2.0412, 30.8654, 36.6783, 53.6395, 30.3141, 54.217, 27.5431, 5.9996, 52.0394, 56.4644, 53.353, 42.9928, 0.4409, 2.7216, 8.4064, 12.6524, 53.3988, 14.5513, 51.9844, 43.7948, 60.7039, 67.0592, 60.8374, 24.2302, 0, 284.2711, 25.7741, 67.6116, 9.9093],
      [3.043, 4.5645, 5.6803, 8.7507, 15.9688, 5.8357, 3.1444, 2.493, 10.9921, 3.6516, 24.2062, 1.2135, 4.3121, 0.7232, 8.0966, 0.6086, 0, 7.9118, 9.7376, 6.9989, 10.9375, 7.012, 1.6229, 11.5634, 14.2007, 6.767, 10.752, 0.0379, 0.8511, 2.0287, 3.6516, 13.6408, 4.0573, 9.3319, 9.4333, 10.5491, 15.1136, 12.3749, 5.8363, 0, 62.3817, 6.2889, 24.3441, 6.4852],
      [0.5997, 0.8995, 1.2034, 0.8666, 1.759, 1.759, 0.7572, 0.5797, 2.6247, 0.7196, 5.2794, 0.2998, 0.5943, 0, 7.1739, 0.1199, 0, 3.5064, 1.2876, 1.247, 2.6985, 0.6438, 0.3198, 2.9466, 1.2926, 0, 2.1188, 0, 0.1399, 5.0885, 0.7196, 1.2323, 0.7996, 1.139, 4.248, 2.0788, 2.97, 1.3371, 1.1793, 0, 12.2931, 1.2876, 4.7973, 0.6996]
    ],
    [
      [0.2472, 0.1888, 0.2217, 0.0963, 0.2873, 0.4501, 0.1231, 0.1314, 0.2545, 0.1478, 0.3448, 0.0657, 0.1249, 0.0065, 0.1965, 0.0575, 0.3694, 0.2212, 0.1749, 1.0996, 0.6157, 0.1724, 0.1659, 0.4351, 0.6239, 0.5583, 0.4597, 0.1808, 0.0328, 0.039, 0.3109, 0.6486, 0.1888, 0.2709, 0.3202, 0.2791, 0.3383, 0, 0.2545, 0, 2.348, 0.3817, 2.8345, 0.1642],
      [162.3509, 255.2536, 191.8331, 59.8, 306.235, 307.2677, 187.9652, 182.845, 414.5034, 187.0987, 407.362, 178.901, 88.4399, 4.824, 128.0343, 11.9109, 248.941, 153.6667, 152.0426, 144.9198, 338.9706, 133.6605, 39.0232, 373.3196, 357.953, 296.4405, 220.5569, 3.7801, 17.2104, 25.7905, 213.6161, 106.6627, 68.8414, 201.2312, 241.3471, 206.0941, 235.0196, 314.4319, 71.0692, 5.5671, 1958.1345, 177.7553, 507.0877, 46.0231],
      [13.894, 9.7714, 7.221, 5.9623, 13.9381, 11.7299, 5.7242, 3.5081, 27.5851, 16.9729, 15.4251, 1.2511, 4.408, 0.1695, 8.3472, 0.5424, 4.9653, 3.551, 5.6615, 7.9969, 12.5852, 4.8479, 6.0096, 11.7325, 13.6965, 9.9697, 10.7517, 0.0391, 2.5804, 0.9139, 10.7031, 3.5053, 9.9157, 7.1532, 9.0498, 4.1807, 8.8144, 6.0709, 0, 0.4908, 73.0236, 7.8298, 19.6967, 2.9518],
      [13.5079, 22.7861, 13.7242, 8.1415, 19.5396, 26.5522, 15.1875, 16.5156, 24.6571, 15.7806, 31.8681, 8.7823, 3.0272, 0, 14.422, 3.4892, 13.7242, 12.5611, 9.1209, 9.9837, 22.8285, 4.3192, 3.8013, 27.5128, 23.7266, 15.0316, 12.2317, 0, 2.1764, 3.2566, 14.3699, 7.1834, 11.0541, 2.3447, 16.283, 17.446, 15.8278, 3.4973, 7.6763, 0.942, 120.4939, 19.0332, 51.3811, 1.8609]
    ],
    [
      [0.4405, 0.6333, 0.7084, 0.4681, 0.9637, 1.4593, 0.413, 0.4405, 0.8535, 0.4956, 1.1564, 0.1538, 0.4681, 0.0055, 0.7159, 2.6494, 1.239, 0.9086, 0.9637, 0.9361, 2.35, 0.5782, 0.2608, 1.6147, 2.9118, 1.8723, 1.991, 1.298, 0.3212, 0.1373, 0.6057, 2.9954, 0.5822, 0.9086, 1.0738, 0.9361, 1.8998, 1.3811, 1.7323, 0, 7.8746, 0.8811, 4.4053, 1.4949],
      [11.4729, 15.3884, 10.5229, 6.4211, 1.1771, 20.6054, 12.1896, 11.1595, 23.5207, 10.2261, 29.4535, 6.1659, 9.5235, 0.1145, 13.5638, 1.2987, 20.475, 27.21, 21.8785, 7.82, 33.4765, 25.369, 3.4453, 59.6722, 45.4391, 31.0516, 28.2368, 0.779, 1.7315, 2.6359, 12.2886, 23.965, 1.8474, 41.1589, 53.5763, 51.4611, 41.9188, 81.1722, 8.5856, 0.4329, 187.201, 15.3492, 35.3476, 4.6896],
      [196.0532, 276.3416, 245.1073, 263.3592, 607.8592, 370.6338, 198.8539, 180.6236, 383.979, 182.0494, 586.0328, 49.3198, 236.0084, 1.8801, 374.7901, 111.4479, 203.8241, 218.8225, 345.1244, 136.3036, 538.681, 379.0361, 90.6821, 848.8143, 741.6604, 441.4561, 491.3913, 1.923, 114.478, 46.6793, 200.7211, 401.9173, 152.3973, 473.1337, 581.2284, 456.5246, 654.4441, 418.3351, 165.1467, 8.5092, 2918.7422, 256.7363, 633.9289, 137.8817],
      [2.0334, 3.6367, 1.6615, 1.7516, 0, 4.3015, 1.5435, 2.7764, 2.6468, 2.229, 5.3573, 0.3606, 0, 0, 2.9302, 1.6041, 1.4618, 4.0589, 2.0334, 0.9402, 5.4925, 1.0167, 0.6118, 5.8988, 3.9887, 2.62, 3.3809, 0, 0.4693, 0.5475, 1.3846, 2.1223, 1.1731, 1.7988, 4.1215, 8.0781, 2.7373, 2.1116, 1.5355, 0.058, 20.1823, 2.0334, 5.3182, 0.9338]
    ],
    [
      [0.5356, 0.33, 0.3874, 0.239, 0.5021, 0.9393, 0.2152, 0.585, 0.4447, 0.2582, 0.6026, 0.1148, 0.2439, 0.0287, 0.3625, 0.1004, 1.6657, 0.412, 0.4532, 0.4878, 0.5933, 0.2554, 0.1291, 0.7604, 1.0903, 0.9756, 0.3543, 0, 0.1401, 0.0412, 0.6262, 0.3131, 0.1566, 0.3955, 0.5273, 0.4878, 0.5356, 0.5356, 0.4447, 0, 4.1761, 0.4591, 0.7745, 0.2869],
      [23.586, 37.0119, 28.6661, 7.0691, 35.1471, 40.5726, 26.5041, 25.7632, 46.8091, 20.4236, 55.1549, 22.1036, 14.8773, 0.7441, 12.6076, 1.4297, 38.954, 18.1431, 20.0277, 15.2402, 26.126, 12.6896, 3.5819, 42.8177, 46.4463, 25.0374, 15.603, 0, 1.9063, 1.8143, 27.5775, 13.7887, 6.8944, 17.4174, 23.2231, 26.4889, 23.586, 26.8259, 12.989, 0, 225.806, 15.8694, 34.109, 3.9915],
      [14.7711, 23.6898, 19.2531, 8.4031, 25.7793, 25.9063, 16.3619, 13.407, 33.887, 13.1804, 35.1916, 2.314, 15.7155, 0.2272, 9.9989, 1.1362, 19.9978, 9.2198, 12.4986, 9.5444, 16.3619, 7.0447, 2.2725, 26.8153, 33.3986, 15.6801, 9.7717, 0, 8.4387, 1.1362, 17.2708, 8.6354, 4.3177, 10.9079, 14.5439, 16.5891, 14.7711, 14.7711, 8.1069, 0, 133.1673, 9.9989, 21.3613, 2.8506],
      [26.1073, 40.9684, 30.6935, 13.2888, 35.5715, 46.5818, 28.9189, 31.2448, 47.8592, 24.1378, 61.0509, 16.4677, 10.1633, 0, 21.0309, 2.3336, 27.3825, 22.2251, 22.0205, 16.7276, 28.9189, 11.0102, 4.0165, 47.6067, 47.0648, 27.3069, 17.271, 0, 6.515, 2.0083, 30.5255, 15.2627, 7.6314, 19.2792, 25.7057, 29.4342, 26.1073, 22.8674, 14.4594, 0, 222.8506, 17.6726, 37.7552, 3.871]
    ],
    [
      [1.1105, 2.154, 1.2586, 0.9285, 1.7768, 3.4056, 0.8193, 1.7028, 1.6931, 1.3432, 2.2939, 1.1011, 0.9432, 0, 1.42, 0.9625, 2.5912, 1.5547, 2.073, 1.0365, 4.294, 1.1928, 0.3865, 2.7393, 3.3316, 3.7139, 3.0585, 0, 0.2185, 0.306, 1.4807, 4.3147, 1.4807, 1.8803, 1.5547, 1.6288, 2.3691, 3.6328, 0.8144, 0, 15.5474, 1.6288, 8.7387, 0.1481],
      [2.8991, 8.504, 3.2857, 1.5953, 4.6386, 7.8946, 3.6722, 4.4453, 7.5377, 6.378, 8.1175, 3.9077, 3.2857, 0, 3.3699, 1.3195, 6.7646, 4.302, 5.4117, 2.7058, 11.2099, 9.7378, 0.95, 7.1511, 8.6973, 8.1175, 5.6105, 0, 0.4302, 1.3529, 3.8655, 6.1848, 3.8655, 7.2082, 4.0587, 4.252, 6.4165, 9.7326, 2.126, 0, 40.5875, 4.252, 11.8441, 0.3865],
      [6.2301, 18.2827, 7.0608, 6.5144, 9.9681, 19.1056, 7.8914, 6.7865, 16.1982, 14.8061, 17.4442, 5.2309, 7.8396, 0, 10.4206, 6.5924, 14.5368, 7.4879, 11.6295, 5.8147, 24.0896, 10.3835, 2.0767, 15.3675, 18.6902, 17.4442, 12.654, 0, 3.6501, 2.9074, 8.3068, 13.2908, 8.3068, 14.1215, 8.7221, 9.1374, 13.2908, 20.7669, 4.5687, 0, 87.221, 9.1374, 31.981, 0.8307],
      [4.7603, 15.0593, 5.395, 4.9618, 7.6165, 15.5942, 6.6171, 10.0654, 13.571, 10.4726, 14.1444, 4.7603, 4.9316, 0, 8.7895, 4.1256, 11.1074, 7.6553, 8.8859, 4.4429, 18.4065, 3.6859, 1.5868, 11.7421, 14.2809, 12.7244, 8.6769, 0, 1.7012, 2.4337, 6.3471, 8.2097, 6.3471, 10.79, 6.6644, 6.9818, 9.9236, 15.8676, 3.4909, 0, 66.6441, 6.9818, 24.4362, 0.6347]
    ]
  ],
  "V_est": [
    [0, 0, 800.3252, 400.6748],
    [1559.7934, 1561.7052, 377.1949, 81.3065],
    [16.4324, 9933.7809, 405.1374, 687.6492],
    [56.1785, 1051.0179, 16322.8619, 118.9417],
    [22.9668, 1125.4239, 708.6947, 1189.9146],
    [94.6289, 248.072, 536.7859, 411.5132]
  ],
  "p_est": [
    [0, 0, 0.6664, 0.3336],
    [0.4357, 0.4362, 0.1054, 0.0227],
    [0.0015, 0.8996, 0.0367, 0.0623],
    [0.0032, 0.0599, 0.9301, 0.0068],
    [0.0075, 0.3694, 0.2326, 0.3905],
    [0.0733, 0.1922, 0.4158, 0.3188]
  ],
  "EI_Z": {},
  "EI_V": 6.179,
  "MAE_Z": {},
  "MAE_V": 194.1817,
  "MAE_p": 0.0555,
  "runtime": 5.48
}
