{
  "Z_true": {},
  "V_true": [
    [11, 8, 216, 2127, 13],
    [1130, 530, 488, 438, 32],
    [1162, 4095, 879, 1223, 159],
    [301, 170, 6283, 16794, 202],
    [183, 309, 354, 520, 277]
  ],
  "p_true": [
    [0.0046, 0.0034, 0.0909, 0.8956, 0.0055],
    [0.4316, 0.2024, 0.1864, 0.1673, 0.0122],
    [0.1546, 0.5447, 0.1169, 0.1627, 0.0211],
    [0.0127, 0.0072, 0.2645, 0.7071, 0.0085],
    [0.1114, 0.1881, 0.2155, 0.3165, 0.1686]
  ],
  "Z_est": [
    [
      [0, 0, 0, 0, 0, 0, 0, 0, 0, 0, 0, 0, 0, 0, 0, 0, 0, 0, 0, 0, 0, 0, 0, 0, 0, 0, 0, 0, 0, 0, 0, 0, 0, 0, 0, 0, 0, 0, 0, 0],
      [0, 0, 0, 0, 0, 0, 0, 0, 0, 0, 0, 0, 0, 0, 0, 0, 0, 0, 0, 0, 0, 0, 0, 0, 0, 0, 0, 0, 0, 0, 0, 0, 0, 0, 0, 0, 0, 0, 0, 0],
      [0, 0, 0, 0, 0, 0, 0, 0, 0, 0, 0, 0, 0, 0, 0, 0, 0, 0, 0, 0, 0, 0, 0, 0, 0, 0, 0, 0, 0, 0, 0, 0, 0, 0, 0, 0, 0, 0, 0, 0],
      [15, 1, 0, 82, 64, 34, 95, 57, 107, 67, 14, 16, 58, 4, 4, 1, 58, 26, 26, 17, 66, 11, 39, 5, 98, 67, 134, 25, 93, 51, 78, 71, 78, 117, 134, 6, 246, 32, 185, 93],
      [0, 0, 0, 0, 0, 0, 0, 0, 0, 0, 0, 0, 0, 0, 0, 0, 0, 0, 0, 0, 0, 0, 0, 0, 0, 0, 0, 0, 0, 0, 0, 0, 0, 0, 0, 0, 0, 0, 0, 0]
    ],
    [
      [27.1747, 2.4704, 0, 86.465, 67.5251, 25.5278, 57.6434, 29.6452, 59.2903, 55.1729, 32.1156, 47.7616, 31, 17.8695, 5.7643, 0.8235, 60.9373, 39.5269, 70.819, 18.94, 149.8728, 25.5278, 77.4068, 0.8235, 97.1702, 65.8781, 83.9946, 18, 20.5869, 27.1747, 33.7625, 31.2921, 18.94, 53.526, 56, 13.9991, 163.0484, 44.4677, 274.2177, 135.8736],
      [4.3311, 0.3937, 0, 13.7809, 10.7622, 4.0686, 9.1872, 4.7249, 9.4497, 8.7935, 5.1186, 7.6123, 10.0531, 5.0439, 0.9187, 0.1312, 9.7122, 6.2998, 11.2872, 3.0187, 23.8868, 4.0686, 12.3371, 0.1312, 15.4871, 10.4997, 13.3871, 3.7746, 3.2812, 4.3311, 5.3811, 4.9874, 3.0187, 8.531, 11.5497, 2.2312, 25.9868, 7.0873, 43.705, 21.6556],
      [1.0342, 0.094, 0, 3.2905, 2.5698, 0.9715, 2.1937, 1.1282, 2.2564, 2.0997, 1.2222, 1.8176, 1.3476, 0.7521, 0.2194, 0.0313, 2.319, 1.5042, 2.6951, 0.7208, 5.7036, 0.9715, 2.9458, 0.0313, 3.6979, 2.5071, 3.1965, 0.8775, 0.7835, 1.0342, 1.2849, 1.1909, 0.7208, 2.037, 2.7578, 0.5328, 6.205, 1.6923, 10.4357, 5.1708],
      [0.46, 0.0418, 0, 1.4636, 1.143, 0.4321, 0.9757, 0.5018, 1.0036, 0.9339, 0.5436, 0.8084, 0.5994, 0.3345, 0.0976, 0.0139, 1.0315, 0.6691, 1.1987, 0.3206, 2.5368, 0.4321, 1.3102, 0.0139, 1.6448, 1.1151, 1.4217, 0.3903, 0.3485, 0.46, 0.5715, 0.5297, 0.3206, 0.906, 17.6925, 0.237, 2.7598, 0.7527, 4.6416, 2.2999],
      [0, 0, 0, 0, 0, 0, 0, 0, 0, 0, 0, 0, 0, 0, 0, 0, 0, 0, 0, 0, 0, 0, 0, 0, 0, 0, 0, 4.9576, 0, 0, 0, 0, 0, 0, 0, 0, 0, 0, 0, 0]
    ],
    [
      [2.9766, 0.5296, 0.2533, 18.4927, 26.4091, 10.4722, 15.3566, 9.3548, 16.9094, 15.1995, 5.3832, 4.2384, 0, 0, 1.2357, 0.1765, 10.0627, 11.1463, 54.7451, 5.7631, 40.2275, 3.4722, 16.7828, 0.1765, 14.7562, 12.1596, 16.5928, 0, 6.5864, 8.613, 8.7397, 4.7079, 5.6365, 11.474, 0, 5.0009, 32.3623, 8.4231, 50.285, 8.1264],
      [25.7297, 5.7022, 2.2394, 163.474, 231.8878, 102.743, 211.5872, 86.6139, 135.8543, 120.0809, 47.5866, 73.8356, 101.2046, 24.9776, 13.7904, 3.2252, 85.379, 98.5323, 140.7246, 50.9457, 265.3653, 48.1464, 148.3582, 5.8688, 130.4433, 101.8652, 145.1717, 31.9706, 52.7378, 76.1386, 70.1169, 55.0316, 49.2969, 90.9366, 63.6936, 92.8374, 286.0794, 74.459, 444.5148, 178.2025],
      [11.0987, 2.3614, 0.9446, 68.9539, 98.4719, 41.7974, 86.4285, 36.3661, 63.0503, 56.6744, 20.0722, 35.5521, 46.5979, 1.903, 5.4313, 1.1807, 43.2143, 41.5613, 38.5491, 21.4891, 111.932, 20.3083, 62.578, 4.2665, 55.0214, 45.3396, 61.8696, 15.2918, 24.5589, 32.1155, 32.5878, 29.6982, 21.0168, 44.1588, 37.3107, 37.0745, 124.6821, 31.4071, 187.498, 70.6069],
      [4.6621, 0.7722, 0.3089, 22.5496, 32.2027, 13.6688, 29.402, 11.8926, 34.2426, 32.8153, 6.5641, 9.962, 13.2827, 5.415, 1.7762, 0.4175, 32.7312, 13.5916, 10.0461, 7.0275, 36.6045, 8.6156, 20.4646, 0.9267, 18.021, 22.4381, 21.7399, 4.2474, 14.7983, 10.5026, 17.7984, 17.2438, 8.9373, 28.5639, 46.9694, 12.1243, 39.4619, 10.2709, 61.3165, 23.0902],
      [2.5329, 0.6346, 0.2538, 18.5298, 28.0285, 8.3185, 23.2257, 9.7726, 16.9433, 15.2299, 5.3939, 5.412, 10.9148, 1.7044, 0.7665, 0, 11.6128, 11.1686, 3.9351, 5.7747, 19.8706, 5.4574, 16.8164, 0.7615, 14.7581, 10.1976, 16.626, 3.4902, 5.3185, 8.6303, 8.7572, 6.3185, 4.1126, 11.8667, 10.0264, 9.9629, 28.4143, 8.4399, 50.3857, 18.974]
    ],
    [
      [0.8487, 0, 0.7467, 26.0422, 9.0658, 0, 0, 0, 9.8002, 3.6276, 6.5013, 0, 0, 0.1305, 0, 0, 0, 3.3268, 1.4359, 3.2969, 18.8997, 0, 12.8104, 0, 10.0736, 10.9623, 1.4126, 0, 12.8266, 0.2122, 5.4977, 0, 4.4236, 0, 0, 0, 0.5894, 1.1092, 52.4973, 0],
      [0, 0.7102, 1.3728, 20.8857, 0, 18.2073, 10.4573, 9.4863, 0, 0, 23.9678, 9.9589, 5.822, 0.2029, 1.3213, 0.1623, 0, 8.9929, 2.2314, 8.9634, 12.7554, 7.5187, 3.9965, 0, 6.7616, 0, 0, 3.5399, 0, 0.7736, 0, 0, 0, 0, 0, 18.2355, 17.5913, 19.503, 51.1714, 41.3547],
      [16.2733, 7.7852, 0.5367, 186.2306, 206.7647, 60.8936, 218.4622, 132.4089, 183.7246, 143.9947, 30.5931, 47.8116, 128.1233, 4.3073, 17.5525, 3.2692, 82.0761, 24.8376, 47.3808, 21.8433, 101.4863, 13.0139, 58.0262, 8.7021, 167.8306, 102.5909, 201.1308, 96.1995, 134.3201, 100.4753, 161.918, 139.7735, 170.8343, 195.3917, 224.5566, 79.424, 630.0411, 118.7663, 394.2883, 455.6441],
      [58.878, 3.1859, 3.6911, 596.9868, 671.6543, 334.8991, 797.6223, 471.6056, 693.7538, 612.2509, 70.8923, 164.2296, 427.118, 15.2505, 94.1263, 12.5685, 285.2374, 228.7394, 167.7552, 182.652, 580.8586, 86.9523, 328.2252, 16.0594, 667.3342, 459.4468, 1089.8384, 247.3624, 629.8532, 378.0375, 582.6301, 509.2265, 616.7421, 792.5301, 1033.3381, 39.6388, 1906.7783, 262.9764, 1322.042, 523.6099],
      [0, 0.3187, 0.6528, 1.8546, 11.5152, 0, 4.4581, 0.4993, 0.7213, 4.1269, 4.0456, 0, 12.9367, 0.1088, 0, 0, 2.6866, 3.1032, 1.1966, 4.2445, 0, 1.515, 1.9417, 2.2385, 0, 0, 0.6183, 1.8983, 0, 10.5014, 0.9541, 0, 0, 3.0782, 6.1053, 39.7017, 0, 10.6451, 18.001, 12.3913]
    ],
    [
      [0, 0, 0, 0, 0, 0, 0, 0, 0, 0, 0, 0, 0, 0, 0, 0, 0, 0, 0, 0, 0, 0, 0, 0, 0, 0, 0, 0, 0, 0, 0, 0, 0, 0, 0, 0, 0, 0, 0, 0],
      [1.9392, 0.1939, 0.3878, 10.8594, 14.35, 6.9811, 13.7682, 7.175, 9.6959, 15.1256, 2.327, 6.5932, 8.9203, 0.7757, 0.9696, 0.4813, 2.9088, 7.175, 7.7567, 4.0723, 12.9925, 4.2662, 9.3081, 0, 9.3081, 11.6351, 11.4412, 2.7149, 6.9811, 7.7567, 9.502, 6.9811, 3.6845, 8.5324, 7.7567, 9.6959, 27.3425, 7.9507, 31.6087, 6.7871],
      [7.5937, 0.7594, 1.5187, 42.525, 56.1937, 27.3375, 53.9156, 28.0969, 37.9687, 59.2312, 9.1125, 25.8187, 34.9312, 3.0375, 3.7969, 1.5187, 11.3906, 28.0969, 30.375, 15.9469, 50.8781, 16.7062, 36.45, 0, 36.45, 45.5625, 44.8031, 10.6312, 27.3375, 30.375, 37.2094, 27.3375, 14.4281, 33.4125, 30.375, 37.9687, 107.0718, 31.1344, 123.778, 26.5781],
      [0, 0, 0, 0, 0, 0, 0, 0, 0, 0, 0, 0, 0, 0, 0, 0, 0, 0, 0, 0, 0, 0, 0, 0, 0, 0, 0, 0, 0, 0, 0, 0, 0, 0, 0, 0, 0, 0, 0, 0],
      [0.4671, 0.0467, 0.0934, 2.6156, 3.4563, 1.6815, 3.3162, 1.7282, 2.3353, 3.6431, 0.5605, 1.588, 2.1485, 0.1868, 0.2335, 0, 0.7006, 1.7282, 1.8683, 0.9808, 3.1294, 1.0276, 2.2419, 0, 2.2419, 2.8024, 2.7557, 0.6539, 1.6815, 1.8683, 2.2886, 1.6815, 0.8874, 2.0551, 1.8683, 2.3353, 6.5857, 1.915, 7.6132, 1.6347]
    ]
  ],
  "V_est": [
    [0, 0, 0, 2375, 0],
    [2128.0351, 350.0059, 82.0441, 52.9572, 4.9576],
    [462.8276, 4137.3485, 1771.0209, 707.4656, 439.3374],
    [196.1373, 305.944, 5119.2826, 17966.5771, 162.0589],
    [0, 318.7015, 1247.6524, 0, 76.6461]
  ],
  "p_est": [
    [0, 0, 0, 1, 0],
    [0.8128, 0.1337, 0.0313, 0.0202, 0.0019],
    [0.0616, 0.5503, 0.2356, 0.0941, 0.0584],
    [0.0083, 0.0129, 0.2155, 0.7565, 0.0068],
    [0, 0.194, 0.7594, 0, 0.0467]
  ],
  "EI_Z": {},
  "EI_V": 12.3275,
  "MAE_Z": {},
  "MAE_V": 373.8094,
  "MAE_p": 0.1002,
  "runtime": 1.1528
}
