{
  "X": [
    [75, 119, 151, 19],
    [276, 431, 784, 91],
    [187, 89, 104, 25],
    [32, 68, 61, 11],
    [279, 481, 457, 98],
    [318, 338, 240, 35],
    [483, 633, 912, 107],
    [85, 140, 177, 10],
    [205, 271, 401, 39],
    [180, 189, 211, 20],
    [90, 153, 170, 12],
    [6, 14, 31, 4],
    [43, 40, 83, 5],
    [226, 119, 118, 8],
    [6, 7, 4, 0],
    [42, 68, 133, 9],
    [19, 30, 32, 3],
    [12, 13, 13, 1],
    [1, 4, 9, 2],
    [31, 35, 77, 6],
    [2, 6, 11, 0],
    [8, 16, 41, 3],
    [1, 9, 4, 0],
    [10, 8, 11, 0],
    [189, 188, 253, 35],
    [4, 2, 1, 0],
    [71, 75, 81, 10],
    [50, 39, 33, 19],
    [25, 17, 15, 4],
    [1476, 1197, 1142, 139],
    [92, 49, 53, 4],
    [8, 3, 4, 1],
    [6, 16, 8, 2],
    [45, 90, 84, 10],
    [723, 1573, 1147, 152],
    [39, 39, 26, 11],
    [62, 68, 84, 24],
    [11, 26, 9, 7],
    [113, 132, 144, 34],
    [39, 38, 31, 10],
    [92, 61, 47, 18],
    [54, 71, 77, 15],
    [71, 77, 103, 15],
    [85, 102, 104, 8],
    [91, 77, 83, 20],
    [47, 75, 60, 21],
    [8, 14, 26, 4],
    [8, 11, 13, 0],
    [32, 75, 57, 18],
    [12, 21, 16, 3],
    [17, 3, 14, 0],
    [20, 24, 34, 1],
    [57, 57, 68, 12],
    [2, 3, 5, 3],
    [348, 166, 123, 20],
    [12, 14, 28, 3],
    [14, 18, 17, 2],
    [6, 4, 6, 5],
    [8, 12, 1, 1],
    [4, 1, 2, 0],
    [16, 18, 23, 5],
    [40, 28, 63, 4],
    [15, 10, 7, 2],
    [31, 13, 13, 4],
    [1, 1, 6, 0],
    [261, 178, 235, 30],
    [137, 55, 37, 8],
    [139, 67, 47, 15],
    [34, 51, 33, 5],
    [65, 79, 67, 18],
    [58, 75, 97, 22],
    [44, 52, 37, 5],
    [14, 42, 32, 4],
    [23, 37, 29, 8],
    [84, 95, 75, 17],
    [20, 20, 24, 2],
    [23, 11, 20, 2],
    [1, 3, 2, 0],
    [426, 761, 967, 78],
    [1082, 1504, 1728, 394],
    [702, 743, 851, 254],
    [1, 1, 4, 0]
  ],
  "W": [
    [13, 80, 183, 67, 21],
    [56, 446, 712, 246, 122],
    [57, 57, 132, 127, 32],
    [8, 49, 78, 25, 12],
    [72, 251, 684, 218, 90],
    [95, 133, 412, 236, 55],
    [166, 579, 910, 374, 106],
    [29, 104, 200, 63, 16],
    [58, 228, 421, 163, 46],
    [34, 109, 275, 151, 31],
    [26, 127, 178, 81, 13],
    [1, 20, 27, 4, 3],
    [14, 54, 64, 35, 4],
    [55, 70, 155, 169, 22],
    [2, 4, 5, 4, 2],
    [16, 95, 106, 26, 9],
    [6, 20, 34, 18, 6],
    [1, 7, 18, 10, 3],
    [0, 7, 7, 2, 0],
    [13, 47, 67, 16, 6],
    [0, 3, 12, 3, 1],
    [0, 19, 38, 9, 2],
    [0, 1, 11, 1, 1],
    [2, 9, 10, 7, 1],
    [45, 116, 317, 153, 34],
    [0, 0, 3, 3, 1],
    [13, 56, 101, 53, 14],
    [15, 15, 56, 42, 13],
    [8, 10, 21, 19, 3],
    [427, 649, 1655, 1074, 149],
    [26, 32, 70, 66, 4],
    [2, 1, 5, 7, 1],
    [4, 6, 17, 4, 1],
    [16, 35, 135, 33, 10],
    [221, 608, 2011, 540, 215],
    [3, 14, 55, 34, 9],
    [17, 39, 109, 54, 19],
    [3, 4, 32, 10, 4],
    [30, 75, 190, 88, 40],
    [9, 10, 54, 38, 7],
    [24, 26, 75, 72, 21],
    [21, 40, 106, 37, 13],
    [29, 46, 113, 58, 20],
    [29, 66, 125, 63, 16],
    [32, 47, 108, 60, 24],
    [9, 27, 90, 41, 36],
    [4, 8, 28, 8, 4],
    [2, 6, 16, 5, 3],
    [10, 27, 100, 23, 22],
    [2, 8, 27, 10, 5],
    [3, 5, 8, 17, 1],
    [6, 25, 33, 9, 6],
    [16, 36, 81, 43, 18],
    [0, 3, 7, 1, 2],
    [72, 56, 236, 266, 27],
    [1, 13, 20, 13, 10],
    [3, 7, 28, 10, 3],
    [1, 2, 11, 6, 1],
    [1, 0, 12, 7, 2],
    [2, 1, 2, 2, 0],
    [6, 10, 31, 13, 2],
    [10, 33, 58, 29, 5],
    [7, 3, 11, 11, 2],
    [9, 4, 26, 19, 3],
    [0, 2, 5, 0, 1],
    [63, 102, 289, 211, 39],
    [44, 18, 68, 102, 5],
    [27, 20, 96, 106, 19],
    [7, 15, 66, 26, 9],
    [22, 36, 103, 45, 23],
    [12, 35, 134, 42, 29],
    [7, 26, 66, 29, 10],
    [6, 20, 49, 10, 7],
    [6, 16, 42, 21, 12],
    [16, 38, 132, 60, 25],
    [6, 12, 31, 13, 4],
    [7, 14, 18, 15, 2],
    [2, 1, 3, 0, 0],
    [122, 597, 1110, 288, 115],
    [315, 882, 2234, 917, 360],
    [187, 361, 1168, 613, 221],
    [0, 1, 2, 2, 1]
  ],
  "method": "mvn_pdf",
  "cond_prob": [
    [
      [0.6169826302, 0.089508798402, 0.03040577995, 0.26310279145],
      [0.013761456282, 0.087904171717, 0.89111378136, 0.0072205906441],
      [0.042888519293, 0.555519034, 0.40096741387, 0.00062503283905],
      [0.85415799583, 0.09345925228, 0.051034426313, 0.0013483255731],
      [0.038148788258, 0.13725232183, 0.11996566912, 0.7046332208]
    ],
    [
      [0.63499986609, 0.097004434829, 0.043771087269, 0.22422461181],
      [0.010414073964, 0.068560482772, 0.9164504313, 0.0045750119687],
      [0.036250201468, 0.49417974451, 0.46781667872, 0.0017533753089],
      [0.83247424504, 0.096444226222, 0.069958655947, 0.0011228727883],
      [0.042594449059, 0.15908621799, 0.1845624766, 0.61375685635]
    ],
    [
      [0.8313120451, 0.048596459301, 0.021871596957, 0.098219898645],
      [0.036611195296, 0.093801050681, 0.8637775493, 0.0058102047233],
      [0.11220038715, 0.53334996484, 0.35444964802, 0],
      [0.93789625472, 0.04155033581, 0.020553409468, 0],
      [0.11265937014, 0.16263293515, 0.12876131633, 0.59594637837]
    ],
    [
      [0.63795934444, 0.10634353962, 0.018128828703, 0.23756828725],
      [0.020770956065, 0.15811606972, 0.81151834616, 0.0095946280529],
      [0.049179703346, 0.70031915093, 0.2492055369, 0.0012956088268],
      [0.86196082234, 0.10743941701, 0.029440362247, 0.0011593983983],
      [0.041125914809, 0.17422375576, 0.076377456185, 0.70827287325]
    ],
    [
      [0.5799471944, 0.076355315743, 0.019501615766, 0.32419587409],
      [0.019865995736, 0.11279817565, 0.85356401016, 0.013771818448],
      [0.056193365603, 0.6114768309, 0.33191985607, 0.00040994743047],
      [0.87496485919, 0.087321883866, 0.035851242145, 0.0018620148023],
      [0.034209285535, 0.11004169067, 0.072250719732, 0.78349830406]
    ],
    [
      [0.78279951132, 0.10506605028, 0.019903952616, 0.092230485783],
      [0.029320115067, 0.14169563361, 0.82898425132, 0],
      [0.062686011246, 0.66221720821, 0.27509678054, 0],
      [0.88532936371, 0.087076590614, 0.027594045678, 0],
      [0.090365539133, 0.2870843779, 0.14549364932, 0.47705643365]
    ],
    [
      [0.65962499061, 0.096120152564, 0.031699351923, 0.21255550491],
      [0.01451997013, 0.09101386153, 0.88865040833, 0.0058157600082],
      [0.044434021855, 0.56128569181, 0.39342013111, 0.00086015522207],
      [0.85435848356, 0.09449213646, 0.050095287986, 0.0010540919905],
      [0.048397699181, 0.17204707795, 0.14586192585, 0.63369329702]
    ],
    [
      [0.73307715674, 0.12077621313, 0.037591043804, 0.10855558633],
      [0.014785179895, 0.096169962216, 0.88904485789, 0],
      [0.040238670957, 0.57699750607, 0.38276382298, 0],
      [0.8422449152, 0.10512193922, 0.052606462072, 2.6683513211e-05],
      [0.06837124354, 0.2796018978, 0.22388892522, 0.42813793344]
    ],
    [
      [0.6926456681, 0.093479314735, 0.034871486601, 0.17900353057],
      [0.013909085867, 0.08132420892, 0.90029694408, 0.0044697611352],
      [0.045531643969, 0.53282910286, 0.42059311409, 0.0010461390811],
      [0.85858929388, 0.087869808939, 0.052695517843, 0.00084537933575],
      [0.055139188229, 0.18244454238, 0.17501478453, 0.58740148486]
    ],
    [
      [0.76787889433, 0.088852125479, 0.027317726751, 0.11595125344],
      [0.019680801219, 0.096642879969, 0.88097321575, 0.0027031030655],
      [0.057258752565, 0.56953523259, 0.37320601485, 0],
      [0.88413912152, 0.07753616321, 0.038324715267, 0],
      [0.080507934016, 0.22950981326, 0.18149776405, 0.50848448867]
    ],
    [
      [0.64674126571, 0.1544780822, 0.033253000045, 0.16552765204],
      [0.012636646685, 0.13258241292, 0.85077947171, 0.0040014686799],
      [0.032979569888, 0.6557566999, 0.30894491391, 0.0023188163003],
      [0.80360287468, 0.14532963003, 0.050294134224, 0.00077336106751],
      [0.047513590248, 0.2807085236, 0.15541611871, 0.51636176744]
    ],
    [
      [0.3889645509, 0.03498240683, 0.016339856055, 0.55971318622],
      [0.013408095154, 0.062124189016, 0.90597435999, 0.018493355842],
      [0.06331320942, 0.46136235201, 0.46820628448, 0.007118154085],
      [0.90310337612, 0.053719031158, 0.040249910238, 0.0029276824864],
      [0.0070011290686, 0.016958061308, 0.020534540726, 0.9555062689]
    ],
    [
      [0.7024193104, 0.091801296222, 0.041363480673, 0.1644159127],
      [0.011237200946, 0.067235559551, 0.91829608975, 0.003231149757],
      [0.038406544927, 0.49120918251, 0.46695834891, 0.0034259236527],
      [0.85399105247, 0.084241269852, 0.061035552622, 0.00073212505117],
      [0.052903772843, 0.17455737792, 0.20283593806, 0.56970291118]
    ],
    [
      [0.90515291889, 0.07549163102, 0.019355450086, 0],
      [0.0360472309, 0.112354624, 0.8515981451, 0],
      [0.088626886434, 0.59154259864, 0.31983051493, 0],
      [0.92399773559, 0.053981803428, 0.022020460985, 0],
      [0.17274993575, 0.28050495662, 0.18310874399, 0.36363636364]
    ],
    [
      [0.8605552608, 0.12087284004, 0.018571899165, 0],
      [0.020073719229, 0.24876509095, 0.73116118982, 0],
      [0.051619656964, 0.80377367755, 0.14460666549, 0],
      [0.88772588433, 0.099791571079, 0.012482544592, 0],
      [0.19479638968, 0.67257964203, 0.13262396829, 0]
    ],
    [
      [0.71831584941, 0.080149546425, 0.030100431286, 0.17143417288],
      [0.015852900149, 0.0799215432, 0.89951580475, 0.0047097518994],
      [0.052710278035, 0.52573491762, 0.41961992336, 0.0019348809793],
      [0.88036440153, 0.074109688036, 0.044746256655, 0.00077965377634],
      [0.058239664859, 0.1633674996, 0.1579196776, 0.62047315794]
    ],
    [
      [0.65473616591, 0.19354100295, 0.047369620577, 0.10435321056],
      [0.008079898865, 0.11514950755, 0.87509284524, 0.0016777483486],
      [0.026077899577, 0.62603615905, 0.34178176047, 0.0061041809045],
      [0.76357453031, 0.16928972695, 0.066686816645, 0.00044892609492],
      [0.046499149351, 0.36721988976, 0.23216380269, 0.3541171582]
    ],
    [
      [0.8950664198, 0.065341303426, 0.016980363356, 0.022611913419],
      [0.023412836936, 0.10287880155, 0.87253223452, 0.001176126994],
      [0.069632409256, 0.59413424899, 0.33232687587, 0.003906465886],
      [0.9265504013, 0.051690214431, 0.02164932997, 0.00011005430109],
      [0.14071878069, 0.3343961532, 0.22563897655, 0.29924608955]
    ],
    [
      [0.53500578129, 0.079996918877, 0.028989830951, 0.35600746888],
      [5.1902926401e-15, 1.9462209622e-13, 1, 0],
      [0.14285714281, 0.57142857142, 0.28571428571, 6.469199779e-11],
      [1.5337668005e-10, 4.0315078699e-11, 3.2730254958e-11, 0.99999999977],
      [0.02080347985, 0.099303499481, 0.093704674939, 0.78618834573]
    ],
    [
      [0.77938628213, 0.053818262516, 0.026532659398, 0.14026279596],
      [0.018927034114, 0.061286335679, 0.91548923682, 0.0042973933893],
      [0.07324399405, 0.44586496302, 0.47798316805, 0.0029078748856],
      [0.9141660701, 0.047539862218, 0.037686019795, 0.00060804788873],
      [0.074067167678, 0.13105241547, 0.1665387869, 0.62834162995]
    ],
    [
      [0.70936172629, 0.16966345595, 0.12089954004, 7.5277725063e-05],
      [0, 0.038650979537, 0.96134902046, 0],
      [0, 0.41854564188, 0.58145435812, 0],
      [0.65783374664, 0.17622646254, 0.16593979082, 0],
      [0.026498760073, 0.33281997118, 0.64068126874, 0]
    ],
    [
      [0.087412242059, 0.015537144625, 0.011356887207, 0.88569372611],
      [0.005276869734, 0.041251667683, 0.93084180202, 0.022629660566],
      [0.018647470728, 0.37924108612, 0.58873032371, 0.01338111944],
      [0.79890187536, 0.0889532753, 0.10374594492, 0.0083989044163],
      [0.0005093545557, 0.0022387819002, 0.0042699781499, 0.99298188539]
    ],
    [
      [0.87598494352, 0.10757368811, 0.016440815744, 5.5262165689e-07],
      [0.0053668741561, 0.15188299089, 0.84275013495, 0],
      [0.012076028889, 0.72919024748, 0.25873372363, 0],
      [0.81689033282, 0.14638629781, 0.03672336937, 0],
      [0.044906475248, 0.68063798904, 0.27445553571, 1.6313339568e-14]
    ],
    [
      [0.93305812975, 0.055894553073, 0.011047317173, 0],
      [0.030039081724, 0.1115894439, 0.85837147438, 0],
      [0.085143030634, 0.62243723582, 0.29241973355, 0],
      [0.94756130512, 0.038387298966, 0.014051395912, 0],
      [0.37917256278, 0.39082244785, 0.23000498937, 0]
    ],
    [
      [0.68084819439, 0.069030396064, 0.027381630887, 0.22273977866],
      [0.01730835751, 0.076269188458, 0.89940574996, 0.0070167040748],
      [0.059535340077, 0.5088804627, 0.43027576382, 0.0013084334018],
      [0.88727107594, 0.068164199269, 0.043465337727, 0.0010993870651],
      [0.050849539946, 0.12653462208, 0.12909252391, 0.69352331407]
    ],
    [
      [0.99996712997, 2.8732357234e-05, 4.1376683495e-06, 1.6413584172e-16],
      [0.056018550116, 0.079417253745, 0.8644988151, 6.5381043072e-05],
      [0.17323445063, 0.55116203944, 0.27560350993, 0],
      [0.99575550218, 0.0032501694638, 0.00099432835244, 0],
      [0.49303014157, 0.33676337328, 0.17020648515, 0]
    ],
    [
      [0.81087773733, 0.064860341511, 0.01532655589, 0.10893536527],
      [0.032992847748, 0.11878636529, 0.84259831251, 0.0056224744552],
      [0.082694522102, 0.61189479169, 0.30516764797, 0.00024303823806],
      [0.92256746362, 0.055776094261, 0.021188674115, 0.00046776800348],
      [0.097340545473, 0.19623372483, 0.11930836428, 0.58711736541]
    ],
    [
      [0.47544135263, 0.04883834079, 0.012828461678, 0.4628918449],
      [0.022724510379, 0.10553939118, 0.84505925287, 0.026676845575],
      [0.078978231134, 0.59142571609, 0.32959605278, 0],
      [0.90101908816, 0.068925020231, 0.029085989398, 0.00096990221379],
      [0.020148416053, 0.051511005363, 0.034822597822, 0.89351798076]
    ],
    [
      [0.73326931742, 0.066849882916, 0.013951832215, 0.18592896745],
      [0.027683925249, 0.12581887719, 0.83786433045, 0.0086328671055],
      [0.061415584705, 0.64958133248, 0.28128898416, 0.0077140986566],
      [0.91608853495, 0.06223073173, 0.02087123188, 0.00080950144075],
      [0.053865588435, 0.12780675993, 0.068706654909, 0.74962099673]
    ],
    [
      [0.78716691798, 0.072010016511, 0.018246706174, 0.12257635934],
      [0.02894860563, 0.11744330408, 0.85181347028, 0.0017946200082],
      [0.078019188105, 0.59931262664, 0.32266818526, 0],
      [0.91098617224, 0.063249815676, 0.02576401208, 0],
      [0.091081715887, 0.20294174149, 0.1321833468, 0.57379319582]
    ],
    [
      [0.85444873098, 0.057345472949, 0.016827251555, 0.071378544518],
      [0.038392274603, 0.10458630819, 0.85702141721, 0],
      [0.094655512969, 0.57401000933, 0.3313344777, 0],
      [0.93110143892, 0.048014224106, 0.020884336975, 0],
      [0.1192998327, 0.20315409924, 0.14150660744, 0.53603946063]
    ],
    [
      [0.82247744208, 0.058659687331, 0.027909174881, 0.090953695708],
      [0.0090854519788, 0.044626310617, 0.94477324524, 0.0015149921646],
      [0.04304694106, 0.44935747365, 0.50730151597, 0.00029406932305],
      [0.86907528957, 0.070678027401, 0.048723840075, 0.011522842952],
      [0.047197931561, 0.09652075467, 0.12183394463, 0.73444736914]
    ],
    [
      [0.56897833529, 0.1489604695, 0.017400814244, 0.26466038097],
      [0.013174690621, 0.20377389679, 0.7764504436, 0.0066009689936],
      [0.021058337969, 0.78903512223, 0.18297705891, 0.0069294808865],
      [0.8161543159, 0.1538812674, 0.028882251993, 0.0010821647081],
      [0.02242950604, 0.15239259376, 0.045555071928, 0.77962282827]
    ],
    [
      [0.6612134006, 0.10457503568, 0.030586840371, 0.20362472335],
      [0.014138953919, 0.10034780333, 0.88015794194, 0.0053553008123],
      [0.040109500009, 0.58990934759, 0.36854497265, 0.0014361797475],
      [0.84993971842, 0.10140886883, 0.047687071678, 0.00096434107837],
      [0.046292899435, 0.18303717167, 0.13778379125, 0.63288613764]
    ],
    [
      [0.69699192027, 0.12737008195, 0.025898368443, 0.14973962934],
      [0.01776438319, 0.13935342814, 0.8381333099, 0.0047488787742],
      [0.044451971605, 0.66572911736, 0.28873766924, 0.0010812417947],
      [0.84393220465, 0.11709703653, 0.038274911844, 0.00069584697376],
      [0.060687140602, 0.27028219931, 0.14126280424, 0.52776785585]
    ],
    [
      [0.50277849887, 0.038595844292, 0.0077484932587, 0.45087716357],
      [0.036841600373, 0.13003113517, 0.79492458425, 0.038202680207],
      [0.095412299527, 0.63546656306, 0.25639636516, 0.012724772252],
      [0.92813605631, 0.052296742337, 0.016853016449, 0.0027141849006],
      [0.019064412173, 0.037225151863, 0.019223077533, 0.92448735843]
    ],
    [
      [0.48596049647, 0.061044287518, 0.022174123688, 0.43082109233],
      [0.015258984559, 0.081378039149, 0.88828094731, 0.015082028985],
      [0.052529018897, 0.53284631652, 0.41462466459, 0],
      [0.87043086636, 0.081807649048, 0.047761484594, 0],
      [0.021823227324, 0.067928528239, 0.063519702331, 0.84672854211]
    ],
    [
      [0.17408683262, 0.032358959545, 0.0043230274713, 0.78923118036],
      [0.019429885657, 0.17440628326, 0.72641512225, 0.079748708834],
      [0.056567646666, 0.75165082702, 0.18210519929, 0.0096763270311],
      [0.85774092612, 0.10956360235, 0.02345606821, 0.0092394033154],
      [0.0031115012456, 0.014208875077, 0.0048608423204, 0.97781878136]
    ],
    [
      [0.6900484993, 0.079586114168, 0.023782754942, 0.20658263159],
      [0.019424620237, 0.09818787599, 0.87512818489, 0.00725931888],
      [0.057025302929, 0.57543147288, 0.36674199111, 0.00080123307503],
      [0.88475490623, 0.077171042867, 0.037072465198, 0.0010015857077],
      [0.053711479968, 0.15313235638, 0.11771370591, 0.67544245774]
    ],
    [
      [0.45477975185, 0.073012551776, 0.027847421051, 0.44436027532],
      [0.015360523737, 0.10383240253, 0.88080707373, 0],
      [0.042197034868, 0.59166291609, 0.36614004904, 0],
      [0.85131183751, 0.10142896132, 0.047259201163, 0],
      [0.017841041094, 0.071495001337, 0.053412882986, 0.85725107458]
    ],
    [
      [0.75801635269, 0.070482838488, 0.015203430345, 0.15629737848],
      [0.030861755212, 0.12790475808, 0.83323452541, 0.0079989613015],
      [0.076309037218, 0.6368227025, 0.28492448024, 0.0019437800396],
      [0.91292501886, 0.064129104214, 0.022236599127, 0.00070927779641],
      [0.073877273832, 0.17161380834, 0.095268993145, 0.65923992468]
    ],
    [
      [0.66073405599, 0.075441464436, 0.022526924605, 0.24129755497],
      [0.01900537906, 0.097470424806, 0.87494798108, 0.0085762150494],
      [0.056559287248, 0.57565451341, 0.36685297069, 0.00093322864777],
      [0.88596400872, 0.076241564721, 0.036598334539, 0.0011960920246],
      [0.045262837786, 0.12896891832, 0.099112466817, 0.72665577708]
    ],
    [
      [0.66272384529, 0.12542574387, 0.051795250216, 0.16005516062],
      [0.0087845616601, 0.073703954454, 0.91485950352, 0.0026519803684],
      [0.031996651759, 0.52006399985, 0.44400721661, 0.0039321317852],
      [0.80700390932, 0.11553629054, 0.076724331564, 0.00073546857848],
      [0.047753513031, 0.22519673446, 0.23957869372, 0.48747105878]
    ],
    [
      [0.77287927891, 0.12282712705, 0.040184381124, 0.06410921292],
      [0.019183259215, 0.12025423306, 0.86056250773, 0],
      [0.048754212922, 0.6291457902, 0.32209999688, 0],
      [0.85569997205, 0.10425287692, 0.040047151029, 0],
      [0.082314434324, 0.33062993202, 0.20325358207, 0.38380205158]
    ],
    [
      [0.77400205784, 0.065741102706, 0.018393144076, 0.14186369538],
      [0.027233184919, 0.10283055378, 0.86365625382, 0.0062800074824],
      [0.075679180879, 0.57835092952, 0.34536001155, 0.00060987805375],
      [0.91420931268, 0.058736238634, 0.026419502479, 0.00063494620427],
      [0.080252673423, 0.16988224914, 0.12231350269, 0.62755157475]
    ],
    [
      [0.69520676171, 0.12309933431, 0.029170403325, 0.15252350065],
      [0.015143672654, 0.12050502246, 0.86010184739, 0.0042494574998],
      [0.041111915966, 0.63220451795, 0.32432250295, 0.0023610631385],
      [0.84391328397, 0.11251842498, 0.042871259048, 0.00069703200068],
      [0.056492858422, 0.25352245403, 0.15466582235, 0.5353188652]
    ],
    [
      [0.47604992419, 0.11706163337, 0.081807011203, 0.32508143124],
      [0.0034328507618, 0.042561453087, 0.9512997922, 0.0027059039477],
      [0.0070937139832, 0.4176252374, 0.57333237002, 0.0019486785944],
      [0.7248049674, 0.12880767754, 0.14485350049, 0.0015338545655],
      [0.017818441598, 0.11682344358, 0.21255981324, 0.65279830158]
    ],
    [
      [0.89406381933, 0.08204197297, 0.023894207699, 0],
      [0.014905700613, 0.081540230013, 0.90355406937, 0],
      [0.051032825213, 0.55349284536, 0.39547432943, 0],
      [0.91096696848, 0.057814881261, 0.031218150256, 0],
      [0.25035937062, 0.40057158063, 0.34906904875, 0]
    ],
    [
      [0.63413026559, 0.10126350669, 0.022783093858, 0.24182313386],
      [0.01734912989, 0.1254211965, 0.8489108949, 0.0083187787122],
      [0.045286679632, 0.64572283162, 0.30874749247, 0.00024299627195],
      [0.85891792516, 0.10272285509, 0.037153457066, 0.0012057626882],
      [0.041204117963, 0.16664017264, 0.09646800634, 0.69568770305]
    ],
    [
      [0.7644042234, 0.10566997713, 0.022675133713, 0.10725066576],
      [0.017219940773, 0.1259536775, 0.85343666065, 0.0033897210768],
      [0.045345164149, 0.65283584934, 0.30075478959, 0.001064196918],
      [0.87919946365, 0.089476995516, 0.030881684367, 0.000441856466],
      [0.063423591699, 0.25193854767, 0.13959205694, 0.54504580368]
    ],
    [
      [0.78273839263, 0.093144269462, 0.12411733791, 0],
      [0.0030023037547, 0.015230554519, 0.98176714173, 0],
      [0.01839532245, 0.18702766119, 0.79457701636, 0],
      [0.84433037665, 0.058577406065, 0.097092217284, 0],
      [0.13599432066, 0.15237722637, 0.71162845297, 0]
    ],
    [
      [0.92036893514, 0.045645350902, 0.033985713957, 0],
      [0.039219735484, 0.1023698256, 0.85841043892, 0],
      [0.10852898426, 0.56579604746, 0.32567496828, 0],
      [0.94820488641, 0.036004637185, 0.01579047641, 0],
      [0.23033209063, 0.36192849231, 0.24107275039, 0.16666666667]
    ],
    [
      [0.7631249201, 0.08374409659, 0.026785537402, 0.12634544591],
      [0.018500977013, 0.091723650807, 0.88588209954, 0.0038932726422],
      [0.056648854999, 0.56104315537, 0.3822603895, 4.7600123138e-05],
      [0.88801766928, 0.073583490736, 0.037844581322, 0.00055425865733],
      [0.075036059544, 0.20830318547, 0.17162595953, 0.54503479545]
    ],
    [
      [0.19309621481, 0.0070728957397, 0.002676645352, 0.7971542441],
      [0.026209459636, 0.060660460181, 0.8369729668, 0.076157113384],
      [0.13369229078, 0.40139900866, 0.35486084947, 0.11004785109],
      [0.98527388713, 0.0079434419811, 0.0047786015854, 0.0020040693036],
      [0.00012584926396, 0.00014105842257, 0.00013827586066, 0.99959481645]
    ],
    [
      [0.86894656237, 0.054216063482, 0.0118931575, 0.064944216651],
      [0.045996465581, 0.1183509204, 0.82988983842, 0.005762775603],
      [0.11568064798, 0.58887461888, 0.29544473314, 0],
      [0.94722296561, 0.042339173471, 0.010437860915, 0],
      [0.13326309855, 0.19378376622, 0.1173493957, 0.55560373953]
    ],
    [
      [0.70711015278, 0.1359309651, 0.082985331849, 0.073973550263],
      [0.004805405024, 0.048110071743, 0.94633796378, 0.00074655945264],
      [0.032322260584, 0.455342152, 0.49605053724, 0.016285050181],
      [0.77754365555, 0.11195496798, 0.11019387059, 0.0003075058785],
      [0.047590684808, 0.26763804785, 0.42610900766, 0.25866225968]
    ],
    [
      [0.83417120854, 0.066178496694, 0.019365483666, 0.080284811096],
      [0.022215785704, 0.094937910487, 0.87983360048, 0.0030127033312],
      [0.067199629508, 0.57163558088, 0.36008745494, 0.0010773346761],
      [0.91987416047, 0.054260415124, 0.025537661504, 0.00032776289925],
      [0.087214881167, 0.19616624023, 0.14841433078, 0.56820454782]
    ],
    [
      [1.383012717e-06, 1.145402635e-07, 5.3005785206e-08, 0.99999844944],
      [0.00040717372281, 0.0010659057218, 0.016605128589, 0.98192179197],
      [0.098495754439, 0.36088136861, 0.54062287695, 0],
      [0.81928849512, 0.0046955032111, 0.0033230072306, 0.17269299444],
      [6.4710341893e-12, 2.4901249217e-12, 2.7849719676e-12, 0.99999999999]
    ],
    [
      [0.84523793777, 0.11443096679, 0.0084992987455, 0.03183179669],
      [0.029857468643, 0.27286110491, 0.69485564858, 0.0024257778592],
      [0.056624327109, 0.87005300085, 0.063439677993, 0.0098829940509],
      [0.89987774204, 0.089303378442, 0.01066188656, 0.00015699296074],
      [0.08806297133, 0.40990468697, 0.077795679713, 0.42423666199]
    ],
    [
      [0.95653521091, 0.039459427235, 0.0040053618554, 0],
      [0.0079484527079, 0.027558542802, 0.96449300449, 0],
      [0.058438938058, 0.43532230238, 0.50623875956, 0],
      [0.98105162468, 0.011438998985, 0.0075093763365, 0],
      [0.99990720626, 5.2889129657e-05, 9.1751783434e-06, 3.0729427216e-05]
    ],
    [
      [0.41995164735, 0.041502039463, 0.017184537525, 0.52136177567],
      [0.033452424189, 0.073403226916, 0.8931443489, 0],
      [0.051318066077, 0.5180368621, 0.43064507182, 0],
      [0.88726852031, 0.069529353922, 0.043202125771, 0],
      [0.010207530829, 0.026965584004, 0.026912212166, 0.935914673]
    ],
    [
      [0.81118946358, 0.052873203738, 0.030326686354, 0.10561064633],
      [0.017364930893, 0.052972978958, 0.92678766364, 0.0028744265134],
      [0.075800779448, 0.40846198341, 0.51431805791, 0.0014191792379],
      [0.91321059411, 0.04491537062, 0.041431049097, 0.00044298617056],
      [0.087102041506, 0.14596377429, 0.2161584908, 0.5507756934]
    ],
    [
      [0.74525916957, 0.11509348038, 0.02500830049, 0.11463904956],
      [0.013698827426, 0.11460732377, 0.86894715576, 0.0027466930503],
      [0.0092592454091, 0.65678473572, 0.32137586402, 0.012580154855],
      [0.86513835537, 0.099543892438, 0.034838669402, 0.00047908278585],
      [0.061857861052, 0.26545437818, 0.14987028083, 0.52281747994]
    ],
    [
      [0.84036689607, 0.02211381801, 0.0073101863705, 0.13020909955],
      [0.060363617541, 0.080482493056, 0.84730573813, 0.01184815127],
      [0.17284732563, 0.45898494653, 0.35372454547, 0.01444318237],
      [0.97021935386, 0.019099256394, 0.01014106797, 0.00054032177632],
      [0.089015091832, 0.060850394829, 0.051822298802, 0.79831221454]
    ],
    [
      [1, 1.3019377463e-12, 2.4702076134e-12, 6.1037249194e-35],
      [0.0080919071367, 0.014157672963, 0.9777504199, 0],
      [0.15300748712, 0.1640889495, 0.68290356338, 0],
      [0.99670053563, 0.00092241247086, 0.00237652721, 5.2469235076e-07],
      [0.21877875013, 0.15123990655, 0.62998134332, 1.1818509996e-13]
    ],
    [
      [0.76951249965, 0.072049182423, 0.029129979726, 0.1293083382],
      [0.01846993524, 0.075047233387, 0.90261328023, 0.0038695511476],
      [0.064664494289, 0.50278723155, 0.43254827416, 0],
      [0.89508187716, 0.063542925407, 0.041302388587, 7.2808848273e-05],
      [0.079140107637, 0.18187221852, 0.18915388386, 0.54983378998]
    ],
    [
      [0.80398405121, 0.070393544007, 0.014207958608, 0.11141444617],
      [0.034984154387, 0.12793545785, 0.83083315724, 0.0062472305237],
      [0.085856883388, 0.62792769168, 0.28621542493, 0],
      [0.92816804591, 0.057977689336, 0.013854264756, 0],
      [0.096715642935, 0.19740769514, 0.10881381814, 0.59706284378]
    ],
    [
      [0.84127995949, 0.044989031517, 0.010399761873, 0.10333124712],
      [0.049985976851, 0.11842869087, 0.82385341267, 0.0077319196014],
      [0.12419114366, 0.58638379354, 0.28865611036, 0.00076895243103],
      [0.95391305289, 0.038990802409, 0.0070961447021, 0],
      [0.1183467452, 0.15741332084, 0.093629486463, 0.6306104475]
    ],
    [
      [0.79685822668, 0.096047872713, 0.019162640258, 0.087931260353],
      [0.024363167155, 0.13761876722, 0.8345080993, 0.0035099663243],
      [0.061151894636, 0.66052340385, 0.27812785525, 0.00019684625899],
      [0.89249131405, 0.081113689971, 0.026023647305, 0.00037134867526],
      [0.09063841052, 0.28443142104, 0.14613186133, 0.47879830711]
    ],
    [
      [0.73811771174, 0.085577463388, 0.01993487845, 0.15636994642],
      [0.023374800171, 0.1212902383, 0.84908997633, 0.0062449851987],
      [0.060447190989, 0.62831377343, 0.31037333952, 0.00086569606381],
      [0.89196961902, 0.078077859398, 0.029240504584, 0.0007120169964],
      [0.067618435118, 0.1965662996, 0.11782247171, 0.61799279357]
    ],
    [
      [0.72771830123, 0.061951255804, 0.026185273995, 0.18414516897],
      [0.018744755892, 0.071327401513, 0.90394052397, 0.0059873186263],
      [0.066929296295, 0.48929639988, 0.44253852975, 0.0012357740777],
      [0.90196885003, 0.057859618849, 0.039316420857, 0.00085511026662],
      [0.060692983594, 0.12980359662, 0.14125536934, 0.66824805044]
    ],
    [
      [0.88980518737, 0.051289854061, 0.008760503645, 0.050144454921],
      [0.056048365483, 0.15626775504, 0.78743867852, 0.0002452009621],
      [0.10848327164, 0.66399992059, 0.22751680778, 0],
      [0.94709124148, 0.041553645274, 0.011355113246, 0],
      [0.16885642549, 0.2548958919, 0.11198632356, 0.46426135905]
    ],
    [
      [0.6759511757, 0.17505138591, 0.031784625055, 0.11721281334],
      [0.011975155006, 0.15026027897, 0.83505776672, 0.0027067993019],
      [0.027601798918, 0.69220674889, 0.27545448211, 0.0047369700765],
      [0.79939030983, 0.15486701857, 0.045233995691, 0.00050867590501],
      [0.051199800057, 0.35395503196, 0.16550390496, 0.42934126302]
    ],
    [
      [0.64553474627, 0.14723876166, 0.030298933896, 0.17692755818],
      [0.012492085288, 0.13411718784, 0.84899798731, 0.0043927395589],
      [0.030744568471, 0.66532915725, 0.3004127125, 0.0035135617709],
      [0.81492663628, 0.13844753482, 0.045815648876, 0.00081018002131],
      [0.043515576673, 0.25995579905, 0.13789800401, 0.55863062027]
    ],
    [
      [0.81298744945, 0.061841692893, 0.014129027969, 0.11104182969],
      [0.035983364656, 0.1221327566, 0.83564598648, 0.0062378922658],
      [0.087281414732, 0.61659699774, 0.29572063355, 0.00040095397797],
      [0.92663312711, 0.0533074742, 0.019579326877, 0.00048007181642],
      [0.10022794323, 0.19120944035, 0.11238019302, 0.59618242339]
    ],
    [
      [0.86541655139, 0.066080524434, 0.024111617446, 0.044391306733],
      [0.023686391689, 0.085855086212, 0.8904585221, 0],
      [0.068891019127, 0.54515512257, 0.38595385831, 0],
      [0.91783858929, 0.053633739913, 0.028527670797, 0],
      [0.11393518442, 0.2440521001, 0.20859967557, 0.4334130399]
    ],
    [
      [0.8648987418, 0.037989822972, 0.013451115624, 0.083660319602],
      [0.033585055813, 0.077571592561, 0.88452410927, 0.0043192423579],
      [0.11092824905, 0.4953946054, 0.38975846271, 0.0039186828414],
      [0.95054530839, 0.031295686937, 0.017817259724, 0.00034174494888],
      [0.11031495867, 0.13076537102, 0.11979671811, 0.6391229522]
    ],
    [
      [0.47242666712, 0.45526768459, 0.07230564829, 0],
      [0.00040219173875, 0.093094987658, 0.9065028206, 0],
      [0.018248158006, 0.66545654772, 0.31629529427, 0],
      [0.52497642454, 0.3807420675, 0.094223990996, 5.7516959885e-05],
      [0.03166143785, 0.24607990777, 0.12365115572, 0.59860749867]
    ],
    [
      [0.75124154995, 0.092687230679, 0.02770048424, 0.12837073513],
      [0.019359616444, 0.099265355089, 0.87807622659, 0.0032988018731],
      [0.055267184258, 0.57717459146, 0.36755822428, 0],
      [0.87772158435, 0.082207710723, 0.03949555137, 0.00057515355328],
      [0.075308252772, 0.22687933619, 0.1743016165, 0.52351079454]
    ],
    [
      [0.54984174315, 0.081865396432, 0.026194643583, 0.34209821683],
      [0.014582298285, 0.093097979734, 0.88115967822, 0.011160043757],
      [0.045522163732, 0.5675633043, 0.38691453196, 0],
      [0.85414477411, 0.096314583951, 0.049540641944, 0],
      [0.030530533851, 0.11067524083, 0.091027827803, 0.76776639751]
    ],
    [
      [0.52886367832, 0.06862550077, 0.024488149951, 0.37802267096],
      [0.015080780691, 0.084025920978, 0.88750544525, 0.013387853084],
      [0.052527118443, 0.53793544243, 0.40953743913, 0],
      [0.86488538366, 0.085053500402, 0.048788443677, 0.0012726722616],
      [0.027746225341, 0.087725255126, 0.080471517404, 0.80405700213]
    ],
    [
      [0.18739730059, 0.24157315259, 0.57102954473, 2.0894330391e-09],
      [4.3760544753e-05, 0.0036679881203, 0.99628825133, 0],
      [0.00028584527655, 0.32660863377, 0.67310552095, 0],
      [0.49886989652, 0.12236740605, 0.37876269743, 0],
      [0.001644755867, 0.098379932232, 0.8999753119, 0]
    ]
  ],
  "expected_outcome": [
    [
      [8.0207741926, 35.5599925013, 47.3847865705, 5.1036747555, 41.7561979966, 74.3659535754, 109.4977484408, 21.2592375454, 40.1734487498, 26.1078824073, 16.8152729085, 0.3889645509, 9.8338703456, 49.7834105391, 1.7211105216, 11.4930535906, 3.9284169954, 0.8950664198, 0, 10.1320216677, 0, 0, 0, 1.8661162595, 30.6381687475, 0, 10.5414105853, 7.1316202895, 5.8661545394, 336.1202739755, 22.2156670054, 1.6449548842, 2.2759133412, 10.5794144095, 154.0352143793, 1.5083354966, 8.2613284399, 0.52226049786, 20.701454979, 4.0930177666, 18.1923924646, 13.8754151757, 19.2189915135, 22.4134990883, 24.7680658507, 6.2568608554, 1.9041996968, 1.7881276387, 6.3413026559, 1.5288084468, 2.3482151779, 5.5222136108, 12.2099987216, 0, 62.5641524904, 0.70711015278, 2.5025136256, 1.383012717e-06, 0.84523793777, 1.9130704218, 2.5197098841, 8.1118946358, 5.216814187, 7.5633020646, 0, 48.4792874779, 35.3752982533, 22.7145589063, 5.5780075867, 16.2385896583, 8.7326196148, 6.2286363116, 4.0557070542, 3.8732084776, 13.0077991912, 5.1924993083, 6.0542911926, 0.94485333424, 91.6514690935, 173.2001490936, 98.8975078454, 0],
      [1.1636143792, 5.4322483504, 2.7699981802, 0.85074831693, 5.4975827335, 9.9812747767, 15.9559453256, 3.5025101807, 5.4218002546, 3.0209722663, 4.0164301373, 0.03498240683, 1.2852181471, 4.1520397061, 0.24174568008, 1.2823927428, 1.1612460177, 0.065341303426, 0, 0.69963741271, 0, 0, 0, 0.11178910615, 3.1063678229, 0, 0.84318443965, 0.73257511184, 0.53479906332, 30.74827705, 1.4909822967, 0.11731937466, 0.59584187799, 1.6732005708, 28.1487881112, 0.11578753288, 1.0377528878, 0.097076878636, 2.387583425, 0.65711296598, 1.6915881237, 1.5842707532, 3.6373465721, 3.5619866844, 2.1037152866, 1.1078940088, 0.46824653348, 0.16408394594, 1.0126350669, 0.21133995426, 0.27943280839, 0.27387210541, 1.3399055454, 0, 3.9035565707, 0.1359309651, 0.19853549008, 1.145402635e-07, 0.11443096679, 0.07891885447, 0.24901223678, 0.52873203738, 0.80565436265, 0.19902436209, 0, 4.5390984927, 3.0973159363, 1.2147038509, 0.67233510899, 1.8827041945, 0.74341506965, 0.35902897843, 1.0503083155, 0.88343256995, 0.98946708628, 0.3964831466, 0.26592876081, 0.91053536918, 11.3078421429, 25.7875998761, 12.8329686439, 0],
      [0.39527513935, 2.451180887, 1.2466810265, 0.14503062962, 1.4041163352, 1.8908754986, 5.2620924193, 1.0901402703, 2.0225462228, 0.92880270952, 0.86457800117, 0.016339856055, 0.57908872942, 1.0645497548, 0.03714379833, 0.48160690058, 0.28421772346, 0.016980363356, 0, 0.34492457218, 0, 0, 0, 0.022094634346, 1.2321733899, 0, 0.19924522657, 0.19242692517, 0.11161465772, 7.7913435363, 0.43750854043, 0.055818349762, 0.069603256975, 0.48938944594, 5.723539426, 0.023245479776, 0.3769601027, 0.012969082414, 0.71348264825, 0.25062678946, 0.36488232827, 0.4730654167, 1.5020622563, 1.1653470526, 0.58858061043, 0.26253362993, 0.32722804481, 0.047788415398, 0.22783093858, 0.045350267427, 0.37235201372, 0.20391428374, 0.42856859842, 0, 0.85630734001, 0.082985331849, 0.058096450999, 5.3005785206e-08, 0.0084992987455, 0.0080107237108, 0.10310722515, 0.30326686354, 0.17505810343, 0.065791677334, 0, 1.8351887227, 0.62515017877, 0.28079357057, 0.13413848181, 0.4385673259, 0.31422328794, 0.061323525515, 0.19070775033, 0.18179360338, 0.2260644475, 0.14466970467, 0.094157809369, 0.14461129658, 3.3794590773, 8.2513127286, 4.5792840409, 0],
      [3.4203362888, 12.5565782613, 5.5985342228, 1.900546298, 23.3421029347, 8.7618961493, 35.2842138143, 3.1481120036, 10.3822047728, 3.9423426169, 4.303718953, 0.55971318622, 2.3018227778, 0, 0, 2.7429467661, 0.62611926339, 0.022611913419, 0, 1.8234163474, 0, 0, 0, 0, 10.0232900397, 0, 1.4161597485, 6.9433776735, 1.4874317396, 52.3401054382, 1.8558421575, 0.18190739142, 1.0586415239, 3.2579955737, 33.0924580835, 1.3526314907, 7.3239585696, 2.3676935411, 6.1974789477, 3.9992424779, 3.7511370835, 5.0672486544, 4.6415996581, 1.8591671747, 4.5396382522, 1.3727115059, 1.3003257249, 0, 2.4182313386, 0.21450133152, 0, 0, 2.0215271346, 0, 4.6759835989, 0.073973550263, 0.24085443329, 0.99999844944, 0.03183179669, 0, 3.128170654, 1.0561064633, 0.80247334693, 1.1718818959, 0, 8.1464253067, 4.9022356317, 2.7899436722, 0.61551882247, 3.4401388213, 2.2097420276, 0.35101118445, 0.70327688002, 1.0615653491, 1.776669275, 0.2663478404, 0.58562223722, 0, 15.6612296864, 107.7609383017, 70.6902394698, 0]
    ],
    [
      [1.1009165026, 4.6446769879, 2.0868381319, 1.0177768472, 4.9863649298, 3.8995753039, 8.4070627054, 1.5376587091, 3.1712715777, 2.1452073329, 1.604854129, 0.26816190309, 0.60680885107, 2.523306163, 0.080294876916, 1.5060255141, 0.1615979773, 0.16388985855, 3.6332048481e-14, 0.88957060336, 0, 0.10026052495, 0.0053668741561, 0.27035173552, 2.0077694712, 0, 1.8475994739, 0.34086765568, 0.27683925249, 18.7876450536, 1.2285527873, 0.0090854519788, 0.079048143723, 0.49486338715, 10.8007449797, 0.51578240522, 0.59510039781, 0.077719542629, 1.4568465178, 0.15360523737, 0.8024056355, 0.76021516239, 0.40408983636, 1.2660951082, 1.2799596912, 0.40887916165, 0.027462806095, 0.089434203675, 0.46842650703, 0.13775952618, 0.015011518774, 0.98049338711, 0.66603517245, 0.078628378909, 2.5758020725, 0.062470265312, 0.15551049993, 0.00081434744561, 0, 0.0079484527079, 0.33452424189, 0.57304271948, 0.041096482278, 0.24145447016, 0.016183814273, 1.8839333945, 0.62971477897, 0.99971953701, 0.36544750733, 0.84149280617, 0.6560664562, 1.4572575026, 0.23950310012, 0.19987336461, 1.3673678569, 0.28423670027, 0.47019078139, 0.00040219173875, 11.5576910172, 12.8615870875, 5.4441618294, 4.3760544753e-05],
      [7.0323337374, 30.5779753161, 5.3466598888, 7.7476874165, 28.3123420888, 18.8455192708, 52.6970258258, 10.0016760705, 18.5419196339, 10.5340739167, 16.8379664414, 1.2424837803, 3.6307202158, 7.86482368, 0.99506036381, 7.592546604, 2.302990151, 0.72015161085, 1.3623546735e-12, 2.8804577769, 0.11595293861, 0.78378168598, 0.15188299089, 1.0043049951, 8.8472258612, 0, 6.6520364561, 1.5830908677, 1.2581887719, 76.2207043479, 3.346761862, 0.044626310617, 1.2226433807, 3.5121731164, 84.7268843066, 1.8204358924, 3.1737435268, 0.69762513303, 7.3640906993, 1.0383240253, 3.32552371, 3.8988169922, 3.3903819049, 7.9367793819, 4.8330360277, 3.2536356065, 0.34049162469, 0.48924138008, 3.3863723054, 1.00762942, 0.076152772596, 2.5592456399, 3.302051429, 0.18198138054, 6.6276515423, 0.62543093266, 0.66456537341, 0.0021318114436, 0, 0.027558542802, 0.73403226916, 1.7481083056, 0.3438219713, 0.32192997222, 0.028315345927, 7.6548178054, 2.3028382412, 2.3685738175, 2.0642815083, 4.3664485788, 2.4964590529, 4.0629616309, 3.0052055794, 2.1458750055, 4.6410447509, 1.0302610345, 1.0860022959, 0.093094987658, 59.261416988, 82.1124181254, 30.3333574731, 0.0036679881203],
