{
  "Z_true": {},
  "V_true": [
    [1425, 236, 523],
    [13147, 561, 633],
    [978, 16154, 316],
    [1154, 430, 557],
    [827, 1504, 543]
  ],
  "p_true": [
    [0.6525, 0.1081, 0.2395],
    [0.9167, 0.0391, 0.0441],
    [0.0561, 0.9258, 0.0181],
    [0.539, 0.2008, 0.2602],
    [0.2878, 0.5233, 0.1889]
  ],
  "Z_est": [
    [
      [12.0832, 15.7931, 6.6283, 6.6774, 12.3986, 32.3763, 9.5509, 10.5987, 11.1349, 8.518, 15.3256, 7.7673, 12.1362, 13.8091, 1.4071, 21.222, 27.1873, 23.8756, 20.7679, 23.0726, 15.3657, 1.8455, 16.4864, 23.343, 23.5499, 20.4304, 0, 2.9675, 2.6816, 0.3681, 6.3066, 24.4764, 8.3662, 13.4182, 18.6685, 21.6588, 37.6245, 39.7662, 13.0782, 3.6197, 77.6823, 5.4501, 73.7667, 13.2331],
      [12.8984, 14.9518, 8.2667, 16.4335, 28.3228, 43.3914, 10.7495, 18.3016, 21.2996, 10.657, 30.437, 3.7345, 20.6143, 23.3827, 6.6536, 14.9674, 24.8112, 28.3193, 13.8851, 36.3765, 27.7159, 3.6311, 36.3715, 41.6144, 31.9212, 38.4392, 0, 5.9128, 4.893, 0.551, 16.792, 40.9764, 16.4576, 26.223, 39.4257, 36.9516, 56.8338, 50.4891, 15.2276, 6.4308, 123.7414, 4.3178, 73.0323, 19.7765],
      [4.0185, 7.2551, 2.105, 2.889, 5.2787, 10.2323, 4.6996, 5.0998, 5.5655, 3.825, 6.2374, 2.4982, 4.2495, 5.8082, 0.9393, 5.8106, 8.0015, 7.8051, 8.347, 10.5509, 4.9184, 1.5234, 8.1421, 12.0425, 9.5288, 12.1304, 0, 1.1197, 1.4254, 0.0809, 3.9014, 12.5472, 4.1762, 6.3588, 6.9058, 9.3896, 13.5417, 13.7447, 4.6942, 2.9495, 32.5763, 2.2321, 38.201, 7.9904]
    ],
    [
      [282.936, 360.1875, 282.8762, 98.6322, 449.3055, 604.1694, 206.0521, 282.2706, 566.4307, 190.2624, 477.4323, 204.4378, 94.2124, 193.3531, 28.437, 321.1967, 309.3582, 225.1078, 181.3456, 487.7469, 191.7452, 59.0002, 455.2362, 433.0545, 341.3895, 339.0581, 3.5352, 56.0067, 45.5964, 10.37, 239.4273, 156.1928, 97.3385, 279.7476, 351.3118, 332.8618, 379.0023, 345.4161, 97.792, 370.8852, 1455.2804, 82.7526, 727.4143, 94.2952],
      [3.5705, 2.593, 4.0987, 1.8138, 11.8754, 9.8986, 2.3319, 5.3359, 14.2434, 2.3336, 10.5728, 1.0618, 0.9996, 2.5502, 1.1181, 2.0393, 3.0048, 1.8221, 1.0141, 8.8018, 3.484, 0.8977, 9.7876, 6.5041, 4.6872, 6.1098, 0.0343, 1.4261, 0.9474, 0.1383, 7.295, 1.4425, 2.2664, 4.2086, 7.6516, 4.9207, 5.4242, 3.9673, 0.5346, 7.4531, 23.8666, 0.7423, 6.4246, 0.7561],
      [26.4935, 45.2195, 22.0251, 7.554, 37.8191, 51.9321, 26.6161, 32.3936, 64.3259, 23.404, 41.9949, 21.5004, 7.788, 18.0967, 2.4449, 28.764, 28.6371, 20.07, 24.6403, 53.4513, 13.7707, 9.1021, 43.9762, 48.4414, 35.9233, 42.8321, 0.4305, 4.5672, 5.4562, 0.4918, 33.2777, 17.3647, 11.3952, 27.0438, 27.0366, 32.2175, 33.5735, 32.6166, 9.6733, 52.6617, 149.8529, 10.5051, 108.1611, 12.9487]
    ],
    [
      [18.9878, 29.5468, 23.7406, 18.0214, 40.2068, 39.9284, 6.6767, 12.3537, 20.0148, 6.0519, 34.853, 5.4242, 12.2652, 33.0767, 2.8124, 25.9168, 24.2126, 38.8372, 13.211, 35.143, 30.5954, 4.1264, 42.4633, 44.9121, 26.1937, 38.3514, 0.6995, 6.3409, 3.2416, 1.4267, 5.0138, 26.7214, 5.0062, 41.8004, 42.6801, 38.2947, 45.3394, 43.55, 19.4477, 26.9165, 118.2911, 10.1024, 55.8941, 23.1565],
      [200.0918, 308.5089, 220.6223, 268.1341, 636.2654, 551.9808, 171.7511, 268.1697, 475.2969, 136.7849, 579.6017, 55.9989, 194.0088, 347.3817, 112.7046, 205.5932, 251.6246, 320.5359, 135.4101, 579.4792, 355.9514, 84.2415, 758.1447, 682.1121, 401.9568, 564.7597, 4.9891, 91.6798, 66.458, 14.4247, 242.0393, 380.6731, 150.3263, 502.5208, 629.1709, 547.3319, 613.3489, 480.4092, 157.7026, 344.7716, 1723.215, 62.7848, 762.2578, 195.2117],
      [3.9203, 11.9443, 3.6371, 6.8444, 11.5278, 9.0908, 4.5722, 6.4766, 9.6883, 3.1632, 10.5453, 1.577, 4.7259, 11.5415, 2.483, 4.4899, 5.1628, 9.6269, 5.3789, 16.3778, 7.4532, 4.6321, 19.392, 23.9758, 10.8496, 25.8889, 0.3114, 1.9793, 2.3003, 0.1487, 4.9469, 19.6056, 4.6675, 15.6788, 12.1489, 16.3734, 16.3118, 14.0407, 5.8496, 16.3119, 44.4939, 3.1128, 40.8481, 15.6317]
    ],
    [
      [39.7523, 68.668, 41.7864, 13.4717, 69.1072, 78.8445, 30.8185, 57.2441, 104.8309, 33.4467, 79.5955, 24.9679, 24.1668, 29.1209, 5.8049, 49.4101, 37.2104, 43.2355, 23.6216, 60.1237, 21.1966, 8.7803, 63.9239, 75.3264, 52.0766, 30.6665, 0, 3.7148, 3.6479, 0.9498, 53.657, 26.892, 3.7031, 53.6811, 53.226, 49.1578, 47.0448, 46.1736, 28.0143, 52.8404, 245.8563, 5.5085, 90.9861, 7.1916],
      [0.8007, 1.4504, 1.0174, 0.8882, 4.1171, 2.0606, 0.7009, 2.2681, 3.9516, 0.862, 3.8985, 0.1269, 1.623, 1.162, 0.8898, 0.7132, 0.6324, 1.3658, 0.3009, 1.7972, 0.8909, 0.2916, 3.2094, 3.2085, 1.5674, 0.8627, 0, 0.1045, 0.0963, 0.0244, 3.2372, 1.163, 0.0684, 2.9549, 3.2505, 1.9152, 1.5329, 1.2666, 1.1713, 1.5157, 8.8821, 0.0499, 1.7166, 0.1404],
      [2.447, 5.8816, 2.1962, 0.6401, 3.7757, 4.0949, 2.4806, 4.4878, 8.2175, 2.6913, 4.506, 1.9052, 1.2102, 1.7171, 0.3052, 2.8768, 2.1572, 2.3987, 2.0775, 4.0791, 0.9125, 0.9281, 3.8667, 5.4652, 3.3559, 2.4708, 0, 0.1807, 0.2558, 0.0258, 5.1058, 1.945, 0.2285, 3.364, 2.5235, 2.927, 2.4223, 2.5598, 1.8144, 5.6439, 16.2616, 0.4416, 8.2973, 0.668]
    ],
    [
      [12.2407, 35.8046, 13.9685, 9.1973, 17.9819, 35.6814, 22.9017, 9.533, 23.5887, 11.721, 22.7936, 10.4028, 10.2193, 17.6401, 1.5386, 29.2544, 26.0315, 22.9439, 17.0539, 36.9138, 15.0971, 5.2476, 36.8902, 36.364, 29.7903, 24.4936, 0.7653, 3.9701, 3.8325, 1.8855, 10.5953, 15.7174, 8.586, 21.3527, 22.1136, 34.0269, 37.9891, 31.0941, 9.6677, 10.7382, 77.8898, 5.1864, 65.9387, 6.1236],
      [16.6386, 38.4959, 20.9948, 27.7302, 53.4194, 59.6687, 28.4667, 20.9248, 50.2085, 17.3626, 56.49, 6.0779, 21.7542, 35.5233, 9.6338, 25.6868, 29.927, 32.9569, 14.3897, 71.5454, 33.9577, 10.9381, 95.4868, 78.5609, 50.8673, 55.8285, 0.9766, 9.8769, 8.6053, 2.8616, 31.6365, 34.7451, 20.8813, 50.0927, 60.5013, 69.8806, 72.8601, 48.8678, 14.3639, 21.8288, 158.2949, 5.1052, 82.5687, 13.1152],
      [3.1208, 11.6995, 3.0367, 3.0724, 5.5987, 8.6499, 7.6316, 3.5422, 8.2028, 3.9164, 6.7165, 2.5193, 3.0264, 5.8365, 0.8276, 6.0587, 6.0415, 6.0992, 5.5564, 12.5409, 3.9451, 2.8143, 12.623, 14.0751, 9.3423, 11.6779, 0.2581, 1.1531, 1.5622, 0.2529, 4.7682, 7.5376, 3.5327, 7.5546, 6.3851, 11.0925, 11.1508, 9.0381, 2.9684, 5.433, 25.8153, 1.7084, 28.4926, 3.7612]
    ]
  ],
  "V_est": [
    [756.4836, 1106.1797, 321.3367],
    [12790.4601, 202.0498, 1348.4902],
    [1141.8465, 15836.4265, 469.7269],
    [1939.4433, 69.7471, 131.8097],
    [902.7665, 1670.5969, 300.6366]
  ],
  "p_est": [
    [0.3464, 0.5065, 0.1471],
    [0.8919, 0.0141, 0.094],
    [0.0654, 0.9076, 0.0269],
    [0.9059, 0.0326, 0.0616],
    [0.3141, 0.5813, 0.1046]
  ],
  "EI_Z": {},
  "EI_V": 7.5178,
  "MAE_Z": {},
  "MAE_V": 390.8067,
  "MAE_p": 0.1224,
  "runtime": 39.233
}
