{
  "Z_true": {},
  "V_true": [
    [2639, 991, 772, 106],
    [1032, 4652, 508, 218],
    [1038, 348, 17600, 734],
    [186, 575, 344, 226],
    [204, 192, 846, 682]
  ],
  "p_true": [
    [0.5854, 0.2198, 0.1713, 0.0235],
    [0.161, 0.7257, 0.0793, 0.034],
    [0.0526, 0.0176, 0.8925, 0.0372],
    [0.1397, 0.432, 0.2585, 0.1698],
    [0.106, 0.0998, 0.4397, 0.3545]
  ],
  "Z_est": [
    [
      [6.8832, 64.2432, 93.3056, 120.8384, 2.2944, 29.8272, 38.24, 71.8912, 92.5408, 62.7136, 65.008, 71.8912, 100.9536, 137.664, 55.8304, 59.6544, 102.4832, 70.3616, 5.3536, 6.8832, 22.1792, 1.5296, 0.7648, 76.48, 27.5328, 94.8352, 61.9488, 48.9472, 15.296, 54.3008, 197.3184, 141.488, 52.0064, 92.5408, 6.1184, 1.5296, 6.8832, 55.8304, 139.9584, 49.712, 59.6544, 13.7664, 3.0592, 4.5888, 40.5344, 0, 36.7104, 268.4448, 6.8832, 139.1936, 13.7664, 369.3984, 85.6576],
      [0.9873, 9.2148, 13.3834, 17.3326, 0.3291, 4.2783, 5.485, 10.3118, 13.2737, 8.9954, 9.3245, 10.3118, 14.4804, 19.746, 8.0081, 8.5566, 14.6998, 10.0924, 0.7679, 0.9873, 3.1813, 0.2194, 0.1097, 10.97, 3.9492, 13.6028, 8.8857, 7.0208, 2.194, 7.7887, 28.3026, 20.2945, 7.4596, 13.2737, 0.8776, 0.2194, 0.9873, 8.0081, 20.0751, 7.1305, 8.5566, 1.9746, 0.4388, 0.6582, 5.8141, 0, 5.2656, 38.5047, 0.9873, 19.9654, 1.9746, 52.9851, 12.2864],
      [0.5193, 4.8468, 7.0394, 9.1166, 0.1731, 2.2503, 2.885, 5.4238, 6.9817, 4.7314, 4.9045, 5.4238, 7.6164, 10.386, 4.2121, 4.5006, 7.7318, 5.3084, 0.4039, 0.5193, 1.6733, 0.1154, 0.0577, 5.77, 2.0772, 7.1548, 4.6737, 3.6928, 1.154, 4.0967, 14.8866, 10.6745, 3.9236, 6.9817, 0.4616, 0.1154, 0.5193, 4.2121, 10.5591, 3.7505, 4.5006, 1.0386, 0.2308, 0.3462, 3.0581, 0, 2.7696, 20.2527, 0.5193, 10.5014, 1.0386, 27.8691, 6.4624],
      [0.6102, 5.6952, 8.2716, 10.7124, 0.2034, 2.6442, 3.39, 6.3732, 8.2038, 5.5596, 5.763, 6.3732, 8.9496, 12.204, 4.9494, 5.2884, 9.0852, 6.2376, 0.4746, 0.6102, 1.9662, 0.1356, 0.0678, 6.78, 2.4408, 8.4072, 5.4918, 4.3392, 1.356, 4.8138, 17.4924, 12.543, 4.6104, 8.2038, 0.5424, 0.1356, 0.6102, 4.9494, 12.4074, 4.407, 5.2884, 1.2204, 0.2712, 0.4068, 3.5934, 0, 3.2544, 23.7978, 0.6102, 12.3396, 1.2204, 32.7474, 7.5936]
    ],
    [
      [0.348, 10.875, 16.356, 21.75, 0.522, 6.177, 8.526, 20.619, 23.403, 17.748, 20.271, 9.396, 23.403, 23.142, 11.658, 10.005, 21.924, 10.701, 0.261, 0.783, 2.175, 0, 0.435, 5.655, 2.958, 15.312, 7.308, 5.916, 4.176, 6.786, 20.967, 24.186, 6.264, 10.527, 1.218, 0.957, 1.74, 10.788, 15.138, 5.394, 4.611, 1.218, 0.435, 0.696, 7.395, 0.087, 7.221, 49.851, 0.609, 18.357, 2.523, 53.07, 5.829],
      [3.3052, 103.2875, 155.3444, 206.575, 4.9578, 58.6673, 80.9774, 195.8331, 222.2747, 168.5652, 192.5279, 89.2404, 222.2747, 219.7958, 110.7242, 95.0245, 208.2276, 101.6349, 2.4789, 7.4367, 20.6575, 0, 4.1315, 53.7095, 28.0942, 145.4288, 69.4092, 56.1884, 39.6624, 64.4514, 199.1383, 229.7114, 59.4936, 99.9823, 11.5682, 9.0893, 16.526, 102.4612, 143.7762, 51.2306, 43.7939, 11.5682, 4.1315, 6.6104, 70.2355, 0.8263, 68.5829, 473.4699, 5.7841, 174.3493, 23.9627, 504.043, 55.3621],
      [0.1776, 5.55, 8.3472, 11.1, 0.2664, 3.1524, 4.3512, 10.5228, 11.9436, 9.0576, 10.3452, 4.7952, 11.9436, 11.8104, 5.9496, 5.106, 11.1888, 5.4612, 0.1332, 0.3996, 1.11, 0, 0.222, 2.886, 1.5096, 7.8144, 3.7296, 3.0192, 2.1312, 3.4632, 10.7004, 12.3432, 3.1968, 5.3724, 0.6216, 0.4884, 0.888, 5.5056, 7.7256, 2.7528, 2.3532, 0.6216, 0.222, 0.3552, 3.774, 0.0444, 3.6852, 25.4412, 0.3108, 9.3684, 1.2876, 27.084, 2.9748],
      [0.1696, 5.3, 7.9712, 10.6, 0.2544, 3.0104, 4.1552, 10.0488, 11.4056, 8.6496, 9.8792, 4.5792, 11.4056, 11.2784, 5.6816, 4.876, 10.6848, 5.2152, 0.1272, 0.3816, 1.06, 0, 0.212, 2.756, 1.4416, 7.4624, 3.5616, 2.8832, 2.0352, 3.3072, 10.2184, 11.7872, 3.0528, 5.1304, 0.5936, 0.4664, 0.848, 5.2576, 7.3776, 2.6288, 2.2472, 0.5936, 0.212, 0.3392, 3.604, 0.0424, 3.5192, 24.2952, 0.2968, 8.9464, 1.2296, 25.864, 2.8408]
    ],
    [
      [0.3328, 3.1304, 6.2608, 8.6216, 0.156, 2.184, 2.236, 5.6264, 6.4376, 3.7232, 3.8064, 4.8256, 3.8584, 5.824, 3.3488, 4.0144, 5.4288, 4.9712, 0.0416, 0.3328, 0.936, 0.2184, 0.1976, 4.7528, 4.16, 8.1848, 4.7528, 6.0216, 2.3296, 2.6832, 6.1672, 8.3408, 4.2432, 6.3336, 0.2392, 0.3744, 0.5824, 2.808, 5.6368, 1.9552, 2.6312, 0.4576, 0.0936, 0.1248, 1.7784, 0.052, 2.8912, 21.008, 0.4576, 7.9664, 0.78, 18.3872, 2.3816],
      [0.4, 3.7625, 7.525, 10.3625, 0.1875, 2.625, 2.6875, 6.7625, 7.7375, 4.475, 4.575, 5.8, 4.6375, 7, 4.025, 4.825, 6.525, 5.975, 0.05, 0.4, 1.125, 0.2625, 0.2375, 5.7125, 5, 9.8375, 5.7125, 7.2375, 2.8, 3.225, 7.4125, 10.025, 5.1, 7.6125, 0.2875, 0.45, 0.7, 3.375, 6.775, 2.35, 3.1625, 0.55, 0.1125, 0.15, 2.1375, 0.0625, 3.475, 25.25, 0.55, 9.575, 0.9375, 22.1, 2.8625],
      [30.9152, 290.7961, 581.5922, 800.8969, 14.4915, 202.881, 207.7115, 522.6601, 598.0159, 345.8638, 353.5926, 448.2704, 358.4231, 541.016, 311.0842, 372.9146, 504.3042, 461.7958, 3.8644, 30.9152, 86.949, 20.2881, 18.3559, 441.5077, 386.44, 760.3207, 441.5077, 559.3719, 216.4064, 249.2538, 572.8973, 774.8122, 394.1688, 588.3549, 22.2203, 34.7796, 54.1016, 260.847, 523.6262, 181.6268, 244.4233, 42.5084, 8.6949, 11.5932, 165.2031, 4.8305, 268.5758, 1951.522, 42.5084, 740.0326, 72.4575, 1708.0648, 221.2369],
      [0.352, 3.311, 6.622, 9.119, 0.165, 2.31, 2.365, 5.951, 6.809, 3.938, 4.026, 5.104, 4.081, 6.16, 3.542, 4.246, 5.742, 5.258, 0.044, 0.352, 0.99, 0.231, 0.209, 5.027, 4.4, 8.657, 5.027, 6.369, 2.464, 2.838, 6.523, 8.822, 4.488, 6.699, 0.253, 0.396, 0.616, 2.97, 5.962, 2.068, 2.783, 0.484, 0.099, 0.132, 1.881, 0.055, 3.058, 22.22, 0.484, 8.426, 0.825, 19.448, 2.519]
    ],
    [
      [0.2116, 8.2524, 7.6176, 12.4844, 0.6348, 4.0204, 4.232, 13.9656, 15.0236, 8.2524, 13.754, 6.5596, 7.8292, 9.522, 5.9248, 4.0204, 11.4264, 8.2524, 0.2116, 0.2116, 0.4232, 0, 0, 4.6552, 1.2696, 5.29, 2.116, 5.9248, 1.2696, 4.8668, 8.2524, 8.0408, 2.7508, 5.29, 0.6348, 0.6348, 0.6348, 3.8088, 4.6552, 2.7508, 3.174, 0, 0.4232, 0.2116, 4.8668, 0, 2.5392, 32.3748, 1.058, 7.6176, 2.116, 20.7368, 0.8464],
      [0.2791, 10.8849, 10.0476, 16.4669, 0.8373, 5.3029, 5.582, 18.4206, 19.8161, 10.8849, 18.1415, 8.6521, 10.3267, 12.5595, 7.8148, 5.3029, 15.0714, 10.8849, 0.2791, 0.2791, 0.5582, 0, 0, 6.1402, 1.6746, 6.9775, 2.791, 7.8148, 1.6746, 6.4193, 10.8849, 10.6058, 3.6283, 6.9775, 0.8373, 0.8373, 0.8373, 5.0238, 6.1402, 3.6283, 4.1865, 0, 0.5582, 0.2791, 6.4193, 0, 3.3492, 42.7023, 1.3955, 10.0476, 2.791, 27.3518, 1.1164],
      [0.2016, 7.8624, 7.2576, 11.8944, 0.6048, 3.8304, 4.032, 13.3056, 14.3136, 7.8624, 13.104, 6.2496, 7.4592, 9.072, 5.6448, 3.8304, 10.8864, 7.8624, 0.2016, 0.2016, 0.4032, 0, 0, 4.4352, 1.2096, 5.04, 2.016, 5.6448, 1.2096, 4.6368, 7.8624, 7.6608, 2.6208, 5.04, 0.6048, 0.6048, 0.6048, 3.6288, 4.4352, 2.6208, 3.024, 0, 0.4032, 0.2016, 4.6368, 0, 2.4192, 30.8448, 1.008, 7.2576, 2.016, 19.7568, 0.8064],
      [0.3077, 12.0003, 11.0772, 18.1543, 0.9231, 5.8463, 6.154, 20.3082, 21.8467, 12.0003, 20.0005, 9.5387, 11.3849, 13.8465, 8.6156, 5.8463, 16.6158, 12.0003, 0.3077, 0.3077, 0.6154, 0, 0, 6.7694, 1.8462, 7.6925, 3.077, 8.6156, 1.8462, 7.0771, 12.0003, 11.6926, 4.0001, 7.6925, 0.9231, 0.9231, 0.9231, 5.5386, 6.7694, 4.0001, 4.6155, 0, 0.6154, 0.3077, 7.0771, 0, 3.6924, 47.0781, 1.5385, 11.0772, 3.077, 30.1546, 1.2308]
    ],
    [
      [0.6146, 8.2971, 19.3599, 22.7402, 0.3073, 5.2241, 6.4533, 17.5161, 15.9796, 12.292, 19.6672, 11.6774, 16.2869, 18.438, 13.5212, 12.5993, 16.9015, 10.1409, 0.3073, 1.2292, 1.2292, 0, 0, 14.7504, 6.4533, 14.1358, 10.7555, 15.6723, 4.9168, 11.9847, 24.2767, 26.7351, 11.0628, 11.6774, 0.3073, 1.8438, 2.4584, 11.0628, 13.2139, 4.6095, 10.1409, 1.8438, 0, 0.3073, 6.146, 0, 7.6825, 59.0016, 0.9219, 13.5212, 2.7657, 63.9184, 8.2971],
      [0.3484, 4.7034, 10.9746, 12.8908, 0.1742, 2.9614, 3.6582, 9.9294, 9.0584, 6.968, 11.1488, 6.6196, 9.2326, 10.452, 7.6648, 7.1422, 9.581, 5.7486, 0.1742, 0.6968, 0.6968, 0, 0, 8.3616, 3.6582, 8.0132, 6.097, 8.8842, 2.7872, 6.7938, 13.7618, 15.1554, 6.2712, 6.6196, 0.1742, 1.0452, 1.3936, 6.2712, 7.4906, 2.613, 5.7486, 1.0452, 0, 0.1742, 3.484, 0, 4.355, 33.4464, 0.5226, 7.6648, 1.5678, 36.2336, 4.7034],
      [0.233, 3.1455, 7.3395, 8.621, 0.1165, 1.9805, 2.4465, 6.6405, 6.058, 4.66, 7.456, 4.427, 6.1745, 6.99, 5.126, 4.7765, 6.4075, 3.8445, 0.1165, 0.466, 0.466, 0, 0, 5.592, 2.4465, 5.359, 4.0775, 5.9415, 1.864, 4.5435, 9.2035, 10.1355, 4.194, 4.427, 0.1165, 0.699, 0.932, 4.194, 5.0095, 1.7475, 3.8445, 0.699, 0, 0.1165, 2.33, 0, 2.9125, 22.368, 0.3495, 5.126, 1.0485, 24.232, 3.1455],
      [0.804, 10.854, 25.326, 29.748, 0.402, 6.834, 8.442, 22.914, 20.904, 16.08, 25.728, 15.276, 21.306, 24.12, 17.688, 16.482, 22.11, 13.266, 0.402, 1.608, 1.608, 0, 0, 19.296, 8.442, 18.492, 14.07, 20.502, 6.432, 15.678, 31.758, 34.974, 14.472, 15.276, 0.402, 2.412, 3.216, 14.472, 17.286, 6.03, 13.266, 2.412, 0, 0.402, 8.04, 0, 10.05, 77.184, 1.206, 17.688, 3.618, 83.616, 10.854]
    ]
  ],
  "V_est": [
    [3447.7184, 494.5276, 260.1116, 305.6424],
    [557.67, 5296.583, 284.604, 271.784],
    [205.088, 246.5, 19051.492, 216.92],
    [281.6396, 371.4821, 268.3296, 409.5487],
    [591.2452, 335.1608, 224.146, 773.448]
  ],
  "p_est": [
    [0.7648, 0.1097, 0.0577, 0.0678],
    [0.087, 0.8263, 0.0444, 0.0424],
    [0.0104, 0.0125, 0.9661, 0.011],
    [0.2116, 0.2791, 0.2016, 0.3077],
    [0.3073, 0.1742, 0.1165, 0.402]
  ],
  "EI_Z": {},
  "EI_V": 11.9758,
  "MAE_Z": {},
  "MAE_V": 405.8942,
  "MAE_p": 0.0939,
  "runtime": 109.236
}
