{
  "X": [
    [15, 53, 117, 161, 22],
    [13, 32, 119, 162, 10],
    [5, 33, 45, 108, 14],
    [8, 93, 102, 132, 13],
    [9, 74, 77, 143, 21],
    [10, 76, 104, 156, 28],
    [14, 235, 189, 94, 38],
    [2, 125, 99, 88, 30],
    [13, 106, 115, 68, 19],
    [10, 90, 99, 89, 21],
    [14, 41, 73, 149, 30],
    [9, 34, 82, 102, 29],
    [8, 64, 87, 121, 12],
    [12, 80, 110, 88, 9],
    [8, 44, 114, 132, 26],
    [7, 59, 159, 111, 18],
    [5, 55, 74, 70, 10],
    [10, 23, 73, 123, 9],
    [6, 60, 156, 161, 14],
    [17, 48, 100, 188, 17],
    [5, 28, 97, 121, 7],
    [15, 60, 177, 177, 16],
    [8, 41, 95, 66, 6],
    [20, 15, 83, 169, 6],
    [30, 68, 147, 225, 16],
    [12, 13, 96, 95, 10],
    [23, 41, 90, 155, 10],
    [17, 62, 127, 81, 17],
    [20, 50, 100, 187, 11],
    [8, 49, 114, 111, 10],
    [21, 47, 136, 159, 10],
    [26, 29, 107, 112, 20],
    [32, 23, 73, 134, 5],
    [25, 41, 98, 180, 14],
    [21, 31, 102, 164, 11],
    [5, 20, 82, 125, 4],
    [21, 21, 126, 146, 13],
    [33, 16, 112, 129, 6],
    [16, 11, 71, 94, 10],
    [9, 23, 84, 117, 11],
    [19, 40, 139, 159, 10],
    [20, 31, 153, 131, 19],
    [15, 39, 136, 157, 21],
    [35, 45, 187, 224, 11],
    [24, 35, 145, 126, 14],
    [10, 38, 134, 115, 6],
    [19, 32, 148, 125, 18],
    [13, 36, 113, 145, 10],
    [27, 29, 112, 158, 9],
    [18, 19, 94, 120, 5],
    [25, 30, 106, 219, 6],
    [13, 27, 76, 141, 8],
    [13, 16, 98, 147, 7],
    [15, 18, 93, 86, 4],
    [26, 22, 136, 95, 8],
    [18, 37, 86, 136, 8],
    [22, 24, 67, 122, 7],
    [19, 17, 69, 94, 5],
    [35, 50, 94, 282, 15],
    [11, 64, 129, 122, 17],
    [14, 57, 121, 87, 17],
    [18, 53, 139, 101, 13],
    [20, 44, 146, 110, 37],
    [16, 70, 156, 78, 27],
    [23, 28, 68, 88, 11],
    [23, 101, 121, 230, 18],
    [14, 42, 86, 111, 2],
    [15, 29, 101, 158, 16],
    [33, 44, 98, 201, 13],
    [25, 18, 126, 166, 13],
    [29, 25, 68, 113, 8],
    [27, 45, 100, 112, 2],
    [19, 223, 142, 107, 39],
    [22, 149, 147, 118, 31],
    [12, 112, 74, 81, 29],
    [7, 195, 82, 27, 25],
    [5, 167, 77, 27, 21],
    [14, 32, 95, 90, 12],
    [20, 67, 107, 146, 13],
    [28, 43, 113, 196, 9],
    [288, 628, 1361, 2943, 121]
  ],
  "W": [
    [11, 18, 72, 111, 124, 32],
    [15, 12, 47, 109, 126, 27],
    [4, 4, 39, 48, 86, 24],
    [7, 5, 113, 98, 97, 28],
    [16, 14, 85, 70, 102, 37],
    [4, 10, 114, 93, 113, 40],
    [9, 11, 263, 167, 66, 54],
    [4, 4, 149, 88, 57, 42],
    [3, 15, 127, 105, 48, 23],
    [5, 9, 108, 89, 62, 36],
    [16, 14, 49, 82, 115, 31],
    [12, 12, 44, 90, 69, 29],
    [8, 7, 81, 75, 90, 31],
    [10, 8, 90, 98, 61, 32],
    [2, 10, 74, 100, 110, 28],
    [9, 11, 74, 150, 86, 24],
    [5, 5, 58, 71, 54, 21],
    [10, 7, 35, 71, 98, 17],
    [13, 10, 73, 147, 118, 36],
    [15, 16, 51, 105, 148, 35],
    [11, 9, 38, 95, 91, 14],
    [22, 12, 86, 157, 131, 37],
    [8, 6, 48, 90, 46, 18],
    [6, 18, 24, 72, 138, 35],
    [29, 32, 90, 125, 155, 55],
    [8, 18, 18, 85, 79, 18],
    [4, 22, 57, 86, 121, 29],
    [13, 13, 73, 120, 56, 29],
    [8, 29, 58, 97, 151, 25],
    [5, 9, 60, 116, 75, 27],
    [14, 22, 57, 134, 115, 31],
    [6, 27, 46, 99, 85, 31],
    [14, 32, 19, 64, 112, 26],
    [17, 26, 57, 81, 145, 32],
    [16, 19, 45, 98, 129, 22],
    [9, 7, 27, 72, 96, 25],
    [24, 24, 32, 105, 123, 19],
    [17, 39, 23, 96, 102, 19],
    [19, 14, 22, 54, 78, 15],
    [14, 10, 30, 74, 90, 26],
    [9, 25, 61, 128, 122, 22],
    [14, 21, 55, 123, 101, 40],
    [9, 21, 65, 124, 120, 29],
    [19, 39, 69, 162, 179, 34],
    [10, 28, 49, 138, 99, 20],
    [18, 6, 48, 110, 94, 27],
    [12, 20, 46, 129, 107, 28],
    [17, 15, 40, 107, 111, 27],
    [14, 36, 40, 105, 113, 27],
    [9, 21, 25, 82, 105, 14],
    [25, 31, 34, 96, 169, 31],
    [19, 15, 29, 67, 111, 24],
    [19, 23, 29, 83, 104, 23],
    [16, 14, 19, 77, 74, 16],
    [11, 16, 24, 130, 76, 30],
    [12, 24, 44, 75, 116, 14],
    [7, 24, 40, 63, 94, 14],
    [5, 18, 20, 71, 79, 11],
    [15, 30, 54, 86, 243, 48],
    [11, 10, 81, 116, 102, 23],
    [7, 16, 71, 103, 63, 36],
    [4, 14, 78, 116, 81, 31],
    [12, 20, 67, 128, 96, 34],
    [9, 13, 84, 137, 68, 36],
    [25, 23, 30, 57, 68, 15],
    [19, 28, 103, 119, 180, 44],
    [14, 16, 41, 82, 93, 9],
    [11, 14, 36, 97, 129, 32],
    [29, 21, 56, 97, 149, 37],
    [15, 21, 28, 115, 128, 41],
    [19, 23, 29, 64, 86, 22],
    [10, 23, 55, 98, 82, 18],
    [9, 18, 267, 124, 68, 44],
    [4, 23, 177, 135, 68, 60],
    [6, 17, 133, 72, 53, 27],
    [7, 3, 219, 67, 11, 29],
    [0, 6, 190, 69, 4, 28],
    [14, 14, 35, 92, 61, 27],
    [12, 27, 83, 103, 99, 29],
    [14, 31, 58, 103, 155, 28],
    [153, 274, 710, 1226, 2541, 437]
  ],
  "method": "mult",
  "cond_prob": [
    [
      [0.10897507691, 4.2431894068e-05, 0.31139902388, 0.57262627335, 0.0069571939675],
      [0.75464706464, 1.6773926685e-06, 0.056199720249, 0.18913649896, 1.503876058e-05],
      [0, 0.73187404959, 0.062041734595, 0.029912685317, 0.1761715305],
      [0, 0, 0.89805752194, 0.07152158647, 0.030420891586],
      [0, 0, 0, 1, 0],
      [0.0068008434542, 0.0095178589213, 0.26286331082, 0.53762639284, 0.18319159397]
    ],
    [
      [0.12143334965, 3.7956156897e-05, 0.31708821604, 0.55740721091, 0.0040332672434],
      [0.77919203717, 1.3727911217e-06, 0.052353454583, 0.1684451597, 7.9757559328e-06],
      [0.00013018599552, 0.67549978748, 0.086382351133, 0.11788694612, 0.12010072927],
      [0.0032500729617, 0, 0.92129754882, 0.064842278442, 0.010610099775],
      [0.004941219736, 0, 0.0098903163178, 0.98516846395, 0],
      [0.031304626955, 0.0092934878666, 0.29214267124, 0.55103069055, 0.11622852338]
    ],
    [
      [0.13029930513, 4.9952592458e-05, 0.26838481924, 0.59346812409, 0.0077977989429],
      [0.80353304549, 1.5893139322e-06, 0.038882353825, 0.15756944818, 1.3563190544e-05],
      [0.00010119821856, 0.77846210616, 0.046034350463, 0.0040585792778, 0.17134376588],
      [0.0038815223326, 0.033476417935, 0.76261353938, 0.1502824207, 0.049746099652],
      [0.0041054887257, 0.0089207729764, 0, 0.98697310739, 6.3090977931e-07],
      [0.030055781859, 0.011071548143, 0.22375590622, 0.53101340376, 0.20410336002]
    ],
    [
      [0.14627055849, 4.4795642399e-05, 0.28565355357, 0.56497022289, 0.0030608694078],
      [0.81978714318, 1.3407103947e-06, 0.039021204487, 0.14118530197, 5.0096578268e-06],
      [0.0057234935703, 0.819998535, 0.021005660385, 0.074085882297, 0.079186428753],
      [0.0042764991251, 0.00018286031092, 0.90820017981, 0.072405108778, 0.014935351976],
      [0.0073914718946, 1.4101812448e-05, 0.0075786112886, 0.98501555514, 2.5986858412e-07],
      [0.039083782614, 0.011448467365, 0.27474773438, 0.58304884721, 0.091671168425]
    ],
    [
      [0, 5.2827516026e-05, 0.30057055686, 0.64043396977, 0.058942645858],
      [0.64285714286, 2.5476732367e-06, 0.066119192136, 0.29100420625, 1.6911088059e-05],
      [0, 0.83359642492, 0, 0.027423988596, 0.13897958648],
      [0, 0.012318678112, 0.88501796873, 0.073397382601, 0.029265970559],
      [0, 0.011223761105, 0, 0.98877573433, 5.0456194519e-07],
      [0, 0.03071059118, 0.25172823215, 0.55013559139, 0.16742558528]
    ],
    [
      [0.11548747813, 3.6804652292e-05, 0.30027084866, 0.57802489795, 0.0061799706081],
      [0.77005705882, 1.365145483e-06, 0.050831762805, 0.17909727792, 1.2535307897e-05],
      [0, 0.66356734713, 0.0653150051, 0.10730807988, 0.16380956789],
      [0.0032000059288, 0.00014139215745, 0.89852500266, 0.069756532651, 0.0283770666],
      [0.0037399804561, 1.1346862021e-05, 0.0078015042167, 0.98844665461, 5.1385148823e-07],
      [0.027931528909, 0.0084682472686, 0.2600073293, 0.53704942537, 0.16654346916]
    ],
    [
      [0.15443266628, 5.5358621345e-05, 0.34435390004, 0.49649148149, 0.0046665935646],
      [0.82784175166, 1.666729469e-06, 0.047370178603, 0.12477871874, 7.6842631384e-06],
      [0.00012072727291, 0.84458934673, 0.050705855191, 0, 0.10458407081],
      [0.0038488410846, 0.053941452272, 0.92297682075, 0, 0.019232885892],
      [0.010141841533, 0.04740431793, 0.010360157324, 0.93209323442, 4.4879109712e-07],
      [0.039999582594, 0.013621809935, 0.31894821428, 0.49334920905, 0.13408118415]
    ],
    [
      [0.050118090192, 5.2968214711e-05, 0.33478767855, 0.6087717507, 0.0062695123413],
      [0.44988190981, 3.2734456199e-06, 0.094422967708, 0.31374263316, 0.14194921588],
      [0, 0.82680712231, 0.036581526249, 0, 0.13661135144],
      [0, 0.007963365734, 0.90623292782, 0.059769264525, 0.026034441922],
      [0, 0.0023653027663, 0.0082668519771, 0.98936734976, 4.954952283e-07],
      [0, 0.023093223012, 0.27649528079, 0.53943591071, 0.16097558549]
    ],
    [
      [0.12525669061, 4.8829960723e-05, 0.33152639687, 0.53862763206, 0.004540450498],
      [0.78728195048, 1.7309626732e-06, 0.053644545275, 0.15906297151, 8.8017742828e-06],
      [0, 0.82385827307, 0.065883726823, 0, 0.11025800011],
      [0, 0.0081738190395, 0.92811758401, 0.044422336308, 0.019286260643],
      [0.0016934597854, 0.0049995740562, 0.0091944607964, 0.98411210244, 4.0292139573e-07],
      [0.031900634838, 0.011808535295, 0.30173212541, 0.5259324479, 0.12862625655]
    ],
    [
      [0.13534942949, 4.8110612988e-05, 0.31475134646, 0.54467589872, 0.0051752147181],
      [0.80398972052, 1.5770740943e-06, 0.047083284116, 0.14891614134, 9.2769496201e-06],
      [0.00092783312359, 0.82319454984, 0.048939736829, 0, 0.1269378802],
      [0.0036169409037, 0.0076343333267, 0.90989563734, 0.055901677247, 0.022951411184],
      [0.0071186864525, 1.5677472587e-05, 0.0086422620068, 0.98422291925, 4.5481513603e-07],
      [0.033996474722, 0.011508505574, 0.28334639349, 0.5260918046, 0.14505682161]
    ],
    [
      [0.12682530411, 5.084004419e-05, 0.26446987362, 0.59568982729, 0.01296415494],
      [0.78344863113, 1.7803804433e-06, 0.042255382916, 0.174269383, 2.4822577541e-05],
      [8.92724191e-05, 0.70260052922, 0.040518849808, 0.0036374696623, 0.25315387889],
      [0.0022860661285, 0.058370970269, 0.73359561318, 0.10656177796, 0.099185572464],
      [0, 0.012842655552, 0, 0.98715629781, 1.0466342628e-06],
      [0.026151049271, 0.0099487339196, 0.19473041096, 0.47064243055, 0.29852737531]
    ],
    [
      [0.019336730285, 4.6735906411e-05, 0.28187544687, 0.6078762763, 0.090864810635],
      [0.73066326972, 1.9796349056e-06, 0.054481479162, 0.21482251233, 3.0759155192e-05],
      [0, 0.67869787961, 0.0452795473, 0.0038841763004, 0.27213839678],
      [0, 0.033255978269, 0.77340988891, 0.11268329711, 0.080650835711],
      [0, 0.0046165105444, 0.0069663922005, 0.98841604673, 1.0505275988e-06],
      [0, 0.028452808229, 0.20289123251, 0.46946575224, 0.29919020702]
    ],
    [
      [0.12038183906, 4.4217353042e-05, 0.3146073401, 0.56132342002, 0.0036431834672],
      [0.78274193787, 1.5693642507e-06, 0.050931974259, 0.16631744803, 7.0704819169e-06],
      [0.00011547161639, 0.7857862805, 0.067767843994, 0.054003217042, 0.09232718685],
      [0.0032259903588, 0.00016482789568, 0.91469434906, 0.065678094267, 0.016236738423],
      [0.0037776229288, 0, 0.010780148863, 0.98544222821, 0],
      [0.031176231645, 0.010922079454, 0.29242362965, 0.55984749402, 0.10563056524]
    ],
    [
      [0.1614092586, 4.962063273e-05, 0.31492593755, 0.52116132519, 0.0024538580299],
      [0.83517191344, 1.4139737291e-06, 0.040959482568, 0.12386336636, 3.8236561963e-06],
      [0.00014513676318, 0.8724474856, 0.061982739925, 0.0040772795117, 0.061347358198],
      [0.017585842935, 0.010815570917, 0.92249370266, 0.038612614001, 0.010492269492],
      [0.0088502366299, 1.6862829692e-05, 0.0090197273507, 0.9821129483, 2.2489182344e-07],
      [0.044631023616, 0.013070756099, 0.31218849819, 0.55429995759, 0.075809764501]
    ],
    [
      [0.10214057226, 3.4061182991e-05, 0.34248437749, 0.54685701109, 0.008483977978],
      [0.7504878776, 1.3862278673e-06, 0.06361493277, 0.18587692329, 1.8880116349e-05],
      [0, 0.59181262608, 0.1477352539, 0.020370550818, 0.2400815692],
      [0, 0, 0.91977678622, 0.058245073627, 0.021978140156],
      [0, 0, 0.014771273867, 0.98522872613, 0],
      [0.010387145695, 0.0073494173434, 0.29085551363, 0.47644388383, 0.21496403951]
    ],
    [
      [0.081402724246, 4.8124105269e-05, 0.34929487979, 0.56329507345, 0.0059591984086],
      [0.56976140744, 2.3074408023e-06, 0.18244639215, 0.22546350494, 0.022326388033],
      [0, 0.79227427397, 0.064327936186, 0.0041215464843, 0.13927624336],
      [0, 0.00016200727486, 0.93610456383, 0.039748150083, 0.023985278814],
      [0, 1.5213968764e-05, 0.013477271743, 0.98650700624, 5.0805272471e-07],
      [0, 0.014401488944, 0.3131016061, 0.514309429, 0.15818747596]
    ],
    [
      [0.11649704025, 5.6968140981e-05, 0.32231460472, 0.55666226699, 0.0044691198978],
      [0.78414542211, 2.013262711e-06, 0.051936804365, 0.16390712496, 8.6352968496e-06],
      [0, 0.8485009398, 0.053355067425, 0.0036610144677, 0.094482978311],
      [0, 0.071286975643, 0.8796068678, 0.023130543348, 0.025975613211],
      [0, 0.0059642259674, 0.0086507583061, 0.9853846315, 3.8422451526e-07],
      [0.023656556581, 0.019200338665, 0.29118668961, 0.5396083582, 0.12634805695]
    ],
    [
      [0.15016517856, 3.5904423266e-05, 0.29166939377, 0.55297604842, 0.0051534748313],
      [0.82251593025, 1.0715985006e-06, 0.039691001165, 0.13778358892, 8.4080673267e-06],
      [0.00016156218003, 0.65291226532, 0.068747984077, 0.1225375028, 0.15564068562],
      [0.0077696349479, 0, 0.88570998933, 0.09253076996, 0.013989605764],
      [0.015673950438, 0, 0, 0.98432604956, 0],
      [0.038081811893, 0.0086884804976, 0.26552237466, 0.54019436888, 0.14751296407]
    ],
    [
      [0, 4.8745258674e-05, 0.332789168, 0.66299409935, 0.0041679873985],
      [0.6, 2.6443164544e-06, 0.082458823085, 0.31752616872, 1.2363879109e-05],
      [0, 0.81627596248, 0.06340403054, 0.019505191305, 0.10081481567],
      [0, 0, 0.91432627177, 0.0689261829, 0.016747545328],
      [0, 0, 0.0084090768578, 0.99159058642, 3.3671981125e-07],
      [0, 0.011422072428, 0.300622926, 0.57339161033, 0.11456339124]
    ],
    [
      [0.13172889342, 5.4991475426e-05, 0.28134791524, 0.58047930247, 0.0063888973971],
      [0.79024323229, 1.8796871005e-06, 0.043900653675, 0.16584229368, 1.194067457e-05],
      [9.9716435756e-05, 0.81583975587, 0.046336118579, 0.0038111064054, 0.13391330271],
      [0.0038797197436, 0.04519858222, 0.80181687982, 0.11074254126, 0.038362276958],
      [0.00573933899, 0.0081265927677, 0, 0.98613353915, 5.2909490965e-07],
      [0.031951331438, 0.012649446873, 0.24352732527, 0.53912104889, 0.17275084753]
    ],
    [
      [0, 4.2803044894e-05, 0.32039965246, 0.67553727205, 0.0040202724432],
      [0.55555555556, 2.3081259839e-06, 0.07883681088, 0.36559347412, 1.1851314775e-05],
      [0, 0.73312077704, 0.067547030688, 0.090901075711, 0.10843111656],
      [0, 0, 0.90011347728, 0.086507334663, 0.013379188061],
      [0, 0, 0.0079095157712, 0.99209016664, 3.1758658902e-07],
      [0, 0.010065633278, 0.28348136304, 0.59472185042, 0.11173115327]
    ],
    [
      [0.12585950283, 3.8758013717e-05, 0.32532525826, 0.54478155637, 0.0039949245288],
      [0.7862707388, 1.3716218965e-06, 0.052594066873, 0.16112609159, 7.7311072219e-06],
      [0.0001338108931, 0.69356110097, 0.13828480528, 0.050597417007, 0.11742286585],
      [0.0044723003289, 0, 0.92354880545, 0.062103684716, 0.0098752095015],
      [0.0066771924836, 0, 0.0089638314925, 0.98435862415, 3.5187753014e-07],
      [0.032634350492, 0.0095371940691, 0.30129183459, 0.54131504148, 0.11522157937]
    ],
    [
      [0.14578951032, 4.767939325e-05, 0.31538236699, 0.53599746644, 0.0027829768504],
      [0.82174389493, 1.4398967113e-06, 0.043454599921, 0.13479547036, 4.5948945509e-06],
      [0.0032521379667, 0.84953369943, 0.07183401813, 0.0042570022685, 0.071123142209],
      [0.0075979385107, 0, 0.92063878237, 0.060195309584, 0.011567969538],
      [0.007733806898, 1.5748090234e-05, 0.0087751375159, 0.98347505965, 2.4784353131e-07],
      [0.039308241232, 0.012292663384, 0.30594632531, 0.5578600406, 0.084592729474]
    ],
    [
      [0.14366305573, 3.3950065159e-05, 0.31328309382, 0.53998179928, 0.0030381011033],
      [0.80921289723, 1.0902034117e-06, 0.045879223659, 0.14490145539, 5.3335117855e-06],
      [0.038313063083, 0.62499069483, 0.099649733468, 0.13622581044, 0.10082069818],
      [0.012897635245, 0, 0.91853418251, 0.063768759852, 0.0047994223897],
      [0.0076883068669, 0, 0.0086841211515, 0.98362757198, 0],
      [0.047515997605, 0, 0.30200034137, 0.5585859404, 0.091897720624]
    ],
    [
      [0.11686517132, 4.2144610249e-05, 0.30927035567, 0.57023505173, 0.0035872766682],
      [0.76505272267, 1.6021400375e-06, 0.053696810292, 0.18124140736, 7.4575397307e-06],
      [0.000118425857, 0.74918608398, 0.067974966663, 0.082752443479, 0.099968080025],
      [0.0032222037554, 0, 0.91233046529, 0.074876267283, 0.0095710636674],
      [0.00024954030594, 0, 0.0023008937721, 0.99744956592, 0],
      [0.030492915678, 0.010399617818, 0.28722123746, 0.5682094986, 0.10367673045]
    ],
    [
      [0.096003623496, 4.2268358846e-05, 0.35845756813, 0.53777208817, 0.0077244518531],
      [0.60182032353, 0, 0.1801600537, 0.19518214698, 0.022837475788],
      [8.289597917e-05, 0.71297201724, 0.096498516198, 0.0040182855736, 0.18642828501],
      [0, 0, 0.96067178041, 0.0091411514722, 0.030187068121],
      [0, 0, 0.015136590833, 0.98486272118, 6.879872097e-07],
      [0.022095170048, 0.0092314190416, 0.29442184369, 0.47394792557, 0.20030364165]
    ],
    [
      [0.14292567859, 3.9515258584e-05, 0.2935825401, 0.55977287724, 0.0036793888129],
      [0.80564490791, 1.2765871062e-06, 0.04327306588, 0.15107425032, 6.4993063093e-06],
      [0.00015163055638, 0.71425368119, 0.067654454744, 0.10993154507, 0.10800868843],
      [0.02038266686, 0, 0.88353522343, 0.088152063887, 0.0079300458256],
      [0.015253501795, 0, 0, 0.9847464982, 0],
      [0.037823562163, 0.0099087595185, 0.27701135362, 0.56675079786, 0.10850552684]
    ],
    [
      [0.16230641309, 4.910196407e-05, 0.31968730461, 0.51253885629, 0.0054183240456],
      [0.83384591268, 1.4227576412e-06, 0.042294711443, 0.12384936829, 8.5848336912e-06],
      [0.0001372100219, 0.81027379324, 0.058921226882, 0.0037529479007, 0.12691482195],
      [0.019424571696, 0.02086254081, 0.90850829353, 0.02456548256, 0.026639111404],
      [0.0090800697966, 1.6955783932e-05, 0.0093078562882, 0.98159461356, 5.0457357417e-07],
      [0.041398997289, 0.011893167271, 0.29140513977, 0.50123557301, 0.15406712266]
    ],
    [
      [0.10020704597, 5.00792427e-05, 0.30877580591, 0.58663391983, 0.0043331490444],
      [0.64026085853, 2.1170452351e-06, 0.05957243309, 0.29710455842, 0.0030600329144],
      [0, 0.83578452207, 0.057326029413, 0.0044282002811, 0.10246124824],
      [0, 0.0001890262142, 0.88200910298, 0.098242155686, 0.019559715116],
      [0, 0.0079956239435, 0, 0.99200402065, 3.5540625845e-07],
      [0.025231149391, 0.011934437336, 0.27689601191, 0.56447858445, 0.12145981692]
    ],
    [
      [0.10621554753, 4.5590988815e-05, 0.29499552572, 0.59521268024, 0.0035306555239],
      [0.75317884928, 1.7823796765e-06, 0.052651128813, 0.19416069223, 7.5472962065e-06],
      [0, 0.81164074849, 0.060660607015, 0.035317307128, 0.092381337366],
      [0, 0, 0.86652232312, 0.1188505931, 0.01462708378],
      [0, 0, 0.007443223096, 0.99255649194, 2.8495960169e-07],
      [0.02556713403, 0.011159670153, 0.27172942878, 0.58996467576, 0.10157909127]
    ],
    [
      [0.12405327622, 4.6240418447e-05, 0.30057608296, 0.57192842298, 0.0033959774244],
      [0.77829402484, 1.6666570547e-06, 0.04947606727, 0.17222154839, 6.6928492088e-06],
      [0.00011623787705, 0.81828824328, 0.061205289333, 0.032461330574, 0.087928898937],
      [0.0029943507678, 0, 0.87743815152, 0.105679429, 0.01388806871],
      [0.0062794056478, 0, 0.0078945802299, 0.98582572892, 2.8520645402e-07],
      [0.032605979844, 0.011512454866, 0.28161841407, 0.57492999547, 0.099333155744]
    ],
    [
      [0.13863408117, 3.5725432088e-05, 0.31887069517, 0.53436359997, 0.0080958982488],
      [0.80254653337, 1.1922532774e-06, 0.048568074099, 0.14886942787, 1.4772405452e-05],
      [0.023022112446, 0.62506975292, 0.12182181997, 0.0057412333418, 0.22434508132],
      [0.0080018097573, 0, 0.90032874166, 0.060796152319, 0.030873296258],
      [0.0075033772565, 0, 0.0089288250946, 0.98356707229, 7.2536080161e-07],
      [0.032595345376, 0.0079530587865, 0.2671012436, 0.48026538354, 0.21208496869]
    ],
    [
      [0.14543132788, 6.9695686192e-05, 0.31991462621, 0.53118076163, 0.0034035885891],
      [0.80982473593, 2.2480922037e-06, 0.047045442402, 0.14312157251, 6.0010600717e-06],
      [9.2243449981e-05, 0.89301663955, 0.043955721442, 0.0029105660575, 0.060024829503],
      [0.0038891326814, 0.0053045058739, 0.91106166856, 0.061415067707, 0.018329625182],
      [0.024942543959, 0.046750782596, 0, 0.92830636668, 3.0676056745e-07],
      [0.038667223821, 0.017540774743, 0.3027936762, 0.53951541768, 0.10148290756]
    ],
    [
      [0.12670059622, 4.0445156927e-05, 0.32442098487, 0.54370934448, 0.0051286292674],
      [0.78465454077, 1.4456285202e-06, 0.052906895716, 0.16242709479, 1.0023094917e-05],
      [0.00012594008749, 0.71387073345, 0.10901272357, 0.036155500456, 0.14083510244],
      [0.0053894043746, 0, 0.91707435285, 0.061689380397, 0.015846862382],
      [0.0067583390873, 0, 0.0089439044988, 0.98429775641, 0],
      [0.031918509285, 0.0096450949861, 0.29111406225, 0.52352995816, 0.14379237532]
    ],
    [
      [0.13878284173, 3.8308005054e-05, 0.29872822686, 0.55754915177, 0.0049014716366],
      [0.80111093808, 1.2651404758e-06, 0.045026312405, 0.15385263426, 8.8501125709e-06],
      [0.00014485977915, 0.68434811826, 0.06777257141, 0.10587036818, 0.14186408238],
      [0.0082356662886, 0, 0.89120625775, 0.085595849744, 0.014962226214],
      [0.015241747906, 0, 0, 0.98475825209, 0],
      [0.035389420121, 0.0092589869366, 0.27167588461, 0.54407450716, 0.13960120117]
    ],
    [
      [0.018307910644, 4.2453148954e-05, 0.3352877531, 0.64398660211, 0.0023752809983],
      [0.69074697203, 2.0492361006e-06, 0.07380114333, 0.23544356762, 6.267779517e-06],
      [0, 0.73095880134, 0.074694411825, 0.12762005233, 0.066726734507],
      [0, 0, 0.92929838579, 0.06469696748, 0.0060046467325],
      [0, 0, 0.01246575735, 0.98753424265, 0],
      [0, 0.010548637635, 0.33371426469, 0.58595220967, 0.069784888005]
    ],
    [
      [0.085131225373, 3.7776093855e-05, 0.38665603235, 0.52095199389, 0.007222972289],
      [0.76841350745, 1.4619014548e-06, 0.063124537817, 0.1684452119, 1.5280936071e-05],
      [0, 0.65119073688, 0.14986092296, 0.0043740486562, 0.1945742915],
      [0, 0, 0.91794162539, 0.053824321003, 0.028234053602],
      [0, 0, 0.067459687537, 0.93254031246, 0],
      [0.02710139012, 0.0084713004185, 0.30148971303, 0.47160449294, 0.19133310349]
    ],
    [
      [0.12171152108, 3.9255031659e-05, 0.34409913631, 0.53029792283, 0.0038521647357],
      [0.77721339178, 0, 0.058314787177, 0.1644640017, 7.8193418289e-06],
      [0.00012528606445, 0.68763361448, 0.19741253063, 0.0047110474695, 0.11011752136],
      [0.00014989972947, 0, 0.92928624292, 0.057375265381, 0.013188591974],
      [0, 0, 0.039852401783, 0.96014759822, 0],
      [0.0317005215, 0.0096715542861, 0.31890134088, 0.52733708732, 0.11238949602]
    ],
    [
      [0.13748757186, 2.7852045062e-05, 0.35461836697, 0.49988430022, 0.0079819089073],
      [0.80759001795, 9.2600725019e-07, 0.053715414649, 0.1386791376, 1.4503795752e-05],
      [0.00015868052285, 0.49573023355, 0.24092804871, 0.0049979802198, 0.25818505701],
      [0.0032765407015, 0, 0.92685213214, 0.051652470996, 0.018218856167],
      [0.018147957791, 0, 0.047280707383, 0.93457133483, 0],
      [0.032367400423, 0.0062261806031, 0.29812718932, 0.45099581696, 0.2122834127]
    ],
    [
      [0.10388788188, 4.4323526427e-05, 0.32935312704, 0.56055323109, 0.0061614364668],
      [0.75065100057, 1.7877145819e-06, 0.060584321957, 0.18874930416, 1.3585599435e-05],
      [0, 0.75788127327, 0.069545353917, 0.017021238951, 0.15555213386],
      [0, 0, 0.91168583155, 0.062236646519, 0.026077521929],
      [0, 0, 0.01415335305, 0.98584611952, 5.2742926759e-07],
      [0.001502294154, 0.010112438286, 0.30608842596, 0.51624853674, 0.16604830485]
    ],
    [
      [0.10388851682, 3.6457147615e-05, 0.32495733828, 0.56752982328, 0.003587864474],
      [0.69895117321, 1.5020323914e-06, 0.061133922662, 0.23990531963, 8.0824695473e-06],
      [0, 0.65251091267, 0.12131748595, 0.11420550138, 0.11196610001],
      [0, 0, 0.92858357234, 0.064662964424, 0.0067534632388],
      [0, 0, 0.013916302985, 0.98608339328, 3.0373068227e-07],
      [0.026873819019, 0.0089303937301, 0.29955377377, 0.56131952676, 0.10332248673]
    ],
    [
      [0.12293957791, 3.184170791e-05, 0.36132332054, 0.50951936337, 0.0061858964751],
      [0.7838617447, 1.1652287091e-06, 0.060378133129, 0.15574657904, 1.2377897149e-05],
      [0.00014030083108, 0.55824850744, 0.24155226585, 0.005031838332, 0.19502708755],
      [0, 0, 0.9722168006, 0.016098941835, 0.011684257561],
      [0.0059827976883, 0, 0.011599158696, 0.98241746259, 5.8102985697e-07],
      [0.030144253957, 0.0073965459214, 0.31584941482, 0.47787415194, 0.16873563336]
    ],
    [
      [0.096153552934, 3.3994499354e-05, 0.32838356361, 0.56845828002, 0.0069706089352],
      [0.67307704874, 1.4763142014e-06, 0.06511784884, 0.26178707346, 1.6552639559e-05],
      [0, 0.59661336825, 0.11453999991, 0.082087218031, 0.2067594138],
      [0, 0, 0.91899151311, 0.063234745437, 0.017773741457],
      [0, 0, 0.013589762083, 0.98640964856, 5.8935829598e-07],
      [0, 0.0075791072556, 0.29814669077, 0.51173832772, 0.18253587425]
    ],
    [
      [0.12121427033, 3.6251631337e-05, 0.3371604892, 0.53844457211, 0.0031444167286],
      [0.7751143849, 1.3491526269e-06, 0.057323208989, 0.16755465788, 6.3990854604e-06],
      [0.00013956729022, 0.64767099032, 0.21154076, 0.040972431948, 0.099676250448],
      [0.003107266885, 0, 0.93158828122, 0.059699262209, 0.005605189689],
      [0.0047947746473, 0, 0.011146475395, 0.98405874996, 0],
      [0.032241053311, 0.0091164785302, 0.31910330771, 0.54676549847, 0.092773661979]
    ],
    [
      [0.12254655119, 4.0809803069e-05, 0.32852812763, 0.54305370768, 0.0058308037059],
      [0.77863086079, 1.4967997267e-06, 0.055027722826, 0.16632822679, 1.1692798429e-05],
      [0.00011829180512, 0.71038960198, 0.12930828166, 0.0045295376515, 0.1556542869],
      [0, 0, 0.919462245, 0.057993611171, 0.022544143829],
      [0.003665729217, 0, 0.011942916856, 0.98439083925, 5.1468153706e-07],
      [0.030208344755, 0.009522974721, 0.28848490522, 0.51162569007, 0.16015808524]
    ],
    [
      [0.14298513237, 4.4560208375e-05, 0.35635802861, 0.49820148163, 0.0024107971739],
      [0.81831268728, 1.3989742006e-06, 0.051074397686, 0.1306073778, 4.1382635325e-06],
      [0.00013877830798, 0.78510641471, 0.14523621454, 0.0042170729148, 0.065301519525],
      [0.0034637264945, 0, 0.98905955132, 0, 0.0074767221866],
      [0.011398758534, 0, 0.021911127774, 0.96668988252, 2.3117053034e-07],
      [0.039156922899, 0.011632652462, 0.35005830166, 0.52509113359, 0.07406098939]
    ],
    [
      [0.12889714035, 4.0540422657e-05, 0.35783178141, 0.50590595068, 0.0073245871432],
      [0.79344895815, 1.4289130944e-06, 0.057593123281, 0.14894237404, 1.4115611444e-05],
      [0.00011927962018, 0.69006720672, 0.1156520868, 0.0040528888865, 0.19010853797],
      [0, 0, 0.97118675927, 0, 0.028813240726],
      [0.006715997592, 0, 0.032104796443, 0.96117851339, 6.9257754795e-07],
      [0.03071987671, 0.009156908122, 0.30413767854, 0.46134811749, 0.19463741914]
    ],
    [
      [0.10169778487, 5.2313837102e-05, 0.31878229714, 0.56984761092, 0.0096199932309],
      [0.75140917715, 2.0922491547e-06, 0.058199646997, 0.19037913281, 9.9507999992e-06],
      [0, 0.83707470508, 0.056315733895, 0.0040098426174, 0.1025997184],
      [0, 0.00019207004888, 0.90416805653, 0.074266484658, 0.021373388764],
      [0, 0.012937467739, 0, 0.98706214864, 3.8362554262e-07],
      [0, 0.039240024574, 0.28552203108, 0.54763324298, 0.12760470136]
    ],
    [
      [0.1057138923, 4.0529342038e-05, 0.30830093468, 0.58198481546, 0.0039598282137],
      [0.68858579456, 1.6559708321e-06, 0.057500637964, 0.25390306572, 8.8457912971e-06],
      [0, 0.71835770905, 0.068388938365, 0.10123556933, 0.11201778325],
      [0, 0, 0.9075386068, 0.079007209463, 0.013454183737],
      [0, 0, 0, 1, 0],
      [0.027070996435, 0.0098172078637, 0.280987137, 0.56913046114, 0.11299419756]
    ],
    [
      [0.12042200733, 4.3166923605e-05, 0.34941688878, 0.52652524856, 0.0035926884043],
      [0.77838120954, 1.5969409341e-06, 0.058960325616, 0.16264960323, 7.2646704252e-06],
      [0.00011535208928, 0.75399379358, 0.14549481122, 0.0043646906098, 0.096031352504],
      [0.0015451740752, 0, 0.92901457204, 0.056173551134, 0.013266702749],
      [0, 0, 0.049918595982, 0.95008140402, 0],
      [0.031472032661, 0.010695223028, 0.32564738551, 0.52655251535, 0.10563284345]
    ],
    [
      [0.10720988428, 5.0410535066e-05, 0.30932180855, 0.58062916489, 0.0027887317496],
      [0.69166552679, 2.0363194036e-06, 0.057031592924, 0.25129468507, 6.1588944054e-06],
      [0, 0.86943816626, 0.058635765527, 0.0044836474153, 0.067442420802],
      [0, 0.00019144293983, 0.89048387318, 0.097967241378, 0.011357442507],
      [0, 0.00017005003009, 0, 0.99982994997, 0],
      [0.028326502014, 0.012601999378, 0.29093250171, 0.58598628747, 0.082152709437]
    ],
    [
      [0.090393914576, 5.4220220756e-05, 0.31932554528, 0.57061428942, 0.019612030508],
      [0.7521677082, 2.1648224853e-06, 0.058135217598, 0.18968444621, 1.0463168244e-05],
      [0, 0.83843677171, 0.053937845495, 0.0039136762969, 0.1037117065],
      [0, 0.0029324563771, 0.90571324646, 0.070392459494, 0.020961837664],
      [0, 0.013875807388, 0, 0.98612378783, 4.0478556407e-07],
      [0, 0.039482573605, 0.28390838931, 0.54264708168, 0.1339619554]
    ],
    [
      [0.073645292059, 3.0834179504e-05, 0.33204070663, 0.59035760307, 0.0039255640706],
      [0.48589017949, 1.601941242e-06, 0.078702267972, 0.43539480148, 1.1149116707e-05],
      [0, 0.54588663527, 0.16084099522, 0.15674963359, 0.13652273592],
      [0, 0, 0.92924557925, 0.065595532192, 0.0051588885578],
      [0, 0, 0.012082472427, 0.98791752757, 0],
      [0.018489796639, 0.0073332557865, 0.29707501474, 0.56676233453, 0.1103395983]
    ],
    [
      [0.13709564112, 5.4830663337e-05, 0.36561409323, 0.49404654747, 0.0031888875147],
      [0.80723985494, 1.8255644322e-06, 0.055517448279, 0.13723506831, 5.802902323e-06],
      [0.00010657359825, 0.86526777207, 0.061867365701, 0.0033269940611, 0.069431294571],
      [0.0032449792073, 0.00017941517653, 0.9823770459, 0, 0.014198559715],
      [0.0090280559774, 0.01787731491, 0.053788511097, 0.91930581012, 3.0789541936e-07],
      [0.036571708326, 0.01389207564, 0.34837924553, 0.50513259051, 0.096024379999]
    ],
    [
      [0.20556866431, 5.0716163798e-05, 0.31673762773, 0.47377401132, 0.0038689804864],
      [0.87010908232, 1.2197361575e-06, 0.034784788663, 0.09509982214, 5.0871422737e-06],
      [0.00017165788482, 0.84903411523, 0.057590180851, 0.0034259664876, 0.08977807955],
      [0.055162785575, 0.00093017619089, 0.92678059658, 0, 0.017126441653],
      [0.012418541238, 0.014528319629, 0.0099464663403, 0.96310628431, 3.8848601986e-07],
      [0.056596944251, 0.013250954812, 0.31132520462, 0.49961959727, 0.11920729905]
    ],
    [
      [0.10641123898, 4.8598159453e-05, 0.34001323922, 0.54911285803, 0.0044140656021],
      [0.68111095945, 1.9719592993e-06, 0.1261225322, 0.18610516428, 0.0066593721086],
      [0, 0.8258371085, 0.063963243956, 0.0041118976342, 0.10608774991],
      [0, 0.00016836154099, 0.9217839671, 0.059750110873, 0.018297560488],
      [0, 0.0041989999567, 0.022919464434, 0.97288114996, 3.8565163869e-07],
      [0.026885864669, 0.01163040076, 0.30614730113, 0.53055189674, 0.1247845367]
    ],
    [
      [0.12771712394, 3.2736660274e-05, 0.29793905464, 0.57031956713, 0.0039915176313],
      [0.7842391539, 1.1543640031e-06, 0.047882416662, 0.16786958097, 7.6941112413e-06],
      [0.00015482688904, 0.59717350985, 0.078344532957, 0.19070387375, 0.13362325655],
      [0.0074402948978, 0, 0.90110045523, 0.091459249872, 0],
      [0.014306232037, 0, 0, 0.98569376796, 0],
      [0.033180212376, 0.0080573388972, 0.27586704428, 0.56668508618, 0.11621031827]
    ],
    [
      [0.15165580487, 4.794626961e-05, 0.30016804448, 0.5437317754, 0.0043964289802],
      [0.81885709386, 1.4709703532e-06, 0.041980765984, 0.13915329804, 7.3711466671e-06],
      [0.0001303491992, 0.8337229172, 0.056085276104, 0.0040440146827, 0.10601744282],
      [0.025081400793, 0.0027320280946, 0.88111958165, 0.070843832928, 0.020223156532],
      [0.01627147997, 1.5645655431e-05, 0, 0.98371287437, 0],
      [0.039405448026, 0.011824131429, 0.27839183368, 0.54113384101, 0.12924474585]
    ],
    [
      [0.15592325861, 5.3075534536e-05, 0.28977660889, 0.54934089312, 0.0049061638439],
      [0.81974332102, 1.6166810631e-06, 0.04028255921, 0.13996433156, 8.1715255754e-06],
      [0.00012586767154, 0.83610651625, 0.050720918107, 0.0038382179652, 0.10920848001],
      [0.0069131902279, 0.049118888099, 0.84823209158, 0.069122284462, 0.026613545628],
      [0.022795361463, 1.719860386e-05, 0, 0.97718701121, 4.287238201e-07],
      [0.040171821687, 0.012937496913, 0.26579134659, 0.54068193122, 0.14041740359]
    ],
    [
      [0.12878755838, 4.5679971755e-05, 0.33819962189, 0.52757484003, 0.0053922997306],
      [0.79520931287, 1.5722120595e-06, 0.053143231657, 0.15163573494, 1.0148329934e-05],
      [0.0001149151205, 0.78704131297, 0.074374864917, 0.0040941501438, 0.13437475685],
      [0.0014526512693, 0, 0.95518857473, 0.02091274829, 0.022446025706],
      [0.0070090824213, 0, 0.0096130889683, 0.98337733911, 4.8949678839e-07],
      [0.032108767402, 0.010831975978, 0.30180861045, 0.5051446025, 0.15010604367]
    ],
    [
      [0.12024009198, 4.7265233581e-05, 0.35304430789, 0.52125466283, 0.0054136720675],
      [0.78048291807, 1.7408114692e-06, 0.059353225656, 0.16015121262, 1.0902837033e-05],
      [0, 0.79714879161, 0.067420140933, 0.0039123208228, 0.13151874664],
      [0, 0, 0.9714389085, 0.006888372238, 0.021672719262],
      [0, 1.6081024753e-05, 0.016758801296, 0.98322462096, 4.9671488294e-07],
      [0.018627574083, 0.011140666159, 0.32439433808, 0.49606582551, 0.14977159616]
    ],
    [
      [0.16392487939, 3.7068291736e-05, 0.34464234219, 0.48766664291, 0.0037290672272],
      [0.83746579922, 1.0674912754e-06, 0.045312633736, 0.11721462732, 5.8722311607e-06],
      [0.00018096381199, 0.67572047349, 0.20539485179, 0.0046690184178, 0.11403469249],
      [0.02980383141, 0, 0.94688333678, 0.017935548913, 0.0053772828941],
      [0.0096426381452, 0, 0.010536114231, 0.97982088295, 3.6466990663e-07],
      [0.044108580087, 0.0094722532111, 0.33143106451, 0.50316548439, 0.1118226178]
    ],
    [
      [0.13964823597, 3.9700324192e-05, 0.36012260579, 0.4879393842, 0.012250073719],
      [0.80998373005, 1.3187804212e-06, 0.054628047368, 0.13536465262, 2.2251184628e-05],
      [0.00011688023905, 0.64755521844, 0.065535385388, 0.0035344848583, 0.28325803108],
      [0.0024534452696, 0.0001275802986, 0.93493346181, 0, 0.062485512621],
      [0.0082347783262, 0.0033781578915, 0.075162503258, 0.91322336132, 1.1992055719e-06],
      [0.029768702282, 0.0080195338043, 0.27376510405, 0.39797591662, 0.29047074325]
    ],
    [
      [0.16574008504, 5.1698927815e-05, 0.37182042288, 0.45449603372, 0.0078917594298],
      [0.84263060381, 1.4816180466e-06, 0.048665729127, 0.1086898179, 1.2367541568e-05],
      [0.00012641453428, 0.76840568623, 0.061850792465, 0, 0.16961710678],
      [0.0038144786099, 0.00016457944367, 0.95889600116, 0, 0.037124940782],
      [0.023359512708, 0.073625762766, 0.058396582621, 0.84461731606, 8.2584043509e-07],
      [0.039791448067, 0.01178718205, 0.31904931585, 0.41840529365, 0.21096676038]
    ],
    [
      [0.1369390754, 5.548495463e-05, 0.33190864985, 0.52316257519, 0.007934214601],
      [0.80194379155, 1.869627683e-06, 0.050971812742, 0.14706791257, 1.4613518575e-05],
      [9.7923259156e-05, 0.78715702289, 0.051462651779, 0.003230091402, 0.15805231067],
      [0.0034706666232, 0.00019379196952, 0.90585520341, 0.057305152141, 0.033175185854],
      [0.0066071342427, 0.061586937293, 0.017526202137, 0.89908452102, 0.015195205305],
      [0.032117672378, 0.012326753979, 0.27736827783, 0.46915531917, 0.20903197664]
    ],
    [
      [0.11204547639, 5.865733338e-05, 0.29427023624, 0.58928590858, 0.0043397214555],
      [0.74539771245, 2.2881741342e-06, 0.052420576358, 0.19221219842, 0.0099672245942],
      [0, 0.85757374032, 0.048251540767, 0.0038527887414, 0.090321930169],
      [0, 0.07101735125, 0.81758260265, 0.086399135319, 0.025000910782],
      [0, 0.013057630592, 0, 0.98694201489, 3.5451912662e-07],
      [0, 0.042438360986, 0.26542843089, 0.57031202631, 0.12182118181]
    ],
    [
      [0.11805245057, 5.999518179e-05, 0.32498936387, 0.55565797083, 0.0012402195476],
      [0.75327434985, 0.01351408264, 0.055070870041, 0.17231237387, 0.0058283235935],
      [0, 0.91484745529, 0.054691312756, 0.0037236129578, 0.026737619],
      [0, 0.010904249137, 0.91986038193, 0.063804659924, 0.0054307090057],
      [0, 0.034815472184, 0, 0.96518442082, 1.0699612037e-07],
      [0.032764010493, 0.015800192904, 0.32201331596, 0.59077656056, 0.038645920083]
    ],
    [
      [0.13290031171, 4.6221008126e-05, 0.30824766654, 0.55156771333, 0.0072380874125],
      [0.7960249997, 1.56714326e-06, 0.047698578598, 0.15626143709, 1.3417469747e-05],
      [0.00011191288233, 0.77002387375, 0.056529165625, 0.004031485668, 0.16930356207],
      [0.0035997614794, 0.00017304058261, 0.89196018661, 0.066537901418, 0.037729109914],
      [0.0079706730817, 0.007190679671, 0, 0.98483801763, 6.2961860929e-07],
      [0.031635125643, 0.010444611242, 0.26207210951, 0.5031775262, 0.1926706274]
    ],
    [
      [0.1793042638, 4.320562184e-05, 0.26318510765, 0.5531242171, 0.0043432058235],
      [0.84244180801, 1.1685795047e-06, 0.032493895432, 0.1250567048, 6.4231773239e-06],
      [0.00017480343819, 0.77849464634, 0.055713920056, 0.048656353157, 0.11696027701],
      [0.060533532394, 0, 0.79718654999, 0.12615266506, 0.016127252563],
      [0.016517719548, 0, 0, 0.98348228045, 0],
      [0.047735582005, 0.010892494649, 0.24968068114, 0.56304818456, 0.12864305765]
    ],
    [
      [0.14918802865, 3.5418836803e-05, 0.31235343652, 0.53306144335, 0.0053616726434],
      [0.81541883615, 1.1116360905e-06, 0.044759754799, 0.13981109678, 9.2006327804e-06],
      [0.05903219862, 0.64283733475, 0.11030698653, 0.027414115747, 0.16040936435],
      [0.0090815219109, 0, 0.90917579582, 0.062659916658, 0.019082765613],
      [0.0080942838037, 0, 0.008778316011, 0.98312740019, 0],
      [0.046464368366, 0, 0.28310504902, 0.51839640091, 0.1520341817]
    ],
    [
      [0.16805560429, 4.8822774365e-05, 0.28919778842, 0.53784304707, 0.0048547374428],
      [0.83418756963, 1.3936676729e-06, 0.037636924904, 0.12816653633, 7.575472268e-06],
      [0.00014335989274, 0.8272301815, 0.05351489606, 0.0039654691286, 0.11514609342],
      [0.051299746371, 0.011615471281, 0.84675237196, 0.067589148293, 0.022743262098],
      [0.02758001605, 1.6107195455e-05, 0, 0.97240387675, 0],
      [0.043700310544, 0.012026803121, 0.26797767983, 0.53480519426, 0.14149001224]
    ],
    [
      [0.15749358806, 4.4375612293e-05, 0.29229225882, 0.54935124121, 0.00081853629328],
      [0.82254835228, 1.3304424927e-06, 0.039992803495, 0.13745617203, 1.3417569399e-06],
