{
  "X": [
    [93, 348, 407, 61],
    [7, 35, 78, 21],
    [26, 227, 294, 49],
    [6, 23, 13, 1],
    [23, 308, 160, 31],
    [91, 307, 189, 33],
    [193, 666, 517, 114],
    [30, 176, 228, 33],
    [74, 533, 573, 95],
    [25, 149, 192, 26],
    [61, 557, 325, 63],
    [30, 99, 142, 14],
    [48, 549, 273, 58],
    [68, 461, 293, 66],
    [27, 311, 182, 45],
    [48, 308, 274, 37],
    [25, 244, 198, 39],
    [74, 242, 516, 55],
    [29, 71, 382, 31],
    [49, 160, 421, 50],
    [27, 141, 357, 34],
    [53, 255, 619, 75],
    [52, 216, 218, 42],
    [152, 353, 615, 69],
    [143, 427, 627, 92],
    [33, 127, 75, 17],
    [7, 25, 38, 6],
    [49, 213, 625, 66],
    [24, 112, 224, 24],
    [34, 213, 426, 72],
    [65, 344, 789, 68],
    [28, 71, 284, 30],
    [48, 153, 399, 43],
    [82, 324, 657, 55],
    [46, 239, 425, 51],
    [31, 172, 269, 43],
    [40, 226, 252, 40],
    [50, 87, 217, 31],
    [130, 814, 792, 119],
    [12, 18, 35, 8],
    [0, 2, 2, 1],
    [3, 72, 166, 45],
    [174, 1163, 1363, 206],
    [32, 138, 240, 23],
    [228, 673, 1099, 131],
    [65, 252, 220, 41]
  ],
  "W": [
    [70, 364, 368, 36, 71],
    [5, 86, 33, 3, 14],
    [26, 260, 236, 24, 50],
    [3, 17, 22, 0, 1],
    [24, 130, 308, 11, 49],
    [85, 155, 312, 13, 55],
    [214, 380, 732, 28, 136],
    [32, 208, 169, 23, 35],
    [98, 478, 543, 59, 97],
    [27, 166, 154, 10, 35],
    [52, 263, 581, 19, 91],
    [30, 119, 104, 9, 23],
    [50, 224, 546, 25, 83],
    [67, 241, 480, 19, 81],
    [24, 150, 317, 18, 56],
    [45, 229, 308, 21, 64],
    [33, 159, 253, 14, 47],
    [75, 449, 254, 35, 74],
    [24, 351, 78, 23, 37],
    [49, 384, 152, 35, 60],
    [32, 319, 133, 23, 52],
    [51, 579, 244, 37, 91],
    [42, 196, 229, 24, 37],
    [143, 547, 346, 41, 112],
    [149, 555, 436, 41, 108],
    [39, 52, 127, 5, 29],
    [1, 37, 27, 3, 8],
    [31, 582, 209, 28, 103],
    [20, 179, 126, 18, 41],
    [48, 349, 230, 47, 71],
    [54, 696, 371, 46, 99],
    [17, 271, 73, 18, 34],
    [27, 382, 167, 25, 42],
    [71, 562, 321, 65, 99],
    [41, 387, 228, 42, 63],
    [35, 228, 168, 16, 68],
    [38, 215, 232, 23, 50],
    [50, 191, 94, 17, 33],
    [136, 690, 833, 52, 144],
    [17, 22, 24, 2, 8],
    [0, 3, 1, 0, 1],
    [3, 168, 76, 14, 25],
    [254, 1164, 1180, 99, 209],
    [33, 212, 143, 21, 24],
    [177, 987, 724, 61, 182],
    [86, 167, 281, 6, 38]
  ],
  "method": "mvn_pdf",
  "cond_prob": [
    [
      [0.7356363333, 0.070677476526, 0.14544922653, 0.048236963647],
      [0.050398720339, 0.0040090254497, 0.88844713658, 0.057145117635],
      [0.035546211741, 0.87916363859, 0.04452586292, 0.040764286752],
      [0.014937682478, 0.096900212339, 0.75117800792, 0.13698409726],
      [0.13438816867, 0.20524879909, 0.42247705055, 0.23788598168]
    ],
    [
      [0.5370519582, 0.13331408505, 0.15061835689, 0.17901559986],
      [0.036165965353, 0.017598216283, 0.83286325221, 0.11337256615],
      [0.014672497361, 0.89281842027, 0.021001289223, 0.071507793151],
      [0.006776035411, 0.12161750517, 0.52610500735, 0.34550145207],
      [0.049996190681, 0.21372304215, 0.23923649708, 0.49704427008]
    ],
    [
      [0.52837624403, 0.11846335184, 0.25599618824, 0.097164215889],
      [0.0185257721, 0.0047754020521, 0.91065461744, 0.066044208405],
      [0.018706919597, 0.89043943828, 0.043657632603, 0.047196009524],
      [0.006026105384, 0.091528887314, 0.74670626582, 0.15573874148],
      [0.057721147103, 0.2067589518, 0.44699493793, 0.28852496316]
    ],
    [
      [0.91302388492, 0.059334895046, 0.019769262834, 0.0078719572031],
      [0.17553178807, 0.028994841962, 0.74477883959, 0.050694530378],
      [0, 0.99382882147, 0.0058656253202, 0.00030555320541],
      [0.048129720021, 0.34755936099, 0.49847687351, 0.10583404547],
      [0.2768879481, 0.46484892908, 0.15040818137, 0.10785494145]
    ],
    [
      [0.54219733419, 0.16154946515, 0.22167585113, 0.074577349537],
      [0.024655958134, 0.0061173836275, 0.91016765438, 0.059059003855],
      [0.011879058853, 0.93262640467, 0.027423802411, 0.02807073407],
      [0.0068605785522, 0.1389459799, 0.72116191045, 0.13303153109],
      [0.062199447576, 0.29694315406, 0.40772800705, 0.23312939131]
    ],
    [
      [0.74567504278, 0.084371715571, 0.12978107057, 0.040172171076],
      [0.056763014326, 0.0053243466733, 0.88494914891, 0.052963490087],
      [0.034572361818, 0.90790577742, 0.030732627018, 0.026789233748],
      [0.016487214431, 0.12621035716, 0.73279863059, 0.12450379781],
      [0.14215351761, 0.25628714991, 0.39430052896, 0.20725880353]
    ],
    [
      [0.65511107865, 0.071189629989, 0.20643069021, 0.067268601151],
      [0.032634221528, 0.0029142088769, 0.90706002066, 0.057391548931],
      [0.037006214954, 0.85425658436, 0.056734144218, 0.052003056466],
      [0.0098259236859, 0.071464145396, 0.77907371999, 0.13963621093],
      [0.095893748368, 0.16427355871, 0.47645269644, 0.26337999648]
    ],
    [
      [0.5776015888, 0.14875734943, 0.19966221448, 0.073978847287],
      [0.029006818465, 0.006655580968, 0.89853929356, 0.065798307006],
      [0.016757503439, 0.92564639702, 0.028016648619, 0.029579450917],
      [0.0079649854846, 0.13958402017, 0.70828755402, 0.14416344033],
      [0.070517662007, 0.29173515473, 0.39112024906, 0.2466269342]
    ],
    [
      [0.51942532421, 0.13090370549, 0.25923206626, 0.090438904044],
      [0.020701564459, 0.0042909005781, 0.91316325078, 0.061844284186],
      [0.013473264301, 0.90268095807, 0.042843014627, 0.041002763004],
      [0.0059585693598, 0.10063511828, 0.74955447576, 0.14385183661],
      [0.057045693903, 0.22708406367, 0.44964693426, 0.26622330817]
    ],
    [
      [0.56906477531, 0.10758511562, 0.25192637566, 0.071423733411],
      [0.022874849063, 0.0023800401505, 0.92197110034, 0.05277401045],
      [0.021915182666, 0.8930584849, 0.046996066626, 0.038030265805],
      [0.0068430301983, 0.08825465214, 0.78317246541, 0.12172985225],
      [0.068418791134, 0.20818748619, 0.48804760819, 0.23534611448]
    ],
    [
      [0.61224114093, 0.11440927004, 0.20661263256, 0.066736956481],
      [0.030243186616, 0.0046703120924, 0.9082371063, 0.056849394991],
      [0.023440259256, 0.90485872397, 0.036837688889, 0.034863327882],
      [0.0087402612985, 0.11001079381, 0.74841438219, 0.1328345627],
      [0.081589527464, 0.24186046337, 0.43700234774, 0.23954766143]
    ],
    [
      [0.66754208662, 0.076351862078, 0.21158116804, 0.044524883261],
      [0.03293197889, 0.0027465579411, 0.92964659944, 0.034674863724],
      [0.034942830523, 0.87839028775, 0.054097423921, 0.032569457803],
      [0.0098486082205, 0.077591436704, 0.8184049561, 0.094154998976],
      [0.10139739413, 0.18833438635, 0.52316708401, 0.18710113551]
    ],
    [
      [0.56450387273, 0.16092878662, 0.19907290149, 0.07549443917],
      [0.028618658257, 0.006740467032, 0.89863486801, 0.066006006697],
      [0.013796849975, 0.93443287382, 0.023393110236, 0.028377165966],
      [0.00779113872, 0.14961727271, 0.69727880813, 0.14531278044],
      [0.067908052529, 0.3072640377, 0.38009079637, 0.24473711341]
    ],
    [
      [0.61989252016, 0.11008809363, 0.19405545391, 0.075963932293],
      [0.03212560005, 0.0047141074737, 0.89526915326, 0.067891139216],
      [0.024691366566, 0.89902561864, 0.035757829978, 0.040525184817],
      [0.0091318090537, 0.10924575408, 0.72553413599, 0.15608830088],
      [0.082710755722, 0.23308680927, 0.41098162567, 0.27322080934]
    ],
    [
      [0.56768545542, 0.13830253115, 0.20377112099, 0.090240892437],
      [0.027528767623, 0.0055843614525, 0.8907033254, 0.076183545521],
      [0.016948034014, 0.9148521507, 0.029827965289, 0.03837185],
      [0.0075681538922, 0.1252994721, 0.6975389457, 0.16959342831],
      [0.066740720961, 0.26034933511, 0.38380050476, 0.28910943917]
    ],
    [
      [0.6218279091, 0.11997012712, 0.20289339806, 0.055308565717],
      [0.03132327432, 0.0050118244911, 0.9153691737, 0.048295727486],
      [0.023305024104, 0.91595265107, 0.0351544996, 0.025587825225],
      [0.0091043526854, 0.11885640845, 0.7584989353, 0.11354030357],
      [0.08555586626, 0.26319117756, 0.44522176237, 0.20603119382]
    ],
    [
      [0.49999446005, 0.13015361695, 0.27385296609, 0.095998956908],
      [0.018595773602, 0.0040181010845, 0.91542907834, 0.061957046973],
      [0.01190563189, 0.8993062886, 0.044808349169, 0.043979730345],
      [0.0053814064397, 0.094871644353, 0.75461034477, 0.14513660444],
      [0.052255111857, 0.21730550069, 0.45762918078, 0.27281020668]
    ],
    [
      [0.62239944023, 0.078583364242, 0.23985230523, 0.059164890294],
      [0.027653485276, 0.0027221154743, 0.92559709415, 0.044027305102],
      [0.032579785949, 0.86505152729, 0.060153344438, 0.042215342321],
      [0.0083032251345, 0.070557681637, 0.81113013723, 0.110008956],
      [0.08564525112, 0.17150555465, 0.52364158845, 0.21920760578]
    ],
    [
      [0.6058620651, 0.05783512784, 0.2737540962, 0.062548710862],
      [0.023606793903, 0.00061987389959, 0.93469252364, 0.041080808554],
      [0.03941372307, 0.81819870353, 0.086229840568, 0.056157732833],
      [0.0072259601128, 0.046975589174, 0.84028573721, 0.10551271351],
      [0.079266440427, 0.12147145316, 0.57568449655, 0.22357760987]
    ],
    [
      [0.6028211291, 0.10759442366, 0.22030737291, 0.069277074324],
      [0.028333205012, 0.0038834802494, 0.91118234205, 0.056600972691],
      [0.023673121995, 0.89751142654, 0.041595860796, 0.037219590672],
      [0.008181816103, 0.098660516572, 0.76147256856, 0.13168509876],
      [0.078285597376, 0.22269603185, 0.45561347734, 0.24340489343]
    ],
    [
      [0.51682740299, 0.1316210781, 0.28164980282, 0.0699017161],
      [0.016076043184, 0.0049181117246, 0.93438510012, 0.044620744973],
      [0.016697371795, 0.90856068001, 0.043789705247, 0.030952242946],
      [0.0056699888571, 0.097673011284, 0.78906077399, 0.10759622587],
      [0.057348175694, 0.23334996461, 0.49896020717, 0.21034165253]
    ],
    [
      [0.55878543365, 0.12486419377, 0.23799504197, 0.078355330617],
      [0.023324078501, 0.0045029305339, 0.91310258361, 0.059070407353],
      [0.019260464195, 0.90467332671, 0.03928618883, 0.036780020265],
      [0.0069762505156, 0.10483458817, 0.75196552077, 0.13622364055],
      [0.066369526364, 0.23522591054, 0.44799233632, 0.25041222677]
    ],
    [
      [0.71489833739, 0.077808201309, 0.14472514032, 0.062568320983],
      [0.047816529374, 0.0043438781666, 0.8747333589, 0.073106233559],
      [0.034335457574, 0.88094556101, 0.039219318702, 0.045499662713],
      [0.013705517042, 0.10168590002, 0.71482699352, 0.16978158942],
      [0.11920210483, 0.20820703655, 0.38747929554, 0.28511156308]
    ],
    [
      [0.71237397078, 0.081818201373, 0.16232332638, 0.043484501462],
      [0.041715426495, 0.006121584818, 0.90700198136, 0.045161007322],
      [0.037164750711, 0.89152230475, 0.040483690579, 0.030829253958],
      [0.013385944693, 0.10318695193, 0.76995780106, 0.11346930232],
      [0.12414603935, 0.22548310567, 0.44716119408, 0.2032096609]
    ],
    [
      [0.66100072065, 0.088089628727, 0.18870654146, 0.062203109165],
      [0.035213350602, 0.0038159537957, 0.90242146647, 0.05854922913],
      [0.031834595203, 0.88410163129, 0.043399531616, 0.040664241887],
      [0.010531007217, 0.094085379932, 0.75792654797, 0.13745706488],
      [0.098665076256, 0.20769425131, 0.44482988128, 0.24881079116]
    ],
    [
      [0.64702851557, 0.10643466802, 0.18709104777, 0.059445768632],
      [0.034134195488, 0.004709909744, 0.90603867569, 0.055117219074],
      [0.025805860984, 0.90511910414, 0.034354758608, 0.034720276269],
      [0.0099081196581, 0.11186181202, 0.74836596484, 0.12986410348],
      [0.091862923587, 0.24464473637, 0.43050185632, 0.23299048372]
    ],
    [
      [0.89521871522, 0.02734972207, 0.056793440411, 0.020638122302],
      [0.043689840862, 0.017127536949, 0.86454559377, 0.074637028415],
      [0.085760110931, 0.84194825658, 0.035049231028, 0.037242401464],
      [0.031447666009, 0.088981903666, 0.73429513836, 0.14527529197],
      [0.25979889747, 0.16742284653, 0.35072561714, 0.22205263887]
    ],
    [
      [0.60810676981, 0.095256999949, 0.23234551834, 0.064290711898],
      [0.027532235217, 0.0033233182612, 0.91946923017, 0.049675216349],
      [0.026786080942, 0.88540287086, 0.049137207078, 0.038673841122],
      [0.0081107168913, 0.085671253019, 0.78648635557, 0.11973167452],
      [0.080578041262, 0.20062977359, 0.48907672559, 0.22971545956]
    ],
    [
      [0.59571480086, 0.06102057354, 0.28547067056, 0.057793955039],
      [0.023146810131, 0.0036570962986, 0.93705577267, 0.036140320899],
      [0.037180374781, 0.8260352168, 0.08667991284, 0.050104495581],
      [0.0068341114153, 0.047973716279, 0.85080164295, 0.094390529353],
      [0.076455701013, 0.12636595322, 0.59320743145, 0.20397091431]
    ],
    [
      [0.46858682621, 0.090589705553, 0.32339018803, 0.11743328021],
      [0.0094220841421, 0.0074625748517, 0.92359798282, 0.059517358186],
      [0.020657237323, 0.84053194558, 0.068271726409, 0.070539090688],
      [0.0044652223992, 0.05808735728, 0.78142348226, 0.15602393806],
      [0.04589429492, 0.14077186246, 0.50298836944, 0.31034547318]
    ],
    [
      [0.57912896742, 0.079518982281, 0.28204971103, 0.059302339273],
      [0.021640521007, 0.0034880370003, 0.93903394009, 0.035837501898],
      [0.029895082043, 0.85881961384, 0.069643310226, 0.041641993892],
      [0.0067786450347, 0.062514206289, 0.83422462449, 0.096482524191],
      [0.073356969986, 0.15939970688, 0.56555244928, 0.20169087385]
    ],
    [
      [0.68470734116, 0.065015047757, 0.19241105913, 0.057866551957],
      [0.03536440221, 0.0024155220449, 0.90780639037, 0.054413685379],
      [0.040798341035, 0.85503494238, 0.056067552912, 0.048099163669],
      [0.010771369234, 0.070439960315, 0.78843365139, 0.13035501906],
      [0.10600172528, 0.16337257748, 0.483198327, 0.24742737024]
    ],
    [
      [0.72140394162, 0.057745937367, 0.17023721037, 0.050612910643],
      [0.038508621377, 0.0039870519471, 0.90415872012, 0.05334560656],
      [0.049271106087, 0.84666483381, 0.056341619883, 0.04772244022],
      [0.012975072071, 0.07079065462, 0.78747531876, 0.12875895455],
      [0.125217826, 0.16083362466, 0.47426263682, 0.23968591253]
    ],
    [
      [0.63878791541, 0.09418748596, 0.22027530425, 0.046749294383],
      [0.031243072408, 0.0049414472231, 0.93138255258, 0.032432927793],
      [0.028946901479, 0.89439833538, 0.047805125891, 0.028849637248],
      [0.0092288191463, 0.091511240421, 0.80526076256, 0.093999177876],
      [0.092885077711, 0.21702524114, 0.50743498862, 0.18265469253]
    ],
    [
      [0.59883727504, 0.13088678604, 0.20524240344, 0.065033535477],
      [0.030164339821, 0.0053157198598, 0.90808925771, 0.056430682607],
      [0.019850637625, 0.91793478995, 0.032717724357, 0.029496848072],
      [0.0084577351608, 0.12490571631, 0.73802640475, 0.12861014378],
      [0.077665110436, 0.27049660308, 0.42377410431, 0.22806418218]
    ],
    [
      [0.54220575519, 0.11912685681, 0.25528010823, 0.083387279768],
      [0.019751085955, 0.0040574204925, 0.9166607377, 0.059530755857],
      [0.019183421077, 0.89685360272, 0.043497792049, 0.040465184151],
      [0.0063350508603, 0.094256308445, 0.76258226128, 0.13682637942],
      [0.061696697291, 0.21655826393, 0.46408239372, 0.25766264507]
    ],
    [
      [0.61587423369, 0.10499292785, 0.20984022171, 0.069292616753],
      [0.029641402102, 0.0042016934291, 0.9081518549, 0.058005049565],
      [0.02560265748, 0.89512240966, 0.039417087695, 0.039857845165],
      [0.0086395008949, 0.099958708377, 0.75456320065, 0.13683859007],
      [0.081707052238, 0.22278910642, 0.44547409621, 0.25002974514]
    ],
    [
      [0.69608012466, 0.05578603427, 0.18686527502, 0.061268566052],
      [0.035800559621, 0.0014903667321, 0.90388631754, 0.058822756102],
      [0.047928491856, 0.8315083778, 0.062311182964, 0.05825194738],
      [0.011334471985, 0.061932350494, 0.78536456409, 0.14136861343],
      [0.11091280671, 0.14276972027, 0.47896972151, 0.26734775151]
    ],
    [
      [0.59481717455, 0.11850803031, 0.21722977579, 0.069445019359],
      [0.028277323349, 0.0046287156218, 0.91053780089, 0.056556160135],
      [0.021739697963, 0.9054964511, 0.037783418919, 0.03498043202],
      [0.0081737372011, 0.10899024214, 0.75076479183, 0.13207122883],
      [0.076800752867, 0.24127123433, 0.4421688246, 0.23975918821]
    ],
    [
      [0.55716335506, 0.032573771941, 0.3176104266, 0.092652446407],
      [0.016580175046, 0.00085006804322, 0.93205705291, 0.050512703996],
      [0.069785872885, 0.70487328376, 0.11348320853, 0.11185763482],
      [0.0052561146991, 0.021865466661, 0.84144702808, 0.13143139056],
      [0.059760741797, 0.058356829547, 0.58610956537, 0.29577286328]
    ],
    [
      [0.66777311269, 0.16281999526, 0.089301389436, 0.080105502613],
      [0, 0.0096544830724, 0.66621758639, 0.32412793054],
      [0, 0.99988767281, 1.5977230238e-05, 9.6349964577e-05],
      [0.0001912488799, 0.69220448821, 0.097787301913, 0.20981696099],
      [0, 0.97114887798, 0.0013312636027, 0.02751985842]
    ],
    [
      [0.35057283018, 0.11740395451, 0.24586659251, 0.28615662279],
      [0.0026664248585, 0.027545510872, 0.87780344993, 0.091984614342],
      [0.011108349707, 0.82474690296, 0.037998077804, 0.12614666953],
      [0.0030851846626, 0.071001402595, 0.5640711595, 0.36184225324],
      [0.024515798808, 0.13381432194, 0.28026281954, 0.56140705971]
    ],
    [
      [0.50103837343, 0.134590329, 0.27418130356, 0.090189994014],
      [0.019098956975, 0.0042048216145, 0.91797690862, 0.058719312791],
      [0.010793336428, 0.90398800325, 0.045127469422, 0.040091190898],
      [0.0055287511459, 0.099115961072, 0.75807886623, 0.13727642155],
      [0.053691788911, 0.2268005746, 0.46187849563, 0.25762914085]
    ],
    [
      [0.61269057287, 0.096127142374, 0.2344558391, 0.056726445656],
      [0.027754366198, 0.0028449231249, 0.9264320061, 0.042968704579],
      [0.026313144393, 0.89125696765, 0.048765203041, 0.033664684915],
      [0.0080893637257, 0.086528412405, 0.79928697577, 0.1060952481],
      [0.081859548952, 0.20657656519, 0.50420506212, 0.20735882373]
    ],
    [
      [0.72977844093, 0.060792338246, 0.16493556067, 0.044493660155],
      [0.038368044904, 0.0058967721613, 0.90831108472, 0.047424098215],
      [0.049533496811, 0.856133577, 0.053401767709, 0.040931158482],
      [0.013918003438, 0.077611831352, 0.79101939877, 0.11745076644],
      [0.13323464689, 0.17497038763, 0.47466099998, 0.2171339655]
    ],
    [
      [0.57793662039, 0.076790704177, 0.2684739443, 0.076798731138],
      [0.022288765016, 0.0024474033498, 0.92418435248, 0.05107947915],
      [0.031447979381, 0.85028719945, 0.063382333336, 0.054882487835],
      [0.00681667001, 0.061011197361, 0.80575519632, 0.12641693631],
      [0.070985385867, 0.14975033822, 0.52440755474, 0.25485672117]
    ]
  ],
  "expected_outcome": [
    [
      [51.4945433307, 2.685259791, 13.7377823447, 2.7390716547, 13.0127360205, 63.3823786365, 140.1937708319, 18.4832508417, 50.9036817727, 15.3647489334, 31.8365393281, 20.0262625987, 28.2251936363, 41.5327988507, 13.6244509302, 27.9822559097, 16.4998171818, 46.6799580174, 14.5406895624, 29.538235326, 16.5384768956, 28.4980571162, 30.0257301704, 101.8694778218, 98.4891073762, 25.2341121073, 0.89521871522, 18.8513098641, 11.9142960172, 22.4921676579, 31.2729642407, 11.6400247997, 19.4779064237, 45.353941994, 24.5523282767, 18.9772014318, 23.4032208801, 34.8040062328, 80.8951357384, 9.471777036, 0, 1.0517184905, 127.2637468508, 20.2187889048, 129.170784044, 49.7025493532],
      [4.9474233568, 0.66657042526, 3.0800471479, 0.17800468514, 3.8771871636, 7.1715958235, 15.2345808177, 4.7602351819, 12.828563138, 2.9047981217, 5.9492820418, 2.2905558623, 8.0464393308, 7.3759022734, 3.3192607475, 5.3986557204, 4.2950693593, 5.8937523181, 1.3880430682, 5.2721267595, 4.2118744991, 6.368073882, 3.267944455, 11.7000027963, 13.1253546803, 4.150952053, 0.02734972207, 2.9529669984, 1.2204114708, 4.3483058665, 4.2940250432, 1.1052558119, 1.5591403089, 6.6873115031, 5.3663582277, 4.1694399882, 3.9897312582, 2.7893017135, 16.1170921216, 0.553754123, 0, 0.35221186353, 34.1859435648, 3.1721956984, 10.7602438696, 6.6040005592],
      [10.1814458572, 0.75309178445, 6.6559008943, 0.059307788503, 5.320220427, 11.0313909985, 44.176167704, 6.3891908633, 25.404742493, 6.8020121427, 10.743856893, 6.3474350411, 9.9536450744, 13.0017154123, 4.8905069039, 9.1302029127, 9.037147881, 17.9889228925, 6.5700983088, 10.7950612727, 9.0127936901, 12.1377471403, 6.0784558933, 23.2122356729, 28.1172746779, 7.2965508631, 0.056793440411, 7.2027110686, 5.7094134113, 15.5227290253, 15.2306843954, 3.2709880051, 4.59640468, 15.6395466017, 8.414938541, 8.9348037881, 7.9739284251, 9.3432637511, 29.5432495072, 5.3993772521, 0, 0.73759977754, 69.642051105, 7.7370426902, 29.193594239, 23.0887592098],
      [3.3765874553, 0.8950779993, 2.5262696131, 0.023615871609, 1.7898563889, 3.4146345415, 14.3954806464, 2.3673231132, 8.8630125963, 1.9284408021, 3.470321737, 1.3357464978, 3.7747219585, 5.0895834636, 2.1657814185, 2.4888854573, 3.167965578, 4.437366772, 1.5011690607, 3.3945766419, 2.2368549152, 3.9961218615, 2.6278694813, 6.218283709, 9.2682632656, 2.3183849767, 0.020638122302, 1.9930120688, 1.1558791008, 5.6367974503, 3.2023263207, 0.98373138327, 1.3665485874, 3.3191999012, 2.6663749546, 2.9185547919, 2.6331194366, 3.0634283026, 9.4445226328, 1.5750915889, 0, 0.85846986838, 22.9082584795, 1.8719727067, 7.8753778475, 6.6046908778]
    ],
    [
      [18.3451342035, 3.1102730203, 4.8167007459, 2.9840403972, 3.2052745574, 8.7982672205, 12.4010041807, 6.0334182407, 9.8953478112, 3.7972249444, 7.9539580799, 3.9189054879, 6.4105794497, 7.7422696121, 4.1293151435, 7.1730298192, 2.9567280027, 12.416414889, 8.2859846598, 10.8799507246, 5.1282577758, 13.5046414522, 9.3720397574, 22.8183382927, 19.5434095839, 1.7749781654, 1.6165241119, 16.023760896, 4.1432790134, 3.2883073656, 15.061802621, 9.583752999, 14.7102933659, 17.5586066933, 11.6735995106, 4.5032475977, 6.372901452, 6.8379068877, 19.511353111, 0.36476385102, 0, 0.44795937624, 22.2311859183, 5.8839256339, 37.8692603207, 3.7222237577],
      [1.4592852637, 1.5134466003, 1.2416045335, 0.49291231335, 0.79525987158, 0.82527373436, 1.1073993732, 1.3843608413, 2.0510504763, 0.39508666499, 1.2282920803, 0.32684039499, 1.5098646152, 1.1360999012, 0.83765421788, 1.1477078085, 0.63887807244, 1.2222298479, 0.21757573876, 1.4912564158, 1.5688776401, 2.6071967791, 0.85140012066, 3.3485068954, 2.1178543566, 0.24491530669, 0.63371886711, 1.934171228, 0.65462023744, 2.6044386232, 2.4276737522, 0.65460647417, 1.5230538438, 2.7770933394, 2.0571835857, 0.9250918723, 0.90336408726, 0.28466004583, 3.193813779, 0.018701496951, 0.028963449217, 4.6276458264, 4.8944123593, 0.60312370248, 5.8201141232, 0.40871635942],
      [323.3947577136, 71.62623969, 236.7702005351, 12.6612402731, 118.3217950698, 137.1671180817, 344.6828078523, 186.8961730607, 436.4920338715, 153.0472026559, 238.866358957, 110.627945334, 201.2942104351, 215.7598659357, 133.6054988105, 209.619540778, 145.5532234561, 415.5930952722, 328.0770757988, 349.8940193461, 298.0688469376, 528.6863959116, 171.4477383444, 496.1300838066, 500.8439138925, 47.114011136, 31.9881869697, 535.1310919606, 167.7329833083, 322.3356960043, 653.5676223058, 246.0155317891, 345.3886310842, 523.4369945474, 351.4305427348, 208.9986481946, 195.2526488043, 172.642286651, 628.2710826167, 20.5052551641, 1.9986527592, 147.4709795879, 1068.5251216335, 196.4035852929, 896.5030406183, 154.3387868647],
      [20.8008228192, 9.7500406893, 17.1714941854, 0.86180701642, 7.6776705012, 8.2093409634, 21.8087885937, 13.6860478573, 29.5615678409, 8.7604857347, 14.9513908827, 4.1263087832, 14.7853455001, 16.3617645511, 11.4275318281, 11.0597215944, 9.8511704688, 19.7682599909, 14.4193638026, 21.7347735135, 14.2340176464, 34.2017658572, 14.3288217776, 24.7030710052, 32.494822167, 2.8660953919, 2.7615700513, 28.9109759154, 6.4691174409, 20.7715580069, 24.942901321, 14.7461087377, 20.3780217061, 18.2273054198, 21.8386741689, 13.5730123354, 12.4710856565, 11.2351464155, 39.0237504932, 1.1112794879, 0.97238379162, 15.4534152094, 68.3492800889, 9.1093653707, 46.8075849378, 8.5302730181]
    ],
    [
      [13.0810059208, 0.48419241291, 4.414833025, 0, 3.6587501268, 10.7865768871, 27.0885493461, 2.8320180813, 7.3159825152, 3.3749381305, 13.618790628, 3.6340543744, 7.5330800862, 11.8518559517, 5.3725267825, 7.1779474241, 3.0121248681, 8.275265631, 3.0742703994, 3.5983145432, 2.2207504487, 4.6995532635, 7.8628197846, 12.859003746, 13.8798835084, 3.277344345, 2.3155229951, 5.5982909169, 4.6847272224, 4.7511645844, 11.091075438, 2.9782788956, 8.2282747165, 9.2919553748, 4.5259453784, 3.222814741, 5.9398165354, 4.5052782344, 18.1091684033, 1.6748609492, 0, 0.84423457775, 12.7361369851, 3.7627796482, 35.8622516913, 8.8368822061],
      [323.5322189999, 29.4630078688, 210.143707433, 21.8642340724, 287.2489326371, 283.2666025541, 625.3158197537, 156.4342410971, 490.1557602314, 137.5310066751, 525.7229186284, 91.3525899262, 510.2003491075, 431.5322969471, 290.0081317708, 282.11341653, 227.5244910149, 219.7230879324, 63.8194988753, 136.4217368337, 120.8385704416, 220.7402917174, 201.7365334716, 308.4667174438, 385.4683112446, 114.9501262256, 22.7326029276, 185.0492000092, 104.0804373166, 193.3223474831, 318.6220767343, 62.417550794, 141.3930272462, 287.1018656577, 209.2891321079, 150.6714052573, 207.6683990409, 78.1617875132, 754.2785437651, 16.9169588103, 0.99988767281, 62.6807646251, 1066.7058438374, 127.449746374, 619.8407097469, 238.9307030447],
      [16.3855175547, 0.69304254434, 10.3032012943, 0.12904375704, 8.4465311427, 9.5885796295, 41.5293935674, 4.7348136166, 23.2637569424, 7.2373942604, 21.4026972443, 5.6261320878, 12.7726381888, 17.1637583893, 9.4554649966, 10.8275858767, 11.3365123396, 15.2789494872, 6.7259275643, 6.322570841, 5.8240307978, 9.5858300745, 8.9812239827, 14.0073569405, 18.9221957845, 4.3630543433, 0.94632923775, 10.2696762794, 10.9216690178, 15.7024970742, 25.8376680937, 4.0929313626, 9.4090505205, 15.3454454109, 7.4596411533, 7.3076290643, 9.1447643453, 5.8572511986, 31.4735879593, 2.7235970046, 1.5977230238e-05, 2.8878539131, 53.2504139176, 6.9734240349, 38.662879821, 17.8104356674],
      [15.0012575246, 2.359757174, 11.1382582477, 0.0067221705191, 8.6457860935, 8.3582409293, 38.0662373329, 4.998927205, 22.264500311, 5.8566609339, 20.2555934992, 3.3872236116, 15.4939326176, 19.452088712, 12.1638764501, 7.8810501692, 11.1268717773, 10.7226969494, 4.3803031609, 5.6573777821, 4.1166483118, 8.9743249446, 10.4194227612, 10.6669218696, 17.7296094625, 4.4094750861, 1.0055448395, 8.0828327945, 6.3131664432, 16.2239908583, 15.449179734, 3.5112389479, 7.9696475168, 9.2607335567, 6.7252813604, 6.7981509374, 9.2470200783, 5.4756830537, 29.1386998723, 2.6845832358, 9.6349964577e-05, 9.587146884, 47.3076052598, 4.8140499428, 29.6341587408, 15.4219790817]
    ],
    [
      [0.53775656921, 0.020328106233, 0.14462652922, 0, 0.075466364074, 0.2143337876, 0.27512586321, 0.18319466615, 0.35155559223, 0.068430301983, 0.16606496467, 0.088637473984, 0.194778468, 0.17350437202, 0.13622677006, 0.19119140639, 0.075339690156, 0.29061287971, 0.1661970826, 0.2863635636, 0.13040974371, 0.25812126908, 0.32893240902, 0.54882373243, 0.4317712959, 0.04954059829, 0.094342998028, 0.22710007296, 0.12301400547, 0.20986545276, 0.3118176716, 0.19388464621, 0.32437680178, 0.59987324451, 0.35522487675, 0.10136081376, 0.19870852058, 0.19268602375, 0.42503433446, 0.010512229398, 0, 0.043192585276, 0.54734636345, 0.16987663824, 0.84899820974, 0.04090002006],
      [3.4884076442, 0.36485251551, 2.1966932955, 0, 1.5284057789, 1.6407346431, 2.0009960711, 3.210432464, 5.9374719784, 0.8825465214, 2.0902050824, 0.69832293034, 3.7404318177, 2.0756693274, 2.2553904977, 2.4959845774, 1.3282030209, 2.4695188573, 1.080438551, 3.45311808, 2.2464792595, 3.8788797623, 2.4404616004, 4.230665029, 3.8575005772, 0.55930906012, 0.266945711, 2.3987950845, 0.86352689302, 2.7301057922, 2.8756534893, 1.2679192857, 1.7697663655, 5.9482306274, 5.2460400849, 1.5081009351, 2.2990502927, 1.0528499584, 5.6674925914, 0.043730933323, 0, 0.99401963633, 9.8124801461, 1.8170966605, 4.7343217125, 0.36606718417],
      [27.0424082851, 1.5783150221, 17.9209503797, 0, 7.932781015, 9.5263821977, 21.8140641598, 16.2906137424, 44.2237140696, 7.8317246541, 14.2198732616, 7.3656446049, 17.4319702032, 13.7851485838, 12.5557010227, 15.9284776412, 10.5645448267, 28.389554803, 19.3265719558, 26.6515398997, 18.1483978017, 27.8227242683, 17.1558478444, 31.5682698435, 31.074988467, 3.7418298242, 2.2028854151, 22.021617956, 15.3144295731, 36.7269036663, 38.3743327263, 14.1918057251, 19.6868829691, 52.3419495662, 30.9971089996, 12.2013161804, 17.3549536151, 13.3511975895, 39.039769175, 1.6828940562, 0, 7.896996233, 75.0498077565, 16.7850264911, 48.2521833252, 4.8345311779],
      [4.9314275015, 1.0365043562, 3.7377297956, 0, 1.463346842, 1.6185493716, 3.909813906, 3.3157591275, 8.4872583598, 1.2172985225, 2.5238566913, 0.84739499078, 3.6328195111, 2.9656777167, 3.0526817096, 2.384346375, 2.0319124622, 3.85031346, 2.4267924106, 4.6089784567, 2.4747131951, 5.0402747003, 4.0747581461, 4.6522413951, 5.6357396599, 0.6493205174, 0.4358258759, 3.3524868865, 1.6990295284, 7.3331250888, 4.4381961128, 2.346390343, 3.2189738637, 6.1099465619, 5.4016260388, 2.1892220707, 3.1472875717, 2.4032664283, 6.8677038991, 0.26286278111, 0, 5.0657915454, 13.5903657339, 2.2280002102, 7.1644967526, 0.75850161784]
    ],
    [
      [9.5415599758, 0.69994666953, 2.8860573551, 0.2768879481, 3.0477729312, 7.8184434683, 13.0415497781, 2.4681181702, 5.5334323086, 2.3946576897, 7.4246469993, 2.332140065, 5.6363683599, 6.6995712135, 3.7374803738, 5.4755754407, 2.4559902573, 6.3377485829, 2.9328582958, 4.6971358425, 2.9821051361, 6.0396268991, 4.4104778787, 13.904356407, 10.6558282356, 2.664024784, 2.0783911797, 8.29953825, 3.1346837415, 3.2584949393, 7.2623400286, 3.6040586595, 5.259148692, 9.1956226934, 4.8929019575, 4.1953754158, 4.0853526119, 3.6601226214, 11.0593084129, 0.47808593438, 0, 0.6128949702, 11.2215838824, 1.9646291748, 24.2487057343, 2.697444663],
      [14.5726647354, 2.9921225901, 10.33794759, 0.46484892908, 14.5502145489, 14.0957932449, 22.3412039843, 10.2107304157, 22.0271541759, 7.2865620167, 22.009302167, 4.3316908861, 25.5029151288, 18.880031551, 14.5795627661, 16.8442353638, 10.2133585324, 12.6914110443, 4.4944437668, 13.3617619111, 12.1341981596, 21.4055578591, 7.7036603524, 25.2541078355, 22.4309791413, 7.0946973546, 1.3393827722, 20.6648666798, 5.1810040822, 9.9948022349, 15.7805709811, 5.5546676343, 6.7550122356, 21.4854988725, 17.0412859938, 14.725961947, 11.1394553209, 4.711400769, 34.7430577429, 0.46685463638, 0.97114887798, 3.3453580486, 47.4013200924, 4.9578375646, 31.8446105479, 5.6905128525],
      [29.9958705894, 3.3493109592, 22.3497468967, 0.15040818137, 19.9786723455, 21.6865290926, 64.7975667165, 13.6892087171, 43.6157526235, 17.0816662868, 39.767213644, 12.0328429322, 31.5475360985, 33.2895116789, 21.4928282664, 28.4941927914, 21.5085714965, 38.7494775451, 21.3003263722, 27.3368086406, 25.9459307728, 40.7673026053, 14.3367339351, 50.0820537365, 48.0416271781, 12.4845538334, 2.8058049371, 50.3749027354, 24.3215046895, 35.71217423, 55.9896924788, 16.4287431181, 19.9190307463, 50.2360638737, 26.6977685713, 31.5576027727, 22.2737048103, 15.8060008097, 63.6723107417, 4.688876523, 0.0013312636027, 7.0065704885, 96.5326055874, 12.1009214909, 86.3883019965, 19.9274870801],
      [16.8899046994, 6.9586197812, 14.4262481582, 0.10785494145, 11.4233401744, 11.3992341942, 35.8196795211, 8.631942697, 25.823660892, 8.2371140068, 21.7988371897, 4.3033261166, 20.3131804127, 22.1308855566, 16.1901285938, 13.1859964042, 12.8220797138, 16.2213628277, 8.2723715652, 14.6042936058, 10.9377659315, 22.7875126364, 10.5491278338, 22.759482021, 26.8715654449, 6.756724028, 1.7764211109, 23.6606923348, 8.3628074868, 22.0345285958, 19.9673965115, 8.4125305882, 10.0668083261, 18.0828145604, 14.3680434774, 17.5210598646, 12.5014872569, 8.8224757999, 34.5253231025, 2.3661829063, 0.02751985842, 14.0351764928, 53.8444904379, 4.9766117696, 39.5183817213, 9.6845554044]
    ]
  ],
  "prob": [
    [0.61817657911, 0.099030949611, 0.21527577699, 0.067516694282],
    [0.029900081199, 0.0039172856406, 0.91057360465, 0.055609028512],
    [0.027011756176, 0.88858763602, 0.044651925279, 0.03974868253],
    [0.0088045268283, 0.093879952079, 0.76513249262, 0.13218302848],
    [0.084255705254, 0.21160027539, 0.45977629042, 0.24436772894]
  ],
  "iterations": 109,
  "time": 3.069874,
  "message": "Converged",
  "status": 0,
  "miniter": 0,
  "maxiter": 1000,
  "maxtime": 3600,
  "param_threshold": 0.001,
  "ll_threshold": "-Inf",
  "initial_prob": "random",
  "adjust_prob_cond_method": "lp",
  "adjust_prob_cond_every": false,
  "candidates_id": ["HORROCKS, Virginia Jacqueline Ormond.c", "QUINN, Bernard Paul.c", "MALLARD, Trevor Colin.c", "Other candidates votes.c"],
  "group_id": ["Green Party.p", "Labour Party.p", "National Party.p", "New Zealand First Party.p", "Other parties votes.p"]
}
