{
  "X": [
    [0, 2, 6, 2],
    [0, 0, 10, 0],
    [27, 157, 441, 45],
    [4, 35, 112, 13],
    [4, 31, 105, 12],
    [1, 4, 4, 0],
    [1, 3, 12, 0],
    [7, 25, 117, 12],
    [0, 7, 39, 3],
    [4, 88, 193, 17],
    [20, 46, 167, 14],
    [3, 9, 25, 7],
    [12, 4, 74, 5],
    [4, 5, 17, 3],
    [81, 397, 1597, 190],
    [1, 29, 46, 2],
    [7, 35, 141, 16],
    [3, 13, 23, 7],
    [1, 0, 5, 1],
    [5, 7, 17, 0],
    [9, 24, 93, 9],
    [1, 16, 130, 7],
    [43, 124, 865, 91],
    [14, 42, 206, 17],
    [16, 21, 113, 17],
    [3, 22, 60, 9],
    [5, 3, 23, 1],
    [0, 1, 5, 0],
    [1, 6, 76, 9],
    [0, 52, 75, 7],
    [19, 140, 297, 38],
    [40, 421, 1002, 79],
    [30, 122, 419, 62],
    [17, 77, 405, 46],
    [16, 44, 282, 22],
    [13, 54, 216, 24],
    [2, 5, 29, 8],
    [63, 204, 1324, 144],
    [1, 12, 52, 4],
    [19, 59, 274, 34],
    [15, 115, 287, 24],
    [14, 85, 368, 27],
    [9, 59, 147, 7],
    [301, 2171, 7050, 786],
    [12, 65, 223, 18],
    [0, 2, 13, 1],
    [24, 94, 297, 25],
    [9, 21, 67, 5],
    [5, 20, 112, 12],
    [4, 9, 35, 3],
    [1, 59, 190, 23],
    [3, 78, 166, 25],
    [4, 36, 93, 17],
    [6, 35, 59, 9],
    [3, 45, 96, 20],
    [6, 126, 203, 37],
    [6, 36, 154, 31],
    [1, 0, 13, 2],
    [1, 27, 34, 6],
    [2, 9, 42, 8],
    [0, 1, 4, 1],
    [1, 96, 177, 31],
    [2, 1, 8, 2],
    [0, 5, 11, 2],
    [9, 29, 119, 14],
    [0, 0, 7, 0],
    [6, 87, 90, 42],
    [6, 45, 168, 35],
    [0, 2, 7, 0],
    [1, 2, 3, 1],
    [10, 50, 215, 39],
    [7, 39, 191, 29],
    [21, 36, 280, 44],
    [8, 94, 243, 34],
    [1, 3, 13, 0],
    [1, 1, 13, 2],
    [12, 70, 202, 36],
    [11, 18, 132, 19],
    [3, 87, 137, 11],
    [1, 26, 38, 7],
    [20, 279, 487, 73],
    [9, 68, 134, 16],
    [15, 89, 268, 34],
    [18, 118, 315, 85],
    [12, 91, 289, 54],
    [12, 54, 156, 25],
    [9, 24, 189, 27],
    [14, 70, 174, 32],
    [12, 110, 306, 31],
    [5, 27, 66, 10],
    [2, 125, 284, 51],
    [9, 94, 226, 20],
    [1, 44, 110, 23],
    [4, 42, 113, 9],
    [27, 124, 438, 69],
    [5, 61, 161, 34],
    [6, 56, 185, 25],
    [7, 61, 226, 28],
    [2, 2, 23, 2],
    [88, 122, 513, 52],
    [187, 575, 2306, 369],
    [122, 349, 1425, 305],
    [1, 5, 19, 4]
  ],
  "W": [
    [1, 0, 5, 3, 1],
    [0, 0, 9, 1, 0],
    [29, 50, 402, 145, 44],
    [6, 19, 91, 34, 14],
    [9, 16, 82, 34, 11],
    [0, 0, 5, 4, 0],
    [0, 4, 8, 4, 0],
    [12, 16, 91, 25, 17],
    [2, 3, 32, 8, 4],
    [19, 23, 161, 85, 14],
    [10, 26, 151, 40, 20],
    [4, 5, 22, 10, 3],
    [1, 34, 42, 6, 12],
    [0, 1, 21, 3, 4],
    [86, 132, 1486, 393, 168],
    [15, 10, 27, 24, 2],
    [14, 18, 122, 36, 9],
    [2, 3, 19, 11, 11],
    [0, 0, 7, 0, 0],
    [1, 7, 13, 3, 5],
    [10, 11, 85, 19, 10],
    [4, 15, 116, 13, 6],
    [41, 103, 770, 115, 94],
    [18, 13, 184, 41, 23],
    [8, 18, 99, 23, 19],
    [8, 2, 58, 15, 11],
    [2, 3, 20, 5, 2],
    [0, 0, 6, 0, 0],
    [1, 5, 68, 5, 13],
    [12, 4, 57, 51, 10],
    [53, 54, 214, 122, 51],
    [127, 153, 813, 361, 88],
    [34, 38, 375, 115, 71],
    [27, 51, 335, 86, 46],
    [12, 28, 258, 45, 21],
    [10, 16, 205, 55, 21],
    [3, 2, 27, 2, 10],
    [47, 117, 1197, 216, 158],
    [6, 11, 38, 12, 2],
    [20, 25, 252, 61, 28],
    [45, 27, 233, 102, 34],
    [27, 24, 324, 75, 44],
    [15, 19, 111, 57, 20],
    [639, 595, 6174, 2040, 860],
    [21, 17, 189, 62, 29],
    [1, 1, 10, 2, 2],
    [29, 65, 225, 86, 35],
    [6, 25, 47, 17, 7],
    [8, 23, 84, 19, 15],
    [11, 7, 29, 2, 2],
    [3, 2, 169, 70, 29],
    [20, 12, 132, 80, 28],
    [8, 14, 78, 33, 17],
    [7, 7, 54, 35, 6],
    [15, 10, 77, 38, 24],
    [32, 15, 162, 122, 41],
    [17, 13, 125, 35, 37],
    [0, 1, 14, 0, 1],
    [4, 1, 30, 26, 7],
    [4, 3, 38, 6, 10],
    [0, 0, 4, 2, 0],
    [31, 9, 142, 92, 31],
    [0, 0, 12, 1, 0],
    [0, 1, 9, 6, 2],
    [3, 10, 111, 34, 13],
    [0, 0, 6, 1, 0],
    [33, 12, 67, 88, 25],
    [31, 13, 137, 32, 41],
    [0, 1, 6, 1, 1],
    [0, 1, 2, 3, 1],
    [10, 33, 171, 54, 46],
    [4, 15, 162, 42, 43],
    [12, 51, 231, 41, 46],
    [32, 22, 203, 81, 41],
    [3, 3, 10, 1, 0],
    [2, 2, 8, 1, 4],
    [26, 38, 159, 62, 35],
    [4, 17, 111, 21, 27],
    [26, 6, 97, 91, 18],
    [9, 1, 28, 22, 12],
    [98, 60, 364, 243, 94],
    [16, 16, 102, 71, 22],
    [27, 32, 216, 78, 53],
    [38, 30, 281, 110, 77],
    [29, 31, 226, 91, 69],
    [23, 10, 138, 55, 21],
    [6, 17, 168, 26, 32],
    [25, 17, 144, 50, 54],
    [40, 24, 253, 101, 41],
    [11, 9, 58, 22, 8],
    [45, 25, 217, 121, 54],
    [27, 17, 189, 81, 35],
    [18, 13, 83, 38, 26],
    [8, 2, 95, 39, 24],
    [50, 26, 386, 125, 71],
    [19, 14, 134, 59, 35],
    [15, 16, 150, 58, 33],
    [31, 24, 170, 60, 37],
    [0, 2, 22, 2, 3],
    [28, 143, 442, 100, 62],
    [154, 285, 2047, 550, 401],
    [98, 132, 1329, 351, 291],
    [1, 2, 16, 5, 5]
  ],
  "method": "mvn_pdf",
  "cond_prob": [
    [
      [0, 0.40791111507, 0.36649014469, 0.22559874024],
      [0, 0.0052813370684, 0.9857374933, 0.0089811696342],
      [0, 0.015089350265, 0.91917990931, 0.065730740427],
      [0, 0.50421995259, 0.3255153107, 0.17026473672],
      [0, 0.0039822758431, 0.061064376686, 0.93495334747]
    ],
    [
      [6.738015785e-06, 0.02373896664, 0.95801986032, 0.018234435022],
      [0.0021371189171, 0.00046480224963, 0.99678098488, 0.00061709395483],
      [0, 0, 1, 0],
      [0, 0, 1, 0],
      [0.0018772519743, 0.0013813160005, 0.93527168434, 0.061469747688]
    ],
    [
      [8.5464620942e-05, 0.77368081388, 0.1837440191, 0.042489702407],
      [0.24186397483, 0.034398532494, 0.71771138619, 0.0060261064842],
      [0.035374719623, 0.029995235657, 0.89441956264, 0.040210482078],
      [0.00036806732348, 0.81424248838, 0.15257086018, 0.032818584123],
      [0.014325357586, 0.061820096007, 0.41150943702, 0.51234510938]
    ],
    [
      [0, 0.74895982273, 0.20386411524, 0.047176062023],
      [0.14254256977, 0.03223745904, 0.81796807415, 0.0072518970387],
      [0.013164137973, 0.024834601159, 0.91909500065, 0.042906260223],
      [0, 0.79151683439, 0.17121120431, 0.037271961297],
      [0.0066967584863, 0.051586304785, 0.41261399246, 0.52910294427]
    ],
    [
      [0, 0.63484806706, 0.29751909038, 0.067632842559],
      [0.15461054126, 0.018893247684, 0.81932423945, 0.0071719716064],
      [0.017553643757, 0.014338655657, 0.92524560048, 0.042862100108],
      [0, 0.69017443511, 0.25518447607, 0.054641088815],
      [0.0078938683528, 0.031124988711, 0.42424808451, 0.53673305843]
    ],
    [
      [5.2320581751e-05, 0.9360931344, 0.061409419899, 0.0024451251199],
      [1, 0, 0, 0],
      [0.2, 0.094043431774, 0.70595656823, 0],
      [0, 0.88244571028, 0.11755428972, 0],
      [0.19047152522, 0.13861710664, 0.57761140695, 0.093299961182]
    ],
    [
      [1.6241336422e-05, 0.690928294, 0.29995661471, 0.0090988499563],
      [0.15686614588, 0.0049852977928, 0.83814855633, 0],
      [0.038653147766, 0, 0.96134685223, 0],
      [0.015827558587, 0.74501470221, 0.23915773921, 0],
      [0.013366974143, 0.038756307252, 0.82310197667, 0.12477474193]
    ],
    [
      [0.00050159899237, 0.58697963398, 0.35652108251, 0.055997684515],
      [0.22422051333, 0.013687229613, 0.75768148286, 0.0044107742012],
      [0.034180144346, 0.012062766741, 0.92499871773, 0.02875837118],
      [0.0010522602086, 0.64575250124, 0.30812818465, 0.045067053902],
      [0.015867821066, 0.029160259652, 0.51298560906, 0.44198631022]
    ],
    [
      [0, 0.60295453232, 0.35104489747, 0.046000570208],
      [0, 0.082022600431, 0.91338334169, 0.0045940578747],
      [0, 0.0042511852995, 0.96742044973, 0.028328364975],
      [0, 0.66113970126, 0.30145627034, 0.037404028395],
      [0, 0.030716898598, 0.5471639065, 0.4221191949]
    ],
    [
      [0, 0.75370533202, 0.20344406382, 0.042850604157],
      [0.12466636497, 0.034779213292, 0.8340964478, 0.0064579739379],
      [0.0065036018712, 0.028653905276, 0.92653715886, 0.038305333995],
      [0, 0.79371780625, 0.17269341399, 0.033588779758],
      [0.006113836033, 0.057170321814, 0.43563726588, 0.50107857627]
    ],
    [
      [0, 0.76759705087, 0.19935165704, 0.033051292089],
      [0.41062383681, 0.023978073569, 0.56231704685, 0.0030810427747],
      [0.057370218135, 0.02776395911, 0.88843942508, 0.026426397677],
      [0, 0.80607150173, 0.16882677981, 0.025101718456],
      [0.033043865232, 0.063269084179, 0.47394079162, 0.42974625897]
    ],
    [
      [0.0016974219807, 0.52590490262, 0.24252744167, 0.22987023373],
      [0.35248204353, 0.018040821644, 0.62373263333, 0.0057445014928],
      [0.053077228149, 0.033264446511, 0.831800721, 0.081857604343],
      [0.0042374370035, 0.60408927289, 0.22519589118, 0.16647739893],
      [0.0069089016982, 0.011155243067, 0.11988409765, 0.86205175758]
    ],
    [
      [0.00014152263497, 0.46692089593, 0.48494305346, 0.047994527972],
      [0.28764641454, 0.0026893389961, 0.70914403214, 0.00052021432628],
      [0.04536333763, 0.0010997030428, 0.93843804573, 0.015098913599],
      [0.00060902500155, 0.53122371379, 0.4291869489, 0.038980312309],
      [0.025913837714, 0.017342647307, 0.61788668665, 0.33885682833]
    ],
    [
      [4.6296169237e-05, 0.96697139729, 0.026243208267, 0.0067390982721],
      [0.90643018978, 0.011620850523, 0.079890774702, 0.002058184991],
      [0.12753971423, 0.075479869456, 0.74109707604, 0.055883340279],
      [0, 0.94286488589, 0.047835977193, 0.0092991369207],
      [0.10380895286, 0.14367680831, 0.30339067424, 0.4491235646]
    ],
    [
      [3.5370839815e-05, 0.7010502634, 0.2352148431, 0.063699522657],
      [0.23077447477, 0.025256380402, 0.73673973974, 0.0072294050809],
      [0.032564674029, 0.02117874893, 0.89921112707, 0.047045449972],
      [0.00010254832579, 0.75047856301, 0.19945967596, 0.049959212706],
      [0.012519763921, 0.041465112858, 0.38634815697, 0.55966696625]
    ],
    [
      [0, 0.68912888779, 0.2838099826, 0.027061129607],
      [0.098683305386, 0.023661614408, 0.87579536728, 0.0018597129225],
      [0, 0.023809272256, 0.96123926177, 0.01495146597],
      [0, 0.73681694211, 0.24361894121, 0.019564116686],
      [0.0065834730722, 0.049996788828, 0.59229096559, 0.35112877251]
    ],
    [
      [0.00018277815991, 0.61143564844, 0.29679723132, 0.09158434208],
      [0.19771520677, 0.017664782719, 0.77617844665, 0.0084415638538],
      [0.027367373389, 0.014510843643, 0.90536760803, 0.052754174942],
      [0.00046269240828, 0.67007471866, 0.25640039485, 0.073062194082],
      [0.009232322634, 0.02543578184, 0.35426270312, 0.61106919241]
    ],
    [
      [0, 0.84560622719, 0.12351794967, 0.030875823142],
      [0.47532355111, 0.030491187062, 0.48943582148, 0.0047494403465],
      [0.067897197524, 0.039738823167, 0.84984211137, 0.042521867944],
      [0, 0.87608906373, 0.098998190579, 0.024912745695],
      [0.02581659943, 0.07502696757, 0.36806149308, 0.53109493992]
    ],
    [
      [2.7986996542e-12, 0.99999099753, 2.985949158e-10, 9.0021723448e-06],
      [0.9999146967, 1.2800010284e-08, 8.2419241312e-05, 2.8712548987e-06],
      [0.14285714286, 4.6311653864e-21, 0.71428571429, 0.14285714286],
      [1.2999801539e-24, 1, 4.4765567265e-24, 5.0405740812e-20],
      [1.6461724422e-13, 7.4161856841e-20, 9.6356962513e-13, 1]
    ],
    [
      [0, 0.97121313866, 0.028786861344, 0],
      [0.53040613112, 0.058067223927, 0.41152664495, 0],
      [0.043583921558, 0.078028654177, 0.87838742426, 0],
      [0, 0.95754826911, 0.042451730888, 0],
      [0.14411322038, 0.34705979644, 0.50882698318, 0]
    ],
    [
      [0, 0.71730369632, 0.23659059745, 0.046105706236],
      [0.37175788734, 0.019340309465, 0.6044444204, 0.0044573827907],
      [0.054694598045, 0.019198803054, 0.89109773918, 0.035008859717],
      [0, 0.76468532327, 0.19918001665, 0.036134660079],
      [0.02616224054, 0.045330023096, 0.44574772541, 0.48276001095]
    ],
    [
      [0, 0.71948265799, 0.24057897788, 0.039938364132],
      [0.064719786833, 0.058083929135, 0.87185077903, 0.0053455050036],
      [0, 0.017270321637, 0.95151517731, 0.031214501053],
      [0, 0.76605860524, 0.20283213768, 0.031109257082],
      [0.0048671995854, 0.048115208841, 0.49122400753, 0.45579358404]
    ],
    [
      [0, 0.64331254261, 0.28975373572, 0.066933721661],
      [0.20329014958, 0.019524558923, 0.77068074153, 0.0065045499677],
      [0.027241005143, 0.01580973698, 0.9156316355, 0.041317622381],
      [0, 0.6978866968, 0.24887206267, 0.053241240525],
      [0.011548304614, 0.033858389113, 0.42641844594, 0.52817486033]
    ],
    [
      [0, 0.61533993121, 0.33418914064, 0.050470928147],
      [0.32943930694, 0.013434709581, 0.6536478684, 0.0034781150762],
      [0.049573775386, 0.013311694339, 0.91186955161, 0.025244978662],
      [0, 0.67152875647, 0.28839166959, 0.040079573943],
      [0.025900623428, 0.033356488697, 0.51648335779, 0.42425953008]
    ],
    [
      [0, 0.57898488586, 0.33750258463, 0.083512529518],
      [0.49764715912, 0.0089152800053, 0.48846425311, 0.0049733077597],
      [0.06455890833, 0.011822049133, 0.87942564438, 0.044193398156],
      [0, 0.63459343977, 0.29766796589, 0.067738594343],
      [0.034264169003, 0.023242836538, 0.39990109252, 0.54259190194]
    ],
    [
      [0.000929131254, 0.81301285669, 0.14986075588, 0.036197256178],
      [0.24909426818, 0.038511718381, 0.70636664558, 0.0060273678596],
      [0.039835633334, 0.033472517829, 0.88386037886, 0.042831469978],
      [0.0017470849708, 0.84846553214, 0.12183930665, 0.027948076235],
      [0.014336855062, 0.068225881228, 0.39062628075, 0.52681098296]
    ],
    [
      [0, 0.34097801925, 0.61594629344, 0.043075687315],
      [0.84305634514, 0.0012461724154, 0.15465645336, 0.0010410290824],
      [0.10400249755, 0.019577242151, 0.86289195672, 0.01352830358],
      [0, 0.38048748892, 0.58278363656, 0.036728874518],
      [0.19539050676, 0.01016157833, 0.56619036794, 0.22825754697]
    ],
    [
      [0, 1, 8.5805355185e-56, 3.9216981169e-58],
      [1.6863249036e-14, 0.67177379191, 0.32808407994, 0.00014212814971],
      [0, 0.16666666667, 0.83333333333, 0],
      [0, 1, 1.1777896714e-97, 4.9905592436e-99],
      [0.0020455887961, 1.926355478e-98, 0.9979544112, 0]
    ],
    [
      [0, 0.67235048694, 0.27687210192, 0.050777411144],
      [0.10900299065, 0.019842520642, 0.86535608676, 0.0057984019541],
      [0.0058003375174, 0.01681639272, 0.94229176009, 0.035091509669],
      [0, 0.72687718317, 0.23339416424, 0.039728652594],
      [0.0046586227367, 0.034656637619, 0.47334899667, 0.48733574297]
    ],
    [
      [0, 0.75323418012, 0.21609342441, 0.030672395469],
      [0, 0.11231055935, 0.88328359281, 0.0044058478409],
      [0, 0.026860560563, 0.94959615626, 0.023543283175],
      [0, 0.79051464176, 0.18766279433, 0.02182256391],
      [0, 0.066464891918, 0.51759611182, 0.41593899626]
    ],
    [
      [0.0002126522485, 0.71831989788, 0.23678042604, 0.044687023836],
      [0.21595127062, 0.025940876426, 0.75311035927, 0.0049974936936],
      [0.030676280217, 0.02156868209, 0.9149261206, 0.032828917093],
      [0.00048779349685, 0.76521772667, 0.19965389622, 0.03464058361],
      [0.013786785186, 0.050117205183, 0.46334731122, 0.47274869841]
    ],
    [
      [0, 0.76076772651, 0.203215173, 0.036017100494],
      [0.1633870732, 0.034669043232, 0.79721809851, 0.0047257850563],
      [0.017406954758, 0.029539207586, 0.92354004815, 0.029513789505],
      [0, 0.80175147532, 0.1712025002, 0.027046024478],
      [0.0096582225281, 0.063982690458, 0.47244479815, 0.45391428886]
    ],
    [
      [0, 0.70357410799, 0.23736323572, 0.059062656295],
      [0.3063931151, 0.022391532427, 0.66516664248, 0.006048709996],
      [0.045414006561, 0.020505075279, 0.89068648471, 0.043394433452],
      [0, 0.75241853646, 0.20115558265, 0.046425880886],
      [0.018687453039, 0.042395312307, 0.40159146198, 0.53732577267]
    ],
    [
      [0, 0.5810846572, 0.34151590116, 0.077399441635],
      [0.17938244954, 0.01548371919, 0.79847356549, 0.0066602657841],
      [0.022089509187, 0.012781662538, 0.92392019695, 0.041208631322],
      [0, 0.63985703499, 0.2975889674, 0.062553997606],
      [0.0098154238299, 0.026336578642, 0.43371742723, 0.5301305703]
    ],
    [
      [0.00010003264378, 0.64075574952, 0.301274592, 0.057869625836],
      [0.23762815941, 0.017517025118, 0.73967079998, 0.0051840154948],
      [0.034914972067, 0.014704120829, 0.91586347408, 0.034517433021],
      [0.00032632904329, 0.69553852838, 0.2581315926, 0.046003549974],
      [0.015355406888, 0.03464558816, 0.46501069125, 0.4849883137]
    ],
    [
      [9.632829871e-05, 0.70628626308, 0.23411951657, 0.059497892052],
      [0.27121274877, 0.023400697631, 0.69890441678, 0.0064821368192],
      [0.040524259157, 0.020215116914, 0.89425897876, 0.045001645168],
      [0.00042991583935, 0.75534188486, 0.19741322183, 0.046814977463],
      [0.01564353516, 0.041658265348, 0.39502458662, 0.54767361288]
    ],
    [
      [0.0014020955493, 0.76736598871, 0.17396546207, 0.057266453671],
      [0.27882083608, 0.024052019029, 0.68936344755, 0.0077636973356],
      [0.047279469884, 0.024059571448, 0.8751440504, 0.053516908271],
      [0.00096531998443, 0.81269164443, 0.14291602768, 0.04342700791],
      [0.015967571435, 0.037480627788, 0.31846553026, 0.62808627052]
    ],
    [
      [2.7530873694e-05, 0.63363173782, 0.30011882697, 0.06622190434],
      [0.21570431666, 0.018392986667, 0.75979449178, 0.0061082048913],
      [0.029843681244, 0.015079408016, 0.91567672686, 0.039400183885],
      [5.8443285141e-05, 0.68877958031, 0.2583611688, 0.052800807597],
      [0.012821460767, 0.033170178101, 0.43751522207, 0.51649313906]
    ],
    [
      [0, 0.59041687358, 0.3383742821, 0.071208844319],
      [0.090110762808, 0.022503166644, 0.87869161204, 0.0086944585095],
      [0, 0.0098354375213, 0.94562224806, 0.044542314416],
      [0, 0.64892810036, 0.29273403444, 0.058337865196],
      [0.0043908045586, 0.024540047653, 0.42884636763, 0.54222278016]
    ],
    [
      [4.451530134e-05, 0.6251050285, 0.29303740464, 0.081813051564],
      [0.29656045493, 0.016308217664, 0.68028794552, 0.0068433818873],
      [0.044082019779, 0.014655729291, 0.8932565256, 0.04800572533],
      [0.00010244275265, 0.68191799364, 0.25271506054, 0.065264503065],
      [0.016792154597, 0.028569735542, 0.3791353616, 0.57550274826]
    ],
    [
      [0.00029877649976, 0.70088580682, 0.26102434436, 0.037791072326],
      [0.23384359631, 0.022637835408, 0.74000506492, 0.0035135033598],
      [0.034453622601, 0.020172319207, 0.92287089083, 0.022503167364],
      [0.00067635789567, 0.7495554532, 0.22124981086, 0.028518378038],
      [0.016943981932, 0.049826780451, 0.51992263177, 0.41330660585]
    ],
    [
      [4.124607004e-05, 0.70461953178, 0.25991620345, 0.035423018698],
      [0.19516666439, 0.023874234993, 0.77743963304, 0.0035194675774],
      [0.026846937745, 0.020585104437, 0.93266841981, 0.01989953801],
      [0.0001024424195, 0.75278088929, 0.22021866048, 0.026898007811],
      [0.013836259093, 0.051685237908, 0.53688053999, 0.39759796301]
    ],
    [
      [0.00041762133159, 0.72107024906, 0.25712529138, 0.021386838227],
      [0.2357918909, 0.023807325667, 0.74040078343, 0],
      [0.036221381097, 0.024283644183, 0.93905194623, 0.00044302848648],
      [0.0015438010355, 0.76865380333, 0.21965920943, 0.010143186208],
      [0.020255989606, 0.061142789116, 0.61600823874, 0.30259298254]
    ],
    [
      [0, 0.70448435118, 0.24334179201, 0.052173856811],
      [0.20431757101, 0.02556761176, 0.76417424434, 0.0059405728918],
      [0.027381905006, 0.021097423837, 0.91369995975, 0.037820711404],
      [0, 0.7528558027, 0.20628923132, 0.040854965978],
      [0.012064143892, 0.045977253859, 0.43931085594, 0.50264774631]
    ],
    [
      [0.00024250846119, 0.68330597301, 0.27858089089, 0.037870627641],
      [0.25060078032, 0.020036168123, 0.7261402262, 0.0032228253533],
      [0.037779535428, 0.018350780464, 0.9236794791, 0.020190205013],
      [0.00069300942749, 0.73378931399, 0.23679343727, 0.028724239316],
      [0.019013630224, 0.046438783925, 0.53616561332, 0.39838197253]
    ],
    [
      [0, 0.59173393486, 0.37737968999, 0.030886375156],
      [0, 0.033918243659, 0.96245370038, 0.0036280559587],
      [0, 0.00025034096092, 0.9747135442, 0.025036114838],
      [0, 0.66522958736, 0.30962545375, 0.025144958885],
      [0, 0.020692618575, 0.64689013006, 0.33241725137]
    ],
    [
      [0.00018744058421, 0.71208113323, 0.24817731611, 0.039554110071],
      [0.23790116348, 0.023919020822, 0.7345924027, 0.0035874130011],
      [0.035104750284, 0.020833009104, 0.91796656178, 0.026095678836],
      [0.00053569543906, 0.75960992994, 0.20961678755, 0.03023758707],
      [0.016752856433, 0.050886564561, 0.4995666151, 0.4327939639]
    ],
    [
      [0.00046255389764, 0.77892344782, 0.19023696269, 0.03037703559],
      [0.27322159129, 0.029120744863, 0.69383658528, 0.0038210785612],
      [0.042764649019, 0.026139681875, 0.90392471143, 0.02717095768],
      [0.0012946067278, 0.81889435875, 0.15658341177, 0.023227622757],
      [0.019248296576, 0.064095934948, 0.48089773639, 0.43575803208]
    ],
    [
      [0, 0.62612492134, 0.31385325952, 0.060021819142],
      [0.15260283832, 0.017530330163, 0.82359218617, 0.0062746453393],
      [0.016260560883, 0.013675989311, 0.93365637099, 0.036407078819],
      [0, 0.68246873759, 0.26949667142, 0.048034590982],
      [0.0082831736268, 0.031474261279, 0.46659878145, 0.49364378364]
    ],
    [
      [0.0014701502352, 0.65152307639, 0.28785392408, 0.059152849292],
      [0.34312047277, 0.012728174627, 0.63779286923, 0.0063584833775],
      [0.053054752758, 0.0091572905701, 0.89697431102, 0.040813645652],
      [0.00036367378724, 0.70928100194, 0.24607704478, 0.044278279489],
      [0.021334930235, 0.030012753452, 0.43232382068, 0.51632849564]
    ],
    [
      [0, 0.6974217525, 0.25371430927, 0.04886393823],
      [0.10705507564, 0.0263516285, 0.8606113456, 0.0059819502594],
      [0.00386768586, 0.020729971049, 0.93965451901, 0.035747824084],
      [0, 0.74366435222, 0.21758514935, 0.038750498431],
      [0.0045603771859, 0.044660749055, 0.46500207636, 0.48577679739]
    ],
    [
      [0, 0.69926025745, 0.24504502085, 0.055694721697],
      [0.12994437311, 0.026771259023, 0.83631355581, 0.0069708120557],
      [0.0096926242789, 0.021262659663, 0.927143288, 0.041901428057],
      [0, 0.74611122464, 0.20946037531, 0.044428400047],
      [0.0057586113527, 0.042784667704, 0.42584260258, 0.52561411836]
    ],
    [
      [0, 0.75877931422, 0.18161327317, 0.059607412608],
      [0.16429232332, 0.035505874398, 0.79075831816, 0.0094434841268],
      [0.020289597698, 0.027593650739, 0.89491712422, 0.057199627345],
      [0, 0.80218639107, 0.15139139535, 0.046422213585],
      [0.0069011090038, 0.047542798928, 0.33394268383, 0.61161340824]
    ],
    [
      [0, 0.75377598692, 0.18459543162, 0.061628581465],
      [0.39419775657, 0.024913964857, 0.57373080787, 0.0071574707024],
      [0.057763521901, 0.02611017159, 0.85876218187, 0.057364124638],
      [0, 0.79633959934, 0.15414398599, 0.049516414664],
      [0.020230920229, 0.04455584912, 0.3205864988, 0.61462673185]
    ],
    [
      [0, 0.75117421749, 0.19479328835, 0.054032494164],
      [0.15117676929, 0.033903463902, 0.80672403122, 0.0081957355881],
      [0.017258121044, 0.026046303046, 0.90698516806, 0.049710407847],
      [0, 0.79463416656, 0.16292923387, 0.042436599576],
      [0.0066398744459, 0.049653684788, 0.37423714729, 0.56946929348]
    ],
    [
      [0, 0.73939732854, 0.20696817656, 0.053634494894],
      [0.16551730533, 0.032146750711, 0.79483870763, 0.007497236323],
      [0.019673347489, 0.0258329784, 0.90828998389, 0.046203690223],
      [0, 0.78382378246, 0.17390915907, 0.042267058477],
      [0.0080526372378, 0.049893665009, 0.39254982779, 0.54950386996]
    ],
    [
      [0.0001352736603, 0.59842135885, 0.31665062695, 0.084792740537],
      [0.188246444, 0.01649819802, 0.78767005086, 0.0075853071181],
      [0.025446379051, 0.013191492064, 0.91423801876, 0.047124110123],
      [0.00028441889404, 0.65732745522, 0.27436721388, 0.068020912009],
      [0.009722825217, 0.025863861746, 0.39174659053, 0.5726667225]
    ],
    [
      [3.9539079121e-05, 0.37188970977, 0.44128548998, 0.18678526117],
      [0.25839229742, 0, 0.73065242565, 0.010955276937],
      [0.052517264663, 0, 0.8668513918, 0.080631343537],
      [7.2761882585e-05, 0.57221525037, 0.3074995568, 0.12021243095],
      [0.0063659972959, 0, 0.13342808916, 0.86020591355]
    ],
    [
      [0.00064139186627, 0.81440225164, 0.14881789689, 0.036138459605],
      [0.15134193823, 0.04423046486, 0.79767956045, 0.0067480364585],
      [0.022748925602, 0.036268078981, 0.89739898679, 0.043584008629],
      [0.00413057562, 0.85095626229, 0.11505452028, 0.029858641805],
      [0.0080328228738, 0.069322191356, 0.3848088173, 0.53783616847]
    ],
    [
      [0.00086851475136, 0.74402839776, 0.20195928462, 0.05314380287],
      [0.20210594587, 0.025781477392, 0.7649164763, 0.0071961004361],
      [0.033333268151, 0.020852410438, 0.89854584899, 0.047268472419],
      [0.0013144401873, 0.79081004495, 0.16685546685, 0.041020048009],
      [0.011565727253, 0.040929011045, 0.37515383698, 0.57235142472]
    ],
    [
      [3.592587634e-07, 0.31208963184, 0.30871131888, 0.37919869003],
      [2.7755575616e-17, 0.00020148171317, 0.98335233927, 0.016446179012],
      [0, 0.014205603763, 0.87249148005, 0.11330291619],
      [0, 0.47158879247, 0.2550170399, 0.27339416763],
      [0, 0, 0, 1]
    ],
    [
      [0, 0.70512410709, 0.23275366952, 0.062122223387],
      [0.10290631134, 0.029577076033, 0.85915188072, 0.0083647319088],
      [0, 0.024990228382, 0.92619293282, 0.048816838798],
      [0, 0.75009449756, 0.20054565064, 0.0493598518],
      [0.0023820386441, 0.042504928708, 0.38976364513, 0.56534938751]
    ],
    [
      [0.00017019250536, 0.72547923951, 0.078980523454, 0.19537004453],
      [0.99433092893, 7.9525919082e-05, 0.0052032151359, 0.00038633001603],
      [0.16666666667, 0.017045600023, 0.66014306211, 0.1561446712],
      [0, 0.79545279973, 0.078283254626, 0.12626394565],
      [0.002111042605, 0.00015556909459, 0.0029051461965, 0.9948282421]
    ],
    [
      [2.6264455458e-06, 0.77606291767, 0.18163053016, 0.042303925724],
      [0, 0.049544796889, 0.94194751118, 0.0085076919325],
      [0, 0.0040117629856, 0.94362009622, 0.052368140796],
      [0, 0.8087697703, 0.14947826884, 0.041751960861],
      [0, 0.030865357233, 0.3343010049, 0.63483363787]
    ],
    [
      [4.180596401e-05, 0.67050406787, 0.26450439641, 0.064949729748],
      [0.3268558868, 0.017727972251, 0.64951777406, 0.0058983668898],
      [0.049286041346, 0.01589182693, 0.89073302795, 0.04408910377],
      [7.7887799182e-05, 0.72346175816, 0.22469985685, 0.051760497188],
      [0.019839764574, 0.034578115928, 0.40001137189, 0.54557074761]
    ],
    [
      [2.9969001704e-06, 0.0026515665415, 0.98835250249, 0.0089929340675],
      [1.5243367228e-13, 0.00023372594476, 0.99944900627, 0.00031726778312],
      [0, 0, 1, 0],
      [0, 0, 1, 0],
      [0.00080239341643, 0.00095562547397, 0.9981620185, 7.9962611282e-05]
    ],
    [
      [0.0011618078263, 0.62994318775, 0.2018693635, 0.16702564092],
      [0.26147290071, 0.028546313976, 0.69320127526, 0.016779510046],
      [0.035612571733, 0.041493360536, 0.8142838159, 0.10861025183],
      [0.0030892388769, 0.7096310584, 0.18704849893, 0.10023120379],
      [0.0066436082364, 0.025669229665, 0.16010448521, 0.80758267689]
    ],
    [
      [4.5673812431e-05, 0.62971065902, 0.28991575617, 0.080327910998],
      [0.18196157119, 0.019141047627, 0.7910230089, 0.0078743722863],
      [0.023813906799, 0.015113376396, 0.91260411203, 0.04846860478],
      [7.514362782e-05, 0.68634195299, 0.2496038135, 0.063979089874],
      [0.0089798502137, 0.029186850953, 0.38329822106, 0.57853507777]
    ],
    [
      [2.2177414973e-09, 0.99982098335, 0.00017441402753, 4.6004026865e-06],
      [0, 0.12715900705, 0.87284099295, 0],
      [0, 0.078736110222, 0.92126388978, 0],
      [0, 0.99814353281, 0.0018564671949, 0],
      [0, 0.40228079882, 0.59771920118, 0]
    ],
    [
      [6.4936888611e-05, 0.67723562767, 0.27194148861, 0.050757946833],
      [0.95435546169, 0, 0.041707947516, 0.0039365907953],
      [0.022822269155, 0.0074535958332, 0.93946491569, 0.030259219321],
      [0, 0.66169760278, 0.28985507489, 0.048447322329],
      [0, 0, 0.20979699642, 0.79020300358]
    ],
    [
      [0, 0.65561473149, 0.26976326885, 0.07462199966],
      [0.17786221197, 0.021480213291, 0.79273387151, 0.0079237032344],
      [0.021880874874, 0.01701412048, 0.912425229, 0.048679775647],
      [0, 0.70969800826, 0.2311857267, 0.059116265041],
      [0.0084547261232, 0.032649969531, 0.38333491633, 0.57556038802]
    ],
    [
      [1.684447899e-05, 0.68935944833, 0.25896669678, 0.05165701041],
      [0.18035972428, 0.023189133957, 0.79071537667, 0.0057357650858],
      [0.023708825168, 0.018582780119, 0.92172762708, 0.035980767637],
      [1.1373978635e-05, 0.73994840787, 0.21938199731, 0.04065822084],
      [0.010540217989, 0.042011202035, 0.45510425789, 0.49234432208]
    ],
    [
      [0.00012024623154, 0.55636154201, 0.34225386343, 0.10126434833],
      [0.24086419568, 0.013207632088, 0.7383063413, 0.0076218309393],
      [0.035134674163, 0.010242380623, 0.90422193774, 0.050401007476],
      [0.00036900261448, 0.61752019062, 0.30013269453, 0.081978112233],
      [0.012679222324, 0.020994663482, 0.37083961173, 0.59548650247]
    ],
    [
      [0, 0.73261479159, 0.21864653382, 0.048738674588],
      [0.16634780155, 0.030091290768, 0.79707040241, 0.0064905052726],
      [0.019613555876, 0.023754686362, 0.91652695181, 0.04010480595],
      [0, 0.77774287331, 0.18411907036, 0.038138056326],
      [0.0087511347122, 0.050608395183, 0.42680844262, 0.51383202748]
    ],
    [
      [0.015647948749, 0.71928230813, 0.26506974312, 0],
      [0.17083914757, 0.010894505502, 0.81826634692, 0],
      [0.043084415477, 0.003538301156, 0.95337728337, 0],
      [0.0096945562593, 0.77408654755, 0.21621889619, 0],
      [0.013942028269, 0.04295821131, 0.77718340311, 0.16591635731]
    ],
    [
      [0.0083167056789, 0.28886304646, 0.63486312694, 0.067957120928],
      [0.21208365209, 0.0029015603444, 0.77790706811, 0.0071077194637],
      [0.054828239056, 0.0027629237652, 0.90787317472, 0.03453566246],
      [0.0042404579419, 0.36511618857, 0.57544394115, 0.055199412345],
      [0.029083228519, 0.0073128019271, 0.58400756776, 0.3795964018]
    ],
    [
      [5.1757256056e-05, 0.69586344994, 0.2295735529, 0.074511239903],
      [0.19694058348, 0.026119344253, 0.76819265874, 0.0087474135277],
      [0.026355287813, 0.020965008294, 0.8975329314, 0.055146772496],
      [0.00012056178315, 0.74666903626, 0.19499508573, 0.058215316222],
      [0.0090556156087, 0.036802818653, 0.34406671957, 0.61007484617]
    ],
    [
      [6.8932511054e-05, 0.58748783569, 0.34378304688, 0.068660184918],
      [0.30873380212, 0.012249807732, 0.67394050976, 0.0050758803894],
      [0.046686026917, 0.010384498356, 0.90657521059, 0.036354264139],
      [0.00020721666951, 0.64676855095, 0.29771322262, 0.055311009764],
      [0.020916633188, 0.026184556975, 0.45503900357, 0.49785980627]
    ],
    [
      [0, 0.67807244924, 0.28930489865, 0.032622652114],
      [0.15320179522, 0.021856029952, 0.82178398144, 0.003158193391],
      [0.019452057257, 0.019765018747, 0.94476624166, 0.016016682335],
      [0, 0.73026800344, 0.24793882369, 0.021793172868],
      [0.010774426374, 0.048188056017, 0.57458946387, 0.36644805373]
    ],
    [
      [0.0015828434623, 0.76425608638, 0.20118433943, 0.032976730733],
      [0.14700912748, 0.032007873489, 0.81626519887, 0.0047178001593],
      [0.022472579682, 0.023340203226, 0.92603315884, 0.028154058252],
      [0.0038663298502, 0.80530183513, 0.16580786541, 0.025023969602],
      [0.010371149464, 0.059960107152, 0.48303118831, 0.44663755508]
    ],
    [
      [0, 0.73882537538, 0.2161662659, 0.045008358712],
      [0.18085851294, 0.030750430907, 0.78252852551, 0.0058625306444],
      [0.02249853064, 0.025644135232, 0.91526539617, 0.036591937956],
      [0, 0.78317040872, 0.18201556665, 0.034814024622],
      [0.01020238373, 0.054310774611, 0.4412511437, 0.49423569796]
    ],
    [
      [0.00033182731945, 0.7041888108, 0.25247433147, 0.043005030415],
      [0.26988815078, 0.021816184424, 0.70407760164, 0.004218063153],
      [0.040790804477, 0.018873210126, 0.91110533682, 0.029230648581],
      [0.0014016731386, 0.75236903892, 0.2129660588, 0.033263229147],
      [0.018922704587, 0.047302312751, 0.48371975184, 0.45005523083]
    ],
    [
      [0.00018740477986, 0.73132159256, 0.22848905079, 0.040001951877],
      [0.22335763291, 0.02689238259, 0.74524255479, 0.0045074297165],
      [0.032475465787, 0.022849191254, 0.91516045923, 0.02951488373],
      [0.00052583014302, 0.77677147711, 0.19200286609, 0.03069982666],
      [0.014939253904, 0.054153966653, 0.47796511561, 0.45294166383]
    ],
    [
      [0.0002122005544, 0.6877972642, 0.21267618864, 0.099314346599],
      [0.24474480402, 0.026726794522, 0.71724613887, 0.01128226259],
      [0.034987669207, 0.025120879151, 0.87005855843, 0.069832893214],
      [0.00059841838681, 0.74126130769, 0.18254495148, 0.075595322435],
      [0.0097692362174, 0.032002457622, 0.27057819589, 0.68765011027]
    ],
    [
      [0, 0.65998996519, 0.27374345705, 0.066266577757],
      [0.18734701806, 0.021381521114, 0.78433491109, 0.0069365497391],
      [0.024351896201, 0.017021460514, 0.91530342002, 0.043323223263],
      [0, 0.71324939242, 0.23412981262, 0.052620794962],
      [0.0099813608534, 0.035433609691, 0.4142416178, 0.54034341166]
    ],
    [
      [0, 0.61617403464, 0.29671774696, 0.0871082184],
      [0.38167752304, 0.013967663866, 0.59805686592, 0.0062979471703],
      [0.055924580841, 0.015333042597, 0.87961092703, 0.049131449537],
      [0, 0.67291719147, 0.25755761002, 0.069525198505],
      [0.022172981598, 0.026757864546, 0.36394984189, 0.58711931196]
    ],
    [
      [8.5437317975e-05, 0.6026834321, 0.31997862179, 0.077252508786],
      [0.21051396936, 0.015755233026, 0.7669649434, 0.0067658542105],
      [0.029960029714, 0.012299228362, 0.91417384217, 0.043566899754],
      [0.00030945336975, 0.66120800314, 0.27652352368, 0.061959019811],
      [0.011856847419, 0.026824437485, 0.41471584785, 0.54660286725]
    ],
    [
      [0, 0.79005978044, 0.17585632548, 0.034083894077],
      [0.33092411029, 0.031777080703, 0.63295328805, 0.0043455209557],
      [0.049716948225, 0.031525575839, 0.88642985042, 0.032327625513],
      [0, 0.82790928185, 0.14613936575, 0.0259513524],
      [0.022500918161, 0.069873113036, 0.44241702254, 0.46520894626]
    ],
    [
      [6.4596617302e-05, 0.69280877692, 0.26297364578, 0.044152980678],
      [0.19544257156, 0.02321985622, 0.77672494681, 0.0046126254072],
      [0.026755717787, 0.019190560901, 0.92525445627, 0.028799265044],
      [0.00015669206022, 0.74236856975, 0.22318792909, 0.034286809099],
      [0.012726144382, 0.04624231515, 0.49288529686, 0.44814624361]
    ],
    [
      [0.00093355869329, 0.73226256382, 0.20228015062, 0.06452372687],
      [0.2689782622, 0.02626867544, 0.69658772425, 0.0081653381105],
      [0.0417534679, 0.021442661359, 0.88122585486, 0.055578015876],
      [0.001872571139, 0.77907600566, 0.16839211002, 0.050659313182],
      [0.013253598911, 0.040668404479, 0.33623785279, 0.60984014383]
    ],
    [
      [0, 0.6720398937, 0.25916517986, 0.068794926432],
      [0.08, 0.048468527636, 0.86311082108, 0.0084206512835],
      [0, 0.019864642078, 0.93173350304, 0.048401854883],
      [0, 0.72020848692, 0.2251349741, 0.054656538976],
      [0, 0.038715506372, 0.39504248802, 0.5662420056]
    ],
    [
      [0.00014295679794, 0.76294824062, 0.20825224067, 0.028656561908],
      [0.19500372579, 0.03190438527, 0.76969860322, 0.0033932857182],
      [0.027365591969, 0.028064206808, 0.9254779597, 0.019092241518],
      [0.00041465510563, 0.80471978892, 0.17471069591, 0.020154860069],
      [0.01358265378, 0.067759570421, 0.52072607126, 0.39793170454]
    ],
    [
      [0, 0.69516694596, 0.23692933515, 0.067903718891],
      [0.076923076923, 0.049862839417, 0.86406918554, 0.0091448981178],
      [0, 0.019539437512, 0.92824626588, 0.052214296609],
      [0, 0.74249913104, 0.20384557244, 0.053655296522],
      [0, 0.038539914129, 0.37353079749, 0.58792928839]
    ],
    [
      [0.00034451545498, 0.76480605099, 0.213632909, 0.021216524555],
      [0.21275434193, 0.029443990309, 0.75523495514, 0.0025667126237],
      [0.03259453302, 0.027694923309, 0.93428167267, 0.0054288709974],
      [0.0016268645099, 0.80666372581, 0.17993029223, 0.011779117455],
      [0.01715861832, 0.072156691274, 0.58360110487, 0.32708358553]
    ],
    [
      [0, 0.62105179912, 0.30019310888, 0.078755092003],
      [0.30855286065, 0.015815727529, 0.66928092453, 0.0063504872921],
      [0.045780646469, 0.014901263314, 0.89411184461, 0.045206245606],
      [0, 0.6776473281, 0.25943493584, 0.062917736061],
      [0.018398536423, 0.029273203894, 0.39482396505, 0.55750429463]
    ],
    [
      [0, 0.68752279337, 0.23590412309, 0.07657308354],
      [0.1623571751, 0.02613080898, 0.80222762684, 0.0092843890768],
      [0.018613622327, 0.020512111827, 0.90538572252, 0.055488543329],
      [0, 0.73873576578, 0.20140806329, 0.059856170929],
      [0.0066506901915, 0.035348640977, 0.34519635241, 0.61280431642]
    ],
    [
      [0, 0.66852104902, 0.27709563494, 0.054383316045],
      [0.16608452595, 0.021681160235, 0.80643551935, 0.0057987944718],
      [0.020214968425, 0.017003356774, 0.926833981, 0.035947693804],
      [0, 0.72049214406, 0.23630326295, 0.043204592993],
      [0.0094061309447, 0.038976903922, 0.46090638684, 0.49071057829]
    ],
    [
      [0, 0.58884639333, 0.34945569506, 0.061697911608],
      [0.15624336448, 0.015872472936, 0.82248172647, 0.0054024361122],
      [0.01715866189, 0.014451633647, 0.9353648207, 0.033024883768],
      [0, 0.64677474707, 0.30336807967, 0.049857173257],
      [0.0090050467882, 0.029771889517, 0.49224885728, 0.46897420642]
    ],
    [
      [3.2870238583e-05, 0.73083601749, 0.23684511955, 0.032285992718],
      [0.33907034692, 0.011410197262, 0.64603539224, 0.0034840635758],
      [0.056810318239, 0.014462656524, 0.90067773748, 0.028049287755],
      [0.001300632091, 0.78576942553, 0.18838623082, 0.024543711558],
      [0.023143680236, 0.029154103633, 0.50541550975, 0.44228670638]
    ],
    [
      [0, 0.76581874378, 0.19223071868, 0.041950537545],
      [0.42862800104, 0.024816138871, 0.54198318984, 0.0045726702431],
      [0.055992107751, 0.029315850094, 0.87734284234, 0.037349199818],
      [0, 0.80357575814, 0.16386551034, 0.032558731525],
      [0.031575552017, 0.059567512263, 0.41841703843, 0.49043989729]
    ],
    [
      [0, 0.68809597616, 0.24305936601, 0.06884465783],
      [0.30812372836, 0.021675328721, 0.66341989588, 0.0067810470405],
      [0.045003391172, 0.020145655771, 0.88657983543, 0.048271117625],
      [0, 0.7385927241, 0.20726968589, 0.05413759001],
      [0.017612956825, 0.038383030848, 0.37572802229, 0.56827599003]
    ],
    [
      [0, 0.65235445726, 0.25012475937, 0.097520783372],
      [0.36078282984, 0.018548719359, 0.61245478174, 0.0082136690567],
      [0.052138505869, 0.019587416021, 0.86797928171, 0.060294796403],
      [0, 0.7067537275, 0.21674290798, 0.076503364521],
      [0.017472825298, 0.029273532609, 0.30935572612, 0.64389791597]
    ],
    [
      [0.001025139795, 0.72836597983, 0.21639885156, 0.054210028813],
      [0.17177484179, 0.019902114609, 0.80091624362, 0.0074067999802],
      [0.035587520534, 0.011793444536, 0.90546406255, 0.047154972383],
      [0.0050869405645, 0.77866394535, 0.17344362811, 0.042805485975],
