{
  "X": [
    [13, 125, 13],
    [18, 22, 2],
    [522, 1313, 170],
    [291, 561, 71],
    [570, 758, 147],
    [493, 477, 88],
    [262, 605, 77],
    [220, 265, 54],
    [218, 422, 77],
    [385, 828, 109],
    [15, 129, 4],
    [36, 119, 10],
    [14, 83, 4],
    [64, 171, 15],
    [9, 30, 1],
    [11, 85, 7],
    [51, 242, 22],
    [15, 83, 6],
    [16, 146, 22],
    [28, 93, 8],
    [42, 240, 33],
    [247, 727, 95],
    [60, 151, 7],
    [39, 178, 18],
    [63, 90, 5],
    [11, 110, 9],
    [307, 759, 71],
    [263, 443, 53],
    [27, 62, 7],
    [60, 179, 11],
    [267, 384, 52],
    [292, 383, 38],
    [206, 235, 21],
    [268, 259, 30],
    [273, 346, 44],
    [148, 146, 22],
    [148, 126, 29],
    [167, 511, 25],
    [314, 301, 46],
    [234, 312, 26],
    [148, 323, 41],
    [426, 334, 48],
    [687, 554, 68],
    [209, 363, 39],
    [457, 290, 60],
    [468, 701, 63],
    [205, 228, 39],
    [308, 198, 46],
    [343, 652, 44],
    [118, 236, 16],
    [331, 258, 55],
    [247, 200, 26],
    [330, 371, 46],
    [411, 430, 70],
    [55, 140, 8],
    [34, 190, 9],
    [88, 184, 16],
    [21, 127, 18],
    [281, 322, 45],
    [937, 1830, 156],
    [165, 265, 37],
    [605, 925, 136],
    [86, 139, 21]
  ],
  "W": [
    [17, 16, 6, 108, 0, 4],
    [0, 2, 18, 17, 1, 4],
    [108, 62, 505, 1149, 72, 109],
    [48, 42, 278, 465, 33, 57],
    [59, 62, 547, 668, 64, 75],
    [25, 33, 457, 399, 69, 75],
    [44, 35, 253, 523, 41, 48],
    [19, 18, 202, 214, 42, 44],
    [34, 16, 200, 373, 51, 43],
    [67, 34, 375, 725, 49, 72],
    [22, 5, 9, 103, 2, 7],
    [9, 2, 31, 101, 12, 10],
    [4, 3, 12, 76, 3, 3],
    [20, 2, 71, 144, 6, 7],
    [1, 1, 7, 27, 2, 2],
    [9, 4, 11, 73, 1, 5],
    [31, 10, 53, 205, 7, 9],
    [11, 1, 15, 75, 1, 1],
    [16, 8, 16, 135, 4, 5],
    [9, 0, 24, 84, 8, 4],
    [37, 9, 37, 211, 3, 18],
    [79, 73, 214, 633, 27, 43],
    [9, 9, 70, 126, 1, 3],
    [21, 14, 28, 154, 5, 13],
    [8, 15, 49, 72, 7, 7],
    [8, 1, 11, 104, 1, 5],
    [54, 62, 289, 627, 38, 67],
    [26, 43, 214, 393, 42, 41],
    [1, 3, 20, 63, 5, 4],
    [7, 4, 62, 154, 13, 10],
    [12, 28, 287, 290, 34, 52],
    [16, 18, 275, 324, 44, 36],
    [13, 23, 198, 172, 32, 24],
    [13, 19, 255, 212, 27, 31],
    [14, 25, 290, 279, 11, 44],
    [12, 20, 130, 118, 17, 19],
    [8, 11, 141, 108, 13, 22],
    [14, 14, 187, 449, 18, 21],
    [16, 22, 301, 238, 40, 44],
    [11, 32, 232, 248, 16, 33],
    [12, 24, 149, 277, 9, 41],
    [7, 33, 423, 259, 28, 58],
    [22, 44, 678, 424, 53, 88],
    [30, 30, 228, 273, 17, 33],
    [8, 36, 451, 228, 42, 42],
    [36, 62, 461, 580, 35, 58],
    [15, 22, 203, 174, 20, 38],
    [12, 29, 306, 156, 19, 30],
    [32, 41, 334, 554, 24, 54],
    [14, 12, 125, 187, 14, 18],
    [15, 30, 318, 209, 24, 48],
    [14, 21, 242, 158, 9, 29],
    [11, 34, 333, 290, 30, 49],
    [13, 51, 398, 362, 30, 57],
    [15, 11, 47, 119, 7, 4],
    [24, 6, 31, 163, 2, 7],
    [10, 16, 83, 150, 9, 20],
    [15, 5, 15, 113, 10, 8],
    [4, 11, 289, 297, 18, 29],
    [90, 106, 899, 1608, 99, 121],
    [13, 23, 141, 246, 17, 27],
    [69, 112, 549, 793, 42, 101],
    [12, 25, 74, 126, 3, 6]
  ],
  "method": "mvn_pdf",
  "cond_prob": [
    [
      [0.017347942005, 0.79577227856, 0.18687977943],
      [0.39158215678, 0.37286394453, 0.23555389869],
      [0.90228210915, 0.06500259384, 0.03271529701],
      [0.0024415455499, 0.95587019708, 0.041688257368],
      ["NaN", "NaN", "NaN"],
      [0.1905977258, 0.47051282601, 0.3388894482]
    ],
    [
      ["NaN", "NaN", "NaN"],
      [0.38971108102, 0.51490694656, 0.095381972423],
      [0.86284375838, 0.12309046851, 0.014065773115],
      [0.0040911840327, 0.97132176068, 0.024587055285],
      [0.52271717573, 0.31017987983, 0.16710294444],
      [0.27428072073, 0.48297696558, 0.2427423137]
    ],
    [
      [1.7964731973e-05, 0.79747792718, 0.20250410808],
      [0.41437798645, 0.39431546967, 0.19130654389],
      [0.85379989323, 0.12035004739, 0.025850059381],
      [0.0035341883519, 0.94313328845, 0.053332523196],
      [0.46469966691, 0.22692643729, 0.30837389581],
      [0.25338091867, 0.38210274217, 0.36451633916]
    ],
    [
      [0, 0.81945164164, 0.18054835836],
      [0.42921551897, 0.40880983249, 0.16197464854],
      [0.86108261213, 0.11722777758, 0.021689610287],
      [0.0031775115693, 0.94979632997, 0.047026158456],
      [0.49645532287, 0.23235862913, 0.271186048],
      [0.27598971045, 0.3962080328, 0.32780225675]
    ],
    [
      [0.0014357311967, 0.7242517672, 0.2743125016],
      [0.46440634761, 0.31699191556, 0.21860173683],
      [0.88550676895, 0.089328406828, 0.02516482422],
      [0.0057607485671, 0.91933372427, 0.07490552716],
      [0.49431400732, 0.16745846167, 0.33822753101],
      [0.28354158906, 0.29227652099, 0.42418188995]
    ],
    [
      [5.2716492564e-05, 0.778506072, 0.22144121151],
      [0.5026805132, 0.3268430648, 0.170476422],
      [0.89652266527, 0.083975910457, 0.019501424271],
      [0.0073509956447, 0.93395563038, 0.058693373976],
      [0.56121855261, 0.16627667019, 0.2725047772],
      [0.33389652974, 0.32337532291, 0.34272814735]
    ],
    [
      [0.00088629853895, 0.80722137757, 0.1918923239],
      [0.40515854687, 0.41430028096, 0.18054117217],
      [0.8497075828, 0.12514272647, 0.025149690732],
      [0.0030969605133, 0.94622101265, 0.050682026838],
      [0.46538972974, 0.23317656556, 0.3014337047],
      [0.25216137517, 0.3934752282, 0.35436339663]
    ],
    [
      [0.0071437584975, 0.77654544685, 0.21631079465],
      [0.45674884312, 0.35876826939, 0.18448288749],
      [0.871878883, 0.10504139673, 0.023079720266],
      [0.005834065856, 0.93612358623, 0.058042347912],
      [0.51470630365, 0.16780880318, 0.31748489318],
      [0.28766136817, 0.34525064396, 0.36708798788]
    ],
    [
      [0.0027911448549, 0.75383958139, 0.24336927376],
      [0.45026717787, 0.32091207116, 0.22882075097],
      [0.8618874997, 0.111224908, 0.026887592305],
      [0.0053103539706, 0.92974390533, 0.064945740698],
      [0.49151023217, 0.15047731804, 0.35801244979],
      [0.26222191669, 0.33769906016, 0.40007902315]
    ],
    [
      [0.00028428200993, 0.79495261165, 0.20476310634],
      [0.44376692861, 0.36395777795, 0.19227529344],
      [0.86375160703, 0.1121135135, 0.024134879473],
      [0.0037705281019, 0.94199945646, 0.054230015442],
      [0.48559237605, 0.21735077769, 0.29705684627],
      [0.27025507772, 0.37112845792, 0.35861646435]
    ],
    [
      [0.032966143185, 0.88404886076, 0.082984996058],
      [0.42882410228, 0.51176966594, 0.059406231781],
      [0.94007326101, 0.051636225103, 0.0082905138904],
      [0.0041289625001, 0.99014047643, 0.0057305610695],
      [0.57184110777, 0.31096308587, 0.11719580636],
      [0.3001428052, 0.56013649481, 0.13972069999]
    ],
    [
      [0.003078116805, 0.8810821515, 0.11583973169],
      [0.46036072905, 0.39549909326, 0.14414017769],
      [0.81954114338, 0.16488825556, 0.015570601051],
      [0.0035101787461, 0.96910825987, 0.027381561381],
      [0.56347130575, 0.18424604387, 0.25228265038],
      [0.25296163233, 0.50768397539, 0.23935439228]
    ],
    [
      [0.00094930868219, 0.89535553387, 0.10369515745],
      [0.37116735772, 0.52336540848, 0.1054672338],
      [0.88269312113, 0.10200408462, 0.015302794254],
      [0.0020701288622, 0.97421398062, 0.023715890522],
      [0.46153015251, 0.3468318147, 0.19163803279],
      [0.24948766249, 0.51455821759, 0.23595411992]
    ],
    [
      [4.7240072455e-05, 0.83769529242, 0.16225746751],
      [0.4095699135, 0.33996178918, 0.25046829732],
      [0.82079803448, 0.15608183779, 0.023120127729],
      [0.0043069455456, 0.95633676911, 0.039356285347],
      [0.43869439229, 0.2889821536, 0.27232345411],
      [0.23584120158, 0.43399605957, 0.33016273885]
    ],
    [
      [0.004046701664, 0.92400618348, 0.071947114857],
      [0.48178538202, 0.4627801345, 0.055434483485],
      [0.93736404635, 0.057216088729, 0.0054198649231],
      [0.0014217267203, 0.98591168841, 0.012666584873],
      [0.61546634799, 0.27828803431, 0.1062456177],
      [0.34165013722, 0.51825470267, 0.14009516011]
    ],
    [
      [4.5429480117e-05, 0.85464813191, 0.14530643861],
      [0.25546672028, 0.58036999601, 0.16416328371],
      [0.7915026081, 0.1774514353, 0.0310459566],
      [0.0018077470066, 0.96088603268, 0.037306220308],
      [0.3838138895, 0.25004129232, 0.36614481818],
      [0.15108322869, 0.52799987245, 0.32091689887]
    ],
    [
      [0.00012656577485, 0.82933970779, 0.17053372644],
      [0.30585799492, 0.52405252738, 0.1700894777],
      [0.80421603491, 0.16785222043, 0.02793174466],
      [0.0035567237246, 0.95623619911, 0.040207077161],
      [0.39147895218, 0.30506006902, 0.3034609788],
      [0.20495173698, 0.44332608893, 0.35172217409]
    ],
    [
      [0, 0.83371521121, 0.16628478879],
      [0.52839928444, 0.27717415426, 0.19442656129],
      [0.89130757243, 0.090228323007, 0.018464104567],
      [0.0024986471004, 0.95796700252, 0.03953435038],
      [0.56647479427, 0.1547791386, 0.27874606713],
      [0.34811380237, 0.19622934982, 0.45565684782]
    ],
    [
      [5.9585553525e-05, 0.72789774063, 0.27204267382],
      [0.21851696846, 0.48002754157, 0.30145548997],
      [0.77334917617, 0.16067045862, 0.065980365207],
      [0.0019666855217, 0.92912566002, 0.068907654458],
      [0.24591518034, 0.25051175036, 0.5035730693],
      [0.12563215957, 0.30173547506, 0.57263236537]
    ],
    [
      [0.033162583976, 0.80381911525, 0.16301830078],
      ["NaN", "NaN", "NaN"],
      [0.88662275389, 0.098368904144, 0.015008341968],
      [0.0039731429251, 0.95788356488, 0.03814329219],
      [0.59825182377, 0.16813727231, 0.23361090392],
      [0.32570801376, 0.39936415862, 0.27492782761]
    ],
    [
      [0.002322885979, 0.74771275865, 0.24996435538],
      [0.37634941669, 0.40865142583, 0.21499915748],
      [0.87983526677, 0.087962002235, 0.032202731],
      [0.0036942759672, 0.93838453397, 0.057921190062],
      [0.44076032133, 0.098988387964, 0.46025129071],
      [0.21506835584, 0.39478162129, 0.39015002286]
    ],
    [
      [1.0651100041e-05, 0.78555976763, 0.21442958127],
      [0.44939160726, 0.35595416167, 0.19465423106],
      [0.86862413094, 0.10721306068, 0.024162808379],
      [0.0048823482568, 0.94038787894, 0.054729772807],
      [0.49543368965, 0.20029506458, 0.30427124577],
      [0.2753667708, 0.35672175488, 0.36791147432]
    ],
    [
      [0.026382396505, 0.87540381399, 0.098213789508],
      [0.32052000449, 0.57187753588, 0.10760245964],
      [0.78566275259, 0.19783673369, 0.016500513715],
      [0.0056466965087, 0.97250655832, 0.021846745173],
      [0.46114902095, 0.17112643617, 0.36772454288],
      [0.2362843095, 0.47298123615, 0.29073445434]
    ],
    [
      [0, 0.82707081335, 0.17292918665],
      [0.4539943937, 0.39326723328, 0.15273837302],
      [0.9179443532, 0.062653217916, 0.019402428882],
      [0.0037963782593, 0.95385849686, 0.042345124882],
      [0.52717367155, 0.22029254963, 0.25253377882],
      [0.28624046068, 0.41352386828, 0.30023567103]
    ],
    [
      [0.0071878111321, 0.89554555675, 0.097266632114],
      [0.6556268246, 0.26830051135, 0.076072664047],
      [0.90519891385, 0.092204153631, 0.0025969325223],
      [0.011615757695, 0.97211458906, 0.016269653249],
      [0.68215201665, 0.21345872991, 0.10438925344],
      [0.44884995611, 0.40095183234, 0.15019821154]
    ],
    [
      [0.00043725239245, 0.8315300176, 0.16803273001],
      [0.39854155, 0.2968673863, 0.30459106369],
      [0.83633510537, 0.12838247866, 0.035282415969],
      [0.0013977932929, 0.95348217682, 0.045120029892],
      [0.42746021329, 0.12982288281, 0.4427169039],
      [0.16508871121, 0.4693431872, 0.36556810159]
    ],
    [
      [0.00068939668948, 0.85922298147, 0.14008762184],
      [0.40808085654, 0.45333088106, 0.1385882624],
      [0.84190955603, 0.13945841703, 0.018632026932],
      [0.0035326539021, 0.96192783224, 0.034539513855],
      [0.4863432922, 0.27572114972, 0.23793555807],
      [0.26349072656, 0.45650458726, 0.28000468618]
    ],
    [
      [0.0017289459549, 0.81555916975, 0.18271188429],
      [0.55446003065, 0.31296713161, 0.13257283775],
      [0.90901003013, 0.076558057815, 0.014431912058],
      [0.0069882293543, 0.94541970559, 0.04759206506],
      [0.62534198477, 0.1569646785, 0.21769333673],
      [0.37986297912, 0.33687779909, 0.28325922179]
    ],
    [
      [5.3342779328e-05, 0.72049995193, 0.27944670529],
      [0.61801560863, 0.25271578262, 0.12926860875],
      [0.96605814209, 0.020743194444, 0.013198663467],
      [0.011408381172, 0.92716579934, 0.061425819492],
      [0.6715731253, 0.12491353763, 0.20351333707],
      [0.43703583731, 0.26761894124, 0.29534522144]
    ],
    [
      [0.00011143182737, 0.89387906359, 0.10600950458],
      [0.37158378332, 0.50038348797, 0.12803272871],
      [0.79928512738, 0.18438889842, 0.016325974195],
      [0.0046686057523, 0.97237214928, 0.022959244971],
      [0.46194534755, 0.31577591046, 0.22227874199],
      [0.22329521422, 0.54588030762, 0.23082447816]
    ],
    [
      [0.00010307292527, 0.83824092292, 0.16165600416],
      [0.31622071719, 0.52016868342, 0.16361059938],
      [0.80418628243, 0.16899225548, 0.026821462095],
      [0.010375296514, 0.95164430272, 0.037980400765],
      [0.40539926036, 0.30212059243, 0.2924801472],
      [0.20289825278, 0.47358962569, 0.32351212153]
    ],
    [
      [1.8699568251e-05, 0.85099605234, 0.14898524809],
      [0.49141746144, 0.38499535493, 0.12358718362],
      [0.88361829853, 0.10304495257, 0.013336748895],
      [0.0056233664751, 0.95904562174, 0.035331011787],
      [0.59088326284, 0.20018137681, 0.20893536036],
      [0.34273111395, 0.40494507758, 0.25232380846]
    ],
    [
      [0.010037785283, 0.88465559997, 0.10530661474],
      [0.43555466045, 0.4660674109, 0.098377928644],
      [0.85600845448, 0.13340343166, 0.010588113852],
      [0.0095932491895, 0.96742508636, 0.022981664454],
      [0.54726459898, 0.25864933317, 0.19408606785],
      [0.29998214938, 0.48717307355, 0.21284477707]
    ],
    [
      [3.5735510887e-05, 0.83931583777, 0.16064842672],
      [0.52293116379, 0.35417651944, 0.12289231677],
      [0.89964579553, 0.086859901225, 0.01349430325],
      [0.0053620213255, 0.95453543011, 0.040102548569],
      [0.60075623669, 0.19784751496, 0.20139624835],
      [0.36441930825, 0.3711893981, 0.26439129365]
    ],
    [
      [1.2442483208e-05, 0.82036304153, 0.17962451598],
      [0.39282455005, 0.44200630542, 0.16516914453],
      [0.84490049001, 0.13176003068, 0.023339479307],
      [0.0060655553579, 0.94932925261, 0.044605192036],
      [0.48290657313, 0.19192311518, 0.32517031169],
      [0.25349562957, 0.4154621623, 0.33104220813]
    ],
    [
      [0.0073176692415, 0.80531101844, 0.18737131232],
      [0.55413866738, 0.30961736919, 0.13624396343],
      [0.9118454047, 0.073042569179, 0.015112026116],
      [0.0050221922865, 0.94495561185, 0.050022195862],
      [0.61428788482, 0.170254093, 0.21545802218],
      [0.38178943569, 0.32891076959, 0.28929979472]
    ],
    [
      [0.0073926325298, 0.71606644981, 0.27654091766],
      [0.50948997105, 0.28612500737, 0.20438502158],
      [0.90539350994, 0.072319178175, 0.022287311883],
      [0.0058772058641, 0.91604867911, 0.078074115031],
      [0.53868191305, 0.15122629995, 0.310091787],
      [0.31992642061, 0.27399499796, 0.40607858143]
    ],
    [
      [0.00011034003535, 0.88858168866, 0.11130797131],
      [0.33517716113, 0.5439076029, 0.12091523597],
      [0.78819318952, 0.19496059685, 0.01684621363],
      [0.0057836486019, 0.97240977825, 0.021806573147],
      [0.42748748539, 0.36132637543, 0.21118613918],
      [0.22010550401, 0.54150729118, 0.23838720481]
    ],
    [
      [2.5668533536e-06, 0.8211558703, 0.17884156284],
      [0.47992837603, 0.37073107921, 0.14934054477],
      [0.88321128169, 0.098657575267, 0.018131143044],
      [0.0066220420882, 0.94735786029, 0.046020097626],
      [0.54967550111, 0.20198275057, 0.24834174832],
      [0.31890620018, 0.37406844105, 0.30702535877]
    ],
    [
      [3.1416237727e-05, 0.87238418498, 0.12758439879],
      [0.43686489365, 0.4512103878, 0.11192471855],
      [0.86203563329, 0.12487228441, 0.013092082306],
      [0.0056338533289, 0.9662299716, 0.028136175075],
      [0.54141729083, 0.26096448288, 0.19761822628],
      [0.30205571586, 0.46043051186, 0.23751377228]
    ],
    [
      [1.5935728172e-05, 0.8088867889, 0.19109727537],
      [0.37386370897, 0.45086717362, 0.17526911741],
      [0.83230528033, 0.14185913581, 0.025835583861],
      [0.0036324340263, 0.94901640909, 0.047351156883],
      [0.47325917482, 0.19629020809, 0.33045061709],
      [0.23775795582, 0.40710677901, 0.35513526517]
    ],
    [
      [1.0726495505e-05, 0.79896600847, 0.20102326504],
      [0.44378004366, 0.41673266413, 0.13948729221],
      [0.88293781067, 0.099981366201, 0.01708082313],
      [0.015666351866, 0.94219406157, 0.042139586561],
      [0.55278308551, 0.21282015312, 0.23439676137],
      [0.31615479367, 0.38578820494, 0.29805700138]
    ],
    [
      [2.3051369232e-05, 0.84604856035, 0.15392838828],
      [0.47694857456, 0.39851009562, 0.12454132981],
      [0.88640770957, 0.099718353144, 0.013873937286],
      [0.012239162716, 0.95138165305, 0.036379184235],
      [0.57496405389, 0.21961919183, 0.20541675427],
      [0.33371396196, 0.40020234061, 0.26608369743]
    ],
    [
      [0.0017378245676, 0.85711853936, 0.14114363607],
      [0.33528166079, 0.51042380794, 0.15429453127],
      [0.80401474578, 0.17135161335, 0.024633640877],
      [0.0057968571218, 0.9584873949, 0.035715747977],
      [0.41627364373, 0.3030114792, 0.28071487706],
      [0.2095411959, 0.48749417525, 0.30296462885]
    ],
    [
      [2.7264134814e-05, 0.74173209132, 0.25824064455],
      [0.45379960698, 0.36361478627, 0.18258560675],
      [0.89023210298, 0.087829941317, 0.021937955702],
      [0.017458137571, 0.92167730132, 0.060864561104],
      [0.52998945109, 0.17989509008, 0.29011545883],
      [0.30781679236, 0.32539735581, 0.36678585183]
    ],
    [
      [1.9856483652e-05, 0.85678280709, 0.14319733643],
      [0.45655900206, 0.41839120936, 0.12504978858],
      [0.86878764896, 0.11595509475, 0.015257256286],
      [0.0038193435901, 0.96146408496, 0.034716571447],
      [0.5453475637, 0.23743171923, 0.21722071707],
      [0.30826098028, 0.427603204, 0.26413581572]
    ],
    [
      [0.0082794136092, 0.80385081583, 0.18786977056],
      [0.42646147396, 0.40250579113, 0.17103273491],
      [0.86086601444, 0.11582942315, 0.023304562413],
      [0.0052867082941, 0.94505276997, 0.049660521741],
      [0.48733081187, 0.22855940664, 0.28410978149],
      [0.26503557782, 0.38324650926, 0.35171791292]
    ],
    [
      [0.0087192745678, 0.72938747464, 0.2618932508],
      [0.48216977358, 0.3124189823, 0.20541124412],
      [0.89353896922, 0.082807742606, 0.023653288172],
      [0.011389970374, 0.91606755706, 0.072542472564],
      [0.51198144329, 0.16119635787, 0.32682219884],
      [0.29950126296, 0.29595869596, 0.40454004107]
    ],
    [
      [4.0531146533e-05, 0.87834092923, 0.12161853962],
      [0.46271843103, 0.43282941566, 0.10445215331],
      [0.87048616037, 0.11767209331, 0.011841746321],
      [0.0040784870135, 0.96882807874, 0.027093434246],
      [0.5711772478, 0.23948099737, 0.18934175483],
      [0.32068766694, 0.4512278796, 0.22808445346]
    ],
    [
      [0.0025927042042, 0.89392151886, 0.10348577694],
      [0.36131167894, 0.52775038259, 0.11093793847],
      [0.81618398657, 0.16863997918, 0.015176034246],
      [0.0047849255469, 0.97215830049, 0.023056773963],
      [0.45958888059, 0.33548895201, 0.2049221674],
      [0.23755212592, 0.53231384598, 0.2301340281]
    ],
    [
      [0.00013705471861, 0.75552298375, 0.24433996153],
      [0.50378455666, 0.31245355741, 0.18376188593],
      [0.89887769571, 0.079718923715, 0.021403380578],
      [0.0078940365222, 0.92544812593, 0.066657837553],
      [0.54360657751, 0.16458650469, 0.2918069178],
      [0.31968518232, 0.30362909061, 0.37668572707]
    ],
    [
      [0.011607848398, 0.81665954132, 0.17173261029],
      [0.53448250798, 0.3371675584, 0.12834993362],
      [0.90315459321, 0.082190581955, 0.014654824833],
      [0.0063493739922, 0.94900331096, 0.044647315046],
      [0.60067942301, 0.15963379058, 0.23968678641],
      [0.36691827585, 0.35230688327, 0.28077484088]
    ],
    [
      [1.0823485411e-05, 0.83249801738, 0.16749115913],
      [0.4060272353, 0.45167924262, 0.14229352208],
      [0.85656740982, 0.1242324034, 0.019200186786],
      [0.0081855037249, 0.95347139607, 0.038343100205],
      [0.50266076272, 0.2527245562, 0.24461468108],
      [0.27559976552, 0.42913460577, 0.29526562872]
    ],
    [
      [1.7427328607e-05, 0.76162395631, 0.23835861636],
      [0.45740435468, 0.3669271069, 0.17566853842],
      [0.88404413181, 0.094451139398, 0.021504728792],
      [0.0070771806111, 0.93565331495, 0.057269504442],
      [0.52795286337, 0.1870608546, 0.28498628202],
      [0.30565020375, 0.34167942082, 0.35267037543]
    ],
    [
      [5.2720795348e-05, 0.88218742807, 0.11775985113],
      [0.5225741191, 0.38808773961, 0.089338141292],
      [0.90618144362, 0.085065692239, 0.0087528641425],
      [0.0061057665566, 0.96972074182, 0.024173491625],
      [0.61237465334, 0.23875590236, 0.1488694443],
      [0.41178930857, 0.35801907877, 0.23019161266]
    ],
    [
      [2.1365005039e-05, 0.88751265595, 0.11246597904],
      [0.41743607502, 0.48417663123, 0.098387293746],
      [0.88939199048, 0.098131394318, 0.012476615202],
      [0.0035772217265, 0.97575495666, 0.020667821612],
      [0.6401414158, 0.14075534919, 0.21910323501],
      [0.29433558741, 0.48899923024, 0.21666518235]
    ],
    [
      [0.0016313932842, 0.87290910691, 0.1254594998],
      [0.42145021043, 0.45781032632, 0.12073946325],
      [0.85059331157, 0.13392807922, 0.015478609206],
      [0.0031548404274, 0.96681077717, 0.030034382403],
      [0.50650219861, 0.28431245538, 0.20918534601],
      [0.2804745994, 0.46247422304, 0.25705117756]
    ],
    [
      [0, 0.784069808, 0.215930192],
      [0.3420972658, 0.44657596116, 0.21132677304],
      [0.88359895035, 0.08256812102, 0.033832928633],
      [0.0025850517004, 0.94218232984, 0.055232618455],
      [0.41498840101, 0.20545784219, 0.37955375681],
      [0.19919182045, 0.40579619557, 0.39501198399]
    ],
    [
      [1.7236592842e-05, 0.65238203382, 0.34760072959],
      [0.37824129045, 0.401863434, 0.21989527555],
      [0.88521975223, 0.092632964915, 0.022147282854],
      [0.0089419864942, 0.92844987402, 0.062608139483],
      [0.52727551422, 0.17157887226, 0.30114561352],
      [0.3056565248, 0.32279361879, 0.37154985641]
    ],
    [
      [1.7203934764e-05, 0.84765161796, 0.15233117811],
      [0.46869787772, 0.40260133972, 0.12870078256],
      [0.87602025013, 0.10834240774, 0.015637342134],
      [0.0042046418936, 0.95859182795, 0.037203530161],
      [0.55061928142, 0.23152828143, 0.21785243715],
      [0.31819751004, 0.40742833571, 0.27437415425]
    ],
    [
      [9.3186338966e-05, 0.77085467134, 0.22905214232],
      [0.55670125115, 0.28874578704, 0.15455296181],
      [0.92022281828, 0.062870355545, 0.016906826176],
      [0.0082711125566, 0.93032280902, 0.061406078427],
      [0.60370610299, 0.15431893166, 0.24197496535],
      [0.37576092534, 0.29593271046, 0.3283063642]
    ],
    [
      [0.0021685228813, 0.78567430002, 0.2121571771],
      [0.50302418138, 0.32319266745, 0.17378315117],
      [0.8886274335, 0.09149887877, 0.019873687727],
      [0.0057640280303, 0.93750470799, 0.056731263978],
      [0.55885975857, 0.16298533984, 0.27815490159],
      [0.32289325272, 0.33734051871, 0.33976622856]
    ],
    [
      [0.02021590457, 0.73857086648, 0.24121322895],
      [0.58486925297, 0.20797953957, 0.20715120746],
      [0.88601996906, 0.095159713048, 0.018820317891],
      [0.01270735382, 0.92190961552, 0.065383030664],
      [0.6081716621, 0.069843231014, 0.32198510689],
      [0.35742642379, 0.25428351657, 0.38829005964]
    ]
  ],
  "expected_outcome": [
    [
      [0.049429497151, 0, 0.0035558977228, 0, 0.027532071993, 0.0024154123323, 0.0074915731928, 0.023129668719, 0.019361156575, 0.0039513547653, 0.19030340638, 0.0050501952488, 0.00063506290637, 0.0017315909771, 0.00067678463501, 0.00074935056617, 0.0071908915601, 0, 0.0017472929484, 0.049916045807, 0.014664091882, 0.001542148936, 0.04345390045, 0, 0.013185724642, 0.00058502103767, 0.012269374539, 0.010304438976, 9.7764324417e-05, 0.001429591825, 0.0022668908592, 0.00054834807785, 0.023755333592, 0.00085142835838, 0.00031925658399, 0.016298657199, 0.011626413818, 0.0028311698054, 7.5270673828e-05, 0.00063336144562, 0.00035047570864, 0.00013761337893, 0.00092944601878, 0.023684572904, 0.00039974815779, 0.0013101155662, 0.020770174266, 0.019075915169, 0.002377079085, 0.011164925171, 0.0022127743934, 0.028424198524, 0.00021820494313, 0.00041522064239, 0.0014493656887, 0.00093976443377, 0.0033890233764, 0, 0.00012636190882, 0.0028377560612, 0.0022202422643, 0.029920713483, 0.043238889461],
      [13.2217290813, 0, 81.8398847095, 37.6915942181, 39.5434287276, 18.4120514275, 33.8522375755, 13.9661739175, 23.9099530009, 50.5715458309, 19.6626193702, 7.6606886512, 3.4704049897, 16.2745605668, 0.90317123875, 7.4724200286, 25.0767590643, 8.8954162438, 10.7598343287, 7.2522555988, 26.8695884118, 59.0152520751, 7.8162076616, 16.761156073, 6.9547063846, 6.3219057263, 44.7929256858, 20.2249917137, 0.71332573722, 6.0869794818, 9.7651331684, 13.1261809851, 11.2126821651, 10.4783938183, 11.0069900347, 9.2899469102, 5.3412619413, 12.1670294534, 12.5413698738, 9.3161329922, 9.3135500174, 5.5070689332, 17.9222085777, 24.8721311146, 5.7306709624, 29.7279097064, 11.5431323969, 8.1697316396, 27.1739323932, 12.1864428363, 10.6118565425, 11.0333795601, 8.9011572283, 9.5501646881, 12.8349494346, 20.7753510062, 8.4525930714, 11.1719236055, 2.7711061609, 73.3920905591, 9.4496270476, 51.3167714242, 8.2948771577],
      [3.7288414215, 0, 26.1565593928, 10.3084057819, 19.4290392004, 6.5855331601, 10.1402708513, 5.0106964138, 10.0706858426, 16.4245028143, 2.1470772234, 1.3342611536, 0.52895994737, 3.7237078422, 0.096151976613, 1.5268306209, 5.9160500442, 2.1045837562, 5.2384183783, 1.6978283554, 10.1157474963, 19.983205776, 1.1403384379, 4.238843927, 1.0321078907, 1.6775092526, 9.1948049397, 5.7647038473, 0.28657649845, 0.91159092642, 2.2325999407, 2.8732706668, 1.7635625013, 2.5207547533, 2.9926907088, 2.6937544326, 2.6471116449, 1.8301393768, 3.4585548555, 1.6832336464, 2.6860995069, 1.4927934534, 4.0768619763, 5.1041843125, 2.2689292895, 6.270780178, 3.4360974289, 3.8111924452, 4.8236905277, 1.8023922385, 4.3859306831, 2.9381962414, 2.0986245668, 3.4494200913, 2.1636011997, 3.2237092294, 1.5440179052, 3.8280763945, 1.2287674772, 16.6050716848, 3.5481527101, 17.6533078623, 3.6618839528]
    ],
    [
      [6.6719075809, 0.901620665, 27.1456107108, 19.1266658293, 30.1979984124, 17.5821689344, 15.0573889779, 8.6699283958, 7.3920005838, 15.7008062719, 2.6019401623, 0.87658797916, 1.2763688616, 0.79965961348, 0.55200649024, 1.1815012045, 3.4578685568, 0.53470975645, 2.0427518866, 0, 3.8784638275, 34.1829141222, 3.0499955735, 6.9855897483, 9.4103638838, 0.37707703411, 26.4275678936, 24.7553968018, 2.0262842632, 1.4710013149, 9.9542792601, 9.3902528488, 10.6548269834, 10.4613528842, 10.7198990745, 11.5000617593, 5.8615044071, 4.8456734298, 11.2178652818, 14.9733782461, 9.6884991089, 16.7192307556, 22.9609093488, 10.7322731894, 18.3384444028, 29.8538580962, 10.0125764357, 14.8027619188, 20.0467843237, 4.5681852532, 15.8629598541, 11.7518794372, 15.3250833557, 25.3629583756, 6.1456933958, 2.9260139566, 7.070427326, 1.9833310936, 5.3607744815, 52.592241674, 13.4428379931, 58.2487487723, 14.1853795546],
      [6.5409715154, 0.91332919766, 24.0441686871, 16.5634562269, 18.8852562991, 10.2791773444, 14.0597282594, 6.2134163271, 5.3546391813, 12.5105649513, 2.0835035373, 0.88919140626, 1.4201688607, 0.87703621993, 0.38898627704, 2.1962116253, 4.9476754484, 0.33809610705, 3.5643376042, 0, 3.381667309, 26.2170055523, 4.9536747428, 5.1726012955, 4.6009391299, 0.43029831664, 27.6248553483, 13.0260849076, 0.63323757931, 2.0791097872, 13.7338551195, 6.5926621181, 10.1395707842, 6.3932608019, 10.3829340114, 6.033815195, 3.0354917128, 7.5696363871, 7.779259121, 13.6351658407, 10.2513264178, 11.9786547377, 16.012783745, 14.9701737876, 11.5332742213, 24.8621241843, 8.4700678489, 8.6037033764, 16.8283312103, 6.1594854477, 8.9681245067, 6.7446455173, 14.1352087924, 17.2086723445, 3.9352837081, 2.5333828082, 7.1117675267, 2.0439950739, 3.6110012731, 40.6448079448, 6.2720682812, 36.1422579051, 6.4819117331],
      [2.7871209038, 0.18505013734, 10.8102206021, 6.3098779437, 12.9167452885, 5.1386537212, 5.8828827628, 3.116655277, 3.2533602349, 5.7886287768, 0.31455630048, 0.23422061458, 0.30346227766, 0.32330416659, 0.059007232713, 0.62228717025, 1.5944559948, 0.1271941365, 2.3929105092, 0, 1.7398688635, 12.6000803255, 0.9963296837, 1.8418089562, 0.98869698636, 0.19262464925, 7.9475767582, 5.2185182906, 0.34047815746, 0.44988889795, 4.3118656204, 2.0170850331, 2.2056022324, 2.1453863139, 3.8971669141, 2.4661230457, 2.1030038801, 1.5846901831, 3.0028755972, 3.3914559132, 4.0601744733, 4.3021145066, 5.0263069062, 4.297553023, 6.1282813758, 7.2840177195, 3.5173557154, 5.5935347049, 4.124884466, 1.2723292991, 5.1689156392, 2.5034750455, 4.5397078519, 8.4283692799, 0.91902289605, 0.54060323521, 1.8178051472, 0.97267383248, 2.0282242455, 12.7629503812, 3.2850937256, 17.6089933226, 4.3327087123]
    ],
    [
      [5.1321265413, 15.4058701472, 429.5587289354, 238.3734325154, 483.0244274397, 409.4162780204, 214.0821554252, 176.403390666, 173.1780235054, 323.2617152203, 8.0892570442, 25.9895890527, 10.2724179568, 58.4600702233, 6.3771040271, 8.5135655764, 42.2347207804, 13.4840458382, 12.0106540485, 21.5267796426, 31.8233915981, 185.3602059017, 54.8734752626, 24.8272192754, 44.9296175098, 9.1184687108, 242.141317196, 194.2688545357, 18.9762426809, 49.5309345412, 230.0561635481, 243.1890158024, 169.6010503035, 228.9181762319, 244.9159961524, 118.1787262652, 127.4245352481, 146.5421729507, 265.4759717938, 199.4332827296, 123.8995730953, 373.3521991379, 600.8613316001, 182.2983851733, 401.4437114129, 399.3522489126, 174.2872237464, 273.2989476909, 290.030504563, 101.3714376588, 285.3950436719, 218.3536297218, 284.5713522545, 350.9457035278, 42.3216054513, 27.1844356093, 70.2915124637, 12.7052469628, 255.9603670194, 785.3806677978, 129.1545241961, 487.6746038716, 66.9858798778],
      [0.71480355004, 2.3133089998, 62.4082134563, 33.5130352043, 50.7405640217, 38.4112787543, 32.4846577159, 20.8479289538, 21.4698728113, 42.6896739061, 0.85172963494, 4.5141204797, 1.5606470717, 10.8742966138, 0.58959502539, 2.1750589286, 9.3055636093, 1.2949683874, 3.0050331941, 2.1322144661, 4.1193602857, 23.4702247701, 13.8983816938, 2.679885133, 4.0491008034, 1.5765839237, 41.3996782381, 16.5403991321, 0.76034448022, 11.4218785932, 49.0947241711, 28.1179041502, 26.5477760025, 22.6283027486, 38.1266454231, 9.7557546133, 10.4919272226, 37.1491998665, 29.9358645625, 29.608962214, 21.0886052227, 42.2536597411, 67.9089321602, 40.037092466, 39.5595759699, 54.577663388, 23.9084134088, 25.6108347473, 40.1399124276, 21.7853399065, 25.7435622045, 20.0042238, 41.9336555667, 38.2522037342, 4.2997963154, 3.4821449546, 11.4082582495, 1.8398162605, 26.4048907491, 99.4250776112, 9.3923129753, 50.1071043537, 5.5409846888],
      [0.15306990867, 0.28082085304, 13.0330576083, 6.1135322803, 13.2350085386, 9.1724432253, 6.4331868588, 4.7486803803, 5.3521036833, 9.0486108737, 0.059013320832, 0.49629046764, 0.16693497149, 1.6656331629, 0.033300947504, 0.31137549508, 1.4597156104, 0.22098577443, 0.98431275744, 0.34100589133, 1.0572481162, 5.1695693282, 1.2281430435, 0.49289559165, 0.021281686812, 0.30494736547, 5.4590045659, 3.1907463322, 0.26341283893, 1.0471868656, 7.8491122808, 3.6930800474, 1.851173694, 3.4535210195, 6.9573584244, 2.0655191215, 3.0835375293, 3.3086271828, 5.5881636438, 2.9577550564, 4.011821682, 7.3941411211, 9.2297362396, 5.6645223607, 9.9967126172, 7.0700876994, 4.8043628447, 7.0902175618, 3.8295830094, 1.8432224348, 6.8613941236, 3.6421464782, 6.4949921788, 8.8020927379, 0.37859823331, 0.33341943612, 1.3002292868, 0.45493677668, 6.6347422315, 14.1942545911, 2.4531628286, 11.2182917747, 1.4731354333]
    ],
    [
      [0.23024865874, 0.011631808391, 3.3082944281, 1.180712165, 4.1796605955, 2.1912956953, 1.3774955719, 0.77727618308, 1.6160151746, 2.1140663911, 0.40775450973, 0.27119177534, 0.12425334949, 0.40168211756, 0.0064199137332, 0.13371561337, 0.66708373744, 0.060014538826, 0.29068714009, 0.16966744808, 0.57170263977, 2.0546191151, 0.98310462319, 0.40315992475, 0.69087180344, 0.1172429478, 2.2309937576, 2.3444310767, 0.66441036771, 0.91479439995, 2.0406996518, 1.2584421453, 0.92753674967, 0.97567476219, 0.87094187124, 0.64165167504, 0.76527822682, 3.4903617295, 0.8604946144, 0.96105223882, 0.75257902433, 1.3691246725, 2.1976410584, 1.852560055, 1.522657878, 1.8563817576, 0.46120706587, 1.0159497784, 2.1315824041, 1.2959888928, 1.2593163351, 0.80299075275, 1.0265814968, 1.5411474569, 0.52962581544, 0.47458081677, 0.47692332532, 0.22704027396, 1.5156682857, 5.4300850759, 1.9097797485, 3.6005054661, 0.9936274501],
      [102.8372238498, 16.5574427302, 1087.7555455599, 443.2225327307, 616.9281392865, 374.3054836525, 496.5326579008, 201.2581365921, 348.3859836983, 685.6665096874, 102.4935303715, 98.0383191989, 74.1831342129, 138.1852834452, 26.7261434725, 70.2603014764, 196.4463304289, 71.9247692986, 126.0440688085, 80.605467904, 198.5620475136, 597.568753005, 122.4013560044, 147.234346723, 70.3970905404, 99.2138590155, 604.5167925899, 372.6197128189, 58.3647437086, 149.8320100808, 277.1242577973, 311.7588208142, 167.3310959949, 202.9468675493, 265.9429810985, 111.8096674945, 99.2669993888, 436.475492633, 226.5753398581, 240.4100946517, 263.4541633243, 246.7636180351, 406.6988661512, 261.9310176174, 212.7475978763, 559.0641968773, 165.2237353641, 143.970019009, 538.0469745713, 181.8650179846, 194.3796862635, 150.4560169709, 278.1086774962, 340.3237366788, 115.8738879803, 159.5047099672, 145.3212921337, 106.7136339381, 277.0679486574, 1545.5384594919, 229.5073049707, 746.3439719315, 116.6430074189],
      [4.9325274914, 0.43092546137, 57.9361600121, 20.5967551043, 46.892200118, 22.5032206523, 25.0898465273, 11.9645872248, 22.9980011271, 37.2194239215, 0.098715118731, 2.6904890258, 1.6926124376, 5.4130344372, 0.26743661376, 2.6059829103, 7.8865858337, 3.0152161625, 8.6652440514, 3.2248646479, 11.8662498466, 33.3766278799, 2.6155393724, 6.3624933522, 0.9120376562, 4.6688980367, 20.2522136525, 18.0358561045, 3.9708459237, 3.2531955192, 10.8350425509, 10.9827370405, 3.7413672554, 8.0774576885, 12.1860770303, 5.5486808304, 7.9677223844, 9.0341456375, 10.5641655275, 6.6288531095, 12.7932576513, 10.8672572924, 15.1034927904, 9.2164223276, 13.7297442457, 19.0794213651, 8.3150575701, 11.0140312126, 13.8214430246, 3.8389931226, 13.3609974014, 6.7409922764, 10.864741007, 20.1351158644, 2.5964862043, 3.0207092161, 4.2017845409, 6.059325788, 18.4163830569, 57.0314554322, 14.5829152808, 43.0555226024, 8.363365131]
    ],
    [
      [0, 0.5488867808, 34.3189566552, 16.7145595495, 31.7683477444, 39.0703525744, 19.4506620145, 21.6142753435, 24.6000510255, 24.418899166, 1.2586837928, 6.2438215667, 1.5441088231, 2.7269762548, 1.3272838313, 0.36918718991, 2.8481525941, 0.59233071235, 1.049830433, 4.8688394184, 1.3902027726, 13.5866128105, 0.43174714621, 2.780589365, 4.8722576288, 0.42301124999, 18.8065912169, 26.1775881978, 3.4995253121, 5.8931390868, 14.2334418242, 25.9614057275, 17.6408548066, 16.4533194223, 5.3207855349, 10.5384500313, 7.0359432971, 7.7483312204, 22.4173819351, 8.7702731969, 4.1080267359, 15.8579441783, 31.1523702939, 7.2180249536, 22.7130148679, 19.2727240383, 9.9955124161, 9.9285283743, 13.685023252, 6.5567424551, 13.2022362144, 5.4945730539, 15.4726147298, 15.9949659014, 4.4628201179, 1.1927160012, 4.6638607261, 4.3460193094, 9.5017433225, 55.4598926869, 10.407097585, 23.3221139896, 1.7420811878],
      [0, 0.26898447023, 15.4870233862, 7.3150243159, 10.0753406924, 11.3892448496, 9.1737271782, 7.6129188089, 8.8320894401, 10.0130829931, 0.49387898816, 3.0601447703, 0.86177243093, 1.6194509242, 0.44720072569, 0.31233027088, 2.0255339371, 0.18710935084, 0.91463708515, 1.4772529428, 0.54426482814, 5.2998160727, 0.3136330846, 1.0325936929, 1.2887797408, 0.23618584707, 9.9986515228, 6.8410721687, 0.53945857581, 4.1982986476, 9.780954124, 9.0142792222, 8.3230336042, 5.0685247616, 2.469153213, 2.7926805475, 1.8446331543, 6.1648125841, 7.8103073616, 3.9973262273, 2.0718392321, 5.5687362765, 10.8536535444, 5.0635288402, 7.0390965774, 8.0660727406, 4.2786471795, 2.9110430645, 5.7143812852, 4.4651862301, 3.7673650345, 1.5526624097, 7.112033943, 5.3879102948, 1.4528525996, 0.44807757603, 2.3827297575, 2.1546706957, 2.9915278192, 21.6656321559, 2.4532775494, 7.2232121304, 0.38401690245],
      [0, 0.18212874897, 22.1940199586, 8.9704161346, 22.1563115632, 18.540402576, 12.3756108073, 12.7728058476, 17.5678595344, 14.5680178409, 0.24743721906, 2.696033663, 0.59411874594, 1.6535728209, 0.22551544303, 0.31848253921, 2.1263134689, 0.22055993681, 2.0355324819, 1.6539076388, 1.0655323992, 8.1135711168, 0.25461976919, 1.1868169421, 0.83896263039, 0.34080290294, 9.1947572603, 8.9813396334, 0.96101611212, 2.9085622656, 9.9856040518, 9.0243150504, 6.0361115892, 5.4781558161, 3.210061252, 3.6688694212, 4.1194235486, 4.0868561955, 9.7723107033, 3.2324005758, 2.820134032, 6.5733195452, 10.9939761617, 4.7184462062, 12.2478885547, 7.6612032211, 5.7258404044, 6.1604285613, 4.6005954628, 2.9780713148, 7.0303987511, 1.9527645364, 7.4153513272, 8.6171238038, 1.0843272825, 0.35920642272, 1.9534095164, 3.4993099949, 5.5067288583, 21.8744751572, 4.1396248656, 11.45467388, 0.87390190975]
    ],
    [
      [0.91628772193, 1.1319905986, 27.6648533729, 15.6046299407, 20.802033736, 24.7374893632, 12.0248064373, 12.5119997429, 11.1945485541, 19.500561596, 2.4520610846, 2.6137594309, 0.78221594608, 1.6098801999, 0.736508953, 0.80128106531, 1.7849834397, 0.32889915421, 0.60432919887, 1.3847974451, 4.3215750701, 11.8141059015, 0.61822349398, 4.0034416866, 3.0837034496, 0.96361503626, 17.3812605614, 15.443424949, 1.8334396118, 2.1887010653, 10.7131488249, 12.200335128, 7.1519758233, 11.190625271, 11.1720581103, 7.1248116119, 6.901112407, 4.3706294997, 14.0282111042, 9.8613802271, 9.5509715598, 18.7013636424, 29.8268182527, 6.8750720557, 12.9817716903, 17.6634770797, 10.2227101616, 8.9347363224, 17.103728378, 4.196480815, 15.2782311502, 10.5685028358, 13.6041499582, 17.1548095177, 1.5388058539, 2.2213138517, 5.4938871355, 1.7383623603, 8.661320529, 38.1342750093, 10.083540235, 32.1241071869, 2.0497930403],
      [1.6852720034, 1.9469346021, 41.4651642011, 22.6943573041, 21.8272709728, 24.2027639718, 18.8969913702, 15.1014254006, 14.0474618681, 26.5486226312, 3.4147380979, 4.8375354937, 1.503872434, 3.16937223, 0.94490326062, 2.5836776704, 4.1981375121, 0.35964061223, 1.7120889794, 1.5328090884, 6.5230716517, 15.4289485249, 1.6167468127, 5.1194170827, 2.7093834009, 2.2211671708, 30.6670966152, 13.747739259, 0.9888899188, 5.3817234094, 24.5010756198, 14.3901527102, 11.4458414491, 11.4846503203, 18.0712962193, 6.3181352395, 6.0196865802, 11.4738290759, 16.3578592231, 15.0323180742, 16.8205157856, 21.9282622764, 34.6035558215, 16.1260561743, 13.3897843927, 24.7020331034, 14.5760038018, 8.7346681633, 24.0964681124, 9.5385275948, 14.5294054483, 10.2090717422, 20.8092669735, 19.2773122596, 1.6032299619, 3.2563336878, 9.3233592611, 3.0759604263, 9.1535253404, 49.3339322371, 7.9254091758, 33.8666822551, 1.6552020989],
