{
  "X": [
    [28, 33, 170, 665, 86],
    [31, 33, 58, 434, 22],
    [83, 128, 245, 821, 83],
    [10, 9, 51, 188, 37],
    [12, 11, 36, 201, 36],
    [5, 10, 28, 182, 8],
    [51, 38, 114, 792, 49],
    [12, 14, 61, 246, 18],
    [52, 48, 417, 1711, 198],
    [29, 40, 296, 1009, 112],
    [16, 12, 235, 441, 50],
    [17, 20, 126, 353, 41],
    [38, 34, 180, 683, 81],
    [15, 33, 197, 782, 118],
    [4, 3, 31, 144, 27],
    [33, 25, 171, 647, 64],
    [19, 51, 58, 184, 21],
    [7, 5, 51, 155, 16],
    [20, 34, 231, 674, 122],
    [71, 56, 171, 570, 52],
    [13, 23, 70, 81, 17],
    [62, 106, 503, 598, 139],
    [26, 67, 333, 231, 82],
    [13, 30, 112, 118, 36],
    [72, 67, 294, 689, 82],
    [52, 118, 359, 854, 103],
    [30, 75, 233, 370, 70],
    [34, 73, 264, 382, 68],
    [41, 74, 395, 386, 96],
    [31, 55, 301, 435, 97],
    [28, 29, 167, 317, 50],
    [31, 66, 198, 296, 54],
    [33, 57, 285, 269, 65],
    [51, 74, 391, 1140, 96],
    [18, 43, 189, 183, 48],
    [25, 57, 309, 270, 68],
    [43, 41, 92, 742, 39],
    [9, 34, 95, 187, 30],
    [52, 134, 386, 1145, 106],
    [28, 36, 187, 604, 109],
    [153, 106, 791, 1361, 319],
    [26, 8, 76, 288, 17]
  ],
  "W": [
    [223, 609, 39, 111],
    [95, 371, 43, 69],
    [354, 744, 125, 137],
    [66, 185, 9, 35],
    [58, 191, 12, 35],
    [37, 158, 14, 24],
    [177, 696, 52, 119],
    [88, 217, 21, 25],
    [526, 1569, 77, 254],
    [379, 931, 49, 127],
    [274, 397, 19, 64],
    [157, 330, 26, 44],
    [252, 636, 49, 79],
    [250, 707, 66, 122],
    [52, 137, 5, 15],
    [224, 581, 44, 91],
    [112, 164, 26, 31],
    [66, 140, 9, 19],
    [321, 603, 51, 106],
    [248, 512, 73, 87],
    [87, 72, 19, 26],
    [641, 467, 145, 155],
    [388, 184, 71, 96],
    [133, 106, 31, 39],
    [414, 600, 83, 107],
    [496, 704, 155, 131],
    [299, 324, 77, 78],
    [340, 300, 88, 93],
    [505, 314, 104, 69],
    [392, 382, 65, 80],
    [206, 277, 38, 70],
    [247, 255, 71, 72],
    [348, 209, 64, 88],
    [511, 978, 100, 163],
    [210, 166, 46, 59],
    [349, 233, 63, 84],
    [152, 682, 46, 77],
    [123, 167, 46, 19],
    [507, 970, 167, 179],
    [245, 571, 57, 91],
    [995, 1306, 142, 287],
    [97, 252, 21, 45]
  ],
  "method": "mvn_cdf",
  "mvncdf_method": "genz",
  "mvncdf_samples": 5000,
  "mvncdf_error": 0.001,
  "cond_prob": [
    [
      [0.042228056368, 0.060979383199, 0.68617891066, 0.083328324736, 0.12728532504],
      [0.010018239405, 0.0002691609066, 0.00017578640513, 0.94824082173, 0.041295991548],
      [0.065178696619, 0.46117018502, 0.15341998664, 0.29385922583, 0.026371905891],
      [0.089550148323, 0.011279651701, 0.098123148861, 0.51782534541, 0.28322170571]
    ],
    [
      [0.1113648252, 0.1076468821, 0.53485776758, 0.15268932302, 0.093441202093],
      [0.013440592642, 0.0017560501706, 0.0014890704593, 0.97561232737, 0.007701959358],
      [0.10343634821, 0.49263391938, 0.071808904126, 0.32127397321, 0.010846855081],
      [0.1592191125, 0.013605696435, 0.051424406692, 0.63373275378, 0.14201803059]
    ],
    [
      [0.10168371436, 0.12218054178, 0.61058557382, 0.078091552016, 0.087458618015],
      [0.012270399462, 0, 0.0075226930534, 0.94915391545, 0.031052992032],
      [0.086122247893, 0.65024072213, 0.085926424992, 0.16642637817, 0.011284226819],
      [0.19787961262, 0.025313853603, 0.091350511754, 0.48453854174, 0.20091748028]
    ],
    [
      [0.041736309982, 0.057524320077, 0.68541264583, 0.056128702954, 0.15919802116],
      [0.017334806397, 0.001170070441, 0.0025018632146, 0.91473376324, 0.064259496712],
      [0.070898181776, 0.50807343667, 0.17030498117, 0.2133508208, 0.03737257959],
      [0.09715373491, 0.011836311809, 0.10763359572, 0.37570291484, 0.40767344273]
    ],
    [
      [0.066048541267, 0.074217471685, 0.555291766, 0.090371498563, 0.21407072248],
      [0.017349735277, 0.001688570708, 0.0019454658142, 0.92773370092, 0.051282527278],
      [0.086578493711, 0.49941528999, 0.10567259829, 0.27047060949, 0.037863008524],
      [0.10904123555, 0.010853890206, 0.061526354914, 0.43759053981, 0.38098797953]
    ],
    [
      [0.042935826075, 0.078204970121, 0.65987557433, 0.13650833886, 0.082475290621],
      [0.0059777933733, 0.0020752017746, 0.001854466718, 0.98286570337, 0.0072268347665],
      [0.050188310011, 0.46415307678, 0.10895176014, 0.36429432602, 0.01241252704],
      [0.07351028092, 0.011682964592, 0.073594723605, 0.68984540691, 0.15136662397]
    ],
    [
      [0.10258379256, 0.077564529261, 0.57053939098, 0.14414871711, 0.10516357009],
      [0.012889899186, 0.0019212083886, 0.0021392538837, 0.96853085708, 0.014518781461],
      [0.11345311968, 0.41770263123, 0.091419769293, 0.36201982502, 0.015404654775],
      [0.15102299714, 0.010196474439, 0.056905706634, 0.61817789616, 0.16369692562]
    ],
    [
      [0.061701822566, 0.060669943224, 0.64071944645, 0.13264403243, 0.10426475533],
      [0.011175867453, 0.0015068684676, 0.0017184499521, 0.9674536591, 0.018145155029],
      [0.079103367668, 0.38658413986, 0.11928663848, 0.39699391826, 0.018031935742],
      [0.099356226234, 0.0086315040714, 0.069550626596, 0.64212035353, 0.18034128957]
    ],
    [
      [0.040816585807, 0.035268057419, 0.70992187274, 0.089369205852, 0.12462427818],
      [0.0041220018071, 0, 0.002412144861, 0.95468588944, 0.038779963896],
      [0.064469884719, 0.35858549684, 0.18423214361, 0.36281136627, 0.02990110856],
      [0.075192416956, 0.0072358997674, 0.10082899447, 0.54391008659, 0.27283260222]
    ],
    [
      [0.03327928402, 0.048936955652, 0.71863015168, 0.085613797105, 0.11353981154],
      [0.004622535754, 0, 0.0015037965199, 0.95682589086, 0.037047776865],
      [0.0564728087, 0.41305578152, 0.17625266626, 0.32847212823, 0.025746615286],
      [0.073357503491, 0.0095524449885, 0.10710832523, 0.54844356081, 0.26153816548]
    ],
    [
      [0.034940299845, 0.01929352778, 0.79688816958, 0.06869584312, 0.080182159677],
      [0.00055464701248, 0, 0.0062675471242, 0.96084292761, 0.032334878252],
      [0.062546938197, 0.33136667815, 0.24985738803, 0.33280289694, 0.023426098685],
      [0.078402674263, 0.0065251016155, 0.14714273367, 0.53749127627, 0.23043821418]
    ],
    [
      [0.042381471502, 0.050944334854, 0.73730251644, 0.068739911316, 0.10063176589],
      [0.012206749505, 0, 0, 0.94812070699, 0.03967254351],
      [0.071366078916, 0.4429238124, 0.18615718781, 0.27600790638, 0.023545014505],
      [0.10141735422, 0.011039097857, 0.12280495537, 0.50344988755, 0.261288705]
    ],
    [
      [0.061489378724, 0.053456874885, 0.6575224349, 0.093195949518, 0.13433536197],
      [0.013836489893, 0, 0.00071979171817, 0.94679348298, 0.038650235412],
      [0.093171521616, 0.40457602734, 0.1462547108, 0.32831776747, 0.027679972764],
      [0.11568689153, 0.0089195213804, 0.084557949898, 0.52235942964, 0.26847620755]
    ],
    [
      [0.021182879966, 0.035109838786, 0.68752681436, 0.091840714949, 0.16433975194],
      [0, 0, 0.0031950544766, 0.95002407523, 0.046780870297],
      [0.049832303002, 0.35497471608, 0.17979529154, 0.37513005489, 0.04026763449],
      [0.052584819757, 0.0065099101802, 0.090105767655, 0.51323128242, 0.33756821999]
    ],
    [
      [0.041587046705, 0.029356345647, 0.53046204351, 0.11813191985, 0.28046264429],
      [0.0051827758501, 0, 0.014860631946, 0.93768308163, 0.042273510576],
      [0.066392996666, 0.28345941142, 0.12866547958, 0.45644464703, 0.065037465306],
      [0.05303121977, 0.003744864618, 0.049115984208, 0.47415564997, 0.41995228143]
    ],
    [
      [0.058953912138, 0.039657744524, 0.69035843151, 0.099882106603, 0.11114780523],
      [0.010741325903, 0, 0.0016580334951, 0.95761788214, 0.029982758458],
      [0.088833977619, 0.35134391761, 0.1627499598, 0.37276796777, 0.024304177205],
      [0.10598811336, 0.0072256357328, 0.090498853307, 0.56976514301, 0.22652225459]
    ],
    [
      [0.08601937467, 0.22664989237, 0.49236041152, 0.12170515653, 0.073265164901],
      [0, 0, 0, 0.95211744285, 0.047882557154],
      [0.021471069259, 0.8901212756, 0.029488489705, 0.05284281699, 0.0060763484428],
      [0.28411555601, 0.079743835118, 0.067384941194, 0.41444672903, 0.15430893865]
    ],
    [
      [0.050817926382, 0.029678198156, 0.71854099903, 0.094206938661, 0.10675593777],
      [0.008634007975, 0, 0.00069724967685, 0.95937877108, 0.031289971269],
      [0.078920663535, 0.3250830667, 0.18199662057, 0.38869665953, 0.025302989662],
      [0.090893145813, 0.006078490599, 0.096879448636, 0.57742337692, 0.22872553803]
    ],
    [
      [0.031254462667, 0.043577670198, 0.65411097605, 0.096045752151, 0.17501113894],
      [0.0015244533684, 0, 0.0067196112454, 0.94648455319, 0.045271382198],
      [0.054877603809, 0.37748688178, 0.16166647035, 0.36566679479, 0.040302249267],
      [0.058955795362, 0.0071673292043, 0.082391142646, 0.50745397597, 0.34403175682]
    ],
    [
      [0.13148903448, 0.078288686746, 0.60800497385, 0.09365315307, 0.088564151851],
      [0.0051662463704, 0.003837828084, 0.010842758435, 0.95284985565, 0.027303311461],
      [0.17384477019, 0.45873652865, 0.10866067873, 0.24417363626, 0.01458438616],
      [0.26499923083, 0.013007713981, 0.077368328953, 0.47230133907, 0.17232338716]
    ],
    [
      [0.059348187998, 0.10658616909, 0.72459407337, 0.032695286988, 0.07677628255],
      [0.026023579208, 0, 0.0078305385789, 0.91817676879, 0.047969113423],
      [0.068074156769, 0.68195509712, 0.12606604361, 0.11146807681, 0.012436625688],
      [0.17960003702, 0.029609863209, 0.15389469272, 0.3818803546, 0.25501505245]
    ],
    [
      [0.04465591101, 0.057235505846, 0.71723689726, 0.069088591979, 0.1117830939],
      [0.013337147524, 0, 7.3862457226e-05, 0.94316978519, 0.04341920483],
      [0.073677117584, 0.4651933305, 0.17344026689, 0.26270783137, 0.024981453656],
      [0.10621891032, 0.011993598899, 0.11656655735, 0.48491153104, 0.2803094024]
    ],
    [
      [0.027056014438, 0.065975582809, 0.7771494396, 0.033112599996, 0.096706363159],
      [0.013538591536, 0.001565135749, 0.0033941344707, 0.91971010177, 0.061792036476],
      [0.053179142312, 0.55392154928, 0.20294211237, 0.16659286884, 0.023364327209],
      [0.096202567202, 0.018594363475, 0.17117298662, 0.38643290405, 0.32759717866]
    ],
    [
      [0.036402971875, 0.077000062411, 0.75082936461, 0.030373818605, 0.1053937825],
      [0.019214566895, 0.0021162398899, 0.0041669245858, 0.90435811666, 0.070144151974],
      [0.057261183431, 0.60346143361, 0.17624497251, 0.14009195937, 0.022940451078],
      [0.11145035804, 0.021214508438, 0.15985657314, 0.35270438512, 0.35477417526]
    ],
    [
      [0.084170855004, 0.067617057472, 0.65703055156, 0.092123594099, 0.099057941868],
      [0.014679261545, 0.00098000928983, 0.0028556810493, 0.95235300009, 0.029132048031],
      [0.11951980202, 0.44779954509, 0.13086651804, 0.28356961431, 0.018244520541],
      [0.17220154704, 0.01169318122, 0.087981514287, 0.52254910284, 0.20557465461]
    ],
    [
      [0.047944142526, 0.079729107364, 0.66127655904, 0.10467465976, 0.1063755313],
      [0.0094453127342, 0.00034146006296, 0.00096273329123, 0.96209735251, 0.027153141404],
      [0.061029365004, 0.49324024411, 0.12255190184, 0.30503511678, 0.018143372268],
      [0.09244773715, 0.013448374249, 0.086515402225, 0.59148388924, 0.21610459713]
    ],
    [
      [0.042858488936, 0.089143936407, 0.70772495485, 0.056990516211, 0.1032821036],
      [0.013497028261, 0, 0.0023816049144, 0.93693188778, 0.047189479047],
      [0.055568912269, 0.6066622926, 0.13880333303, 0.18019854175, 0.018766920354],
      [0.10940344111, 0.020935467742, 0.12731720341, 0.45536687562, 0.28697701211]
    ],
    [
      [0.044330266443, 0.074834892898, 0.70736005916, 0.075640315774, 0.097834465722],
      [0.012295660018, 0, 0.00011398096513, 0.95269993411, 0.034890424908],
      [0.063011558656, 0.5240803997, 0.14695481351, 0.24715233941, 0.01880088872],
      [0.10423649723, 0.015452271407, 0.11324045168, 0.52390222082, 0.24316855887]
    ],
    [
      [0.043020846992, 0.051732003711, 0.72687522144, 0.063946866121, 0.11442506174],
      [0.013431520137, 0, 0.00036499993876, 0.93864731222, 0.0475561677],
      [0.074971778313, 0.45284281605, 0.18648072346, 0.25858260111, 0.027122081067],
      [0.10521608698, 0.011299786339, 0.1220204051, 0.46491284137, 0.29655088021]
    ],
    [
      [0.037839456646, 0.057908072358, 0.71367945455, 0.064431971827, 0.12614104462],
      [0.01180244404, 0.00018263554227, 0.00099549989864, 0.93528588989, 0.051733530631],
      [0.065131120018, 0.48076253612, 0.17655372059, 0.24862110864, 0.028931514634],
      [0.092810957132, 0.012258800139, 0.11726726269, 0.45378856306, 0.32387441698]
    ],
    [
      [0.05249924893, 0.053215781713, 0.73416141075, 0.063412504761, 0.096711053847],
      [0.016976088435, 0, 0, 0.94241563243, 0.040608279132],
      [0.088557125514, 0.45300249674, 0.18366715941, 0.25237405346, 0.022399164882],
      [0.13025153506, 0.011763629872, 0.12547710469, 0.47568114006, 0.25682659032]
    ],
    [
      [0.04956124109, 0.08788335248, 0.71864726474, 0.052636172023, 0.091271969672],
      [0.017964909223, 0, 0.0025608625056, 0.93554589094, 0.043928337334],
      [0.065585834433, 0.60219604423, 0.14306093203, 0.1723332792, 0.016823910108],
      [0.13223232436, 0.021345733294, 0.13449693746, 0.44720834025, 0.26471666463]
    ],
    [
      [0.042621804464, 0.064393162651, 0.74927467684, 0.053620802307, 0.090089553739],
      [0.015919766152, 0.00062774100405, 0.00066984563072, 0.93983701081, 0.042945636405],
      [0.069890418581, 0.51675543138, 0.18112767299, 0.21206832115, 0.02015815589],
      [0.11781129695, 0.015768567261, 0.14227549605, 0.45842787482, 0.26571676492]
    ],
    [
      [0.043850613059, 0.059086343883, 0.70123484333, 0.10768682921, 0.088141370518],
      [0.0081373588424, 0.00050257164555, 0.0024912314404, 0.96977580289, 0.019093035183],
      [0.063930375392, 0.41639474339, 0.14812592485, 0.35432459604, 0.017224360331],
      [0.087367866504, 0.010281526797, 0.094601093402, 0.62023825426, 0.18751125904]
    ],
    [
      [0.029473340828, 0.068953710136, 0.79495377516, 0.023077321736, 0.083541852139],
      [0.01750293434, 0.0034131109172, 0.005805898728, 0.90904926665, 0.06422878936],
      [0.054169026726, 0.5798903845, 0.20858272776, 0.13701276582, 0.020345095191],
      [0.1087006118, 0.021664182577, 0.19493428051, 0.3550677448, 0.31963318031]
    ],
    [
      [0.027605821519, 0.060731003895, 0.79781019246, 0.031711217963, 0.08214176416],
      [0.014170384738, 0.0021103349665, 0.0044431605345, 0.92391543071, 0.055360689049],
      [0.055666625649, 0.53630486838, 0.21931101954, 0.16776950862, 0.020947977812],
      [0.10186751464, 0.018166248637, 0.18705228803, 0.39394060157, 0.29897334712]
    ],
    [
      [0.10728916423, 0.10738918392, 0.54502777339, 0.13822446333, 0.10206941513],
      [0.013923530959, 0.0003807486765, 0.0020576631311, 0.96843775689, 0.01520030034],
      [0.1029769689, 0.5072432428, 0.07576821921, 0.30105809251, 0.012953476578],
      [0.16180855006, 0.014077717889, 0.055417066315, 0.60606050801, 0.16263615773]
    ],
    [
      [0.032208211072, 0.073363283041, 0.69921643542, 0.071350868053, 0.12386120241],
      [0.007618257788, 0.00023674643851, 0.00020993288502, 0.94500099445, 0.046934068442],
      [0.049281328493, 0.53591265577, 0.14929104506, 0.24081365913, 0.024701311543],
      [0.078905256676, 0.014989335008, 0.11020692519, 0.49111835984, 0.30478012329]
    ],
    [
      [0.041197752216, 0.085780838348, 0.68230255098, 0.10032813187, 0.090390726586],
      [0.0072588501059, 0, 0.0021193481973, 0.96804229485, 0.022579506851],
      [0.051808085547, 0.52525049734, 0.12439743638, 0.28356853429, 0.014975446442],
      [0.086143601885, 0.015599340237, 0.096326631424, 0.60210427886, 0.19982614759]
    ],
    [
      [0.040828310775, 0.045657290123, 0.67601529506, 0.071505400869, 0.16599370318],
      [0.01102992695, 0, 0.0040675975002, 0.9296693354, 0.055233140153],
      [0.071609412663, 0.4214754119, 0.17850190208, 0.28776987628, 0.04064339708],
      [0.083705923624, 0.0086798400193, 0.097571935382, 0.43117695964, 0.37886534133]
    ],
    [
      [0.060630906462, 0.042607322148, 0.72185550148, 0.048828549352, 0.12607772056],
      [0.023145215001, 0, 0.0050845224919, 0.90470656078, 0.067063701723],
      [0.12057537246, 0.42794392898, 0.20759448927, 0.2098467273, 0.034039481983],
      [0.15791949264, 0.0098873747272, 0.12764798668, 0.35216233357, 0.35238281238]
    ],
    [
      [0.11382970052, 0.022739760009, 0.6829255773, 0.10718264573, 0.073322316448],
      [0.00946882585, 0, 0.01017747675, 0.9687175999, 0.011636097504],
      [0.17410712216, 0.26580321671, 0.15910888724, 0.38500681663, 0.015973957272],
      [0.19813611933, 0.0047194606298, 0.085560182876, 0.56447344537, 0.14711079179]
    ]
  ],
  "expected_outcome": [
    [
      [9.4168565701, 10.5796583943, 35.9960348844, 2.7545964588, 3.8308153935, 1.5886255648, 18.1573312833, 5.4297603858, 21.4695241346, 12.6128486434, 9.5736421575, 6.6538910258, 15.4953234385, 5.2957199915, 2.1625264287, 13.2056763189, 9.634169963, 3.3539831412, 10.0326825162, 32.609280552, 5.1632923558, 28.6244389572, 10.4977336019, 4.8415952593, 34.8467339718, 23.7802946928, 12.8146881919, 15.0722905907, 21.7255277311, 14.8330670051, 10.8148452796, 12.2416265492, 14.8323879536, 22.4076632729, 6.1894015738, 9.6344317102, 16.3079529623, 3.9616099619, 20.8872603735, 10.0029361398, 60.3277519301, 11.0414809507],
      [13.5984024533, 10.2264537995, 43.2519117906, 3.7966051251, 4.3046133577, 2.8935838945, 13.7289216793, 5.3389550037, 18.5509982026, 18.5471061919, 5.2864266118, 7.998260572, 13.4711324711, 8.7774596966, 1.5265299736, 8.8833347734, 25.3847879457, 1.9587610783, 13.9884321334, 19.4155943129, 9.2729967113, 36.6879592474, 25.5985261299, 10.2410083006, 27.9934617934, 39.5456372526, 26.6540369856, 25.4438635853, 26.1246618738, 22.6999643642, 10.962451033, 21.7071880626, 22.4088206027, 30.1931217242, 14.4802791286, 21.1951203592, 16.3231559564, 9.023683814, 43.4908850425, 11.1860360801, 42.3942855375, 2.2057567208],
      [153.0178970767, 50.8114879205, 216.1472931339, 45.2372346248, 32.2069224281, 24.41539625, 100.9854722042, 56.3833112875, 373.4189050596, 272.3608274886, 218.3473584642, 115.7564950807, 165.695653596, 171.8817035895, 27.5840262624, 154.6402886573, 55.1443660907, 47.423705936, 209.9696233107, 150.7852335147, 63.0396843832, 459.7488511451, 301.5339825639, 99.8603054936, 272.0106483444, 327.9931732863, 211.6097614987, 240.5024201152, 367.0719868274, 279.762346185, 151.2372506143, 177.5058743895, 260.7475875397, 358.3310049418, 166.9402927839, 278.4357571699, 82.8442215546, 86.0036215569, 345.9273933483, 165.6237472888, 718.2462239704, 66.2437809976],
      [18.5822164161, 14.5054856869, 27.6444094137, 3.7044943949, 5.2415469167, 5.0508085378, 25.5143229276, 11.672674854, 47.0082022784, 32.4476291029, 18.822661015, 10.7921660767, 23.4853792786, 22.9601787372, 6.1428598321, 22.373591879, 13.6309775318, 6.2176579517, 30.8306864405, 23.2259819614, 2.844489968, 44.2857874586, 12.8476887986, 4.0397178744, 38.1391679569, 51.9186312425, 17.0401643469, 25.7177073633, 32.2931673909, 25.2573329563, 13.0629759807, 13.0011344897, 18.6600392028, 55.0279697265, 4.8462375645, 11.0672150689, 21.0101184263, 8.7761567705, 50.8663628566, 17.518823213, 48.584406605, 10.3967166354],
      [28.3846274838, 8.8769141989, 30.9603507774, 10.5070693964, 12.4161019041, 3.051585753, 18.6139519056, 9.1752984689, 65.5523703248, 43.0315885732, 21.9699117516, 15.7991872448, 33.8525112158, 41.0849379852, 14.5840575032, 24.8971083713, 8.2056984689, 7.0458918928, 56.1785755992, 21.963909659, 6.6795365818, 71.6529631917, 37.5220689057, 14.0173730721, 41.0099879335, 52.7622635257, 30.8813489769, 33.2637183455, 57.7846561768, 49.4472894893, 19.9224770925, 22.5441765089, 31.3511647013, 45.0402403345, 17.5437889492, 28.6674756917, 15.5145511004, 15.2349278966, 45.8280983791, 40.6684572782, 125.447331957, 7.1122646955]
    ],
    [
      [6.1011077979, 4.9864598701, 9.1291771997, 3.2069391834, 3.3137994379, 0.94449135299, 8.9713698332, 2.4251632373, 6.4674208353, 4.3035807869, 0.22019486395, 4.0282273365, 8.8000075717, 0, 0.71004029146, 6.2407103497, 0, 1.2087611165, 0.91924538117, 2.6451181417, 1.8736977029, 6.2284478938, 2.4911008425, 2.0367440908, 8.807556927, 6.6495001649, 4.3730371565, 3.6886980055, 4.217497323, 4.5085336232, 4.7023764966, 4.5810518518, 3.3272311257, 7.9583369478, 2.9054871005, 3.301699644, 9.4958481139, 1.2722490506, 7.0410846027, 6.2980882886, 30.2276507917, 2.3861441142],
      [0.16391899212, 0.65149461328, 0, 0.21646303159, 0.32251700522, 0.32788188038, 1.3371610384, 0.32699045747, 0, 0, 0, 0, 0, 0, 0, 0, 0, 0, 0, 1.964967979, 0, 0, 0.28798497781, 0.22432142833, 0.5880055739, 0.24038788433, 0, 0, 0, 0.069766777149, 0, 0, 0.13119786985, 0.49151506935, 0.56657641226, 0.49170804719, 0.25967059737, 0.039536655232, 0, 0, 0, 0],
      [0.10705392072, 0.5524451404, 5.5968836317, 0.46284469471, 0.37158397052, 0.29300574144, 1.4889207031, 0.37290363961, 3.784655287, 1.40003456, 2.4882162083, 0, 0.45778753276, 2.258903515, 2.0359065766, 0.96331746064, 0, 0.097614954758, 4.051925581, 5.5514923188, 0.56379877768, 0.034493767525, 0.62452074261, 0.4416940061, 1.7134086296, 0.67776423702, 0.77163999227, 0.034194289538, 0.11460998077, 0.38028096128, 0, 0.65301993892, 0.13999773682, 2.4364243487, 0.96377918885, 1.0352564045, 1.4033262554, 0.035058791798, 2.0557677514, 2.3225981726, 6.6403863744, 2.564724141],
      [577.4786604365, 361.9521734544, 706.1705130964, 169.2257461986, 177.1971368762, 155.2927811321, 674.0974765284, 209.9374440243, 1497.9021605256, 890.8049043914, 381.4546422617, 312.8798333053, 602.1606551734, 671.667021185, 128.4625821831, 556.3759895257, 156.1472606267, 134.313027951, 570.7301855726, 487.8591260924, 66.1087273529, 440.4602896829, 169.2266587255, 95.8619603655, 571.4118000511, 677.3165361654, 303.5659316401, 285.8099802324, 294.7352560386, 357.2792099374, 261.0491301837, 238.564202189, 196.4259352591, 948.440735225, 150.9021782646, 215.272295356, 660.4745502014, 157.8151660726, 939.001026, 530.8411905117, 1181.5467683843, 244.1168351738],
      [25.1492588528, 2.8574269218, 23.1034260722, 11.8880068917, 9.7949627102, 1.1418398931, 10.1050718969, 3.9374986413, 60.8457633522, 34.4914802617, 12.836946666, 13.0919393582, 24.5815497222, 33.0740753, 5.7914709489, 17.419982664, 7.8527393733, 4.3805959777, 27.2986434652, 13.9792954681, 3.4537761664, 20.2767686558, 11.3697347115, 7.4352801093, 17.4792288184, 19.1158115484, 15.2893912111, 10.4671274725, 14.9326366577, 19.762208701, 11.2484933197, 11.2017260202, 8.9756380086, 18.6729884091, 10.6619790338, 12.8990405483, 10.3666048319, 7.8379894298, 21.9021216459, 31.5381230272, 87.5851944497, 2.932296571]
    ],
    [
      [2.5419691682, 4.4477629728, 10.7652809866, 0.63808363598, 1.0389419245, 0.70263634015, 5.8995622233, 1.661170721, 4.9641811233, 2.7671676263, 1.1883918257, 1.8555180518, 4.5654045592, 3.2889319982, 0.33196498333, 3.9086950152, 0.55824780072, 0.71028597181, 2.7987577943, 12.6906682238, 1.2934089786, 10.6831820497, 3.7757191041, 1.7750966864, 9.9201435676, 9.4595515756, 4.2788062447, 5.5450171618, 7.7970649445, 4.2335228012, 3.3651707695, 4.6565942447, 4.4729867892, 6.3930375392, 2.4917752294, 3.5069974159, 4.7369405694, 2.2669411107, 8.6519502863, 4.0817365218, 17.1217028897, 3.6562495653],
      [17.9856372158, 21.1832585332, 81.2800902659, 4.57266093, 5.9929834798, 6.4981430749, 21.720536824, 8.118266937, 27.6110832564, 20.2397332945, 6.2959668848, 11.5160191223, 19.8242253398, 23.4283312614, 1.4172970571, 15.4591323749, 23.1431531657, 2.9257476003, 19.2518309709, 33.4877665917, 12.9571468453, 67.4530329232, 39.3284299986, 18.707304442, 37.1673622422, 76.4522378364, 46.7129965305, 46.1190751739, 47.0956528688, 31.2495648475, 17.214094876, 42.7559191402, 33.0723476085, 41.6394743386, 26.6749576871, 33.7872067081, 23.3331891688, 24.6519821656, 87.7168330551, 24.0240984781, 60.7680379158, 5.5818675508],
      [5.983379479, 3.0877828774, 10.740803124, 1.5327448305, 1.2680711794, 1.525324642, 4.7538280032, 2.505019408, 14.1858750583, 8.6363806468, 4.7472903725, 4.840086883, 7.1664808293, 11.8664892416, 0.64332739789, 7.1609982311, 0.76670073232, 1.6379695852, 8.2449899878, 7.9322295475, 2.3952548286, 25.1488386989, 14.4088899781, 5.4635941479, 10.8619209974, 18.9955447852, 10.687856643, 12.9320235888, 19.3939952399, 11.4759918384, 6.9793520575, 10.1573261744, 11.5921710716, 14.8125924849, 9.5948054771, 13.8165942308, 3.4853380837, 6.8673880728, 20.7743718754, 10.1746084188, 29.4784174766, 3.341286632],
      [11.4605098073, 13.814780848, 20.8032972711, 1.9201573872, 3.2456473139, 5.1001205643, 18.8250309011, 8.3368722834, 27.9364752028, 16.0951342833, 6.3232550419, 7.1762055658, 16.0875706062, 24.7585836224, 2.2822232351, 16.4017905817, 1.3739132417, 3.4982699357, 18.6490065343, 17.8246754472, 2.1178934594, 38.092635548, 11.8280936873, 4.3428507403, 23.536277988, 47.2804431012, 13.8752877145, 21.7494058683, 26.8925905158, 16.1603720617, 9.5902140314, 12.235662823, 13.5723725538, 35.4324596043, 6.3025872276, 10.5694790431, 13.8486722555, 11.07742832, 47.3559452273, 16.4028829478, 29.7982352763, 8.0851431492],
      [1.0285043298, 0.46641476848, 1.4105283524, 0.33635321631, 0.45435610229, 0.17377537856, 0.80104204829, 0.37867065058, 2.3023853591, 1.261584149, 0.44509587501, 0.61217037713, 1.3563186655, 2.6576638763, 0.32518732653, 1.069383797, 0.15798505951, 0.22772690696, 2.0554147126, 1.0646601897, 0.23629588808, 3.6223107802, 1.6588672319, 0.71115398342, 1.5142952049, 2.8122227016, 1.4450528672, 1.6544782073, 2.8206964309, 1.8805484512, 0.85116826553, 1.1944976177, 1.2901219769, 1.7224360331, 0.93587437877, 1.3197226022, 0.59585992257, 1.136260331, 2.5008995559, 2.3166736336, 4.8336064416, 0.33545310271]
    ],
    [
      [9.9400664638, 10.9861187628, 27.1095069293, 3.4003807218, 3.8164432441, 1.7642467421, 17.9717366602, 2.4839056558, 19.0988739068, 9.3164029434, 5.0177711529, 4.4623635859, 9.1392644306, 6.4153480104, 0.79546829655, 9.6449183161, 8.8075822363, 1.7269697705, 6.2493143083, 23.0549330825, 4.6696009626, 16.4639310993, 9.2354464514, 4.3465639635, 18.4255655336, 12.1106535667, 8.5334684069, 9.693994242, 7.2599100014, 7.4248765705, 9.1176074543, 9.5207273542, 10.3673941315, 14.2409622401, 6.4133360963, 8.55687123, 12.4592583543, 1.4991998769, 15.4197047375, 7.6172390498, 45.3228943885, 8.9161253699],
      [1.2520413388, 0.93879305402, 3.4679979436, 0.41427091332, 0.37988615722, 0.28039115021, 1.2133804582, 0.21578760178, 1.8379185409, 1.2131605135, 0.41760650339, 0.48572030573, 0.70464218905, 0.79420904198, 0.05617296927, 0.65753285168, 2.4720588887, 0.11549132138, 0.75973689565, 1.1316711163, 0.76985644343, 1.8590078294, 1.7850588936, 0.82736582908, 1.2511703905, 1.7617370266, 1.6329664838, 1.4370612409, 0.77968525738, 0.9807040111, 0.82345409102, 1.5368927972, 1.387633919, 1.6758888679, 1.278186772, 1.5259648855, 1.0839842774, 0.28479736516, 2.7922819024, 0.78986544176, 2.8376765467, 0.21237572834],
      [10.8916695236, 3.5482840617, 12.5150201103, 3.76717585, 2.153422422, 1.7662733665, 6.7717790895, 1.7387656649, 25.6105645951, 13.6027573046, 9.417134955, 5.4034180362, 6.6800780419, 10.9929036539, 0.73673976312, 8.2353956509, 2.088933177, 1.8407095241, 8.7334611205, 6.7310446189, 4.0012620106, 18.0678163886, 16.4326067155, 6.2344063524, 9.4140220287, 11.3335176915, 9.930741866, 10.5313620065, 8.4194079519, 9.3813810153, 8.7833973282, 9.6837794971, 12.520243652, 15.4199782246, 11.5011225502, 15.7123921948, 4.2671141063, 2.0939315785, 17.2424670249, 8.8790461198, 36.6349721786, 3.8502082294],
      [57.4786133401, 43.7275600106, 66.3817802188, 13.1496020193, 15.3156688932, 16.5562897658, 73.5631696428, 16.0530088383, 138.1531619932, 69.6523322224, 34.3994416814, 22.1517950523, 41.2663949418, 62.6142164553, 7.1123347496, 51.8486280136, 12.8478485998, 10.9710441616, 53.7901214526, 41.090216499, 9.9288892197, 75.1612873105, 37.0975587885, 13.7554710198, 55.9127540039, 77.4843894909, 35.5186162984, 48.7229065361, 32.0789860547, 36.3030850446, 33.2976798042, 32.1990004983, 40.3416529843, 101.0988354442, 20.9489969432, 33.0910105319, 46.6666591168, 9.3312488369, 107.7766659161, 39.2371033276, 101.0705897344, 25.4013050416],
      [31.4376093337, 9.7992441109, 27.525694798, 14.2685704955, 13.3345792835, 3.6327989754, 19.4799341492, 4.5085322391, 69.2994809639, 33.2153470161, 14.7480457074, 11.4967030199, 21.2096203966, 41.1833228385, 6.2992842214, 20.6135251677, 4.7835770983, 4.3457852225, 36.4673662229, 14.9921346832, 6.6303913637, 43.4479573723, 31.4493291509, 13.8361928352, 21.9964880432, 28.3097022243, 22.3842069448, 22.6146759746, 20.4620107346, 25.9099533584, 17.9778613223, 19.0595998531, 23.3830753132, 30.5643352233, 18.8583576383, 25.1137611578, 12.5229841452, 5.7908223426, 35.7688804192, 34.476746061, 101.1338671517, 6.6199856308]
    ]
  ],
  "prob": [
    [0.051588969277, 0.063273889675, 0.69764970096, 0.07704018749, 0.1104472526],
    [0.010465220212, 0.00044862949375, 0.0029871753326, 0.94903003988, 0.037068935082],
    [0.076350565786, 0.48501382639, 0.15233809205, 0.2639794469, 0.022318068879],
    [0.11583385908, 0.012998942667, 0.10631029369, 0.50257912493, 0.26227777963]
  ],
  "iterations": 129,
  "logLik": -939.0256754919,
  "time": 0.069109,
  "message": "Converged",
  "status": 0,
  "miniter": 0,
  "maxiter": 1000,
  "maxtime": 3600,
  "param_threshold": 0.001,
  "ll_threshold": "-Inf",
  "initial_prob": "group_proportional",
  "adjust_prob_cond_method": "project_lp",
  "adjust_prob_cond_every": false,
  "candidates_id": ["BAYLISS, Steve.c", "CATCHPOLE, Brent Stanley.c", "HEREORA, David Murray.c", "COLLINS, Judith Anne.c", "Other candidates votes.c"],
  "group_id": ["Labour Party.p", "National Party.p", "New Zealand First Party.p", "Other parties votes.p"]
}
