{
  "X": [
    [7, 33, 139, 8],
    [5, 16, 138, 10],
    [4, 15, 82, 8],
    [35, 342, 544, 86],
    [54, 406, 1442, 138],
    [5, 38, 70, 6],
    [97, 1649, 1980, 296],
    [2, 50, 70, 8],
    [0, 5, 3, 1],
    [5, 29, 90, 8],
    [1, 14, 14, 0],
    [7, 61, 20, 7],
    [8, 129, 301, 40],
    [42, 527, 1083, 97],
    [8, 100, 151, 17],
    [0, 28, 33, 8],
    [60, 1009, 1223, 245],
    [4, 15, 72, 8],
    [20, 84, 303, 31],
    [5, 69, 103, 11],
    [5, 41, 79, 5],
    [2, 28, 84, 4],
    [7, 24, 102, 11],
    [4, 15, 51, 4],
    [27, 181, 416, 44],
    [4, 4, 9, 2],
    [92, 951, 1767, 198],
    [132, 898, 1876, 175],
    [7, 28, 74, 5],
    [75, 650, 1806, 172],
    [6, 19, 64, 9],
    [4, 1, 18, 5],
    [0, 16, 3, 0],
    [0, 75, 15, 3],
    [14, 95, 203, 22],
    [4, 123, 16, 6],
    [4, 106, 59, 18],
    [6, 28, 80, 13],
    [8, 47, 142, 12],
    [8, 26, 77, 20],
    [16, 110, 180, 25],
    [4, 145, 124, 28],
    [3, 40, 7, 2],
    [1, 99, 48, 18],
    [15, 55, 153, 30],
    [3, 22, 61, 8],
    [11, 44, 108, 20],
    [5, 103, 96, 22],
    [21, 288, 260, 56],
    [7, 67, 74, 12],
    [6, 114, 92, 11],
    [8, 191, 155, 42],
    [4, 96, 62, 10],
    [0, 60, 34, 9],
    [1, 46, 13, 4],
    [6, 204, 73, 31],
    [15, 120, 107, 20],
    [0, 111, 17, 10],
    [1, 15, 4, 2],
    [0, 48, 14, 4],
    [0, 83, 20, 5],
    [5, 115, 121, 28],
    [6, 32, 16, 6],
    [2, 28, 10, 2],
    [4, 32, 55, 11],
    [0, 66, 10, 2],
    [3, 44, 11, 6],
    [3, 39, 39, 4],
    [1, 2, 3, 0],
    [6, 152, 159, 33],
    [6, 89, 143, 23],
    [18, 200, 196, 22],
    [11, 140, 121, 26],
    [13, 285, 264, 64],
    [13, 77, 114, 17],
    [8, 20, 55, 15],
    [0, 77, 7, 6],
    [1, 59, 40, 7],
    [7, 90, 35, 7],
    [6, 136, 126, 15],
    [4, 70, 111, 15],
    [13, 216, 133, 27],
    [4, 78, 156, 19],
    [7, 71, 94, 5],
    [12, 64, 164, 21],
    [0, 6, 11, 1],
    [8, 46, 100, 12],
    [13, 79, 145, 25],
    [13, 93, 135, 24],
    [4, 61, 80, 16],
    [21, 89, 194, 40],
    [2, 36, 66, 6],
    [3, 41, 94, 8],
    [9, 51, 96, 17],
    [2, 40, 11, 6],
    [65, 119, 305, 37],
    [181, 712, 1554, 230],
    [110, 510, 820, 211],
    [2, 7, 1, 3]
  ],
  "W": [
    [5, 21, 122, 24, 5, 10],
    [2, 7, 137, 14, 4, 5],
    [1, 13, 73, 12, 5, 5],
    [78, 36, 527, 270, 24, 72],
    [99, 82, 1340, 307, 66, 146],
    [11, 4, 65, 24, 4, 11],
    [367, 89, 1939, 1289, 143, 195],
    [8, 1, 69, 45, 4, 3],
    [0, 0, 4, 3, 0, 2],
    [6, 3, 88, 22, 5, 8],
    [2, 0, 13, 10, 1, 3],
    [4, 4, 25, 50, 2, 10],
    [25, 23, 276, 108, 19, 27],
    [119, 99, 1015, 399, 37, 80],
    [32, 20, 132, 75, 6, 11],
    [8, 0, 35, 22, 0, 4],
    [192, 61, 1217, 841, 69, 157],
    [5, 7, 67, 9, 5, 6],
    [33, 20, 271, 54, 17, 43],
    [7, 6, 100, 57, 10, 8],
    [9, 9, 82, 25, 2, 3],
    [4, 6, 76, 25, 4, 3],
    [6, 9, 103, 21, 3, 2],
    [5, 9, 45, 9, 2, 4],
    [40, 41, 373, 142, 32, 40],
    [1, 4, 8, 1, 2, 3],
    [236, 216, 1587, 721, 90, 158],
    [241, 260, 1682, 678, 76, 144],
    [8, 7, 67, 21, 6, 5],
    [157, 136, 1690, 475, 111, 134],
    [5, 7, 63, 18, 0, 5],
    [0, 0, 21, 1, 1, 5],
    [4, 0, 2, 11, 0, 2],
    [15, 3, 13, 59, 1, 2],
    [32, 15, 190, 67, 12, 18],
    [17, 1, 15, 110, 0, 6],
    [40, 9, 51, 71, 7, 9],
    [10, 10, 70, 23, 6, 8],
    [15, 12, 129, 29, 16, 8],
    [5, 9, 73, 19, 8, 17],
    [37, 20, 162, 78, 12, 22],
    [31, 5, 112, 115, 15, 23],
    [9, 0, 9, 30, 0, 4],
    [47, 4, 43, 60, 2, 10],
    [14, 19, 139, 35, 14, 32],
    [8, 6, 53, 16, 1, 10],
    [17, 5, 106, 27, 9, 19],
    [21, 4, 103, 78, 6, 14],
    [56, 21, 270, 223, 10, 45],
    [11, 4, 73, 57, 7, 8],
    [19, 5, 90, 85, 12, 12],
    [50, 7, 156, 139, 14, 30],
    [28, 4, 51, 68, 6, 15],
    [11, 2, 34, 45, 5, 6],
    [6, 0, 11, 44, 1, 2],
    [40, 5, 76, 167, 8, 18],
    [19, 9, 101, 99, 15, 19],
    [19, 1, 18, 95, 4, 1],
    [5, 1, 4, 12, 0, 0],
    [9, 1, 12, 40, 1, 3],
    [18, 0, 21, 55, 5, 9],
    [28, 8, 115, 83, 11, 24],
    [6, 0, 23, 26, 1, 4],
    [5, 1, 11, 23, 0, 2],
    [3, 2, 53, 27, 10, 7],
    [5, 1, 14, 56, 1, 1],
    [7, 3, 11, 38, 1, 4],
    [6, 0, 44, 26, 8, 1],
    [1, 0, 3, 1, 1, 0],
    [37, 8, 152, 95, 16, 42],
    [19, 12, 138, 59, 10, 23],
    [57, 30, 167, 160, 8, 14],
    [31, 3, 124, 117, 8, 15],
    [50, 12, 274, 234, 26, 30],
    [22, 9, 112, 45, 7, 26],
    [5, 5, 54, 9, 5, 20],
    [9, 0, 8, 65, 4, 4],
    [19, 7, 31, 38, 3, 9],
    [15, 6, 33, 74, 3, 8],
    [15, 5, 115, 119, 20, 9],
    [21, 5, 96, 61, 8, 9],
    [56, 9, 130, 147, 15, 32],
    [21, 6, 145, 61, 6, 18],
    [20, 12, 81, 53, 3, 8],
    [21, 16, 158, 43, 8, 15],
    [1, 0, 9, 3, 3, 2],
    [10, 8, 92, 29, 12, 15],
    [19, 12, 141, 59, 10, 21],
    [34, 27, 122, 61, 4, 17],
    [19, 5, 78, 45, 5, 9],
    [28, 19, 190, 54, 20, 33],
    [9, 4, 57, 31, 3, 6],
    [11, 10, 87, 20, 11, 7],
    [19, 10, 85, 35, 9, 15],
    [8, 0, 8, 35, 2, 6],
    [17, 82, 290, 79, 9, 49],
    [143, 192, 1497, 558, 82, 205],
    [119, 80, 827, 383, 59, 183],
    [3, 2, 5, 2, 0, 1]
  ],
  "method": "mvn_pdf",
  "cond_prob": [
    [
      [0.00051118263911, 0.86418267174, 0.07660580284, 0.058700342783],
      [0.19338190314, 0.00099820517663, 0.80506483557, 0.00055505611576],
      [0.011814639593, 0.019459544793, 0.94501608148, 0.023709734136],
      [0.0003900014517, 0.95516391284, 0.017851276453, 0.026594809256],
      [0.0162846946, 0.26556876716, 0.63483564317, 0.083310895062],
      [0.14042545827, 0.20322821239, 0.28160386477, 0.37474246457]
    ],
    [
      [0.0014092120101, 0.74183602001, 0.088699719987, 0.16805504799],
      [0.23514494258, 0.017322974531, 0.74612225835, 0.0014098245388],
      [0.017149055906, 0.0070243596814, 0.93600875922, 0.039817825193],
      [0.0013499729799, 0.88562330709, 0.038768047213, 0.074258672714],
      [0.024462675635, 0.14398801827, 0.69286290175, 0.13868640435],
      [0.17699919892, 0.091610297907, 0.21046809408, 0.52092240909]
    ],
    [
      [0.00040650383071, 0.77225075079, 0.058684711016, 0.16865803437],
      [0.19569649414, 0.025972337118, 0.77648239158, 0.001848777158],
      [0.011727705457, 0.015665360251, 0.92271311097, 0.049893823325],
      [0.00050332214716, 0.91884473681, 0.025756142582, 0.054895798464],
      [0.015174774255, 0.21391526134, 0.62034235947, 0.15056760493],
      [0.10350056738, 0.13016488399, 0.2156403179, 0.55069423072]
    ],
    [
      [0.0011014849684, 0.79008690984, 0.11139588427, 0.097415720914],
      [0.284750112, 0.0008421368598, 0.71289550091, 0.001512250234],
      [0.02174395012, 0.020715712269, 0.90762079534, 0.04991954227],
      [0.0010256294135, 0.93179714927, 0.017792636378, 0.049384584937],
      [0.027089411417, 0.27109586698, 0.552816324, 0.1489983976],
      [0.17051323072, 0.15741934206, 0.18415444794, 0.48791297928]
    ],
    [
      [0.00085581790143, 0.73988983244, 0.16713491045, 0.092119439203],
      [0.18721579305, 0.0005462147362, 0.81119188131, 0.0010461109066],
      [0.011720393961, 0.012336611164, 0.94496379744, 0.030979197433],
      [0.00055025658689, 0.91978319453, 0.030559041033, 0.049107507852],
      [0.01837276638, 0.19855212114, 0.67464621681, 0.10842889566],
      [0.14710082012, 0.14176148838, 0.26559003505, 0.44554765644]
    ],
    [
      [0.0012800233759, 0.85591279037, 0.10254762322, 0.040259563034],
      [0.26182565413, 0.0012880053056, 0.73635777547, 0.00052856508766],
      [0.021623984883, 0.024374945531, 0.93502614786, 0.01897492173],
      [0.0015699107672, 0.96556747968, 0.014710702903, 0.018151906645],
      [0.02307977766, 0.31291732741, 0.59485198138, 0.069150913548],
      [0.21846010363, 0.23364972756, 0.21976187607, 0.32812829274]
    ],
    [
      [0.00080209714887, 0.81574572562, 0.1000719004, 0.083380276831],
      [0.28427642666, 0.0010829311194, 0.71370879172, 0.00093185050623],
      [0.019462256595, 0.026783924436, 0.90328253306, 0.050471285911],
      [0.00062348293631, 0.94314571366, 0.015037546836, 0.041193256568],
      [0.022520288329, 0.3158040586, 0.52228541176, 0.13939024132],
      [0.15201867744, 0.18828770799, 0.17547941918, 0.48421419539]
    ],
    [
      [0.00096888308593, 0.74385766775, 0.15871018532, 0.096463263848],
      [0.34040140769, 0.00061747945408, 0.65847882551, 0.00050228734528],
      [0.015143549544, 0.015882279726, 0.92788004719, 0.041094123535],
      [0.0014992874153, 0.92576409404, 0.022376299045, 0.050360319496],
      [0.018100666752, 0.23020387935, 0.6262818166, 0.1254136373],
      [0.15569066946, 0.1241480427, 0.17868523736, 0.54147605047]
    ],
    [
      ["NaN", "NaN", "NaN", "NaN"],
      ["NaN", "NaN", "NaN", "NaN"],
      [0, 0.22764982131, 0.70347201505, 0.068878163645],
      [0, 0.91122986612, 0.053326556708, 0.035443577169],
      ["NaN", "NaN", "NaN", "NaN"],
      [0, 0.67785555819, 0.013066134848, 0.30907830696]
    ],
    [
      [0.0014243200421, 0.7743545668, 0.14581346152, 0.078407651632],
      [0.3385123007, 0.00060826116626, 0.66051328982, 0.00036614830995],
      [0.023616069068, 0.015004495886, 0.92828572291, 0.033093712133],
      [0.0015342057596, 0.9433601641, 0.015320012355, 0.039785617788],
      [0.028647817239, 0.22357936835, 0.64347276169, 0.10430005272],
      [0.21508893585, 0.14497896572, 0.2375039581, 0.40242814033]
    ],
    [
      [0.0081366125074, 0.89216611556, 0.099697271931, 0],
      ["NaN", "NaN", "NaN", "NaN"],
      [0.0034051289414, 0.040700785997, 0.95589408506, 0],
      [5.6038540176e-05, 0.99217092927, 0.0077730321912, 0],
      [0.0095744086812, 0.46591203689, 0.52451355443, 0],
      [0.30977510155, 0.43297874045, 0.257246158, 0]
    ],
    [
      [0, 0.95324645398, 0.0068005273861, 0.039953018632],
      [0.66528886906, 0.047885188178, 0.28466858712, 0.0021573556381],
      [0.069925436511, 0.133231869, 0.70384466936, 0.092998025127],
      [0.00037168403409, 0.97590579387, 0.0084848409145, 0.015237681186],
      [0.038513008911, 0.69382154021, 0.15908960921, 0.10857584166],
      [0.24950983915, 0.34817439326, 0.049558554385, 0.35275721321]
    ],
    [
      [0.00036697477386, 0.74509546149, 0.13713928307, 0.11739828067],
      [0.14623954407, 0.0030951327188, 0.84860842004, 0.0020569031672],
      [0.0067318837586, 0.014691752102, 0.93198896532, 0.046587398824],
      [0.00019688912903, 0.91249871305, 0.025592383844, 0.061712013979],
      [0.012823886334, 0.21254278411, 0.62707327038, 0.14756005918],
      [0.092755493827, 0.13549362677, 0.22763704603, 0.54411383337]
    ],
    [
      [0.00047262686252, 0.82291641447, 0.10804714123, 0.068563817439],
      [0.18957760419, 0.0031161920951, 0.80592545765, 0.0013807460592],
      [0.011929386937, 0.022583414683, 0.92975875386, 0.035728444522],
      [0.00020811460221, 0.94767069743, 0.018276118815, 0.033845069153],
      [0.017390597407, 0.30186786524, 0.56790775156, 0.11283378579],
      [0.12925946272, 0.20690698087, 0.22932345631, 0.43451010011]
    ],
    [
      [0.00083676175197, 0.78461311473, 0.12494445399, 0.089605669528],
      [0.21308827696, 0.00062308198566, 0.78496228644, 0.0013263546087],
      [0.014593706303, 0.016965412673, 0.93125955175, 0.037181329274],
      [0.00074804572442, 0.92671259982, 0.027541766946, 0.044997587508],
      [0.019839363705, 0.23551753231, 0.62385348177, 0.12078962222],
      [0.14635902192, 0.15672127596, 0.2334106819, 0.46350902022]
    ],
    [
      [0, 0.76496329811, 0.10119992812, 0.13383677376],
      ["NaN", "NaN", "NaN", "NaN"],
      [0, 0.026382485559, 0.89364337879, 0.079974135652],
      [0, 0.92203250339, 0.014393042326, 0.06357445428],
      ["NaN", "NaN", "NaN", "NaN"],
      [0, 0.16804788647, 0.14905884656, 0.68289326698]
    ],
    [
      [0.00073787474066, 0.79105386707, 0.097302855713, 0.11090540247],
      [0.26613780448, 0.0010729498794, 0.7316125464, 0.0011766992434],
      [0.018061650675, 0.025593718064, 0.89232438788, 0.064020243381],
      [0.00047350222359, 0.92818454374, 0.016620710621, 0.054721243416],
      [0.021048142713, 0.29233330027, 0.50690703349, 0.17971152353],
      [0.12606596107, 0.16006658403, 0.15780957567, 0.55605787923]
    ],
    [
      [0.0011701179623, 0.75537894285, 0.13888300339, 0.1045679358],
      [0.23962856622, 0.0025769427496, 0.7556976047, 0.002096886332],
      [0.019178467889, 0.0141733176, 0.9190772373, 0.047570977209],
      [0.0010430059942, 0.93657999439, 0.0077609096918, 0.054616089927],
      [0.023017710823, 0.21490735265, 0.61668633296, 0.14538860357],
      [0.151219415, 0.1252829491, 0.21404116648, 0.50945646942]
    ],
    [
      [0.0015575868418, 0.72748726966, 0.1817789932, 0.089176150306],
      [0.24125174022, 0.00080609026528, 0.75712602969, 0.00081613982025],
      [0.018753678537, 0.0098710186821, 0.94635788602, 0.025017416759],
      [0.0015324543363, 0.9093814733, 0.041493657495, 0.047592414865],
      [0.026584455913, 0.17076052665, 0.70919478168, 0.093460235763],
      [0.22108441073, 0.12307497027, 0.25811201688, 0.39772860212]
    ],
    [
      [0.00061958022308, 0.89325024964, 0.038527962782, 0.067602207354],
      [0.25974141386, 0.029588252723, 0.7091492093, 0.0015211241121],
      [0.019515546929, 0.029063333596, 0.90880214456, 0.042618974916],
      [0.0011475324037, 0.95200564516, 0.017728037593, 0.029118784841],
      [0.02139456224, 0.35636459778, 0.50595049655, 0.11629034342],
      [0.15078809912, 0.22942720306, 0.19064893006, 0.42913576776]
    ],
    [
      [0.00057227787394, 0.9387271443, 0.036227869232, 0.024472708598],
      [0.28733547587, 0.014558048239, 0.69675769915, 0.0013487767456],
      [0.023417003855, 0.065162875572, 0.87114817513, 0.040271945442],
      [0.00094049385498, 0.97740175775, 0.011038411487, 0.010619336906],
      [0.018273420898, 0.651680841, 0.24720477536, 0.082840962746],
      [0.142858904, 0.44622394817, 0.066203228658, 0.34471391917]
    ],
    [
      [0.00073484225598, 0.75233217199, 0.17666121694, 0.070271768813],
      [0.14229614201, 0.0038102960032, 0.85322209481, 0.00067146717274],
      [0.0086203821558, 0.008219250935, 0.96480996446, 0.018350402448],
      [0.00031583162177, 0.92995711036, 0.034335342082, 0.035391715932],
      [0.013932320299, 0.16675563889, 0.74587046328, 0.073441577532],
      [0.14150322111, 0.14239871676, 0.33553328639, 0.38056477574]
    ],
    [
      [0.0021978713216, 0.66654246714, 0.097705217557, 0.23355444398],
      [0.34501681004, 0.0025005858263, 0.65055680726, 0.0019257968794],
      [0.02988359449, 0.010864492608, 0.90225257295, 0.056999339949],
      [0.00212453044, 0.87227406435, 0.031537397094, 0.094064008118],
      [0.039359253105, 0.15743517526, 0.60684950613, 0.19635606551],
      [0.32047917534, 0.034568154475, 0.071954278956, 0.57299839123]
    ],
    [
      [0.0011518637553, 0.83326816326, 0.10423263575, 0.061347337237],
      [0.26546641489, 0.00088003894458, 0.73240054526, 0.0012530009086],
      [0.020138117026, 0.019811655865, 0.92553429091, 0.034515936202],
      [0.0011064039921, 0.96385419293, 0.0050737913719, 0.029965611703],
      [0.020887877762, 0.26652802457, 0.61375961474, 0.098824482925],
      [0.16177357239, 0.18161763344, 0.24125136782, 0.41535742635]
    ],
    [
      [0.0013018072191, 0.7649926351, 0.14471849409, 0.088987063589],
      [0.25845877737, 0.0023407504834, 0.737934358, 0.001266114145],
      [0.020172996402, 0.014781886522, 0.93013258911, 0.034912527968],
      [0.0012279481035, 0.9281031143, 0.024421763056, 0.046247174541],
      [0.027627392141, 0.22543234567, 0.63022712035, 0.11671314185],
      [0.19420362505, 0.14465507154, 0.2345334404, 0.42660786302]
    ],
    [
      [0.029185110771, 0.756541287, 0.18658135873, 0.027692243504],
      [0.66761715831, 0.0025305974749, 0.32329889724, 0.0065533469813],
      [0.042378370664, 0.051912091696, 0.83668075508, 0.06902878256],
      [0.0033503808221, 0.96190863182, 0.020647416839, 0.01409357052],
      [0.025264660472, 0.60843717914, 0.2290972724, 0.13720088799],
      [0.30247986298, 0.21308553315, 0.11597835002, 0.36845625386]
    ],
    [
      [0.00063316240548, 0.797687688, 0.11922938195, 0.082449767652],
      [0.21282568054, 0.00089291119048, 0.78490772063, 0.0013736876414],
      [0.014035872101, 0.020666976248, 0.92492719752, 0.040369954126],
      [0.00025014297834, 0.93870374309, 0.019448075006, 0.041598038927],
      [0.018771737137, 0.27272269884, 0.58567249975, 0.12283306428],
      [0.13756638116, 0.17977154334, 0.21980853593, 0.46285353958]
    ],
    [
      [0.0011295432104, 0.78607755761, 0.13241062073, 0.080382278456],
      [0.26445807852, 0.00073876320254, 0.73377637943, 0.0010267788478],
      [0.019699824063, 0.018570336893, 0.92700662953, 0.034723209518],
      [0.0009826510293, 0.93545040571, 0.022791171404, 0.04077577186],
      [0.026258662193, 0.25258636834, 0.60751321076, 0.11364175871],
      [0.18869222134, 0.16455544769, 0.22540703237, 0.4213452986]
    ],
    [
      [0.0025016014911, 0.74693612502, 0.17780517709, 0.0727570964],
      [0.38309637331, 0.002956072084, 0.61326252657, 0.0006850280281],
      [0.033136437877, 0.010152661698, 0.93329626862, 0.023414631807],
      [0.0018694282097, 0.93579530792, 0.024156341344, 0.038178922524],
      [0.049640114729, 0.18533984724, 0.67924558053, 0.085774457501],
      [0.34821451126, 0.11196992233, 0.23422284971, 0.3055927167]
    ],
    [
      [0.00076424748953, 0.78950357429, 0.12550079264, 0.084231385574],
      [0.21013176008, 0.0021810676256, 0.78624743716, 0.0014397351374],
      [0.014337396751, 0.01808109849, 0.92972086943, 0.037860635333],
      [0.0004730179082, 0.93483154666, 0.021805602395, 0.042889833035],
      [0.019885916822, 0.25578354601, 0.60458780986, 0.1197427273],
      [0.14656621635, 0.16983058894, 0.22889213984, 0.45471105486]
    ],
    [
      [0.0079818772678, 0.59043449479, 0.19652571563, 0.20505791231],
      [0.37091073317, 0.0027600161871, 0.6244424441, 0.0018868065445],
      [0.033046579166, 0.0074191689205, 0.90735867308, 0.052175578838],
      [0.0030769360131, 0.84898088639, 0.035565826121, 0.11237635148],
      ["NaN", "NaN", "NaN", "NaN"],
      [0.24527922915, 0.055888763159, 0.16849860784, 0.53033339985]
    ],
    [
      ["NaN", "NaN", "NaN", "NaN"],
      ["NaN", "NaN", "NaN", "NaN"],
      [0.076125005175, 0.0031343175844, 0.81020419404, 0.1105364832],
      [0.0045468254938, 0.81640429629, 0.010166551182, 0.16888232704],
      [0.12200000148, 0.070725408387, 0.55937797383, 0.24789661631],
      [0.45496561287, 0.0094099252104, 0.083233480019, 0.4523909819]
    ],
    [
      [0, 0.95314327939, 0.046856720607, 0],
      ["NaN", "NaN", "NaN", "NaN"],
      [0, 0.02305985046, 0.97694014954, 0],
      [0, 0.98263440263, 0.017365597369, 0],
      ["NaN", "NaN", "NaN", "NaN"],
      [0, 0.66616437629, 0.33383562371, 0]
    ],
    [
      [0, 0.90800774823, 0.059916979937, 0.032075271836],
      [0, 0.043231672665, 0.95332039213, 0.0034479352099],
      [0, 0.12262803769, 0.81918465019, 0.058187312123],
      [0, 0.98582583143, 0.0016835414499, 0.012490627118],
      [0, 0.60205576559, 0.28588251431, 0.1120617201],
      [0, 0.4451222243, 0.10333610611, 0.45154166959]
    ],
    [
      [0.0015590512317, 0.78149058243, 0.12465749885, 0.092292867487],
      [0.30783292757, 0.00084881762956, 0.69009686507, 0.001221389733],
      [0.025069119592, 0.014791436892, 0.92336433506, 0.03677510846],
      [0.0015322915606, 0.9253319715, 0.026461627731, 0.04667410921],
      [0.032560502354, 0.22427899895, 0.62664524578, 0.11651525292],
      [0.22644967565, 0.13781144502, 0.21820063294, 0.41753824639]
    ],
    [
      [0.0032171885697, 0.86486914791, 0.079455123368, 0.052458540155],
      [0.67571435592, 0.00071955380139, 0.32246247135, 0.0011036189218],
      [0.05864449295, 0.030404912936, 0.85676904901, 0.054181545104],
      [0.00037371369893, 0.96943911066, 0.0081682489006, 0.02201892674],
      ["NaN", "NaN", "NaN", "NaN"],
      [0.39146958954, 0.20035484418, 0.096126219529, 0.31204934674]
    ],
    [
      [0.00067455165178, 0.83522687076, 0.05807133206, 0.10602724553],
      [0.24116520794, 0.0014530237192, 0.75482624969, 0.0025555186562],
      [0.015842940217, 0.036645091391, 0.87189682445, 0.075615143941],
      [0.00082461397001, 0.9347095712, 0.016732610366, 0.047733204462],
      [0.015134022969, 0.36874117323, 0.43228047488, 0.18384432892],
      [0.092228373199, 0.19593116968, 0.13366597369, 0.57817448343]
    ],
    [
      [0.002109837733, 0.62887220421, 0.19063392392, 0.17838403413],
      [0.27440011067, 0.0011951197456, 0.72274115268, 0.0016636169106],
      [0.022831106788, 0.0071649950287, 0.92116663532, 0.048837262863],
      [0.0025052479461, 0.86244269519, 0.032901044407, 0.10215101246],
      [0.028970925969, 0.13221725292, 0.66629799464, 0.17251382647],
      [0.17565959779, 0.071036450199, 0.20375909655, 0.54954485547]
    ],
    [
      [0.0012704990108, 0.78465596291, 0.14051943122, 0.073554106865],
      [0.26211150011, 0.0045512805041, 0.73197016178, 0.0013670576106],
      [0.021243529475, 0.018799560409, 0.92538446169, 0.034572448431],
      [0.0012171820604, 0.92364111618, 0.038106426944, 0.037035274816],
      [0.032165992704, 0.2899222968, 0.55046719983, 0.12744451067],
      [0.19315438103, 0.16575659746, 0.2276761818, 0.41341283971]
    ],
    [
      [0.0012877866195, 0.75204132178, 0.089711961462, 0.15695893014],
      [0.32829210181, 0.0039482387928, 0.66459249275, 0.0031671666526],
      [0.028283519428, 0.019253277933, 0.87753860664, 0.074924595995],
      [0.0017269847753, 0.89981607484, 0.020160657906, 0.078296282477],
      [0.031570114386, 0.23858019748, 0.49864074584, 0.23120894229],
      [0.1581683298, 0.10550723241, 0.12574182388, 0.61058261391]
    ],
    [
      [0.0014578805795, 0.79039629419, 0.11194105695, 0.096204768281],
      [0.31579888228, 0.0036221479761, 0.6790631524, 0.0015158173472],
      [0.026107407741, 0.015895626939, 0.91702871452, 0.040968250798],
      [0.0014996868776, 0.92511964552, 0.025257499184, 0.048123168414],
      [0.033262506902, 0.23763252377, 0.60359955699, 0.12550541234],
      [0.22202522999, 0.14076727069, 0.20477211237, 0.43243538695]
    ],
    [
      [0.00016512386117, 0.8103733689, 0.101266434, 0.088195073241],
      [0.16947714681, 0.00107525462, 0.82831621156, 0.0011313870067],
      [0.0081039642842, 0.026680235735, 0.91374064195, 0.051475158029],
      [0.00013880466012, 0.93953894266, 0.01574249234, 0.044579760338],
      [0.012655057552, 0.29658150404, 0.54332345024, 0.14743998817],
      [0.088437522923, 0.19083312704, 0.19217257465, 0.52855677539]
    ],
    [
      [0.016984188503, 0.91949340281, 0.030450371968, 0.033072036722],
      ["NaN", "NaN", "NaN", "NaN"],
      [0.069259370255, 0.17608190418, 0.70322366689, 0.051435058675],
      [0.00042288499651, 0.97497155335, 0.0077045475553, 0.016901014095],
      ["NaN", "NaN", "NaN", "NaN"],
      [0.55278035532, 0.22266890914, 0.041449305897, 0.18310142965]
    ],
    [
      [9.5962636392e-05, 0.82230372248, 0.059151189919, 0.11844912497],
      [0.11801934051, 0.059813265628, 0.81735695825, 0.0048104356114],
      [0.0024367919903, 0.044008078879, 0.87987354618, 0.073681582947],
      [6.6133195272e-05, 0.92220163475, 0.027321288175, 0.050410943883],
      [0.0087620140158, 0.2724018429, 0.50666157536, 0.21217456772],
      [0.03971383187, 0.23432228187, 0.14633033137, 0.57963355489]
    ],
    [
      [0.001322442438, 0.7800193733, 0.11619030557, 0.1024678787],
      [0.29450510159, 0.0030561411342, 0.70029706869, 0.0021416885799],
      [0.02390793555, 0.021055417354, 0.90019805629, 0.054838590809],
      [0.0011937043972, 0.92725496277, 0.019581118256, 0.051970214571],
      [0.028309055543, 0.27546215442, 0.53352087179, 0.16270791825],
      [0.17576810633, 0.14951766316, 0.14954782028, 0.52516641023]
    ],
    [
      [0.00095903346778, 0.70845557573, 0.19486602761, 0.095719363195],
      [0.15620032136, 0.0053068486149, 0.83674054751, 0.0017522825146],
      [0.011063241349, 0.0082031306752, 0.95175333045, 0.028980297523],
      [0.00088908967964, 0.90836590356, 0.039121902137, 0.051623104619],
      [0.019525959441, 0.17312285645, 0.68914561091, 0.1182055732],
      [0.14350226183, 0.11587710632, 0.2662605935, 0.47436003835]
    ],
    [
      [0.0016014805192, 0.76960724915, 0.11089667795, 0.11789459238],
      [0.44394944049, 0.00059200775262, 0.55487930758, 0.00057924418557],
      [0.033849863859, 0.0172338666, 0.89361509019, 0.055301179356],
      [0.0013167710555, 0.9171200913, 0.021501383695, 0.06006175395],
      [0.043405787711, 0.23403209198, 0.56066584099, 0.16189627932],
      [0.24940721852, 0.11675766175, 0.15740160256, 0.47643351718]
    ],
    [
      [0.00060148701344, 0.8608608845, 0.058130139439, 0.080407489052],
      [0.30996173385, 0.0020122626233, 0.68662520831, 0.0014007952167],
      [0.020582863662, 0.044744098394, 0.85110732723, 0.083565710715],
      [0.00084950235699, 0.95484630565, 0.007034106033, 0.037270085957],
      [0.017390832164, 0.43349510254, 0.37065225674, 0.17846180856],
      [0.10406290738, 0.23044627031, 0.11400983736, 0.55148098496]
    ],
    [
      [0.00073768189011, 0.87051567423, 0.053732657917, 0.075013985959],
      [0.33150061952, 0.0046323364718, 0.66138585746, 0.0024811865483],
      [0.026232877788, 0.043139330173, 0.85805742889, 0.072570363144],
      [0.00081913297817, 0.95500798386, 0.009140312151, 0.035032571009],
      [0.026516074546, 0.41208448208, 0.38699868801, 0.17440075536],
      [0.1436993867, 0.23152441796, 0.12262413019, 0.50215206514]
    ],
    [
      [0.0015649305713, 0.802114872, 0.10369359382, 0.092626603614],
      [0.45120016007, 0.00068871679295, 0.54731079933, 0.00080032380262],
      [0.036879192283, 0.021431195235, 0.88966908009, 0.052020532395],
      [0.00083760572315, 0.93782414557, 0.01466215981, 0.046676088899],
      [0.043781813074, 0.28677106948, 0.52646472296, 0.14298239449],
      [0.26644848363, 0.14326631312, 0.15041103181, 0.43987417144]
    ],
    [
      [0.00080252283484, 0.9062134738, 0.054137549176, 0.038846454193],
      [0.31065599094, 0.0020152430846, 0.6861475885, 0.0011811774697],
      [0.023666940826, 0.048576848739, 0.88911968769, 0.038636522746],
      [0.0016523894605, 0.97435733039, 0.0080105897319, 0.01597969042],
      [0.021925185741, 0.47332403331, 0.41011374836, 0.09463703259],
      [0.15815767534, 0.32497415944, 0.15980096864, 0.35706719659]
    ],
    [
      [0.00046220674303, 0.8421629814, 0.065841247289, 0.091533564568],
      [0.26957167846, 0.0016344113233, 0.72755509213, 0.0012388180949],
      [0.01750556507, 0.037184493201, 0.8684781046, 0.076831837128],
      [0.00026341378835, 0.94636104047, 0.0099340835888, 0.043441462157],
      [0.01685077673, 0.38369212894, 0.41990759456, 0.17954949977],
      [0.10288314573, 0.20545848938, 0.12909745768, 0.56256090721]
    ],
    [
      [0.0009687065889, 0.85628038723, 0.094997981111, 0.047752925069],
      [0.18701709346, 0.032080567798, 0.77979710832, 0.0011052304294],
      [0.014189207857, 0.024678032509, 0.93700748553, 0.024125274106],
      [0.0014188769812, 0.95949321868, 0.018839879099, 0.020248025239],
      [0.01676568828, 0.32686077536, 0.5764413269, 0.079932209463],
      [0.1536053651, 0.22870291373, 0.24624843957, 0.37144328159]
    ],
    [
      [0, 0.90261327194, 0.036941699535, 0.060445028525],
      [0, 0.12706347665, 0.86779206454, 0.0051444588093],
      [0, 0.05339350086, 0.86259210833, 0.084014390806],
      [0, 0.96392482241, 0.00558386831, 0.030491309276],
      [0, 0.52545072336, 0.32144359355, 0.15310568308],
      [0, 0.33297956678, 0.11190557516, 0.55511485806]
    ],
    [
      [0.0095174548579, 0.74321833285, 0.16136235687, 0.085901855426],
      ["NaN", "NaN", "NaN", "NaN"],
      [0.021511194521, 0.0040727561403, 0.93561334714, 0.038802702196],
      [0.0048875547097, 0.93408185351, 0.016180661846, 0.044849929939],
      [0.031265496813, 0.2047218062, 0.63353958005, 0.13047311694],
      [0.22997711354, 0.095783162462, 0.19729516948, 0.47694455452]
    ],
    [
      [0.00070629382535, 0.86356907684, 0.043452027744, 0.092272601586],
      [0.33917752271, 0.002324596039, 0.65486330684, 0.0036345744078],
      [0.025150227957, 0.045756068002, 0.82465523207, 0.10443847197],
      [0.0010986761314, 0.95055930428, 0.0059504931274, 0.042391526465],
      [0.020592010982, 0.4348099921, 0.33474677433, 0.20985122259],
      [0.11201268372, 0.20812605705, 0.091227676224, 0.58863358301]
    ],
    [
      [0.001056723172, 0.83533980295, 0.083262590274, 0.080340883599],
      [0.47708193287, 0.00080895404191, 0.52072754385, 0.0013815692354],
      [0.039838828576, 0.03163042815, 0.87862101505, 0.049909728223],
      [0.00062002197941, 0.94232719011, 0.017072879146, 0.039979908769],
      [0.055562404238, 0.3027203359, 0.5021169859, 0.13960027397],
      [0.3035602599, 0.16291542397, 0.14572476558, 0.38779955054]
    ],
    [
      [0, 0.86478002019, 0.028499276836, 0.10672070298],
      [0, 0.21150000139, 0.78153648136, 0.0069635172517],
      [0, 0.057206267526, 0.80376839799, 0.13902533448],
      [0, 0.95842611343, 0.0022959350112, 0.039277951558],
      [0, 0.54005023777, 0.23990319277, 0.22004656946],
      [0, 0.11728507255, 0.031419497791, 0.85129542966]
    ],
    [
      [0.0085712620961, 0.78121517403, 0.051396262023, 0.15881730185],
      [0.81798686601, 0.044926224715, 0.13453758771, 0.0025493215605],
      [0.03350594934, 0.012736289294, 0.86625671348, 0.087501047887],
      [0.0004277521789, 0.91650439567, 0.011954520688, 0.071113331468],
      ["NaN", "NaN", "NaN", "NaN"],
      ["NaN", "NaN", "NaN", "NaN"]
    ],
    [
      [0, 0.86568432556, 0.077180749464, 0.057134924975],
      [0, 0.20758926302, 0.78942477967, 0.002985957312],
      [0, 0.015433309777, 0.93349880978, 0.051067880445],
      [0, 0.96119592722, 0.009370060344, 0.029434012433],
      [0, 0.40964615598, 0.45987325953, 0.13048058449],
      [0, 0.31952294823, 0.15976236151, 0.52071469026]
    ],
    [
      [0, 0.95447031272, 0.02664444457, 0.018885242712],
      ["NaN", "NaN", "NaN", "NaN"],
      [0, 0.1266519796, 0.8278772221, 0.045470798299],
      [0, 0.99352926878, 0.0016498920678, 0.004820839151],
      [0, 0.71158320794, 0.22153128552, 0.066885506539],
      [0, 0.55086855298, 0.1040642047, 0.34506724232]
    ],
    [
      [0.00016001084881, 0.84304369803, 0.073291914085, 0.083504377037],
      [0.18756165966, 0.0091025229372, 0.8004376533, 0.0028981641017],
      [0.010662806775, 0.031353783426, 0.89436204596, 0.063621363843],
      [0.00012833035135, 0.94818241117, 0.010758795308, 0.040930463169],
      [0.012866452298, 0.36250706565, 0.46766592911, 0.15696055294],
      [0.088192551892, 0.20956472201, 0.15230769431, 0.54993503178]
    ],
    [
      [0.066622165547, 0.79047323334, 0.049176166913, 0.093728434198],
      ["NaN", "NaN", "NaN", "NaN"],
      [0.12031066113, 0.20145732172, 0.56442405603, 0.11380796113],
      [0.00085148749769, 0.84010072726, 0.091063490206, 0.06798429504],
      [0.27879474176, 0.37116113994, 0.18211942259, 0.16792469571],
      [0.63304709601, 0.10246553796, 0.04335488548, 0.22113248055]
    ],
    [
      [0.0029804191456, 0.90884483437, 0.041709954545, 0.046464791942],
      [0.6225593306, 0.067021152948, 0.3090409212, 0.0013785952552],
      [0.06101382942, 0.044377674079, 0.8414309234, 0.0531775731],
      [0.00037758205476, 0.97445929931, 0.0023752143806, 0.022787904252],
      ["NaN", "NaN", "NaN", "NaN"],
      [0.3413510314, 0.24401818808, 0.086019608955, 0.32861117157]
    ],
    [
      [0.001078461115, 0.82617439047, 0.047644888739, 0.12510225967],
      [0.38220204633, 0.00085919573637, 0.61625362086, 0.00068513707448],
      [0.028624428704, 0.029844036698, 0.87983513908, 0.061696395521],
      [0.0024819492915, 0.89620837119, 0.045216251471, 0.056093428051],
      [0.0447897085, 0.27690040829, 0.44844650115, 0.22986338205],
      [0.17147944097, 0.13877062673, 0.18399884568, 0.50575108661]
    ],
    [
      [0, 0.97674750653, 0.0034356654252, 0.01981682804],
      [0, 0.30579516532, 0.68992835784, 0.0042764768449],
      [0, 0.25709494634, 0.65227652574, 0.090628527918],
      [0, 0.99619659745, 0.00078999632354, 0.0030134062231],
      [0, 0.83779122902, 0.080547225521, 0.081661545458],
      [0, 0.58633736688, 0.036234934968, 0.37742769815]
    ],
    [
      [0.0010400102155, 0.87693075051, 0.032476574746, 0.089552664526],
      [0.5651084253, 0.007233641694, 0.42470422228, 0.0029537107203],
      [0.048785584095, 0.032605907859, 0.80385939999, 0.11474910806],
      [0.00099314601065, 0.95252823706, 0.0027945661013, 0.04368405083],
      [0.03513030406, 0.45822859116, 0.28512735986, 0.22151374492],
      [0.17197084377, 0.20670430887, 0.066194259596, 0.55513058776]
    ],
    [
      [0.048094477593, 0.87622330225, 0.048821341129, 0.026860879027],
      ["NaN", "NaN", "NaN", "NaN"],
      [0.046537565449, 0.084402287134, 0.81849236338, 0.050567784035],
      [0.00099896870134, 0.9453624849, 0.041150588041, 0.012487958362],
      [0.042928281105, 0.64646386165, 0.19762730727, 0.11298054997],
      [0.29438081959, 0.27782405207, 0.042474217229, 0.38532091111]
    ],
    [
      [0.011649277021, 0.85993719019, 0.12841353279, 0],
      ["NaN", "NaN", "NaN", "NaN"],
      [0.1360152265, 0.087244591594, 0.7767401819, 0],
      [0.0034084493016, 0.86892311024, 0.12766844045, 0],
      [0.57689659416, 0.0094059247833, 0.41369748105, 0],
      ["NaN", "NaN", "NaN", "NaN"]
    ],
    [
      [0.00010029605325, 0.88890357531, 0.063963129018, 0.047032999619],
      [0.16298922694, 0.0021154160272, 0.8330884813, 0.0018068757396],
      [0.0071470357032, 0.048901560659, 0.89462484279, 0.049326560852],
      [7.8101899735e-05, 0.960500222, 0.01648705717, 0.022934618933],
      [0.009438184079, 0.46383815557, 0.41840871898, 0.10831494137],
      [0.082085599474, 0.3093256092, 0.13630643661, 0.47228235472]
    ],
    [
      [0.00014148291514, 0.87682841437, 0.063480040081, 0.059550062634],
      [0.18698243014, 0.0093281427861, 0.8011150355, 0.0025743915739],
      [0.010961862419, 0.037518325018, 0.89621025036, 0.055309562203],
      [0.00011029058406, 0.96032301053, 0.011022951042, 0.028543747848],
      [0.012203692752, 0.41881194618, 0.4423180645, 0.12666629657],
      [0.091836590311, 0.26972245558, 0.14912823941, 0.48931271471]
    ],
    [
      [0.0015990719949, 0.78021114513, 0.14047154319, 0.077718239682],
      [0.31688037217, 0.0005808135145, 0.68166537795, 0.0008734363624],
      [0.025211488126, 0.018551796608, 0.92632954037, 0.029907174896],
      [0.0015520944693, 0.93070172217, 0.028815927285, 0.038930256077],
      [0.036826038991, 0.20997109391, 0.64658453361, 0.10661833349],
      [0.26065569908, 0.13002471359, 0.21877877308, 0.39054081424]
    ],
    [
      [0.0014440154481, 0.77194260919, 0.11836436524, 0.10824901011],
      [0.62091702826, 0.00071318406008, 0.37780280051, 0.00056698717078],
      [0.038594178079, 0.027050689734, 0.87295708709, 0.061398045101],
      [0.00056720531402, 0.92772979654, 0.01673253444, 0.054970463701],
      [0.046352074807, 0.28146700208, 0.50134382295, 0.17083710016],
      [0.25797511563, 0.1278154549, 0.13214402427, 0.48206540521]
    ],
    [
      [0.00061701900928, 0.8211157763, 0.070211564662, 0.10805564003],
      [0.2983936901, 0.0015841147603, 0.69859130475, 0.0014308903896],
      [0.019953966425, 0.037096583415, 0.85757589197, 0.085373558191],
      [0.00057709759231, 0.93672266551, 0.013020341972, 0.049679894923],
      [0.019118039996, 0.36081662714, 0.41326498947, 0.2068003434],
      [0.10963093638, 0.17288006389, 0.11129606543, 0.6061929343]
    ],
    [
      [0.0010386763989, 0.8857357488, 0.067606056306, 0.045619518498],
      [0.36282571001, 0.0053405970263, 0.63053408643, 0.0012996065404],
      [0.030997554682, 0.039298115798, 0.88985153604, 0.03985279348],
      [0.00089517323185, 0.96315526867, 0.014815419418, 0.021134138685],
      [0.030007212327, 0.42034833846, 0.45202744259, 0.097617006618],
      [0.23037147396, 0.26076668172, 0.12860007596, 0.38026176836]
    ],
    [
      [0.001980420076, 0.81517439548, 0.1062067863, 0.076638398145],
      [0.36157549775, 0.007304342098, 0.62686117938, 0.0042589807701],
      [0.032084897207, 0.032001433434, 0.87601949786, 0.059894171499],
      [0.00081095645403, 0.95903564936, 0.0036025506441, 0.036550843545],
      [0.032011629241, 0.34425823494, 0.47245638561, 0.15127375021],
      [0.21411396037, 0.19034584439, 0.081745120167, 0.51379507508]
    ],
    [
      [0, 0.93679536522, 0.0096477745373, 0.053556860245],
      ["NaN", "NaN", "NaN", "NaN"],
      [0, 0.12945107725, 0.73884097753, 0.13170794522],
      [0, 0.97368768714, 0.00116930573, 0.025143007133],
      [0, 0.66823375589, 0.17573874063, 0.15602750349],
      [0, 0.39264960189, 0.055870593495, 0.55147980461]
    ],
    [
      [3.2181189354e-05, 0.85979795314, 0.094815729044, 0.045354136629],
      [0.10048061856, 0.0018711206974, 0.89712539837, 0.00052286236561],
      [0.001310118371, 0.054799769299, 0.90751213348, 0.036377978854],
      [2.9757162618e-05, 0.96314696276, 0.016172954217, 0.020650325858],
      [0.0049448049843, 0.44284257013, 0.46184892141, 0.090363703471],
      [0.026605041203, 0.33598176688, 0.19840313303, 0.43901005889]
    ],
    [
      [0.00066861451908, 0.90073499078, 0.050421120084, 0.048175274619],
      [0.50611422481, 0.018532787686, 0.47411134718, 0.0012416403312],
      [0.044158086555, 0.039892533582, 0.86806046659, 0.047888913268],
      [0.00036213649857, 0.96932917411, 0.0084453397963, 0.021863349598],
      [0.046416278496, 0.4522759494, 0.39201627115, 0.10929150096],
      [0.29125270509, 0.24676725899, 0.11900196996, 0.34297806597]
    ],
    [
      [0.00093976480574, 0.83746619808, 0.091886271052, 0.069707766066],
      [0.27907310088, 0.00094351609398, 0.71906257567, 0.00092080735656],
      [0.019393917003, 0.034579775393, 0.9112129621, 0.034813345505],
      [0.0014669418327, 0.94425262717, 0.022643907728, 0.031636523268],
      [0.027837542373, 0.26751176196, 0.58393615128, 0.12071454439],
      [0.18099118252, 0.19336860062, 0.20706159659, 0.41857862028]
    ],
    [
      [0.001456051009, 0.64216913373, 0.22756985717, 0.12880495809],
      [0.19320422228, 0.00038475833559, 0.80566805961, 0.00074295977373],
      [0.013289904475, 0.010717568784, 0.94718813925, 0.02880438749],
      [0.0016234411645, 0.8803247608, 0.044190440683, 0.073861357355],
      [0.02059263732, 0.12439527678, 0.74296317221, 0.11204891369],
      [0.16264444202, 0.087629463756, 0.291478786, 0.45824730823]
    ],
    [
      [0.00094728564679, 0.90169975132, 0.049018000945, 0.048334962089],
      [0.3496059371, 0.0019765104371, 0.64691413154, 0.0015034209278],
      [0.028162766854, 0.050249417555, 0.87107298606, 0.05051482953],
      [0.0013340802405, 0.97039210627, 0.0069804937936, 0.021293319697],
      [0.024528767958, 0.47530138171, 0.38913348648, 0.11103636386],
      [0.17422804888, 0.28679502197, 0.13531692783, 0.40366000132]
    ],
    [
      [0.0003638178447, 0.74579346057, 0.16266936004, 0.091173361551],
      [0.15137875021, 0.000600685216, 0.84733469612, 0.00068586846062],
      [0.0073040350768, 0.013747135138, 0.94518405473, 0.033764775057],
      [0.00020343660741, 0.9248913623, 0.026648583929, 0.048256617159],
      [0.013289725075, 0.2080102245, 0.66462758295, 0.11407246747],
      [0.10738079191, 0.14860912079, 0.2686065672, 0.4754035201]
    ],
    [
      [0.0014902216238, 0.82753152471, 0.13008820963, 0.040890044029],
      [0.26247318636, 0.0014395137909, 0.73572447069, 0.00036282915534],
      [0.021174240399, 0.017919524347, 0.94920043621, 0.011705799046],
      [0.0019108669066, 0.95533365083, 0.025489898244, 0.017265584024],
      [0.029238709152, 0.24884066264, 0.65939547205, 0.062525156156],
      [0.23955147317, 0.20017604831, 0.29439447538, 0.26587800314]
    ],
    [
      [0.0012954215932, 0.79344749526, 0.10385560352, 0.10140147963],
