{
  "Z_true": {},
  "V_true": [
    [1783, 166, 2603, 161],
    [2879, 530, 12103, 799],
    [444, 10312, 502, 980],
    [221, 902, 586, 1306]
  ],
  "p_true": [
    [0.3783, 0.0352, 0.5523, 0.0342],
    [0.1765, 0.0325, 0.742, 0.049],
    [0.0363, 0.8426, 0.041, 0.0801],
    [0.0733, 0.2992, 0.1944, 0.4332]
  ],
  "Z_est": [
    [
      [116.749, 32.3236, 93.9084, 43.9469, 6.14, 116.1773, 69.0127, 18.6601, 1.3594, 2.0618, 15.1768, 174.4189, 101.6721, 62.607, 37.6964, 113.8479, 35.0504, 88.8608, 26.0434, 36.4234, 13.6035, 12.1695, 44.6229, 10.6956, 7.1059, 79.433, 99.4916, 9.7636, 42.5336, 74.6766, 32.0729, 43.0649, 15.5529, 31.8625, 89.9533, 49.936, 8.1548, 133.6388, 37.18, 25.3268, 39.4859, 20.8258, 67.9097, 85.8684, 2.7416, 197.7995, 38.3531, 376.8235, 110.2477],
      [5.7481, 0.0307, 2.8613, 2.0047, 0.0051, 4.9654, 3.6693, 1.6564, 0.3753, 0.2054, 1.0697, 3.5944, 1.5072, 2.0795, 0.723, 5.0943, 1.2067, 2.2007, 1.2626, 3.1218, 0.3047, 0.4338, 1.0439, 0.0083, 0.0057, 4.3617, 6.3472, 1.1869, 0.039, 4.5855, 3.6789, 1.5607, 0.0134, 1.2382, 9.8626, 1.2625, 1.9634, 1.9835, 0.9565, 0.6948, 1.1842, 0.847, 2.9496, 3.4589, 0.5699, 10.9656, 2.0231, 14.3695, 11.5822],
      [45.8626, 13.1773, 39.6372, 17.1098, 1.5755, 55.2281, 31.8662, 13.2009, 2.1256, 5.4028, 9.6634, 84.0306, 49.3249, 32.6614, 23.5489, 66.4267, 10.5903, 44.5987, 8.9821, 18.9736, 2.3962, 8.5378, 10.045, 2.0055, 1.2686, 34.8824, 47.4904, 5.5836, 15.8331, 30.2132, 14.3868, 13.9158, 4.1685, 13.8372, 44.7641, 32.4122, 3.2797, 91.1133, 27.6016, 12.458, 19.8467, 4.761, 40.9082, 46.8272, 0.7048, 122.1306, 18.9379, 100.6427, 50.5866],
      [7.6404, 2.4684, 5.5931, 2.9387, 0.2794, 6.6292, 4.4519, 1.4826, 0.1397, 0.3299, 1.0901, 8.9561, 5.4958, 3.652, 2.0317, 15.6311, 2.1526, 6.3398, 1.7119, 2.4812, 0.6956, 0.8589, 1.2882, 0.2906, 0.6198, 6.323, 7.6708, 1.4658, 2.5944, 4.5247, 1.8614, 2.4586, 1.2652, 2.0621, 5.42, 3.3893, 0.6021, 8.2644, 2.2619, 0.5204, 2.4832, 1.5662, 4.2325, 4.8455, 0.9837, 12.1043, 2.6859, 21.1642, 5.5835]
    ],
    [
      [90.1861, 27.7613, 74.3653, 34.4452, 6.1201, 80.6354, 46.8224, 6.3513, 0.6119, 0.8898, 7.1157, 131.0716, 78.9838, 41.4577, 21.6272, 53.8876, 32.5705, 64.032, 20.0177, 22.7404, 22.4047, 5.0601, 45.732, 10.0101, 10.1462, 54.2198, 61.0109, 3.1035, 34.4726, 54.6968, 20.3394, 38.8682, 13.6676, 23.8954, 54.4212, 25.4056, 4.4264, 66.933, 14.9028, 15.3756, 26.933, 20.4295, 35.8908, 52.9529, 0.8867, 95.6321, 24.1961, 349.6071, 73.1303],
      [19.7637, 15.9389, 16.2614, 6.0874, 0.8434, 5.0604, 14.1326, 2.0002, 0.0444, 0.0591, 3.4176, 3.643, 3.8645, 8.9058, 1.1299, 2.8034, 5.6584, 12.8624, 1.1252, 9.0424, 0.267, 1.6464, 3.9957, 1.1952, 0.5913, 20.3283, 18.005, 2.5288, 7.2358, 13.7591, 2.1886, 4.8877, 3.3221, 7.1827, 14.6972, 2.0497, 2.1719, 1.8022, 1.2385, 3.2112, 1.0394, 0.7533, 7.1116, 10.6776, 0.5149, 49.5982, 6.4929, 12.7584, 23.3398],
      [498.5603, 221.2966, 398.6803, 203.6176, 33.7362, 564.3929, 303.6193, 44.2125, 2.1319, 2.5184, 42.0911, 616.6326, 518.1113, 388.2433, 177.8645, 510.0894, 164.9122, 440.1362, 131.2557, 184.506, 36.7003, 41.7574, 161.7707, 52.1189, 27.0888, 616.0455, 559.4235, 107.6561, 210.0975, 414.2904, 117.4342, 186.6198, 95.0526, 141.3958, 284.7337, 130.5593, 8.7877, 400.368, 97.1009, 83.6863, 142.0858, 156.1244, 327.7421, 401.2727, 99.2443, 881.4805, 188.4528, 1444.377, 412.95],
      [33.4899, 7.0032, 13.693, 14.8498, 0.3003, 16.9113, 17.4257, 5.4361, 0.2118, 0.5327, 3.3756, 20.6528, 17.0404, 6.3932, 2.3783, 26.2196, 8.8589, 20.9694, 6.6015, 7.7112, 2.628, 3.5361, 1.5016, 0.6757, 2.1737, 21.4064, 30.5606, 12.7116, 9.194, 14.2537, 5.0378, 5.6242, 4.9577, 4.5262, 12.1479, 7.9855, 2.614, 23.8967, 4.7579, 1.7268, 6.9418, 7.6928, 9.2555, 13.0968, 9.3541, 13.2892, 8.8581, 105.2574, 4.5799]
    ],
    [
      [9.5569, 0.6662, 5.3088, 3.4189, 0.7197, 8.7894, 5.8903, 0.8917, 0.0218, 0.0328, 0.6343, 8.0136, 2.0328, 3.6897, 1.5646, 6.1544, 2.2177, 1.6928, 3.811, 0.6553, 0.9325, 0.725, 3.5037, 2.2425, 6.692, 6.798, 9.9264, 1.034, 5.8175, 7.3356, 2.4695, 2.8704, 2.6808, 2.0735, 4.2828, 2.424, 0.3798, 4.9845, 1.8052, 1.1038, 2.4446, 1.6058, 4.9424, 5.9301, 0.2344, 16.7928, 3.2574, 42.5505, 6.2895],
      [504.6541, 387.4757, 240.3646, 176.4567, 37.0469, 446.6134, 321.1999, 42.2845, 8.4705, 9.5407, 26.4907, 314.0887, 126.0454, 178.1654, 62.0776, 285.0302, 102.428, 656.9428, 113.9684, 307.2482, 26.9354, 37.3502, 89.6404, 73.9704, 88.3827, 372.3919, 562.5013, 106.8864, 291.6008, 407.0484, 303.5116, 136.3167, 162.8285, 101.8195, 186.79, 109.2264, 16.5178, 181.1552, 83.5425, 44.9546, 105.2517, 75.8485, 260.4604, 303.4245, 51.2623, 951.552, 177.863, 1303.6026, 303.0078],
      [14.4431, 7.6032, 3.6162, 5.3541, 1.5583, 27.737, 8.9866, 0.6448, 0.2318, 1.0667, 0.4065, 14.2943, 1.9062, 2.6631, 2.2328, 22.0716, 1.5418, 16.4597, 11.5599, 7.5588, 1.0371, 0.5936, 1.7525, 3.2906, 3.7317, 5.5785, 20.4574, 4.404, 3.6493, 17.5817, 12.4742, 3.4794, 4.0062, 1.5278, 2.8173, 2.5962, 0.2138, 11.6336, 3.894, 0.6728, 11.8432, 5.2561, 11.3799, 11.8064, 6.2703, 24.7053, 5.4829, 82.2821, 4.4712],
      [15.3459, 3.2549, 8.7103, 5.7703, 0.6751, 11.8602, 8.9232, 2.1791, 0.2759, 1.3598, 1.4685, 10.6034, 6.0156, 5.4819, 2.1251, 8.7439, 3.8125, 20.9047, 3.6608, 2.5377, 1.0949, 1.3312, 1.1033, 0.4965, 3.1936, 13.2316, 17.1148, 4.6756, 6.9324, 10.0343, 1.5447, 4.3336, 6.4845, 3.5792, 7.1099, 4.7533, 0.8887, 9.2267, 2.7583, 1.2688, 8.4604, 3.2896, 7.2172, 7.839, 11.233, 20.9498, 5.3967, 40.5649, 5.2315]
    ],
    [
      [0.5081, 0.2488, 0.4175, 0.189, 0.0203, 0.3979, 0.2747, 0.0969, 0.0068, 0.0156, 0.0732, 0.4958, 0.3113, 0.2456, 0.1118, 0.1101, 0.1614, 0.4143, 0.1279, 0.1809, 0.0593, 0.0454, 0.1413, 0.0518, 1.056, 0.5491, 0.5711, 0.0989, 0.1763, 0.291, 0.1182, 0.1965, 0.0986, 0.1687, 0.3428, 0.2344, 0.0391, 0.4436, 0.1121, 1.1938, 0.1365, 0.1389, 0.2571, 0.2485, 0.1372, 0.7757, 0.1934, 1.0189, 0.3325],
      [6.8341, 8.5548, 4.5127, 2.4512, 0.1046, 5.3608, 3.9982, 1.0589, 0.1099, 0.1947, 3.0219, 4.6739, 2.5829, 2.8493, 1.0695, 1.0721, 2.7069, 2.9942, 1.6438, 6.5876, 0.4929, 0.5696, 1.3201, 0.826, 1.0202, 10.9182, 8.1465, 1.3979, 1.1244, 4.607, 2.6209, 2.2349, 0.836, 4.7596, 3.6501, 2.4614, 1.3469, 4.0591, 1.2625, 4.1393, 1.5248, 1.5513, 3.4784, 3.4391, 1.6528, 11.8841, 2.6209, 7.2694, 4.0702],
      [25.134, 20.9229, 32.0663, 7.9186, 1.13, 19.642, 12.5279, 7.9419, 0.5107, 1.0121, 3.839, 21.0425, 13.6576, 18.4322, 7.3539, 5.4123, 8.9557, 24.8053, 8.2024, 10.9616, 2.8663, 2.1112, 9.4318, 4.585, 2.9109, 46.4936, 41.6287, 4.3563, 9.4202, 13.9147, 6.7048, 14.985, 5.7727, 12.2392, 24.6849, 20.4323, 1.7188, 25.885, 6.4035, 12.183, 4.2243, 10.8585, 16.9698, 8.0937, 10.7807, 60.6836, 14.1264, 36.6982, 21.9922],
      [97.5237, 46.2735, 71.0036, 37.4412, 2.7451, 66.5993, 52.1992, 19.9022, 1.3726, 3.7775, 14.0658, 72.7878, 49.4482, 40.4729, 16.4649, 34.4054, 29.176, 83.7862, 24.0259, 33.2699, 8.5815, 9.2738, 16.1068, 7.5372, 12.0129, 108.039, 115.6537, 27.1469, 32.2792, 52.1873, 19.5561, 32.5836, 21.2927, 29.8325, 58.3222, 42.8719, 7.8952, 78.6122, 19.2219, 19.4839, 26.1145, 27.4513, 45.2947, 41.2187, 37.4293, 130.6566, 37.0593, 233.0135, 45.6051]
    ]
  ],
  "V_est": [
    [2993.0303, 132.8627, 1395.5253, 191.5818],
    [2100.4434, 357.2349, 13273.0252, 580.2966],
    [219.8916, 11262.2357, 420.8255, 335.0472],
    [13.6348, 157.6668, 704.624, 2139.0744]
  ],
  "p_est": [
    [0.6351, 0.0282, 0.2961, 0.0406],
    [0.1288, 0.0219, 0.8137, 0.0356],
    [0.018, 0.9203, 0.0344, 0.0274],
    [0.0045, 0.0523, 0.2337, 0.7095]
  ],
  "EI_Z": {},
  "EI_V": 11.8879,
  "MAE_Z": {},
  "MAE_V": 539.0714,
  "MAE_p": 0.091,
  "runtime": 0.6949
}
