{
  "X": [
    [1, 1, 14, 22, 2],
    [2, 17, 34, 127, 4],
    [9, 17, 112, 207, 5],
    [55, 68, 552, 807, 34],
    [18, 24, 119, 251, 10],
    [60, 47, 288, 907, 33],
    [2, 3, 13, 14, 2],
    [1, 1, 16, 23, 0],
    [43, 41, 639, 612, 26],
    [30, 52, 257, 560, 21],
    [54, 39, 231, 790, 18],
    [1, 1, 15, 8, 1],
    [265, 227, 2354, 3618, 132],
    [12, 37, 221, 347, 6],
    [4, 28, 114, 144, 6],
    [2, 3, 15, 36, 2],
    [32, 20, 261, 329, 45],
    [0, 0, 10, 20, 0],
    [24, 25, 310, 366, 17],
    [5, 9, 75, 74, 4],
    [3, 7, 68, 53, 2],
    [8, 13, 99, 73, 9],
    [32, 33, 282, 318, 11],
    [23, 14, 140, 240, 11],
    [0, 1, 6, 12, 1],
    [0, 2, 25, 37, 2],
    [26, 16, 231, 220, 8],
    [0, 3, 9, 12, 0],
    [1, 1, 26, 22, 0],
    [5, 12, 35, 84, 5],
    [15, 13, 174, 126, 9],
    [1, 1, 44, 44, 1],
    [10, 7, 86, 142, 4],
    [18, 18, 48, 222, 9],
    [20, 21, 93, 214, 10],
    [16, 20, 98, 199, 5],
    [29, 19, 90, 353, 17],
    [20, 19, 163, 263, 10],
    [1, 4, 14, 25, 0],
    [20, 31, 143, 267, 10],
    [14, 11, 35, 138, 7],
    [11, 13, 228, 162, 11],
    [27, 49, 598, 500, 28],
    [12, 15, 190, 220, 8],
    [21, 13, 69, 161, 9],
    [18, 21, 198, 278, 7],
    [18, 38, 221, 374, 17],
    [36, 31, 258, 407, 11],
    [35, 19, 162, 318, 13],
    [16, 19, 83, 298, 7],
    [28, 15, 122, 192, 6],
    [8, 10, 28, 102, 3],
    [41, 34, 313, 465, 15],
    [21, 24, 164, 265, 15],
    [30, 31, 276, 409, 20],
    [40, 36, 268, 439, 17],
    [28, 12, 187, 318, 13],
    [14, 16, 122, 198, 7],
    [20, 12, 124, 217, 17],
    [20, 16, 135, 248, 5],
    [18, 11, 183, 285, 10],
    [23, 18, 156, 305, 10],
    [2, 1, 16, 12, 0],
    [0, 2, 4, 7, 0],
    [18, 70, 233, 389, 18],
    [116, 231, 667, 1751, 84],
    [101, 132, 552, 1079, 43]
  ],
  "W": [
    [0, 19, 18, 2, 1],
    [23, 96, 46, 4, 15],
    [17, 170, 120, 25, 18],
    [75, 691, 620, 82, 48],
    [43, 197, 134, 29, 19],
    [95, 752, 316, 107, 65],
    [1, 11, 16, 4, 2],
    [2, 16, 21, 1, 1],
    [84, 419, 697, 94, 67],
    [46, 458, 283, 93, 40],
    [69, 661, 265, 79, 58],
    [2, 6, 17, 1, 0],
    [300, 2780, 2726, 528, 262],
    [68, 259, 251, 18, 27],
    [34, 97, 127, 13, 25],
    [4, 30, 18, 4, 2],
    [23, 263, 300, 62, 39],
    [0, 17, 10, 2, 1],
    [29, 283, 370, 41, 19],
    [12, 62, 75, 8, 10],
    [10, 34, 75, 4, 10],
    [18, 45, 104, 22, 13],
    [26, 224, 339, 58, 29],
    [13, 163, 184, 43, 25],
    [0, 14, 6, 0, 0],
    [3, 28, 28, 0, 7],
    [11, 168, 247, 55, 20],
    [3, 8, 11, 1, 1],
    [0, 21, 24, 4, 1],
    [9, 63, 53, 7, 9],
    [13, 73, 207, 27, 17],
    [2, 32, 43, 11, 3],
    [13, 99, 101, 25, 11],
    [27, 181, 59, 22, 26],
    [26, 188, 96, 28, 20],
    [22, 162, 108, 22, 24],
    [37, 303, 99, 45, 24],
    [23, 189, 204, 41, 18],
    [2, 21, 14, 2, 5],
    [53, 191, 168, 30, 29],
    [13, 115, 43, 27, 7],
    [13, 114, 265, 18, 15],
    [67, 331, 670, 69, 65],
    [23, 132, 246, 29, 15],
    [9, 139, 77, 33, 15],
    [29, 215, 225, 34, 19],
    [39, 289, 265, 52, 23],
    [38, 292, 308, 68, 37],
    [23, 253, 210, 43, 18],
    [25, 233, 113, 30, 22],
    [18, 128, 160, 43, 14],
    [8, 75, 39, 18, 11],
    [28, 355, 378, 76, 31],
    [22, 209, 194, 40, 24],
    [32, 283, 332, 71, 48],
    [43, 317, 328, 74, 38],
    [23, 231, 233, 48, 23],
    [19, 151, 143, 23, 21],
    [14, 163, 149, 33, 31],
    [17, 177, 149, 50, 31],
    [16, 190, 213, 55, 33],
    [30, 211, 197, 48, 26],
    [1, 10, 15, 1, 4],
    [1, 5, 6, 0, 1],
    [78, 312, 276, 19, 43],
    [162, 1588, 797, 132, 170],
    [102, 874, 673, 129, 129]
  ],
  "method": "mult",
  "cond_prob": [
    [
      [0.0049324900554, 0.310538233, 0.036969941724, 0.61455719384, 0.033002141383],
      [0.017844616141, 0.038108272765, 0.018440139737, 0.86997667175, 0.05563029961],
      [0.0063973044361, 0.0063534872486, 0.75118637528, 0.20799795462, 0.02806487841],
      [0.24845903128, 0.00049966619439, 0.033508489415, 0.59511035424, 0.12242245886],
      [0.048882750905, 0.16058071461, 0.061265611082, 0.53625934509, 0.19301157831]
    ],
    [
      [0.0022741706153, 0.32739660296, 0.021995907491, 0.63653836165, 0.011794957286],
      [0.0014239635094, 0.058583839461, 0, 0.92014493785, 0.01984725918],
      [0.019705807841, 0.012886962308, 0.70725630302, 0.24888952476, 0.011261402072],
      [0.12868527181, 0.001086684935, 0.037033656899, 0.77961033939, 0.053584046963],
      [0.025985688735, 0.21657883585, 0.054144637425, 0.63055627679, 0.072734561199]
    ],
    [
      [0.0041945471393, 0.30054121161, 0.047827983687, 0.63872941043, 0.0087068471329],
      [0.014286271834, 0.045209993218, 0.061613330983, 0.86522793458, 0.013662469386],
      [0.0040565173103, 0.0058519473414, 0.81505306723, 0.16920995002, 0.0058285180972],
      [0.20685209137, 0.00051514458379, 0.052938536767, 0.70425791492, 0.035436312365],
      [0.04677456252, 0.19388823666, 0.087934806844, 0.61895607051, 0.052446323466]
    ],
    [
      [0.0076029567088, 0.30658856703, 0.047425903288, 0.62273709467, 0.015645478304],
      [0.028656805179, 0.046695106169, 0.056975850166, 0.84256772538, 0.025104513103],
      [0.0098979793059, 0.0060058683241, 0.80877131843, 0.16441522745, 0.010909606484],
      [0.30328751245, 0.00048765498744, 0.045218587661, 0.59609162077, 0.05491462413],
      [0.075450055796, 0.18699818834, 0.081804232731, 0.5679888695, 0.087758653638]
    ],
    [
      [0.0080050260934, 0.27979574611, 0.044944833981, 0.65192716663, 0.015327227184],
      [0.029523367638, 0.040678148185, 0.043903604918, 0.86187777522, 0.024017104035],
      [0.011043268642, 0.0054863311518, 0.78916630384, 0.18324658256, 0.011057513799],
      [0.30620228958, 0.00035862492866, 0.041020417147, 0.60060737186, 0.051811296489],
      [0.07789558198, 0.16892732776, 0.07792027146, 0.58971338255, 0.085543436252]
    ],
    [
      [0.0080467048083, 0.19984808743, 0.046381089168, 0.72981156485, 0.015912553742],
      [0.027485575236, 0.025626375519, 0.037640245253, 0.88649271911, 0.022755084882],
      [0.01058270735, 0.0034512948908, 0.77829904019, 0.19681566513, 0.010851292438],
      [0.28313403301, 8.3591861387e-05, 0.039418753396, 0.62728788701, 0.050075734723],
      [0.075798975548, 0.11759759675, 0.078892750525, 0.64172034583, 0.08599033134]
    ],
    [
      [0.005137239317, 0.58651276239, 0.02623641568, 0.35838137091, 0.023732211704],
      [0.029359290745, 0.11674701377, 0.029629526089, 0.76288718885, 0.061376980552],
      [0.0087152147729, 0.024656833844, 0.77588628803, 0.16046643498, 0.030275228376],
      [0.35284358691, 0.0034426877417, 0.032557197103, 0.48769928767, 0.12345724058],
      [0.06054638925, 0.36049499685, 0.051714700217, 0.36579972075, 0.16144419294]
    ],
    [
      [0.0068965301515, 0.21499159694, 0.036899827838, 0.74121204507, 0],
      [0.023532058514, 0.024071173204, 0.014703893839, 0.93769287444, 0],
      [0.0091399358031, 0.0026303207871, 0.74219666478, 0.24603307863, 0],
      [0.33905012304, 0.00022233523021, 0.032007592767, 0.62871994896, 0],
      [0.078705228564, 0.12941896309, 0.072800489821, 0.71907531852, 0]
    ],
    [
      [0.0066372322789, 0.22720132062, 0.059312211575, 0.69200553189, 0.014843703634],
      [0.022644757418, 0.029979850278, 0.071814475539, 0.85405225343, 0.021508663333],
      [0.0053438757553, 0.00039340512144, 0.84968996859, 0.13662136806, 0.0079513824683],
      [0.26321708586, 0, 0.054731517034, 0.63203199306, 0.050019404044],
      [0.06697360684, 0.13551236465, 0.09774385475, 0.61772448125, 0.082045692507]
    ],
    [
      [0.0042330523904, 0.33427264301, 0.042645932453, 0.60602873971, 0.012819632436],
      [0.015034794531, 0.055431060588, 0.048465733819, 0.85990368718, 0.021164723883],
      [0.0048227608378, 0.0089401235503, 0.79578387032, 0.18085574874, 0.0095974965474],
      [0.21160794923, 0.0010839959113, 0.048335967147, 0.68569579861, 0.053276289099],
      [0.046874077476, 0.2151291522, 0.078472519317, 0.583372577, 0.076151674009]
    ],
    [
      [0.0089947634197, 0.20002995967, 0.043058672592, 0.73774667034, 0.010169933977],
      [0.031196060165, 0.026019267154, 0.026948153454, 0.90125803245, 0.014578486772],
      [0.012527933441, 0.0038460017916, 0.76611589156, 0.21024668801, 0.007263485198],
      [0.30946814353, 0.00017065101989, 0.035683243629, 0.62324005295, 0.031437908873],
      [0.086049652662, 0.12011250497, 0.075457493922, 0.6622859274, 0.056094421047]
    ],
    [
      [0.010246263372, 0.40504731718, 0.048734004767, 0.50055357488, 0.035418839806],
      [0.0615517125, 0.031650894275, 0.061161722311, 0.78003224437, 0.065603426544],
      [0.0042706718202, 0, 0.85316383475, 0.1166897403, 0.02587575313],
      [0.53759577731, 0, 0.031776465838, 0.33497379893, 0.095653957916],
      [0.1074575329, 0.19250029477, 0.071505851625, 0.41232775527, 0.21620856544]
    ],
    [
      [0.0072689442444, 0.25085784925, 0.047083614179, 0.68104326278, 0.013746329539],
      [0.025696615821, 0.035694185071, 0.047353562758, 0.87055173821, 0.020703898143],
      [0.0092761496277, 0.0045592811528, 0.79375813723, 0.18299532605, 0.0094111059392],
      [0.27902968748, 0.00029887424381, 0.043615686003, 0.63045187619, 0.046603876083],
      [0.07163460256, 0.15239085764, 0.081749034244, 0.6176692348, 0.076556270759]
    ],
    [
      [0.004813804601, 0.28671242473, 0.046930647965, 0.65475889182, 0.006784230891],
      [0.018003687784, 0.042781254326, 0.050562478787, 0.87796958113, 0.010682997976],
      [0.0059643595125, 0.0055722444699, 0.80298712602, 0.18073680343, 0.0047394665703],
      [0.22633587623, 0.00054444653753, 0.048235001965, 0.69819885796, 0.0266858173],
      [0.053281708932, 0.18573247587, 0.085001306132, 0.63517617562, 0.040808333449]
    ],
    [
      [0.0021584740923, 0.38675957286, 0.045553220844, 0.55402862944, 0.011500102764],
      [0.010004509752, 0.069213285778, 0.056387586899, 0.84378713659, 0.020607480978],
      [0.0019039682722, 0.013073482594, 0.82010117974, 0.15657015382, 0.0083512155814],
      [0.15235171239, 0.001389644099, 0.05642109964, 0.73318253875, 0.056655005125],
      [0.029351928131, 0.25832352559, 0.083810817616, 0.55599567244, 0.072518056229]
    ],
    [
      [0.0057119163935, 0.30654875307, 0.037078067499, 0.62941584805, 0.021245414994],
      [0.021073494271, 0.043224159073, 0.02392098636, 0.87674399474, 0.035037365558],
      [0.0078165373226, 0.0065029497062, 0.76977426332, 0.19902309784, 0.016883151808],
      [0.27120195571, 0.00049262781323, 0.035869757022, 0.61455347986, 0.077882179591],
      [0.059721005831, 0.17902830478, 0.067321185682, 0.56969354251, 0.12423596119]
    ],
    [
      [0.0084449173748, 0.23882139653, 0.050911069454, 0.65618951965, 0.045633096986],
      [0.030281500772, 0.032706527469, 0.054257513391, 0.81460141972, 0.068153038643],
      [0.011540076946, 0.0035303160148, 0.79975423043, 0.15516392922, 0.030011447381],
      [0.28431362886, 0.00013828489528, 0.04278460084, 0.53577412661, 0.1369893588],
      [0.070570874984, 0.12404160737, 0.076420640984, 0.51026392419, 0.21870295247]
    ],
    [
      [0, 0, 0.064821654813, 0.93517834519, 0],
      [0, 0, 0.07595378238, 0.92404621762, 0],
      [0, 0, 0.84532003545, 0.15467996455, 0],
      [0, 0, 0.067779022143, 0.93222097786, 0],
      [0, 0, 0.12002730076, 0.87997269924, 0]
    ],
    [
      [0.0071393375794, 0.2783975382, 0.045202380837, 0.65196884922, 0.017291894163],
      [0.026146088894, 0.041096737747, 0.045096724708, 0.86065635457, 0.027004094084],
      [0.0095022569453, 0.0056557311938, 0.79108313107, 0.18139406153, 0.012364819263],
      [0.28166055058, 0.00046376323712, 0.042438971581, 0.61555002276, 0.059886691838],
      [0.069984126822, 0.16760314607, 0.078210607001, 0.5880948069, 0.096107313207]
    ],
    [
      [0.0063353213273, 0.33336518668, 0.063251013691, 0.58039727721, 0.016651201096],
      [0.024420073401, 0.047646989888, 0.1001992676, 0.80063409083, 0.027099578282],
      [0.0045608073562, 0.00044290189715, 0.88688967482, 0.099308165466, 0.008798450462],
      [0.29786860096, 2.519762124e-05, 0.059775192351, 0.58024411227, 0.062086896804],
      [0.068492223383, 0.20120851636, 0.10337060942, 0.53058537341, 0.096343277432]
    ],
    [
      [0.0058106729864, 0.32446815961, 0.054091447426, 0.60487898606, 0.010750733918],
      [0.023002707997, 0.04769394073, 0.066069807812, 0.84554293625, 0.01769060721],
      [0.0051537458121, 0.0014139572032, 0.8540516449, 0.13300715702, 0.006373495063],
      [0.28296599652, 0.00036247907933, 0.052243219246, 0.62307840479, 0.04134990036],
      [0.064140627622, 0.20262277125, 0.094986581563, 0.57348999111, 0.064760028451]
    ],
    [
      [0.0049859257007, 0.38466192959, 0.060203436762, 0.52169108392, 0.028457624025],
      [0.022960908217, 0.062752251837, 0.078833298625, 0.78482065306, 0.050632888265],
      [0.0011820066352, 0.0030550418382, 0.88199525863, 0.097773667788, 0.015994025107],
      [0.27265385789, 0, 0.064711601114, 0.55024808685, 0.11238645415],
      [0.058130684929, 0.22573150642, 0.093667505997, 0.46297782625, 0.1594924764]
    ],
    [
      [0.0075665629802, 0.35991915179, 0.040419423859, 0.58187883113, 0.010216030246],
      [0.030787848775, 0.060070536267, 0.041523524398, 0.84991997523, 0.017698115335],
      [0.011571562666, 0.010213563984, 0.78793953623, 0.18202977286, 0.008245564263],
      [0.32260175729, 0.00096896724498, 0.040940862224, 0.59706013979, 0.038428273455],
      [0.078383778291, 0.22992081514, 0.074543197344, 0.55694809774, 0.060204111487]
    ],
    [
      [0.0083410588107, 0.24760026449, 0.037500235783, 0.69075115597, 0.015807284944],
      [0.031423641428, 0.03583725624, 0.013018968025, 0.89534952591, 0.024370608393],
      [0.015148639559, 0.0066144917321, 0.73127555652, 0.23379275127, 0.013168560913],
      [0.30221683459, 0.00058984464426, 0.028542779791, 0.61711001818, 0.0515405228],
      [0.079473564658, 0.14789175984, 0.064334528607, 0.62098660933, 0.087313537566]
    ],
    [
      [0, 0.52783834303, 0.033465567654, 0.41252210767, 0.026173981643],
      [0, 0.068326008464, 0.06807561312, 0.80187748424, 0.061720894176],
      [0, 0.0072393135839, 0.84115690272, 0.12895253677, 0.022651246924],
      [0, 0.0010597568962, 0.060156097231, 0.74631549756, 0.19246864832],
      [0, 0.287767915, 0.068712662168, 0.43575490192, 0.20776452091]
    ],
    [
      [0, 0.19194360171, 0.050692872595, 0.73724894682, 0.020114578872],
      [0, 0.021787842672, 0.05416244639, 0.89616061874, 0.0278890922],
      [0, 0.00060195670762, 0.81064562058, 0.1771638576, 0.011588565113],
      [0, 0.00040486007677, 0.056984838784, 0.85462211382, 0.087988187323],
      [0, 0.1138935446, 0.090470786743, 0.67645254599, 0.11918312266]
    ],
    [
      [0.0080054109183, 0.31443769644, 0.053647419873, 0.61290316207, 0.011006310694],
      [0.028962833568, 0.04673212561, 0.077922617471, 0.8288788696, 0.017503553747],
      [0.0064072088553, 0.0033150250636, 0.85924995122, 0.12471235228, 0.006315462583],
      [0.32418195453, 0, 0.057673012606, 0.57963112381, 0.038513909062],
      [0.081679817718, 0.1935688523, 0.095606250128, 0.56613761503, 0.063007464827]
    ],
    [
      [0, 0.509523604, 0.023371726454, 0.46710466955, 0],
      [0, 0.098457699943, 0.022955801894, 0.87858649816, 0],
      [0, 0.027839701644, 0.78383727773, 0.18832302063, 0],
      [0, 0.0029770408856, 0.057284801039, 0.93973815808, 0],
      [0, 0.37455382949, 0.066743549463, 0.55870262104, 0]
    ],
    [
      [0.0038774391108, 0.32124264896, 0.061812201994, 0.61306770993, 0],
      [0.0046808148516, 0.038118241129, 0.14022527005, 0.81697567397, 0],
      [0, 0, 0.94117238609, 0.058827613905, 0],
      [0.21431197897, 0, 0.085143422249, 0.70054459878, 0],
      [0.044454972244, 0.1995169363, 0.1265583737, 0.62946971775, 0]
    ],
    [
      [0.0061178783888, 0.39875222431, 0.019176798523, 0.55750941367, 0.018443685106],
      [0.0013573350896, 0.078259117806, 0, 0.88544439301, 0.034939154092],
      [0.043470839592, 0.02249480996, 0.64687090589, 0.26586642056, 0.021297024],
      [0.28517464375, 0.002123135618, 0.0235674171, 0.61462954451, 0.074505259021],
      [0.062138886582, 0.25264652025, 0.042030986816, 0.53401015733, 0.10917344901]
    ],
    [
      [0.0082001085718, 0.33611276657, 0.045410600329, 0.59131407587, 0.018962448654],
      [0.032234493432, 0.052534953906, 0.049181254266, 0.83435135301, 0.031697945385],
      [0.011101134646, 0.0065670011398, 0.80825861899, 0.16031522339, 0.013758021834],
      [0.32861275829, 0.00050909034889, 0.043460345987, 0.56115463752, 0.066263167851],
      [0.080576542499, 0.20131574847, 0.078615715386, 0.53346128171, 0.10603071193]
    ],
    [
      [0.0017166021321, 0.14158710579, 0.069714839865, 0.77817654675, 0.0088049054594],
      [0, 0.014495834533, 0.11211155531, 0.86263283365, 0.010759776504],
      [0, 0, 0.90577386637, 0.091702870992, 0.0025232626426],
      [0.08536010693, 0, 0.086684685086, 0.79407250806, 0.033882699923],
      [0.019201873168, 0.084319694452, 0.12373092023, 0.72045839609, 0.05228911606]
    ],
    [
      [0.0064387260791, 0.20630945505, 0.046820351263, 0.72958594337, 0.010845524234],
      [0.021285201695, 0.02673944496, 0.041500745381, 0.89493320519, 0.015541402772],
      [0.0073617153339, 0.0029304109479, 0.78531240216, 0.19716874237, 0.0072267291894],
      [0.25389516977, 3.7926133664e-05, 0.042454314987, 0.66708279184, 0.036529797271],
      [0.065286281844, 0.12489567038, 0.082259195301, 0.66598933151, 0.061569520962]
    ],
    [
      [0.010117879433, 0.25717602425, 0.032813772369, 0.68403535405, 0.0158569699],
      [0.037823354219, 0.037002816102, 0.0079800860384, 0.89258020898, 0.024613534659],
      [0.016153747152, 0.0064858103288, 0.73766274239, 0.22647368981, 0.013224010321],
      [0.34154994367, 0.00043372396193, 0.027764860106, 0.58102827806, 0.049223194203],
      [0.092831549961, 0.15255895747, 0.059103994227, 0.60882529996, 0.086680198388]
    ],
    [
      [0.0094845305013, 0.31019725081, 0.048883759407, 0.61475585105, 0.016678608238],
      [0.036708263633, 0.046130438653, 0.059541189346, 0.83062704792, 0.026993060446],
      [0.012886540505, 0.005790131322, 0.80895805975, 0.16079770907, 0.011567559351],
      [0.35017763372, 0.00031723208024, 0.043807193621, 0.55077855773, 0.054919382843],
      [0.090508350567, 0.18488069536, 0.082435175025, 0.55000415882, 0.092171620231]
    ],
    [
      [0.0083535447672, 0.3123333494, 0.044877749963, 0.62581002815, 0.0086253277165],
      [0.031992551141, 0.047604837649, 0.04865723109, 0.8577594504, 0.013985929717],
      [0.011607401061, 0.0065884056389, 0.79872442067, 0.17679950833, 0.0062802642936],
      [0.33331194425, 0.00050010151956, 0.042283449955, 0.59380958807, 0.030094916201],
      [0.085290276756, 0.19558885715, 0.080739363846, 0.58820794075, 0.050173561498]
    ],
    [
      [0.0098951592711, 0.20796978973, 0.043560783569, 0.71753944962, 0.021034817818],
      [0.035350651595, 0.026663537972, 0.029919105977, 0.87739429256, 0.030672411894],
      [0.013708892241, 0.0038860015005, 0.7679536832, 0.19954027746, 0.014911145599],
      [0.32121176667, 6.0593785782e-05, 0.034540983775, 0.58178093275, 0.062405723017],
      [0.087955076744, 0.11827603774, 0.072541791256, 0.61108084482, 0.11014624945]
    ],
    [
      [0.0070174988371, 0.27921245383, 0.038946491197, 0.66114404213, 0.013679514007],
      [0.026098683404, 0.042109674175, 0.025657352983, 0.88451501859, 0.021619270846],
      [0.010790968523, 0.0073537712633, 0.75742530738, 0.21352587284, 0.010904079997],
      [0.27926457742, 0.0006704252254, 0.035771672381, 0.63612186609, 0.048171458883],
      [0.069707839462, 0.17176268727, 0.070754984226, 0.61000410826, 0.077770380788]
    ],
    [
      [0.0032010625484, 0.43491418178, 0.043135404626, 0.51874935105, 0],
      [0.012262774677, 0.07146134516, 0.072443649602, 0.84383223056, 0],
      [0.0023827483928, 0.0082728603608, 0.84430285295, 0.14504153829, 0],
      [0.24259077009, 0.00087544589849, 0.056939324859, 0.69959445916, 0],
      [0.043507917803, 0.30238249025, 0.091658791608, 0.56245080034, 0]
    ],
    [
      [0.0081475603469, 0.29734871164, 0.040802784061, 0.64044895652, 0.01325198743],
      [0.030554076541, 0.045603371861, 0.035774687602, 0.86682799391, 0.021239870084],
      [0.011954485014, 0.0072356322408, 0.7779561103, 0.19273671276, 0.010117059679],
      [0.31376888054, 0.0006120539398, 0.038614491022, 0.60143152151, 0.045573052989],
      [0.079687268408, 0.18263194562, 0.074118132792, 0.58859810613, 0.074964547048]
    ],
    [
      [0.0086757583352, 0.30484448387, 0.033492277889, 0.63408629694, 0.018901182969],
      [0.034899923101, 0.046891717053, 0.011190621973, 0.87575564561, 0.031262092266],
      [0.014546593605, 0.0081071105393, 0.74670811237, 0.21444375114, 0.016194432346],
      [0.32151679001, 0.00079212298283, 0.027389677026, 0.5863427271, 0.063958682881],
      [0.081038161389, 0.18206873927, 0.061386964131, 0.57037770919, 0.10512842602]
    ],
    [
      [0.0068045676273, 0.3032384105, 0.049345960168, 0.61922834185, 0.021382719851],
      [0.025474398303, 0.045340029856, 0.056584966942, 0.838365353, 0.034235251903],
      [0.007467712395, 0.004479754144, 0.82562105391, 0.14853308228, 0.01389839727],
      [0.27946474963, 0.00044540923162, 0.047627867885, 0.5966192995, 0.075842673746],
      [0.066543329081, 0.17959900304, 0.084062358471, 0.55173114135, 0.11806416807]
    ],
    [
      [0.0047586506217, 0.29763133089, 0.05271017619, 0.62773748424, 0.017162358051],
      [0.017717626002, 0.044602603814, 0.064056971756, 0.84640548065, 0.027217317783],
      [0.0036925125119, 0.0035224755381, 0.84114322513, 0.14134044154, 0.010301345285],
      [0.21883840893, 0.00034703521284, 0.054894204872, 0.65951154237, 0.066408808608],
      [0.049889270806, 0.18324976812, 0.090952301099, 0.57810741861, 0.097801241374]
    ],
    [
      [0.0053918748372, 0.25570016126, 0.038143564067, 0.68775796556, 0.013006434277],
      [0.019336789946, 0.037543466668, 0.026754067885, 0.8963994312, 0.0199662443],
      [0.007818901917, 0.0071668500252, 0.74573476604, 0.2288745706, 0.010404911415],
      [0.22683065514, 0.00062421979325, 0.037303154513, 0.68756027786, 0.047681692696],
      [0.054799449025, 0.15880074738, 0.070574475876, 0.64096329654, 0.07486203118]
    ],
    [
      [0.010276974459, 0.31995864407, 0.043047370911, 0.60830540343, 0.018411607129],
      [0.043200846525, 0.048553384118, 0.040660191854, 0.83685056894, 0.030735008561],
      [0.016754341837, 0.0068573030979, 0.78743965047, 0.17491048585, 0.01403821874],
      [0.36860952346, 0.00041157369777, 0.037092721889, 0.5343349224, 0.059551258559],
      [0.096559397826, 0.18865716936, 0.073592939032, 0.54012416242, 0.10106633136]
    ],
    [
      [0.006726672875, 0.27672000998, 0.04801244317, 0.65914932374, 0.0093915502332],
      [0.024196541666, 0.040072259396, 0.054175643031, 0.8670238222, 0.014531733712],
      [0.0079001282227, 0.0047231574455, 0.80782646304, 0.17320325476, 0.0063469965251],
      [0.27935477186, 0.00034718377004, 0.046537229978, 0.64020184359, 0.033558970806],
      [0.069846259745, 0.17289838247, 0.08508715224, 0.61773435977, 0.054433845771]
    ],
    [
      [0.0041730956463, 0.34141669811, 0.038517780876, 0.60034527072, 0.015547154657],
      [0.015931124746, 0.057816748833, 0.034739127019, 0.86524402514, 0.026268974258],
      [0.0053200953394, 0.010946333535, 0.77567527938, 0.1955346864, 0.01252360534],
      [0.20734559351, 0.0012424293369, 0.043304414537, 0.6831865505, 0.064921012115],
      [0.045276438731, 0.21784015864, 0.07184435846, 0.57341820232, 0.091620841849]
    ],
    [
      [0.0078640478702, 0.27856378662, 0.042701845801, 0.66148102022, 0.0093892994908],
      [0.029125416646, 0.041349034968, 0.037155642491, 0.87766438275, 0.014705523143],
      [0.011407948324, 0.006138825529, 0.77922455528, 0.1962299395, 0.0069987313616],
      [0.30532160092, 0.00047038599306, 0.039358095266, 0.62248939671, 0.032360521105],
      [0.078946691176, 0.17345711857, 0.077036993144, 0.61669246286, 0.053866734245]
    ],
    [
      [0.011979306545, 0.2540106349, 0.03815682702, 0.67975430951, 0.016098922021],
      [0.046668174949, 0.036398962117, 0.012902362989, 0.87907686533, 0.024953634618],
      [0.021910408861, 0.0060669789629, 0.74035644896, 0.2186052737, 0.013060889516],
      [0.38066827127, 0.00041458520497, 0.027824527696, 0.54404201559, 0.047050600239],
      [0.10819478676, 0.14760695753, 0.065932564931, 0.59212721153, 0.086138479251]
    ],
    [
      [0.0064776266014, 0.24725519585, 0.03083919777, 0.70562973626, 0.0097982435186],
      [0.018061961033, 0.036804803134, 0, 0.93009085798, 0.015042377853],
      [0.021702910067, 0.0071867565755, 0.70856360089, 0.25397430522, 0.0085724272469],
      [0.2578835407, 0.0006438842183, 0.028388345811, 0.67861500547, 0.034469223802],
      [0.065485788899, 0.155076407, 0.059531035493, 0.663206365, 0.056700403608]
    ],
    [
      [0.011521784867, 0.29739043738, 0.035157131281, 0.64560983048, 0.010320815992],
      [0.046089067298, 0.045153806979, 0.01413232529, 0.87779826629, 0.016826534138],
      [0.024542699076, 0.0081467423582, 0.73482998196, 0.22342010609, 0.0090604705248],
      [0.38335010974, 0.00071834198838, 0.024987325488, 0.55840043553, 0.032543787258],
      [0.1058800491, 0.18092266793, 0.065070135061, 0.5901720903, 0.057955057599]
    ],
    [
      [0.006121620794, 0.33858712695, 0.025652233742, 0.62010026048, 0.0095387580259],
      [0.011943779875, 0.058082548498, 0, 0.91340288273, 0.016570788892],
      [0.035544498137, 0.012566633511, 0.6884843964, 0.25384005922, 0.0095644127318],
      [0.27535444798, 0.0019491150087, 0.021482118863, 0.66389450509, 0.037319813057],
      [0.064784368373, 0.2190844609, 0.050655684642, 0.60764711906, 0.057828367027]
    ],
    [
      [0.0077339654227, 0.30414261398, 0.041499192176, 0.63545281184, 0.011171416582],
      [0.029682182271, 0.047071654934, 0.03600583268, 0.86914524812, 0.018095081999],
      [0.011736386274, 0.0075210948968, 0.77718738981, 0.19488879922, 0.0086663297999],
      [0.30785422691, 0.00065319869888, 0.038936397721, 0.61309843346, 0.039457743214],
      [0.077838677586, 0.18970813983, 0.074837175617, 0.59346164963, 0.064154357336]
    ],
    [
      [0.0070082331778, 0.32085307941, 0.041464933628, 0.61188456771, 0.018789186068],
      [0.02715265458, 0.050863105186, 0.038933686168, 0.85195168955, 0.031098864516],
      [0.010265910516, 0.008254338221, 0.78139614916, 0.18544751466, 0.014636087439],
      [0.28798336033, 0.00077089384185, 0.040254059165, 0.60309341594, 0.067898270723],
      [0.069166375389, 0.19494441253, 0.072900656125, 0.55750341303, 0.10548514293]
    ],
    [
      [0.0061113264984, 0.27699449598, 0.042394158254, 0.65849606114, 0.016003958126],
      [0.02216492114, 0.041538495932, 0.037086502731, 0.87417718675, 0.025032893449],
      [0.0081066203714, 0.0066132566154, 0.77606703849, 0.19725516582, 0.011957918705],
      [0.25215125553, 0.0005937858469, 0.040834992764, 0.64868647827, 0.057733487592],
      [0.061200578409, 0.16964628726, 0.074882612471, 0.60396931635, 0.090301205519]
    ],
    [
      [0.0080442282696, 0.2915796531, 0.039973248938, 0.64710777279, 0.013295096903],
      [0.030585082371, 0.044645962933, 0.030011653237, 0.8734715365, 0.021285764958],
      [0.01275862967, 0.0074689712099, 0.76632347765, 0.20295737531, 0.01049154616],
      [0.30791771262, 0.00067085172465, 0.036210402277, 0.60943716665, 0.04576386673],
      [0.078628573875, 0.17920629165, 0.071941731118, 0.59514524381, 0.075078159551]
    ],
    [
      [0.0095175049633, 0.17292928191, 0.044659450267, 0.75608876982, 0.016804993042],
      [0.032596212685, 0.021988887376, 0.026577852703, 0.89527327543, 0.023563771807],
      [0.014423511044, 0.0028225661111, 0.75746811768, 0.2134539286, 0.011831876565],
      [0.31028858536, 0.00010497647437, 0.033860513159, 0.60643087433, 0.049315050675],
      [0.086819221096, 0.099152032941, 0.074694461651, 0.65036453646, 0.08896974785]
    ],
    [
      [0.0073740804712, 0.28045089629, 0.043791749815, 0.65587621377, 0.012507059657],
      [0.027106827129, 0.041169891136, 0.041111797388, 0.87101380108, 0.01959768327],
      [0.010077949751, 0.0058016528419, 0.78588925477, 0.18910358241, 0.0091275602234],
      [0.29435399579, 0.00044642307882, 0.04107025664, 0.62063808441, 0.043491240078],
      [0.074070136047, 0.17213692008, 0.077776000606, 0.6047037976, 0.071313145665]
    ],
    [
      [0.0090605242733, 0.21528625715, 0.045237032304, 0.70292455913, 0.02749162714],
      [0.032427217838, 0.028829406722, 0.033296727116, 0.86502361014, 0.04042303818],
      [0.013630806762, 0.0038810208313, 0.76859931995, 0.19431025468, 0.019578597776],
      [0.30472776956, 0.00020146902657, 0.035791666062, 0.57660714707, 0.082671948286],
      [0.080661598379, 0.11941543621, 0.072157786271, 0.58644980383, 0.14131537531]
    ],
    [
      [0.0062902887408, 0.25207867291, 0.047959099171, 0.68687499857, 0.0067969405993],
      [0.021012262377, 0.034988134866, 0.052953249662, 0.88097570207, 0.010070651029],
      [0.0065459382565, 0.0040649119682, 0.80347859533, 0.18148364392, 0.0044269105295],
      [0.26285160145, 6.1313774595e-05, 0.047836570808, 0.66504240986, 0.024208104108],
      [0.066321605733, 0.1584846812, 0.087155834831, 0.64829813942, 0.039739738821]
    ],
    [
      [0.0054803036879, 0.17494078983, 0.049120114635, 0.7575747603, 0.012884031548],
      [0.016854126068, 0.022264656491, 0.045544553322, 0.89772828379, 0.017608380331],
      [0.0051253321859, 0.0023633087125, 0.78985614154, 0.19472301498, 0.0079322025745],
      [0.21479952882, 1.6814841864e-05, 0.045555245536, 0.69618453013, 0.043443880673],
      [0.054677616579, 0.10504100174, 0.085324738832, 0.68315995658, 0.07179668627]
    ],
    [
      [0.0073969659999, 0.22579421607, 0.038908440693, 0.71541081955, 0.012489557689],
      [0.026103298666, 0.031484413382, 0.019347099182, 0.90448153836, 0.018583650409],
      [0.011270467376, 0.0050827919727, 0.74785350484, 0.22617448834, 0.0096187474754],
      [0.27467826648, 0.00037131665191, 0.033194850947, 0.65026863043, 0.041486935488],
      [0.071748312972, 0.13707034909, 0.070385213585, 0.6508770137, 0.069919110653]
    ],
    [
      [0.016800283807, 0.27500434747, 0.07224736138, 0.63594800735, 0],
      [0.070191418549, 0.014021994447, 0.11884640318, 0.79694018383, 0],
      [0, 0, 0.94350503745, 0.05649496255, 0],
      [0.58392023689, 0, 0.044493782954, 0.37158598016, 0],
      [0.17434132345, 0.14619392702, 0.13555481554, 0.54390993399, 0]
    ],
    [
      [0, 0.63180725955, 0.0034881203566, 0.3647046201, 3.4209454357e-49],
      [0, 0.089996586925, 0, 0.91000341307, 4.105443952e-49],
      [1.9354885788e-17, 0.074753635696, 0.6608179259, 0.2644284384, 0],
      [0, 0.0020149682495, 0.04443332558, 0.95355170617, 0],
      [2.7369110631e-48, 0.46968799165, 0.031604324247, 0.4987076841, 0]
    ],
    [
      [0.0055812006112, 0.39683869134, 0.03626710918, 0.54650466464, 0.014808334231],
      [0.023854218787, 0.07537733848, 0.034808151256, 0.83899026986, 0.026970021623],
      [0.0086914379918, 0.016320820004, 0.78079219046, 0.18156349936, 0.012632052187],
      [0.27157900628, 0.0013032671304, 0.04270363122, 0.62271559904, 0.061698496329],
      [0.059611908972, 0.25580335054, 0.069790900755, 0.52708255253, 0.087711287206]
    ],
    [
      [0.0073774988031, 0.38894285325, 0.034278065338, 0.55346594929, 0.015935633318],
      [0.03159712397, 0.072505336095, 0.023152341725, 0.84363836054, 0.02910683767],
      [0.012659617628, 0.013521726001, 0.76421824725, 0.19523661981, 0.01436378931],
      [0.31722681683, 0.001298437108, 0.036269284992, 0.58389332012, 0.06131214095],
      [0.074499748574, 0.24649749843, 0.063597329856, 0.52331350257, 0.092091920573]
    ],
    [
      [0.0089072779555, 0.36609161177, 0.035851732773, 0.57667212135, 0.012477256156],
      [0.037570561747, 0.064464808046, 0.024474543528, 0.85139291414, 0.022097172537],
      [0.015695555191, 0.012417984266, 0.76374613992, 0.19718589594, 0.01095442468],
      [0.35131064192, 0.0012651730349, 0.034498711318, 0.56811782088, 0.044807652854],
      [0.088159730474, 0.23097598941, 0.065898343296, 0.54316844807, 0.07179748874]
    ]
  ],
  "expected_outcome": [
    [
      [0, 0.052305924151, 0.071307301369, 0.57022175316, 0.34421612202, 0.76443695678, 0.005137239317, 0.013793060303, 0.55752751143, 0.19472040996, 0.62063867596, 0.020492526744, 2.1806832733, 0.32733871287, 0.07338811914, 0.022847665574, 0.19423309962, 0, 0.2070407898, 0.076023855928, 0.058106729864, 0.089746662613, 0.19673063748, 0.10843376454, 0, 0, 0.088059520101, 0, 0, 0.0550609055, 0.10660141143, 0.0034332042642, 0.083703439028, 0.27318274469, 0.24659779303, 0.18377798488, 0.36612089303, 0.16140247325, 0.0064021250967, 0.43182069839, 0.11278485836, 0.088459379155, 0.31882959165, 0.12401312126, 0.092492770132, 0.19507351337, 0.1627507302, 0.29883381907, 0.27552405055, 0.16194066504, 0.2073921276, 0.048972966352, 0.21655103184, 0.15418112991, 0.19556244795, 0.34590181559, 0.21890261416, 0.14010752895, 0.12684733983, 0.10693490859, 0.087684859007, 0.22190898, 0.016800283807, 0, 0.43533364767, 1.1951548061, 0.90854235146],
      [0, 7.5301218681, 5.1092005974, 22.9941425273, 12.0312170829, 18.985568306, 0.58651276239, 0.42998319387, 19.0849109322, 15.3765415783, 13.8020672174, 0.81009463435, 75.2573547763, 19.4964448814, 13.1498254771, 1.2261950123, 5.4928921202, 0, 8.0735286078, 4.0003822401, 3.2446815961, 6.9239147327, 9.3578979464, 3.2188034384, 0, 0.57583080513, 3.4588146609, 1.528570812, 0, 3.5887700188, 4.3694659655, 0.28317421158, 2.6820229157, 6.9437526547, 8.065128521, 6.8713336869, 7.6948822199, 6.4218864381, 0.86982836355, 15.7594817168, 3.9629782903, 3.9420993366, 19.9412991698, 5.881103709, 2.8796277966, 8.0248802895, 13.3152512261, 10.5854238916, 5.8422446027, 6.1813798961, 5.3530278728, 2.7086970156, 8.5159931914, 7.0587677471, 8.8638238714, 12.5379250832, 3.9773734839, 5.3285670294, 3.0140076001, 4.2853374396, 2.7990526372, 6.7738264821, 0.27500434747, 0.63180725955, 30.9534179246, 63.0087422268, 37.3413444001],
      [0, 0.50590587229, 0.81307572269, 3.5569427466, 1.9326278612, 4.406203471, 0.02623641568, 0.073799655676, 4.9822257723, 1.9617128929, 2.9710484088, 0.097468009533, 14.1250842538, 3.1912840616, 1.5488095087, 0.14831227, 1.1709545974, 0, 1.3108690443, 0.75901216429, 0.54091447426, 1.0836618617, 1.0509050203, 0.48750306518, 0, 0.15207861778, 0.5901216186, 0.070115179362, 0, 0.17259118671, 0.59033780428, 0.13942967973, 0.60866456641, 0.88597185398, 1.2709777446, 0.98731049918, 1.6117489921, 0.89576929754, 0.086270809251, 2.1625475552, 0.43539961256, 0.64149748218, 3.5315818047, 0.87730197355, 0.3874263382, 1.3923608519, 1.5021934542, 1.6226701405, 0.87760702146, 0.77097994425, 0.63282836306, 0.20521786993, 1.1619773809, 0.91222853982, 1.3566130641, 1.7188497043, 1.0271673561, 0.83204324648, 0.63331845226, 0.8153046859, 0.78592183416, 1.1672532208, 0.07224736138, 0.0034881203566, 2.828834516, 5.5530465847, 3.6568767429],
      [0, 14.6403823179, 10.8583999772, 46.7052821002, 28.032868165, 69.3320986607, 0.35838137091, 1.4824240901, 58.1284646789, 27.8773220269, 50.9045202534, 1.0011071498, 204.3129788348, 44.5236046435, 18.8369734011, 2.5176633922, 15.0923589521, 0, 18.9070966274, 6.9647673265, 6.0487898606, 9.3904395105, 15.1288496094, 8.9797650276, 0, 2.2117468405, 6.7419347828, 1.4013140086, 0, 5.0175847231, 7.6870829863, 1.5563530935, 9.4846172638, 18.4689545593, 15.9836521272, 13.7678206193, 26.5489596358, 15.2063129689, 1.0374987021, 33.9437946958, 8.2431218602, 8.049968444, 42.0584114444, 15.8184332078, 5.4747486309, 19.1153303885, 23.4134655579, 25.1362787682, 15.6343491188, 17.6407434066, 11.6209769487, 4.9608020839, 17.7926787315, 13.4614604897, 21.0718739564, 27.82563423, 17.3900417058, 12.4616480616, 9.8409438278, 11.6768749758, 12.1211961649, 21.4623245864, 0.63594800735, 0.3647046201, 42.6273638417, 89.6614837848, 58.8205563778],
      [0, 0.27128401759, 0.14801640126, 1.1734108728, 0.65907076893, 1.5116926055, 0.023732211704, 0, 1.2468711052, 0.58970309204, 0.70172544438, 0.070837679611, 4.1238988618, 0.46132770059, 0.39100349398, 0.084981659975, 1.0495612307, 0, 0.50146493073, 0.19981441315, 0.10750733918, 0.51223723244, 0.2656167864, 0.20549470428, 0, 0.060343736615, 0.12106941763, 0, 0, 0.16599316595, 0.2465118325, 0.017609810919, 0.14099181504, 0.42813818731, 0.43364381418, 0.18975720976, 0.77828825926, 0.31462882217, 0, 0.70235533381, 0.24571537859, 0.27797535807, 1.1498779894, 0.29914798838, 0.16570446416, 0.27235495676, 0.60633903164, 0.35679338065, 0.37027520647, 0.24495608797, 0.18577468786, 0.076310064207, 0.31279966428, 0.4133620935, 0.51212666003, 0.57168916685, 0.38651483997, 0.23763413349, 0.38488277997, 0.11554799019, 0.20614450476, 0.37468673067, 0, 3.4209454357e-49, 1.15505007, 2.5815725976, 1.2726801279]
    ],
    [
      [0.33904770668, 0.1367004969, 2.4286662118, 19.8018523784, 5.8161034246, 20.6691525775, 0.32295219819, 0.37651293623, 9.4881533582, 6.8859358954, 20.6205957691, 0.369310275, 71.4365919818, 4.6629551361, 0.97043744594, 0.63220482812, 7.9640347031, 0, 7.3993431571, 1.5140445509, 0.78209207191, 1.0332408697, 6.8964781257, 5.1220535528, 0, 0, 4.8657560394, 0, 0.098297111884, 0.085512110646, 2.3531180205, 0, 2.1072349678, 6.8460271137, 6.9011535629, 5.1827932848, 10.7112474332, 4.9326511633, 0.25751826822, 5.8358286193, 4.0134911566, 2.9040814066, 5.8645342066, 2.5524562728, 6.004917667, 5.2022564582, 4.6040950516, 8.5046216607, 11.8070482621, 4.2084369207, 5.8994006141, 0.8957834906, 10.5371747063, 5.6749048072, 6.2726726825, 9.6954711115, 7.5297251301, 4.0931308964, 5.2856365075, 3.7191704408, 3.202283953, 5.5077960185, 0.70191418549, 0, 7.4425162614, 50.1762328651, 32.8366709667],
      [0.72405718253, 5.6240485883, 7.6856988471, 32.2663183626, 8.0135951924, 19.2710343904, 1.2842171514, 0.38513877127, 12.5615572665, 25.3874257493, 17.1987355891, 0.18990536565, 99.2298344983, 11.0803448705, 6.7136887205, 1.2967247722, 8.6018167243, 0, 11.6303767823, 2.954113373, 1.6215939848, 2.8238513327, 13.4558001237, 5.8414727672, 0.9565641185, 0.61005959482, 7.8509971025, 0.78766159954, 0.8004830637, 4.9303244218, 3.8350516351, 0.46386670507, 2.6472050511, 6.6975097145, 8.6725224667, 7.7119836991, 8.0790520055, 7.9587284191, 1.5006882484, 8.7102440254, 5.3925474611, 5.1687634036, 14.7634618625, 4.9557376002, 6.7489203924, 8.6155357702, 16.7090404128, 12.0739182107, 9.2089374157, 8.5755191302, 5.7796872933, 4.3561911374, 16.7104375016, 10.6303889838, 11.7553943489, 14.1527702498, 5.0794329838, 6.2166535616, 4.6991932957, 6.1928998712, 4.2302847332, 6.6432112235, 0.14021994447, 0.44998293463, 23.5177296056, 115.1384737188, 56.3422422326],
      [0.350362655, 0, 10.474266267, 39.3703124644, 8.6490101689, 28.3054644305, 0.32592478697, 0.23526230143, 30.0902652507, 22.1973060892, 17.8127294329, 0.36697033386, 131.6429044669, 13.0956820059, 5.4695959292, 0.71762959079, 14.2697260219, 1.2912143005, 12.7623730923, 6.2123545913, 2.2463734656, 3.5474984381, 9.3012694651, 2.1220917881, 0.95305858368, 1.5165484989, 13.0909997352, 0.18364641515, 2.944730671, 0, 3.5902315614, 3.5875697699, 4.1085737927, 1.4443955729, 11.1937435971, 7.8824714366, 9.0654891111, 4.8492397138, 1.5213166416, 6.832965332, 1.2869215269, 6.4506862314, 21.2028576512, 3.5315369608, 5.6517666677, 11.6477632516, 10.0396077085, 10.8494476074, 3.2642978363, 0, 1.8089376371, 0, 12.7820706014, 8.1371404091, 10.4954802729, 9.5136940762, 6.1394839745, 6.2078814056, 5.42736652, 9.3727251901, 8.6534651312, 4.0822379273, 1.1884640318, 0, 10.8601431917, 36.7659186588, 21.3907510431],
