{
  "Z_true": {},
  "V_true": [
    [510, 255, 13857, 883],
    [73, 4137, 1268, 1000],
    [16, 67, 744, 156],
    [744, 11, 364, 54],
    [63, 339, 1021, 1006]
  ],
  "p_true": [
    [0.0329, 0.0164, 0.8937, 0.0569],
    [0.0113, 0.6386, 0.1957, 0.1544],
    [0.0163, 0.0682, 0.7569, 0.1587],
    [0.6343, 0.0094, 0.3103, 0.046],
    [0.0259, 0.1396, 0.4203, 0.4142]
  ],
  "Z_est": [
    [
      [0.21, 0.63, 0.063, 1.764, 15.204, 7.644, 14.07, 1.302, 6.552, 12.159, 9.156, 8.715, 5.943, 14.007, 7.35, 12.264, 5.586, 10.374, 4.599, 4.41, 10.311, 9.429, 7.056, 10.962, 5.859, 13.65, 8.631, 7.749, 9.534, 10.605, 6.741, 3.864, 3.633, 3.654, 1.722, 27.132, 4.935, 36.687, 1.449],
      [0.15, 0.45, 0.045, 1.26, 10.86, 5.46, 10.05, 0.93, 4.68, 8.685, 6.54, 6.225, 4.245, 10.005, 5.25, 8.76, 3.99, 7.41, 3.285, 3.15, 7.365, 6.735, 5.04, 7.83, 4.185, 9.75, 6.165, 5.535, 6.81, 7.575, 4.815, 2.76, 2.595, 2.61, 1.23, 19.38, 3.525, 26.205, 1.035],
      [9.36, 28.08, 2.808, 78.624, 677.664, 340.704, 627.12, 58.032, 292.032, 541.944, 408.096, 388.44, 264.888, 624.312, 327.6, 546.624, 248.976, 462.384, 204.984, 196.56, 459.576, 420.264, 314.496, 488.592, 261.144, 608.4, 384.696, 345.384, 424.944, 472.68, 300.456, 172.224, 161.928, 162.864, 76.752, 1209.312, 219.96, 1635.192, 64.584],
      [0.28, 0.84, 0.084, 2.352, 20.272, 10.192, 18.76, 1.736, 8.736, 16.212, 12.208, 11.62, 7.924, 18.676, 9.8, 16.352, 7.448, 13.832, 6.132, 5.88, 13.748, 12.572, 9.408, 14.616, 7.812, 18.2, 11.508, 10.332, 12.712, 14.14, 8.988, 5.152, 4.844, 4.872, 2.296, 36.176, 6.58, 48.916, 1.932]
    ],
    [
      [0.2072, 0.1184, 0.0888, 0.1776, 4.3068, 1.8056, 2.6048, 0.4144, 1.7612, 2.7824, 2.0424, 0.5624, 0.2664, 0.6364, 0.2072, 0.5772, 0.2664, 0.444, 0.1628, 1.0508, 6.1864, 3.2856, 4.9432, 6.2012, 2.3976, 5.2984, 4.5732, 5.55, 3.6112, 3.2856, 2.6936, 2.146, 2.664, 1.4948, 0.7696, 9.8272, 1.0804, 8.6728, 0.7104],
      [8.9208, 5.0976, 3.8232, 7.6464, 185.4252, 77.7384, 112.1472, 17.8416, 75.8268, 119.7936, 87.9336, 24.2136, 11.4696, 27.3996, 8.9208, 24.8508, 11.4696, 19.116, 7.0092, 45.2412, 266.3496, 141.4584, 212.8248, 266.9868, 103.2264, 228.1176, 196.8948, 238.95, 155.4768, 141.4584, 115.9704, 92.394, 114.696, 64.3572, 33.1344, 423.1008, 46.5156, 373.3992, 30.5856],
      [3.6554, 2.0888, 1.5666, 3.1332, 75.9801, 31.8542, 45.9536, 7.3108, 31.0709, 49.0868, 36.0318, 9.9218, 4.6998, 11.2273, 3.6554, 10.1829, 4.6998, 7.833, 2.8721, 18.5381, 109.1398, 57.9642, 87.2074, 109.4009, 42.2982, 93.4738, 80.6799, 97.9125, 63.7084, 57.9642, 47.5202, 37.8595, 46.998, 26.3711, 13.5772, 173.3704, 19.0603, 153.0046, 12.5328],
      [1.2166, 0.6952, 0.5214, 1.0428, 25.2879, 10.6018, 15.2944, 2.4332, 10.3411, 16.3372, 11.9922, 3.3022, 1.5642, 3.7367, 1.2166, 3.3891, 1.5642, 2.607, 0.9559, 6.1699, 36.3242, 19.2918, 29.0246, 36.4111, 14.0778, 31.1102, 26.8521, 32.5875, 21.2036, 19.2918, 15.8158, 12.6005, 15.642, 8.7769, 4.5188, 57.7016, 6.3437, 50.9234, 4.1712]
    ],
    [
      [0, 0, 0, 0, 4.5033, 1.4128, 3.7086, 0.3532, 2.1192, 4.5916, 2.5607, 1.5011, 0.6181, 1.2362, 0.4415, 0.9713, 0.7064, 1.2362, 0.4415, 0.7947, 5.2097, 3.7086, 3.0022, 4.6799, 2.1192, 4.9448, 1.9426, 2.7373, 3.0022, 2.7373, 2.1192, 1.8543, 2.2075, 2.3841, 0.5298, 10.9492, 0.7064, 4.415, 0.3532],
      [0, 0, 0, 0, 10.2408, 3.2128, 8.4336, 0.8032, 4.8192, 10.4416, 5.8232, 3.4136, 1.4056, 2.8112, 1.004, 2.2088, 1.6064, 2.8112, 1.004, 1.8072, 11.8472, 8.4336, 6.8272, 10.6424, 4.8192, 11.2448, 4.4176, 6.2248, 6.8272, 6.2248, 4.8192, 4.2168, 5.02, 5.4216, 1.2048, 24.8992, 1.6064, 10.04, 0.8032],
      [0, 0, 0, 0, 17.2482, 5.4112, 14.2044, 1.3528, 8.1168, 17.5864, 9.8078, 5.7494, 2.3674, 4.7348, 1.691, 3.7202, 2.7056, 4.7348, 1.691, 3.0438, 19.9538, 14.2044, 11.4988, 17.9246, 8.1168, 18.9392, 7.4404, 10.4842, 11.4988, 10.4842, 8.1168, 7.1022, 8.455, 9.1314, 2.0292, 41.9368, 2.7056, 16.91, 1.3528],
      [0, 0, 0, 0, 19.0077, 5.9632, 15.6534, 1.4908, 8.9448, 19.3804, 10.8083, 6.3359, 2.6089, 5.2178, 1.8635, 4.0997, 2.9816, 5.2178, 1.8635, 3.3543, 21.9893, 15.6534, 12.6718, 19.7531, 8.9448, 20.8712, 8.1994, 11.5537, 12.6718, 11.5537, 8.9448, 7.8267, 9.3175, 10.0629, 2.2362, 46.2148, 2.9816, 18.635, 1.4908]
    ],
    [
      [0, 4.6592, 0, 5.3248, 36.608, 15.9744, 31.2832, 4.6592, 23.9616, 13.9776, 14.6432, 23.296, 13.9776, 67.8912, 31.9488, 56.576, 25.9584, 51.9168, 21.2992, 16.64, 15.9744, 10.6496, 7.3216, 5.9904, 2.6624, 13.9776, 9.3184, 7.9872, 11.9808, 29.2864, 10.6496, 0.6656, 7.9872, 3.328, 1.9968, 49.92, 21.9648, 105.1648, 3.328],
      [0, 0.3549, 0, 0.4056, 2.7885, 1.2168, 2.3829, 0.3549, 1.8252, 1.0647, 1.1154, 1.7745, 1.0647, 5.1714, 2.4336, 4.3095, 1.9773, 3.9546, 1.6224, 1.2675, 1.2168, 0.8112, 0.5577, 0.4563, 0.2028, 1.0647, 0.7098, 0.6084, 0.9126, 2.2308, 0.8112, 0.0507, 0.6084, 0.2535, 0.1521, 3.8025, 1.6731, 8.0106, 0.2535],
      [0, 0.8666, 0, 0.9904, 6.809, 2.9712, 5.8186, 0.8666, 4.4568, 2.5998, 2.7236, 4.333, 2.5998, 12.6276, 5.9424, 10.523, 4.8282, 9.6564, 3.9616, 3.095, 2.9712, 1.9808, 1.3618, 1.1142, 0.4952, 2.5998, 1.7332, 1.4856, 2.2284, 5.4472, 1.9808, 0.1238, 1.4856, 0.619, 0.3714, 9.285, 4.0854, 19.5604, 0.619],
      [0, 1.1193, 0, 1.2792, 8.7945, 3.8376, 7.5153, 1.1193, 5.7564, 3.3579, 3.5178, 5.5965, 3.3579, 16.3098, 7.6752, 13.5915, 6.2361, 12.4722, 5.1168, 3.9975, 3.8376, 2.5584, 1.7589, 1.4391, 0.6396, 3.3579, 2.2386, 1.9188, 2.8782, 7.0356, 2.5584, 0.1599, 1.9188, 0.7995, 0.4797, 11.9925, 5.2767, 25.2642, 0.7995]
    ],
    [
      [0.19, 0.38, 0.19, 0.76, 6.5075, 2.3275, 5.3675, 0.475, 3.325, 4.085, 2.6125, 1.33, 0.9975, 3.895, 0.95, 2.375, 1.3775, 1.7575, 1.1875, 1.1875, 6.2225, 4.465, 3.1825, 4.845, 3.0875, 6.6975, 3.9425, 3.705, 3.5625, 3.99, 3.2775, 2.1375, 2.2325, 1.5675, 0.4275, 9.595, 1.33, 8.93, 0.9025],
      [0.3404, 0.6808, 0.3404, 1.3616, 11.6587, 4.1699, 9.6163, 0.851, 5.957, 7.3186, 4.6805, 2.3828, 1.7871, 6.9782, 1.702, 4.255, 2.4679, 3.1487, 2.1275, 2.1275, 11.1481, 7.9994, 5.7017, 8.6802, 5.5315, 11.9991, 7.0633, 6.6378, 6.3825, 7.1484, 5.8719, 3.8295, 3.9997, 2.8083, 0.7659, 17.1902, 2.3828, 15.9988, 1.6169],
      [0.9144, 1.8288, 0.9144, 3.6576, 31.3182, 11.2014, 25.8318, 2.286, 16.002, 19.6596, 12.573, 6.4008, 4.8006, 18.7452, 4.572, 11.43, 6.6294, 8.4582, 5.715, 5.715, 29.9466, 21.4884, 15.3162, 23.3172, 14.859, 32.2326, 18.9738, 17.8308, 17.145, 19.2024, 15.7734, 10.287, 10.7442, 7.5438, 2.0574, 46.1772, 6.4008, 42.9768, 4.3434],
      [2.5552, 5.1104, 2.5552, 10.2208, 87.5156, 31.3012, 72.1844, 6.388, 44.716, 54.9368, 35.134, 17.8864, 13.4148, 52.3816, 12.776, 31.94, 18.5252, 23.6356, 15.97, 15.97, 83.6828, 60.0472, 42.7996, 65.1576, 41.522, 90.0708, 53.0204, 49.8264, 47.91, 53.6592, 44.0772, 28.746, 30.0236, 21.0804, 5.7492, 129.0376, 17.8864, 120.0944, 12.1372]
    ]
  ],
  "V_est": [
    [325.605, 232.575, 14512.68, 434.14],
    [95.8744, 4127.7816, 1691.4058, 562.9382],
    [86.7989, 197.3864, 332.4506, 366.3641],
    [780.7488, 59.4711, 145.2174, 187.5627],
    [115.3775, 206.7079, 555.2694, 1551.6452]
  ],
  "p_est": [
    [0.021, 0.015, 0.936, 0.028],
    [0.0148, 0.6372, 0.2611, 0.0869],
    [0.0883, 0.2008, 0.3382, 0.3727],
    [0.6656, 0.0507, 0.1238, 0.1599],
    [0.0475, 0.0851, 0.2286, 0.6388]
  ],
  "EI_Z": {},
  "EI_V": 8.7711,
  "MAE_Z": {},
  "MAE_V": 233.0315,
  "MAE_p": 0.0963,
  "runtime": 80.053
}
