{
  "X": [
    [219, 287, 987, 53],
    [44, 220, 356, 41],
    [14, 108, 174, 17],
    [30, 231, 382, 34],
    [30, 216, 519, 37],
    [8, 16, 240, 13],
    [6, 5, 53, 6],
    [8, 9, 105, 4],
    [3, 8, 101, 7],
    [12, 57, 254, 14],
    [2, 10, 62, 2],
    [14, 12, 155, 6],
    [4, 20, 194, 9],
    [0, 1, 93, 2],
    [8, 6, 80, 3],
    [3, 5, 67, 2],
    [86, 140, 474, 33],
    [166, 325, 1029, 105],
    [11, 26, 88, 2],
    [23, 24, 81, 11],
    [41, 269, 748, 52],
    [24, 197, 397, 39],
    [45, 245, 514, 41],
    [41, 211, 816, 47],
    [20, 119, 207, 29],
    [9, 18, 249, 11],
    [1, 2, 100, 4],
    [0, 1, 14, 2],
    [3, 18, 109, 7],
    [1, 3, 62, 0],
    [2, 4, 62, 3],
    [15, 235, 145, 21],
    [1, 2, 73, 3],
    [11, 52, 140, 9],
    [11, 19, 62, 7],
    [34, 102, 279, 10],
    [0, 6, 30, 3],
    [8, 22, 249, 9],
    [2, 6, 58, 2],
    [15, 76, 219, 21],
    [23, 32, 100, 7],
    [9, 9, 90, 5],
    [5, 6, 115, 2],
    [21, 273, 387, 42],
    [23, 265, 361, 45],
    [34, 228, 329, 28],
    [1, 3, 4, 0],
    [4, 3, 11, 0],
    [13, 37, 247, 18],
    [7, 91, 120, 17],
    [9, 54, 83, 10],
    [4, 2, 57, 1],
    [9, 10, 90, 6],
    [2, 1, 20, 0],
    [6, 3, 89, 2],
    [28, 82, 394, 21],
    [4, 4, 7, 3],
    [30, 85, 260, 25],
    [4, 15, 134, 3],
    [211, 256, 630, 57],
    [80, 112, 312, 27],
    [13, 35, 341, 8],
    [11, 64, 138, 15],
    [4, 14, 49, 5],
    [7, 52, 74, 2],
    [22, 121, 443, 26],
    [94, 175, 827, 47],
    [13, 52, 287, 17],
    [23, 74, 170, 12],
    [2, 20, 133, 5],
    [7, 19, 191, 14],
    [2, 5, 125, 11],
    [2, 4, 105, 10],
    [3, 13, 81, 3],
    [4, 20, 102, 9],
    [2, 9, 92, 1],
    [5, 14, 86, 1],
    [1, 4, 53, 0],
    [21, 90, 443, 37],
    [40, 150, 770, 44],
    [0, 6, 2, 1],
    [2, 90, 163, 27],
    [228, 654, 2395, 131],
    [42, 89, 297, 28],
    [224, 422, 1237, 107],
    [30, 56, 160, 7]
  ],
  "W": [
    [88, 192, 317, 876, 73],
    [21, 26, 244, 303, 67],
    [15, 9, 122, 136, 31],
    [18, 17, 277, 305, 60],
    [25, 27, 248, 427, 75],
    [13, 3, 19, 227, 15],
    [3, 4, 7, 50, 6],
    [7, 4, 16, 95, 4],
    [8, 1, 8, 98, 4],
    [15, 11, 59, 214, 38],
    [7, 2, 11, 53, 3],
    [3, 6, 23, 147, 8],
    [15, 2, 22, 173, 15],
    [4, 0, 2, 88, 2],
    [7, 3, 7, 77, 3],
    [5, 1, 6, 62, 3],
    [36, 53, 170, 432, 42],
    [66, 126, 393, 933, 107],
    [5, 8, 28, 79, 7],
    [8, 18, 32, 74, 7],
    [42, 27, 302, 651, 88],
    [22, 20, 219, 334, 62],
    [21, 36, 264, 462, 62],
    [36, 26, 266, 699, 88],
    [14, 18, 117, 179, 47],
    [23, 5, 19, 228, 12],
    [6, 0, 5, 93, 3],
    [0, 0, 2, 13, 2],
    [6, 1, 17, 106, 7],
    [2, 0, 3, 55, 6],
    [8, 0, 4, 55, 4],
    [7, 12, 229, 115, 53],
    [4, 0, 2, 71, 2],
    [9, 6, 55, 123, 19],
    [2, 8, 22, 56, 11],
    [12, 32, 101, 253, 27],
    [7, 0, 6, 25, 1],
    [17, 2, 23, 226, 20],
    [0, 0, 5, 55, 8],
    [20, 13, 87, 178, 33],
    [7, 11, 40, 91, 13],
    [6, 8, 13, 84, 2],
    [8, 3, 4, 108, 5],
    [17, 16, 282, 321, 87],
    [27, 17, 282, 296, 72],
    [15, 18, 251, 284, 51],
    [0, 0, 5, 2, 1],
    [1, 1, 7, 9, 0],
    [12, 8, 49, 222, 24],
    [6, 11, 81, 114, 23],
    [9, 6, 48, 76, 17],
    [6, 0, 1, 53, 4],
    [7, 5, 15, 87, 1],
    [1, 1, 0, 18, 3],
    [5, 0, 9, 79, 7],
    [18, 12, 96, 349, 50],
    [0, 4, 3, 7, 4],
    [33, 20, 93, 222, 32],
    [10, 4, 18, 116, 8],
    [35, 155, 312, 577, 75],
    [26, 56, 128, 269, 52],
    [10, 14, 45, 308, 20],
    [10, 4, 78, 121, 15],
    [3, 3, 19, 37, 10],
    [3, 7, 47, 65, 13],
    [31, 16, 131, 378, 56],
    [43, 72, 205, 747, 76],
    [7, 6, 55, 275, 26],
    [14, 12, 75, 148, 30],
    [8, 8, 20, 115, 9],
    [16, 5, 20, 174, 16],
    [11, 1, 8, 114, 9],
    [6, 2, 5, 102, 6],
    [0, 1, 8, 80, 11],
    [6, 6, 21, 93, 9],
    [7, 0, 8, 82, 7],
    [4, 7, 16, 79, 0],
    [6, 1, 5, 46, 0],
    [22, 15, 106, 400, 48],
    [28, 22, 179, 712, 63],
    [0, 0, 6, 2, 1],
    [1, 6, 94, 151, 30],
    [114, 195, 711, 2160, 228],
    [12, 34, 106, 276, 28],
    [70, 176, 492, 1094, 158],
    [3, 19, 68, 154, 9]
  ],
  "method": "mvn_pdf",
  "cond_prob": [
    [
      [0.11641695001, 0.00043786366455, 0.82103009934, 0.062115086983],
      [0.91085388976, 0.029866471792, 0.043584686686, 0.015694951765],
      [0.057970937943, 0.81582651032, 0.089467356266, 0.036735195474],
      [0.017404497421, 0.00046919635273, 0.96443305583, 0.017693250396],
      [0.003400472568, 0.30409706353, 0.45447373384, 0.23802873006]
    ],
    [
      [0.10980301556, 0.0004596088599, 0.807036988, 0.082700387582],
      [0.90251479339, 0.032243540074, 0.043818523398, 0.021423143141],
      [0.052128600963, 0.81743290892, 0.083524799192, 0.046913690922],
      [0.017531457235, 0, 0.95721574508, 0.025252797681],
      [0.002945401016, 0.29400576709, 0.41039581911, 0.29265301279]
    ],
    [
      [0.063560049475, 0.00038217063137, 0.8713626996, 0.064695080292],
      [0.85703525598, 0.042500104364, 0.074051960096, 0.026412679559],
      [0.035851850189, 0.81416933754, 0.10587446653, 0.044104345741],
      [0.0066307768388, 0, 0.97391287661, 0.01945634655],
      [0.0018571155114, 0.26719701038, 0.48045986222, 0.25048601188]
    ],
    [
      [0.062764469485, 0.00030628067137, 0.87906979745, 0.05785945239],
      [0.85969459264, 0.035814157605, 0.07949353551, 0.024997714247],
      [0.04278926394, 0.78009247542, 0.13035285068, 0.046765409957],
      [0.0074871418591, 0.0015440812721, 0.97416800554, 0.016800771332],
      [0.0019871182671, 0.23048476314, 0.52660620359, 0.24092191501]
    ],
    [
      [0.04352125423, 0.00030354806931, 0.90125786251, 0.054917335189],
      [0.80838579353, 0.048285468084, 0.11103924708, 0.032289491307],
      [0.028152878422, 0.78831855966, 0.13820827969, 0.045320282232],
      [0, 0.0047326293037, 0.98038220236, 0.014885168339],
      [0.0013818449388, 0.2288649087, 0.54095519996, 0.22879804641]
    ],
    [
      [0.080418359085, 0.0002157878714, 0.83962128903, 0.079744564017],
      [0.90020516502, 0.018791704233, 0.055766321239, 0.025236809508],
      [0.064473529322, 0.70906572325, 0.14509337374, 0.081367373688],
      [0.01317856696, 0, 0.96347837189, 0.023343061149],
      [0.0024942719904, 0.16457139355, 0.49675065057, 0.33618368389]
    ],
    [
      [0.11648862113, 0.00015367542738, 0.75422262729, 0.12913507615],
      [0.94700816938, 0.0071249200093, 0.025164243005, 0.020702667608],
      [0.10164420585, 0.62305699196, 0.14025630133, 0.13504250086],
      [0.02266264596, 0, 0.94764933213, 0.029688021913],
      [0.0029766200248, 0.10160672499, 0.37873573841, 0.51668091657]
    ],
    [
      [0.094023611752, 7.6953277313e-05, 0.86331065003, 0.042588784946],
      [0.93965467802, 0.0053925855291, 0.044335922006, 0.010616814445],
      [0.14515819738, 0.50104049166, 0.27591385567, 0.077887455289],
      [0.013110317324, 0.00694009494, 0.96485667748, 0.015092910259],
      [0.0038011754485, 0.075483524764, 0.67586892769, 0.24484637209]
    ],
    [
      [0.070818568856, 0.0004562481206, 0.78552126702, 0.143203916],
      [0.87119997502, 0.03858287525, 0.048385393401, 0.04183175633],
      [0.024427305833, 0.85920962353, 0.057037576126, 0.059325494516],
      [0.013887142716, 0.00040615102678, 0.94875859007, 0.036948116185],
      [0.0014732603364, 0.26107183774, 0.30820050856, 0.42925439337]
    ],
    [
      [0.045198299965, 0.00030659001643, 0.90522619182, 0.049268918195],
      [0.8250020182, 0.045469696124, 0.10272855327, 0.026799732405],
      [0.030630250466, 0.79759410739, 0.13220118242, 0.039574459724],
      [0.0017962535046, 0.0019420702703, 0.98387982436, 0.012381851868],
      [0.0014584282319, 0.23740997681, 0.55109054898, 0.21004104598]
    ],
    [
      [0.032862756144, 0.00028769888173, 0.92490247379, 0.041947071185],
      [0.82545138415, 0.046771272907, 0.10429555161, 0.023481791334],
      [0.010523959424, 0.83281397137, 0.11096557227, 0.045696496935],
      [0, 0, 0.98897908179, 0.011020918209],
      [0.0010981283438, 0.24782995898, 0.56019298346, 0.19087892922]
    ],
    [
      [0.17726892383, 7.1563867491e-05, 0.78322606111, 0.039433451196],
      [0.96789752145, 0.002869998286, 0.023530116208, 0.0057023640567],
      [0.26160813845, 0.42365630128, 0.24539787253, 0.069337687737],
      [0.010759990079, 0.011054217627, 0.96249317124, 0.015692621051],
      [0.0077627967301, 0.07668754977, 0.67231173479, 0.24323791871]
    ],
    [
      [0.048407309339, 0.00025348981611, 0.89244070921, 0.058898491633],
      [0.8461642645, 0.034133154765, 0.090947195941, 0.028755384794],
      [0.035853166691, 0.76932832782, 0.1413023115, 0.053516193987],
      [0.0044473275806, 0, 0.97789105115, 0.017661621265],
      [0.0015602994837, 0.20018054208, 0.54317948448, 0.25507967396]
    ],
    [
      [0, 0, 0.9338326906, 0.066167309401],
      [0.84035464721, 0.0060938397665, 0.12675778187, 0.026793731153],
      [0, 0.4759150231, 0.37192666375, 0.15215831315],
      [0, 0, 0.98928965042, 0.010710349579],
      [0, 0.024084976899, 0.73166333654, 0.24425168656]
    ],
    [
      [0.26863442155, 0.00024457739585, 0.68228111613, 0.04883988493],
      [0.97833356893, 0.0057961080927, 0.011820454626, 0.0040498683479],
      [0.14672018726, 0.74180117178, 0.078839576813, 0.032639064146],
      [0.027648530638, 0.00054598381486, 0.95053284123, 0.021272644321],
      [0.0095267241376, 0.24875022591, 0.48188833706, 0.25983471289]
    ],
    [
      [0.090540708276, 0.00018212617633, 0.86763288958, 0.041644275966],
      [0.94339348757, 0.010929542355, 0.037041011791, 0.0086359582788],
      [0.066625647166, 0.74254460786, 0.13013017554, 0.060699569435],
      [0.019264650665, 0, 0.96843152169, 0.01230382764],
      [0.0032469156047, 0.17763072653, 0.600419714, 0.21870264387]
    ],
    [
      [0.19879813768, 0.00033612482605, 0.73313070476, 0.067735032734],
      [0.95263302189, 0.013797380163, 0.023306538143, 0.010263059809],
      [0.11647719161, 0.74257227963, 0.093767189986, 0.047183338769],
      [0.019177148895, 0.0050268585562, 0.95286251636, 0.022933476193],
      [0.0063825235036, 0.25827971246, 0.44750044628, 0.28783731775]
    ],
    [
      [0.11578365701, 0.00033919607508, 0.77804053088, 0.10583661603],
      [0.90865436486, 0.023171074408, 0.04139426478, 0.026780295956],
      [0.069015029803, 0.75452086866, 0.10154971399, 0.074914387546],
      [0.017586819365, 0.0022760236054, 0.95354766189, 0.026589495141],
      [0.0031441073465, 0.21876473156, 0.40060412577, 0.37748703532]
    ],
    [
      [0.10708094278, 0.00041410458696, 0.85822193952, 0.034283013108],
      [0.92585716279, 0.026397478252, 0.039913956891, 0.0078314020633],
      [0.052493114324, 0.83802324516, 0.089482950604, 0.020000689907],
      [0.019798679198, 0, 0.97807695126, 0.0021243695374],
      [0.0034050179969, 0.33172839806, 0.51656812578, 0.14829845816]
    ],
    [
      [0.15274076351, 0.00026672364361, 0.69650286658, 0.15048964627],
      [0.9369906599, 0.012694332056, 0.024650189263, 0.025664818783],
      [0.098455000711, 0.69131198358, 0.095117586443, 0.11511542926],
      [0.023457221608, 0.0071814740291, 0.9418638588, 0.027497445566],
      [0.0036925131518, 0.15942224015, 0.32036933478, 0.51651591192]
    ],
    [
      [0.063338586167, 0.0003752961061, 0.87000811739, 0.066278000337],
      [0.84993665078, 0.043447517557, 0.078231067268, 0.028384764391],
      [0.036503821024, 0.80866765733, 0.10950035874, 0.045328162909],
      [0.0064579818433, 0.00094532763154, 0.9736304641, 0.018966226422],
      [0.001854428188, 0.2611149294, 0.48232817937, 0.25470246304]
    ],
    [
      [0.052001831842, 0.00039560500695, 0.86924148911, 0.078361074041],
      [0.81812817391, 0.053025156069, 0.090080002562, 0.038766667459],
      [0.028628634163, 0.81617954691, 0.1040606817, 0.051131137228],
      [0.0004031474879, 0.0032002694748, 0.97350425412, 0.022892328917],
      [0.0014366786863, 0.25997714179, 0.45379640355, 0.28478977598]
    ],
    [
      [0.074149274244, 0.00050656359926, 0.84685542746, 0.0784887347],
      [0.85597051782, 0.050223702723, 0.065053687409, 0.028752092049],
      [0.032957110331, 0.84359326969, 0.082057779969, 0.04139184001],
      [0.0082419381898, 0.0022574248093, 0.9662153273, 0.023285309701],
      [0.001927000457, 0.31338315171, 0.41644142181, 0.26824842602]
    ],
    [
      [0.05361271496, 0.00021456884177, 0.89544157857, 0.050731137627],
      [0.85013029704, 0.029297090851, 0.094946294786, 0.025626317323],
      [0.048257379184, 0.72167819586, 0.17589608121, 0.054168343746],
      [0.0056739424504, 0.0038358933181, 0.97656816768, 0.01392199655],
      [0.0018637034387, 0.17707797309, 0.58961355336, 0.23144477012]
    ],
    [
      [0.069717928824, 0.00062540799691, 0.81848890572, 0.11116775746],
      [0.83450006211, 0.062264467224, 0.062581867417, 0.040653603248],
      [0.025354548484, 0.86222055385, 0.064488930153, 0.047935967513],
      [0.0053856915644, 0.0079232420252, 0.95428601336, 0.032405053052],
      [0.0015409982079, 0.33132805862, 0.34153788271, 0.32559306046]
    ],
    [
      [0.067958261583, 0, 0.86113894841, 0.070902790009],
      [0.87404767716, 0.032205613931, 0.067386701756, 0.026360007158],
      [0.040913712247, 0.79306378017, 0.11170138469, 0.054321122892],
      [0.0099348182354, 0, 0.968932354, 0.021132827769],
      [0.0020185422893, 0.2308966756, 0.48483063813, 0.28225414398]
    ],
    [
      [0.037409628129, 3.455356212e-05, 0.90252682268, 0.060028995624],
      [0.87110291538, 0.0048268511541, 0.094124737326, 0.029945496141],
      [0.080917285766, 0.37131469528, 0.39509151989, 0.15267649906],
      [0.0039436195276, 0.00067852935763, 0.97497854627, 0.020399304847],
      [0.0013997287777, 0.026705323992, 0.64545888718, 0.32643606005]
    ],
    [
      [0.0015573091997, 4.4885213883e-05, 0.88195550388, 0.1164423017],
      [0.91169687978, 0.0049604716728, 0.051002945768, 0.032339702776],
      [0, 0.4812092772, 0.29095526348, 0.22783545932],
      [0, 0, 0.97827148594, 0.021728514065],
      [0, 0.018790722802, 0.35028007795, 0.63092919925]
    ],
    [
      [0.074512998033, 0.00069712401062, 0.81650665977, 0.10828321818],
      [0.86238578666, 0.057238322331, 0.049152216443, 0.031223674569],
      [0.021144968343, 0.89332700271, 0.048858145921, 0.036669883028],
      [0.012456215338, 0.0012733367724, 0.95297935462, 0.033291093271],
      [0.0015304196409, 0.37386374138, 0.31505825067, 0.3095475883]
    ],
    [
      [0.051703910336, 0.00010504491479, 0.94819104475, 0],
      [0.9373700489, 0.0077807422055, 0.050714697451, 0.004134511439],
      [0.061621633243, 0.68836307292, 0.25001529384, 0],
      [0.0067184891065, 5.1211245447e-05, 0.99323029965, 0],
      [0.057035063124, 0.15531401215, 0.78765092472, 0]
    ],
    [
      [0.086304092881, 0, 0.85322825502, 0.060467652104],
      [0.93467622134, 0.014202905414, 0.038205537329, 0.01291533592],
      [0.047115603313, 0.79445796215, 0.098456918777, 0.059969515758],
      [0.020188663673, 0, 0.95869375126, 0.021117585065],
      [0.0026820854143, 0.20554203785, 0.51304749134, 0.27872838539]
    ],
    [
      [0.080831876642, 0.00084213267728, 0.8405673483, 0.07775864238],
      [0.84390166466, 0.074041184375, 0.056854224955, 0.025202926005],
      [0.012528007874, 0.9216048685, 0.040270104353, 0.025597019272],
      [0.011703274073, 0.00044533503393, 0.96561486789, 0.022236522999],
      [0.0017465389826, 0.43409212157, 0.34275875769, 0.22140258176]
    ],
    [
      [0.051603740024, 0, 0.86942489863, 0.07897136135],
      [0.90130566333, 0.015721243649, 0.058051738222, 0.024921354794],
      [0.021726888462, 0.85182653693, 0.077027001967, 0.049419572637],
      [0.010521314771, 0, 0.96310008733, 0.0263785979],
      [0.0015589571239, 0.14817346307, 0.4940701006, 0.35619747921]
    ],
    [
      [0.098218368055, 0.00045853346156, 0.84172821302, 0.059594885464],
      [0.90516233275, 0.033190713035, 0.04596715578, 0.015679798435],
      [0.048022833348, 0.83206531147, 0.084290698601, 0.035621156577],
      [0.016186155057, 0, 0.96679733311, 0.017016511829],
      [0.0027846202558, 0.31753351524, 0.45245172379, 0.22723014071]
    ],
    [
      [0.13806906518, 0.00030368243469, 0.77780396657, 0.083823285815],
      [0.94498207514, 0.014295288624, 0.026693647544, 0.014028988693],
      [0.083870459929, 0.74782403321, 0.099030056911, 0.069275449953],
      [0.022770300936, 0, 0.9520197737, 0.02520992536],
      [0.0039743907001, 0.22117287232, 0.430824937, 0.34402779997]
    ],
    [
      [0.077149446053, 0.00060473622705, 0.87361583057, 0.048629987149],
      [0.86360964283, 0.056778053693, 0.062833369826, 0.01677893365],
      [0.029278514699, 0.87716422762, 0.071657761371, 0.021899496305],
      [0.0095892167023, 0.0044119409203, 0.97788987999, 0.0081089623831],
      [0.0020554172773, 0.38763101497, 0.43934698747, 0.17096658028]
    ],
    [
      [0, 0.00059913671202, 0.82770978793, 0.17169107536],
      [0.75434468244, 0.090562473786, 0.078130913848, 0.076961929927],
      [0, 0.92781032031, 0.034716541151, 0.037473138541],
      [0, 0.0043989783273, 0.95046949118, 0.045131530488],
      [0, 0.31896966299, 0.23599495799, 0.44503537902]
    ],
    [
      [0.08719782448, 0.00026236524729, 0.86492348422, 0.047616326051],
      [0.91013507102, 0.021483709184, 0.054143015118, 0.014238204676],
      [0.062409096709, 0.76291896149, 0.13388759001, 0.040784351787],
      [0.01417149564, 7.7155930668e-05, 0.97303127267, 0.012720075759],
      [0.002959980148, 0.21939995089, 0.5601766272, 0.21746344176]
    ],
    [
      [0.15318589305, 0.00026131297238, 0.81298542195, 0.033567372018],
      [0.9754087574, 0.0066277600427, 0.014982236133, 0.0029812464263],
      [0.088533070995, 0.78503666137, 0.10153997882, 0.024890288816],
      [0.027575218463, 0.00050715058345, 0.96311226432, 0.0088053666309],
      [0.0050872036961, 0.25586542638, 0.56514069602, 0.1739066739]
    ],
    [
      [0.048808074609, 0.00030906868185, 0.87490247658, 0.075980380129],
      [0.82493863378, 0.04303167122, 0.093228855375, 0.038800839628],
      [0.032467657709, 0.78228176703, 0.12541636335, 0.059834211919],
      [0.0024022475995, 0.0011361147172, 0.97400035058, 0.022461287107],
      [0.0014348477377, 0.21738378029, 0.48505119197, 0.29613018001]
    ],
    [
      [0.3774428545, 0.00025021192003, 0.57825173662, 0.04405519696],
      [0.98318000499, 0.0049863426832, 0.0086551091565, 0.003178543171],
      [0.23349614322, 0.64190920389, 0.08049340723, 0.044101245658],
      [0, 0.031628032239, 0.95109776176, 0.017274205998],
      [0.01562109498, 0.26068305059, 0.4682614641, 0.25543439033]
    ],
    [
      [0.057948126445, 0.0001432250198, 0.8578581226, 0.084050525934],
      [0.88473042576, 0.015751891035, 0.067390400557, 0.032127282649],
      [0.059204354581, 0.66304840531, 0.17759538563, 0.10015185448],
      [0.0095376261721, 0.0003849056442, 0.96415546463, 0.025922003549],
      [0.0018253136272, 0.1105820892, 0.50796450875, 0.37962808843]
    ],
    [
      [0.082726021705, 0.00056250714142, 0.87757352213, 0.039137949027],
      [0.89872757587, 0.042531985553, 0.048341603417, 0.010398835156],
      [0.02107019558, 0.9189881751, 0.047662370726, 0.012279258598],
      [0.014325717251, 7.0394403768e-05, 0.977083681, 0.0085202073427],
      [0.0021101706708, 0.43686973804, 0.4237399963, 0.13728009498]
    ],
    [
      [0.059435749417, 0.00053329688718, 0.86448928766, 0.075541666038],
      [0.82435999077, 0.063211369379, 0.079344974306, 0.033083665547],
      [0.023642760956, 0.85530295209, 0.081088994022, 0.03996529293],
      [0, 0.0077944265263, 0.97106499267, 0.021140580802],
      [0.0015238369893, 0.32508170848, 0.41902532826, 0.25436912627]
    ],
    [
      [0.06152497691, 0.00052739975708, 0.84815516971, 0.089792453618],
      [0.82590469248, 0.060575789025, 0.07542202204, 0.038097496456],
      [0.025492617755, 0.8483255748, 0.07943418839, 0.046747619055],
      [0, 0.0081059610057, 0.96579419382, 0.026099845175],
      [0.0015212172842, 0.31012215613, 0.3964182437, 0.29193838288]
    ],
    [
      [0.10328579928, 0.000501616564, 0.82929358919, 0.06691899496],
      [0.89720158834, 0.037114556767, 0.047407423939, 0.018276430958],
      [0.046036057331, 0.83810999402, 0.080453277949, 0.035400670703],
      [0.016204610834, 0.0010108192541, 0.96346600804, 0.019318561876],
      [0.0028220500731, 0.32689671693, 0.42919889184, 0.24108234116]
    ],
    [
      [0.045428453569, 5.9070211129e-05, 0.95214088273, 0.0023715934877],
      [0.9994680282, 0.00011335948368, 0.00040682320436, 1.1789116198e-05],
      [0.19559381834, 0.58871658627, 0.2156895954, 0],
      [0.0061161529135, 2.3177230851e-05, 0.99386066986, 0],
      [0.0097986024905, 0.056370714204, 0.93383068331, 0]
    ],
    [
      [0.55009569867, 2.2516090576e-05, 0.44988178524, 0],
      [0.99897120158, 9.116092761e-05, 0.0009376374947, 0],
      [0.35013329997, 0.31380785537, 0.33605884467, 0],
      [0, 0.089247926155, 0.91075207384, 0],
      [0.034902486562, 0.044936078158, 0.89141020105, 0.028751234228]
    ],
    [
      [0.064072342361, 0.00018481545564, 0.8601629269, 0.075579915284],
      [0.87714616467, 0.020320895023, 0.072185898097, 0.030347042207],
      [0.060878040712, 0.67831358147, 0.17573915003, 0.085069227787],
      [0.0098255319985, 0.00068716584515, 0.96774243366, 0.021744868496],
      [0.0020696031548, 0.14355411436, 0.52710496119, 0.3272713213]
    ],
    [
      [0.047414317744, 0.0011899498027, 0.80033329607, 0.15106243638],
      [0.61050128123, 0.23408686436, 0.073736835078, 0.081675019336],
      [0, 0.92985832663, 0.034346765871, 0.035794907496],
      [0, 0.023916838414, 0.93182777257, 0.044255389014],
      [0, 0.45099394595, 0.23375830126, 0.3152477528]
    ],
    [
      [0.12214446367, 0.0011389826127, 0.76485882298, 0.11185773074],
      [0.88221811599, 0.06341426189, 0.031900043601, 0.02246757852],
      [0.024644098796, 0.91540277933, 0.033056811852, 0.026896310022],
      [0.018272781737, 0.018267976308, 0.92252968466, 0.040929557293],
      [0.0021025280499, 0.48715082223, 0.24858160755, 0.26216504217]
    ],
    [
      [0.39053103416, 0.00015911414439, 0.58848228961, 0.020827562086],
      [0.99203718649, 0.0017675181629, 0.0053086772255, 0.00088661812151],
      [0.18916318649, 0.72865575432, 0.067564147935, 0.014616911254],
      [0.026414671169, 0.004315020749, 0.96456341816, 0.0047068899242],
      [0.016918259144, 0.26042336528, 0.56992023801, 0.15273813756]
    ],
    [
      [0.12673285371, 0.00016978715743, 0.75388542815, 0.11921193098],
      [0.94038389744, 0.0089845632525, 0.028821308435, 0.021810230867],
      [0.10614390448, 0.64616036377, 0.13027152033, 0.11742421142],
      [0.020865962089, 0.0016651289414, 0.94516489533, 0.032304013635],
      [0.0034532678515, 0.11661699926, 0.39527676166, 0.48465297122]
    ],
    [
      [0.22444569292, 0.000143756745, 0.77541055033, 0],
      [0.99714202159, 0.000510860782, 0.0023471176254, 0],
      [0.063788368294, 0.8649013449, 0.063983962144, 0.0073263246573],
      [0.028921376032, 0.014818429875, 0.95626019409, 0],
      [0.085942505639, 0.24420454824, 0.66985294612, 0]
    ],
    [
      [0.29156022669, 2.8128239448e-05, 0.6912753413, 0.017136303765],
      [0.98810224925, 0.00054642041382, 0.010141089504, 0.0012102408348],
      [0.49223498464, 0.20519538653, 0.25353539423, 0.049034234605],
      [0, 0.011163772555, 0.98292137122, 0.0059148562208],
      [0.016012000689, 0.038737549746, 0.8015737741, 0.14367667547]
    ],
    [
      [0.1209416188, 0.00025837137342, 0.83059088546, 0.048209124364],
      [0.93090556343, 0.016580230183, 0.041122239002, 0.011391967387],
      [0.090277498692, 0.73202406563, 0.1349089458, 0.042789489873],
      [0.016543447777, 0.0018628671446, 0.96817680583, 0.013416879253],
      [0.0042376190371, 0.21743871238, 0.55421866327, 0.22410500532]
    ],
    [
      [0.094441293766, 0.00058378577288, 0.66514538118, 0.23982953928],
      [0.9551549581, 0.015280994118, 0.010332594352, 0.019231453426],
      [0.02210567031, 0.8805583927, 0.029165191785, 0.068170745209],
      [0.015447555866, 0.049823649433, 0.89489287393, 0.039835920771],
      [0.0012325663972, 0.23710882485, 0.15173098243, 0.60992762632]
    ],
    [
      [0.10445470731, 0.00044110903255, 0.80192601493, 0.093178168724],
      [0.89909892532, 0.031789688715, 0.044449876451, 0.024661509515],
      [0.051101022045, 0.81165127543, 0.083889843103, 0.053357859422],
      [0.016808215909, 0, 0.95564376824, 0.02754801585],
      [0.0027249115712, 0.27706503165, 0.39664912563, 0.32356093115]
    ],
    [
      [0.032609206775, 0.00017682627202, 0.93467517863, 0.032538788324],
      [0.81780289572, 0.032758955552, 0.1278061165, 0.02163203223],
      [0.021817655861, 0.73800967297, 0.20226195265, 0.03791071852],
      [0, 0.0022552697625, 0.99277362049, 0.0049711097443],
      [0.0012473179833, 0.16517631364, 0.66744607786, 0.16613029052]
    ],
    [
      [0.23832849035, 0.00034458536357, 0.68834391421, 0.072983010075],
      [0.95980081531, 0.012044708366, 0.018709231462, 0.0094452448662],
      [0.13506849887, 0.73039549505, 0.085379480381, 0.0491565257],
      [0.019365186228, 0.011205820418, 0.94432557867, 0.025103414683],
      [0.0076572315239, 0.26362475839, 0.41991700472, 0.30880100537]
    ],
    [
      [0.20998417511, 0.00034259034417, 0.72822206928, 0.061451165268],
      [0.95622629903, 0.013246843545, 0.021760745518, 0.0087661119082],
      [0.12086327364, 0.74563803151, 0.091412945062, 0.04208574979],
      [0.019192019735, 0.006561994162, 0.95343106174, 0.020814924367],
      [0.0068958916707, 0.27004663365, 0.45526561298, 0.2677918617]
    ],
    [
      [0.032348438635, 0.00014831227481, 0.93351953383, 0.033983715263],
      [0.80080214165, 0.030007497351, 0.14402755983, 0.025162801164],
      [0.032001479782, 0.67873085413, 0.24192216793, 0.047345498162],
      [0, 0.0041334803211, 0.99040631333, 0.0054602063538],
      [0.0012609520165, 0.13812057699, 0.68583883816, 0.17477963284]
    ],
    [
      [0.095081810888, 0.00035202034705, 0.80633606122, 0.098230107549],
      [0.9002357336, 0.026625076394, 0.046123165237, 0.027016024766],
      [0.057803734455, 0.77502950494, 0.10011208, 0.067054680608],
      [0.015712253473, 0, 0.95687521395, 0.027412532576],
      [0.0025576666024, 0.22917854038, 0.4107669066, 0.35749688643]
    ],
    [
      [0.039927060601, 0.00014268907271, 0.9093572492, 0.050573001125],
      [0.87105819787, 0.019026014264, 0.086091794567, 0.023823993304],
      [0.047071718832, 0.66760154888, 0.21359511892, 0.071731613371],
      [0.0096784373962, 0, 0.96693221381, 0.023389348791],
      [0.0014579383145, 0.12580644613, 0.61788536982, 0.25485024574]
    ],
    [
      [0.067662795302, 0.00090545000881, 0.88922706905, 0.042204685638],
      [0.84008804277, 0.084569204689, 0.061104756155, 0.014237996385],
      [0.017381373669, 0.92754385851, 0.052194358813, 0.0028804090112],
      [0.0012260752208, 0.020044985526, 0.97872893925, 0],
      [0.0015212202236, 0.50060106216, 0.37185150647, 0.12602621114]
    ],
    [
      [0.057430741739, 0.00034842510573, 0.88595019685, 0.0562706363],
      [0.84552290122, 0.043394192791, 0.085242400286, 0.025840505698],
      [0.03517476928, 0.80595857109, 0.11797504646, 0.040891613166],
      [0.0052501773601, 0.0010703554449, 0.97850068754, 0.015178779658],
      [0.0017646208692, 0.25553079582, 0.51506561637, 0.22763896693]
    ],
    [
      [0.097662468343, 0.00029866708458, 0.84086586808, 0.061172996496],
      [0.90566073428, 0.023914981312, 0.052305527311, 0.018118757093],
      [0.06622417616, 0.75991654028, 0.12459766485, 0.049261618705],
      [0.01442982568, 0.00021503648354, 0.9674536127, 0.017901525135],
      [0.0031303302247, 0.22791783749, 0.51113683847, 0.25781499381]
    ],
    [
      [0.095059695748, 0.00041224471634, 0.8280889167, 0.076439142836],
      [0.8986806638, 0.031537818877, 0.048429799601, 0.021351717726],
      [0.048273033222, 0.81066056525, 0.090949836611, 0.050116564912],
      [0.015341735715, 0, 0.96208085338, 0.022577410907],
      [0.0026347691621, 0.2777521648, 0.43608934973, 0.28352371632]
    ],
    [
      [0.1778175194, 0.00053149296122, 0.7645317905, 0.057119197137],
      [0.94297791668, 0.022884955584, 0.025134046406, 0.0090030813344],
      [0.072260804402, 0.8327254039, 0.067336371697, 0.027677420004],
      [0.024489959594, 0.0018935328031, 0.95658725448, 0.01702925312],
      [0.0050248459393, 0.36610971615, 0.41232682785, 0.21653861007]
    ],
    [
      [0, 0.00028356042489, 0.94284536128, 0.056871078299],
      [0.25, 0.14971767474, 0.52922481701, 0.07105750825],
      [0, 0.82867794518, 0.13370664313, 0.03761541169],
      [0, 0.0015129659883, 0.98633773328, 0.012149300735],
      [0, 0.22804890293, 0.56894070938, 0.20301038769]
    ],
    [
      [0.054719013842, 0.00030265782723, 0.84391071602, 0.10106761231],
      [0.84312926027, 0.036271324968, 0.076726134464, 0.043873280303],
      [0.034102596751, 0.77801335474, 0.11287290587, 0.075011142642],
      [0.0069150778142, 0.00027331278025, 0.96542100384, 0.027390605569],
      [0.0014733751571, 0.20037358321, 0.4295678179, 0.36858522373]
    ],
    [
      [0.038305576194, 0, 0.82471443574, 0.13697998806],
      [0.8188415799, 0.016031851361, 0.092277957987, 0.072848610752],
      [0.044861630209, 0.56092322863, 0.20359162866, 0.19062351251],
      [0.0034359585603, 0, 0.96788636669, 0.02867767475],
      [0.0010227516024, 0.055175813293, 0.42978715744, 0.51401427767]
    ],
    [
      [0.029910879198, 0.00016072488696, 0.75336368739, 0.21656470852],
      [0.75448378812, 0.026757753107, 0.092752772524, 0.12600568625],
      [0.023699876025, 0.64802768803, 0.12449806472, 0.20377437123],
      [0.0018571071023, 0.0022284141622, 0.96040752575, 0.035506952985],
      [0.00060714067031, 0.079680576626, 0.28504239675, 0.63466988595]
    ],
    [
      [0.12911184115, 0.00093158612785, 0.81891905966, 0.051037513059],
      [0.9302983635, 0.037990831423, 0.024388775232, 0.0073220298408],
      [0.025828685935, 0.92556812664, 0.035750339596, 0.012852847829],
      [0.019488141513, 0, 0.96453902736, 0.015972831124],
      [0.027638257091, 0.50522401413, 0.32058966536, 0.14654806342]
    ],
    [
      [0, 0.00036794965267, 0.88278203277, 0.11685001758],
      [0.66666666667, 0.076022729731, 0.17174660926, 0.085563994338],
      [0, 0.81933765898, 0.10783506963, 0.072827271382],
      [0, 0.0036038164519, 0.96692911586, 0.029467067685],
      [0, 0.222267795, 0.38709821225, 0.39063399275]
    ],
    [
      [0.071640010924, 0.00033678586612, 0.91011501968, 0.017908183531],
      [0.91183418612, 0.027153684212, 0.053169941253, 0.0078421884164],
      [0.036013722099, 0.85161009339, 0.11237618451, 0],
      [0.014558092925, 0.00079776068132, 0.98464414639, 0],
      [0.0023780752644, 0.30276362514, 0.56990934027, 0.12494895933]
    ],
    [
      [0.022678371938, 0.00027648921698, 0.94797627936, 0.029068859484],
      [0.70132664461, 0.066630922607, 0.20784457986, 0.024197852924],
      [0, 0.8442511502, 0.1340780256, 0.021670824199],
      [0, 0.00030960989397, 0.99503714448, 0.0046532456255],
      [0.00081641630221, 0.25116805585, 0.61046607661, 0.13754945124]
    ],
    [
      [0.0094761165953, 0, 0.9905238834, 0],
      [0.84848336168, 0.024678396456, 0.12683824186, 0],
      [0.018931987749, 0.79506432071, 0.18600369154, 0],
      [0, 0, 1, 0],
      [0.0011566632015, 0.15407503949, 0.74101651715, 0.10375178016]
    ],
    [
      [0.057306041511, 0.00028234643914, 0.85072567768, 0.091685934372],
      [0.84215255735, 0.034913133217, 0.081207320459, 0.041726988979],
      [0.040354446642, 0.75294591629, 0.13014325301, 0.076556384051],
      [0.0068771925123, 0.0010464037563, 0.96800699746, 0.024069406273],
      [0.0016360495329, 0.19248464063, 0.45974878086, 0.34613052897]
    ],
    [
      [0.079064055042, 0.00028877280579, 0.85299895023, 0.067648221927],
      [0.88486565212, 0.027699524078, 0.0634683944, 0.023966429401],
      [0.055242045457, 0.75859242882, 0.13005998655, 0.056105539177],
      [0.011622716762, 9.1440529367e-05, 0.96859029937, 0.019695543343],
      [0.0024676450932, 0.21475197486, 0.50480466629, 0.27797571375]
    ],
    [
      [0.010768771789, 0.00083183246163, 0.85602999195, 0.1323694038],
      [0.94925024301, 0.030436588309, 0.0095692147117, 0.010743953972],
      [0, 0.93828496902, 0, 0.061715030984],
      [0, 0.0003679312129, 0.93558183665, 0.06405023214],
      [0, 0.36955432348, 0.12883632671, 0.50160934982]
    ],
    [
      [0.027218936614, 0.00050975333416, 0.80324569198, 0.16902561807],
      [0.3287968439, 0.099776901471, 0.45081250859, 0.12061374604],
      [0, 0.8345410142, 0.080196330242, 0.085262655557],
      [0, 0.023742270013, 0.94631533739, 0.029942392598],
      [0, 0.24562969103, 0.30199360893, 0.45237670003]
    ],
    [
      [0.07465639267, 0.00040356558841, 0.86293417282, 0.062005868921],
      [0.86705698338, 0.04104448249, 0.06850274755, 0.023395786582],
      [0.040592043116, 0.81648708521, 0.10288660942, 0.040034262256],
      [0.0097467867942, 0.00068711417743, 0.97258850175, 0.016977597274],
      [0.0021888480094, 0.28045541768, 0.47949090105, 0.23786483326]
    ],
    [
      [0.096827628554, 0.00034870562502, 0.79770869341, 0.10511497241],
      [0.89530117217, 0.027090172541, 0.047620222311, 0.029988432982],
      [0.056307162973, 0.77066274186, 0.1005259428, 0.072504152361],
      [0.015786619047, 0.00054649060193, 0.95612734031, 0.027539550039],
      [0.0025772311327, 0.22263098652, 0.40219686632, 0.37259491603]
    ],
    [
      [0.11951942991, 0.00034604806262, 0.80406106577, 0.076073456251],
      [0.91607720656, 0.023142795344, 0.041918471805, 0.01886152629],
      [0.071335573451, 0.76958413101, 0.10515518911, 0.05392510643],
      [0.017133580828, 0.00054429441488, 0.95960401773, 0.02271810703],
      [0.0035621011895, 0.24475819056, 0.45439826533, 0.29728144292]
    ],
    [
      [0.20574612791, 0.00036771739584, 0.74355800484, 0.050328149853],
      [0.95811993222, 0.013844390414, 0.021132575339, 0.0069031020275],
      [0.11098959941, 0.77061401072, 0.086073033631, 0.032323356238],
      [0.023181215174, 0.0042429046043, 0.95641431799, 0.016161562232],
      [0.0068092230345, 0.29785482133, 0.46967064408, 0.22566531156]
    ]
  ],
  "expected_outcome": [
    [
      [10.244691601, 2.3058633267, 0.95340074213, 1.1297604507, 1.0880313558, 1.0454386681, 0.34946586338, 0.65816528226, 0.56654855084, 0.67797449947, 0.23003929301, 0.53180677148, 0.72610964009, 0, 1.8804409508, 0.45270354138, 7.1567329564, 7.6417213626, 0.53540471391, 1.221926108, 2.660220619, 1.1440403005, 1.5571347591, 1.9300577386, 0.97605100354, 1.5630400164, 0.22445776877, 0, 0.4470779882, 0.10340782067, 0.69043274305, 0.5658231365, 0.2064149601, 0.8839653125, 0.27613813037, 0.92579335264, 0, 1.4823630162, 0, 0.97616149218, 2.6420999815, 0.34768875867, 0.66180817364, 1.0104077401, 1.6611743766, 1.5492869893, 0, 0.55009569867, 0.76886810834, 0.28448590647, 1.099300173, 2.343186205, 0.88712997596, 0.22444569292, 1.4578011335, 2.1769491384, 0, 3.4470053414, 0.32609206775, 8.3414971624, 5.4595885529, 0.32348438635, 0.95081810888, 0.1197811818, 0.20298838591, 1.7803529939, 4.1994861388, 0.66541787024, 2.4894452717, 0, 0.87550422147, 0.42136133813, 0.17946527519, 0, 0, 0.50148007647, 0.090713487754, 0.056856699572, 1.2607329132, 2.2137935412, 0, 0.027218936614, 8.5108287644, 1.1619315427, 8.366360094, 0.61723838372],
      [0.03853200248, 0.009651786058, 0.0057325594705, 0.0055130520846, 0.0075887017327, 0.0028052423282, 0.00046102628213, 0.00053867294119, 0.0036499849648, 0.0045988502465, 0.0020138921721, 0.00021469160247, 0.0038023472416, 0, 0.0017120417709, 0.00091063088165, 0.012100493738, 0.022386940955, 0.0020705229348, 0.0021337891489, 0.015762436456, 0.0087033101528, 0.010637835584, 0.0077244783038, 0.0087557119567, 0, 0.00020732137272, 0, 0.0041827440637, 0.00021008982957, 0, 0.005894928741, 0, 0.0041268011541, 0.00060736486938, 0.0072568347246, 0.0041939569842, 0.0044602092039, 0, 0.0061813736371, 0.0017514834402, 0.00085935011878, 0.0045000571314, 0.0090660470821, 0.014239793441, 0.00752424846, 0, 2.2516090576e-05, 0.0022177854676, 0.0071396988165, 0.010250843514, 0.00095468486635, 0.001188510102, 0.000143756745, 0.00014064119724, 0.0046506847215, 0, 0.014556598074, 0.0017682627202, 0.012060487725, 0.0089073489483, 0.0014831227481, 0.0035202034705, 0.00042806721813, 0.0027163500264, 0.010801178278, 0.012842684637, 0.0028857130144, 0.0074409014571, 0.0022684833991, 0.0048425252357, 0, 0.00096434932177, 0, 0.002207697916, 0.0023575010628, 0.0011059568679, 0, 0.0062116216611, 0.008085638562, 0, 0.00050975333416, 0.046006477079, 0.0041844675002, 0.024223364384, 0.0011031521875],
      [72.2506487421, 16.947776748, 13.070440494, 15.8232563542, 22.5314465628, 10.9150767573, 2.2626678819, 6.0431745502, 6.2841701362, 13.5783928774, 6.4743173165, 2.3496781833, 13.3866106382, 3.7353307624, 4.7759678129, 4.3381644479, 26.3927053714, 51.3506750383, 4.2911096976, 5.5720229327, 36.5403409304, 19.1233127604, 17.7839639766, 32.2358968286, 11.45884468, 19.8061958134, 5.4151609361, 0, 4.8990399586, 1.8963820895, 6.8258260401, 5.8839714381, 3.4776995945, 7.5755539172, 1.5556079331, 10.4833899669, 5.7939685155, 14.7036992318, 0, 17.4980495316, 4.0477621563, 5.1471487356, 7.020588177, 14.6963178902, 22.9001895823, 12.4394038379, 0, 0.44988178524, 10.3219551228, 4.8019997764, 6.8837294068, 3.5308937376, 5.2771979971, 0.77541055033, 3.4563767065, 14.9506359383, 0, 26.4635584926, 9.3467517863, 24.0920369972, 18.9337738012, 9.3351953383, 8.0633606122, 2.7280717476, 2.6676812072, 27.4644561025, 36.1572323273, 5.7966224169, 10.703445067, 7.5427628902, 13.5025714563, 9.0718587932, 4.5201821244, 0, 5.2966921966, 6.3708051378, 3.7919051174, 5.9431433004, 18.7159649089, 23.8839706063, 0, 0.80324569198, 98.3744957015, 9.5725043209, 56.284274604, 2.2306740145],
      [5.4661276545, 1.7367081392, 0.97042620438, 1.041470143, 1.3729333797, 1.0366793322, 0.38740522845, 0.29812149462, 1.145631328, 0.73903377292, 0.29362949829, 0.11830035359, 0.88347737449, 0.26466923761, 0.34187919451, 0.20822137983, 2.4384611784, 6.9852166582, 0.17141506554, 1.2039171701, 2.7836760141, 1.7239436289, 1.6482634287, 1.8263209546, 1.5563486045, 1.6307641702, 0.36017397375, 0, 0.6496993091, 0, 0.48374121683, 0.54431049666, 0.3158854454, 0.53635396918, 0.16764657163, 0.58355984578, 1.2018375275, 0.80947754287, 0, 1.5196076026, 0.30838637872, 0.5043031556, 0.31310359222, 1.2842083226, 2.4243962477, 1.0037849244, 0, 0, 0.90695898341, 0.90637461827, 1.0067195767, 0.12496537252, 0.83448351688, 0, 0.085681518823, 0.86776423854, 0, 3.0748795679, 0.32538788324, 2.5544053526, 1.597730297, 0.33983715263, 0.98230107549, 0.15171900338, 0.12661405691, 1.7443897253, 2.6304388493, 0.53507399985, 0.79966875992, 0.45496862639, 1.617081797, 1.5067798687, 1.2993882511, 0, 0.70110010547, 0.12535728472, 0.11627543793, 0, 2.0170905562, 1.894150214, 0, 0.16902561807, 7.068669057, 1.261379669, 5.3251419376, 0.15098444956]
    ],
    [
