{
  "Z_true": {},
  "V_true": [
    [465, 37, 49, 2453, 35],
    [35, 924, 713, 293, 55],
    [87, 736, 6309, 423, 423],
    [1030, 380, 184, 21064, 348],
    [66, 139, 588, 630, 754]
  ],
  "p_true": [
    [0.153, 0.0122, 0.0161, 0.8072, 0.0115],
    [0.0173, 0.4574, 0.353, 0.145, 0.0272],
    [0.0109, 0.0923, 0.7908, 0.053, 0.053],
    [0.0448, 0.0165, 0.008, 0.9156, 0.0151],
    [0.0303, 0.0638, 0.2701, 0.2894, 0.3463]
  ],
  "Z_est": {},
  "V_est": [
    [1119.277, 0, 0, 1919.723, 0],
    [278.6739, 1741.3261, 0, 0, 0],
    [0, 0, 7843, 0, 135],
    [0, 228.7333, 0, 22777.2667, 0],
    [285.0492, 245.9406, 0, 166.0102, 1480]
  ],
  "p_est": [
    [0.3683, 0, 0, 0.6317, 0],
    [0.138, 0.862, 0, 0, 0],
    [0, 0, 0.9831, 0, 0.0169],
    [0, 0.0099, 0, 0.9901, 0],
    [0.1309, 0.113, 0, 0.0763, 0.6798]
  ],
  "EI_Z": {},
  "EI_V": 15.7366,
  "MAE_Z": {},
  "MAE_V": 481.1627,
  "MAE_p": 0.1192,
  "runtime": 0.0114
}
