{
  "Z_true": {},
  "V_true": [
    [47, 1254, 54, 264],
    [2724, 507, 4815, 308],
    [2247, 504, 10826, 407],
    [693, 12323, 540, 848],
    [260, 554, 811, 654]
  ],
  "p_true": [
    [0.029, 0.7746, 0.0334, 0.1631],
    [0.3261, 0.0607, 0.5764, 0.0369],
    [0.1607, 0.036, 0.7742, 0.0291],
    [0.0481, 0.8555, 0.0375, 0.0589],
    [0.1141, 0.2431, 0.3559, 0.287]
  ],
  "Z_est": [
    [
      [0, 0, 0, 0, 0, 0, 0, 0, 0, 0, 0, 0, 0, 0, 0, 0, 0, 0, 0, 0, 0, 0, 0, 0, 0, 0, 0, 0, 0, 0, 0, 0, 0, 0, 0, 0, 0, 0, 0, 0, 0, 0, 0, 0, 0, 0, 0, 0],
      [31.8457, 21.2305, 0, 1.4154, 0, 38.2149, 70.7683, 38.2149, 38.9226, 16.2767, 41.0456, 22.6459, 54.4916, 0.7077, 10.6152, 5.6615, 50.2455, 14.1537, 3.5384, 0, 1.4154, 2.8307, 2.123, 19.1074, 19.1074, 35.3841, 2.123, 19.8151, 26.8919, 24.7689, 59.4454, 12.0306, 21.9382, 17.6921, 38.2149, 19.1074, 36.0918, 21.2305, 1.4154, 7.7845, 20.5228, 8.4922, 14.1537, 2.8307, 98.3679, 12.0306, 89.168, 51.6608],
      [11.5212, 7.6808, 0, 0.5121, 0, 13.8255, 25.6027, 13.8255, 14.0815, 5.8886, 14.8496, 8.1929, 19.7141, 0.256, 3.8404, 2.0482, 18.1779, 5.1205, 1.2801, 0, 0.5121, 1.0241, 0.7681, 6.9127, 6.9127, 12.8013, 0.7681, 7.1688, 9.729, 8.9609, 21.5063, 4.3525, 7.9368, 6.4007, 13.8255, 6.9127, 13.0574, 7.6808, 0.5121, 2.8163, 7.4248, 3.0723, 5.1205, 1.0241, 35.5878, 4.3525, 32.2594, 18.69],
      [1.6331, 1.0887, 0, 0.0726, 0, 1.9597, 3.629, 1.9597, 1.996, 0.8347, 2.1048, 1.1613, 2.7943, 0.0363, 0.5444, 0.2903, 2.5766, 0.7258, 0.1815, 0, 0.0726, 0.1452, 0.1089, 0.9798, 0.9798, 1.8145, 0.1089, 1.0161, 1.379, 1.2702, 3.0484, 0.6169, 1.125, 0.9073, 1.9597, 0.9798, 1.8508, 1.0887, 0.0726, 0.3992, 1.0524, 0.4355, 0.7258, 0.1452, 5.0443, 0.6169, 4.5726, 2.6492]
    ],
    [
      [159.0546, 78.724, 3.2132, 11.2166, 2.6777, 79.7951, 125.8513, 73.9794, 86.7571, 41.7719, 76.5819, 105.5009, 151.9731, 0.5355, 5, 35.3455, 221.7125, 42.3075, 25.7058, 2.1422, 23.0281, 3.7488, 7.5596, 81.9798, 91.984, 76.5819, 6.6771, 35.3455, 69.6199, 63.729, 106.0364, 38.5587, 314.8961, 71.762, 262.4134, 85.686, 89.4348, 81.4017, 23.7592, 87.8282, 80.3306, 24.0992, 53.0182, 8.5686, 381.8383, 64.8, 541.4284, 310.6118],
      [1.3168, 3.0489, 0.4554, 0, 0.0222, 0.6606, 1.0419, 3.7764, 0.7183, 0.3458, 0.634, 0.8734, 7.9009, 0.0044, 0.3997, 0.2926, 1.8356, 0.3503, 0.2128, 0.0177, 0.1906, 0.031, 0, 0.8291, 0.767, 0.634, 0.0488, 0.2926, 0.5764, 0.5276, 0.8779, 0.4485, 0, 0.5941, 2.1725, 0.7094, 0.7404, 0.6739, 0.118, 0.7271, 0.6651, 0.1995, 5.2108, 0.0709, 3.1612, 0.5365, 4.4825, 2.5715],
      [115.4018, 57.1181, 2.3314, 3.7834, 1.9428, 57.8952, 91.3112, 55.9524, 62.9465, 30.3076, 55.5639, 81.7773, 147.3718, 0.3886, 3.8856, 25.6449, 160.8632, 30.6961, 18.6508, 1.5542, 16.708, 2.7199, 5.4398, 97.8346, 67.8846, 55.5639, 4.2741, 25.6449, 50.5126, 46.2385, 76.9346, 27.9762, 228.4723, 52.0668, 190.3936, 62.1693, 64.8893, 59.0609, 40.3371, 63.7236, 58.2838, 17.4851, 38.4673, 6.2169, 277.0421, 47.0156, 392.8325, 225.3639],
      [21.2267, 8.109, 0, 0, 0.3574, 10.6491, 16.7955, 10.2917, 11.5782, 5.5747, 10.2203, 8.8483, 24.7542, 0.0715, 0.7147, 4.717, 29.5887, 5.6462, 3.4306, 0.2859, 3.0732, 0.5003, 1.0006, 6.3565, 12.3644, 10.2203, 0, 4.717, 9.2911, 8.505, 14.1511, 5.0166, 44.6316, 9.577, 35.0205, 11.4353, 11.9355, 10.8635, 4.7857, 11.7211, 10.7206, 3.2162, 2.3037, 1.1435, 50.9584, 8.6479, 72.2565, 41.4528]
    ],
    [
      [30.5416, 26.9303, 1.5439, 1.646, 0.1789, 20.1801, 28.1163, 0, 22.5634, 2.3705, 37.2194, 1.481, 0, 1.3794, 0, 14.4143, 52.6976, 21.8296, 6.8465, 0.7048, 21.9247, 2.3262, 1.751, 0, 0, 38.9311, 0.9842, 13.9207, 4.3579, 19.2517, 5.9367, 5.4308, 1.6709, 63.4389, 82.8194, 33.5127, 22.4569, 25.9706, 4.384, 17.4441, 39.4911, 1.8911, 2.6056, 12.0455, 85.0823, 32.1651, 360.6749, 166.585],
      [0, 17.3167, 1.7576, 0.0106, 0.0461, 17.3386, 12.6283, 17.3356, 22.3222, 10.2704, 13.5158, 11.9471, 9.0795, 1.5541, 1.4679, 1.8896, 13.5731, 3.3005, 5.6333, 0, 0, 0, 0, 22.666, 2.7758, 4.9315, 3.8476, 3.1047, 6.3602, 19.3332, 27.9234, 5.8398, 0, 0, 0, 0, 5.7841, 1.3848, 1.1292, 2.8667, 0, 6.1127, 6.0375, 0, 51.079, 4.4245, 0, 17.1314],
      [503.713, 256.753, 5.6986, 11.089, 1.706, 251.635, 467.444, 253.9737, 458.1211, 228.5976, 354.848, 258.5719, 371.333, 5.2174, 42.9457, 62.8682, 521.2419, 130.4115, 48.3075, 7.9849, 66.0753, 20.5174, 11.0661, 235.334, 243.6134, 162.7574, 6.1683, 103.213, 255.7637, 185.4143, 331.1041, 104.7294, 599.8443, 248.6262, 564.0107, 190.8261, 214.103, 281.6959, 41.797, 236.9792, 204.6114, 77.7408, 198.357, 35.6259, 977.8921, 144.2195, 1129.0033, 728.2362],
      [13.7454, 0, 0, 0.2543, 0.069, 5.8463, 39.8114, 9.6906, 16.9933, 15.7615, 10.4169, 0, 13.5875, 0.849, 1.5864, 2.8279, 1.4874, 1.4585, 6.2128, 0.3104, 0, 3.1564, 3.1829, 0, 9.6109, 7.38, 0, 0.7617, 9.5182, 8.0008, 13.0358, 0, 21.4849, 0.9349, 45.1699, 14.6612, 8.656, 18.9486, 1.6898, 5.7099, 15.8974, 4.2554, 0, 13.3286, 8.9466, 11.191, 66.3218, 18.0474]
    ],
    [
      [7.3655, 4.3238, 0.1026, 0.1361, 1.1434, 0, 0, 0, 7.6547, 2.8408, 2.1593, 0, 0, 0.0851, 0, 5.2335, 10.5432, 1.8541, 0.4423, 0.1531, 2.045, 0.9229, 1.6882, 0, 0, 17.4736, 1.0194, 2.7217, 0, 0, 0, 0, 5.3923, 3.7776, 53.7223, 3.7861, 1.0861, 3.6062, 0.8505, 1.7181, 14.1639, 0, 2.3645, 4.3796, 0, 11.0219, 23.7807, 15.7687],
      [404.8375, 301.4039, 3.787, 7.574, 5.9317, 470.7859, 716.5615, 330.673, 426.037, 158.1071, 558.8046, 310.5336, 399.528, 4.7337, 68.5096, 78.1563, 606.3459, 103.1956, 24.6155, 5.9823, 46.394, 13.1382, 9.877, 277.3974, 189.3498, 439.0504, 46.9806, 153.7876, 377.1714, 287.3703, 537.7534, 165.6811, 270.0618, 142.7138, 575.6126, 183.1832, 274.3836, 200.7108, 47.3374, 95.6216, 225.8121, 103.1956, 131.5981, 36.0983, 1395.3919, 215.0084, 1286.3495, 877.6362],
      [17.0562, 9.2723, 0.1104, 0.2208, 0.3512, 2.2141, 20.8433, 9.4673, 12.4207, 4.6094, 2.0361, 17.4664, 18.8263, 0.138, 1.9597, 0, 26.1109, 3.0086, 0.7176, 1.4609, 1.3801, 0.414, 0.3312, 15.6026, 8.9224, 0, 0, 3.4907, 12.3539, 0, 23.7001, 9.3189, 23.6493, 4.1954, 18.0238, 5.3547, 18.3096, 5.8515, 1.3801, 2.7877, 6.8728, 3.0086, 5.0374, 1.1593, 39.6081, 0, 38.5869, 25.5866],
      [3.7408, 0, 0, 0.0691, 0.5737, 0, 18.5952, 2.8597, 3.8876, 1.4427, 0, 0, 3.6457, 0.0432, 0.5307, 11.6102, 0, 0.9417, 0.2246, 1.4037, 0.1809, 0.5248, 0.1037, 0, 1.7278, 5.4761, 0, 0, 5.4747, 5.6297, 6.5465, 0, 17.8965, 1.3132, 5.6414, 1.676, 5.2206, 1.8315, 0.432, 0.8726, 2.1511, 2.7958, 0, 0.3628, 0, 1.9697, 49.283, 8.0085]
    ],
    [
      [0.0382, 0.0218, 0.1403, 0.0013, 0, 0.0248, 0.0323, 0.0206, 0.0248, 0.0168, 0.0395, 0.0181, 0.0269, 0, 0, 0.0067, 0.0466, 0.0088, 0.0055, 0, 0.0021, 0.0021, 0.0013, 0.0202, 0.016, 0.0134, 0.3194, 0.0122, 0.0223, 0.0193, 0.0269, 0.0105, 0.0407, 0.0214, 0.0449, 0.0151, 0.0223, 0.0214, 0.0063, 0.0097, 0.0143, 0.0097, 0.0118, 0.0063, 0.0794, 0.013, 0.1159, 0.0344],
      [0, 0, 0, 0, 0, 0, 0, 0, 0, 0, 0, 0, 0, 0, 0.0076, 0, 0, 0, 0, 0, 0, 0, 0, 0, 0, 0, 0, 0, 0, 0, 0, 0, 0, 0, 0, 0, 0, 0, 0, 0, 0, 0, 0, 0, 0, 0, 0, 0],
      [42.3077, 24.1758, 1.8597, 1.3948, 0, 27.4303, 35.7988, 22.7811, 27.4303, 18.5968, 43.7025, 19.9916, 29.7549, 0, 8.3686, 7.4387, 51.6061, 9.7633, 6.044, 0, 2.3246, 2.3246, 1.3948, 22.3162, 17.667, 14.8774, 2.7895, 13.4827, 24.6408, 21.3863, 29.7549, 11.623, 45.0972, 23.7109, 49.7464, 16.7371, 24.6408, 23.7109, 6.9738, 10.6932, 15.8073, 10.6932, 13.0178, 6.9738, 87.8699, 14.4125, 128.3179, 38.1234],
      [48.6541, 27.8023, 2, 1.604, 0, 31.5449, 41.1688, 26.1983, 31.5449, 21.3864, 50.258, 22.9904, 34.2182, 0, 9.6239, 8.5546, 59.3473, 11.2279, 6.9506, 0, 2.6733, 2.6733, 1.604, 25.6637, 20.3171, 17.1091, 2.8911, 15.5051, 28.337, 24.5944, 34.2182, 13.3665, 51.862, 27.2677, 57.2086, 19.2478, 28.337, 27.2677, 8.0199, 12.2972, 18.1784, 12.2972, 14.9705, 8.0199, 101.0507, 16.5745, 147.5662, 43.8421]
    ]
  ],
  "V_est": [
    [0, 1145.7386, 414.5077, 58.7537],
    [4416.5711, 51.7651, 3306.9383, 578.7255],
    [1337.6969, 353.7189, 11841.7856, 450.7987],
    [215.3268, 13590.7699, 423.2159, 174.6875],
    [1.4052, 0.0076, 1059.5526, 1218.0346]
  ],
  "p_est": [
    [0, 0.7077, 0.256, 0.0363],
    [0.5287, 0.0062, 0.3959, 0.0693],
    [0.0957, 0.0253, 0.8468, 0.0322],
    [0.0149, 0.9435, 0.0294, 0.0121],
    [0.0006, 3.3177e-06, 0.4649, 0.5345]
  ],
  "EI_Z": {},
  "EI_V": 13.4443,
  "MAE_Z": {},
  "MAE_V": 546.3746,
  "MAE_p": 0.0978,
  "runtime": 1.0805
}
