{
  "Z_true": {},
  "V_true": [
    [43, 1022, 123, 225, 2234, 115],
    [830, 31, 48, 465, 168, 61],
    [451, 232, 389, 8329, 728, 487],
    [104, 371, 254, 139, 6681, 248],
    [140, 239, 294, 637, 1244, 573],
    [25, 43, 1676, 384, 810, 85],
    [95, 55, 88, 421, 269, 574]
  ],
  "p_true": [
    [0.0114, 0.2717, 0.0327, 0.0598, 0.5938, 0.0306],
    [0.5178, 0.0193, 0.0299, 0.2901, 0.1048, 0.0381],
    [0.0425, 0.0219, 0.0366, 0.7846, 0.0686, 0.0459],
    [0.0133, 0.0476, 0.0326, 0.0178, 0.8569, 0.0318],
    [0.0448, 0.0764, 0.094, 0.2037, 0.3978, 0.1832],
    [0.0083, 0.0142, 0.5544, 0.127, 0.2679, 0.0281],
    [0.0632, 0.0366, 0.0586, 0.2803, 0.1791, 0.3822]
  ],
  "Z_est": [
    [
      [0.4752, 0.0006, 0.057, 0.018, 1.2546, 1.4016, 2.2919, 1.6275, 0.8108, 0.2222, 0.3634, 0.9069, 0.6472, 0.441, 1.1577, 1.7837, 0.9813, 1.1521, 0.3148, 0.3989, 1.3866, 0.0328, 0.088, 0.0154, 0.9429, 0.0014, 1.0082, 0.754, 0.1202, 0.6446, 0.1656, 0.0285, 1.3653, 1.7988, 1.8907, 0.1566, 0, 0.0735, 1.262, 0.1833, 4.4687, 0.1446],
      [11.118, 0.4953, 3.5793, 1.8378, 44.5989, 29.0486, 41.8109, 25.2277, 18.983, 0, 5.9613, 18.2263, 31.4973, 14.5075, 25.0866, 37.4935, 28.9524, 15.4396, 4.5675, 9.3586, 35.746, 3.2038, 0, 0.8673, 32.6251, 0.0557, 33.2442, 21.2992, 15.5506, 11.7013, 1.2017, 3.9734, 45.7764, 39.9202, 42.578, 18.3668, 0, 1.3909, 29.0911, 2.4374, 64.4519, 2.706],
      [2.103, 0.1651, 0.8611, 0.9052, 13.2501, 10.965, 9.158, 10.4116, 5.3689, 0.3904, 1.5149, 3.369, 6.9854, 3.5684, 5.5631, 9.2774, 6.6967, 6.5892, 1.4707, 1.6152, 8.1055, 1.5078, 0.6653, 0, 7.3779, 0.0146, 8.3807, 6.5085, 2.2956, 2.1437, 0.1484, 1.3541, 14.3836, 9.349, 12.733, 3.5524, 0, 0.4545, 8.5114, 0.9177, 16.5794, 0.6513],
      [0.8819, 0.026, 0.6833, 0.1533, 4.7672, 3.7272, 4.3884, 4.0375, 1.6117, 0.1593, 0.6376, 2.5027, 3.7775, 1.9976, 3.2772, 5.7747, 3.1736, 2.9192, 0.7895, 1.3364, 3.9753, 0.6271, 0.3578, 0.025, 4.206, 0.0037, 4.1602, 2.7021, 1.1967, 1.6625, 0.0299, 0.3947, 5.3011, 5.6732, 7.0041, 2.4605, 0, 0.0975, 4.0766, 0.2131, 7.3746, 0.5724],
      [30.4028, 3.3083, 14.8016, 10.0809, 144.0361, 106.7517, 147.2585, 115.6091, 43.172, 4.2164, 10.5077, 41.9322, 107.0284, 33.4459, 70.8721, 98.5592, 93.1393, 68.8246, 21.8419, 32.2784, 131.7278, 16.6096, 5.8873, 2.0924, 120.7449, 0.9229, 107.1333, 93.7107, 52.8287, 32.8028, 2.4265, 3.2473, 178.0331, 120.1325, 162.6441, 65.3863, 0, 2.9837, 131.0049, 10.248, 187.9314, 21.9058],
      [0.0191, 0.0046, 0.0176, 0.0048, 0.0932, 0.1059, 0.0924, 0.0867, 0.0537, 0.0117, 0.0151, 0.063, 0.0643, 0.0396, 0.0432, 0.1115, 0.0567, 0.0753, 0.0156, 0.0126, 0.0588, 0.019, 0.0015, 0, 0.1032, 0.0017, 0.0734, 0.0254, 0.0082, 0.0452, 0.028, 0.002, 0.1405, 0.1263, 0.15, 0.0775, 0, 0, 0.0541, 0.0005, 0.194, 0.0199]
    ],
    [
      [17.2377, 0.9647, 6.4261, 0.5371, 50.1265, 37.5876, 42.2595, 42.953, 26.7544, 1.7588, 11.0538, 21.0345, 22.5692, 30.3379, 47.3993, 55.9983, 33.7725, 33.7751, 17.8582, 8.5696, 43.3084, 5.3985, 2.7676, 1.5296, 41.3169, 2.3535, 38.4575, 23.9617, 8.7999, 17.5136, 2.8, 2.3647, 52.0193, 53.995, 103.204, 8.4889, 0, 2.5614, 41.8437, 16.787, 172.3793, 9.0772],
      [0.242, 0.0447, 0.1901, 0.0171, 1.1312, 0.5019, 0.4731, 0.4132, 0.384, 0, 0.0994, 0.2661, 0.6515, 0.6201, 0.6516, 0.7584, 0.6274, 0.2791, 0.1545, 0.1188, 0.718, 0.1261, 0, 0.0337, 0.8971, 0.0355, 0.8033, 0.3641, 0.3646, 0.1972, 0.0176, 0.1006, 1.0957, 0.7697, 1.4847, 0.3295, 0, 0.0122, 0.6126, 0.1212, 1.5791, 0.0873],
      [0.5101, 0.1455, 0.5081, 0.0947, 3.6855, 2.0713, 1.1464, 1.8908, 1.2221, 0.0369, 0.2899, 0.5415, 1.5842, 1.6857, 1.5784, 2.0596, 1.6044, 1.344, 0.5551, 0.2249, 1.7794, 0.654, 0.2459, 0, 2.2198, 0.0978, 2.2134, 1.2176, 0.5871, 0.3931, 0.0209, 0.4149, 3.7703, 1.9737, 4.8931, 0.7057, 0, 0.0403, 1.9716, 0.5098, 4.4506, 0.2459],
      [2.53, 0.2594, 3.3933, 0.1626, 13.0336, 6.755, 5.6927, 6.8622, 3.6324, 0.1242, 1.1749, 4.7441, 8.3684, 10.1963, 8.3132, 12.7645, 7.7672, 5.729, 2.8194, 1.1617, 8.4488, 2.449, 1.5034, 0.1941, 12.2868, 0.3482, 10.8067, 4.9478, 2.5452, 2.673, 0.101, 0.9175, 13.7668, 12.0897, 26.1123, 4.8403, 0, 0.2843, 9.5214, 2.471, 19.4284, 1.8786],
      [1.4221, 0.5615, 1.4277, 0.1852, 7.7743, 3.9265, 3.3165, 3.716, 1.9103, 0.0761, 0.3593, 1.3155, 4.6799, 2.9841, 3.9381, 4.2015, 4.0844, 2.7524, 1.5631, 0.9052, 5.5929, 1.2851, 0.4762, 0.2404, 7.0255, 1.1354, 5.5254, 3.4567, 2.6814, 1.1665, 0.0596, 0.1974, 9.0376, 4.9282, 11.7867, 2.5347, 0, 0.0973, 5.8881, 1.0866, 9.6874, 1.6458],
      [0.0582, 0.0243, 0.0546, 0.0033, 0.2488, 0.1577, 0.1117, 0.1649, 0.0969, 0.004, 0.0227, 0.0982, 0.1468, 0.1759, 0.1194, 0.2177, 0.1441, 0.1204, 0.0497, 0.0197, 0.1526, 0.0874, 0.0069, 0.0023, 0.2539, 0.0296, 0.1938, 0.0522, 0.0219, 0.0567, 0.001, 0.0049, 0.3103, 0.2436, 0.5193, 0.1009, 0, 0.0045, 0.1627, 0.0245, 0.4753, 0.0653]
    ],
    [
      [2.6775, 0.0089, 0.2129, 0.0728, 6.0938, 5.5518, 8.2406, 11.2529, 3.2946, 0.3253, 2.5186, 3.2714, 3.69, 3.089, 7.6913, 8.6841, 8.6526, 4.3634, 1.8618, 1.7054, 5.6448, 0.139, 0.0229, 0.1137, 3.5973, 0.2001, 4.3491, 2.829, 1.0828, 3.5506, 0.6816, 0.1995, 6.7204, 5.6389, 9.0906, 0.6003, 0, 1.3325, 5.5763, 1.8093, 20.5134, 1.2271],
      [7.998, 0.6281, 1.8886, 1.1245, 28.5133, 15.1343, 19.6712, 21.9687, 9.8324, 0, 5.304, 8.1534, 25.0669, 13.1278, 21.642, 23.5554, 33.4138, 7.4228, 3.4971, 5.2184, 19.1252, 1.6445, 0, 1.3992, 16.4461, 0.4513, 18.9436, 8.8675, 8.3157, 8.578, 1.1616, 1.4735, 29.7561, 16.366, 26.6591, 11.1825, 0, 2.6781, 16.5537, 2.87, 39.4311, 2.2645],
      [3.1603, 0.4422, 0.945, 1.101, 17.0918, 11.342, 8.7571, 19.0079, 5.6659, 0.4722, 2.9104, 3.0597, 11.3706, 6.8681, 9.9363, 12.1712, 15.838, 6.6337, 2.3755, 1.8285, 8.8254, 1.6149, 0.2814, 0, 7.5122, 0.2584, 9.7672, 5.5885, 2.4994, 3.1262, 0.3331, 0.8618, 19.0524, 7.8214, 16.4895, 4.1912, 0, 2.2806, 10.058, 2.3259, 20.8975, 1.0616],
      [99.4892, 4.8831, 40.831, 12.5305, 388.5989, 240.7972, 281.0624, 456.7896, 110.0806, 10.7116, 76.8204, 172.2531, 379.3145, 258.3228, 323.6598, 470.0786, 504.324, 180.6648, 76.0628, 60.3992, 266.4203, 37.965, 12.5253, 13.7997, 266.0598, 6.5413, 300.7842, 142.9756, 68.5686, 137.2388, 10.2638, 17.9942, 441.8102, 304.0497, 560.4404, 188.2113, 1, 98.1316, 305.7341, 69.4871, 574.4729, 61.7129],
      [11.4733, 2.0152, 4.0999, 2.9342, 47.4607, 29.1806, 35.4812, 53.4721, 11.825, 1.3172, 4.5585, 9.2082, 43.4482, 14.6931, 31.3019, 30.7092, 54.9838, 17.4264, 8.5789, 9.6952, 35.5216, 4.4755, 0.8051, 1.8411, 31.0357, 3.282, 31.0865, 19.6193, 14.03, 12.3999, 1.0675, 0.8777, 59.1128, 24.6478, 53.0575, 19.8859, 0, 8.3665, 38.4165, 6.1653, 59.1051, 11.3992],
      [11.2018, 2.0225, 3.0226, 1.2368, 37.2416, 27.9941, 27.7875, 60.5087, 14.3014, 1.1736, 6.8881, 17.0542, 33.1098, 21.8991, 24.7687, 39.8014, 48.7878, 18.4889, 6.624, 5.1533, 24.4626, 8.1612, 0.3652, 0.8463, 27.349, 1.2669, 27.0693, 9.1201, 3.5035, 14.1065, 0.4924, 0.5933, 49.5481, 30.4761, 56.2628, 18.9288, 0, 18.2107, 26.6613, 4.3423, 68.5801, 11.3347]
    ],
    [
      [0.5548, 0.0007, 0.0192, 0.0093, 0.8531, 1.0504, 1.2411, 1.3038, 0.5777, 0.0679, 0.3276, 0.4417, 0.3012, 0.3896, 0.7296, 1.2132, 0.8576, 0.8037, 0.2055, 0.2973, 1.2263, 0.0162, 0.0064, 0.017, 0.6793, 0.072, 0.7679, 0.7708, 0.0752, 0.3758, 0.0273, 0.0505, 0.7849, 1.2315, 1.3165, 0.0901, 0, 0.3436, 0.7787, 0.2317, 3.0217, 0.183],
      [10.189, 0.3882, 1.686, 1.1951, 26.3448, 17.1255, 20.0121, 15.8377, 10.3867, 0, 4.4839, 6.8441, 18.7673, 10.304, 12.8493, 20.3157, 20.3485, 8.5347, 2.479, 5.0551, 24.8253, 1.3111, 0, 1.2859, 21.3177, 0.0894, 21.7957, 11.3884, 8.0445, 5.6876, 0.365, 2.4219, 24.0383, 21.7417, 24.0962, 10.0138, 0, 4.2089, 14.1662, 2.2347, 39.5673, 1.7343],
      [5.3, 0.3998, 1.1005, 1.582, 21.0344, 17.1919, 11.822, 17.8928, 7.9897, 0.6105, 3.1386, 3.4481, 11.2453, 6.9136, 7.7174, 13.6359, 12.7692, 10.0149, 2.1812, 2.331, 15.1459, 1.6889, 0.7618, 0, 12.9128, 0.0742, 14.8419, 9.5124, 3.3241, 2.8013, 0.1211, 2.3202, 20.3748, 13.7745, 19.547, 5.2753, 0, 4.2859, 11.2992, 2.3411, 27.5593, 1.139],
      [3.5046, 0.0597, 1.0439, 0.3329, 10.3686, 8.0392, 8.3274, 9.751, 3.2954, 0.253, 1.792, 4.2345, 8.2444, 5.884, 5.5792, 11.4764, 10.1147, 5.9987, 1.4185, 1.7217, 9.8615, 1.032, 0.6337, 0.3385, 9.8178, 0.2986, 9.8285, 5.6077, 2.6883, 2.6752, 0.0284, 0.8077, 10.1845, 11.6162, 14.508, 5.0013, 0, 6.0526, 7.4164, 1.6727, 16.5872, 1.6544],
      [121.3388, 10.9739, 29.7384, 27.6851, 363.3436, 267.8808, 301.4191, 314.0152, 102.5395, 10.8789, 34.4233, 67.9512, 271.8041, 101.9901, 155.0117, 228.3248, 280.495, 165.5378, 51.037, 74.8906, 388.388, 29.1637, 13.5282, 15.2614, 335.0065, 7.3011, 299.205, 214.6245, 119.6308, 68.0759, 3.4389, 9.3016, 398.6903, 279.6577, 394.0741, 154.9618, 0, 77.6609, 274.0658, 41.0562, 492.101, 67.1881],
      [2.1127, 0.1777, 0.4119, 0.1957, 5.0555, 4.7122, 4.1783, 6.1995, 2.211, 0.1896, 0.8347, 2.0804, 3.6377, 2.5188, 2.1128, 5.0341, 4.415, 3.1102, 0.6787, 0.7043, 4.553, 0.7881, 0.0699, 0.0972, 5.2659, 0.1647, 4.561, 1.0962, 0.237, 1.3841, 0.0193, 0.0982, 5.9272, 5.9784, 7.4582, 2.6576, 0, 3.448, 3.2738, 0.4635, 10.1635, 1.1012]
    ],
    [
      [0.3532, 0.0001, 0.0123, 0.0107, 0.649, 0.8559, 0.9657, 1.1798, 0.2851, 0.0393, 0.2315, 0.2976, 0.2935, 0.2598, 0.7338, 0.8494, 0.9618, 0.5415, 0.1783, 0.257, 0.5839, 0.0109, 0.0032, 0.0476, 0.4609, 0.0286, 0.4255, 0.2962, 0.0997, 0.2008, 0.0617, 0.0189, 0.5924, 0.7341, 1.1705, 0.0869, 0, 0.1872, 0.6575, 0.2199, 1.6757, 0.0369],
      [1.0018, 0.0133, 0.1075, 0.1226, 2.8739, 2.222, 2.1898, 2.1957, 0.8228, 0, 0.4605, 0.7198, 1.7843, 1.0552, 1.9595, 2.2016, 3.5268, 0.8728, 0.3152, 0.7469, 1.8777, 0.1048, 0, 0.188, 2.003, 0.0394, 1.7528, 0.8814, 0.8479, 0.4738, 0.0914, 0.1665, 2.4791, 2.0202, 3.2983, 1.0276, 0, 0.3479, 1.8556, 0.3414, 3.1238, 0.0916],
      [4.678, 0.125, 0.641, 1.4652, 20.7427, 20.5123, 11.6253, 22.5882, 5.8461, 0.6441, 2.9083, 3.2731, 9.6436, 6.3488, 10.5599, 13.2427, 19.9339, 9.3252, 2.4895, 3.1412, 10.3336, 1.2209, 0.3257, 0, 10.9482, 0.2284, 10.7229, 6.553, 3.0472, 2.1696, 0.2774, 1.5979, 18.9178, 11.4903, 24.148, 4.8194, 0, 3.3617, 13.2847, 3.1903, 19.6204, 0.5987],
      [19.2865, 0.161, 3.6439, 2.0794, 60.7958, 54.8885, 48.5435, 70.7302, 14.2783, 1.7934, 10.2326, 23.4222, 41.9465, 32.1315, 45.4909, 68.1644, 82.2571, 32.9374, 10.5908, 13.3401, 40.6586, 3.8115, 1.6938, 2.1588, 50.2862, 0.8205, 43.2946, 22.0685, 10.9354, 11.7254, 1.279, 2.8402, 57.1731, 58.3329, 107.4857, 27.2913, 0, 20.5267, 53.1608, 12.71, 70.8597, 3.3113],
      [12.6732, 0.211, 1.9117, 3.0487, 42.2233, 35.9691, 35.0691, 46.794, 8.5835, 1.3127, 3.7338, 7.5585, 27.2398, 11.0313, 25.1193, 26.2665, 51.1962, 18.2418, 6.8995, 11.5662, 31.1464, 2.3984, 0.6208, 1.7568, 33.4909, 3.0165, 25.4419, 17.4896, 13.2073, 5.8645, 0.843, 0.6874, 43.5451, 27.5611, 57.244, 16.4858, 0, 7.2816, 38.2097, 6.5077, 40.8478, 2.7465],
      [13.0073, 0.4896, 1.6835, 1.2734, 34.7154, 38.5521, 28.6066, 56.5121, 11.1843, 1.2104, 5.4333, 13.7289, 22.0923, 16.1734, 21.1367, 34.2755, 48.1242, 20.0814, 5.5268, 6.9486, 22.3997, 5.4537, 0.3565, 0.8487, 30.8108, 0.8666, 23.3622, 8.7112, 3.8626, 7.5658, 0.4475, 0.6891, 38.2925, 34.8613, 64.6535, 16.289, 0, 25.2948, 27.8316, 5.0308, 50.8725, 4.215]
    ],
    [
      [1.5025, 0.0023, 0.1334, 0.0435, 2.5564, 1.98, 4.4888, 3.7463, 1.7821, 0.3302, 0.8502, 1.6064, 1.5463, 1.1978, 2.05, 4.0657, 2.3886, 3.5963, 1.0212, 0.9926, 2.8344, 0.1407, 0.0352, 0.1492, 2.1757, 0.0068, 2.7055, 1.8175, 0.4893, 2.2252, 0.2638, 0.037, 3.4519, 3.5108, 4.4576, 0.6827, 0, 0.6044, 2.8036, 0.6162, 10.1024, 0.2609],
      [1.5348, 0.056, 0.3426, 0.1563, 3.9991, 1.8261, 3.5702, 2.5407, 1.8236, 0, 0.6015, 1.427, 3.1699, 1.7316, 1.9493, 3.8039, 3.1253, 2.0757, 0.6541, 1.0445, 3.2649, 0.3081, 0, 0.0682, 3.3121, 0.0102, 3.9419, 1.9479, 1.4873, 1.7821, 0.1627, 0.1245, 5.064, 3.4683, 4.4556, 2.0165, 0, 0.4811, 2.85, 0.3294, 6.4008, 0.1955],
      [23.8633, 1.6134, 6.902, 6.5623, 95.9606, 56.2619, 63.0479, 85.1345, 43.0677, 7.8122, 12.9387, 21.6627, 56.5287, 34.6622, 35.0637, 75.8253, 58.2143, 74.0102, 17.4772, 14.8009, 59.5152, 12.1694, 3.6882, 0, 60.2523, 0.2422, 79.8885, 47.9045, 17.8772, 26.8636, 2.0991, 5.1501, 127.9238, 65.4325, 107.1999, 31.8252, 0, 14.2323, 67.3768, 10.4424, 131.8071, 4.0714],
      [3.9377, 0.0809, 1.5969, 0.3418, 11.1833, 5.7195, 10.5641, 10.7783, 4.1963, 0.6571, 1.763, 6.2929, 9.966, 7.0561, 5.7035, 15.6282, 9.784, 9.9987, 2.8413, 2.4791, 9.3829, 1.5516, 0.6914, 0.1287, 11.0997, 0.0324, 12.862, 6.4946, 2.593, 5.5201, 0.298, 0.2611, 15.4348, 13.3308, 19.3345, 7.1142, 0, 3.821, 10.8099, 1.6806, 19.3191, 0.9132],
      [14.6672, 1.2058, 4.8961, 2.8566, 44.1029, 22.4477, 43.1664, 40.2333, 14.5162, 3.0716, 3.6691, 11.3281, 36.8252, 13.6888, 18.7286, 34.2009, 34.4384, 32.1319, 10.7251, 12.4494, 41.0489, 5.5189, 1.5665, 0.644, 41.8883, 0.7009, 43.3099, 29.4339, 17.4314, 16.9372, 1.1646, 0.4201, 67.1782, 35.7702, 58.3973, 24.5539, 0, 7.0857, 44.119, 4.8195, 63.8038, 5.3654],
      [0.4946, 0.0416, 0.129, 0.0396, 1.1978, 0.7649, 1.1626, 1.5668, 0.6141, 0.1289, 0.1775, 0.6829, 0.9639, 0.6634, 0.5049, 1.476, 1.0494, 1.1872, 0.2811, 0.2336, 0.9537, 0.3112, 0.0187, 0.0099, 1.2719, 0.0076, 1.2922, 0.4016, 0.1218, 0.6717, 0.0119, 0.0072, 1.9472, 1.4873, 2.1552, 0.8075, 0, 0.7755, 1.0406, 0.1119, 2.5668, 0.1935]
    ],
    [
      [3.1991, 0.0228, 0.1391, 0.3086, 11.4666, 7.5726, 13.5124, 11.9366, 4.4954, 0.2562, 2.655, 6.4414, 5.9527, 4.2848, 12.2384, 12.4056, 10.3855, 6.7679, 3.5602, 0.7792, 8.0156, 0.2619, 0.0766, 0.1276, 3.8269, 0.3375, 5.2864, 3.5709, 1.3329, 5.4893, 0, 0.301, 9.0659, 8.0909, 10.8701, 1.8944, 0, 1.8974, 8.0784, 2.1525, 30.8388, 2.0704],
      [1.9164, 0.3743, 0.2058, 0.5466, 10.5389, 4.1415, 6.2727, 4.8164, 2.7676, 0, 1.0894, 3.3633, 7.0628, 3.6538, 6.8617, 6.8715, 8.0058, 2.3752, 1.3326, 0.4578, 5.4428, 0.3016, 0, 0.1576, 3.399, 0.3186, 4.5185, 2.2514, 2.3894, 2.58, 0, 0.7397, 7.7905, 4.7138, 6.4282, 3.0632, 0, 0.881, 4.8709, 0.6659, 11.446, 0.9208],
      [0.3853, 0.109, 0.0422, 0.2897, 3.235, 1.6556, 1.4432, 2.0742, 0.8397, 0.0337, 0.2993, 0.646, 1.6421, 0.9532, 1.5812, 1.7879, 1.9436, 1.0828, 0.4508, 0.0583, 1.295, 0.1442, 0.0317, 0, 0.7769, 0.0843, 1.1854, 0.7155, 0.3694, 0.5024, 0, 0.301, 2.5772, 1.1586, 1.9894, 0.6307, 0, 0.3447, 1.4983, 0.2729, 3.0857, 0.2322],
      [5.3703, 0.53, 0.8076, 1.3995, 32.2526, 15.0733, 20.4215, 22.0514, 6.9053, 0.3013, 3.5794, 15.5505, 24.3826, 16.4117, 22.9763, 31.1132, 27.5794, 12.7522, 6.4778, 0.5618, 17.2526, 1.5638, 0.5946, 0.3552, 12.2437, 0.9553, 16.2638, 8.2036, 4.4728, 9.5051, 0, 1.7846, 26.3294, 19.9073, 30.1149, 12.0812, 0, 7.0863, 20.2808, 3.7656, 37.958, 4.9572],
      [2.0227, 0.7242, 0.1246, 1.2092, 12.0591, 5.8437, 8.2892, 8.1602, 2.4535, 0.1269, 0.7484, 2.7063, 8.9745, 3.1667, 7.0281, 6.738, 9.6628, 4.0852, 2.3545, 0.215, 7.5745, 0.5489, 0.116, 0.1639, 3.8082, 1.6413, 5.2979, 3.6653, 3.1904, 2.7532, 0, 0.2684, 11.4029, 5.3025, 8.7963, 4.1916, 0, 1.5242, 8.2959, 1.1166, 12.5236, 2.7492],
      [5.1063, 2.2397, 0.6807, 1.2464, 26.4478, 14.7133, 17.0609, 24.9612, 7.5387, 0.2819, 2.6286, 13.2925, 17.9853, 11.5298, 15.3143, 22.0838, 22.4229, 10.9366, 4.8242, 0.9279, 13.4196, 3.1796, 0.1812, 0.1957, 10.9453, 1.6629, 12.4481, 4.5934, 2.2451, 8.1699, 0, 0.6054, 24.8342, 16.8269, 25.8011, 10.1388, 0, 12.2664, 14.9758, 2.0265, 38.1479, 8.0703]
    ]
  ],
  "V_est": [
    [32.8379, 773.9767, 205.8628, 98.7357, 2648.471, 2.1159],
    [1159.9014, 17.3738, 51.1836, 243.0982, 126.6346, 4.8084],
    [158.1782, 487.3281, 265.8242, 8033.861, 860.0614, 810.7471],
    [23.3116, 453.4809, 327.4194, 219.7508, 6663.6602, 109.377],
    [16.5543, 48.2038, 316.5904, 1239.1384, 753.0424, 753.4708],
    [75.2515, 77.1036, 1667.3714, 263.2423, 910.5069, 29.5243],
    [221.9652, 135.5331, 37.7481, 502.1735, 171.6236, 432.9565]
  ],
  "p_est": [
    [0.0087, 0.2057, 0.0547, 0.0262, 0.704, 0.0006],
    [0.7236, 0.0108, 0.0319, 0.1517, 0.079, 0.003],
    [0.0149, 0.0459, 0.025, 0.7568, 0.081, 0.0764],
    [0.003, 0.0582, 0.042, 0.0282, 0.8546, 0.014],
    [0.0053, 0.0154, 0.1012, 0.3963, 0.2408, 0.241],
    [0.0249, 0.0255, 0.5516, 0.0871, 0.3012, 0.0098],
    [0.1478, 0.0902, 0.0251, 0.3343, 0.1143, 0.2883]
  ],
  "EI_Z": {},
  "EI_V": 9.7262,
  "MAE_Z": {},
  "MAE_V": 145.5686,
  "MAE_p": 0.0452,
  "runtime": 3.963
}
