{
  "X": [
    [1, 30, 11, 2, 2],
    [3, 62, 51, 4, 5],
    [10, 163, 385, 20, 32],
    [5, 6, 113, 10, 3],
    [18, 27, 189, 13, 10],
    [81, 1099, 1070, 98, 114],
    [17, 230, 264, 22, 38],
    [9, 53, 468, 32, 23],
    [38, 181, 534, 38, 31],
    [3, 40, 59, 4, 10],
    [9, 37, 62, 4, 8],
    [26, 86, 505, 29, 31],
    [3, 21, 29, 4, 1],
    [45, 117, 829, 58, 18],
    [17, 48, 159, 7, 20],
    [67, 757, 535, 45, 100],
    [34, 100, 308, 22, 20],
    [32, 148, 231, 50, 21],
    [15, 68, 224, 6, 19],
    [65, 391, 689, 75, 68],
    [25, 85, 217, 14, 19],
    [30, 108, 331, 25, 23],
    [30, 81, 698, 25, 28],
    [42, 96, 573, 28, 47],
    [7, 52, 198, 3, 16],
    [43, 191, 427, 39, 34],
    [39, 95, 386, 25, 28],
    [19, 70, 374, 25, 17],
    [1, 17, 22, 1, 5],
    [1, 12, 36, 4, 5],
    [30, 149, 409, 46, 38],
    [2, 1, 12, 1, 1],
    [94, 401, 616, 36, 58],
    [2, 36, 115, 8, 5],
    [8, 16, 67, 4, 7],
    [162, 670, 1842, 139, 155],
    [0, 7, 2, 1, 4],
    [16, 83, 324, 25, 15],
    [68, 469, 1518, 114, 126],
    [5, 48, 79, 2, 7]
  ],
  "W": [
    [3, 7, 34, 0, 2],
    [7, 42, 63, 4, 9],
    [19, 355, 174, 24, 38],
    [2, 112, 13, 5, 5],
    [8, 181, 26, 25, 17],
    [103, 906, 1160, 150, 143],
    [22, 226, 233, 48, 42],
    [13, 465, 53, 28, 26],
    [37, 498, 193, 56, 38],
    [5, 50, 49, 6, 6],
    [7, 54, 36, 11, 12],
    [17, 478, 93, 38, 51],
    [2, 29, 23, 2, 2],
    [27, 817, 115, 64, 44],
    [12, 144, 56, 23, 16],
    [106, 414, 747, 120, 117],
    [8, 281, 108, 50, 37],
    [23, 234, 147, 42, 36],
    [4, 213, 67, 24, 24],
    [68, 620, 388, 110, 102],
    [24, 187, 80, 37, 32],
    [18, 296, 120, 54, 29],
    [28, 658, 78, 58, 40],
    [17, 562, 107, 60, 40],
    [10, 174, 48, 19, 25],
    [33, 409, 190, 67, 35],
    [28, 358, 96, 57, 34],
    [15, 353, 78, 31, 28],
    [4, 17, 21, 1, 3],
    [6, 33, 13, 4, 2],
    [25, 397, 154, 56, 40],
    [3, 8, 1, 3, 2],
    [60, 516, 393, 139, 97],
    [1, 118, 32, 7, 8],
    [5, 67, 18, 8, 4],
    [92, 1714, 652, 262, 248],
    [0, 3, 5, 3, 3],
    [18, 302, 93, 24, 26],
    [82, 1482, 502, 87, 142],
    [15, 69, 45, 4, 8]
  ],
  "method": "mult",
  "cond_prob": [
    [
      [0.2015285032, 0.24252411379, 0.37501417109, 0.070622451102, 0.11031076082],
      [0.0066133008784, 0, 0.9227393766, 0.061111364296, 0.0095359582244],
      [0.0035931180853, 0.85523472061, 0.071464124952, 0.036153732328, 0.033554304028],
      [1, 0, 0, 0, 0],
      [0.11347768468, 0.09722357901, 0.49300080107, 0.065563098733, 0.23073483651]
    ],
    [
      [0.074991649918, 0.33231266055, 0.42399406764, 0.052635772137, 0.11606584976],
      [0, 0.011176605754, 0.93781998018, 0.042851857713, 0.0081515563486],
      [0, 0.91621249241, 0.038931365683, 0.019759941439, 0.025096200465],
      [0.53440181523, 0.054593414949, 0.32292173237, 0.038333036593, 0.049750000856],
      [0.037494576627, 0.14051480585, 0.54435993236, 0.048173679342, 0.22945700581]
    ],
    [
      [0.045012420422, 0.30239096111, 0.42316271309, 0.045486250616, 0.18394765477],
      [0, 0, 0.94703585714, 0.037792924324, 0.015171218531],
      [0, 0.87097210363, 0.0636731722, 0.01855482443, 0.046799899744],
      [0.36979640139, 0.063786513283, 0.41970731699, 0.043185744304, 0.10352402403],
      [0.0070960625942, 0.10985656288, 0.51605451564, 0.038270415499, 0.32872244339]
    ],
    [
      [0.1282602803, 0.16184552978, 0.47543287568, 0.10290176174, 0.1315595525],
      [0, 0, 0.92040782819, 0.073570928986, 0.0060212428256],
      [0.094013737919, 0.40893280555, 0.37854337952, 0.066484278974, 0.052025798039],
      [0.63433847061, 0.016402350153, 0.25700453278, 0.052920193188, 0.039334453279],
      [0.069921698684, 0.055634143515, 0.55147417879, 0.085071167487, 0.23789881153]
    ],
    [
      [0.094896410258, 0.29139587148, 0.41054536051, 0.063844896623, 0.13931746113],
      [0.0045251815848, 0, 0.93043675452, 0.053805846878, 0.01123221702],
      [0.054054380907, 0.83450008162, 0.048730316086, 0.026556881572, 0.036158339813],
      [0.56237136908, 0.043256414897, 0.29425787857, 0.043797063281, 0.056317274169],
      [0.056298395318, 0.11120120786, 0.5107734921, 0.056763355246, 0.26496354947]
    ],
    [
      [0.065866798826, 0.31378555288, 0.4156618584, 0.062590006274, 0.14209578362],
      [0, 0.0049667681692, 0.9314900065, 0.05200689395, 0.011536331378],
      [0, 0.89273951563, 0.047842814866, 0.024752110636, 0.034665558869],
      [0.45791127978, 0.061572301692, 0.35901074738, 0.051761914046, 0.069743757105],
      [0.038664529749, 0.12144414482, 0.51683640099, 0.055652083843, 0.26740284059]
    ],
    [
      [0.043788711936, 0.3160189091, 0.39624635018, 0.056769771884, 0.1871762569],
      [0, 0.013382298403, 0.92111913676, 0.048799337646, 0.016699227191],
      [0, 0.89719249937, 0.034948505895, 0.021719363268, 0.046139631463],
      [0.31330624048, 0.12439179738, 0.3998403589, 0.054925910927, 0.10753569231],
      [0.023760685577, 0.11920299838, 0.47081705447, 0.048222841539, 0.33799642004]
    ],
    [
      [0.037609725315, 0.29535585405, 0.41640691424, 0.068301772001, 0.18232573439],
      [0, 0, 0.92926529484, 0.056405573455, 0.014329131709],
      [0, 0.8404262165, 0.084796987861, 0.027978056193, 0.046798739447],
      [0.2847149754, 0.065442005992, 0.47383768879, 0.068215595744, 0.10778973407],
      [0.020732856146, 0.10713108674, 0.48910201436, 0.057331217236, 0.32570282552]
    ],
    [
      [0.083938441025, 0.29416755803, 0.41998565156, 0.062614840181, 0.1392935092],
      [0, 0, 0.93695060916, 0.052043554117, 0.011005836722],
      [0.019101452543, 0.84569079853, 0.072557656261, 0.026320038086, 0.036330054582],
      [0.52375494813, 0.046829492417, 0.32279952116, 0.046005609148, 0.060610429151],
      [0.049405795951, 0.11250064899, 0.52049280755, 0.055512618417, 0.26208812909]
    ],
    [
      [0.05364490697, 0.23987417313, 0.39685961048, 0.047784071178, 0.26183723824],
      [0, 0, 0.93075468972, 0.04261264349, 0.026632666791],
      [0, 0.77734802372, 0.11783971413, 0.0238182991, 0.080993963043],
      [0.42842910009, 0.041978318007, 0.35805275373, 0.040646830966, 0.13089299721],
      [0.026866810766, 0.076451010637, 0.42591749113, 0.036578304651, 0.43418638282]
    ],
    [
      [0.09967178085, 0.30871652584, 0.38105769448, 0.045484378532, 0.1650696203],
      [0.015141986757, 0.0082890664088, 0.91943871337, 0.040995528084, 0.016134705375],
      [0.0069533214929, 0.90125897122, 0.031942503793, 0.018146366327, 0.041698837172],
      [0.59303812268, 0.047294271991, 0.26415843405, 0.030390166381, 0.065119004894],
      [0.059240943825, 0.11881789812, 0.46893605878, 0.040024151314, 0.31298094797]
    ],
    [
      [0.080908907562, 0.27876536696, 0.42274123903, 0.055083657775, 0.16250082868],
      [0, 0, 0.94113582612, 0.045720122001, 0.013144051876],
      [0.029618116776, 0.7992654307, 0.10252586901, 0.02410044301, 0.0444901405],
      [0.51369796854, 0.045075429412, 0.32873834943, 0.040942291423, 0.071545961198],
      [0.046069429546, 0.10228308606, 0.50830413634, 0.047298259355, 0.2960450887]
    ],
    [
      [0.16551324029, 0.29146450656, 0.37478646278, 0.1001277607, 0.068108029664],
      [0.01221314911, 0, 0.89433968712, 0.088255762476, 0.0051914012949],
      [0.024069064443, 0.87486701379, 0.042489803383, 0.042035300005, 0.016538818379],
      [0.77419696278, 0.023919213081, 0.14895726744, 0.038066009079, 0.014860547618],
      [0.10640489374, 0.12364562177, 0.51969806765, 0.098691724254, 0.15155969259]
    ],
    [
      [0.091176652959, 0.31942607622, 0.4372073952, 0.071976967621, 0.080212908],
      [0.00093235143893, 0, 0.93679023914, 0.056986746357, 0.005290663065],
      [0.038166705637, 0.86443914917, 0.049508547199, 0.028241368578, 0.019644229414],
      [0.54465168272, 0.049734706277, 0.3215677782, 0.050646370306, 0.033399462488],
      [0.057491372771, 0.13140846785, 0.58099895955, 0.068393750329, 0.1617074495]
    ],
    [
      [0.089501520003, 0.24368716679, 0.39004564026, 0.035120497453, 0.24164517549],
      [0, 0, 0.94018925473, 0.031965300348, 0.027845444925],
      [0.045710993964, 0.76770320455, 0.094804576412, 0.017042074324, 0.074739150752],
      [0.54795144422, 0.03411088442, 0.29080227306, 0.024998485489, 0.10213691281],
      [0.047705180059, 0.081239012634, 0.43341819229, 0.027889340752, 0.40974827426]
    ],
    [
      [0.067301071681, 0.33051594342, 0.3878913937, 0.047376418254, 0.16691517295],
      [0, 0.018746533129, 0.92434752595, 0.041828940045, 0.015077000871],
      [0, 0.92276302794, 0.019951718288, 0.017475258624, 0.039809995151],
      [0.46084538035, 0.081317661398, 0.33604090923, 0.039375678769, 0.082420370256],
      [0.039014023592, 0.12942003457, 0.47841704149, 0.04172494737, 0.31142395298]
    ],
    [
      [0.092098215106, 0.29460733417, 0.41719706552, 0.061744484268, 0.13435290094],
      [0, 0, 0.93797441096, 0.05157801574, 0.010447573302],
      [0.034145617987, 0.84547646927, 0.059508137838, 0.025956820051, 0.034912954858],
      [0.55063743323, 0.043509119823, 0.30687915287, 0.043342469418, 0.055631824668],
      [0.055232861493, 0.11233045013, 0.52218317478, 0.055193558559, 0.25505995504]
    ],
    [
      [0.093162119517, 0.30583184126, 0.33911576628, 0.13979178902, 0.12209848393],
      [0.014899672092, 0.018269331862, 0.82704334463, 0.12783449439, 0.01195315702],
      [0.0065322517992, 0.88451005847, 0.02325507329, 0.054856862606, 0.030845753835],
      [0.55487168043, 0.050773787497, 0.24570923919, 0.097845221857, 0.050800071024],
      [0.058497121917, 0.12598239793, 0.44260863643, 0.1305016401, 0.24241020362]
    ],
    [
      [0.076770431458, 0.31111998201, 0.39469732988, 0.023053868486, 0.19435838817],
      [0.0054357490211, 0.011130410156, 0.94263760944, 0.020622220526, 0.020174010856],
      [0.001131910067, 0.89976148441, 0.04063433415, 0.009168795419, 0.049303475958],
      [0.51752582018, 0.055124179307, 0.31967941491, 0.017939206054, 0.089731379547],
      [0.043276919743, 0.11573928959, 0.46852473015, 0.019600054823, 0.35285900569]
    ],
    [
      [0.072200922735, 0.31057923766, 0.39052854263, 0.080185981922, 0.14650531506],
      [0.0034793730834, 0.0089692783388, 0.90556271847, 0.069166836907, 0.012821793198],
      [0.00017665492319, 0.89102264533, 0.040323978317, 0.031823242676, 0.036653478751],
      [0.48650364001, 0.056546799055, 0.32396679336, 0.063785808988, 0.069196958593],
      [0.042639053246, 0.12139926455, 0.48738355679, 0.071569188232, 0.27700893718]
    ],
    [
      [0.084961851278, 0.31161238234, 0.41146968152, 0.051842859863, 0.140113225],
      [0.0075864950033, 0.00030964512716, 0.93715146465, 0.043876745616, 0.011075649608],
      [0.0020878168109, 0.89633421222, 0.046230146854, 0.020688626791, 0.034659197325],
      [0.533929235, 0.051058385494, 0.31598711727, 0.038133380805, 0.060891881426],
      [0.050619811369, 0.12085943576, 0.51523339585, 0.046399834374, 0.26688752265]
    ],
    [
      [0.074326659068, 0.28136548997, 0.42604582185, 0.065683554988, 0.15257847413],
      [0, 0, 0.93430200917, 0.054043769329, 0.011654221499],
      [0.0086510348935, 0.81268007409, 0.10916712056, 0.028590623627, 0.040911146829],
      [0.48869896331, 0.044486850547, 0.3464830577, 0.050762867314, 0.069568261127],
      [0.042560411409, 0.10384559863, 0.51612554857, 0.056850710988, 0.2806177304]
    ],
    [
      [0.066506621492, 0.30414822162, 0.44858323909, 0.037632373229, 0.14312954457],
      [0, 0, 0.96024176459, 0.029865343517, 0.0098928918912],
      [0, 0.82971480529, 0.11838991863, 0.01535424474, 0.036541031341],
      [0.4586570695, 0.054695932159, 0.3867704147, 0.030719196418, 0.069157387226],
      [0.03839261418, 0.11484327292, 0.54833726247, 0.032888825833, 0.2655380246]
    ],
    [
      [0.0851085942, 0.25767544051, 0.38493474479, 0.042907265485, 0.22937395501],
      [0.00039038427454, 0, 0.93565584274, 0.038888772447, 0.025065000542],
      [0.061768185425, 0.79971061339, 0.050992558843, 0.019931979929, 0.067596662412],
      [0.53141736233, 0.041056057904, 0.2956421804, 0.0315586125, 0.10032578687],
      [0.045988008905, 0.089677960107, 0.43556977752, 0.034721194222, 0.39404305925]
    ],
    [
      [0.043954891199, 0.32700082906, 0.43770720191, 0.014263601091, 0.17707347674],
      [0, 0, 0.97530754391, 0.011678663122, 0.013013792969],
      [0, 0.90368457318, 0.049025445299, 0.0054262064658, 0.041863775059],
      [0.34528689937, 0.091238242518, 0.4487387402, 0.013766261145, 0.10096985677],
      [0, 0.14478422357, 0.52160631611, 0.01213038935, 0.32147907098]
    ],
    [
      [0.081268446478, 0.30780736658, 0.38332940349, 0.070695603151, 0.1568991803],
      [0.0080288759621, 0.0093659762911, 0.90514631814, 0.062383545161, 0.015075284448],
      [0.0023158775997, 0.89094253626, 0.038413854655, 0.028306736844, 0.040020994641],
      [0.52116804557, 0.053305577972, 0.30160272556, 0.053443500046, 0.07048015085],
      [0.047887291444, 0.11888905675, 0.47540773055, 0.062662303483, 0.29515361778]
    ],
    [
      [0.08797666198, 0.28691607629, 0.40703665481, 0.056038921317, 0.16203168561],
      [0.00056781213505, 0, 0.93699317977, 0.047971258044, 0.014467750053],
      [0.040738751375, 0.84141635188, 0.050473594188, 0.023923353821, 0.043447948734],
      [0.53844350517, 0.044596352277, 0.30717403687, 0.040459045633, 0.069327060049],
      [0.050916964517, 0.10730552951, 0.49426559308, 0.048658595746, 0.29885331714]
    ],
    [
      [0.077033730297, 0.28314552175, 0.43867843842, 0.066055240517, 0.13508706901],
      [0, 0, 0.93807937579, 0.052752828478, 0.0091677957295],
      [0.014712592301, 0.78657227818, 0.13413525754, 0.028492682948, 0.036087189027],
      [0.4982322174, 0.045877344964, 0.34605427457, 0.049744048545, 0.060092114526],
      [0.044704039523, 0.10635649219, 0.53884182747, 0.057961720167, 0.25213592064]
    ],
    [
      [0.068780491378, 0.21849289332, 0.40450520479, 0.030146718288, 0.27807469223],
      [0, 0, 0.94365038918, 0.026872421204, 0.029477189614],
      [0.0006406878769, 0.75724680865, 0.13499994354, 0.016094089915, 0.091018470015],
      [0.61326980015, 0.02746003587, 0.24668237857, 0.017689740939, 0.094898044467],
      [0.032717929641, 0.065461803051, 0.41941379061, 0.022305445747, 0.46010103096]
    ],
    [
      [0, 0.24277460169, 0.40169168048, 0.084402589747, 0.27113112808],
      [0, 0, 0.8988196615, 0.076093980933, 0.025086357572],
      [0, 0.78213590823, 0.1041282661, 0.038546456181, 0.075189369492],
      [0.24381160526, 0.054870047559, 0.44702102173, 0.088818026201, 0.16547929924],
      [0.012376789472, 0.078052696347, 0.39352477077, 0.063053527786, 0.45299221563]
    ],
    [
      [0.065130411741, 0.28794039247, 0.37514877295, 0.087729906262, 0.18405051657],
      [0.002842594791, 0.0016821907306, 0.89859833486, 0.078245458398, 0.018631421223],
      [0.00034039120261, 0.86932126334, 0.044190349712, 0.036880048181, 0.049267947566],
      [0.45927876716, 0.053360501108, 0.32418497366, 0.072632638928, 0.090543119148],
      [0.036779959212, 0.1067499463, 0.44795173393, 0.074908753987, 0.33360960657]
    ],
    [
      [0.056300679774, 0.020791266095, 0.72374172716, 0.082947708398, 0.11621861857],
      [0, 0, 0.94478469621, 0.055215303795, 0],
      [0, 0.85104230409, 0.076266965841, 0.037408409894, 0.035282320177],
      [0.58076271085, 0.00060835409496, 0.33343850376, 0.047162647708, 0.038027783592],
      [0.044404914069, 0.042379417671, 0.59695738588, 0.065269045714, 0.25098923666]
    ],
    [
      [0.090378786949, 0.32395540145, 0.41133644859, 0.042989435066, 0.13133992794],
      [0.0098900497216, 0.0079267703073, 0.93535257088, 0.036395105844, 0.010435503245],
      [0.0042769434333, 0.90947544795, 0.038173047781, 0.016619900963, 0.031454659877],
      [0.55000190791, 0.054144140002, 0.30869415067, 0.031035412594, 0.056124388818],
      [0.055081475853, 0.12909872094, 0.52337517307, 0.03912593661, 0.25331869352]
    ],
    [
      [0.034043535693, 0.36966645187, 0.39656276445, 0.0634454365, 0.13628181149],
      [0, 0.032830500159, 0.90305819503, 0.053711983333, 0.010399321473],
      [0, 0.92024876384, 0.030636857508, 0.021019157221, 0.028095221432],
      [0.28085092347, 0.13767884858, 0.43174416398, 0.066230642312, 0.083495421661],
      [0, 0.16807776831, 0.50499770417, 0.05778912537, 0.26913540215]
    ],
    [
      [0.11525751317, 0.24125883909, 0.3512905159, 0.046060024329, 0.24613310751],
      [0.012733040733, 0, 0.91208172397, 0.04486548474, 0.030319750556],
      [0.069517543125, 0.79020163198, 0.044577145442, 0.021945793999, 0.073757885453],
      [0.63441515772, 0.030238388478, 0.22043643251, 0.027765874578, 0.087144146714],
      [0.060990416767, 0.082042330266, 0.39204795909, 0.036640278034, 0.42827901584]
    ],
    [
      [0.077434152848, 0.31177304519, 0.3944026965, 0.061412516984, 0.15497758848],
      [0.0058216016668, 0.0083226675771, 0.91828126275, 0.053339755242, 0.014234712765],
      [0.0013328713093, 0.89352578736, 0.041581495198, 0.024440830477, 0.039119015654],
      [0.50653219022, 0.055231475764, 0.31899739473, 0.047681222017, 0.071557717269],
      [0.045634543345, 0.12097728873, 0.48827586807, 0.054426638359, 0.29068566149]
    ],
    [
      [0, 0.3623772913, 0.12519534578, 0.09199335099, 0.42043401193],
      [0, 0.32524860974, 0.45737730348, 0.14216743244, 0.075206654341],
      [0, 0.93047863554, 0, 0, 0.069521364462],
      [0, 0.24819328569, 0.16384859876, 0.14855169226, 0.43940642329],
      [0, 0.20909371201, 0.045440764423, 0.042614208641, 0.70285131493]
    ],
    [
      [0.079220845548, 0.28498734413, 0.43891423525, 0.073671771638, 0.12320580344],
      [0, 0, 0.93335956729, 0.058668921307, 0.0079715114039],
      [0.013033704666, 0.79533636629, 0.12753559133, 0.031648695767, 0.032445641943],
      [0.50622994691, 0.045321779938, 0.3400392214, 0.054530083831, 0.053878967926],
      [0.046629673862, 0.10831627007, 0.54627704374, 0.065532429129, 0.2332445832]
    ],
    [
      [0.078584253526, 0.28085447246, 0.38792959844, 0.063303123554, 0.18932855202],
      [0.00053387263553, 0, 0.92409641157, 0.05612778049, 0.019241935302],
      [0.020496525561, 0.85104253491, 0.048682795341, 0.027481155774, 0.052296988418],
      [0.50790095332, 0.047678127152, 0.3098945104, 0.048429777245, 0.086096631882],
      [0.0442834732, 0.10280692728, 0.45971341768, 0.053653819463, 0.33954236237]
    ],
    [
      [0.10000603412, 0.32420504957, 0.41151732273, 0.019711093439, 0.14456050014],
      [0.0073721788839, 0.010106702221, 0.9536630649, 0.016932640795, 0.0119254132],
      [0.001917435709, 0.91653503872, 0.039325743114, 0.0076446070588, 0.034577175394],
      [0.60816293088, 0.046739113253, 0.27759401853, 0.012681768694, 0.054822168646],
      [0.059036601843, 0.12606607594, 0.51805677085, 0.017655873891, 0.27918467747]
    ]
  ],
  "expected_outcome": [
    [
      [0.6045855096, 0.52494154943, 0.85523598803, 0.2565205606, 0.75917128206, 6.7842802791, 0.96335166259, 0.4889264291, 3.1057223179, 0.26822453485, 0.69770246595, 1.3754514285, 0.33102648059, 2.4617696299, 1.07401824, 7.1339135982, 0.73678572085, 2.1427287489, 0.30708172583, 4.909662746, 2.0390844307, 1.3378798632, 1.8621854018, 1.4468461014, 0.43954891199, 2.6818587338, 2.4633465354, 1.1555059545, 0.27512196551, 0, 1.6282602935, 0.16890203932, 5.422727217, 0.034043535693, 0.57628756585, 7.123942062, 0, 1.4259752199, 6.4439087891, 1.5000905119],
      [0.72757234138, 2.3261886238, 5.745428261, 0.32369105955, 2.3311669718, 32.3199119462, 6.9524160003, 3.8396261026, 10.8841996472, 1.1993708657, 2.1610156809, 4.7390112383, 0.58292901313, 8.6245040579, 2.9242460015, 35.0346900029, 2.3568586733, 7.034132349, 1.244479928, 21.1193881609, 7.4786971761, 5.0645788195, 8.5161502054, 4.3804824886, 3.2700082906, 10.1576430971, 8.033650136, 4.2471828263, 0.87397157329, 1.4566476101, 7.1985098119, 0.062373798286, 19.4373240871, 0.36966645187, 1.2062941955, 28.6831201571, 0, 5.1297721943, 23.0300667414, 4.8630757436],
      [1.1250425133, 2.9679584735, 8.0400915487, 0.95086575136, 3.2843628841, 42.8131714153, 8.717419704, 5.4132898852, 15.5394691077, 1.9842980524, 2.6674038614, 7.1866010635, 0.74957292556, 11.8045996705, 4.6805476831, 41.1164877318, 3.3375765241, 7.7996626243, 1.5787893195, 26.5559408987, 9.8752723565, 7.6688247932, 12.5603306944, 6.5438906615, 4.3770720191, 12.6498703152, 11.3970263346, 6.5801765764, 1.6180208191, 2.4101500829, 9.3787193238, 2.1712251815, 24.6801869154, 0.39656276445, 1.7564525795, 36.2850480779, 0, 7.9004562344, 31.8102270725, 6.1727598409],
      [0.21186735331, 0.36845040496, 0.8642387617, 0.20580352349, 0.51075917299, 6.4467706462, 1.2489349814, 0.88792303602, 2.3167490867, 0.23892035589, 0.31839064973, 0.93642218218, 0.20025552139, 1.9433781258, 0.42144596944, 5.0219003349, 0.49395587414, 3.2152111474, 0.092215473943, 5.4526467707, 1.2442286367, 1.1823039898, 1.0537064504, 0.72942351324, 0.14263601091, 2.332954904, 1.5690897969, 0.99082860775, 0.12058687315, 0.50641553848, 2.1932476565, 0.24884312519, 2.579366104, 0.0634454365, 0.23030012165, 5.6499515625, 0, 1.3260918895, 5.1908561314, 0.29566640158],
      [0.33093228245, 0.81246094833, 3.4950054406, 0.26311910499, 1.114539689, 14.6358657131, 4.1178776517, 2.3702345471, 5.1538598405, 1.3091861912, 1.1554873421, 2.7625140875, 0.13621605933, 2.165748516, 2.8997421059, 17.6930083322, 1.0748232075, 2.8082651304, 0.77743355267, 9.9623614238, 3.3627174, 2.7464125343, 4.007627248, 3.8993572352, 1.7707347674, 5.1776729499, 4.536887197, 2.0263060351, 1.1122987689, 1.6267867685, 4.6012629143, 0.34865585572, 7.8803956765, 0.13628181149, 1.2306655375, 14.2579381405, 0, 2.2177044619, 15.5249412657, 2.1684075021]
    ],
    [
      [0.046293106149, 0, 0, 0, 0.81905786685, 0, 0, 0, 0, 0, 0.81766728489, 0, 0.35418132419, 0.7617311256, 0, 0, 0, 3.4865232695, 1.1578145415, 2.1572113117, 1.4186745656, 0, 0, 0.21939596229, 0, 3.2838102685, 0.20327674435, 0, 0, 0, 1.128510132, 0, 5.1032656563, 0, 0.8531137291, 9.9782252568, 0, 0, 0.79119924586, 0.50868034299],
      [0, 0.46941744166, 0, 0, 0, 4.4998919613, 3.0243994391, 0, 0, 0, 0.44760958608, 0, 0, 0, 0, 7.7610647154, 0, 4.2750236556, 2.3707773632, 5.5609525701, 0.057903638779, 0, 0, 0, 0, 3.8306843031, 0, 0, 0, 0, 0.66782972004, 0, 4.0902134786, 3.8739990187, 0, 14.2650522272, 0.97574582921, 0, 0, 0.69736245327],
      [6.4591756362, 39.3884391678, 336.1977292864, 103.0856767571, 168.4090525676, 843.9299458914, 208.1729249077, 432.1083620985, 466.6014033621, 46.537734486, 49.6496905222, 449.8629248867, 25.9358509264, 765.3576253767, 135.3872526807, 382.6798757453, 263.5708094792, 193.5281426445, 200.781810811, 561.4488854527, 175.2473238888, 276.553394715, 631.8390811012, 525.8385836176, 169.7035126401, 370.2048441186, 335.4435583568, 331.1420196547, 16.0420566161, 29.6610488294, 356.7435389384, 7.5582775696, 482.641926575, 106.5608670141, 61.1094755061, 1573.9340843515, 1.3721319105, 281.8745893212, 1369.5108819505, 65.802751478],
      [0.42777955007, 1.7997780239, 13.4164881351, 8.2399440465, 9.7388582849, 47.118245919, 11.0286503081, 26.2285916568, 25.9176899505, 2.1306321745, 2.2137585165, 21.8542183167, 2.5594171118, 46.5581717736, 4.6030032501, 17.3171811787, 14.4934224228, 29.9132716878, 4.3925329719, 42.8834388826, 8.2049514302, 15.9969557214, 19.6513960343, 21.8554901155, 2.0320873832, 25.5148699707, 17.1737103799, 18.6217484527, 0.45683116046, 2.5111013708, 31.0634469842, 0.44172243036, 18.7798746157, 6.3380140333, 3.0059874776, 91.4243404848, 0.42650229731, 17.7180142348, 83.181370686, 1.1683522149],
      [0.066751707571, 0.34236536664, 5.3857825784, 0.67437919646, 2.0330312806, 10.4519162283, 3.7740253451, 6.6630462447, 5.4809066874, 1.3316333395, 0.87127409027, 6.2828567966, 0.15055063755, 4.3224717241, 4.0097440692, 6.2418783606, 2.935768098, 2.7970387426, 4.2970643124, 7.9495117829, 2.0711464766, 3.4496495636, 6.5095228644, 14.0865303046, 2.2643999767, 6.1657913392, 5.179454519, 3.2362318925, 0.50111222344, 0.82784979986, 7.3966742253, 0, 5.3847196745, 1.2271199339, 2.0314232872, 24.3982976798, 0.22561996302, 2.407396444, 28.5165481177, 0.82285351083]
    ],
    [
      [0.1221660149, 0, 0, 1.222178593, 1.4054139036, 0, 0, 0, 3.6865803408, 0, 0.25031957374, 2.7544848601, 0.55358848218, 4.3891711482, 2.559815662, 0, 3.6877267426, 0.96024101448, 0.075837974489, 0.068542110199, 0.16702534487, 1.0381241872, 0, 6.6091958405, 0, 0.44001674395, 3.910920132, 1.1475821995, 0.013454445415, 0, 0.052420245202, 0, 1.6808387693, 0, 1.2513157763, 0.8690320937, 0, 1.2121345339, 10.2892558317, 0.086284606906],
      [29.0779805006, 57.721387022, 151.5491460308, 5.3161264721, 21.6970021222, 1035.5778381295, 209.0458523543, 44.5425894744, 163.2183241158, 38.0900531625, 32.4453229637, 74.3316850551, 20.1219413172, 99.4105021549, 42.9913794547, 689.3039818694, 91.3114586807, 130.022978595, 60.2840194553, 345.7167863889, 71.7067369776, 97.5216088908, 64.7177548126, 85.5690356329, 43.3768595124, 169.2790818895, 80.7759697807, 61.3526376984, 15.9021829817, 10.1677668069, 133.8754745542, 0.85104230409, 357.4238510426, 29.4479604429, 14.2236293756, 582.57881336, 4.6523931777, 73.9662820654, 427.2233525226, 41.2440767426],
      [2.4297802484, 2.452676038, 11.0791319628, 4.9210639338, 1.2669882182, 55.4976652442, 8.1430018735, 4.4942403567, 14.0036276584, 5.7741459925, 1.1499301366, 9.5349058183, 0.97726547782, 5.6934829278, 5.3090562791, 14.9039335613, 6.4268788865, 3.4184957736, 2.722500388, 15.6457035871, 3.6984117483, 13.1000544672, 9.234413653, 5.4562037962, 2.3532213743, 7.2986323844, 4.845465042, 10.4625500881, 2.8349988144, 1.3536674593, 6.8053138556, 0.076266965841, 15.002007778, 0.98037944025, 0.80238861795, 27.1111348689, 0, 11.8608099936, 24.4387632614, 1.7696584401],
      [1.2292268992, 1.2448763106, 3.2285394509, 0.86429562667, 0.69047892087, 28.7124483383, 5.0606116414, 1.4828369782, 5.0797673507, 1.1670966559, 0.65326918776, 2.2413411999, 0.96681190012, 3.2477573865, 0.95435616217, 13.0540181918, 2.8033365655, 8.0639588031, 0.61430929307, 12.3474181584, 1.6550901433, 3.4308748352, 1.1976310897, 2.1327218524, 0.26045791036, 5.3782800004, 2.2966419668, 2.2224292699, 0.33797588821, 0.50110393036, 5.6795274198, 0.037408409894, 6.5316210786, 0.67261303106, 0.39502429199, 15.9354214713, 0, 2.9433287064, 13.7955401986, 0.34400731764],
      [1.140846337, 1.5810606293, 8.1431825555, 0.67633537451, 0.94011683513, 40.2120482881, 10.7505341308, 2.4803331907, 7.0117005343, 3.9687041891, 1.5011581382, 4.1375830665, 0.38039282271, 2.2590863826, 4.1853924421, 29.7380663775, 3.7705991247, 4.5343258138, 3.3033328892, 14.2215497553, 2.772735786, 4.9093376195, 2.8502004446, 7.232842878, 2.0094612029, 7.6039889817, 4.1710030785, 2.8148007441, 1.9113878703, 0.9774618034, 7.5872639252, 0.035282320177, 12.3616813315, 0.89904708582, 1.3276419382, 25.5055982061, 0.34760682231, 3.0174447007, 26.2530881859, 1.5559728927]
    ],
    [
      [0, 2.1376072609, 8.8751136334, 3.171692353, 14.0592842271, 68.6866919668, 15.0386995432, 7.9720193111, 29.3302770951, 2.5705746006, 6.5234193495, 19.5205228045, 1.5483939256, 34.8577076943, 12.6028832171, 55.3014456415, 27.5318716613, 23.3046105781, 12.4206196844, 53.515400401, 19.7553816951, 26.3897440187, 26.602110031, 31.8850417396, 6.560451088, 34.9182590532, 30.6912797946, 15.4451987394, 0.61326980015, 0.97524642106, 25.7196109608, 1.7422881325, 76.4502651997, 1.9659564643, 5.0753212617, 132.7114338379, 0, 12.1495187258, 44.187382939, 2.4326517235],
      [0, 0.2183736598, 1.5308763188, 0.082011750765, 1.0814103724, 9.2358452537, 5.9708062744, 1.8323761678, 2.6224515753, 0.25186990804, 0.5202369919, 1.7128663176, 0.047838426162, 3.1830212018, 0.78455034166, 9.7581193678, 2.1754559911, 2.1324990749, 1.3229803034, 6.220147896, 1.8891602633, 2.4022899295, 3.1723640652, 2.4633634742, 1.7335266078, 3.5714737241, 2.5419920798, 1.4221976939, 0.02746003587, 0.21948019023, 2.988188062, 0.0018250622849, 7.5260354603, 0.96375194003, 0.24190710782, 14.4706466501, 0.74457985708, 1.0877227185, 4.1479970622, 0.18695645301],
      [0, 1.2916869295, 10.0729756078, 1.2850226639, 7.3564469642, 53.8516121069, 19.1923372271, 13.2674552862, 18.0767731848, 2.1483165224, 2.9057427745, 12.4920572783, 0.29791453489, 20.580337805, 6.6884522804, 40.3249091077, 15.3439576433, 10.319788046, 7.6723059578, 35.6363472691, 11.6915233391, 18.710085116, 22.4326840524, 17.738530824, 8.5260360637, 20.2073826126, 17.5089201017, 10.7276825115, 0.24668237857, 1.7880840869, 18.1543585249, 1.0003155113, 42.9084869437, 3.0222091478, 1.7634914601, 83.5773174192, 0.49154579628, 8.1609413135, 26.9608224048, 1.1103760741],
      [0, 0.15333214637, 1.0364578633, 0.26460096594, 1.094926582, 7.7642871069, 2.6364437245, 1.9100366808, 2.5763141123, 0.2438809858, 0.3342918302, 1.5558070741, 0.076132018159, 3.2413676996, 0.57496516624, 4.7250814523, 2.1671234709, 4.109499318, 0.4305409453, 7.0164389886, 1.4109350898, 2.7411948349, 1.7817133922, 1.89351675, 0.26155896176, 3.5807145031, 2.3061656011, 1.5420655049, 0.017689740939, 0.3552721048, 4.06742778, 0.14148794313, 4.3139223505, 0.46361449618, 0.22212699663, 12.4924801684, 0.44565507677, 1.3087220119, 4.2133906203, 0.050727074775],
      [0, 0.19900000342, 2.4845765767, 0.19667226639, 1.4079318542, 10.4615635657, 5.1617132308, 3.0181125541, 3.3941840325, 0.78535798326, 0.71630905384, 2.7187465255, 0.029721095237, 2.1375655993, 2.3491489946, 9.8904444307, 2.7815912334, 2.133602983, 2.1535531091, 7.6116654452, 2.2529996128, 3.7566861009, 4.0111284591, 6.0195472122, 1.9184272787, 4.722170107, 3.9516424228, 1.8628555503, 0.094898044467, 0.66191719697, 5.0704146723, 0.11408335078, 7.8012900457, 0.58446795163, 0.69715317371, 18.7481219244, 1.3182192699, 1.2930952302, 7.4904069737, 0.21928867458]
    ],
    [
      [0.22695536935, 0.33745118964, 0.26965037858, 0.34960849342, 0.95707272041, 5.5290277541, 0.99794879423, 0.53905425981, 1.8774202461, 0.16120086459, 0.7108913259, 2.3495409069, 0.21280978748, 2.5296204019, 0.76328288094, 4.5646407603, 2.0436158752, 2.105896389, 1.0386460738, 4.349183431, 1.6198339638, 1.2342519309, 1.5357045672, 1.8395203562, 0, 1.6760552005, 1.7311767936, 1.2517131067, 0.098153788923, 0.024753578943, 1.4711983685, 0.088809828138, 5.3429031577, 0, 0.24396166707, 11.3173667496, 0, 1.2123715204, 6.2882531944, 0.47229281474],
      [0.19444715802, 1.2646332527, 4.1745493894, 0.27817071758, 1.8904205336, 17.3665127092, 5.0065259318, 2.7854082552, 4.2750246616, 0.45870606382, 1.4258147774, 5.2164373889, 0.24729124354, 5.7819725855, 1.2998242021, 15.1421440446, 4.1562266548, 4.5353663255, 2.7777429502, 12.3827249841, 3.8675019443, 3.0115223601, 4.5937309167, 3.5871184043, 3.6196055891, 4.1611169861, 3.6483880035, 2.9779817814, 0.19638540915, 0.15610539269, 4.2699978519, 0.084758835342, 12.5225759314, 1.3446221465, 0.32816932106, 30.0023676056, 0.62728113602, 2.8162230218, 14.5985836739, 1.0085286075],
      [0.98600160214, 4.8992393913, 19.6100715942, 2.7573708939, 8.6831493658, 73.9076053422, 19.7743162876, 12.7166523735, 19.7787266871, 2.5555049468, 5.6272327053, 25.9235109532, 1.0393961353, 25.56395422, 6.9346910767, 55.9747938539, 19.3207774669, 15.9339109116, 11.2445935236, 49.7131227924, 16.4874686673, 14.9676409086, 21.9334904989, 17.4227911007, 13.0401579027, 16.6392705692, 16.8050301648, 15.0875711692, 1.2582413718, 0.78704954153, 17.9180693573, 1.1939147718, 50.7673917878, 4.0399816334, 1.5681918364, 121.0924152825, 0.13632229327, 14.2032031372, 65.2793053109, 4.1444541668],
      [0.13112619747, 0.43356311408, 1.454275789, 0.42535583744, 0.96497703917, 7.9582479896, 2.0253593446, 1.4906116481, 2.1094794998, 0.21946982791, 0.48028981577, 2.4122112271, 0.19738344851, 3.0093250145, 0.44622945203, 4.8818188423, 2.0421616667, 4.6980590437, 0.47040131574, 7.3000571997, 1.4847947, 1.6486706187, 1.3155530333, 1.3888477689, 0.30325973375, 2.1931806219, 1.6543922554, 1.6229281647, 0.066916337241, 0.12610705557, 2.9963501595, 0.13053809143, 3.7952158512, 0.46231300296, 0.14656111213, 13.4978063131, 0.12784262592, 1.7038431574, 7.6188423638, 0.14124699113],
      [0.46146967301, 2.0651130523, 12.4914528488, 1.1894940576, 4.504380341, 38.2386062048, 14.1958496417, 8.4682734634, 9.9593489053, 2.6051182969, 3.7557713756, 15.0982995239, 0.30311938517, 7.1151277781, 6.5559723882, 36.436602499, 9.4372183364, 8.7267673302, 8.4686161366, 28.2549115927, 8.5404007246, 8.1379141817, 10.6215209839, 15.7617223699, 8.0369767744, 10.3303766222, 10.1610127827, 7.059805778, 1.3803030929, 0.90598443126, 13.3443842629, 0.50197847333, 24.5719132718, 2.1530832172, 1.7131160634, 72.0900440491, 2.1085539448, 6.0643591632, 48.2150154571, 2.2334774198]
    ]
  ],
  "prob": [
    [0.075544131044, 0.30289666564, 0.40383359701, 0.060436215069, 0.15728939123],
    [0.0023892433919, 0.0041062840206, 0.92771155035, 0.05187391448, 0.013919007754],
    [0.0077650164777, 0.8775573287, 0.050019805721, 0.02451636744, 0.040141481657],
    [0.49433420573, 0.05659119582, 0.32884147701, 0.047223583177, 0.07300953826],
    [0.043001759758, 0.11660415917, 0.49455460855, 0.053053697006, 0.29278577551]
  ],
  "iterations": 120,
  "time": 0.000854,
  "message": "Converged",
  "status": 0,
  "miniter": 0,
  "maxiter": 1000,
  "maxtime": 3600,
  "param_threshold": 0.001,
  "ll_threshold": "-Inf",
  "initial_prob": "group_proportional",
  "adjust_prob_cond_method": "project_lp",
  "adjust_prob_cond_every": false,
  "candidates_id": ["HALL, John Harold.c", "CALDER, Campbell Gordon.c", "WALL, Louisa Hareruia.c", "Informal Candidate Votes.c", "Other candidates votes.c"],
  "group_id": ["Green Party.p", "Labour Party.p", "National Party.p", "New Zealand First Party.p", "Other parties votes.p"]
}
