{
  "X": [
    [0, 27, 42, 3],
    [0, 10, 19, 2],
    [1, 23, 21, 1],
    [0, 11, 17, 2],
    [4, 25, 33, 1],
    [0, 15, 27, 2],
    [0, 18, 36, 2],
    [1, 26, 33, 1],
    [3, 16, 22, 1],
    [0, 8, 10, 0],
    [1, 21, 23, 0],
    [0, 6, 5, 1],
    [0, 5, 11, 1],
    [0, 9, 7, 0],
    [1, 9, 6, 0],
    [1, 12, 12, 1],
    [0, 26, 32, 1],
    [0, 19, 18, 2],
    [0, 6, 2, 1],
    [0, 10, 12, 1],
    [0, 3, 6, 0],
    [0, 7, 1, 1],
    [1, 8, 8, 2],
    [1, 9, 7, 0],
    [1, 22, 26, 1],
    [6, 8, 8, 1],
    [1, 6, 8, 4],
    [0, 3, 5, 1],
    [2, 19, 15, 0],
    [0, 5, 8, 0],
    [1, 10, 15, 2],
    [0, 4, 4, 1],
    [0, 2, 4, 1],
    [0, 3, 10, 0],
    [0, 5, 7, 2],
    [3, 6, 6, 0],
    [0, 6, 4, 0],
    [0, 11, 10, 0],
    [1, 5, 17, 1],
    [0, 17, 15, 2],
    [0, 14, 21, 3],
    [0, 9, 15, 2],
    [0, 9, 10, 1],
    [0, 10, 8, 3],
    [0, 5, 4, 0],
    [0, 6, 5, 1],
    [0, 3, 4, 0],
    [0, 4, 3, 0],
    [0, 5, 4, 2],
    [0, 2, 4, 0],
    [0, 23, 42, 2],
    [4, 43, 59, 4],
    [0, 15, 30, 3],
    [9, 63, 106, 11],
    [7, 47, 60, 7],
    [3, 31, 39, 3],
    [2, 47, 53, 8],
    [3, 39, 49, 9],
    [3, 46, 69, 4],
    [6, 44, 42, 5],
    [5, 51, 82, 15],
    [5, 48, 65, 5],
    [0, 3, 7, 1],
    [0, 37, 57, 9],
    [3, 19, 39, 2],
    [1, 54, 64, 5],
    [2, 35, 32, 6],
    [4, 26, 53, 5],
    [5, 49, 71, 4],
    [5, 64, 72, 4],
    [6, 37, 53, 0],
    [4, 42, 63, 5],
    [0, 25, 37, 4],
    [1, 14, 17, 0],
    [1, 33, 55, 7],
    [3, 22, 51, 0],
    [7, 53, 70, 4],
    [8, 16, 10, 2],
    [1, 2, 3, 4],
    [9, 19, 18, 4],
    [12, 47, 61, 1],
    [8, 46, 43, 5],
    [1, 5, 4, 0],
    [7, 45, 63, 3],
    [12, 47, 60, 2],
    [9, 60, 61, 5],
    [11, 55, 68, 3],
    [1, 48, 66, 4],
    [7, 67, 75, 12],
    [6, 43, 73, 6],
    [5, 29, 27, 1],
    [4, 29, 55, 5],
    [4, 27, 44, 3],
    [5, 47, 50, 4],
    [1, 18, 30, 1],
    [1, 40, 42, 4],
    [2, 11, 16, 1],
    [2, 22, 22, 4],
    [5, 38, 70, 12],
    [4, 17, 18, 5],
    [1, 12, 12, 1],
    [0, 7, 17, 4],
    [7, 58, 70, 5],
    [5, 42, 80, 5],
    [1, 8, 19, 1],
    [3, 69, 97, 6],
    [6, 81, 78, 5],
    [1, 28, 43, 3],
    [10, 102, 98, 10],
    [1, 78, 119, 4],
    [2, 58, 57, 8],
    [0, 11, 9, 0],
    [9, 118, 165, 13],
    [0, 22, 25, 7],
    [4, 26, 33, 2],
    [4, 57, 96, 5],
    [7, 56, 84, 15],
    [12, 87, 123, 22],
    [4, 85, 125, 6],
    [4, 36, 75, 14],
    [6, 32, 48, 6],
    [7, 50, 70, 6],
    [1, 48, 82, 12],
    [8, 57, 120, 9],
    [2, 62, 59, 3],
    [8, 87, 107, 12],
    [4, 61, 66, 6],
    [0, 15, 20, 3],
    [2, 9, 12, 4],
    [2, 17, 12, 1],
    [0, 4, 10, 0],
    [3, 44, 42, 4],
    [5, 77, 88, 6],
    [12, 38, 48, 2],
    [3, 7, 9, 1],
    [3, 49, 32, 1],
    [4, 13, 19, 2],
    [0, 23, 32, 1],
    [1, 8, 12, 1],
    [0, 24, 23, 4],
    [6, 24, 32, 4],
    [3, 30, 25, 3],
    [1, 40, 45, 7],
    [1, 34, 34, 2],
    [4, 82, 23, 1],
    [5, 40, 54, 6],
    [1, 13, 23, 3],
    [3, 23, 44, 5],
    [0, 30, 33, 1],
    [1, 28, 31, 0],
    [6, 57, 57, 3],
    [0, 5, 10, 3],
    [1, 13, 4, 1],
    [1, 6, 5, 0],
    [0, 22, 37, 0],
    [0, 8, 24, 1],
    [0, 6, 12, 2],
    [0, 14, 22, 0],
    [0, 9, 12, 1],
    [3, 18, 33, 3],
    [1, 13, 14, 1],
    [0, 5, 3, 0],
    [2, 9, 22, 1],
    [0, 10, 9, 1],
    [1, 8, 8, 0],
    [3, 16, 12, 3],
    [1, 3, 9, 0],
    [4, 33, 23, 2],
    [0, 14, 7, 0],
    [0, 26, 35, 3],
    [1, 14, 14, 1],
    [2, 14, 25, 3],
    [1, 18, 19, 1],
    [0, 17, 19, 1],
    [0, 12, 9, 1],
    [0, 3, 7, 0],
    [0, 5, 7, 0],
    [1, 9, 15, 4],
    [1, 1, 5, 2],
    [0, 14, 9, 0],
    [0, 15, 18, 2],
    [2, 4, 8, 1],
    [0, 7, 11, 0],
    [2, 17, 37, 1],
    [1, 9, 9, 3],
    [1, 10, 19, 2],
    [0, 10, 13, 1],
    [0, 26, 39, 1],
    [0, 23, 17, 1],
    [0, 8, 6, 0],
    [1, 18, 22, 3],
    [5, 36, 44, 8],
    [1, 12, 7, 2],
    [1, 17, 7, 1],
    [2, 16, 17, 4],
    [0, 5, 4, 0],
    [1, 12, 23, 2],
    [1, 13, 8, 1],
    [2, 6, 4, 0],
    [0, 13, 4, 1],
    [0, 17, 15, 0],
    [0, 10, 10, 3],
    [3, 23, 22, 2],
    [0, 21, 11, 4],
    [2, 31, 17, 5],
    [1, 16, 8, 5],
    [0, 4, 4, 0],
    [1, 11, 4, 3],
    [1, 3, 3, 0],
    [0, 11, 6, 2],
    [0, 23, 25, 0],
    [1, 38, 19, 4],
    [0, 2, 9, 0],
    [0, 32, 23, 1],
    [4, 18, 21, 1],
    [0, 14, 13, 0],
    [0, 9, 6, 1],
    [3, 18, 24, 2],
    [0, 5, 10, 3],
    [0, 3, 4, 0],
    [1, 8, 16, 2],
    [0, 6, 4, 0],
    [0, 5, 2, 2],
    [2, 5, 4, 3],
    [2, 6, 4, 0],
    [0, 2, 8, 1],
    [0, 9, 10, 2],
    [0, 12, 13, 1],
    [1, 13, 10, 0],
    [1, 5, 5, 0],
    [0, 4, 4, 0],
    [2, 11, 22, 0],
    [2, 8, 11, 2],
    [0, 21, 21, 0],
    [1, 20, 28, 0],
    [1, 10, 6, 2],
    [0, 18, 23, 1],
    [3, 13, 13, 0],
    [4, 29, 24, 1],
    [0, 5, 6, 3],
    [6, 13, 18, 2],
    [3, 43, 38, 0],
    [8, 52, 37, 5],
    [1, 28, 28, 4],
    [1, 10, 12, 2],
    [2, 57, 63, 1],
    [0, 4, 1, 1],
    [2, 21, 17, 3],
    [0, 4, 5, 1],
    [1, 5, 8, 3],
    [1, 12, 15, 1],
    [0, 12, 10, 1],
    [0, 5, 3, 0],
    [1, 9, 13, 2],
    [1, 14, 23, 1],
    [0, 8, 8, 1],
    [1, 65, 115, 6],
    [0, 7, 23, 0],
    [0, 35, 30, 5],
    [11, 53, 47, 7],
    [1, 20, 21, 0],
    [0, 11, 10, 0],
    [6, 26, 23, 3],
    [3, 58, 58, 2],
    [9, 60, 74, 7],
    [0, 5, 1, 0],
    [0, 4, 4, 0],
    [0, 7, 14, 2],
    [0, 34, 30, 2],
    [0, 8, 21, 3],
    [2, 27, 25, 1],
    [0, 4, 8, 0],
    [1, 29, 27, 4],
    [2, 32, 29, 6],
    [3, 24, 22, 3],
    [2, 38, 42, 5],
    [1, 7, 60, 0],
    [1, 10, 7, 3],
    [0, 11, 11, 3],
    [0, 5, 8, 1],
    [2, 32, 15, 2],
    [3, 15, 9, 2],
    [1, 8, 3, 1],
    [0, 4, 4, 0],
    [3, 35, 42, 1],
    [0, 21, 13, 2],
    [26, 345, 451, 47],
    [9, 80, 101, 7],
    [45, 793, 1298, 101],
    [11, 63, 41, 3]
  ],
  "W": [
    [9, 37, 21, 2, 2, 1],
    [6, 11, 9, 3, 1, 1],
    [3, 31, 8, 1, 1, 2],
    [4, 13, 8, 3, 0, 2],
    [3, 36, 15, 3, 2, 4],
    [3, 23, 8, 8, 0, 2],
    [6, 30, 17, 3, 0, 0],
    [4, 39, 13, 3, 1, 1],
    [7, 17, 12, 0, 4, 2],
    [3, 11, 0, 2, 1, 1],
    [11, 25, 5, 2, 0, 2],
    [1, 7, 2, 1, 0, 1],
    [3, 5, 4, 4, 1, 0],
    [0, 9, 5, 2, 0, 0],
    [0, 12, 2, 1, 0, 1],
    [2, 10, 9, 2, 3, 0],
    [4, 35, 11, 5, 2, 2],
    [2, 23, 5, 4, 4, 1],
    [0, 6, 1, 1, 1, 0],
    [2, 14, 5, 0, 1, 1],
    [2, 4, 2, 1, 0, 0],
    [0, 4, 1, 3, 1, 0],
    [0, 16, 2, 0, 0, 1],
    [1, 10, 4, 1, 1, 0],
    [3, 34, 10, 1, 0, 2],
    [2, 6, 5, 1, 4, 5],
    [1, 4, 4, 7, 2, 1],
    [1, 4, 1, 1, 2, 0],
    [1, 19, 7, 3, 5, 1],
    [2, 5, 3, 3, 0, 0],
    [1, 9, 11, 3, 1, 3],
    [0, 5, 0, 3, 1, 0],
    [1, 0, 2, 3, 1, 0],
    [3, 3, 5, 1, 1, 0],
    [0, 7, 6, 1, 0, 0],
    [0, 6, 2, 4, 1, 2],
    [0, 8, 2, 0, 0, 0],
    [1, 15, 2, 3, 0, 0],
    [7, 10, 3, 0, 2, 2],
    [0, 21, 7, 3, 3, 0],
    [6, 14, 13, 3, 0, 2],
    [3, 15, 3, 5, 0, 0],
    [1, 11, 2, 3, 2, 1],
    [3, 11, 0, 7, 0, 0],
    [0, 6, 1, 1, 1, 0],
    [0, 7, 1, 2, 2, 0],
    [0, 3, 2, 0, 1, 1],
    [0, 6, 0, 0, 1, 0],
    [0, 4, 2, 3, 1, 1],
    [0, 3, 1, 1, 0, 1],
    [1, 35, 28, 0, 1, 2],
    [2, 61, 33, 2, 2, 10],
    [1, 34, 9, 0, 1, 3],
    [2, 86, 67, 5, 17, 12],
    [2, 63, 29, 9, 9, 9],
    [3, 46, 17, 0, 7, 3],
    [1, 66, 31, 2, 3, 7],
    [1, 57, 31, 1, 3, 7],
    [5, 67, 37, 1, 7, 5],
    [1, 53, 34, 1, 2, 6],
    [2, 71, 65, 4, 5, 6],
    [1, 67, 39, 0, 7, 9],
    [0, 5, 5, 1, 0, 0],
    [2, 53, 42, 2, 2, 2],
    [0, 28, 27, 0, 3, 5],
    [0, 77, 37, 1, 5, 4],
    [1, 40, 20, 3, 7, 4],
    [1, 51, 21, 1, 8, 6],
    [1, 68, 48, 0, 5, 7],
    [0, 91, 41, 0, 6, 7],
    [0, 49, 36, 4, 3, 4],
    [5, 64, 30, 1, 8, 6],
    [3, 42, 17, 0, 3, 1],
    [1, 13, 11, 4, 1, 2],
    [1, 47, 33, 1, 12, 2],
    [1, 42, 17, 6, 6, 4],
    [2, 76, 32, 3, 12, 9],
    [2, 17, 2, 3, 1, 11],
    [0, 2, 1, 3, 2, 2],
    [1, 17, 6, 12, 2, 12],
    [0, 68, 30, 3, 5, 15],
    [0, 60, 27, 2, 2, 11],
    [0, 3, 2, 1, 1, 3],
    [0, 58, 44, 0, 6, 10],
    [0, 68, 30, 3, 5, 15],
    [3, 77, 35, 0, 7, 13],
    [0, 77, 45, 0, 4, 11],
    [2, 60, 48, 1, 3, 5],
    [3, 100, 37, 0, 9, 12],
    [1, 60, 51, 1, 5, 10],
    [0, 34, 25, 1, 1, 1],
    [1, 53, 32, 0, 0, 7],
    [0, 38, 28, 3, 6, 3],
    [7, 52, 27, 4, 8, 8],
    [1, 23, 19, 1, 3, 3],
    [2, 42, 25, 2, 9, 7],
    [0, 16, 9, 1, 1, 3],
    [2, 28, 14, 2, 1, 3],
    [5, 73, 30, 2, 7, 8],
    [2, 25, 7, 2, 3, 5],
    [1, 13, 10, 1, 1, 0],
    [0, 10, 10, 1, 5, 2],
    [8, 74, 35, 7, 4, 12],
    [4, 62, 41, 9, 7, 9],
    [0, 18, 7, 0, 2, 2],
    [2, 86, 59, 5, 14, 9],
    [1, 113, 38, 3, 8, 7],
    [0, 39, 21, 5, 5, 5],
    [3, 128, 52, 4, 12, 21],
    [0, 119, 72, 3, 3, 5],
    [4, 79, 28, 2, 6, 6],
    [1, 13, 3, 1, 2, 0],
    [7, 178, 96, 4, 8, 12],
    [0, 34, 16, 0, 3, 1],
    [1, 37, 14, 4, 4, 5],
    [2, 87, 62, 3, 1, 7],
    [7, 77, 47, 6, 18, 7],
    [4, 140, 66, 3, 10, 21],
    [0, 122, 71, 2, 14, 11],
    [2, 77, 38, 1, 5, 6],
    [1, 53, 21, 1, 3, 13],
    [1, 64, 47, 5, 5, 11],
    [1, 70, 55, 1, 11, 5],
    [2, 108, 64, 3, 10, 7],
    [1, 70, 39, 1, 9, 6],
    [9, 127, 48, 5, 13, 12],
    [1, 86, 38, 0, 5, 7],
    [1, 23, 3, 9, 1, 1],
    [0, 15, 3, 2, 5, 2],
    [3, 17, 6, 3, 2, 1],
    [0, 6, 2, 5, 1, 0],
    [7, 52, 15, 6, 6, 7],
    [1, 98, 56, 1, 9, 11],
    [2, 45, 28, 2, 8, 15],
    [0, 10, 5, 2, 0, 3],
    [1, 61, 12, 2, 2, 7],
    [2, 17, 10, 1, 4, 4],
    [3, 33, 15, 2, 2, 1],
    [2, 9, 6, 3, 0, 2],
    [0, 32, 11, 0, 4, 4],
    [1, 34, 15, 4, 2, 10],
    [2, 34, 16, 0, 3, 6],
    [1, 54, 22, 2, 3, 11],
    [3, 48, 13, 0, 4, 3],
    [2, 55, 43, 2, 6, 2],
    [0, 65, 28, 1, 5, 6],
    [2, 22, 11, 2, 0, 3],
    [2, 45, 16, 4, 2, 6],
    [3, 34, 21, 3, 2, 1],
    [2, 29, 20, 1, 7, 1],
    [2, 75, 34, 3, 3, 6],
    [2, 9, 1, 6, 0, 0],
    [3, 14, 0, 2, 0, 0],
    [2, 6, 2, 1, 1, 0],
    [15, 28, 10, 3, 3, 0],
    [7, 18, 7, 0, 1, 0],
    [1, 11, 4, 0, 2, 2],
    [4, 19, 7, 1, 3, 2],
    [2, 14, 4, 1, 1, 0],
    [10, 28, 13, 1, 2, 3],
    [2, 18, 6, 1, 0, 2],
    [1, 3, 1, 2, 1, 0],
    [3, 13, 9, 2, 4, 3],
    [0, 14, 3, 2, 0, 1],
    [4, 5, 4, 1, 1, 2],
    [1, 18, 4, 7, 1, 3],
    [2, 7, 4, 0, 0, 0],
    [2, 41, 12, 1, 3, 3],
    [1, 16, 2, 1, 0, 1],
    [3, 31, 22, 1, 3, 4],
    [1, 19, 5, 3, 2, 0],
    [4, 21, 10, 2, 3, 4],
    [2, 23, 8, 1, 3, 2],
    [1, 24, 3, 4, 4, 1],
    [4, 9, 3, 4, 1, 1],
    [1, 3, 5, 0, 1, 0],
    [0, 8, 4, 0, 0, 0],
    [1, 12, 6, 9, 1, 0],
    [0, 5, 3, 0, 0, 1],
    [2, 14, 5, 0, 2, 0],
    [2, 20, 8, 0, 1, 4],
    [0, 10, 3, 1, 0, 1],
    [0, 7, 7, 1, 3, 0],
    [1, 31, 15, 1, 8, 1],
    [0, 15, 3, 1, 1, 2],
    [1, 19, 9, 1, 2, 0],
    [2, 13, 6, 2, 1, 0],
    [4, 41, 17, 2, 2, 0],
    [2, 24, 9, 2, 2, 2],
    [0, 9, 4, 1, 0, 0],
    [1, 24, 13, 1, 4, 1],
    [1, 59, 20, 1, 3, 9],
    [2, 13, 3, 0, 3, 1],
    [3, 16, 1, 4, 1, 1],
    [1, 19, 7, 4, 3, 5],
    [0, 4, 2, 1, 2, 0],
    [0, 20, 11, 3, 3, 1],
    [5, 12, 1, 1, 3, 1],
    [0, 6, 3, 1, 0, 2],
    [0, 13, 2, 0, 2, 1],
    [1, 15, 13, 0, 2, 1],
    [0, 14, 6, 2, 1, 0],
    [1, 36, 9, 0, 3, 1],
    [3, 23, 4, 2, 2, 2],
    [4, 31, 9, 3, 4, 4],
    [1, 16, 4, 4, 3, 2],
    [0, 4, 3, 1, 0, 0],
    [4, 6, 3, 5, 0, 1],
    [0, 4, 1, 0, 0, 2],
    [1, 12, 1, 3, 1, 1],
    [3, 30, 8, 4, 2, 1],
    [4, 40, 11, 2, 4, 1],
    [1, 5, 5, 0, 0, 0],
    [2, 38, 13, 1, 2, 0],
    [0, 22, 15, 1, 4, 2],
    [1, 13, 9, 0, 2, 2],
    [0, 11, 3, 0, 1, 1],
    [1, 24, 14, 2, 4, 2],
    [1, 10, 3, 3, 1, 0],
    [1, 3, 0, 2, 1, 0],
    [4, 14, 4, 5, 0, 0],
    [0, 5, 1, 1, 3, 0],
    [0, 4, 1, 3, 1, 0],
    [2, 4, 2, 4, 2, 0],
    [0, 7, 2, 1, 1, 1],
    [0, 3, 2, 3, 3, 0],
    [1, 8, 4, 2, 5, 1],
    [0, 11, 5, 3, 3, 4],
    [0, 12, 6, 4, 0, 2],
    [1, 5, 2, 3, 0, 0],
    [0, 1, 1, 5, 1, 0],
    [1, 24, 7, 0, 1, 2],
    [1, 9, 3, 2, 4, 4],
    [0, 20, 13, 3, 6, 0],
    [0, 27, 9, 6, 5, 2],
    [0, 10, 4, 3, 1, 1],
    [0, 21, 9, 3, 8, 1],
    [1, 15, 7, 2, 1, 3],
    [1, 36, 10, 1, 6, 4],
    [1, 6, 2, 4, 1, 0],
    [0, 23, 5, 3, 2, 6],
    [2, 52, 20, 1, 3, 6],
    [0, 60, 23, 2, 5, 12],
    [2, 38, 14, 2, 3, 2],
    [0, 13, 6, 3, 0, 3],
    [0, 78, 37, 3, 2, 3],
    [1, 3, 0, 2, 0, 0],
    [1, 26, 7, 3, 3, 3],
    [0, 6, 2, 1, 1, 0],
    [0, 8, 3, 4, 0, 2],
    [6, 9, 5, 5, 2, 2],
    [2, 13, 4, 2, 1, 1],
    [1, 5, 0, 0, 2, 0],
    [1, 16, 3, 3, 1, 1],
    [2, 20, 12, 0, 5, 0],
    [1, 6, 3, 4, 2, 1],
    [2, 103, 68, 4, 4, 6],
    [1, 12, 13, 3, 0, 1],
    [1, 42, 19, 1, 4, 3],
    [3, 73, 18, 4, 4, 16],
    [2, 28, 9, 0, 2, 1],
    [0, 12, 5, 1, 3, 0],
    [0, 33, 16, 0, 3, 6],
    [1, 82, 24, 2, 5, 7],
    [4, 92, 34, 1, 10, 9],
    [0, 4, 1, 0, 1, 0],
    [0, 4, 2, 1, 1, 0],
    [3, 10, 5, 5, 0, 0],
    [2, 42, 14, 2, 5, 1],
    [0, 12, 15, 1, 4, 0],
    [2, 30, 11, 1, 8, 3],
    [3, 4, 4, 1, 0, 0],
    [0, 41, 15, 0, 2, 3],
    [4, 39, 15, 4, 3, 4],
    [1, 31, 14, 0, 3, 3],
    [5, 49, 21, 3, 6, 3],
    [1, 19, 46, 0, 2, 0],
    [1, 12, 2, 4, 1, 1],
    [4, 8, 3, 5, 3, 2],
    [1, 9, 2, 2, 0, 0],
    [5, 34, 3, 1, 4, 4],
    [1, 16, 5, 3, 0, 4],
    [2, 7, 0, 2, 0, 2],
    [2, 2, 2, 1, 1, 0],
    [4, 34, 12, 17, 10, 4],
    [0, 24, 6, 1, 1, 4],
    [29, 418, 264, 56, 52, 50],
    [7, 104, 62, 4, 7, 13],
    [86, 1195, 684, 72, 115, 85],
    [7, 62, 21, 4, 8, 16]
  ],
  "method": "mult",
  "cond_prob": [
    [
      [0, 0.30100559695, 0.69841212555, 0.00058227750476],
      [0, 0.5266860941, 0.42876034115, 0.044553564753],
      [0, 0.12197926857, 0.86040620473, 0.017614526693],
      [0, 0.40332286929, 0.37342587892, 0.22325125179],
      [0, 0.45141237851, 0.44109120183, 0.10749641966],
      [6.162975822e-33, 0.53252901023, 0.15259378665, 0.31487720312]
    ],
    [
      [3.2740809055e-32, 0.27791715058, 0.72138676597, 0.00069608345284],
      [0, 0.48965449694, 0.4670658419, 0.043279661168],
      [0, 0.10860879114, 0.87077425828, 0.020616950581],
      [0, 0.35968908029, 0.36640324094, 0.27390767877],
      [0, 0.41842403613, 0.44968913162, 0.13188683225],
      [4.1689546596e-48, 0.47132723294, 0.14808796442, 0.38058480264]
    ],
    [
      [5.54774258e-06, 0.35219856131, 0.64754469692, 0.000251194031],
      [0.0037669949705, 0.61009799841, 0.3665612455, 0.019573761118],
      [0.0011119846959, 0.14959843708, 0.84129108361, 0.0079984946067],
      [0.00035969091052, 0.51625048157, 0.37572529475, 0.10766453277],
      [0.0019604694855, 0.53740280901, 0.41304288439, 0.047593837122],
      [0.43599523736, 0.38996278906, 0.087435225318, 0.086606748256]
    ],
    [
      [1.5022253566e-32, 0.29451691454, 0.70485832447, 0.00062476098489],
      [0, 0.51572578515, 0.45224276121, 0.032031453643],
      [0, 0.11683094207, 0.8644078875, 0.018761170431],
      [0, 0.38843992025, 0.36416796353, 0.24739211622],
      [8.3266726847e-17, 0.44345892064, 0.43880906014, 0.11773201922],
      [0, 0.50876491881, 0.1468219079, 0.3444131733]
    ],
    [
      [1.3177288067e-05, 0.29627624186, 0.70354988566, 0.00016069518898],
      [0.037531301867, 0.52631050656, 0.42266651768, 0.013491673893],
      [0.0025246900219, 0.12058653669, 0.87200891932, 0.004879853969],
      [0.0009377575592, 0.47611943735, 0.45002948572, 0.072913319368],
      [0.0049699211588, 0.48204822886, 0.48100499587, 0.031976854112],
      [0.6495525339, 0.24068505451, 0.070280866978, 0.03948154461]
    ],
    [
      [0, 0.22412849288, 0.77556354535, 0.00030796176951],
      [2.3227853065e-17, 0.41975132049, 0.56517957664, 0.015069102864],
      [0, 0.085467748719, 0.90574195638, 0.0087902949009],
      [0, 0.36270977885, 0.49622046711, 0.14106975404],
      [0, 0.38275101676, 0.55295405674, 0.064294926494],
      [0, 0.54395696475, 0.2292398566, 0.22680317865]
    ],
    [
      [0, 0.25106677205, 0.74846384149, 0.00046938646517],
      [5.4439619761e-33, 0.45777433241, 0.5033601156, 0.03886555199],
      [0, 0.097740245898, 0.88857296832, 0.01368678578],
      [0, 0.3662617384, 0.43422434052, 0.19951392108],
      [2.0816681712e-16, 0.40273253698, 0.5038970735, 0.093370389521],
      [0, 0.51363070415, 0.188283277, 0.29808601885]
    ],
    [
      [6.6445559616e-06, 0.29907675711, 0.70073150082, 0.00018509751187],
      [0.011205011467, 0.53849370692, 0.43544912541, 0.014852156207],
      [0.001277484319, 0.12207140351, 0.87100968321, 0.0056414289566],
      [0.00046634611623, 0.47387951132, 0.44188216357, 0.083771979],
      [0.0024963960709, 0.4840954082, 0.47656511419, 0.036843081533],
      [0.54247524401, 0.30977621408, 0.089220618989, 0.058527922922]
    ],
    [
      [2.0891173081e-05, 0.33695424276, 0.66269145693, 0.00033340913492],
      [0.082936160571, 0.56490464077, 0.32158741826, 0.030571780398],
      [0.0041140272826, 0.14017880134, 0.84525735813, 0.01044981324],
      [0.0013175601876, 0.48130972522, 0.37434346241, 0.14302925218],
      [0.0073136616895, 0.51040277728, 0.41890407233, 0.063379488696],
      [0.75565802897, 0.15709234114, 0.037734552085, 0.049515077808]
    ],
    [
      [0, 0.23937025325, 0.76062974675, 0],
      [2.0185873175e-17, 0.47348039238, 0.52651960762, 0],
      [0, 0.090826202868, 0.90917379713, 0],
      [0, 0.45200488958, 0.54799511042, 0],
      [0, 0.43796326638, 0.56203673362, 0],
      [0, 0.73163187851, 0.26836812149, 0]
    ],
    [
      [0, 0.32952615439, 0.67047384561, 0],
      [0, 0.59058237613, 0.40941762387, 0],
      [0, 0.13938826723, 0.86061173277, 0],
      [0, 0.55410142261, 0.44589857739, 0],
      [0.0022090461094, 0.53924375092, 0.45854720297, 0],
      [0.5, 0.40275435847, 0.097245641529, 0]
    ],
    [
      [1.0115606269e-16, 0.36331096271, 0.63597121418, 0.00071782311148],
      [0, 0.62905957939, 0.33247952355, 0.038460897058],
      [0, 0.14676525527, 0.83051761807, 0.022717126662],
      [0, 0.42256125524, 0.27454132273, 0.30289742203],
      [8.3266726847e-17, 0.51223145249, 0.35213868497, 0.13562986254],
      [0, 0.51718021578, 0.10109556209, 0.38172422213]
    ],
    [
      [6.9333477998e-33, 0.23171855369, 0.76787019069, 0.00041125562306],
      [1.5407439555e-33, 0.4308677687, 0.55420549904, 0.014926732264],
      [0, 0.086149807889, 0.90207591905, 0.011774273064],
      [0, 0.35392830982, 0.44875137378, 0.19732031639],
      [0, 0.39019302458, 0.52205276144, 0.08775421398],
      [1.1102230246e-16, 0.50534862489, 0.19615774008, 0.29849363503]
    ],
    [
      [1.1102230246e-16, 0.43635960174, 0.56364039826, 0],
      [6.1679056924e-17, 0.74195599745, 0.25804400255, 0],
      [0, 0.196484101, 0.803515899, 0],
      [0, 0.66998775899, 0.33001224101, 0],
      [0, 0.65785935442, 0.34214064558, 0],
      [0, 0.86931051594, 0.13068948406, 0]
    ],
    [
      [1.2038735309e-05, 0.37610939171, 0.62387856956, 0],
      [0.016476176561, 0.65804679996, 0.32547702348, 0],
      [0.0024502292215, 0.15940905421, 0.83814071657, 0],
      [0.0008598988743, 0.61358153818, 0.38555856294, 0],
      [0.0043809470786, 0.59787227716, 0.39774677576, 0],
      [0.79652552395, 0.17103875387, 0.032435722184, 0]
    ],
    [
      [4.0520448183e-05, 0.41980897124, 0.5797156285, 0.00043487980746],
      [0.087925735757, 0.66839729915, 0.21438218364, 0.029294781454],
      [0.0085641238808, 0.18479696054, 0.79206036869, 0.014578546885],
      [0.0022765760998, 0.53589477362, 0.28889369849, 0.1729349518],
      [0.013010444801, 0.5804822913, 0.33013873047, 0.07636853343],
      [1, 0, 0, 0]
    ],
    [
      [0, 0.2973632275, 0.70248318019, 0.00015359230508],
      [1.3577806108e-32, 0.53489715081, 0.4559495943, 0.0091532548882],
      [0, 0.12139941094, 0.87392115788, 0.0046794311812],
      [0, 0.47953931541, 0.45047977808, 0.069980906505],
      [0, 0.48661272363, 0.48264022696, 0.030747049408],
      [0, 0.69141563344, 0.20050969888, 0.10807466768]
    ],
    [
      [3.37759964e-32, 0.3286625354, 0.67091140722, 0.00042605737496],
      [0, 0.57519426627, 0.39493925449, 0.029866479238],
      [0, 0.13584381278, 0.85095014844, 0.01320603878],
      [0, 0.4590983133, 0.36943955881, 0.1714621279],
      [0, 0.49755966909, 0.42295702924, 0.079483301673],
      [0, 0.60735581157, 0.15023723783, 0.2424069506]
    ],
    [
      [0, 0.54023058354, 0.45869461133, 0.0010748051355],
      [0, 0.77409270037, 0.15719006843, 0.068717231207],
      [2.0816681712e-17, 0.25180666615, 0.7084289045, 0.039764429353],
      [5.5511151231e-17, 0.47794918303, 0.14584072849, 0.37621008847],
      [0, 0.62568794863, 0.20258995645, 0.17172209493],
      [5.5511151231e-17, 0.53007021379, 0.04781701765, 0.42211276856]
    ],
    [
      [0, 0.31246735466, 0.68700389467, 0.00052875067235],
      [8.4740917553e-33, 0.55254549222, 0.41199441698, 0.035460090795],
      [0, 0.12537417662, 0.85840427423, 0.016221549155],
      [5.5511151231e-17, 0.41398907323, 0.35319465445, 0.23281627232],
      [0, 0.47120413364, 0.42461846984, 0.10417739653],
      [0, 0.54135338288, 0.14143053191, 0.31721608521]
    ],
    [
      [0, 0.24075663047, 0.75924336953, 0],
      [5.5511151231e-17, 0.46942749324, 0.53057250676, 0],
      [0, 0.087415708484, 0.91258429152, 0],
      [0, 0.46594534915, 0.53405465085, 0],
      [0, 0.45264185039, 0.54735814961, 0],
      [0, 0.74265297746, 0.25734702254, 0]
    ],
    [
      [0, 0.74122392202, 0.25800162141, 0.00077445656393],
      [5.742791383e-17, 0.93159449167, 0.031166166985, 0.037239341342],
      [0, 0.4465746529, 0.51667017603, 0.036755171071],
      [0, 0.6791682047, 0.084729765177, 0.23610203012],
      [0, 0.7895427663, 0.10447586049, 0.1059813732],
      [5.5511151231e-17, 0.71239957358, 0.026295550886, 0.26130487553]
    ],
    [
      [1.1193475477e-05, 0.27855345979, 0.72023178208, 0.0012035646505],
      [0.022552709459, 0.47870536029, 0.39039583148, 0.10834609877],
      [0.0020273954642, 0.10560119038, 0.85741159574, 0.034959818409],
      [0.00051108204422, 0.28957294877, 0.28669849602, 0.42321747316],
      [0.0035170368444, 0.38086359087, 0.39910998877, 0.21650938351],
      [0.63510185773, 0.12951185456, 0.038843504818, 0.1965427829]
    ],
    [
      [4.2806512404e-05, 0.41602970913, 0.58392748436, 0],
      [0.094573467859, 0.65762967047, 0.24779686167, 0],
      [0.0090886793678, 0.18263174781, 0.80827957282, 0],
      [0.002924977017, 0.64867294364, 0.34840207934, 0],
      [0.014942820405, 0.62847365132, 0.35658352827, 0],
      [1, 0, 0, 0]
    ],
    [
      [5.1662916629e-06, 0.30424133383, 0.69551807737, 0.00023542251067],
      [0.0033164350202, 0.54814906423, 0.42959615553, 0.018938345222],
      [0.00099497212434, 0.12424727223, 0.86755645098, 0.007201304669],
      [0.00035227373496, 0.46882917436, 0.42503547888, 0.10578307302],
      [0.0019125228956, 0.48609628074, 0.46532901888, 0.046662177485],
      [0.43846185773, 0.36945295901, 0.10328824566, 0.088796937597]
    ],
    [
      [2.5220047774e-05, 0.35836254709, 0.64125078608, 0.00036144678393],
      [0.37451521776, 0.50723081324, 0.076252629036, 0.042001339969],
      [0.0050141109431, 0.14907374311, 0.83447373341, 0.011438412539],
      [0.0015484948972, 0.50181830575, 0.34672842905, 0.14990477031],
      [0.0086068482074, 0.53449337156, 0.39006312185, 0.066836658378],
      [0.73836236218, 0.17094590377, 0.036126614024, 0.054565120022]
    ],
    [
      [1.7545690716e-05, 0.29869653849, 0.70008019143, 0.0012057243911],
      [0.026379767085, 0.49795062108, 0.37145268189, 0.10421692995],
      [0.0032412144954, 0.11474804967, 0.84668148564, 0.03532925019],
      [0, 0.34082766258, 0.23442551162, 0.4247468258],
      [0.0054734561108, 0.4068320923, 0.386197696, 0.20149675559],
      [0.87055161577, 0.051050955871, 0.014009165106, 0.064388263255]
    ],
    [
      [0, 0.2178553298, 0.78135701288, 0.00078765731902],
      [0, 0.43470921365, 0.50261727919, 0.062673507163],
      [0, 0.075989497452, 0.90213672607, 0.021873776479],
      [0, 0.26966262356, 0.3492384115, 0.38109896494],
      [0, 0.34882784729, 0.4783993664, 0.1727727863],
      [0, 0.35431643215, 0.1367596209, 0.50892394695]
    ],
    [
      [2.048502105e-05, 0.39483590032, 0.60514361466, 0],
      [0.058177883386, 0.64926023317, 0.29256188344, 0],
      [0.0042842609159, 0.17432956367, 0.82138617541, 0],
      [0.0014270201433, 0.62283558172, 0.37573739813, 0],
      [0.0072794174934, 0.60637792026, 0.38634266224, 0],
      [0.82393175634, 0.14851637715, 0.027551866507, 0]
    ],
    [
      [2.7237998322e-32, 0.28056067724, 0.71943932276, 0],
      [6.6613381478e-17, 0.51721576395, 0.48278423605, 0],
      [0, 0.10832488219, 0.89167511781, 0],
      [0, 0.50927505974, 0.49072494026, 0],
      [0, 0.49575710222, 0.50424289778, 0],
      [0, 0.77323353236, 0.22676646764, 0]
    ],
    [
      [5.3676916738e-06, 0.33424581367, 0.66515435746, 0.000594461171],
      [0, 0.57544969557, 0.37716109768, 0.047389206751],
      [0, 0.13767969988, 0.84387475748, 0.018445542638],
      [0, 0.43414582044, 0.33717475771, 0.22867942185],
      [0.0018020592859, 0.48915879884, 0.40101268581, 0.10802645607],
      [0.33273085767, 0.39354465578, 0.081745490737, 0.19197899581]
    ],
    [
      [3.2471855066e-17, 0.24202075723, 0.75750278298, 0.00047645978329],
      [1.6653345369e-17, 0.50065454068, 0.46165857022, 0.037686889103],
      [1.1275702594e-16, 0.086220930164, 0.90047712743, 0.013301942406],
      [0, 0.36201870974, 0.40210416205, 0.23587712822],
      [0, 0.4106711674, 0.48539466277, 0.10393416984],
      [0, 0.4972411375, 0.16124689839, 0.34151196411]
    ],
    [
      [0, 0.27103813095, 0.72830887462, 0.00065299442438],
      [4.1633363423e-17, 0.53972736145, 0.40306503224, 0.057207606309],
      [1.8735013541e-16, 0.09531193503, 0.8858079785, 0.018880086466],
      [0, 0.36718308251, 0.35688339008, 0.27593352741],
      [0, 0.43678875147, 0.42942499812, 0.13378625041],
      [1.1102230246e-16, 0.4609521136, 0.13059602378, 0.40845186263]
    ],
    [
      [0, 0.21723223333, 0.78276776667, 0],
      [0, 0.47383438544, 0.52616561456, 0],
      [0, 0.018055696907, 0.98194430309, 0],
      [1.1102230246e-16, 0.42443581226, 0.57556418774, 0],
      [0, 0.4120858469, 0.5879141531, 0],
      [0, 0.70535115782, 0.29464884218, 0]
    ],
    [
      [0, 0.34762546024, 0.65050807419, 0.0018664655678],
      [0, 0.560810124, 0.28083609547, 0.15835378053],
      [0, 0.13505780581, 0.80786149161, 0.057080702589],
      [0, 0.26398229716, 0.18697838206, 0.54903932077],
      [0, 0.40247561438, 0.30051056813, 0.29701381749],
      [-0, 0.30066884662, 0.065246544007, 0.63408460938]
    ],
    [
      [2.4047115841e-05, 0.29698388147, 0.70299207141, 0],
      [0.21228789115, 0.48442920573, 0.30328290313, 0],
      [0.0045362614252, 0.1162109161, 0.87925282248, 0],
      [0.0018673764759, 0.52853440237, 0.46959822115, 0],
      [0.0094084088584, 0.51043056955, 0.4801610216, 0],
      [0.85016110775, 0.1182173772, 0.031621515044, 0]
    ],
    [
      [1.1102230246e-16, 0.40537919565, 0.59462080435, 0],
      [0, 0.70685407346, 0.29314592654, 0],
      [0, 0.17258370617, 0.82741629383, 0],
      [0, 0.65055969131, 0.34944030869, 0],
      [1.1102230246e-16, 0.6374415531, 0.3625584469, 0],
      [0, 0.86157966157, 0.13842033843, 0]
    ],
    [
      [0, 0.31630194255, 0.68369805745, 0],
      [0, 0.585966842, 0.414033158, 0],
      [0, 0.12897652417, 0.87102347583, 0],
      [6.162975822e-33, 0.54541412635, 0.45458587365, 0],
      [0, 0.5314836126, 0.4685163874, 0],
      [0, 0.79771316131, 0.20228683869, 0]
    ],
    [
      [0, 0.14577099777, 0.8537654494, 0.0004635528289],
      [0, 0.30030977814, 0.65798470362, 0.041705518237],
      [0, 0.051308906268, 0.93622625168, 0.012464842052],
      [0.00046926789305, 0.2315137443, 0.52689455741, 0.24112243039],
      [0, 0.26132553561, 0.63078464215, 0.10788982223],
      [0.5, 0.14996372207, 0.18677338933, 0.16326288861]
    ],
    [
      [1.1069704181e-16, 0.36435045736, 0.63508358071, 0.00056596193573],
      [0, 0.61691059714, 0.33878757164, 0.044301831223],
      [5.2041704279e-17, 0.15430849362, 0.82764946593, 0.018042040455],
      [0, 0.46660029441, 0.31974655607, 0.21365314952],
      [0, 0.52163904054, 0.37755835527, 0.10080260419],
      [-0, 0.58886906234, 0.12401615827, 0.28711477939]
    ],
    [
      [0, 0.33917495548, 0.65990820133, 0.00091684319294],
      [1.1412002296e-16, 0.57385438096, 0.36406406928, 0.062081549757],
      [0, 0.13916093942, 0.83245035398, 0.028388706605],
      [0, 0.38877341185, 0.29839879126, 0.31282779689],
      [8.3266726847e-17, 0.46573187793, 0.37711005313, 0.15715806894],
      [0, 0.47778824287, 0.11330142328, 0.40891033385]
    ],
    [
      [0, 0.22405117233, 0.77537731504, 0.00057151263368],
      [0, 0.43121921318, 0.52041792474, 0.048362862085],
      [0, 0.083871455857, 0.89994784978, 0.01618069436],
      [5.7777898332e-33, 0.32158878356, 0.43355112689, 0.24486008955],
      [4.1633363423e-17, 0.36455868869, 0.51933488943, 0.11610642187],
      [5.5511151231e-17, 0.44989382992, 0.185654268, 0.36445190209]
    ],
    [
      [0, 0.27893338061, 0.72074636553, 0.00032025386009],
      [4.6222318665e-33, 0.51933034289, 0.4642684553, 0.016401201815],
      [0, 0.10883645084, 0.88165463648, 0.0095089126742],
      [0, 0.42706961194, 0.42387876771, 0.14905162035],
      [0, 0.45579518983, 0.47849948993, 0.065705320241],
      [0, 0.59796073043, 0.18035607026, 0.22168319931]
    ],
    [
      [0, 0.33486904417, 0.66424158482, 0.00088937100471],
      [5.3866382531e-19, 0.56773609665, 0.35521065307, 0.077053250277],
      [0, 0.13503745804, 0.83778547671, 0.027177065253],
      [0, 0.39289940062, 0.29999400882, 0.30710659056],
      [5.5511151231e-17, 0.46800623801, 0.37804497317, 0.15394878882],
      [0, 0.4837954727, 0.11223229548, 0.40397223182]
    ],
    [
      [0, 0.32918856675, 0.67081143325, 0],
      [9.2518585385e-18, 0.62183817003, 0.37816182997, 0],
      [0, 0.12899693519, 0.87100306481, 0],
      [5.5511151231e-17, 0.57725636725, 0.42274363275, 0],
      [0, 0.56271767739, 0.43728232261, 0],
      [8.3266726847e-17, 0.82202959788, 0.17797040212, 0]
    ],
    [
      [0, 0.31925467368, 0.68020119809, 0.00054412822803],
      [3.023375201e-17, 0.57922732318, 0.37978234189, 0.040990334931],
      [1.2143064332e-16, 0.124817094, 0.85867568496, 0.016507221043],
      [0, 0.42428409853, 0.33485962178, 0.24085627969],
      [0, 0.48601172335, 0.40656433912, 0.10742393753],
      [-0, 0.54620513826, 0.12886042663, 0.32493443511]
    ],
    [
      [0, 0.28598923532, 0.71401076468, 0],
      [0, 0.49092368066, 0.50907631934, 0],
      [0, 0.10389078321, 0.89610921679, 0],
      [5.5511151231e-17, 0.53698131018, 0.46301868982, 0],
      [0, 0.52314135452, 0.47685864548, 0],
      [0, 0.79630603709, 0.20369396291, 0]
    ],
    [
      [1.1102230246e-16, 0.27916497787, 0.72083502213, 0],
      [0, 0.58078949956, 0.41921050044, 0],
      [0, 0.10111045316, 0.89888954684, 0],
      [5.5511151231e-17, 0.5315676485, 0.4684323515, 0],
      [0, 0.51526300261, 0.48473699739, 0],
      [0, 0.79846808126, 0.20153191874, 0]
    ],
    [
      [2.0599841277e-17, 0.36914405051, 0.62984850202, 0.0010074474639],
      [1.3530843113e-16, 0.63260490847, 0.29669230711, 0.070702784419],
      [0, 0.14728377664, 0.82131370404, 0.031402519319],
      [0, 0.40097430251, 0.25070285816, 0.34832283933],
      [0, 0.49826338279, 0.32977068777, 0.17196592944],
      [0, 0.47382652251, 0.088724101246, 0.43744937625]
    ],
    [
      [0, 0.1611931103, 0.8388068897, 0],
      [0, 0.30277455982, 0.69722544018, 0],
      [1.1102230246e-16, 0.050791808663, 0.94920819134, 0],
      [0, 0.3696056967, 0.6303943033, 0],
      [0, 0.35525856545, 0.64474143455, 0],
      [0, 0.67127881519, 0.32872118481, 0]
    ],
    [
      [1.7248220847e-16, 0.29039035258, 0.70918090464, 0.00042874278036],
      [0, 0.5097442365, 0.46062459913, 0.029631164369],
      [0, 0.11704672888, 0.87002962129, 0.012923649828],
      [5.5511151231e-17, 0.41665596764, 0.40565276073, 0.17769127163],
      [0, 0.45253511988, 0.46490215983, 0.082562720289],
      [1.9882275197e-16, 0.56935892064, 0.17161328494, 0.25902779442]
    ],
    [
      [5.779493042e-06, 0.30449561649, 0.69511384139, 0.00038476262367],
      [0.0021712773413, 0.53646636212, 0.43240366684, 0.028958693702],
      [0.0011108027147, 0.12472500945, 0.86246212498, 0.011702062862],
      [0.00037197529865, 0.44177966685, 0.40392786306, 0.15392049478],
      [0.0020766311324, 0.47114162389, 0.45466959169, 0.072112153286],
      [0.38259868207, 0.37247927847, 0.10547036062, 0.13945167884]
    ],
    [
      [1.7766247173e-16, 0.19379055872, 0.80557451013, 0.00063493114946],
      [0, 0.37218347605, 0.58358292411, 0.044233599841],
      [0, 0.071670186734, 0.91074113562, 0.017588677648],
      [1.6653345369e-16, 0.27779569062, 0.45736100962, 0.26484329976],
      [0, 0.31798710226, 0.55290247178, 0.12911042596],
      [5.9571594123e-17, 0.39631749095, 0.2010111259, 0.40267138315]
    ],
    [
      [1.0847407998e-05, 0.28707662923, 0.71227506176, 0.00063746160727],
      [0.031610420125, 0.49367827194, 0.42058321582, 0.054128092117],
      [0.0020403280096, 0.11527805911, 0.86373089739, 0.018950715498],
      [0.00064485236921, 0.38430392467, 0.38326005445, 0.23179116851],
      [0.0037731647244, 0.42945006773, 0.45199016756, 0.11478659998],
      [0.5064510113, 0.25197621831, 0.07793250588, 0.16364026451]
    ],
    [
      [1.1313766854e-05, 0.30059960602, 0.69887164329, 0.00051743692169],
      [0.03327836438, 0.51869785234, 0.4043339951, 0.043689788171],
      [0.0021570742236, 0.12221114494, 0.86003305111, 0.015598729724],
      [0.000694907258, 0.41604980588, 0.3876663832, 0.19558890367],
      [0.0039750569436, 0.45456716469, 0.44708065922, 0.094377119151],
      [0.53320617625, 0.26012890577, 0.075059239755, 0.13160567822]
    ],
    [
      [1.1164172598e-05, 0.30037212113, 0.69915152649, 0.00046518821196],
      [0.026769846592, 0.5233750732, 0.41058609915, 0.039268981054],
      [0.0021297651677, 0.12189190277, 0.86191766477, 0.014060667292],
      [0.00069611244807, 0.4225287176, 0.39250636815, 0.1842688018],
      [0.0039600518112, 0.45900940533, 0.45012953053, 0.086901012329],
      [0.56820906457, 0.24613402829, 0.070692614943, 0.1149642922]
    ],
    [
      [3.8996536561e-06, 0.33812398801, 0.66102823798, 0.00084387435817],
      [0.0040207801331, 0.56692977765, 0.36493218125, 0.064117260967],
      [0.00076088560163, 0.14061350118, 0.83256946764, 0.026056145582],
      [0.00020692180349, 0.4043913257, 0.316666985, 0.2787347675],
      [0.0012566870093, 0.46909079668, 0.38772139757, 0.14193111874],
      [0.24383617904, 0.38134815849, 0.092470877104, 0.28234478537]
    ],
    [
      [6.2220011677e-06, 0.32585366947, 0.67304550407, 0.0010946044583],
      [0.012541598533, 0.53978289036, 0.36019429789, 0.087481213219],
      [0.0011921371077, 0.13299202753, 0.83261434928, 0.033201486081],
      [0.00030687049454, 0.36236712926, 0.29956250045, 0.3377634998],
      [0.0019401981598, 0.4376369069, 0.38185444494, 0.17856845],
      [0.32029127804, 0.30121298238, 0.07710126476, 0.30139447482]
    ],
    [
      [6.937638031e-06, 0.29472476617, 0.70486444877, 0.00040384742147],
      [0.010912568269, 0.51970011645, 0.43677218348, 0.032615131799],
      [0.001322281997, 0.11975009739, 0.86674814531, 0.012179475306],
      [0.00044670379659, 0.42763790643, 0.41006168219, 0.16185370758],
      [0.0025049873615, 0.45794511971, 0.46345952837, 0.076090364559],
      [0.44038343771, 0.32849220384, 0.09759634113, 0.13352801732]
    ],
    [
      [1.466713116e-05, 0.40731354395, 0.59198539848, 0.00068639044045],
      [0.049069294616, 0.64663328178, 0.24832587024, 0.055971553368],
      [0.0030476837961, 0.18021590749, 0.79415171238, 0.022584696335],
      [0.00077790035006, 0.48718556496, 0.2833493844, 0.22868715029],
      [0.0045748117382, 0.54728366189, 0.33593277815, 0.11220874822],
      [0.54762732422, 0.26867146307, 0.048395052887, 0.13530615982]
    ],
    [
      [1.1019805642e-05, 0.32270947109, 0.67592239964, 0.0013571094557],
      [0.03167609091, 0.52243064798, 0.33228395128, 0.11360930983],
      [0.0020902582733, 0.13055294681, 0.82664548578, 0.040711309139],
      [0.00050592591294, 0.33378902926, 0.28073621956, 0.38496882527],
      [0.0033018725564, 0.4160079999, 0.36922438913, 0.21146573841],
      [0.43276260859, 0.22681123202, 0.059161876724, 0.28126428266]
    ],
    [
      [7.8460568764e-06, 0.31340067116, 0.68612194516, 0.00046953762809],
      [0.014012902886, 0.54352934357, 0.40450679109, 0.037950962459],
      [0.0015153066128, 0.1290500624, 0.85508731916, 0.014347311828],
      [0.00048484580629, 0.43644247252, 0.38306851524, 0.18000416644],
      [0.0027517684727, 0.47313621954, 0.43829472134, 0.085817290644],
      [0.44252981371, 0.32502525993, 0.088383839492, 0.14406108687]
    ],
    [
      [0, 0.25270667084, 0.74628112152, 0.0010122076378],
      [3.469446952e-17, 0.45613039348, 0.46314280022, 0.080726806301],
      [0, 0.091352773783, 0.87929688344, 0.029350342775],
      [0, 0.26258416367, 0.28780158172, 0.44961425462],
      [0, 0.36758656177, 0.42423867721, 0.20817476102],
      [0, 0.32918917894, 0.11039964029, 0.56041118077]
    ],
    [
      [0, 0.32475702112, 0.67395908778, 0.0012838910982],
      [2.6963019221e-33, 0.53706501656, 0.36412990066, 0.098805082781],
      [0, 0.13186942126, 0.82935131324, 0.038779265496],
      [0, 0.3405039088, 0.28299704528, 0.37649904592],
      [0, 0.4239120876, 0.37178803229, 0.20429988012],
      [0, 0.40934619722, 0.10543588901, 0.48521791377]
    ],
    [
      [8.7973037455e-06, 0.2699630749, 0.72964946384, 0.00037866395316],
      [0.011836986223, 0.48086381256, 0.47536226397, 0.03193693725],
      [0.0016416313929, 0.10687444797, 0.88027373951, 0.011210181121],
      [0.00058185709781, 0.40358061021, 0.43431073136, 0.16152680133],
      [0.0032582940962, 0.43190904753, 0.49042968308, 0.074402975296],
      [0.52289309117, 0.27089520208, 0.090235318581, 0.11597638817]
    ],
    [
      [2.5283846238e-06, 0.3328043463, 0.6666886716, 0.00050445371174],
      [0.0020475258778, 0.57225089813, 0.38754327611, 0.038158299881],
      [0.00049643086688, 0.13932237129, 0.84451003666, 0.015671161187],
      [0.00015173940061, 0.45002433629, 0.36149020091, 0.1883337234],
      [0.00086842991435, 0.49179383616, 0.4169543627, 0.09038337123],
      [0.20486966909, 0.46818989738, 0.1165085921, 0.21043184143]
    ],
    [
      [6.9318573516e-06, 0.38541456574, 0.61371912088, 0.0008593815274],
      [0.012162397905, 0.62516632202, 0.29423913595, 0.068432144126],
      [0.0014063171369, 0.16628776906, 0.80469673656, 0.027609177235],
      [0.00035286567462, 0.44273443824, 0.28129873397, 0.27561396212],
      [0.0021439942302, 0.51379976718, 0.34459750957, 0.13945872902],
      [0.36732606314, 0.3393438718, 0.066675485245, 0.22665457982]
    ],
    [
      [8.5926663515e-06, 0.20892057658, 0.79051110253, 0.00055972823143],
      [0.017626456577, 0.38816765091, 0.54496727851, 0.049238614006],
      [0.0015210215506, 0.078745983065, 0.90404747775, 0.015685517636],
      [0.0005597542947, 0.30692711349, 0.46415015844, 0.22836297378],
      [0.0032570072091, 0.3411313715, 0.54457400859, 0.1110376127],
      [0.50708080956, 0.2174809162, 0.10173640561, 0.17370186863]
    ],
    [
      [9.3998707982e-06, 0.32085749294, 0.67873246796, 0.00040063923095],
      [0.020707739391, 0.55440280503, 0.39190982247, 0.032979633107],
      [0.0018304451139, 0.13320939412, 0.85261523269, 0.012344928074],
      [0.00059245363771, 0.45573134606, 0.3866790677, 0.15699713261],
      [0.0033145392129, 0.48695608762, 0.43603966396, 0.073689709205],
      [0.49820432286, 0.30727434415, 0.080810016437, 0.11371131655]
    ],
    [
      [8.6015988634e-06, 0.3373877512, 0.66226396662, 0.0003396805863],
      [0.017393479129, 0.57929561544, 0.37601480317, 0.02729610226],
      [0.0017018960855, 0.14243404324, 0.84523394347, 0.010630117205],
      [0.00054804914872, 0.48420179009, 0.38147776232, 0.13377239844],
      [0.0030251083467, 0.51040363456, 0.42442829372, 0.062142963371],
      [0.4756092871, 0.34026877354, 0.083070209544, 0.10105172982]
    ],
    [
      [1.8116528304e-05, 0.32446829519, 0.67551358828, 0],
