{
  "X": [
    [35, 13, 20, 32],
    [30, 17, 22, 31],
    [26, 12, 24, 38],
    [37, 15, 19, 29],
    [32, 9, 20, 39],
    [30, 10, 20, 40],
    [35, 11, 12, 42],
    [24, 10, 22, 44],
    [29, 11, 23, 37],
    [30, 5, 28, 37],
    [34, 10, 21, 35],
    [32, 8, 25, 35],
    [34, 15, 23, 28],
    [28, 9, 20, 43],
    [28, 7, 17, 48],
    [32, 10, 18, 40],
    [28, 9, 33, 30],
    [19, 11, 56, 14],
    [18, 10, 58, 14],
    [17, 9, 61, 13],
    [16, 11, 64, 9],
    [13, 14, 57, 16],
    [18, 14, 57, 11],
    [22, 12, 54, 12],
    [19, 16, 54, 11],
    [24, 5, 58, 13],
    [17, 13, 58, 12],
    [24, 7, 54, 15],
    [20, 13, 57, 10],
    [19, 11, 59, 11],
    [15, 8, 62, 15],
    [21, 11, 52, 16],
    [23, 8, 60, 9],
    [33, 15, 38, 14],
    [40, 14, 31, 15],
    [34, 15, 27, 24],
    [30, 18, 32, 20],
    [50, 13, 19, 18],
    [38, 20, 23, 19],
    [38, 12, 32, 18],
    [46, 14, 24, 16],
    [38, 17, 28, 17],
    [38, 19, 24, 19],
    [37, 14, 31, 18],
    [37, 10, 33, 20],
    [47, 12, 21, 20],
    [39, 9, 29, 23],
    [34, 18, 29, 19],
    [32, 22, 27, 19],
    [41, 18, 24, 17]
  ],
  "W": [
    [58, 16, 26],
    [68, 18, 14],
    [68, 14, 18],
    [58, 18, 24],
    [69, 14, 17],
    [64, 14, 22],
    [75, 9, 16],
    [70, 14, 16],
    [68, 16, 16],
    [61, 20, 19],
    [62, 16, 22],
    [65, 20, 15],
    [59, 14, 27],
    [65, 16, 19],
    [73, 15, 12],
    [70, 12, 18],
    [52, 33, 15],
    [12, 69, 19],
    [18, 69, 13],
    [14, 77, 9],
    [10, 74, 16],
    [19, 70, 11],
    [18, 71, 11],
    [14, 63, 23],
    [15, 66, 19],
    [22, 68, 10],
    [17, 63, 20],
    [13, 69, 18],
    [15, 63, 22],
    [9, 71, 20],
    [19, 67, 14],
    [16, 61, 23],
    [16, 74, 10],
    [20, 33, 47],
    [16, 19, 65],
    [19, 14, 67],
    [13, 14, 73],
    [21, 10, 69],
    [17, 14, 69],
    [17, 18, 65],
    [15, 13, 72],
    [15, 16, 69],
    [21, 16, 63],
    [18, 12, 70],
    [18, 24, 58],
    [22, 14, 64],
    [17, 18, 65],
    [21, 19, 60],
    [19, 24, 57],
    [26, 15, 59]
  ],
  "method": "mvn_cdf",
  "mvncdf_method": "genz",
  "mvncdf_samples": 5000,
  "mvncdf_error": 0.001,
  "cond_prob": [
    [
      [0.34205452671, 0.10118365878, 0.06393806167, 0.49282375284],
      [0.10975076722, 0.10723144277, 0.75081914427, 0.032198645747],
      [0.51557019905, 0.20829402718, 0.16455715827, 0.1115786155]
    ],
    [
      [0.33187040203, 0.14865972633, 0.08742672545, 0.43204314619],
      [0.084768138509, 0.14112036443, 0.75076672602, 0.023344771042],
      [0.42192758347, 0.31078371786, 0.1815129715, 0.085775727164]
    ],
    [
      [0.26596298073, 0.1053944075, 0.10551963305, 0.52312297872],
      [0.056391112446, 0.073142631224, 0.84744929147, 0.023016964863],
      [0.39583565202, 0.21162130295, 0.27557638176, 0.11696666327]
    ],
    [
      [0.37697488503, 0.11810105566, 0.054867815013, 0.45005624429],
      [0.12984664262, 0.13827266982, 0.69970428304, 0.032176404526],
      [0.53325904588, 0.23588461312, 0.13429123478, 0.096565106228]
    ],
    [
      [0.32004640006, 0.075387446823, 0.076659520594, 0.52790663252],
      [0.092986695043, 0.072644889785, 0.80328151472, 0.031086900448],
      [0.50676380383, 0.16360221836, 0.20379716899, 0.12583680881]
    ],
    [
      [0.28445920176, 0.077587367531, 0.070165725081, 0.56778770562],
      [0.089291204458, 0.080066693146, 0.7946835467, 0.035958555696],
      [0.47929701021, 0.177885217, 0.19926472459, 0.1435530482]
    ],
    [
      [0.33580429464, 0.090956640444, 0.045578440667, 0.52766062424],
      [0.13082408662, 0.11476087942, 0.71240054039, 0.042014493575],
      [0.53982882013, 0.19658775324, 0.13562575541, 0.12795767122]
    ],
    [
      [0.23748319722, 0.08497257975, 0.089231752655, 0.58831247037],
      [0.061826234553, 0.071171886086, 0.83591051405, 0.03109136531],
      [0.40691305691, 0.19096956327, 0.25318938234, 0.14892799748]
    ],
    [
      [0.30201370302, 0.096835821101, 0.090271608511, 0.51087886736],
      [0.07467789682, 0.078641560127, 0.82121437658, 0.025466166469],
      [0.45426386533, 0.19730620019, 0.23263128724, 0.11579864723]
    ],
    [
      [0.31208632447, 0.035931170253, 0.097184562505, 0.55479794278],
      [0.077711653048, 0.03726854874, 0.85551249182, 0.02950730639],
      [0.49518427088, 0.10856987578, 0.26113115004, 0.13511470331]
    ],
    [
      [0.33574526977, 0.080163030857, 0.070522289766, 0.5135694096],
      [0.10306536094, 0.08103794861, 0.78385231843, 0.032044372025],
      [0.52430670451, 0.1696947686, 0.18572640635, 0.12027212055]
    ],
    [
      [0.34336552417, 0.06953253042, 0.08377733624, 0.50332460917],
      [0.092417605892, 0.063309556242, 0.81655430904, 0.027718528822],
      [0.52219258743, 0.14761295986, 0.21489246423, 0.11530198848]
    ],
    [
      [0.34716958606, 0.1243066017, 0.0979330398, 0.43059077244],
      [0.079356856947, 0.096228125098, 0.80487836321, 0.01953665475],
      [0.45948142317, 0.23402654623, 0.22050568766, 0.085986342945]
    ],
    [
      [0.26717860095, 0.068886154923, 0.060710692229, 0.60322455189],
      [0.094285858942, 0.080614638102, 0.78213110935, 0.042968393603],
      [0.48025353657, 0.17013503791, 0.18630038187, 0.16331104364]
    ],
    [
      [0.27671583148, 0.055306358449, 0.049556391348, 0.61842141872],
      [0.11074512851, 0.077653335337, 0.76086357249, 0.050737963662],
      [0.51154728118, 0.14981965026, 0.16411915368, 0.17451391487]
    ],
    [
      [0.31241839351, 0.08269223778, 0.072024533269, 0.53286483544],
      [0.095007399046, 0.082307793337, 0.78989706646, 0.032787741155],
      [0.49947909252, 0.17910276863, 0.19330654853, 0.12811159031]
    ],
    [
      [0.32866735431, 0.077105838552, 0.072630728436, 0.52159607871],
      [0.096725825824, 0.076316282751, 0.79550543342, 0.031452458004],
      [0.51448968826, 0.16480393763, 0.19810152123, 0.12260485287]
    ],
    [
      [0.25486024503, 0.070980131152, 0.054500549762, 0.61965907405],
      [0.10017828513, 0.096216215325, 0.75459982348, 0.049005676066],
      [0.47523028346, 0.18470102993, 0.17255818857, 0.16751049804]
    ],
    [
      [0.30012432657, 0.083205162711, 0.072004484655, 0.54466602606],
      [0.091420009734, 0.088023633227, 0.78407823453, 0.036478122513],
      [0.48382934231, 0.18682125989, 0.2001939303, 0.1291554675]
    ],
    [
      [0.29142606422, 0.066886364718, 0.058140835142, 0.58354673592],
      [0.10787577247, 0.08559910859, 0.76116287727, 0.045362241668],
      [0.51262229115, 0.16360661472, 0.17516519538, 0.14860589875]
    ],
    [
      [0.30456313302, 0.10058111572, 0.089961894642, 0.50489385662],
      [0.077008453036, 0.089647179565, 0.80374164044, 0.029602726962],
      [0.45348394657, 0.21001859719, 0.22646872883, 0.11002872741]
    ],
    [
      [0.21907557509, 0.11655133656, 0.067893217974, 0.59647987039],
      [0.067509094451, 0.12405500204, 0.76516837081, 0.0432675327],
      [0.37381158744, 0.28197040568, 0.19529480927, 0.14892319761]
    ],
    [
      [0.33847489783, 0.13509963597, 0.07798744168, 0.44843802452],
      [0.095819149147, 0.12220286165, 0.75485097958, 0.027127009623],
      [0.46402656815, 0.26289121593, 0.18198240907, 0.091099806848]
    ],
    [
      [0.32383096864, 0.09329231739, 0.072483527098, 0.51039318687],
      [0.096284438579, 0.096765200226, 0.77226630382, 0.034684057377],
      [0.49567160037, 0.19989999749, 0.18836754261, 0.11606085952]
    ],
    [
      [0.31045556592, 0.14263782732, 0.075717834174, 0.47118877259],
      [0.091561598503, 0.1280355034, 0.74926155338, 0.031141344716],
      [0.43684742158, 0.28474154556, 0.17962999812, 0.098781034733]
    ],
    [
      [0.42888550182, 0.048688062905, 0.077581968991, 0.44484446628],
      [0.12329386133, 0.042764024582, 0.80066335675, 0.033278757341],
      [0.61805363896, 0.10209089445, 0.18480884232, 0.095046624262]
    ],
    [
      [0.28696226037, 0.12225102195, 0.10132988538, 0.4894568323],
      [0.062965269581, 0.095872201824, 0.81560375445, 0.025558774149],
      [0.40774147951, 0.2440891956, 0.24471777093, 0.10345155397]
    ],
    [
      [0.30268616958, 0.041933296256, 0.044896194437, 0.61048433973],
      [0.14024715504, 0.064323738824, 0.73703421839, 0.05839488775],
      [0.57711256099, 0.11202939832, 0.14227713353, 0.16858090716]
    ],
    [
      [0.33554800746, 0.12107299394, 0.09791589421, 0.4454631044],
      [0.078716380294, 0.097006724878, 0.80284075482, 0.021436140012],
      [0.45489308771, 0.23056733744, 0.22510427425, 0.089435300604]
    ],
    [
      [0.28417734487, 0.078825016329, 0.065146006641, 0.57185163216],
      [0.095335828473, 0.092056658452, 0.77011365743, 0.042493855641],
      [0.48367800373, 0.18772760515, 0.18678081312, 0.141813578]
    ],
    [
      [0.25898193634, 0.074190040386, 0.095573426777, 0.57125459649],
      [0.061592866325, 0.06274284299, 0.84259977215, 0.03306451854],
      [0.42518722612, 0.17047276802, 0.26642286839, 0.13791713746]
    ],
    [
      [0.26568063484, 0.073779889647, 0.059665520948, 0.60087395456],
      [0.095340356935, 0.091570973535, 0.76797889585, 0.045109773685],
      [0.47536295954, 0.18407358174, 0.18254952253, 0.15801393619]
    ],
    [
      [0.46036689401, 0.072221914646, 0.074784385407, 0.39262680594],
      [0.1276170422, 0.074328815593, 0.7718513144, 0.026202827806],
      [0.61904685728, 0.13441170117, 0.16864525681, 0.077896184734]
    ],
    [
      [0.35504477977, 0.10789679424, 0.090013650405, 0.44704477558],
      [0.087815749213, 0.091219555522, 0.79866702993, 0.022297665331],
      [0.4893869081, 0.20918763368, 0.20944074477, 0.091984713456]
    ],
    [
      [0.34856794597, 0.084918958415, 0.089190548263, 0.47732254736],
      [0.088653287364, 0.073321389766, 0.81269214501, 0.025333177857],
      [0.50366923699, 0.17304908092, 0.21741231496, 0.10586936712]
    ],
    [
      [0.23140417996, 0.071897248665, 0.069054423731, 0.62764414765],
      [0.075861477904, 0.079305997068, 0.80378360728, 0.041048917749],
      [0.42598895358, 0.18692042263, 0.21544769324, 0.17164293054]
    ],
    [
      [0.21496582801, 0.088569710774, 0.090967974008, 0.60549648721],
      [0.054288176917, 0.077011003523, 0.8364648549, 0.03223596466],
      [0.36226588711, 0.21603342069, 0.26173847081, 0.15996222138]
    ],
    [
      [0.39359118843, 0.073246739882, 0.059596920401, 0.47356515129],
      [0.13700951132, 0.085711944633, 0.7431872531, 0.034091290949],
      [0.58499260768, 0.15369129009, 0.14951582812, 0.11180027411]
    ],
    [
      [0.28812355365, 0.10723677287, 0.062255560644, 0.54238411284],
      [0.096862080069, 0.12162279669, 0.74400975784, 0.037505365402],
      [0.46008449952, 0.2387573291, 0.16703650521, 0.13412166618]
    ],
    [
      [0.30781274565, 0.068945063367, 0.090398011757, 0.53284417923],
      [0.079228883812, 0.059627225289, 0.83219707664, 0.028946814259],
      [0.48217020639, 0.15007144412, 0.23821056032, 0.12954778918]
    ],
    [
      [0.36267878426, 0.077420144575, 0.070423049807, 0.48947802136],
      [0.11212659492, 0.081007205939, 0.77550620474, 0.031359994397],
      [0.5430857292, 0.16368894659, 0.17863991099, 0.11458541323]
    ],
    [
      [0.30221795255, 0.094201144316, 0.078647592685, 0.52493331045],
      [0.085207739593, 0.0900726323, 0.79391654142, 0.030803086684],
      [0.46526676635, 0.20501189447, 0.20460320938, 0.1251181298]
    ],
    [
      [0.31044311426, 0.10981820487, 0.065660637992, 0.51407804288],
      [0.099163299064, 0.11847981108, 0.74829419551, 0.03406269435],
      [0.47450923517, 0.23489112255, 0.16902253133, 0.12157711095]
    ],
    [
      [0.29553947365, 0.08055039572, 0.1079382954, 0.51597183523],
      [0.06458143504, 0.058960725998, 0.85294248412, 0.023515354846],
      [0.44150446077, 0.16917948807, 0.26888286962, 0.12043318154]
    ],
    [
      [0.29624558814, 0.055557632802, 0.073068608681, 0.57512817037],
      [0.09320644975, 0.058105005309, 0.81074653738, 0.037942007563],
      [0.5074245624, 0.13112831866, 0.21080772667, 0.15063939227]
    ],
    [
      [0.36687728894, 0.066271256656, 0.055287958992, 0.51156349541],
      [0.13595957884, 0.083112086765, 0.74117822755, 0.039750106849],
      [0.57851977406, 0.14653848654, 0.14698702682, 0.12795471258]
    ],
    [
      [0.2640753581, 0.043789193641, 0.064322995531, 0.62781245273],
      [0.09605296216, 0.053379853326, 0.80554264405, 0.04502454046],
      [0.50433485528, 0.1122268669, 0.20625756128, 0.17718071654]
    ],
    [
      [0.28878518433, 0.10749223717, 0.079692100955, 0.52403047755],
      [0.079826683811, 0.10075997287, 0.78884305096, 0.030570292356],
      [0.44031340228, 0.23047039225, 0.20564079853, 0.12357540695]
    ],
    [
      [0.27117231624, 0.12844037793, 0.058252366868, 0.54213493897],
      [0.096740324385, 0.15046338551, 0.71144523286, 0.041351057244],
      [0.43027996853, 0.27979844855, 0.15471086738, 0.13521071554]
    ],
    [
      [0.36864289867, 0.11701863755, 0.077207849617, 0.43713061416],
      [0.10288955142, 0.1100227609, 0.76260243974, 0.024485247943],
      [0.5063040909, 0.22554532221, 0.17887388668, 0.089276700215]
    ]
  ],
  "expected_outcome": [
    [
      [19.8391625491, 22.5671873383, 18.0854826894, 21.8645433318, 22.0832016043, 18.2053889129, 25.1853220983, 16.6238238056, 20.5369318056, 19.0372657924, 20.8162067259, 22.3187590708, 20.4830055773, 17.366609062, 20.2002556982, 21.869287546, 17.0907024239, 3.0583229404, 5.4022378783, 4.0799648991, 3.0456313302, 4.1624359266, 6.092548161, 4.533633561, 4.6568334888, 9.4354810401, 4.8783584263, 3.9349202046, 5.0332201119, 2.5575961039, 4.9206567905, 4.2508901575, 7.3658703041, 7.1008955954, 5.5770871355, 4.3966794192, 2.7945557641, 8.2654149569, 4.898100412, 5.232816676, 5.4401817639, 4.5332692883, 6.5193053996, 5.3197105257, 5.3324205866, 8.0713003566, 4.4892810877, 6.0644888709, 5.1522740085, 9.5847153655],
      [5.8686522091, 10.1088613902, 7.1668197098, 6.8498612285, 5.2017338308, 4.965591522, 6.8217480333, 5.9480805825, 6.5848358349, 2.1918013854, 4.9701079131, 4.5196144773, 7.3340895005, 4.47760007, 4.0373641668, 5.7884566446, 4.0095036047, 0.85176157382, 1.4976929288, 0.93640910605, 1.0058111572, 2.2144753946, 2.4317934474, 1.3060924435, 2.1395674098, 1.0711373839, 2.0782673732, 0.54513285132, 1.816094909, 0.70942514696, 1.4096107673, 1.1804782344, 1.1555506343, 2.1579358849, 1.3587033346, 1.3660477246, 1.1514062401, 1.5381815375, 1.8230251388, 1.1720660772, 1.1613021686, 1.4130171647, 2.3061823022, 1.449907123, 1.0000373904, 1.4579676464, 0.74441629189, 2.2573369806, 2.4403671806, 3.0424845763],
      [3.7084075768, 5.9450173306, 7.1753350477, 3.1823332707, 5.289506921, 4.4906064052, 3.41838305, 6.2462226859, 6.1384693788, 5.9282583128, 4.3723819655, 5.4455268556, 5.7780493482, 3.9461949949, 3.6176165684, 5.0417173289, 3.7767978787, 0.65400659714, 1.2960807238, 0.81397169198, 0.89961894642, 1.2899711415, 1.4037739502, 1.0147693794, 1.1357675126, 1.7068033178, 1.7226080514, 0.58365052768, 1.4687384131, 0.58631405977, 1.8158951088, 0.95464833517, 1.1965501665, 1.8002730081, 1.4270487722, 1.3120340509, 1.1825836621, 1.2515353284, 1.058344531, 1.5367661999, 1.0563457471, 1.1797138903, 1.3788733978, 1.9428893173, 1.3152349563, 1.2163350978, 1.093490924, 1.67353412, 1.1067949705, 2.00740409],
      [28.5837776649, 29.378933941, 35.5723625531, 26.103262169, 36.4255576439, 36.3384131599, 39.5745468184, 41.181872926, 34.7397629808, 33.8426745093, 31.8413033955, 32.7160995963, 25.404855574, 39.2095958731, 45.1447635666, 37.3005384805, 27.1229960928, 7.4359088886, 9.8039884691, 8.1696543028, 5.0489385662, 11.3331175373, 8.0718844414, 7.1455046162, 7.0678315888, 9.7865782582, 8.3207661491, 7.9362964164, 6.6819465659, 5.1466646894, 10.8538373334, 9.613983273, 6.282028895, 8.9408955116, 7.6371607577, 11.9252388053, 7.8714543337, 9.9448681771, 9.2205299183, 9.0583510469, 7.3421703203, 7.8739996567, 10.7956389004, 9.2874930341, 10.3523070667, 11.2543968991, 10.6728116964, 11.0046400285, 10.3005638404, 11.3653959682]
    ],
    [
      [1.7560122755, 1.5258264932, 0.78947557425, 2.3372395672, 1.3018137306, 1.2500768624, 1.1774167795, 0.86556728375, 1.1948463491, 1.554233061, 1.649045775, 1.8483521178, 1.1109959973, 1.5085737431, 1.6611769276, 1.1400887885, 3.1919522522, 6.9123016739, 6.3079806716, 8.3064344805, 5.6986255247, 4.7256366116, 6.8031595894, 6.0659196305, 6.0430655012, 8.3839825703, 3.9668119836, 9.6770536976, 4.9591319585, 6.7688438216, 4.1267220438, 5.815761773, 9.4436611231, 2.897919724, 1.6844124599, 1.0620606907, 0.76003447684, 1.3700951132, 1.356069121, 1.4261199086, 1.457645734, 1.3633238335, 1.586612785, 0.77497722049, 2.236954794, 1.9034341038, 1.7289533189, 1.5167069924, 2.3217677852, 1.5433432713],
      [1.7157030843, 2.5401665597, 1.0239968371, 2.4889080567, 1.017028457, 1.120933704, 1.0328479148, 0.99640640521, 1.258264962, 0.74537097479, 1.2966071778, 1.2661911248, 1.3471937514, 1.2898342096, 1.1648000301, 0.98769352004, 2.5184373308, 6.6389188574, 6.0736306927, 6.5911313615, 6.6338912878, 8.6838501429, 8.6764031774, 6.0962076142, 8.4503432245, 2.9079536716, 6.0399487149, 4.4383379788, 6.1114236673, 6.5360227501, 4.2037704804, 5.5858293856, 5.5003323539, 3.0102453322, 1.3931064056, 1.110283959, 1.0781540493, 0.85711944633, 1.7027191536, 1.0732900552, 1.0530936772, 1.4411621168, 1.8956769773, 0.70752871197, 1.3945201274, 1.1635692147, 0.96083735988, 1.9144394845, 3.6111212522, 1.6503414135],
      [12.0131063082, 13.5138010683, 11.8642900805, 12.5946770946, 11.2459412061, 11.1255696538, 6.4116048635, 11.7027471967, 13.1394300254, 17.1102498364, 12.5416370949, 16.3310861809, 11.2682970849, 12.5140977496, 11.4129535874, 9.4787647975, 26.2516793029, 52.06738782, 54.1013981823, 58.6095415496, 59.4768813923, 53.5617859565, 53.59441955, 48.6527771406, 49.451262523, 54.4451082589, 51.3830365301, 50.8553610688, 50.5789675534, 54.6780696778, 56.4541847337, 46.8467126466, 57.1169972654, 26.3560119878, 15.4411507552, 11.2529705019, 11.7105079686, 7.431872531, 10.4161366098, 14.9795473795, 10.0815806617, 12.7026646628, 11.9727071281, 10.2353098094, 19.4579168971, 10.3764951857, 14.499767593, 14.9880179683, 17.0746855887, 11.4390365961],
      [0.51517833196, 0.42020587876, 0.32223750808, 0.57917528147, 0.43521660627, 0.50341977974, 0.37813044217, 0.43527911434, 0.40745866351, 0.5901461278, 0.5127099524, 0.55437057645, 0.2735131665, 0.68749429765, 0.76106945493, 0.39345289386, 1.0379311141, 3.3813916486, 2.5169904534, 3.4928926085, 2.1906017952, 3.028727289, 1.9260176833, 2.1850956147, 2.0553287513, 2.2629554992, 1.6102027714, 4.0292472548, 1.3504768208, 3.0170637505, 2.2153227422, 2.7516961948, 1.9390092576, 0.73582295592, 0.48133037928, 0.57468484848, 0.45130350524, 0.34091290949, 0.52507511563, 0.52104265666, 0.40767992716, 0.49284938694, 0.5450031096, 0.28218425815, 0.9106081815, 0.55650149588, 0.81044172828, 0.58083555476, 0.99242537386, 0.36727871915]
    ],
    [
      [13.4048251754, 5.9069861686, 7.1250417363, 12.7982171011, 8.6149846651, 10.5445342247, 8.6372611222, 6.5106089106, 7.2682218453, 9.4085011466, 11.5347474991, 7.8328888114, 12.4059984255, 9.1248171949, 6.1385673742, 8.9906236654, 7.7173453239, 9.0293753857, 6.2897814501, 4.6136006204, 7.2557431452, 4.1119274618, 5.1042922496, 11.4004468085, 8.30010101, 6.1805363896, 8.1548295901, 10.3880260978, 10.0076479296, 9.6735600746, 5.9526211657, 10.9333480695, 6.1904685728, 23.0011846806, 32.7385004046, 28.5412598901, 26.4454097591, 40.3644899299, 31.745830467, 31.3410634154, 39.1021725021, 32.1034068783, 29.8940818154, 30.9053122538, 29.4306246194, 37.0252655396, 32.7817655934, 26.4188041367, 24.5259582063, 29.8719413632],
      [5.4156447066, 4.3509720501, 3.8091834531, 5.6612307148, 2.7812377122, 3.913474774, 3.1454040519, 3.0555130123, 3.1568992031, 2.0628276398, 3.7332849091, 2.2141943979, 6.3187167481, 3.2325657203, 1.7978358032, 3.2238498353, 2.4720590645, 3.5093195687, 2.4286763785, 1.4724595325, 3.360297555, 3.1016744625, 2.8918033752, 4.5976999423, 5.4100893657, 1.0209089445, 4.8817839119, 2.0165291698, 5.0724814236, 3.754552103, 2.3866187523, 4.23369238, 1.3441170117, 9.8318187829, 11.2481902598, 12.5236683164, 15.7704397106, 10.6046990161, 16.4742557076, 9.7546438676, 11.7856041542, 14.1458207185, 14.7981407205, 11.8425641651, 7.6054424821, 9.3784631389, 7.2947463482, 13.8282235349, 15.9485115672, 13.3071740102],
      [4.2784861149, 2.5411816011, 4.9603748717, 3.2229896346, 3.4645518729, 4.383823941, 2.1700120865, 4.0510301174, 3.7221005959, 4.9614918507, 4.0859809396, 3.2233869635, 5.9536535669, 3.5397072555, 1.9694298442, 3.4795178736, 2.9715228185, 3.2786055828, 2.6025210939, 1.5764867584, 3.6234996613, 2.148242902, 2.0018064998, 4.3324534801, 3.4129699644, 1.8480884232, 4.8943554185, 2.5609884035, 4.9522940335, 3.7356162624, 3.7299201575, 4.1986390182, 1.6864525681, 9.8437150041, 14.1318004726, 14.4349954472, 19.1069083693, 10.3165921406, 11.5255188592, 15.4836864206, 12.8620735912, 14.117621447, 10.6484194741, 18.8218008733, 12.2268481467, 9.4071697165, 13.406741483, 12.3384479116, 8.8185194408, 10.5535593139],
      [2.9010440031, 1.2008601803, 2.1053999388, 2.3175625495, 2.1392257498, 3.1581670604, 2.0473227395, 2.3828479597, 1.8527783557, 2.5671793629, 2.6459866521, 1.7295298272, 2.3216312595, 3.1029098292, 2.0941669785, 2.3060086257, 1.8390727931, 3.1826994628, 1.6790210775, 1.3374530887, 1.7604596386, 1.6381551737, 1.0020978753, 2.6693997691, 1.8768396599, 0.95046624262, 2.0690310795, 3.0344563288, 1.9675766133, 2.8362715601, 1.9308399245, 3.6343205323, 0.77896184734, 4.3232815324, 6.881508863, 11.5000763463, 11.677242161, 7.7142189134, 9.2543949661, 8.4206062964, 8.2501497525, 8.6331509563, 7.65935799, 8.4303227077, 8.7370847518, 8.189101605, 11.5167465753, 7.4145244168, 7.7070107857, 5.2673253127]
    ]
  ],
  "prob": [
    [0.31215011072, 0.088203003976, 0.075334849974, 0.52431203533],
    [0.094096111317, 0.089379477023, 0.78152981692, 0.03499459474],
    [0.48246551493, 0.19085834584, 0.1990435776, 0.12763256163]
  ],
  "iterations": 16,
  "logLik": -370.3813994417,
  "time": 0.004642,
  "message": "Converged",
  "status": 0,
  "miniter": 0,
  "maxiter": 1000,
  "maxtime": 3600,
  "param_threshold": 0.001,
  "ll_threshold": "-Inf",
  "initial_prob": "group_proportional",
  "adjust_prob_cond_method": "project_lp",
  "adjust_prob_cond_every": false
}
