{
  "Z_true": {},
  "V_true": [
    [8, 98, 499, 532],
    [944, 2106, 696, 119],
    [395, 6539, 667, 431],
    [211, 511, 15704, 492],
    [46, 687, 319, 716],
    [93, 289, 620, 316]
  ],
  "p_true": [
    [0.007, 0.0862, 0.4389, 0.4679],
    [0.2442, 0.5449, 0.1801, 0.0308],
    [0.0492, 0.8141, 0.083, 0.0537],
    [0.0125, 0.0302, 0.9282, 0.0291],
    [0.026, 0.3886, 0.1804, 0.405],
    [0.0706, 0.2193, 0.4704, 0.2398]
  ],
  "Z_est": [
    [
      [0, 0, 0, 0, 0, 0, 0, 0, 0, 0, 0, 0, 0, 0, 0, 0, 0, 0, 0, 0, 0, 0, 0, 0, 0, 0, 0, 0, 0, 0, 0, 0, 0, 0, 0, 0, 0, 0, 0],
      [0, 8.3109, 7.1761, 2.9248, 3.9157, 5.6898, 7.3514, 5.0339, 2.5412, 3.8038, 2.5465, 4.0915, 3.644, 5.3382, 0, 1.1987, 5.2103, 9.3729, 2.1443, 6.6168, 4.9066, 0, 0.3676, 10.6206, 7.6237, 0, 0.3676, 13.0905, 7.6716, 3.5161, 6.3291, 0, 0.1119, 0, 19.4028, 5.2287, 2.3654, 13.3933, 1.806],
      [0, 68.3874, 44.0739, 15.7934, 19.6753, 21.2334, 16.6236, 10.1906, 17.2664, 19.4336, 16.7828, 13.4093, 22.6057, 58.38, 0, 2.3591, 24.7571, 17.1008, 3.6914, 16.0128, 26.5037, 0, 0.4659, 35.8207, 21.9294, 0, 1.3633, 73.8284, 47.9696, 17.9584, 24.3134, 0, 0.7216, 0, 96.5044, 23.5534, 6.8985, 37.06, 3.5786],
      [0, 8.3017, 5.75, 2.2818, 3.409, 3.0768, 3.0251, 1.7755, 2.1923, 2.7626, 3.6707, 2.4991, 2.7503, 7.2818, 0, 0.4422, 3.0326, 2.5263, 2.1643, 3.3705, 3.5896, 0, 0.1665, 4.5587, 4.4469, 0, 0.2691, 7.0811, 6.3588, 2.5254, 4.3575, 0, 0.1665, 0, 19.0928, 3.218, 1.7361, 8.5467, 0.6154]
    ],
    [
      [0.4698, 62.0007, 61.5737, 33.9778, 37.7588, 47.8937, 21.1434, 16.4449, 24.7699, 21.7249, 32.2053, 33.2419, 29.5593, 51.2477, 1.4635, 14.0254, 48.9303, 32.7094, 32.7138, 81.6356, 39.7308, 0.926, 3.8905, 74.3071, 80.2256, 0.6584, 1.9301, 26.1239, 57.2477, 21.8879, 56.4922, 0.8102, 3.2543, 1.618, 148.7178, 30.9048, 32.5509, 155.8833, 18.609],
      [0.485, 101.8075, 94.0092, 42.1577, 55.906, 73.2239, 18.6508, 16.0048, 32.2807, 24.3397, 40.6307, 37.8338, 53.6269, 74.1841, 1.389, 21.6601, 69.4927, 60.5305, 51.7213, 113.4737, 63.9319, 4.6138, 4.7026, 120.356, 112.568, 0.2963, 4.2443, 42.3368, 79.6736, 38.966, 86.2566, 0.1325, 0.8926, 2.2011, 224.9634, 52.1143, 37.0776, 178.8132, 43.6522],
      [0.0452, 13.4901, 16.4171, 7.5334, 7.9331, 10.8824, 3.0363, 2.4498, 2.7129, 3.7382, 5.8525, 4.6248, 7.455, 18.0005, 0.1475, 3.1608, 10.577, 9.354, 7.1884, 12.0707, 13.8722, 0.4257, 0.4069, 39.4105, 34.3076, 0.0452, 0.798, 3.2555, 6.511, 2.8938, 21.6008, 0.0534, 2.4014, 0.1809, 17.7696, 6.6261, 8.0641, 15.9157, 5.4877],
      [0, 0.7017, 0, 0.3312, 0.4021, 0, 0.1695, 0.1005, 0.2365, 0.1971, 0.3114, 0.2996, 0.3587, 0.5677, 0, 0.1537, 0, 0.4061, 0.3765, 0.82, 0.4652, 1.0345, 0, 0.9264, 0.8988, 0, 0.0276, 0.2838, 0.5677, 0.2523, 0.6505, 0.0039, 0.4517, 0, 1.5493, 0.3548, 0.3075, 1.3877, 1.2511]
    ],
    [
      [0.2571, 5.5658, 6.3169, 6.7736, 3.6069, 5.0573, 3.8168, 2.481, 2.5382, 4.7475, 5.5248, 3.9504, 0.9403, 4.7901, 0.5033, 0.9733, 4.7711, 1.9466, 3.6069, 5.5153, 2.5016, 0.0573, 0.435, 0.6922, 6.9657, 0.0768, 0, 2.6955, 7.1566, 1.4979, 4.5139, 0.0191, 0.1336, 0.2303, 18.5308, 2.4787, 6.2077, 19.6772, 1.2786],
      [1.515, 387.0021, 306.4067, 134.0583, 172.6006, 248.3758, 186.3675, 123.8025, 120.7657, 195.9128, 333.3212, 197.3154, 151.3065, 224.5779, 5.611, 47.7395, 234.4871, 92.7181, 164.0454, 268.0814, 224.5522, 2.5459, 15.807, 276.8861, 337.3082, 2.8644, 17.2874, 232.1053, 344.8854, 163.9448, 287.5707, 0.8486, 5.7423, 8.3809, 881.0322, 153.5775, 102.026, 623.3174, 62.6978],
      [0.2279, 20.9449, 6.4895, 4.4004, 3.7055, 5.1955, 0, 0, 3.4959, 2.943, 1.4233, 0, 3.1761, 4.9211, 1.8858, 0.9999, 4.9015, 1.9998, 10.17, 5.6661, 10.6287, 0.0588, 0.3333, 12.6296, 7.9461, 0.0588, 2.958, 14.0272, 7.3522, 10.0644, 17.8399, 0.0196, 0.6538, 0.1765, 19.0373, 3.2742, 5.6388, 16.7382, 1.3136],
      [0, 19.4872, 11.7869, 6.7677, 9.0869, 6.3713, 9.8156, 3.7166, 6.2002, 9.3968, 12.7307, 5.7342, 6.577, 16.7109, 0, 1.2873, 5.8403, 5.3356, 11.1776, 9.7372, 9.3175, 0.3381, 0.4248, 8.792, 12.7799, 0, 0.7546, 13.172, 15.6058, 6.4929, 12.0756, 0.1127, 0.4703, 0.2124, 52.3998, 7.6696, 5.1275, 25.2672, 1.7099]
    ],
    [
      [1.2731, 0, 0.5705, 0.8561, 1.806, 1.1986, 3.5135, 2.6421, 3.3556, 1.015, 1.3381, 5.1372, 0, 0.72, 0.0332, 0.9117, 3.5133, 0, 0.2267, 11.0669, 0, 0, 0.3768, 0, 1.7845, 1.2367, 0, 0, 4.1113, 0, 0, 0.1608, 0.5855, 0.1069, 4.106, 0, 1.826, 25.4299, 0],
      [0, 1.3162, 20.1664, 0, 1.899, 9.3877, 1.355, 9.7634, 0, 1.7978, 2.8517, 1.6261, 12.3365, 14.3788, 0, 2.1847, 5.1578, 8.0691, 1.2775, 10.5323, 1.7391, 1.535, 0.5779, 0.4221, 0, 0.5079, 0, 7.0097, 27.219, 5.2434, 0, 0.0018, 0, 0.4242, 29.2808, 21.8015, 0, 0, 3.2991],
      [15.7269, 858.1781, 1225.2631, 198.776, 462.3796, 336.4138, 141.3484, 115.5945, 174.1718, 198.1015, 314.5018, 152.3426, 475.5982, 1203.35, 7.9668, 72.3682, 341.3289, 181.4395, 234.5156, 365.7745, 328.8292, 16.2801, 40.0453, 591.5779, 416.6046, 9.2554, 43, 984.708, 1549.5353, 734.4915, 352.04, 15.3564, 43.9521, 23.4048, 2375.4622, 351.0115, 202.1798, 1190.4194, 112.4988],
      [0, 18.5057, 0, 6.3679, 4.9155, 0, 6.7831, 0, 6.4726, 2.0857, 3.3084, 0.894, 5.0653, 20.5512, 0, 0.5354, 0, 6.4915, 6.9802, 3.6263, 3.4317, 0.1849, 0, 0, 7.6109, 0, 0, 5.2823, 2.1344, 1.2652, 5.96, 0.481, 0.4624, 0.064, 30.151, 6.187, 2.9942, 20.1507, 1.2021]
    ],
    [
      [0, 0.8022, 0.7103, 0.1755, 0.3844, 0.4262, 0.3092, 0.2841, 0.1588, 0.3844, 0.5766, 0.3844, 0.234, 0.6601, 0, 0.0501, 0.3259, 0.2256, 0.2256, 0.4763, 0.3927, 0.0167, 0.0418, 0.5766, 0.5014, 0.0084, 0.0501, 0.6183, 0.7938, 0.259, 0.5599, 0, 0.0167, 0.0251, 2.6823, 0.3008, 0.2674, 0.8356, 0.0334],
      [0, 15.9011, 14.5994, 1.8703, 7.5604, 15.1072, 6.1351, 10.9089, 1.6922, 12.0539, 17.8387, 9.5918, 4.611, 11.7576, 0, 1.4374, 8.082, 4.8927, 2.4047, 10.9291, 8.5259, 0.3054, 1.2721, 12.1534, 12.0869, 0.8894, 0.8595, 10.9589, 15.2465, 5.871, 11.5653, 0, 0.2461, 0.8594, 45.7511, 6.6273, 4.9422, 13.2391, 0.3563],
      [0, 7.0262, 13.5058, 0.647, 3.712, 4.4073, 2.3543, 2.0119, 0.5854, 3.0602, 4.6618, 6.3405, 0.8626, 4.1268, 0, 0.1848, 3.2782, 1.592, 0.8318, 7.1619, 4.2984, 0.2354, 0.8953, 11.7451, 2.2718, 0.1022, 1.4617, 9.748, 14.7497, 1.6952, 8.0645, 0, 0.0616, 1.1967, 52.1073, 1.2423, 5.3408, 3.0808, 0.1232],
      [0, 72.2706, 56.1845, 18.3072, 34.3433, 31.0593, 28.2013, 20.7951, 16.5637, 30.5015, 45.923, 29.6833, 22.2924, 62.4555, 0, 4.3276, 27.3139, 20.2897, 23.5378, 38.4327, 33.783, 1.4425, 2.7908, 44.525, 45.14, 0, 3.6286, 52.6747, 64.2099, 23.1748, 46.8104, 0, 1.6755, 0.9189, 220.4593, 27.8296, 21.4496, 82.8445, 3.4871]
    ],
    [
      [0, 0.6314, 0.8287, 0.217, 0.4439, 0.4242, 0.217, 0.148, 0.1776, 0.1282, 0.3551, 0.2861, 0.2664, 0.582, 0, 0.0395, 0.4595, 0.1184, 0.2269, 0.3058, 0.3749, 0, 0.2559, 0.4242, 0.5228, 0.0197, 0.0197, 0.5623, 0.6906, 0.3551, 0.4341, 0.0099, 0.0099, 0.0197, 1.9632, 0.3157, 0.148, 1.1739, 0.0789],
      [0, 5.6622, 6.6422, 1.9889, 3.1183, 4.2156, 1.1403, 1.4865, 1.7202, 0.092, 2.8113, 5.5414, 2.4751, 3.7634, 0, 0.7796, 3.5701, 0.4168, 2.4068, 4.3668, 3.3444, 0, 0.2729, 4.5619, 7.4132, 1.442, 0.2412, 3.4988, 5.3039, 2.4587, 4.2784, 0.0171, 0.0071, 0.1344, 13.5698, 2.6508, 1.5888, 9.237, 1.1886],
      [0, 19.9734, 39.2505, 7.8498, 19.5945, 18.8676, 6.6374, 4.7533, 5.7676, 2.7234, 11.7778, 8.2828, 10.3024, 20.2216, 0, 0.9272, 20.1572, 2.5139, 6.6027, 8.3141, 14.8678, 0, 4.8533, 15.8161, 17.9405, 0.5383, 0.419, 23.4329, 28.8822, 16.8968, 15.1415, 0.5707, 0.2095, 1.0411, 73.1192, 12.2926, 3.8781, 50.7858, 2.9981],
      [0, 37.7331, 37.2787, 11.9442, 21.8432, 19.4926, 14.0053, 8.6122, 10.3347, 10.0564, 21.0558, 14.8897, 13.9561, 34.4329, 0, 2.2537, 18.8132, 8.9509, 13.7636, 18.0133, 19.413, 0, 0.6179, 22.1978, 27.1234, 0, 1.3201, 29.5059, 35.1234, 16.2894, 24.1461, 0.4024, 0.7736, 0.8048, 110.3479, 16.741, 9.3851, 57.8032, 3.7344]
    ]
  ],
  "V_est": [
    [0, 183.7121, 826.2461, 127.0418],
    [1441.2583, 2081.2009, 326.6955, 15.8454],
    [148.8318, 7339.3904, 213.2951, 330.4827],
    [78.9022, 203.1613, 16455.7919, 180.1446],
    [14.7735, 309.1292, 184.7707, 1259.3266],
    [13.2343, 113.4062, 498.2007, 693.1588]
  ],
  "p_est": [
    [0, 0.1616, 0.7267, 0.1117],
    [0.3729, 0.5385, 0.0845, 0.0041],
    [0.0185, 0.9138, 0.0266, 0.0411],
    [0.0047, 0.012, 0.9727, 0.0106],
    [0.0084, 0.1748, 0.1045, 0.7123],
    [0.01, 0.086, 0.378, 0.5259]
  ],
  "EI_Z": {},
  "EI_V": 10.2394,
  "MAE_Z": {},
  "MAE_V": 281.907,
  "MAE_p": 0.1025,
  "runtime": 1.307
}
