{
  "Z_true": {},
  "V_true": [
    [555, 43, 197, 403, 463, 36],
    [650, 209, 2447, 3923, 975, 135],
    [139, 773, 54, 1152, 17882, 222],
    [10, 56, 67, 3424, 197, 27],
    [107, 812, 91, 407, 1534, 294]
  ],
  "p_true": [
    [0.327, 0.0253, 0.1161, 0.2375, 0.2728, 0.0212],
    [0.0779, 0.0251, 0.2934, 0.4704, 0.1169, 0.0162],
    [0.0069, 0.0382, 0.0027, 0.057, 0.8843, 0.011],
    [0.0026, 0.0148, 0.0177, 0.9056, 0.0521, 0.0071],
    [0.033, 0.2502, 0.028, 0.1254, 0.4727, 0.0906]
  ],
  "Z_est": [
    [
      [6.9832, 10.5952, 0, 0.4816, 0.7224, 3.1304, 6.5016, 16.1336, 12.7624, 16.856, 10.5952, 2.8896, 0.7224, 0, 0.2408, 6.5016, 21.9128, 7.7056, 19.9864, 19.5048, 4.3344, 8.428, 12.04, 26.7288, 14.6888, 12.04, 4.816, 21.1904, 14.448, 5.7792, 16.3744, 1.9264, 0.4816, 0.4816, 0, 2.6488, 41.8992, 5.7792, 41.6584, 8.6688],
      [3.1436, 4.7696, 0, 0.2168, 0.3252, 1.4092, 2.9268, 7.2628, 5.7452, 7.588, 4.7696, 1.3008, 0.3252, 0, 0.1084, 2.9268, 9.8644, 3.4688, 8.9972, 8.7804, 1.9512, 3.794, 5.42, 12.0324, 6.6124, 5.42, 2.168, 9.5392, 6.504, 2.6016, 7.3712, 0.8672, 0.2168, 0.2168, 0, 1.1924, 18.8616, 2.6016, 18.7532, 3.9024],
      [5.5419, 8.4084, 0, 0.3822, 0.5733, 2.4843, 5.1597, 12.8037, 10.1283, 13.377, 8.4084, 2.2932, 0.5733, 0, 0.1911, 5.1597, 17.3901, 6.1152, 15.8613, 15.4791, 3.4398, 6.6885, 9.555, 21.2121, 11.6571, 9.555, 3.822, 16.8168, 11.466, 4.5864, 12.9948, 1.5288, 0.3822, 0.3822, 0, 2.1021, 33.2514, 4.5864, 33.0603, 6.8796],
      [5.4172, 8.2192, 0, 0.3736, 0.5604, 2.4284, 5.0436, 12.5156, 9.9004, 13.076, 8.2192, 2.2416, 0.5604, 0, 0.1868, 5.0436, 16.9988, 5.9776, 15.5044, 15.1308, 3.3624, 6.538, 9.34, 20.7348, 11.3948, 9.34, 3.736, 16.4384, 11.208, 4.4832, 12.7024, 1.4944, 0.3736, 0.3736, 0, 2.0548, 32.5032, 4.4832, 32.3164, 6.7248],
      [5.2693, 7.9948, 0, 0.3634, 0.5451, 2.3621, 4.9059, 12.1739, 9.6301, 12.719, 7.9948, 2.1804, 0.5451, 0, 0.1817, 4.9059, 16.5347, 5.8144, 15.0811, 14.7177, 3.2706, 6.3595, 9.085, 20.1687, 11.0837, 9.085, 3.634, 15.9896, 10.902, 4.3608, 12.3556, 1.4536, 0.3634, 0.3634, 0, 1.9987, 31.6158, 4.3608, 31.4341, 6.5412],
      [2.6506, 4.0216, 0, 0.1828, 0.2742, 1.1882, 2.4678, 6.1238, 4.8442, 6.398, 4.0216, 1.0968, 0.2742, 0, 0.0914, 2.4678, 8.3174, 2.9248, 7.5862, 7.4034, 1.6452, 3.199, 4.57, 10.1454, 5.5754, 4.57, 1.828, 8.0432, 5.484, 2.1936, 6.2152, 0.7312, 0.1828, 0.1828, 0, 1.0054, 15.9036, 2.1936, 15.8122, 3.2904]
    ],
    [
      [5.8463, 6.137, 0, 1.3889, 0.6137, 4.0698, 2.5517, 7.3644, 7.6228, 5.9432, 4.0698, 2.1641, 0.3876, 0.2907, 0.0323, 5.9755, 16.8929, 12.4032, 22.4808, 13.6952, 3.1977, 5.5233, 9.4639, 18.0234, 9.7546, 9.6254, 2.261, 13.2753, 12.274, 4.6189, 6.9122, 1.0982, 0.5491, 0.323, 0.0323, 5.4587, 23.902, 2.7778, 17.6681, 2.6809],
      [12.0546, 12.654, 0, 2.8638, 1.2654, 8.3916, 5.2614, 15.1848, 15.7176, 12.2544, 8.3916, 4.4622, 0.7992, 0.5994, 0.0666, 12.321, 34.8318, 25.5744, 46.3536, 28.2384, 6.5934, 11.3886, 19.5138, 37.1628, 20.1132, 19.8468, 4.662, 27.3726, 25.308, 9.5238, 14.2524, 2.2644, 1.1322, 0.666, 0.0666, 11.2554, 49.284, 5.7276, 36.4302, 5.5278],
      [25.9916, 27.284, 0, 6.1748, 2.7284, 18.0936, 11.3444, 32.7408, 33.8896, 26.4224, 18.0936, 9.6212, 1.7232, 1.2924, 0.1436, 26.566, 75.1028, 55.1424, 99.9456, 60.8864, 14.2164, 24.5556, 42.0748, 80.1288, 43.3672, 42.7928, 10.052, 59.0196, 54.568, 20.5348, 30.7304, 4.8824, 2.4412, 1.436, 0.1436, 24.2684, 106.264, 12.3496, 78.5492, 11.9188],
      [116.8898, 122.702, 0, 27.7694, 12.2702, 81.3708, 51.0182, 147.2424, 152.4088, 118.8272, 81.3708, 43.2686, 7.7496, 5.8122, 0.6458, 119.473, 337.7534, 247.9872, 449.4768, 273.8192, 63.9342, 110.4318, 189.2194, 360.3564, 195.0316, 192.4484, 45.206, 265.4238, 245.404, 92.3494, 138.2012, 21.9572, 10.9786, 6.458, 0.6458, 109.1402, 477.892, 55.5388, 353.2526, 53.6014],
      [17.6294, 18.506, 0, 4.1882, 1.8506, 12.2724, 7.6946, 22.2072, 22.9864, 17.9216, 12.2724, 6.5258, 1.1688, 0.8766, 0.0974, 18.019, 50.9402, 37.4016, 67.7904, 41.2976, 9.6426, 16.6554, 28.5382, 54.3492, 29.4148, 29.0252, 6.818, 40.0314, 37.012, 13.9282, 20.8436, 3.3116, 1.6558, 0.974, 0.0974, 16.4606, 72.076, 8.3764, 53.2778, 8.0842],
      [2.6064, 2.736, 0, 0.6192, 0.2736, 1.8144, 1.1376, 3.2832, 3.3984, 2.6496, 1.8144, 0.9648, 0.1728, 0.1296, 0.0144, 2.664, 7.5312, 5.5296, 10.0224, 6.1056, 1.4256, 2.4624, 4.2192, 8.0352, 4.3488, 4.2912, 1.008, 5.9184, 5.472, 2.0592, 3.0816, 0.4896, 0.2448, 0.144, 0.0144, 2.4336, 10.656, 1.2384, 7.8768, 1.1952]
    ],
    [
      [7.4152, 8.2984, 0.0368, 0.414, 0.4324, 1.2788, 1.7572, 5.3268, 4.8392, 5.5476, 3.7444, 2.5668, 0.3404, 0.1472, 0.0368, 6.6332, 8.1052, 6.0904, 7.4152, 10.3868, 2.7784, 1.5824, 4.0848, 12.0704, 8.4548, 6.9368, 2.1528, 8.8044, 3.9836, 3.0544, 7.0288, 1.2972, 0.3404, 0.1932, 0.0276, 2.3368, 24.3984, 2.1344, 10.7824, 2.7876],
      [11.5258, 12.8986, 0.0572, 0.6435, 0.6721, 1.9877, 2.7313, 8.2797, 7.5218, 8.6229, 5.8201, 3.9897, 0.5291, 0.2288, 0.0572, 10.3103, 12.5983, 9.4666, 11.5258, 16.1447, 4.3186, 2.4596, 6.3492, 18.7616, 13.1417, 10.7822, 3.3462, 13.6851, 6.1919, 4.7476, 10.9252, 2.0163, 0.5291, 0.3003, 0.0429, 3.6322, 37.9236, 3.3176, 16.7596, 4.3329],
      [14.4274, 16.1458, 0.0716, 0.8055, 0.8413, 2.4881, 3.4189, 10.3641, 9.4154, 10.7937, 7.2853, 4.9941, 0.6623, 0.2864, 0.0716, 12.9059, 15.7699, 11.8498, 14.4274, 20.2091, 5.4058, 3.0788, 7.9476, 23.4848, 16.4501, 13.4966, 4.1886, 17.1303, 7.7507, 5.9428, 13.6756, 2.5239, 0.6623, 0.3759, 0.0537, 4.5466, 47.4708, 4.1528, 20.9788, 5.4237],
      [17.5708, 19.6636, 0.0872, 0.981, 1.0246, 3.0302, 4.1638, 12.6222, 11.4668, 13.1454, 8.8726, 6.0822, 0.8066, 0.3488, 0.0872, 15.7178, 19.2058, 14.4316, 17.5708, 24.6122, 6.5836, 3.7496, 9.6792, 28.6016, 20.0342, 16.4372, 5.1012, 20.8626, 9.4394, 7.2376, 16.6552, 3.0738, 0.8066, 0.4578, 0.0654, 5.5372, 57.8136, 5.0576, 25.5496, 6.6054],
      [750.5472, 839.9424, 3.7248, 41.904, 43.7664, 129.4368, 177.8592, 539.1648, 489.8112, 561.5136, 378.9984, 259.8048, 34.4544, 14.8992, 3.7248, 671.3952, 820.3872, 616.4544, 750.5472, 1051.3248, 281.2224, 160.1664, 413.4528, 1221.7344, 855.7728, 702.1248, 217.9008, 891.1584, 403.2096, 309.1584, 711.4368, 131.2992, 34.4544, 19.5552, 2.7936, 236.5248, 2469.5424, 216.0384, 1091.3664, 282.1536],
      [4.5942, 5.1414, 0.0228, 0.2565, 0.2679, 0.7923, 1.0887, 3.3003, 2.9982, 3.4371, 2.3199, 1.5903, 0.2109, 0.0912, 0.0228, 4.1097, 5.0217, 3.7734, 4.5942, 6.4353, 1.7214, 0.9804, 2.5308, 7.4784, 5.2383, 4.2978, 1.3338, 5.4549, 2.4681, 1.8924, 4.3548, 0.8037, 0.2109, 0.1197, 0.0171, 1.4478, 15.1164, 1.3224, 6.6804, 1.7271]
    ],
    [
      [4.1262, 4.186, 0, 0.8372, 0.299, 2.9302, 1.794, 4.8438, 5.9202, 3.2292, 3.289, 2.4518, 0.1196, 0.0598, 0, 4.7242, 13.8736, 8.6112, 22.6642, 11.9002, 3.2292, 4.6046, 6.1594, 14.053, 9.568, 12.7374, 2.4518, 12.6178, 8.671, 5.681, 7.5946, 0.7176, 0.3588, 0.2392, 0, 7.2358, 22.6044, 3.1694, 7.6544, 0.897],
      [5.589, 5.67, 0, 1.134, 0.405, 3.969, 2.43, 6.561, 8.019, 4.374, 4.455, 3.321, 0.162, 0.081, 0, 6.399, 18.792, 11.664, 30.699, 16.119, 4.374, 6.237, 8.343, 19.035, 12.96, 17.253, 3.321, 17.091, 11.745, 7.695, 10.287, 0.972, 0.486, 0.324, 0, 9.801, 30.618, 4.293, 10.368, 1.215],
      [9.039, 9.17, 0, 1.834, 0.655, 6.419, 3.93, 10.611, 12.969, 7.074, 7.205, 5.371, 0.262, 0.131, 0, 10.349, 30.392, 18.864, 49.649, 26.069, 7.074, 10.087, 13.493, 30.785, 20.96, 27.903, 5.371, 27.641, 18.995, 12.445, 16.637, 1.572, 0.786, 0.524, 0, 15.851, 49.518, 6.943, 16.768, 1.965],
      [40.4685, 41.055, 0, 8.211, 2.9325, 28.7385, 17.595, 47.5065, 58.0635, 31.671, 32.2575, 24.0465, 1.173, 0.5865, 0, 46.3335, 136.068, 84.456, 222.2835, 116.7135, 31.671, 45.1605, 60.4095, 137.8275, 93.84, 124.9245, 24.0465, 123.7515, 85.0425, 55.7175, 74.4855, 7.038, 3.519, 2.346, 0, 70.9665, 221.697, 31.0845, 75.072, 8.7975],
      [7.2519, 7.357, 0, 1.4714, 0.5255, 5.1499, 3.153, 8.5131, 10.4049, 5.6754, 5.7805, 4.3091, 0.2102, 0.1051, 0, 8.3029, 24.3832, 15.1344, 39.8329, 20.9149, 5.6754, 8.0927, 10.8253, 24.6985, 16.816, 22.3863, 4.3091, 22.1761, 15.2395, 9.9845, 13.3477, 1.2612, 0.6306, 0.4204, 0, 12.7171, 39.7278, 5.5703, 13.4528, 1.5765],
      [2.5185, 2.555, 0, 0.511, 0.1825, 1.7885, 1.095, 2.9565, 3.6135, 1.971, 2.0075, 1.4965, 0.073, 0.0365, 0, 2.8835, 8.468, 5.256, 13.8335, 7.2635, 1.971, 2.8105, 3.7595, 8.5775, 5.84, 7.7745, 1.4965, 7.7015, 5.2925, 3.4675, 4.6355, 0.438, 0.219, 0.146, 0, 4.4165, 13.797, 1.9345, 4.672, 0.5475]
    ],
    [
      [10.4808, 15.2448, 0.3573, 0.7146, 1.0719, 4.0494, 2.8584, 9.8853, 12.0291, 12.6246, 7.3842, 5.5977, 0.9528, 0.3573, 0.1191, 10.5999, 23.1054, 11.6718, 25.2492, 17.1504, 5.8359, 7.2651, 12.6246, 26.202, 11.6718, 13.101, 4.764, 17.1504, 13.8156, 7.146, 13.9347, 1.7865, 1.191, 0.3573, 0, 7.7415, 35.73, 4.0494, 26.5593, 4.0494],
      [15.5496, 22.6176, 0.5301, 1.0602, 1.5903, 6.0078, 4.2408, 14.6661, 17.8467, 18.7302, 10.9554, 8.3049, 1.4136, 0.5301, 0.1767, 15.7263, 34.2798, 17.3166, 37.4604, 25.4448, 8.6583, 10.7787, 18.7302, 38.874, 17.3166, 19.437, 7.068, 25.4448, 20.4972, 10.602, 20.6739, 2.6505, 1.767, 0.5301, 0, 11.4855, 53.01, 6.0078, 39.4041, 6.0078],
      [13.2088, 19.2128, 0.4503, 0.9006, 1.3509, 5.1034, 3.6024, 12.4583, 15.1601, 15.9106, 9.3062, 7.0547, 1.2008, 0.4503, 0.1501, 13.3589, 29.1194, 14.7098, 31.8212, 21.6144, 7.3549, 9.1561, 15.9106, 33.022, 14.7098, 16.511, 6.004, 21.6144, 17.4116, 9.006, 17.5617, 2.2515, 1.501, 0.4503, 0, 9.7565, 45.03, 5.1034, 33.4723, 5.1034],
      [25.3264, 36.8384, 0.8634, 1.7268, 2.5902, 9.7852, 6.9072, 23.8874, 29.0678, 30.5068, 17.8436, 13.5266, 2.3024, 0.8634, 0.2878, 25.6142, 55.8332, 28.2044, 61.0136, 41.4432, 14.1022, 17.5558, 30.5068, 63.316, 28.2044, 31.658, 11.512, 41.4432, 33.3848, 17.268, 33.6726, 4.317, 2.878, 0.8634, 0, 18.707, 86.34, 9.7852, 64.1794, 9.7852],
      [17.8376, 25.9456, 0.6081, 1.2162, 1.8243, 6.8918, 4.8648, 16.8241, 20.4727, 21.4862, 12.5674, 9.5269, 1.6216, 0.6081, 0.2027, 18.0403, 39.3238, 19.8646, 42.9724, 29.1888, 9.9323, 12.3647, 21.4862, 44.594, 19.8646, 22.297, 8.108, 29.1888, 23.5132, 12.162, 23.7159, 3.0405, 2.027, 0.6081, 0, 13.1755, 60.81, 6.8918, 45.2021, 6.8918],
      [5.588, 8.128, 0.1905, 0.381, 0.5715, 2.159, 1.524, 5.2705, 6.4135, 6.731, 3.937, 2.9845, 0.508, 0.1905, 0.0635, 5.6515, 12.319, 6.223, 13.462, 9.144, 3.1115, 3.8735, 6.731, 13.97, 6.223, 6.985, 2.54, 9.144, 7.366, 3.81, 7.4295, 0.9525, 0.635, 0.1905, 0, 4.1275, 19.05, 2.159, 14.1605, 2.159]
    ]
  ],
  "V_est": [
    [408.6376, 183.9548, 324.2967, 316.9996, 308.3449, 155.1058],
    [269.3497, 555.3774, 1197.4804, 5385.3262, 812.2186, 120.0816],
    [186.0424, 289.1746, 361.9738, 440.8396, 18830.7264, 115.2654],
    [226.1038, 306.261, 495.311, 2217.5565, 397.3831, 138.0065],
    [386.4795, 573.3915, 487.0745, 933.911, 657.7615, 206.0575]
  ],
  "p_est": [
    [0.2408, 0.1084, 0.1911, 0.1868, 0.1817, 0.0914],
    [0.0323, 0.0666, 0.1436, 0.6458, 0.0974, 0.0144],
    [0.0092, 0.0143, 0.0179, 0.0218, 0.9312, 0.0057],
    [0.0598, 0.081, 0.131, 0.5865, 0.1051, 0.0365],
    [0.1191, 0.1767, 0.1501, 0.2878, 0.2027, 0.0635]
  ],
  "EI_Z": {},
  "EI_V": 15.8435,
  "MAE_Z": {},
  "MAE_V": 393.8058,
  "MAE_p": 0.0799,
  "runtime": 126.84
}
