{
  "X": [
    [12, 27, 25, 70, 120, 0],
    [15, 28, 37, 64, 172, 0],
    [10, 20, 41, 45, 150, 0],
    [6, 57, 57, 123, 205, 1],
    [18, 38, 28, 102, 232, 1],
    [11, 32, 29, 61, 158, 2],
    [3, 35, 30, 59, 176, 1],
    [27, 28, 39, 66, 231, 1],
    [8, 30, 47, 61, 204, 0],
    [15, 33, 39, 74, 240, 1],
    [11, 36, 38, 75, 190, 0],
    [6, 35, 42, 65, 161, 2],
    [6, 22, 39, 41, 129, 0],
    [17, 14, 47, 16, 141, 0],
    [10, 25, 47, 36, 159, 0],
    [1, 10, 42, 31, 117, 0],
    [15, 23, 35, 70, 141, 0],
    [16, 16, 42, 60, 184, 0],
    [14, 30, 69, 87, 344, 2],
    [7, 22, 44, 67, 271, 0],
    [19, 47, 51, 72, 236, 2],
    [24, 42, 58, 74, 225, 1],
    [15, 44, 39, 103, 138, 2],
    [14, 34, 23, 52, 115, 0],
    [12, 36, 49, 59, 199, 1],
    [13, 48, 28, 82, 143, 1],
    [13, 28, 32, 55, 192, 0],
    [4, 43, 32, 67, 105, 2],
    [7, 24, 36, 47, 93, 1],
    [11, 31, 31, 41, 107, 1],
    [23, 34, 32, 63, 146, 0],
    [12, 50, 34, 97, 146, 0],
    [26, 38, 55, 74, 174, 0],
    [14, 41, 73, 77, 186, 0],
    [10, 52, 48, 79, 159, 0],
    [6, 39, 37, 69, 183, 0],
    [14, 33, 78, 69, 175, 2],
    [7, 31, 59, 77, 160, 0],
    [4, 31, 55, 87, 166, 0],
    [9, 36, 53, 86, 187, 0],
    [12, 31, 43, 75, 163, 1],
    [18, 28, 62, 84, 195, 1],
    [8, 54, 41, 134, 97, 0],
    [5, 55, 50, 118, 124, 0],
    [8, 42, 28, 74, 102, 0],
    [7, 55, 78, 71, 169, 4],
    [4, 42, 60, 93, 160, 2],
    [14, 44, 64, 115, 153, 1],
    [12, 34, 90, 46, 190, 3],
    [16, 27, 68, 31, 158, 1],
    [17, 14, 101, 41, 212, 2],
    [7, 28, 42, 52, 106, 1],
    [11, 28, 50, 47, 138, 3],
    [5, 32, 58, 41, 148, 0],
    [11, 58, 51, 124, 173, 0],
    [6, 34, 49, 91, 159, 0],
    [9, 58, 47, 122, 167, 1],
    [11, 38, 62, 77, 166, 1],
    [4, 30, 67, 71, 205, 2],
    [6, 35, 62, 67, 182, 2],
    [15, 28, 74, 39, 177, 0],
    [3, 31, 67, 35, 165, 2],
    [20, 25, 102, 62, 171, 1],
    [11, 59, 27, 90, 153, 2],
    [7, 48, 36, 59, 128, 0],
    [4, 48, 46, 94, 116, 0],
    [15, 59, 75, 76, 187, 0],
    [7, 48, 63, 97, 163, 0],
    [9, 38, 79, 79, 176, 1],
    [8, 60, 53, 148, 155, 0],
    [18, 44, 39, 131, 148, 0],
    [12, 69, 43, 140, 135, 1],
    [6, 28, 42, 46, 141, 2],
    [8, 23, 51, 53, 128, 0],
    [13, 50, 30, 63, 139, 1],
    [8, 39, 27, 89, 111, 0],
    [113, 741, 833, 1543, 2525, 6]
  ],
  "W": [
    [13, 21, 26, 59, 104, 31],
    [4, 29, 52, 57, 135, 39],
    [4, 16, 51, 43, 126, 26],
    [19, 53, 59, 106, 171, 41],
    [10, 40, 31, 92, 200, 46],
    [7, 37, 44, 46, 127, 32],
    [4, 32, 36, 54, 158, 20],
    [11, 30, 50, 53, 203, 45],
    [18, 29, 58, 46, 170, 29],
    [5, 28, 47, 57, 217, 48],
    [5, 35, 49, 57, 173, 31],
    [7, 29, 44, 60, 146, 25],
    [2, 18, 49, 31, 114, 23],
    [2, 16, 54, 11, 125, 27],
    [1, 20, 56, 27, 140, 33],
    [2, 11, 45, 22, 102, 19],
    [7, 22, 42, 52, 127, 34],
    [4, 12, 47, 52, 170, 33],
    [10, 24, 94, 67, 298, 53],
    [8, 25, 58, 56, 241, 23],
    [12, 39, 52, 54, 211, 59],
    [9, 42, 67, 66, 186, 54],
    [24, 36, 44, 89, 116, 32],
    [19, 29, 27, 51, 99, 13],
    [22, 32, 52, 51, 165, 34],
    [11, 44, 36, 81, 108, 35],
    [7, 18, 41, 47, 163, 44],
    [13, 39, 32, 61, 85, 23],
    [7, 20, 43, 38, 75, 25],
    [8, 22, 41, 37, 94, 20],
    [7, 38, 46, 56, 128, 23],
    [7, 48, 49, 78, 127, 30],
    [19, 35, 50, 56, 150, 57],
    [9, 35, 81, 61, 162, 43],
    [13, 41, 59, 71, 122, 42],
    [19, 38, 41, 59, 145, 32],
    [16, 25, 79, 53, 148, 50],
    [10, 26, 61, 64, 139, 34],
    [20, 18, 68, 69, 134, 34],
    [8, 35, 57, 74, 155, 42],
    [7, 26, 51, 56, 135, 50],
    [10, 25, 75, 62, 160, 56],
    [24, 49, 47, 106, 79, 29],
    [19, 42, 51, 111, 102, 27],
    [15, 28, 24, 74, 81, 32],
    [15, 48, 80, 68, 132, 41],
    [13, 43, 74, 78, 119, 34],
    [10, 40, 80, 107, 114, 40],
    [5, 27, 100, 40, 154, 49],
    [9, 18, 78, 27, 132, 37],
    [6, 13, 102, 35, 180, 51],
    [9, 21, 42, 47, 85, 32],
    [9, 21, 54, 39, 120, 34],
    [9, 28, 60, 38, 130, 19],
    [20, 49, 61, 99, 131, 57],
    [22, 31, 61, 73, 112, 40],
    [22, 41, 61, 112, 136, 32],
    [11, 34, 71, 56, 140, 43],
    [6, 27, 74, 60, 178, 34],
    [7, 21, 69, 62, 154, 41],
    [10, 28, 84, 31, 138, 42],
    [11, 22, 75, 25, 135, 35],
    [4, 28, 114, 51, 138, 46],
    [82, 29, 29, 81, 93, 28],
    [16, 39, 31, 47, 116, 29],
    [32, 26, 49, 82, 85, 34],
    [16, 53, 83, 58, 161, 41],
    [16, 47, 66, 80, 137, 32],
    [21, 30, 70, 75, 149, 37],
    [13, 57, 64, 134, 130, 26],
    [15, 48, 49, 109, 127, 32],
    [30, 61, 45, 124, 115, 25],
    [11, 25, 49, 43, 111, 26],
    [7, 26, 56, 36, 114, 24],
    [11, 32, 37, 48, 131, 37],
    [24, 37, 24, 78, 86, 25],
    [260, 550, 828, 1274, 2130, 719]
  ],
  "method": "mvn_pdf",
  "cond_prob": [
    [
      [0.0080458310388, 0.40433231175, 0.029722676955, 0.20046070475, 0.35685811421, 0.00058036130029],
      [0.093505988937, 0.61997521839, 0.0038056660502, 0.21269610952, 0.06925197678, 0.0007650403218],
      [0.040860547094, 0.0044988508144, 0.69233790396, 0.014809732517, 0.24647405734, 0.001018908273],
      [0.0011179667938, 0.067058534831, 0.0016912148628, 0.90770364329, 0.022426505686, 2.1345392517e-06],
      [0.04994770717, 0.0087626482825, 0.013217864958, 0.0182508272, 0.9098149365, 6.0158848543e-06],
      [0.13017770824, 0.11544629072, 0.16059728723, 0.22663492864, 0.36661994089, 0.00052384427894]
    ],
    [
      [0.007860882308, 0.33247637727, 0.024157725762, 0.14203810589, 0.49274837539, 0.00071853338466],
      [0.10688576534, 0.59949734453, 0.0036246385854, 0.17693378552, 0.11194578781, 0.0011126782102],
      [0.04213138296, 0.0039337580719, 0.58185979041, 0.011149223876, 0.35958968938, 0.0013361552995],
      [0.0014930166041, 0.075734801223, 0.0018780552954, 0.87861731046, 0.042273220487, 3.5959311076e-06],
      [0.036553116672, 0.0054423824307, 0.0080702120908, 0.0097620122508, 0.94016669137, 5.585183014e-06],
      [0.12429283297, 0.093421133219, 0.12743241638, 0.15762080459, 0.49659653191, 0.0006362809302]
    ],
    [
      [0.0063807689259, 0.37567010081, 0.032787025958, 0.12763876146, 0.45683281801, 0.00069052483704],
      [0.083483527849, 0.65750305955, 0.0047301986259, 0.15342207001, 0.099833430881, 0.0010277130821],
      [0.029010835354, 0.0037151526126, 0.6750034197, 0.0084463211583, 0.28273333421, 0.0010909369638],
      [0.0013048296937, 0.091886045272, 0.0027441488745, 0.86185022415, 0.04221102615, 3.7258571258e-06],
      [0.031978778775, 0.0065294146593, 0.011799256144, 0.0093931757512, 0.94029358691, 5.7877594944e-06],
      [0.10288459073, 0.10647991641, 0.17683007684, 0.14386131593, 0.46932018452, 0.00062391556235]
    ],
    [
      [0.0028143820195, 0.39717894797, 0.038083975337, 0.18577752754, 0.37345494322, 0.002690223918],
      [0.035404554618, 0.66138060894, 0.0053202579039, 0.21481787905, 0.079191957281, 0.0038847422082],
      [0.012220239491, 0.0038405626516, 0.74667252091, 0.011866121424, 0.22133250396, 0.0040680515623],
      [0.00042459007278, 0.07173246881, 0.0023502540712, 0.89997312502, 0.025508952162, 1.0609862586e-05],
      [0.017249201789, 0.0086470299495, 0.01680006138, 0.016909515904, 0.94036676578, 2.7425200462e-05],
      [0.046826340061, 0.1189308258, 0.21360812618, 0.21895022321, 0.39915702154, 0.0025274632096]
    ],
    [
      [0.0076066875719, 0.32301714243, 0.027404315839, 0.15694181221, 0.48192893574, 0.0031011062031],
      [0.10362636357, 0.58141075439, 0.0041309592163, 0.19588525447, 0.11010400232, 0.0048426660306],
      [0.037831660664, 0.003576664035, 0.61542358625, 0.011482324706, 0.32631840363, 0.0053673607228],
      [0.0013374664741, 0.068170436106, 0.0019732356693, 0.89016910194, 0.038335505428, 1.425438152e-05],
      [0.036140032018, 0.0054426400546, 0.0093403619159, 0.011059388949, 0.93799318845, 2.4388616416e-05],
      [0.11781619472, 0.089535763829, 0.14207066853, 0.17119992264, 0.47668456106, 0.0026928892154]
    ],
    [
      [0.0052868071424, 0.35009989299, 0.01966911216, 0.18454358137, 0.42903174453, 0.011368861816],
      [0.068370192847, 0.60011493518, 0.0028122510979, 0.21892675284, 0.092887181818, 0.016888686215],
      [0.0330170692, 0.0048269256825, 0.55484362684, 0.01684338545, 0.36553506041, 0.024933932417],
      [0.00079654989206, 0.063179420617, 0.0012127193222, 0.90557044691, 0.029196473314, 4.4389941763e-05],
      [0.028239779094, 0.0065851006997, 0.007561106294, 0.014542171383, 0.94297206371, 9.9778819046e-05],
      [0.089364614088, 0.10553915616, 0.11114811205, 0.21970732453, 0.46346864894, 0.010772144232]
    ],
    [
      [0.0023702875765, 0.44545603596, 0.026823074688, 0.14430031316, 0.37748332486, 0.0035669637563],
      [0.028763564499, 0.7237758185, 0.0036124070107, 0.1617774968, 0.077080994392, 0.0049897188048],
      [0.013052604699, 0.0053642585386, 0.67874687009, 0.011584361743, 0.28436160387, 0.0068903010627],
      [0.00043596939329, 0.097954455261, 0.0020183278688, 0.86817530219, 0.031398840649, 1.7104638774e-05],
      [0.014473481232, 0.0094832983451, 0.011808027042, 0.012960640216, 0.95123862385, 3.592931309e-05],
      [0.043852534451, 0.14676148396, 0.16781719293, 0.1885812937, 0.4492638853, 0.0037236096599]
    ],
    [
      [0.015518888278, 0.31945965954, 0.028002350238, 0.16472303517, 0.46928877423, 0.0030072925524],
      [0.19117850211, 0.51874550731, 0.003807563726, 0.1853040049, 0.096736886818, 0.0042275351325],
      [0.074237391283, 0.0033892145584, 0.60050879706, 0.01156084013, 0.30529798525, 0.0050057717155],
      [0.0026030154509, 0.064196907829, 0.0019241438085, 0.89562879552, 0.035633950243, 1.3187151709e-05],
      [0.072875764186, 0.0052997351669, 0.0094220331122, 0.01144103473, 0.90093805344, 2.337936809e-05],
      [0.2152808484, 0.078821742882, 0.1293319391, 0.16021924241, 0.41401598471, 0.0023302425003]
    ],
    [
      [0.0039831441207, 0.3295601344, 0.031628427667, 0.18218095956, 0.4518216588, 0.0008256754532],
      [0.054891212136, 0.60348688724, 0.004828732109, 0.2308753507, 0.10461630359, 0.001301514227],
      [0.018799179656, 0.0034444110802, 0.67326443338, 0.012588303271, 0.29054985346, 0.0013538191506],
      [0.00060850840894, 0.060325068222, 0.0019773607126, 0.90586124696, 0.031224496085, 3.3196126793e-06],
      [0.020375265622, 0.005956198629, 0.011630000388, 0.013774384952, 0.94825709159, 7.0588168901e-06],
      [0.063889186124, 0.094587374283, 0.1703716661, 0.20630913525, 0.46409671438, 0.00074592385726]
    ],
    [
      [0.0051624722214, 0.41552389631, 0.023736323681, 0.19049354621, 0.36227305087, 0.0028107107126],
      [0.061163938958, 0.65260037098, 0.0031212696346, 0.20704777473, 0.072249985184, 0.0038166605141],
      [0.031100870949, 0.0055223561909, 0.64306849466, 0.016817877465, 0.29758020324, 0.0059101974943],
      [0.00075547004022, 0.07243329504, 0.0014235714172, 0.90135201853, 0.024024898893, 1.0746083555e-05],
      [0.032324780987, 0.0091439541306, 0.010670908618, 0.017625021784, 0.93020616994, 2.916454519e-05],
      [0.090070254363, 0.12932206203, 0.13870696677, 0.23459355613, 0.40455014978, 0.0027570109265]
    ],
    [
      [0.0041318641971, 0.44024337108, 0.021192858905, 0.2227353642, 0.3110379787, 0.0006585629251],
      [0.046681210219, 0.65960385404, 0.0026563255464, 0.23107203328, 0.059136648927, 0.000849927995],
      [0.028103112141, 0.0065686267981, 0.65264898505, 0.022069602022, 0.28905241622, 0.0015572577759],
      [0.00052308504509, 0.066390296798, 0.0010992798563, 0.91414430064, 0.017840840857, 2.1968001386e-06],
      [0.029849598563, 0.011123908905, 0.011018546622, 0.023652513637, 0.92434748756, 7.9447149049e-06],
      [0.075459389162, 0.1432095032, 0.12979263202, 0.28697446315, 0.36388738515, 0.00067662732241]
    ],
    [
      [0.0032175171911, 0.45244565078, 0.038275154176, 0.14736597795, 0.3404937927, 0.018201907206],
      [0.037707425647, 0.70660371398, 0.0049716988604, 0.15899890164, 0.067114708012, 0.024603551869],
      [0.01372677605, 0.0042266518496, 0.74707763502, 0.0091735121509, 0.19841632511, 0.027379099811],
      [0.00058321779861, 0.097903336505, 0.0028374542655, 0.87065610048, 0.027934861446, 8.5029502193e-05],
      [0.021449197253, 0.010525847279, 0.018360388924, 0.014458257108, 0.93500808584, 0.00019822359851],
      [0.056016755498, 0.13998637386, 0.22505410054, 0.18075299521, 0.380344457, 0.017845317893]
    ],
    [
      [0.0031960534583, 0.48731047403, 0.023480972672, 0.19189065215, 0.29358851124, 0.00053333644737],
      [0.034945474257, 0.71434338337, 0.0028471762865, 0.19322501458, 0.053973899472, 0.00066505203808],
      [0.020698061123, 0.0067530276657, 0.69330764909, 0.01790418763, 0.26013255584, 0.001204518647],
      [0.00045298808367, 0.081473177777, 0.0013637348987, 0.89786488587, 0.018843216471, 1.9969018395e-06],
      [0.024462249348, 0.012732811097, 0.012954131297, 0.021357932243, 0.92848603701, 6.8390080099e-06],
      [0.061472979641, 0.16444708529, 0.15179219693, 0.25968375019, 0.36202616824, 0.00057781970563]
    ],
    [
      [0.015877158264, 0.33429773211, 0.046058062656, 0.1238690661, 0.47903192138, 0.00086605948464],
      [0.19772138421, 0.55511164576, 0.0062831043109, 0.14067717646, 0.098986648437, 0.0012200408177],
      [0.054340868521, 0.0024824279017, 0.7131995203, 0.0061735130718, 0.22277632042, 0.0010273497852],
      [0.0033098612359, 0.08303574339, 0.0039296590067, 0.86461552024, 0.045104460153, 4.7559741586e-06],
      [0.07270899922, 0.0052887967725, 0.015106086883, 0.0083198610846, 0.89856965008, 6.6059643563e-06],
      [0.2090345495, 0.076528911355, 0.2017091696, 0.11312078351, 0.39897238983, 0.00063419620449]
    ],
    [
      [0.0045194504714, 0.48891978212, 0.027654894512, 0.14925907691, 0.3289755569, 0.00067123908902],
      [0.050527957689, 0.73021717152, 0.0034251440038, 0.15319256531, 0.06178147496, 0.0008556865165],
      [0.025388163319, 0.0059367674658, 0.70277339133, 0.012203904116, 0.25238548541, 0.0013122883624],
      [0.0008007284028, 0.10231998444, 0.0020077480634, 0.86846972097, 0.026398684837, 3.1332790173e-06],
      [0.030994027001, 0.011553017331, 0.013642940967, 0.015025817978, 0.92877650018, 7.6965422858e-06],
      [0.083726572824, 0.15927684488, 0.17182507123, 0.19447890085, 0.38999332347, 0.00069928674744]
    ],
    [
      [0.0022936839022, 0.30184648038, 0.048578549046, 0.22031045891, 0.42630165685, 0.00066917092204],
      [0.031950849791, 0.57444864012, 0.0074899006447, 0.28546558086, 0.099578375417, 0.0010666531665],
      [0.0079664329157, 0.0022629037022, 0.77591607472, 0.011008636494, 0.20203510737, 0.00081084480153],
      [0.00028662811582, 0.04501176621, 0.0024806305825, 0.92819283953, 0.024025926798, 2.208767157e-06],
      [0.012320897541, 0.0055821686723, 0.018792425941, 0.017183419517, 0.94611505248, 6.0358488737e-06],
      [0.034169694499, 0.079413131922, 0.24557911613, 0.23172848743, 0.40854438805, 0.00056518197301]
    ],
    [
      [0.008422491397, 0.38119569321, 0.025959948558, 0.26013160326, 0.3236473733, 0.00064289027393],
      [0.095394276951, 0.56998084919, 0.0032453605448, 0.26920537798, 0.061347276676, 0.00082685866032],
      [0.048129341912, 0.0047643238304, 0.67235298107, 0.021570398329, 0.25190818433, 0.0012747705267],
      [0.00092652331724, 0.04994506572, 0.001169949358, 0.93183686659, 0.016119728882, 1.8661281269e-06],
      [0.056798556204, 0.0089594705366, 0.01255633208, 0.025669805984, 0.8960086, 7.2351927261e-06],
      [0.13442603859, 0.10751087221, 0.13814054753, 0.29079806616, 0.32855094147, 0.0005735340412]
    ],
    [
      [0.009706253253, 0.35283200924, 0.036641072584, 0.18589563803, 0.41420567232, 0.00071935457757],
      [0.11977289923, 0.57863749419, 0.0049895011772, 0.21007003562, 0.085521422654, 0.0010086471233],
      [0.041238873914, 0.0032747877032, 0.70366569553, 0.011492281874, 0.23926756035, 0.0010608006233],
      [0.0014438219177, 0.062637528382, 0.0022327461559, 0.90578742503, 0.02789565468, 2.8238312574e-06],
      [0.052235711126, 0.0066041493319, 0.014117086491, 0.014668740345, 0.91236784715, 6.4655527305e-06],
      [0.14373188633, 0.092016984153, 0.18113212468, 0.1924694706, 0.39005346, 0.00059607423187]
    ],
    [
      [0.0041612295838, 0.34881263713, 0.024907800526, 0.19333639108, 0.42320685884, 0.0055750828471],
      [0.054557057384, 0.60690757464, 0.0036303371597, 0.232920445, 0.093593743968, 0.0083908418501],
      [0.023344298034, 0.0043443535707, 0.62190314441, 0.015940699976, 0.32354378552, 0.010923718484],
      [0.00060703910847, 0.060766416258, 0.0014887588828, 0.90912762594, 0.02798895661, 2.1203202583e-05],
      [0.022707500987, 0.0067370291058, 0.009762809672, 0.015647299477, 0.94509486684, 5.0493915154e-05],
      [0.069476899045, 0.10447828228, 0.13932982425, 0.22849482686, 0.45297267117, 0.0052474963906]
    ],
    [
      [0.0036706033634, 0.28277564824, 0.02989726486, 0.17695517923, 0.50596214357, 0.00073916073559],
      [0.055013754827, 0.5664887533, 0.0049681370616, 0.24474564441, 0.12751447715, 0.0012692332495],
      [0.01740933433, 0.0029679399114, 0.63914045146, 0.01227768877, 0.32698561116, 0.0012189743754],
      [0.00057659375056, 0.053416067813, 0.0019225121141, 0.90811208978, 0.035969675649, 3.0608984359e-06],
      [0.016931599538, 0.0046024450869, 0.0099094038525, 0.012050434099, 0.95650041384, 5.7035864597e-06],
      [0.057578904101, 0.079403991541, 0.15758473961, 0.19605976766, 0.50871882222, 0.00065377487231]
    ],
    [
      [0.006066231289, 0.4469383272, 0.031492832394, 0.1642229623, 0.34301717965, 0.0082624671603],
      [0.069557306432, 0.67689077482, 0.0040062792848, 0.17245555158, 0.066221214528, 0.010868873357],
      [0.030241054534, 0.0049405302369, 0.70526405766, 0.012043094663, 0.23313090642, 0.014380356493],
      [0.0010120313424, 0.08886758178, 0.0021522956613, 0.88199212686, 0.025940128218, 3.5836142006e-05],
      [0.03965940509, 0.010322292153, 0.014782662688, 0.015923967616, 0.91922250557, 8.9166879884e-05],
      [0.10348122154, 0.13630353126, 0.18009712918, 0.19775980349, 0.37443696828, 0.007921346256]
    ],
    [
      [0.010269677544, 0.36161147472, 0.035043503967, 0.13179455354, 0.45852160377, 0.0027591864576],
      [0.13092146523, 0.60840879523, 0.0049397211562, 0.15369136227, 0.098020189744, 0.0040184663674],
      [0.044024975942, 0.0034456666607, 0.67242939235, 0.008316666554, 0.26767146209, 0.0041118364034],
      [0.0020885995002, 0.0880701907, 0.0029175029023, 0.86470049826, 0.042208535061, 1.467357952e-05],
      [0.050397984311, 0.0062864624287, 0.01234595109, 0.0096030698136, 0.92134404203, 2.2490328573e-05],
      [0.15298920076, 0.096181839621, 0.17450696356, 0.13810730938, 0.43590953519, 0.0023051514893]
    ],
    [
      [0.0080876163593, 0.41772209058, 0.031142527115, 0.1993584563, 0.33242680889, 0.011262500753],
      [0.091486805824, 0.62119185627, 0.0038895254362, 0.205866422, 0.062993842729, 0.014571547741],
      [0.039966290603, 0.0045641723639, 0.69792918606, 0.014404468222, 0.2236613378, 0.019474544954],
      [0.0011387265301, 0.070334417709, 0.0017944328234, 0.90549703862, 0.021194272176, 4.1112138407e-05],
      [0.053513726225, 0.0097455282622, 0.014787952326, 0.019464699115, 0.90236569986, 0.00012239421098],
      [0.1310914842, 0.12044661626, 0.16869198085, 0.22660888543, 0.34295705282, 0.010203980435]
    ],
    [
      [0.01489153385, 0.4017996149, 0.03370224691, 0.12243887885, 0.42655455552, 0.00061316996979],
      [0.17273344656, 0.61141550581, 0.004266051657, 0.12893203243, 0.081850832718, 0.00080213082366],
      [0.064154690468, 0.0037897620461, 0.67389779413, 0.0076700198915, 0.24957616799, 0.00091156547771],
      [0.0031483133694, 0.102068282, 0.0029115691243, 0.85115174467, 0.040716655431, 3.4354060514e-06],
      [0.07622027603, 0.007177781252, 0.012348194877, 0.0091900437579, 0.89505848278, 5.2213079936e-06],
      [0.21746925188, 0.10258286772, 0.16369635545, 0.12348778891, 0.39226883493, 0.00049490110497]
    ],
    [
      [0.005852046115, 0.34078697156, 0.04342168301, 0.13332967781, 0.47333678466, 0.0032728368482],
      [0.081285449636, 0.62676642164, 0.0066678173903, 0.1698145985, 0.11026028906, 0.005205423781],
      [0.021645567928, 0.00279893439, 0.72578812282, 0.0072480679295, 0.23830432374, 0.0042149831904],
      [0.0011762397553, 0.082125704791, 0.0035700113727, 0.87007689108, 0.043033968121, 1.7184878737e-05],
      [0.028389464952, 0.0058531457231, 0.015121411466, 0.0095909066483, 0.94101875115, 2.6320064639e-05],
      [0.088226358046, 0.091767508959, 0.2198065958, 0.14149365248, 0.45593447814, 0.0027714065764]
    ],
    [
      [0.0065962288221, 0.39917156306, 0.023878721288, 0.11941637335, 0.44802518554, 0.0029119279428],
      [0.084220902451, 0.67305209836, 0.0033645507413, 0.13951610132, 0.095595381071, 0.0042509660554],
      [0.036721578747, 0.0049211867729, 0.60301079058, 0.0097608074425, 0.33993741712, 0.0056482193392],
      [0.0014459018207, 0.10490618055, 0.002140974189, 0.84714916911, 0.044341092789, 1.6681542619e-05],
      [0.033695316004, 0.0072037455361, 0.0087731609302, 0.009041999088, 0.94126113844, 2.4639997616e-05],
      [0.11212401056, 0.12087500709, 0.13577403837, 0.14255971879, 0.48589624071, 0.0027709844775]
    ],
    [
      [0.0056908201974, 0.43353159765, 0.021488328035, 0.14210499933, 0.39658431775, 0.00059993704258],
      [0.068314520058, 0.691669068, 0.0028585204096, 0.15640101497, 0.079935728836, 0.00082114772764],
      [0.035629161626, 0.0059501396517, 0.60591488833, 0.01302474319, 0.3381771411, 0.0013039261038],
      [0.0010669537152, 0.096658034122, 0.0016515908414, 0.86695889899, 0.033661552706, 2.9696243615e-06],
      [0.032793557428, 0.0087282153193, 0.0088858601666, 0.012090001175, 0.93749658124, 5.7846756784e-06],
      [0.10177916574, 0.13741758768, 0.12842577869, 0.17881885231, 0.45295636549, 0.00060225009032]
    ],
    [
      [0.0029010251941, 0.4339740859, 0.039913581517, 0.14632681195, 0.35791352647, 0.01897096897],
      [0.03510507376, 0.69759811234, 0.0053403120398, 0.16283624138, 0.072636397967, 0.026483862519],
      [0.011758299672, 0.0038776781406, 0.75030228636, 0.0086777466572, 0.19830078873, 0.027083200442],
      [0.00053114045084, 0.095071097688, 0.0029826414172, 0.8717480572, 0.029577589968, 8.9473275047e-05],
      [0.01840771592, 0.0096869113768, 0.018268239124, 0.013717028554, 0.93972337777, 0.00019672725532],
      [0.049535837141, 0.13227419556, 0.23119183274, 0.17626736061, 0.39248901626, 0.018241757683]
    ],
    [
      [0.0046598470465, 0.4447727034, 0.029541528668, 0.18599586674, 0.33132526641, 0.0037047877337],
      [0.053451753081, 0.67874709957, 0.0037397733677, 0.19564780994, 0.063557588259, 0.0048559757812],
      [0.024537614238, 0.0050703528233, 0.71120496843, 0.01416693076, 0.23817473313, 0.0068454006212],
      [0.00068345861921, 0.077540561242, 0.0017724820234, 0.89803139978, 0.021957953484, 1.4144846652e-05],
      [0.031496665499, 0.010388142665, 0.014379500333, 0.01836318218, 0.92533117172, 4.133759952e-05],
      [0.082088785495, 0.13779496433, 0.17448014116, 0.2295173669, 0.37246192684, 0.0036568152753]
    ],
    [
      [0.0068581345754, 0.56329071315, 0.02051248503, 0.13323445856, 0.27286191946, 0.0032422892196],
      [0.0694511172, 0.75517809421, 0.0022905759611, 0.12315053278, 0.046189823313, 0.0037398565323],
      [0.048223040693, 0.0084935831293, 0.65972586519, 0.013522734021, 0.26203655472, 0.0079982222472],
      [0.001320850343, 0.12840134084, 0.0016190947294, 0.84483797367, 0.023804469888, 1.6270528549e-05],
      [0.054966260517, 0.015442999511, 0.011827431579, 0.015553174357, 0.90216739261, 4.2741428762e-05],
      [0.13638756984, 0.19500039564, 0.13592996276, 0.18435552448, 0.34473594024, 0.0035906070368]
    ],
    [
      [0.020830914296, 0.39264187789, 0.023752668998, 0.15704750025, 0.40500865243, 0.0007183861499],
      [0.22224345958, 0.54995159771, 0.0027791060016, 0.15235851588, 0.07180051123, 0.00086680959525],
      [0.11144872913, 0.0046074373644, 0.57533556662, 0.012226523959, 0.29505072101, 0.001331021915],
      [0.0035853975869, 0.081049937139, 0.0016731553215, 0.88217750894, 0.03151073924, 3.2617759301e-06],
      [0.10833205732, 0.0071386451822, 0.0088640217965, 0.011986912965, 0.86367214551, 6.2172315414e-06],
      [0.28869039911, 0.095687560124, 0.10903232955, 0.15117625803, 0.35486117153, 0.00055228165047]
    ],
    [
      [0.0044260946949, 0.49446863307, 0.015360842078, 0.22596738735, 0.25912946365, 0.00064757916086],
      [0.046585059808, 0.68706459321, 0.0017931417003, 0.21790112853, 0.045878467005, 0.00077760974364],
      [0.038779561542, 0.009516321175, 0.61006852769, 0.028841693939, 0.31082057901, 0.001973316636],
      [0.00055302210652, 0.073601534261, 0.0007865700359, 0.91038379563, 0.014672948035, 2.1299312736e-06],
      [0.037673344036, 0.014751363519, 0.009431286297, 0.028293830373, 0.90984097499, 9.2007878342e-06],
      [0.086910850481, 0.17304273634, 0.10091614501, 0.31269861809, 0.32571745672, 0.00071419336347]
    ],
    [
      [0.014721139059, 0.37390330685, 0.047415283182, 0.1817871979, 0.38110504152, 0.0010680314887],
      [0.16835450389, 0.56175566614, 0.005983586761, 0.18953502178, 0.072981913267, 0.0013893081694],
      [0.051866631262, 0.0029253551647, 0.75187966157, 0.009408126249, 0.1826183756, 0.0013018501504],
      [0.002259900862, 0.068583438369, 0.0029799407637, 0.89967629132, 0.026496122783, 4.3059042978e-06],
      [0.082675888628, 0.0074284282943, 0.01908033267, 0.015117107034, 0.87568825585, 9.9875203351e-06],
      [0.19823297283, 0.089618109885, 0.21322462107, 0.1717163163, 0.32640370295, 0.00080427696978]
    ],
    [
      [0.0050867265051, 0.45324706263, 0.035336509627, 0.18672614917, 0.31862196425, 0.0009815878155],
      [0.057770854035, 0.68118454336, 0.004449570394, 0.19442293216, 0.060899046722, 0.0012730533287],
      [0.024073537407, 0.0047282094511, 0.75087116431, 0.012935327012, 0.205777077, 0.0016146848212],
      [0.00075538697705, 0.080187889019, 0.0021487186394, 0.89546075252, 0.021443427308, 3.8255332494e-06],
      [0.035623536237, 0.011157518634, 0.017797842773, 0.01931733143, 0.91609229621, 1.1474716069e-05],
      [0.08675252477, 0.13780306475, 0.20212559282, 0.22452229049, 0.34785420397, 0.0009423231987]
    ],
    [
      [0.0039982174737, 0.4751484863, 0.024949224039, 0.1394465251, 0.3556487783, 0.00080876879218],
      [0.046468401409, 0.73107357636, 0.0032149428225, 0.1486696121, 0.069499411672, 0.0010740556427],
      [0.023752686607, 0.0062371064961, 0.66774045846, 0.012156605828, 0.28844370887, 0.0016694337336],
      [0.00076271968644, 0.10817302483, 0.0019484046209, 0.85840526415, 0.030706532012, 4.0546975396e-06],
      [0.025654425436, 0.010750776934, 0.011528791271, 0.013259700725, 0.938797632, 8.6736315169e-06],
      [0.074695666635, 0.1585589321, 0.15638506667, 0.18382248108, 0.42568732918, 0.00085052433143]
    ],
    [
      [0.0033941472631, 0.32998263413, 0.034244046683, 0.14295549108, 0.48863609622, 0.00078758462011],
      [0.049170080014, 0.63475670066, 0.0054926489861, 0.19045756506, 0.11881636122, 0.0013066440532],
      [0.014844344026, 0.0032085839121, 0.68031986026, 0.0091904040087, 0.29124213007, 0.00119467772],
      [0.00064378949446, 0.075114565003, 0.0026558018342, 0.87971460302, 0.041867305643, 3.9350016207e-06],
      [0.016168152469, 0.0055757746569, 0.011732445427, 0.010105587364, 0.95641176621, 6.273873792e-06],
      [0.054458375288, 0.094975669809, 0.18511361212, 0.16208378345, 0.50265635276, 0.00071220657201]
    ],
    [
      [0.0059125043132, 0.39681910546, 0.048326890692, 0.18360597974, 0.35677875772, 0.0085567620732],
      [0.071474851598, 0.63438980721, 0.0064711518754, 0.20330778387, 0.072511159559, 0.01184524589],
      [0.021282228572, 0.0031589829829, 0.78019415179, 0.0096921363514, 0.17491740707, 0.010755093231],
      [0.00089632608686, 0.071727467607, 0.0029985831472, 0.89984311958, 0.024500779098, 3.3724483799e-05],
      [0.037012658031, 0.0087590811462, 0.021721538266, 0.017006630636, 0.91541149932, 8.859260156e-05],
      [0.090385440578, 0.10817627673, 0.2476950411, 0.19776227896, 0.34862668785, 0.0073542747821]
    ],
    [
      [0.0035445627369, 0.40349479402, 0.042962656079, 0.1990368669, 0.35004205583, 0.00091906442376],
      [0.043250195426, 0.65447725903, 0.0058112483211, 0.22332324816, 0.071856064325, 0.0012819847325],
      [0.014183451884, 0.0035520907288, 0.77828241323, 0.011628819465, 0.19107426411, 0.0012789605913],
      [0.00049781333337, 0.067637242883, 0.0024687143068, 0.90713816676, 0.02225467108, 3.3916407111e-06],
      [0.022884523778, 0.0091407603717, 0.019949526158, 0.018937757342, 0.9290775207, 9.9116511699e-06],
      [0.057412563378, 0.11653156832, 0.23432943627, 0.22743459368, 0.36345222186, 0.00083961648811]
    ],
    [
      [0.0023597258211, 0.41578916989, 0.025490024418, 0.2328920151, 0.32273131887, 0.0007377459016],
      [0.027781645755, 0.65121249491, 0.0033384954149, 0.25253563918, 0.064137206414, 0.00099451832692],
      [0.014250854794, 0.0055217625513, 0.69244026542, 0.020506590992, 0.26572914999, 0.0015513762523],
      [0.00028801769207, 0.060435551687, 0.0012739831512, 0.92015823543, 0.017841844353, 2.3676856282e-06],
      [0.016653951383, 0.010304770509, 0.012941997871, 0.024217274072, 0.93587329104, 8.715123397e-06],
      [0.042426158832, 0.13373929216, 0.15408083687, 0.29646367191, 0.37254055428, 0.00074948594864]
    ],
    [
      [0.0040444140519, 0.36286579429, 0.038064448599, 0.17210453078, 0.42200949406, 0.0009113182233],
      [0.053472627193, 0.63672134994, 0.0055760065606, 0.20909221119, 0.093759727706, 0.0013780774114],
      [0.017065726084, 0.0033930462025, 0.72472798007, 0.010655927563, 0.24282198397, 0.0013353361117],
      [0.00065115460754, 0.069953370688, 0.0025072546783, 0.89615044229, 0.03073392114, 3.856591285e-06],
      [0.021986514211, 0.0069705544697, 0.014881126178, 0.013854725917, 0.94229880134, 8.2778792646e-06],
      [0.064620842928, 0.10377056708, 0.20451503168, 0.19414990548, 0.43212308621, 0.00082056662403]
    ],
    [
      [0.0048848191458, 0.41020286821, 0.025393287961, 0.21317427618, 0.34356459685, 0.0027801516478],
      [0.057383404549, 0.63816855978, 0.0033071363847, 0.22955967416, 0.067843365059, 0.0037378600589],
      [0.028567007113, 0.0052859184772, 0.66826206641, 0.01823713809, 0.27397285913, 0.0056750107707],
      [0.00064648416401, 0.064630242278, 0.0013765948667, 0.91274907598, 0.020587992914, 9.6097965841e-06],
      [0.032042122799, 0.0094521958347, 0.011968715229, 0.020639027305, 0.92586768423, 3.0254604763e-05],
      [0.084416191356, 0.12633068263, 0.14694332296, 0.2598412632, 0.37976831613, 0.0027002237149]
    ],
    [
      [0.0072354563726, 0.35442023289, 0.030137898501, 0.22481038459, 0.38077041285, 0.0026256147951],
      [0.088592622734, 0.57332749436, 0.0040869269009, 0.25200021538, 0.078319763877, 0.0036729767436],
      [0.036405073609, 0.0039484242681, 0.67755690849, 0.016574263415, 0.26091452336, 0.0046008068516],
      [0.00091911625041, 0.053730173579, 0.001567895766, 0.92186695995, 0.021907136381, 8.718074853e-06],
      [0.042570316213, 0.0073609033227, 0.01272933301, 0.019556521787, 0.91775724886, 2.5676811385e-05],
      [0.11316816469, 0.098942164247, 0.15751844405, 0.24775403987, 0.38031108687, 0.0023061002717]
    ],
    [
      [0.0035888521142, 0.44528512444, 0.024297205366, 0.29135238476, 0.23469365166, 0.00078278166099],
      [0.038490501353, 0.62909734194, 0.0028893228414, 0.2861928459, 0.042371800644, 0.00095818732187],
      [0.023609629865, 0.0064768820587, 0.72907599043, 0.02797812658, 0.21106896286, 0.0017904082058],
      [0.00035873849965, 0.053103081404, 0.00099404202959, 0.93491249286, 0.010629589378, 2.0558260484e-06],
      [0.033220774866, 0.014554954223, 0.016216826026, 0.039789670442, 0.89620567602, 1.2098427592e-05],
      [0.064838739438, 0.14399587017, 0.1474563379, 0.37145403874, 0.2714593992, 0.00079561455735]
    ],
    [
      [0.0028556603012, 0.47697623492, 0.039221566706, 0.17510991539, 0.30494833982, 0.00088828285791],
      [0.032532279759, 0.7195502803, 0.0049548028263, 0.18331050145, 0.058494607944, 0.0011575277192],
      [0.012547616443, 0.0046304232517, 0.78713004933, 0.011260622269, 0.18307400172, 0.0013572869914],
      [0.00044858359256, 0.089546866467, 0.0025188966287, 0.88579820948, 0.021683778262, 3.6655722077e-06],
      [0.021047219941, 0.012400947365, 0.020838024704, 0.019085710577, 0.92661715983, 1.0937579503e-05],
      [0.050423202283, 0.15074225983, 0.23394799487, 0.2183208435, 0.34568045739, 0.00088524213043]
    ],
    [
      [0.0048986575466, 0.48024002654, 0.038726620218, 0.12595165596, 0.34953436921, 0.00064867052818],
      [0.056757528551, 0.73609266537, 0.0049513955785, 0.13357717465, 0.067765658493, 0.00085557735774],
      [0.020857768046, 0.0044942798477, 0.76313591341, 0.0078483910502, 0.20270913609, 0.0009545115598],
      [0.0010121613833, 0.1184533447, 0.0032721034301, 0.8446188093, 0.032640042059, 3.5391256958e-06],
      [0.031544286087, 0.010838759357, 0.017910833892, 0.011974648756, 0.92772449402, 6.9778862661e-06],
      [0.085007314308, 0.14766206287, 0.22646517964, 0.15324305281, 0.38699155035, 0.00063084002811]
    ],
    [
      [0.0032324700564, 0.40806878, 0.050357326393, 0.10974592873, 0.38475912973, 0.043836365077],
      [0.040669131872, 0.68057272468, 0.0070226202017, 0.12684193608, 0.081430561313, 0.063463025852],
      [0.010761839048, 0.0030173083449, 0.75483708117, 0.0053809795567, 0.17482456413, 0.05117822775],
      [0.00076422261696, 0.11545770275, 0.0048660833671, 0.83749464314, 0.04114954462, 0.00026780350112],
      [0.019220080799, 0.0085969466214, 0.021562604039, 0.009702762281, 0.94048833604, 0.00042927021831],
      [0.051764160121, 0.11711824768, 0.27180855448, 0.12417789989, 0.39553810864, 0.039593029187]
    ],
    [
      [0.0025935616972, 0.36041657197, 0.032526214632, 0.18470093555, 0.41268306696, 0.0070796491987],
      [0.034316371936, 0.63330946554, 0.004773821947, 0.22497612153, 0.091860711068, 0.010763507982],
      [0.012270290515, 0.0037836895603, 0.69279936855, 0.012815532313, 0.26661232192, 0.01171879715],
      [0.00039275244235, 0.06540562105, 0.0020132324059, 0.903914606, 0.028245894124, 2.7893975965e-05],
      [0.014500413829, 0.0071393979649, 0.013111993853, 0.015304794257, 0.94987773566, 6.5664432271e-05],
      [0.043207359631, 0.10789574011, 0.18249875096, 0.21789997334, 0.44183680095, 0.0066613750128]
    ],
    [
      [0.0061893530812, 0.39804612047, 0.031552653325, 0.17002879957, 0.3916117046, 0.0025713689603],
      [0.075906783962, 0.64466090074, 0.004279459658, 0.19099895383, 0.080552999927, 0.0036009018825],
      [0.030142605778, 0.0042911084033, 0.68901588777, 0.012133224604, 0.26005499824, 0.0043621752109],
      [0.0010060214446, 0.07749034304, 0.0020978851639, 0.89059684272, 0.028797983352, 1.0924280433e-05],
      [0.035733167735, 0.0081179542752, 0.01310729194, 0.014528688959, 0.92848819706, 2.4700033167e-05],
      [0.10149524033, 0.11652045299, 0.17313751359, 0.19616066923, 0.41031772322, 0.0023684006302]
    ],
    [
      [0.0047217204301, 0.43229218191, 0.043209140381, 0.11792332281, 0.38454250682, 0.017311127644],
      [0.057617606213, 0.70134575418, 0.005844678398, 0.13204715187, 0.07891419224, 0.024230617105],
      [0.018221581948, 0.0036730472496, 0.74565206946, 0.0066866662285, 0.20238383924, 0.023382795874],
      [0.0010401050966, 0.11337670005, 0.0038957085068, 0.84323033465, 0.038358247416, 9.8904278573e-05],
      [0.027949848261, 0.0089836511125, 0.018393987208, 0.010349825186, 0.93415331588, 0.00016937235144],
      [0.077623761982, 0.12641939573, 0.23834310998, 0.13668158708, 0.404907111, 0.016025034223]
    ],
    [
      [0.0087208748381, 0.46228170068, 0.03930120026, 0.11093576286, 0.37563989829, 0.0031205630722],
      [0.099892151154, 0.70286703679, 0.0049704320342, 0.11614151859, 0.072054924593, 0.0040739368392],
      [0.03634946049, 0.0041994005843, 0.73500704179, 0.0067650526335, 0.21314448681, 0.0045345576899],
      [0.0019917030844, 0.12527028403, 0.0036753048584, 0.83020042203, 0.038843681522, 1.8604472634e-05],
      [0.051673625816, 0.0095181958024, 0.016713148412, 0.0097004123372, 0.9123639598, 3.0657827154e-05],
      [0.14106797099, 0.13143409394, 0.21224496883, 0.12557999037, 0.38684686838, 0.0028261074913]
    ],
    [
      [0.0087769550486, 0.27175926576, 0.071673825338, 0.13271089104, 0.50445212201, 0.010626940812],
      [0.12988976174, 0.53526925917, 0.011721564478, 0.18000291437, 0.12513136689, 0.017985133353],
      [0.021747151018, 0.0014921305889, 0.79278856018, 0.0048340073069, 0.16995179399, 0.0091863569152],
      [0.0017833022207, 0.066072792589, 0.0059590211562, 0.87974544362, 0.046383345002, 5.6095409063e-05],
      [0.03933715032, 0.0043001057096, 0.023035377082, 0.0088173112468, 0.92443127479, 7.8780848604e-05],
      [0.11011920935, 0.060618743222, 0.30100203431, 0.11697873204, 0.40379252143, 0.0074887596499]
    ],
    [
      [0.0045085372813, 0.43295991884, 0.04365983231, 0.14352246477, 0.37125418272, 0.0040950640804],
      [0.054692344196, 0.69865634684, 0.005848018278, 0.15973195885, 0.075386160564, 0.0056851712814],
      [0.01740129134, 0.003652938703, 0.77004566501, 0.0080818253615, 0.19528879964, 0.0055294799447],
      [0.00083445614044, 0.095522253405, 0.0033035930586, 0.86927592647, 0.031044047983, 1.9722940027e-05],
      [0.027442307987, 0.0091883120554, 0.019107390378, 0.012861646895, 0.93135917628, 4.1166401601e-05],
      [0.074058410708, 0.12572484565, 0.24135634575, 0.16543909203, 0.38964430274, 0.0037770031237]
    ],
    [
      [0.0055220616657, 0.42839017913, 0.037210891723, 0.14461905448, 0.32372237406, 0.060535438944],
      [0.06245337587, 0.64290739251, 0.0046529677652, 0.14980326298, 0.061401236099, 0.078781764778],
      [0.022762319863, 0.0038576251956, 0.69461987934, 0.0086978114689, 0.18185715236, 0.088205211768],
      [0.0010217037376, 0.09424122426, 0.0028174747454, 0.8745189383, 0.027113894909, 0.00028676404473],
      [0.03809588703, 0.010289538073, 0.018433591635, 0.01468018392, 0.91782238809, 0.00067841125456],
      [0.092397861308, 0.12658871686, 0.20875574204, 0.16979424575, 0.34570653206, 0.056756901983]
    ],
    [
      [0.0033691571165, 0.42565230803, 0.055104936211, 0.12025314532, 0.39464799731, 0.00097245601362],
      [0.042787411806, 0.7231743579, 0.0077374245116, 0.14078744731, 0.084101304953, 0.0014120535194],
      [0.010803209352, 0.0029833649452, 0.8066968669, 0.005626041363, 0.17280530943, 0.0010852080152],
      [0.00072154423804, 0.10903572038, 0.0048218241633, 0.84721145759, 0.038203980229, 5.473392765e-06],
      [0.019455342374, 0.0085730024687, 0.022924183596, 0.010228278462, 0.93880981781, 9.3752868257e-06],
      [0.053163277589, 0.11902636581, 0.2940105212, 0.13341296705, 0.39952100791, 0.00086586043997]
    ],
    [
      [0.0037284923507, 0.4309202372, 0.023739971997, 0.20962821792, 0.33110887043, 0.00087421009071],
      [0.043468144716, 0.66314970281, 0.00307366779, 0.22410311297, 0.065039691724, 0.0011656799857],
      [0.023336003969, 0.0059983105859, 0.66669049713, 0.0192866932, 0.28278832767, 0.0019001674411],
      [0.00050414747715, 0.069577017661, 0.0013144777319, 0.90832164717, 0.020279606434, 3.103527135e-06],
      [0.025520976795, 0.010467813753, 0.011693940034, 0.021301420831, 0.93100584817, 1.0000421044e-05],
      [0.067131805317, 0.13937141217, 0.14336535199, 0.26705606345, 0.3821883778, 0.00088698927618]
    ],
    [
      [0.0032595713336, 0.32290056448, 0.029038030814, 0.19792298325, 0.44603055902, 0.00084829110155],
      [0.045167474853, 0.59313891475, 0.0044599109768, 0.25203663089, 0.10385261169, 0.0013444568363],
      [0.016419871041, 0.0036145715239, 0.65773660129, 0.014623965481, 0.30612043447, 0.0014845561925],
      [0.00046561634193, 0.05526140424, 0.0016966746208, 0.91377647455, 0.028796645881, 3.1843699187e-06],
