{
  "X": [
    [0, 4, 3, 4, 1],
    [0, 6, 2, 2, 2],
    [0, 2, 3, 3, 0],
    [1, 5, 3, 0, 0],
    [0, 6, 6, 2, 2],
    [3, 4, 6, 8, 1],
    [0, 3, 7, 2, 1],
    [0, 5, 7, 2, 0],
    [1, 7, 7, 8, 1],
    [0, 4, 2, 0, 1],
    [1, 4, 4, 3, 0],
    [0, 6, 10, 4, 1],
    [1, 16, 17, 14, 6],
    [1, 2, 3, 3, 1],
    [0, 4, 2, 2, 1],
    [1, 2, 5, 1, 1],
    [1, 9, 12, 0, 2],
    [1, 5, 3, 6, 1],
    [3, 3, 2, 2, 1],
    [2, 2, 0, 2, 0],
    [2, 12, 10, 3, 2],
    [2, 5, 1, 2, 0],
    [0, 2, 4, 3, 0],
    [0, 5, 1, 1, 1],
    [1, 1, 5, 0, 0],
    [1, 7, 7, 9, 1],
    [1, 13, 13, 13, 2],
    [1, 11, 6, 2, 3],
    [0, 2, 3, 3, 1],
    [2, 24, 40, 38, 7],
    [0, 2, 1, 2, 1],
    [1, 11, 9, 3, 1],
    [2, 3, 12, 1, 1],
    [2, 4, 6, 7, 2],
    [3, 15, 13, 17, 5],
    [0, 10, 6, 5, 1],
    [2, 4, 5, 7, 1],
    [0, 2, 4, 8, 3],
    [0, 11, 18, 22, 4],
    [0, 4, 7, 8, 0],
    [0, 11, 8, 5, 2],
    [3, 19, 22, 14, 0],
    [0, 3, 3, 4, 0],
    [2, 10, 8, 8, 0],
    [2, 6, 11, 7, 3],
    [4, 12, 38, 19, 1],
    [0, 3, 10, 8, 3],
    [0, 5, 5, 4, 0],
    [1, 2, 4, 0, 0],
    [5, 19, 21, 19, 5],
    [0, 1, 2, 3, 0],
    [1, 2, 2, 2, 0],
    [0, 3, 4, 1, 0],
    [1, 4, 1, 3, 0],
    [1, 11, 16, 8, 0],
    [0, 4, 8, 2, 0],
    [2, 7, 5, 3, 0],
    [1, 6, 10, 7, 3],
    [2, 3, 4, 0, 0],
    [1, 8, 6, 6, 2],
    [0, 2, 7, 4, 0],
    [1, 2, 4, 1, 3],
    [0, 1, 5, 5, 0],
    [1, 1, 4, 2, 1],
    [0, 2, 4, 3, 2],
    [1, 6, 6, 6, 1],
    [0, 2, 6, 2, 0],
    [0, 4, 5, 1, 0],
    [0, 5, 7, 11, 0],
    [1, 12, 21, 15, 1],
    [1, 8, 5, 4, 2],
    [1, 0, 5, 2, 2],
    [1, 4, 4, 2, 0],
    [4, 28, 63, 45, 6],
    [2, 16, 15, 22, 0],
    [4, 28, 29, 32, 1],
    [2, 11, 17, 15, 3],
    [5, 11, 13, 8, 0],
    [0, 5, 11, 9, 1],
    [0, 9, 8, 6, 0],
    [0, 7, 1, 0, 1],
    [2, 5, 10, 14, 2],
    [1, 1, 10, 9, 0],
    [0, 10, 11, 15, 0],
    [0, 8, 12, 11, 0],
    [2, 12, 12, 14, 4],
    [1, 8, 4, 9, 0],
    [1, 1, 7, 6, 0],
    [5, 19, 33, 36, 2],
    [0, 4, 3, 4, 0],
    [1, 6, 10, 9, 0],
    [3, 6, 7, 12, 1],
    [0, 2, 6, 1, 2],
    [1, 9, 10, 7, 2],
    [1, 6, 63, 91, 5],
    [2, 3, 44, 73, 4],
    [0, 1, 9, 8, 0],
    [0, 2, 5, 4, 0],
    [0, 0, 1, 8, 0],
    [5, 6, 52, 34, 7],
    [2, 3, 29, 32, 6],
    [5, 15, 42, 28, 3],
    [0, 0, 3, 3, 1],
    [0, 1, 13, 26, 0],
    [1, 8, 17, 35, 6],
    [0, 4, 6, 11, 2],
    [3, 11, 41, 86, 7],
    [0, 4, 20, 21, 2],
    [6, 31, 119, 176, 13],
    [3, 30, 110, 127, 16],
    [3, 2, 8, 0, 0],
    [3, 18, 75, 100, 10],
    [2, 16, 147, 220, 15],
    [2, 19, 29, 16, 6],
    [0, 0, 24, 7, 0],
    [1, 43, 107, 71, 12],
    [2, 17, 55, 50, 4],
    [0, 7, 12, 19, 1],
    [1, 8, 26, 11, 2],
    [3, 4, 23, 32, 0],
    [0, 3, 11, 24, 2],
    [0, 12, 16, 7, 0],
    [0, 2, 5, 4, 2],
    [4, 9, 37, 57, 9],
    [2, 14, 8, 4, 0],
    [1, 6, 34, 61, 5],
    [0, 26, 9, 15, 0],
    [5, 5, 26, 18, 0],
    [1, 42, 121, 179, 28],
    [0, 5, 12, 15, 4],
    [1, 11, 11, 30, 2],
    [2, 8, 25, 31, 8],
    [1, 10, 36, 35, 6],
    [7, 15, 47, 100, 11],
    [3, 2, 20, 2, 0],
    [2, 1, 2, 2, 4],
    [0, 0, 4, 15, 2],
    [3, 18, 55, 72, 8],
    [2, 3, 15, 8, 2],
    [1, 5, 10, 11, 7],
    [1, 5, 23, 32, 2],
    [0, 11, 42, 67, 11],
    [1, 1, 7, 6, 1],
    [2, 1, 6, 17, 4],
    [1, 6, 15, 23, 3],
    [2, 23, 24, 39, 2],
    [0, 3, 6, 0, 0],
    [0, 2, 4, 13, 1],
    [2, 3, 23, 21, 3],
    [0, 1, 20, 29, 0],
    [0, 3, 9, 12, 0],
    [6, 4, 31, 54, 8],
    [0, 4, 3, 29, 3],
    [3, 5, 21, 12, 4],
    [3, 11, 33, 25, 5],
    [2, 8, 20, 66, 2],
    [5, 5, 39, 55, 2],
    [0, 2, 2, 6, 0],
    [0, 3, 3, 12, 1],
    [0, 1, 1, 4, 1],
    [0, 2, 5, 12, 1],
    [0, 6, 15, 18, 1],
    [1, 7, 15, 45, 1],
    [1, 7, 14, 14, 1],
    [0, 7, 21, 50, 8],
    [3, 3, 20, 8, 4],
    [1, 4, 12, 25, 3],
    [0, 3, 8, 8, 3],
    [1, 8, 3, 13, 2],
    [2, 11, 32, 45, 5],
    [0, 0, 12, 5, 2],
    [0, 3, 5, 8, 2],
    [0, 0, 4, 5, 0],
    [0, 5, 3, 10, 3],
    [0, 5, 15, 12, 1],
    [1, 8, 21, 42, 6],
    [0, 10, 22, 23, 3],
    [0, 6, 4, 10, 2],
    [5, 11, 18, 20, 2],
    [0, 1, 12, 5, 0],
    [5, 18, 28, 38, 9],
    [0, 3, 6, 15, 0],
    [1, 2, 14, 11, 4],
    [1, 1, 7, 15, 0],
    [0, 8, 21, 36, 5],
    [1, 7, 4, 3, 0],
    [1, 2, 1, 6, 2],
    [1, 3, 7, 0, 0],
    [0, 8, 14, 6, 1],
    [0, 3, 4, 4, 2],
    [2, 6, 13, 5, 0],
    [3, 2, 3, 2, 1],
    [1, 4, 17, 6, 2],
    [2, 12, 14, 6, 1],
    [0, 6, 3, 6, 2],
    [1, 2, 2, 2, 1],
    [2, 4, 3, 3, 0],
    [2, 7, 8, 6, 1],
    [0, 10, 10, 1, 1],
    [0, 4, 3, 1, 0],
    [0, 5, 5, 3, 1],
    [1, 10, 6, 0, 0],
    [0, 1, 5, 0, 0],
    [4, 13, 20, 11, 3],
    [0, 6, 5, 5, 1],
    [0, 3, 1, 4, 0],
    [2, 8, 12, 8, 4],
    [1, 3, 10, 3, 1],
    [0, 1, 7, 1, 3],
    [4, 6, 17, 8, 1],
    [4, 19, 57, 45, 5],
    [5, 12, 24, 30, 1],
    [0, 9, 18, 19, 1],
    [0, 4, 12, 9, 0],
    [2, 9, 10, 14, 0],
    [2, 29, 39, 46, 3],
    [0, 9, 19, 13, 0],
    [2, 30, 37, 49, 3],
    [5, 19, 42, 38, 3],
    [0, 25, 35, 37, 8],
    [2, 5, 17, 14, 4],
    [2, 22, 36, 25, 5],
    [5, 6, 25, 17, 2],
    [1, 8, 8, 7, 1],
    [2, 21, 16, 30, 2],
    [1, 25, 33, 50, 3],
    [3, 11, 24, 30, 1],
    [6, 52, 61, 55, 8],
    [1, 9, 21, 20, 4],
    [3, 23, 32, 43, 2],
    [3, 11, 14, 23, 4],
    [0, 7, 14, 8, 2],
    [3, 7, 23, 23, 1],
    [3, 24, 27, 27, 2],
    [1, 14, 32, 38, 5],
    [1, 12, 28, 27, 5],
    [0, 7, 16, 17, 6],
    [3, 4, 18, 15, 1],
    [1, 10, 19, 11, 1],
    [3, 30, 33, 32, 1],
    [0, 10, 26, 15, 4],
    [2, 13, 41, 28, 5],
    [3, 3, 13, 11, 3],
    [3, 20, 72, 47, 3],
    [2, 12, 17, 15, 3],
    [2, 6, 16, 13, 2],
    [3, 11, 25, 15, 2],
    [2, 14, 29, 19, 3],
    [0, 6, 10, 4, 1],
    [1, 2, 17, 8, 2],
    [1, 12, 45, 48, 13],
    [0, 0, 2, 7, 1],
    [0, 4, 25, 24, 4],
    [5, 17, 49, 69, 3],
    [1, 3, 6, 0, 1],
    [4, 5, 10, 13, 1],
    [4, 10, 43, 43, 5],
    [1, 3, 20, 11, 2],
    [2, 13, 46, 25, 4],
    [0, 1, 0, 5, 0],
    [0, 3, 4, 2, 0],
    [0, 0, 6, 0, 0],
    [1, 1, 2, 5, 0],
    [0, 2, 5, 6, 0],
    [1, 5, 14, 11, 0],
    [1, 2, 11, 11, 2],
    [0, 4, 12, 7, 0],
    [1, 11, 37, 16, 3],
    [1, 2, 21, 27, 3],
    [0, 12, 16, 31, 5],
    [1, 18, 20, 15, 1],
    [0, 3, 14, 10, 0],
    [3, 6, 50, 56, 8],
    [1, 7, 28, 33, 1],
    [2, 5, 41, 28, 3],
    [6, 18, 60, 81, 8],
    [1, 3, 7, 10, 0],
    [4, 21, 70, 122, 15],
    [5, 6, 12, 21, 2],
    [1, 4, 11, 9, 1],
    [1, 2, 10, 2, 0],
    [1, 8, 57, 99, 10],
    [8, 18, 41, 69, 5],
    [1, 15, 42, 37, 4],
    [0, 1, 20, 14, 4],
    [4, 12, 43, 46, 6],
    [2, 0, 4, 4, 1],
    [0, 6, 5, 4, 0],
    [0, 1, 5, 4, 0],
    [0, 0, 4, 5, 1],
    [0, 1, 1, 4, 0],
    [8, 21, 106, 124, 15],
    [1, 7, 39, 38, 3],
    [1, 6, 32, 27, 3],
    [1, 10, 18, 5, 0],
    [2, 4, 17, 10, 1],
    [3, 4, 15, 12, 6],
    [1, 14, 37, 43, 7],
    [6, 21, 34, 46, 4],
    [1, 1, 4, 2, 1],
    [3, 13, 29, 12, 2],
    [1, 9, 7, 1, 1],
    [3, 31, 31, 16, 3],
    [0, 25, 16, 22, 2],
    [4, 26, 47, 64, 3],
    [21, 77, 304, 687, 28],
    [4, 27, 43, 17, 6],
    [3, 53, 72, 52, 4],
    [1, 11, 38, 21, 4],
    [7, 52, 148, 155, 15],
    [8, 68, 118, 181, 12],
    [70, 300, 516, 755, 75],
    [3, 25, 25, 29, 2]
  ],
  "W": [
    [1, 1, 2, 3, 2, 1, 2],
    [0, 4, 1, 6, 1, 0, 0],
    [0, 3, 3, 1, 1, 0, 0],
    [0, 2, 0, 2, 4, 1, 0],
    [1, 4, 0, 3, 4, 1, 3],
    [2, 3, 6, 0, 5, 4, 2],
    [2, 2, 0, 4, 3, 2, 0],
    [2, 3, 0, 1, 6, 2, 0],
    [3, 3, 4, 1, 9, 3, 1],
    [0, 1, 0, 2, 3, 1, 0],
    [1, 3, 0, 0, 5, 2, 1],
    [3, 7, 2, 4, 3, 2, 0],
    [8, 17, 4, 7, 9, 6, 3],
    [0, 0, 0, 2, 6, 2, 0],
    [0, 3, 0, 0, 4, 2, 0],
    [1, 2, 0, 0, 5, 1, 1],
    [5, 6, 0, 1, 7, 4, 1],
    [1, 2, 1, 3, 5, 4, 0],
    [0, 1, 1, 4, 2, 1, 2],
    [1, 2, 2, 0, 1, 0, 0],
    [3, 4, 0, 2, 17, 2, 1],
    [1, 1, 1, 0, 4, 2, 1],
    [2, 3, 1, 0, 3, 0, 0],
    [0, 0, 2, 0, 6, 0, 0],
    [2, 2, 0, 1, 2, 0, 0],
    [0, 7, 5, 7, 3, 2, 1],
    [4, 14, 6, 9, 5, 2, 2],
    [1, 4, 1, 1, 13, 2, 1],
    [2, 1, 2, 0, 3, 1, 0],
    [9, 32, 15, 16, 15, 22, 2],
    [0, 1, 1, 0, 3, 0, 1],
    [2, 3, 0, 0, 19, 1, 0],
    [2, 7, 0, 0, 7, 2, 1],
    [1, 4, 2, 5, 8, 1, 0],
    [4, 13, 7, 15, 7, 6, 1],
    [1, 6, 2, 3, 5, 5, 0],
    [6, 4, 0, 6, 1, 1, 1],
    [0, 4, 6, 2, 2, 1, 2],
    [1, 20, 9, 10, 6, 7, 2],
    [2, 6, 1, 4, 2, 4, 0],
    [6, 6, 2, 5, 6, 1, 0],
    [11, 12, 5, 7, 13, 6, 4],
    [1, 1, 2, 1, 4, 0, 1],
    [2, 5, 2, 4, 13, 2, 0],
    [2, 6, 4, 4, 5, 7, 1],
    [6, 34, 6, 5, 12, 9, 2],
    [2, 9, 4, 3, 4, 2, 0],
    [2, 4, 0, 3, 3, 1, 1],
    [2, 0, 0, 0, 4, 0, 1],
    [7, 21, 8, 12, 12, 5, 4],
    [1, 4, 0, 1, 0, 0, 0],
    [0, 2, 0, 0, 4, 0, 1],
    [0, 0, 1, 0, 5, 2, 0],
    [1, 2, 1, 2, 3, 0, 0],
    [7, 11, 3, 8, 4, 3, 0],
    [6, 6, 0, 1, 1, 0, 0],
    [2, 5, 1, 3, 5, 1, 0],
    [0, 12, 3, 2, 8, 1, 1],
    [1, 2, 0, 2, 2, 1, 1],
    [7, 3, 2, 0, 11, 0, 0],
    [2, 5, 2, 1, 3, 0, 0],
    [2, 2, 1, 1, 2, 1, 2],
    [1, 4, 2, 1, 2, 1, 0],
    [2, 3, 2, 0, 2, 0, 0],
    [0, 2, 2, 1, 5, 1, 0],
    [2, 2, 2, 2, 8, 4, 0],
    [1, 6, 0, 1, 2, 0, 0],
    [5, 1, 0, 2, 0, 2, 0],
    [1, 8, 5, 2, 4, 3, 0],
    [4, 12, 9, 8, 9, 6, 2],
    [4, 2, 2, 0, 4, 7, 1],
    [1, 4, 0, 0, 4, 1, 0],
    [0, 1, 0, 0, 8, 2, 0],
    [9, 64, 23, 18, 8, 19, 5],
    [5, 18, 13, 4, 6, 7, 2],
    [13, 24, 17, 15, 8, 12, 5],
    [8, 24, 5, 6, 3, 1, 1],
    [6, 10, 2, 4, 8, 6, 1],
    [3, 11, 4, 2, 5, 1, 0],
    [6, 5, 0, 3, 7, 1, 1],
    [3, 2, 0, 0, 3, 1, 0],
    [6, 7, 8, 1, 7, 2, 2],
    [3, 5, 4, 3, 2, 3, 1],
    [3, 8, 8, 5, 5, 6, 1],
    [1, 11, 7, 2, 6, 4, 0],
    [4, 6, 8, 5, 10, 8, 3],
    [3, 3, 1, 2, 8, 2, 3],
    [1, 7, 4, 0, 0, 2, 1],
    [12, 27, 22, 17, 8, 7, 2],
    [2, 3, 0, 2, 3, 1, 0],
    [4, 4, 5, 0, 7, 6, 0],
    [4, 9, 8, 0, 6, 1, 1],
    [5, 1, 0, 2, 2, 0, 1],
    [1, 10, 4, 4, 8, 1, 1],
    [9, 48, 71, 11, 8, 12, 7],
    [14, 45, 42, 6, 7, 8, 4],
    [0, 10, 2, 0, 0, 4, 2],
    [1, 4, 1, 2, 1, 1, 1],
    [2, 1, 5, 1, 0, 0, 0],
    [4, 51, 10, 9, 9, 13, 8],
    [12, 31, 10, 4, 3, 8, 4],
    [6, 36, 12, 9, 6, 19, 5],
    [0, 5, 2, 0, 0, 0, 0],
    [3, 21, 15, 0, 1, 0, 0],
    [5, 22, 24, 8, 0, 3, 5],
    [5, 3, 6, 1, 2, 5, 1],
    [7, 42, 64, 10, 6, 10, 9],
    [5, 9, 9, 4, 2, 16, 2],
    [22, 122, 117, 37, 7, 29, 11],
    [22, 103, 86, 27, 4, 34, 10],
    [0, 4, 0, 2, 0, 4, 3],
    [17, 63, 69, 15, 15, 20, 7],
    [21, 134, 153, 19, 26, 24, 23],
    [9, 25, 11, 9, 5, 7, 6],
    [1, 22, 5, 0, 1, 1, 1],
    [10, 101, 52, 34, 7, 23, 7],
    [11, 53, 26, 9, 14, 11, 4],
    [1, 13, 11, 3, 6, 4, 1],
    [7, 12, 11, 5, 7, 6, 0],
    [3, 19, 17, 4, 6, 8, 5],
    [2, 15, 16, 2, 1, 4, 0],
    [5, 5, 3, 5, 8, 6, 3],
    [1, 1, 3, 1, 2, 4, 1],
    [8, 32, 42, 10, 14, 4, 6],
    [1, 5, 3, 8, 3, 3, 5],
    [9, 36, 35, 11, 2, 8, 6],
    [3, 11, 10, 13, 4, 7, 2],
    [2, 24, 12, 3, 6, 7, 0],
    [10, 143, 118, 40, 3, 33, 24],
    [1, 13, 10, 4, 0, 4, 4],
    [4, 20, 13, 4, 3, 10, 1],
    [9, 22, 20, 7, 3, 6, 7],
    [7, 36, 20, 10, 1, 10, 4],
    [16, 61, 55, 13, 6, 19, 10],
    [3, 10, 2, 4, 4, 2, 2],
    [1, 3, 1, 1, 0, 5, 0],
    [3, 10, 7, 0, 0, 1, 0],
    [16, 57, 39, 15, 13, 10, 6],
    [2, 11, 5, 2, 3, 5, 2],
    [3, 10, 2, 2, 0, 13, 4],
    [7, 25, 16, 4, 5, 3, 3],
    [4, 49, 47, 7, 9, 6, 9],
    [4, 3, 3, 1, 1, 3, 1],
    [3, 5, 16, 2, 0, 3, 1],
    [5, 17, 16, 4, 2, 2, 2],
    [1, 20, 27, 12, 3, 19, 8],
    [0, 2, 0, 2, 3, 2, 0],
    [0, 3, 6, 1, 0, 9, 1],
    [5, 12, 15, 3, 11, 4, 2],
    [3, 18, 23, 2, 2, 1, 1],
    [1, 5, 8, 1, 0, 9, 0],
    [17, 31, 35, 3, 5, 3, 9],
    [5, 4, 24, 4, 0, 2, 0],
    [1, 11, 11, 4, 6, 8, 4],
    [9, 26, 13, 3, 12, 9, 5],
    [5, 20, 51, 7, 0, 11, 4],
    [9, 37, 39, 3, 9, 3, 6],
    [0, 5, 2, 1, 0, 2, 0],
    [2, 8, 2, 3, 1, 2, 1],
    [2, 2, 2, 1, 0, 0, 0],
    [0, 4, 9, 3, 2, 1, 1],
    [1, 16, 8, 4, 3, 7, 1],
    [2, 25, 33, 8, 0, 0, 1],
    [1, 15, 11, 5, 1, 1, 3],
    [7, 21, 42, 12, 0, 3, 1],
    [4, 12, 1, 5, 2, 10, 4],
    [2, 16, 16, 5, 2, 1, 3],
    [3, 4, 6, 3, 2, 3, 1],
    [2, 5, 7, 5, 4, 2, 2],
    [7, 30, 31, 8, 9, 6, 4],
    [4, 4, 1, 1, 6, 2, 1],
    [3, 7, 5, 3, 0, 0, 0],
    [0, 4, 4, 1, 0, 0, 0],
    [1, 4, 7, 2, 5, 2, 0],
    [2, 14, 6, 4, 2, 4, 1],
    [3, 33, 24, 8, 3, 3, 4],
    [5, 24, 6, 7, 3, 8, 5],
    [3, 3, 4, 4, 2, 5, 1],
    [6, 14, 10, 2, 10, 8, 6],
    [2, 6, 4, 1, 5, 0, 0],
    [8, 25, 23, 12, 11, 14, 5],
    [2, 5, 11, 2, 2, 2, 0],
    [4, 15, 5, 2, 1, 3, 2],
    [1, 6, 14, 2, 0, 1, 0],
    [4, 30, 25, 1, 2, 3, 5],
    [3, 2, 0, 3, 6, 1, 0],
    [1, 5, 1, 2, 0, 2, 1],
    [1, 1, 0, 0, 6, 2, 1],
    [2, 8, 2, 5, 3, 7, 2],
    [0, 2, 3, 3, 4, 1, 0],
    [6, 4, 1, 5, 3, 6, 1],
    [3, 0, 0, 1, 6, 1, 0],
    [2, 9, 4, 0, 10, 3, 2],
    [6, 10, 1, 8, 3, 6, 1],
    [2, 4, 1, 3, 2, 5, 0],
    [0, 0, 0, 0, 6, 1, 1],
    [1, 3, 0, 3, 3, 2, 0],
    [3, 5, 1, 5, 5, 5, 0],
    [2, 2, 0, 3, 11, 3, 1],
    [1, 2, 1, 2, 1, 1, 0],
    [1, 2, 3, 2, 6, 0, 0],
    [2, 5, 1, 2, 5, 1, 1],
    [0, 3, 0, 1, 1, 0, 1],
    [3, 13, 6, 8, 13, 7, 1],
    [1, 5, 0, 5, 3, 3, 0],
    [0, 3, 1, 2, 0, 1, 1],
    [7, 5, 4, 2, 8, 6, 2],
    [2, 3, 2, 0, 6, 4, 1],
    [3, 5, 0, 0, 2, 2, 0],
    [1, 16, 4, 4, 5, 4, 2],
    [5, 63, 20, 13, 12, 12, 5],
    [7, 20, 14, 10, 14, 7, 0],
    [2, 21, 7, 8, 2, 5, 2],
    [3, 9, 5, 1, 5, 2, 0],
    [7, 10, 4, 6, 3, 5, 0],
    [6, 41, 23, 17, 10, 11, 11],
    [2, 20, 7, 4, 2, 5, 1],
    [12, 53, 19, 22, 6, 8, 1],
    [4, 50, 13, 10, 11, 10, 9],
    [5, 41, 16, 16, 9, 14, 4],
    [2, 20, 7, 3, 3, 6, 1],
    [2, 34, 14, 15, 10, 11, 4],
    [2, 24, 7, 11, 3, 7, 1],
    [7, 6, 0, 5, 4, 3, 0],
    [4, 24, 14, 10, 9, 7, 3],
    [15, 37, 23, 19, 8, 10, 0],
    [3, 23, 14, 13, 7, 4, 5],
    [12, 61, 25, 38, 21, 18, 7],
    [5, 19, 8, 8, 4, 9, 2],
    [11, 38, 17, 11, 12, 10, 4],
    [7, 17, 10, 12, 4, 5, 0],
    [2, 14, 6, 5, 2, 2, 0],
    [0, 24, 9, 7, 6, 8, 3],
    [4, 29, 11, 30, 2, 5, 2],
    [11, 36, 16, 13, 7, 6, 1],
    [3, 36, 13, 8, 2, 10, 1],
    [6, 22, 7, 4, 3, 3, 1],
    [4, 22, 7, 3, 2, 3, 0],
    [4, 20, 2, 10, 1, 5, 0],
    [9, 37, 14, 15, 17, 5, 2],
    [8, 28, 7, 7, 1, 0, 4],
    [4, 43, 14, 8, 5, 12, 3],
    [2, 15, 7, 0, 8, 0, 1],
    [7, 65, 27, 15, 9, 14, 8],
    [5, 23, 4, 7, 6, 3, 1],
    [3, 19, 7, 6, 3, 1, 0],
    [2, 23, 9, 10, 3, 6, 3],
    [11, 25, 5, 3, 13, 8, 2],
    [5, 5, 2, 2, 5, 1, 1],
    [4, 13, 5, 0, 4, 2, 2],
    [8, 48, 27, 8, 1, 19, 8],
    [0, 4, 6, 0, 0, 0, 0],
    [5, 21, 14, 3, 4, 7, 3],
    [14, 42, 34, 10, 16, 21, 6],
    [1, 3, 1, 0, 4, 2, 0],
    [3, 8, 7, 4, 4, 6, 1],
    [9, 39, 28, 8, 6, 10, 5],
    [7, 12, 3, 4, 1, 5, 5],
    [11, 44, 12, 7, 7, 6, 3],
    [2, 3, 0, 0, 1, 0, 0],
    [1, 0, 1, 1, 1, 5, 0],
    [1, 3, 0, 0, 1, 1, 0],
    [3, 1, 2, 0, 0, 3, 0],
    [2, 4, 4, 0, 3, 0, 0],
    [2, 10, 6, 3, 5, 4, 1],
    [0, 10, 5, 1, 5, 3, 3],
    [5, 9, 2, 0, 6, 1, 0],
    [6, 32, 10, 6, 4, 8, 2],
    [7, 18, 18, 0, 3, 5, 3],
    [3, 14, 21, 14, 5, 5, 2],
    [7, 13, 10, 6, 8, 9, 2],
    [2, 11, 7, 1, 1, 4, 1],
    [4, 65, 18, 9, 3, 18, 6],
    [4, 32, 17, 5, 2, 10, 0],
    [9, 21, 14, 7, 11, 14, 3],
    [16, 73, 34, 14, 5, 17, 14],
    [2, 11, 2, 1, 2, 2, 1],
    [11, 95, 81, 15, 4, 12, 14],
    [8, 11, 11, 3, 4, 7, 2],
    [4, 7, 7, 4, 1, 3, 0],
    [1, 8, 0, 1, 1, 3, 1],
    [10, 76, 56, 9, 1, 14, 9],
    [13, 51, 44, 14, 2, 12, 5],
    [11, 43, 13, 11, 6, 11, 4],
    [4, 10, 8, 2, 4, 9, 2],
    [9, 50, 17, 8, 6, 14, 7],
    [2, 1, 1, 0, 3, 2, 2],
    [0, 5, 4, 1, 1, 4, 0],
    [0, 5, 2, 2, 1, 0, 0],
    [2, 3, 2, 0, 2, 0, 1],
    [2, 3, 0, 1, 0, 0, 0],
    [12, 126, 74, 16, 9, 23, 14],
    [7, 50, 19, 3, 2, 5, 2],
    [3, 31, 18, 5, 3, 7, 2],
    [0, 16, 1, 3, 3, 8, 3],
    [4, 14, 4, 4, 2, 3, 3],
    [6, 17, 6, 3, 3, 3, 2],
    [9, 24, 30, 11, 4, 20, 4],
    [10, 32, 25, 18, 11, 10, 5],
    [4, 1, 0, 1, 2, 1, 0],
    [9, 18, 8, 4, 15, 4, 1],
    [2, 3, 0, 1, 9, 4, 0],
    [8, 20, 9, 16, 22, 7, 2],
    [10, 12, 7, 11, 15, 8, 2],
    [13, 36, 34, 19, 20, 17, 5],
    [56, 278, 522, 93, 46, 79, 43],
    [9, 30, 5, 12, 19, 14, 8],
    [22, 65, 27, 28, 18, 17, 7],
    [3, 34, 17, 13, 3, 2, 3],
    [33, 118, 97, 34, 27, 49, 19],
    [28, 101, 141, 59, 16, 26, 16],
    [184, 589, 384, 252, 116, 113, 78],
    [6, 17, 22, 21, 13, 3, 2]
  ],
  "method": "mult",
  "cond_prob": [
    [
      [3.6592668943e-32, 0.1517789505, 0.36151051204, 0.40551249263, 0.081198044823],
      [0, 0.046735599052, 0.5731386063, 0.34282606557, 0.037299729075],
      [0, 0, 0, 1, 0],
      [2.5442610981e-17, 0.76974436504, 0.058657288675, 0.16762471456, 0.0039736317302],
      [0, 0.62045175672, 0.30236086862, 0.056456336364, 0.020731038293],
      [2.7755575616e-17, 0.17592845132, 0.53357010133, 0.21699149479, 0.07350995256],
      [0, 0.037710195283, 0.37554358853, 0.2094415653, 0.37730465088]
    ],
    [
      [1.6653345369e-16, 0.15230299351, 0.2295669771, 0.22102838874, 0.39710164065],
      [1.2325951644e-32, 0.10999102869, 0.43570957463, 0.20972198147, 0.24457741521],
      [0, 0.019968283133, 0, 0.94766506823, 0.032366648632],
      [0, 0.81704644808, 0.010246621942, 0.033319789746, 0.13938714023],
      [0, 0.6377889136, 0.19568196984, 0.013528267422, 0.15300084914],
      [0, 0.17847371752, 0.34080198071, 0.11601390859, 0.36471039319],
      [0, 0.010281976201, 0.072769063708, 0.03152694823, 0.88542201186]
    ],
    [
      [0, 0.19576592348, 0.5516956072, 0.25253846932, 0],
      [1.1102230246e-16, 0.090871582023, 0.81438062716, 0.094747790815, 0],
      [0, 0.049607862014, 0.052555220809, 0.89783691718, 0],
      [0, 0.89820501988, 0.07954910409, 0.022245876027, 0],
      [0, 0.68035664801, 0.31964335199, 0, 0],
      [2.7755575616e-17, 0.19166825795, 0.69808980168, 0.11024194037, 0],
      [5.5511151231e-17, 0.055534232413, 0.78199038411, 0.16247538348, -0]
    ],
    [
      [0.27799715797, 0.23512431653, 0.4868785255, 0, 0],
      [0.022750000125, 0.12512218764, 0.85212781223, 0, 0],
      [0.061169199723, 0.52808894114, 0.41074185913, 0, 0],
      [0.075318004917, 0.89900329802, 0.025678697059, 0, 0],
      [0.17949739544, 0.66920683101, 0.15129577355, 0, 0],
      [0.085874408142, 0.27492170463, 0.63920388723, 0, 0],
      [0.49366827194, 0.046926468672, 0.45940525939, 0, 0]
    ],
    [
      [0, 0.18966026052, 0.40725171834, 0.28056961428, 0.12251840686],
      [0, 0.085869657365, 0.62579932146, 0.23538858302, 0.052942438154],
      [0, 0.0080907283564, 0.0071780101028, 0.97585303606, 0.008878225481],
      [0, 0.81403789692, 0.074765006125, 0.079164208574, 0.032032888383],
      [0, 0.65983809385, 0.293882019, 0.014923954065, 0.031355933081],
      [0, 0.20729812696, 0.55090174794, 0.13623661885, 0.10556350625],
      [0, 0.059365638963, 0.37960871783, 0.1148169976, 0.4462086456]
    ],
    [
      [0.24148639524, 0.13630519235, 0.29069110286, 0.27624433371, 0.055272975827],
      [0.024402486727, 0.059433607219, 0.57646552202, 0.30249568896, 0.037202695072],
      [0.019846036023, 0.023522136491, 0.005477355287, 0.94558720509, 0.005567267113],
      [0.091080513287, 0.70852943497, 0.070898305226, 0.10780061303, 0.02169113349],
      [0.22709921206, 0.51730440392, 0.23407044743, 0, 0.02152593658],
      [0.10610183094, 0.18960554755, 0.48551886182, 0.15909229444, 0.059681465253],
      [0.38242007456, 0.031505882433, 0.27196470602, 0.11506592871, 0.19904340827]
    ],
    [
      [0, 0.036009216849, 0.56522691765, 0.28146911856, 0.11729474693],
      [0, 0, 0.74105040117, 0.20744245213, 0.051507146709],
      [0, 0.002850197928, 0.0086252304244, 0.98131822371, 0.0072063479348],
      [0, 0.49462781862, 0.26829696918, 0.16360989118, 0.073465321009],
      [1.5265566589e-16, 0.29019106635, 0.61697734569, 0.03473247524, 0.058099112722],
      [0, 0.039448546376, 0.73166272429, 0.13176993408, 0.097118795259],
      [0, 0.011659583122, 0.43006259133, 0.098424019651, 0.4598538059]
    ],
    [
      [0, 0.15495044792, 0.50235817743, 0.34269137465, 0],
      [0, 0.042611690868, 0.69847148162, 0.25891682751, 0],
      [0, 0.0051742323176, 0.0065589099076, 0.98826685777, 0],
      [0, 0.77019110191, 0.11609827857, 0.11371061952, 0],
      [0, 0.57601850344, 0.40705887863, 0.01692261793, 0],
      [0, 0.16798095452, 0.67070882495, 0.16131022053, 0],
      [0, 0.048181605656, 0.72845635327, 0.22336204107, 0]
    ],
    [
      [0.065338958427, 0.14180364271, 0.32420580871, 0.40448821091, 0.064163379248],
      [0.0032477906664, 0.045698056354, 0.5395154395, 0.37647401611, 0.035064697368],
      [0, 0.00084747742264, 0, 0.99747802639, 0.0016744961855],
      [0.025538215325, 0.719614622, 0.078910950288, 0.15058406715, 0.025352145242],
      [0.063950827844, 0.57209280095, 0.27525686943, 0.066697997299, 0.022001504481],
      [0.024062107163, 0.17749774832, 0.49808228317, 0.23712387944, 0.063233981903],
      [0.12095776531, 0.033161917657, 0.35836663068, 0.20496353222, 0.28255015413]
    ],
    [
      [0, 0.19344449427, 0.41190959617, 0, 0.39464590957],
      [0, 0.077987114872, 0.72676240545, 0, 0.19525047968],
      [0, 0.22817483589, 0.174716152, -0, 0.59710901211],
      [0, 0.85654130184, 0.042500754148, 0, 0.10095794401],
      [0, 0.66905992239, 0.22831302584, 0, 0.10262705177],
      [0, 0.20175051429, 0.50329700874, 0, 0.29495247697],
      [0, 0.0035916413113, 0.036474774507, 0, 0.95993358418]
    ],
    [
      [0.10481174878, 0.14525782569, 0.2495201134, 0.50041031213, 0],
      [0.0046683052349, 0.060102124675, 0.45118119898, 0.48404837111, 0],
      [0.00023073936183, 0.0029217190802, 0.0020248284707, 0.99482271309, 0],
      [0.037389425833, 0.74357103489, 0.055970990429, 0.16306854885, 0],
      [0.10514008286, 0.64119705487, 0.22949283326, 0.024170029012, 0],
      [0.0424733947, 0.21054884483, 0.44225244886, 0.30472531161, 0],
      [0.27053613182, 0.047352836273, 0.36496722564, 0.31714380627, 0]
    ],
    [
      [0, 0.1616092372, 0.52844435028, 0.21774338709, 0.092203025431],
      [0, 0.059340490224, 0.75356441321, 0.14227970571, 0.044815390857],
      [0, 0.014266901937, 0.020499363441, 0.95584367103, 0.0093900635919],
      [0, 0.76911362811, 0.13652299977, 0.059147836858, 0.035215535265],
      [0, 0.5553725236, 0.41020970419, 0.0010183124869, 0.03339945973],
      [0, 0.16434148487, 0.66099810909, 0.099739135911, 0.074921270136],
      [0, 0.031771723307, 0.49511288277, 0.10555832809, 0.36755706583]
    ],
    [
      [0.036729978198, 0.19332259876, 0.29789240563, 0.32134110936, 0.15071390804],
      [0.0034242095618, 0.10148128687, 0.50270823462, 0.30277493179, 0.089611337158],
      [0.00047424023934, 0.018112418688, 0.00099628422874, 0.96855407878, 0.011862978064],
      [0.013410619284, 0.76702345498, 0.060403427377, 0.1046429035, 0.054519594859],
      [0.033926273954, 0.64657183744, 0.24066552936, 0.020039633324, 0.058796725922],
      [0.013700872204, 0.22362878981, 0.44015881454, 0.17893675332, 0.14357477012],
      [0.054878539036, 0.041901399218, 0.27902299543, 0.14046780842, 0.4837292579]
    ],
    [
      [0.055729973459, 0.021714031469, 0.14416467172, 0.69342665417, 0.084964669177],
      [0.0032845130317, 0.0077819720182, 0.27147310371, 0.66896290802, 0.048497503215],
      [0, 0, 0, 1, 0],
      [0.047148204407, 0.27513737447, 0.083890334365, 0.51390162817, 0.079922458584],
      [0.14304821586, 0.23096259887, 0.36088630095, 0.16632367903, 0.09877920528],
      [0.023707148013, 0.031974828903, 0.33345076277, 0.48712733474, 0.12373992558],
      [0.0889783126, 0.0041604859826, 0.12972733686, 0.2301469477, 0.54698691686]
    ],
    [
      [0, 0.1766417363, 0.15533196812, 0.48565001749, 0.18237627808],
      [0, 0.092456275872, 0.30878387721, 0.48760087215, 0.11115897477],
      [0, 0.0026038526432, 0.00089779998994, 0.99267641662, 0.0038219307499],
      [0, 0.80085660139, 0.0278895218, 0.12095485818, 0.05029901863],
      [0, 0.79818781105, 0.13278338352, 0.0020235265581, 0.067005278873],
      [0, 0.2649399641, 0.27125741714, 0.26455163866, 0.1992509801],
      [0, 0.020959635783, 0.088166703096, 0.11459557581, 0.77627808531]
    ],
    [
      [0.11972018028, 0.075962692233, 0.43445532117, 0.25655881679, 0.11330298952],
      [0.0071379575187, 0.014661469255, 0.70025829638, 0.21955438072, 0.05838789612],
      [0.00037043434195, 0.0023794979585, 0.0048965332122, 0.98728912683, 0.0050644076553],
      [0.0611215123, 0.62652151808, 0.13814781585, 0.11550657778, 0.058702575991],
      [0.13270767797, 0.35920801581, 0.43876548546, 0.019304223577, 0.050014597171],
      [0.04083521744, 0.090733568481, 0.63727181161, 0.1261874288, 0.10497197367],
      [0.16163029737, 0.0079407217056, 0.33392884713, 0.081623875077, 0.41487625871]
    ],
    [
      [0.079780497974, 0.29086896303, 0.50363559688, 0, 0.12571494212],
      [0.0050237935533, 0.12880299225, 0.8034743883, 0, 0.062698825893],
      [0.012761777953, 0.36331962305, 0.31609729837, 0, 0.30782130063],
      [0.021080990096, 0.86172919962, 0.08298449545, 0, 0.034205314838],
      [0.049693752956, 0.68021612923, 0.2458712877, 0, 0.024218830113],
      [0.023392059227, 0.27441930775, 0.60638180977, 0, 0.095806823256],
      [0.10844925112, 0.051917896148, 0.43136493732, 0, 0.40826791541]
    ],
    [
      [0.095861747854, 0.09163375459, 0.16254665089, 0.55832849989, 0.091629346778],
      [0.0029455373652, 0.024768508198, 0.31193148092, 0.6039766377, 0.056377835813],
      [0, 0, 0, 0.99741613602, 0.0025838639752],
      [0.040991644739, 0.59817033259, 0.03717940756, 0.28226402528, 0.041394589839],
      [0.12545972385, 0.51218138638, 0.18044976881, 0.13503122513, 0.046877895826],
      [0.036993405983, 0.12585282484, 0.29995083014, 0.4285884718, 0.10861446724],
      [0.16578924306, 0.020370273142, 0.16215138653, 0.24034274466, 0.4113463526]
    ],
    [
      [0.35844219999, 0.081004682186, 0.22640537716, 0.25550947999, 0.078638260679],
      [0.040678118352, 0.028136969572, 0.54774377456, 0.31949707481, 0.063944062714],
      [0.010455358954, 0, 0.002360487955, 0.97784759216, 0.0093365609345],
      [0.2407951657, 0.54497970678, 0.064553600579, 0.093622255044, 0.056049271903],
      [0.40522397952, 0.33768357379, 0.20623307735, 0.0097896304307, 0.041069738907],
      [0.1719067611, 0.11657705574, 0.44485276418, 0.16721508212, 0.099448336857],
      [0.50166556988, 0, 0.16718120815, 0.07068598494, 0.26046723703]
    ],
    [
      [0.7728484721, 0.2271515279, 0, 0, 0],
      [0.34349632827, 0.39324492004, 0, 0.26325875169, 0],
      [0.14761571045, 0.11564304124, 0, 0.73674124831, 0],
      [0.019541376129, 0.97662568126, 0, 0.0038329426104, 0],
      [0.24492745047, 0.75507254953, 0, 0, 0],
      [0.38294777848, 0.4887898891, 0, 0.12826233242, 0],
      [0.97196912515, 0.011371975767, 0, 0.016658899082, -0]
    ],
    [
      [0.087027908342, 0.14802261321, 0.35265186343, 0.30156478563, 0.11073282939],
      [0.0057667500848, 0.053179218505, 0.59278459108, 0.28484334081, 0.063426099528],
      [0.00044064011624, 0.0066196184618, 0.0064260067774, 0.97855962534, 0.0079541093055],
      [0.035399240914, 0.71876990424, 0.089018996288, 0.11190612034, 0.044905738223],
      [0.085240371804, 0.56007157997, 0.2957979209, 0.016218283387, 0.042671843935],
      [0.032102093812, 0.17730230274, 0.51982989992, 0.16480967152, 0.10595603201],
      [0.13176028452, 0.029854012848, 0.32464359769, 0.1267898786, 0.38695222635]
    ],
    [
      [0.29628947225, 0.29311160591, 0.097952002763, 0.31264691908, 0],
      [0.028422055554, 0.17412665312, 0.29938415421, 0.49806713712, 0],
      [0.0026463943699, 0.03937037187, 0, 0.95798323376, 0],
      [0.061071284734, 0.85985492244, 0.013851449198, 0.065222343628, 0],
      [0.11788155262, 0.85898563112, 0.023132816255, 0, 0],
      [0.28502903966, 0.48055349306, 0.1955799674, 0.03883749988, 0],
      [0.63105778802, 0.096341858483, 0.11897264321, 0.15362771029, 0]
    ],
    [
      [0, 0.12033467269, 0.45521768761, 0.4244476397, 0],
      [0, 0.0089184957481, 0.65678250583, 0.33429899842, 0],
      [0, 0, 0.0035688385955, 0.9964311614, 0],
      [0, 0.78386143146, 0.090011395997, 0.12612717255, 0],
      [0, 0.57752505579, 0.37188275623, 0.05059218798, 0],
      [8.3266726847e-17, 0.15655378059, 0.63705218158, 0.20639403783, 0],
      [0, 0.042998332058, 0.67847606978, 0.27852559816, 0]
    ],
    [
      [1.1102230246e-16, 0.18966802282, 0.18685287928, 0.15993536193, 0.46354373596],
      [0, 0.0805681321, 0.44684039976, 0.19135004379, 0.28124142435],
      [0, 0.44768694894, 0.011264438513, 0.5, 0.041048612544],
      [1.6653345369e-16, 0.81394648339, 0.031287058461, 0.04243457733, 0.11233188082],
      [0, 0.68410435035, 0.16291185383, 0, 0.15298379582],
      [0, 0.21971914862, 0.28572715682, 0.08057510792, 0.41397858664],
      [0, 0, 0, 0, 1]
    ],
    [
      [0.23078150747, 0, 0.76921849253, 0, 0],
      [0, 0, 1, 0, 0],
      [0.066903130279, 0.17178236324, 0.76131450648, 0, 0],
      [0.13088099248, 0.5905906167, 0.27852839081, 0, 0],
      [0.20377799629, 0.20470469165, 0.59151731206, 0, 0],
      [0.062292348554, 0.058356802747, 0.8793508487, 0, 0],
      [0.39857662612, 0.010338566715, 0.59108480716, 0, 0]
    ],
    [
      [0.11339142096, 0.12430725664, 0.34984277051, 0.34200633925, 0.070452212652],
      [0.0062150691683, 0.043651804543, 0.57971940273, 0.33180677607, 0.038606947489],
      [9.8431840686e-05, 0.007005847955, 0, 0.98874028794, 0.0041554322654],
      [0.047506380637, 0.6863072343, 0.085497701883, 0.15127788132, 0.029410801857],
      [0.11556357745, 0.5057398214, 0.31145875739, 0.038163903216, 0.029073940542],
      [0.041014095058, 0.15574554058, 0.53345231197, 0.200655792, 0.06913226039],
      [0.1947387697, 0.026546942943, 0.34219937157, 0.15890266494, 0.27761225085]
    ],
    [
      [0.05887764632, 0.18393411492, 0.35062794694, 0.33070828357, 0.075852008249],
      [0.003871975855, 0.10405650153, 0.55902565391, 0.29314835623, 0.039897512483],
      [0, 0.025569048933, 0, 0.97004787254, 0.0043830785242],
      [0.021257646538, 0.78309150296, 0.066389689466, 0.10349025855, 0.025770902485],
      [0.053025010566, 0.61876394461, 0.27720614526, 0.023139294137, 0.02786560543],
      [0.021145230467, 0.20980196757, 0.51280480589, 0.18429657554, 0.071951420531],
      [0.10577371007, 0.046405520247, 0.38099075714, 0.16855034729, 0.29827966526]
    ],
    [
      [0.065409617728, 0.20194405311, 0.28669939254, 0.21373562768, 0.23221130895],
      [0.099174003723, 0.092924868613, 0.53752907004, 0.12253626106, 0.14783579657],
      [0.00087854484165, 0.016760739841, 0.0056872167473, 0.95427761502, 0.02239588355],
      [0.021033210424, 0.78901797347, 0.055801083509, 0.060400956111, 0.073746776483],
      [0.030272936553, 0.70038275619, 0.19107137969, 0, 0.07827292757],
      [0.023837692827, 0.24097459125, 0.4110776732, 0.10855407221, 0.21555597052],
      [0.074759051269, 0.033652746187, 0.19561274471, 0.064332612525, 0.63164284531]
    ],
    [
      [8.4740917553e-33, 0.10750885762, 0.38444062488, 0.29431545377, 0.21373506373],
      [0, 0.029953066079, 0.61321518427, 0.25384716674, 0.10298458291],
      [0, 0, 0.012358724114, 0.97238394222, 0.015257333668],
      [1.6653345369e-16, 0.73979853637, 0.082711450885, 0.10393255322, 0.073557459532],
      [0, 0.54248714175, 0.35141220265, 0.021743268631, 0.08435738697],
      [0, 0.12756779344, 0.53894950978, 0.14752423539, 0.18595846139],
      [1.1102230246e-16, 0.010461303372, 0.16064569633, 0.05786493726, 0.77102806304]
    ],
    [
      [0.044332840953, 0.12411875943, 0.35734027168, 0.37394106318, 0.10026706475],
      [0.001952004891, 0.034576921716, 0.55819734118, 0.35023866513, 0.05503506708],
      [0, 0.002658075813, 0.0034179833879, 0.98690383209, 0.0070201087137],
      [0.019949620404, 0.66649533904, 0.099511291714, 0.16816362474, 0.045880124102],
      [0.047674326576, 0.51765970148, 0.34140889015, 0.047389768237, 0.045867313551],
      [0.016173479514, 0.14783591798, 0.51923318583, 0.22085429125, 0.095903125431],
      [0.074207450256, 0.027693695262, 0.36695438922, 0.18153836945, 0.34960609581]
    ],
    [
      [0, 0.14869314079, 0.19145377303, 0.4698594848, 0.18999360139],
      [0, 0.029060913102, 0.38285792256, 0.48841778223, 0.099663382106],
      [0, 0, 0, 1, 0],
      [0, 0.80281189621, 0.030832917683, 0.1152852307, 0.051069955406],
      [0, 0.65697969563, 0.17021845564, 0.12515967593, 0.047642172801],
      [5.5511151231e-17, 0.20020633924, 0.33867451865, 0.26315081356, 0.19796832855],
      [0, 0, 0.10648671053, 0.13610318998, 0.75741009949]
    ],
    [
      [0.042312510204, 0.12700464691, 0.32847032081, 0.42790453612, 0.074307985962],
      [0.00244323007, 0.04102766548, 0.53008169568, 0.38594534627, 0.040502062492],
      [0.00013304423287, 0.0035981612992, 0.0036794057244, 0.9893657671, 0.0032236216437],
      [0.018704720602, 0.68905930061, 0.09041450088, 0.16932999421, 0.032491483693],
      [0.046935084621, 0.55061273704, 0.32867580762, 0.039279202526, 0.034497168187],
      [0.016278681578, 0.16126570591, 0.50797392651, 0.24005004096, 0.074431645049],
      [0.076109469251, 0.029927524974, 0.35581688201, 0.20667399293, 0.33147213084]
    ],
    [
      [0.18302165136, 0.090833036984, 0.54672788205, 0.10371118139, 0.07570624821],
      [0.010635810469, 0.025986439737, 0.83771857481, 0.08687137991, 0.038787795076],
      [0.002480420899, 0.01141328854, 0.027400368842, 0.94382291402, 0.014883007698],
      [0.093993513525, 0.63741215198, 0.17844776208, 0.050542887926, 0.039603684492],
      [0.1695990156, 0.34610548238, 0.44935318346, 0.0064151590826, 0.028527159477],
      [0.059007372366, 0.099038023504, 0.72635227116, 0.050599677867, 0.065002655102],
      [0.25429817002, 0.015614424221, 0.44433738571, 0.038372508541, 0.24737751151]
    ],
    [
      [0.12835308386, 0.042801555062, 0.26527590297, 0.40560445914, 0.15796499898],
      [0, 0, 0.47128896422, 0.4359993975, 0.092711638275],
      [0, 0, 0, 0.99206913371, 0.0079308662893],
      [0.078704189185, 0.39668313818, 0.11170194897, 0.30625639316, 0.1066543305],
      [0.178347886, 0.23901759312, 0.35468187156, 0.13430920393, 0.093643445395],
      [0.051342882249, 0.061642009051, 0.45360352283, 0.26050408619, 0.17290749968],
      [0.16059377024, 0.0075676534113, 0.19160608484, 0.13167499464, 0.50855749687]
    ],
    [
      [0.12552209475, 0.11393045562, 0.26770896341, 0.34036341368, 0.15247507253],
      [0.0098240151621, 0.045003957023, 0.48576695438, 0.36092840776, 0.09847666567],
      [0.00047231140364, 0.0068154239612, 0, 0.98016079084, 0.012551473793],
      [0.060925807121, 0.63894443711, 0.066383842718, 0.15964467185, 0.074101241194],
      [0.1394927858, 0.48653379281, 0.26097020086, 0.040988009865, 0.072015210662],
      [0.050778768262, 0.15017016636, 0.4279441499, 0.21169420031, 0.15941271516],
      [0.17188402705, 0.020594663876, 0.22397979325, 0.13360015973, 0.4499413561]
    ],
    [
      [4.949058946e-32, 0.26947540316, 0.29447158706, 0.34359143569, 0.092461574091],
      [5.0306980803e-17, 0.17664158216, 0.47759468532, 0.29592366564, 0.049840066876],
      [0, 0.039098827555, 0, 0.95613190571, 0.0047692667324],
      [0, 0.88570015118, 0.02753903193, 0.065072571088, 0.021688245804],
      [0, 0.81873188213, 0.1567554203, 0, 0.024512697566],
      [0, 0.36834351691, 0.39471322075, 0.15467700915, 0.08226625319],
      [0, 0.060712331075, 0.33357898136, 0.18006145738, 0.42564723018]
    ],
    [
      [0.15206431692, 0.047951450836, 0.25982354014, 0.48319482459, 0.056965867513],
      [0.011271060261, 0.0085218656543, 0.46343005816, 0.48202324252, 0.034753773406],
      [0.00050058159926, 0.0023801951454, 0.0030940220751, 0.99130431642, 0.0027208847641],
      [0.085329707688, 0.52525785349, 0.094848888093, 0.26191288835, 0.032650662383],
      [0.19945757421, 0.40780596033, 0.2995987084, 0.062160270006, 0.03097748705],
      [0.064462397009, 0.10644341136, 0.45322208985, 0.31181625808, 0.064055843694],
      [0.2666316401, 0.012407339743, 0.26542439971, 0.22728422419, 0.22825239626]
    ],
    [
      [0, 0.090669194638, 0.33006408081, 0.3336201702, 0.24564655435],
      [0, 0, 0.53665776315, 0.31181913658, 0.15152310027],
      [0, 0, 0, 0.9525614308, 0.047438569201],
      [0, 0.48238036198, 0.11862589648, 0.27245893706, 0.12653480448],
      [0, 0.4679516436, 0.35385638558, 0.045855607595, 0.13233636323],
      [2.7755575616e-17, 0.099335988836, 0.48334986342, 0.18451314986, 0.23280099789],
      [0, 0, 0.21252725992, 0.10810631486, 0.67936642521]
    ],
    [
      [0, 0.11875655348, 0.34684115319, 0.41229400406, 0.12210828927],
      [0, 0.0097647616238, 0.52052487836, 0.40739414598, 0.062316214038],
      [0, 0, 0, 0.99361364538, 0.0063863546181],
      [0, 0.65062591241, 0.093247381694, 0.20117069528, 0.054956010616],
      [0, 0.5303466091, 0.35094606835, 0.060228548464, 0.058478774089],
      [0, 0.13580417189, 0.50194854248, 0.24665177268, 0.11559551295],
      [0, 0.023490116076, 0.34543562761, 0.1988298078, 0.43224444852]
    ],
    [
      [0, 0.087103146399, 0.34037175829, 0.57252509531, 0],
      [0, 0, 0.48584246705, 0.51415753295, 0],
      [0, 0, 0, 1, 0],
      [0, 0.59262154126, 0.1204196437, 0.28695881504, 0],
      [1.6653345369e-16, 0.52455179637, 0.38899743159, 0.086450772035, 0],
      [0, 0.10155098735, 0.53613206078, 0.36231695187, 0],
      [0, 0.035213410813, 0.55229297888, 0.41249361031, 0]
    ],
    [
      [7.2280144832e-17, 0.26621082281, 0.35785672649, 0.23052190398, 0.14541054672],
      [1.3877787808e-17, 0.11850063514, 0.5873804017, 0.21600569422, 0.078113268932],
      [0, 0.028815234119, 0.002411049252, 0.95686481406, 0.011908902565],
      [0, 0.84199780901, 0.059101456493, 0.054541371086, 0.044359363413],
      [0, 0.69857155997, 0.25402619936, 0, 0.047402240671],
      [0, 0.23268237917, 0.50409065371, 0.13439792723, 0.12882903988],
      [1.1102230246e-16, 0.038636779413, 0.3317709983, 0.11313246869, 0.5164597536]
    ],
    [
      [0.08367303684, 0.2144607817, 0.39759439781, 0.30427178366, 0],
      [0.0028094622424, 0.09597389261, 0.63097978416, 0.27023686098, 0],
      [0, 0.024567258643, 0.0022721329441, 0.97316060841, 0],
      [0.029440419555, 0.78876497911, 0.083800778938, 0.097993822397, 0],
      [0.07006664906, 0.63154363273, 0.293742237, 0.0046474812154, 0],
      [0.029711287463, 0.22904816629, 0.57451059246, 0.16672995379, 0],
      [0.1876664871, 0.065174329942, 0.5477563653, 0.19940281765, 0]
    ],
    [
      [0, 0.11666050323, 0.4022079566, 0.48113154016, 0],
      [0, 0.024081614579, 0.59853601908, 0.37738236634, 0],
      [0, 0, 0, 1, 0],
      [0, 0.725681209, 0.084467609289, 0.18985118171, 0],
      [0, 0.52573254014, 0.3215308096, 0.15273665026, 0],
      [2.7755575616e-17, 0.14798094291, 0.61458149688, 0.23743756021, 0],
      [5.5511151231e-17, 0.030646512625, 0.62866517662, 0.34068831076, 0]
    ],
    [
      [0.10559553471, 0.11686737372, 0.29456716045, 0.48296993112, 0],
      [0.0044340844686, 0.033290895642, 0.4937763298, 0.46849869009, 0],
      [0, 0.00041748290818, 0.0010793344673, 0.99850318262, 0],
      [0.046414963217, 0.65913996512, 0.078701819114, 0.21574325255, 0],
      [0.11500881765, 0.51091130303, 0.28010176985, 0.093978109468, 0],
      [0.042932012956, 0.16028450432, 0.49184753833, 0.30493594439, 0],
      [0.24595534533, 0.035939671948, 0.41161988145, 0.30648510128, 0]
    ],
    [
      [0.14209190674, 0.10220210312, 0.36481639821, 0.24631674655, 0.14457284539],
      [0.012891002955, 0.034946530039, 0.63628512475, 0.22451969168, 0.09135765057],
      [0.0038728262908, 0.005715740504, 0.017868469435, 0.95396152111, 0.01858144266],
      [0.070816942339, 0.63228039493, 0.11960428347, 0.10238962136, 0.07490875791],
      [0.15119843856, 0.42829436174, 0.346296826, 0.0059067107575, 0.068303662949],
      [0.056576510741, 0.1250401355, 0.55523571385, 0.11652621771, 0.14662142219],
      [0.1876833263, 0.017179314575, 0.28463131654, 0.089626709158, 0.42087933343]
    ],
    [
      [0.13642157456, 0.11585990026, 0.43371378431, 0.29357456362, 0.020430177256],
      [0.0080621829435, 0.038157432316, 0.6890135581, 0.25357221398, 0.011194612662],
