{
  "X": [
    [47, 15, 38],
    [45, 16, 39],
    [43, 24, 33],
    [52, 16, 32],
    [56, 17, 27],
    [42, 19, 39],
    [47, 22, 31],
    [36, 16, 48],
    [45, 21, 34],
    [46, 13, 41],
    [41, 16, 43],
    [44, 15, 41],
    [32, 33, 35],
    [27, 48, 25],
    [34, 31, 35],
    [26, 49, 25],
    [20, 56, 24],
    [29, 37, 34],
    [20, 47, 33],
    [27, 52, 21],
    [26, 45, 29],
    [27, 45, 28],
    [23, 43, 34],
    [25, 50, 25],
    [26, 49, 25],
    [30, 26, 44],
    [36, 32, 32],
    [33, 24, 43],
    [32, 18, 50],
    [31, 28, 41],
    [33, 26, 41],
    [28, 27, 45],
    [34, 25, 41],
    [41, 18, 41],
    [33, 26, 41],
    [32, 33, 35],
    [26, 28, 46],
    [32, 25, 43],
    [26, 20, 54],
    [24, 26, 50],
    [32, 28, 40],
    [28, 28, 44],
    [35, 25, 40],
    [27, 32, 41],
    [36, 23, 41],
    [20, 28, 52],
    [29, 32, 39],
    [32, 31, 37],
    [29, 31, 40],
    [37, 27, 36]
  ],
  "W": [
    [64, 13, 13, 10],
    [64, 14, 7, 15],
    [54, 20, 14, 12],
    [62, 14, 9, 15],
    [67, 12, 12, 9],
    [61, 19, 12, 8],
    [54, 20, 15, 11],
    [64, 14, 10, 12],
    [58, 17, 10, 15],
    [68, 7, 10, 15],
    [55, 13, 13, 19],
    [66, 10, 13, 11],
    [33, 39, 16, 12],
    [10, 70, 10, 10],
    [16, 57, 12, 15],
    [14, 60, 10, 16],
    [9, 71, 10, 10],
    [16, 58, 16, 10],
    [18, 56, 17, 9],
    [10, 62, 15, 13],
    [15, 54, 13, 18],
    [18, 57, 15, 10],
    [11, 61, 11, 17],
    [11, 57, 15, 17],
    [11, 65, 6, 18],
    [14, 12, 64, 10],
    [8, 15, 64, 13],
    [10, 13, 65, 12],
    [15, 13, 63, 9],
    [9, 9, 69, 13],
    [9, 8, 66, 17],
    [14, 14, 58, 14],
    [10, 10, 73, 7],
    [17, 10, 60, 13],
    [15, 13, 61, 11],
    [15, 16, 59, 10],
    [7, 15, 64, 14],
    [12, 17, 37, 34],
    [9, 8, 12, 71],
    [14, 8, 18, 60],
    [16, 11, 9, 64],
    [12, 12, 10, 66],
    [18, 19, 8, 55],
    [11, 15, 10, 64],
    [15, 10, 9, 66],
    [14, 15, 11, 60],
    [16, 10, 12, 62],
    [16, 10, 12, 62],
    [15, 15, 15, 55],
    [10, 12, 17, 61]
  ],
  "method": "exact",
  "cond_prob": [
    [
      [0.58823592703, 0.031981788635, 0.37978228434],
      [0.18857760526, 0.62106596718, 0.19035642756],
      [0.32865833724, 0.19621689054, 0.47512477222],
      [0.26288334176, 0.23284883769, 0.50426782054]
    ],
    [
      [0.57166066627, 0.033662136943, 0.39467719679],
      [0.17722614225, 0.63142901053, 0.19134484722],
      [0.31321401928, 0.20254532335, 0.48424065738],
      [0.24933688216, 0.23918665499, 0.51147646285]
    ],
    [
      [0.60118834228, 0.045770863553, 0.35304079417],
      [0.15424027639, 0.70401086669, 0.14174885692],
      [0.31722150745, 0.26530910374, 0.41746938882],
      [0.25082690709, 0.31115238184, 0.43802071107]
    ],
    [
      [0.65701563688, 0.030885736424, 0.31209862669],
      [0.21830662694, 0.61947450191, 0.16221887115],
      [0.38761046891, 0.19993174517, 0.41245778592],
      [0.31468290105, 0.2408703739, 0.44444672505]
    ],
    [
      [0.68850481522, 0.041250486825, 0.27024469796],
      [0.19047466979, 0.69260246186, 0.11692286835],
      [0.39376757767, 0.26003586154, 0.3461965608],
      [0.31769671234, 0.31161750022, 0.37068578744]
    ],
    [
      [0.54968735601, 0.03616882988, 0.41414381411],
      [0.16278274573, 0.64548060074, 0.19173665352],
      [0.29331471516, 0.21180286764, 0.4948824172],
      [0.23205281656, 0.24849194394, 0.5194552395]
    ],
    [
      [0.64169617202, 0.038124737195, 0.32017909078],
      [0.18724952733, 0.66655798047, 0.14619249221],
      [0.36103918913, 0.23525825297, 0.4037025579],
      [0.28980257522, 0.28011188977, 0.43008553501]
    ],
    [
      [0.46239872315, 0.036079141436, 0.50152213542],
      [0.1347781266, 0.63672187346, 0.22849999995],
      [0.23339747488, 0.20000411336, 0.56659841176],
      [0.18213443312, 0.23139896551, 0.58646660138]
    ],
    [
      [0.60487464211, 0.042118484844, 0.35300687305],
      [0.16392932927, 0.68636889845, 0.14970177227],
      [0.32545392657, 0.24899088176, 0.42555519167],
      [0.25839552628, 0.29326318585, 0.44834128787]
    ],
    [
      [0.56231053959, 0.036466103232, 0.40122335718],
      [0.16479217018, 0.65133538984, 0.18387243998],
      [0.30198578231, 0.21566041441, 0.48235380329],
      [0.23929868624, 0.25362354048, 0.50707777328]
    ],
    [
      [0.54899957338, 0.030499051742, 0.42050137488],
      [0.18057808755, 0.60301883881, 0.21640307364],
      [0.30082486782, 0.18309644694, 0.51607868525],
      [0.23930447603, 0.21595018103, 0.54474534295]
    ],
    [
      [0.54838743504, 0.038739505083, 0.41287305987],
      [0.15462233265, 0.66337055735, 0.18200711],
      [0.28877938479, 0.22451392725, 0.48670668795],
      [0.22782490531, 0.2628005488, 0.5093745459]
    ],
    [
      [0.5514453411, 0.037237633385, 0.41131702552],
      [0.16235829095, 0.64796812629, 0.18967358276],
      [0.29309833224, 0.2162700445, 0.49063162325],
      [0.23172975673, 0.25334003841, 0.51493020486]
    ],
    [
      [0.62369163413, 0.032246110131, 0.34406225574],
      [0.20468698873, 0.61821723771, 0.17709577356],
      [0.35651128395, 0.20080098014, 0.44268773591],
      [0.28698816083, 0.23943224573, 0.47357959345]
    ],
    [
      [0.60863777593, 0.018482364947, 0.37287985912],
      [0.26839995606, 0.47426350161, 0.25733654233],
      [0.36974107856, 0.12188663534, 0.5083722861],
      [0.30174034314, 0.14724152967, 0.55101812719]
    ],
    [
      [0.610976866, 0.042839818757, 0.34618331524],
      [0.16636885422, 0.68563064056, 0.14800050521],
      [0.32872786045, 0.25190880202, 0.41936333753],
      [0.26105712614, 0.29645725521, 0.44248561865]
    ],
    [
      [0.55615820871, 0.047364697338, 0.39647709395],
      [0.14025378064, 0.70257014178, 0.15717607758],
      [0.28240523235, 0.26334241323, 0.45425235442],
      [0.22125053727, 0.30578135255, 0.47296811018]
    ],
    [
      [0.56761780602, 0.025680002294, 0.40670219169],
      [0.20988719272, 0.55456546571, 0.23554734157],
      [0.32239717263, 0.15870079946, 0.51890202791],
      [0.25863031639, 0.18851101609, 0.55285866751]
    ],
    [
      [0.46380551477, 0.048561429652, 0.48763305557],
      [0.11328076728, 0.69977806313, 0.18694116959],
      [0.22158504429, 0.25412353803, 0.52429141767],
      [0.17120355705, 0.29091362051, 0.53788282244]
    ],
    [
      [0.66393582332, 0.044475328397, 0.29158884828],
      [0.17780975912, 0.69954784522, 0.12264239566],
      [0.36748773963, 0.26898674639, 0.36352551398],
      [0.29416312361, 0.31911377821, 0.38672309819]
    ],
    [
      [0.58253426609, 0.040849669471, 0.37661606444],
      [0.16296165139, 0.67168500141, 0.1653533472],
      [0.31049638618, 0.23788051867, 0.45162309514],
      [0.2458668785, 0.27910100773, 0.47503211377]
    ],
    [
      [0.58176150451, 0.040047067646, 0.37819142784],
      [0.16484352984, 0.66707834472, 0.16807812544],
      [0.31112655381, 0.2339424885, 0.45493095769],
      [0.24653134105, 0.27465498058, 0.47881367838]
    ],
    [
      [0.52480282481, 0.031918910665, 0.44327826453],
      [0.16996130912, 0.60485669066, 0.22518200022],
      [0.28063452329, 0.18610856602, 0.53325691068],
      [0.22191466557, 0.21796703682, 0.56011829762]
    ],
    [
      [0.61284151626, 0.046343265302, 0.34081521843],
      [0.15819893154, 0.70359023372, 0.13821083473],
      [0.32472949225, 0.26857136496, 0.40669914279],
      [0.25708599055, 0.31511825207, 0.42779575738]
    ],
    [
      [0.62104252766, 0.037131265506, 0.34182620684],
      [0.18634173554, 0.65266845441, 0.16098981004],
      [0.34582060109, 0.22559206356, 0.42858733535],
      [0.27674420994, 0.26747523118, 0.45578055888]
    ],
    [
      [0.5464726864, 0.040381181765, 0.41314613183],
      [0.15276870233, 0.66614576426, 0.18108553342],
      [0.28543104726, 0.23048343158, 0.48408552116],
      [0.22485709379, 0.26899746631, 0.50614543989]
    ],
    [
      [0.6706066535, 0.043721066991, 0.28567227951],
      [0.18186460091, 0.69664882594, 0.12148657315],
      [0.37492246551, 0.26680550091, 0.35827203358],
      [0.30093384353, 0.31730361668, 0.38176253979]
    ],
    [
      [0.59042543012, 0.032399239136, 0.37717533075],
      [0.19105059564, 0.61769797788, 0.19125142648],
      [0.32991417029, 0.19749003362, 0.4725957961],
      [0.26397224057, 0.23409014261, 0.50193761682]
    ],
    [
      [0.53847642483, 0.023706624408, 0.43781695076],
      [0.20512004565, 0.53375130904, 0.26112864531],
      [0.30280979833, 0.14533809412, 0.55185210755],
      [0.24214174884, 0.17214818742, 0.58571006374]
    ],
    [
      [0.58396964435, 0.044192669947, 0.3718376857],
      [0.15492588747, 0.69033747213, 0.1547366404],
      [0.30718075665, 0.25398694178, 0.43883230158],
      [0.242651385, 0.29724074913, 0.46010786587]
    ],
    [
      [0.60431008482, 0.039669827678, 0.3560200875],
      [0.17273573465, 0.66768395061, 0.15958031474],
      [0.32915391883, 0.23591825663, 0.43492782454],
      [0.26206851273, 0.27828794168, 0.45964354559]
    ],
    [
      [0.5252560227, 0.040961025815, 0.43378295148],
      [0.14498392752, 0.66723130588, 0.1877847666],
      [0.26986343874, 0.23002899645, 0.50010756481],
      [0.21175437498, 0.26740182586, 0.52084379915]
    ],
    [
      [0.60367355387, 0.037029057103, 0.35929738903],
      [0.18029253194, 0.651532965, 0.16817450306],
      [0.33288045101, 0.22286822498, 0.44425132402],
      [0.26572374549, 0.26357133653, 0.47070491797]
    ],
    [
      [0.64417801321, 0.024157482997, 0.33166450379],
      [0.24865399672, 0.55093862118, 0.20040738211],
      [0.39029846667, 0.15950613848, 0.45019539485],
      [0.31880967753, 0.19304371296, 0.48814660951]
    ],
    [
      [0.58473832835, 0.038611955839, 0.37664971581],
      [0.16935569922, 0.65964943862, 0.17099486216],
      [0.31586446162, 0.22781241232, 0.45632312606],
      [0.2508698933, 0.26807461897, 0.48105548774]
    ],
    [
      [0.60185670513, 0.051829021294, 0.34631427357],
      [0.14331311537, 0.72731447285, 0.12937241178],
      [0.30925676893, 0.29134326106, 0.39939997],
      [0.243299021, 0.33962807122, 0.41707290778]
    ],
    [
      [0.52088230985, 0.039482132638, 0.43963555751],
      [0.14728700723, 0.65768972005, 0.19502327272],
      [0.26862338952, 0.22244271598, 0.5089338945],
      [0.21090155664, 0.25871038917, 0.53038805419]
    ],
    [
      [0.59193045856, 0.030241256233, 0.37782828521],
      [0.19965481542, 0.6005459832, 0.19979920138],
      [0.33455469513, 0.18639980374, 0.47904550113],
      [0.2683582034, 0.22150089625, 0.51014090036]
    ],
    [
      [0.5258300319, 0.026639138283, 0.44753082982],
      [0.1877627982, 0.56138363879, 0.25085356301],
      [0.28873184147, 0.15965128472, 0.55161687381],
      [0.22958655253, 0.18807553843, 0.58233790904]
    ],
    [
      [0.49344872021, 0.041885019876, 0.46466625992],
      [0.13344372242, 0.66906995347, 0.1974863241],
      [0.24726629367, 0.2296645928, 0.52306911354],
      [0.19288958086, 0.26545145706, 0.54165896208]
    ],
    [
      [0.61423017753, 0.03947007337, 0.3462997491],
      [0.17628924168, 0.66760215786, 0.15610860046],
      [0.33695522866, 0.23657385931, 0.42647091203],
      [0.26875841317, 0.27962016181, 0.45162142502]
    ],
    [
      [0.57272648035, 0.038360610805, 0.38891290885],
      [0.16629788204, 0.65628112958, 0.17742098838],
      [0.30703916555, 0.22470954485, 0.4682512896],
      [0.24335327266, 0.26389702526, 0.49274970208]
    ],
    [
      [0.6298408719, 0.028169569783, 0.34198955832],
      [0.22301073235, 0.58711205261, 0.18987721503],
      [0.369603947, 0.18020129428, 0.45019475871],
      [0.29943325118, 0.216294698, 0.48427205082]
    ],
    [
      [0.57738778654, 0.043599544754, 0.37901266871],
      [0.15434455725, 0.68638153517, 0.15927390758],
      [0.30296927851, 0.25014348258, 0.44688723891],
      [0.23912301882, 0.29255073679, 0.4683262444]
    ],
    [
      [0.64795473492, 0.02906163197, 0.32298363311],
      [0.22606937371, 0.59715840661, 0.17677221968],
      [0.38358824507, 0.18759324038, 0.42881851455],
      [0.31163168233, 0.22582048926, 0.46254782842]
    ],
    [
      [0.43593299008, 0.041381987592, 0.52268502233],
      [0.11772376844, 0.66038249034, 0.22189374122],
      [0.21121644988, 0.21949840731, 0.56928514281],
      [0.16346167773, 0.2516738723, 0.58486444997]
    ],
    [
      [0.5870319925, 0.050935783016, 0.36203222448],
      [0.14112882865, 0.72202074529, 0.13685042605],
      [0.29981573052, 0.28476257943, 0.41542169005],
      [0.23545824302, 0.33141401719, 0.43312773979]
    ],
    [
      [0.62480426819, 0.046788472267, 0.32840725954],
      [0.16030749041, 0.70727562088, 0.13241688871],
      [0.33341555073, 0.2730410792, 0.39354337006],
      [0.2645011322, 0.32100218201, 0.4144966858]
    ],
    [
      [0.58294025696, 0.043828893281, 0.37323084976],
      [0.15533350922, 0.68841215773, 0.15625433305],
      [0.30672640852, 0.25217611702, 0.44109747446],
      [0.24227267963, 0.29515895417, 0.4625683662]
    ],
    [
      [0.68593255024, 0.032335595121, 0.28173185464],
      [0.22658099128, 0.62742177479, 0.14599723393],
      [0.41068906717, 0.211009882, 0.37830105082],
      [0.33508177804, 0.25508876651, 0.40982945545]
    ]
  ],
  "expected_outcome": [
    [
      [37.6470993299, 36.5862826412, 32.4641704829, 40.7349694868, 46.1298226195, 33.5309287166, 34.6515932891, 29.5935182815, 35.0827292424, 38.2371166921, 30.1949765358, 36.1935707128, 18.1976962563, 6.2369163413, 9.7382044149, 8.553676124, 5.0054238784, 9.0818848963, 8.3484992659, 6.6393582332, 8.7380139913, 10.4717070813, 5.7728310729, 6.7412566789, 6.8314678042, 7.6506176096, 5.364853228, 5.9042543012, 8.0771463725, 5.2557267991, 5.4387907634, 7.3535843179, 6.0367355387, 10.9510262246, 8.7710749252, 9.027850577, 3.646176169, 7.1031655027, 4.7324702871, 6.9082820829, 9.8276828405, 6.8727177642, 11.3371356942, 6.3512656519, 9.7193210237, 6.1030618611, 9.3925118801, 9.996868291, 8.7441038543, 6.8593255024],
      [2.0468344726, 2.1543767643, 2.4716266318, 1.9149156583, 2.7637826173, 2.2062986227, 2.0587358085, 2.3090650519, 2.442872121, 2.4796950198, 1.6774478458, 2.5568073355, 1.2288419017, 0.32246110131, 0.29571783915, 0.5997574626, 0.42628227604, 0.41088003671, 0.87410573374, 0.44475328397, 0.61274504206, 0.72084721763, 0.35110801731, 0.50977591832, 0.40844392057, 0.5653365447, 0.34976853593, 0.32399239136, 0.35559936612, 0.39773402953, 0.3570284491, 0.57345436141, 0.37029057103, 0.41067721095, 0.57917933759, 0.7774353194, 0.27637492846, 0.3628950748, 0.23975224455, 0.58639027826, 0.63152117392, 0.46032732966, 0.50705225609, 0.4795949923, 0.43592447955, 0.57934782629, 0.81497252825, 0.74861555627, 0.65743339921, 0.32335595121],
      [24.3060661975, 25.2593405945, 19.0642028853, 19.3501148549, 18.1063947632, 25.2627726607, 17.2896709023, 32.0974166666, 20.4743986366, 27.2831882881, 23.1275756184, 27.2496219517, 13.573461842, 3.4406225574, 5.9660777459, 4.8465664134, 3.5682938456, 6.507235067, 8.7773950003, 2.9158884828, 5.6492409666, 6.8074457011, 4.8760609098, 3.7489674028, 3.7600882752, 5.7840458457, 2.285378236, 3.7717533075, 6.5672542614, 3.3465391713, 3.2041807875, 6.0729613207, 3.5929738903, 5.6382965644, 5.6497457372, 5.1947141036, 3.0774489026, 4.5339394225, 4.0277774684, 6.5053276388, 5.5407959855, 4.6669549062, 6.1558120498, 4.1691393558, 4.8447544967, 7.3175903126, 5.7925155917, 5.2545161527, 5.5984627465, 2.8173185464]
    ],
    [
      [2.4515088684, 2.4811659914, 3.0848055278, 3.0562927772, 2.2856960375, 3.0928721689, 3.7449905465, 1.8868937723, 2.7867985977, 1.1535451912, 2.3475151381, 1.5462233265, 6.331973347, 14.328089211, 15.2987974952, 9.9821312533, 9.9580184254, 12.1734571777, 6.3437229676, 11.0242050655, 8.7999291753, 9.3960812011, 10.3676398563, 9.017339098, 12.1122128102, 1.8332244279, 2.7279690136, 2.4836577433, 2.6665605934, 1.3943329872, 1.3818858772, 2.0297749852, 1.8029253194, 2.4865399672, 2.2016240898, 2.2930098459, 2.2093051084, 3.3941318621, 1.5021023856, 1.0675497794, 1.9391816585, 1.9955745845, 4.2372039147, 2.3151683588, 2.2606937371, 1.7658565266, 1.4112882865, 1.6030749041, 2.3300026383, 2.7189718953],
      [8.0738575734, 8.8400061475, 14.0802173337, 8.6726430267, 8.3112295423, 12.2641314141, 13.3311596093, 8.9141062284, 11.6682712737, 4.5593477289, 7.8392449045, 6.6337055735, 25.2707569254, 43.27520664, 27.0330195917, 41.1378384339, 49.8824800662, 32.1647970109, 39.1875715351, 43.3719664034, 36.2709900761, 38.0234656491, 36.8962581305, 40.1046433222, 42.4234495369, 7.9937491711, 10.4497323891, 8.0300737124, 6.9387670175, 6.2130372492, 5.3414716049, 9.3412382824, 6.51532965, 5.5093862118, 8.575442702, 11.6370315657, 9.8653458007, 10.2092817144, 4.4910691103, 5.3525596278, 7.3436237364, 7.875373555, 11.1551289996, 10.2957230276, 5.9715840661, 9.9057373551, 7.2202074529, 7.0727562088, 10.3261823659, 7.5290612975],
      [2.4746335582, 2.6788278611, 2.8349771385, 2.2710641961, 1.4030744202, 3.6429964169, 2.9238498441, 3.1989999993, 2.5449301286, 1.2871070799, 2.8132399574, 1.8200711, 7.3972697276, 12.396704149, 14.6681829131, 8.8800303129, 11.1595015084, 13.6617458113, 10.4687054973, 7.6038285311, 8.9290807486, 9.5804531498, 13.7361020132, 7.8780175798, 10.4643376529, 2.173026401, 1.8222985973, 2.4862685443, 3.394672389, 1.3926297636, 1.2766425179, 2.6289867324, 1.6817450306, 2.0040738211, 2.2229332081, 2.0699585884, 2.9253490909, 3.3965864235, 2.0068285041, 1.5798905928, 1.7171946051, 2.1290518605, 3.6076670857, 2.3891086136, 1.7677221968, 3.3284061183, 1.3685042605, 1.3241688871, 2.3438149958, 1.7519668072]
    ],
    [
      [4.2725583841, 2.192498135, 4.4411011043, 3.4884942202, 4.725210932, 3.5197765819, 5.4155878369, 2.3339747488, 3.2545392657, 3.0198578231, 3.9107232816, 3.7541320023, 4.6895733159, 3.5651128395, 4.4368929427, 3.2872786045, 2.8240523235, 5.1583547621, 3.766945753, 5.5123160944, 4.0364530204, 4.6668983072, 3.0869797562, 4.8709423838, 2.0749236065, 18.2675870245, 23.9950377925, 21.4444210686, 19.0770172946, 21.1954722086, 21.724158643, 15.6520794472, 24.3002729234, 23.4179080003, 19.2677321587, 18.246149367, 17.1918969296, 12.3785237197, 3.4647820976, 4.450793286, 3.0325970579, 3.0703916555, 2.956831576, 3.0296927851, 3.4522942057, 2.3233809487, 3.5977887662, 4.0009866088, 4.6008961278, 6.981714142],
      [2.550819577, 1.4178172634, 3.7143274523, 1.7993857065, 3.1204303384, 2.5416344116, 3.5288737946, 2.0000411336, 2.4899088176, 2.1566041441, 2.3802538102, 2.9186810543, 3.460320712, 2.0080098014, 1.4626396241, 2.5190880202, 2.6334241323, 2.5392127914, 4.3201001465, 4.0348011959, 3.0924467428, 3.5091373275, 2.0471942263, 4.0285704743, 1.3535523814, 14.7509396211, 17.0755520582, 12.836852185, 9.1562999295, 17.5250989826, 15.5706049374, 13.3416817941, 16.2693804232, 9.5703683088, 13.8965571518, 17.1892524028, 14.2363338225, 6.8967927385, 1.9158154166, 4.1339626703, 2.1291647338, 2.2470954485, 1.4416103543, 2.5014348258, 1.6883391634, 2.4144824804, 3.4171509531, 3.2764929505, 3.7826417554, 3.5871679941],
      [6.1766220389, 3.3896846016, 5.8445714434, 3.7121200733, 4.1543587296, 5.9385890064, 6.0555383685, 5.6659841176, 4.2555519167, 4.8235380329, 6.7090229082, 6.3271869434, 7.8501059721, 4.4268773591, 6.1004674332, 4.1936333753, 4.5425235442, 8.3024324465, 8.9129541004, 5.4528827096, 5.8711002368, 6.8239643653, 5.8658260175, 6.1004871419, 2.5715240121, 30.9814733544, 22.9294101494, 30.7187267464, 34.7666827759, 30.2794288088, 28.7052364195, 29.0062387587, 32.4303466533, 27.0117236909, 27.8357106896, 23.5645982302, 32.571769248, 17.7246835418, 6.6194024857, 9.4152440437, 3.8382382082, 4.682512896, 3.6015580697, 4.4688723891, 3.8593666309, 6.262136571, 4.9850602806, 4.7225204408, 6.6164621169, 6.431117864]
    ],
    [
      [2.6288334176, 3.7400532324, 3.009922885, 4.7202435158, 2.8592704111, 1.8564225325, 3.1878283274, 2.1856131974, 3.8759328942, 3.5894802936, 4.5467850445, 2.5060739584, 2.7807570808, 2.8698816083, 4.5261051471, 4.1769140182, 2.2125053727, 2.5863031639, 1.5408320134, 3.8241206069, 4.425603813, 2.4653134105, 3.7725493146, 4.3704618393, 4.981395779, 2.2485709379, 3.9121399659, 3.1676668869, 2.1792757395, 3.154468005, 4.4551647164, 2.9645612497, 1.8600662185, 4.1445258079, 2.7595688263, 2.43299021, 2.952621793, 9.1241789155, 16.3006452297, 11.5733748517, 17.200538443, 16.0613159959, 16.4688288151, 15.3038732042, 20.5676910335, 9.8077006636, 14.5984110672, 16.3990701961, 13.3249973796, 20.4399884603],
      [2.3284883769, 3.5877998248, 3.7338285821, 3.6130556084, 2.804557502, 1.9879355515, 3.0812307875, 2.7767875861, 4.3989477877, 3.8043531072, 4.1030534395, 2.8908060368, 3.0400804609, 2.3943224573, 2.208622945, 4.7433160833, 3.0578135255, 1.8851101609, 2.6182225846, 4.1484791167, 5.0238181391, 2.7465498058, 3.7054396259, 5.3570102851, 4.8145541612, 2.6899746631, 4.1249470168, 2.8090817113, 1.5493336868, 3.8641297387, 4.7308950086, 3.7436255621, 1.8449993557, 2.5095682685, 2.9488208086, 3.3962807122, 3.6219454484, 7.5310304723, 13.3533632285, 15.9270874236, 17.8956903558, 17.4172036668, 11.89620839, 18.7232471543, 14.9041522909, 15.1004323382, 20.5476690657, 19.9021352845, 16.2337424795, 15.5604147572],
      [5.0426782054, 7.6721469428, 5.2562485328, 6.6667008757, 3.336172087, 4.155641916, 4.7309408851, 7.0375992165, 6.725119318, 7.6061665991, 10.350161516, 5.6031200049, 6.1791624583, 4.7357959345, 8.2652719078, 7.0797698984, 4.7296811018, 5.5285866751, 4.8409454019, 5.0274002764, 8.5505780479, 4.7881367838, 9.5220110595, 7.2725278755, 8.2040500598, 5.0614543989, 4.9629130173, 6.0232514018, 5.2713905737, 5.9814022563, 7.8139402751, 7.2918131882, 3.2949344258, 6.3459059236, 5.2916103651, 4.1707290778, 7.4254327586, 17.3447906121, 41.3459915418, 32.4995377247, 28.9037712011, 32.5214803373, 26.6349627949, 29.9728796415, 30.5281566755, 35.0918669982, 26.8539198672, 25.6987945194, 25.4412601409, 24.9995967825]
    ]
  ],
  "prob": [
    [0.58306357051, 0.037161785469, 0.37977464403],
    [0.17528281241, 0.64751140604, 0.17720578154],
    [0.31794046709, 0.22278267855, 0.45927685437],
    [0.25331314999, 0.26214412994, 0.48454272006]
  ],
  "iterations": 21,
  "time": 3.447043,
  "message": "Converged",
  "status": 0,
  "miniter": 0,
  "maxiter": 1000,
  "maxtime": 3600,
  "param_threshold": 0.001,
  "ll_threshold": "-Inf",
  "initial_prob": "group_proportional",
  "adjust_prob_cond_method": "project_lp",
  "adjust_prob_cond_every": false
}
