{
  "X": [
    [16, 35, 49],
    [17, 31, 52],
    [14, 26, 60],
    [6, 18, 76],
    [12, 37, 51],
    [14, 27, 59],
    [15, 30, 55],
    [6, 30, 64],
    [14, 29, 57],
    [18, 31, 51],
    [19, 29, 52],
    [14, 36, 50],
    [19, 31, 50],
    [41, 17, 42],
    [33, 34, 33],
    [34, 25, 41],
    [30, 27, 43],
    [26, 29, 45],
    [35, 22, 43],
    [36, 26, 38],
    [35, 21, 44],
    [32, 31, 37],
    [34, 22, 44],
    [36, 20, 44],
    [35, 21, 44],
    [19, 21, 60],
    [22, 13, 65],
    [16, 17, 67],
    [20, 15, 65],
    [31, 11, 58],
    [16, 22, 62],
    [27, 16, 57],
    [30, 7, 63],
    [25, 26, 49],
    [21, 12, 67],
    [26, 10, 64],
    [21, 16, 63],
    [30, 34, 36],
    [32, 37, 31],
    [35, 40, 25],
    [34, 28, 38],
    [36, 37, 27],
    [40, 24, 36],
    [43, 28, 29],
    [35, 33, 32],
    [30, 37, 33],
    [33, 40, 27],
    [31, 44, 25],
    [25, 44, 31],
    [36, 37, 27]
  ],
  "W": [
    [64, 13, 7, 16],
    [64, 10, 10, 16],
    [65, 10, 12, 13],
    [74, 5, 13, 8],
    [68, 10, 8, 14],
    [62, 14, 12, 12],
    [64, 10, 8, 18],
    [64, 9, 14, 13],
    [57, 16, 15, 12],
    [60, 17, 10, 13],
    [59, 16, 10, 15],
    [63, 15, 8, 14],
    [42, 35, 8, 15],
    [4, 62, 24, 10],
    [8, 69, 11, 12],
    [12, 55, 18, 15],
    [15, 69, 7, 9],
    [15, 63, 9, 13],
    [10, 68, 14, 8],
    [13, 57, 12, 18],
    [9, 60, 14, 17],
    [12, 63, 14, 11],
    [9, 63, 12, 16],
    [11, 75, 8, 6],
    [9, 64, 13, 14],
    [13, 10, 66, 11],
    [17, 14, 61, 8],
    [11, 12, 65, 12],
    [12, 8, 69, 11],
    [12, 12, 63, 13],
    [13, 12, 64, 11],
    [15, 11, 56, 18],
    [9, 9, 71, 11],
    [17, 7, 56, 20],
    [10, 14, 61, 15],
    [13, 13, 60, 14],
    [10, 9, 66, 15],
    [16, 17, 27, 40],
    [12, 15, 16, 57],
    [7, 11, 15, 67],
    [16, 5, 14, 65],
    [12, 14, 14, 60],
    [10, 14, 16, 60],
    [11, 14, 10, 65],
    [11, 9, 15, 65],
    [15, 14, 16, 55],
    [15, 17, 12, 56],
    [10, 15, 14, 61],
    [17, 15, 14, 54],
    [13, 11, 18, 58]
  ],
  "method": "exact",
  "cond_prob": [
    [
      [0.02205182176, 0.37183611306, 0.60611206518],
      [0.4437488026, 0.25470442189, 0.30154677551],
      [0.23233616987, 0.061887465661, 0.70577636447],
      [0.44959973653, 0.46613243876, 0.084267824714]
    ],
    [
      [0.025339660135, 0.3389049117, 0.63575542816],
      [0.48243538994, 0.21907894457, 0.29848566549],
      [0.25137874545, 0.053037622829, 0.69558363172],
      [0.50250752484, 0.41180749857, 0.085684976589]
    ],
    [
      [0.019665534179, 0.27846166254, 0.70187280328],
      [0.42343511818, 0.20367071897, 0.37289416285],
      [0.19345351897, 0.043312457026, 0.763234024],
      [0.4743036053, 0.41104117393, 0.11465522077]
    ],
    [
      [0.0090650177204, 0.18021272193, 0.81072226035],
      [0.25924362546, 0.17359008669, 0.56716628785],
      [0.08916957938, 0.028076339898, 0.88275408072],
      [0.35922075368, 0.42891446565, 0.21186478067]
    ],
    [
      [0.017433983768, 0.38567672348, 0.59688929275],
      [0.38521948548, 0.28932295125, 0.32545756327],
      [0.19479847107, 0.068024427654, 0.73717710128],
      [0.38599332003, 0.52403984784, 0.089966832131]
    ],
    [
      [0.017599689687, 0.29033752713, 0.69206278318],
      [0.39406194102, 0.22176800574, 0.38417005324],
      [0.17798718717, 0.046503144334, 0.77550966849],
      [0.43800881826, 0.44469029213, 0.11730088961]
    ],
    [
      [0.019064519608, 0.30364312306, 0.67729235734],
      [0.41294214754, 0.22423153381, 0.36282631865],
      [0.19279426501, 0.04865406696, 0.75855166803],
      [0.45044973053, 0.44084956948, 0.10870069999]
    ],
    [
      [0.0064432043901, 0.29101748681, 0.7025393088],
      [0.19006843479, 0.29398348084, 0.51594808438],
      [0.072108484406, 0.05179520613, 0.87609630946],
      [0.22057694033, 0.61568435622, 0.16373870345]
    ],
    [
      [0.01586171953, 0.32001540777, 0.66412287269],
      [0.36573747432, 0.25278621407, 0.38147631161],
      [0.16751424702, 0.053579609727, 0.77890614325],
      [0.39428072436, 0.49257068215, 0.11314859349]
    ],
    [
      [0.0238434064, 0.34809721575, 0.62805937785],
      [0.46493664618, 0.23146930287, 0.30359405095],
      [0.24136595412, 0.055676290383, 0.70295775549],
      [0.48090869921, 0.43249430788, 0.086596992912]
    ],
    [
      [0.024576892328, 0.32222419233, 0.65319891534],
      [0.47479899306, 0.21242271984, 0.3127782871],
      [0.24115608604, 0.050002406743, 0.70884150722],
      [0.50277457355, 0.4059990045, 0.091226421945]
    ],
    [
      [0.017749801517, 0.38028363353, 0.60196656495],
      [0.38870690274, 0.28424564957, 0.32704744769],
      [0.19620249949, 0.066504826234, 0.73729267428],
      [0.39153849767, 0.51760055243, 0.090860949906]
    ],
    [
      [0.014100061369, 0.32133729739, 0.66456264124],
      [0.33590965318, 0.26533321598, 0.39875713084],
      [0.15090088829, 0.054815208357, 0.79428390335],
      [0.36291683032, 0.51857661889, 0.11850655079]
    ],
    [
      [0.025446932933, 0.27529515143, 0.69925791563],
      [0.4824578363, 0.18187825032, 0.33566391338],
      [0.23568243589, 0.04052594806, 0.72379161605],
      [0.53294479567, 0.3649745121, 0.10208069223]
    ],
    [
      [0.017889157821, 0.44441355716, 0.53769728502],
      [0.38025100846, 0.32974313108, 0.29000586047],
      [0.20966014775, 0.082976524366, 0.70736332789],
      [0.35944212739, 0.56497281087, 0.075585061739]
    ],
    [
      [0.020561472245, 0.33351398467, 0.64592454308],
      [0.42361450499, 0.23948061303, 0.33690488198],
      [0.20947816614, 0.054110298387, 0.73641153547],
      [0.44559050453, 0.45682753975, 0.097581955718]
    ],
    [
      [0.015971115623, 0.31796562041, 0.66606326397],
      [0.36323430076, 0.25239365775, 0.38437204149],
      [0.16702206405, 0.053067213815, 0.77991072214],
      [0.39201245167, 0.49376475695, 0.11422279138]
    ],
    [
      [0.013093528517, 0.31595715085, 0.67094932063],
      [0.31804584927, 0.2681057664, 0.41384838433],
      [0.14029053122, 0.054077117255, 0.80563235152],
      [0.34646875287, 0.52948349221, 0.12404775492]
    ],
    [
      [0.019852672083, 0.29836938192, 0.68177794599],
      [0.41756680782, 0.21887835625, 0.36355483593],
      [0.19680170568, 0.047124384979, 0.75607390934],
      [0.45646330852, 0.43410457077, 0.10943212072]
    ],
    [
      [0.02152834146, 0.32718744036, 0.65128421818],
      [0.43569317574, 0.23083399048, 0.33347283378],
      [0.21612086086, 0.052351599974, 0.73152753917],
      [0.46067612298, 0.44226703435, 0.097056842666]
    ],
    [
      [0.018609013305, 0.24981814324, 0.73157284345],
      [0.40559843261, 0.19019011844, 0.40421144895],
      [0.17816418862, 0.038180266698, 0.78365554468],
      [0.4707243696, 0.40033563944, 0.12893999096]
    ],
    [
      [0.018528558817, 0.41202675712, 0.56944468407],
      [0.39146981968, 0.30352430712, 0.3050058732],
      [0.20838878865, 0.073787311111, 0.71782390024],
      [0.38160141939, 0.53642047369, 0.081978106919]
    ],
    [
      [0.017507799351, 0.25563421083, 0.72685798982],
      [0.39011725682, 0.19903197355, 0.41085076964],
      [0.17007402939, 0.039654413418, 0.79027155719],
      [0.45150964211, 0.4177765505, 0.13071380739]
    ],
    [
      [0.019689481569, 0.25940804569, 0.72090247275],
      [0.4187125688, 0.19247016786, 0.38881726334],
      [0.18853991082, 0.039611320714, 0.77184876847],
      [0.47860895934, 0.39905972374, 0.12233131691]
    ],
    [
      [0.018660273326, 0.25682984473, 0.72450988194],
      [0.40564643055, 0.19497507563, 0.39937849382],
      [0.17973886984, 0.039477426602, 0.78078370355],
      [0.46672004836, 0.40692285795, 0.12635709369]
    ],
    [
      [0.014968974233, 0.43410929008, 0.55092173569],
      [0.34050553089, 0.34219491064, 0.31729955847],
      [0.17946739883, 0.081906063617, 0.73862653755],
      [0.32322724573, 0.59352999307, 0.083242761199]
    ],
    [
      [0.020163159062, 0.26807835692, 0.71175848401],
      [0.42568630961, 0.1955140917, 0.37879959869],
      [0.1943978563, 0.040747709881, 0.76485443382],
      [0.4799185909, 0.40248254322, 0.11759886588]
    ],
    [
      [0.011891232445, 0.31857803166, 0.66953073589],
      [0.29815600182, 0.27743903635, 0.42440496183],
      [0.12944782802, 0.054791556387, 0.81576061559],
      [0.3231013, 0.55041017087, 0.12648852913]
    ],
    [
      [0.017063245215, 0.3260558441, 0.65688091068],
      [0.37967119281, 0.25111780194, 0.36921100525],
      [0.17855255033, 0.053702307987, 0.76774514168],
      [0.40343141291, 0.48844801856, 0.10812056852]
    ],
    [
      [0.030081095003, 0.24951739836, 0.72040150664],
      [0.52907879001, 0.15153325023, 0.31938795976],
      [0.26335231464, 0.034392964226, 0.70225472114],
      [0.59222196598, 0.30927965159, 0.098498382429]
    ],
    [
      [0.011874237157, 0.42410333644, 0.5640224264],
      [0.29049878619, 0.36011767315, 0.34938354066],
      [0.14534618527, 0.081846045984, 0.77280776874],
      [0.27795396592, 0.62973614596, 0.092309888127]
    ],
    [
      [0.023376011255, 0.28847371766, 0.68815027108],
      [0.46086411649, 0.19702949924, 0.34210638427],
      [0.22323239686, 0.043566851626, 0.73320075151],
      [0.50438001808, 0.3925458918, 0.10307409012]
    ],
    [
      [0.030346775448, 0.18228605918, 0.78736716537],
      [0.53743893906, 0.11134926756, 0.35121179338],
      [0.25117172529, 0.023698972654, 0.72512930205],
      [0.64152146124, 0.24315045463, 0.11532808414]
    ],
    [
      [0.02120660399, 0.47001226044, 0.50878113557],
      [0.42116532426, 0.32320932037, 0.25562535537],
      [0.24808928448, 0.086685205825, 0.6652255097],
      [0.38991652658, 0.54464774019, 0.065435733232]
    ],
    [
      [0.015420079954, 0.20374076998, 0.78083915006],
      [0.36529590623, 0.16783633291, 0.46686776086],
      [0.14559935231, 0.030508431672, 0.82389221602],
      [0.45667306817, 0.38345795382, 0.159868978]
    ],
    [
      [0.022399700396, 0.18926940623, 0.78833089337],
      [0.45887867788, 0.13435570137, 0.40676562076],
      [0.19777286629, 0.026440058195, 0.77578707552],
      [0.56264350751, 0.30046215068, 0.13689434181]
    ],
    [
      [0.016662304529, 0.31441540579, 0.66892228968],
      [0.37463965823, 0.24529171622, 0.38006862556],
      [0.172791012, 0.051466330895, 0.7757426571],
      [0.40382754924, 0.48342951047, 0.11274294029]
    ],
    [
      [0.020736393526, 0.41203872151, 0.56722488497],
      [0.41986976283, 0.29045801851, 0.28967221866],
      [0.22812646896, 0.072152275978, 0.69972125506],
      [0.40927542684, 0.51303706724, 0.077687505919]
    ],
    [
      [0.01757882498, 0.33917820989, 0.64324296513],
      [0.38520611041, 0.25969880431, 0.35509508528],
      [0.18451959997, 0.056944283975, 0.75853611606],
      [0.40453769903, 0.49339071707, 0.1020715839]
    ],
    [
      [0.019003871338, 0.36718126011, 0.61381486855],
      [0.40199875538, 0.27159982729, 0.32640141733],
      [0.20223673597, 0.06249641051, 0.73526685352],
      [0.40912590376, 0.50006995405, 0.090804142189]
    ],
    [
      [0.014831351007, 0.18624331371, 0.79892533528],
      [0.35739304993, 0.15714027462, 0.48546667546],
      [0.13823651684, 0.027871944236, 0.83389153892],
      [0.4621603369, 0.36683382136, 0.17100584174]
    ],
    [
      [0.021536734911, 0.3628491056, 0.61561415949],
      [0.43361049768, 0.25501223495, 0.31137726737],
      [0.22330701326, 0.060120321566, 0.71657266517],
      [0.44241190047, 0.47056591569, 0.087022183842]
    ],
    [
      [0.018851481722, 0.18734739315, 0.79380112513],
      [0.41513936832, 0.14445978093, 0.44040085075],
      [0.17038369482, 0.027154165348, 0.80246213984],
      [0.52122324849, 0.3278270415, 0.15094971001]
    ],
    [
      [0.022277560542, 0.23352732203, 0.74419511743],
      [0.45348587444, 0.16624898983, 0.38026513573],
      [0.20391388985, 0.034248375492, 0.76183773466],
      [0.52872316451, 0.35017276685, 0.12110406864]
    ],
    [
      [0.01703476171, 0.25861285489, 0.7243523834],
      [0.38434829306, 0.2041906928, 0.41146101414],
      [0.16631050038, 0.040472319015, 0.79321718061],
      [0.44398193043, 0.42631473193, 0.12970333764]
    ],
    [
      [0.016676098232, 0.33363485289, 0.64968904888],
      [0.37308145752, 0.26068259572, 0.36623594677],
      [0.17557581685, 0.056189690608, 0.76823449254],
      [0.39486372821, 0.49903428758, 0.10610198421]
    ],
    [
      [0.020225526164, 0.39602187532, 0.58375259851],
      [0.41514210039, 0.28352627275, 0.30133162685],
      [0.21953577437, 0.06865789215, 0.71180633348],
      [0.41079950194, 0.50742554513, 0.081774952929]
    ],
    [
      [0.017689923205, 0.42533203696, 0.55697803983],
      [0.37984362165, 0.31900299005, 0.3011533883],
      [0.20270458042, 0.077860183338, 0.71943523624],
      [0.36537020192, 0.55527200349, 0.079357794588]
    ],
    [
      [0.014056108805, 0.39736114636, 0.58858274483],
      [0.32860021387, 0.32427332401, 0.34712646213],
      [0.16216552454, 0.073292648992, 0.76454182647],
      [0.32521714072, 0.58064191789, 0.094140941395]
    ],
    [
      [0.023994385349, 0.40245342496, 0.57355218969],
      [0.45769466877, 0.26759597861, 0.27470935262],
      [0.25316366447, 0.067730397368, 0.67910593816],
      [0.44993940816, 0.47595521652, 0.074105375314]
    ]
  ],
  "expected_outcome": [
    [
      [1.4113165926, 1.6217382486, 1.2782597216, 0.67081131131, 1.1855108962, 1.0911807606, 1.2201292549, 0.41236508096, 0.90411801323, 1.430604384, 1.4500366473, 1.1182374956, 0.5922025775, 0.10178773173, 0.14311326257, 0.24673766694, 0.23956673435, 0.19640292775, 0.19852672083, 0.27986843898, 0.16748111975, 0.2223427058, 0.15757019416, 0.21658429725, 0.16794245994, 0.19459666503, 0.34277370406, 0.13080355689, 0.20475894258, 0.36097314004, 0.15436508304, 0.35064016883, 0.27312097903, 0.36051226783, 0.15420079954, 0.29119610515, 0.16662304529, 0.33178229641, 0.21094589975, 0.13302709937, 0.23730161612, 0.25844081893, 0.18851481722, 0.24505316596, 0.18738237881, 0.25014147348, 0.30338289246, 0.17689923205, 0.23895384969, 0.31192700954],
      [23.7975112356, 21.6899143488, 18.1000080649, 13.3357414227, 26.2260171965, 18.000926682, 19.4331598756, 18.6251191559, 18.2408782432, 20.885832945, 19.0112273476, 23.9578689127, 13.4961664905, 1.1011806057, 3.5553084573, 4.0021678161, 4.7694843061, 4.7393572628, 2.9836938192, 4.2534367247, 2.2483632892, 4.9443210854, 2.3007078974, 2.8534885025, 2.3114686026, 5.643420771, 4.5573320677, 3.5043583483, 3.9126701292, 2.9942087803, 5.5133433737, 4.3271057649, 1.6405745327, 7.9902084274, 2.0374076998, 2.460502281, 3.1441540579, 6.5926195441, 4.0701385187, 2.5702688208, 2.9798930194, 4.3541892672, 1.8734739315, 2.5688005423, 2.8447414038, 5.0045227934, 5.9403281298, 4.2533203696, 6.7551394881, 5.2318945244],
      [38.7911721717, 40.6883474025, 45.6217322134, 59.993447266, 40.5884719072, 42.9078925574, 43.3467108695, 44.9625157632, 37.8550037436, 37.683562671, 38.5387360051, 37.9238935917, 27.911630932, 2.7970316625, 4.3015782802, 7.751094517, 9.9909489595, 10.0642398095, 6.8177794599, 8.4666948364, 6.5841555911, 6.8333362088, 6.5417219084, 7.9299272002, 6.5205889375, 7.161982564, 12.0998942282, 7.3648380948, 7.8825709282, 8.6448180796, 7.3322915432, 10.3222540662, 7.0863044883, 8.6492793048, 7.8083915006, 10.2483016138, 6.6892228968, 9.0755981595, 7.7189155815, 4.2967040799, 12.7828053645, 7.3873699139, 7.9380112513, 8.1861462917, 7.9678762174, 9.7453357332, 8.7562889777, 5.5697803983, 10.0059066622, 7.456178466]
    ],
    [
      [5.7687344338, 4.8243538994, 4.2343511818, 1.2962181273, 3.8521948548, 5.5168671743, 4.1294214754, 1.7106159131, 5.8517995891, 7.903922985, 7.596783889, 5.8306035412, 11.7568378613, 29.9123858504, 26.2373195835, 23.2987977745, 25.0631667523, 20.0368885039, 28.3945429316, 24.8345110171, 24.3359059564, 24.6625986399, 24.5773871794, 31.4034426601, 25.961371555, 3.4050553089, 5.9596083346, 3.5778720219, 3.0373695425, 6.3489454801, 3.4859854343, 5.0695052814, 4.8369504516, 2.9481572698, 5.1141426872, 5.9654228124, 3.371756924, 7.1377859681, 5.7780916561, 4.4219863092, 1.7869652496, 6.0705469675, 5.8119511565, 6.3488022421, 3.4591346375, 5.2231404053, 7.0574157066, 5.6976543248, 4.929003208, 5.0346413565],
      [3.3111574846, 2.1907894457, 2.0367071897, 0.86795043343, 2.8932295125, 3.1047520804, 2.2423153381, 2.6458513275, 4.0445794252, 3.9349781488, 3.3987635174, 4.2636847435, 9.2866625594, 11.2764515198, 22.7522760443, 13.1714337167, 17.4151623847, 16.8906632833, 14.8837282249, 13.1575374573, 11.4114071066, 19.1220313484, 12.5390143336, 14.4352625893, 12.4784048403, 3.4219491064, 2.7371972838, 3.3292684362, 2.0089424155, 1.8183990028, 4.3214120778, 2.1673244916, 1.002143408, 2.2624652426, 2.3497086608, 1.7466241178, 2.207625446, 4.9377863148, 3.8954820647, 2.9875981001, 0.78570137308, 3.5701712893, 2.022436933, 2.3274858576, 1.8377162352, 3.64955634, 4.8199466368, 4.7850448507, 4.8640998601, 2.9435557647],
      [3.9201080816, 2.9848566549, 3.7289416285, 2.8358314392, 3.2545756327, 5.3783807453, 3.6282631865, 4.6435327594, 6.1036209857, 5.1610988662, 5.0044525936, 4.9057117153, 13.9564995793, 20.8111626298, 20.0104043722, 18.5297685088, 26.5216708631, 26.0724482129, 24.7217288435, 19.0079515256, 24.252686937, 19.2153700117, 25.8835984871, 29.1612947506, 25.5602236046, 3.1729955847, 5.3031943816, 5.0928595419, 2.953688042, 3.8326555171, 4.1926024879, 3.763170227, 3.1609061404, 1.7893774876, 6.536148652, 5.2879530698, 3.42061763, 4.9244277171, 5.3264262792, 3.5904155907, 2.4273333773, 4.3592817431, 6.1656119105, 5.3237119002, 3.7031491272, 5.1273032547, 5.1226376565, 4.5173008245, 5.2068969319, 3.0218028788]
    ],
    [
      [1.6263531891, 2.5137874545, 2.3214422276, 1.1592045319, 1.5583877685, 2.1358462461, 1.54235412, 1.0095187817, 2.5127137053, 2.4136595412, 2.4115608604, 1.5696199959, 1.2072071063, 5.6563784613, 2.3062616252, 3.7706069905, 1.1691544483, 1.262614781, 2.7552238795, 2.5934503303, 2.4942986406, 2.9174430411, 2.0408883527, 1.5083192865, 2.336605308, 11.8448483231, 11.8582692342, 8.4141088212, 12.3201259729, 16.5911958221, 9.3021558576, 12.5010142243, 17.8331924958, 13.8929999308, 8.8815604907, 11.8663719773, 11.4042067921, 6.159414662, 2.9523135994, 3.0335510396, 1.9353112358, 3.1262981856, 2.7261391171, 2.0391388985, 2.4946575057, 2.8092130697, 2.6344292924, 2.8378641259, 2.2703173435, 4.5569459604],
      [0.43321225962, 0.53037622829, 0.51974948431, 0.36499241867, 0.54419542123, 0.55803773201, 0.38923253568, 0.72513288582, 0.80369414591, 0.55676290383, 0.50002406743, 0.53203860987, 0.43852166686, 0.97262275344, 0.91274176803, 0.97398537096, 0.3714704967, 0.48669405529, 0.65974138971, 0.62821919969, 0.53452373377, 1.0330223556, 0.47585296102, 0.31689056571, 0.51320654582, 5.4058001987, 2.4856103027, 3.5614511651, 3.7054592511, 2.1667567462, 5.238146943, 2.439743691, 1.6826270584, 4.8543715262, 1.861014332, 1.5864034917, 3.3967778391, 1.9481114514, 0.9111085436, 0.93744615765, 0.39020721931, 0.84168450193, 0.43446664557, 0.34248375492, 0.60708478523, 0.89903504973, 0.8238947058, 1.0900425667, 1.0260970859, 1.2191471526],
      [4.9404345513, 6.9558363172, 9.1588082881, 11.4758030494, 5.8974168102, 9.3061160219, 6.0684133443, 12.2653483325, 11.6835921488, 7.0295775549, 7.0884150722, 5.8983413942, 6.3542712268, 17.3709987853, 7.7809966067, 13.2554076385, 5.4593750549, 7.2506911637, 10.5850347308, 8.77833047, 10.9711776256, 10.0495346034, 9.4832586863, 6.1747901477, 10.1501881462, 48.7493514782, 46.6561204631, 53.0244400137, 52.974414776, 44.2420474316, 49.4596971995, 41.0592420847, 51.4841804458, 37.252628543, 50.2574251773, 46.547224531, 51.1990153688, 18.8924738866, 12.136577857, 11.0290028028, 11.6744815449, 10.0320173124, 12.8393942374, 7.6183773466, 11.8982577091, 12.2917518806, 8.5416760018, 10.0720933074, 10.7035855706, 12.2239068869]
    ],
    [
      [7.1935957845, 8.0401203974, 6.1659468689, 2.8737660294, 5.4039064804, 5.2561058191, 8.1080951496, 2.8675002243, 4.7313686924, 6.2518130897, 7.5416186033, 5.4815389673, 5.4437524549, 5.3294479567, 4.3133055287, 6.683857568, 3.528112065, 4.5040937874, 3.6517064681, 8.2921702137, 8.0023142832, 4.1976156133, 7.2241542738, 2.8716537561, 6.5340806771, 3.555499703, 3.8393487272, 3.8772156, 4.437745542, 7.6988855577, 3.0574936251, 9.0788403255, 7.0567360736, 7.7983305316, 6.8500960226, 7.8770091052, 6.0574132386, 16.3710170735, 23.0586488447, 27.4114355519, 30.0404218985, 26.5447140279, 31.2733949092, 34.3670056934, 28.8588254779, 21.7175050516, 23.0047721085, 22.2875823173, 17.5617255988, 26.0964856736],
      [7.4581190201, 6.5889199772, 5.3435352611, 3.4313157252, 7.3365578697, 5.3362835056, 7.9352922506, 8.0038966308, 5.9108481858, 5.6224260024, 6.0899850676, 7.246407734, 7.7786492833, 3.649745121, 6.7796737304, 6.8524130962, 4.4438828125, 6.8832853987, 3.4728365662, 7.9608066183, 6.8057058704, 5.9006252106, 6.684424808, 2.3943583425, 5.6969200113, 6.5288299238, 3.2198603457, 6.6049220504, 5.3729282042, 4.0206354707, 6.9270976055, 7.0658260524, 2.6746550009, 10.8929548038, 5.7518693074, 4.2064701095, 7.251442657, 20.5214826898, 28.123270873, 33.5046869214, 23.8441983882, 28.2339549416, 19.6696224899, 22.7612298451, 27.7104575758, 27.4468858169, 28.4158305275, 33.8715922129, 31.3546635659, 27.6054025582],
      [1.3482851954, 1.3709596254, 1.49051787, 1.6949182454, 1.2595356498, 1.4076106753, 1.9566125998, 2.1286031449, 1.3577831219, 1.1257609079, 1.3683963292, 1.2720532987, 1.7775982619, 1.0208069223, 0.90702074087, 1.4637293358, 1.0280051224, 1.6126208139, 0.87545696572, 1.747023168, 2.1919798464, 0.90175917611, 2.0914209182, 0.73398790147, 1.7689993117, 0.91567037319, 0.94079092704, 1.5178623496, 1.1893262538, 1.2804789716, 1.0154087694, 1.8553336221, 1.2686089255, 1.3087146646, 2.39803467, 1.9165207853, 1.6911441044, 3.1075002367, 5.8180802823, 6.0838775267, 11.1153797133, 5.2213310305, 9.0569826008, 7.8717644614, 8.4307169463, 5.8356091315, 4.579397364, 4.8408254698, 5.0836108353, 4.2981117682]
    ]
  ],
  "prob": [
    [0.018226201801, 0.3181023735, 0.6636714247],
    [0.40069513125, 0.23724354829, 0.36206132046],
    [0.19286283572, 0.051703930977, 0.7554332333],
    [0.43221583122, 0.46015014723, 0.10763402155]
  ],
  "iterations": 21,
  "time": 3.092658,
  "message": "Converged",
  "status": 0,
  "miniter": 0,
  "maxiter": 1000,
  "maxtime": 3600,
  "param_threshold": 0.001,
  "ll_threshold": "-Inf",
  "initial_prob": "group_proportional",
  "adjust_prob_cond_method": "project_lp",
  "adjust_prob_cond_every": false
}
