{
  "X": [
    [35, 48, 17],
    [32, 55, 13],
    [33, 48, 19],
    [28, 48, 24],
    [36, 49, 15],
    [39, 50, 11],
    [27, 62, 11],
    [33, 52, 15],
    [35, 52, 13],
    [39, 44, 17],
    [42, 46, 12],
    [27, 62, 11],
    [32, 43, 25],
    [16, 51, 33],
    [15, 54, 31],
    [18, 46, 36],
    [14, 51, 35],
    [18, 48, 34],
    [13, 54, 33],
    [18, 49, 33],
    [14, 48, 38],
    [18, 52, 30],
    [15, 46, 39],
    [15, 51, 34],
    [17, 45, 38],
    [21, 41, 38],
    [20, 32, 48],
    [23, 38, 39],
    [16, 46, 38],
    [25, 45, 30],
    [22, 41, 37],
    [16, 34, 50],
    [25, 42, 33],
    [20, 35, 45],
    [22, 37, 41],
    [24, 43, 33],
    [26, 39, 35],
    [21, 41, 38],
    [16, 62, 22],
    [19, 52, 29],
    [13, 57, 30],
    [14, 65, 21],
    [23, 54, 23],
    [20, 66, 14],
    [17, 60, 23],
    [17, 54, 29],
    [20, 60, 20],
    [15, 59, 26],
    [20, 53, 27],
    [18, 56, 26]
  ],
  "W": [
    [56, 9, 21, 14],
    [58, 22, 16, 4],
    [54, 16, 20, 10],
    [57, 13, 11, 19],
    [61, 14, 12, 13],
    [64, 11, 16, 9],
    [68, 12, 9, 11],
    [63, 14, 13, 10],
    [63, 13, 15, 9],
    [59, 15, 12, 14],
    [66, 6, 12, 16],
    [63, 14, 10, 13],
    [43, 32, 15, 10],
    [11, 61, 16, 12],
    [9, 63, 12, 16],
    [12, 63, 15, 10],
    [13, 62, 15, 10],
    [16, 59, 13, 12],
    [12, 63, 13, 12],
    [14, 61, 16, 9],
    [16, 59, 14, 11],
    [14, 64, 10, 12],
    [9, 61, 14, 16],
    [12, 62, 11, 15],
    [14, 62, 18, 6],
    [10, 15, 62, 13],
    [14, 13, 61, 12],
    [12, 16, 64, 8],
    [13, 16, 57, 14],
    [15, 9, 63, 13],
    [17, 14, 59, 10],
    [11, 10, 69, 10],
    [14, 13, 60, 13],
    [13, 18, 54, 15],
    [10, 13, 67, 10],
    [14, 14, 56, 16],
    [11, 10, 65, 14],
    [17, 9, 34, 40],
    [13, 12, 14, 61],
    [12, 11, 10, 67],
    [7, 14, 16, 63],
    [9, 8, 12, 71],
    [13, 11, 10, 66],
    [18, 15, 7, 60],
    [14, 10, 10, 66],
    [8, 9, 11, 72],
    [16, 17, 11, 56],
    [12, 14, 13, 61],
    [13, 12, 9, 66],
    [17, 16, 7, 60]
  ],
  "method": "exact",
  "cond_prob": [
    [
      [0.48684500531, 0.49867070883, 0.014484285863],
      [0.099720711711, 0.52563318617, 0.37464610212],
      [0.23187490819, 0.29370229377, 0.47442279804],
      [0.14070144465, 0.65542810436, 0.20387045099]
    ],
    [
      [0.43813794264, 0.55219207842, 0.0096699789347],
      [0.097446641497, 0.63222382123, 0.27032953727],
      [0.2457157403, 0.38287555465, 0.37140870505],
      [0.12818034226, 0.73448162747, 0.13733803027]
    ],
    [
      [0.47685800521, 0.50761792173, 0.015524073059],
      [0.094437072496, 0.51764386227, 0.38791906523],
      [0.21963194871, 0.28933559118, 0.49103246011],
      [0.13460355843, 0.65196186068, 0.21343458089]
    ],
    [
      [0.42410653844, 0.54164355807, 0.034249903491],
      [0.055853750922, 0.36718774835, 0.57695850073],
      [0.12169954615, 0.1928746964, 0.68542575744],
      [0.092691238907, 0.5384870948, 0.3688216663]
    ],
    [
      [0.49220307048, 0.49262754833, 0.015169381185],
      [0.099311199823, 0.51182476648, 0.3888640337],
      [0.22864277995, 0.28331624883, 0.48804097122],
      [0.14165711873, 0.64495214116, 0.2133907401]
    ],
    [
      [0.49698596816, 0.49347986863, 0.0095341632027],
      [0.11717809045, 0.59869551512, 0.28412639443],
      [0.28174393057, 0.34566758706, 0.37258848236],
      [0.15511512816, 0.7001062609, 0.14477861094]
    ],
    [
      [0.34939173944, 0.63660184582, 0.014006414738],
      [0.064657704003, 0.60523624433, 0.33010605167],
      [0.16508512378, 0.37195925011, 0.46295562611],
      [0.08906392325, 0.73641875468, 0.17451732207]
    ],
    [
      [0.44441633955, 0.53966088889, 0.015922771564],
      [0.084758043021, 0.52943710652, 0.38580485046],
      [0.20045521808, 0.30121026385, 0.49833451808],
      [0.12092401713, 0.66735110786, 0.211724875]
    ],
    [
      [0.4602048539, 0.52764877516, 0.012146370944],
      [0.097668653824, 0.57606246842, 0.32626887775],
      [0.23579138402, 0.33424890786, 0.42995970812],
      [0.13339232715, 0.6950646064, 0.17154306645]
    ],
    [
      [0.54486613304, 0.43849054888, 0.016643318083],
      [0.11070447206, 0.45922869839, 0.43006682955],
      [0.24329087445, 0.2426045732, 0.51410455235],
      [0.16234575545, 0.59495516157, 0.24269908298]
    ],
    [
      [0.53752892713, 0.44891798505, 0.01355308782],
      [0.11738755938, 0.50457363857, 0.37803880205],
      [0.26388157916, 0.27260234783, 0.46351607301],
      [0.16576165647, 0.62954643632, 0.20469190722]
    ],
    [
      [0.36322473559, 0.62503183636, 0.011743428056],
      [0.071720005124, 0.63457800022, 0.29370199465],
      [0.18615901835, 0.39615549711, 0.41768548455],
      [0.096243954055, 0.75210364119, 0.15165240476]
    ],
    [
      [0.54281942529, 0.43988964223, 0.017290932486],
      [0.1086029532, 0.45503971503, 0.43635733177],
      [0.23897683042, 0.24044758039, 0.52057558919],
      [0.15988177541, 0.59167607973, 0.24844214486]
    ],
    [
      [0.47036117258, 0.51470664249, 0.014932184928],
      [0.093487162139, 0.53342699064, 0.37308584722],
      [0.22135682258, 0.30205610579, 0.47658707163],
      [0.13180008749, 0.66385690089, 0.20434301162]
    ],
    [
      [0.46647776783, 0.51965744973, 0.013864782444],
      [0.094741801216, 0.55097423879, 0.35428395999],
      [0.22696247465, 0.31545141643, 0.45758610891],
      [0.13183855732, 0.67664305697, 0.19151838571]
    ],
    [
      [0.52353747451, 0.46016974995, 0.016292775534],
      [0.10525571123, 0.4826377208, 0.41210656797],
      [0.23759467609, 0.26062372425, 0.50178159966],
      [0.15225203569, 0.61624307264, 0.23150489166]
    ],
    [
      [0.42208143858, 0.56024915402, 0.017669407393],
      [0.075759351239, 0.52464991022, 0.39959073854],
      [0.1816288231, 0.30105794164, 0.51731323526],
      [0.10914291751, 0.66725974396, 0.22359733853]
    ],
    [
      [0.49309679269, 0.48994849824, 0.01695470907],
      [0.095176052052, 0.49281061336, 0.41201333458],
      [0.21847165969, 0.27084559539, 0.51068274492],
      [0.13791105582, 0.63033375832, 0.23175518586]
    ],
    [
      [0.40286176367, 0.58058830197, 0.016549934352],
      [0.072994347676, 0.54911798262, 0.3778876697],
      [0.17874195224, 0.32170594011, 0.49955210764],
      [0.10361412943, 0.6880275208, 0.20835834977]
    ],
    [
      [0.49335098558, 0.49167823989, 0.014970774526],
      [0.099961560734, 0.51893864075, 0.38109979852],
      [0.232580188, 0.28888312846, 0.47853668354],
      [0.1415719988, 0.6487908334, 0.20963716781]
    ],
    [
      [0.41573107184, 0.56230614181, 0.02196278635],
      [0.067890644131, 0.47907765549, 0.45303170038],
      [0.15876085322, 0.26850257203, 0.57273657475],
      [0.10182753652, 0.63440764078, 0.2637648227]
    ],
    [
      [0.50001232059, 0.48648379837, 0.013503881048],
      [0.1056370442, 0.53570886004, 0.35865409575],
      [0.24726566662, 0.29989445578, 0.4528398776],
      [0.14720000139, 0.65874293519, 0.19405706342]
    ],
    [
      [0.49493662718, 0.48581034245, 0.019253030369],
      [0.090551230791, 0.46483323773, 0.44461553148],
      [0.20505993334, 0.25183313201, 0.54310693465],
      [0.13444413815, 0.60920097301, 0.25635488885]
    ],
    [
      [0.46059779036, 0.52248769539, 0.016914514245],
      [0.086552397585, 0.51270513389, 0.40074246852],
      [0.20342086362, 0.28830978977, 0.5082693466],
      [0.1245965577, 0.65140144444, 0.22400199786]
    ],
    [
      [0.48829519563, 0.49330757055, 0.018397233827],
      [0.090811729643, 0.47841578933, 0.43077248103],
      [0.20738166313, 0.26153443576, 0.53108390111],
      [0.1334450145, 0.62071587175, 0.24583911375]
    ],
    [
      [0.45906244536, 0.5258408214, 0.015096733245],
      [0.090785842665, 0.53766620261, 0.37154795472],
      [0.21592591621, 0.30614157922, 0.47793250457],
      [0.12770623855, 0.66890929501, 0.20338446644]
    ],
    [
      [0.48878587686, 0.48598199313, 0.025232130019],
      [0.079284823194, 0.40792747299, 0.51278770382],
      [0.17441049401, 0.21506451329, 0.61052499269],
      [0.1239379073, 0.56452163637, 0.31154045632]
    ],
    [
      [0.48498940447, 0.49963432261, 0.015376272916],
      [0.097377118071, 0.51850375866, 0.38411912327],
      [0.22684145164, 0.28917814284, 0.48398040552],
      [0.13803004404, 0.65011585604, 0.21185409992]
    ],
    [
      [0.36242445579, 0.62037961168, 0.017195932533],
      [0.063442036987, 0.56122849866, 0.37532946436],
      [0.15815723656, 0.33527057916, 0.50657218428],
      [0.08988907134, 0.70321328983, 0.20689763882]
    ],
    [
      [0.45651557661, 0.53247526757, 0.011009155824],
      [0.099906846404, 0.60121004526, 0.29888310834],
      [0.2462873053, 0.35493996663, 0.39877272807],
      [0.13361573072, 0.71082789856, 0.15555637073]
    ],
    [
      [0.44715418475, 0.53668591877, 0.016159896485],
      [0.085479800651, 0.52975400163, 0.38476619772],
      [0.20316733421, 0.30171309447, 0.49511957132],
      [0.12147889318, 0.66587107845, 0.21265002837]
    ],
    [
      [0.40741820862, 0.56719121931, 0.025390572066],
      [0.062506557852, 0.45003196525, 0.4874614769],
      [0.14394987842, 0.24834399567, 0.60770612591],
      [0.096079251547, 0.61248412339, 0.29143662506]
    ],
    [
      [0.48709091395, 0.50026702517, 0.012642060886],
      [0.10493664169, 0.55663407165, 0.33842928666],
      [0.24907794655, 0.31634172883, 0.43458032462],
      [0.14399031305, 0.67534730667, 0.18066238028]
    ],
    [
      [0.49380135411, 0.48345297542, 0.022745670465],
      [0.084456272185, 0.42832036178, 0.48722336604],
      [0.18740322547, 0.22772594055, 0.58487083398],
      [0.12937302144, 0.58054293453, 0.29008404403]
    ],
    [
      [0.48082494291, 0.50283444192, 0.016340615168],
      [0.094021722468, 0.50830505667, 0.39767322086],
      [0.21825950825, 0.28246694523, 0.49927354652],
      [0.13460811259, 0.64384045136, 0.22155143604]
    ],
    [
      [0.48299063992, 0.50379052228, 0.0132188378],
      [0.1021038588, 0.55028506247, 0.34761107873],
      [0.241995957, 0.31229305291, 0.4457109901],
      [0.14105646413, 0.67215817817, 0.1867853577]
    ],
    [
      [0.51493727724, 0.47214161389, 0.012921108876],
      [0.11294934868, 0.53503100378, 0.35201964755],
      [0.26183656157, 0.29684463625, 0.44131880219],
      [0.15620142585, 0.65437363238, 0.18942494177]
    ],
    [
      [0.50892745522, 0.46663387141, 0.024438673372],
      [0.084793562262, 0.4030116341, 0.51219480364],
      [0.18483248487, 0.21078801099, 0.60437950414],
      [0.13251966788, 0.55683317764, 0.31064715448]
    ],
    [
      [0.41586997029, 0.57007658553, 0.014053444182],
      [0.080834746369, 0.57547345293, 0.3436918007],
      [0.19974073045, 0.34055756291, 0.45970170665],
      [0.11192300334, 0.70353306676, 0.18454392991]
    ],
    [
      [0.51874807067, 0.46127421962, 0.019977709701],
      [0.095366382451, 0.44119814645, 0.46343547109],
      [0.21110631863, 0.23419698555, 0.55469669582],
      [0.14350641431, 0.5861128343, 0.27038075139]
    ],
    [
      [0.41087178485, 0.56943332011, 0.019694895042],
      [0.070060639825, 0.50608975655, 0.42384960363],
      [0.16663458467, 0.28830129844, 0.54506411689],
      [0.10280786022, 0.65580776814, 0.24138437165]
    ],
    [
      [0.39842818299, 0.58772454622, 0.013847270782],
      [0.076620514406, 0.58785336026, 0.33552612534],
      [0.19209224469, 0.35274635889, 0.45516139642],
      [0.10557852537, 0.7151365619, 0.17928491272]
    ],
    [
      [0.55994392433, 0.4262335785, 0.013822497168],
      [0.12412615733, 0.49051820564, 0.38535563703],
      [0.27589882357, 0.26119130294, 0.46290987349],
      [0.17570231844, 0.61289924527, 0.21139843628]
    ],
    [
      [0.45830656554, 0.53301821372, 0.008675220738],
      [0.10624389258, 0.64087429729, 0.25288181013],
      [0.26796103674, 0.38676718613, 0.34527177713],
      [0.13801826957, 0.73475312318, 0.12722860725]
    ],
    [
      [0.44458112301, 0.53936333094, 0.016055546048],
      [0.084333238462, 0.53167305972, 0.38399370182],
      [0.20098166237, 0.30365935155, 0.49535898608],
      [0.12004114045, 0.6681149887, 0.21184387085]
    ],
    [
      [0.50179779788, 0.4787278904, 0.019474311723],
      [0.092042192134, 0.45726769047, 0.45069011739],
      [0.20672608573, 0.24613728688, 0.54713662739],
      [0.13726737423, 0.60204524315, 0.26068738262]
    ],
    [
      [0.47786478275, 0.51014657447, 0.01198864278],
      [0.10315750599, 0.57151743589, 0.32532505812],
      [0.2479709673, 0.32896505688, 0.42306397582],
      [0.14058580775, 0.68755790665, 0.1718562856]
    ],
    [
      [0.41788048257, 0.56458839318, 0.017531124248],
      [0.075094178064, 0.5277018578, 0.39720396414],
      [0.18030025709, 0.30360362664, 0.51609611627],
      [0.10803626843, 0.67033223158, 0.22163149999]
    ],
    [
      [0.5261642363, 0.45570174521, 0.018134018489],
      [0.10152665982, 0.45722162487, 0.44125171531],
      [0.22575506447, 0.24374420586, 0.53050072967],
      [0.15014771864, 0.59690181759, 0.25295046377]
    ],
    [
      [0.46527749533, 0.51556368088, 0.019158823786],
      [0.083591075141, 0.48163955254, 0.43476937232],
      [0.19240055192, 0.26591278421, 0.54168666387],
      [0.12343369189, 0.62779658492, 0.24876972319]
    ]
  ],
  "expected_outcome": [
    [
      [27.2633202974, 25.4120006732, 25.7503322814, 24.1740726911, 30.0243872995, 31.8071019625, 23.7586382822, 27.9982293914, 28.9929057956, 32.1471018494, 35.4769091903, 22.8831583421, 23.3412352873, 5.1739728984, 4.1982999105, 6.2824496941, 5.4870587016, 7.8895486831, 4.8343411641, 6.9069137981, 6.6516971494, 7.0001724882, 4.4544296446, 5.5271734843, 6.8361327388, 4.5906244536, 6.843002276, 5.8198728537, 4.7115179253, 6.8477336491, 7.6016211407, 4.4816002949, 6.8192727953, 6.4194176034, 4.8082494291, 6.7618689588, 5.6643100496, 8.6517667388, 5.4063096138, 6.2249768481, 2.876102494, 3.585853647, 7.2792710163, 8.2495181798, 6.2241357222, 4.014382383, 7.645836524, 5.0145657908, 6.8401350719, 7.9097174206],
      [27.9255596942, 32.0271405486, 27.4113677734, 30.8736828099, 30.0502804482, 31.5827115925, 43.2889255156, 33.9986360001, 33.2418728349, 25.8709423837, 29.6285870136, 39.3770056904, 18.9152546157, 5.6617730674, 4.6769170475, 5.5220369994, 7.2832390023, 7.8391759718, 6.9670596237, 6.8834953585, 8.996898269, 6.8107731771, 4.3722930821, 6.2698523447, 6.9063059877, 5.258408214, 6.8037479038, 5.9956118713, 8.0649349518, 7.9871290135, 9.1236606191, 6.2391034124, 7.0037383523, 6.2848886805, 5.0283444192, 7.053067312, 5.1935577528, 7.9327758139, 7.4109956119, 5.5352906355, 3.9860332408, 5.289520916, 5.5410365205, 9.5943278469, 7.5510866331, 3.8298231232, 8.1623451915, 6.7750607182, 5.9241226877, 8.764582575],
      [0.81112000835, 0.56085877821, 0.8382999452, 1.952244499, 0.92533225227, 0.61018644497, 0.95243620217, 1.0031346085, 0.76522136944, 0.98195576692, 0.89450379613, 0.73983596754, 0.74351009691, 0.16425403421, 0.124783042, 0.19551330641, 0.22970229611, 0.27127534512, 0.19859921223, 0.20959084337, 0.3514045816, 0.18905433467, 0.17327727332, 0.20297417094, 0.25756127357, 0.15096733245, 0.35324982026, 0.184515275, 0.22354712293, 0.16513733736, 0.27471824024, 0.27929629273, 0.1769888524, 0.29569371605, 0.16340615168, 0.18506372921, 0.14213219764, 0.41545744733, 0.18269477437, 0.23973251642, 0.13786426529, 0.12462543704, 0.17969246318, 0.15615397328, 0.22477764467, 0.15579449379, 0.19181828447, 0.21037349097, 0.23574224035, 0.32570000436]
    ],
    [
      [0.8974864054, 2.1438261129, 1.5109931599, 0.72609876199, 1.3903567975, 1.2889589949, 0.77589244803, 1.1866126023, 1.2696924997, 1.660567081, 0.70432535626, 1.0040800717, 3.4752945023, 5.7027168905, 5.9687334766, 6.6311098076, 4.6970797768, 5.6153870711, 4.5986439036, 6.0976552048, 4.0055480037, 6.760770829, 5.5236250782, 5.3662486503, 5.6303272378, 1.36178764, 1.0307027015, 1.5580338891, 1.0150725918, 0.89916161764, 1.1967172091, 0.62506557852, 1.3641763419, 1.5202128993, 1.2222823921, 1.4294540231, 1.1294934868, 0.76314206036, 0.97001695642, 1.049030207, 0.98084895755, 0.61296411524, 1.3653877307, 1.5936583887, 0.84333238462, 0.82837972921, 1.7536776018, 1.0513184929, 1.2183199178, 1.3374572023],
      [4.7306986755, 13.9089240671, 8.2823017963, 4.7734407285, 7.1655467307, 6.5856506663, 7.2628349319, 7.4121194913, 7.4888120895, 6.8884304758, 3.0274418314, 8.8840920031, 14.5612708811, 32.5390464292, 34.7113770437, 30.4061764104, 32.5282944334, 29.0758261884, 34.5944329052, 31.6552570855, 28.2655816741, 34.2853670428, 28.3548275017, 31.7877183013, 29.6617789382, 8.0649930392, 5.3030571488, 8.2960601386, 8.9796559785, 5.4108904073, 7.4165560228, 4.5003196525, 7.2362429315, 7.709766512, 6.6079657367, 7.7039908746, 5.3503100378, 3.6271047069, 6.9056814352, 4.853179611, 7.0852565917, 4.7028268821, 5.395700262, 9.6131144593, 5.3167305972, 4.1154092143, 9.7157964102, 7.3878260092, 5.4866594984, 7.7062328406],
      [3.3718149191, 5.9472498199, 6.2067050438, 7.5004605095, 5.4440964718, 3.1253903387, 3.96127262, 5.4012679064, 4.2414954108, 6.4510024432, 2.2682328123, 4.1118279251, 13.9634346166, 22.7582366803, 22.3198894797, 25.962713782, 24.7746257898, 24.3087867405, 23.8069231912, 23.2470877098, 26.7288703222, 22.9538621282, 27.1215474201, 24.8460330485, 26.7078938239, 5.5732193208, 6.6662401496, 6.1459059723, 6.0052714297, 2.689947975, 5.3867267681, 4.874614769, 4.3995807266, 8.7700205887, 5.1697518712, 4.8665551023, 3.5201964755, 4.6097532327, 4.1243016084, 5.097790182, 5.9338944508, 2.6842090027, 4.2389120073, 3.793227152, 3.8399370182, 4.0562110565, 5.530525988, 5.5608554979, 5.2950205838, 6.9563099571]
    ],
    [
      [4.8693730721, 3.9314518449, 4.3926389743, 1.3386950077, 2.7437133595, 4.5079028892, 1.485766114, 2.605917835, 3.5368707603, 2.9194904934, 3.16657895, 1.8615901835, 3.5846524562, 3.5417091612, 2.7235496958, 3.5639201413, 2.7244323465, 2.840131576, 2.3236453792, 3.721283008, 2.2226519451, 2.4726566662, 2.8708390668, 2.2376294999, 3.7328699364, 13.3874068053, 10.6390401349, 14.5178529049, 9.0149624842, 15.5161002339, 11.9868727184, 9.9325416111, 14.9446767931, 10.1197741756, 14.6233870529, 13.5517735919, 17.0193765018, 6.2843044855, 2.7963702263, 2.1110631863, 2.6661533547, 2.3051069362, 2.7589882357, 1.8757272572, 2.0098166237, 2.2739869431, 2.7276806403, 2.3439033422, 2.0317955803, 1.3468038634],
      [6.1677481692, 6.1260088744, 5.7867118235, 2.1216216604, 3.399794986, 5.530681393, 3.347633251, 3.91573343, 5.0137336179, 2.9112548784, 3.2712281739, 3.9615549711, 3.6067137059, 4.8328976926, 3.7854169972, 3.9093558637, 4.5158691246, 3.52099274, 4.1821772215, 4.6221300554, 3.7590360084, 2.9989445578, 3.5256638482, 3.1714076875, 4.7076198436, 18.9807779117, 13.1189353109, 18.5074011417, 19.110423012, 22.3612178979, 17.8010725736, 17.1357357012, 18.9805037295, 12.2972007896, 18.9252853304, 17.4884109627, 19.2949013561, 7.1667923737, 4.7678058807, 2.3419698555, 4.612820775, 4.2329563067, 2.6119130294, 2.7073703029, 3.0365935155, 2.7075101556, 3.6186156257, 3.9468471463, 2.1936978527, 1.8613894894],
      [9.9628787587, 5.9425392808, 9.8206492022, 7.5396833319, 5.8564916546, 5.9614157178, 4.166600635, 6.478348735, 6.4493956218, 6.1692546282, 5.5621928761, 4.1768548455, 7.8086338379, 7.6253931461, 5.4910333069, 7.5267239949, 7.7596985289, 6.638875684, 6.4941773993, 7.6565869366, 8.0183120465, 4.528398776, 7.603497085, 5.5909628126, 9.55951022, 29.6318152831, 37.2420245542, 30.9747459534, 28.8746145038, 25.1226818682, 29.2120547079, 41.9317226877, 26.0748194774, 31.5830250348, 33.4513276167, 24.9598154453, 28.6857221421, 20.5489031408, 6.435823893, 5.5469669582, 8.7210258702, 5.4619367571, 4.6290987349, 2.4169024399, 4.9535898608, 6.0185029013, 4.653703734, 6.7092495115, 4.774506567, 3.7918066471]
    ],
    [
      [1.9698202251, 0.51272136904, 1.3460355843, 1.7611335392, 1.8415425435, 1.3960361534, 0.97970315576, 1.2092401713, 1.2005309443, 2.2728405763, 2.6521865035, 1.2511714027, 1.5988177541, 1.5816010499, 2.1094169171, 1.5225203569, 1.0914291751, 1.6549326698, 1.2433695531, 1.2741479892, 1.1201029017, 1.7664000167, 2.1511062103, 1.8689483655, 0.800670087, 1.6601811012, 1.4872548876, 1.1042403523, 1.2584469988, 1.7370044993, 1.2147889318, 0.96079251547, 1.8718740697, 1.9405953216, 1.3460811259, 2.2569034261, 2.1868199618, 5.3007867154, 6.8273032036, 9.6149297586, 6.4768951937, 7.4960753016, 11.5963530173, 8.2810961743, 7.9227152695, 9.8832509447, 7.8728052339, 6.5902123741, 9.90974943, 7.4060215137],
      [9.1759934611, 2.9379265099, 6.5196186068, 10.2312548011, 8.3843778351, 6.3009563481, 8.1006063014, 6.6735110786, 6.2555814576, 8.329372262, 10.0727429811, 9.7773473354, 5.9167607973, 7.9662828107, 10.8262889115, 6.1624307264, 6.6725974396, 7.5640050998, 8.2563302496, 5.8391175006, 6.9784840485, 7.9049152223, 9.7472155681, 9.7710216665, 3.7242952305, 8.6958208352, 6.7742596365, 5.2009268483, 9.8449860577, 9.2407626812, 6.6587107845, 6.1248412339, 8.7795149867, 8.7081440179, 6.4384045136, 10.7545308507, 9.1612308534, 22.2733271055, 42.9155170722, 39.269559898, 41.3158893926, 50.7746958952, 40.451350188, 44.0851873908, 44.0955892542, 43.3472575069, 38.5032427727, 40.8902661263, 39.3955199611, 37.6677950949],
      [2.8541863138, 0.5493521211, 2.1343458089, 7.0076116596, 2.7740796214, 1.3030074984, 1.9196905428, 2.11724875, 1.543887598, 3.3977871617, 3.2750705155, 1.9714812619, 2.4844214486, 2.4521161394, 3.0642941714, 2.3150489166, 2.2359733853, 2.7810622304, 2.5003001973, 1.8867345103, 2.9014130497, 2.3286847611, 4.1016782216, 3.360029968, 1.4750346825, 2.6439980637, 3.7384854759, 1.6948327993, 2.8965669435, 2.0222328194, 2.1265002837, 2.9143662506, 2.3486109436, 4.3512606605, 2.2155143604, 2.9885657232, 2.6519491848, 12.4258861791, 11.2571797242, 18.1155103433, 15.2072154137, 12.7292288032, 13.9522967947, 7.6337164348, 13.9816954763, 18.7694915484, 9.6239519935, 13.5195214996, 16.6947306089, 14.9261833914]
    ]
  ],
  "prob": [
    [0.46525059726, 0.5189719847, 0.015777418042],
    [0.090681379871, 0.51466286026, 0.39465575987],
    [0.21176434084, 0.29000006288, 0.49823559628],
    [0.12990368203, 0.64916509217, 0.2209312258]
  ],
  "iterations": 21,
  "time": 2.843097,
  "message": "Converged",
  "status": 0,
  "miniter": 0,
  "maxiter": 1000,
  "maxtime": 3600,
  "param_threshold": 0.001,
  "ll_threshold": "-Inf",
  "initial_prob": "group_proportional",
  "adjust_prob_cond_method": "project_lp",
  "adjust_prob_cond_every": false
}
