{
  "Z_true": {},
  "V_true": [
    [11, 589, 182, 205],
    [318, 65, 826, 21],
    [325, 125, 11949, 436],
    [211, 9848, 1895, 1072],
    [49, 199, 874, 191],
    [89, 335, 733, 729]
  ],
  "p_true": [
    [0.0111, 0.5968, 0.1844, 0.2077],
    [0.2585, 0.0528, 0.6715, 0.0171],
    [0.0253, 0.0097, 0.931, 0.034],
    [0.0162, 0.756, 0.1455, 0.0823],
    [0.0373, 0.1516, 0.6657, 0.1455],
    [0.0472, 0.1776, 0.3887, 0.3865]
  ],
  "Z_est": [
    [
      [0.3246, 3.787, 5.951, 0.7574, 2.0558, 1.623, 4.6526, 0.3246, 1.5148, 0.7574, 3.787, 5.1936, 7.1412, 1.9476, 4.0034, 0, 4.328, 1.082, 2.705, 4.2198, 3.8952, 2.0558, 5.7346, 6.1674, 5.5182, 4.4362, 0.8656, 0.7574, 2.4886, 0.4328, 8.3314, 0.541, 8.4397, 0.7574],
      [1.38, 11.3909, 16.3938, 2.0428, 6.3513, 4.136, 12.58, 0.8682, 2.8742, 1.9404, 9.6167, 12.6621, 19.2359, 5.5672, 11.6285, 0.4082, 17.0684, 3.6615, 6.774, 9.7335, 9.5819, 6.9655, 20.063, 17.1261, 16.0552, 13.5878, 3.2193, 2.3498, 6.9117, 2.4751, 26.0358, 2.897, 24.6704, 1.9559],
      [1.1808, 18.4843, 30.5529, 3.9323, 9.8666, 8.6676, 24.1238, 1.6926, 9.0758, 4.0346, 20.2585, 28.3095, 37.1002, 9.7972, 19.9539, 1.5154, 17.0746, 4.8742, 14.5654, 23.5559, 21.1468, 9.2525, 25.1765, 31.5277, 27.4772, 21.4088, 3.6093, 3.6252, 12.7205, 0.9392, 39.6896, 1.3709, 41.9086, 4.0191],
      [0.1147, 1.3378, 2.1023, 0.2676, 0.7262, 0.5733, 1.6436, 0.1147, 0.5351, 0.2676, 1.3378, 1.8347, 2.5227, 0.688, 1.4143, 0.0764, 1.5289, 0.3822, 0.9556, 1.4907, 1.376, 0.7262, 2.0258, 2.1787, 1.9494, 1.5671, 0.3058, 0.2676, 0.8791, 0.1529, 2.9432, 0.1911, 2.9814, 0.2676]
    ],
    [
      [1.4156, 8.7827, 11.6874, 2.1335, 5.1245, 2.1234, 7.7298, 0.7078, 1.6946, 1.758, 8.4504, 10.5104, 15.0032, 5.6953, 8.3438, 0, 7.7527, 2.0169, 5.6052, 12.6716, 14.559, 8.2879, 14.559, 9.6071, 12.7909, 9.7339, 2.8844, 1.7048, 4.3101, 1.8443, 16.6547, 3.9043, 32.5967, 5.6826],
      [0.9137, 6.4445, 8.8064, 1.099, 3.6766, 2.0841, 6.6708, 0.4569, 1.0772, 1.0062, 4.8912, 6.2139, 10.1588, 3.0605, 6.4228, 0.1523, 6.6349, 0.9833, 3.5432, 4.7168, 4.9242, 4.2625, 12.2977, 9.2012, 8.9615, 7.8104, 1.9685, 1.3557, 3.788, 2.2476, 14.971, 2.054, 13.8154, 6.9724],
      [3.6539, 23.6634, 38.3407, 8.7338, 21.1148, 4.7673, 29.476, 1.8269, 3.2113, 8.2049, 23.5546, 24.1607, 37.6613, 11.188, 18.1408, 0.8449, 22.5086, 1.9859, 26.7506, 57.4012, 63.2839, 31.3261, 55.9104, 30.0541, 47.054, 41.2902, 9.1078, 5.9143, 14.8374, 4.8828, 38.1779, 7.0052, 61.2848, 17.2608],
      [0.0168, 0.1094, 0.1655, 0.0337, 0.0842, 0.0253, 0.1235, 0.0084, 0.0168, 0.0309, 0.1038, 0.115, 0.1768, 0.0561, 0.0926, 0.0028, 0.1038, 0.014, 0.101, 0.2104, 0.2329, 0.1235, 0.2329, 0.1375, 0.1936, 0.1655, 0.0393, 0.0253, 0.0645, 0.0253, 0.1964, 0.0365, 0.303, 0.0842]
    ],
    [
      [1.7958, 6.1426, 8.5974, 1.4976, 1.4464, 0.7547, 2.0963, 0.5933, 1.1591, 0.4193, 6.9223, 12.0178, 11.1508, 6.607, 8.5461, 0, 5.224, 2.6284, 1.3416, 6.6986, 7.8397, 5.4306, 6.7211, 2.9348, 6.4714, 2.4317, 1.5204, 0.5031, 1.553, 0.6393, 12.9937, 6.4605, 51.4799, 3.3289],
      [3.1883, 3.476, 7.8256, 1.0065, 3.4465, 3.3001, 9.9732, 0.5582, 0.0624, 0.0571, 5.3978, 4.7957, 8.4382, 0.1766, 16.7221, 0.0088, 3.6763, 6.9128, 3.514, 4.0898, 5.0774, 4.3131, 25.4307, 7.9301, 7.8675, 6.0272, 0.8118, 2.8345, 2.7863, 3.7657, 10.4259, 0.1186, 0.7933, 1.1249],
      [77.3952, 544.9568, 559.2617, 86.7285, 239.1744, 184.5913, 536.6862, 37.6791, 135.8007, 168.0967, 406.4958, 522.1585, 569.5348, 232.1575, 397.0495, 33.0334, 268.1395, 133.9162, 140.1728, 291.3866, 296.1268, 297.9876, 686.6965, 616.4432, 541.9724, 415.499, 57.4629, 104.8569, 119.546, 227.2779, 697.0816, 181.1856, 1035.9685, 81.695],
      [8.6207, 69.4246, 55.3153, 6.7674, 34.9327, 19.3539, 74.2443, 1.1693, 5.9779, 19.427, 75.1842, 79.028, 87.8763, 46.0589, 57.6823, 5.9578, 39.9602, 17.5426, 28.9716, 27.8251, 39.9561, 43.2687, 68.1518, 82.6918, 77.6887, 57.0421, 10.2048, 10.8055, 29.1146, 35.3171, 103.4988, 31.2353, 187.7582, 10.8512]
    ],
    [
      [1.0484, 6.6791, 5.8816, 1.2482, 2.1885, 1.7667, 3.4196, 0.5294, 1.4235, 0.6839, 6.0764, 8.0926, 14.4508, 5.13, 6.7038, 0, 5.2324, 2.0686, 2.1885, 6.5605, 10.3534, 5.9026, 6.4288, 4.7874, 6.0184, 3.9667, 3.6788, 0.9783, 2.0517, 1.567, 15.2107, 3.9636, 31.2429, 6.2811],
      [53.8105, 397.0918, 538.431, 66.1331, 223.4405, 126.7937, 401.9052, 27.7247, 65.987, 61.096, 295.6067, 379.2415, 621.9379, 189.0642, 384.1654, 9.0961, 443.9314, 131.6241, 206.6271, 276.7261, 287.4342, 256.9594, 739.9994, 565.1523, 545.6419, 477.6928, 122.0726, 81.2663, 228.4146, 138.7124, 927.5431, 128.2682, 851.3497, 122.4403],
      [9.7328, 94.0819, 186.6874, 15.0973, 60.6856, 27.4534, 86.8122, 5.7458, 25.999, 30.6359, 64.0051, 84.682, 95.1352, 45.2919, 75.1846, 4.816, 50.8239, 26.296, 40.3729, 66.7134, 60.2124, 93.2023, 145.5718, 134.6065, 136.3397, 174.8113, 15.8229, 17.1272, 39.3792, 32.6276, 189.8848, 32.7253, 205.5288, 13.2786],
      [0.4083, 3.1472, 0, 0.5214, 1.6854, 0.9863, 4.863, 0, 0.5905, 0.5842, 2.3117, 2.9839, 6.4761, 1.5139, 2.9462, 0.0879, 2.0123, 1.0114, 8.8115, 0, 0, 3.9357, 0, 4.4538, 0, 1.5293, 3.4258, 0.6282, 8.1545, 1.093, 9.3615, 1.0428, 6.8786, 0]
    ],
    [
      [0, 0, 0, 0, 0, 0, 0, 0, 0, 0, 0, 0, 0, 0, 0, 0, 0, 0, 0, 0, 0, 0, 0, 0, 0, 0, 0, 0, 0, 0, 0, 0, 0, 0],
      [0.4455, 3.1483, 4.2918, 0.5272, 1.782, 1.0247, 3.2522, 0.2228, 0.5272, 0.4826, 2.3761, 3.0295, 4.96, 1.4925, 3.1483, 0.0743, 3.5418, 1.0767, 1.6558, 2.2201, 2.3092, 2.0494, 5.9921, 4.5071, 4.3512, 3.7943, 0.7239, 0.6608, 1.972, 1.1064, 7.3509, 1.0024, 6.7049, 0],
      [7.5545, 61.8517, 80.7082, 3.4728, 22.218, 26.9753, 61.7478, 1.7772, 3.4728, 5.5174, 33.6239, 46.9705, 67.04, 15.5075, 38.8517, 2.9257, 42.4582, 20.9233, 16.3442, 46.7799, 38.6908, 35.9506, 99.0079, 67.4929, 75.6488, 40.2057, 7.2761, 4.3392, 17.028, 38.8936, 99.6491, 21.9976, 70.2951, 8],
      [0, 0, 0, 0, 0, 0, 0, 0, 0, 0, 0, 0, 0, 0, 0, 0, 0, 0, 0, 0, 0, 0, 0, 0, 0, 0, 0, 0, 0, 0, 0, 0, 0, 0]
    ],
    [
      [1.4157, 10.6086, 10.8826, 1.3633, 5.1848, 2.7322, 7.1017, 0.8448, 2.208, 1.3814, 9.7639, 11.1856, 16.254, 7.6201, 9.4028, 0, 7.4629, 3.2041, 4.1596, 8.8495, 10.3526, 7.323, 13.5564, 11.5032, 13.201, 8.4315, 2.0508, 2.0564, 4.5965, 2.5167, 17.8095, 4.1306, 35.2408, 3.95],
      [0.262, 2.4484, 2.2514, 0.1915, 1.3031, 0.6613, 3.6186, 0.1693, 0.472, 0.4177, 2.1115, 2.0572, 3.2692, 1.639, 1.9129, 0.2604, 2.1472, 0.7416, 0.8859, 1.5136, 1.6731, 1.4502, 3.2171, 3.0832, 3.1228, 2.0876, 0.204, 0.5328, 1.1274, 0.6928, 3.6733, 0.6597, 5.6662, 0.5064],
      [2.4828, 28.962, 24.4491, 1.0352, 15.9406, 7.5451, 25.1541, 3.2783, 6.4404, 4.5105, 23.0621, 18.7187, 35.5286, 20.0579, 19.8196, 4.8646, 14.9952, 9.0044, 7.7941, 17.1631, 17.5393, 15.2809, 38.6369, 37.8755, 38.5079, 23.785, 0.7209, 7.1373, 12.4889, 6.3788, 36.517, 4.7154, 54.0142, 4.7465],
      [4.8395, 44.9809, 38.4169, 3.41, 23.5714, 12.0613, 42.1257, 1.7076, 7.8797, 8.6904, 41.0625, 40.0384, 58.9482, 30.683, 34.8647, 4.875, 26.3947, 13.0498, 17.1603, 25.4738, 29.435, 26.9459, 53.5895, 55.5381, 55.1683, 36.6959, 5.0244, 9.2735, 20.7872, 14.4117, 65.0001, 13.4943, 108.0788, 8.7971]
    ]
  ],
  "V_est": [
    [106.5776, 310.2081, 532.4881, 37.7261],
    [258.3265, 173.6431, 794.5792, 3.4513],
    [195.9472, 165.9333, 10924.215, 1548.9045],
    [183.8038, 10373.381, 2387.3707, 81.4444],
    [0, 81.8038, 1231.1962, 0],
    [258.3448, 56.0307, 589.1508, 982.4736]
  ],
  "p_est": [
    [0.108, 0.3143, 0.5395, 0.0382],
    [0.21, 0.1412, 0.646, 0.0028],
    [0.0153, 0.0129, 0.8511, 0.1207],
    [0.0141, 0.7964, 0.1833, 0.0063],
    [0, 0.0623, 0.9377, 0],
    [0.137, 0.0297, 0.3124, 0.5209]
  ],
  "EI_Z": {},
  "EI_V": 11.2105,
  "MAE_Z": {},
  "MAE_V": 292.1927,
  "MAE_p": 0.1004,
  "runtime": 1.068
}
