{
  "X": [
    [4, 4, 7, 17, 18, 1],
    [1, 8, 6, 15, 17, 1],
    [1, 7, 4, 8, 10, 0],
    [6, 15, 25, 90, 118, 8],
    [0, 3, 1, 6, 4, 0],
    [9, 24, 39, 51, 50, 4],
    [34, 84, 100, 305, 385, 32],
    [70, 103, 180, 324, 454, 48],
    [39, 38, 61, 172, 234, 21],
    [62, 94, 213, 481, 785, 52],
    [63, 47, 85, 296, 476, 19],
    [78, 87, 127, 354, 470, 39],
    [5, 18, 19, 41, 28, 5],
    [3, 8, 20, 40, 18, 2],
    [75, 41, 70, 238, 395, 31],
    [0, 5, 1, 3, 0, 0],
    [3, 13, 4, 24, 12, 6],
    [2, 0, 2, 6, 16, 0],
    [0, 3, 0, 2, 11, 0],
    [32, 70, 61, 201, 274, 17],
    [15, 36, 49, 119, 116, 12],
    [5, 8, 10, 43, 27, 2],
    [22, 67, 98, 218, 122, 21],
    [15, 40, 34, 105, 168, 14],
    [69, 177, 167, 494, 441, 44],
    [5, 24, 35, 77, 62, 7],
    [25, 82, 85, 262, 206, 18],
    [1, 2, 8, 9, 9, 1],
    [34, 107, 63, 282, 318, 27],
    [47, 93, 73, 312, 383, 41],
    [53, 107, 88, 451, 820, 41],
    [2, 4, 2, 20, 11, 1],
    [16, 21, 25, 125, 254, 12],
    [5, 10, 14, 53, 94, 2],
    [45, 50, 79, 265, 398, 29],
    [40, 42, 70, 317, 529, 35],
    [57, 30, 32, 224, 500, 15],
    [63, 65, 68, 361, 625, 27],
    [99, 75, 112, 550, 1169, 32],
    [3, 18, 18, 42, 66, 6],
    [4, 9, 14, 29, 40, 3],
    [1, 1, 1, 7, 7, 1],
    [411, 476, 593, 2364, 3794, 267],
    [61, 218, 192, 604, 568, 78],
    [102, 363, 345, 1003, 805, 116],
    [38, 224, 170, 706, 659, 23]
  ],
  "W": [
    [7, 11, 29, 1, 3],
    [9, 8, 28, 1, 2],
    [7, 7, 13, 0, 3],
    [29, 31, 178, 5, 19],
    [5, 3, 5, 0, 1],
    [31, 52, 73, 3, 18],
    [136, 129, 578, 18, 79],
    [129, 237, 654, 47, 112],
    [55, 79, 359, 35, 37],
    [136, 277, 1073, 46, 155],
    [77, 124, 689, 31, 65],
    [132, 179, 693, 44, 107],
    [27, 19, 64, 2, 4],
    [27, 21, 36, 5, 2],
    [65, 99, 558, 33, 95],
    [3, 3, 3, 0, 0],
    [17, 12, 29, 3, 1],
    [1, 1, 22, 0, 2],
    [3, 2, 11, 0, 0],
    [107, 99, 387, 24, 38],
    [53, 72, 171, 13, 38],
    [17, 14, 51, 4, 9],
    [136, 121, 227, 29, 35],
    [50, 46, 231, 17, 32],
    [270, 283, 708, 43, 88],
    [41, 53, 92, 16, 8],
    [149, 145, 317, 32, 35],
    [3, 7, 16, 0, 4],
    [152, 102, 493, 35, 49],
    [152, 111, 573, 44, 69],
    [111, 141, 1162, 50, 96],
    [5, 6, 24, 1, 4],
    [27, 32, 350, 12, 32],
    [12, 12, 141, 5, 8],
    [60, 105, 596, 22, 83],
    [72, 120, 750, 26, 65],
    [49, 56, 658, 22, 73],
    [105, 101, 889, 25, 89],
    [124, 161, 1565, 63, 124],
    [23, 23, 89, 8, 10],
    [7, 21, 60, 3, 8],
    [4, 1, 12, 0, 1],
    [802, 881, 5340, 315, 567],
    [312, 262, 968, 72, 107],
    [487, 430, 1541, 106, 170],
    [378, 236, 1078, 18, 110]
  ],
  "method": "mvn_cdf",
  "mvncdf_method": "genz",
  "mvncdf_samples": 5000,
  "mvncdf_error": 0.001,
  "cond_prob": [
    [
      [0.00042364832425, 0.43179805822, 0.054246900569, 0.50445670831, 0.0059503366169, 0.0031243479597],
      [0.024879029026, 0.063882581894, 0.55959494973, 0.32769359737, 0.002315624176, 0.021634217796],
      [0.061349165247, 0.0088581907717, 0.0071669920357, 0.31576333944, 0.59414588842, 0.012716424089],
      [0.4462915519, 0.0072098161379, 0.025906385437, 0.19628065826, 0.071368448885, 0.25294313938],
      [0.49931593279, 0.0035359476999, 0.076992698155, 0.17025198961, 0.21042552155, 0.039477910192]
    ],
    [
      [3.2023600186e-06, 0.69291738622, 0.042497883756, 0.2624857123, 0.00050198350541, 0.0015938318525],
      [0.0047882215674, 0.13469993888, 0.60662039298, 0.23722826352, 0.0012002103091, 0.015462972741],
      [0.018389821247, 0.021778853034, 0.012600839673, 0.35353033719, 0.5808069702, 0.012893178655],
      [0.12434437753, 0.037442396817, 0.053535450642, 0.28450893209, 0.11952287751, 0.38064596541],
      [0.16120301688, 0.019446865575, 0.17909847044, 0.27822205386, 0.30188121142, 0.060148381825]
    ],
    [
      [2.6539616819e-05, 0.74828848911, 0.024148331419, 0.22753663985, 0, 0],
      [0.0096013260669, 0.20755194702, 0.48721642121, 0.2956303057, 0, 0],
      [0.021140084829, 0.016607651589, 0.0095339557872, 0.27610050563, 0.67661780217, 0],
      ["NaN", "NaN", "NaN", "NaN", "NaN", "NaN"],
      [0.21926127915, 0.031072492144, 0.098835102126, 0.24950826931, 0.40132285727, 0]
    ],
    [
      [9.2839335085e-06, 0.40521817035, 0.068580025417, 0.51923891712, 0.0027204222611, 0.0042331809166],
      [0.0053911452278, 0.058321861207, 0.5915686371, 0.31334294138, 0.0033836336449, 0.027991781446],
      [0.013014657833, 0.0072597302758, 0.0091061524006, 0.32999869399, 0.62336686374, 0.017253901768],
      [0.13019815914, 0.0092598048562, 0.042897794318, 0.2671402436, 0.070767464233, 0.47973653385],
      [0.15078975652, 0.0053770709969, 0.14932460074, 0.27120902492, 0.34226716027, 0.081032386562]
    ],
    [
      [0, 0.49471620734, 0.016514808053, 0.48876898461, 0, 0],
      [0, 0.11892971779, 0.28690304651, 0.5941672357, 0, 0],
      [0, 0.023057087132, 0.0044048406339, 0.27039657688, 0.70214149535, 0],
      ["NaN", "NaN", "NaN", "NaN", "NaN", "NaN"],
      [0, 0.054344374275, 0.034692617038, 0.42167048545, 0.48929252324, 0]
    ],
    [
      [0.00015119956444, 0.57097230243, 0.066288122182, 0.35983707191, 0.00024345817498, 0.0025078457465],
      [0.011001944941, 0.094691067351, 0.63421158659, 0.24028874752, 0.001528034828, 0.018278618774],
      [0.034407938969, 0.016052132993, 0.011981560566, 0.31220325489, 0.61248131548, 0.012873797105],
      [0.26946968368, 0.015671657416, 0.048694135917, 0.23895377352, 0.071477302572, 0.35573344689],
      [0.28350128227, 0.0087279134327, 0.16362941004, 0.21346316514, 0.27707928043, 0.053598948681]
    ],
    [
      [5.9264460168e-06, 0.49103373022, 0.062039311412, 0.44216894538, 0.00038750497956, 0.004364581563],
      [0.008447812231, 0.079510157509, 0.57669981637, 0.29670710742, 0.005850488059, 0.032784618415],
      [0.022688697585, 0.010777491143, 0.009090619248, 0.31769988272, 0.62069960447, 0.019043704838],
      [0.17745292285, 0.010453165808, 0.038344990326, 0.2228517052, 0.044729959225, 0.50616725658],
      [0.21014185329, 0.0068994367863, 0.14207328589, 0.23984738817, 0.31168450274, 0.089353533127]
    ],
    [
      [4.6965204695e-05, 0.55516079326, 0.066639290825, 0.37413065931, 0.00011330485468, 0.0039089865451],
      [0.012257844221, 0.089863343049, 0.6170969591, 0.24846739685, 0.003156906331, 0.029157550445],
      [0.035355557857, 0.013189978396, 0.010532046214, 0.28430838245, 0.63830922261, 0.018304812475],
      [0.24420589032, 0.013337977941, 0.042219362747, 0.19698353079, 0.076341480601, 0.4269117576],
      [0.29007697076, 0.0074420940402, 0.14535074914, 0.19334342701, 0.28745460446, 0.076332154592]
    ],
    [
      [0, 0.49813539314, 0.066911897701, 0.43178995501, 5.8215431596e-05, 0.0031045387218],
      [0.014628608883, 0.076856553591, 0.60068778764, 0.28025557747, 0.0054981990171, 0.022073273405],
      [0.040200605982, 0.010885861946, 0.0097896131279, 0.30859206544, 0.61687638508, 0.013655468418],
      [0.31770922422, 0.011402208669, 0.041475794055, 0.2224597774, 0.059096866573, 0.34785612908],
      [0.33222971629, 0.0060482135544, 0.1324158513, 0.20380319328, 0.27122777985, 0.054275245721]
    ],
    [
      [0, 0.47191609065, 0.071735978322, 0.45252627949, 0.00012522766037, 0.0036964238771],
      [0.0079494859551, 0.069723411157, 0.60923375827, 0.28386160218, 0.0038709305992, 0.025360811833],
      [0.019288488849, 0.0084552963505, 0.0088227432386, 0.27510004315, 0.67449399643, 0.013839431977],
      [0.18168436519, 0.011433794407, 0.046138837077, 0.24604765762, 0.10116171108, 0.41353363464],
      [0.19834814875, 0.0058550919591, 0.14772236069, 0.2214595073, 0.35822725407, 0.068387637229]
    ],
    [
      [0, 0.43184207871, 0.05995904128, 0.50540961145, 0.00021443035425, 0.0025748382058],
      [0.01897246571, 0.068400777812, 0.54826216623, 0.3400576385, 0.0048041071754, 0.019502844581],
      [0.039253071232, 0.0068197466558, 0.0071268768029, 0.28216367743, 0.65645369452, 0.0081829333551],
      [0.35194181826, 0.0092272535204, 0.033958486337, 0.24258487027, 0.098040487081, 0.26424708453],
      [0.34910541242, 0.0043325105456, 0.099007907935, 0.19977550795, 0.30849121456, 0.039287446588]
    ],
    [
      [1.8308596682e-05, 0.4880112582, 0.058510213268, 0.44923877146, 0.00053365382834, 0.003687794647],
      [0.016113160492, 0.08154591868, 0.55944985108, 0.30992234955, 0.0047919626323, 0.028176757568],
      [0.038841774961, 0.0099524017333, 0.0081272805483, 0.29984340854, 0.62800441386, 0.01523072035],
      [0.29219553653, 0.010743155971, 0.03388990206, 0.21745812368, 0.077826724869, 0.3678865569],
      [0.33027452226, 0.0057577683184, 0.11225950836, 0.20434338351, 0.28448936152, 0.062875456034]
    ],
    [
      [0.0011933955272, 0.56396556913, 0.095418841903, 0.33328977677, 0.0011418267193, 0.0049905899493],
      [0.0080184776579, 0.066341762202, 0.73106481807, 0.16469768646, 0.0010836970728, 0.028793558534],
      [0.05010771433, 0.023105017987, 0.021539047753, 0.43619476176, 0.42877904802, 0.040274410145],
      [0.19551342591, 0.0068494643932, 0.050623870368, 0.12184803156, 0.014191332472, 0.6109738753],
      [0.30437666908, 0.0050040179132, 0.26342823209, 0.1779397921, 0.11958467398, 0.12966661483]
    ],
    [
      [0.0042645140143, 0.27485614918, 0.12679114402, 0.59149666516, 0.0013017857059, 0.0012897419202],
      [0.0071130669466, 0.020908479305, 0.70404877181, 0.25752860646, 0.0022238579334, 0.008177217551],
      [0.029603544054, 0.0028193213339, 0.021959133127, 0.45938682025, 0.47762257406, 0.0086086071738],
      [0.2233371287, 0.0069410886766, 0.089327749588, 0.34056292345, 0.06193418552, 0.27789692406],
      [0.27653524314, 0.0018024477177, 0.27722368143, 0.19037457938, 0.20703358782, 0.047030460512]
    ],
    [
      [0, 0.449894498, 0.058275268717, 0.48677096492, 0.00039844428703, 0.0046608240754],
      [0.022552054944, 0.071588243814, 0.53614010171, 0.32892329552, 0.006398691725, 0.034397612279],
      [0.044517590789, 0.0072201459085, 0.0068731599851, 0.2705365563, 0.654442268, 0.016410279021],
      [0.33713134747, 0.0076239493269, 0.026276118962, 0.1856961279, 0.077265548566, 0.36600690778],
      [0.38738101509, 0.0040967341889, 0.088756865963, 0.17588537252, 0.28012717887, 0.063752833359]
    ],
    [
      [0, 0.9126934269, 0.031112537652, 0.056194035452, 0, 0],
      [0, 0.54936202211, 0.26719552349, 0.18344245439, 0, 0],
      [0, 0.20461121766, 0.035025272189, 0.76036351015, 0, 0],
      ["NaN", "NaN", "NaN", "NaN", "NaN", "NaN"],
      ["NaN", "NaN", "NaN", "NaN", "NaN", "NaN"]
    ],
    [
      [4.3351202369e-05, 0.61511399134, 0.016917063268, 0.35230662896, 0.0048732859598, 0.010745679268],
      [0.021703279872, 0.15504417004, 0.29717177637, 0.39014373438, 0.0038859137892, 0.13205112555],
      [0.06282276769, 0.021901920903, 0.0025921217971, 0.44441704515, 0.40511057382, 0.063155570641],
      [0.12432876821, 0.014205627686, 0.0055746411795, 0.11213155278, 0.019717395592, 0.72404201456],
      [0.54397710346, 0.004759517525, 0.05445315235, 0.1045735274, 0.063164345657, 0.2290723536]
    ],
    [
      [0.071776789449, 0, 0.26234194036, 0.66588127019, 0, 0],
      [0.0062505680307, 0, 0.95802797272, 0.034881662122, 0.00083979712908, 0],
      [0.052899689053, 0, 0.020759923589, 0.22883011166, 0.6975102757, 0],
      ["NaN", "NaN", "NaN", "NaN", "NaN", "NaN"],
      [0.37908974168, 0, 0.16145588398, 0.13248730557, 0.32696706877, 0]
    ],
    [
      [0, 0.80689186525, 0, 0.14784855445, 0.045259580298, 0],
      [0, 0.28284667702, 0, 0.68924914788, 0.027904175101, 0],
      [0, 0.0012391863824, 0, 0.016177821899, 0.98258299172, 0],
      ["NaN", "NaN", "NaN", "NaN", "NaN", "NaN"],
      ["NaN", "NaN", "NaN", "NaN", "NaN", "NaN"]
    ],
    [
      [9.5727775722e-05, 0.51975388862, 0.044928718183, 0.43243343641, 2.2214258065e-05, 0.0027660147584],
      [0.015947701982, 0.10043128403, 0.5026289181, 0.34979881511, 0.0058499853437, 0.02534329543],
      [0.031957653109, 0.010028048547, 0.0056639756508, 0.27461245361, 0.66682323675, 0.010914632325],
      [0.28125575536, 0.013315247393, 0.030025758785, 0.24188892239, 0.10151510116, 0.3319992149],
      [0.29718907236, 0.0064004230039, 0.092625986169, 0.21103120849, 0.34003998614, 0.052713323835]
    ],
    [
      [6.3575434358e-05, 0.50519008518, 0.051469648984, 0.43718024976, 0.0030262916174, 0.0030701490213],
      [0.0083701231509, 0.092409551893, 0.54367469368, 0.32829579432, 0.0029525396377, 0.024297297313],
      [0.021954283148, 0.012332976358, 0.008592874641, 0.34228279861, 0.60056304047, 0.014274026773],
      [0.1806631959, 0.015459463894, 0.040723273297, 0.2861875303, 0.09126590903, 0.38570062758],
      [0.21818888606, 0.006882256875, 0.13496701427, 0.26161455566, 0.30906018297, 0.069287104173]
    ],
    [
      [0.0013303836489, 0.38246377428, 0.05113307514, 0.56259225664, 0.00099667418662, 0.0014838361032],
      [0.010249061182, 0.061973268344, 0.51782328287, 0.39348940536, 0.0033243069256, 0.013140675321],
      [0.031667558004, 0.010378934206, 0.011153307534, 0.45676570802, 0.48198395763, 0.0080505346038],
      [0.23009767823, 0.011666680263, 0.040412651807, 0.38815126318, 0.072071006794, 0.25760071972],
      [0.25538449448, 0.0060553016611, 0.12786027456, 0.34215820002, 0.22967226394, 0.038869465341]
    ],
    [
      [0.00067398419304, 0.42149168681, 0.079754148933, 0.49375530903, 0.00080207106139, 0.0035227999649],
      [0.0080672794959, 0.055599745288, 0.6262689002, 0.28697048129, 0.0024085739648, 0.020685019758],
      [0.030828107578, 0.010597321176, 0.013529360753, 0.43139750908, 0.49565384221, 0.017993859205],
      [0.19969836013, 0.010735313924, 0.055248140688, 0.28300308484, 0.054432118338, 0.39688298208],
      [0.23265612762, 0.0066470115129, 0.19147250999, 0.28547216325, 0.21450077922, 0.069251408404]
    ],
    [
      [6.7905765403e-06, 0.60906558881, 0.045960067608, 0.34158807238, 0.00049468768316, 0.0028847929452],
      [0.0086801476461, 0.1230516911, 0.5460067547, 0.28957476497, 0.0063834246607, 0.02630321692],
      [0.020604448717, 0.014044105067, 0.0080896942236, 0.27430707722, 0.66876445013, 0.01419022464],
      [0.18715410262, 0.018858388633, 0.038466943347, 0.23950281477, 0.094946994853, 0.42107075578],
      [0.20809769629, 0.010048809113, 0.12696964065, 0.22386482821, 0.36196691216, 0.069052113575]
    ],
    [
      [1.1595054808e-05, 0.51282176944, 0.043916153666, 0.4397259761, 0.00010851969643, 0.0034159860438],
      [0.015135088133, 0.10103963187, 0.49476322683, 0.35494427959, 0.0033226172799, 0.030795156295],
      [0.036729712043, 0.012360146218, 0.0070630838487, 0.34379330656, 0.58365451503, 0.016399236293],
      [0.26105367686, 0.013077059895, 0.029008142172, 0.24145935299, 0.06960020691, 0.38580156117],
      [0.31231471775, 0.0071660151579, 0.10087081635, 0.23904934209, 0.27057038013, 0.070028728531]
    ],
    [
      [4.2894715828e-05, 0.45499091174, 0.058350225436, 0.47824684896, 0.0067939489996, 0.0015751701455],
      [0.0040276833306, 0.077219082948, 0.56070560476, 0.33608430569, 0.0091931683016, 0.012770154969],
      [0.010857045073, 0.011117854696, 0.010080637954, 0.34135015154, 0.61988445207, 0.00670985867],
      [0.16655553514, 0.011030100689, 0.046081822324, 0.362844734, 0.0804879719, 0.33299983595],
      [0.14012967391, 0.0066796224129, 0.15318948198, 0.29621016319, 0.36462912877, 0.039161929735]
    ],
    [
      [0.00021185897486, 0.44541452017, 0.046141075348, 0.50579433821, 0.0003208910018, 0.0021173162912],
      [0.010918985847, 0.082344058703, 0.48993863186, 0.39219349941, 0.0046739447034, 0.019930879471],
      [0.024610857056, 0.0097021133563, 0.0070520704377, 0.34645411561, 0.60277349942, 0.00940734412],
      [0.22773882802, 0.012546606675, 0.034634014236, 0.31864489976, 0.091060390865, 0.31537526045],
      [0.23702559662, 0.0061796181336, 0.10685952483, 0.27845699292, 0.32232381238, 0.049154455113]
    ],
    [
      [0.00013773184447, 0.4914073364, 0.14565024806, 0.34858301002, 0, 0.014221673669],
      [0.0031877507537, 0.033910419987, 0.83310261718, 0.11325673264, 0, 0.016542479433],
      [0.026060853368, 0.016161370636, 0.015873827867, 0.39302986067, 0.51579494003, 0.033079147431],
      ["NaN", "NaN", "NaN", "NaN", "NaN", "NaN"],
      [0.14007472383, 0.007455780179, 0.36933742242, 0.21824401768, 0.18682023988, 0.078067816015]
    ],
    [
      [0.00010032414171, 0.56788054085, 0.037235516133, 0.39201954935, 4.2516451234e-05, 0.0027215530715],
      [0.011319334284, 0.12484335488, 0.47203870415, 0.35983386378, 0.004639900593, 0.027324842318],
      [0.026642918637, 0.013919000728, 0.0062374805875, 0.33199203222, 0.6070672425, 0.01414132533],
      [0.21617248709, 0.017473111231, 0.030481489929, 0.2676551506, 0.080911196352, 0.3873065648],
      [0.24753434075, 0.0096838640881, 0.10306782955, 0.25857086199, 0.31437194319, 0.06677116043]
    ],
    [
      [8.203814438e-05, 0.49789728442, 0.045423739304, 0.45230863357, 0, 0.0042883045592],
      [0.013639860698, 0.093831825941, 0.49273487833, 0.35760919772, 0.0038250889249, 0.038359148389],
      [0.030346566776, 0.010398626636, 0.0061775160827, 0.3103292742, 0.62452878502, 0.018219231286],
      [0.2162760044, 0.010996175005, 0.026462747601, 0.22093035844, 0.074356428037, 0.45097828651],
      [0.26911273491, 0.0066961641373, 0.097071630744, 0.2320993748, 0.31085128233, 0.084168813076]
    ],
    [
      [0, 0.6254125206, 0.036188458484, 0.33601172823, 0.00011188560484, 0.002275407075],
      [0.009545254242, 0.14057595797, 0.46969941427, 0.35051568376, 0.0045493171979, 0.025114372555],
      [0.019165358298, 0.013510745117, 0.0056720095759, 0.28195721158, 0.66848595119, 0.011208724245],
      [0.19352522334, 0.020892859496, 0.031908784546, 0.27091332323, 0.11309136431, 0.36966844508],
      [0.20528866294, 0.01056115978, 0.099678638969, 0.24062542439, 0.38448836957, 0.05935774435]
    ],
    [
      [0.0016969132876, 0.52834503954, 0.01455551568, 0.45223248467, 0.0010549107535, 0.002115136066],
      [0.011537397837, 0.13425852494, 0.27470994886, 0.55479423479, 0.0034257977367, 0.021274095838],
      [0.031861741526, 0.020307330121, 0.0021345680552, 0.51196484231, 0.41954855301, 0.014182964974],
      [0.17532735548, 0.018487631052, 0.01493258664, 0.42100077676, 0.064584595202, 0.30566705487],
      [0.24557047361, 0.011715024682, 0.053200127114, 0.42547879392, 0.21010519807, 0.053930382602]
    ],
    [
      [0, 0.52902533914, 0.051828470118, 0.41594919456, 3.7191320966e-05, 0.0031598048667],
      [0.0097188320722, 0.093066193184, 0.54318813271, 0.32230566268, 0.0045560314403, 0.027165147915],
      [0.019571030775, 0.0096038793739, 0.0065132674459, 0.2665105449, 0.68544070179, 0.012360575716],
      [0.19035426285, 0.013208443883, 0.034775931213, 0.24946085934, 0.11965776945, 0.39254273327],
      [0.20484017026, 0.0068230798109, 0.11005175874, 0.22448029735, 0.39103324899, 0.062771444858]
    ],
    [
      [6.8242964889e-06, 0.57046347241, 0.084003368556, 0.34437422834, 0.00010139842754, 0.0010507079745],
      [0.0050443447875, 0.078084906516, 0.74165506885, 0.16517281288, 0.0023263686459, 0.0077164983215],
      [0.018172437754, 0.014486986463, 0.012950747904, 0.30803432072, 0.64271453218, 0.0036409749762],
      [0.19473091733, 0.020789541047, 0.085734592596, 0.31887054589, 0.14904952415, 0.23082487898],
      [0.17542720763, 0.0088508320414, 0.22967129171, 0.23228044423, 0.32535876716, 0.028411457236]
    ],
    [
      [3.9687222728e-05, 0.54202111618, 0.057360547922, 0.39699340446, 0, 0.003585244221],
      [0.011014804642, 0.090350338117, 0.55986120776, 0.30641853928, 0.0031968167512, 0.029158293447],
      [0.029346734029, 0.011892797897, 0.0086280819157, 0.31068416743, 0.62265408397, 0.016794134757],
      [0.22109465743, 0.013113227394, 0.037410818298, 0.2291495161, 0.069278105822, 0.42995367496],
      [0.25887142572, 0.007413843107, 0.13021163235, 0.2264746502, 0.30166725139, 0.075361197232]
    ],
    [
      [3.7455739233e-05, 0.40373381403, 0.048014279557, 0.54297813586, 0.000101134904, 0.0051351799146],
      [0.013279620277, 0.068977733513, 0.47405275128, 0.39679464707, 0.0051274915583, 0.041767756297],
      [0.023947355943, 0.0055718421742, 0.0048114149969, 0.27935348906, 0.66992998953, 0.016385908292],
      [0.19837783081, 0.0075307679894, 0.023773174529, 0.22652377876, 0.082759739595, 0.46103470831],
      [0.23516012608, 0.0042947041567, 0.083538122037, 0.22900740809, 0.36581806033, 0.08218157931]
    ],
    [
      [4.9162352774e-05, 0.43523440166, 0.038944675709, 0.52257690372, 0.00033303628772, 0.0028618202721],
      [0.024926559747, 0.082688897664, 0.43043480218, 0.4292028344, 0.006927221164, 0.02581968485],
      [0.035316576005, 0.0054271941968, 0.0020774172618, 0.23636204453, 0.71362362577, 0.0071931422338],
      [0.3519748467, 0.0085233262634, 0.020337237519, 0.2333832519, 0.11781146747, 0.26796987015],
      [0.33725958987, 0.003894919044, 0.057164413489, 0.18763994723, 0.37588436705, 0.038156763314]
    ],
    [
      [5.4064029252e-05, 0.46297821402, 0.046868563247, 0.48675065502, 8.4996071664e-05, 0.003263507612],
      [0.016617285635, 0.085067139736, 0.49507864376, 0.37046408693, 0.0049676852667, 0.027805158664],
      [0.031636192035, 0.0079408218671, 0.005206164723, 0.2780303561, 0.66570736166, 0.011479103622],
      [0.28587733368, 0.0104823409, 0.028529680842, 0.24371198933, 0.078853201571, 0.35254545368],
      [0.29263448727, 0.005326485981, 0.086902644708, 0.21587103526, 0.34499061404, 0.054274732739]
    ],
    [
      [7.772201808e-05, 0.43100523116, 0.054298083829, 0.51207356351, 0.00023752388091, 0.0023078756073],
      [0.015968087153, 0.072156026368, 0.52125430866, 0.36635225429, 0.0058259931951, 0.01844333033],
      [0.027781871644, 0.0056026538376, 0.0051992074992, 0.24607912658, 0.71001898442, 0.0053181560203],
      [0.30036617203, 0.010009071732, 0.033276013928, 0.26922075612, 0.13123270606, 0.25589528013],
      [0.27433711675, 0.0043508573881, 0.089612462071, 0.20520503591, 0.39181605673, 0.034678471141]
    ],
    [
      [4.0423560341e-06, 0.60645003556, 0.054615968072, 0.33482373364, 0.0013097296458, 0.0027964907269],
      [0.0035289450217, 0.10862135814, 0.6041895493, 0.2568202609, 0.0055127887007, 0.021327097937],
      [0.0078540009453, 0.01441651908, 0.0095936794807, 0.26911660177, 0.68572302304, 0.013296175683],
      [0.12190441975, 0.019445989568, 0.050217742485, 0.259574928, 0.096465699546, 0.45239122065],
      [0.12444998482, 0.011471983034, 0.15918936867, 0.23642111442, 0.40420074309, 0.064266805973]
    ],
    [
      [0, 0.69786438947, 0.040067146176, 0.26011508755, 0, 0.0019533768058],
      [0.0084276233065, 0.13663456264, 0.56574310377, 0.2657118312, 0.0018080860914, 0.021674792994],
      [0.024914815745, 0.017833489386, 0.0099099748518, 0.31546103619, 0.61750892275, 0.014371761078],
      [0.18791961129, 0.023710254795, 0.043562866304, 0.2490119461, 0.10688668116, 0.38890864035],
      [0.2205465165, 0.013060416336, 0.13920471345, 0.24056849027, 0.32385434798, 0.062765515468]
    ],
    [
      [0, 0.2424320537, 0.056321465836, 0.68453607804, 0, 0.016710402426],
      [0.016625740885, 0.017357841488, 0.62528709259, 0.27506206245, 0.00063455279439, 0.065032709793],
      [0.053309333174, 0.00093785438916, 0.0077935716958, 0.31427710653, 0.56259055966, 0.061091574552],
      ["NaN", "NaN", "NaN", "NaN", "NaN", "NaN"],
      [0.34366226103, 0.0016596910519, 0.05590418372, 0.21546834703, 0.24827873128, 0.13502678588]
    ],
    [
      [5.2855771418e-05, 0.45105996965, 0.052695681783, 0.49203901573, 0.0001225354873, 0.0040299415779],
      [0.015173368753, 0.077974507852, 0.51703783176, 0.35041139276, 0.0071446753535, 0.032258223519],
      [0.030152957242, 0.007429557757, 0.0059455434334, 0.27497996317, 0.6675150032, 0.013976975199],
      [0.2506194144, 0.009536667811, 0.029271436473, 0.22788094347, 0.091314075139, 0.3913774627],
      [0.27800346489, 0.0050731466341, 0.09569317285, 0.21251635243, 0.34270408609, 0.066009777109]
    ],
    [
      [6.5016182803e-06, 0.55651921962, 0.05303840001, 0.38626067988, 0.0005436229831, 0.0036315758837],
      [0.007902709277, 0.10253715815, 0.55788769199, 0.29489107759, 0.0035594309494, 0.033221932048],
      [0.025303931516, 0.015850224424, 0.01059981656, 0.3731193075, 0.55270250897, 0.022424211031],
      [0.15910021302, 0.015337705007, 0.038298049032, 0.23359034751, 0.058048055336, 0.49562563009],
      [0.21474804317, 0.0098498695336, 0.15203141996, 0.26380570904, 0.25890028088, 0.10066467741]
    ],
    [
      [0.00025839568332, 0.58224143182, 0.058702592077, 0.35431210633, 0.0013538735105, 0.0031316005747],
      [0.0070950848458, 0.10394976928, 0.59932251904, 0.26002616237, 0.0025657480439, 0.027040716419],
      [0.028777620528, 0.020005330301, 0.013724210236, 0.41940392308, 0.49453411935, 0.023554796504],
      [0.16395307111, 0.018483566983, 0.048775134891, 0.24550187391, 0.048584013466, 0.47470233964],
      [0.21822315322, 0.01154441071, 0.19049401293, 0.27243594289, 0.21182593292, 0.09547654732]
    ],
    [
      [0, 0.49441879493, 0.049671274169, 0.45326794681, 0.0012094025665, 0.001432581532],
      [0.0056284094184, 0.0924837583, 0.52815298972, 0.35580866416, 0.0036044620301, 0.014321716372],
      [0.014366443547, 0.013007881409, 0.0090359265534, 0.3794265932, 0.57643106361, 0.0077320916813],
      [0.18819831788, 0.013283887771, 0.052245518595, 0.36015280427, 0.051475295522, 0.33464417596],
      [0.16179181374, 0.0092902038117, 0.14453640574, 0.3199023038, 0.32157228092, 0.042906991977]
    ]
  ],
  "expected_outcome": [
    [
      [0.0029655382697, 2.8821240167e-05, 0.00018577731773, 0.00026923407175, 0, 0.0046871864977, 0.00080599665829, 0.0060585114056, 0, 0, 0, 0.002416734762, 0.032221679235, 0.11514187839, 0, 0, 0.00073697044027, 0.071776789449, 0, 0.010242872002, 0.003369498021, 0.022616522031, 0.091661850254, 0.00033952882702, 0.0031306647981, 0.001758683349, 0.031566987255, 0.00041319553342, 0.01524926954, 0.012469797946, 0, 0.0084845664381, 0, 8.1891557867e-05, 0.0023812333637, 0.0026968132248, 0.0024089552859, 0.0056767230715, 0.009637530242, 9.2974188784e-05, 0, 0, 0.042390328678, 0.0020285049035, 0.12583869778, 0],
      [3.0225864075, 6.236256476, 5.2380194238, 11.7513269403, 2.4735810367, 17.7001413752, 66.7805873101, 71.6157423309, 27.3974466227, 64.180588329, 33.2518400609, 64.4174860823, 15.2270703665, 7.4211160278, 29.2431423697, 2.7380802807, 10.4569378528, 0, 2.4206755958, 55.6136660819, 26.7750745147, 6.5018841627, 57.3228694065, 30.4532794405, 138.4618777487, 18.6546273814, 66.3667635058, 1.4742220092, 86.3178422099, 75.6803872324, 69.4207897868, 2.6417251977, 14.2836841567, 6.8455616689, 32.5212669706, 29.0688346099, 21.3264856813, 48.612712472, 53.4446486637, 13.9483508178, 4.8850507263, 0.96972821479, 361.7500956584, 173.633996522, 283.5515772967, 186.8903044827],
      [0.37972830398, 0.38248095381, 0.16903831993, 1.9888207371, 0.082574040264, 2.0549317877, 8.4373463521, 8.5964685165, 3.6801543736, 9.7560930519, 4.6168461786, 7.7233481514, 2.5763087314, 3.4233608886, 3.7878924666, 0.093337612956, 0.28759007555, 0.26234194036, 0, 4.8073728456, 2.7278913962, 0.86926227738, 10.846564255, 2.2980033804, 11.8573614898, 2.3923592429, 6.8750202268, 0.43695074418, 5.6597984522, 6.9044083742, 4.0169188917, 0.072777578398, 1.3993686932, 1.0080404227, 3.4416328753, 3.4570281281, 1.9082891097, 4.9211991409, 6.7329623948, 1.2561672656, 0.28047002323, 0.22528586334, 42.2619367898, 16.5479808031, 28.5881623413, 18.7757416357],
      [3.5311969582, 2.3623714107, 1.592756479, 15.0579285964, 2.4438449231, 11.1549492291, 60.1349765714, 48.2628550507, 23.7484475253, 61.5435740101, 38.9165400814, 59.2995178328, 8.9988239728, 15.9704099593, 31.6401127201, 0.16858210636, 5.9892126923, 0.66588127019, 0.44354566335, 46.2703776957, 23.1705532373, 9.564068363, 67.1507220287, 17.0794036189, 118.7260135469, 19.6081208074, 75.3633563935, 1.0457490301, 59.586971501, 68.7509123025, 37.2973018341, 2.2611624234, 11.2306282531, 4.13249074, 23.8196042674, 39.0944257818, 25.6062682822, 51.1088187773, 63.4971218747, 7.7009458738, 1.8208056128, 2.7381443122, 394.6152906169, 120.5133321236, 172.5499957847, 171.3352838923],
      [0.041652356318, 0.0045178515487, 0, 0.078892245571, 0, 0.0075472034242, 0.05270067722, 0.014616326254, 0.0032018487378, 0.01703096181, 0.016511137277, 0.070442305341, 0.030829321422, 0.03514821406, 0.025898878657, 0, 0.082845861316, 0, 0.13577874089, 0.0023769256129, 0.16039345572, 0.016943461172, 0.10908166435, 0.024734384158, 0.029300318036, 0.27855190898, 0.047812759268, 0, 0.0064625005876, 0, 0.012419302137, 0.0052745537677, 0.0010041656661, 0.0012167811305, 0, 0.0072817130877, 0.016318778098, 0.0089245875247, 0.029452961233, 0.030123781854, 0, 0, 0.098273460817, 0.16961037073, 0.65933639961, 0.45715417015],
      [0.021870435718, 0.014344486673, 0, 0.12276224658, 0, 0.077743218141, 0.59358309256, 0.50425926432, 0.1707496297, 0.50271364728, 0.19826254185, 0.4867888934, 0.13474592863, 0.034823031846, 0.3029535649, 0, 0.18267654756, 0, 0, 0.29596357915, 0.16271789813, 0.025225213755, 0.47910079522, 0.14423964726, 0.92231623184, 0.064581975964, 0.31548012738, 0.042665021008, 0.41367606687, 0.65182229299, 0.25257018533, 0.01057568033, 0.0853147314, 0.012608495694, 0.21511465326, 0.36973295385, 0.14022919333, 0.34266829926, 0.28617657531, 0.064319286718, 0.01367363764, 0.066841609706, 3.2320131455, 1.1330516757, 1.5250894799, 0.5415158191]
    ],
    [
      [0.27366931929, 0.038305772539, 0.067209282468, 0.16712550206, 0, 0.57210113694, 1.0897677778, 2.9051090804, 1.1556601018, 2.2020076096, 2.352585748, 2.8842557281, 0.1523510755, 0.14937440588, 2.2326534395, 0, 0.26043935847, 0.0062505680307, 0, 1.5788224962, 0.60264886687, 0.14348685655, 0.976140819, 0.39928679172, 4.2832299417, 0.21346721652, 1.5832529478, 0.022314255276, 1.154572097, 1.5140245374, 1.3458808481, 0.069224387025, 0.31100262631, 0.06053213745, 1.1565544874, 1.5935544332, 1.3958873458, 1.6783458491, 2.5708620316, 0.081165735499, 0.17698008944, 0.016625740885, 13.3677378714, 2.0705098306, 3.0508864837, 1.3283046227],
      [0.70270840083, 1.0775995111, 1.4528636292, 1.8079776974, 0.35678915338, 4.9239355022, 10.2568103187, 21.2976123025, 6.0716677337, 19.3133848906, 8.4816964487, 14.5967194437, 1.2604934818, 0.4390780654, 7.0872361376, 1.6480860663, 1.8605300404, 0, 0.56569335404, 9.9426971189, 6.6534877363, 0.86762575681, 6.7275691798, 5.6603777906, 28.5942158197, 4.0926113963, 11.9398885119, 0.23737293991, 12.7340221978, 10.4153326795, 19.8212100734, 0.80555114962, 2.9781181819, 0.93701887819, 9.4867855022, 8.2773280216, 4.6305782692, 8.5917811134, 11.6171202452, 2.4982912372, 2.8693258155, 0.017357841488, 68.6955414172, 26.8647354344, 44.6984007887, 21.8261669589],
      [6.1555444471, 4.8529631438, 3.4105149485, 18.33862775, 0.86070913953, 32.9790025025, 74.3942763117, 146.2519793071, 47.4543352233, 168.7577510409, 67.984508612, 100.1415233433, 13.8902315433, 14.785024208, 53.0778700695, 0.80158657048, 3.5660613164, 0.95802797272, 0, 49.7602628923, 39.1445779453, 7.2495259601, 75.7785369244, 25.1163107162, 140.0179931936, 29.7173970523, 71.0411016199, 5.8317183203, 48.147947823, 54.6935714947, 66.2276174128, 1.6482596932, 17.3820202466, 8.8998608262, 58.7854268151, 56.8863301541, 24.1043489219, 50.0029430203, 83.9219436947, 13.896359634, 11.8806051792, 0.62528709259, 455.510329781, 146.1665753015, 257.7086831884, 124.6441055734],
      [3.6046295711, 1.8978261081, 2.0694121399, 9.7136311827, 1.7825017071, 12.495014871, 38.2752168567, 58.886773054, 22.1401906199, 78.6296638052, 42.1671471736, 55.4761005689, 3.1292560428, 5.4081007356, 32.563406257, 0.55032736318, 4.6817248126, 0.034881662122, 1.3784982958, 34.630082696, 23.6372971911, 5.508851675, 34.7234282364, 13.3204391888, 100.4492311232, 17.8124682016, 56.8680574151, 0.79279712851, 36.7030541054, 39.6946209466, 49.4227114106, 3.3287654087, 10.3137812058, 1.9820737545, 32.1739466245, 47.6153576486, 24.0353587263, 37.4168727802, 58.9827129409, 5.9068660007, 5.5799484551, 0.27506206245, 308.7124370237, 77.2614623281, 111.8112498202, 83.9708447421],
      [0.025471865936, 0.0096016824726, 0, 0.10489264299, 0, 0.079457811054, 0.75471295961, 0.74818680044, 0.43435772235, 1.072247776, 0.59570928975, 0.85776131119, 0.020590244383, 0.046701016602, 0.63347048077, 0, 0.04663096547, 0.00083979712908, 0.055808350203, 0.57914854903, 0.21258285392, 0.046540296959, 0.29143744974, 0.29363753439, 0.94030069021, 0.48723791999, 0.677721982, 0, 0.47326986049, 0.42458487067, 0.6414537249, 0.02055478642, 0.14579300609, 0.027916423751, 0.33566575887, 0.61529898699, 0.38792438518, 0.50173621193, 0.93798490442, 0.12679414012, 0.03796980792, 0.00063455279439, 6.2944589865, 0.93257090874, 1.1032716589, 0.85065303911],
      [0.23797639576, 0.12370378193, 0, 0.86774522481, 0, 0.95048817627, 4.2292157755, 6.9103394556, 1.743788599, 7.0249448777, 2.418352728, 5.0436396048, 0.54707761215, 0.17172156857, 3.4053636157, 0, 1.5846135066, 0, 0, 2.5089862476, 1.7494054066, 0.1839694545, 2.5028873907, 1.2099479783, 8.7150292316, 0.67681821335, 2.8899775233, 0.11579735603, 2.7871339164, 4.2578654711, 3.5411265302, 0.12764457503, 0.86928473329, 0.092597979858, 3.061620812, 5.0121307556, 1.4459023516, 2.8083210251, 2.9693761832, 0.49052325255, 0.45517065287, 0.065032709793, 28.4194949202, 8.7041461966, 11.6275080602, 3.3799250638]
    ],
    [
      [1.7791257922, 0.51491499493, 0.27482110277, 2.3166090943, 0, 2.5117795447, 13.114067204, 23.1225348382, 14.4320175477, 20.6965485349, 27.0453660787, 26.917350048, 3.2068937171, 1.0657275859, 24.8408156603, 0, 1.821860263, 1.1637931592, 0, 12.3676117534, 3.7541824183, 1.6150454582, 6.9979804201, 4.7596276536, 26.0046361266, 0.99884814668, 7.8016416868, 0.41697365388, 13.1349588882, 17.3885827625, 22.2701463427, 0.76468179661, 6.8498607712, 2.5623137233, 17.4906534813, 17.9605169575, 23.238307011, 28.124574719, 43.4786291228, 0.69900608413, 1.4948889447, 0.63971199809, 161.0167916711, 24.4942057076, 44.3463132336, 15.4870261435],
      [0.25688753238, 0.60980788496, 0.21589947065, 1.2922319891, 0.11528543566, 1.1718057085, 6.2293898805, 8.6262458709, 3.9080244387, 9.072532984, 4.6988054458, 6.8970144012, 1.4787211512, 0.10149556802, 4.0288414169, 0.61383365297, 0.6351557062, 0, 0.013631050206, 3.8808547875, 2.1089389571, 0.52932564449, 2.4055919069, 3.2441882706, 8.7509835222, 1.022842632, 3.075569934, 0.25858193017, 6.862067359, 5.9584130625, 15.6994858262, 0.4873759229, 3.3613577809, 2.0426650913, 7.0881075466, 4.1788816306, 3.5710937815, 7.0593906398, 8.7681532558, 1.2830701981, 1.0700093632, 0.01125425267, 39.6738384225, 15.3430172429, 30.8282139937, 14.0224961592],
      [0.20784276903, 0.35282351083, 0.12394142523, 1.6208951273, 0.02202420317, 0.87465392133, 5.2543779253, 6.8879582238, 3.5144711129, 9.466803495, 4.9104181172, 5.63220542, 1.3784990562, 0.79052879256, 3.8352232717, 0.10507581657, 0.075171532116, 0.45671831895, 0, 2.1919585769, 1.4693815636, 0.56881868422, 3.071164891, 1.8687193657, 5.0006633649, 0.92741869175, 2.2355063288, 0.25398124587, 3.0750779296, 3.5397167154, 6.5908751272, 0.051229633324, 2.2796436061, 1.8260554544, 5.1423368217, 3.6085612477, 1.3669405583, 4.6282804388, 8.1367597362, 0.85383747378, 0.59459849111, 0.093522860349, 31.7492019346, 10.2606224297, 21.149007973, 9.7407288245],
      [9.1571368436, 9.8988494413, 3.5893065731, 58.7397675294, 1.3519828844, 22.7908376067, 183.630532213, 185.937682123, 110.7845514944, 295.1823463036, 194.4107737496, 207.7914821215, 27.9164647529, 16.5379255291, 150.9593984128, 2.2810905305, 12.8880943093, 5.0342624565, 0.17795604089, 106.2750195482, 58.5303585627, 23.2950511091, 97.9272345608, 63.3649348386, 243.4056610475, 31.4042139414, 109.8259546469, 6.2884777707, 163.6720718851, 177.818674118, 327.6342798523, 12.2871562155, 93.278690714, 43.4328392222, 185.1677637874, 209.5151167957, 155.5262253018, 247.1689865711, 385.1138330955, 23.9513775573, 18.9276621715, 3.7713252784, 1468.3930033363, 361.17948966, 646.3014454692, 409.0218674706],
      [17.2302307642, 16.2625951656, 8.7960314282, 110.9593017452, 3.5107074768, 44.71113603, 358.7643713808, 417.4542315855, 221.4586222444, 723.7320581712, 452.296595527, 435.2070588065, 27.4418590733, 17.1944126661, 365.1787855448, 0, 11.7482066408, 15.3452260653, 10.8084129089, 258.0605926241, 102.6962799201, 24.5811818392, 112.5134221815, 154.4845879797, 413.2273966433, 57.0293695905, 191.0791993176, 8.2527190405, 299.2841505503, 357.8549938147, 776.7806752789, 10.0691652723, 239.9042456273, 90.6227490371, 371.1018340475, 502.4474921492, 469.5643457576, 591.8138445114, 1111.179710618, 61.0293490508, 37.0505353648, 6.7510867159, 3564.5301170733, 535.0160286817, 762.077077917, 621.3926865697],
      [0.36877629857, 0.36100900234, 0, 3.0711945147, 0, 0.93978718864, 11.0072613964, 11.9713473586, 4.9023131619, 14.8497105113, 5.6380410817, 10.5548892029, 2.5775622493, 0.30990985826, 9.1569356935, 0, 1.8315115486, 0, 0, 4.2239627099, 2.4408585782, 0.41057726479, 4.0846060396, 3.2779418918, 11.6106592954, 0.61730699764, 2.982128086, 0.5292663589, 6.9716733877, 10.439619527, 13.0245375726, 0.34039115936, 4.3262015006, 0.51337747164, 10.0093043155, 12.2894312193, 4.7330875898, 10.2049231199, 8.3229141717, 1.1833596358, 0.86230566469, 0.73309889462, 74.6370475623, 21.7066362782, 36.2979414134, 8.3351948324]
    ],
    [
      [0.4462915519, 0.12434437753, 0, 0.65099079569, 0, 0.80840905104, 3.1941526114, 11.4776768449, 11.1198228478, 8.3574807986, 10.9101963662, 12.8566036073, 0.39102685182, 1.1166856435, 11.1253344664, 0, 0.37298630462, 0, 0, 6.7501381287, 2.3486215467, 0.92039071293, 5.7912524439, 3.1816197446, 11.2253081051, 2.6648885622, 7.2876424966, 0, 7.5660370483, 9.5161441937, 9.6762611669, 0.17532735548, 2.2842511542, 0.97365458665, 4.8640824634, 5.1578236011, 7.7434466274, 7.146933342, 18.9230688379, 0.97523535801, 0.56375883386, 0, 78.9451155372, 11.4552153378, 17.3790255373, 3.3875697219],
      [0.0072098161379, 0.037442396817, 0, 0.046299024281, 0, 0.047014972248, 0.18815698454, 0.62688496325, 0.39907730342, 0.5259545427, 0.28604485913, 0.47269886272, 0.013698928786, 0.034705443383, 0.25159032779, 0, 0.042616883059, 0, 0, 0.31956593744, 0.20097303062, 0.04666672105, 0.31132410381, 0.32059260676, 0.5623135755, 0.17648161102, 0.40149141361, 0, 0.61155889308, 0.48383170021, 1.0446429748, 0.018487631052, 0.1585013266, 0.10394770523, 0.28849100266, 0.19579996772, 0.18751317779, 0.2620585225, 0.63057151915, 0.15556791654, 0.071130764385, 0, 3.0040503605, 1.1043147605, 1.9592581002, 0.23910997987],
      [0.025906385437, 0.053535450642, 0, 0.21448897159, 0, 0.14608240775, 0.69020982586, 1.9843100491, 1.4516527919, 2.1223865056, 1.0527130764, 1.4911556907, 0.10124774074, 0.44663874794, 0.86711192574, 0, 0.016723923538, 0, 0, 0.72061821085, 0.52940255286, 0.16165060723, 1.60219608, 0.6539380369, 1.2473501134, 0.73730915719, 1.1082884555, 0, 1.0668521475, 1.1643608945, 1.5954392273, 0.01493258664, 0.41731117455, 0.42867296298, 0.82303800257, 0.61810253775, 0.44741922542, 0.71324202105, 2.0963888775, 0.40174193988, 0.13068859891, 0, 9.220502489, 2.7574595303, 5.1701642984, 0.94041933471],
      [0.19628065826, 0.28450893209, 0, 1.335701218, 0, 0.71686132056, 4.0113306937, 9.2582259472, 7.7860922091, 11.3181922504, 7.5201309784, 9.5681574417, 0.24369606312, 1.7028146173, 6.1279722206, 0, 0.33639465833, 0, 0, 5.8053341374, 3.7204378939, 1.5526050527, 8.2070894603, 4.0715478511, 10.3827521784, 5.805515744, 10.1966367923, 0, 9.3679302709, 9.7209357714, 13.5456661613, 0.42100077676, 2.9935303121, 1.5943527295, 5.0412893542, 5.8896182478, 5.1344315418, 6.0927997332, 16.9609076356, 2.076599424, 0.74703583831, 0, 71.7824971934, 16.8185050207, 26.0231986346, 6.4827504768],
