{
  "X": [
    [23, 94, 68, 99, 51],
    [8, 23, 117, 83, 44],
    [10, 19, 95, 104, 53],
    [14, 21, 138, 145, 87],
    [16, 38, 83, 103, 40],
    [25, 56, 80, 106, 39],
    [31, 68, 116, 123, 86],
    [29, 56, 100, 121, 74],
    [15, 40, 128, 121, 86],
    [6, 26, 181, 105, 73],
    [9, 21, 113, 97, 65],
    [10, 13, 92, 122, 79],
    [11, 34, 114, 110, 72],
    [12, 47, 108, 128, 49],
    [18, 60, 143, 100, 60],
    [19, 46, 145, 98, 70],
    [15, 32, 137, 124, 96],
    [10, 32, 99, 114, 75],
    [15, 52, 108, 144, 77],
    [35, 82, 120, 127, 83],
    [20, 36, 73, 94, 41],
    [9, 17, 63, 109, 54],
    [17, 39, 88, 89, 55],
    [9, 39, 91, 132, 54],
    [21, 82, 58, 98, 46],
    [25, 53, 75, 76, 57],
    [38, 105, 153, 147, 83],
    [35, 89, 97, 152, 49],
    [19, 81, 80, 111, 59],
    [16, 28, 50, 79, 37],
    [42, 121, 97, 110, 49],
    [40, 131, 104, 111, 78],
    [32, 51, 83, 148, 60],
    [30, 65, 93, 93, 68],
    [27, 54, 86, 98, 53],
    [25, 65, 89, 127, 66],
    [15, 63, 115, 113, 53],
    [19, 39, 121, 104, 51],
    [9, 39, 129, 107, 61],
    [16, 56, 130, 118, 56],
    [17, 74, 114, 131, 79],
    [13, 41, 87, 82, 37],
    [12, 60, 79, 99, 46],
    [7, 9, 111, 84, 39],
    [9, 11, 139, 67, 45],
    [5, 7, 137, 75, 46],
    [13, 53, 100, 89, 57],
    [44, 99, 108, 118, 52],
    [30, 88, 129, 120, 30],
    [20, 55, 162, 121, 64],
    [18, 32, 138, 124, 70],
    [15, 43, 135, 133, 69],
    [13, 36, 114, 84, 34],
    [18, 25, 130, 68, 44],
    [15, 22, 111, 83, 43],
    [14, 43, 134, 111, 51],
    [21, 45, 97, 115, 64],
    [24, 46, 102, 109, 50],
    [39, 94, 102, 185, 48],
    [47, 85, 84, 158, 84],
    [22, 101, 84, 122, 73],
    [25, 118, 72, 147, 57],
    [31, 75, 79, 133, 64],
    [15, 45, 55, 99, 64],
    [31, 48, 94, 92, 52],
    [18, 37, 104, 128, 41],
    [26, 65, 96, 124, 54],
    [16, 61, 72, 103, 42],
    [17, 52, 77, 94, 36],
    [28, 55, 94, 140, 76],
    [15, 91, 64, 97, 36],
    [19, 96, 72, 103, 54],
    [28, 99, 69, 121, 40],
    [30, 75, 57, 120, 45],
    [33, 78, 56, 113, 61],
    [18, 46, 70, 163, 52],
    [24, 50, 65, 107, 33],
    [288, 967, 1194, 1343, 780]
  ],
  "W": [
    [10, 18, 22, 98, 79, 108, 0],
    [9, 6, 52, 21, 115, 72, 0],
    [11, 9, 69, 19, 89, 83, 1],
    [13, 10, 108, 12, 138, 124, 0],
    [3, 9, 78, 27, 77, 85, 1],
    [3, 18, 101, 39, 70, 75, 0],
    [10, 21, 160, 41, 102, 90, 0],
    [10, 10, 142, 31, 93, 94, 0],
    [9, 7, 146, 24, 115, 89, 0],
    [23, 7, 66, 27, 175, 91, 2],
    [10, 8, 53, 13, 118, 99, 4],
    [8, 11, 73, 27, 88, 109, 0],
    [12, 15, 83, 30, 105, 95, 1],
    [12, 11, 91, 47, 87, 95, 1],
    [11, 9, 91, 58, 126, 86, 0],
    [3, 16, 95, 47, 127, 90, 0],
    [24, 10, 116, 27, 132, 95, 0],
    [24, 8, 99, 31, 78, 89, 1],
    [10, 10, 114, 41, 99, 119, 3],
    [4, 22, 148, 73, 107, 93, 0],
    [6, 15, 68, 30, 67, 78, 0],
    [7, 10, 58, 14, 67, 96, 0],
    [9, 13, 82, 30, 83, 71, 0],
    [5, 4, 97, 32, 86, 101, 0],
    [13, 30, 26, 80, 67, 89, 0],
    [8, 24, 30, 67, 90, 66, 1],
    [24, 33, 57, 110, 150, 151, 1],
    [17, 30, 41, 88, 107, 139, 0],
    [4, 23, 32, 87, 91, 113, 0],
    [6, 16, 14, 35, 64, 75, 0],
    [2, 39, 52, 125, 105, 95, 1],
    [12, 35, 57, 137, 118, 104, 1],
    [13, 23, 37, 70, 91, 139, 1],
    [13, 26, 46, 68, 98, 97, 1],
    [9, 31, 44, 58, 86, 90, 0],
    [15, 29, 43, 71, 95, 118, 1],
    [16, 17, 27, 68, 130, 101, 0],
    [24, 24, 31, 41, 114, 100, 0],
    [12, 9, 31, 43, 145, 105, 0],
    [17, 16, 17, 71, 142, 112, 1],
    [16, 32, 30, 83, 126, 128, 0],
    [14, 15, 23, 47, 89, 70, 2],
    [14, 11, 24, 63, 86, 97, 1],
    [6, 6, 13, 14, 128, 83, 0],
    [5, 12, 11, 11, 153, 77, 2],
    [8, 9, 15, 8, 153, 77, 0],
    [16, 12, 44, 58, 92, 90, 0],
    [8, 46, 44, 107, 107, 109, 0],
    [4, 25, 36, 89, 131, 112, 0],
    [8, 21, 35, 53, 184, 121, 0],
    [20, 28, 21, 39, 153, 121, 0],
    [8, 13, 17, 55, 162, 140, 0],
    [11, 16, 18, 32, 119, 85, 0],
    [15, 13, 24, 23, 139, 71, 0],
    [5, 11, 35, 24, 115, 83, 1],
    [10, 17, 38, 46, 130, 112, 0],
    [17, 22, 52, 51, 100, 100, 0],
    [28, 20, 43, 46, 92, 102, 0],
    [2, 43, 24, 114, 101, 184, 0],
    [11, 67, 18, 102, 102, 158, 0],
    [19, 17, 33, 113, 101, 119, 0],
    [15, 35, 28, 133, 71, 137, 0],
    [10, 27, 29, 81, 93, 142, 0],
    [20, 18, 29, 49, 68, 94, 0],
    [3, 40, 32, 48, 111, 81, 2],
    [7, 23, 22, 37, 109, 130, 0],
    [17, 27, 30, 72, 98, 121, 0],
    [7, 15, 23, 58, 72, 118, 1],
    [17, 18, 16, 63, 71, 90, 1],
    [27, 24, 27, 66, 108, 141, 0],
    [7, 17, 20, 93, 70, 96, 0],
    [21, 22, 21, 111, 77, 91, 1],
    [5, 25, 29, 104, 76, 118, 0],
    [5, 22, 29, 92, 67, 112, 0],
    [10, 26, 27, 91, 69, 118, 0],
    [8, 20, 16, 57, 82, 164, 2],
    [21, 22, 13, 58, 58, 107, 0],
    [81, 291, 637, 1017, 1268, 1275, 3]
  ],
  "method": "mult",
  "cond_prob": [
    [
      [0.0008572482394, 0.0025220601896, 0.23698420608, 0.17942941227, 0.58020707322],
      [0.75212294091, 0.017393163623, 0, 0.056302533853, 0.17418136161],
      [0.079657274209, 0.14126348601, 0.19789013658, 0.25427382718, 0.32691527603],
      [0.047679731412, 0.8776043861, 0, 0.012123848086, 0.0625920344],
      [0.025121359358, 0.019676017859, 0.77565284727, 0.0049575770239, 0.17459219849],
      [0.0096625322314, 0.027724726961, 0, 0.82424491086, 0.13836782995],
      [1.8476131044e-11, 2.9476720917e-06, 0.35661613804, 0.021442399908, 0.62193851436]
    ],
    [
      [0, 0, 0.29098094507, 0.209493224, 0.49952583093],
      [0.72897812473, 0.013282671915, 0.0015781183988, 0.080534233177, 0.17562685178],
      [0.052011830433, 0.095154470809, 0.280954224, 0.29357231121, 0.27830716355],
      [0.043881717575, 0.85582245174, 0.0033607660137, 0.037460400983, 0.059474663693],
      [0, 0, 0.85491033242, 0.014632030745, 0.13045763684],
      [0, 0, 0.019122483638, 0.87355893675, 0.10731857961],
      [1.4701498029e-11, 2.6840946788e-06, 0.43681137005, 0.024943614766, 0.53824233108]
    ],
    [
      [0, 0, 0.26238811142, 0.21467500609, 0.52293688249],
      [0.69157599125, 0.010112698099, 0.0011221879407, 0.092687010058, 0.20450211265],
      [0.041642763975, 0.047966922712, 0.27866499899, 0.327603336, 0.30412197833],
      [0.047498177078, 0.82101410789, 0.0011099739534, 0.052268931956, 0.07810880912],
      [0, 0, 0.81406334389, 0.038381216427, 0.14755543968],
      [0, 0, 0, 0.8887339024, 0.1112660976],
      [0, 0, 0.40301904158, 0.025809790398, 0.57117116803]
    ],
    [
      [0, 0, 0.24056315535, 0.19183574646, 0.56760109819],
      [0.69847162927, 0.012091543141, 0.00041267896969, 0.078066906296, 0.21095724232],
      [0.059669719781, 0.10061153676, 0.21649924502, 0.28810975304, 0.33510974539],
      [0.047579497578, 0.83441988318, 0, 0.040417837584, 0.077582781658],
      [0, 0, 0.80077969316, 0.026148246702, 0.17307206014],
      [0, 0, 0.0078954521944, 0.85900113555, 0.13310341225],
      [1.3894137415e-11, 2.3001166291e-06, 0.36384088752, 0.022838370447, 0.6133184419]
    ],
    [
      [0.00017851928288, 0.00044128557263, 0.29415485667, 0.23295029705, 0.47227504143],
      [0.79134039947, 0.014978966891, 0, 0.067945757647, 0.125734876],
      [0.086995745888, 0.15898431718, 0.21345541657, 0.3007743311, 0.23979018926],
      [0.048138489267, 0.87626972171, 0, 0.032733813209, 0.042857975814],
      [0.0031642183163, 0.010144732046, 0.84436091497, 0.02130336665, 0.12102676801],
      [0.0064506936949, 0.012029734615, 0, 0.89031542946, 0.091204142231],
      [3.968304975e-05, 0.00013440537369, 0.45222248472, 0.028255771256, 0.5193476556]
    ],
    [
      [0.00015113322161, 0.00072280412845, 0.30631660064, 0.25841482311, 0.4343946389],
      [0.78710682206, 0.019656408396, 0, 0.076724852552, 0.11651191699],
      [0.090708211785, 0.18317863325, 0.19388315588, 0.32322260071, 0.20900739837],
      [0.038814660448, 0.89235071227, 0, 0.034139977273, 0.03469465001],
      [0.0022331807917, 0.015667091571, 0.8499835922, 0.025253133428, 0.10686300201],
      [0, 0.016594667866, 0, 0.90798729412, 0.075418038011],
      [2.2717482847e-11, 4.1607627359e-06, 0.48081855271, 0.031964145153, 0.48721314135]
    ],
    [
      [0.00037340624471, 0.0015640277403, 0.25401473346, 0.1943750331, 0.54967279946],
      [0.74686182289, 0.018849519279, 0, 0.064334746735, 0.1699539111],
      [0.07952642387, 0.17848405292, 0.19080294436, 0.25468786783, 0.29649871103],
      [0.041531642738, 0.8810839235, 0, 0.025316689311, 0.052067744452],
      [0.0034002475512, 0.015545705832, 0.81036030752, 0.012426700043, 0.15826703906],
      [0.0059813026134, 0.014677427699, 0.0030514466821, 0.85166281632, 0.12462700668],
      [1.8211548045e-11, 3.5025269934e-06, 0.38387441885, 0.0232395419, 0.5928825367]
    ],
    [
      [0.0010947083432, 0.0018158741787, 0.2485166497, 0.20240610134, 0.54616666644],
      [0.81371880789, 0.013878487283, 0, 0.049281119606, 0.12312158522],
      [0.1227600222, 0.18098085267, 0.16243408442, 0.25349542085, 0.28032961986],
      [0.057663423659, 0.86935759453, 0, 0.025017949125, 0.047961032682],
      [0.0096476337228, 0.016502794735, 0.80052896254, 0.013948018651, 0.15937259036],
      [0.0078206980357, 0.017648191127, 0, 0.85546867949, 0.11906243135],
      [2.7084277036e-11, 3.750381096e-06, 0.38063774578, 0.02443593936, 0.59492256445]
    ],
    [
      [8.8538470745e-06, 0.00014788870332, 0.249612107, 0.18995067042, 0.56028048003],
      [0.70628396639, 0.01453527349, 0.00055849048106, 0.075259017373, 0.20336325226],
      [0.060515232799, 0.13036111179, 0.21327051849, 0.27307810826, 0.32277502866],
      [0.042796821769, 0.85665423937, 3.7680256504e-05, 0.03404543441, 0.066465824198],
      [0, 0.0011625537672, 0.81419364292, 0.018606758342, 0.16603704498],
      [0.0021751105556, 0.0019191498668, 0.010999018455, 0.85322875734, 0.13167796379],
      [1.4351633725e-11, 2.74793422e-06, 0.37489912091, 0.022572654481, 0.60252547666]
    ],
    [
      [0, 0, 0.28300283128, 0.19337341201, 0.52362375671],
      [0.60717777155, 0.015971787468, 0.0023479887384, 0.10791404298, 0.26658840927],
      [0.014265071665, 0.044841010388, 0.34207503006, 0.28800886798, 0.31081001991],
      [0.029935587751, 0.84921077045, 0.0056739168096, 0.040785598122, 0.074394126868],
      [0, 0, 0.85153078496, 0.0083651304439, 0.1401040846],
      [0, 0, 0.020755074741, 0.85909588608, 0.12014903918],
      [0, 0, 0.41887602601, 0.022796663178, 0.55832731081]
    ],
    [
      [0, 0.00065131003624, 0.24317415028, 0.17020825771, 0.58596628198],
      [0.69161999168, 0.017081861882, 0.0011054655946, 0.069517405218, 0.22067527563],
      [0.056334646071, 0.14686252648, 0.21306941702, 0.24308551487, 0.34064789555],
      [0.035401704627, 0.87487386245, 0.00093703230888, 0.026056934225, 0.062730466386],
      [0, 0.0069168679175, 0.81361793184, 0.00072210958083, 0.17874309066],
      [0.00021294610761, 0.0089155351821, 0.018289600604, 0.82178139862, 0.15080051949],
      [0, 0.00023237300362, 0.35924195839, 0.019484588581, 0.62104108002]
    ],
    [
      [0, 0, 0.213682894, 0.16912554177, 0.61719156423],
      [0.60316463851, 0.002496119999, 0.0027459753121, 0.091281992477, 0.3003112737],
      [0.022620975419, 0, 0.2478521092, 0.31599113709, 0.41353577829],
      [0.063476213732, 0.4804645437, 0.20126902372, 0.078291279124, 0.17649893972],
      [0, 0, 0.7583279944, 0.036999668232, 0.20467233736],
      [0, 0, 0, 0.83674959083, 0.16325040917],
      [9.0279614681e-12, 9.0346411104e-07, 0.32151915901, 0.019751925652, 0.65872801186]
    ],
    [
      [0, 0, 0.25478617374, 0.18287956543, 0.56233426083],
      [0.60334467567, 0.016364562934, 0.0032785445867, 0.098736645666, 0.27827557115],
      [0.013354912479, 0.097941731822, 0.27560468026, 0.275254932, 0.33784374344],
      [0.028045737642, 0.85417892716, 0.0050674082902, 0.036964721534, 0.075743205376],
      [0, 0, 0.81929593098, 0.016845338393, 0.16385873063],
      [0, 0, 0.015379705005, 0.84820002313, 0.13642027187],
      [0, 0, 0.37903230773, 0.021531799516, 0.59943589276]
    ],
    [
      [0, 0, 0.31513704886, 0.24321557951, 0.44164737162],
      [0.69268603838, 0.014195080337, 0.0022671768075, 0.10992663959, 0.18092506489],
      [0.030287401347, 0.073304596729, 0.31282956897, 0.34570283909, 0.23787559387],
      [0.034559575645, 0.85474757051, 0.0062874807912, 0.052128384246, 0.052276988807],
      [0, 0, 0.85848219966, 0.034922110856, 0.10659568948],
      [0, 0, 0.0027072263421, 0.91469047165, 0.082602302004],
      [0, 0, 0.48527622212, 0.029409142491, 0.48531463539]
    ],
    [
      [0.00014340579152, 0, 0.31045131076, 0.19354145303, 0.49586383042],
      [0.77746990942, 0.011909430906, 0.0024957577389, 0.06165435318, 0.14647054876],
      [0.081172982659, 0.11576473367, 0.28192412088, 0.25024669619, 0.27089146659],
      [0.056391448696, 0.85100386824, 0.012468250041, 0.023939983328, 0.056196449699],
      [0, 0, 0.87647668816, 0, 0.12352331184],
      [0.0039970686648, 0, 0.031956483149, 0.85064170292, 0.11340474526],
      [1.8983683509e-11, 2.7992137763e-06, 0.45389716128, 0.022808456919, 0.52329158256]
    ],
    [
      [0, 0, 0.28730501703, 0.16942594222, 0.54326904076],
      [0.71426888322, 0.010652425507, 0.0061814573181, 0.066182438903, 0.20271479506],
      [0.055556449382, 0.069658601072, 0.32264332308, 0.23085382478, 0.32128780169],
      [0.04819946891, 0.8342977466, 0.016292770315, 0.026159717491, 0.075050296687],
      [0, 0, 0.85483181902, 0, 0.14516818098],
      [0.00031622376098, 0, 0.045096274648, 0.8141353675, 0.14045213409],
      [1.3785010674e-11, 2.2566073886e-06, 0.41559216617, 0.019559309872, 0.56484626733]
    ],
    [
      [0, 0, 0.23399891534, 0.18736374148, 0.57863734317],
      [0.69148293206, 0.011265798043, 0.000618589047, 0.077498054794, 0.21913462606],
      [0.058338431858, 0.082957019824, 0.22531156879, 0.2851642937, 0.34822868582],
      [0.048811577182, 0.82460473037, 0.00025047743102, 0.042204979658, 0.08412823536],
      [0, 0, 0.79220659761, 0.026180549714, 0.18161285268],
      [0, 0, 0.0069859409077, 0.85319857446, 0.13981548463],
      [1.351615407e-11, 2.180188385e-06, 0.35472727052, 0.022186852197, 0.62308369709]
    ],
    [
      [0, 0, 0.25947448115, 0.19155500921, 0.54897050964],
      [0.64814448147, 0.012407701472, 0.0019818648415, 0.093097728378, 0.24436822384],
      [0.036600221898, 0.062377643251, 0.2786286555, 0.2915266436, 0.33086683575],
      [0.038432973559, 0.82985005505, 0.0049449236859, 0.044486005593, 0.082286042117],
      [0, 0, 0.81914051645, 0.022583522927, 0.15827596062],
      [0, 0, 0.008269083613, 0.86105175461, 0.13067916178],
      [0, 0, 0.39031927988, 0.022573113915, 0.5871076062]
    ],
    [
      [0, 0.00036920294507, 0.25092357535, 0.20338141243, 0.54532580928],
      [0.6986401543, 0.015863074819, 5.2055199612e-05, 0.08283126339, 0.20261345229],
      [0.056724062934, 0.13624427397, 0.2056937761, 0.29375966831, 0.30757821868],
      [0.037296640102, 0.86367419588, 0, 0.037041157277, 0.061988006739],
      [0, 0.0028471080459, 0.81198303598, 0.025528716673, 0.15964113931],
      [0.00015036166693, 0.0051525145335, 0.0042738957118, 0.86999763923, 0.12042558886],
      [0, 5.834412672e-05, 0.38207968926, 0.024507195642, 0.59335477097]
    ],
    [
      [0.00024116449724, 0.00012127873902, 0.25868113887, 0.1986376187, 0.54231879919],
      [0.76058275096, 0.012692367726, 0, 0.064349509835, 0.16237537148],
      [0.08723071549, 0.13036442763, 0.206929409, 0.27407033628, 0.3014051116],
      [0.056178801399, 0.84833385337, 0, 0.032896622982, 0.062590722247],
      [0.0051490817879, 0.002271912631, 0.81907667185, 0.017554366528, 0.1559479672],
      [0.0075705879017, 0.0027406619208, 0.0075109572515, 0.85965139616, 0.12252639677],
      [1.9204139705e-11, 2.8350438632e-06, 0.39045786503, 0.023707708881, 0.58583159102]
    ],
    [
      [0.00045433147795, 0.00032981026754, 0.28291607619, 0.22185657795, 0.49444320412],
      [0.77694794826, 0.013573499779, 0, 0.069095266094, 0.14038328587],
      [0.084185935418, 0.13801174222, 0.21844192955, 0.29787429941, 0.2614860934],
      [0.052419604995, 0.86114898815, 0, 0.035453832143, 0.050977574712],
      [0.0045586156356, 0.0032732831111, 0.83949332397, 0.021503757362, 0.13117101992],
      [0.0094922536082, 0.0045620584314, 0.0025948670207, 0.8829822112, 0.10036860974],
      [2.044858231e-11, 3.1593821074e-06, 0.4327804298, 0.026747272799, 0.540469138]
    ],
    [
      [0, 0, 0.21350861003, 0.19790701995, 0.58858437002],
      [0.64405206689, 0.013013162352, 0, 0.093819153904, 0.24911561685],
      [0.034957801575, 0.089452869364, 0.18223669, 0.34048548248, 0.35286715658],
      [0.037994774265, 0.83440013953, 0, 0.045928607858, 0.08167647835],
      [0, 0, 0.76023450313, 0.047038558782, 0.19272693809],
      [0, 0, 0, 0.8659762228, 0.1340237772],
      [1.1257333557e-11, 2.2786476056e-06, 0.33055711162, 0.023701151568, 0.64573945815]
    ],
    [
      [0.00015974404313, 0.00082214555889, 0.25869747353, 0.19919162699, 0.54112900988],
      [0.73614439193, 0.015424827234, 0, 0.071078776123, 0.17735200471],
      [0.069469579753, 0.14310672574, 0.21004466212, 0.27695754002, 0.30042149237],
      [0.044138338104, 0.86515046195, 0, 0.032069592835, 0.058641607111],
      [0.0017962859234, 0.0072711585142, 0.81873594886, 0.017609807946, 0.15458679876],
      [0.0036470111834, 0.0070324846517, 0.0069433336528, 0.86125395974, 0.12112321077],
      [1.6622711848e-11, 3.0182781795e-06, 0.39131564245, 0.023792148059, 0.58488919119]
    ],
    [
      [0, 0, 0.26188422204, 0.23329390231, 0.50482187565],
      [0.69896701407, 0.015301599888, 7.9934733204e-05, 0.096219894955, 0.18943155635],
      [0.051272384257, 0.11897691106, 0.20190158113, 0.35172312175, 0.27612600181],
      [0.038459708462, 0.85618853838, 0, 0.047952912004, 0.057398841158],
      [0, 0, 0.81518378815, 0.042810552018, 0.14200565983],
      [0, 0, 0, 0.90213175684, 0.097868243158],
      [1.3903633398e-11, 2.9387312857e-06, 0.40889128782, 0.028556191962, 0.56254958147]
    ],
    [
      [0, 0.0047635757063, 0.23292187978, 0.21710884377, 0.54520570075],
      [0.6548192503, 0.029708458077, 0, 0.098339072066, 0.21713321956],
      [0.047415659029, 0.15517422121, 0.19067073399, 0.3054942179, 0.30124516787],
      [0, 0.9050486825, 0, 0.043796145929, 0.051155171576],
      [0.0018300799456, 0.058173282152, 0.7464862161, 0.031777461038, 0.16173296076],
      [0, 0.0079863541382, 0, 0.88372788359, 0.10828576227],
      [1.2812399837e-11, 3.3213736717e-06, 0.36873940772, 0.026342482164, 0.60491478873]
    ],
    [
      [0.00084400011742, 0, 0.20293546528, 0.18536603226, 0.61085450234],
      [0.71297888022, 0.0013534565527, 0, 0.074346097048, 0.21132156618],
      [0.071790332042, 0.095121464893, 0.18022830798, 0.2848812875, 0.36797860758],
      [0.073244166072, 0.74796825516, 0.020863441513, 0.063145830734, 0.094778306518],
      [0.0091176176809, 0, 0.73620861456, 0.042367690883, 0.21230607688],
      [0, 0, 0, 0.85030605135, 0.14969394865],
      [0.00010019442793, 0, 0.31304114686, 0.022264559965, 0.66459409875]
    ],
    [
      [0.0009543925647, 0.0011592752096, 0.28321064399, 0.18219607995, 0.53247960828],
      [0.75912346668, 0.014606365623, 0.0030828196987, 0.057865983978, 0.16532136402],
      [0.078398516583, 0.13415586762, 0.23821096236, 0.25244176046, 0.29679289298],
      [0.056772824101, 0.85986488611, 0.0085294683766, 0.014746919034, 0.060085902381],
      [5.5677363258e-05, 0.0070594867824, 0.84978252166, 0, 0.1431023142],
      [0.014595396191, 0.0079415423316, 0.024517739039, 0.82572725064, 0.1272180718],
      [3.7652279979e-05, 4.9494118902e-05, 0.41538827437, 0.021560323708, 0.56296425552]
    ],
    [
      [0.0011938715819, 0.0025622320389, 0.2823697392, 0.24921538069, 0.46465877649],
      [0.78561362623, 0.018112758529, 0, 0.073700528803, 0.12257308644],
      [0.086797013696, 0.15214279666, 0.2071718333, 0.31967765536, 0.23421070098],
      [0.039203174457, 0.88065492217, 0, 0.03996366413, 0.04017823924],
      [0.041147088622, 0.026745175416, 0.78229597447, 0.029327188273, 0.12048457322],
      [0, 0.013063580691, 0, 0.90496926047, 0.081967158838],
      [2.3266966839e-11, 3.6946784816e-06, 0.44782619392, 0.030734109893, 0.52143600149]
    ],
    [
      [0, 0.00032996047427, 0.22779774537, 0.17896146403, 0.59291083012],
      [0.65807707676, 0.017327385076, 0, 0.080568944484, 0.24402659368],
      [0.051225193324, 0.12851917473, 0.20089270591, 0.26789010233, 0.35147282371],
      [0.025574954575, 0.86606241009, 0, 0.033975746097, 0.074386889239],
      [0, 0.0049462721396, 0.78917517778, 0.020005919411, 0.18587263067],
      [0, 0.0061061616598, 0.0074805420508, 0.84143501389, 0.1449782824],
      [1.1930178465e-11, 2.6117517107e-06, 0.34206189058, 0.021212087559, 0.6367234101]
    ],
    [
      [0.0006477566996, 0, 0.20552755152, 0.2025041304, 0.59132056139],
      [0.72928220174, 0.0015311182369, 0, 0.078075083912, 0.19111159611],
      [0.072938055156, 0.10437014336, 0.17686703777, 0.30119176584, 0.34463299787],
      [0.060599746227, 0.75755200289, 0, 0.10007562035, 0.08177263053],
      [0.01852303659, 0, 0.72329212753, 0.0593833193, 0.19880151658],
      [0, 0, 0, 0.86687880008, 0.13312119992],
      [1.6874652919e-11, 2.3141455094e-06, 0.32263573625, 0.024323239768, 0.65303870981]
    ],
    [
      [0.00013013395619, 0.00029731402636, 0.28248088807, 0.22971905111, 0.48737261284],
      [0.76382708569, 0.018958733971, 0, 0.07387211121, 0.14334206913],
      [0.078642747923, 0.14653100969, 0.21481297563, 0.30458277413, 0.25543049262],
      [0.038123696341, 0.88018315306, 0, 0.034466956964, 0.047226193632],
      [0.02790690243, 0.013316592891, 0.80790334202, 0.021399984842, 0.12947317781],
      [0.0044772173375, 0.012833014354, 0, 0.8867152768, 0.095974491505],
      [3.8053279927e-05, 0.00012949305201, 0.43491257863, 0.027925980433, 0.53699389461]
    ],
    [
      [0.00076900601814, 0.0016555135204, 0.23087617571, 0.18274190033, 0.58395740442],
      [0.73293529529, 0.017933261114, 0, 0.061948251751, 0.18718319184],
      [0.076700044143, 0.13934705597, 0.19085138798, 0.26028727507, 0.33281423684],
      [0.042314657703, 0.86844554229, 0, 0.022819155027, 0.066420644976],
      [0.028609586425, 0.015966692183, 0.76272692342, 0.012398305607, 0.18029849236],
      [0.007625333255, 0.014888855665, 0, 0.83838035261, 0.13910545847],
      [6.0114519704e-05, 0.0001375475921, 0.34917981276, 0.021752733645, 0.62886979149]
    ],
    [
      [0, 0, 0.23951915217, 0.2126972126, 0.54778363523],
      [0.78751914039, 0.00067365351189, 0, 0.065685670273, 0.14612153582],
      [0.096892993208, 0.088895997561, 0.19977606593, 0.3056937289, 0.3087412144],
      [0.14717170032, 0.68136220085, 0.00059084988857, 0.091672078718, 0.079203170226],
      [0, 0, 0.79210087329, 0.040866284941, 0.16703284177],
      [0, 0, 0, 0.87951008835, 0.12048991165],
      [0, 0, 0.37199762032, 0.025718130819, 0.60228424887]
    ],
    [
      [0.0015831531343, 0.00085932030919, 0.23802029828, 0.16182616301, 0.59771106526],
      [0.74509453399, 0.01364283692, 0.00084459377025, 0.05102052793, 0.18939750739],
      [0.081825395974, 0.1273091179, 0.20795427418, 0.23260976825, 0.3503014437],
      [0.062632664514, 0.84531811492, 0.0010554397588, 0.015562555185, 0.075431225619],
      [0.0075456850481, 0.0062712865883, 0.80209818964, 0, 0.18408483872],
      [0.019014191066, 0.0070269263106, 0.0132987055, 0.80198412609, 0.15867605103],
      [0.000118055523, 6.5900198088e-05, 0.35051315011, 0.018962831724, 0.63034006244]
    ],
    [
      [0, 0, 0.26263430952, 0.19586651026, 0.54149918022],
      [0.71177417864, 0.012100183138, 0.0029279069086, 0.077344866283, 0.19585286503],
      [0.061318726767, 0.11986822084, 0.22701580671, 0.28227549459, 0.3095217511],
      [0.038568560076, 0.83363263114, 0.023385900265, 0.036887872079, 0.067525036445],
      [0, 0, 0.82548421557, 0.020008606669, 0.15450717776],
      [0, 0, 0.013431176121, 0.86176835596, 0.12480046792],
      [1.482125305e-11, 2.632097979e-06, 0.39457336219, 0.023242620539, 0.58218138516]
    ],
    [
      [0, 0, 0.23730405144, 0.19854577192, 0.56415017664],
      [0.69147233001, 0.012223056123, 0, 0.084003178576, 0.21230143529],
      [0.057946348202, 0.12039770569, 0.20360733744, 0.29173260243, 0.32631600624],
      [0.03458604869, 0.83758352152, 0.01032477487, 0.045970477248, 0.071535177675],
      [0, 0, 0.79567740845, 0.031640903417, 0.17268168813],
      [0, 0, 0, 0.87074302039, 0.12925697961],
      [0, 0, 0.3629108994, 0.023753222518, 0.61333587808]
    ],
    [
      [0, 0.0002849334784, 0.25753861876, 0.22426751363, 0.51790893413],
      [0.69776643649, 0.015905892188, 0, 0.09317280652, 0.1931548648],
      [0.056009945532, 0.13062940119, 0.21201184867, 0.31458804952, 0.28676075509],
      [0.023907383093, 0.86662118792, 0.0012367953845, 0.050095654028, 0.058138979575],
      [0, 0.0020600483572, 0.80823815461, 0.042719577017, 0.14698222001],
      [0, 0, 0, 0.89479064602, 0.10520935398],
      [1.4221965764e-11, 2.9647745889e-06, 0.40078452234, 0.027037285347, 0.57217522753]
    ],
    [
      [0, 0, 0.30917761379, 0.20354453994, 0.48727784627],
      [0.71923689758, 0.014470014169, 0.0067451261598, 0.080321147793, 0.1792268143],
      [0.056074659937, 0.12811825577, 0.26178845898, 0.28470196884, 0.26931665648],
      [0, 0.84587935929, 0.067721084726, 0.031317151526, 0.055082404454],
      [0, 0, 0.87330300693, 0.0054058965947, 0.12129109648],
      [0, 0, 0.029693047496, 0.86461187036, 0.10569508215],
      [1.4463620292e-11, 2.8434628753e-06, 0.45552432613, 0.024295252662, 0.52017757773]
    ],
    [
      [0, 0, 0.24436978712, 0.1903005446, 0.56532966829],
      [0.6804336406, 0.013955934221, 0.00079837811838, 0.082122002117, 0.22269004494],
      [0.053638651582, 0.11828146719, 0.21469043837, 0.28190189296, 0.3314875499],
      [0.02821625664, 0.81878304905, 0.041146551712, 0.038603295975, 0.07325084662],
      [0, 0, 0.80450189174, 0.024584097033, 0.17091401122],
      [0, 0, 0.0093609289086, 0.85727334255, 0.13336572855],
      [1.2457266481e-11, 2.5106371996e-06, 0.36832722369, 0.022594610983, 0.60907565468]
    ],
    [
      [0, 0, 0.2652295291, 0.21301470094, 0.52175576996],
      [0.72628289071, 0.0099384208262, 0.0013469070288, 0.081684212251, 0.18074756918],
      [0.064811509272, 0.1102114714, 0.226313679, 0.30347871027, 0.29518463006],
      [0.046164480155, 0.76010408807, 0.074919938747, 0.04973963822, 0.069071854808],
      [0, 0, 0.81538062075, 0.036364941042, 0.14825443821],
      [0, 0, 0.0010054321635, 0.8856412671, 0.11335330074],
      [0, 0, 0.40624275045, 0.025506756453, 0.5682504931]
    ],
    [
      [0, 0, 0.22699802423, 0.18028057798, 0.59272139779],
      [0.49993232904, 0.017430791577, 0.067076714534, 0.10501479801, 0.31054536684],
      [0.033405515685, 0.11888282086, 0.20927728547, 0.27747266897, 0.36096170901],
      [0, 0.84187626559, 0.034195457371, 0.043431304867, 0.080496972176],
      [0, 0, 0.78374614078, 0.029943754608, 0.18631010461],
      [0, 0, 0.0027579803372, 0.85197770127, 0.14526431839],
      [8.1422608719e-12, 2.4161370948e-06, 0.34224268533, 0.021232372448, 0.63652252608]
    ],
    [
      [0, 0, 0.28294795114, 0.23500974917, 0.48204229968],
      [0.71877285446, 0.012159458035, 0.0010493251708, 0.094791893684, 0.17322646865],
      [0.057695529404, 0.11918924982, 0.23406183387, 0.3258152605, 0.2632381264],
      [0.018966170358, 0.81013309327, 0.060844759282, 0.054017238888, 0.056038738204],
      [0, 0, 0.8303436946, 0.042703289458, 0.12695301594],
      [0, 0, 0, 0.90567938856, 0.094320611442],
      [0, 0, 0.43963706066, 0.02863696318, 0.53172597616]
    ],
    [
      [0, 0.0014877219711, 0.25482619092, 0.20364916709, 0.54003692002],
      [0.71817819856, 0.015982291706, 0, 0.077787776128, 0.18805173361],
      [0.062146766272, 0.13605551716, 0.21192635443, 0.2879968517, 0.30187451044],
      [0.036025712357, 0.86846448244, 0, 0.035694397391, 0.05981540781],
      [0.00041019501405, 0.0089602552674, 0.81345943821, 0.022307703032, 0.15486240848],
      [0.0031301110891, 0.010866841019, 0, 0.86793517726, 0.11806787063],
      [0, 0.00010634608719, 0.38868913508, 0.02439999188, 0.58680452695]
    ],
    [
      [0, 0, 0.25716202852, 0.20774731173, 0.53509065976],
      [0.77055238793, 0.0067260772904, 0.00050305205925, 0.066683052696, 0.15553543002],
      [0.078202705164, 0.083058088971, 0.22346153624, 0.3051284066, 0.31014926302],
      [0.097146464663, 0.56284916997, 0.20150980491, 0.052615738809, 0.085878821647],
      [0, 0, 0.808151993, 0.036354575856, 0.15549343114],
      [0, 0, 0.0034267129244, 0.879478825, 0.11709446208],
      [1.8188326545e-11, 1.8059401289e-06, 0.39217180221, 0.024876505773, 0.58294988606]
    ],
    [
      [0, 0, 0.27146316372, 0.17403547275, 0.55450136354],
      [0.65914797307, 0.0050465008968, 0.063442435209, 0.06827738907, 0.20408570175],
      [0.05938779686, 0.12865303851, 0.2363797854, 0.25438887787, 0.32119050137],
      [0.039723505242, 0.86584168779, 0.0024607016812, 0.028581239625, 0.063392865666],
      [0, 0, 0.84523196957, 0, 0.15476803043],
      [0, 0, 0.053756573534, 0.80724841075, 0.13899501572],
      [0, 0, 0.39719104703, 0.019847523672, 0.5829614293]
    ],
    [
      [0, 0, 0.26183619938, 0.18987212796, 0.54829167266],
      [0.52571071131, 0.013799540988, 0.10763552567, 0.096917020318, 0.25593720171],
      [0, 0.0066934671058, 0.37529405174, 0.28849672984, 0.32951575132],
      [0.033575449773, 0.84692526556, 0.0012739156211, 0.040882204252, 0.077343164789],
      [0, 0, 0.83013601282, 0.013688785264, 0.15617520191],
      [0, 0, 0.016703618323, 0.85532307879, 0.12797330289],
      [9.4339082343e-12, 2.0875002543e-06, 0.39067517519, 0.02244720217, 0.58687553513]
    ],
    [
      [0, 0, 0.27759016364, 0.1686521229, 0.55375771345],
      [0.70118299697, 0.012966303721, 0.0045969148487, 0.069325252785, 0.21192853168],
      [0.057214820477, 0.11664054833, 0.25470207708, 0.24529256921, 0.3261499849],
      [0.035661240266, 0.8226244867, 0.048535537245, 0.020184187187, 0.072994548601],
      [0, 0, 0.84617104088, 0, 0.15382895912],
      [0, 0, 0.040374512121, 0.81673452331, 0.14289096457],
      [1.307249084e-11, 2.4515640095e-06, 0.40088418952, 0.01992262605, 0.57919073285]
    ],
    [
      [0.00010568263564, 0.00010610507541, 0.30168609233, 0.21614908457, 0.48195303539],
      [0.758306494, 0.014269726015, 0.0029135247119, 0.072241392159, 0.15226886311],
      [0.072766800309, 0.13272272609, 0.24397795812, 0.29152615398, 0.2590063615],
      [0.05078407394, 0.86184915966, 0.0054747464495, 0.029875133667, 0.052016886286],
      [0.00083493019522, 0.00092541807574, 0.86168205774, 0.013750746697, 0.12280684729],
      [0.0035970931996, 0.0017070091497, 0.017721843293, 0.87571177349, 0.10126228087],
      [1.8206073411e-11, 3.0379405711e-06, 0.45404642505, 0.025804996247, 0.52014554075]
    ],
    [
      [0.000185181217, 0.00044883121218, 0.36728177802, 0.26759105436, 0.36449315519],
      [0.82133229975, 0.016542254651, 0, 0.071243629524, 0.090881816072],
      [0.088439833278, 0.15445124292, 0.26184620448, 0.3211346759, 0.17412804342],
      [0.054358817625, 0.88738995023, 0, 0.027980451402, 0.030270780743],
      [0.0054473274179, 0.013024913324, 0.89325860999, 0.010045908241, 0.07822324103],
      [0.0065230635975, 0.011968163819, 0.0097101037349, 0.90876270141, 0.06303596744],
      [2.5137830779e-11, 3.9682428415e-06, 0.56548064824, 0.032604215942, 0.40191116755]
    ],
    [
      [2.1689135114e-05, 0.00060678925453, 0.26350775049, 0.19912644715, 0.53673732398],
      [0.72635128701, 0.016749785875, 2.8961007193e-05, 0.073670228093, 0.18319973801],
      [0.065190550497, 0.14166170593, 0.21742373606, 0.27799865167, 0.29772535583],
      [0.041412773633, 0.87060499512, 0, 0.030706028658, 0.057276202592],
      [0, 0.013004411055, 0.82216334088, 0.013503162384, 0.15132908568],
      [0.0022306048739, 0.0095071413187, 0.0082929283479, 0.85965255725, 0.12031676821],
      [1.5872112412e-11, 3.0923782296e-06, 0.39713980105, 0.023752877632, 0.57910422892]
    ],
    [
      [0, 0, 0.24443735024, 0.19380309816, 0.56175955161],
      [0.6067752388, 0.011854860569, 0.044868253918, 0.093126380188, 0.24337526652],
      [0.048109205406, 0.10834642199, 0.21970934953, 0.28996168769, 0.33387333539],
      [0, 0.75366125749, 0.12321931926, 0.044105102286, 0.079014320955],
      [0, 0, 0.79822106444, 0.032352418003, 0.16942651756],
      [0, 0, 0.0025427209468, 0.86576185956, 0.1316954195],
      [1.1289737409e-11, 2.2851310395e-06, 0.37101275198, 0.022913649513, 0.60607131337]
    ],
    [
      [0, 0, 0.22711692359, 0.18175846684, 0.59112460957],
      [0.72749258343, 0.0094663340528, 0.00040881677809, 0.066451820253, 0.19618044549],
      [0.07098315559, 0.10431927323, 0.20140235623, 0.27244947478, 0.35084574018],
      [0.078834232189, 0.74733654568, 0.046247063104, 0.042330419138, 0.085251739889],
      [0, 0, 0.78181091531, 0.028874003145, 0.18931508154],
      [0, 0, 0.0039782370441, 0.85031897121, 0.14570279175],
      [1.6020742197e-11, 2.1919666744e-06, 0.34212867248, 0.0215581408, 0.63631099473]
    ],
    [
      [0, 0.0014337627662, 0.31816294284, 0.22008551967, 0.46031777473],
      [0.74148651982, 0.021392673017, 0.00194369468, 0.079675502968, 0.15550160951],
      [0.061100645898, 0.16274104208, 0.24807830028, 0.28898356542, 0.23909644632],
      [0.0011376267698, 0.93120476804, 0.0026105829832, 0.025024089158, 0.040022933048],
      [0, 0.014482456191, 0.87626386298, 0, 0.10925368083],
      [0, 0.014007555527, 0.019350126572, 0.8741385436, 0.092503774307],
      [1.6048095719e-11, 3.760263921e-06, 0.47726717318, 0.026373162533, 0.49635590401]
    ],
    [
      [0.0019709639263, 0.0010358875706, 0.29222120672, 0.18859204418, 0.5161798976],
      [0.81727511214, 0.011998355278, 0.0011945304204, 0.046934489456, 0.1225975127],
      [0.1013501224, 0.14121861083, 0.23211041374, 0.25186344472, 0.2734574083],
      [0.065344153576, 0.85871514295, 0.0014272921797, 0.023724951752, 0.050788459545],
      [0.0030582362285, 0.0092573255931, 0.8545407247, 0, 0.13314371348],
      [0.042048532078, 0.0056622515853, 0.017134008734, 0.81648696353, 0.11866824407],
      [2.446652495e-11, 3.1730249785e-06, 0.43069678566, 0.02243912713, 0.54686091416]
    ],
    [
      [0, 0, 0.28165007546, 0.19459338814, 0.52375653641],
      [0.78886010819, 0.0087818392237, 0.00215940275, 0.056940044376, 0.14325860546],
      [0.12945406745, 0.058260027244, 0.24940305099, 0.27043026927, 0.29245258505],
      [0.067993152599, 0.82767911729, 0.0037601529019, 0.03437377543, 0.066193801778],
      [0, 0, 0.85440124133, 0.0031071176556, 0.14249164102],
      [0.0019254311681, 0, 0.024987828253, 0.85217476505, 0.12091197553],
      [0, 0, 0.41851324048, 0.022838507212, 0.55864825231]
    ],
    [
      [0, 0, 0.30298036719, 0.19708959425, 0.49993003856],
      [0.70081950435, 0.014712753002, 0.0052544955631, 0.082922582463, 0.19629066462],
      [0.05296480829, 0.12417991024, 0.26377183979, 0.27731344346, 0.28176999823],
      [0.0015957763264, 0.82676188283, 0.08237260271, 0.029823840215, 0.059445897922],
      [0, 0, 0.87268414869, 0.00013776907791, 0.12717808224],
      [0, 0, 0.032316615515, 0.85439020245, 0.11329318204],
      [1.3013009509e-11, 2.713872338e-06, 0.4464425007, 0.023238629289, 0.53031615612]
    ],
    [
      [0, 0, 0.2417305789, 0.20335686341, 0.55491255769],
      [0.70556062617, 0.0093194051958, 0.00017534915866, 0.08308865427, 0.2018559652],
      [0.058027715417, 0.050691621658, 0.25855610839, 0.31020381713, 0.32252073741],
      [0.048239706324, 0.82664723058, 0, 0.049181107315, 0.075931955783],
      [0, 0, 0.79441804841, 0.037104088104, 0.16847786348],
      [0, 0, 0, 0.87365739154, 0.12634260846],
      [1.467969766e-11, 2.3929004033e-06, 0.37214426692, 0.024126286446, 0.60372705371]
    ],
    [
      [0.002106099771, 0.00062592256119, 0.31136157952, 0.20895463644, 0.4769517617],
      [0.78923788286, 0.012855977054, 0.0025175900655, 0.062196873093, 0.13319167693],
      [0.085714223175, 0.13330629332, 0.24892902917, 0.27950575367, 0.25254470067],
      [0.059635287417, 0.85885733575, 0.0046341084711, 0.027494365623, 0.049378902738],
      [0.0068321247508, 0.0019809880292, 0.86949821476, 0.0047598551133, 0.11692881734],
      [0.010772365241, 0.0029754477558, 0.022750695783, 0.86454841001, 0.098953081211],
      [2.0827794637e-11, 3.0516668663e-06, 0.46223659108, 0.025262690191, 0.51249766704]
    ],
    [
      [0, 0, 0.3167724165, 0.22847584275, 0.45475174075],
      [0.75336091336, 0.0082668643994, 0.0045240734111, 0.08409234552, 0.14975580331],
      [0.068749945974, 0.1189078396, 0.25639857211, 0.31117412711, 0.24476951521],
      [0.043469140544, 0.79640997088, 0.059473905559, 0.046379663115, 0.054267319902],
      [0, 0, 0.86228626595, 0.024990708018, 0.11272302603],
      [0, 0, 0.0062359575284, 0.90025845273, 0.093505589745],
      [1.7498760513e-11, 2.8056252054e-06, 0.47966941074, 0.027344039325, 0.4929837443]
    ],
    [
      [0, 0, 0.2072775502, 0.18184179088, 0.61088065892],
      [0.64601051883, 0.0096298836522, 0, 0.090561280899, 0.25379831662],
      [0.052991688638, 0.11161623884, 0.1877235288, 0.27783799869, 0.36983054503],
      [0.027092596498, 0.8073108382, 0.0090893410883, 0.069509578009, 0.086997646207],
      [0, 0, 0.75895892783, 0.035446243441, 0.20559482873],
      [0, 0, 0, 0.84952883997, 0.15047116003],
      [1.2078481955e-11, 2.3106634342e-06, 0.31629052106, 0.021595576079, 0.66211159218]
    ],
    [
      [0.00071619162821, 0.00099047310017, 0.2082344765, 0.18510101225, 0.60495784651],
      [0.71769765499, 0.013263270592, 0, 0.067793426813, 0.2012456476],
      [0.070970208867, 0.1237229759, 0.17891604434, 0.27299376992, 0.35339700098],
      [0.038288417098, 0.84377862281, 0, 0.040691006805, 0.077241953287],
      [0.030860635638, 0.0061681290213, 0.73405262855, 0.026965156716, 0.20195345008],
      [0, 0.0059065697281, 0, 0.84874145804, 0.14535197223],
      [1.625426237e-11, 2.6008441546e-06, 0.32044087264, 0.022107849453, 0.65744867705]
    ],
    [
      [0, 0, 0.26671448364, 0.21447472636, 0.51881079],
      [0.65789981401, 0.016273088432, 0.0014570089872, 0.10341179353, 0.22095829504],
      [0.046265491377, 0.12658918051, 0.22692861565, 0.30702409519, 0.29319261728],
      [0.0050982913608, 0.85628529963, 0.022154329308, 0.055802001302, 0.060660078401],
      [0, 0, 0.82602479429, 0.029933496796, 0.14404170891],
      [0, 0, 0, 0.89065581913, 0.10934418087],
      [1.18566424e-11, 2.806494241e-06, 0.40860971797, 0.025601402717, 0.56578607281]
    ],
    [
      [0.0010337739834, 0.0007788994708, 0.22548069111, 0.18170046866, 0.59100616678],
      [0.74658601288, 0.013986056302, 0, 0.059032416736, 0.18039551408],
      [0.080898912589, 0.12826995563, 0.19043424179, 0.26177356558, 0.33862332441],
      [0.054129570015, 0.84730523271, 0, 0.027715705494, 0.070849491783],
      [0.02602251519, 0.0069670546678, 0.76583440943, 0.014480209973, 0.18669581074],
      [0.011839312418, 0.011373935482, 0, 0.83384545766, 0.14294129444],
      [1.8372721709e-11, 2.7134397093e-06, 0.34120354914, 0.021708441969, 0.63708529543]
    ],
    [
      [0, 0.00021318879183, 0.17824977744, 0.18330605738, 0.63823097639],
      [0.64601832303, 0.014121954303, 0, 0.08289580119, 0.25696392147],
      [0.053307473722, 0.1185537703, 0.15886835914, 0.28081789064, 0.3884525062],
      [0.024833048779, 0.83891313295, 0, 0.048422588565, 0.087831229705],
      [0.0089549126074, 0.002893208728, 0.68864444171, 0.064403519469, 0.23510391749],
      [0, 0, 0, 0.83984988765, 0.16015011235],
      [1.2162989257e-11, 2.4309930051e-06, 0.28197919086, 0.021523581837, 0.6964947963]
    ],
    [
      [0, 0.00027979312934, 0.23824709562, 0.20920483206, 0.55226827919],
      [0.69023007476, 0.018366348708, 0, 0.089948321644, 0.20145525488],
