{
  "Z_true": {},
  "V_true": [
    [16, 67, 1177, 302],
    [618, 884, 252, 136],
    [641, 11375, 569, 896],
    [240, 337, 12820, 1264],
    [124, 886, 673, 1206]
  ],
  "p_true": [
    [0.0102, 0.0429, 0.7535, 0.1933],
    [0.327, 0.4677, 0.1333, 0.072],
    [0.0475, 0.8438, 0.0422, 0.0665],
    [0.0164, 0.023, 0.8744, 0.0862],
    [0.0429, 0.3067, 0.233, 0.4174]
  ],
  "Z_est": [
    [
      [0.8616, 0.4357, 1.2756, 1.1627, 1.5941, 0.7186, 0.5522, 0, 0, 0, 1.5696, 1.339, 0.1624, 1.5961, 0.476, 1.236, 1.3667, 0.9589, 0.1333, 0.6459, 0.7508, 0.457, 0.9635, 0.237, 0.7846, 0.0449, 0.3278, 0.1223, 0.4258, 0.5187, 0.2172, 0.8336, 2.2216, 0.9802, 0.0284, 2.3249, 0.6223, 5.1905, 0.4757],
      [0.6981, 0.4326, 1.498, 0.7965, 0.8402, 0.5873, 0.7505, 0.0455, 0, 0.2393, 1.6845, 1.3958, 0.4193, 1.3936, 0.3576, 1.6636, 1.6598, 0.8586, 0.125, 0.5745, 0.8784, 0.6755, 0.8595, 0.3193, 1.1096, 0.0759, 0.5369, 0.2211, 0.2873, 0.6215, 0.3895, 1.056, 1.7272, 0.8472, 0.0743, 3.0467, 0.6217, 3.4512, 0.405],
      [52.4107, 22.4552, 27.1108, 49.7784, 47.4145, 45.5557, 47.2397, 0.8989, 0, 0.7607, 63.8799, 44.4823, 10.9531, 55.4573, 16.6958, 61.1092, 117.001, 42.188, 6.5903, 30.1963, 36.4777, 17.3103, 38.1472, 16.0626, 19.0396, 1.8095, 13.4559, 7.4485, 10.9229, 20.2301, 8.0209, 59.9661, 109.2278, 47.8629, 2.6253, 143.1776, 18.9295, 126.6192, 15.6722],
      [1.0296, 0.6765, 1.1156, 1.2624, 1.1511, 1.1385, 1.4576, 0.0556, 0, 0, 1.8659, 1.7829, 0.4652, 1.5531, 0.4706, 1.9912, 1.9724, 0.9946, 0.1514, 0.5833, 0.8931, 0.5573, 1.0298, 0.3811, 1.0662, 0.0697, 0.6794, 0.2081, 0.364, 0.6297, 0.3723, 1.1443, 1.8235, 1.3097, 0.272, 3.4508, 0.8265, 4.7391, 0.447]
    ],
    [
      [23.2725, 10.5737, 64.502, 18.0751, 35.3034, 16.3103, 16.6088, 0, 0, 0, 20.2369, 19.8832, 2.4103, 33.8555, 13.8775, 38.9574, 32.0053, 34.8635, 8.8838, 23.8145, 28.7957, 7.6716, 19.3313, 8.6005, 13.0865, 3.293, 7.9922, 4.8034, 7.3039, 14.5033, 5.7095, 24.0228, 37.9165, 24.9794, 0.4974, 51.6852, 15.2603, 105.9413, 27.8103],
      [7.1584, 3.9399, 28.8367, 4.6429, 6.8905, 4.9651, 8.0665, 2.2211, 0.3497, 0.9605, 8.2061, 7.8023, 2.2435, 11.1458, 3.9027, 19.776, 14.043, 11.799, 3.1115, 7.9765, 12.7063, 4.2216, 6.5048, 4.3274, 6.9112, 2.033, 4.883, 3.2091, 1.8163, 6.5361, 3.7946, 11.2972, 11.1298, 8.1482, 0.4473, 25.3696, 5.7043, 26.2785, 8.8895],
      [28.4101, 10.8072, 27.4499, 15.4666, 20.7564, 20.6514, 27.5586, 1.5086, 1.6214, 0.0395, 16.5521, 13.2132, 3.0713, 23.6233, 9.6514, 38.6469, 53.0802, 30.826, 8.586, 22.3191, 28.0693, 5.7205, 15.3033, 11.501, 6.272, 2.4679, 6.4467, 5.653, 3.6253, 11.2293, 4.0947, 34.3207, 37.642, 24.4796, 0.864, 63.7576, 9.2017, 51.7763, 18.2076],
      [1.159, 0.6792, 2.2115, 0.8155, 1.0498, 1.0732, 1.7662, 0.2703, 0.0289, 0, 1.0049, 1.1013, 0.2749, 1.3753, 0.5684, 2.6197, 1.8715, 1.5116, 0.4187, 0.8899, 1.4288, 0.3863, 0.8606, 0.5712, 0.7303, 0.2061, 0.6781, 0.3344, 0.2545, 0.7314, 0.4012, 1.3593, 1.3116, 1.3927, 0.1913, 3.1877, 0.8337, 4.0039, 1.0926]
    ],
    [
      [5.2149, 3.0001, 3.5064, 7.6677, 10.199, 4.3759, 3.1867, 0, 0, 0, 17.4873, 10.6486, 0.6483, 19.5607, 12.0817, 7.9982, 6.6474, 14.2491, 2.7814, 10.0056, 9.5897, 7.9112, 11.5057, 3.8649, 6.7389, 2.5061, 2.5736, 2.1441, 10.1408, 3.6894, 3.6208, 7.8646, 17.098, 6.0233, 0, 19.0453, 6.2777, 43.2327, 4.0022],
      [154.1517, 108.3459, 134.0743, 189.1366, 200.6691, 129.1577, 166.6812, 7.5949, 5.3929, 2.9532, 668.015, 396.6518, 131.865, 619.379, 331.4515, 395.89, 299.3076, 455.9341, 93.1219, 316.1939, 402.2275, 422.8798, 367.4709, 202.0342, 343.0061, 157.8356, 152.9589, 165.6243, 263.3676, 157.9404, 252.9779, 379.7175, 475.4613, 187.6417, 78.6451, 940.6866, 225.3018, 1130.6499, 125.4613],
      [4.2094, 1.8565, 0.5868, 4.1175, 4.3214, 3.619, 4.1274, 0.1279, 0.1365, 0.0468, 8.7447, 5.0239, 1.3849, 8.7577, 5.3374, 5.2726, 8.5522, 7.9183, 1.5156, 6.2568, 5.8761, 3.0564, 5.5558, 3.5674, 2.9241, 0.6542, 1.892, 1.7995, 3.6131, 1.6345, 1.0213, 8.5924, 12.09, 3.6729, 4.9764, 16.6941, 2.9068, 18.7856, 1.6413],
      [29.424, 21.7976, 12.8324, 39.0781, 35.8104, 32.8474, 43.0047, 1.2772, 0.4707, 0, 96.7529, 65.6757, 19.1019, 90.3026, 57.1294, 61.8392, 47.4927, 68.8985, 14.5811, 41.5437, 53.3067, 44.1526, 57.4675, 31.5335, 41.3309, 19.004, 24.5754, 20.4321, 43.8786, 20.7358, 31.38, 53.8255, 66.3507, 37.6621, 28.3785, 139.5739, 38.5137, 203.3318, 17.8952]
    ],
    [
      [9.6186, 6.6841, 10.2441, 13.0291, 19.9754, 9.678, 6.2157, 0, 0, 0, 18.5159, 15.4425, 1.5761, 24.9574, 9.8871, 13.2733, 11.5608, 14.8799, 3.6981, 10.9889, 10.3394, 4.0753, 12.3368, 3.3999, 9.5651, 0.7968, 4.6223, 1.5286, 5.7333, 8.7134, 2.8294, 9.8656, 27.397, 13.1248, 0.4105, 26.6644, 10.7286, 61.1819, 13.3669],
      [3.4595, 3.1457, 5.7478, 4.4077, 5.7639, 4.3423, 7.5506, 0, 0, 0.847, 9.4689, 7.753, 2.4705, 10.5755, 3.5449, 8.6883, 8.6942, 6.2672, 1.3925, 4.7962, 5.8921, 3.05, 5.1155, 2.2513, 6.7644, 0.66, 3.7127, 1.4095, 1.8933, 4.8299, 2.5661, 6.9248, 10.5348, 5.4388, 4.1715, 18.2134, 5.1947, 22.7206, 5.5263],
      [391.1166, 226.9183, 140.002, 372.0019, 432.6207, 418.2016, 492.0442, 6.327, 6.7672, 3.153, 504.0468, 343.7247, 84.6847, 586.252, 234.246, 447.575, 813.5309, 437.1013, 117.7355, 340.6545, 336.6455, 103.6858, 326.152, 161.1986, 156.0023, 21.4875, 127.4706, 64.4291, 100.0952, 223.7196, 70.5688, 517.6864, 900.9977, 424.7731, 58.8293, 1161.7757, 218.6058, 1065.4057, 299.3414],
      [27.8053, 25.252, 21.0062, 34.5613, 38.6399, 37.7781, 54.1895, 1.673, 0.2328, 0, 53.9684, 50.0798, 13.2687, 60.2151, 24.3219, 53.4634, 48.2141, 37.7516, 10.1739, 23.5604, 30.123, 12.1889, 32.3957, 14.1501, 31.6681, 3.0557, 23.1944, 6.6328, 12.2781, 25.7371, 12.0358, 35.5232, 52.0706, 42.6632, 17.5886, 102.3465, 34.4709, 144.6918, 31.7654]
    ],
    [
      [1.0324, 0.3065, 0.4719, 2.0655, 1.9281, 0.9172, 0.4366, 0, 0, 0, 2.1902, 1.6868, 0.203, 3.0303, 1.6778, 1.5352, 1.4198, 2.0486, 0.5034, 1.5451, 1.5243, 0.885, 1.8626, 0.8977, 0.8249, 0.3592, 0.4841, 0.4015, 1.3961, 0.5752, 0.6231, 1.4133, 2.3669, 0.8922, 0.0637, 3.2801, 1.1111, 6.4537, 0.3448],
      [30.5324, 11.1359, 19.8433, 51.0163, 36.8362, 26.9476, 20.9512, 2.1384, 1.2574, 0, 84.6255, 63.397, 22.0017, 95.5061, 45.7433, 74.982, 61.2954, 66.1412, 17.2491, 49.4588, 64.2957, 47.1731, 60.0493, 45.0678, 42.2086, 22.3954, 28.9085, 27.536, 34.6355, 25.0722, 41.2718, 65.0046, 66.147, 27.924, 8.6618, 155.6837, 40.1775, 155.8998, 10.7179],
      [11.8531, 2.9628, 1.8505, 16.6356, 10.887, 10.9724, 7.0301, 0.1377, 0.4749, 0, 16.7764, 10.5559, 2.9061, 19.9097, 11.0694, 14.3964, 22.8356, 16.9664, 4.5726, 13.5734, 13.9315, 6.227, 13.8417, 11.6704, 3.7621, 2.5809, 3.7347, 4.6699, 6.7435, 4.1866, 4.2944, 19.4343, 22.0425, 8.2115, 1.705, 38.5951, 6.3562, 30.4132, 2.1375],
      [14.582, 5.5948, 4.8343, 26.2826, 16.3487, 17.1628, 13.582, 0.7239, 0.2677, 0, 30.4079, 26.3603, 7.8892, 34.5539, 19.5096, 29.0865, 24.4492, 24.8437, 6.6749, 16.4226, 21.2485, 12.7149, 23.2464, 17.3641, 13.2044, 6.6645, 11.8727, 8.3926, 14.2249, 8.1661, 12.8107, 23.1477, 23.4436, 13.9722, 10.5695, 57.4411, 17.3552, 70.2334, 3.7998]
    ]
  ],
  "V_est": [
    [33.6114, 33.2242, 1455.1832, 39.9812],
    [822.6375, 312.2455, 714.4716, 40.6454],
    [307.088, 11237.8558, 182.8674, 1753.1889],
    [426.9052, 215.7853, 12737.574, 1280.7355],
    [48.7579, 1749.8892, 400.9038, 689.4491]
  ],
  "p_est": [
    [0.0215, 0.0213, 0.9316, 0.0256],
    [0.4353, 0.1652, 0.378, 0.0215],
    [0.0228, 0.8336, 0.0136, 0.13],
    [0.0291, 0.0147, 0.8688, 0.0874],
    [0.0169, 0.6057, 0.1388, 0.2386]
  ],
  "EI_Z": {},
  "EI_V": 8.374,
  "MAE_Z": {},
  "MAE_V": 288.7622,
  "MAE_p": 0.0919,
  "runtime": 0.037
}
