{
  "X": [
    [13, 18, 166, 47, 7, 15, 35],
    [0, 1, 13, 9, 0, 0, 1],
    [3, 0, 4, 3, 0, 0, 3],
    [60, 80, 661, 174, 72, 83, 95],
    [51, 76, 581, 220, 64, 93, 87],
    [1, 0, 8, 1, 0, 2, 0],
    [8, 39, 208, 33, 22, 17, 27],
    [0, 69, 154, 17, 19, 13, 25],
    [15, 34, 392, 66, 41, 30, 66],
    [18, 54, 382, 54, 32, 33, 54],
    [0, 6, 5, 2, 1, 1, 2],
    [6, 19, 33, 7, 3, 5, 9],
    [10, 12, 51, 14, 5, 4, 10],
    [3, 14, 35, 2, 3, 2, 8],
    [1, 2, 19, 3, 0, 0, 4],
    [0, 4, 7, 6, 0, 3, 3],
    [4, 9, 38, 4, 2, 1, 4],
    [4, 8, 34, 7, 1, 2, 9],
    [4, 17, 36, 14, 0, 4, 11],
    [6, 9, 196, 22, 11, 14, 18],
    [11, 13, 222, 57, 25, 20, 26],
    [11, 30, 292, 18, 17, 28, 43],
    [7, 17, 385, 70, 34, 25, 40],
    [4, 16, 144, 18, 18, 11, 20],
    [10, 21, 211, 49, 25, 30, 31],
    [0, 6, 19, 7, 1, 1, 0],
    [24, 17, 146, 104, 29, 50, 28],
    [68, 48, 703, 214, 62, 105, 59],
    [0, 0, 4, 3, 0, 3, 1],
    [34, 39, 649, 109, 75, 49, 93],
    [21, 40, 467, 69, 42, 37, 42],
    [7, 15, 309, 38, 28, 20, 35],
    [22, 14, 157, 66, 30, 22, 20],
    [1, 1, 19, 10, 4, 9, 6],
    [39, 87, 329, 90, 52, 35, 51],
    [0, 6, 12, 5, 1, 0, 5],
    [2, 4, 16, 3, 1, 5, 6],
    [29, 18, 456, 161, 65, 69, 47],
    [9, 11, 168, 48, 8, 20, 16],
    [9, 17, 372, 88, 31, 33, 38],
    [19, 21, 342, 117, 79, 55, 54],
    [6, 9, 347, 98, 31, 43, 46],
    [41, 24, 534, 230, 73, 73, 70],
    [15, 15, 309, 116, 37, 41, 30],
    [14, 18, 468, 157, 63, 61, 49],
    [10, 8, 58, 89, 27, 25, 14],
    [16, 25, 117, 19, 15, 11, 20],
    [12, 33, 241, 55, 23, 13, 34],
    [2, 9, 44, 7, 10, 0, 5],
    [1, 0, 18, 2, 2, 2, 2],
    [9, 82, 225, 34, 23, 15, 22],
    [7, 13, 34, 17, 7, 5, 2],
    [1, 6, 12, 6, 1, 0, 0],
    [0, 3, 7, 3, 0, 1, 1],
    [11, 39, 405, 49, 39, 22, 70],
    [20, 50, 570, 94, 55, 41, 50],
    [7, 16, 258, 38, 22, 9, 28],
    [18, 44, 368, 75, 31, 27, 55],
    [1, 20, 181, 51, 20, 24, 26],
    [47, 80, 565, 160, 68, 74, 68],
    [32, 51, 325, 105, 43, 47, 38],
    [12, 29, 347, 97, 49, 28, 55],
    [7, 26, 262, 48, 29, 23, 30],
    [15, 50, 652, 111, 56, 33, 74],
    [3, 10, 160, 21, 11, 12, 14],
    [16, 22, 326, 59, 22, 24, 37],
    [6, 12, 197, 44, 22, 9, 33],
    [4, 7, 22, 25, 3, 1, 0],
    [5, 2, 10, 9, 2, 6, 3],
    [70, 60, 438, 266, 75, 60, 49],
    [25, 8, 192, 66, 13, 32, 22],
    [8, 16, 85, 45, 14, 13, 26],
    [7, 5, 46, 43, 17, 9, 7],
    [9, 18, 397, 134, 31, 14, 36],
    [70, 90, 746, 290, 81, 90, 108],
    [10, 9, 128, 32, 12, 6, 15],
    [60, 162, 623, 220, 70, 74, 130],
    [7, 33, 87, 29, 4, 4, 11]
  ],
  "W": [
    [6, 20, 56, 192, 27],
    [0, 2, 9, 13, 0],
    [1, 0, 4, 6, 2],
    [53, 59, 209, 759, 145],
    [57, 81, 232, 702, 100],
    [2, 0, 2, 8, 0],
    [13, 35, 34, 228, 44],
    [13, 66, 20, 180, 18],
    [23, 36, 75, 434, 76],
    [23, 50, 55, 414, 85],
    [3, 1, 1, 7, 5],
    [3, 17, 9, 41, 12],
    [2, 10, 13, 64, 17],
    [1, 10, 7, 43, 6],
    [0, 4, 3, 19, 3],
    [2, 7, 3, 7, 4],
    [1, 10, 7, 39, 5],
    [2, 10, 9, 38, 6],
    [4, 16, 13, 42, 11],
    [15, 13, 27, 202, 19],
    [15, 16, 69, 245, 29],
    [18, 33, 23, 319, 46],
    [27, 17, 70, 403, 61],
    [8, 20, 19, 152, 32],
    [18, 14, 47, 237, 61],
    [1, 2, 9, 22, 0],
    [29, 12, 126, 186, 45],
    [65, 46, 259, 763, 126],
    [2, 1, 2, 5, 1],
    [45, 55, 130, 695, 123],
    [33, 45, 81, 499, 60],
    [13, 22, 40, 339, 38],
    [8, 14, 77, 205, 27],
    [9, 5, 11, 21, 4],
    [13, 74, 99, 406, 91],
    [0, 6, 4, 13, 6],
    [3, 7, 5, 18, 4],
    [42, 25, 195, 510, 73],
    [13, 15, 60, 178, 14],
    [20, 16, 101, 418, 33],
    [44, 23, 141, 406, 73],
    [37, 12, 104, 390, 37],
    [52, 27, 260, 610, 96],
    [28, 24, 141, 326, 44],
    [37, 19, 167, 532, 75],
    [17, 9, 108, 82, 15],
    [9, 28, 23, 133, 30],
    [7, 40, 70, 240, 54],
    [2, 8, 10, 51, 6],
    [0, 3, 3, 21, 0],
    [16, 75, 36, 249, 34],
    [1, 14, 24, 36, 10],
    [0, 5, 7, 14, 0],
    [0, 3, 3, 7, 2],
    [25, 41, 58, 449, 62],
    [34, 42, 102, 620, 82],
    [11, 10, 45, 272, 40],
    [21, 45, 80, 394, 78],
    [16, 18, 53, 197, 39],
    [56, 75, 177, 633, 121],
    [26, 44, 127, 385, 59],
    [18, 30, 102, 405, 62],
    [20, 30, 56, 281, 38],
    [32, 49, 125, 689, 96],
    [10, 16, 21, 166, 18],
    [18, 19, 63, 355, 51],
    [10, 16, 46, 222, 29],
    [0, 2, 27, 28, 5],
    [2, 4, 13, 12, 6],
    [32, 54, 287, 533, 112],
    [8, 9, 79, 223, 39],
    [14, 13, 49, 102, 29],
    [6, 6, 54, 48, 20],
    [7, 25, 143, 410, 54],
    [50, 84, 347, 867, 127],
    [7, 12, 34, 134, 25],
    [55, 167, 244, 712, 161],
    [4, 30, 30, 92, 19]
  ],
  "method": "mvn_pdf",
  "cond_prob": [
    [
      [0.00086683964291, 0.026667255751, 0.15759469612, 0.01050339488, 0.06293855139, 0.62869968757, 0.11272957465],
      [0.010282757198, 0.60920810134, 0.080177813412, 0.0092530453792, 0.00012620013478, 0.0035149399086, 0.28743714263],
      [0.095223291421, 0.0089185016185, 0.021113475534, 0.75883954369, 0.035070530816, 0.080834656918, 0],
      [0.016360105327, 0.0205896677, 0.80249038463, 0.016651250682, 0.016956429045, 0.029463380019, 0.097488782593],
      [0.15983330652, 0.04456230184, 0.30334692872, 0.039254227608, 0.051861503206, 0.036066419459, 0.36507531265]
    ],
    [
      [0.00026220006435, 0.01020160388, 0.42315436386, 0.026465016881, 0.067750134262, 0.41428693108, 0.057879749979],
      [0, 0.5, 0.25848698223, 0.022357801326, 0, 0, 0.21915521645],
      [0, 0, 0.034012989048, 0.9564322182, 0, 0, 0.0095547927567],
      [0, 0, 0.93668531801, 0.026722648738, 0, 0, 0.036592033254],
      [0.029540326682, 0.013855003246, 0.67257700473, 0.062485893819, 0.040585605186, 0.011496656053, 0.16945951029]
    ],
    [
      [0, 0, 0.24776408164, 0.042412561029, 0, 0, 0.70982335733],
      [0.10797659772, 2.7800082524e-05, 0.0243469874, 0.0037029397478, 0.00029484489472, 0.00022479599805, 0.86342603416],
      [0.44133322177, 0, 0.15998711549, 0.39867966274, 0, 0, 0],
      [0, 0, 0.49518083607, 0.20434339629, 0, 0, 0.30047576764],
      [0.61733355646, 0, 0.070601219989, 0.068404205127, 0, 0, 0.24366101843]
    ],
    [
      [0.00073692598223, 0.037168022023, 0.14109610309, 0.010516683293, 0.10275224742, 0.64863136626, 0.059098651927],
      [0.009752716525, 0.76971073944, 0.066431621984, 0.0087259159544, 0.0019381470052, 0.003243112069, 0.14019774703],
      [0.097448198784, 0.01080826321, 0.014913364866, 0.72913780958, 0.061531470095, 0.084400500428, 0.0017603930358],
      [0.014458339699, 0.026196727473, 0.79105828465, 0.018205006839, 0.051070056878, 0.031955733629, 0.067055850827],
      [0.19341365014, 0.072240814089, 0.31774006572, 0.046347478282, 0.10218986064, 0.0450833625, 0.22298476863]
    ],
    [
      [0.00067686309299, 0.020203570993, 0.10763285165, 0.015471338005, 0.089779150198, 0.71903892102, 0.047197305036],
      [0.015245221721, 0.68653391886, 0.083848266228, 0.021141632428, 0.0026849696497, 0.0056578053307, 0.18488818578],
      [0.068382717681, 0.004630799247, 0.0096621488814, 0.80760807505, 0.039686292967, 0.068636491434, 0.0013934747395],
      [0.017510381653, 0.019293856318, 0.76546896146, 0.031273660849, 0.055505524237, 0.04244441658, 0.068503198901],
      [0.21569477422, 0.046205164651, 0.28472388405, 0.080864781792, 0.10493007914, 0.058368528182, 0.20921278797]
    ],
    [
      [0, 0, 0.15831696824, 0.00828173711, 0, 0.83340129465, 0],
      [0.00012300905008, 0.0010334801993, 0.99606478881, 0.00076105893628, 0.0020176491825, 1.1821258866e-08, 1.9965240322e-09],
      [0.5, 0, 0.068871196627, 0.3780753882, 0, 0.053053415178, 0],
      [0, 0, 0.94320295878, 0.028410718674, 0, 0.028386322543, 0],
      [0.9520152722, 7.5653733315e-05, 0.038551728646, 0.0030842525427, 0.0020180190352, 0.0031088234326, 0.0011462504075]
    ],
    [
      [0.0003857856842, 0.045979087483, 0.17509486413, 0.011847247128, 0.12907015412, 0.57860193826, 0.0590209232],
      [0.0043933850259, 0.80129968544, 0.066896445084, 0.0079890339021, 0.0022260699391, 0.0024339576306, 0.11476142298],
      [0.05138051566, 0.012340521924, 0.016408530401, 0.7810733921, 0.070255749859, 0.066992674446, 0.0015486156074],
      [0.0059684301759, 0.026950338213, 0.81633611184, 0.01665914698, 0.054473438816, 0.023914170301, 0.055698363675],
      [0.10757901586, 0.086193818513, 0.37954244671, 0.05026338086, 0.12353490917, 0.037791011946, 0.21509541694]
    ],
    [
      [0, 0.076930891572, 0.1666990918, 0.0077287955805, 0.15728859563, 0.51530737498, 0.076045250447],
      [0, 0.85400072785, 0.043951468822, 0.0030476419896, 0.002198215093, 0.0019288281518, 0.094873118093],
      [0, 0.062192485457, 0.022378828747, 0.71589801121, 0.11611039554, 0.080816293325, 0.0026039857232],
      [0, 0.038971138358, 0.7906301405, 0.010101032882, 0.066239422954, 0.022146478937, 0.071911786368],
      [0, 0.18762198654, 0.34283961107, 0.031235285725, 0.14249233435, 0.03172274401, 0.2640880383]
    ],
    [
      [0.00040295569385, 0.02596989644, 0.18655835014, 0.010481555401, 0.13408172499, 0.55376098675, 0.088744530583],
      [0.006798325928, 0.62900462804, 0.10220015591, 0.010064463629, 0.0029827199266, 0.0031903218844, 0.24575938468],
      [0.060133013547, 0.008026673729, 0.020254856164, 0.75526789309, 0.081595096211, 0.072730115083, 0.001992352176],
      [0.005619441497, 0.01563790557, 0.81686887562, 0.013069614738, 0.052558908783, 0.021092539826, 0.075152713961],
      [0.10259445605, 0.044337818753, 0.3682861329, 0.04051708891, 0.11682294447, 0.033417431594, 0.29402412731]
    ],
    [
      [0.00052267838044, 0.03576658437, 0.17138440117, 0.011235315428, 0.10268389968, 0.61602204869, 0.062385072282],
      [0.0064688213067, 0.74952504745, 0.080831569641, 0.0093242995608, 0.0018472317316, 0.0031293528905, 0.14887367742],
      [0.062360651206, 0.01035447432, 0.017202080812, 0.77216229543, 0.059329590176, 0.076827616046, 0.0017632920075],
      [0.0085266955765, 0.02243644466, 0.8229008382, 0.016048753765, 0.042819345186, 0.026302672325, 0.060965250286],
      [0.12593705349, 0.068740376591, 0.38105316272, 0.048967793641, 0.1006537924, 0.041884706005, 0.23276311515]
    ],
    [
      [0, 0.63007411516, 0.16930039715, 0.046387995041, 0.037499570639, 0.045307852414, 0.071430069593],
      [0, 0.88504413362, 0.054840798423, 0.015108149393, 0.011349663576, 0.011272544303, 0.022384710688],
      [0, 0.19558239183, 0.055495049915, 0.69985309415, 0.013789917798, 0.01275392421, 0.022525622097],
      [0, 0.13953055631, 0.42711651178, 0.10834210928, 0.081774384816, 0.079569978686, 0.16366645913],
      [0, 0.41048744698, 0.27838947555, 0.077496001269, 0.057988202599, 0.056612024689, 0.11902684891]
    ],
    [
      [0.00053159642249, 0.071441985875, 0.10425834504, 0.0072763112393, 0.064531615196, 0.67960608205, 0.072354064173],
      [0.0034698045244, 0.87053058094, 0.024442523489, 0.0041823704417, 0.0019415717319, 0.0047249776573, 0.090708171212],
      [0.18193142963, 0.022061204345, 0.012055162977, 0.65162179059, 0.043918528392, 0.08533190819, 0.0030799758784],
      [0.019339512922, 0.055784162063, 0.72317314073, 0.017149565091, 0.041208216218, 0.040828862561, 0.10251654042],
      [0.29242630311, 0.12507939022, 0.20942556908, 0.028278540397, 0.057382901209, 0.036573882912, 0.25083341308]
    ],
    [
      [0.0014951087535, 0.052960405468, 0.13157707952, 0.022116454992, 0.10071798342, 0.61961682875, 0.071516139095],
      [0.014789976844, 0.81671495576, 0.040654244828, 0.012310894919, 0.0019039917532, 0.0023356154231, 0.11129032047],
      [0.14492640455, 0.0072515471334, 0.0081872164153, 0.77676815712, 0.027297034149, 0.032217042917, 0.0033525977112],
      [0.010532865379, 0.039539305621, 0.73546242077, 0.04196027944, 0.052471091485, 0.029786643558, 0.090247393744],
      [0.42888019827, 0.064831997585, 0.18554556763, 0.061718483182, 0.062736048038, 0.024249614273, 0.17203809101]
    ],
    [
      [0.00087034859245, 0.20252999517, 0.16772510144, 0.0016115863177, 0.08769656752, 0.39062804216, 0.1489383588],
      [0, 0.9106448816, 0.025719631469, 0, 0.0022903675512, 0.0017872327086, 0.059557886674],
      [0.30901538851, 0.12693601889, 0.047785942768, 0.28301841324, 0.12199184417, 0.10323817962, 0.0080142128065],
      [0.0035372749416, 0.055486909869, 0.76417725992, 0, 0.040118626012, 0.0182443954, 0.11843553386],
      [0.11398651823, 0.23608865537, 0.23015913464, 0.0028765868379, 0.051725988213, 0.014053895201, 0.3511092215]
    ],
    [
      [0.00074399996968, 0.017604129779, 0.37148934328, 0.014108560153, 0.065067153062, 0.37195199319, 0.15903482057],
      [0.0083267069209, 0.45003364037, 0.14932678944, 0.0092456387377, 0, 0, 0.38306722452],
      [0.076947518245, 0.0025970401925, 0.01683412158, 0.90153997734, 0, 0, 0.0020813426381],
      [0.016149675803, 0.007081253371, 0.89462990311, 0.0086508369204, 0, 0, 0.073488330795],
      [0.14300225911, 0.019176834627, 0.45140743946, 0.031343870511, 0, 0, 0.3550695963]
    ],
    [
      [0, 0.0094921480131, 0.047546109177, 0, 0, 0.91924688787, 0.023714854935],
      [0, 0.48484145382, 0.17217846115, 0.072527010461, 0, 0.028834658187, 0.24161841639],
      [0, 0.0046458144479, 0.038799754843, 0.92203327925, 0, 0.011226632348, 0.023294519111],
      [0, 0.037577467133, 0.68079331407, 0.10156960555, 0, 0.085407275408, 0.094652337839],
      [0, 0.077536453489, 0.20442652265, 0.50380596255, 0, 0.08203319801, 0.13219786331]
    ],
    [
      [0.0018404909353, 0.052496523024, 0.32095608054, 0.0062259562824, 0.11546683166, 0.42360018189, 0.079413935665],
      [0.011286679832, 0.77984174175, 0.088078157305, 0.0029497654627, 0.0017055648171, 0.00018075835763, 0.11595733247],
      [0.30698449063, 0.015322997623, 0.033477331745, 0.52741217516, 0.067427049643, 0.045960510819, 0.0034154443767],
      [0.0025508135239, 0.019821550373, 0.88937190828, 0.0051910976575, 0.028325442921, 0.0049398317758, 0.049799355473],
      [0.32738390978, 0.053756922305, 0.37568332028, 0.013987670866, 0.058159179748, 0.012043043908, 0.15898595311]
    ],
    [
      [0.001610925438, 0.043687499739, 0.22567948699, 0.010064237943, 0.07022772831, 0.48238767757, 0.16634244401],
      [0.0099917683816, 0.66095370872, 0.067884252337, 0.0054968775176, 0, 0.0016970264402, 0.2539763666],
      [0.18883971658, 0.011338050138, 0.022130986028, 0.70079489951, 0.031650214585, 0.044245966689, 0.0010001664688],
      [0.018414187106, 0.024155701962, 0.81627471136, 0.01252603414, 0.009564905399, 0.013927152278, 0.10513730776],
      [0.24959398434, 0.047188131249, 0.2753634328, 0.023626559337, 0.035204367826, 0.015134815618, 0.35388870882]
    ],
    [
      [0.04215438268, 0.092684833218, 0.15711544668, 0.022629219755, 0, 0.55906241842, 0.12635369925],
      [0, 0.83053829194, 0.035234005361, 0.0099197682771, 0, 0.0028634831253, 0.1214444513],
      [0.067218301416, 0.0096070737109, 0.01290662407, 0.8782253244, 0, 0.031971362222, 7.1314177483e-05],
      [0.018439356437, 0.045399032657, 0.75993215329, 0.03761277384, 0, 0.024614318447, 0.11400236532],
      [0.19846287096, 0.11899969693, 0.24753250693, 0.068554646365, 0, 0.024409592061, 0.34204068675]
    ],
    [
      [0.00063667818514, 0.016898955833, 0.25570977725, 0.0087564295017, 0.10531287844, 0.54551251699, 0.067172763809],
      [0.010381278006, 0.55366607378, 0.17904053638, 0.010844672059, 0.0027027099022, 0.0038782652925, 0.23948646458],
      [0.078057773451, 0.0052451277177, 0.030432471118, 0.73761585798, 0.069601550108, 0.076776203501, 0.0022710161227],
      [0.0075707575962, 0.0043400480229, 0.88987240445, 0.0058413530634, 0.028862784428, 0.015373122173, 0.048139530263],
      [0.11677054187, 0.027923608126, 0.48741704992, 0.033267965073, 0.088191962498, 0.03097719068, 0.21545168183]
    ],
    [
      [0.00064354444396, 0.017790373366, 0.19064029338, 0.010958757965, 0.1408582336, 0.57353745061, 0.065571346634],
      [0.010876331818, 0.58859716604, 0.13762017643, 0.013874717983, 0.0040610484052, 0.0043280736012, 0.24064248571],
      [0.06822753972, 0.0046224028452, 0.018691680376, 0.75473990606, 0.081041376401, 0.070631984804, 0.002045109794],
      [0.009627854384, 0.0084359933334, 0.83309473576, 0.01321027845, 0.054997108012, 0.022062097675, 0.058571932383],
      [0.12930348136, 0.032062951027, 0.39794953685, 0.044829358776, 0.12951735472, 0.036167868319, 0.23016944895]
    ],
    [
      [0.0004977890862, 0.022137187793, 0.1544278621, 0.0052171620302, 0.074141229799, 0.68006210372, 0.063516665469],
      [0.0079393436723, 0.66141151808, 0.10340321345, 0.005979129087, 0.0015882498849, 0.0046610839484, 0.21501746188],
      [0.091867594555, 0.011034351454, 0.026956191734, 0.65052758793, 0.07338295311, 0.1432964318, 0.0029348894203],
      [0.009120140812, 0.016539625723, 0.83727031166, 0.0047782461613, 0.031681156403, 0.031087082776, 0.069523436462],
      [0.12406004047, 0.048804779, 0.39345153495, 0.026573582082, 0.083020626161, 0.052010196212, 0.27207924113]
    ],
    [
      [0, 0.021743234895, 0.23646043799, 0.015826855646, 0.14008771776, 0.51699139791, 0.068890355802],
      [0.006299507322, 0.60705716862, 0.14673004574, 0.017209466486, 0.0034799348674, 0.0032834038108, 0.21594047315],
      [0.0267245883, 0.013580092042, 0.019069621211, 0.82740795919, 0.062308660411, 0.049221881566, 0.0016871972784],
      [0, 0.007319620112, 0.86143214488, 0.019239340378, 0.046089934466, 0.014173929947, 0.05174503022],
      [0.082330937615, 0.035943400709, 0.45293654961, 0.059149223797, 0.11840365425, 0.029963752679, 0.22127248134]
    ],
    [
      [0.00014876037715, 0.019483274189, 0.18058532623, 0.0095595455755, 0.15784402008, 0.57541602646, 0.05696304709],
      [0.0060413937654, 0.63917261929, 0.12788704069, 0.01190078025, 0.0044179417411, 0.004344504256, 0.20623572001],
      [0.045533067877, 0.0060910300916, 0.019662977433, 0.75165694707, 0.099160821908, 0.075938029475, 0.0019571261481],
      [0.0015956209045, 0.011254507593, 0.83146138963, 0.013386433887, 0.063608147921, 0.023798209772, 0.054895690295],
      [0.086572480454, 0.038570834216, 0.41380777442, 0.042790252668, 0.15926234076, 0.039050976806, 0.21994534067]
    ],
    [
      [0.00015965238618, 0.025460794003, 0.11449342296, 0.012374606759, 0.092077691989, 0.71160341513, 0.043830416775],
      [0.0057103734764, 0.7553998059, 0.074208893421, 0.014059787421, 0.0024356978606, 0.0046327544427, 0.14355268747],
      [0.038191228227, 0.0070779006533, 0.01086214241, 0.80988955441, 0.050451430076, 0.082108410386, 0.001419333834],
      [0.0056880039648, 0.023616811943, 0.78662304805, 0.025684976308, 0.056909842993, 0.039622350561, 0.061854966184],
      [0.11105141577, 0.066168240393, 0.34360673441, 0.07259461659, 0.12212543887, 0.063552255647, 0.22090129832]
    ],
    [
      [0, 0.72427396836, 0.10922478973, 0.0063895999634, 0.027858857176, 0.13225278478, 0],
      [0, 0.96273383368, 0.026637826412, 0.0073464720337, 0.0015078011559, 0.0017740667228, 0],
      [0, 0.21658724001, 0.13629033427, 0.56953593663, 0.039782141929, 0.037804347166, 0],
      [0, 0.063680600193, 0.80049484314, 0.084231546651, 0.027776648325, 0.023816361695, 0],
      [0.0044591667367, 0.82840326549, 0.11089452907, 0.0053070302938, 0.012746049386, 0.003452587434, 0.034737371588]
    ],
    [
      [0.00051422972681, 0.017294442874, 0.067587527487, 0.010182107572, 0.082249884253, 0.78519774121, 0.036974066879],
      [0.014313080917, 0.72641829531, 0.061978416049, 0.016204532813, 0.0030454543877, 0.0067824751686, 0.17125774536],
      [0.07773664683, 0.0064124989293, 0.010802119547, 0.74950538548, 0.053059519213, 0.099506690564, 0.0029771394345],
      [0.021017723671, 0.024956590678, 0.7064872519, 0.032243769046, 0.076400567754, 0.059201035743, 0.079693061204],
      [0.2246492503, 0.051812019595, 0.23396721763, 0.068338774963, 0.12627117513, 0.07996978097, 0.21499178141]
    ],
    [
      [0.00059302337243, 0.01731007154, 0.14195964832, 0.010701249158, 0.082716178374, 0.71104069332, 0.035679135922],
      [0.019331575307, 0.67037769412, 0.12493012517, 0.016416530958, 0.0028136069029, 0.0065951782206, 0.15953528932],
      [0.10286207693, 0.0050574508573, 0.01690558301, 0.73320622791, 0.049356957294, 0.092611703999, 0],
      [0.014142762589, 0.012920397365, 0.83546887598, 0.020837438085, 0.041715030709, 0.035861408932, 0.03905408634],
      [0.23523805743, 0.038645463958, 0.36654395817, 0.053570476932, 0.094301604109, 0.056589606232, 0.15511083317]
    ],
    [
      [0, 0, 0, 0, 0, 0.98420527891, 0.01579472109],
      [0, 0, 0.24688082295, 0.22999409428, 0, 0.064356378308, 0.45876870447],
      [0, 0, 0, 0.97080574526, 0, 0.015456719587, 0.013737535157],
      [0, 0, 0.69303556008, 0.089996076381, 0, 0.14753725436, 0.069431109187],
      [0, 0, 0.28794137668, 0.37841403331, 0, 0.19863335291, 0.1350112371]
    ],
    [
      [0.00069351434166, 0.017385227918, 0.20695753683, 0.01042774223, 0.15868759705, 0.5282231413, 0.077625240334],
      [0.012091157502, 0.54355772242, 0.14628864929, 0.012972172229, 0.0044183554798, 0.0038890441551, 0.27678289893],
      [0.079557158907, 0.0046558372547, 0.02218027596, 0.72874955018, 0.094432636745, 0.068270045138, 0.0021544958156],
      [0.0095578155216, 0.0061214916509, 0.83540576197, 0.011973806818, 0.05619523307, 0.017798337303, 0.062947553672],
      [0.13267207924, 0.028148735531, 0.39146824952, 0.038683291588, 0.13239120993, 0.030659438371, 0.24597699582]
    ],
    [
      [0.00072781852585, 0.023818894927, 0.20945492047, 0.010475569033, 0.13231058775, 0.56933795589, 0.053874253402],
      [0.011067943363, 0.66597250196, 0.13221302113, 0.011612014572, 0.0033444490315, 0.0037658836741, 0.17202418627],
      [0.081219171607, 0.0070116807707, 0.021891389889, 0.73722543015, 0.078441039383, 0.072993952441, 0.0012173357627],
      [0.010162659858, 0.012327660244, 0.855016201, 0.011797362749, 0.048021987596, 0.020018947516, 0.042655181034],
      [0.14713340614, 0.042096087918, 0.42853524653, 0.042160361876, 0.11944257329, 0.035673628866, 0.18495869538]
    ],
    [
      [0.00031405304359, 0.014531937014, 0.19118024329, 0.010807986805, 0.13360751515, 0.58639144993, 0.063166814766],
      [0.0085019675409, 0.54348234145, 0.15801157346, 0.015694321622, 0.0044356911882, 0.0050759185586, 0.26479818618],
      [0.048612970448, 0.0039365991909, 0.019996887107, 0.77171961995, 0.079364680123, 0.074509672059, 0.0018595711273],
      [0.0036504123486, 0.004849687338, 0.84400701478, 0.014340974499, 0.053155049732, 0.022976187007, 0.0570206743],
      [0.095443826854, 0.027709613994, 0.42421444021, 0.046943314285, 0.13082547455, 0.039366491185, 0.23549683893]
    ],
    [
      [0.00068556051647, 0.014573362555, 0.087027676095, 0.013675166078, 0.14477907104, 0.7033242754, 0.035934888323],
      [0.030735436811, 0.66638754433, 0.086633317438, 0.023578235953, 0.0050944276552, 0.0070074056131, 0.1805636322],
      [0.11060681882, 0.0037257507079, 0.013175509091, 0.73961562267, 0.063135597649, 0.06725797209, 0.0024827289656],
      [0.020122000228, 0.016712411308, 0.72325031893, 0.033313881774, 0.095974873937, 0.047352357497, 0.063274156331],
      [0.33046238164, 0.03115038357, 0.21518824324, 0.06595387624, 0.1568205655, 0.051452036314, 0.14897251349]
    ],
    [
      [0.0023749072289, 0, 0.088054195933, 0.0088208337622, 0.10368989787, 0.75108427147, 0.045975893735],
      [0.075734153567, 0.19518545046, 0.15387919294, 0.027811709156, 0.0098358648633, 0.012143895358, 0.52540973366],
      [0.02122830524, 0, 0.0090037612346, 0.82602253439, 0.062351649658, 0.081393749479, 0],
      [0.0010511493844, 0, 0.76744971251, 0.020924040429, 0.082891711795, 0.048292833318, 0.079390552568],
      [0.086092393099, 0.0060181869258, 0.30565773392, 0.063975305771, 0.14775437522, 0.067510334017, 0.32299167104]
    ],
    [
      [0.00085722330442, 0.046890720772, 0.11068092623, 0.012636855621, 0.13366333405, 0.64716572661, 0.048105213413],
      [0.009313220646, 0.83399540826, 0.045360111751, 0.009007967717, 0.0019489027816, 0.0028393715066, 0.097535017337],
      [0.096770456309, 0.010930573674, 0.011101337206, 0.74325804844, 0.066741851714, 0.069951695921, 0.001246036735],
      [0.018383541843, 0.037477858239, 0.73897077329, 0.0257038113, 0.077004707368, 0.037787370023, 0.064671937934],
      [0.23357895172, 0.092050804174, 0.25366300384, 0.0566026053, 0.13458025649, 0.045163098209, 0.18436128027]
    ],
    [
      [0.00032310696337, 0.092855110007, 0.22834885454, 0.029873728836, 0.10829722297, 0.34402862909, 0.1962733476],
      [0, 0.8138099147, 0.030887873834, 0.015648103771, 0.0056987918842, 0, 0.13395531581],
      [0, 0.0053258473117, 0.0065033819783, 0.96136469629, 0.018550134886, 0, 0.0082559395348],
      [0, 0.020346924645, 0.77664854388, 0.046185567516, 0.040153432165, 0, 0.1166655318],
      [0, 0.13855451703, 0.28203802645, 0.076706702418, 0.061602015169, 0, 0.44109873894]
    ],
    [
      [0.0031533939794, 0.006925542856, 0.055981357547, 0.0020820430781, 0.023118843367, 0.86974045906, 0.038998360108],
      [0.017896627853, 0.50069321453, 0.08908458045, 0.0052179021191, 0.0016526056497, 0.0028794877614, 0.38257558163],
      [0.13045580728, 0.007784609345, 0.020184626952, 0.54849090883, 0.047060064877, 0.24602398272, 0],
      [0.030075662963, 0.01830932842, 0.77768922852, 0.0082823008907, 0.02693396396, 0.045987127695, 0.092722387554],
      [0.16790561334, 0.026469977852, 0.27728365403, 0.016423148938, 0.049740888674, 0.078183499094, 0.38399321807]
    ],
    [
      [0.00056779181416, 0.010224746367, 0.13414215736, 0.01030180167, 0.12364037615, 0.68048537049, 0.040637756142],
      [0.014962853965, 0.55176980489, 0.15711341616, 0.021088062158, 0.0056903806032, 0.0083739179598, 0.24100156427],
      [0.062960221494, 0.0013714452096, 0.016266994754, 0.74834139971, 0.077552232838, 0.09239248313, 0.0011152228601],
      [0.011116557715, 0.0033191537125, 0.81570545861, 0.019682857992, 0.065583756425, 0.035200748374, 0.049391467171],
      [0.1459642982, 0.02487829207, 0.37337460436, 0.055825921311, 0.15197867817, 0.058100693281, 0.18987751261]
    ],
    [
      [0.00073382606572, 0.015087776613, 0.18880482423, 0.0091577792194, 0.068138128066, 0.66562788456, 0.052449781246],
      [0.01235597882, 0.5870249643, 0.15717221863, 0.0133025469, 0.0015555394624, 0.0057635513926, 0.22282520049],
      [0.079855290025, 0.0044960395616, 0.023835523312, 0.75009494537, 0.04380343018, 0.095706686089, 0.0022080854625],
      [0.011099099765, 0.0072508400586, 0.87330520059, 0.011664276373, 0.019444625314, 0.027285019447, 0.049950938453],
      [0.14558310137, 0.031290895381, 0.45067835012, 0.042819482154, 0.071537294756, 0.047232114494, 0.21085876172]
    ],
    [
      [0.00022784984334, 0.019513735325, 0.17814945145, 0.011132400989, 0.10723209032, 0.62173445964, 0.062010012429],
      [0.0068332978171, 0.62276182943, 0.12636786392, 0.01385443608, 0.0030054822991, 0.0046426229558, 0.2225344675],
      [0.045308793103, 0.005683830954, 0.01875499289, 0.78384867468, 0.064149906871, 0.080278394215, 0.0019754072902],
      [0.0028802214572, 0.011409429137, 0.83915080468, 0.016047890024, 0.044680578947, 0.026121804501, 0.059709271258],
      [0.094120895926, 0.039464476274, 0.41684347006, 0.05087717668, 0.11065599645, 0.044363537661, 0.24367444695]
    ],
    [
      [0.00041319104352, 0.013894921739, 0.12143163652, 0.010781381322, 0.209259241, 0.58996701817, 0.0542526102],
      [0.010034925062, 0.58897279244, 0.11386818288, 0.017152946237, 0.0063118996883, 0.0060584981816, 0.25760075551],
      [0.050764946219, 0.0037947758123, 0.018326891457, 0.72583173187, 0.11963517803, 0.079048048054, 0.002598428559],
      [0.0087829669274, 0.010093489803, 0.76173995094, 0.024792851641, 0.088546279533, 0.035440973919, 0.070603487232],
      [0.10996266203, 0.030263410519, 0.30393873983, 0.050999034225, 0.230535207, 0.046127336378, 0.22817361002]
    ],
    [
      [0, 0.012190729193, 0.16911550595, 0.014074913799, 0.10403738008, 0.62570928247, 0.074872188514],
      [0.0071263996664, 0.49357190445, 0.14441585341, 0.020813287465, 0.0035238004293, 0.005667999342, 0.32488075523],
      [0.028172957273, 0.0062065389953, 0.016424017323, 0.82588604368, 0.052849293267, 0.06886651371, 0.0015946357536],
      [0, 0.002675551609, 0.82786892455, 0.023130268946, 0.045362276357, 0.028151417601, 0.072811560936],
      [0.080662044531, 0.025327972524, 0.39007453141, 0.062608521847, 0.10596532576, 0.044312709908, 0.29104889403]
    ],
    [
      [0.00073159431415, 0.014500173713, 0.14645793855, 0.014926543501, 0.12947012986, 0.6366754276, 0.057238192469],
      [0.015420561174, 0.56955300531, 0.12835384964, 0.02304623796, 0.00448230348, 0.0059307435539, 0.25321329888],
      [0.063235239967, 0.0020578676651, 0.012309364954, 0.79781207391, 0.059461855281, 0.063677754193, 0.0014458440274],
      [0.013264332271, 0.007467618267, 0.79880427823, 0.024070697685, 0.06233490376, 0.03085211014, 0.063206059646],
      [0.16680413403, 0.028935073832, 0.33799571506, 0.067576109459, 0.13189747278, 0.045382754305, 0.22140874053]
    ],
    [
      [0.00036158838954, 0.011120252973, 0.17603498346, 0.010669576203, 0.12073135238, 0.63519195827, 0.04589028832],
      [0.011576293503, 0.53427018459, 0.18199539681, 0.019299699345, 0.0050180874471, 0.0069567180649, 0.24088362024],
      [0.053902220184, 0.0012201114853, 0.020153944897, 0.76441275136, 0.074648137425, 0.084564500656, 0.0010983339964],
      [0.0062934790837, 0.0019414993963, 0.85160552278, 0.015903182579, 0.05261878082, 0.02760876631, 0.044028769034],
      [0.11500357395, 0.024117817364, 0.43722782463, 0.051623264093, 0.13227222978, 0.048263898301, 0.19149139188]
    ],
    [
      [0, 0.012367050917, 0.13226027752, 0.013853069501, 0.12569006545, 0.67358347478, 0.042246061827],
      [0.0089475353647, 0.58930438271, 0.13909725561, 0.02541915796, 0.0052082748985, 0.0074809428439, 0.22454245061],
      [0.032746610481, 0.0022062900764, 0.013249140663, 0.81275731821, 0.063725906598, 0.074088509185, 0.0012262247893],
      [0.0015506882223, 0.0069322819875, 0.80846578835, 0.027334440161, 0.067283898112, 0.036012313112, 0.052420590055],
      [0.10048462325, 0.03052281846, 0.37529487976, 0.076427708281, 0.1575100021, 0.058719225465, 0.20104074269]
    ],
    [
      [0.00087345943833, 0.011792287025, 0.063576330122, 0.013923926752, 0.1956295972, 0.67143050273, 0.042773896732],
      [0.014967596028, 0.63170226842, 0.069842946603, 0.026328468856, 0.0062553771251, 0.0078900290536, 0.24301331391],
      [0.053485486033, 0.0033841767412, 0.019352989668, 0.77723596952, 0.06826019074, 0.072288606007, 0.0059925812898],
      [0.01914529281, 0.015729705952, 0.6268350726, 0.041370715157, 0.15048711467, 0.058545941473, 0.087886157336],
      [0.16693975488, 0.030592248578, 0.18666780209, 0.079496911631, 0.26039696336, 0.060448969494, 0.21545734997]
    ],
    [
      [0.0003792684953, 0.032437815327, 0.16254949425, 0.010777849904, 0.145528519, 0.58183549967, 0.066491553351],
      [0.018653608185, 0.72101136386, 0.079049755982, 0.0098581561064, 0.0036857739216, 0.0033081154776, 0.16443322646],
      [0.19000005499, 0.0083959634065, 0.014761762154, 0.64960259702, 0.073472903059, 0.061339019681, 0.0024276996903],
      [0.0086626612853, 0.022054011731, 0.78908999999, 0.019871571658, 0.065531154428, 0.025586480917, 0.069204119992],
      [0.33173834463, 0.046448358511, 0.26783902854, 0.034773073927, 0.10605071166, 0.028568461834, 0.1845820209]
    ],
    [
      [0.00050245402439, 0.029018585576, 0.24852298615, 0.0094199766451, 0.13545701922, 0.50196381182, 0.075115166569],
      [0.0068208152087, 0.65977461724, 0.12655347789, 0.0079663522011, 0.0027493373517, 0.0023026378986, 0.1938327622],
      [0.070426096664, 0.0095279215866, 0.028883272774, 0.73121955667, 0.087807376436, 0.069203404771, 0.0029323710957],
      [0.0050085020959, 0.01363633785, 0.86561558834, 0.0068529525902, 0.041404869853, 0.012861914775, 0.054619834491],
      [0.103551536, 0.045670548445, 0.45238203119, 0.033061638643, 0.10848411586, 0.027093517063, 0.2297566128]
    ],
    [
      [0.17614414433, 0.063541265157, 0.20580928554, 0.007182539458, 0.48103599116, 0, 0.066286774357],
      [0, 0.83823412586, 0.061560737872, 0.0050461073847, 0, 0, 0.095159028887],
      [0.089487428717, 0.017376770723, 0.029645458848, 0.58285283829, 0.27665809375, 0, 0.003979409674],
      [0.0039004131246, 0.030284527239, 0.80142747174, 0.019361105898, 0.085892751948, 0, 0.059133730055],
      [0.092319392468, 0.074794311072, 0.32110664649, 0.021553546382, 0.31513612181, 0, 0.17508998178]
    ],
    [
      [9.0349606699e-05, 0.00017444393139, 0.023193477024, 0.00093175413715, 0.019014742675, 0.95269274773, 0.0039024848961],
      [0.18459754325, 0, 0.33768752856, 0.018345742436, 0.014078037703, 0.030704273879, 0.41458687417],
      [0.085754077549, 0, 0.011434326243, 0.60162841254, 0.083072454408, 0.2164329185, 0.0016778107628],
      [0.0089973875053, 0, 0.80726830646, 0.006670358813, 0.081359453508, 0.059932782041, 0.035771711676],
      [0.20840717532, 0.0024883482789, 0.37825708968, 0.026159649511, 0.15658158503, 0.11438147452, 0.11372467766]
    ],
    [
      [0.00065869224761, 0.079838661328, 0.20122634837, 0.012900264394, 0.14815053561, 0.49947095529, 0.057754542758],
      [0.0040405190768, 0.86749064483, 0.050492201971, 0.0055655372147, 0.0021624140427, 0.00097567844222, 0.069273004422],
      [0.062374032642, 0.019797262985, 0.018166027957, 0.77324698888, 0.073507151741, 0.052790033942, 0.0001185018547],
      [0.0091581278753, 0.042533096035, 0.82188152672, 0.015848803825, 0.055026667094, 0.016419046847, 0.039132731602],
      [0.12237008756, 0.12815707871, 0.37326429759, 0.046851080195, 0.12116214141, 0.027838380747, 0.18035693378]
    ],
    [
      [0.00075424348213, 0.021459847304, 0.11379959531, 0.0079128073542, 0.13386969073, 0.70269403452, 0.019509781294],
      [0.014651483887, 0.80819362357, 0.084768096669, 0.0099848475079, 0.0054068314368, 0.0070272913503, 0.069967825581],
      [0.12626534807, 0.010716705516, 0.018054644868, 0.66003075076, 0.092348849341, 0.092583701438, 0],
      [0.020644161481, 0.02474292247, 0.81017884498, 0.016769569142, 0.082775190963, 0.041050403943, 0.0038389070236],
      [0.3020566815, 0.051588328144, 0.30996971553, 0.040785682009, 0.15941554103, 0.049910051012, 0.086274000773]
    ],
    [
      [0.0010078105857, 0.1408658566, 0.29427006075, 0.021067029618, 0.14315407427, 0.35536190058, 0.0442732676],
      [0.013937849927, 0.9660852423, 0.013053688443, 0, 0.0069232193329, 0, 0],
      [0.075527293854, 0.024998304569, 0.0013816167558, 0.85714285714, 0.040949927679, 0, 0],
      [0.028687120956, 0.07104183261, 0.85179001718, 0, 0.048481029256, 0, 0],
      [0.16599580735, 0.1765634801, 0.40780221579, 0.053574917068, 0.082003720782, 0.010270492647, 0.10378936626]
    ],
    [
      [1.0331274877e-05, 0.0018947825091, 0.010389072678, 0.0014009398958, 0.0011396363598, 0.98314808023, 0.0020171570558],
      [0, 0.90677507803, 0.0074888880098, 0.0036093205915, 0, 0.023199647061, 0.058927066309],
      [0, 0, 0, 0.91671135115, 0, 0.073603549179, 0.0096850996698],
      [0, 0.0033215694663, 0.85171666213, 0.012826629399, 0, 0.077876660674, 0.054258478326],
      [0, 0.12821188983, 0.50775835051, 0.074625789488, 0, 0.082226893282, 0.20717707689]
    ],
    [
      [0.00035367823118, 0.034443699121, 0.22322128808, 0.0096162806462, 0.15191176247, 0.46310702864, 0.11734626281],
      [0.0051856227072, 0.6395314092, 0.094403822277, 0.0070053201033, 0.0026401926118, 0.0017640357052, 0.2494695974],
      [0.064293042885, 0.011188161436, 0.026011287033, 0.7354543449, 0.096825770044, 0.063507363134, 0.0027200305718],
      [0.003588372557, 0.018271492511, 0.82644130996, 0.0086300866211, 0.050306436269, 0.011658419335, 0.081103882745],
      [0.087715673351, 0.049440423291, 0.37045335909, 0.031308289722, 0.11113666925, 0.023095830274, 0.32684975502]
    ],
    [
      [0.00048707749395, 0.033648388981, 0.20147543277, 0.012509744117, 0.13909240036, 0.5589910773, 0.053795878969],
      [0.006836938809, 0.74063409159, 0.10044269839, 0.010974605904, 0.0027840013568, 0.002916885777, 0.13541077818],
      [0.057130128887, 0.0090108514215, 0.018781479288, 0.77648730518, 0.073553680408, 0.064013184491, 0.0010233703224],
      [0.0067207932259, 0.019144702302, 0.84298111648, 0.015693145357, 0.051898865683, 0.020024491325, 0.043536885631],
      [0.11831857303, 0.060493910436, 0.41911266891, 0.051003414657, 0.12773363666, 0.035698350358, 0.18763944595]
    ],
    [
      [0.00040393606508, 0.043763444462, 0.27484163513, 0.0110327013, 0.15585502649, 0.4259555989, 0.088147657658],
      [0.004744042177, 0.72526946706, 0.099012965235, 0.0069550022564, 0.0022371122207, 0.0013433834862, 0.16043802757],
      [0.059713972266, 0.012610229914, 0.028107230388, 0.75776278603, 0.088297683371, 0.050776963659, 0.0027311343694],
      [0.0025517497269, 0.019296851456, 0.86375855431, 0.0085192904316, 0.043576892198, 0.0044934656727, 0.057803196206],
      [0.089172790096, 0.061242587452, 0.44448650555, 0.034812947357, 0.11092282892, 0.019846713741, 0.23951562689]
    ],
    [
      [0.0005857112537, 0.032625086491, 0.20096245877, 0.013527362371, 0.11527230924, 0.56026697437, 0.076760097501],
      [0.0073842143462, 0.69379105845, 0.096365251493, 0.011405986467, 0.0021011926247, 0.0027654177089, 0.18618687891],
      [0.06023060582, 0.0082103249502, 0.017434363611, 0.79510635136, 0.057132128267, 0.059998044048, 0.00188818194],
      [0.0081601236845, 0.018201786542, 0.83165053779, 0.016724518272, 0.041214890753, 0.019623144279, 0.064424998676],
      [0.12335734899, 0.054691611027, 0.38946527011, 0.051342149884, 0.098403725893, 0.033058812457, 0.24968108164]
    ],
    [
      [0, 0.023609707273, 0.14190890805, 0.012102650151, 0.10002827641, 0.66996647853, 0.052383979579],
      [0.0019846285271, 0.71888673343, 0.090095703435, 0.0134427322, 0.0027656937095, 0.0044731008462, 0.16835140785],
      [0, 0.027953774246, 0.01477526973, 0.81444735431, 0.058285432774, 0.082260525603, 0.0022776433323],
      [0, 0.0078047078796, 0.81702645704, 0.02481325104, 0.053182316634, 0.033825270798, 0.063347996603],
      [0.024725043244, 0.093928358835, 0.39411367887, 0.064370979087, 0.1226595071, 0.055811136516, 0.24439129636]
    ],
    [
      [0.00077275508489, 0.029693803293, 0.14601364053, 0.013429151949, 0.1177552374, 0.64491428549, 0.047421126251],
      [0.011519237058, 0.74707772339, 0.083765983805, 0.01355052811, 0.0027307304832, 0.003947069951, 0.1374087272],
      [0.077513172108, 0.0074323361091, 0.012569825503, 0.77431344829, 0.058175455912, 0.069164457717, 0.00083130436539],
      [0.014549901024, 0.021812859227, 0.80163342669, 0.021798029335, 0.057416702404, 0.031242380754, 0.051546700568],
      [0.19142862913, 0.05936573867, 0.33786751354, 0.060992107163, 0.12032292233, 0.046034989525, 0.18398809965]
    ],
    [
      [0.00067961595533, 0.03111537906, 0.11776001749, 0.010665177671, 0.10884101423, 0.68954170425, 0.041397091333],
      [0.011597918423, 0.78600190428, 0.066759229599, 0.010623784046, 0.0025408419856, 0.0039536225034, 0.11852269916],
      [0.095660039747, 0.00911591735, 0.012549779842, 0.73076000188, 0.064092381489, 0.086760661577, 0.0010612181162],
      [0.016301203229, 0.026964333778, 0.77819710781, 0.021555139088, 0.064037460086, 0.03821079676, 0.054733959254],
      [0.22113954718, 0.068947904207, 0.30171398132, 0.053390001611, 0.12312172882, 0.053698229259, 0.1779886076]
    ],
    [
      [0.00028927447844, 0.02323821614, 0.15917038076, 0.015207302041, 0.16680133706, 0.5601301286, 0.075163360923],
      [0.00678160441, 0.63667777796, 0.098139934987, 0.016494842513, 0.0039144469536, 0.0036622879589, 0.23432910522],
      [0.039780203338, 0.0053930217846, 0.013301191124, 0.80994253725, 0.075178426321, 0.055001079149, 0.0014035410317],
      [0.0039522597844, 0.01554412142, 0.7875265867, 0.023990580937, 0.070555702542, 0.02456434719, 0.073866401432],
