{
  "Z_true": {},
  "V_true": [
    [0, 56, 310, 90, 307, 310],
    [2, 46, 181, 203, 537, 502],
    [1, 52, 1218, 37, 155, 192],
    [0, 94, 44, 2022, 137, 155],
    [6, 429, 65, 133, 9061, 310],
    [4, 517, 83, 78, 353, 9658],
    [25, 490, 331, 561, 1012, 1597]
  ],
  "p_true": [
    [0, 0.0522, 0.2889, 0.0839, 0.2861, 0.2889],
    [0.0014, 0.0313, 0.123, 0.138, 0.3651, 0.3413],
    [0.0006, 0.0314, 0.736, 0.0224, 0.0937, 0.116],
    [0, 0.0383, 0.0179, 0.8246, 0.0559, 0.0632],
    [0.0006, 0.0429, 0.0065, 0.0133, 0.9057, 0.031],
    [0.0004, 0.0483, 0.0078, 0.0073, 0.033, 0.9032],
    [0.0062, 0.122, 0.0824, 0.1397, 0.252, 0.3977]
  ],
  "Z_est": {},
  "V_est": [
    [0, 68.594, 325.8876, 128.3843, 517.8767, 32.2575],
    [0, 0, 211.2391, 64.4992, 766.6588, 428.6028],
    [0, 0, 1443.4036, 0, 0, 211.5964],
    [0, 0, 0, 2368.9266, 0, 83.0734],
    [0, 130.6591, 0, 100.9171, 9772.4238, 0],
    [0, 0, 0, 0, 21.4532, 10671.5468],
    [38, 1484.7469, 251.4697, 461.2729, 483.5874, 1296.923]
  ],
  "p_est": [
    [0, 0.0639, 0.3037, 0.1196, 0.4826, 0.0301],
    [0, 0, 0.1436, 0.0438, 0.5212, 0.2914],
    [0, 0, 0.8721, 0, 0, 0.1279],
    [0, 0, 0, 0.9661, 0, 0.0339],
    [0, 0.0131, 0, 0.0101, 0.9769, 0],
    [0, 0, 0, 0, 0.002, 0.998],
    [0.0095, 0.3697, 0.0626, 0.1149, 0.1204, 0.3229]
  ],
  "EI_Z": {},
  "EI_V": 12.3144,
  "MAE_Z": {},
  "MAE_V": 183.9183,
  "MAE_p": 0.0544,
  "runtime": 0.0531
}
