{
  "Z_true": {},
  "V_true": [
    [1474, 192, 3820, 61],
    [493, 97, 10872, 492],
    [743, 7929, 2375, 861],
    [135, 150, 980, 205],
    [155, 327, 669, 561]
  ],
  "p_true": [
    [0.2657, 0.0346, 0.6887, 0.011],
    [0.0412, 0.0081, 0.9095, 0.0412],
    [0.0624, 0.6659, 0.1994, 0.0723],
    [0.0918, 0.102, 0.6667, 0.1395],
    [0.0905, 0.191, 0.3908, 0.3277]
  ],
  "Z_est": [
    [
      [1.1156, 0.4398, 6.9712, 9, 4, 2.8789, 6, 4.9776, 2.2545, 1.4312, 3.6042, 1.6818, 2.2228, 4.7874, 16, 37, 17, 15, 9, 15, 8, 7, 7, 17, 12, 16, 10, 6.0004, 10, 1.942, 7, 1.5295, 3.3639, 7.9982, 2.0367, 0.262, 2.9801, 0.2034, 0, 0.1197, 0.6804, 0.618, 0, 2.9722, 0.188, 0.174, 19, 8, 29, 3.9991, 1.9677, 8, 19, 0.0884, 14, 11, 28, 0.5309, 10.0283, 34, 3.9996, 0.495, 13, 104, 24],
      [1.6107, 0.8473, 11.0007, 19, 6, 4.1314, 16, 7.0425, 4.1928, 2.208, 2.8668, 2.4398, 0.7889, 5.3826, 28, 68, 32, 42, 42, 35, 24, 30, 39, 44, 31, 41, 33, 22.9992, 30, 3.4973, 25, 2.6683, 8.0467, 13.0024, 2.724, 0.2138, 6.4294, 0.3596, 0, 0.4834, 1.7317, 0.6013, 0.1923, 3.0145, 0.547, 0.5904, 68, 19, 106, 11.0005, 1.3251, 26, 58, 0.4525, 36, 15, 50, 2.2534, 25.9923, 120, 9.0029, 1.6858, 30, 177, 45],
      [3.09, 3.8525, 24.042, 56, 33, 14.9827, 74, 14.9869, 8.3188, 6.698, 9.9228, 9.1002, 5.6014, 12.4715, 55, 148, 71, 106, 69, 69, 56, 57, 60, 98, 106, 91, 72, 23.0005, 56, 4.0698, 39, 3.5668, 8.8137, 23.0002, 3.919, 1.4347, 10.0007, 1.2075, 0, 0.1874, 2.0223, 5.1454, 2.6285, 6.0386, 2.1412, 1.0999, 127, 45, 148, 18.0007, 6.1618, 56, 158, 0.4011, 75, 55, 110, 4.9773, 34.9612, 228, 26.9975, 3.6006, 64, 338, 78],
      [0.1837, 0.8604, 4.9861, 8, 3, 1.0069, 7, 0.993, 1.2338, 0.6628, 0.6062, 0.7781, 0.387, 1.3585, 3, 12, 10, 13, 8, 10, 9, 6, 10, 8, 10, 11, 8, 1.9999, 5, 0.4909, 4, 0.2354, 0.7757, 2.9992, 0.3203, 0.0895, 0.5898, 0.2295, 0, 0.2095, 0.5656, 0.6353, 0.1792, 0.9748, 0.1237, 0.1357, 13, 4, 12, 2.9997, 0.5454, 9, 16, 0.058, 9, 5, 9, 0.2384, 2.0182, 33, 2.0001, 0.2186, 6, 33, 3]
    ],
    [
      [1.4958, 0.8003, 5.0154, 29, 18, 5.0151, 41, 6.9988, 1.2888, 2.1489, 5.2005, 1.4245, 1.5935, 3.3012, 19, 39, 23, 27, 19, 25, 10, 13, 13, 34, 43, 31, 27, 5.9997, 17, 0.6187, 14, 0.6099, 4.067, 5.9996, 0.9402, 1.0625, 5.0069, 1.1872, 0, 0.3003, 1.5771, 1.904, 0, 4.6268, 0.5, 0.1185, 27, 18, 34, 3.9995, 1.5314, 19, 51, 0.2598, 25, 24, 30, 0.5207, 8.0099, 66, 10.9992, 1.2027, 21, 178, 22.9999],
      [2.6251, 1.8743, 14.9601, 89, 55, 22.054, 149, 15.9277, 4.8677, 4.9119, 4.0748, 2.4486, 0.6029, 3.8789, 36, 76, 52, 88, 92, 71, 37, 55, 87, 88, 136, 83, 105, 29.0009, 53, 1.3552, 61, 1.2501, 16.2104, 14.9944, 1.6401, 1.0825, 16.8152, 2.9125, 0.2889, 1.3506, 6.7167, 2.5212, 0.752, 5.9128, 2.05, 0.5348, 106, 42, 129, 36.0011, 1.2689, 64, 174, 1.8207, 77, 43, 59, 2.4088, 22.9568, 254, 39.0003, 11.2471, 58, 308, 48.0001],
      [5.512, 9.7275, 30.017, 250, 272, 69.8931, 663, 29.0696, 8.4922, 15.3807, 15.6378, 9.1175, 5.4714, 9.815, 71, 164, 112, 220, 150, 137, 82, 104, 133, 198, 453, 181, 228, 27.9995, 96, 1.7481, 95, 2.0049, 16.7847, 23.0052, 2.2607, 8.3017, 22.3645, 10.4287, 0.4404, 0.5892, 8.3605, 24.2328, 10.4913, 12.5506, 7.9237, 1.1768, 196, 100, 180, 54.0011, 6.4895, 138, 469, 1.6367, 151, 150, 127, 5.8701, 28.0315, 478, 115.9998, 41.011, 123, 587, 81.9999],
      [0.367, 2.598, 7.0075, 38, 29, 7.0379, 70, 3.0039, 1.3512, 1.5585, 1.087, 1.0095, 0.3322, 1.0049, 4, 14, 16, 27, 17, 21, 13, 11, 23, 17, 46, 22, 25, 3, 8, 0.278, 12, 0.135, 0.9379, 3.0008, 0.159, 0.5533, 1.8134, 2.4716, 0.2707, 0.7598, 2.3457, 2.342, 0.7567, 2.9097, 0.5263, 0.1699, 21, 9, 15, 10.9983, 0.7102, 23, 49, 0.2827, 18, 16, 11, 0.2003, 1.0018, 70, 10.0007, 4.5392, 12, 58, 4]
    ],
    [
      [1.1368, 0.5622, 7.0149, 17, 5, 0.9674, 14, 6.0224, 2.2302, 2.0154, 3.4591, 1.6587, 1.1838, 2.6085, 24, 50, 25, 30, 26, 30, 13, 16, 19, 32, 24, 34, 23, 12, 23, 1.8632, 19, 2.6417, 8.0375, 10.0008, 1.6469, 0.525, 5.3437, 0.49, 0, 0.4489, 1.2545, 0.3426, 0, 3.0681, 0.2025, 0.5944, 35, 16, 69, 5.0015, 1.0998, 20, 37, 0.536, 28, 13, 38, 0.7837, 16.8984, 72, 5.0011, 0.1508, 19, 180, 27.0001],
      [2.2405, 1.5112, 20.0274, 52, 16, 8.8642, 51, 12.0543, 7.2779, 4.0077, 2.7918, 2.7032, 0.6083, 3.3185, 45, 96, 57, 100, 140, 82, 47, 83, 138, 90, 78, 97, 89, 57.0002, 77, 3.8838, 86, 6.3884, 35.2839, 24.0034, 3.0148, 0.5252, 19.9526, 1.3489, 1.1927, 2.3867, 9.2598, 0.6534, 0.0557, 5.7053, 0.8464, 2.3729, 134, 39, 273, 43.9987, 1.0074, 78, 129, 3.8293, 81, 22, 71, 4.1365, 52.0186, 274, 22.9959, 6.5023, 51, 311, 54.9999],
      [4.2786, 7.3983, 41.9342, 150, 79, 27.1637, 229, 24.9065, 12.505, 11.613, 10.0724, 8.7101, 3.9272, 7.968, 91, 212, 128, 247, 225, 160, 107.9999, 152, 208, 197, 266, 211, 196, 60.9995, 141, 4.4703, 134, 8.4086, 39.1873, 38.995, 3.974, 3.7144, 24.2492, 4.1325, 1.7829, 0.9041, 10.045, 5.2723, 0.8803, 10.9568, 2.7841, 4.558, 255, 91, 381, 67.9988, 4.4424, 163, 348, 3.1226, 169, 86, 158, 8.6901, 66.0666, 522, 68.0034, 22.7074, 114, 594, 100],
      [0.3442, 1.5284, 9.0235, 23, 8, 2.0047, 24, 2.0168, 1.9869, 1.3639, 0.6767, 0.928, 0.2807, 1.105, 6, 18, 18, 30, 26, 25, 17, 16, 36, 16, 27, 25, 22, 6.0004, 12, 0.7827, 16, 0.5613, 3.4913, 6.0008, 0.3643, 0.2354, 2.4546, 1.0285, 1.0244, 1.2603, 3.4407, 0.7316, 0.0641, 2.2698, 0.167, 0.4747, 27, 8, 32, 13.001, 0.4504, 27, 36, 0.5121, 20, 8, 14, 0.3897, 3.0165, 77, 5.9996, 2.6395, 11, 59, 4]
    ],
    [
      [0.2518, 0.1029, 0.0063, 3, 1, 0.0481, 4, 1.0028, 0.1309, 0.1126, 0.2333, 0.1485, 0, 0.2426, 1, 5, 2, 1, 2, 2, 1, 1, 2, 4, 3, 5, 1, 1, 1, 0.3253, 1, 0.2188, 0.2169, 1.9995, 0, 0.1505, 0.2204, 0.1195, 0, 0, 0.1782, 0.0351, 0, 0.151, 0.064, 0.0583, 6, 2, 4, 0.9998, 0.2257, 2, 4, 0.1158, 5, 2, 2, 0.0783, 1, 11, 0, 0.0776, 3, 17, 1],
      [0.5237, 0.482, 0.0063, 11, 5, 2.9839, 14, 1.9845, 1.5611, 0.2937, 0.3569, 0.2569, 0, 0.2456, 2, 10, 5, 6, 11, 7, 5, 8, 16, 12, 12, 15, 7, 4.9997, 4, 0.6101, 7, 0.6932, 1.0006, 4.0014, 0, 0.1785, 0.4293, 0.379, 0, 0, 0.5401, 0.0784, 0, 0.2799, 0.4001, 0.2506, 22, 6, 18, 8.0002, 0.2805, 8, 15, 0.8975, 15, 3, 4, 0.5674, 2.0085, 43, 3.0001, 1.4291, 8, 30, 2],
      [1.1194, 1.9236, 2.9899, 33, 28, 12.9519, 65, 4.997, 3.549, 0.5233, 1.3414, 1.4829, 0, 1.2107, 4, 25, 12, 18, 19, 17, 12, 16, 27, 28, 42, 35, 17, 5.0005, 9, 0.8927, 13, 1.0197, 2.2336, 7.9994, 0, 1.5492, 1.3424, 1.2313, 0, 0, 0.8167, 0.7896, 0, 1.4706, 1.4197, 0.5903, 44, 13, 26, 13.9992, 1.3053, 21, 43, 0.8395, 30, 13, 10, 1.294, 4.9871, 83, 12.9994, 3.5418, 17, 60, 4],
      [0.1051, 0.4915, 0.9974, 5, 3, 2.0162, 7, 0.0157, 0.759, 0.0704, 0.0684, 0.1118, 0, 0.301, 1, 1, 2, 1, 2, 2, 2, 1, 5, 2, 5, 4, 2, 1.9998, 1, 0.1719, 1, 0.0683, 0.5489, 1.9996, 0, 0.1218, 0.0079, 0.2703, 0, 0, 0.465, 0.0969, 0, 0.0984, 0.1161, 0.1008, 5, 1, 2, 3.0007, 0.1885, 3, 5, 0.1472, 5, 2, 1.56e-12, 0.0604, 0.0044, 13, 1.0004, 0.9515, 3, 6, 2]
    ],
    [
      [0, 0.0948, 1.9922, 1, 2, 0.0905, 3, 0.9985, 0.0956, 0.2919, 0.5029, 0.0865, 0, 0.0603, 2, 5, 3, 4, 2, 5, 2, 1, 3, 4, 4, 4, 4, 0.9999, 2, 0.2508, 2, 0, 0.3147, 2.0018, 0.3762, 0, 0.449, 0, 0, 0.1311, 0.3098, 0.1003, 0, 0.1819, 0.0454, 0.0548, 5, 1, 6, 1, 0.1754, 3, 3, 0, 4, 2, 5, 0.0865, 1.0634, 12, 0.0001, 0.0739, 2, 24, 4],
      [0, 0.2853, 4.0055, 5, 6, 1.9665, 11, 1.991, 1.1004, 0.5787, 0.9097, 0.1515, 0, 0.1743, 4, 9, 8, 14, 15, 13, 8, 7, 21, 11, 14, 11, 16, 5.0001, 6, 0.6535, 12, 0, 2.4584, 3.9985, 0.6211, 0, 1.3735, 0, 0.5183, 0.7793, 1.7517, 0.1458, 0, 1.0875, 0.1564, 0.2513, 19, 4, 27, 8.9995, 0.1182, 14, 13, 0, 11, 4, 9, 0.6338, 4.0239, 45, 1.0008, 1.1357, 7, 42, 7.9999],
      [0, 1.0981, 10.0168, 14, 34, 8.0086, 52, 4.04, 2.135, 1.7849, 3.0257, 0.5894, 0, 0.5349, 8, 21, 17, 35, 25, 27, 18, 14, 33, 25, 47, 26, 36, 5.0001, 12, 0.8191, 19, 0, 2.9807, 7.0002, 0.8462, 0, 2.0432, 0, 0.7767, 0.3193, 1.7554, 1.5599, 0, 1.9833, 0.7313, 0.575, 37, 11, 37, 14.0002, 0.6009, 31, 35, 0, 24, 14, 21, 1.1685, 5.9536, 87, 4.9999, 3.1392, 15, 80, 14],
      [0, 0.5217, 3.9855, 4, 5, 2.9343, 7, 1.9706, 0.669, 0.3445, 0.5618, 0.1726, 0, 0.2305, 2, 4, 4, 6, 4, 6, 4, 3, 7, 4, 6, 5, 5, 0.9999, 2, 0.2766, 5, 0, 1.2462, 1.9995, 0.1564, 0, 1.1344, 0, 0.7049, 0.7703, 1.183, 0.1941, 0, 1.7472, 0.0669, 0.1189, 6, 2, 5, 5.0003, 0.1054, 7, 6, 0, 4, 3, 4, 0.1112, 1.9592, 14, 1.9992, 0.6512, 3, 10, 1]
    ]
  ],
  "V_est": [
    [617.5424, 1496.3251, 3104.4435, 328.689],
    [1053.3245, 3073.318, 7031.8366, 795.5209],
    [1084.7905, 3315.7676, 6741.8225, 765.6194],
    [108.5145, 369.7191, 881.4112, 110.3553],
    [135.8281, 439.8702, 956.4862, 179.8154]
  ],
  "p_est": [
    [0.1113, 0.2698, 0.5597, 0.0593],
    [0.0881, 0.2571, 0.5882, 0.0665],
    [0.0911, 0.2784, 0.5662, 0.0643],
    [0.0738, 0.2515, 0.5996, 0.0751],
    [0.0793, 0.2569, 0.5587, 0.105]
  ],
  "EI_Z": {},
  "EI_V": 32.9565,
  "MAE_Z": {},
  "MAE_V": 1074.0866,
  "MAE_p": 0.1383,
  "runtime": 0.4521
}
