{
  "Z_true": {},
  "V_true": [
    [43, 1022, 123, 225, 2234, 115],
    [830, 31, 48, 465, 168, 61],
    [451, 232, 389, 8329, 728, 487],
    [104, 371, 254, 139, 6681, 248],
    [140, 239, 294, 637, 1244, 573],
    [25, 43, 1676, 384, 810, 85],
    [95, 55, 88, 421, 269, 574]
  ],
  "p_true": [
    [0.0114, 0.2717, 0.0327, 0.0598, 0.5938, 0.0306],
    [0.5178, 0.0193, 0.0299, 0.2901, 0.1048, 0.0381],
    [0.0425, 0.0219, 0.0366, 0.7846, 0.0686, 0.0459],
    [0.0133, 0.0476, 0.0326, 0.0178, 0.8569, 0.0318],
    [0.0448, 0.0764, 0.094, 0.2037, 0.3978, 0.1832],
    [0.0083, 0.0142, 0.5544, 0.127, 0.2679, 0.0281],
    [0.0632, 0.0366, 0.0586, 0.2803, 0.1791, 0.3822]
  ],
  "Z_est": [
    [
      [2.691, 0.2392, 1.196, 0.7774, 12.4384, 9.0896, 12.259, 9.3886, 4.186, 0.299, 1.1362, 4.0066, 8.97, 3.2292, 6.3388, 9.1494, 7.9534, 5.681, 1.7342, 2.691, 10.8238, 1.3156, 0.4186, 0.1794, 9.9268, 0.0598, 9.2092, 7.475, 4.3056, 2.9302, 0.2392, 0.5382, 14.651, 10.5846, 13.5746, 5.382, 0, 0.299, 10.4052, 0.8372, 16.8038, 1.5548],
      [5.9085, 0.5252, 2.626, 1.7069, 27.3104, 19.9576, 26.9165, 20.6141, 9.191, 0.6565, 2.4947, 8.7971, 19.695, 7.0902, 13.9178, 20.0889, 17.4629, 12.4735, 3.8077, 5.9085, 23.7653, 2.8886, 0.9191, 0.3939, 21.7958, 0.1313, 20.2202, 16.4125, 9.4536, 6.4337, 0.5252, 1.1817, 32.1685, 23.2401, 29.8051, 11.817, 0, 0.6565, 22.8462, 1.8382, 36.8953, 3.4138],
      [5.3505, 0.4756, 2.378, 1.5457, 24.7312, 18.0728, 24.3745, 18.6673, 8.323, 0.5945, 2.2591, 7.9663, 17.835, 6.4206, 12.6034, 18.1917, 15.8137, 11.2955, 3.4481, 5.3505, 21.5209, 2.6158, 0.8323, 0.3567, 19.7374, 0.1189, 18.3106, 14.8625, 8.5608, 5.8261, 0.4756, 1.0701, 29.1305, 21.0453, 26.9903, 10.701, 0, 0.5945, 20.6886, 1.6646, 33.4109, 3.0914],
      [5.814, 0.5168, 2.584, 1.6796, 26.8736, 19.6384, 26.486, 20.2844, 9.044, 0.646, 2.4548, 8.6564, 19.38, 6.9768, 13.6952, 19.7676, 17.1836, 12.274, 3.7468, 5.814, 23.3852, 2.8424, 0.9044, 0.3876, 21.4472, 0.1292, 19.8968, 16.15, 9.3024, 6.3308, 0.5168, 1.1628, 31.654, 22.8684, 29.3284, 11.628, 0, 0.646, 22.4808, 1.8088, 36.3052, 3.3592],
      [22.2885, 1.9812, 9.906, 6.4389, 103.0224, 75.2856, 101.5365, 77.7621, 34.671, 2.4765, 9.4107, 33.1851, 74.295, 26.7462, 52.5018, 75.7809, 65.8749, 47.0535, 14.3637, 22.2885, 89.6493, 10.8966, 3.4671, 1.4859, 82.2198, 0.4953, 76.2762, 61.9125, 35.6616, 24.2697, 1.9812, 4.4577, 121.3485, 87.6681, 112.4331, 44.577, 0, 2.4765, 86.1822, 6.9342, 139.1793, 12.8778],
      [2.9475, 0.262, 1.31, 0.8515, 13.624, 9.956, 13.4275, 10.2835, 4.585, 0.3275, 1.2445, 4.3885, 9.825, 3.537, 6.943, 10.0215, 8.7115, 6.2225, 1.8995, 2.9475, 11.8555, 1.441, 0.4585, 0.1965, 10.873, 0.0655, 10.087, 8.1875, 4.716, 3.2095, 0.262, 0.5895, 16.0475, 11.5935, 14.8685, 5.895, 0, 0.3275, 11.397, 0.917, 18.4055, 1.703]
    ],
    [
      [5.4098, 0.4918, 2.9508, 0.2459, 18.6884, 12.5409, 13.0327, 13.7704, 8.3606, 0.4918, 3.1967, 6.8852, 9.3442, 11.3114, 15.2458, 18.6884, 11.8032, 10.8196, 5.6557, 2.7049, 14.754, 2.459, 1.2295, 0.4918, 15.7376, 0.9836, 14.2622, 8.3606, 3.6885, 5.4098, 0.7377, 0.9836, 19.672, 18.1966, 36.3932, 4.1803, 0, 0.7377, 14.754, 5.1639, 51.1472, 3.1967],
      [2.6422, 0.2402, 1.4412, 0.1201, 9.1276, 6.1251, 6.3653, 6.7256, 4.0834, 0.2402, 1.5613, 3.3628, 4.5638, 5.5246, 7.4462, 9.1276, 5.7648, 5.2844, 2.7623, 1.3211, 7.206, 1.201, 0.6005, 0.2402, 7.6864, 0.4804, 6.9658, 4.0834, 1.8015, 2.6422, 0.3603, 0.4804, 9.608, 8.8874, 17.7748, 2.0417, 0, 0.3603, 7.206, 2.5221, 24.9808, 1.5613],
      [3.1196, 0.2836, 1.7016, 0.1418, 10.7768, 7.2318, 7.5154, 7.9408, 4.8212, 0.2836, 1.8434, 3.9704, 5.3884, 6.5228, 8.7916, 10.7768, 6.8064, 6.2392, 3.2614, 1.5598, 8.508, 1.418, 0.709, 0.2836, 9.0752, 0.5672, 8.2244, 4.8212, 2.127, 3.1196, 0.4254, 0.5672, 11.344, 10.4932, 20.9864, 2.4106, 0, 0.4254, 8.508, 2.9778, 29.4944, 1.8434],
      [3.6982, 0.3362, 2.0172, 0.1681, 12.7756, 8.5731, 8.9093, 9.4136, 5.7154, 0.3362, 2.1853, 4.7068, 6.3878, 7.7326, 10.4222, 12.7756, 8.0688, 7.3964, 3.8663, 1.8491, 10.086, 1.681, 0.8405, 0.3362, 10.7584, 0.6724, 9.7498, 5.7154, 2.5215, 3.6982, 0.5043, 0.6724, 13.448, 12.4394, 24.8788, 2.8577, 0, 0.5043, 10.086, 3.5301, 34.9648, 2.1853],
      [4.3868, 0.3988, 2.3928, 0.1994, 15.1544, 10.1694, 10.5682, 11.1664, 6.7796, 0.3988, 2.5922, 5.5832, 7.5772, 9.1724, 12.3628, 15.1544, 9.5712, 8.7736, 4.5862, 2.1934, 11.964, 1.994, 0.997, 0.3988, 12.7616, 0.7976, 11.5652, 6.7796, 2.991, 4.3868, 0.5982, 0.7976, 15.952, 14.7556, 29.5112, 3.3898, 0, 0.5982, 11.964, 4.1874, 41.4752, 2.5922],
      [2.7412, 0.2492, 1.4952, 0.1246, 9.4696, 6.3546, 6.6038, 6.9776, 4.2364, 0.2492, 1.6198, 3.4888, 4.7348, 5.7316, 7.7252, 9.4696, 5.9808, 5.4824, 2.8658, 1.3706, 7.476, 1.246, 0.623, 0.2492, 7.9744, 0.4984, 7.2268, 4.2364, 1.869, 2.7412, 0.3738, 0.4984, 9.968, 9.2204, 18.4408, 2.1182, 0, 0.3738, 7.476, 2.6166, 25.9168, 1.6198]
    ],
    [
      [3.0464, 0.224, 1.1424, 0.4256, 11.76, 7.392, 8.5344, 13.9552, 3.472, 0.3136, 2.2176, 4.7712, 11.1104, 7.1232, 9.3856, 13.104, 14.9184, 5.264, 2.2176, 1.8816, 8.064, 1.2096, 0.3136, 0.4032, 7.8848, 0.2688, 8.7808, 4.2336, 2.1952, 4.0096, 0.3136, 0.4928, 13.5744, 8.7136, 16.1728, 5.4432, 0.0224, 2.9344, 9.0272, 1.9488, 17.5392, 1.9936],
      [3.9848, 0.293, 1.4943, 0.5567, 15.3825, 9.669, 11.1633, 18.2539, 4.5415, 0.4102, 2.9007, 6.2409, 14.5328, 9.3174, 12.2767, 17.1405, 19.5138, 6.8855, 2.9007, 2.4612, 10.548, 1.5822, 0.4102, 0.5274, 10.3136, 0.3516, 11.4856, 5.5377, 2.8714, 5.2447, 0.4102, 0.6446, 17.7558, 11.3977, 21.1546, 7.1199, 0.0293, 3.8383, 11.8079, 2.5491, 22.9419, 2.6077],
      [4.2024, 0.309, 1.5759, 0.5871, 16.2225, 10.197, 11.7729, 19.2507, 4.7895, 0.4326, 3.0591, 6.5817, 15.3264, 9.8262, 12.9471, 18.0765, 20.5794, 7.2615, 3.0591, 2.5956, 11.124, 1.6686, 0.4326, 0.5562, 10.8768, 0.3708, 12.1128, 5.8401, 3.0282, 5.5311, 0.4326, 0.6798, 18.7254, 12.0201, 22.3098, 7.5087, 0.0309, 4.0479, 12.4527, 2.6883, 24.1947, 2.7501],
      [103.6456, 7.621, 38.8671, 14.4799, 400.1025, 251.493, 290.3601, 474.7883, 118.1255, 10.6694, 75.4479, 162.3273, 378.0016, 242.3478, 319.3199, 445.8285, 507.5586, 179.0935, 75.4479, 64.0164, 274.356, 41.1534, 10.6694, 13.7178, 268.2592, 9.1452, 298.7432, 144.0369, 74.6858, 136.4159, 10.6694, 16.7662, 461.8326, 296.4569, 550.2362, 185.1903, 0.7621, 99.8351, 307.1263, 66.3027, 596.7243, 67.8269],
      [16.8096, 1.236, 6.3036, 2.3484, 64.89, 40.788, 47.0916, 77.0028, 19.158, 1.7304, 12.2364, 26.3268, 61.3056, 39.3048, 51.7884, 72.306, 82.3176, 29.046, 12.2364, 10.3824, 44.496, 6.6744, 1.7304, 2.2248, 43.5072, 1.4832, 48.4512, 23.3604, 12.1128, 22.1244, 1.7304, 2.7192, 74.9016, 48.0804, 89.2392, 30.0348, 0.1236, 16.1916, 49.8108, 10.7532, 96.7788, 11.0004],
      [4.2976, 0.316, 1.6116, 0.6004, 16.59, 10.428, 12.0396, 19.6868, 4.898, 0.4424, 3.1284, 6.7308, 15.6736, 10.0488, 13.2404, 18.486, 21.0456, 7.426, 3.1284, 2.6544, 11.376, 1.7064, 0.4424, 0.5688, 11.1232, 0.3792, 12.3872, 5.9724, 3.0968, 5.6564, 0.4424, 0.6952, 19.1496, 12.2924, 22.8152, 7.6788, 0.0316, 4.1396, 12.7348, 2.7492, 24.7428, 2.8124]
    ],
    [
      [3.2461, 0.2724, 0.7718, 0.7037, 9.6929, 7.1732, 7.8769, 8.2855, 2.8829, 0.2724, 1.0215, 1.9295, 7.1278, 2.9056, 4.1768, 6.356, 7.4683, 4.4038, 1.3166, 1.9295, 10.0788, 0.7718, 0.3405, 0.3859, 8.7395, 0.1816, 7.9677, 5.5161, 3.0418, 1.8387, 0.0908, 0.3405, 10.442, 7.5818, 10.4647, 4.0406, 0, 2.1792, 7.0597, 1.0896, 13.3703, 1.6571],
      [3.4749, 0.2916, 0.8262, 0.7533, 10.3761, 7.6788, 8.4321, 8.8695, 3.0861, 0.2916, 1.0935, 2.0655, 7.6302, 3.1104, 4.4712, 6.804, 7.9947, 4.7142, 1.4094, 2.0655, 10.7892, 0.8262, 0.3645, 0.4131, 9.3555, 0.1944, 8.5293, 5.9049, 3.2562, 1.9683, 0.0972, 0.3645, 11.178, 8.1162, 11.2023, 4.3254, 0, 2.3328, 7.5573, 1.1664, 14.3127, 1.7739],
      [5.1623, 0.4332, 1.2274, 1.1191, 15.4147, 11.4076, 12.5267, 13.1765, 4.5847, 0.4332, 1.6245, 3.0685, 11.3354, 4.6208, 6.6424, 10.108, 11.8769, 7.0034, 2.0938, 3.0685, 16.0284, 1.2274, 0.5415, 0.6137, 13.8985, 0.2888, 12.6711, 8.7723, 4.8374, 2.9241, 0.1444, 0.5415, 16.606, 12.0574, 16.6421, 6.4258, 0, 3.4656, 11.2271, 1.7328, 21.2629, 2.6353],
      [7.1071, 0.5964, 1.6898, 1.5407, 21.2219, 15.7052, 17.2459, 18.1405, 6.3119, 0.5964, 2.2365, 4.2245, 15.6058, 6.3616, 9.1448, 13.916, 16.3513, 9.6418, 2.8826, 4.2245, 22.0668, 1.6898, 0.7455, 0.8449, 19.1345, 0.3976, 17.4447, 12.0771, 6.6598, 4.0257, 0.1988, 0.7455, 22.862, 16.5998, 22.9117, 8.8466, 0, 4.7712, 15.4567, 2.3856, 29.2733, 3.6281],
      [118.6471, 9.9564, 28.2098, 25.7207, 354.2819, 262.1852, 287.9059, 302.8405, 105.3719, 9.9564, 37.3365, 70.5245, 260.5258, 106.2016, 152.6648, 232.316, 272.9713, 160.9618, 48.1226, 70.5245, 368.3868, 28.2098, 12.4455, 14.1049, 319.4345, 6.6376, 291.2247, 201.6171, 111.1798, 67.2057, 3.3188, 12.4455, 381.662, 277.1198, 382.4917, 147.6866, 0, 79.6512, 258.0367, 39.8256, 488.6933, 60.5681],
      [5.3625, 0.45, 1.275, 1.1625, 16.0125, 11.85, 13.0125, 13.6875, 4.7625, 0.45, 1.6875, 3.1875, 11.775, 4.8, 6.9, 10.5, 12.3375, 7.275, 2.175, 3.1875, 16.65, 1.275, 0.5625, 0.6375, 14.4375, 0.3, 13.1625, 9.1125, 5.025, 3.0375, 0.15, 0.5625, 17.25, 12.525, 17.2875, 6.675, 0, 3.6, 11.6625, 1.8, 22.0875, 2.7375]
    ],
    [
      [4.0851, 0.0801, 0.6408, 0.6408, 12.9762, 12.2553, 10.1727, 16.02, 3.2841, 0.4005, 1.8423, 3.9249, 8.2503, 5.3667, 8.4105, 11.6145, 16.5006, 6.5682, 2.0826, 2.8836, 8.5707, 1.0413, 0.2403, 0.4005, 10.2528, 0.4005, 8.4105, 4.4856, 2.5632, 2.2428, 0.2403, 0.4806, 12.8961, 10.8135, 20.6658, 5.2866, 0, 4.5657, 10.8135, 2.2428, 14.9787, 0.8811],
      [5.6049, 0.1099, 0.8792, 0.8792, 17.8038, 16.8147, 13.9573, 21.98, 4.5059, 0.5495, 2.5277, 5.3851, 11.3197, 7.3633, 11.5395, 15.9355, 22.6394, 9.0118, 2.8574, 3.9564, 11.7593, 1.4287, 0.3297, 0.5495, 14.0672, 0.5495, 11.5395, 6.1544, 3.5168, 3.0772, 0.3297, 0.6594, 17.6939, 14.8365, 28.3542, 7.2534, 0, 6.2643, 14.8365, 3.0772, 20.5513, 1.2089],
      [7.4868, 0.1468, 1.1744, 1.1744, 23.7816, 22.4604, 18.6436, 29.36, 6.0188, 0.734, 3.3764, 7.1932, 15.1204, 9.8356, 15.414, 21.286, 30.2408, 12.0376, 3.8168, 5.2848, 15.7076, 1.9084, 0.4404, 0.734, 18.7904, 0.734, 15.414, 8.2208, 4.6976, 4.1104, 0.4404, 0.8808, 23.6348, 19.818, 37.8744, 9.6888, 0, 8.3676, 19.818, 4.1104, 27.4516, 1.6148],
      [10.6233, 0.2083, 1.6664, 1.6664, 33.7446, 31.8699, 26.4541, 41.66, 8.5403, 1.0415, 4.7909, 10.2067, 21.4549, 13.9561, 21.8715, 30.2035, 42.9098, 17.0806, 5.4158, 7.4988, 22.2881, 2.7079, 0.6249, 1.0415, 26.6624, 1.0415, 21.8715, 11.6648, 6.6656, 5.8324, 0.6249, 1.2498, 33.5363, 28.1205, 53.7414, 13.7478, 0, 11.8731, 28.1205, 5.8324, 38.9521, 2.2913],
      [15.4887, 0.3037, 2.4296, 2.4296, 49.1994, 46.4661, 38.5699, 60.74, 12.4517, 1.5185, 6.9851, 14.8813, 31.2811, 20.3479, 31.8885, 44.0365, 62.5622, 24.9034, 7.8962, 10.9332, 32.4959, 3.9481, 0.9111, 1.5185, 38.8736, 1.5185, 31.8885, 17.0072, 9.7184, 8.5036, 0.9111, 1.8222, 48.8957, 40.9995, 78.3546, 20.0442, 0, 17.3109, 40.9995, 8.5036, 56.7919, 3.3407],
      [7.7112, 0.1512, 1.2096, 1.2096, 24.4944, 23.1336, 19.2024, 30.24, 6.1992, 0.756, 3.4776, 7.4088, 15.5736, 10.1304, 15.876, 21.924, 31.1472, 12.3984, 3.9312, 5.4432, 16.1784, 1.9656, 0.4536, 0.756, 19.3536, 0.756, 15.876, 8.4672, 4.8384, 4.2336, 0.4536, 0.9072, 24.3432, 20.412, 39.0096, 9.9792, 0, 8.6184, 20.412, 4.2336, 28.2744, 1.6632]
    ],
    [
      [3.5834, 0.2337, 1.0906, 0.779, 12.3861, 6.9331, 9.8154, 11.2176, 5.1414, 0.9348, 1.558, 3.3497, 8.4911, 4.5961, 4.9856, 10.5165, 8.4911, 9.5817, 2.5707, 2.4928, 9.1143, 1.558, 0.4674, 0.0779, 9.348, 0.0779, 11.2176, 6.8552, 3.116, 4.2066, 0.3116, 0.4674, 17.2159, 9.5817, 15.2684, 5.2193, 0, 2.1033, 10.0491, 1.4022, 18.2286, 0.8569],
      [4.1078, 0.2679, 1.2502, 0.893, 14.1987, 7.9477, 11.2518, 12.8592, 5.8938, 1.0716, 1.786, 3.8399, 9.7337, 5.2687, 5.7152, 12.0555, 9.7337, 10.9839, 2.9469, 2.8576, 10.4481, 1.786, 0.5358, 0.0893, 10.716, 0.0893, 12.8592, 7.8584, 3.572, 4.8222, 0.3572, 0.5358, 19.7353, 10.9839, 17.5028, 5.9831, 0, 2.4111, 11.5197, 1.6074, 20.8962, 0.9823],
      [14.2738, 0.9309, 4.3442, 3.103, 49.3377, 27.6167, 39.0978, 44.6832, 20.4798, 3.7236, 6.206, 13.3429, 33.8227, 18.3077, 19.8592, 41.8905, 33.8227, 38.1669, 10.2399, 9.9296, 36.3051, 6.206, 1.8618, 0.3103, 37.236, 0.3103, 44.6832, 27.3064, 12.412, 16.7562, 1.2412, 1.8618, 68.5763, 38.1669, 60.8188, 20.7901, 0, 8.3781, 40.0287, 5.5854, 72.6102, 3.4133],
      [6.9184, 0.4512, 2.1056, 1.504, 23.9136, 13.3856, 18.9504, 21.6576, 9.9264, 1.8048, 3.008, 6.4672, 16.3936, 8.8736, 9.6256, 20.304, 16.3936, 18.4992, 4.9632, 4.8128, 17.5968, 3.008, 0.9024, 0.1504, 18.048, 0.1504, 21.6576, 13.2352, 6.016, 8.1216, 0.6016, 0.9024, 33.2384, 18.4992, 29.4784, 10.0768, 0, 4.0608, 19.4016, 2.7072, 35.1936, 1.6544],
      [13.0916, 0.8538, 3.9844, 2.846, 45.2514, 25.3294, 35.8596, 40.9824, 18.7836, 3.4152, 5.692, 12.2378, 31.0214, 16.7914, 18.2144, 38.421, 31.0214, 35.0058, 9.3918, 9.1072, 33.2982, 5.692, 1.7076, 0.2846, 34.152, 0.2846, 40.9824, 25.0448, 11.384, 15.3684, 1.1384, 1.7076, 62.8966, 35.0058, 55.7816, 19.0682, 0, 7.6842, 36.7134, 5.1228, 66.5964, 3.1306],
      [4.0204, 0.2622, 1.2236, 0.874, 13.8966, 7.7786, 11.0124, 12.5856, 5.7684, 1.0488, 1.748, 3.7582, 9.5266, 5.1566, 5.5936, 11.799, 9.5266, 10.7502, 2.8842, 2.7968, 10.2258, 1.748, 0.5244, 0.0874, 10.488, 0.0874, 12.5856, 7.6912, 3.496, 4.7196, 0.3496, 0.5244, 19.3154, 10.7502, 17.1304, 5.8558, 0, 2.3598, 11.2746, 1.5732, 20.4516, 0.9614]
    ],
    [
      [2.1924, 0.4872, 0.2436, 0.609, 11.6928, 5.9682, 8.1606, 9.0132, 3.045, 0.1218, 1.3398, 5.1156, 8.0388, 4.872, 8.0388, 9.8658, 9.744, 4.6284, 2.3142, 0.3654, 6.4554, 0.7308, 0.1218, 0.1218, 4.263, 0.609, 5.481, 2.8014, 1.7052, 3.5322, 0, 0.4872, 9.9876, 6.8208, 10.2312, 3.8976, 0, 2.9232, 7.0644, 1.218, 16.3212, 2.3142],
      [2.52, 0.56, 0.28, 0.7, 13.44, 6.86, 9.38, 10.36, 3.5, 0.14, 1.54, 5.88, 9.24, 5.6, 9.24, 11.34, 11.2, 5.32, 2.66, 0.42, 7.42, 0.84, 0.14, 0.14, 4.9, 0.7, 6.3, 3.22, 1.96, 4.06, 0, 0.56, 11.48, 7.84, 11.76, 4.48, 0, 3.36, 8.12, 1.4, 18.76, 2.66],
      [2.457, 0.546, 0.273, 0.6825, 13.104, 6.6885, 9.1455, 10.101, 3.4125, 0.1365, 1.5015, 5.733, 9.009, 5.46, 9.009, 11.0565, 10.92, 5.187, 2.5935, 0.4095, 7.2345, 0.819, 0.1365, 0.1365, 4.7775, 0.6825, 6.1425, 3.1395, 1.911, 3.9585, 0, 0.546, 11.193, 7.644, 11.466, 4.368, 0, 3.276, 7.917, 1.365, 18.291, 2.5935],
      [3.0258, 0.6724, 0.3362, 0.8405, 16.1376, 8.2369, 11.2627, 12.4394, 4.2025, 0.1681, 1.8491, 7.0602, 11.0946, 6.724, 11.0946, 13.6161, 13.448, 6.3878, 3.1939, 0.5043, 8.9093, 1.0086, 0.1681, 0.1681, 5.8835, 0.8405, 7.5645, 3.8663, 2.3534, 4.8749, 0, 0.6724, 13.7842, 9.4136, 14.1204, 5.3792, 0, 4.0344, 9.7498, 1.681, 22.5254, 3.1939],
      [3.69, 0.82, 0.41, 1.025, 19.68, 10.045, 13.735, 15.17, 5.125, 0.205, 2.255, 8.61, 13.53, 8.2, 13.53, 16.605, 16.4, 7.79, 3.895, 0.615, 10.865, 1.23, 0.205, 0.205, 7.175, 1.025, 9.225, 4.715, 2.87, 5.945, 0, 0.82, 16.81, 11.48, 17.22, 6.56, 0, 4.92, 11.89, 2.05, 27.47, 3.895],
      [4.113, 0.914, 0.457, 1.1425, 21.936, 11.1965, 15.3095, 16.909, 5.7125, 0.2285, 2.5135, 9.597, 15.081, 9.14, 15.081, 18.5085, 18.28, 8.683, 4.3415, 0.6855, 12.1105, 1.371, 0.2285, 0.2285, 7.9975, 1.1425, 10.2825, 5.2555, 3.199, 6.6265, 0, 0.914, 18.737, 12.796, 19.194, 7.312, 0, 5.484, 13.253, 2.285, 30.619, 4.3415]
    ]
  ],
  "V_est": [
    [224.9676, 493.9506, 447.3018, 486.0504, 1863.3186, 246.411],
    [394.1777, 192.5203, 227.3054, 269.4643, 319.6382, 199.7338],
    [237.7984, 311.0488, 328.0344, 8090.4536, 1312.1376, 335.4656],
    [176.9919, 189.4671, 281.4717, 387.5109, 6469.1709, 292.3875],
    [250.4727, 343.6573, 459.0436, 651.3541, 949.6699, 472.8024],
    [235.4917, 269.9539, 938.0369, 454.6592, 860.3458, 264.2102],
    [182.9436, 210.28, 205.023, 252.4862, 307.91, 343.207]
  ],
  "p_est": [
    [0.0598, 0.1313, 0.1189, 0.1292, 0.4953, 0.0655],
    [0.2459, 0.1201, 0.1418, 0.1681, 0.1994, 0.1246],
    [0.0224, 0.0293, 0.0309, 0.7621, 0.1236, 0.0316],
    [0.0227, 0.0243, 0.0361, 0.0497, 0.8297, 0.0375],
    [0.0801, 0.1099, 0.1468, 0.2083, 0.3037, 0.1512],
    [0.0779, 0.0893, 0.3103, 0.1504, 0.2846, 0.0874],
    [0.1218, 0.14, 0.1365, 0.1681, 0.205, 0.2285]
  ],
  "EI_Z": {},
  "EI_V": 13.1042,
  "MAE_Z": {},
  "MAE_V": 196.1266,
  "MAE_p": 0.0658,
  "runtime": 202.127
}
