{
  "Z_true": {},
  "V_true": [
    [32, 1385, 278, 4525, 240],
    [118, 1882, 1293, 13866, 499],
    [795, 285, 11053, 903, 370],
    [309, 185, 1395, 905, 636]
  ],
  "p_true": [
    [0.005, 0.2144, 0.043, 0.7005, 0.0372],
    [0.0067, 0.1066, 0.0732, 0.7853, 0.0283],
    [0.0593, 0.0213, 0.8245, 0.0674, 0.0276],
    [0.0901, 0.0539, 0.4067, 0.2638, 0.1854]
  ],
  "Z_est": [
    [
      [0.3967, 0.3796, 0.0545, 0, 0.1746, 0.4907, 0.2552, 0, 0, 0, 0.5235, 0.0772, 0.0485, 0, 0.0451, 0.2114, 0.2756, 0.2456, 0.2046, 0.0751, 0.0885, 0.2304, 0.4868, 0.5205, 9.7145e-17, 0, 0.6274, 0.0924, 0, 0, 0.1579, 0.1155, 0, 0.2043, 0.1439, 0, 0.3021, 0.0033, 0.0918, 0.2546, 0.2027, 0.3925, 0.0174, 0.0217, 0.1252, 0.176, 0.9107, 0.3505, 0, 1.1193],
      [80.8624, 27.5607, 15.6638, 201.3604, 45.2098, 40.8621, 52.6098, 19.8839, 22.7883, 43.4457, 176.6306, 30.403, 9.9411, 3.007, 2.4613, 27.4573, 38.4617, 22.8815, 29.4296, 15.0237, 10.9147, 33.6554, 45.5412, 64.3015, 0, 4.085, 114.7237, 19.9422, 26.8323, 6.7998, 14.4663, 15.5593, 2.9196, 4.5498, 30.2232, 29.1223, 31.637, 4.4307, 13.9734, 19.7514, 26.5484, 40.4727, 13.7426, 12.2394, 18.8251, 12.7193, 123.5196, 32.1763, 251.3745, 134.7076],
      [0.963, 0.8103, 0.0439, 0, 0.1549, 1.0002, 0.113, 0, 0, 0, 0.1508, 0.0208, 0.0933, 0.3688, 0.4097, 0.9305, 0.4418, 1.1723, 0.4315, 0.374, 0.1549, 0.8325, 0.873, 0.0172, 1.6375, 0, 0.9619, 0.0478, 0, 0, 0.3613, 0.2538, 0, 0.3703, 0.0542, 0, 0.6391, 0.031, 0.0527, 0.5682, 0.5212, 0.7237, 0, 0.0848, 0, 0.3758, 3.3944, 0.81, 0, 2.2819],
      [172.1845, 76.3169, 30.6883, 422.9321, 73.3789, 82.9401, 103.8945, 42.8271, 46.6303, 98.8825, 272.6425, 47.2404, 22.5034, 3.96, 5.7949, 49.048, 93.2107, 73.8115, 89.9894, 34.6203, 26.0155, 87.7644, 118.1688, 161.4164, 3.1517, 13.2959, 222.3957, 43.975, 36.6045, 12.2924, 15.5133, 31.526, 7.8953, 10.2874, 91.421, 75.1584, 36.536, 4.2987, 37.0571, 49.9988, 53.9096, 96.7059, 36.4288, 21.6825, 46.4784, 42.4262, 277.8253, 48.9712, 332.4477, 209.4922],
      [12.5934, 4.9324, 2.5496, 28.7075, 5.0819, 6.7068, 7.1275, 2.289, 3.5815, 7.6718, 18.0527, 4.2585, 1.4138, 0.6642, 0.289, 3.3529, 4.6102, 2.889, 6.9449, 2.9069, 1.8264, 7.5172, 5.9302, 9.7444, 0.2108, 0.6191, 13.2913, 2.9425, 2.5632, 0.9078, 2.5012, 2.5454, 0.1851, 0.5881, 6.1577, 5.7193, 1.8857, 0.2362, 2.825, 2.4269, 3.8181, 3.7051, 2.8113, 1.9717, 2.5712, 3.3026, 13.35, 2.692, 25.1777, 10.399]
    ],
    [
      [0.2989, 1.5317, 0, 0, 0.0032, 1.5376, 0, 0, 0, 0, 0, 0, 0.0215, 1.7256e-31, 0.2779, 3.2545, 0.285, 2.2874, 0.574, 0.5761, 0.4823, 2.0637, 0.8534, 0, 0, 0, 0.2807, 0, 0, 0, 0.4862, 0.1652, 0, 1.124, 0, 0, 2.5772, 0.0947, 0.0358, 2.5702, 1.3379, 1.5647, 0, 0.0067, 0, 0.9055, 4.6025, 1.343, 0, 2.6471],
      [52.0457, 23.4393, 15.9327, 92.5629, 36.0857, 28.1281, 38.9084, 13.9491, 32.5949, 33.072, 116.6035, 32.7713, 10.014, 0.993, 0.5387, 25.5427, 50.3611, 16.1185, 35.5486, 19.9763, 13.0658, 32.3446, 26.4303, 40.1254, 0, 4.6013, 79.4923, 15.8699, 26.4272, 6.0379, 10.5244, 12.4282, 1.9048, 2.4502, 21.6868, 23.4369, 28.3101, 4.2639, 10.0081, 20.2416, 22.4231, 37.4681, 10.0813, 9.6471, 16.7268, 9.2807, 92.4203, 27.7879, 244.4089, 121.4983],
      [84.5221, 56.5279, 21.4752, 63.6277, 42.0029, 49.7412, 51.3212, 16.3612, 30.5715, 27.5653, 129.31, 35.7898, 16.3004, 3.7815, 3.0677, 55.7309, 85.2594, 55.6926, 80.8122, 46.9082, 24.2463, 78.9347, 50.124, 60.7201, 1.6703, 6.5732, 110.9992, 23.1328, 16.5907, 4.8756, 13.2115, 20.5582, 1.7106, 8.945, 42.0818, 34.3285, 34.4679, 3.979, 17.5108, 48.7913, 39.9996, 68.0835, 15.4389, 13.6538, 23.3753, 26.6628, 185.4763, 40.5269, 202.3521, 158.2718],
      [439.1547, 273.105, 122.8235, 644.6484, 225.0279, 234.7486, 299.169, 113.7224, 251.528, 276.6223, 683.2421, 196.1104, 90.1516, 6.8897, 8.6501, 195.9837, 480.781, 233.6928, 444.2077, 190.1292, 126.9535, 357.278, 279.459, 398.4328, 2.9805, 61.495, 600.0584, 138.3421, 129.6206, 40.6442, 45.3855, 101.4105, 19.8522, 28.6349, 264.6406, 239.1514, 132.696, 16.706, 107.0035, 219.578, 187.2339, 361.232, 106.9211, 67.6196, 164.3981, 135.8942, 851.335, 167.9895, 1199.2456, 732.3533],
      [36.9786, 20.3961, 11.7687, 50.1609, 17.8803, 21.8445, 23.6015, 6.9673, 22.3056, 24.7403, 51.8444, 20.3284, 6.5125, 1.3358, 0.4656, 14.4882, 27.3135, 10.2086, 39.8574, 18.4103, 10.2521, 35.3791, 16.1333, 27.7217, 0.3492, 3.3306, 41.1693, 10.6553, 10.3615, 3.4423, 8.3924, 9.4379, 0.5324, 1.8459, 20.5908, 21.0831, 6.9488, 0.9565, 9.4419, 11.8189, 15.0055, 15.6516, 9.5586, 7.0729, 10.4998, 12.2568, 46.1658, 10.3528, 103.9933, 41.2296]
    ],
    [
      [27.4727, 25.4499, 9.9898, 24.2778, 15.6217, 33.4769, 17.2852, 1.6643, 1.731, 11.4304, 37.0051, 9.9882, 8.9949, 0, 0.6022, 20.2132, 58.6921, 18.3984, 25.1931, 5.9539, 26.2181, 29.431, 35.5032, 47.583, 0, 5.7834, 43.1024, 8.0597, 3.9879, 0.833, 6.2416, 4.8371, 1.7958, 6.1213, 13.6494, 14.9454, 42.2393, 0.8454, 11.4107, 36.0703, 28.7136, 60.0879, 12.5687, 2.6731, 17.9428, 17.868, 72.5394, 21.3045, 80.5885, 73.4948],
      [0, 0, 0.3574, 2.8547, 0.6481, 0, 0.3981, 0.1394, 0.5349, 1.4225, 2.4465, 0.7561, 0.0198, 0, 0, 0, 0.0831, 0, 0, 0, 0, 0, 0, 0.4944, 0, 0.2772, 0.6305, 0.1621, 0.6309, 0.1425, 0, 0, 0.1697, 0, 0.0646, 0.3838, 0, 0.291, 0, 0, 0, 0, 0.1502, 0.0879, 0.3901, 0, 0, 0, 7.4953, 0.6155],
      [377.6507, 190.7095, 150.6404, 188.9514, 186.9665, 228.6257, 178.7042, 37.6435, 115.4357, 93.0868, 532.3476, 167.6826, 120.7322, 3.8497, 10.9692, 273.0969, 570.9592, 260.8331, 333.8541, 117.0902, 245.4447, 444.7982, 268.0654, 320.3169, 9, 48.1788, 451.3701, 94.4224, 43.8404, 16.4812, 39.586, 45.6259, 11.623, 22.6242, 199.3137, 163.5796, 265.8866, 47.4238, 114.4676, 283.7022, 294.44, 478.7811, 102.3291, 85.0607, 117.2997, 151.5939, 903.2568, 140.8687, 852.778, 540.249],
      [47.6442, 22.8335, 20.7471, 33.7218, 23.6945, 25.8974, 24.482, 5.5325, 18.1029, 16.8941, 66.1126, 21.3896, 16.1783, 0.1503, 0.4286, 19.6899, 78.1086, 24.7685, 44.5003, 11.9559, 30.3208, 47.7149, 36.3773, 50.1885, 0, 9.6343, 58.7726, 13.2696, 6.5153, 2.5244, 3.1724, 5.5179, 2.4036, 1.2545, 29.6804, 25.7254, 18.8741, 4.4398, 16.8674, 28.2275, 31.8464, 60.1309, 16.6495, 10.1082, 19.2065, 18.4411, 99.2038, 13.8268, 112.6489, 60.6407],
      [0.2325, 0.0071, 0.2653, 0.1944, 0.0692, 0, 0.1306, 0.0203, 0.1955, 0.1662, 0.0883, 0.1835, 0.0747, 0, 0, 0, 0.1571, 0, 0.4524, 0, 0.0164, 0.0559, 0.054, 0.4171, 0, 0.1262, 0.1245, 0.0862, 0.0255, 0.0189, 0, 0.0191, 0.0079, 0, 0.2919, 0.3658, 0, 0, 0.2543, 0, 0, 0, 0.3024, 0.0701, 0.161, 0.097, 0, 0, 0.4894, 0]
    ],
    [
      [3.8317, 4.6388, 0.9558, 4.7222, 1.2005, 4.4948, 2.4596, 0.3357, 0.269, 1.5696, 4.4714, 0.9346, 0.9351, 0, 0.0749, 4.3209, 4.7473, 3.0685, 4.0282, 1.3949, 1.2111, 4.2749, 3.1566, 4.8965, 0, 1.2166, 4.9895, 0.8479, 1.0121, 0.167, 1.1143, 0.8822, 0.2042, 1.5503, 1.2067, 2.0546, 3.8814, 0.0566, 1.4617, 3.1048, 2.7458, 4.9549, 1.4139, 0.2985, 2.932, 2.0504, 9.9474, 3.002, 9.4115, 7.7387],
      [0.0919, 0, 0.0462, 0.222, 0.0564, 0.0098, 0.0838, 0.0276, 0.082, 0.0597, 0.3194, 0.0695, 0.0252, 0, 0, 0, 0.0942, 0, 0.0218, 0, 0.0194, 0, 0.0285, 0.0788, 0, 0.0365, 0.1535, 0.0258, 0.1096, 0.0198, 0.0093, 0.0125, 0.0059, 0, 0.0254, 0.057, 0.0529, 0.0144, 0.0186, 0.007, 0.0285, 0.0592, 0.0259, 0.0256, 0.058, 0, 0.0601, 0.0358, 0.7212, 0.1786],
      [28.8642, 18.9522, 7.8405, 18.4209, 7.8758, 16.6328, 13.8617, 3.9953, 8.9927, 6.3479, 35.1917, 8.5068, 6.8741, 0, 0.5533, 29.2418, 25.3396, 22.3019, 28.9021, 14.6277, 6.1541, 34.4346, 12.9375, 17.9458, 0.6922, 5.248, 28.6688, 5.397, 5.5689, 1.6432, 3.8412, 4.5622, 0.6664, 3.0605, 9.5503, 12.0919, 13.0064, 1.5662, 7.9689, 12.9383, 15.0392, 21.4116, 6.232, 5.2007, 10.325, 9.3675, 65.8725, 10.7945, 53.8699, 31.1974],
      [81.0166, 53.7446, 22.7411, 71.6977, 21.8987, 45.4138, 41.4545, 12.918, 29.7389, 24.6011, 96.0028, 23.2596, 20.1666, 0, 1.1264, 63.2784, 76.8997, 57.7271, 85.3026, 35.2946, 17.7102, 89.2428, 39.9949, 59.9622, 0.8678, 21.5748, 82.7733, 16.4133, 18.2595, 5.539, 7.9288, 12.5456, 2.849, 6.8233, 30.258, 39.9648, 29.8938, 3.5555, 25.0721, 35.1957, 40.0101, 63.9311, 21.0006, 13.5898, 35.917, 27.2385, 176.6359, 27.2125, 152.6578, 83.5138],
      [23.1955, 13.6644, 7.4165, 18.9372, 5.9686, 14.4487, 11.1404, 2.7234, 8.9174, 7.4217, 25.0147, 8.2295, 4.999, 0, 0.2455, 17.1589, 14.9192, 8.9024, 25.7453, 11.6828, 4.9052, 30.0477, 7.8825, 14.1167, 0.44, 3.924, 19.4149, 4.316, 5.0498, 1.631, 5.1064, 3.9975, 0.2746, 1.5659, 7.9596, 11.8318, 6.1655, 0.8073, 7.4788, 6.7542, 11.1764, 9.6432, 6.3276, 4.8853, 7.768, 8.3435, 33.4841, 5.9552, 45.3395, 16.3714]
    ]
  ],
  "V_est": [
    [10.0931, 2065.6983, 22.526, 4094.6366, 267.0459],
    [33.7885, 1646.5784, 2333.6613, 12694.9333, 949.0385],
    [1079.8803, 21.6463, 10942.2368, 1357.0159, 5.2207],
    [130.238, 3.077, 720.5759, 2052.4142, 523.6949]
  ],
  "p_est": [
    [0.0016, 0.3198, 0.0035, 0.6338, 0.0413],
    [0.0019, 0.0932, 0.1322, 0.7189, 0.0537],
    [0.0806, 0.0016, 0.8162, 0.1012, 0.0004],
    [0.038, 0.0009, 0.2101, 0.5984, 0.1527]
  ],
  "EI_Z": {},
  "EI_V": 9.974,
  "MAE_Z": {},
  "MAE_V": 408.4754,
  "MAE_p": 0.0584,
  "runtime": 0.001
}
