{
  "X": [
    [7, 80, 95, 9],
    [20, 155, 173, 19],
    [50, 250, 383, 38],
    [42, 251, 427, 40],
    [28, 211, 327, 31],
    [9, 18, 254, 8],
    [3, 10, 42, 6],
    [2, 24, 17, 7],
    [6, 12, 119, 6],
    [3, 6, 69, 4],
    [1, 11, 118, 9],
    [46, 51, 245, 20],
    [4, 15, 57, 10],
    [0, 4, 75, 5],
    [3, 11, 79, 3],
    [2, 11, 193, 9],
    [5, 20, 190, 18],
    [2, 6, 20, 6],
    [0, 7, 42, 3],
    [1, 6, 83, 5],
    [12, 88, 338, 17],
    [1, 14, 130, 5],
    [1, 4, 64, 1],
    [11, 18, 75, 5],
    [2, 3, 86, 2],
    [19, 241, 714, 72],
    [24, 202, 398, 64],
    [27, 311, 655, 76],
    [16, 259, 749, 81],
    [14, 138, 233, 30],
    [17, 22, 245, 13],
    [2, 6, 130, 9],
    [6, 10, 83, 7],
    [2, 35, 122, 10],
    [1, 14, 153, 14],
    [4, 8, 85, 1],
    [2, 3, 90, 4],
    [24, 253, 150, 41],
    [1, 2, 85, 5],
    [10, 76, 140, 15],
    [6, 106, 285, 34],
    [1, 9, 27, 3],
    [7, 27, 278, 8],
    [1, 3, 79, 3],
    [20, 78, 230, 27],
    [7, 33, 80, 34],
    [1, 9, 75, 4],
    [3, 12, 111, 4],
    [22, 314, 391, 66],
    [33, 299, 334, 42],
    [25, 264, 329, 47],
    [6, 6, 76, 1],
    [0, 5, 12, 1],
    [3, 10, 14, 3],
    [6, 33, 232, 19],
    [6, 97, 122, 16],
    [11, 55, 69, 14],
    [5, 3, 71, 3],
    [3, 10, 107, 13],
    [4, 12, 73, 19],
    [1, 3, 119, 4],
    [18, 78, 427, 58],
    [16, 193, 362, 44],
    [21, 115, 284, 33],
    [2, 9, 103, 8],
    [6, 34, 332, 24],
    [33, 205, 490, 152],
    [0, 8, 94, 1],
    [8, 78, 110, 7],
    [5, 21, 46, 4],
    [5, 51, 77, 21],
    [20, 128, 384, 83],
    [27, 220, 823, 98],
    [1, 8, 67, 1],
    [4, 16, 115, 17],
    [6, 22, 205, 12],
    [8, 66, 232, 77],
    [1, 2, 67, 1],
    [10, 79, 152, 23],
    [0, 24, 100, 8],
    [5, 23, 239, 13],
    [2, 14, 59, 4],
    [1, 4, 138, 16],
    [0, 15, 111, 12],
    [7, 7, 108, 6],
    [6, 13, 74, 2],
    [5, 24, 108, 9],
    [6, 8, 84, 7],
    [2, 25, 84, 9],
    [0, 6, 71, 5],
    [9, 113, 407, 40],
    [38, 200, 707, 62],
    [12, 94, 267, 18],
    [11, 105, 211, 28],
    [43, 270, 874, 106],
    [7, 64, 125, 35],
    [48, 352, 947, 166],
    [5, 40, 89, 17]
  ],
  "W": [
    [84, 73, 10, 8, 16],
    [190, 132, 16, 9, 20],
    [323, 292, 44, 16, 46],
    [329, 354, 25, 18, 34],
    [253, 261, 28, 18, 37],
    [25, 234, 11, 7, 12],
    [9, 44, 3, 0, 5],
    [25, 12, 4, 3, 6],
    [20, 106, 7, 2, 8],
    [6, 66, 4, 2, 4],
    [13, 110, 7, 5, 4],
    [74, 221, 27, 21, 19],
    [17, 48, 9, 4, 8],
    [5, 74, 0, 3, 2],
    [10, 69, 2, 6, 9],
    [16, 175, 7, 6, 11],
    [32, 174, 8, 8, 11],
    [11, 18, 1, 1, 3],
    [12, 32, 3, 1, 4],
    [10, 75, 7, 2, 1],
    [100, 298, 23, 14, 20],
    [16, 122, 6, 0, 6],
    [3, 60, 3, 1, 3],
    [17, 68, 10, 2, 12],
    [4, 76, 5, 5, 3],
    [297, 592, 46, 62, 49],
    [253, 306, 49, 20, 60],
    [390, 544, 45, 26, 64],
    [312, 635, 29, 54, 75],
    [165, 180, 26, 11, 33],
    [31, 228, 16, 5, 17],
    [11, 114, 5, 7, 10],
    [12, 76, 3, 2, 13],
    [47, 105, 9, 1, 7],
    [19, 144, 1, 14, 4],
    [9, 76, 1, 4, 8],
    [6, 83, 3, 3, 4],
    [292, 115, 31, 2, 28],
    [2, 80, 0, 6, 5],
    [84, 125, 12, 5, 15],
    [140, 247, 15, 9, 20],
    [10, 26, 2, 1, 1],
    [35, 255, 17, 6, 7],
    [4, 71, 4, 2, 5],
    [91, 188, 28, 21, 27],
    [48, 64, 5, 12, 25],
    [11, 76, 1, 0, 1],
    [18, 99, 2, 3, 8],
    [369, 302, 33, 35, 54],
    [344, 264, 31, 19, 50],
    [310, 262, 43, 13, 37],
    [9, 65, 8, 5, 2],
    [7, 10, 1, 0, 0],
    [9, 15, 3, 1, 2],
    [44, 198, 12, 22, 14],
    [101, 104, 10, 3, 23],
    [66, 60, 11, 3, 9],
    [4, 70, 1, 0, 7],
    [24, 100, 4, 0, 5],
    [17, 58, 8, 8, 17],
    [7, 107, 4, 5, 4],
    [110, 374, 32, 34, 31],
    [225, 307, 25, 19, 39],
    [132, 237, 23, 9, 52],
    [15, 90, 7, 4, 6],
    [56, 297, 14, 11, 18],
    [269, 439, 46, 46, 80],
    [7, 92, 0, 1, 3],
    [95, 90, 3, 3, 12],
    [28, 31, 8, 2, 7],
    [59, 64, 7, 1, 23],
    [155, 352, 24, 58, 26],
    [272, 700, 50, 50, 96],
    [6, 66, 1, 0, 4],
    [29, 110, 3, 4, 6],
    [34, 181, 10, 3, 17],
    [86, 223, 20, 12, 42],
    [5, 52, 2, 4, 8],
    [94, 126, 16, 8, 20],
    [27, 89, 6, 4, 6],
    [34, 216, 9, 8, 13],
    [13, 56, 3, 1, 6],
    [10, 129, 2, 11, 7],
    [20, 101, 3, 3, 11],
    [12, 100, 9, 1, 6],
    [12, 68, 4, 7, 4],
    [26, 100, 8, 2, 10],
    [12, 82, 1, 3, 7],
    [37, 76, 2, 2, 3],
    [5, 69, 1, 1, 6],
    [138, 347, 20, 22, 42],
    [244, 615, 61, 19, 68],
    [97, 230, 26, 10, 28],
    [125, 185, 15, 4, 26],
    [368, 726, 51, 46, 102],
    [84, 112, 9, 4, 22],
    [453, 818, 62, 54, 126],
    [55, 75, 8, 3, 10]
  ],
  "method": "mult",
  "cond_prob": [
    [
      [0.028863883774, 0.89143614094, 0.054393184597, 0.025306790686],
      [0.0011114848369, 0.038567688324, 0.95762567871, 0.0026951481293],
      [0.2909988446, 0.079278518844, 0.57835157195, 0.051371064603],
      [0.015686909103, 0.010066462328, 0.70895546747, 0.2652911611],
      [0.091175728192, 0.089412876632, 0.56682115555, 0.25259023963]
    ],
    [
      [0.054895411581, 0.80254661983, 0.098884836807, 0.043673131778],
      [0.0055850208747, 0.0027131801081, 0.98219770807, 0.0095040909431],
      [0.38072924139, 0.054369602889, 0.50801765508, 0.056883500643],
      [0.022651209746, 0.0047728699114, 0.66404209973, 0.30853382061],
      [0.12685601471, 0.062256649095, 0.5228561081, 0.2880312281]
    ],
    [
      [0.076429579078, 0.75966884872, 0.11735610188, 0.046545470326],
      [0, 0, 0.99072708262, 0.0092729173801],
      [0.41458708676, 0.046218601647, 0.48524527254, 0.053949039056],
      [0.026238180295, 0.003725138644, 0.66397607542, 0.30606060564],
      [0.14460007077, 0.055081329862, 0.51798395152, 0.28233464785]
    ],
    [
      [0.078873329424, 0.75374986959, 0.11320273246, 0.054174068523],
      [0, 0, 0.98827808712, 0.01172191288],
      [0.42514266098, 0.045674696892, 0.46906232386, 0.060120318265],
      [0.026457337315, 0.0036358532801, 0.63458930949, 0.33531749992],
      [0.14546694187, 0.053205297717, 0.49284389743, 0.30848386299]
    ],
    [
      [0.048363332518, 0.81156767136, 0.097002372343, 0.043066623781],
      [0.0046105628706, 0.0060180883544, 0.98111529231, 0.0082560564659],
      [0.35432599996, 0.05788982429, 0.52866913066, 0.059115045092],
      [0.020440207605, 0.0050987383022, 0.66622773293, 0.30823332116],
      [0.11545049265, 0.064593668012, 0.52952631495, 0.29042952439]
    ],
    [
      [0.10840120874, 0.67434974899, 0.1732928584, 0.043956183872],
      [0, 0, 0.99388521509, 0.0061147849059],
      [0.40363543908, 0.043584068948, 0.50593190618, 0.046848585788],
      [0.024700024876, 0.003655685513, 0.69980221738, 0.27184207223],
      [0.13975664812, 0.053020143193, 0.55288930986, 0.25433389883]
    ],
    [
      [0.04828067286, 0.81903586336, 0.045843652081, 0.086839811699],
      [0.015634760281, 0.048719112488, 0.8861979216, 0.04944820563],
      [0.44723006304, 0.062320522737, 0.36730605358, 0.12314336064],
      [0.01857942397, 0.0040956658454, 0.39635556841, 0.58096934178],
      [0.10717086055, 0.059614942419, 0.29855608401, 0.53465811302]
    ],
    [
      [0.020326652736, 0.90651483683, 0.0031441011714, 0.070014409262],
      [0.00087074242648, 0.036788934533, 0.93937026981, 0.02297005323],
      [0.27262095642, 0.090081765248, 0.50883761363, 0.1284596647],
      [0.0098399253359, 0.013607970467, 0.4676122016, 0.5089399026],
      [0.06023019513, 0.082418482075, 0.36846119561, 0.48889012718]
    ],
    [
      [0.099489927303, 0.5725006144, 0.26141772111, 0.066591737196],
      [0, 0, 0.99078858196, 0.0092114180374],
      [0.41453332125, 0.033666352523, 0.49014995044, 0.061650375782],
      [0.023098762004, 0.0024646160563, 0.63300736033, 0.34142926161],
      [0.13278383515, 0.03867425154, 0.50637393951, 0.3221679738]
    ],
    [
      [0.046626447634, 0.82628326539, 0.075159089816, 0.051931197159],
      [0.0074483345445, 0.0085585488306, 0.9678101165, 0.016183000124],
      [0.42425363457, 0.055857827784, 0.44648989689, 0.073398640762],
      [0.021409608472, 0.0047781519599, 0.56476788222, 0.40904435735],
      [0.12220436976, 0.061112142445, 0.43952060501, 0.37716288278]
    ],
    [
      [0.0063146438277, 0.79114995522, 0.11593155293, 0.086603848017],
      [0, 0, 0.97723831542, 0.022761684576],
      [0.11523151187, 0.070341530744, 0.66816790369, 0.1462590537],
      [0.0036865980409, 0.0034138451612, 0.51287031016, 0.48002924664],
      [0.023214014244, 0.05139766027, 0.43878705966, 0.48660126583]
    ],
    [
      [0.18727619471, 0.66744130825, 0.090875981243, 0.054406515804],
      [0.040837645551, 0, 0.94688383876, 0.012278515691],
      [0.62114090851, 0.027749541857, 0.30986531409, 0.041244235542],
      [0.058103423731, 0.0026179657508, 0.60643258328, 0.33284602724],
      [0.26976134194, 0.042375172566, 0.41644217333, 0.27142131216]
    ],
    [
      [0.034207842704, 0.79567854932, 0.081057066044, 0.08905654193],
      [0.0029525015582, 0.010062854801, 0.95476246035, 0.032222183294],
      [0.29587493642, 0.061400392758, 0.51790284081, 0.12482183001],
      [0.011989841667, 0.0044379825244, 0.48877446415, 0.49479771166],
      [0.070739100595, 0.05251152077, 0.39715104459, 0.47959833405]
    ],
    [
      [2.2767589988e-18, 0.77887405262, 0.13404849524, 0.087077452136],
      [0, 0, 0.97376524938, 0.026234750623],
      [0, 0.07736404276, 0.74297244298, 0.17966351426],
      [0, 0.0030670060139, 0.47877297082, 0.51816002317],
      [0, 0.048214359426, 0.41740507873, 0.53438056184]
    ],
    [
      [0.057082555898, 0.85899681701, 0.077054370114, 0.0068662569809],
      [0.00093036355271, 0.020848455971, 0.97822118048, 0],
      [0.42567827587, 0.064287102786, 0.47998619907, 0.030048422277],
      [0.026791033527, 0.0083186365747, 0.76120784613, 0.20368248376],
      [0.15031962255, 0.088111371434, 0.57833059678, 0.18323840923]
    ],
    [
      [0.016045108077, 0.62889803507, 0.28969576056, 0.065361096293],
      [0, 0, 0.9922077496, 0.0077922504048],
      [0.17414955374, 0.054747095456, 0.68339395475, 0.08770939605],
      [0.0070275288, 0.0028836823422, 0.64276310168, 0.34732568718],
      [0.043824201979, 0.04882724333, 0.55347048714, 0.35387806755]
    ],
    [
      [0.05676373503, 0.60190978868, 0.22910801544, 0.11221846085],
      [0, 0, 0.97463633835, 0.025363661653],
      [0.2893469942, 0.041925327129, 0.54581293969, 0.12291473898],
      [0.011769837038, 0.0015887205536, 0.50817249237, 0.47846895004],
      [0.070420529919, 0.035524943704, 0.42272156155, 0.47133296483]
    ],
    [
      [0.10660723618, 0.53921196789, 0.16035417956, 0.19382661637],
      [0, 0, 0.92907980264, 0.070920197359],
      [0.49855974984, 0.022769548074, 0.34086138406, 0.13780931802],
      [0.016525393089, 0, 0.34540987923, 0.63806472768],
      [0.10407841969, 0.015299601716, 0.27546543799, 0.6051565406]
    ],
    [
      [0, 0.56047530388, 0.37109038846, 0.068434307663],
      [0, 0, 1, 0],
      [0, 0.047685358489, 0.84919958619, 0.10311505532],
      [0, 0.00046789817829, 0.64401737603, 0.35551472579],
      [1.1015494072e-16, 0.032693094954, 0.58882480097, 0.37848210407]
    ],
    [
      [0.002108815322, 0.56364881349, 0.32259991353, 0.11164245766],
      [0, 0, 0.98136507194, 0.018634928055],
      [0.13483169665, 0.046419594864, 0.67398991923, 0.14475878925],
      [0.0041722990517, 0.0017436936863, 0.50727240572, 0.48681160155],
      [0.026745372109, 0.035087313638, 0.4391462228, 0.49902109146]
    ],
    [
      [0.032748873018, 0.82907208915, 0.097881162031, 0.040297875798],
      [0.0012351161212, 0.0069725504463, 0.98560606154, 0.0061862718942],
      [0.27994652546, 0.06675896396, 0.59278588832, 0.060508622268],
      [0.014669546413, 0.0053348175897, 0.68811893846, 0.29187669754],
      [0.085645217941, 0.070241371719, 0.56167684444, 0.2824365659]
    ],
    [
      [0.0065254344614, 0.82239625043, 0.11606532632, 0.055012988785],
      [0, 0, 0.98933373872, 0.010666261282],
      [0.12117121719, 0.076173476094, 0.70610376211, 0.096551544608],
      [0.0045429635438, 0.0044036018726, 0.62327540663, 0.36777802796],
      [0.028094290913, 0.064103189422, 0.53460268044, 0.37319983923]
    ],
    [
      [0, 0.92896571071, 0.057954264853, 0.01308002444],
      [0, 0.0093792647505, 0.98884088981, 0.0017798454388],
      [0.25221813265, 0.10710209019, 0.60746478574, 0.033214991426],
      [0.012814500946, 0.0078301190288, 0.78345276551, 0.19590261452],
      [0.076843700365, 0.10707019775, 0.62994556469, 0.18614053719]
    ],
    [
      [0.076530424922, 0.82905160174, 0.062568009472, 0.03184996387],
      [0.027322986956, 0.03479037804, 0.93070193474, 0.0071847002691],
      [0.52732704754, 0.057929936907, 0.37515640944, 0.039586606114],
      [0.040132803418, 0.0069766297336, 0.65933371534, 0.2935568515],
      [0.20729029843, 0.078927036272, 0.46486506266, 0.24891760265]
    ],
    [
      [0.036311726079, 0.70645580318, 0.22973977357, 0.027492697165],
      [0, 0, 0.99943778164, 0.00056221835956],
      [0.2955925297, 0, 0.66728856383, 0.03711890647],
      [0.016067474572, 0, 0.77471220901, 0.20922031642],
      [0.098817691437, 0.058058929087, 0.63792187895, 0.20520150052]
    ],
    [
      [0.023103833384, 0.79102583082, 0.12242529043, 0.063445045366],
      [0, 0, 0.98813469021, 0.01186530979],
      [0.19752028626, 0.06531516932, 0.64126848763, 0.095896056789],
      [0.0084698436866, 0.0033967522755, 0.61194999345, 0.37618341059],
      [0.051573428744, 0.058167996283, 0.51478983902, 0.37546873596]
    ],
    [
      [0.031760807081, 0.77452653928, 0.11582587565, 0.077886777994],
      [0, 0, 0.98138217326, 0.018617826738],
      [0.24416321645, 0.058799183857, 0.58997701772, 0.10706058197],
      [0.010661415565, 0.0033071011833, 0.56441193272, 0.42161955053],
      [0.063121498184, 0.05162472551, 0.46993326533, 0.41532051097]
    ],
    [
      [0.030906355478, 0.78119626446, 0.11750013118, 0.070397248874],
      [0, 0, 0.98446164491, 0.015538355088],
      [0.23702311809, 0.060964830435, 0.60227661931, 0.099735432166],
      [0.010565673406, 0.0035950576944, 0.58643684396, 0.39940242494],
      [0.062590211575, 0.054633874832, 0.48871887804, 0.39405703555]
    ],
    [
      [0.021772872585, 0.80869501794, 0.10494211426, 0.064589995223],
      [0, 0, 0.98731743152, 0.012682568483],
      [0.18279060165, 0.068691653125, 0.64721436929, 0.10130337594],
      [0.0076986311693, 0.0040567002581, 0.60162904215, 0.38661562642],
      [0.046536136301, 0.059680461989, 0.50739075138, 0.38639265033]
    ],
    [
      [0.02923601758, 0.81028290419, 0.10238648586, 0.05809459237],
      [0.0011397972082, 0.0032228374326, 0.98373312596, 0.011904239404],
      [0.25210669814, 0.064166839168, 0.59702518003, 0.086701282665],
      [0.01173916094, 0.0044554656729, 0.61403451788, 0.3697708555],
      [0.069302687273, 0.060783700909, 0.50779493284, 0.36211867898]
    ],
    [
      [0.16262774553, 0.66577771161, 0.10945678152, 0.062137761344],
      [0.0049163771934, 0, 0.98187460014, 0.013209022665],
      [0.48464504736, 0.036340019987, 0.4212357375, 0.057779195153],
      [0.031744958847, 0.0033090811753, 0.61360997108, 0.35133598889],
      [0.17203296096, 0.044876777322, 0.46656525207, 0.31652500964]
    ],
    [
      [0.025426513679, 0.49555037051, 0.39083413671, 0.088188979096],
      [0, 0, 0.9910799312, 0.0089200688009],
      [0.22198225788, 0.039421322281, 0.64336742329, 0.095228996556],
      [0.0087125689309, 0.0010673745272, 0.60929692407, 0.38092313247],
      [0.054940907763, 0.034436769129, 0.52357967545, 0.38704264766]
    ],
    [
      [0.083251819615, 0.76883580762, 0.091298771742, 0.056613601023],
      [0.01365320828, 0, 0.97135655659, 0.014990235126],
      [0.51689383156, 0.039842092749, 0.38627652668, 0.05698754901],
      [0.03304558382, 0.003964991718, 0.59211459153, 0.37087483293],
      [0.18050474408, 0.04973184976, 0.44140443653, 0.32835896963]
    ],
    [
      [0.012407840613, 0.7257954723, 0.17989399867, 0.081902688425],
      [0, 0, 0.98499011268, 0.015009887324],
      [0.13364371443, 0.060827262827, 0.68363464918, 0.12189437356],
      [0.0048487374711, 0.0031801875495, 0.5640250489, 0.42794602608],
      [0.029884189123, 0.048141035578, 0.48632619146, 0.43564858384]
    ],
    [
      [0.030261607026, 0.72207806539, 0.15403843332, 0.093621894272],
      [0, 0, 0.9751998686, 0.024800131398],
      [0.1849993432, 0.059627957664, 0.62084978689, 0.13452291225],
      [0.0061563090423, 0.0024176511419, 0.51888719805, 0.47253884177],
      [0.038460449179, 0.046760421006, 0.4398045322, 0.47497459761]
    ],
    [
      [0.091142056765, 0.81184244485, 0.09250548128, 0.0045100171001],
      [0.0044764695037, 0.00085852067933, 0.99466500982, 0],
      [0.57463791115, 0.03999104826, 0.37618859841, 0.0091824421831],
      [0.049843039282, 0.0059216617707, 0.8546304813, 0.089604817648],
      [0.25818746732, 0.070561591167, 0.59727492485, 0.073976016665]
    ],
    [
      [0.075509250744, 0.46206116079, 0.38395437834, 0.078475210128],
      [0, 0, 0.99056098489, 0.0094390151058],
      [0.3652851173, 0.030780379152, 0.53171704002, 0.072217463532],
      [0.016421403212, 0.001676621124, 0.61595436298, 0.36594761268],
      [0.1004562335, 0.032565508605, 0.50917444369, 0.3578038142]
    ],
    [
      [0.037943127435, 0.84627416988, 0.041093661516, 0.074689041168],
      [0.0041891088227, 0.016486516701, 0.95680143763, 0.022522936849],
      [0.32225743088, 0.07032690831, 0.49835391319, 0.10906174762],
      [0.015197189517, 0.0047392156022, 0.51741433437, 0.46264926052],
      [0.086374447784, 0.064370728044, 0.41016734045, 0.43908748372]
    ],
    [
      [0.030091533712, 0.86771933683, 0.063754387727, 0.038434741731],
      [0.0031336205915, 0, 0.98584923167, 0.011017147743],
      [0.42471776327, 0.050759480116, 0.45792524012, 0.066597516491],
      [0.021417782656, 0, 0.60150370028, 0.37707851706],
      [0.11212411786, 0.052912265268, 0.47910609792, 0.35585751894]
    ],
    [
      [0.042513506859, 0.83540155219, 0.065835767614, 0.056249173338],
      [0.0053573482367, 0.031799996693, 0.9477615593, 0.015081095769],
      [0.34550225634, 0.06632870871, 0.50755478862, 0.080614246326],
      [0.017912778393, 0.0060314683557, 0.58809174883, 0.38796400442],
      [0.10157372841, 0.068344545545, 0.46456562668, 0.36551609936]
    ],
    [
      [0.019704586657, 0.74366233931, 0.1430266415, 0.093606432532],
      [0, 0, 0.97801151761, 0.02198848239],
      [0.16318678267, 0.061153150967, 0.6409038725, 0.13475619387],
      [0.0060761172218, 0.0027769802021, 0.53003711491, 0.46110978767],
      [0.036943553651, 0.047249120501, 0.45117666094, 0.46463066491]
    ],
    [
      [0.027882420213, 0.81693026006, 0.067997713085, 0.087189606638],
      [0.00089007075762, 0.025005540647, 0.94372101911, 0.030383369483],
      [0.31403794547, 0.062919514314, 0.49367282753, 0.12936971268],
      [0.0096695601946, 0.0044466704333, 0.43753336541, 0.54835040396],
      [0.060288507023, 0.050267643468, 0.35839735177, 0.53104649774]
    ],
    [
      [0.0423912655, 0.73140253925, 0.18175226386, 0.044453931397],
      [0, 0, 0.99290485512, 0.0070951448843],
      [0.28360478665, 0.056164807876, 0.60196281919, 0.058267586283],
      [0.014665667358, 0.0040678020903, 0.69755655242, 0.28370997813],
      [0.08671861861, 0.060243225702, 0.57560363854, 0.27743451714]
    ],
    [
      [0.019980685126, 0.69358941888, 0.23919661301, 0.047233282987],
      [0, 0, 0.99589435281, 0.0041056471927],
      [0.19743223631, 0.054787190621, 0.67592563146, 0.071854941602],
      [0.0077626206447, 0.0032467810031, 0.67343570578, 0.31555489258],
      [0.02296461459, 0, 0.65682811225, 0.32020727316]
    ],
    [
      [0.051776553744, 0.80029392214, 0.090200240309, 0.057729283806],
      [0.0077101621333, 0.0097753947218, 0.96984361682, 0.012670826326],
      [0.3689117735, 0.056989498157, 0.49943590133, 0.074662827012],
      [0.02047931401, 0.0053912869367, 0.60146522766, 0.37266417139],
      [0.11404547689, 0.060242811238, 0.47578530191, 0.34992640996]
    ],
    [
      [0.064696244481, 0.66904691749, 0.10501651169, 0.16124032633],
      [0, 0, 0.92953085606, 0.070469143943],
      [0.34438903951, 0.042760939804, 0.45805265889, 0.15479736179],
      [0.01240093258, 0, 0.41134404272, 0.5762550247],
      [0.080952955055, 0.026877730452, 0.32971363376, 0.56245568073]
    ],
    [
      [0.033276054392, 0.78110218202, 0.085938999775, 0.099682763812],
      [0.0031492317995, 0.0041005874689, 0.96339498556, 0.029355195171],
      [0.33152676046, 0.052932296619, 0.48216627597, 0.13337466695],
      [0.010137449217, 0.0030846854067, 0.43132457542, 0.55545328995],
      [0.063095024466, 0.043299053502, 0.35448582393, 0.5391200981]
    ],
    [
      [0.064583597995, 0.63949816167, 0.25296329985, 0.042954940491],
      [0, 0, 0.99661962515, 0.003380374852],
      [0.38659355583, 0.042024929721, 0.52576230119, 0.045619213258],
      [0.021251837728, 0.0030170107093, 0.71185845554, 0.26387269602],
      [0.12506907641, 0.049491524802, 0.57427721801, 0.25116218078]
    ],
    [
      [0.026678058057, 0.82521989629, 0.084991428738, 0.063110616917],
      [0.0018269332072, 0.011952438457, 0.97107994037, 0.015140687962],
      [0.23738599552, 0.068835278974, 0.59583622609, 0.097942499419],
      [0.010644151505, 0.0056586843714, 0.5868370496, 0.39686011452],
      [0.062921844323, 0.063233401793, 0.48463201122, 0.38921274267]
    ],
    [
      [0.044332153194, 0.83857918565, 0.072485215982, 0.04460344517],
      [0.0045319130344, 0.018605161194, 0.96666959394, 0.010193331828],
      [0.34568764774, 0.064056612913, 0.5244824702, 0.06577326914],
      [0.019401230956, 0.006247967184, 0.64234017345, 0.33201062841],
      [0.10936747584, 0.070250624065, 0.50801786058, 0.31236403951]
    ],
    [
      [0.031690668645, 0.823430438, 0.081892983236, 0.062985910117],
      [0.0023279673881, 0.013216249957, 0.96868095792, 0.015774824733],
      [0.27092682569, 0.06714073191, 0.5687733675, 0.093159074896],
      [0.012768468971, 0.0050125011187, 0.58687898258, 0.39534004733],
      [0.074327612514, 0.062748452534, 0.4792454769, 0.38367845805]
    ],
    [
      [0.16552197843, 0.62323308063, 0.19841988406, 0.012825056867],
      [0, 0, 1, 0],
      [0.4884904585, 0.033504293508, 0.4640633191, 0.013941928886],
      [0.038022430298, 0.0026367720431, 0.84548150094, 0.11385929671],
      [0.20613318729, 0.054842033002, 0.63715349293, 0.10187128677]
    ],
    [
      [0, 0.7057499951, 0.1983216106, 0.0959283943],
      [0, 0, 0.98413320223, 0.015866797775],
      [2.7755575616e-17, 0.059750034323, 0.77041670352, 0.16983326216],
      [0, 0.0020303585025, 0.37453227411, 0.62343736739],
      [1.1102230246e-16, 0.031004406502, 0.33125589055, 0.63773970295]
    ],
    [
      [0.040846481897, 0.88964631767, 0, 0.069507200432],
      [0.04378786558, 0.10622317456, 0.81335886725, 0.036630092612],
      [0.5488904672, 0.078433046004, 0.28062171308, 0.092054773717],
      [0.028109055173, 0.011926983283, 0.39627672957, 0.56368723197],
      [0.15039161123, 0.076304700657, 0.28073756121, 0.4925661269]
    ],
    [
      [0.03722904665, 0.71767408359, 0.17977119019, 0.065325679569],
      [0, 0, 0.98999054905, 0.010009450952],
      [0.25938291029, 0.054457555398, 0.60066555978, 0.085493974526],
      [0.011698138309, 0.0020161955097, 0.62015232109, 0.36613334509],
      [0.070854855793, 0.051749525436, 0.51575722419, 0.36163839458]
    ],
    [
      [0.021379800167, 0.88604377131, 0.04636936238, 0.046207066145],
      [0.00098361738323, 0.045221747182, 0.94339933838, 0.010395297059],
      [0.22972671412, 0.084540271314, 0.5985815645, 0.087151450073],
      [0.010478641962, 0.0066397192877, 0.61245926316, 0.37042237559],
      [0.06128873514, 0.084399805216, 0.49478129453, 0.35953016512]
    ],
    [
      [0.066441599563, 0.79732235864, 0.049365343096, 0.086870698698],
      [0.012612450026, 0.021043376571, 0.93805700868, 0.028287164724],
      [0.42620865732, 0.055256271715, 0.41829204445, 0.10024302651],
      [0.022174208746, 0.0049201266542, 0.489257953, 0.4836477116],
      [0.12258773005, 0.054615818497, 0.376608943, 0.44618750845]
    ],
    [
      [0.14029469623, 0.7297656922, 0.085635919071, 0.044303692497],
      [0.020255667544, 0, 0.96573722985, 0.01400710261],
      [0.69520441165, 0.022509483046, 0.25123093316, 0.031055172145],
      [0.060456819371, 0.0035172700509, 0.6061546152, 0.32987129538],
      [0.33224572505, 0.0083468211649, 0.40065990019, 0.2587475536]
    ],
    [
      [0.063788597685, 0.40915967449, 0.30429105583, 0.222760672],
      [0, 0, 0.96151614099, 0.038483859011],
      [0.29576795655, 0.024435812804, 0.49251658114, 0.18727964951],
      [0.0094155394996, 0.0012946727144, 0.37353336815, 0.61575641964],
      [0.057200365872, 0.016484912192, 0.31506684734, 0.6112478746]
    ],
    [
      [0.044675694944, 0.65384860549, 0.17821886551, 0.12325683405],
      [0, 0, 0.95197010816, 0.048029891843],
      [0.2675837513, 0.044302532954, 0.54254649554, 0.1455672202],
      [0.0094234829547, 0, 0.47004511306, 0.52053140398],
      [0.060262077172, 0.031185496647, 0.39148706731, 0.51706535887]
    ],
    [
      [0.0068427822636, 0.38966574616, 0.53016364838, 0.073327823196],
      [0, 0, 0.99625871625, 0.0037412837544],
      [0.18314686516, 0.03425772166, 0.70954453617, 0.073050877006],
      [0.0070447289066, 0.0011678433444, 0.68700054621, 0.30478688154],
      [0.046072354743, 0.032367418379, 0.60399773683, 0.31756249005]
    ],
    [
      [0.054676439851, 0.68339873577, 0.15561224482, 0.10631257956],
      [0, 0, 0.96964089384, 0.030359106161],
      [0.29061565961, 0.047414985772, 0.53710495519, 0.12486439943],
      [0.01245556603, 0.0014420807086, 0.50462178237, 0.48148057089],
      [0.072980685935, 0.040639637945, 0.41588579378, 0.47049388234]
    ],
    [
      [0.02847229214, 0.82044742367, 0.087557897025, 0.063522387162],
      [0.0019053680363, 0.013536736831, 0.96942067898, 0.015137216151],
      [0.24827833459, 0.067858461298, 0.58753872319, 0.096324480923],
      [0.011285400779, 0.0051646973612, 0.58702410806, 0.3965257938],
      [0.066343725692, 0.062793863699, 0.48321534843, 0.38764706218]
    ],
    [
      [0.046166129503, 0.81055396921, 0.088230803517, 0.055049097766],
      [0.0051037101689, 0.013701738523, 0.96932949789, 0.011865053418],
      [0.34798687138, 0.059914762921, 0.5172981366, 0.074800229094],
      [0.018740797451, 0.005028907896, 0.61116702539, 0.36506326926],
      [0.10623319955, 0.064158929144, 0.48507851087, 0.34452936043]
    ],
    [
      [0.019320698819, 0.56491263611, 0.31785905765, 0.097907607424],
      [0, 0, 0.98500317075, 0.014996829247],
      [0.20064661306, 0.043504997613, 0.63990341391, 0.11594497542],
      [0.0073342534125, 0.0013007108242, 0.55795566982, 0.43340936595],
      [0.046054368772, 0.036095438638, 0.47844703181, 0.43940316078]
    ],
    [
      [0.033221149515, 0.58331754123, 0.28625111852, 0.097210190736],
      [0, 0, 0.98428834604, 0.015711653959],
      [0.21916833756, 0.045045224494, 0.62362837409, 0.11215806385],
      [0.00886648222, 0.0016922785816, 0.56639799888, 0.42304324032],
      [0.054095977607, 0.038053860206, 0.481951298, 0.42589886419]
    ],
    [
      [0.040974881565, 0.73794772254, 0.068306863435, 0.15277053246],
      [0.0066183835896, 0.001647259291, 0.92455650454, 0.067177852581],
      [0.29110648924, 0.053058247098, 0.47902243055, 0.17681283311],
      [0.01130610125, 0.0029569155148, 0.39459741219, 0.59113957105],
      [0.064516341259, 0.039902729113, 0.31948294347, 0.57609798616]
    ],
    [
      [0, 0.91403257038, 0.072020563928, 0.013946865696],
      [0, 0.013568197559, 0.98421184488, 0.0022199575607],
      [0, 0.12201999711, 0.83872908079, 0.039250922093],
      [0, 0.0078949189633, 0.82046482828, 0.17164025275],
      [0, 0.11520097098, 0.70930049842, 0.1754985306]
    ],
    [
      [0.051338073824, 0.81066731977, 0.10705055714, 0.030944049266],
      [0.0036462954471, 7.0901537089e-05, 0.99107602624, 0.0052067767713],
      [0.38048853047, 0.054790948082, 0.52281263933, 0.041907882118],
      [0.023349204075, 0.0049782995603, 0.72751653734, 0.24415595902],
      [0.13193359941, 0.066742978362, 0.57353059832, 0.22779282391]
    ],
    [
      [0.051239300713, 0.72633231899, 0.18322634363, 0.039202036667],
      [0, 0, 0.99663094495, 0.0033690550494],
      [0.34481959754, 0.040260112081, 0.56542052599, 0.049499764396],
      [0.018727378948, 0.0019561794915, 0.70366568167, 0.27565075989],
      [0.10989829169, 0.048100258963, 0.57762964479, 0.26437180455]
    ],
    [
      [0.028566274063, 0.8114096031, 0.060820563592, 0.099203559248],
      [0.0031353533615, 0.019961656048, 0.94299997231, 0.033903018282],
      [0.2526163517, 0.067693631932, 0.54003369032, 0.13965632605],
      [0.0098478808183, 0.004077846725, 0.47691539153, 0.50915888092],
      [0.058076733586, 0.059624093911, 0.38271466506, 0.49958450744]
    ],
    [
      [0.043912306803, 0.77148300223, 0.070560577717, 0.11404411325],
      [0.0070155288084, 0.015523830912, 0.92875288108, 0.048707759203],
      [0.32608419426, 0.057080900352, 0.47524881261, 0.14158609277],
      [0.014266011121, 0.0058447488907, 0.439111423, 0.54077781699],
      [0.079641422991, 0.04795419725, 0.35644854915, 0.51595583061]
    ],
    [
      [0.032619553525, 0.77806655569, 0.11402298335, 0.075290907435],
      [0, 0, 0.98262915255, 0.017370847454],
      [0.23532297313, 0.061039778945, 0.59782246851, 0.10581477942],
      [0.010256570623, 0.0034611276663, 0.5712528345, 0.41502946721],
      [0.060921919309, 0.053550536676, 0.47595392288, 0.40957362114]
    ],
    [
      [0.022510366737, 0.90577548837, 0.058240198801, 0.013473946093],
      [0.0014033251769, 0.030501074087, 0.96531082532, 0.0027847754127],
      [0.35308431988, 0.089923279546, 0.52817503893, 0.028817361647],
      [0.01790398876, 0.0085757167398, 0.78046444391, 0.19305585059],
      [0.10480850451, 0.11558822513, 0.60296732422, 0.17663594614]
    ],
    [
      [0.082545746513, 0.54327269542, 0.19728958248, 0.17689197559],
      [0, 0, 0.94996355368, 0.050036446324],
      [0.36130410262, 0.031861005073, 0.44461858174, 0.16221631056],
      [0.013200148766, 0.00088295124203, 0.38702386328, 0.59889303671],
      [0.078243408033, 0.024329502126, 0.31677666758, 0.58065042226]
    ],
    [
      [0.047834645696, 0.61268543618, 0.26823226043, 0.071247657696],
      [0, 0, 0.99056228913, 0.009437710866],
      [0.29272205463, 0.043868055283, 0.58373426643, 0.079675623656],
      [0.013880223722, 0.0027444168158, 0.62497164295, 0.35840371651],
      [0.082632989932, 0.042457727455, 0.52212183641, 0.35278744621]
    ],
    [
      [0.023103351098, 0.72783784748, 0.065896802651, 0.18316199877],
      [0.003338342112, 0.0031693283843, 0.89817899033, 0.095313339176],
      [0.18848748548, 0.057745583906, 0.51326520443, 0.24050172619],
      [0.0057381294604, 0.0026351047811, 0.34142793695, 0.65019882881],
      [0.034048910752, 0.036015522662, 0.27801239993, 0.65192316666]
    ],
    [
      [0.041133846111, 0.38893912054, 0.55020050861, 0.019726524734],
      [0, 0, 1, 0],
      [0.23782600945, 0.027652198638, 0.71736155984, 0.017160232068],
      [0.010845662688, 0, 0.89650945409, 0.092644883222],
      [0.034412012473, 0, 0.90352956511, 0.062058422413]
    ],
    [
      [0.035571578546, 0.80326017161, 0.086597728239, 0.074570521604],
      [0.00314558343, 0.01041827565, 0.96639355382, 0.020042587096],
      [0.28905968754, 0.062259116899, 0.54539403628, 0.10328715928],
      [0.013131084816, 0.0046449933079, 0.55052787653, 0.43169604535],
      [0.076496221265, 0.057376765994, 0.44818490855, 0.41794210419]
    ],
    [
      [0, 0.83818242351, 0.095577229419, 0.066240347074],
      [0, 0.0049574806971, 0.98200431099, 0.013038208309],
      [0, 0.08813485236, 0.77982723408, 0.13203791356],
      [0, 0.004449975613, 0.57829533845, 0.41725468593],
      [0, 0.063541627778, 0.50481439482, 0.4316439774]
    ],
    [
      [0.043871443942, 0.64519030212, 0.24096747994, 0.069970773992],
      [0, 0, 0.98945924663, 0.010540753373],
      [0.27121558393, 0.048589865752, 0.59656838852, 0.083626161801],
      [0.012397138402, 0.0026371575797, 0.62100924622, 0.3639564578],
      [0.074481041802, 0.046547975035, 0.51897838031, 0.35999260286]
    ],
    [
      [0.029087441828, 0.85958069891, 0.066846596679, 0.044485262581],
      [0.0023595681349, 0.037749230026, 0.94832191039, 0.011569291447],
      [0.32080849751, 0.07660871565, 0.5258245561, 0.076758230745],
      [0.014587225487, 0.0061853267408, 0.59815669873, 0.38107074905],
      [0.085452453778, 0.079247093162, 0.47488948237, 0.36041097069]
    ],
    [
      [0.035568777617, 0.37900205403, 0.41040786069, 0.17502130766],
      [0, 0, 0.96638356053, 0.033616439469],
      [0.17679888292, 0.030744601541, 0.62518561094, 0.16727090461],
      [0.0050006623669, 0, 0.46806346349, 0.52693587414],
      [0.033672453137, 0.021212893804, 0.40476753776, 0.54034711529]
    ],
    [
      [0, 0.71440755773, 0.18377785073, 0.10181459154],
      [0, 0, 0.97638558278, 0.023614417222],
      [2.7755575616e-17, 0.070513175172, 0.75725548847, 0.17223133635],
      [1.6653345369e-16, 0.00266026352, 0.50807147258, 0.4892682639],
      [5.5511151231e-17, 0.044757139021, 0.44668347652, 0.50855938446]
    ],
    [
      [0.17548281746, 0.54377173119, 0.19529746535, 0.085447986006],
      [0, 0, 0.98378640597, 0.016213594029],
      [0.44816793233, 0.029835190821, 0.44762343297, 0.074373443881],
      [0.024520935191, 0.002421309754, 0.56640121814, 0.40665653692],
      [0.13936231071, 0.033966866439, 0.44712961732, 0.37954120552]
    ],
    [
      [0.079732021791, 0.83978515021, 0.06621194, 0.014270887998],
      [0.02013432726, 0.033878367134, 0.94598730561, 0],
      [0.57528678912, 0.052112230135, 0.3543403904, 0.018260590353],
      [0.051645729938, 0.010455623448, 0.76646503569, 0.17143361092],
      [0.25285355471, 0.084302736914, 0.52392578184, 0.13891792654]
    ],
    [
      [0.03856505098, 0.81525441875, 0.08259504868, 0.063585481591],
      [0.0043271916157, 0.01667271496, 0.96099933531, 0.018000758111],
      [0.32927128622, 0.063444193974, 0.51630884489, 0.090975674916],
      [0.015555138928, 0.0047341377675, 0.56160039639, 0.41811032691],
      [0.089930894533, 0.06190917892, 0.44989236511, 0.39826756144]
    ],
    [
      [0.18144457615, 0.64390679193, 0.094539961007, 0.080108670913],
      [0.01607521094, 0, 0.9579708596, 0.025953929459],
      [0.65007525852, 0.023799949155, 0.27200799229, 0.054116800036],
      [0.047464712917, 0.0027095050698, 0.5120062877, 0.43781949432],
      [0.24457548455, 0.034455718931, 0.35769758932, 0.3632712072]
    ],
    [
      [0.035519615256, 0.66994072186, 0.17997222412, 0.11456743876],
      [0, 0, 0.97439117042, 0.025608829575],
      [0.2525452838, 0.047821673673, 0.56108099604, 0.13855204649],
      [0.0088764350139, 0.0019612315777, 0.47939338694, 0.50976894647],
      [0.054310265964, 0.03754249359, 0.40211666308, 0.50603057736]
    ],
    [
      [0, 0.88021447045, 0.064971439712, 0.054814089839],
      [0, 0.014950628863, 0.96658846039, 0.018460910747],
      [0, 0.10955784603, 0.74176372647, 0.1486784275],
      [0, 0.0052494951141, 0.52839762918, 0.4663528757],
      [0, 0.075421152506, 0.45172961315, 0.47284923435]
    ],
    [
      [0.022049235155, 0.79115350274, 0.12112139827, 0.065675863833],
      [0, 0, 0.98777178698, 0.012228213018],
      [0.18851435105, 0.066199735846, 0.64511123998, 0.10017467313],
      [0.0079175028075, 0.0036859778116, 0.60250028739, 0.38589623199],
      [0.047922225379, 0.057517390299, 0.50883823414, 0.38572215018]
    ],
    [
      [0.044309190695, 0.7893747702, 0.10190110985, 0.064414929255],
      [0.0027523752287, 0, 0.98283492635, 0.014412698418],
      [0.31213063624, 0.057070658067, 0.54607345141, 0.084725254276],
      [0.015724986485, 0.0040624804285, 0.59813246802, 0.38208006506],
      [0.090545634569, 0.056383217661, 0.48555370678, 0.36751744099]
    ],
    [
      [0.027633412849, 0.85374017679, 0.080356632588, 0.038269777773],
      [0.00038233363963, 0.029859936243, 0.96409796564, 0.0056597644781],
      [0.26490346832, 0.077599477928, 0.59287363018, 0.064623423572],
      [0.013558361854, 0.0067848014439, 0.67397136208, 0.30568547462],
      [0.078876729347, 0.079785109821, 0.54673023344, 0.29460792739]
    ],
    [
      [0.034183653844, 0.80318686583, 0.085661877021, 0.07696760331],
      [0.0032306391642, 0.011652496009, 0.96394421027, 0.021172654559],
      [0.27921582087, 0.062840414355, 0.55031914925, 0.10762461553],
      [0.012477086683, 0.0042454330495, 0.54389068054, 0.43938679972],
      [0.072739590935, 0.05716700241, 0.44354755815, 0.42654584851]
    ],
    [
      [0.049890667103, 0.71398681037, 0.15676043097, 0.079362091562],
      [0, 0, 0.98259859114, 0.017401408861],
      [0.30198376076, 0.049529118034, 0.55284851938, 0.095638601823],
      [0.014429942168, 0.0021211277532, 0.57509503927, 0.40835389081],
      [0.084071425175, 0.045385263601, 0.47348958767, 0.39705372355]
    ],
    [
      [0.034368047491, 0.74442873258, 0.074885331944, 0.14631788798],
      [0.0046204948406, 0.00072881830669, 0.93950888633, 0.055141800518],
      [0.26054154814, 0.054738333594, 0.50781311022, 0.17690700805],
      [0.0093493040105, 0.0028621710205, 0.40580427984, 0.58198424513],
      [0.055150792699, 0.04010296029, 0.33141371526, 0.57333253175]
    ],
    [
      [0.045460806497, 0.75624911702, 0.096627907737, 0.10166216874],
      [0.00035465331531, 0, 0.96765750464, 0.031987842045],
      [0.28271452316, 0.054968323613, 0.53490856412, 0.1274085891],
      [0.012199338322, 0.0030836710333, 0.49909443183, 0.48562255881],
      [0.070865742377, 0.046385680078, 0.40927213258, 0.47347644496]
    ],
    [
      [0.040134796591, 0.71292683409, 0.12758219333, 0.11935617599],
      [0, 0, 0.96545005933, 0.034549940675],
      [0.26891040427, 0.049421369465, 0.53801519986, 0.1436530264],
      [0.010263606034, 0.0022320076685, 0.46613394803, 0.52137043827],
      [0.061051213524, 0.038695714634, 0.38717014746, 0.51308292438]
    ]
  ],
  "expected_outcome": [
    [
      [2.424566237, 10.4301282005, 24.6867540423, 25.9493253803, 12.2359231271, 2.7100302185, 0.43452605574, 0.5081663184, 1.9897985461, 0.2797586858, 0.082090369761, 13.8584384082, 0.58153332597, 1.1383794994e-17, 0.57082555898, 0.25672172923, 1.816439521, 1.172679598, 0, 0.02108815322, 3.2748873018, 0.10440695138, 0, 1.3010172237, 0.14524690432, 6.861838515, 8.0354841915, 12.0534786365, 6.7931362465, 4.8239429007, 5.0414601115, 0.27969165047, 0.99902183538, 0.58316850879, 0.57497053349, 0.82027851089, 0.45305550447, 11.079393211, 0.060183067424, 3.5711345762, 2.7586421319, 0.27882420213, 1.4836942925, 0.079922740502, 4.7116663907, 3.1054197351, 0.36603659831, 1.1625047639, 9.8442034231, 15.2502606989, 9.8241072798, 1.4896978059, 0, 0.36761833707, 1.6380780526, 2.1593598169, 4.3851455712, 0.56117878493, 1.5309263444, 0.75948681405, 0.047899475845, 6.0144083836, 6.4062657314, 6.0939290943, 0.28981048228, 1.8603843728, 11.0222431411, 0, 4.8771170132, 1.43470042, 1.6854101697, 6.8064075544, 8.8725185587, 0.13506220042, 2.3938266489, 1.6263779537, 1.9868881944, 0.20566923055, 3.3437283833, 0, 1.491629094, 0.37813674376, 0.35568777617, 0, 2.1057938095, 0.95678426149, 1.0026913255, 2.1773349138, 1.3142257645, 0, 3.0427944514, 10.8114425295, 2.6804410463, 4.2729567305, 18.3597654937, 2.8869159892, 20.5937453433, 2.2074138125],
