{
  "Z_true": {},
  "V_true": [
    [22, 48, 632, 546],
    [1488, 552, 865, 136],
    [616, 3650, 501, 269],
    [160, 67, 22660, 431],
    [217, 537, 538, 336],
    [72, 91, 815, 296]
  ],
  "p_true": [
    [0.0176, 0.0385, 0.5064, 0.4375],
    [0.4893, 0.1815, 0.2844, 0.0447],
    [0.1223, 0.7248, 0.0995, 0.0534],
    [0.0069, 0.0029, 0.9718, 0.0185],
    [0.1333, 0.3299, 0.3305, 0.2064],
    [0.0565, 0.0714, 0.6397, 0.2323]
  ],
  "Z_est": [
    [
      [8.2814, 5.4622, 1.9382, 5.1098, 3.3478, 5.8146, 0.7048, 6.3432, 1.0572, 1.2334, 11.2768, 10.3958, 5.4622, 14.4484, 0.1762, 0, 2.4668, 3.8764, 5.286, 5.8146, 7.929, 8.81, 0.1762, 0.1762, 0.1762, 0.1762, 1.4096, 0.3524, 7.4004, 4.405, 5.4622, 0.3524, 3.1716, 1.762, 10.2196, 0, 2.643, 0, 2.2906, 9.8672, 2.9954, 2.4668, 5.286, 1.0572, 1.5858, 2.8192, 14.6246, 0, 3.3478, 3.3478, 1.2334, 14.8008, 1.0572],
      [8.1545, 5.3785, 1.9085, 5.0315, 3.2965, 5.7255, 0.694, 6.246, 1.041, 1.2145, 11.104, 10.2365, 5.3785, 14.227, 0.1735, 0, 2.429, 3.817, 5.205, 5.7255, 7.8075, 8.675, 0.1735, 0.1735, 0.1735, 0.1735, 1.388, 0.347, 7.287, 4.3375, 5.3785, 0.347, 3.123, 1.735, 10.063, 0, 2.6025, 0, 2.2555, 9.716, 2.9495, 2.429, 5.205, 1.041, 1.5615, 2.776, 14.4005, 0, 3.2965, 3.2965, 1.2145, 14.574, 1.041],
      [17.1268, 11.2964, 4.0084, 10.5676, 6.9236, 12.0252, 1.4576, 13.1184, 2.1864, 2.5508, 23.3216, 21.4996, 11.2964, 29.8808, 0.3644, 0, 5.1016, 8.0168, 10.932, 12.0252, 16.398, 18.22, 0.3644, 0.3644, 0.3644, 0.3644, 2.9152, 0.7288, 15.3048, 9.11, 11.2964, 0.7288, 6.5592, 3.644, 21.1352, 0, 5.466, 0, 4.7372, 20.4064, 6.1948, 5.1016, 10.932, 2.1864, 3.2796, 5.8304, 30.2452, 0, 6.9236, 6.9236, 2.5508, 30.6096, 2.1864],
      [13.4373, 8.8629, 3.1449, 8.2911, 5.4321, 9.4347, 1.1436, 10.2924, 1.7154, 2.0013, 18.2976, 16.8681, 8.8629, 23.4438, 0.2859, 0, 4.0026, 6.2898, 8.577, 9.4347, 12.8655, 14.295, 0.2859, 0.2859, 0.2859, 0.2859, 2.2872, 0.5718, 12.0078, 7.1475, 8.8629, 0.5718, 5.1462, 2.859, 16.5822, 0, 4.2885, 0, 3.7167, 16.0104, 4.8603, 4.0026, 8.577, 1.7154, 2.5731, 4.5744, 23.7297, 0, 5.4321, 5.4321, 2.0013, 24.0156, 1.7154]
    ],
    [
      [51.708, 27.1467, 11.6343, 28.4394, 15.9433, 34.0411, 2.5854, 53.8625, 4.7399, 7.7562, 47.399, 53.8625, 33.1793, 76.2693, 0.8618, 0, 26.7158, 15.0815, 22.4068, 31.0248, 27.5776, 39.2119, 0.4309, 3.4472, 6.0326, 0.4309, 58.6024, 2.1545, 16.8051, 21.9759, 41.3664, 1.2927, 21.1141, 3.4472, 71.5294, 0, 12.0652, 1.7236, 11.2034, 36.1956, 16.8051, 14.6506, 12.0652, 11.6343, 19.8214, 17.236, 90.0581, 0.8618, 17.6669, 17.6669, 24.5613, 127.5464, 18.5287],
      [11.772, 6.1803, 2.6487, 6.4746, 3.6297, 7.7499, 0.5886, 12.2625, 1.0791, 1.7658, 10.791, 12.2625, 7.5537, 17.3637, 0.1962, 0, 6.0822, 3.4335, 5.1012, 7.0632, 6.2784, 8.9271, 0.0981, 0.7848, 1.3734, 0.0981, 13.3416, 0.4905, 3.8259, 5.0031, 9.4176, 0.2943, 4.8069, 0.7848, 16.2846, 0, 2.7468, 0.3924, 2.5506, 8.2404, 3.8259, 3.3354, 2.7468, 2.6487, 4.5126, 3.924, 20.5029, 0.1962, 4.0221, 4.0221, 5.5917, 29.0376, 4.2183],
      [40.02, 21.0105, 9.0045, 22.011, 12.3395, 26.3465, 2.001, 41.6875, 3.6685, 6.003, 36.685, 41.6875, 25.6795, 59.0295, 0.667, 0, 20.677, 11.6725, 17.342, 24.012, 21.344, 30.3485, 0.3335, 2.668, 4.669, 0.3335, 45.356, 1.6675, 13.0065, 17.0085, 32.016, 1.0005, 16.3415, 2.668, 55.361, 0, 9.338, 1.334, 8.671, 28.014, 13.0065, 11.339, 9.338, 9.0045, 15.341, 13.34, 69.7015, 0.667, 13.6735, 13.6735, 19.0095, 98.716, 14.3405],
      [16.488, 8.6562, 3.7098, 9.0684, 5.0838, 10.8546, 0.8244, 17.175, 1.5114, 2.4732, 15.114, 17.175, 10.5798, 24.3198, 0.2748, 0, 8.5188, 4.809, 7.1448, 9.8928, 8.7936, 12.5034, 0.1374, 1.0992, 1.9236, 0.1374, 18.6864, 0.687, 5.3586, 7.0074, 13.1904, 0.4122, 6.7326, 1.0992, 22.8084, 0, 3.8472, 0.5496, 3.5724, 11.5416, 5.3586, 4.6716, 3.8472, 3.7098, 6.3204, 5.496, 28.7166, 0.2748, 5.6334, 5.6334, 7.8318, 40.6704, 5.9082]
    ],
    [
      [10.668, 10.8966, 4.0386, 8.6106, 5.2578, 3.6576, 0.1524, 25.3746, 3.2766, 7.0866, 22.0218, 8.9916, 5.4864, 22.2504, 0.6096, 0.381, 4.4196, 7.5438, 7.0104, 6.4008, 6.858, 7.6962, 0.2286, 1.524, 1.7526, 0.9906, 4.4958, 0.6096, 8.9916, 6.1722, 9.9822, 0.5334, 3.6576, 1.143, 13.6398, 0, 2.2098, 0.8382, 2.5146, 15.0876, 9.2202, 13.2588, 7.1628, 3.429, 4.0386, 3.7338, 23.0124, 0.2286, 9.9822, 7.8486, 9.2202, 36.957, 2.5908],
      [99.414, 101.5443, 37.6353, 80.2413, 48.9969, 34.0848, 1.4202, 236.4633, 30.5343, 66.0393, 205.2189, 83.7918, 51.1272, 207.3492, 5.6808, 3.5505, 41.1858, 70.2999, 65.3292, 59.6484, 63.909, 71.7201, 2.1303, 14.202, 16.3323, 9.2313, 41.8959, 5.6808, 83.7918, 57.5181, 93.0231, 4.9707, 34.0848, 10.6515, 127.1079, 0, 20.5929, 7.8111, 23.4333, 140.5998, 85.9221, 123.5574, 66.7494, 31.9545, 37.6353, 34.7949, 214.4502, 2.1303, 93.0231, 73.1403, 85.9221, 344.3985, 24.1434],
      [19.614, 20.0343, 7.4253, 15.8313, 9.6669, 6.7248, 0.2802, 46.6533, 6.0243, 13.0293, 40.4889, 16.5318, 10.0872, 40.9092, 1.1208, 0.7005, 8.1258, 13.8699, 12.8892, 11.7684, 12.609, 14.1501, 0.4203, 2.802, 3.2223, 1.8213, 8.2659, 1.1208, 16.5318, 11.3481, 18.3531, 0.9807, 6.7248, 2.1015, 25.0779, 0, 4.0629, 1.5411, 4.6233, 27.7398, 16.9521, 24.3774, 13.1694, 6.3045, 7.4253, 6.8649, 42.3102, 0.4203, 18.3531, 14.4303, 16.9521, 67.9485, 4.7634],
      [10.304, 10.5248, 3.9008, 8.3168, 5.0784, 3.5328, 0.1472, 24.5088, 3.1648, 6.8448, 21.2704, 8.6848, 5.2992, 21.4912, 0.5888, 0.368, 4.2688, 7.2864, 6.7712, 6.1824, 6.624, 7.4336, 0.2208, 1.472, 1.6928, 0.9568, 4.3424, 0.5888, 8.6848, 5.9616, 9.6416, 0.5152, 3.5328, 1.104, 13.1744, 0, 2.1344, 0.8096, 2.4288, 14.5728, 8.9056, 12.8064, 6.9184, 3.312, 3.9008, 3.6064, 22.2272, 0.2208, 9.6416, 7.5808, 8.9056, 35.696, 2.5024]
    ],
    [
      [5.9148, 4.805, 1.8538, 4.154, 3.8502, 4.1416, 0.6014, 4.0362, 0.5518, 0.8308, 3.8316, 8.3948, 3.5402, 5.8218, 0.1054, 0.031, 1.4322, 3.8068, 3.5836, 3.1186, 3.8564, 5.4374, 0.0496, 0.2232, 0.2604, 0.1302, 1.612, 0.0558, 2.1762, 1.7794, 4.5446, 0.217, 2.294, 0.5146, 7.2602, 0.0434, 0.837, 0.1116, 0.9672, 7.6446, 2.232, 1.1098, 1.5314, 0.8866, 2.8024, 2.1266, 11.4824, 0.1178, 1.6678, 2.1204, 2.2816, 10.5524, 1.24],
      [10.494, 8.525, 3.289, 7.37, 6.831, 7.348, 1.067, 7.161, 0.979, 1.474, 6.798, 14.894, 6.281, 10.329, 0.187, 0.055, 2.541, 6.754, 6.358, 5.533, 6.842, 9.647, 0.088, 0.396, 0.462, 0.231, 2.86, 0.099, 3.861, 3.157, 8.063, 0.385, 4.07, 0.913, 12.881, 0.077, 1.485, 0.198, 1.716, 13.563, 3.96, 1.969, 2.717, 1.573, 4.972, 3.773, 20.372, 0.209, 2.959, 3.762, 4.048, 18.722, 2.2],
      [929.7684, 755.315, 291.4054, 652.982, 605.2266, 651.0328, 94.5362, 634.4646, 86.7394, 130.5964, 602.3028, 1319.6084, 556.4966, 915.1494, 16.5682, 4.873, 225.1326, 598.4044, 563.3188, 490.2238, 606.2012, 854.7242, 7.7968, 35.0856, 40.9332, 20.4666, 253.396, 8.7714, 342.0846, 279.7102, 714.3818, 34.111, 360.602, 80.8918, 1141.2566, 6.8222, 131.571, 17.5428, 152.0376, 1201.6818, 350.856, 174.4534, 240.7262, 139.3678, 440.5192, 334.2878, 1804.9592, 18.5174, 262.1674, 333.3132, 358.6528, 1658.7692, 194.92],
      [7.8228, 6.355, 2.4518, 5.494, 5.0922, 5.4776, 0.7954, 5.3382, 0.7298, 1.0988, 5.0676, 11.1028, 4.6822, 7.6998, 0.1394, 0.041, 1.8942, 5.0348, 4.7396, 4.1246, 5.1004, 7.1914, 0.0656, 0.2952, 0.3444, 0.1722, 2.132, 0.0738, 2.8782, 2.3534, 6.0106, 0.287, 3.034, 0.6806, 9.6022, 0.0574, 1.107, 0.1476, 1.2792, 10.1106, 2.952, 1.4678, 2.0254, 1.1726, 3.7064, 2.8126, 15.1864, 0.1558, 2.2058, 2.8044, 3.0176, 13.9564, 1.64]
    ],
    [
      [11.9865, 8.8425, 2.358, 5.6985, 2.5545, 2.9475, 0.5895, 13.9515, 2.1615, 5.109, 11.9865, 9.825, 6.4845, 22.5975, 0, 0, 5.3055, 5.109, 8.8425, 3.7335, 6.4845, 18.471, 0, 0.5895, 0.9825, 0.393, 6.8775, 0.786, 10.0215, 4.1265, 5.6985, 0.786, 6.0915, 1.7685, 12.3795, 0, 3.93, 0, 1.572, 15.1305, 7.2705, 4.716, 5.109, 2.9475, 6.0915, 4.716, 27.117, 0.9825, 4.5195, 4.1265, 5.502, 18.864, 1.7685],
      [14.0117, 10.3365, 2.7564, 6.6613, 2.9861, 3.4455, 0.6891, 16.3087, 2.5267, 5.9722, 14.0117, 11.485, 7.5801, 26.4155, 0, 0, 6.2019, 5.9722, 10.3365, 4.3643, 7.5801, 21.5918, 0, 0.6891, 1.1485, 0.4594, 8.0395, 0.9188, 11.7147, 4.8237, 6.6613, 0.9188, 7.1207, 2.0673, 14.4711, 0, 4.594, 0, 1.8376, 17.6869, 8.4989, 5.5128, 5.9722, 3.4455, 7.1207, 5.5128, 31.6986, 1.1485, 5.2831, 4.8237, 6.4316, 22.0512, 2.0673],
      [19.1479, 14.1255, 3.7668, 9.1031, 4.0807, 4.7085, 0.9417, 22.2869, 3.4529, 8.1614, 19.1479, 15.695, 10.3587, 36.0985, 0, 0, 8.4753, 8.1614, 14.1255, 5.9641, 10.3587, 29.5066, 0, 0.9417, 1.5695, 0.6278, 10.9865, 1.2556, 16.0089, 6.5919, 9.1031, 1.2556, 9.7309, 2.8251, 19.7757, 0, 6.278, 0, 2.5112, 24.1703, 11.6143, 7.5336, 8.1614, 4.7085, 9.7309, 7.5336, 43.3182, 1.5695, 7.2197, 6.5919, 8.7892, 30.1344, 2.8251],
      [15.8539, 11.6955, 3.1188, 7.5371, 3.3787, 3.8985, 0.7797, 18.4529, 2.8589, 6.7574, 15.8539, 12.995, 8.5767, 29.8885, 0, 0, 7.0173, 6.7574, 11.6955, 4.9381, 8.5767, 24.4306, 0, 0.7797, 1.2995, 0.5198, 9.0965, 1.0396, 13.2549, 5.4579, 7.5371, 1.0396, 8.0569, 2.3391, 16.3737, 0, 5.198, 0, 2.0792, 20.0123, 9.6163, 6.2376, 6.7574, 3.8985, 8.0569, 6.2376, 35.8662, 1.2995, 5.9777, 5.4579, 7.2772, 24.9504, 2.3391]
    ],
    [
      [4.959, 7.011, 2.736, 5.814, 3.933, 5.13, 0, 4.617, 1.539, 2.223, 8.208, 10.26, 5.301, 10.089, 0.171, 0, 2.394, 6.327, 4.959, 3.762, 6.327, 6.84, 0.171, 0, 0.513, 0, 2.052, 0.342, 5.301, 2.736, 8.721, 0, 3.249, 0.855, 9.234, 0, 1.368, 0, 2.565, 10.602, 2.907, 3.078, 3.762, 1.197, 4.104, 3.933, 15.903, 0.342, 2.736, 3.42, 3.762, 21.375, 1.026],
      [5.5796, 7.8884, 3.0784, 6.5416, 4.4252, 5.772, 0, 5.1948, 1.7316, 2.5012, 9.2352, 11.544, 5.9644, 11.3516, 0.1924, 0, 2.6936, 7.1188, 5.5796, 4.2328, 7.1188, 7.696, 0.1924, 0, 0.5772, 0, 2.3088, 0.3848, 5.9644, 3.0784, 9.8124, 0, 3.6556, 0.962, 10.3896, 0, 1.5392, 0, 2.886, 11.9288, 3.2708, 3.4632, 4.2328, 1.3468, 4.6176, 4.4252, 17.8932, 0.3848, 3.0784, 3.848, 4.2328, 24.05, 1.1544],
      [12.0988, 17.1052, 6.6752, 14.1848, 9.5956, 12.516, 0, 11.2644, 3.7548, 5.4236, 20.0256, 25.032, 12.9332, 24.6148, 0.4172, 0, 5.8408, 15.4364, 12.0988, 9.1784, 15.4364, 16.688, 0.4172, 0, 1.2516, 0, 5.0064, 0.8344, 12.9332, 6.6752, 21.2772, 0, 7.9268, 2.086, 22.5288, 0, 3.3376, 0, 6.258, 25.8664, 7.0924, 7.5096, 9.1784, 2.9204, 10.0128, 9.5956, 38.7996, 0.8344, 6.6752, 8.344, 9.1784, 52.15, 2.5032],
      [6.3655, 8.9995, 3.512, 7.463, 5.0485, 6.585, 0, 5.9265, 1.9755, 2.8535, 10.536, 13.17, 6.8045, 12.9505, 0.2195, 0, 3.073, 8.1215, 6.3655, 4.829, 8.1215, 8.78, 0.2195, 0, 0.6585, 0, 2.634, 0.439, 6.8045, 3.512, 11.1945, 0, 4.1705, 1.0975, 11.853, 0, 1.756, 0, 3.2925, 13.609, 3.7315, 3.951, 4.829, 1.5365, 5.268, 5.0485, 20.4135, 0.439, 3.512, 4.39, 4.829, 27.4375, 1.317]
    ]
  ],
  "V_est": [
    [219.8976, 216.528, 454.7712, 356.8032],
    [1310.3669, 298.3221, 1014.1735, 417.8334],
    [383.7432, 3576.0636, 705.5436, 370.6496],
    [144.5716, 256.498, 22725.7228, 191.2076],
    [319.902, 373.9516, 511.0292, 423.1172],
    [217.854, 245.1176, 531.5128, 279.643]
  ],
  "p_est": [
    [0.1762, 0.1735, 0.3644, 0.2859],
    [0.4309, 0.0981, 0.3335, 0.1374],
    [0.0762, 0.7101, 0.1401, 0.0736],
    [0.0062, 0.011, 0.9746, 0.0082],
    [0.1965, 0.2297, 0.3139, 0.2599],
    [0.171, 0.1924, 0.4172, 0.2195]
  ],
  "EI_Z": {},
  "EI_V": 5.2016,
  "MAE_Z": {},
  "MAE_V": 154.0771,
  "MAE_p": 0.0716,
  "runtime": 137.378
}
