{
  "X": [
    [33, 22, 16, 29],
    [31, 13, 17, 39],
    [29, 18, 14, 39],
    [20, 20, 26, 34],
    [29, 15, 23, 33],
    [26, 20, 19, 35],
    [34, 18, 15, 33],
    [26, 18, 12, 44],
    [19, 21, 39, 21],
    [15, 27, 51, 7],
    [27, 17, 53, 3],
    [20, 21, 49, 10],
    [19, 11, 62, 8],
    [23, 18, 51, 8],
    [16, 17, 60, 7],
    [22, 21, 51, 6],
    [26, 16, 47, 11],
    [44, 16, 26, 14],
    [49, 12, 23, 16],
    [40, 17, 27, 16],
    [38, 19, 26, 17],
    [39, 14, 28, 19],
    [35, 29, 18, 18],
    [35, 29, 21, 15],
    [42, 16, 33, 9],
    [19, 31, 33, 17],
    [27, 30, 35, 8],
    [26, 28, 36, 10],
    [21, 39, 31, 9],
    [20, 35, 34, 11],
    [19, 34, 35, 12],
    [17, 40, 33, 10],
    [19, 34, 36, 11],
    [27, 37, 21, 15],
    [25, 39, 30, 6],
    [20, 39, 28, 13],
    [35, 33, 23, 9],
    [23, 36, 26, 15],
    [23, 33, 31, 13],
    [29, 32, 29, 10],
    [26, 40, 26, 8],
    [22, 31, 39, 8],
    [32, 35, 28, 5],
    [25, 35, 34, 6],
    [20, 33, 40, 7],
    [23, 42, 30, 5],
    [22, 33, 35, 10],
    [26, 32, 31, 11],
    [31, 18, 44, 7],
    [29, 19, 37, 15]
  ],
  "W": [
    [56, 2, 11, 5, 15, 11],
    [61, 7, 11, 7, 5, 9],
    [57, 11, 9, 5, 9, 9],
    [51, 7, 5, 13, 11, 13],
    [59, 10, 7, 7, 6, 11],
    [54, 10, 9, 5, 10, 12],
    [65, 10, 4, 5, 8, 8],
    [63, 7, 8, 6, 11, 5],
    [25, 44, 8, 7, 6, 10],
    [3, 58, 8, 12, 9, 10],
    [3, 59, 11, 5, 9, 13],
    [14, 51, 14, 6, 7, 8],
    [8, 51, 6, 8, 15, 12],
    [10, 55, 6, 10, 9, 10],
    [7, 66, 3, 12, 6, 6],
    [8, 62, 5, 7, 12, 6],
    [8, 44, 23, 10, 5, 10],
    [7, 5, 61, 8, 7, 12],
    [12, 6, 62, 7, 11, 2],
    [8, 6, 65, 12, 5, 4],
    [4, 6, 67, 7, 6, 10],
    [14, 5, 59, 11, 6, 5],
    [10, 8, 63, 8, 4, 7],
    [8, 6, 52, 11, 9, 14],
    [5, 10, 57, 9, 6, 13],
    [12, 10, 8, 60, 4, 6],
    [5, 12, 7, 56, 11, 9],
    [6, 7, 12, 57, 13, 5],
    [7, 8, 7, 56, 7, 15],
    [3, 6, 10, 61, 9, 11],
    [9, 10, 5, 62, 7, 7],
    [7, 9, 1, 60, 13, 10],
    [7, 9, 12, 62, 6, 4],
    [11, 9, 5, 28, 40, 7],
    [7, 9, 9, 10, 53, 12],
    [9, 10, 10, 4, 63, 4],
    [6, 7, 6, 8, 59, 14],
    [12, 9, 6, 4, 58, 11],
    [8, 9, 6, 8, 63, 6],
    [9, 8, 11, 7, 61, 4],
    [8, 7, 5, 8, 55, 17],
    [10, 5, 7, 9, 42, 27],
    [12, 9, 10, 6, 6, 57],
    [11, 7, 5, 7, 4, 66],
    [6, 12, 9, 15, 5, 53],
    [6, 16, 7, 7, 12, 52],
    [6, 11, 8, 10, 9, 56],
    [10, 11, 11, 8, 13, 47],
    [12, 7, 13, 11, 6, 51],
    [15, 11, 9, 6, 7, 52]
  ],
  "method": "mvn_pdf",
  "cond_prob": [
    [
      [0.35794121859, 0.10741785377, 0.053776578398, 0.48086434924],
      [0.12292469609, 0.13016130181, 0.73930939066, 0.0076046114328],
      [0.53751427517, 0.15114152131, 0.20761397457, 0.10373022895],
      [0.14974714471, 0.44773760693, 0.34892707821, 0.053588170152],
      [0.24413223741, 0.48707935416, 0.23016043626, 0.038627972181],
      [0.21691509594, 0.41062204578, 0.36628156121, 0.0061812970728]
    ],
    [
      [0.3070785973, 0.060934629883, 0.039786202962, 0.59220056985],
      [0.14222942299, 0.099488391943, 0.74582231259, 0.012459872481],
      [0.55668770155, 0.10321418671, 0.18616908805, 0.15392902368],
      [0.18142348199, 0.35784481853, 0.36780320283, 0.092928496651],
      [0.2973486029, 0.39136300152, 0.24295079064, 0.068337604945],
      [0.26581416644, 0.33216489361, 0.39056100995, 0.011459929996]
    ],
    [
      [0.28061485377, 0.07566321703, 0.015630086525, 0.62809184267],
      [0.18267650119, 0.1647006806, 0.63389329176, 0.018729526453],
      [0.56043746781, 0.1341992832, 0.12394219627, 0.18142105272],
      [0.18216278889, 0.46364016341, 0.24504358398, 0.10915346372],
      [0.28511777353, 0.48413080066, 0.15428960063, 0.076461825177],
      [0.27496674504, 0.44359084121, 0.26743941852, 0.014002995231]
    ],
    [
      [0.23410513438, 0.091738304263, 0.057105464943, 0.61705109641],
      [0.074121624482, 0.092214026719, 0.82453327334, 0.0091310754578],
      [0.41677244131, 0.13573623033, 0.29493522264, 0.15255610572],
      [0.10525941195, 0.36680998086, 0.45534431786, 0.072586289333],
      [0.18689290296, 0.43163831674, 0.32398182728, 0.057486953022],
      [0.15644079082, 0.3446627622, 0.48907200223, 0.0098244447429]
    ],
    [
      [0.33059206126, 0.082973038798, 0.056182296038, 0.53025260391],
      [0.10398034837, 0.08864950961, 0.79994303319, 0.0074271088311],
      [0.5130070656, 0.11604091191, 0.25230497255, 0.11864704994],
      [0.1469393065, 0.35174759657, 0.43852256677, 0.062790530167],
      [0.25038150381, 0.40040357354, 0.30117231559, 0.04804260705],
      [0.21212284314, 0.32192314675, 0.4584534121, 0.0075005980071]
    ],
    [
      [0.27245255875, 0.089476771242, 0.039317064399, 0.59875360561],
      [0.12316151675, 0.14036214516, 0.72447386423, 0.012002473856],
      [0.50127125137, 0.15175197556, 0.18948007831, 0.15749669475],
      [0.14123622353, 0.45452726116, 0.32215750174, 0.08207901357],
      [0.23081488802, 0.49628014188, 0.21300599943, 0.059898970661],
      [0.21084794998, 0.43028561639, 0.34883097269, 0.010035460938]
    ],
    [
      [0.37691337898, 0.098296810165, 0.036799443056, 0.4879903678],
      [0.16858208333, 0.14864464221, 0.67275995775, 0.01001331671],
      [0.59929549723, 0.13899701927, 0.15150384625, 0.11020363725],
      [0.1864235834, 0.46329007011, 0.28654258346, 0.063743763028],
      [0.29150004161, 0.48303704666, 0.18076256009, 0.044700351641],
      [0.2691886618, 0.42344076453, 0.29945098011, 0.0079195935593]
    ],
    [
      [0.25182515688, 0.079221245406, 0.021841685709, 0.647111912],
      [0.15425882137, 0.1642515526, 0.66329500471, 0.018194621323],
      [0.51888962124, 0.14677325518, 0.14189447438, 0.1924426492],
      [0.15743137336, 0.47401204923, 0.26057678186, 0.10797979555],
      [0.2509541934, 0.50464150707, 0.16741913556, 0.076985163965],
      [0.23980040588, 0.45799715132, 0.288136358, 0.014066084799]
    ],
    [
      [0.21138789634, 0.075124954888, 0.027167776227, 0.68631937255],
      [0.12872582988, 0.15827056248, 0.69606613288, 0.016937474756],
      [0.46797390194, 0.15395860927, 0.16687185923, 0.21119562957],
      [0.13373259466, 0.46831372205, 0.28703294513, 0.11092073816],
      [0.21809944468, 0.51073330849, 0.19006724741, 0.081099999413],
      [0.20628500305, 0.45837065992, 0.32092867735, 0.014415659688]
    ],
    [
      [0.18216863406, 0.082386277127, 0.02915615028, 0.70628893853],
      [0.10833527768, 0.16445423422, 0.70754549459, 0.019664993508],
      [0.42726389794, 0.17772614785, 0.18245461001, 0.2125553442],
      [0.11230336516, 0.49763398664, 0.28787027992, 0.10219236828],
      [0.18481688355, 0.54769159924, 0.19245936065, 0.075032156558],
      [0.17409444747, 0.48918541683, 0.32286783781, 0.013852297898]
    ],
    [
      [0.47041063168, 0.077841073308, 0.046381470389, 0.40536682463],
      [0.17015688298, 0.10522019146, 0.71881977507, 0.0058031504895],
      [0.6525170262, 0.099931744722, 0.17273036799, 0.074820861092],
      [0.22555006377, 0.36639511749, 0.35975049661, 0.048304322126],
      [0.35411919748, 0.38305172245, 0.22901337495, 0.033815705118],
      [0.31207704806, 0.3215227079, 0.36081399646, 0.00558624758]
    ],
    [
      [0.30665563627, 0.11715118559, 0.053529266078, 0.52266391206],
      [0.10360178642, 0.13801108418, 0.75001603584, 0.0083710935608],
      [0.48474697952, 0.17174952478, 0.22942316489, 0.1140803308],
      [0.12406353248, 0.46836720365, 0.353671372, 0.053897891871],
      [0.20515612418, 0.51767281831, 0.23715967791, 0.040011379596],
      [0.18202477589, 0.43536397644, 0.37571277017, 0.0068984774889]
    ],
    [
      [0.2952366982, 0.044173371174, 0.063259791305, 0.59733013933],
      [0.10935018105, 0.028374922041, 0.84813164769, 0.014143249216],
      [0.50303438824, 0.073111820222, 0.28731907233, 0.13653471921],
      [0.1548259902, 0.24064972825, 0.52734765406, 0.077176627487],
      [0.27534855211, 0.28221013106, 0.3801510766, 0.062290240243],
      [0.22285038736, 0.21687260778, 0.54952048515, 0.010756519712]
    ],
    [
      [0.35700459237, 0.070831683649, 0.040685878718, 0.53147784526],
      [0.15265111901, 0.10696142764, 0.72788434268, 0.012503110676],
      [0.59059433909, 0.1077719885, 0.18275876292, 0.11887490949],
      [0.19271893697, 0.3744649646, 0.36058952546, 0.072226572964],
      [0.31078246671, 0.4019595402, 0.23513793056, 0.052120062542],
      [0.27663449264, 0.33998872046, 0.37408131582, 0.0092954710722]
    ],
    [
      [0.27490204915, 0.07061096672, 0.043285558192, 0.61120142593],
      [0.11948342618, 0.10507380012, 0.7621696558, 0.013273117901],
      [0.51115437695, 0.12087579576, 0.2191058375, 0.14886398978],
      [0.15099315041, 0.37909586611, 0.38877837549, 0.081132607993],
      [0.25226823097, 0.42326515779, 0.26391974273, 0.060546868516],
      [0.22179820111, 0.35324728292, 0.41460455587, 0.010349960101]
    ],
    [
      [0.37850050928, 0.093594867014, 0.040535338972, 0.48736928474],
      [0.15681478542, 0.13688047911, 0.69601299016, 0.010291745304],
      [0.59143962902, 0.13459253086, 0.17167358447, 0.10229425565],
      [0.18162915193, 0.44140871002, 0.31856976245, 0.058392375601],
      [0.28794560656, 0.46634089532, 0.2041474315, 0.041566066617],
      [0.26092162369, 0.4009561651, 0.33079774348, 0.0073244677276]
    ],
    [
      [0.27591193477, 0.058675333788, 0.03747335169, 0.62793937976],
      [0.13428890317, 0.09785532647, 0.75235379257, 0.01550197779],
      [0.53317909073, 0.10447899238, 0.19588950896, 0.16645240793],
      [0.17007872148, 0.35436824594, 0.37791314589, 0.097639886693],
      [0.2816770341, 0.3921101527, 0.25393500188, 0.072277811315],
      [0.25117013103, 0.33177129173, 0.40423811389, 0.012820463339]
    ],
    [
      [0.32537881862, 0.06198241445, 0.042430867138, 0.57020789979],
      [0.14104409263, 0.093212590308, 0.75427369683, 0.011469620232],
      [0.5608671778, 0.097118528156, 0.1993179629, 0.14269633114],
      [0.18449325456, 0.34385420234, 0.38714477883, 0.084507764274],
      [0.30320113934, 0.37708319038, 0.2574643101, 0.062251360175],
      [0.26715632907, 0.31545116486, 0.40615094231, 0.011241563764]
    ],
    [
      [0.36680548529, 0.051776466464, 0.041887443739, 0.53953060451],
      [0.16273999258, 0.081131664488, 0.74474019067, 0.011388152265],
      [0.60660428331, 0.073215016694, 0.18839954441, 0.13178115559],
      [0.21773326111, 0.30768529063, 0.39033915623, 0.084242292031],
      [0.35162156498, 0.33117587734, 0.25571904892, 0.061483508768],
      [0.31022930677, 0.27791484769, 0.40142707304, 0.010428772497]
    ],
    [
      [0.28735032748, 0.072638709361, 0.045891106949, 0.59411985621],
      [0.11652935438, 0.10174412771, 0.77057698832, 0.011149529596],
      [0.50799890548, 0.12067923916, 0.21985891457, 0.15146294079],
      [0.15147881588, 0.37359440703, 0.39279193999, 0.082134837104],
      [0.25425029999, 0.4178964224, 0.26637367636, 0.061479601248],
      [0.22327377679, 0.34791500424, 0.4183020265, 0.010509192462]
    ],
    [
      [0.2288740758, 0.066233830939, 0.035691697751, 0.66920039551],
      [0.11728298004, 0.11729358004, 0.7503632963, 0.015060143628],
      [0.47514268481, 0.13050365876, 0.20212953277, 0.19222412366],
      [0.14128440924, 0.39827413424, 0.35428742757, 0.10615402895],
      [0.23600278065, 0.44467636011, 0.23991975065, 0.079401108585],
      [0.21412383856, 0.38315809589, 0.3892844239, 0.01343364165]
    ],
    [
      [0.28666220082, 0.059602725613, 0.050152279617, 0.60358279395],
      [0.10898315907, 0.078882593468, 0.80144239407, 0.010691853398],
      [0.50888140865, 0.096078130135, 0.240646134, 0.15439432721],
      [0.15471510093, 0.31545544785, 0.44443038705, 0.085399064163],
      [0.26461541204, 0.3616759795, 0.30823812344, 0.065470485016],
      [0.22565034001, 0.29249467854, 0.47087424215, 0.010980739289]
    ],
    [
      [0.23342021844, 0.13563008777, 0.028160117011, 0.60278957678],
      [0.12507278039, 0.25549538039, 0.60351060797, 0.015921231247],
      [0.46077048728, 0.21832263962, 0.14638299516, 0.17452387794],
      [0.10615055275, 0.62205457691, 0.20003524164, 0.071759628705],
      [0.16450928247, 0.65727668198, 0.12786792567, 0.050346109883],
      [0.16134761742, 0.60569520572, 0.22234737646, 0.010609800395]
    ],
    [
      [0.26215751149, 0.10464078673, 0.031757489568, 0.60144421222],
      [0.13376930855, 0.18607106374, 0.66581980144, 0.014339826272],
      [0.49792058817, 0.17639876272, 0.16138947783, 0.16429117128],
      [0.13380782281, 0.52601002605, 0.26019997205, 0.079982179096],
      [0.21272040578, 0.56142055998, 0.16852963379, 0.057329400453],
      [0.20156312637, 0.50248688112, 0.28427157364, 0.011678418867]
    ],
    [
      [0.38136246204, 0.07411782863, 0.058653266273, 0.48586644306],
      [0.12421607962, 0.083155015256, 0.7858643101, 0.006764595022],
      [0.56647306181, 0.10056030749, 0.23404097685, 0.098925653837],
      [0.17526570616, 0.33120628962, 0.43586239965, 0.05766560457],
      [0.29230141321, 0.36964544985, 0.29481922311, 0.043233913838],
      [0.24852788735, 0.29747645165, 0.44739061165, 0.0066050493549]
    ],
    [
      [0.22435274773, 0.063080844754, 0.032566586591, 0.67999982092],
      [0.12416575259, 0.12082257431, 0.73882112557, 0.016190547525],
      [0.48379144794, 0.12523731304, 0.1882937145, 0.20267752451],
      [0.14814205641, 0.3991695286, 0.34214175696, 0.11054665803],
      [0.2428558917, 0.44245292977, 0.23053551106, 0.084155667466],
      [0.22263849437, 0.38548703008, 0.3773320879, 0.014542387647]
    ],
    [
      [0.40446495012, 0.069038785469, 0.039520948981, 0.48697531543],
      [0.17622276806, 0.10552996741, 0.70771827086, 0.010528993666],
      [0.6317955997, 0.098945319706, 0.16385894735, 0.10540013324],
      [0.21114356743, 0.36670379622, 0.3492889699, 0.072863666459],
      [0.34684419994, 0.38339184674, 0.2207217329, 0.049042220419],
      [0.31123409552, 0.32701181371, 0.35273799968, 0.0090160910948]
    ],
    [
      [0.35101881519, 0.06597359687, 0.045876071906, 0.53713151604],
      [0.14080248036, 0.09189326618, 0.75710207618, 0.010202177276],
      [0.57588176391, 0.099310005313, 0.20177410615, 0.12303412463],
      [0.18701134082, 0.33927017007, 0.39540076168, 0.078317727434],
      [0.30733257536, 0.3747481517, 0.26270422652, 0.055215046417],
      [0.26854373463, 0.31181196516, 0.41014828018, 0.0094960200188]
    ],
    [
      [0.32205396286, 0.10058085522, 0.040490697945, 0.53687448397],
      [0.13662932069, 0.14786711703, 0.70500711463, 0.01049644765],
      [0.53848897053, 0.15522783168, 0.18199016698, 0.12429303081],
      [0.15663964267, 0.46410610041, 0.31103007002, 0.068224186902],
      [0.24674422317, 0.50242887441, 0.20332876825, 0.047498134168],
      [0.22560902325, 0.43463056746, 0.33077278197, 0.0089876273134]
    ],
    [
      [0.2395609603, 0.068253367997, 0.03546577302, 0.65671989869],
      [0.12262762396, 0.12050573289, 0.74204686073, 0.014819782422],
      [0.49219363908, 0.12859615235, 0.19490418088, 0.18430602768],
      [0.14762783968, 0.40200340815, 0.34753983759, 0.10282891458],
      [0.24317825348, 0.4469260799, 0.23452589475, 0.075369771867],
      [0.22088295296, 0.38560921446, 0.38014696018, 0.013360872397]
    ],
    [
      [0.28117805946, 0.079591949298, 0.040960686057, 0.59826930518],
      [0.12348032337, 0.12118989487, 0.74320195762, 0.012127824143],
      [0.51306556446, 0.13409843962, 0.20182945225, 0.15100654367],
      [0.15141017471, 0.41129988503, 0.35276989785, 0.084520042401],
      [0.24717735992, 0.45511026486, 0.23712824203, 0.060584133193],
      [0.22165629392, 0.38784522621, 0.37979366097, 0.010704818908]
    ],
    [
      [0.27579215613, 0.092885869234, 0.040302204781, 0.59101976985],
      [0.12116084424, 0.14118799111, 0.72565247548, 0.011998689166],
      [0.50045342409, 0.15595142067, 0.1963330168, 0.14726213844],
      [0.14079983275, 0.45239004814, 0.32726813554, 0.079541983567],
      [0.22783430395, 0.49831864842, 0.21753549046, 0.056311557173],
      [0.20687179684, 0.43016102568, 0.3526629762, 0.010304201279]
    ],
    [
      [0.27535952612, 0.090074485179, 0.047691999834, 0.58687398887],
      [0.10661015374, 0.12098412635, 0.76178245124, 0.010623268672],
      [0.48447052182, 0.14599871687, 0.22586042057, 0.14367034074],
      [0.13200127694, 0.42124742597, 0.37084113666, 0.075910160433],
      [0.22178909879, 0.47125573588, 0.25228828933, 0.054666875998],
      [0.1961329772, 0.39594050963, 0.39847717113, 0.0094493420422]
    ],
    [
      [0.26615265368, 0.065471861231, 0.018474078834, 0.64990140625],
      [0.19087801706, 0.15867590869, 0.63013671683, 0.020309357411],
      [0.56427446276, 0.12468707988, 0.12105722591, 0.18998123145],
      [0.19338045511, 0.44705642844, 0.24118912771, 0.11837398875],
      [0.30232959594, 0.46843415736, 0.14681102531, 0.08242522139],
      [0.28931568023, 0.42476352259, 0.27064742337, 0.015273373817]
    ],
    [
      [0.36915872978, 0.11911674959, 0.057370464364, 0.45435405626],
      [0.11760531295, 0.13096029889, 0.74595305855, 0.0054813296176],
      [0.53079853272, 0.15825548018, 0.2212617285, 0.089684258607],
      [0.14430648248, 0.4516311601, 0.35964356091, 0.04441879651],
      [0.23855056607, 0.49238109496, 0.2413995188, 0.027668820164],
      [0.20783412117, 0.4125609256, 0.37523863004, 0.0043663231961]
    ],
    [
      [0.2089316692, 0.084697218072, 0.039654473452, 0.66671663928],
      [0.096995409526, 0.13677364983, 0.75213823625, 0.014092704394],
      [0.43200449733, 0.1614117021, 0.21755021784, 0.18903358274],
      [0.11436404347, 0.4492566427, 0.34437578163, 0.092003532196],
      [0.18532108322, 0.50354928134, 0.23888362941, 0.072246006029],
      [0.17423287297, 0.43381005575, 0.37976335464, 0.012193716644]
    ],
    [
      [0.36937701608, 0.061274130181, 0.02829031267, 0.54105854107],
      [0.20914846745, 0.11986447522, 0.65671128995, 0.014275767381],
      [0.6428266255, 0.097332914065, 0.13084748734, 0.1289929731],
      [0.23780806962, 0.37954041877, 0.29311794193, 0.089533569692],
      [0.35265768818, 0.39569842293, 0.18403059156, 0.067613297319],
      [0.33953362276, 0.34476972177, 0.30324612376, 0.012450531709]
    ],
    [
      [0.21563850215, 0.066653357363, 0.031141956751, 0.68656618373],
      [0.12336677692, 0.13192326135, 0.7278502001, 0.016859761631],
      [0.47452923589, 0.13554141861, 0.18297274451, 0.206956601],
      [0.14058942675, 0.42188343646, 0.32485889691, 0.11266823988],
      [0.23318093486, 0.4656058983, 0.21918803869, 0.082025128153],
      [0.21527360342, 0.40972054551, 0.36049694723, 0.014508903834]
    ],
    [
      [0.21849038961, 0.058641013976, 0.037457892488, 0.68541070392],
      [0.10967403809, 0.10153094651, 0.7740281205, 0.014766894902],
      [0.46797640027, 0.1159255808, 0.21601385447, 0.20008416446],
      [0.13993947144, 0.36312091304, 0.38711278955, 0.10982682597],
      [0.23914949965, 0.41146485877, 0.26653513401, 0.082850507558],
      [0.21186964817, 0.34904774628, 0.42489748158, 0.014185123972]
    ],
    [
      [0.33603505059, 0.078008452121, 0.048302493029, 0.53765400426],
      [0.12777359348, 0.10278446719, 0.76002753223, 0.0094144071009],
      [0.54810216058, 0.11750412259, 0.21248457174, 0.12190914509],
      [0.1666634599, 0.37633343884, 0.38840382039, 0.068599280875],
      [0.27532767389, 0.41262677405, 0.2590946484, 0.052950903658],
      [0.24068492598, 0.34463388904, 0.4060316801, 0.0086495048811]
    ],
    [
      [0.33971385841, 0.098964001752, 0.042018240204, 0.51930389963],
      [0.13959039584, 0.14092708079, 0.7098762053, 0.0096063180668],
      [0.55158986465, 0.14879422441, 0.18355412487, 0.11606178608],
      [0.16071354777, 0.45608631968, 0.32060179507, 0.062598337471],
      [0.25967344632, 0.48525351304, 0.20860171202, 0.046471328612],
      [0.23408582991, 0.42001138374, 0.33759067619, 0.0083121101557]
    ],
    [
      [0.32348910111, 0.095221246824, 0.076324706593, 0.50496494547],
      [0.081404671374, 0.08185947754, 0.83109738879, 0.0056384622965],
      [0.46470441121, 0.12528320468, 0.30975196901, 0.1002604151],
      [0.12253513012, 0.34132709474, 0.48767456649, 0.048463208645],
      [0.21907859067, 0.40878982387, 0.33363031252, 0.038501272942],
      [0.17781621387, 0.31557004652, 0.50042436973, 0.0061893698792]
    ],
    [
      [0.4961030744, 0.1252173222, 0.045692687025, 0.33298691637],
      [0.1721222895, 0.15493562049, 0.66850916127, 0.0044329287477],
      [0.62831140101, 0.1504535838, 0.15984116513, 0.061393850055],
      [0.1910083607, 0.48221469133, 0.2921778807, 0.034599067268],
      [0.29550845954, 0.49739655979, 0.18330702389, 0.023787956773],
      [0.26834118544, 0.4336976878, 0.29796112676, 0]
    ],
    [
      [0.39133414596, 0.11536340701, 0.05394022997, 0.43936221705],
      [0.12911978574, 0.13257851979, 0.7321390154, 0.0061626790705],
      [0.55632172521, 0.15215137097, 0.20677293725, 0.084753966561],
      [0.15632402875, 0.45096106481, 0.34888313425, 0.043831772194],
      [0.25264688409, 0.48672053412, 0.22882119291, 0.031811388868],
      [0.22583365955, 0.4081604006, 0.36197504492, 0.0040308949283]
    ],
    [
      [0.26462668009, 0.089514859563, 0.048239764646, 0.5976186957],
      [0.1017650074, 0.11997155209, 0.76775327578, 0.010510164732],
      [0.4748793654, 0.14841619105, 0.23369220666, 0.14301223689],
      [0.12769869581, 0.4220315018, 0.37872456159, 0.0715452408],
      [0.21539992634, 0.47309230669, 0.25816242782, 0.053345339149],
      [0.18725783912, 0.39606740448, 0.40420022037, 0.012474536023]
    ],
    [
      [0.33895785497, 0.13449891653, 0.038737239876, 0.48780598863],
      [0.14295894826, 0.19116977011, 0.65668429814, 0.0091869834905],
      [0.53521767619, 0.19689404453, 0.16476273548, 0.1031255438],
      [0.14148243506, 0.54925176226, 0.2593266383, 0.049939164372],
      [0.22291099578, 0.57594948595, 0.16567681678, 0.035462701489],
      [0.21667455711, 0.49999760962, 0.27507462255, 0.0082532107169]
    ],
    [
      [0.17034814946, 0.050115406866, 0.024197126508, 0.75533931716],
      [0.12581241641, 0.12752331468, 0.72549122557, 0.021173043348],
      [0.44967395143, 0.12185851707, 0.17086701161, 0.25760051989],
      [0.14004703321, 0.39733439649, 0.31783018726, 0.14478838303],
      [0.23359536391, 0.4431364068, 0.2155867108, 0.10768151849],
      [0.22310275543, 0.39928770241, 0.3640874178, 0.013522124363]
    ],
    [
      [0.25566687643, 0.06919992719, 0.030305732525, 0.64482746386],
      [0.14312927921, 0.13439093762, 0.70682061139, 0.015659171776],
      [0.52235585343, 0.13080501094, 0.16877445129, 0.17806468434],
      [0.16113929986, 0.42531280459, 0.3127734232, 0.10077447235],
      [0.26130354257, 0.46010921994, 0.20534256636, 0.073244671123],
      [0.24333902818, 0.40440261698, 0.33816502632, 0.014093328527]
    ],
    [
      [0.43871991709, 0.062824565276, 0.075850752661, 0.42260476497],
      [0.11543411084, 0.058046074927, 0.82178824203, 0.0047315721963],
      [0.57588787891, 0.076916013517, 0.27063993934, 0.076556168237],
      [0.1825669065, 0.26254056889, 0.51060043773, 0.044292086881],
      [0.30890881322, 0.30241429449, 0.35452251947, 0.034154372813],
      [0.26625668514, 0.21838122533, 0.51127870844, 0.0040833810852]
    ],
    [
      [0.23931036541, 0.031227114546, 0.032170780571, 0.69729173947],
      [0.14997629383, 0.074307424613, 0.75745114556, 0.018265135996],
      [0.53679544225, 0.071546876553, 0.17921068814, 0.21244699306],
      [0.19381456631, 0.27945941161, 0.38615979299, 0.14056622908],
      [0.32310349516, 0.31072350879, 0.26147027469, 0.10470272135],
      [0.29816989312, 0.25420132098, 0.43125632339, 0.016372462509]
    ]
  ],
  "expected_outcome": [
    [
      [20.044708241, 18.7317944356, 15.9950466651, 11.9393618535, 19.5049316142, 14.7124381724, 24.4993696335, 15.8649848835, 5.2846974084, 0.54650590219, 1.411231895, 4.2931789078, 2.3618935856, 3.5700459237, 1.9243143441, 3.0280040742, 2.2072954781, 2.2776517303, 4.4016658234, 2.2988026199, 0.91549630318, 4.0132708115, 2.3342021844, 2.0972600919, 1.9068123102, 2.6922329728, 2.0223247506, 2.1061128911, 2.25437774, 0.71868288089, 2.5306025352, 1.9305450929, 1.9275166828, 2.9276791905, 2.5841111085, 1.8803850228, 2.2162620965, 2.5876620258, 1.7479231169, 3.0243154553, 2.7177108673, 3.2348910111, 5.9532368928, 4.3046756056, 1.5877600806, 2.0337471298, 1.0220888968, 2.5566687643, 5.2646390051, 3.5896554812],
      [6.0153998113, 3.7170124228, 4.3128033707, 4.6786535174, 4.8954092891, 4.8317456471, 6.3892926607, 4.9909384606, 1.8781238722, 0.24715883138, 0.23352321993, 1.6401165982, 0.35338696939, 0.70831683649, 0.49427676704, 0.74875893611, 0.46940267031, 0.43387690115, 0.62131759757, 0.58110967489, 0.26493532376, 0.83443815858, 1.3563008777, 0.83712629383, 0.37058914315, 0.75697013704, 0.34519392734, 0.39584158122, 0.70406598656, 0.20476010399, 0.71632754368, 0.65020108464, 0.63052139625, 0.72019047354, 0.83381724716, 0.76227496265, 0.36764478108, 0.79984028836, 0.46912811181, 0.70207606909, 0.79171201401, 0.95221246824, 1.5026078664, 1.2689974771, 0.53708915738, 0.80699349917, 0.30069244119, 0.6919992719, 0.75389478331, 0.46840671819],
      [3.0114883903, 2.4269583807, 0.89091493191, 2.9123787121, 3.3147554662, 2.1231214775, 2.3919637986, 1.3760261997, 0.67919440568, 0.087468450839, 0.13914441117, 0.74940972509, 0.50607833044, 0.40685878718, 0.30299890734, 0.32428271177, 0.29978681352, 0.29701606996, 0.50264932487, 0.36712885559, 0.142766791, 0.70213191464, 0.28160117011, 0.25405991654, 0.29326633137, 0.39079903909, 0.19760474491, 0.27525643144, 0.28343488562, 0.10639731906, 0.36864617451, 0.28211543347, 0.33384399884, 0.20321486718, 0.40159325055, 0.35689026107, 0.16974187602, 0.37370348102, 0.29966313991, 0.43472243726, 0.33614592163, 0.76324706593, 0.54831224431, 0.59334252967, 0.28943858787, 0.23242343926, 0.14518275905, 0.30305732525, 0.91020903193, 0.48256170856],
      [26.9284035574, 36.1242347609, 35.8012350323, 31.469605917, 31.2849036305, 32.332694703, 31.7193739071, 40.7680504562, 17.1579843137, 2.1188668156, 1.2161004739, 7.3172947688, 4.7786411146, 5.3147784526, 4.2784099815, 3.8989542779, 5.023515038, 3.9914552986, 6.4743672541, 4.7529588497, 2.6768015821, 8.4501591153, 6.0278957678, 4.8115536977, 2.4293322153, 8.1599978511, 2.4348765772, 3.2227890962, 3.7581213878, 1.9701596961, 5.3844237467, 4.137138389, 4.1081179221, 7.1489154688, 3.1804783938, 6.0004497535, 3.2463512464, 8.2387942048, 5.4832856314, 4.8388860384, 4.154431197, 5.0496494547, 3.9958429965, 4.8329843876, 3.5857121742, 2.9268359318, 4.532035903, 6.4482746386, 5.0712571796, 10.4593760921]
    ],
    [
      [0.24584939218, 0.99560596091, 2.0094415131, 0.51885137137, 1.0398034837, 1.2316151675, 1.6858208333, 1.0798117496, 5.6639365149, 6.2834461057, 10.0392560959, 5.2836911076, 5.5768592335, 8.3958115453, 7.8859061278, 9.7225166963, 5.9087117393, 0.70522046316, 0.97643995546, 0.69917612629, 0.70369788023, 0.54491579534, 1.0005822432, 0.80261585128, 1.2421607962, 1.2416575259, 2.1146732167, 0.98561736253, 1.0930345655, 0.73576574374, 1.2348032337, 1.0904475982, 0.95949138369, 1.7179021536, 1.0584478165, 0.96995409526, 1.4640392721, 1.1103009923, 0.9870663428, 1.0221887478, 0.97713277089, 0.40702335687, 1.5491006055, 0.90383850017, 1.2211800887, 2.2873431722, 1.3839365805, 1.5744220713, 0.80803877591, 1.6497392322],
      [0.26032260363, 0.6964187436, 1.8117074866, 0.64549818704, 0.8864950961, 1.4036214516, 1.4864464221, 1.1497608682, 6.9639047492, 9.5383455847, 6.2079912959, 7.0385652932, 1.4471210241, 5.8828785201, 6.9348708081, 8.486589705, 4.3056343647, 0.46606295154, 0.48678998693, 0.61046476624, 0.70376148023, 0.39441296734, 2.0439630431, 1.1164263824, 0.83155015256, 1.2082257431, 1.266359609, 0.64325286326, 1.1829369362, 0.72303439735, 1.2118989487, 1.27069192, 1.0888571371, 1.4280831782, 1.17864269, 1.3677364983, 0.83905132656, 1.1873093522, 0.91377851856, 0.82227573755, 0.98648956551, 0.4092973877, 1.3944205844, 0.92804963852, 1.4396586251, 3.0587163217, 1.4027564614, 1.4783003138, 0.40632252449, 0.81738167075],
      [1.4786187813, 5.2207561881, 6.9728262094, 5.7717329134, 7.9994303319, 7.2447386423, 6.7275995775, 4.6430650329, 30.6269098467, 41.0376386862, 42.4103667294, 38.2508178276, 43.2547140324, 40.0336388474, 50.3031972827, 43.1528053898, 33.1035668732, 3.7713684841, 4.468441144, 4.6234619299, 4.5021797778, 4.0072119703, 4.8280848638, 3.9949188086, 7.858643101, 7.3882112557, 8.4926192503, 5.2997145333, 5.6400569171, 4.4522811644, 7.4320195762, 6.5308722793, 6.8560420611, 5.6712304515, 6.7135775269, 7.5213823625, 4.5969790296, 6.5506518009, 6.9662530845, 6.0802202578, 4.9691334371, 4.1554869439, 6.0165824514, 5.1249731078, 9.2130393094, 10.5069487703, 7.9804034813, 7.7750267253, 5.7525176942, 8.3319626011],
      [0.015209222866, 0.087219107369, 0.20602479098, 0.063917528204, 0.074271088311, 0.12002473856, 0.1001331671, 0.12736234926, 0.74524888926, 1.1405696234, 0.34238587888, 0.4269257716, 0.72130571004, 0.6876710872, 0.87602578149, 0.63808820888, 0.68208702274, 0.057348101162, 0.06832891359, 0.066897177574, 0.090360861769, 0.05345926699, 0.12736984997, 0.086038957633, 0.06764595022, 0.16190547525, 0.12634792399, 0.071415240929, 0.083971581203, 0.088918694533, 0.12127824143, 0.1079882025, 0.09560941805, 0.1827842167, 0.049331966559, 0.14092704394, 0.099930371664, 0.15173785468, 0.13290205412, 0.075315256807, 0.067244226468, 0.028192311483, 0.039896358729, 0.043138753494, 0.12612197679, 0.14699173585, 0.23290347683, 0.17225088954, 0.033121005374, 0.20091649596]
    ],
    [
      [5.9126570268, 6.1235647171, 5.0439372103, 2.0838622065, 3.5910494592, 4.5114412624, 2.3971819889, 4.1511169699, 3.7437912155, 3.4181111835, 7.1776872882, 6.7864577133, 3.0182063294, 3.5435660345, 1.5334631309, 2.9571981451, 12.2631190869, 34.2128978459, 37.6094655651, 33.0199288562, 31.8345598824, 30.0240031106, 29.0285406987, 25.8918705848, 32.2889645234, 3.8703315835, 4.4225691979, 6.9105811669, 3.7694227937, 4.9219363908, 2.5653278223, 0.50045342409, 5.8136462619, 2.8213723138, 4.7771867944, 4.3200449733, 3.856959753, 2.8471754153, 2.8078584016, 6.0291237663, 2.7579493232, 3.2529308785, 6.2831140101, 2.7816086261, 4.2739142886, 3.7465237333, 3.5973916114, 5.7459143877, 7.4865424258, 4.8311589803],
      [1.6625567344, 1.1353560538, 1.2077935488, 0.67868115167, 0.81228638335, 1.3657677801, 0.55598807709, 1.1741860415, 1.2316688742, 1.4218091828, 1.0992491919, 2.4044933469, 0.43867092133, 0.64663193102, 0.36262738729, 0.67296265429, 2.4030168247, 5.9242302175, 4.539331035, 7.8441505455, 8.7437451368, 5.668609678, 13.754326296, 9.1727356617, 5.7319375272, 1.0018985043, 0.69261723794, 1.1917200638, 1.0865948217, 1.2859615235, 0.67049219809, 0.15595142067, 1.7519846025, 0.62343539938, 1.4242993216, 1.614117021, 0.58399748439, 0.81324851166, 0.69555348478, 1.2925453485, 0.74397112203, 0.87698243279, 1.504535838, 0.76075685486, 1.3357457194, 1.3782583117, 0.97486813659, 1.4388551204, 0.99990817572, 0.64392188898],
      [2.2837537202, 2.0478599686, 1.1154797664, 1.4746761132, 1.7661348079, 1.7053207048, 0.60601538499, 1.135155795, 1.3349748738, 1.4596368801, 1.9000340479, 3.2119243085, 1.723914434, 1.0965525775, 0.6573175125, 0.85836792234, 4.5054587061, 12.1583957369, 11.6807717533, 14.2908294469, 13.5426786953, 14.1981219061, 9.2221286951, 8.3922528471, 13.3403356807, 1.506349716, 1.1470126314, 2.4212892738, 1.2739311689, 1.9490418088, 1.0091472613, 0.1963330168, 2.7103250468, 0.60528612956, 1.9913555565, 2.1755021784, 0.78508492403, 1.097836467, 1.2960831268, 2.3373302891, 0.91777062433, 2.168263783, 1.5984116513, 1.0338646863, 2.1032298599, 1.1533391483, 1.3669360928, 1.8565189642, 3.5183192114, 1.6128961932],
      [1.1410325185, 1.6932192605, 1.6327894745, 0.76278052858, 0.83052934959, 1.4174702527, 0.44081454902, 1.5395411936, 1.6895650365, 1.7004427536, 0.82302947201, 1.5971246313, 0.81920831526, 0.71324945694, 0.44659196934, 0.51147127825, 3.8284053823, 8.7044761997, 8.1704316466, 9.8450911514, 12.8790162855, 9.1092653054, 10.9950043103, 8.5431409064, 5.6387622687, 1.6214201961, 0.73780093271, 1.4764094956, 0.87005121565, 1.8430602768, 0.75503271836, 0.14726213844, 1.7240440888, 0.94990615724, 0.80715832746, 1.8903358274, 0.77395783861, 1.241739606, 1.2005049868, 1.341000596, 0.5803089304, 0.70182290568, 0.61393850055, 0.4237698328, 1.2871101321, 0.72187880662, 2.0608041591, 1.9587115277, 0.99523018709, 1.9120229375]
    ],
    [
      [0.74873572353, 1.269964374, 0.91081394443, 1.3683723553, 1.0285751455, 0.70618111765, 0.93211791702, 0.94458824015, 0.93612816263, 1.3476403819, 1.1277503189, 0.74438119488, 1.2386079216, 1.9271893697, 1.8119178049, 1.2714040635, 1.7007872148, 1.4759460364, 1.5241328278, 1.8177457905, 0.98899086467, 1.7018661103, 0.84920442198, 1.4718860509, 1.5773913554, 8.8885233848, 11.8240397758, 10.6596464266, 8.7718199897, 9.0052982206, 9.387430832, 8.4479899651, 8.1840791701, 5.4146527431, 1.4430648248, 0.45745617389, 1.9024645569, 0.56235770701, 1.1195157715, 1.1666442193, 1.2857083822, 1.1028161711, 1.1460501642, 1.0942682012, 1.9154804371, 0.99037704542, 1.4004703321, 1.2891143988, 2.0082359715, 1.1628873979],
      [2.2386880346, 2.5049137297, 2.3182008171, 4.7685297512, 2.462233176, 2.2726363058, 2.3164503505, 2.8440722954, 3.2781960543, 5.9716078397, 1.8319755875, 2.8102032219, 1.925197826, 3.744649646, 4.5491503933, 3.0898609701, 3.5436824594, 2.7508336188, 2.1537970344, 4.4831328844, 2.7879189397, 3.4700099264, 4.9764366152, 5.7861102865, 2.9808566066, 23.9501717159, 20.5354125882, 19.3383996938, 25.9899416227, 24.5222078969, 25.5005928721, 27.1434028885, 26.1173404103, 12.5175799962, 4.516311601, 1.7970265708, 3.0363233501, 1.6875337458, 2.9049673043, 2.6343340718, 3.6486905575, 3.0719438527, 2.893288148, 3.1567274537, 6.330472527, 3.8447623358, 3.9733439649, 3.4025024367, 2.8879462578, 1.6767564697],
      [1.7446353911, 2.5746224198, 1.2252179199, 5.9194761322, 3.0696579674, 1.6107875087, 1.4327129173, 1.5634606912, 2.0092306159, 3.454443359, 1.798752483, 2.122028232, 4.2187812325, 3.6058952546, 4.6653405059, 2.2299883372, 3.7791314589, 3.0971582306, 2.7323740936, 4.7135032798, 2.480011993, 4.8887342576, 1.6002819331, 2.8621996925, 3.9227615969, 20.5285054175, 19.5601823143, 22.5378434158, 17.4176839211, 21.1999300931, 21.871733667, 19.6360881324, 22.9921504727, 6.7532955758, 3.5964356091, 1.3775031265, 2.3449435354, 1.2994355877, 3.0969023164, 2.7188267428, 2.5648143606, 4.3890710984, 1.7530672842, 2.4421819397, 5.6808684239, 1.8152864681, 3.1783018726, 2.5021873856, 5.6166048151, 2.316958758],
      [0.26794085076, 0.65049947656, 0.54576731858, 0.94362176133, 0.43953371117, 0.41039506785, 0.31871881514, 0.64787877332, 0.77644516713, 1.2263084194, 0.24152161063, 0.32338735122, 0.6174130199, 0.72226572964, 0.97359129592, 0.4087466292, 0.97639886693, 0.67606211419, 0.58969604421, 0.98561804525, 0.74307820266, 0.9393897058, 0.57407702964, 0.87980397005, 0.51899044113, 6.6327994818, 4.0803653217, 4.4641104638, 3.8205544665, 6.2725637894, 5.2402426289, 4.772519014, 4.7064299469, 3.3144716849, 0.4441879651, 0.36801412878, 0.71626855753, 0.4506729595, 0.87861460776, 0.48019496612, 0.50078669977, 0.4361688778, 0.20759440361, 0.30682240536, 1.073178612, 0.34957415061, 1.4478838303, 0.80619577879, 0.48721295569, 0.84339737449]
    ],
    [
      [3.6619835611, 1.4867430145, 2.5660599617, 2.0558219325, 1.5022890229, 2.3081488802, 2.3320003329, 2.7604961274, 1.3085966681, 1.663351952, 3.1870727773, 1.4360928692, 4.1302282816, 2.7970422003, 1.5136093858, 3.4553472788, 1.4083851705, 2.1224079754, 3.8678372147, 1.2712515, 1.4160166839, 1.5876924723, 0.65803712987, 1.914483652, 1.7538084792, 0.97142356681, 3.8152861993, 3.9953234797, 1.7272095622, 2.1886042813, 1.7302415195, 2.9618459513, 1.3307345927, 12.0931838375, 12.6431800017, 11.675228243, 20.8068036028, 13.5244942219, 15.0664184782, 16.7949881074, 14.2820395479, 9.2013008079, 1.7730507572, 1.0105875364, 1.0769996317, 2.6749319494, 2.1023582752, 3.3969460535, 1.8534528793, 2.2617244662],
      [7.3061903124, 1.9568150076, 4.357177206, 4.7480214841, 2.4024214413, 4.9628014188, 3.8642963733, 5.5510565778, 3.064399851, 4.9292243932, 3.4474655021, 3.6237097282, 4.2331519658, 3.6176358618, 2.5395909467, 5.5960907438, 1.9605507635, 2.6395823327, 3.6429346507, 2.089482112, 2.6680581607, 2.170055877, 2.6291067279, 5.0527850398, 2.2178726991, 1.7698117191, 4.2173103142, 4.8717259721, 3.5170021209, 4.0223347191, 3.185771854, 6.4781424294, 2.8275344153, 18.7373662945, 26.0961980331, 31.7236047243, 23.3462069531, 27.0051421013, 25.9222861028, 25.1702332169, 26.6889432174, 17.1691726026, 2.9843793588, 1.9468821365, 2.3654615334, 6.9113938315, 3.9882276612, 5.9814198592, 1.814485767, 2.1750645616],
      [3.4524065438, 1.2147539532, 1.3886064057, 3.5638001001, 1.8070338935, 2.1300599943, 1.4461004807, 1.8416104912, 1.1404034845, 1.7321342458, 2.0611203746, 1.6601177454, 5.7022661489, 2.116241375, 1.5835184564, 2.449769178, 1.2696750094, 1.8022501707, 2.8129095381, 1.3318683818, 1.4395185039, 1.8494287406, 0.51147170269, 1.5167667041, 1.7689153386, 0.92214204424, 2.4279390619, 3.4151549448, 1.4233013778, 2.1107330527, 1.6598976942, 2.827961376, 1.513729736, 5.8724410124, 12.7941744965, 15.0496686529, 10.8578049022, 12.7129062439, 16.7917134429, 15.8047735526, 11.4730941611, 14.0124731259, 1.0998421434, 0.91528477165, 1.2908121391, 1.9881218013, 1.9402803972, 2.6694533627, 2.1271351168, 1.8302919228],
      [0.57941958271, 0.34168802473, 0.68815642659, 0.63235648324, 0.2882556423, 0.59898970661, 0.35760281312, 0.84683680361, 0.48659999648, 0.67528940902, 0.30434134606, 0.28007965718, 0.93435360365, 0.46908056287, 0.3632812111, 0.49879279941, 0.36138905658, 0.43575952123, 0.67631859644, 0.30739800624, 0.47640665151, 0.3928229101, 0.20138443953, 0.51596460407, 0.25940348303, 0.33662266986, 0.5394644246, 0.71779560342, 0.33248693917, 0.6783279468, 0.42408893235, 0.73205024325, 0.32800125599, 3.2970088556, 1.4664474687, 4.5514983798, 3.9891845418, 4.7574574329, 5.2195819761, 3.2300051231, 2.5559230737, 1.6170534636, 0.14272774064, 0.12724555547, 0.26672669575, 0.42555241787, 0.96913366639, 0.9521807246, 0.20492623688, 0.73291904947]
    ],
    [
      [2.3860660553, 2.392327498, 2.4747007054, 2.0337302807, 2.3333512746, 2.5301753998, 2.1535092944, 1.1990020294, 2.0628500305, 1.7409444747, 4.0570016248, 1.4561982072, 2.6742046483, 2.7663449264, 1.3307892067, 1.5655297421, 2.5117013103, 3.2058759488, 0.62045861355, 0.89309510717, 2.1412383856, 1.1282517001, 1.1294333219, 2.8218837691, 3.2308625355, 1.3358309662, 2.8011068596, 1.3427186732, 3.3841353488, 2.4297124826, 1.5515940574, 2.0687179684, 0.7845319088, 2.0252097616, 2.494009454, 0.69693149186, 4.7534707187, 2.3680096376, 1.271217889, 0.96273970393, 3.9794591085, 4.8010377745, 15.2954475701, 14.9050215306, 9.9246654733, 11.2670769699, 12.493754304, 11.4369343244, 13.5790909424, 15.5048344424],
      [4.5168425036, 2.9894840425, 3.9923175709, 4.4806159086, 3.5411546142, 5.1634273967, 3.3875261162, 2.2899857566, 4.5837065992, 4.8918541683, 4.1797952027, 3.4829118115, 2.6024712934, 3.3998872046, 2.1194836975, 2.4057369906, 3.3177129173, 3.7854139783, 0.55582969538, 1.391660017, 3.8315809589, 1.4624733927, 4.2398664401, 7.0348163357, 3.8671938714, 2.3129221805, 2.9431063234, 1.5590598258, 6.5194585119, 4.2417013591, 2.7149165834, 4.3016102568, 1.5837620385, 2.9733446581, 4.9507311072, 1.735240223, 4.8267761048, 4.5069260007, 2.0942864777, 1.3785355562, 7.1401935236, 8.5203912559, 24.7207682046, 26.9385864393, 20.9915724376, 25.9998757001, 22.3601113347, 19.006922998, 11.1374424917, 13.2184686908],
