{
  "X": [
    [20, 12, 35, 33],
    [18, 15, 39, 28],
    [22, 18, 32, 28],
    [13, 18, 39, 30],
    [18, 15, 27, 40],
    [19, 19, 34, 28],
    [20, 17, 31, 32],
    [15, 15, 35, 35],
    [29, 14, 37, 20],
    [21, 14, 43, 22],
    [26, 16, 40, 18],
    [25, 10, 51, 14],
    [24, 9, 48, 19],
    [25, 13, 31, 31],
    [26, 9, 41, 24],
    [23, 16, 40, 21],
    [33, 15, 38, 14],
    [64, 6, 15, 15],
    [65, 13, 10, 12],
    [57, 7, 20, 16],
    [60, 10, 16, 14],
    [58, 13, 16, 13],
    [62, 15, 14, 9],
    [59, 15, 19, 7],
    [57, 8, 27, 8],
    [38, 15, 10, 37],
    [35, 12, 19, 34],
    [36, 16, 13, 35],
    [33, 11, 20, 36],
    [44, 11, 15, 30],
    [31, 16, 16, 37],
    [37, 14, 19, 30],
    [25, 19, 18, 38],
    [26, 12, 25, 37],
    [27, 12, 30, 31],
    [29, 13, 21, 37],
    [33, 4, 32, 31],
    [26, 11, 37, 26],
    [23, 10, 26, 41],
    [31, 8, 26, 35],
    [28, 11, 33, 28],
    [37, 5, 32, 26],
    [58, 19, 11, 12],
    [57, 13, 16, 14],
    [58, 14, 12, 16],
    [56, 13, 12, 19],
    [53, 15, 14, 18],
    [49, 18, 20, 13],
    [49, 16, 14, 21],
    [56, 12, 22, 10]
  ],
  "W": [
    [57, 14, 6, 6, 7, 10],
    [58, 7, 9, 3, 13, 10],
    [61, 5, 9, 7, 11, 7],
    [70, 5, 4, 10, 5, 6],
    [66, 5, 7, 6, 6, 10],
    [58, 8, 10, 8, 6, 10],
    [59, 10, 5, 5, 8, 13],
    [59, 8, 6, 7, 10, 10],
    [18, 44, 11, 9, 8, 10],
    [10, 53, 14, 7, 7, 9],
    [6, 60, 9, 5, 8, 12],
    [7, 62, 9, 4, 8, 10],
    [7, 66, 4, 4, 11, 8],
    [2, 56, 8, 16, 11, 7],
    [6, 61, 10, 9, 5, 9],
    [8, 51, 8, 13, 9, 11],
    [9, 47, 28, 0, 7, 9],
    [11, 9, 58, 5, 7, 10],
    [6, 7, 65, 10, 7, 5],
    [7, 10, 53, 6, 12, 12],
    [4, 10, 55, 12, 10, 9],
    [7, 9, 59, 12, 6, 7],
    [6, 5, 61, 9, 8, 11],
    [10, 10, 66, 4, 7, 3],
    [5, 10, 58, 7, 11, 9],
    [11, 7, 6, 63, 6, 7],
    [11, 10, 10, 54, 8, 7],
    [8, 7, 8, 61, 8, 8],
    [7, 6, 7, 64, 9, 7],
    [9, 7, 8, 55, 13, 8],
    [7, 11, 7, 60, 7, 8],
    [6, 12, 8, 52, 9, 13],
    [5, 7, 6, 71, 4, 7],
    [10, 11, 3, 20, 43, 13],
    [6, 11, 7, 9, 57, 10],
    [10, 7, 9, 9, 54, 11],
    [7, 6, 6, 5, 67, 9],
    [10, 11, 12, 5, 53, 9],
    [12, 7, 8, 10, 54, 9],
    [6, 5, 7, 11, 63, 8],
    [13, 3, 5, 10, 60, 9],
    [9, 9, 8, 8, 43, 23],
    [8, 7, 9, 12, 8, 56],
    [5, 8, 12, 8, 9, 58],
    [8, 5, 7, 13, 11, 56],
    [10, 7, 12, 10, 7, 54],
    [10, 13, 9, 9, 5, 54],
    [5, 11, 9, 8, 9, 58],
    [14, 9, 9, 11, 8, 49],
    [10, 5, 9, 11, 10, 55]
  ],
  "method": "mvn_pdf",
  "cond_prob": [
    [
      [0.026278120291, 0.14454078152, 0.40524380251, 0.42393729568],
      [0.11529461251, 0.094317436626, 0.59308116607, 0.19730678479],
      [0.85953426874, 0.064072650727, 0.068383624289, 0.0080094562459],
      [0.3681502999, 0.11464220097, 0.068059514687, 0.44914798445],
      [0.21552054689, 0.037221766609, 0.33046436234, 0.41679332416],
      [0.80132713283, 0.11078898642, 0.046605756185, 0.041278124568]
    ],
    [
      [0.014921097121, 0.1770099466, 0.4619788875, 0.34609006878],
      [0.069718833515, 0.10854195583, 0.6652356202, 0.15650359045],
      [0.76823248667, 0.10948839357, 0.11272907593, 0.0095500438313],
      [0.28288301299, 0.16703658877, 0.096711291875, 0.45336910637],
      [0.14898145575, 0.049915797717, 0.42325818406, 0.37784456248],
      [0.69470441887, 0.18382187278, 0.074152323189, 0.047321385159]
    ],
    [
      [0.028892533393, 0.22755646059, 0.40052960421, 0.34302140181],
      [0.14201676201, 0.14056810915, 0.56289683782, 0.15451829102],
      [0.86431226198, 0.077654378496, 0.053071461651, 0.0049618978757],
      [0.43853691904, 0.16337574174, 0.062051005649, 0.33603633357],
      [0.27742796962, 0.057912578053, 0.32623732889, 0.33842212344],
      [0.80388502802, 0.13380820019, 0.036085591723, 0.026221180073]
    ],
    [
      [0.018582545119, 0.19674570804, 0.45635729117, 0.32831445567],
      [0.077878205805, 0.12079146585, 0.65203189287, 0.14929843548],
      [0.7831232243, 0.10905566925, 0.099814766355, 0.0080063401001],
      [0.30845299722, 0.18091702924, 0.091650503529, 0.41897947002],
      [0.16740036178, 0.054834018037, 0.41653571837, 0.36122990182],
      [0.70930102239, 0.18404667475, 0.066064576836, 0.040587726019]
    ],
    [
      [0.020744806853, 0.17038347018, 0.32489980284, 0.48397192013],
      [0.10005159305, 0.11817763665, 0.52903049499, 0.25274027532],
      [0.83285659838, 0.0890541859, 0.067444172005, 0.010645043718],
      [0.29010518569, 0.13033922389, 0.055249130027, 0.52430646039],
      [0.17591035148, 0.044267050452, 0.27716544688, 0.50265715118],
      [0.75044953708, 0.14927858378, 0.044486387213, 0.055785491926]
    ],
    [
      [0.015930906253, 0.21440780683, 0.42022043373, 0.34944085318],
      [0.07402302303, 0.13944028695, 0.62216878478, 0.16436790525],
      [0.76005782995, 0.13145984181, 0.099249201657, 0.0092331265772],
      [0.27692353648, 0.19910780387, 0.083701014381, 0.44026764527],
      [0.15584521511, 0.062027395949, 0.39077665, 0.39135073894],
      [0.6732785371, 0.21691996832, 0.06431045339, 0.045491041184]
    ],
    [
      [0.023197740522, 0.20305109552, 0.36756533898, 0.40618582498],
      [0.11139639082, 0.13359993564, 0.55945551844, 0.1955481551],
      [0.8362157235, 0.091112956252, 0.064748318326, 0.0079230019198],
      [0.34679132563, 0.15733841129, 0.062354831365, 0.43351543172],
      [0.21150395583, 0.05369864448, 0.31598022229, 0.4188171774],
      [0.7623309622, 0.15478000112, 0.042748637622, 0.040140399054]
    ],
    [
      [0.0096260504865, 0.16670470554, 0.41024094271, 0.41342830126],
      [0.061889050755, 0.11041983696, 0.62677980391, 0.20091130838],
      [0.74863590855, 0.12129394491, 0.1168723181, 0.013197828449],
      [0.22901052122, 0.1552931498, 0.083409089233, 0.53228723975],
      [0.12390526953, 0.047104827722, 0.3741121669, 0.45487773585],
      [0.66030088202, 0.19951996823, 0.07553267465, 0.064646475101]
    ],
    [
      [0.027388236502, 0.21138361996, 0.40507553472, 0.35615260882],
      [0.12636995302, 0.13644505627, 0.57625214116, 0.16093284956],
      [0.85143646824, 0.082351781228, 0.060230288271, 0.0059814622635],
      [0.40866838789, 0.16008083716, 0.065715234897, 0.36553554005],
      [0.25209722147, 0.05511311211, 0.33678325304, 0.35600641338],
      [0.78861393966, 0.14040103403, 0.040530985478, 0.030454040834]
    ],
    [
      [0.010813838892, 0.17941404535, 0.41008838339, 0.39968373236],
      [0.051534758854, 0.12503820767, 0.62672174005, 0.19670529342],
      [0.72272340808, 0.14024829977, 0.12271677717, 0.014311514982],
      [0.21887994991, 0.17304373179, 0.084796432999, 0.5232798853],
      [0.1190733369, 0.052313338314, 0.38121595574, 0.44739736904],
      [0.630746519, 0.22642876136, 0.078082482402, 0.064742237241]
    ],
    [
      [0.02252192257, 0.2455048711, 0.37496645749, 0.35700674884],
      [0.10785845504, 0.16040923003, 0.55989793698, 0.17183437795],
      [0.80844745934, 0.11569656792, 0.068210684434, 0.0076452883055],
      [0.34160838523, 0.19982711643, 0.065446987322, 0.39311751102],
      [0.21225891537, 0.06802289568, 0.33523175122, 0.38448643773],
      [0.72593506491, 0.19315242604, 0.044444994172, 0.036467514881]
    ],
    [
      [0.02378264938, 0.16034479193, 0.51322149893, 0.30265105976],
      [0.10206149478, 0.096784512778, 0.67875975902, 0.12239423342],
      [0.82903812387, 0.074441793148, 0.091198772633, 0.0053213103486],
      [0.39273383001, 0.14317833583, 0.098045801993, 0.36604203217],
      [0.21137343089, 0.042880781577, 0.43618858756, 0.30955719997],
      [0.7782442896, 0.129121093, 0.062186358614, 0.030448258792]
    ],
    [
      [0.031382076972, 0.15329855597, 0.44422225253, 0.37109711453],
      [0.13544882376, 0.091999749763, 0.60892098175, 0.16363044473],
      [0.8775693573, 0.054880850296, 0.061637884801, 0.0059119076025],
      [0.44388096516, 0.11363109808, 0.070786564744, 0.37170137201],
      [0.26423024209, 0.037429840674, 0.34831790069, 0.35002201654],
      [0.83104614252, 0.096143822868, 0.042558091414, 0.0302519432]
    ],
    [
      [0.020471093527, 0.17859318756, 0.27716167561, 0.5237740433],
      [0.11570738298, 0.14301264362, 0.47179866021, 0.26948131319],
      [0.8340820942, 0.097702204709, 0.057905049113, 0.010310651983],
      [0.28683774954, 0.13687953193, 0.044601121467, 0.53168159706],
      [0.18307992557, 0.048844470525, 0.23499406804, 0.53308153587],
      [0.74335777697, 0.16073232252, 0.037594084591, 0.058315815919]
    ],
    [
      [0.021731245077, 0.13232884662, 0.37781974258, 0.46812016573],
      [0.10735223619, 0.087710089971, 0.5799438116, 0.22499386224],
      [0.84640798749, 0.068175600434, 0.075347702025, 0.010068710054],
      [0.32164317417, 0.10589757355, 0.065075762438, 0.50738348985],
      [0.18790007429, 0.034110658428, 0.31232257993, 0.46566668735],
      [0.7803063676, 0.11670266374, 0.050637472771, 0.052353495893]
    ],
    [
      [0.017001529229, 0.22469834286, 0.4080765097, 0.35022361822],
      [0.080039438898, 0.14694273083, 0.60593545016, 0.16708238011],
      [0.76426102234, 0.1332417194, 0.093186675607, 0.0093105826476],
      [0.28698108046, 0.20367080691, 0.078859903572, 0.43048820906],
      [0.16615854696, 0.064707908965, 0.37810014666, 0.39103339742],
      [0.67651883955, 0.21930077808, 0.0599187721, 0.044261610267]
    ],
    [
      [0.017644341479, 0.22650195732, 0.41276978116, 0.34308392004],
      [0.082441656635, 0.14768873629, 0.60807490332, 0.16179470375],
      [0.77094414732, 0.12985211386, 0.089703307739, 0.0095004310851],
      [0.29800968081, 0.20420022635, 0.079763560315, 0.41802653252],
      [0.17265488795, 0.065017640589, 0.38099559889, 0.38133187257],
      [0.68571363604, 0.21434767849, 0.058543300487, 0.041395384981]
    ],
    [
      [0.026510443003, 0.11433526217, 0.3441145083, 0.51503978653],
      [0.12593331821, 0.07921610257, 0.54287391235, 0.25197666686],
      [0.88292765006, 0.042961885793, 0.064403750148, 0.0097067139974],
      [0.34594288293, 0.085592319739, 0.054497392113, 0.51396740522],
      [0.21070151216, 0.027588099337, 0.27199730598, 0.48971308253],
      [0.81605565598, 0.091649952296, 0.041698958654, 0.050595433072]
    ],
    [
      [0.027269429879, 0.25346081244, 0.29661645085, 0.42265330683],
      [0.13700937406, 0.17758577292, 0.47520552885, 0.21019932417],
      [0.84205014913, 0.10862935708, 0.038900993065, 0.010419500722],
      [0.36371160167, 0.18270232232, 0.044363744261, 0.40922233175],
      [0.24509628979, 0.067527289136, 0.25294177183, 0.43443464924],
      [0.75825361271, 0.17510245148, 0.030213639671, 0.036430296145]
    ],
    [
      [0.017209694621, 0.10495863382, 0.4082845118, 0.46954715975],
      [0.082499004841, 0.070002086232, 0.62427190935, 0.22322699958],
      [0.8209324836, 0.062580209706, 0.10384481317, 0.012642493523],
      [0.27689196758, 0.091886426298, 0.076014730394, 0.55520687573],
      [0.15240072192, 0.026702767019, 0.34437465847, 0.47652185259],
      [0.75457999914, 0.11473048537, 0.067244161829, 0.063445353651]
    ],
    [
      [0.02285811944, 0.17205744511, 0.39267878318, 0.41240565227],
      [0.10826713042, 0.11309686799, 0.58657266791, 0.19206333368],
      [0.83098973637, 0.086890132008, 0.073110344095, 0.009009787523],
      [0.3459980807, 0.13908811743, 0.067154164232, 0.44775963764],
      [0.20582424573, 0.045866737673, 0.33031348794, 0.41799552865],
      [0.76791569909, 0.14156883259, 0.048167156966, 0.042348311352]
    ],
    [
      [0.019470951285, 0.20489544932, 0.38825085648, 0.38738274291],
      [0.094993701487, 0.13569553848, 0.58682802767, 0.18248273237],
      [0.79740000433, 0.11267231231, 0.080412016186, 0.0095156671812],
      [0.31471733167, 0.17334871869, 0.069741585602, 0.44219236404],
      [0.18766352576, 0.056647163312, 0.34299053082, 0.41269878011],
      [0.7227958054, 0.18239113974, 0.051662941211, 0.043150113648]
    ],
    [
      [0.022824036979, 0.27164105512, 0.40163042637, 0.30390448153],
      [0.10497025611, 0.17248157901, 0.58450321312, 0.13804495176],
      [0.7951054656, 0.12360782598, 0.074936269759, 0.0063504386641],
      [0.35702788478, 0.22753189611, 0.07162183963, 0.34381837948],
      [0.22121725022, 0.076710961113, 0.36707414472, 0.33499764395],
      [0.71398019373, 0.20965396689, 0.046854473319, 0.029511366058]
    ],
    [
      [0.023760685522, 0.28565351729, 0.43572591612, 0.25485988107],
      [0.10494513693, 0.17457510841, 0.60895269747, 0.11152705719],
      [0.79423422953, 0.12436301346, 0.079929064505, 0.0014736925066],
      [0.38030927091, 0.24542201943, 0.079338538856, 0.29493017081],
      [0.23220045087, 0.081597479012, 0.40218527855, 0.28401679156],
      [0.71561412886, 0.21229480805, 0.048414833823, 0.023676229262]
    ],
    [
      [0.017573673012, 0.11314502707, 0.63868674299, 0.23059455692],
      [0.065221791306, 0.061377317767, 0.78444801286, 0.088952878064],
      [0.78435098168, 0.075598543696, 0.13340183982, 0.0066486348057],
      [0.34966455071, 0.13227621692, 0.15348304487, 0.3645761875],
      [0.15467186137, 0.032097669201, 0.56560691604, 0.24762355339],
      [0.73539049493, 0.12853091922, 0.1031913396, 0.032887246251]
    ],
    [
      [0.030540253888, 0.2198956139, 0.28159166658, 0.46797246562],
      [0.15448097091, 0.15443331876, 0.45408224364, 0.23700346669],
      [0.86861526159, 0.083137144234, 0.040128192781, 0.0081194013976],
      [0.38475429266, 0.15372050333, 0.030713742967, 0.43081146105],
      [0.26194598633, 0.055701917863, 0.22743735271, 0.4549147431],
      [0.79425749797, 0.14038413337, 0.026222411745, 0.039135956908]
    ],
    [
      [0.021878954387, 0.15757929989, 0.42355534787, 0.39698639785],
      [0.10075648603, 0.10056657585, 0.61656710945, 0.18210982868],
      [0.83102998902, 0.079325629267, 0.081308850315, 0.0083355313973],
      [0.34255971553, 0.13310986289, 0.07637541046, 0.44795501112],
      [0.19707323147, 0.04178071388, 0.35704984148, 0.40409621317],
      [0.76666518016, 0.13507533471, 0.054494382743, 0.043765102389]
    ],
    [
      [0.023558679075, 0.21981028715, 0.34146158697, 0.4151694468],
      [0.11538301755, 0.14951436157, 0.53165585644, 0.20344676444],
      [0.82776619671, 0.10294156954, 0.061026297872, 0.0082659358737],
      [0.33910378221, 0.17250508067, 0.055520995525, 0.43287014159],
      [0.21549548398, 0.059360897303, 0.29397632698, 0.43116729174],
      [0.74655316049, 0.17171093952, 0.0399893229, 0.041746577086]
    ],
    [
      [0.017393991293, 0.1242864083, 0.5213646087, 0.33695499171],
      [0.072863603783, 0.073787408417, 0.70902343002, 0.14432555778],
      [0.79130341728, 0.077379768307, 0.12185368255, 0.0094631318573],
      [0.31749269715, 0.12353451927, 0.10289475068, 0.45607803289],
      [0.15774679058, 0.033995449366, 0.45367611574, 0.35458164431],
      [0.73752611207, 0.13334914791, 0.082140327982, 0.046984412039]
    ],
    [
      [0.035024967555, 0.17952290724, 0.38836298835, 0.39708913685],
      [0.1630475501, 0.11120061145, 0.54819942026, 0.17755241818],
      [0.88809387358, 0.057665023618, 0.047745436344, 0.006495666461],
      [0.45250003758, 0.12327336288, 0.057868718999, 0.36635788054],
      [0.29626396507, 0.043350502147, 0.29537238289, 0.3650131499],
      [0.83746973, 0.10012223491, 0.032844143716, 0.029563891374]
    ],
    [
      [0.018504703406, 0.20182824588, 0.36369900766, 0.41596804306],
      [0.091085924887, 0.13782334981, 0.56725796057, 0.20383276474],
      [0.79569076272, 0.11502863033, 0.079297397223, 0.0099832097346],
      [0.29001925294, 0.17257773714, 0.066447950716, 0.4709550592],
      [0.17537855876, 0.056223783329, 0.32297999362, 0.44541766429],
      [0.70873518443, 0.18971428839, 0.05143132516, 0.050119202018]
    ],
    [
      [0.02122637307, 0.18144684543, 0.43390665257, 0.36342012893],
      [0.096456088375, 0.11484211096, 0.62433047914, 0.16437132153],
      [0.8157290661, 0.092610083576, 0.083991062505, 0.0076697878151],
      [0.34058462765, 0.15969521439, 0.079398110332, 0.42032204763],
      [0.19622509968, 0.04967329194, 0.37511522726, 0.37898638111],
      [0.74714689519, 0.15700939626, 0.055994388635, 0.039849319917]
    ],
    [
      [0.011063699006, 0.18839948018, 0.48154661545, 0.31899020537],
      [0.05099510071, 0.11707988106, 0.68817746018, 0.14374755805],
      [0.69150848541, 0.1509707073, 0.14550648018, 0.012014327112],
      [0.22145269417, 0.20262989785, 0.10442966147, 0.47148774651],
      [0.11666545261, 0.056217716364, 0.4600275805, 0.36708925053],
      [0.60698025584, 0.24586079641, 0.092481362023, 0.054677585726]
    ],
    [
      [0.018510659867, 0.19556099643, 0.35014569603, 0.43578264767],
      [0.092429893387, 0.13634147692, 0.55356462483, 0.21766400486],
      [0.80008218231, 0.11186025412, 0.077491139256, 0.010566424309],
      [0.2858568571, 0.16364959668, 0.062076786776, 0.48841675945],
      [0.17264035573, 0.058580979348, 0.30892875093, 0.459849914],
      [0.71209581453, 0.18592915244, 0.050106671014, 0.051868362011]
    ],
    [
      [0.01939883281, 0.24189074493, 0.3777068069, 0.36100361535],
      [0.092498703459, 0.16081756597, 0.5728607355, 0.17382299507],
      [0.78255581759, 0.13019259091, 0.078830012255, 0.0084215792451],
      [0.30643408482, 0.20659838294, 0.069253326642, 0.4177142056],
      [0.18769560722, 0.06774183941, 0.34647146186, 0.39809109151],
      [0.6931674167, 0.21476438755, 0.05083277163, 0.041235424125]
    ],
    [
      [0.021088062294, 0.25304904626, 0.28331054126, 0.44255235018],
      [0.10567153043, 0.18549731822, 0.4744321567, 0.23439899465],
      [0.79786681455, 0.1342363012, 0.057440400495, 0.010456483754],
      [0.28938133029, 0.19704277219, 0.046545313597, 0.46703058392],
      [0.1963199404, 0.070166663938, 0.25029905645, 0.48321433921],
      [0.69662805261, 0.2182287997, 0.035804455957, 0.049338691739]
    ],
    [
      [0.030876405428, 0.11788702928, 0.45594462539, 0.3952919399],
      [0.13402742268, 0.070815300071, 0.62323825369, 0.17191902356],
      [0.88261600789, 0.043967634739, 0.066576581016, 0.006839776355],
      [0.43584988058, 0.08873544172, 0.073716230953, 0.40169844675],
      [0.25270821474, 0.020053859107, 0.35645428528, 0.37078364087],
      [0.84147830979, 0.0776452686, 0.046497816144, 0.034378605463]
    ],
    [
      [0.016262955342, 0.20026069348, 0.46689365633, 0.31658269485],
      [0.07243401393, 0.12475554039, 0.66052202137, 0.14228842431],
      [0.75644570564, 0.12456305683, 0.11030886396, 0.0086823735757],
      [0.29290164199, 0.19425771618, 0.096625328551, 0.41621531328],
      [0.15827491276, 0.062189079598, 0.4266273769, 0.35290863074],
      [0.6789076933, 0.20700173771, 0.071915246171, 0.042175322816]
    ],
    [
      [0.014434302513, 0.17206152736, 0.33525743896, 0.47824673116],
      [0.078113712115, 0.12400398912, 0.54924821333, 0.24863408544],
      [0.78029868728, 0.11774865393, 0.088967149745, 0.01298550904],
      [0.2390556891, 0.14658392585, 0.061970528442, 0.55238985661],
      [0.1387140516, 0.054357470774, 0.30160050888, 0.50532796875],
      [0.68405413439, 0.19156687068, 0.05714480861, 0.067234186327]
    ],
    [
      [0.02542722723, 0.17913607386, 0.37522686544, 0.42020983347],
      [0.12086897082, 0.11788975869, 0.56164618023, 0.19959509027],
      [0.84929347163, 0.079093978311, 0.063713240529, 0.0078993095313],
      [0.36530726457, 0.13769465596, 0.061419413561, 0.43557866591],
      [0.2225993437, 0.050613598998, 0.30917588483, 0.41761117247],
      [0.78198736471, 0.13484737035, 0.042590116101, 0.040575148836]
    ],
    [
      [0.023321560749, 0.21832622008, 0.44646747054, 0.31188474864],
      [0.10191458016, 0.13374475482, 0.62515700168, 0.13918366333],
      [0.81199710099, 0.10159022882, 0.080501362815, 0.0059113073745],
      [0.36864315075, 0.18710471324, 0.08192478447, 0.36232735154],
      [0.21602771516, 0.063792093435, 0.39361295045, 0.32656724095],
      [0.74255511641, 0.17266677688, 0.053546688007, 0.031231418703]
    ],
    [
      [0.022510438612, 0.097512622422, 0.50588771575, 0.37408922322],
      [0.091099741259, 0.057331446528, 0.68935468456, 0.16221412766],
      [0.83572688355, 0.051300919741, 0.10306468767, 0.0099075090347],
      [0.35361290654, 0.089097198773, 0.097805848471, 0.45948404622],
      [0.19053752647, 0.011405478299, 0.41886611181, 0.37919088342],
      [0.79433375748, 0.086642733239, 0.070635273928, 0.048388235351]
    ],
    [
      [0.030444086584, 0.3104574667, 0.3274362759, 0.33166217082],
      [0.14242454904, 0.20506843893, 0.49520711181, 0.15729990021],
      [0.83286136773, 0.11556088316, 0.046135236651, 0.0054425124612],
      [0.40307526501, 0.22437699184, 0.049783730275, 0.32276401288],
      [0.27770506896, 0.084461465844, 0.28709440486, 0.35073906033],
      [0.75366391826, 0.1905821003, 0.028655051394, 0.027098930047]
    ],
    [
      [0.018362376413, 0.15361731022, 0.43116985991, 0.39685045345],
      [0.086085046776, 0.098948560766, 0.63332192561, 0.18164446685],
      [0.80707089213, 0.089357701721, 0.093547807721, 0.010023598432],
      [0.3086872429, 0.1362873013, 0.080270297224, 0.47475515858],
      [0.17152693882, 0.042075114632, 0.37242260447, 0.41397534207],
      [0.7331278732, 0.15343203621, 0.063121306636, 0.050318783957]
    ],
    [
      [0.027178298967, 0.20923793357, 0.35949101409, 0.40409275337],
      [0.13121373868, 0.1377058484, 0.54082253967, 0.19025787326],
      [0.85093239658, 0.086215468006, 0.055626505038, 0.007225630373],
      [0.38354484402, 0.15612182237, 0.056182424863, 0.40415090875],
      [0.24352632569, 0.054985568722, 0.29766210763, 0.40382599795],
      [0.77687688543, 0.14999346548, 0.036177124045, 0.036952525052]
    ],
    [
      [0.0203554785, 0.15911155468, 0.30761998417, 0.51291298264],
      [0.10784262925, 0.11581672349, 0.51121757515, 0.2651230721],
      [0.83841146239, 0.0872534591, 0.063431930226, 0.010903148284],
      [0.29509836241, 0.12264261767, 0.050300573702, 0.53195844622],
      [0.18303932223, 0.042125859369, 0.25728560172, 0.51754921668],
      [0.75459908114, 0.14870034606, 0.042223870748, 0.054476702046]
    ],
    [
      [0.020810446543, 0.18571684592, 0.30678563337, 0.48668707417],
      [0.10994755066, 0.134790405, 0.50539063432, 0.24987141002],
      [0.83164146968, 0.097410915215, 0.060519233938, 0.01042838117],
      [0.30397095087, 0.1426960417, 0.049838498305, 0.50349450913],
      [0.19160853791, 0.049598659436, 0.26053581528, 0.49825698737],
      [0.74414857225, 0.16632593271, 0.038262347289, 0.051263147749]
    ],
    [
      [0.014478473647, 0.19005829651, 0.47288545698, 0.32257777286],
      [0.064440543856, 0.11812861603, 0.67315290975, 0.14427793037],
      [0.73709253464, 0.1310197281, 0.1218277929, 0.01005994436],
      [0.26882978469, 0.19141049476, 0.099457305843, 0.4403024147],
      [0.14170224563, 0.05518213652, 0.44000088087, 0.36311473698],
      [0.65791328189, 0.2162619483, 0.075496106848, 0.050328662966]
    ],
    [
      [0.019627906273, 0.19766991849, 0.30614783807, 0.47655433716],
      [0.10503972272, 0.14295063723, 0.50579617479, 0.24621346526],
      [0.81973959773, 0.10703498938, 0.062660041331, 0.010565371561],
      [0.29368336304, 0.15423278828, 0.050544583468, 0.50153926521],
      [0.18506966067, 0.053867585972, 0.26461456204, 0.49644819132],
      [0.72839022754, 0.18071937026, 0.039284028723, 0.051606373478]
    ],
    [
      [0.021286331279, 0.1390479375, 0.61141939424, 0.22824633699],
      [0.077834701089, 0.075291392195, 0.7581124797, 0.088761427017],
      [0.79812094407, 0.075645598537, 0.12179660582, 0.0044368515728],
      [0.39215294815, 0.14774940821, 0.13322003374, 0.3268776099],
      [0.18539635489, 0.039035857846, 0.53433835531, 0.24122943195],
      [0.76449506739, 0.13703002197, 0.076186732409, 0.022288178227]
    ]
  ],
  "expected_outcome": [
    [
      [1.4978528566, 0.86542363304, 1.762444537, 1.3007781584, 1.3691572523, 0.9239925627, 1.3686666908, 0.5679369787, 0.49298825704, 0.10813838892, 0.13513153542, 0.16647854566, 0.2196745388, 0.040942187054, 0.13038747046, 0.13601223383, 0.15879907331, 0.29161487303, 0.16361657927, 0.12046786235, 0.091432477761, 0.136296659, 0.13694422187, 0.23760685522, 0.087868365059, 0.33594279277, 0.24066849825, 0.1884694326, 0.12175793905, 0.315224708, 0.12953292384, 0.12735823842, 0.055318495032, 0.18510659867, 0.11639299686, 0.21088062294, 0.21613483799, 0.16262955342, 0.17321163016, 0.15256336338, 0.30318028974, 0.20259394751, 0.24355269268, 0.091811882066, 0.21742639173, 0.203554785, 0.20810446543, 0.072392368235, 0.27479068782, 0.21286331279],
      [8.2388245466, 10.2665769026, 13.8809440957, 13.7721995627, 11.2453090316, 12.4356527964, 11.9800146355, 9.8355776267, 3.8049051592, 1.7941404535, 1.4730292266, 1.1224135435, 1.0730898918, 0.35718637512, 0.7939730797, 1.7975867429, 2.0385176159, 1.2576878839, 1.5207648747, 0.73471043675, 0.68822978045, 1.4342681453, 1.6298463307, 2.8565351729, 0.56572513536, 2.4188517529, 1.7333722988, 1.7584822972, 0.8700048581, 1.6157061652, 1.4127977211, 1.0886810726, 0.9419974009, 1.9556099643, 1.4513444696, 2.5304904626, 0.82520920496, 2.0026069348, 2.0647383283, 1.0748164432, 2.838240861, 0.8776136018, 2.4836597336, 0.76808655112, 1.6739034685, 1.5911155468, 1.8571684592, 0.95029148257, 2.7673788588, 1.390479375],
      [23.0988967429, 26.7947754749, 24.4323058567, 31.9450103821, 21.4433869874, 24.3727851562, 21.6863549997, 24.20421562, 7.291359625, 4.1008838339, 2.249798745, 3.5925504925, 3.1095557677, 0.55432335123, 2.2669184555, 3.2646120776, 3.7149280304, 3.7852595913, 1.7796987051, 2.8579915826, 1.5707151327, 2.7177559954, 2.4097825582, 4.3572591612, 3.193433715, 3.0975083324, 4.6591088265, 2.7316926958, 3.6495522609, 3.4952668952, 2.5458930536, 2.6034399154, 2.4077330772, 3.5014569603, 2.2662408414, 2.8331054126, 3.1916123777, 4.6689365633, 4.0230892676, 2.2513611926, 5.804077117, 4.5529894417, 2.6194902072, 2.1558492995, 2.8759281127, 3.0761998417, 3.0678563337, 2.3644272849, 4.286069733, 6.1141939424],
      [24.1644258539, 20.0732239894, 20.9243055107, 22.9820118969, 31.9421467287, 20.2675694846, 23.964963674, 24.3922697746, 6.4107469587, 3.9968373236, 2.142040493, 2.1185574183, 2.5976798017, 1.0475480866, 2.8087209944, 2.8017889457, 3.0877552804, 5.6654376518, 2.535919841, 3.2868301183, 1.6496226091, 2.7116792003, 1.8234268892, 2.5485988107, 1.1529727846, 5.1476971219, 4.3668503764, 3.3213555744, 2.358684942, 3.5738022316, 2.9117763014, 2.1805207736, 1.5949510268, 4.3578264767, 2.1660216921, 4.4255235018, 2.7670435793, 3.1658269485, 5.738960774, 2.5212590008, 4.0545017323, 3.366803009, 2.6532973665, 1.9842522673, 3.232742027, 5.1291298264, 4.8668707417, 1.6128888643, 6.6717607203, 2.2824633699]
    ],
    [
      [1.6141245751, 0.48803183461, 0.71008381003, 0.38939102902, 0.50025796525, 0.59218418424, 1.1139639082, 0.49511240604, 5.560277933, 2.7313422193, 6.4715073025, 6.3278126764, 8.9396223682, 6.4796134467, 6.5484864073, 4.0820113838, 3.8747578618, 1.1333998639, 0.95906561845, 0.82499004841, 1.0826713042, 0.85494331338, 0.52485128056, 1.0494513693, 0.65221791306, 1.0813667964, 1.0075648603, 0.80768112288, 0.4371816227, 1.1413328507, 1.0019451738, 1.1574730605, 0.35696570497, 1.0167288273, 1.017485738, 0.73970071299, 0.80416453608, 0.79677415323, 0.54679598481, 0.60434485411, 0.30574374048, 0.81989767133, 0.9969718433, 0.68868037421, 0.65606869339, 0.75489840478, 1.4293181586, 0.70884598242, 0.94535750445, 0.38917350544],
      [1.3204441128, 0.75979369083, 0.70284054575, 0.60395732925, 0.59088818323, 1.1155222956, 1.3359993564, 0.88335869571, 6.0035824757, 6.6270250068, 9.6245538021, 6.0006397923, 6.0719834843, 8.0087080429, 5.3503154883, 7.4940792725, 6.9413706055, 0.71294492313, 1.2431004104, 0.70002086232, 1.1309686799, 1.2212598463, 0.86240789506, 1.7457510841, 0.61377317767, 1.0810332313, 1.0056657585, 1.046600531, 0.4427244505, 0.77840428017, 1.5160568479, 1.3781053315, 0.81955916745, 1.4997562461, 1.7689932257, 1.2984812275, 0.42489180043, 1.3723109443, 0.86802792382, 0.58944879343, 0.40123426447, 0.51598301875, 1.4354790725, 0.79158848613, 0.68852924199, 0.81071706443, 1.752275265, 1.2994147764, 1.2865557351, 0.37645696098],
      [8.303136325, 4.6566493414, 2.8144841891, 3.2601594643, 2.6451524749, 4.9773502782, 5.5945551844, 5.0142384312, 25.3550942108, 33.2162522229, 33.5938762187, 42.0831050592, 40.1887847952, 26.4207249718, 35.3765725078, 30.9027079581, 28.5795204562, 4.8858652112, 3.3264387019, 6.2427190935, 5.8657266791, 5.281452249, 2.9225160656, 6.0895269747, 7.8444801286, 3.1785757055, 6.1656710945, 3.7215909951, 4.2541405801, 3.8373959418, 6.2398375662, 7.4919657497, 4.8172422212, 6.0892108732, 6.3014680905, 3.3210250969, 3.7394295222, 7.2657422351, 3.8447374933, 2.8082309011, 1.875471005, 6.204192161, 3.4664497827, 5.0665754049, 2.7041126983, 3.5785230261, 6.5700782461, 7.4046820072, 4.5521655731, 3.7905623985],
      [2.7622949871, 1.0955251332, 0.7725914551, 0.74649217739, 1.2637013766, 1.314943242, 1.955481551, 1.607290467, 7.0810453805, 10.4253805511, 10.3100626768, 7.5884424721, 10.7996093523, 15.0909535386, 13.7246255967, 8.5212013856, 7.6043510765, 2.2677900018, 1.4713952692, 2.2322699958, 1.9206333368, 1.6423445913, 0.69022475879, 1.1152705719, 0.88952878064, 1.6590242668, 1.8210982868, 1.424127351, 0.8659533467, 1.2428669273, 2.2421604121, 1.9724558584, 1.0062329063, 2.3943040535, 1.9120529458, 1.6407929625, 1.0315141413, 1.5651726674, 1.7404385981, 0.99797545133, 0.41755099, 1.4599271489, 1.1010993015, 1.4531557348, 0.95128936629, 1.8558615047, 3.2483283303, 1.587057234, 2.2159211874, 0.44380713508]
    ],
    [
      [5.1572056124, 6.91409238, 7.7788103578, 3.1324928972, 5.8299961886, 7.6005782995, 4.1810786175, 4.4918154513, 9.3658011506, 10.1181277131, 7.2760271341, 7.4613431148, 3.5102774292, 6.6726567536, 8.4640798749, 6.1140881788, 21.5864361249, 51.2098037036, 54.7332596935, 43.509421631, 45.7044355006, 47.0466002552, 48.5014334017, 52.4194591492, 45.4923569375, 5.2116915695, 8.3102998902, 6.6221295737, 5.539123921, 7.1047509886, 5.569835339, 6.5258325288, 4.1490509125, 2.4002465469, 5.4778907231, 7.180801331, 5.2956960473, 9.0773484676, 6.2423894983, 5.9450543014, 4.059985505, 6.6858150684, 7.4957523095, 9.6848507055, 5.9565267761, 10.0609375487, 7.4847732271, 6.6338328117, 7.3776563795, 7.1830884966],
      [0.38443590436, 0.98539554216, 0.69888940646, 0.43622267699, 0.6233793013, 1.3145984181, 0.45556478126, 0.72776366944, 0.90586959351, 1.9634761967, 1.0412691113, 0.66997613833, 0.21952340119, 0.78161763767, 0.68175600434, 1.0659337552, 3.6358591881, 2.491789376, 7.0609082104, 3.3167511144, 4.7789572604, 6.6476664261, 7.5400773845, 8.2079588881, 4.3847155343, 0.49882286541, 0.79325629267, 0.82353255635, 0.54165837815, 0.46132018895, 0.80520041229, 0.74088066861, 0.90582424379, 0.33558076237, 0.91134813638, 1.2081267108, 0.26380580843, 1.4947566819, 0.94198923144, 0.55365784818, 0.50795114408, 0.41040735793, 1.0400479485, 1.0722924207, 0.60350827604, 1.0470415092, 0.87669823694, 1.1791775529, 0.96331490444, 0.68081038683],
      [0.41030174573, 1.0145616834, 0.47764315486, 0.39925906542, 0.47210920403, 0.99249201657, 0.32374159163, 0.70123390859, 0.66253317098, 1.7180348804, 0.6138961599, 0.8207889537, 0.2465515392, 0.4632403929, 0.75347702025, 0.74549340485, 2.5116926167, 3.7354175086, 2.5285645492, 5.5037750979, 4.0210689252, 4.744308955, 4.5711124553, 5.2753182573, 7.7373067095, 0.24076915669, 0.81308850315, 0.48821038298, 0.85297577787, 0.38196349075, 0.55508178056, 0.67192850004, 0.87303888108, 0.23247341777, 0.55181008578, 0.51696360445, 0.3994594861, 1.3237063675, 0.71173719796, 0.44599268371, 0.40250681408, 0.82451750138, 0.41521712986, 1.1225736927, 0.38938553526, 0.76118316272, 0.54467310544, 1.0964501361, 0.56394037198, 1.0961694524],
      [0.048056737475, 0.085950394482, 0.044657080881, 0.0320253604, 0.074515306029, 0.092331265772, 0.039615009599, 0.079186970696, 0.065796084898, 0.20036120975, 0.06880759475, 0.047891793138, 0.02364763041, 0.082485215862, 0.10068710054, 0.074484661181, 0.26601207038, 0.56298941185, 0.67726754694, 0.67005215674, 0.49553831377, 0.56142436369, 0.38737675851, 0.097263705437, 0.38562081873, 0.048716408385, 0.083355313973, 0.066127486989, 0.066241923001, 0.051965331688, 0.069882468142, 0.061358302521, 0.07208596267, 0.031699272927, 0.058951054716, 0.094108353789, 0.04103865813, 0.10418848291, 0.10388407232, 0.055295166719, 0.029556536873, 0.079260072277, 0.048982612151, 0.12028318118, 0.050579412611, 0.13083777941, 0.093855430526, 0.090539499237, 0.095088344053, 0.039931664155]
    ],
    [
      [2.2089017994, 0.84864903896, 3.0697584333, 3.0845299722, 1.7406311141, 2.2153882919, 1.7339566282, 1.6030736485, 3.678015491, 1.5321596494, 1.7080419261, 1.57093532, 1.7755238606, 4.5894039926, 2.8947885675, 3.730754046, 0, 1.7297144146, 3.6371160167, 1.6613518055, 4.1519769684, 3.77660798, 3.213250963, 1.5212370836, 2.4476518549, 24.2395204375, 18.4982246384, 20.6853307151, 20.3195326176, 24.8875020668, 17.4011551766, 17.7104006377, 15.7231412862, 5.717137142, 2.7579067634, 2.6044319726, 2.1792494029, 1.4645082099, 2.390556891, 4.0183799103, 3.6864315075, 2.8289032523, 4.8369031801, 2.4694979432, 4.9860829723, 2.9509836241, 2.7357385578, 2.1506382775, 3.2305169934, 4.3136824296],
      [0.6878532058, 0.5011097663, 1.1436301922, 1.8091702924, 0.78203534336, 1.592862431, 0.78669205643, 1.0870520486, 1.4407275345, 1.2113061225, 0.99913558217, 0.57271334331, 0.45452439233, 2.1900725109, 0.95307816193, 2.6477204898, 0, 0.4279615987, 1.8270232232, 0.55131855779, 1.6690574091, 2.0801846242, 2.047787065, 0.98168807772, 0.92593351846, 9.6843917096, 7.1879325961, 10.5228099209, 7.9062092336, 6.7800349585, 10.3546642282, 8.3041511485, 14.3867227475, 3.2729919336, 1.8593854465, 1.7733849497, 0.4436772086, 0.97128858092, 1.4658392585, 1.5146412156, 1.8710471324, 0.71277759018, 2.692523902, 1.0902984104, 2.0295836908, 1.2264261767, 1.2842643753, 1.5312839581, 1.6965606711, 1.6252434903],
      [0.40835708812, 0.29013387563, 0.43435703954, 0.91650503529, 0.33149478016, 0.66960811505, 0.31177415683, 0.58386362463, 0.59143711407, 0.59357503099, 0.32723493661, 0.39218320797, 0.28314625898, 0.71361794347, 0.58568186194, 1.0251787464, 0, 0.27248696056, 0.44363744261, 0.45608838236, 0.80584997078, 0.83689902722, 0.64459655667, 0.31735415542, 1.0743813141, 1.9349658069, 4.1242721648, 3.386780727, 6.5852640436, 3.182779545, 3.9868770429, 4.1287017373, 7.4145059643, 1.2415357355, 0.62327993978, 0.41890782237, 0.36858115476, 0.48312664275, 0.61970528442, 0.67561354917, 0.8192478447, 0.78244678777, 0.59740476329, 0.64216237779, 0.73037152322, 0.50300573702, 0.44854648475, 0.79565844674, 0.55599041815, 1.4654203712],
      [2.6948879067, 1.3601073191, 2.352254335, 4.1897947002, 3.1458387624, 3.5221411621, 2.1675771586, 3.7260106783, 3.2898198605, 3.6629591971, 1.9655875551, 1.4641681287, 1.486805488, 8.506905553, 4.5664514086, 5.5963467178, 0, 2.5698370261, 4.0922233175, 3.3312412544, 5.3731156517, 5.3063083685, 3.0943654153, 1.1797206832, 2.5520333125, 27.1411220459, 24.1895706007, 26.405078637, 29.1889941052, 20.1496834297, 28.2573035522, 21.8567464766, 33.4756300019, 9.7683351889, 3.7594278504, 4.2032752553, 2.0084922338, 2.0810765664, 5.5238985661, 4.791365325, 3.6232735154, 3.6758723697, 3.8731681546, 3.7980412686, 5.2539618137, 5.3195844622, 4.5314505822, 3.5224193176, 5.5169319173, 3.5956537089]
    ],
    [
      [1.5086438282, 1.9367589247, 3.0517076658, 0.83700180888, 1.0554621089, 0.93507129064, 1.6920316466, 1.2390526953, 2.0167777718, 0.83351335833, 1.698071323, 1.6909874471, 2.906532663, 2.0138791812, 0.93950037147, 1.4954269226, 1.2085842157, 1.4749105851, 1.7156740285, 1.828808663, 2.0582424573, 1.1259811546, 1.7697380018, 1.6254031561, 1.7013904751, 1.571675918, 1.5765858517, 1.7239638718, 1.4197211152, 3.8514315458, 1.2276499113, 1.7660258971, 0.46666181043, 7.4235352962, 10.6986496116, 10.6012767818, 16.9314503876, 8.388570376, 7.4905587863, 14.0237586531, 12.9616629097, 8.1931136384, 2.2216405517, 1.5437424494, 2.6787895826, 1.2812752556, 0.95804268957, 1.2753202107, 1.4805572854, 1.8539635489],
      [0.26055236626, 0.64890537033, 0.63703835858, 0.27417009018, 0.26560230271, 0.37216437569, 0.42958915584, 0.47104827722, 0.44090489688, 0.36619336819, 0.54418316544, 0.34304625261, 0.41172824741, 0.53728917578, 0.17055329214, 0.58237118069, 0.45512348412, 0.19311669536, 0.47269102395, 0.32043320423, 0.45866737673, 0.33988297987, 0.6136876889, 0.57118235308, 0.35307436121, 0.33421150718, 0.33424571104, 0.47488717842, 0.30595904429, 0.56355652791, 0.3935664833, 0.44705962746, 0.22487086546, 2.518982112, 3.8612848464, 3.7889998526, 1.3436085602, 3.2960212187, 2.9353034218, 3.1886567369, 3.8275256061, 0.49043556684, 0.67569172676, 0.37867603169, 0.60484125594, 0.29488101558, 0.24799329718, 0.49663922868, 0.43094068778, 0.39035857846],
      [2.3132505364, 5.5023563928, 3.5886106178, 2.0826785919, 1.6629926813, 2.3446599, 2.5278417783, 3.741121669, 2.6942660243, 2.6685116902, 2.6818540098, 3.4895087005, 3.8314969076, 2.5849347485, 1.5616128996, 3.4029013199, 2.6669691922, 1.9039811418, 1.7705924028, 4.1324959017, 3.3031348794, 2.0579431849, 2.9365931577, 2.8152969499, 6.2216760764, 1.3646241163, 2.8563987318, 2.3518106159, 4.0830850417, 3.8398409776, 2.2608599553, 3.3760370454, 1.840110322, 13.28393629, 19.7488733262, 13.5161490481, 23.882437114, 22.6112509758, 16.2864274793, 19.4780807445, 23.6167770271, 18.0112428078, 2.2967552389, 3.3518034403, 3.2742831839, 1.8009992121, 1.3026790764, 3.9600079278, 2.1169164963, 5.3433835531],
      [2.9175532692, 4.9119793122, 3.7226433579, 1.8061495091, 3.0159429071, 2.3481044336, 3.3505374192, 4.5487773585, 2.848051307, 3.1317815833, 3.0758915018, 2.4764575998, 3.8502421819, 5.8638968945, 2.3283334367, 3.5193005768, 2.669323108, 3.4279915777, 3.0410425447, 5.7182622311, 4.1799552865, 2.4761926806, 2.6799811516, 1.988117541, 2.7238590873, 2.7294884586, 3.2327697054, 3.4493383339, 3.1912347988, 4.7451709487, 3.11792365, 3.41087743, 1.4683570021, 19.7735463018, 22.6911922158, 26.0935743175, 24.8425039383, 18.7041574295, 27.2877103126, 26.3095038655, 19.5940344571, 16.305207987, 2.8059124826, 3.7257780787, 4.4420859775, 3.6228445168, 2.4912849369, 3.2680326328, 3.9715855306, 2.4122943195]
    ],
    [
      [8.0132713283, 6.9470441887, 5.6271951961, 4.2558061344, 7.5044953708, 6.732785371, 9.9103025087, 6.6030088202, 7.8861393966, 5.676718671, 8.7112207789, 7.782442896, 6.6483691401, 5.2035044388, 7.0227573084, 7.441707235, 6.1714227243, 8.1605565598, 3.7912680635, 9.0549599897, 6.9112412918, 5.0595706378, 7.853782131, 2.1468423866, 6.6185144544, 5.5598024858, 5.3666562611, 5.9724252839, 5.1626827845, 6.69975784, 5.6698814754, 9.7129096374, 4.2488617909, 9.257245589, 6.931674167, 7.6629085787, 7.5733047881, 6.1101692397, 6.1564872095, 6.2558989177, 6.6829960477, 18.2696764221, 42.2051794227, 42.5214166456, 43.5051055839, 40.7483503818, 40.1840229015, 38.1589703494, 35.6911211494, 42.0472287066],
      [1.1078898642, 1.8382187278, 0.93665740132, 1.1042800485, 1.4927858378, 2.1691996832, 2.0121400145, 1.9951996823, 1.4040103403, 2.0378588522, 2.3178291125, 1.29121093, 0.76915058295, 1.1251262576, 1.0503239736, 2.4123085589, 1.9291291064, 0.91649952296, 0.87551225738, 1.3767658245, 1.2741194934, 1.2767379782, 2.3061936358, 0.63688442416, 1.1567782729, 0.98268893361, 0.94552734294, 1.3736875162, 0.93344403538, 0.80097787927, 1.5177143071, 2.0411221514, 1.7210255749, 2.4170789817, 2.1476438755, 2.4005167967, 0.6988074174, 1.8630156394, 1.7241018361, 1.0787789628, 1.5540009919, 1.9927828645, 10.6725976166, 8.8990581, 8.3996340667, 8.0298186873, 8.9816003664, 12.5431930014, 8.8552491427, 7.5366512084],
