{
  "Z_true": {},
  "V_true": [
    [69, 1244, 70, 509, 15],
    [94, 136, 1269, 593, 68],
    [100, 146, 4585, 438, 109],
    [1072, 1385, 426, 17453, 291],
    [122, 449, 907, 824, 112],
    [573, 105, 264, 571, 126]
  ],
  "p_true": [
    [0.0362, 0.6523, 0.0367, 0.2669, 0.0079],
    [0.0435, 0.063, 0.5875, 0.2745, 0.0315],
    [0.0186, 0.0271, 0.8525, 0.0814, 0.0203],
    [0.052, 0.0671, 0.0207, 0.8461, 0.0141],
    [0.0505, 0.186, 0.3757, 0.3413, 0.0464],
    [0.3496, 0.0641, 0.1611, 0.3484, 0.0769]
  ],
  "Z_est": [
    [
      [0.0123, 0.0266, 0.055, 0.0017, 0.4486, 0.2634, 0.3114, 0.2394, 0.149, 0.7021, 0.0101, 0.0039, 0.1734, 0.1122, 0.2225, 0.3153, 0.0254, 0.163, 1.4587, 0.089, 0.1375, 0.0952, 0.2883, 0.4189, 0.4594, 0.2158, 0.3694, 0.0374, 0.9098, 0, 0, 2.0351, 0.1815, 0.3963, 0.0911],
      [1.4801, 3.6241, 21.7956, 0.9852, 63.4956, 51.647, 52.4566, 45.0579, 28.331, 5.5553, 1.6659, 0.6385, 23.7763, 22.9666, 49.1719, 70.302, 5.6799, 34.9864, 3.1486, 15.7587, 32.8537, 12.8624, 43.2542, 70.8747, 80.3009, 36.0701, 65.5888, 20.9589, 60.9284, 0, 1.4482, 438.604, 29.9441, 68.031, 19.2935],
      [0.0082, 0.3001, 0.4, 0.0041, 2.1048, 2.1639, 2.0573, 0.2206, 0.8778, 0.586, 0.0082, 0.1805, 1.1749, 1.2358, 2.0853, 3.6693, 0.0286, 1.2024, 0.2787, 2.4382, 1.4459, 1.7868, 1.3399, 0.9022, 5.0473, 0.1757, 7.887, 1.5941, 2.4627, 0, 0.0384, 22.7445, 3.4984, 6.2458, 4.4439],
      [0.0179, 2.6113, 0.3732, 0.0089, 0.6975, 1.125, 0.6973, 0.4829, 0.313, 0.1565, 0.0179, 0.1771, 0.2683, 0.6632, 1.6046, 2.6721, 0.0626, 0.4484, 0.114, 0.5742, 3.2921, 0.161, 0.4739, 0.7601, 5.733, 0.3845, 3.9895, 1.3757, 2.675, 0, 0.5135, 28.9529, 1.5659, 2.9759, 0.9883],
      [0.4815, 0.4379, 1.3761, 0, 11.2536, 8.8007, 9.4774, 7.9992, 5.3291, 0, 0.298, 0, 4.6072, 4.0222, 8.9157, 13.0414, 1.2035, 6.1998, 0, 3.14, 3.2709, 3.0947, 7.6437, 12.044, 15.4593, 6.1539, 14.1654, 4.0339, 11.0241, 0, 0, 80.6635, 5.81, 13.351, 2.1833]
    ],
    [
      [0.1448, 0.2612, 0.6373, 0.1448, 3.8357, 3.6585, 5.1372, 3.1187, 2.067, 0.3093, 0.186, 0.113, 1.3608, 2.5431, 2.5899, 5.7863, 0.2393, 2.2439, 0.1592, 1.3522, 1.4176, 1.5472, 3.5423, 4.3087, 5.2846, 3.7318, 3.6489, 0.0516, 3.7876, 0, 0, 21.2394, 3.5124, 8.9064, 3.9078],
      [0.3366, 0.6158, 2.8139, 0.2856, 6.5265, 5.471, 5.9869, 5.0274, 4.8244, 0.7338, 0.6904, 0.0345, 2.3436, 2.5121, 4.8392, 7.4105, 0.6218, 3.6719, 0.1659, 1.5091, 3.179, 1.3579, 4.7596, 7.5221, 7.6569, 4.3949, 5.6155, 2.006, 6.0369, 0, 0.1594, 40.6885, 3.235, 7.8502, 2.5607],
      [1.361, 0.3966, 5.8668, 1.5594, 38.3488, 39.6805, 47.233, 34.5041, 18.5381, 1.7707, 1.5723, 1.6746, 15.0257, 21.0355, 27.2881, 57.6812, 2.776, 20.3355, 0.8853, 18.2341, 16.7173, 21.0999, 40.5573, 45.7761, 61.0674, 45.3947, 46.0199, 18.0394, 36.8444, 1.1749, 0.5766, 258.2694, 37.5491, 92.1213, 46.1757],
      [1.065, 5.5105, 4.2503, 1.0102, 25.9143, 29.1596, 48.2504, 21.3143, 17.2135, 1.1862, 1.4273, 1.1779, 7.4372, 17.0649, 18.5866, 48.3287, 1.2087, 20.2683, 0.7895, 7.0103, 7.7609, 7.9772, 22.8586, 28.6483, 33.5679, 24.0114, 18.3718, 8.3821, 29.8946, 1.8251, 3.2641, 113.9863, 29.895, 79.1391, 34.3558],
      [0.0925, 0.2159, 0.4318, 0, 2.3747, 0.0304, 3.3924, 2.0355, 1.357, 0, 0.1239, 0, 0.8327, 0.8445, 1.6962, 3.7933, 0.1542, 1.4803, 0, 0.8944, 0.9252, 1.0177, 2.2822, 2.7448, 3.4233, 2.4672, 2.3439, 1.5209, 2.4364, 0, 0, 13.8164, 1.8085, 5.983, 0]
    ],
    [
      [0.1753, 0.2194, 0.3587, 0.2073, 6.3005, 3.1613, 8.81, 3.3883, 3.8171, 0.1666, 0.1445, 0.0482, 3.0177, 1.401, 2.8065, 3.9501, 1.1658, 1.8572, 0.1329, 1.5375, 1.459, 2.0355, 4.5078, 5.9889, 6.4608, 3.884, 5.4121, 0.6215, 4.3707, 0, 0, 25.562, 2.7975, 6.0151, 0.9983],
      [0.0666, 0.0904, 1.9889, 0.3924, 2.4975, 1.4891, 4.3821, 2.1687, 3.1756, 0.1066, 0.2146, 0.0014, 1.1999, 0.8517, 4.2816, 2.9362, 0.2608, 1.7362, 0.0533, 1.4744, 1.2442, 0.6714, 2.7249, 7.1884, 4.2038, 3.5877, 4.1643, 1.4941, 1.8927, 0, 0.028, 18.5218, 2.0779, 4.4502, 0.6028],
      [4.0159, 4.8576, 20.0056, 7.5287, 173.2716, 102.1076, 103.4336, 157.1722, 36.6968, 7.0652, 5.0387, 1.9096, 83.381, 60.837, 120.515, 211.6045, 17.33, 55.4089, 3.4431, 107.3916, 85.9742, 151.2154, 200.5472, 215.1911, 304.0207, 243.4043, 297.1095, 104.1125, 131.0313, 3.7041, 1.8921, 1327.123, 155.5974, 335.248, 43.2111],
      [0.102, 1.7702, 1.4596, 0.8716, 6.7445, 2.2432, 2.4675, 3.4273, 2.5638, 0.6616, 0.5319, 0.0408, 5.1544, 1.4108, 6.7201, 5.9014, 0.7802, 7.8473, 0.3707, 8.9395, 5.8232, 12.7336, 6.6257, 26.4839, 14.1946, 14.0766, 23.3799, 12.9277, 2.8958, 0.2959, 0.0799, 52.4208, 5.6533, 7.2598, 0.9381],
      [0.6403, 0.0624, 0.1873, 0, 2.1859, 0.9988, 1.9068, 1.8436, 4.7467, 0, 0.0703, 0, 1.247, 0.4994, 1.6767, 2.6077, 0.4632, 1.1505, 0, 0.6569, 0.4994, 1.3442, 1.5945, 2.1477, 3.1201, 1.0474, 3.9343, 0.8442, 1.8095, 0, 0, 13.3725, 0.874, 3.0267, 0.2497]
    ],
    [
      [0.7651, 0.6555, 1.0801, 0.7436, 42.9218, 19.6057, 22.5558, 17.6645, 15.7561, 0.9139, 0.4826, 0.1092, 15.872, 11.3657, 13.0115, 20.9822, 2.9366, 10.5891, 1.2486, 9.6344, 3.2774, 7.1875, 28.201, 31.7578, 24.2413, 12.6367, 19.5435, 1.8572, 40.2282, 0, 0, 120.1425, 7.2271, 22.5559, 3.3992],
      [1.4988, 0.187, 20.2664, 1.0315, 48.663, 39.6509, 36.5432, 37.266, 26.1193, 1.0342, 2.1664, 0.0374, 14.7804, 14.4931, 32.3456, 46.3431, 5.8967, 25.7794, 0.1496, 4.1977, 23.5751, 0.9726, 26.3397, 49.2636, 38.2936, 23.836, 20.2578, 8.4616, 40.1321, 0, 0.7435, 246.4824, 9.8818, 27.15, 7.7441],
      [0.1477, 0.1108, 0.5539, 0.2031, 24.9674, 21.8511, 5.9085, 16.8907, 1.3478, 0.2775, 0.1292, 0.2454, 2.1048, 3.7339, 3.3604, 10.9847, 1.2204, 1.8833, 0.0923, 9.3233, 2.6347, 9.4432, 15.3182, 5.8899, 33.8801, 19.5433, 25.4678, 2.7141, 7.7031, 0.0923, 0.0554, 87.3382, 20.425, 43.5475, 9.6179],
      [28.1999, 51.8179, 71.4133, 22.0217, 846.39, 892.2318, 772.2997, 457.1205, 568.988, 17.7744, 39.8596, 13.608, 298.2652, 473.577, 430.2167, 969.6833, 77.8052, 568.5025, 20.5095, 161.2903, 311.6826, 207.5542, 429.7937, 861.851, 903.6027, 502.3236, 574.9835, 189.714, 925.364, 12.9077, 27.2011, 5177.0653, 388.2632, 949.1648, 331.3237],
      [3.3885, 0.2288, 0.6863, 0, 10.0577, 3.6604, 9.6927, 11.0582, 6.7888, 0, 0.3622, 0, 8.9777, 1.8302, 9.0658, 14.0067, 5.1411, 6.2458, 0, 2.5542, 1.8302, 10.8424, 6.3474, 7.2377, 14.9822, 3.6604, 29.7473, 3.2531, 7.5726, 0, 0, 53.9717, 3.2029, 13.5818, 0.9151]
    ],
    [
      [0.0008, 0, 0.0012, 0.0008, 0.0282, 0.0141, 0.0181, 0.0139, 0.0083, 0.0009, 0, 0.0002, 0.011, 2.4917, 0.011, 0.0154, 0.7563, 0.0085, 0.0006, 2.054, 0.0065, 0.0063, 0.0186, 0.0255, 0.0255, 0.0136, 0.0198, 0.0033, 0.02, 0, 0, 0.1023, 0.0103, 0.0226, 0.0041],
      [1.2677, 0.4826, 1.6974, 0.955, 27.0107, 24.1014, 23.9397, 24.8394, 15.6233, 0.4825, 0, 0.2006, 11.0472, 13.1258, 23.5966, 33.7178, 3.4533, 18.0241, 0.4825, 8.1845, 16.171, 8.1218, 25.3178, 37.9574, 36.1252, 22.0328, 28.5808, 10.9779, 29.1065, 0, 0.3633, 219.6426, 13.4832, 33.5507, 7.573],
      [2.4212, 0.3005, 3.0016, 1.6415, 16.8292, 22.1114, 18.3445, 34.5056, 15.5383, 0.3005, 0, 0.9307, 11.6582, 24.1571, 27.7065, 44.0575, 4.645, 22.584, 0.3005, 17.6122, 19.4987, 22.3943, 43.4985, 49.4078, 50.0282, 40.4685, 47.0711, 19.6967, 34.9553, 0, 0.4204, 319.8942, 22.5471, 59.7395, 8.0938],
      [1.3061, 0.216, 1.2962, 1.4026, 12.0981, 12.7462, 11.666, 20.6024, 10.8064, 0.216, 0, 0.8684, 6.2651, 15.2212, 16.652, 25.1577, 3.138, 16.3566, 0.2163, 10.1333, 12.3195, 16.4534, 34.1219, 34.5559, 23.7641, 25.4492, 24.2675, 15.3019, 23.877, 0, 0.2164, 255.0158, 9.9377, 33.6258, 4.3207],
      [0.0042, 0.0008, 0.0035, 0, 0.0339, 0.0269, 0.0317, 0.0387, 0.0237, 0, 0, 0, 0.0186, 0.0043, 0.0339, 0.0517, 0.0075, 0.0268, 0, 0.0161, 0.0043, 0.0242, 0.0432, 0.0534, 0.0571, 0.0359, 0.0609, 0.0202, 0.0412, 0, 0, 0.3451, 0.0217, 0.0613, 0.0083]
    ],
    [
      [2.9017, 4.8374, 3.8677, 2.9017, 88.4653, 42.297, 53.1674, 41.5752, 18.2024, 0.9071, 2.1768, 0.7254, 34.5652, 10.0863, 33.3586, 40.9507, 0.8767, 25.1383, 0, 8.333, 23.702, 18.1283, 52.442, 80.5002, 87.5284, 43.5181, 66.0063, 14.429, 47.6836, 0, 0, 301.9186, 36.2712, 70.1037, 11.5995],
      [0.3502, 0, 0.4378, 0.3502, 9.8067, 4.6407, 5.6914, 4.6407, 1.9263, 0.0876, 0.2627, 0.0876, 3.8526, 1.0507, 3.7651, 4.2904, 0.0876, 2.8019, 0, 0.8756, 2.977, 2.0139, 5.6038, 9.1938, 10.4196, 5.0785, 7.7928, 2.1014, 4.9033, 0, 0.2577, 34.0607, 4.378, 7.9679, 1.2258],
      [0.046, 0.0344, 0.1721, 0.0632, 1.4782, 1.0854, 1.0231, 1.7068, 0.0013, 0.0001, 0.2515, 0.0592, 0.6554, 0.0007, 1.0448, 0.0028, 0.0001, 0.586, 0, 0.0006, 0.7293, 1.0605, 1.7389, 1.8329, 3.9563, 2.0135, 2.4448, 0.8432, 0.0032, 0.0287, 0.0172, 11.6308, 1.3831, 3.0978, 0.4577],
      [0.3091, 2.0741, 0.2074, 0.6848, 7.1556, 2.4942, 1.6191, 2.0525, 0.1153, 0.0052, 0.1633, 0.1278, 2.6099, 0.0629, 2.22, 0.2569, 0.0052, 1.5769, 0, 0.0524, 5.1217, 0.1206, 1.1262, 8.7007, 11.1377, 4.7548, 7.0078, 5.2986, 0.2936, 0.9713, 0.7251, 19.559, 5.6849, 4.8345, 0.0734],
      [0.393, 0.0542, 0.315, 0, 5.0942, 2.4828, 3.499, 3.0248, 1.7547, 0, 0.1456, 0, 2.3169, 0.7994, 2.6116, 3.4992, 0.0305, 1.8969, 0, 0.7385, 1.47, 1.6768, 3.0891, 4.7724, 5.958, 2.6352, 5.7483, 1.3278, 3.1163, 0, 0, 21.8309, 2.2829, 4.9962, 0.6436]
    ]
  ],
  "V_est": [
    [10.4188, 1483.5364, 80.637, 66.927, 265.4809],
    [100.7746, 153.4442, 1123.1505, 722.1118, 60.5189],
    [112.7791, 82.2201, 4882.3961, 245.7971, 54.8076],
    [531.1493, 881.5835, 389.007, 18574.3699, 250.8903],
    [5.7134, 721.2359, 1006.36, 679.592, 1.0987],
    [1269.1649, 142.9799, 39.4494, 99.2023, 88.2036]
  ],
  "p_est": [
    [0.0055, 0.7779, 0.0423, 0.0351, 0.1392],
    [0.0467, 0.071, 0.52, 0.3343, 0.028],
    [0.021, 0.0153, 0.9078, 0.0457, 0.0102],
    [0.0258, 0.0427, 0.0189, 0.9005, 0.0122],
    [0.0024, 0.2988, 0.4169, 0.2815, 0.0005],
    [0.7744, 0.0872, 0.0241, 0.0605, 0.0538]
  ],
  "EI_Z": {},
  "EI_V": 9.3517,
  "MAE_Z": {},
  "MAE_V": 212.7514,
  "MAE_p": 0.0698,
  "runtime": 1.1218
}
