{
  "Z_true": {},
  "V_true": [
    [1082, 1561, 754, 177],
    [423, 6627, 698, 373],
    [213, 406, 15959, 544],
    [61, 675, 443, 669],
    [111, 260, 1054, 734]
  ],
  "p_true": [
    [0.3027, 0.4368, 0.211, 0.0495],
    [0.0521, 0.816, 0.086, 0.0459],
    [0.0124, 0.0237, 0.9321, 0.0318],
    [0.033, 0.3653, 0.2397, 0.362],
    [0.0514, 0.1204, 0.4882, 0.34]
  ],
  "Z_est": {},
  "V_est": [
    [1540.2301, 1677.5392, 356.2307, 0],
    [0, 7507.9179, 0, 613.0821],
    [0, 0, 17122, 0],
    [111.6001, 343.5429, 193.2814, 1199.5756],
    [238.1699, 0, 1236.4879, 684.3423]
  ],
  "p_est": [
    [0.431, 0.4694, 0.0997, 0],
    [0, 0.9245, 0, 0.0755],
    [0, 0, 1, 0],
    [0.0604, 0.1859, 0.1046, 0.6491],
    [0.1103, 0, 0.5727, 0.317]
  ],
  "EI_Z": {},
  "EI_V": 11.4234,
  "MAE_Z": {},
  "MAE_V": 374.9603,
  "MAE_p": 0.0825,
  "runtime": 0.0063
}
