{
  "X": [
    [1, 8, 16, 1],
    [4, 12, 13, 2],
    [7, 130, 263, 45],
    [43, 313, 557, 62],
    [2, 9, 3, 2],
    [34, 277, 454, 33],
    [2, 12, 3, 1],
    [14, 179, 333, 25],
    [7, 82, 256, 23],
    [46, 509, 467, 37],
    [36, 566, 431, 47],
    [21, 310, 199, 29],
    [29, 479, 380, 47],
    [39, 383, 462, 35],
    [39, 868, 657, 88],
    [20, 226, 391, 48],
    [1, 8, 8, 2],
    [54, 577, 640, 67],
    [33, 350, 347, 41],
    [75, 398, 656, 54],
    [25, 154, 150, 22],
    [28, 205, 230, 28],
    [5, 23, 37, 2],
    [19, 203, 187, 17],
    [12, 86, 125, 10],
    [16, 75, 160, 12],
    [38, 446, 505, 37],
    [17, 73, 128, 17],
    [31, 125, 240, 17],
    [19, 122, 165, 15],
    [8, 242, 190, 32],
    [30, 277, 406, 32],
    [28, 512, 570, 36],
    [37, 236, 400, 39],
    [13, 112, 152, 7],
    [4, 14, 15, 1],
    [14, 144, 231, 21],
    [33, 219, 381, 31],
    [17, 91, 251, 23],
    [22, 115, 419, 31],
    [19, 218, 300, 32],
    [58, 415, 605, 57],
    [16, 98, 209, 26],
    [57, 437, 565, 45],
    [15, 141, 327, 25],
    [7, 76, 25, 3],
    [116, 1441, 1408, 150],
    [24, 99, 201, 15],
    [22, 189, 216, 20],
    [201, 827, 1077, 112],
    [27, 129, 114, 14]
  ],
  "W": [
    [1, 6, 8, 11, 0, 0],
    [0, 1, 13, 15, 2, 0],
    [13, 40, 191, 154, 29, 18],
    [28, 68, 415, 338, 82, 44],
    [0, 3, 2, 9, 0, 2],
    [27, 50, 318, 309, 71, 23],
    [0, 1, 0, 14, 3, 0],
    [15, 42, 232, 208, 40, 14],
    [11, 12, 214, 93, 26, 12],
    [31, 151, 262, 551, 36, 28],
    [31, 107, 238, 606, 59, 39],
    [13, 72, 103, 339, 18, 14],
    [43, 103, 213, 498, 47, 31],
    [28, 126, 274, 420, 38, 33],
    [84, 102, 398, 955, 70, 43],
    [25, 52, 293, 251, 39, 25],
    [1, 2, 7, 8, 0, 1],
    [45, 102, 457, 612, 79, 43],
    [17, 55, 227, 391, 57, 24],
    [35, 157, 418, 455, 70, 48],
    [10, 41, 103, 164, 19, 14],
    [19, 58, 150, 222, 23, 19],
    [1, 19, 22, 23, 0, 2],
    [9, 61, 105, 225, 15, 11],
    [7, 22, 89, 92, 13, 10],
    [8, 28, 113, 90, 20, 4],
    [24, 124, 305, 479, 50, 44],
    [14, 18, 105, 80, 13, 5],
    [6, 86, 144, 147, 17, 13],
    [13, 33, 105, 140, 15, 15],
    [22, 29, 115, 264, 19, 23],
    [26, 89, 247, 324, 39, 20],
    [32, 113, 343, 563, 69, 26],
    [21, 60, 290, 260, 58, 23],
    [9, 35, 97, 121, 16, 6],
    [2, 6, 7, 17, 1, 1],
    [15, 40, 163, 154, 27, 11],
    [18, 71, 264, 250, 42, 19],
    [7, 28, 200, 102, 30, 15],
    [24, 62, 317, 124, 35, 25],
    [28, 49, 194, 248, 31, 19],
    [37, 114, 413, 446, 76, 49],
    [15, 48, 127, 113, 28, 18],
    [26, 142, 342, 479, 81, 34],
    [14, 27, 258, 144, 47, 18],
    [4, 4, 17, 77, 6, 3],
    [75, 278, 998, 1503, 154, 107],
    [3, 83, 115, 114, 8, 16],
    [8, 51, 149, 200, 28, 11],
    [46, 298, 772, 903, 100, 98],
    [1, 59, 60, 143, 6, 15]
  ],
  "method": "mvn_cdf",
  "mvncdf_method": "genz",
  "mvncdf_samples": 5000,
  "mvncdf_error": 1e-06,
  "cond_prob": [
    [
      [0.019254376247, 0.015270273581, 0.6555598425, 0.30991550768],
      [0.11735587499, 0.012328129571, 0.81975394639, 0.05056204905],
      [0.00023299936072, 0.0036984355469, 0.9850279899, 0.011040575192],
      [0.024976943539, 0.71647031497, 0.23142659636, 0.027126145135],
      [0.10035169944, 0.016174857825, 0.8015537516, 0.081919691137],
      [0.28157047402, 0.010153030885, 0.41289511382, 0.29538138127]
    ],
    [
      [0.7178850917, 0.00035596055021, 0.0067921310519, 0.2749668167],
      [0.99981693996, 2.3422446422e-06, 6.6436626481e-05, 0.00011428116773],
      [0.077040884177, 0.0051679456713, 0.77406321666, 0.14372795349],
      [0, 0.79551992053, 0.19578509673, 0.0086949827444],
      [0.99932578287, 7.7780626752e-06, 0.00016764791543, 0.00049879115309],
      [0.99999492533, 8.257634454e-08, 1.4826701971e-06, 3.5094267211e-06]
    ],
    [
      [0.010564988562, 0.021053777368, 0.31221275272, 0.65616848135],
      [0.055769696328, 0.028084528179, 0.6883538227, 0.22779195279],
      [0, 0.015800749847, 0.9563967351, 0.027802515057],
      [0, 0.80760963672, 0.18692869887, 0.0054616644156],
      [0.079165728137, 0.033184126536, 0.56407928758, 0.32357085774],
      [0.12978117664, 0.013930712336, 0.19944366322, 0.6568444478]
    ],
    [
      [0.030686021033, 0.052608687182, 0.47324517205, 0.44346011974],
      [0.19878469294, 0.046857112579, 0.649678617, 0.10467957748],
      [0.0011395919937, 0.01692181728, 0.9531031796, 0.028835411129],
      [0.00056196600264, 0.87309978208, 0.12467401923, 0.0016642326879],
      [0.16594559439, 0.0596292979, 0.61483832997, 0.15958677774],
      [0.32620496285, 0.030017958199, 0.26083200312, 0.38294507584]
    ],
    [
      [0.019557168593, 0.015140519171, 0.076392105257, 0.88891020698],
      [0.38638133826, 0.090965053499, 0.33526134869, 0.18739225956],
      [0.0011158757966, 0.026660760799, 0.89240325609, 0.079820107319],
      [0.026679757402, 0.9614474554, 0.011872787202, 0],
      [0.2866643451, 0.050118959417, 0.28977933924, 0.37343735624],
      [0.2992532085, 0.010378109672, 0.051277178477, 0.63909150335]
    ],
    [
      [0.037554660281, 0.053697468813, 0.5687381796, 0.34000969131],
      [0.21153515589, 0.041488557813, 0.67735351174, 0.069622774556],
      [0.0015297041809, 0.01528051501, 0.9651261245, 0.018063656308],
      [0.00065829239225, 0.85469077637, 0.14342920645, 0.001221724786],
      [0.18078128294, 0.054069465265, 0.65646586801, 0.10868338379],
      [0.38625813089, 0.029484989002, 0.30163411083, 0.28262276927]
    ],
    [
      [0.037728992723, 0.0057172204045, 0.074112161594, 0.88244162528],
      [0.73997699325, 0.0094028619149, 0.1909286112, 0.059691533633],
      [0.0023692607158, 0.011251360537, 0.9478170908, 0.038562287948],
      [0, 0.85336098067, 0.11791525905, 0.02872376028],
      [0.42000766892, 0.014514469575, 0.38608592069, 0.17939194082],
      [0.83038098726, 0.0034552944264, 0.043655268239, 0.12250845008]
    ],
    [
      [0.022147031288, 0.041532376741, 0.56432442598, 0.37199616599],
      [0.1266029575, 0.03547407312, 0.74310537068, 0.094817598702],
      [0, 0.01541860303, 0.96347086796, 0.021110529007],
      [0, 0.82267506016, 0.17568661984, 0.0016383199959],
      [0.11596335583, 0.045553175733, 0.70957055329, 0.12891291515],
      [0.2651382916, 0.026531988013, 0.34813054398, 0.36019917641]
    ],
    [
      [0.018629686036, 0.036661767646, 0.48394218764, 0.46076635868],
      [0.13075238705, 0.035282076643, 0.71818602522, 0.11577951109],
      [0, 0.011777527811, 0.95837715893, 0.02984531326],
      [0, 0.82895919808, 0.16880200859, 0.0022387933318],
      [0.096551046979, 0.049103619138, 0.67923075607, 0.17511457781],
      [0.22630979897, 0.023587097157, 0.30059209714, 0.44951100674]
    ],
    [
      [0.033102487424, 0.072413068543, 0.56705669619, 0.32742774784],
      [0.18895206819, 0.056838369393, 0.68602795418, 0.068181608238],
      [0.00048265776476, 0.019954113601, 0.96147538734, 0.018087841299],
      [0.0010395083858, 0.88770628473, 0.11125420688, 0],
      [0.16044006408, 0.073562403528, 0.66031016395, 0.10568736844],
      [0.3559640297, 0.041793354191, 0.31615128436, 0.28609133175]
    ],
    [
      [0.025282358473, 0.076145210998, 0.53393298842, 0.36463944211],
      [0.15104039903, 0.064938501, 0.69774351948, 0.086277580495],
      [0, 0.022549848572, 0.95584864282, 0.021601508606],
      [0, 0.89872213096, 0.10029992731, 0.0009779417288],
      [0.13035888189, 0.082364411436, 0.66200651058, 0.1252701961],
      [0.29137820924, 0.047156493683, 0.31942060795, 0.34204468912]
    ],
    [
      [0.026083394625, 0.054737181365, 0.41920295396, 0.49997647005],
      [0.18600245611, 0.053568577942, 0.63247187872, 0.12795708724],
      [0.00050244508148, 0.020000503598, 0.94436851382, 0.035128537503],
      [0.0013498667553, 0.89001663294, 0.10863350031, 0],
      [0.15253713624, 0.067009172241, 0.5882882356, 0.19216545592],
      [0.28669385032, 0.032115963815, 0.23760604022, 0.44358414564]
    ],
    [
      [0.023076724839, 0.087896184528, 0.52331413956, 0.36571295107],
      [0.13500477199, 0.078839870707, 0.695893115, 0.090262242299],
      [0, 0.026338899701, 0.95166104186, 0.02200005844],
      [0, 0.91413982527, 0.084998921702, 0.00086125303055],
      [0.12037215711, 0.096179676266, 0.65638137274, 0.12706679388],
      [0.27241025587, 0.055732063819, 0.32055844232, 0.35129923799]
    ],
    [
      [0.029701343893, 0.064656403027, 0.58912922364, 0.31651302944],
      [0.1696767909, 0.050804292066, 0.71353707174, 0.065981845291],
      [0.00041850521635, 0.017217771435, 0.96615660923, 0.016207114121],
      [0.00055632375083, 0.87211658025, 0.127327096, 0],
      [0.14424021933, 0.065827291832, 0.68754183453, 0.10239065432],
      [0.33211005996, 0.038794234777, 0.34144938599, 0.28764631927]
    ],
    [
      [0.024060264522, 0.059535305584, 0.48390806234, 0.43249636756],
      [0.1559500433, 0.054373886759, 0.68479330609, 0.10488276386],
      [0, 0.019055089957, 0.95271818449, 0.028226725555],
      [0, 0.88323289176, 0.11536137536, 0.0014057328819],
      [0.13237963063, 0.068711944114, 0.64015600487, 0.15875242039],
      [0.27454556324, 0.036551729371, 0.28697521642, 0.40192749097]
    ],
    [
      [0.021837586979, 0.042863073163, 0.43851883967, 0.49678050019],
      [0.15670985585, 0.042493980134, 0.67095114648, 0.12984501753],
      [0, 0.015074149263, 0.9538067742, 0.031119076532],
      [0, 0.8588484853, 0.13892943074, 0.00222208396],
      [0.12915523865, 0.053129664998, 0.623055644, 0.19465945235],
      [0.25072374056, 0.02635934902, 0.26046909266, 0.46244781776]
    ],
    [
      [0.015011314065, 0.028621120924, 0.17915194897, 0.77721561604],
      [0.2291404786, 0.05388169283, 0.52360777212, 0.19337005645],
      [0.011981067209, 0.030516314783, 0.92738484318, 0.030117774827],
      [0.025436206529, 0.9538638557, 0.020699937772, 0],
      [0.16886613628, 0.065028669635, 0.46507155248, 0.30103364161],
      [0.23935060603, 0.019090444347, 0.11633910234, 0.62521984728]
    ],
    [
      [0.034864401042, 0.069392243641, 0.48518196338, 0.41056139194],
      [0.21495824422, 0.05882100273, 0.63384526075, 0.092375492303],
      [0.00058749241872, 0.022106391238, 0.95064894347, 0.026657172876],
      [0.00090334010507, 0.8989901036, 0.098521498593, 0.0015850577058],
      [0.18035938577, 0.075230474252, 0.60290664892, 0.14150349106],
      [0.35896840437, 0.038368258023, 0.25914524381, 0.3435180938]
    ],
    [
      [0.034571250408, 0.04769315647, 0.44630396203, 0.4714316311],
      [0.2266408119, 0.04289211878, 0.61866761171, 0.11179945761],
      [0.00063108006681, 0.016497856907, 0.94993170343, 0.032939359595],
      [0.0014727913937, 0.86790455689, 0.12978036857, 0.00084228314931],
      [0.18915770198, 0.054595804793, 0.5856288818, 0.17061761143],
      [0.35191410273, 0.025937236373, 0.23444362289, 0.387705038]
    ],
    [
      [0.043965869498, 0.045645792287, 0.55493535208, 0.35545298614],
      [0.24314024236, 0.034709166455, 0.6503480915, 0.071802499682],
      [0.00065836850206, 0.012918451677, 0.96589825042, 0.0205249294],
      [0.00027178372781, 0.83789441875, 0.16072019624, 0.0011136012893],
      [0.20883004663, 0.045435601317, 0.63317493941, 0.11255941264],
      [0.42231695048, 0.023556098187, 0.27660851228, 0.27751843905]
    ],
    [
      [0.052488026991, 0.055955146724, 0.39308210646, 0.49847471982],
      [0.31295470409, 0.048439358428, 0.52318211189, 0.1154238256],
      [0, 0.022743537234, 0.93890240834, 0.038354054421],
      [0, 0.89995029161, 0.098318891366, 0.0017308170273],
      [0.27609850511, 0.061142447405, 0.49238667231, 0.17037237518],
      [0.45700751896, 0.025592584132, 0.17372280933, 0.34367708757]
    ],
    [
      [0.041258009047, 0.058052607533, 0.47323805376, 0.42745132966],
      [0.25101703054, 0.048302851232, 0.6070986585, 0.093581459728],
      [0.00071076435489, 0.018963747861, 0.95219940402, 0.028126083766],
      [0.00027543945803, 0.88401356351, 0.1131275135, 0.0025834835322],
      [0.21184765564, 0.06221653985, 0.58141054114, 0.14452526337],
      [0.40088693495, 0.029941125862, 0.23579440729, 0.33337753189]
    ],
    [
      [0.037153394035, 0.088303744159, 0.60133928615, 0.27320357565],
      [0.20442603095, 0.064511718644, 0.68119957136, 0.049862679052],
      [0.00049859983078, 0.022538357218, 0.96369559709, 0.013267445858],
      [0.010612588433, 0.91715262145, 0.07058316653, 0.0016516235854],
      [0.17432997152, 0.084735048534, 0.66233980001, 0.07859517993],
      [0.41184664387, 0.047809724715, 0.3155764459, 0.22476718552]
    ],
    [
      [0.032538388542, 0.05817816968, 0.52599590794, 0.38328753384],
      [0.19687557598, 0.048188846823, 0.671799368, 0.083136209203],
      [0.00050810809249, 0.017229093839, 0.95952719167, 0.022735606397],
      [0.0014089091948, 0.8730366234, 0.12315866886, 0.0023957985446],
      [0.16616698683, 0.062064472966, 0.64329902886, 0.12846951135],
      [0.34862578614, 0.033055873095, 0.28870312081, 0.32961521996]
    ],
    [
      [0.03937980781, 0.066759991781, 0.54993793789, 0.34392226251],
      [0.22427263421, 0.051527709969, 0.65502496364, 0.069174692182],
      [0.00058507181996, 0.018883411525, 0.96118480761, 0.019346709046],
      [0.0022756886798, 0.88577256507, 0.11009670908, 0.0018550371752],
      [0.1909559995, 0.067107920686, 0.6338634777, 0.10807260212],
      [0.40464806486, 0.035496785753, 0.28253149122, 0.27732365817]
    ],
    [
      [0.055767193642, 0.032213258276, 0.52038467925, 0.39163486883],
      [0.29635829259, 0.023854823117, 0.59429688899, 0.085489995301],
      [0, 0.011885526349, 0.9631103566, 0.025004117053],
      [0, 0.80046932123, 0.19746863184, 0.0020620469246],
      [0.26477954003, 0.03152905547, 0.58405807703, 0.11963332747],
      [0.4900598644, 0.014618597185, 0.22795024309, 0.26737129532]
    ],
    [
      [0.025712630653, 0.075484091546, 0.59806596599, 0.30073731181],
      [0.14404475399, 0.059720381296, 0.73305846247, 0.063176402247],
      [0, 0.019773417678, 0.96568747893, 0.014539103396],
      [0, 0.88685927223, 0.11314072777, 0],
      [0.12516011498, 0.077086915161, 0.70009900893, 0.097653960935],
      [0.30143958229, 0.047550567618, 0.36393471247, 0.28707513762]
    ],
    [
      [0.097615970848, 0.038863857138, 0.36353627831, 0.49998389371],
      [0.37398710925, 0.026412977358, 0.46360936431, 0.13599054908],
      [0, 0.016278042609, 0.94264419857, 0.04107775882],
      [0, 0.87183227868, 0.12583854983, 0.0023291714919],
      [0.44158742013, 0.035529492942, 0.38101383826, 0.14186924867],
      [0.63219439598, 0.012562446242, 0.11352376247, 0.24171939531]
    ],
    [
      [0.044850485062, 0.038187359075, 0.56055373748, 0.35640841839],
      [0.24753996043, 0.028843525066, 0.65281907646, 0.070797438046],
      [0.000664193881, 0.010713065657, 0.9684833296, 0.020139410866],
      [0.00089567302496, 0.81531064233, 0.18100736307, 0.0027863215798],
      [0.21309684626, 0.037880954632, 0.63753518511, 0.11148701399],
      [0.43019278868, 0.019462352621, 0.27588130924, 0.27446354945]
    ],
    [
      [0.046015047994, 0.046143398058, 0.55387806732, 0.35396348662],
      [0.25405924131, 0.034655137665, 0.64154216835, 0.069743452671],
      [0.00068478310504, 0.013057484737, 0.96617829413, 0.020079438029],
      [0.00045645095338, 0.84182937067, 0.15546810547, 0.0022460729042],
      [0.21838546496, 0.045504743121, 0.62629241935, 0.10981737257],
      [0.44041747193, 0.023119822953, 0.26800344195, 0.26845926317]
    ],
    [
      [0.015272306282, 0.058749390817, 0.46274997174, 0.46322833116],
      [0.053780419681, 0.058486396903, 0.76381102972, 0.12392215369],
      [0, 0.019565354139, 0.94949868174, 0.030935964123],
      [0, 0.88816314107, 0.1102898754, 0.0015469835257],
      [0.089986340242, 0.072743872375, 0.6568654894, 0.18040429799],
      [0.19107115767, 0.039312580319, 0.29911569372, 0.47050056829]
    ],
    [
      [0.030675530755, 0.042439855242, 0.57546130233, 0.35142331167],
      [0.17925885985, 0.034066402447, 0.71202186716, 0.074652870539],
      [0.00044357472284, 0.011608557788, 0.96842851008, 0.019519357407],
      [0.0014116191277, 0.82646616487, 0.17019421694, 0.0019279990632],
      [0.15258474492, 0.044206158718, 0.68713629022, 0.11607280614],
      [0.33653325338, 0.024913128244, 0.32624881822, 0.31230480016]
    ],
    [
      [0.022228348241, 0.067897269691, 0.61295623988, 0.29691814219],
      [0.11240512814, 0.054191425767, 0.77048016009, 0.062923286004],
      [0, 0.017410779736, 0.96801329762, 0.014575922648],
      [0, 0.8734412655, 0.1265587345, 0],
      [0.1091165908, 0.069935520369, 0.72369921404, 0.097248674788],
      [0.27145648502, 0.044568285619, 0.38864491772, 0.29533031164]
    ],
    [
      [0.040592525503, 0.049456120723, 0.48737588674, 0.42257546704],
      [0.245038762, 0.04092122932, 0.6216210733, 0.092418935376],
      [0.00035147211705, 0.01527287095, 0.9560937202, 0.028281936736],
      [0.0007774915967, 0.86315535348, 0.13441323102, 0.0016539239068],
      [0.20740396337, 0.05283006447, 0.59678447201, 0.14298150015],
      [0.3961620278, 0.025759977679, 0.24520537748, 0.33287261704]
    ],
    [
      [0.037656616842, 0.072406141427, 0.63067396261, 0.25926327912],
      [0.1991641962, 0.052070927632, 0.69977939904, 0.048985477127],
      [0.0029801373509, 0.01801683136, 0.97481991915, 0.0041831121427],
      [0.0020634544324, 0.87968600036, 0.11825054521, 0],
      [0.1712426792, 0.068409059323, 0.68324664045, 0.07710162102],
      [0.40195156744, 0.040279770893, 0.33897683261, 0.21879182905]
    ],
    [
      [0.12094062169, 0.03189941199, 0.59762039782, 0.2495395685],
      [0.41722074854, 0.015055636485, 0.52097046482, 0.046753150149],
      [0, 0.0083218851992, 0.980261743, 0.011416371804],
      [0, 0.80935464322, 0.18971646708, 0.00092888970111],
      [0.46663963823, 0.021473104069, 0.46362244289, 0.048264814808],
      [0.78815462712, 0.0071121219201, 0.12830183121, 0.076431419746]
    ],
    [
      [0.026108223387, 0.06209500854, 0.52585816486, 0.38593860321],
      [0.16360181971, 0.05329866351, 0.69608757779, 0.08701193899],
      [0.00010091280137, 0.017526223514, 0.95760317548, 0.024769688209],
      [0.00040109611129, 0.8819843069, 0.11641161311, 0.0012029838768],
      [0.13703715848, 0.068131739859, 0.66144744205, 0.13338365961],
      [0.29873481765, 0.03770124184, 0.30843976889, 0.35512417162]
    ],
    [
      [0.039020038857, 0.043976010835, 0.52910012446, 0.38790382584],
      [0.22834036127, 0.035272877585, 0.65419018025, 0.082196580891],
      [0.0011158891094, 0.014256769344, 0.96021867053, 0.024408671021],
      [0.00081572191449, 0.83828099442, 0.15924710844, 0.0016561752283],
      [0.19443619906, 0.045809823933, 0.63181914021, 0.1279348368],
      [0.39055937296, 0.023474167392, 0.27277815495, 0.3131883047]
    ],
    [
      [0.032376820353, 0.038919276495, 0.47338871438, 0.45531518877],
      [0.21064996313, 0.034595059667, 0.6488343669, 0.1059206103],
      [0.0019727952326, 0.012411692233, 0.95558414634, 0.030031366198],
      [0.00074667958847, 0.83945743101, 0.15767298015, 0.0021229092598],
      [0.1764283522, 0.044235435874, 0.61680086258, 0.16253534934],
      [0.34077282395, 0.02165626056, 0.25436117377, 0.38320974172]
    ],
    [
      [0.025775900996, 0.049098296796, 0.58322517899, 0.34190062321],
      [0.15112252258, 0.040124629839, 0.73347097475, 0.075281872834],
      [0, 0.013593208755, 0.96768464316, 0.018722148082],
      [0, 0.84236523215, 0.15632996156, 0.0013048062954],
      [0.12963417408, 0.051726347327, 0.7044048006, 0.11423467799],
      [0.29898343535, 0.030446228366, 0.3492912053, 0.32127913099]
    ],
    [
      [0.026400350218, 0.046406915934, 0.53063920817, 0.39655352568],
      [0.16563253194, 0.03995505712, 0.70433601113, 0.090076399814],
      [0.00041064129586, 0.013670831227, 0.96229409459, 0.023624432891],
      [0.00026429627177, 0.84665481822, 0.15020862656, 0.0028722589497],
      [0.13918906832, 0.051205814434, 0.67122154019, 0.13838357705],
      [0.29919605916, 0.028046954292, 0.30973558649, 0.36302140006]
    ],
    [
      [0.036133837518, 0.063072852688, 0.53029405682, 0.37049925297],
      [0.21163707204, 0.050801620162, 0.65831565752, 0.079245650275],
      [0.00056185857908, 0.018536473245, 0.95869462045, 0.02220704773],
      [0.0010067475105, 0.88009724479, 0.11759951308, 0.0012964946205],
      [0.17935922759, 0.065623661533, 0.6324269888, 0.12259012208],
      [0.37191966366, 0.03486911936, 0.28319230029, 0.31001891669]
    ],
    [
      [0.023503093653, 0.036963504317, 0.52129721085, 0.41823619118],
      [0.14917076992, 0.032948503509, 0.71662389315, 0.10125683343],
      [0, 0.013483231171, 0.95994406305, 0.026572705774],
      [0, 0.81912886733, 0.1788503976, 0.0020207350713],
      [0.12770283446, 0.04206962729, 0.68027690634, 0.14995063191],
      [0.27286540413, 0.022896518677, 0.31176948064, 0.39246859655]
    ],
    [
      [0.035425716868, 0.060542607509, 0.55975911794, 0.34427255768],
      [0.20244641696, 0.047587291744, 0.6781278193, 0.071838471996],
      [0.00052430961622, 0.016931773789, 0.96291205002, 0.019631866572],
      [0.0012750611436, 0.86998239869, 0.12843111201, 0.00031142815455],
      [0.17232975879, 0.06173937959, 0.65431058462, 0.111620277],
      [0.370081221, 0.033981512424, 0.30348621992, 0.29245104666]
    ],
    [
      [0.023961278172, 0.071964407252, 0.54419564671, 0.35987866787],
      [0.14786568547, 0.06094835948, 0.71075125281, 0.080434702244],
      [0, 0.020324123006, 0.95826199551, 0.021413881483],
      [0, 0.89326387417, 0.1054256684, 0.0013104574255],
      [0.11892015391, 0.077881085041, 0.67743443775, 0.1257643233],
      [0.28238452023, 0.045158887756, 0.32992596967, 0.34253062235]
    ],
    [
      [0.13456680621, 0.10802057203, 0.43420786347, 0.32320475829],
      [0.56773614891, 0.054316893653, 0.337185343, 0.040761614432],
      [0, 0.037571392069, 0.9392976825, 0.023130925434],
      [0, 0.94859637756, 0.04612766053, 0.0052759619115],
      [0.31603818213, 0.2656951745, 0.34992113089, 0.068345512478],
      [0.7648530289, 0.025281451048, 0.098336641824, 0.11152887823]
    ],
    [
      [0.030049769855, 0.078357517486, 0.47415064599, 0.41744206667],
      [0.19160394773, 0.068841592175, 0.64192109294, 0.097633367156],
      [0.00051663428172, 0.025440430549, 0.94631154891, 0.02773138626],
      [0.00058408169799, 0.91303863744, 0.085132914742, 0.0012443661171],
      [0.15940414843, 0.087256623991, 0.60517473331, 0.14816449427],
      [0.32279116942, 0.045430670141, 0.26555170202, 0.36622645842]
    ],
    [
      [0.034271590941, 0.042067902972, 0.57833792962, 0.34532257646],
      [0.19610762017, 0.033003565445, 0.69975267348, 0.071136140903],
      [0.0031829382355, 0.014072919546, 0.96300540901, 0.019738733207],
      [0.00072038934537, 0.82272916692, 0.17507860837, 0.0014718353654],
      [0.16759429717, 0.043022860125, 0.67817816571, 0.111204677],
      [0.36445850583, 0.023800418836, 0.31596909975, 0.29577197558]
    ],
    [
      [0.037599349294, 0.068126044603, 0.48137216368, 0.41290244242],
      [0.23048749894, 0.057069528281, 0.62178634906, 0.090656623714],
      [0.00063567838479, 0.021841486701, 0.95097682634, 0.026546008577],
      [0.0012062747141, 0.89918818667, 0.096944412896, 0.0026611257183],
      [0.19379664446, 0.07325549781, 0.59335634344, 0.13959151428],
      [0.38018779021, 0.036479355394, 0.24904650624, 0.33428634816]
    ],
    [
      [0.080568951519, 0.051294404383, 0.43729106691, 0.43084557719],
      [0.35427334043, 0.035983738048, 0.51068053487, 0.099062386647],
      [0, 0.018112296024, 0.95079296027, 0.031094743701],
      [0, 0.87845108319, 0.1198600414, 0.0016888754081],
      [0.35782301587, 0.0477559308, 0.46663963286, 0.12778142046],
      [0.57079664484, 0.019568262516, 0.16114352579, 0.24849156685]
    ],
    [
      [0.055473652213, 0.049556100858, 0.44665120999, 0.44831903694],
      [0.3074231173, 0.039273847108, 0.55111558469, 0.1021874509],
      [0, 0.017114970487, 0.95232895382, 0.030556075693],
      [0, 0.87386670457, 0.12444203764, 0.0016912577868],
      [0.27539868482, 0.051202941324, 0.52911580941, 0.14428256445],
      [0.47694468787, 0.022415485919, 0.19519238833, 0.30544743788]
    ]
  ],
  "expected_outcome": [
    [
      [0.019254376247, 0, 0.13734485131, 0.85920858893, 0, 1.0139758276, 0, 0.33220546932, 0.2049265464, 1.0261771101, 0.78375311266, 0.33908413013, 0.99229916808, 0.831637629, 2.0210622198, 0.54593967448, 0.015011314065, 1.5688980469, 0.58771125693, 1.5388054324, 0.52488026991, 0.78390217189, 0.037153394035, 0.29284549688, 0.27565865467, 0.44613754914, 0.61710313567, 1.3666235919, 0.26910291037, 0.59819562392, 0.33599073821, 0.79756379963, 0.71130714371, 0.85244303557, 0.33890955158, 0.24188124338, 0.39162335081, 0.70236069942, 0.22663774247, 0.6186216239, 0.73920980611, 1.3369519882, 0.35254640479, 0.92106863856, 0.33545789441, 0.53826722486, 2.2537327391, 0.10281477282, 0.30079479435, 3.7061717699, 0.055473652213],
      [0.015270273581, 0, 0.27369910578, 1.4730432411, 0, 1.449831658, 0, 0.62298565111, 0.4032794441, 2.2448051248, 2.360501541, 0.71158335775, 3.7795359347, 1.8103792848, 5.000965669, 1.0715768291, 0.028621120924, 3.1226509639, 0.81078365999, 1.59760273, 0.55955146724, 1.1029995431, 0.088303744159, 0.52360352712, 0.46731994247, 0.2577060662, 1.8116181971, 0.54409399993, 0.22912415445, 0.59986417475, 1.292486598, 1.1034362363, 2.1727126301, 1.0385785352, 0.65165527284, 0.06379882398, 0.9314251281, 0.79156819504, 0.27243493546, 1.1783591231, 1.2993936462, 2.3336955495, 0.55445256475, 1.5741077952, 1.0075017015, 0.43208228813, 5.8768138115, 0.12620370891, 0.54500835682, 2.3595426016, 0.049556100858],
      [0.6555598425, 0, 4.0587657854, 13.2508648174, 0, 15.3559308491, 0, 8.4648663897, 5.323364064, 17.5787575818, 16.5519226409, 5.4496384014, 22.5025080012, 16.495618262, 40.6482772362, 10.9629709917, 0.17915194897, 21.833188352, 7.5871673545, 19.4227373227, 3.9308210646, 8.9915230215, 0.60133928615, 4.7339631714, 3.8495655653, 4.163077434, 14.3535831837, 5.0895078963, 3.3633224249, 7.2004148752, 10.1804993784, 14.9619938606, 19.614599676, 10.2348936215, 5.6760656635, 1.1952407956, 7.8878724729, 9.5238022403, 3.3137210007, 13.9974042959, 14.8578978287, 19.6208801025, 7.8194581627, 14.5537370665, 7.6187390539, 1.7368314539, 35.561298449, 1.7350137889, 3.8509773095, 20.1153890777, 0.44665120999],
      [0.30991550768, 0, 8.5301902575, 12.4168833526, 0, 9.1802616653, 0, 5.5799424899, 5.0684299455, 10.1502601832, 11.3038227054, 6.4996941107, 15.725656896, 8.8623648242, 36.329694875, 12.4195125047, 0.77721561604, 18.4752626372, 8.0143377286, 12.4408545149, 4.9847471982, 8.1215752635, 0.27320357565, 3.4495878046, 2.4074558376, 3.1330789506, 7.2176954835, 6.9997745119, 2.1384505103, 4.6015253261, 10.1910232854, 9.1370061035, 9.5013805501, 8.8740848077, 2.3333695121, 0.499079137, 5.7890790482, 6.9822688652, 3.1872063214, 8.2056149571, 11.103498719, 13.7084723599, 6.2735428678, 8.9510864997, 5.0383013502, 1.2928190331, 31.3081550004, 1.0359677294, 3.3032195394, 19.8188965508, 0.44831903694]
    ],
    [
      [0.70413524994, 0.99981693996, 2.2307878531, 13.5173591197, 1.1591440148, 10.5767577946, 0.73997699325, 5.3173242151, 1.5690286445, 28.5317622963, 16.1613226958, 13.3921768396, 13.9054915155, 21.3792756533, 15.9069044166, 8.1489125042, 0.4582809572, 21.9257409101, 12.4652446546, 38.1730180505, 12.8311428676, 14.5589877713, 3.884094588, 12.0094101347, 4.9339979527, 8.2980321926, 17.8615494947, 6.7317679665, 21.2884365968, 8.3839549633, 1.5596321707, 15.9540385269, 12.7017794802, 14.7023257202, 6.9707468672, 2.5033244913, 6.5440727883, 16.2121656504, 5.8981989676, 9.3695963997, 8.1159940651, 24.1266262126, 7.1601969559, 28.7473912089, 3.9923735077, 2.2709445956, 53.265897469, 16.2769324741, 11.7548624462, 105.5734554485, 18.1379639208],
      [0.073968777426, 2.3422446422e-06, 1.1233811272, 3.1862836553, 0.2728951605, 2.0744278906, 0.0094028619149, 1.489911071, 0.42338491972, 8.5825937784, 6.948419607, 3.8569376118, 8.1205066829, 6.4013408004, 5.5461364494, 2.209686967, 0.10776338566, 5.9997422785, 2.3590665329, 5.4493391334, 1.9860136956, 2.8015653714, 1.2257226542, 2.9395196562, 1.1336096193, 0.66793504726, 7.4053272807, 0.47543359245, 2.4805431557, 1.1436195429, 1.6961055102, 3.0319098177, 6.1236311116, 2.4552737592, 1.8224824671, 0.090333818913, 2.1319465404, 2.5043743086, 0.96866167068, 2.48772705, 1.9577977989, 5.7913846984, 1.5815281684, 6.7573954276, 1.645605706, 0.21726757461, 19.1379626246, 2.739295932, 2.9105459424, 10.7231539383, 2.3171569793],
      [4.9185236783, 6.6436626481e-05, 27.5341529081, 44.178145956, 1.0057840461, 33.867675587, 0.1909286112, 31.2104255684, 8.6182323027, 103.5902210814, 74.6585565843, 45.5379752676, 71.6769908449, 89.9056710397, 69.8489172207, 34.8894596172, 1.0472155442, 64.6522165965, 34.0267186439, 102.1046503661, 21.4504665874, 35.2117221931, 12.9427918558, 40.9797614477, 14.4105492, 16.6403128917, 90.899249346, 8.3449685576, 56.1424405756, 21.1708915556, 22.150519862, 63.3699461775, 87.0642580897, 37.297264398, 24.4922789663, 3.1258227889, 27.8435031117, 46.4475027978, 18.1673622732, 45.4752004346, 34.5124645452, 75.0479849576, 34.3979468712, 96.2941503401, 19.1902838257, 1.348741372, 178.4540638372, 58.079471899, 31.7111038021, 152.1827993925, 32.5158194968],
      [0.3033722943, 0.00011428116773, 9.1116781116, 7.1182112689, 0.56217677867, 3.4811387278, 0.059691533633, 3.9823391455, 1.3893541331, 10.2954228439, 9.2317011129, 9.212910281, 9.2970109568, 8.3137125067, 10.6980419132, 6.7519409116, 0.3867401129, 9.422300215, 6.1489701686, 11.27299245, 4.7323768494, 5.4277246642, 0.94739090198, 5.0713087614, 1.521843228, 2.3937198684, 7.8338738786, 2.4478298834, 6.0885796719, 2.3015339381, 3.5937424571, 6.6441054779, 7.1103313185, 5.5451361226, 1.7144916994, 0.2805189009, 3.4804775596, 5.8359572433, 2.9657770885, 4.6674761157, 4.4137435909, 9.0340041313, 4.8603280045, 10.2010630234, 2.1717369606, 0.16304645773, 27.1420760693, 5.9042996949, 4.6234878094, 29.5205912208, 6.0290596031]
    ],
    [
      [0.0018639948858, 1.0015314943, 0, 0.47293067739, 0.0022317515933, 0.48644592951, 0, 0, 0, 0.12645633437, 0, 0.051751843392, 0, 0.11467042928, 0, 0, 0.083867470464, 0.26848403536, 0.14325517517, 0.27519803386, 0, 0.10661465323, 0.010969196277, 0.053351349712, 0.052071391976, 0, 0, 0, 0.095643918863, 0.071902226029, 0, 0.10956295654, 0, 0.10192691394, 0.28907332304, 0, 0.016448786623, 0.29459472489, 0.39455904651, 0, 0.079664411397, 0.23204759316, 0, 0.17931388875, 0, 0, 0.51560101315, 0.36603789708, 0.094716079334, 0, 0],
      [0.029587484375, 0.067183293727, 3.0179432209, 7.0225541711, 0.053321521598, 4.8592037732, 0, 3.5771159031, 2.5203909516, 5.2279777635, 5.36686396, 2.0600518706, 5.6101856363, 4.7176693731, 7.5839258031, 4.4167257341, 0.21361420348, 10.1026207957, 3.7450135178, 5.3999128011, 2.3425843352, 2.8445621792, 0.4958438588, 1.809054853, 1.6806236258, 1.3430644774, 6.0308923917, 1.7091944739, 1.5426814546, 1.3710358974, 2.250015726, 2.8673137736, 5.9718974494, 4.4291325754, 1.7476326419, 0.058253196394, 2.8567744328, 3.7637871067, 2.4823384466, 4.3090471753, 2.6521412579, 7.6555634501, 1.7123703587, 5.790666636, 5.2436237356, 0.63871366517, 25.3895496883, 1.6183857478, 3.2543815185, 13.9826925307, 1.0268982292],
      [7.8802239192, 10.0628218166, 182.6717764032, 395.537819533, 1.7848065122, 306.9101075913, 0, 223.5252413672, 205.0927120108, 251.9065514818, 227.4919769918, 97.2699569232, 202.703801916, 264.7269109285, 379.1818374261, 279.4653848419, 6.4916939023, 434.4465671645, 215.634496679, 403.7454686757, 96.7069480595, 142.8299106027, 21.2013031361, 100.7503551255, 85.5454478772, 108.8314702956, 294.5346810724, 98.97764085, 139.4615994618, 101.4487208835, 109.1923483998, 239.2018419905, 332.0285610823, 277.2671788573, 94.5575321572, 6.861832201, 156.0893176025, 253.4977290187, 191.1168292673, 306.7560318826, 186.6850543499, 395.9408782442, 121.9128960079, 329.3159211076, 247.2315948418, 15.9680606025, 944.4189258107, 110.7456220363, 141.6955471242, 734.012165332, 57.1397372292],
      [0.088324601536, 1.8684633954, 5.310280376, 11.9666956184, 0.15964021464, 5.7442427059, 0, 4.8976427297, 6.3868970376, 4.7390144203, 5.1411590482, 3.6182393628, 4.6860124478, 4.4407492691, 11.2342367708, 9.1178894239, 0.21082442379, 12.1823280045, 7.4772346281, 8.5794204893, 3.9504676053, 4.2189125649, 0.29188380887, 2.3872386717, 1.7218571051, 2.825465227, 4.4344265359, 4.3131646761, 2.9000751647, 2.1083409931, 3.5576358742, 4.8212812794, 4.9995414683, 8.2017616533, 0.40576187784, 0.07991460263, 4.037459178, 6.4438891497, 6.0062732395, 5.9349209421, 4.5831399808, 9.1715107125, 3.3747336333, 6.7140983677, 5.5247814227, 0.39322573238, 27.6759234879, 2.2699543188, 3.9553552779, 24.0051421373, 1.8333645416]
    ],
    [
      [0.27474637893, 0, 0, 0.18994450889, 0.24011781662, 0.20341234921, 0, 0, 0, 0.57276912057, 0, 0.45760483003, 0, 0.23365597535, 0, 0, 0.20348965224, 0.5528441443, 0.57586143494, 0.12366159615, 0, 0.061147559682, 0.24408953396, 0.31700456882, 0.20936335854, 0, 0, 0, 0.13166393467, 0.063903133474, 0, 0.45736459739, 0, 0.20214781514, 0.24967798632, 0, 0.061768801139, 0.20393047862, 0.076161318024, 0, 0.0655454754, 0.4490093897, 0, 0.61075428778, 0, 0, 0.87787479208, 0.082124385372, 0.24125494281, 0, 0],
      [7.8811734646, 11.9327988079, 124.3718840546, 295.1077263439, 8.6530270986, 264.0994498973, 11.9470537294, 171.1164125133, 77.0932054211, 489.1261628889, 544.6256113637, 301.7156385661, 455.2416329833, 366.2889637045, 843.4874116276, 215.5709698093, 7.6309108456, 550.1819434011, 339.3506817431, 381.2419605302, 147.5918478235, 196.2510110983, 21.0945102934, 196.4332402651, 81.491075986, 72.042238911, 424.8055913972, 69.7465822943, 119.8506644224, 117.8561118938, 234.4750692434, 267.7750374175, 491.7474324773, 224.4203919044, 106.4420060436, 13.7590289347, 135.8255832622, 209.5702486041, 85.6246579626, 104.453288786, 209.970394918, 392.5233711768, 92.5615620078, 416.721568972, 128.6299978804, 73.041921072, 1372.297072076, 93.7911250289, 179.8376373343, 793.2413281229, 124.9629387539],
      [2.54569256, 2.9367764509, 28.7870196254, 42.1398184987, 0.10685508482, 44.3196247946, 1.6508136267, 36.5428169275, 15.6985867991, 61.3010679905, 60.7817559487, 36.8267566038, 42.3294630075, 53.4773803202, 110.1701134702, 34.8712871167, 0.16559950217, 60.2951571386, 50.7441241105, 73.127689287, 16.124298184, 25.1143079979, 1.6234128302, 27.7107004935, 10.1288972353, 17.7721768658, 54.1944086028, 10.0670839864, 26.6080823707, 21.7655347661, 29.1165271058, 55.1429262886, 71.2525675227, 34.9474400647, 14.3083159701, 3.2251799404, 17.9273884196, 39.8117771102, 16.0826439749, 19.3849152334, 37.251739387, 52.4493828327, 20.2100949292, 61.5185026542, 15.1812962503, 3.5518298608, 127.9547708579, 19.958961354, 19.3888825792, 108.2336173836, 17.7952113826],
      [0.29838759649, 0.13042474117, 0.84109632001, 0.56251064849, 0, 0.37751295888, 0.40213264392, 0.34077055915, 0.20820777985, 0, 0.59263268765, 0, 0.42890400921, 0, 1.3424749022, 0.55774307396, 0, 0.97005531598, 0.32933271138, 0.50668858663, 0.28385399248, 0.57353334415, 0.037987342464, 0.53905467253, 0.17066342012, 0.18558422322, 0, 0.18633371935, 0.40958927223, 0.31445020659, 0.40840365078, 0.62467169647, 0, 0.43002021576, 0, 0.015791124919, 0.18525951702, 0.41404380707, 0.2165367445, 0.16179598063, 0.71232021953, 0.57823660076, 0.22834306306, 0.14917408603, 0.18870586927, 0.40624906719, 1.8702822741, 0.16778923166, 0.53222514367, 1.5250544935, 0.24184986352]
    ],
    [
      [0, 1.9986515657, 2.295806116, 13.6075387398, 0, 12.8354710886, 1.2600230068, 4.6385342331, 2.5103272215, 5.775842307, 7.6911740313, 2.7456684523, 5.6574913844, 5.4811283344, 9.2665741443, 5.0370543072, 0, 14.2483914756, 10.7819890128, 14.6181032638, 5.245871597, 4.8724960798, 0, 2.4925048024, 2.4824279935, 5.2955908006, 6.2580057488, 5.7406364617, 3.6226463864, 3.2757819744, 1.7097404646, 5.950805052, 7.5290447655, 12.0294298756, 2.7398828673, 0.46663963823, 3.700003279, 8.1663203606, 5.2928505661, 4.5371960928, 4.314861118, 13.631301297, 3.5756793649, 13.9587104621, 5.5892472338, 1.8962290928, 24.5482388586, 1.3407543773, 5.426306045, 35.7823015875, 1.6523921089],
      [0, 1.555612535e-05, 0.96233966955, 4.8896024278, 0, 3.8389320338, 0.043543408725, 1.8221270293, 1.2766940976, 2.648246527, 4.8595002747, 1.2061651003, 4.5204447845, 2.5014370896, 4.809836088, 2.0720569349, 0, 5.9432074659, 3.1119608732, 3.1804920922, 1.1617065007, 1.4309804166, 0, 0.9309670945, 0.87240296892, 0.6305811094, 3.8543457581, 0.46188340825, 0.64397622875, 0.68257114681, 1.3821335751, 1.72404019, 4.8255509055, 3.0641437393, 1.0945449492, 0.021473104069, 1.8395569762, 1.9240126052, 1.3270630762, 1.8104221565, 1.5873802475, 4.9873982765, 1.1779495641, 5.0008897468, 3.6604109969, 1.594171047, 13.4375200946, 0.344182881, 2.0511539387, 4.77559308, 0.30721764795],
      [0, 0.00033529583086, 16.3582993399, 50.4167430577, 0, 46.6090766288, 1.1582577621, 28.3828221316, 17.6599996578, 23.7711659023, 39.058384124, 10.5891882408, 30.8499245186, 26.126589712, 44.8109203407, 24.299170116, 0, 47.6296252644, 33.3808462627, 44.322245759, 9.3553467738, 13.3724424463, 0, 9.6494854328, 8.24022521, 11.6811615405, 35.0049504463, 4.9531798973, 10.8380981469, 9.3943862903, 12.4804442985, 26.7983153184, 49.9352457686, 34.6134993764, 10.9319462473, 0.46362244289, 17.8590809355, 26.5364038888, 18.5040258774, 24.6541680211, 20.8078677459, 48.0644511487, 19.0477533775, 52.9991573544, 31.8394185742, 2.0995267853, 93.1969089295, 5.4254253257, 16.6139776164, 46.6639632864, 3.1746948564],
      [0, 0.00099758230617, 9.3835548746, 13.0861157747, 0, 7.7165202487, 0.53817582245, 5.156516606, 4.5529790232, 3.8047452637, 7.39094157, 3.4589782065, 5.9721393125, 3.890844864, 11.112669427, 7.5917186418, 0, 11.178775794, 9.7252038513, 7.8791588849, 3.2370751285, 3.3240810574, 0, 1.9270426703, 1.4049438275, 2.3926665494, 4.8826980467, 1.8443002327, 1.8952792379, 1.6472605886, 3.4276816618, 4.5268394396, 6.7101585604, 8.2929270088, 1.2336259363, 0.048264814808, 3.6013588093, 5.3732631454, 4.8760604803, 3.9982137296, 4.2898908886, 9.3168492777, 4.1986176934, 9.0412424367, 5.910923195, 0.41007307487, 22.8173321173, 0.88963741596, 3.9085623999, 12.7781420461, 0.8656953867]
    ],
    [
      [0, 0, 2.3360611796, 14.3530183652, 0.59850641701, 8.8839370105, 0, 3.7119360824, 2.7157175876, 9.9669928316, 11.3637501603, 4.0137139045, 8.4447179321, 10.9596319787, 11.8054592193, 6.2680935141, 0.23935060603, 15.4356413878, 8.4459384656, 20.2712136233, 6.3981052655, 7.6168517641, 0.82369328774, 3.8348836475, 4.0464806486, 1.9602394576, 13.2633416208, 3.1609719799, 5.5925062529, 6.6062620789, 4.3946366264, 6.7306650676, 7.0578686105, 9.1117266395, 2.4117094047, 0.78815462712, 3.2860829942, 7.4206280861, 5.1115923593, 7.4745858836, 5.684725124, 18.2240635194, 4.9115772744, 12.5827615139, 5.0829213641, 2.2945590867, 34.5386551281, 5.8313360933, 4.1820656923, 55.9380711941, 7.1541703181],
      [0, 0, 0.25075282204, 1.3207901607, 0.020756219344, 0.67815474704, 0, 0.37144783218, 0.28304516589, 1.1702139173, 1.8391032536, 0.44962349341, 1.7276939784, 1.2802097477, 1.571724363, 0.65898372551, 0.019090444347, 1.649835095, 0.62249367294, 1.130692713, 0.35829617785, 0.56888139137, 0.095619449431, 0.36361460405, 0.35496785753, 0.058474388738, 2.0922249752, 0.062812231209, 0.25301058407, 0.3467973443, 0.90418934733, 0.49826256488, 1.1587754261, 0.59247948661, 0.24167862536, 0.0071121219201, 0.41471366024, 0.44600918045, 0.32484390839, 0.76115570916, 0.53289213155, 1.7085868486, 0.41213733619, 1.1553714224, 0.81285997961, 0.075844353145, 4.8610817051, 0.38080670138, 0.40127290933, 1.9176897266, 0.33623228878],
