{
  "Z_true": {},
  "V_true": [
    [10, 2349, 592, 131, 24],
    [191, 5288, 10418, 1031, 260],
    [237, 999, 494, 14203, 354],
    [925, 339, 520, 781, 126],
    [29, 629, 286, 305, 103],
    [37, 142, 142, 284, 292]
  ],
  "p_true": [
    [0.0032, 0.7563, 0.1906, 0.0422, 0.0077],
    [0.0111, 0.3077, 0.6061, 0.06, 0.0151],
    [0.0146, 0.0613, 0.0303, 0.872, 0.0217],
    [0.3437, 0.126, 0.1932, 0.2902, 0.0468],
    [0.0214, 0.4652, 0.2115, 0.2256, 0.0762],
    [0.0412, 0.1583, 0.1583, 0.3166, 0.3255]
  ],
  "Z_est": [
    [
      [0.2455, 0.065, 1.0327, 0.2383, 0.2354, 0.5127, 1.531, 0.1372, 0.9532, 0.0361, 0.0289, 0.2022, 0.2455, 0.1661, 0.0867, 0.1155, 0.0722, 0.1589, 0.0939, 0.1878, 0.3105, 0.1228, 0.1228, 0.2455, 0.1661, 0.1517, 0.1805, 0.1372, 0.13, 0.1372, 0.2455, 0.1155, 0.2022, 0.1878, 0.2528, 0.2383, 0.0289, 0.0217, 0.0867, 1.696, 0.4333],
      [23.2698, 6.2255, 598.9904, 217.9962, 13.8683, 93.754, 194.433, 23.8582, 138.0286, 3.9636, 3.9306, 68.2578, 24.7474, 30.8285, 42.4059, 23.5221, 7.9253, 57.8851, 55.2576, 85.0848, 96.3885, 58.9326, 21.8751, 77.2663, 28.8285, 21.8416, 22.8146, 30.856, 21.8625, 22.8595, 31.7453, 18.8812, 35.7921, 27.8052, 40.4903, 78.3513, 18.9695, 0.9456, 147.3613, 228.1872, 125.0766],
      [0.5092, 0.3178, 10.87, 2.4551, 0.2564, 1.7233, 0, 0, 0, 0, 0.0397, 0.7294, 0, 0, 0.2636, 0.3575, 0, 0.4875, 0.9034, 0.7908, 2.634, 0.6356, 0, 3.0459, 0, 0, 0, 0, 0.4442, 0, 0, 0, 0, 0, 1.6127, 0.9822, 0, 0.0325, 0.8811, 21.8584, 2.7482],
      [0.9695, 0.3863, 70.0707, 4.2967, 0.6399, 6.9997, 0, 0, 0, 0, 0, 5.8027, 0, 0, 1.2406, 0, 0, 4.4644, 5.7396, 3.9307, 4.6627, 8.3031, 0, 1.4322, 0, 0, 0, 0, 0.5612, 0, 0, 0, 0, 0, 2.6378, 5.42, 0, 0, 8.6644, 26.2355, 5.7289],
      [0.006, 0.0054, 0.0363, 0.0138, 0, 0.0103, 0.036, 0.0046, 0.0182, 0.0003, 0.0008, 0.0079, 0.007, 0.0054, 0.0033, 0.0049, 0.0024, 0.0041, 0.0054, 0.006, 0.0043, 0.006, 0.0022, 0.01, 0.0054, 0.0068, 0.0049, 0.0068, 0.0022, 0.0033, 0.0092, 0.0033, 0.0057, 0.007, 0.0065, 0.0081, 0.0016, 0.0003, 0.0065, 0.023, 0.013]
    ],
    [
      [7.273, 0.5962, 14.5183, 1.0414, 1.3352, 5.4538, 24.4758, 1.5531, 14.9395, 0.8481, 0.0008, 1.0142, 2.0726, 3.0547, 1.4374, 1.3774, 0.3181, 3.3999, 1.4977, 2.0264, 12.1855, 1.1216, 2.2913, 3.4601, 1.5941, 0.7766, 4.5541, 0.0037, 3.5433, 1.5846, 0.0067, 1.4133, 1.3319, 0.0051, 7.1034, 2.5826, 0.0008, 0.8355, 0.0024, 19.9517, 8.1837],
      [50.0631, 11.9045, 943.7336, 289.8403, 16.9827, 160.919, 372.2552, 51.5924, 334.3244, 13.3349, 9.1119, 108.7797, 62.11, 105.2041, 55.4778, 56.3628, 23.4665, 71.5548, 77.886, 151.6296, 131.6333, 89.8035, 56.76, 158.1232, 56.6595, 79.5835, 56.7548, 61.515, 39.9617, 48.4365, 120.4048, 45.1497, 92.5926, 85.6469, 67.344, 134.7253, 53.2829, 5.6578, 130.0709, 288.6273, 206.4517],
      [126.6523, 81.9411, 1819.4059, 484.3771, 69.8331, 379.6939, 1490.114, 151.8584, 858.9742, 30.4321, 7.8123, 178.3115, 158.2472, 168.1083, 65.4125, 88.4004, 36.3423, 121.148, 142.1812, 198.9494, 240.0072, 161.7869, 139.535, 441.2279, 125.7541, 187.6325, 149.5497, 173.9725, 112.071, 119.9349, 316.8557, 101.5356, 181.5097, 268.4804, 177.5354, 246.1291, 87.9979, 7.6763, 229.6872, 737.1858, 485.9788],
      [17.6871, 7.4355, 90.0141, 12.0471, 0.849, 15.6505, 73.6908, 5.6299, 62.5979, 5.3675, 0.9394, 22.63, 6.0508, 11.9392, 4.4348, 5.8365, 1.6837, 2.2185, 6.0245, 11.0123, 1.896, 10.3637, 2.2747, 2.0081, 15.7118, 7.2873, 10.7934, 14.8783, 1.2849, 5.0186, 16.0254, 7.9641, 12.6771, 16.6845, 0.8451, 21.8791, 16.6143, 0.2836, 18.4682, 38.1733, 14.4036],
      [1.3245, 5.1226, 2.3281, 5.6942, 0, 3.2828, 11.4643, 3.3661, 1.1641, 0.0174, 0.1357, 4.2645, 1.5193, 1.6936, 2.2375, 1.0229, 2.1894, 0.6789, 1.4104, 0.3822, 0.278, 2.9242, 0.139, 6.1807, 1.2805, 1.7201, 1.3479, 1.6305, 0.139, 1.0254, 2.7074, 0.9372, 2.8887, 2.1831, 3.1721, 4.684, 0.1042, 0.5468, 2.7714, 13.0619, 2.9821]
    ],
    [
      [3.394, 0.9331, 17.3836, 3.6226, 0.4179, 12.0604, 28.8861, 1.6624, 12.7485, 0.414, 0.2654, 1.8576, 4.7073, 2.5477, 1.2556, 1.58, 0.8749, 2.039, 0.8625, 2.8427, 3.6723, 1.841, 1.9383, 2.7289, 1.5259, 1.3932, 3.0342, 1.2605, 1.6948, 2.0633, 2.2557, 1.4697, 2.8177, 1.7249, 3.1038, 3.3997, 0.2654, 0.247, 1.2127, 8.5963, 5.8733],
      [2.3365, 1.4028, 76.4701, 11.2412, 0.1159, 17.2795, 20.9399, 3.2131, 26.6129, 0.8494, 1.9393, 12.973, 8.058, 9.9656, 17.9734, 7.8166, 7.2511, 6.0425, 20.0221, 13.3405, 20.4611, 7.1344, 3.4152, 2.4072, 5.5987, 23.7858, 2.8985, 3.4308, 3.4565, 6.2646, 12.6518, 4.398, 7.0206, 4.5252, 5.7916, 10.7009, 4.7255, 1.2056, 2.8731, 25.3909, 17.1692],
      [0.8852, 1.0168, 23.1096, 5.2261, 0.0663, 4.5847, 25.8509, 6.8246, 11.4665, 0.1137, 0.0691, 1.2681, 14.2508, 1.1426, 0.4583, 0.6215, 2.6309, 1.6482, 0.9605, 2.9195, 2.7584, 2.0904, 0.4312, 0.6539, 0.9581, 5.1527, 5.3809, 3.0672, 1.892, 2.5944, 4.883, 0.755, 2.6136, 8.6765, 2.317, 3.3801, 1.0844, 0.1228, 2.8632, 3.4446, 5.9741],
      [323.6414, 93.6995, 2168.692, 394.238, 13.3999, 651.7225, 2465.0663, 316.3063, 1103.9584, 22.6121, 41.5713, 366.7059, 327.6824, 280.6008, 113.1826, 202.9769, 160.0848, 157.8463, 214.2335, 306.1718, 211.7318, 195.1434, 84.9479, 130.7799, 388.6177, 282.2647, 238.679, 374.0967, 137.9116, 199.6748, 439.0574, 210.6099, 265.2306, 378.0726, 214.826, 332.5595, 96.8599, 12.3091, 271.6935, 683.2216, 518.3433],
      [1.7429, 0.9478, 17.3446, 3.672, 0, 4.3528, 18.2567, 2.9937, 9.2137, 0.0108, 0.1549, 3.1954, 3.3015, 3.7434, 1.1302, 2.005, 2.1582, 1.4239, 5.9215, 0.7255, 0.3764, 1.7907, 0.2675, 1.4301, 4.2997, 5.4036, 2.0075, 3.1447, 1.0452, 4.4029, 5.1521, 0.7675, 2.3175, 3.0009, 1.9617, 2.9598, 0.0648, 0.1153, 2.3574, 6.3465, 4.6401]
    ],
    [
      [21.2503, 6.5298, 100.352, 25.0693, 2.0116, 49.9728, 147.6531, 15.325, 97.5729, 3.3835, 3.4609, 23.3758, 25.1375, 16.1051, 8.5937, 11.7399, 8.6262, 15.1917, 9.845, 19.014, 24.9069, 12.6533, 11.8082, 25.3065, 18.6402, 17.4896, 15.9036, 16.1361, 11.8765, 15.0507, 29.655, 12.078, 22.3618, 22.5222, 22.8397, 25.0693, 3.1445, 1.8949, 9.4387, 56.4593, 41.9544],
      [1.4064, 0.1873, 24.8868, 0.7601, 0.033, 9.5644, 12.3991, 3.1688, 9.561, 0.3448, 1.8552, 3.3956, 2.0564, 2.4474, 0.7498, 1.5432, 0.8341, 2.4272, 2.0629, 3.981, 0.4847, 2.5096, 1.9285, 3.8526, 1.8659, 3.9828, 1.5179, 2.4809, 1.1841, 1.5017, 8.4412, 1.628, 2.5711, 6.8159, 2.1019, 3.8286, 1.2613, 0.2993, 0.2974, 1.3108, 6.1159],
      [12.63, 4.5225, 74.8693, 19.0503, 0.8442, 36.0279, 108.4359, 14.4429, 75.385, 2.3447, 2.9985, 20.2129, 19.0897, 11.8348, 6.3314, 8.8962, 7.7906, 10.7285, 8.1862, 14.7378, 11.7053, 10.1993, 8.6921, 22.9512, 15.5695, 17.3524, 9.8547, 19.5115, 7.9895, 11.7926, 29.6709, 9.5201, 19.8206, 27.5967, 14.8595, 20.1399, 4.8795, 1.1231, 8.7831, 31.6574, 31.1758],
      [1.9985, 0.6303, 9.2691, 9.061, 0.1112, 17.0841, 53.4128, 6.7058, 55.0966, 1.6525, 1.693, 14.9648, 12.5503, 3.5083, 2.6932, 3.4035, 6.8639, 3.9668, 1.0011, 5.4603, 1.8354, 2.0765, 3.9298, 4.6888, 12.5897, 6.4986, 1.2606, 14.0875, 3.3392, 8.7313, 18.6962, 5.9731, 13.4838, 26.5152, 3.8276, 10.6675, 5.0676, 0.3467, 1.478, 4.4121, 9.9805],
      [6.7148, 5.1302, 40.6229, 15.0594, 0, 12.3508, 42.099, 5.3576, 22.3845, 0.2745, 0.9924, 9.051, 8.166, 6.1044, 3.6319, 5.4172, 2.8852, 4.6858, 5.9047, 6.8069, 5.0678, 6.5612, 2.6414, 11.201, 6.3347, 7.6765, 5.4632, 7.784, 2.6107, 3.9237, 11.5368, 3.8008, 6.7628, 8.5499, 7.3713, 9.2948, 1.647, 0.3359, 7.0028, 25.1604, 14.7733]
    ],
    [
      [0.0106, 0, 0.0447, 0.0103, 0, 0.0222, 0.0663, 0.0059, 0.0413, 0.0016, 0.0013, 0.0088, 0.0106, 0.0072, 0.0038, 0.005, 0.0031, 0.0069, 0.0041, 0.0081, 0.0134, 0.0053, 0.0053, 0.0106, 0.0072, 0.0066, 0.0078, 0.0059, 0.0056, 0.0059, 0.0106, 0.005, 0.0088, 0.0081, 0.0109, 0.0103, 0.0013, 0.0009, 0.0038, 0.0288, 0.0188],
      [0.9534, 0, 231.2905, 71.3252, 0, 24.9156, 99.6962, 12.141, 58.8491, 1.9968, 1.9386, 28.2528, 14.6798, 21.9078, 7.0371, 10.4682, 6.514, 16.2904, 22.7358, 36.5834, 47.6161, 22.5119, 4.9816, 21.2676, 13.9068, 17.1004, 12.8591, 16.34, 8.66, 10.9243, 24.4424, 10.9835, 19.1999, 26.4232, 14.7263, 32.3885, 12.086, 1.8917, 51.3155, 102.6495, 66.2642],
      [0, 0, 9.7611, 2.5973, 0, 0, 9.8423, 0.8741, 0, 0, 0.0553, 1.0148, 0.9696, 0.9143, 0.3667, 0.4973, 0.2361, 0.6782, 0.7686, 1.1002, 1.3011, 0.8842, 0, 0, 0.7184, 0.8521, 0.8339, 0.9947, 0.3213, 0.6782, 1.7784, 0.9301, 1.0299, 1.5423, 0.2235, 1.3664, 0.8203, 0.0452, 1.2258, 4.019, 7.896],
      [0, 0, 13.6844, 1.9838, 0, 0, 12.1776, 0.9512, 0, 0, 0, 2.6762, 1.2974, 2.138, 0.5728, 0, 1.232, 0, 2.4588, 3.2723, 1.0431, 1.5626, 0, 0.6613, 1.3349, 0, 1.2697, 2.6184, 0, 0.3719, 0.7129, 1.0618, 0.7271, 1.9838, 0, 2.1856, 1.0826, 0.0605, 1.4157, 14.1637, 11.7425],
      [0.036, 0, 0.2193, 0.0835, 0, 0.0622, 0.2177, 0.0278, 0.1096, 0.0016, 0.0049, 0.0475, 0.0425, 0.0327, 0.0196, 0.0295, 0.0147, 0.0245, 0.0327, 0.036, 0.0262, 0.036, 0.0131, 0.0606, 0.0327, 0.0409, 0.0295, 0.0409, 0.0131, 0.0196, 0.0556, 0.0196, 0.0344, 0.0425, 0.0393, 0.0491, 0.0098, 0.0016, 0.0393, 0.1391, 0.0786]
    ],
    [
      [1.8265, 0.8759, 9.6687, 3.0182, 0, 2.9781, 9.3878, 0.3164, 5.7447, 0.3167, 0.2428, 1.5414, 1.8265, 1.1192, 0.6229, 1.1821, 0.1055, 1.2035, 0.6968, 1.921, 1.9113, 1.256, 0.8341, 2.2483, 1.0665, 1.1824, 1.3197, 1.4565, 0.7498, 0.1582, 1.8265, 0.9185, 1.2777, 1.5518, 1.6894, 1.6999, 0.5592, 0, 1.2557, 5.2679, 3.5365],
      [0.9707, 0.2799, 21.6286, 6.8371, 0, 3.5674, 8.2766, 0.0267, 6.6239, 1.5105, 0.2244, 2.341, 1.3483, 1.6466, 0.3561, 3.2871, 0.0089, 2.8, 0.0356, 3.3808, 3.4163, 2.108, 1.0396, 3.0832, 1.1407, 1.706, 1.1551, 1.3772, 0.8752, 0.0133, 2.3146, 0.9596, 1.8237, 1.7837, 1.546, 3.0054, 2.6748, 0, 3.0818, 8.8343, 4.9224],
      [0.3234, 0.2018, 4.9841, 3.2942, 0, 0.9702, 3.7569, 0, 2.1743, 0.1095, 0.0252, 0.4633, 0.4427, 0, 0.1674, 0.2271, 0, 0.3096, 0, 0.5023, 0.594, 0.4037, 0.3417, 3.1211, 0, 0.0103, 0.3807, 0.4541, 0.2821, 0, 0.8119, 0.2592, 0.0262, 0.7041, 0.4518, 0.0022, 0.2179, 0, 0.5596, 1.8349, 1.2271],
      [5.7036, 2.8484, 16.2697, 4.3734, 0, 2.5432, 10.6524, 0.4068, 7.3472, 1.3679, 0.7964, 1.2205, 4.419, 0.8137, 0.876, 1.7831, 0.1356, 1.504, 0.5425, 6.1526, 2.831, 2.5505, 1.8477, 2.4297, 0.7459, 0.9493, 2.9973, 4.3191, 0.903, 0.2034, 1.5081, 2.3912, 0.8815, 2.7438, 2.8636, 1.2883, 1.3756, 0, 2.2802, 6.7939, 7.8012],
      [12.1758, 8.794, 73.4487, 26.4771, 0, 17.9411, 60.9263, 5.2501, 34.1099, 0.6954, 1.7113, 12.4338, 12.9635, 8.4205, 4.9776, 9.5206, 1.75, 8.1829, 6.7252, 14.0433, 10.2473, 10.6818, 4.9369, 18.1177, 8.047, 10.1521, 9.1471, 12.3931, 4.1899, 2.625, 14.5389, 6.4716, 8.9909, 12.2165, 11.4492, 13.0042, 4.1725, 0, 11.8227, 40.269, 25.5128]
    ]
  ],
  "V_est": [
    [11.5576, 2871.3634, 54.5784, 168.1866, 0.314],
    [160.7658, 4975.7182, 11350.239, 599.2739, 102.003],
    [152.4738, 441.1487, 166.2073, 15391.0237, 136.1466],
    [1027.3995, 139.6446, 794.2037, 370.6128, 359.1394],
    [0.4426, 1206.1141, 57.1367, 86.4427, 1.864],
    [76.3607, 112.011, 29.6349, 119.4604, 559.533]
  ],
  "p_est": [
    [0.0037, 0.9245, 0.0176, 0.0541, 0.0001],
    [0.0094, 0.2895, 0.6604, 0.0349, 0.0059],
    [0.0094, 0.0271, 0.0102, 0.945, 0.0084],
    [0.3818, 0.0519, 0.2951, 0.1377, 0.1335],
    [0.0003, 0.8921, 0.0423, 0.0639, 0.0014],
    [0.0851, 0.1249, 0.033, 0.1332, 0.6238]
  ],
  "EI_Z": {},
  "EI_V": 10.0554,
  "MAE_Z": {},
  "MAE_V": 278.3414,
  "MAE_p": 0.0869,
  "runtime": 0.8285
}
