{
  "X": [
    [28, 32, 195, 424, 5],
    [0, 7, 13, 18, 2],
    [2, 13, 52, 116, 2],
    [1, 28, 63, 59, 0],
    [10, 23, 66, 54, 7],
    [0, 7, 32, 52, 1],
    [46, 58, 448, 349, 8],
    [114, 197, 1160, 1906, 36],
    [16, 31, 126, 229, 4],
    [5, 2, 41, 50, 0],
    [97, 114, 816, 1201, 47],
    [46, 56, 329, 444, 13],
    [4, 1, 26, 41, 3],
    [0, 1, 4, 10, 0],
    [0, 2, 8, 23, 2],
    [5, 8, 40, 102, 7],
    [0, 2, 9, 8, 0],
    [13, 27, 142, 215, 11],
    [73, 112, 738, 1270, 54],
    [0, 5, 26, 27, 1],
    [10, 19, 115, 226, 2],
    [16, 4, 48, 100, 17],
    [0, 2, 18, 19, 3],
    [0, 9, 17, 25, 1],
    [29, 60, 281, 255, 8],
    [77, 105, 643, 561, 17],
    [50, 71, 515, 475, 29],
    [39, 26, 193, 237, 7],
    [42, 56, 385, 476, 13],
    [21, 70, 337, 485, 18],
    [32, 58, 334, 490, 20],
    [37, 62, 300, 695, 25],
    [36, 73, 377, 591, 24],
    [4, 3, 12, 12, 0],
    [23, 18, 96, 169, 10],
    [34, 52, 236, 386, 24],
    [13, 43, 136, 198, 12],
    [7, 3, 11, 33, 0],
    [17, 43, 197, 300, 12],
    [0, 3, 24, 23, 1],
    [1, 5, 5, 19, 0],
    [4, 6, 29, 40, 1],
    [45, 50, 284, 422, 12],
    [14, 35, 239, 436, 12],
    [1, 3, 24, 24, 1],
    [20, 17, 117, 200, 2],
    [43, 63, 428, 616, 31],
    [16, 70, 285, 581, 18],
    [44, 73, 321, 606, 19],
    [55, 81, 468, 1018, 34],
    [1, 5, 6, 16, 1],
    [4, 6, 21, 33, 4],
    [15, 104, 415, 525, 9],
    [65, 225, 905, 1131, 88],
    [87, 208, 706, 1051, 53]
  ],
  "W": [
    [18, 211, 404, 36, 15],
    [7, 13, 16, 0, 4],
    [15, 48, 111, 6, 5],
    [38, 63, 44, 2, 4],
    [20, 72, 46, 12, 10],
    [7, 28, 49, 0, 8],
    [71, 405, 318, 78, 37],
    [256, 1044, 1782, 208, 123],
    [26, 125, 216, 25, 14],
    [7, 37, 43, 9, 2],
    [115, 813, 1139, 132, 76],
    [41, 333, 412, 72, 30],
    [4, 20, 43, 6, 2],
    [1, 4, 10, 0, 0],
    [4, 7, 20, 1, 3],
    [9, 39, 93, 14, 7],
    [5, 6, 7, 0, 1],
    [30, 146, 191, 19, 22],
    [105, 738, 1190, 133, 81],
    [9, 20, 27, 0, 3],
    [30, 105, 210, 18, 9],
    [5, 61, 101, 9, 9],
    [6, 15, 16, 2, 3],
    [4, 19, 26, 0, 3],
    [53, 274, 220, 50, 36],
    [145, 574, 521, 112, 51],
    [71, 491, 445, 79, 54],
    [42, 173, 218, 47, 22],
    [70, 352, 426, 77, 47],
    [87, 298, 454, 45, 47],
    [77, 295, 459, 58, 45],
    [54, 297, 670, 55, 43],
    [80, 359, 531, 70, 61],
    [2, 12, 9, 5, 3],
    [13, 105, 155, 26, 17],
    [35, 272, 346, 47, 32],
    [23, 152, 178, 28, 21],
    [3, 16, 26, 5, 4],
    [33, 204, 280, 28, 24],
    [0, 25, 25, 0, 1],
    [3, 5, 18, 2, 2],
    [6, 26, 35, 4, 9],
    [44, 276, 398, 58, 37],
    [32, 237, 410, 33, 24],
    [3, 24, 20, 3, 3],
    [14, 103, 190, 31, 18],
    [54, 412, 591, 63, 61],
    [69, 280, 540, 29, 52],
    [68, 305, 554, 91, 45],
    [95, 437, 959, 106, 59],
    [3, 6, 16, 4, 0],
    [10, 20, 32, 2, 4],
    [125, 395, 468, 34, 46],
    [168, 913, 1112, 91, 130],
    [133, 717, 1006, 121, 128]
  ],
  "method": "mult",
  "cond_prob": [
    [
      [0.0011198388145, 0.3352384366, 0.48747799044, 0.17596604318, 0.00019769096489],
      [0.028275167649, 0.091482499641, 0.84437745928, 0.025967488315, 0.0098973851136],
      [0.0064788837007, 0.0017183706894, 0, 0.98710505007, 0.0046976955361],
      [0.53434653305, 0.018093918901, 0.1213867166, 0.32592919175, 0.00024363969475],
      [0.010655888165, 0.3544865252, 0.24612203106, 0.3219720037, 0.06676355187]
    ],
    [
      [0, 0.46447794119, 0.37365545318, 0.15969608558, 0.0021705200498],
      [0, 0.16785001155, 0.75416110166, 0.028957553954, 0.049031332835],
      [0, 0.0010640918596, 0, 0.97453851752, 0.024397390623],
      [3.5128150389e-17, 0.058217900186, 0.23280696133, 0.70638692135, 0.0025882171404],
      [0, 0.38739469793, 0.14507937655, 0.22826572981, 0.23926019571]
    ],
    [
      [0, 0.36124542668, 0.47575601509, 0.16270940698, 0.00028915124316],
      [0.00079264267543, 0.10740864919, 0.85799780222, 0.019383733777, 0.014417172145],
      [0, 0.0033540912077, 0.012665614285, 0.97653307948, 0.0074472150251],
      [0.32407119778, 0.029883087394, 0.18311701246, 0.46235622317, 0.00057247919496],
      [0.0035051929803, 0.3748201581, 0.23503600134, 0.29192610249, 0.094712545084]
    ],
    [
      [0, 0.4352680421, 0.36069431966, 0.20403763824, 0],
      [0.0056760864868, 0.15109940969, 0.76523916047, 0.077985343354, 0],
      [0, 0, 0, 1, 0],
      [0.31475914095, 0.036035530386, 0.14770244034, 0.50150288833, 0],
      [0.0032220673594, 0.46712013227, 0.19703596564, 0.33262183472, 0]
    ],
    [
      [0.0028923184277, 0.43544272242, 0.40647735638, 0.15360710856, 0.0015804942156],
      [0.033044945774, 0.13627336048, 0.76344930182, 0.018827677826, 0.048404714096],
      [0.0097968555688, 0.010784601508, 0.0010705698919, 0.95353885545, 0.024809117583],
      [0.58463113454, 0.024967645703, 0.10120249369, 0.28764265008, 0.0015560759885],
      [0.0096688565088, 0.36837601794, 0.16384270017, 0.22577658737, 0.23233583801]
    ],
    [
      [0, 0.3049704412, 0.52832789266, 0.16662228467, 7.9381474716e-05],
      [0, 0.077046173356, 0.89764802662, 0.016579528568, 0.0087262714552],
      [0, 0.00046814932198, 0.019540176455, 0.97590032137, 0.0040913528485],
      [0, 0.035333724065, 0.28727676066, 0.67683454027, 0.00055497500446],
      [0, 0.33562184261, 0.27626141997, 0.3187876825, 0.069329054919]
    ],
    [
      [0.00072897501493, 0.26324000033, 0.57393754978, 0.161936713, 0.00015676188076],
      [0.0089118061206, 0.064839341631, 0.91726889073, 0, 0.0089799615161],
      [0.013894648718, 0.0029730213894, 0.0365498722, 0.94142725865, 0.0051551990398],
      [0.48185989655, 0.015970048217, 0.16430647286, 0.33762157806, 0.00024200430939],
      [0.0090646235634, 0.29348492035, 0.30588564802, 0.31876059559, 0.072804212477]
    ],
    [
      [0.0004856970828, 0.28749755753, 0.5383702974, 0.17340247777, 0.00024397021828],
      [0.015225347812, 0.074170125537, 0.88183441486, 0.016216151644, 0.012553960146],
      [0.0019395381173, 0.0024994235634, 0.019590881846, 0.96945158797, 0.0065185685086],
      [0.44987984115, 0.018288025205, 0.15798826242, 0.37345484485, 0.0003890263689],
      [0.0077165410285, 0.3065783104, 0.27454930665, 0.32063386903, 0.090521972884]
    ],
    [
      [0.00080632933875, 0.37796289096, 0.46080513273, 0.16019004354, 0.00023560342813],
      [0.019634748415, 0.10934899485, 0.840467493, 0.018287183336, 0.012261580404],
      [0.0044098694435, 0.0064090404909, 0.011106848128, 0.97178559465, 0.006288647284],
      [0.49823916795, 0.02399555661, 0.13387390031, 0.34353756824, 0.00035380689437],
      [0.0082986347679, 0.39429277269, 0.22962165865, 0.28964523571, 0.078141698186]
    ],
    [
      [0.00052164745894, 0.1233724063, 0.65917649792, 0.21692944832, 0],
      [0.01695644052, 0.02127803117, 0.92686424245, 0.034901285862, 0],
      [0, 0, 6.6328507128e-05, 0.99993367149, 0],
      [0.4829634989, 0.0052088809076, 0.14694475431, 0.36488286588, 0],
      [0.011144339206, 0.15111303724, 0.38321631466, 0.45452630889, 0]
    ],
    [
      [0.0012516721395, 0.27882657981, 0.54020249145, 0.17918487802, 0.00053437857588],
      [0.023382998878, 0.070079156389, 0.86415778727, 0.017880541286, 0.02449951618],
      [0.0074252545654, 0.002037016003, 0.012625121557, 0.96522696271, 0.012685645169],
      [0.52000281986, 0.015086448138, 0.13489141522, 0.329338911, 0.00068040578492],
      [0.009841347958, 0.27169758941, 0.25172042333, 0.30250805511, 0.1642325842]
    ],
    [
      [0.0010127541938, 0.32803541756, 0.50254547775, 0.16804764981, 0.00035870068669],
      [0.021226253571, 0.08845068127, 0.85654124739, 0.016432340227, 0.017349477538],
      [0.0059838113046, 0.0040174683428, 0.0142848203, 0.96666333999, 0.0090505600608],
      [0.50217254059, 0.019600104905, 0.1379906884, 0.33974308049, 0.00049358561987],
      [0.0089460486239, 0.33433555022, 0.24489081674, 0.29704263967, 0.11478494473]
    ],
    [
      [0.0011314752005, 0.10007697842, 0.72749120739, 0.16991183823, 0.0013885007679],
      [0.0070988280404, 0.018359311158, 0.92893387488, 0, 0.045607985922],
      [0.011053529932, 0.00092236551925, 0.069071549104, 0.88796226483, 0.030990290611],
      [0.560054612, 0.0043670791569, 0.16124510708, 0.27277871957, 0.0015544821992],
      [0.0089340396498, 0.083320835451, 0.28690520946, 0.25065147092, 0.37018844452]
    ],
    [
      [0, 0.52757780571, 0.36121470759, 0.1112074867, 0],
      [0, 0.1126245419, 0.87260555134, 0.014769906758, 0],
      [0, 0.0021924026687, 0.014836308704, 0.98297128863, 0],
      [-0, 0.052973064102, 0.2676559317, 0.6793710042, 0],
      [0, 0.59489637947, 0.18305879632, 0.2220448242, 0]
    ],
    [
      [0, 0.27046459168, 0.51149097183, 0.21658839866, 0.0014560378238],
      [1.1158775139e-17, 0.041500208247, 0.74259114203, 0.15728384726, 0.058624802462],
      [4.7763062621e-33, 0, 0, 0.9737083929, 0.026291607103],
      [0, 0.025200385383, 0.2375407564, 0.73403472668, 0.003224131537],
      [0, 0.20081326339, 0.17278578736, 0.27481896329, 0.35158198596]
    ],
    [
      [0, 0.30760280708, 0.50283458151, 0.18812167917, 0.0014409322379],
      [0, 0.07789867647, 0.81921702501, 0.047332868252, 0.055551430264],
      [0, 0, 0, 0.97117824266, 0.028821757339],
      [0.35533649856, 0.033889328878, 0.15655577182, 0.45191169674, 0.0023067039944],
      [0.0036127171677, 0.24558224995, 0.19046342648, 0.25922610055, 0.30111550586]
    ],
    [
      [9.5526125242e-33, 0.27125869728, 0.5729793868, 0.15576191592, 0],
      [0, 0.051327894845, 0.94006375633, 0.0086083488222, 0],
      [0, 0, 0.025013849337, 0.97498615066, 0],
      [0, 0.02946959581, 0.2983758839, 0.67215452029, 0],
      [0, 0.33573914455, 0.31962358264, 0.34463727281, 0]
    ],
    [
      [0.00078131522017, 0.3038015749, 0.50205658802, 0.19276900931, 0.00059151254551],
      [0.023835784124, 0.077836862653, 0.81930470216, 0.049448463543, 0.029574187525],
      [0, 0, 0, 0.98618431852, 0.013815681479],
      [0.49051447775, 0.016794408899, 0.12887289623, 0.36300019153, 0.00081802559903],
      [0.0080345901869, 0.28193986531, 0.22141958256, 0.30632934395, 0.182276618]
    ],
    [
      [0.00054577527729, 0.28842502142, 0.52873067818, 0.18164976184, 0.00064876328484],
      [0.015087868688, 0.073952757959, 0.85844372812, 0.023601098657, 0.028914546577],
      [0.0013656175485, 0.0022196263951, 0.0079846527314, 0.97364373055, 0.01478637277],
      [0.4482859943, 0.017922786856, 0.15094330328, 0.38190629444, 0.00094162111656],
      [0.0069225232076, 0.27300186809, 0.23919273274, 0.29727886021, 0.18360401575]
    ],
    [
      [0, 0.28504216123, 0.57453148509, 0.14027472769, 0.00015162598455],
      [0, 0.056735788911, 0.92688699077, 0, 0.016377220316],
      [1.0513012102e-18, 0.014725296513, 0.053176910383, 0.92252832005, 0.0095694730518],
      [0, 0.033859956157, 0.31794255669, 0.64707774574, 0.0011197414042],
      [0, 0.30077392161, 0.28523341279, 0.27642093646, 0.13757172914]
    ],
    [
      [0.00039215974281, 0.28017155998, 0.53532445967, 0.18398232153, 0.00012949907894],
      [0.015042164856, 0.071220701902, 0.88128468864, 0.02518656494, 0.0072658796656],
      [0.0011329112497, 0.00016906109495, 0.0054732224096, 0.98972116589, 0.0035036393581],
      [0.44998184755, 0.016962644264, 0.15132913006, 0.38151134328, 0.00021503484234],
      [0.0079136977277, 0.30842767492, 0.28134142845, 0.34747689108, 0.05484030782]
    ],
    [
      [0.0046538701455, 0.18168674019, 0.5810064996, 0.22949975831, 0.0031531317534],
      [0.12183744503, 0.035451324359, 0.7087290852, 0.02181033446, 0.11217181095],
      [0.01556995962, 0, 0, 0.92998783467, 0.054442205706],
      [0.75476081436, 0.0039441822179, 0.05845672575, 0.18098199564, 0.0018562820289],
      [0.019914805707, 0.099281985911, 0.14848697478, 0.21827350483, 0.51404272877]
    ],
    [
      [0, 0.18058544527, 0.61338685993, 0.20227871748, 0.0037489773172],
      [0, 0.033350968134, 0.87235343323, 0.022541989498, 0.071753609135],
      [0, 0, 0.0038199933942, 0.9571342, 0.039045806602],
      [6.0715321659e-17, 0.0169295887, 0.28194326835, 0.69639222446, 0.0047349184884],
      [0, 0.12745454298, 0.20312363698, 0.24708873455, 0.42233308549]
    ],
    [
      [0, 0.56573757364, 0.32629316465, 0.10745992255, 0.00050933916348],
      [0, 0.20508852421, 0.77464786695, 0, 0.020263608838],
      [0, 0.044925129042, 0.019972282974, 0.92306163258, 0.012040955403],
      [0, 0.089449341757, 0.25144590258, 0.65791823083, 0.0011865248337],
      [0, 0.55743813013, 0.15241283732, 0.19018595424, 0.099963078314]
    ],
    [
      [0.00050376177933, 0.3451161036, 0.49028061748, 0.16386704409, 0.00023247305327],
      [0.016412439428, 0.09632557482, 0.8586467279, 0.01597489458, 0.012640363271],
      [0.0028705048138, 0.005178868467, 0.016217062529, 0.96911976082, 0.0066138033662],
      [0.47135684562, 0.022525725572, 0.14623024111, 0.3595160379, 0.00037114979893],
      [0.0076927467333, 0.36250004632, 0.24629605602, 0.29877156311, 0.084739587815]
    ],
    [
      [0.0017762172653, 0.29095894449, 0.55093881232, 0.15607743699, 0.00024858893344],
      [0.016068455979, 0.074598351772, 0.89582005851, 0, 0.01351313374],
      [0.016264620517, 0.0043072196011, 0.034428965591, 0.93723116268, 0.0077680316136],
      [0.52249833014, 0.016945540882, 0.14872275146, 0.31146185993, 0.00037151760094],
      [0.010303421574, 0.31077523805, 0.2807592038, 0.29779622686, 0.10036590972]
    ],
    [
      [0.00084158518691, 0.27539806265, 0.55664992511, 0.16650074997, 0.00060967707641],
      [0.017714954385, 0.06904117552, 0.88722742661, 0, 0.026016443489],
      [0.0046306520635, 0.0038251713695, 0.03045164511, 0.94636212567, 0.014730405783],
      [0.49028783723, 0.016527673936, 0.15451148567, 0.33782767681, 0.00084532635411],
      [0.0083115840571, 0.26925246058, 0.26095924836, 0.28442433999, 0.17705236702]
    ],
    [
      [0.0040579916384, 0.2436412547, 0.57544888631, 0.17665802854, 0.00019383881257],
      [0.038495059275, 0.055836535191, 0.88356922849, 0.0068786595391, 0.015220517508],
      [0.020035912643, 0, 0.017576944207, 0.95457528297, 0.0078118601785],
      [0.58461831425, 0.010669635858, 0.12389790837, 0.28060843683, 0.00020570468974],
      [0.014774062294, 0.25481244679, 0.28721339619, 0.32292484012, 0.12027525462]
    ],
    [
      [0.00050855604555, 0.26347612692, 0.55678949553, 0.17897905843, 0.00024676307698],
      [0.015362454823, 0.064826514171, 0.88826279013, 0.017499998533, 0.014048242344],
      [0.0021177992333, 0.0010540843709, 0.018981079455, 0.97066441161, 0.0071826253268],
      [0.45815359192, 0.015748082509, 0.15660590934, 0.36911416774, 0.00037824848883],
      [0.0080171899544, 0.27821480494, 0.28109868766, 0.32737523751, 0.10529407993]
    ],
    [
      [0, 0.3114314779, 0.52297246575, 0.16511840995, 0.00047764639896],
      [0.0092734736733, 0.084165978057, 0.87400922522, 0.011660265305, 0.020891057746],
      [0, 0.0045270926224, 0.025126153035, 0.95890482968, 0.011441924665],
      [0.39963395362, 0.022557087844, 0.1730966649, 0.40393611701, 0.00077617662387],
      [0.0053824879218, 0.31390704167, 0.25212814822, 0.29021321986, 0.13836910232]
    ],
    [
      [0.00041378217919, 0.28214884878, 0.54659478759, 0.17031563983, 0.0005269416149],
      [0.014828803042, 0.071522231614, 0.87891701146, 0.011372995402, 0.023358958481],
      [0.0017464228801, 0.003364935631, 0.025509292085, 0.95660072908, 0.012778620328],
      [0.45634942801, 0.017845023616, 0.15945101433, 0.36557398267, 0.00078055136786],
      [0.0071948210722, 0.27991029985, 0.25943909059, 0.29439192107, 0.15906386742]
    ],
    [
      [0.00088733522916, 0.33232265677, 0.49439675132, 0.17179521381, 0.00059804287343],
      [0.020078295805, 0.089898415107, 0.84292856877, 0.019592166739, 0.027502553576],
      [0.0047488386195, 0.0039829626105, 0.0087579141288, 0.96826869539, 0.014241589246],
      [0.49913898807, 0.019803158658, 0.13490858347, 0.34532395294, 0.00082531686855],
      [0.0082433447666, 0.31620903658, 0.2247678127, 0.28305445597, 0.16772535]
    ],
    [
      [0.00024204160167, 0.30266108728, 0.51523887872, 0.18136842706, 0.00048956534674],
      [0.013708214111, 0.079060369921, 0.85670548044, 0.027033258388, 0.023492677136],
      [0.00033437674103, 0.0018760444516, 0.0055042499847, 0.9805536675, 0.011731661322],
      [0.43551782794, 0.019347674329, 0.15186779335, 0.39251445998, 0.00075224440448],
      [0.0064850131316, 0.29596595753, 0.24049376962, 0.305501253, 0.15155400672]
    ],
    [
      [0.0046338525633, 0.36855885751, 0.45999715273, 0.1668101372, 0],
      [0.057588668115, 0.080596187127, 0.82752186586, 0.034293278895, 0],
      [0.0096552157742, 0, 0, 0.99034478423, 0],
      [0.63166334054, 0.010447646408, 0.086575161833, 0.27131385121, 0],
      [0.018151544269, 0.41449660247, 0.23895583167, 0.32839602159, 0]
    ],
    [
      [0.0024467421873, 0.31897846579, 0.49212269415, 0.18572090811, 0.00073118977014],
      [0.057736346764, 0.082057003712, 0.79540955268, 0.029034777076, 0.035762319772],
      [0.0071577129639, 0.00045870309991, 0, 0.97558142489, 0.016802159044],
      [0.59890792517, 0.013902906832, 0.099098351328, 0.28736660698, 0.00072420968441],
      [0.013224963379, 0.28263058805, 0.20634381239, 0.28531317423, 0.21248746196]
    ],
    [
      [0.0011711828557, 0.36314963522, 0.45084043758, 0.18401490288, 0.00082384147079],
      [0.033567217984, 0.10372525468, 0.76833825313, 0.05472162803, 0.039647646176],
      [0, 0, 0, 0.98157062284, 0.018429377164],
      [0.52240729464, 0.019901024827, 0.1119588544, 0.3446640815, 0.0010687446274],
      [0.0086119518809, 0.3169107915, 0.18657855237, 0.27664213262, 0.21125657164]
    ],
    [
      [0, 0.43996296509, 0.40235902796, 0.15686234076, 0.00081566618378],
      [0.0080499866273, 0.14511930356, 0.78376099205, 0.02872265962, 0.03434705814],
      [0, 0.0078645548303, 0, 0.97439751159, 0.01773793358],
      [0.4172414852, 0.034513886951, 0.14060501179, 0.40629460613, 0.0013450099278],
      [0.0044590689051, 0.40268752699, 0.1751014874, 0.24796742217, 0.16978449453]
    ],
    [
      [0.0084519472006, 0.33809215478, 0.39956977532, 0.2538861227, 0],
      [0.19536635491, 0.037741228664, 0.55984873994, 0.20704367649, 0],
      [0, 0, 0, 1, 0],
      [0.74307053662, 0.002541631797, 0.02494388817, 0.22944394341, 0],
      [0.0333574492, 0.34228892952, 0.17974784855, 0.44460577274, 0]
    ],
    [
      [0.00051427331047, 0.35917383776, 0.47205603507, 0.16773372498, 0.00052212887799],
      [0.016041918738, 0.10127085179, 0.83491471668, 0.023434843347, 0.024337669453],
      [0.0019946948903, 0.0052641526185, 0.0067636793031, 0.97347061523, 0.012506857955],
      [0.46384936455, 0.023556004369, 0.1415394559, 0.37027504483, 0.00078013035902],
      [0.006840865897, 0.34810328058, 0.21844223629, 0.28102522968, 0.14558838755]
    ],
    [
      [0, 0.37054751407, 0.49163389744, 0.13739606185, 0.00042252663424],
      [0, 0.076065353402, 0.90281649706, 0, 0.021118149533],
      [0, 0.028961451242, 0.047731249106, 0.91036994417, 0.012937355484],
      [2.0881733842e-16, 0.045437298994, 0.30712734745, 0.64607624674, 0.0013591068216],
      [1.3877787808e-16, 0.3743298839, 0.23630634572, 0.24075139579, 0.14861237459]
    ],
    [
      [0, 0.6088651689, 0.2747013466, 0.1164334845, 0],
      [0, 0.23877049908, 0.74406927545, 0.017160225465, 0],
      [0, 0.023813195151, 0.00087858582571, 0.97530821902, 0],
      [0.49657523168, 0.12890813128, 0.086065788224, 0.28845084882, 0],
      [0.0034247683238, 0.64654911131, 0.13380173081, 0.21622438956, 0]
    ],
    [
      [0.0024933188228, 0.28266782656, 0.53565844862, 0.17918040599, 0],
      [0.039065071418, 0.058799434652, 0.87060579657, 0.023104771745, 0.0084249256102],
      [0.0087812684238, 0, 0.008303963481, 0.97958226123, 0.0033325068651],
      [0.6304856109, 0.010714159445, 0.10242386865, 0.25635094398, 2.541702374e-05],
      [0.015562376861, 0.30359456688, 0.27221826677, 0.33482339774, 0.073801391751]
    ],
    [
      [0.0017793362726, 0.31072085616, 0.51830318754, 0.16888191197, 0.00031470805232],
      [0.028335029707, 0.08110091246, 0.86202613895, 0.012343248384, 0.016194670499],
      [0.011960481429, 0.0029238156386, 0.016221279133, 0.96049260514, 0.0084018186648],
      [0.55026408113, 0.016474481568, 0.12738115078, 0.30549216658, 0.00038811993767],
      [0.011504126782, 0.31960086311, 0.25489917723, 0.30183396794, 0.11216186495]
    ],
    [
      [0.00021348731709, 0.28669697132, 0.53139302848, 0.18127209264, 0.00042442024647],
      [0.0070133666329, 0.07624006097, 0.87233934578, 0.024652763326, 0.019754463295],
      [0, 0.00036510518663, 0.0082437345274, 0.98147421066, 0.0099169496299],
      [0.36994458382, 0.020294867604, 0.17359128139, 0.43545417817, 0.00071508901577],
      [0.0051178853207, 0.28905744627, 0.25593977907, 0.31592391162, 0.13396097773]
    ],
    [
      [0, 0.25980406159, 0.54493499457, 0.19498810104, 0.00027284280687],
      [0, 0.057904039207, 0.87716608472, 0.047481048439, 0.017448827636],
      [0, 0, 0, 0.99215906199, 0.0078409380122],
      [0.33019216931, 0.016174948738, 0.1803292725, 0.47278182569, 0.00052178376773],
      [0.0031411640263, 0.26078867602, 0.25740705519, 0.33798793917, 0.14067516559]
    ],
    [
      [0.001165258734, 0.27109663778, 0.56144499819, 0.16618769425, 0.00010541104624],
      [0.021604856042, 0.066725611932, 0.90000996984, 0.0059615978895, 0.0056979642952],
      [0.0082336812639, 0.0016875639823, 0.03326784829, 0.9538568243, 0.0029540821681],
      [0.51612141619, 0.015027063894, 0.14897764896, 0.31976150466, 0.00011236630119],
      [0.010790159083, 0.30807960582, 0.30553026883, 0.32855135762, 0.047048608648]
    ],
    [
      [0.00093993674593, 0.27751533647, 0.54821321927, 0.17271004547, 0.00062146203875],
      [0.019506476307, 0.069692106022, 0.873333934, 0.010391888041, 0.027075595628],
      [0.0050495342082, 0.0033067525523, 0.023521386208, 0.95335106064, 0.014771266392],
      [0.49842041286, 0.016079481748, 0.14637894508, 0.33828340835, 0.00083775197117],
      [0.0086526959035, 0.26776600067, 0.25344086166, 0.28934210013, 0.18079834163]
    ],
    [
      [0.00027683583106, 0.3421506134, 0.48010209886, 0.17705579869, 0.00041465321479],
      [0.01381195358, 0.095896505158, 0.84153741284, 0.027957374544, 0.020796753876],
      [0, 0.0023180336025, 0, 0.98757374311, 0.010108223288],
      [0.40756953501, 0.023905438139, 0.15403325522, 0.4137952313, 0.00069654032327],
      [0.0056545155777, 0.33837673807, 0.22645221503, 0.30125388521, 0.12826264612]
    ],
    [
      [0.0001733715149, 0.34497467018, 0.48511956171, 0.16926049038, 0.00047190620714],
      [0.012526147674, 0.097053968429, 0.847169209, 0.021530199966, 0.021720474931],
      [0, 0.004426265787, 0.010126245164, 0.97418956454, 0.011257924504],
      [0.43828808556, 0.023518776634, 0.1505411577, 0.38691189176, 0.00074008835236],
      [0.0063004424549, 0.34106449194, 0.22924613083, 0.28919055015, 0.13419838463]
    ],
    [
      [0.00046344190797, 0.2905716986, 0.5288211457, 0.17957189105, 0.00057182273364],
      [0.014914263355, 0.074878184654, 0.86330721918, 0.021114157882, 0.02578617493],
      [0.00089019515389, 0.0022422563723, 0.01024871053, 0.9733509669, 0.013267871046],
      [0.44506981151, 0.018286503826, 0.15319793405, 0.38260249196, 0.00084325865592],
      [0.0069041145818, 0.28110557072, 0.24456342321, 0.30024308395, 0.16718380754]
    ],
    [
      [0, 0.68278446863, 0.24410368339, 0.072239097803, 0.00087275016989],
      [0, 0.25453058813, 0.68164955027, 0, 0.063819861596],
      [0, 0.039394767124, 0.035714533372, 0.88716617099, 0.037724528518],
      [0.25, 0.19853669783, 0.15158977856, 0.3971559927, 0.0027175309074],
      [0.0015567560172, 0.49160851627, 0.080900600678, 0.11017331431, 0.31576081272]
    ],
    [
      [0.0085774621344, 0.33746388531, 0.48029958314, 0.17103366158, 0.0026254078389],
      [0.066821290389, 0.080706246575, 0.77172688903, 0.013092629372, 0.06765294463],
      [0.028386443435, 0.00054110936356, 0, 0.93359887797, 0.037473569233],
      [0.79603042055, 0.0077038943625, 0.052589161269, 0.14260899501, 0.0010675288087],
      [0.019343134965, 0.24462823176, 0.16432201636, 0.21685717793, 0.35484943898]
    ],
    [
      [0, 0.35155123911, 0.47499226166, 0.1733048809, 0.00015161832505],
      [0.0076285803416, 0.10146630657, 0.8521731346, 0.029040534683, 0.0096914438077],
      [0, 0.0038392914215, 0.0043170727178, 0.987128469, 0.0047151668566],
      [0.34644144395, 0.027810235173, 0.17219954409, 0.45319536107, 0.00035341571392],
      [0.0045152537125, 0.37466451377, 0.24222618687, 0.31480680255, 0.063787243091]
    ],
    [
      [0.00066123679873, 0.37916004353, 0.46902190007, 0.15008030015, 0.0010765194449],
      [0.017424749118, 0.1110622809, 0.83124443201, 0.0014937338404, 0.038774804132],
      [0.0035801093676, 0.011628061999, 0.024873847053, 0.93729449669, 0.022623484894],
      [0.48485340925, 0.02591075898, 0.14443205365, 0.34343880075, 0.001364977369],
      [0.0067490339614, 0.34317666321, 0.20365476581, 0.23767937995, 0.20874015706]
    ],
    [
      [0.0010985193849, 0.40568001627, 0.44306449664, 0.14950558635, 0.00065138134942],
      [0.022531006138, 0.12347825189, 0.81977085858, 0.0077064169048, 0.026513466489],
      [0.0067079047767, 0.012258256315, 0.017375747137, 0.94873013757, 0.014927954197],
      [0.5196232035, 0.026625469056, 0.12969841778, 0.32316956688, 0.00088334278755],
      [0.0084109819743, 0.39029034078, 0.20408754825, 0.25050171955, 0.14670940944]
    ]
  ],
  "expected_outcome": [
    [
      [0.020157098661, 0, 0, 0, 0.057846368554, 0, 0.05175722606, 0.1243384532, 0.020964562807, 0.0036515322126, 0.14394229604, 0.041522921947, 0.0045259008019, 0, 0, 0, 4.7763062621e-32, 0.023439456605, 0.057306404115, 0, 0.011764792284, 0.023269350727, 0, 0, 0.026699374304, 0.25755150347, 0.059752548271, 0.17043564881, 0.035598923189, 0, 0.031861227798, 0.047916102375, 0.019363328133, 0.0092677051267, 0.031807648435, 0.040991399949, 0, 0.025355841602, 0.016971019246, 0, 0, 0.014959912937, 0.078290795996, 0.006831594147, 0, 0.016313622275, 0.05075658428, 0.019101672343, 0.011789263013, 0.044026981257, 0, 0.085774621344, 0, 0.11108778219, 0.1461030782],
      [6.0342918588, 3.2513455883, 5.4186814002, 16.5401855999, 8.7088544483, 2.1347930884, 18.6900400235, 73.5993747272, 9.8270351651, 0.86360684408, 32.0650566786, 13.4494521199, 0.40030791368, 0.52757780571, 1.0818583667, 2.7684252638, 1.3562934864, 9.1140472469, 30.2846272486, 2.5653794511, 8.4051467993, 0.90843370095, 1.0835126716, 2.2629502945, 18.2911534907, 42.1890469515, 19.5532624483, 10.2329326973, 18.4433288843, 27.0945385772, 21.7254613562, 17.9454234653, 24.2128869823, 0.73711771502, 4.1467200553, 12.7102372327, 10.1191481971, 1.0142764643, 11.8527366462, 0, 1.8265955067, 1.6960069593, 13.6717176711, 9.1743030822, 0.77941218476, 3.7953529289, 14.9858281695, 23.6083923246, 23.4582775723, 27.6043113673, 2.0483534059, 3.3746388531, 43.9439048892, 63.6988873135, 53.9554421637],
      [8.774603828, 2.6155881723, 7.1363402264, 13.7063841469, 8.1295471277, 3.6982952486, 40.7495660341, 137.822796134, 11.980933451, 4.6142354855, 62.1232865164, 20.6043645876, 2.9099648295, 0.36121470759, 2.0459638873, 4.5255112336, 2.864896934, 15.0616976407, 55.5167212091, 5.1707833658, 16.0597337901, 2.905032498, 3.6803211596, 1.3051726586, 25.9848727265, 79.8861277857, 39.5221446829, 24.1688532252, 38.9752646872, 45.4986045201, 42.0877986445, 26.6974245713, 41.2191102973, 0.91999430545, 6.3975950239, 15.7794153151, 9.2542576431, 1.198709326, 15.5778491572, 0, 0.82410403981, 3.2139506917, 22.8053402519, 17.0045769114, 1.6348049837, 7.8602299746, 29.6035138406, 33.1270448214, 32.9881301965, 50.2380088419, 0.73231105018, 4.8029958314, 59.3740327077, 78.7956792115, 58.9275780537],
      [3.1673887772, 1.1178725991, 2.4406411048, 7.7534302531, 3.0721421711, 1.1663559927, 11.4975066228, 44.3910343097, 4.164941132, 1.5185061382, 20.6062609728, 6.8899536424, 0.6796473529, 0.1112074867, 0.86635359465, 1.6930951125, 0.77880957962, 5.7830702794, 19.0732249932, 1.2624725492, 5.519469646, 1.1474987916, 1.2136723049, 0.42983969019, 8.6849533367, 22.631228364, 11.8215532481, 7.4196371986, 12.5285340899, 14.365301666, 13.1143042671, 9.2769415458, 14.5094741645, 0.3336202744, 2.4143718054, 6.4405216007, 3.6078338376, 0.7616583681, 5.5352129244, 0, 0.3493004535, 1.075082436, 7.4308041268, 5.8007069644, 0.58496430311, 2.3266277195, 9.3263424555, 12.2168501098, 11.5097133462, 17.0593296498, 0.21671729341, 1.7103366158, 21.6631101125, 25.213490426, 19.8842429849],
      [0.003558437368, 0.015193640349, 0.0043372686474, 0, 0.031609884311, 0.00055567032301, 0.011130093534, 0.062456375881, 0.0061256891314, 0, 0.061453536227, 0.014706728154, 0.0055540030714, 0, 0.0058241512951, 0.012968390141, 0, 0.017745376365, 0.068120144908, 0.001364633861, 0.0038849723681, 0.015765658767, 0.022493863903, 0.0020373566539, 0.012321071823, 0.036045395349, 0.043287072425, 0.0081412301278, 0.017273415388, 0.04155523671, 0.040574504347, 0.032294315165, 0.03916522774, 0, 0.0095054670119, 0.028834451478, 0.018760322227, 0, 0.017230252974, 0, 0, 0, 0.013847154302, 0.013581447887, 0.0008185284206, 0.0014757546474, 0.033558950093, 0.02861107182, 0.032089622085, 0.054323159695, 0.0026182505097, 0.026254078389, 0.018952290631, 0.18085526674, 0.086633719473]
    ],
    [
      [5.9660603738, 0, 0.038046848421, 0.35759344867, 2.3792360958, 0, 3.6092814788, 15.8952631156, 2.4543435519, 0.62738829924, 19.0103780877, 7.0683424393, 0.14197656081, 0, 7.8111425975e-17, 0, 0, 3.4800244821, 11.1348470914, 0, 1.5794273098, 7.432084147, 0, 0, 4.4970084033, 9.2232937318, 8.6980426031, 6.6596452545, 5.4075840975, 2.7634951546, 4.3744968974, 5.963253854, 4.9212488657, 0.69106401738, 6.0623164103, 9.1302832916, 1.2235979673, 3.1258616785, 3.2725514226, 0, 0, 1.0156918569, 7.8204681991, 1.662167892, 0, 2.2253001724, 8.0366682385, 3.8673470024, 3.8204750407, 6.517533086, 0, 1.3364258078, 3.0132892349, 15.9087959445, 16.1547314006],
      [19.3028074242, 2.1820501502, 5.1556151609, 9.5192628102, 9.8116819545, 2.157292854, 26.2599333607, 77.4336110608, 13.6686243561, 0.78728715328, 56.9743541445, 29.454076863, 0.36718622315, 0.4504981676, 0.29050145773, 3.0380483823, 0.30796736907, 11.3641819473, 54.5771353738, 1.1347157782, 7.4781736997, 2.1625307859, 0.50026452201, 3.89668196, 26.3932075006, 42.819453917, 33.8992171801, 9.6597205881, 22.8189329883, 25.0814614609, 21.0990583262, 26.6998292867, 28.3826728016, 0.96715424553, 8.6159853898, 28.2132692725, 22.0581341416, 0.60385965862, 20.6592537643, 1.9016338351, 1.1938524954, 1.528785301, 22.3838518389, 18.0688944499, 1.389696941, 6.872738029, 28.713147681, 26.8510214442, 29.6014603708, 32.7217666938, 1.5271835288, 1.6141249315, 40.0791910962, 101.3998624586, 88.5339066069],
      [178.1636439085, 9.8040943215, 41.1838945064, 48.2100671098, 54.9683497314, 25.1341447454, 371.4939007465, 920.6351291154, 105.0584366245, 34.2939769706, 702.5602810486, 285.228235382, 18.5786774976, 3.4904222054, 5.1981379942, 31.9494639755, 5.640382538, 119.6184865146, 633.531471352, 18.5377398155, 92.5348923068, 43.2324741973, 13.0853014985, 14.7183094721, 235.2692034447, 514.2007135842, 435.6286664637, 152.8574765282, 312.6685021256, 260.4547491154, 259.2805183808, 250.3497849258, 307.5572674796, 9.9302623904, 83.518003031, 208.988004852, 119.1316707915, 8.957579839, 170.322602202, 22.5704124266, 3.7203463773, 22.6357507109, 237.9192143505, 206.744424949, 21.0519860332, 92.7010268936, 359.813580809, 235.6304755958, 258.3866087448, 377.2652547812, 4.0898973016, 15.4345377807, 336.6083881652, 758.9261664278, 587.7757055989],
      [5.4791400345, 0.3764482014, 0.93041922128, 4.9130766313, 1.3555928035, 0.46422679991, 0, 16.929662316, 2.285897917, 1.2913475769, 14.5368800652, 5.4719692956, 0, 0.059079627031, 1.1009869309, 1.8459818618, 0.051650092933, 7.2194756773, 17.417610809, 0, 2.6445893187, 1.3304304021, 0.33812984247, 0, 4.377121115, 0, 0, 1.1900081003, 6.1599994837, 3.4747590609, 3.3550336437, 5.8188735214, 9.7049397612, 0.41151934673, 3.0486515929, 14.884282824, 4.3658442622, 3.3126988239, 4.7807080428, 0, 0.085801127324, 0.60072406536, 3.406736554, 5.8427049082, 1.1395451625, 0.61404458262, 4.2814578727, 7.8280648723, 6.5667109898, 9.2268869945, 0, 0.26185258744, 11.4710111997, 1.3637789963, 5.5255009207],
      [2.088348259, 0.63740732686, 0.69202426297, 0, 3.4851394149, 0.24433560075, 3.636884414, 13.1063343923, 1.5326975506, 0, 19.918106654, 5.7773760201, 0.91215971844, 0, 0.41037361724, 2.1665057803, 0, 4.3178313787, 21.3389353738, 0.32754440631, 0.76291736488, 6.8424804677, 1.076304137, 0.38500856793, 3.4634595363, 7.756538767, 12.7740737531, 2.633149529, 4.9449813049, 6.2255352082, 6.8908927519, 8.1682584121, 8.4338710919, 0, 3.7550435761, 10.7841597599, 5.2207528373, 0, 4.9648845683, 0.52795373832, 0, 0.21904806586, 4.4697290576, 4.6818078009, 0.41877186326, 0.58689032241, 11.1551453987, 5.8230910854, 6.624744854, 11.2685584445, 0.38291916958, 1.3530588926, 3.828120304, 35.4013961728, 19.0101554728]
    ],
    [
      [2.6174690151, 0, 0, 0, 0.45065535616, 0, 4.4184982922, 3.456256925, 0.95253179979, 0, 8.45736495, 2.4653302575, 0.4753017871, 0, 9.5526125242e-32, 0, 0, 0, 1.6250848827, 2.8385132675e-17, 0.23791136243, 1.5725659216, 0, 0, 0.63151105903, 8.4738672893, 2.0606401683, 4.3678289562, 0.90218247339, 0, 0.80160810199, 3.181721875, 0.17755404949, 0.086896941968, 1.1094455094, 0, 0, 0, 0.55851456929, 0, 0, 0.30734439483, 4.7602716086, 0, 0, 1.5643994401, 2.984274717, 0, 0, 0.85369715258, 0, 0.90836618991, 0, 3.9810816168, 6.7481522054],
      [0.69422175854, 0.017025469753, 0.37230412406, 0, 0.49609166935, 0.022939316777, 0.94542080183, 4.45397279, 1.384352746, 0, 2.3201612275, 1.6551969572, 0.039661717328, 0.021924026687, 0, 0, 0, 0, 2.6413554102, 0.39758300586, 0.03550282994, 0, 0, 1.1680533551, 1.1393510627, 2.2440614122, 1.7022012594, 0, 0.44903994199, 2.0553000506, 1.5445054546, 2.668584949, 0.9961796038, 0, 0.071098980486, 0, 1.3998907598, 0, 1.4739627332, 0.72403628104, 0.42863751273, 0, 1.1636786242, 0.14969312652, 0, 0.32063715664, 1.9542907584, 1.2517381454, 2.452151246, 2.1503238611, 0.63031627399, 0.017315499634, 1.7967883852, 12.9304049432, 12.3318058534],
      [0, 0, 1.4058831857, 0, 0.049246215026, 0.95746864627, 11.6228593596, 34.9109514489, 2.3990791957, 0.0028521258065, 14.3800134536, 5.8853459634, 2.9700766115, 0.14836308704, 0, 0, 0.17509694536, 0, 9.5017367503, 1.4357765803, 1.149376706, 0, 0.061119894307, 0.51927935733, 3.5677537563, 17.9374910731, 13.550982074, 3.8317738371, 8.085939848, 11.4072734778, 11.708765067, 5.8678024663, 2.9227567419, 0, 0, 0, 0, 0, 1.8938302049, 1.1932812277, 0.015814544863, 0.29063872183, 6.4560690949, 3.3799311562, 0, 6.3208911751, 13.901139249, 0, 5.6099398209, 9.8285133984, 0.57143253395, 0, 2.0203900319, 27.6597179229, 17.4800016203],
      [398.7904402298, 15.5926162803, 108.3951718225, 44, 43.8627873507, 47.8191157474, 299.3738682516, 1727.5627297537, 209.9056884452, 42.9971478742, 1099.3935105218, 398.2652960768, 38.1823773879, 9.8297128863, 19.4741678579, 90.3195765674, 6.8249030546, 188.3612048375, 1158.6360393601, 24.9082646414, 207.8414448364, 93.9287713021, 15.3141472001, 23.9996024471, 213.2063473814, 488.2974357548, 421.1311459248, 208.0974116878, 413.5030393474, 435.3427926739, 439.0797346458, 648.7400259146, 520.6739974429, 8.913103058, 151.2151208583, 339.6234355012, 173.4427570629, 26, 272.5717722654, 22.7592486042, 17.5555479424, 34.2853791431, 382.2760568438, 402.404426369, 19.8431812398, 181.2327966162, 563.4304768378, 533.2898212792, 539.7010187578, 933.4435772549, 14.1946587358, 29.875164095, 461.976123494, 1042.2714803153, 954.4225183987],
      [1.8978689966, 0.39035824997, 0.82664086779, 0, 1.1412194088, 0.20047628958, 1.6393532947, 11.6160890823, 1.3583478133, 0, 14.4489498472, 3.7288307451, 1.3325824963, 0, 0.52583214206, 2.6804234326, 0, 2.6387951625, 17.5957835967, 0.2583757724, 0.73576426521, 5.4986627763, 0.62473290563, 0.31306484047, 1.4550367406, 4.0471444707, 6.5550305735, 1.7029855189, 3.0597983892, 5.1946337978, 5.8653867306, 9.5418647951, 6.2295121619, 0, 2.6043346518, 6.3765644988, 3.1573521773, 0, 3.5019202273, 0.32343388709, 0, 0.11663774028, 3.3439238286, 4.0659493483, 0.15681876024, 0.56127561194, 8.7298184378, 5.4584405754, 6.2368901754, 12.7238883331, 0.60359245628, 1.1991542155, 2.2066980889, 25.1573152018, 15.0175219223]
    ],
    [
      [19.23647519, 0, 1.9444271867, 0.62951828189, 7.0155736144, 0, 37.585071931, 93.5750069597, 12.4559791988, 4.3466714901, 68.6403722215, 36.1564229226, 3.360327672, 0, 0, 4.9747109798, 0, 9.3197750772, 59.6220372419, 0, 8.0996732559, 6.7928473293, 1.2143064332e-16, 0, 23.5678422809, 58.5198129752, 38.7327391413, 27.4770607699, 35.2778265781, 17.983527913, 26.4682668246, 27.4526443436, 30.4862479557, 3.1583167027, 15.5716060545, 24.5531428482, 11.6827615856, 3.7153526831, 12.9877822073, 0, 0.99315046335, 2.5219424436, 31.9153167054, 12.2081712662, 0.99057650792, 15.9997639017, 31.4004860101, 11.8195165153, 39.8842157859, 47.1774000199, 1, 1.5920608411, 11.7790090943, 44.1216602415, 62.8744076231],
      [0.65138108045, 0, 0.17929852436, 0.072071060771, 0.29961174843, 0, 1.245663761, 3.8039092426, 0.59988891525, 0.046879928168, 1.9914111542, 1.4112075532, 0.026202474942, 0, 0.025200385383, 0.4744506043, 0, 0.31909376908, 2.3837306519, 0, 0.30532759676, 0.035497639961, 0.0338591774, 0, 1.1262862786, 1.8979005788, 1.305686241, 0.50147288532, 1.2126023532, 1.015068953, 1.0350113697, 1.0891737262, 1.354337203, 0.052238232041, 0.36147557764, 0.93534816689, 0.96638883463, 0.012708158985, 0.65956812234, 0, 0.25781626255, 0.042856637779, 0.95551993096, 0.66973063095, 0.048524846213, 0.46583898071, 1.0130073501, 0.69325770604, 2.1402086737, 1.9383694056, 0.79414679132, 0.015407788725, 0.94554799588, 2.3578790672, 3.2216817557],
      [4.3699217976, 0, 1.0987020748, 0.29540488068, 1.2144299243, 0, 12.8159048832, 32.8615585832, 3.3468475077, 1.3225027888, 17.8056668086, 9.9353295646, 0.96747064247, 0, 0.2375407564, 2.1917808055, 0, 2.4485850284, 20.0754593367, 0, 2.7239243411, 0.52611053175, 0.56388653671, 0, 7.3115120557, 16.6569481631, 12.2064073679, 5.8232016935, 12.0586550192, 7.7893499203, 9.2481588313, 7.4199720907, 10.6307455346, 0.43287580917, 2.5765571345, 5.262066157, 3.93694033, 0.12471944085, 3.9631047651, 0, 0.17213157645, 0.40969547458, 7.3881067454, 5.7285122858, 0.54098781749, 4.6183071177, 9.2218735399, 4.4669644015, 13.6992453506, 16.2389810094, 0.60635911423, 0.10517832254, 5.8547844991, 13.1433168823, 15.6935085509],
      [11.733450903, 0, 2.774137339, 1.0030057767, 3.451711801, 0, 26.3344830887, 77.6786077298, 8.5884392059, 3.2839457929, 43.4727362521, 24.461501795, 1.6366723174, 0, 0.73403472668, 6.3267637544, 0, 6.897003639, 50.7935371609, 0, 6.8672041791, 1.6288379608, 1.3927844489, 0, 17.9758018948, 34.8837283116, 26.6883864678, 13.1885965308, 28.4217909159, 18.1771252656, 21.2032909951, 18.9928174117, 27.4760121984, 1.3565692561, 7.4715317816, 16.1992118304, 11.3762489718, 1.1472197171, 10.3677012552, 0, 0.57690169765, 1.0254037759, 17.7185456619, 14.3699878795, 1.4183454771, 9.9126066445, 21.3118547258, 12.0000617078, 35.2089821498, 40.5558641476, 1.5886239708, 0.28521799002, 15.4086422765, 31.2529308685, 39.103517593],
