{
  "Z_true": {},
  "V_true": [
    [6, 31, 714, 290],
    [143, 136, 14563, 1043],
    [208, 6557, 1453, 1162],
    [629, 425, 569, 190],
    [13, 248, 165, 526],
    [17, 243, 623, 879]
  ],
  "p_true": [
    [0.0058, 0.0298, 0.6859, 0.2786],
    [0.009, 0.0086, 0.9168, 0.0657],
    [0.0222, 0.699, 0.1549, 0.1239],
    [0.3469, 0.2344, 0.3138, 0.1048],
    [0.0137, 0.2605, 0.1733, 0.5525],
    [0.0096, 0.1379, 0.3536, 0.4989]
  ],
  "Z_est": [
    [
      [0.0779, 0, 0.9093, 0.6235, 0.9586, 0.6655, 0.2662, 0.8834, 0.0266, 0.5196, 0.4157, 0.5716, 0.4677, 1.325, 0.8574, 0.1299, 0, 0, 0.026, 0.0532, 0.5196, 0.9873, 1.5069, 2.9116, 0.3194, 1.8368, 1.2778, 0.7275, 1.1432, 1.403, 0.6123, 1.1692, 0.5058, 2.5721, 0.1863],
      [0.055, 0.0025, 0.6422, 0.4404, 0.7703, 0.5314, 0.1775, 0.6239, 0.0075, 0.367, 0.18, 0.4037, 0.3303, 0.9358, 0.6055, 0.0917, 0.0887, 0.055, 0.0183, 0.0075, 0.367, 0.6973, 1.0643, 4.473, 0.6055, 1.8427, 1.2661, 0.5138, 0.8074, 0.9909, 0.215, 0.8257, 0.1575, 1.1701, 0.4587],
      [0.3748, 0.2499, 4.3728, 2.9985, 4.8725, 3.3733, 1.8612, 4.2478, 0.6247, 2.4987, 2.1126, 2.7486, 2.2489, 6.3718, 4.1229, 0.6247, 0.2499, 0.3748, 0.1249, 0.2477, 2.4987, 4.7476, 7.2463, 8.7456, 4.441, 10.3697, 9.1355, 3.4982, 5.4972, 7.7157, 1.5029, 5.6221, 1.5244, 10.9875, 3.5866],
      [2.4922, 1.7476, 29.0756, 19.9376, 32.3986, 22.4298, 11.6951, 28.2449, 4.3412, 16.6146, 13.2917, 18.2761, 14.9532, 42.3674, 27.4142, 4.1537, 1.6615, 2.5701, 0.8307, 1.6915, 16.6146, 31.5678, 48.1825, 53.8698, 27.634, 68.9508, 57.3205, 23.2605, 36.5522, 43.8905, 4.6698, 37.383, 9.8123, 84.2703, 20.7683]
    ],
    [
      [0.6461, 0, 9.6361, 1.6959, 2.9072, 2.0189, 0.8076, 6.3796, 0.0808, 1.9501, 1.3998, 2.8645, 1.5344, 3.6341, 5.2631, 0.6217, 0, 0, 0.2423, 0.1615, 1.7766, 4.0109, 2.4763, 3.0688, 0.9691, 5.5722, 3.8763, 3.1559, 4.0857, 3.7956, 1.8574, 4.7646, 1.5344, 7.6186, 0.4597],
      [0.898, 0.017, 21.0192, 3.4797, 4.8036, 5.291, 1.2052, 5.7146, 0.0509, 13.7585, 1.2221, 4.3431, 2.6819, 5.0326, 5.0243, 0.7638, 0.7853, 0.3904, 0.1867, 0.0509, 2.6479, 5.194, 0, 4.7018, 3.3798, 11.1689, 7.0698, 6.535, 7.4091, 6.98, 1.4776, 6.9449, 1.0694, 7.9438, 0.8039],
      [95.9741, 6.6074, 717.5155, 329.4677, 496.9397, 576.0208, 236.9484, 615.9875, 39.3918, 528.2817, 245.3034, 476.1842, 337.5162, 604.2333, 480.8994, 78.7485, 17.3809, 58.6962, 21.3138, 17.7116, 282.2724, 604.3063, 449.8943, 399.9135, 370.6412, 994.9066, 786.2873, 548.8596, 708.1574, 788.6176, 169.4536, 582.5738, 172.2712, 1274.6816, 79.6789],
      [12.4818, 1.3756, 51.8292, 37.3567, 52.3494, 54.6692, 24.0389, 71.9182, 4.4765, 39.0097, 23.0747, 48.6082, 35.2675, 62.1001, 78.8132, 12.8659, 1.8338, 6.9134, 3.2572, 3.076, 49.303, 61.4888, 20.6294, 37.3159, 39.0099, 95.3523, 68.7666, 52.4495, 71.3478, 55.6068, 8.2114, 57.7167, 15.1251, 184.7559, 8.0575]
    ],
    [
      [0.0018, 0, 0.0185, 0.0086, 0.0112, 0.008, 0.0032, 0.0134, 0.0003, 0.0073, 0.0038, 0.0102, 0.006, 0.0143, 0.0181, 0.0022, 0, 0, 0.0548, 0.0006, 0.007, 0.0129, 0.0134, 0.0121, 0.0038, 0.022, 0.0153, 0.014, 0.0169, 0.023, 0.0073, 0.0614, 0.006, 0.0242, 0.0022],
      [39.5495, 0.7115, 318.8095, 182.9185, 242.4409, 209.6631, 61.3212, 271.4576, 2.6208, 171.6989, 61.4222, 152.8048, 138.6231, 248.975, 258.5846, 39.0249, 6.9888, 20.1286, 9.6472, 2.6208, 135.9048, 261.3248, 213.463, 241.9862, 187.4951, 574.8265, 412.8099, 336.3346, 401.8544, 451.9906, 70.0053, 400.1072, 50.4595, 408.8431, 63.3991],
      [10.2592, 0.2699, 119.8351, 62.3574, 75.5464, 81.3289, 33.8789, 102.7124, 13.7648, 65.0456, 32.574, 49.3692, 58.7814, 94.7039, 82.3454, 11.8259, 1.7988, 7.8271, 5.6679, 1.0796, 50.2495, 107.0776, 81.1285, 89.0017, 70.3183, 215.919, 178.3387, 125.5029, 138.4201, 208.4671, 26.1802, 133.9952, 27.0711, 157.5454, 15.1168],
      [1.1895, 0.0186, 5.337, 4.7154, 6.0016, 0, 1.7968, 7.8166, 34.6141, 4.2481, 0, 3.8158, 11.5895, 7.3068, 7.0519, 1.147, 0.2124, 1.0444, 5.6301, 0.299, 4.8387, 6.5846, 5.3951, 0, 5.1827, 9.2325, 8.8361, 3.1484, 8.7087, 7.5192, 0.8071, 8.8361, 1.4633, 17.5873, 1.4819]
    ],
    [
      [7.2742, 0, 47.4361, 18.6719, 32.123, 22.3076, 8.923, 34.7236, 0.8923, 20.523, 10.1807, 28.5537, 16.9919, 40.0266, 50.8614, 6.2461, 0, 0, 2.6769, 1.7846, 19.6967, 50.9889, 38.0034, 32.0075, 10.7077, 61.569, 42.8306, 40.1026, 47.7543, 41.7784, 20.523, 53.0048, 16.9538, 65.785, 6.3517],
      [6.3289, 0.2551, 31.7062, 12.6578, 28.3442, 16.0167, 5.924, 19.3383, 0.2503, 15.2463, 5.456, 14.8804, 12.6794, 22.8544, 25.9036, 4.2193, 0, 1.6089, 0.9178, 0.2503, 13.4493, 32.775, 24.7653, 21.0963, 17.939, 55.8576, 39.1321, 32.4163, 39.7412, 29.1833, 13.2129, 38.2143, 10.299, 39.0486, 8.2301],
      [2.3633, 0.2626, 11.8577, 4.0563, 9.3219, 5.9082, 2.7811, 0, 0.4642, 5.5143, 2.3633, 6.696, 4.5953, 1.0104, 2.8535, 1.3299, 0, 0.2626, 0.3371, 0.3939, 5.6456, 18.4624, 11.935, 6.8962, 5.431, 30.998, 18.2976, 17.912, 13.7478, 10.8974, 5.1205, 13.2084, 4.2014, 11.1538, 3.1111],
      [2.0336, 1.4823, 0, 0.614, 1.211, 0.7675, 0.3718, 0.9381, 0.3931, 0.7163, 0, 0.8698, 0.7334, 1.1086, 1.3815, 0.2047, 0, 0.1285, 0.0682, 0.5712, 4.2084, 1.7738, 1.2962, 0, 0.9224, 2.5754, 1.7397, 1.5691, 1.7567, 1.1409, 0.1436, 1.5726, 0.5458, 2.0126, 0.307]
    ],
    [
      [0, 0, 0, 0, 0, 0, 0, 0, 0, 0, 0, 0, 0, 0, 0, 0, 0, 0, 0, 0, 0, 0, 0, 0, 0, 0, 0, 0, 0, 0, 0, 0, 0, 0, 0],
      [0.3847, 0, 2.5388, 2.308, 3.3851, 5.0007, 1.3848, 3.0773, 0.0288, 1.9748, 1.3079, 1.7695, 1.5147, 2.0772, 2.3849, 0.5385, 0.0769, 0.1539, 0.0769, 0.0288, 1.4617, 2.6927, 2.6927, 2.6927, 2.3849, 5.1545, 2.6927, 3.8467, 3.6159, 3.3081, 0.1539, 5.5392, 0.2308, 4.4865, 0.3847],
      [0.2419, 0, 1.5966, 1.4514, 2.1288, 8.0898, 0.8709, 1.9353, 0.2419, 1.6069, 0.8225, 1.1128, 1.0644, 1.3063, 1.4998, 0.3387, 0.0484, 0.0968, 0.0484, 0.0484, 0.9142, 1.6933, 1.6933, 1.6933, 1.4998, 3.2415, 1.6933, 2.4191, 2.2739, 2.7324, 0.0968, 3.4835, 0.1451, 3.677, 0.2419],
      [4.3734, 0, 28.8646, 26.2406, 38.4862, 51.9096, 15.7443, 34.9874, 4.7293, 21.4183, 14.8696, 20.1178, 19.4209, 23.6165, 27.1152, 6.1228, 0.8747, 1.7494, 0.8747, 0.9229, 16.6241, 30.614, 30.614, 30.614, 27.1152, 58.6039, 30.614, 43.7343, 41.1102, 36.9594, 1.7494, 62.9773, 2.6241, 67.8366, 4.3734]
    ],
    [
      [0, 0, 0, 0, 0, 0, 0, 0, 0, 0, 0, 0, 0, 0, 0, 0, 0, 0, 0, 0, 0, 0, 0, 0, 0, 0, 0, 0, 0, 0, 0, 0, 0, 0, 0],
      [0.7838, 0.0139, 5.2841, 3.1956, 3.2559, 3.4971, 0.9873, 5.7882, 0.0417, 2.9544, 2.4118, 3.7985, 2.1706, 5.125, 3.4971, 0.3618, 0.0603, 0.6632, 0.153, 0.0417, 2.1693, 3.3162, 3.0147, 2.05, 3.1956, 9.1499, 6.0294, 5.3536, 6.5721, 5.5471, 0.9352, 6.3687, 0.7838, 6.5078, 0.7235],
      [6.7867, 2.6103, 45.8223, 27.6687, 28.1908, 30.279, 10.6596, 50.1169, 3.5125, 28.0527, 23.8243, 32.8892, 18.7938, 44.3744, 30.279, 3.1323, 0.5221, 5.7426, 2.508, 1.5189, 17.4195, 28.7128, 26.1026, 17.7497, 27.6687, 72.5651, 53.2475, 42.8082, 56.9036, 54.5698, 6.6461, 50.1169, 6.7867, 69.9549, 6.2646],
      [5.4295, 2.3758, 30.8935, 22.1357, 22.5533, 24.224, 8.3531, 40.0948, 3.4458, 17.9928, 13.764, 26.3122, 15.0356, 35.5006, 24.224, 2.5059, 0.4177, 4.5942, 2.3391, 1.4394, 17.4112, 22.971, 20.8827, 14.2003, 22.1357, 57.285, 40.7231, 33.8382, 45.5243, 31.8831, 3.4186, 39.5143, 5.4295, 57.5373, 5.0119]
    ]
  ],
  "V_est": [
    [26.4561, 21.7896, 131.82, 860.9343],
    [90.8656, 150.045, 14193.6374, 1450.452],
    [0.424, 6650.8157, 2535.3038, 193.4564],
    [898.2543, 640.1981, 239.3898, 35.1578],
    [0, 71.3496, 52.0483, 828.6021],
    [0, 105.8019, 934.8006, 721.3974]
  ],
  "p_est": [
    [0.0254, 0.0209, 0.1266, 0.827],
    [0.0057, 0.0094, 0.8935, 0.0913],
    [0, 0.709, 0.2703, 0.0206],
    [0.4955, 0.3531, 0.132, 0.0194],
    [0, 0.0749, 0.0547, 0.8704],
    [0, 0.06, 0.5305, 0.4094]
  ],
  "EI_Z": {},
  "EI_V": 10.6635,
  "MAE_Z": {},
  "MAE_V": 273.9885,
  "MAE_p": 0.1235,
  "runtime": 4.111
}
