{
  "Z_true": {},
  "V_true": [
    [1322, 1039, 393, 67],
    [2468, 8439, 4284, 507],
    [213, 103, 12862, 387],
    [89, 192, 1078, 223],
    [41, 79, 913, 250],
    [136, 221, 769, 614]
  ],
  "p_true": [
    [0.4686, 0.3683, 0.1393, 0.0238],
    [0.1572, 0.5376, 0.2729, 0.0323],
    [0.0157, 0.0076, 0.9482, 0.0285],
    [0.0563, 0.1214, 0.6814, 0.141],
    [0.032, 0.0616, 0.7116, 0.1949],
    [0.0782, 0.127, 0.442, 0.3529]
  ],
  "Z_est": [
    [
      [6, 101.9, 51, 6.6432, 43.8067, 39.8595, 104, 111, 112.3736, 110.3473, 112.1865, 38, 230.5425, 97.7831, 50.8859, 122, 16, 13, 32.3595, 47, 77, 45.9763, 26, 114, 53, 68, 44, 133.2682, 41.8444, 63.5669, 49, 22, 214.4344, 43, 219, 68.2365],
      [0, 0, 0, 0, 0, 0, 0, 0, 0, 0, 0, 0, 0, 0, 0, 0, 0, 0, 0, 0, 0, 0, 0, 0, 0, 0, 0, 0, 0, 0, 0, 0, 0, 0, 0, 0],
      [0, 4.1, 0, 0.7058, 0.1933, 8.1405, 0, 0, 8.6264, 0.6527, 3.8135, 0, 14.4575, 11.2169, 1.3234, 0, 0, 0, 0.6405, 0, 0, 3.0237, 0, 0, 0, 0, 0, 5.7318, 4.1556, 3.4331, 0, 0, 11.5656, 0, 0, 8.7635],
      [0, 0, 0, 0.651, 0, 0, 0, 0, 0, 0, 0, 0, 0, 0, 0.7907, 0, 0, 0, 0, 0, 0, 0, 0, 0, 0, 0, 0, 0, 0, 0, 0, 0, 0, 0, 0, 0]
    ],
    [
      [3.4262, 40.4485, 26.4349, 1.1294, 20.2689, 6.7762, 63.9506, 71.5103, 40.0173, 50.725, 46.9776, 35.7715, 86.9441, 29.4162, 18.9279, 93.5454, 12.1757, 6.3456, 14.2762, 25.6204, 40.3641, 16.9597, 25.3584, 57.4704, 29.3935, 55.0696, 51.0098, 53.9733, 12.8762, 24.6282, 28.076, 18.3667, 83.8396, 27.7974, 157.6322, 19.1386],
      [26.1377, 276.3839, 239.9178, 20.364, 65.8301, 103.2502, 237.3692, 266.5467, 271.6342, 407.9047, 274.9324, 202.4399, 478.6253, 191.5761, 73.8542, 511.3839, 79.5223, 45.8966, 191.4807, 406.7131, 509.162, 297.7463, 203.6687, 640.2326, 340.2323, 611.1779, 270.958, 421.7624, 36.2788, 304.6957, 239.102, 253.4048, 679.7347, 107.7431, 466.4571, 122.05],
      [7.7962, 83.3304, 136.2392, 5.9578, 5.4313, 37.1952, 73.3601, 73.9837, 59.6585, 92.6531, 56.4073, 51.9158, 98.0481, 27.8609, 25.2422, 130.6233, 54.5747, 15.3924, 112.1373, 192.7997, 191.8775, 132.4989, 80.1126, 295.7447, 111.8916, 205.9944, 109.4332, 125.899, 16.2617, 154.4802, 123.5782, 46.6514, 227.542, 19.7542, 189.9266, 26.9914],
      [3.64, 27.8371, 25.4081, 4.5489, 10.4696, 15.7783, 22.32, 20.9593, 20.6899, 37.7171, 20.6827, 16.8728, 45.3824, 15.1468, 9.9757, 57.4474, 12.7273, 6.3654, 24.1058, 31.8667, 51.5965, 30.795, 24.8603, 74.5524, 27.4826, 51.758, 32.5991, 37.3653, 5.5834, 32.1958, 23.2437, 46.5771, 84.8838, 7.7053, 59.9842, 4.8199]
    ],
    [
      [1.4302, 3.7189, 2.5074, 0.1229, 1.9243, 0.7375, 2.7904, 3.0348, 2.559, 2.7601, 2.6945, 1.2361, 5.2434, 2.0902, 1.1862, 3.5557, 0.4456, 0.9941, 0.7375, 1.4002, 4.0298, 1.2152, 0.9495, 3.125, 1.4965, 2.272, 1.622, 3.2383, 0.8899, 1.6167, 1.26, 3.2094, 4.7172, 5.1971, 6.3014, 1.4497],
      [0.3499, 8.2151, 0, 0.2771, 0.2486, 0.5927, 0.6791, 0.7508, 0.7534, 1.0763, 0.8969, 0.3511, 1.1249, 0.3972, 0, 0.7431, 0, 0, 0, 1.2736, 2.3703, 1.1121, 0.6944, 2.0039, 0.9789, 1.6477, 0.5971, 1.4017, 0.1512, 1.1224, 0, 0.6534, 2.3826, 0.3741, 1.7451, 0.3434],
      [83.1197, 466.1859, 516.4926, 55.6754, 93.9763, 410.5722, 260.8263, 288.4357, 289.9064, 415.0475, 345.4786, 135.0488, 431.465, 152.1007, 185.4863, 284.9305, 179.0761, 98.8586, 538.4771, 493.0055, 918.4077, 430.5194, 268.6359, 774.793, 378.5094, 637.3715, 230.1618, 540.9064, 57.8021, 434.097, 478.74, 250.4595, 1340.31, 140.0407, 671.1438, 131.8508],
      [2.1002, 0.8801, 0, 0.9246, 0.8508, 1.0975, 0.7042, 0.7786, 0.7813, 1.1161, 0.9301, 0.3641, 1.1666, 0.4119, 4.3275, 0.7707, 0.4783, 1.1473, 0.7853, 1.3207, 0.1922, 1.1533, 0.7202, 2.0781, 1.0151, 1.7087, 0.6192, 1.4536, 0.1568, 1.164, 0, 0.6776, 3.5902, 0.388, 1.8097, 0.3561]
    ],
    [
      [0, 0, 0, 0, 0, 0, 0, 0, 0, 0, 0, 0, 0, 0, 0, 0, 0, 0, 0, 0, 0, 0, 0, 0, 0, 0, 0, 0, 0, 0, 0.264, 1.8232, 0, 0, 0, 0],
      [0.1556, 1.6652, 1.406, 0.121, 0.3861, 0.6108, 1.3944, 1.5615, 1.5903, 2.3913, 1.6134, 1.187, 2.8004, 1.1236, 0.4322, 2.1295, 0.4667, 0.2708, 1.1294, 2.3855, 2.9963, 1.7517, 1.1985, 3.7569, 1.9937, 3.584, 1.5903, 2.4835, 0.2132, 1.792, 1.4002, 1.4924, 4.0104, 0.6338, 2.7428, 0.7145],
      [4.7311, 30.7116, 58.0275, 10.777, 9.41, 31.0266, 29.0844, 26.9626, 25.9451, 55.7703, 35.8881, 23.4164, 55.2478, 25.5138, 9.2959, 39.6468, 19.2613, 16.5592, 28.2701, 52.8667, 110.848, 48.5345, 31.2463, 95.6568, 63.3831, 109.2262, 58.7072, 66.5761, 2.6735, 39.4715, 52.8146, 49.7213, 94.984, 16.1622, 58.9655, 12.1495],
      [0.1133, 0.6232, 0.5665, 0.102, 0.204, 0.3626, 0.5212, 0.4759, 0.4646, 0.8385, 0.4985, 0.3966, 0.9518, 0.3626, 0.2719, 1.2237, 0.2719, 0.17, 0.6005, 0.7478, 1.1557, 0.7138, 0.5552, 1.5863, 0.6232, 1.1897, 0.7025, 0.9404, 0.1133, 0.7365, 0.5212, 0.9631, 2.0055, 0.204, 1.2917, 0.136]
    ],
    [
      [0, 0, 0, 0, 0, 0, 0, 0, 0, 0, 0, 0, 0, 0, 0, 0, 0, 0.386, 0, 0, 0, 0, 0, 1.0803, 0, 0, 0, 0, 0.219, 0, 2.3292, 0, 0, 0, 0, 0],
      [0, 0, 0, 0, 0, 0, 0, 0, 0, 0, 0, 0, 0, 0, 0, 0, 0, 0, 0, 0, 0, 0, 0, 0, 0, 0, 0, 0, 0, 0, 0, 0, 0, 0, 0, 0],
      [9, 47, 46, 4, 14, 31, 21, 15, 26, 26, 25, 15, 36, 12, 12, 39, 16, 9.614, 48, 63, 86, 47, 25, 81.9197, 42, 72, 26, 49, 5.781, 52, 52.6708, 12, 128, 10, 67, 8],
      [0, 0, 0, 0, 0, 0, 0, 0, 0, 0, 0, 0, 0, 0, 0, 0, 0, 0, 0, 0, 0, 0, 0, 0, 0, 0, 0, 0, 0, 0, 0, 0, 0, 0, 0, 0]
    ],
    [
      [0.1436, 1.9326, 1.0577, 0.1045, 0, 0.6268, 2.259, 2.4549, 2.0501, 2.1676, 2.1415, 0.9924, 4.2699, 1.7106, 0, 2.8989, 0.3787, 0.2742, 0.6268, 0.9793, 1.6061, 0.8488, 0.6921, 2.3243, 1.1099, 1.6584, 1.3682, 2.5202, 0.1705, 1.1883, 1.0707, 0.6007, 4.0088, 1.0055, 5.0665, 1.1752],
      [0.3568, 2.7357, 2.6762, 0.2379, 0.5352, 1.5463, 2.5573, 2.141, 2.022, 3.6278, 2.5573, 2.022, 3.4494, 1.9031, 0.7137, 5.7435, 1.011, 0.8326, 3.3899, 3.6278, 5.4714, 3.3899, 2.4383, 6.0066, 2.7952, 5.5903, 2.8546, 5.3524, 0.3568, 3.3899, 2.4978, 3.4494, 9.8723, 1.2489, 5.0551, 0.8921],
      [1.353, 15.6721, 17.2407, 0.8841, 1.9891, 9.0654, 15.7291, 11.6179, 10.8637, 20.8763, 16.4126, 13.619, 13.7815, 12.3076, 2.6522, 24.7995, 5.0879, 5.5758, 25.475, 24.3282, 35.8668, 22.4235, 15.0052, 30.8858, 17.2158, 36.4078, 15.6979, 38.8867, 1.3261, 21.5181, 16.1964, 17.1678, 65.5984, 9.0428, 23.964, 6.2447],
      [4.1465, 25.6596, 24.0254, 2.7736, 6.4756, 14.7616, 22.4546, 19.7862, 19.0642, 34.3283, 21.8887, 17.3665, 36.4992, 16.0787, 8.6341, 48.5582, 10.5224, 7.3174, 27.5083, 32.0647, 49.0557, 30.3378, 22.8644, 61.7832, 25.8791, 50.3435, 28.0793, 43.2406, 4.1465, 30.9037, 22.235, 36.7822, 86.5205, 9.7028, 50.9144, 6.688]
    ]
  ],
  "V_est": [
    [2729.0145, 0, 90.5438, 1.4417],
    [1396.6418, 9876.1696, 3399.2448, 1025.9438],
    [83.7587, 35.3082, 13407.9145, 38.0186],
    [2.0872, 57.1749, 1499.5326, 23.2052],
    [4.0146, 0, 1278.9854, 0],
    [53.4832, 104.3473, 622.7789, 959.3907]
  ],
  "p_est": [
    [0.9674, 0, 0.0321, 0.0005],
    [0.089, 0.6291, 0.2165, 0.0654],
    [0.0062, 0.0026, 0.9884, 0.0028],
    [0.0013, 0.0361, 0.9479, 0.0147],
    [0.0031, 0, 0.9969, 0],
    [0.0307, 0.06, 0.3579, 0.5514]
  ],
  "EI_Z": {},
  "EI_V": 13.7424,
  "MAE_Z": {},
  "MAE_V": 420.1626,
  "MAE_p": 0.1178,
  "runtime": 0.991
}
