{
  "X": [
    [6, 0, 27, 128, 17],
    [2, 1, 30, 55, 14],
    [0, 3, 20, 13, 3],
    [25, 18, 169, 261, 27],
    [1, 0, 16, 23, 6],
    [1, 1, 26, 39, 11],
    [63, 49, 979, 978, 341],
    [5, 10, 70, 64, 25],
    [33, 42, 321, 401, 143],
    [1, 0, 6, 2, 2],
    [62, 51, 982, 794, 155],
    [2, 2, 25, 32, 4],
    [1, 4, 7, 9, 2],
    [22, 70, 202, 505, 34],
    [1, 0, 17, 9, 3],
    [60, 157, 678, 1742, 169],
    [69, 183, 535, 1333, 136],
    [5, 17, 42, 98, 9],
    [5, 15, 29, 111, 5],
    [4, 5, 66, 71, 11],
    [8, 19, 50, 71, 7],
    [3, 3, 55, 37, 20],
    [21, 7, 205, 198, 106],
    [35, 54, 197, 406, 55],
    [33, 40, 314, 488, 77],
    [28, 33, 260, 470, 73],
    [30, 36, 271, 443, 65],
    [3, 8, 28, 82, 6],
    [51, 252, 320, 1118, 169],
    [0, 3, 24, 41, 7],
    [20, 24, 158, 248, 29],
    [71, 69, 632, 1346, 260],
    [7, 2, 32, 51, 11],
    [2, 2, 24, 70, 9],
    [0, 4, 9, 31, 6],
    [7, 0, 88, 20, 7],
    [8, 4, 87, 90, 8],
    [3, 0, 22, 25, 2],
    [2, 4, 31, 25, 8],
    [7, 8, 41, 58, 26],
    [19, 25, 237, 228, 51],
    [2, 0, 33, 4, 5],
    [4, 2, 56, 38, 19],
    [6, 1, 27, 26, 10],
    [7, 7, 118, 117, 76],
    [3, 9, 75, 96, 25],
    [10, 2, 108, 39, 36],
    [5, 10, 51, 74, 9],
    [2, 4, 51, 19, 2],
    [9, 1, 71, 49, 15],
    [10, 6, 72, 58, 9],
    [4, 3, 24, 17, 3],
    [4, 2, 89, 85, 46],
    [6, 8, 163, 65, 31],
    [3, 5, 94, 87, 40],
    [4, 1, 178, 86, 38],
    [1, 4, 115, 49, 29],
    [6, 5, 98, 86, 30],
    [12, 0, 37, 18, 2],
    [3, 0, 40, 17, 6],
    [12, 1, 96, 47, 15],
    [2, 2, 112, 54, 14],
    [12, 5, 173, 104, 38],
    [6, 0, 54, 10, 3],
    [5, 3, 90, 54, 9],
    [4, 4, 77, 55, 8],
    [3, 2, 94, 20, 19],
    [2, 0, 42, 36, 14],
    [1, 6, 43, 43, 3],
    [4, 0, 66, 29, 12],
    [9, 18, 109, 114, 24],
    [1, 1, 57, 6, 9],
    [4, 1, 91, 59, 29],
    [12, 5, 34, 25, 11],
    [11, 10, 66, 98, 26],
    [28, 43, 204, 334, 44],
    [1, 10, 14, 50, 10],
    [1, 1, 45, 12, 3],
    [3, 4, 83, 53, 14],
    [9, 15, 88, 155, 17],
    [8, 19, 83, 158, 25],
    [6, 19, 57, 166, 19],
    [11, 16, 64, 147, 17],
    [18, 16, 152, 131, 33],
    [2, 5, 3, 13, 2],
    [4, 0, 38, 18, 12],
    [7, 0, 45, 10, 10],
    [5, 7, 41, 97, 18],
    [12, 16, 28, 91, 24],
    [2, 33, 11, 67, 15],
    [6, 4, 45, 45, 11],
    [2, 5, 225, 78, 50],
    [7, 6, 39, 92, 7],
    [2, 9, 12, 52, 10],
    [0, 1, 15, 37, 7],
    [1, 3, 19, 44, 2],
    [9, 2, 78, 54, 8],
    [4, 3, 131, 66, 36],
    [0, 1, 5, 3, 4],
    [3, 5, 18, 17, 5],
    [6, 2, 21, 41, 9],
    [6, 4, 13, 28, 7],
    [4, 4, 19, 27, 9],
    [7, 12, 66, 117, 13],
    [8, 4, 105, 50, 6],
    [10, 3, 93, 126, 75],
    [9, 4, 24, 23, 6],
    [2, 8, 64, 37, 9],
    [4, 9, 29, 43, 11],
    [7, 16, 40, 94, 29],
    [5, 28, 45, 105, 24],
    [11, 13, 115, 121, 34],
    [14, 30, 61, 136, 14],
    [1, 2, 16, 23, 9],
    [2, 9, 44, 72, 14],
    [5, 9, 56, 88, 7],
    [13, 24, 92, 176, 24],
    [5, 4, 13, 16, 7],
    [5, 3, 38, 56, 11],
    [32, 17, 211, 327, 59],
    [6, 3, 132, 170, 32],
    [14, 9, 84, 125, 35],
    [5, 9, 97, 158, 42],
    [2, 7, 75, 116, 23],
    [7, 0, 71, 21, 11],
    [12, 116, 119, 378, 63],
    [95, 233, 690, 1333, 308],
    [91, 163, 530, 756, 251],
    [0, 0, 3, 2, 1]
  ],
  "W": [
    [27, 0, 101, 15, 35],
    [2, 0, 65, 27, 8],
    [3, 6, 9, 17, 4],
    [67, 28, 238, 139, 28],
    [7, 0, 26, 11, 2],
    [6, 3, 49, 16, 4],
    [189, 79, 1243, 699, 200],
    [23, 10, 85, 45, 11],
    [66, 50, 507, 221, 96],
    [1, 1, 0, 6, 3],
    [204, 124, 874, 696, 146],
    [1, 5, 32, 17, 10],
    [0, 6, 8, 7, 2],
    [85, 129, 411, 158, 50],
    [2, 0, 12, 15, 1],
    [170, 275, 1508, 589, 264],
    [195, 278, 1148, 437, 198],
    [16, 14, 90, 38, 13],
    [13, 18, 100, 26, 8],
    [12, 14, 62, 46, 23],
    [23, 23, 65, 37, 7],
    [10, 2, 53, 40, 13],
    [55, 21, 229, 164, 68],
    [78, 108, 339, 160, 62],
    [102, 70, 451, 245, 84],
    [100, 52, 427, 208, 77],
    [111, 63, 402, 198, 71],
    [11, 13, 77, 19, 7],
    [114, 422, 918, 268, 188],
    [5, 10, 31, 22, 7],
    [64, 24, 237, 122, 32],
    [157, 103, 1458, 411, 249],
    [20, 2, 51, 20, 10],
    [4, 3, 73, 18, 9],
    [0, 2, 32, 11, 5],
    [20, 1, 29, 67, 5],
    [28, 13, 70, 77, 9],
    [10, 2, 22, 11, 7],
    [11, 7, 26, 20, 6],
    [14, 7, 72, 23, 24],
    [71, 26, 228, 179, 56],
    [6, 0, 7, 29, 2],
    [12, 3, 50, 36, 18],
    [8, 7, 27, 20, 8],
    [30, 15, 166, 70, 44],
    [17, 17, 79, 66, 29],
    [25, 2, 67, 77, 24],
    [14, 15, 63, 39, 18],
    [7, 5, 13, 50, 3],
    [28, 1, 53, 49, 14],
    [20, 17, 55, 53, 10],
    [6, 5, 14, 20, 6],
    [25, 5, 112, 53, 31],
    [27, 4, 95, 122, 25],
    [13, 9, 126, 65, 16],
    [36, 9, 120, 116, 26],
    [23, 3, 78, 74, 20],
    [18, 8, 93, 62, 44],
    [21, 4, 12, 29, 3],
    [7, 0, 26, 31, 2],
    [27, 1, 45, 83, 15],
    [21, 2, 71, 72, 18],
    [45, 12, 120, 124, 31],
    [10, 0, 13, 47, 3],
    [18, 7, 63, 59, 14],
    [11, 4, 74, 48, 11],
    [30, 0, 24, 70, 14],
    [7, 1, 47, 25, 14],
    [12, 11, 36, 34, 3],
    [17, 1, 39, 44, 10],
    [31, 17, 123, 75, 28],
    [17, 0, 10, 37, 10],
    [19, 6, 87, 52, 20],
    [10, 4, 31, 28, 14],
    [34, 24, 75, 49, 29],
    [61, 59, 285, 181, 67],
    [2, 15, 45, 14, 9],
    [13, 0, 14, 32, 3],
    [9, 7, 62, 62, 17],
    [28, 12, 140, 76, 28],
    [35, 29, 134, 61, 34],
    [29, 30, 132, 50, 26],
    [23, 27, 132, 49, 24],
    [66, 22, 118, 104, 40],
    [5, 3, 16, 1, 0],
    [6, 0, 27, 26, 13],
    [17, 0, 17, 32, 6],
    [7, 12, 105, 26, 18],
    [16, 46, 61, 24, 24],
    [6, 56, 38, 13, 15],
    [17, 8, 39, 35, 12],
    [41, 6, 125, 159, 29],
    [12, 33, 61, 34, 11],
    [7, 15, 40, 6, 17],
    [3, 19, 24, 13, 1],
    [6, 7, 33, 17, 6],
    [16, 6, 49, 68, 12],
    [29, 5, 76, 98, 32],
    [2, 0, 4, 1, 6],
    [7, 5, 18, 12, 6],
    [21, 2, 39, 8, 9],
    [8, 2, 31, 14, 3],
    [7, 3, 27, 18, 8],
    [22, 19, 98, 60, 16],
    [31, 6, 58, 71, 7],
    [24, 8, 170, 64, 41],
    [10, 7, 19, 22, 8],
    [23, 11, 31, 41, 14],
    [8, 11, 38, 25, 14],
    [25, 15, 87, 26, 33],
    [16, 47, 89, 33, 22],
    [41, 8, 113, 84, 48],
    [34, 35, 109, 54, 23],
    [3, 2, 29, 12, 5],
    [13, 13, 68, 32, 15],
    [32, 16, 61, 41, 15],
    [38, 30, 142, 82, 37],
    [7, 6, 16, 12, 4],
    [16, 6, 62, 20, 9],
    [83, 34, 295, 172, 62],
    [34, 6, 174, 80, 49],
    [21, 9, 122, 71, 44],
    [27, 6, 172, 60, 46],
    [22, 2, 135, 42, 22],
    [26, 0, 23, 55, 6],
    [31, 168, 335, 91, 63],
    [202, 295, 1292, 548, 322],
    [183, 135, 795, 411, 267],
    [2, 0, 3, 0, 1]
  ],
  "method": "mult",
  "cond_prob": [
    [
      [0.20223149889, 0, 0.47506095669, 0.31089216931, 0.011815375111],
      [5.5057523452e-05, 0, 0.0010231127717, 0.99781072135, 0.001111108355],
      [0, 0, 0, 0.94293629045, 0.057063709554],
      [0, 0, 0.94489027796, 0.051352874808, 0.0037568472283],
      [0.01542141514, 0, 0, 0.67425865633, 0.31031992853]
    ],
    [
      [0.37464329159, 0.0033621286812, 0.48081311085, 0.12380299324, 0.017378475649],
      [0.00014312091927, 0.13922595112, 0.0015456725992, 0.85652291047, 0.0025623448932],
      [0.0067773855581, 0.013181639417, 0.04452500887, 0.78731529617, 0.14820066998],
      [0.0023714560875, 0.0037023691256, 0.95728550289, 0.026904841362, 0.0097358305395],
      [0.093269255148, 0.004563151766, 0.037192452979, 0.35630863068, 0.50866650943]
    ],
    [
      [3.9670115119e-17, 0.017573236889, 0.79291284025, 0.17165875398, 0.017855168883],
      [0, 0.37870495099, 0.0066369902373, 0.61465805877, 0],
      [0, 0.06064918489, 0.078190634058, 0.7674259049, 0.093734276151],
      [0, 0.0031495142672, 0.97992873598, 0.016921749756, 0],
      [6.2450045135e-17, 0.018916544212, 0.054733829927, 0.40064312386, 0.525706502]
    ],
    [
      [0.31012356627, 0.010467579614, 0.49930926093, 0.16977303008, 0.010326563111],
      [0, 0.25432777347, 0, 0.74456243105, 0.0011097954837],
      [0.004994440965, 0.034410795891, 0.018866461167, 0.87200112125, 0.069727180723],
      [0.0019151060838, 0.011194578145, 0.93416920417, 0.048695989237, 0.00402512236],
      [0.098815870164, 0.015417097304, 0.043090799281, 0.51687319833, 0.32580303492]
    ],
    [
      [0.13473694605, 0, 0.66501438081, 0.1710087402, 0.029239932949],
      [5.5002394964e-05, 0, 0.0017688510726, 0.99478460113, 0.0033915453982],
      [0, 0, 0.029246034117, 0.79879894741, 0.17195501847],
      [0, 0, 0.95586081128, 0.032503003983, 0.01163618474],
      [0.028420688837, 0, 0.035016761635, 0.33831657104, 0.59824597849]
    ],
    [
      [0.14176205826, 0.0034120955637, 0.70491357116, 0.12656139286, 0.023350882166],
      [0, 0.14505220075, 0.0043352689958, 0.84733597227, 0.0032765579774],
      [0.00048888023431, 0.010158418301, 0.11790478525, 0.70078362018, 0.17066429604],
      [2.8044953231e-05, 0.0018919284281, 0.98592866908, 0.0060617344261, 0.0060896231115],
      [0.031255949933, 0.0040843681848, 0.051329895836, 0.31580964666, 0.59752013939]
    ],
    [
      [0.22427936895, 0.0059106019333, 0.63643297602, 0.11138370756, 0.021993345531],
      [0.00019983199046, 0.22984061342, 0.0045554320169, 0.76224796393, 0.0031561586406],
      [0.0070168457329, 0.02269587366, 0.12320030118, 0.67261483381, 0.17447214562],
      [0, 2.8793608578e-05, 0.99314925577, 0, 0.0068219506228],
      [0.059367366473, 0.0074719504095, 0.055024921282, 0.3033532585, 0.57478250333]
    ],
    [
      [0.18660444036, 0.014846447091, 0.667807605, 0.10414962196, 0.026591885598],
      [0, 0.44553329662, 0.0055799470956, 0.54593103413, 0.0029557221463],
      [0.0027928916719, 0.053712839005, 0.11590285576, 0.626757083, 0.20083433057],
      [0, 0.009932083736, 0.98203813005, 0, 0.0080297862146],
      [0.04279109815, 0.017333060646, 0.049197002045, 0.26099057262, 0.62968826654]
    ],
    [
      [0.28672037472, 0.010335605714, 0.58235922406, 0.1007189566, 0.019865838906],
      [0.00058066395038, 0.36222617228, 0.0052813431947, 0.629121201, 0.0027906195738],
      [0.010741921122, 0.039767194755, 0.11851870286, 0.66017323812, 0.17079894314],
      [0.0033148241187, 0.0077725187651, 0.98167410474, 0, 0.0072385523797],
      [0.081965540959, 0.013821323135, 0.054804839131, 0.29363184463, 0.55577645214]
    ],
    [
      [0.59431136692, 0, 0.31465954337, 0.074364329604, 0.016664760107],
      [0, 0, 0, 0.99290138648, 0.0070986135198],
      [0.0067077013835, 0, 0.047299083283, 0.81844169402, 0.12755152132],
      [0.010808904431, 0, 0.94108745536, 0.014504885133, 0.033598755077],
      [0.1136117355, 0, 0.012938574827, 0.28190165771, 0.59154803197]
    ],
    [
      [0.22190783041, 0.0056296460915, 0.64912400596, 0.1117299785, 0.011608539037],
      [0.00022625268489, 0.22844863275, 0.010511874604, 0.76011465079, 0.00069858916985],
      [0.0067909506557, 0.022995453323, 0.16227362667, 0.70760759513, 0.10033237422],
      [0, 0, 1, 0, 0],
      [0.073749701309, 0.0097664077499, 0.071562196052, 0.40071116124, 0.44421053365]
    ],
    [
      [0.37815911861, 0.0048756638002, 0.52057669949, 0.091676983316, 0.0047115347769],
      [0, 0.24089771554, 0.016508819774, 0.74259346469, 0],
      [0.0011522269363, 0.021532430631, 0.19878209716, 0.73800770161, 0.040525543667],
      [0, 0, 1, 0, 0],
      [0.15849696194, 0.010159797832, 0.10358520926, 0.45791092417, 0.26984710679]
    ],
    [
      [1, 0, 0, 0, 0],
      [0, 0.51627441441, 0, 0.47777262225, 0.005952963348],
      [0.026386447734, 0.08831276721, 0.045078775761, 0.70008451726, 0.14013749203],
      [0.0078996412204, 0.022635900429, 0.94159560383, 0.017796479387, 0.01007237513],
      [0.36680546479, 0.018700036437, 0.024100283538, 0.20405638637, 0.38633782886]
    ],
    [
      [0.21595586554, 0.030054277082, 0.55725479951, 0.18898824448, 0.0077468133822],
      [0, 0.30923903568, 0, 0.69076096432, 0],
      [0, 0.056988265871, 0.010427053386, 0.88463013086, 0.047954549879],
      [0, 0.018268506651, 0.93644637603, 0.04395405424, 0.0013310630792],
      [0.072875028581, 0.024898990428, 0.047785913742, 0.58600220933, 0.26843785791]
    ],
    [
      [0.44850968432, 0, 0.44762463679, 0.086308795776, 0.017556883115],
      [0.00019731373642, 0, 0.0021618222951, 0.99357629875, 0.0040645652142],
      [0.0014968840878, 0, 0.096356640784, 0.71485230679, 0.18729416834],
      [0, 0, 0.99416374699, 0, 0.0058362530051],
      [0.085018022315, 0, 0.036014832087, 0.24915472698, 0.62981241862]
    ],
    [
      [0.2389553844, 0.013546508311, 0.55205151564, 0.18586853977, 0.0095780518717],
      [0, 0.27567956403, 0, 0.7239675848, 0.00035285116555],
      [5.8593461531e-05, 0.043379345263, 0.01348481059, 0.88580001798, 0.057277232707],
      [8.0017674736e-05, 0.014037576012, 0.93814262592, 0.04561033989, 0.0021294405066],
      [0.072886724625, 0.019700865721, 0.04261417162, 0.56310736784, 0.30169087019]
    ],
    [
      [0.26795324178, 0.018139968519, 0.52898471389, 0.17529991248, 0.0096221633315],
      [0, 0.33919493581, 0, 0.6607221286, 8.2935586658e-05],
      [0.00016824914491, 0.062152842329, 0.012937882114, 0.86318459084, 0.061556435572],
      [0.00018135388731, 0.019843060365, 0.93534675561, 0.042437839103, 0.0021909910351],
      [0.083215738312, 0.025977947525, 0.041660403656, 0.53360868354, 0.31553722696]
    ],
    [
      [0.24841612342, 0.048410341197, 0.50895206841, 0.18521122307, 0.0090102439039],
      [0, 0.44309707697, 0, 0.55669471619, 0.00020820683309],
      [0, 0.07711549371, 0, 0.86829267417, 0.05459183212],
      [0, 0.067393053152, 0.87840492711, 0.052161540111, 0.0020404796289],
      [0.078872463483, 0.040057308424, 0.036721513484, 0.54726270806, 0.29708600655]
    ],
    [
      [0.31719427025, 0.035225367809, 0.45707994625, 0.18515788741, 0.0053425282827],
      [0, 0.36540237825, 0, 0.63449339639, 0.00010422535695],
      [0, 0.0570426616, 0, 0.90982462032, 0.033132718083],
      [0, 0.077033127189, 0.87411397012, 0.047203470971, 0.0016494317231],
      [0.10955931085, 0.032212492885, 0.041374684468, 0.62028925645, 0.19656425535]
    ],
    [
      [0.1976352763, 0.0063511038399, 0.66088754014, 0.12867973136, 0.0064463483549],
      [0, 0.22739854096, 0.015742458735, 0.7568590003, 0],
      [0.00043696074904, 0.024023693185, 0.15697364036, 0.76773189573, 0.050833809978],
      [0, 0, 1, 0, 0],
      [0.069621092083, 0.010901660998, 0.09202562581, 0.48958433411, 0.337867287]
    ],
    [
      [0.30430476044, 0.027617351621, 0.52338037501, 0.13688197774, 0.0078155351923],
      [0, 0.46411080595, 0, 0.53588919405, 0],
      [0.0037939391562, 0.096626958314, 0.043042797972, 0.78887302816, 0.067663276401],
      [0.00098198154871, 0.031225799838, 0.94078941038, 0.026697809436, 0.00030499879404],
      [0.10257873535, 0.036306498785, 0.050751617504, 0.46595675278, 0.34440639559]
    ],
    [
      [0.20990694261, 0.0091153626671, 0.66208753178, 0.093681230481, 0.025208932461],
      [8.6600547197e-05, 0.36199207337, 0.0037600947802, 0.63079889716, 0.0033623341438],
      [0.0048737973111, 0.038642383009, 0.14911606946, 0.59717336442, 0.2101943858],
      [0, 0, 0.99265492045, 0, 0.0073450795496],
      [0.049418931949, 0.010524302087, 0.058635076398, 0.24241550665, 0.63900618291]
    ],
    [
      [0.26835216523, 0.0036224621678, 0.57472810459, 0.11763577369, 0.035661494323],
      [0.00035419228046, 0.16369399207, 0.00093102723756, 0.82811499361, 0.0069057947947],
      [0.0072588559651, 0.012322789208, 0.060135825814, 0.67810014606, 0.24218238295],
      [0.0033090885935, 0.0018005590498, 0.95911840982, 0.0059095124393, 0.029862430093],
      [0.059238593077, 0.003617357858, 0.033880578717, 0.26302241314, 0.64024105721]
    ],
    [
      [0.33264741823, 0.013309338671, 0.48647458557, 0.15514435804, 0.012424299486],
      [0, 0.30430240438, 0, 0.69420361589, 0.0014939797307],
      [0.0067706259255, 0.048759647451, 0.019853813274, 0.83704036161, 0.087575551744],
      [0.0026222920596, 0.01502582194, 0.93729396612, 0.040215543823, 0.004842376054],
      [0.10223697515, 0.018767095383, 0.038024274937, 0.46344483809, 0.37752681644]
    ],
    [
      [0.2499957954, 0.010970426892, 0.56438536504, 0.16109833648, 0.013550076183],
      [0, 0.27297083308, 0, 0.72563284557, 0.0013963213484],
      [0.0025798185163, 0.035390956616, 0.044234972813, 0.826960663, 0.090833589058],
      [0.00064819732599, 0.010323871557, 0.94962536216, 0.03495761843, 0.00444495053],
      [0.073549075871, 0.015266525906, 0.045529836886, 0.46725946384, 0.3983950975]
    ],
    [
      [0.23124638156, 0.013292302819, 0.55705092392, 0.18316518868, 0.015245203026],
      [0, 0.25816508765, 0, 0.74013503972, 0.0016998726316],
      [0, 0.034572614426, 0.0157547944, 0.85751684161, 0.092155749568],
      [0, 0.011224980379, 0.93582971779, 0.046875700211, 0.0060696016148],
      [0.063316387584, 0.014920556902, 0.037857520753, 0.4842418449, 0.39966368986]
    ],
    [
      [0.22682534645, 0.011540062292, 0.57744834594, 0.17075142484, 0.013434820477],
      [0, 0.2704950156, 0, 0.72820767406, 0.0012973103378],
      [0.00040781199926, 0.035957078081, 0.039611751114, 0.83731713002, 0.086706228785],
      [0, 0.010654962662, 0.94820281275, 0.036956351376, 0.0041858732138],
      [0.065611917186, 0.015682240947, 0.045565531387, 0.48240372586, 0.39073658462]
    ],
    [
      [0.22531300666, 0.02161104786, 0.57488294601, 0.17045478105, 0.0077382184305],
      [0, 0.30709987687, 0, 0.69271085875, 0.00018926438149],
      [0, 0.043828790165, 0.041218991879, 0.86442995164, 0.050522266314],
      [0, 0.012889415033, 0.95395733531, 0.031409665347, 0.0017435843056],
      [0.074508132399, 0.021466335136, 0.05389083547, 0.5659809038, 0.28415379319]
    ],
    [
      [0.29780281393, 0.020826899014, 0.50591320219, 0.16069161168, 0.014765473184],
      [0, 0.38267479834, 0, 0.61683309638, 0.00049210528004],
      [0.0014273435341, 0.083279189444, 0.0060886967637, 0.81338590159, 0.095818868666],
      [0.0010684799742, 0.023937365391, 0.93478718212, 0.035456688336, 0.0047502841802],
      [0.08220119795, 0.028039674348, 0.033050566563, 0.44248372054, 0.4142248406]
    ],
    [
      [0, 0.010256720268, 0.7295140162, 0.23744348955, 0.022785773985],
      [0, 0.18890419105, 0, 0.8078376762, 0.0032581327489],
      [2.2725973344e-32, 0.02260145025, 0, 0.87033414278, 0.10706440697],
      [3.0868002615e-48, 0.013190504016, 0.91530419326, 0.062602361679, 0.008902941047],
      [0, 0.0098340631449, 0.03081966676, 0.48239934388, 0.47694692621]
    ],
    [
      [0.26448888798, 0.015996685756, 0.54106666756, 0.16779994981, 0.010647808894],
      [0, 0.33877148739, 0, 0.66034988602, 0.00087862658692],
      [0.0017195951904, 0.051227813016, 0.030593177574, 0.84497095615, 0.071488458069],
      [0.00027743922326, 0.016211361849, 0.93972570754, 0.04069571764, 0.0030897737518],
      [0.082228735128, 0.022716205744, 0.04608168349, 0.50591911837, 0.34305425727]
    ],
    [
      [0.26167781652, 0.0075032253279, 0.58352998798, 0.13379267045, 0.013496299728],
      [0.00018088681061, 0.23682418628, 0.0025819977059, 0.75886917163, 0.0015437575752],
      [0.0059344101865, 0.026053757628, 0.087402366089, 0.77807686097, 0.10253260513],
      [0.0017849686883, 0.0065047817809, 0.97033823122, 0.017620122706, 0.0037518956101],
      [0.082377346515, 0.011121520092, 0.055735676054, 0.42230157567, 0.42846388167]
    ],
    [
      [0.29804256928, 0.0068937539491, 0.52413723258, 0.15340392274, 0.017522521443],
      [6.9349281961e-05, 0.22228507821, 0.00051456686275, 0.77516187827, 0.0019691273805],
      [0.0040141917313, 0.023326771192, 0.040357336639, 0.81607449215, 0.11622720828],
      [0.001407647166, 0.0067686840055, 0.95361512978, 0.031176621568, 0.0070319174786],
      [0.080613319416, 0.0092515753683, 0.038569945043, 0.41382662574, 0.45773853443]
    ],
    [
      [0.27719431324, 0.0054062814779, 0.55353383802, 0.15294572051, 0.010919846755],
      [0, 0.17152791384, 0.0010357703482, 0.8262273611, 0.00120895471],
      [0.0019895020938, 0.017811238697, 0.054692739771, 0.84879393353, 0.076712585906],
      [0.00087459084154, 0.0049765792656, 0.96338994514, 0.02768714977, 0.0030717349813],
      [0.081138495451, 0.0082213645456, 0.049907591229, 0.49435657677, 0.366375972]
    ],
    [
      [7.6327832943e-17, 0.036932773615, 0.68550963196, 0.25166469591, 0.025892898509],
      [0, 0.47311007983, 0, 0.52549801829, 0.0013919018817],
      [0, 0.045442695247, 0, 0.84633800848, 0.10821929627],
      [0, 0.13078152733, 0.80835862507, 0.053043364217, 0.0078164833809],
      [5.5511151231e-17, 0.03220335836, 0.021611024847, 0.45654213711, 0.48964347968]
    ],
    [
      [0.2981798354, 0, 0.62374246428, 0.067004106454, 0.011073593862],
      [0.00026201571587, 0, 0.0043877997881, 0.99167814457, 0.0036720399308],
      [0.019533706111, 3.1650304028e-33, 0.2830446158, 0.56071755889, 0.1367041192],
      [0, 0, 1, 0, 0],
      [0.093932759795, 1.6498619221e-34, 0.062493811282, 0.28148610372, 0.56208732521]
    ],
    [
      [0.259363058, 0.0060546440201, 0.52870676864, 0.19527749613, 0.010598033219],
      [0, 0.15107576547, 0, 0.84764395958, 0.0012802749492],
      [0.00056739226064, 0.018861934247, 0.017046503148, 0.89961984451, 0.063904325831],
      [0, 0.0060808520831, 0.91706514338, 0.07194383732, 0.0049101672215],
      [0.07756854643, 0.0086582231849, 0.043215468647, 0.55553267159, 0.31502509015]
    ],
    [
      [0.2268568237, 0, 0.66598842454, 0.10715475176, 0],
      [0, 0, 0.0087818223291, 0.99121817767, 0],
      [0.0032088862019, 0, 0.16390514999, 0.8112009458, 0.02168501801],
      [0, 0, 1, 0, 0],
      [0.094405180931, 0, 0.10237697289, 0.58565647421, 0.21756137197]
    ],
    [
      [0.16072380926, 0.012282501418, 0.69342260041, 0.11241435345, 0.021156735464],
      [0, 0.38343062889, 0.011521360896, 0.60304024968, 0.0020077605376],
      [0, 0.042147499647, 0.11720754192, 0.6807623223, 0.15988263614],
      [0, 0, 0.9950505694, 0, 0.0049494305961],
      [0.038673016358, 0.014173848562, 0.057215731875, 0.3070566641, 0.5828807391]
    ],
    [
      [0.28684820738, 0.013162566464, 0.59026546272, 0.090596475935, 0.019127287501],
      [0.00071594222486, 0.44924814762, 0.0050952560116, 0.54239074611, 0.0025499080378],
      [0.012197761605, 0.055315369229, 0.12154770679, 0.64155934495, 0.16937981742],
      [0.0035265959923, 0.011051269892, 0.97669344778, 0.0019128362642, 0.0068158500681],
      [0.084156789903, 0.018087551842, 0.061884689249, 0.27911025181, 0.55676071719]
    ],
    [
      [0.21282317823, 0.014755260961, 0.61516049519, 0.14242469605, 0.014836369567],
      [0, 0.3596585156, 0.0020061669101, 0.63707473722, 0.0012605802772],
      [0.002026213585, 0.049025095521, 0.076475430546, 0.76634653709, 0.10612672326],
      [0, 0.012814077345, 0.96565073175, 0.018589625826, 0.0029455650765],
      [0.061206743717, 0.020175240047, 0.053277952744, 0.41552410597, 0.44981595752]
    ],
    [
      [0.31770215439, 0, 0.57765607456, 0.065019496004, 0.039622275051],
      [0.00024226348816, 0, 0.0035288113258, 0.98531804096, 0.010910884226],
      [0.00014953862714, 0, 0.14457077671, 0.48238527211, 0.37289441255],
      [0, 0, 0.98157433309, 0, 0.018425666908],
      [0.046370151638, 0, 0.028206228016, 0.11659305959, 0.80883056076]
    ],
    [
      [0.21289422918, 0.0046354278778, 0.68360649494, 0.08190539529, 0.016958452711],
      [0.00017810572529, 0.25711425489, 0.0072177095137, 0.73296139482, 0.0025285350566],
      [0.0070651228301, 0.021188683581, 0.2046866508, 0.60080980672, 0.16624973607],
      [0, 0, 1, 0, 0],
      [0.060637710618, 0.0063109956524, 0.08559646623, 0.26543115202, 0.58202367548]
    ],
    [
      [0.44858645204, 0.0001498249753, 0.46029176643, 0.070962527951, 0.020009428605],
      [0.0061850287313, 0.13236861588, 0.010645449529, 0.84442045441, 0.0063804514491],
      [0.047628150896, 0.0022992055719, 0.11648274097, 0.64587710995, 0.18771279261],
      [0, 0, 0.98496747921, 0, 0.015032520786],
      [0.13525663855, 0.0012678173284, 0.049845516433, 0.26033432834, 0.55329569935]
    ],
    [
      [0.15563192334, 0.0049177179707, 0.71516053828, 0.090825256293, 0.033464564112],
      [0.00019412980507, 0.25491333343, 0.0071217099851, 0.73144536077, 0.0063254660154],
      [0.0048133211814, 0.017020527454, 0.1498533627, 0.56590947722, 0.26240331145],
      [0, 0, 0.98478237457, 0, 0.015217625427],
      [0.034752705375, 0.0046218386854, 0.059725767582, 0.2127861064, 0.68811358195]
    ],
    [
      [0.13463220503, 0.013119753134, 0.64187922663, 0.18836388424, 0.022004930965],
      [0, 0.2774157686, 0, 0.71931711079, 0.0032671206102],
      [0, 0.035363959565, 0.024126148742, 0.81810205055, 0.12240784114],
      [0, 0.010429278979, 0.92845719401, 0.049495683216, 0.011617843795],
      [0.024525948776, 0.019958996978, 0.031169399723, 0.43698779306, 0.48735786147]
    ],
    [
      [0.28188698244, 0.00333622972, 0.634771296, 0.054319909934, 0.025685581906],
      [0.00031233154373, 0.2576967429, 0.0044952853026, 0.73182285721, 0.0056727830454],
      [0.018604822557, 0.019386158701, 0.20737663619, 0.47953523348, 0.27509714907],
      [0, 0, 0.99580071275, 0, 0.0041992872497],
      [0.071069902695, 0.0042636724273, 0.064618230127, 0.16872899558, 0.69131919917]
    ],
    [
      [0.24890810776, 0.015520678452, 0.57885066925, 0.14984938557, 0.0068711589554],
      [0, 0.35340291388, 0.0016256806043, 0.64497140551, 0],
      [0.00026766280241, 0.056176795024, 0.068783300701, 0.82250011353, 0.052272127944],
      [0, 0.012527758319, 0.96108178103, 0.026390460656, 0],
      [0.083245763041, 0.025219229586, 0.058676000959, 0.52115568896, 0.31170331745]
    ],
    [
      [0.25349908607, 0.027853878589, 0.54758231447, 0.1616974125, 0.0093673083589],
      [0, 0.38865465794, 0, 0.61077122341, 0.00057411865131],
      [0, 0.057854152609, 0.051412292296, 0.82650902068, 0.064224534417],
      [0, 0.020652645797, 0.92708725897, 0.05120641188, 0.0010536833539],
      [0.07516879916, 0.025671095477, 0.048067016792, 0.5031080442, 0.34798504437]
    ],
    [
      [0.26639612267, 0.0029179344043, 0.59811493599, 0.11594268513, 0.016628321806],
      [0.00014955528527, 0.13008405048, 0.0022528541412, 0.86497900474, 0.0025345353526],
      [0.0065273272139, 0.011560611616, 0.095002796981, 0.75111251963, 0.13579674456],
      [0.0029542217909, 0.0023790731397, 0.98901969105, 0.00145959351, 0.0041874205122],
      [0.075003842846, 0.0042090561937, 0.053815416912, 0.3577244421, 0.50924724194]
    ],
    [
      [0.3572431057, 0.0044605293894, 0.53611596626, 0.093979346807, 0.0082010518472],
      [0.0029886645265, 0.26193665449, 0.015348403187, 0.7197262778, 0],
      [0.027344840051, 0.024494492913, 0.1341012667, 0.72519372212, 0.088865678213],
      [0, 0, 1, 0, 0],
      [0.13003643863, 0.011066917564, 0.064118815189, 0.39994116248, 0.39483666613]
    ],
    [
      [0.4285758903, 0.0099875937312, 0.45941544504, 0.096982085892, 0.0050389850368],
      [0.0011138116993, 0.38987146432, 0.0065321122085, 0.60248261177, 0],
      [0.025372958209, 0.048895384511, 0.085682323018, 0.77786806903, 0.062181265237],
      [0.0056570041642, 0.0093357527037, 0.98306131369, 0.0019459294375, 0],
      [0.15910235025, 0.019911113129, 0.058344662096, 0.41277047845, 0.34987139608]
    ],
    [
      [0.1184979271, 0.0028013786501, 0.74384391594, 0.10529634426, 0.029560434058],
      [3.7564943532e-05, 0.13841032169, 0.0046570690383, 0.85214392022, 0.0047511241156],
      [0.0018224602207, 0.010226204752, 0.1430517015, 0.62617558213, 0.21872405139],
      [0, 0, 0.98912077051, 0, 0.010879229488],
      [0.026878982361, 0.0029864191307, 0.062433075835, 0.25726472883, 0.65043679384]
    ],
    [
      [0.17142769125, 0.012528106209, 0.70862444583, 0.088815497076, 0.018604259637],
      [2.8390080506e-05, 0.43211922139, 0.0042674968635, 0.56141720119, 0.0021676904797],
      [0.0022617410266, 0.058046955696, 0.21141138672, 0.56493172258, 0.16334819398],
      [0, 0, 1, 0, 0],
      [0.046258935134, 0.016752138228, 0.070639529485, 0.26751196515, 0.59883743201]
    ],
    [
      [0.15684441008, 0.0060838701689, 0.70463456861, 0.10362396559, 0.028813185555],
      [7.2651198356e-05, 0.25383554337, 0.0064710677564, 0.73537697901, 0.0042437586703],
      [0.003244324863, 0.02010570404, 0.15414676247, 0.59655839324, 0.22594481539],
      [0, 0, 0.99235264747, 0, 0.0076473525263],
      [0.034473992214, 0.0064419430314, 0.053506052615, 0.24175863053, 0.66381938161]
    ],
    [
      [0.092541603284, 0.00086534453164, 0.79981409424, 0.08714676598, 0.019632191966],
      [0, 0.061559501917, 0.0098588447204, 0.92522544832, 0.0033562050441],
      [0.00041750285914, 0.003177056251, 0.25903107028, 0.56249611838, 0.17487825222],
      [0, 0, 1, 0, 0],
      [0.02378468995, 0.0012909742108, 0.078239791193, 0.2706212763, 0.62606326835]
    ],
    [
      [0.035878427798, 0.00809727604, 0.85122199616, 0.082563811561, 0.022238488442],
      [0, 0.34979916815, 0.0058510624855, 0.64128045628, 0.0030693130854],
      [0, 0.03294019406, 0.25371302286, 0.51977431581, 0.19357246727],
      [0, 0, 1, 0, 0],
      [0.0087398080321, 0.0097515004973, 0.080736255894, 0.23173971659, 0.66903271899]
    ],
    [
      [0.17663697634, 0.0062714084045, 0.70318857911, 0.10313036226, 0.010772673887],
      [1.6718425954e-05, 0.25857174786, 0.0093205486184, 0.73165130347, 0.000439681623],
      [0.0030769893082, 0.025986284011, 0.19990222014, 0.6734270615, 0.097607445042],
      [0, 0, 1, 0, 0],
      [0.057596378928, 0.0091321875634, 0.10629851623, 0.35594832573, 0.47102459155]
    ],
    [
      [0.47545307585, 6.9491882462e-50, 0.41103900798, 0.10766090185, 0.005847014314],
      [0.0048026055935, 6.5722359352e-33, 0, 0.99422344593, 0.00097394848046],
      [0.024893802655, 0, 0.054126199583, 0.85027823293, 0.070701764833],
      [0.04145447795, 0, 0.95132341841, 0.0066450615624, 0.00057704207587],
      [0.16512316411, 0, 0.043429101137, 0.45539389899, 0.33605383576]
    ],
    [
      [0.34460153356, 0, 0.56276689063, 0.076381460497, 0.016250115309],
      [0.0002241465904, 0, 0.0028165036112, 0.99240076806, 0.0045585817415],
      [0.015690297993, 8.4395884489e-34, 0.1908646168, 0.61388138134, 0.17956370387],
      [0, 0, 1, 0, 0],
      [0.089920758629, 0, 0.049075864379, 0.25220693082, 0.60879644617]
    ],
    [
      [0.34423683261, 0.0029095617476, 0.50685765958, 0.12748019054, 0.018515755525],
      [0.00024119213008, 0.1215147157, 0.0014803085102, 0.87421716296, 0.0025466206936],
      [0.010302417474, 0.011242365496, 0.058768921826, 0.78313157796, 0.13655471725],
      [0.0094533881357, 0.0028177586875, 0.95265962985, 0.02366159135, 0.011407631973],
      [0.097141621721, 0.0040097799161, 0.03986747485, 0.36526564016, 0.49371548335]
    ],
    [
      [0.073122775304, 0.004438561527, 0.82108934684, 0.094030083937, 0.0073192323927],
      [0, 0.20272532346, 0.0053976754338, 0.79048794212, 0.0013890589878],
      [0, 0.019158485393, 0.29379458282, 0.61263696792, 0.074409963868],
      [0, 0, 1, 0, 0],
      [0.025801206589, 0.0078381721194, 0.10482849919, 0.38595375726, 0.47557836484]
    ],
    [
      [0.21198224361, 0.0041699824066, 0.66009450501, 0.10426311575, 0.019490153225],
      [0.0001231629832, 0.20154929098, 0.0063327170365, 0.78926946577, 0.0027253632241],
      [0.0056925510203, 0.018368589927, 0.14755786585, 0.66760103224, 0.16077996096],
      [0, 0, 0.99666977334, 0, 0.0033302266566],
      [0.057297256754, 0.00611382286, 0.062121253977, 0.31370330106, 0.56076436535]
    ],
    [
      [0.44507838029, 2.2013410663e-34, 0.47583944613, 0.07015247334, 0.0089297002366],
      [0.00032828026693, 0, 0.002649585751, 0.99407911514, 0.002943018845],
      [0.082946617347, 0, 0.16014896374, 0.64559427908, 0.11131013983],
      [0, 0, 1, 0, 0],
      [0.15697005718, 0, 0.053223003372, 0.30191654618, 0.48789039326]
    ],
    [
      [0.2029160734, 0.0042097159417, 0.69971660403, 0.088458933362, 0.0046986732744],
      [6.7545863396e-06, 0.22436570856, 0.013419925605, 0.76220761125, 0],
      [0.0037483778092, 0.019335280739, 0.26828335033, 0.65122711825, 0.057405872868],
      [0, 0, 1, 0, 0],
      [0.079379685342, 0.0096816047539, 0.10066504125, 0.43178410506, 0.3784895636]
    ],
    [
      [0.22835695366, 0.0070029386922, 0.67690886153, 0.082679480169, 0.0050517659467],
      [8.4104184988e-05, 0.31768064402, 0.009042464443, 0.67301039816, 0.00018238919312],
      [0.0055049888403, 0.033462409832, 0.27525641447, 0.63112462571, 0.054651561148],
      [0, 0, 1, 0, 0],
      [0.098215265342, 0.016002433706, 0.10444163586, 0.42684198392, 0.35449868117]
    ],
    [
      [0.091182700898, 0.028742208704, 0.75762440643, 0.081444184049, 0.041006499917],
      [3.5947838771e-05, 0.40047701086, 0.0018530895866, 0.5935616779, 0.004072273812],
      [0.00010867702501, 0.041083032712, 0.091252617705, 0.60845905962, 0.25909661294],
      [0, 0, 0.97799186027, 0, 0.022008139731],
      [0.01870790889, 0.010838639556, 0.04441248309, 0.2109755034, 0.71506546506]
    ],
    [
      [0.16541621369, 0, 0.72754018702, 0.092833588246, 0.014210011044],
      [8.9416211832e-05, 0, 0.0052756015276, 0.99158384884, 0.0030511334167],
      [0.00328254145, 4.814824861e-35, 0.2249880993, 0.6389052323, 0.13282412695],
      [0, 0, 1, 0, 0],
      [0.049122688557, 0, 0.094821601591, 0.30928822252, 0.54676748733]
    ],
    [
      [0.076656919936, 0.030467996809, 0.69719712354, 0.18700810517, 0.0086698545386],
      [0, 0.32327415964, 0, 0.67672584036, 0],
      [0, 0.044723515367, 0.056470845078, 0.8448266852, 0.05397895435],
      [0, 0.011747888972, 0.95340565608, 0.034841661787, 4.7931617584e-06],
      [0.026705653591, 0.022964501326, 0.061630596, 0.57118044193, 0.31751880715]
    ],
    [
      [0.19498197728, 0, 0.71162299066, 0.079448701311, 0.013946330748],
      [0.00010280477074, 0, 0.0048076533819, 0.9914284553, 0.0036610865512],
      [0.0036095409424, 0, 0.23463707234, 0.60966185282, 0.1520915339],
      [0, 0, 1, 0, 0],
      [0.054443148464, 0, 0.074675568431, 0.28811313625, 0.58276814686]
    ],
    [
      [0.2157273634, 0.018026314519, 0.63401479611, 0.12103293465, 0.011198591324],
      [0, 0.43679045386, 0.0059165072466, 0.55729303889, 0],
      [0.0032792950795, 0.066370817767, 0.11166935529, 0.72536093168, 0.093319600183],
      [0, 0.014528664209, 0.98219751076, 0.0032738250276, 0],
      [0.068182087132, 0.027231647616, 0.065886310345, 0.40389521039, 0.43480474451]
    ],
    [
      [0.050460928543, 0.0099668261723, 0.93957224528, 0, 0],
      [2.4693609296e-05, 0.55735390851, 0.0025152991313, 0.43637432718, 0.0037317715675],
      [0.00035973824745, 0.06969737731, 0.31627656069, 0.44102876367, 0.17263756008],
      [0, 0, 1, 0, 0],
      [0.01385668323, 0.013359018197, 0.086450622322, 0.15897123633, 0.72736243992]
    ],
    [
      [0.14608461174, 0.0010852144608, 0.76250622821, 0.072108507422, 0.018215438167],
      [0.00015411056744, 0.093768477623, 0.011470001596, 0.89123607192, 0.0033713382952],
      [0.004765314458, 0.0044151211276, 0.26086517157, 0.5450946672, 0.18485972564],
      [0, 0, 1, 0, 0],
      [0.040444267781, 0.0016327260699, 0.087414586399, 0.24296429404, 0.62754412571]
    ],
    [
      [0.56580465035, 0.01001191429, 0.3627552866, 0.0513737052, 0.010054443556],
      [0.0058007830389, 0.52155516038, 0.0024033084109, 0.46886200403, 0.0013787441407],
      [0.080488540269, 0.071128592522, 0.08715571605, 0.61780089039, 0.14342626077],
      [0.020280240036, 0.011599138337, 0.96488440172, 0, 0.0032362199088],
      [0.23255420678, 0.020278426712, 0.046017389623, 0.24707052356, 0.45407945332]
    ],
    [
      [0.26423924662, 0.010080219175, 0.53211896418, 0.16900973031, 0.024551839716],
      [0, 0.25950810613, 0, 0.73462836588, 0.0058635279897],
      [0.0016310766748, 0.034869987082, 0.018808106426, 0.80952307122, 0.1351677586],
      [8.2204039648e-05, 0.0094060000136, 0.93341519805, 0.042794133068, 0.014302464834],
      [0.065155409186, 0.012170171348, 0.026206983851, 0.40729122506, 0.48917621055]
    ],
    [
      [0.31939539232, 0.01652876207, 0.49243728676, 0.16142270638, 0.010215852471],
      [0, 0.34235828675, 0, 0.65693656879, 0.00070514446215],
      [0.0048596826085, 0.05794126321, 0.014103510273, 0.85186443725, 0.071231106654],
      [0.0017721038392, 0.02014004799, 0.92520366844, 0.049925510597, 0.0029586691293],
      [0.10165851836, 0.024388028274, 0.03701434465, 0.50113545249, 0.33580365623]
    ],
    [
      [0.25702756716, 0.021056240977, 0.53380887656, 0.16838592123, 0.019721394078],
      [0, 0.39544896674, 0, 0.60212345646, 0.0024275768037],
      [0, 0.070145417842, 0, 0.80929014603, 0.12056443613],
      [0.00089538414796, 0.045584137225, 0.90722241293, 0.039040452437, 0.0072576132644],
      [0.052601054179, 0.025714588102, 0.025696496214, 0.40741704503, 0.48857081648]
    ],
    [
      [0.071795817169, 0.011486934482, 0.79165854774, 0.11410344947, 0.010955251135],
      [2.3350020306e-05, 0.396345006, 0.0015641418453, 0.60052836028, 0.0015391418525],
      [0, 0.057318340071, 0.1790690761, 0.67105534901, 0.092557234824],
      [0, 0, 1, 0, 0],
      [0.022218125599, 0.016071030247, 0.067157271338, 0.37396009025, 0.52059348257]
    ],
    [
      [0.19828442948, 0.007240880386, 0.67584420429, 0.10673090939, 0.011899576449],
      [0, 0.28209570557, 0.010449974759, 0.7071041054, 0.00035021427359],
      [0.0022989084474, 0.028536508955, 0.21611238059, 0.65796711192, 0.09508509009],
      [0, 0, 1, 0, 0],
      [0.063112224171, 0.011229328373, 0.085016749502, 0.37033718463, 0.47030451332]
    ],
    [
      [0.24534177004, 0.023738944093, 0.53789487442, 0.18378444338, 0.0092399680655],
      [0, 0.35386961246, 0, 0.64555403264, 0.000576354907],
      [0, 0.056259115584, 0.010360649626, 0.87567686858, 0.057703366212],
      [0, 0.0192788317, 0.92578067866, 0.053017533541, 0.0019229561037],
      [0.076086801392, 0.026693100894, 0.040325749668, 0.55297475155, 0.30391959649]
    ],
    [
      [0.17864224955, 0.028898421973, 0.59600743398, 0.18305881171, 0.013393082789],
      [0, 0.32903808513, 0, 0.67027922486, 0.00068269001429],
      [0, 0.049889977037, 0.025895112128, 0.84206771235, 0.082147198488],
      [0, 0.016395328653, 0.93926238393, 0.04118518793, 0.0031570994873],
      [0.051397684291, 0.022384670336, 0.040434981345, 0.4942786515, 0.39150401252]
    ],
    [
      [0.16439932077, 0.051203808993, 0.54019039683, 0.23045260237, 0.013753871029],
      [0, 0.30048564547, 0, 0.69848662196, 0.0010277325774],
      [0, 0.014713983936, 0, 0.91504475912, 0.070241256946],
      [0, 0.11891454774, 0.81372306388, 0.062878912333, 0.0044834760507],
      [0.047400757598, 0.023559496493, 0.02493558838, 0.55509315586, 0.34901100167]
    ],
    [
      [0.32905641523, 0.012760295786, 0.49902622809, 0.15012174527, 0.0090353156335],
      [0, 0.31271838831, 0, 0.686947754, 0.00033385768594],
      [0.0054480817272, 0.046221798022, 0.037751017526, 0.8436444134, 0.066934689323],
      [0.0019760570735, 0.013884792295, 0.94803149975, 0.033841171758, 0.002266479127],
      [0.10898870272, 0.020061856297, 0.045238289704, 0.49918043816, 0.32653071313]
    ],
    [
      [0.22762528726, 0.013440921257, 0.60698082423, 0.13693197085, 0.015020996396],
      [0, 0.35129210945, 0.002605876051, 0.64477223799, 0.0013297765063],
      [0.0028185379213, 0.046066405079, 0.07746731158, 0.76189612959, 0.11175161583],
      [0.00030073293886, 0.011597747691, 0.96748458365, 0.017107020816, 0.0035099149037],
      [0.065321683505, 0.018561780747, 0.053059921542, 0.40236568078, 0.46069093343]
    ],
    [
      [0.39969691008, 0.091384562378, 0.37371904654, 0.12091537111, 0.014284109882],
      [0, 0.65654472464, 0, 0.34345527536, 0],
      [0, 0.15799575976, 0.013096267981, 0.70876737755, 0.12014059471],
      [0.0015154495952, 0.045510858061, 0.92186447959, 0.024779277505, 0.0063299352528],
      [0.097463486349, 0.042238465071, 0.025114833654, 0.30349763209, 0.53168558284]
    ],
    [
