{
  "X": [
    [57, 19, 24],
    [61, 17, 22],
    [59, 18, 23],
    [58, 16, 26],
    [60, 17, 23],
    [66, 13, 21],
    [68, 16, 16],
    [60, 19, 21],
    [74, 11, 15],
    [62, 18, 20],
    [68, 15, 17],
    [70, 14, 16],
    [63, 16, 21],
    [67, 20, 13],
    [67, 16, 17],
    [66, 18, 16],
    [69, 14, 17],
    [66, 9, 25],
    [65, 18, 17],
    [69, 13, 18],
    [65, 19, 16],
    [65, 21, 14],
    [66, 15, 19],
    [64, 17, 19],
    [61, 17, 22],
    [73, 3, 24],
    [64, 10, 26],
    [60, 10, 30],
    [53, 14, 33],
    [54, 13, 33],
    [65, 8, 27],
    [51, 14, 35],
    [62, 9, 29],
    [57, 9, 34],
    [60, 11, 29],
    [62, 10, 28],
    [55, 7, 38],
    [51, 20, 29],
    [50, 25, 25],
    [46, 30, 24],
    [45, 24, 31],
    [35, 36, 29],
    [50, 20, 30],
    [49, 20, 31],
    [45, 32, 23],
    [45, 29, 26],
    [49, 22, 29],
    [43, 27, 30],
    [53, 26, 21],
    [52, 20, 28]
  ],
  "W": [
    [57, 12, 12, 19],
    [65, 14, 11, 10],
    [62, 15, 12, 11],
    [57, 6, 22, 15],
    [64, 12, 10, 14],
    [57, 16, 12, 15],
    [69, 10, 9, 12],
    [67, 11, 8, 14],
    [62, 15, 10, 13],
    [59, 10, 18, 13],
    [58, 15, 11, 16],
    [62, 17, 10, 11],
    [29, 36, 17, 18],
    [13, 58, 14, 15],
    [16, 60, 13, 11],
    [13, 62, 10, 15],
    [10, 65, 12, 13],
    [9, 64, 14, 13],
    [16, 64, 14, 6],
    [11, 68, 14, 7],
    [7, 70, 9, 14],
    [19, 59, 15, 7],
    [14, 67, 9, 10],
    [12, 54, 16, 18],
    [11, 61, 14, 14],
    [18, 11, 62, 9],
    [12, 12, 61, 15],
    [9, 16, 65, 10],
    [12, 10, 61, 17],
    [6, 13, 67, 14],
    [17, 7, 66, 10],
    [11, 6, 67, 16],
    [12, 16, 66, 6],
    [15, 10, 66, 9],
    [10, 15, 61, 14],
    [11, 18, 58, 13],
    [12, 7, 60, 21],
    [15, 12, 33, 40],
    [13, 10, 12, 65],
    [12, 16, 10, 62],
    [12, 8, 10, 70],
    [13, 9, 13, 65],
    [15, 16, 10, 59],
    [14, 9, 10, 67],
    [13, 14, 18, 55],
    [15, 14, 14, 57],
    [14, 11, 11, 64],
    [15, 17, 12, 56],
    [16, 16, 13, 55],
    [19, 16, 8, 57]
  ],
  "method": "mvn_cdf",
  "mvncdf_method": "genz",
  "mvncdf_samples": 5000,
  "mvncdf_error": 1e-06,
  "cond_prob": [
    [
      [0.65147435156, 0.16011479117, 0.18841085728],
      [0.68573615802, 0.17834452167, 0.13591932031],
      [0.53999800585, 0.039807161362, 0.42019483278],
      [0.28466829803, 0.37230645836, 0.34302524361]
    ],
    [
      [0.6573464091, 0.15712769524, 0.18552589566],
      [0.69117179902, 0.1748778017, 0.13395039928],
      [0.54590072751, 0.039127085991, 0.41497218649],
      [0.28996704399, 0.36898995072, 0.34104300529]
    ],
    [
      [0.64132657657, 0.16589289866, 0.19278052477],
      [0.67458015435, 0.18656615379, 0.13885369186],
      [0.52967845881, 0.041425204672, 0.42889633651],
      [0.27454557501, 0.38166717854, 0.34378724645]
    ],
    [
      [0.66119498007, 0.15031319083, 0.18849182911],
      [0.69656823246, 0.16759603588, 0.13583573166],
      [0.54508746357, 0.037150138462, 0.41776239796],
      [0.29419052452, 0.35647895741, 0.34933051807]
    ],
    [
      [0.66185070884, 0.14795903307, 0.19019025809],
      [0.69771904685, 0.16510347685, 0.13717747631],
      [0.54313913596, 0.03645012149, 0.42041074255],
      [0.29512552785, 0.35120368415, 0.35367078799]
    ],
    [
      [0.72558491903, 0.11091405776, 0.1635010232],
      [0.75978063823, 0.12286528682, 0.11735407496],
      [0.60519819147, 0.027792819899, 0.36700898863],
      [0.36338808812, 0.29460422296, 0.34200768892]
    ],
    [
      [0.7316296523, 0.13743877735, 0.13093157035],
      [0.75693340149, 0.15035737214, 0.092709226364],
      [0.65071905649, 0.036664623316, 0.31261632019],
      [0.36414937024, 0.36421440748, 0.27163622229]
    ],
    [
      [0.65915336553, 0.16580445975, 0.17504217472],
      [0.69071290577, 0.18384932513, 0.1254377691],
      [0.5586918023, 0.042113858132, 0.39919433957],
      [0.29028860893, 0.38875073549, 0.32096065558]
    ],
    [
      [0.78743258991, 0.094279197242, 0.11828821285],
      [0.81348658815, 0.10289839175, 0.083615020093],
      [0.69533224169, 0.024987049329, 0.27968070898],
      [0.44188639244, 0.28051733844, 0.27759626912]
    ],
    [
      [0.68241331123, 0.16890365199, 0.14868303678],
      [0.70887434514, 0.18548768329, 0.10563797157],
      [0.60283013752, 0.044613156545, 0.35255670593],
      [0.30980168064, 0.40942855229, 0.28076976707]
    ],
    [
      [0.74648968056, 0.12184882149, 0.13166149795],
      [0.77309800776, 0.13360522569, 0.093296766546],
      [0.65691048264, 0.032294498251, 0.31079501911],
      [0.38399383639, 0.33383686533, 0.28216929828]
    ],
    [
      [0.7469619028, 0.12143075257, 0.13160734463],
      [0.77368344594, 0.13301068965, 0.093305864414],
      [0.65710934451, 0.032063081165, 0.31082757433],
      [0.38469777007, 0.33283844435, 0.28246378558]
    ],
    [
      [0.70676500596, 0.1325329677, 0.16070202634],
      [0.73845019685, 0.14654791221, 0.11500189094],
      [0.59960995156, 0.033781473541, 0.3666085749],
      [0.33938039261, 0.33882327668, 0.32179633071]
    ],
    [
      [0.71906699497, 0.16742812367, 0.11350488137],
      [0.7381545501, 0.18214944992, 0.079695999985],
      [0.67044705712, 0.046768572738, 0.28278437014],
      [0.34550531828, 0.42824362241, 0.22625105931]
    ],
    [
      [0.70995399414, 0.13862406612, 0.15142193974],
      [0.73938489005, 0.15274307966, 0.10787203029],
      [0.61269298747, 0.035771229168, 0.35153578336],
      [0.34142972105, 0.3548304243, 0.30373985465]
    ],
    [
      [0.71117079599, 0.14556787588, 0.14326132814],
      [0.73837590599, 0.15987335219, 0.10175074182],
      [0.62360205017, 0.03830771678, 0.33809023305],
      [0.34122791118, 0.37187405935, 0.28689802947]
    ],
    [
      [0.73170130466, 0.11608504463, 0.15221365071],
      [0.7643449811, 0.12834400119, 0.10731101772],
      [0.62490699994, 0.029824515229, 0.34526848483],
      [0.37015946823, 0.3125035286, 0.31733700318]
    ],
    [
      [0.68610065161, 0.083863023703, 0.23003632468],
      [0.73563107852, 0.09585621373, 0.16851270775],
      [0.51290986391, 0.0190424799, 0.46804765619],
      [0.32692865611, 0.21278213282, 0.46028921107]
    ],
    [
      [0.66920258584, 0.1722117931, 0.15858562106],
      [0.69750283768, 0.18966775338, 0.11282940894],
      [0.58281216185, 0.044902684631, 0.37228515352],
      [0.29790071009, 0.40841282773, 0.29368646218]
    ],
    [
      [0.71261405046, 0.11903783809, 0.16834811145],
      [0.74702611304, 0.13222384086, 0.1207500461],
      [0.59253995275, 0.029772554705, 0.37768749254],
      [0.34787586546, 0.30893650926, 0.34318762528]
    ],
    [
      [0.69410087203, 0.15561204043, 0.15028708754],
      [0.72182500356, 0.17123151665, 0.10694347979],
      [0.60610066071, 0.040741754388, 0.3531575849],
      [0.32291462055, 0.3854408258, 0.29164455364]
    ],
    [
      [0.66511181461, 0.20903514758, 0.1258530378],
      [0.6842111259, 0.22720467215, 0.088584201951],
      [0.62419222753, 0.058461861092, 0.31734591137],
      [0.28846347276, 0.4848801771, 0.22665635013]
    ],
    [
      [0.68638965391, 0.12771801413, 0.18589233197],
      [0.72367062384, 0.14244321915, 0.13388615701],
      [0.55957578528, 0.031293062079, 0.40913115264],
      [0.32036151482, 0.31704642722, 0.36259205796]
    ],
    [
      [0.70994744464, 0.13781005372, 0.15224250164],
      [0.7395827215, 0.15189395915, 0.10852331935],
      [0.6116819009, 0.035648669488, 0.35266942961],
      [0.34161751969, 0.35289207937, 0.30549040094]
    ],
    [
      [0.65820316243, 0.14446828369, 0.19732855388],
      [0.6958163414, 0.16158297859, 0.14260068001],
      [0.53345745837, 0.035155830141, 0.43138671149],
      [0.2923757833, 0.34126353123, 0.36636068546]
    ],
    [
      [0.81653493117, 0.054724953541, 0.12874011529],
      [0.8523125184, 0.063436390835, 0.084251090764],
      [0.70377124966, 0.014423366446, 0.2818053839],
      [0.49627964357, 0.19209761776, 0.31162273867]
    ],
    [
      [0.74935540662, 0.11772530337, 0.13291929002],
      [0.77652329382, 0.12913316753, 0.094343538654],
      [0.65734395758, 0.03072675175, 0.31192929067],
      [0.38750129756, 0.32672328744, 0.285775415]
    ],
    [
      [0.70049918382, 0.14138069624, 0.15812011993],
      [0.73093825473, 0.15609667342, 0.11296507185],
      [0.60066804689, 0.036168849987, 0.36316310312],
      [0.33067675916, 0.35920352795, 0.3101197129]
    ],
    [
      [0.64782610067, 0.17887280643, 0.1733010929],
      [0.67769836385, 0.19815430002, 0.12414733612],
      [0.55566366866, 0.045741117564, 0.39859521378],
      [0.27769595898, 0.41294793803, 0.30935610298]
    ],
    [
      [0.64645481105, 0.18586712371, 0.16767806524],
      [0.67463176651, 0.20551129762, 0.11985693587],
      [0.56173004692, 0.04802992328, 0.3902400298],
      [0.27568227768, 0.42758876243, 0.29672895989]
    ],
    [
      [0.75143616012, 0.11160642661, 0.13695741327],
      [0.78002797667, 0.12261441183, 0.097357611499],
      [0.65256025254, 0.028993722137, 0.31844602532],
      [0.3914442653, 0.31235890936, 0.29619682534]
    ],
    [
      [0.62369453795, 0.20065866787, 0.17564679419],
      [0.65191229917, 0.22229270045, 0.12579500038],
      [0.54019200361, 0.051712970347, 0.40809502604],
      [0.25599815462, 0.44452192928, 0.2994799161]
    ],
    [
      [0.70571200886, 0.14004278139, 0.15424520975],
      [0.73536300189, 0.15456126889, 0.11007572921],
      [0.60802635969, 0.035966200142, 0.35600744017],
      [0.3358520584, 0.35930163502, 0.30484630658]
    ],
    [
      [0.68146754023, 0.13466075474, 0.18387170503],
      [0.71735302717, 0.15011057841, 0.13253639442],
      [0.56106818504, 0.03308405967, 0.40584775529],
      [0.31414102073, 0.33350906131, 0.35234991796]
    ],
    [
      [0.71035025661, 0.13695301592, 0.15269672746],
      [0.74001933849, 0.15103240218, 0.10894825933],
      [0.61217490549, 0.035273836404, 0.35255125811],
      [0.34140602486, 0.35348905589, 0.30510491925]
    ],
    [
      [0.72614505354, 0.12173250485, 0.15212244161],
      [0.75713706388, 0.13434282741, 0.10852010871],
      [0.62075576697, 0.031146910295, 0.34809732273],
      [0.361161282, 0.32438878414, 0.31444993386]
    ],
    [
      [0.71058932625, 0.084787103721, 0.20462357003],
      [0.75562343124, 0.095435622188, 0.14894094657],
      [0.55274765549, 0.019871847989, 0.42738049652],
      [0.35263130388, 0.22403557362, 0.42333312251]
    ],
    [
      [0.69021614155, 0.14610927903, 0.16367457943],
      [0.72086310101, 0.16184054334, 0.11729635565],
      [0.58793405407, 0.03746574794, 0.37460019799],
      [0.32052095881, 0.36233108982, 0.31714795137]
    ],
    [
      [0.74477425963, 0.1217967648, 0.13342897557],
      [0.77251313559, 0.13312344595, 0.094363418453],
      [0.65485807092, 0.032133663921, 0.31300826515],
      [0.38319727554, 0.33169537199, 0.28510735247]
    ],
    [
      [0.68894486224, 0.1609635403, 0.15009159746],
      [0.72015718686, 0.17802368427, 0.10181912887],
      [0.61551247803, 0.043310036567, 0.3411774854],
      [0.32231921805, 0.40028343696, 0.27739734499]
    ],
    [
      [0.71405439183, 0.11722971359, 0.16871589458],
      [0.7489481222, 0.129989873, 0.1210620048],
      [0.59462080303, 0.029379537978, 0.375999659],
      [0.35016800088, 0.30465300199, 0.34517899713]
    ],
    [
      [0.59392540576, 0.22591160505, 0.1801629892],
      [0.62071943283, 0.25026322663, 0.12901734053],
      [0.51867317589, 0.059287474019, 0.42203935009],
      [0.23284325548, 0.47161076306, 0.29554598146]
    ],
    [
      [0.71924608411, 0.10614495345, 0.17460896244],
      [0.75612031958, 0.11829549529, 0.12558418513],
      [0.58926435253, 0.026219191381, 0.38451645609],
      [0.35738648773, 0.28017236324, 0.36244114903]
    ],
    [
      [0.73762892206, 0.09812742448, 0.16424365346],
      [0.7734699294, 0.10853570353, 0.11799436707],
      [0.61066691083, 0.024464680062, 0.36486840911],
      [0.37989824185, 0.26717392967, 0.35292782847]
    ],
    [
      [0.65787315891, 0.2043856849, 0.13774115619],
      [0.67928548426, 0.22332191261, 0.097392603122],
      [0.60426815411, 0.056252289715, 0.33947955618],
      [0.28331704067, 0.4694390043, 0.24724395502]
    ],
    [
      [0.67021720368, 0.17213424433, 0.15764855199],
      [0.6981565073, 0.18951979499, 0.11232369771],
      [0.58557859206, 0.045161556053, 0.36925985189],
      [0.29882672468, 0.40814464988, 0.29302862543]
    ],
    [
      [0.7310804683, 0.1104315272, 0.1584880045],
      [0.76463325392, 0.12198270244, 0.11338404364],
      [0.61461634059, 0.027955155377, 0.35742850403],
      [0.36947706003, 0.29604952988, 0.33447341009]
    ],
    [
      [0.64430564035, 0.1621335751, 0.19356078455],
      [0.67959511521, 0.18081350925, 0.13959137553],
      [0.53064249579, 0.040164944098, 0.42919256011],
      [0.27865170445, 0.37243196129, 0.34891633426]
    ],
    [
      [0.73764673959, 0.14001980089, 0.12233345952],
      [0.76076872401, 0.15274786846, 0.086483407532],
      [0.6658523443, 0.038159937894, 0.2959877178],
      [0.3702416763, 0.37373926907, 0.25601905463]
    ],
    [
      [0.72962981404, 0.10565786529, 0.16471232067],
      [0.76474356798, 0.11720755076, 0.11804888126],
      [0.60623904544, 0.026534860908, 0.36722609365],
      [0.36900716163, 0.28354133984, 0.34745149853]
    ]
  ],
  "expected_outcome": [
    [
      [37.1340380387, 42.7275165913, 39.7622477476, 37.6881138637, 42.3584453657, 41.358340385, 50.4824460085, 44.1632754902, 48.8208205743, 40.2623853623, 43.2964014725, 46.3116379737, 20.4961851729, 9.3478709346, 11.3592639062, 9.2452203478, 7.3170130466, 6.1749058645, 10.7072413735, 7.838754555, 4.8587061042, 12.6371244776, 9.6094551547, 8.5193693357, 7.2402347867, 14.6976287611, 8.9922648794, 6.3044926544, 7.773913208, 3.8787288663, 12.7744147221, 6.8606399174, 8.4685441063, 10.2220131034, 7.1035025661, 7.9875955889, 8.527071915, 10.3532421232, 9.6820653752, 8.2673383468, 8.5686527019, 7.7210302748, 10.7886912617, 10.3268049088, 8.5523510659, 10.0532580551, 10.2351265562, 9.6645846052, 11.8023478334, 13.8629664668],
      [9.1265430964, 10.2133001906, 10.2853597168, 8.5678518771, 9.4693781167, 6.3221012925, 9.4832756374, 11.1088988033, 5.845310229, 9.9653154674, 7.0672316466, 7.5287066594, 3.8434560632, 2.1765656077, 2.217985058, 1.8923823864, 1.1608504463, 0.75476721332, 2.7553886896, 1.309416219, 1.089284283, 3.9716678041, 1.7880521978, 1.6537206446, 1.5891511206, 0.98504916373, 1.4127036404, 1.2724262662, 2.1464736771, 1.1152027422, 1.8973092523, 2.2072453465, 1.6805133767, 2.019911321, 1.3695301592, 1.3390575533, 1.0174452447, 2.1916391854, 1.5833579424, 1.9315624836, 1.4067565631, 2.9368508656, 1.5921743017, 1.3737839427, 2.6570139037, 2.582013665, 1.5460413808, 2.4320036265, 2.2403168142, 2.0074994404],
      [10.7394188649, 12.0591832181, 11.9523925356, 10.7440342592, 12.1721765176, 9.3195583226, 9.0342783541, 11.7278257065, 7.3338691967, 8.7722991703, 7.6363668809, 8.1596553669, 4.660358764, 1.4755634578, 2.4227510358, 1.8623972658, 1.5221365071, 2.0703269222, 2.5373699369, 1.851829226, 1.0520096128, 2.3912077183, 2.6024926475, 1.8269100197, 2.1706140927, 2.3173220752, 1.5950314802, 1.4230810794, 2.0796131148, 1.0060683914, 2.3282760256, 1.9321147361, 1.850942517, 2.7580755755, 1.5269672746, 1.6733468578, 2.4554828404, 2.4551186914, 1.7345766824, 1.8010991695, 2.0245907349, 2.3421188596, 2.6191344366, 2.2994111485, 1.7906350304, 2.3647282799, 2.218832063, 2.9034117683, 1.9573353524, 3.1295340927]
    ],
    [
      [8.2288338962, 9.6764051863, 10.1187023152, 4.1794093947, 8.3726285622, 12.1564902116, 7.5693340149, 7.5978419635, 12.2022988223, 7.0887434514, 11.5964701164, 13.1526185809, 26.5842070866, 42.8129639057, 44.363093403, 45.7793061713, 49.6824237713, 47.0803890254, 44.6401816112, 50.797775687, 50.5277502491, 40.3684564282, 48.4859317972, 39.937466961, 42.4447968253, 9.3754377024, 9.3182795258, 11.6950120756, 6.7769836385, 8.7702129646, 5.4601958367, 3.911473795, 11.7658080303, 7.1735302717, 11.1002900774, 13.6284671498, 5.2893640187, 8.6503572121, 7.7251313559, 11.5225149898, 5.9915849776, 5.5864748955, 12.0979251133, 6.9612293646, 9.5099967797, 9.7741911022, 8.4109657931, 11.5531169586, 12.1722995841, 12.2358970877],
      [2.14013426, 2.4482892238, 2.7984923069, 1.0055762153, 1.9812417222, 1.9658445891, 1.5035737214, 2.0223425764, 1.5434758763, 1.8548768329, 2.0040783854, 2.261181724, 5.2757248394, 10.5646680952, 9.1645847795, 9.9121478359, 8.3423600771, 6.1347976787, 12.1387362163, 8.9912211785, 11.9862061656, 13.4050756567, 9.5436956833, 8.2022737943, 9.8565616938, 0.69780029918, 1.5495980103, 2.4975467747, 1.9815430002, 2.6716468691, 0.85830088279, 1.3337562027, 2.4729803023, 1.5011057841, 2.2654860327, 2.4181708934, 0.66804935532, 1.94208652, 1.3312344595, 2.8483789483, 1.039918984, 2.2523690397, 1.8927279246, 0.97682133178, 3.1265067766, 2.6532771299, 1.3418097268, 3.0738296573, 2.4439658954, 1.8753208121],
      [1.6310318437, 1.87530559, 2.0828053778, 0.81501438995, 1.6461297157, 1.8776651993, 0.92709226364, 1.3798154601, 1.2542253014, 1.0563797157, 1.3994514982, 1.586199695, 4.140068074, 4.6223679991, 6.4723218174, 6.3085459928, 6.9752161516, 10.7848132959, 7.2210821724, 8.2110031345, 7.4860435852, 5.2264679151, 8.9703725195, 5.8602592446, 8.6986414809, 0.9267619984, 1.1321224638, 1.8074411497, 1.2414733612, 1.5581401663, 0.68150328049, 0.75477000228, 1.7612116674, 1.3253639442, 1.6342238899, 1.9533619568, 1.042586626, 1.4075562678, 0.94363418453, 1.6291060619, 0.9684960384, 1.1611560648, 2.0093469621, 1.0619493036, 1.3634964437, 1.5725317679, 1.2472244801, 2.3730533841, 1.3837345205, 1.8887821002]
    ],
    [
      [6.4799760702, 6.0049080027, 6.3561415058, 11.9919241986, 5.4313913596, 7.2623782976, 5.8564715085, 4.4695344184, 6.9533224169, 10.8509424754, 7.226015309, 6.5710934451, 10.1933691765, 9.3862587997, 7.9650088371, 6.2360205017, 7.4988839993, 7.1807380947, 8.1593702658, 8.2955593385, 5.4549059464, 9.362883413, 5.0361820675, 9.7869104145, 7.4684044172, 43.6338174786, 40.0979814126, 39.0434230479, 33.895483788, 37.6359131436, 43.0689766675, 36.1928642419, 40.1297397397, 37.0305002129, 37.3426692347, 36.0038344843, 33.1648593292, 19.4018237845, 7.8582968511, 6.1551247803, 5.9462080303, 6.7427512866, 5.8926435253, 6.1066691083, 10.8768267739, 8.1981002888, 6.7607797465, 6.3677099495, 8.6560804759, 4.8499123635],
      [0.47768593634, 0.4303979459, 0.49710245607, 0.81730304617, 0.3645012149, 0.33351383879, 0.32998160985, 0.33691086506, 0.24987049329, 0.80303681781, 0.35523948076, 0.32063081165, 0.5742850502, 0.65476001833, 0.46502597919, 0.3830771678, 0.35789418275, 0.2665947186, 0.62863758484, 0.41681576587, 0.3666757895, 0.87692791638, 0.28163755871, 0.57037871181, 0.49218162197, 0.89424871964, 1.8743318568, 2.3509752492, 2.7902081714, 3.2180048598, 1.913585661, 3.4647690132, 2.3737692094, 2.1835479382, 2.1517040207, 1.8065207971, 1.1923108794, 1.236369682, 0.38560396706, 0.43310036567, 0.29379537978, 0.77073716225, 0.26219191381, 0.24464680062, 1.0125412149, 0.63226178474, 0.30750670915, 0.48197932917, 0.49607919262, 0.21227888726],
      [5.0423379934, 4.5646940514, 5.1467560382, 9.1907727552, 4.2041074255, 4.4041078636, 2.8135468817, 3.1935547166, 2.7968070898, 6.3460207068, 3.4187452102, 3.1082757433, 6.2323457733, 3.958981182, 4.5699651837, 3.3809023305, 4.143221818, 6.5526671867, 5.2119921493, 5.2876248956, 3.1784182641, 4.7601886706, 3.6821803738, 5.6427108737, 6.0394139609, 17.4719338017, 19.0276867306, 23.6056017029, 24.3143080406, 26.1460819967, 21.0174376714, 27.3423667449, 23.4964910509, 26.7859518489, 21.5056267446, 20.1896447185, 25.6428297914, 12.3618065335, 3.7560991819, 3.411774854, 3.75999659, 5.4865115512, 3.8451645609, 3.6486840911, 6.1106320112, 5.1696379264, 3.9317135444, 5.1503107213, 3.8478403315, 2.9378087492]
    ],
    [
      [5.4086976626, 2.8996704399, 3.0200013251, 4.4128578678, 4.1317573899, 5.4508213218, 4.3697924428, 4.064040525, 5.7445231017, 4.0274218484, 6.1439013822, 4.2316754708, 6.108847067, 5.1825797742, 3.7557269316, 5.1184186676, 4.8120730869, 4.2500725294, 1.7874042605, 2.4351310582, 4.5208046878, 2.0192443094, 3.2036151482, 6.1491153545, 4.0932609663, 4.4665167921, 5.8125194635, 3.3067675916, 4.7208313027, 3.8595518876, 3.914442653, 4.0959704739, 2.0151123504, 2.8272691866, 4.779684348, 4.695096666, 7.4052573814, 12.8208383524, 24.9078229103, 19.9837915189, 24.5117600617, 15.1348116064, 21.085802776, 25.4531822042, 15.5824372371, 17.033123307, 23.6465318418, 15.6044954492, 20.3632921966, 21.0334082127],
      [7.0738227088, 3.6898995072, 4.198338964, 5.3471843611, 4.9168515782, 4.4190633444, 4.3705728897, 5.4425102969, 3.6467253997, 5.3225711797, 5.3413898452, 3.6612228878, 6.0988189802, 6.4236543361, 3.9031346673, 5.5781108903, 4.0625458718, 2.7661677266, 2.4504769664, 2.1625555648, 5.3961715612, 3.3941612397, 3.1704642722, 6.3520574286, 4.7776894373, 1.7288785598, 4.9008493116, 3.5920352795, 7.0201149466, 5.986242674, 3.1235890936, 7.1123508685, 2.1558098101, 3.0015815518, 4.9488467825, 4.2170541938, 4.704747046, 14.493243593, 21.5601991791, 24.8175730916, 21.325710139, 30.6546995989, 16.530169431, 17.9006532882, 25.8191452365, 23.2642450432, 18.9471699126, 20.8561898321, 20.5556597987, 16.161856371],
      [6.5174796286, 3.4104300529, 3.7816597109, 5.2399577711, 4.9513910319, 5.1301153339, 3.2596346675, 4.4934491781, 3.6087514986, 3.6500069719, 4.5147087726, 3.1071016414, 5.7923339529, 3.3937658897, 3.3411384011, 4.3034704421, 4.1253810413, 5.983759744, 1.7621187731, 2.402313377, 4.083023751, 1.5865944509, 3.6259205796, 5.4988272169, 5.1290495965, 2.804604648, 4.286631225, 3.101197129, 5.2590537507, 4.1542054384, 2.9619682534, 4.7916786576, 1.8290778395, 3.1711492616, 4.2714688695, 4.0878491402, 8.8899955726, 12.6859180546, 18.5319779107, 17.1986353895, 24.1625297993, 19.2104887947, 21.384027793, 23.6461645077, 13.5984175264, 16.7026316498, 21.4062982456, 19.5393147187, 14.0810480047, 19.8047354163]
    ]
  ],
  "prob": [
    [0.6985470235, 0.14093539543, 0.16051758106],
    [0.72937243951, 0.15562437978, 0.11500318071],
    [0.59842303916, 0.03640206539, 0.36517489545],
    [0.33375752976, 0.35119133369, 0.31505113655]
  ],
  "iterations": 17,
  "time": 4.496604,
  "message": "Converged",
  "status": 0,
  "miniter": 0,
  "maxiter": 1000,
  "maxtime": 3600,
  "param_threshold": 0.001,
  "ll_threshold": "-Inf",
  "initial_prob": "group_proportional",
  "ballotbox_id": ["1", "2", "3", "4", "5", "6", "7", "8", "9", "10", "11", "12", "13", "14", "15", "16", "17", "18", "19", "20", "21", "22", "23", "24", "25", "26", "27", "28", "29", "30", "31", "32", "33", "34", "35", "36", "37", "38", "39", "40", "41", "42", "43", "44", "45", "46", "47", "48", "49", "50"],
  "candidates_id": ["1", "2", "3"],
  "group_id": ["1", "2", "3", "4"]
}
