{
  "Z_true": {},
  "V_true": [
    [371, 146, 602, 89, 58],
    [670, 1355, 8508, 623, 527],
    [157, 2933, 266, 15119, 821],
    [31, 324, 215, 546, 636],
    [58, 1051, 336, 836, 650]
  ],
  "p_true": [
    [0.293, 0.1153, 0.4755, 0.0703, 0.0458],
    [0.0573, 0.116, 0.7282, 0.0533, 0.0451],
    [0.0081, 0.152, 0.0138, 0.7835, 0.0425],
    [0.0177, 0.1849, 0.1227, 0.3116, 0.363],
    [0.0198, 0.3586, 0.1146, 0.2852, 0.2218]
  ],
  "Z_est": [
    [
      [13.3844, 5.3538, 31.4535, 23.4228, 40.8226, 28.1073, 22.0843, 1.9998, 38.8149, 3.9993, 9.3691, 14.7229, 38.1457, 19.4074, 37.4765, 27.4381, 20.0767, 4.6846, 4.6846, 38.1457, 0.6692, 27.4381, 1.3384, 40.8226, 12.046, 3.3461, 7.3614, 0.8166, 2.9997, 39.4841, 58, 44.1687, 12.046, 3.3461, 46.1763, 10.7076, 82.9836, 23.4228],
      [3.4941, 1.3976, 8.2112, 6.1147, 10.6571, 7.3377, 5.7653, 2.2199, 10.1329, 5.2839, 2.4459, 3.8435, 9.9582, 5.0665, 9.7835, 7.1629, 5.2412, 1.2229, 1.2229, 9.9582, 0.1747, 7.1629, 0.3494, 10.6571, 3.1447, 0.8735, 1.9218, 0.1747, 1.0482, 10.3077, 15.3741, 11.5306, 3.1447, 0.8735, 12.0547, 2.7953, 21.6635, 6.1147],
      [0.1716, 0.0686, 0.4032, 0.3003, 0.5233, 0.3603, 0.2831, 0.0429, 0.4976, 0.0944, 0.1201, 0.1887, 0.489, 0.2488, 0.4804, 0.3518, 0.2574, 0.0601, 0.0601, 0.489, 0.0086, 0.3518, 0.0172, 0.5233, 0.1544, 0.0429, 0.0944, 0.0086, 0.759, 0.5062, 1.6466, 0.5662, 0.1544, 0.0429, 0.592, 0.1373, 1.0638, 0.3003],
      [0.0027, 0.0011, 0.0063, 0.0047, 0.0082, 0.0057, 0.0045, 0.0007, 0.0078, 0.0015, 0.0019, 0.003, 0.0077, 0.0039, 0.0076, 0.0055, 0.004, 0.0009, 0.0009, 0.0077, 0.0001, 0.0055, 0.0003, 0.0082, 0.0024, 0.0007, 0.0015, 0.0001, 0.3089, 0.008, 0.0119, 0.0089, 0.0024, 0.0007, 0.0093, 0.0022, 0.0167, 0.0047],
      [2.9471, 1.1789, 6.9258, 5.1575, 8.9888, 6.189, 4.8628, 0.7368, 8.5467, 1.6209, 2.063, 3.2419, 8.3994, 4.2734, 8.252, 6.0416, 4.4207, 1.0315, 1.0315, 8.3994, 0.1474, 6.0416, 0.2947, 8.9888, 2.6524, 0.7368, 1.6209, 0, 0.8841, 8.6941, 12.9674, 9.7256, 2.6524, 0.7368, 10.1677, 2.3577, 18.2723, 5.1575]
    ],
    [
      [5.6495, 0.3663, 7.8542, 6.2906, 16.4197, 7.8202, 8.1542, 0, 14.722, 0, 7.1115, 8.0517, 15.8074, 14.2768, 19.7645, 1.4937, 0.4526, 2.5604, 1.6141, 7.3907, 0.28, 9.0169, 1.8356, 6.6115, 4.3131, 3.1582, 13.0823, 0.7964, 0, 19.1821, 0, 20.569, 8.2485, 3.2839, 21.2064, 0.0892, 47.9377, 3.924],
      [6.3415, 7.7551, 11.4335, 12.3706, 18.431, 10.249, 25.979, 0.5623, 16.5254, 3.4675, 4.0499, 0, 17.7437, 16.0256, 25.2723, 11.0557, 13.2725, 2.874, 1.8343, 13.7764, 0.5935, 10.1214, 0, 31.8974, 32.3022, 3.6862, 0, 0.3124, 1.1871, 53.7993, 18.2748, 26.028, 8.622, 0, 23.8041, 1.7706, 26.6156, 0],
      [156.4554, 62.4711, 288.7669, 314.4247, 468.461, 221.6437, 215.8165, 12.2917, 420.0269, 96.9563, 217.5896, 311.2622, 450.993, 399.169, 645.0974, 165.7424, 88.1342, 69.6589, 46.0521, 350.1548, 13.9692, 257.2566, 13.5197, 311.2145, 249.1634, 93.6922, 169.4087, 5.7622, 31.2296, 440.5861, 480.7715, 417.6449, 209.6218, 93.6922, 605.0293, 45.0591, 652.2629, 111.9542],
      [9.499, 1.6645, 10.573, 13.1354, 10.3229, 4.9165, 5.1265, 0.8126, 9.2557, 0, 3.0193, 9.9786, 9.938, 8.9757, 14.1547, 3.6568, 1.9421, 4.9989, 1.0148, 12.5982, 3.1893, 5.6689, 0.3149, 16.3844, 5.8613, 2.1903, 7.4384, 3.129, 0.6649, 10.113, 10.2355, 9.2032, 13.7843, 5.7508, 13.3323, 0.9623, 14.907, 6.8717],
      [25.0546, 10.7429, 47.3724, 49.7787, 76.3654, 36.3706, 37.9238, 4.3334, 68.47, 10.5762, 27.2296, 41.7075, 73.5179, 74.5529, 104.7112, 27.0515, 7.1986, 11.9078, 7.4846, 57.0799, 0.9679, 41.9362, 2.3298, 43.8923, 43.36, 15.2731, 27.0706, 0, 4.9184, 54.3195, 75.7182, 52.555, 35.7235, 15.2731, 98.6278, 7.1188, 110.2768, 18.25]
    ],
    [
      [1.4302, 0, 0, 0, 18.4913, 5.028, 10.706, 0, 3.2902, 0, 0.7694, 1.1701, 3.6323, 2.9033, 0, 0, 0, 1.3992, 0.6375, 0, 0, 8.5394, 0.0481, 0, 0, 0, 1.9585, 1.6224, 0, 4.4638, 0, 3.6584, 1.7391, 0.2027, 11.0063, 0, 14.574, 0.9216],
      [59.7977, 14.9623, 89.1955, 76.1833, 88.0369, 93.5113, 108.4911, 6.3712, 45.2702, 15.3243, 23.7418, 9.0466, 50.0711, 76.9782, 94.4738, 70.4403, 44.7161, 23.214, 18.1318, 93.756, 5.9258, 62.7452, 1.4839, 106.4673, 112.2467, 28.4456, 25.2337, 1.1287, 4.879, 199.6624, 121.7799, 152.3885, 49.4684, 0, 183.0228, 14.5913, 140.0826, 0],
      [0, 0, 0, 39.7727, 8.9459, 0, 0, 0, 44.7478, 1.4955, 2.499, 30.8612, 41.3467, 0, 43.3621, 0, 1.3644, 0, 2.5848, 8.6891, 0, 1.7504, 0.1562, 0, 0, 3.2851, 2.7723, 0, 0.9042, 0, 45.912, 6.7225, 0, 1.966, 16.4201, 5.8645, 0, 2.9936],
      [387.7721, 103.5184, 672.9925, 840.044, 792.6836, 578.8738, 408.1524, 40.0573, 463.1595, 79.9885, 162.6552, 247.3714, 543.2136, 507.3386, 698.1464, 375.437, 168.9194, 205.1493, 105.646, 749.6277, 33.0742, 682.4399, 10.1659, 754.5327, 639.1409, 275.7243, 180.4456, 15.2489, 43.2053, 909.8737, 736.489, 750.2306, 375.9942, 144.8582, 1314.8225, 84.8116, 972.3791, 221.8852],
      [0, 2.5193, 21.812, 0, 31.8422, 3.5869, 4.6504, 0.5715, 20.5322, 1.1916, 2.3347, 3.5506, 24.7363, 13.7799, 2.0177, 4.1227, 0, 0.2376, 0, 4.9272, 0, 7.525, 0.1459, 0, 6.6124, 0.5451, 2.59, 0, 2.0115, 0, 0.8191, 0, 6.7984, 20.9732, 14.7283, 12.7326, 73.9643, 4.1996]
    ],
    [
      [0.003, 0.0008, 0.0049, 0.0052, 0.0082, 0.0041, 0.0024, 0.0002, 0.0056, 0.0007, 0.0015, 0.0024, 0.0064, 0.0042, 0.0083, 0.0024, 0.0013, 0.0007, 0.0004, 0.0046, 0, 0.0033, 0.0001, 0.0054, 0.0042, 0.0009, 0.0015, 0.0631, 0.0003, 0.0049, 0, 0.0054, 0.0022, 0.0024, 0.0101, 0.0003, 0.0054, 0.001],
      [28.1543, 7.2023, 46.4873, 49.1063, 77.2605, 38.6303, 22.9163, 1.9643, 53.0348, 6.5475, 13.7498, 22.2615, 60.237, 39.9398, 77.9153, 22.9163, 12.4403, 6.5475, 3.9285, 43.2135, 0, 31.428, 0.6548, 51.0705, 39.9398, 8.5118, 13.7498, 0.6548, 3.2738, 46.4873, 65.475, 50.4158, 20.952, 19.6322, 94.9388, 2.619, 51.0705, 9.1665],
      [9.1397, 2.3381, 15.0911, 15.9413, 25.081, 12.5405, 7.4393, 0.6377, 17.2166, 2.1255, 4.4636, 7.2267, 19.5547, 12.9656, 25.2935, 7.4393, 4.0385, 2.1255, 1.2753, 14.0283, 0, 10.2024, 0.2126, 16.5789, 12.9656, 2.7632, 4.4636, 0.2126, 1.0628, 15.0911, 21.262, 16.3664, 6.8016, 7.2267, 30.8198, 0.8502, 16.5789, 2.9757],
      [2.9946, 0.7661, 4.9446, 5.2232, 8.2178, 4.1089, 2.4375, 0.2089, 5.641, 0.6964, 1.4625, 2.3678, 6.4071, 4.2482, 8.2874, 2.4375, 1.3232, 0.6964, 0.4179, 4.5964, 0, 3.3428, 0.0696, 5.4321, 4.2482, 0.9054, 1.4625, 0.0696, 0.3482, 4.9446, 6.9642, 5.3625, 2.2286, 4.9972, 10.0981, 0.2786, 5.4321, 0.975],
      [2.7084, 0.6929, 4.4721, 4.724, 7.4325, 3.7162, 2.2046, 0.189, 5.102, 0.6299, 1.3227, 2.1416, 5.7948, 3.8422, 7.4955, 2.2046, 1.1968, 0.6299, 0.3779, 4.1572, 0, 3.0234, 0.063, 4.913, 3.8422, 0.8188, 1.3227, 0, 0.3149, 4.4721, 6.2987, 4.85, 2.0156, 2.1416, 9.1331, 0.2519, 4.913, 0.8818]
    ],
    [
      [0.5329, 0.2791, 1.6874, 1.2814, 2.2583, 1.0403, 1.053, 0, 1.1672, 0, 0.7485, 1.053, 1.4083, 1.4083, 1.7508, 1.0657, 0.4694, 0.3552, 0.0634, 1.459, 0.0507, 1.0023, 0.7778, 1.5605, 1.6366, 0.4948, 0.5963, 0.7016, 0, 1.865, 0, 1.5986, 0.9642, 0.1649, 2.6008, 0.203, 2.4994, 2.7306],
      [24.2124, 12.6827, 76.6726, 58.2251, 102.6145, 47.2718, 47.8483, 2.8824, 53.0367, 10.3767, 34.0127, 47.8483, 63.9899, 63.9899, 79.555, 48.4248, 21.33, 16.1416, 2.8824, 66.2959, 2.3059, 45.5424, 4.512, 70.9077, 74.3667, 22.4829, 27.0948, 1.7295, 4.6119, 84.7434, 76.0961, 72.6372, 43.8129, 7.4943, 118.1796, 9.2238, 113.5677, 9.7188],
      [0.2333, 0.1222, 0.7388, 0.561, 0.9888, 0.4555, 0.4611, 0.0278, 0.5111, 0.3284, 0.3277, 0.4611, 0.6166, 0.6166, 0.7666, 0.4666, 0.2055, 0.1555, 0.0278, 0.6388, 0.0222, 0.4388, 0.0944, 0.6833, 0.7166, 0.2166, 0.2611, 0.0167, 0.0444, 0.8166, 2.4079, 0.6999, 0.4222, 0.0722, 1.1388, 0.0889, 1.0943, 6.7762],
      [7.7316, 4.0499, 24.4835, 18.5927, 32.7674, 15.0951, 15.2792, 0.9204, 16.9359, 3.3136, 10.8611, 15.2792, 20.4336, 20.4336, 25.4039, 15.4633, 6.8112, 5.1544, 0.9204, 21.1699, 0.7363, 14.5428, 3.4492, 22.6426, 23.7471, 7.1794, 8.6521, 0.5523, 1.4727, 27.0607, 24.2994, 23.1949, 13.9906, 2.3931, 37.7377, 2.9454, 36.265, 14.2634],
      [9.2898, 4.8661, 29.4177, 22.3398, 39.3711, 18.1372, 18.3584, 1.1694, 20.3491, 3.9813, 13.05, 18.3584, 24.5516, 24.5516, 30.5237, 18.5796, 8.1839, 6.1932, 1.1059, 25.4364, 0.8847, 17.4737, 8.1666, 27.2059, 28.533, 8.6263, 10.3957, 0, 1.871, 32.5143, 29.1965, 27.8694, 16.8101, 2.8754, 45.3431, 3.539, 43.5736, 9.511]
    ]
  ],
  "V_est": [
    [840.7672, 225.8863, 12.4606, 0.479, 186.4069],
    [309.3349, 458.0338, 9203.0058, 265.5848, 1447.0407],
    [98.1915, 2311.2657, 314.416, 16276.0688, 296.0581],
    [0.1779, 1144.4931, 372.3956, 124.6428, 110.2905],
    [38.5286, 1669.3211, 24.722, 546.2246, 652.2038]
  ],
  "p_est": [
    [0.6641, 0.1784, 0.0098, 0.0004, 0.1472],
    [0.0265, 0.0392, 0.7877, 0.0227, 0.1239],
    [0.0051, 0.1198, 0.0163, 0.8435, 0.0153],
    [0.0001, 0.6532, 0.2126, 0.0711, 0.063],
    [0.0131, 0.5695, 0.0084, 0.1864, 0.2225]
  ],
  "EI_Z": {},
  "EI_V": 13.8025,
  "MAE_Z": {},
  "MAE_V": 407.7604,
  "MAE_p": 0.1205,
  "runtime": 0.5969
}
