{
  "Z_true": {},
  "V_true": [
    [371, 146, 602, 89, 58],
    [670, 1355, 8508, 623, 527],
    [157, 2933, 266, 15119, 821],
    [31, 324, 215, 546, 636],
    [58, 1051, 336, 836, 650]
  ],
  "p_true": [
    [0.293, 0.1153, 0.4755, 0.0703, 0.0458],
    [0.0573, 0.116, 0.7282, 0.0533, 0.0451],
    [0.0081, 0.152, 0.0138, 0.7835, 0.0425],
    [0.0177, 0.1849, 0.1227, 0.3116, 0.363],
    [0.0198, 0.3586, 0.1146, 0.2852, 0.2218]
  ],
  "Z_est": [
    [
      [13.3897, 5.3559, 31.4658, 23.432, 40.8386, 28.1184, 22.093, 1.9421, 38.8301, 3.9993, 9.3728, 14.7287, 38.1607, 19.4151, 37.4912, 27.4489, 20.0846, 4.6864, 4.6864, 38.1607, 0.6695, 27.4489, 1.339, 40.8386, 12.0507, 3.3474, 7.3643, 0.8168, 2.9997, 39.4996, 58, 44.186, 12.0507, 3.3474, 46.1945, 10.7118, 83.0162, 23.432],
      [3.4841, 1.3936, 8.1876, 6.0972, 10.6265, 7.3166, 5.7488, 2.2763, 10.1039, 1.9163, 2.4389, 3.8325, 9.9297, 5.0519, 9.7555, 7.1424, 5.2262, 1.2194, 1.2194, 9.9297, 0.1742, 7.1424, 0.3484, 10.6265, 3.1357, 0.871, 1.9163, 0.1742, 1.0452, 10.2781, 15.3301, 11.4975, 3.1357, 0.871, 12.0202, 2.7873, 21.6014, 6.0972],
      [0.1759, 0.0704, 0.4134, 0.3079, 0.5366, 0.3695, 0.2903, 0.044, 0.5102, 3.4618, 0.1232, 0.1935, 0.5014, 0.2551, 0.4926, 0.3607, 0.2639, 0.0616, 0.0616, 0.5014, 0.0088, 0.3607, 0.0176, 0.5366, 0.1583, 0.044, 0.0968, 0.0088, 0.7783, 0.519, 1.6888, 0.5806, 0.1583, 0.044, 0.607, 0.1407, 1.0908, 0.3079],
      [0.0033, 0.0013, 0.0077, 0.0057, 0.01, 0.0069, 0.0054, 0.0008, 0.0095, 0.0018, 0.0023, 0.0036, 0.0093, 0.0047, 0.0092, 0.0067, 0.0049, 0.0011, 0.0011, 0.0093, 0.0002, 0.0067, 0.0003, 0.01, 0.0029, 0.0008, 0.0018, 0.0002, 0.2927, 0.0097, 0.0144, 0.0108, 0.0029, 0.0008, 0.0113, 0.0026, 0.0203, 0.0057],
      [2.947, 1.1788, 6.9254, 5.1572, 8.9883, 6.1887, 4.8625, 0.7367, 8.5463, 1.6208, 2.0629, 3.2417, 8.3989, 4.2731, 8.2516, 6.0413, 4.4205, 1.0314, 1.0314, 8.3989, 0.1473, 6.0413, 0.2947, 8.9883, 2.6523, 0.7367, 1.6208, 0, 0.8841, 8.6936, 12.9667, 9.725, 2.6523, 0.7367, 10.1671, 2.3576, 18.2713, 5.1572]
    ],
    [
      [5.6447, 0.3896, 7.9954, 6.398, 16.4058, 7.8136, 8.1473, 0, 14.7096, 0, 7.1429, 8.0914, 15.794, 14.2647, 19.909, 1.5799, 0.4874, 2.5582, 1.6128, 7.5085, 0.2844, 9.0093, 1.767, 6.7374, 4.4573, 3.2019, 12.9015, 0.7814, 0, 19.1443, 0, 20.5397, 8.2567, 3.2812, 21.1885, 0.1034, 48.0542, 3.9207],
      [6.0143, 6.7515, 10.8436, 11.7324, 17.4801, 9.7866, 25.5026, 0.9815, 15.6728, 6.6115, 3.8915, 0, 16.8283, 15.1988, 23.9684, 10.5489, 12.9138, 2.7257, 1.7184, 13.0656, 0.5629, 9.5992, 0, 12.1472, 31.4916, 3.496, 0, 0.2963, 1.1258, 52.1869, 17.3319, 24.5135, 8.1771, 0, 22.576, 1.6295, 25.2424, 0],
      [156.586, 62.54, 289.1839, 320.3465, 468.9751, 221.8979, 216.076, 12.3067, 420.4878, 93.8927, 217.7864, 314.1728, 451.4879, 399.5193, 645.6387, 166.0033, 88.2309, 69.7473, 46.1026, 350.539, 13.9818, 257.5389, 13.5745, 311.5963, 249.5738, 93.795, 169.5688, 5.7716, 31.2618, 441.0455, 481.2675, 418.1032, 209.862, 93.795, 605.6933, 45.1439, 652.8687, 112.0771],
      [9.7084, 1.6273, 11.0971, 7.7638, 11.5673, 5.5092, 5.7445, 0.3529, 10.3714, 0, 3.1118, 7.2737, 11.136, 10.0577, 15.861, 4.0976, 2.1762, 5.1847, 1.1371, 13.4003, 3.2037, 6.3522, 0.3529, 35.6503, 6.5679, 2.3927, 7.6355, 3.1508, 0.745, 11.3321, 11.4693, 10.3126, 14.352, 5.8095, 14.9395, 1.0783, 16.704, 6.9418],
      [25.0466, 11.6916, 46.8801, 49.7593, 75.5717, 35.9926, 37.5297, 4.359, 67.7584, 10.4958, 27.0674, 41.4621, 72.7538, 73.9596, 103.6229, 26.7703, 7.1917, 11.7841, 7.4291, 56.4867, 0.9671, 41.5004, 2.3056, 43.8688, 42.9094, 15.1143, 26.8942, 0, 4.8673, 54.2912, 74.9313, 52.5309, 35.3522, 15.1143, 97.6028, 7.0448, 109.1307, 18.0604]
    ],
    [
      [1.4782, 0, 0, 0, 18.6946, 5.1182, 10.8, 0, 3.3936, 0, 0.8024, 1.2204, 3.7588, 3.0359, 0, 0, 0, 1.4318, 0.6428, 0, 0, 8.6274, 0.0502, 0, 0, 0, 2.1906, 1.64, 0, 4.6558, 0, 3.8157, 1.8138, 0.2191, 11.2427, 0, 14.6523, 0.9613],
      [60.1793, 15.9918, 89.9417, 76.9425, 89.1989, 94.0783, 109.0658, 5.9006, 46.2475, 15.566, 23.9649, 9.1393, 51.1299, 77.9306, 95.949, 71.0503, 45.1267, 23.3931, 18.2566, 94.6107, 5.9607, 63.3675, 1.4978, 126.3723, 113.1941, 28.6762, 25.2856, 1.1482, 4.9514, 201.4502, 122.8952, 154.0629, 49.9971, 0, 184.4945, 14.7559, 141.7113, 0],
      [0, 0, 0, 34.1677, 8.9903, 0, 0, 0, 44.5698, 1.2702, 2.4886, 28.2125, 41.196, 0, 43.2519, 0, 1.38, 0, 2.5488, 8.6618, 0, 1.713, 0.1555, 0, 0, 3.3065, 2.7608, 0, 0.8783, 0, 45.9571, 6.6546, 0, 1.9038, 16.3996, 5.8276, 0, 2.9812],
      [387.3425, 103.4418, 671.7796, 844.8898, 790.5145, 577.8542, 407.1056, 40.491, 461.5626, 79.8951, 162.2587, 249.6479, 541.4361, 505.6818, 695.7195, 374.562, 168.4933, 204.8192, 105.4972, 748.2291, 33.0393, 681.3463, 10.1412, 734.6277, 637.768, 275.3211, 180.0057, 15.2117, 43.1, 907.894, 734.5667, 748.4668, 375.0341, 144.7476, 1312.1493, 84.613, 969.5636, 221.6764],
      [0, 1.5663, 22.2787, 0, 32.6017, 3.9492, 5.0286, 0.6084, 21.2264, 1.2686, 2.4854, 3.7799, 25.4793, 14.3518, 3.0796, 4.3878, 0, 0.3559, 0.0547, 5.4985, 0, 7.9458, 0.1553, 0, 7.0379, 0.6962, 2.7573, 0, 2.0703, 0, 1.581, 0, 7.1549, 21.1295, 15.7139, 12.8035, 75.0728, 4.3812]
    ],
    [
      [0.003, 0.0008, 0.0049, 0.0052, 0.0082, 0.0041, 0.0024, 0.0002, 0.0056, 0.0007, 0.0015, 0.0024, 0.0064, 0.0042, 0.0083, 0.0024, 0.0013, 0.0007, 0.0004, 0.0046, 0, 0.0033, 0.0001, 0.0054, 0.0042, 0.0009, 0.0015, 0.0631, 0.0003, 0.0049, 0, 0.0054, 0.0022, 0.0024, 0.0101, 0.0003, 0.0054, 0.001],
      [28.1491, 7.2009, 46.4787, 49.0972, 77.2462, 38.6231, 22.912, 1.9639, 53.025, 6.5463, 13.7472, 22.2574, 60.2259, 39.9324, 77.9009, 22.912, 12.438, 6.5463, 3.9278, 43.2055, 0, 31.4222, 0.6546, 51.0611, 39.9324, 8.5102, 13.7472, 0.6546, 3.2731, 46.4787, 65.4699, 50.4064, 20.9481, 19.6468, 94.9212, 2.6185, 51.0611, 9.1648],
      [9.1397, 2.3381, 15.0911, 15.9413, 25.081, 12.5405, 7.4393, 0.6377, 17.2166, 2.1255, 4.4636, 7.2267, 19.5547, 12.9656, 25.2935, 7.4393, 4.0385, 2.1255, 1.2753, 14.0283, 0, 10.2024, 0.2126, 16.5789, 12.9656, 2.7632, 4.4636, 0.2126, 1.0628, 15.0911, 21.2551, 16.3664, 6.8016, 7.2267, 30.8198, 0.8502, 16.5789, 2.9757],
      [3, 0.7674, 4.9534, 5.2325, 8.2325, 4.1162, 2.4418, 0.2093, 5.6511, 0.6977, 1.4651, 2.3721, 6.4185, 4.2558, 8.3022, 2.4418, 1.3256, 0.6977, 0.4186, 4.6046, 0, 3.3488, 0.0698, 5.4418, 4.2558, 0.907, 1.4651, 0.0698, 0.3488, 4.9534, 6.9767, 5.372, 2.2325, 4.9827, 10.1162, 0.2791, 5.4418, 0.9767],
      [2.7083, 0.6928, 4.4719, 4.7238, 7.4321, 3.716, 2.2044, 0.189, 5.1017, 0.6298, 1.3227, 2.1415, 5.7945, 3.842, 7.4951, 2.2044, 1.1967, 0.6298, 0.3779, 4.1569, 0, 3.0232, 0.063, 4.9127, 3.842, 0.8188, 1.3227, 0, 0.3149, 4.4719, 6.2984, 4.8498, 2.0155, 2.1415, 9.1327, 0.2519, 4.9127, 0.8818]
    ],
    [
      [0.4844, 0.2537, 1.5339, 1.1648, 2.0529, 0.9457, 0.9572, 0.0577, 1.061, 0, 0.6804, 0.9572, 1.2801, 1.2801, 1.5915, 0.9688, 0.4267, 0.3229, 0.0577, 1.3263, 0.0461, 0.9111, 0.8438, 1.4185, 1.4877, 0.4498, 0.542, 0.6987, 0, 1.6953, 0, 1.4531, 0.8765, 0.1499, 2.3642, 0.1845, 2.272, 2.6851],
      [24.1732, 12.6621, 76.5484, 58.1308, 102.4483, 47.1953, 47.7708, 2.8778, 52.9508, 10.3599, 33.9576, 47.7708, 63.8863, 63.8863, 79.4262, 48.3464, 21.2954, 16.1155, 2.8778, 66.1885, 2.3022, 45.4686, 4.4992, 70.7929, 74.2462, 22.4465, 27.051, 1.7267, 4.6044, 84.6062, 75.9729, 72.5196, 43.742, 7.4822, 117.9882, 9.2088, 113.3838, 9.738],
      [0.0984, 0.0515, 0.3116, 0.2366, 0.417, 0.1921, 0.1945, 0.0117, 0.2155, 0.2498, 0.1382, 0.1945, 0.2601, 0.2601, 0.3233, 0.1968, 0.0867, 0.0656, 0.0117, 0.2694, 0.0094, 0.1851, 0.0398, 0.2882, 0.3022, 0.0914, 0.1101, 0.007, 0.0187, 0.3444, 1.8316, 0.2952, 0.1781, 0.0305, 0.4803, 0.0375, 0.4615, 6.6582],
      [7.9459, 4.1622, 25.1621, 19.1081, 33.6757, 15.5135, 15.7027, 0.9459, 17.4054, 3.4054, 11.1622, 15.7027, 21, 21, 26.1081, 15.8919, 7, 5.2973, 0.9459, 21.7567, 0.7568, 14.9459, 3.4358, 23.2703, 24.4054, 7.3784, 8.8919, 0.5676, 1.5135, 27.8108, 24.973, 23.8378, 14.3784, 2.4595, 38.7838, 3.027, 37.2702, 14.3993],
      [9.2981, 4.8704, 29.4439, 22.3597, 39.4062, 18.1534, 18.3748, 1.1069, 20.3672, 3.9849, 13.0616, 18.3748, 24.5735, 24.5735, 30.5509, 18.5962, 8.1912, 6.1987, 1.1069, 25.459, 0.8855, 17.4893, 8.1814, 27.2301, 28.5584, 8.6339, 10.405, 0, 1.8633, 32.5433, 29.2226, 27.8943, 16.8251, 2.878, 45.3835, 3.5421, 43.6125, 9.5195]
    ]
  ],
  "V_est": [
    [841.0133, 221.949, 16.1419, 0.499, 186.3967],
    [310.0814, 422.6126, 9218.0395, 296.1682, 1436.0983],
    [100.2455, 2353.4842, 305.2757, 16230.494, 306.5006],
    [0.178, 1144.3068, 372.3886, 124.8418, 110.2848],
    [35.4817, 1666.6475, 15.1542, 560.9969, 652.7196]
  ],
  "p_est": [
    [0.6643, 0.1753, 0.0128, 0.0004, 0.1472],
    [0.0265, 0.0362, 0.789, 0.0254, 0.1229],
    [0.0052, 0.122, 0.0158, 0.8411, 0.0159],
    [0.0001, 0.6531, 0.2126, 0.0713, 0.0629],
    [0.0121, 0.5686, 0.0052, 0.1914, 0.2227]
  ],
  "EI_Z": {},
  "EI_V": 13.6491,
  "MAE_Z": {},
  "MAE_V": 403.2263,
  "MAE_p": 0.12,
  "runtime": 0.6117
}
