{
  "X": [
    [1, 1, 1, 2, 0, 10, 9, 0],
    [29, 24, 29, 47, 74, 125, 411, 16],
    [70, 65, 101, 110, 167, 473, 947, 49],
    [80, 71, 76, 83, 140, 400, 714, 33],
    [30, 36, 49, 60, 106, 229, 584, 27],
    [24, 24, 30, 27, 65, 127, 373, 24],
    [47, 45, 58, 54, 95, 605, 455, 24],
    [53, 74, 47, 68, 100, 754, 494, 27],
    [24, 41, 52, 31, 65, 346, 313, 20],
    [55, 81, 89, 65, 156, 667, 743, 65],
    [33, 27, 27, 27, 63, 179, 283, 22],
    [54, 49, 49, 68, 97, 230, 443, 35],
    [30, 16, 19, 39, 48, 187, 267, 21],
    [6, 3, 4, 5, 9, 20, 22, 3],
    [2, 6, 5, 4, 3, 15, 16, 1],
    [51, 39, 47, 55, 64, 276, 387, 25],
    [68, 49, 40, 79, 147, 375, 561, 50],
    [74, 83, 47, 118, 238, 595, 925, 61],
    [40, 14, 13, 38, 32, 219, 233, 23],
    [17, 24, 23, 21, 38, 270, 190, 10],
    [27, 46, 39, 44, 68, 373, 392, 23],
    [60, 71, 44, 124, 126, 593, 575, 27],
    [27, 37, 42, 30, 74, 390, 291, 28],
    [87, 102, 73, 118, 234, 904, 801, 41],
    [2, 2, 0, 0, 4, 6, 19, 0],
    [2, 5, 1, 5, 5, 23, 18, 1],
    [8, 2, 4, 24, 14, 82, 149, 7],
    [40, 60, 57, 69, 107, 539, 598, 26],
    [10, 7, 12, 17, 35, 98, 145, 9],
    [87, 135, 190, 91, 140, 618, 969, 89],
    [1, 16, 26, 5, 16, 103, 128, 9]
  ],
  "W": [
    [6, 0, 11, 5, 1, 0, 1],
    [35, 41, 372, 99, 73, 73, 62],
    [161, 165, 871, 285, 230, 126, 144],
    [141, 115, 653, 281, 153, 146, 108],
    [77, 71, 560, 148, 114, 70, 81],
    [51, 39, 351, 86, 54, 55, 58],
    [214, 112, 419, 333, 130, 109, 66],
    [220, 84, 474, 491, 165, 111, 72],
    [120, 67, 292, 203, 77, 78, 55],
    [226, 144, 714, 410, 181, 142, 104],
    [49, 27, 295, 137, 57, 56, 40],
    [74, 60, 483, 177, 90, 71, 70],
    [34, 21, 255, 139, 66, 60, 52],
    [7, 7, 20, 14, 12, 7, 5],
    [7, 7, 13, 13, 6, 3, 3],
    [75, 46, 378, 196, 102, 83, 64],
    [110, 63, 529, 267, 179, 109, 112],
    [192, 98, 889, 502, 188, 131, 141],
    [42, 17, 228, 159, 79, 57, 30],
    [83, 54, 177, 155, 68, 32, 24],
    [137, 71, 362, 233, 91, 53, 65],
    [181, 61, 561, 406, 222, 112, 77],
    [136, 65, 298, 225, 94, 58, 43],
    [261, 109, 783, 615, 236, 235, 121],
    [0, 1, 15, 7, 2, 5, 3],
    [7, 4, 20, 16, 3, 3, 7],
    [5, 6, 144, 78, 39, 8, 10],
    [202, 100, 531, 335, 148, 101, 79],
    [12, 17, 146, 88, 31, 11, 28],
    [235, 246, 949, 451, 150, 148, 140],
    [35, 32, 131, 78, 6, 3, 19]
  ],
  "method": "mvn_cdf",
  "mvncdf_method": "genz",
  "mvncdf_samples": 5000,
  "mvncdf_error": 1e-06,
  "cond_prob": [
    [
      [0.00015975945741, 0.056967579455, 0.0078102853449, 0.0038607754308, 0.0015371276044, 0.91693428224, 0.01252437023, 0.0002058202376],
      [0.00058192615727, 0.13215061134, 0.49351774651, 0.0001333858487, 0.023080829365, 0.1669898648, 0.15774601295, 0.025799623032],
      [0.043514253887, 0.012083823497, 0.042439362127, 0.072859175195, 0.020633554913, 0.019740944531, 0.78008670447, 0.0086421813835],
      [0.0053013172661, 0.026708427029, 0.0047949981354, 0.1024072217, 0.0098111533632, 0.83524072959, 0.01492869248, 0.00080746044332],
      [0.016967499662, 0.00064341520388, 6.3246940249e-05, 0.85918997653, 0.004473158556, 0.091995709544, 0.026447681642, 0.00021931192655],
      [0.43496613136, 0.032524493599, 0.019915232849, 0.1847989258, 0.032966773567, 0.21169183001, 0.083008629139, 0.00012798368596],
      [0.014155574015, 0.0038424920216, 0.26931473272, 0.27743977966, 0.056460771907, 0.013783097852, 0.36107441535, 0.0039291364733]
    ],
    [
      [0.00033352006549, 0.12869054587, 0.0078074901639, 0.0028470528775, 0.016637594501, 0.77223552046, 0.06808852069, 0.0033597553662],
      [0.00054103077451, 0.11980794009, 0.50050563148, 0.00017660918836, 0.027077752537, 0.11131511513, 0.21770212577, 0.022873795025],
      [0.019328264305, 0.0097931587594, 0.0093548344457, 0.014253736763, 0.056512910363, 0.0067843266418, 0.85068686128, 0.033285907439],
      [0.010250816867, 0.058216498458, 0.0045350455024, 0.06351782894, 0.10402795235, 0.67071697366, 0.076073165749, 0.01266171847],
      [0.063190826527, 0.0035100365544, 0.00012418615749, 0.35547647213, 0.10163570013, 0.19953258406, 0.26965544426, 0.0068747501819],
      [0.20612235784, 0.058559018785, 0.011262377977, 0.071171245276, 0.2536121698, 0.15398252121, 0.24413854671, 0.0011517624038],
      [0.0097103364884, 0.0044118227483, 0.049165543447, 0.064095831818, 0.23445580397, 0.0066054706989, 0.60931906083, 0.022236129999]
    ],
    [
      [0.00029166464777, 0.097549115504, 0.0061213319971, 0.0018888587191, 0.012338598614, 0.83128981195, 0.047587707031, 0.0029329115365],
      [0.0005994734543, 0.11505687553, 0.48845786144, 0.00014856884784, 0.025426216473, 0.15265722169, 0.19240998405, 0.025243798522],
      [0.023745406572, 0.010484380355, 0.01030510603, 0.013295580862, 0.05883570469, 0.010336618447, 0.83228569984, 0.0407115032],
      [0.0093081584346, 0.045942027246, 0.0036942228583, 0.043716141422, 0.08005530206, 0.75060140075, 0.055207927605, 0.011474819626],
      [0.070985370804, 0.003439313879, 0.00012533001336, 0.30119865072, 0.096828302984, 0.27768655457, 0.24202616245, 0.0077103145732],
      [0.22288376381, 0.05526743679, 0.010959907979, 0.058544372621, 0.23280952338, 0.2068595071, 0.21142898744, 0.0012465008706],
      [0.011833956323, 0.0046851834833, 0.053665457088, 0.059243311857, 0.24178880758, 0.0099802016947, 0.59180934976, 0.026993732214]
    ],
    [
      [0.00040582868135, 0.13009873594, 0.0070574203296, 0.0019808826205, 0.013006968705, 0.79459029716, 0.05005774724, 0.0028021193206],
      [0.00074568317208, 0.1371664333, 0.50503697851, 0.00013928018207, 0.02396197196, 0.13039514261, 0.18098763982, 0.021566870443],
      [0.031181882813, 0.013182341784, 0.011211893836, 0.013157218194, 0.058528562119, 0.0093180294445, 0.8267010784, 0.03671899341],
      [0.013015281057, 0.061543854001, 0.0042795037243, 0.046076360566, 0.084810218971, 0.72090144461, 0.058356527885, 0.011016809182],
      [0.094188219208, 0.0043680777414, 0.00013770334246, 0.3013890666, 0.097300605772, 0.25288045478, 0.24271382901, 0.0070220435428],
      [0.27602992755, 0.065482450976, 0.011231637708, 0.054583577386, 0.21820175344, 0.17567749342, 0.19773447367, 0.0010586858447],
      [0.015537143199, 0.0058900860848, 0.058397579002, 0.058628375073, 0.24054647804, 0.0089959700073, 0.58766360656, 0.024340762027]
    ],
    [
      [0.00023931351553, 0.10987682316, 0.0069258217817, 0.0020417865074, 0.014603716984, 0.81264648606, 0.050782185802, 0.0028838661892],
      [0.000448445318, 0.11816127282, 0.50812947497, 0.00014634365498, 0.027444737303, 0.13567023921, 0.18734882751, 0.022650659222],
      [0.018266400999, 0.011041036349, 0.010927855609, 0.013465492636, 0.065311521446, 0.0094337958487, 0.83397807096, 0.037575826151],
      [0.0075682765431, 0.051222451907, 0.0041407827535, 0.046843488858, 0.093927426252, 0.72673505932, 0.058380928176, 0.011181586189],
      [0.056014850104, 0.0037150566358, 0.00013624041835, 0.31389333756, 0.1102366558, 0.26028762697, 0.2484252533, 0.0072909792105],
      [0.17854883777, 0.060605808135, 0.012089147066, 0.061721685485, 0.26907949975, 0.19661581899, 0.22014357482, 0.0011956279753],
      [0.0088683883657, 0.0048067835443, 0.055478342054, 0.058481756246, 0.26173111233, 0.0088752113496, 0.57749407683, 0.024264329284]
    ],
    [
      [0.00031927612329, 0.12897495274, 0.0086840837691, 0.001818990777, 0.015953417944, 0.77617171551, 0.063217599869, 0.0048599632717],
      [0.00049245938935, 0.114055259, 0.53073674808, 0.00010726797853, 0.024689589184, 0.10621716633, 0.19222323831, 0.031478271728],
      [0.019538345455, 0.010345373757, 0.010980593257, 0.009610621017, 0.057219966082, 0.0071825329499, 0.83422823195, 0.050894335535],
      [0.01004983246, 0.059736007886, 0.0051652859585, 0.04155007436, 0.10216668739, 0.69023903405, 0.072333091977, 0.018759985913],
      [0.071278706082, 0.0041377434679, 0.00016258493768, 0.26719396833, 0.11479056644, 0.23585968006, 0.2948644556, 0.011712295084],
      [0.21014626698, 0.062341052513, 0.013316033051, 0.048327211711, 0.25872484714, 0.16430378371, 0.24106915875, 0.0017716461464],
      [0.009899919831, 0.0047012879236, 0.058244756558, 0.043576977362, 0.2395494676, 0.0070539510148, 0.60269163819, 0.034282001523]
    ],
    [
      [0.00019018955196, 0.06264818267, 0.0033963298926, 0.0010509097934, 0.0072261738392, 0.89819933923, 0.025688157208, 0.0016007178147],
      [0.00060727044089, 0.11483598544, 0.42225739896, 0.00012839540265, 0.023131313888, 0.2561976406, 0.16142741916, 0.021414576112],
      [0.027997333616, 0.012166623829, 0.010336940534, 0.013368900237, 0.062283499244, 0.020169149719, 0.81347225216, 0.040205300662],
      [0.0063489710217, 0.030872704325, 0.0021441248895, 0.025440015021, 0.049039186949, 0.84843202112, 0.031172399432, 0.0065505772419],
      [0.065416584444, 0.0031208894273, 9.8228996722e-05, 0.23689098891, 0.080108341106, 0.42382518116, 0.18459537172, 0.0059444142287],
      [0.20960997047, 0.051120456139, 0.0087569597192, 0.046911680418, 0.19641175506, 0.32181299023, 0.16439654458, 0.0009796433816],
      [0.013769398321, 0.0053661965056, 0.053142439614, 0.058809421977, 0.25278772823, 0.019220920376, 0.57060364372, 0.026300251254]
    ],
    [
      [0.00017782307487, 0.087863576733, 0.003276787963, 0.00098991507612, 0.006184854854, 0.87785620545, 0.022195449313, 0.0014553875368],
      [0.00056842098482, 0.16123280446, 0.40835494232, 0.00012108789897, 0.019817841075, 0.25082253711, 0.13959813521, 0.019484230948],
      [0.029815781775, 0.019435950483, 0.011363412282, 0.014344952959, 0.060709105102, 0.0224761189, 0.80023082491, 0.041623853588],
      [0.0060605409384, 0.044201506522, 0.0021121095875, 0.024464416134, 0.042848225024, 0.84673379007, 0.027498796928, 0.0060806147941],
      [0.065297221338, 0.0046730853314, 0.00010121192458, 0.23809391329, 0.073197510523, 0.44258450143, 0.17028193231, 0.0057706238602],
      [0.20706754621, 0.07581007813, 0.0089342049761, 0.046711003847, 0.17763363885, 0.33275972465, 0.15014222925, 0.00094157409068],
      [0.014647163431, 0.0085624243786, 0.05837134963, 0.063024587329, 0.24604758315, 0.021394938324, 0.56075183024, 0.027200123519]
    ],
    [
      [0.0001477469971, 0.094095751026, 0.0068267341751, 0.00095198023304, 0.0073056068567, 0.86169543288, 0.026948142813, 0.0020286050177],
      [0.00031515410267, 0.11523317041, 0.57350897073, 7.7675351009e-05, 0.015625841287, 0.16387653029, 0.11321509283, 0.018147565003],
      [0.020494640991, 0.017177235145, 0.019580033189, 0.011407283427, 0.05935631151, 0.018177807198, 0.80569972961, 0.048106958934],
      [0.0050169786475, 0.047128603129, 0.0043830931452, 0.02344480643, 0.050441055724, 0.82787429827, 0.033265261416, 0.0084459032374],
      [0.053001671733, 0.0048775319131, 0.00020577178632, 0.22415316157, 0.084487042972, 0.42336914493, 0.20204705436, 0.00785862073],
      [0.1661601098, 0.078231788505, 0.017952795171, 0.043344596737, 0.20271738227, 0.3143353864, 0.17599139343, 0.0012665476843],
      [0.0098489531098, 0.007403653537, 0.098527160405, 0.049044319176, 0.23554495277, 0.016929864143, 0.55196818586, 0.030732910996]
    ],
    [
      [0.00018673384496, 0.095051717129, 0.0052376089416, 0.0010304106261, 0.0095783411461, 0.85249067262, 0.032909033881, 0.0035154818097],
      [0.00044084338334, 0.12876867392, 0.48055107987, 9.3093431197e-05, 0.022668893559, 0.17987742146, 0.15283803089, 0.034761963487],
      [0.021045985245, 0.014142580729, 0.012208597811, 0.010040429941, 0.063223155704, 0.014678960469, 0.7970605632, 0.067599726902],
      [0.0061966108902, 0.046557526137, 0.0032870307267, 0.024793995509, 0.064618873819, 0.80054302621, 0.039699911608, 0.014303025095],
      [0.060604535185, 0.0044705385074, 0.00014303552501, 0.21899523673, 0.10024703628, 0.37998374006, 0.22322963853, 0.012326239172],
      [0.18321994947, 0.069194411164, 0.012047661628, 0.041018613242, 0.23215608428, 0.27262775127, 0.1878164515, 0.001919077453],
      [0.01037798534, 0.0062532244198, 0.062919963756, 0.044261169678, 0.25711627645, 0.01402316104, 0.56071169158, 0.044336527736]
    ],
    [
      [0.00035100826273, 0.12413875435, 0.0090587880197, 0.0013823111757, 0.01211236619, 0.81296274432, 0.036590237062, 0.0034037906129],
      [0.00057891605127, 0.11743067405, 0.6002161963, 8.7145801683e-05, 0.020036219335, 0.11910749782, 0.11897156543, 0.023571785201],
      [0.034665695077, 0.016064115167, 0.018495164113, 0.011776265457, 0.070046905803, 0.012149855721, 0.7792669272, 0.057535071468],
      [0.011492647914, 0.059823874353, 0.0056048043284, 0.032831085611, 0.080663158513, 0.75237601609, 0.043543686176, 0.013664727014],
      [0.098184458218, 0.0049880000614, 0.00021234015268, 0.25389458085, 0.10905639352, 0.30982809076, 0.21357115567, 0.010264980767],
      [0.27194191602, 0.070499555236, 0.0163181391, 0.043103936687, 0.23050548268, 0.20239792179, 0.16377670093, 0.0014563475489],
      [0.01620692216, 0.0067382182555, 0.090750634985, 0.049294512186, 0.27082689198, 0.011015181621, 0.51941527934, 0.035752359465]
    ],
    [
      [0.00045441818779, 0.15641465082, 0.008118690505, 0.0027839715625, 0.013009415376, 0.77980864619, 0.036016931242, 0.0033932761108],
      [0.00078726168625, 0.15552128168, 0.55304159541, 0.00018446911176, 0.022601418494, 0.12036541048, 0.1228524791, 0.024646084033],
      [0.044231008363, 0.020004407368, 0.016326017816, 0.023400256721, 0.074142663963, 0.011534986946, 0.75397057967, 0.056390079154],
      [0.014495213519, 0.07348788904, 0.0048945395287, 0.064438574713, 0.084381349988, 0.70327640471, 0.041756976672, 0.013269051829],
      [0.099190310575, 0.0049182600513, 0.00014867814653, 0.39968399845, 0.091437054126, 0.23257711281, 0.16405639769, 0.0079881881476],
      [0.30644646065, 0.077608297931, 0.012756238, 0.075804344444, 0.21573362957, 0.16983247012, 0.14055218476, 0.0012663745259],
      [0.019853335141, 0.0080542995931, 0.076713432907, 0.094056849479, 0.27487173994, 0.010037696712, 0.4827506674, 0.033661978831]
    ],
    [
      [0.00027153003126, 0.07637850789, 0.0054577747338, 0.0017509186704, 0.008097590467, 0.87145775801, 0.033383758702, 0.0032021614965],
      [0.00063461687874, 0.10249145598, 0.51149292379, 0.00015644331602, 0.018985683953, 0.18091979063, 0.15387548615, 0.031443599305],
      [0.030182097674, 0.011148688878, 0.012556877099, 0.016796836697, 0.052716977312, 0.014658680247, 0.80095587872, 0.060983963375],
      [0.008856144534, 0.036707127338, 0.0033650001682, 0.041437805705, 0.053700952971, 0.80354703547, 0.039578564777, 0.012807369036],
      [0.075087664131, 0.003042666844, 0.00012667612551, 0.31865968656, 0.072098420761, 0.32863194221, 0.19279779307, 0.0095551503008],
      [0.25021218162, 0.051724991789, 0.011712566415, 0.065051630113, 0.18332505791, 0.25840317223, 0.17793902867, 0.001631371252],
      [0.015022302827, 0.0049777121801, 0.065533659888, 0.074882017549, 0.21678855491, 0.014145299375, 0.56831437771, 0.040336075558]
    ],
    [
      [0.00076806769557, 0.10136364119, 0.0053879141421, 0.0018550136181, 0.01944566236, 0.82398352462, 0.041113938774, 0.0060822376009],
      [0.0014990957764, 0.11538875667, 0.4935021492, 0.00013733349649, 0.038361602927, 0.13668699567, 0.16223524095, 0.052188825306],
      [0.060268502489, 0.0097761032675, 0.0085680803102, 0.012287530174, 0.089234760525, 0.0089826869071, 0.7249273844, 0.08595495193],
      [0.023421898189, 0.044308422516, 0.0030691698521, 0.041085887898, 0.12152014061, 0.69839108176, 0.0453991018, 0.022804297374],
      [0.16934613721, 0.0029284736893, 9.3607471548e-05, 0.27039781985, 0.13436255142, 0.22534719305, 0.18358062148, 0.013943595841],
      [0.43075457123, 0.035294851952, 0.0061095657784, 0.037152185416, 0.24598484743, 0.12380876191, 0.11922763038, 0.0016675859028],
      [0.027499822069, 0.0040283579317, 0.041381687886, 0.05091178355, 0.35090693301, 0.008022441341, 0.46607565002, 0.051173324188]
    ],
    [
      [0.00025031184897, 0.34261988105, 0.0094433762452, 0.0020505105155, 0.0074577918515, 0.5977249864, 0.038677831364, 0.0017753107283],
      [0.00030381805176, 0.24286138209, 0.58172943027, 9.3971792642e-05, 0.0091192261796, 0.061009061083, 0.095541131517, 0.0093419790156],
      [0.023091864971, 0.036117850939, 0.017395965777, 0.015903952991, 0.039892047615, 0.0074570113337, 0.83131870367, 0.028822602705],
      [0.0094564942732, 0.17947457596, 0.0066024298583, 0.056961968202, 0.057542072243, 0.62898381044, 0.052792167888, 0.0081864811406],
      [0.070774781837, 0.011696341462, 0.00020419414909, 0.42036798919, 0.06520480055, 0.20475281781, 0.22184896929, 0.0051501057188],
      [0.23724969739, 0.19016777077, 0.017474596833, 0.068620023866, 0.15361193455, 0.14588450291, 0.18619119916, 0.00080027453029],
      [0.011869635179, 0.016762604235, 0.096413574887, 0.075251404647, 0.17495595836, 0.0075179873244, 0.59766063453, 0.019568200829]
    ],
    [
      [0.00035147558693, 0.11849472025, 0.010191829777, 0.0016943754146, 0.0080886827016, 0.82408458725, 0.034437059114, 0.0026572699032],
      [0.00055518921133, 0.10739864157, 0.63840039561, 0.00010236971154, 0.012812481904, 0.11599474169, 0.10713484797, 0.017601332326],
      [0.037665711121, 0.016699274343, 0.022586348095, 0.015681912659, 0.050751737259, 0.013428608089, 0.79453629607, 0.048650112369],
      [0.011696304033, 0.058115904225, 0.0064111390957, 0.040900745412, 0.054721469369, 0.77565988415, 0.041653668505, 0.010840885213],
      [0.097183190302, 0.0047251757727, 0.00023654896383, 0.30748749932, 0.072013601636, 0.31163553218, 0.19879162708, 0.0079268247465],
      [0.29358566808, 0.072921198369, 0.019855710635, 0.057151916789, 0.16612308357, 0.22256945586, 0.16656400142, 0.0012289652632],
      [0.018172649143, 0.0072274050601, 0.11423159292, 0.067716868176, 0.20211958931, 0.012558828859, 0.54675675898, 0.03121630755]
    ],
    [
      [0.00037878204281, 0.10927124443, 0.0051375350845, 0.0017016127315, 0.014496113553, 0.822388238, 0.041930019866, 0.0046964542892],
      [0.00083420120555, 0.13810792524, 0.4421081922, 0.00014339147087, 0.032012642581, 0.16168786773, 0.18175110603, 0.043354673533],
      [0.032744260754, 0.012449918258, 0.0091859101009, 0.012713026222, 0.073396475401, 0.010842651808, 0.77934876281, 0.069318994642],
      [0.011975029673, 0.050946553477, 0.0030710927688, 0.039011875639, 0.09318401141, 0.73541987111, 0.048186652925, 0.018204912995],
      [0.093976981181, 0.0039196875902, 0.00010715611636, 0.27654378922, 0.1159185518, 0.27964993456, 0.21730332646, 0.012580573077],
      [0.26844858752, 0.057257227682, 0.0085160900324, 0.048818330019, 0.25334928751, 0.18926880267, 0.17249383825, 0.0018478363177],
      [0.015710188193, 0.0053564725446, 0.0460744949, 0.054547045587, 0.29060328129, 0.010080196692, 0.5334003183, 0.044228002497]
    ],
    [
      [0.00034936549319, 0.11668745533, 0.0043244892747, 0.0023518026474, 0.019119930719, 0.80143959944, 0.051829974685, 0.0038973824127],
      [0.00078618214221, 0.15062696431, 0.37790861759, 0.00020252413518, 0.043132456359, 0.16118573393, 0.22943189617, 0.036725625355],
      [0.025250478893, 0.011129677825, 0.006464146422, 0.014695166372, 0.080925236167, 0.0088509975009, 0.80465867122, 0.048025625602],
      [0.010657500821, 0.052521933418, 0.0024946812348, 0.052030105692, 0.11858683788, 0.69165783636, 0.057475547213, 0.014575557384],
      [0.073556568295, 0.0035580530831, 7.6606105934e-05, 0.32449888765, 0.12979417036, 0.23162852541, 0.22802437504, 0.0088628140592],
      [0.22139942861, 0.054804258753, 0.0064213220501, 0.060444745805, 0.29918898966, 0.16541792544, 0.1909498655, 0.0013734641723],
      [0.011850896378, 0.0046837509482, 0.031691495521, 0.061668906515, 0.31326501484, 0.0080482510553, 0.53880626558, 0.029985419162]
    ],
    [
      [0.00039812705801, 0.066585645064, 0.0041538828764, 0.0015281947657, 0.0063268270528, 0.88557100613, 0.031427366014, 0.0040089510403],
      [0.0010761551771, 0.10337468419, 0.45230438536, 0.00015789697787, 0.017149122656, 0.21282913697, 0.16754943371, 0.04555918497],
      [0.045873758768, 0.010073814341, 0.0099027639569, 0.015185996318, 0.042648597566, 0.015447877084, 0.78166286626, 0.079204325704],
      [0.013043637917, 0.032153888231, 0.0025723457081, 0.036316912073, 0.042131603111, 0.82025379844, 0.037420901745, 0.016106912775],
      [0.11310925418, 0.0027233240262, 9.8919250487e-05, 0.28493509376, 0.057772391447, 0.34286436244, 0.18622274634, 0.012273908563],
      [0.34923061416, 0.042770649951, 0.0084528671934, 0.053831489301, 0.13572296512, 0.24919377031, 0.1588610719, 0.0019365720718],
      [0.024181728724, 0.0047648850381, 0.054762772312, 0.07170802513, 0.18576519818, 0.015790693263, 0.58754880694, 0.055477890408]
    ],
    [
      [0.00016272134114, 0.069569323289, 0.00258475905, 0.00082197149103, 0.0065441102432, 0.89626848785, 0.022674260518, 0.0013743662191],
      [0.00058391383869, 0.14362918623, 0.36463557464, 0.00011276546482, 0.023548167428, 0.28634834859, 0.16043305417, 0.020708989637],
      [0.02698510427, 0.015140575927, 0.0088480250586, 0.011752097163, 0.063504978725, 0.022496030712, 0.81229266834, 0.038980519808],
      [0.0055144914178, 0.034767961315, 0.001655968731, 0.02019924529, 0.045096383046, 0.8591269115, 0.027929789898, 0.0057092488064],
      [0.061790053809, 0.0038057562404, 8.2259017169e-05, 0.20464729341, 0.079973594278, 0.46440272417, 0.17967436113, 0.0056239579473],
      [0.19520888461, 0.061267223792, 0.0072006029559, 0.039672521721, 0.19276893273, 0.34588712587, 0.15708498013, 0.00090972818582],
      [0.013378197151, 0.0067345182383, 0.045900775605, 0.052177343922, 0.26064246127, 0.021627354871, 0.57384988325, 0.02568946569]
    ],
    [
      [0.00019834541719, 0.098266149637, 0.0041076748845, 0.0013188722612, 0.0080717121977, 0.85313764126, 0.03270199511, 0.0021976092284],
      [0.00052879169716, 0.15038436186, 0.42829685295, 0.00013449018919, 0.02157594735, 0.20284879968, 0.17166874679, 0.024562009477],
      [0.023212428383, 0.015128371365, 0.0099332072918, 0.013328452534, 0.055304067808, 0.015185380802, 0.82399380593, 0.043914285882],
      [0.0066304518133, 0.048445119322, 0.0025961549816, 0.031978320481, 0.054859998149, 0.80674657685, 0.039737137419, 0.0090062409881],
      [0.06173303671, 0.0044165666054, 0.00010737427316, 0.26940014837, 0.080932591324, 0.36344346938, 0.21258533706, 0.0073814762771],
      [0.19841286834, 0.072530122106, 0.0095913691562, 0.053337170412, 0.1988513157, 0.27640033011, 0.18965827691, 0.0012185472722],
      [0.011725961716, 0.0068542826769, 0.052480474257, 0.06025267936, 0.2306768497, 0.014867546466, 0.59363863811, 0.029503567704]
    ],
    [
      [0.00023565839197, 0.10938751976, 0.0048412722595, 0.0019950925088, 0.0090843465728, 0.84280837182, 0.029894356554, 0.0017533821396],
      [0.00058459617365, 0.15573453667, 0.46993810859, 0.00018938477866, 0.022591685659, 0.18682901306, 0.14591609242, 0.018216582649],
      [0.02931515555, 0.017946876516, 0.012458667423, 0.021453523244, 0.066171116514, 0.016010282961, 0.79944309896, 0.037201278836],
      [0.0077558730215, 0.05311792451, 0.0030130514036, 0.04762176174, 0.060780940499, 0.78487134027, 0.035765028541, 0.0070740800107],
      [0.064505184739, 0.004334537731, 0.00011147066495, 0.35805621123, 0.080158632196, 0.3166749322, 0.17097599023, 0.005183041008],
      [0.21776500104, 0.074888093895, 0.010478880752, 0.07474650227, 0.20715608777, 0.25353865868, 0.16052622221, 0.00090055338331],
      [0.013735114972, 0.0075403094771, 0.061051275922, 0.089903310944, 0.25576475668, 0.014534922248, 0.5342848502, 0.02318545955]
    ],
    [
      [0.00016811476536, 0.079224213368, 0.0046334181258, 0.00084007710863, 0.0083245685516, 0.88167136996, 0.022530664789, 0.0026075733305],
      [0.00045422926428, 0.12292424652, 0.49207551704, 8.6817438822e-05, 0.022551783649, 0.21246533322, 0.11988553622, 0.02955653665],
      [0.026427614999, 0.016388010024, 0.015053514837, 0.011401651406, 0.076621840451, 0.021075171046, 0.76293751201, 0.070094685231],
      [0.0056399329624, 0.039208818682, 0.0029390883034, 0.020435366785, 0.056788866745, 0.836785222, 0.027476434679, 0.010726269847],
      [0.062163591965, 0.0042322601625, 0.00014388055197, 0.20354514434, 0.099188327938, 0.44633455093, 0.17398668793, 0.010405556187],
      [0.18800008909, 0.065401516498, 0.012096827248, 0.037968782705, 0.22944933191, 0.31938957471, 0.14607756592, 0.0016163119177],
      [0.012259214543, 0.0068192968468, 0.073096223369, 0.04732260514, 0.29376460974, 0.018950719536, 0.50457214561, 0.043215185216]
    ],
    [
      [0.0002012235061, 0.096682695489, 0.0045072673533, 0.0013480605718, 0.010582726766, 0.85747693424, 0.027467128822, 0.0017339632546],
      [0.00053011723351, 0.14615711547, 0.46175118983, 0.00013592671786, 0.027947637891, 0.20203166681, 0.14232287851, 0.019123467544],
      [0.026880363415, 0.017061046513, 0.012457496579, 0.01557334437, 0.082792188082, 0.017520024937, 0.78822569189, 0.039489844217],
      [0.0066363951184, 0.047072236747, 0.002811487137, 0.032239540186, 0.070953060047, 0.80034525068, 0.032931471948, 0.0070105581412],
      [0.062658674096, 0.0043658773558, 0.00011815539551, 0.27495990378, 0.10628033559, 0.36701335694, 0.17877009047, 0.0058336063724],
      [0.19338647404, 0.069006123696, 0.010163872101, 0.052603092365, 0.25133523558, 0.26896191517, 0.15361560346, 0.00092768358691],
      [0.01218935395, 0.0069368645114, 0.059039988372, 0.063134281179, 0.30958381872, 0.015391151104, 0.50990305079, 0.023821491383]
    ],
    [
      [0.00030058017866, 0.22263261754, 0.001152245257, 0.00046723488167, 0.014295519677, 0.69049146138, 0.069717633392, 0.00094270769459],
      [0.00075882827149, 0.34256120254, 0.10696878598, 4.4270279477e-05, 0.036684967687, 0.13415643216, 0.36841272409, 0.010412788991],
      [0.015752370092, 0.012504559999, 0.0012452967874, 0.0020367439267, 0.044682465146, 0.0044375574646, 0.9105142013, 0.0088268052859],
      [0.010539882489, 0.10433248204, 0.00075649696344, 0.011755850867, 0.10375949792, 0.67601861023, 0.088800340224, 0.0040368392625],
      [0.090242518366, 0.0075740744594, 2.762766609e-05, 0.084431073482, 0.13670683879, 0.23606725783, 0.44194370297, 0.0030069064298],
      [0.22794141558, 0.097290598857, 0.001771012463, 0.012060318629, 0.25141964942, 0.12579497433, 0.2833632934, 0.00035873731909],
      [0.0090848799458, 0.0064253570836, 0.0068951310017, 0.010255361386, 0.22418260006, 0.0049805663369, 0.73135622453, 0.006819879664]
    ],
    [
      [0.00012467566367, 0.1544984994, 0.000924862294, 0.0025530886027, 0.0045181277551, 0.82636442673, 0.010459484279, 0.00055683527678],
      [0.00054355666347, 0.40615560061, 0.16866231332, 0.00042041852702, 0.019856310795, 0.30232851659, 0.091671308769, 0.010361974725],
      [0.036991177171, 0.052850660013, 0.0054871305823, 0.063306923593, 0.077865341959, 0.031819318432, 0.70287676085, 0.028802687405],
      [0.0043261864399, 0.076423860486, 0.00060315085911, 0.065757826507, 0.031880729923, 0.80547813646, 0.013174561501, 0.0023555478268],
      [0.03446481371, 0.0055230022845, 2.0624234461e-05, 0.57325434904, 0.039521516947, 0.28620134328, 0.059392396519, 0.0016219539808],
      [0.17893169615, 0.13910312996, 0.0027231869194, 0.13695800532, 0.14551779964, 0.31783692758, 0.078532624607, 0.00039662981653],
      [0.014711884306, 0.018988044909, 0.022980388572, 0.24069820686, 0.26880948678, 0.025004696189, 0.39366624385, 0.015141048539]
    ],
    [
      [0.00025245583099, 0.048750499871, 0.0037063965187, 0.0027084458758, 0.0080243820587, 0.88512170567, 0.04883917092, 0.0025969432513],
      [0.00066485604647, 0.073740342815, 0.41598104739, 0.00027151286236, 0.021187987692, 0.20444139974, 0.25485409107, 0.028858762379],
      [0.020538436618, 0.0051634445511, 0.0062378740795, 0.018890312298, 0.038126760284, 0.010682379668, 0.86405015773, 0.036310634776],
      [0.0079659532877, 0.022628593254, 0.002208715041, 0.062090432635, 0.051497382569, 0.78756456404, 0.055997956858, 0.010046402315],
      [0.055473665985, 0.0015303704589, 6.8029271007e-05, 0.39511360146, 0.056537586073, 0.26129703525, 0.2238394337, 0.0061402778013],
      [0.2183088912, 0.030370102122, 0.0073549734459, 0.093084541588, 0.16841597837, 0.23973383457, 0.24150643182, 0.0012252468844],
      [0.010948320516, 0.002472115127, 0.034917388197, 0.090524895066, 0.16846753593, 0.01105748586, 0.65589314631, 0.025719112998]
    ],
    [
      [0.0002009899866, 0.091526779435, 0.0047237545125, 0.0014499043872, 0.0094313645252, 0.85059362643, 0.039976155075, 0.0020974256484],
      [0.00049054995543, 0.1281834572, 0.4492274206, 0.00013540226982, 0.023076892676, 0.18543224814, 0.19200971852, 0.021444310629],
      [0.019739134949, 0.011854988222, 0.0095930032932, 0.012307681961, 0.054241035876, 0.012747407719, 0.84437797887, 0.035138769112],
      [0.0066143513732, 0.044447612721, 0.0029396398897, 0.034604922456, 0.063102087326, 0.79200582213, 0.04782366635, 0.0084618977571],
      [0.05751642275, 0.0037919952644, 0.00011369197076, 0.27203006065, 0.087013949723, 0.33396040791, 0.23909075494, 0.0064827167883],
      [0.18580627601, 0.062678208225, 0.010226067635, 0.054338902691, 0.21522165597, 0.25584712871, 0.21480395469, 0.0010778060761],
      [0.01005054421, 0.0054127005985, 0.051054849942, 0.056040830016, 0.22782469845, 0.012575420789, 0.61324091115, 0.023800044842]
    ],
    [
      [0.00025245184605, 0.068181987411, 0.0048719325296, 0.0015962177485, 0.013000787035, 0.87576342189, 0.033975184147, 0.0023580173925],
      [0.00062192508006, 0.096589579061, 0.49059161407, 0.00014994921821, 0.032140604213, 0.18993635279, 0.16550537303, 0.024464602539],
      [0.027336767139, 0.0095998769252, 0.010877260277, 0.014833537043, 0.082353577514, 0.014113593564, 0.79709987255, 0.043785514983],
      [0.0080451474573, 0.031934392097, 0.0029318332179, 0.036918777726, 0.084336221888, 0.78727685004, 0.039344983168, 0.0092117944084],
      [0.069259175716, 0.0026668208321, 0.00011144155001, 0.28892456468, 0.11452753341, 0.32348088545, 0.194077901, 0.0069516773618],
      [0.2168216009, 0.042246497018, 0.0096026374726, 0.054524723468, 0.27223473906, 0.23653177678, 0.1669320316, 0.0011059937052],
      [0.012486026551, 0.0039393078346, 0.052188585305, 0.060856004511, 0.31280139404, 0.012525174408, 0.51862952289, 0.026573984458]
    ],
    [
      [0.00033289489292, 0.16053463335, 0.011015915844, 0.0016687860466, 0.0091905978647, 0.7696064886, 0.042857322667, 0.0047933607347],
      [0.00047403499854, 0.13113666583, 0.60860591787, 9.0943334209e-05, 0.013118923681, 0.097966266969, 0.12002800918, 0.028579238143],
      [0.028715048635, 0.018277727643, 0.019644665718, 0.012445436994, 0.046416516493, 0.010145961393, 0.79386153687, 0.070493106259],
      [0.011129312441, 0.079198801232, 0.0069640987868, 0.040460982178, 0.062457964406, 0.7280598008, 0.052083038914, 0.019646001238],
      [0.088759153321, 0.0061988884158, 0.00024701686071, 0.29157033803, 0.078980391283, 0.28172695322, 0.23871622365, 0.01380103521],
      [0.26122751701, 0.093358457206, 0.020243106667, 0.053092142447, 0.17789816276, 0.19667965225, 0.1954103423, 0.0020906193555],
      [0.014425112016, 0.0082338583399, 0.10315106492, 0.055903061561, 0.19222837159, 0.009875013644, 0.56906980262, 0.047113715304]
    ],
    [
      [8.3280380374e-05, 0.11807669381, 0.0092145401874, 0.00084469837528, 0.0067603844323, 0.8334820336, 0.029294694884, 0.0022436743358],
      [0.00014139143874, 0.11484303001, 0.63505939834, 5.4584215724e-05, 0.011493326547, 0.12420328754, 0.098192065846, 0.01601291607],
      [0.010738907113, 0.019618144462, 0.024351023973, 0.0093224409425, 0.050888410158, 0.015882715953, 0.81958527738, 0.049613080021],
      [0.002882729622, 0.060068953155, 0.0060260608189, 0.021239156773, 0.047645950356, 0.81573289111, 0.036875412796, 0.009528845368],
      [0.031471654336, 0.0063566415306, 0.00029071114394, 0.21319291771, 0.082350906731, 0.42555406945, 0.23163314565, 0.0091499534511],
      [0.10067409592, 0.10403955744, 0.025811738082, 0.041107950926, 0.20156406076, 0.32029130653, 0.20501367087, 0.0014976194681],
      [0.005226354437, 0.0085788625786, 0.1248018353, 0.04076016299, 0.20572233164, 0.01501766934, 0.56782414893, 0.032068634785]
    ]
  ],
  "expected_outcome": [
    [
      [0.00095855674447, 0.011673202292, 0.046958008291, 0.05722184407, 0.018427140696, 0.016283082288, 0.04070056412, 0.039121076472, 0.017729639652, 0.04220184896, 0.017199404874, 0.033626945896, 0.0092320210629, 0.005376473869, 0.0017521829428, 0.02636066902, 0.041666024709, 0.067078174693, 0.016721336436, 0.013505871315, 0.027173322155, 0.042654168947, 0.022863608089, 0.052519335091, 0, 0.00087272964571, 0.0012622791549, 0.040599977294, 0.0030294221526, 0.078230299836, 0.0029148133131],
      [0.34180547673, 4.5041691056, 15.7054075962, 18.3439217681, 8.4605153832, 6.5777225897, 13.4067110914, 19.3299868812, 11.2914901231, 21.4816880712, 6.0827989632, 11.574684161, 2.5968692683, 0.70954548836, 2.3983391673, 8.8871040188, 12.0198368873, 22.4039914229, 2.7965970927, 5.774253833, 13.4624625003, 19.7991410758, 10.7744930181, 25.2341835226, 0, 1.0814894958, 0.24375249936, 18.4884094458, 0.81818384894, 37.7256388382, 4.1326842833],
      [0.046861712069, 0.27326215574, 0.98553445153, 0.99509626647, 0.53328827719, 0.44288827222, 0.72681459701, 0.72089335186, 0.81920810102, 1.1836996208, 0.44388061297, 0.60078309737, 0.18556434095, 0.037715398995, 0.066103633717, 0.7643872333, 0.5651288593, 0.83030194074, 0.17446308081, 0.21453500115, 0.56275145917, 0.87627027898, 0.63014486512, 1.1763967792, 0, 0.006474036058, 0.018531982593, 0.95419841153, 0.058463190356, 2.5887402232, 0.32250890656],
      [0.023164652585, 0.099646850712, 0.30410625378, 0.27930444949, 0.15721756107, 0.092768529625, 0.22489469579, 0.21778131675, 0.11423762796, 0.2328728015, 0.067733247611, 0.20601389562, 0.059531234793, 0.012985095327, 0.014353573608, 0.1270781561, 0.18717740046, 0.45154610831, 0.06418418016, 0.068223633756, 0.18068549979, 0.36111174409, 0.11425048677, 0.35184380924, 0, 0.017871620219, 0.013542229379, 0.29288068622, 0.019154612982, 0.39216472095, 0.029564443135],
      [0.0092227656265, 0.58231580755, 1.9865143769, 1.8339825875, 1.1244862077, 0.81362431515, 1.5464012016, 1.3606680679, 0.8766728228, 2.164705099, 0.59350594332, 0.9626967378, 0.27531807588, 0.13611963652, 0.05220454296, 0.60665120262, 1.5945724908, 3.6710266981, 0.26572673622, 0.54316115019, 1.1058245711, 1.6442667297, 1.132141323, 2.762091686, 0, 0.031626894286, 0.040121910293, 1.9051356341, 0.15600944442, 2.1597904982, 0.23661345513],
      [5.5016056934, 27.0282432161, 133.8376597239, 112.0372318993, 62.5737794268, 39.5847574908, 192.2146585952, 193.1283651988, 103.4034519457, 192.6628920124, 39.8351744719, 57.7058398182, 29.6295637723, 5.7678846723, 4.1840749048, 61.8063440439, 90.4627061803, 153.8764030924, 37.1939822574, 74.3902844914, 116.8798568532, 152.5483152989, 119.9073063147, 223.801479836, 0, 5.7845509871, 4.4256085284, 171.819912539, 10.5091610627, 180.8575248203, 29.1718711759],
      [0.075146221382, 2.3830982242, 7.661620832, 7.0581423609, 3.9102283068, 3.2240975933, 5.4972656426, 4.8829988489, 3.2337771376, 7.4374416571, 1.792921616, 2.6652529119, 1.1350477959, 0.28779757142, 0.27074481955, 2.5827794336, 4.6123021853, 9.9513551396, 1.3199493726, 1.881963623, 4.4801733301, 5.4108785363, 3.0641704113, 7.1689206224, 0, 0.073216389956, 0.2441958546, 8.0751833251, 0.40770220977, 10.0714708267, 1.0253143209],
      [0.0012349214256, 0.11759143782, 0.47219875738, 0.3950988242, 0.22205769657, 0.24785812686, 0.34255361235, 0.3201852581, 0.24343260212, 0.794498889, 0.16678574003, 0.2511024322, 0.10887349088, 0.042575663206, 0.012427175098, 0.19929524274, 0.51660997181, 0.74829742324, 0.16837594369, 0.11407239619, 0.3010724643, 0.31736216727, 0.35462997295, 0.45256440945, 0, 0.0038978469374, 0.012984716256, 0.42367998097, 0.028296208709, 1.1264397727, 0.078528601752]
    ],
    [
      [0, 0.022182261755, 0.09891311996, 0.085753564789, 0.031839617578, 0.019205916185, 0.068014289379, 0.047747362725, 0.021115324879, 0.0634814472, 0.015630733384, 0.047235701175, 0.013326954454, 0.010493670435, 0.0021267263623, 0.025538703721, 0.05255467595, 0.077045849937, 0.01829463801, 0.031531347289, 0.037544210498, 0.035660366592, 0.029524902178, 0.057782778452, 0.00075882827149, 0.0021742266539, 0.0039891362788, 0.049054995543, 0.010572726361, 0.11661260964, 0.0045245260397],
      [0, 4.9121255439, 18.9843844618, 15.7741398297, 8.3894503702, 4.448155101, 12.861630369, 13.5435555747, 7.7206224175, 18.5426890439, 3.1706281995, 9.331276901, 2.1523205756, 0.80772129671, 1.7000296747, 4.9403375124, 8.7007992904, 14.7614425029, 1.7573696312, 7.7559760563, 10.6772896924, 9.499806737, 7.9900760238, 15.9311255864, 0.34256120254, 1.6246224024, 0.44244205689, 12.8183457202, 1.642022844, 32.259619793, 3.6749769602],
      [0, 20.5207308906, 80.5955471371, 58.0792525282, 36.0771927227, 20.6987331752, 47.2928286836, 34.3018151548, 38.4251010386, 69.1993555018, 16.2058373002, 33.1824957248, 10.7413513997, 3.4545150444, 4.0721060119, 29.3664181981, 27.8528161087, 37.0350445235, 7.689174551, 19.6903210307, 30.4090765595, 28.6662246242, 31.9849086074, 50.3308796913, 0.10696878598, 0.6746492533, 2.4958862844, 44.9227420601, 8.3400574393, 149.717055797, 20.3219007469],
      [0, 0.0072409767229, 0.024513859893, 0.016017220938, 0.010390399504, 0.0041834511626, 0.014380285096, 0.010171383513, 0.0052042485176, 0.013405454092, 0.0023529366455, 0.011068146706, 0.0032853096365, 0.00096133447541, 0.0006578025485, 0.0047090067309, 0.0090336626646, 0.019847365248, 0.0026842486237, 0.0060893351002, 0.0095488034328, 0.011552471498, 0.0056431335235, 0.014816012247, 4.4270279477e-05, 0.0016816741081, 0.0016290771742, 0.013540226982, 0.0025491367096, 0.022372060215, 0.0017466949032],
      [0, 1.110187854, 4.195325718, 2.7556267754, 1.9485763485, 0.96289397817, 2.5907071555, 1.6646986503, 1.0469313662, 3.2643206724, 0.54097792205, 1.3560851096, 0.39869936302, 0.26853122049, 0.063834583257, 0.58937416757, 2.0167964826, 4.2269807231, 0.29153508516, 1.2716010411, 1.5318922619, 1.3780928252, 1.4658659372, 3.0462925301, 0.036684967687, 0.079425243181, 0.12712792615, 2.3076892676, 0.54639027162, 3.2272552255, 0.36778644951],
      [0, 4.5639197204, 25.1884415788, 14.9954414005, 9.6325869836, 4.1424694868, 28.6941357474, 21.069093117, 10.9797275297, 25.9023486902, 3.2159024412, 7.2219246289, 3.7993156032, 0.95680896969, 0.42706342758, 5.3357581176, 10.1863356669, 15.7962019256, 3.6180953284, 15.4628108241, 14.4022647774, 11.3965697964, 13.810246659, 22.0214516818, 0.13415643216, 1.2093140663, 1.2266483984, 18.5432248144, 3.2289179974, 24.0997016744, 3.9745052012],
      [0, 8.9257871566, 31.7476473684, 20.8135785796, 13.3017667531, 7.496706294, 18.0798709455, 11.7262433574, 7.5854112194, 22.0086764481, 3.2122322666, 7.3711487459, 3.2313852091, 1.1356466866, 0.66878792062, 4.9282030068, 11.4503196802, 22.4843258249, 2.8483403731, 8.663384925, 12.188481022, 8.9008816374, 7.7925598546, 15.5131937574, 0.36841272409, 0.36668523508, 1.5291245464, 19.2009718523, 2.8135913414, 29.5268902571, 3.1421461071],
      [0, 0.93782559604, 4.1652267561, 2.4801901009, 1.6081968048, 1.2276525974, 2.3984325245, 1.6366753996, 1.2158868552, 5.0057227422, 0.63643820041, 1.478765042, 0.66031558541, 0.36532177714, 0.065393853109, 0.80966128701, 2.7313444326, 3.5991112848, 0.77450614449, 1.1182854404, 1.7439026729, 1.1112115416, 1.9211748822, 2.0844579622, 0.010412788991, 0.041447898901, 0.17315257427, 2.1444310629, 0.41589824317, 7.0304925831, 0.51241331423]
    ],
    [
