{
  "X": [
    [35, 29, 47, 139, 164, 48],
    [29, 9, 14, 122, 164, 24],
    [27, 5, 15, 95, 120, 40],
    [17, 13, 18, 76, 115, 48],
    [18, 10, 25, 95, 155, 46],
    [9, 8, 14, 70, 120, 38],
    [24, 15, 21, 122, 145, 41],
    [24, 13, 12, 98, 122, 23],
    [10, 10, 11, 89, 120, 30],
    [14, 7, 35, 93, 80, 32],
    [34, 25, 50, 94, 109, 43],
    [11, 23, 28, 67, 135, 38],
    [10, 19, 43, 89, 168, 38],
    [18, 6, 35, 105, 95, 31],
    [29, 10, 18, 114, 92, 22],
    [15, 6, 17, 98, 94, 31],
    [11, 12, 50, 102, 126, 41],
    [17, 30, 63, 114, 149, 40],
    [9, 25, 51, 125, 150, 42],
    [8, 12, 18, 112, 74, 41],
    [7, 5, 20, 71, 74, 32],
    [11, 11, 33, 97, 91, 16],
    [12, 27, 26, 67, 70, 22],
    [5, 24, 59, 95, 70, 34],
    [17, 13, 27, 98, 132, 37],
    [26, 18, 19, 114, 131, 32],
    [18, 29, 51, 143, 131, 44],
    [13, 28, 31, 101, 127, 40],
    [17, 43, 46, 143, 146, 47],
    [11, 18, 23, 111, 107, 28],
    [12, 12, 11, 91, 105, 33],
    [13, 16, 15, 95, 94, 40],
    [11, 11, 30, 113, 197, 52],
    [30, 21, 35, 180, 214, 44],
    [8, 11, 15, 73, 93, 27],
    [13, 8, 13, 139, 129, 45],
    [11, 16, 33, 111, 129, 40],
    [12, 17, 29, 85, 131, 44],
    [15, 24, 31, 90, 153, 46],
    [6, 15, 30, 96, 113, 51],
    [6, 45, 58, 108, 136, 46],
    [7, 52, 50, 102, 147, 42],
    [4, 34, 67, 104, 110, 44],
    [15, 44, 47, 125, 162, 35],
    [11, 53, 73, 154, 157, 63],
    [15, 18, 46, 94, 123, 38],
    [15, 15, 36, 110, 114, 42],
    [15, 30, 48, 132, 115, 48],
    [18, 19, 76, 171, 175, 58],
    [11, 10, 22, 104, 142, 42],
    [11, 8, 18, 61, 127, 29],
    [9, 4, 16, 99, 104, 35],
    [16, 8, 11, 89, 104, 31],
    [9, 4, 23, 57, 115, 41],
    [9, 4, 3, 70, 113, 27],
    [14, 18, 39, 135, 177, 73],
    [4, 10, 10, 77, 116, 28],
    [7, 11, 36, 69, 96, 33],
    [7, 19, 15, 93, 132, 38],
    [9, 16, 43, 135, 165, 61],
    [5, 15, 26, 64, 98, 39],
    [5, 22, 50, 120, 109, 48],
    [6, 10, 24, 106, 142, 56],
    [155, 197, 464, 1014, 1295, 453]
  ],
  "W": [
    [0, 11, 41, 60, 162, 188],
    [0, 7, 16, 27, 142, 170],
    [1, 19, 17, 18, 104, 143],
    [0, 11, 24, 24, 95, 133],
    [0, 26, 20, 32, 98, 173],
    [0, 18, 18, 17, 80, 126],
    [0, 25, 32, 26, 124, 161],
    [0, 15, 18, 19, 106, 134],
    [1, 11, 18, 18, 90, 132],
    [0, 12, 20, 41, 92, 96],
    [0, 16, 37, 60, 105, 137],
    [0, 23, 31, 42, 61, 145],
    [0, 14, 30, 60, 80, 183],
    [0, 14, 16, 42, 106, 112],
    [0, 9, 19, 26, 124, 107],
    [0, 19, 13, 23, 102, 104],
    [0, 22, 27, 54, 101, 138],
    [0, 23, 53, 73, 118, 146],
    [1, 25, 35, 68, 113, 160],
    [0, 11, 20, 26, 119, 89],
    [2, 18, 11, 30, 73, 75],
    [0, 8, 14, 35, 99, 103],
    [0, 6, 32, 36, 66, 84],
    [0, 5, 36, 70, 100, 76],
    [0, 11, 14, 35, 107, 157],
    [1, 10, 26, 30, 120, 153],
    [0, 6, 40, 62, 148, 160],
    [0, 11, 50, 34, 102, 143],
    [0, 5, 56, 54, 153, 174],
    [0, 5, 22, 27, 123, 121],
    [0, 7, 18, 17, 103, 119],
    [0, 18, 21, 21, 105, 108],
    [0, 34, 19, 28, 120, 213],
    [0, 11, 31, 44, 198, 240],
    [0, 7, 19, 16, 83, 102],
    [0, 9, 22, 13, 152, 151],
    [1, 17, 20, 36, 115, 151],
    [1, 31, 19, 34, 92, 141],
    [0, 11, 33, 38, 108, 169],
    [0, 20, 20, 38, 113, 120],
    [0, 11, 63, 62, 116, 147],
    [0, 5, 62, 60, 108, 165],
    [0, 6, 43, 75, 116, 123],
    [0, 9, 54, 57, 139, 169],
    [2, 22, 63, 84, 162, 178],
    [0, 11, 34, 55, 91, 143],
    [0, 18, 30, 50, 116, 118],
    [0, 21, 35, 56, 146, 130],
    [1, 12, 28, 89, 181, 206],
    [0, 10, 20, 35, 112, 154],
    [0, 17, 14, 22, 73, 128],
    [1, 13, 11, 23, 104, 115],
    [0, 12, 15, 15, 99, 118],
    [1, 15, 9, 34, 63, 127],
    [1, 11, 10, 11, 75, 118],
    [1, 26, 28, 50, 145, 206],
    [0, 11, 10, 12, 84, 128],
    [0, 7, 17, 47, 82, 99],
    [2, 18, 18, 23, 99, 144],
    [0, 17, 21, 60, 159, 172],
    [0, 20, 26, 24, 68, 109],
    [0, 21, 30, 57, 129, 117],
    [0, 21, 17, 42, 111, 153],
    [2, 121, 291, 576, 1122, 1466]
  ],
  "method": "mult",
  "cond_prob": [
    [
      [9.2659376587e-11, 5.2919720246e-06, 4.5421040611e-10, 0.13405482293, 0.061932069097, 0.80400781545],
      [0.013141172014, 0.00010323379143, 0.00033346399293, 0.067448501305, 0.39575539269, 0.5232182362],
      [0.019267727905, 0.67545503289, 0.054647163876, 0.10821205601, 0.065859215907, 0.076558803411],
      [0.021861679596, 0.010218483636, 0.74592996962, 0.061794875189, 0.03820317907, 0.12199181289],
      [0.10508093055, 0.0019396800035, 0, 0.67900032488, 0.12287234513, 0.091106719438],
      [0.083673716696, 0.0020099516014, 0, 0.10699801621, 0.7167497456, 0.090568569891]
    ],
    [
      [1.1858920424e-10, 5.6500852095e-06, 4.0744749451e-10, 0.18702324553, 0.095369443327, 0.71760166053],
      [0.013558676185, 0, 0, 0.079270299258, 0.51449918549, 0.39267183907],
      [0.11388763591, 0.5625, 0.041678080845, 0.13213872296, 0.090463488148, 0.059332072136],
      [0.24127898987, 0, 0.49382039654, 0.089287922104, 0.06374450805, 0.11186818344],
      [0.081732690146, 0, 0, 0.69992278701, 0.16054454113, 0.057799981705],
      [0.0527194845, 0, 0, 0.10312399226, 0.79078037255, 0.05337615069]
    ],
    [
      [0, 0, 0, 0.12957809766, 0.054806557489, 0.81561534485],
      [0.012659288326, 0, 0, 0.069439225957, 0.36549494544, 0.55240654028],
      [0.19973234108, 0.29411764706, 0.091098274942, 0.18187325951, 0.099768056544, 0.13341042086],
      [0.029977432167, 0, 0.74729607367, 0.062604707872, 0.034033697271, 0.12608808902],
      [0.1043829814, 0, 0, 0.68824959783, 0.11224766995, 0.095119750817],
      [0.083696502647, 0, 0, 0.12415656141, 0.69243614191, 0.099710794041]
    ],
    [
      [4.868511724e-11, 2.8445482002e-06, 2.9540426998e-10, 0.085090530411, 0.043648981657, 0.87125764304],
      [0.007160455867, 0, 0, 0.046981485053, 0.3132832637, 0.63257479538],
      [0.1059704532, 0.53584654489, 0.034416739837, 0.11026499561, 0.077840283619, 0.13566098284],
      [0.00068672682844, 0.0058201217747, 0.71558326016, 0.053134085323, 0.039588483731, 0.18518732218],
      [0.077043890284, 0, 0, 0.63494238227, 0.13727807253, 0.15073565492],
      [0.052949572089, 0, 0, 0.084527063208, 0.71950508866, 0.14301827604]
    ],
    [
      [5.9205576695e-11, 3.5109701103e-06, 4.2755051571e-10, 0.13195046975, 0.060805208466, 0.80724081033],
      [0.0071877021501, 0, 0, 0.067231995625, 0.39452796501, 0.53105233721],
      [0.11048016239, 0.5, 0.067485706243, 0.13822670441, 0.084178724937, 0.099628702026],
      [0.029680452565, 0, 0.7390714336, 0.063588509892, 0.0400641007, 0.12759550325],
      [0.066795857998, 0, 0, 0.70591959514, 0.13045750425, 0.096827042612],
      [0.046865594974, 0, 0, 0.11140162651, 0.74561740909, 0.096115369435]
    ],
    [
      [3.4748211732e-11, 2.8302611917e-06, 3.906187869e-10, 0.11031965466, 0.057694046466, 0.83198346818],
      [0.0034676695071, 0, 0, 0.055217415484, 0.38392203231, 0.5573928827],
      [0.1491516301, 0.44067341342, 0.059948358806, 0.13374703904, 0.095961892023, 0.12051766661],
      [0.00040811568743, 0.0039928563833, 0.76005467891, 0.054485906029, 0.041625963328, 0.13943247966],
      [0.041894499842, 0, 0, 0.68514330068, 0.15401246855, 0.11894973093],
      [0.022971068675, 0, 0, 0.086197740964, 0.78042421033, 0.11040698003]
    ],
    [
      [8.1319976856e-11, 3.6868057041e-06, 4.6646839618e-10, 0.15758058151, 0.065239404008, 0.77717632712],
      [0.0092968621207, 0, 0, 0.080776173038, 0.41166314978, 0.49826381506],
      [0.17148437019, 0.46532332262, 0.029659817729, 0.15897377585, 0.084590226495, 0.089968487114],
      [0.0011977698267, 0.0042174490805, 0.77118791664, 0.072543513176, 0.03810694696, 0.11274640431],
      [0.073148915278, 0, 0, 0.73284719136, 0.11651194533, 0.077491948039],
      [0.057009137212, 0, 0, 0.13747982469, 0.72399547929, 0.081515558801]
    ],
    [
      [1.2131159724e-10, 7.0290119573e-06, 4.6246116151e-10, 0.18849928551, 0.083866030057, 0.72762765484],
      [0.01454267864, 2.0113491082e-05, 0, 0.085736582328, 0.47885414713, 0.42084647841],
      [0.019436758865, 0.70287460104, 0.041175209942, 0.11699460978, 0.067800241662, 0.051718578713],
      [0.16274777298, 0.01202427556, 0.59257085374, 0.082801504477, 0.047864641798, 0.10199095145],
      [0.096381263575, 0.00056916303069, 0, 0.71979022071, 0.12571954103, 0.057539811653],
      [0.075547586084, 0.00044151464249, 0, 0.12490340529, 0.74150062612, 0.057606867867]
    ],
    [
      [0, 0, 0, 0.14716303917, 0.064929832837, 0.78790712799],
      [0.0045030275138, 0, 0, 0.074413334315, 0.41307836706, 0.50800527111],
      [0.1411662848, 0.54760312666, 0, 0.14145373564, 0.082142266472, 0.087634586427],
      [0.10379454988, 0.007952428895, 0.61111111111, 0.083928319132, 0.049046747243, 0.14416684373],
      [0.034206678667, 0, 0, 0.74558815519, 0.13307233676, 0.087132829377],
      [0.018655837825, 0, 0, 0.12783696462, 0.7655552695, 0.087951928053]
    ],
    [
      [6.2780716824e-11, 2.3804285871e-06, 4.6094348428e-10, 0.14626176953, 0.051860787576, 0.80187506194],
      [0.0077636558988, 0, 0.0013468157588, 0.081581357848, 0.35316298047, 0.55614519002],
      [0.16051798357, 0.35, 0.092998854852, 0.19250942263, 0.083806242225, 0.12016749673],
      [0, 0, 0.77915039347, 0.076698703041, 0.02496590167, 0.11918500182],
      [0.059354236445, 0, 0.006283870937, 0.75904945281, 0.086576455455, 0.088735984357],
      [0.05454048651, 0, 0.0062560297428, 0.15826707052, 0.67809670333, 0.10283970989]
    ],
    [
      [1.2324227029e-10, 4.812920169e-06, 4.6367538097e-10, 0.12676696527, 0.052716814114, 0.82051140711],
      [0.018321584766, 3.5542578615e-06, 0.0010554770717, 0.067698708307, 0.35280406149, 0.5601166141],
      [0.027310224581, 0.65924205635, 0.06179254836, 0.11131567197, 0.056986965579, 0.083352533165],
      [0.0012683651412, 0.0087210663174, 0.77893557713, 0.060692405207, 0.027463288174, 0.12291929803],
      [0.14581446388, 0.00042636029457, 0.0036955931469, 0.6589185893, 0.097068747636, 0.094076245742],
      [0.12634858188, 0.00029164406661, 0.0041796800671, 0.11657039866, 0.65260293064, 0.10000676469]
    ],
    [
      [4.939275633e-11, 5.4742575585e-06, 3.7905508947e-10, 0.1369169497, 0.066246446484, 0.79683112913],
      [0.0039551650739, 0.00081180508273, 0, 0.067424099114, 0.41918105709, 0.50862787364],
      [0.01030206667, 0.69353617617, 0.040870571251, 0.1084549347, 0.072732675915, 0.074103575302],
      [0.09171565274, 0.012849548745, 0.63650029265, 0.071417281152, 0.050856035504, 0.13666118921],
      [0.05083654859, 0.0026251836195, 0, 0.71458269329, 0.13998311567, 0.091972458823],
      [0.025079863844, 0.0053923432679, 0, 0.10688325962, 0.77537378749, 0.087270745771]
    ],
    [
      [3.7436183946e-11, 4.861763268e-06, 4.3604952906e-10, 0.15048613282, 0.07121225742, 0.77829674753],
      [0.0040260151538, 0, 0, 0.072671744554, 0.43801221106, 0.48529002923],
      [0.027637787774, 0.63333333333, 0.053023029983, 0.12708923878, 0.081791940534, 0.077124669599],
      [0.067364180478, 0, 0.69015515168, 0.071312473181, 0.050826179067, 0.1203420156],
      [0.034130415529, 0, 0, 0.73844168011, 0.14268290665, 0.084744997706],
      [0.012799005922, 0, 0, 0.11374773559, 0.79207577898, 0.08137747951]
    ],
    [
      [7.8783441751e-11, 2.8376214053e-06, 5.0929611759e-10, 0.16270805965, 0.059808869066, 0.77748023307],
      [0.010171894933, 0, 0.00088351302597, 0.08627913157, 0.38839137602, 0.51427408445],
      [0.16634180988, 0.375, 0.086635081563, 0.18513225522, 0.085323157638, 0.1015676957],
      [0.0018493841009, 0, 0.78788174436, 0.076632649387, 0.028022983916, 0.10561323824],
      [0.072807448752, 0, 0.0024379061274, 0.756990771, 0.091786245254, 0.07597762887],
      [0.066079114401, 0, 0.0022501625005, 0.15509270602, 0.69009859725, 0.086479419824]
    ],
    [
      [1.4406562812e-10, 4.9096687822e-06, 4.9738319459e-10, 0.19113705135, 0.072859952504, 0.73599808583],
      [0.018428544394, 0, 0, 0.092801082843, 0.43887077921, 0.44989959356],
      [0.12383304458, 0.52631578947, 0.056644472877, 0.15353348091, 0.073023777243, 0.066649434911],
      [0.1265786131, 0, 0.65091365444, 0.085504083169, 0.037988641316, 0.099015007981],
      [0.10445059911, 0, 0, 0.74058364424, 0.097393848248, 0.057571908403],
      [0.095685953487, 0, 0, 0.15132874831, 0.68783335853, 0.065151939675]
    ],
    [
      [6.7439751735e-11, 3.4327629467e-06, 4.3157718416e-10, 0.15607683407, 0.060721280027, 0.78319845264],
      [0.0077637799848, 0, 0, 0.083513648873, 0.39325399339, 0.51546857775],
      [0.13775757389, 0.46153846154, 0.065920850608, 0.16164374924, 0.079936076024, 0.093203288693],
      [0.064477532116, 0, 0.70187082357, 0.077969813505, 0.035976108001, 0.11970572281],
      [0.060470180052, 0, 0, 0.75545526712, 0.10434164545, 0.079732907376],
      [0.052025943421, 0, 0, 0.14867431706, 0.71171833478, 0.087581404738]
    ],
    [
      [4.2244489403e-11, 3.2689939331e-06, 5.397272621e-10, 0.14873479676, 0.062482581624, 0.78877935204],
      [0.0037847762659, 0, 0.0035815239359, 0.075848960827, 0.400819791, 0.51596494797],
      [0.12135843288, 0.44444444444, 0.090774771344, 0.15918741994, 0.085444338999, 0.09879059239],
      [0.00010612668617, 0, 0.80458761857, 0.061227279136, 0.030184902095, 0.10389407351],
      [0.038386229819, 0, 0.014278766085, 0.74550021323, 0.11445258054, 0.087382210326],
      [0.027226936099, 0, 0.018698557027, 0.12631498489, 0.7368497978, 0.090909724184]
    ],
    [
      [6.6957809635e-11, 4.8704061907e-06, 5.7322807622e-10, 0.16288917591, 0.078776364008, 0.75832958903],
      [0.0068749370003, 0, 0.0011535473425, 0.074992144754, 0.4641641087, 0.4528152622],
      [0.06869848387, 0.56603773585, 0.072070435169, 0.13246717573, 0.08838921637, 0.072336953009],
      [0.0020946644765, 0, 0.79773139749, 0.061115288535, 0.045248576583, 0.093810072913],
      [0.05901297735, 0, 0.0034122498072, 0.72043070882, 0.1435632656, 0.073580798417],
      [0.041674075135, 0, 0.0035390263895, 0.10809712776, 0.77668483288, 0.070004937836]
    ],
    [
      [0, 0, 0, 0.17711864078, 0.071010714183, 0.75187064504],
      [0.0035204876484, 0.00030023183228, 0, 0.088366057822, 0.43678804542, 0.47102517728],
      [0.0064315915231, 0.6773614559, 0.051313196025, 0.13346680443, 0.067111288735, 0.064315663383],
      [0.037923007733, 0.010786093417, 0.72358879616, 0.083567025359, 0.038508737414, 0.10562633991],
      [0.026858209059, 0.0017727960044, 0, 0.78445271893, 0.11597993348, 0.070936342531],
      [0.019207124725, 0.0021941434169, 0, 0.14760422997, 0.75585041511, 0.075144086778]
    ],
    [
      [2.5873232914e-11, 3.3240264289e-06, 2.9425864544e-10, 0.11732812312, 0.039961423106, 0.84270712942],
      [0.003595169941, 0, 0, 0.070814537495, 0.29373647922, 0.63185381334],
      [0.034983767049, 0.6, 0.050773433186, 0.14146798924, 0.057431632497, 0.11534317803],
      [0.059165993355, 0, 0.65325120524, 0.081442822769, 0.029132997721, 0.17700698091],
      [0.027040607216, 0, 0, 0.77330747464, 0.077826475625, 0.12182544252],
      [0.028141906784, 0, 0, 0.16011884752, 0.66967929819, 0.14205994751]
    ],
    [
      [0, 0, 0, 0.13568986043, 0.056869202293, 0.80744093728],
      [0.00030489039021, 0, 0, 0.074783051352, 0.37953627731, 0.54537578095],
      [0.13127727713, 0.45454545455, 0.05912946445, 0.15941009014, 0.086359141584, 0.10927857215],
      [0.081282810771, 0, 0.64498586304, 0.081932250656, 0.044116184155, 0.14768289138],
      [0.025133535757, 0, 0, 0.75191566908, 0.1243363145, 0.098614480665],
      [0.017029726549, 0, 0, 0.13708270667, 0.74272828751, 0.10315927926]
    ],
    [
      [7.3590271579e-11, 8.4025179078e-06, 8.1175033116e-10, 0.22959024604, 0.089723109529, 0.68067824103],
      [0.0090892438379, 0.00024306670977, 0.0019530910411, 0.10178090438, 0.50085693894, 0.38607675509],
      [0.0095693914686, 0.71040421221, 0.064688719895, 0.11835233501, 0.056775159022, 0.040210182395],
      [0.00031869862279, 0.010258927768, 0.83750127263, 0.06637661637, 0.025096691696, 0.060447792911],
      [0.056552093505, 0.0034466983579, 0.013617209177, 0.78287121197, 0.095254399531, 0.048258387459],
      [0.050325270485, 0.0034185522916, 0.013767814975, 0.14273192735, 0.73679342232, 0.052963012577]
    ],
    [
      [7.51243426e-11, 6.5468248716e-06, 4.2572457084e-10, 0.15450139989, 0.06023242392, 0.78525962886],
      [0.010261085826, 0.0015284415287, 0, 0.079868512386, 0.39140765747, 0.51693430279],
      [0.013399825769, 0.72654091849, 0.038392986287, 0.11076361597, 0.048781322182, 0.062121331309],
      [0.059498387885, 0.021544994682, 0.6880951233, 0.078588870932, 0.031420142654, 0.12085248055],
      [0.06939953703, 0.017298989724, 0, 0.73668619738, 0.097015369843, 0.079599906018],
      [0.056991995864, 0.021716271772, 0, 0.13721267659, 0.69710014524, 0.08697891053]
    ],
    [
      [2.2312818319e-11, 4.3740493776e-06, 4.375670064e-10, 0.13281519381, 0.051896910982, 0.8152835207],
      [0.003336693619, 0, 0.0012731032725, 0.071821993936, 0.35590308468, 0.56766512449],
      [0.0052503778114, 0.65297254609, 0.067217814767, 0.12584074813, 0.058411860093, 0.090306653108],
      [0.00072223927125, 0.0070426905843, 0.77671642558, 0.064986846328, 0.022077234819, 0.12845456342],
      [0.028367517451, 0, 0.014001566327, 0.75599570385, 0.09777163351, 0.10386357886],
      [0.025092032061, 0, 0.010572193799, 0.13107859828, 0.7209879977, 0.11226917817]
    ],
    [
      [5.7770603008e-11, 6.4505357586e-06, 4.3152736512e-10, 0.13246242387, 0.058448139032, 0.80908298607],
      [0.00836812737, 0.00063304268232, 0.00044123312282, 0.068324443311, 0.38294664177, 0.53928651175],
      [0.010164119168, 0.73630102081, 0.044958733619, 0.091177726957, 0.051978194106, 0.065420205339],
      [0.0085952507524, 0.014166620655, 0.75330640471, 0.062841472051, 0.035017897319, 0.12607235451],
      [0.070356901117, 0.0067122566546, 0, 0.71006132949, 0.1162452869, 0.09662422584],
      [0.056921214871, 0.0093680194535, 0, 0.11334986732, 0.72226764407, 0.098093254289]
    ],
    [
      [0, 0, 0, 0.16086959894, 0.067202875575, 0.77192752549],
      [0.012890869923, 0, 0, 0.079892859887, 0.41860009167, 0.48861617852],
      [0.019113235047, 0.68116640139, 0.04198963206, 0.12367285526, 0.066250532748, 0.067807343498],
      [0.1382093895, 0.0096557854651, 0.59694231888, 0.084011814652, 0.044407297986, 0.12677339352],
      [0.087551488752, 0, 0, 0.72303851652, 0.11532541333, 0.074084581401],
      [0.07007638467, 0, 0, 0.13424660878, 0.71799355436, 0.077683452187]
    ],
    [
      [5.0945162482e-11, 5.1231999804e-06, 4.5253487224e-10, 0.14362889446, 0.054679386925, 0.80168659492],
      [0.0075746555167, 0.00015263813893, 0.00072610393323, 0.076429268868, 0.3668182081, 0.54829912544],
      [0.010805915317, 0.67533849705, 0.057792992973, 0.12229467146, 0.05514851263, 0.078619410572],
      [0.00043409574054, 0.010955626722, 0.76934577577, 0.070730239282, 0.026501862398, 0.12203240008],
      [0.059861212543, 0.0041545717078, 0.0032527640656, 0.74839667462, 0.092117801805, 0.09221697526],
      [0.053974637887, 0.0043213676229, 0.003144227986, 0.14063534281, 0.69572875069, 0.10219567301]
    ],
    [
      [4.3980157739e-11, 3.8325285529e-06, 4.50625824e-10, 0.13161305776, 0.057281966399, 0.81110114282],
      [0.0055451106017, 0, 0.00093996926466, 0.068846981409, 0.37914799954, 0.54551993919],
      [0.062773621484, 0.55717943701, 0.070983235978, 0.13509989606, 0.076680301499, 0.097283507971],
      [0.00055751650673, 0.0041478867502, 0.77472026243, 0.061968175261, 0.035104040802, 0.12350211825],
      [0.047415887608, 0, 0.0040140225145, 0.72625456794, 0.12197879114, 0.1003367308],
      [0.034580046237, 0, 0.004829226015, 0.12099863296, 0.73678309683, 0.10280899796]
    ],
    [
      [4.4292684453e-11, 5.3769014494e-06, 4.4675689461e-10, 0.134492659, 0.055464524662, 0.81003743895],
      [0.0065386189781, 0.00031689053049, 0.00071924369831, 0.070842494248, 0.37031880394, 0.55126394861],
      [0.0090281640532, 0.69226086457, 0.056402568627, 0.10993548837, 0.05444767687, 0.077925237513],
      [0.0002430331435, 0.013367985878, 0.76903248638, 0.063207694371, 0.029426963091, 0.12472183714],
      [0.054491066572, 0.010118390694, 0.0039731161879, 0.73015987049, 0.10276017388, 0.09849738218],
      [0.046617659442, 0.011274839758, 0.0040357407896, 0.1227685316, 0.71142513486, 0.10387809355]
    ],
    [
      [4.2949577943e-11, 6.3081645331e-06, 5.0148168878e-10, 0.15192151338, 0.064149634253, 0.78392254366],
      [0.0060544195307, 0.00032160712093, 0.0007407190488, 0.076333279376, 0.40901781881, 0.50753215611],
      [0.0076204411536, 0.71205059728, 0.053524423222, 0.10618578613, 0.056626209482, 0.063992542738],
      [0.00032776368458, 0.012170260554, 0.78402583472, 0.06371535627, 0.032785094866, 0.1069756899],
      [0.047933025089, 0.00836850403, 0.0028543197545, 0.74513742446, 0.11058859457, 0.085118132093],
      [0.040474929682, 0.0080607916832, 0.0024709109629, 0.12322337587, 0.7373680959, 0.088401895905]
    ],
    [
      [4.2476868586e-11, 4.2176645994e-06, 3.0484658279e-10, 0.11924232988, 0.053352036858, 0.82740141525],
      [0.0062156333272, 0, 0, 0.063739784553, 0.36181645784, 0.56822812428],
      [0.064351302224, 0.65720122132, 0, 0.1161898874, 0.068331840555, 0.093925748499],
      [0.06169840213, 0.010022236252, 0.64705882353, 0.073291575315, 0.043187938561, 0.16474102421],
      [0.050551805019, 0, 0, 0.71281279364, 0.12644903542, 0.11018636593],
      [0.038171919105, 0, 0, 0.11593889924, 0.73511652153, 0.11077266012]
    ],
    [
      [4.6930827435e-11, 4.7940247899e-06, 3.3683682111e-10, 0.1217157188, 0.048994168753, 0.82928531804],
      [0.0066760140891, 0.00088163686347, 0, 0.067824494713, 0.3391552788, 0.58546257553],
      [0.055191400019, 0.69246488485, 0, 0.11003541811, 0.055234846145, 0.087073450876],
      [0.012248399381, 0.011890219007, 0.71428571429, 0.071199199853, 0.034779527708, 0.15559693977],
      [0.058172307599, 0.0056035149193, 0, 0.72396357201, 0.10177899887, 0.1104816066],
      [0.049587996862, 0.0055954100828, 0, 0.12923200979, 0.6973898912, 0.11819469207]
    ],
    [
      [3.1312056768e-11, 4.3082193053e-06, 6.1681877431e-10, 0.13710511668, 0.066573786344, 0.79631678811],
      [0.0036355250951, 0, 0.0035783834121, 0.065582007232, 0.41793915891, 0.50926492535],
      [0.053010799357, 0.57894736842, 0.085246821842, 0.1212585817, 0.07756927619, 0.08396715249],
      [0.0057370303565, 0, 0.82268902593, 0.047105541405, 0.03105801919, 0.093410383116],
      [0.0360264113, 0, 0.01119311671, 0.721818717, 0.13626814799, 0.094693607005],
      [0.025283477713, 0, 0.018216801022, 0.096380739451, 0.77039647912, 0.089722502691]
    ],
    [
      [7.3793746904e-11, 5.8045044703e-06, 5.2635601544e-10, 0.16592115672, 0.074380267574, 0.7596927706],
      [0.0098393536539, 0, 0.00044258410786, 0.07858590134, 0.44635933492, 0.46477282598],
      [0.01381316161, 0.67166647679, 0.057591570066, 0.12097731641, 0.070794333236, 0.065157141883],
      [0.033292010125, 0.004053164078, 0.75476802052, 0.067474467005, 0.039547740355, 0.10086459792],
      [0.071947166561, 0, 0, 0.72732464522, 0.12682898712, 0.073899201091],
      [0.05730488198, 0, 0, 0.11835875823, 0.750179929, 0.074156430798]
    ],
    [
      [3.5732237861e-11, 3.870946267e-06, 4.6195798853e-10, 0.12267131959, 0.058082795759, 0.81924201321],
      [0.0047866848471, 0, 0.00099222111852, 0.063179935036, 0.38385954773, 0.54718161127],
      [0.061758978654, 0.57402120503, 0.071108442924, 0.12104426397, 0.076673128782, 0.095393980637],
      [0.00033750947538, 0.0058498190223, 0.78699087314, 0.053516380707, 0.034631101554, 0.1186743161],
      [0.043014991326, 0, 0.005385945444, 0.7101873257, 0.13455060511, 0.10686113242],
      [0.031543413529, 0, 0.0059128097506, 0.10251067956, 0.75621956735, 0.10381352981]
    ],
    [
      [3.2293735219e-11, 2.2232000312e-06, 4.2936517933e-10, 0.12263343555, 0.048881429432, 0.82848291136],
      [0.0044043070842, 0, 0.00073219895741, 0.067990711522, 0.34017832775, 0.58669445469],
      [0.14950007229, 0.36170594736, 0.091597705665, 0.1730404287, 0.088123973278, 0.13603187271],
      [0.00037771946818, 0.0032668583172, 0.78039082669, 0.058782720509, 0.029431289573, 0.12775058544],
      [0.034674298648, 0, 0.002927521285, 0.74437554159, 0.10635661089, 0.11166602758],
      [0.029112290717, 0, 0.0025708390889, 0.13690024156, 0.71159507297, 0.11982155566]
    ],
    [
      [0, 4.2853323572e-05, 7.9828039056e-05, 0.14521336475, 0.058963221526, 0.79570073236],
      [0.005406595523, 0.00070912467271, 0.0020720236779, 0.075209645402, 0.38561341333, 0.5309891974],
      [0.0071044181551, 0.6995135623, 0.06060101537, 0.10835025761, 0.054858175092, 0.069572571477],
      [0.00018422051269, 0.010892903677, 0.79512491193, 0.059938574608, 0.027103884285, 0.10675550499],
      [0.043941282421, 0.0052801096168, 0.01033792936, 0.74773745158, 0.10206146412, 0.090641762902],
      [0.037788874809, 0.0066110837286, 0.012843157325, 0.12756040989, 0.71904395392, 0.096152520325]
    ],
    [
      [0, 8.6971047171e-05, 3.977975138e-05, 0.13302070272, 0.062562520748, 0.80429002573],
      [0.0064788229351, 0.002702443865, 0.0018862976204, 0.064814259118, 0.4000009348, 0.52411724166],
      [0.0081689210849, 0.72966511245, 0.051738418691, 0.090100795947, 0.055384129148, 0.064942622683],
      [0.00023007328918, 0.014096280149, 0.78315099599, 0.054930594983, 0.03393310852, 0.11365894706],
      [0.057389716565, 0.0085989257633, 0.0047909361951, 0.708468603, 0.12516818938, 0.095583629094],
      [0.045079933139, 0.012639187499, 0.0063159932279, 0.09999340735, 0.74337525485, 0.092596223937]
    ],
    [
      [4.3626120957e-11, 4.6907854253e-06, 3.9996156725e-10, 0.10550959732, 0.05707803187, 0.83740767959],
      [0.0063129635379, 0.00028039677687, 0.00059220158388, 0.053521837321, 0.37737735432, 0.56191524646],
      [0.010014342985, 0.68116304208, 0.055551999246, 0.092457626147, 0.070601710303, 0.090211279237],
      [0.00028796179309, 0.010470652018, 0.75742911223, 0.049625573674, 0.041165400041, 0.14102130024],
      [0.0633820736, 0.0032372570514, 0.0015104316142, 0.66263469558, 0.14850161467, 0.12073392749],
      [0.045821760862, 0.0045622882162, 0.0012712244272, 0.076389581091, 0.76281972235, 0.10913542306]
    ],
    [
      [1.8295953488e-11, 4.2909545525e-06, 3.5661584058e-10, 0.10404004699, 0.048873942932, 0.84708171875],
      [0.0027366632041, 0.00063560319626, 0.00092544196005, 0.054925328896, 0.34038389862, 0.60039306412],
      [0.0045052331713, 0.68133691196, 0.053422218237, 0.099810573353, 0.062441850221, 0.098483213054],
      [7.1431750835e-05, 0.010737227697, 0.74110667167, 0.054475174598, 0.0358873749, 0.15772211939],
      [0.0282559133, 0.004073048199, 0.003355052489, 0.70074605301, 0.12851830227, 0.13505163073],
      [0.022162745525, 0.0041023383156, 0.0030989361791, 0.09709101108, 0.74214330517, 0.13140166373]
    ],
    [
      [1.9092381283e-11, 4.9774854735e-06, 4.8956159565e-10, 0.12609095001, 0.059588635189, 0.81431543681],
      [0.0027130344338, 0.00050513940268, 0.0019566916138, 0.063740823819, 0.389097129, 0.54198718173],
      [0.003920266249, 0.6758789629, 0.071495900935, 0.10199629479, 0.063574384332, 0.083134190799],
      [0, 0.011352472268, 0.79214490192, 0.048496691261, 0.030552465528, 0.11745346902],
      [0.024933913073, 0.0057915296579, 0.014815886029, 0.7215531652, 0.1262369528, 0.10666855324],
      [0.019257455313, 0.0070639325371, 0.017976924727, 0.096368179215, 0.75630616314, 0.10302734507]
    ],
    [
      [2.2367969805e-11, 6.0078292239e-06, 4.4759501216e-10, 0.12728854278, 0.061668080483, 0.81103736843],
      [0.0031765086234, 0.00075035349583, 0.00066302040004, 0.064241369617, 0.39813138984, 0.53303735803],
      [0.0040422216618, 0.72344617194, 0.052262514956, 0.090051943562, 0.057969209192, 0.072227938684],
      [0, 0.020038124554, 0.76774109593, 0.053265267954, 0.034624119798, 0.12433139176],
      [0.028869507053, 0.016733179045, 0.0023877075357, 0.71855975724, 0.12987095527, 0.10357889386],
      [0.021912684559, 0.025049180375, 0.0026307321267, 0.092698198739, 0.75946510136, 0.098244102845]
    ],
    [
      [1.3225525627e-11, 5.1216331515e-06, 4.5444050328e-10, 0.1190743114, 0.053532493442, 0.82738807306],
      [0.0019538725191, 0.00056736875526, 0.0016498405847, 0.062782785083, 0.36244855272, 0.57059758034],
      [0.0026685669832, 0.69677083557, 0.06631576981, 0.09627963652, 0.054313398952, 0.083651792168],
      [0, 0.016260881043, 0.78810019777, 0.045481764197, 0.022982937926, 0.12717421906],
      [0.018165829286, 0.011459735391, 0.020673104529, 0.72248011715, 0.1120221317, 0.11519908194],
      [0.014360099085, 0.012085808736, 0.021405917857, 0.099711000119, 0.73798003989, 0.11445713431]
    ],
    [
      [5.2747781167e-11, 7.2422627221e-06, 5.5347744219e-10, 0.16134645125, 0.08021232582, 0.75843398006],
      [0.0067850892687, 0.00076910401763, 0.0004992621549, 0.073425238538, 0.4681372278, 0.45038407822],
      [0.0083054479647, 0.71986805194, 0.05176690448, 0.097148336658, 0.067126777835, 0.055784481119],
      [0.012030687459, 0.015989192417, 0.77544024208, 0.058152981878, 0.042009889346, 0.096377006817],
      [0.052505869962, 0.012386610188, 0, 0.717396415, 0.14212584548, 0.075585259364],
      [0.038499259743, 0.014716452515, 0, 0.095031603674, 0.78113528244, 0.070617401629]
    ],
    [
      [0, 0.00020626055443, 0.00011871849462, 0.13569526202, 0.055639877929, 0.80833988101],
      [0.0039579035366, 0.0023291384248, 0.0019641311097, 0.070625969571, 0.37059684681, 0.55052601055],
      [0.0050306214059, 0.71483307582, 0.058289720013, 0.10113630371, 0.048104216672, 0.072606062384],
      [0, 0.019265360355, 0.78011283277, 0.058032317436, 0.022896017933, 0.11969347151],
      [0.033855126447, 0.01768010871, 0.010736889739, 0.74004825593, 0.098512570758, 0.09916704842],
      [0.028716103872, 0.019277498743, 0.011322725999, 0.11820628588, 0.71810517975, 0.10437220576]
    ],
    [
      [5.6455597678e-11, 3.73835654e-06, 4.6125304748e-10, 0.14015403205, 0.058803330369, 0.80103889871],
      [0.0073041322682, 0, 0.00091129765168, 0.072908191229, 0.3852973818, 0.53357899705],
      [0.082625496577, 0.52941176471, 0.07165811927, 0.1436539233, 0.077358230678, 0.095292465465],
      [0.0028867843884, 0, 0.7750777819, 0.067112921437, 0.034782580739, 0.12013993153],
      [0.059755695958, 0, 0.0033463489229, 0.72880804055, 0.11560559004, 0.092484324525],
      [0.045551371943, 0, 0.0043342931054, 0.12797925968, 0.72516362463, 0.096971450633]
    ],
    [
      [5.3822422293e-11, 3.4312209498e-06, 3.8662378704e-10, 0.13716858346, 0.059231663566, 0.80359632132],
      [0.00494279242, 0, 0, 0.072436283007, 0.38860277377, 0.53401815081],
      [0.10145342795, 0.5, 0.06012917431, 0.15095539773, 0.085538192703, 0.10192380731],
      [0.05704523839, 0, 0.68392249541, 0.076915957806, 0.044265343995, 0.13785096439],
      [0.044285834212, 0, 0, 0.73285331056, 0.12825348675, 0.094607368481],
      [0.032864476356, 0, 0, 0.12975172083, 0.74024010702, 0.097143695785]
    ],
    [
      [4.6676730325e-11, 6.0563248415e-06, 4.7248066701e-10, 0.13767651836, 0.054533555259, 0.80778386954],
      [0.006783429619, 0.0021190426113, 0.0018304965176, 0.072855573992, 0.36375597038, 0.55265548688],
      [0.0085903491565, 0.71599110537, 0.055126041027, 0.10209408967, 0.047853895817, 0.070344518952],
      [2.431425264e-05, 0.016380206274, 0.77948097137, 0.061627061651, 0.024025979926, 0.11846146653],
      [0.055903596875, 0.015256305789, 0.0092036812106, 0.73349204179, 0.090973175333, 0.095171199002],
      [0.049181530889, 0.013469994004, 0.0079805867982, 0.12581374041, 0.70045153688, 0.10310261102]
    ],
    [
      [0, 0, 5.3076195829e-05, 0.14094511338, 0.057096519453, 0.80190529097],
      [0.0059865990732, 0, 0.0013080871567, 0.073724221731, 0.3776136332, 0.54136745884],
      [0.0091586253414, 0.65527123595, 0.065642979388, 0.12372251485, 0.063263322204, 0.082941322259],
      [0.00085644803159, 0.0073303976774, 0.78413546317, 0.063733823144, 0.027030383053, 0.11691348492],
      [0.049110480576, 0, 0.010737848595, 0.74236107352, 0.10294835421, 0.094842243096],
      [0.042264555546, 0, 0.011721551636, 0.12849742351, 0.7165087896, 0.10100767971]
    ],
    [
      [3.309852115e-11, 3.1602404755e-06, 3.1183774574e-10, 0.12154433419, 0.057155193777, 0.82129731145],
      [0.0037093260207, 0, 0, 0.063535747339, 0.37988139893, 0.55287352771],
      [0.10402099947, 0.5, 0.052921520541, 0.14161570893, 0.089256851671, 0.11218491939],
      [0.11167813722, 0, 0.59833055969, 0.074965597761, 0.050263580854, 0.16476212448],
      [0.028199091279, 0, 0, 0.71897262073, 0.14418645726, 0.10864183073],
      [0.011788660549, 0, 0, 0.11288051237, 0.76953208075, 0.10579874634]
    ],
    [
      [5.3985436014e-11, 4.4312085448e-06, 4.937591194e-10, 0.12653492424, 0.074992103989, 0.79846854001],
      [0.0064999334935, 0, 0, 0.056325026235, 0.45286724739, 0.48430779288],
      [0.083480950453, 0.57142857143, 0.065559475569, 0.10831736299, 0.089350468781, 0.081863170778],
      [0.016832824837, 0, 0.77646215191, 0.049421594796, 0.047109012962, 0.11017441549],
      [0.062761710915, 0, 0, 0.66863609839, 0.17355520421, 0.095046986489],
      [0.037256568602, 0, 0, 0.067408759408, 0.81519079718, 0.080143874809]
    ],
    [
      [0, 0, 0, 0.13534345989, 0.055742128682, 0.80891441142],
      [0.0036348515728, 0, 0, 0.072882886384, 0.3735416548, 0.54994060724],
      [0.16875219363, 0.36363636364, 0.070562057343, 0.17821327175, 0.095008690755, 0.12382742289],
      [0.07746201502, 0, 0.66190510301, 0.076541288098, 0.039910040536, 0.14418155334],
      [0.028461375135, 0, 0, 0.75374710531, 0.11850588344, 0.09928563611],
      [0.020477073393, 0, 0, 0.13744942999, 0.73739633, 0.10467716661]
    ],
    [
      [6.3905385939e-11, 3.7111796576e-06, 3.8168471855e-10, 0.13306801706, 0.057987980674, 0.80894029064],
      [0.0086074437236, 0, 0, 0.069632385398, 0.38197748115, 0.53978268973],
      [0.16545526565, 0.52670605393, 0, 0.13540107976, 0.076840915711, 0.095596684953],
      [0.016807480959, 0.0066272794047, 0.73333333333, 0.069075145989, 0.039107149148, 0.13504961117],
      [0.068990694137, 0, 0, 0.71391435906, 0.12131843499, 0.095776511816],
      [0.053666870819, 0, 0, 0.12220124104, 0.72598749313, 0.098144395014]
    ],
    [
      [0, 0, 0, 0.097896673706, 0.052154576904, 0.84994874939],
      [0.0033114041991, 0, 0, 0.051133060378, 0.35711304104, 0.58844249439],
      [0.13840196957, 0.44444444444, 0.0627186905, 0.12974260483, 0.091870661797, 0.13282162885],
      [0.061519391112, 0, 0.65986858193, 0.057122850339, 0.048711561533, 0.17277761509],
      [0.046574344929, 0, 0, 0.67073548317, 0.14951800078, 0.13317217112],
      [0.021093450256, 0, 0, 0.084794579732, 0.76920068275, 0.12491128726]
    ],
    [
      [0, 0, 0, 0.13399420978, 0.06699060677, 0.79901518345],
      [0.0033213534445, 0, 0, 0.066181792954, 0.42233127898, 0.50816557462],
      [0.19415615226, 0.4, 0.025078147559, 0.16149257631, 0.10751011169, 0.11176301218],
      [0.29589662329, 0, 0.24992895676, 0.12594230577, 0.084624762543, 0.24360735163],
      [0.033497242153, 0, 0, 0.71672805318, 0.15823022911, 0.09154447555],
      [0.010633453998, 0, 0, 0.10494161824, 0.8001197003, 0.084305227456]
    ],
    [
      [0, 0, 0, 0.10963473916, 0.047534557298, 0.84283070354],
      [0.0042941024498, 0, 0.00060093966538, 0.060326589022, 0.33244643282, 0.60233193604],
      [0.0080039016075, 0.64099670623, 0.05819489602, 0.11817118903, 0.066360200284, 0.10827310683],
      [0.0072198768167, 0.0010418445135, 0.73751063685, 0.061724813132, 0.034125750268, 0.15837707842],
      [0.042600358975, 0, 0.0014550574608, 0.71270321501, 0.11597666675, 0.1272647018],
      [0.034593195141, 0, 0.0013029286685, 0.11448967874, 0.71809644849, 0.13151774896]
    ],
    [
      [1.7135920112e-11, 7.1291688497e-06, 4.511090669e-10, 0.13463068432, 0.063815881293, 0.80154630475],
      [0.002405948496, 0.00099358212948, 0.00063591722267, 0.066781194305, 0.40880024544, 0.52038311241],
      [0.0027181471141, 0.76092045581, 0.042956036157, 0.083075954555, 0.051927566023, 0.058401840345],
      [0.0001429660377, 0.013524966462, 0.77651107215, 0.058194909619, 0.036607598806, 0.11501848692],
      [0.021506901754, 0.0082248366226, 0.001325766096, 0.73595616034, 0.13494556114, 0.098040774053],
      [0.016703576216, 0.011927188787, 0.0010464635242, 0.10090617917, 0.77507190093, 0.094344691379]
    ],
    [
      [3.0218797229e-11, 3.9893395316e-06, 3.826816293e-10, 0.10873974451, 0.057589040929, 0.8336672248],
      [0.0044048902141, 0, 0.00019726057391, 0.055448133514, 0.38180395182, 0.55814576388],
      [0.012831552485, 0.64705882353, 0.057843958637, 0.10634332067, 0.078108182165, 0.097814162518],
      [0.010696647444, 0, 0.74500578466, 0.050752934166, 0.048133929368, 0.14541070436],
      [0.041743687625, 0, 0, 0.6834501425, 0.15498582235, 0.11982034752],
      [0.028538429911, 0, 0, 0.084603303263, 0.77806465785, 0.10879360897]
    ],
    [
      [0, 0.00014486913784, 0, 0.13714196806, 0.063134652828, 0.79957850998],
      [0.0027652230775, 0.0026585375751, 0, 0.068387135607, 0.40495575389, 0.52123334985],
      [0.0041108280711, 0.77044080629, 0.032466413903, 0.0841286931, 0.050852670513, 0.058000588125],
      [0.096873050255, 0.019558922345, 0.62676541521, 0.072534973243, 0.043914398784, 0.14035324017],
      [0.025241517026, 0.015291870247, 0, 0.73509515107, 0.12943131618, 0.094940145479],
      [0.014925282902, 0.021667859054, 0, 0.10790074172, 0.7628156082, 0.092690508127]
    ],
    [
      [2.054914807e-11, 4.5257353793e-06, 3.4594741654e-10, 0.11016079324, 0.054201962322, 0.83563271834],
      [0.0029742817224, 0.00025549105808, 0, 0.05739080748, 0.36600395132, 0.57337546842],
      [0.004912334788, 0.68468048607, 0.04844358608, 0.10188197875, 0.067437718972, 0.092643895332],
      [0.026418810266, 0.011179215959, 0.69971141154, 0.059616965777, 0.044322414798, 0.15875118166],
      [0.026058787303, 0.0028633062951, 0, 0.70294422822, 0.14438487532, 0.12374880287],
      [0.018126758041, 0.0028566731743, 0, 0.096160956311, 0.76596046899, 0.11689514349]
    ],
    [
      [2.1561277281e-11, 3.5882360531e-06, 5.020608709e-10, 0.11143147286, 0.051643792118, 0.83692114626],
      [0.0017615810949, 0, 0.0056062727916, 0.057282501863, 0.35237474886, 0.58297489539],
      [0.047049414652, 0.57282573457, 0.0880972158, 0.11576716386, 0.069969441142, 0.10629102998],
      [0, 0.0044387875475, 0.80720270051, 0.044117748663, 0.026656123966, 0.11758463931],
      [0.027126562982, 0, 0.018015298229, 0.71013340939, 0.12153952304, 0.12318520635],
      [0.017402544168, 0, 0.02751781506, 0.096298219227, 0.73604463313, 0.12273678842]
    ],
    [
      [1.6403285235e-11, 4.8468772596e-06, 4.5786471891e-10, 0.13216096029, 0.053635587413, 0.81419860495],
      [0.0023949905608, 0.00069119726181, 0.0029228507301, 0.070151779159, 0.36146074628, 0.562378436],
      [0.0035727644349, 0.67610377481, 0.063984980918, 0.11490482646, 0.057328667926, 0.084104985453],
      [0, 0.010696436888, 0.78068043877, 0.059733320334, 0.025056857853, 0.12383294616],
      [0.021068730774, 0.0047074183876, 0.015100466931, 0.75273702526, 0.10110940469, 0.10527695396],
      [0.018159452951, 0.0041488695604, 0.013438679173, 0.12454523355, 0.72835991614, 0.11134784863]
    ],
    [
      [1.6269879123e-11, 3.3011905809e-06, 2.5791996207e-10, 0.11115443706, 0.049992783174, 0.8388494783],
      [0, 0, 0, 0.060569658023, 0.34813693221, 0.59129340976],
      [0.0057256394445, 0.58823529412, 0.043354743815, 0.16934174263, 0.077676519013, 0.11566606098],
      [0.12062930647, 0, 0.55388022274, 0.079565220147, 0.050259174341, 0.1956660763],
      [0.007533632952, 0, 0, 0.72984352654, 0.13651095015, 0.12611189036],
      [0, 0, 0, 0.1143454697, 0.75885635824, 0.12679817205]
    ],
    [
