{
  "Z_true": {},
  "V_true": [
    [630, 23, 36, 1418, 24],
    [778, 272, 160, 12957, 199],
    [243, 460, 11073, 2191, 186],
    [67, 1269, 342, 992, 50],
    [242, 131, 335, 780, 154]
  ],
  "p_true": [
    [0.2956, 0.0108, 0.0169, 0.6654, 0.0113],
    [0.0542, 0.0189, 0.0111, 0.9019, 0.0139],
    [0.0172, 0.0325, 0.7824, 0.1548, 0.0131],
    [0.0246, 0.4665, 0.1257, 0.3647, 0.0184],
    [0.1474, 0.0798, 0.204, 0.475, 0.0938]
  ],
  "Z_est": [
    [
      [7.5482, 29.8497, 64.5028, 9.2637, 149.2485, 29.8497, 0, 0.3431, 2.0586, 1.0293, 0.3431, 2.7448, 13.724, 14.4102, 8.2344, 13.724, 19.2136, 11.3223, 7.5482, 0.3431, 9.6068, 7.5482, 6.1758, 4.8034, 8.5775, 17.8412, 1.3724, 6.862, 0.6862, 10.293, 3.7741, 16.1257, 3.0879, 20.586, 3.0879, 12.0085, 15.0964, 8.5775, 3.7741, 0.6862, 8.5775, 7.2051, 14.7533, 7.8913, 13.0378, 0.6862, 36.7117, 63.4735, 32.5945, 0.3431],
      [1.727, 6.8295, 14.758, 2.1195, 34.1475, 6.8295, 0, 0.0785, 0.471, 0.2355, 0.0785, 0.628, 3.14, 3.297, 1.884, 3.14, 4.396, 2.5905, 1.727, 0.0785, 2.198, 1.727, 1.413, 1.099, 1.9625, 4.082, 0.314, 1.57, 0.157, 2.355, 0.8635, 3.6895, 0.7065, 4.71, 0.7065, 2.7475, 3.454, 1.9625, 0.8635, 0.157, 1.9625, 1.6485, 3.3755, 1.8055, 2.983, 0.157, 8.3995, 14.5225, 7.4575, 0.0785],
      [3.2032, 12.6672, 27.3728, 3.9312, 63.336, 12.6672, 0, 0.1456, 0.8736, 0.4368, 0.1456, 1.1648, 5.824, 6.1152, 3.4944, 5.824, 8.1536, 4.8048, 3.2032, 0.1456, 4.0768, 3.2032, 2.6208, 2.0384, 3.64, 7.5712, 0.5824, 2.912, 0.2912, 4.368, 1.6016, 6.8432, 1.3104, 8.736, 1.3104, 5.096, 6.4064, 3.64, 1.6016, 0.2912, 3.64, 3.0576, 6.2608, 3.3488, 5.5328, 0.2912, 15.5792, 26.936, 13.832, 0.1456],
      [8.316, 32.886, 71.064, 10.206, 164.43, 32.886, 0, 0.378, 2.268, 1.134, 0.378, 3.024, 15.12, 15.876, 9.072, 15.12, 21.168, 12.474, 8.316, 0.378, 10.584, 8.316, 6.804, 5.292, 9.45, 19.656, 1.512, 7.56, 0.756, 11.34, 4.158, 17.766, 3.402, 22.68, 3.402, 13.23, 16.632, 9.45, 4.158, 0.756, 9.45, 7.938, 16.254, 8.694, 14.364, 0.756, 40.446, 69.93, 35.91, 0.378],
      [1.2078, 4.7763, 10.3212, 1.4823, 23.8815, 4.7763, 0, 0.0549, 0.3294, 0.1647, 0.0549, 0.4392, 2.196, 2.3058, 1.3176, 2.196, 3.0744, 1.8117, 1.2078, 0.0549, 1.5372, 1.2078, 0.9882, 0.7686, 1.3725, 2.8548, 0.2196, 1.098, 0.1098, 1.647, 0.6039, 2.5803, 0.4941, 3.294, 0.4941, 1.9215, 2.4156, 1.3725, 0.6039, 0.1098, 1.3725, 1.1529, 2.3607, 1.2627, 2.0862, 0.1098, 5.8743, 10.1565, 5.2155, 0.0549]
    ],
    [
      [5.4468, 13.6704, 8.4906, 2.3496, 43.6812, 12.2286, 0.089, 0.0712, 0.356, 0.0534, 0.178, 4.895, 4.272, 4.5746, 1.78, 3.3286, 4.2898, 8.6686, 4.272, 0.0712, 6.7284, 4.094, 1.8512, 2.4742, 4.8238, 8.277, 2.6878, 5.2866, 0.2848, 1.8868, 1.4596, 5.2154, 3.9516, 4.9306, 2.1538, 3.8626, 5.6782, 3.7024, 2.0648, 0.3738, 4.2008, 4.6992, 6.6394, 1.8156, 5.8384, 0.5162, 4.5568, 19.1706, 13.6704, 0.0534],
      [4.743, 11.904, 7.3935, 2.046, 38.037, 10.6485, 0.0775, 0.062, 0.31, 0.0465, 0.155, 4.2625, 3.72, 3.9835, 1.55, 2.8985, 3.7355, 7.5485, 3.72, 0.062, 5.859, 3.565, 1.612, 2.1545, 4.2005, 7.2075, 2.3405, 4.6035, 0.248, 1.643, 1.271, 4.5415, 3.441, 4.2935, 1.8755, 3.3635, 4.9445, 3.224, 1.798, 0.3255, 3.658, 4.092, 5.7815, 1.581, 5.084, 0.4495, 3.968, 16.6935, 11.904, 0.0465],
      [9.3024, 23.3472, 14.5008, 4.0128, 74.6016, 20.8848, 0.152, 0.1216, 0.608, 0.0912, 0.304, 8.36, 7.296, 7.8128, 3.04, 5.6848, 7.3264, 14.8048, 7.296, 0.1216, 11.4912, 6.992, 3.1616, 4.2256, 8.2384, 14.136, 4.5904, 9.0288, 0.4864, 3.2224, 2.4928, 8.9072, 6.7488, 8.4208, 3.6784, 6.5968, 9.6976, 6.3232, 3.5264, 0.6384, 7.1744, 8.0256, 11.3392, 3.1008, 9.9712, 0.8816, 7.7824, 32.7408, 23.3472, 0.0912],
      [283.7538, 712.1664, 442.3221, 122.4036, 2275.5942, 637.0551, 4.6365, 3.7092, 18.546, 2.7819, 9.273, 255.0075, 222.552, 238.3161, 92.73, 173.4051, 223.4793, 451.5951, 222.552, 3.7092, 350.5194, 213.279, 96.4392, 128.8947, 251.2983, 431.1945, 140.0223, 275.4081, 14.8368, 98.2938, 76.0386, 271.6989, 205.8606, 256.8621, 112.2033, 201.2241, 295.8087, 192.8784, 107.5668, 19.4733, 218.8428, 244.8072, 345.8829, 94.5846, 304.1544, 26.8917, 237.3888, 998.7021, 712.1664, 2.7819],
      [2.754, 6.912, 4.293, 1.188, 22.086, 6.183, 0.045, 0.036, 0.18, 0.027, 0.09, 2.475, 2.16, 2.313, 0.9, 1.683, 2.169, 4.383, 2.16, 0.036, 3.402, 2.07, 0.936, 1.251, 2.439, 4.185, 1.359, 2.673, 0.144, 0.954, 0.738, 2.637, 1.998, 2.493, 1.089, 1.953, 2.871, 1.872, 1.044, 0.189, 2.124, 2.376, 3.357, 0.918, 2.952, 0.261, 2.304, 9.693, 6.912, 0.027]
    ],
    [
      [5.5104, 15.1032, 5.796, 3.8976, 40.404, 9.1224, 0.084, 0.0504, 0.2184, 0, 0.1008, 2.3016, 5.9304, 6.6528, 3.7632, 5.5776, 5.8128, 13.6248, 3.2424, 0.1344, 7.224, 5.544, 1.5624, 1.596, 3.7128, 6.72, 1.3608, 3.9816, 0.252, 3.0072, 0.9912, 6.3168, 2.4024, 3.9648, 1.9992, 4.0656, 6.384, 2.604, 1.6296, 0.3024, 3.0408, 2.1504, 6.3336, 1.344, 4.5696, 1.0584, 3.9144, 12.0288, 10.3824, 0],
      [7.052, 19.3285, 7.4175, 4.988, 51.7075, 11.6745, 0.1075, 0.0645, 0.2795, 0, 0.129, 2.9455, 7.5895, 8.514, 4.816, 7.138, 7.439, 17.4365, 4.1495, 0.172, 9.245, 7.095, 1.9995, 2.0425, 4.7515, 8.6, 1.7415, 5.0955, 0.3225, 3.8485, 1.2685, 8.084, 3.0745, 5.074, 2.5585, 5.203, 8.17, 3.3325, 2.0855, 0.387, 3.8915, 2.752, 8.1055, 1.72, 5.848, 1.3545, 5.0095, 15.394, 13.287, 0],
      [243.868, 668.4065, 256.5075, 172.492, 1788.1175, 403.7205, 3.7175, 2.2305, 9.6655, 0, 4.461, 101.8595, 262.4555, 294.426, 166.544, 246.842, 257.251, 602.9785, 143.4955, 5.948, 319.705, 245.355, 69.1455, 70.6325, 164.3135, 297.4, 60.2235, 176.2095, 11.1525, 133.0865, 43.8665, 279.556, 106.3205, 175.466, 88.4765, 179.927, 282.53, 115.2425, 72.1195, 13.383, 134.5735, 95.168, 280.2995, 59.48, 202.232, 46.8405, 173.2355, 532.346, 459.483, 0],
      [68.9128, 188.8799, 72.4845, 48.7432, 505.2905, 114.0843, 1.0505, 0.6303, 2.7313, 0, 1.2606, 28.7837, 74.1653, 83.1996, 47.0624, 69.7532, 72.6946, 170.3911, 40.5493, 1.6808, 90.343, 69.333, 19.5393, 19.9595, 46.4321, 84.04, 17.0181, 49.7937, 3.1515, 37.6079, 12.3959, 78.9976, 30.0443, 49.5836, 25.0019, 50.8442, 79.838, 32.5655, 20.3797, 3.7818, 38.0281, 26.8928, 79.2077, 16.808, 57.1472, 13.2363, 48.9533, 150.4316, 129.8418, 0],
      [2.6568, 7.2819, 2.7945, 1.8792, 19.4805, 4.3983, 0.0405, 0.0243, 0.1053, 0, 0.0486, 1.1097, 2.8593, 3.2076, 1.8144, 2.6892, 2.8026, 6.5691, 1.5633, 0.0648, 3.483, 2.673, 0.7533, 0.7695, 1.7901, 3.24, 0.6561, 1.9197, 0.1215, 1.4499, 0.4779, 3.0456, 1.1583, 1.9116, 0.9639, 1.9602, 3.078, 1.2555, 0.7857, 0.1458, 1.4661, 1.0368, 3.0537, 0.648, 2.2032, 0.5103, 1.8873, 5.7996, 5.0058, 0]
    ],
    [
      [6.9174, 17.5497, 5.7645, 5.8926, 56.364, 16.653, 0.2562, 0, 0.2562, 0.1281, 0, 4.9959, 6.0207, 5.3802, 2.4339, 4.9959, 5.5083, 13.7067, 8.0703, 0.6405, 12.2976, 6.2769, 3.843, 4.0992, 9.4794, 12.0414, 3.5868, 9.2232, 0.6405, 2.4339, 0.8967, 7.5579, 5.7645, 6.2769, 4.2273, 5.5083, 8.7108, 5.2521, 2.0496, 0.2562, 6.7893, 5.3802, 11.1447, 5.7645, 9.7356, 1.281, 2.0496, 15.5001, 18.8307, 0],
      [24.543, 62.2665, 20.4525, 20.907, 199.98, 59.085, 0.909, 0, 0.909, 0.4545, 0, 17.7255, 21.3615, 19.089, 8.6355, 17.7255, 19.5435, 48.6315, 28.6335, 2.2725, 43.632, 22.2705, 13.635, 14.544, 33.633, 42.723, 12.726, 32.724, 2.2725, 8.6355, 3.1815, 26.8155, 20.4525, 22.2705, 14.9985, 19.5435, 30.906, 18.6345, 7.272, 0.909, 24.0885, 19.089, 39.5415, 20.4525, 34.542, 4.545, 7.272, 54.9945, 66.8115, 0],
      [7.1496, 18.1388, 5.958, 6.0904, 58.256, 17.212, 0.2648, 0, 0.2648, 0.1324, 0, 5.1636, 6.2228, 5.5608, 2.5156, 5.1636, 5.6932, 14.1668, 8.3412, 0.662, 12.7104, 6.4876, 3.972, 4.2368, 9.7976, 12.4456, 3.7072, 9.5328, 0.662, 2.5156, 0.9268, 7.8116, 5.958, 6.4876, 4.3692, 5.6932, 9.0032, 5.4284, 2.1184, 0.2648, 7.0172, 5.5608, 11.5188, 5.958, 10.0624, 1.324, 2.1184, 16.0204, 19.4628, 0],
      [12.474, 31.647, 10.395, 10.626, 101.64, 30.03, 0.462, 0, 0.462, 0.231, 0, 9.009, 10.857, 9.702, 4.389, 9.009, 9.933, 24.717, 14.553, 1.155, 22.176, 11.319, 6.93, 7.392, 17.094, 21.714, 6.468, 16.632, 1.155, 4.389, 1.617, 13.629, 10.395, 11.319, 7.623, 9.933, 15.708, 9.471, 3.696, 0.462, 12.243, 9.702, 20.097, 10.395, 17.556, 2.31, 3.696, 27.951, 33.957, 0],
      [2.916, 7.398, 2.43, 2.484, 23.76, 7.02, 0.108, 0, 0.108, 0.054, 0, 2.106, 2.538, 2.268, 1.026, 2.106, 2.322, 5.778, 3.402, 0.27, 5.184, 2.646, 1.62, 1.728, 3.996, 5.076, 1.512, 3.888, 0.27, 1.026, 0.378, 3.186, 2.43, 2.646, 1.782, 2.322, 3.672, 2.214, 0.864, 0.108, 2.862, 2.268, 4.698, 2.43, 4.104, 0.54, 0.864, 6.534, 7.938, 0]
    ],
    [
      [4.876, 16.3346, 21.4544, 5.6074, 55.5864, 22.4296, 0, 0.4876, 0.4876, 0.2438, 0, 5.3636, 7.314, 5.8512, 3.9008, 5.3636, 8.7768, 12.4338, 5.6074, 0.2438, 8.533, 6.095, 5.1198, 3.4132, 6.3388, 12.4338, 4.6322, 5.8512, 2.438, 5.3636, 1.9504, 7.8016, 4.1446, 9.752, 5.8512, 7.8016, 8.7768, 4.6322, 3.4132, 0.7314, 7.8016, 4.1446, 6.8264, 2.438, 7.314, 0.9752, 10.971, 31.9378, 30.2312, 0.2438],
      [2.896, 9.7016, 12.7424, 3.3304, 33.0144, 13.3216, 0, 0.2896, 0.2896, 0.1448, 0, 3.1856, 4.344, 3.4752, 2.3168, 3.1856, 5.2128, 7.3848, 3.3304, 0.1448, 5.068, 3.62, 3.0408, 2.0272, 3.7648, 7.3848, 2.7512, 3.4752, 1.448, 3.1856, 1.1584, 4.6336, 2.4616, 5.792, 3.4752, 4.6336, 5.2128, 2.7512, 2.0272, 0.4344, 4.6336, 2.4616, 4.0544, 1.448, 4.344, 0.5792, 6.516, 18.9688, 17.9552, 0.1448],
      [3.864, 12.9444, 17.0016, 4.4436, 44.0496, 17.7744, 0, 0.3864, 0.3864, 0.1932, 0, 4.2504, 5.796, 4.6368, 3.0912, 4.2504, 6.9552, 9.8532, 4.4436, 0.1932, 6.762, 4.83, 4.0572, 2.7048, 5.0232, 9.8532, 3.6708, 4.6368, 1.932, 4.2504, 1.5456, 6.1824, 3.2844, 7.728, 4.6368, 6.1824, 6.9552, 3.6708, 2.7048, 0.5796, 6.1824, 3.2844, 5.4096, 1.932, 5.796, 0.7728, 8.694, 25.3092, 23.9568, 0.1932],
      [6.816, 22.8336, 29.9904, 7.8384, 77.7024, 31.3536, 0, 0.6816, 0.6816, 0.3408, 0, 7.4976, 10.224, 8.1792, 5.4528, 7.4976, 12.2688, 17.3808, 7.8384, 0.3408, 11.928, 8.52, 7.1568, 4.7712, 8.8608, 17.3808, 6.4752, 8.1792, 3.408, 7.4976, 2.7264, 10.9056, 5.7936, 13.632, 8.1792, 10.9056, 12.2688, 6.4752, 4.7712, 1.0224, 10.9056, 5.7936, 9.5424, 3.408, 10.224, 1.3632, 15.336, 44.6448, 42.2592, 0.3408],
      [1.548, 5.1858, 6.8112, 1.7802, 17.6472, 7.1208, 0, 0.1548, 0.1548, 0.0774, 0, 1.7028, 2.322, 1.8576, 1.2384, 1.7028, 2.7864, 3.9474, 1.7802, 0.0774, 2.709, 1.935, 1.6254, 1.0836, 2.0124, 3.9474, 1.4706, 1.8576, 0.774, 1.7028, 0.6192, 2.4768, 1.3158, 3.096, 1.8576, 2.4768, 2.7864, 1.4706, 1.0836, 0.2322, 2.4768, 1.3158, 2.1672, 0.774, 2.322, 0.3096, 3.483, 10.1394, 9.5976, 0.0774]
    ]
  ],
  "V_est": [
    [731.1461, 167.2835, 310.2736, 805.518, 116.9919],
    [255.7148, 222.673, 436.7264, 13321.5918, 129.294],
    [237.7704, 304.2895, 10522.7555, 2973.5453, 114.6393],
    [348.432, 1236.24, 360.128, 628.32, 146.88],
    [400.3196, 237.7616, 317.2344, 559.5936, 127.0908]
  ],
  "p_est": [
    [0.3431, 0.0785, 0.1456, 0.378, 0.0549],
    [0.0178, 0.0155, 0.0304, 0.9273, 0.009],
    [0.0168, 0.0215, 0.7435, 0.2101, 0.0081],
    [0.1281, 0.4545, 0.1324, 0.231, 0.054],
    [0.2438, 0.1448, 0.1932, 0.3408, 0.0774]
  ],
  "EI_Z": {},
  "EI_V": 7.7059,
  "MAE_Z": {},
  "MAE_V": 215.8379,
  "MAE_p": 0.0556,
  "runtime": 139.384
}
