{
  "X": [
    [2, 2, 5, 10, 0],
    [0, 0, 3, 9, 2],
    [0, 1, 2, 10, 0],
    [1, 1, 3, 14, 0],
    [8, 0, 3, 14, 0],
    [1, 0, 1, 5, 0],
    [3, 0, 2, 7, 0],
    [2, 2, 2, 13, 1],
    [0, 1, 9, 8, 0],
    [4, 0, 1, 14, 2],
    [1, 1, 1, 11, 1],
    [2, 1, 10, 25, 1],
    [7, 2, 13, 42, 0],
    [0, 0, 2, 9, 0],
    [0, 1, 2, 6, 1],
    [2, 1, 2, 3, 0],
    [3, 4, 2, 17, 1],
    [5, 0, 2, 7, 0],
    [1, 1, 4, 2, 0],
    [2, 1, 10, 16, 0],
    [4, 1, 5, 12, 0],
    [2, 3, 7, 23, 1],
    [4, 1, 11, 25, 0],
    [6, 1, 2, 13, 0],
    [3, 0, 3, 2, 3],
    [0, 1, 1, 13, 1],
    [6, 5, 21, 77, 2],
    [0, 1, 1, 5, 0],
    [5, 0, 5, 8, 4],
    [7, 1, 8, 14, 3],
    [6, 1, 2, 8, 2],
    [7, 2, 8, 28, 0],
    [3, 4, 6, 9, 3],
    [1, 1, 5, 12, 1],
    [3, 3, 15, 50, 3],
    [1, 4, 4, 15, 2],
    [2, 1, 10, 13, 3],
    [2, 0, 2, 2, 0],
    [8, 1, 7, 27, 5],
    [0, 0, 3, 5, 1],
    [2, 1, 2, 4, 0],
    [7, 2, 4, 18, 1],
    [3, 3, 11, 35, 0],
    [3, 6, 24, 58, 0],
    [2, 1, 3, 9, 1],
    [1, 0, 0, 10, 3],
    [5, 0, 18, 39, 0],
    [3, 0, 6, 13, 0],
    [2, 0, 1, 5, 0],
    [2, 3, 1, 3, 0],
    [3, 1, 7, 21, 0],
    [0, 0, 11, 9, 0],
    [3, 0, 7, 17, 0],
    [5, 3, 6, 13, 0],
    [5, 1, 8, 19, 1],
    [1, 0, 8, 9, 0],
    [4, 0, 2, 5, 1],
    [3, 0, 1, 6, 1],
    [1, 0, 2, 3, 0],
    [4, 2, 4, 4, 0],
    [3, 1, 8, 13, 2],
    [0, 1, 5, 7, 1],
    [0, 1, 5, 7, 0],
    [0, 0, 3, 8, 0],
    [3, 0, 2, 15, 1],
    [2, 0, 22, 23, 0],
    [3, 1, 4, 9, 2],
    [1, 0, 4, 2, 0],
    [3, 0, 1, 6, 1],
    [6, 4, 46, 108, 4],
    [6, 2, 25, 56, 0],
    [7, 3, 19, 61, 1],
    [4, 2, 12, 34, 0],
    [3, 4, 15, 35, 2],
    [0, 3, 6, 10, 0],
    [1, 0, 9, 10, 0],
    [3, 0, 6, 5, 0],
    [0, 2, 7, 30, 1],
    [1, 0, 3, 13, 0],
    [2, 1, 10, 31, 1],
    [4, 2, 10, 22, 1],
    [5, 1, 5, 12, 0],
    [6, 4, 11, 33, 1],
    [1, 0, 5, 23, 0],
    [3, 5, 34, 50, 6],
    [0, 2, 10, 22, 3],
    [3, 1, 0, 8, 0],
    [1, 0, 7, 27, 0],
    [3, 1, 11, 15, 1],
    [0, 3, 50, 143, 7],
    [1, 0, 2, 7, 2],
    [1, 4, 42, 106, 2],
    [0, 0, 7, 17, 1],
    [0, 0, 5, 1, 0],
    [0, 1, 10, 35, 0],
    [2, 6, 36, 53, 4],
    [0, 2, 20, 46, 2],
    [1, 0, 23, 45, 3],
    [0, 0, 5, 2, 0],
    [0, 2, 14, 36, 2],
    [0, 3, 14, 36, 8],
    [1, 1, 6, 13, 0],
    [1, 8, 46, 91, 5],
    [1, 1, 22, 39, 3],
    [3, 13, 100, 183, 15],
    [2, 15, 94, 160, 17],
    [0, 1, 5, 6, 0],
    [3, 5, 68, 108, 9],
    [6, 7, 150, 325, 18],
    [1, 0, 1, 7, 0],
    [1, 2, 28, 39, 0],
    [0, 0, 25, 11, 0],
    [0, 5, 108, 108, 5],
    [9, 9, 46, 58, 1],
    [5, 5, 11, 19, 2],
    [0, 4, 20, 36, 1],
    [1, 0, 11, 20, 8],
    [6, 3, 10, 18, 3],
    [1, 1, 22, 78, 4],
    [0, 1, 14, 25, 2],
    [0, 7, 27, 63, 3],
    [2, 0, 12, 20, 2],
    [2, 5, 23, 27, 3],
    [1, 8, 171, 203, 6],
    [0, 2, 12, 18, 1],
    [0, 3, 20, 39, 3],
    [1, 4, 28, 42, 4],
    [1, 4, 18, 55, 3],
    [1, 5, 35, 79, 5],
    [1, 1, 13, 10, 1],
    [0, 1, 3, 2, 1],
    [0, 1, 5, 11, 1],
    [3, 3, 41, 78, 7],
    [1, 2, 14, 21, 2],
    [0, 2, 12, 13, 6],
    [1, 1, 10, 49, 2],
    [2, 1, 35, 106, 6],
    [0, 1, 8, 15, 0],
    [0, 0, 4, 19, 2],
    [3, 0, 5, 25, 2],
    [1, 1, 11, 39, 0],
    [2, 0, 2, 5, 0],
    [0, 0, 4, 20, 0],
    [1, 1, 15, 27, 5],
    [0, 0, 12, 37, 0],
    [0, 0, 16, 26, 4],
    [0, 2, 23, 64, 3],
    [0, 1, 9, 25, 1],
    [3, 2, 18, 30, 6],
    [4, 2, 18, 35, 2],
    [0, 0, 19, 40, 1],
    [1, 4, 30, 77, 3],
    [0, 0, 4, 7, 0],
    [0, 2, 1, 5, 0],
    [0, 0, 1, 11, 2],
    [0, 2, 20, 33, 1],
    [0, 0, 12, 51, 6],
    [1, 0, 12, 28, 1],
    [0, 0, 23, 80, 4],
    [2, 7, 29, 62, 5],
    [1, 0, 13, 24, 1],
    [0, 2, 14, 16, 5],
    [0, 0, 8, 16, 0],
    [0, 0, 12, 54, 1],
    [1, 1, 12, 4, 1],
    [0, 1, 2, 8, 0],
    [1, 2, 3, 18, 1],
    [1, 0, 19, 12, 0],
    [0, 5, 19, 45, 4],
    [0, 3, 17, 33, 0],
    [2, 5, 45, 45, 6],
    [1, 2, 11, 18, 0],
    [0, 0, 0, 6, 1],
    [6, 0, 24, 29, 1],
    [0, 0, 10, 12, 1],
    [1, 0, 1, 4, 1],
    [6, 5, 37, 58, 2],
    [0, 1, 4, 22, 3],
    [0, 3, 2, 27, 0],
    [0, 3, 6, 15, 0],
    [1, 0, 21, 51, 1],
    [0, 0, 10, 10, 0],
    [4, 2, 4, 14, 1],
    [2, 0, 5, 10, 0],
    [2, 0, 1, 7, 0],
    [2, 0, 6, 12, 1],
    [3, 2, 5, 5, 0],
    [1, 1, 4, 15, 2],
    [3, 1, 5, 10, 0],
    [0, 0, 6, 14, 0],
    [0, 1, 14, 23, 1],
    [4, 1, 8, 13, 0],
    [0, 1, 1, 6, 0],
    [2, 0, 0, 4, 0],
    [1, 0, 1, 6, 0],
    [8, 0, 3, 18, 3],
    [4, 2, 12, 11, 1],
    [1, 0, 2, 2, 2],
    [2, 1, 8, 13, 0],
    [2, 0, 4, 7, 2],
    [1, 0, 3, 3, 2],
    [2, 3, 17, 31, 3],
    [1, 1, 11, 11, 2],
    [3, 3, 2, 1, 0],
    [5, 1, 7, 12, 1],
    [0, 1, 4, 13, 1],
    [2, 1, 7, 13, 2],
    [5, 3, 10, 14, 3],
    [2, 10, 32, 53, 5],
    [6, 3, 26, 47, 3],
    [1, 1, 18, 44, 2],
    [4, 6, 41, 76, 5],
    [0, 2, 20, 29, 1],
    [6, 7, 34, 51, 1],
    [5, 6, 25, 79, 2],
    [8, 6, 42, 74, 4],
    [1, 4, 19, 33, 3],
    [2, 3, 29, 56, 0],
    [3, 2, 23, 45, 4],
    [2, 0, 8, 21, 0],
    [0, 1, 29, 58, 1],
    [5, 0, 24, 71, 4],
    [3, 4, 12, 38, 1],
    [3, 7, 55, 126, 3],
    [4, 6, 23, 55, 0],
    [2, 4, 27, 65, 4],
    [1, 2, 21, 32, 0],
    [3, 4, 20, 28, 4],
    [0, 0, 6, 8, 2],
    [0, 1, 3, 6, 0],
    [0, 1, 1, 4, 0],
    [1, 0, 14, 81, 0],
    [5, 7, 26, 41, 3],
    [1, 2, 25, 45, 2],
    [2, 2, 12, 25, 2],
    [0, 2, 12, 23, 4],
    [0, 1, 11, 12, 1],
    [0, 0, 8, 11, 0],
    [0, 0, 5, 4, 0],
    [4, 1, 21, 29, 3],
    [2, 2, 30, 48, 1],
    [0, 4, 23, 68, 2],
    [4, 12, 74, 98, 3],
    [0, 3, 11, 31, 1],
    [0, 1, 14, 27, 1],
    [1, 5, 19, 26, 2],
    [9, 8, 30, 44, 3],
    [2, 3, 7, 16, 1],
    [0, 1, 7, 47, 0],
    [2, 9, 38, 87, 3],
    [3, 7, 20, 34, 0],
    [2, 8, 47, 91, 11],
    [2, 1, 7, 9, 1],
    [3, 3, 18, 25, 3],
    [0, 1, 20, 41, 2],
    [1, 4, 20, 16, 2],
    [2, 6, 25, 35, 4],
    [0, 0, 0, 9, 0],
    [1, 2, 3, 4, 1],
    [0, 0, 3, 9, 0],
    [0, 0, 2, 7, 1],
    [1, 1, 2, 5, 1],
    [3, 2, 7, 10, 0],
    [1, 1, 5, 17, 0],
    [0, 0, 5, 6, 0],
    [1, 2, 15, 50, 3],
    [2, 2, 24, 45, 2],
    [1, 1, 5, 21, 3],
    [1, 2, 12, 24, 2],
    [1, 3, 15, 28, 0],
    [2, 7, 26, 63, 10],
    [1, 4, 24, 52, 6],
    [2, 4, 30, 66, 6],
    [2, 8, 48, 84, 11],
    [0, 0, 8, 5, 0],
    [3, 15, 57, 206, 6],
    [1, 3, 16, 29, 1],
    [2, 0, 15, 24, 2],
    [0, 0, 14, 11, 1],
    [0, 8, 80, 115, 7],
    [1, 1, 32, 59, 3],
    [2, 2, 36, 56, 3],
    [1, 1, 4, 23, 1],
    [0, 4, 29, 38, 3],
    [1, 2, 15, 43, 2],
    [0, 0, 5, 10, 0],
    [0, 0, 9, 11, 2],
    [0, 0, 3, 5, 3],
    [1, 1, 4, 7, 1],
    [5, 8, 37, 87, 4],
    [1, 7, 61, 151, 3],
    [2, 3, 29, 80, 8],
    [2, 4, 3, 34, 5],
    [4, 3, 15, 33, 0],
    [2, 3, 12, 22, 1],
    [0, 8, 35, 74, 3],
    [3, 5, 24, 45, 4],
    [0, 0, 2, 7, 1],
    [8, 1, 14, 32, 1],
    [2, 1, 19, 48, 6],
    [46, 49, 448, 950, 63],
    [3, 8, 50, 161, 13],
    [50, 88, 422, 1108, 68],
    [6, 2, 39, 51, 4]
  ],
  "W": [
    [1, 7, 7, 3, 1, 0],
    [0, 7, 3, 1, 1, 2],
    [0, 4, 6, 2, 0, 1],
    [2, 10, 2, 3, 2, 0],
    [0, 9, 5, 6, 4, 1],
    [0, 1, 3, 2, 1, 0],
    [0, 4, 3, 3, 2, 0],
    [1, 4, 9, 2, 0, 4],
    [0, 5, 4, 4, 3, 2],
    [1, 4, 7, 7, 0, 2],
    [0, 3, 5, 3, 4, 0],
    [2, 11, 14, 7, 4, 1],
    [2, 23, 18, 11, 7, 3],
    [2, 3, 2, 3, 0, 1],
    [0, 3, 3, 2, 1, 1],
    [0, 2, 1, 1, 0, 4],
    [2, 6, 4, 11, 3, 1],
    [0, 2, 4, 4, 0, 4],
    [1, 2, 2, 1, 1, 1],
    [3, 11, 9, 5, 1, 0],
    [2, 5, 3, 8, 1, 3],
    [1, 10, 16, 4, 3, 2],
    [3, 18, 14, 2, 2, 2],
    [1, 5, 3, 10, 0, 3],
    [2, 4, 0, 5, 0, 0],
    [0, 4, 9, 0, 2, 1],
    [3, 42, 34, 15, 13, 4],
    [1, 3, 2, 0, 1, 0],
    [1, 7, 1, 10, 3, 0],
    [0, 11, 2, 14, 2, 4],
    [1, 2, 2, 13, 1, 0],
    [2, 13, 17, 9, 2, 2],
    [3, 6, 2, 10, 4, 0],
    [5, 8, 4, 1, 2, 0],
    [1, 24, 32, 7, 6, 4],
    [0, 14, 3, 4, 4, 1],
    [1, 16, 6, 3, 2, 1],
    [1, 2, 1, 2, 0, 0],
    [1, 12, 15, 15, 1, 4],
    [1, 1, 2, 2, 1, 2],
    [1, 1, 2, 5, 0, 0],
    [0, 6, 9, 10, 2, 5],
    [2, 21, 17, 8, 3, 1],
    [3, 45, 26, 6, 8, 3],
    [0, 4, 5, 6, 0, 1],
    [1, 2, 3, 4, 0, 4],
    [2, 29, 19, 7, 4, 1],
    [2, 9, 1, 6, 2, 2],
    [0, 1, 2, 3, 2, 0],
    [1, 1, 1, 3, 1, 2],
    [5, 10, 7, 6, 1, 3],
    [5, 10, 0, 2, 3, 0],
    [1, 11, 4, 6, 4, 1],
    [0, 9, 5, 9, 3, 1],
    [2, 11, 7, 7, 4, 3],
    [2, 5, 6, 3, 1, 1],
    [1, 4, 1, 6, 0, 0],
    [3, 1, 2, 5, 0, 0],
    [0, 1, 2, 1, 0, 2],
    [0, 4, 1, 6, 1, 2],
    [1, 8, 9, 6, 3, 0],
    [0, 9, 1, 3, 1, 0],
    [2, 8, 1, 1, 0, 1],
    [0, 7, 2, 2, 0, 0],
    [1, 2, 11, 5, 2, 0],
    [1, 22, 11, 8, 3, 2],
    [1, 3, 7, 6, 0, 2],
    [0, 4, 1, 2, 0, 0],
    [1, 1, 2, 5, 1, 1],
    [7, 75, 63, 12, 10, 1],
    [6, 40, 29, 8, 4, 2],
    [3, 46, 24, 10, 2, 6],
    [4, 20, 22, 4, 2, 0],
    [3, 26, 14, 7, 7, 2],
    [2, 13, 1, 2, 0, 1],
    [4, 9, 3, 3, 0, 1],
    [1, 7, 1, 4, 1, 0],
    [4, 19, 8, 5, 3, 1],
    [0, 4, 8, 4, 1, 0],
    [6, 18, 12, 3, 3, 3],
    [4, 15, 9, 5, 3, 3],
    [0, 9, 3, 8, 2, 1],
    [2, 17, 17, 12, 4, 3],
    [2, 13, 10, 2, 1, 1],
    [5, 54, 18, 10, 7, 4],
    [4, 12, 11, 8, 0, 2],
    [0, 1, 5, 5, 0, 1],
    [0, 16, 8, 5, 4, 2],
    [2, 10, 11, 6, 1, 1],
    [8, 87, 80, 10, 12, 6],
    [1, 4, 3, 3, 0, 1],
    [3, 67, 55, 17, 8, 5],
    [0, 12, 7, 1, 4, 1],
    [1, 4, 0, 0, 1, 0],
    [0, 21, 22, 1, 2, 0],
    [5, 43, 27, 9, 9, 8],
    [2, 37, 17, 5, 4, 5],
    [1, 33, 23, 5, 7, 3],
    [0, 3, 2, 0, 2, 0],
    [0, 29, 19, 3, 0, 3],
    [2, 25, 23, 2, 4, 5],
    [1, 6, 6, 4, 3, 1],
    [1, 83, 47, 6, 8, 6],
    [1, 25, 22, 3, 14, 1],
    [5, 162, 97, 7, 27, 16],
    [9, 135, 94, 8, 27, 15],
    [0, 7, 3, 0, 2, 0],
    [7, 81, 81, 12, 8, 4],
    [9, 212, 209, 25, 26, 25],
    [0, 6, 2, 1, 0, 0],
    [5, 29, 19, 9, 6, 2],
    [1, 26, 7, 0, 2, 0],
    [4, 136, 61, 8, 11, 6],
    [2, 64, 30, 16, 3, 8],
    [3, 17, 8, 8, 4, 2],
    [1, 32, 19, 3, 4, 2],
    [1, 13, 16, 1, 7, 2],
    [3, 10, 7, 11, 6, 3],
    [4, 39, 44, 11, 5, 3],
    [2, 13, 15, 3, 7, 2],
    [4, 52, 26, 3, 7, 8],
    [0, 17, 11, 4, 3, 1],
    [0, 35, 8, 5, 6, 6],
    [4, 233, 101, 14, 21, 16],
    [0, 18, 10, 2, 1, 2],
    [1, 34, 16, 2, 10, 2],
    [4, 33, 30, 6, 4, 2],
    [1, 30, 34, 7, 8, 1],
    [2, 69, 38, 5, 9, 2],
    [4, 11, 4, 1, 5, 1],
    [0, 2, 2, 1, 1, 1],
    [0, 8, 8, 1, 0, 1],
    [6, 55, 50, 7, 9, 5],
    [0, 24, 6, 6, 3, 1],
    [1, 19, 6, 0, 6, 1],
    [2, 24, 26, 5, 4, 2],
    [3, 57, 64, 5, 10, 11],
    [4, 10, 7, 0, 3, 0],
    [0, 10, 11, 0, 0, 4],
    [1, 7, 20, 5, 1, 1],
    [0, 17, 24, 0, 10, 1],
    [0, 2, 4, 2, 0, 1],
    [0, 13, 11, 0, 0, 0],
    [2, 22, 15, 6, 2, 2],
    [1, 14, 29, 2, 3, 0],
    [0, 21, 6, 2, 13, 4],
    [5, 46, 36, 3, 2, 0],
    [0, 18, 14, 0, 2, 2],
    [1, 26, 11, 7, 8, 6],
    [5, 19, 14, 12, 8, 3],
    [3, 26, 29, 0, 2, 0],
    [2, 46, 48, 11, 4, 4],
    [1, 4, 4, 1, 1, 0],
    [1, 4, 1, 1, 1, 0],
    [0, 5, 9, 0, 0, 0],
    [0, 40, 7, 3, 3, 3],
    [1, 21, 41, 5, 1, 0],
    [0, 20, 18, 0, 2, 2],
    [0, 43, 51, 6, 7, 0],
    [9, 48, 18, 13, 9, 8],
    [2, 21, 14, 1, 1, 0],
    [5, 14, 8, 2, 4, 4],
    [0, 13, 10, 1, 0, 0],
    [2, 22, 32, 4, 5, 2],
    [0, 8, 2, 6, 3, 0],
    [0, 7, 3, 0, 0, 1],
    [0, 12, 6, 5, 1, 1],
    [1, 17, 10, 0, 2, 2],
    [2, 38, 27, 2, 1, 3],
    [7, 24, 11, 3, 7, 1],
    [4, 54, 21, 8, 10, 6],
    [0, 16, 10, 4, 2, 0],
    [1, 0, 4, 0, 2, 0],
    [0, 30, 14, 9, 3, 4],
    [1, 10, 7, 4, 0, 1],
    [0, 4, 1, 2, 0, 0],
    [2, 47, 37, 13, 6, 3],
    [1, 6, 15, 2, 3, 3],
    [1, 16, 4, 1, 8, 2],
    [0, 10, 8, 1, 3, 2],
    [3, 33, 29, 5, 4, 0],
    [0, 16, 2, 0, 2, 0],
    [1, 8, 5, 8, 1, 2],
    [0, 7, 5, 2, 1, 2],
    [0, 2, 3, 5, 0, 0],
    [0, 11, 2, 3, 3, 2],
    [0, 4, 3, 6, 2, 0],
    [1, 8, 4, 7, 2, 1],
    [3, 5, 3, 5, 2, 1],
    [1, 11, 3, 1, 4, 0],
    [1, 21, 9, 3, 4, 1],
    [0, 10, 5, 7, 3, 1],
    [0, 3, 2, 2, 0, 1],
    [0, 1, 0, 3, 0, 2],
    [0, 4, 1, 1, 1, 1],
    [1, 8, 7, 9, 3, 4],
    [4, 12, 1, 8, 3, 2],
    [0, 3, 2, 2, 0, 0],
    [1, 11, 5, 6, 1, 0],
    [0, 4, 5, 1, 2, 3],
    [0, 1, 2, 4, 1, 1],
    [1, 25, 13, 8, 6, 3],
    [0, 11, 5, 4, 3, 3],
    [0, 3, 0, 4, 1, 1],
    [1, 7, 6, 8, 3, 1],
    [1, 6, 6, 0, 3, 3],
    [2, 14, 4, 1, 4, 0],
    [2, 18, 3, 8, 1, 3],
    [3, 59, 21, 7, 6, 6],
    [0, 35, 28, 10, 9, 3],
    [2, 39, 15, 6, 2, 2],
    [4, 53, 45, 9, 12, 9],
    [0, 37, 7, 4, 3, 1],
    [1, 50, 33, 6, 5, 4],
    [2, 55, 36, 16, 6, 2],
    [2, 67, 34, 16, 10, 5],
    [1, 40, 10, 3, 4, 2],
    [1, 48, 23, 8, 6, 4],
    [1, 40, 18, 9, 4, 5],
    [0, 12, 10, 3, 5, 1],
    [5, 40, 27, 7, 7, 3],
    [5, 45, 37, 10, 7, 0],
    [2, 20, 15, 11, 5, 5],
    [7, 82, 67, 18, 13, 7],
    [4, 41, 27, 9, 5, 2],
    [8, 44, 23, 8, 11, 8],
    [3, 28, 12, 3, 8, 2],
    [1, 31, 8, 8, 6, 5],
    [0, 11, 3, 1, 0, 1],
    [1, 3, 3, 1, 1, 1],
    [0, 3, 3, 0, 0, 0],
    [0, 31, 53, 5, 4, 3],
    [4, 45, 14, 5, 8, 6],
    [1, 33, 28, 8, 2, 3],
    [0, 20, 13, 6, 2, 2],
    [0, 18, 14, 2, 4, 3],
    [1, 14, 4, 2, 0, 4],
    [2, 9, 3, 2, 3, 0],
    [0, 5, 1, 0, 3, 0],
    [1, 25, 11, 10, 8, 3],
    [1, 40, 28, 6, 6, 2],
    [2, 46, 28, 6, 7, 8],
    [7, 119, 36, 10, 10, 9],
    [2, 15, 12, 8, 9, 0],
    [2, 23, 12, 2, 4, 0],
    [1, 20, 23, 3, 3, 3],
    [7, 40, 13, 22, 6, 6],
    [1, 9, 11, 6, 1, 1],
    [2, 20, 14, 3, 12, 4],
    [7, 66, 37, 9, 13, 7],
    [1, 35, 10, 7, 6, 5],
    [4, 80, 39, 12, 15, 9],
    [0, 10, 3, 3, 4, 0],
    [1, 20, 12, 4, 8, 7],
    [2, 29, 19, 6, 6, 2],
    [2, 20, 10, 5, 0, 6],
    [1, 34, 19, 8, 6, 4],
    [0, 4, 3, 0, 1, 1],
    [1, 4, 2, 3, 1, 0],
    [0, 8, 2, 0, 2, 0],
    [0, 5, 5, 0, 0, 0],
    [0, 3, 2, 3, 0, 2],
    [1, 8, 2, 7, 3, 1],
    [0, 9, 6, 6, 2, 1],
    [0, 7, 1, 1, 1, 1],
    [0, 32, 21, 2, 9, 7],
    [1, 45, 16, 5, 3, 5],
    [1, 9, 11, 8, 2, 0],
    [2, 16, 10, 5, 3, 5],
    [2, 27, 10, 3, 3, 2],
    [3, 53, 27, 6, 10, 9],
    [2, 33, 35, 5, 6, 6],
    [2, 64, 24, 8, 5, 5],
    [3, 86, 41, 8, 9, 6],
    [0, 10, 2, 0, 1, 0],
    [4, 128, 121, 5, 14, 15],
    [5, 20, 13, 5, 6, 1],
    [1, 24, 11, 3, 3, 1],
    [0, 19, 3, 0, 0, 4],
    [11, 119, 55, 6, 11, 8],
    [3, 54, 28, 2, 9, 0],
    [1, 46, 28, 4, 16, 4],
    [1, 14, 9, 3, 3, 0],
    [0, 48, 18, 2, 3, 3],
    [3, 30, 17, 2, 5, 6],
    [0, 9, 3, 1, 2, 0],
    [1, 14, 2, 2, 0, 3],
    [0, 2, 4, 4, 0, 1],
    [1, 7, 4, 1, 1, 0],
    [4, 68, 43, 9, 10, 7],
    [4, 126, 71, 8, 6, 8],
    [2, 60, 34, 9, 9, 8],
    [2, 14, 14, 8, 8, 2],
    [2, 25, 13, 9, 4, 2],
    [1, 20, 11, 3, 4, 1],
    [2, 58, 39, 4, 12, 5],
    [6, 41, 17, 7, 5, 5],
    [1, 3, 3, 1, 2, 0],
    [7, 13, 8, 19, 6, 3],
    [2, 33, 26, 5, 10, 0],
    [74, 609, 519, 149, 139, 66],
    [9, 92, 90, 13, 24, 7],
    [71, 775, 587, 122, 90, 91],
    [6, 34, 36, 17, 3, 6]
  ],
  "method": "mult",
  "cond_prob": [
    [
      [0.0022238916358, 0.32351097664, 0.29676085646, 0.37750427526, 0],
      [0.0086107604282, 0.13816127924, 0.51175280415, 0.34147515617, 0],
      [0.009727647947, 0.012540683174, 0.094355555451, 0.88337611343, 0],
      [0.62136213047, 0.14617694032, 0.058272178194, 0.17418875101, 0],
      [0.0053208583228, 0.18304446547, 0.28566409171, 0.5259705845, 0],
      ["NaN", "NaN", "NaN", "NaN", "NaN"]
    ],
    [
      ["NaN", "NaN", "NaN", "NaN", "NaN"],
      [0, 0, 0.36285357444, 0.60195420361, 0.035192221945],
      [0, 0, 0.032755904292, 0.90171531131, 0.0655287844],
      [0, 0, 0.091186769644, 0.65125789753, 0.25755533283],
      [0, 0, 0.15073773126, 0.63219004119, 0.21707222755],
      [0, 0, 0.059916382558, 0.39886335104, 0.54122026641]
    ],
    [
      ["NaN", "NaN", "NaN", "Inf", "NaN"],
      [0, 0.034957191488, 0.39604561623, 0.56899719228, 0],
      [0, 0.00041184253555, 0.024545182091, 0.97504297537, 0],
      [0, 0.16619088474, 0.10020911345, 0.73360000181, 0],
      ["NaN", "NaN", "NaN", "NaN", "NaN"],
      [0, 0.52531840936, 0.068128215618, 0.40655337503, 0]
    ],
    [
      [0.00127178436, 0.10965418253, 0.13818735421, 0.75088667891, 0],
      [7.0925659064e-06, 0.038612751695, 0.23443187177, 0.72694828397, 0],
      [0, 6.0495485065e-06, 0.020597985619, 0.97939596483, 0],
      [0.33227047017, 0.095723209055, 0.038569830576, 0.5334364902, 0],
      [0.00028704756255, 0.05369119587, 0.11120055548, 0.83482120109, 0],
      ["NaN", "NaN", "Inf", "NaN", "NaN"]
    ],
    [
      ["NaN", "NaN", "NaN", "NaN", "NaN"],
      [0.15257579886, 0, 0.25988166517, 0.58754253598, 0],
      [0.05830774874, 0, 0.016594832124, 0.92509741914, 0],
      [0.93371375841, 0, 0, 0.066286241594, 0],
      [0.068968249905, 0, 0.12985254235, 0.80117920774, 0],
      [0.45712351653, 0, 0.058680683479, 0.48419579999, 0]
    ],
    [
      ["NaN", "NaN", "NaN", "NaN", "NaN"],
      [0, 0, 0.5384380067, 0.4615619933, 0],
      [0, 0, 0.020752447581, 0.97924755242, 0],
      [0.5, 0, 0.080896628167, 0.41910337183, 0],
      [0, 0, 0.23751139422, 0.76248860578, 0],
      ["NaN", "NaN", "NaN", "NaN", "NaN"]
    ],
    [
      ["NaN", "NaN", "NaN", "NaN", "NaN"],
      [0.043379805917, 0, 0.38096337843, 0.57565681565, 0],
      [0.031083538909, 0, 0.027706778096, 0.941209683, 0],
      [0.88838786302, 0, 0.0052924299303, 0.10631970705, 0],
      [0.034033285267, 0, 0.18857443109, 0.77739228364, 0],
      ["NaN", "NaN", "NaN", "NaN", "NaN"]
    ],
    [
      [0.0081553532056, 0.16383075733, 0.18095388928, 0.6086858256, 0.038374174585],
      [0.0056253219889, 0.076752863966, 0.33598384373, 0.56697674327, 0.014661227046],
      [0.012807698489, 0.0032525207116, 0.027876293546, 0.92841817419, 0.027645313067],
      [0.73383860434, 0.05859925946, 0.024699300633, 0.15104437688, 0.031818458687],
      ["NaN", "NaN", "NaN", "NaN", "NaN"],
      [0.09659921594, 0.34567164537, 0.043706373157, 0.36638871997, 0.14763404556]
    ],
    [
      ["NaN", "Inf", "NaN", "Inf", "NaN"],
      [1.2325951644e-32, 0.0075792480264, 0.80380320963, 0.18861754234, 0],
      [0, 0.00033300820282, 0.21770763707, 0.78195935473, 0],
      [0, 0.079842283763, 0.42718189434, 0.4929758219, 0],
      [0, 0.027118874928, 0.56728981755, 0.40559130752, 0],
      [0, 0.28002298361, 0.3497781868, 0.37019882959, 0]
    ],
    [
      [0.0027432048949, 0, 0.099866491325, 0.78847354602, 0.10891675776],
      [0.0060911681979, 0, 0.18621908832, 0.7702330895, 0.037456653984],
      [0.010692534231, 0, 0.0077307127467, 0.9289897971, 0.052586955926],
      [0.5268942259, 0, 0.0075863017746, 0.38723952297, 0.078279949357],
      ["NaN", "NaN", "NaN", "NaN", "NaN"],
      [0.10489240071, 0, 0.024019026878, 0.45849442775, 0.41259414466]
    ],
    [
      ["NaN", "NaN", "NaN", "NaN", "NaN"],
      [0, 0.094466723239, 0.19716171516, 0.68528917387, 0.023082387732],
      [0, 0.00043737695735, 0.0080781539577, 0.95432051816, 0.037163950925],
      [0.33291151682, 0.11848344109, 0.027639669292, 0.44680411666, 0.074161256131],
      [0.00031636238395, 0.089740655553, 0.071301269217, 0.7080293844, 0.13061232845],
      ["NaN", "NaN", "NaN", "NaN", "NaN"]
    ],
    [
      [0.00026353499445, 0.06165355313, 0.35890024132, 0.55395486529, 0.025227805259],
      [0, 0.017912654281, 0.53891249769, 0.43612674528, 0.0070481027517],
      [1.0258635241e-06, 0.00019833065875, 0.075774017551, 0.90730623317, 0.016720392759],
      [0.28011156213, 0.051436303363, 0.14016173775, 0.48918276253, 0.039107634233],
      [0.00036224862269, 0.029917591867, 0.29161873801, 0.62346719506, 0.054634226441],
      [0.037228638552, 0.19715257642, 0.14571868077, 0.47426068907, 0.14563941519]
    ],
    [
      [0.0039881413736, 0.070039376126, 0.26362607642, 0.66234640608, 0],
      [0.01053036081, 0.026976676906, 0.40016590578, 0.56232705651, 0],
      [0.007259961504, 0.00019191228549, 0.046914942043, 0.94563318417, 0],
      [0.56388055301, 0.032438561219, 0.054092109694, 0.34958877608, 0],
      [0.0075165625394, 0.035670329636, 0.21531897037, 0.74149413745, 0],
      [0.12128136356, 0.20982892563, 0.10740568609, 0.56148402472, 0]
    ],
    [
      [0, 0, 0.22172279434, 0.77827720566, 0],
      [0, 0, 0.35557920384, 0.64442079616, 0],
      [0, 0, 0.03317495968, 0.96682504032, 0],
      [0, 0, 0.10219475069, 0.89780524931, 0],
      ["NaN", "NaN", "NaN", "NaN", "NaN"],
      [0, 0, 0.11688262836, 0.88311737164, 0]
    ],
    [
      ["NaN", "Inf", "Inf", "NaN", "Inf"],
      [1.3877787808e-17, 0.063666791365, 0.46088253533, 0.45325322771, 0.022197445592],
      [0, 0.0001760774868, 0.048900891613, 0.90085475388, 0.05006827702],
      [0, 0.16963692387, 0.10762194626, 0.55451709767, 0.1682240322],
      [4.1633363423e-17, 0.075511456075, 0.1979902136, 0.57158763666, 0.15491069366],
      [0, 0.39368608964, 0.057415613046, 0.25705422322, 0.29184407409]
    ],
    [
      ["NaN", "NaN", "NaN", "NaN", "NaN"],
      [0.019063371549, 0.01112006964, 0.6764567203, 0.29335983851, 0],
      [0.0057072249411, 0, 0.059240351275, 0.93505242378, 0],
      [0.87712260477, 0.0037521728688, 0.011477517389, 0.10764770497, 0],
      ["NaN", "NaN", "NaN", "NaN", "NaN"],
      [0.2697608568, 0.24350192196, 0.14409217268, 0.34264504856, 0]
    ],
    [
      [0.00032740881014, 0.26979945681, 0.099548210377, 0.59784140663, 0.032483517374],
      [0, 0.13425811585, 0.2033897588, 0.64917871253, 0.013173412817],
      [0, 0.0017419623008, 0.018849566471, 0.95714503976, 0.02226343147],
      [0.26985598836, 0.15594995023, 0.020892555513, 0.51363630619, 0.039665199709],
      [0.00092834618824, 0.14088769673, 0.083643581779, 0.70094582329, 0.073594552008],
      [0.02814427184, 0.5097719993, 0.02441790459, 0.32782791462, 0.10983790964]
    ],
    [
      ["NaN", "NaN", "Inf", "NaN", "NaN"],
      [0.023582425941, 0, 0.5933972538, 0.38302032026, 0],
      [0.047253942739, 0, 0.055848859684, 0.89689719758, 0],
      [0.79659622385, 0, 0.024182629811, 0.17922114634, 0],
      ["NaN", "NaN", "NaN", "NaN", "NaN"],
      [0.39435862044, 0, 0.1232698836, 0.48237149595, 0]
    ],
    [
      [0.0006424800473, 0.16576982118, 0.67370194938, 0.1598857494, 0],
      [0, 0.050705937045, 0.87323976191, 0.076054301048, 0],
      [0.00097269242168, 0.0065779819787, 0.32356007847, 0.66888924713, 0],
      [0.91812414694, 0.035778783049, 0.031753170441, 0.014343899572, 0],
      [0.0056193107269, 0.096730028469, 0.66581417478, 0.23183648602, 0],
      [0.073668677445, 0.58715352925, 0.23513102465, 0.10404676865, 0]
    ],
    [
      [0.0013076924948, 0.091613179654, 0.42041474827, 0.48666437958, 0],
      [0, 0.027558395483, 0.60486001542, 0.3675815891, 0],
      [0, 0.00033723244921, 0.10786842625, 0.8917943413, 0],
      [0.39887206374, 0.074020202408, 0.15021429042, 0.37689344344, 0],
      [0.0017166038302, 0.048882006644, 0.3634082973, 0.58599309223, 0],
      ["NaN", "NaN", "NaN", "NaN", "NaN"]
    ],
    [
      [0.0012093491695, 0.060286794314, 0.34705499161, 0.5914488649, 0],
      [0.0010184695466, 0.019648549712, 0.53950457802, 0.43982840272, 0],
      [0, 0, 0.05688036358, 0.94311963642, 0],
      [0.45920823141, 0.022909460813, 0.089447710386, 0.42843459739, 0],
      [0.0022184524085, 0.031089758454, 0.28959252772, 0.67709926142, 0],
      [0.1055348834, 0.18893940595, 0.14418394171, 0.56134176894, 0]
    ],
    [
      [0.0017314316077, 0.20470401791, 0.2695965298, 0.49746218459, 0.026505836091],
      [0.00079525657703, 0.091403728397, 0.45454770863, 0.44373283564, 0.0095204707579],
      [0.0014946392789, 0.0067980083932, 0.065994927305, 0.9048662701, 0.020846154928],
      [0.46536917967, 0.12200262731, 0.069897311139, 0.30768830775, 0.035042574142],
      [0.0030341354861, 0.10840128959, 0.23107309413, 0.5971766697, 0.060314811098],
      [0.047911324518, 0.47963809291, 0.078099510056, 0.2825329487, 0.11181812381]
    ],
    [
      [0.21243959478, 0.057204426964, 0.29571426005, 0.43464171821, 0],
      [0.03065366157, 0.021057852995, 0.46684293511, 0.48144555033, 0],
      [0.023432678853, 0.00020694988039, 0.065635151083, 0.91072522018, 0],
      [0.91818131453, 0.01581739983, 0.012086697012, 0.05391458863, 0],
      [0.016329485559, 0.029177657116, 0.27068278094, 0.68381007638, 0],
      [0.30691810164, 0.17822897649, 0.1126266584, 0.40222626347, 0]
    ],
    [
      [0.0032392868746, 0.076693118127, 0.16302574475, 0.75704185025, 0],
      [0.010569326766, 0.030044029176, 0.28898281336, 0.6704038307, 0],
      [0.0052872628105, 0, 0.023012768114, 0.97169996908, 0],
      [0.54488442831, 0.020013160871, 0.016743273209, 0.41835913761, 0],
      ["NaN", "NaN", "NaN", "NaN", "NaN"],
      [0.15973600259, 0.19098504243, 0.051863050674, 0.59741590431, 0]
    ],
    [
      [0.014991604449, 0, 0.28021145279, 0.27082033706, 0.43397660571],
      [0.043122807035, 0, 0.54602012357, 0.26120437223, 0.14965269716],
      ["NaN", "NaN", "NaN", "NaN", "NaN"],
      [0.55950511259, 0, 0.051099320031, 0.082708367391, 0.30668719999],
      ["NaN", "NaN", "NaN", "NaN", "NaN"],
      ["NaN", "NaN", "NaN", "NaN", "NaN"]
    ],
    [
      ["NaN", "NaN", "NaN", "NaN", "NaN"],
      [1.3877787808e-17, 0.083019231299, 0.19209618496, 0.69982541212, 0.025059171617],
      [0, 0.0005488715417, 0.0074625504094, 0.95116260824, 0.040825969805],
      ["NaN", "NaN", "NaN", "NaN", "NaN"],
      [0, 0.088387205594, 0.071621722993, 0.70344596923, 0.13654510219],
      [0, 0.48620881974, 0.021208860487, 0.23334293886, 0.25923938092]
    ],
    [
      [0.00282095203, 0.10495389413, 0.22792426425, 0.64565863566, 0.018642253933],
      [0.00054400360692, 0.0443705499, 0.36131862566, 0.58749355603, 0.0062732648112],
      [9.5060874015e-05, 0.00030015183567, 0.042347151535, 0.94518674762, 0.012070888135],
      [0.38122758175, 0.066946808405, 0.064902315164, 0.46087027712, 0.026053017564],
      [0.0025222897493, 0.053231582026, 0.1839197038, 0.72049053799, 0.039835886438],
      [0.053563357433, 0.27878934175, 0.084137725182, 0.49312854254, 0.0903810331]
    ],
    [
      [0, 0.37020519881, 0.11334301679, 0.5164517844, 0],
      [0, 0.1496546294, 0.24897864971, 0.6013667209, 0],
      [0, 0.00014103834434, 0.016669266305, 0.98318969535, 0],
      ["NaN", "NaN", "NaN", "NaN", "NaN"],
      [0, 0.18054883631, 0.10638250148, 0.7130686622, 0],
      ["NaN", "NaN", "NaN", "NaN", "NaN"]
    ],
    [
      [0.0026504685693, 0, 0.30164906125, 0.4646311092, 0.23106936098],
      [0.011378225593, 0, 0.50631066236, 0.41214080525, 0.070170306795],
      [0.0016749742185, 0, 0.03859856527, 0.80943174579, 0.15029471472],
      [0.48955523485, 0, 0.056371120056, 0.26402797683, 0.19004566826],
      [0.0068248765053, 0, 0.18395551214, 0.40022391332, 0.40899569803],
      ["NaN", "NaN", "NaN", "NaN", "NaN"]
    ],
    [
      ["NaN", "NaN", "NaN", "Inf", "NaN"],
      [0.0062528403657, 0.020707775966, 0.52613425174, 0.42456281722, 0.022342314709],
      [0.0011824027291, 0.00021648643727, 0.04158844618, 0.90032279643, 0.056689868222],
      [0.46694455815, 0.020045005007, 0.086906887358, 0.35418306976, 0.071920479728],
      [0.0031984339649, 0.024977973892, 0.24675837233, 0.55443725252, 0.17062796729],
      [0.096308317126, 0.1102988684, 0.1047832927, 0.36543148403, 0.32317803775]
    ],
    [
      [0.0018559287627, 0.16865158656, 0.24971880145, 0.4253468595, 0.15442682373],
      [0.0018731327074, 0.076261036528, 0.50363084766, 0.37595838783, 0.042276595272],
      [0.0019130137498, 0.00066245345166, 0.044213747845, 0.86102740558, 0.092183379378],
      [0.46058564587, 0.046494096852, 0.03616912421, 0.3586796027, 0.09807153036],
      [0.0029583819507, 0.073078174401, 0.18439339281, 0.43784671854, 0.3017233323],
      ["Inf", "NaN", "Inf", "NaN", "NaN"]
    ],
    [
      [0.0074728743936, 0.11594476501, 0.27214611724, 0.60443624336, 0],
      [0.017369510907, 0.047578557335, 0.4283282507, 0.50672368106, 0],
      [0.023426173716, 0.00057258830124, 0.050151671797, 0.92584956619, 0],
      [0.66991173153, 0.043964454668, 0.042524701961, 0.24359911184, 0],
      [0.0091324511591, 0.060820856947, 0.23019122187, 0.69985547003, 0],
      [0.15676758508, 0.3112667088, 0.095878662239, 0.43608704388, 0]
    ],
    [
      [0.0010401133828, 0.28878993204, 0.27620630504, 0.33289165028, 0.10107199926],
      [0.0011083147396, 0.12632385711, 0.52113148034, 0.31821635807, 0.033219989745],
      [0.00040182743137, 0.0029321354923, 0.062346694957, 0.83263245193, 0.10168689019],
      [0.29817309998, 0.17726788497, 0.1009156678, 0.28776568335, 0.1358776639],
      [0.0019237791934, 0.14928598515, 0.22768553372, 0.38727629085, 0.23382841108],
      ["NaN", "NaN", "NaN", "NaN", "NaN"]
    ],
    [
      [0.013103107126, 0.10474562984, 0.2438598949, 0.5761209689, 0.062170399242],
      [0.00014285294075, 0.043328578979, 0.40106888897, 0.53188928285, 0.02357039626],
      [0, 0.0010649240933, 0.047425193004, 0.90602366479, 0.045486218114],
      [0.92361393828, 0.027842048504, 0.00025874922291, 0.0084200387882, 0.039865225205],
      [0.0048638512814, 0.048770737058, 0.19109494626, 0.61588309737, 0.13938736803],
      ["NaN", "NaN", "NaN", "NaN", "NaN"]
    ],
    [
      [0.0017154587598, 0.10244892949, 0.27777637068, 0.57658600668, 0.041473234391],
      [0, 0.043321270939, 0.44015945489, 0.50264331456, 0.013875959612],
      [5.8906919389e-05, 0.00064814595712, 0.058962965221, 0.91182293098, 0.028507050925],
      [0.39893966867, 0.069589262304, 0.079942765151, 0.39124903134, 0.060279272526],
      [0.0022908223648, 0.050947984175, 0.22185821495, 0.63766254349, 0.087240435022],
      [0.047519226227, 0.26107178905, 0.095208294788, 0.40423054307, 0.19197014687]
    ],
    [
      ["NaN", "NaN", "Inf", "NaN", "NaN"],
      [0, 0.14878448086, 0.2389792247, 0.57790323419, 0.034333060244],
      [0, 0.0026076920439, 0.026088171531, 0.91408336564, 0.057220770781],
      [0.24555527954, 0.20621773102, 0.037050670578, 0.39727953312, 0.11389678575],
      [0.00061473336272, 0.14708401252, 0.10036118203, 0.58741453681, 0.16452553528],
      [0.015319948396, 0.49598721761, 0.026378929127, 0.22832834474, 0.23398556012]
    ],
    [
      [0.0043128142706, 0.081728399919, 0.34423898912, 0.43981869702, 0.12990109967],
      [0.0070259562538, 0.034207397829, 0.52980812886, 0.3813658622, 0.047592654851],
      [0.0025544917387, 0.0014849129439, 0.07804349603, 0.81008860565, 0.10782849364],
      [0.59907516706, 0.038826147196, 0.047841728956, 0.17360139766, 0.14065555912],
      [0.004211107911, 0.037816925746, 0.25079222393, 0.44103633884, 0.26614340358],
      [0.062297218225, 0.16993146408, 0.065460338134, 0.1949190032, 0.50739197636]
    ],
    [
      [0.041827152086, 0, 0.53844516233, 0.41972768559, 0],
      [0.042970986924, 0, 0.69283492153, 0.26419409154, 0],
      [0.018111449369, 0, 0.056327328603, 0.92556122203, 0],
      [0.92705971235, 0, 0.0097788330012, 0.06316145465, 0],
      ["NaN", "NaN", "NaN", "NaN", "NaN"],
      ["NaN", "NaN", "NaN", "NaN", "NaN"]
    ],
    [
      [0.0017502947931, 0.048330676048, 0.25069160421, 0.58394226904, 0.11528515591],
      [0.0086523375614, 0.021509464809, 0.41882982869, 0.51232653457, 0.03868183437],
      [0.010856759948, 0.00058050537037, 0.041709158937, 0.87373408826, 0.073119487482],
      [0.49128274608, 0.018977572181, 0.043229257594, 0.34657472369, 0.099935700456],
      [0.0029199386583, 0.022164816133, 0.18125606217, 0.5786117281, 0.21504745495],
      [0.089852281349, 0.094504941711, 0.067004535342, 0.34622385219, 0.40241438941]
    ],
    [
      [0, 0, 0.53263918511, 0.43580962771, 0.031551187179],
      [0, 0, 0.77035961266, 0.22964038734, 0],
      [0, 0, 0.12415605467, 0.85878879361, 0.017055151716],
      [4.8572257327e-17, 0, 0.28416737686, 0.60561327789, 0.11021934525],
      [6.2450045135e-17, 0, 0.41179129928, 0.50428629807, 0.08392240265],
      [2.0816681712e-16, 0, 0.23428151994, 0.45072977194, 0.31498870812]
    ],
    [
      [0, 0.30432159331, 0.42690875278, 0.26876965391, 0],
      [0, 0.082886232924, 0.76982057784, 0.14729318923, 0],
      [0, 0.00012367769656, 0.09582601885, 0.90405030345, 0],
      [0.4, 0.12250896368, 0.12232372634, 0.35516730999, 0],
      ["NaN", "NaN", "NaN", "NaN", "NaN"],
      ["NaN", "NaN", "NaN", "NaN", "NaN"]
    ],
    [
      ["NaN", "NaN", "NaN", "NaN", "Inf"],
      [0.013016174269, 0.047900368832, 0.4197142835, 0.51126248278, 0.0081066906224],
      [0.018070641666, 0, 0.042580638956, 0.9233122249, 0.016036494477],
      [0.60070916605, 0.035752163685, 0.034183809501, 0.31103657046, 0.018318290306],
      [0.0074578925281, 0.056715927968, 0.19870183744, 0.68112085013, 0.05600349193],
      [0.14745194677, 0.24832885885, 0.071849355698, 0.43000153488, 0.10236830381]
    ],
    [
      [0.0019355070988, 0.14741870255, 0.24835875534, 0.60228703501, 0],
      [0, 0.059528453507, 0.39598948111, 0.54448206538, 0],
      [0, 0.00043684617361, 0.049851118379, 0.94971203545, 0],
      [0.36764383332, 0.099747507448, 0.076830225789, 0.45577843345, 0],
      [0.0019946323759, 0.077791214369, 0.21160397738, 0.70861017587, 0],
      [0.048994422151, 0.41628498361, 0.090580635004, 0.44413995923, 0]
    ],
    [
      [0.00365812207, 0.15393271453, 0.27004716629, 0.57236199712, 0],
      [0.00070405447816, 0.064911239301, 0.42153549069, 0.51284921553, 0],
      [0.00043198342316, 0.001531269569, 0.061624199302, 0.93641254771, 0],
      [0.45930362042, 0.10687294169, 0.074945916226, 0.35887752167, 0],
      [0.0029214491269, 0.083277263944, 0.23406095126, 0.67974033567, 0],
      [0.055639432576, 0.4233091058, 0.098789710249, 0.42226175137, 0]
    ],
    [
      ["NaN", "NaN", "Inf", "Inf", "NaN"],
      [0, 0.053215731886, 0.52660545516, 0.40083434766, 0.019344465293],
      [0, 0, 0.058144058434, 0.89788283401, 0.043973107557],
      [0.32739908855, 0.074160503225, 0.087148160984, 0.4397587702, 0.071533477035],
      ["NaN", "NaN", "NaN", "NaN", "NaN"],
      [0.035605468684, 0.34217405311, 0.079968921275, 0.2686958181, 0.27355573883]
    ],
    [
      [0, 0, 0, 0.86267980186, 0.13732019814],
      [0, 0, 0, 0.95276199494, 0.047238005056],
      [0, 0, 0, 0.94260954832, 0.057390451678],
      [0.23770470637, 0, 0, 0.594339423, 0.16795587063],
      ["NaN", "NaN", "NaN", "NaN", "NaN"],
      [0.01229529363, 0, 0, 0.50665246782, 0.48105223855]
    ],
    [
      [0.0085158401313, 0, 0.3520944916, 0.63938966827, 0],
      [0.0077494199958, 0, 0.48903451626, 0.50321606375, 0],
      [0.0050690000624, 0, 0.068964383277, 0.92596661666, 0],
      [0.6406090692, 0, 0.069017559758, 0.29037337104, 0],
      [0.0059590130464, 0, 0.28515249185, 0.7088884951, 0],
      [0.15382460207, 0, 0.17975387731, 0.66642152062, 0]
    ],
    [
      [0.00055659518653, 0, 0.30523158122, 0.6942118236, 0],
      [0, 0, 0.44960671243, 0.55039328757, 0],
      [0, 0, 0.039882018224, 0.96011798178, 0],
      [0.46211721912, 0, 0.086428554743, 0.45145422614, 0],
      [0.0016899197581, 0, 0.24035318838, 0.75795689186, 0],
      [0.1114018277, 0, 0.15195835114, 0.73663982116, 0]
    ],
    [
      ["NaN", "NaN", "NaN", "Inf", "NaN"],
      [0.0021063456678, 0, 0.46697832566, 0.53091532867, 0],
      [0.0042523072091, 0, 0.032013666683, 0.96373402611, 0],
      [0.65839526613, 0, 0.023605255633, 0.31799947824, 0],
      [0.0071016207649, 0, 0.19908928704, 0.7938090922, 0],
      ["NaN", "NaN", "NaN", "NaN", "NaN"]
    ],
    [
      [0.0057700602786, 0.37728754106, 0.19075446719, 0.42618793148, 0],
      [0.0046745014589, 0.18811489752, 0.45449849234, 0.35271210868, 0],
      [0.0047435105037, 0.012214145656, 0.054124418042, 0.9289179258, 0],
      [0.6070102865, 0.21343154982, 0.016267274708, 0.16329088897, 0],
      [0.0079727093968, 0.29584304206, 0.1972496588, 0.49893458974, 0],
      [0.077904179435, 0.74312286212, 0.027285569751, 0.15168738869, 0]
    ],
    [
      [0.0023204635917, 0.044997812767, 0.27712073243, 0.67556099121, 0],
      [0, 0.014578045996, 0.42565813373, 0.55976382027, 0],
      [0, 4.1755200985e-05, 0.046565476055, 0.95339276874, 0],
      [0.45636928986, 0.023252838009, 0.072961408372, 0.44741646376, 0],
      [0.0025533981444, 0.023042394846, 0.2273990035, 0.7470052035, 0],
      [0.082542848247, 0.15545958897, 0.12222973814, 0.63976782465, 0]
    ],
    [
      [0, 0, 0.50889952118, 0.49110047882, 0],
      [0, 0, 0.66032619364, 0.33967380636, 0],
      ["NaN", "NaN", "NaN", "NaN", "NaN"],
      [0, 0, 0.29075187837, 0.70924812163, 0],
      [0, 0, 0.42357890031, 0.57642109969, 0],
      ["NaN", "NaN", "NaN", "NaN", "NaN"]
    ],
    [
      [0.00070826862374, 0, 0.30727044709, 0.69202128429, 0],
      [0, 0, 0.44376773618, 0.55623226382, 0],
      [0, 0, 0.049480203889, 0.95051979611, 0],
      [0.4802858133, 0, 0.081466702838, 0.43824748386, 0],
      [0.0018032875054, 0, 0.24243578558, 0.75576092691, 0],
      [0.11036370154, 0, 0.15482028002, 0.73481601843, 0]
    ],
    [
      ["NaN", "Inf", "NaN", "NaN", "NaN"],
      [0.012582788585, 0.10880158051, 0.47185667956, 0.40675895134, 0],
      [0.0070431992315, 0.0033759047454, 0.064512665869, 0.92506823015, 0],
      [0.52703150276, 0.1111393172, 0.064894322329, 0.29693485772, 0],
      [0.0067272162115, 0.14697572876, 0.25631558409, 0.58998147093, 0],
      [0.088073733133, 0.56272521061, 0.07773090135, 0.27147015491, 0]
    ],
    [
      [0.0042539448571, 0.052603492394, 0.31371063242, 0.60411940884, 0.025312521486],
      [0.016844932249, 0.019292430751, 0.47303077691, 0.48405461891, 0.0067772411739],
      [0.010052881987, 0.00010301313662, 0.058808737712, 0.91444518952, 0.016590177641],
      [0.61251436194, 0.020666931666, 0.057917531513, 0.28679685508, 0.022104319799],
      [0.010923726467, 0.025896480234, 0.25052780188, 0.65784525819, 0.054806733227],
      [0.13484408073, 0.1445335808, 0.116681699, 0.47569500976, 0.12824562971]
    ],
    [
      [0, 0, 0.605586646, 0.394413354, 0],
      [0, 0, 0.76573642205, 0.23426357795, 0],
      [1.2923834118e-05, 0, 0.18171967888, 0.81826739729, 0],
      [0.31708128751, 0, 0.31799730863, 0.36492140386, 0],
      [0.00012825488809, 0, 0.51980464849, 0.48006709663, 0],
      [0.048550339573, 0, 0.39602995012, 0.55541971031, 0]
    ],
    [
      [0.0069316636865, 0, 0.24108817974, 0.57773970842, 0.17424044816],
      [0.023185096473, 0, 0.41174991835, 0.51441000033, 0.050654984844],
      [0.0055918248412, 0, 0.0281838084, 0.87177267729, 0.094451689472],
      [0.6491226876, 0, 0.013954723077, 0.24880793549, 0.088114653832],
      ["NaN", "NaN", "NaN", "NaN", "NaN"],
      ["NaN", "NaN", "NaN", "NaN", "NaN"]
    ],
    [
      [0.014164901662, 0, 0.17892511415, 0.6754293145, 0.13148066969],
      [0.004314914082, 0, 0.36139432864, 0.59488912482, 0.039401632461],
      [0.0086656345377, 0, 0.022900331675, 0.90189617734, 0.066537856448],
      [0.58717182237, 0, 0.011205933115, 0.3150061154, 0.086616129115],
      ["NaN", "NaN", "NaN", "NaN", "NaN"],
      ["NaN", "NaN", "NaN", "NaN", "NaN"]
    ],
    [
      ["NaN", "NaN", "Inf", "Inf", "NaN"],
      [0, 0, 0.89222465798, 0.10777534202, 0],
      [0, 0, 0.14140939426, 0.85859060574, 0],
      [0.8037166151, 0, 0.072785547291, 0.12349783761, 0],
      ["NaN", "NaN", "NaN", "NaN", "NaN"],
      [0.098141692451, 0, 0.37608550311, 0.52577280444, 0]
    ],
    [
      ["NaN", "NaN", "NaN", "NaN", "NaN"],
      [0.012217009036, 0.082207159733, 0.63332871709, 0.27224711414, 0],
      [0.0031361665354, 0.001193033525, 0.07256748091, 0.92310331903, 0],
      [0.61191823366, 0.08491098186, 0.12334129063, 0.17982949384, 0],
      [0.0062488448264, 0.12430276971, 0.3965470808, 0.47290130467, 0],
      [0.13511877526, 0.51810483334, 0.12876141307, 0.21801497833, 0]
    ],
    [
      [0.001345457341, 0.11349679171, 0.4009936228, 0.4000309197, 0.084133208452],
      [0.0040783406184, 0.044800900515, 0.61888152048, 0.30690372259, 0.025335515805],
      [0.0046349661789, 0.0031854473599, 0.11447686091, 0.80848803013, 0.069214695421],
      [0.4854737657, 0.055338283173, 0.10970334526, 0.25746812549, 0.092016480367],
      [0.0038235092905, 0.055799092965, 0.31981413122, 0.44117942515, 0.17938384137],
      ["NaN", "NaN", "NaN", "NaN", "NaN"]
    ],
    [
      ["NaN", "NaN", "NaN", "Inf", "NaN"],
      [0, 0.052820877916, 0.48343190022, 0.44564496149, 0.018102260379],
