{
  "Z_true": {},
  "V_true": [
    [11, 391, 31, 286, 60],
    [138, 257, 239, 15901, 773],
    [32, 26, 1404, 235, 124],
    [98, 85, 521, 508, 352],
    [429, 5, 131, 233, 77],
    [46, 110, 294, 832, 970]
  ],
  "p_true": [
    [0.0141, 0.5019, 0.0398, 0.3671, 0.077],
    [0.008, 0.0148, 0.0138, 0.9187, 0.0447],
    [0.0176, 0.0143, 0.771, 0.129, 0.0681],
    [0.0627, 0.0543, 0.3331, 0.3248, 0.2251],
    [0.4903, 0.0057, 0.1497, 0.2663, 0.088],
    [0.0204, 0.0488, 0.1306, 0.3694, 0.4307]
  ],
  "Z_est": [
    [
      [4, 2, 6, 6, 5, 2, 2, 2, 1, 3, 3, 1, 1, 1, 1, 3, 3, 2, 2, 4, 1, 2, 3, 4, 2, 3, 3, 2, 0.9998, 3, 6, 1.84],
      [1.6336e-19, 0.0005, 5, 2, 3, 1.1088e-32, 1.2235e-35, 7.6275e-22, 1, 1.4481e-30, 9.4686e-17, 3.5226e-07, 1, 1.0368e-09, 1, 1.0807e-21, 5.3607e-25, 1.3901e-20, 1, 2.5226e-27, 1, 2.8168e-22, 1.4881e-20, 1, 1, 1, 2, 2.2853e-18, 0.0001, 4.3602e-08, 5, 0.063],
      [1, 0.0007, 16, 13, 14, 1, 1, 1, 1.8159e-26, 5.2324e-30, 1, 6.8564e-07, 7.771e-17, 1.274e-09, 6.0361e-19, 2, 3, 1.4431e-20, 1.5469e-25, 3, 1.9185e-11, 2, 4, 4, 8.2652e-06, 5, 5, 1, 0.0001, 1.8913e-08, 11, 0.0099],
      [17, 4.9994, 29, 33, 25, 14, 15, 17, 16, 12, 13, 4, 11, 5, 9, 15, 17, 5, 20, 24, 12, 15, 16, 15, 5, 18, 24, 10, 2.9997, 5, 85, 2.9789],
      [1, 0.9994, 9, 7, 7, 1, 1, 2, 7.5163e-26, 7.8678e-31, 1, 1.9508e-08, 5.0578e-16, 1.6651e-09, 1.2059e-18, 2, 2, 5.3644e-22, 1, 2, 1, 1, 3, 2, 3.814e-06, 3, 3, 1, 0.0002, 1, 11, 0.1082]
    ],
    [
      [33, 5.9978, 35, 33, 33, 19, 26, 8, 5, 15, 15, 3.5151e-07, 4, 3, 6, 19, 19, 5, 9, 19, 4, 11, 16, 16, 3, 12, 20, 12, 5.9985, 5, 59, 1.9711],
      [27, 5.9975, 41, 35, 30, 18, 16, 15, 16, 17, 19, 9, 10, 8, 10, 14, 23, 15, 20, 22, 20, 17, 14, 18, 7, 22, 33, 9, 3.9992, 8, 94, 3.8568],
      [38, 6.9991, 127, 146, 130, 36, 46, 34, 19, 40, 51, 11, 19, 16, 15, 45, 72, 40, 26, 81, 17, 43, 68, 56, 18, 80, 92, 44, 5, 18, 178, 5.8704],
      [459, 48.0058, 233, 367, 228, 527, 682, 458, 804, 584, 375, 218, 713, 240, 626, 324, 386, 642, 615, 524, 528, 321, 233, 193, 113, 262, 393, 256, 86.003, 139, 1385, 55.2915],
      [50, 8.9998, 74, 81, 71, 51, 51, 63, 49, 46, 50, 15, 48, 21, 44, 52, 50, 56, 58, 63, 48, 33, 46, 35, 19, 50, 58, 27, 9.9992, 43, 186, 11.0101]
    ],
    [
      [1, 0.0002, 10, 8, 11, 1, 1, 4.0493e-22, 4.5762e-27, 4.4472e-30, 1, 3.8293e-11, 3.47e-18, 1.3105e-09, 5.4354e-20, 1, 2, 1.497e-20, 5.7713e-26, 2, 1.4696e-19, 1, 3, 3, 4.9792e-07, 2, 3, 2, 0.0005, 1.0357e-08, 6, 0.1213],
      [1, 2.0004, 12, 8, 8, 3, 1, 1, 3.0431e-26, 2, 3, 3.7676e-07, 1.4696e-16, 1.7533e-09, 5.4783e-20, 3, 3, 6.9476e-20, 1, 3, 3.8369e-11, 3, 4, 3, 6.5169e-06, 5, 5, 2, 0.0002, 4.6964e-08, 10, 0.007],
      [4, 0.0011, 41, 38, 45, 3, 4, 2, 1, 3, 5, 1, 1, 2, 1, 5, 12, 4, 2, 10, 2, 5, 15, 13, 3, 20, 18, 9, 1.9991, 3, 19, 0.9279],
      [27, 4.9985, 71, 92, 75, 40, 39, 23, 19, 38, 39, 7, 24, 15, 14, 33, 55, 34, 22, 56, 15, 39, 49, 37, 12, 59, 67, 44, 3, 9, 140, 4.9256],
      [2, 0.9999, 22, 20, 23, 3, 3, 3, 1, 3, 5, 7.1808e-07, 1, 1, 1, 5, 7, 3, 2, 6, 1, 4, 9, 6, 1, 11, 10, 4, 0.0002, 3, 18, 0.0182]
    ],
    [
      [2, 0.0007, 9, 5, 10, 1, 1, 9.407e-22, 1.5688e-26, 1.4326e-30, 1, 3.6562e-09, 1.4392e-16, 9.4848e-10, 6.0203e-19, 1, 2, 6.9472e-20, 5.0771e-26, 1, 3.8369e-11, 8.1909e-22, 2, 3, 3.8063e-06, 2, 2, 1, 0.9999, 9.7153e-08, 3, 0],
      [1, 0.0008, 10, 5, 8, 1, 3.4417e-22, 7.3678e-22, 2.959e-26, 7.4878e-31, 1, 3.0493e-09, 7.5842e-17, 6.8267e-10, 5.9976e-19, 1, 2, 2.6715e-22, 1.1919e-25, 1, 3.8369e-11, 1, 2, 3, 1, 3, 3, 1.2813e-14, 0.0003, 1.0257e-07, 5, 0],
      [2, 2.9992, 33, 25, 39, 5, 4, 3, 5.6817e-26, 4, 8, 3.8401e-07, 8.4659e-17, 1, 1.7439e-18, 6, 11, 1, 2, 8, 1, 5, 13, 12, 3, 15, 12, 6, 2.0001, 3, 12, 0],
      [29, 6.9982, 64, 63, 70, 39, 34, 19, 17, 27, 41, 12, 16, 9, 26, 32, 54, 26, 32, 48, 19, 25, 43, 46, 21, 45, 46, 32, 23.9996, 24, 89, 0],
      [2, 1.0011, 19, 13, 21, 3, 2, 2, 5.8317e-26, 2, 5, 3.7295e-07, 1, 9.0507e-10, 1, 5, 7, 2, 2, 5, 1, 2, 8, 8, 3, 8, 6, 3, 2.0002, 6, 11, 0]
    ],
    [
      [3, 0.0003, 5, 3, 7, 3.644e-31, 1, 9.3444e-24, 7.8057e-27, 5.8284e-31, 3.1562e-17, 4.8939e-09, 7.9656e-17, 5.0244e-10, 1.1437e-18, 1, 1, 2.7405e-30, 7.4058e-27, 1.2957e-27, 1.9185e-11, 5.1226e-22, 1, 1, 3.328e-06, 4.1093e-19, 1, 5.5618e-15, 0.0006, 1.7894e-08, 2, 0.0616],
      [2, 0.0003, 5, 3, 5, 1.1878e-30, 2.2945e-22, 1.9838e-21, 1.4283e-26, 6.0876e-31, 3.1562e-17, 7.0818e-07, 8.1336e-21, 1.7807e-10, 2.6084e-23, 1, 1, 3.4934e-25, 3.7041e-27, 1.4513e-27, 1.0632e-17, 2.2143e-21, 1, 1, 2.1016e-07, 1, 2, 5.003e-15, 0.0001, 6.1266e-08, 4, 0.0087],
      [3, 0.9997, 18, 17, 27, 1, 1, 3.7295e-22, 1.8864e-26, 3.3544e-30, 2, 3.6313e-07, 2.8724e-21, 1.9499e-09, 8.0761e-21, 3, 3, 1.076e-21, 7.7569e-27, 4, 5.5502e-18, 2, 6, 6, 2.6397e-06, 4, 6, 2, 0.0004, 1, 9, 0.1244],
      [41, 2.9994, 35, 45, 48, 27, 31, 8, 11, 13, 15, 3, 4, 3, 8, 27, 22, 6, 8, 27, 5, 16, 22, 22, 4, 18, 29, 13, 5.9984, 9, 71, 4.6586],
      [6, 0.0002, 12, 11, 17, 2, 2, 1.3279e-21, 1, 3.3644e-30, 2, 1, 1.2646e-18, 1, 1.851e-18, 4, 2, 2.7303e-22, 1, 4, 1.2383e-18, 2, 5, 5, 2, 3, 4, 1, 1.0004, 3, 10, 0.1467]
    ],
    [
      [2, 0.001, 8, 8, 12, 1, 2, 3.6646e-23, 5.0468e-29, 1, 1, 2.6451e-11, 1.1286e-22, 5.0931e-10, 6.0245e-19, 2, 2, 1.417e-20, 1.0822e-25, 2, 5.4033e-18, 1, 2, 3, 1.3039e-08, 1, 3, 1, 0.0006, 5.1248e-08, 7, 0.0059],
      [2, 0.0005, 10, 8, 9, 1, 1, 1, 1, 1, 1, 1.8383e-08, 1.5085e-16, 1.2265e-09, 2.4782e-18, 2, 2, 1, 1, 2, 1, 2, 2, 3, 1, 3, 4, 1, 0, 5.612e-08, 11, 0.0644],
      [3, 0.0002, 32, 36, 47, 3, 3, 3, 1, 4, 5, 3.5762e-07, 1, 1, 3.4599e-18, 6, 8, 2, 2, 12, 1, 6, 13, 11, 3, 12, 14, 6, 0.0003, 3, 21, 0.0674],
      [39, 5.9987, 59, 92, 82, 55, 58, 51, 66, 60, 38, 17, 62, 24, 44, 48, 44, 48, 51, 79, 46, 47, 45, 39, 19, 39, 63, 40, 9.9993, 22, 170, 7.1455],
      [6, 2.9997, 21, 22, 27, 8, 6, 10, 6, 7, 7, 3, 7, 4, 6, 9, 8, 6, 7, 12, 6, 7, 11, 9, 5, 10, 12, 7, 2.9998, 9, 25, 3.7168]
    ]
  ],
  "V_est": [
    [85.8398, 25.0636, 88.0107, 516.978, 63.1078],
    [477.9674, 620.8536, 1623.8695, 13017.3004, 1568.0091],
    [58.122, 83.0076, 293.9281, 1206.924, 179.0183],
    [47.0007, 48.0011, 238.9993, 1078.9977, 151.0013],
    [26.0626, 26.0092, 116.1245, 604.6565, 102.1473],
    [59.0075, 71.0649, 259.0679, 1570.1434, 292.7162]
  ],
  "p_est": [
    [0.1102, 0.0322, 0.113, 0.6636, 0.081],
    [0.0276, 0.0359, 0.0938, 0.7521, 0.0906],
    [0.0319, 0.0456, 0.1614, 0.6628, 0.0983],
    [0.0301, 0.0307, 0.1528, 0.6899, 0.0965],
    [0.0298, 0.0297, 0.1327, 0.691, 0.1167],
    [0.0262, 0.0316, 0.115, 0.6972, 0.13]
  ],
  "EI_Z": {},
  "EI_V": 24.7964,
  "MAE_Z": {},
  "MAE_V": 406.6446,
  "MAE_p": 0.1615,
  "runtime": 0.3113
}
