{
  "Z_true": {},
  "V_true": [
    [672, 240, 117, 1002, 45],
    [692, 1880, 154, 11484, 260],
    [231, 1552, 11585, 456, 547],
    [12, 1082, 47, 275, 24],
    [148, 503, 1079, 518, 668]
  ],
  "p_true": [
    [0.3237, 0.1156, 0.0564, 0.4827, 0.0217],
    [0.0478, 0.1299, 0.0106, 0.7936, 0.018],
    [0.0161, 0.108, 0.8061, 0.0317, 0.0381],
    [0.0083, 0.7514, 0.0326, 0.191, 0.0167],
    [0.0508, 0.1725, 0.37, 0.1776, 0.2291]
  ],
  "Z_est": {},
  "V_est": [
    [1169.3226, 0, 0, 631.023, 275.6544],
    [324.5896, 687.0319, 0, 13103.977, 354.4015],
    [0, 1689.263, 12640.8516, 0, 40.8854],
    [0, 1440, 0, 0, 0],
    [261.0879, 1440.7051, 341.1484, 0, 873.0586]
  ],
  "p_est": [
    [0.5633, 0, 0, 0.304, 0.1328],
    [0.0224, 0.0475, 0, 0.9056, 0.0245],
    [0, 0.1175, 0.8796, 0, 0.0028],
    [0, 1, 0, 0, 0],
    [0.0895, 0.4941, 0.117, 0, 0.2994]
  ],
  "EI_Z": {},
  "EI_V": 14.882,
  "MAE_Z": {},
  "MAE_V": 419.9457,
  "MAE_p": 0.0985,
  "runtime": 0.0163
}
