{
  "Z_true": {},
  "V_true": [
    [505, 2110, 317, 76],
    [550, 13900, 1650, 432],
    [151, 664, 16048, 388],
    [43, 735, 827, 679],
    [41, 455, 449, 479],
    [41, 249, 352, 224]
  ],
  "p_true": [
    [0.1679, 0.7015, 0.1054, 0.0253],
    [0.0333, 0.8408, 0.0998, 0.0261],
    [0.0088, 0.0385, 0.9303, 0.0225],
    [0.0188, 0.3218, 0.3621, 0.2973],
    [0.0288, 0.3195, 0.3153, 0.3364],
    [0.0473, 0.2875, 0.4065, 0.2587]
  ],
  "Z_est": [
    [
      [10, 3.9999, 2, 7, 8, 1, 0.8951, 8, 0, 0.8951, 0.0495, 1.5426, 3, 5, 8, 1, 0.0797, 2, 0.1047, 1.9997, 3, 0.9921, 3, 9, 0.9724, 2, 1, 3, 3, 2.9998, 2.0001, 1.195, 2, 4, 1.9997, 2, 1.9998, 0.999, 4, 3, 0, 0, 0, 0, 3, 7, 4, 0.7558, 1.9975, 1, 2, 2, 0.9995, 1, 0.2983, 3, 1.989, 1.9999, 3, 0.8423, 0, 17, 13, 9],
      [51, 25.9993, 13, 97, 103, 7.0003, 4.5453, 90, 0, 2.0004, 0.2524, 2.7701, 52, 37, 40, 2.9999, 0.4249, 13, 0.4454, 6.0007, 14, 5.0303, 16.9999, 56, 3.2278, 14, 6, 5, 24, 19.9998, 9.0001, 4.7232, 8, 15, 4, 7, 4.0007, 2.1255, 28, 26, 0, 0, 0, 0.6879, 20, 56, 44, 1.7414, 5.0029, 7, 7, 1.9997, 2.9989, 15, 1.6789, 11, 7.033, 17.9997, 23, 3.1572, 0, 77, 98, 61],
      [68, 14.0002, 13, 138, 118, 6.9998, 2.2255, 80, 0, 2.9806, 0.6391, 3.4521, 29, 50, 41, 4.0002, 0.4295, 18, 0.4117, 6.9994, 24, 10.9699, 23.0001, 60, 3.7931, 18, 8, 12, 37, 27.0003, 23.9999, 3.6706, 25, 28, 11.9999, 12, 7.9995, 5.8582, 41, 13, 0, 0, 0, 0.1978, 28, 44, 42, 1.0714, 9.9996, 4, 5, 2.0003, 1.0014, 8, 0.8542, 10, 8.967, 9.0005, 33, 1.745, 0, 73, 70, 53],
      [5, 1.0006, 1, 11, 12, 0.9999, 0.334, 12, 0, 0.1238, 0.059, 0.2353, 5, 3, 3, 9.3279e-06, 0.0659, 1, 0.0382, 0.0002, 2, 0.0077, 1, 5, 0.0067, 1, 1, 7.7162e-06, 2, 2.0001, 1, 0.4112, 1, 1, 0.0003, 1, 0, 0.0173, 3, 4, 0, 0, 0, 0.1144, 2, 6, 5, 0.4314, 1.0001, 9.2011e-09, 6.1451e-06, 0, 0.0002, 1, 0.1686, 1, 0.011, 1.9998, 2, 0.2555, 0, 10, 14, 11]
    ],
    [
      [20, 6.0007, 5, 43, 25, 3, 1.2195, 28, 0.3406, 0.0375, 0.298, 1.6065, 25, 13, 14, 3, 0.5217, 5, 1.0352, 3.0002, 3, 0.9924, 5, 18, 1.256, 5, 2, 3, 5, 6, 4, 0.9882, 3, 8, 0.9999, 10, 1, 1.1379, 10, 6, 0, 0, 0, 0, 6, 16, 9, 1.1747, 1.0028, 8, 3, 3.9999, 4.9977, 9, 1.499, 5, 0.989, 2, 11, 0.9373, 0, 44, 74, 45],
      [128, 76.001, 113, 686, 434, 83.0004, 12.2195, 404, 4.3416, 33.1524, 2.1426, 9.1347, 908, 125, 77, 73, 6.8184, 91.0001, 10.1147, 37.9998, 52, 32.9629, 52.9999, 136, 47.2661, 82, 45.9999, 19, 104, 58.0004, 38, 27.7626, 28, 70, 25.9995, 62, 34.0024, 13.819, 147, 140, 11.5, 6.6574, 2.2331, 8.3831, 74, 173, 175, 5.2199, 20.9931, 165, 163, 71.0007, 127.0015, 249, 32.1957, 164, 65.0772, 75.0008, 177, 6.4275, 1.7635, 224, 648, 385],
      [167, 42.9981, 111, 972, 494, 75.0001, 6.6214, 357, 7.3178, 44.6914, 4.9647, 10.044, 497, 166, 78, 90.0002, 5.6836, 120.9999, 9.8346, 45.9999, 83, 68.9983, 71.0002, 142, 39.481, 108, 59.0002, 37, 156, 75.9996, 92.0001, 26.0731, 86, 124, 67.0007, 100, 62.998, 32.041, 214, 72, 7.822, 3.1098, 2.0193, 2.0159, 102, 133, 164, 3.3932, 36.0021, 95, 111, 72.9993, 66.0004, 132, 12.7832, 149, 81.9228, 39.9993, 260, 3.0659, 2.2662, 211, 468, 337],
      [13, 5.0002, 11, 80, 52, 10.9994, 0.9396, 54, 0, 6.1187, 0.5946, 1.2148, 92, 11, 6, 11.9998, 0.9763, 11, 1.0156, 3.0001, 6, 2.0464, 5, 12, 0.997, 8, 9.9999, 2, 11, 6, 4, 3.1761, 4, 7, 4.9999, 10, 2.9995, 1.002, 19, 22, 1.678, 1.2329, 0.7476, 1.601, 10, 20, 20, 1.2123, 3.002, 15, 18, 9.0001, 13.0003, 22, 2.5221, 24, 7.011, 7.9999, 20, 0.5692, 0.9703, 30, 97, 74]
    ],
    [
      [29, 1.9994, 4, 58, 30, 1.9999, 0.8184, 26, 0.6185, 0.0525, 0.5587, 1.4774, 12, 16, 15, 2, 0.3829, 5, 0.8392, 2.9998, 6, 1.0151, 7, 20, 0.7253, 5, 1, 6, 7, 5.0001, 6.9999, 1.6016, 6, 12, 1.9999, 12, 3.9999, 1.8613, 13, 2, 0, 0, 0, 0, 7, 14, 9, 0.8278, 2.9978, 3, 2, 2.9998, 1.0018, 4, 0.9956, 4, 2.022, 0.9999, 11, 0.8212, 0, 38, 47, 36],
      [196, 28.0004, 107, 929, 530, 75.9987, 8.0252, 378, 6.9523, 39.9315, 4.43, 10.8846, 429, 177, 91, 83.0001, 5.3152, 110, 8.9495, 49.9992, 89, 64.9207, 86, 156, 37.0366, 118, 54, 37, 154, 70.9996, 93, 24.8509, 78, 118, 51.0008, 82, 64.9976, 33.6123, 192, 67, 8.3626, 2.3649, 1.2206, 4.1125, 101, 160, 178, 4.0542, 43.9989, 92, 111, 64.9984, 63.9993, 122, 15.7953, 116, 70.9008, 44.9995, 204, 6.6133, 2.3402, 204, 420, 313],
      [256, 17.0005, 107, 1316, 602, 68.0009, 5.5156, 334, 13.4292, 57.2074, 11.9784, 14.4699, 234, 232, 91, 101.9996, 5.5321, 148.0001, 10.3122, 61.0012, 148, 145.0972, 115.9999, 163, 35.9248, 154, 71.9999, 84.0001, 237, 90.0006, 228, 26.0164, 237, 210, 133.9992, 132, 130.0018, 83.5361, 280, 35, 6.4704, 1.2413, 1.3555, 1.1109, 138, 124, 167, 3.1915, 77.0026, 52, 77, 68.0017, 31.9998, 65, 7.3658, 108, 90.0771, 25.0005, 298, 3.9583, 3.4241, 190, 305, 276],
      [21, 1.9997, 11, 108, 63, 10.0006, 0.6408, 51, 0, 6.8087, 1.0329, 2.1681, 43, 15, 7, 13.0002, 0.7698, 14, 0.899, 4.9998, 12, 4.967, 8, 14, 1.3132, 12, 12, 6, 17, 7.9998, 11, 2.5312, 11, 13, 10, 13, 8.0007, 2.9904, 25, 10, 1.167, 0.3938, 0.4239, 0.7766, 13, 19, 21, 0.9265, 7.0008, 8, 12, 8.0001, 5.9991, 11, 1.8433, 17, 8, 5.0002, 23, 0.6072, 1.2356, 27, 63, 60]
    ],
    [
      [2, 0.0004, 6.7199e-12, 4, 3, 3.9289e-07, 0.0298, 4, 0.0186, 0.0007, 0.0209, 0.1824, 4, 4.5579e-16, 1.1946e-08, 2.7657e-07, 0, 9.5112e-06, 0.0209, 0.0002, 3.6606e-07, 4.4303e-06, 1.1251e-06, 1, 0.0068, 1.1892e-06, 1.8783e-06, 9.8972e-06, 1, 5.7328e-06, 0, 0.1542, 3.9852e-06, 5.2456e-09, 0.0002, 1, 1.948e-07, 0.0003, 1, 1, 0, 0, 0, 0, 1, 1, 1, 0.2417, 0.0006, 1.7005e-08, 7.8588e-06, 0.0003, 0.0005, 1, 0.1627, 1, 3.2303e-06, 0.0002, 1, 0, 0, 1, 6, 5],
      [16, 1.9997, 12, 80, 57, 15.0008, 0.5827, 63, 0.3452, 2.9471, 0.3226, 1.4476, 142, 9, 5, 12, 0, 18, 0.4904, 6, 14, 1.9817, 6.0001, 12, 6.2218, 8, 10.0001, 2, 22, 3.0001, 5.9999, 4.3137, 5, 7, 6.9999, 8, 4.9993, 3.1389, 22, 25, 0.5664, 0, 2.5463, 2.8165, 13, 23, 21, 1.9846, 2.0011, 19, 20, 15.0005, 21.0023, 38, 5.3748, 53, 11.022, 8.0002, 31, 0, 0, 10, 57, 45],
      [24, 2.9997, 13, 111, 66, 14.9994, 0.3489, 58, 0.6362, 6.0488, 0.5989, 3.1176, 80, 10, 4, 16, 0, 27, 0.4415, 8.9996, 25, 6.0177, 9.9999, 14, 7.7302, 14, 14.9999, 6, 35, 4.9999, 19.0001, 5.346, 20, 13, 21.9999, 14, 12.0005, 7.7245, 33, 14, 0.3706, 0, 2.6252, 0.6754, 21, 19, 20, 1.3439, 4.9975, 11, 15, 16.9995, 12.9976, 21, 2.7393, 52, 16.967, 5.9997, 47, 0, 0, 10, 43, 41],
      [1, 0.0002, 1, 9, 6, 1.9998, 0.0387, 8, 0, 1.0034, 0.0575, 0.2524, 14, 4.5572e-16, 3.7145e-09, 2, 0, 3, 0.0472, 0.0002, 1, 0.0005, 8.8226e-09, 1, 0.0413, 3.5459e-06, 3, 6.1782e-06, 2, 4.8021e-07, 0, 0.1861, 3.4069e-06, 2.1293e-09, 1, 1, 1.0002, 0.1363, 2, 4, 0.063, 0, 0.8285, 0.5081, 1, 2, 2, 0.4298, 0.0007, 1, 2, 1.9997, 1.9997, 3, 0.7233, 8, 1.011, 0.9999, 3, 0, 0, 1, 8, 8]
    ],
    [
      [1, 0.9996, 5.4185e-11, 2, 2, 0.0001, 0.0372, 2, 0.0224, 0.0054, 0.0729, 0.1657, 5.5499e-34, 1, 1, 6.3904e-08, 0, 3.1943e-10, 0, 0.0002, 2.4487e-08, 0.0001, 0, 2, 0.038, 1.2378e-09, 7.468e-06, 4.6383e-06, 3.49e-11, 0.0001, 2.2543e-07, 0.059, 6.7256e-08, 1.3958e-08, 0.0002, 2.5434e-06, 3.0222e-07, 0.0002, 1, 1.874e-08, 0, 0, 0, 0, 5.3743e-12, 1, 1, 0, 0.0013, 2.6713e-08, 4.2795e-09, 6.3147e-07, 0, 1.5045e-09, 0, 2.9476e-14, 3.1699e-06, 5.793e-06, 1.7962e-10, 0.3631, 0, 6, 5, 6],
      [12, 10.9995, 6, 35, 40, 3.9999, 0.6273, 32, 0.3608, 2.8427, 0.8523, 1.5854, 23, 20, 9, 1.0001, 0, 8, 0, 4.0001, 6, 1.0109, 4, 17, 3.9866, 11, 5, 4, 9, 9.0002, 4, 1.0549, 2, 7, 2.9997, 4, 2, 1.1419, 14, 6, 0.571, 0.4812, 0, 0, 8, 20, 28, 0, 3.9997, 7, 7, 2.0003, 3.9995, 10, 0, 9, 2.978, 5, 16, 3.3987, 0.8962, 34, 52, 54],
      [18, 6.0013, 6, 50, 47, 4.9999, 0.2886, 31, 0.6168, 4.1609, 1.8189, 2.6609, 13, 28, 11, 1.9999, 0, 11, 0, 6.0002, 12, 1.9905, 6, 19, 5.0274, 15, 6.0001, 9, 16, 12.9996, 10, 1.5137, 7, 14, 9.0002, 9, 5.0002, 4.8576, 23, 4, 0.337, 0.3727, 0, 0, 12, 16, 28, 0, 9.999, 5, 6, 2.9995, 3.0002, 7, 0, 9, 5.033, 3, 25, 1.8334, 1.3097, 33, 37, 47],
      [2, 1.9996, 1, 4, 5, 0.0001, 0.0469, 4, 0, 0.991, 0.2559, 0.588, 4, 2, 1.7773e-07, 1, 0, 2, 0, 1.9995, 2, 0.9984, 1, 3, 0.948, 2, 2, 2, 2, 2.0001, 2, 0.3725, 1, 2, 1.9999, 8.2248e-06, 0.9998, 0.0003, 2, 2, 0.092, 0.1461, 0, 0, 2, 3, 4, 0, 1, 1, 1, 0.0002, 0.0003, 1, 0, 3, 0.989, 1, 2, 0.4049, 0.7941, 6, 10, 12]
    ],
    [
      [1, 0, 1.2178e-10, 1, 1, 1.4158e-09, 0, 1, 0, 0.0089, 0, 0.0254, 1, 4.557e-16, 5.9612e-08, 0, 0.0157, 9.9597e-11, 0, 8.0401e-06, 1.597e-10, 0.0002, 0, 1, 0.0015, 1.1846e-06, 1.4121e-06, 4.6483e-06, 3.4911e-11, 5.462e-06, 9.7929e-09, 0.002, 4.3602e-08, 6.6149e-12, 0, 3.2483e-07, 0.0002, 0.0014, 1.8781e-13, 9.243e-09, 0, 0, 0, 0, 9.8532e-13, 5.7551e-19, 2.1255e-15, 0, 0, 1.2663e-07, 2.9896e-09, 0, 0.0005, 7.5238e-10, 0.0445, 1.3145e-14, 7.1808e-08, 4.2999e-06, 1.2642e-14, 0.0361, 0, 1.6201e-13, 3, 2],
      [8, 2.0001, 5, 31, 18, 6.9999, 0, 23, 0, 3.1258, 0, 0.1777, 38, 7, 4, 5, 0.4414, 2, 0, 2.0001, 1, 2.0935, 3, 7, 1.2611, 7, 2, 2, 7, 1, 3, 0.2948, 1, 4, 1, 5, 3, 1.1624, 8, 8, 0, 0.4965, 0, 0, 5, 11, 7, 0, 0.0043, 8, 5, 3.0003, 5.9985, 12, 3.9553, 5, 3.989, 5.9999, 8, 0.4033, 0, 3, 27, 22],
      [11, 1.0002, 5, 46, 21, 6.9999, 0, 20, 0, 4.9109, 0, 0.2554, 21, 10, 5, 6, 0.3548, 3, 0, 1.9997, 2, 4.9263, 5, 8, 1.0435, 9, 3, 4, 11, 1, 8, 0.3803, 4, 8, 4, 8, 6, 2.9826, 12, 4, 0, 0.2762, 0, 0, 7, 8, 7, 0, 0.9992, 5, 3, 2.9998, 3.0006, 6, 1.2576, 4, 5.033, 2.9999, 12, 0.3974, 0, 3, 20, 20],
      [3, 0.9997, 2, 5, 4, 2.0002, 0, 5, 0, 1.9545, 0, 0.5415, 5, 2, 2, 2, 0.188, 1, 0, 1.0001, 1, 0.98, 2, 2, 0.6939, 2, 1, 2, 3, 0.9999, 1, 1.323, 1, 2, 0.9999, 3, 0.9998, 0.8536, 3, 2, 0, 0.2272, 0, 0, 2, 3, 2, 0, 1.9965, 2, 2, 1.9999, 2.0004, 3, 0.7426, 2, 1.978, 2.0002, 3, 0.1632, 0, 2, 5, 6]
    ]
  ],
  "V_est": [
    [190.6064, 1281.8456, 1398.2666, 137.2813],
    [539.0347, 7561.1913, 7518.1473, 913.6266],
    [516.6157, 7294.6658, 8547.2227, 892.4959],
    [40.8413, 1021.1063, 1110.725, 111.3274],
    [32.7653, 593.7869, 686.821, 110.6267],
    [11.1365, 360.404, 381.8174, 112.6422]
  ],
  "p_est": [
    [0.0634, 0.4261, 0.4648, 0.0456],
    [0.0326, 0.4574, 0.4548, 0.0553],
    [0.0299, 0.4229, 0.4955, 0.0517],
    [0.0179, 0.4471, 0.4863, 0.0487],
    [0.023, 0.417, 0.4823, 0.0777],
    [0.0129, 0.4162, 0.4409, 0.1301]
  ],
  "EI_Z": {},
  "EI_V": 38.8753,
  "MAE_Z": {},
  "MAE_V": 1340.0633,
  "MAE_p": 0.1563,
  "runtime": 0.483
}
