{
  "Z_true": {},
  "V_true": [
    [49, 153, 665, 30, 80],
    [201, 141, 12636, 616, 255],
    [92, 5522, 434, 242, 214],
    [724, 194, 751, 53, 89],
    [56, 341, 475, 167, 574]
  ],
  "p_true": [
    [0.0502, 0.1566, 0.6807, 0.0307, 0.0819],
    [0.0145, 0.0102, 0.9124, 0.0445, 0.0184],
    [0.0141, 0.849, 0.0667, 0.0372, 0.0329],
    [0.3998, 0.1071, 0.4147, 0.0293, 0.0491],
    [0.0347, 0.2114, 0.2945, 0.1035, 0.3559]
  ],
  "Z_est": [
    [
      [0.309, 0.2818, 0.4922, 0.1914, 0.5982, 4.2165, 0.4911, 0.2967, 2.2559, 0.1683, 0.5404, 0.9991, 0.3745, 1.7689, 0.9078, 4.5029, 0.631, 1.5878, 0.256, 3.2032, 1.4808, 0.8825, 1.1424, 1.261, 0.2271, 1.876, 1.897, 0.7724, 0.157, 0.0481, 1.0523, 0.2531, 3.8187, 0.0236, 0.612, 4.8603, 0, 0.9476, 4.5412, 1.2419],
      [0.3508, 2.4126, 5.1416, 0.0677, 1.7526, 30.736, 7.6198, 2.9739, 8.8033, 0.7877, 2.1355, 3.4099, 0.4251, 6.6948, 1.9432, 36.3299, 2.0008, 7.4305, 1.6136, 21.544, 7.2085, 3.6113, 6.0422, 3.4544, 3.0301, 10.665, 6.626, 2.7632, 0.4514, 1.241, 6.8906, 0.2538, 19.4266, 0.5604, 0.8784, 29.4497, 0, 3.3625, 20.4845, 5.5178],
      [1.7673, 3.1915, 9.1898, 1.2882, 4.0199, 47.9208, 8.9632, 6.3651, 18.7404, 2.6512, 2.925, 8.8052, 0.8368, 14.1243, 5.7712, 42.68, 3.6466, 7.5741, 0.9987, 28.4009, 10.7624, 9.8319, 15.8462, 6.9981, 4.9702, 13.2379, 13.4494, 8.5184, 2.251, 2.4532, 10.3239, 1.6656, 26.8255, 0.1293, 2.0184, 38.3266, 0, 10.2876, 35.9711, 5.3378],
      [0.2253, 0.3594, 0.9116, 0.2529, 0.5444, 6.5966, 1.2007, 1.0056, 2.438, 0.2391, 0.3092, 1.0544, 0.2278, 2.147, 0.4639, 5.2718, 0.5781, 3.7676, 0.13, 5.4918, 1.3024, 1.2661, 1.2625, 0.8341, 0.2273, 2.2845, 1.6551, 1.0968, 0.1259, 0.5636, 2.2921, 0.3464, 2.6782, 0.0759, 0.2182, 5.6535, 0, 1.4305, 5.334, 0.4235],
      [0.3476, 0.7546, 3.2647, 0.1997, 1.085, 13.5301, 3.7252, 2.3586, 4.7625, 1.1536, 1.0899, 2.7314, 0.1357, 2.2649, 2.9139, 17.2155, 1.1435, 2.6399, 1.0016, 9.36, 3.2459, 2.4082, 3.7067, 4.4523, 1.5454, 4.9365, 4.3725, 1.8492, 1.0147, 1.6941, 4.4412, 0.4811, 7.251, 0.2107, 1.273, 13.71, 0, 1.9718, 15.6693, 2.479]
    ],
    [
      [0.2646, 0.1515, 0.4775, 0.844, 0.9789, 3.215, 0.223, 0.3372, 2.5232, 0.1548, 0.3466, 2.1304, 0.3065, 4.2933, 1.069, 1.8085, 1.5036, 2.3688, 1.1947, 2.9013, 0.9631, 1.2286, 2.0472, 3.8211, 0.1572, 2.3688, 1.9055, 1.4962, 0.0671, 0.0187, 1.71, 0.0374, 3.1225, 0.1167, 0.7184, 8.7949, 0, 1.361, 7.8054, 0.5055],
      [0.6483, 0.1951, 0.0226, 0.4706, 0.0046, 4.802, 0.5401, 0.0428, 0.0161, 0.2871, 0, 0.0311, 0, 0.4807, 0.1978, 7.8123, 0.0362, 1.4779, 0.2328, 0.2415, 0.0831, 0.057, 0.1382, 0.5471, 0.1268, 0.0474, 9.3312e-06, 0.0413, 0.1855, 0.0197, 0.1431, 0.0075, 1.1399, 0.7222, 0.0073, 0.4281, 0.2818, 0.1735, 0.9236, 0.5022],
      [5.7999, 39.5928, 337.6223, 103.5816, 168.9611, 844.6632, 210.971, 434.627, 466.8825, 47.3312, 50.6328, 450.991, 26.0527, 765.3707, 136.768, 381.3853, 263.7388, 196.6385, 204.137, 567.7457, 176.2878, 277.799, 632.6568, 528.9758, 170.0732, 375.5737, 335.7106, 331.953, 16.2186, 30.0303, 359.3817, 7.482, 488.9451, 109.1532, 61.932, 1595.1749, 1.812, 282.6622, 1373.8286, 66.1203],
      [0.253, 1.7867, 12.8911, 6.6491, 9.476, 45.8187, 11.3492, 25.1125, 24.6728, 1.7514, 2.2839, 20.417, 2.575, 44.6899, 4.2598, 18.0024, 13.6585, 30.9101, 4.2826, 42.9978, 8.0121, 14.5513, 18.2044, 21.1279, 1.5923, 26.2519, 16.679, 17.1532, 0.3335, 2.4162, 30.6857, 0.3808, 18.6862, 6.6954, 3.0534, 91.485, 0.5865, 16.0947, 81.1733, 1.1177],
      [0.0341, 0.2739, 3.9864, 0.4548, 1.5794, 7.501, 2.9167, 4.8805, 3.9054, 0.4755, 0.7366, 4.4304, 0.0657, 2.1654, 1.7054, 4.9916, 2.0628, 2.6047, 3.1529, 6.1136, 1.6539, 2.3641, 4.9535, 7.5281, 2.0506, 4.7583, 3.7049, 2.3563, 0.1953, 0.5151, 5.0795, 0.0924, 4.1063, 1.3125, 1.2889, 18.1171, 0.3197, 1.7086, 18.2691, 0.7543]
    ],
    [
      [0.2781, 0.1244, 0.0232, 0.0782, 0.1293, 0.6776, 0.0215, 0.0072, 0.3088, 0.0641, 0.0789, 0.2645, 0.1358, 0.1448, 0.1229, 0.5199, 0.2701, 0.3615, 0.0581, 0.321, 0.1289, 0.1557, 0.0664, 0.1789, 0.0049, 0.208, 0.2788, 0.1062, 0.0879, 0.0013, 0.124, 0.0064, 0.3988, 0.0012, 0.0835, 0.552, 0, 0.1366, 0.5626, 0.0727],
      [28.7671, 57.5021, 151.0226, 5.3664, 22.4855, 1030.3857, 209.3035, 45.3375, 164.9304, 38.2801, 32.4294, 76.3914, 20.2956, 101.0965, 44.0492, 680.2727, 91.6398, 130.1334, 60.5537, 344.3669, 70.6989, 99.0648, 67.482, 86.4467, 43.2484, 169.6975, 81.871, 63.4884, 16.1386, 10.3203, 132.7774, 0.6507, 354.9958, 30.8369, 14.6424, 581.1363, 4.7185, 76.1089, 426.511, 40.3063],
      [2.349, 2.5605, 10.4897, 3.9827, 1.2433, 58.715, 9.43, 2.3126, 13.2888, 4.0869, 1.3785, 7.5431, 1.1493, 6.2677, 4.5962, 27.4515, 8.006, 6.8014, 2.6135, 17.747, 4.5774, 10.0132, 4.7698, 7.2809, 2.4156, 7.8273, 6.0878, 7.2188, 1.8767, 1.0562, 7.4571, 0.2677, 19.0253, 0.2165, 1.0417, 29.7302, 0.0086, 8.4608, 29.1665, 2.9715],
      [1.3854, 1.1862, 3.3681, 2.2608, 0.8781, 28.379, 4.388, 2.0103, 5.9471, 1.5345, 0.5894, 3.0508, 0.9648, 4.273, 1.2561, 11.0538, 3.3941, 5.2104, 0.5153, 11.2315, 1.6387, 4.4823, 1.7744, 2.7054, 0.2706, 4.7273, 2.6469, 3.2078, 0.4434, 0.5375, 5.4934, 0.0405, 5.9836, 0.3603, 0.4282, 14.6588, 0.1024, 4.1063, 14.5418, 0.2039],
      [1.2204, 1.6269, 9.0964, 1.3119, 1.2638, 41.8427, 9.857, 3.3323, 8.5249, 5.0343, 1.5238, 5.7502, 0.4545, 3.218, 5.9756, 27.7021, 4.69, 4.4932, 3.2594, 14.3336, 2.956, 6.284, 3.9074, 10.3881, 2.0604, 7.5398, 5.1155, 3.9788, 2.4533, 1.0848, 8.1481, 0.0346, 12.5964, 0.585, 1.8041, 25.9226, 0.1704, 4.1875, 31.2181, 1.4457]
    ],
    [
      [0, 2.0786, 8.1245, 3.5015, 15.1334, 67.2737, 15.3838, 7.8482, 30.6993, 2.4442, 7.1411, 20.0225, 1.881, 35.9797, 13.8981, 55.5125, 29.1716, 25.1709, 12.3965, 53.9266, 20.5794, 26.4322, 25.2223, 34.398, 6.0872, 36.5957, 32.8189, 15.3135, 0.6014, 0.9057, 25.57, 1.6172, 80.5161, 1.7419, 6.1524, 135.3188, 0, 12.276, 48.1196, 2.6763],
      [0, 0.2595, 1.9944, 0.0255, 1.0139, 11.974, 5.3727, 2.0079, 2.8721, 0.2621, 0.6281, 1.6214, 0.0114, 3.2672, 0.7, 11.837, 2.2614, 2.8674, 1.8974, 8.7965, 2.3781, 2.5261, 3.2038, 2.2683, 1.8814, 4.9895, 2.7312, 1.2949, 0.0146, 0.2599, 4.0083, 0.0276, 9.5786, 1.505, 0.1686, 20.1026, 0.9169, 1.0122, 4.829, 0.2216],
      [0, 1.2052, 9.4434, 1.002, 6.2474, 49.4451, 17.1204, 12.2366, 16.0124, 2.1666, 2.1562, 11.449, 0.0562, 18.7501, 5.2695, 34.641, 13.4644, 7.443, 6.3993, 30.6965, 10.0256, 17.8449, 22.4824, 14.2049, 8.1098, 16.2191, 14.704, 10.6016, 0.2149, 1.7437, 15.7628, 1.1323, 35.2486, 2.5079, 0.8639, 70.9535, 0.1212, 7.8539, 19.3239, 0.7618],
      [0, 0.1617, 1.0548, 0.2747, 0.9491, 7.6139, 2.6979, 1.9544, 2.3525, 0.2175, 0.2621, 1.4994, 0.0154, 3.1452, 0.4749, 4.7016, 1.9156, 3.9202, 0.4475, 6.6253, 1.2711, 2.6736, 1.9554, 1.6351, 0.3794, 3.1611, 2.028, 1.522, 0.0218, 0.3175, 3.9097, 0.1123, 3.9912, 0.4115, 0.133, 11.4, 0.2084, 1.2822, 4.0405, 0.0577],
      [0, 0.2952, 3.383, 0.1963, 1.6563, 13.6934, 7.4251, 3.9529, 4.0637, 0.9096, 0.8125, 3.4077, 0.036, 2.8577, 2.6575, 13.308, 3.187, 2.5985, 2.8594, 9.955, 2.7458, 4.5233, 5.1362, 7.4937, 2.5422, 6.0345, 4.7179, 2.268, 0.1473, 0.7733, 6.7492, 0.1107, 9.6655, 0.8337, 0.682, 24.2251, 1.7535, 1.5757, 10.6869, 0.2825]
    ],
    [
      [0.1484, 0.3637, 0.8826, 0.3849, 1.1602, 5.6173, 0.8806, 0.5106, 2.2128, 0.1686, 0.893, 2.5835, 0.3021, 2.8132, 1.0022, 4.6562, 2.4236, 2.5109, 1.0947, 4.6478, 1.8478, 1.3011, 1.5217, 2.3409, 0.5236, 1.9514, 2.0999, 1.3116, 0.0867, 0.0262, 1.5437, 0.0859, 6.1438, 0.1166, 0.4337, 12.474, 0, 1.2788, 6.9711, 0.5036],
      [0.2337, 1.6307, 4.8188, 0.0697, 1.7434, 21.1022, 7.1639, 2.6378, 4.3781, 0.3829, 1.807, 4.5461, 0.2679, 5.4608, 1.1099, 20.7482, 4.0617, 6.0908, 3.7026, 16.0511, 4.6313, 2.7408, 4.1339, 3.2834, 3.7133, 5.6006, 3.7718, 2.4122, 0.2099, 0.1591, 5.1806, 0.0604, 15.8592, 2.3754, 0.3033, 38.8833, 1.0827, 2.3429, 16.2518, 1.4521],
      [1.0838, 4.45, 18.2548, 3.1455, 8.5283, 69.2559, 17.5154, 12.4586, 19.0759, 2.7641, 4.9075, 26.2117, 0.9049, 24.4872, 6.5951, 48.8422, 19.1442, 12.543, 9.8514, 44.4099, 15.3468, 15.511, 22.2449, 15.5403, 12.4312, 14.1419, 16.0482, 15.7083, 1.4387, 0.7167, 16.0745, 1.4524, 45.9554, 2.993, 1.1439, 107.8148, 0.0582, 14.7356, 59.7099, 3.8086],
      [0.1363, 0.5061, 1.7743, 0.5625, 1.1525, 9.5917, 2.3642, 1.9172, 2.5896, 0.2575, 0.5553, 2.9784, 0.217, 3.7449, 0.5452, 5.9704, 2.4537, 6.1917, 0.6246, 8.6535, 1.7757, 2.0267, 1.8034, 1.6975, 0.5304, 2.5752, 1.991, 2.0202, 0.0754, 0.1653, 3.6191, 0.1199, 4.6608, 0.457, 0.1672, 15.8027, 0.1027, 2.0863, 8.9105, 0.1972],
      [0.3979, 2.0494, 12.2695, 0.8374, 4.4156, 37.4328, 14.0759, 8.4758, 9.7435, 2.427, 3.8372, 14.6803, 0.3081, 7.4939, 6.7476, 36.7829, 8.9167, 8.6637, 8.7267, 28.2377, 8.3984, 7.4204, 10.2962, 17.1378, 7.8014, 10.7309, 10.0892, 6.5477, 1.1894, 0.9327, 13.5821, 0.2813, 24.3808, 2.0581, 1.9519, 73.0252, 1.7564, 5.5564, 50.1566, 2.0384]
    ]
  ],
  "V_est": [
    [51.1681, 276.0908, 439.0648, 62.2856, 148.3905],
    [65.3377, 23.1151, 12925.2638, 700.1179, 135.1655],
    [7.1449, 5705.7502, 343.4824, 161.2307, 286.3917],
    [920.5303, 123.5883, 515.8848, 80.7952, 170.2013],
    [77.8189, 222.4555, 737.3041, 103.5705, 471.8509]
  ],
  "p_est": [
    [0.0524, 0.2826, 0.4494, 0.0638, 0.1519],
    [0.0047, 0.0017, 0.9333, 0.0506, 0.0098],
    [0.0011, 0.8773, 0.0528, 0.0248, 0.044],
    [0.5083, 0.0682, 0.2849, 0.0446, 0.094],
    [0.0482, 0.1379, 0.4571, 0.0642, 0.2925]
  ],
  "EI_Z": {},
  "EI_V": 5.8379,
  "MAE_Z": {},
  "MAE_V": 115.6087,
  "MAE_p": 0.0514,
  "runtime": 0.168
}
