{
  "X": [
    [41, 245, 345, 428, 11],
    [20, 240, 290, 228, 14],
    [8, 87, 91, 117, 2],
    [36, 174, 284, 372, 6],
    [15, 23, 76, 94, 6],
    [3, 18, 27, 34, 3],
    [1, 16, 16, 16, 0],
    [2, 76, 76, 42, 3],
    [2, 43, 97, 63, 1],
    [32, 329, 451, 476, 9],
    [17, 289, 359, 462, 9],
    [11, 79, 102, 240, 1],
    [12, 78, 101, 76, 0],
    [1, 13, 28, 13, 0],
    [9, 24, 61, 59, 1],
    [6, 15, 17, 131, 1],
    [7, 17, 18, 150, 1],
    [19, 102, 133, 286, 4],
    [21, 93, 91, 415, 3],
    [7, 6, 98, 21, 3],
    [10, 85, 128, 121, 2],
    [1, 7, 4, 9, 0],
    [5, 17, 57, 10, 3],
    [21, 85, 124, 207, 4],
    [42, 157, 196, 397, 4],
    [22, 94, 97, 276, 6],
    [8, 17, 45, 43, 0],
    [8, 41, 37, 114, 1],
    [13, 60, 62, 195, 4],
    [34, 158, 213, 378, 4],
    [13, 56, 56, 157, 5],
    [4, 32, 74, 20, 2],
    [26, 163, 143, 326, 11],
    [14, 87, 94, 86, 1],
    [16, 115, 180, 91, 3],
    [1, 4, 64, 7, 0],
    [0, 4, 28, 8, 1],
    [17, 51, 84, 159, 6],
    [27, 136, 147, 318, 4],
    [27, 224, 274, 456, 6],
    [31, 163, 215, 265, 4],
    [22, 131, 180, 235, 3],
    [34, 394, 598, 553, 7],
    [28, 130, 204, 269, 13],
    [14, 103, 131, 225, 3],
    [4, 52, 30, 11, 1],
    [7, 2, 20, 8, 5],
    [4, 2, 6, 12, 0],
    [4, 47, 66, 21, 1],
    [3, 8, 55, 12, 3],
    [7, 25, 44, 92, 3],
    [32, 79, 182, 283, 16],
    [15, 135, 211, 162, 6],
    [297, 2310, 3492, 4786, 119],
    [92, 162, 395, 471, 15],
    [150, 265, 614, 654, 23],
    [40, 35, 182, 183, 6]
  ],
  "W": [
    [61, 112, 219, 590, 62, 26],
    [42, 48, 144, 495, 38, 25],
    [25, 26, 55, 160, 32, 7],
    [39, 135, 174, 471, 34, 19],
    [6, 35, 46, 112, 9, 6],
    [5, 11, 22, 35, 9, 3],
    [3, 4, 8, 32, 2, 0],
    [20, 11, 27, 132, 9, 0],
    [18, 10, 28, 127, 20, 3],
    [87, 71, 263, 760, 98, 18],
    [82, 72, 272, 610, 76, 24],
    [17, 30, 142, 176, 49, 19],
    [16, 17, 47, 165, 18, 4],
    [2, 3, 6, 35, 8, 1],
    [8, 12, 37, 75, 17, 5],
    [6, 14, 97, 25, 15, 13],
    [10, 12, 122, 26, 16, 7],
    [32, 68, 152, 230, 45, 17],
    [31, 59, 296, 168, 52, 17],
    [4, 3, 17, 94, 14, 3],
    [25, 18, 74, 195, 27, 7],
    [3, 0, 4, 8, 5, 1],
    [7, 7, 6, 67, 4, 1],
    [20, 55, 114, 201, 34, 17],
    [45, 79, 236, 354, 60, 22],
    [32, 78, 150, 188, 41, 6],
    [3, 14, 18, 54, 15, 9],
    [18, 15, 75, 59, 25, 9],
    [16, 29, 135, 116, 25, 13],
    [49, 58, 204, 390, 66, 20],
    [24, 21, 111, 90, 29, 12],
    [5, 10, 10, 101, 5, 1],
    [63, 43, 205, 276, 53, 29],
    [23, 43, 34, 171, 10, 1],
    [23, 30, 45, 267, 27, 13],
    [1, 1, 3, 65, 6, 0],
    [2, 1, 6, 27, 4, 1],
    [17, 14, 100, 147, 32, 7],
    [37, 55, 209, 263, 53, 15],
    [56, 71, 291, 471, 88, 10],
    [38, 58, 167, 367, 35, 13],
    [45, 52, 152, 275, 35, 12],
    [81, 137, 280, 990, 79, 19],
    [38, 64, 152, 336, 49, 5],
    [26, 37, 137, 220, 42, 14],
    [9, 3, 7, 61, 13, 5],
    [0, 10, 2, 27, 3, 0],
    [1, 5, 9, 8, 1, 0],
    [13, 5, 8, 99, 8, 6],
    [1, 2, 6, 63, 7, 2],
    [9, 23, 51, 56, 25, 7],
    [32, 41, 183, 231, 75, 30],
    [37, 36, 97, 321, 32, 6],
    [811, 828, 3019, 5244, 847, 255],
    [52, 140, 308, 499, 82, 54],
    [64, 224, 418, 850, 94, 56],
    [18, 93, 75, 226, 15, 19]
  ],
  "method": "mvn_pdf",
  "cond_prob": [
    [
      [3.3187437459e-06, 0.66849783058, 0.081929805047, 0.24956808836, 9.5727377558e-07],
      [0.23037360004, 0.0041013526782, 0.055842121567, 0.68872844538, 0.020954480343],
      [0.011952846036, 0.0079528224864, 0.0074350089348, 0.97242496565, 0.0002343568961],
      [0.0074636570706, 0.3269795042, 0.53638283691, 0.11712361206, 0.012050389765],
      [0.0015100949214, 0.12122352629, 0.20216114713, 0.65189317987, 0.023212051795],
      [0.31088836592, 0.061032561738, 0.1199935547, 0.5060532686, 0.0020322490496]
    ],
    [
      [1.6897370959e-06, 0.79456444525, 0.079044960335, 0.12638736592, 1.5387519645e-06],
      [0.21046633152, 0.0086898386825, 0.096187655566, 0.62430003333, 0.060356140902],
      [0.011788875092, 0.018243678717, 0.013863208986, 0.95537607444, 0.0007281627632],
      [0.0032548873516, 0.3896402093, 0.53499611423, 0.054223424613, 0.017885364508],
      [0.0010868846138, 0.20340504873, 0.27570662402, 0.46690079965, 0.052900642997],
      [0.26189905002, 0.11931183415, 0.19067495393, 0.42273394967, 0.005380212234]
    ],
    [
      [2.0001390136e-06, 0.73750123396, 0.068924086803, 0.19357213986, 5.3923798812e-07],
      [0.19046951059, 0.0060137447534, 0.062952477593, 0.72466057577, 0.015903691298],
      [0.0092450038386, 0.011051630284, 0.0079386196212, 0.9715965058, 0.00016824045445],
      [0.0045374120052, 0.38773156858, 0.49800238269, 0.10311054375, 0.0066180929707],
      [0.0011070600174, 0.16073570719, 0.20593010321, 0.61636063405, 0.015866495536],
      [0.25397938124, 0.088239788366, 0.13333782857, 0.52292663213, 0.0015163696943]
    ],
    [
      [2.9934965479e-06, 0.63542254664, 0.087123011756, 0.27745071961, 7.284989621e-07],
      [0.19719096506, 0.0036961191164, 0.056341748543, 0.72763565831, 0.01513550896],
      [0.0097329154953, 0.0068093870937, 0.0071269655167, 0.97616981662, 0.00016091527514],
      [0.005255095404, 0.30323357033, 0.55754122535, 0.12687598933, 0.0070941195933],
      [0.0012686570637, 0.10714855419, 0.2000535725, 0.67509332459, 0.016435891666],
      [0.27196270517, 0.056244672562, 0.12380188868, 0.54648926117, 0.0015014724168]
    ],
    [
      [7.3190920285e-06, 0.48966395263, 0.11613182939, 0.39419252475, 4.3741347015e-06],
      [0.29080064874, 0.0016384411867, 0.043571314465, 0.60998458314, 0.054005012475],
      [0.016630985751, 0.0035694898342, 0.0065144439643, 0.97261692056, 0.00066815988865],
      [0.014104202508, 0.17117867515, 0.63580735082, 0.14847931306, 0.030430458469],
      [0.0022010040267, 0.057459631799, 0.18739963919, 0.68196559353, 0.07097413145],
      [0.40957138632, 0.025221001302, 0.096921425046, 0.46293878197, 0.0053474053626]
    ],
    [
      [1.2645714688e-06, 0.78470471038, 0.10272151867, 0.11256884876, 3.657618382e-06],
      [0.16326629759, 0.0077331328425, 0.11861092025, 0.56110533674, 0.14928431258],
      [0.0097129608169, 0.017712471925, 0.018556526542, 0.95217596968, 0.0018420710338],
      [0.0094615265207, 0.33449821403, 0.60304990559, 0.047710751135, 0.0052796027245],
      [0.00074538483246, 0.17229468726, 0.32295850816, 0.38262193765, 0.1213794821],
      [0.21750579133, 0.11454930934, 0.25335181033, 0.40121733016, 0.013375758852]
    ],
    [
      [1.2711089577e-06, 0.76197604056, 0.060124411296, 0.17789827704, 0],
      [0.15038299202, 0.0061568935203, 0.057355386563, 0.7861047279, 0],
      [0.0061664413455, 0.010364042386, 0.0066062489195, 0.97686326735, 0],
      [0.010583003297, 0.41481391031, 0.47376156148, 0.10084152491, 0],
      [0.005238291156, 0.16624341755, 0.18849263062, 0.64002566068, 0],
      [0.21369556428, 0.093637196637, 0.12564937024, 0.5665517184, 0.0004661504405]
    ],
    [
      [8.9406868556e-07, 0.83329645729, 0.073097609373, 0.093604108106, 9.3116287554e-07],
      [0.16096058207, 0.012413461807, 0.12266135685, 0.65269237781, 0.051272221461],
      [0.0082695232086, 0.024634964689, 0.016686397169, 0.94981315511, 0.00059595982524],
      [0, 0.42646860396, 0.53054451966, 0.027257015171, 0.015729861213],
      [0.00068206547172, 0.24872477833, 0.30070706323, 0.41171338793, 0.038172705029],
      [0.18963660827, 0.1613053052, 0.23003104906, 0.41476367561, 0.0042633618606]
    ],
    [
      [1.6415206817e-06, 0.63184311114, 0.13628839682, 0.23186624004, 6.1047651168e-07],
      [0.13359402551, 0.0043692710634, 0.10563814097, 0.74109873278, 0.015299829685],
      [0.0041071982938, 0.0078404800869, 0.012999655405, 0.97489479266, 0.00015787355187],
      [0, 0.22883521253, 0.6787598299, 0.087973611127, 0.0044313464517],
      [0.00069712828264, 0.10547332886, 0.31265487198, 0.56740341923, 0.013771251644],
      [0.17836202656, 0.064019759475, 0.22361375326, 0.53254971974, 0.0014547409585]
    ],
    [
      [3.2598614379e-06, 0.68621802117, 0.083759199048, 0.2300187869, 7.3301691346e-07],
      [0.24154882311, 0.0044916312539, 0.060866067581, 0.67600799431, 0.01708548375],
      [0.012708427623, 0.0088521265871, 0.0082367143518, 0.97000840021, 0.00019433122399],
      [0.0073828144044, 0.3324231184, 0.54423756587, 0.10822431925, 0.0077321820764],
      [0.0015589129997, 0.13095478477, 0.21736494734, 0.63144681378, 0.018674541108],
      [0.31909561474, 0.065382119668, 0.1279382282, 0.48596212836, 0.0016219090392]
    ],
    [
      [1.6989998231e-06, 0.70837415217, 0.07937121095, 0.21225216839, 7.6948727636e-07],
      [0.15113474108, 0.0055818454365, 0.06947674451, 0.75218138592, 0.021625283051],
      [0.0040985782017, 0.0099291378616, 0.008485634679, 0.97726479327, 0.0002218559882],
      [0, 0.35233809006, 0.53276999811, 0.10546012472, 0.0094317871007],
      [0.00086056813666, 0.14305937306, 0.21809694661, 0.61721476154, 0.020768350658],
      [0.20574761979, 0.083831410868, 0.15066981977, 0.55763502823, 0.0021161213367]
    ],
    [
      [2.4152178292e-06, 0.64055081166, 0.070365794884, 0.28908051482, 4.6342035255e-07],
      [0.16359331708, 0.0037733880188, 0.046326499137, 0.77649991139, 0.0098068843749],
      [0.0075523548647, 0.0065377603168, 0.0055098247284, 0.98030190864, 9.8151451634e-05],
      [0.0030257456663, 0.3443478915, 0.50348004591, 0.14827195657, 0.00087436036364],
      [0.0010399671803, 0.1089229874, 0.16371826392, 0.71572962376, 0.010589157742],
      [0.23348607415, 0.059295647904, 0.10510044159, 0.60111299787, 0.0010048384811]
    ],
    [
      [4.8163234355e-06, 0.77265842294, 0.08478127286, 0.14255548787, 0],
      [0.43337992905, 0.0056643810761, 0.078536253521, 0.48241943636, 0],
      [0.029322982609, 0.01512275591, 0.012904942767, 0.94264931871, 0],
      [0.0072557311333, 0.36990979115, 0.55734235016, 0.065492127558, 0],
      [0.0030021570793, 0.19477433453, 0.2906354831, 0.51158802529, 0],
      [0.50076237449, 0.072336916277, 0.12723113571, 0.29966957352, 0]
    ],
    [
      [1.373676068e-06, 0.74257529723, 0.13081495254, 0.12660837655, 0],
      [0.17457610953, 0.0074903028766, 0.15488764236, 0.66304594523, 0],
      [0.007795829136, 0.01447726019, 0.020441520866, 0.95728538981, 0],
      [0.0049371822837, 0.28655928434, 0.67495469616, 0.033548837209, 0],
      [0.007439042425, 0.15977133382, 0.40448426113, 0.42830536262, 0],
      [0.19718022991, 0.097769313206, 0.2917695878, 0.41328086909, 0]
    ],
    [
      [6.6057203243e-06, 0.64299777425, 0.14550345053, 0.21149148102, 6.8847927241e-07],
      [0.41375683715, 0.0031638805226, 0.080990202842, 0.48962059355, 0.012468485934],
      [0.027256099452, 0.0083504127335, 0.014647751038, 0.94955657175, 0.00018916502642],
      [0.0067766963044, 0.21940210436, 0.69011464368, 0.076146842602, 0.0075597130545],
      [0.0028796922761, 0.10872907865, 0.34137158515, 0.53107058135, 0.015949062575],
      [0.49383648743, 0.041106760885, 0.15204158999, 0.31196295927, 0.0010522024233]
    ],
    [
      [2.5092805918e-06, 0.6247589343, 0.067204468612, 0.30803340587, 6.8194223383e-07],
      [0.16103240948, 0.0032729699628, 0.040807524981, 0.78131571215, 0.013571383434],
      [0.0053526543328, 0.0083552607192, 0.0018225355465, 0.98099824125, 0.0034713081523],
      [0.0059390635005, 0.32973847725, 0.49528132088, 0.15987289276, 0.0091682456015],
      [0.0010404766536, 0.097770349507, 0.14894291466, 0.73719706622, 0.015049192959],
      [0.23555692339, 0.052703642387, 0.09480808836, 0.61552091394, 0.0014104319287]
    ],
    [
      [3.9180209708e-06, 0.61625409995, 0.072513587565, 0.31122766626, 7.2820552713e-07],
      [0.23185784024, 0.0029378973021, 0.03979948394, 0.71231836594, 0.013086412574],
      [0.013714263538, 0.0067709600706, 0.0024493428656, 0.97430593168, 0.0027595018483],
      [0.0089076914588, 0.31295895815, 0.51363268693, 0.15508957587, 0.0094110875907],
      [0.0015944986253, 0.095155169845, 0.15777742788, 0.72969345139, 0.015779452264],
      [0.32677351848, 0.045247353535, 0.088508825895, 0.53816501238, 0.0013052897122]
    ],
    [
      [2.8480264464e-06, 0.62486872936, 0.073475234386, 0.3016524345, 7.5372693697e-07],
      [0.17979186008, 0.0034538615049, 0.045284219959, 0.75651269866, 0.014957359802],
      [0.0085402498971, 0.0061399974163, 0.0055266331807, 0.979639802, 0.00015331750404],
      [0.0046518496015, 0.32745207368, 0.51129695446, 0.14708697026, 0.0095121520043],
      [0.0011765289419, 0.10223337556, 0.1641433841, 0.71587372867, 0.016572982727],
      [0.25606324605, 0.054210566142, 0.10262738169, 0.58556986671, 0.0015289394045]
    ],
    [
      [3.019282108e-06, 0.65884237634, 0.060845816741, 0.28030814373, 6.4390906024e-07],
      [0.20141768068, 0.0038328578678, 0.039551278328, 0.7417177763, 0.013480406816],
      [0.010031910493, 0.010133460122, 0.0008254971819, 0.9790091322, 0],
      [0.0074872191331, 0.37075046761, 0.46061887814, 0.15290018115, 0.0082432539692],
      [0.0013498635608, 0.11641714585, 0.1470505651, 0.71986274942, 0.015319676072],
      [0.28345717744, 0.059439610634, 0.088547422401, 0.56719424752, 0.0013615420059]
    ],
    [
      [2.2232470876e-05, 0.51388470121, 0.33591666146, 0.1501735024, 2.9024535146e-06],
      [0.74763759953, 0.0010928601462, 0.080450405199, 0.14789896585, 0.022920169268],
      [0.11415148948, 0.0082459854473, 0.041577854004, 0.83504682478, 0.00097784629106],
      [0.0039685128083, 0.030289429794, 0.92567048137, 0.016816225469, 0.023255350555],
      [0.0072519322863, 0.065577839417, 0.59391879003, 0.28155079559, 0.05170064268],
      [0.78061856477, 0.011901569874, 0.12675677035, 0.079125579757, 0.0015975152441]
    ],
    [
      [3.2053000397e-06, 0.71237852343, 0.098221023449, 0.18939661787, 6.2995013103e-07],
      [0.27335606186, 0.0051466499106, 0.079317188691, 0.62577461124, 0.016405488302],
      [0.015005364952, 0.010838051729, 0.011461004848, 0.9624967344, 0.00019884407163],
      [0.0077769177076, 0.31733113391, 0.58853613678, 0.080136580269, 0.0062192313336],
      [0.0016534282892, 0.1451394288, 0.27395900766, 0.56195521378, 0.017292921464],
      [0.34399603298, 0.071077956814, 0.15817296854, 0.42527989725, 0.0014731444174]
    ],
    [
      [3.0072719925e-06, 0.78798668282, 0.041974740501, 0.17003556941, 0],
      [0.6992841912, 0.0022280754474, 0.015726748601, 0.28237839561, 0.00038258913643],
      [0.014916886953, 0.009310482472, 0.0044645657384, 0.97130806484, 0],
      [0.0018327060206, 0.46904593478, 0.39260030166, 0.13652105754, 0],
      [0.0020010454715, 0.16724436122, 0.14102069216, 0.68973390115, 0],
      [0.91565655485, 0.01020873732, 0.010311641435, 0.063823066394, 0]
    ],
    [
      [6.9176458575e-06, 0.66776607065, 0.2079940204, 0.12422842585, 4.5654606114e-06],
      [0.50344114223, 0.0032496343324, 0.11528890227, 0.29104949754, 0.086970823621],
      [0.046059291613, 0.013491149174, 0.032727094388, 0.90575308394, 0.0019693808887],
      [0.0091145396443, 0.17531030592, 0.78260828168, 0.0040283172941, 0.028938555469],
      [0.0029389569989, 0.10912821046, 0.47564415228, 0.30381925349, 0.10846942677],
      [0.577077847, 0.039639831854, 0.20332549355, 0.17336175997, 0.0065950676178]
    ],
    [
      [3.2547271642e-06, 0.67131568826, 0.083553363728, 0.24512685751, 8.3578053769e-07],
      [0.23110528381, 0.0041369659116, 0.057524407064, 0.68866195417, 0.018571389048],
      [0.01191053171, 0.0080103970879, 0.0076453121417, 0.97222670499, 0.00020705406592],
      [0.0079432618746, 0.3245825268, 0.54296456109, 0.11342508532, 0.011084564918],
      [0.0014976551975, 0.12204167753, 0.20778838138, 0.64818624677, 0.020486039121],
      [0.31081339808, 0.061321348158, 0.12310841215, 0.50296685075, 0.0017899908591]
    ],
    [
      [5.5997930895e-06, 0.63642066594, 0.071415553243, 0.29215752535, 6.5568003902e-07],
      [0.30911154351, 0.0030795660519, 0.038448434479, 0.63802396462, 0.011336491347],
      [0.017196790478, 0.0064336093157, 0.005515084206, 0.9707177976, 0.00013671840007],
      [0.012240531721, 0.33663958866, 0.49948146428, 0.14553561763, 0.0061027977152],
      [0.0023748884526, 0.10727982228, 0.16403462964, 0.71151230324, 0.014798356395],
      [0.41117509014, 0.04510221797, 0.081308989748, 0.46133050393, 0.001083198215]
    ],
    [
      [3.5278534332e-06, 0.6350630184, 0.061529044168, 0.30340332141, 1.0881691603e-06],
      [0.21323212279, 0.0033423706095, 0.036161605003, 0.72660864889, 0.020655252708],
      [0.01050926884, 0.0061791356551, 0.0045895828937, 0.97850223879, 0.00021977381697],
      [0.010172729903, 0.36100306765, 0.45386180305, 0.15715939993, 0.017802999468],
      [0.0014777038321, 0.10507297473, 0.13916569845, 0.72998332917, 0.024300293819],
      [0.30305535437, 0.052306578824, 0.081702558809, 0.56083326663, 0.0021022413667]
    ],
    [
      [3.8072830696e-06, 0.64755118409, 0.13558350226, 0.21686150636, 0],
      [0.28146940204, 0.0038280475266, 0.091565684729, 0.62313686571, 0],
      [0.015456995224, 0.008152577278, 0.013358189139, 0.96303223836, 0],
      [0.008473262033, 0.23571841133, 0.67747740633, 0.078330920315, 0],
      [0.010094686665, 0.11029474855, 0.3233502788, 0.55626028599, 0],
      [0.35246828732, 0.052643550173, 0.1818720421, 0.41301612041, 0]
    ],
    [
      [2.7899525342e-06, 0.72396606111, 0.066466088934, 0.20956457174, 4.8826346683e-07],
      [0.23746573807, 0.0050925464789, 0.05304148957, 0.6917571321, 0.012643093773],
      [0.015476704755, 0.0072606929571, 0.0057627031745, 0.97062997574, 0.00086992337658],
      [0.0066646687209, 0.38870125725, 0.48812739789, 0.10992074418, 0.0065859319569],
      [0.0014890665594, 0.1497698277, 0.19076501377, 0.6441467933, 0.013829298678],
      [0.31630763718, 0.074450095632, 0.1119048331, 0.49613764531, 0.0011997887784]
    ],
    [
      [3.0582152855e-06, 0.68825411614, 0.063325081411, 0.24841654929, 1.1949503584e-06],
      [0.220363076, 0.0042333981944, 0.043760606215, 0.7047952471, 0.026847672488],
      [0.012853281555, 0.0090491378659, 0.00061911134911, 0.97354790937, 0.003930559857],
      [0.0073925352151, 0.37588547007, 0.46838413946, 0.13197550178, 0.016362353475],
      [0.0014517444763, 0.1279958637, 0.16187864654, 0.67834398177, 0.030329763524],
      [0.30618470444, 0.064686220102, 0.096510364952, 0.5299651946, 0.002653515908]
    ],
    [
      [6.1659181375e-06, 0.58024950123, 0.070777179436, 0.34896649025, 6.6316270731e-07],
      [0.29514403736, 0.0024332965659, 0.032997462892, 0.65950564113, 0.0099195620422],
      [0.015913806737, 0.0049369486988, 0.0045970502326, 0.97443596146, 0.00011623286965],
      [0.013921680908, 0.31272400429, 0.50189253808, 0.16503601481, 0.0064257619137],
      [0.002318165138, 0.086776836578, 0.14413506217, 0.75350551642, 0.013264419699],
      [0.40262363376, 0.03649364086, 0.071463157972, 0.48844843967, 0.00097112773531]
    ],
    [
      [3.6123437346e-06, 0.72009670904, 0.073436683741, 0.20646088742, 2.1074464219e-06],
      [0.27653463758, 0.0046423884419, 0.053308730947, 0.61536318741, 0.050151055626],
      [0.017012156783, 0.0098321290421, 0.0071756984771, 0.9659800157, 0],
      [0.0090392405199, 0.36209800388, 0.50191780952, 0.1022053836, 0.024739562485],
      [0.0018222334066, 0.14215041482, 0.19977956059, 0.59888610181, 0.05736168937],
      [0.36983000801, 0.068136676914, 0.11294363298, 0.44436237895, 0.0047273031457]
    ],
    [
      [2.4464701775e-06, 0.73416756925, 0.14073386949, 0.12509501803, 1.0967479197e-06],
      [0.28225999593, 0.0065620177055, 0.1423860089, 0.53218738725, 0.036604590214],
      [0.016810308072, 0.015741537716, 0.023403615473, 0.94354772181, 0.00049681692503],
      [0.0066990910575, 0.26973140034, 0.68618483332, 0.022883338338, 0.014501336948],
      [0.0013404653221, 0.15605391434, 0.41475667331, 0.39557190912, 0.032277037917],
      [0.32597420425, 0.082985593425, 0.25998287736, 0.32809710143, 0.0029602235233]
    ],
    [
      [3.4221296926e-06, 0.70621051994, 0.061745236106, 0.23203895028, 1.8715403496e-06],
      [0.24705617808, 0.0044586556307, 0.043424345923, 0.66256631473, 0.042494505638],
      [0.013230543002, 0.0089709832476, 0.005998050401, 0.97130947718, 0.0004909461733],
      [0.0099074208518, 0.38868801637, 0.45153725599, 0.12681127265, 0.023056034138],
      [0.0016684283729, 0.13670403582, 0.16302258257, 0.64978230085, 0.048822652383],
      [0.33935284738, 0.067405416176, 0.094783565155, 0.49428891658, 0.0041692547079]
    ],
    [
      [2.8430619181e-06, 0.75680625358, 0.071017218222, 0.17217327017, 4.1496629835e-07],
      [0.27225604921, 0.0061440961278, 0.064614375657, 0.64478353139, 0.012201947614],
      [0.014658252479, 0.012576225179, 0.0090749166922, 0.96354667318, 0.00014393246713],
      [0.0083878425877, 0.39217928647, 0.5081470225, 0.089300280835, 0.0019855676104],
      [0.0016773989732, 0.17536199635, 0.22568746362, 0.58429542333, 0.012977717732],
      [0.343448837, 0.085390428667, 0.12962317654, 0.44043379201, 0.0011037657899]
    ],
    [
      [2.6911608824e-06, 0.76662691506, 0.10267663265, 0.13069311516, 6.4596429414e-07],
      [0.29737977492, 0.0072653207186, 0.10864424192, 0.56466270057, 0.022047961881],
      [0.017984624052, 0.016700188053, 0.017137555911, 0.94788612891, 0.00029150307668],
      [0.0064441152258, 0.33786824131, 0.60629316793, 0.042887203751, 0.0065072717796],
      [0.0016330135939, 0.18423534233, 0.3373674761, 0.45587248251, 0.020891685465],
      [0.34650512624, 0.093302938211, 0.20144019098, 0.35691239263, 0.0018393519414]
    ],
    [
      [3.8579912827e-06, 0.51822327251, 0.31199171701, 0.16978115249, 0],
      [0.36602675155, 0.002826237761, 0.19321799708, 0.43792901361, 0],
      [0.016873257481, 0.0078811967168, 0.036872856278, 0.93837268952, 0],
      [0.0081032394384, 0.046783405978, 0.92143221841, 0.023681136175, 0],
      [0.0094398424203, 0.069064251831, 0.58184625342, 0.33964965233, 0],
      [0.41093214614, 0.032001444831, 0.3167170859, 0.23967683911, 0.00067248401094]
    ],
    [
      [0, 0.57975508225, 0.29938178089, 0.12086100194, 2.1349196912e-06],
      [0, 0.0051221790758, 0.31173080674, 0.57362079445, 0.10952621974],
      [0, 0.010954482584, 0.045292079113, 0.9399067543, 0.0038466840051],
      [0, 0.088176011799, 0.87967796505, 0.0054976479543, 0.026648375191],
      [0, 0.081546363838, 0.61592049702, 0.26668555401, 0.035847585142],
      [0, 0.062702986983, 0.60276611226, 0.33003796509, 0.0044929356604]
    ],
    [
      [1.6555023774e-05, 0.54550049494, 0.079749577421, 0.37473084043, 2.53217831e-06],
      [0.51564466575, 0.0013928290359, 0.022757158569, 0.43676268795, 0.023442658702],
      [0.038866532879, 0.0041534760259, 0.0046586479623, 0.95192101987, 0.00040032326153],
      [0.0082124579543, 0.26416859985, 0.52306630574, 0.17635638159, 0.02819625487],
      [0.005606970312, 0.072730830882, 0.14558723681, 0.73005851919, 0.046016442811],
      [0.64391222671, 0.018781944393, 0.044321949487, 0.29093362669, 0.0020502527229]
    ],
    [
      [3.8046600271e-06, 0.71010667789, 0.068505149396, 0.22138370686, 6.6119221126e-07],
      [0.28236756534, 0.0045870589876, 0.049338571711, 0.64838234142, 0.015324462542],
      [0.015368525035, 0.0094001672122, 0.0069409485822, 0.96810930745, 0.00018105171921],
      [0.0099437959649, 0.3761089421, 0.48954936558, 0.11623352776, 0.008164368596],
      [0.0019382908623, 0.14342447029, 0.18888014656, 0.64782318412, 0.017933908165],
      [0.36931157647, 0.066065401987, 0.10259325727, 0.46059215005, 0.0014376142198]
    ],
    [
      [3.0019749615e-06, 0.70382068027, 0.075673908581, 0.2205017518, 6.5737389546e-07],
      [0.23547374096, 0.0048564875748, 0.058054112466, 0.6854218657, 0.016193793299],
      [0.012211297565, 0.0094422914331, 0.0077497445138, 0.97041501303, 0.0001816534591],
      [0.0073840817374, 0.35757981775, 0.51817400745, 0.10998878801, 0.0068733050588],
      [0.0015051531791, 0.14051051285, 0.205708792, 0.63472308758, 0.017552454397],
      [0.3117352712, 0.07085051896, 0.12229122783, 0.49358297834, 0.0015400036639]
    ],
    [
      [4.4465647939e-06, 0.715035779, 0.081784301699, 0.20317482097, 6.517701252e-07],
      [0.32919734896, 0.0046084480619, 0.058684001565, 0.59247373388, 0.015036467535],
      [0.019429484536, 0.010257719082, 0.0089672960868, 0.96115250666, 0.00019299363521],
      [0.0087350640363, 0.34843983803, 0.53800621709, 0.098143649957, 0.006675230889],
      [0.0023002972445, 0.14692252936, 0.22912003779, 0.60370847733, 0.017948658279],
      [0.41349092064, 0.063738633753, 0.11719253882, 0.40422272196, 0.0013551848187]
    ],
    [
      [3.0601620717e-06, 0.71980992036, 0.093866027966, 0.18632037303, 6.1848219973e-07],
      [0.26436956264, 0.0054066843236, 0.078591345635, 0.63495939021, 0.016673017191],
      [0.014598965717, 0.011245007537, 0.011218909337, 0.96273729247, 0.00019982493515],
      [0.0072293257151, 0.32894385813, 0.57721072657, 0.081241757433, 0.0053743321503],
      [0.0016106459807, 0.15026517136, 0.26752668881, 0.56326586129, 0.017331632557],
      [0.3324304221, 0.074943572451, 0.15730171953, 0.43381983563, 0.0015044502856]
    ],
    [
      [2.1822813405e-06, 0.68847694897, 0.088525463246, 0.22299482593, 5.7957269152e-07],
      [0.17910419969, 0.0050184118674, 0.07160979492, 0.72923683793, 0.015030755594],
      [0.0088019650916, 0.0091973236778, 0.009011956528, 0.97282970517, 0.00015904952784],
      [0.0023833853764, 0.32632563058, 0.56286999034, 0.10469390818, 0.0037270855275],
      [0.0010551072668, 0.1329096102, 0.23230781503, 0.61880501057, 0.014922456927],
      [0.23974171871, 0.074124242088, 0.15273368005, 0.5319521012, 0.0014482579487]
    ],
    [
      [5.3865921194e-06, 0.64220221943, 0.089836453734, 0.26795360707, 2.3331724895e-06],
      [0.30616930061, 0.003179552569, 0.049505442078, 0.59964938805, 0.041496316689],
      [0.017962637351, 0.0070346744854, 0.0075195207624, 0.96695559721, 0.00052757018686],
      [0.010472627746, 0.29435922526, 0.55315677626, 0.11906930688, 0.022942063865],
      [0.0022349417785, 0.10582080374, 0.20181487381, 0.63838220761, 0.051747173061],
      [0.40926482467, 0.046726941227, 0.10505873417, 0.43498720707, 0.0039622928634]
    ],
    [
      [2.5554244735e-06, 0.6940619245, 0.077185877923, 0.22874899545, 6.4669600314e-07],
      [0.20269170958, 0.0047805640672, 0.059350428835, 0.71715943274, 0.016017864784],
      [0.010030530176, 0.0089005352879, 0.0075846907651, 0.97331239686, 0.00017184690974],
      [0.0056326404813, 0.3496307362, 0.52451954267, 0.11269505766, 0.0075220229859],
      [0.0012504003586, 0.13436388367, 0.20424696313, 0.64330027213, 0.016838480703],
      [0.2738899964, 0.071149334271, 0.12753048808, 0.52587890154, 0.0015512797032]
    ],
    [
      [1.1285523493e-06, 0.92920749541, 0.035225058747, 0.035566058546, 2.5874341205e-07],
      [0.40754329433, 0.023390927284, 0.10277096677, 0.44139031373, 0.024904497879],
      [0.025589121593, 0.063708945402, 0.0191472695, 0.89117043139, 0.00038423211385],
      [0.0034895456521, 0.58842016543, 0.39696179383, 0, 0.01112849509],
      [0.035925655976, 0.46308941937, 0.32790197375, 0.15496168858, 0.018121262319],
      [0.38366805928, 0.24144091969, 0.15264712047, 0.22060791211, 0.0016359884436]
    ],
    [
      [3.8851632612e-05, 0.48064739866, 0.17452333161, 0.34436342245, 0.00042699564485],
      [0.22330476966, 0.00016085612, 0.0068149041705, 0.55275528648, 0.21696418357],
      [0.086932348768, 0.0029719483167, 0.0086294644716, 0.84101419796, 0.06045204048],
      [0.16997870177, 0.073196993429, 0.7344454765, 0.022378828307, 0],
      [0.0012208860203, 0.0053762398637, 0.028188054657, 0.06206345834, 0.90315136112],
      [0.73875946452, 0.0052272754949, 0.03222810311, 0.097514214341, 0.12627094254]
    ],
    [
      [3.0102508535e-05, 0.54982604683, 0.13020767288, 0.31993617778, 0],
      [0.79520235266, 0.0004642305208, 0.014242257642, 0.19009115918, 0],
      [0, 0.0029174016897, 0.0061042889462, 0.99097830936, 0],
      [0.0015878111097, 0.17012407079, 0.68975475942, 0.13853335868, 0],
      [0.011255645307, 0.060603619052, 0.22560436302, 0.70253637263, 0],
      [0.87921374445, 0.0045538963976, 0.020531759457, 0.095661675941, 3.8923754076e-05]
    ],
    [
      [2.0274317163e-06, 0.78163687163, 0.10024835255, 0.11811220571, 5.4269189489e-07],
      [0.26885721552, 0.0081739260729, 0.11855041439, 0.58352214592, 0.020896298093],
      [0.014824833099, 0.018044254888, 0.017929647754, 0.94893787535, 0.00026338890619],
      [0.0065528905314, 0.34814174264, 0.60482573088, 0.033059269169, 0.0074203667834],
      [0.0013009982139, 0.19530087098, 0.34676662569, 0.43807041669, 0.018561088424],
      [0.31299079211, 0.10417625168, 0.21811696678, 0.36299943536, 0.0017165540561]
    ],
    [
      [7.4781740345e-06, 0.5810431399, 0.23219656495, 0.18674666467, 6.1523134237e-06],
      [0.46499029789, 0.0022186715853, 0.10089735384, 0.34046650772, 0.091427168961],
      [0.033806037805, 0.0080100989441, 0.024943324535, 0.93143440372, 0.0018061349924],
      [0.011162054817, 0.10750140788, 0.81015082741, 0.040102519413, 0.031083190479],
      [0.0025705877022, 0.076881663514, 0.43005864564, 0.3713715579, 0.11911754524],
      [0.5729860659, 0.027849291245, 0.18321806677, 0.20882713459, 0.0071194414858]
    ],
    [
      [2.5868099899e-06, 0.6545505331, 0.10424133713, 0.24120407269, 1.4702682581e-06],
      [0.19102941097, 0.0040217775854, 0.072789588822, 0.69834397772, 0.033815244903],
      [0.0095902833053, 0.0076584395823, 0.0094999027201, 0.97288494738, 0.00036642701633],
      [0.0046046458998, 0.27558421507, 0.6010050891, 0.095316662178, 0.023489387747],
      [0.0011330855485, 0.11075354532, 0.24550877559, 0.60799456601, 0.034610027536],
      [0.2615726441, 0.060629888846, 0.15845257211, 0.51607461569, 0.0032702792505]
    ],
    [
      [6.0629041815e-06, 0.61212737125, 0.12870315177, 0.25915779787, 5.6162059274e-06],
      [0.31356914562, 0.0027563078379, 0.064578662479, 0.52776715772, 0.091328726339],
      [0.020748300965, 0.0068749239373, 0.011055847912, 0.9600169862, 0.0013039409861],
      [0.010642645896, 0.21710437094, 0.64903810527, 0.10814738157, 0.015067496326],
      [0.00221553226, 0.088798385044, 0.2549490226, 0.54373776928, 0.11029929081],
      [0.42406386062, 0.040993861743, 0.13871916007, 0.38743368962, 0.0087894279571]
    ],
    [
      [2.8874813369e-06, 0.72643861614, 0.10289152686, 0.17066594249, 1.0270325259e-06],
      [0.26357725559, 0.0057345618379, 0.090497626207, 0.61105742273, 0.029133133632],
      [0.014970341308, 0.012336302254, 0.013362117433, 0.95897093763, 0.0003603013743],
      [0.0063650038309, 0.31573194542, 0.59843800724, 0.067098558699, 0.012366484808],
      [0.0015327240691, 0.15305493291, 0.29584691604, 0.52047063109, 0.029094795886],
      [0.32779590917, 0.078498887586, 0.17887865562, 0.41223573698, 0.0025908106444]
    ],
    [
      [2.6550158903e-06, 0.68425108039, 0.098253027018, 0.21749206652, 1.1710567937e-06],
      [0.20825525919, 0.0048014326175, 0.076391727146, 0.68139459538, 0.029156985668],
      [0.010948491059, 0.0093866062297, 0.01025621357, 0.96907944729, 0.00032924184681],
      [0.0038709273595, 0.30424792656, 0.58424932535, 0.09462160001, 0.013010220718],
      [0.0012520337996, 0.12919405937, 0.25180033873, 0.58832052857, 0.029433039537],
      [0.27509561555, 0.070020110644, 0.160872891, 0.49123607664, 0.0027753061645]
    ],
    [
      [6.8050808348e-06, 0.64821503295, 0.14018273651, 0.21159386322, 1.5622366888e-06],
      [0.39733522907, 0.0033396276196, 0.080263267395, 0.49030194766, 0.028759928255],
      [0.028187095691, 0.0088635003493, 0.014625058677, 0.94788441337, 0.00043993190761],
      [0.0032804602565, 0.22762332406, 0.67497970931, 0.07856247686, 0.015554029522],
      [0.0029286625281, 0.11119469721, 0.32740985867, 0.52258463685, 0.035882144739],
      [0.47803682588, 0.044320526616, 0.15382664516, 0.3213302027, 0.0024857996358]
    ],
    [
      [9.2034164755e-06, 0.6503639631, 0.12707332968, 0.22255193129, 1.5725112613e-06],
      [0.46361937712, 0.0029027022051, 0.062951274731, 0.4455193274, 0.025007318542],
      [0.035614629799, 0.0084341637235, 0.012559796105, 0.94253212589, 0.00085928448214],
      [0, 0.24299435809, 0.64926978364, 0.091829359704, 0.015906498565],
      [0.0039677674033, 0.11194223183, 0.29740414462, 0.55052912247, 0.036156733671],
      [0.55158544846, 0.038093686878, 0.11930215888, 0.28887902102, 0.0021396847639]
    ],
    [
      [7.5060399176e-06, 0.46456501588, 0.1597111558, 0.37571470999, 1.6122974684e-06],
      [0.30674535856, 0.0016560262567, 0.063416642284, 0.60750611622, 0.020675856683],
      [0.017872251377, 0.0036201528252, 0.0095160466146, 0.96873131596, 0.00026023322205],
      [0.010636833233, 0.11025846538, 0.73475732289, 0.12828874363, 0.016058634879],
      [0.0022751305162, 0.055765709424, 0.26185773635, 0.65402269507, 0.026078728647],
      [0.40495139073, 0.024074157584, 0.13319615525, 0.43582216996, 0.0019561264747]
    ]
  ],
  "expected_outcome": [
    [
      [0.0002024433685, 7.0968958029e-05, 5.0003475339e-05, 0.00011674636537, 4.3914552171e-05, 6.3228573438e-06, 3.813326873e-06, 1.7881373711e-05, 2.954737227e-05, 0.00028360794509, 0.0001393179855, 4.1058703097e-05, 7.7061174968e-05, 2.7473521359e-06, 5.2845762595e-05, 1.5055683551e-05, 3.9180209708e-05, 9.1136846286e-05, 9.3597745347e-05, 8.8929883503e-05, 8.0132500993e-05, 9.0218159776e-06, 4.8423521002e-05, 6.5094543284e-05, 0.00025199068903, 0.00011289130986, 1.1421849209e-05, 5.0219145616e-05, 4.8931444568e-05, 0.00030212998874, 8.6696249631e-05, 1.2232350887e-05, 0.00021559417063, 6.5390424116e-05, 6.1896700295e-05, 3.8579912827e-06, 0, 0.00028143540415, 0.000140772421, 0.00016811059784, 0.00016896946217, 0.00013770729323, 0.00017676478858, 0.00020469050054, 6.644103631e-05, 1.0156971144e-05, 0, 3.0102508535e-05, 2.6356612312e-05, 7.4781740345e-06, 2.328128991e-05, 0.00019401293381, 0.00010683680947, 0.0021532178871, 0.00035386420341, 0.00058901865443, 0.00013510871852],
      [40.7783676652, 33.3717067006, 18.4375308491, 24.781479319, 2.9379837158, 3.9235235519, 2.2859281217, 16.6659291458, 11.3731760005, 59.700967842, 58.086680478, 10.8893637982, 12.3625347671, 1.4851505945, 5.143982194, 3.7485536058, 6.1625409995, 19.9957993396, 20.4241136665, 2.0555388048, 17.8094630858, 2.3639600485, 4.6743624945, 13.4263137651, 28.6389299672, 20.3220165886, 1.9426535523, 13.0313891, 11.0120658582, 28.4322255602, 17.282321017, 3.6708378463, 44.4912627563, 17.4065438323, 17.6324190464, 0.51822327251, 1.1595101645, 9.273508414, 26.2739470819, 39.4139580953, 27.171359602, 32.3914464161, 55.7666328667, 24.4036843384, 18.0456100371, 8.3628674587, 0, 0.54982604683, 10.1612793311, 0.5810431399, 5.8909547979, 19.5880758799, 26.8782287971, 554.9276261942, 33.7071817134, 41.6232936382, 8.3621702858],
      [4.9977181079, 3.3198883341, 1.7231021701, 3.3977974585, 0.69679097635, 0.51360759337, 0.18037323389, 1.4619521875, 2.4531911428, 7.2870503172, 6.5084392979, 1.196218513, 1.3565003658, 0.26162990508, 1.1640276043, 0.40322681167, 0.72513587565, 2.3512075003, 1.886220319, 1.3436666459, 2.4555255862, 0.1259242215, 1.4559581428, 1.6710672746, 3.2136998959, 1.9689294134, 0.40675050679, 1.1963896008, 1.0132013026, 3.4680817924, 1.7624804098, 0.70366934747, 3.8899498747, 1.6333960191, 2.3615625509, 0.31199171701, 0.59876356177, 1.3557428161, 2.5346905276, 4.2377388805, 3.1078034645, 4.2239712585, 7.1705625229, 3.4137852419, 2.006832826, 0.31702552872, 0, 0.13020767288, 1.3032285831, 0.23219656495, 0.93817203418, 4.1185008567, 3.8069864937, 79.6832049115, 7.2895022985, 8.1326930998, 2.8748008044],
      [15.2236533898, 5.3082693688, 4.8393034964, 10.8205780647, 2.3651551485, 0.56284424378, 0.53369483111, 1.8720821621, 4.1735923207, 20.0116344604, 17.4046778082, 4.9143687519, 2.280887806, 0.2532167531, 1.6919318482, 1.8482004352, 3.1122766626, 9.6528779039, 8.6895524556, 0.60069400961, 4.7349154468, 0.51010670822, 0.86959898093, 4.9025371502, 13.1470886406, 9.7089062853, 0.65058451908, 3.7721622913, 3.9746647886, 17.0993580224, 4.9550612982, 0.62547509017, 14.6184538678, 3.9599852139, 3.0059416488, 0.16978115249, 0.24172200388, 6.3704242874, 8.1911971539, 12.3480981007, 7.7206431967, 8.3844167865, 18.0625809002, 10.1822370687, 5.9474738818, 0.32009452691, 0, 0.31993617778, 1.5354586742, 0.18674666467, 2.1708366542, 8.2930495319, 6.3146398722, 176.3860659494, 11.0028808876, 14.2433236026, 6.7628647797],
      [5.8393700311e-05, 6.4627582509e-05, 1.3480949703e-05, 2.8411459522e-05, 2.6244808209e-05, 1.828809191e-05, 0, 1.8623257511e-05, 1.098857721e-05, 6.3772471471e-05, 6.3097956662e-05, 7.8781459933e-06, 0, 0, 5.5078341793e-06, 4.091653403e-06, 7.2820552713e-06, 2.4119261983e-05, 1.9961180867e-05, 1.1609814058e-05, 1.5748753276e-05, 0, 3.195822428e-05, 1.6715610754e-05, 2.9505601756e-05, 3.4821413129e-05, 0, 8.788742403e-06, 1.9119205735e-05, 3.2494972658e-05, 5.0578714125e-05, 5.4837395984e-06, 0.00011790704202, 9.5442248621e-06, 1.4857178765e-05, 0, 4.2698393823e-06, 4.304703127e-05, 2.4464111817e-05, 3.6812938145e-05, 2.4767264758e-05, 2.7831698988e-05, 4.6945388013e-05, 8.8660554601e-05, 1.6814096082e-05, 2.3286907085e-06, 0, 0, 7.0549946336e-06, 6.1523134237e-06, 1.3232414323e-05, 0.00017971858968, 3.8000203457e-05, 0.00094972705972, 8.123630782e-05, 0.00010064072073, 2.902135443e-05]
    ],
    [
      [25.8018432042, 10.1023839129, 4.9522072753, 26.6207802838, 10.1780227058, 1.7959292735, 0.60153196808, 1.7705664027, 1.3359402551, 17.1499664407, 10.8817013578, 4.9077995125, 7.3674587938, 0.5237283286, 4.9650820458, 2.2544537327, 2.7822940829, 12.2258464851, 11.8836431603, 2.2429127986, 4.9204091134, 0, 3.5240879956, 12.7107906096, 24.419811937, 16.6321055776, 3.9405716285, 3.5619860711, 6.390529204, 17.1183541672, 5.8072273891, 2.8225999593, 10.6234156575, 11.7070101161, 8.9213932476, 0.36602675155, 0, 7.2190253205, 15.5302160938, 16.7186356078, 19.0934462398, 13.7472172575, 24.5372753573, 19.5948352392, 7.4995932543, 1.222629883, 2.2330476966, 3.9760117633, 1.3442860776, 0.92998059579, 4.3936764523, 12.8563349705, 9.4887812014, 172.4353546069, 55.6269320699, 103.8507404755, 28.5273183456],
      [0.45935149995, 0.41711225676, 0.15635736359, 0.49897608072, 0.057345441535, 0.085064461268, 0.024627574081, 0.13654807988, 0.043692710634, 0.31890581903, 0.40189287143, 0.11320164056, 0.096294478293, 0.02247090863, 0.037966566271, 0.045821579479, 0.035254767626, 0.23486258233, 0.2261386142, 0.0032785804387, 0.092639698391, 0, 0.022747440326, 0.22753312514, 0.2432857181, 0.26070490754, 0.053592665373, 0.076388197184, 0.12276854764, 0.14113120082, 0.09749015728, 0.065620177055, 0.19172219212, 0.26419613349, 0.21795962156, 0.002826237761, 0.0051221790758, 0.019499606503, 0.25228824432, 0.34481061781, 0.26728998759, 0.28114758483, 0.68752242584, 0.20349136442, 0.17688087049, 0.070172781853, 0.0016085612, 0.002321152604, 0.040869630365, 0.0044373431706, 0.092500884464, 0.11300862135, 0.20644422617, 3.9755862073, 0.46754786675, 0.65020529394, 0.15401044188],
      [6.2543176154, 4.6170074672, 1.6367644174, 7.6061360534, 1.5249960063, 1.3047201227, 0.22942154625, 1.3492749254, 1.0563814097, 4.3214907983, 5.0023256047, 1.3897949741, 1.3351163099, 0.46466292709, 0.9718824341, 0.57130534974, 0.47759380728, 3.0793269572, 2.3335254213, 0.2413512156, 1.4277093964, 0, 0.80702231589, 3.1638423885, 3.0374263238, 2.8206051902, 1.2819195862, 0.79562234355, 1.2690575802, 1.9138528478, 1.1194833499, 1.423860089, 1.8672468747, 2.7784181533, 3.2593272575, 0.19321799708, 0.31173080674, 0.31860021996, 2.7136214441, 4.1218419851, 3.4036720907, 4.086749973, 9.8105419041, 3.168348293, 2.1959658669, 0.30831290032, 0.068149041705, 0.071211288209, 0.59275207196, 0.20179470767, 1.6741605429, 2.6477251617, 3.2579145435, 63.2523500768, 11.2368574353, 14.1010855397, 5.8977477324],
