{
  "X": [
    [26, 11, 2, 19, 42],
    [18, 13, 4, 18, 47],
    [25, 7, 8, 22, 38],
    [20, 12, 4, 27, 37],
    [21, 10, 6, 24, 39],
    [15, 17, 6, 23, 39],
    [16, 19, 7, 19, 39],
    [28, 15, 3, 15, 39],
    [19, 12, 9, 21, 39],
    [31, 10, 4, 13, 42],
    [19, 13, 3, 28, 37],
    [18, 14, 4, 21, 43],
    [29, 8, 12, 23, 28],
    [29, 9, 6, 34, 22],
    [24, 11, 7, 35, 23],
    [22, 12, 6, 38, 22],
    [29, 9, 7, 40, 15],
    [29, 9, 6, 36, 20],
    [28, 11, 0, 30, 31],
    [20, 9, 4, 33, 34],
    [20, 13, 4, 41, 22],
    [24, 8, 2, 37, 29],
    [34, 6, 11, 26, 23],
    [22, 5, 7, 43, 23],
    [24, 13, 4, 26, 33],
    [41, 10, 12, 17, 20],
    [42, 16, 8, 20, 14],
    [44, 9, 12, 15, 20],
    [46, 9, 13, 11, 21],
    [28, 24, 9, 16, 23],
    [47, 13, 14, 11, 15],
    [53, 11, 7, 8, 21],
    [42, 13, 12, 16, 17],
    [44, 10, 7, 20, 19],
    [48, 12, 10, 16, 14],
    [38, 5, 12, 15, 30],
    [39, 16, 15, 15, 15],
    [30, 21, 11, 16, 22],
    [14, 31, 8, 22, 25],
    [15, 29, 15, 16, 25],
    [24, 27, 13, 16, 20],
    [19, 28, 16, 17, 20],
    [22, 27, 16, 21, 14],
    [19, 34, 15, 15, 17],
    [16, 30, 16, 15, 23],
    [15, 30, 15, 17, 23],
    [18, 24, 11, 24, 23],
    [22, 26, 19, 16, 17],
    [20, 30, 10, 16, 24],
    [13, 35, 8, 16, 28]
  ],
  "W": [
    [72, 7, 14, 7],
    [62, 13, 15, 10],
    [62, 13, 15, 10],
    [70, 13, 9, 8],
    [59, 16, 10, 15],
    [63, 13, 6, 18],
    [57, 10, 12, 21],
    [63, 16, 11, 10],
    [63, 15, 5, 17],
    [66, 11, 11, 12],
    [68, 13, 10, 9],
    [63, 11, 10, 16],
    [29, 37, 18, 16],
    [17, 54, 16, 13],
    [9, 59, 16, 16],
    [11, 65, 10, 14],
    [12, 63, 12, 13],
    [8, 66, 12, 14],
    [13, 62, 10, 15],
    [16, 62, 12, 10],
    [8, 62, 11, 19],
    [15, 66, 9, 10],
    [10, 49, 22, 19],
    [7, 73, 15, 5],
    [13, 63, 8, 16],
    [12, 15, 64, 9],
    [10, 15, 59, 16],
    [12, 8, 70, 10],
    [14, 9, 66, 11],
    [14, 14, 55, 17],
    [14, 9, 70, 7],
    [9, 8, 70, 13],
    [15, 12, 56, 17],
    [13, 14, 67, 6],
    [12, 8, 61, 19],
    [13, 14, 64, 9],
    [14, 11, 61, 14],
    [17, 12, 33, 38],
    [10, 15, 13, 62],
    [21, 13, 12, 54],
    [17, 6, 17, 60],
    [14, 15, 15, 56],
    [3, 18, 16, 63],
    [16, 12, 7, 65],
    [12, 7, 19, 62],
    [11, 16, 10, 63],
    [9, 22, 8, 61],
    [7, 16, 15, 62],
    [12, 16, 11, 61],
    [13, 13, 12, 62]
  ],
  "method": "mvn_pdf",
  "cond_prob": [
    [
      [0.19714684904, 0.084041777333, 0.0087416435805, 0.18711076998, 0.52295896007],
      [0.25533599347, 0.022614486899, 0.0095832852328, 0.48008204471, 0.23238418968],
      [0.65701848699, 0.079210519797, 0.063231530899, 0.079143098117, 0.1213963642],
      [0.11382413496, 0.48181771584, 0.10411144817, 0.12381659346, 0.17643010757]
    ],
    [
      [0.12187590685, 0.09131354787, 0.011311474839, 0.15459888861, 0.62090018184],
      [0.18210421599, 0.0283252506, 0.014306338565, 0.45753546156, 0.31772873328],
      [0.51696070796, 0.1101750175, 0.10565219054, 0.08366165469, 0.18355042931],
      [0.067694704765, 0.50321488701, 0.13033797957, 0.098249194896, 0.20050323375]
    ],
    [
      [0.19339798878, 0.056824158235, 0.028599855453, 0.2066273277, 0.51455066984],
      [0.23720480655, 0.014523098735, 0.029717126911, 0.50211879252, 0.21643617528],
      [0.57642831895, 0.048106184498, 0.19009969746, 0.078351296348, 0.10701450275],
      [0.10187991242, 0.2926232008, 0.32298726111, 0.12451218399, 0.15799744168]
    ],
    [
      [0.16563801129, 0.097198414518, 0.015518490148, 0.25404604178, 0.46759904227],
      [0.19166827558, 0.023363211206, 0.015206412658, 0.58382377911, 0.18593832145],
      [0.56614042448, 0.09430305726, 0.11736316855, 0.11041911772, 0.11177423199],
      [0.081926116904, 0.47733313293, 0.16171950213, 0.14378683198, 0.13523441606]
    ],
    [
      [0.17146763756, 0.063896613517, 0.016875981342, 0.21319405087, 0.53456571671],
      [0.21304757116, 0.016536233458, 0.017752035076, 0.52495496237, 0.22770919794],
      [0.58903016379, 0.062292540505, 0.12760272157, 0.093116310846, 0.12795826329],
      [0.10019294964, 0.36689471526, 0.20799708355, 0.1426925879, 0.18222266365]
    ],
    [
      [0.13869533679, 0.11078134009, 0.0188792386, 0.21116382269, 0.52048026182],
      [0.1788963578, 0.029685836, 0.020603297394, 0.54045547746, 0.23035903134],
      [0.50390305709, 0.11451022519, 0.15173903349, 0.097727325119, 0.13212035911],
      [0.063665214366, 0.50335077884, 0.18249812288, 0.11101087836, 0.13947500555]
    ],
    [
      [0.1301610704, 0.11386083594, 0.017870970818, 0.18521855587, 0.55288856697],
      [0.17925672773, 0.032583116427, 0.02082572464, 0.5063499761, 0.26098445511],
      [0.49279151987, 0.12267862327, 0.14913264346, 0.089359811736, 0.14603740167],
      [0.060239234728, 0.52012280025, 0.17258909713, 0.098078925598, 0.14896994229]
    ],
    [
      [0.22949301787, 0.12151991823, 0.011613792408, 0.13146275432, 0.50591051717],
      [0.32939192055, 0.03607679909, 0.014081736793, 0.37175695154, 0.24869259203],
      [0.67289567749, 0.10069460715, 0.074085675102, 0.049049650982, 0.10327438928],
      [0.10753064489, 0.57000187368, 0.11308817207, 0.070755145142, 0.13862416421]
    ],
    [
      [0.17853306013, 0.079991814487, 0.035985449908, 0.1855833562, 0.51990631928],
      [0.2315791222, 0.021574548912, 0.039488405037, 0.47613928559, 0.23121863827],
      [0.52227471318, 0.066595265319, 0.23566864858, 0.069203577433, 0.10625779549],
      [0.078986354185, 0.34834621702, 0.34406260524, 0.094187273373, 0.13441755019]
    ],
    [
      [0.2716376649, 0.065050864011, 0.012448004062, 0.12449107091, 0.52637239611],
      [0.37682207615, 0.018745039695, 0.014593095361, 0.33992814284, 0.24991164595],
      [0.73551441212, 0.049658227681, 0.073119766392, 0.042772747083, 0.09893484672],
      [0.16704933853, 0.39491575351, 0.16069347539, 0.088043341322, 0.18929809124]
    ],
    [
      [0.15133016732, 0.10010421613, 0.011187884893, 0.26676895922, 0.47060877244],
      [0.17319439039, 0.023802973607, 0.010843217818, 0.60706420444, 0.18509521375],
      [0.55822269262, 0.10480696238, 0.090565195349, 0.12506671157, 0.12133843809],
      [0.077225041946, 0.50807146335, 0.11862753891, 0.15571741962, 0.14035853618]
    ],
    [
      [0.14348824513, 0.0824098803, 0.011137629742, 0.19372088477, 0.56924336006],
      [0.19145645947, 0.02287515425, 0.012577528234, 0.51270534655, 0.2603855115],
      [0.56162270581, 0.091512883577, 0.095288529869, 0.096406671231, 0.15516920951],
      [0.082371339755, 0.46695060338, 0.13282201163, 0.1273658438, 0.19049020144]
    ],
    [
      [0.21573406744, 0.063409545159, 0.041352127938, 0.16348080149, 0.51602345797],
      [0.28293161209, 0.017287068168, 0.045873515032, 0.42262236633, 0.23128543838],
      [0.56367982475, 0.047166979206, 0.24074370978, 0.054555604674, 0.09385388159],
      [0.097625479211, 0.28170900494, 0.40026079467, 0.084703313054, 0.13570140812]
    ],
    [
      [0.21330465899, 0.078843697821, 0.017653650318, 0.21377578927, 0.4764222036],
      [0.25727360593, 0.019719846334, 0.018001556777, 0.50852036181, 0.19648462915],
      [0.63677748713, 0.066903011532, 0.11585245475, 0.08146177646, 0.099005270127],
      [0.11260678547, 0.41590433423, 0.19591198856, 0.12923253512, 0.14634435663]
    ],
    [
      [0.16277346307, 0.090311925188, 0.01850268909, 0.20054547092, 0.52786645173],
      [0.21060395881, 0.024210806911, 0.020231434081, 0.51173068221, 0.23322311798],
      [0.55795134665, 0.088311523051, 0.13994733784, 0.087917570732, 0.12587222174],
      [0.081760727688, 0.45425818774, 0.19500167494, 0.11524626577, 0.15373314386]
    ],
    [
      [0.16481059552, 0.12432789755, 0.020215506087, 0.20432004767, 0.48632595318],
      [0.2122628768, 0.033039481166, 0.021980526684, 0.51857166635, 0.21414544899],
      [0.5400477492, 0.11623824354, 0.1468574272, 0.085712093137, 0.11114448693],
      [0.069504355123, 0.53240769264, 0.18018129962, 0.098691872674, 0.11921477994]
    ],
    [
      [0.24247253394, 0.092181363439, 0.025441802272, 0.24721668372, 0.39268761663],
      [0.26794183999, 0.021074239386, 0.02375453275, 0.53865530862, 0.14857407926],
      [0.63151218624, 0.068240898444, 0.14662746648, 0.082231514753, 0.071387934079],
      [0.10902120961, 0.4168513221, 0.24372944627, 0.12738081195, 0.10301721007]
    ],
    [
      [0.22350694849, 0.083325278794, 0.018679120556, 0.19931093434, 0.47517771782],
      [0.27552818264, 0.021266971694, 0.019449629552, 0.48360992692, 0.2001452892],
      [0.64451817327, 0.068292873063, 0.11846366387, 0.073421644898, 0.0953036449],
      [0.11392925971, 0.42744078154, 0.20124868825, 0.11645774587, 0.14092352464]
    ],
    [
      [0.18358610498, 0.072869469017, 0.0047759583766, 0.14434397409, 0.59442449354],
      [0.26644374599, 0.02190980542, 0.0058497638332, 0.41169903767, 0.29409764709],
      [0.67027977372, 0.075235982537, 0.037307102969, 0.067167321651, 0.15000981913],
      [0.12008858567, 0.48184455678, 0.063848364069, 0.10834907766, 0.22586941582]
    ],
    [
      [0.12084699607, 0.079726828041, 0.011257875524, 0.15350091903, 0.63466738133],
      [0.18155124123, 0.024794140669, 0.014296925474, 0.4540802458, 0.32527744683],
      [0.52042538271, 0.09806129566, 0.10699418474, 0.084648488424, 0.18987064846],
      [0.070830485309, 0.47310036874, 0.13783356977, 0.1029665716, 0.21526900458]
    ],
    [
      [0.14816545846, 0.094186894605, 0.010963639939, 0.23693710057, 0.50974690643],
      [0.18094977227, 0.023832238175, 0.011309108181, 0.57125085247, 0.2126580289],
      [0.55986078392, 0.10134227146, 0.090507328666, 0.11434179916, 0.13394781679],
      [0.078426736316, 0.50077337878, 0.12051973186, 0.14356203464, 0.15671811841]
    ],
    [
      [0.16627415337, 0.073113684255, 0.008049196028, 0.18476888304, 0.5677940833],
      [0.22294439144, 0.02030403775, 0.0091188412789, 0.48768863416, 0.25994409537],
      [0.62144617841, 0.077638329085, 0.065404688053, 0.088186765226, 0.14732403922],
      [0.10278950191, 0.4590909219, 0.10323296498, 0.13092906933, 0.20395754188]
    ],
    [
      [0.23485114603, 0.045751814248, 0.025761806305, 0.16523132372, 0.5284039097],
      [0.30434652772, 0.012350571399, 0.028236423987, 0.4216182631, 0.23344821379],
      [0.64833376949, 0.035905918589, 0.15649454563, 0.058199207002, 0.10106655928],
      [0.13635926086, 0.26025374223, 0.31557319152, 0.10987930264, 0.17793450275]
    ],
    [
      [0.14736681169, 0.07265775947, 0.029088451729, 0.22112378893, 0.52976318818],
      [0.18329932865, 0.018704429855, 0.030633371854, 0.54218503493, 0.22517783472],
      [0.49251290044, 0.069524520575, 0.21978065095, 0.094728189744, 0.12345373829],
      [0.071242081716, 0.35550866131, 0.30294146518, 0.12214046254, 0.14816732925]
    ],
    [
      [0.15354210976, 0.1013852597, 0.011210042388, 0.11806202109, 0.61580056706],
      [0.24544587534, 0.033468944737, 0.015111828589, 0.37048556559, 0.33548778574],
      [0.58010532101, 0.10892581125, 0.092641368356, 0.057068854242, 0.16125864514],
      [0.080505406631, 0.53852161136, 0.1227443796, 0.071014881003, 0.18721372141]
    ],
    [
      [0.16080809261, 0.077204534908, 0.019237219464, 0.20052571041, 0.54222444261],
      [0.20661288348, 0.02064533477, 0.020950603435, 0.51444296071, 0.2373482176],
      [0.55727232617, 0.076564543633, 0.14672538811, 0.088829786038, 0.13060795605],
      [0.086609525588, 0.4093093389, 0.21296603343, 0.1229902748, 0.16812482729]
    ],
    [
      [0.18690765023, 0.11140318506, 0.013520204898, 0.26255963117, 0.42560932864],
      [0.20946699512, 0.025951279797, 0.012839020312, 0.58890023269, 0.16284247208],
      [0.6002568282, 0.10211268104, 0.094898155456, 0.10742867371, 0.095303661585],
      [0.088581461987, 0.52206193139, 0.13091229348, 0.1416909578, 0.11675335534]
    ],
    [
      [0.1597143808, 0.06280449603, 0.016973242157, 0.21032243444, 0.55018544657],
      [0.20062894279, 0.01645266174, 0.01807892456, 0.52971209321, 0.2351273777],
      [0.57033505547, 0.064178315639, 0.13312046964, 0.095923704653, 0.1364424546],
      [0.095123067293, 0.36619914155, 0.207320381, 0.14273245166, 0.18862495849]
    ],
    [
      [0.19020712068, 0.065839502255, 0.020884354499, 0.15072931047, 0.57233971209],
      [0.2653887653, 0.019136648311, 0.024692006581, 0.41905601813, 0.27172656167],
      [0.60601611883, 0.059923778768, 0.14622061597, 0.061424742402, 0.12641474403],
      [0.10769497015, 0.36492073067, 0.24342931536, 0.097439097952, 0.18651588586]
    ],
    [
      [0.1023255399, 0.18448322289, 0.012596996509, 0.16317012988, 0.53742411082],
      [0.15490795006, 0.057855144982, 0.016148281874, 0.49361023236, 0.27747839072],
      [0.424311926, 0.21907268357, 0.11471442987, 0.086746878635, 0.15515408193],
      [0.037992910819, 0.68299474847, 0.095284741369, 0.068979358673, 0.11474824067]
    ],
    [
      [0.21260977225, 0.13059046621, 0.027876258897, 0.16772223386, 0.46120126878],
      [0.28145731348, 0.035839060231, 0.031273574282, 0.44305292989, 0.20837712212],
      [0.58256724624, 0.10224723109, 0.16837536639, 0.058761702883, 0.088048453397],
      [0.083768125527, 0.51032021176, 0.22600035432, 0.075179380121, 0.10473192827]
    ],
    [
      [0.20030134553, 0.066715270902, 0.010622871758, 0.11531069018, 0.60704982163],
      [0.3040809426, 0.021089660223, 0.013657450397, 0.34830427772, 0.31286766906],
      [0.66947867102, 0.063631131289, 0.077398338362, 0.049389532311, 0.14010232702],
      [0.12887509977, 0.42217662629, 0.13943165629, 0.085016740338, 0.22449987732]
    ],
    [
      [0.20825302153, 0.086721958473, 0.020836599135, 0.21191270038, 0.47227572048],
      [0.25154879951, 0.021802321699, 0.021324137532, 0.51066959384, 0.19465514743],
      [0.6151428582, 0.073044887544, 0.13495930564, 0.079784611964, 0.097068336656],
      [0.10398381133, 0.42478335707, 0.21416265402, 0.12065710175, 0.13641307582]
    ],
    [
      [0.1583237787, 0.08006613733, 0.011274084465, 0.25201398153, 0.49832201798],
      [0.18423473797, 0.019385222061, 0.011123811342, 0.58751579397, 0.19774043466],
      [0.58039453101, 0.084014423913, 0.090503728123, 0.11787834679, 0.12720897016],
      [0.090167944827, 0.45191286572, 0.1308979221, 0.16330110301, 0.16372016434]
    ],
    [
      [0.23531468139, 0.071939323604, 0.015871971308, 0.24781876938, 0.42905525432],
      [0.25964826098, 0.016549420104, 0.014844084136, 0.54751665272, 0.16144158206],
      [0.66889950633, 0.058241209772, 0.098467050487, 0.089534325087, 0.084857908328],
      [0.13104923612, 0.39180262004, 0.18122657966, 0.15742064469, 0.13850091949]
    ],
    [
      [0.10917992171, 0.03377581916, 0.013562064585, 0.13825874831, 0.70522344623],
      [0.1698947427, 0.01099217138, 0.017891417649, 0.42889513576, 0.37232653251],
      [0.50751849692, 0.04500350338, 0.13872893863, 0.082365461586, 0.22638359948],
      [0.085403850173, 0.25689760808, 0.21819032364, 0.12352372415, 0.31598449397]
    ],
    [
      [0.18366912466, 0.13182962675, 0.028881751615, 0.20918778058, 0.44643171639],
      [0.22785526669, 0.033950399805, 0.030360449953, 0.51870444534, 0.18912943822],
      [0.53566812772, 0.10987962723, 0.18571905291, 0.077903273559, 0.090829918578],
      [0.071306384902, 0.50517040793, 0.23107978335, 0.092372577831, 0.10007084599]
    ],
    [
      [0.18737508829, 0.08385214232, 0.015732077603, 0.1859590337, 0.52708165808],
      [0.24407425518, 0.02275014543, 0.017340524536, 0.48178477712, 0.23405029774],
      [0.61336751554, 0.077869711002, 0.11192370528, 0.077386630928, 0.11945243725],
      [0.10145222857, 0.4428165346, 0.17504698499, 0.11526334509, 0.16542090676]
    ],
    [
      [0.11165273489, 0.075928341435, 0.009274574248, 0.22060026606, 0.58254408337],
      [0.14432995245, 0.020468695387, 0.010142620551, 0.56888402012, 0.25617471148],
      [0.50530065013, 0.096933611542, 0.09028953493, 0.12628963131, 0.18118657209],
      [0.06868087157, 0.4525731528, 0.11630521579, 0.15524391507, 0.20719684477]
    ],
    [
      [0.14173669154, 0.10310035646, 0.023111321987, 0.17449890101, 0.557552729],
      [0.19705625365, 0.029829335448, 0.027156645936, 0.48168420564, 0.26427355932],
      [0.50269620454, 0.10360446587, 0.17834810936, 0.07861706668, 0.13673415355],
      [0.066008989257, 0.46771406564, 0.22251130953, 0.093129690107, 0.15063594547]
    ],
    [
      [0.2263943136, 0.076511385907, 0.01573314011, 0.20871999001, 0.47264117037],
      [0.27200830872, 0.019171210487, 0.015992771218, 0.49920492318, 0.19362278639],
      [0.66482341178, 0.063198443933, 0.09927923684, 0.077183531691, 0.095515375759],
      [0.12524496544, 0.41094290807, 0.17892730265, 0.13256209938, 0.15232272446]
    ],
    [
      [0.17635135015, 0.097971341393, 0.0238741858, 0.19037180108, 0.51143132158],
      [0.22927971386, 0.026511913906, 0.026233030168, 0.49138650074, 0.22658884133],
      [0.55924325933, 0.087887958713, 0.16429000455, 0.076558589251, 0.11202018815],
      [0.082460514349, 0.4459304691, 0.23065067937, 0.10205021696, 0.13890812021]
    ],
    [
      [0.21331898866, 0.081051362078, 0.020097169577, 0.2423930341, 0.44313944559],
      [0.24234568402, 0.019188538001, 0.019304638353, 0.547737677, 0.17142346262],
      [0.6262554973, 0.067071948623, 0.12721558764, 0.089852499762, 0.08960446667],
      [0.10938329951, 0.40356744054, 0.21225893835, 0.14250541666, 0.13228490494]
    ],
    [
      [0.24176986532, 0.11125808685, 0.022082638747, 0.18176340215, 0.44312600693],
      [0.30426399222, 0.029114120188, 0.023459329438, 0.4530307788, 0.19013177936],
      [0.64664430448, 0.083611303268, 0.12694624849, 0.061253976849, 0.081544166907],
      [0.10735485851, 0.48202621112, 0.20281781589, 0.092849273213, 0.11495184126]
    ],
    [
      [0.12598647186, 0.084886205048, 0.018454721385, 0.18824661148, 0.58242599023],
      [0.17182802921, 0.024140322855, 0.021297460271, 0.51255890516, 0.27017528251],
      [0.4960379794, 0.0945598498, 0.15746025178, 0.093993304009, 0.15794861501],
      [0.067063432778, 0.43752938488, 0.20151711544, 0.11471783007, 0.17917223684]
    ],
    [
      [0.14615618109, 0.08757442608, 0.018951025427, 0.17361454278, 0.57370382462],
      [0.20301690535, 0.025313143776, 0.02223046993, 0.47845118381, 0.27098829713],
      [0.53482840853, 0.090452167725, 0.14986659391, 0.080491245498, 0.14436158434],
      [0.076198726461, 0.44330081731, 0.20339826202, 0.10379706464, 0.17330512957]
    ],
    [
      [0.17196329026, 0.060490727327, 0.012140235489, 0.2190327032, 0.53637304373],
      [0.2117935715, 0.015527251383, 0.012635178727, 0.53525569818, 0.22478830021],
      [0.61536461428, 0.060861558482, 0.093180157935, 0.098899848619, 0.13169382068],
      [0.10948225715, 0.3734668573, 0.15870563485, 0.15994589531, 0.19839935539]
    ],
    [
      [0.22022513267, 0.082038782202, 0.026458493617, 0.18074787022, 0.49052972129],
      [0.28064220909, 0.021757300469, 0.028475829268, 0.45647169202, 0.21265296916],
      [0.61656731692, 0.064778314306, 0.16013314983, 0.064023827883, 0.094497391065],
      [0.10707206195, 0.38738500693, 0.26597279096, 0.10090394168, 0.13866619848]
    ],
    [
      [0.18612317528, 0.081382258116, 0.012174012424, 0.15687543734, 0.56344511684],
      [0.26019800053, 0.02365964812, 0.014361868437, 0.43401290566, 0.26776757725],
      [0.63406789292, 0.077923615187, 0.088916960363, 0.067517330845, 0.13157420069],
      [0.10730228701, 0.45622677895, 0.14397416683, 0.10391081374, 0.18858595346]
    ],
    [
      [0.10637031011, 0.091197975321, 0.0097537196052, 0.15389064799, 0.63878734697],
      [0.16203499948, 0.028907301224, 0.012549150781, 0.46590473896, 0.33060380955],
      [0.49141896225, 0.11887240141, 0.097009756008, 0.090142893838, 0.2025559865],
      [0.061281436507, 0.51007594523, 0.11462821859, 0.10157553882, 0.21243886086]
    ]
  ],
  "expected_outcome": [
    [
      [14.1945731308, 7.5563062244, 11.9906753041, 11.5946607903, 10.116590616, 8.737806218, 7.419181013, 14.4580601256, 11.247582788, 17.9280858834, 10.2904513779, 9.0397594433, 6.2562879559, 3.6261792029, 1.4649611677, 1.8129165507, 2.9096704073, 1.7880555879, 2.3866193647, 1.9335519372, 1.1853236677, 2.4941123005, 2.3485114603, 1.0315676818, 1.9960474269, 1.9296971113, 1.8690765023, 1.9165725696, 2.6628996895, 1.4325575586, 2.9765368115, 1.8027121098, 3.123795323, 2.0582091231, 2.8237761766, 1.4193389822, 2.5713677453, 3.185376501, 1.1165273489, 2.9764705224, 3.8487033312, 2.4689189021, 0.63995696597, 3.8683178451, 1.5118376623, 1.607717992, 1.5476696123, 1.5415759287, 2.2334781034, 1.3828140315],
      [6.051007968, 5.6614399679, 3.5230978105, 6.8038890162, 3.7699001975, 6.979224426, 6.4900676486, 7.6557548488, 5.0394843127, 4.2933570247, 6.8070866968, 5.1918224589, 1.8388768096, 1.340342863, 0.81280732669, 1.367606873, 1.1061763613, 0.66660223036, 0.94730309722, 1.2756292487, 0.75349515684, 1.0967052638, 0.45751814248, 0.50860431629, 1.3180083761, 0.9264544189, 1.1140318506, 0.75365395236, 0.92175303157, 2.5827651204, 1.828266527, 0.60043743811, 1.3008293771, 1.0408597853, 0.86327188325, 0.43908564908, 1.8456147745, 1.4254864194, 0.75928341435, 2.1651074857, 1.3006935604, 1.3715987795, 0.24315408623, 1.7801293896, 1.0186344606, 0.96331868688, 0.54441654594, 0.57427147542, 0.9765870974, 1.1855736792],
      [0.6293983378, 0.70131144003, 1.7731910381, 1.0862943103, 0.99568289918, 1.1893920318, 1.0186453366, 0.7316689217, 2.2670833442, 0.82156826808, 0.7607761727, 0.70167067378, 1.1992117102, 0.30011205541, 0.16652420181, 0.22237056695, 0.30530162726, 0.14943296445, 0.062087458896, 0.18012600838, 0.087709119516, 0.12073794042, 0.25761806305, 0.2036191621, 0.14573055105, 0.23084663357, 0.13520204898, 0.20367890588, 0.29238096298, 0.17635795112, 0.39026762455, 0.095605845823, 0.31254898702, 0.14656309804, 0.1904636557, 0.17630683961, 0.40434452261, 0.26744531925, 0.09274574248, 0.48533776173, 0.26746338186, 0.33423860121, 0.06029150873, 0.35332221995, 0.22145665663, 0.20846127969, 0.1092621194, 0.18520945532, 0.14608814909, 0.12679835487],
      [13.4719754385, 9.5851310937, 12.8108943173, 17.7832229245, 12.5784490012, 13.3033208294, 10.5574576843, 8.2821535219, 11.6917514408, 8.2164106802, 18.1402892267, 12.2044157403, 4.7409432432, 3.6341884176, 1.8049092383, 2.2475205243, 2.9666002046, 1.5944874747, 1.8764716632, 2.4560147045, 1.8954968046, 2.7715332456, 1.6523132372, 1.5478665225, 1.5348062741, 2.4063085249, 2.6255963117, 2.5238692133, 2.1102103466, 2.2843818183, 2.348111274, 1.0377962116, 3.1786905057, 3.2761817599, 2.9738252326, 1.7973637281, 2.9286289281, 3.161303573, 2.2060026606, 3.6644769212, 3.5482398302, 2.6652052151, 0.7271791023, 2.9082144344, 2.2589593377, 1.9097599705, 1.9712943288, 1.2652350915, 1.8825052481, 2.0005784238],
      [37.6530451249, 38.4958112739, 31.90214153, 32.7319329586, 31.5393772861, 32.7902564949, 31.5146483175, 31.872362582, 32.7540981143, 34.7405781436, 32.0013965259, 35.8623316837, 14.9646802811, 8.0991774612, 4.7507980656, 5.349585485, 4.7122513995, 3.8014217426, 7.727518416, 10.1546781013, 4.0779752514, 8.5169112496, 5.284039097, 3.7083423172, 8.0054073717, 6.5066933113, 4.2560932864, 6.6022253589, 8.0127559693, 7.5239375515, 6.4568177629, 5.4634483947, 7.0841358072, 6.4781862337, 5.1486630519, 9.167904801, 6.2500440295, 8.9603881874, 5.8254408337, 11.7086073089, 8.0348998962, 7.1600385021, 1.3294183368, 7.0900161109, 6.9891118828, 6.3107420709, 4.8273573936, 3.433708049, 6.7613414021, 8.3042355107]
    ],
    [
      [1.7873519543, 2.3673548079, 3.0836624852, 2.4916875825, 3.4087611385, 2.3256526514, 1.7925672773, 5.2702707287, 3.4736868329, 4.1450428377, 2.251527075, 2.1060210541, 10.4684696473, 13.8927747201, 12.4256335699, 13.7970869923, 16.8803359191, 18.184860054, 16.5195122511, 11.2561769562, 11.218885881, 14.7143298348, 14.9129798583, 13.3808509913, 15.4630901466, 3.0991932522, 3.1420049268, 1.6050315423, 2.3884988877, 2.1687113008, 2.5331158213, 2.4326475408, 3.0185855941, 2.5792863315, 2.0771860878, 2.3785263978, 2.5064079336, 2.9288910622, 2.1649492868, 2.5617312975, 1.6320498523, 3.4391957078, 4.3622223124, 3.6511679066, 1.2027962045, 3.2482704856, 4.6594585731, 4.4902753454, 4.1631680085, 2.1064549933],
      [0.15830140829, 0.3682282578, 0.18880028356, 0.30372174568, 0.26457973533, 0.385915868, 0.32583116427, 0.57722878545, 0.32361823368, 0.20619543664, 0.3094386569, 0.25162669675, 0.63962152221, 1.0648717021, 1.4284376078, 2.1475662758, 1.3276770813, 1.4036201318, 1.358407936, 1.5372367215, 1.4775987669, 1.3400664915, 0.60517799855, 1.3654233794, 2.1085435184, 0.30968002155, 0.38926919695, 0.13162129392, 0.1722298348, 0.80997202975, 0.32255154208, 0.16871728178, 0.26162786038, 0.27139310885, 0.13239536083, 0.15389039932, 0.37345439785, 0.27300174516, 0.3070304308, 0.38778136083, 0.11502726292, 0.39767870859, 0.34539368401, 0.34936944225, 0.16898225998, 0.40501030041, 0.34159953044, 0.34811680751, 0.37855436992, 0.37579491592],
      [0.067082996629, 0.18598240134, 0.38632264985, 0.19768336455, 0.28403256122, 0.26784286612, 0.2082572464, 0.22530778869, 0.59232607556, 0.16052404897, 0.14096183163, 0.13835281058, 1.6973200562, 0.97208406594, 1.1936546108, 1.4287342345, 1.4965355633, 1.2836755505, 0.36268535766, 0.8864093794, 0.70116470725, 0.60184352441, 1.3835847754, 2.2362361453, 0.95204520113, 0.31425905152, 0.19258530468, 0.14463139648, 0.22222805923, 0.22607594624, 0.28146216854, 0.10925960317, 0.25588965039, 0.15573335878, 0.11875267309, 0.25047984708, 0.33396494949, 0.20808629443, 0.15213930827, 0.35303639717, 0.095956627311, 0.39349545252, 0.34748349036, 0.28151195326, 0.1490822219, 0.35568751888, 0.27797393199, 0.45561326829, 0.22978989499, 0.16313896015],
      [3.360574313, 5.9479610003, 6.5275443028, 7.5897091284, 8.399279398, 7.025921207, 5.063499761, 5.9481112247, 7.1420892838, 3.7392095712, 7.8918346577, 5.6397588121, 15.6370275543, 27.4600995378, 30.1921102507, 33.7071583128, 33.9352844433, 31.9182551767, 25.5253403356, 28.1529752395, 35.4175528529, 32.1874498549, 20.6592948919, 39.5795075498, 23.340590632, 7.7166444107, 8.8335034904, 4.2376967457, 3.7715041632, 6.9105432531, 3.987476369, 2.7864342218, 6.128035126, 8.2252211156, 4.3801332218, 6.0045319006, 5.7057488987, 5.7814173254, 8.5332603019, 6.2618946733, 2.9952295391, 7.3707975111, 9.8592781861, 5.4363693456, 3.5879123361, 7.655218941, 11.7756253599, 7.3035470723, 6.9442064906, 6.0567616065],
      [1.6266893278, 4.1304735326, 2.8136702786, 2.4171981789, 3.643347167, 2.9946674074, 2.6098445511, 3.9790814724, 3.468279574, 2.7490281055, 2.4062377788, 2.8642406265, 8.5575612201, 10.610169974, 13.7601639609, 13.9194541847, 9.3601669931, 13.209589087, 18.2340541196, 20.1672017035, 13.184797792, 17.1563102944, 11.4389624759, 16.4379819342, 21.1357305018, 3.5602232641, 2.4426370811, 1.8810190216, 2.4455390551, 3.8846974701, 1.8753940991, 2.5029413525, 2.3358617691, 2.7683660853, 1.2915326565, 5.2125714551, 2.0804238204, 2.8086035729, 3.8426206722, 3.4355562712, 1.1617367183, 3.3988326199, 3.0856223272, 2.2815813523, 1.8912269776, 4.3358127541, 4.9453426046, 3.4024475066, 4.284281236, 4.2978495241]
    ],
    [
      [9.1982588178, 7.7544106194, 8.6464247843, 5.0952638203, 5.8903016379, 3.0234183425, 5.9134982385, 7.4018524524, 2.6113735659, 8.0906585334, 5.5822269262, 5.6162270581, 10.1462368455, 10.188439794, 8.9272215463, 5.400477492, 7.5781462349, 7.7342180792, 6.7027977372, 6.2451045925, 6.1584686231, 5.5930156057, 14.2633429289, 7.3876935066, 4.6408425681, 35.6654288748, 35.4151528641, 39.9234538827, 39.9970638427, 23.3371559298, 40.779707237, 46.8635069716, 34.448000059, 38.8864335779, 40.8028698859, 32.4811838029, 32.6757557908, 20.2411280129, 6.5689084517, 6.0323544544, 11.3019980002, 8.38864889, 10.0200879568, 4.5265101314, 9.4247216087, 5.3482840853, 4.9229169143, 9.2485097538, 6.9747468221, 5.8970275469],
      [1.1089472772, 1.6526252625, 0.72159276747, 0.84872751534, 0.62292540505, 0.68706135116, 1.4721434792, 1.1076406786, 0.3329763266, 0.54624050449, 1.0480696238, 0.91512883577, 0.84900562571, 1.0704481845, 1.4129843688, 1.1623824354, 0.81889078133, 0.81951447676, 0.75235982537, 1.1767355479, 1.1147649861, 0.69874496176, 0.78993020895, 1.0428678086, 0.87140649, 4.9001307925, 6.0246481815, 4.4924820947, 3.9549693987, 12.0489975961, 7.157306176, 4.4541791902, 4.0905137025, 5.6289664022, 3.5527137961, 2.8802242163, 6.702657261, 2.5697004631, 1.26013695, 1.2432535904, 1.0743735469, 1.3183193807, 1.073151178, 0.58527912288, 1.7966371462, 0.90452167725, 0.48689246786, 0.97167471459, 0.85715976706, 1.4264688169],
      [0.88524143258, 1.5847828581, 2.8514954618, 1.056268517, 1.2760272157, 0.91043420092, 1.7895917215, 0.81494242612, 1.1783432429, 0.80431743032, 0.90565195349, 0.95288529869, 4.333386776, 1.8536392761, 2.2391574054, 1.468574272, 1.7595295978, 1.4215639665, 0.37307102969, 1.2839302169, 0.99558061532, 0.58864219248, 3.4428800039, 3.2967097642, 0.74113094685, 9.3904248392, 5.5989911719, 9.3184328747, 9.6505606543, 6.3092936427, 11.7862756474, 5.4178836853, 7.5577211158, 6.0637497843, 6.0064900797, 8.8786520726, 11.3288622278, 3.6934822743, 1.1737639541, 2.1401773123, 1.6877470263, 2.4643500683, 2.0354494023, 0.88862373945, 2.9917447838, 1.4986659391, 0.74544126348, 2.4019972474, 0.97808656399, 1.1641170721],
      [1.1080033736, 1.2549248203, 1.1752694452, 0.99377205944, 0.93116310846, 0.58636395071, 1.0723177408, 0.5395461608, 0.34601788716, 0.47050021791, 1.2506671157, 0.96406671231, 0.98200088413, 1.3033884234, 1.4066811317, 0.85712093137, 0.98677817704, 0.88105973878, 0.67167321651, 1.0157818611, 1.2577597908, 0.79368088703, 1.280382554, 1.4209228462, 0.45655083394, 5.6851063064, 6.338291749, 6.7146593257, 4.0540329985, 4.7710783249, 4.1133192018, 3.4572672618, 4.46793827, 7.8978492351, 5.4615938303, 5.2713895415, 4.7520996871, 2.5537588206, 1.641765207, 0.94340480016, 1.3121200387, 1.1483788388, 1.4376399962, 0.42877783794, 1.7858727762, 0.80491245498, 0.79119878895, 0.96035741824, 0.74269063929, 1.0817147261],
      [1.6995490988, 2.7532564396, 1.6052175412, 1.0059680879, 1.2795826329, 0.79272215467, 1.75244882, 1.136018282, 0.53128897744, 1.0882833139, 1.2133843809, 1.5516920951, 1.6893698686, 1.584084322, 2.0139555478, 1.1114448693, 0.85665520895, 1.1436437388, 1.5000981913, 2.2784477815, 1.4734259847, 1.325916353, 2.2234643043, 1.8518060743, 1.2900691612, 8.3589091871, 5.6229160335, 9.5509718222, 8.3433731058, 8.5334745064, 6.1633917378, 9.8071628911, 5.4358268527, 8.5230010006, 5.176332408, 14.4885503667, 5.5406250333, 3.9419304292, 2.3554254372, 1.6408098427, 1.6237613879, 1.6803028222, 1.4336714667, 0.57080916835, 3.0010236851, 1.4436158434, 1.0535505654, 1.417460866, 1.4473162076, 2.430671838]
    ],
    [
      [0.79676894469, 0.67694704765, 1.0187991242, 0.65540893524, 1.5028942447, 1.1459738586, 1.2650239293, 1.0753064489, 1.3427680211, 2.0045920624, 0.69502537752, 1.3179414361, 1.5620076674, 1.4638882111, 1.308171643, 0.97306097172, 1.4172757249, 1.595009636, 1.801328785, 0.70830485309, 1.49010799, 1.0278950191, 2.5908259564, 0.35621040858, 1.2880865061, 0.77948573029, 1.4173033918, 0.95123067293, 1.1846446717, 0.64587948392, 0.58637687869, 1.675376297, 1.7677247927, 0.54100766896, 2.4899354863, 0.76863465156, 0.99828938863, 3.8551846855, 4.2582140373, 3.5644854199, 7.5146979262, 4.6177888035, 6.891147869, 6.9780658033, 4.1579328322, 4.8005197671, 6.678417686, 6.638467841, 6.5454395079, 3.7994490634],
      [3.3727240109, 5.0321488701, 2.926232008, 3.8186650634, 5.5034207289, 9.0603140191, 10.9225788054, 5.7000187368, 5.9218856893, 4.7389890422, 4.5726431701, 7.471209654, 4.5073440791, 5.406756345, 7.2681310038, 7.453707697, 5.4190671873, 5.9841709415, 7.2276683517, 4.7310036874, 9.5146941969, 4.590909219, 4.9448211024, 1.7775433066, 8.6163457818, 3.6837840501, 8.3529909022, 3.6619914155, 4.0141280374, 11.6109107239, 3.5722414823, 5.4882961417, 7.2213170702, 2.7114771943, 7.4442497807, 2.3120784727, 7.072385711, 16.8270283147, 28.0595354736, 25.2565595445, 24.6565744843, 24.9721062699, 25.4247487541, 31.3317037228, 27.1268218625, 27.9279514905, 22.7814782955, 24.0178704297, 27.829833516, 31.624708604],
      [0.72878013719, 1.3033797957, 3.2298726111, 1.293756017, 3.1199562532, 3.2849662118, 3.6243710397, 1.1308817207, 5.8490642891, 1.9283217047, 1.0676478502, 2.1251521861, 6.4041727148, 2.5468558512, 3.120026799, 2.5225381947, 3.1684828015, 2.8174816355, 0.95772546103, 1.3783356977, 2.2898749053, 1.0323296498, 5.9958906389, 1.5147073259, 1.9639100735, 1.9166943008, 2.0945966957, 2.07320381, 2.677722469, 1.6198406033, 1.5820024803, 1.8126115317, 3.6407651184, 0.78538753262, 3.4433050135, 1.9637129127, 3.2351169669, 6.6517854295, 7.2109233792, 12.0156107144, 10.7356381589, 12.9164380447, 13.3723131162, 13.1831580329, 12.4940611572, 12.8140905075, 9.6810437257, 16.4903130396, 8.7824241767, 7.1069495524],
      [0.86671615424, 0.98249194896, 1.2451218399, 1.1502946558, 2.1403888185, 1.9981958105, 2.0596574375, 0.70755145142, 1.6011836473, 1.0565200959, 1.4014567766, 2.0378535008, 1.3552530089, 1.6800229565, 1.8439402524, 1.3816862174, 1.6559505554, 1.6304084421, 1.625236165, 1.029665716, 2.7276786581, 1.3092906933, 2.0877067501, 0.61070231272, 1.136238096, 1.1069124732, 2.2670553249, 1.4273245166, 1.0718300775, 1.1726490974, 0.52625566085, 1.1052176244, 2.0511707297, 0.97980661806, 2.9909922492, 1.1117135173, 1.2932160896, 4.3800071134, 9.6251227341, 5.0290032658, 7.9537259627, 5.71481215, 8.9778412498, 6.0352027589, 7.1125054642, 6.5392150721, 9.7566996138, 6.2560443839, 6.3385596384, 6.2976834065],
      [1.235010753, 2.0050323375, 1.5799744168, 1.0818753285, 2.7333399547, 2.5105501, 3.1283687881, 1.3862416421, 2.2850983532, 2.2715770949, 1.2632268256, 3.047843223, 2.1712225299, 1.9024766362, 2.4597303017, 1.6690069192, 1.3392237309, 1.9729293449, 3.3880412373, 2.1526900458, 2.9776442497, 2.0395754188, 3.3807555522, 0.74083664623, 2.9954195426, 1.5131234456, 1.8680536854, 1.8862495849, 2.0516747445, 1.9507200915, 0.7331234979, 2.9184984052, 2.319022289, 0.98232098604, 2.6315174704, 2.8438604457, 1.4009918439, 6.2859944568, 12.8462043757, 8.1343410554, 9.1393634678, 7.7788547319, 8.333949011, 7.4718696822, 11.1086786839, 10.9182231629, 12.102360679, 8.5973043058, 11.5037431611, 13.1712093736]
    ]
  ],
  "prob": [
    [0.17618481931, 0.088045863217, 0.017674841004, 0.19111714048, 0.52697733598],
    [0.22997755773, 0.024102467758, 0.019585168916, 0.48789668091, 0.23843812469],
    [0.5806356971, 0.083985607468, 0.12777671952, 0.08237719299, 0.12522478292],
    [0.092918321475, 0.44066097597, 0.18733851397, 0.11566205426, 0.16342013433]
  ],
  "iterations": 16,
  "time": 0.003099,
  "message": "Converged",
  "status": 0,
  "miniter": 0,
  "maxiter": 1000,
  "maxtime": 3600,
  "param_threshold": 0.001,
  "ll_threshold": "-Inf",
  "initial_prob": "group_proportional",
  "ballotbox_id": ["1", "2", "3", "4", "5", "6", "7", "8", "9", "10", "11", "12", "13", "14", "15", "16", "17", "18", "19", "20", "21", "22", "23", "24", "25", "26", "27", "28", "29", "30", "31", "32", "33", "34", "35", "36", "37", "38", "39", "40", "41", "42", "43", "44", "45", "46", "47", "48", "49", "50"],
  "candidates_id": ["1", "2", "3", "4", "5"],
  "group_id": ["1", "2", "3", "4"]
}
