{
  "Z_true": {},
  "V_true": [
    [23, 1642, 211, 1980, 49],
    [82, 782, 123, 10225, 321],
    [326, 859, 10012, 1771, 451],
    [140, 207, 215, 1287, 107],
    [444, 203, 442, 565, 314]
  ],
  "p_true": [
    [0.0059, 0.4205, 0.054, 0.507, 0.0125],
    [0.0071, 0.0678, 0.0107, 0.8866, 0.0278],
    [0.0243, 0.064, 0.7461, 0.132, 0.0336],
    [0.0716, 0.1058, 0.1099, 0.658, 0.0547],
    [0.2256, 0.1032, 0.2246, 0.2871, 0.1596]
  ],
  "Z_est": [
    [
      [0.3013, 0.036, 0.167, 0.0131, 0.1408, 0.3897, 0.9203, 0.1474, 0.3766, 0.0884, 0.2391, 0.0786, 0.3177, 0.298, 0.1572, 0.6989, 0.1605, 0.3013, 0.9729, 0.2063, 0.131, 0.2096, 0.7533, 0.1539, 0.6681, 0, 0, 0.2096, 0.0983, 0.1441, 0.131, 0.1376, 0.2882, 0.3865, 0.1769, 0.1834, 0.1081, 0.226, 0.6649, 0, 0.0229, 1.5688, 0.1736, 0.1573, 1.071, 0.2555],
      [66.9706, 7.7854, 39.3441, 2.724, 33.8961, 98.6083, 213.8376, 34.2766, 88.032, 19.074, 59.2897, 19.5979, 72.0442, 74.4801, 37.0067, 49.7382, 40.1415, 70.8967, 27.5674, 45.553, 31.7387, 52.1418, 170.96, 33.4792, 156.1987, 29.3424, 2.9812, 50.2583, 15.6258, 31.5344, 28.4178, 30.7613, 64.6392, 86.8359, 43.252, 40.4916, 26.0301, 49.4427, 156.2047, 2.3375, 5.7981, 350.442, 36.5837, 36.2214, 256.3531, 51.7015],
      [0.2361, 0.0282, 0.1309, 0.2394, 0.1104, 0.3054, 0.7212, 0.1155, 0.2952, 0.0693, 0.1874, 0.0616, 0.249, 0.2336, 0.1232, 0.1925, 0.1258, 0.2361, 0.1104, 0.1617, 0.1027, 0.1643, 0.5903, 0.1206, 0.5236, 0.095, 0.0103, 0.1643, 0.077, 0.1129, 0.1027, 0.1078, 0.2259, 0.3029, 0.1386, 0.1437, 0.0847, 0.1771, 0.521, 0.0077, 0.018, 1.2294, 0.136, 0.1232, 0.8393, 0.635],
      [21.5396, 2.1662, 9.5686, 0.8446, 7.0634, 17.4598, 60.8683, 8.8501, 22.4492, 6.6052, 10.2421, 3.3673, 21.4368, 12.7675, 8.7447, 21.9548, 6.9619, 16.9872, 11.2181, 14.3056, 5.6121, 8.9794, 54.1175, 12.7094, 43.657, 6.8469, 0.5612, 10.326, 13.5727, 9.8825, 10.096, 9.4724, 19.9838, 27.075, 8.1959, 14.0182, 4.63, 17.8122, 40.6887, 0.6548, 0.9821, 109.3876, 15.3909, 10.6929, 63.4578, 24.4238],
      [2.9524, 0.9841, 1.7893, 0.1789, 1.7893, 2.2368, 4.6525, 1.6104, 3.847, 1.163, 3.0418, 0.8946, 2.9524, 3.2207, 1.9682, 2.4156, 1.6104, 3.5786, 3.1312, 2.7734, 2.4155, 2.505, 3.5789, 0.5369, 2.9526, 0.7158, 0.4473, 3.0418, 0.6263, 2.326, 1.2525, 1.5209, 2.8629, 3.3997, 2.2366, 1.1631, 2.1471, 1.342, 4.9207, 0, 0.1789, 16.3722, 0.7158, 0.8051, 5.2788, 0.9842]
    ],
    [
      [0.6084, 0.4955, 0.4723, 0.0089, 0.0678, 0.2439, 0.6315, 0, 0.7906, 0.326, 0.5211, 0.2259, 0.3748, 2.4808, 0.2464, 0.592, 0.3003, 0.1139, 2.7994, 0, 0.4747, 0, 1.1911, 0.5826, 0.2251, 0, 0, 4.1586, 0.0665, 2.3967, 0, 2.7418, 0, 0, 0.6366, 0.4415, 0.4287, 3.684, 1.263, 0, 0.0359, 0.6727, 0.1643, 0.5006, 0, 0.0352],
      [1.6307, 0, 1.266, 0.0317, 0.6674, 0.6537, 1.6926, 0.823, 2.1192, 0.8738, 1.3968, 1.6703, 1.0046, 5.189, 0.6605, 0, 0.805, 6.1332, 0, 0, 5.1569, 8.6449, 3.1926, 0.5848, 2.9776, 0.3212, 2.5902, 3.4655, 0, 0, 0, 0, 0, 0.4876, 1.7064, 1.1835, 1.5551, 0.6222, 3.3852, 0.2598, 2.5888, 0, 0.4404, 1.1818, 20.4239, 0],
      [3.1948, 1.4072, 2.4803, 0.7062, 1.3076, 1.2806, 3.3161, 14.771, 4.1519, 1.712, 2.7364, 1.1862, 1.9681, 2.5342, 1.2941, 2.9159, 1.5772, 8.3173, 4.5795, 1.7961, 11.5794, 10.4157, 6.2547, 1.1458, 4.5697, 0.4583, 0.4645, 0, 0, 0, 0, 0, 0, 0, 3.343, 2.3186, 2.2512, 2.8007, 6.6322, 0, 1.826, 36.1062, 0.8627, 4.7392, 0, 2.0054],
      [229.3033, 68.7166, 178.0245, 11.1386, 93.8499, 91.9148, 238.011, 148.7479, 297.9975, 122.8756, 196.4074, 84.0773, 141.2586, 173.9859, 92.8823, 148.0312, 113.2003, 313.1773, 306.0814, 294.5959, 260.2231, 415.7898, 448.9313, 82.2396, 327.9908, 32.8958, 33.7786, 403.3563, 128.9335, 291.4163, 208.7895, 291.2582, 521, 486.8569, 239.946, 166.4142, 161.1705, 131.6116, 476.022, 9.7402, 9.4157, 1522.6404, 61.9216, 188.5784, 807.4629, 86.1097],
      [2.2629, 3.3806, 1.7568, 0.1146, 1.1073, 0.9071, 2.3488, 0.6581, 2.9408, 1.2126, 1.9383, 0.8402, 1.394, 3.8101, 0.9166, 1.4609, 1.1171, 8.2583, 8.5396, 5.608, 5.566, 0.1496, 4.4303, 0.4472, 3.2368, 0.3246, 2.1668, 3.0196, 0, 1.187, 1.2105, 0, 0, 1.6555, 2.3679, 1.6423, 1.5945, 1.2815, 4.6976, 0, 0.1337, 26.5807, 0.6111, 0, 1.1132, 0.8498]
    ],
    [
      [12.4825, 1.8451, 7.8648, 0.1739, 0.6954, 4.6024, 12.8174, 5.3414, 24.0344, 3.2473, 17.0373, 5.1214, 14.1564, 15.8418, 10.7102, 10.1965, 13.6228, 7.8031, 5.1193, 5.1386, 5.765, 6.5724, 18.6577, 4.5299, 2.4339, 0.1739, 0, 9.6181, 4.1894, 17.725, 2.9447, 6.6933, 11.6009, 11.6098, 12.2868, 8.242, 9.1912, 5.5403, 35.0032, 0, 1.108, 50.2161, 3.0437, 6.4957, 19.2625, 0.6954],
      [10.0389, 1.0324, 8.5232, 0.1844, 8.7612, 32.7751, 48.5178, 7.1182, 18.9552, 1.647, 22.9326, 7.2577, 13.5397, 22.6564, 8.5119, 3.3198, 12.1603, 11.4537, 1.8443, 7.492, 7.2684, 9.6173, 31.6298, 4.3331, 34.8777, 7.752, 1.0338, 10.0259, 1.0451, 4.6404, 4.0051, 5.492, 11.8864, 15.8682, 10.9786, 5.5319, 13.64, 7.0035, 35.1909, 0.4027, 1.4684, 63.4017, 3.3427, 6.8319, 49.0959, 3.4427],
      [303.5374, 43.5585, 218.3608, 27.589, 268.5692, 242.4004, 551.9355, 139.0841, 378.5084, 106.2097, 513.0422, 84.7438, 523.752, 459.205, 245.5623, 276.872, 226.2744, 179.1935, 83.286, 130.0037, 138.2983, 156.5898, 373.0975, 106.7215, 313.8682, 90.4457, 10.5222, 156.7844, 84.8996, 141.847, 73.8709, 98.8575, 286.7228, 245.6292, 187.47, 156.5181, 150.6347, 103.0018, 693.7743, 4.9923, 16.1494, 1255.4401, 118.9944, 125.1135, 594.1048, 136.3535],
      [46.2002, 2.474, 9.2431, 0.6088, 22.8105, 27.7057, 90.4706, 7.9558, 22.4258, 17.6346, 36.1096, 7.6618, 35.7258, 9.7326, 18.3669, 32.5625, 19.6638, 10.5268, 5.0451, 11.4738, 8.0043, 9.12, 56.5478, 9.6489, 63.3836, 6.0319, 0.6306, 37.2617, 27.9715, 18.9293, 13.0889, 44.7841, 78.9015, 62.4079, 34.2762, 21.5931, 15.0072, 6.8471, 53.5777, 2.605, 0.4656, 112.0955, 13.3972, 9.409, 75.8534, 14.0079],
      [10.7411, 2.0899, 5.0081, 0.4439, 9.1636, 10.5163, 21.2586, 4.5006, 13.0761, 4.2615, 10.8783, 3.2152, 12.8261, 11.5643, 7.8487, 10.0492, 5.2786, 8.0229, 8.7053, 6.8919, 5.6641, 6.1005, 8.0672, 0.7667, 8.4366, 2.5965, 0.8133, 7.3099, 0.8944, 5.8583, 3.0905, 3.1732, 7.8884, 9.485, 3.9884, 2.115, 7.527, 3.6074, 13.4539, 0, 0.8086, 43.8466, 2.2219, 1.15, 17.6834, 3.5004]
    ],
    [
      [6.6088, 1.2385, 5.0009, 0.5386, 1.6917, 2.8932, 6.6379, 4.5654, 10.5713, 1.9288, 7.8007, 2.1465, 6.6846, 7.2056, 4.7656, 4.8414, 5.5316, 6.749, 4.6703, 5.5007, 3.8479, 8.0713, 10.9856, 2.4771, 5.3588, 0.6746, 0, 8.8955, 3.6107, 8.8973, 3.5913, 6.0217, 8.6117, 10.2081, 8.2053, 4.1317, 5.417, 4.3398, 16.1399, 0, 0.4161, 36.8091, 1.5885, 4.9966, 11.563, 1.0966],
      [0.0803, 0.0153, 0.0707, 0.0115, 0.0325, 0.0344, 0.0688, 0.0745, 0.1128, 0.0229, 1.3161, 0.021, 0.0784, 0.0688, 0.0516, 0.0497, 0.0573, 0.1089, 0.0612, 0.0975, 0.0497, 1.4047, 0.1453, 0.0306, 0.0975, 0.021, 0.2721, 0.13, 0, 0.1013, 0.0669, 0.0879, 0.13, 0.172, 0.1223, 0.0497, 0.0803, 0.0516, 0.1835, 0, 0.0038, 0.5676, 0.0172, 0.0612, 0.1414, 0.0153],
      [0.0317, 0.006, 0.0279, 1.4654, 0.0128, 0.0136, 0.0272, 0.0295, 0.0446, 0.0091, 0.034, 0.0083, 0.031, 0.0272, 0.0204, 0.0196, 0.0227, 1.2531, 0.0242, 0.0385, 0.0196, 3.8302, 0.0574, 0.0121, 0.0385, 0.2029, 0.003, 0.0514, 0.0234, 0.04, 0.0264, 0.0347, 0.0514, 0.068, 0.0483, 0.0196, 0.0295, 0.0204, 0.0725, 0, 0.0066, 0.2243, 0.0068, 0.0242, 0.0559, 0.006],
      [30.8042, 5.8242, 28.0805, 3.3819, 13.3621, 12.9946, 25.1106, 30.3457, 42.0304, 8.7125, 31.073, 7.6338, 29.827, 24.7587, 19.2751, 18.2305, 21.2671, 42.8804, 23.7019, 40.0517, 19.224, 55.928, 56.98, 11.8641, 40.1667, 8.9381, 3.2736, 51.94, 25.7832, 38.5254, 27.7682, 35.2126, 52.2508, 70.4039, 49.1461, 19.1289, 29.4075, 19.7953, 69.6511, 0, 1.3546, 228.4336, 6.416, 24.3364, 54.3436, 5.9661],
      [4.475, 0.9159, 3.8199, 0.6027, 1.9009, 2.0642, 4.1555, 3.9848, 6.241, 1.3267, 4.7763, 1.1903, 4.379, 3.9397, 2.8874, 2.8588, 3.1213, 6.0086, 3.5424, 5.3116, 2.8588, 7.7658, 7.8317, 1.6161, 5.3385, 1.1633, 0.4512, 6.9832, 1.5826, 5.436, 3.5471, 4.643, 6.9562, 9.1481, 6.478, 2.67, 4.0657, 2.793, 9.953, 0, 0.2189, 30.9653, 0.9714, 2.5817, 7.896, 0.9159]
    ],
    [
      [6.999, 1.3848, 4.495, 0.2656, 1.4043, 3.8708, 8.9928, 3.9458, 11.227, 2.4095, 8.4018, 2.4275, 6.4664, 8.1738, 5.1206, 5.6712, 5.3847, 6.0327, 4.438, 4.1544, 4.7815, 6.1468, 10.4123, 2.2565, 5.314, 0.1515, 0, 8.1182, 3.0351, 8.837, 2.333, 5.4057, 8.4992, 7.7957, 6.6945, 4.0014, 4.8551, 4.2099, 15.929, 0, 0.4171, 31.7332, 2.0299, 3.8498, 15.1035, 1.9173],
      [1.2796, 0.1668, 0.7959, 0.0484, 0.6427, 1.9285, 3.8831, 0.7077, 1.7808, 0.3822, 4.0649, 0.453, 1.3332, 1.6057, 0.7693, 0.8923, 0.8358, 1.4075, 0.5271, 0.8575, 0.7863, 1.1914, 3.0724, 0.5722, 2.8485, 0.5634, 0.1227, 1.1203, 0.3291, 0.724, 0.5103, 0.6588, 1.3444, 1.6363, 0.9407, 0.7434, 0.6945, 0.88, 3.0356, 0, 0.1409, 6.5887, 0.6161, 0.7037, 4.9857, 0.8405],
      [0, 0, 0, 0, 0, 0, 0, 0, 0, 0, 0, 0, 0, 0, 0, 0, 0, 0, 0, 0, 0, 0, 0, 0, 0, 0.7981, 0, 0, 0, 0, 0, 0, 0, 0, 0, 0, 0, 0, 0, 0, 0, 0, 0, 0, 0, 0],
      [30.1527, 5.8189, 18.0832, 1.0262, 5.9141, 20.9251, 45.5395, 20.1004, 42.0972, 13.1721, 31.1679, 9.2598, 19.7519, 29.7554, 19.731, 24.2209, 14.9068, 28.4283, 13.9535, 17.573, 27.9366, 33.1828, 41.4234, 7.5381, 34.802, 9.2873, 0.756, 37.116, 16.7391, 33.2465, 9.2574, 25.2726, 47.8638, 33.2563, 25.4358, 14.8456, 17.7848, 14.9339, 55.0606, 0, 0.7821, 131.4429, 10.8742, 15.9832, 92.8822, 15.4925],
      [12.5687, 3.6294, 7.6259, 0.6599, 6.0389, 9.2756, 19.5846, 7.246, 16.8951, 5.0362, 13.3654, 3.8596, 11.4485, 13.4652, 8.3791, 10.2156, 6.8726, 14.1315, 11.0815, 10.4151, 10.4956, 11.4791, 16.0919, 2.6332, 13.0355, 3.1997, 1.1213, 13.6455, 3.8966, 11.1926, 4.8994, 7.6629, 14.2925, 14.3118, 9.9291, 5.4096, 8.6656, 5.9761, 21.9747, 0, 0.6599, 65.2352, 3.4798, 4.4632, 27.0286, 4.7497]
    ]
  ],
  "V_est": [
    [13.9309, 2940.6372, 10.6866, 828.6279, 111.1174],
    [30.9993, 87.3859, 161.0059, 11138.77, 114.839],
    [431.4504, 598.5281, 10822.3893, 1230.2448, 336.3874],
    [273.5265, 6.4369, 8.1201, 1465.5837, 202.3328],
    [265.0929, 60.012, 0.7981, 1164.7736, 477.3234]
  ],
  "p_est": [
    [0.0036, 0.753, 0.0027, 0.2122, 0.0285],
    [0.0027, 0.0076, 0.014, 0.9658, 0.01],
    [0.0322, 0.0446, 0.8065, 0.0917, 0.0251],
    [0.1398, 0.0033, 0.0042, 0.7493, 0.1034],
    [0.1347, 0.0305, 0.0004, 0.5919, 0.2425]
  ],
  "EI_Z": {},
  "EI_V": 13.4191,
  "MAE_Z": {},
  "MAE_V": 351.9128,
  "MAE_p": 0.0876,
  "runtime": 0.8484
}
