{
  "Z_true": {},
  "V_true": [
    [6, 31, 714, 290],
    [143, 136, 14563, 1043],
    [208, 6557, 1453, 1162],
    [629, 425, 569, 190],
    [13, 248, 165, 526],
    [17, 243, 623, 879]
  ],
  "p_true": [
    [0.0058, 0.0298, 0.6859, 0.2786],
    [0.009, 0.0086, 0.9168, 0.0657],
    [0.0222, 0.699, 0.1549, 0.1239],
    [0.3469, 0.2344, 0.3138, 0.1048],
    [0.0137, 0.2605, 0.1733, 0.5525],
    [0.0096, 0.1379, 0.3536, 0.4989]
  ],
  "Z_est": [
    [
      [0.086, 0, 1.2613, 0.5035, 0.9882, 0.4614, 0.2306, 0.8815, 0.0246, 0.4227, 0.3103, 0.6154, 0.3597, 1.4445, 1.3139, 0.1461, 0, 0, 0.0336, 0.0677, 0.4607, 1.3384, 2.0149, 2.2591, 0.3362, 1.9575, 1.5427, 0.757, 1.1472, 1.3149, 0.5182, 1.3974, 0.5804, 2.1265, 0.5213],
      [0.573, 0.0452, 7.9318, 5.3465, 8.4178, 4.7777, 1.794, 6.6453, 0.062, 3.8078, 1.9535, 3.5763, 3.2952, 9.5516, 7.1204, 1.043, 0.5093, 0.5649, 0.1282, 0.0916, 3.7451, 7.4937, 11.886, 16.7783, 7.0691, 19.6002, 15.5013, 6.8495, 10.3928, 13.2401, 1.6857, 11.3493, 1.9031, 14.4448, 6.5577],
      [0.938, 0.7018, 13.1111, 8.2243, 13.7438, 10.5794, 6.2206, 12.3039, 1.4036, 8.3475, 7.2272, 8.7651, 6.6929, 19.4923, 9.9722, 1.5686, 0.7566, 1.1751, 0.2545, 0.8, 6.4136, 14.1276, 23.9014, 26.1155, 12.3409, 30.1573, 27.0164, 9.5755, 14.8347, 21.6006, 2.8967, 14.6159, 5.1044, 38.6333, 8.2683],
      [1.403, 1.2531, 12.6959, 9.9257, 15.8501, 11.1815, 5.7547, 14.1693, 3.5098, 7.422, 6.509, 9.0433, 7.6521, 20.5116, 14.5935, 2.2423, 0.7341, 1.26, 0.5837, 1.0407, 9.3806, 15.0404, 20.1978, 24.8471, 13.2537, 31.285, 24.9396, 10.8179, 17.6252, 17.8444, 1.8995, 17.6374, 4.4121, 43.7954, 9.6527]
    ],
    [
      [1.7651, 0, 14.3941, 4.4728, 7.6017, 6.6102, 2.7698, 11.3072, 0.1254, 6.6311, 3.4845, 8.9052, 4.4188, 11.2695, 13.1704, 1.5901, 0, 0, 0.5343, 0.5049, 4.5891, 12.2572, 8.0462, 7.2989, 2.2566, 12.9648, 9.3999, 8.1438, 10.517, 9.6116, 5.1827, 10.4765, 4.7261, 20.9035, 0.9881],
      [6.0303, 0.0135, 49.6219, 21.1191, 31.7962, 31.7598, 9.2873, 37.332, 0.014, 33.7836, 8.5889, 25.1274, 18.1642, 33.3616, 32.926, 5.4423, 1.4952, 3.3165, 0.5321, 0.22, 16.4636, 33.5333, 20.799, 25.0229, 23.0218, 63.79, 47.462, 35.8589, 47.5335, 50.0701, 10.3023, 37.5063, 7.3896, 62.0528, 4.7543],
      [89.5394, 5.812, 676.2679, 305.6979, 457.2111, 532.9975, 221.5195, 575.5415, 30.6251, 495.8748, 229.8178, 442.9233, 313.7664, 559.5501, 456.0321, 74.316, 16.0116, 54.7123, 19.5771, 16.3354, 269.2823, 566.8628, 400.3691, 366.9518, 342.5607, 927.6548, 732.9462, 512.6512, 658.7637, 731.8768, 157.1642, 538.1352, 162.2035, 1195.1209, 71.6038],
      [12.6652, 2.1749, 59.7161, 40.7101, 60.391, 66.6325, 29.4234, 75.8194, 13.2355, 46.7105, 29.1089, 55.044, 40.6506, 70.8189, 67.8714, 11.6516, 2.4933, 7.9712, 4.3565, 3.9397, 45.665, 62.3468, 43.7857, 45.7264, 46.1609, 102.5903, 76.1918, 54.3461, 74.1858, 63.4416, 8.3508, 65.882, 15.6809, 196.9228, 11.6538]
    ],
    [
      [1.8747, 0, 15.813, 6.109, 9.7415, 6.6212, 2.4317, 11.8944, 0.427, 5.8258, 2.8176, 7.4907, 5.206, 11.8701, 15.7521, 1.8634, 0, 0, 0.9906, 0.2481, 5.8049, 14.9167, 11.5947, 11.426, 3.4363, 20.4747, 14.3533, 13.3106, 15.5547, 15.2184, 5.8454, 18.2446, 4.4028, 18.6826, 1.9776],
      [29.6589, 0.4029, 255.6599, 143.752, 188.6818, 161.4983, 47.7356, 213.1933, 2.5542, 135.0941, 47.3679, 113.8587, 109.9643, 193.1053, 200.9347, 30.0428, 5.5502, 15.9322, 8.3755, 1.7281, 105.0369, 203.7672, 164.8015, 192.9816, 149.5152, 457.5327, 330.6255, 268.677, 318.1147, 366.7475, 55.2722, 321.0729, 39.9579, 310.9761, 49.3386],
      [12.7603, 0.1861, 134.4219, 69.8642, 87.0821, 91.0306, 34.8837, 111.1132, 20.7602, 78.1925, 32.9028, 60.7931, 67.5977, 104.2703, 85.138, 13.0437, 2.4187, 9.3554, 6.5759, 1.0171, 50.7436, 113.276, 90.5373, 88.0058, 77.9421, 234.0173, 191.7945, 134.2966, 155.2374, 229.2352, 30.6144, 139.8961, 25.729, 169.6975, 17.0327],
      [6.7062, 0.4108, 38.1051, 30.2749, 38.4946, 31.8499, 11.9491, 45.7992, 27.2586, 21.8875, 10.9117, 23.8575, 26.232, 41.7543, 46.1752, 7.0501, 1.031, 3.7124, 5.058, 1.0066, 29.4146, 43.0401, 33.0665, 38.5866, 32.1063, 87.9754, 63.2267, 48.7157, 60.0931, 56.7989, 5.268, 63.7864, 8.9103, 84.6438, 11.6511]
    ],
    [
      [4.1941, 0, 26.0112, 9.6634, 17.3279, 11.0293, 4.4831, 17.3683, 0.4168, 9.9498, 5.1467, 14.6119, 8.8652, 19.8937, 26.1948, 3.3437, 0, 0, 1.3985, 1.1089, 10.9497, 27.0801, 19.9482, 16.7339, 5.8738, 33.0116, 22.3648, 21.3216, 25.2328, 20.5255, 11.285, 28.0858, 9.1916, 33.5914, 3.4677],
      [9.1731, 0.4366, 47.4263, 20.7551, 38.1064, 25.0204, 8.8732, 29.105, 0.2563, 23.3404, 8.4327, 25.5077, 18.9277, 33.8965, 40.4342, 6.4064, 0, 1.4122, 1.3972, 0.8278, 23.0779, 48.1409, 34.4804, 29.5585, 22.111, 80.3983, 53.2935, 48.4743, 55.9269, 43.3065, 16.4984, 54.3467, 12.0509, 59.3914, 9.9928],
      [4.0217, 0.8111, 16.0903, 4.6137, 13.5943, 7.8946, 4.1634, 7.221, 0.8464, 8.0364, 3.9614, 9.6239, 6.2767, 9.5543, 11.9569, 1.8602, 0, 0.4831, 0.7928, 0.8477, 7.3557, 26.2733, 19.6553, 12.1744, 6.0552, 34.1064, 24.245, 20.1813, 19.4678, 17.9547, 10.542, 20.7806, 9.8576, 21.1114, 3.8186],
      [0.6111, 0.7518, 1.4722, 0.9678, 1.9714, 1.0557, 0.4804, 1.3057, 0.4806, 0.6734, 0.4593, 1.2564, 0.9304, 1.6555, 2.414, 0.3898, 0, 0.1047, 0.4115, 0.2156, 1.6166, 2.5057, 1.9162, 1.5333, 0.96, 3.4837, 2.0967, 2.0227, 2.3725, 1.2133, 0.6746, 2.7869, 0.8999, 3.9057, 0.7209]
    ],
    [
      [0.0188, 0, 0.1411, 0.0868, 0.1569, 0.1556, 0.0435, 0.1543, 0.0025, 0.058, 0.1131, 0.0985, 0.0563, 0.1465, 0.1882, 0.0326, 0, 0, 0.0048, 0.0441, 0.0618, 0.1551, 0.1603, 0.1514, 0.0342, 0.1722, 0.0731, 0.1672, 0.1463, 0.0937, 0.0153, 0.3376, 0.014, 0.2578, 0.0115],
      [0.7737, 0, 6.1876, 5.4997, 7.8475, 10.1108, 1.7505, 6.2772, 0.0586, 3.7584, 2.2082, 2.9055, 3.2086, 3.9721, 5.5309, 1.2081, 0.2447, 0.3523, 0.1006, 0.0385, 2.838, 5.6604, 5.9526, 7.0113, 5.3361, 13.0546, 6.3165, 10.4065, 9.1973, 8.7474, 0.4104, 15.6192, 0.361, 8.4223, 1.0603],
      [1.4704, 0, 11.1034, 9.8326, 14.9074, 26.6968, 7.3007, 12.8878, 1.3075, 9.459, 6.9226, 8.1353, 7.3496, 8.6745, 8.2942, 2.0739, 0.3063, 0.6519, 0.2212, 0.3309, 5.2877, 12.0691, 13.6536, 11.9878, 10.6368, 22.7569, 11.7971, 17.6657, 14.9117, 16.2495, 0.6533, 24.0437, 0.9709, 25.4668, 1.398],
      [2.737, 0, 15.5678, 14.5809, 21.0881, 28.0368, 8.9054, 20.6807, 3.6313, 11.7246, 7.7561, 11.8606, 11.3854, 14.2069, 16.9867, 3.6855, 0.4489, 0.9958, 0.6734, 0.5866, 10.8125, 17.1155, 15.2335, 15.8495, 14.9928, 31.0163, 16.8133, 21.7606, 22.7447, 17.9094, 0.9211, 31.9995, 1.6541, 41.8532, 2.5302]
    ],
    [
      [0.0613, 0, 0.3793, 0.1645, 0.1838, 0.1222, 0.0414, 0.3943, 0.0037, 0.1125, 0.1278, 0.2783, 0.0939, 0.3757, 0.3806, 0.0241, 0, 0, 0.0382, 0.0263, 0.1337, 0.2526, 0.2358, 0.1307, 0.0628, 0.4193, 0.2661, 0.2997, 0.4019, 0.236, 0.1535, 0.4581, 0.0851, 0.4382, 0.0338],
      [1.791, 0.1018, 13.1725, 8.5276, 8.1502, 6.833, 1.5595, 13.4473, 0.0549, 6.2157, 3.4488, 7.0244, 4.44, 11.113, 9.0538, 0.8575, 0.2006, 1.4219, 0.4665, 0.0939, 4.8385, 7.4046, 7.0805, 5.6474, 7.9467, 23.6241, 15.8012, 14.7337, 18.8347, 15.8884, 1.831, 18.1055, 1.3376, 12.7126, 2.2962],
      [7.2702, 2.489, 50.0053, 29.7673, 30.4612, 35.8011, 12.9122, 55.9327, 3.0573, 31.0898, 26.1683, 38.7593, 21.3167, 50.4585, 30.6065, 3.1376, 0.5068, 6.6222, 2.5785, 1.6689, 19.9171, 32.3913, 29.8833, 18.7647, 30.4642, 79.3073, 59.2008, 46.6296, 61.7847, 56.0832, 7.1295, 51.5285, 8.1346, 77.9701, 5.8786],
      [3.8775, 2.4093, 18.4429, 14.5406, 15.2048, 15.2437, 5.487, 26.2257, 3.8841, 11.582, 10.2551, 16.938, 10.1494, 23.0528, 17.9591, 1.9808, 0.2926, 2.9559, 1.9169, 1.2109, 12.1107, 14.9516, 12.8004, 9.4572, 14.5262, 35.6493, 24.7319, 20.337, 27.9787, 19.7924, 1.8861, 25.9078, 3.4427, 42.8792, 3.7913]
    ]
  ],
  "V_est": [
    [27.4233, 215.7318, 387.8805, 409.9645],
    [226.9171, 835.4921, 13208.2757, 1614.3154],
    [282.2204, 5239.5082, 2771.4631, 1086.8082],
    [469.6709, 930.7836, 366.2291, 46.3159],
    [3.3531, 162.4277, 327.4746, 458.7446],
    [6.4152, 256.0566, 1025.677, 473.8514]
  ],
  "p_est": [
    [0.0263, 0.2072, 0.3726, 0.3938],
    [0.0143, 0.0526, 0.8315, 0.1016],
    [0.0301, 0.5586, 0.2955, 0.1159],
    [0.2591, 0.5134, 0.202, 0.0255],
    [0.0035, 0.1706, 0.344, 0.4819],
    [0.0036, 0.1453, 0.5821, 0.2689]
  ],
  "EI_Z": {},
  "EI_V": 13.484,
  "MAE_Z": {},
  "MAE_V": 346.46,
  "MAE_p": 0.1027,
  "runtime": 467.627
}
