{
  "X": [
    [3, 5, 18, 91, 1, 3],
    [14, 51, 56, 201, 16, 10],
    [1, 17, 16, 36, 5, 6],
    [2, 5, 6, 48, 2, 1],
    [3, 16, 19, 32, 4, 3],
    [2, 17, 71, 49, 8, 14],
    [2, 3, 14, 25, 6, 8],
    [13, 45, 52, 166, 8, 20],
    [0, 0, 2, 28, 1, 2],
    [2, 8, 40, 66, 5, 8],
    [4, 9, 71, 110, 11, 4],
    [0, 10, 18, 40, 10, 6],
    [6, 8, 74, 50, 9, 5],
    [10, 31, 205, 172, 28, 15],
    [7, 39, 50, 130, 2, 18],
    [12, 11, 76, 117, 18, 18],
    [6, 48, 33, 98, 7, 6],
    [3, 9, 66, 54, 19, 4],
    [0, 24, 8, 26, 1, 2],
    [3, 16, 7, 68, 0, 4],
    [7, 20, 35, 132, 8, 12],
    [2, 26, 26, 76, 7, 10],
    [3, 17, 7, 45, 3, 2],
    [5, 22, 56, 34, 5, 5],
    [10, 15, 164, 139, 36, 17],
    [3, 15, 35, 58, 11, 3],
    [10, 23, 177, 252, 34, 22],
    [6, 27, 129, 190, 19, 18],
    [16, 27, 138, 165, 28, 30],
    [12, 12, 59, 186, 10, 13],
    [6, 27, 81, 155, 21, 24],
    [1, 9, 9, 35, 0, 6],
    [0, 3, 7, 23, 0, 6],
    [2, 9, 18, 114, 9, 17],
    [15, 27, 91, 166, 24, 25],
    [4, 7, 16, 94, 0, 4],
    [18, 78, 112, 248, 26, 29],
    [6, 28, 97, 164, 25, 21],
    [8, 49, 114, 213, 17, 28],
    [5, 6, 18, 115, 6, 14],
    [1, 7, 7, 45, 6, 5],
    [3, 5, 40, 59, 10, 9],
    [6, 18, 29, 89, 3, 3],
    [3, 26, 29, 119, 5, 6],
    [6, 31, 63, 125, 15, 10],
    [1, 8, 20, 35, 6, 5],
    [0, 3, 8, 58, 2, 3],
    [7, 26, 84, 87, 16, 24],
    [19, 89, 92, 151, 22, 17],
    [36, 211, 235, 574, 45, 47],
    [1, 59, 17, 45, 3, 8],
    [6, 5, 3, 47, 2, 12],
    [7, 7, 33, 109, 9, 8],
    [14, 63, 160, 160, 34, 12],
    [30, 118, 210, 259, 27, 17],
    [43, 109, 263, 384, 54, 36],
    [19, 149, 409, 491, 64, 41],
    [5, 0, 17, 52, 2, 6],
    [6, 75, 80, 89, 14, 15],
    [5, 42, 72, 188, 4, 27],
    [1, 2, 20, 34, 2, 6],
    [6, 4, 30, 66, 9, 6],
    [5, 27, 63, 56, 25, 5],
    [12, 84, 44, 61, 14, 9],
    [4, 88, 29, 48, 3, 4],
    [8, 15, 16, 47, 9, 6],
    [15, 26, 106, 289, 25, 16],
    [9, 65, 62, 111, 14, 6],
    [3, 36, 28, 19, 6, 5],
    [4, 26, 16, 16, 5, 3],
    [7, 26, 24, 43, 1, 9],
    [6, 30, 36, 145, 11, 14],
    [4, 6, 45, 73, 16, 11],
    [6, 13, 80, 147, 21, 16],
    [3, 2, 23, 24, 4, 7],
    [5, 29, 38, 77, 6, 2],
    [10, 43, 62, 99, 8, 8],
    [8, 47, 102, 127, 20, 15],
    [2, 15, 34, 98, 18, 11],
    [2, 4, 8, 35, 2, 1],
    [9, 23, 144, 109, 40, 14],
    [6, 41, 21, 66, 5, 9],
    [2, 11, 10, 37, 2, 6],
    [5, 51, 28, 66, 2, 3],
    [11, 73, 88, 103, 21, 19],
    [8, 145, 153, 160, 21, 28],
    [12, 49, 66, 169, 25, 23],
    [10, 95, 63, 202, 16, 14],
    [3, 5, 30, 31, 12, 3],
    [8, 67, 78, 109, 18, 6],
    [7, 53, 38, 124, 12, 4],
    [19, 122, 105, 238, 22, 13],
    [0, 29, 16, 38, 6, 2],
    [3, 12, 13, 59, 1, 9],
    [40, 138, 253, 659, 68, 39],
    [4, 4, 92, 44, 24, 6],
    [1, 7, 29, 60, 13, 7],
    [8, 34, 232, 237, 53, 29],
    [4, 16, 45, 35, 25, 8],
    [16, 30, 150, 156, 38, 12],
    [12, 33, 214, 193, 51, 16],
    [7, 20, 145, 150, 31, 11],
    [2, 6, 13, 77, 9, 12],
    [9, 103, 108, 359, 35, 22],
    [247, 550, 1351, 1867, 237, 210],
    [9, 120, 142, 211, 27, 21],
    [35, 370, 428, 755, 91, 92],
    [3, 53, 39, 68, 3, 8]
  ],
  "W": [
    [1, 81, 28, 11],
    [19, 185, 132, 12],
    [8, 30, 37, 6],
    [3, 36, 21, 4],
    [7, 29, 34, 7],
    [9, 44, 80, 28],
    [0, 17, 33, 8],
    [22, 161, 99, 22],
    [0, 25, 6, 2],
    [6, 52, 51, 20],
    [3, 73, 127, 6],
    [5, 38, 34, 7],
    [5, 38, 89, 20],
    [16, 123, 272, 50],
    [14, 101, 112, 19],
    [4, 102, 98, 48],
    [13, 86, 90, 9],
    [8, 41, 80, 26],
    [6, 24, 30, 1],
    [5, 58, 30, 5],
    [13, 122, 64, 15],
    [22, 61, 52, 12],
    [3, 33, 36, 5],
    [7, 26, 82, 12],
    [7, 120, 214, 40],
    [8, 46, 55, 16],
    [8, 215, 255, 40],
    [14, 172, 183, 20],
    [12, 150, 190, 52],
    [4, 143, 114, 31],
    [16, 117, 145, 36],
    [6, 30, 17, 7],
    [2, 20, 9, 8],
    [5, 99, 38, 27],
    [10, 139, 157, 42],
    [2, 83, 31, 9],
    [26, 209, 214, 62],
    [10, 138, 153, 40],
    [25, 190, 172, 42],
    [4, 99, 48, 13],
    [4, 38, 17, 12],
    [2, 47, 56, 21],
    [5, 75, 59, 9],
    [15, 100, 53, 20],
    [16, 92, 122, 20],
    [2, 32, 38, 3],
    [0, 51, 19, 4],
    [14, 84, 102, 44],
    [31, 137, 209, 13],
    [105, 523, 462, 58],
    [24, 34, 69, 6],
    [3, 53, 10, 9],
    [3, 97, 54, 19],
    [27, 132, 256, 28],
    [38, 211, 368, 44],
    [51, 328, 441, 69],
    [59, 397, 645, 72],
    [2, 44, 25, 11],
    [28, 84, 142, 25],
    [17, 166, 138, 17],
    [1, 26, 21, 17],
    [6, 54, 40, 21],
    [18, 44, 102, 17],
    [26, 51, 127, 20],
    [15, 38, 106, 17],
    [7, 38, 40, 16],
    [10, 242, 173, 52],
    [24, 97, 136, 10],
    [19, 14, 59, 5],
    [12, 17, 35, 6],
    [5, 42, 55, 8],
    [13, 128, 92, 9],
    [2, 60, 74, 19],
    [4, 120, 125, 34],
    [0, 21, 29, 13],
    [21, 67, 61, 8],
    [21, 88, 106, 15],
    [17, 107, 176, 19],
    [11, 77, 58, 32],
    [5, 34, 10, 3],
    [10, 87, 210, 32],
    [17, 54, 62, 15],
    [4, 36, 24, 4],
    [17, 59, 70, 9],
    [31, 77, 174, 33],
    [69, 135, 272, 39],
    [21, 166, 131, 26],
    [30, 167, 188, 15],
    [3, 26, 40, 15],
    [23, 101, 152, 10],
    [12, 111, 106, 9],
    [52, 202, 240, 25],
    [5, 35, 49, 2],
    [10, 54, 27, 6],
    [71, 631, 419, 76],
    [3, 28, 129, 14],
    [1, 46, 65, 5],
    [14, 160, 379, 40],
    [14, 30, 71, 18],
    [10, 114, 248, 30],
    [12, 136, 338, 33],
    [11, 103, 230, 20],
    [7, 70, 26, 16],
    [56, 319, 227, 34],
    [268, 1774, 2136, 284],
    [68, 190, 243, 29],
    [218, 598, 793, 162],
    [25, 59, 82, 8]
  ],
  "method": "mvn_pdf",
  "cond_prob": [
    [
      [0.012940972354, 0.76208186303, 0.029454322387, 0.16938598774, 0.0096048439634, 0.016532010525],
      [0.019552008998, 0.008650109227, 0.021438844465, 0.9395890648, 0, 0.01076997251],
      [0.045644172351, 0.12118488484, 0.48858339568, 0.32337706697, 0.012611521529, 0.0085989586312],
      [0.011391770272, 0.013098410369, 0.23215129064, 0.51539471711, 0.057933868476, 0.17002994313]
    ],
    [
      [0.012032885689, 0.85868620756, 0.01560619835, 0.082706584704, 0.016677010894, 0.014291112805],
      [0.048404140331, 0.025557768611, 0.0094647538281, 0.88261604439, 0.0057881114029, 0.028169181434],
      [0.035030950585, 0.22465092081, 0.3912191106, 0.2387670623, 0.096540130975, 0.013791824731],
      [0.016043644442, 0.025237776389, 0.19263168113, 0.38561287122, 0.15575324123, 0.22472078559]
    ],
    [
      [0.003575927953, 0.87475730378, 0.013130408147, 0.064407871078, 0.016097417664, 0.028031071382],
      [0.018039493251, 0.027753707729, 0.0097435440609, 0.86593312069, 0.0094720607546, 0.069058073511],
      [0.01090453631, 0.24447442656, 0.39746882558, 0.21420680079, 0.10385980982, 0.029085600946],
      [0.0044566558953, 0.020629425865, 0.14938397777, 0.26351529692, 0.12404097879, 0.43797366477]
    ],
    [
      [0.018117052613, 0.67285102683, 0.014985156892, 0.26377410606, 0.014140947183, 0.016131710422],
      [0.029770743628, 0.014690620383, 0.0056583914624, 0.93208014166, 0.01219817258, 0.0056019302819],
      [0.03906461912, 0.11484086221, 0.25602145801, 0.52224713271, 0.059521691745, 0.0083042361999],
      [0.013386267509, 0.01023161982, 0.093722954618, 0.67165069872, 0.067121854735, 0.1438866046]
    ],
    [
      [0.0094177939177, 0.90661616669, 0.016364630449, 0.04555218023, 0.01203763435, 0.010011594359],
      [0.058538612212, 0.035340723145, 0.019228681245, 0.84559862084, 0.0076930415711, 0.033600320986],
      [0.033017389639, 0.24707546728, 0.48056799177, 0.14792772415, 0.077944677024, 0.013466750138],
      [0.016266348671, 0.032605710643, 0.28407201579, 0.30417601613, 0.1489313336, 0.21394857517]
    ],
    [
      [0.0067540670048, 0.8112440766, 0.058132804763, 0.069140167596, 0.019745670109, 0.034983213928],
      [0.028732066288, 0.025545866199, 0.04926345552, 0.81299079329, 0.0061608659266, 0.07730695278],
      [0.0069556839734, 0.10262207431, 0.71605889152, 0.095030128025, 0.058263179906, 0.021070042267],
      [0.0042338486575, 0.013036401898, 0.39373219259, 0.17870476232, 0.10321987414, 0.30707292039]
    ],
    [
      [0.015567861462, 0.63270422475, 0.025015017781, 0.14574682266, 0.038773234139, 0.1421928392],
      [0.036844549465, 0.0049047597106, 0.015025001413, 0.81965896792, 0.010349678445, 0.11321704305],
      [0.039673511729, 0.087767490825, 0.39791485827, 0.29240109212, 0.15342171774, 0.028821329323],
      [0.0080520965031, 0.0025364859598, 0.076673081636, 0.17707018819, 0.095142347639, 0.64052580007]
    ],
    [
      [0.013033374774, 0.85511703415, 0.018845071921, 0.075873259348, 0.01046828324, 0.026662976571],
      [0.05443037555, 0.026722942625, 0.016307966058, 0.84769467313, 0, 0.054844042638],
      [0.036517576904, 0.21621519573, 0.4506088071, 0.21295736999, 0.058841048525, 0.024860001749],
      [0.015215235356, 0.021805777687, 0.19770699905, 0.30768937689, 0.088383362033, 0.36919924898]
    ],
    [
      [0.0088834753583, 0.60299503164, 0.020062548325, 0.29687746978, 0.019916803141, 0.051264671759],
      [0, 0, 0, 0.9390749719, 0.016642379714, 0.044282648385],
      [0, 0, 0.30707294939, 0.5840980894, 0.075422937179, 0.033406024029],
      [0, 0, 0.07878115183, 0.50926858302, 0.065701442042, 0.3462488231]
    ],
    [
      [0.010849852948, 0.72502276709, 0.054594101382, 0.15540191531, 0.021312287039, 0.032819076232],
      [0.020268807261, 0, 0.027225957266, 0.91182382664, 0.0020287479714, 0.038652660863],
      [0.014778650895, 0.069733241621, 0.6285166901, 0.21229528122, 0.05636734685, 0.018308789316],
      [0.0063605854537, 0.0046734037411, 0.31011672095, 0.34128450903, 0.094594834695, 0.24296994613]
    ],
    [
      [0.014302954478, 0.66686781912, 0.043742778474, 0.2226815747, 0.026712081549, 0.02569279168],
      [0.015297412305, 0, 0.026930751727, 0.93315337265, 0.0050923057297, 0.019526157588],
      [0.021965385379, 0.054758026051, 0.53154507455, 0.30275980749, 0.077796937492, 0.011174769045],
      [0.0084626825266, 0.0075212056959, 0.23276705354, 0.46021058691, 0.11131906261, 0.17971940872]
    ],
    [
      [0, 0.79448460862, 0.028655043198, 0.075746350706, 0.067068720338, 0.034045277138],
      [0, 0.0062001231054, 0.045303681594, 0.87146480833, 0, 0.077031386973],
      [0, 0.16761719605, 0.44130512267, 0.15465698716, 0.20959617499, 0.026824519137],
      [0, 0.013283944737, 0.16154438752, 0.17818113811, 0.36262663554, 0.28436389409]
    ],
    [
      [0.025066370884, 0.73747657944, 0.074725977008, 0.11373066059, 0.028060492304, 0.02093991977],
      [0.070128159897, 0.0036146136858, 0.041812267104, 0.84873113978, 0.007073584902, 0.02864023463],
      [0.032214254065, 0.045930686432, 0.7112426147, 0.13554366667, 0.067845817989, 0.0072229601435],
      [0.017136472887, 0.0043715345135, 0.43684556285, 0.25580885257, 0.12763117556, 0.15820640162]
    ],
    [
      [0.013960316837, 0.74796979692, 0.061631463326, 0.12578506378, 0.028150538698, 0.022502820433],
      [0.036472426667, 0.0058136895543, 0.03450582225, 0.88829255132, 0.005814415251, 0.029101094957],
      [0.017701858015, 0.065949332105, 0.66520143953, 0.16890182342, 0.074094259018, 0.0081512879079],
      [0.0095124214061, 0.0075836220312, 0.37669777796, 0.29572318392, 0.13361559704, 0.17686739765]
    ],
    [
      [0.010172954136, 0.82894266983, 0.017299011936, 0.10284673105, 0.0046525357784, 0.036086097279],
      [0.019912322942, 0.025218690462, 0.018179499194, 0.88068723944, 0, 0.056002247962],
      [0.041550285378, 0.2186537238, 0.40316516569, 0.29370393084, 0.0099833564569, 0.032943537843],
      [0.010147476978, 0.018868306333, 0.14564136092, 0.35346812253, 0.042985714523, 0.42888901871]
    ],
    [
      [0.028404157108, 0.73197307822, 0.050497244646, 0.12232492701, 0.0343342821, 0.032466310907],
      [0.071663970932, 0.0016753441255, 0.028966892733, 0.84658835139, 0.0077214577945, 0.043383983026],
      [0.037852899882, 0.078374782388, 0.59781957432, 0.17222928353, 0.096852039345, 0.016871420536],
      [0.018064044752, 0.0045936231726, 0.29702228499, 0.27667122217, 0.15799113168, 0.24565769323]
    ],
    [
      [0.0051655929719, 0.93054178106, 0.0089058360131, 0.041682941964, 0.0063839795927, 0.0073198683978],
      [0.040783839627, 0.025141139498, 0.019832587819, 0.87849803133, 0.0054223954376, 0.030322006284],
      [0.025614772241, 0.36962759788, 0.32680949224, 0.20490991083, 0.059949875798, 0.013088351006],
      [0.013345286854, 0.052703893329, 0.19619636419, 0.38504434277, 0.1172437151, 0.23546639776]
    ],
    [
      [0.012853496229, 0.71388188149, 0.072939726459, 0.11622652543, 0.066660600455, 0.017437769932],
      [0.038416012182, 0.00092965258451, 0.050795935742, 0.88252132322, 0.0078382963273, 0.019498779948],
      [0.013993168221, 0.040612460633, 0.67068057776, 0.13594312819, 0.1387706652, 0],
      [0.0077946951166, 7.0474671449e-05, 0.37228471548, 0.23120628036, 0.27091122427, 0.1177326101]
    ],
    [
      [0, 0.95507086872, 0.011415314991, 0.026242319463, 0.0020316611854, 0.0052398356424],
      [0, 0.056030050663, 0.047008597889, 0.84836802099, 0.0041338901011, 0.044459440355],
      [0, 0.5594827208, 0.2212098339, 0.17204433516, 0.02706612805, 0.020196982095],
      [0, 0.14037194784, 0.16700674371, 0.32038352472, 0.076612828956, 0.29562495477]
    ],
    [
      [0.0094769986847, 0.88434924346, 0.0054878794611, 0.087298414446, 0, 0.013387463947],
      [0.015233271137, 0.029175172623, 0, 0.92358840491, 0, 0.032003151328],
      [0.060860768262, 0.3243125469, 0.21615771439, 0.37634366889, 0, 0.022325301549],
      [0.048652446547, 0.031343472696, 0.097565834189, 0.54101407522, 0, 0.28142417135]
    ],
    [
      [0.015205650444, 0.76693375433, 0.027909140643, 0.13414328252, 0.021411567742, 0.03439660432],
      [0.03857372119, 0.011390881061, 0.014112187182, 0.88676270761, 0.0050810529817, 0.044079449974],
      [0.030001876911, 0.13211270074, 0.46914380164, 0.26093009587, 0.08407385145, 0.023737673388],
      [0.011747495785, 0.012330723778, 0.19268606871, 0.35810405753, 0.11473564419, 0.31039601001]
    ],
    [
      [0.006890517939, 0.77798563088, 0.023754593016, 0.12890051866, 0.022001668878, 0.040467070629],
      [0.017059945033, 0.016105435872, 0.012073156301, 0.8963636766, 0.0067915830091, 0.051606203184],
      [0.014275567667, 0.14899575709, 0.43861175768, 0.27689730233, 0.09188550163, 0.029334113606],
      [0.0054518699731, 0.012842096967, 0.16109375168, 0.34061204964, 0.11030255303, 0.3696976787]
    ],
    [
      [0.0072438387382, 0.91344456135, 0.0033725203246, 0.063675380492, 0.0059587275464, 0.0063049715464],
      [0.029429957491, 0.020892409993, 0, 0.92119536645, 0.010469338556, 0.018012927506],
      [0.053335098839, 0.37098577699, 0.17918564886, 0.32352775231, 0.060594958516, 0.012370764479],
      [0.017403265678, 0.042945762902, 0.107839816, 0.55250553645, 0.091043427689, 0.18826219128]
    ],
    [
      [0.013758215256, 0.87459335035, 0.032003572965, 0.054272523891, 0.010859768068, 0.014512569466],
      [0.074472997825, 0.03658497138, 0.033697373215, 0.81362576638, 0.0014560505723, 0.040162840631],
      [0.03353829411, 0.17832528357, 0.6136805422, 0.11569220527, 0.044392847286, 0.014370827566],
      [0.018104536059, 0.025330336596, 0.38150323544, 0.24825513123, 0.1038259026, 0.22298085807]
    ],
    [
      [0.015812983695, 0.71938210094, 0.069383775497, 0.11093557572, 0.053182781318, 0.031302782831],
      [0.045475967328, 0.00020438796598, 0.047186308258, 0.85104643401, 0.010029997022, 0.046056905413],
      [0.018994149291, 0.045719411785, 0.67148206612, 0.12813022514, 0.12135142322, 0.01432272445],
      [0.009186127163, 0.0038961153884, 0.3538698608, 0.21695026769, 0.211372908, 0.20472472096]
    ],
    [
      [0.010206204124, 0.81358277646, 0.032775582684, 0.098965151555, 0.033130643445, 0.011339641735],
      [0.034953932537, 0.019231763859, 0.022837705502, 0.9031394586, 0.004942894174, 0.014894245327],
      [0.020876168888, 0.1335635668, 0.53048763161, 0.18927784265, 0.12490491657, 0.00088987348777],
      [0.010142511343, 0.016292529796, 0.28190257168, 0.32834889665, 0.22736320683, 0.1359502837]
    ],
    [
      [0.012474710935, 0.72472087609, 0.055389062421, 0.13724730166, 0.037795272392, 0.032372776501],
      [0.026469737868, 0, 0.032469726343, 0.89327735767, 0.0075634753458, 0.040219702774],
      [0.015360189525, 0.066357931608, 0.61717820304, 0.18524528884, 0.1003647216, 0.015493665387],
      [0.007309008552, 0.0070240107819, 0.30488636402, 0.29024602584, 0.16196216536, 0.22857242545]
    ],
    [
      [0.0096118761694, 0.75251484808, 0.053833017992, 0.11947040934, 0.028663080494, 0.035906767927],
      [0.023221682979, 0.0055216926304, 0.031958969527, 0.88181770898, 0.0067929467215, 0.050686999158],
      [0.0095697811777, 0.083729522284, 0.63635854003, 0.17099707888, 0.081027960523, 0.018317117105],
      [0.0060017152823, 0.0096279208301, 0.31478910818, 0.26811514446, 0.13011066306, 0.27135544818]
    ],
    [
      [0.020583109788, 0.75076638513, 0.050572626094, 0.10236626053, 0.033503420734, 0.042208197723],
      [0.062129056086, 0.0082001976027, 0.033095783445, 0.82547503642, 0.0079961296314, 0.063103796814],
      [0.030191275647, 0.086155080885, 0.61749878868, 0.14845151151, 0.097909644639, 0.019793698639],
      [0.013409651862, 0.0075251609598, 0.2904613677, 0.22585696585, 0.14991744279, 0.31282941084]
    ],
    [
      [0.027953565441, 0.66220283526, 0.031623893317, 0.22704456033, 0.019338299071, 0.031836846577],
      [0.039226406639, 0, 0.025677659159, 0.9073822796, 0.0021610167918, 0.02555263781],
      [0.050282365912, 0.080274761094, 0.4360529219, 0.35339307949, 0.061532157368, 0.018464714235],
      [0.017632899187, 0.00644728691, 0.17714729259, 0.48546273271, 0.083837272983, 0.22947251561]
    ],
    [
      [0.011946440484, 0.71830245473, 0.034775400042, 0.15258576681, 0.030907094456, 0.051482843477],
      [0.024740878948, 0.0053191431602, 0.020267726202, 0.88958760625, 0.0058801213788, 0.054204524066],
      [0.018409324573, 0.1008098749, 0.49279121469, 0.25637995515, 0.1047977181, 0.026811912584],
      [0.006800612562, 0.0074274753742, 0.18382065288, 0.31393845288, 0.12838453231, 0.359628274]
    ],
    [
      [0.0083232409109, 0.82550672666, 0.018958557023, 0.10704734997, 0, 0.040164125436],
      [0.0019164879741, 0.023633038837, 0.017534235253, 0.89671629981, 0, 0.060199938126],
      [0.038048188879, 0.1899259694, 0.43381379295, 0.30057845601, 0, 0.037633592767],
      [0.035106672054, 0.015603856456, 0.1407695886, 0.33519902196, 0, 0.47332086094]
    ],
    [
      [0, 0.77692492236, 0.030394521172, 0.12258793709, 0, 0.070092619375],
      [0, 0, 0.025458184644, 0.90960141093, 0, 0.064940404427],
      [0, 0.13310003026, 0.56587025859, 0.26363528832, 0, 0.037394422833],
      [0, 0.031031235366, 0.16715186718, 0.27375978905, 0, 0.5280571084]
    ],
    [
      [0.0096316623543, 0.7136798787, 0.022394101869, 0.17136022131, 0.030028708418, 0.052905427349],
      [0.012321257216, 0.0069396745742, 0.0031618966605, 0.91606871116, 0.0090115562094, 0.052496904179],
      [0.01637064075, 0.1190643063, 0.37635388873, 0.33506753301, 0.11812252448, 0.035021106729],
      [0.0040723287177, 0.0081529327475, 0.12124273888, 0.35999371238, 0.1284835727, 0.37805471458]
    ],
    [
      [0.022349998482, 0.75085340801, 0.033740695637, 0.12230969241, 0.030330530023, 0.040415675439],
      [0.057869413127, 0.0095889419579, 0.020055858836, 0.85478487748, 0.0055086708517, 0.052192237745],
      [0.038745937798, 0.11301968369, 0.50364013392, 0.21454434339, 0.10670669733, 0.023343203873],
      [0.015465222766, 0.0098693487658, 0.20960303904, 0.29234150463, 0.14709614216, 0.32562474264]
    ],
    [
      [0.022163842285, 0.7611860567, 0.022223075173, 0.17454045824, 0, 0.019886567606],
      [0.019897207388, 0.012265841027, 0.018959396477, 0.92948211709, 0, 0.019395438014],
      [0.058276665423, 0.13981081471, 0.41263144463, 0.37483872205, 0, 0.014442353186],
      [0.055291941568, 0.013936425044, 0.17670546205, 0.5426558868, 0, 0.21141028454]
    ],
    [
      [0.010822867074, 0.8679387882, 0.018052579185, 0.072271605937, 0.013729427659, 0.017184731947],
      [0.048375027955, 0.027569514491, 0.015732335355, 0.8655113462, 0.0037645522265, 0.039047223767],
      [0.031265013641, 0.2247150075, 0.44170391542, 0.20648354953, 0.078413759617, 0.017418754289],
      [0.014798575714, 0.025525022145, 0.22125704762, 0.33938044014, 0.13025320818, 0.2687857062]
    ],
    [
      [0.0094022523146, 0.7787750496, 0.036989723082, 0.11070914701, 0.032406602576, 0.031717225416],
      [0.025779049395, 0.013363414355, 0.023783311663, 0.88336991802, 0.0055755613112, 0.048128745254],
      [0.013658737306, 0.11700801819, 0.54500441269, 0.19295254826, 0.11169381107, 0.019682472481],
      [0.0064670463132, 0.011646788506, 0.24905826544, 0.28665299899, 0.17043383547, 0.27574106528]
    ],
    [
      [0.0084203661518, 0.8102615382, 0.03445681539, 0.097137385598, 0.017706017419, 0.032017877237],
      [0.026524412348, 0.019972442749, 0.02359401969, 0.87374452594, 0.0023675627591, 0.053797036513],
      [0.014299606939, 0.14134574209, 0.5669060628, 0.18899939081, 0.067590509989, 0.020858687377],
      [0.0069123834866, 0.015172137713, 0.26542554935, 0.28695738599, 0.10671297434, 0.31881956911]
    ],
    [
      [0.021214328781, 0.60098060201, 0.022729503553, 0.24456707864, 0.024103325903, 0.086405161109],
      [0.025728559265, 0, 0.0089398541525, 0.90128830558, 0.0090358370844, 0.055007443922],
      [0.046769240999, 0.073811986733, 0.33077486668, 0.41633263525, 0.084472332587, 0.047838937755],
      [0.0094685961272, 0.0040847868286, 0.088218678769, 0.37001714936, 0.073412835451, 0.45479795346]
    ],
    [
      [0.0065118853895, 0.80393370651, 0.01428736348, 0.11753851956, 0.0346097384, 0.023118786656],
      [0.013961267706, 0.021424778019, 0, 0.92255192878, 0.0014691872136, 0.04059283828],
      [0.022222033348, 0.16343678086, 0.32183913138, 0.29286894739, 0.17683139479, 0.022801712224],
      [0.0054708098918, 0.015974861213, 0.12263210938, 0.37450837686, 0.23329985174, 0.24811399091]
    ],
    [
      [0.014186588173, 0.71437262236, 0.050777012705, 0.14296908803, 0.039252967362, 0.038441721364],
      [0.03081979524, 0, 0.026547936209, 0.88806107841, 0.0081959994479, 0.046375190693],
      [0.023770380109, 0.062958818996, 0.58955224424, 0.19419896849, 0.10902854501, 0.020491043145],
      [0.0091407219635, 0.0021695662622, 0.2683698712, 0.2904785192, 0.16336588431, 0.26647543708]
    ],
    [
      [0.013721422304, 0.84308402162, 0.019158821173, 0.10470757098, 0.0084360819376, 0.01089208199],
      [0.042970339085, 0.02339082026, 0.01639510975, 0.90391540937, 0, 0.01332832153],
      [0.043133887354, 0.20027304194, 0.43493402959, 0.27722897025, 0.037881036691, 0.0065490341709],
      [0.018190900356, 0.023795433105, 0.22371832412, 0.48069968856, 0.080315380616, 0.17328027325]
    ],
    [
      [0.0065641710356, 0.84347521446, 0.019357473151, 0.10819312022, 0.010370885911, 0.012039135227],
      [0.01853898384, 0.023035541717, 0.015508693474, 0.92642141939, 0.00037271413168, 0.016122647445],
      [0.016655183103, 0.19958755055, 0.43136716256, 0.28773964899, 0.055329111257, 0.0093213435394],
      [0.0082457173013, 0.023308871622, 0.21481544697, 0.47423799305, 0.093736120079, 0.18565585097]
    ],
    [
      [0.011848342399, 0.78034082888, 0.027626307718, 0.13319424777, 0.023252159754, 0.023738113482],
      [0.029730069466, 0.013965188472, 0.015451309662, 0.90498134515, 0.0051555741583, 0.030716513092],
      [0.02355547289, 0.13887863869, 0.46676464073, 0.26009332464, 0.093507148679, 0.017200774369],
      [0.01007462191, 0.014327773941, 0.20955862091, 0.39396113377, 0.13728902413, 0.23478882534]
    ],
    [
      [0.0056416540628, 0.80793723129, 0.026865781519, 0.083553987173, 0.031850183773, 0.04415116218],
      [0.019083263934, 0.02252848671, 0.018432518557, 0.85349776924, 0.0063697389943, 0.080088222562],
      [0.0096316555812, 0.14807731566, 0.49547139343, 0.18110926695, 0.13768476245, 0.028025605934],
      [0.0040164446345, 0.012091989258, 0.1761716309, 0.21293708863, 0.16681567052, 0.42796717606]
    ],
    [
      [0.0066484141215, 0.74934650087, 0.01975111522, 0.18295409877, 0.014964458062, 0.02633541296],
      [0, 0.0059264369303, 0.0070479975662, 0.94900977101, 0.007456827739, 0.030558966756],
      [0, 0.13880370536, 0.37315465876, 0.39878643333, 0.067744097669, 0.021511104878],
      [0, 0.015120328688, 0.13765340191, 0.50588986131, 0.083140982402, 0.25819542569]
    ],
    [
      [0.011886045579, 0.80899744854, 0.046294145445, 0.069256883575, 0.025730202118, 0.037835274738],
      [0.050761029536, 0.024989648372, 0.039122657234, 0.7961700276, 0.0097948349923, 0.079161802262],
      [0.020958681626, 0.11760223773, 0.64757996199, 0.10922546102, 0.086388473929, 0.018245183709],
      [0.0098155307957, 0.01316993202, 0.31846415077, 0.18207100652, 0.13648606114, 0.33999331876]
    ],
    [
      [0.011871442746, 0.89422194789, 0.014505676894, 0.048499240328, 0.013205274353, 0.017696417793],
      [0.074757845862, 0.035025422421, 0.019752363598, 0.80805674804, 0.0063747812556, 0.056032838819],
      [0.038926010919, 0.26830154145, 0.41241324924, 0.169018846, 0.09012702426, 0.021213328131],
      [0.019586469975, 0.031201121548, 0.20383700865, 0.26675463493, 0.14467256867, 0.33394819623]
    ],
    [
      [0.0094060996265, 0.86895686471, 0.019022622423, 0.071524486874, 0.013354023048, 0.017735903318],
      [0.042321445656, 0.028354070748, 0.017698821407, 0.86794254644, 0.0030417081217, 0.040641407627],
      [0.02629637229, 0.22386951719, 0.45549975679, 0.20193099545, 0.075076225415, 0.017327132869],
      [0.012574473501, 0.025907470063, 0.22940092093, 0.33213546881, 0.12623789811, 0.27374376857]
    ],
    [
      [0.00013908305868, 0.93149202211, 0.010590776771, 0.042455425442, 0.0029405586469, 0.012382133974],
      [0.016932396119, 0.053782857501, 0.019460243419, 0.82799109758, 0.0024006994857, 0.079432705895],
      [0.005712360502, 0.49908470346, 0.22350625695, 0.2065081562, 0.035859290377, 0.029329232515],
      [0.0044679439852, 0.063121629238, 0.11037355867, 0.263384949, 0.062251962324, 0.49639995678]
    ],
    [
      [0.035419951357, 0.73139269504, 0.011328334961, 0.10047427039, 0.015056935751, 0.1063278125],
      [0.083056892502, 0.021484844812, 0, 0.79826735313, 0.012268078707, 0.084922830851],
      [0.13490467535, 0.15950353582, 0.25170359219, 0.27979039485, 0.083671177108, 0.09042662468],
      [0.015853121091, 0.0080099757398, 0.04988656369, 0.17694483606, 0.051989916688, 0.69731558673]
    ],
    [
      [0.022678364249, 0.71160030433, 0.037016649759, 0.16837486761, 0.031570014085, 0.02875979997],
      [0.046352124946, 0, 0.019423628561, 0.89785041029, 0.0071367010674, 0.029237135141],
      [0.039620226243, 0.087407565113, 0.49658525349, 0.2606827697, 0.10009950771, 0.015604677738],
      [0.015595608968, 0.0076416089962, 0.22048707326, 0.38560610713, 0.14777139672, 0.22289820493]
    ],
    [
      [0.012789914356, 0.83094714095, 0.035305750423, 0.07760644437, 0.027731204205, 0.015619545693],
      [0.052138532914, 0.025572243121, 0.028782287576, 0.85526975152, 0.0064912995383, 0.031745885334],
      [0.025051195465, 0.14325090578, 0.57141147967, 0.1462981746, 0.10517260575, 0.0088156387286],
      [0.012831426021, 0.018452115064, 0.32021942797, 0.26988164656, 0.19536495983, 0.18325042456]
    ],
    [
      [0.014890554679, 0.87393532893, 0.023521747256, 0.065297837291, 0.011353015139, 0.0110015167],
      [0.071377103594, 0.032227608503, 0.024557758491, 0.84487661757, 0.0010600108177, 0.02590090102],
      [0.03643356762, 0.20851008023, 0.51739583778, 0.17311965429, 0.057200258438, 0.0073406016415],
      [0.021955390449, 0.028607331441, 0.30733677862, 0.33049279761, 0.12034609175, 0.19126161014]
    ],
    [
      [0.02236195005, 0.80227130667, 0.033041642995, 0.095831688151, 0.024173849363, 0.022319562767],
      [0.071536735899, 0.018836783228, 0.022744575205, 0.84483582748, 0.0049666504507, 0.037079427737],
      [0.03855016959, 0.13785638851, 0.53314958995, 0.18399030922, 0.0917865764, 0.014666966335],
      [0.020215454827, 0.016101900397, 0.27153168656, 0.30241603082, 0.1544955383, 0.23523938909]
    ],
    [
      [0.0079357503547, 0.82146039859, 0.036362040577, 0.092351139646, 0.021092252257, 0.020798418576],
      [0.026943132964, 0.021896247381, 0.026141884534, 0.8831314274, 0.0044752086772, 0.037412099047],
      [0.011324163202, 0.14046435928, 0.58014102296, 0.17566351217, 0.07900793803, 0.013399004364],
      [0.0073789121766, 0.017243257493, 0.30951877275, 0.30062695466, 0.1391497117, 0.22608239122]
    ],
    [
      [0.58362606021, 0, 0.053060428364, 0.28103477462, 0.022134081546, 0.06014465526],
      [0.031318294935, 0, 0.038564621011, 0.88748277554, 0.00069969157323, 0.041934616944],
      [0.089939931803, 0, 0.51937929476, 0.31510127982, 0.048722435568, 0.026857058054],
      [0.018749509762, 0, 0.20114122271, 0.41010512107, 0.064262228953, 0.30574191751]
    ],
    [
      [0.0040621065718, 0.92891675308, 0.018113838397, 0.028366559918, 0.0090783320515, 0.011462409986],
      [0.040803217578, 0.056672965562, 0.040946925827, 0.79679299818, 0.006392701173, 0.058391191678],
      [0.015712716855, 0.30408487677, 0.48466022003, 0.10993556703, 0.068949110972, 0.01665750834],
      [0.0091033978406, 0.041989972188, 0.28926078046, 0.22657095826, 0.13672184184, 0.29635304941]
    ],
    [
      [0.0069788691399, 0.79471451166, 0.023646941606, 0.10809974884, 0.007815493765, 0.058744434988],
      [0.0082634936693, 0.023224278738, 0.023770892702, 0.8706742407, 0, 0.074067094185],
      [0.024824082487, 0.17688775967, 0.47191664827, 0.26844778176, 0.022604363427, 0.035319364388],
      [0.0049350524846, 0.013183070404, 0.14867860841, 0.26968155471, 0.043984379592, 0.5195373344]
    ],
    [
      [0.010203586307, 0.72445081132, 0.057717848508, 0.15584532665, 0.017237507007, 0.034544920208],
      [0.016235415865, 0, 0.025963896886, 0.91437439075, 0, 0.043426296504],
      [0.021376860172, 0.060478246806, 0.65577118521, 0.20537648279, 0.036133012167, 0.020864212859],
      [0.0069859728005, 0.00032388269188, 0.32329564371, 0.3386773162, 0.07199819044, 0.25871899416]
    ],
    [
      [0.039451931167, 0.61854191181, 0.058085321389, 0.20304425871, 0.048936261101, 0.031940315825],
      [0.043702534627, 0, 0.032035958247, 0.88952431196, 0.0094323485036, 0.025304846661],
      [0.076664379096, 0.0072187132282, 0.5599027766, 0.23151677421, 0.11278277398, 0.01191458288],
      [0.016036970441, 0, 0.26311596487, 0.35651193492, 0.17551069785, 0.18882443191]
    ],
    [
      [0.012994696076, 0.78540404647, 0.043673660155, 0.080255524319, 0.061644072566, 0.016028000419],
      [0.044766141987, 0.024006641679, 0.043969722633, 0.85526129326, 0, 0.031996200438],
      [0.025767583618, 0.11354994721, 0.54717229059, 0.13141058199, 0.173003201, 0.0090963955981],
      [0.0098877467178, 0.013196489077, 0.26280192244, 0.20706025272, 0.3672988348, 0.13975475425]
    ],
    [
      [0.0070746880821, 0.94155674661, 0.012651441122, 0.02426071944, 0.0086162452408, 0.0058401595058],
      [0.11366326382, 0.071673098882, 0.030151948151, 0.73468885638, 0.010908324871, 0.038914507895],
      [0.042275277344, 0.42784135444, 0.29904006728, 0.13762158885, 0.078563559337, 0.014658152744],
      [0.032513571611, 0.076417226569, 0.20776123152, 0.27110739174, 0.16210405097, 0.25009652758]
    ],
    [
      [0.0027486042638, 0.95756304596, 0.016232401431, 0.021347621546, 0.00073189114384, 0.0013764356581],
      [0.039342458211, 0.21668266705, 0.049716507473, 0.67237486807, 0.0016089470993, 0.020274552091],
      [0.021033359551, 0.57563102501, 0.22042198039, 0.16234692593, 0.014408428556, 0.0061582805691],
      [0.013777730098, 0.25798378305, 0.20603275138, 0.28945685538, 0.082387542125, 0.15036133796]
    ],
    [
      [0.037879223509, 0.81526361176, 0.014393613166, 0.08979138433, 0.024873024091, 0.017799143142],
      [0.11219292949, 0.029647768403, 0.0079557033258, 0.80733944754, 0.0089152697481, 0.033948881495],
      [0.073036853862, 0.19464757471, 0.32902453257, 0.2506073421, 0.13171749477, 0.020966201981],
      [0.034377497517, 0.023789783126, 0.15224666741, 0.3542667262, 0.20115054938, 0.23416877637]
    ],
    [
      [0.017697505424, 0.73374461116, 0.036737890485, 0.16195561227, 0.028058148391, 0.021806232272],
      [0.037813206988, 0.0027283614673, 0.022185467059, 0.91237442561, 0.0057828691424, 0.019115669729],
      [0.028854856375, 0.10108707752, 0.50710053602, 0.26212992529, 0.091646464212, 0.0091811405883],
      [0.013083436571, 0.0098889615807, 0.24106433339, 0.40841068854, 0.14356011298, 0.18399246694]
    ],
    [
      [0.0074293378461, 0.9128320793, 0.014164841218, 0.046189891618, 0.01159999857, 0.0077838514424],
      [0.050154070506, 0.035926774176, 0.022348937856, 0.85775973992, 0.0065831225528, 0.027227354994],
      [0.028003201554, 0.28821743319, 0.41902062794, 0.17182122695, 0.084156299442, 0.008781210928],
      [0.014831564134, 0.040956208794, 0.25053914391, 0.33210609643, 0.16377804226, 0.19778894448]
    ],
    [
      [0.0087979974015, 0.91617217532, 0.016832728828, 0.028138631732, 0.012264529606, 0.017793937114],
      [0.060849102678, 0.055104355342, 0.0259166798, 0.77077477196, 0.0065821632131, 0.080772927007],
      [0.032517267059, 0.29916913559, 0.44495382877, 0.11344440328, 0.085238637505, 0.024676727791],
      [0.012486371077, 0.03405773882, 0.2130137475, 0.19625987925, 0.12914880794, 0.41503345541]
    ],
    [
      [0.0074518786883, 0.93766811845, 0.018771340069, 0.014810766719, 0.013046594739, 0.0082513013338],
      [0.1339829019, 0.074550402774, 0.038559701028, 0.6927287799, 0.013555126056, 0.046623088343],
      [0.041489083571, 0.37506681213, 0.38783577387, 0.080858780409, 0.09718967319, 0.017559876825],
      [0.030125033084, 0.058881217797, 0.2574961527, 0.20263737112, 0.20189419309, 0.24896603222]
    ],
    [
      [0.010650788481, 0.92571787315, 0.011162643665, 0.03200337299, 0.0021006477205, 0.018364673994],
      [0.089311282355, 0.035351638773, 0.036562828758, 0.75567615407, 0, 0.083098096048],
      [0.054799965986, 0.35638572456, 0.38308817409, 0.16977131791, 0.011055927408, 0.024898890039],
      [0.022709258681, 0.035678369367, 0.16733729983, 0.22052027239, 0.047677594247, 0.50607720548]
    ],
    [
      [0.010006009959, 0.79771590617, 0.016812126406, 0.1171187401, 0.019054589745, 0.039292627618],
      [0.027521957736, 0.020614647579, 0.0057747467839, 0.88533757265, 0.006630858669, 0.054120216578],
      [0.024690087223, 0.18324153056, 0.36823692391, 0.29431769882, 0.096852600024, 0.032661159465],
      [0.0084025839728, 0.014755279808, 0.12938641877, 0.34189097638, 0.11034458016, 0.39522016091]
    ],
    [
      [0.015020800013, 0.68827887573, 0.04423003393, 0.14342275375, 0.060663314204, 0.048384222372],
      [0.031951294771, 0, 0.031286756175, 0.88014717101, 0, 0.056614778047],
      [0.02558502981, 0.061720653363, 0.52797279072, 0.20238648469, 0.15753205962, 0.024802981793],
      [0.0083993951456, 0.0029533631399, 0.20864989727, 0.25935391396, 0.22217373471, 0.29846969578]
    ],
    [
      [0.013219457686, 0.71858771767, 0.04386175496, 0.14984014924, 0.039280651423, 0.035210269022],
      [0.027527024649, 0, 0.025791792073, 0.89982233525, 0.0059928034816, 0.040866044548],
      [0.018997791891, 0.079367479474, 0.54751574046, 0.22042889738, 0.11468730507, 0.019002785724],
      [0.007916330145, 0.006021005739, 0.24382559923, 0.31965726473, 0.17023023067, 0.25234956949]
    ],
    [
      [0.024867612776, 0.73467782126, 0.054610151104, 0.10652946656, 0.026863928112, 0.05245102018],
      [0.075002793971, 0.0027064110566, 0.029005951657, 0.81231212177, 0.0095004296847, 0.071472291861],
      [0.041191984439, 0.066263779969, 0.64555963214, 0.14418016168, 0.080504895346, 0.022299546429],
      [0.017721059838, 0.0016550575935, 0.28228043716, 0.2123246734, 0.11275761628, 0.37326115573]
    ],
    [
      [0.01254384718, 0.84090205759, 0.02970726606, 0.092435584021, 0.016676504148, 0.0077347409984],
      [0.04442513882, 0.022824585776, 0.019941148995, 0.89729794817, 0.0048210208093, 0.010690157429],
      [0.027040426048, 0.15807561052, 0.54885197706, 0.19584371817, 0.069724205429, 0.00046406276882],
      [0.013828614914, 0.02114966271, 0.32001497867, 0.37417792498, 0.13420106094, 0.1366277578]
    ],
    [
      [0.013655503877, 0.87195604108, 0.023426840798, 0.066091777952, 0.010959393644, 0.013910442648],
      [0.064482046239, 0.030870397123, 0.022225849913, 0.84810986823, 0.00082954364804, 0.033482294846],
      [0.0354182969, 0.20353447333, 0.52003648444, 0.17136626276, 0.056712231396, 0.01293225117],
      [0.018964991878, 0.026511601149, 0.29521961337, 0.32090536038, 0.11235709097, 0.22604134226]
    ],
    [
      [0.0092210467262, 0.84064809168, 0.028424410397, 0.076038550332, 0.020909648028, 0.024758252837],
      [0.038255739769, 0.026553709097, 0.022475206358, 0.85492896138, 0.0054907710565, 0.052295612343],
      [0.020296889504, 0.16767383537, 0.5348658458, 0.16560199312, 0.092257229442, 0.019304206755],
      [0.0093487104084, 0.018796870637, 0.26187100429, 0.26757868356, 0.14840795257, 0.29399677854]
    ],
    [
      [0.0082044417412, 0.73035817951, 0.032261497178, 0.14793261768, 0.052889176878, 0.028354087014],
      [0.0082610722538, 0.0086865504826, 0.023227657736, 0.92399548778, 0, 0.035829231753],
      [0.019922805102, 0.10375351983, 0.4463218554, 0.24917644931, 0.1624268234, 0.018398546961],
      [0.003691433794, 0.0087341089978, 0.18656019601, 0.33665170584, 0.24992072804, 0.21444182732]
    ],
    [
      [0.01978911316, 0.71038974202, 0.052639300633, 0.16596781564, 0.034268857787, 0.016945170754],
      [0.0414795056, 0, 0.019080606272, 0.91192170294, 0.014132933692, 0.013385251498],
      [0.045292669328, 0.042679430446, 0.6142120962, 0.20436505514, 0.087233432267, 0.0062173166234],
      [0.01260818351, 0.0070856618083, 0.31531397386, 0.37372415684, 0.15860054762, 0.13266747636]
    ],
    [
      [0.014933622304, 0.741866259, 0.055171434029, 0.099333606812, 0.060284419465, 0.028410658388],
      [0.047537251923, 0.010188204862, 0.042957410939, 0.84752190124, 0.0056150654246, 0.046180165615],
      [0.021010959621, 0.068856131262, 0.61881477551, 0.13088455991, 0.14522437357, 0.015209200132],
      [0.0094569168539, 0.0073492506837, 0.3049965016, 0.21207815448, 0.26286020826, 0.20325896812]
    ],
    [
      [0.0085251106158, 0.92120788082, 0.0070808811699, 0.045327562716, 0.0057140224601, 0.012144542221],
      [0.057635264738, 0.025688474987, 0.01086500363, 0.85699392182, 0.0034828748644, 0.045334459956],
      [0.039671120233, 0.37612947682, 0.28986880321, 0.21807269654, 0.05343513728, 0.022822765913],
      [0.018877291285, 0.042150720933, 0.15473660166, 0.36208349798, 0.09345385761, 0.32869803053]
    ],
    [
      [0.0066720154297, 0.87843741326, 0.011630039747, 0.060582341355, 0.0084310326277, 0.034247157577],
      [0.036547930553, 0.027360166633, 0.0090852774214, 0.84297700407, 0.0061047788288, 0.077924842496],
      [0.026148417641, 0.26773481405, 0.38117528428, 0.22715722862, 0.062155623827, 0.035628631586],
      [0.0075061037473, 0.018912202732, 0.11955075779, 0.23968125033, 0.063692214948, 0.55065747045]
    ],
    [
      [0.0048957669031, 0.94755834582, 0.014455051989, 0.030286972519, 0.0004361472485, 0.0023677155156],
      [0.044275860315, 0.038799098423, 0.045913759057, 0.85215189561, 0, 0.018859386597],
      [0.03079747307, 0.4540732203, 0.32577782563, 0.16844695161, 0.017446811972, 0.0034577174202],
      [0.01651923213, 0.090803988117, 0.24898939306, 0.3796525571, 0.08570096208, 0.17833386751]
    ],
    [
      [0.010446115021, 0.88508515269, 0.017332980572, 0.053626542372, 0.014439702211, 0.019069507135],
