{
  "Z_true": {},
  "V_true": [
    [17, 390, 34, 42, 1936, 62],
    [45, 14, 1148, 506, 183, 51],
    [369, 70, 1028, 5647, 452, 179],
    [269, 1205, 451, 205, 19333, 809],
    [837, 19, 45, 436, 320, 54],
    [62, 62, 184, 227, 474, 632]
  ],
  "p_true": [
    [0.0069, 0.1572, 0.0137, 0.0169, 0.7803, 0.025],
    [0.0231, 0.0072, 0.5896, 0.2599, 0.094, 0.0262],
    [0.0476, 0.009, 0.1327, 0.7291, 0.0584, 0.0231],
    [0.0121, 0.0541, 0.0202, 0.0092, 0.868, 0.0363],
    [0.4892, 0.0111, 0.0263, 0.2548, 0.187, 0.0316],
    [0.0378, 0.0378, 0.1121, 0.1383, 0.2888, 0.3851]
  ],
  "Z_est": [
    [
      [1.9921, 0, 7.5375, 3.3919, 0, 1.669, 1.0229, 3.8764, 2.7843, 4.6302, 3.5534, 4.5225, 5.1686, 1.669, 2.7408, 2.2074, 5.3301, 4.1995, 1.1007, 2.3014, 4.8994, 3.7569, 4.9532, 2.4766, 2.2074, 1.3998, 4.1995, 3.7688, 7.2159, 0.2154, 7.1068, 0.8076, 17.2286, 3.6582, 6.4607, 1.1306],
      [15.9939, 1.4583, 64.078, 27.2328, 41.0654, 13.4003, 8.2131, 31.1232, 28.0974, 37.175, 28.5296, 36.3104, 41.4977, 13.4003, 21.6134, 17.723, 42.7945, 33.7168, 7.0296, 51.4398, 39.3363, 21.1811, 39.7686, 19.8843, 4.508, 10.077, 33.7168, 30.2587, 22.0456, 1.7291, 55.5744, 6.484, 138.3255, 8.9806, 51.8721, 4.8844],
      [4.2742, 0.3466, 12.6119, 7.2776, 10.9742, 0, 2.1948, 8.3173, 7.5087, 9.9345, 7.6242, 9.7035, 11.0897, 2.667, 5.7759, 4.7362, 11.4363, 9.0104, 4.7815, 13.7466, 10.5121, 4.5416, 10.6276, 5.3138, 4.7362, 4.1654, 9.0104, 8.0862, 1.4213, 0.4621, 15.2484, 1.7328, 36.9657, 3.0035, 13.8621, 2.4259],
      [0.5649, 0.0458, 2.1374, 0.9618, 1.4504, 4.0543, 0.2901, 1.0992, 1.7077, 1.313, 1.0076, 1.2824, 1.4656, 1.3873, 0.7633, 0.6259, 1.5114, 1.1908, 0.6487, 3.164, 1.3893, 0.7481, 1.4046, 0.7023, 0.6259, 0.3969, 1.1908, 1.0687, 0.7786, 0.0611, 3.5001, 0.229, 4.8854, 0.3969, 1.832, 0.3206],
      [13.9833, 1.1338, 52.9098, 23.8094, 41.0178, 11.7157, 7.1806, 27.2108, 24.5653, 32.5017, 24.9432, 31.7459, 36.281, 11.7157, 18.8964, 15.495, 37.4148, 29.4783, 10.3152, 44.9733, 34.3914, 18.5184, 34.7693, 17.3847, 28.7099, 9.8261, 29.4783, 26.4549, 19.2743, 1.5117, 49.8864, 5.6689, 120.9367, 9.8261, 45.3513, 12.1297],
      [0.1917, 0.0155, 0.7254, 0.3264, 0.4922, 0.1606, 0.0984, 0.3731, 0.3368, 0.4456, 0.342, 0.4352, 0.4974, 0.1606, 0.2103, 0.2124, 0.513, 0.4041, 0.1244, 3.3748, 0.4715, 0.2539, 0.4767, 0.2383, 0.2124, 0.1347, 0.4041, 0.3627, 0.2643, 0.0207, 0.6839, 0.0777, 1.658, 0.1347, 0.6218, 0.1088]
    ],
    [
      [0, 0, 0, 0, 0, 0, 0, 0, 0, 0, 0, 0, 0, 0, 0, 0, 0, 0, 0, 0, 0, 0, 0, 0, 0, 0, 0, 0, 0, 0, 0, 0, 0, 0, 0, 0],
      [0, 0, 0, 0, 0, 0.4599, 0, 0, 0, 0, 0, 0, 0, 0, 0, 0, 0, 0, 0, 0, 0, 0, 0, 0, 0, 0, 0, 0, 0, 0, 0, 0, 0, 0, 0, 0],
      [23.9776, 1.9981, 73.931, 39.9627, 31.9702, 17.5086, 59.9441, 51.9515, 38.9636, 99.9068, 44.958, 86.9189, 49.9534, 9.9907, 26.9748, 72.9319, 51.9515, 56.9469, 16.9842, 70.9338, 52.9506, 16.9842, 108.8984, 44.958, 22.9786, 17.9832, 91.9142, 54.9487, 47.9552, 10.9897, 86.9189, 15.9851, 253.7632, 33.9683, 129.8788, 24.9767],
      [0.0224, 0.0019, 0.069, 0.0373, 0.0298, 0.0315, 0.0559, 0.0485, 0.0364, 0.0932, 0.042, 0.0811, 0.0466, 0.0093, 0.0252, 0.0681, 0.0485, 0.0531, 0.0158, 0.0662, 0.0494, 0.0158, 0.1016, 0.042, 0.0214, 0.0168, 0.0858, 0.0513, 0.0448, 0.0103, 0.0811, 0.0149, 0.2368, 0.0317, 0.1212, 0.0233],
      [0, 0, 0, 0, 0, 0, 0, 0, 0, 0, 0, 0, 0, 0, 0, 0, 0, 0, 0, 0, 0, 0, 0, 0, 0, 0, 0, 0, 0, 0, 0, 0, 0, 0, 0, 0],
      [0, 0, 0, 0, 0, 0, 0, 0, 0, 0, 0, 0, 0, 0, 0, 0, 0, 0, 0, 0, 0, 0, 0, 0, 0, 0, 0, 0, 0, 0, 0, 0, 0, 0, 0, 0]
    ],
    [
      [3.7243, 0, 2.3129, 5.6623, 0, 0.6716, 5.441, 8.8722, 0, 5.8426, 0, 16.4099, 7.1443, 1.6895, 11.1104, 10.5112, 12.9181, 2.9544, 0, 0, 15.079, 3.282, 14.823, 6.6722, 1.02, 0.3815, 18.214, 6.9246, 24.8732, 0.5771, 5.3285, 18.3988, 42.4568, 4.2197, 9.7687, 2.3443],
      [0.6009, 0.5094, 10.1363, 1.5982, 1.4401, 0.4973, 0.5113, 2.5487, 2.2586, 1.6784, 2.8077, 9.1605, 3.0978, 0.6527, 1.005, 6.8967, 2.124, 2.6316, 0, 10.3116, 3.678, 0.9428, 4.2582, 1.9167, 0, 0, 2.6834, 1.9893, 0.8432, 0.1658, 0, 2.8285, 11.5418, 0, 4.424, 0],
      [1.7323, 0.3298, 0, 4.689, 0.9408, 0, 8.3163, 7.3472, 6.5109, 23.9087, 4.6184, 7.8937, 8.9301, 0, 2.6087, 3.6999, 9.6767, 13.7924, 1.4635, 5.8625, 10.6026, 0, 12.2751, 5.5253, 1.6725, 1.8317, 7.7354, 5.7344, 0, 0.4779, 14.9332, 0, 26.0221, 4.7066, 30.4289, 1.9413],
      [48.0126, 9.4154, 161.6732, 134.4125, 118.977, 43.5787, 115.5532, 210.5636, 192.9912, 119.5935, 235.4426, 390.7062, 259.5682, 54.3008, 79.0911, 92.6258, 277.3276, 217.4111, 41.9415, 181.4613, 303.862, 75.3958, 351.7952, 158.3506, 46.9125, 27.3062, 214.4426, 164.3423, 100.1363, 9.7686, 445.8594, 233.2749, 958.4973, 100.1461, 353.4459, 55.6367],
      [1.9043, 0.3612, 13.1022, 5.1548, 12.7876, 1.576, 4.4324, 8.0769, 8.6257, 5.3189, 8.8977, 14.939, 9.8171, 4.1566, 3.1848, 4.0056, 10.6379, 8.3396, 3.4951, 6.9606, 11.6557, 8.2013, 13.4943, 6.0741, 4.4392, 4.2582, 8.5037, 6.3039, 4.4324, 5.0107, 16.4165, 8.9634, 36.5759, 3.8415, 14.0197, 2.8076],
      [2.0256, 0.3842, 6.7754, 5.4832, 4.8545, 1.6764, 0.7458, 8.5915, 7.6136, 5.6578, 19.2336, 15.8908, 10.4425, 2.2003, 0, 4.2608, 11.3156, 8.8709, 2.0999, 7.404, 10.1226, 3.1782, 14.3541, 6.4611, 1.9558, 1.2224, 7.4209, 6.7056, 4.7148, 0, 17.4624, 9.5345, 38.9062, 4.0862, 14.9129, 2.2701]
    ],
    [
      [5.1172, 0, 0, 1.2791, 0, 0, 0.9872, 5.738, 0, 11.3092, 0, 4.9153, 0, 0, 2.3148, 1.961, 6.4725, 0, 0, 0, 21.7516, 6.1596, 0.6214, 1.6496, 0, 0, 19.1019, 24.9303, 20.1111, 0.6771, 0, 7.354, 20.9399, 2.5582, 0, 0.7912],
      [6.1429, 0.1965, 11.3366, 0, 1.1062, 1.3447, 0, 17.4434, 1.4366, 11.5806, 6.0937, 10.7574, 3.6741, 0.87, 11.8306, 3.0203, 0, 8.5301, 0, 10.7611, 26.3026, 0.0004, 9.5788, 12.8521, 0, 0, 18.336, 19.1519, 0, 1.9585, 0, 4.4478, 11.4888, 0, 24.2828, 0],
      [4.5857, 0.1763, 0, 3.1049, 0, 0, 14.1146, 2.7509, 5.0511, 11.3283, 0, 0, 3.4206, 0, 0, 16.7982, 7.5567, 16.6881, 1.832, 0, 4.4507, 0, 6.9252, 9.1492, 4.0333, 1.4231, 8.032, 1.0278, 0, 0.3246, 7.3447, 0, 0, 4.0405, 55.2754, 1.9716],
      [0, 1.4969, 0, 16.428, 2.6225, 4.8954, 10.3406, 19.8879, 25.064, 0, 16.8993, 29.4084, 10.3587, 4.6623, 0, 0, 22.1911, 12.1041, 3.2739, 14.1478, 12.5782, 0, 41.2978, 8.1849, 0, 0, 0, 0.1373, 0, 0, 19.8385, 0, 76.1359, 2.2649, 0, 4.7793],
      [270.518, 16.1456, 1067.9238, 499.6122, 691.841, 123.7545, 121.5576, 737.1462, 665.0401, 580.1934, 598.9202, 974.7129, 632.898, 299.3766, 274.8546, 268.3889, 867.7226, 774.0537, 210.1114, 896.6565, 673.9169, 353.7321, 944.1702, 405.0714, 235.897, 169.3997, 624.5301, 367.6609, 365.9479, 45.0399, 1063.2555, 403.3388, 2960.514, 219.9088, 1115.2657, 308.9061],
      [1.6362, 0.9846, 16.7396, 2.5759, 14.4303, 0.0055, 0, 24.0336, 12.4082, 4.5885, 14.0868, 20.206, 14.6486, 14.091, 0, 1.8315, 49.0572, 20.6241, 8.7827, 46.4346, 0, 12.1079, 38.4066, 17.0929, 3.0697, 3.1772, 0, 5.0918, 2.941, 0, 49.5613, 14.8594, 48.9214, 1.2276, 27.1761, 1.5518]
    ],
    [
      [5.9804, 0, 16.7451, 17.3431, 13, 6.5784, 11.3627, 35.8823, 32.8921, 14.951, 39.9693, 82.5293, 38.2745, 9.5686, 16.7451, 10.1667, 58.6078, 33.4902, 1.7941, 32.2941, 46.647, 12.5588, 35.8823, 10.7647, 6.5784, 4.1863, 34.0882, 20.9313, 15.549, 2.3922, 40.6666, 52.0294, 197.9507, 17.3859, 38.8725, 3.5882],
      [0.0148, 0.5995, 0.0413, 0.0428, 0.034, 0.0162, 0.0281, 0.0886, 0.0812, 0.0369, 0.1078, 0.2038, 0.0945, 0.0236, 0.0413, 0.0251, 0.1447, 0.0827, 0.0044, 0.0797, 0.1152, 0.031, 0.0886, 0.0266, 0.0162, 0.0103, 0.0842, 0.0517, 0.0384, 0.0059, 0.1004, 0.1285, 0.4887, 0, 0.096, 0.0089],
      [0, 0, 0, 0, 0, 0, 0, 0, 0, 0, 0, 0, 0, 0, 0, 0, 0, 0, 0, 0, 0, 0, 0, 0, 0, 0, 0, 0, 0, 0, 0, 0, 0, 0, 0, 0],
      [0.4001, 0.04, 1.1204, 1.1604, 0.9203, 0.4402, 0.7603, 2.4008, 2.2008, 1.0003, 6.6086, 5.5219, 2.5609, 0.6402, 1.1204, 0.6802, 3.9214, 2.2408, 0.12, 2.1607, 3.1211, 0.8403, 2.4008, 0.7202, 0.4402, 0.2801, 2.2808, 1.4005, 1.0404, 0.1601, 2.7209, 3.4812, 13.2446, 1.1604, 2.6009, 0.2401],
      [3.5944, 0.3594, 10.0642, 10.4237, 9.0219, 3.9538, 6.8293, 21.5662, 19.769, 8.9859, 26.2388, 49.6022, 23.0039, 5.751, 10.0642, 6.1104, 35.2247, 20.1284, 1.0783, 19.4096, 28.036, 7.5482, 21.5662, 6.4699, 3.9538, 2.5161, 20.4879, 12.5803, 9.3453, 1.4377, 24.4417, 31.271, 118.9734, 10.4237, 23.3634, 2.1566],
      [0.0103, 0.001, 0.029, 0.03, 0.0238, 0.0114, 0.0197, 0.0621, 0.0569, 0.0259, 0.0755, 0.1428, 0.0662, 0.0166, 0.029, 0.0176, 0.1014, 0.058, 0.0031, 0.0559, 0.0807, 0.0217, 0.0621, 0.0186, 0.0114, 0.0072, 0.059, 0.0362, 0.0269, 0.0041, 0.0704, 0.09, 0.3426, 0.03, 0.0673, 0.0062]
    ],
    [
      [0.1861, 0, 0.4045, 0.3236, 0, 0.0809, 0.1861, 0.6311, 0.3236, 0.267, 0.4774, 0.623, 0.4126, 0.0728, 0.089, 0.1537, 0.6715, 0.356, 0.1052, 0.4045, 0.623, 0.2427, 0.7201, 0.4369, 0.1942, 0.0324, 0.3964, 0.445, 0.2508, 0.1384, 0.8981, 0.4103, 1.424, 0.178, 0.8981, 0.1456],
      [5.2476, 0.2362, 11.4077, 9.1262, 9.3543, 2.2815, 5.2476, 17.7961, 9.1262, 7.5291, 13.4611, 17.5679, 11.6359, 2.0534, 2.5097, 4.3349, 18.9368, 10.0388, 2.966, 11.4077, 17.5679, 6.8446, 20.3058, 12.3203, 5.4757, 0.9126, 11.1796, 12.5485, 7.0728, 1.1408, 25.3252, 8.1113, 40.1552, 5.0194, 25.3252, 4.1068],
      [3.4303, 0.1491, 7.4571, 5.9657, 6.1148, 1.4914, 3.4303, 11.6331, 5.9657, 4.9217, 8.7994, 11.484, 7.6063, 1.3423, 1.6406, 2.8337, 12.3788, 6.5623, 1.9388, 7.4571, 11.484, 4.4743, 13.2737, 8.0537, 3.5794, 0.5966, 7.308, 8.2028, 4.6234, 0.7457, 16.5548, 1.2822, 26.249, 3.2811, 16.5548, 2.6846],
      [0, 0, 0, 0, 0, 0, 0, 0, 0, 0, 0, 0, 0, 0, 0, 0, 0, 0, 0, 0, 0, 0, 0, 0, 0, 0, 0, 0, 0, 0, 0, 0, 0, 0, 0, 0],
      [0, 0, 0, 0, 0.3317, 0, 0, 0, 0, 0, 0, 0, 0, 0, 0, 0, 0, 0, 0, 0, 0, 0, 0, 0, 0, 0, 0, 0, 0, 0, 0, 1.7579, 0, 0, 0, 0],
      [14.1361, 0.6146, 30.7306, 24.5845, 25.1991, 6.1461, 14.1361, 47.9398, 24.5845, 20.2822, 36.2621, 47.3252, 31.3452, 5.5315, 6.7607, 11.6776, 51.0128, 27.0429, 7.99, 30.7306, 47.3252, 18.4384, 54.7005, 33.1891, 14.7507, 2.4584, 30.116, 33.8037, 19.053, 2.9751, 68.222, 18.4384, 108.1718, 13.5215, 68.222, 11.063]
    ]
  ],
  "V_est": [
    [131.1829, 1050.519, 276.1262, 46.202, 961.4054, 15.5645],
    [0, 0.4599, 1944.7101, 1.83, 0, 0],
    [269.6282, 95.7387, 236.2078, 6583.8193, 290.7721, 268.8338],
    [166.7401, 234.5244, 191.4056, 358.9975, 20827.9826, 492.3498],
    [1018.2462, 3.0816, 0, 72.1512, 615.7503, 1.7707],
    [13.2026, 375.6763, 241.5503, 0, 2.0896, 1008.4811]
  ],
  "p_est": [
    [0.0529, 0.4234, 0.1113, 0.0186, 0.3875, 0.0063],
    [0, 0.0002, 0.9988, 0.0009, 0, 0],
    [0.0348, 0.0124, 0.0305, 0.8501, 0.0375, 0.0347],
    [0.0075, 0.0105, 0.0086, 0.0161, 0.9352, 0.0221],
    [0.5951, 0.0018, 0, 0.0422, 0.3599, 0.001],
    [0.008, 0.2289, 0.1472, 0, 0.0013, 0.6146]
  ],
  "EI_Z": {},
  "EI_V": 15.1965,
  "MAE_Z": {},
  "MAE_V": 319.1009,
  "MAE_p": 0.0981,
  "runtime": 0.8698
}
