{
  "Z_true": {},
  "V_true": [
    [554, 46, 78, 1074, 63],
    [901, 363, 331, 13159, 604],
    [151, 581, 9152, 885, 645],
    [29, 85, 320, 332, 488],
    [10, 729, 261, 221, 45],
    [74, 101, 243, 454, 566]
  ],
  "p_true": [
    [0.3052, 0.0253, 0.043, 0.5917, 0.0347],
    [0.0587, 0.0236, 0.0216, 0.8568, 0.0393],
    [0.0132, 0.0509, 0.8018, 0.0775, 0.0565],
    [0.0231, 0.0678, 0.2552, 0.2648, 0.3892],
    [0.0079, 0.5758, 0.2062, 0.1746, 0.0355],
    [0.0515, 0.0702, 0.169, 0.3157, 0.3936]
  ],
  "Z_est": [
    [
      [32.7483, 2.6199, 19.5039, 1.9649, 13.0935, 5.2751, 51.1694, 97.0816, 44.1721, 14.2529, 12.1081, 18.7538, 8.7317, 25.2367, 32.7718, 12.114, 21.2893, 13.4297, 29.1607, 26.1987, 5.8888, 14.0906, 4.3434, 25.5437, 67.8388, 64.5816, 13.5621, 1.4328, 27.1606, 7.5015, 20.6285, 24.2162, 7.8596, 13.1876, 41.5757, 16.38, 17.342, 21.9443, 14.0964, 41.9179, 2.6257, 80.377, 12.4375, 94.5634, 28.842],
      [1.2829, 0.135, 0, 0.0675, 0.6527, 0.1937, 0.5627, 1.598, 1.5481, 0, 0.4501, 0, 0.2701, 1.733, 1.4404, 0.5627, 0.9903, 0.7427, 0.9228, 0.7652, 0.1124, 0.4951, 0.1575, 0.7877, 2.4082, 4.687, 0.1801, 0.0675, 0.7877, 0, 1.2378, 1.2889, 0.5176, 0.3151, 1.0578, 1.1028, 0.5627, 1.0578, 0.2926, 2.5432, 0.1801, 3.7811, 0.3151, 2.1381, 0.4726],
      [0.6845, 0.0674, 0.0689, 0.0381, 0.0504, 0.0984, 0.7852, 1.527, 0.1617, 0.0504, 0.2285, 0.0663, 0.0318, 1.0981, 1.631, 0.0477, 0.5862, 0.2731, 0.5714, 0.3456, 0.0212, 0.2651, 0.0159, 0.4069, 0.7832, 1.8365, 2.4352, 0.0053, 0.3989, 0.0265, 0.3661, 0.0901, 0.204, 0.0477, 0.6799, 0.4008, 0.1447, 0.4415, 1.1761, 1.3463, 0.0931, 1.7385, 0.0451, 0.342, 0.5071],
      [15.2333, 1.162, 6.4191, 0.9233, 5.1835, 3.1003, 39.4383, 72.6883, 15.0601, 4.6908, 4.1971, 6.1722, 2.9626, 13.8963, 18.1186, 5.2525, 10.109, 6.5365, 16.2977, 12.6539, 1.9751, 8.1197, 1.4813, 12.2329, 40.8915, 38.826, 11.8061, 0.4938, 9.5928, 2.4689, 8.7386, 8.3941, 3.3949, 4.444, 17.6246, 8.0842, 5.9253, 10.5296, 8.4059, 18.117, 2.0943, 60.9884, 4.1971, 31.8484, 18.1573],
      [0.0511, 0.0157, 0.0081, 0.0062, 0.0199, 0.3325, 0.0444, 0.1051, 0.058, 0.0059, 0.0162, 0.0078, 0.0037, 0.0359, 0.0383, 0.0231, 0.0252, 0.0179, 0.0475, 0.0366, 0.0025, 0.0295, 0.0019, 0.0288, 0.0783, 0.0689, 0.0166, 0.0006, 0.06, 0.0031, 0.0289, 0.0106, 0.0239, 0.0056, 0.0619, 0.0322, 0.0254, 0.0268, 0.0289, 0.0756, 0.0068, 0.115, 0.0053, 0.1081, 0.0211]
    ],
    [
      [10.8605, 0.7774, 10.8612, 0.6564, 3.835, 1.1574, 6.0081, 14.0173, 20.8766, 9.3409, 5.4931, 8.1246, 4.1579, 6.5117, 7.4333, 3.9723, 6.1209, 3.3637, 8.3557, 10.0619, 3.2714, 3.5878, 3.9302, 9.3504, 18.4408, 13.8504, 0.5333, 0.7319, 13.3392, 4.777, 7.8798, 10.2701, 2.4743, 8.102, 17.6188, 4.1792, 8.3026, 7.0073, 2.7267, 11.4405, 0.1067, 4.0644, 8.4495, 43.8581, 5.1548],
      [6.4874, 0.5065, 2.1083, 0.0601, 2.5344, 0.515, 2.8619, 7.5228, 19.2443, 6.3514, 1.7496, 5.5164, 0.4256, 4.8738, 4.9492, 2.5862, 4.0334, 2.3388, 6.0927, 4.6298, 0.2202, 0.4404, 1.2835, 6.9066, 20.2956, 32.5903, 0.9273, 0.0601, 5.4565, 3.5456, 9.1608, 4.6876, 3.4052, 0.2802, 0.9408, 6.4591, 0.5004, 7.3505, 0.2602, 14.4722, 0.8853, 13.4539, 1.2193, 4.1032, 2.7819],
      [2.9976, 0.3084, 14.1875, 0.1639, 1.8475, 0.1542, 2.2329, 11.5718, 31.0864, 13.5572, 6.4796, 8.5444, 1.2154, 3.151, 3.4684, 1.9722, 5.6895, 1.5869, 5.5031, 9.1532, 4.1385, 8.2921, 4.8527, 3.0874, 2.641, 2.8916, 1.938, 1.4882, 1.7251, 1.9293, 8.77, 3.2985, 7.9812, 1.3125, 15.4274, 1.8024, 10.0268, 3.1656, 4.4032, 16.5193, 2.2658, 28.1506, 0.7875, 5.0411, 10.6685],
      [380.8617, 77.5225, 255.4589, 20.345, 140.1109, 35.1755, 168.6046, 427.2625, 486.9009, 230.3458, 168.1999, 315.3466, 121.4946, 238.8638, 264.4269, 148.8461, 226.3836, 120.3531, 438.7652, 349.6528, 142.4679, 324.481, 88.2679, 206.9017, 558.7663, 532.5606, 53.9462, 29.1245, 572.4445, 195.8859, 331.1838, 660.3289, 288.6772, 329.776, 584.6729, 415.2398, 228.4793, 280.1188, 175.6827, 625.9596, 98.7317, 728.6211, 150.5432, 827.7374, 171.0946],
      [44.7927, 21.8852, 22.3842, 5.7747, 14.6721, 1.9978, 17.2925, 48.6255, 46.8919, 34.4048, 13.0777, 27.468, 13.7065, 24.5997, 25.7222, 16.6231, 20.7726, 12.3576, 45.2832, 31.5024, 11.902, 30.1988, 8.6657, 19.754, 53.8563, 39.107, 6.6551, 1.5954, 62.0348, 12.8621, 21.0056, 42.4149, 27.4622, 34.5292, 54.3401, 29.3194, 23.6909, 17.3579, 30.9272, 67.6085, 7.0104, 78.7099, 18.0005, 85.2603, 7.3002]
    ],
    [
      [5.1689, 0.5015, 3.5096, 0.3008, 3.5443, 0.428, 5.3008, 8.9418, 7.1098, 2.5977, 1.905, 5.7223, 2.7198, 2.3622, 4.6434, 2.4331, 3.7986, 2.6844, 3.4537, 2.7601, 0.5827, 1.8137, 0.601, 3.162, 6.3943, 6.4503, 0.5454, 0.2826, 3.4167, 1.3673, 2.6701, 4.4857, 1.3585, 2.1235, 5.1846, 2.8174, 2.634, 3.2177, 1.6861, 9.0106, 0.1877, 11.0046, 1.5576, 18.6761, 5.034],
      [20.1112, 1.7329, 10.7878, 0.4265, 9.1441, 0.9973, 7.4986, 19.8508, 25.2785, 8.879, 5.7538, 21.0822, 3.9171, 33.2698, 22.2406, 6.2003, 16.7219, 8.77, 10.5893, 8.0599, 1.9614, 4.9529, 1.5818, 9.2851, 29.822, 36.9777, 2.2723, 0.4265, 9.3753, 5.2484, 11.5417, 16.3047, 5.5485, 2.3412, 10.2471, 12.7813, 5.7212, 11.6679, 1.8481, 32.58, 2.1977, 42.2715, 3.7727, 27.1557, 3.1126],
      [303.8894, 31.0932, 217.8566, 16.4693, 265.2238, 15.477, 300.5043, 580.3051, 425.9923, 150.5643, 114.3214, 501.3806, 82.6708, 549.4531, 432.3596, 262.2073, 270.6815, 154.4465, 183.6276, 122.8974, 19.0516, 104.1965, 21.8311, 164.841, 264.8677, 290.8728, 115.5586, 17.255, 163.3477, 81.4615, 141.2392, 280.2099, 87.1098, 111.7509, 267.6061, 181.2536, 154.9391, 190.7886, 97.9679, 634.7921, 41.9264, 715.4583, 66.9524, 507.4177, 199.6698],
      [21.3041, 1.555, 5.6098, 1.2265, 7.9333, 1.4968, 15.736, 59.9126, 11.0822, 3.9612, 3.0688, 13.8087, 4.9921, 10.9128, 5.3064, 8.3028, 28.1641, 7.5304, 4.8313, 3.2743, 0.6934, 2.7248, 0.5953, 7.8033, 8.8698, 14.1224, 5.4245, 0.435, 6.2527, 2.7583, 3.778, 19.8967, 2.3126, 8.0553, 10.2997, 8.8051, 3.9612, 8.9051, 2.4958, 34.0852, 1.0762, 21.3011, 2.8212, 30.9678, 16.348],
      [16.5264, 4.1174, 7.2362, 2.577, 9.1544, 0.6009, 6.9603, 32.9897, 14.5372, 6.9979, 3.9509, 3.0062, 3.7002, 11.0022, 6.45, 9.8566, 2.6339, 6.5687, 8.4981, 6.0083, 1.7108, 5.3121, 1.3908, 5.9086, 12.0463, 11.5769, 5.1993, 0.6009, 12.6076, 3.1644, 5.7711, 11.1028, 4.6706, 12.7292, 11.6626, 7.3425, 5.7445, 6.4207, 5.0022, 21.5322, 1.6121, 24.9644, 3.8961, 20.7827, 0.8356]
    ],
    [
      [0.2108, 0.0169, 0.4017, 0.0126, 0.0885, 0, 0.2698, 0.5185, 0.3119, 0.118, 0.0843, 0.1433, 0.0674, 0.1475, 0.1939, 0.0801, 0.1349, 0.0843, 0.177, 0.1686, 0.0422, 0.0843, 0.9268, 0.1644, 0.4004, 0.3667, 0.0632, 0.2143, 0.1897, 0.059, 0.1349, 0.1686, 0.0506, 0.1012, 0.2782, 0.1012, 0.1222, 0.1391, 0.0801, 0.2698, 0.0126, 0.4131, 0.0969, 0.6786, 0.1686],
      [3.1086, 0.4274, 2.3343, 0.1554, 1.373, 0, 1.0751, 3.8599, 5.1422, 1.7616, 1.0621, 2.4481, 0.5052, 3.044, 2.5518, 1.1917, 1.8782, 1.4766, 2.189, 1.7745, 0.4404, 1.3082, 0.5699, 1.9558, 4.4041, 4.8964, 0.5181, 0.1943, 3.3157, 1.8033, 3.0957, 3.4324, 1.9169, 1.334, 4.5202, 2.8625, 1.8133, 2.0336, 0.6865, 5.764, 0.6347, 7.7718, 0.9067, 4.3263, 1.0103],
      [0.8975, 0.0923, 0.684, 0, 0.6849, 0, 0, 1.7373, 1.3419, 0.4819, 0.355, 0, 0, 0.4077, 0, 0, 0.8109, 0.4646, 0.557, 0.3896, 0, 0.3319, 0.0808, 0.4935, 0.7907, 0.8658, 0.3354, 0.0577, 0.4848, 0.2453, 6.5124, 0.834, 0.2799, 0.3319, 0.8427, 0.5397, 0.4848, 0.5714, 0, 1.9133, 0.1299, 2.1933, 0.1991, 1.5093, 0.6176],
      [31.1338, 3.7884, 18.0496, 1.0824, 11.2268, 0, 6.7015, 36.2816, 50.8939, 14.551, 10.4461, 18.3042, 2.706, 19.132, 16.2324, 9.446, 13.3846, 11.8396, 19.9223, 16.1535, 2.1648, 13.0906, 7.1907, 21.2653, 28.2798, 29.3858, 5.6059, 2.2051, 48.9788, 15.0028, 29.6408, 35.9966, 27.9743, 17.8169, 71.3069, 32.9791, 24.2121, 15.2181, 4.8708, 54.626, 9.2368, 64.6503, 10.2529, 28.7685, 9.0532],
      [6.6493, 2.675, 3.5304, 0.7495, 2.6268, 0, 2.9536, 9.6028, 7.31, 5.0875, 2.0525, 4.1043, 1.7214, 4.2687, 4.0219, 3.2822, 2.7914, 2.1349, 6.1547, 4.5138, 1.3526, 4.1851, 1.2318, 3.121, 8.125, 6.4854, 1.4773, 0.3286, 9.031, 1.8896, 3.6162, 6.5684, 3.7783, 5.416, 8.052, 4.5176, 3.3675, 3.0377, 3.3626, 10.427, 0.9861, 12.9715, 2.5444, 12.7172, 1.1503]
    ],
    [
      [0.0797, 0.0098, 0.0714, 0.0094, 0.0473, 0.009, 0.0592, 0.1488, 0.1506, 0.0563, 0.0368, 0.0811, 0.0249, 0.0896, 0.1003, 0.0465, 0.06, 0.0651, 0.0703, 0.0654, 0.0285, 0.0509, 0.0123, 0.0528, 0.1553, 0.1297, 0.0164, 0.2825, 0.0553, 0.0342, 0.0904, 0.114, 0.0334, 0.0384, 0.1128, 0.0749, 0.0588, 0.0767, 0.0566, 0.1687, 0.0114, 0.3147, 0.0299, 0.2235, 0.0553],
      [23.154, 2.8975, 19.9158, 2.1402, 13.8427, 2.0936, 11.7491, 34.6111, 44.7263, 16.2544, 9.9823, 25.0973, 6.2808, 30.2214, 29.6113, 13.2066, 18.1716, 18.8512, 19.1519, 17.067, 7.7145, 13.7011, 3.0566, 14.3111, 44.7089, 40.5355, 3.7014, 2.1014, 14.3111, 10.3003, 27.2083, 33.1798, 10.4594, 9.028, 27.8793, 23.3392, 15.1498, 22.5353, 9.2613, 51.9788, 3.7014, 92.3042, 7.0847, 52.5168, 12.5704],
      [2.5309, 0.3123, 3.268, 0.2617, 2.1934, 0.2072, 0.8173, 4.4835, 4.5831, 1.6874, 1.1302, 1.9517, 0.7466, 1.89, 4.7366, 1.8818, 2.1232, 4.229, 1.9794, 1.6815, 0.694, 1.4608, 0.2988, 1.4966, 3.8363, 2.3497, 0.2554, 0.3177, 1.3806, 1.002, 2.481, 3.4272, 1.0425, 1.1032, 3.1308, 2.2657, 1.7418, 2.2517, 10.9991, 5.8132, 0.4073, 9.4608, 0.7437, 6.6265, 1.6928],
      [1.9243, 0.3002, 3.9432, 0.8817, 2.3467, 0.6146, 2.7703, 6.8207, 7.9125, 2.9998, 2.4113, 4.9566, 1.5427, 3.8306, 4.6039, 3.1856, 2.0203, 4.305, 3.5903, 4.2662, 3.1923, 4.9429, 0.399, 1.4942, 6.5485, 1.5844, 0.7454, 1.216, 0.62, 2.2514, 7.3547, 9.8507, 1.7372, 2.8285, 9.2433, 5.3452, 5.3286, 5.4151, 2.8455, 9.8147, 0.6809, 29.8223, 1.6475, 14.9762, 4.3586],
      [1.311, 0.4802, 0.8017, 0.7071, 0.5699, 0.0756, 0.6041, 1.9358, 1.6276, 1.0021, 0.4394, 0.9134, 0.405, 0.9684, 0.9479, 0.6797, 0.6249, 0.5497, 1.208, 0.9199, 0.3708, 0.8443, 0.2333, 0.6453, 1.7509, 1.4008, 0.2814, 0.0824, 1.6329, 0.412, 0.8655, 1.4283, 0.7275, 1.0018, 1.6338, 0.975, 0.721, 0.7213, 0.8376, 2.2246, 0.1991, 3.098, 0.4942, 2.657, 0.323]
    ],
    [
      [0.9318, 0.0745, 0.6522, 0.0559, 0.3913, 0.1304, 1.1926, 2.2921, 1.379, 1.6343, 0.3727, 1.175, 0.2982, 0.6522, 0.8572, 0.3541, 0.5963, 0.3727, 0.7827, 0.7454, 0.1864, 0.3727, 0.1864, 0.7268, 1.7703, 1.6212, 0.2795, 0.0559, 0.8386, 0.2609, 0.5963, 0.7454, 0.2236, 0.4472, 1.2299, 0.4472, 0.5404, 0.615, 0.3541, 1.1926, 0.0559, 1.8262, 0.4286, 3.0002, 0.7454],
      [2.856, 0.3006, 1.8539, 0.1503, 1.453, 0.2004, 1.2526, 3.5574, 5.0606, 1.7537, 1.0021, 2.856, 0.6013, 3.858, 3.2067, 1.2526, 2.2046, 0.8206, 2.0543, 1.7036, 0.5511, 1.1023, 0.3507, 1.7537, 5.3612, 6.3132, 0.4008, 0.1503, 1.7537, 1.1023, 2.7557, 3.1065, 1.1524, 0.7015, 2.3549, 2.4551, 1.2526, 2.3549, 0.6514, 5.6618, 0.4008, 8.4176, 0.7015, 4.7599, 1.0522],
      [0, 0.1263, 0.9351, 0.0671, 0, 0.0631, 0.6603, 2.3751, 1.8346, 0.6589, 0.4853, 2.057, 0.3354, 0, 1.8044, 3.891, 1.1086, 0, 0.7615, 0.5326, 0.0947, 0.4537, 0.9207, 0.6747, 1.081, 1.1836, 0.4774, 0.8761, 0.6628, 0.3354, 0.6313, 1.1402, 0.3827, 0.4537, 4.313, 0.7378, 0.6628, 0.7812, 0.4537, 2.6158, 0.1775, 2.9985, 0.2722, 2.0634, 0.8443],
      [9.5428, 2.672, 11.5195, 2.5412, 4.1988, 1.6128, 11.7494, 29.0342, 22.1505, 23.4514, 7.6767, 27.4117, 8.302, 14.3645, 17.3119, 12.967, 7.9384, 3.4354, 14.5931, 17.9994, 11.5065, 14.6411, 5.0658, 12.3026, 35.6442, 33.5209, 7.4719, 2.5256, 41.1112, 5.6327, 25.304, 29.5329, 12.9038, 15.0794, 32.8525, 20.5466, 7.0935, 15.8133, 9.6994, 28.3976, 2.1802, 61.6167, 7.5381, 47.7016, 7.9883],
      [11.6695, 3.8266, 9.0393, 2.1855, 4.9568, 0.9932, 8.145, 23.7411, 18.5754, 14.5018, 5.4632, 14.5003, 5.4632, 11.1252, 11.8198, 9.5353, 7.152, 4.3713, 13.8084, 12.019, 5.6613, 10.4301, 3.4765, 8.5423, 23.1433, 20.3611, 4.3703, 1.3921, 24.6337, 4.6688, 12.7126, 18.475, 9.3375, 12.3182, 22.2497, 12.8133, 7.4507, 9.4357, 8.8415, 25.1322, 2.1855, 38.1411, 6.0596, 33.4748, 4.3698]
    ]
  ],
  "V_est": [
    [1151.6137, 40.4642, 22.2296, 598.9271, 1.7654],
    [355.433, 227.0743, 277.4755, 13216.6143, 1281.4028],
    [166.1499, 532.3067, 9903.7865, 444.7974, 366.9594],
    [8.5568, 98.8739, 29.5501, 921.0487, 195.9706],
    [3.5591, 911.6646, 108.9739, 199.4692, 42.3332],
    [33.6874, 94.6163, 42.9844, 744.1432, 522.5687]
  ],
  "p_est": [
    [0.6345, 0.0223, 0.0122, 0.33, 0.001],
    [0.0231, 0.0148, 0.0181, 0.8606, 0.0834],
    [0.0146, 0.0466, 0.8677, 0.039, 0.0321],
    [0.0068, 0.0788, 0.0236, 0.7345, 0.1563],
    [0.0028, 0.7201, 0.0861, 0.1576, 0.0334],
    [0.0234, 0.0658, 0.0299, 0.5175, 0.3634]
  ],
  "EI_Z": {},
  "EI_V": 9.7566,
  "MAE_Z": {},
  "MAE_V": 211.6865,
  "MAE_p": 0.0847,
  "runtime": 0.9842
}
