{
  "X": [
    [0, 1, 8, 1, 2, 1],
    [16, 2, 34, 48, 5, 9],
    [35, 14, 81, 99, 6, 10],
    [49, 16, 143, 137, 11, 20],
    [87, 120, 637, 367, 43, 62],
    [17, 2, 46, 51, 0, 7],
    [37, 13, 142, 120, 8, 32],
    [177, 41, 452, 487, 39, 78],
    [368, 143, 1388, 1248, 105, 175],
    [9, 3, 38, 24, 4, 6],
    [2, 0, 3, 1, 0, 1],
    [158, 23, 542, 562, 40, 58],
    [232, 74, 702, 946, 47, 89],
    [181, 93, 1204, 633, 85, 182],
    [16, 10, 46, 39, 2, 9],
    [3, 1, 9, 3, 1, 4],
    [0, 1, 18, 4, 1, 2],
    [123, 99, 505, 389, 24, 69],
    [6, 5, 21, 15, 0, 2],
    [6, 6, 37, 39, 3, 6],
    [2, 3, 5, 2, 0, 2],
    [59, 27, 145, 176, 9, 32],
    [280, 285, 2182, 1052, 113, 194],
    [22, 15, 161, 92, 11, 12],
    [6, 11, 87, 30, 2, 10],
    [10, 8, 24, 24, 4, 3],
    [269, 190, 1825, 921, 130, 237],
    [124, 51, 458, 382, 26, 52],
    [281, 102, 1000, 988, 53, 102],
    [235, 107, 878, 688, 39, 94],
    [207, 161, 705, 573, 26, 65],
    [12, 8, 52, 47, 8, 3],
    [1, 0, 1, 3, 1, 2],
    [0, 3, 3, 3, 0, 2],
    [4, 0, 11, 2, 1, 3],
    [13, 31, 41, 14, 3, 8],
    [25, 9, 71, 67, 10, 10],
    [8, 13, 36, 52, 5, 5],
    [12, 9, 90, 78, 11, 22],
    [17, 20, 64, 54, 4, 3],
    [23, 4, 55, 68, 7, 7],
    [19, 10, 70, 97, 7, 7],
    [23, 2, 29, 75, 4, 5],
    [27, 7, 100, 99, 9, 17],
    [78, 22, 172, 211, 29, 51],
    [2, 3, 24, 2, 2, 1],
    [7, 0, 63, 31, 10, 11],
    [21, 0, 31, 35, 3, 7],
    [13, 19, 69, 39, 2, 11],
    [0, 1, 10, 2, 3, 5],
    [34, 2, 46, 104, 6, 7],
    [18, 1, 40, 48, 3, 6],
    [1, 0, 5, 1, 3, 4],
    [18, 6, 67, 75, 2, 1],
    [1, 1, 6, 3, 0, 3],
    [18, 2, 31, 73, 2, 4],
    [30, 6, 111, 140, 8, 14],
    [15, 5, 34, 60, 11, 9],
    [22, 6, 69, 81, 3, 12],
    [37, 10, 110, 139, 13, 16],
    [5, 3, 17, 13, 1, 3],
    [17, 6, 70, 30, 1, 5],
    [26, 15, 152, 110, 15, 43],
    [36, 10, 87, 120, 17, 15],
    [53, 5, 133, 180, 15, 10],
    [14, 4, 57, 73, 10, 12],
    [11, 19, 86, 70, 8, 19],
    [6, 7, 68, 48, 5, 15],
    [4, 3, 12, 8, 2, 5],
    [2, 2, 2, 3, 0, 0],
    [12, 12, 103, 37, 6, 6],
    [2, 6, 29, 19, 3, 3],
    [15, 20, 48, 21, 1, 9],
    [16, 5, 105, 54, 7, 11],
    [16, 16, 85, 60, 15, 9],
    [30, 35, 215, 84, 19, 23],
    [20, 15, 124, 59, 14, 8],
    [29, 6, 75, 118, 13, 8],
    [12, 5, 48, 35, 5, 7],
    [51, 9, 214, 104, 19, 45],
    [29, 16, 100, 106, 10, 20],
    [3, 15, 48, 25, 4, 8],
    [19, 3, 57, 81, 7, 7],
    [19, 14, 73, 77, 13, 15],
    [43, 27, 202, 185, 14, 24],
    [18, 8, 18, 29, 3, 4],
    [8, 6, 21, 20, 2, 9],
    [45, 16, 121, 100, 14, 34],
    [9, 8, 56, 21, 9, 4],
    [20, 27, 89, 86, 5, 10],
    [36, 104, 355, 154, 8, 71],
    [305, 238, 1723, 998, 94, 314],
    [138, 133, 797, 449, 53, 181],
    [1, 0, 7, 4, 1, 0]
  ],
  "W": [
    [1, 4, 5, 2, 1],
    [6, 11, 28, 59, 10],
    [11, 15, 80, 125, 14],
    [14, 26, 122, 193, 21],
    [24, 157, 504, 524, 107],
    [7, 7, 36, 61, 12],
    [17, 11, 122, 168, 34],
    [47, 46, 405, 670, 106],
    [130, 149, 1284, 1621, 243],
    [1, 5, 41, 32, 5],
    [0, 0, 3, 3, 1],
    [45, 31, 474, 756, 77],
    [63, 77, 612, 1208, 130],
    [57, 126, 1119, 874, 202],
    [4, 15, 37, 54, 12],
    [1, 3, 7, 6, 4],
    [0, 3, 12, 8, 3],
    [24, 92, 477, 534, 82],
    [0, 3, 21, 23, 2],
    [5, 7, 32, 49, 4],
    [1, 2, 5, 6, 0],
    [24, 31, 136, 224, 33],
    [90, 285, 1925, 1557, 249],
    [5, 20, 124, 144, 20],
    [2, 11, 75, 51, 7],
    [3, 4, 25, 33, 8],
    [105, 229, 1683, 1290, 265],
    [32, 46, 405, 551, 59],
    [67, 144, 861, 1326, 128],
    [83, 155, 755, 934, 114],
    [70, 175, 600, 810, 82],
    [9, 11, 43, 60, 7],
    [0, 0, 1, 4, 3],
    [0, 2, 3, 5, 1],
    [1, 3, 8, 5, 4],
    [3, 30, 43, 25, 9],
    [4, 24, 45, 106, 13],
    [2, 21, 28, 61, 7],
    [4, 21, 65, 97, 35],
    [3, 20, 55, 80, 4],
    [5, 9, 45, 93, 12],
    [16, 8, 63, 111, 12],
    [1, 6, 18, 105, 8],
    [8, 10, 84, 135, 22],
    [30, 24, 154, 283, 72],
    [2, 2, 26, 3, 1],
    [3, 5, 52, 44, 18],
    [3, 2, 21, 68, 3],
    [2, 37, 50, 55, 9],
    [1, 7, 6, 1, 6],
    [20, 6, 39, 123, 11],
    [6, 4, 32, 67, 7],
    [0, 1, 6, 3, 4],
    [4, 7, 46, 103, 9],
    [0, 1, 7, 5, 1],
    [4, 5, 21, 93, 7],
    [14, 9, 78, 189, 19],
    [5, 4, 28, 83, 14],
    [9, 12, 47, 105, 20],
    [13, 12, 90, 180, 30],
    [3, 9, 12, 15, 3],
    [3, 8, 52, 53, 13],
    [18, 23, 140, 142, 38],
    [15, 21, 64, 167, 18],
    [7, 14, 94, 268, 13],
    [6, 8, 44, 95, 17],
    [7, 20, 80, 84, 22],
    [10, 9, 50, 57, 23],
    [3, 3, 11, 15, 2],
    [2, 2, 1, 3, 1],
    [1, 12, 86, 69, 8],
    [1, 10, 20, 26, 5],
    [2, 18, 35, 45, 14],
    [4, 7, 87, 90, 10],
    [1, 18, 78, 86, 18],
    [8, 41, 166, 154, 37],
    [5, 23, 97, 101, 14],
    [9, 10, 61, 154, 15],
    [6, 11, 36, 49, 10],
    [18, 22, 183, 165, 54],
    [8, 19, 89, 146, 19],
    [2, 15, 42, 36, 8],
    [7, 9, 50, 99, 9],
    [1, 14, 67, 108, 21],
    [18, 38, 168, 242, 29],
    [1, 3, 16, 53, 7],
    [2, 6, 21, 28, 9],
    [12, 27, 98, 164, 29],
    [4, 12, 44, 42, 5],
    [8, 33, 72, 112, 12],
    [10, 139, 281, 226, 72],
    [158, 362, 1480, 1327, 345],
    [89, 198, 663, 604, 197],
    [0, 0, 6, 5, 2]
  ],
  "method": "mvn_pdf",
  "cond_prob": [
    [
      [0, 0.0054532756914, 0.15129820989, 0.11549377444, 0.59133075716, 0.13642398282],
      [0, 0.19532774315, 0.66276221549, 0.050490285527, 0, 0.091419755837],
      [0, 0, 0.85607912781, 0.064438323486, 0, 0.079482548702],
      [0, 0.10368388203, 0.4287200409, 0.17360756705, 0.26380206222, 0.030186447797],
      [0, 0.0058679876698, 0.059817207278, 0.013138331918, 0.8810651184, 0.040111354735]
    ],
    [
      [0.37646720004, 0, 0.026388001693, 0.48672214159, 0.021390196689, 0.089032459988],
      [0.062233636297, 0.18098395755, 0.51145062042, 0.015310043434, 0.066264166863, 0.16375757544],
      [0.030474785976, 0, 0.83012585361, 0.066283956524, 0.0283464223, 0.044768981588],
      [0.19884152447, 0, 0.058092055362, 0.71226000018, 0.02700535569, 0.0038010643012],
      [0.047168284971, 0.00091764669535, 0.15447599978, 0.10319658793, 0.17557371742, 0.5186677632]
    ],
    [
      [0.41041248006, 0.00021363926928, 0.029306348585, 0.48429714374, 0.014471496664, 0.061298891675],
      [0.0042773293068, 0.59820096877, 0.30456801368, 0.0085252624283, 0.024257757644, 0.060170668164],
      [0.02245803621, 0.050439329568, 0.82009419441, 0.062243371806, 0.017072570435, 0.027692497567],
      [0.22177671357, 0.0058356858123, 0.059856117171, 0.69401370935, 0.0165830669, 0.0019347071999],
      [0.064469334779, 0.018573453178, 0.21568284007, 0.12954779066, 0.14558986963, 0.4261367117]
    ],
    [
      [0.38007112145, 8.339140585e-05, 0.046112135768, 0.43936194236, 0.021071956432, 0.11329945259],
      [0.0034829344217, 0.44162187864, 0.41779736547, 0.0063075469506, 0.031722300278, 0.09906797424],
      [0.013948714202, 0.02903447333, 0.86765637459, 0.036558879193, 0.01747572824, 0.035325830447],
      [0.21270011214, 0.003915689734, 0.10899022356, 0.6455364839, 0.024990244386, 0.0038672462807],
      [0.039789677568, 0.010415705268, 0.21916703574, 0.077914853914, 0.13928841862, 0.5134243089]
    ],
    [
      [0.28625649269, 0.00037702939962, 0.084342443848, 0.48794108974, 0.029088261701, 0.11199468262],
      [0.0010050925003, 0.56325954686, 0.36422768544, 0.0041404630941, 0.021169813374, 0.046197398726],
      [0.0053306795811, 0.045738646956, 0.89239106631, 0.02545991459, 0.013628604241, 0.017451088323],
      [0.14249907904, 0.01148977975, 0.178107587, 0.63777450718, 0.029554455233, 0.00057459179956],
      [0.024447333917, 0.023236259647, 0.32428562361, 0.071156284332, 0.15535392467, 0.40152057383]
    ],
    [
      [0.39320618344, 0, 0.038927681562, 0.51483856175, 0, 0.053027573254],
      [0.022664821119, 0.28571428571, 0.59909360858, 0.012968016198, 0, 0.079559268391],
      [0.025102947535, 0, 0.89775940135, 0.055209595882, 0, 0.021928055237],
      [0.1907546515, 0, 0.090810334829, 0.71349741053, 0, 0.0049376031338],
      [0.12909692627, 0, 0.30625684133, 0.14953887167, 0, 0.41510736073]
    ],
    [
      [0.30323134271, 0.00037431466246, 0.059592165969, 0.42376105591, 0.017942642092, 0.19509847866],
      [0.0019631356537, 0.5218911535, 0.34603420698, 0.0037770088623, 0.017339256983, 0.10899523802],
      [0.010015053935, 0.042046781418, 0.86610716184, 0.026188968534, 0.01041931409, 0.045222720184],
      [0.17753001342, 0.0098751530799, 0.14701310752, 0.64140522857, 0.020040029434, 0.0041364679759],
      [0.022840995485, 0.013650026817, 0.20050826748, 0.053040658567, 0.084304764522, 0.62565528712]
    ],
    [
      [0.39392936122, 0.00012882905586, 0.040930726029, 0.44442604884, 0.019379890144, 0.1012051447],
      [0.003813594981, 0.48381195609, 0.38363552372, 0.0068613136414, 0.030259300948, 0.091618310622],
      [0.015653949565, 0.035143574182, 0.8532409355, 0.043626238366, 0.017249139458, 0.03508616293],
      [0.21955216473, 0.0047535132632, 0.095603086653, 0.654840811, 0.022004719678, 0.0032457046814],
      [0.045944289741, 0.012458430419, 0.2152110835, 0.088531937456, 0.14120899674, 0.49664526214]
    ],
    [
      [0.34191105013, 0.00018739354538, 0.046400458491, 0.49438426607, 0.021950685387, 0.095166146374],
      [0.003000375095, 0.52121060117, 0.36750217717, 0.0062541699991, 0.029063323522, 0.072969353039],
      [0.013832691692, 0.04027354819, 0.85837546256, 0.041129038653, 0.017279715078, 0.029109543831],
      [0.18243879215, 0.0060427250464, 0.10311686058, 0.68272068147, 0.023241291996, 0.002439648758],
      [0.039547528305, 0.015673934519, 0.23828638305, 0.095877628773, 0.15619212843, 0.45442239692]
    ],
    [
      [0.40413753095, 8.0458705368e-05, 0.027810108966, 0.42287165054, 0.030003395063, 0.11509685577],
      [0.0053300484268, 0.37896814983, 0.38570090386, 0.0086537157745, 0.067607731969, 0.15373945014],
      [0.021993239834, 0.024079835526, 0.81236658226, 0.051815555444, 0.036132263155, 0.053612523782],
      [0.2338120295, 0.0028517778608, 0.065772268185, 0.65845601743, 0.035597298621, 0.0035106084074],
      [0.037100889944, 0.0053097288061, 0.12638858343, 0.067765887955, 0.20228431997, 0.56115058989]
    ],
    [
      [0.98020708336, 1.7729502505e-07, 0.0020159595271, 0.015932981362, 6.2992351143e-05, 0.0017808061018],
      [0.046603688142, 5.197531076e-07, 0.6784344324, 0.0051491433374, 4.0275993017e-07, 0.26981181361],
      [0, 0, 0.88296849027, 0.10605297771, 0, 0.010978532019],
      [0.66666666667, 0, 0.11703150973, 0.21630182361, 0, 0],
      [0, 0, 0, 0.032935596058, 0, 0.96706440394]
    ],
    [
      [0.33318583775, 0, 0.051023249878, 0.49445798592, 0.022463474503, 0.098869451949],
      [0.0034468536773, 0.38446586815, 0.47927863194, 0.0073717148724, 0.035311783139, 0.090125148216],
      [0.012684787946, 0.021198476789, 0.88270436341, 0.038271739009, 0.016692205401, 0.028448427446],
      [0.17729942593, 0.00045366251282, 0.1151792087, 0.68028166035, 0.023979108911, 0.0028069335896],
      [0.03699778371, 0.008967678306, 0.25154501469, 0.092040622811, 0.15395021653, 0.45649868395]
    ],
    [
      [0.31593008421, 0.00017770874241, 0.044220627271, 0.53669645239, 0.016703043811, 0.086272083576],
      [0.002977282648, 0.52640580192, 0.37017511437, 0.007231733311, 0.023354652575, 0.069855415174],
      [0.013777308717, 0.040183803392, 0.85796548119, 0.047252796911, 0.013139264941, 0.027681344847],
      [0.1641042273, 0.0055816856426, 0.093838121139, 0.71848066413, 0.015864937997, 0.0021303637862],
      [0.039981033971, 0.016310720533, 0.24830224499, 0.11375327732, 0.13033326729, 0.45131945589]
    ],
    [
      [0.30140182796, 0.00012050052985, 0.060267590539, 0.44195282592, 0.029815182689, 0.16644207237],
      [0.002290776256, 0.43033191343, 0.41648503195, 0.004865720858, 0.034512399328, 0.11151415817],
      [0.0094284563722, 0.028805164865, 0.87536623443, 0.028730673886, 0.018264580141, 0.039404890308],
      [0.16949686353, 0.0051687290159, 0.14363786777, 0.64431831316, 0.033151958372, 0.0042262681468],
      [0.023964141556, 0.010004266008, 0.21293723047, 0.058969199557, 0.14623314592, 0.54789201649]
    ],
    [
      [0.43463531581, 0.00022783892631, 0.041094553073, 0.42723499196, 0.010010269584, 0.086797030647],
      [0.0028138089414, 0.53472257968, 0.366760284, 0.0068152334968, 0.014132287715, 0.074755806169],
      [0.015143158072, 0.039058291398, 0.86773061742, 0.040095132257, 0.0069560190531, 0.031016781798],
      [0.24109174583, 0.0064064313091, 0.098061876573, 0.64073705365, 0.0088502519666, 0.0048526406662],
      [0.053333373246, 0.015595489719, 0.24440361235, 0.092125894919, 0.084390691232, 0.51015093853]
    ],
    [
      [0.57861829533, 0.00054685550247, 0.036518525135, 0.19613487255, 0.017357334958, 0.17082411652],
      [0, 0.27749270859, 0.48774076095, 0.0020397640309, 0.038515087456, 0.19421167897],
      [0.00385754198, 0.016557180042, 0.89373624164, 0.012376216003, 0.038120553785, 0.035352266553],
      [0.38789105716, 0.0052984178485, 0.12369406628, 0.43944318663, 0.043673272087, 0],
      [0.016758141965, 0.0048210628377, 0.12548527572, 0.018613300888, 0.084553473414, 0.74976874517]
    ],
    [
      [0.09377548606, 0.00024850105963, 0.26453078767, 0.33574004519, 0.036380620932, 0.26932455908],
      [0, 0.25313124459, 0.65998146293, 0.0095695922776, 0.018748598856, 0.058569101347],
      [0, 0, 0.9108912631, 0.038106832057, 0.026519116748, 0.024482788095],
      [0, 0.028139419004, 0.48261450085, 0.43026908479, 0.045782743168, 0.013194252187],
      [0, 0.0051636380711, 0.40948148239, 0.023952186725, 0.086420952371, 0.47498174044]
    ],
    [
      [0.35685016879, 0.0001964644041, 0.048384664945, 0.46264913179, 0.016035358856, 0.11588421122],
      [0.0021154750502, 0.65868452535, 0.26025479092, 0.0041830708171, 0.014232495952, 0.060529641919],
      [0.013241086808, 0.066714389756, 0.83881429431, 0.036788731107, 0.010500849818, 0.033940648198],
      [0.19625974561, 0.008268246278, 0.11406121324, 0.66132812825, 0.01608543112, 0.0039972355101],
      [0.038076459536, 0.026320745081, 0.23014903685, 0.083099184149, 0.10618580705, 0.51616876734]
    ],
    [
      [0.443331559, 0.00054417037716, 0.046777618969, 0.41711534993, 0.0057646978173, 0.086466603905],
      [0.0027894688738, 0.84729648353, 0.12583925167, 0.0015532999402, 0, 0.022521495984],
      [0.012446246477, 0.10428113306, 0.82692679596, 0.027416446133, 0, 0.028929378367],
      [0.24225716403, 0.0076064645275, 0.12089821032, 0.62089598752, 0, 0.0083421736],
      [0.079172822289, 0.046629035467, 0.23818034627, 0.069493509195, 0, 0.56652428678]
    ],
    [
      [0.20332451727, 0.00047980553715, 0.058121596926, 0.51210726834, 0.026150711484, 0.19981610045],
      [0, 0.56496150363, 0.30895471204, 0.0039585736776, 0.022801242635, 0.099323968014],
      [0.00032058429599, 0.045928051711, 0.8576126348, 0.030676562526, 0.019446182923, 0.04601598374],
      [0.10047232026, 0.010618561494, 0.13062538542, 0.71853180197, 0.033677919744, 0.0060740111158],
      [0.012493755845, 0.013215819721, 0.17561520798, 0.055511336347, 0.10928545578, 0.63387842432]
    ],
    [
      [0.027352610664, 0, 0.019807452046, 0.01048888456, 0, 0.94235105273],
      [0.022934786075, 0.89069289162, 0.041201327269, 0.0042743389033, 0, 0.040896656136],
      [0.065274601414, 0.15863078682, 0.56789678793, 0.013026696828, 0, 0.195171127],
      [0.26673413502, 0.070910047107, 0.34305099229, 0.31930482558, 0, 0],
      [3.6612512889e-07, 1.0856703813e-05, 9.1751508808e-06, 3.3991650902e-07, 5.9055344725e-10, 0.99997926151]
    ],
    [
      [0.36512548465, 0.00024559926523, 0.034558230374, 0.46747172278, 0.013631186612, 0.11896777632],
      [0.0034112490945, 0.57724438505, 0.29611628874, 0.0068782188174, 0.019192125691, 0.097157732605],
      [0.018313055158, 0.051605061375, 0.82031667845, 0.051014586359, 0.012683492337, 0.046067126321],
      [0.20656891393, 0.0069658813789, 0.07829614118, 0.69046253714, 0.013952303799, 0.0037542225796],
      [0.041491740168, 0.015784360762, 0.17847253414, 0.089874600199, 0.097806806552, 0.57656995818]
    ],
    [
      [0.29078297495, 0.00037286072075, 0.087038569314, 0.44943552052, 0.028826488514, 0.14354358598],
      [0.001199189605, 0.5802150265, 0.34184045172, 0.0031889800133, 0.018966595191, 0.054589756969],
      [0.0059719243431, 0.048946464321, 0.88571774573, 0.02299286757, 0.012544902406, 0.023826095631],
      [0.15183053109, 0.012551141254, 0.19091071261, 0.61128551956, 0.029955096076, 0.003466999404],
      [0.022456513849, 0.023458189682, 0.29914602392, 0.058671163929, 0.13739403486, 0.45887407375]
    ],
    [
      [0.27440533265, 0.00033249031229, 0.10736643157, 0.45451060671, 0.035677330834, 0.12770780792],
      [0.0011996420771, 0.46776385925, 0.45082243016, 0.0038495230263, 0.024991104389, 0.0513734411],
      [0.0046718461249, 0.031069375494, 0.91084816819, 0.022335088196, 0.014109363759, 0.016966158232],
      [0.1363253117, 0.010149291682, 0.2187637423, 0.59557839098, 0.036902470265, 0.0022807930834],
      [0.019691334572, 0.016447990001, 0.34997837462, 0.055880863447, 0.16291372169, 0.39508771568]
    ],
    [
      [0.18227844207, 0.0005516627211, 0.11998362458, 0.33462773977, 0.019542028126, 0.34301650273],
      [0.00020349274409, 0.57051676303, 0.32909122131, 0.0031628436502, 0.0085958947714, 0.088429784499],
      [0.00056296202189, 0.047562929044, 0.88311590882, 0.022553796682, 0.0046908044478, 0.041513598986],
      [0.10861328151, 0.020273956177, 0.2995554379, 0.53788479043, 0.022534906305, 0.011137627682],
      [0.0073864553176, 0.017431548278, 0.232715546, 0.024613453912, 0.052181506592, 0.6656714899]
    ],
    [
      [0.44242850778, 0, 0.037848649585, 0.44150376833, 0.028385744997, 0.04983332931],
      [0.0010036663266, 0.90491205075, 0.07303051612, 0.0022148578311, 0.0095631977251, 0.0092757112431],
      [0.036572200539, 0.15123684273, 0.72937910854, 0.040861543295, 0.026891274172, 0.015059030733],
      [0.22181870286, 0, 0.10914733746, 0.63290661267, 0.036127347002, 0],
      [0.054297200435, 0.074928841104, 0.21974901713, 0.094896557888, 0.25151320859, 0.30461517485]
    ],
    [
      [0.30279947632, 0.00024024702303, 0.065891952687, 0.44026366705, 0.033184287371, 0.15762036955],
      [0.0019259171562, 0.49269856945, 0.38087392125, 0.0041002480373, 0.032065392359, 0.088335951753],
      [0.0086465477679, 0.037461377092, 0.87463830467, 0.026472889647, 0.017984511803, 0.034796369019],
      [0.16736091654, 0.0080880175776, 0.15333733919, 0.63089571659, 0.035831431526, 0.0044865785761],
      [0.023838859347, 0.013833061653, 0.23033880261, 0.058203813125, 0.16106488657, 0.51272057669]
    ],
    [
      [0.34988688491, 0.00026517389198, 0.057947290476, 0.44588691587, 0.020237489173, 0.12577624568],
      [0.002225747087, 0.5629523107, 0.33955514979, 0.0041068229809, 0.019808401786, 0.071351567658],
      [0.01106391483, 0.047009871447, 0.86832888992, 0.029417817831, 0.012767938105, 0.031411567871],
      [0.19280411244, 0.0089681065169, 0.13462652107, 0.63771104686, 0.022050241203, 0.0038399719144],
      [0.033648878913, 0.018903110445, 0.24870739477, 0.072028843975, 0.12068671235, 0.50602505954]
    ],
    [
      [0.34240624329, 0.00012071980527, 0.049862764989, 0.49811499649, 0.016970226152, 0.092525049275],
      [0.0032468350599, 0.46746982906, 0.4224431249, 0.0068091818593, 0.024022318246, 0.076008710874],
      [0.013271859246, 0.031595263177, 0.87659678613, 0.039652023456, 0.011939651033, 0.026944416958],
      [0.18170022936, 0.0043349295143, 0.11106954055, 0.68381993802, 0.016682554029, 0.0023928085321],
      [0.040856738317, 0.013473580133, 0.26405735265, 0.099688617528, 0.12502089717, 0.4569028142]
    ],
    [
      [0.3734448268, 0.0001540111525, 0.052476678221, 0.46374820288, 0.015552924299, 0.094623356647],
      [0.0031373214854, 0.48255234535, 0.4150750481, 0.0060963815694, 0.020521136677, 0.07261776682],
      [0.012906270733, 0.033643360446, 0.88134955153, 0.035979815618, 0.0097872336277, 0.026333768047],
      [0.20211511638, 0.0054715011552, 0.1205824555, 0.65411646088, 0.015166259599, 0.0025482064817],
      [0.04384246879, 0.014741090614, 0.27425331936, 0.091705480397, 0.11380423898, 0.46165340186]
    ],
    [
      [0.3864322188, 0.00019890030967, 0.056901650704, 0.45040383281, 0.014372163911, 0.091691233465],
      [0.0019826546366, 0.64686609293, 0.28988581451, 0.0042246138504, 0.011827688666, 0.04521313541],
      [0.011918521784, 0.062164710911, 0.86413626345, 0.032408492457, 0.0070619527459, 0.022310058655],
      [0.20838336564, 0.0099110460669, 0.13318216701, 0.63468117414, 0.012497590842, 0.0013446563031],
      [0.044648059554, 0.029972400671, 0.29179943377, 0.087750948168, 0.10443759488, 0.44139156295]
    ],
    [
      [0.29259890174, 0.00077258930089, 0.060367315162, 0.52172311408, 0.063761734763, 0.060776344959],
      [0.0024819228514, 0.51308081799, 0.37635727423, 0.0058886061558, 0.065623181335, 0.03656819743],
      [0.014095014166, 0.038378729382, 0.87670519022, 0.035666240246, 0.02663846634, 0.0085163596475],
      [0.14251705112, 0.0099594435607, 0.13204749097, 0.6693383061, 0.046137708246, 0],
      [0.026028579488, 0.014472245895, 0.24222735848, 0.077967229872, 0.39865326358, 0.24065132268]
    ],
    [
      [0.34242366791, 1.0064638843e-06, 0.019880544022, 0.50646994275, 0.02317183369, 0.10805300516],
      [0.006391877923, 0.0035616576133, 0.61160160649, 0.014036299034, 0.079014170486, 0.28539438845],
      [0.023678172853, 0, 0.86084494955, 0.027834288031, 0.042276777257, 0.045365812311],
      [0.16729094814, 0, 0.0083722028029, 0.74182438549, 0.082512463569, 0],
      [0.10238601153, 0, 0.035222079747, 0.0016227233363, 0.20922445616, 0.65154472923]
    ],
    [
      [0.0068372293024, 0.00099206523151, 0.022257391419, 0.048982949649, 0.0016732147408, 0.91925714966],
      [0, 0.94051872513, 0.010248019288, 0.016283830584, 0, 0.032949424997],
      [0, 0.23623402708, 0.57379023742, 0.028308390208, 0, 0.16166734528],
      [0, 0.082052093698, 0.25162664983, 0.57650143364, 0, 0.089819822831],
      [0, 0, 0, 0, 0, 1]
    ],
    [
      [0.86044308142, 0, 0.018597930529, 0.08121789585, 0.0077820440786, 0.03195904812],
      [0, 0, 0.80114041865, 0.018225874771, 0.040870218506, 0.13976348807],
      [0, 0, 0.8695835259, 0.052059693101, 0.038894335373, 0.039462445623],
      [0.57291978726, 0, 0.14237007892, 0.24818382996, 0.027174086702, 0.0093522171476],
      [0.068739495566, 0, 0.22736555292, 0.051676946302, 0.10564554598, 0.54657245923]
    ],
    [
      [0.65368806886, 0, 0.029572025338, 0.22108260664, 0.013639339643, 0.082017959519],
      [0, 0.79594651696, 0.13625606968, 0.014156266789, 0.014124170637, 0.039516975934],
      [0, 0.13457184232, 0.76284895973, 0.041285155013, 0.020480597039, 0.040813445901],
      [0.41467544736, 0.035979152885, 0.093656686595, 0.42635351854, 0.022544642135, 0.0067905524836],
      [0.074672178828, 0.048392938825, 0.18663104448, 0.053107171921, 0.12123057066, 0.51596609529]
    ],
    [
      [0.3799335928, 0, 0.059630406093, 0.41045607825, 0.041163660449, 0.10881626241],
      [0.0035268898812, 0.3386723214, 0.50604765172, 0.0053778477892, 0.056791233505, 0.089584055703],
      [0.011931271216, 0.017405291335, 0.89299999015, 0.026357075576, 0.023569624029, 0.027736747693],
      [0.21156799233, 0, 0.14449723599, 0.59672226786, 0.041017568677, 0.0061949351519],
      [0.033269683107, 0.006817398173, 0.23958678175, 0.06080604203, 0.23568156869, 0.42383852625]
    ],
    [
      [0.24337723247, 0.00015069807144, 0.035596468522, 0.63001544469, 0.026384528932, 0.06447562732],
      [0.0020382304009, 0.54639167041, 0.33936482196, 0.0096260607974, 0.042203932041, 0.060375284385],
      [0.010752645977, 0.041140989178, 0.83450006842, 0.061561766403, 0.026676331543, 0.025368198482],
      [0.11400991939, 0.004412508528, 0.064776717132, 0.78479728982, 0.028409037851, 0.0035945272721],
      [0.03068050376, 0.014908972565, 0.21210916301, 0.13449395647, 0.22586568245, 0.38194172174]
    ],
    [
      [0.22646241602, 0, 0.061242141843, 0.55494634472, 0.029372211747, 0.12797688567],
      [0.00050126790527, 0.35915246479, 0.49378294909, 0.0075136529083, 0.039587647402, 0.099462017907],
      [0.0023457256918, 0.018406039994, 0.89224131292, 0.036636408824, 0.019297683138, 0.031072829431],
      [0.10642064838, 0.00025620636991, 0.13236204123, 0.72534277336, 0.031318877643, 0.0042994530181],
      [0.017381389924, 0.0067586749128, 0.24430817606, 0.082366066309, 0.16453971492, 0.48464597787]
    ],
    [
      [0.36437913286, 0.00031578054497, 0.061515656377, 0.4733520938, 0.02304192464, 0.077395411776],
      [0.0018501658053, 0.72799038873, 0.22690873242, 0.0019430515271, 0.014653368492, 0.026654293027],
      [0.013169656171, 0.079783565397, 0.85260263337, 0.025704778226, 0.015377810392, 0.013361556441],
      [0.18739830758, 0.011060240231, 0.13973179528, 0.63486922374, 0.026940433172, 0],
      [0.038415897432, 0.041582392109, 0.30139748122, 0.084445496543, 0.15919815773, 0.37496057496]
    ],
    [
      [0.39274718397, 0, 0.039734347185, 0.47561511748, 0.025701864668, 0.066201486702],
      [0.005098382161, 0.35829746856, 0.49524415089, 0.0091534146349, 0.052566251425, 0.079640332334],
      [0.019870193827, 0.015354326218, 0.87177107215, 0.045060107531, 0.023946513437, 0.023997786833],
      [0.20957235233, 0, 0.089022860627, 0.66952609332, 0.029158226361, 0.0027204673684],
      [0.050499262678, 0.0070315086, 0.23627555174, 0.10382601363, 0.2174238548, 0.38494380856]
    ],
    [
      [0.26322058872, 0.00038092898125, 0.046419243433, 0.59732757994, 0.024451583668, 0.068200075263],
      [0.001587304541, 0.6425924675, 0.28547228042, 0.0056409133336, 0.02450718026, 0.040199853944],
      [0.0095668773725, 0.057223173561, 0.84809944222, 0.046786308949, 0.019835049875, 0.018489148017],
      [0.12420090182, 0.0085810425484, 0.093858210036, 0.74745478535, 0.025905060239, 0],
      [0.032229897269, 0.024634144923, 0.26041564063, 0.1235510647, 0.19063728255, 0.36853196993]
    ],
    [
      [0.38533628243, 1.6524371642e-05, 0.037274975882, 0.49160661372, 0.017193218932, 0.068572384659],
      [0.0057447172142, 0.32327945152, 0.52598085701, 0.01073245035, 0.039852237274, 0.094410286631],
      [0.033003298938, 0.00076769435506, 0.87379519445, 0.049317963856, 0.01691810634, 0.026197742058],
      [0.20541590041, 0, 0.078269242333, 0.6919383173, 0.021102859539, 0.0032736804199],
      [0.052183311324, 0.0058110335121, 0.23253199212, 0.11284400228, 0.15292089896, 0.4437087618]
    ],
    [
      [0.3124985794, 8.891055992e-05, 0.053688451844, 0.47930905471, 0.024492881885, 0.1299221216],
      [0.0027958464444, 0.41535606133, 0.4402951665, 0.0058851826596, 0.033217589312, 0.10245015376],
      [0.011196859926, 0.025510071371, 0.87814100279, 0.032325313214, 0.01794213868, 0.034884614018],
      [0.16960628047, 0.0037017747392, 0.12204544655, 0.67235748112, 0.028285692576, 0.0040033245348],
      [0.028848581927, 0.0092337507888, 0.22398005461, 0.073776794271, 0.14300785931, 0.52115295909]
    ],
    [
      [0.37897487548, 0.00025708936618, 0.036657956652, 0.43598850158, 0.029609157476, 0.11851241944],
      [0.0034574425271, 0.52292834438, 0.32395239284, 0.0064035620526, 0.043218418066, 0.10003984013],
      [0.016955501115, 0.043237792665, 0.82323296958, 0.045349484722, 0.027068032357, 0.044156219563],
      [0.21612652443, 0.0066157970768, 0.085291944947, 0.65470109998, 0.032413458379, 0.0048511751867],
      [0.038511410115, 0.012654394594, 0.16958202969, 0.076422604483, 0.19073607691, 0.51209348421]
    ],
    [
      [0.45860481936, 0.001016053324, 0.076584993634, 0.27829669854, 0.099384279692, 0.086113155455],
      [0.0015421203388, 0.67793149983, 0.24708773094, 0.00053942440386, 0.048545160492, 0.024354063994],
      [0.014286950745, 0.060722642224, 0.86831138904, 0.0035363417168, 0.032032202418, 0.02111047386],
      [0.23042748769, 0.015212432876, 0.19182945751, 0.44306342008, 0.11616964496, 0.0032975568847],
      [0.016962938186, 0.017678897239, 0.20107006335, 0.021192609235, 0.52279492189, 0.2203005701]
    ],
    [
      [0.24198992917, 0, 0.077701105572, 0.44215791624, 0.081747977323, 0.15640307169],
      [0.18731640908, 0, 0.59069401035, 0.0059681445725, 0.10176454193, 0.11425689406],
      [0, 0, 0.91645184511, 0.031289097583, 0.013289832571, 0.03896922474],
      [0.11648681909, 0, 0.18875117773, 0.61774172895, 0.064521042145, 0.012499232085],
      [0.011779340398, 0, 0.21404882587, 0.046445354469, 0.31755201168, 0.41017446758]
    ],
    [
      [0.30488458233, 0, 0.038625415105, 0.18761076621, 0.015099198635, 0.45378003771],
      [0.1312219251, 0, 0.39680287138, 0.0033060389031, 0.025668082311, 0.4430010823],
      [0.048298546973, 0, 0.81700612897, 0.020141738022, 0.015152110926, 0.099401475105],
      [0.27615147558, 0, 0.18760524011, 0.49962377822, 0.036619506098, 0],
      [0.010110859008, 0, 0.058744325435, 0.011054068748, 0.031681831797, 0.88840891501]
    ],
    [
      [0.36308271066, 0.00015244378058, 0.053347943758, 0.44581382547, 0.01142633843, 0.1261767379],
      [0.0040421199786, 0.46109258674, 0.42020866424, 0.0045908053351, 0.013185294366, 0.09688052934],
      [0.013355380163, 0.030817516362, 0.88483734375, 0.029889846549, 0.0055446401807, 0.035555272996],
      [0.20256975024, 0.0052720253004, 0.12580794934, 0.65072437817, 0.010195648858, 0.0054302480945],
      [0.035018985368, 0.01204802148, 0.24269768162, 0.072686602754, 0.072366526155, 0.56518218263]
    ],
    [
      [0, 0, 0.095212344428, 0.61498046578, 0.088503326432, 0.20130386336],
      [0, 0.14285714286, 0.53904681797, 0.01748966339, 0.10063967476, 0.19996670102],
      [0, 0, 0.88021824178, 0.034380509068, 0.017568049791, 0.067833199362],
      [0, 0, 0.10807514541, 0.81284815864, 0.071749785531, 0.0073269104257],
      [0, 0, 0.12367922228, 0.040576779574, 0.33831014433, 0.49743385382]
    ],
    [
      [0.37545125624, 0, 0.028398214974, 0.52296111022, 0.01794932114, 0.055240097423],
      [0.0069424453794, 0.32407866947, 0.51354286745, 0.014081588706, 0.049189873304, 0.092164555688],
      [0.03785086845, 0, 0.84943147724, 0.066330432337, 0.0211328268, 0.025254395176],
      [0.19763964079, 0, 0.055483398967, 0.72621835558, 0.020658604664, 0],
      [0.060314592368, 0.0050479984707, 0.21804480096, 0.14041306056, 0.18006233804, 0.3961172096]
    ],
    [
      [0.39844776705, 0, 0.044973483024, 0.44347369073, 0.016447318698, 0.096657740494],
      [0.02395099538, 0.25, 0.56717866029, 0.0083930522936, 0.033433238592, 0.11704405344],
      [0.024144491737, 0, 0.89256362748, 0.036840123254, 0.014827362506, 0.031624395027],
      [0.21496354442, 0, 0.10840301947, 0.64981978265, 0.021743045542, 0.0050706079133],
      [0.048332600602, 0, 0.23377229671, 0.084110894961, 0.11947478313, 0.5143094246]
    ],
    [
      [0.17717205312, 1.2804564148e-05, 0.018695587342, 0.0821913485, 0.3371152046, 0.38481300187],
      [0.039095239168, 0, 0.20030861315, 0.0044922401973, 0.42606234776, 0.33004155973],
      [0.038005945496, 0, 0.67315369111, 0.028723594823, 0, 0.26011676857],
      [0.1685921287, 0, 0.12753743113, 0.25331073936, 0.37261910691, 0.077940593893],
      [0.05677317544, 0, 0.094539236694, 0.015808493199, 0.36402008287, 0.46885901179]
    ],
    [
      [0.32300540697, 0.00033846072272, 0.076757886322, 0.55361093181, 0.011492850574, 0.034794463601],
      [0.0022534537878, 0.49182740784, 0.46917066713, 0.0053593684935, 0.011415713562, 0.019973389186],
      [0.010252925855, 0.030262198021, 0.92564520081, 0.029676407767, 0.0041632675434, 0],
      [0.14180373659, 0.0094017655899, 0.15968942694, 0.68178802642, 0.00731704446, 0],
      [0.1794205264, 0.021712370833, 0.48678706361, 0.12875102385, 0.10321696849, 0.08011204681]
    ],
    [
      [0.020151844523, 2.5243952208e-05, 0.0070185707673, 0.033940603759, 0.000749934507, 0.93811380249],
      [0.0039347455325, 0.24765833673, 0.10645385722, 0, 0, 0.64195306051],
      [0.028359315714, 0.074049526566, 0.66464884208, 0.033975162644, 0, 0.198967153],
      [0.15876537596, 0.045236319807, 0.24356353194, 0.5524347723, 0, 0],
      [0.003723164688, 0.0078133782688, 0.023186588554, 0, 0, 0.96527686849]
    ],
    [
      [0.33156963801, 0, 0.04015136722, 0.56121520166, 0.011244408996, 0.055819384114],
      [0.0048892415728, 0.34855291753, 0.53814751207, 0.01143553245, 0.024608647724, 0.072366148651],
      [0.02225394792, 0.0097583420704, 0.88599619949, 0.052404865787, 0.0096523798656, 0.019934264869],
      [0.17017932058, 0, 0.081293932891, 0.7375061082, 0.0090610165888, 0.0019596217397],
      [0.050752217148, 0.0074728898411, 0.2832001461, 0.14419875524, 0.11237208649, 0.40200390518]
    ],
    [
      [0.27013472715, 5.4526229879e-05, 0.071943003033, 0.51729033575, 0.021284736142, 0.11929267169],
      [0.0018729908991, 0.38795662262, 0.50028620516, 0.0056618905374, 0.024471478272, 0.079750812512],
      [0.0058719982752, 0.0215771306, 0.90703259446, 0.028961646669, 0.011667001038, 0.024889628959],
      [0.13376278514, 0.0033538431375, 0.15411749412, 0.68222759515, 0.022537994738, 0.0040002877168],
      [0.024319718156, 0.010038657337, 0.29544596608, 0.079313387397, 0.12168754227, 0.46919472876]
    ],
    [
      [0.27975477449, 0.00047154684396, 0.042998360841, 0.46666245736, 0.07892295878, 0.13118990169],
      [0.0020060091333, 0.5919736029, 0.25096176782, 0.0049230426034, 0.076468155047, 0.073667422498],
      [0.012586969696, 0.052864200578, 0.80147396832, 0.042158020026, 0.048352546614, 0.042564294766],
      [0.15612377896, 0.011671648088, 0.10176531988, 0.67077791393, 0.045778974514, 0.013882364623],
      [0.020178091849, 0.012914531904, 0.13524060439, 0.056571723257, 0.36757045686, 0.40752459174]
    ],
    [
      [0.32570902793, 0, 0.058301890686, 0.51924714385, 0.011245529233, 0.085496408299],
      [0.0033550288693, 0.38519805551, 0.51515185915, 0.0069998029469, 0.016465080756, 0.072830172764],
      [0.011616431173, 0.020373089883, 0.90605952961, 0.034398196789, 0.0052495496931, 0.022303202855],
      [0.16860216159, 0.0020800562066, 0.12769712633, 0.69103640336, 0.0067587528649, 0.0038254996522],
      [0.038957958491, 0.010084110383, 0.31502322592, 0.10336202341, 0.087240569072, 0.44533211272]
    ],
    [
      [0.32627808239, 0.00017886170541, 0.047685155953, 0.52284389024, 0.025095480606, 0.077918529109],
      [0.0030982673178, 0.48056205808, 0.40937167904, 0.0068723504401, 0.035645773047, 0.064449872078],
      [0.013201803624, 0.032323911905, 0.87102873211, 0.040808127028, 0.019707176724, 0.02293024861],
      [0.16867521962, 0.0051104344884, 0.10210901614, 0.69619282586, 0.026714028235, 0.0011984756519],
      [0.039050128802, 0.013396660717, 0.25651413428, 0.10443737112, 0.18879461627, 0.39780708881]
    ],
    [
      [0.40816549011, 0, 0.029098659812, 0.49334145746, 0.010090537881, 0.059303854735],
      [0.009312215953, 0.32363981491, 0.53242588937, 0.0083618720349, 0.027632201659, 0.09862800607],
      [0.028112335494, 0.0059813855317, 0.87560961457, 0.045137916696, 0.015386068293, 0.029772679415],
      [0.21218473135, 0, 0.060496950391, 0.70303275946, 0.0168942287, 0.0073913301017],
      [0.057191529994, 0.0051550131407, 0.2353671285, 0.11919079568, 0.094330773802, 0.48876475889]
    ],
    [
      [0.49853281687, 0.00039715724311, 0.086947623731, 0.34379728653, 0.0086773097497, 0.061647805879],
      [0.0023875766899, 0.45855510446, 0.4946011324, 0.0039351036652, 0.0073928855679, 0.033128197219],
      [0.0075242120128, 0.029291422721, 0.9356071286, 0.022005281708, 0, 0.0055719549535],
      [0.27123585194, 0.010490488082, 0.20808539187, 0.50764555369, 0.0010256400314, 0.0015170743882],
      [0.055272442959, 0.019324449445, 0.46940397024, 0.068279870511, 0.066189697272, 0.32152956957]
    ],
    [
      [0.23284525311, 0.0002825825375, 0.051050429663, 0.42131200588, 0.031861867871, 0.26264786093],
      [0.0016785409769, 0.40817260522, 0.36466689578, 0.0051306712397, 0.038331392357, 0.18201989443],
      [0.0094163934587, 0.0311995079, 0.84336626123, 0.032925724441, 0.02349042075, 0.059601692219],
      [0.1403352859, 0.0067997064452, 0.13649258963, 0.67638671789, 0.039985700129, 0],
      [0.013796666296, 0.0071961624492, 0.13790866744, 0.043206923511, 0.12047989555, 0.67741168476]
    ],
    [
      [0.32184118377, 1.5468317265e-05, 0.048251012468, 0.458842219, 0.053740633723, 0.11730948272],
      [0.0035210423891, 0.37720140107, 0.43010281629, 0.0071473605834, 0.08021689023, 0.10181048944],
      [0.013236391781, 0.023462891166, 0.8555454387, 0.037818019113, 0.034361888379, 0.035575370865],
      [0.17820293756, 0.0026963837438, 0.11511935897, 0.65491954497, 0.041938211612, 0.0071235631468],
      [0.027301150375, 0.0070343018295, 0.18134636929, 0.065297494964, 0.29480520021, 0.42421548333]
    ],
    [
      [0.34464665221, 0, 0.059975562681, 0.46956014541, 0.033497852363, 0.092319787331],
      [0.0034638003347, 0.30619728483, 0.55040672011, 0.0067413845084, 0.051114332559, 0.082076477654],
      [0.018656429749, 0.0066835504435, 0.89991467966, 0.030833861631, 0.020946156774, 0.022965321739],
      [0.18035979327, 0, 0.13722868783, 0.64437571935, 0.034820289407, 0.0032155101403],
      [0.034527018176, 0.0065372515914, 0.2696314425, 0.079047986169, 0.21147215999, 0.39878414158]
    ],
    [
      [0.24705956111, 0, 0.053395817841, 0.519257722, 0.045859238408, 0.13442766064],
      [0.0019890663812, 0.35787799494, 0.4572517286, 0.0071016039465, 0.064947775438, 0.1108318307],
      [0.0068902467479, 0.020047140644, 0.87030287766, 0.037728047951, 0.028215098771, 0.036816588224],
      [0.12499282234, 0.0015657946254, 0.12046891604, 0.70505691267, 0.041219214482, 0.0066963398356],
      [0.019073007218, 0.0062441978104, 0.19316103666, 0.069835295446, 0.2381160379, 0.47357042496]
    ],
    [
      [0.21690811273, 0.00022746949329, 0.052449957462, 0.53831407376, 0.027645350387, 0.16445503617],
      [0, 0.63703666031, 0.25773881877, 0.0046267444301, 0.022969188201, 0.077628588291],
      [0.0017694407045, 0.062699286154, 0.83288329973, 0.038828894609, 0.020928362356, 0.042890716447],
      [0.10711137615, 0.0095443922147, 0.11565870271, 0.73167421242, 0.031181782781, 0.0048295337324],
      [0.015578743561, 0.020000121319, 0.18782176894, 0.071469144685, 0.13879818369, 0.5663320378]
    ],
    [
      [0.18757394449, 0.00064182287988, 0.093272466621, 0.53925014614, 0.02420382439, 0.15505779548],
      [0, 0.48499027088, 0.42478150614, 0.0053640869009, 0.018038635205, 0.066825500874],
      [0, 0.024153174048, 0.90693995792, 0.031289683342, 0.011852654242, 0.025764530452],
      [0.069234748527, 0.018483198847, 0.18953477492, 0.69144173047, 0.025546296976, 0.0057592502613],
      [0.0077339082204, 0.015976882461, 0.30842442228, 0.06880691098, 0.11073227824, 0.48832559782]
    ],
    [
      [0.15420582419, 0.0023879615593, 0.039281446788, 0.14408323811, 0.035709736749, 0.62433179261],
      [0.0060320973028, 0.60125160441, 0.15527156319, 0.00098741992096, 0.02412262053, 0.21233469465],
      [0.076138677104, 0.067407492005, 0.74950161159, 0.011676078075, 0.031704208253, 0.063571932971],
      [0.17790696936, 0.029089632, 0.20648237825, 0.49508196423, 0.091439056153, 0],
      [0.006578123482, 0.0056272050175, 0.037293784396, 0.0050608517923, 0.050085397545, 0.89535463777]
    ],
    [
      [0.5411682399, 0, 0.051059345924, 0.40777241418, 0, 0],
      [0, 0.91889010852, 0.081109891481, 0, 0, 0],
      [0.0027984929679, 0.066980905712, 0.91204299076, 0.018177610559, 0, 0],
      [0.22423893894, 0, 0.10372080881, 0.67204025224, 0, 0],
      [0.24214821041, 0.095238877249, 0.51245610799, 0.15015680435, 0, 0]
    ],
    [
      [0.29335400987, 0.00052594197287, 0.1278359225, 0.37076943418, 0.042910560762, 0.16460413072],
      [0.0016004034047, 0.56799493386, 0.36325182545, 0.0022843148764, 0.020337869363, 0.044530653046],
