{
  "Z_true": {},
  "V_true": [
    [84, 91, 948, 384],
    [815, 205, 14371, 937],
    [1485, 12369, 2042, 559],
    [1517, 261, 584, 74],
    [166, 288, 502, 332],
    [180, 264, 637, 440]
  ],
  "p_true": [
    [0.0557, 0.0604, 0.6291, 0.2548],
    [0.0499, 0.0126, 0.8801, 0.0574],
    [0.0902, 0.7517, 0.1241, 0.034],
    [0.6227, 0.1071, 0.2397, 0.0304],
    [0.1289, 0.2236, 0.3898, 0.2578],
    [0.1183, 0.1736, 0.4188, 0.2893]
  ],
  "Z_est": [
    [
      [8.4348, 7.9236, 6.39, 3.5784, 2.3004, 12.2688, 2.0448, 4.3452, 1.5336, 0, 0.7668, 5.8788, 5.112, 6.1344, 3.834, 10.4796, 8.4348, 12.2688, 9.7128, 4.6008, 3.3228, 13.2912, 22.7484, 8.4348, 3.5784, 2.8116, 5.8788, 1.7892, 7.4124, 12.78, 21.726, 7.1568, 6.6456, 10.9908, 3.0672, 4.3452, 5.6232, 14.8248, 3.3228, 4.3452, 4.6008, 1.7892, 1.0224, 12.5244, 3.3228, 18.4032, 0.7668, 19.9368, 2.0448, 31.4388, 9.2016],
      [5.3757, 5.0499, 4.0725, 2.2806, 1.4661, 7.8192, 1.3032, 2.7693, 0.9774, 0, 0.4887, 3.7467, 3.258, 3.9096, 2.4435, 6.6789, 5.3757, 7.8192, 6.1902, 2.9322, 2.1177, 8.4708, 14.4981, 5.3757, 2.2806, 1.7919, 3.7467, 1.1403, 4.7241, 8.145, 13.8465, 4.5612, 4.2354, 7.0047, 1.9548, 2.7693, 3.5838, 9.4482, 2.1177, 2.7693, 2.9322, 1.1403, 0.6516, 7.9821, 2.1177, 11.7288, 0.4887, 12.7062, 1.3032, 20.0367, 5.8644],
      [8.7186, 8.1902, 6.605, 3.6988, 2.3778, 12.6816, 2.1136, 4.4914, 1.5852, 0, 0.7926, 6.0766, 5.284, 6.3408, 3.963, 10.8322, 8.7186, 12.6816, 10.0396, 4.7556, 3.4346, 13.7384, 23.5138, 8.7186, 3.6988, 2.9062, 6.0766, 1.8494, 7.6618, 13.21, 22.457, 7.3976, 6.8692, 11.3606, 3.1704, 4.4914, 5.8124, 15.3236, 3.4346, 4.4914, 4.7556, 1.8494, 1.0568, 12.9458, 3.4346, 19.0224, 0.7926, 20.6076, 2.1136, 32.4966, 9.5112],
      [10.4676, 9.8332, 7.93, 4.4408, 2.8548, 15.2256, 2.5376, 5.3924, 1.9032, 0, 0.9516, 7.2956, 6.344, 7.6128, 4.758, 13.0052, 10.4676, 15.2256, 12.0536, 5.7096, 4.1236, 16.4944, 28.2308, 10.4676, 4.4408, 3.4892, 7.2956, 2.2204, 9.1988, 15.86, 26.962, 8.8816, 8.2472, 13.6396, 3.8064, 5.3924, 6.9784, 18.3976, 4.1236, 5.3924, 5.7096, 2.2204, 1.2688, 15.5428, 4.1236, 22.8384, 0.9516, 24.7416, 2.5376, 39.0156, 11.4192]
    ],
    [
      [13.332, 12.4872, 12.3288, 8.4744, 3.2208, 15.0216, 2.508, 9.3192, 0.6336, 0.396, 0.4752, 3.7752, 4.0656, 3.1152, 2.6664, 19.0344, 15.8136, 23.1, 14.6256, 1.716, 3.0096, 3.7488, 12.012, 13.9128, 5.676, 5.9664, 5.7816, 0.9504, 4.6728, 13.3584, 27.2712, 5.8608, 8.2104, 9.9264, 5.676, 12.3552, 9.7944, 22.0968, 5.016, 3.3264, 2.5872, 0.3696, 1.9008, 4.5936, 2.6136, 16.5792, 3.3264, 22.0176, 3.4848, 26.1888, 2.6664],
      [11.312, 10.5952, 10.4608, 7.1904, 2.7328, 12.7456, 2.128, 7.9072, 0.5376, 0.336, 0.4032, 3.2032, 3.4496, 2.6432, 2.2624, 16.1504, 13.4176, 19.6, 12.4096, 1.456, 2.5536, 3.1808, 10.192, 11.8048, 4.816, 5.0624, 4.9056, 0.8064, 3.9648, 11.3344, 23.1392, 4.9728, 6.9664, 8.4224, 4.816, 10.4832, 8.3104, 18.7488, 4.256, 2.8224, 2.1952, 0.3136, 1.6128, 3.8976, 2.2176, 14.0672, 2.8224, 18.6816, 2.9568, 22.2208, 2.2624],
      [466.822, 437.2412, 431.6948, 296.7324, 112.7768, 525.9836, 87.818, 326.3132, 22.1856, 13.866, 16.6392, 132.1892, 142.3576, 109.0792, 93.3644, 666.4924, 553.7156, 808.85, 512.1176, 60.086, 105.3816, 131.2648, 420.602, 487.1588, 198.746, 208.9144, 202.4436, 33.2784, 163.6188, 467.7464, 954.9052, 205.2168, 287.4884, 347.5744, 198.746, 432.6192, 342.9524, 773.7228, 175.636, 116.4744, 90.5912, 12.9416, 66.5568, 160.8456, 91.5156, 580.5232, 116.4744, 770.9496, 122.0208, 917.0048, 93.3644],
      [13.534, 12.6764, 12.5156, 8.6028, 3.2696, 15.2492, 2.546, 9.4604, 0.6432, 0.402, 0.4824, 3.8324, 4.1272, 3.1624, 2.7068, 19.3228, 16.0532, 23.45, 14.8472, 1.742, 3.0552, 3.8056, 12.194, 14.1236, 5.762, 6.0568, 5.8692, 0.9648, 4.7436, 13.5608, 27.6844, 5.9496, 8.3348, 10.0768, 5.762, 12.5424, 9.9428, 22.4316, 5.092, 3.3768, 2.6264, 0.3752, 1.9296, 4.6632, 2.6532, 16.8304, 3.3768, 22.3512, 3.5376, 26.5856, 2.7068]
    ],
    [
      [41.9528, 67.0512, 24.274, 17.3124, 14.1064, 53.0364, 5.1296, 42.9604, 1.5572, 0.916, 1.0076, 34.9912, 24.4572, 33.2508, 14.2896, 35.9072, 35.6324, 61.9216, 29.312, 16.1216, 17.0376, 48.09, 55.5096, 38.93, 12.6408, 8.6104, 15.8468, 2.8396, 7.1448, 67.784, 84.0888, 25.8312, 30.228, 38.5636, 19.3276, 24.8236, 22.2588, 61.372, 18.5032, 26.2892, 7.6944, 5.8624, 6.5952, 9.2516, 19.7856, 57.7996, 8.702, 100.1188, 12.0912, 88.0276, 10.4424],
      [338.0498, 540.2892, 195.5965, 139.5009, 113.6674, 427.3599, 41.3336, 346.1689, 12.5477, 7.381, 8.1191, 281.9542, 197.0727, 267.9303, 115.1436, 289.3352, 287.1209, 498.9556, 236.192, 129.9056, 137.2866, 387.5025, 447.2886, 313.6925, 101.8578, 69.3814, 127.6913, 22.8811, 57.5718, 546.194, 677.5758, 208.1442, 243.573, 310.7401, 155.7391, 200.0251, 179.3583, 494.527, 149.0962, 211.8347, 62.0004, 47.2384, 53.1432, 74.5481, 159.4296, 465.7411, 70.1195, 806.7433, 97.4292, 709.3141, 84.1434],
      [65.6772, 104.9688, 38.001, 27.1026, 22.0836, 83.0286, 8.0304, 67.2546, 2.4378, 1.434, 1.5774, 54.7788, 38.2878, 52.0542, 22.3704, 56.2128, 55.7826, 96.9384, 45.888, 25.2384, 26.6724, 75.285, 86.9004, 60.945, 19.7892, 13.4796, 24.8082, 4.4454, 11.1852, 106.116, 131.6412, 40.4388, 47.322, 60.3714, 30.2574, 38.8614, 34.8462, 96.078, 28.9668, 41.1558, 12.0456, 9.1776, 10.3248, 14.4834, 30.9744, 90.4854, 13.623, 156.7362, 18.9288, 137.8074, 16.3476],
      [12.366, 19.764, 7.155, 5.103, 4.158, 15.633, 1.512, 12.663, 0.459, 0.27, 0.297, 10.314, 7.209, 9.801, 4.212, 10.584, 10.503, 18.252, 8.64, 4.752, 5.022, 14.175, 16.362, 11.475, 3.726, 2.538, 4.671, 0.837, 2.106, 19.98, 24.786, 7.614, 8.91, 11.367, 5.697, 7.317, 6.561, 18.09, 5.454, 7.749, 2.268, 1.728, 1.944, 2.727, 5.832, 17.037, 2.565, 29.511, 3.564, 25.947, 3.078]
    ],
    [
      [33.3392, 35.3296, 33.3392, 13.4352, 8.9568, 28.8608, 2.488, 21.8944, 0.4976, 0.9952, 0.4976, 13.9328, 12.9376, 22.392, 6.4688, 49.76, 53.2432, 51.2528, 32.344, 5.4736, 11.9424, 9.952, 46.7744, 33.3392, 16.9184, 9.952, 17.416, 2.488, 14.4304, 33.8368, 101.5104, 25.3776, 36.8224, 35.3296, 12.44, 15.9232, 23.8848, 42.296, 11.4448, 14.4304, 9.4544, 4.4784, 11.9424, 16.9184, 9.4544, 56.2288, 7.464, 78.6208, 10.4496, 54.2384, 8.9568],
      [7.9127, 8.3851, 7.9127, 3.1887, 2.1258, 6.8498, 0.5905, 5.1964, 0.1181, 0.2362, 0.1181, 3.3068, 3.0706, 5.3145, 1.5353, 11.81, 12.6367, 12.1643, 7.6765, 1.2991, 2.8344, 2.362, 11.1014, 7.9127, 4.0154, 2.362, 4.1335, 0.5905, 3.4249, 8.0308, 24.0924, 6.0231, 8.7394, 8.3851, 2.9525, 3.7792, 5.6688, 10.0385, 2.7163, 3.4249, 2.2439, 1.0629, 2.8344, 4.0154, 2.2439, 13.3453, 1.7715, 18.6598, 2.4801, 12.8729, 2.1258],
      [12.5223, 13.2699, 12.5223, 5.0463, 3.3642, 10.8402, 0.9345, 8.2236, 0.1869, 0.3738, 0.1869, 5.2332, 4.8594, 8.4105, 2.4297, 18.69, 19.9983, 19.2507, 12.1485, 2.0559, 4.4856, 3.738, 17.5686, 12.5223, 6.3546, 3.738, 6.5415, 0.9345, 5.4201, 12.7092, 38.1276, 9.5319, 13.8306, 13.2699, 4.6725, 5.9808, 8.9712, 15.8865, 4.2987, 5.4201, 3.5511, 1.6821, 4.4856, 6.3546, 3.5511, 21.1197, 2.8035, 29.5302, 3.9249, 20.3721, 3.3642],
      [13.2325, 14.0225, 13.2325, 5.3325, 3.555, 11.455, 0.9875, 8.69, 0.1975, 0.395, 0.1975, 5.53, 5.135, 8.8875, 2.5675, 19.75, 21.1325, 20.3425, 12.8375, 2.1725, 4.74, 3.95, 18.565, 13.2325, 6.715, 3.95, 6.9125, 0.9875, 5.7275, 13.43, 40.29, 10.0725, 14.615, 14.0225, 4.9375, 6.32, 9.48, 16.7875, 4.5425, 5.7275, 3.7525, 1.7775, 4.74, 6.715, 3.7525, 22.3175, 2.9625, 31.205, 4.1475, 21.5275, 3.555]
    ],
    [
      [5.5998, 9.333, 4.148, 3.7332, 1.8666, 13.6884, 1.6592, 6.0146, 0.4148, 0.2074, 0, 2.4888, 2.4888, 2.2814, 1.8666, 6.0146, 6.6368, 9.1256, 4.7702, 1.037, 1.8666, 3.5258, 13.0662, 9.9552, 9.333, 3.3184, 4.9776, 1.4518, 1.6592, 11.8218, 16.3846, 3.9406, 6.4294, 10.9922, 2.6962, 3.3184, 6.0146, 14.7254, 2.4888, 3.9406, 1.2444, 0.8296, 0.6222, 1.6592, 1.6592, 7.259, 0.6222, 21.777, 2.4888, 12.444, 1.2444],
      [4.5333, 7.5555, 3.358, 3.0222, 1.5111, 11.0814, 1.3432, 4.8691, 0.3358, 0.1679, 0, 2.0148, 2.0148, 1.8469, 1.5111, 4.8691, 5.3728, 7.3876, 3.8617, 0.8395, 1.5111, 2.8543, 10.5777, 8.0592, 7.5555, 2.6864, 4.0296, 1.1753, 1.3432, 9.5703, 13.2641, 3.1901, 5.2049, 8.8987, 2.1827, 2.6864, 4.8691, 11.9209, 2.0148, 3.1901, 1.0074, 0.6716, 0.5037, 1.3432, 1.3432, 5.8765, 0.5037, 17.6295, 2.0148, 10.074, 1.0074],
      [7.5114, 12.519, 5.564, 5.0076, 2.5038, 18.3612, 2.2256, 8.0678, 0.5564, 0.2782, 0, 3.3384, 3.3384, 3.0602, 2.5038, 8.0678, 8.9024, 12.2408, 6.3986, 1.391, 2.5038, 4.7294, 17.5266, 13.3536, 12.519, 4.4512, 6.6768, 1.9474, 2.2256, 15.8574, 21.9778, 5.2858, 8.6242, 14.7446, 3.6166, 4.4512, 8.0678, 19.7522, 3.3384, 5.2858, 1.6692, 1.1128, 0.8346, 2.2256, 2.2256, 9.737, 0.8346, 29.211, 3.3384, 16.692, 1.6692],
      [9.3555, 15.5925, 6.93, 6.237, 3.1185, 22.869, 2.772, 10.0485, 0.693, 0.3465, 0, 4.158, 4.158, 3.8115, 3.1185, 10.0485, 11.088, 15.246, 7.9695, 1.7325, 3.1185, 5.8905, 21.8295, 16.632, 15.5925, 5.544, 8.316, 2.4255, 2.772, 19.7505, 27.3735, 6.5835, 10.7415, 18.3645, 4.5045, 5.544, 10.0485, 24.6015, 4.158, 6.5835, 2.079, 1.386, 1.0395, 2.772, 2.772, 12.1275, 1.0395, 36.3825, 4.158, 20.79, 2.079]
    ],
    [
      [12.054, 9.408, 7.35, 7.938, 4.116, 16.464, 0.588, 7.644, 0.882, 0.294, 0.294, 6.468, 3.528, 5.292, 3.528, 15.582, 17.934, 22.932, 8.232, 4.41, 4.998, 4.116, 16.758, 14.7, 5.586, 4.116, 7.056, 0.294, 4.998, 13.818, 34.692, 9.114, 12.642, 12.642, 7.35, 12.054, 6.468, 17.052, 3.528, 4.704, 4.41, 0.294, 2.352, 2.646, 4.704, 19.698, 2.646, 24.99, 5.88, 24.99, 2.94],
      [6.8593, 5.3536, 4.1825, 4.5171, 2.3422, 9.3688, 0.3346, 4.3498, 0.5019, 0.1673, 0.1673, 3.6806, 2.0076, 3.0114, 2.0076, 8.8669, 10.2053, 13.0494, 4.6844, 2.5095, 2.8441, 2.3422, 9.5361, 8.365, 3.1787, 2.3422, 4.0152, 0.1673, 2.8441, 7.8631, 19.7414, 5.1863, 7.1939, 7.1939, 4.1825, 6.8593, 3.6806, 9.7034, 2.0076, 2.6768, 2.5095, 0.1673, 1.3384, 1.5057, 2.6768, 11.2091, 1.5057, 14.2205, 3.346, 14.2205, 1.673],
      [10.127, 7.904, 6.175, 6.669, 3.458, 13.832, 0.494, 6.422, 0.741, 0.247, 0.247, 5.434, 2.964, 4.446, 2.964, 13.091, 15.067, 19.266, 6.916, 3.705, 4.199, 3.458, 14.079, 12.35, 4.693, 3.458, 5.928, 0.247, 4.199, 11.609, 29.146, 7.657, 10.621, 10.621, 6.175, 10.127, 5.434, 14.326, 2.964, 3.952, 3.705, 0.247, 1.976, 2.223, 3.952, 16.549, 2.223, 20.995, 4.94, 20.995, 2.47],
      [11.9638, 9.3376, 7.295, 7.8786, 4.0852, 16.3408, 0.5836, 7.5868, 0.8754, 0.2918, 0.2918, 6.4196, 3.5016, 5.2524, 3.5016, 15.4654, 17.7998, 22.7604, 8.1704, 4.377, 4.9606, 4.0852, 16.6326, 14.59, 5.5442, 4.0852, 7.0032, 0.2918, 4.9606, 13.7146, 34.4324, 9.0458, 12.5474, 12.5474, 7.295, 11.9638, 6.4196, 16.9244, 3.5016, 4.6688, 4.377, 0.2918, 2.3344, 2.6262, 4.6688, 19.5506, 2.6262, 24.803, 5.836, 24.803, 2.918]
    ]
  ],
  "V_est": [
    [385.1892, 245.4903, 398.1494, 478.0204],
    [431.0592, 365.7472, 15093.6032, 437.5904],
    [1507.278, 12145.4355, 2359.647, 444.285],
    [1212.1536, 287.6916, 455.2884, 481.11],
    [267.1312, 216.2552, 358.3216, 446.292],
    [447.174, 254.4633, 375.687, 443.8278]
  ],
  "p_est": [
    [0.2556, 0.1629, 0.2642, 0.3172],
    [0.0264, 0.0224, 0.9244, 0.0268],
    [0.0916, 0.7381, 0.1434, 0.027],
    [0.4976, 0.1181, 0.1869, 0.1975],
    [0.2074, 0.1679, 0.2782, 0.3465],
    [0.294, 0.1673, 0.247, 0.2918]
  ],
  "EI_Z": {},
  "EI_V": 6.8098,
  "MAE_Z": {},
  "MAE_V": 224.3547,
  "MAE_p": 0.0802,
  "runtime": 134.052
}
