{
  "X": [
    [51, 435, 350, 68, 106],
    [10, 87, 92, 7, 16],
    [3, 12, 8, 1, 6],
    [2, 33, 91, 3, 3],
    [3, 38, 125, 16, 9],
    [25, 158, 612, 33, 59],
    [7, 45, 64, 7, 8],
    [0, 5, 12, 0, 3],
    [2, 9, 37, 2, 0],
    [43, 426, 309, 32, 84],
    [36, 403, 438, 28, 96],
    [52, 375, 701, 45, 82],
    [11, 115, 193, 16, 25],
    [1, 15, 10, 1, 6],
    [3, 11, 9, 1, 3],
    [13, 151, 287, 28, 29],
    [29, 363, 796, 30, 85],
    [0, 19, 27, 0, 3],
    [48, 533, 1096, 69, 102],
    [7, 51, 188, 9, 7],
    [4, 54, 176, 8, 19],
    [17, 139, 404, 20, 46],
    [17, 175, 324, 9, 26],
    [6, 136, 294, 27, 39],
    [6, 28, 7, 2, 1],
    [3, 12, 9, 0, 1],
    [1, 26, 24, 2, 3],
    [2, 15, 32, 1, 2],
    [3, 44, 160, 8, 7],
    [125, 1153, 1591, 76, 122],
    [57, 670, 1098, 57, 94],
    [27, 328, 276, 8, 28],
    [30, 187, 287, 10, 36],
    [6, 97, 54, 4, 12],
    [2, 47, 32, 2, 7],
    [0, 5, 2, 0, 0],
    [1, 22, 14, 1, 9],
    [11, 73, 124, 9, 18],
    [11, 71, 224, 26, 35],
    [1, 7, 10, 0, 2],
    [3, 19, 8, 0, 3],
    [1, 7, 51, 2, 8],
    [1, 5, 37, 2, 2],
    [31, 321, 238, 20, 64],
    [28, 356, 269, 33, 76],
    [14, 114, 84, 19, 12],
    [38, 266, 409, 20, 65],
    [8, 42, 71, 1, 10],
    [2, 6, 28, 0, 2],
    [6, 20, 78, 7, 12],
    [1, 5, 37, 1, 4],
    [6, 21, 92, 6, 10],
    [20, 167, 330, 29, 31],
    [0, 18, 73, 2, 4],
    [1, 23, 82, 4, 9],
    [1, 1, 2, 0, 2],
    [11, 95, 118, 7, 15],
    [10, 82, 90, 7, 20],
    [9, 82, 80, 8, 13],
    [1, 8, 13, 0, 1],
    [42, 341, 274, 23, 33],
    [11, 153, 239, 19, 26],
    [26, 321, 215, 14, 29],
    [36, 178, 316, 13, 49],
    [37, 228, 215, 7, 18],
    [2, 5, 19, 0, 2],
    [12, 110, 333, 4, 38],
    [167, 1319, 3116, 250, 368],
    [106, 821, 1927, 157, 252]
  ],
  "W": [
    [64, 34, 417, 430, 65],
    [20, 6, 98, 78, 10],
    [2, 1, 10, 14, 3],
    [6, 8, 85, 25, 8],
    [6, 5, 134, 40, 6],
    [26, 30, 604, 159, 68],
    [2, 0, 71, 52, 6],
    [0, 0, 12, 5, 3],
    [0, 0, 41, 7, 2],
    [64, 22, 350, 408, 50],
    [53, 23, 484, 387, 54],
    [65, 56, 688, 342, 104],
    [20, 13, 202, 100, 25],
    [1, 1, 13, 18, 0],
    [2, 0, 11, 13, 1],
    [17, 17, 292, 143, 39],
    [45, 39, 798, 337, 84],
    [1, 0, 27, 13, 8],
    [71, 67, 1083, 480, 147],
    [9, 12, 173, 48, 20],
    [10, 16, 154, 52, 29],
    [17, 21, 390, 139, 59],
    [29, 14, 317, 157, 34],
    [18, 14, 288, 115, 67],
    [5, 1, 10, 26, 2],
    [4, 0, 10, 10, 1],
    [2, 0, 26, 24, 4],
    [0, 2, 30, 14, 6],
    [3, 2, 164, 44, 9],
    [181, 112, 1614, 987, 173],
    [107, 74, 1064, 582, 149],
    [62, 27, 281, 264, 33],
    [46, 20, 290, 159, 35],
    [13, 3, 54, 86, 17],
    [6, 0, 30, 50, 4],
    [2, 0, 2, 2, 1],
    [4, 1, 16, 22, 4],
    [11, 4, 126, 72, 22],
    [11, 17, 215, 73, 51],
    [1, 0, 10, 8, 1],
    [1, 0, 12, 16, 4],
    [1, 1, 52, 7, 8],
    [2, 0, 37, 4, 4],
    [31, 10, 274, 315, 44],
    [36, 17, 309, 345, 55],
    [11, 7, 93, 122, 10],
    [44, 19, 409, 260, 66],
    [0, 1, 66, 50, 15],
    [2, 3, 24, 3, 6],
    [4, 8, 74, 21, 16],
    [1, 2, 30, 8, 7],
    [4, 1, 93, 22, 15],
    [14, 21, 335, 162, 45],
    [0, 2, 71, 13, 11],
    [5, 2, 83, 19, 10],
    [0, 0, 4, 1, 1],
    [16, 6, 126, 78, 20],
    [11, 4, 101, 73, 20],
    [12, 1, 84, 82, 13],
    [0, 0, 15, 7, 1],
    [52, 17, 316, 275, 53],
    [18, 20, 247, 129, 34],
    [50, 20, 239, 246, 50],
    [33, 22, 306, 167, 64],
    [43, 11, 218, 201, 32],
    [1, 2, 17, 5, 3],
    [22, 52, 296, 92, 35],
    [172, 162, 3142, 1324, 420],
    [88, 112, 1909, 841, 313]
  ],
  "method": "mvn_cdf",
  "mvncdf_method": "genz",
  "mvncdf_samples": 5000,
  "mvncdf_error": 0.001,
  "cond_prob": [
    [
      [0.14914261092, 0.83500693792, 0.0087419728283, 0, 0.0071084783386],
      [0.019176801051, 0.17050600931, 0.64746703618, 0.075350101455, 0.08750005201],
      [0.01801308516, 0.10871719186, 0.69172039975, 0.10181163978, 0.079737683445],
      [0.070725293984, 0.74881266298, 0.03339133516, 0.03275244875, 0.11431825912],
      [0.04430044216, 0.12981288563, 0.37878390298, 0.13690907384, 0.31019369538]
    ],
    [
      [0.14060864539, 0.84315032824, 0.0086533630609, 0.00072988498677, 0.0068577783241],
      [0.013147902232, 0.12645051935, 0.78174024542, 0.02600947123, 0.052651861769],
      [0.014055709439, 0.073439223275, 0.81572842656, 0.043039414528, 0.053737226203],
      [0.068698461026, 0.78207681264, 0.020943562534, 0.026030089376, 0.10225107442],
      [0.037300019377, 0.11792550519, 0.55615075862, 0.058113587781, 0.23051012904]
    ],
    [
      [0.30239663939, 0.68307879349, 0.0067660188704, 0.0022997663902, 0.0054587818553],
      [0.041116160166, 0.16602833901, 0.56471552604, 0.024562365183, 0.20357760961],
      [0.035341551364, 0.11793886767, 0.63106974796, 0.04927605498, 0.16637377802],
      [0.1277107694, 0.64306241386, 0.032985046716, 0.026963684716, 0.16927808531],
      [0.070908091954, 0.095183867769, 0.21642143419, 0.033528655407, 0.58395795068]
    ],
    [
      [0.08314476379, 0.89869322862, 0.015303162574, 0.00018097265389, 0.0026778723625],
      [0.0052445953556, 0.091825229596, 0.86882638623, 0.015464195171, 0.018639593645],
      [0.0037324039821, 0.057167762405, 0.90648773301, 0.023822807267, 0.0087892933323],
      [0.039915447274, 0.84790544913, 0.040120826329, 0.020811472841, 0.051246804428],
      [0.018004266761, 0.10204284486, 0.73788649629, 0.041246895504, 0.10081949659]
    ],
    [
      [0.11060801668, 0.85965568489, 0.022218105528, 0, 0.0075181929044],
      [0.0048256090078, 0.06067993176, 0.83291629554, 0.072359338175, 0.029218825519],
      [0.0031976037252, 0.035619176843, 0.85662200477, 0.075072377263, 0.029488837399],
      [0.044934793329, 0.68526716244, 0.054633118912, 0.11370344058, 0.10146148474],
      [0.014392203752, 0.059168339573, 0.62157274891, 0.17172785546, 0.1331388523]
    ],
    [
      [0.17943008314, 0.79208477619, 0.019152518068, 0.0003948730836, 0.0089377495201],
      [0.0093626828335, 0.066388435389, 0.85970658552, 0.02385375183, 0.040688544425],
      [0.0084816629948, 0.032639213619, 0.88317370465, 0.036856931554, 0.038848487185],
      [0.08173132736, 0.69952511786, 0.04674074879, 0.038573487366, 0.13342931863],
      [0.028466644915, 0.065817117539, 0.6594432397, 0.057049258755, 0.18922373909]
    ],
    [
      [0.20435664783, 0.77931399022, 0.010803520001, 0.00043505456865, 0.0050907873826],
      [0.015972599754, 0.099936468049, 0.81114632614, 0.037134166542, 0.035810439517],
      [0.01533217913, 0.056710478956, 0.83104191278, 0.059766867426, 0.037148561704],
      [0.10028943866, 0.74673080003, 0.026170690084, 0.0428915353, 0.083917535926],
      [0.047941862601, 0.097487735382, 0.60225687801, 0.087553744666, 0.16475977934]
    ],
    [
      [0.02579325808, 0.95598754486, 0.0094292095661, 6.0549634965e-05, 0.0087294378614],
      [0.0022974056562, 0.093731785039, 0.831735652, 0.006489836313, 0.065745320992],
      [0, 0.045581961622, 0.85303817093, 0, 0.10137986745],
      [0, 0.82876049603, 0.016536003098, 0, 0.15470350087],
      [0, 0.1030713268, 0.56028731114, 0, 0.33664136207]
    ],
    [
      [0.20918544656, 0.77999372401, 0.0089614099999, 0.00015973250441, 0.0016996869177],
      [0.017620262226, 0.11285002297, 0.83459340632, 0.02016574881, 0.014770559678],
      [0.019889238948, 0.072834127289, 0.86472601968, 0.04255061408, 0],
      [0.13073112269, 0.82390474123, 0.024170170224, 0.021193965852, 0],
      [0.13471167214, 0.12323379627, 0.68852100071, 0.053533530881, 0]
    ],
    [
      [0.13375638598, 0.85269736618, 0.0070699810184, 0.00028762790877, 0.0061886389137],
      [0.017178525178, 0.17658207732, 0.69756077144, 0.032880009022, 0.075798617035],
      [0.016132136401, 0.10908852746, 0.74940358139, 0.052957740944, 0.072418013807],
      [0.064286376645, 0.78919161873, 0.02093122235, 0.023116943876, 0.10247383839],
      [0.043731486635, 0.14742795616, 0.44739984079, 0.065826183669, 0.29561453275]
    ],
    [
      [0.12088642492, 0.86280813059, 0.0087351139241, 0.00012800166893, 0.0074423288987],
      [0.01258246567, 0.14487304279, 0.74658853383, 0.023203966542, 0.072751991164],
      [0.011638190148, 0.091683801478, 0.7940283175, 0.036268517785, 0.066381173084],
      [0.056521444022, 0.78233617404, 0.023721376138, 0.018864672293, 0.11855633351],
      [0.033276664821, 0.12592647827, 0.49769674901, 0.048239516585, 0.29486059131]
    ],
    [
      [0.16852130863, 0.81350074645, 0.011711384346, 0.00030069681297, 0.005965863761],
      [0.013439166018, 0.10479045336, 0.81512335547, 0.025515973445, 0.041131051706],
      [0.011925254547, 0.063544611725, 0.84434691813, 0.039931851674, 0.04025136392],
      [0.081667864981, 0.76577294174, 0.029585754902, 0.028866986218, 0.094106452155],
      [0.039985929714, 0.10231872259, 0.6111811948, 0.059672470732, 0.18684168217]
    ],
    [
      [0.1200699112, 0.86300180972, 0.010163810634, 0.00043281337297, 0.0063316550762],
      [0.010358694194, 0.11947890134, 0.79113707172, 0.032387575052, 0.046637757697],
      [0.010048148299, 0.07133215749, 0.82010457885, 0.051581857271, 0.046933258087],
      [0.056850478038, 0.78940545432, 0.024554357183, 0.033058209288, 0.096131501177],
      [0.029966599649, 0.11348387376, 0.57581524834, 0.073797966373, 0.20693631189]
    ],
    [
      [0.087563508185, 0.88991147089, 0.0058287235553, 0.00075922211785, 0.01593707525],
      [0.0095607343012, 0.14954524765, 0.62786013068, 0.021803719096, 0.19123016828],
      [0.013269828833, 0.10606767854, 0.68514521777, 0.042080752255, 0.1534365226],
      [0.040575999038, 0.69898130336, 0.025523517486, 0.023910404415, 0.2110087757],
      [0.016902372799, 0.089205273975, 0.25338368297, 0.029574404265, 0.61093426599]
    ],
    [
      [0.34285815368, 0.64279109858, 0.0028176552722, 0.0026457777473, 0.0088873147216],
      [0.036197946081, 0.12262774735, 0.74651727324, 0.02199852578, 0.072658507554],
      [0.018505486678, 0.069983022498, 0.77688159609, 0.048634114905, 0.085995779831],
      [0.15490299419, 0.67995120784, 0.00092395007823, 0.031838425248, 0.13238342265],
      [0.096984414699, 0.10523885349, 0.43665578147, 0.045833652322, 0.31528729802]
    ],
    [
      [0.11592206179, 0.86564751354, 0.012665521969, 0.00027493117316, 0.0054899715312],
      [0.008540375215, 0.10296958644, 0.8132221905, 0.039924820007, 0.035343027844],
      [0.0074029923912, 0.062664114154, 0.83702233715, 0.058757972237, 0.034152584073],
      [0.053991471817, 0.78511165011, 0.031751126725, 0.045269476231, 0.083876275117],
      [0.02568421341, 0.1016569744, 0.61561475179, 0.094506185535, 0.16253787486]
    ],
    [
      [0.11182639745, 0.8669932957, 0.014308871824, 1.3388594691e-05, 0.0068580464248],
      [0.0075923675055, 0.095781122617, 0.83872814665, 0.017324752321, 0.04057361091],
      [0.0053662058977, 0.058766816303, 0.8722157952, 0.02362335079, 0.04002783181],
      [0.051719018449, 0.78710344286, 0.036041885295, 0.020656051843, 0.10447960155],
      [0.023335336406, 0.096429264967, 0.64846884685, 0.041800104417, 0.18996644736]
    ],
    [
      [0, 0.99210270772, 0.0053477906884, 0, 0.0025495015958],
      [0.0045527451006, 0.23438772803, 0.72025045812, 0.0083481142286, 0.032460954525],
      [0, 0.13632497532, 0.82045076341, 0, 0.043224261271],
      [0, 0.93720085897, 0.022397434912, 0, 0.040401706118],
      [0, 0.26793897401, 0.56891436792, 0, 0.16314665807]
    ],
    [
      [0.11953028014, 0.86175158544, 0.013054628289, 0.00031126184739, 0.0053522442838],
      [0.0087669875743, 0.10241427315, 0.82865710618, 0.025626997221, 0.034534635873],
      [0.0071721000817, 0.062440439646, 0.85789192851, 0.039999326538, 0.032496205227],
      [0.056626442284, 0.79601982413, 0.032772824518, 0.030851370711, 0.083729538357],
      [0.027060443929, 0.10368278513, 0.64438898596, 0.062129000087, 0.1627387849]
    ],
    [
      [0.15605032003, 0.81793285124, 0.021493006528, 0.00045663827886, 0.0040671839286],
      [0.0075443260594, 0.062525828227, 0.89020957109, 0.020805790276, 0.018914484343],
      [0.0081715410682, 0.028926461372, 0.92125919821, 0.033637402723, 0.0080053966275],
      [0.074758954326, 0.76070763913, 0.056414037424, 0.038140233566, 0.069979135555],
      [0.025145439728, 0.068502495234, 0.75191665007, 0.054810944498, 0.099624470466]
    ],
    [
      [0.10615753964, 0.86188442193, 0.022072024038, 0.00037128234195, 0.0095147320488],
      [0.0044628254601, 0.06220679427, 0.87613734527, 0.019136943687, 0.038056091316],
      [0.00058955259444, 0.029129613799, 0.90227108767, 0.029676813654, 0.038332932286],
      [0.045300731897, 0.73196546542, 0.052665864618, 0.033666604764, 0.1364013333],
      [0.014503111658, 0.063368356744, 0.69216240602, 0.047213907833, 0.18275221775]
    ],
    [
      [0.14924789115, 0.82537100577, 0.016789755128, 0.00027878387424, 0.0083125640788],
      [0.0087177679236, 0.077446216074, 0.85061881817, 0.020911251521, 0.042305946308],
      [0.0081662237842, 0.042728914115, 0.87625077059, 0.031813421327, 0.041040670186],
      [0.06859204466, 0.73489438591, 0.041250319102, 0.030255218848, 0.12500803148],
      [0.026450698992, 0.076741122331, 0.65050820504, 0.049888383977, 0.19641158966]
    ],
    [
      [0.12522847377, 0.85546353165, 0.014596565405, 0, 0.0047114291734],
      [0.0087217878294, 0.095597704387, 0.85218933338, 0.014147079377, 0.029344095023],
      [0.0084275719679, 0.05868144977, 0.88977988238, 0.016212328098, 0.026898767781],
      [0.061282991257, 0.80775773585, 0.038876011494, 0.015577104131, 0.07650615727],
      [0.028038214405, 0.10097663575, 0.69065565929, 0.035794927448, 0.14453456311]
    ],
    [
      [0.078805962554, 0.90150249465, 0.012379240572, 0.00034325977145, 0.0069690424545],
      [0.005612621785, 0.10858966997, 0.80415655652, 0.036807841066, 0.04483331066],
      [0, 0.06788365976, 0.83101007987, 0.055957953696, 0.045148306677],
      [0.029931671351, 0.79709084705, 0.029859611934, 0.040742642223, 0.10237522744],
      [0.015832444235, 0.1050262432, 0.59334661947, 0.084734582524, 0.20106011057]
    ],
    [
      [0.29187409516, 0.70089167695, 0.004315236331, 0.0029189915632, 0],
      [0.087969285534, 0.35345559486, 0.46549005715, 0.051748591942, 0.041336470514],
      [0.072000848772, 0.24485787924, 0.54946903708, 0.095245899999, 0.038426334906],
      [0.1270773257, 0.81311543556, 0.019480859063, 0.030171825299, 0.010154554378],
      [0.21432064133, 0.27625295175, 0.25587052739, 0.098364996237, 0.1551908833]
    ],
    [
      [0.27513798918, 0.71676394416, 0.0027019242631, 0, 0.0053961423971],
      [0.034050528379, 0.15335887942, 0.77731905295, 0.0065882120686, 0.028683327182],
      [0.033876569885, 0.096187014533, 0.83345902975, 0, 0.036477385829],
      [0.14337513948, 0.80104237379, 0.0087191558839, 0, 0.046863330843],
      [0.1269309496, 0.16065034014, 0.56741044658, 0, 0.14500826369]
    ],
    [
      [0.060866153451, 0.9282455471, 0.0064355786195, 0.00082082699369, 0.0036318938403],
      [0.0067448763301, 0.15943051766, 0.77795631664, 0.022667522491, 0.033200766881],
      [0.0044577188321, 0.093638962783, 0.81998954057, 0.044723403225, 0.037190374592],
      [0.028282854453, 0.87737140786, 0.011755262941, 0.025264804861, 0.057325669887],
      [0.02089462415, 0.16299552122, 0.59631861935, 0.057298636371, 0.16249259891]
    ],
    [
      [0.13311346246, 0.85479124049, 0.0091595955134, 0.0001059920415, 0.0028297094988],
      [0.012530953981, 0.12019088958, 0.83093696673, 0.012767799143, 0.023573390566],
      [0.023968454406, 0.070124873467, 0.86611084934, 0.020171157269, 0.019624665515],
      [0.071928456423, 0.84856089755, 0.021455413245, 0.012264576923, 0.045790655861],
      [0.041481011655, 0.12933657519, 0.6757374668, 0.032937601121, 0.12050734523]
    ],
    [
      [0.10244230207, 0.87231582113, 0.019902216833, 0.00039206795482, 0.0049475920106],
      [0.0050527823887, 0.069278471833, 0.88190301046, 0.021592065476, 0.022173669842],
      [0.0028026956102, 0.035815294895, 0.91029193141, 0.035378935369, 0.015711142718],
      [0.047086326647, 0.78845257558, 0.051057224509, 0.037357226004, 0.076046647264],
      [0.016791897385, 0.075430433871, 0.73801029991, 0.056641813395, 0.11312555544]
    ],
    [
      [0.13928444588, 0.84805104541, 0.0097494208931, 0, 0.0029150878079],
      [0.013888611812, 0.136219602, 0.79991752018, 0.019972930745, 0.030001335266],
      [0.013130210418, 0.087210444764, 0.84559035703, 0.029654105976, 0.024414881808],
      [0.070517870196, 0.83026176877, 0.026905205269, 0.017682209333, 0.054632946433],
      [0.043009787706, 0.1388447499, 0.626048085, 0.048837942772, 0.14325943463]
    ],
    [
      [0.11400400131, 0.86935197353, 0.012323007756, 0.00012993729887, 0.0041910801097],
      [0.0089996204319, 0.11133244676, 0.82793725831, 0.021042637206, 0.030688037293],
      [0.0074155576173, 0.069949020096, 0.86364850223, 0.031961975718, 0.027024944335],
      [0.055021571749, 0.81988315446, 0.032043274259, 0.023481108824, 0.069570890705],
      [0.028341556278, 0.1150535872, 0.65666368497, 0.052049624534, 0.14789154702]
    ],
    [
      [0.10739238211, 0.88211507131, 0.0082488035337, 0, 0.0022437430452],
      [0.0140515556, 0.18341183111, 0.75277870012, 0.014843172019, 0.034914741144],
      [0.013937512512, 0.11890898609, 0.81763954704, 0.018086614227, 0.031427340127],
      [0.055463183553, 0.86709055466, 0.024334981799, 0.0050174467629, 0.048093833226],
      [0.04253208589, 0.1827701399, 0.57522428375, 0.036129994311, 0.16334349615]
    ],
    [
      [0.19063018862, 0.79310055332, 0.010413525107, 0, 0.0058557329528],
      [0.017342986679, 0.11719853034, 0.80469777052, 0.016160094433, 0.044600618028],
      [0.013962963536, 0.074177094375, 0.84534608644, 0.021129887452, 0.045383968198],
      [0.094588974087, 0.77163785535, 0.027604746831, 0.014046174597, 0.092122249133],
      [0.051292722418, 0.11347507345, 0.59678578919, 0.03759397112, 0.20085244383]
    ],
    [
      [0.08707986492, 0.90293154711, 0.0057934797858, 9.1788396765e-05, 0.0041033197868],
      [0.012444939159, 0.20741676573, 0.70986941041, 0.022000612758, 0.048268271938],
      [0.011095292568, 0.13006229601, 0.77316240843, 0.035664068402, 0.050015934591],
      [0.042163783369, 0.86407364195, 0.016487284214, 0.013547039139, 0.063728251329],
      [0.03561151589, 0.19446719991, 0.50743529611, 0.049523520758, 0.21296246734]
    ],
    [
      [0.077610322688, 0.89804396681, 0.016478948741, 0.00050519541343, 0.0073615663456],
      [0.004192928644, 0.076767121734, 0.87459514659, 0.013746495048, 0.030698307983],
      [0, 0.042768384648, 0.90021788189, 0.022661798888, 0.034351934572],
      [0.029623053515, 0.79996382479, 0.04099583963, 0.023481140833, 0.10593614123],
      [0.013296347027, 0.082623355004, 0.71119946733, 0.035764454808, 0.15711637583]
    ],
    [
      [0, 0.97057376358, 0.029426236415, 0, 0],
      [0.0047268621215, 0.44791098913, 0.53481632254, 0.0017222394929, 0.010823586718],
      [0, 0.25717813751, 0.74282186249, 0, 0],
      [0, 0.97008765529, 0.029912344707, 0, 0],
      [0, 0.60432088723, 0.39567911277, 0, 0]
    ],
    [
      [0.070983383254, 0.91011848689, 0.01082022976, 0.0011268390042, 0.0069510610943],
      [0.0073693367061, 0.1498720601, 0.63913036776, 0.017548727517, 0.18607950792],
      [0.0053291730209, 0.11815977191, 0.70561866668, 0.031784517926, 0.13910787047],
      [0.025852504455, 0.72395964962, 0.039896755432, 0.016586995468, 0.19370409503],
      [0.013668815986, 0.097996337538, 0.28749035672, 0.026119432342, 0.57472505741]
    ],
    [
      [0.18039758852, 0.80139394877, 0.01108436922, 0.00048771844124, 0.0066363750438],
      [0.014222735012, 0.10227862717, 0.81232110356, 0.026005084278, 0.045172449985],
      [0.013899039769, 0.059400335023, 0.83784119504, 0.04279210962, 0.046067320549],
      [0.0873131034, 0.75188878705, 0.026933674382, 0.030196727925, 0.10366770725],
      [0.041859687751, 0.097959871571, 0.59643510882, 0.060211115333, 0.20353421653]
    ],
    [
      [0.17031640525, 0.80198982047, 0.016751497936, 5.1712144241e-05, 0.010890564195],
      [0.0098186605362, 0.073515583929, 0.8096140255, 0.05225765291, 0.054794077128],
      [0.010460352795, 0.042111481754, 0.82963513183, 0.066842255564, 0.050950778054],
      [0.073012834744, 0.66440720809, 0.040677892999, 0.068594692584, 0.15330737158],
      [0.027072343644, 0.066130436866, 0.56296579522, 0.11240301102, 0.23142841325]
    ],
    [
      [0.12778384286, 0.85011529928, 0.011979092239, 0, 0.010121765622],
      [0.0057971972498, 0.062743721058, 0.89155077184, 0.005097834999, 0.034810474851],
      [0.024435111644, 0.0011882090629, 0.90808339979, 0, 0.066293279508],
      [0.074186210564, 0.75877982993, 0.02606210573, 0, 0.14097185378],
      [0.034375356198, 0.067763970663, 0.69869006407, 0, 0.19917060907]
    ],
    [
      [0.17507154715, 0.81798529331, 0.0039311178351, 0, 0.0030120417084],
      [0.061328195891, 0.47775184617, 0.3821311009, 0.0098480442259, 0.068940812818],
      [0.074380525986, 0.3060178878, 0.52659763649, 0, 0.09300394972],
      [0.080040332267, 0.81879887396, 0.049981798461, 0, 0.051178995307],
      [0.16292920619, 0.3522545174, 0.21929711723, 0, 0.26551915918]
    ],
    [
      [0.12543764099, 0.836236017, 0.019748360317, 0.00034355845046, 0.018234423237],
      [0.0054915397176, 0.057619292526, 0.84287228914, 0.017062036229, 0.076954842389],
      [0.0078997447636, 0.024319023178, 0.87119029008, 0.028934059241, 0.067656882741],
      [0.048163313003, 0.63504846683, 0.042367788697, 0.026573355129, 0.24784707634],
      [0.01514261257, 0.049527027176, 0.56736371821, 0.036501229863, 0.33146541218]
    ],
    [
      [0.13736379479, 0.83141470372, 0.023163646437, 0.0010294661464, 0.0070283889063],
      [0.004897409529, 0.047660160617, 0.90177854236, 0.020708120291, 0.024955767204],
      [0.011239487389, 0.0054884003223, 0.91197620925, 0.043284469379, 0.028011433659],
      [0.060217543178, 0.73382827992, 0.056425756491, 0.043066971454, 0.10646144896],
      [0.017135301077, 0.049696665241, 0.74621248473, 0.056036953714, 0.13091859524]
    ],
    [
      [0.13034711828, 0.85729551495, 0.0062895805737, 0.00014231624309, 0.0059254699499],
      [0.018075737755, 0.19177784598, 0.68814846754, 0.02699483528, 0.075003113441],
      [0.017207159497, 0.11859518963, 0.74769679406, 0.043449762119, 0.0730510947],
      [0.063568478846, 0.80295409897, 0.020672765782, 0.017233994949, 0.095570661454],
      [0.046355668568, 0.16091903281, 0.44415217123, 0.054356741229, 0.29421638616]
    ],
    [
      [0.10963869833, 0.87723506224, 0.0065710418182, 0.00023473763802, 0.0063204599712],
      [0.014694088793, 0.18976160977, 0.67763937709, 0.039070644541, 0.078834279803],
      [0.013180345802, 0.11713845886, 0.73192812709, 0.062598335781, 0.07515473246],
      [0.051323805825, 0.80125158423, 0.021838374896, 0.02536506735, 0.1002211677],
      [0.036795772514, 0.15574563722, 0.42806440859, 0.076972990829, 0.30242119085]
    ],
    [
      [0.1636755917, 0.82279551463, 0.0097151687915, 0, 0.0038137248789],
      [0.017014065689, 0.13577940733, 0.71845187379, 0.094252402072, 0.034502251121],
      [0.017163627662, 0.090700492769, 0.74218102516, 0.11767764222, 0.03227721219],
      [0.082178403351, 0.77339362549, 0.040752083112, 0.043971614826, 0.059704273221],
      [0.045848745011, 0.12096253506, 0.48693805473, 0.20316754502, 0.14308312018]
    ],
    [
      [0.17689594155, 0.80426359478, 0.011702787603, 0, 0.0071376760639],
      [0.014200179053, 0.10441051781, 0.81224113801, 0.019216940802, 0.049931224335],
      [0.012533982398, 0.064552730195, 0.84613405232, 0.028146401185, 0.048632833904],
      [0.085000878757, 0.75252024095, 0.029962857785, 0.0201404728, 0.11237554971],
      [0.041214362003, 0.09956473781, 0.59383826214, 0.043734501698, 0.22164813635]
    ],
    [
      [0.25422700332, 0.72823623464, 0.01213272749, 0.0001112229363, 0.0052928116116],
      [0.018553269804, 0.088012793149, 0.84730401946, 0.010387682925, 0.035742234663],
      [0.012483029269, 0.056525019232, 0.88499269841, 0.0058754966625, 0.040123756428],
      [0.12600007044, 0.73654360359, 0.037582125553, 0.0050640643815, 0.094810136035],
      [0.057170885094, 0.09027705054, 0.65760477386, 0.023241754551, 0.17170553595]
    ],
    [
      [0.2512727038, 0.73467724843, 0.0097852680371, 0, 0.0042647797253],
      [0.024745310108, 0.090193262484, 0.85604647413, 0, 0.029014953282],
      [0.023770240979, 0.056464336801, 0.88468550475, 0, 0.035079917466],
      [0.13019603347, 0.77644633732, 0.028289586916, 0, 0.065068042298],
      [0.077024129696, 0.095930436748, 0.68249486112, 0, 0.14455057244]
    ],
    [
      [0.29951383059, 0.6757713579, 0.013969248518, 0.00062560007498, 0.010119962919],
      [0.018057930569, 0.06876301717, 0.8174841688, 0.037027151504, 0.058667731956],
      [0.013440037419, 0.037242667503, 0.8339364081, 0.059282565592, 0.056098321383],
      [0.13633463305, 0.61957970061, 0.035269433238, 0.049322998821, 0.15949323428],
      [0.049993198126, 0.061229957686, 0.55951858487, 0.079911722413, 0.24934653691]
    ],
    [
      [0.15961252968, 0.7867506456, 0.039375428271, 0.00035856574475, 0.013902830706],
      [0.0038186569265, 0.025116143074, 0.92890881266, 0.010990635991, 0.031165751345],
      [0, 0, 0.94233489133, 0.017048425107, 0.040616683565],
      [0.09288420502, 0.50274937759, 0.17566441516, 0.032987551522, 0.1957144507],
      [0.012810930901, 0.020146006787, 0.77534926933, 0.028900999556, 0.16279279343]
    ],
    [
      [0.28480030866, 0.69060228616, 0.015851495716, 0.00055562724318, 0.0081902822228],
      [0.015931959027, 0.064328981206, 0.85123889577, 0.026199081681, 0.042301082313],
      [0.012598969122, 0.030912177404, 0.8675461277, 0.044686258397, 0.044256467373],
      [0.13455975632, 0.65336692657, 0.04076522972, 0.040242818542, 0.13106526885],
      [0.047523202589, 0.061623799402, 0.63378201274, 0.0620276247, 0.19504336057]
    ],
    [
      [0.15190271414, 0.83137990601, 0.0115446525, 0.0003385442514, 0.0048341831026],
      [0.012229661021, 0.10756577155, 0.81072135525, 0.035377543676, 0.034105668504],
      [0.011926062273, 0.065089289843, 0.83686438781, 0.054167512559, 0.03195274752],
      [0.073853267228, 0.78090955654, 0.029441864056, 0.03906877461, 0.07672653757],
      [0.036823977071, 0.10643421905, 0.61542387806, 0.083934972652, 0.15738295316]
    ],
    [
      [0.042867909511, 0.94093627375, 0.012274720283, 0.00014708960725, 0.0037740068486],
      [0, 0.11180922407, 0.8488567261, 0.01389346336, 0.025440586463],
      [0, 0.066933362316, 0.88917394396, 0.019359396216, 0.024533297506],
      [0, 0.89305699524, 0.031779825795, 0.015495436968, 0.059667741992],
      [0, 0.12857926266, 0.70525443556, 0.036023205578, 0.1301430962]
    ],
    [
      [0.077778041111, 0.89414409318, 0.017698711086, 0.00051210630781, 0.009867048313],
      [0.0039563671358, 0.073675609304, 0.85658746583, 0.020400719686, 0.045379838047],
      [0, 0.038200291142, 0.8783880291, 0.034656654017, 0.048755025737],
      [0.02556189181, 0.76215960838, 0.040839424637, 0.031039481593, 0.14039959358],
      [0.011752111578, 0.073027159141, 0.65161760292, 0.049038559537, 0.21456456682]
    ],
    [
      [0.9999915689, 5.0460179185e-07, 7.9334606815e-07, 7.1231203574e-09, 7.1260285937e-06],
      [0.24841408585, 0.11953066473, 0.23425474224, 0.0028415439435, 0.39495896324],
      [0.052207183163, 0.18467120913, 0.47226396165, 0, 0.29085764605],
      [0.57897174474, 0.21148616137, 0.048896810536, 0, 0.16064528335],
      [0.2121995226, 0.049829002111, 0.062047342844, 0, 0.67592413244]
    ],
    [
      [0.1380665497, 0.85059072234, 0.006974369249, 0.00021317376364, 0.0041551849493],
      [0.016964930732, 0.1681238928, 0.74929303756, 0.02220806262, 0.043410076286],
      [0.017628449711, 0.10026404837, 0.80162916292, 0.036009971209, 0.044468367798],
      [0.070244510054, 0.82760645253, 0.018738544544, 0.016804618845, 0.066605874029],
      [0.049444458635, 0.15976158471, 0.54628854324, 0.050766210093, 0.19373920331]
    ],
    [
      [0.14639096116, 0.84109897734, 0.0063265893086, 0.00037177526024, 0.0058116969254],
      [0.019645908981, 0.18216364621, 0.70121891078, 0.026221426557, 0.070750107474],
      [0.019783443805, 0.10746582654, 0.75878976809, 0.044082189367, 0.069878772205],
      [0.072407330736, 0.79563955739, 0.018483057402, 0.018665813537, 0.094804240932],
      [0.051362641161, 0.15417602472, 0.45692510537, 0.053805962582, 0.28373026616]
    ],
    [
      [0.14051678881, 0.84355086452, 0.0096855975331, 0.00067466604358, 0.0055720830861],
      [0.012115610764, 0.11771205885, 0.79903257517, 0.030810509323, 0.04032924589],
      [0.013221618928, 0.067285899411, 0.8274881405, 0.050665341761, 0.041338999397],
      [0.069741729925, 0.78810055789, 0.022801419952, 0.033704966106, 0.085651326131],
      [0.03632654459, 0.11410894382, 0.59277077047, 0.072415197655, 0.18437854346]
    ],
    [
      [0.090264289397, 0.90291674202, 0.0046843150678, 3.4445487837e-05, 0.0021002080231],
      [0.012267104233, 0.1845232714, 0.76811950949, 0.0068375059225, 0.028252608954],
      [0.037021254449, 0.10056983642, 0.82380852736, 0, 0.03860038177],
      [0.055061156917, 0.89919824928, 0.0067331376892, 0, 0.039007456116],
      [0.059253084846, 0.19706470871, 0.5957401258, 0, 0.14794208064]
    ],
    [
      [0.15423171223, 0.83721113989, 0.006690684087, 0.00017135996215, 0.0016951038374],
      [0.02880545807, 0.25301985454, 0.64784479325, 0.028635383206, 0.04169451093],
      [0.024646502637, 0.15642485819, 0.73312555166, 0.047729304365, 0.038073783153],
      [0.078136052679, 0.84228846492, 0.025286254765, 0.01498222481, 0.039307002825],
      [0.079519789758, 0.22837924827, 0.4531571426, 0.062296523878, 0.1766472955]
    ],
    [
      [0.097612280777, 0.88884925741, 0.0086648426939, 0.00034983889365, 0.004523780221],
      [0.009851739557, 0.14520476252, 0.77401665619, 0.030987068195, 0.039939773536],
      [0.0082070753783, 0.088713353224, 0.81350521435, 0.049989666878, 0.039584690167],
      [0.046698474963, 0.83246957842, 0.021891136089, 0.027708350781, 0.07123245975],
      [0.029255684299, 0.14105424276, 0.57658691785, 0.072121663721, 0.18098149136]
    ],
    [
      [0.082825067793, 0.90979773103, 0.0064451482678, 0, 0.00093205290958],
      [0.022853433765, 0.33520651123, 0.58054370683, 0.021194866345, 0.04020148183],
      [0.021171533366, 0.16585026839, 0.73146245297, 0.037890415118, 0.043625330152],
      [0.053276249049, 0.87130446531, 0.030100956325, 0.0087854344829, 0.03653289483],
      [0.064714483895, 0.29653741223, 0.41685013867, 0.04718153154, 0.17471643367]
    ],
    [
      [0.24550642778, 0.7376631602, 0.010335435519, 0, 0.0064949765012],
      [0.022044820657, 0.1104448682, 0.7988468851, 0.017498975153, 0.051164450889],
      [0.011155450795, 0.074196015012, 0.83887267765, 0.024315503941, 0.051460352603],
      [0.11969880005, 0.72975740806, 0.028598010914, 0.016072600937, 0.10587318004],
      [0.062656785593, 0.10396657614, 0.57208424957, 0.038911781001, 0.22238060769]
    ],
    [
      [0.21003397212, 0.77986027926, 0.0087291807444, 0, 0.0013765678723],
      [0.02570612896, 0.15507518986, 0.77471976511, 0.015273469141, 0.029225446934],
      [0.01712762383, 0.10810501308, 0.83313295635, 0.019182379753, 0.022452026989],
      [0.10670348406, 0.81694763917, 0.027361898227, 0.0073997040415, 0.041587274501],
      [0.078267171529, 0.15583789308, 0.59312505578, 0.036340391903, 0.13642948771]
    ],
    [
      [0.39155322098, 0.59269336618, 0.0099108745376, 0, 0.005842538308],
      [0.028072895145, 0.067727300289, 0.86752659829, 0, 0.036673206273],
      [0.017779994274, 0.039606133917, 0.88944378839, 0, 0.053170083419],
      [0.19611515913, 0.67757965183, 0.029555386447, 0, 0.0967498026],
      [0.089821763483, 0.070216499172, 0.662238198, 0, 0.17772353934]
    ],
    [
      [0.13052186941, 0.84390691352, 0.016356654559, 0, 0.009214562511],
      [0.00824252332, 0.084582592704, 0.84758036006, 0.0094409013653, 0.050153622552],
      [0.0078340107645, 0.051313066599, 0.88685994333, 0.0051148727704, 0.048878106535],
      [0.060067408182, 0.7493889769, 0.040777183757, 0.01180679333, 0.13795963783],
      [0.024423969178, 0.082951414106, 0.63725516414, 0.025967022933, 0.22940242964]
    ],
    [
      [0.15799080003, 0.81919017243, 0.014887639542, 0.00035850168461, 0.0075728863086],
      [0.010277440858, 0.085886895031, 0.82821881181, 0.032957870593, 0.042658981704],
      [0.0091547395096, 0.050451474023, 0.85023575114, 0.049457680712, 0.04070035462],
      [0.07299802394, 0.73317427682, 0.036606953081, 0.043091511838, 0.11412923432],
      [0.030350146999, 0.083200808224, 0.61752272033, 0.076547543343, 0.19237878111]
    ],
    [
      [0.16075671229, 0.81660943561, 0.014382423818, 0.00036577981003, 0.0078856484715],
      [0.010724024848, 0.087762902172, 0.82307216037, 0.03282723386, 0.045613678746],
      [0.0096694688689, 0.051954144995, 0.84553236686, 0.049521322678, 0.043322696596],
      [0.07419853924, 0.72989438484, 0.035319137516, 0.041835444253, 0.11875249415],
      [0.03128540244, 0.083984933459, 0.60615201838, 0.075307819726, 0.203269826]
    ]
  ],
  "expected_outcome": [
    [
      [9.5451270987, 2.8121729078, 0.60479327879, 0.49886858274, 0.6636481001, 4.6651821617, 0.40871329566, 0, 0, 8.5604087026, 6.4069805209, 10.9538850611, 2.401398224, 0.087563508185, 0.68571630736, 1.9706750504, 5.0321878854, 0, 8.4866498901, 1.4044528803, 1.0615753964, 2.5372141495, 3.6316257395, 1.418507326, 1.4593704758, 1.1005519567, 0.1217323069, 0, 0.30732690622, 25.2104847052, 12.19842814, 6.6583276906, 8.7689886764, 1.132038244, 0.46566193613, 0, 0.28393353301, 1.9843734738, 1.8734804577, 0.12778384286, 0.17507154715, 0.12543764099, 0.27472758958, 4.0407606668, 3.94699314, 1.8004315087, 7.7834214282, 0, 0.50254540761, 1.1980553223, 0.15961252968, 1.1392012346, 2.1266379979, 0, 0.38889020556, 0, 2.2090647951, 1.6103005728, 1.6862014658, 0, 8.0200490358, 1.757021054, 4.1412533896, 8.1017121169, 9.0314608011, 0.39155322098, 2.8714811271, 27.1744176051, 14.1465906815],
      [53.4404440266, 16.8630065648, 1.366157587, 5.3921593717, 5.1579341093, 20.5942041809, 1.5586279804, 0, 0, 54.5726314356, 45.7288309211, 52.8775485191, 17.2600361943, 0.88991147089, 1.2855821972, 14.7160077302, 39.0146983067, 0.99210270772, 61.1843625661, 7.3613956611, 8.6188442193, 14.0313070981, 24.8084424178, 16.2270449037, 3.5044583847, 2.8670557766, 1.8564910942, 0, 2.6169474634, 153.49723922, 93.0206611674, 54.6911344215, 36.4826254528, 11.7381101124, 5.3882638009, 1.9411475272, 3.6404739476, 8.8153334365, 8.8218880252, 0.85011529928, 0.81798529331, 0.836236017, 1.6628294074, 26.5761609634, 31.5804622406, 9.050750661, 35.3875981704, 0, 1.4693544969, 2.7030854316, 0.7867506456, 2.7624091446, 11.6393186841, 0, 4.4707204659, 0, 13.6094515575, 9.2520887508, 10.1226103743, 0, 43.5349792741, 15.9992866335, 45.4898865515, 24.3428842864, 33.5339920083, 0.59269336618, 18.5659520974, 140.9007096587, 71.8616303337],
      [0.55948626101, 0.17306726122, 0.013532037741, 0.091818975446, 0.13330863317, 0.49796546977, 0.021607040002, 0, 0, 0.45247878518, 0.46296103798, 0.76123998252, 0.20327621268, 0.0058287235553, 0.0056353105445, 0.21531387348, 0.64389923207, 0.0053477906884, 0.9268786085, 0.19343705875, 0.22072024038, 0.28542583718, 0.42330039675, 0.22282633029, 0.021576181655, 0.010807697052, 0.012871157239, 0, 0.059706650499, 1.7646451817, 1.3185618299, 0.51142581909, 0.47902215493, 0.075315237215, 0.098873692447, 0.058852472831, 0.04328091904, 0.12192806142, 0.1842664773, 0.011979092239, 0.0039311178351, 0.019748360317, 0.046327292874, 0.19497699779, 0.23655750545, 0.10686685671, 0.51492265452, 0, 0.019570536074, 0.055876994072, 0.039375428271, 0.063405982865, 0.161625135, 0, 0.08849355543, 0, 0.11158990798, 0.069592482395, 0.1162271704, 0, 0.34791557253, 0.15596716849, 0.32225741339, 0.34106937211, 0.37535477201, 0.0099108745376, 0.35984640029, 2.5606740013, 1.265653296],
      [0, 0.014597699735, 0.0045995327804, 0.0010858359233, 0, 0.010266700174, 0.00087010913729, 0, 0, 0.018408186162, 0.006784088453, 0.019545292843, 0.0086562674594, 0.00075922211785, 0.0052915554946, 0.0046738299437, 0.00060248676108, 0, 0.022099591165, 0.0041097445097, 0.0037128234195, 0.004739325862, 0, 0.006178675886, 0.014594957816, 0, 0.0016416539874, 0, 0.0011762038645, 0, 0.013903290979, 0, 0, 0.0011932491579, 0.0030311724806, 0, 0.0045073560169, 0.0053649028537, 0.00056883358665, 0, 0, 0.00034355845046, 0.0020589322927, 0.0044118035357, 0.0084505549689, 0, 0, 0, 0, 0.0025024002999, 0.00035856574475, 0.0022225089727, 0.0047396195196, 0, 0.0025605315391, 0, 0.0034107802182, 0.0040895278627, 0.0080959925229, 0, 0.008910718032, 0.0062971000857, 0, 0, 0, 0, 0, 0.061662289754, 0.032188623283],
      [0.45494261367, 0.13715556648, 0.010917563711, 0.016067234175, 0.045109157426, 0.23238148752, 0.010181574765, 0, 0, 0.39607289048, 0.39444343163, 0.38778114447, 0.12663310152, 0.01593707525, 0.017774629443, 0.09332951603, 0.30861208911, 0.0025495015958, 0.38000934415, 0.036604655357, 0.095147320488, 0.14131358934, 0.13663144603, 0.12544276418, 0, 0.021584569588, 0.0072637876807, 0, 0.014842776032, 0.52763089322, 0.44844557174, 0.1391120688, 0.26936371583, 0.053343157228, 0.044169398074, 0, 0.027804244377, 0.073000125482, 0.11979620615, 0.010121765622, 0.0030120417084, 0.018234423237, 0.014056777813, 0.18368956845, 0.22753655896, 0.041950973668, 0.31405774681, 0, 0.0085295594506, 0.040479851674, 0.013902830706, 0.032761128891, 0.067678563436, 0, 0.049335241565, 0, 0.066482959188, 0.063928666179, 0.066864997033, 0, 0.088145399547, 0.081428043978, 0.046602645479, 0.21433422454, 0.059192418507, 0.005842538308, 0.20272037524, 1.3025364451, 0.69393706549]
    ],
    [
      [0.65201123572, 0.078887413393, 0.041116160166, 0.041956762845, 0.024128045039, 0.280880485, 0, 0, 0, 0.37792755392, 0.28939671041, 0.75259329703, 0.13466302452, 0.0095607343012, 0, 0.14518637865, 0.29610233272, 0, 0.58738816748, 0.090531912712, 0.071405207362, 0.1830731264, 0.12210502961, 0.07857670499, 0.087969285534, 0, 0, 0.025061907962, 0.010105564777, 1.555524523, 0.66597191196, 0.37939200119, 0.34685973357, 0.037334817478, 0, 0, 0.0073693367061, 0.056890940048, 0.16691722911, 0, 0, 0.0054915397176, 0, 0.18075737755, 0.24979950948, 0.11909845983, 0.269803402, 0.018553269804, 0.074235930323, 0.14446344455, 0.007637313853, 0.015931959027, 0.25682288143, 0, 0.0079127342716, 0, 0.10178958439, 0.078583635922, 0.012115610764, 0, 0.4896927872, 0.19703479114, 0.45706867531, 0.48498605445, 0.28276741857, 0.056145790291, 0.42861121264, 1.664945419, 1.201090783],
      [5.7972043164, 0.75870311607, 0.16602833901, 0.73460183677, 0.3033996588, 1.9916530617, 0, 0, 0, 3.8848057011, 3.3320799842, 5.8682653883, 1.5532257174, 0.14954524765, 0, 1.7504829695, 3.7354637821, 0, 6.8617563009, 0.75030993872, 0.99530870832, 1.6263705375, 1.3383678614, 1.5202553795, 0.35345559486, 0, 0, 0.24038177917, 0.13855694367, 15.2565954241, 8.2386010604, 4.95211944, 2.3439706069, 0.62225029719, 0, 0, 0.1498720601, 0.40911450868, 1.2497649268, 0, 0, 0.057619292526, 0, 1.9177784598, 3.2259473661, 0.95045585133, 1.9837998383, 0.088012793149, 0.27057978745, 0.55010413736, 0.050232286148, 0.064328981206, 2.2588812025, 0.22361844815, 0.14735121861, 0, 1.0087433568, 0.72865458482, 0.11771205885, 0, 4.3013375273, 2.9040952504, 6.7041302246, 2.4297871005, 1.7058270884, 0.13545460058, 4.3982948206, 13.9136769951, 9.8294450432],
