{
  "X": [
    [0, 9, 34, 7, 3, 8, 15],
    [13, 30, 122, 29, 22, 13, 48],
    [11, 21, 126, 35, 8, 14, 26],
    [17, 33, 154, 44, 18, 25, 45],
    [10, 22, 143, 33, 18, 15, 46],
    [10, 55, 210, 54, 33, 27, 43],
    [2, 15, 74, 16, 12, 14, 15],
    [13, 62, 177, 41, 27, 40, 34],
    [27, 71, 339, 73, 41, 43, 54],
    [5, 2, 6, 0, 1, 0, 1],
    [2, 4, 6, 4, 2, 5, 2],
    [41, 130, 179, 78, 21, 25, 48],
    [6, 10, 59, 20, 3, 8, 12],
    [44, 146, 377, 114, 45, 26, 77],
    [4, 11, 32, 15, 2, 9, 8],
    [23, 83, 194, 64, 28, 28, 47],
    [26, 41, 93, 67, 15, 18, 22],
    [4, 14, 56, 21, 5, 8, 7],
    [47, 50, 134, 86, 25, 22, 17],
    [36, 88, 141, 68, 30, 19, 27],
    [22, 46, 178, 81, 26, 32, 40],
    [26, 103, 134, 81, 12, 22, 32],
    [4, 5, 14, 8, 4, 4, 6],
    [18, 73, 333, 64, 53, 32, 62],
    [7, 32, 130, 22, 28, 20, 33],
    [5, 26, 101, 23, 23, 11, 23],
    [9, 30, 171, 29, 35, 20, 36],
    [21, 44, 385, 69, 41, 36, 80],
    [5, 23, 131, 15, 16, 26, 28],
    [12, 26, 140, 13, 27, 7, 38],
    [2, 5, 27, 4, 6, 4, 1],
    [31, 37, 311, 107, 62, 45, 54],
    [13, 19, 144, 52, 23, 32, 25],
    [25, 40, 283, 112, 46, 60, 40],
    [25, 19, 73, 86, 10, 17, 12],
    [18, 10, 24, 32, 8, 6, 1],
    [84, 50, 228, 234, 42, 43, 33],
    [13, 34, 120, 30, 16, 26, 26],
    [114, 71, 390, 328, 88, 101, 76],
    [29, 17, 269, 137, 61, 77, 46],
    [17, 13, 126, 57, 43, 32, 15],
    [20, 72, 349, 55, 44, 28, 71],
    [4, 8, 20, 12, 4, 2, 4],
    [4, 7, 15, 4, 1, 1, 3],
    [3, 0, 7, 5, 0, 2, 2],
    [30, 40, 351, 101, 52, 44, 64],
    [20, 61, 308, 73, 37, 48, 56],
    [8, 41, 197, 33, 20, 24, 35],
    [11, 9, 184, 24, 17, 21, 28],
    [58, 98, 525, 168, 83, 98, 82],
    [13, 14, 220, 47, 46, 36, 54],
    [15, 32, 169, 45, 37, 34, 35],
    [12, 22, 216, 19, 34, 33, 39],
    [10, 28, 144, 45, 25, 25, 31],
    [93, 173, 565, 224, 85, 89, 110],
    [30, 27, 92, 79, 19, 28, 16],
    [37, 42, 198, 97, 30, 50, 32],
    [87, 47, 181, 151, 45, 28, 20],
    [47, 82, 335, 109, 49, 48, 58],
    [49, 61, 190, 119, 41, 41, 28],
    [63, 82, 277, 136, 33, 51, 60],
    [26, 18, 126, 92, 21, 38, 28],
    [5, 12, 16, 8, 3, 10, 3],
    [2, 4, 37, 13, 2, 3, 14],
    [7, 36, 155, 38, 22, 15, 45],
    [0, 1, 12, 0, 1, 2, 5],
    [3, 2, 13, 2, 1, 2, 1],
    [1, 4, 13, 4, 1, 3, 1],
    [6, 13, 404, 237, 55, 17, 76],
    [101, 142, 500, 280, 67, 61, 81],
    [14, 43, 174, 59, 34, 16, 45],
    [180, 474, 1183, 505, 140, 182, 247],
    [29, 90, 139, 53, 6, 6, 22]
  ],
  "W": [
    [6, 6, 12, 36, 16],
    [13, 15, 34, 145, 70],
    [12, 14, 39, 135, 41],
    [17, 16, 54, 183, 66],
    [10, 14, 39, 169, 55],
    [14, 21, 71, 270, 56],
    [11, 6, 25, 82, 24],
    [20, 33, 48, 250, 43],
    [27, 34, 107, 409, 71],
    [0, 2, 4, 8, 1],
    [3, 0, 8, 10, 4],
    [12, 71, 97, 272, 70],
    [2, 11, 25, 65, 15],
    [25, 70, 139, 489, 106],
    [5, 1, 13, 45, 17],
    [13, 46, 86, 268, 54],
    [8, 18, 101, 134, 21],
    [4, 11, 24, 60, 16],
    [11, 18, 125, 178, 49],
    [9, 36, 97, 210, 57],
    [20, 22, 103, 222, 58],
    [6, 45, 95, 205, 59],
    [3, 1, 8, 23, 10],
    [20, 37, 74, 414, 90],
    [9, 14, 30, 165, 54],
    [10, 15, 30, 126, 31],
    [15, 25, 49, 189, 52],
    [28, 36, 95, 414, 103],
    [18, 10, 21, 155, 40],
    [13, 14, 21, 176, 39],
    [1, 3, 3, 31, 11],
    [23, 24, 132, 383, 85],
    [21, 11, 77, 170, 29],
    [40, 11, 131, 354, 70],
    [9, 11, 88, 114, 20],
    [1, 8, 49, 34, 7],
    [19, 21, 311, 303, 60],
    [7, 21, 50, 146, 41],
    [33, 25, 445, 543, 122],
    [38, 13, 183, 330, 72],
    [16, 10, 89, 142, 46],
    [21, 40, 60, 408, 110],
    [2, 3, 22, 23, 4],
    [2, 2, 5, 22, 4],
    [1, 1, 6, 8, 3],
    [26, 20, 116, 420, 100],
    [23, 30, 81, 392, 77],
    [14, 22, 37, 243, 42],
    [14, 8, 42, 191, 39],
    [50, 46, 213, 655, 148],
    [15, 9, 60, 273, 73],
    [22, 15, 61, 210, 59],
    [18, 8, 36, 259, 54],
    [15, 7, 55, 191, 40],
    [50, 94, 318, 716, 161],
    [8, 8, 118, 129, 28],
    [19, 21, 118, 288, 40],
    [11, 19, 245, 238, 46],
    [32, 43, 126, 441, 86],
    [16, 38, 162, 272, 41],
    [23, 29, 167, 398, 85],
    [16, 9, 128, 150, 46],
    [2, 6, 16, 26, 7],
    [3, 4, 15, 38, 15],
    [11, 21, 43, 185, 58],
    [0, 0, 0, 18, 3],
    [0, 1, 3, 18, 2],
    [2, 2, 7, 16, 0],
    [16, 16, 226, 390, 160],
    [28, 61, 346, 666, 131],
    [10, 20, 69, 220, 66],
    [113, 325, 645, 1427, 401],
    [5, 43, 59, 202, 36]
  ],
  "method": "mvn_pdf",
  "cond_prob": [
    [
      [0, 0, 0.30162737314, 0, 0.029750459726, 0.52831811042, 0.14030405671],
      [0, 0.81956394586, 0.10693022793, 0, 0, 0, 0.073505826208],
      [0, 0.082399556018, 0.054916951327, 0.54992557313, 0.077655999232, 0.23510192029, 0],
      [0, 0.071409575614, 0.70577901292, 0.0080481353509, 0.038314883915, 0.053020880731, 0.12342751147],
      [0, 0.032692308155, 0.34260040703, 0.0069475156123, 0.03189308937, 0.0062572867281, 0.57960939311]
    ],
    [
      [0.00029689329162, 0.0011846984479, 0.36283357645, 0.0024413025685, 0.083849603065, 0.41969721486, 0.12969671132],
      [0.013986365873, 0.84012545198, 0.091033448226, 0.0015605808021, 0.00081649783761, 9.064943493e-05, 0.052387005846],
      [0.24017933386, 0.0062689367194, 0.015224791927, 0.61894521259, 0.062680543775, 0.056701181135, 0],
      [0.030597700997, 0.092533556114, 0.62015667198, 0.038231287165, 0.08855712003, 0.036004646554, 0.093919017164],
      [0.0026225843344, 0.053602966507, 0.36396144887, 0.033674006968, 0.084654097141, 0.0056294650921, 0.45585543109]
    ],
    [
      [0.00036631736818, 0.00036589177225, 0.4163196742, 0.0027400633303, 0.040248762236, 0.45564893967, 0.084310351416],
      [0.014084151349, 0.79302741869, 0.14268924536, 0.0023682902949, 0, 0.00046974873023, 0.047361145575],
      [0.18762970108, 0.0029922648553, 0.017867665693, 0.69884373438, 0.028287453346, 0.063063130714, 0.0013160499315],
      [0.025010839059, 0.059603253291, 0.72462627712, 0.043402570821, 0.033480986355, 0.042351643753, 0.071524429605],
      [0.0025464501895, 0.042197266181, 0.49963727077, 0.044383182297, 0.046191975969, 0.0085049326146, 0.35653892198]
    ],
    [
      [0.0002580423614, 0.00085547398081, 0.3221438862, 0.0020766539383, 0.049062971759, 0.53416131876, 0.091441653003],
      [0.013392255761, 0.83613836796, 0.10122801585, 0.0016169692879, 0.00029468129258, 0.00049330377706, 0.046836406076],
      [0.2147970882, 0.0056152974894, 0.015185222014, 0.63588346514, 0.042632767127, 0.085886160036, 0],
      [0.027460987584, 0.085879257308, 0.64828532177, 0.038830770271, 0.05853270098, 0.057695913553, 0.083315048538],
      [0.0023777832909, 0.054365347018, 0.41587408802, 0.037804352991, 0.062841831443, 0.010835756038, 0.4159008412]
    ],
    [
      [0.00010672768321, 0.00029212631453, 0.36898096553, 0.0019279070868, 0.060385762046, 0.43534158857, 0.13296492277],
      [0.011362102408, 0.77058016375, 0.13606263728, 0.0017457434618, 0.00079356929528, 0.00045883698774, 0.078996946822],
      [0.17288039108, 0.0034475492796, 0.022399063282, 0.66444034998, 0.059115825568, 0.077716820808, 0],
      [0.017943252447, 0.05501679413, 0.68273499185, 0.032513047411, 0.068768557731, 0.042695805359, 0.10032755107],
      [0.0011839704306, 0.032302978445, 0.38453702422, 0.028152761074, 0.062865981012, 0.0071566050779, 0.48380067974]
    ],
    [
      [0, 0.00085407003578, 0.36221385485, 0.0015536940271, 0.071350799656, 0.47583922817, 0.088188353257],
      [0.003637053945, 0.88283840528, 0.080123454461, 0.00085865764651, 0.00046741149791, 0.00028200353325, 0.031793013636],
      [0.13162540605, 0.011396748596, 0.024639373193, 0.64068895801, 0.085666562027, 0.10527797175, 0.00070498038397],
      [0.0021415482885, 0.11638483267, 0.65627682422, 0.025975734825, 0.078288573306, 0.045813300797, 0.075119185895],
      [0, 0.075274331018, 0.43396920452, 0.026033072357, 0.085197008333, 0.0087143128928, 0.37081207088]
    ],
    [
      [0, 0, 0.35124178289, 0.00076197291096, 0.064377171571, 0.51217741057, 0.071441662063],
      [0.0020535551192, 0.86441561981, 0.099193824517, 0.00055368465945, 0.00059264231573, 0.00022524225669, 0.032965431325],
      [0.079507146771, 0.040569228084, 0.03401303026, 0.57241963343, 0.11190037988, 0.15978510929, 0.0018054722849],
      [0, 0.089531179383, 0.69728686269, 0.015458961874, 0.077903022658, 0.050413075725, 0.069406897669],
      [0, 0.060738286235, 0.47972203933, 0.017090436693, 0.087614079328, 0.0098415453551, 0.34499361306]
    ],
    [
      [8.791066166e-05, 0.00087210146103, 0.23903019849, 0.0017027866376, 0.049879227996, 0.65228642976, 0.056141344995],
      [0.0072290406039, 0.8875534608, 0.074444211211, 0.0014514976797, 0.00066555864206, 0, 0.028656231067],
      [0.16423606072, 0.0077390761089, 0.015009993341, 0.61897784463, 0.057574688565, 0.13592204813, 0.00054028850189],
      [0.019243695609, 0.11545546689, 0.60316548758, 0.038126818292, 0.077668276363, 0.078951857338, 0.067388397929],
      [0.0015215960454, 0.080417474171, 0.42443919731, 0.038962877413, 0.088367392163, 0.016094157207, 0.35019730569]
    ],
    [
      [0, 0.0010054235733, 0.39056671074, 0.0011532342128, 0.059430654568, 0.47151626581, 0.076327711097],
      [0.0077167960753, 0.84779448357, 0.10846753672, 0.00064156506071, 0.00043733486052, 0.00027779816755, 0.034664485549],
      [0.19546497269, 0.0091273676111, 0.026108364144, 0.59054961278, 0.072091416553, 0.10585560874, 0.00080265748326],
      [0.014067748495, 0.089916616827, 0.70177948041, 0.01960303335, 0.064467658694, 0.044730133627, 0.065435328599],
      [0.00097419325232, 0.061905866274, 0.49218873397, 0.024515496574, 0.07464012626, 0.0089921253095, 0.33678345837]
    ],
    [
      [0.0058120538228, 0.00071535080833, 0.60487092714, 0.0012181835365, 0.085607121193, 0.22209999659, 0.079676366914],
      [0.19180566513, 0.64330061909, 0.12130309976, 0, 0.015410848663, 0, 0.028179767358],
      [0.83919780296, 0.023080664258, 0.08492802581, 0, 0.032070764281, 0, 0.020722742688],
      [0.1540510852, 0.072848304477, 0.61039543333, 0, 0.095587301346, 0, 0.067117875651],
      [0.027188776309, 0.038289668976, 0.53451823061, 0, 0.076196834785, 0, 0.32380648932]
    ],
    [
      [0, 0, 0.10479287734, 0.0014867284898, 0.040313031588, 0.81719732935, 0.036210033232],
      [0.00047606843436, 0.99231069942, 0.0052074648666, 5.0831755281e-05, 3.1277369405e-05, 4.9579750202e-05, 0.0018740783992],
      [0.13386010468, 0, 0.056532036466, 0.47224790882, 0.090366453979, 0.22184926962, 0.02514422643],
      [0.089071258258, 0.27294908453, 0.40237768779, 0.015212430982, 0.083444227237, 0.071288902407, 0.0656564088],
      [0.0096016450014, 0.31762728869, 0.30239704959, 0.016358058528, 0.08042175026, 0.015181207723, 0.25841300021]
    ],
    [
      [6.4574456921e-05, 0.0012857886418, 0.32172616632, 0.0036099850615, 0.052736432802, 0.52946254297, 0.091114509755],
      [0.0088865136581, 0.93054829953, 0.03941653859, 0.0029170084689, 0, 0.00074898901302, 0.017482650744],
      [0.29572011207, 3.7965712633e-05, 0.016396534042, 0.60467856452, 0.027788193668, 0.052889103448, 0.0024895265365],
      [0.042324313943, 0.19639290674, 0.53366971587, 0.056403693402, 0.049836487165, 0.04703495118, 0.074337931702],
      [0.0024459767636, 0.1499012566, 0.36560121781, 0.053627817345, 0.058802621595, 0.0095645929865, 0.3600565169]
    ],
    [
      [0.00020158898617, 0, 0.34223013913, 0.0018716832808, 0.028524949611, 0.55216410481, 0.075007534177],
      [0.016297572239, 0.71778813356, 0.19216139516, 0.0027321530797, 0, 0.0016849262849, 0.069335819686],
      [0.17187927962, 0, 0.021382490304, 0.6796697586, 0.024646428248, 0.10021413728, 0.0022079059526],
      [0.02291286647, 0.026715490006, 0.74232484137, 0.037258751523, 0.026809256706, 0.064364995659, 0.079613798266],
      [0.0022670144177, 0.024521578698, 0.49440582856, 0.036842675712, 0.038945847247, 0.012537296765, 0.3904797586]
    ],
    [
      [0.000224086711, 0.0015868036945, 0.44326359171, 0.0028570311075, 0.069707866541, 0.37766907016, 0.10469155007],
      [0.0067253480387, 0.90578557568, 0.062282888279, 0.0012302102178, 0.00028098503515, 0, 0.023694992752],
      [0.22146912543, 0.0085541655685, 0.019742477076, 0.65476288906, 0.048373557018, 0.046241627992, 0.00085615785316],
      [0.025594214135, 0.14441966956, 0.640186302, 0.038431379873, 0.06005413256, 0.019908201193, 0.071406100677],
      [0.0021117388939, 0.10136879419, 0.43172926447, 0.038089369519, 0.067426784307, 0.003731854448, 0.35554219418]
    ],
    [
      [0.00040677368771, 0, 0.19802133819, 0.0022829526536, 0.021966022044, 0.73553065873, 0.041792254699],
      [0.0082205164343, 0.94134599461, 0.036334554192, 0.0013674523322, 0, 0.0003108331539, 0.012420649275],
      [0.15030179362, 0.00039941128324, 0.011979653609, 0.76096136124, 0.008567615671, 0.064684316102, 0.0031058484753],
      [0.04301218991, 0.17184052538, 0.53355635324, 0.076114176982, 0.023724030602, 0.091906196269, 0.059846527619],
      [0.0058984560088, 0.13650811863, 0.40045808013, 0.098210713178, 0.041835853468, 0.020315348928, 0.29677342966]
    ],
    [
      [0.00012329073607, 0.0012171083938, 0.33376104234, 0.0018559334288, 0.060909002818, 0.50341941717, 0.09871420511],
      [0.0069184308072, 0.89739296711, 0.063655271845, 0.00072824172802, 0.00051656570396, 0.00042316497991, 0.030365357821],
      [0.19882799148, 0.009250160359, 0.018127732888, 0.62647429594, 0.058420753428, 0.088801570794, 9.7495109036e-05],
      [0.020518062592, 0.13497107595, 0.61200089791, 0.031272382849, 0.068308334151, 0.049648534709, 0.083280711839],
      [0.0015203955826, 0.087709980722, 0.39180996807, 0.031196031318, 0.071363010997, 0.0091359184706, 0.40726469484]
    ],
    [
      [0.00019024312938, 0.0012974782245, 0.34642573628, 0.0019489365008, 0.057407674014, 0.48200142853, 0.11072850332],
      [0.0063077932701, 0.91681539807, 0.04990108016, 0.0005676969495, 0.00039783952016, 0.00038157488567, 0.02562861715],
      [0.22476982544, 0.0055418370943, 0.021212105217, 0.6165512796, 0.05180456543, 0.079567758217, 0.00055262900279],
      [0.023481648895, 0.16196353052, 0.59245703591, 0.030402152167, 0.059819437636, 0.044281521012, 0.08759467386],
      [0.001744974019, 0.10590973205, 0.37136710608, 0.029934396831, 0.061214844995, 0.0079548965828, 0.42187404944]
    ],
    [
      [0, 0.0006263128352, 0.3665392162, 0.0023791829786, 0.041218802431, 0.54366742715, 0.045569058411],
      [0.008807254813, 0.82542872036, 0.13409586362, 0.0023158221497, 0.00039888200321, 0.0015064472216, 0.027447009831],
      [0.12834208151, 0.0041874418498, 0.014726057382, 0.73248123931, 0.035564664228, 0.084698515727, 0],
      [0.013476994981, 0.066570615034, 0.72679831285, 0.043148356109, 0.04931433772, 0.059350690695, 0.041340692606],
      [0.00089315887901, 0.051440207392, 0.56859153043, 0.049784882156, 0.063645305222, 0.013434597051, 0.25221031887]
    ],
    [
      [0, 0.0012930110042, 0.33338333831, 0.0036803564461, 0.073370615251, 0.54256633493, 0.045706344053],
      [0.01538955552, 0.91652757328, 0.053695522325, 0.0020740879122, 0.00061594571229, 0.00026990404962, 0.011427411201],
      [0.30809729922, 0.0021625160272, 0.018079835786, 0.57837551623, 0.040528554002, 0.052756278733, 0],
      [0.045688986744, 0.15204136619, 0.58527142993, 0.058831869576, 0.079141102521, 0.049806937021, 0.029218308012],
      [0.001595631778, 0.12560414029, 0.46791775256, 0.064350411914, 0.1026255247, 0.011566171662, 0.2263403671]
    ],
    [
      [0.000146378602, 0.0011897455157, 0.3424069949, 0.0030490870619, 0.087504579461, 0.49802081358, 0.067682400883],
      [0.0068293742174, 0.94451651516, 0.034606035059, 0.0018526267491, 0.001565512175, 0.00043488823849, 0.010195048397],
      [0.28384713051, 0, 0.024802936968, 0.57648539482, 0.056533376496, 0.056427259846, 0.0019039013607],
      [0.038435989758, 0.2074966236, 0.53286676829, 0.044789326379, 0.08557613463, 0.04056360163, 0.050271555714],
      [0.0025981686368, 0.1826738033, 0.39236164136, 0.045281084496, 0.10002411498, 0.0089536167359, 0.26810757049]
    ],
    [
      [4.975090899e-05, 0.0010365133048, 0.33220225349, 0.0022463882883, 0.0580501018, 0.52619665527, 0.080218336938],
      [0.0090559340911, 0.86443627465, 0.088961644835, 0.0014876757827, 0.00047274176581, 0.00041585618957, 0.03516987269],
      [0.16879673782, 0.0068801882864, 0.0144098252, 0.67490067493, 0.050436611363, 0.084209699197, 0.00036626320376],
      [0.019524518637, 0.10076696901, 0.64286299359, 0.040530158141, 0.06863456479, 0.054846945834, 0.072833849994],
      [0.001366677569, 0.066943882374, 0.43446555467, 0.041549633478, 0.075806091231, 0.010643052863, 0.36922510782]
    ],
    [
      [0.00030171074144, 0.0015952622695, 0.29908605719, 0.0035684738993, 0.04086117682, 0.58389607671, 0.070691242379],
      [0.0055220040006, 0.94578958787, 0.033244649701, 0.0023819722928, 0, 0.0016300270698, 0.011431759065],
      [0.18383245919, 0, 0.030463319663, 0.69219094687, 0.021396458867, 0.066833981334, 0.0052828340766],
      [0.039358801066, 0.23392002785, 0.51743675408, 0.056965366093, 0.033836873428, 0.055330190884, 0.063151986601],
      [0.0036790120963, 0.21146256379, 0.36849024518, 0.058226447493, 0.047213733797, 0.01239584684, 0.2985321508]
    ],
    [
      [0, 0.0025347832777, 0.19809731774, 0.0029113026035, 0.071061995105, 0.65777597657, 0.067618624702],
      [0.024382080972, 0.90864436271, 0.041084529788, 0.0017225738342, 0.00084107073327, 0.0004653277135, 0.022860054251],
      [0.28753346787, 0.0065997111794, 0, 0.641595833, 0.026090770566, 0.034220634867, 0.0039595825146],
      [0.072726308952, 0.13693392458, 0.44834241703, 0.083983764759, 0.10673258824, 0.069870996392, 0.081410000048],
      [0.00026450701412, 0.088147333261, 0.30527479253, 0.092515026491, 0.112239725, 0.014540874662, 0.38701774104]
    ],
    [
      [0, 0.00093836345823, 0.3870499834, 0.0019456443396, 0.084330916714, 0.44316523658, 0.08256985551],
      [0.0079675328945, 0.84589771485, 0.10681966785, 0.0013243059368, 0.00054305368067, 0.00020405409762, 0.037243670694],
      [0.1629688705, 0.0071268300115, 0.020461854884, 0.64872219078, 0.081238568517, 0.078973756294, 0.00050792900713],
      [0.013479649066, 0.08672014705, 0.67275997506, 0.031341892384, 0.087753146235, 0.040055133564, 0.067890056643],
      [0.00072144613666, 0.05837212202, 0.45855406318, 0.03256780254, 0.099464800757, 0.0078029111752, 0.34251685419]
    ],
    [
      [0, 0.00096140505618, 0.28631230838, 0.0011335176646, 0.085533766203, 0.55492296246, 0.071136040241],
      [0.0063968606776, 0.86624772157, 0.089675535354, 0.00081571313995, 3.9106387863e-05, 0.00040945205315, 0.036415610815],
      [0.16029298279, 0.0089795206791, 0.021202524802, 0.56307382718, 0.11228804552, 0.1333649408, 0.00079815823671],
      [0.012531102012, 0.097890283124, 0.62490314745, 0.022916562377, 0.10484268984, 0.062733018649, 0.074183196553],
      [0.00063004879606, 0.063751794753, 0.41523401216, 0.02416538425, 0.12151784122, 0.012001198298, 0.36269972052]
    ],
    [
      [0, 0.0012034920354, 0.37971675808, 0.0017825551603, 0.12125420485, 0.39982121074, 0.096221779137],
      [0.0042975089678, 0.85203520633, 0.10064341781, 0.0012880847887, 0, 0.00024275032228, 0.041493031783],
      [0.13601724341, 0.0086985670131, 0.02427235105, 0.62373299539, 0.12791652464, 0.07824200297, 0.0011203155215],
      [0.0067858735166, 0.089127717452, 0.65185552171, 0.027492618557, 0.11071941341, 0.03531614941, 0.078702705943],
      [0, 0.055367341142, 0.41391015758, 0.025380431502, 0.1290101975, 0.0064855394543, 0.36984633282]
    ],
    [
      [0, 0, 0.38997911006, 0.00068663684955, 0.1061319112, 0.41682167514, 0.086380666749],
      [0.0062630874339, 0.7718327339, 0.16241934624, 0.00049443066985, 0, 0.00055496082397, 0.058435440934],
      [0.15599437236, 0.0047453056257, 0.037022515528, 0.52617297975, 0.15828160072, 0.11590817836, 0.0018750476568],
      [0.0063476114729, 0.046327971819, 0.7152309848, 0.012627529472, 0.10209157649, 0.040482546887, 0.076891779063],
      [0, 0.032993750059, 0.46340519819, 0.015543473129, 0.12224836423, 0.0077518990595, 0.35805731533]
    ],
    [
      [0, 0, 0.43418050863, 0.0011757602209, 0.058666726087, 0.40519670628, 0.10078029878],
      [0.010017161982, 0.73423785035, 0.18406012705, 0.0011688359293, 0.00075796220338, 0.00032567944101, 0.069432383044],
      [0.17508528769, 0.0021946463571, 0.033271969384, 0.61978068309, 0.074095634987, 0.094525681348, 0.0010460971429],
      [0.0096351276421, 0.035000275801, 0.75603412923, 0.018912789463, 0.061763995163, 0.036165015133, 0.082488667571],
      [0.00016832033267, 0.027852735938, 0.48599819994, 0.021513989213, 0.06524918164, 0.0067039977793, 0.39251357516]
    ],
    [
      [0, 0.0005411368783, 0.28440542405, 0.00045797720179, 0.046192219815, 0.60354671722, 0.064856524835],
      [0.0065889255039, 0.83564913284, 0.11388123676, 0.0006700846842, 0.00060796590159, 0.00022494631688, 0.042377707999],
      [0.16076578599, 0.0080326531266, 0.025685673657, 0.55051578696, 0.075525078574, 0.17873780459, 0.00073721710326],
      [0.0099579921961, 0.079534650045, 0.68149792535, 0.016748921639, 0.068165654121, 0.069968481288, 0.074126375361],
      [0.00036351121823, 0.053430293381, 0.46425781058, 0.020703529587, 0.075268933636, 0.013382528272, 0.37259339332]
    ],
    [
      [0.00028182341025, 0.00099986614891, 0.43202800565, 0.00097415104969, 0.12207391515, 0.29373540729, 0.1499068313],
      [0.014804655394, 0.80474943906, 0.11548566806, 0.00046275851553, 0.00056571958538, 0, 0.063931759379],
      [0.32592681007, 0.0069661407925, 0.025148496827, 0.47398419281, 0.11730160266, 0.05067275685, 0],
      [0.027645563857, 0.073590679201, 0.66786416718, 0.013713402346, 0.10717397312, 0.01174240816, 0.098269806133],
      [0.0020253556376, 0.04159643839, 0.37678524915, 0.015734116802, 0.10459400265, 0.001298666031, 0.45796617134]
    ],
    [
      [0.00046119120936, 0.00047230272762, 0.21249796473, 0.0017253987356, 0.069684635322, 0.70123817916, 0.013920328112],
      [0.019367396592, 0.84050300627, 0.12458613064, 0.0027944452603, 0.00044412886114, 0.0011344032439, 0.011170489131],
      [0.20321180736, 0.0030268525506, 0.012108617226, 0.62001396705, 0.065761947563, 0.095876808242, 0],
      [0.02666907625, 0.061535328867, 0.6534203617, 0.048452632217, 0.12071457016, 0.089208030801, 0],
      [0.045914530288, 0.051031175085, 0.55648968898, 0.057074342326, 0.18086776913, 0.022025384685, 0.0865971095]
    ],
    [
      [0, 0, 0.33206009775, 0.0023468331941, 0.089035854631, 0.51149917137, 0.06505804306],
      [0.016396660729, 0.77125354537, 0.1577476241, 0.0027444110077, 0.00079898291328, 0.00065219187449, 0.050406584007],
      [0.16857918449, 0, 0.018666594611, 0.6553331647, 0.074829849934, 0.081598647493, 0.00099255877395],
      [0.021440812563, 0.040746024398, 0.67227824095, 0.043349831831, 0.1032566539, 0.056111170794, 0.062817265562],
      [0.0016729009265, 0.033931618429, 0.46623668236, 0.044390513417, 0.12362542493, 0.011273724355, 0.31886913559]
    ],
    [
      [0, 0, 0.32772285638, 0.0015383773283, 0.058654846784, 0.54130021374, 0.07078370577],
      [0.0083598061993, 0.78766712204, 0.14886168103, 0.0015651009499, 0.00079580432094, 0.00038904311971, 0.052361442338],
      [0.14865536426, 0.0029396540313, 0.02632858234, 0.60472608047, 0.080828885289, 0.13503367453, 0.0014877590826],
      [0.0085460873277, 0.052889400597, 0.70369991545, 0.027210478094, 0.076917469341, 0.058238932827, 0.072497716364],
      [0.00030152545366, 0.038555523986, 0.47669155373, 0.026234085987, 0.084817255683, 0.01138636268, 0.36201369248]
    ],
    [
      [0, 0.00051793476219, 0.30273509028, 0.002517986622, 0.062464526703, 0.58162327648, 0.050141185149],
      [0.011335340594, 0.83618967788, 0.11714247963, 0.0023075009038, 0.0006571166751, 0.0004921170285, 0.031875767287],
      [0.14301380416, 0.0039224557166, 0.014715256045, 0.6927495647, 0.053737455555, 0.091861463822, 0],
      [0.017123763574, 0.074525936769, 0.65941524501, 0.049010498667, 0.083080821682, 0.066949574727, 0.049894159567],
      [0.001124151472, 0.05550246911, 0.48916191194, 0.053914121734, 0.10062818708, 0.014223634851, 0.28544552382]
    ],
    [
      [0, 0.00092524686261, 0.22324405808, 0.0060585022461, 0.050285595384, 0.67669994538, 0.042786652048],
      [0.04965080635, 0.82088776481, 0.094529027315, 0.0056077811074, 1.8608858342e-05, 0.00011132544707, 0.029194686114],
      [0.17763690227, 0.0055285972251, 0.030940929513, 0.74475408441, 0.0087749423409, 0.027247313239, 0.0051172310095],
      [0.076327131036, 0.07378976942, 0.52259022755, 0.14335693961, 0.062032209776, 0.071839465206, 0.05006425741],
      [0.0060250396284, 0.053167854783, 0.38264482197, 0.20013686724, 0.085167905185, 0.016050665655, 0.25680684554]
    ],
    [
      [0, 0.00065243091858, 0.21750047483, 0.0038959553959, 0.094373730564, 0.66534690862, 0.018230499666],
      [0.058347082214, 0.84070165577, 0.094082223588, 0.0049714210094, 0.00085073480607, 0.0010468826088, 0],
      [0.29688977622, 0.0079838874331, 0.026782895255, 0.57699937036, 0.039484995316, 0.051859075408, 0],
      [0.086760751331, 0.072336177593, 0.54225084476, 0.086055408903, 0.13465993485, 0.077936882568, 0],
      [0.0051083945803, 0.060441971502, 0.46870730674, 0.10821137514, 0.1979454051, 0.019332761173, 0.14025278576]
    ],
    [
      [0.00016351434973, 0.00090808466061, 0.32562698518, 0.0037897237386, 0.068843245725, 0.5450702986, 0.055598147747],
      [0.022441138661, 0.85082275262, 0.09639874311, 0.0027791328179, 0.00048996086758, 0.00023574099027, 0.026832530929],
      [0.22536487755, 0.0041942670998, 0.011866516446, 0.67226941937, 0.035431019226, 0.050873900303, 0],
      [0.043650591359, 0.088665162964, 0.62087964521, 0.066769510824, 0.078483279597, 0.05322725668, 0.048324553363],
      [0.0035170535832, 0.065758452339, 0.46619490936, 0.076044704255, 0.098036807599, 0.011484533291, 0.27896353957]
    ],
    [
      [0.00023107085952, 0.00071034298033, 0.23974749071, 0.00091775992006, 0.038237195087, 0.66757037206, 0.052585768385],
      [0.0069971103708, 0.85369569727, 0.10121462691, 0.0010119036314, 0.00075139878942, 0, 0.036329263027],
      [0.19543075847, 0.0085695692727, 0.023349978563, 0.51283131207, 0.064143727967, 0.19445863866, 0.0012160149936],
      [0.020442434719, 0.089670273207, 0.65742877211, 0.022890155051, 0.064882583956, 0.075554175106, 0.069131605851],
      [0.0023246291202, 0.062123892794, 0.46449172545, 0.024117011296, 0.074061380583, 0.013979656023, 0.35890170473]
    ],
    [
      [0.00011225081133, 0.00058447736224, 0.24766942493, 0.0026122392809, 0.06627262243, 0.62854200925, 0.054206975939],
      [0.02163914774, 0.83488302979, 0.10284769768, 0.0027148789754, 0.00067704854577, 0.00049538375309, 0.036742813509],
      [0.20867882771, 0.0029929675976, 0.012543958073, 0.64775610352, 0.04622477382, 0.080770839519, 0.0010325297546],
      [0.037275944419, 0.077411884038, 0.59291275006, 0.058338108214, 0.094766611307, 0.077999778391, 0.061294923575],
      [0.0028885317886, 0.0552632204, 0.42395108125, 0.064892338537, 0.11285067997, 0.015973982366, 0.32418016569]
    ],
    [
      [0, 0, 0.24076109096, 0.0027448080533, 0.067447643304, 0.64190049897, 0.047145958718],
      [0.015873080345, 0.73219661276, 0.18713196705, 0.0034945423806, 0.0012354396336, 0.00077000033742, 0.059298357499],
      [0.12518829117, 0, 0.02595126459, 0.63961824636, 0.075973187703, 0.13126619723, 0.0020028129452],
      [0.017704048393, 0.017235931484, 0.66382769328, 0.049978042112, 0.1067268966, 0.082904314999, 0.061623073135],
      [0.00058134307837, 0.024910925619, 0.4667519829, 0.045935767522, 0.12913832796, 0.01691156934, 0.31577008358]
    ],
    [
      [0.0005481550449, 0, 0.2633316966, 0.0031890549248, 0.12804897836, 0.57385876412, 0.031023350953],
      [0.01521974064, 0.76450951575, 0.17995362106, 0.0033568205618, 0, 0.0010782470495, 0.035882054936],
      [0.15114603691, 0, 0.045116396156, 0.54783653882, 0.12686994488, 0.12903108324, 0],
      [0.022965800684, 0.028569472635, 0.65978980566, 0.045097593563, 0.13587600339, 0.074375060813, 0.033326263261],
      [0.0027367637129, 0.028218254964, 0.48438358658, 0.038132536408, 0.22533475589, 0.01657504913, 0.20461905331]
    ],
    [
      [0.00010643664128, 0.00088042009918, 0.41591865406, 0.002022268843, 0.071406969716, 0.42061387046, 0.089051380183],
      [0.010494177156, 0.83033558431, 0.11639967575, 0.0013566388795, 0.00062409547568, 3.83337206e-05, 0.040751494712],
      [0.19454690614, 0.006323166125, 0.020461290062, 0.64341247261, 0.064690076302, 0.070095461727, 0.0004706270387],
      [0.018987570901, 0.079577275836, 0.69251447607, 0.031120558071, 0.072790637939, 0.034880371901, 0.070129109282],
      [0.0014386768058, 0.05382881179, 0.4712376145, 0.032739370451, 0.080868226906, 0.0066241448377, 0.35326315471]
    ],
    [
      [0.00014024226131, 0.0017496297493, 0.57245718943, 0.00025726836511, 0.068062278883, 0.22007060578, 0.13726278553],
      [0, 0.94222769098, 0.041262813168, 0, 0.0001236725259, 0, 0.016385823324],
      [0.17482196418, 0.024997860429, 0.065108662222, 0.54212678606, 0.11831579655, 0.064561366774, 0.01006756378],
      [0.0065794359199, 0.17992426793, 0.67791629237, 0.0019030965082, 0.046186643458, 0.0058560438295, 0.081634219985],
      [0.00057731935657, 0.12040164393, 0.42670797207, 0.0072312375387, 0.049566025234, 0.0012049278348, 0.39431087404]
    ],
    [
      [0, 0, 0.4732075309, 0.0072235168414, 0.048951168785, 0.37136394123, 0.099253842249],
      [0.010476717841, 0.9473772325, 0.028149410641, 0.0039486284225, 0, 0, 0.0100480106],
      [0.54919356554, 0, 0.012340459866, 0.41289017415, 0.010561594472, 0.011168699191, 0.0038455067851],
      [0.055961136186, 0.20129636759, 0.55880233261, 0.077404594866, 0.031072918378, 0.0087335259367, 0.066729124431],
      [0.00048343513563, 0.16918136202, 0.41048312502, 0.052575937921, 0.041421371439, 0.0023227627446, 0.32353200572]
    ],
    [
      [0, 0, 0.13716450274, 0.0049726388377, 0, 0.82853579371, 0.029327064713],
      [0.66435235221, 0, 0.23973194349, 0.012902725857, 0, 0.0033997641407, 0.079613214297],
      [0.30020118362, 0, 0.037626223338, 0.60158968865, 0, 0.040227522428, 0.020355381963],
      [0.063033383121, 0, 0.62858632761, 0.12388439934, 0, 0.10665691464, 0.077838975295],
      [0.010057827029, 0, 0.45621853096, 0.12717043623, 0, 0.02448133016, 0.38207187562]
    ],
    [
      [0.00012205857692, 2.9243164284e-06, 0.36031566759, 0.0024512746839, 0.069882305429, 0.4949425642, 0.072283205208],
      [0.015610103334, 0.781674584, 0.14980603106, 0.0025185183664, 0.00081540398277, 0.00050294521668, 0.049072414037],
      [0.17490507412, 0.0011049830932, 0.016911054741, 0.67427350407, 0.057244577414, 0.074892373313, 0.00066843325587],
      [0.021955970068, 0.048716910117, 0.68788676406, 0.043231270686, 0.081615334293, 0.050985921547, 0.065607829226],
      [0.0017412838428, 0.037771519998, 0.47761548765, 0.04513036331, 0.09247940596, 0.010198320726, 0.33506361851]
    ],
    [
      [1.4100625809e-05, 0.00065842434112, 0.30826262896, 0.0020183673022, 0.050608920019, 0.57228479943, 0.066152759325],
      [0.010099813579, 0.83599971677, 0.11189191006, 0.0018437491901, 0.00049057875528, 0.00041921226892, 0.03925501937],
      [0.15832966705, 0.0052513849299, 0.016418520514, 0.66549301968, 0.049979365094, 0.10410483666, 0.00042320607887],
      [0.01729308998, 0.079632269546, 0.66454676244, 0.040261081718, 0.066132603797, 0.064789145608, 0.067345046914],
      [0.0012089217599, 0.055372115528, 0.46390871681, 0.041701122716, 0.07596062618, 0.012922550615, 0.34892594639]
    ],
    [
      [0, 0.00068858780129, 0.36203360564, 0.0016626550819, 0.051301247888, 0.50469530442, 0.079618599166],
      [0.0068740937165, 0.83641733875, 0.11367586848, 0.0012778239722, 0.00038491594506, 0.00046625926689, 0.040903699871],
      [0.147992142, 0.0070944052803, 0.02197395581, 0.66098866214, 0.05746601195, 0.10391578093, 0.00056904189151],
      [0.0097004459797, 0.082351993456, 0.69465185483, 0.029610884989, 0.059051588975, 0.052080238634, 0.072552993139],
      [0.00037743598174, 0.055122640791, 0.47183865064, 0.030871074998, 0.06660799561, 0.010086336945, 0.36509586504]
    ],
    [
      [0, 0, 0.42642770719, 0.00020405602615, 0.048496804312, 0.4515189369, 0.073352495567],
      [0.011594170377, 0.69346794745, 0.22882685409, 0.00081863940163, 0.00073908043349, 0.00059949159143, 0.063953816654],
      [0.20756436609, 0, 0.042588751919, 0.53102788234, 0.079935360015, 0.13664678172, 0.0022368579228],
      [0.011301760627, 0.01365930796, 0.79945134343, 0.0057939171537, 0.055014082977, 0.04491529118, 0.069864296675],
      [0.00079248670565, 0.021623810258, 0.55680674593, 0.014891919636, 0.062824541717, 0.0091270129026, 0.33393348285]
    ],
    [
      [0.00014169726091, 0.00056767112608, 0.29538934933, 0.0020134768969, 0.06027103759, 0.59027992446, 0.051336843335],
      [0.013963191029, 0.83585068, 0.11469647213, 0.0019382373499, 0.00064585395649, 0.00038909977983, 0.032516465755],
      [0.19160524247, 0.0044443828601, 0.015569480918, 0.6295064276, 0.056679641996, 0.10219482415, 0],
      [0.024771708508, 0.076570484787, 0.6559794975, 0.041143769154, 0.081280523803, 0.068040027673, 0.052213988575],
      [0.0021163691251, 0.056906514047, 0.48629476025, 0.045784657852, 0.098954270287, 0.01442155079, 0.29552187765]
    ],
    [
      [0, 0, 0.27702689112, 0.00156289011, 0.081925497688, 0.56377415601, 0.07571056507],
      [0.013299668939, 0.72823392246, 0.1759938991, 0.0022748486046, 0.0011189312749, 0.0007749445181, 0.07830378511],
      [0.14961352414, 0, 0.023595320554, 0.59534662391, 0.10126801829, 0.12923961671, 0.00093689639617],
      [0.014094873083, 0.021502085913, 0.66781859014, 0.033192559268, 0.10946400322, 0.06909083166, 0.084837056715],
      [0.000761523009, 0.021586647172, 0.41822544109, 0.029776943784, 0.12056565996, 0.012606015249, 0.39647776974]
    ],
    [
      [0.00016482510241, 0.0006098742478, 0.28682311036, 0.0016706476995, 0.083691516835, 0.5660776063, 0.060962419455],
      [0.010573447805, 0.83770269292, 0.11094351441, 0.0015604209077, 0.00027009586765, 0.0004529686869, 0.038496859402],
      [0.17578552796, 0.0055401529818, 0.018405367226, 0.59181410132, 0.091916114628, 0.11566963887, 0.00086909701642],
      [0.019130650973, 0.076082200926, 0.63718865674, 0.032687417643, 0.10485651477, 0.065324530916, 0.064730028031],
      [0.0016511562831, 0.052641200788, 0.44226090745, 0.03347155172, 0.1275929508, 0.012974553695, 0.32940767926]
    ],
    [
      [0.00012527693949, 1.8334881693e-05, 0.31390964217, 6.9262460281e-05, 0.067064699353, 0.55315267862, 0.065660105572],
      [0.010513514933, 0.78793964884, 0.14880630334, 0.00061394357007, 0.00082441057778, 0.00052665736787, 0.050775521369],
      [0.21590413959, 0.0056139625525, 0.030270532337, 0.463389092, 0.11301361873, 0.17084018954, 0.00096846525443],
      [0.015712371716, 0.051749515919, 0.7033471978, 0.005823247925, 0.089623220654, 0.062633175825, 0.071111270159],
      [0.0013256221465, 0.038720842714, 0.47967615962, 0.014881725975, 0.10195066117, 0.01234813266, 0.35109685571]
    ],
    [
      [0, 0.00081439616024, 0.31320325948, 0.0019876170201, 0.069335713549, 0.53491131769, 0.079747696108],
      [0.0067576608072, 0.86476432003, 0.08912328949, 0.0013745464112, 0.00053920650523, 0.00037243651112, 0.037068540242],
      [0.14116621036, 0.0075814584442, 0.016521224306, 0.66420856767, 0.070507472204, 0.099629228879, 0.00038583814201],
      [0.011383324633, 0.099215635024, 0.63347631264, 0.036678660485, 0.08570882395, 0.057886061214, 0.07565118206],
      [0.00035849499306, 0.064181682836, 0.41938612578, 0.035586713639, 0.09269733764, 0.010946947476, 0.37684269763]
    ],
    [
      [0.00013079874452, 0.0010809988339, 0.35032161668, 0.0020069666073, 0.063624731338, 0.505984618, 0.076850269802],
      [0.011241516716, 0.87090300364, 0.085322043527, 0.0011755382638, 0.00043679961138, 0.00030765971597, 0.030613438522],
      [0.22984011921, 0.0074205304113, 0.016425423213, 0.60749792986, 0.055857589136, 0.082552565164, 0.00040584300763],
      [0.02587227689, 0.10723903427, 0.64491404871, 0.034465597638, 0.071067858071, 0.050017643202, 0.066423541218],
      [0.0020065175786, 0.074150251616, 0.45019815909, 0.036816406634, 0.081555307734, 0.0099844772159, 0.34528888013]
    ],
    [
      [0.00018887490562, 0.00094662005331, 0.2452500266, 0.0019634498671, 0.05316445671, 0.65084521433, 0.047641357531],
      [0.011071002606, 0.90175595147, 0.064669513239, 0.0012681353531, 0.00047501162974, 0.00020896854876, 0.020551417154],
      [0.21831466644, 0.0062128000457, 0.011741220913, 0.61013737586, 0.049204389512, 0.10377787141, 0.00061167581808],
      [0.031559775519, 0.12712244183, 0.58775818406, 0.043380623164, 0.078349401698, 0.078134078187, 0.053695495546],
      [0.0027706892035, 0.094516929506, 0.4397990668, 0.049351306381, 0.094917623992, 0.016660058027, 0.30198432609]
    ],
    [
      [7.973380468e-05, 0.00053486540572, 0.22138133595, 0.002388181445, 0.045648879617, 0.6832799844, 0.046687019382],
      [0.023362286594, 0.83247962848, 0.10460769677, 0.0027944301093, 0.00061601242546, 0.0001689613378, 0.035970984289],
      [0.21148649398, 0.0030955973379, 0.012002117368, 0.6485343434, 0.034102192483, 0.089897798986, 0.00088145644164],
      [0.039669031555, 0.076109879643, 0.59955766431, 0.060933050461, 0.074646403094, 0.089012499574, 0.060071471367],
      [0.003194741535, 0.055570988406, 0.43770339538, 0.070504261655, 0.089937805558, 0.019264798767, 0.3238240087]
    ],
    [
      [0, 0.0012210662202, 0.36724365896, 0.0031588055943, 0.098221542351, 0.47933894416, 0.050815982712],
      [0.021422782466, 0.87263048687, 0.084093383133, 0.0022648533188, 0.00059354989627, 0.00014814314888, 0.01884680117],
      [0.31265594461, 0.0068889404074, 0.016898646802, 0.55563636232, 0.057438446345, 0.050481659519, 0],
      [0.041581716686, 0.10507249544, 0.6251690817, 0.051934622349, 0.1002920399, 0.041699909053, 0.034250134869],
      [0.0020828724461, 0.080685754473, 0.48765512086, 0.05284504432, 0.12970349427, 0.0093885208169, 0.23763919281]
    ],
    [
      [7.4240311899e-05, 0.00092456434747, 0.33903455414, 0.0029790392989, 0.067326978919, 0.52090857158, 0.068752051403],
      [0.019014266172, 0.84789088113, 0.097702729998, 0.0021187128946, 0.00055812617595, 0.00033320049944, 0.032382083128],
      [0.23769135551, 0.0044943965166, 0.011509277594, 0.64350230975, 0.042228535486, 0.060280043042, 0.00029408210084],
      [0.036276827731, 0.089560507448, 0.63363827312, 0.051847865957, 0.076556824099, 0.051722879092, 0.060396822551],
      [0.0027071981559, 0.063356143098, 0.45424452853, 0.056597281069, 0.089990492443, 0.010599104478, 0.32250525222]
    ],
    [
      [5.7853540529e-05, 0.00084564245388, 0.27167700241, 0.0026571447426, 0.075145513934, 0.59859507992, 0.051021763003],
      [0.019977013303, 0.85800057295, 0.091111759674, 0.0020892116795, 0.00050329029034, 0.00045397899459, 0.027864173105],
      [0.23249539159, 0.0047914847962, 0.011414408009, 0.62724148715, 0.049845911179, 0.074068427676, 0.00014288959878],
      [0.038423872896, 0.091468487898, 0.59650187433, 0.054122045926, 0.098240512173, 0.069137816004, 0.05210539077],
      [0.0030341700702, 0.066507285446, 0.44129944336, 0.062043371451, 0.12151438595, 0.014650153244, 0.29095119048]
    ],
    [
      [0, 0.00095721223175, 0.28342053798, 0.0033387389099, 0.047381116858, 0.59487728732, 0.070025106701],
      [0.019436498257, 0.88238217213, 0.068244417034, 0.0020384159533, 4.1239830957e-05, 0.00035988946055, 0.027497367333],
      [0.26588440421, 0.0049345433365, 0.011138446984, 0.62943155615, 0.025362068552, 0.062212647039, 0.0010363337247],
      [0.044755041093, 0.12140685261, 0.58234282153, 0.063044383439, 0.055057628806, 0.064825049537, 0.068568222987],
