{
  "Z_true": {},
  "V_true": [
    [2639, 991, 772, 106],
    [1032, 4652, 508, 218],
    [1038, 348, 17600, 734],
    [186, 575, 344, 226],
    [204, 192, 846, 682]
  ],
  "p_true": [
    [0.5854, 0.2198, 0.1713, 0.0235],
    [0.161, 0.7257, 0.0793, 0.034],
    [0.0526, 0.0176, 0.8925, 0.0372],
    [0.1397, 0.432, 0.2585, 0.1698],
    [0.106, 0.0998, 0.4397, 0.3545]
  ],
  "Z_est": [
    [
      [6.5049, 64.6537, 91.0684, 111.21, 2.2605, 30.0838, 32.7321, 66.4778, 80.0267, 58.0809, 61.1205, 71.1677, 103.7228, 135.5546, 46.7189, 54.3092, 93.5583, 63.2319, 4.6357, 5.3887, 26.5616, 0, 0.9271, 77.9588, 28.9979, 90.2326, 63.7393, 52.265, 15.0199, 57.1277, 190.3357, 141.9546, 55.4456, 102.4329, 7.0037, 1.7731, 7.1075, 54.966, 141.8713, 46.0007, 62.2924, 12.6983, 1.9393, 2.7639, 40.2432, 0, 38.0892, 260.2561, 5.3061, 137.913, 12.4817, 370.2051, 91.8247],
      [1.7751, 8.0622, 15.5601, 19.9161, 0.0421, 4.4697, 9.2844, 15.561, 24.1435, 14.3325, 11.8505, 9.7652, 15.7753, 22.9407, 14.5572, 10.2363, 21.7608, 15.0105, 1.3917, 2.1448, 0.8002, 1.955, 0.0382, 10.3571, 2.367, 15.0334, 6.9883, 4.6596, 2.1134, 6.204, 35.7668, 19.9242, 4.4851, 7.4393, 0.3089, 0.0745, 0.9729, 8.6462, 18.386, 9.9172, 6.646, 3.9226, 1.1206, 2.4904, 4.9605, 0, 5.3721, 46.7251, 1.1279, 21.5021, 2.4393, 57.737, 11.8039],
      [0.1275, 5.007, 7.4388, 14.3615, 0.6974, 2.2343, 2.838, 5.7282, 7.9176, 4.3445, 6.0678, 7.8731, 6.6352, 11.3864, 5.0791, 6.5147, 8.32, 7.8447, 0.1015, 0.1634, 1.2036, 0.045, 0.0347, 6.949, 2.7132, 10.4868, 6.8169, 4.2563, 1.5841, 3.4048, 10.5656, 10.7291, 4.9604, 6.4323, 0.472, 0.0195, 0.2194, 3.5353, 11.3495, 4.7145, 3.537, 0.3294, 0.5032, 0.3808, 3.359, 0, 2.5035, 21.7779, 1.656, 12.1384, 1.9246, 29.7312, 5.1853],
      [0.5926, 6.2771, 7.9327, 12.5124, 0, 2.2123, 5.1456, 6.2331, 8.9122, 5.2421, 5.9613, 5.194, 5.8666, 10.1182, 6.6448, 6.9398, 10.3608, 5.913, 0.8711, 1.3031, 0.4346, 0, 0, 4.7351, 1.9218, 8.2472, 3.4556, 2.8191, 1.2827, 4.2636, 21.3318, 12.3921, 3.109, 4.6955, 0.2155, 0.1329, 0.7001, 5.8525, 11.3932, 4.3676, 5.5247, 1.0496, 0.4369, 0.3649, 4.4372, 0, 2.0352, 22.2409, 0.91, 10.4465, 1.1544, 25.3267, 3.1861]
    ],
    [
      [0.0584, 10.6267, 12.5134, 15.1752, 1.8633, 5.2171, 4.0822, 11.9347, 10.8435, 9.9613, 13.578, 8.3363, 20.4587, 18.0234, 5.0971, 6.6239, 12.7983, 5.9764, 0.0331, 0.2406, 5.9613, 0, 0.5163, 5.3709, 3.8748, 11.5641, 7.7832, 7.5714, 3.4254, 7.54, 15.0247, 21.8374, 8.4237, 16.267, 2.3777, 0.7538, 1.4347, 8.779, 14.4964, 3.2231, 5.1347, 0.5426, 0.0243, 0.0607, 7.1168, 0, 6.5529, 36.8895, 0.2746, 15.1899, 1.5028, 44.7407, 6.0768],
      [3.7503, 94.1114, 152.0214, 193.4934, 2.1224, 56.7803, 83.4197, 199.4568, 232.5697, 175.6824, 188.5123, 81.9348, 221.295, 216.1019, 114.8483, 89.9095, 211.246, 101.9817, 2.79, 8.0939, 15.0518, 0, 3.9422, 51.6724, 23.2162, 137.0598, 61.2581, 48.5355, 36.1065, 59.2471, 198.2904, 216.6565, 49.1974, 84.5437, 9.3463, 8.3481, 16.2642, 98.9908, 132.8655, 50.9816, 40.1133, 12.6937, 4.5322, 7.4931, 63.1954, 0.9966, 67.213, 465.9842, 4.7676, 167.6835, 23.0613, 490.0207, 54.0245],
      [0.0371, 10.3937, 13.0463, 24.9487, 2.0143, 5.2817, 4.3377, 14.8929, 13.9666, 9.7214, 18.1938, 11.8922, 16.1588, 19.025, 7.0128, 10.3112, 14.3868, 9.6504, 0.0249, 0.0714, 2.9714, 0, 0.5415, 4.806, 4.4395, 17.2583, 10.907, 7.9749, 5.6158, 5.7925, 11.7218, 21.3473, 9.8489, 13.0492, 1.4705, 0.1949, 0.859, 7.2813, 15.5738, 4.8331, 3.3275, 0.3484, 0.2615, 0.3132, 7.1297, 0.0034, 5.8577, 40.1375, 1.4515, 17.136, 3.0156, 46.1549, 4.8683],
      [0.1542, 9.8682, 10.419, 16.3827, 0, 3.7209, 6.1604, 10.7155, 11.6202, 8.6349, 12.7159, 5.8367, 11.0875, 12.8497, 7.0418, 8.1555, 13.5688, 5.3915, 0.152, 0.5941, 1.0155, 0, 0, 3.1507, 2.4694, 10.1179, 4.0517, 3.9181, 2.8522, 5.4203, 15.9631, 18.1589, 4.53, 7.1402, 0.8055, 1.7033, 1.4421, 8.9489, 11.0643, 2.9621, 4.4245, 0.4153, 0.182, 0.133, 7.5581, 0, 3.3763, 29.9889, 0.5063, 10.9906, 1.4203, 29.0837, 2.0304]
    ],
    [
      [2.0427, 15.0268, 27.1837, 23.5442, 0.5821, 9.8024, 9.0599, 21.6969, 23.2042, 16.8373, 13.3729, 15.673, 21.4539, 25.0077, 10.7136, 11.7072, 21.6908, 14.0451, 0.1195, 1.9706, 7.547, 0, 0.5566, 20.0215, 15.3887, 25.6205, 16.413, 25.8812, 6.661, 15.4715, 35.9912, 39.32, 17.1712, 35.5137, 1.2113, 3.6787, 3.7774, 14.9899, 25.0159, 6.0659, 15.8557, 2.5123, 0.0241, 0.0938, 7.838, 0, 14.6874, 89.4118, 0.1837, 32.9473, 1.6236, 82.9135, 14.4258],
      [0.5009, 1.7801, 3.8498, 4.0353, 0.3633, 1.1145, 2.3839, 4.4702, 6.3049, 3.7212, 2.9741, 1.9494, 3.0882, 3.5098, 2.928, 2.0037, 4.3146, 2.9354, 0.0336, 0.6669, 0.1074, 0.045, 0.0195, 2.2827, 0.7916, 3.7686, 1.5991, 1.7852, 0.7856, 1.377, 6.5063, 4.6778, 0.9829, 1.8896, 0.0576, 0.7469, 0.413, 2.1287, 2.6551, 1.0537, 1.4413, 0.5803, 0, 0.019, 0.9689, 0.0034, 1.7839, 13.5599, 0.0483, 4.3431, 0.3105, 11.1255, 1.7879],
      [28.3214, 277.5445, 559.6111, 788.2493, 14.0547, 195.4455, 197.0185, 505.0516, 576.935, 330.1379, 343.3303, 440.8633, 340.8263, 522.6142, 300.8098, 364.9671, 484.5244, 454.4739, 3.6519, 27.2851, 81.8507, 20.955, 18.4239, 429.0215, 378.8242, 746.1523, 435.171, 544.8468, 213.5587, 235.4476, 532.5525, 741.8276, 385.2932, 563.7721, 21.4285, 28.8504, 49.8405, 245.5601, 504.6965, 177.8751, 229.0864, 39.8317, 8.7404, 11.7225, 158.3701, 4.9966, 257.8085, 1880.9797, 43.0547, 716.7809, 72.0861, 1647.5863, 210.8765],
      [1.1351, 6.6487, 11.3554, 13.1711, 0, 3.6376, 6.5377, 9.7814, 12.5559, 7.3035, 6.3227, 5.5143, 5.6316, 8.8684, 7.5486, 7.322, 11.4703, 6.5456, 0.195, 2.0774, 0.4948, 0, 0, 5.6743, 4.9955, 11.4585, 3.8168, 6.4868, 2.9947, 5.7039, 17.95, 16.1746, 4.5527, 7.8246, 0.3026, 2.724, 1.9691, 7.3213, 9.6326, 3.0053, 6.6167, 1.0756, 0.2354, 0.1647, 3.8231, 0, 3.7202, 36.0487, 0.7133, 11.9287, 0.9798, 26.3747, 1.9097]
    ],
    [
      [0.0053, 0.0502, 0.0949, 0.1221, 0.0573, 0.0553, 0.0428, 0.093, 0.0928, 0.0902, 0.0571, 0.0842, 0.1002, 0.1221, 0.0478, 0.0326, 0.1137, 0.0613, 0.0849, 0.0006, 0.0121, 0, 0, 0.076, 0.0117, 0.0308, 0.0134, 0.1059, 0.0115, 0.0822, 0.0398, 0.0513, 0.0462, 0.1298, 0.0434, 0.017, 0.0141, 0.0426, 0.0275, 0.0469, 0.0748, 0, 0.0123, 0.0043, 0.0295, 0, 0.0316, 0.3566, 0, 0.0863, 0.0056, 0.1984, 0.006],
      [0.7526, 21.617, 21.9197, 31.1248, 0.4614, 11.4318, 13.1077, 44.2024, 49.4918, 27.1011, 39.9809, 16.1433, 24.3347, 27.7848, 18.525, 10.3661, 34.9397, 24.2729, 0.6794, 0.7519, 0.914, 0, 0, 12.51, 2.8215, 14.2088, 5.322, 13.5887, 3.1342, 12.9772, 25.3348, 22.2663, 5.8374, 12.3804, 1.266, 1.4777, 1.8345, 10.8525, 12.5464, 7.8421, 8.1014, 0, 1.3472, 0.777, 11.8955, 0, 7.6686, 94.8841, 1.952, 21.3641, 5.5941, 60.4554, 3.1219],
      [0.1349, 9.2143, 8.6793, 18.4411, 2.4813, 4.8608, 3.3926, 13.3023, 12.6918, 7.1302, 15.3236, 10.6933, 8.2259, 11.2634, 5.4204, 5.2606, 11.0346, 10.123, 0.1094, 0.0253, 0.8446, 0, 0, 6.7005, 2.0864, 7.0427, 3.4075, 10.4031, 1.9644, 5.7317, 6.3443, 9.0709, 5.2012, 8.7817, 1.3131, 0.417, 0.5602, 3.6007, 5.7239, 3.5045, 3.6301, 0, 0.4949, 0.182, 5.9408, 0, 2.9275, 36.2169, 2.2635, 9.6004, 3.1699, 24.6612, 0.4132],
      [0.1071, 8.1184, 5.3062, 9.3121, 0, 2.6521, 3.4569, 8.4023, 8.7236, 4.6785, 9.6384, 4.0793, 4.3392, 5.8297, 4.0068, 3.3407, 7.912, 4.5428, 0.1263, 0.2223, 0.2293, 0, 0, 2.7136, 1.0804, 3.7177, 1.2571, 3.9023, 0.8899, 4.2088, 7.2811, 6.6115, 1.9152, 3.7081, 0.3775, 1.0883, 0.5913, 3.5042, 3.7021, 1.6066, 3.1937, 0, 0.1457, 0.0366, 5.1343, 0, 1.3724, 21.5424, 0.7845, 4.9492, 1.2305, 12.6851, 0.4589]
    ],
    [
      [0.3887, 5.6426, 13.1397, 11.9485, 0.2368, 3.8414, 3.083, 10.7976, 8.8327, 8.0303, 11.8716, 7.7389, 14.2644, 13.2923, 6.4227, 6.3271, 9.8389, 5.6853, 0.1269, 0.3996, 1.918, 0, 0, 11.5729, 4.7268, 8.552, 8.0512, 13.1764, 2.8821, 9.7786, 15.6086, 18.8368, 8.9133, 11.6567, 0.364, 0.7774, 1.6663, 7.2224, 9.5889, 2.6634, 7.6424, 1.2467, 0, 0.0773, 3.7726, 0, 6.6389, 40.0861, 0.2357, 9.8635, 1.3863, 48.9424, 8.6666],
      [0.2211, 1.4294, 4.649, 4.4304, 0.0108, 1.2038, 1.8043, 5.3097, 5.49, 4.1628, 4.6822, 2.2073, 4.5068, 4.6627, 4.1414, 2.4845, 4.7389, 2.7996, 0.1053, 0.3424, 0.1266, 0, 0, 3.1777, 0.8037, 2.9294, 1.8325, 2.431, 0.8603, 2.1947, 6.1016, 5.4752, 1.4972, 1.747, 0.0213, 0.3529, 0.5154, 2.3818, 2.547, 1.2055, 1.698, 0.8034, 0, 0.2205, 0.9797, 0, 1.9623, 14.8467, 0.1042, 3.1072, 0.5949, 15.6614, 2.2618],
      [0.3792, 6.8404, 18.2245, 25.9993, 0.7523, 5.1776, 4.4132, 17.025, 14.489, 10.666, 20.0844, 14.6781, 15.1538, 18.711, 11.6778, 12.9464, 14.7342, 11.908, 0.1122, 0.4547, 1.1296, 0, 0, 16.523, 7.9367, 16.0599, 14.6976, 18.5189, 6.277, 9.6234, 15.8159, 24.0251, 13.6963, 11.9647, 0.3159, 0.5182, 1.521, 8.0227, 12.6563, 5.0728, 7.4191, 1.4904, 0, 0.4015, 5.2004, 0, 7.9028, 56.888, 1.5743, 13.3443, 3.8038, 64.8664, 8.6567],
      [1.011, 13.0876, 26.9868, 31.6217, 0, 6.7772, 11.6995, 23.8677, 23.1882, 17.1408, 27.3617, 13.3757, 19.075, 23.334, 21.7581, 19.242, 25.688, 12.6071, 0.6556, 2.8032, 0.8258, 0, 0, 16.7263, 7.5328, 18.4587, 10.4187, 16.8737, 5.9805, 17.4034, 41.4739, 38.6629, 11.8931, 12.6316, 0.2988, 4.3515, 4.2974, 18.3732, 18.2078, 6.0584, 16.2405, 2.4594, 0, 0.3008, 10.0473, 0, 8.496, 80.1792, 1.0859, 17.685, 3.2149, 78.5298, 7.4149]
    ]
  ],
  "V_est": [
    [3380.2408, 560.8645, 284.199, 282.6956],
    [443.7727, 5133.4743, 481.8597, 350.8933],
    [863.5472, 122.5733, 18393.5846, 340.2949],
    [3.0158, 803.2646, 330.0067, 194.7129],
    [408.4235, 137.8232, 580.35, 797.4033]
  ],
  "p_est": [
    [0.7498, 0.1244, 0.063, 0.0627],
    [0.0692, 0.8009, 0.0752, 0.0547],
    [0.0438, 0.0062, 0.9327, 0.0173],
    [0.0023, 0.6035, 0.2479, 0.1463],
    [0.2123, 0.0716, 0.3016, 0.4145]
  ],
  "EI_Z": {},
  "EI_V": 8.4796,
  "MAE_Z": {},
  "MAE_V": 287.398,
  "MAE_p": 0.0677,
  "runtime": 1.81
}
