{
  "X": [
    [9, 7, 29, 3],
    [96, 127, 309, 44],
    [144, 198, 607, 62],
    [162, 253, 872, 83],
    [5, 3, 20, 0],
    [49, 75, 213, 19],
    [49, 110, 212, 33],
    [111, 269, 556, 59],
    [123, 318, 626, 65],
    [93, 225, 362, 43],
    [100, 248, 403, 62],
    [103, 112, 486, 34],
    [160, 269, 387, 46],
    [192, 275, 583, 61],
    [69, 155, 330, 47],
    [79, 115, 400, 45],
    [138, 277, 533, 69],
    [89, 147, 494, 35],
    [5, 5, 4, 2],
    [8, 12, 28, 7],
    [42, 17, 88, 3],
    [0, 2, 21, 0],
    [2, 4, 19, 0],
    [115, 80, 464, 33],
    [53, 30, 396, 18],
    [136, 173, 797, 52],
    [96, 77, 471, 23],
    [99, 71, 586, 34],
    [28, 43, 229, 14],
    [90, 82, 260, 37],
    [257, 272, 577, 104],
    [222, 269, 807, 92],
    [90, 62, 419, 26],
    [166, 108, 604, 36],
    [11, 11, 25, 2],
    [7, 11, 30, 10],
    [14, 20, 53, 9],
    [86, 123, 268, 44],
    [191, 169, 550, 54],
    [58, 71, 196, 18],
    [91, 58, 247, 36],
    [17, 18, 42, 5],
    [2, 7, 10, 1],
    [3, 11, 13, 1],
    [59, 82, 180, 31],
    [0, 1, 5, 0],
    [66, 84, 277, 19],
    [427, 636, 2036, 190],
    [6, 8, 50, 4],
    [196, 218, 769, 56],
    [17, 32, 84, 8],
    [547, 635, 1813, 172],
    [121, 73, 230, 15]
  ],
  "W": [
    [9, 4, 32, 1, 2],
    [84, 125, 301, 39, 27],
    [122, 188, 602, 36, 63],
    [158, 250, 829, 59, 74],
    [3, 6, 15, 3, 1],
    [39, 71, 210, 19, 17],
    [50, 98, 215, 20, 21],
    [94, 237, 541, 66, 57],
    [121, 269, 619, 71, 52],
    [82, 204, 358, 39, 40],
    [85, 233, 366, 65, 64],
    [94, 108, 464, 31, 38],
    [132, 269, 371, 37, 53],
    [180, 266, 560, 45, 60],
    [73, 134, 322, 28, 44],
    [78, 115, 386, 19, 41],
    [134, 252, 522, 54, 55],
    [92, 123, 478, 39, 33],
    [7, 3, 4, 1, 1],
    [9, 9, 32, 1, 4],
    [29, 25, 90, 2, 4],
    [2, 0, 21, 0, 0],
    [1, 5, 19, 0, 0],
    [100, 65, 457, 22, 48],
    [36, 34, 400, 6, 21],
    [124, 176, 787, 25, 46],
    [81, 84, 457, 10, 35],
    [64, 68, 579, 28, 51],
    [20, 48, 224, 6, 16],
    [71, 78, 258, 23, 39],
    [258, 241, 593, 39, 79],
    [185, 278, 802, 38, 87],
    [68, 72, 408, 13, 36],
    [121, 121, 609, 25, 38],
    [8, 14, 23, 3, 1],
    [2, 11, 36, 3, 6],
    [9, 20, 56, 3, 8],
    [73, 124, 270, 18, 36],
    [183, 174, 542, 22, 43],
    [65, 62, 188, 13, 15],
    [78, 53, 253, 15, 33],
    [18, 14, 44, 0, 6],
    [4, 5, 9, 2, 0],
    [6, 8, 12, 1, 1],
    [53, 85, 171, 23, 20],
    [0, 1, 5, 0, 0],
    [48, 83, 278, 12, 25],
    [351, 573, 2020, 153, 192],
    [9, 7, 44, 5, 3],
    [182, 211, 766, 36, 44],
    [18, 29, 75, 10, 9],
    [483, 610, 1768, 98, 208],
    [112, 67, 229, 4, 27]
  ],
  "method": "mvn_cdf",
  "mvncdf_method": "genz",
  "mvncdf_samples": 5000,
  "mvncdf_error": 0.001,
  "cond_prob": [
    [
      [0.72276625239, 0.197229574, 0.014164101405, 0.06584007221],
      [0.014608528769, 0.93758195757, 0.0092636127462, 0.038545900915],
      [0.063833174773, 0.015652155181, 0.88504404419, 0.035470625852],
      [0.0053381429949, 0.75261425561, 0.1349000088, 0.10714759259],
      [0.19433493885, 0.11056139118, 0.18957960668, 0.50552406329]
    ],
    [
      [0.76968695331, 0.09597862971, 0.059607188493, 0.074727228485],
      [0.085013593617, 0.75289084181, 0.083149835647, 0.078945728924],
      [0.049922790065, 0.0059139709883, 0.92207469282, 0.02208854613],
      [0.0012882997226, 0.55428148793, 0.23626508515, 0.20816512719],
      [0.20898493411, 0.052939132628, 0.25334984636, 0.4847260869]
    ],
    [
      [0.74646223525, 0.12754219907, 0.060973448234, 0.065022117441],
      [0.066560458346, 0.80862427273, 0.069395225806, 0.055420043115],
      [0.045155651283, 0.0063950735493, 0.92958655063, 0.018862724541],
      [0.0026348169326, 0.60888011861, 0.24109196085, 0.1473931036],
      [0.20856643886, 0.073793172893, 0.28927813962, 0.42836224862]
    ],
    [
      [0.70386064272, 0.12605123414, 0.090895805843, 0.079192317297],
      [0.060700800112, 0.77397349246, 0.099794871325, 0.065530836102],
      [0.028400781733, 0.0048676945568, 0.9508435811, 0.015887942612],
      [0.00206919241, 0.52753841882, 0.31256074909, 0.15783163968],
      [0.16146605423, 0.059870897202, 0.35134232323, 0.42732072533]
    ],
    [
      [0.75349595543, 0.014030408559, 0.23247363601, 0],
      [0.31055704985, 0.35372500847, 0.33571794169, 0],
      [0.038803904636, 0.02421794724, 0.93697814812, 0],
      [0.019091679982, 0.15381327261, 0.82709504741, 0],
      [0.23683622514, 0.010849697089, 0.75231407778, 0]
    ],
    [
      [0.77137824704, 0.11460682447, 0.057289825826, 0.056725102665],
      [0.07348072851, 0.7997221156, 0.074390516329, 0.05240663956],
      [0.046678153581, 0.0053071099341, 0.93069301012, 0.017321726367],
      [0.0029098916908, 0.60167209331, 0.25583396952, 0.13958404548],
      [0.22596567337, 0.070811810522, 0.30456426986, 0.39865824625]
    ],
    [
      [0.65464201941, 0.1856871796, 0.05675933957, 0.10291146142],
      [0.04165553435, 0.85122128359, 0.044261832938, 0.06286134912],
      [0.042138867379, 0.011088115258, 0.91636526574, 0.030407751621],
      [0.0021400215019, 0.65538321873, 0.16963247979, 0.17284427998],
      [0.14680951174, 0.085921241567, 0.21015198396, 0.55711726273]
    ],
    [
      [0.70721049138, 0.1655421258, 0.060937908626, 0.066309474192],
      [0.050357436976, 0.84159001695, 0.062839299848, 0.045213246228],
      [0.040105107967, 0.0082627920964, 0.93355191752, 0.018080182411],
      [0.0014093294274, 0.66973295508, 0.20155041194, 0.12730730355],
      [0.18943196657, 0.093151940316, 0.29868435011, 0.41873174301]
    ],
    [
      [0.66137782029, 0.19953308941, 0.065434805555, 0.073654284736],
      [0.040310485843, 0.86457149258, 0.051920385797, 0.043197635775],
      [0.037486619246, 0.010185635544, 0.93204364653, 0.020284098682],
      [0.0013073465117, 0.69706813166, 0.17875730771, 0.12286721412],
      [0.16986007956, 0.10557728703, 0.27863497501, 0.4459276584]
    ],
    [
      [0.70830350592, 0.17478669185, 0.052981240385, 0.063928561844],
      [0.04883009521, 0.86118802728, 0.047653701626, 0.04232817588],
      [0.04703156129, 0.010394437717, 0.92217303619, 0.020400964807],
      [0.0023121944741, 0.69490004058, 0.18282550099, 0.11996226396],
      [0.20075746413, 0.10407058543, 0.26665104159, 0.42852090885]
    ],
    [
      [0.71906414051, 0.13941766105, 0.071385508303, 0.070132690139],
      [0.05827449176, 0.80906562077, 0.078085130144, 0.054574757328],
      [0.036537982808, 0.008125885444, 0.93806105103, 0.017275080716],
      [0.00087854519023, 0.61509091149, 0.23574778848, 0.14828275484],
      [0.18549350518, 0.073159778943, 0.31381946159, 0.42752725428]
    ],
    [
      [0.75710275325, 0.10388499868, 0.083756619471, 0.055255628604],
      [0.077188085182, 0.75865560023, 0.11011286918, 0.054043445401],
      [0.033777936608, 0.0042013914592, 0.95013637245, 0.011884299487],
      [0.0027148597857, 0.52075172252, 0.34494435058, 0.13158906711],
      [0.20365538831, 0.058085691149, 0.38626674251, 0.35199217804]
    ],
    [
      [0.78577898678, 0.11950980328, 0.050266917422, 0.044444292514],
      [0.076054487037, 0.82265804928, 0.06006983362, 0.041217630061],
      [0.057827153106, 0.0083239051628, 0.91866938568, 0.015179556055],
      [0.0027089119567, 0.65769477287, 0.22232040718, 0.117275908],
      [0.26913987145, 0.085034250917, 0.28592046236, 0.35990541527]
    ],
    [
      [0.75308114715, 0.1274484004, 0.063258041257, 0.056212411189],
      [0.067757080258, 0.81241302964, 0.071522631019, 0.048307259085],
      [0.044656537543, 0.0062675516247, 0.93323956114, 0.015836349687],
      [0.0027130550178, 0.61744103032, 0.2502973938, 0.12954852086],
      [0.22153769441, 0.077712446155, 0.31184992934, 0.3888999301]
    ],
    [
      [0.63998437382, 0.1994140855, 0.069576875592, 0.091024665093],
      [0.038037937939, 0.85707711703, 0.052334558226, 0.052550386805],
      [0.03327193314, 0.0090933177983, 0.93419197755, 0.023442771512],
      [0.0017064883621, 0.66160792743, 0.19358702757, 0.14309855664],
      [0.14597074733, 0.094121994941, 0.26540463038, 0.49450262735]
    ],
    [
      [0.69627208828, 0.13123434926, 0.08352170322, 0.088971859237],
      [0.057598971976, 0.78182175456, 0.089662306356, 0.070916967107],
      [0.030329460698, 0.0051909231152, 0.94551062524, 0.018968990949],
      [0.0017160914633, 0.54558175103, 0.27687399878, 0.17582815873],
      [0.1543199456, 0.06059681442, 0.31576669755, 0.46931654244]
    ],
    [
      [0.69819649541, 0.16239401577, 0.062089746532, 0.077319742286],
      [0.050787089556, 0.83827785045, 0.057090528313, 0.053844531685],
      [0.041553168727, 0.0082654674675, 0.92820766813, 0.021973695677],
      [0.0021047776916, 0.64703209954, 0.20434423537, 0.14651888739],
      [0.17888929046, 0.086161385118, 0.2678939883, 0.46705533612]
    ],
    [
      [0.68730346769, 0.16315713306, 0.085267972644, 0.064271426602],
      [0.048588480135, 0.82911946323, 0.078458934278, 0.043833122356],
      [0.029383044803, 0.0061410140547, 0.95078219998, 0.013693741162],
      [0.0015711531226, 0.622381696, 0.25956449706, 0.11648265382],
      [0.17228265237, 0.084835118756, 0.36084820075, 0.38203402813]
    ],
    [
      [0.66224084729, 0.19881238726, 0.014502135602, 0.12444462985],
      [0.0110252943, 0.92999703268, 0.0083157550711, 0.05066191795],
      [0.029865236265, 0.0084000546637, 0.91298588899, 0.048748820084],
      [0.08487501038, 0.6793917025, 0.10943478201, 0.12629850511],
      [0.12690223064, 0.10533027, 0.11215944762, 0.65560805175]
    ],
    [
      [0.5987458974, 0.23831236995, 0.018157097701, 0.14478463495],
      [0.026728015792, 0.89932578673, 0.0079356036355, 0.066010593841],
      [0.061580579835, 0.020841253179, 0.85266068211, 0.064917484874],
      [0.00056204932994, 0.75189190916, 0.025283429562, 0.22226261194],
      [0.099898544305, 0.085611144737, 0.1136851077, 0.70080520325]
    ],
    [
      [0.91591831262, 0.027592737585, 0.04150224246, 0.014986707331],
      [0.23845077076, 0.60207159713, 0.11885710426, 0.040620527839],
      [0.083855317692, 0.0011937894788, 0.90945275928, 0.0054981335488],
      [0.0060612000431, 0.45699336167, 0.42230852863, 0.11463690966],
      [0.47949966811, 0.031648226323, 0.28241049239, 0.20644161318]
    ],
    [
      [0, 0.97752298379, 0.022477016206, 0],
      ["NaN", "NaN", "NaN", "NaN"],
      [0, 0.0021406682101, 0.99785933179, 0],
      ["NaN", "NaN", "NaN", "NaN"],
      ["NaN", "NaN", "NaN", "NaN"]
    ],
    [
      [0.92708175339, 0.038247158799, 0.034671087809, 0],
      [0.10326185124, 0.7884449065, 0.10829324226, 0],
      [0.029295210021, 0.0010278057201, 0.96967698426, 0],
      ["NaN", "NaN", "NaN", "NaN"],
      ["NaN", "NaN", "NaN", "NaN"]
    ],
    [
      [0.7795877215, 0.10357144871, 0.06949017063, 0.047350659166],
      [0.082628781794, 0.79495999383, 0.07393886284, 0.048472361531],
      [0.043810681164, 0.0049950134349, 0.93877783341, 0.012416471989],
      [0.0034538048648, 0.5686365199, 0.304566125, 0.12334355024],
      [0.24110191738, 0.066202728182, 0.34422983819, 0.34846551624]
    ],
    [
      [0.80549808201, 0.065751039387, 0.075367547605, 0.053383330995],
      [0.1139655743, 0.68282992687, 0.13057397919, 0.072630519643],
      [0.038471843801, 0.0019789797737, 0.94706039169, 0.012488784735],
      [0.0019530477205, 0.47024759466, 0.34772660329, 0.18007275433],
      [0.2250849388, 0.038269885284, 0.37793984276, 0.35870533316]
    ],
    [
      [0.7276822513, 0.12123725874, 0.084571107638, 0.06650938232],
      [0.065704905859, 0.77874878545, 0.098058445877, 0.057487862817],
      [0.03255462576, 0.0047886051382, 0.94809698938, 0.014559779723],
      [0.0012319171392, 0.56835241927, 0.28170656904, 0.14870909455],
      [0.18591410882, 0.06368154244, 0.34912828938, 0.40127605936]
    ],
    [
      [0.78690453707, 0.086274745034, 0.084159479471, 0.042661238428],
      [0.092656692036, 0.72926291185, 0.12984546175, 0.048234934369],
      [0.035914650031, 0.0034992302671, 0.95223418959, 0.0083519301086],
      [0.0013354815333, 0.53220382255, 0.34074652855, 0.12571416737],
      [0.23003487105, 0.052356417127, 0.4199306699, 0.29767804191]
    ],
    [
      [0.81664046511, 0.072806474314, 0.066504620716, 0.044048439865],
      [0.11134457736, 0.71375732348, 0.11727848248, 0.057619616677],
      [0.044699880674, 0.0030832600545, 0.94101346011, 0.011203399166],
      [0.0037824483875, 0.48531160231, 0.37153926716, 0.13936668214],
      [0.25836155897, 0.047665788452, 0.36311518793, 0.33085746465]
    ],
    [
      [0.75099276294, 0.10566951643, 0.079203187149, 0.064134533485],
      [0.071362882495, 0.75221910527, 0.11699674077, 0.05942127146],
      [0.029736785263, 0.0035071529762, 0.95338687013, 0.013369191628],
      [0.0019231220047, 0.52236094237, 0.32739734932, 0.1483185863],
      [0.18013423441, 0.053770293585, 0.3923156059, 0.37377986611]
    ],
    [
      [0.80461547735, 0.087379936929, 0.047954509419, 0.060050076297],
      [0.096667033584, 0.75957813093, 0.074263364012, 0.069491471478],
      [0.059966930551, 0.005337353072, 0.91258750863, 0.022108207749],
      [0.0035758871388, 0.56422748542, 0.24920604867, 0.18299057877],
      [0.2507322821, 0.056273359194, 0.24675310494, 0.44624125376]
    ],
    [
      [0.73773524151, 0.13863111622, 0.040952066067, 0.082681576203],
      [0.062343129552, 0.82278192485, 0.048637982824, 0.066236962772],
      [0.060693357852, 0.010971860135, 0.89806490066, 0.030269881356],
      [0.0010214480029, 0.64960981462, 0.16267367909, 0.18669505829],
      [0.19757741506, 0.077235851852, 0.20020067747, 0.52498605562]
    ],
    [
      [0.7673219361, 0.10769819714, 0.057995315064, 0.066984551697],
      [0.078551668685, 0.77933997646, 0.076788747597, 0.065319607259],
      [0.049027385209, 0.0058326685493, 0.92497213016, 0.020167816078],
      [0.0013494591907, 0.58595536829, 0.23870755131, 0.17398762122],
      [0.21651535104, 0.062933516119, 0.27615010966, 0.44440102319]
    ],
    [
      [0.81537604771, 0.065956742051, 0.07294667456, 0.045720535683],
      [0.11699595251, 0.68329751365, 0.13679005683, 0.062916477006],
      [0.04208630494, 0.0024091435823, 0.94434598113, 0.011158570343],
      [0.0035515080465, 0.44902823309, 0.40009613881, 0.14732412005],
      [0.24759272652, 0.041589526282, 0.38045366474, 0.33036408246]
    ],
    [
      [0.84655273886, 0.061481967501, 0.05315959384, 0.038805699797],
      [0.13443769447, 0.69870821842, 0.10784437363, 0.059009713485],
      [0.058314750133, 0.0031027719333, 0.92573420767, 0.012848270264],
      [0.0051903120259, 0.49521583635, 0.35126855908, 0.14832529255],
      [0.30675570883, 0.045973776002, 0.31485982863, 0.33241068655]
    ],
    [
      [0.87545893484, 0.038606405537, 0.05899517346, 0.026939486166],
      [0.16983734076, 0.66758945971, 0.10503583257, 0.057537366964],
      [0.052664104959, 0.0025047238829, 0.9316738487, 0.013157322461],
      [0.014454609908, 0.42200072931, 0.43771202139, 0.12583263939],
      [0.36396750695, 0.021285482562, 0.31590237209, 0.2988446384]
    ],
    [
      [0.8865672628, 0.037250940425, 0.0097525004053, 0.066429296369],
      [0.068525851598, 0.75891371669, 0.017714467966, 0.15484596375],
      [0.10218600407, 0.020746175338, 0.80140066565, 0.075667154943],
      [0.0056723299259, 0.49256132123, 0.13898767478, 0.36277867407],
      [0.12956132845, 0.058816826624, 0.086374810618, 0.72524703431]
    ],
    [
      [0.78972448431, 0.10810216956, 0.024380399328, 0.077792946803],
      [0.071734823723, 0.81321087941, 0.042947795103, 0.072106501762],
      [0.067454452088, 0.0073743561501, 0.8900086269, 0.035162564858],
      [0.0046855402187, 0.61150460892, 0.18672302067, 0.19708683019],
      [0.20828465364, 0.064423139321, 0.19012104192, 0.53717116512]
    ],
    [
      [0.7529594944, 0.11844071061, 0.048428990077, 0.080170804914],
      [0.070798474938, 0.79831252096, 0.058720067244, 0.072168936853],
      [0.055518320991, 0.0078842150604, 0.90948169858, 0.027115765371],
      [0.0023678921676, 0.60291890321, 0.20003675893, 0.1946764457],
      [0.20062159139, 0.066161033379, 0.22285208637, 0.51036528885]
    ],
    [
      [0.77525306773, 0.10046995223, 0.062018944148, 0.062258035894],
      [0.083312375395, 0.76359494479, 0.089504651223, 0.063588028592],
      [0.046154754651, 0.0048986289976, 0.93117433183, 0.017772284522],
      [0.0012521479726, 0.57029185521, 0.26017836794, 0.16827762888],
      [0.22299793047, 0.0592325725, 0.29433283633, 0.4234366607]
    ],
    [
      [0.70770323521, 0.15257214185, 0.07253050069, 0.067194122254],
      [0.051985947174, 0.82228428231, 0.077953902409, 0.047775868107],
      [0.032265305955, 0.0056045516504, 0.94614424496, 0.01598589743],
      [0.0036097122008, 0.60323546655, 0.26957383696, 0.12358098429],
      [0.17755714723, 0.080364566749, 0.3381865048, 0.40389178121]
    ],
    [
      [0.79862025234, 0.085204656519, 0.045346042413, 0.070829048732],
      [0.096881063911, 0.75685507127, 0.062783302946, 0.083480561875],
      [0.062670788069, 0.0056966711633, 0.90547966555, 0.026152875221],
      [0.0049892034359, 0.54009416462, 0.24200547355, 0.21291115839],
      [0.23158716659, 0.051455992144, 0.22481988331, 0.49213695796]
    ],
    [
      [0.70546387342, 0.217920145, 0.018302316285, 0.058313665302],
      [0.038756364948, 0.90669136428, 0.024886474258, 0.029665796514],
      [0.057098179354, 0.013189561426, 0.90526654427, 0.024445714946],
      ["NaN", "NaN", "NaN", "NaN"],
      [0.20779021295, 0.13390293123, 0.24840328653, 0.40990356929]
    ],
    [
      [0.48482647705, 0.28015374445, 0.12580442335, 0.10921535515],
      [0.0048576564712, 0.90644649087, 0.052298211148, 0.036397641513],
      [0.002679406751, 0, 0.97115959299, 0.026161000259],
      [0.0061455743521, 0.67357628393, 0.24742745697, 0.072850684744],
      ["NaN", "NaN", "NaN", "NaN"]
    ],
    [
      [0.46064585518, 0.41507338862, 0.063460668378, 0.060820087828],
      [0.0075927113675, 0.93663227401, 0.039152554477, 0.016622460144],
      [0.0078173379255, 0.0015829777325, 0.97687715002, 0.013722534318],
      [0.004281961562, 0.77704034315, 0.18202791422, 0.036649781073],
      [0.077293161318, 0.22046540028, 0.40146183941, 0.30077959899]
    ],
    [
      [0.75930594853, 0.093595228927, 0.063377202155, 0.083721620387],
      [0.083726666509, 0.74347527048, 0.083879269261, 0.088918793747],
      [0.045835986483, 0.0056661892581, 0.9261407619, 0.022357062361],
      [0.0012812028077, 0.51719359745, 0.25829485723, 0.22323034252],
      [0.18862983607, 0.048984188568, 0.26002091989, 0.50236505547]
    ],
    [
      ["NaN", "NaN", "NaN", "NaN"],
      [0, 0.99664506073, 0.0033549392718, 0],
      [0, 0.00067098785436, 0.99932901215, 0],
      ["NaN", "NaN", "NaN", "NaN"],
      ["NaN", "NaN", "NaN", "NaN"]
    ],
    [
      [0.79352475003, 0.11191954088, 0.052155817177, 0.042399891921],
      [0.078951139523, 0.80979573308, 0.07057472411, 0.040678403286],
      [0.05283224854, 0.0064170550004, 0.92736875239, 0.013381944068],
      [0.0026308053985, 0.63904865116, 0.24395802756, 0.11436251588],
      [0.26555730638, 0.078491643527, 0.31611236715, 0.33983868294]
    ],
    [
      [0.74147030008, 0.13312007412, 0.062045365642, 0.063364260159],
      [0.064379589642, 0.81323587946, 0.070047933506, 0.052336597394],
      [0.044263243987, 0.0067127973865, 0.93117804948, 0.017845909146],
      [0.0023305514861, 0.62015776736, 0.2367118554, 0.14079982575],
      [0.20878173216, 0.077326593378, 0.29629185903, 0.41759981543]
    ],
    [
      [0.58956321362, 0.12532691941, 0.18400230893, 0.10110755805],
      [0.039224410595, 0.68108586613, 0.20735791292, 0.07233181035],
      [0.0041742928391, 0.0010984596042, 0.97851507544, 0.016212172113],
      [0, 0.39039184453, 0.45270383644, 0.15690431902],
      [0.078563772771, 0.034721739055, 0.52476377582, 0.36195071235]
    ],
    [
      [0.75776367182, 0.11814353197, 0.06669449047, 0.057398305745],
      [0.071990125249, 0.79470841586, 0.081213383553, 0.052088075336],
      [0.043012167611, 0.0056698440753, 0.93574530331, 0.015572685],
      [0.0023970274843, 0.59344776545, 0.26667731392, 0.13747789315],
      [0.22417004368, 0.070617757215, 0.30327939012, 0.40193280898]
    ],
    [
      [0.69342514514, 0.13551430592, 0.10692458619, 0.064135962752],
      [0.051822180399, 0.79521594438, 0.10398481311, 0.048977062114],
      [0.021648356117, 0.0041401313745, 0.96114812861, 0.013063383898],
      [0.00055609713409, 0.55940527012, 0.31698588641, 0.12305274634],
      [0.15403516398, 0.066101950253, 0.4226477065, 0.35721517927]
    ],
    [
      [0.76647021161, 0.11953828542, 0.061555355981, 0.05243614699],
      [0.073345336359, 0.80331263807, 0.075663796648, 0.047678228928],
      [0.046896760001, 0.0062927257104, 0.93189269051, 0.014917823783],
      [0.0020242509382, 0.61689154909, 0.25164443577, 0.1294397642],
      [0.23529992471, 0.075295134888, 0.31185776724, 0.37754717316]
    ],
    [
      [0.81986370931, 0.10539222241, 0.046297140397, 0.028446927881],
      [0.090698042925, 0.80633615347, 0.072660860782, 0.030304942821],
      [0.062994892794, 0.0078073745982, 0.92085821299, 0.0083395196195],
      [0.001504486834, 0.7804662772, 0.103301047, 0.11472818896],
      [0.32098693643, 0.083770182071, 0.32061880151, 0.27462407999]
    ]
  ],
  "expected_outcome": [
    [
      [6.5048962715, 64.6537040782, 91.0683927004, 111.20998155, 2.2604878663, 30.0837516344, 32.7321009705, 66.4777861895, 80.0267162556, 58.0808874857, 61.120451943, 71.1676588051, 103.7228262551, 135.5546064869, 46.7188592886, 54.3092228861, 93.5583303855, 63.2319190278, 4.635685931, 5.3887130766, 26.5616310661, 0, 0.92708175339, 77.95877215, 28.9979309524, 90.2325991618, 63.7392675024, 52.2649897668, 15.0198552587, 57.1276988922, 190.3356923096, 141.9545581784, 55.445571244, 102.4328814023, 7.0036714787, 1.7731345256, 7.1075203588, 54.9660430909, 141.8713113944, 46.0007102885, 62.2923796822, 12.6983497215, 1.9393059082, 2.7638751311, 40.2432152721, 0, 38.0891880012, 260.2560753288, 5.3060689226, 137.912988271, 12.4816526125, 370.205112208, 91.8247354432],
      [1.775066166, 8.0622048957, 15.5601482871, 19.9160949939, 0.042091225678, 4.4696661544, 9.2843589801, 15.5609598257, 24.1435038192, 14.3325087315, 11.8505011894, 9.7651898758, 15.7752940333, 22.9407120728, 14.5572282414, 10.2362792423, 21.760798113, 15.0104562416, 1.3916867108, 2.1448113296, 0.80018938997, 1.9550459676, 0.038247158799, 10.3571448705, 2.3670374179, 15.0334200835, 6.9882543478, 4.6596143561, 2.1133903286, 6.203975522, 35.7668279847, 19.9241664708, 4.4850584595, 7.4393180676, 0.3088512443, 0.074501880849, 0.97291952602, 8.6461718748, 18.386001258, 9.9171892201, 6.6459632085, 3.9225626099, 1.1206149778, 2.4904403317, 4.9605471331, 0, 5.3721379621, 46.725146015, 1.1279422747, 21.5021228178, 2.4392575065, 57.736991857, 11.8039289097],
      [0.12747691265, 5.0070038334, 7.4387606846, 14.3615373231, 0.69742090803, 2.2343032072, 2.8379669785, 5.7281634108, 7.9176114721, 4.3444617116, 6.0677682058, 7.8731222302, 6.6352330997, 11.3864474263, 5.0791119182, 6.5146928511, 8.3200260353, 7.8446534833, 0.10151494921, 0.16341387931, 1.2035650313, 0.044954032411, 0.034671087809, 6.949017063, 2.7132317138, 10.4868173472, 6.8169178371, 4.2562957258, 1.584063743, 3.4047701688, 10.5656330452, 10.7291332869, 4.9603738701, 6.4323108547, 0.47196138768, 0.019505000811, 0.21942359395, 3.5353162756, 11.3494667791, 4.7144825449, 3.5369913082, 0.32944169313, 0.5032176934, 0.38076401027, 3.3589917142, 0, 2.5034792245, 21.7779233404, 1.6560207803, 12.1383972656, 1.9246425515, 29.7312369388, 5.1852797245],
      [0.59256064989, 6.2770871927, 7.9326983278, 12.512386133, 0, 2.2122790039, 5.1455730709, 6.233090574, 8.9121684531, 5.2421420712, 5.9612786619, 5.1940290888, 5.8666466118, 10.1182340141, 6.6448005518, 6.9398050205, 10.3608454663, 5.9129712473, 0.87111240896, 1.3030617145, 0.43461451261, 0, 0, 4.7350659166, 1.9217999158, 8.2471634076, 3.4555603127, 2.8191001513, 1.2826906697, 4.2635554171, 21.3318466605, 12.392142064, 3.1089964264, 4.6954896754, 0.21551588933, 0.13285859274, 0.70013652122, 5.8524687587, 11.3932205685, 4.3676179465, 5.5246658011, 1.0496459754, 0.43686142062, 0.36492052697, 4.4372458805, 0, 2.0351948122, 22.2408553157, 0.90996802241, 10.4464916456, 1.1544473295, 25.3266589963, 3.1860559227]
    ],
    [
      [0.058434115076, 10.6266992021, 12.5133661691, 15.1752000281, 1.8633422991, 5.2171317242, 4.0822423663, 11.9347125633, 10.8435206918, 9.9613394228, 13.5779565801, 8.3363131996, 20.458657013, 18.0233833486, 5.0970836838, 6.6238817773, 12.7983465682, 5.9763830566, 0.033075882901, 0.24055214213, 5.9612692691, 0, 0.5163092562, 5.3708708166, 3.8748295261, 11.5640634311, 7.7831621311, 7.5714312607, 3.4254183598, 7.5400286195, 15.0246942221, 21.8373638944, 8.423708581, 16.266961031, 2.3777227706, 0.75378436758, 1.4346964745, 8.7790108924, 14.4963533187, 3.2231287248, 5.1346963873, 0.54258910927, 0.024288282356, 0.06074169094, 7.1167666533, 0, 6.5529445804, 36.8895048651, 0.27457087417, 15.1899164276, 1.5028432316, 44.7406551792, 6.076768876],
      [3.7503278303, 94.1113552265, 152.0213632738, 193.4933731151, 2.1223500508, 56.7802702077, 83.4196857919, 199.4568340168, 232.5697315053, 175.682357566, 188.5122896389, 81.9348048252, 221.2950152567, 216.1018658837, 114.848333682, 89.9095017745, 211.2460183122, 101.9816939774, 2.789991098, 8.0939320806, 15.0517899283, 0, 3.9422245325, 51.6723995993, 23.2162175137, 137.0597862389, 61.2580845952, 48.5354979967, 36.1065170531, 59.2470942122, 198.2904438891, 216.6565134555, 49.1974209826, 84.5436944283, 9.3462524359, 8.3480508835, 16.2642175882, 98.9907525996, 132.8655203933, 50.9816255032, 40.1133187772, 12.6936790999, 4.5322324543, 7.4930581921, 63.195397991, 0.99664506073, 67.2130458457, 465.9841589294, 4.7676010629, 167.6834757469, 23.0612623869, 490.0207092197, 54.0245222826],
      [0.037054450985, 10.3937294559, 13.0463024515, 24.9487178312, 2.0143076501, 5.2817266594, 4.337659628, 14.8929140639, 13.9665837794, 9.7213551318, 18.1938353236, 11.8921898719, 16.1587852438, 19.0250198511, 7.0128308023, 10.3111652309, 14.386813135, 9.6504489162, 0.024947265213, 0.07142043272, 2.9714276066, 0, 0.54146621128, 4.8060260846, 4.4395152924, 17.2582864743, 10.9070187868, 7.9749368085, 5.615843557, 5.792542393, 11.7217538607, 21.347271832, 9.848884092, 13.0491692091, 1.470501656, 0.19485914763, 0.85895590206, 7.2812883382, 15.5738093129, 4.8331419493, 3.3275150561, 0.34841063962, 0.26149105574, 0.31322043582, 7.1297378872, 0.0033549392718, 5.8577021011, 40.1374658988, 1.4515053905, 17.1360239296, 3.0155595802, 46.1549159552, 4.8682776724],
      [0.15418360366, 9.8682161155, 10.4189681056, 16.3827090256, 0, 3.7208714088, 6.1604122138, 10.715539356, 11.6201640235, 8.6349478795, 12.7159184574, 5.8366921033, 11.0875424865, 12.8497309165, 7.0417518318, 8.1554512173, 13.5688219846, 5.3914740498, 0.15198575385, 0.59409534457, 1.015513196, 0, 0, 3.1507034995, 2.4694376679, 10.1178638557, 4.051734487, 3.918133934, 2.8522210301, 5.4203347753, 15.9631080282, 18.1588508181, 4.5299863444, 7.1401753316, 0.80552313749, 1.7033056013, 1.4421300352, 8.9489481698, 11.064316975, 2.9621038226, 4.4244697794, 0.41532115119, 0.18198820756, 0.13297968116, 7.5580974685, 0, 3.3763074727, 29.9888703067, 0.50632267245, 10.9905838959, 1.4203348013, 29.0837196458, 2.030431169]
    ],
    [
      [2.0426615927, 15.0267598095, 27.1837020725, 23.5442480564, 0.58205856954, 9.802412252, 9.0598564866, 21.6968634104, 23.2042173131, 16.8372989419, 13.3729017079, 15.6729625862, 21.4538738025, 25.0076610242, 10.713562471, 11.7071718294, 21.6907540756, 14.0450954157, 0.11946094506, 1.9705785547, 7.5469785923, 0, 0.5566089904, 20.021481292, 15.3887375204, 25.6204904731, 16.4129950643, 25.8812309103, 6.6610398989, 15.4714680821, 35.9911612063, 39.3199629375, 17.1712124157, 35.5136828307, 1.2112744141, 3.6786961464, 3.777449317, 14.9899466675, 25.0158770211, 6.0658775196, 15.8557093816, 2.5123198916, 0.024114660759, 0.093808055106, 7.8379536886, 0, 14.6873650941, 89.4117528539, 0.18366888492, 32.94732039, 1.6236267088, 82.913471681, 14.4258304498],
      [0.50086896579, 1.7801052675, 3.8498342767, 4.0353187875, 0.36326920861, 1.1144930862, 2.3839447805, 4.4701705242, 6.3049084018, 3.7212087028, 2.9740740725, 1.9494456371, 3.0881688154, 3.5098289099, 2.9280483311, 2.0036963225, 4.314574018, 2.9354047182, 0.033600218655, 0.66692010171, 0.10744105309, 0.044954032411, 0.019528308682, 2.2827211397, 0.79159190947, 3.7686322438, 1.5991482321, 1.7852075715, 0.78560226667, 1.3770370926, 6.5063130599, 4.6778001766, 0.98293058157, 1.8895881074, 0.057608649307, 0.74686231218, 0.41296394441, 2.1287380663, 2.6550569167, 1.0536557103, 1.4412578043, 0.58034070276, 0, 0.018995732791, 0.96891836314, 0.0033549392718, 1.7839412901, 13.5598507207, 0.048332222585, 4.3431005617, 0.31050985308, 11.1255390559, 1.787888783],
      [28.3214094142, 277.544482538, 559.6111034771, 788.2493287304, 14.0546722218, 195.4455321248, 197.0185321345, 505.0515873809, 576.9350172009, 330.1379469544, 343.3303446777, 440.8632768147, 340.8263420856, 522.614154241, 300.809816771, 364.9671013417, 484.5244027631, 454.4738915906, 3.6519435559, 27.2851418276, 81.8507483352, 20.9550459676, 18.4238627009, 429.0214698692, 378.8241566761, 746.1523306409, 435.171024644, 544.8467934008, 213.5586589097, 235.4475772261, 532.5524860896, 741.8276483915, 385.2931603028, 563.7721324714, 21.42849852, 28.8504239635, 49.8404831066, 245.560058616, 504.6964878513, 177.8751180533, 229.0863553832, 39.8317279481, 8.7404363369, 11.7225258003, 158.3700702846, 4.9966450607, 257.8085131648, 1880.979659951, 43.0546633195, 716.7809023383, 72.0861096458, 1647.5862768147, 210.8765307743],
      [1.1350600273, 6.648652385, 11.3553601737, 13.1711044256, 0, 3.637562537, 6.5376665984, 9.7813786846, 12.5558570842, 7.3035454009, 6.3226795419, 5.5143149621, 5.6316152965, 8.8683558249, 7.5485724269, 7.3220305065, 11.4702691433, 6.5456082755, 0.19499528034, 2.077359516, 0.49483201939, 0, 0, 5.6743276991, 4.995513894, 11.4585466422, 3.8168320596, 6.4867681174, 2.9946989247, 5.7039175992, 17.9500396442, 16.1745884945, 4.5526966999, 7.8245965906, 0.30261841661, 2.7240175779, 1.969103632, 7.3212566501, 9.6325782109, 3.0053487168, 6.6166774309, 1.0756114576, 0.23544900233, 0.16467041182, 3.8230576637, 0, 3.7201804509, 36.0487364744, 0.71333557298, 11.9286767099, 0.97975379235, 26.3747124484, 1.9097499929]
    ],
    [
      [0.0053381429949, 0.050243689182, 0.094853409574, 0.12208235219, 0.057275039945, 0.055287942125, 0.042800430039, 0.093015742208, 0.092821602334, 0.090175584491, 0.057105437365, 0.084160653357, 0.1002297424, 0.1220874758, 0.04778167414, 0.032605737802, 0.11365799534, 0.061274971783, 0.08487501038, 0.00056204932994, 0.012122400086, 0, 0, 0.075983707026, 0.011718286323, 0.03079792848, 0.013354815333, 0.10590855485, 0.011538732028, 0.082245404191, 0.039836472111, 0.051279449246, 0.046169604605, 0.12975780065, 0.043363829723, 0.017016989778, 0.014056620656, 0.042622059016, 0.027547255397, 0.046926258611, 0.074838051539, 0, 0.012291148704, 0.004281961562, 0.029467664577, 0, 0.031569664782, 0.35657437738, 0, 0.086292989433, 0.0055609713409, 0.19837659194, 0.0060179473361],
      [0.75261425561, 21.6169780293, 21.9196842701, 31.1247667105, 0.46143981783, 11.4317697729, 13.1076643745, 44.2023750354, 49.491837348, 27.1011015825, 39.9809092469, 16.1433033982, 24.334706596, 27.7848463643, 18.5250219681, 10.3660532695, 34.9397333753, 24.2728861439, 0.6793917025, 0.75189190916, 0.91398672334, 0, 0, 12.5100034377, 2.8214855679, 14.2088104817, 5.3220382255, 13.5887248646, 3.1341656542, 12.9772321646, 25.33478277, 22.2663039948, 5.8373670302, 12.3803959087, 1.2660021879, 1.4776839637, 1.8345138268, 10.8525402577, 12.5464208145, 7.8420610651, 8.1014124693, 0, 1.3471525679, 0.77704034315, 11.8954527413, 0, 7.6685838139, 94.8841384063, 1.9519592227, 21.3641195561, 5.5940527012, 60.4553718106, 3.1218651088],
      [0.1349000088, 9.2143383209, 8.6793105908, 18.441084196, 2.4812851422, 4.8608454209, 3.3926495958, 13.3023271883, 12.6917688473, 7.1301945387, 15.3236062509, 10.6932748679, 8.2258550657, 11.2633827211, 5.4204367718, 5.2606059769, 11.0345887101, 10.1230153853, 0.10943478201, 0.025283429562, 0.84461705726, 0, 0, 6.70045475, 2.0863596198, 7.0426642261, 3.4074652855, 10.4030994806, 1.9643840959, 5.7317391195, 6.3442734847, 9.0708869496, 5.2012498045, 8.781713977, 1.3131360642, 0.41696302434, 0.56016906202, 3.6006616607, 5.7239240946, 3.5044598805, 3.6300821033, 0, 0.49485491395, 0.18202791422, 5.9407817162, 0, 2.9274963307, 36.2169138758, 2.2635191822, 9.6003833011, 3.1698588641, 24.6611547058, 0.41320418802],
      [0.10714759259, 8.1184399606, 5.3061517295, 9.3120667413, 0, 2.6520968641, 3.4568855997, 8.4022820341, 8.7235722024, 4.6785282943, 9.6383790648, 4.0792610805, 4.3392085958, 5.8296834388, 4.0067595859, 3.3407350158, 7.9120199192, 4.542823499, 0.12629850511, 0.22226261194, 0.22927381932, 0, 0, 2.7135581052, 1.080436526, 3.7177273637, 1.2571416737, 3.9022671, 0.88991151781, 4.2087833117, 7.2811072732, 6.6115296063, 1.9152135607, 3.7081323136, 0.37749791818, 1.0883360222, 0.59126049056, 3.5041760226, 3.7021078355, 1.6065527958, 3.1936673759, 0, 0.14570136949, 0.036649781073, 5.1342978779, 0, 1.3723501906, 21.5423733405, 0.78452159511, 4.9492041534, 1.2305274634, 12.6850968917, 0.45891275584]
    ],
    [
      [0.38866987771, 5.6425932211, 13.1396856484, 11.9484880133, 0.23683622514, 3.8414164472, 3.0829997466, 10.7976220946, 8.8327241372, 8.0302985652, 11.8715843316, 7.7389047557, 14.2644131869, 13.2922616644, 6.4227128824, 6.3271177695, 9.8389109754, 5.6853275281, 0.12690223064, 0.39959417722, 1.9179986724, 0, 0, 11.5728920344, 4.7267837147, 8.5520490056, 8.0512204869, 13.1764395074, 2.8821477505, 9.778559002, 15.6086157898, 18.8368355404, 8.9133381547, 11.6567169354, 0.36396750695, 0.77736797068, 1.6662772291, 7.2223772902, 9.5889110104, 2.6633572085, 7.6423764974, 1.2467412777, 0, 0.077293161318, 3.7725967214, 0, 6.6389326594, 40.0860925748, 0.23569131831, 9.863481922, 1.3863164758, 48.9423843399, 8.6666472836],
      [0.22112278235, 1.429356581, 4.6489698923, 4.4304463929, 0.010849697089, 1.2038007789, 1.8043460729, 5.309660598, 5.4900189257, 4.1628234171, 4.6822258524, 2.2072562637, 4.5068152986, 4.6627467693, 4.1413677774, 2.4844693912, 4.7388761815, 2.7995589189, 0.10533027, 0.34244457895, 0.12659290529, 0, 0, 3.1777309527, 0.80366759097, 2.9293509523, 1.8324745995, 2.4309552111, 0.86032469737, 2.1946610086, 6.1016322963, 5.4752159023, 1.4972229461, 1.7470034881, 0.021285482562, 0.35290095974, 0.51538511456, 2.3817972016, 2.5470006175, 1.2054685012, 1.6980477408, 0.80341758738, 0, 0.22046540028, 0.97968377136, 0, 1.9622910882, 14.8467059286, 0.10416521716, 3.1071813175, 0.59491755227, 15.6613880568, 2.2617949159],
      [0.37915921335, 6.8404458518, 18.224522796, 25.9993319193, 0.75231407778, 5.1775925877, 4.4131916632, 17.0250079561, 14.4890187003, 10.6660416636, 20.084445542, 14.6781362153, 15.1537845051, 18.7109957605, 11.6778037366, 12.9464345994, 14.7341693566, 11.9079906247, 0.11215944762, 0.45474043082, 1.1296419696, 0, 0, 16.5230322332, 7.9367366979, 16.0599013115, 14.6975734466, 18.5188745843, 6.2770496944, 9.6233710927, 15.8158535199, 24.02505954, 13.6963319307, 11.9646734878, 0.31590237209, 0.51824886371, 1.5209683354, 8.0226751094, 12.656311962, 5.072797572, 7.4190561491, 1.4904197192, 0, 0.40146183941, 5.2004183978, 0, 7.9028091789, 56.8880369339, 1.5742913275, 13.3442931654, 3.8038293585, 64.8664155855, 8.6567076408],
      [1.0110481266, 13.0876043462, 26.9868216633, 31.6217336745, 0, 6.7771901862, 11.6994625172, 23.8677093513, 23.1882382368, 17.1408363541, 27.361744274, 13.3757027654, 19.0749870094, 23.3339958058, 21.7581156035, 19.24197824, 25.6880434865, 12.6071229283, 0.65560805175, 2.803220813, 0.82576645271, 0, 0, 16.7263447796, 7.5328119964, 18.4586987307, 10.418731467, 16.8737306973, 5.9804778577, 17.4034088968, 41.4738983939, 38.6628890172, 11.8931069685, 12.6316060888, 0.2988446384, 4.3514822059, 4.2973693209, 18.3731503987, 18.2077764101, 6.0583767182, 16.2405196127, 2.4594214157, 0, 0.30077959899, 10.0473011095, 0, 8.4959670735, 80.1791645626, 1.0858521371, 17.6850435952, 3.2149366134, 78.5298120178, 7.4148501597]
    ]
  ],
  "prob": [
    [0.74983159857, 0.1244153818, 0.063043253583, 0.062709766042],
    [0.069231312783, 0.8008540259, 0.075173117977, 0.054741543345],
    [0.043790426671, 0.0062156843078, 0.93273755631, 0.017256332712],
    [0.0022657792784, 0.60350461521, 0.247938908, 0.14629069751],
    [0.21227831212, 0.071633687861, 0.30163722956, 0.41445077046]
  ],
  "iterations": 298,
  "logLik": -561.6353614035,
  "time": 1.76271,
  "message": "Converged",
  "status": 0,
  "miniter": 0,
  "maxiter": 1000,
  "maxtime": 3600,
  "param_threshold": 0.001,
  "ll_threshold": "-Inf",
  "initial_prob": "group_proportional",
  "adjust_prob_cond_method": "project_lp",
  "adjust_prob_cond_every": false,
  "cond_prob_inv": [
    [
      [0.72782543652, 0.66610357019, 0.62684297145, 0.67738586763, 0.36968296165, 0.60941593494, 0.66067855025, 0.59402882988, 0.64189416221, 0.61843779839, 0.60463696756, 0.68552012447, 0.64161726043, 0.69981442399, 0.66747522917, 0.67923778945, 0.67068353694, 0.70234504996, 0.91126089097, 0.68419425059, 0.62680476583, 0.99853922673, 0.48077161286, 0.67317430902, 0.54759444711, 0.656994812, 0.66112454099, 0.5258807471, 0.53595291843, 0.62826774551, 0.73710455036, 0.6339350787, 0.613215711, 0.61302106483, 0.62070534634, 0.28571428571, 0.50644805657, 0.63326901758, 0.73789426847, 0.78888974981, 0.67958679059, 0.75249552491, 0.93930590818, 0.91996102346, 0.6747210639, 0.65749479951, 0.57382705396, 0.60404644187, 0.86128779338, 0.69822254222, 0.72290081897, 0.67130948078, 0.75567919141],
      [0, 0.11835321407, 0.09256550839, 0.09939814546, 0.47954470671, 0.11230034086, 0.089118767386, 0.11309108889, 0.09385597567, 0.11296297607, 0.14404996384, 0.08556757483, 0.13539193167, 0.099939550705, 0.079443295182, 0.089635510833, 0.098927769123, 0.071376287821, 0.00259413938, 0.032521448278, 0.1499146505, 4.587601476e-05, 0.24363838787, 0.05085212251, 0.081796745097, 0.091006569498, 0.086751696778, 0.081196604154, 0.12872638311, 0.088440147821, 0.062443941661, 0.10496717148, 0.099731169573, 0.10328286728, 0.2286808697, 0.10370548465, 0.10848743753, 0.1087721607, 0.08115465543, 0.058852481283, 0.06063119821, 0.036061989848, 0.024288282356, 0.02468825059, 0.12950517534, 0.092502757607, 0.10501755077, 0.091543526208, 0.042713996524, 0.082702669482, 0.094718795821, 0.086953811508, 0.054257687982],
      [0.227483461, 0.15328885641, 0.18473764385, 0.14581271496, 0.10790101114, 0.19608722003, 0.18182715166, 0.19172854917, 0.18823936738, 0.177941955, 0.12841018666, 0.14968084082, 0.13047294376, 0.12738670599, 0.15485806074, 0.14732132486, 0.15480375454, 0.15888728444, 0.024447950727, 0.22592447672, 0.17490551933, 0.0012783823682, 0.27558999928, 0.16928640434, 0.27741315019, 0.18560941016, 0.16430223556, 0.25239823267, 0.23094853949, 0.16957797902, 0.13619511563, 0.17271137382, 0.18325001024, 0.2096961924, 0.10892751785, 0.48816027117, 0.26344774089, 0.16964639431, 0.12800785461, 0.10333951983, 0.17090032133, 0.13829813382, 0.024114660759, 0.032256167422, 0.12851480279, 0.16579769603, 0.21705609632, 0.20554289866, 0.06122296164, 0.16463931508, 0.099577740895, 0.14785220291, 0.11539860164],
