{
  "Z_true": {},
  "V_true": [
    [453, 83, 1490, 70],
    [511, 416, 13122, 401],
    [79, 9936, 1398, 440],
    [20, 541, 494, 609],
    [12, 455, 276, 325],
    [66, 332, 483, 309]
  ],
  "p_true": [
    [0.2161, 0.0396, 0.7109, 0.0334],
    [0.0354, 0.0288, 0.9081, 0.0278],
    [0.0067, 0.8383, 0.1179, 0.0371],
    [0.012, 0.3251, 0.2969, 0.366],
    [0.0112, 0.426, 0.2584, 0.3043],
    [0.0555, 0.279, 0.4059, 0.2597]
  ],
  "Z_est": [
    [
      [9.2267, 0.629, 0, 3.9051, 9.9819, 12.5524, 8.0728, 17.0865, 27.6974, 1.2876, 40.0196, 15.8013, 20.2536, 27.6479, 9.8012, 27.5712, 0, 7.6245, 2.8551, 11.6336, 6.1058, 5.3711, 17.978, 4.9279, 6.629, 13.5751, 20.6524, 11.4256, 3.7875, 19.2632, 8.0169, 4.7694, 9.8557, 14.058, 8.7512, 5.3983, 11.3711, 1.2596, 8.5705, 4.8733, 22.3536, 10.1677, 31.4218, 7.3893, 19.6569, 2.8424, 0, 1.6517, 64.3641, 7.4932, 59.5471, 19.6842],
      [8.8351, 0.3117, 0, 3.0762, 4.3423, 3.7932, 5.5888, 9.7346, 12.6444, 1.7073, 18.133, 6.3025, 10.0837, 15.4424, 4.5489, 11.0902, 0.6632, 3.5811, 0.4938, 4.9514, 4.3049, 1.9115, 9.8761, 2.3925, 2.7415, 4.5267, 15.1662, 5.1618, 0.2467, 11.2655, 12.0564, 4.0182, 5.6341, 12.2216, 2.8323, 2.4709, 5.2135, 0.4162, 6.3935, 2.6966, 10.8562, 5.5045, 13.7879, 4.0354, 12.3528, 5.4939, 0, 2.8813, 35.4881, 3.4712, 19.8868, 5.8891],
      [15.9253, 0.9389, 0, 5.9586, 8.5541, 18.7195, 14.217, 24.8765, 36.2914, 3.9907, 70.418, 22.745, 20.4617, 41.574, 15.5399, 51.0233, 0.3251, 7.6991, 1.6257, 13.283, 12.4676, 5.6427, 27.9104, 10.5833, 7.5392, 23.7051, 31.8901, 17.1974, 1.9508, 32.2036, 26.7594, 5.1114, 20.343, 37.4905, 10.3101, 8.0229, 11.2446, 2.3087, 13.9029, 4.3267, 33.4558, 14.2032, 51.3843, 8.3916, 33.7461, 16.651, 0, 2.3671, 99.2768, 6.9429, 47.0134, 43.1952],
      [0.0128, 0.1204, 0, 0.06, 0.1217, 1.9349, 0.1214, 0.3024, 0.3669, 0.0144, 0.4295, 0.1512, 0.201, 0.3357, 0.11, 0.3153, 0.0117, 0.0952, 0.0253, 0.1319, 0.1217, 0.0747, 0.2355, 0.0964, 0.0902, 0.1931, 0.2912, 0.2152, 0.015, 0.2677, 0.1672, 0.101, 0.1671, 0.23, 0.1064, 0.1078, 0.1709, 0.0155, 0.1331, 0.1033, 0.3345, 0.1246, 0.406, 0.1838, 0.2441, 0.0128, 0, 0.0999, 0.871, 0.0927, 0.5526, 0.2315]
    ],
    [
      [0.7881, 0, 0, 0.4585, 4.0946, 3.8359, 0, 1.5318, 4.7142, 0, 6.302, 2.9675, 2.0275, 3.9691, 2.411, 3.5243, 0, 2.3608, 1.6323, 3.3379, 0, 1.7539, 1.9957, 0, 2.1151, 2.8894, 3.8473, 1.9954, 2.5984, 1.0821, 0, 0, 0, 0, 1.6887, 0, 3.3063, 0.1863, 1.2251, 0.6644, 2.0091, 2.2824, 6.4416, 0, 2.5075, 0, 0, 0, 7.6699, 2.1385, 19.9995, 1.4902],
      [1.4979, 0.0451, 0.1624, 0.8715, 5.1112, 0.4466, 12.6697, 10.5994, 1.8632, 4.1923, 9.1943, 3.2037, 5.4236, 19.9556, 4.78, 4.2254, 0.7933, 1.8166, 0.3983, 10.6741, 4.7643, 0.2707, 14.0391, 0.3248, 0.4015, 0.5504, 11.213, 0.7399, 0.4173, 12.5196, 3.6991, 3.0367, 6.3484, 5.3597, 0.379, 9.3696, 7.432, 0.0406, 2.3285, 0.4331, 10.1876, 5.1469, 4.352, 0.6316, 12.3364, 0.6809, 0.0045, 0.5098, 36.4822, 0.5369, 2.8828, 0.6],
      [105.1215, 9.734, 9.6758, 55.6508, 175.7125, 85.6279, 196.1128, 527.0473, 601.1809, 54.3262, 444.6078, 154.8827, 254.2621, 502.4223, 136.581, 405.0407, 24.7145, 114.7128, 41.625, 222.9411, 172.5688, 100.2346, 356.598, 72.8987, 129.8723, 353.3071, 486.6834, 299.1434, 92.7059, 445.6108, 160.2302, 263.1909, 220.4244, 248.3, 141.8254, 224.2448, 309.1973, 23.7108, 151.3135, 292.826, 506.3364, 139.5781, 560.9779, 348.8711, 316.9015, 46.7266, 1.9955, 157.5602, 1128.6026, 141.1702, 747.8324, 187.2785],
      [2.5926, 1.2209, 1.1617, 7.0192, 20.0817, 19.0896, 14.2174, 49.8215, 50.2418, 1.4815, 29.8959, 9.9461, 21.2868, 27.653, 9.228, 22.2096, 2.4922, 13.1098, 4.3445, 13.0469, 16.6669, 11.7408, 29.3672, 17.7765, 13.6111, 27.2531, 35.2563, 42.1214, 5.2783, 29.7874, 14.0707, 17.7724, 21.2271, 20.3402, 17.1069, 18.3855, 27.0643, 2.0623, 16.1328, 18.0764, 44.4668, 15.9927, 49.2285, 39.4973, 18.2546, 2.5926, 0, 25.93, 106.2453, 14.1545, 73.2853, 18.6312]
    ],
    [
      [2.1731, 0.1327, 0, 0.9189, 3.5722, 3.5261, 2.2252, 6.0635, 10.2946, 0.2654, 13.2432, 6.6954, 12.8188, 8.4478, 2.8842, 8.0398, 0, 2.7564, 1.0624, 3.8739, 1.1945, 1.7981, 6.1527, 1.1758, 2.2664, 3.8255, 5.5151, 3.7823, 1.7161, 6.6912, 1.4599, 1.0864, 2.9751, 2.5217, 4.2112, 1.1945, 3.9898, 0.5542, 1.7688, 1.9407, 7.3522, 3.1111, 9.9782, 2.3935, 4.6048, 0.5309, 0, 0.2654, 22.3518, 2.9319, 30.412, 7.0899],
      [219.4227, 8.9347, 4.8199, 93.9063, 133.8555, 91.2429, 92.3772, 299.2357, 381.4339, 23.6953, 518.5073, 179.0345, 324.907, 678.1899, 97.454, 294.1528, 18.1561, 112.346, 22.753, 139.4656, 264.1838, 54.5163, 296.0802, 66.3758, 82.5369, 111.4406, 503.2237, 152.0288, 64.8431, 343.5162, 325.9195, 136.1309, 164.4578, 334.3649, 76.6234, 59.4947, 154.6346, 8.516, 306.2453, 87.9966, 314.6791, 109.6487, 397.2466, 125.6744, 383.6544, 97.0962, 0.9955, 104.0308, 1081.6723, 110.3196, 593.0765, 123.5503],
      [22.4026, 1.6826, 0.9231, 2.1927, 7.155, 6.3965, 4.1117, 17.7646, 51.9934, 1.0383, 34.2363, 8.2653, 35.2363, 36.3472, 4.3609, 18.887, 0.7891, 8.5415, 1.1124, 6.2299, 15.6138, 7.3171, 14.8573, 6.191, 7.9282, 9.3701, 50.2463, 15.4094, 5.2348, 22.7229, 28.194, 10.3566, 10.8801, 30.0642, 5.9134, 3.1218, 6.8944, 5.7158, 20.496, 12.7628, 13.9965, 4.9009, 34.5041, 10.5231, 21.7311, 6.3713, 1.0045, 9.4422, 72.598, 9.3953, 56.5567, 15.9375],
      [0.0016, 0.25, 0.2569, 0.982, 0.4174, 0.8345, 0.2859, 0.9362, 1.2781, 0.0009, 0.0131, 0.0047, 1.038, 0.0151, 0.3008, 0.9204, 0.0548, 0.356, 0.0722, 0.4306, 0.0079, 1.3684, 0.9098, 1.2574, 0.2685, 0.3638, 0.0149, 2.7795, 0.206, 1.0697, 1.4266, 0.4261, 0.6869, 0.0492, 0.252, 0.1891, 0.4812, 0.2141, 1.49, 0.2999, 0.9722, 0.3393, 1.2711, 0.409, 0.0097, 0.0016, 0, 1.2616, 3.3779, 0.3532, 1.9549, 0.4224]
    ],
    [
      [0, 0, 0, 0, 0, 0, 0, 0, 0, 0, 0, 0, 0, 0, 0, 0, 0, 0, 0, 0, 0, 0, 0, 0, 0, 0, 0, 0, 0, 0, 0, 0, 0, 0, 0, 0, 0, 0, 0, 0, 0, 0, 0, 0, 0, 0, 0, 0, 0, 0, 0, 0],
      [0.0452, 0, 0.0176, 0.7943, 0.4895, 0.017, 0.4017, 1.2381, 1.3832, 0.0967, 1.5965, 0.5656, 0.9959, 6.1151, 0.3591, 1.0017, 0.0696, 0.4161, 0.0767, 0.5626, 0.8641, 0.2339, 0.9699, 0.24, 0.3372, 0.4896, 1.6166, 0.6353, 0.2296, 1.1921, 0.0962, 0.5283, 0.6533, 1.0157, 0.2856, 0.3529, 2.8373, 0.0272, 2.7971, 0.4727, 1.285, 0.3837, 1.3997, 0.6571, 1.2472, 1.379, 0, 0.4002, 3.7223, 0.3863, 1.9631, 0.448],
      [4.4443, 0, 0.401, 5.3698, 11.205, 0.4992, 10.8357, 39.9438, 33.6234, 2.0847, 21.969, 8.8706, 13.4253, 32.4394, 8.6584, 20.3439, 1.3131, 11.0747, 1.0525, 16.3432, 17.5511, 7.6047, 13.947, 4.2768, 11.1536, 16.9503, 29, 19.2668, 5.6426, 25.4803, 7.9077, 15.0719, 20.2352, 12.3149, 6.2473, 14.4485, 24.4686, 0.2648, 11.167, 23.3574, 39.6049, 6.276, 32.351, 28.4004, 22.2028, 6.1877, 0, 9.3551, 75.5233, 8.4163, 33.5664, 10.9546],
      [3.5105, 0, 0.5814, 5.836, 12.3055, 2.4838, 10.7626, 37.8181, 34.9934, 1.8186, 22.4345, 8.5639, 14.5787, 31.4455, 7.9825, 19.6544, 1.6174, 10.5092, 1.8708, 14.0942, 15.5849, 8.1614, 17.0831, 7.4832, 10.5092, 17.5601, 27.3835, 23.0979, 5.1279, 24.3276, 8.9962, 14.3998, 18.1115, 13.6694, 8.467, 14.1986, 23.6941, 0.7081, 13.0359, 19.1699, 37.1101, 8.3403, 33.2493, 27.9425, 19.55, 3.4333, 0, 13.2446, 76.7544, 9.1974, 41.4705, 11.5974]
    ],
    [
      [0, 0, 0, 0, 0, 0, 0, 0, 0, 0, 0, 0, 0, 0, 0, 0, 0, 0, 0, 0, 0, 0, 0, 0, 0, 0, 0, 0, 0, 0, 0, 0, 0, 0, 0, 0, 0, 0, 0, 0, 0, 0, 0, 0, 0, 0, 0, 0, 0, 0, 0, 0],
      [0.775, 0, 0, 0.3359, 0.4923, 0.566, 0.3858, 1.101, 1.3737, 0.1031, 1.8594, 0.6453, 1.1575, 0, 0.3659, 1.071, 0.0732, 0.4058, 0.0832, 0.5388, 1.0585, 0.1996, 1.0977, 0.2395, 0.296, 0.4058, 1.7928, 0.5455, 1.8394, 1.2573, 0, 0.4989, 0.602, 1.2008, 0.2794, 0.2628, 0.5887, 0, 0, 0.3193, 1.7926, 0.4158, 1.4203, 0.4657, 1.397, 0, 0, 0.3759, 3.9516, 0.3958, 2.1255, 0.4424],
      [13.2189, 0, 0, 10.6511, 7.4775, 13.4116, 12.59, 32.8179, 39.5443, 0.8934, 47.0906, 17.3366, 28.808, 37.9422, 13.6177, 27.8867, 2.9225, 12.5718, 1.9108, 12.4344, 14.9113, 5.7806, 47.8575, 7.7364, 6.6815, 14.5528, 55.1502, 22.3932, 12.1502, 29.6909, 13.9767, 21.47, 18.3617, 24.7664, 10.6964, 8.7053, 20.3638, 0, 11.9715, 19.6462, 40.1289, 9.5609, 44.5029, 17.4713, 41.5659, 3.994, 0, 2.5853, 114.8741, 6.5817, 39.7641, 8.53],
      [0.006, 0, 0, 0.0129, 0.0302, 0.0224, 0.0242, 0.0811, 0.082, 0.0035, 0.05, 0.0181, 0.0345, 0.0578, 0.0164, 0.0423, 0.0043, 0.0224, 0.006, 0.0267, 0.0302, 0.0198, 0.0449, 0.0242, 0.0224, 0.0414, 0.0569, 0.0613, 0.0104, 0.0518, 0.0233, 0.0311, 0.0362, 0.0328, 0.0242, 0.0319, 0.0475, 0, 0.0285, 0.0345, 0.0785, 0.0233, 0.0768, 0.063, 0.0371, 0.006, 0, 0.0388, 0.1743, 0.0224, 0.1104, 0.0276]
    ],
    [
      [0.8121, 0.2383, 0, 0.7174, 1.3513, 1.0857, 1.7021, 3.3182, 5.2939, 0.447, 3.4352, 1.5358, 1.9001, 4.9352, 0.9035, 3.8647, 0, 1.2583, 0.4502, 2.1546, 1.6997, 1.0769, 2.8736, 0.8964, 0.9894, 1.71, 1.9852, 1.7967, 0.898, 2.9635, 1.5231, 2.1443, 1.1692, 2.4203, 1.3489, 2.4072, 2.3328, 0, 1.4356, 1.5215, 5.2852, 1.4388, 3.1584, 3.2172, 3.2308, 0.6267, 0, 0.0828, 9.6143, 1.4364, 7.0413, 0.7357],
      [2.4241, 0.7085, 0, 2.0157, 3.7091, 2.9343, 4.5767, 9.0912, 14.3016, 1.2052, 9.7096, 4.2484, 5.4323, 17.2971, 2.492, 10.4589, 2.2446, 3.4344, 1.195, 5.8074, 5.8244, 2.868, 7.9371, 2.4274, 2.6868, 4.5869, 5.9877, 4.8888, 2.424, 8.2492, 4.2289, 5.787, 3.3043, 6.8373, 3.6003, 7.0492, 6.2939, 0, 4.2356, 4.0817, 14.1995, 3.9005, 8.7936, 8.5359, 9.0121, 2.3501, 0, 4.8021, 26.6835, 3.8903, 19.0653, 2.0702],
      [4.8874, 1.6445, 0, 4.177, 7.896, 6.3452, 10.1328, 19.5498, 31.3667, 2.6666, 19.6784, 8.8998, 10.8067, 25.2748, 5.2421, 22.8184, 1.9357, 7.4, 2.6737, 12.7684, 8.8874, 6.4203, 16.8298, 5.3139, 5.8252, 10.1146, 11.0299, 10.5898, 5.3157, 17.2915, 8.932, 12.7991, 6.7555, 14.064, 8.0073, 16.4566, 13.8312, 0, 8.149, 9.0808, 31.4775, 8.4809, 18.2798, 19.3424, 18.8527, 3.0695, 0, 10.69, 56.1251, 8.4935, 41.267, 4.1042],
      [0.8765, 0.4087, 0, 1.0899, 2.0435, 1.6348, 2.5885, 5.0407, 8.0379, 0.6812, 5.1769, 2.316, 2.8609, 7.4929, 1.3623, 5.8581, 0.8197, 1.9073, 0.6812, 3.2696, 2.5885, 1.6348, 4.3595, 1.3624, 1.4986, 2.5885, 2.9972, 2.7247, 1.3623, 4.4958, 2.316, 3.2696, 1.7711, 3.6783, 2.0435, 4.087, 3.5421, 0, 2.1798, 2.316, 8.0379, 2.1798, 4.7682, 4.9045, 4.9045, 0.9536, 0, 4.425, 14.5771, 2.1798, 10.6263, 1.0899]
    ]
  ],
  "V_est": [
    [686.8589, 356.5177, 1041.7048, 10.9185],
    [113.8423, 255.9433, 12950.6973, 1129.5171],
    [235.8351, 10768.6639, 815.9177, 32.5833],
    [0, 45.3883, 803.0919, 815.5198],
    [0, 36.5996, 1029.548, 1.8525],
    [104.4636, 299.8872, 622.0404, 163.6088]
  ],
  "p_est": [
    [0.3277, 0.1701, 0.497, 0.0052],
    [0.0079, 0.0177, 0.8962, 0.0782],
    [0.0199, 0.9085, 0.0688, 0.0027],
    [0, 0.0273, 0.4826, 0.4901],
    [0, 0.0343, 0.964, 0.0017],
    [0.0878, 0.252, 0.5227, 0.1375]
  ],
  "EI_Z": {},
  "EI_V": 11.3612,
  "MAE_Z": {},
  "MAE_V": 306.0047,
  "MAE_p": 0.1284,
  "runtime": 1.603
}
