{
  "Z_true": {},
  "V_true": [
    [10, 208, 17, 4047, 43],
    [1562, 753, 1597, 422, 229],
    [1345, 1070, 8263, 3470, 611],
    [71, 4102, 85, 10924, 392],
    [113, 264, 314, 637, 959]
  ],
  "p_true": [
    [0.0023, 0.0481, 0.0039, 0.9357, 0.0099],
    [0.3423, 0.165, 0.35, 0.0925, 0.0502],
    [0.0911, 0.0725, 0.5599, 0.2351, 0.0414],
    [0.0046, 0.2634, 0.0055, 0.7014, 0.0252],
    [0.0494, 0.1154, 0.1373, 0.2785, 0.4193]
  ],
  "Z_est": {},
  "V_est": [
    [0, 0, 0, 4325, 0],
    [2358.6755, 0, 2204.3245, 0, 0],
    [742.3245, 3831.8304, 8071.6755, 826.4603, 1286.7092],
    [0, 2047.8988, 0, 13526.1012, 0],
    [0, 517.2707, 0, 822.4385, 947.2908]
  ],
  "p_est": [
    [0, 0, 0, 1, 0],
    [0.5169, 0, 0.4831, 0, 0],
    [0.0503, 0.2596, 0.5469, 0.056, 0.0872],
    [0, 0.1315, 0, 0.8685, 0],
    [0, 0.2262, 0, 0.3596, 0.4142]
  ],
  "EI_Z": {},
  "EI_V": 19.6597,
  "MAE_Z": {},
  "MAE_V": 652.828,
  "MAE_p": 0.0771,
  "runtime": 0.0437
}
