{
  "X": [
    [0, 0, 0, 5, 4, 2],
    [1, 0, 2, 3, 14, 3],
    [0, 0, 1, 1, 9, 0],
    [1, 0, 6, 5, 16, 6],
    [0, 0, 2, 2, 3, 0],
    [1, 1, 0, 3, 2, 2],
    [0, 1, 2, 0, 6, 0],
    [0, 0, 3, 8, 10, 0],
    [1, 0, 1, 1, 3, 0],
    [1, 8, 1, 6, 11, 4],
    [1, 7, 0, 4, 8, 2],
    [1, 2, 0, 2, 1, 0],
    [0, 0, 2, 1, 7, 0],
    [0, 0, 0, 4, 9, 1],
    [1, 0, 0, 3, 9, 1],
    [1, 1, 7, 10, 27, 7],
    [0, 0, 6, 14, 25, 5],
    [6, 8, 8, 34, 80, 17],
    [3, 2, 6, 19, 33, 7],
    [6, 4, 9, 22, 49, 14],
    [7, 8, 30, 56, 138, 15],
    [5, 4, 11, 45, 60, 12],
    [2, 1, 8, 13, 14, 1],
    [1, 2, 5, 18, 38, 8],
    [4, 1, 6, 28, 31, 3],
    [4, 3, 10, 49, 52, 13],
    [2, 1, 7, 14, 17, 2],
    [1, 2, 9, 10, 40, 7],
    [2, 3, 1, 5, 20, 3],
    [3, 4, 15, 33, 75, 14],
    [1, 0, 0, 4, 8, 0],
    [2, 1, 15, 26, 22, 6],
    [2, 1, 2, 3, 7, 1],
    [0, 2, 0, 3, 2, 0],
    [1, 0, 1, 24, 24, 3],
    [1, 0, 1, 9, 21, 5],
    [1, 0, 2, 1, 0, 4],
    [0, 0, 0, 3, 6, 0],
    [0, 0, 4, 13, 28, 8],
    [0, 3, 2, 8, 9, 5],
    [0, 1, 7, 3, 4, 3],
    [5, 4, 8, 24, 62, 11],
    [4, 3, 13, 44, 70, 13],
    [0, 0, 1, 12, 17, 1],
    [0, 0, 0, 1, 3, 2],
    [0, 2, 0, 1, 6, 2],
    [0, 1, 1, 3, 15, 5],
    [1, 2, 5, 7, 19, 3],
    [1, 0, 0, 8, 21, 1],
    [1, 1, 4, 16, 24, 3],
    [1, 2, 1, 0, 6, 1],
    [1, 2, 3, 15, 31, 4],
    [1, 2, 1, 10, 9, 0],
    [0, 1, 0, 8, 8, 1],
    [3, 6, 5, 19, 40, 6],
    [4, 1, 1, 5, 8, 0],
    [1, 2, 2, 8, 9, 4],
    [6, 6, 3, 8, 45, 10],
    [0, 0, 0, 4, 19, 2],
    [1, 4, 0, 7, 14, 2],
    [1, 0, 2, 4, 2, 3],
    [0, 3, 1, 5, 6, 1],
    [3, 6, 7, 15, 29, 13],
    [1, 4, 2, 11, 12, 1],
    [0, 4, 3, 7, 15, 3],
    [2, 3, 2, 6, 7, 3],
    [3, 3, 7, 9, 15, 3],
    [1, 2, 14, 17, 28, 6],
    [2, 3, 2, 4, 7, 3],
    [3, 3, 18, 13, 20, 8],
    [4, 4, 9, 12, 34, 5],
    [4, 3, 29, 64, 119, 20],
    [1, 2, 2, 5, 1, 0],
    [1, 2, 46, 74, 113, 12],
    [0, 2, 12, 12, 25, 3],
    [0, 4, 9, 11, 44, 1],
    [4, 7, 13, 32, 52, 11],
    [2, 1, 12, 20, 47, 5],
    [2, 1, 5, 5, 21, 4],
    [1, 4, 5, 7, 7, 0],
    [0, 1, 1, 3, 8, 0],
    [0, 0, 1, 6, 12, 0],
    [1, 0, 7, 11, 8, 3],
    [1, 2, 0, 6, 15, 1],
    [1, 3, 7, 20, 32, 7],
    [1, 0, 19, 25, 27, 3],
    [1, 2, 8, 11, 19, 3],
    [2, 1, 66, 39, 69, 8],
    [0, 2, 16, 12, 19, 7],
    [2, 1, 3, 8, 26, 10],
    [0, 0, 0, 2, 2, 2],
    [2, 1, 0, 5, 2, 1],
    [0, 0, 23, 23, 25, 5],
    [1, 2, 0, 7, 0, 1],
    [0, 2, 1, 12, 14, 1],
    [2, 5, 14, 31, 52, 3],
    [2, 5, 16, 26, 45, 9],
    [1, 1, 4, 18, 16, 5],
    [5, 4, 17, 17, 32, 4],
    [8, 8, 45, 60, 81, 17],
    [3, 6, 13, 11, 15, 4],
    [6, 5, 17, 35, 43, 12],
    [3, 1, 8, 19, 22, 4],
    [4, 5, 5, 21, 31, 5],
    [2, 1, 3, 19, 29, 6],
    [1, 1, 2, 0, 0, 2],
    [3, 3, 18, 25, 40, 8],
    [2, 3, 13, 17, 19, 4],
    [2, 6, 17, 33, 54, 8],
    [0, 7, 27, 42, 58, 14],
    [2, 4, 18, 23, 63, 9],
    [1, 7, 35, 39, 81, 7],
    [1, 6, 21, 33, 59, 9],
    [0, 0, 3, 2, 4, 0],
    [0, 3, 5, 5, 17, 3],
    [5, 2, 3, 10, 26, 3],
    [1, 2, 1, 1, 18, 2],
    [0, 0, 1, 3, 1, 2],
    [1, 2, 8, 18, 22, 7],
    [2, 1, 5, 25, 40, 3],
    [2, 4, 2, 6, 20, 2],
    [0, 3, 7, 7, 4, 3],
    [1, 2, 3, 7, 12, 1],
    [10, 23, 24, 54, 60, 27],
    [4, 3, 10, 14, 27, 4],
    [4, 4, 12, 20, 36, 8],
    [1, 4, 3, 10, 17, 3],
    [1, 5, 3, 18, 35, 2],
    [0, 2, 0, 4, 12, 2],
    [1, 1, 6, 12, 22, 2],
    [2, 2, 5, 7, 20, 2],
    [0, 1, 0, 3, 4, 1],
    [1, 0, 2, 4, 9, 1],
    [1, 1, 0, 1, 2, 1],
    [0, 0, 0, 1, 4, 1],
    [2, 1, 7, 10, 19, 2],
    [1, 2, 6, 21, 30, 12],
    [0, 0, 0, 4, 9, 3],
    [1, 1, 6, 15, 35, 8],
    [0, 0, 4, 1, 18, 2],
    [2, 0, 7, 26, 69, 6],
    [5, 6, 21, 67, 195, 18],
    [2, 0, 0, 2, 4, 1],
    [0, 0, 2, 0, 4, 1],
    [2, 3, 0, 5, 16, 3],
    [0, 4, 3, 13, 16, 5],
    [0, 3, 2, 4, 26, 6],
    [0, 0, 0, 2, 13, 0],
    [1, 2, 3, 1, 3, 2],
    [3, 0, 1, 7, 19, 3],
    [0, 0, 4, 14, 39, 3],
    [2, 4, 7, 8, 16, 3],
    [3, 5, 25, 63, 104, 19],
    [3, 7, 14, 47, 221, 10],
    [1, 3, 22, 60, 108, 5],
    [2, 0, 0, 4, 6, 1],
    [0, 5, 0, 9, 7, 0],
    [0, 0, 4, 3, 11, 0],
    [1, 1, 2, 6, 3, 0],
    [5, 2, 4, 9, 21, 2],
    [0, 1, 0, 5, 9, 1],
    [2, 1, 0, 13, 24, 7],
    [0, 0, 0, 2, 9, 1],
    [0, 0, 1, 3, 19, 4],
    [1, 2, 5, 20, 35, 8],
    [3, 6, 7, 27, 48, 4],
    [1, 0, 2, 2, 3, 0],
    [0, 0, 0, 4, 5, 0],
    [0, 0, 3, 1, 2, 1],
    [0, 1, 0, 4, 8, 1],
    [1, 4, 5, 6, 6, 3],
    [2, 0, 0, 2, 2, 0],
    [1, 3, 3, 4, 5, 1],
    [1, 3, 4, 10, 22, 4],
    [2, 4, 0, 6, 7, 1],
    [0, 1, 2, 1, 3, 1],
    [2, 1, 3, 17, 19, 0],
    [2, 1, 2, 0, 2, 1],
    [1, 2, 2, 5, 9, 2],
    [0, 0, 1, 6, 9, 1],
    [5, 1, 0, 6, 11, 2],
    [0, 0, 0, 0, 4, 3],
    [0, 0, 5, 7, 11, 1],
    [0, 1, 3, 1, 6, 0],
    [1, 2, 2, 2, 5, 0],
    [1, 0, 1, 3, 10, 2],
    [0, 1, 1, 6, 3, 2],
    [1, 0, 2, 7, 15, 5],
    [1, 0, 2, 15, 18, 2],
    [0, 2, 0, 8, 7, 4],
    [0, 5, 0, 3, 8, 1],
    [1, 7, 10, 17, 34, 7],
    [6, 5, 25, 81, 117, 12],
    [3, 3, 3, 9, 14, 1],
    [0, 0, 0, 4, 16, 0],
    [0, 0, 2, 7, 6, 0],
    [4, 7, 73, 33, 54, 10],
    [0, 1, 0, 3, 5, 2],
    [0, 2, 7, 7, 19, 3],
    [0, 1, 2, 6, 8, 3],
    [3, 4, 4, 12, 21, 3],
    [0, 2, 4, 14, 16, 3],
    [2, 3, 3, 7, 4, 1],
    [1, 2, 5, 19, 65, 7],
    [3, 3, 2, 22, 76, 4],
    [2, 0, 0, 4, 2, 1],
    [0, 1, 1, 2, 3, 2],
    [0, 0, 2, 2, 6, 1],
    [0, 1, 0, 4, 5, 2],
    [0, 0, 4, 5, 1, 1],
    [4, 1, 8, 10, 16, 6],
    [7, 6, 8, 17, 35, 4],
    [6, 5, 12, 13, 38, 8],
    [0, 0, 0, 1, 5, 1],
    [0, 0, 6, 2, 7, 1],
    [1, 1, 2, 5, 4, 0],
    [0, 0, 0, 4, 2, 1],
    [3, 2, 9, 41, 52, 12],
    [2, 5, 18, 44, 81, 19],
    [0, 0, 1, 1, 6, 0],
    [0, 0, 0, 3, 5, 1],
    [3, 0, 1, 3, 2, 2],
    [0, 3, 2, 1, 8, 1],
    [0, 1, 0, 2, 3, 0],
    [1, 0, 6, 6, 26, 3],
    [0, 3, 1, 3, 1, 0],
    [3, 4, 8, 14, 31, 8],
    [2, 8, 8, 41, 73, 11],
    [0, 0, 0, 6, 3, 0],
    [3, 2, 3, 14, 35, 9],
    [1, 1, 1, 11, 15, 1],
    [1, 0, 0, 9, 2, 0],
    [2, 1, 2, 17, 33, 4],
    [6, 1, 10, 17, 39, 13],
    [3, 0, 3, 13, 24, 10],
    [1, 3, 5, 18, 32, 8],
    [1, 1, 5, 11, 30, 8],
    [6, 5, 1, 13, 11, 4],
    [0, 2, 0, 4, 8, 3],
    [2, 3, 26, 33, 96, 10],
    [7, 2, 12, 29, 61, 13],
    [2, 0, 7, 6, 9, 3],
    [2, 0, 6, 13, 42, 20],
    [0, 1, 1, 2, 4, 0],
    [1, 1, 0, 4, 1, 0],
    [0, 1, 6, 0, 4, 0],
    [0, 2, 3, 8, 12, 1],
    [0, 0, 2, 0, 5, 0],
    [16, 16, 10, 37, 86, 15],
    [4, 3, 13, 12, 34, 8],
    [9, 15, 51, 47, 131, 35],
    [0, 2, 6, 19, 31, 3],
    [46, 73, 237, 314, 711, 120],
    [1, 1, 4, 6, 14, 3]
  ],
  "W": [
    [0, 3, 7, 0, 0, 1, 0],
    [0, 5, 14, 2, 0, 0, 2],
    [0, 1, 8, 1, 0, 1, 0],
    [1, 12, 12, 2, 0, 4, 3],
    [0, 3, 4, 0, 0, 0, 0],
    [0, 2, 5, 0, 1, 0, 1],
    [0, 2, 4, 1, 0, 1, 1],
    [1, 2, 10, 2, 0, 5, 1],
    [0, 0, 4, 0, 0, 2, 0],
    [2, 2, 11, 0, 6, 5, 5],
    [1, 1, 10, 1, 3, 3, 3],
    [0, 0, 0, 0, 1, 4, 1],
    [0, 1, 5, 0, 0, 4, 0],
    [1, 0, 10, 0, 0, 1, 2],
    [2, 0, 6, 0, 0, 4, 2],
    [0, 0, 23, 1, 1, 18, 10],
    [4, 4, 27, 1, 1, 9, 4],
    [6, 13, 86, 3, 6, 20, 19],
    [5, 5, 33, 3, 1, 12, 11],
    [3, 7, 53, 6, 1, 19, 15],
    [10, 17, 151, 9, 6, 31, 30],
    [2, 9, 76, 7, 2, 26, 15],
    [0, 3, 22, 2, 2, 5, 5],
    [1, 2, 35, 1, 4, 20, 9],
    [3, 7, 36, 1, 1, 16, 9],
    [3, 13, 76, 2, 2, 21, 14],
    [2, 2, 25, 2, 0, 5, 7],
    [1, 5, 40, 1, 1, 11, 10],
    [1, 0, 18, 1, 2, 7, 5],
    [4, 9, 80, 8, 4, 15, 24],
    [2, 0, 7, 0, 1, 2, 1],
    [2, 18, 28, 3, 4, 13, 4],
    [0, 5, 4, 0, 1, 2, 4],
    [0, 2, 3, 0, 1, 1, 0],
    [2, 7, 33, 2, 1, 3, 5],
    [1, 4, 24, 0, 0, 3, 5],
    [0, 1, 3, 0, 0, 1, 3],
    [0, 4, 3, 0, 0, 0, 2],
    [2, 10, 17, 3, 2, 14, 5],
    [2, 6, 11, 1, 1, 4, 2],
    [0, 0, 7, 1, 1, 5, 4],
    [1, 9, 63, 6, 4, 22, 9],
    [3, 14, 87, 4, 1, 26, 12],
    [0, 2, 19, 0, 2, 5, 3],
    [0, 2, 3, 0, 1, 0, 0],
    [0, 0, 7, 1, 2, 0, 1],
    [0, 4, 14, 0, 1, 6, 0],
    [1, 7, 17, 1, 1, 8, 2],
    [0, 3, 20, 0, 0, 5, 3],
    [0, 11, 25, 2, 2, 5, 4],
    [0, 0, 4, 1, 2, 3, 1],
    [1, 9, 37, 2, 3, 2, 2],
    [0, 5, 9, 1, 2, 4, 2],
    [1, 3, 9, 0, 1, 3, 1],
    [1, 8, 45, 0, 3, 11, 11],
    [0, 5, 5, 0, 0, 3, 6],
    [1, 6, 6, 0, 1, 5, 7],
    [1, 12, 39, 0, 5, 10, 11],
    [0, 4, 17, 0, 0, 4, 0],
    [0, 4, 15, 0, 3, 4, 2],
    [0, 2, 6, 1, 0, 2, 1],
    [0, 0, 9, 1, 1, 5, 0],
    [0, 11, 39, 1, 2, 15, 5],
    [1, 6, 11, 2, 1, 6, 4],
    [0, 5, 17, 0, 3, 6, 1],
    [1, 3, 9, 1, 4, 4, 1],
    [0, 2, 26, 2, 3, 1, 6],
    [6, 11, 31, 1, 2, 13, 4],
    [1, 4, 7, 0, 2, 3, 4],
    [4, 8, 36, 3, 3, 3, 8],
    [2, 13, 31, 6, 4, 4, 8],
    [13, 15, 144, 9, 8, 26, 24],
    [0, 2, 3, 0, 2, 3, 1],
    [15, 16, 146, 21, 2, 24, 24],
    [0, 8, 31, 7, 1, 2, 5],
    [1, 8, 39, 7, 1, 7, 6],
    [3, 11, 63, 9, 4, 19, 10],
    [5, 2, 55, 6, 3, 10, 6],
    [0, 6, 22, 2, 0, 4, 4],
    [0, 1, 11, 2, 1, 3, 6],
    [0, 1, 9, 0, 1, 0, 2],
    [1, 4, 8, 2, 0, 2, 2],
    [3, 1, 14, 3, 0, 4, 5],
    [2, 2, 14, 2, 2, 1, 2],
    [5, 11, 30, 2, 2, 10, 10],
    [1, 16, 35, 6, 2, 7, 8],
    [4, 9, 16, 2, 1, 7, 5],
    [4, 31, 97, 33, 1, 12, 7],
    [3, 4, 24, 7, 5, 7, 6],
    [1, 5, 33, 0, 0, 6, 5],
    [0, 3, 2, 0, 0, 0, 1],
    [0, 0, 3, 0, 1, 3, 4],
    [2, 13, 37, 5, 6, 7, 6],
    [0, 2, 4, 1, 0, 0, 4],
    [1, 3, 17, 1, 4, 2, 2],
    [11, 5, 60, 2, 6, 17, 6],
    [1, 9, 55, 3, 7, 19, 9],
    [0, 8, 21, 2, 2, 8, 4],
    [1, 7, 40, 6, 7, 11, 7],
    [9, 24, 100, 23, 6, 33, 24],
    [0, 8, 22, 4, 4, 7, 7],
    [4, 11, 66, 5, 0, 18, 14],
    [1, 5, 34, 2, 1, 12, 2],
    [0, 9, 37, 1, 4, 7, 13],
    [5, 6, 37, 2, 2, 5, 3],
    [0, 0, 0, 0, 1, 3, 2],
    [4, 13, 47, 8, 4, 11, 10],
    [2, 2, 31, 4, 2, 12, 5],
    [9, 14, 63, 10, 4, 12, 8],
    [1, 19, 76, 10, 5, 27, 10],
    [3, 9, 79, 5, 2, 13, 8],
    [7, 15, 89, 14, 6, 20, 19],
    [3, 15, 68, 6, 7, 18, 12],
    [1, 0, 4, 2, 0, 2, 0],
    [0, 0, 19, 4, 0, 8, 2],
    [0, 5, 28, 1, 3, 4, 8],
    [0, 1, 16, 0, 3, 1, 4],
    [0, 0, 1, 0, 0, 6, 0],
    [2, 8, 36, 1, 2, 6, 3],
    [4, 8, 40, 3, 0, 13, 8],
    [3, 3, 18, 0, 4, 4, 4],
    [2, 1, 9, 1, 2, 6, 3],
    [2, 1, 14, 2, 0, 5, 2],
    [8, 3, 59, 4, 15, 85, 24],
    [2, 2, 39, 3, 2, 6, 8],
    [4, 13, 41, 0, 5, 9, 12],
    [0, 2, 21, 0, 2, 11, 2],
    [2, 6, 42, 0, 2, 9, 3],
    [0, 1, 15, 0, 1, 2, 1],
    [0, 7, 16, 2, 2, 11, 6],
    [2, 1, 20, 1, 1, 9, 4],
    [0, 0, 6, 0, 0, 2, 1],
    [0, 1, 7, 4, 1, 3, 1],
    [0, 0, 2, 0, 0, 3, 1],
    [0, 0, 4, 0, 0, 1, 1],
    [0, 5, 23, 1, 1, 6, 5],
    [4, 7, 40, 5, 3, 2, 11],
    [2, 0, 7, 0, 0, 3, 4],
    [2, 3, 38, 4, 3, 7, 9],
    [0, 6, 14, 0, 0, 4, 1],
    [1, 8, 77, 2, 4, 7, 11],
    [11, 19, 196, 15, 9, 38, 24],
    [0, 2, 4, 0, 0, 3, 0],
    [0, 0, 1, 1, 0, 4, 1],
    [0, 3, 15, 2, 4, 2, 3],
    [1, 2, 15, 6, 5, 8, 4],
    [0, 4, 21, 0, 0, 7, 9],
    [2, 2, 9, 0, 0, 2, 0],
    [1, 3, 3, 0, 1, 2, 2],
    [1, 5, 17, 1, 1, 5, 3],
    [4, 4, 41, 2, 0, 8, 1],
    [0, 5, 18, 4, 3, 4, 6],
    [9, 16, 134, 5, 9, 32, 14],
    [7, 10, 224, 20, 3, 21, 17],
    [8, 13, 122, 7, 10, 23, 16],
    [3, 0, 8, 0, 0, 1, 1],
    [0, 0, 7, 0, 3, 7, 4],
    [0, 4, 8, 0, 0, 4, 2],
    [4, 1, 3, 0, 0, 3, 2],
    [1, 2, 22, 5, 0, 7, 6],
    [1, 0, 8, 0, 3, 3, 1],
    [1, 7, 27, 1, 0, 5, 6],
    [0, 1, 8, 0, 0, 1, 2],
    [0, 2, 19, 0, 0, 2, 4],
    [1, 1, 51, 2, 1, 7, 8],
    [1, 6, 65, 6, 4, 4, 9],
    [0, 3, 5, 0, 0, 0, 0],
    [1, 2, 2, 0, 0, 3, 1],
    [0, 0, 3, 0, 0, 4, 0],
    [0, 3, 7, 0, 1, 3, 0],
    [0, 3, 8, 0, 1, 10, 3],
    [0, 0, 2, 0, 0, 2, 2],
    [0, 7, 6, 0, 3, 1, 0],
    [3, 7, 22, 0, 2, 7, 3],
    [1, 0, 8, 0, 2, 6, 3],
    [0, 1, 3, 1, 1, 0, 2],
    [5, 2, 25, 4, 2, 3, 1],
    [0, 1, 3, 0, 1, 1, 2],
    [0, 2, 14, 1, 1, 0, 3],
    [1, 0, 9, 1, 1, 3, 2],
    [1, 0, 11, 0, 1, 8, 4],
    [0, 0, 4, 0, 0, 2, 1],
    [3, 1, 9, 3, 1, 5, 2],
    [0, 0, 6, 1, 0, 4, 0],
    [0, 1, 6, 0, 2, 2, 1],
    [2, 1, 11, 0, 0, 1, 2],
    [2, 1, 5, 0, 0, 3, 2],
    [1, 2, 18, 0, 0, 8, 1],
    [0, 10, 18, 2, 0, 4, 4],
    [0, 3, 12, 0, 0, 5, 1],
    [1, 2, 6, 1, 3, 3, 1],
    [0, 9, 33, 5, 4, 15, 10],
    [7, 25, 133, 18, 6, 30, 27],
    [1, 2, 13, 1, 3, 9, 4],
    [0, 1, 18, 0, 0, 1, 0],
    [1, 0, 5, 1, 0, 6, 2],
    [4, 33, 72, 25, 5, 24, 18],
    [0, 1, 3, 0, 2, 5, 0],
    [3, 1, 14, 2, 1, 8, 9],
    [0, 4, 10, 0, 0, 5, 1],
    [0, 2, 29, 1, 2, 3, 10],
    [4, 0, 16, 4, 1, 2, 12],
    [1, 2, 9, 0, 3, 4, 1],
    [6, 11, 58, 2, 5, 7, 10],
    [6, 8, 73, 2, 4, 10, 7],
    [0, 2, 3, 0, 0, 2, 2],
    [0, 2, 4, 0, 0, 2, 1],
    [0, 0, 0, 5, 2, 0, 4],
    [1, 3, 3, 0, 1, 3, 1],
    [1, 1, 2, 3, 0, 4, 0],
    [1, 3, 20, 1, 2, 10, 8],
    [3, 7, 30, 3, 4, 18, 12],
    [1, 6, 46, 1, 6, 11, 11],
    [1, 1, 5, 0, 0, 0, 0],
    [0, 2, 8, 3, 1, 1, 1],
    [1, 0, 6, 3, 1, 1, 1],
    [0, 0, 3, 1, 0, 1, 2],
    [5, 11, 55, 3, 5, 29, 11],
    [7, 14, 87, 7, 6, 28, 20],
    [0, 1, 7, 0, 0, 0, 0],
    [0, 1, 6, 0, 1, 0, 1],
    [0, 2, 4, 0, 0, 2, 3],
    [0, 0, 6, 4, 3, 2, 0],
    [0, 0, 2, 1, 0, 3, 0],
    [0, 3, 28, 2, 1, 4, 4],
    [0, 1, 1, 1, 3, 1, 1],
    [1, 4, 42, 3, 3, 12, 3],
    [6, 13, 78, 5, 7, 22, 12],
    [2, 0, 4, 0, 0, 3, 0],
    [3, 6, 38, 2, 1, 7, 9],
    [3, 2, 15, 2, 2, 2, 4],
    [0, 0, 7, 0, 0, 5, 0],
    [2, 5, 36, 0, 2, 11, 3],
    [4, 8, 38, 8, 1, 16, 11],
    [4, 4, 26, 1, 1, 11, 6],
    [2, 9, 37, 2, 1, 9, 7],
    [0, 4, 26, 2, 0, 14, 10],
    [1, 1, 20, 1, 7, 3, 7],
    [2, 2, 9, 0, 2, 2, 0],
    [5, 7, 103, 11, 2, 22, 20],
    [4, 5, 79, 9, 3, 11, 13],
    [2, 3, 15, 1, 0, 2, 4],
    [3, 1, 49, 5, 1, 13, 11],
    [0, 1, 5, 0, 0, 2, 0],
    [0, 1, 1, 0, 3, 0, 2],
    [0, 0, 7, 3, 0, 0, 1],
    [2, 0, 11, 1, 3, 6, 3],
    [0, 0, 5, 1, 0, 0, 1],
    [8, 19, 90, 8, 11, 23, 21],
    [4, 5, 31, 13, 5, 11, 5],
    [7, 35, 155, 9, 13, 37, 32],
    [4, 3, 29, 5, 2, 13, 5],
    [46, 200, 717, 130, 64, 200, 144],
    [1, 5, 14, 2, 2, 2, 3]
  ],
  "method": "mvn_cdf",
  "mvncdf_method": "genz",
  "mvncdf_samples": 5000,
  "mvncdf_error": 1e-06,
  "cond_prob": [
    [
      [0.00098710163194, 2.624355233e-26, 0.0086209775311, 0.83822433192, 0.12948120094, 0.022686387984],
      [0.0019583020813, 0.0005220470197, 0.063864121261, 0.59809821816, 0.17605347663, 0.15950383485],
      [0.00099224031038, 1.5569511467e-06, 0.018324401814, 0.45349074331, 0.44524186767, 0.081949189941],
      [9.2294076368e-12, 0.0014690537417, 0.42475441148, 0.22308570454, 0.35068912251, 1.7077262932e-06],
      [0.0022972163051, 0.37278475304, 0.022121915664, 0.47611161514, 0.12668205327, 2.4465742897e-06],
      [0.0030023156831, 0.00019509068301, 0.026134946613, 0.61042115527, 0.1332290882, 0.22701740355],
      [0.0031547674189, 0.00073460145366, 0.028064439716, 0.46927712183, 0.17345822653, 0.32531084306]
    ],
    [
      [0.022798497164, 9.5870343938e-26, 0.029313800152, 0.42426485742, 0.47966316926, 0.043959676004],
      [0.029341682114, 0.0013797151613, 0.15038021739, 0.21529300472, 0.40902892735, 0.19457645327],
      [0.0098864173366, 2.8368910365e-06, 0.03003609306, 0.12368134349, 0.76102467268, 0.075368636542],
      [6.8861447031e-11, 0.0024070705113, 0.47026314296, 0.05192774366, 0.47540078735, 1.2554430213e-06],
      [0.097223332985, 2.995068629e-16, 0.11213186644, 0.50414148478, 0.28649887465, 4.4411390804e-06],
      [0.063531711575, 0.0070055823995, 0.06454226954, 0.23344805814, 0.33934192787, 0.29213045048],
      [0.19054668619, 0.0052241688381, 0.033588682857, 0.13924280178, 0.32855311865, 0.30284454169]
    ],
    [
      [0.00080999412808, 1.9281876226e-26, 0.024452645071, 0.31730610229, 0.64982392022, 0.0076073382999],
      [0.0011304656644, 0.00026466559133, 0.15326320601, 0.17710264164, 0.63343761112, 0.034801409966],
      [0.00031209386434, 4.4608649475e-07, 0.020050548728, 0.070824972478, 0.89873726287, 0.010074675977],
      [2.6856632504e-12, 0.00032219173646, 0.41340471906, 0.032520323179, 0.55375257217, 1.9384645231e-07],
      [0.001722254251, 0.4527340182, 0.045582246089, 0.26208523536, 0.23787339768, 2.8484169787e-06],
      [0.0021684726829, 7.6217458315e-05, 0.075450909257, 0.24000422505, 0.61923388601, 0.063066289546],
      [0.00060117069309, 0.00031140270118, 0.066659970768, 0.15921332523, 0.69949613016, 0.07371800045]
    ],
    [
      [0.014126078998, 2.0044463353e-25, 0.05502468867, 0.41887857151, 0.45515789782, 0.056812763009],
      [0.015555347376, 0.0027406239572, 0.25109456834, 0.18222808924, 0.3363583556, 0.21202301548],
      [0.0064464759555, 6.1414442145e-06, 0.05942243365, 0.083290034077, 0.74933556024, 0.10149935463],
      [3.1908946166e-11, 0.0043432035763, 0.63145295923, 0.038118095713, 0.32608454423, 1.1972240961e-06],
      [0.048038241553, 0.3464498581, 0.1059868678, 0.27316432437, 0.22635469918, 6.0089929771e-06],
      [0.0339358794, 0.018830910666, 0.11260190503, 0.21187020585, 0.29508343425, 0.3276776648],
      [0.16648294965, 0.013933438354, 0.087020140822, 0.12240531545, 0.27936960027, 0.33078855546]
    ],
    [
      [0.00046126243649, 1.2528885778e-27, 0.078870447496, 0.66544889226, 0.24712018145, 0.008099216353],
      [0.00051003247992, 2.5833556313e-06, 0.50364886234, 0.26865052991, 0.19663465942, 0.030553332495],
      [0.00035106988352, 2.7837107534e-08, 0.11799245558, 0.23447909848, 0.62819802107, 0.018979327146],
      [7.7745654998e-13, 2.0333103387e-07, 0.8973012701, 0.02314180229, 0.079556635983, 8.8296415189e-08],
      [0.00021348105076, 0.5498142982, 0.11959259469, 0.24683228708, 0.083546180955, 1.1580130022e-06],
      [0.00061425177723, -0, 0.28437855941, 0.38878533326, 0.21269761749, 0.11352423806],
      [0, 0, 0.28095307369, 0.28693639447, 0.27463260171, 0.15747793014]
    ],
    [
      [0.049044325425, 7.8097279005e-25, 0.010819340841, 0.76790712708, 0.11502013296, 0.057209073694],
      [0.079134402914, 0.014207221517, 0.057936132519, 0.40007317167, 0.11862828279, 0.33002078859],
      [0.039846448711, 4.0981913704e-05, 0.021689464404, 0.36412769175, 0.38143263145, 0.19286278177],
      [3.0100243072e-10, 0.044578372361, 0.53675363472, 0.16101245599, 0.25765199806, 3.5385715124e-06],
      [0.012280719234, 0.96173377581, 0.001208793343, 0.021125141112, 0.0036511015052, 4.6899529322e-07],
      [0.14290882359, 0.094473179766, 0.01871703028, 0.30003026227, 0.066757012994, 0.37711369111],
      [0.51521003074, 0.042253357489, 0.0096530298859, 0.10508623704, 0.041382133479, 0.28641521136]
    ],
    [
      [0.0019897637144, 1.8272660191e-24, 0.058510697582, 0.210656436, 0.71782548942, 0.011017613286],
      [0.0021921730467, 0.026364840663, 0.31378603116, 0.089610269416, 0.52708235489, 0.040964330822],
      [0.00063941112609, 3.8470401268e-05, 0.044081697676, 0.043034104917, 0.8988105397, 0.013395776178],
      [3.5655079771e-12, 0.028010399934, 0.62555090024, 0.013205462443, 0.33323306492, 1.7245779117e-07],
      [2.8944118836e-49, 1, 1.9421005034e-46, 8.1194859616e-45, 3.2312865401e-45, 8.4069951683e-50],
      [0.0036827560864, 0.3911036462, 0.10319607179, 0.084751133895, 0.36290018991, 0.054366202119],
      [0.0070098036199, 0.27854202675, 0.10448004099, 0.068109538434, 0.46717330778, 0.074685282425]
    ],
    [
      [0.002114849804, 8.5040020402e-26, 0.028929683035, 0.70023342228, 0.26288630063, 0.0058357442515],
      [0.0036225307131, 0.0016640938461, 0.20318572986, 0.46387130442, 0.29580535419, 0.031850986971],
      [0.0014460159367, 3.7752411583e-06, 0.0449304132, 0.30130999204, 0.63733925719, 0.014970546385],
      [7.9205854305e-12, 0.0026410016642, 0.59039681548, 0.09764521384, 0.30931676992, 1.9908233814e-07],
      [0.0094782062701, 0.134139468, 0.074089595277, 0.60361761168, 0.17867426166, 8.571136706e-07],
      [0.0077261136913, 0.012058404912, 0.093639733997, 0.56260362358, 0.27586473351, 0.048107390306],
      [0.023253031304, 0.01183058445, 0.099202481937, 0.44097084705, 0.3547903849, 0.069952670355]
    ],
    [
      [0.1094842785, 6.3785330684e-26, 0.06722328574, 0.453213744, 0.35563179843, 0.014446893326],
      [0.11792196063, 0.00070208571622, 0.45333503531, 0.15081523993, 0.22755961762, 0.049666060795],
      [0.048815755463, 2.0176310029e-06, 0.079293333193, 0.13202211269, 0.71305136744, 0.026815413588],
      [5.5826576822e-11, 0.00025695918686, 0.9397887026, 0.0084124710747, 0.051541781101, 8.5986537143e-08],
      [0.51631402901, 0.011821360755, 0.12846334964, 0.1947514851, 0.148647041, 2.7344849262e-06],
      [0.40652423902, 0.0019963275225, 0.1379350051, 0.18167223099, 0.19692491082, 0.074947286542],
      [0.99974755894, 5.3023640718e-07, 4.2629543724e-05, 6.1169522311e-05, 0.00011977056357, 2.8341195819e-05]
    ],
    [
      [0.015621060131, 3.9549467616e-24, 0.039234040858, 0.65746886098, 0.24023079429, 0.047445243736],
      [0.015330165527, 0.047291740295, 0.13491233897, 0.3884322059, 0.26574426223, 0.14828928708],
      [0.0065582480858, 0.00011529908387, 0.031497443036, 0.1971456756, 0.67311989875, 0.091563435449],
      [4.4359172248e-11, 0.0754985268, 0.45931530721, 0.059366725994, 0.40581809625, 1.3437033103e-06],
      [0.006481654848, 0.90722569884, 0.0074287559504, 0.05283398971, 0.026029194487, 7.0616487824e-07],
      [0.027618234674, 0.41294355881, 0.046595354789, 0.1628497414, 0.1766664498, 0.17332666053],
      [0.082225399246, 0.2403452736, 0.049225984345, 0.16978378364, 0.23618332491, 0.22223623427]
    ],
    [
      [0.023388661397, 1.9486080987e-23, 0.012501033722, 0.67386306451, 0.26623331564, 0.024013924726],
      [0.026661080836, 0.30862182147, 0.088822402257, 0.27960536359, 0.19656222049, 0.09972711136],
      [0.014442816704, 0.0010456255461, 0.025107525516, 0.25073737416, 0.63721407567, 0.07145258241],
      [5.655735512e-11, 0.47208781008, 0.23910902655, 0.079101694967, 0.20970081816, 6.5018537754e-07],
      [0.00087934688456, 0.99478798781, 0.00041725311742, 0.0023160188465, 0.0015993476502, 4.5690631175e-08],
      [0.014206037954, 0.80404324402, 0.011794269152, 0.077822185848, 0.039895786613, 0.052238476414],
      [0.040450630218, 0.78261119678, 0.0076455929485, 0.048864551876, 0.063403659749, 0.057024368435]
    ],
    [
      [0.024628838864, 1.6678105462e-24, 0.01098303024, 0.74017879471, 0.21353608733, 0.01067324885],
      [0.047036970541, 0.036005722107, 0.075214988721, 0.48967498874, 0.28613348224, 0.065933847654],
      [0.015959689539, 6.9765874511e-05, 0.01665276086, 0.26254917168, 0.67835089387, 0.026417718179],
      [1.2580224807e-10, 0.074949602973, 0.43853001928, 0.12082311155, 0.36569673012, 5.3595213617e-07],
      [0.011024026378, 0.92434008235, 0.0026591609641, 0.04875097409, 0.013225599033, 1.5718580157e-07],
      [0.078575152237, 0.24142387084, 0.025742512069, 0.41227076701, 0.17124971371, 0.070737984133],
      [0.3011274381, 0.17337332253, 0.021692432979, 0.24604556298, 0.17800695711, 0.079754286298]
    ],
    [
      [0.0015291805571, 7.439127288e-26, 0.073347014406, 0.25906906407, 0.6584738178, 0.0075809231657],
      [0.0015868500641, 0.00091734544319, 0.4083962831, 0.10950357888, 0.4533059509, 0.026289991618],
      [0.00053306142899, 1.6885597237e-06, 0.058295381432, 0.056881621527, 0.87435845348, 0.0099297935727],
      [2.1759394329e-12, 0.00075727485657, 0.74772930513, 0.012798366164, 0.23871496133, 9.2518429743e-08],
      [0.007168887467, 0.11423715439, 0.20574921527, 0.24324543734, 0.42959800314, 1.3023897386e-06],
      [0.0042242382627, 0.0076160288107, 0.21268481143, 0.17414441657, 0.54859572304, 0.05273478189],
      [0.0078392170181, 0.006514940611, 0.18830751091, 0.12026418006, 0.61358131032, 0.063492841085]
    ],
    [
      [0.0022335736831, 4.464209634e-26, 0.011699980604, 0.60071848134, 0.37289785244, 0.012450111926],
      [0.0039010505621, 0.00094098431296, 0.07929384583, 0.40346595465, 0.43841940674, 0.073978757905],
      [0.0012411466921, 1.744079094e-06, 0.01481486034, 0.20449977681, 0.75297288205, 0.026469590022],
      [1.1084659449e-11, 0.0017966878238, 0.33687996721, 0.10232834588, 0.55899443927, 5.5980587146e-07],
      [0.013974765509, 1.2518172022e-07, 0.035352158923, 0.64426319806, 0.30640537907, 4.3732565473e-06],
      [0.0078760462239, 0.0041480170156, 0.036165020246, 0.46549908002, 0.374007684, 0.1123041525],
      [0.021345585536, 0.0044736923837, 0.03591004203, 0.33566335948, 0.45496382349, 0.14764349708]
    ],
    [
      [0.014172821396, 1.1027252951e-25, 0.013121469907, 0.39164272965, 0.56758863823, 0.01347434082],
      [0.022035367028, 0.0019396215227, 0.078708375387, 0.23740272123, 0.58922447212, 0.070689442718],
      [0.005725657295, 2.8914427308e-06, 0.012206387536, 0.094543430465, 0.86638376533, 0.021137867934],
      [5.1494406044e-11, 0.0033816437445, 0.27243508961, 0.056158321297, 0.66802447424, 4.7105388057e-07],
      [0.06761744485, 0.21040476211, 0.033761454847, 0.33032975271, 0.35788452606, 2.0594298227e-06],
      [0.049911399671, 0.013478784958, 0.036691801245, 0.27902614187, 0.51088200572, 0.11000986654],
      [0.15156182491, 0.010222024739, 0.030080453562, 0.17202844683, 0.51724664397, 0.11886060599]
    ],
    [
      [0.0079816877329, 2.9965382575e-25, 0.067998496858, 0.44660033106, 0.44851539087, 0.028904093478],
      [0.0095917744785, 0.0041963428887, 0.32757384767, 0.20085130273, 0.34693313579, 0.11085359644],
      [0.0041739521188, 9.4527756296e-06, 0.071199618072, 0.14879471044, 0.7269825906, 0.048839675995],
      [1.6546124592e-11, 0.0053145535935, 0.66981575168, 0.03544653759, 0.28942266932, 4.877945653e-07],
      [0.02678610069, 0.36545970419, 0.11398537305, 0.28156468984, 0.21220146941, 2.662822021e-06],
      [0.023084599838, 0.035578210386, 0.16968596243, 0.26088532128, 0.33004767113, 0.18071823493],
      [0.062959861421, 0.029154497098, 0.1338292152, 0.16336002784, 0.40964155682, 0.20105484162]
    ],
    [
      [0.0048894158816, 1.5598998563e-25, 0.054156754082, 0.56311829115, 0.35289543482, 0.024940104066],
      [0.0061304882116, 0.0023582446346, 0.28290106079, 0.29890267802, 0.30272109806, 0.10698643028],
      [0.002696705527, 5.5528367601e-06, 0.067774157997, 0.20920422265, 0.66702005387, 0.053299307118],
      [1.2043042043e-11, 0.00328550788, 0.65923054116, 0.056111496381, 0.28137204747, 4.0709924069e-07],
      [0.018515038977, 0.22947802372, 0.11536285807, 0.42170332303, 0.21493776933, 2.9868706525e-06],
      [0.014220064983, 0.017615022331, 0.13112323682, 0.356542329, 0.29974021039, 0.18075913647],
      [0.035302965756, 0.01717621876, 0.12951034002, 0.27195046174, 0.35095082159, 0.19510919213]
    ],
    [
      [0.018535350714, 8.886823466e-25, 0.029990420237, 0.47148881346, 0.44484593569, 0.035139479896],
      [0.034776150986, 0.016482076759, 0.16574413463, 0.27721872744, 0.37137886417, 0.13440004602],
      [0.010477258322, 2.6533586415e-05, 0.030437783878, 0.22654085264, 0.66731428022, 0.065203291355],
      [7.4198679721e-11, 0.025319805292, 0.54273020779, 0.075692526545, 0.35625620739, 1.2529126612e-06],
      [0.026864584678, 0.6378885771, 0.033577559048, 0.18116207462, 0.12050543351, 1.7710412246e-06],
      [0.053615968789, 0.10916769918, 0.070643786993, 0.26255910322, 0.28759137556, 0.21642206625],
      [0.18548755494, 0.084559030483, 0.047639897568, 0.21113045194, 0.24526560302, 0.22591746204]
    ],
    [
      [0.016613404926, 4.9043582265e-25, 0.03444041526, 0.56622039664, 0.35633986781, 0.026385915369],
      [0.024561663844, 0.0079800927226, 0.19758619899, 0.32556125507, 0.32489613431, 0.11941465507],
      [0.0093339744751, 1.7696462585e-05, 0.044740972029, 0.21042963451, 0.68214467373, 0.053333048792],
      [5.4352398966e-11, 0.013733142833, 0.54680643463, 0.079235952852, 0.36022370265, 7.6697112489e-07],
      [0.043428065927, 0.49743191987, 0.052586807537, 0.27679469936, 0.12975652511, 1.9822056663e-06],
      [0.04943182362, 0.059862930214, 0.084254186535, 0.36392347679, 0.27138382797, 0.17114375488],
      [0.14140548828, 0.046780030226, 0.0743197411, 0.23999754164, 0.29957848379, 0.19791871496]
    ],
    [
      [0.025799805465, 5.5661037626e-25, 0.030427395051, 0.6354510072, 0.26720118541, 0.041120606879],
      [0.053175377949, 0.012363912136, 0.20245932761, 0.22154645207, 0.30003690288, 0.21041802736],
      [0.018610614177, 1.9341670016e-05, 0.050983806982, 0.21680715196, 0.61635552155, 0.097223563654],
      [1.0960936704e-10, 0.021380625997, 0.48801414491, 0.050798665424, 0.43980519616, 1.3673982554e-06],
      [0.085974025979, 0.52438711053, 0.042371889379, 0.24320980516, 0.10405383959, 3.3293616758e-06],
      [0.092210276228, 0.091296096952, 0.049883609542, 0.30179568068, 0.27491817576, 0.18989616084],
      [0.17061583596, 0.064448306673, 0.059838761066, 0.17279003182, 0.29322388198, 0.2390831825]
    ],
    [
      [0.012542890401, 6.8385384806e-25, 0.054844320677, 0.55091436144, 0.36053092239, 0.021167505087],
      [0.017633237321, 0.0081014257853, 0.30627948241, 0.23217541451, 0.3526758936, 0.083134546372],
      [0.0075184032642, 2.4841168011e-05, 0.083143438323, 0.22198222324, 0.64046426746, 0.046866826544],
      [4.2020002713e-11, 0.014961426621, 0.54926101692, 0.057821424861, 0.37795584292, 2.8863727108e-07],
      [0.03818163771, 0.50840615325, 0.086323270743, 0.21991946286, 0.14716801577, 1.459667773e-06],
      [0.041978365171, 0.063372447003, 0.12718219984, 0.30348186337, 0.30409985822, 0.1598852664],
      [0.12545750378, 0.072508029412, 0.14309331276, 0.2189714442, 0.29701758165, 0.14295212819]
    ],
    [
      [0.0163197004, 5.2284572252e-25, 0.02867734743, 0.6619288317, 0.27208153916, 0.020992581315],
      [0.02410488988, 0.0096027536021, 0.17492383558, 0.4160722173, 0.26274935391, 0.11254694972],
      [0.010598525219, 2.1941979578e-05, 0.043345927183, 0.30143685578, 0.59008135946, 0.05451539038],
      [6.4588140573e-11, 0.017721220779, 0.53411492999, 0.11588017771, 0.33228288933, 7.8212914377e-07],
      [0.038857011103, 0.48339053239, 0.040369010314, 0.33771616553, 0.099665766342, 1.5143221103e-06],
      [0.048085044593, 0.063625045273, 0.074133473164, 0.45087617367, 0.2173503275, 0.14592993579],
      [0.14124756363, 0.055208461065, 0.067009895698, 0.32145623004, 0.24204971535, 0.17302813421]
    ],
    [
      [0.014694132171, 2.3584784086e-25, 0.084439103228, 0.69250997993, 0.20052318375, 0.0078336009294],
      [0.02107809104, 0.0029915665741, 0.35208978192, 0.39148162774, 0.19866477152, 0.033694161205],
      [0.012024276026, 1.1767197594e-05, 0.13684444017, 0.33227140782, 0.49001295833, 0.028835150457],
      [2.7569778623e-11, 0.0033507755243, 0.83592506544, 0.045594774441, 0.11512924138, 1.4318651753e-07],
      [0.050365498644, 0.32379801774, 0.14372623216, 0.39732210761, 0.084787119917, 1.0239217197e-06],
      [0.046691025933, 0.028997914993, 0.21974004961, 0.46825391263, 0.18935592864, 0.046961168193],
      [0.16483168334, 0.019284304402, 0.19905550767, 0.34617025781, 0.1900522807, 0.080605966081]
    ],
    [
      [0.0068506699768, 2.6696230995e-25, 0.034938478817, 0.52977250145, 0.40176404365, 0.026674306113],
      [0.010148623082, 0.0045508045285, 0.20517129238, 0.27587475192, 0.39240046594, 0.11185406216],
      [0.0033820409657, 8.8236803367e-06, 0.041578756499, 0.17103338921, 0.74232046145, 0.041676528189],
      [2.3411966246e-11, 0.0076042920209, 0.51549236022, 0.06897859993, 0.40792396314, 7.8467204775e-07],
      [0.025832472458, 0.34286758963, 0.0627288419, 0.34738279281, 0.22118567902, 2.6241773961e-06],
      [0.022602525897, 0.036291123498, 0.082784856344, 0.34453614784, 0.33508960701, 0.17869573942],
      [0.060899375629, 0.026194242879, 0.078836860239, 0.24711627928, 0.38528020186, 0.20167304011]
    ],
    [
      [0.014167172433, 2.137839054e-25, 0.032655471942, 0.72047945438, 0.2229334615, 0.0097644397516],
      [0.030277797369, 0.0047967466973, 0.16104962151, 0.51549907527, 0.21764227833, 0.070734480829],
      [0.010751626431, 8.7492772229e-06, 0.063315421317, 0.3466162682, 0.55566013342, 0.02364780135],
      [1.1607060914e-10, 0.0066740504033, 0.68309808235, 0.10473666052, 0.20549070272, 5.0390369819e-07],
      [0.064402175071, 0.22815036356, 0.055784816946, 0.55325810014, 0.09840319441, 1.3498783524e-06],
      [0.046555307491, 0.037291576892, 0.076803445962, 0.46433497246, 0.32679516185, 0.048219535343],
      [0.16421356496, 0.027098898688, 0.067211046793, 0.46306789972, 0.17318900655, 0.10521958328]
    ],
    [
      [0.012374541892, 4.1295721709e-25, 0.031854421556, 0.72160096698, 0.21407051227, 0.020099557311],
      [0.017777420311, 0.0065552573841, 0.16964108339, 0.47751694937, 0.21776139996, 0.11074788959],
      [0.0074742288629, 1.9354878838e-05, 0.04849474676, 0.34955591369, 0.53049275926, 0.06396299655],
      [5.1909888015e-11, 0.013306186695, 0.60766461221, 0.12472826495, 0.25430011971, 8.1638863802e-07],
      [0.029423895307, 0.44503754181, 0.037934098433, 0.40191240957, 0.085690109513, 1.945361749e-06],
      [0.038043363984, 0.056918201701, 0.0772081141, 0.51744457278, 0.15113737651, 0.15924837092],
      [0.12087738237, 0.040667184927, 0.06377174248, 0.36677963696, 0.20498537708, 0.20291867618]
    ],
    [
      [0.015257500815, 4.1607274219e-25, 0.065935125367, 0.68099432176, 0.22440236696, 0.013410685097],
      [0.020293161449, 0.0068505188135, 0.36407420425, 0.34834357339, 0.20274773888, 0.057690803208],
      [0.011010080139, 2.0323603975e-05, 0.11166168989, 0.26428592458, 0.5761061814, 0.036915800392],
      [3.398747778e-11, 0.0081859636027, 0.77137941366, 0.060619858766, 0.15981446536, 2.9857628137e-07],
      [0.035044360682, 0.50621427661, 0.084550193854, 0.29720862859, 0.076981604775, 9.354886229e-07],
      [0.047073668862, 0.054591278866, 0.16958620307, 0.44740128513, 0.18954826363, 0.091799300438],
      [0.14775503918, 0.047120127337, 0.15821496772, 0.31810668912, 0.21617927211, 0.11262390454]
    ],
    [
      [0.0089068884901, 5.7306879963e-25, 0.071330601227, 0.41713213331, 0.47068651524, 0.031943861735],
      [0.011262054413, 0.0071627455454, 0.33854818485, 0.19348173475, 0.34890959088, 0.10063568955],
      [0.0040621695489, 1.6689184371e-05, 0.085647489412, 0.12820945112, 0.72977819496, 0.052286005771],
      [1.5997483576e-11, 0.0091306645471, 0.705472008, 0.029706928007, 0.25568993577, 4.6366483489e-07],
      [0.021853801874, 0.53769121634, 0.094977598307, 0.19066744687, 0.15480795458, 1.9820272731e-06],
      [0.025452517071, 0.060157159346, 0.15743538001, 0.24948798406, 0.33682536369, 0.17064159582],
      [0.067188393557, 0.045875207882, 0.14447207274, 0.15894539144, 0.37742754311, 0.20609139126]
    ],
    [
      [0.023231659925, 9.567319411e-25, 0.0252934681, 0.40813791484, 0.51684020324, 0.026496753897],
      [0.031062699415, 0.015062814179, 0.12422309232, 0.25478878473, 0.46401628935, 0.11084632],
      [0.010599495116, 2.9672650438e-05, 0.024100324672, 0.11987628038, 0.80482185991, 0.040572367272],
      [7.4210339837e-11, 0.033644364296, 0.40042554405, 0.053070165133, 0.51285921267, 7.1378262629e-07],
      [0.033326258812, 0.74141866001, 0.018129299229, 0.10687191554, 0.10025280308, 1.0633327068e-06],
      [0.064304378083, 0.12509409374, 0.050883086168, 0.23184928205, 0.37239266463, 0.15547649533],
      [0.18152619432, 0.082518169044, 0.042727446783, 0.14370933722, 0.37903297219, 0.17048588045]
    ],
    [
      [0.010500819833, 4.7358117655e-25, 0.045459424569, 0.53324797648, 0.38271202638, 0.028079752736],
      [0.014073998769, 0.0077242140306, 0.22486477969, 0.29519130374, 0.33306045401, 0.12508524976],
      [0.0055742506745, 1.7490335829e-05, 0.050103512609, 0.18982486896, 0.69610071776, 0.058379159659],
      [2.9297689482e-11, 0.01097369647, 0.58221976753, 0.057891108265, 0.34891470426, 7.2344153752e-07],
      [0.027523659925, 0.4657804239, 0.066182809965, 0.28872442534, 0.15178631857, 2.3622928423e-06],
      [0.029715712376, 0.053450349888, 0.10236454888, 0.35294528689, 0.27465256426, 0.18687153771],
      [0.080424698578, 0.044552150873, 0.092621342008, 0.24691522098, 0.32486792256, 0.210618665]
    ],
    [
      [0.015784943867, 6.4963463998e-26, 0.010955673224, 0.53180987463, 0.43392351107, 0.0075259972016],
      [0.027283893626, 0.0012329036239, 0.070302525591, 0.35268608427, 0.50744325965, 0.041051333245],
      [0.0074904456485, 2.0694560643e-06, 0.012080407655, 0.16417987027, 0.80248910459, 0.01375810238],
      [7.0303140561e-11, 0.0023747373033, 0.28483277582, 0.087110869252, 0.6256813154, 3.0215422586e-07],
      [0.087451519468, 0.082059035047, 0.030300975279, 0.49427145438, 0.30591587265, 1.1431761743e-06],
      [0.062692674036, 0.0079684795941, 0.032675342414, 0.40517603857, 0.43011278108, 0.061374684313],
      [0.22489176108, 0.0062094267038, 0.02662108963, 0.24543508063, 0.43064233839, 0.066200303567]
    ],
    [
      [0.010654882615, 2.0542248349e-25, 0.070225460789, 0.69673327157, 0.2023579704, 0.020028414625],
      [0.014400159536, 0.0034616381832, 0.33601450142, 0.36128859465, 0.20024539537, 0.084589710837],
      [0.007810363904, 9.1208053129e-06, 0.10860897562, 0.31266902737, 0.51757743534, 0.053325076963],
      [3.0267578656e-11, 0.0043085832771, 0.78572494569, 0.061796058546, 0.14817002276, 3.8970212184e-07],
      [0.038204521069, 0.2263187717, 0.1355811774, 0.49745826842, 0.10243538402, 1.8773900389e-06],
      [0.034101380095, 0.026239046811, 0.15949673348, 0.48261651476, 0.16553553447, 0.13201079038],
      [0.10249677886, 0.02223354, 0.1709786445, 0.32304738164, 0.21838815626, 0.16285549873]
    ],
    [
      [0.040183364537, 4.3596851918e-25, 0.040158117991, 0.44998981762, 0.45332787374, 0.016340826119],
      [0.0540625796, 0.0067637000398, 0.22396526062, 0.23624105845, 0.40650670691, 0.072460694372],
      [0.018207538409, 1.3012056952e-05, 0.042620702639, 0.13291896036, 0.77763270857, 0.028607077972],
      [1.0151332557e-10, 0.0095200079462, 0.58040900553, 0.045028183234, 0.36504241331, 3.8987367769e-07],
      [0.08916041097, 0.55202484139, 0.046681903302, 0.17626314543, 0.13586859235, 1.1065639289e-06],
      [0.12085970037, 0.054075699303, 0.097113831874, 0.2716728817, 0.34737740554, 0.10890048122],
      [0.33594790598, 0.034673460572, 0.069264585915, 0.14708639393, 0.30991256254, 0.10311509106]
    ],
    [
      [0.00079032741313, 3.4810052464e-24, 0.0070720269586, 0.87619866494, 0.11020755846, 0.0057314222211],
      [0.0017296566481, 0.090244550536, 0.056292030872, 0.64194082419, 0.17017995198, 0.039612985777],
      [0.00088292227677, 0.00021988741599, 0.017219234298, 0.47219187316, 0.48713796508, 0.022348117766],
      [6.7748919572e-12, 0.22202187484, 0.33633078632, 0.17348457972, 0.26816236796, 3.9115478339e-07],
      [3.6380245745e-07, 0.99992860167, 2.3500100074e-06, 6.1644503723e-05, 7.0397995271e-06, 2.111998006e-10],
      [0.0012935406531, 0.57076929375, 0.011310618133, 0.32969450483, 0.061544577967, 0.025387464663],
      [0.0011627722756, 0.55254436494, 0.014637182387, 0.28981466511, 0.096213672629, 0.045627342656]
    ],
    [
      [0.0048206235218, 7.3335793456e-26, 0.010293846584, 0.81327779455, 0.16368969037, 0.0079180449759],
      [0.011312003025, 0.0020493112134, 0.085910567635, 0.5781487903, 0.26261002502, 0.059969302805],
      [0.0050249506622, 4.4895064516e-06, 0.020126576171, 0.410911074, 0.53934225331, 0.024590656354],
      [4.8385913943e-11, 0.00434890313, 0.43478768121, 0.18943731499, 0.37142545545, 6.4517274794e-07],
      [0.026790003736, 0.13495916418, 0.029614470209, 0.70676164286, 0.10187365778, 1.0612382777e-06],
      [0.02075017875, 0.012242401729, 0.039334443286, 0.62312081969, 0.18444114293, 0.12011101361],
      [0.06151819657, 0.0096054809005, 0.03784491574, 0.4624282667, 0.25507069976, 0.17353244033]
    ],
    [
      [0.010511139547, 1.5888921054e-25, 0.022624842952, 0.55661343604, 0.3746896487, 0.035560932761],
      [0.015143786989, 0.0026416053542, 0.12757988118, 0.3219379046, 0.36177833657, 0.17091848531],
      [0.0054985397898, 5.221190667e-06, 0.027300721461, 0.19488676892, 0.69671253554, 0.075596213098],
      [4.1530987806e-11, 0.0051881269103, 0.4403521337, 0.087823005853, 0.46663545075, 1.2827452833e-06],
      [0.041392492993, 0.28307493176, 0.054786238857, 0.40840110437, 0.21234093916, 4.2928572472e-06],
