{
  "X": [
    [9, 32, 34, 50, 190, 4],
    [3, 5, 0, 5, 13, 2],
    [7, 4, 10, 75, 54, 6],
    [3, 11, 11, 41, 143, 6],
    [4, 3, 5, 38, 86, 12],
    [18, 49, 67, 142, 320, 30],
    [9, 6, 12, 12, 134, 1],
    [3, 3, 9, 66, 109, 5],
    [6, 23, 19, 41, 159, 9],
    [7, 35, 18, 31, 160, 18],
    [3, 12, 4, 6, 159, 2],
    [35, 81, 111, 105, 532, 22],
    [60, 137, 139, 223, 849, 35],
    [2, 8, 0, 21, 13, 3],
    [4, 20, 28, 20, 65, 12],
    [4, 7, 4, 11, 121, 4],
    [4, 4, 13, 78, 103, 3],
    [0, 0, 5, 6, 10, 4],
    [7, 13, 20, 19, 191, 5],
    [8, 13, 18, 32, 165, 6],
    [1, 6, 6, 7, 94, 6],
    [5, 11, 9, 7, 143, 7],
    [11, 48, 60, 53, 507, 9],
    [0, 1, 5, 28, 52, 3],
    [19, 36, 59, 54, 136, 8],
    [30, 110, 129, 142, 445, 39],
    [1, 5, 5, 5, 53, 4],
    [4, 13, 16, 46, 350, 4],
    [4, 21, 19, 28, 174, 9],
    [2, 3, 13, 4, 144, 6],
    [6, 24, 16, 16, 224, 6],
    [12, 17, 45, 110, 243, 16],
    [11, 14, 27, 36, 99, 12],
    [3, 2, 13, 5, 171, 3],
    [0, 5, 2, 6, 71, 1],
    [13, 53, 77, 51, 239, 20],
    [14, 36, 53, 38, 305, 11],
    [36, 66, 101, 111, 311, 21],
    [1, 3, 4, 5, 15, 1],
    [6, 25, 64, 84, 187, 12],
    [0, 3, 1, 20, 44, 2],
    [4, 13, 10, 48, 65, 3],
    [9, 22, 52, 43, 152, 8],
    [9, 41, 65, 65, 201, 11],
    [8, 31, 38, 74, 209, 13],
    [17, 46, 136, 156, 339, 25],
    [12, 52, 103, 100, 315, 17],
    [9, 26, 50, 83, 180, 9],
    [3, 27, 46, 32, 232, 9],
    [52, 159, 190, 193, 500, 30],
    [16, 75, 68, 85, 214, 29],
    [19, 92, 84, 128, 594, 13],
    [9, 30, 26, 29, 179, 9],
    [3, 34, 17, 59, 113, 8],
    [6, 18, 26, 21, 158, 5],
    [4, 16, 32, 10, 127, 9],
    [33, 65, 100, 206, 661, 26],
    [7, 3, 2, 29, 71, 6],
    [2, 19, 12, 14, 40, 3],
    [1, 1, 5, 16, 137, 1],
    [10, 19, 32, 78, 216, 11],
    [9, 15, 27, 79, 236, 14],
    [8, 26, 53, 161, 479, 17],
    [415, 1135, 1439, 1807, 7165, 279],
    [28, 80, 127, 207, 605, 30],
    [55, 133, 216, 411, 901, 91],
    [10, 12, 29, 121, 262, 5]
  ],
  "W": [
    [22, 42, 42, 159, 47, 7],
    [6, 4, 1, 8, 6, 3],
    [10, 51, 21, 46, 13, 15],
    [16, 22, 17, 136, 19, 5],
    [3, 34, 9, 77, 17, 8],
    [30, 80, 111, 297, 90, 18],
    [9, 4, 15, 138, 5, 3],
    [5, 41, 26, 114, 7, 2],
    [11, 28, 26, 152, 33, 7],
    [8, 15, 31, 164, 42, 9],
    [13, 7, 12, 132, 18, 4],
    [60, 63, 139, 484, 121, 19],
    [106, 101, 193, 805, 199, 39],
    [1, 11, 2, 16, 12, 5],
    [6, 5, 40, 60, 27, 11],
    [11, 6, 10, 101, 16, 7],
    [15, 46, 23, 95, 19, 7],
    [4, 5, 9, 2, 2, 3],
    [20, 9, 31, 176, 16, 3],
    [8, 14, 21, 169, 22, 8],
    [3, 5, 8, 92, 11, 1],
    [11, 4, 11, 130, 21, 5],
    [18, 32, 95, 465, 68, 10],
    [1, 16, 11, 52, 6, 3],
    [38, 28, 65, 120, 52, 9],
    [52, 72, 175, 418, 143, 35],
    [3, 3, 5, 49, 9, 4],
    [15, 17, 35, 325, 31, 10],
    [3, 25, 28, 158, 33, 8],
    [6, 1, 16, 140, 7, 2],
    [17, 7, 17, 212, 33, 6],
    [16, 71, 71, 225, 49, 11],
    [16, 29, 34, 92, 23, 5],
    [11, 2, 17, 153, 10, 4],
    [6, 2, 4, 67, 5, 1],
    [22, 34, 97, 219, 66, 15],
    [20, 26, 63, 287, 50, 11],
    [46, 71, 128, 293, 88, 20],
    [3, 2, 4, 13, 7, 0],
    [25, 56, 78, 156, 54, 9],
    [0, 9, 9, 45, 5, 2],
    [7, 44, 9, 64, 17, 2],
    [16, 32, 66, 127, 37, 8],
    [21, 30, 83, 186, 63, 9],
    [16, 40, 71, 184, 48, 14],
    [27, 98, 176, 304, 87, 27],
    [20, 62, 136, 287, 79, 15],
    [10, 52, 82, 153, 51, 9],
    [9, 19, 52, 207, 54, 8],
    [75, 95, 249, 469, 208, 28],
    [27, 44, 101, 202, 93, 20],
    [35, 73, 126, 568, 113, 15],
    [11, 17, 35, 180, 34, 5],
    [8, 37, 35, 99, 50, 5],
    [15, 10, 36, 150, 17, 6],
    [5, 7, 32, 126, 22, 6],
    [49, 100, 136, 633, 137, 36],
    [11, 20, 8, 67, 8, 4],
    [8, 8, 22, 34, 18, 0],
    [8, 7, 10, 130, 5, 1],
    [15, 42, 57, 207, 37, 8],
    [17, 35, 54, 229, 35, 10],
    [27, 87, 85, 460, 59, 26],
    [708, 1126, 1920, 6600, 1582, 304],
    [48, 137, 160, 583, 114, 35],
    [77, 257, 317, 888, 199, 69],
    [18, 88, 48, 258, 15, 12]
  ],
  "method": "mvn_pdf",
  "cond_prob": [
    [
      [0.3034920316, 0.083544970232, 0.03458260887, 0.031671048611, 0.54651634377, 0.00019299691528],
      [0.0043716633658, 0.0019999441395, 0.020258074561, 0.88530074958, 0.070367983706, 0.017701584645],
      [0.012079826746, 0.088906164064, 0.61692251103, 0.1179751969, 0.14651922571, 0.017597075541],
      [0.0026684896727, 0.0070433397238, 0.0059712016718, 0.010762440823, 0.97355452811, 0],
      [0.017071304532, 0.53467233011, 0.10932631232, 0.064675235025, 0.25827151443, 0.01598330358],
      [0.057938792743, 0.013494797019, 0.055691466409, 0.34495472015, 0.276206642, 0.25171358169]
    ],
    [
      [0.41488322279, 0.089888510483, 0, 0.022451673858, 0.46627824797, 0.0064983448999],
      [0.0050412038624, 0.0021794775349, 0, 0.90234238943, 0.057094079054, 0.033342850117],
      [0.028260766237, 0.20799850734, 0, 0.18815596455, 0.37615237791, 0.19943238396],
      [0.0067936674529, 0.0067730301956, 0, 0.0054046613305, 0.97532374547, 0.0057048955463],
      [0.033604595564, 0.6918549839, 0, 0.044680773309, 0.1995394765, 0.030320170733],
      [0.068766056183, 0.012879458221, 0, 0.25214750136, 0.19932499844, 0.4668819858]
    ],
    [
      [0.47623926176, 0.027468463738, 0.018252009298, 0.10862940218, 0.36907623763, 0.00033462538624],
      [0.0036527934216, 0, 0.016857117916, 0.92195935471, 0.042269921398, 0.015260812557],
      [0.034549858147, 0.016589746014, 0.36049177898, 0.44787249943, 0.10695168355, 0.033544433879],
      [0.0067767183464, 0, 0.0014594503878, 0.086873976665, 0.89617062118, 0.0087192334242],
      [0.028223364084, 0.25714284249, 0.084153013705, 0.32351913657, 0.25144330403, 0.055518339124],
      [0.043142341317, 0.0022715829344, 0.015087709253, 0.6191003132, 0.09432498342, 0.22607306988]
    ],
    [
      [0.18272775477, 0.076426827291, 0.034067147534, 0.11072998079, 0.57799320596, 0.018055083656],
      [0, 0.00054734116332, 0.0060024987024, 0.95276476255, 0.023126300521, 0.017559097068],
      [0, 0.060699040624, 0.46464488376, 0.3104454464, 0.1147912026, 0.04941942661],
      [0, 0.0045594494652, 0.0042166684767, 0.0506379062, 0.92904015842, 0.01154581744],
      [0, 0.42570845992, 0.091585756834, 0.19166730208, 0.22943967636, 0.06159880481],
      [0.015271184743, 0.0049399402734, 0.022062270274, 0.49229779197, 0.11661285065, 0.34881596209]
    ],
    [
      [0.55668734976, 0.014357381863, 0.0093689478475, 0.02948508243, 0.38920777983, 0.00089345826904],
      [0.0063576458042, 0, 0.0055462881659, 0.85732483793, 0.086341504015, 0.044429724085],
      [0.03499049603, 0.030655773029, 0.34590101715, 0.22009785748, 0.20459952135, 0.16375533496],
      [0.0052157803395, 0, 0.0050985829421, 0.043258264804, 0.94642737191, 0],
      [0.061194991527, 0.1571334713, 0.071450416007, 0.12368686768, 0.3747277823, 0.21180647118],
      [0.044616698374, 0.0012196106264, 0.0078702807298, 0.16850705066, 0.10126123692, 0.67652512269]
    ],
    [
      [0.40551005598, 0.06565399816, 0.030662550696, 0.07691581528, 0.42045773786, 0.00079984202706],
      [0.0025996200129, 0.00069533048191, 0.0079091371227, 0.93248047994, 0.024043687079, 0.032271745366],
      [0.014875288991, 0.063713749262, 0.48939084442, 0.26156841757, 0.10375353934, 0.066698160413],
      [0.00567083869, 0.0058420560368, 0.0061289049308, 0.04987870155, 0.92184387656, 0.010635622229],
      [0.018463356033, 0.42312540069, 0.098947436255, 0.16112476095, 0.20477847965, 0.093560566419],
      [0.034979472655, 0.0047861524268, 0.022191930614, 0.3747105528, 0.096024195698, 0.46730769581]
    ],
    [
      [0.72572357344, 0.050053513148, 0.022450399861, 0.019569158822, 0.18212811318, 7.5241548412e-05],
      [0.01388487898, 0.0018629767524, 0.020965030233, 0.91493300853, 0.037370728933, 0.010983376577],
      [0.037653115475, 0.08356272439, 0.67902985317, 0.11394750141, 0.075191762733, 0.010615042821],
      [0.0072129688706, 0.0088999661924, 0.00523635499, 0.0360517089, 0.94113485155, 0.0014641494933],
      [0.045902520073, 0.60378567378, 0.12323138724, 0.067753111656, 0.14491599705, 0.014411310196],
      [0.20774976217, 0.013833968453, 0.06328818597, 0.38034387627, 0.16076604167, 0.17401816546]
    ],
    [
      [0.35096946703, 0.034896240127, 0.018892708864, 0.17509291108, 0.41951448053, 0.00063419237357],
      [0.00087475037453, 0.00016198379658, 0.0021576950372, 0.9750506683, 0.010390690833, 0.011364211659],
      [0.010236082273, 0.030464032105, 0.27739897241, 0.54262502042, 0.091231854387, 0.048044038412],
      [0.0070259402093, 0.0027337395365, 0.0099522182107, 0.062188104501, 0.89905276897, 0.019047228577],
      [0.014895204145, 0.24451032106, 0.064379405695, 0.38616436764, 0.21119230459, 0.078858396872],
      [0.01896307377, 0.0017970371803, 0.0097444803489, 0.62330651348, 0.067009632439, 0.27917926279]
    ],
    [
      [0.36807167586, 0.099846707313, 0.033705806565, 0.048996658299, 0.44884917242, 0.00052997953691],
      [0.0033659857099, 0.0015701212706, 0.013010207914, 0.91182877146, 0.038072854397, 0.032152059254],
      [0.013069618308, 0.098420177278, 0.56308643295, 0.16934776598, 0.11115072676, 0.044925278726],
      [0.0050692335669, 0.0037817694021, 0.0019269305661, 0.034918913305, 0.94073323758, 0.013569915577],
      [0.013740406498, 0.56528221431, 0.093844180027, 0.087925608835, 0.18590362919, 0.053303961138],
      [0.041885281858, 0.0099508847716, 0.033564523233, 0.33108133266, 0.14006120121, 0.44345677627]
    ],
    [
      [0.48864092369, 0.1356160122, 0.024872653221, 0.043010753013, 0.30650560143, 0.0013540564438],
      [0.0046864117309, 0.0023120395624, 0.010404854188, 0.86514258968, 0.028310665605, 0.089143439234],
      [0.018646080543, 0.14821661818, 0.45574764485, 0.16497948232, 0.084604603546, 0.12780557056],
      [0.0093095423058, 0.013723675408, 0.0058212173178, 0.050403289942, 0.9115897071, 0.009152567928],
      [0.014766257648, 0.64192315556, 0.057768428724, 0.06458308745, 0.10651028556, 0.11444878506],
      [0.032844464257, 0.0082467605718, 0.015090591606, 0.17619799504, 0.058489837418, 0.70913035111]
    ],
    [
      [0.17437665611, 0.050027442221, 0.0077569043696, 0, 0.76769096591, 0.00014803139616],
      [0.0044875604846, 0.0021430582357, 0.0082130542658, 0.73844051946, 0.22224427113, 0.024471536431],
      [0.014647855957, 0.11374175602, 0.30115413637, 0, 0.54177005242, 0.028686199244],
      [0.0011349582797, 0.0077197989896, 0, 0, 0.99061444547, 0.00053079725714],
      [0.011652472381, 0.49502328973, 0.0091763051317, 0, 0.46201986871, 0.022128064044],
      [0.041589319992, 0.010077022371, 0.01566143364, 0.20772909095, 0.47140061925, 0.25354251379]
    ],
    [
      [0.43239893695, 0.077749171583, 0.0388140574, 0.037054537915, 0.41364561446, 0.00033768169335],
      [0.0056253899226, 0.0016520171282, 0.020072336687, 0.89782813577, 0.047538210774, 0.027283909714],
      [0.016588072802, 0.078036050407, 0.64055092557, 0.1300493995, 0.10571872976, 0.029056821964],
      [0.0053169358835, 0.0049087779263, 0.0034535239318, 0.024973599213, 0.95219738892, 0.0091497741259],
      [0.020642637213, 0.51908444513, 0.1298602847, 0.080419417477, 0.2091424179, 0.040850797584],
      [0.069724527789, 0.010468170638, 0.051864245216, 0.33256405829, 0.17482545339, 0.36055354468]
    ],
    [
      [0.43329103222, 0.087655977561, 0.035126332369, 0.061521287548, 0.38205174004, 0.00035363025923],
      [0.0035924378471, 0.0011775425308, 0.011471964288, 0.93793185208, 0.027791027111, 0.018035176147],
      [0.016336074696, 0.085721678686, 0.56258723398, 0.21037400742, 0.095344826105, 0.029636179112],
      [0.0055890492075, 0.0053075338385, 0.0032658274056, 0.048599810307, 0.92776347711, 0.0094743021359],
      [0.019102200445, 0.53464481803, 0.10756798738, 0.12232186547, 0.17720410256, 0.039159026119],
      [0.057818703726, 0.0097017196877, 0.03855342739, 0.45334729495, 0.13284243333, 0.30773642092]
    ],
    [
      [0.81244302641, 0.037889199795, 0, 0.078419466733, 0.066858661286, 0.0043896457748],
      [0.0016767393382, 0.00034447020991, 0, 0.98536632551, 0.0034028310796, 0.0092096338579],
      [0.025479082018, 0.084926654732, 0, 0.64515590655, 0.03831958338, 0.20611877332],
      [0.015862927969, 0.093499138494, 0, 0.10080831468, 0.7466553223, 0.043174296556],
      [0.051886916888, 0.52257493099, 0, 0.31281425365, 0.062500996654, 0.050222901824],
      [0.048340965333, 0.0043165861324, 0, 0.68510701217, 0.024514782685, 0.23772065368]
    ],
    [
      [0.3970560124, 0.11267085317, 0.045239937502, 0.057997094539, 0.3860802499, 0.00095585248789],
      [0.0029015555016, 0.0014701111933, 0.014532345015, 0.9057425004, 0.027015541584, 0.048337946303],
      [0.010828055741, 0.088472454776, 0.59932737812, 0.16056746825, 0.075981219736, 0.064823423375],
      [0.0082979344153, 0.0089124725717, 0.0059479862166, 0.0534669488, 0.91359398022, 0.009780677777],
      [0.012507093215, 0.56136323646, 0.11034979423, 0.091470158855, 0.13975987082, 0.084549846423],
      [0.030406030609, 0.0078336723025, 0.031498173434, 0.27480863488, 0.083639698007, 0.57181379077]
    ],
    [
      [0.23790958985, 0.031922304929, 0.0090067168528, 0.025044203306, 0.69589592037, 0.00022126469243],
      [0.0039094043513, 0.00090101032479, 0.0062616977645, 0.86104997564, 0.10373168665, 0.024146225275],
      [0.018092037956, 0.06752060016, 0.32792179314, 0.18539435512, 0.36108084532, 0.039990368307],
      [0.0038708101377, 0.0078109161053, 0, 0.0048674309594, 0.97670761565, 0.0067432271436],
      [0.029720219161, 0.32143191818, 0.030089196987, 0.07887221385, 0.50086227383, 0.039024177982],
      [0.044591767928, 0.0052041949478, 0.014672977832, 0.27867205859, 0.35009724863, 0.30676175206]
    ],
    [
      [0.22061788403, 0.031204069503, 0.029649145059, 0.21566646145, 0.50251474336, 0.00034769660136],
      [0.00050243262924, 0, 0.0027785681145, 0.98125488925, 0.010348832879, 0.005115277123],
      [0.0055875904381, 0, 0.34347733892, 0.52330552328, 0.10711563507, 0.020513912292],
      [0.0018684288211, 0, 0.027375508585, 0.043006966815, 0.92191611392, 0.0058329818554],
      [0.014276639157, 0.18531187539, 0.095911004703, 0.43427206021, 0.23115111187, 0.03907730867],
      [0.012906910941, 0.0015733321463, 0.014926784417, 0.75063144937, 0.078381568894, 0.14157995423]
    ],
    [
      [0, 0, 0.014162237931, 0.091500995165, 0.89331906658, 0.0010177003238],
      [0, 0, 0.0094208478704, 0.77626739095, 0.098828653322, 0.11548310785],
      [0, 0, 0.50133023114, 0.15429724528, 0.27772196194, 0.066650561639],
      [0, 0, 0.0011466058186, 0.0072268998882, 0.979568396, 0.012058098294],
      [0, 0, 0.17384655762, 0.065034671225, 0.56502434306, 0.19609442809],
      [0, 0, 0.011429467252, 0.073153571615, 0.11463244383, 0.80078451731]
    ],
    [
      [0.29102308163, 0.076782782015, 0.029845663316, 0.038890023394, 0.56306459088, 0.0003938587665],
      [0.0033649983458, 0.0014803262775, 0.014179910352, 0.89318565487, 0.058521110679, 0.029267999478],
      [0.011905623282, 0.084807152533, 0.55965991722, 0.1505170848, 0.15568807293, 0.037422149237],
      [0.0025832754682, 0.004398597096, 0.0017048018289, 0.018811243618, 0.96310843572, 0.009393646265],
      [0.012792990273, 0.50129393423, 0.095013438813, 0.079662846615, 0.26594179636, 0.045294993712],
      [0.040278244608, 0.0090478860502, 0.035249987904, 0.31070486234, 0.20784483211, 0.39687418699]
    ],
    [
      [0.59644047162, 0.053061187158, 0.032733335346, 0.044681477283, 0.27282492322, 0.0002586053773],
      [0.0056657015377, 0.00093216163276, 0.01410612781, 0.93587245742, 0.025940391032, 0.017483160568],
      [0.0225575488, 0.059960293862, 0.63832944514, 0.17685648529, 0.077322675615, 0.02497355129],
      [0.0072779803098, 0.0043927484763, 0.0034729904738, 0.050826213868, 0.92271589496, 0.011314171912],
      [0.032709297976, 0.47731020854, 0.14445844414, 0.12646894697, 0.17822293192, 0.040830170452],
      [0.090733081613, 0.0075118735366, 0.046338502354, 0.43180007622, 0.12132102518, 0.3022954411]
    ],
    [
      [0.22131738417, 0.075193323433, 0.033239708151, 0.03610704794, 0.63171300565, 0.0024295306506],
      [0.0020435002449, 0.0012553961048, 0.01378862651, 0.76504383813, 0.056391045066, 0.16147759394],
      [0.0062522974002, 0.063264204323, 0.51681012314, 0.10535422056, 0.1286216111, 0.17969754348],
      [0.0020946857021, 0.0097562288671, 0.0083250252563, 0.01655210697, 0.95902649663, 0.00424545657],
      [0.0069320288153, 0.39656727867, 0.083741988569, 0.057311484732, 0.2278287269, 0.22761849231],
      [0.006848565495, 0.0022162934454, 0.0097925600437, 0.070405727747, 0.057379182682, 0.85335767059]
    ],
    [
      [0.32704064848, 0.054964428122, 0.024244644702, 0.025055990455, 0.56810240731, 0.00059188092397],
      [0.0051583048361, 0.0015053598897, 0.01630964587, 0.83087584575, 0.083278504515, 0.062872339134],
      [0.015039361507, 0.071201163521, 0.55283637119, 0.11295975871, 0.182070586, 0.065892759072],
      [0.0050115361063, 0.004436362017, 0.0039229023907, 0, 0.97523360416, 0.011395595326],
      [0.017567577285, 0.42858654193, 0.092794216016, 0.06019958279, 0.3190062349, 0.081845847071],
      [0.039213570793, 0.0058225219065, 0.025642878917, 0.17882642751, 0.18709671636, 0.56339788452]
    ],
    [
      [0.32534942654, 0.07193325146, 0.024219709744, 0.028969486219, 0.5493049931, 0.00022313293836],
      [0.0051852940713, 0.0018981950241, 0.015580106696, 0.87661318782, 0.078323670416, 0.022399545973],
      [0.016485237079, 0.096791443271, 0.53724629714, 0.13621199813, 0.18756386075, 0.025701163639],
      [0.0036183679077, 0.0056358119711, 0.003894828008, 0.0082108710296, 0.9764811722, 0.0021589488876],
      [0.016182065955, 0.51046096177, 0.0856423512, 0.066379060044, 0.29284472739, 0.028490833643],
      [0.062876182757, 0.011727415539, 0.039230867718, 0.31549563037, 0.28103993663, 0.28962996698]
    ],
    [
      [0, 0.028330336118, 0.02567257932, 0.19480882262, 0.64033576833, 0.11085249361],
      [0, 0, 0.0024989773211, 0.97377695768, 0.012948535884, 0.01077552912],
      [0, 0, 0.32447737026, 0.50069358232, 0.10947920877, 0.065349838646],
      [0, 0, 0.013903509228, 0.048882466489, 0.9233242189, 0.013889805388],
      [0, 0.16131071995, 0.098507000895, 0.38467628358, 0.27969339219, 0.075812603385],
      [0, 0.0012684480671, 0.017022741841, 0.62239483003, 0.085732208428, 0.27358177163]
    ],
    [
      [0.42082520608, 0.095577895922, 0.065323638591, 0.062089561396, 0.35581393659, 0.00036976142641],
      [0.0032721465484, 0.0012318117078, 0.02058349346, 0.93195123875, 0.024710556339, 0.01825075319],
      [0.010255559379, 0.061987231748, 0.70728856927, 0.14143640663, 0.058401312602, 0.020630920371],
      [0.0079515640885, 0.01044526792, 0.0014046175968, 0.056256307418, 0.91206158082, 0.011880662157],
      [0.015918091498, 0.51847802513, 0.17664206748, 0.10869838062, 0.14412046906, 0.036142966216],
      [0.052053584165, 0.010009967398, 0.068185032595, 0.4388358743, 0.11660393596, 0.31431160558]
    ],
    [
      [0.40813610089, 0.11631106828, 0.044159616619, 0.055367135428, 0.37544085862, 0.0005852201656],
      [0.0036382394955, 0.0016914854146, 0.01562988255, 0.91711864837, 0.029547958535, 0.03237378563],
      [0.013058277964, 0.097244951132, 0.60577665551, 0.16194747106, 0.080005242508, 0.041967401828],
      [0.0059874796128, 0.0062283294467, 0.0051866836114, 0.046717382548, 0.92089802326, 0.014982101522],
      [0.014722487288, 0.58617459947, 0.1115090593, 0.09074814094, 0.14338122195, 0.053464491054],
      [0.046333963032, 0.01102176053, 0.041531555683, 0.34979167942, 0.11170904107, 0.43961200026]
    ],
    [
      [0.21832314316, 0.07554958672, 0.041485783028, 0.03444724841, 0.62951393232, 0.00068030636436],
      [0.002271886888, 0.0014200313939, 0.019484461058, 0.86288500331, 0.062382735265, 0.051555882088],
      [0.0058242783218, 0.060939516126, 0.6709535935, 0.095845323073, 0.11959152253, 0.046845766454],
      [0.003266755744, 0.0033354474695, 0.0043625164156, 0.0093741750844, 0.96641155543, 0.013249549855],
      [0.0078684376488, 0.47510056066, 0.12322194989, 0.063371211208, 0.25907070852, 0.071367132073],
      [0.019551636991, 0.0062628982808, 0.03489011172, 0.19977528737, 0.16013744794, 0.5793826177]
    ],
    [
      [0.19889649318, 0.038083071782, 0.015571722709, 0.058619140396, 0.68862080797, 0.00020876397157],
      [0.0016504255618, 0.00052108606537, 0.0052012756125, 0.93110475277, 0.050655322173, 0.010867137817],
      [0.0098140730042, 0.05430104075, 0.36961636111, 0.2925992431, 0.25010417058, 0.023565111443],
      [0, 0.0022030445725, 0.0017577247654, 0.028944900717, 0.96709432994, 0],
      [0.01150740204, 0.31473891569, 0.063909416886, 0.1556158091, 0.42335491638, 0.030873539901],
      [0.028827334941, 0.004646316141, 0.018897736273, 0.48197757729, 0.26262417934, 0.20302685601]
    ],
    [
      [0.39256916857, 0.06603421964, 0.021300659061, 0.022257018636, 0.49748631108, 0.00035262301333],
      [0.0069361619946, 0.0021247639226, 0.01680176373, 0.84440203894, 0.086118015203, 0.043617256212],
      [0.019929381823, 0.09833291551, 0.53548314331, 0.11568288357, 0.18564683733, 0.044924838461],
      [0.0059565878534, 0.0061801533777, 0.0037135288592, 0, 0.97442416629, 0.0097255636232],
      [0.019334902073, 0.51334025717, 0.081287082036, 0.05445983806, 0.28306570203, 0.048512218631],
      [0.063959138017, 0.0098454860423, 0.031664331251, 0.22336032183, 0.23203660017, 0.43913412269]
    ],
    [
      [0.24685057095, 0.043866886116, 0.046782990682, 0.03209293268, 0.62923269967, 0.0011739198971],
      [0.0028962141117, 0.00090383215261, 0.023788816998, 0.80882078779, 0.069380787707, 0.094209561241],
      [0.0068185229745, 0.034727839561, 0.66792944755, 0.0881401475, 0.12204735373, 0.080336688684],
      [0.0021290179277, 0.00020353621939, 0.0059902786819, 0.0060523343642, 0.97000641173, 0.015618421077],
      [0.010842206407, 0.30663928328, 0.15908354428, 0.068978525332, 0.30945805049, 0.14499839021],
      [0.016473018921, 0.0026396822522, 0.028209126363, 0.12910138391, 0.11768067945, 0.7058961091]
    ],
    [
      [0.28125636836, 0.11065747743, 0.040167371474, 0.03646512234, 0.53108146601, 0.00037219437872],
      [0.0034616425773, 0.0022681640757, 0.020173643736, 0.88587912544, 0.058868219457, 0.029349204715],
      [0.0094365206535, 0.10014092706, 0.62595939572, 0.11506147024, 0.12057136465, 0.02883032168],
      [0.0021497752108, 0.0048180547065, 0.0037161133546, 0.015965218575, 0.96466205394, 0.0086887842165],
      [0.01008513631, 0.58475880632, 0.10451907686, 0.060852356487, 0.20500289497, 0.034781729058],
      [0.040904590968, 0.013680294776, 0.049613980684, 0.30502332435, 0.20606222902, 0.3847155802]
    ],
    [
      [0.44570810486, 0.03488053007, 0.026948083243, 0.066373402333, 0.42559162546, 0.00049825403868],
      [0.0032119066389, 0, 0.0080445174444, 0.93698679377, 0.028051483951, 0.023705298194],
      [0.018599829999, 0.019931378967, 0.51178407657, 0.26433609085, 0.13482107588, 0.050527547743],
      [0.0065435408212, 0, 0.0070618757107, 0.04345437848, 0.93105070548, 0.011889499513],
      [0.026829901374, 0.30593135302, 0.1182603139, 0.18888813573, 0.28086179014, 0.079228505835],
      [0.048461378998, 0.0032861194704, 0.025211188833, 0.41921335874, 0.12526779964, 0.37856015431]
    ],
    [
      [0.54324896713, 0.059635763932, 0.037925027824, 0.035049742579, 0.32307948074, 0.0010610177955],
      [0.0063214163107, 0.0012199454855, 0.019079067954, 0.85342640673, 0.035492671107, 0.08446049241],
      [0.018798561125, 0.058456374605, 0.63221431046, 0.12079230633, 0.084851207169, 0.084887240311],
      [0.0072974298306, 0.0097130643795, 0.011295594252, 0.041769133106, 0.92992477843, 0],
      [0.02591011196, 0.43947238849, 0.13778086909, 0.082105401325, 0.17397775484, 0.14075347429],
      [0.043649651036, 0.0042931526342, 0.027293073644, 0.1703430864, 0.072386365052, 0.68203467124]
    ],
    [
      [0.2037373238, 0, 0.02598787535, 0.024783186021, 0.73238501471, 0.013106600118],
      [0.0033941521546, 0.00064262440992, 0.01802713459, 0.84213487814, 0.10843338222, 0.027367828488],
      [0.0095792804877, 0, 0.59241977482, 0.073965979303, 0.29622426669, 0.027810698703],
      [0.0013526302253, 0, 0.0067884463214, 0, 0.98811792869, 0.0037409947604],
      [0.023902916596, 0.19849261613, 0.14108959672, 0.077095197901, 0.51527420773, 0.044145464928],
      [0.035817943788, 0.0034471474646, 0.039353668936, 0.25368539258, 0.33907509319, 0.32862075404]
    ],
    [
      [0, 0.12833989946, 0.018773037861, 0.10357519703, 0.71584885685, 0.0334630088],
      [0, 0.0014895534282, 0.005609495206, 0.93595691672, 0.044036007548, 0.0129080271],
      [0, 0.14534687751, 0.40974009791, 0.2319123555, 0.18639311147, 0.026607557614],
      [0, 0.0052065995062, 0.00025645952666, 0.026206363334, 0.96418563271, 0.0041449449244],
      [0, 0.65403721576, 0.039956477404, 0.076691006104, 0.20851048163, 0.020804819103],
      [0, 0.026565740627, 0.020217215495, 0.43970418848, 0.2282725983, 0.28524025709]
    ],
    [
      [0.39176179044, 0.11529835889, 0.048169191684, 0.034898054628, 0.40928960872, 0.00058299563751],
      [0.0050982846418, 0.0024962966105, 0.025461895281, 0.87082110411, 0.047870850975, 0.048251568387],
      [0.012195237833, 0.095849037313, 0.6624763103, 0.10153610662, 0.086313472657, 0.041629835285],
      [0.0062295155422, 0.0080204989312, 0.0087188704779, 0.014750511185, 0.94767590541, 0.014604698453],
      [0.014011324844, 0.59304266271, 0.12334283447, 0.057890240957, 0.15768767199, 0.054025265025],
      [0.049063301277, 0.01226002636, 0.050954102321, 0.24828033761, 0.13648021274, 0.50296201969]
    ],
    [
      [0.45268060699, 0.079722996918, 0.03969728098, 0.026757436631, 0.40084380545, 0.0002978730299],
      [0.0075552601302, 0.0022404474783, 0.027250372202, 0.87007196582, 0.060891239147, 0.031990715227],
      [0.017094945673, 0.081474102055, 0.67608764645, 0.095563920601, 0.10369586435, 0.026083520879],
      [0.005975767602, 0.0064231149297, 0.0052096331696, 0.0098845121756, 0.96346833269, 0.009038639433],
      [0.02117256615, 0.54470693939, 0.13473169162, 0.058698601132, 0.20422195535, 0.036468246352],
      [0.08175417365, 0.012330822124, 0.061115788741, 0.2773334643, 0.19460026997, 0.37286548121]
    ],
    [
      [0.57322657194, 0.077034140417, 0.037013367096, 0.036916756558, 0.27548067456, 0.00032848942432],
      [0.0074817924376, 0.001662744738, 0.019468202296, 0.91220111213, 0.032165761922, 0.027020386472],
      [0.023110951147, 0.082313222594, 0.65148580546, 0.13806780166, 0.074906899055, 0.03011532009],
      [0.005645334926, 0.0087156912204, 0.005835493819, 0.041879652438, 0.92416910266, 0.013754724939],
      [0.029181929442, 0.55716803655, 0.13381276099, 0.08656039869, 0.15033246802, 0.042944406308],
      [0.096003787835, 0.01088987142, 0.051981849776, 0.3487409188, 0.12226162651, 0.37012194566]
    ],
    [
      [0.25336869741, 0.066861060673, 0.05787411381, 0.097064525173, 0.52437254769, 0.00045905524688],
      [0.00073217590631, 0.00040075259556, 0.008798946193, 0.96395998202, 0.015337814406, 0.01077032888],
      [0.0039974112245, 0.035988368721, 0.68138316146, 0.19367558395, 0.06286858011, 0.022086894528],
      [0.0017738231465, 0, 0, 0.05311324447, 0.90517359734, 0.039939335039],
      [0.028482887167, 0.37923740542, 0.15474958862, 0.1879588495, 0.1967822346, 0.052789034697],
      [0.014195153214, 0.0043071221569, 0.037765984959, 0.45144252872, 0.09338776139, 0.39890144956]
    ],
    [
      [0.22434762628, 0.064887271966, 0.05946153095, 0.071212036741, 0.57955790102, 0.00053363304773],
      [0, 0.00072802606806, 0.016280274235, 0.92363939856, 0.034934812429, 0.024417488706],
      [0, 0.038103941346, 0.65699652479, 0.16618710702, 0.10248312489, 0.036229301953],
      [0, 0, 0.0032411551769, 0.041292014774, 0.94597715747, 0.0094896725836],
      [0.0034828481939, 0.37621492664, 0.1740869904, 0.13805411427, 0.25210159552, 0.05605952498],
      [0.022581726729, 0.0054816974944, 0.04996886069, 0.40409132661, 0.15278850158, 0.36508788689]
    ],
    [
      [0.068931487751, 0.059618791987, 0.011163691674, 0.22235345097, 0.63739840763, 0.00053416998477],
      [0, 0.00019593268084, 0, 0.9809641482, 0.010872993759, 0.0079669253595],
      [0, 0.047316951179, 0.094651762265, 0.64442666104, 0.12045917473, 0.093145450786],
      [0, 0.01929590083, 0, 0.048305656997, 0.9227222391, 0.0096762030694],
      [0, 0.33826578245, 0.027710370943, 0.35914306981, 0.22643090964, 0.048449867154],
      [0, 0.0063697978227, 0.0047911424512, 0.70100640144, 0.081677587893, 0.2061550704]
    ],
    [
      [0.41850050801, 0.12888346974, 0.053091481568, 0.054791009946, 0.34440413462, 0.00032939611483],
      [0.0031201203515, 0.0017664315587, 0.01810658688, 0.93344629746, 0.025608179041, 0.017952384707],
      [0.0097980453065, 0.091047370332, 0.68298469835, 0.13597639697, 0.060170479114, 0.020023009921],
      [0.0084309745401, 0.0058213326314, 0.0067774075662, 0.047933271929, 0.9168464201, 0.014190593236],
      [0.01205780923, 0.635250922, 0.12533506352, 0.081985833547, 0.117677259, 0.027693112697],
      [0.050231806605, 0.014417713908, 0.060178678484, 0.42977484775, 0.12109628933, 0.32430066392]
    ],
    [
      [0.37409166261, 0.060818982225, 0.040903503823, 0.032728242077, 0.49115180946, 0.00030579980224],
      [0.0051040004396, 0.001406459671, 0.023136349091, 0.88231734373, 0.06094177783, 0.027094069236],
      [0.013458465163, 0.059543271329, 0.66789341046, 0.11229393308, 0.12109780787, 0.025713112097],
      [0.0061738975099, 0.0035997661382, 0.0043123193079, 0.011849828779, 0.96509800812, 0.0089661801476],
      [0.018703381874, 0.44666676466, 0.14918183236, 0.077234746849, 0.26790475989, 0.040308514377],
      [0.060854571294, 0.0085241344168, 0.057102916031, 0.30852245699, 0.21488196145, 0.35011395981]
    ],
    [
      [0.32087087733, 0.099799889353, 0.056515935741, 0.072697561605, 0.44964718097, 0.00046855500467],
      [0.0021494828, 0.0011090873713, 0.015333608445, 0.93459392572, 0.026937321811, 0.019876573854],
      [0.008268995776, 0.068444209813, 0.64261582042, 0.17492238151, 0.078134297455, 0.027614295031],
      [0.0025995656069, 0.0054463326212, 0.002651224422, 0.050541259562, 0.92628496199, 0.012476655796],
      [0.011444796944, 0.50946408857, 0.143929247, 0.11999484121, 0.17199404374, 0.043172982537],
      [0.03403989249, 0.0089783156145, 0.050597077561, 0.4396251661, 0.12661279671, 0.34014675153]
    ],
    [
      [0.31560702546, 0.072936640775, 0.024714645065, 0.06082835424, 0.52548884062, 0.00042449384472],
      [0.0024966639079, 0.00096269831375, 0.007970408162, 0.92983215692, 0.037322808812, 0.021415263882],
      [0.013456248803, 0.083262418178, 0.46626563426, 0.24363927259, 0.15167703416, 0.041699392012],
      [0.0037288108919, 0.0055713740492, 0, 0.035895228521, 0.94434098355, 0.010463602984],
      [0.014211226599, 0.47404329354, 0.079818097019, 0.12739845681, 0.25491452576, 0.049614400275],
      [0.037627663608, 0.0074045149498, 0.024972904496, 0.41537312336, 0.16682561158, 0.34779618201]
    ],
    [
      [0.38320396734, 0.062449475152, 0.051140263521, 0.059332595632, 0.4434358367, 0.00043786166159],
      [0.0031766303645, 0.00085224053505, 0.016985812153, 0.92357145615, 0.032682868967, 0.022730991828],
      [0.011399375808, 0.046696263841, 0.65889456021, 0.16282239401, 0.088469348431, 0.031718057699],
      [0.0050201197625, 0, 0.0029255716668, 0.043744968741, 0.93808858813, 0.010220751703],
      [0.017938489371, 0.4119603264, 0.16905611702, 0.12729097564, 0.22140455335, 0.052349538207],
      [0.04626399929, 0.0063427320565, 0.051552026993, 0.40216631448, 0.14120662943, 0.35246829775]
    ],
    [
      [0.35767173886, 0.083998944915, 0.047602632926, 0.049772154742, 0.46055473486, 0.00039979369923],
      [0.0034592221152, 0.001344507532, 0.018565842875, 0.91245044015, 0.039809683109, 0.024370304216],
      [0.011174894819, 0.069599344107, 0.64949417347, 0.14434904189, 0.096967451887, 0.028415093828],
      [0.0042569831238, 0.0042578491613, 0.0021245573579, 0.033618699672, 0.94571961983, 0.010022290856],
      [0.014940079248, 0.49883788746, 0.14129618287, 0.095827011877, 0.20618191523, 0.04291692331],
      [0.047352489287, 0.0093970011484, 0.052900738871, 0.37215061163, 0.16154861993, 0.35665053913]
    ],
    [
      [0.43118192321, 0.046125997941, 0.024440178232, 0.048593466903, 0.44939409026, 0.00026434345882],
      [0.0041368349817, 0.00076225005329, 0.0098528005953, 0.92867954762, 0.039909158762, 0.016659407987],
      [0.020250322381, 0.059718913033, 0.52278706751, 0.22071187138, 0.14716176873, 0.029370056954],
      [0.0061385331498, 0.0010462161816, 0.0045899432133, 0.034624417057, 0.94643510161, 0.0071657887856],
      [0.025233147394, 0.39974991357, 0.10556232371, 0.13619336121, 0.29195010337, 0.041311150745],
      [0.065161424962, 0.0060928312383, 0.032085914434, 0.4312175744, 0.18549910967, 0.2799431453]
    ],
    [
      [0.21919453801, 0.067318349765, 0.050317878564, 0.038738790052, 0.62404340782, 0.00038703578796],
      [0.0025728208254, 0.0013131221722, 0.023958393079, 0.87793137431, 0.065400423498, 0.028823866118],
      [0.0066042821026, 0.054134170926, 0.67709777414, 0.10897789882, 0.12649496357, 0.026690910441],
      [0, 0.0031456891846, 0.0045300645347, 0.01279456311, 0.9710749048, 0.0084547783715],
      [0.007268414744, 0.42296071158, 0.15695208268, 0.078085364279, 0.29114709434, 0.043586332381],
      [0.030306062085, 0.0078965695519, 0.058713693243, 0.30483997553, 0.22860184868, 0.36964185091]
    ],
    [
      [0.49758292872, 0.10332866583, 0.041989406171, 0.053159230808, 0.30360209953, 0.00033766894457],
      [0.0047180461738, 0.001596046508, 0.015772484228, 0.9327196979, 0.025385992037, 0.019807733153],
      [0.017313780298, 0.093740977583, 0.62370993955, 0.1686905086, 0.070282900526, 0.02626189344],
      [0.0077554910343, 0.0090634683205, 0.0075067983409, 0.054931025167, 0.9095623405, 0.011180876636],
      [0.020495006068, 0.59209916855, 0.12075933573, 0.09928568969, 0.1322332902, 0.03512750976],
      [0.072201718149, 0.012493875882, 0.050357261902, 0.42809555318, 0.11530246444, 0.32154912645]
    ],
    [
      [0.41060252885, 0.13714632475, 0.039402769679, 0.059293377828, 0.35265770908, 0.00089728982134],
      [0.0033122405287, 0.0018324359623, 0.012841623027, 0.91075731663, 0.025469348702, 0.045787035149],
      [0.013138665312, 0.11655737963, 0.55194498682, 0.17660431022, 0.076191354132, 0.065563303883],
      [0.0074579805737, 0.008366718188, 0.0088497752973, 0.05684937848, 0.90530879922, 0.013167348246],
      [0.012983817283, 0.61879990147, 0.088705561714, 0.086604018015, 0.11969564938, 0.073211052138],
      [0.036349042904, 0.010282939801, 0.029368914372, 0.29754867031, 0.082909545531, 0.54354088708]
    ],
    [
      [0.35255178068, 0.11884505735, 0.033269635004, 0.049583919182, 0.44548551208, 0.00026409571424],
      [0.0035237910609, 0.0019431800839, 0.013248071012, 0.92542889249, 0.039436968932, 0.016419096425],
      [0.013600678291, 0.12022528177, 0.55310369563, 0.17542500192, 0.1147569161, 0.022888426293],
      [0.0042112547035, 0.0044839512615, 0.0031131654692, 0.036426558404, 0.94819796402, 0.003567106142],
      [0.013034583479, 0.61744117649, 0.086397128799, 0.083523398424, 0.17482662658, 0.024777086236],
      [0.054990990633, 0.015496538918, 0.04308229342, 0.43175161602, 0.18252563669, 0.27215292432]
    ],
    [
      [0.5185385228, 0.11985112172, 0.032372116454, 0.032254590821, 0.29653973592, 0.00044391229515],
      [0.0068803337105, 0.0028094231697, 0.018644037636, 0.8938580514, 0.037692221843, 0.040115932245],
      [0.019977397559, 0.13165531862, 0.60016867199, 0.12411976223, 0.082132069371, 0.041946780232],
      [0.0082329718491, 0.0063730859376, 0.0061169477323, 0.032146366366, 0.9306175442, 0.01651308391],
      [0.018550825909, 0.67067040827, 0.088670320824, 0.056963268839, 0.1211836624, 0.043961513753],
      [0.073447729577, 0.015198393122, 0.041042611937, 0.27646477257, 0.1182540454, 0.4755924474]
    ],
    [
      [0.25193679256, 0.11422634227, 0.024342744248, 0.081997705478, 0.52696631565, 0.00053009979206],
      [0.0014549025039, 0.001115353368, 0.005826034412, 0.94412106336, 0.027592184837, 0.019890461521],
      [0.0093062703695, 0.1146364053, 0.4069675727, 0.29011490511, 0.13307914565, 0.045895700861],
      [0.0006517595975, 0.0046656625043, 0, 0.045425455312, 0.93395740433, 0.015299718253],
      [0.0084315080386, 0.57048221239, 0.044933795969, 0.12973024799, 0.19947002303, 0.046952212582],
      [0.023771040372, 0.0093271588596, 0.019827985936, 0.45477697152, 0.13406087149, 0.35823597182]
    ],
    [
      [0.30876953218, 0.13630588021, 0.043211410824, 0.041229443609, 0.47014972826, 0.00033400491632],
      [0.0033734633581, 0.0024995724383, 0.019593520259, 0.90411033743, 0.046691741198, 0.023731365317],
      [0.009657453554, 0.116243029, 0.62587871772, 0.1232743652, 0.10048944653, 0.024456988001],
      [0.0036929461011, 0.0045674349118, 0.0041466772148, 0.02514596146, 0.95369722758, 0.0087497527313],
      [0.0096253396724, 0.64463722896, 0.098694831138, 0.060541657959, 0.15909016869, 0.027410773582],
      [0.044913561031, 0.016953149882, 0.054074347592, 0.35024590338, 0.18401659737, 0.34979644074]
    ],
    [
      [0.42379175972, 0.1020167211, 0.076590367824, 0.027013388178, 0.36989296419, 0.00069479899365],
      [0.0058961171475, 0.0025985511935, 0.048029902328, 0.82389555221, 0.050930421348, 0.068649455774],
      [0.0084815219815, 0.060555584106, 0.78460001417, 0.055984844429, 0.054909512238, 0.035468523074],
      [0.0079689274678, 0.012866675086, 0.011010525587, 0.002176850839, 0.94659767563, 0.01937934539],
      [0.013666853381, 0.53881914545, 0.19748575378, 0.044626626334, 0.14081122304, 0.064590398011],
      [0.043934007104, 0.009787597351, 0.073604263979, 0.17501336447, 0.11129396696, 0.58636680013]
    ],
    [
      [0.43911575673, 0.052453165737, 0.033876494923, 0.072173330749, 0.40205795118, 0.00032330067745],
      [0.003099260137, 0.00060542435893, 0.0095068805732, 0.94751525674, 0.02510329565, 0.014169882546],
      [0.016640923899, 0.052034921794, 0.55173177112, 0.25045847314, 0.10165447229, 0.027479437757],
      [0.0058080971991, 0.0013758133452, 0.0055319605287, 0.049229091068, 0.92990711169, 0.0081479261681],
      [0.023725124606, 0.39579200708, 0.12834436308, 0.17746254935, 0.23040738951, 0.04426856637],
      [0.055093573838, 0.0055030072534, 0.035248168381, 0.50486791293, 0.13241134814, 0.26687598945]
    ],
    [
      [0.51784305774, 0.026269516411, 0, 0.063959243413, 0.39111068328, 0.00081749915956],
      [0.0032351528026, 0.00030586045057, 0, 0.93274688512, 0.026017651927, 0.037694449699],
      [0.029406227889, 0.044958165489, 0.20393444781, 0.39117422968, 0.2074892377, 0.12303769144],
      [0.0087821427611, 0.0018191181617, 0, 0.053313175152, 0.92410054972, 0.011985014206],
      [0.032621284488, 0.27699394993, 0.043061998838, 0.21000920748, 0.28382400371, 0.15348955554],
      [0.0385999112, 0.0018550675666, 0.0060071067062, 0.31501509688, 0.083046670746, 0.55547614691]
    ],
    [
      [0.21753686796, 0.23389248654, 0.032504091418, 0.054264720622, 0.46115260184, 0.00064923162223],
      [0.0016856097477, 0.0031065851509, 0.010831618229, 0.91780078269, 0.032536294921, 0.03403910926],
      [0.0066903606047, 0.16042376169, 0.47978971825, 0.17106282533, 0.10993527319, 0.072098060929],
      [0.00057679387821, 0, 0.0060659218361, 0.04412571941, 0.93511661077, 0.014114954105],
      [0.0044122918442, 0.75414914829, 0.04953884327, 0.053323297575, 0.10210822497, 0.036468194051],
      [0.019657539088, 0.018740981681, 0.026419425914, 0.3013248452, 0.11367289828, 0.52018430984]
    ],
    [
      [0.11645528439, 0, 0.017378364507, 0.070216578124, 0.79572150956, 0.00022826342143],
