{
  "Z_true": {},
  "V_true": [
    [510, 255, 13857, 883],
    [73, 4137, 1268, 1000],
    [16, 67, 744, 156],
    [744, 11, 364, 54],
    [63, 339, 1021, 1006]
  ],
  "p_true": [
    [0.0329, 0.0164, 0.8937, 0.0569],
    [0.0113, 0.6386, 0.1957, 0.1544],
    [0.0163, 0.0682, 0.7569, 0.1587],
    [0.6343, 0.0094, 0.3103, 0.046],
    [0.0259, 0.1396, 0.4203, 0.4142]
  ],
  "Z_est": [
    [
      [0, 1.8119, 0, 4.2669, 29.0991, 20.1838, 30.4517, 2.385, 25.9165, 20.6966, 11.4619, 8.4555, 11.3829, 43.075, 14.9006, 31.619, 15.7368, 34.0312, 6.9456, 17.3646, 11.1121, 8.5217, 5.1117, 2.7459, 6.0485, 11.7301, 6.9636, 4.1173, 14.0073, 17.3573, 3.9258, 0, 3.0198, 1.2079, 0.9894, 38.0792, 16.1058, 110.8169, 0.302],
      [0.1409, 0.0008, 0.0418, 0.0058, 10.2703, 4.5658, 12.723, 1.5722, 6.9857, 15.4793, 7.1815, 0.0042, 0.0014, 0.0028, 0.0011, 0.0029, 0.0015, 0.0031, 0.0014, 5.0921, 7.8313, 10.3692, 8.9641, 19.6081, 10.0908, 21.2964, 11.1051, 5.1787, 6.3512, 12.9647, 9.7246, 0.2814, 4.2229, 1.2817, 0.0051, 18.7187, 4.2305, 34.8985, 0.7338],
      [9.2692, 27.717, 2.8046, 72.6268, 636.7053, 319.49, 597.2572, 57.279, 255.9444, 516.0606, 387.4562, 386.6861, 252.756, 595.555, 322.2698, 530.4826, 235.6099, 443.784, 200.8046, 178.787, 450.729, 414.4098, 304.7667, 481.0759, 256.004, 591.7949, 384.2901, 342.8987, 414.3516, 455.7084, 299.6161, 180.136, 157.7388, 166.7496, 71.6959, 1190.0374, 207.6908, 1511.4381, 63.8188],
      [0.5899, 0.4704, 0.1536, 7.1005, 47.9254, 19.7604, 29.5681, 0.7638, 23.1533, 26.7635, 29.9004, 19.8541, 18.8597, 28.3672, 12.8286, 21.8955, 14.6517, 16.1818, 11.2484, 8.7562, 21.3275, 15.6994, 17.1575, 18.5702, 6.8567, 25.1786, 8.6412, 16.8053, 19.29, 18.9696, 7.7335, 3.5827, 8.0185, 4.7607, 9.3096, 45.1648, 6.9729, 89.8465, 4.1454]
    ],
    [
      [0, 0, 0, 0.0096, 0.2328, 0.0976, 0.1408, 0.0224, 0.0952, 0.1504, 0.1104, 0, 1.1108, 0.0344, 0.0112, 0.0312, 0.6108, 0.024, 0.0088, 0.0568, 0.3343, 0.1776, 0.2672, 0.3351, 0.1296, 0.2864, 0.2472, 0, 0.1952, 0.1776, 0, 0, 0, 0, 0.0416, 0.5311, 0.0584, 0.4687, 0],
      [9.5644, 4.403, 3.6694, 7.7129, 200.4773, 83.7239, 127.3288, 19.656, 85.6117, 138.0908, 96.6624, 24.8498, 8.9797, 17.9594, 6.9842, 18.9572, 9.9775, 19.2823, 7.8997, 50.944, 276.2986, 154.6348, 220.815, 286.5644, 115.0747, 253.1642, 208.5624, 216.8418, 162.9681, 156.6258, 128.2614, 93.3636, 133.645, 66.2443, 32.3317, 444.866, 51.5659, 411.6554, 31.8665],
      [2.1529, 2.4148, 0.3833, 1.4246, 47.145, 20.556, 20.8943, 5.2475, 14.1274, 23.0397, 19.4882, 4.9457, 2.1369, 10.5021, 2.5148, 8.9143, 2.1369, 3.5615, 1.3059, 10.5548, 94.0167, 39.855, 76.7923, 86.6827, 28.1422, 60.998, 67.556, 118.6368, 51.5982, 37.4886, 32.9429, 36.1678, 24.2313, 23.3493, 8.6117, 140.8738, 12.0425, 92.9389, 9.6],
      [2.2827, 1.1822, 1.9473, 2.8529, 43.1449, 17.6225, 27.6361, 3.0742, 19.1657, 26.7191, 21.7389, 8.2045, 5.7726, 14.504, 4.4898, 11.0974, 5.2748, 7.1322, 1.7856, 9.4444, 47.3503, 27.3326, 36.1256, 45.4177, 18.6535, 43.5515, 32.6344, 39.5214, 29.2385, 27.708, 20.7957, 15.4686, 22.1237, 11.4064, 11.015, 77.7291, 9.3333, 80.937, 6.5335]
    ],
    [
      [0, 0, 0, 0, 0, 0, 0, 0, 0, 0, 0, 0, 0, 0, 0, 0, 0, 0, 0, 0, 0, 0, 0, 0, 0, 0, 0, 0, 0, 0, 0, 0, 0, 0, 0, 0, 0, 0, 0],
      [0, 0, 0, 0, 0.1258, 0.0524, 0.086, 0.0125, 0.2218, 0.0911, 0.0615, 0.0154, 0.0051, 0.0102, 0.004, 0.0108, 0.0057, 0.0114, 0.0051, 0.033, 0.1674, 0.0979, 0.1338, 0.1788, 0.0883, 0.1623, 0.1287, 0.1298, 0.0996, 0.1002, 0.082, 0.0552, 0.0808, 0.0399, 0.0188, 0.2727, 0.033, 0, 0],
      [0, 0, 0, 0, 35.7531, 9.9157, 31.7507, 3.2438, 16.5895, 42.9023, 20.9235, 12.5227, 3.5, 7, 2.5, 5.5, 4.6891, 10.0224, 2.6813, 5.9923, 46.7688, 34.0523, 25.3554, 42.0794, 18.9284, 43.526, 14.5173, 21.6984, 25.8027, 22.8021, 18.5471, 17.3917, 19.8788, 24.0681, 3.585, 102.9048, 5.1576, 25, 2],
      [0, 0, 0, 0, 15.1211, 6.0319, 10.1634, 0.7437, 7.1887, 9.0066, 8.015, 4.462, 3.4949, 6.9898, 2.496, 5.4892, 3.3052, 3.9662, 2.3136, 2.9746, 12.0638, 7.8498, 8.5108, 10.7418, 4.9833, 12.3117, 7.354, 9.1718, 8.0976, 8.0976, 5.3709, 3.553, 5.0404, 2.892, 2.3962, 20.8225, 2.8094, 25, 2]
    ],
    [
      [0, 4.1881, 0, 5.8409, 38.6463, 18.7108, 34.3895, 4.591, 26.9771, 17.1392, 15.4189, 19.54, 15.1591, 68.8775, 31.085, 56.3418, 26.3704, 52.9389, 16.0416, 18.5746, 16.5326, 11.2858, 7.6104, 5.9027, 3.8115, 14.9611, 9.776, 7.8703, 13.7856, 29.4517, 9.0742, 0, 6.9802, 2.7921, 1.9676, 52.3574, 22.8313, 117.6844, 0.698],
      [0, 0.0296, 0, 0.0308, 0.2299, 0.0998, 0.1923, 0.0286, 0.1453, 0.0961, 0.0941, 0.1338, 0.001, 0.002, 0.0008, 0.0021, 0.0011, 0.0022, 0.001, 0.0998, 0.122, 0.0787, 0.0669, 0.0681, 0.015, 0.1098, 0.0772, 0.0699, 0.0865, 0.1838, 0.9011, 0.0144, 0.5545, 0.0264, 0.0148, 0.333, 0.1297, 0.6412, 0.0224],
      [0, 2.3174, 0, 2.0424, 15.4049, 4.8905, 11.8762, 2.3199, 8.4781, 3.4053, 6.1478, 13.0934, 5.543, 31.7117, 16.5616, 27.9662, 12.3134, 24.4981, 15.7093, 6.1012, 6.8882, 4.3358, 3.0348, 2.6945, 0.1303, 5.483, 3.8718, 3.7488, 3.81, 13.8943, 5.7901, 0.8865, 4.2627, 2.0764, 0.9371, 21.3239, 9.772, 38.0531, 2.4069],
      [0, 0.465, 0, 0.0859, 0.719, 0.2989, 0.542, 0.0605, 0.3995, 0.3594, 0.3392, 2.2328, 0.2969, 1.4089, 0.3526, 0.6899, 0.3151, 0.5608, 0.2481, 0.2245, 0.4572, 0.2997, 0.2878, 0.3347, 0.0433, 0.4462, 0.275, 0.311, 0.318, 0.4702, 0.2347, 0.0991, 0.2026, 0.1052, 0.0805, 0.9857, 0.267, 1.6213, 1.8727]
    ],
    [
      [0, 0, 0, 0.8826, 0.0219, 0.0078, 0.0181, 0.0016, 0.0112, 0.0137, 0.0088, 0.0045, 0.3472, 0.0131, 0.0032, 0.008, 0.2819, 0.0059, 0.004, 0.004, 0.0209, 0.015, 0.0107, 0.0163, 0.0104, 0.0225, 0.0133, 0.0125, 0.012, 0.0134, 0, 0, 0, 0, 0.0014, 0.0323, 0.0045, 0.03, 0],
      [0.2946, 0.5667, 0.2888, 0.2505, 9.8967, 3.5581, 10.67, 0.7307, 5.0355, 6.2427, 4.0005, 1.9969, 0.0128, 0.0256, 0.0099, 0.027, 0.0142, 0.701, 1.0927, 1.8311, 9.5807, 6.8194, 5.0202, 7.5806, 4.7312, 10.2674, 6.1266, 5.7797, 5.4946, 6.1255, 5.0309, 3.2854, 3.4967, 2.4077, 0.6295, 14.8097, 2.0409, 13.8048, 1.3773],
      [1.5779, 4.5509, 0.8121, 6.9062, 50.9917, 16.1478, 47.2216, 4.9098, 27.8605, 33.5921, 13.9843, 6.7521, 5.0641, 41.2312, 7.1538, 22.137, 12.2507, 16.134, 11.4989, 8.5647, 56.5973, 43.3471, 21.0508, 39.4675, 31.7951, 63.1981, 36.7647, 27.0174, 28.4376, 35.1065, 33.1039, 21.418, 17.8884, 14.7566, 2.1703, 79.8602, 11.3371, 50.5699, 7.1743],
      [2.1274, 2.8824, 2.8991, 7.9607, 76.0897, 29.2862, 55.0904, 4.3579, 37.0927, 46.1514, 37.0065, 19.2465, 15.576, 40.7301, 12.8331, 27.8281, 16.4532, 20.1591, 12.4043, 14.6003, 64.8011, 43.8186, 40.9183, 54.9356, 28.4633, 67.512, 40.0954, 45.1905, 41.0559, 42.7546, 30.8652, 20.2966, 25.6149, 15.8357, 6.1987, 107.2979, 14.6175, 123.5952, 10.4484]
    ]
  ],
  "V_est": [
    [591.9469, 251.9344, 13974.2957, 686.823],
    [5.9969, 4388.0843, 1245.9713, 837.9475],
    [0, 2.6211, 729.5505, 250.8284],
    [806.2036, 4.7054, 343.7804, 18.3106],
    [1.8526, 161.6547, 960.4022, 1305.0905]
  ],
  "p_est": [
    [0.0382, 0.0162, 0.9013, 0.0443],
    [0.0009, 0.6774, 0.1923, 0.1294],
    [0, 0.0027, 0.7422, 0.2552],
    [0.6873, 0.004, 0.2931, 0.0156],
    [0.0008, 0.0666, 0.3954, 0.5373]
  ],
  "EI_Z": {},
  "EI_V": 3.4118,
  "MAE_Z": {},
  "MAE_V": 90.6449,
  "MAE_p": 0.0324,
  "runtime": 1.026
}
