{
  "Z_true": {},
  "V_true": [
    [3, 21, 199, 984, 15],
    [485, 508, 694, 196, 29],
    [820, 5253, 2419, 964, 263],
    [110, 107, 8125, 12513, 243],
    [95, 249, 712, 594, 429]
  ],
  "p_true": [
    [0.0025, 0.0172, 0.1628, 0.8052, 0.0123],
    [0.2537, 0.2657, 0.363, 0.1025, 0.0152],
    [0.0844, 0.5405, 0.2489, 0.0992, 0.0271],
    [0.0052, 0.0051, 0.3851, 0.5931, 0.0115],
    [0.0457, 0.1198, 0.3425, 0.2857, 0.2063]
  ],
  "Z_est": [
    [
      [0.5769, 0.04, 0.0729, 0.1396, 0.2777, 0.0864, 0.4146, 0.0723, 0.0382, 0.1187, 0.1064, 0.3075, 0.028, 0.0544, 0.7282, 0.0232, 1.4296, 0.6243, 0.128, 0.076, 0.0594, 0.0784, 0.0687, 0.0264, 0.0389, 0.0564, 0.0166, 0.0051, 0.0086, 0.0354, 0.023, 0.3655, 0.2765, 0.0377, 0.4518, 0.263],
      [1.25, 0.1318, 0.7916, 1.0744, 2.5669, 0.3526, 2.6066, 0.5461, 0.6861, 1.2031, 0.3881, 1.0374, 0.221, 0.7519, 1.1458, 0.3932, 2.3408, 1.6403, 0.3455, 0.5606, 0.4937, 0.6929, 0.2615, 0.4868, 0.5861, 0.6334, 0.2802, 0.1142, 0.1803, 0.36, 0.2565, 1.3606, 1.8045, 0.5316, 3.7497, 3.2778],
      [1.9376, 0.3946, 0.6227, 8.1732, 10.4672, 2.6648, 16.1192, 5.2322, 8.7757, 15.8601, 1.3249, 7.6046, 2.1725, 2.6974, 1.8082, 2.485, 5.8776, 5.7104, 0.5338, 5.832, 3.7763, 10.2451, 3.0876, 7.7075, 12.8589, 8.0056, 4.9045, 3.8496, 4.8296, 6.7099, 7.8069, 3.5779, 27.4639, 2.8342, 17.3333, 16.275],
      [7.7396, 1.3156, 3.5129, 33.964, 47.7171, 12.7211, 66.7696, 24.7803, 36.2559, 55.0771, 4.1806, 27.6216, 10.4835, 9.3544, 6.6319, 10.9872, 19.1023, 18.9152, 0.8665, 21.3244, 17.4365, 48.6064, 9.4581, 32.5954, 54.2933, 31.9049, 20.6886, 13.9521, 22.8833, 31.7687, 28.8076, 2.9172, 86.3802, 7.4124, 62.3084, 26.6425],
      [0.4959, 0.1181, 0, 0.6488, 0.9712, 0.1751, 1.09, 0.3691, 0.2441, 0.741, 0, 0.429, 0.095, 0.1419, 0.6859, 0.1113, 1.2497, 1.1098, 0.1262, 0.2069, 0.2341, 0.3772, 0.124, 0.1839, 0.2228, 0.3996, 0.1101, 0.0789, 0.0982, 0.126, 0.1059, 0.7788, 1.0749, 0.1841, 1.1568, 0.5418]
    ],
    [
      [7.3284, 4.9153, 0.4308, 17.0475, 19.4086, 4.3047, 14.9936, 7.4534, 9.9736, 15.475, 3.4258, 8.0251, 11.6084, 10.8196, 17.4796, 5.5151, 42.8943, 34.8119, 0.4293, 30.1974, 24.1693, 20.3303, 3.7403, 8.9243, 14.3011, 8.5968, 5.123, 4.6318, 4.4332, 11.6734, 13.7681, 1.2212, 51.2031, 9.6251, 71.0054, 26.3765],
      [10.9352, 4.0001, 1.674, 17.5591, 23.6812, 11.6183, 21.6045, 11.6033, 13.3162, 18.8347, 3.3671, 9.5711, 11.7918, 18.1491, 24.2321, 7.8464, 60.5318, 32.6405, 0.3362, 31.0844, 27.1518, 19.233, 3.2022, 12.5837, 16.5326, 9.8784, 6.0438, 6.2497, 5.7724, 12.0497, 15.9885, 1.4855, 52.7227, 10.2255, 65.4991, 30.5422],
      [5.6377, 3.2149, 0.5284, 12.8991, 13.8003, 7.3395, 13.6223, 7.6147, 11.7122, 19.0098, 3.1681, 5.9822, 10.7404, 12.2338, 14.0411, 5.5668, 43.4424, 27.6821, 0.1891, 28.4868, 20.5349, 16.5017, 2.268, 11.1024, 15.2896, 8.5342, 5.3583, 6.4391, 5.6053, 12.4853, 21.2183, 1.024, 48.8667, 8.6914, 49.7756, 29.3683],
      [2.4639, 1.15, 0.3667, 4.9563, 5.9204, 3.799, 4.9609, 3.1977, 4.268, 5.9044, 1.039, 1.7952, 5.8999, 3.6801, 4.581, 2.5577, 13.0798, 8.4093, 0.0102, 11.104, 11.4982, 8.8317, 0.5548, 4.7805, 7.2008, 3.0919, 2.1761, 2.3387, 2.9045, 6.2346, 8.3184, 0.0205, 16.4063, 1.4114, 16.434, 3.1173],
      [0.6347, 0.7197, 0, 1.5381, 2.1896, 0.9385, 1.8188, 1.131, 0.7299, 1.776, 0, 0.6264, 0.9595, 1.1174, 1.6662, 0.514, 3.0517, 2.4562, 0.0353, 1.1274, 1.6458, 1.1033, 0.2347, 0.6091, 0.6758, 0.8987, 0.2989, 0.3406, 0.2846, 0.5571, 0.7067, 0.2488, 2.8012, 1.0466, 6.286, 1.5956]
    ],
    [
      [9.7433, 5.1083, 0.4372, 29.0887, 34.372, 4.2155, 23.1139, 10.5838, 19.198, 20.4149, 5.0335, 14.0905, 21.3387, 12.8668, 24.4566, 10.6824, 50.7471, 55.7464, 2.4815, 35.0283, 27.705, 32.765, 8.2149, 12.6627, 22.2729, 12.379, 9.7961, 6.7029, 7.78, 19.9292, 18.3935, 4.8337, 44.178, 15.0412, 107.6168, 34.2971],
      [76.2846, 18.6667, 15.3633, 152.2902, 265.6076, 89.3873, 235.4979, 127.0189, 133.2859, 136.7553, 16.1442, 127.2283, 79.8108, 126.0934, 187.3823, 68.9312, 324.8796, 196.4925, 8.2328, 161.9739, 138.0492, 154.7205, 51.8317, 101.4984, 142.7155, 91.12, 65.3827, 52.0945, 56.2342, 93.2504, 93.3914, 92.3999, 295.6395, 87.013, 499.0703, 196.5341],
      [30.0142, 9.3017, 5.0581, 95.8475, 158.865, 63.7219, 144.6075, 90.075, 108.5903, 132.8353, 12.0419, 75.8169, 71.3451, 81.4444, 92.2591, 49.2578, 189.2662, 138.3515, 2.9202, 112.1934, 81.1215, 98.9801, 30.7605, 73.515, 99.4541, 75.2567, 50.3987, 42.4085, 47.4717, 80.4924, 98.7169, 43.5644, 189.1419, 51.5557, 273.0872, 120.6959],
      [7.8417, 1.2796, 3.1414, 20.4306, 43.4421, 15.3262, 32.3731, 21.1327, 25.8559, 16.4825, 1.7805, 11.0668, 19.0414, 12.3279, 14.7508, 15.335, 25.7108, 19.2612, 0.1567, 16.0249, 19.9441, 19.9894, 2.3877, 12.3126, 18.0434, 11.8727, 8.8364, 5.672, 12.314, 18.7677, 15.179, 0.7226, 16.9108, 3.5499, 43.9798, 3.4785],
      [5.1162, 4.6436, 0, 19.3431, 30.7132, 13.3491, 28.4076, 26.1896, 16.0699, 26.512, 0, 10.7975, 9.4641, 10.2676, 13.1512, 7.7936, 19.3962, 17.1484, 1.2088, 8.7794, 13.1802, 15.545, 4.8052, 11.0114, 15.5142, 17.3716, 7.5861, 9.1221, 8.2002, 9.5603, 11.3192, 19.4795, 29.1299, 11.8402, 64.2459, 13.9944]
    ],
    [
      [2.335, 1.6526, 0.0151, 1.4788, 4.1411, 0.6339, 2.9526, 1.4085, 0.4005, 0.5416, 0.0832, 1.9625, 0.4154, 2.894, 6.8139, 0.1477, 13.781, 4.5753, 0.8787, 2.2695, 1.6142, 1.8295, 1.9971, 0.4514, 1.1416, 0.5141, 0.3219, 0.3841, 0.2477, 0.6568, 0.7904, 1.6952, 5.1159, 5.4463, 31.4003, 14.1153],
      [1.1585, 1.0616, 0.0032, 0.2957, 0.297, 0.122, 0.3945, 0.221, 0.23, 0.067, 0.0031, 0.4592, 0.0365, 0.3516, 3.2407, 0.0639, 4.9081, 0.3721, 0.7509, 0.4603, 0.3659, 0.6215, 0.4561, 0.3621, 0.7481, 0.0978, 0.206, 0.368, 0.1607, 0.1512, 0.1972, 14.4325, 1.6933, 3.755, 9.902, 10.674],
      [34.9397, 19.8226, 2.1792, 197.9119, 211.5613, 98.7283, 257.9698, 184.3403, 239.3573, 241.6616, 12.1466, 177.8019, 91.804, 95.3281, 73.934, 64.9506, 209.9258, 163.4254, 9.0487, 266.5386, 171.1088, 347.8897, 130.0232, 235.5636, 452.1133, 164.8252, 163.2383, 221.8899, 188.6281, 223.8222, 325.3145, 199.0385, 839.8107, 128.982, 574.6862, 366.7166],
      [72.7, 30.1317, 7.8025, 408.5483, 478.1464, 212.5218, 562.836, 398.2138, 495.2697, 460.2267, 22.7671, 321.1475, 202.8154, 154.6871, 127.2602, 141.5738, 329.4599, 265.2348, 7.9597, 458.5107, 367.0925, 812.0998, 183.4936, 500.7018, 967.6309, 339.368, 338.6919, 394.3141, 435.3408, 515.8461, 604.0574, 60.0902, 1352.9047, 148.1008, 964.8831, 306.603],
      [0.8668, 1.3314, 0, 2.7653, 3.8541, 0.994, 3.8471, 1.8164, 0.7426, 1.5031, 0, 1.6289, 0.9286, 1.7391, 2.7512, 0.2641, 3.9252, 2.3924, 0.3621, 1.2209, 1.8187, 2.5595, 1.0299, 0.921, 1.3661, 1.195, 0.5419, 1.0438, 0.6227, 0.5237, 0.6405, 10.7437, 5.4755, 3.7159, 16.1284, 4.8911]
    ],
    [
      [1.0164, 0.2839, 0.044, 2.2454, 3.8006, 0.7596, 2.5254, 1.482, 1.3896, 2.4497, 0.3512, 1.6144, 1.6096, 1.3652, 3.5216, 0.6317, 5.1479, 5.2421, 0.0825, 2.4288, 1.4521, 1.9968, 0.979, 0.9352, 1.2455, 1.4537, 0.7424, 0.276, 0.5306, 1.7052, 1.0249, 0.8844, 4.2265, 1.8497, 9.5257, 2.9481],
      [8.3718, 1.1398, 1.1679, 18.7807, 36.8473, 17.5198, 32.8966, 23.6108, 19.4818, 26.1399, 2.0975, 20.7041, 11.1399, 13.654, 26.9991, 6.7653, 35.3398, 26.8546, 0.3346, 18.9207, 10.9394, 20.7321, 10.2485, 15.069, 19.4177, 17.2704, 11.0873, 5.1735, 9.6524, 18.1888, 12.1664, 20.3215, 45.1401, 13.4749, 56.7789, 21.9719],
      [6.4708, 1.2661, 0.6116, 22.1683, 38.3062, 23.5454, 38.6812, 34.7378, 31.5645, 49.6331, 2.3185, 25.7944, 14.9381, 14.2963, 22.9576, 7.7397, 34.4879, 29.8306, 0.3083, 23.9491, 11.4586, 30.3834, 14.8606, 25.1115, 34.2841, 30.3783, 20.1003, 10.4129, 21.4652, 35.4902, 26.9434, 23.7954, 68.7169, 16.9366, 63.1177, 26.9442],
      [1.2547, 0.123, 0.1765, 4.1008, 8.7739, 6.6319, 8.0604, 9.6754, 6.3505, 9.3094, 0.2328, 4.3688, 3.7598, 1.9506, 3.7762, 1.5463, 4.6471, 4.1795, 0.0069, 3.0359, 2.0287, 7.4728, 2.1058, 5.6098, 7.8316, 6.7625, 4.607, 1.7231, 6.5574, 9.3829, 4.6376, 1.2495, 10.398, 1.5255, 8.3947, 1.1587],
      [2.8864, 1.1872, 0, 10.7048, 18.272, 8.5433, 16.8365, 14.494, 8.2136, 15.4678, 0, 7.5182, 5.5527, 5.7339, 8.7455, 3.3171, 11.3772, 10.8932, 0.2677, 5.6654, 6.1212, 9.4149, 3.8061, 6.2745, 8.221, 10.1351, 4.463, 3.4145, 4.7944, 6.2329, 5.2277, 14.7492, 19.5185, 7.2132, 32.1829, 7.9772]
    ]
  ],
  "V_est": [
    [7.1547, 35.1036, 247.5594, 917.3764, 14.8059],
    [545.66, 629.5379, 509.9747, 184.4635, 42.3641],
    [773.3152, 4758.2718, 3120.4343, 536.7223, 530.2564],
    [117.1028, 58.6879, 7387.0267, 13449.0318, 86.1507],
    [69.7673, 656.3988, 884.0049, 163.406, 305.423]
  ],
  "p_est": [
    [0.0059, 0.0287, 0.2026, 0.7507, 0.0121],
    [0.2854, 0.3293, 0.2667, 0.0965, 0.0222],
    [0.0796, 0.4896, 0.3211, 0.0552, 0.0546],
    [0.0056, 0.0028, 0.3501, 0.6375, 0.0041],
    [0.0336, 0.3157, 0.4252, 0.0786, 0.1469]
  ],
  "EI_Z": {},
  "EI_V": 7.6425,
  "MAE_Z": {},
  "MAE_V": 220.2887,
  "MAE_p": 0.0464,
  "runtime": 325.259
}
