{
  "X": [
    [26, 70, 100, 473, 31],
    [20, 64, 92, 381, 27],
    [16, 28, 38, 204, 24],
    [9, 20, 54, 86, 9],
    [6, 26, 30, 98, 12],
    [8, 24, 70, 153, 12],
    [0, 2, 43, 67, 5],
    [12, 39, 77, 169, 10],
    [11, 26, 60, 150, 10],
    [28, 47, 189, 396, 38],
    [31, 82, 325, 494, 45],
    [18, 26, 164, 190, 13],
    [14, 50, 109, 272, 15],
    [95, 121, 355, 867, 76],
    [42, 68, 172, 456, 24],
    [85, 152, 373, 840, 96],
    [40, 70, 229, 429, 34],
    [63, 64, 228, 782, 65],
    [20, 17, 56, 178, 13],
    [22, 78, 130, 446, 29],
    [69, 70, 266, 742, 69],
    [16, 5, 117, 206, 17],
    [7, 24, 38, 108, 8],
    [40, 28, 242, 410, 36],
    [63, 21, 182, 335, 46],
    [49, 58, 380, 762, 54],
    [22, 46, 175, 272, 25],
    [31, 30, 142, 309, 21],
    [31, 37, 209, 472, 24],
    [26, 50, 173, 424, 43],
    [0, 0, 6, 15, 0],
    [35, 145, 155, 810, 80],
    [4, 26, 26, 100, 3],
    [5, 20, 19, 148, 12],
    [5, 48, 31, 165, 11],
    [23, 81, 97, 555, 48],
    [40, 87, 121, 499, 56],
    [2, 8, 18, 38, 5],
    [11, 48, 92, 285, 24],
    [51, 88, 256, 909, 53],
    [22, 42, 205, 291, 32],
    [50, 32, 308, 328, 25],
    [19, 19, 218, 273, 21],
    [33, 25, 189, 313, 29],
    [9, 14, 45, 182, 15],
    [14, 23, 143, 384, 25],
    [7, 25, 54, 188, 11],
    [18, 19, 125, 199, 17],
    [9, 7, 115, 206, 51],
    [166, 204, 748, 1706, 128],
    [18, 43, 107, 275, 36],
    [97, 388, 592, 1699, 167],
    [23, 86, 250, 637, 35]
  ],
  "W": [
    [102, 408, 115, 24, 51],
    [100, 337, 103, 13, 31],
    [47, 187, 42, 7, 27],
    [39, 63, 56, 12, 8],
    [47, 77, 33, 5, 10],
    [52, 112, 85, 5, 13],
    [4, 46, 50, 13, 4],
    [65, 137, 81, 8, 16],
    [50, 120, 69, 3, 15],
    [95, 324, 220, 13, 46],
    [120, 397, 369, 26, 65],
    [46, 144, 181, 11, 29],
    [81, 212, 123, 10, 34],
    [186, 719, 431, 49, 129],
    [113, 362, 202, 19, 66],
    [221, 700, 453, 54, 118],
    [110, 350, 268, 16, 58],
    [91, 718, 270, 26, 97],
    [30, 143, 72, 8, 31],
    [143, 346, 149, 27, 40],
    [125, 644, 304, 47, 96],
    [15, 180, 139, 16, 11],
    [42, 85, 41, 6, 11],
    [51, 350, 280, 22, 53],
    [49, 291, 207, 24, 76],
    [84, 659, 418, 61, 81],
    [39, 230, 215, 23, 33],
    [57, 260, 168, 7, 41],
    [32, 412, 238, 33, 58],
    [116, 336, 192, 16, 56],
    [0, 10, 8, 2, 1],
    [190, 737, 187, 21, 90],
    [40, 77, 28, 7, 7],
    [29, 129, 24, 4, 18],
    [71, 128, 42, 4, 15],
    [140, 475, 102, 26, 61],
    [131, 450, 138, 25, 59],
    [13, 30, 24, 0, 4],
    [68, 243, 101, 18, 30],
    [89, 840, 302, 41, 85],
    [108, 196, 246, 8, 34],
    [58, 241, 384, 11, 49],
    [34, 205, 262, 17, 32],
    [31, 262, 237, 26, 33],
    [17, 168, 51, 15, 14],
    [45, 333, 159, 19, 33],
    [53, 142, 55, 16, 19],
    [47, 148, 154, 11, 18],
    [17, 194, 119, 16, 42],
    [356, 1422, 851, 108, 215],
    [54, 251, 127, 13, 34],
    [462, 1552, 690, 67, 172],
    [164, 523, 267, 17, 60]
  ],
  "method": "mvn_pdf",
  "cond_prob": [
    [
      [0.0025608118276, 0.47505505243, 0.0093570582237, 0.49375282498, 0.019274252538],
      [0.0038489123539, 0.051321692585, 0.016122833902, 0.88363493911, 0.045071622044],
      [0.053632635599, 0.0013621907148, 0.7837627186, 0.15573957138, 0.0055028837029],
      [0.10088746, 0.0018477995796, 0.042688029866, 0.78605146683, 0.068525243722],
      [0.30547821214, 0.0079242148047, 0.025690950458, 0.49684060353, 0.16406601906]
    ],
    [
      [0.003185678894, 0.46836065651, 0.011311497241, 0.49490683303, 0.022235334325],
      [0.0046642665098, 0.049871106086, 0.019103135721, 0.87310392698, 0.053257564702],
      [0.056618243646, 0.0011334373339, 0.8050513353, 0.13183528797, 0.0053616957488],
      [0.12038054884, 0.0017395698701, 0.049368723707, 0.75292065281, 0.075590504779],
      [0.34557896988, 0.0070326820685, 0.028032664325, 0.44859000506, 0.17076567866]
    ],
    [
      [0.0046239004732, 0.42455038631, 0.011570673701, 0.52162550321, 0.037629536307],
      [0.0051953243186, 0.042069237634, 0.018900039079, 0.85311685848, 0.080718540489],
      [0.076367375001, 0.00093934726685, 0.78621321403, 0.12810622464, 0.0083738390601],
      [0.15312596974, 0.0013586651538, 0.044010027994, 0.6899251621, 0.11158017502],
      [0.39006812933, 0.0048230060975, 0.02195725344, 0.36077078681, 0.22238082432]
    ],
    [
      [0.0051713143943, 0.43731190238, 0.022970513878, 0.50244616889, 0.032100100451],
      [0.0093427039215, 0.045418004562, 0.039752787499, 0.82727205714, 0.078214446881],
      [0.048221240468, 0.00052798881425, 0.87908483603, 0.068214003416, 0.0039519312685],
      [0.16973519956, 0.0013498623285, 0.085973529812, 0.64949374017, 0.093447668133],
      [0.43406456634, 0.0047169747597, 0.042411396342, 0.33406884252, 0.18473822004]
    ],
    [
      [0.0029971068217, 0.46906315774, 0.012222946213, 0.47768796016, 0.038028829063],
      [0.0082165450306, 0.050012439245, 0.01930171485, 0.83660585553, 0.085863445342],
      [0.048442514662, 0.00098334798793, 0.83036352315, 0.11211572901, 0.008094885194],
      [0.11216985539, 0.0016640506021, 0.052273891952, 0.70697565211, 0.12691654994],
      [0.30670097512, 0.0062303027645, 0.027592376088, 0.38953176787, 0.26994457816]
    ],
    [
      [0.0023844276808, 0.38428907013, 0.010643068878, 0.57508206134, 0.027601371971],
      [0.0037700551514, 0.034447074539, 0.014686298746, 0.88594454574, 0.061152025828],
      [0.044071540101, 0.00094420217259, 0.79126068354, 0.15689919043, 0.0068243837541],
      [0.081548281001, 0.0012772194027, 0.042006189732, 0.79016496467, 0.085003345194],
      [0.25384163616, 0.005557901783, 0.02573122379, 0.5063605906, 0.20850864767]
    ],
    [
      [0, 0.28329233852, 0.012060202971, 0.6769963033, 0.027651155216],
      [0, 0.018262826619, 0.015916685735, 0.91363002306, 0.052190464582],
      [0, 0, 0.81530762733, 0.17177621842, 0.012916154245],
      [0, 0.00080515887253, 0.066050970744, 0.85831832324, 0.07482554714],
      [0, 0.0040683890325, 0.14888691452, 0.62952115062, 0.21752354583]
    ],
    [
      [0.0036000143272, 0.48469697265, 0.01761412179, 0.47594260534, 0.018146285889],
      [0.0063515689739, 0.053313354139, 0.031713132753, 0.86559729365, 0.043024650485],
      [0.043804065055, 0.0007856494611, 0.86674481714, 0.085703388067, 0.0029620802774],
      [0.13690042152, 0.0017793961188, 0.077015002466, 0.72265189228, 0.061653287614],
      [0.39078134235, 0.0070559053331, 0.042995793032, 0.42210699069, 0.13705996859]
    ],
    [
      [0.0038316125188, 0.41842448654, 0.013446166282, 0.54195671344, 0.022341021221],
      [0.0064194892837, 0.04112432558, 0.019342860739, 0.88249097846, 0.050622345935],
      [0.057532412697, 0.00083100939118, 0.81741789635, 0.119741806, 0.0044768755687],
      [0.13212619139, 0.0013876400832, 0.053198549114, 0.74453253226, 0.068755087147],
      [0.37813104065, 0.0054902690236, 0.029674526799, 0.43383098012, 0.15287318341]
    ],
    [
      [0.0033218412268, 0.37831235829, 0.013773844313, 0.57152588986, 0.033066066312],
      [0.004197980647, 0.032872734036, 0.019838535689, 0.87479397317, 0.068296776459],
      [0.049517430252, 0.00077219231978, 0.8147909069, 0.12820690811, 0.0067125624222],
      [0.10704685852, 0.0012047537458, 0.051400166908, 0.74411944399, 0.096228776832],
      [0.3051920769, 0.0048699136113, 0.029165163891, 0.44332001308, 0.21745283252]
    ],
    [
      [0.0020665257579, 0.49467147909, 0.012529760354, 0.46681776337, 0.023914471432],
      [0, 0.054419728126, 0.023113030383, 0.86194191061, 0.060525330886],
      [0.032568287857, 0.0011503680534, 0.84135984436, 0.11938806649, 0.0055334332392],
      [0.083859497564, 0.0019878275256, 0.058986446524, 0.76736530477, 0.087800923612],
      [0.25467648851, 0.0085941710222, 0.035771161779, 0.48900362196, 0.21195455673]
    ],
    [
      [0.0031278056108, 0.42468892569, 0.018149057631, 0.53362341995, 0.020410791119],
      [0.0034595045395, 0.041478637887, 0.029311575692, 0.88051783276, 0.045232449118],
      [0.036652668471, 0.0016468898887, 0.86668800145, 0.092723835755, 0.0022886044395],
      [0.10930836859, 0.001443632126, 0.073365002784, 0.7515996988, 0.064283297698],
      [0.32832507726, 0.006117880656, 0.043680453692, 0.46924633814, 0.15263025025]
    ],
    [
      [0.0019441850314, 0.47582201435, 0.011527072183, 0.49450378544, 0.016202943002],
      [0.00031780123787, 0.051894815528, 0.021565550607, 0.89115548786, 0.03506634477],
      [0.034811012504, 0.0011552892594, 0.82738471664, 0.13270987696, 0.0039391046379],
      [0.078502917266, 0.0018868112619, 0.053922997901, 0.80664372813, 0.059043545444],
      [0.25612833645, 0.0086984486657, 0.034907655856, 0.5479552296, 0.15231032943]
    ],
    [
      [0.0042571805037, 0.45766456309, 0.010678008222, 0.50218775094, 0.025212497236],
      [0.0021135521348, 0.047995739585, 0.019491433894, 0.87102509889, 0.059374175499],
      [0.078215702256, 0.0011625635338, 0.77459058132, 0.13968701133, 0.0063441415613],
      [0.15118420533, 0.0016162609062, 0.043972311702, 0.72227675344, 0.080950468621],
      [0.39976377293, 0.006086766167, 0.023227640913, 0.40100286376, 0.16991895624]
    ],
    [
      [0.0035754745388, 0.4462010227, 0.01157167346, 0.52163406477, 0.017017764534],
      [0.0050745970314, 0.046689504366, 0.019297656385, 0.89637038722, 0.032567854996],
      [0.061957435978, 0.00106022995, 0.79670995416, 0.13624837588, 0.0040240040367],
      [0.12966784751, 0.001598973329, 0.048597745298, 0.76445135321, 0.055684080645],
      [0.3754526679, 0.0065626804788, 0.027998202829, 0.46246246771, 0.12752398108]
    ],
    [
      [0.0035104524031, 0.50319331708, 0.0096982001911, 0.45260649335, 0.030991536974],
      [0.0037297433851, 0.055995665497, 0.018442329789, 0.84641403921, 0.075418222124],
      [0.071441102074, 0.0014158087525, 0.77905454698, 0.13945158138, 0.0086369608163],
      [0.13595151994, 0.0019381952694, 0.04355767637, 0.70999930239, 0.10855330603],
      [0.3551624435, 0.0072142980283, 0.022739344068, 0.38959837994, 0.22528553446]
    ],
    [
      [0.0033988328824, 0.470070125, 0.012278968385, 0.49160280627, 0.022649267468],
      [0.0047600881842, 0.050214114499, 0.020482260304, 0.87015302298, 0.054390514034],
      [0.056815975757, 0.0010764730402, 0.81308207325, 0.12386095805, 0.0051645199077],
      [0.12691738491, 0.001733305316, 0.053102645817, 0.74189105493, 0.076355609031],
      [0.35694375615, 0.0069158364793, 0.029739386354, 0.4362955109, 0.17010551012]
    ],
    [
      [0.0042794174142, 0.39999548156, 0.011661506264, 0.55684140443, 0.027222190327],
      [0.0037419512548, 0.037368094444, 0.018441337338, 0.88198910894, 0.058459508023],
      [0.072173765548, 0.00093013917102, 0.77864241769, 0.14197439901, 0.006279278579],
      [0.13957013016, 0.0012943264784, 0.04407518962, 0.73485440366, 0.080205950085],
      [0.37946507147, 0.0050033948692, 0.023902216649, 0.41876236855, 0.17286694846]
    ],
    [
      [0.0042554263255, 0.38795968145, 0.008918361398, 0.57632569205, 0.022540838771],
      [0.0027110720193, 0.035849866224, 0.015081433535, 0.89868629115, 0.047671337069],
      [0.086360784303, 0.0010487440961, 0.73234672523, 0.17406840004, 0.0061753463244],
      [0.13971442343, 0.0012280436434, 0.033721818811, 0.7589046445, 0.066431069613],
      [0.39190200175, 0.0048175729754, 0.018615012753, 0.43851379498, 0.14615161754]
    ],
    [
      [0.0025004398606, 0.43517258903, 0.011095156322, 0.52998967912, 0.021242135669],
      [0.002989469597, 0.044187534063, 0.018126757282, 0.88734917546, 0.047347063597],
      [0.045416626526, 0.0010837740201, 0.80338014289, 0.14486425449, 0.005255202074],
      [0.092035348098, 0.0015854859863, 0.047305596123, 0.78848896072, 0.070584609072],
      [0.28390122171, 0.0069285632987, 0.029016056024, 0.50786713295, 0.17228702602]
    ],
    [
      [0.0048821413411, 0.38138908924, 0.014558199375, 0.56807265999, 0.031097910055],
      [0.0039257205683, 0.033583935454, 0.022311999464, 0.87516669465, 0.065011649866],
      [0.06821893501, 0.00073564425552, 0.80506873056, 0.12003211571, 0.0059445744571],
      [0.15066963609, 0.001168868642, 0.052070963455, 0.70937926286, 0.086711268956],
      [0.39626603278, 0.0043722576369, 0.027323625514, 0.39117685017, 0.18086123389]
    ],
    [
      [0.0050947246754, 0.2533519745, 0.016617070283, 0.68793151481, 0.037004715736],
      [0.0059316733694, 0.0061348243744, 0.019644174503, 0.90094945092, 0.067339876834],
      [0.062200553619, 0.00041447720684, 0.80652513121, 0.12478462256, 0.0060752154058],
      [0.13431996036, 0.0006488597672, 0.050454702093, 0.72702017529, 0.087556302496],
      [0.36917105496, 0.0024961733712, 0.02732036938, 0.41206734296, 0.18894505932]
    ],
    [
      [0.0030476010566, 0.46805365549, 0.014088888985, 0.49323428952, 0.021575564944],
      [0.0068344185084, 0.049645708693, 0.022644998744, 0.86629886242, 0.054576011637],
      [0.04403831103, 0.00087952423236, 0.84698005978, 0.10397297303, 0.0041291319275],
      [0.11636097059, 0.0016957749616, 0.061617680823, 0.74699604934, 0.073329524283],
      [0.34430350969, 0.0068750988281, 0.035232112132, 0.4458080313, 0.16778124804]
    ],
    [
      [0.0043960836904, 0.35117047289, 0.016217698393, 0.59777558511, 0.030440159914],
      [0.0050230611931, 0.027654255028, 0.022878022494, 0.88284569304, 0.061598968245],
      [0.05629701208, 0.00061523097773, 0.82241530487, 0.11535657464, 0.0053158774259],
      [0.13237600526, 0.0010426899235, 0.056549808344, 0.72728257164, 0.08274892483],
      [0.36494892106, 0.0040775994444, 0.031041667195, 0.41919613432, 0.18073567798]
    ],
    [
      [0.0094033497463, 0.31115164591, 0.020363153687, 0.61160655257, 0.047475298094],
      [0, 0.018793827254, 0.032269298019, 0.86006852455, 0.088868350178],
      [0.08819049465, 0.00042462125406, 0.81302443939, 0.091902924191, 0.0064575205147],
      [0.23090821873, 0.00075191846267, 0.057816142484, 0.60540794591, 0.10511577441],
      [0.50976323974, 0.0023503023274, 0.025370965426, 0.27891634567, 0.18359914683]
    ],
    [
      [0.0030424202759, 0.3944262215, 0.016653235346, 0.56240341258, 0.02347471029],
      [0.0021610256738, 0.036482479497, 0.026795231559, 0.88561534117, 0.048945922097],
      [0.039137758488, 0.00069979323032, 0.84656438017, 0.10946481902, 0.0041332490929],
      [0.1016795243, 0.0013088268417, 0.064568072298, 0.7614965813, 0.070946995255],
      [0.30565786108, 0.0056035975022, 0.038771695216, 0.48061750247, 0.16934934373]
    ],
    [
      [0.0014980155743, 0.65692966456, 0.0061658061591, 0.31895106092, 0.01645545279],
      [0.0029732133948, 0.083276953908, 0.015787495807, 0.8379376826, 0.060024654293],
      [0.048220919361, 0.002827643622, 0.78746581164, 0.15428228, 0.0072033453783],
      [0.089938469713, 0.0038132748502, 0.042878754086, 0.77408629, 0.089283211348],
      [0.26732290442, 0.016072575243, 0.025365111456, 0.48062323505, 0.21061617383]
    ],
    [
      [0.0048622105514, 0.37312879344, 0.014015124212, 0.58427429324, 0.023719578549],
      [0.004111280008, 0.032393815991, 0.020949595068, 0.89421692946, 0.048328379474],
      [0.069703615483, 0.00072693538608, 0.79933299993, 0.12561821801, 0.004618231189],
      [0.15109619362, 0.001137078328, 0.05031385699, 0.73111647144, 0.066336399623],
      [0.41185464488, 0.0043702908024, 0.027173224745, 0.41410457805, 0.14249726152]
    ],
    [
      [0.0023504145452, 0.4722402351, 0.011911017045, 0.49795333715, 0.015544996154],
      [0.0027430091559, 0.051177015127, 0.021505913818, 0.8936316712, 0.030942390696],
      [0.04093734446, 0.0011203948545, 0.82340402357, 0.13084148295, 0.0036967541643],
      [0.09276703059, 0.0018308865328, 0.054507390418, 0.79546638038, 0.055428312082],
      [0.29293563744, 0.008212224368, 0.03430188737, 0.52583760657, 0.13871264425]
    ],
    [
      [0.0030806490725, 0.3503171446, 0.016070270344, 0.5953167271, 0.035215208889],
      [0.0023499684735, 0.026713794701, 0.023471573618, 0.87797566476, 0.069488998452],
      [0.040250523127, 0.00062868465788, 0.83566203895, 0.11718525097, 0.0062735022962],
      [0.095578654941, 0.0010769804961, 0.057780647387, 0.74682814419, 0.098735572983],
      [0.27849457823, 0.0044542332996, 0.033532108366, 0.45526103224, 0.22825804786]
    ],
    [
      [0.00054399289594, 0.059185067589, 0.0057953764223, 0.92745429297, 0.0070212701189],
      [0, 0, 0.0058956504655, 0.99410434953, 0],
      [0, 0, 0.72346470492, 0.27653529508, 0],
      [0, 0, 0.016589167846, 0.98341083215, 0],
      [0, 0, 0.12014752031, 0.87985247969, 0]
    ],
    [
      [0.0018892874011, 0.52473392984, 0.0070215985432, 0.44057547858, 0.025779705639],
      [0.0017784840214, 0.059728668575, 0.012993914924, 0.85819978679, 0.067299145685],
      [0.051266924742, 0.0019651874875, 0.75641203784, 0.18078638557, 0.0095694643647],
      [0.082366342389, 0.0022740974099, 0.035506398153, 0.77818540323, 0.10166775882],
      [0.24459649503, 0.0096142053823, 0.021052172675, 0.48498298483, 0.23975414208]
    ],
    [
      [0.0018054518255, 0.52894224745, 0.010266520607, 0.44789701933, 0.011088760782],
      [0.0053006097608, 0.061244295327, 0.019866586298, 0.89619802264, 0.017390485972],
      [0.03460266793, 0.0013010397956, 0.8369623811, 0.1243352868, 0.0027986243801],
      [0.082702054699, 0.0022888681148, 0.053998685966, 0.81585421571, 0.045156175509],
      [0.28169227007, 0.010578310075, 0.035239222613, 0.55492913472, 0.11756106253]
    ],
    [
      [0.0014857596919, 0.46292601783, 0.0057367780785, 0.50799017992, 0.021861264479],
      [0.00048494718772, 0.049412624094, 0.0083583734754, 0.88688039406, 0.054863661183],
      [0.044143559769, 0.0018076528006, 0.72219792011, 0.22313750701, 0.0087133603137],
      [0.06029063484, 0.0018057548118, 0.026910293554, 0.83090406871, 0.080089248082],
      [0.19965260044, 0.008350571572, 0.017500666697, 0.56565541698, 0.20884074431]
    ],
    [
      [0.0011276608253, 0.55399606141, 0.0042974686188, 0.4239538679, 0.016624941243],
      [0.0001181689907, 0.065197521144, 0.0085812619821, 0.87766292959, 0.04844011829],
      [0.04453095617, 0.0029035027422, 0.6965292123, 0.24724505545, 0.0087912733402],
      [0.055545519349, 0.0026585197207, 0.024494759956, 0.84328853766, 0.074012663312],
      [0.1874885476, 0.012561049271, 0.016284815861, 0.58673159412, 0.19693399314]
    ],
    [
      [0.0023202178183, 0.4294260625, 0.011731754871, 0.52993662184, 0.026585342971],
      [0.0015564267163, 0.042795794753, 0.019388770957, 0.87620729209, 0.060051715487],
      [0.040163586396, 0.0010229635349, 0.81410023332, 0.13842879913, 0.0062844176208],
      [0.084163629126, 0.0015448278314, 0.049338661587, 0.77780191722, 0.087150964238],
      [0.25657256796, 0.0066859170215, 0.029948510059, 0.49619380069, 0.21059920427]
    ],
    [
      [0.0042562315017, 0.48076581471, 0.010828212479, 0.47101383166, 0.033135909644],
      [0.0041574567118, 0.052105187025, 0.019700231752, 0.84619614152, 0.077840982993],
      [0.077342078969, 0.0011985148253, 0.78429685757, 0.1289537374, 0.0082088112372],
      [0.1545107946, 0.0017234524217, 0.045460451934, 0.68984432949, 0.10846097156],
      [0.39043392187, 0.0061671653406, 0.022829190408, 0.36385085373, 0.21671886865]
    ],
    [
      [0.0013367645658, 0.48731849719, 0.0054771101481, 0.46774338529, 0.038124242806],
      [0.0099791930187, 0.053116797441, 0.005164534543, 0.84033343938, 0.091406035621],
      [0.042398466312, 0.001756573289, 0.73806320074, 0.20276061766, 0.015021141995],
      [0.055444023898, 0.001792344993, 0.026097138836, 0.77215081804, 0.14451567423],
      [0.16642076965, 0.0072994635923, 0.015086178488, 0.46076949652, 0.35042409175]
    ],
    [
      [0.001709006229, 0.5010988683, 0.011079856019, 0.46384378286, 0.022268486594],
      [0, 0.055487875029, 0.020248470617, 0.86645113507, 0.057812519286],
      [0.027594236015, 0.0012652176849, 0.83504816955, 0.1304551446, 0.0056372321521],
      [0.071808792578, 0.0020645992355, 0.053956131469, 0.78763559262, 0.0845348841],
      [0.22680704908, 0.0092257850485, 0.033837198007, 0.5185862224, 0.21154374546]
    ],
    [
      [0.0026309622123, 0.48076371836, 0.0095222505867, 0.48918926079, 0.017893808045],
      [0.0037889499368, 0.052413285028, 0.016871475384, 0.88622159286, 0.040704696794],
      [0.054804791905, 0.0013804317771, 0.7845805328, 0.15413397253, 0.0051002709842],
      [0.10434447064, 0.0018921213461, 0.043795945719, 0.78581905869, 0.064148403607],
      [0.31475242311, 0.0081223796558, 0.02637089052, 0.49728207857, 0.15347222814]
    ],
    [
      [0.003021601156, 0.34175468152, 0.013387114176, 0.59922387322, 0.042612729929],
      [0.0029268735524, 0.02520704524, 0.018932263572, 0.87016330507, 0.082770512566],
      [0.046448895428, 0, 0.80711934002, 0.14165555043, 0.0047762141263],
      [0.092490119694, 0.0010342304597, 0.047455232779, 0.74106805037, 0.1179523667],
      [0.26275443018, 0.0041658730823, 0.026837308887, 0.43988247326, 0.26635991459]
    ],
    [
      [0.0045835902673, 0.39199966129, 0.012343452428, 0.56595956549, 0.025113730524],
      [0.0048143251919, 0.036621731503, 0.01892915395, 0.88678011083, 0.052854678522],
      [0.071419962127, 0.0004992556091, 0.78386824385, 0.13809434143, 0.006118196982],
      [0.14698525546, 0.0012356258334, 0.045825815224, 0.73324571685, 0.072707586627],
      [0.39860808421, 0.0047525778538, 0.024748245936, 0.41564098972, 0.15625010228]
    ],
    [
      [0.0023455041958, 0.36288304156, 0.012432430068, 0.5965406727, 0.025798351481],
      [0.0023589744383, 0.031578391, 0.018256421736, 0.8950715691, 0.052734643728],
      [0.035452784466, 0, 0.80941765083, 0.14821267066, 0.0069168940422],
      [0.077429683778, 0.0011736468382, 0.047576350407, 0.79679799402, 0.077022324961],
      [0.24474152947, 0.0052642011189, 0.029953388996, 0.52658312035, 0.19345776006]
    ],
    [
      [0.0037518212829, 0.42886116979, 0.010253192664, 0.5277679375, 0.029365878763],
      [0.0036422612639, 0.042834321033, 0.016948013479, 0.87025746784, 0.066317936379],
      [0.071147419483, 0.0010991296, 0.7697925776, 0.15038870306, 0.0075721702547],
      [0.12970220429, 0.0014463926096, 0.041000690128, 0.73625655778, 0.09159415519],
      [0.35440076848, 0.0055942940273, 0.02227008063, 0.41960437075, 0.19813048611]
    ],
    [
      [0.0028151039701, 0.41506954462, 0.011206630641, 0.54410587211, 0.026802848658],
      [0.0047185460913, 0.040430873832, 0.016826391509, 0.87748108222, 0.060543106345],
      [0.049270572787, 0.00095593535479, 0.80247390873, 0.14100676421, 0.0062928189158],
      [0.099296616417, 0.0013998228725, 0.045526262516, 0.76896112082, 0.084816177374],
      [0.29694135934, 0.0058343494, 0.026685015886, 0.47197261241, 0.19856666297]
    ],
    [
      [0.002321225861, 0.33004390088, 0.015128498394, 0.62796912521, 0.024537249654],
      [0, 0.023645459941, 0.021923237749, 0.90665833466, 0.047772967647],
      [0.029375324413, 0.00062137415173, 0.83516368403, 0.13023352363, 0.0046060937763],
      [0.073166579418, 0.0010266257618, 0.055282772013, 0.80064614124, 0.069877881569],
      [0.23741524987, 0.0047206642588, 0.035678211314, 0.54256839338, 0.17961748118]
    ],
    [
      [0.0021048697782, 0.37789606185, 0.016718817562, 0.58330337079, 0.019976880023],
      [0, 0.033836992356, 0.025618772082, 0.90026580346, 0.040278432102],
      [0.02191653871, 0.000635265232, 0.86543644309, 0.10863828979, 0.0033734631751],
      [0.071633071863, 0.001255965976, 0.065902830987, 0.79995088998, 0.061257241198],
      [0.23878437489, 0.0058747770468, 0.043294071997, 0.55120300414, 0.16084377193]
    ],
    [
      [0.0040003489811, 0.32943551963, 0.012736706319, 0.62070324714, 0.033124177934],
      [0.0038309642171, 0.023225344363, 0.017808560043, 0.8887808837, 0.06635424768],
      [0.063988749548, 0, 0.78468211323, 0.144384993, 0.0069441442166],
      [0.11965218553, 0.00096156883749, 0.043957636995, 0.74624347399, 0.089185134646],
      [0.33747552347, 0.0038112419183, 0.02450713731, 0.43574497008, 0.19846112722]
    ],
    [
      [0.0024269241969, 0.26454512377, 0.022283641459, 0.5911968618, 0.11954744878],
      [0, 0.012155013761, 0.037889655569, 0.84253530465, 0.10742002601],
      [0.015692702072, 0.00034838921147, 0.88179241693, 0.086368322358, 0.015798169426],
      [0.061009769755, 0.00065114522405, 0.064969993062, 0.60067696357, 0.27269212839],
      [0.1455989149, 0.0022091330115, 0.030899224069, 0.30021767783, 0.52107505019]
    ],
    [
      [0.0046928979225, 0.4104324965, 0.015121779323, 0.5452497212, 0.024503105056],
      [0.0038765250158, 0.039370449233, 0.024469952467, 0.8797591189, 0.052523954381],
      [0.064353023508, 0.00078206739151, 0.81681940836, 0.11343513262, 0.0046103681226],
      [0.15228585487, 0.001330149789, 0.056952176102, 0.71748564127, 0.071946177969],
      [0.40746797412, 0.00507933446, 0.030494058692, 0.40396225609, 0.15299637664]
    ],
    [
      [0.0023532395879, 0.51609257083, 0.0091661183361, 0.43644594285, 0.035942128399],
      [0.0044544636925, 0.05832378076, 0.01662821807, 0.83642865872, 0.084164878757],
      [0.051049510651, 0.0015109532096, 0.79494493297, 0.14191789731, 0.010576705857],
      [0.096786116423, 0.002071779813, 0.043608728816, 0.72405536281, 0.13347801213],
      [0.26509845027, 0.0080267061584, 0.023718438588, 0.41329509036, 0.28986131462]
    ],
    [
      [0.0020699854538, 0.59133286366, 0.0083006265893, 0.37557338067, 0.022723143628],
      [0.0030700655196, 0.071654275263, 0.018139379866, 0.83925628283, 0.067879996524],
      [0.050647012395, 0.0020089587909, 0.80033546916, 0.13938232857, 0.0076262310808],
      [0.10155645079, 0.0028965932365, 0.047272095394, 0.74736913499, 0.10090572559],
      [0.28795467604, 0.011724002722, 0.02682609797, 0.44599888619, 0.22749633708]
    ],
    [
      [0.0021877409543, 0.39985923409, 0.016456263916, 0.5619722001, 0.019524560941],
      [0, 0.03789856634, 0.0264488503, 0.89690359881, 0.038748984551],
      [0.024053815334, 0.00072291629477, 0.86044365578, 0.11128126614, 0.003498346448],
      [0.076321513558, 0.001386777786, 0.066607399542, 0.79410134055, 0.061582968566],
      [0.24868960098, 0.0064256923377, 0.043294035429, 0.54240260261, 0.15918806864]
    ]
  ],
  "expected_outcome": [
    [
      [0.26120280641, 0.3185678894, 0.21732332224, 0.20168126138, 0.14086402062, 0.1239902394, 0, 0.23400093127, 0.19158062594, 0.31557491655, 0.24798309095, 0.1438790581, 0.15747898754, 0.79183557369, 0.40402862288, 0.77580998107, 0.37387161706, 0.3894269847, 0.12766278976, 0.35756290006, 0.61026766764, 0.076420870131, 0.12799924438, 0.22420026821, 0.46076413757, 0.25556330317, 0.058422607398, 0.27714600143, 0.075213265447, 0.3573552924, 0, 0.35896460621, 0.072218073019, 0.043087031065, 0.080063918598, 0.32483049456, 0.55756632672, 0.017377939356, 0.11621242357, 0.2341556369, 0.32633292485, 0.2658482355, 0.079747142657, 0.11630645977, 0.047856767492, 0.10445516374, 0.11155809824, 0.18801640211, 0.041257711348, 1.6706716604, 0.12707493775, 0.95633327966, 0.35878951651],
      [48.4556153481, 46.8360656512, 19.9538681565, 17.055164193, 22.0459684139, 19.9830316468, 1.1331693541, 31.5053032223, 20.9212243268, 35.9396740372, 59.3605774902, 19.535690582, 38.541583162, 85.1256087354, 50.4207155648, 111.2057230756, 51.7077137498, 36.3995888223, 11.6387904436, 62.2296802316, 47.6736361546, 3.8002796175, 19.6582535307, 17.9096941176, 15.2464306495, 33.1318026063, 25.6202569178, 21.2683412263, 15.1116875234, 40.6367887735, 0, 99.6994466698, 21.1576898982, 13.4248545171, 39.3337203604, 60.1196487499, 62.9803217273, 6.3351404635, 34.0747230441, 42.7879709342, 36.9095056044, 22.7359803548, 12.3380234129, 13.2946962635, 7.0561822585, 14.8519755395, 20.0284912781, 15.4834694225, 4.4972671041, 146.1139687538, 27.8689988247, 273.1957830106, 65.5769143907],
      [0.95441993882, 1.1311497241, 0.54382166394, 0.89585004123, 0.57447847202, 0.55343958164, 0.048240811884, 1.1449179163, 0.67230831411, 1.3085152098, 1.5035712425, 0.834856651, 0.93369284681, 1.9861095293, 1.307599101, 2.1433022422, 1.3506865224, 1.0611970701, 0.26755084194, 1.5866073541, 1.8197749219, 0.24925605425, 0.59173333739, 0.82710261803, 0.99779453065, 1.3988717691, 0.2404664402, 0.79886208008, 0.38115254545, 1.8641513599, 0, 1.3341037232, 0.41066082428, 0.16636656428, 0.30512027194, 1.6424456819, 1.4184958348, 0.071202431925, 0.75343020927, 0.84748030221, 1.445808331, 0.71592024083, 0.42270262232, 0.31784897259, 0.19051272089, 0.68078242775, 0.8860973308, 0.59862519701, 0.37882190481, 5.3833534391, 0.49497039015, 3.8348894843, 2.6988272821],
      [50.3627881478, 49.4906833028, 24.5163986509, 19.5954005869, 22.4513341275, 29.9042671897, 2.7079852132, 30.9362693473, 27.0978356721, 54.2949595368, 56.0181316045, 24.5466773175, 40.0548066205, 93.4069216757, 58.944649319, 100.0260350299, 54.0763086893, 50.6725678032, 17.2897707615, 75.7885241135, 71.0090824989, 10.3189727221, 20.7158401599, 30.4865548406, 29.9687210757, 47.2418866571, 12.4390913757, 33.3036347149, 15.9345067888, 69.0567403431, 0, 83.7093409294, 17.9158807732, 14.7317152176, 30.1007246208, 74.1911270577, 61.7028119478, 6.0806640088, 31.5413772347, 43.5378442107, 64.7161783074, 32.8256547985, 20.2823828718, 16.3608060625, 9.249799826, 28.2586106345, 30.9150786516, 29.1730526155, 10.0503466505, 194.1089007466, 23.5680809138, 173.5149018695, 92.1634408162],
      [1.9659737589, 2.2235334325, 1.7685882064, 1.2519039176, 1.787354966, 1.4352713425, 0.11060462086, 1.1795085828, 1.1170510611, 3.1412762997, 2.8697365719, 0.93889639146, 1.3124383832, 4.689524486, 1.9230073923, 6.8491296712, 2.4914194215, 2.4772193197, 0.67622516312, 3.0376254007, 3.8872387569, 0.55507073603, 0.90617372765, 1.5524481556, 2.3262896066, 1.9718756644, 0.64176265881, 1.3520159773, 0.49743987692, 4.0849642311, 0, 4.8981440714, 0.44355043127, 0.6339766699, 1.1803708283, 3.721948016, 4.3408041634, 0.49561515647, 1.5142570884, 1.592548916, 4.6021748324, 1.4565963704, 0.87714395037, 0.91034224164, 0.45564842719, 1.1041762344, 1.0587746412, 1.5568363629, 2.0323066292, 8.7231054001, 1.9408749335, 10.4980923559, 3.2020279944]
    ],
    [
      [1.5703562404, 1.5718578138, 0.97152564757, 0.58859034705, 0.63267396736, 0.42224617696, 0, 0.87016494942, 0.77033871405, 1.3601457296, 0, 0.49816865368, 0.067373862428, 1.5196439849, 1.8370041254, 2.6108203696, 1.6660308645, 2.6867210009, 0.38768329876, 1.0343564806, 2.528164046, 1.0677012065, 0.58092557321, 1.7580714176, 0, 1.424115919, 0.68383908081, 1.0689328021, 1.1301197722, 0.78958940709, 0, 1.3107427238, 0.40814695158, 0.062558187216, 0.01512563081, 0.73930269022, 1.8708555203, 0.29937579056, 0, 3.1827179469, 0.57366721627, 1.1602523712, 0.48358975984, 0.95427245113, 0.79271574334, 0, 0, 0.56698270412, 0, 5.5124185725, 1.1180703868, 4.7647416865, 0],
      [20.9392505747, 16.8065627509, 7.8669474376, 2.8613342874, 3.8509578219, 3.8580723484, 0.84009002446, 7.3039295171, 4.9349190696, 10.6507658276, 21.604632066, 5.9729238558, 11.0017008919, 34.5089367616, 16.9016005805, 39.1969658477, 17.5749400746, 26.8302918108, 5.1265308701, 15.2888867858, 21.6280544324, 1.1042683874, 4.2198852389, 9.6789892598, 5.4690037309, 24.0419539884, 19.1536993989, 8.4223921576, 21.0849302324, 8.9758350195, 0, 44.0200287401, 4.7158107402, 6.3742285081, 8.3452827065, 20.3280025076, 23.4473341612, 1.5935039232, 13.4835536321, 44.0271594232, 4.9405808671, 8.8258372923, 6.4735701551, 11.2225921106, 6.7923868037, 7.8739381603, 4.8048529146, 3.4373509657, 2.3580726697, 55.9847788099, 14.6392689707, 111.2074352087, 19.8209501959],
      [6.5781162321, 6.4377567378, 3.5343073077, 2.5044256124, 1.4862320435, 1.6448654595, 0.73216754382, 4.3446991872, 2.3211432887, 6.4276855634, 9.1758730621, 4.2208668997, 4.5718967287, 14.0143409701, 6.9857516113, 12.9096308523, 7.1687911063, 13.2408802085, 2.1566449955, 6.2718580196, 14.3689276548, 3.5359514106, 1.9248248932, 8.007307873, 9.3903657235, 17.6580575971, 3.6311240355, 5.4468947176, 8.8604364928, 7.8864487357, 0.058956504655, 9.5765152992, 1.529727145, 1.0782301783, 1.0984015337, 9.2096662047, 8.8651042886, 0.15493603629, 4.92037836, 14.1720393223, 3.7107236601, 4.561926102, 3.7425664558, 4.4403795316, 2.8268337735, 7.3004381705, 3.6378656356, 2.6356668864, 7.3505931804, 34.796272408, 4.1736827356, 28.1523175528, 13.8327487067],
      [360.5230551589, 294.2360233928, 159.5328525357, 52.1181395996, 64.418650876, 99.2257891224, 42.026981061, 118.5868292299, 105.8989174155, 283.4332473066, 342.1909385102, 126.7945679179, 188.9249634257, 626.2670460994, 324.4860801742, 592.4898274436, 304.5535580427, 633.2681802191, 128.5121396348, 307.0228147094, 563.6073513533, 162.1709011655, 73.6354033056, 308.9959925637, 250.2799406437, 583.6205098337, 192.7256669974, 232.4964016595, 368.1762485358, 294.9998233578, 9.9410434953, 632.4932428669, 69.0072477434, 114.4075708337, 112.340854988, 416.198463741, 380.7882636832, 25.2100031813, 210.5476258214, 744.426138001, 170.5520077937, 213.7140067107, 183.489671665, 228.0074565753, 147.4168218134, 301.9172254427, 127.8377440913, 131.5395707871, 163.451849103, 1251.0174670801, 209.943593339, 1302.5257509466, 469.0805821774],
      [18.3892217938, 17.9477993047, 15.0943670714, 4.9275101535, 6.6114852913, 6.8490268928, 2.4007613708, 5.8943771164, 6.0746815122, 22.1281555728, 24.0285563617, 6.5134726729, 7.4340650913, 42.6900321841, 11.7895635087, 52.792755487, 19.036679912, 41.9739267607, 6.8170012009, 16.3820840047, 41.8675025135, 12.1211778301, 4.6389609891, 21.5596388859, 25.8606899019, 32.2553626618, 13.8056704874, 12.5653786632, 12.7482649668, 23.3483034799, 0, 49.5994703701, 1.3390674198, 7.0774122926, 6.2003351411, 28.5245648564, 35.0284423467, 2.7421810686, 14.0484421865, 34.1919453067, 16.2230204629, 12.7379775238, 10.8106019642, 17.3752993314, 10.171241866, 15.9083982265, 5.7195373584, 9.8204286567, 20.8394850469, 74.6890631295, 21.1253845679, 105.3497546054, 20.26571892]
    ],
    [
      [6.1677530939, 5.8316790956, 3.2074297501, 2.7003894662, 1.5986029839, 3.7460809086, 0, 3.5481292695, 3.9697364761, 10.8938346554, 12.0176982194, 6.6341329933, 4.281754538, 33.7109676725, 12.5154020676, 32.3628192396, 15.226681503, 19.4869166981, 6.2179764698, 6.7670773524, 20.738556243, 8.6458769531, 1.8055707522, 15.7631633824, 18.2554323925, 16.3595830479, 10.3674976625, 11.7102074012, 9.7430879814, 7.7281004405, 0, 9.5869149268, 0.96887470203, 1.0594454345, 1.8703001591, 4.0966858124, 10.6732068977, 1.0175631915, 2.7870178375, 16.5510471553, 11.4264282753, 27.4252654569, 9.2886295301, 16.8619384175, 2.5127992121, 4.6706765817, 1.2054096291, 9.8542674304, 1.8674315466, 54.7644230057, 6.4832878526, 34.9464385522, 6.4223686941],
      [0.1566519322, 0.11674404539, 0.039452585208, 0.029567373598, 0.032450483602, 0.08025718467, 0, 0.063637606349, 0.057339647992, 0.16988231035, 0.42448581169, 0.29808706986, 0.1421005789, 0.50106488308, 0.2141664499, 0.6413613649, 0.28849477478, 0.25113757618, 0.075509574918, 0.161482329, 0.22363585368, 0.057612331751, 0.036060493527, 0.17226467376, 0.08789659959, 0.29251357027, 0.60794337872, 0.12212514486, 0.26665397536, 0.12070745431, 0, 0.36749006016, 0.036429114277, 0.043383667215, 0.12194711517, 0.10434228056, 0.16539504589, 0.042157758935, 0.12778698617, 0.4168903967, 0, 0.19171415389, 0, 0.26049371519, 0.048752703094, 0.098798490125, 0.03493958776, 0, 0.041458316164, 0.66553935018, 0.19189105762, 1.3861815657, 0.1930186507],
      [90.1327126389, 82.9202875359, 33.0209549895, 49.2287508179, 27.4019962639, 67.2571581009, 40.7653813665, 70.2063301882, 56.4018348479, 179.2539995181, 310.4617825701, 156.8705282616, 101.7683201464, 333.8485405495, 160.9354107402, 352.9117097815, 217.9059956297, 210.2334527764, 52.7289642168, 119.7036412901, 244.7408940915, 112.1069932385, 34.726182451, 230.2762853641, 168.2960589538, 353.8639109112, 169.3051495022, 134.2879439888, 195.9701576104, 160.4471114777, 5.7877176393, 141.4490510757, 23.4349466707, 17.3327500826, 29.2542269166, 83.0382237985, 108.2329663442, 17.7135168178, 84.3398651241, 236.9433209068, 198.5513576446, 301.0054056388, 212.0674245171, 182.4408408917, 40.9261693455, 132.7910257602, 47.5990043698, 120.8410454381, 104.9332976149, 695.113316515, 100.9580064876, 552.2314737207, 229.7384560933],
      [17.9100507092, 13.5790346611, 5.3804614348, 3.8199841913, 3.6998190573, 13.3364311867, 8.5888109212, 6.9419744335, 8.2621846138, 28.2055197833, 44.0541965336, 16.7830142717, 16.3233148663, 60.2051018819, 27.5221719268, 63.1715663643, 33.1947367572, 38.333087733, 12.5329248032, 21.5847739195, 36.4897631768, 17.3450625353, 4.2628918942, 32.2998409005, 19.0239053075, 45.7562943499, 33.1706902002, 21.1038606254, 31.1402729417, 22.4995681866, 2.2122823607, 33.8070541011, 3.4813880303, 5.3553001682, 10.3842923288, 14.1197375113, 17.7956157615, 4.8662548239, 13.1759696049, 46.5484597039, 34.8472654051, 53.0282271093, 38.8317197138, 35.6421226252, 7.1913449746, 20.7071302575, 5.9751059387, 22.2352889222, 10.2778303606, 96.5332978568, 18.0235729582, 96.1738067156, 29.7120980604],
      [0.63283162583, 0.55225466213, 0.35170124052, 0.22130815104, 0.2671312114, 0.5800726191, 0.64580771225, 0.23992850247, 0.30890441424, 1.4767637329, 2.0418368653, 0.41423740355, 0.48450987047, 2.7343250129, 0.81284881542, 3.9125432498, 1.3840913353, 1.6954052163, 0.44462493536, 0.78302510902, 1.807150635, 0.84445494141, 0.16929440903, 1.4884456793, 1.3367067465, 1.7276981208, 1.5487192563, 0.77586283976, 0.87982749109, 1.2045124409, 0, 1.7894898362, 0.078361482644, 0.20912064753, 0.36923348029, 0.64101059732, 1.1328159507, 0.36050740788, 0.56936044737, 1.5402818372, 1.1749486751, 2.3493876411, 1.8122262391, 1.7946043504, 0.32093376471, 0.73236891043, 0.18554047463, 1.0693982094, 1.8799821617, 3.9234232723, 1.3432416439, 5.2620994457, 0.93405850161]
    ],
    [
      [2.42129904, 1.5649471349, 1.0718817881, 2.0368223947, 0.56084927697, 0.407741405, 0, 1.0952033722, 0.39637857418, 1.3916091608, 2.1803469367, 1.2023920545, 0.78502917266, 7.4080260614, 2.4636891028, 7.341382077, 2.0306781586, 3.6288233841, 1.1177153874, 2.4849543986, 7.0814728962, 2.1491193657, 0.69816582354, 2.9122721157, 5.5417972496, 6.2024509824, 2.0685848034, 1.0576733553, 3.0613120095, 1.5292584791, 0, 1.7296931902, 0.5789143829, 0.24116253936, 0.2221820774, 2.1882543573, 3.8627698649, 0, 1.2925582664, 4.2781232962, 0.73992095756, 1.6168378101, 1.3163046242, 3.3722573116, 1.4894492463, 1.3901650089, 1.1461291498, 1.3161740408, 0.97615631607, 16.4468723259, 1.2582195135, 6.8042822027, 1.2974657305],
      [0.044347189909, 0.022614408311, 0.0095106560769, 0.016198347942, 0.0083202530105, 0.0063860970133, 0.010467065343, 0.01423516895, 0.0041629202497, 0.015661798695, 0.051683515667, 0.015879953387, 0.018868112619, 0.079196784402, 0.03038049325, 0.10466254455, 0.027732885056, 0.033652488438, 0.0098243491473, 0.042808121629, 0.054936826176, 0.010381756275, 0.01017464977, 0.022939178317, 0.018046043104, 0.079838437345, 0.087705321554, 0.0079595482961, 0.060419255584, 0.017231687937, 0, 0.047756045608, 0.016022076804, 0.0072230192473, 0.010634078883, 0.040165523616, 0.043086310542, 0, 0.03716278624, 0.077576975189, 0.0082738436772, 0.013591884167, 0.01995199625, 0.037606207849, 0.020997343088, 0.019505889473, 0.020095455615, 0.010577257212, 0.010418323585, 0.14365617722, 0.026933137569, 0.19407174684, 0.023575222361],
