{
  "Z_true": {},
  "V_true": [
    [11, 663, 1226, 255, 16],
    [171, 903, 10091, 1224, 145],
    [117, 151, 656, 16097, 124],
    [733, 48, 526, 679, 51],
    [22, 212, 460, 388, 43],
    [59, 71, 206, 332, 130]
  ],
  "p_true": [
    [0.0051, 0.3054, 0.5647, 0.1175, 0.0074],
    [0.0136, 0.072, 0.8051, 0.0977, 0.0116],
    [0.0068, 0.0088, 0.0383, 0.9389, 0.0072],
    [0.3598, 0.0236, 0.2582, 0.3333, 0.025],
    [0.0196, 0.1884, 0.4089, 0.3449, 0.0382],
    [0.0739, 0.089, 0.2581, 0.416, 0.1629]
  ],
  "Z_est": [
    [
      [2.246, 0.56, 0.0303, 0.0257, 0, 0.0124, 0.1091, 0, 0.1096, 0.7356, 1.2187, 0.1487, 0, 1.7971, 0.0077, 0, 0.0241, 0.0153, 0, 0, 0.2918, 0.2655, 0.1583, 0.0074, 0.222, 0.0903, 0.0339, 0.0744, 0.0559, 0.1106, 0.1146, 0.1646, 0.0993, 0.1384, 0.1104, 0.0008, 0.0074, 0.2701, 0.3472, 0, 0.4365, 1.3733, 0.014, 0.7268, 0, 0.2163, 0.2116, 0.1252, 0.0823, 0.2518, 0, 0.0274, 0, 0.008, 0.0033, 1.2439, 0.6984],
      [112.3658, 33.6374, 0.8927, 1.304, 0, 39.718, 0, 3.1547, 6.2029, 39.4505, 67.6626, 1.7537, 0, 13.2, 0.5988, 0, 2.4013, 0.4825, 0, 0, 11.6088, 12.5532, 8.5921, 8.7257, 12.2266, 6.4367, 2.3888, 6.4367, 3.1288, 6.7401, 7.3237, 9.9153, 4.5995, 5.5873, 0, 7.4017, 21.9649, 12.1951, 19.8538, 0.5177, 0.2802, 8.9671, 26.5555, 8.3524, 0.6005, 9.121, 12.3046, 7.2583, 4.117, 12.0707, 0, 1.8057, 0, 0.3814, 42.6173, 101.0636, 53.0338],
      [196.8646, 42.5586, 2.6748, 2.216, 0, 53.6243, 0.5669, 4.4589, 9.0449, 59.2602, 101.1825, 1.7786, 0, 21.8381, 0.3238, 0, 1.2953, 1.3628, 0, 0.5792, 18.9152, 22.157, 11.8796, 19.3639, 16.4989, 3.5621, 1.2953, 3.5621, 1.943, 5.3111, 7.8319, 12.6783, 9.1162, 12.8834, 0.6951, 6.4693, 34.0005, 20.919, 29.0346, 0.4144, 2.1192, 51.2813, 32.6958, 14.0088, 0.3238, 17.7021, 18.1989, 9.6782, 7.9021, 22.525, 0, 1.8889, 0, 0.5353, 56.554, 77.3367, 44.9181],
      [26.0849, 9.1276, 0.4022, 0.4543, 0, 23.502, 0.324, 1.3858, 1.6172, 13.4071, 27.6967, 0.319, 0, 6.111, 0.0679, 0, 0.2715, 0.1357, 0, 0.1451, 4.1349, 5.9707, 3.3371, 3.861, 6.0084, 0.9102, 0.2715, 0.9129, 0.8629, 1.8176, 1.7063, 3.2405, 1.162, 1.3575, 0.1926, 1.1083, 12.9429, 9.5619, 5.6934, 0.0679, 1.1641, 7.3744, 10.6426, 9.9107, 0.0679, 4.9153, 2.2398, 2.9133, 0.8824, 4.1025, 0, 0.2715, 0, 0.0754, 35.843, 13.0997, 7.1947],
      [0.4387, 0.1163, 0, 0, 0, 0.1433, 0, 0.0007, 0.0254, 0.1466, 0.2395, 0, 0, 0.0539, 0.0018, 0, 0.0079, 0.0036, 0, 0.2757, 0.0493, 0.0536, 0.0328, 0.0419, 0.0441, 0.0007, 0.0105, 0.0139, 0.0095, 0.0206, 0.0234, 0.0013, 0.0231, 0.0334, 0.0018, 0.0198, 0.0844, 0.0539, 0.0709, 0, 0, 0.0039, 0.0921, 0.0013, 0.0078, 0.0452, 0.0451, 0.0249, 0.0162, 0.05, 0, 0.0066, 0, 0, 0.9823, 0.2561, 0.155]
    ],
    [
      [35.8888, 11.053, 0.519, 0.256, 0, 0.2723, 0.8647, 0, 0.5691, 7.4147, 0.8733, 0.2381, 0.3161, 2.9581, 1.0116, 0, 3.0909, 0.9081, 0.019, 0, 3.3696, 2.2174, 3.0116, 0.1634, 2.5142, 2.6039, 2.0831, 2.633, 6.5221, 9.9967, 3.4603, 0.1816, 0.3406, 2.3363, 0.4872, 0.0182, 0.1634, 1.2728, 2.7575, 0, 1.457, 3.332, 0.3086, 1.2462, 0, 2.7629, 0.3278, 0.7699, 0.0908, 3.1696, 0.0689, 1.0635, 0, 0.0481, 0.0726, 16.8132, 8.4022],
      [41.7392, 18.9338, 0.0787, 0.2139, 0.2309, 10.897, 0, 1.159, 3.9885, 14.0963, 31.8594, 0.8296, 0.0103, 0.3775, 2.914, 0.0947, 4.6564, 0.1753, 0, 0, 0.2959, 0.3061, 2.7982, 0.2245, 1.3986, 3.4882, 8.8339, 7.5407, 0.0918, 2.8928, 3.1383, 2.9692, 0.1358, 0.153, 0, 3.0722, 6.5069, 3.5661, 10.4343, 1.9536, 0.0102, 0.3265, 7.6432, 0.2041, 0.8736, 0.8068, 3.5334, 1.8021, 0.102, 4.5746, 0, 1.1284, 0, 0.0102, 18.3536, 60.9129, 16.4756],
      [2340.3967, 393.1237, 10.2958, 18.6504, 2.4701, 413.8429, 3.36, 42.9048, 111.6158, 520.9395, 511.6973, 11.762, 7.6506, 210.127, 10.4155, 3.6202, 90.5775, 25.0733, 6.1633, 4.9288, 198.138, 221.26, 104.7303, 132.6656, 134.9357, 87.9547, 74.2668, 72.4665, 94.246, 183.3468, 92.5695, 108.7342, 108.7855, 168.9148, 7.2585, 44.04, 207.5046, 128.1073, 245.8109, 2.1824, 19.092, 255.3248, 265.4007, 85.8876, 2.7351, 190.4787, 231.3381, 84.9007, 113.2244, 221.7386, 4.1073, 37.5647, 0.8921, 2.7279, 221.845, 1050.1947, 593.2283],
      [331.4935, 63.2607, 0.1065, 2.8798, 0.299, 38.3027, 0.7754, 6.6048, 7.4426, 64.4891, 37.2736, 0.1703, 0.6415, 32.6554, 0.149, 0.2851, 18.3503, 3.0112, 1.8177, 0.5198, 19.7828, 17.5337, 19.9399, 10.4775, 14.2951, 9.6219, 6.1326, 3.697, 5.3513, 12.0199, 5.6943, 15.4523, 10.8632, 16.2142, 0.6415, 10.2159, 16.7497, 11.4383, 37.0063, 0.8639, 3.4408, 20.0284, 36.4981, 14.9994, 5.857, 22.2384, 74.4027, 16.9433, 21.92, 11.1957, 0.8238, 9.7683, 0.1079, 0.2138, 30.6119, 102.1186, 68.0591],
      [37.4819, 15.6288, 0, 0, 0, 5.685, 0, 0.3314, 5.384, 12.0605, 6.2963, 0, 0.3815, 2.882, 0.5099, 0, 2.325, 0.8321, 0, 0.5514, 6.4137, 4.6827, 4.52, 3.4691, 2.8564, 0.3314, 5.6836, 0.6628, 1.7887, 3.7439, 3.1376, 0.6628, 4.8748, 6.3817, 0.6127, 1.6539, 4.0753, 3.6154, 6.9909, 0, 0, 1.9883, 9.1493, 0.6628, 0.5343, 7.7132, 5.3981, 1.584, 0.6628, 4.3216, 0, 1.4751, 0, 0, 6.1168, 23.9607, 20.8348]
    ],
    [
      [17.3659, 1.7538, 0.2906, 0.0263, 0, 0.0095, 0.0262, 0, 0.2314, 8.7348, 1.5132, 1.1501, 0.3346, 2.1519, 0.026, 0, 2.2369, 0.2884, 0.0006, 0, 1.2315, 0.0146, 0.4727, 0.0057, 0.6295, 0.2663, 0.3285, 0.2648, 0.4528, 0.4716, 0.3022, 0.0063, 0.007, 1.3279, 0.3749, 0.0006, 0.0057, 0.5272, 1.0142, 0, 0.0766, 1.4959, 0.0108, 0.4131, 0, 3.363, 0.0101, 0.0038, 0.0032, 0.8244, 0.0465, 0.2106, 0, 0.0253, 0.0025, 4.3062, 7.8816],
      [0.3746, 0.7196, 0.0075, 0.0027, 0.1963, 4.2306, 0, 0.0427, 0.1002, 4.6525, 0.8947, 0.0151, 0.2816, 0.0497, 0.0691, 0.4625, 0.4127, 0.1035, 0, 0, 0.0389, 0.0403, 0.1906, 0.0295, 0.0416, 0.2347, 0.1334, 0.1104, 0.0121, 0.1829, 0.1289, 0.3534, 0.0148, 0.0201, 0, 0.1204, 0.4191, 0.2184, 0.4177, 0.108, 0.0013, 0.043, 0.4516, 0.0269, 0.0275, 0.0282, 0.043, 0.0242, 0.0134, 0.3218, 0, 0.0251, 0, 0.0013, 1.451, 1.8702, 3.9402],
      [89.2615, 8.9165, 0.3158, 0.4461, 0.2724, 18.6502, 0.0732, 0.3543, 0.5417, 10.4211, 3.5802, 0.4992, 1.1508, 5.1375, 0.4392, 1.2396, 4.8403, 1.7401, 0.0786, 0.2085, 5.3783, 17.0186, 2.4453, 5.157, 3.2478, 0.6179, 1.6449, 2.5834, 2.2736, 1.0834, 0.8017, 1.3857, 7.4572, 5.8558, 0.2272, 0.5405, 9.0631, 2.9149, 5.3717, 0.0295, 0.4038, 13.3872, 5.7427, 1.0811, 0.0491, 3.442, 2.7518, 1.0417, 4.5341, 7.9238, 0.3697, 0.4128, 0.1043, 0.1481, 5.2647, 22.4077, 21.3898],
      [4770.9971, 475.8115, 4.3861, 25.5249, 3.5313, 589.1095, 3.9006, 25.603, 63.0219, 602.5729, 416.466, 7.3356, 15.9647, 583.6609, 6.4544, 7.2979, 216.7937, 36.2007, 7.9207, 11.7148, 336.3654, 536.6525, 127.6769, 212.457, 171.6543, 71.8811, 88.7443, 65.9437, 89.111, 126.0526, 81.6313, 257.2545, 325.9746, 376.1678, 19.3652, 74.1765, 274.0474, 143.0989, 276.7317, 6.8625, 20.5183, 404.0739, 286.3154, 113.4789, 17.8939, 570.2212, 755.3694, 202.727, 302.4493, 220.5537, 12.5838, 57.7015, 9.8957, 6.8252, 268.8301, 1172.4474, 760.2629],
      [0.001, 0.7986, 0, 0, 0, 0.0002, 0, 0, 0.1048, 1.6187, 0.5459, 0, 0.2684, 0.0001, 0.0115, 0, 0.7165, 0.6674, 0, 0.0767, 0.9859, 0.274, 0.2144, 0.3508, 0.4268, 0, 0.149, 0.0977, 0.1505, 0.2095, 0.1358, 0, 0.5465, 0.6283, 0.0327, 0.1619, 0.4647, 0.2405, 0.4647, 0, 0, 0.0001, 0.4795, 0, 0.0295, 0.9456, 0.8257, 0.2033, 0, 0.3763, 0, 0.6501, 0, 0, 0.4516, 1.9685, 10.5255]
    ],
    [
      [174.9697, 32.4542, 1.16, 1.1575, 0, 9.3597, 0, 0, 5.897, 42.894, 21.6437, 1.7979, 1.1575, 16.4238, 0.5984, 0, 11.4006, 2.61, 0.7886, 0, 19.6955, 17.1464, 11.412, 5.9056, 9.184, 9.1166, 7.7315, 6.0823, 15.0696, 19.5027, 9.3694, 7.1676, 8.333, 14.8957, 2.3566, 0.8738, 6.9897, 9.9708, 13.4432, 0, 1.2198, 19.3402, 11.2974, 6.9602, 0, 20.5204, 12.5052, 4.5542, 3.9205, 14.8087, 0.5787, 2.3149, 0, 0.7754, 1.9215, 60.5167, 46.268],
      [5.4468, 0.8214, 0.0212, 0.0215, 0, 2.3378, 0, 0, 0.172, 1.1167, 0.6194, 0.0323, 0.0212, 0.429, 0.0104, 0, 0.2946, 0.0732, 0, 0, 0.0097, 0.2562, 0.3511, 0.2053, 0.2708, 0.2563, 0.2137, 0.1418, 0.003, 0.4438, 0.2358, 0.3837, 0.3266, 0.005, 0, 0.0487, 0.7228, 0.3531, 0.4233, 0.4207, 0.0003, 0.0107, 1.3512, 0.1317, 0.043, 0.7048, 0.5211, 0.1831, 0.0033, 0.5096, 0, 0.0433, 0, 0.0387, 1.666, 1.3681, 1.1858],
      [202.0774, 29.8514, 0.7136, 0.7521, 0, 17.5553, 0, 0, 6.4463, 40.7458, 19.266, 1.0703, 0.7525, 15.7432, 0.3568, 0, 10.6022, 2.6844, 1.4721, 0, 20.3195, 24.1717, 12.5378, 8.026, 9.8802, 11.9549, 9.2308, 4.7538, 17.5305, 17.4579, 9.6313, 13.6362, 11.8523, 18.3382, 1.4833, 1.7361, 12.5828, 12.7288, 15.6112, 0.3736, 0.7136, 22.2835, 16.4933, 4.5101, 1.4552, 25.2694, 19.0554, 6.6608, 8.2677, 25.7444, 0.3764, 1.5039, 0.368, 1.5219, 7.0261, 50.5166, 43.0242],
      [130.8446, 12.7752, 0.1053, 0.0689, 0, 11.6944, 0, 0, 3.4641, 19.1096, 12.4015, 0.0995, 0.0663, 7.3525, 0.0332, 0, 5.6665, 1.6234, 1.7394, 0, 12.9071, 20.3459, 8.6567, 4.8387, 5.6328, 2.6722, 2.7983, 2.0054, 3.3505, 4.5415, 2.7352, 14.8125, 10.4482, 10.7044, 0.155, 1.3362, 10.6648, 9.9048, 9.4721, 0.2057, 0.0663, 13.3656, 11.8053, 0.398, 2.4966, 20.4191, 16.8553, 5.58, 8.7942, 6.8754, 0.0449, 0.1327, 0.632, 0.664, 4.3671, 9.4416, 18.3817],
      [0.6616, 0.0978, 0, 0, 0, 0.0528, 0, 0, 0.0206, 0.1339, 0.0695, 0, 0.0026, 0.0515, 0.0013, 0, 0.036, 0.009, 0, 0, 0.0682, 0.0798, 0.0425, 0.0245, 0.0322, 0, 0.0257, 0.0167, 0.0463, 0.0541, 0.0283, 0, 0.0399, 0.0566, 0.0051, 0.0051, 0.0399, 0.0425, 0.0502, 0, 0, 0, 0.0528, 0, 0.0051, 0.0862, 0.0631, 0.0219, 0.0142, 0.0618, 0, 0.0051, 0, 0, 0.0193, 0.157, 0.1403]
    ],
    [
      [1.6186, 0.4761, 0, 0, 0, 0, 0, 0, 0.0544, 0.5577, 1.0881, 0, 0.0136, 0.5305, 0, 0, 0, 0, 0.0136, 0, 0.3128, 0.3264, 0.1632, 0.2448, 0.3809, 0.4272, 0.0408, 0.0544, 0.6519, 0.136, 0.1496, 0.1632, 0.0816, 0.272, 0.3656, 0, 0.4081, 0.1768, 0.2992, 0, 0.0388, 0.9634, 0.5577, 0.6602, 0, 0.1768, 0.272, 0.1904, 0.1904, 0.1632, 0, 0.0272, 0, 0.1431, 0, 2.0811, 1.4826],
      [89.1746, 27.4043, 0, 0, 0.5728, 32.28, 0, 2.4119, 3.3973, 31.3806, 56.9724, 0, 0.5215, 19.9983, 0, 0, 0, 0, 0, 0, 13.0108, 13.5323, 7.9526, 10.0645, 15.1097, 7.0922, 2.5454, 3.4055, 4.5293, 6.7402, 7.2616, 8.6306, 3.9763, 6.4986, 0, 7.2152, 19.3731, 9.3216, 16.3878, 0, 0.5215, 19.6452, 25.9567, 9.3735, 2.0859, 8.1351, 12.4634, 7.9786, 4.872, 9.1391, 0, 1.5514, 0, 0.5684, 33.1779, 103.1756, 63.9591],
      [21.0661, 5.0146, 0, 0, 0.2575, 9.3141, 0, 0.2965, 0.3007, 6.6025, 15.0516, 0, 0.1773, 5.6069, 0, 0, 0, 0, 0.1569, 0.2835, 4.2916, 4.8058, 2.2906, 3.099, 5.5607, 1.9296, 0.2256, 0.3007, 3.7981, 1.9048, 2.5361, 2.3416, 1.5761, 3.6781, 0.1773, 1.3133, 7.0895, 2.7129, 3.9957, 0, 0.31, 11.7945, 6.4719, 2.4011, 0.3518, 3.4581, 4.3621, 3.6959, 2.7439, 0.9396, 0, 0.2994, 0, 2.0669, 6.2752, 24.2029, 22.0107],
      [4.0467, 1.1902, 0, 0, 0.1697, 2.254, 0, 0.2449, 0.136, 1.3942, 4.847, 0, 0.2613, 11.872, 0, 0, 0, 0, 0.8295, 0.6203, 4.788, 4.7182, 1.2814, 4.1281, 6.2353, 1.5499, 0.102, 0.136, 0.7637, 0.9585, 0.768, 0.5594, 0.204, 5.9445, 0.4308, 1.2145, 2.363, 0.4525, 0.7481, 0, 0.1297, 7.7515, 6.9581, 4.5629, 1.4602, 0.8867, 2.3849, 1.7783, 5.838, 1.4459, 0, 0.068, 0, 0.2216, 2.4467, 19.6177, 18.7375],
      [3.094, 0.9148, 0, 0, 0, 1.1519, 0, 0.0468, 0.1115, 1.065, 2.0409, 0, 0.0264, 0.9923, 0, 0, 0, 0, 0, 0.0961, 0.5967, 0.6173, 0.3122, 0.4636, 0.7135, 0.0012, 0.0862, 0.1033, 0.257, 0.2605, 0.2846, 0.3051, 0.1619, 3.6067, 0.0264, 0.257, 0.7663, 0.3362, 0.5692, 0, 0, 0.8454, 1.0556, 0.0023, 0.1021, 0.3433, 0.5175, 0.3568, 0.3556, 0.3122, 0, 0.054, 0, 0, 1.1002, 3.9227, 2.8101]
    ],
    [
      [26.911, 5.703, 0, 0.5346, 0, 5.3461, 0, 0, 2.1385, 7.6633, 7.6629, 0.6652, 0.1782, 2.1387, 0.3564, 0, 1.2476, 0.1782, 0.1782, 0, 4.0989, 3.0296, 1.7822, 2.6731, 1.0694, 1.4958, 1.7821, 0.8911, 1.2477, 1.7824, 1.604, 2.3167, 2.1385, 3.0296, 0.3053, 0.1066, 1.4257, 1.7821, 2.1386, 0, 0.7713, 2.4951, 4.8115, 1.9935, 0, 1.9605, 2.6731, 0.3565, 0.7128, 1.7822, 0.3059, 0.3564, 0, 0, 2.0001, 16.039, 9.2672],
      [29.8991, 7.4834, 0, 0.458, 0, 7.5365, 0, 1.2317, 2.1391, 9.3034, 11.9915, 0.3693, 0.1655, 2.9455, 0.4077, 0.4428, 1.235, 0.1655, 0, 0, 4.0359, 3.312, 2.1154, 2.7506, 1.9528, 1.4919, 1.885, 1.3649, 1.235, 2.0002, 1.9115, 3.7478, 1.9471, 2.7359, 0, 3.1418, 3.0133, 2.3458, 3.4831, 0, 0.1864, 3.0076, 6.0417, 1.9115, 0.3695, 2.204, 3.1346, 0.7537, 0.8922, 2.3842, 0, 0.4461, 0, 0, 5.7341, 22.6096, 12.4054],
      [44.3339, 7.5351, 0, 0.9354, 0, 8.0132, 0, 0.9855, 2.0506, 10.0309, 10.2224, 0.8899, 0.2689, 3.5473, 0.4647, 0.1402, 1.6847, 0.1393, 0.1292, 0, 3.9573, 4.587, 2.1163, 2.6884, 0.8767, 1.9809, 2.3366, 1.3335, 2.2088, 2.8961, 2.6294, 2.2239, 2.2126, 3.3297, 0.1586, 0.9007, 0.7594, 2.6171, 2.1759, 0, 0.3614, 4.9287, 5.1956, 2.1113, 0.085, 2.6497, 4.2938, 0.0227, 1.3277, 2.1286, 0.1466, 0.3303, 0.6356, 0, 1.0351, 19.3413, 11.429],
      [13.5332, 1.8348, 0, 1.0721, 0, 2.1373, 0, 0.1615, 2.3181, 5.0269, 3.3152, 0.0756, 0.0663, 0.3483, 0.2956, 0.417, 0.9181, 0.029, 0.6926, 0, 5.0219, 1.7789, 1.1079, 3.2377, 0.1741, 0.3647, 0.9514, 0.305, 0.5606, 0.61, 0.4649, 3.6808, 2.3481, 2.6116, 0.2149, 1.9486, 0.2322, 0.5436, 0.3483, 0, 0.6808, 0.4063, 3.7804, 1.6501, 0.2243, 0.3193, 0.7479, 0.058, 0.1161, 0.8268, 0.5475, 0.058, 0.3644, 0, 0.9011, 9.275, 2.3642],
      [36.3229, 9.4437, 0, 0, 0, 6.9669, 0, 0.6212, 3.3538, 10.9754, 9.8079, 0, 0.3212, 3.0202, 0.4756, 0, 1.9147, 0.4879, 0, 0, 5.8861, 4.2926, 2.8782, 3.6502, 1.927, 0.6668, 3.045, 1.1056, 1.7479, 2.7114, 2.3903, 1.0308, 3.3538, 5.2932, 0.3212, 1.9023, 2.5694, 2.7114, 3.8541, 0, 0, 3.1623, 7.1708, 1.3335, 0.3212, 3.8665, 4.1505, 0.8091, 0.9512, 2.8782, 0, 0.8091, 0, 0, 4.3297, 22.7351, 16.5343]
    ]
  ],
  "V_est": [
    [15.0221, 779.5503, 1095.8289, 276.87, 3.7288],
    [152.3189, 308.8117, 10538.2141, 1293.7465, 240.9089],
    [62.5178, 23.6996, 313.7183, 16718.2652, 26.7992],
    [726.0604, 24.2494, 818.7171, 465.5519, 2.4211],
    [15.9544, 729.3642, 209.1393, 139.4998, 31.0424],
    [141.1264, 182.3248, 189.3823, 81.0667, 204.0997]
  ],
  "p_est": [
    [0.0069, 0.3591, 0.5048, 0.1275, 0.0017],
    [0.0122, 0.0246, 0.8408, 0.1032, 0.0192],
    [0.0036, 0.0014, 0.0183, 0.9751, 0.0016],
    [0.3564, 0.0119, 0.4019, 0.2285, 0.0012],
    [0.0142, 0.6483, 0.1859, 0.124, 0.0276],
    [0.1769, 0.2285, 0.2373, 0.1016, 0.2558]
  ],
  "EI_Z": {},
  "EI_V": 6.8534,
  "MAE_Z": {},
  "MAE_V": 163.614,
  "MAE_p": 0.0726,
  "runtime": 2.434
}
