{
  "X": [
    [50, 45, 52, 120, 448, 44],
    [19, 29, 44, 76, 239, 20],
    [0, 6, 4, 4, 33, 2],
    [2, 8, 4, 7, 73, 6],
    [63, 67, 109, 169, 765, 39],
    [12, 22, 30, 64, 335, 23],
    [15, 19, 18, 40, 294, 12],
    [30, 32, 46, 63, 390, 13],
    [44, 46, 61, 607, 394, 60],
    [18, 19, 42, 92, 184, 22],
    [0, 1, 0, 10, 1, 0],
    [0, 0, 0, 9, 0, 0],
    [1, 4, 5, 39, 53, 3],
    [0, 0, 9, 53, 5, 6],
    [2, 3, 6, 44, 21, 1],
    [0, 3, 5, 32, 10, 3],
    [11, 16, 17, 140, 93, 17],
    [0, 0, 2, 8, 4, 2],
    [2, 1, 2, 25, 5, 2],
    [61, 77, 72, 258, 697, 41],
    [2, 3, 7, 73, 3, 3],
    [24, 58, 135, 378, 383, 43],
    [24, 38, 95, 255, 182, 23],
    [22, 30, 55, 144, 212, 13],
    [6, 15, 49, 108, 92, 16],
    [58, 60, 109, 254, 406, 31],
    [19, 46, 75, 210, 331, 27],
    [49, 58, 134, 285, 617, 39],
    [20, 57, 90, 267, 304, 27],
    [15, 51, 99, 314, 236, 31],
    [37, 68, 117, 427, 462, 39],
    [28, 28, 65, 172, 174, 14],
    [30, 27, 66, 257, 251, 20],
    [2, 3, 6, 3, 42, 2],
    [10, 8, 10, 16, 71, 3],
    [46, 81, 173, 370, 867, 58],
    [16, 26, 39, 163, 132, 25],
    [26, 28, 53, 367, 221, 28],
    [64, 59, 144, 414, 518, 44],
    [43, 49, 68, 203, 481, 33],
    [295, 300, 933, 2582, 3970, 307],
    [26, 61, 84, 445, 410, 51],
    [92, 199, 221, 838, 993, 116],
    [8, 39, 19, 64, 186, 15]
  ],
  "W": [
    [40, 41, 83, 518, 51, 26],
    [12, 25, 62, 275, 42, 11],
    [0, 1, 1, 43, 2, 2],
    [4, 5, 1, 85, 4, 1],
    [73, 69, 102, 820, 117, 31],
    [11, 14, 43, 375, 25, 18],
    [23, 10, 18, 326, 16, 5],
    [19, 32, 36, 434, 43, 10],
    [40, 56, 542, 459, 79, 36],
    [20, 17, 76, 205, 48, 11],
    [0, 1, 10, 1, 0, 0],
    [0, 0, 8, 0, 1, 0],
    [3, 6, 26, 58, 9, 3],
    [0, 0, 55, 9, 7, 2],
    [2, 3, 38, 24, 9, 1],
    [1, 2, 28, 13, 6, 3],
    [12, 13, 136, 107, 21, 5],
    [0, 0, 8, 6, 1, 1],
    [0, 2, 22, 10, 3, 0],
    [46, 47, 197, 826, 62, 28],
    [0, 3, 64, 10, 6, 8],
    [30, 53, 294, 445, 164, 35],
    [25, 37, 236, 211, 88, 20],
    [22, 31, 118, 243, 48, 14],
    [4, 15, 98, 104, 50, 15],
    [63, 67, 172, 473, 124, 19],
    [20, 48, 178, 364, 82, 16],
    [55, 80, 199, 699, 120, 29],
    [16, 56, 208, 343, 101, 41],
    [30, 47, 271, 272, 113, 13],
    [31, 51, 340, 556, 130, 42],
    [34, 29, 129, 211, 66, 12],
    [30, 32, 204, 271, 88, 26],
    [2, 0, 2, 48, 6, 0],
    [9, 12, 10, 74, 10, 3],
    [67, 85, 257, 993, 151, 42],
    [17, 24, 134, 153, 58, 15],
    [25, 37, 301, 258, 65, 37],
    [50, 50, 333, 604, 177, 29],
    [53, 45, 134, 544, 88, 13],
    [417, 339, 2147, 4208, 1027, 249],
    [27, 75, 393, 444, 97, 41],
    [75, 160, 724, 1165, 238, 97],
    [7, 44, 47, 207, 15, 11]
  ],
  "method": "mvn_pdf",
  "cond_prob": [
    [
      [0.46132412198, 0.00045066027244, 0.056913253703, 0.052641068528, 0.4177169588, 0.010953936717],
      [0.049028810256, 0.52473504554, 0.059737649736, 0.17331433921, 0.13883900863, 0.054345146621],
      [0.00039108432473, 0.0030851945101, 0.011862753925, 0.90105473745, 0.0006515726251, 0.082954657164],
      [0.057683775658, 0.038514320998, 0.021906655641, 0.026812400179, 0.80465088053, 0.050431966989],
      [0.016737624445, 0.0068787439147, 0.64734528287, 0.23065312034, 0.067281796263, 0.031103432164],
      [0.0090040963467, 0.085767302945, 0.072605491539, 0.37553895326, 0.087693036117, 0.36939111979]
    ],
    [
      [0.39784056367, 0.00056785426139, 0.079158595098, 0.047707557397, 0.46596017519, 0.0087652543849],
      [0.036298646746, 0.58271730808, 0.072217476519, 0.13668512398, 0.13427327099, 0.037808173682],
      [0.00036324788799, 0.0042487162137, 0.018084943397, 0.90372199331, 0.00079099499291, 0.072790104194],
      [0.045104433529, 0.044513867598, 0.027874171181, 0.022253605864, 0.82325821095, 0.036995710882],
      [0.011425122894, 0.0069528587679, 0.73313092651, 0.16849627731, 0.060012033572, 0.019982780948],
      [0.0080225923885, 0.11349445245, 0.10604053367, 0.35834615588, 0.10213905816, 0.31195720744]
    ],
    [
      [0.13380594326, 0.0027336494779, 0.17825772282, 0.10452022825, 0.5718077343, 0.0088747218865],
      [0.0025071776985, 0.86127546926, 0.032393098249, 0.061542416384, 0.034247855486, 0.0080339829192],
      [4.3739764567e-05, 0.0075120316991, 0.014524291959, 0.9500994475, 0.00034343773778, 0.027477051341],
      [0.010741010716, 0.15937597405, 0.042379553653, 0.033848602354, 0.7267556839, 0.026899175327],
      [0.0013541929968, 0.012052163412, 0.81664470234, 0.13688167346, 0.025798029822, 0.0072692379661],
      [0.001228386988, 0.27278983973, 0.11015668723, 0.40501873661, 0.056576074927, 0.15423027451]
    ],
    [
      [0.21613399267, 0.00088789625932, 0.060158443759, 0.093901117206, 0.60925380924, 0.019664740871],
      [0.012028631077, 0.62218091282, 0.033947797057, 0.17026675725, 0.10840206519, 0.05317383661],
      [8.8289477253e-05, 0.0030503867704, 0.0062738284968, 0.91526336853, 0.00046592986692, 0.074858196858],
      [0.018236264454, 0.053055588795, 0.015866199183, 0.032785931282, 0.81656985145, 0.063486164835],
      [0.0055662481247, 0.0099606152156, 0.55766295417, 0.315037675, 0.07086785663, 0.040904650862],
      [0.0022592668895, 0.095213144421, 0.042303555878, 0.38912042315, 0.069920064312, 0.40118354534]
    ],
    [
      [0.35845684202, 0.00045421688862, 0.06470013117, 0.055279837093, 0.51446760413, 0.0066413686986],
      [0.037690692718, 0.51664697029, 0.066698339149, 0.17853654879, 0.16809579793, 0.032331651121],
      [0.00030395027757, 0.0030838668073, 0.013374370763, 0.93266930998, 0.00079714971899, 0.049771352453],
      [0.038948736087, 0.033500869009, 0.021511263601, 0.024313103671, 0.85534723133, 0.026378796307],
      [0.011978092774, 0.0063358887395, 0.66777302207, 0.2208761273, 0.075814427006, 0.017222442107],
      [0.0078374229488, 0.095989433557, 0.091707566132, 0.43710854378, 0.1201494065, 0.24720762709]
    ],
    [
      [0.26441491646, 0.00051925962924, 0.07853454006, 0.063267311341, 0.58317316552, 0.010090806997],
      [0.023947907175, 0.52014691615, 0.070253441574, 0.17787055111, 0.16508499496, 0.042696189037],
      [0.00018753778024, 0.0029756622296, 0.013709946972, 0.91825559267, 0.00076035592317, 0.064110904427],
      [0.025233711273, 0.033894745314, 0.023033541118, 0.024574809741, 0.85779935494, 0.035463837616],
      [0.0072441044388, 0.0059863926, 0.6841054061, 0.21013412952, 0.070873062725, 0.021656904618],
      [0.0045963532794, 0.088174113354, 0.089372981931, 0.40450556839, 0.10894931684, 0.3044016662]
    ],
    [
      [0.27706088904, 0.00058085811471, 0.064301183867, 0.085216094428, 0.56506604258, 0.007774931964],
      [0.02277932712, 0.53197583083, 0.052191475457, 0.21794487113, 0.14525492003, 0.029853575431],
      [0.00014951665621, 0.0025307117289, 0.0085303046315, 0.95077405838, 0.00056029593646, 0.037455112672],
      [0.027114870132, 0.038922882402, 0.019337977426, 0.033910414127, 0.85267751301, 0.028036342907],
      [0.00803262946, 0.0070821989296, 0.59409885311, 0.30052489285, 0.072631946976, 0.017629478668],
      [0.0045216340739, 0.092692310767, 0.06864458465, 0.51506312785, 0.099092581028, 0.21998576163]
    ],
    [
      [0.39986516914, 0.00041485317883, 0.067287954602, 0.05043549344, 0.47713435168, 0.0048621779593],
      [0.044777047579, 0.51198048668, 0.074655098898, 0.17565948424, 0.16746410215, 0.025463780456],
      [0.00036535040554, 0.0030717828974, 0.015185401443, 0.94081426423, 0.00080413727023, 0.039759063752],
      [0.046234422479, 0.032868970086, 0.023995602784, 0.023806799378, 0.85235188659, 0.020742318687],
      [0.013104180662, 0.0057376390976, 0.69839980213, 0.20066987417, 0.069589090015, 0.012499413924],
      [0.0097517905542, 0.099051097453, 0.10779967889, 0.45295671975, 0.12546672894, 0.20497398442]
    ],
    [
      [0.41825161866, 0.000438886894, 0.056240117647, 0.10416123117, 0.41020695922, 0.0107011864],
      [0.038815920148, 0.44473919859, 0.051563571824, 0.29951256645, 0.1189816385, 0.046387104487],
      [0.00018956349332, 0.0016060963742, 0.0062702848197, 0.94819536415, 0.00034185897868, 0.04339683218],
      [0.052116192548, 0.037347274587, 0.021563436616, 0.052830874774, 0.78711775638, 0.049024465095],
      [0.01253267474, 0.0055333746211, 0.52537688612, 0.37687708259, 0.054537015664, 0.025142966266],
      [0.0060364762191, 0.061716828082, 0.053081126011, 0.54967781573, 0.063627016758, 0.2658607372]
    ],
    [
      [0.38509526247, 0.00050820516954, 0.069479400862, 0.05647249879, 0.4761564662, 0.012288166508],
      [0.035946480937, 0.53818290889, 0.064989987911, 0.16602305667, 0.14044088898, 0.05441667662],
      [0.00029356776866, 0.0031797036289, 0.013309370365, 0.89686711016, 0.00067462634138, 0.085675621731],
      [0.042439532328, 0.038780905671, 0.023799199547, 0.025616483843, 0.81887225897, 0.050491619643],
      [0.011625998601, 0.0065499723818, 0.67718482906, 0.21063873028, 0.064441469896, 0.029558999781],
      [0.0066103340422, 0.08666008635, 0.079439820016, 0.36260959037, 0.088855735027, 0.3758244342]
    ],
    [
      [0.2881072972, 0.00063562368457, 0.055821622227, 0.088275034856, 0.55780344342, 0.0093569786146],
      [2.3080444197e-10, 0.99965191803, 1.5384642223e-06, 0.00014083108951, 0.00020171359582, 3.9985922082e-06],
      [3.2491793336e-08, 0.0012010357882, 0.00039007774275, 0.99294922528, 5.6253006117e-05, 0.0054033756958],
      [4.1699749463e-10, 0.0031754892135, 2.7084784513e-05, 0.00043191695929, 0.99630386639, 6.1642240407e-05],
      [0.0058148918421, 0.0062750917053, 0.65092737373, 0.27667338799, 0.043076358224, 0.017232896514],
      [1.4678611544e-06, 0.14706883699, 0.0027497204968, 0.79858422607, 0.019005237919, 0.032590510657]
    ],
    [
      [0.31746679065, 0.00042111875606, 0.045443080129, 0.15028715154, 0.47623521827, 0.010146640657],
      [0.019162971185, 0.47737110664, 0.03184153461, 0.36026863809, 0.078031134098, 0.033324615378],
      [7.2046176766e-26, 1.1636581503e-12, 0.00011084027385, 0.99713190139, 1.5960743609e-09, 0.0027572567405],
      [0.019734411982, 0.020929298079, 0.01027549701, 0.043394832133, 0.8782687936, 0.027397167193],
      [9.4341389288e-127, 8.1476713609e-13, 0.0053019571562, 0.98949908017, 7.8065119393e-53, 0.0051989626728],
      [0.002504751013, 0.038083062217, 0.028996037669, 0.7362192753, 0.034898300257, 0.15929857354]
    ],
    [
      [0.1660092689, 0.00040921214648, 0.052380222903, 0.19435229368, 0.57874085088, 0.0081081514901],
      [0.011552012893, 0.34516284536, 0.037581829029, 0.4504782774, 0.12755572002, 0.027669315302],
      [3.5898781505e-05, 0.00074807062677, 0.0029654071229, 0.97928088675, 0.00023202901101, 0.016737707706],
      [0.015214619446, 0.02628866598, 0.014935771795, 0.073155421865, 0.84243189476, 0.02797362615],
      [0.0034753323065, 0.0037513098465, 0.38386966834, 0.54062268013, 0.054251195135, 0.014029814235],
      [0.0015136006384, 0.038061852563, 0.033006999388, 0.73137994994, 0.057339129802, 0.13869846767]
    ],
    [
      [0.018084452039, 0.00013834872572, 0.52504832539, 0.22397799746, 0.19131531333, 0.041435563052],
      [0.0017017714861, 0.085292902728, 0.31034345352, 0.44779377859, 0.030579574523, 0.12428851915],
      [5.3355121868e-06, 0.00018302438631, 0.021793022722, 0.90600528854, 5.0250749231e-05, 0.071963078091],
      [0.0047393440561, 0.013259847963, 0.20378700235, 0.11966127738, 0.45141618302, 0.20713634523],
      [0.00011861452017, 0.00021787009766, 0.86460961907, 0.11840164995, 0.0027994936122, 0.013852752753],
      [0.0001294219477, 0.0045863875849, 0.15826594848, 0.42878182004, 0.0071907520225, 0.40104566992]
    ],
    [
      [0.35553519493, 0.00052069953535, 0.061272261846, 0.12182507952, 0.456258939, 0.0045878251754],
      [0.02111831994, 0.52621366221, 0.045180376578, 0.29134331391, 0.099963209206, 0.016181118162],
      [9.3062407392e-05, 0.0014044985239, 0.0053522479536, 0.97790953787, 0.00025832381094, 0.014982329429],
      [0.034344255805, 0.041489021177, 0.021277270124, 0.056056364523, 0.82755913452, 0.019273953851],
      [0.006808116313, 0.0052647885205, 0.54070787141, 0.39258262304, 0.045490084445, 0.0091465162727],
      [0.0038080808549, 0.070712532589, 0.057311145738, 0.68917500724, 0.061980317338, 0.11701291624]
    ],
    [
      [0.08667326085, 0.001458910513, 0.15477798939, 0.24188310758, 0.49483002174, 0.020376709923],
      [0.0022581072277, 0.68009992709, 0.040727217107, 0.21256751637, 0.0375729007, 0.026774331507],
      [1.3847337596e-05, 0.0019143786376, 0.0063670797284, 0.95859092711, 0.00012750029114, 0.032986266899],
      [0.00818943862, 0.093337290789, 0.040493744229, 0.085245169772, 0.70589239836, 0.066841958226],
      [0.00088347088521, 0.006326942183, 0.62006766224, 0.33538396745, 0.019813726131, 0.017524231107],
      [0.00048933634595, 0.086219440548, 0.059982312997, 0.58833467415, 0.026591584519, 0.23838265144]
    ],
    [
      [0.419176499, 0.00076343950798, 0.054843066985, 0.06977303318, 0.4436280942, 0.011815867127],
      [0.028970304072, 0.63626200429, 0.039040113021, 0.15678006749, 0.098984371335, 0.039963139784],
      [0.0002520475197, 0.0038930222207, 0.0085903499614, 0.91858291423, 0.00050659486254, 0.068175071209],
      [0.046715795464, 0.060449129877, 0.019402811914, 0.032712799375, 0.79051273384, 0.050206729527],
      [0.013381638675, 0.010720511778, 0.59360905635, 0.28625122924, 0.06483211246, 0.031205451504],
      [0.006323306688, 0.11876548157, 0.057003811823, 0.4117716416, 0.07435932418, 0.33177643414]
    ],
    [
      [3.6000552313e-12, 8.0176525615e-05, 0.46375923323, 0.15708710171, 0.33472919914, 0.044344289394],
      [0.00070807195844, 0.0022914999926, 0.34383287014, 0.43049909328, 0.052270377555, 0.17039808708],
      [1.9071537431e-06, 7.3693463362e-05, 0.015726958356, 0.90779593739, 5.7725552266e-05, 0.076343778086],
      [0.0015054619927, 0.0049778765583, 0.12856836644, 0.06333114742, 0.62784923188, 0.1737679157],
      [1.1907602701e-05, 2.5546589737e-05, 0.9754709873, 0.020129690902, 0.0010147558076, 0.0033471117955],
      [3.6389270923e-05, 0.00078059945292, 0.11025137277, 0.32298003025, 0.0068333204955, 0.55911828776]
    ],
    [
      [0.98722443991, 6.5665695769e-06, 0.0016221690482, 0.0069615768941, 0.0037057554607, 0.00047949211376],
      [0.099022452009, 0.16143195932, 0.041861599471, 0.61453246264, 0.024168268933, 0.058983257635],
      [0.00016626773193, 0.00021348065538, 0.0021714157474, 0.97274890408, 2.7865448529e-05, 0.024672066341],
      [0.31289824898, 0.023302961065, 0.029732013702, 0.16380652547, 0.36522240763, 0.10503784315],
      [0.018988021945, 0.0012132908909, 0.39026915818, 0.56014553461, 0.0073716632646, 0.022012331112],
      [0.0066596239964, 0.0094113304291, 0.023328719929, 0.72054274461, 0.0063116653773, 0.23374591566]
    ],
    [
      [0.40686693434, 0.00068059844985, 0.070887669966, 0.073957345105, 0.44076391388, 0.0068435382608],
      [0.03264280095, 0.59330863604, 0.055842812528, 0.18262119083, 0.1101139163, 0.025470643358],
      [0.00026055505143, 0.0034966739813, 0.011081875788, 0.94579641988, 0.00051693887763, 0.038847536419],
      [0.048473142577, 0.055160692464, 0.025880520785, 0.035723564948, 0.80490694101, 0.029855138213],
      [0.011959659779, 0.0083676795811, 0.64620960825, 0.26055500117, 0.057260419682, 0.015647631541],
      [0.007420254999, 0.12028142745, 0.08396445264, 0.4894500286, 0.086042705079, 0.21284113123]
    ],
    [
      [0.92729246893, 8.5047218571e-05, 0.025281188753, 0.033268821483, 0.012628710382, 0.0014437632341],
      [0.049043341007, 0.41097997019, 0.094393676647, 0.40493343238, 0.014454227199, 0.026195352582],
      [0.00015566698122, 0.00086370158143, 0.0081942658757, 0.97271371838, 2.9860047761e-05, 0.018042787136],
      [0.22585019803, 0.082528762421, 0.10825579036, 0.19044246858, 0.31718644456, 0.075736336052],
      [0.0086018957895, 0.002432833711, 0.67302332265, 0.30369678441, 0.0038668764089, 0.0083782870326],
      [0.0062855085044, 0.042588223799, 0.090147012326, 0.71067109815, 0.0068329039503, 0.14347525328]
    ],
    [
      [0.28879893411, 0.00074613476666, 0.10299191026, 0.1120868366, 0.48483910543, 0.010537078824],
      [0.019372306636, 0.54640568374, 0.068007383642, 0.23200167615, 0.10133042548, 0.032882524341],
      [0.00012197779184, 0.0025345029157, 0.010664029076, 0.9466997698, 0.00037513243781, 0.039604587977],
      [0.030730360976, 0.054084265874, 0.033604616215, 0.048386629292, 0.79209310387, 0.041101023776],
      [0.0058917802747, 0.0063816299203, 0.6521851242, 0.27503008843, 0.043730403011, 0.016780974164],
      [0.0036897518597, 0.0926079155, 0.085746732006, 0.52101128241, 0.066331860378, 0.23061245785]
    ],
    [
      [0.41631095056, 0.00066191183859, 0.12702048414, 0.062543683837, 0.38704937171, 0.0064135979236],
      [0.033042746979, 0.58948905962, 0.10076584553, 0.15571405777, 0.096920726539, 0.02406756357],
      [0.00030174660306, 0.003929254261, 0.023000728586, 0.92993215191, 0.00052076472685, 0.042315353915],
      [0.053441978221, 0.058680394777, 0.050566683205, 0.032978042054, 0.77376520455, 0.03056769719],
      [0.0081425349766, 0.0055176518219, 0.79250603923, 0.14996352061, 0.033899295602, 0.0099709577592],
      [0.0076988553981, 0.12128419783, 0.15597091189, 0.429683935, 0.077678867356, 0.20768323252]
    ],
    [
      [0.39030958922, 0.00054285078855, 0.10913490284, 0.070425761891, 0.42422502154, 0.0053618737299],
      [0.03438571007, 0.53507122135, 0.09594149862, 0.19456647258, 0.11774839878, 0.022286698602],
      [0.00025469476713, 0.002896247831, 0.017745650092, 0.94684590831, 0.00051317109929, 0.031744327897],
      [0.047677306269, 0.045720821822, 0.041264393226, 0.035277213375, 0.80577013163, 0.024290133679],
      [0.0083860471292, 0.0049614418644, 0.75139405582, 0.18537100811, 0.040759796864, 0.0091276502089],
      [0.007341411394, 0.10094072535, 0.13608288564, 0.49293824995, 0.086477370616, 0.17621935705]
    ],
    [
      [0.32399668197, 0.00057516948297, 0.11899829509, 0.062033294586, 0.48471238803, 0.0096841708434],
      [0.026144071016, 0.54868958751, 0.098843521487, 0.1621745363, 0.12602445766, 0.038123826034],
      [0.00022031165116, 0.00331170355, 0.02103972038, 0.91222525737, 0.0006253884284, 0.062577618624],
      [0.034138787456, 0.042922465654, 0.03972567168, 0.027461731402, 0.81691162719, 0.038839716619],
      [0.0062878856039, 0.0049059643394, 0.77646283571, 0.15381352487, 0.043044862479, 0.015484926998],
      [0.0052544203757, 0.095690920473, 0.13292305676, 0.389791242, 0.087253485097, 0.2890868753]
    ],
    [
      [0.43842812056, 0.00053255837009, 0.08081900873, 0.091248001382, 0.38169459379, 0.0072777171661],
      [0.038477545104, 0.50987454973, 0.069902022616, 0.24747700224, 0.10452901708, 0.029739863233],
      [0.00022847645494, 0.0022352791421, 0.010331342874, 0.95308939489, 0.0003650512111, 0.033750455427],
      [0.058031331227, 0.048065537974, 0.032847044419, 0.049063849537, 0.77662645278, 0.035365784065],
      [0.011231168503, 0.0057264733233, 0.64376194592, 0.2814207336, 0.043302689014, 0.014556989641],
      [0.0072208105928, 0.085296393726, 0.086820125445, 0.5477112974, 0.067437713129, 0.20551365971]
    ],
    [
      [0.30185352105, 0.00062263686677, 0.08279284656, 0.067342465437, 0.53936503076, 0.008023499327],
      [0.024918155181, 0.56521288782, 0.067535782956, 0.17230624794, 0.13909819457, 0.030928731533],
      [0.00020676021746, 0.0034471997059, 0.013978960687, 0.93247652798, 0.00067879623916, 0.049211755168],
      [0.030607942709, 0.043149401424, 0.025818340379, 0.027794451003, 0.84270129806, 0.029928566421],
      [0.0080013550256, 0.0069487319898, 0.688992719, 0.21599473333, 0.063390706488, 0.016671754168],
      [0.0053795288155, 0.10835759183, 0.096632426239, 0.43955114985, 0.10325299118, 0.24682631209]
    ],
    [
      [0.33045707986, 0.00040465704713, 0.1129021106, 0.088136739117, 0.46083021654, 0.0072691968249],
      [0.032102928042, 0.42500883458, 0.10762488373, 0.26335181817, 0.13918197472, 0.032729560754],
      [0.00017854273448, 0.0017522919582, 0.014876533754, 0.94797952276, 0.00045524387668, 0.034757864915],
      [0.038294443735, 0.031842029636, 0.040029336473, 0.04134813981, 0.81767995086, 0.030806099485],
      [0.0068042658816, 0.0034813462536, 0.71905817633, 0.21715711541, 0.041870959267, 0.011628136861],
      [0.0054349383674, 0.064353218911, 0.12049662831, 0.52509408265, 0.080998325792, 0.20362280597]
    ],
    [
      [0.3280802102, 0.00072363287052, 0.08870282084, 0.082575279197, 0.49308771949, 0.0068303374062],
      [0.024126677024, 0.58568532955, 0.064594860566, 0.18858431116, 0.11350295746, 0.023505864238],
      [0.00018657675992, 0.0033340104426, 0.01245724689, 0.94866463091, 0.00051633425008, 0.034841200742],
      [0.035288209014, 0.05328767886, 0.029397418712, 0.036216215238, 0.81874641764, 0.027064060535],
      [0.0079627710858, 0.0074120923606, 0.67555041021, 0.24286983383, 0.053176299377, 0.013028593133],
      [0.0054128789079, 0.11685085356, 0.096051417086, 0.49972360206, 0.087564009024, 0.19439723936]
    ],
    [
      [0.25775435331, 0.001053350974, 0.12207968153, 0.11391565346, 0.49325967176, 0.011937288957],
      [0.013766827527, 0.6214901426, 0.064359180906, 0.18843096514, 0.082185297594, 0.029767586235],
      [0.00010555334166, 0.0034818968086, 0.012304497491, 0.93997274519, 0.00037027970984, 0.043765027454],
      [0.026183914855, 0.073091600069, 0.038057275324, 0.047004878825, 0.77112452993, 0.044537800994],
      [0.0046216521499, 0.0079431841859, 0.68467048123, 0.24686041041, 0.039128513715, 0.016775758306],
      [0.0029940691656, 0.11947033003, 0.092751422504, 0.48411007956, 0.061410562972, 0.23926353577]
    ],
    [
      [0.35437769713, 0.00076356750339, 0.095045301, 0.10650092058, 0.43567769271, 0.0076348210717],
      [0.024234635672, 0.56975424657, 0.064000103536, 0.22478935168, 0.092928652685, 0.024293009851],
      [0.00015900986647, 0.0027566279906, 0.010453720367, 0.95578332018, 0.00035859723382, 0.030488724359],
      [0.041345107027, 0.060722668856, 0.034029620589, 0.05045050596, 0.78078403618, 0.032668061392],
      [0.0077834410159, 0.0070341779887, 0.64838453696, 0.28134461308, 0.042359886754, 0.013093344202],
      [0.0050290758957, 0.10531836385, 0.087917254485, 0.55009943169, 0.066287608007, 0.18534826607]
    ],
    [
      [0.41849177021, 0.00057973896733, 0.11623606763, 0.11168842613, 0.34622460112, 0.0067793959423],
      [0.032215630698, 0.5001133465, 0.089288816433, 0.26976912003, 0.083972895564, 0.024640190779],
      [0.00017505758528, 0.0019813000293, 0.012111309402, 0.95976192705, 0.00026838407871, 0.025702021851],
      [0.057570828623, 0.054998957587, 0.049462463486, 0.062934687214, 0.74045179224, 0.034581270846],
      [0.0078266058234, 0.0046106220245, 0.69260773926, 0.2559611206, 0.028945454209, 0.010048458082],
      [0.0058926247703, 0.080657063993, 0.10844198511, 0.58536248696, 0.052812168622, 0.16683367055]
    ],
    [
      [0.43053277125, 0.00039246540464, 0.05695646077, 0.074474161965, 0.43218611681, 0.0054580237977],
      [0.046313380722, 0.46836079407, 0.061035901589, 0.25047555349, 0.14617037023, 0.027643999897],
      [0.00027112801028, 0.0020141362217, 0.0089285194829, 0.95719890318, 0.00050351683798, 0.031083796265],
      [0.053228194931, 0.033367707099, 0.021796846703, 0.037705862226, 0.82893116078, 0.024970228261],
      [0.014318870541, 0.0055380086587, 0.59898951036, 0.30263326686, 0.064155129578, 0.014365213999],
      [0.0086445257024, 0.077573206931, 0.075609233307, 0.55360197056, 0.093853037394, 0.1907180261]
    ],
    [
      [0.28834674225, 0.00081298763337, 0.075373232552, 0.037346725686, 0.590237323, 0.0078829888745],
      [0.015440688381, 0.74488870831, 0.043078546598, 0.066503714776, 0.10825355805, 0.021834783888],
      [0.00023637207418, 0.0059022023394, 0.018085435759, 0.90896468707, 0.00096379421256, 0.065847508547],
      [0.024636817771, 0.053437423123, 0.021261540663, 0.014080951142, 0.85912074213, 0.027462525175],
      [0.0066669444735, 0.008669064937, 0.77707955005, 0.12629255709, 0.065455011894, 0.015836871551],
      [0.0051693925391, 0.16653412608, 0.10104946407, 0.2908459429, 0.12403512478, 0.31236594962]
    ],
    [
      [0.50345444629, 0.00027644180191, 0.045336531275, 0.034783952299, 0.41245353955, 0.0036950887849],
      [0.070247601688, 0.48041447664, 0.067655664807, 0.16481174498, 0.19086299475, 0.026007517134],
      [0.00056887117475, 0.0027681177168, 0.013902452498, 0.94070504056, 0.00091211093693, 0.041143407113],
      [0.063193501692, 0.025305133046, 0.018581754617, 0.018915392838, 0.85576647816, 0.018237739648],
      [0.020688462696, 0.0051838978106, 0.68926560348, 0.19210998226, 0.07987129325, 0.012880760504],
      [0.015231033446, 0.089595247393, 0.098697114264, 0.43515786641, 0.14306125318, 0.21825748531]
    ],
    [
      [0.26354207107, 0.00051971423987, 0.12709906793, 0.10100206582, 0.49907531973, 0.0087617612144],
      [0.021690240743, 0.46058001962, 0.10230850201, 0.25471803435, 0.12738969565, 0.033313507623],
      [0.00012476435064, 0.0019646621711, 0.014616658808, 0.94630336394, 0.00043084892338, 0.036559701812],
      [0.028183968683, 0.037644951919, 0.041489099318, 0.043620953393, 0.81488608618, 0.034174940508],
      [0.0048377557922, 0.0039728749897, 0.71749275484, 0.22092188881, 0.040322335286, 0.012452390282],
      [0.0037611516117, 0.071465924207, 0.1172487626, 0.51963513959, 0.075913980972, 0.21197504101]
    ],
    [
      [0.41104769041, 0.00075782726024, 0.058116552568, 0.089882571988, 0.42574444501, 0.014450912769],
      [0.028137274362, 0.59586440183, 0.040226313529, 0.19567293408, 0.092701051467, 0.047398024739],
      [0.00020155530479, 0.0030814125708, 0.0072337969276, 0.92353241434, 0.00039066535489, 0.065560155506],
      [0.047086405275, 0.060569978019, 0.02084131218, 0.042661023903, 0.76671956677, 0.062121713854],
      [0.012134559795, 0.00964715108, 0.55585405294, 0.33123548065, 0.056728696259, 0.034400059275],
      [0.0053703254164, 0.099432088111, 0.051072623934, 0.44417503137, 0.060873616996, 0.33907631417]
    ],
    [
      [0.40552172153, 0.00042199717504, 0.072073638335, 0.1232462044, 0.39054726349, 0.0081891750661],
      [0.035968278223, 0.41451921002, 0.063760498699, 0.34246074618, 0.10901776048, 0.034273506403],
      [0.0001553072619, 0.0013190402675, 0.0068678871869, 0.96296637233, 0.00027704276082, 0.028414350189],
      [0.052048188555, 0.037269399111, 0.028639398595, 0.06480537365, 0.77831868313, 0.038918956962],
      [0.0099237911365, 0.0043884285075, 0.55830781835, 0.3687831983, 0.042707954784, 0.015888808922],
      [0.0055140796928, 0.056518860207, 0.064830382966, 0.62152305833, 0.057492056889, 0.19412156191]
    ],
    [
      [0.47179246015, 0.00049386287448, 0.066682444095, 0.070181193427, 0.38432321931, 0.0065268201493],
      [0.046331826398, 0.52872967616, 0.064526218764, 0.21277186023, 0.11780677338, 0.029833645068],
      [0.00031805248309, 0.0026797876617, 0.01103194615, 0.94632206479, 0.00047572106691, 0.039172427844],
      [0.063364573731, 0.045233239968, 0.027517311794, 0.03831045646, 0.7933974301, 0.032176987948],
      [0.014728026496, 0.0064690536077, 0.64609722932, 0.26363195003, 0.053157956742, 0.015915783809],
      [0.0093486890068, 0.095128170982, 0.086190737083, 0.50612758899, 0.081728241902, 0.22147657204]
    ],
    [
      [0.3543340296, 0.00056796208199, 0.062098331818, 0.096560219521, 0.47729965918, 0.0091397978042],
      [0.029410565343, 0.51396376478, 0.050694920155, 0.24726682843, 0.12341019621, 0.03525372508],
      [0.00017387568643, 0.0022392738117, 0.0074609917477, 0.94987437985, 0.00042900039139, 0.039822478509],
      [0.039448818537, 0.043053543851, 0.021198142641, 0.043598222345, 0.81539735453, 0.0373039181],
      [0.010325350831, 0.0069315073861, 0.56208430989, 0.33842902988, 0.061479271649, 0.020750530368],
      [0.0053829601505, 0.083727131716, 0.061391235843, 0.53401444191, 0.077639466217, 0.23784476417]
    ],
    [
      [0.31682164412, 0.0004111915076, 0.081430745768, 0.067984957266, 0.52601367982, 0.0073377815226],
      [0.03321217609, 0.46028696358, 0.083196956068, 0.21731553465, 0.17059214415, 0.035396225461],
      [0.00022303009526, 0.0023017297755, 0.013864279561, 0.93764435159, 0.00067359581242, 0.045293013163],
      [0.033744102242, 0.029569961293, 0.026429399458, 0.029180632793, 0.8526580504, 0.028417853811],
      [0.0087501678899, 0.0047118129643, 0.68468781547, 0.22243221499, 0.063789141691, 0.015628846989],
      [0.0061191745293, 0.076172958545, 0.10120237949, 0.4699181584, 0.10800586816, 0.23858146088]
    ],
    [
      [0.31296567568, 0.00053552972373, 0.069212028737, 0.076039626318, 0.53215261921, 0.009094520334],
      [0.027786130057, 0.51815016671, 0.060567296806, 0.2085910394, 0.14729446248, 0.037610904556],
      [0.00019229655511, 0.0026514300434, 0.01043839794, 0.93626332427, 0.0005995686973, 0.049854982491],
      [0.032224661843, 0.037580243995, 0.021883461141, 0.031809941989, 0.84214160065, 0.034360090381],
      [0.0091219586981, 0.0065538449808, 0.62808611706, 0.26687439713, 0.06863876829, 0.020724913842],
      [0.0052994147071, 0.088189733747, 0.076467501109, 0.46915596826, 0.096587766426, 0.26429961575]
    ],
    [
      [0.39960129437, 0.00089212900323, 0.075818031999, 0.06963333307, 0.44526225678, 0.0087929547849],
      [0.027223026013, 0.65493671126, 0.050566091694, 0.14538782954, 0.094187859226, 0.027698482265],
      [0.0002699379618, 0.0048179551607, 0.012458664093, 0.929477327, 0.00054924471233, 0.052426871074],
      [0.046231738099, 0.069985104169, 0.026821683266, 0.032584084466, 0.78723941933, 0.037137970673],
      [0.011417807948, 0.01062833056, 0.66521526207, 0.23718834478, 0.0560701307, 0.019480123943],
      [0.006811666869, 0.14673675143, 0.083616015838, 0.42766739459, 0.081001315408, 0.25416685587]
    ],
    [
      [0.27540609219, 0.00076485229615, 0.075281526529, 0.068490746344, 0.57037802179, 0.0096787608514],
      [0.019656972325, 0.61234377435, 0.053634261611, 0.15367723595, 0.1280588403, 0.032628915464],
      [0.00017881877873, 0.0040734289691, 0.012162406059, 0.92580504, 0.00068532092757, 0.057094985267],
      [0.026106492349, 0.04999952845, 0.022092029878, 0.026636747188, 0.84107997006, 0.034085232073],
      [0.0074879813781, 0.0088665668479, 0.6648636587, 0.22867521856, 0.069257998803, 0.020848575718],
      [0.0044670539871, 0.12288311032, 0.080837958672, 0.41455792852, 0.10012674387, 0.27712720463]
    ]
  ],
  "expected_outcome": [
    [
      [18.4529648794, 4.774086764, 0, 0.86453597066, 26.1673494676, 2.908564081, 6.372400448, 7.5974382137, 16.7300647465, 7.7019052493, 0, 0, 0.49802780669, 0, 0.71107038986, 0.08667326085, 5.030117988, 0, 0, 18.7158789795, 0, 8.6639680234, 10.4077737639, 8.5868109628, 1.2959867279, 27.6209715953, 6.037070421, 18.1751393924, 5.2492833632, 7.7326305994, 10.985708611, 14.2287201873, 12.9159831375, 0.57669348451, 4.5310900166, 17.6573187618, 6.9878107369, 10.1380430382, 23.5896230074, 18.7797035688, 132.1146255974, 8.4500732433, 29.9700970775, 1.9278426453],
      [0.018026410898, 0.0068142511367, 0, 0.0035515850373, 0.033157832869, 0.0057118559216, 0.013359736638, 0.0078822103978, 0.01755547576, 0.010164103391, 0, 0, 0.0012276364394, 0, 0.0010413990707, 0.001458910513, 0.0091612740957, 0, 0, 0.031307528693, 0, 0.022384043, 0.016547795965, 0.011942717348, 0.0023006779319, 0.033551177316, 0.012452737335, 0.022256137592, 0.011578125928, 0.031600529219, 0.023670592605, 0.019711124889, 0.011773962139, 0.0016259752667, 0.0024879762172, 0.034820854071, 0.012883063424, 0.010549929376, 0.024693143724, 0.030101990345, 0.17146685867, 0.014459302541, 0.066909675242, 0.0053539660731],
      [2.2765301481, 0.94990314118, 0, 0.24063377504, 4.7231095754, 0.86387994066, 1.4789272289, 1.2784711374, 2.2496047059, 1.3895880172, 0, 0, 0.15714066871, 0, 0.12254452369, 0.15477798939, 0.65811680382, 0, 0, 3.2608328184, 0, 3.0897573079, 3.1755121034, 2.4009678624, 0.47599318036, 5.09159755, 1.6558569312, 6.2096160833, 1.4192451334, 3.662390446, 2.946404331, 3.9520262994, 1.7086938231, 0.1507464651, 0.40802878148, 8.5156375513, 0.98798139366, 1.8018409584, 3.3341222047, 3.2912115864, 33.9566209851, 1.8687247759, 5.6863523999, 0.5269706857],
      [2.1056427411, 0.57249068876, 0, 0.37560446882, 4.0354281078, 0.69594042475, 1.9599701718, 0.95827437537, 4.1664492469, 1.1294499758, 0, 0, 0.58305688105, 0, 0.24365015903, 0.24188310758, 0.83727639816, 0, 0, 3.4020378749, 0, 3.362605098, 1.5635920959, 1.5493667616, 0.24813317835, 5.748624087, 1.3468493087, 4.8475206514, 1.3212044672, 3.4174696038, 3.3015285381, 3.7974064883, 2.2342248589, 0.074693451372, 0.3130555707, 6.7671384097, 1.5280037238, 3.0811551101, 3.5090596713, 5.1176916346, 28.34972718, 2.0530699106, 5.2224999803, 0.47943522441],
      [16.7086783518, 5.5915221023, 0, 2.437015237, 37.5561351014, 6.4149048207, 12.9965189794, 9.0655526818, 16.408278369, 9.5231293241, 0, 0, 1.7362225526, 0, 0.912517878, 0.49483002174, 5.3235371304, 0, 0, 20.2751400385, 0, 14.5451731629, 9.6762342927, 9.3329504738, 1.9388495521, 24.0467594089, 10.7873006152, 25.3456619099, 7.8894035118, 14.7977901529, 13.5060084741, 11.7716364381, 12.9655835043, 1.180474646, 3.712081856, 33.4380464218, 7.2376555651, 9.7636815873, 19.2161609653, 25.2968819363, 219.3477044839, 14.3681207187, 33.3946692582, 3.9926461525],
      [0.43815746868, 0.10518305262, 0, 0.078658963485, 0.484819915, 0.11099887697, 0.17882343517, 0.092381381226, 0.428047456, 0.24576333015, 0, 0, 0.02432445447, 0, 0.0091756503509, 0.020376709923, 0.14179040553, 0, 0, 0.31480276, 0, 0.31611236471, 0.16033994809, 0.11796122206, 0.038736683373, 0.45849618147, 0.16046998654, 0.39980582537, 0.1092853985, 0.35811866871, 0.23667945322, 0.23049946204, 0.16374071393, 0.015765977749, 0.033255799064, 0.58703800137, 0.24566551707, 0.20472937665, 0.32634100746, 0.48440928362, 3.0598548949, 0.24555204902, 0.65947160887, 0.067751325959]
    ],
    [
      [2.0101812205, 0.90746616866, 0.0025071776985, 0.060143155384, 2.6006577976, 0.33527070045, 0.2277932712, 1.4328655225, 2.1736915283, 0.61109017593, 2.3080444197e-10, 0, 0.069312077357, 0, 0.06335495982, 0.0045162144554, 0.37661395294, 0, 0.19804490402, 1.5342116446, 0.14713002302, 1.0267322517, 1.2225816382, 1.0659570122, 0.39216106524, 2.577995522, 1.1960714487, 2.5682342434, 1.3510939134, 0.64704089375, 1.2359664193, 0.93425329023, 1.4820281831, 0, 0.84297122025, 1.8436704632, 0.67529458469, 1.3308262942, 2.3165913199, 1.3234754404, 11.2589276945, 2.0839597543, 4.3556841621, 0.86490678231],
      [21.5141368673, 14.5679327021, 0.86127546926, 3.1109045641, 35.6486409503, 7.2820568261, 5.3197583083, 16.3833755739, 24.9053951208, 9.1491094511, 0.99965191803, 0, 2.0709770721, 0, 1.5786409866, 1.3601998542, 8.2714060558, 0, 0.32286391863, 27.8855058937, 1.2329399106, 28.9595012383, 21.8110952058, 16.5872078619, 8.2303438126, 34.1615948317, 27.1302186153, 34.0007067667, 32.7983784547, 29.2100367023, 29.0574665752, 14.5032870484, 14.9875454102, 0, 5.7649737197, 39.1493016679, 14.3007456439, 15.3372107707, 26.436483808, 23.1283694151, 156.0372806542, 38.8612625029, 104.7898738024, 26.9431260712],
      [2.4492436392, 1.805436913, 0.032393098249, 0.16973898528, 4.6021854013, 0.98354818203, 0.52191475457, 2.3889631647, 2.8875600222, 1.1048297945, 1.5384642223e-06, 0, 0.22549097418, 0, 0.13554112974, 0.081454434214, 0.50752146928, 0, 0.083723198942, 2.6246121888, 0.28318102994, 3.604391333, 3.7283362845, 2.9741864572, 1.4826528223, 4.6834355152, 3.2417175819, 8.6099906987, 3.6173121917, 3.0248815026, 3.2640052803, 2.5893756766, 1.9531488509, 0, 0.81186797768, 8.696222671, 0.9654315247, 2.3591384519, 3.2263109382, 2.281271407, 28.2037681071, 4.5425472605, 8.090574671, 2.3599075109],
      [7.1058879077, 3.4171280995, 0.061542416384, 0.85133378625, 12.3190218662, 2.4901877155, 2.1794487113, 5.6211034955, 16.7727037213, 2.8223919633, 0.00014083108951, 0, 2.7028696644, 0, 0.87402994172, 0.42513503273, 2.0381408774, 0, 1.2290649253, 8.5831959689, 1.2148002971, 12.2960888362, 5.7614201374, 6.0315606499, 2.4326180445, 16.5809591502, 8.270699901, 21.0681454532, 10.560721425, 8.8562553614, 11.4642569359, 7.8233044808, 8.0152177118, 0, 1.9777409398, 21.6510329199, 4.6961504178, 12.6710476085, 10.6385930115, 11.1270072794, 73.6699662464, 15.6443279549, 23.262052726, 6.7617983819],
      [5.6923993539, 3.3568317748, 0.034247855486, 0.54201032593, 11.5986100572, 2.3111899294, 1.4525492003, 5.3588512687, 6.6629717562, 2.3874951126, 0.00020171359582, 0, 0.76533432011, 0, 0.29988962762, 0.075145801401, 1.2867968273, 0, 0.048336537866, 5.1753540661, 0.043362681598, 5.3705125506, 3.586066882, 3.6502003621, 1.8903668649, 7.0034441442, 6.6767133395, 11.1345579777, 6.3561656179, 3.8627089869, 4.7393612869, 2.4352139714, 4.6774518474, 0, 2.290355937, 10.8281241301, 2.2248252352, 4.0336571378, 5.890338669, 5.5534588295, 57.8307368667, 11.0470846858, 15.0700574761, 5.6345889733],
      [2.2281510115, 0.94520434205, 0.0080339829192, 0.26586918305, 2.2308839274, 0.59774664652, 0.29853575431, 0.81484097461, 2.5976778512, 0.92508350254, 3.9985922082e-06, 0, 0.16601589181, 0, 0.048543354485, 0.053548663015, 0.51952081719, 0, 0.11796651527, 1.1971202378, 0.078586057747, 1.7427737901, 0.89049985211, 0.69088765665, 0.57185739051, 1.9925708366, 1.4845791136, 2.6183648603, 1.3163283973, 1.3990765531, 1.2389435024, 0.71456553258, 0.8846079967, 0, 0.31209020561, 2.831648148, 1.1375525937, 1.2681197369, 1.4916822534, 1.5864176286, 11.9993204311, 2.8208178417, 4.4317571625, 1.4356722804]
    ],
    [
      [0.032459998953, 0.022521369055, 4.3739764567e-05, 8.8289477253e-05, 0.031002928313, 0.0080641245504, 0.0026912998119, 0.013152614599, 0.10274341338, 0.022311150418, 3.2491793336e-07, 5.7636941413e-25, 0.00093336831914, 0.00029345317027, 0.0035363714809, 0.00038772545269, 0.03427846268, 1.5257229945e-05, 0.0036578901024, 0.051329345131, 0.0099626867984, 0.0358614708, 0.071212198323, 0.030053982522, 0.021590541814, 0.03929795025, 0.036803318708, 0.035530004162, 0.038807966064, 0.028604955589, 0.054063354601, 0.022582428501, 0.055310114098, 0.00047274414837, 0.0056887117475, 0.032064438114, 0.027008410842, 0.046747485833, 0.10591147687, 0.023299341981, 0.47884561452, 0.075572546158, 0.19543508434, 0.0084044826003],
      [0.25607114434, 0.26342040525, 0.0075120316991, 0.0030503867704, 0.31455441434, 0.12795347587, 0.04555281112, 0.11058418431, 0.8705042348, 0.2416574758, 0.012010357882, 9.3092652022e-12, 0.019449836296, 0.010066341247, 0.053370943907, 0.053602601853, 0.52945102202, 0.0005895477069, 0.0046965744184, 0.68884477432, 0.055276901212, 0.7451438572, 0.9273040056, 0.34175724406, 0.3245469479, 0.38446801244, 0.61360154765, 0.34870609968, 0.69347417206, 0.94359403512, 0.93725351681, 0.25558770377, 0.41088378922, 0.011804404679, 0.027681177168, 0.50491817797, 0.41290928449, 0.39703112051, 0.89236929133, 0.30006269077, 4.9418138281, 1.0420120071, 3.4881995364, 0.19145116155],
      [0.98460857581, 1.1212664906, 0.014524291959, 0.0062738284968, 1.3641858178, 0.5895277198, 0.15354548337, 0.54667445195, 3.3984943723, 1.0115121477, 0.0039007774275, 0.00088672219079, 0.077100585196, 1.1986162497, 0.20338542224, 0.17827823239, 1.1682875947, 0.12581566685, 0.047771146444, 2.1831295303, 0.52443301605, 3.1352245484, 5.4281719463, 2.0939867108, 2.0618925972, 1.7769909743, 2.4882550022, 2.960430217, 2.5911073531, 3.33451882, 3.5542649249, 1.5623589129, 1.8214179745, 0.036170871517, 0.13902452498, 3.7564813136, 0.96932878829, 2.0672340433, 3.673638068, 0.99977289419, 29.766608218, 4.1022903902, 9.0200728036, 0.57163308476],
