{
  "X": [
    [2, 3, 3, 4, 11, 25, 1],
    [37, 87, 98, 119, 482, 571, 47],
    [37, 64, 72, 77, 364, 376, 51],
    [2, 5, 2, 5, 19, 22, 4],
    [36, 48, 53, 108, 231, 610, 22],
    [27, 41, 39, 92, 205, 495, 16],
    [33, 33, 53, 95, 242, 616, 33],
    [47, 166, 56, 113, 462, 419, 56],
    [42, 112, 54, 117, 443, 445, 47],
    [43, 81, 44, 100, 348, 286, 49],
    [107, 63, 119, 143, 516, 646, 69],
    [1, 1, 1, 7, 15, 15, 1],
    [2, 2, 4, 2, 5, 8, 1],
    [1, 3, 1, 9, 24, 29, 3],
    [47, 52, 91, 118, 395, 601, 44],
    [15, 18, 33, 32, 138, 286, 22],
    [24, 40, 24, 60, 153, 252, 21],
    [64, 41, 96, 117, 337, 722, 32],
    [36, 16, 14, 50, 111, 232, 8],
    [57, 37, 46, 108, 222, 518, 34],
    [30, 28, 51, 63, 230, 308, 32],
    [68, 57, 132, 187, 556, 814, 60],
    [73, 63, 138, 133, 487, 770, 55],
    [4, 9, 10, 16, 24, 74, 13],
    [25, 53, 32, 87, 269, 312, 20],
    [0, 3, 1, 3, 19, 26, 2],
    [15, 44, 26, 55, 154, 229, 24],
    [49, 29, 58, 60, 292, 321, 41],
    [95, 80, 145, 155, 713, 781, 70],
    [35, 64, 77, 99, 317, 605, 40],
    [23, 25, 36, 34, 161, 210, 26],
    [26, 34, 34, 60, 236, 382, 34],
    [15, 21, 30, 78, 115, 398, 14],
    [15, 18, 35, 49, 166, 222, 18],
    [8, 7, 41, 8, 119, 122, 35],
    [60, 68, 77, 144, 419, 920, 42],
    [8, 21, 31, 17, 99, 119, 18],
    [113, 348, 137, 258, 740, 1098, 129],
    [7, 28, 19, 36, 131, 183, 14]
  ],
  "W": [
    [8, 3, 8, 14, 9, 3, 4],
    [184, 108, 520, 325, 178, 66, 60],
    [119, 86, 365, 232, 117, 66, 56],
    [8, 3, 21, 13, 4, 3, 7],
    [229, 53, 254, 370, 96, 79, 27],
    [170, 50, 223, 311, 80, 62, 19],
    [198, 41, 251, 387, 106, 85, 37],
    [151, 162, 500, 265, 108, 63, 70],
    [175, 150, 452, 268, 88, 76, 51],
    [121, 110, 368, 165, 64, 78, 45],
    [199, 77, 544, 432, 184, 162, 65],
    [3, 3, 14, 16, 0, 0, 5],
    [4, 4, 3, 6, 4, 0, 3],
    [8, 2, 23, 16, 11, 4, 6],
    [199, 68, 448, 339, 162, 82, 50],
    [84, 28, 156, 163, 55, 30, 28],
    [93, 55, 174, 146, 53, 31, 22],
    [197, 53, 380, 415, 170, 149, 45],
    [67, 26, 129, 149, 33, 50, 13],
    [157, 48, 227, 336, 117, 95, 42],
    [89, 32, 226, 214, 81, 66, 34],
    [313, 63, 576, 555, 194, 124, 49],
    [242, 77, 496, 489, 236, 124, 55],
    [25, 11, 29, 50, 14, 12, 9],
    [124, 64, 257, 197, 68, 61, 27],
    [10, 5, 14, 19, 1, 3, 2],
    [83, 52, 176, 143, 43, 39, 11],
    [88, 50, 318, 195, 76, 78, 45],
    [206, 78, 767, 522, 219, 165, 82],
    [183, 79, 355, 383, 139, 66, 32],
    [56, 29, 172, 149, 58, 30, 21],
    [128, 47, 257, 224, 72, 51, 27],
    [136, 24, 125, 237, 73, 45, 31],
    [65, 19, 186, 150, 48, 35, 20],
    [13, 6, 135, 92, 67, 13, 14],
    [315, 83, 478, 517, 182, 116, 39],
    [29, 17, 108, 82, 47, 18, 12],
    [325, 295, 900, 769, 231, 165, 138],
    [75, 48, 137, 113, 24, 7, 14]
  ],
  "method": "mult",
  "cond_prob": [
    [
      [0, 2.3171223531e-06, 0.0012267108234, 0.26780671265, 0.016743645603, 0.7142206138, 0],
      [0.0082257225106, 0.69210255666, 0.001301454992, 0.099254293408, 0.16815942446, 0.024763459042, 0.006193088921],
      [0.02571437277, 0.072026119699, 0.019831180418, 0.022161149454, 0.78415405953, 0.054050152529, 0.022062965596],
      [0, 0.0049538674276, 0, 0.012968611079, 0.022606293176, 0.95947122832, 0],
      [0, 0.026157757365, 0.29776917255, 0.026436441471, 0.1937374653, 0.45589916331, 0],
      [0.44716774482, 8.9062793486e-06, 0.016597930865, 0.15034255121, 0.13002267816, 0.25330797141, 0.0025522172574],
      [0.10702615396, 0.01066603908, 0.02447903988, 0.12799451025, 0.40953668971, 0.12098247794, 0.19931508917]
    ],
    [
      [0.00032985564699, 1.6203142777e-06, 0.0017674941861, 0.29599079945, 0.015548517171, 0.68527968544, 0.0010820277968],
      [0.0086031518712, 0.54334693647, 0.0027861808139, 0.16794194536, 0.22752246567, 0.036302238101, 0.013497081711],
      [0.018438117768, 0.050852550156, 0.033983213292, 0.027723619342, 0.75157621386, 0.060286210648, 0.057140074929],
      [0.0025392638213, 0.0036110446087, 0.020637815226, 0.014331862755, 0.0078549960149, 0.95072916204, 0.00029585552982],
      [0.0044236277966, 0.001426775628, 0.3874780845, 0.026993498041, 0.16532055582, 0.41310809681, 0.0012493614004],
      [0.31008952181, 7.6142427749e-06, 0.02907264464, 0.2078023393, 0.14589625273, 0.30252932875, 0.0046022985217],
      [0.07239616651, 0.0074474757054, 0.035090318228, 0.14676713841, 0.36896550029, 0.11919853388, 0.25013486697]
    ],
    [
      [0.00040493497634, 1.6911498782e-06, 0.0020680591383, 0.2820244119, 0.017710439272, 0.6961473932, 0.0016430703637],
      [0.0099780086023, 0.53676509726, 0.0030798434627, 0.15111200465, 0.24487772607, 0.034822997584, 0.019364322369],
      [0.020968444836, 0.045091766724, 0.037164133332, 0.016780575747, 0.79190268828, 0.0041161947631, 0.083976196322],
      [0.0030558959153, 0.0036947686117, 0.023674169852, 0.013375279556, 0.0087710064206, 0.94698846562, 0.00044041402518],
      [0.0049519980042, 0.0013579219321, 0.41419519907, 0.023433887023, 0.17173354549, 0.38259747147, 0.0017299770073],
      [0.34849977192, 7.2679208361e-06, 0.031113110418, 0.18101807895, 0.1519945728, 0.28097571176, 0.0063914862322],
      [0.074122947629, 0.0064814762104, 0.034239549536, 0.1165451712, 0.35052057049, 0.10092225296, 0.31716803197]
    ],
    [
      [0.00035228585892, 2.8701526616e-06, 0.0012409631514, 0.29221166846, 0.014611774803, 0.69010862447, 0.0014718131034],
      [0.0057053434034, 0.72628169075, 0.0012101274445, 0.09991445781, 0.13352341845, 0.021967632826, 0.011397329315],
      [0.014586654735, 0.12587876487, 0.0099846221969, 0.029015368605, 0.71720762814, 0.028320086391, 0.075006875059],
      [0.0026773081919, 0.0063155279351, 0.014383312333, 0.01323573424, 0.0072764475527, 0.95571493235, 0.00039673739394],
      [0.0051685378639, 0.0027604184147, 0.34301550267, 0.027661871618, 0.17084217045, 0.44869616091, 0.0018553380725],
      [0.36891191579, 1.2796887398e-05, 0.019537540148, 0.19084570139, 0.13084137585, 0.28390488496, 0.0059457849774],
      [0.073075861166, 0.012070853819, 0.022729593555, 0.12828448606, 0.3215269611, 0.10681612463, 0.33549611966]
    ],
    [
      [0.00036915736767, 1.7914517999e-06, 0.001632378378, 0.2845992065, 0.014563302694, 0.69779281774, 0.0010413458733],
      [0.0092472016286, 0.58047777884, 0.0024713026169, 0.15507271435, 0.20474931825, 0.035503122993, 0.012478561317],
      [0.023067965859, 0.063889585637, 0.030849638034, 0.029343733235, 0.71376206827, 0.084296804814, 0.05479020415],
      [0, 0.0016770026264, 0.016482529868, 0.014154147667, 0, 0.96768631984, 0],
      [0.0051138373488, 0.001629454278, 0.37069954329, 0.026805772879, 0.15999366937, 0.43451572833, 0.0012419945004],
      [0.33954335811, 8.2268878831e-06, 0.026244055417, 0.195247694, 0.13357433862, 0.30105354182, 0.0043287851343],
      [0.083379417472, 0.0084720081671, 0.033349098772, 0.14517270191, 0.35577627642, 0.12487824935, 0.24897224791]
    ],
    [
      [0.0003368598291, 1.6235746067e-06, 0.0013985106741, 0.30360091337, 0.014549779114, 0.67922229056, 0.00089002287099],
      [0.0088606013373, 0.55298950442, 0.0022231072059, 0.17363584315, 0.21481448197, 0.036276771015, 0.011199690894],
      [0.021391664958, 0.05861553494, 0.026996478116, 0.031948553364, 0.72895894782, 0.083971051446, 0.048117769354],
      [0, 0, 0.011138386633, 0.018581462689, 0, 0.97028015068, 0],
      [0.004982646916, 0.0015767833618, 0.33955829653, 0.030510988469, 0.1706879481, 0.45154992428, 0.001133412342],
      [0.31967969396, 7.6753084492e-06, 0.02314765923, 0.21435411281, 0.13738719873, 0.30161494832, 0.0038087116402],
      [0.079505773569, 0.0080192600811, 0.029843493036, 0.16167664216, 0.37131189044, 0.12692526218, 0.22271767854]
    ],
    [
      [0.00031804947363, 1.4527788185e-06, 0.0015232367217, 0.27261050679, 0.015338029723, 0.70876109086, 0.0014476336432],
      [0.0088563177137, 0.52438490564, 0.0025635337586, 0.16510808052, 0.23971664312, 0.040087420418, 0.019283098835],
      [0.014711993893, 0.044325784522, 0.027546958959, 0.026892659904, 0.7407115711, 0.068000417392, 0.077810614232],
      [0, 0, 0.013916436351, 0.0088812029714, 0, 0.97720236068, 0],
      [0.0044561101409, 0.0013364992577, 0.34968386785, 0.025964627609, 0.17042818725, 0.44638443235, 0.0017462755363],
      [0.30570088267, 6.9761610095e-06, 0.025606461785, 0.19554589137, 0.14710202642, 0.3197454351, 0.0062923264964],
      [0.065521189434, 0.006267497526, 0.02838668742, 0.1268365912, 0.34181144073, 0.11570782733, 0.31546876636]
    ],
    [
      [0.00045801795719, 2.5344491045e-06, 0.001544347489, 0.31167620425, 0.016444690342, 0.66853824593, 0.0013359595904],
      [0.0089643645926, 0.6368558418, 0.0018268364191, 0.13269960936, 0.18057921386, 0.026568878847, 0.012505255125],
      [0.02698951763, 0.10707815123, 0.017801666346, 0.030435746063, 0.75018290718, 0, 0.067512011554],
      [0.0036030497082, 0.031336103983, 0.018428523708, 0.015420453348, 0.008489573296, 0.92234901295, 0.0003732830062],
      [0.0064298397502, 0.0023361481446, 0.35500772683, 0.029751847635, 0.18303304196, 0.42182664664, 0.0016147490382],
      [0.38111353147, 1.0540412991e-05, 0.022483630928, 0.19364659028, 0.13656219926, 0.26115458169, 0.0050289259561],
      [0.090349572307, 0.010469424445, 0.027559440394, 0.13889040775, 0.35072630735, 0.10448659395, 0.27751825381]
    ],
    [
      [0.00038413896963, 1.8057999231e-06, 0.0016822157426, 0.30484808766, 0.017018818815, 0.67478073402, 0.0012841989975],
      [0.0091801355293, 0.55427821834, 0.0024297649269, 0.1584861036, 0.22820199593, 0.03274541783, 0.014678363842],
      [0.021291130786, 0.060258645173, 0.025938384701, 0.024574914513, 0.79034439137, 0.010939662931, 0.066652870531],
      [0.0029973205495, 0.0040790726977, 0.019911549783, 0.014961162513, 0.0087145865303, 0.94898040303, 0.00035590489219],
      [0.0051853990107, 0.0016005336315, 0.37218322881, 0.027983411596, 0.18214898553, 0.40940591441, 0.0014925270182],
      [0.33878489931, 7.9621034734e-06, 0.025966507719, 0.20080983472, 0.14984105891, 0.27946462308, 0.0051251141542],
      [0.076959115059, 0.0075764716329, 0.030492618771, 0.13798291269, 0.36869023584, 0.10711865474, 0.27117999127]
    ],
    [
      [0.00041791809905, 1.7306395089e-06, 0.0018150083309, 0.33948820243, 0.016422622029, 0.64024829592, 0.001606222555],
      [0.01008055012, 0.53704610197, 0.0026459981135, 0.17807461191, 0.2222837851, 0.031337778226, 0.018531174556],
      [0.026246166667, 0.05664937518, 0.029092059869, 0.030486447659, 0.76942566927, 0.0015031580796, 0.08659712328],
      [0.0034151695404, 0.0040942844753, 0.022502113262, 0.017436441335, 0.0088070917048, 0.94327869122, 0.00046620846286],
      [0.0056035510934, 0.0015236278652, 0.39974586284, 0.030932017819, 0.17460297655, 0.38573770185, 0.001854261974],
      [0.35580679356, 7.3625303342e-06, 0.027035523157, 0.21570966785, 0.13951967344, 0.25573588706, 0.0061850924059],
      [0.077931598259, 0.0067579091147, 0.03062425447, 0.14294869789, 0.33117122055, 0.094534272331, 0.31603204739]
    ],
    [
      [0.00057094628973, 1.4992294668e-06, 0.0021103321359, 0.32085512035, 0.016741065681, 0.65811982106, 0.0016012152504],
      [0.014838371663, 0.50161540248, 0.0033151281238, 0.18145376016, 0.24412185078, 0.034751331154, 0.019904155641],
      [0.048573175919, 0.040977684498, 0.034488102777, 0.028546990939, 0.76293539097, 0, 0.084478654897],
      [0.0045320793552, 0.0034453664394, 0.032020297806, 0.016025939883, 0.015770597095, 0.92775425721, 0.00045146221231],
      [0.007106677748, 0.0012253614395, 0.42928351844, 0.027169463959, 0.16521578419, 0.36828311425, 0.0017160799718],
      [0.42812142001, 5.6390654307e-06, 0.027783066966, 0.18032320018, 0.12573138623, 0.23258403832, 0.0054512492315],
      [0.10305942063, 0.005671953229, 0.034483972853, 0.13097819417, 0.32697239887, 0.094242411776, 0.30459164847]
    ],
    [
      [0.00032511348794, 4.6284505038e-07, 0.0012813566981, 0.5939589913, 0.012356385333, 0.39170911449, 0.0003685758525],
      [0.011673410567, 0.26764066721, 0.0027522544363, 0.43441102764, 0.24994081262, 0.027287637834, 0.006294189696],
      [0.027387985321, 0.013175951162, 0.029921698542, 0.066084970667, 0.80553800338, 0.028482839902, 0.029408551023],
      [0.0071859122826, 0, 0.025850054857, 0.084793451612, 0.072404854556, 0.80959850624, 0.00016722045053],
      [0.0049094152844, 0.00045651028757, 0.53028623302, 0.054597734707, 0.14876176202, 0.26051189457, 0.00047645010872],
      [0.42090145833, 1.7755056106e-06, 0.017673678205, 0.32649477588, 0.095510750385, 0.13813587286, 0.0012816888322],
      [0.093119607365, 0.0025226587165, 0.031078901858, 0.32660102561, 0.35541973718, 0.078134776907, 0.11312329236]
    ],
    [
      [0.00239862599, 0, 0.0045032381741, 0.28566772492, 0.026024826986, 0.65290373219, 0.02850185174],
      [0.048465781873, 0.46735465952, 0.0053717245286, 0.12938107893, 0.31141662222, 0.024595738493, 0.013414394429],
      [0.10732777608, 0.038370183746, 0.053107374832, 0.018114991577, 0.7064211692, 0.023715739395, 0.052942765177],
      [0.06362480333, 0, 0.17408819804, 0, 0.055114649374, 0.70679986048, 0.0003724887836],
      [0.017216046694, 0.00079695355245, 0.65379655619, 0.013771039189, 0.11090091947, 0.202661427, 0.0008570578997],
      [0.95669467892, 4.600809333e-07, 0.0042944892117, 0.012277926969, 0.010526483842, 0.015863124156, 0.0003428368166],
      [0.34131534452, 0.0040943321517, 0.047154203905, 0.076791884366, 0.25222637382, 0.055803342743, 0.2226145185]
    ],
    [
      [0.00012299817963, 1.6226626202e-06, 0.00024975664547, 0.40997179933, 0.013413618244, 0.57531139078, 0.000928814159],
      [0.0027756578685, 0.59480333757, 0.00033951255993, 0.19563312585, 0.17072032844, 0.025698382796, 0.010029654924],
      [0.0041266623809, 0.064867910641, 0, 0.06602064858, 0.77909820183, 0.02671096399, 0.059175612581],
      [0.0011295073243, 0.0052714003229, 0, 0.025017156785, 0.00807306712, 0.96020629297, 0.00030257547925],
      [0.0028226366255, 0.016699267518, 0.085740387252, 0.06083697757, 0.24519906754, 0.58686969999, 0.0018319635063],
      [0.16555874811, 9.5325551555e-06, 0.0051574168471, 0.35305547636, 0.15816204031, 0.31311269731, 0.0049440885019],
      [0.03119922526, 0.0083909867893, 0.0055914990931, 0.22146354485, 0.36216412952, 0.11007362661, 0.26111698788]
    ],
    [
      [0.00038932285354, 1.3324328809e-06, 0.001758813005, 0.29430411293, 0.014514450688, 0.68786270596, 0.0011692621229],
      [0.011393141073, 0.50256009523, 0.0031108297157, 0.18735750216, 0.23832550439, 0.040887106726, 0.016365820699],
      [0.025367214218, 0.036439737008, 0.036456002334, 0.031343972106, 0.71512712166, 0.091642150447, 0.063623802224],
      [0.0029889541416, 0.0029615102563, 0.02048142527, 0.014211001423, 0.0073127938276, 0.95172547074, 0.00031884434234],
      [0.0052775410746, 0.001185971804, 0.38988767809, 0.027128454112, 0.15600206757, 0.41915360522, 0.0013646821264],
      [0.3496712688, 5.9846953213e-06, 0.027651960994, 0.19748283269, 0.13017952897, 0.29025482233, 0.0047536015224],
      [0.084840360796, 0.0060815207268, 0.034674058558, 0.14490281095, 0.34204892158, 0.11881201594, 0.26864031144]
    ],
    [
      [0.0003419890824, 1.2454892706e-06, 0.0018727011809, 0.20371993961, 0.014753332208, 0.77782297727, 0.0014878151595],
      [0.010783332944, 0.5128688358, 0.0035677590121, 0.13945353432, 0.2611577036, 0.049728806781, 0.022440027548],
      [0.016282958318, 0.021989488086, 0.034817093422, 0.019242269078, 0.69103484136, 0.14147089219, 0.075162457545],
      [0, 0, 0.02463386158, 0, 0, 0.97536613842, 0],
      [0.0043052014298, 0.0010293642162, 0.38852449928, 0.01737741593, 0.14732887783, 0.43982230632, 0.0016123349918],
      [0.32963365349, 5.9305072876e-06, 0.031228668306, 0.14473003106, 0.14035043285, 0.34763822418, 0.0064130595998],
      [0.071550086199, 0.0054433888613, 0.035367940264, 0.0958347617, 0.33333099555, 0.12846250008, 0.33001032735]
    ],
    [
      [0.0004987365362, 1.6003349789e-06, 0.0013052333561, 0.31445030055, 0.013764661756, 0.66864846511, 0.0013310023552],
      [0.013177137239, 0.54752366355, 0.0020836814707, 0.18043409432, 0.20414210292, 0.03581766942, 0.016821651084],
      [0.040964140944, 0.052366924825, 0.016638714546, 0.043708005311, 0.69113725131, 0.079559314477, 0.07562564859],
      [0.0039446397046, 0.0036642217088, 0.015663567137, 0.015597594492, 0.0071437112919, 0.9536123953, 0.00037387036723],
      [0.007635506846, 0.001608491928, 0.32941242758, 0.032643548672, 0.16714997154, 0.45979587364, 0.0017541797981],
      [0.41375652722, 6.5624712135e-06, 0.018744986914, 0.19244176717, 0.11276055693, 0.25734877186, 0.004940827435],
      [0.10427558301, 0.0069897670929, 0.024638201277, 0.14790919452, 0.31075824835, 0.11036351197, 0.29506549379]
    ],
    [
      [0.0003629478125, 1.2809691331e-06, 0.0017657441373, 0.27038937246, 0.013850069237, 0.71266004917, 0.00097053620831],
      [0.011140381515, 0.50776044593, 0.0032759278474, 0.18057222734, 0.23856033882, 0.0444409446, 0.01424973394],
      [0.022006879945, 0.035817721587, 0.035420116958, 0.02960475372, 0.68790168174, 0.1381922843, 0.051056561754],
      [0, 0, 0.023956198243, 0.010038206987, 0, 0.96600559477, 0],
      [0.0048874549277, 0.0011326647471, 0.38877013342, 0.02476404287, 0.14788791566, 0.43143250202, 0.0011252863602],
      [0.33759201728, 5.972426736e-06, 0.028816675929, 0.18835004252, 0.1289511142, 0.31218833549, 0.0040958421583],
      [0.085408150426, 0.006317042511, 0.037610002659, 0.1438502142, 0.35267861478, 0.13301384568, 0.24112212975]
    ],
    [
      [0.00058944223867, 1.1407018448e-06, 0.0010464953303, 0.32644402653, 0.013274125287, 0.65792914263, 0.00071562728068],
      [0.018529933555, 0.46968642581, 0.0019879782835, 0.22273759205, 0.23436544564, 0.041926866685, 0.010765757969],
      [0.05384358839, 0.028468264995, 0.021999250716, 0.054411899207, 0.68740568106, 0.11413078379, 0.039740531844],
      [0.023682451123, 0, 0.0037502089522, 0.016473295107, 0, 0.95609404482, 0],
      [0.0097651578234, 0.0012407591929, 0.28730938634, 0.03662198209, 0.17449619543, 0.48954586601, 0.0010206531147],
      [0.45681637417, 4.3858555411e-06, 0.014096329546, 0.18721810292, 0.1019856496, 0.23738816921, 0.002490988704],
      [0.14162708165, 0.0057312285683, 0.022729744208, 0.17646048506, 0.34493401796, 0.12487254493, 0.18364489763]
    ],
    [
      [0.00049177159386, 1.4835243621e-06, 0.0012192801117, 0.33001895655, 0.01431366735, 0.65250570134, 0.0014491395265],
      [0.013287352658, 0.51918102127, 0.0019911256924, 0.19392264139, 0.21708150054, 0.035805676383, 0.018730682068],
      [0.033501108905, 0.051264997481, 0.022989960204, 0.034390945919, 0.72341071221, 0.050504287129, 0.083937988149],
      [0.015441102664, 0, 0.0034536860245, 0.027968647907, 0, 0.95271957877, 0.00041698463192],
      [0.0077308888333, 0.0015313396123, 0.31397662124, 0.035258901973, 0.17846204959, 0.46107876837, 0.0019614303769],
      [0.40461042464, 6.1016966526e-06, 0.017555637527, 0.20273952548, 0.11758462208, 0.25210855625, 0.0053951323323],
      [0.098798390027, 0.0062423152798, 0.022161649258, 0.14973762293, 0.31114313399, 0.10388457225, 0.30803231627]
    ],
    [
      [0.00037837066986, 1.5770256477e-06, 0.0020282383977, 0.31977891558, 0.017493032296, 0.65868221601, 0.0016376500158],
      [0.0094840769039, 0.51401834388, 0.0030724609421, 0.17416785432, 0.24611646908, 0.033504603531, 0.019636191341],
      [0.019492387687, 0.046299453732, 0.032306635287, 0.02256671797, 0.79187056421, 0, 0.087464241118],
      [0.0030060364335, 0.0036273602386, 0.029581417143, 0.015943320859, 0.026333205181, 0.92104655809, 0.00046210205337],
      [0.004755511901, 0.0013014188764, 0.41853295455, 0.027271165795, 0.17437412862, 0.37199275036, 0.0017720699044],
      [0.33142296501, 6.8863434392e-06, 0.031009328016, 0.20844148812, 0.15257339971, 0.27007282011, 0.0064731126868],
      [0.069269146495, 0.0060432817149, 0.033578241816, 0.13200745897, 0.346329144, 0.095439797771, 0.31733292923]
    ],
    [
      [0.00042398015876, 1.4183160717e-06, 0.0021466771732, 0.34454761925, 0.017009569278, 0.63446271694, 0.0014080188853],
      [0.011208200473, 0.48295858141, 0.003430082876, 0.19822609095, 0.25229028551, 0.034083663312, 0.017803095466],
      [0.028220741927, 0.042010113316, 0.035346547727, 0.029621176651, 0.78942679271, 0, 0.075374627669],
      [0.0034823621258, 0.0033726023997, 0.036128282974, 0.017812430406, 0.022660024177, 0.9161335239, 0.00041077401206],
      [0.0052951382886, 0.0011631201202, 0.43805276961, 0.029282375962, 0.16842744022, 0.35626506781, 0.0015140879929],
      [0.35477567381, 5.9477834191e-06, 0.031508914329, 0.21591612591, 0.14242757746, 0.250021359, 0.005344401711],
      [0.080691405528, 0.0056563879116, 0.036976400029, 0.14829131163, 0.35019648578, 0.095790232031, 0.2823977771]
    ],
    [
      [0.00047824310184, 1.5466013109e-06, 0.0020716250771, 0.28731305311, 0.016917524634, 0.69179607433, 0.0014219331443],
      [0.012470843016, 0.51931870624, 0.0032651564877, 0.16303133366, 0.2475238832, 0.036655150639, 0.01773492676],
      [0.031359089384, 0.041757701396, 0.043092823243, 0.020171107769, 0.77487197329, 0.015521721122, 0.073225583792],
      [0.0036313755222, 0.0033998768254, 0.023858605939, 0.013728315926, 0.0084302501989, 0.94656807434, 0.00038350124608],
      [0.0059035665385, 0.0012536109411, 0.41768500698, 0.024129299672, 0.16557808332, 0.38393911698, 0.0015113155755],
      [0.38844669557, 6.294816806e-06, 0.02951143607, 0.17473300552, 0.13748989221, 0.26457432569, 0.0052383501132],
      [0.091518678877, 0.0062016898558, 0.035877660547, 0.1243164565, 0.35022826606, 0.10500897074, 0.28684827743]
    ],
    [
      [0.00026423949534, 1.9208233056e-06, 0.0021645302865, 0.32540604853, 0.011621699429, 0.65707224266, 0.0034693187808],
      [0.0061076918039, 0.60843894428, 0.0030199798591, 0.16204925393, 0.15140258372, 0.03057890831, 0.038402638092],
      [0.0061953056109, 0.068045653795, 0.040518734826, 0.032600401984, 0.59769107684, 0.040467775454, 0.21448105149],
      [0, 0.0051699952929, 0.028576300913, 0.017789017239, 0, 0.92886308344, 0.019601603116],
      [0.0033650878827, 0.0016052776329, 0.471031033, 0.027704816157, 0.11777860906, 0.37471379654, 0.003801379735],
      [0.27911667437, 9.6302579517e-06, 0.038094416293, 0.24220380764, 0.11675743932, 0.30806298172, 0.015755050393],
      [0.038892690805, 0.0058567130712, 0.028582350148, 0.10590348402, 0.1845553407, 0.075261927755, 0.56094749349]
    ],
    [
      [0.00031501439794, 1.7846140623e-06, 0.0013581008761, 0.34445918854, 0.017547192618, 0.63536300531, 0.00095571363993],
      [0.007406383599, 0.54200896083, 0.001929715698, 0.17604854226, 0.23154335915, 0.030314469409, 0.010748569047],
      [0.015155195127, 0.055764461263, 0.014975757876, 0.031085325342, 0.83260917394, 0, 0.050410086454],
      [0.0026081342185, 0.018503493236, 0.017059127451, 0.018202289027, 0.015767328444, 0.92757858882, 0.00028103880659],
      [0.0046573557964, 0.0017323724847, 0.32997513772, 0.034584359517, 0.2057397933, 0.42209447607, 0.0012165051121],
      [0.29405994073, 8.3012576579e-06, 0.022119830782, 0.23925506379, 0.16302151252, 0.27751125943, 0.004024091494],
      [0.067551314713, 0.0080089924689, 0.026335435631, 0.16662514914, 0.40681605613, 0.1078247446, 0.21683830731]
    ],
    [
      [0, 1.633754327e-06, 0.0014543894034, 0.18247528992, 0.026039016827, 0.7680254959, 0.022004174195],
      [0, 0.53213897314, 0.0019035644823, 0.092999389832, 0.321001421, 0.032990341478, 0.018966310068],
      [9.69382188e-34, 0.02337946247, 0.016771216124, 0, 0.86541376892, 0.028186269936, 0.066249282549],
      [0, 0, 0.012400208199, 0, 0.15251631521, 0.83464004137, 0.00044343522268],
      [0, 0.001200627548, 0.36627125534, 0.014667046742, 0.23359386771, 0.38251671381, 0.0017504888513],
      [1.0395720349e-32, 1.0204101153e-05, 0.032373133881, 0.18544839959, 0.32767968659, 0.44419304647, 0.010295529359],
      [0, 0.0053725411725, 0.021073322532, 0.069618953082, 0.45218352269, 0.09346445759, 0.35828720293]
    ],
    [
      [0.00029242589008, 1.8933579283e-06, 0.0016799888053, 0.31936868092, 0.014631455865, 0.66217745582, 0.001848099345],
      [0.0069128636456, 0.57994035896, 0.0023997414713, 0.16394241666, 0.19416894217, 0.031733865086, 0.020901811999],
      [0.0130616858, 0.074219816611, 0.027252134111, 0.033287896472, 0.71482201022, 0.034109808387, 0.1032466484],
      [0.0023239969018, 0.0043560687419, 0.020259967269, 0.015911868759, 0.0076301815812, 0.94899629793, 0.0005216188207],
      [0.0040707512197, 0.0017303910975, 0.38626935734, 0.030135735402, 0.1615623906, 0.41401662652, 0.002214747823],
      [0.28717406754, 9.2068483321e-06, 0.028614005887, 0.23173955844, 0.14213734475, 0.30219033944, 0.0081354771029],
      [0.055476413392, 0.0075066133912, 0.028790441316, 0.13633158222, 0.29986137858, 0.099197738624, 0.37283583248]
    ],
    [
      [0.00050353514934, 1.1059459776e-06, 0.0022462666709, 0.26665902066, 0.016318222518, 0.712741662, 0.0015301870576],
      [0.015700095935, 0.44589173139, 0.0042329857954, 0.18072375494, 0.28553346374, 0.045096916975, 0.022821051224],
      [0.035121832797, 0.01880931162, 0.048034426182, 0.018468037743, 0.74793937222, 0.052021465582, 0.079605553856],
      [0.0037153528158, 0.0023624836872, 0.025144325687, 0.012354862918, 0.0079014936176, 0.94812046159, 0.00040101968908],
      [0.0059690360812, 0.00086082001779, 0.43710017846, 0.021461410842, 0.15339621664, 0.37965059263, 0.0015617453271],
      [0.40422449137, 4.4347565309e-06, 0.031536558014, 0.15965023647, 0.13067940942, 0.26835087593, 0.0055539940435],
      [0.095428675834, 0.0043889435686, 0.038513847121, 0.114044411, 0.33446011579, 0.10695018819, 0.30621381849]
    ],
    [
      [0.00044840089415, 1.5793916482e-06, 0.0020667714087, 0.31036416283, 0.016740075836, 0.66919632414, 0.0011826855083],
      [0.011510633167, 0.52137612927, 0.0032069208893, 0.17338615318, 0.24109164743, 0.034907961134, 0.014520554935],
      [0.028928973885, 0.047758281108, 0.040299531881, 0.026489743668, 0.77831564686, 0.017130142783, 0.061077679813],
      [0.0035107389032, 0.0035800162953, 0.024543615693, 0.015293176385, 0.0086015724972, 0.94414197251, 0.00032890771281],
      [0.0056135135663, 0.0012983274754, 0.42256535065, 0.026437478521, 0.16614654629, 0.37666394153, 0.0012748419639],
      [0.3717755807, 6.5714506313e-06, 0.030097830983, 0.19296391946, 0.13906669926, 0.2616354961, 0.0044539020431],
      [0.090443183716, 0.0066774199975, 0.037739548917, 0.1416016651, 0.3653192058, 0.1071042322, 0.25111474428]
    ],
    [
      [0.000372987873, 1.6724333737e-06, 0.0017736938473, 0.28203392811, 0.014874162613, 0.69949830621, 0.001445248909],
      [0.0096565578323, 0.55798687705, 0.0027752868524, 0.15881521699, 0.21608548223, 0.036783501776, 0.017897077275],
      [0.024220836727, 0.054887800622, 0.032317103229, 0.028034598391, 0.72070655448, 0.061751015176, 0.078082091378],
      [0, 0, 0.021213521915, 0.011775515838, 0, 0.96701096225, 0],
      [0.0049873721525, 0.0014683228001, 0.3880971976, 0.025636781001, 0.15770458315, 0.42044192202, 0.0016638212735],
      [0.33997232882, 7.6091553735e-06, 0.028248491875, 0.19168264951, 0.13514377009, 0.29899324919, 0.0059519013572],
      [0.076220615033, 0.0071550738675, 0.032778277965, 0.13014114349, 0.32862570069, 0.11325383711, 0.31182535184]
    ],
    [
      [0.00056482073302, 1.7490584017e-06, 0.0021041950905, 0.28354824025, 0.017214713179, 0.69460847934, 0.0019578023464],
      [0.013555563822, 0.5475692617, 0.0030512397385, 0.14763816296, 0.23192072398, 0.03378894074, 0.022476107059],
      [0.03841278315, 0.048488734788, 0.032856236715, 0.020049581978, 0.75865783515, 0, 0.10153482821],
      [0.0042627908383, 0.0038215714291, 0.028189267672, 0.013392597625, 0.018157048649, 0.93165197106, 0.00052475273069],
      [0.0068645666871, 0.0013955712468, 0.42128385748, 0.023320166105, 0.16595492206, 0.37913260813, 0.002048308281],
      [0.43095516381, 6.5912363492e-06, 0.027769624007, 0.15934704899, 0.12960218272, 0.24564056998, 0.00667881927],
      [0.095538303303, 0.0061798127342, 0.032126336669, 0.1077516938, 0.31439410526, 0.092713991294, 0.35129575694]
    ],
    [
      [0.00037392939699, 1.4168762373e-06, 0.0014015864149, 0.25083660022, 0.015880025463, 0.7298414571, 0.0016649845319],
      [0.010548994188, 0.51757012476, 0.0023895156288, 0.15380888727, 0.25142674617, 0.041787719908, 0.022468012078],
      [0.019559366355, 0.03406093204, 0.019422605639, 0.018215346653, 0.74418034197, 0.075433824749, 0.089127582596],
      [0.0027264239326, 0.0029908317136, 0.015503717954, 0.011485520558, 0.0075981082894, 0.95926422799, 0.00043116956256],
      [0.0052869165055, 0.0013153064051, 0.3255318388, 0.024080337827, 0.17805816511, 0.46370072553, 0.0020267098222],
      [0.34270915565, 6.461812947e-06, 0.022381101046, 0.1708094594, 0.14464892796, 0.31257145941, 0.0068734347222],
      [0.072593824807, 0.0057550120194, 0.024596988398, 0.10980481566, 0.33321082643, 0.11211088732, 0.34192764537]
    ],
    [
      [0, 0, 0.0012161876036, 0.31895473754, 0, 0.67982907485, 0],
      [0.0066694386738, 0.55536125908, 0.0020402052296, 0.19241231732, 0.19393274431, 0.03753676072, 0.012047274665],
      [0.0088794299915, 0.058419341299, 0.026716132728, 0.038154564906, 0.65815981899, 0.16299199419, 0.046678717891],
      [0, 0, 0.0049308816704, 0.023953814823, 0, 0.97111530351, 0],
      [0.0038509902478, 0.0016059535481, 0.32048985277, 0.034702045559, 0.15821058677, 0.47988881868, 0.0012517524195],
      [0.25681678227, 8.0932094676e-06, 0.022586587164, 0.25255928532, 0.13183159784, 0.33184250329, 0.0043551509125],
      [0.061036362343, 0.0081068811701, 0.027914268995, 0.18256348991, 0.34173683954, 0.13384648211, 0.24479567593]
    ],
    [
      [0.00029508530979, 1.3553055929e-06, 0.0020185445336, 0.34372449421, 0.015050068614, 0.63774524878, 0.0011652032529],
      [0.0082116538173, 0.49424011658, 0.003394132017, 0.20756741756, 0.23510018309, 0.03597538856, 0.015511108388],
      [0.016221305468, 0.042735229501, 0.044224798608, 0.035992955888, 0.75177700022, 0.044449755906, 0.064598954409],
      [0.0024199515441, 0.0032178855631, 0.025117826452, 0.017647846552, 0.0080988529907, 0.94315826935, 0.00033936754618],
      [0.0038477339292, 0.0011602646086, 0.434195356, 0.030341427922, 0.15566022797, 0.37348702857, 0.0013079609946],
      [0.28539995557, 6.4866635173e-06, 0.033836239783, 0.24536271585, 0.14389915738, 0.28644707194, 0.0050483728163],
      [0.063547640504, 0.0060997217038, 0.039258705381, 0.16640882851, 0.35006653103, 0.10843032782, 0.26618824505]
    ],
    [
      [0.00041453253742, 1.3204110965e-06, 0.0027900403195, 0.18832413482, 0.019543068992, 0.78468397254, 0.0042429303774],
      [0.011224406199, 0.47922661401, 0.0045625837876, 0.11003466445, 0.29703910901, 0.042964822131, 0.054947800417],
      [0.015294985685, 0.028029206093, 0.036445048584, 0.0081074402399, 0.71584701556, 0, 0.19627630384],
      [0.0027777986773, 0.0025617357287, 0.042404586241, 0.0078165635696, 0.045201071018, 0.89822864503, 0.00100959974],
      [0.004196458359, 0.00087743079398, 0.46512709083, 0.012773137223, 0.15694034796, 0.35638880296, 0.0036967318737],
      [0.35614998541, 5.5135356712e-06, 0.040798995735, 0.11682636997, 0.16306675061, 0.30711298556, 0.016039399179],
      [0.049697969549, 0.0032957929848, 0.030082032139, 0.050243355449, 0.25221348167, 0.073840390808, 0.5406269774]
    ],
    [
      [0.00039491097619, 1.51042723e-06, 0.0013050919865, 0.258417061, 0.014363761938, 0.72438560125, 0.0011320624273],
      [0.011088153313, 0.5459706989, 0.0022148404036, 0.1579027112, 0.22629107065, 0.041329067566, 0.015203457957],
      [0.026828066457, 0.046315945229, 0.025201650205, 0.027251515911, 0.70355301825, 0.10993512258, 0.060914681367],
      [0, 0, 0.0068021351786, 0.012061868643, 0, 0.98113599618, 0],
      [0.0058386442507, 0.0014663185912, 0.31536495401, 0.025998210553, 0.16837861389, 0.48151216921, 0.0014410894921],
      [0.35869717829, 6.8717005434e-06, 0.020782554215, 0.17568493936, 0.13048736853, 0.30967933553, 0.0046617523779],
      [0.088717041441, 0.0071094175926, 0.026532658092, 0.1312657122, 0.34906335708, 0.1290745298, 0.2682372838]
    ],
    [
      [0.00033925125081, 2.5570442326e-06, 0.0025498533637, 0.26185851093, 0.017510713052, 0.71541010126, 0.0023290130951],
      [0.0064784268151, 0.64574370959, 0.0029410158371, 0.10815515392, 0.18778255133, 0.027621480029, 0.02127766248],
      [0.010985337625, 0.071914373815, 0.040843090357, 0.012694205137, 0.74886369972, 0, 0.11469929335],
      [0.0024776178164, 0.025173538672, 0.041729038439, 0.011900520031, 0.0083903397756, 0.90972495537, 0.00060398989508],
      [0.003743234242, 0.0018520188245, 0.46530764389, 0.019444532125, 0.15331301748, 0.35412776077, 0.0022117926689],
      [0.31398864675, 1.1536207126e-05, 0.04029740925, 0.17581263481, 0.15789609084, 0.30248057684, 0.0095131052969],
      [0.055226640209, 0.0086706419236, 0.037367453613, 0.095177361048, 0.3072297551, 0.091453368606, 0.4048747795]
    ],
    [
      [0.000468076494, 2.79739205e-06, 0.0017075616688, 0.32661587667, 0.013722984236, 0.65589770493, 0.0015849986119],
      [0.008779296146, 0.67230010571, 0.0019359195197, 0.13336326952, 0.14439859599, 0.025004838568, 0.01421797455],
      [0.030948710161, 0.15749946261, 0.023618932819, 0.043166648067, 0.65883643804, 0, 0.085929808307],
      [0.004817174924, 0.0074574538866, 0.02070890776, 0.016447358029, 0.0072013205854, 0.94291761413, 0.00045017067959],
      [0.0065684039662, 0.0025776319549, 0.39120433369, 0.031206192797, 0.15266542573, 0.41386290433, 0.0019151075256],
      [0.39090520008, 1.1728940229e-05, 0.025057820796, 0.20468341231, 0.11487696905, 0.25844996411, 0.0060149047084],
      [0.091906353514, 0.011513717541, 0.03035518174, 0.14513246682, 0.29153203846, 0.10222172661, 0.32733851532]
    ],
    [
      [0.00035208766202, 1.4042369262e-06, 0.0020167041756, 0.27520312211, 0.016620908309, 0.70452688064, 0.0012788928704],
      [0.0097743522571, 0.50568685638, 0.0033805991066, 0.16565659658, 0.2589365331, 0.03958911936, 0.016975943208],
      [0.020317640731, 0.023885144275, 0.039273928899, 0.01705188801, 0.77595743874, 0.057189366668, 0.066324592681],
      [0.0026325647459, 0.0030389860546, 0.022886459608, 0.012877333503, 0.0081529849609, 0.95007214042, 0.00033953070657],
      [0.00435708443, 0.0011404563116, 0.41565503496, 0.023042020558, 0.16313704106, 0.39130642119, 0.0013619414936],
      [0.32955861568, 6.3369531622e-06, 0.03189476179, 0.18521386756, 0.14987644795, 0.298225179, 0.0052247910612],
      [0.072281970319, 0.0059885768453, 0.037199718803, 0.12624973544, 0.36661412568, 0.11344148289, 0.27822439003]
    ]
  ],
  "expected_outcome": [
    [
      [0, 0.060693439046, 0.048187262185, 0.0028182868713, 0.084537037196, 0.057266170946, 0.062973795779, 0.069160711535, 0.067224319686, 0.050568089986, 0.11361831166, 0.00097534046381, 0.0095945039599, 0.00098398543707, 0.077475247854, 0.028727082922, 0.046382497867, 0.071500719063, 0.039492629991, 0.077208140235, 0.033674989618, 0.13270578969, 0.11573483065, 0.0066059873836, 0.039061785345, 0, 0.024271348877, 0.044311093142, 0.092370584195, 0.068256780759, 0.031629961049, 0.047862962815, 0, 0.019180545136, 0.0053889229865, 0.1243969575, 0.0098382862734, 0.15212486055, 0.026406574651],
      [1.8536978825e-05, 0.00029813782709, 0.0002012468355, 2.2961221293e-05, 0.00041024246217, 0.00027600768314, 0.00028765020606, 0.00038270181478, 0.00031601498654, 0.00020940738058, 0.00029834666389, 1.3885351511e-06, 0, 1.2981300961e-05, 0.00026515414331, 0.00010462109873, 0.00014883115303, 0.00025235091921, 7.6427023605e-05, 0.00023291332485, 0.00014035528265, 0.00044393293044, 0.00037427751724, 4.8020582641e-05, 0.00022129214372, 1.633754327e-05, 0.00015714870805, 9.7323246029e-05, 0.00032535467953, 0.00030605530739, 9.7947270493e-05, 0.00018136015838, 0, 8.8094863538e-05, 1.7165344255e-05, 0.00047578457744, 7.4154282745e-05, 0.00090915241624, 0.00010531776947],
      [0.009813686587, 0.32521893023, 0.24609903746, 0.009927705211, 0.37381464856, 0.23774681459, 0.30160087089, 0.23319647083, 0.29438775496, 0.21961600804, 0.41995609505, 0.0038440700942, 0.018012952697, 0.0019980531638, 0.350003788, 0.15730689919, 0.12138670212, 0.34785159504, 0.070115187128, 0.19142697753, 0.18051321739, 0.67190995521, 0.50133326865, 0.054113257163, 0.16840450864, 0.014543894034, 0.13943907084, 0.19767146704, 0.42575491018, 0.32458597406, 0.11783492507, 0.1794030611, 0.1654015141, 0.13120539469, 0.036270524154, 0.41110397576, 0.073945747546, 0.55495754237, 0.15125281317],
      [2.1424537012, 54.4623070986, 33.5609050157, 2.3376933477, 65.1732182874, 51.6121552735, 53.9768803453, 47.0631068413, 53.3484153396, 41.0780724936, 63.8501689494, 1.7818769739, 1.1426708997, 3.2797743946, 58.5665184736, 17.1124749274, 29.2438779511, 53.266706375, 21.8717497774, 51.812976179, 28.4603234867, 107.8434048243, 69.529758852, 8.1351512132, 42.7129393793, 1.8247528992, 26.5076005163, 23.4659938183, 63.9350175421, 51.6122088448, 15.8787014541, 32.1070848278, 43.3778443056, 22.3420921236, 2.4482137527, 81.4013742139, 7.593896817, 106.1501599174, 20.6402341583],
      [0.13394916482, 2.8609271594, 2.1075422733, 0.11689419843, 3.3349963168, 2.4734624494, 3.0369298852, 2.4831482417, 2.9782932927, 1.9871372655, 3.3314720705, 0.037069156, 0.10409930795, 0.10730894595, 2.888375687, 1.2392799055, 1.2801135433, 2.7284636396, 0.88936639423, 2.2472457739, 1.5568798743, 5.3239951841, 4.0940409615, 0.29054248573, 2.1758518846, 0.26039016827, 1.2144108368, 1.4360035816, 3.4484556221, 2.7219717581, 0.96402393805, 2.0326432593, 0, 0.97825445989, 0.2540598969, 4.5245850104, 0.50781067852, 4.4599698765, 1.2465681232],
      [5.7137649104, 126.0914621203, 82.8415397912, 5.5208689957, 159.7945552626, 115.4677893958, 140.3346959912, 100.9492751348, 118.0866284535, 77.4700438063, 130.9658443919, 1.1751273435, 2.6116149287, 4.6024911263, 136.884678487, 65.3371300905, 62.1843072554, 140.3940296873, 44.0812525564, 102.4433951104, 58.6227172253, 198.5868304027, 167.4146499887, 16.4268060664, 78.7850126587, 7.680254959, 54.9607288329, 62.7212662556, 137.854442772, 128.0081900366, 38.8980748431, 93.4197065088, 92.4567541803, 41.4534411704, 10.2008916431, 228.1814643933, 20.7468929366, 213.1667541019, 52.8395160477],
      [0, 0.19909311461, 0.19552537328, 0.011774504827, 0.23846820498, 0.15130388807, 0.28663146136, 0.20172989815, 0.22473482456, 0.19435292916, 0.31864183483, 0.0011057275575, 0.11400740696, 0.007430513272, 0.23268316245, 0.1249764734, 0.12378321903, 0.19119563304, 0.047947027806, 0.22751490567, 0.1457508514, 0.44070991109, 0.34410782091, 0.086732969519, 0.11850849135, 0.22004174195, 0.15339224563, 0.13465646107, 0.24363321471, 0.26448055035, 0.1096369314, 0.21311802009, 0, 0.075738211441, 0.055158094907, 0.35659966459, 0.067541379759, 0.51512454888, 0.095916965284]
    ],
    [
      [0.024677167532, 0.92914040209, 0.85810873979, 0.01711603021, 0.49010168632, 0.44303006687, 0.36310902626, 1.452227064, 1.3770203294, 1.1088605132, 1.1425546181, 0.0350202317, 0.19386312749, 0.0055513157371, 0.77473359299, 0.30193332243, 0.72474254814, 0.59044022032, 0.48177827242, 0.6377929276, 0.30349046093, 0.70611662983, 0.96025491227, 0.067184609842, 0.47400855033, 0, 0.35946890957, 0.78500479674, 0.89782938705, 0.76286806875, 0.39311135082, 0.49580272682, 0.16006652817, 0.15602142253, 0.067346437194, 0.920316725, 0.11013325586, 2.5898923631, 0.46916890834],
