{
  "Z_true": {},
  "V_true": [
    [21, 12, 707, 1136, 315, 33],
    [19, 806, 38, 128, 730, 46],
    [131, 234, 145, 306, 11861, 283],
    [85, 46, 304, 6262, 498, 87],
    [201, 105, 229, 1018, 1115, 427],
    [339, 31, 115, 651, 818, 94],
    [466, 121, 80, 377, 951, 432]
  ],
  "p_true": [
    [0.0094, 0.0054, 0.3179, 0.5108, 0.1416, 0.0148],
    [0.0108, 0.4561, 0.0215, 0.0724, 0.4131, 0.026],
    [0.0101, 0.0181, 0.0112, 0.0236, 0.9152, 0.0218],
    [0.0117, 0.0063, 0.0417, 0.8599, 0.0684, 0.0119],
    [0.0649, 0.0339, 0.074, 0.3289, 0.3603, 0.138],
    [0.1655, 0.0151, 0.0562, 0.3179, 0.3994, 0.0459],
    [0.192, 0.0499, 0.033, 0.1553, 0.3918, 0.178]
  ],
  "Z_est": [
    [
      [4, 3, 2.6747, 1.9992, 2, 1, 3, 1.9801, 1.9272, 2, 4, 2, 0, 3, 0, 6, 3, 4, 3, 3, 8, 5, 6, 6, 6, 4, 0.9398, 4, 7, 3, 6, 4, 4, 3, 3, 0.9979, 3, 3, 4, 2, 0.8454, 5, 3, 0.9939, 1.9932, 4, 6, 0.9871, 1.075, 3, 0, 3, 3, 2, 1.9994, 4, 3, 4, 3, 5, 0, 3, 7, 4, 8, 2.9999],
      [2, 1, 0.0185, 0.0006, 1.4502e-09, 9.8629e-13, 2.1228e-10, 0.003, 0.9661, 1.227e-20, 1.3288e-24, 2.612e-17, 0, 1.0743e-26, 0.168, 2, 1, 1, 1, 4.3062e-12, 6, 2, 1, 3, 3, 3.7644e-19, 0.9508, 1, 4, 1, 1, 1.0739e-14, 1, 1, 3, 0.9975, 1.4478e-15, 1.1375e-23, 1, 7.9069e-07, 0.8653, 1, 4.4731e-06, 2.9871, 0.9968, 6.0419e-19, 1, 0, 0.0167, 1, 0, 1, 1, 1, 0, 9.9276e-22, 5.609e-18, 1, 1, 1, 0.2851, 1.7439e-18, 4, 4.5713e-10, 12, 1],
      [1, 8.0704e-19, 0.1979, 0.9999, 2, 1.9117e-15, 2.2242e-10, 0.0022, 1.9935, 1.5409e-26, 4.4853e-22, 5.5621e-20, 0, 4.3013e-26, 0.3063, 3, 6.9194e-26, 1, 1.4457e-18, 3, 11, 5, 1, 5, 6, 2, 0.0251, 1, 3, 3, 2.1039e-38, 2.0106e-14, 1, 3, 2, 0.9995, 1.3612e-14, 1.3592e-22, 2, 3.7795e-10, 0.1435, 5, 1, 0.0067, 0.9997, 1.216e-19, 3, 4.9713, 0.058, 1, 0, 1.6802e-09, 2, 2, 0.0003, 1, 1, 2, 1, 5, 1.5341, 3.5874e-18, 6, 2, 9, 1],
      [7, 3, 5.7514, 5.0004, 13, 1.8914e-18, 2, 0.0126, 10.1574, 1, 1, 7.5914e-10, 0, 1, 3.9596, 22, 5, 8, 7, 16, 79, 36, 13, 33, 40, 17, 6.0741, 9, 21, 23, 6, 4, 12, 12, 8, 3.9991, 2, 5, 11, 1, 5.5838, 17, 8, 10.0105, 11.0084, 3, 16, 19.0164, 2.4968, 12, 0, 5, 19, 10, 3.9997, 8, 6, 10, 9, 27, 5.3142, 3, 51, 6, 44, 6],
      [22, 9, 3.2381, 3.9999, 10, 2, 7, 1.002, 4.874, 6, 7, 2, 0, 7, 2.2329, 36, 13, 20, 18, 12, 71, 30, 27, 33, 40, 18, 2.0103, 24, 46, 10, 24, 11, 9, 8, 15, 5.0046, 6, 14, 23, 5, 2.4252, 20, 6, 7.0006, 5.0017, 8, 41, 6.0278, 1.0204, 11, 0, 6, 12, 6, 4.0003, 13, 11, 18, 14, 40, 2.3636, 5, 69, 11, 67, 6],
      [1, 2.422e-18, 0.1194, 5.8373e-06, 1, 9.3917e-19, 1.171e-10, 0.0002, 0.0818, 1.227e-20, 1.9048e-25, 3.4757e-17, 0, 9.1438e-29, 0.3332, 2, 1, 1, 1, 1, 5, 3, 2, 2, 3, 2, 0, 2, 4, 2, 1, 1, 5.6057e-09, 4.3503e-09, 1, 0.0013, 5.4311e-13, 1, 2, 7.7889e-10, 0.1368, 6.9972e-11, 2.6467e-06, 0.0012, 0.0003, 1.2134e-19, 3, 0.9974, 0.333, 3.4615e-14, 0, 7.5195e-09, 1, 1, 0.0003, 1, 1.8163e-16, 1, 3.7289e-13, 1, 0.503, 6.3706e-18, 4, 4.617e-10, 6, 0]
    ],
    [
      [3, 2, 0.0333, 0.9993, 1.6799e-08, 2, 1, 0.9996, 0.0439, 3, 1, 2, 1.9825, 2, 0, 2, 1, 1, 1, 1, 3, 1.0831e-29, 1, 2, 3, 1, 0.0007, 2, 5, 2.4376e-14, 2, 1, 3.0524e-09, 1.2168e-09, 1, 0, 1, 1, 3, 3, 0.0265, 1, 0, 0.0004, 0.0006, 1, 2, 6.5159e-06, 0.0617, 1.3435e-13, 0, 1.3421e-09, 2, 2.7888e-10, 1.6178e-06, 3.9709e-21, 1, 1, 1, 1.4849e-34, 0, 2.3533e-18, 2, 4.5594e-10, 5, 1.8287e-06],
      [5, 4, 0.7956, 1.0001, 2, 1, 2, 2.9941, 0.9911, 3.6809e-20, 3, 1, 0.0154, 2, 0.2675, 5, 6, 2, 2, 2, 6, 4, 4, 3, 5, 2, 0.9836, 3, 7, 3, 6, 3, 3, 2, 6, 1.001, 2, 2, 1, 3.6376e-10, 1.196, 3, 3, 2.9994, 0.9976, 4, 3, 0, 1.5045, 3, 0.6801, 2, 1, 4, 2.9994, 3, 4, 2, 2, 4, 0.2514, 2, 6, 3, 19, 4],
      [1, 1, 0.7992, 0.9997, 6.6019e-07, 4.9393e-13, 1.0535e-10, 0.0033, 0.978, 1.227e-20, 4.4921e-22, 2.4728e-19, 0.0034, 6.0032e-29, 0.1272, 2, 1, 1, 9.3275e-19, 7.574e-12, 7, 2, 1, 1, 4, 1, 0.0189, 1, 5, 1, 1, 5.1011e-14, 1, 1.1801e-08, 2, 1, 1.171e-14, 1.312e-22, 1, 3.9464e-11, 0.1299, 1, 0, 0.0033, 0.9991, 1, 2, 0.9915, 0.0325, 1, 0.0394, 1.4827e-09, 1, 2, 0.0008, 1, 1.1442e-13, 1, 4.4202e-13, 2, 0.5686, 1.778e-18, 4, 1, 12, 1],
      [12, 8, 1.0962, 4.9995, 4, 1.4821e-12, 2, 2.003, 3.9991, 2, 2, 1, 0.0006, 2, 1.6949, 16, 10, 6, 4, 5, 50, 15, 9, 11, 29, 8, 2.9997, 10, 27, 11, 9, 7, 7, 3, 9, 2.9971, 3, 3, 8, 1, 3.7158, 5, 4, 8.9977, 2.9973, 6, 10, 3.0102, 2.6178, 8, 0.4561, 3, 7, 11, 5.9995, 8, 5, 6, 5, 11, 2.7908, 1, 32, 4, 56, 7],
      [35, 22, 0.2461, 3.0013, 3, 8, 7, 4.9988, 1.9871, 13, 11, 6, 2.9966, 13, 0.8682, 27, 24, 14, 10, 3, 44, 13, 20, 11, 28, 9, 0.9971, 26, 59, 5, 36, 17, 5, 2, 16, 3.0018, 10, 10, 15, 9, 1.8669, 6, 3, 6.999, 1.0048, 20, 27, 0.9879, 1.7095, 8, 0.7827, 3, 4, 6, 6, 13, 10, 11, 8, 18, 0.9597, 3, 43, 7, 85, 6],
      [2, 2, 0.0296, 0.0001, 1.0415e-07, 3.7981e-15, 2.5837e-13, 0.0014, 0.0009, 1, 4.4866e-22, 7.5914e-10, 0.0015, 3.1056e-29, 0.0422, 2, 2, 1, 1, 2.6969e-12, 3, 1, 1, 1.5103e-26, 2, 1, 0, 2, 6, 1, 2, 1, 4.7942e-09, 3.348e-09, 1, 0.0002, 1, 3.7193e-24, 1, 1.8214e-11, 0.0648, 2.9577e-13, 0, 0.0001, 0.0005, 2, 2, 0.0104, 0.074, 5.7116e-15, 0.0417, 6.6138e-09, 3.4234e-11, 1, 0.0003, 1, 4.5822e-14, 1, 1.0417e-12, 1.856e-35, 0.4295, 1.2313e-18, 2, 3.4279e-10, 8, 1.3019e-06]
    ],
    [
      [22, 7, 0.2162, 0.0007, 2.2965e-07, 9, 6, 2.008, 0.0225, 23, 17, 11, 4.0024, 24, 0, 24, 8, 16, 9, 2, 14, 6, 17, 10, 11, 6, 0.0427, 10, 40, 1.3745e-09, 30, 13, 1, 1, 4, 0, 7, 8, 14, 6, 0.0571, 5, 1, 0.003, 0.0055, 10, 27, 0.01, 0.1122, 2, 0, 2, 1, 4.5193e-09, 0.0003, 6, 6, 9, 2, 10, 0, 6, 18, 5, 19, 1],
      [30, 14, 0.0457, 1.9989, 1, 12, 4, 6.9777, 0.0531, 13, 10, 9, 7.9722, 14, 0.2868, 18, 21, 13, 13, 3, 16, 7, 13, 11, 12, 5, 0.9916, 16, 39, 3, 22, 7, 3, 2, 13, 0.9994, 6, 12, 10, 8, 1.1875, 3, 1, 1.0081, 1.0022, 15, 16, 0, 0.3589, 6, 1.1279, 5, 4, 3, 2, 8, 7, 12, 9, 10, 0.7625, 5, 21, 4, 57, 7],
      [12, 9, 1.7098, 2.9995, 8, 4, 8, 1.9907, 4.7639, 5, 10, 5, 0.9927, 9, 0.2861, 25, 11, 19, 7, 11, 32, 16, 14, 15, 22, 8, 1.9135, 9, 31, 7, 17, 5, 6, 7, 10, 4.9963, 5, 10, 17, 3, 2.7414, 13, 6, 2.977, 2.9911, 9, 28, 2.0154, 1.0942, 7, 0.3596, 3, 5, 4, 4.9989, 16, 10, 14, 11, 34, 1.467, 13, 32, 11, 43, 5],
      [91, 39, 4.8754, 11.9995, 36, 10, 25, 7.0064, 8.9005, 41, 36, 26, 2.0042, 43, 6.1758, 152, 58, 93, 61, 50, 209, 104, 93, 90, 127, 61, 7.9715, 76, 195, 35, 102, 54, 26, 23, 28, 16.9943, 24, 62, 86, 18, 11.9311, 36, 18, 9.9982, 17.9812, 49, 130, 11.9482, 5.086, 53, 2.1447, 24, 37, 12, 20.0003, 82, 51, 72, 53, 150, 6.9455, 72, 232, 29, 194, 21],
      [267, 102, 2.0588, 8.0013, 28, 150, 70, 16.0078, 4.2577, 227, 163, 136, 56.0319, 254, 5.0677, 251, 143, 210, 158, 39, 187, 88, 190, 88, 125, 65, 2.0808, 197, 420, 16, 383, 131, 20, 16, 52, 18.0094, 76, 176, 169, 97, 8.8435, 40, 14, 7.0128, 8.0192, 144, 339, 3.0143, 1.2753, 51, 3.9816, 26, 23, 7, 21.0006, 131, 92, 133, 81, 226, 5.1196, 114, 316, 51, 291, 20],
      [16, 10, 0.0941, 0.0002, 4, 9, 5, 0.0094, 0.0023, 24, 11, 11, 1.9965, 17, 0.1837, 18, 11, 18, 15, 3, 15, 10, 15, 6, 11, 7, 0, 18, 43, 3, 30, 12, 2, 1, 4, 1.0006, 10, 14, 18, 4, 0.2394, 6.9884e-11, 1, 0.0009, 0.0009, 15, 27, 1.0121, 0.0735, 4, 0.3863, 3, 1, 2, 1, 12, 5, 13, 4, 9, 0.7054, 16, 21, 2, 28, 1.3521e-06]
    ],
    [
      [5, 2, 1.8719, 0.9995, 3.0567e-07, 3.764e-15, 2, 1.0011, 0.998, 3, 2, 1, 0.0023, 3, 0, 12, 3, 7, 2, 2, 16, 6, 8, 10, 10, 6, 0.0132, 3, 17, 1, 6, 5, 1, 1, 2, 0.0017, 2, 2, 6, 1, 0.0444, 4, 1, 0.0021, 0.9974, 2, 9, 0.0027, 1.3191, 2, 0, 2, 3, 3.4202e-07, 0, 3, 2, 4, 1, 7, 0, 4, 14, 3, 12, 1],
      [7, 4, 0.0936, 0.9997, 1.6921e-08, 4.939e-13, 1, 2.0001, 0.9728, 2, 1, 1, 0.0033, 2, 1.0669, 9, 7, 4, 2, 2, 18, 7, 5, 8, 11, 2, 0.9756, 4, 17, 3, 4, 2, 2, 3, 6, 1.0007, 1, 3, 4, 1, 1.4252, 2, 1, 2.9901, 1.9986, 3, 5, 0, 1.0287, 7, 0.6313, 3, 3, 5, 2.0005, 3, 3, 5, 5, 6, 0.1697, 2, 16, 3, 35, 6],
      [6, 5, 1.169, 5.9998, 7, 1, 3, 0.997, 4.1836, 3, 2, 2, 0.0004, 4, 2.0787, 14, 4, 8, 5, 11, 38, 16, 9, 17, 17, 8, 3.952, 4, 13, 9, 3, 3, 5, 12, 5, 3.004, 3, 6, 8, 3, 1.5016, 9, 4, 0.0048, 3.0061, 2, 8, 3.9974, 1.646, 7, 0.3919, 4, 10, 9, 3.9997, 10, 6, 10, 7, 20, 2.7698, 8, 23, 8, 29, 5],
      [24, 14, 15.8535, 25.0017, 41, 2, 9, 4.992, 21.7229, 6, 7, 5, 0.9934, 7, 17.8281, 78, 22, 41, 17, 53, 246, 110, 46, 87, 113, 57, 23.1115, 30, 87, 59, 26, 21, 28, 37, 14, 18, 9, 21, 42, 3, 25.0316, 27, 28, 21.002, 35.0038, 16, 47, 24.9967, 23.4811, 61, 1.7409, 29, 62, 32, 20.0008, 47, 25, 39, 37, 104, 12.2032, 53, 183, 23, 124, 23],
      [72, 35, 6.0166, 15.9988, 30, 9, 22, 7.0077, 9.0902, 36, 25, 20, 0.9976, 42, 8.8126, 129, 52, 89, 44, 39, 219, 91, 92, 85, 112, 59, 6.9478, 71, 185, 26, 84, 49, 20, 26, 25, 16.9944, 26, 59, 78, 18, 12.0084, 30, 19, 13.9995, 14.9923, 38, 116, 8.0011, 7.1747, 57, 2.0413, 29, 38, 18, 18.9989, 73, 44, 71, 53, 152, 5.8748, 78, 245, 37, 184, 20],
      [4, 3, 0.9954, 0.0004, 4, 6.4568e-15, 1, 0.0021, 0.0326, 3, 1, 1, 0.003, 2, 0.2137, 9, 4, 8, 4, 3, 17, 10, 7, 6, 10, 6, 0, 6, 19, 5, 6, 4, 1, 2, 2, 0.9992, 3, 4, 8, 5.0758e-10, 0.9888, 6.9888e-11, 2, 0.0014, 0.0018, 4, 9, 2.0022, 2.3505, 4, 0.1947, 3, 3, 4, 7.0577e-06, 7, 2, 7, 2, 6, 0.9825, 11, 16, 1, 17, 2.3527e-06]
    ],
    [
      [4, 1, 0.0809, 0, 1.1765e-09, 1.4829e-12, 1, 0.0047, 0.0007, 3, 3, 2, 0.0052, 3, 0, 5, 1, 4, 1, 1, 3, 1, 4, 3, 3, 2, 0.0016, 2, 9, 1.0352e-09, 5, 3, 1, 6.5629e-10, 1, 0, 2, 1, 3, 1.5814e-06, 0.0225, 1, 3.8031e-06, 0.0001, 0.0008, 2, 5, 0.0001, 0.3625, 1.4022e-13, 0, 6.0046e-09, 4.53e-12, 6.7158e-08, 9.0808e-07, 2, 2, 2, 8.4673e-13, 3, 0, 1, 5, 1, 3, 6.3563e-07],
      [5, 2, 0.0243, 0.0005, 6.5157e-07, 7.12e-18, 1.053e-10, 0.0136, 0.0009, 1, 2, 1, 0.0092, 1, 0.0785, 4, 3, 2, 1, 7.479e-13, 3, 2, 3, 2, 3, 2.1696e-15, 0.0349, 3, 9, 4.2877e-10, 3, 1, 2, 4.7378e-09, 3, 0.0007, 1, 1, 2, 4.3258e-10, 0.1794, 7.0366e-11, 1.3209e-06, 0.007, 0.0006, 3, 3, 0, 0.0439, 2, 0.2865, 7.8919e-09, 1.8316e-11, 1, 6.3702e-06, 2, 2, 2, 2, 2, 0.4635, 2.6192e-18, 5, 1, 10, 3.8941e-06],
      [2, 1, 0.047, 0.0004, 2, 4.4705e-15, 1.67e-10, 0.0041, 0.0384, 2, 1, 7.5914e-10, 0.0031, 1, 0.0677, 5, 1, 4, 2, 3, 7, 4, 3, 4, 5, 2, 0.0459, 2, 7, 2, 2, 1.1574e-16, 2, 2, 2, 1.9977, 1, 3, 3, 5.3109e-10, 0.1758, 1, 1, 0.0035, 0.0011, 1, 5, 0.0035, 0.0811, 1, 0.1296, 2.3838e-09, 2, 1, 0, 4, 2, 3, 2, 9, 1.3855, 2, 8, 2, 7, 2.1227e-06],
      [19, 10, 3.0362, 4.999, 18, 2, 7, 2.9759, 2.0945, 8, 8, 6, 0.9945, 8, 1.3127, 37, 12, 25, 11, 20, 52, 32, 27, 29, 34, 20, 4.926, 19, 46, 18, 18, 15, 19, 9, 10, 11.0038, 8, 14, 22, 6, 7.5131, 8, 6, 3.9877, 4.0095, 11, 28, 6.0067, 3.4989, 21, 0.8908, 7, 20, 10, 4.9995, 29, 20, 20, 13, 44, 4.8805, 17, 63, 8, 39, 2],
      [49, 22, 1.7922, 2.0001, 14, 12, 11, 2.9968, 2.8621, 34, 35, 27, 6.9871, 40, 0.4815, 58, 26, 53, 24, 14, 45, 27, 50, 25, 36, 20, 0.9916, 47, 98, 8, 71, 32, 15, 5, 17, 12.9971, 20, 34, 42, 13, 5.7499, 7, 7, 3.0009, 3.988, 34, 75, 2.9869, 2.9311, 17, 1.6081, 7, 10, 6, 7.0005, 43, 31, 36, 23, 70, 2.5835, 26, 87, 16, 55, 2],
      [2, 2, 0.0195, 2.4985e-06, 1, 3.7871e-15, 6.519e-11, 0.0048, 0.0034, 3, 2, 2, 0.001, 2, 0.0597, 4, 2, 4, 2, 1, 3, 2, 4, 1, 3, 2, 0, 4, 10, 1, 5, 3, 1, 2.7462e-09, 1, 0.0006, 2, 2, 4, 1.0672e-09, 0.3592, 2.1173e-12, 3.8288e-06, 0.0008, 0, 3, 5, 0.0028, 0.0823, 1, 0.085, 1.4041e-08, 5.3444e-11, 1, 3.6743e-06, 4, 1, 3, 1, 2, 0.6869, 3, 5, 5.7342e-10, 5, 0]
    ],
    [
      [3, 1, 0.0247, 4.0082e-06, 1.7208e-08, 2.272e-15, 1.3234e-10, 0.0023, 0.0035, 3, 2, 1, 0.0053, 1, 0, 3, 1, 2, 1.5149e-18, 5.2544e-12, 3, 2, 3, 4, 2, 1, 0.0003, 1, 7, 4.3736e-11, 3, 2, 2.2543e-09, 7.6589e-09, 7.933e-16, 0.0002, 1, 1.1987e-24, 2, 3.9569e-07, 0.0018, 2, 7.3837e-06, 0.0001, 0.0023, 1, 3, 0, 0.0654, 3.8671e-14, 0, 5.533e-09, 3.8102e-12, 3.8108e-11, 8.2627e-07, 3.5851e-27, 2.2956e-14, 2.2454e-22, 2.1204e-15, 1, 0, 1.5542e-18, 2, 4.8921e-15, 2, 0],
      [3, 1, 0.0171, 0, 1.8983e-07, 4.5064e-15, 1.5337e-11, 0.003, 0.0155, 1, 1, 1.5183e-09, 0.005, 5.3693e-26, 0.0175, 2, 2, 1, 7.5438e-19, 2.5598e-12, 3, 2, 2, 3, 3, 2.377e-16, 0.0039, 1, 7, 1.9913e-09, 2, 5.1124e-14, 3.479e-09, 8.8298e-09, 1, 0.0008, 5.4087e-13, 4.8895e-23, 1, 4.484e-10, 0.1124, 7.0013e-11, 1.643e-06, 0.0041, 0.0021, 2, 2, 0, 0.037, 3.646e-14, 0, 2.5735e-08, 8.3318e-11, 1.0277e-08, 3.0839e-06, 8.959e-24, 9.1473e-17, 4.4919e-22, 1.103e-13, 1, 0.0078, 2.9002e-18, 2, 2.3086e-10, 7, 1.8716e-06],
      [1, 1, 0.0199, 0.0004, 5.9689e-07, 4.9201e-13, 1.2044e-10, 0.0011, 0.0036, 1.501e-26, 4.4819e-22, 9.6353e-17, 0, 1.9301e-30, 0.027, 3, 1, 2, 1.8495e-20, 2, 7, 5, 2, 6, 4, 2, 0.0228, 1, 5, 1, 1, 1.0723e-14, 7.8309e-09, 1, 6.1187e-15, 0.0006, 1.5475e-14, 7.4441e-24, 2, 3.9594e-07, 0.2941, 3, 3.3375e-06, 0.003, 0.0018, 1, 3, 0.0104, 0.0858, 1.101e-13, 0, 6.1728e-10, 2, 6.9641e-07, 0.0003, 2, 4.5736e-14, 1, 1, 4, 0.0669, 3.6174e-18, 4, 1, 5, 1.4823e-06],
      [12, 5, 1.0854, 2.9995, 5, 4.9882e-13, 3, 0.0081, 2.1015, 6, 4, 2, 0.0032, 2, 0.4093, 23, 7, 13, 5, 14, 51, 36, 20, 37, 30, 16, 2.9504, 10, 37, 8, 12, 8, 6, 6, 3, 3.0045, 3, 6, 14, 2, 1.8795, 13, 4, 1.999, 3.0008, 6, 17, 4.0029, 2.3825, 6, 0, 5, 17, 4, 4.0006, 11, 5, 6, 6, 20, 0.359, 4, 32, 3, 25, 2],
      [40, 16, 1.7543, 4.0001, 5, 9, 12, 1.9853, 1.8653, 33, 19, 16, 2.9858, 15, 0.5244, 40, 18, 33, 16, 14, 48, 32, 44, 40, 30, 19, 1.0225, 30, 84, 6, 46, 22, 6, 6, 8, 4.9936, 15, 19, 30, 18, 0.9805, 16, 4, 2.9935, 2.9922, 22, 46, 1.9871, 1.8778, 9, 0, 7, 14, 4, 5.9995, 21, 14, 13, 10, 30, 0.4219, 8, 45, 6, 40, 4],
      [2, 1, 0.0986, 9.4944e-06, 2, 1, 1, 0.0002, 0.0107, 3, 2, 1, 0.0006, 2, 0.0218, 3, 1, 3, 1, 1, 5, 3, 3, 2, 5, 2, 0, 3, 8, 1.0342e-09, 5, 1, 2, 1, 4.3142e-15, 0.0003, 1, 1, 3, 5.0069e-10, 0.7317, 1.1732e-14, 1, 0.0004, 0.0008, 2, 5, 0.9996, 0.5516, 1, 0, 1, 8.7138e-11, 1, 0.9997, 2, 4.5825e-14, 2, 1, 4, 0.1444, 2, 4, 1, 4, 1.3663e-08]
    ],
    [
      [3, 1, 0.0984, 0.0013, 1.8941e-07, 1, 7.9211e-11, 0.0042, 0.0041, 3, 4, 1, 0.0023, 3, 0, 4, 1, 3, 1, 5.1473e-12, 2, 1, 3, 1, 2, 2, 0.0017, 2, 8, 6.7224e-12, 5, 2, 1.7406e-09, 5.2105e-09, 4.6872e-15, 0.0001, 1, 1, 2, 1.3775e-09, 0.0022, 1, 3.6e-06, 0.0004, 0.0001, 2, 4, 0.0001, 0.0041, 6.8702e-14, 0, 6.6847e-09, 2.1691e-11, 4.101e-07, 0.0003, 1, 1, 1, 5.3233e-14, 1, 0, 1, 3, 1, 3, 0],
      [5, 2, 0.0053, 0.0002, 2.7074e-10, 1, 1.0786e-10, 0.0086, 0.0004, 1, 2, 1, 0.9949, 2, 0.1149, 3, 2, 2, 1, 7.064e-12, 2, 1, 2, 1, 2, 1, 0.0596, 2, 8, 1.2091e-09, 3, 1, 1, 1.0343e-08, 1, 0, 1.6228e-12, 1, 1, 5.6186e-10, 0.0342, 1.2499e-12, 1.9052e-06, 0.0043, 0.0022, 3, 2, 0, 0.0104, 1, 0.2742, 1.9044e-08, 1.1015e-10, 1.3887e-07, 4.9595e-06, 1, 1, 1, 1, 1, 0.0601, 2.15e-18, 3, 1, 9, 1],
      [2, 1, 0.0572, 1.0003, 1, 9.8406e-13, 1.6545e-11, 0.0015, 0.0391, 1.4618e-26, 1, 4.7826e-17, 0.0004, 1, 0.1072, 3, 1, 4, 1, 1, 5, 2, 2, 2, 3, 2, 0.022, 1, 6, 1, 2, 4.1873e-14, 1, 1, 1, 0.002, 1.6125e-14, 1, 2, 4.9862e-10, 0.0137, 2, 5.4443e-06, 0.0017, 0.0011, 1, 4, 0.0105, 0.0024, 3.708e-14, 0.0795, 6.7572e-09, 1, 3.4281e-07, 0, 2, 1, 2, 1, 4, 0.2079, 1, 5, 2, 7, 0],
      [16, 7, 3.3018, 6.0004, 9, 1, 2, 1.002, 2.0242, 6, 9, 4, 0.0041, 7, 2.6196, 25, 7, 21, 11, 6, 34, 20, 21, 15, 21, 19, 4.9667, 15, 39, 11, 16, 11, 9, 6, 4, 1.0011, 5, 12, 14, 2, 1.345, 9, 4, 3.0049, 0.999, 10, 21, 4.0189, 0.4369, 8, 0.7676, 6, 14, 3, 1.9997, 13, 11, 12, 7, 21, 1.5068, 10, 41, 8, 34, 4],
      [47, 20, 1.8939, 5.9986, 7, 21, 7, 3.0016, 1.0638, 39, 41, 22, 10.0009, 42, 2.0128, 42, 18, 48, 28, 5, 30, 17, 43, 15, 21, 21, 2.95, 38, 85, 6, 62, 29, 7, 4, 7, 0.999, 16, 34, 29, 13, 0.1256, 10, 3, 3.9936, 0.0018, 30, 55, 0.995, 0.0112, 8, 1.5864, 7, 8, 2, 2.0003, 21, 21, 23, 10, 32, 0.6769, 17, 56, 14, 51, 5],
      [5, 6, 1.6434, 0.9993, 3, 4, 3, 1.982, 1.8683, 7, 5, 4, 0.9974, 5, 0.1456, 5, 3, 7, 5, 2, 4, 5, 6, 5, 3, 4, 0, 6, 11, 3, 7, 6, 2, 2, 3, 1.9978, 6, 6, 6, 4, 0.4793, 3, 3, 0.9952, 0.9958, 5, 6, 1.9755, 0.5351, 3, 0.2923, 4, 4, 3, 0.9997, 4, 5, 5, 2, 3, 0.5483, 5, 6, 3, 7, 2]
    ]
  ],
  "V_est": [
    [215.4128, 70.2554, 109.238, 770.3845, 999.2014, 59.508],
    [71.1486, 189.6766, 70.6949, 533.3752, 850.4075, 51.6972],
    [512.4808, 599.7723, 679.2968, 3640.9628, 6962.7821, 564.7054],
    [228.2535, 273.3568, 471.7017, 2612.9632, 3425.9566, 269.7683],
    [99.4792, 96.1434, 129.9845, 1022.1293, 1636.9575, 110.3061],
    [59.1059, 50.2262, 74.5377, 622.1862, 1138.3837, 103.5603],
    [76.1193, 75.5694, 82.5465, 675.9989, 1274.3112, 242.4548]
  ],
  "p_est": [
    [0.0969, 0.0316, 0.0491, 0.3464, 0.4493, 0.0268],
    [0.0403, 0.1073, 0.04, 0.3019, 0.4813, 0.0293],
    [0.0395, 0.0463, 0.0524, 0.2809, 0.5373, 0.0436],
    [0.0313, 0.0375, 0.0648, 0.3588, 0.4705, 0.037],
    [0.0321, 0.0311, 0.042, 0.3303, 0.5289, 0.0356],
    [0.0289, 0.0245, 0.0364, 0.3038, 0.5558, 0.0506],
    [0.0314, 0.0311, 0.034, 0.2785, 0.5251, 0.0999]
  ],
  "EI_Z": {},
  "EI_V": 36.5597,
  "MAE_Z": {},
  "MAE_V": 553.67,
  "MAE_p": 0.1076,
  "runtime": 0.6896
}
