{
  "Z_true": {},
  "V_true": [
    [775, 165, 1424, 87],
    [713, 297, 13845, 533],
    [192, 10598, 895, 496],
    [47, 198, 865, 229],
    [116, 946, 940, 859]
  ],
  "p_true": [
    [0.3162, 0.0673, 0.581, 0.0355],
    [0.0463, 0.0193, 0.8997, 0.0346],
    [0.0158, 0.87, 0.0735, 0.0407],
    [0.0351, 0.1479, 0.646, 0.171],
    [0.0405, 0.3307, 0.3286, 0.3002]
  ],
  "Z_est": [
    [
      [20.7507, 20.3524, 14.9757, 29.6806, 18.6563, 24.5925, 0, 20.3524, 21.2004, 31.2451, 38.1607, 21.6803, 11.0242, 50.8809, 8.7061, 4.2401, 1.696, 2.6465, 37.3127, 7.6321, 32.8029, 14.9512, 0.6377, 9.3282, 8.6084, 3.6275, 10.1762, 127.4503, 35.6145, 60.0624, 64.4492, 27.552, 14.4802, 3.8929, 50.0329, 0.6377, 40.8099, 2.6019, 7.6321, 16.1123, 4.2672, 185.7136, 70.1336, 18.3972, 12.7202, 8.9272, 4.2401, 14.4163, 122.1143, 23.9393, 130.762, 17.9173],
      [0.8567, 0.8254, 0.4064, 1.9635, 1.595, 1.1318, 0.0188, 0.9963, 1.0275, 1.5256, 8.65, 1.0586, 0.6538, 4.2542, 0.3736, 0.0375, 0.1557, 0.1557, 1.619, 0.467, 1.3077, 0.5293, 0.0311, 0.3736, 0.3114, 0.1868, 0.5022, 0, 0, 3.4871, 2.8956, 6.8286, 0.5293, 0.1868, 11.4958, 0.0311, 1.9926, 0.1245, 1.0067, 0.9483, 1.0277, 9.0914, 0.5815, 4.2613, 0.8004, 0.4359, 0.6538, 0.7161, 13.9413, 1.3293, 0, 1.1831],
      [9.8248, 15.6382, 7.2097, 19.4332, 20.0211, 16.0917, 1.2539, 10.0308, 10.3183, 14.8873, 32.7518, 10.6578, 8.5326, 28.3565, 2.3815, 1.7224, 0.6414, 2.1091, 12.3381, 6.3877, 7.5168, 1.2178, 0.3135, 2.0853, 0.9028, 1.98, 4.7888, 35.1421, 10.5514, 43.8884, 24.3133, 22.1005, 1.6888, 1.8808, 28.8387, 0.3135, 20.0617, 1.2539, 16.4954, 8.1501, 2.5077, 94.9847, 39.2973, 7.7692, 9.0712, 4.3885, 15.6325, 7.2097, 63.3197, 12.5386, 35.5541, 18.2814],
      [0.5679, 1.1841, 0.4082, 0.9228, 0.7276, 1.1841, 2.7274, 0.6205, 0.4539, 1.3419, 1.4374, 0.6034, 0.7894, 1.5084, 0.5388, 0, 2.5069, 0.0887, 0.7302, 0.5131, 0.3727, 0.3017, 0.0177, 0.2129, 0.1775, 0.2057, 0.5328, 2.4076, 0.834, 4.5621, 1.3419, 1.5189, 0.3017, 0.0395, 1.6326, 0.0177, 1.1357, 0.0197, 0.8657, 0.7894, 0.1973, 2.2103, 1.9875, 0.5723, 0.4082, 0.2484, 0.4736, 0.658, 2.6247, 2.1928, 2.6839, 0.6181]
    ],
    [
      [1.6578, 0.6107, 7.0913, 0.8906, 0.5598, 0.7379, 0, 0.6107, 0.7283, 0.9415, 1.145, 0.6616, 0.3308, 1.5267, 0.2544, 0.1272, 0.0396, 0.0701, 1.2842, 0.229, 0.9923, 1.4056, 1.1943, 0.3551, 0.3308, 0.0579, 0.2865, 9.9386, 1.3793, 1.5542, 1.9338, 0, 0.5343, 0.1527, 1.5012, 0.0714, 1.4921, 0.5288, 0.229, 0.4835, 0.1272, 2.5934, 0.4742, 0.2743, 0.3817, 2.9849, 0.1272, 0.4326, 3.664, 0.291, 4.1221, 0.1981],
      [1.3987, 0, 0.6636, 3.7165, 3.9613, 0, 0.0306, 0, 9.8748, 9.0258, 5.1497, 2.6749, 0.2972, 5.0764, 0.1327, 0.0613, 0.1053, 0.1862, 3.1541, 0, 2.6575, 7.2596, 0.337, 4.2728, 0.5992, 0.1538, 0.9055, 4.4003, 2.7157, 2.8995, 3.2388, 1.4494, 1.2064, 0.3077, 22.9302, 0.1124, 10.5122, 0.2186, 1.4736, 1.4817, 0.858, 1.0197, 0, 1.8683, 1.7166, 0.9699, 0.1839, 1.9092, 15.0579, 1.3603, 6.5747, 0.5263],
      [509.5013, 350.918, 362.5475, 437.3354, 409.8504, 325.9217, 19.4726, 197.0689, 220.7907, 312.3732, 605.1309, 262.6811, 219.8076, 575.2617, 23.0108, 14.8115, 10.8313, 21.8763, 272.8647, 129.8002, 269.0749, 101.4199, 26.986, 92.4814, 70.0058, 17.9209, 85.4144, 894.3897, 396.9802, 483.5739, 378.2639, 169.593, 140.3651, 36.9614, 888.705, 8.527, 534.3599, 25.9635, 172.7609, 169.4704, 48.1237, 816.6011, 248.231, 79.4732, 201.1231, 209.8083, 168.7502, 366.6619, 1179.8263, 158.8318, 761.9842, 61.584],
      [31.4422, 16.4713, 16.6976, 17.0575, 15.6286, 17.3404, 2.4968, 10.3204, 7.6062, 19.6595, 24.5744, 10.9825, 11.5644, 25.1352, 2.602, 0, 2.0238, 0.8673, 10.6971, 6.9708, 11.2753, 4.9149, 0.4827, 5.8907, 3.0643, 0.8673, 7.3936, 35.2715, 17.9249, 21.9724, 16.5635, 7.9577, 6.8941, 0.5782, 24.8635, 0.2891, 17.6357, 0.2891, 7.5364, 11.5644, 2.8911, 30.7859, 13.2947, 8.3842, 8.7787, 5.2368, 6.9387, 17.9964, 38.4517, 7.5169, 39.319, 2.6916]
    ],
    [
      [2.1236, 1.6065, 2.2809, 2.7528, 1.7303, 2.2809, 0, 1.8876, 2.3614, 2.9101, 3.5393, 2.0449, 1.0225, 4.719, 0.7865, 0.2787, 0.1573, 0.1904, 3.4606, 0.7079, 3.0674, 1.7303, 0.1573, 0.8652, 1.0225, 0.3146, 0.9438, 13.0446, 4.4122, 5.5055, 5.9774, 2.4382, 4.8621, 1.3445, 4.6404, 0.1573, 3.8539, 0.3146, 0.7079, 1.4944, 0.3933, 16.5165, 6.2134, 1.6517, 1.1798, 5.0576, 0.3933, 1.3371, 10.801, 1.6422, 23.3335, 1.573],
      [128.2257, 123.5459, 56.5391, 288.6166, 369.4621, 171.2556, 2.8079, 177.1429, 425.859, 346.0549, 726.2444, 245.2199, 159.0911, 681.682, 10.5471, 5.4994, 10.3025, 15.0035, 200.975, 112.5409, 230.4439, 68.3185, 8.4358, 42.1975, 41.0205, 17.6593, 173.8369, 404.4709, 248.9637, 265.8109, 254.6334, 262.0652, 156.7242, 71.9981, 767.857, 6.7687, 626.6564, 18.8717, 154.3369, 159.1864, 67.1095, 586.8431, 87.0437, 171.2796, 110.8755, 89.0738, 61.773, 175.4766, 925.4687, 129.3436, 631.2399, 85.6828],
      [5.2884, 6.2803, 2.4038, 11.3164, 17.529, 19.9584, 1.3348, 7.4333, 0.0766, 0, 28.2539, 10.8474, 19.3209, 26.6267, 0, 0.2219, 0.376, 0.5917, 5.8247, 9.9601, 7.1962, 0, 0.3328, 0.5306, 0.381, 2.0991, 2.8078, 27.451, 12.0333, 33.4816, 6.7584, 10.3179, 4.337, 4.5094, 10.11, 0, 9.973, 0.7396, 7.7447, 5.2896, 1.429, 28.3474, 9.2628, 0.7108, 4.3638, 9.4619, 4.2761, 11.3232, 36.168, 5.0891, 25.6652, 4.0037],
      [7.3624, 3.5673, 3.7763, 3.3143, 5.2786, 10.5052, 1.8574, 14.5362, 1.703, 5.035, 5.9624, 2.8877, 3.5655, 6.9722, 0.6664, 0, 1.1642, 0.2144, 2.7396, 2.7911, 2.2926, 0.9512, 0.074, 1.4068, 0.5761, 1.927, 2.4115, 9.0334, 4.5908, 8.202, 3.6307, 4.1788, 2.0767, 0.1481, 5.3927, 0.074, 4.5167, 0.074, 2.2106, 6.0296, 1.0683, 8.293, 3.4801, 2.3579, 1.5809, 1.4067, 1.5576, 13.8632, 5.5623, 1.9252, 13.7614, 0.7404]
    ],
    [
      [2.0165, 0.7481, 0.904, 1.091, 0.6858, 0.904, 0, 0.7481, 0.2145, 1.2848, 1.4027, 1.1786, 0.4052, 1.8703, 0.0858, 0.1546, 0.0855, 0.0429, 1.0424, 0.2805, 1.4159, 0.6858, 0, 0.1716, 0.4291, 0, 0.3929, 4.9252, 1.6304, 2.0595, 2.3691, 0.6007, 0.7723, 0.0429, 1.8392, 0.0858, 1.6918, 0.2562, 0.2805, 0.5923, 0.1287, 3.5611, 0.8581, 0.3861, 0.4676, 0.7294, 0.1559, 0.5299, 5.1915, 0.8152, 2.0595, 0.1716],
      [0.2231, 0.215, 0.1059, 0.9946, 0.6319, 0.2948, 0.0049, 0.2672, 0.0742, 0.6172, 1.5444, 0.4383, 0.2375, 0.7421, 0.0212, 0.0098, 0.0445, 0.0148, 0.3414, 0.1633, 0.4898, 0.2078, 0, 0.0594, 0.1484, 0, 0.2996, 1.5436, 0.564, 0.7124, 0.5789, 0.2078, 0.2672, 0.0148, 1.7412, 0.3319, 1.096, 0.1721, 0.2622, 0.3265, 0.0445, 1.2319, 0.1515, 0.298, 0.8551, 0.1547, 0.3562, 0.3045, 1.796, 0.282, 0.7124, 0.0594],
      [38.8663, 27.1507, 15.0415, 40.797, 20.1237, 25.0692, 0.8356, 15.0415, 4.1782, 31.6936, 47.976, 23.3979, 13.3703, 42.057, 1.6713, 0.8356, 2.4159, 0.8356, 19.2197, 9.1921, 27.5762, 11.699, 0, 3.3426, 8.3564, 0, 10.5586, 86.9067, 31.7544, 40.1108, 31.8942, 11.699, 15.0415, 0.8356, 51.8097, 1.5155, 34.2613, 2.5069, 14.6449, 18.3841, 2.5069, 69.3582, 16.7128, 6.4375, 25.479, 14.95, 20.9292, 20.891, 101.1126, 15.8772, 40.1108, 3.3426],
      [5.894, 3.8862, 1.9486, 5.1173, 2.5587, 3.732, 0.1595, 1.9432, 0.5331, 4.4043, 6.0768, 2.9851, 1.987, 5.3306, 0.2217, 0, 0.4541, 0.1066, 2.3965, 1.3641, 3.5182, 1.4074, 0, 0.4264, 1.0661, 0, 1.7488, 10.6245, 4.0512, 5.1173, 4.1578, 1.4926, 1.919, 0.1066, 6.6099, 0.0668, 3.951, 0.0648, 1.8124, 2.6971, 0.3198, 8.8487, 2.2776, 1.8783, 3.1983, 1.1659, 2.5587, 3.2745, 12.9, 2.0256, 5.1173, 0.4264]
    ],
    [
      [0.4514, 0.6823, 3.7481, 0.5851, 0.3678, 0.4848, 0, 0.4012, 0.4954, 0.6185, 0.7523, 0.4347, 0.2173, 1.003, 0.1672, 0.1994, 0.0215, 0.0502, 0.9001, 0.1505, 0.7215, 3.2271, 0.0108, 0.28, 2.6093, 0, 0.2006, 2.6413, 0.9636, 0.8184, 1.2705, 0.4092, 0.3511, 0.567, 0.9863, 1.0478, 1.1523, 0.2985, 0.1505, 0.3176, 0.0836, 1.6153, 1.3207, 0.2908, 0.2508, 0.3009, 0.0836, 0.2842, 2.2292, 0.3123, 1.723, 0.14],
      [6.2959, 7.4137, 7.285, 18.7088, 12.3498, 8.3179, 0.1379, 8.5936, 18.1646, 21.7765, 36.4114, 12.6083, 7.7205, 31.2452, 1.9254, 0.3921, 0.3921, 1.6397, 10.9105, 2.8288, 20.1012, 5.6848, 0.196, 5.0967, 3.9206, 0, 8.4557, 20.5852, 13.7565, 11.09, 19.6534, 7.4491, 6.2729, 3.4926, 34.9758, 1.7559, 32.7428, 1.6131, 3.9206, 7.057, 1.9603, 28.8139, 5.2233, 5.2928, 13.7525, 4.3657, 3.033, 8.5936, 50.736, 5.6848, 29.4729, 2.5484],
      [30.5192, 39.0128, 22.7975, 42.118, 23.4759, 20.959, 1.1031, 14.4254, 14.6362, 26.0458, 51.8873, 28.4158, 16.9686, 46.6981, 3.9364, 1.4085, 0.7354, 3.5872, 18.7528, 9.6599, 24.636, 10.6633, 0.3677, 9.5602, 7.354, 0, 8.4304, 51.1105, 28.6807, 27.9453, 36.7702, 13.2897, 11.5675, 8.8128, 48.5366, 0.644, 39.3441, 1.5361, 7.354, 9.7058, 2.4327, 57.7086, 21.496, 5.6093, 30.9628, 10.3912, 9.412, 16.9143, 80.5735, 10.6633, 53.6857, 4.7882],
      [45.7335, 34.8911, 28.1694, 32.5881, 26.8066, 27.2383, 1.759, 20.5798, 12.7038, 37.5592, 46.949, 21.5413, 22.0936, 48.0536, 4.9711, 0, 0.851, 1.723, 20.4366, 14.3609, 21.5413, 9.4248, 0.4255, 11.063, 6.1161, 0, 14.9132, 64.6629, 34.5991, 36.1462, 42.306, 16.852, 13.8085, 1.1276, 47.5013, 0.5523, 33.7609, 0.5523, 8.5749, 18.9196, 5.5234, 61.8622, 25.96, 15.8072, 22.0339, 9.9421, 12.4714, 20.2079, 73.4613, 12.3395, 75.1183, 5.5234]
    ]
  ],
  "V_est": [
    [1530.7942, 94.5628, 774.6258, 51.0172],
    [59.5892, 146.6857, 14546.072, 635.6531],
    [163.7866, 11358.0812, 459.8384, 199.2938],
    [50.4414, 22.2558, 1120.374, 145.9288],
    [38.3886, 582.4144, 1068.0899, 1172.1071]
  ],
  "p_est": [
    [0.6246, 0.0386, 0.316, 0.0208],
    [0.0039, 0.0095, 0.9453, 0.0413],
    [0.0134, 0.9324, 0.0378, 0.0164],
    [0.0377, 0.0166, 0.8367, 0.109],
    [0.0134, 0.2036, 0.3733, 0.4097]
  ],
  "EI_Z": {},
  "EI_V": 8.8241,
  "MAE_Z": {},
  "MAE_V": 301.9613,
  "MAE_p": 0.077,
  "runtime": 4.293
}
