{
  "X": [
    [26, 49, 74, 257, 13],
    [24, 50, 80, 300, 15],
    [54, 90, 141, 865, 30],
    [6, 12, 8, 24, 0],
    [3, 34, 25, 29, 1],
    [2, 29, 23, 29, 1],
    [0, 7, 8, 36, 1],
    [40, 191, 191, 273, 6],
    [135, 183, 329, 658, 18],
    [9, 81, 89, 153, 8],
    [8, 18, 23, 63, 2],
    [3, 12, 10, 33, 1],
    [6, 35, 42, 38, 1],
    [3, 5, 14, 42, 0],
    [62, 160, 180, 927, 19],
    [29, 37, 34, 209, 4],
    [82, 159, 167, 832, 12],
    [39, 128, 166, 253, 9],
    [3, 9, 12, 39, 3],
    [26, 44, 63, 168, 5],
    [15, 36, 39, 143, 5],
    [22, 51, 41, 80, 4],
    [9, 18, 18, 112, 4],
    [60, 89, 116, 606, 25],
    [10, 28, 29, 43, 2],
    [1, 4, 11, 26, 1],
    [4, 7, 16, 27, 0],
    [39, 137, 132, 685, 13],
    [34, 78, 109, 440, 12],
    [59, 178, 192, 604, 23],
    [3, 1, 6, 20, 0],
    [9, 7, 4, 57, 1],
    [9, 3, 20, 38, 5],
    [0, 1, 5, 14, 0],
    [3, 3, 9, 10, 2],
    [55, 101, 143, 598, 28],
    [23, 3, 10, 2, 1],
    [4, 1, 4, 23, 0],
    [2, 8, 8, 43, 3],
    [35, 81, 58, 517, 14],
    [53, 87, 120, 663, 17],
    [1, 5, 5, 7, 0],
    [0, 4, 3, 3, 0],
    [2, 5, 10, 7, 1],
    [1, 13, 6, 17, 0],
    [10, 16, 17, 26, 0],
    [89, 211, 231, 623, 19],
    [13, 10, 17, 24, 0],
    [5, 10, 19, 28, 2],
    [0, 1, 3, 3, 0],
    [36, 102, 82, 214, 3],
    [0, 1, 1, 12, 0],
    [19, 39, 54, 156, 6],
    [3, 3, 5, 14, 0],
    [3, 1, 3, 17, 0],
    [3, 4, 5, 24, 2],
    [26, 82, 83, 405, 4],
    [17, 80, 105, 98, 5],
    [50, 111, 105, 556, 11],
    [50, 95, 106, 552, 13],
    [47, 267, 225, 326, 18],
    [0, 5, 0, 3, 0],
    [2, 2, 2, 6, 0],
    [0, 1, 2, 3, 0],
    [11, 7, 25, 42, 4],
    [3, 3, 2, 9, 1],
    [25, 126, 73, 170, 6],
    [33, 201, 192, 409, 15],
    [1, 1, 2, 16, 1],
    [37, 36, 74, 205, 25],
    [19, 65, 61, 224, 5],
    [11, 134, 74, 93, 9],
    [1, 5, 3, 8, 0],
    [1, 6, 5, 12, 0],
    [2, 6, 4, 41, 0],
    [52, 137, 103, 552, 9],
    [15, 36, 34, 122, 2],
    [65, 132, 129, 293, 15],
    [0, 3, 1, 11, 0],
    [23, 53, 31, 249, 7],
    [7, 35, 19, 45, 1],
    [5, 60, 55, 102, 4],
    [37, 295, 249, 360, 5],
    [19, 101, 98, 144, 3],
    [66, 153, 145, 742, 17],
    [25, 58, 33, 245, 7],
    [73, 204, 188, 386, 10],
    [20, 49, 47, 322, 4],
    [2, 3, 3, 8, 0],
    [0, 3, 9, 16, 0],
    [12, 24, 32, 64, 8],
    [4, 3, 5, 13, 0],
    [10, 26, 24, 158, 6],
    [33, 42, 58, 238, 5],
    [32, 239, 268, 467, 14],
    [205, 620, 663, 1595, 75],
    [167, 568, 523, 1235, 63],
    [1, 1, 6, 5, 1]
  ],
  "W": [
    [21, 91, 261, 25, 21],
    [14, 113, 292, 29, 21],
    [35, 191, 873, 55, 26],
    [8, 14, 20, 3, 5],
    [21, 35, 25, 2, 9],
    [19, 25, 30, 1, 9],
    [5, 9, 35, 1, 2],
    [113, 236, 281, 55, 16],
    [82, 393, 658, 148, 42],
    [58, 98, 148, 11, 25],
    [9, 26, 62, 11, 6],
    [9, 12, 35, 3, 0],
    [22, 51, 38, 8, 3],
    [3, 14, 39, 5, 3],
    [61, 266, 902, 80, 39],
    [15, 46, 214, 26, 12],
    [74, 230, 809, 98, 41],
    [76, 197, 257, 49, 16],
    [1, 20, 37, 5, 3],
    [24, 76, 168, 26, 12],
    [15, 53, 145, 20, 5],
    [24, 63, 85, 19, 7],
    [6, 25, 109, 12, 9],
    [31, 145, 632, 62, 26],
    [9, 43, 45, 8, 7],
    [3, 10, 26, 3, 1],
    [4, 18, 28, 4, 0],
    [47, 210, 686, 39, 24],
    [35, 149, 432, 38, 19],
    [71, 269, 610, 67, 39],
    [0, 7, 20, 3, 0],
    [5, 2, 53, 13, 5],
    [2, 20, 39, 7, 7],
    [0, 6, 12, 2, 0],
    [1, 10, 11, 5, 0],
    [37, 199, 590, 56, 43],
    [0, 12, 25, 2, 0],
    [1, 6, 22, 3, 0],
    [3, 8, 47, 3, 3],
    [36, 98, 508, 40, 23],
    [32, 154, 660, 58, 36],
    [1, 9, 7, 1, 0],
    [1, 4, 4, 0, 1],
    [2, 13, 6, 1, 3],
    [1, 18, 18, 0, 0],
    [2, 25, 29, 12, 1],
    [80, 311, 626, 106, 50],
    [2, 25, 23, 10, 4],
    [0, 24, 29, 6, 5],
    [0, 3, 4, 0, 0],
    [33, 134, 209, 38, 23],
    [0, 1, 13, 0, 0],
    [22, 76, 139, 28, 9],
    [1, 8, 15, 1, 0],
    [0, 5, 17, 2, 0],
    [4, 4, 25, 5, 0],
    [39, 110, 385, 38, 28],
    [46, 119, 102, 23, 15],
    [29, 145, 554, 75, 30],
    [33, 172, 507, 70, 34],
    [92, 339, 355, 62, 35],
    [0, 5, 3, 0, 0],
    [2, 3, 5, 2, 0],
    [0, 1, 4, 1, 0],
    [3, 23, 44, 13, 6],
    [2, 3, 9, 3, 1],
    [63, 112, 175, 22, 28],
    [91, 261, 408, 64, 26],
    [1, 1, 16, 3, 0],
    [15, 96, 209, 44, 13],
    [12, 89, 230, 24, 19],
    [70, 122, 93, 10, 26],
    [2, 3, 11, 1, 0],
    [5, 4, 9, 5, 1],
    [2, 7, 38, 1, 5],
    [41, 170, 563, 53, 26],
    [11, 59, 116, 17, 6],
    [48, 176, 311, 69, 30],
    [0, 4, 11, 0, 0],
    [13, 56, 253, 33, 8],
    [11, 40, 47, 7, 2],
    [28, 81, 96, 7, 14],
    [120, 355, 387, 56, 28],
    [51, 127, 144, 20, 23],
    [58, 207, 725, 83, 50],
    [22, 54, 248, 31, 13],
    [90, 280, 369, 88, 34],
    [11, 71, 306, 36, 18],
    [1, 5, 10, 0, 0],
    [1, 9, 18, 0, 0],
    [7, 42, 72, 13, 6],
    [0, 7, 13, 1, 4],
    [11, 40, 156, 12, 5],
    [19, 69, 223, 45, 20],
    [168, 322, 450, 39, 41],
    [298, 911, 1620, 180, 149],
    [232, 746, 1263, 174, 141],
    [1, 5, 6, 1, 1]
  ],
  "method": "mvn_pdf",
  "cond_prob": [
    [
      [0.00016818567182, 0.66093695308, 0.334100565, 0.0044907927563, 0.00030350349045],
      [0.042329148537, 0.27006252984, 0.61714461367, 0.048153696773, 0.022310011186],
      [0.036945865766, 0.011224526633, 0.021658908116, 0.9083767002, 0.021793999289],
      [0.44694421692, 0.091702038422, 0.060392519586, 0.31712426205, 0.083836963028],
      [0.063239961718, 0.25345149325, 0.17433048969, 0.35758484017, 0.15139321517]
    ],
    [
      [0.00015913576016, 0.67744853367, 0.31582970608, 0.0061790621712, 0.0003835623192],
      [0.040263645589, 0.27853875548, 0.58620393067, 0.066636294335, 0.028357373926],
      [0.025433242848, 0.0065658293276, 0.016725839893, 0.93211445426, 0.019160633673],
      [0.37746365477, 0.084523077962, 0.051342022572, 0.39160028188, 0.095070962815],
      [0.051191773707, 0.22249760641, 0.141165526, 0.42141728819, 0.1637278057]
    ],
    [
      [0.00018126893971, 0.67334774654, 0.31924210663, 0.0068547327909, 0.00037414510138],
      [0.045060146566, 0.27317422872, 0.58195556446, 0.072646469548, 0.027163590712],
      [0.025655443449, 0.0050894036166, 0.014285253706, 0.93640058464, 0.018569314589],
      [0.39174224622, 0.07796322131, 0.048060631712, 0.39746157449, 0.084772326275],
      [0.055543919996, 0.21252017911, 0.1368712395, 0.44409660315, 0.15096805825]
    ],
    [
      [0.00074005512795, 0.77715001854, 0.21243997347, 0.0096699528696, 0],
      [0.1948854497, 0.30276114516, 0.39239700587, 0.10995639928, 0],
      [0.0012790881206, 0.023905991175, 0.022332348543, 0.95248257216, 0],
      [0.7568016109, 0.030982350834, 0.0096310824662, 0.2025849558, 0],
      [0.19393933363, 0.19461538871, 0.066276382376, 0.54516889529, 0]
    ],
    [
      [8.7824980704e-05, 0.77121740554, 0.22527444764, 0.0033495056616, 7.0816178227e-05],
      [0.035587615577, 0.3873309295, 0.52428449183, 0.043081894635, 0.0097150684564],
      [0.023293494725, 0.018918175227, 0.016462295556, 0.93433571228, 0.0069903222134],
      [0.38470574227, 0.15477020976, 0.059668708805, 0.37134139165, 0.029513947513],
      [0.044537808616, 0.38503968344, 0.15426495322, 0.36896871985, 0.04718883488]
    ],
    [
      [4.9958493738e-05, 0.74334359124, 0.25503695023, 0.001520180543, 4.9319493673e-05],
      [0.015512744135, 0.3711805151, 0.58873387335, 0.020115576181, 0.0044572912399],
      [0.032068754407, 0.033287553467, 0.042631684813, 0.87625819817, 0.01575380914],
      [0.35504344123, 0.23742795993, 0.10747059654, 0.26705669099, 0.03300131131],
      [0.032680679089, 0.48454492501, 0.22772555233, 0.21260272544, 0.042446118123]
    ],
    [
      [0, 0.69103210971, 0.30346342232, 0.0053287697145, 0.00017569825458],
      [0, 0.28791712547, 0.6266908237, 0.062425990264, 0.02296606057],
      [0, 0.0088600191952, 0.012010889197, 0.963098047, 0.016031044612],
      [0, 0.11257367069, 0.10103264076, 0.70862598407, 0.077767704485],
      [0, 0.26545548986, 0.16052585623, 0.49723230505, 0.076786348853]
    ],
    [
      [8.2104589723e-05, 0.72299963611, 0.27486903203, 0.0019850692511, 6.415801326e-05],
      [0.024260882653, 0.34925027116, 0.59594508842, 0.025010697582, 0.0055330601772],
      [0.038703335281, 0.033065290837, 0.037206607881, 0.88369352828, 0.0073312377214],
      [0.41136494109, 0.19332184336, 0.095522601848, 0.26627530979, 0.033515303918],
      [0.047777806344, 0.4346205634, 0.22424741227, 0.24438369127, 0.048970526716]
    ],
    [
      [0.00019815839823, 0.6254445115, 0.37066892228, 0.0035692398237, 0.00011916800365],
      [0.048023900468, 0.24798099518, 0.65868215506, 0.036882655042, 0.0084302942462],
      [0.049151530015, 0.013198020997, 0.029876929148, 0.8975115849, 0.010261934944],
      [0.54130355449, 0.092086482488, 0.070836396718, 0.26170537771, 0.034068188596],
      [0.087041078871, 0.28437908871, 0.22857750811, 0.33136714622, 0.068635178091]
    ],
    [
      [8.103363015e-05, 0.68000536828, 0.31619129904, 0.0035418265939, 0.00018047245715],
      [0.021824322361, 0.298086791, 0.62521259988, 0.040673994103, 0.014202292657],
      [0.016144453994, 0.01973745246, 0.023469201397, 0.91994968802, 0.02069920413],
      [0.32269813412, 0.1412847071, 0.085523343018, 0.37580880801, 0.074685007746],
      [0.036698311663, 0.31487633519, 0.19903485149, 0.34088287683, 0.10850762483]
    ],
    [
      [0.0001123945505, 0.67405146771, 0.32245890511, 0.0032753254811, 0.00010190715483],
      [0.030017074758, 0.28703311304, 0.63777006266, 0.037246178753, 0.0079335707865],
      [0.03438136302, 0.018817393865, 0.022337163613, 0.90894336108, 0.015520718417],
      [0.43247818354, 0.12350981858, 0.077713491035, 0.32693290271, 0.039365604137],
      [0.054939996526, 0.32423157126, 0.21268261323, 0.34189518435, 0.066250634628]
    ],
    [
      [9.413401353e-05, 0.74584675718, 0.25122825773, 0.0027435570184, 8.7294062889e-05],
      [0.029081301765, 0.35366292219, 0.57337347873, 0.036022874008, 0.0078594233115],
      [0.03718826773, 0.01843716085, 0.019311243179, 0.90256561225, 0.022497715996],
      [0.44952926739, 0.13270782981, 0.060856808145, 0.31774569004, 0.039160404614],
      [0.052808710375, 0.37124289052, 0.17567673119, 0.33281302077, 0.067458647152]
    ],
    [
      [7.8832400527e-05, 0.68985867969, 0.30795774521, 0.0020474862793, 5.7256420421e-05],
      [0.024910826075, 0.31699028105, 0.63310206821, 0.019465093922, 0.0055317307517],
      [0.033563619281, 0.027443377587, 0.03626227493, 0.8936458469, 0.0090848813055],
      [0.41421104186, 0.17470709393, 0.10222177038, 0.2790049755, 0.029855118327],
      [0.046235896603, 0.40536653793, 0.24699450549, 0.25721784192, 0.044185218063]
    ],
    [
      [0.00010344307653, 0.52822637633, 0.46612961218, 0.0055405684233, 0],
      [0.02211297532, 0.17404664104, 0.74956925441, 0.054271129227, 0],
      [0.017230229448, 0, 0.024023842691, 0.95874592786, 0],
      [0.36239347324, 0.075968111649, 0.088502750621, 0.47313566449, 0],
      [0.068720567221, 0.19960911274, 0.24273266122, 0.48893765883, 0]
    ],
    [
      [0.00014513992537, 0.72704852987, 0.26639866132, 0.0062377752763, 0.00016989360362],
      [0.040289915754, 0.32986784805, 0.54223655841, 0.073836082746, 0.013769595039],
      [0.021462033323, 0.010454248597, 0.011635516547, 0.94695211119, 0.0094960903387],
      [0.37377552022, 0.10074341066, 0.047976119789, 0.43165061868, 0.045854330648],
      [0.051621364062, 0.26707658994, 0.1328572209, 0.46913445914, 0.07931036596]
    ],
    [
      [0.00023235447969, 0.74768517542, 0.24768335935, 0.00428065023, 0.00011846051441],
      [0.066861434699, 0.34706418384, 0.52371062124, 0.052428705391, 0.0099350548357],
      [0.047117351314, 0.016940473454, 0.01604740062, 0.91058006829, 0.0093147063256],
      [0.56428467059, 0.092497478141, 0.04017408305, 0.27359098359, 0.029452784632],
      [0.097197839182, 0.31579784678, 0.14294926175, 0.37888080099, 0.06517425131]
    ],
    [
      [0.00017627792721, 0.72388717132, 0.27008726358, 0.0057239381464, 0.00012534902522],
      [0.048691071326, 0.32674496607, 0.54704498117, 0.067412409133, 0.0101065723],
      [0.030889011274, 0.011521545372, 0.013327645616, 0.93938900466, 0.0048727930783],
      [0.43978531346, 0.097053186692, 0.047062004826, 0.38337500225, 0.032724492771],
      [0.065849711905, 0.2792406006, 0.14144036706, 0.45207608504, 0.061393235399]
    ],
    [
      [0.00011236228082, 0.67200906258, 0.32513167039, 0.0026371703213, 0.00010973443053],
      [0.030049759017, 0.29342118613, 0.63789398838, 0.030067857679, 0.0085672087917],
      [0.040256533206, 0.025476682856, 0.029411400473, 0.88965324221, 0.015202141255],
      [0.44509083542, 0.14142422125, 0.088936342474, 0.27925064174, 0.045297959107],
      [0.057267373169, 0.35287770253, 0.2317666648, 0.28450264996, 0.07358560954]
    ],
    [
      [0.00010430891931, 0.73877634656, 0.25539367256, 0.005277132918, 0.00044853904413],
      [0.029833086059, 0.32790665083, 0.53999955088, 0.064356590423, 0.037904121813],
      [0.020252658487, 0.014137294917, 0.010320627948, 0.931842591, 0.023446827647],
      [0.3094451628, 0.096331037877, 0.044905625579, 0.40977589889, 0.13954227485],
      [0.035553263961, 0.23278517854, 0.11274131597, 0.39351189904, 0.2254083425]
    ],
    [
      [0.00020211459661, 0.659541073, 0.33591464372, 0.0042000614564, 0.00014210723585],
      [0.051105850623, 0.27005757143, 0.62313274539, 0.045224248845, 0.010479583719],
      [0.04417358616, 0.01205423493, 0.022316786791, 0.90788947232, 0.013565919801],
      [0.52633756405, 0.08824643718, 0.058605275307, 0.28879200216, 0.038018721302],
      [0.083763788499, 0.27725999873, 0.19225021354, 0.36901101729, 0.077714981937]
    ],
    [
      [0.00011783742097, 0.72950433779, 0.26663437626, 0.0035867222016, 0.00015672632927],
      [0.034107622398, 0.34070196839, 0.5676978362, 0.044238384932, 0.013254188077],
      [0.031825349289, 0.018732663527, 0.019486879305, 0.91150637341, 0.01844873447],
      [0.41533981685, 0.13035938056, 0.062467514169, 0.33466453054, 0.057168757884],
      [0.053811293553, 0.33536135717, 0.16751025094, 0.3479700021, 0.095347096236]
    ],
    [
      [0.0002103565099, 0.77814406016, 0.21921918741, 0.00230260683, 0.00012378909177],
      [0.065666055534, 0.39152654307, 0.50099552121, 0.03055253204, 0.011259348141],
      [0.0609262178, 0.031222761109, 0.026873437201, 0.85756935949, 0.023408224398],
      [0.62751886189, 0.11513458791, 0.042538375551, 0.17759067842, 0.037217496225],
      [0.10805757946, 0.40241121116, 0.15479290974, 0.25032992439, 0.084408375255]
    ],
    [
      [0.00013792108845, 0.74082587068, 0.25351888415, 0.0053138452482, 0.00020347883401],
      [0.039677457891, 0.33949717595, 0.53865090064, 0.065080494647, 0.017093970873],
      [0.025806686064, 0.012115727897, 0.011648240004, 0.93280929181, 0.017620054229],
      [0.39330325832, 0.10314943769, 0.04669538839, 0.39745066476, 0.059401250841],
      [0.052740905048, 0.2788008649, 0.131401262, 0.43283153093, 0.10422543712]
    ],
    [
      [0.00016149686119, 0.69412604236, 0.30137995919, 0.004066392264, 0.00026610932679],
      [0.042990071518, 0.30137179161, 0.58880400784, 0.046146106366, 0.020688022657],
      [0.037937913034, 0.015706822258, 0.020993613503, 0.90398615985, 0.021375491352],
      [0.45339391903, 0.10399369515, 0.058739912707, 0.30567986689, 0.078192606226],
      [0.06439420038, 0.28495623601, 0.16810776177, 0.34274429395, 0.13979750789]
    ],
    [
      [0.000151320902, 0.75272041906, 0.24502977713, 0.0020121849414, 8.6297960675e-05],
      [0.046369376862, 0.36863107296, 0.55116271731, 0.026155684987, 0.0076811478825],
      [0.06130814306, 0.029810131759, 0.029198526379, 0.85832475361, 0.021358445194],
      [0.58105924168, 0.13522787709, 0.058060953969, 0.19356835539, 0.032083571885],
      [0.085344933675, 0.42158587793, 0.18804483464, 0.24057644652, 0.064447907229]
    ],
    [
      [4.5013540513e-05, 0.49894627711, 0.4979740717, 0.0029407524154, 9.3885228489e-05],
      [0.0092969513236, 0.15896638499, 0.79984546125, 0.02617198092, 0.0057192215174],
      [0.0049834880346, 0.013122354233, 0.028494843535, 0.92608951763, 0.027309796569],
      [0.2512009583, 0.11224729787, 0.14703113083, 0.4354677904, 0.054052822607],
      [0.023721882356, 0.23557421509, 0.325663848, 0.34472710404, 0.070312950519]
    ],
    [
      [0.00012209729111, 0.57967924651, 0.4175106426, 0.0026880136023, 0],
      [0.028723356942, 0.21316645911, 0.73127235148, 0.026837832464, 0],
      [0.04796392982, 0.016398466141, 0.028521891175, 0.90711571286, 0],
      [0.53487528773, 0.096282424496, 0.092110537512, 0.27673175026, 0],
      [0.06757127974, 0.29542073245, 0.29398120033, 0.32237414802, 0.020652639458]
    ],
    [
      [0.00012316437985, 0.76190299469, 0.23280003607, 0.0050315422272, 0.00014226263161],
      [0.036986349456, 0.37350455917, 0.51261602042, 0.064420643918, 0.01247242703],
      [0.022564897071, 0.015098034129, 0.012166914259, 0.94024206887, 0.009928085672],
      [0.3732862253, 0.12349441854, 0.049105536325, 0.40901335201, 0.045100467817],
      [0.049558154617, 0.31587783698, 0.13114228823, 0.42823343, 0.075188290173]
    ],
    [
      [0.00016576906618, 0.68490425177, 0.30848055192, 0.0062376792075, 0.00021174803828],
      [0.042823439317, 0.28820740378, 0.5843077797, 0.068689552939, 0.015971824263],
      [0.026048701889, 0.007254280725, 0.014722350652, 0.93867162228, 0.013303044455],
      [0.40193826922, 0.088065802492, 0.051624020481, 0.40477119691, 0.053600710894],
      [0.057200640956, 0.2423735925, 0.1483975393, 0.45576271224, 0.096265514999]
    ],
    [
      [0.00012373554438, 0.7313236491, 0.26468688997, 0.0036879594994, 0.00017776589239],
      [0.035666832095, 0.3445516866, 0.55949199227, 0.045327123243, 0.014962365797],
      [0.03203324612, 0.018985834121, 0.01995487094, 0.91137707652, 0.017648972299],
      [0.41380563564, 0.13128339247, 0.061754129489, 0.3309050651, 0.062251777297],
      [0.054655877475, 0.33369925925, 0.16394581905, 0.34447442781, 0.10322461643]
    ],
    [
      [0.00019858698536, 0.50659252235, 0.48836575291, 0.0048093005679, 3.3837187683e-05],
      [0.047302138748, 0.12507812198, 0.78606190024, 0.041557839033, 0],
      [0.044441054818, 0, 0.016751888687, 0.93880705649, 0],
      [0.59335464413, 0.041484382048, 0.054176308192, 0.31098466563, 0],
      [0.089512398498, 0.17266968909, 0.23884257201, 0.48162175152, 0.017353588882]
    ],
    [
      [0.00021650016907, 0.74302985309, 0.25055900476, 0.0060831290356, 0.00011151294765],
      [0.060867276741, 0.31914810194, 0.53812517093, 0.072746702672, 0.009112747711],
      [0.036377956229, 0.0072191014007, 0.011552307875, 0.93775251026, 0.0070981242379],
      [0.50350987081, 0.075460684697, 0.034519321657, 0.36109579973, 0.025414323103],
      [0.08070458901, 0.25659065107, 0.12198622709, 0.48579250185, 0.054926030977]
    ],
    [
      [0.00034641381802, 0.44872882387, 0.54581386456, 0.004251041466, 0.00085985628026],
      [0.063061928684, 0.052626516618, 0.73150423603, 0.1069940297, 0.045813288965],
      [0.074538843569, 0, 0.065457886342, 0.84282618558, 0.017177084504],
      [0.59442919372, 0.03326582613, 0.052479066177, 0.17617755204, 0.14364836193],
      [0.095721334776, 0.116735891, 0.19401093138, 0.24973617443, 0.34379566842]
    ],
    [
      [3.7273426133e-05, 0.51908197706, 0.4738772728, 0.0069819420518, 2.1534665176e-05],
      [0, 0.14538249374, 0.78451139463, 0.070106111627, 0],
      [0, 0.0014969244062, 0.0086335832773, 0.98986949232, 0],
      [0, 0.054870972344, 0.094664316435, 0.85046471122, 0],
      [0.013726080057, 0.13072550223, 0.17769873219, 0.67017484132, 0.0076748442072]
    ],
    [
      [8.7749364892e-05, 0.53891848923, 0.45884267839, 0.0015469219326, 0.00060416109048],
      [0.018704083957, 0.1718224097, 0.75609816368, 0.014024213844, 0.039351128812],
      [0.085757907696, 0.030928289885, 0.047698371465, 0.82438823743, 0.011227193527],
      [0.37390688528, 0.080529245003, 0.091098719731, 0.15798806558, 0.2964770844],
      [0.033169206244, 0.1726495907, 0.20619520749, 0.12508579142, 0.46290020415]
    ],
    [
      [0.00019306412597, 0.68756121105, 0.30578666053, 0.0060927079629, 0.00036635633876],
      [0.04920433369, 0.28596433239, 0.57137012808, 0.066194427589, 0.027266778249],
      [0.03159575446, 0.0072614318971, 0.015968110941, 0.92632354931, 0.018851153393],
      [0.42646352142, 0.081211697017, 0.046957390011, 0.36066189534, 0.084705496216],
      [0.062273067257, 0.22840077193, 0.1379636925, 0.41567252288, 0.15568994544]
    ],
    [
      [0.49356637678, 0.28762002142, 0.21877192173, 2.7661235931e-05, 1.4018842031e-05],
      [0.99659506426, 0.00069747329086, 0.0026988111546, 1.9581563764e-06, 6.6931339031e-06],
      [0.36163499775, 0.11966493047, 0.39870426523, 0.079999044774, 0.039996761778],
      [0.99999214254, 3.5293525053e-06, 3.8177474842e-06, 1.9138721894e-07, 3.1897281021e-07],
      [0.99904770862, 0.0004508531361, 0.00046666611026, 7.6106621139e-06, 2.7161472569e-05]
    ],
    [
      [0.00075757435122, 0.60164406472, 0.38292951925, 0.014668841681, 0],
      [0.15429202426, 0.060088966431, 0.56529854338, 0.22032046593, 0],
      [0.043970353994, 0, 0.0083890823264, 0.94764056368, 0],
      [0.7020474974, 0.012607378898, 0.013573136437, 0.27177198727, 0],
      [0.15537628294, 0.077745513012, 0.074466574471, 0.67112472417, 0.02128690541]
    ],
    [
      [4.5052775091e-05, 0.73323744979, 0.26456820882, 0.0018867741698, 0.00026251443802],
      [0.013321179554, 0.33492071491, 0.60483062622, 0.023886485851, 0.023040993461],
      [0.021590552342, 0.031214537484, 0.03265471892, 0.87853136349, 0.036008827762],
      [0.26884168241, 0.18553582808, 0.091437470304, 0.28836368458, 0.16582133462],
      [0.02400479931, 0.36574372845, 0.1861887212, 0.21572755094, 0.20833520011]
    ],
    [
      [0.00017398761226, 0.78277937759, 0.20999455119, 0.0068073680701, 0.00024471553635],
      [0.051954076912, 0.38024742799, 0.45982715805, 0.08663452086, 0.021336816181],
      [0.024955328475, 0.011201523757, 0.0036037953635, 0.94623102725, 0.014008325151],
      [0.39761245523, 0.094650207707, 0.033135858088, 0.41618776981, 0.058413709167],
      [0.057410079742, 0.26431791682, 0.09656401303, 0.47529908991, 0.1064089005]
    ],
    [
      [0.00016935859411, 0.68435889622, 0.30961344377, 0.0056651459805, 0.00019315543282],
      [0.043927607232, 0.28957430241, 0.58922870136, 0.062643138281, 0.014626250718],
      [0.029438481328, 0.0090934052617, 0.016023882253, 0.932570359, 0.012873872156],
      [0.42397233847, 0.091546075014, 0.05386382713, 0.38006037294, 0.050557386455],
      [0.061387102889, 0.25540980351, 0.15698015359, 0.4342148184, 0.092008121615]
    ],
    [
      [5.4607166788e-05, 0.81403545946, 0.18440379678, 0.0015061365867, 0],
      [0.044408807218, 0.43112626454, 0.51722394765, 0.0072409805916, 0],
      [0.01987797561, 0.018147858255, 0.014210318408, 0.94776384773, 0],
      [0.4611202986, 0.17879315186, 0.061108445541, 0.298978104, 0],
      [0.037797081783, 0.51073954279, 0.17293529576, 0.27547773359, 0.0030503460759]
    ],
    [
      [0, 0.86375728927, 0.1361052338, 0.00013747692868, 0],
      [0, 0.47304727766, 0.52695272234, 0, 0],
      [0, 0.1118359335, 0.14173608134, 0.74642798516, 0],
      [0.019428421531, 0.71010221729, 0.19435690804, 0.075302591921, 0.00080986121468],
      [0, 0.79670986609, 0.18913955149, 0.01415058242, 0]
    ],
    [
      [0.00017827759362, 0.62886199847, 0.36768544643, 0.0031216345842, 0.00015264291544],
      [0.065236091283, 0.21813310806, 0.65060959705, 0.022539672775, 0.043481530832],
      [0.040960722343, 0.011274794986, 0.019959170511, 0.91484369432, 0.012961617835],
      [0.6472520015, 0.062842777437, 0.049827082253, 0.20312624134, 0.036951897475],
      [0.086185974193, 0.25868468366, 0.21237408003, 0.33618419249, 0.10657106962]
    ],
    [
      [3.1456511672e-05, 0.915141254, 0.083666981245, 0.0011603082418, 0],
      [0.03282092166, 0.62825787341, 0.31550937814, 0.023411826789, 0],
      [0.022732886312, 0.043123168036, 0.013175789565, 0.92096815609, 0],
      [0.33193988802, 0.33146768973, 0.043954481171, 0.28514377932, 0.0074941617516],
      [0.025148636765, 0.67434218223, 0.088994999863, 0.20349806364, 0.0080161175019]
    ],
    [
      [9.6059653543e-05, 0.7735991136, 0.22527237332, 0.0010324534347, 0],
      [0.031404694358, 0.40151926777, 0.55231343086, 0.014762607014, 0],
      [0.077885044308, 0.049876581644, 0.054467463206, 0.81777091084, 0],
      [0.57238692113, 0.20207703077, 0.078651343066, 0.14688470504, 0],
      [0.087381183301, 0.5434748418, 0.21824693204, 0.15089704286, 0]
    ],
    [
      [0.00013160490284, 0.72561322568, 0.27103794345, 0.0031027867066, 0.00011443926246],
      [0.037905737994, 0.34182566131, 0.57254000361, 0.038106241414, 0.0096223556797],
      [0.040012616462, 0.022312196982, 0.023977258721, 0.9010575067, 0.012640421135],
      [0.46200248639, 0.13709108548, 0.066519990181, 0.29233816992, 0.04204826803],
      [0.063612512572, 0.36288141816, 0.18392280967, 0.31701781558, 0.072565444019]
    ],
    [
      [0.00054146893037, 0.68039434144, 0.31538768524, 0.0036765043824, 0],
      [0.052468862153, 0.26240445187, 0.60026919962, 0.084857486351, 0],
      [0.12197280404, 0.018155972995, 0.018754669803, 0.84111655316, 0],
      [0.79932637262, 0.049035117054, 0.025702511546, 0.12593599878, 0],
      [0.22213932231, 0.29279036772, 0.1685280295, 0.31654228047, 0]
    ],
    [
      [9.2513758557e-05, 0.64979519977, 0.34809104583, 0.0019049081467, 0.00011633248662],
      [0.024113994124, 0.26747927223, 0.67845271804, 0.021104445616, 0.0088495699891],
      [0.048053389942, 0.031523803314, 0.026812402171, 0.8592363619, 0.034374042676],
      [0.46077825112, 0.14413372845, 0.1020534415, 0.23661438234, 0.056420196591],
      [0.052609265201, 0.36030095993, 0.26545089102, 0.23119050322, 0.090448380624]
    ],
    [
      [1.355550153e-06, 0.57178397926, 0.4281347182, 7.9878157686e-05, 6.8835852523e-08],
      [0, 0.11810032654, 0.88154636637, 0.00035330709383, 0],
      [0, 0.1614247551, 0.088840225224, 0.74973501968, 0],
      [0.42850904594, 0.1571678623, 0.12892224804, 0.21376176059, 0.071639083123],
      [0.00010012131571, 0.5588782686, 0.44080319007, 0.00021842001327, 2.7912555167e-22]
    ],
    [
      [0.00014051580441, 0.79060434968, 0.20618218188, 0.0030061074175, 6.6845219207e-05],
      [0.045512116445, 0.41690673831, 0.48978166207, 0.041486973231, 0.0063125099441],
      [0.044910045785, 0.023764503714, 0.02056549229, 0.90980373743, 0.0009562207782],
      [0.4964322042, 0.14674054052, 0.049904603509, 0.28253134862, 0.024391303153],
      [0.071570262881, 0.41311442224, 0.14655141122, 0.32419007266, 0.044573830992]
    ],
    [
      [2.9844685136e-06, 0.97115616841, 0.02832878158, 0.00051113424652, 9.3129327663e-07],
      [0, 0.39948971252, 0.58199534287, 0.018514944614, 0],
      [0, 0.046193099037, 0.032154204395, 0.92165269657, 0],
      [0.044843664161, 0.33928374017, 0.10198934939, 0.51228781972, 0.0015954265628],
      [0.002102083705, 0.77590611207, 0.12466792438, 0.097255645714, 6.8234131345e-05]
    ],
    [
      [0.00020450028183, 0.67872405516, 0.31216037327, 0.0086390906304, 0.00027198065511],
      [0.050676231427, 0.26891759473, 0.56654454268, 0.091242607028, 0.022619024132],
      [0.025815408475, 0, 0.013299231211, 0.9477424391, 0.013142921219],
      [0.39403404455, 0.067248988857, 0.04037999701, 0.4439400717, 0.054396897879],
      [0.058090264429, 0.19415132208, 0.12176149887, 0.52322009224, 0.10277682238]
    ],
    [
      [0.0005062596269, 0.70823715932, 0.28724158834, 0.0040149927128, 0],
      [0.14136906213, 0.25611895467, 0.55576099623, 0.046750986968, 0],
      [0.065916069418, 0.014933755468, 0.017070634349, 0.90207954077, 0],
      [0.87980020207, 0.018804871286, 0.010610926583, 0.090784000064, 0],
      [0.24001999562, 0.21598077135, 0.1318460994, 0.40302005172, 0.0091330819082]
    ],
    [
      [0.00049687803373, 0.67570464627, 0.31572863252, 0.0080283279047, 4.1515276818e-05],
      [0.12443575961, 0.19313990975, 0.58225970914, 0.10016462149, 0],
      [0.050708441933, 0, 0.0037629159473, 0.94552864212, 0],
      [0.75788884454, 0.01715022562, 0.012365941586, 0.21259498826, 0],
      [0.16535606575, 0.12866951967, 0.095920470037, 0.59565661916, 0.01439732538]
    ],
    [
      [0.00012185410976, 0.6286423962, 0.36688657425, 0.0038018399339, 0.00054733550382],
      [0.029120650819, 0.21665108649, 0.67603224646, 0.038781842577, 0.039414173655],
      [0.037622456008, 0.011421054079, 0.022513137136, 0.89327926382, 0.035164088959],
      [0.38849371602, 0.066659943452, 0.053099257751, 0.2995367349, 0.19221034788],
      [0.043352137042, 0.1721905304, 0.14462527081, 0.29612786438, 0.34370419737]
    ],
    [
      [0.00012272456279, 0.72509346199, 0.26892031787, 0.0057632948692, 0.00010020070131],
      [0.034546078236, 0.33242964179, 0.55562779974, 0.069165799642, 0.0082306805883],
      [0.019044631035, 0.012695737058, 0.013757211021, 0.9531500588, 0.0013523620899],
      [0.35626327224, 0.1115253524, 0.053874835612, 0.44803724062, 0.030299299131],
      [0.047319922945, 0.28672400809, 0.14461712983, 0.47067163427, 0.050667304869]
    ],
    [
      [7.7912774389e-05, 0.66488142157, 0.3332837858, 0.0016695151345, 8.7364722064e-05],
      [0.022084031333, 0.29946758947, 0.65242080437, 0.016560914153, 0.009466660673],
      [0.040866782148, 0.034375324398, 0.050561325432, 0.85707362254, 0.017122945483],
      [0.4134948915, 0.1838634147, 0.11993278928, 0.23481400257, 0.04789490195],
      [0.045974800007, 0.40291132224, 0.27434405242, 0.2086814641, 0.068088361236]
    ],
    [
      [0.00010181184525, 0.75781617601, 0.23845789307, 0.0035248363406, 9.9282735678e-05],
      [0.031141987246, 0.37834155807, 0.53567503325, 0.045975638526, 0.0088657829051],
      [0.027234271055, 0.020660406398, 0.019682754176, 0.92359169617, 0.0088308722033],
      [0.3857925002, 0.15358181858, 0.062911474461, 0.35835662065, 0.039357586099],
      [0.048641187537, 0.37331011458, 0.15964116271, 0.35615886446, 0.062248670712]
    ],
    [
      [0.00019676009783, 0.73174088943, 0.25925386581, 0.0085998383339, 0.00020864632349],
      [0.052916804569, 0.32093735587, 0.51115664651, 0.098607104477, 0.016382088575],
      [0.023140414228, 0.0054068528929, 0.006745073796, 0.9559847215, 0.0087229375872],
      [0.38850946292, 0.07715564351, 0.035571993742, 0.45567904651, 0.043083853316],
      [0.057763650377, 0.22085752872, 0.10634962507, 0.53452930326, 0.080499892577]
    ],
    [
      [6.1458926966e-05, 0.78903294682, 0.20952214303, 0.0012921628261, 9.1288405818e-05],
      [0.020680734726, 0.43448117891, 0.51732678721, 0.018540847828, 0.0089704513279],
      [0.04276940367, 0.035785318606, 0.051252187, 0.84589246904, 0.024300621681],
      [0.37785788023, 0.26053784059, 0.089917344238, 0.21294280914, 0.058744125792],
      [0.03923570941, 0.52179185772, 0.18802229287, 0.17432836941, 0.07662177059]
    ],
    [
      [1.0604493426e-06, 0.99074698234, 0.0091102640459, 0.00014161333776, 7.9829052682e-08],
      [0, 0.97701702324, 0, 0.022982976757, 0],
      [0, 0.038304961261, 0, 0.96169503874, 0],
      [1.5036356435e-08, 0.89751247227, 0.023920280148, 0.078566976194, 2.5634741089e-07],
      [0.00089867343648, 0.95691416528, 0.018644598437, 0.023542562798, 5.0824076633e-11]
    ],
    [
      [0.00044565848252, 0.73945298734, 0.2504560198, 0.0096453343787, 0],
      [0.13400117109, 0.16777521165, 0.49641848946, 0.2018051278, 0],
      [0.023832534738, 0, 0, 0.97616746526, 0],
      [0.73897124804, 0.0088841951798, 0.0049162460112, 0.24722831077, 0],
      [0.12659728197, 0.060942701535, 0.035593953693, 0.77488411156, 0.001981951238]
    ],
    [
      [5.1679341796e-07, 0.18943254479, 0.8105391426, 2.776116759e-05, 3.464684717e-08],
      [0, 0.000177838769, 0.99981884687, 3.3143623328e-06, 0],
      [0, 0.16160550132, 0.09007755105, 0.74831694763, 0],
      [0, 0.35340015596, 0.63987094893, 0.0067288951106, 0],
      [2.8156639954e-07, 0.66184610072, 0.33815316449, 4.5322526543e-07, 6.7434034338e-18]
    ],
    [
      [0.00016177689315, 0.46878810104, 0.52843529718, 0.0023644715501, 0.0002503533401],
      [0.032242564161, 0.14691728314, 0.78507620893, 0.02002684187, 0.0157371019],
      [0.064084502289, 0, 0.046173170139, 0.85351511011, 0.03622721746],
      [0.53782001353, 0.0728165961, 0.10627067069, 0.1993663234, 0.083726396277],
      [0.074426236176, 0.2113204059, 0.32413384966, 0.23097702886, 0.1591424794]
    ],
    [
      [0.00030318849946, 0.80411638896, 0.19154969375, 0.0037712467861, 0.00025948200229],
      [0.10149525832, 0.34401248889, 0.47672013468, 0.052476766245, 0.025295351857],
      [0.037747535261, 0.004139016899, 0.0073978651337, 0.8854937306, 0.065221852108],
      [0.73984737036, 0.035696532501, 0.013168719602, 0.16532255208, 0.045964825455],
      [0.1356379196, 0.2153890058, 0.080653263455, 0.36961597606, 0.19870383509]
    ],
    [
      [0.0001055644169, 0.81674712053, 0.18104592819, 0.0020210849868, 8.0301882628e-05],
      [0.036750276787, 0.46292950717, 0.46219917283, 0.02996883039, 0.0081522128231],
      [0.049809294596, 0.028061529229, 0.02581113883, 0.88171855796, 0.014599479389],
      [0.47505327065, 0.19173127935, 0.055441650231, 0.24057683228, 0.037196967488],
      [0.06105428332, 0.48457038724, 0.14611191311, 0.24724016748, 0.061023248837]
    ],
    [
      [6.2935654054e-05, 0.74846859279, 0.24885908282, 0.0025004035788, 0.00010898516185],
      [0.019354150501, 0.37643799822, 0.561621634, 0.032797258314, 0.0097889589693],
      [0.016749620948, 0.026708261137, 0.030154010796, 0.90982750322, 0.016560603896],
      [0.31607027079, 0.20181516644, 0.08721718472, 0.33749943445, 0.057397943606],
      [0.033865265287, 0.41638074329, 0.18791695244, 0.28472283596, 0.077114203029]
    ],
    [
      [6.0018500603e-05, 0.50631090987, 0.48953159142, 0.0038992012438, 0.00019827896956],
      [0.0097165773197, 0.095644942725, 0.85707060248, 0.027848824539, 0.009719052938],
      [0.010154427691, 0.013013737463, 0.025571619455, 0.90947100784, 0.04178920755],
      [0.27591752038, 0.063274782667, 0.081417298275, 0.47223861625, 0.10715178243],
      [0.02879296934, 0.14934907347, 0.22254270803, 0.42826824534, 0.17104700382]
    ],
    [
      [0.00025184503592, 0.62385961042, 0.36895436957, 0.0051701055554, 0.0017640694167],
      [0.053517804795, 0.21498946416, 0.57487750841, 0.097157328833, 0.059457893801],
      [0.065435077957, 0.0097936285499, 0.048670660274, 0.87610063322, 0],
      [0.39798057578, 0.051489843985, 0.039647663058, 0.21748683546, 0.29339508172],
      [0.05164895669, 0.13005352168, 0.1046752675, 0.22468398042, 0.48893827371]
    ],
    [
      [7.614398794e-05, 0.7761975134, 0.22128280742, 0.0023690241621, 7.4511028805e-05],
      [0.024647461661, 0.40853302853, 0.52709026757, 0.032690771108, 0.0070384711315],
      [0.030331778555, 0.026216727116, 0.027589431993, 0.90537274028, 0.010489322053],
      [0.3756768944, 0.20030122157, 0.074628737013, 0.31127955979, 0.038113587223],
      [0.042784613203, 0.44679546031, 0.17352176054, 0.28187649377, 0.055021672181]
    ],
    [
      [6.8205995035e-05, 0.82600890046, 0.17195259789, 0.0018088602402, 0.00016143540927],
      [0.026444399697, 0.47211544772, 0.45491457859, 0.028923726707, 0.017601847289],
      [0.033532433642, 0.040089525852, 0.024558955461, 0.87211594594, 0.029703139103],
      [0.36398630995, 0.2292215047, 0.062257492416, 0.25536259993, 0.089172093006],
      [0.038870361124, 0.48310582286, 0.13681468377, 0.21862600588, 0.12258312636]
    ],
    [
      [3.5120414236e-06, 0.89242307946, 0.10752436426, 4.9044242317e-05, 0],
      [0.0011821851214, 0.56224066648, 0.43580385886, 0.00077328953428, 0],
      [0.080149849269, 0.074313674314, 0.12108376402, 0.7244527124, 0],
      [0.1147980786, 0.71098142419, 0.14561829068, 0.028602206541, 0],
      [0.0015564872546, 0.84910058342, 0.14560782258, 0.0037027307811, 3.2375966093e-05]
    ],
    [
      [0, 0.70006434543, 0.29659024404, 0.0033454105342, 0],
      [0.0098232446842, 0.29280026356, 0.65754018448, 0.039836307274, 0],
      [0, 0.013667584794, 0.029569341418, 0.95676307379, 0],
      [0.18812436895, 0.17285248151, 0.084406399859, 0.55461674969, 0],
      [0.020085176528, 0.34120654792, 0.19873196985, 0.43997630571, 0]
    ],
    [
      [0.00014928346067, 0.80332790265, 0.18887018511, 0.0076526287833, 0],
      [0.048527028575, 0.38566054829, 0.45392673855, 0.11188568458, 0],
      [0.022128845744, 0.010176264125, 0, 0.96769489013, 0],
      [0.41642180122, 0.077437867334, 0.025788658115, 0.48035167333, 0],
      [0.080538858713, 0.24591689051, 0.083796760364, 0.58974749041, 0]
    ],
    [
      [0.00012352386251, 0.80169106481, 0.19469555302, 0.0033997620868, 9.0096225819e-05],
      [0.040750859611, 0.43157530918, 0.47118612251, 0.047813077492, 0.0086746312099],
      [0.035779849912, 0.021754615353, 0.015834905684, 0.91907879456, 0.0075518344945],
      [0.44082235629, 0.15255954885, 0.048260825105, 0.32481143886, 0.0335458309],
      [0.05998650017, 0.40112920193, 0.1324217642, 0.34907765327, 0.057384880422]
    ],
    [
      [0.00016998852866, 0.77217800839, 0.22223209156, 0.0053147969154, 0.00010511460742],
      [0.051549981136, 0.3766774971, 0.49385648863, 0.068626511675, 0.0092895214663],
      [0.032990980683, 0.01452194948, 0.0088607608448, 0.93815737147, 0.0054689375203],
      [0.45438803102, 0.10336968908, 0.039114368904, 0.37451261381, 0.028615297185],
      [0.067521825426, 0.30670645417, 0.12085360576, 0.44993391993, 0.054984194718]
    ],
    [
      [0.00014754635743, 0.74662716291, 0.25098319169, 0.0021119898023, 0.00013010924068],
      [0.044232954243, 0.36532010876, 0.55207564651, 0.026985396033, 0.011385894453],
      [0.057168465687, 0.031002676214, 0.031617611088, 0.85815182628, 0.022059420729],
      [0.53742048717, 0.14464136529, 0.063254781613, 0.20530454264, 0.049378823284],
      [0.078217046139, 0.4081156844, 0.18632786776, 0.23659877906, 0.090740622647]
    ],
    [
      [7.3328455338e-06, 0.95959256405, 0.039187871183, 0.0012098908944, 2.3410260474e-06],
      [0, 0.75, 0.20722533927, 0.042774660729, 0],
      [0, 0, 0.015554422083, 0.98444557792, 0],
      [0.082573782367, 0.26854580599, 0.0275115826, 0.61936052859, 0.0020083004518],
      [0.0075195065257, 0.6127404754, 0.053222844401, 0.32577336747, 0.00074380619901]
    ],
    [
      [9.7280431719e-05, 0.83787652696, 0.1587627081, 0.0031420700096, 0.00012141450196],
      [0.034845564585, 0.48597750104, 0.41850018905, 0.047973833485, 0.012702911844],
      [0.030471813938, 0.022523075775, 0.012547325244, 0.91880291664, 0.015654868405],
      [0.39236460121, 0.17519163312, 0.043656202503, 0.33778503001, 0.051002533155],
      [0.048747871433, 0.42665037843, 0.11061827983, 0.33357181436, 0.080411655953]
    ],
    [
      [7.8761319209e-05, 0.86254814744, 0.13570097969, 0.0016279789681, 4.4132577209e-05],
      [0.031060157374, 0.54343574127, 0.39315252038, 0.027295466307, 0.0050561146716],
      [0.05248763858, 0.02196161967, 0.025481870812, 0.88842312273, 0.011645748206],
      [0.45519201222, 0.23154667361, 0.048609776246, 0.23978543673, 0.024866101196],
      [0.051732115878, 0.56075894383, 0.12163602314, 0.22794437679, 0.037928540358]
    ],
    [
      [6.8174265995e-05, 0.75744600097, 0.2386924013, 0.0036677516927, 0.00012567176577],
      [0.021020817124, 0.37881226279, 0.54060116974, 0.048242988558, 0.011322761783],
      [0.00838520118, 0.019403034185, 0.019426405231, 0.936267788, 0.016517571403],
      [0.29142240995, 0.16619776108, 0.068494453064, 0.41827077931, 0.055614596592],
      [0.032176339327, 0.36297450553, 0.1559658529, 0.37000126972, 0.078882032517]
    ],
    [
      [4.6802720312e-05, 0.78346859109, 0.21521590559, 0.0012299939334, 3.870666339e-05],
