{
  "X": [
    [4, 13, 38, 2],
    [3, 8, 17, 3],
    [4, 17, 37, 3],
    [1, 5, 22, 2],
    [5, 13, 45, 1],
    [9, 9, 53, 1],
    [5, 17, 35, 1],
    [4, 19, 21, 5],
    [2, 3, 9, 2],
    [2, 11, 30, 1],
    [1, 2, 6, 1],
    [2, 6, 15, 1],
    [3, 4, 8, 0],
    [1, 2, 13, 0],
    [0, 1, 7, 0],
    [4, 4, 10, 0],
    [2, 5, 11, 3],
    [3, 6, 25, 3],
    [1, 3, 14, 2],
    [1, 4, 3, 0],
    [1, 2, 7, 0],
    [1, 4, 5, 0],
    [1, 14, 23, 1],
    [3, 6, 7, 4],
    [1, 12, 21, 2],
    [0, 2, 22, 0],
    [0, 5, 13, 5],
    [5, 7, 26, 3],
    [3, 27, 49, 1],
    [1, 10, 35, 1],
    [0, 4, 5, 1],
    [0, 3, 6, 0],
    [1, 0, 8, 1],
    [0, 2, 6, 1],
    [0, 1, 7, 2],
    [4, 51, 114, 8],
    [2, 3, 8, 3],
    [0, 3, 12, 1],
    [0, 3, 5, 0],
    [2, 3, 15, 4],
    [1, 1, 11, 0],
    [0, 1, 5, 0],
    [2, 3, 13, 0],
    [3, 2, 8, 3],
    [0, 3, 15, 0],
    [1, 1, 9, 0],
    [1, 0, 5, 1],
    [1, 1, 10, 0],
    [1, 1, 7, 0],
    [3, 4, 16, 1],
    [4, 4, 35, 4],
    [1, 0, 8, 1],
    [1, 2, 6, 1],
    [4, 1, 21, 1],
    [1, 4, 13, 1],
    [3, 4, 27, 0],
    [1, 7, 18, 1],
    [1, 9, 10, 1],
    [1, 5, 14, 2],
    [5, 6, 30, 2],
    [0, 2, 5, 1],
    [0, 3, 7, 0],
    [0, 2, 5, 3],
    [0, 0, 5, 2],
    [0, 4, 5, 0],
    [0, 4, 6, 1],
    [3, 35, 59, 1],
    [5, 12, 51, 3],
    [0, 10, 24, 3],
    [7, 56, 123, 13],
    [3, 21, 51, 4],
    [3, 36, 60, 6],
    [5, 38, 56, 6],
    [6, 27, 67, 3],
    [4, 40, 56, 6],
    [1, 48, 42, 4],
    [2, 49, 80, 2],
    [1, 35, 83, 4],
    [0, 10, 12, 2],
    [2, 31, 65, 5],
    [3, 26, 56, 1],
    [8, 28, 65, 5],
    [0, 21, 54, 4],
    [6, 26, 64, 7],
    [1, 47, 68, 2],
    [4, 35, 85, 7],
    [1, 32, 79, 1],
    [6, 27, 56, 4],
    [4, 66, 105, 11],
    [1, 10, 22, 1],
    [3, 21, 76, 3],
    [1, 12, 16, 0],
    [1, 26, 59, 1],
    [0, 28, 46, 0],
    [2, 26, 72, 4],
    [2, 36, 62, 2],
    [4, 23, 81, 4],
    [6, 39, 86, 10],
    [1, 22, 53, 1],
    [9, 51, 74, 8],
    [2, 27, 70, 1],
    [5, 43, 74, 8],
    [1, 14, 39, 0],
    [2, 18, 33, 2],
    [4, 19, 52, 4],
    [3, 22, 36, 2],
    [1, 10, 21, 0],
    [1, 12, 33, 1],
    [1, 12, 40, 1],
    [5, 31, 59, 2],
    [0, 15, 20, 0],
    [3, 13, 30, 1],
    [1, 24, 65, 3],
    [7, 34, 87, 2],
    [3, 6, 25, 2],
    [0, 8, 12, 2],
    [1, 7, 13, 2],
    [11, 27, 89, 10],
    [10, 36, 97, 1],
    [2, 41, 81, 6],
    [2, 41, 89, 4],
    [3, 46, 102, 6],
    [9, 76, 198, 8],
    [0, 24, 37, 4],
    [3, 22, 45, 5],
    [2, 50, 95, 4],
    [3, 20, 47, 2],
    [5, 15, 48, 1],
    [0, 41, 94, 4],
    [2, 32, 84, 11],
    [1, 55, 68, 0],
    [4, 61, 111, 6],
    [5, 78, 145, 9],
    [2, 31, 51, 7],
    [1, 21, 51, 4],
    [3, 24, 81, 3],
    [4, 37, 102, 6],
    [1, 24, 58, 3],
    [12, 51, 131, 2],
    [0, 1, 11, 0],
    [1, 6, 13, 5],
    [5, 6, 19, 2],
    [0, 2, 11, 0],
    [2, 22, 69, 3],
    [3, 27, 42, 5],
    [1, 6, 14, 1],
    [4, 22, 41, 1],
    [3, 17, 47, 1],
    [2, 17, 27, 3],
    [1, 8, 15, 2],
    [1, 14, 33, 0],
    [0, 9, 14, 0],
    [3, 15, 33, 1],
    [2, 22, 45, 1],
    [2, 16, 30, 1],
    [2, 19, 42, 5],
    [1, 27, 46, 1],
    [2, 19, 55, 1],
    [2, 15, 34, 1],
    [0, 4, 8, 0],
    [0, 15, 19, 8],
    [7, 34, 65, 2],
    [2, 8, 17, 1],
    [0, 9, 27, 1],
    [2, 12, 17, 1],
    [3, 15, 25, 2],
    [2, 21, 62, 3],
    [7, 36, 79, 5],
    [4, 2, 9, 0],
    [0, 7, 9, 0],
    [3, 12, 35, 1],
    [0, 12, 17, 0],
    [3, 5, 15, 1],
    [4, 14, 32, 1],
    [3, 4, 12, 1],
    [2, 6, 23, 0],
    [0, 6, 21, 2],
    [2, 4, 10, 2],
    [2, 0, 10, 0],
    [1, 3, 14, 0],
    [1, 9, 25, 7],
    [1, 4, 11, 1],
    [1, 3, 12, 0],
    [6, 32, 54, 2],
    [2, 10, 7, 1],
    [5, 17, 35, 5],
    [2, 5, 19, 2],
    [2, 3, 1, 0],
    [1, 4, 18, 0],
    [2, 14, 49, 2],
    [0, 7, 12, 3],
    [6, 12, 29, 1],
    [2, 6, 34, 4],
    [3, 7, 29, 1],
    [2, 5, 24, 2],
    [1, 3, 9, 0],
    [2, 26, 38, 3],
    [0, 2, 8, 0],
    [5, 2, 14, 1],
    [0, 1, 9, 2],
    [0, 2, 14, 1],
    [0, 2, 8, 1],
    [2, 10, 10, 2],
    [3, 6, 22, 0],
    [0, 6, 8, 1],
    [3, 16, 30, 1],
    [1, 1, 10, 2],
    [0, 5, 15, 1],
    [2, 10, 23, 4],
    [0, 8, 13, 2],
    [0, 6, 18, 3],
    [2, 6, 17, 2],
    [1, 6, 5, 3],
    [1, 2, 5, 0],
    [3, 16, 33, 1],
    [4, 17, 27, 1],
    [4, 6, 13, 2],
    [1, 11, 36, 2],
    [2, 17, 33, 5],
    [0, 6, 3, 0],
    [0, 4, 13, 0],
    [0, 6, 19, 0],
    [3, 9, 17, 0],
    [0, 11, 11, 0],
    [2, 4, 7, 0],
    [3, 6, 26, 2],
    [3, 11, 31, 4],
    [2, 8, 37, 3],
    [0, 3, 6, 1],
    [6, 20, 53, 0],
    [3, 11, 20, 3],
    [0, 12, 43, 2],
    [5, 7, 21, 4],
    [1, 12, 42, 1],
    [4, 9, 25, 2],
    [4, 15, 35, 0],
    [2, 4, 13, 1],
    [2, 10, 40, 3],
    [5, 14, 26, 3],
    [4, 0, 12, 2],
    [5, 19, 22, 2],
    [1, 3, 8, 0],
    [0, 0, 7, 0],
    [2, 4, 10, 1],
    [2, 3, 17, 0],
    [0, 2, 4, 1],
    [2, 1, 8, 1],
    [1, 3, 7, 0],
    [1, 1, 3, 1],
    [0, 0, 9, 1],
    [1, 5, 13, 2],
    [3, 4, 13, 1],
    [0, 1, 11, 0],
    [1, 0, 5, 0],
    [0, 8, 30, 2],
    [4, 8, 19, 1],
    [0, 9, 27, 0],
    [4, 10, 24, 1],
    [5, 0, 11, 0],
    [2, 8, 24, 4],
    [2, 1, 22, 1],
    [2, 4, 18, 3],
    [1, 13, 39, 0],
    [0, 3, 9, 1],
    [0, 9, 17, 1],
    [6, 59, 183, 8],
    [0, 3, 5, 0],
    [0, 6, 6, 3],
    [0, 2, 4, 0],
    [0, 3, 5, 0],
    [1, 9, 5, 0],
    [0, 4, 8, 1],
    [4, 5, 19, 4],
    [3, 3, 19, 4],
    [8, 22, 29, 5],
    [3, 22, 64, 4],
    [2, 28, 42, 4],
    [1, 5, 12, 1],
    [4, 30, 61, 6],
    [1, 0, 8, 0],
    [2, 3, 14, 0],
    [1, 1, 13, 0],
    [2, 3, 18, 1],
    [1, 1, 3, 1],
    [2, 7, 21, 1],
    [2, 12, 10, 2],
    [1, 2, 8, 0],
    [0, 3, 21, 1],
    [4, 7, 30, 2],
    [0, 5, 16, 0],
    [5, 45, 116, 4],
    [2, 4, 17, 0],
    [5, 41, 72, 5],
    [0, 3, 6, 0],
    [2, 2, 3, 0],
    [2, 5, 13, 0],
    [0, 1, 6, 1],
    [0, 1, 10, 0],
    [7, 18, 33, 5],
    [5, 10, 32, 7],
    [2, 15, 31, 2],
    [11, 23, 60, 8],
    [4, 9, 38, 0],
    [1, 2, 5, 1],
    [0, 2, 4, 1],
    [3, 4, 13, 1],
    [2, 6, 18, 1],
    [0, 3, 17, 1],
    [2, 0, 4, 0],
    [0, 1, 7, 0],
    [1, 2, 6, 0],
    [6, 21, 35, 5],
    [3, 12, 32, 8],
    [81, 560, 1314, 81],
    [11, 62, 188, 12],
    [123, 458, 1399, 87],
    [13, 30, 104, 10]
  ],
  "W": [
    [8, 27, 8, 7, 2, 5],
    [3, 12, 11, 4, 0, 1],
    [5, 34, 9, 5, 6, 2],
    [3, 17, 5, 3, 1, 1],
    [6, 26, 18, 8, 3, 3],
    [10, 36, 16, 6, 4, 0],
    [7, 23, 14, 7, 3, 4],
    [5, 18, 9, 4, 11, 2],
    [2, 6, 7, 1, 0, 0],
    [3, 27, 5, 8, 1, 0],
    [2, 2, 2, 1, 2, 1],
    [4, 14, 1, 3, 2, 0],
    [1, 10, 1, 1, 1, 1],
    [1, 9, 1, 5, 0, 0],
    [0, 3, 1, 3, 1, 0],
    [2, 11, 4, 0, 0, 1],
    [2, 5, 5, 6, 1, 2],
    [3, 12, 12, 8, 1, 1],
    [1, 6, 8, 4, 0, 1],
    [1, 4, 1, 2, 0, 0],
    [2, 3, 1, 2, 1, 1],
    [0, 7, 3, 0, 0, 0],
    [3, 22, 9, 2, 1, 2],
    [2, 8, 3, 5, 2, 0],
    [1, 16, 4, 9, 3, 3],
    [2, 6, 7, 5, 2, 2],
    [0, 6, 6, 8, 0, 3],
    [0, 18, 11, 6, 2, 4],
    [1, 44, 18, 6, 4, 7],
    [0, 23, 16, 3, 1, 4],
    [0, 4, 1, 3, 1, 1],
    [0, 4, 3, 1, 0, 1],
    [3, 1, 4, 2, 0, 0],
    [1, 2, 3, 2, 0, 1],
    [0, 2, 2, 2, 2, 2],
    [2, 92, 57, 5, 13, 8],
    [0, 6, 5, 3, 1, 1],
    [1, 6, 2, 5, 1, 1],
    [0, 3, 2, 1, 1, 1],
    [1, 7, 6, 6, 3, 1],
    [0, 4, 2, 4, 2, 1],
    [0, 3, 3, 0, 0, 0],
    [0, 8, 8, 0, 0, 2],
    [3, 4, 2, 3, 1, 3],
    [0, 6, 6, 4, 0, 2],
    [1, 4, 5, 1, 0, 0],
    [1, 0, 3, 2, 0, 1],
    [0, 4, 2, 4, 2, 0],
    [1, 3, 1, 3, 1, 0],
    [3, 10, 7, 3, 1, 0],
    [4, 14, 21, 5, 0, 3],
    [0, 3, 4, 3, 0, 0],
    [2, 5, 0, 0, 2, 1],
    [0, 11, 10, 6, 0, 0],
    [4, 5, 5, 1, 1, 3],
    [3, 13, 7, 4, 4, 3],
    [4, 9, 10, 1, 1, 2],
    [3, 10, 2, 4, 1, 1],
    [3, 11, 5, 1, 2, 0],
    [5, 10, 15, 10, 1, 2],
    [0, 4, 2, 1, 0, 1],
    [0, 5, 2, 1, 0, 2],
    [1, 2, 1, 4, 0, 2],
    [0, 4, 0, 3, 0, 0],
    [1, 3, 4, 0, 1, 0],
    [0, 7, 1, 3, 0, 0],
    [4, 52, 25, 1, 4, 12],
    [1, 33, 26, 2, 5, 4],
    [1, 21, 13, 0, 1, 1],
    [7, 99, 46, 12, 14, 21],
    [3, 35, 22, 7, 4, 8],
    [5, 50, 23, 5, 12, 10],
    [5, 44, 35, 2, 9, 10],
    [0, 61, 31, 1, 4, 6],
    [0, 62, 25, 3, 8, 8],
    [0, 57, 25, 2, 6, 5],
    [1, 79, 40, 2, 7, 4],
    [3, 60, 36, 1, 10, 13],
    [0, 15, 4, 0, 4, 1],
    [1, 51, 39, 3, 6, 3],
    [2, 47, 27, 2, 0, 8],
    [6, 59, 30, 3, 2, 6],
    [1, 34, 24, 9, 5, 6],
    [4, 57, 25, 5, 5, 7],
    [1, 59, 36, 1, 12, 9],
    [1, 79, 38, 0, 6, 7],
    [1, 60, 39, 5, 6, 2],
    [2, 41, 29, 1, 9, 11],
    [4, 105, 39, 10, 12, 16],
    [1, 13, 14, 2, 3, 1],
    [0, 44, 42, 3, 5, 9],
    [1, 19, 6, 1, 2, 0],
    [0, 53, 20, 5, 6, 3],
    [3, 43, 11, 3, 11, 3],
    [2, 52, 39, 2, 4, 5],
    [3, 57, 34, 0, 3, 5],
    [1, 53, 46, 1, 2, 9],
    [0, 73, 50, 2, 5, 11],
    [0, 41, 29, 2, 2, 3],
    [1, 95, 25, 3, 7, 11],
    [2, 61, 24, 1, 5, 7],
    [1, 63, 50, 1, 7, 8],
    [1, 30, 18, 2, 2, 1],
    [3, 29, 12, 0, 6, 5],
    [5, 35, 24, 7, 7, 1],
    [4, 32, 17, 4, 2, 4],
    [0, 13, 12, 2, 1, 4],
    [0, 22, 20, 3, 1, 1],
    [1, 30, 19, 1, 1, 2],
    [1, 45, 38, 4, 5, 4],
    [2, 18, 10, 1, 2, 2],
    [3, 17, 19, 4, 3, 1],
    [1, 39, 34, 6, 8, 5],
    [5, 67, 42, 4, 9, 3],
    [1, 8, 10, 6, 5, 6],
    [0, 11, 4, 2, 3, 2],
    [0, 9, 8, 1, 3, 2],
    [6, 57, 39, 16, 10, 9],
    [5, 78, 43, 9, 3, 6],
    [3, 80, 31, 1, 7, 8],
    [0, 83, 29, 5, 13, 6],
    [1, 85, 51, 7, 5, 8],
    [5, 157, 100, 10, 7, 12],
    [0, 34, 22, 2, 2, 5],
    [1, 39, 13, 12, 5, 5],
    [3, 82, 54, 2, 4, 6],
    [2, 43, 12, 2, 6, 7],
    [1, 39, 22, 5, 0, 2],
    [1, 64, 46, 10, 12, 6],
    [3, 65, 39, 7, 3, 12],
    [1, 78, 30, 3, 8, 4],
    [2, 107, 48, 2, 11, 12],
    [4, 140, 58, 10, 10, 15],
    [4, 52, 20, 2, 8, 5],
    [1, 46, 21, 2, 3, 4],
    [3, 57, 34, 5, 8, 4],
    [3, 73, 53, 7, 6, 7],
    [1, 45, 29, 3, 3, 5],
    [5, 98, 57, 16, 13, 7],
    [0, 5, 3, 3, 1, 0],
    [2, 7, 5, 6, 4, 1],
    [3, 13, 3, 7, 3, 3],
    [1, 2, 6, 4, 0, 0],
    [4, 41, 22, 13, 7, 9],
    [5, 28, 22, 8, 5, 9],
    [1, 11, 5, 1, 1, 3],
    [1, 43, 14, 6, 2, 2],
    [3, 34, 14, 4, 4, 9],
    [2, 30, 6, 6, 4, 1],
    [0, 13, 5, 5, 3, 0],
    [1, 29, 10, 3, 4, 1],
    [1, 13, 4, 4, 1, 0],
    [4, 27, 11, 5, 2, 3],
    [3, 42, 10, 6, 4, 5],
    [1, 29, 12, 2, 4, 1],
    [2, 34, 21, 5, 3, 3],
    [3, 44, 20, 3, 2, 3],
    [2, 45, 22, 4, 1, 3],
    [1, 30, 11, 1, 3, 6],
    [0, 9, 2, 0, 1, 0],
    [0, 23, 4, 2, 6, 7],
    [4, 65, 24, 5, 5, 5],
    [0, 19, 5, 2, 1, 1],
    [1, 14, 11, 7, 3, 1],
    [4, 15, 8, 2, 2, 1],
    [3, 24, 10, 1, 5, 2],
    [4, 38, 34, 2, 5, 5],
    [4, 65, 39, 3, 8, 8],
    [1, 7, 1, 5, 0, 1],
    [2, 5, 3, 4, 1, 1],
    [9, 28, 5, 5, 2, 2],
    [2, 18, 4, 3, 1, 1],
    [2, 10, 8, 1, 3, 0],
    [4, 26, 14, 4, 3, 0],
    [0, 8, 3, 4, 2, 3],
    [1, 11, 11, 5, 3, 0],
    [3, 11, 8, 3, 2, 2],
    [1, 8, 2, 2, 1, 4],
    [2, 2, 7, 1, 0, 0],
    [1, 10, 2, 3, 1, 1],
    [5, 18, 5, 9, 3, 2],
    [1, 9, 5, 2, 0, 0],
    [4, 9, 1, 2, 0, 0],
    [1, 51, 22, 4, 11, 5],
    [1, 15, 1, 2, 1, 0],
    [4, 32, 13, 7, 3, 3],
    [3, 11, 3, 5, 2, 4],
    [1, 3, 0, 1, 1, 0],
    [2, 7, 6, 2, 4, 2],
    [8, 31, 17, 5, 3, 3],
    [0, 16, 2, 1, 1, 2],
    [2, 24, 15, 5, 1, 1],
    [7, 16, 12, 2, 3, 6],
    [6, 20, 7, 4, 1, 2],
    [3, 20, 7, 0, 3, 0],
    [6, 2, 1, 3, 1, 0],
    [0, 37, 14, 5, 10, 3],
    [0, 3, 3, 1, 0, 3],
    [0, 6, 10, 4, 2, 0],
    [0, 5, 2, 3, 1, 1],
    [0, 9, 7, 1, 0, 0],
    [1, 3, 2, 4, 1, 0],
    [3, 12, 2, 3, 1, 3],
    [7, 9, 9, 4, 1, 1],
    [0, 9, 3, 0, 2, 1],
    [1, 28, 14, 3, 3, 1],
    [0, 7, 1, 4, 0, 2],
    [0, 10, 5, 1, 4, 1],
    [0, 17, 12, 3, 4, 3],
    [0, 14, 4, 1, 2, 2],
    [1, 20, 5, 1, 0, 0],
    [0, 8, 12, 4, 2, 1],
    [0, 9, 3, 0, 3, 0],
    [1, 5, 2, 0, 0, 0],
    [4, 33, 12, 1, 2, 1],
    [3, 29, 8, 4, 4, 1],
    [2, 12, 7, 1, 2, 1],
    [0, 26, 15, 1, 2, 6],
    [4, 27, 12, 6, 4, 4],
    [0, 8, 0, 0, 0, 1],
    [1, 9, 5, 2, 0, 0],
    [0, 16, 8, 1, 0, 0],
    [3, 13, 10, 0, 2, 1],
    [0, 13, 3, 3, 2, 1],
    [0, 7, 2, 1, 2, 1],
    [0, 16, 6, 6, 5, 4],
    [2, 28, 12, 5, 1, 1],
    [3, 17, 18, 8, 3, 1],
    [0, 4, 2, 2, 1, 1],
    [0, 35, 31, 6, 6, 1],
    [3, 18, 12, 2, 2, 0],
    [1, 32, 13, 4, 3, 4],
    [5, 10, 6, 11, 2, 3],
    [1, 31, 12, 9, 3, 0],
    [1, 20, 9, 5, 3, 2],
    [7, 22, 17, 7, 1, 0],
    [0, 11, 7, 1, 0, 1],
    [2, 22, 19, 1, 6, 5],
    [2, 25, 11, 5, 2, 3],
    [1, 7, 4, 4, 1, 1],
    [4, 23, 10, 8, 0, 3],
    [1, 8, 2, 0, 1, 0],
    [0, 1, 3, 2, 1, 0],
    [2, 9, 2, 4, 0, 0],
    [3, 6, 5, 3, 4, 1],
    [2, 0, 2, 2, 1, 0],
    [1, 3, 3, 4, 1, 0],
    [1, 4, 1, 5, 0, 0],
    [0, 1, 2, 3, 0, 0],
    [0, 3, 0, 7, 0, 0],
    [0, 9, 5, 6, 0, 1],
    [1, 7, 5, 7, 1, 0],
    [3, 5, 1, 2, 0, 1],
    [2, 2, 0, 2, 0, 0],
    [0, 16, 12, 6, 4, 2],
    [3, 11, 10, 3, 4, 1],
    [1, 20, 11, 1, 3, 0],
    [1, 18, 11, 3, 4, 2],
    [2, 8, 2, 2, 1, 1],
    [2, 22, 3, 3, 4, 4],
    [0, 14, 2, 7, 2, 1],
    [0, 10, 9, 7, 0, 1],
    [3, 31, 11, 5, 2, 1],
    [1, 3, 2, 3, 2, 2],
    [0, 17, 6, 2, 2, 0],
    [6, 130, 69, 25, 18, 8],
    [0, 6, 2, 0, 0, 0],
    [0, 9, 3, 1, 1, 1],
    [0, 4, 2, 0, 0, 0],
    [0, 7, 0, 0, 1, 0],
    [0, 10, 3, 1, 1, 0],
    [0, 4, 8, 0, 1, 0],
    [4, 17, 2, 4, 2, 3],
    [2, 8, 2, 6, 7, 4],
    [1, 37, 13, 6, 6, 1],
    [3, 45, 33, 0, 5, 7],
    [0, 41, 22, 5, 5, 3],
    [0, 10, 4, 2, 2, 1],
    [3, 56, 25, 3, 9, 5],
    [1, 4, 2, 1, 1, 0],
    [1, 7, 5, 5, 1, 0],
    [0, 10, 2, 3, 0, 0],
    [1, 8, 7, 7, 0, 1],
    [0, 0, 2, 2, 2, 0],
    [2, 13, 9, 3, 2, 2],
    [1, 12, 6, 5, 1, 1],
    [3, 4, 1, 2, 0, 1],
    [3, 10, 4, 7, 0, 1],
    [5, 15, 12, 5, 5, 1],
    [1, 9, 5, 3, 2, 1],
    [4, 90, 56, 9, 4, 7],
    [2, 7, 13, 0, 1, 0],
    [3, 72, 29, 1, 8, 10],
    [0, 3, 4, 2, 0, 0],
    [1, 4, 0, 1, 0, 1],
    [3, 10, 3, 1, 1, 2],
    [0, 3, 2, 1, 2, 0],
    [1, 4, 4, 2, 0, 0],
    [3, 32, 18, 6, 3, 1],
    [4, 30, 10, 4, 1, 5],
    [1, 31, 8, 6, 2, 2],
    [3, 54, 27, 11, 2, 5],
    [6, 15, 25, 1, 2, 2],
    [2, 4, 0, 2, 0, 1],
    [0, 4, 1, 1, 0, 1],
    [2, 5, 5, 4, 2, 3],
    [2, 11, 4, 6, 2, 2],
    [1, 10, 6, 2, 1, 1],
    [0, 3, 3, 0, 0, 0],
    [0, 4, 3, 1, 0, 0],
    [3, 2, 2, 1, 0, 1],
    [5, 26, 19, 12, 4, 1],
    [2, 20, 15, 7, 6, 5],
    [81, 905, 688, 136, 138, 88],
    [9, 120, 105, 16, 6, 17],
    [93, 975, 637, 138, 107, 117],
    [19, 56, 50, 20, 7, 5]
  ],
  "method": "mvn_cdf",
  "mvncdf_method": "genz",
  "mvncdf_samples": 5000,
  "mvncdf_error": 0.001,
  "cond_prob": [
    [
      [0.24565056398, 0.0371776935, 0.70821246413, 0.0089592783897],
      [0.032471749556, 0.36530410491, 0.58157843004, 0.020645715491],
      [0.028150591105, 0.11610662756, 0.84638470793, 0.0093580734001],
      [0.11929376287, 0.011729518641, 0.79683699992, 0.072139718576],
      [0.020742955274, 0.39303044069, 0.52505448482, 0.061172119221],
      [0.011262254139, 0.20846941741, 0.64652740866, 0.13374091979]
    ],
    [
      [0.41576096127, 0.044912024481, 0.51071227704, 0.028614737209],
      [0.043437572275, 0.4776728428, 0.43019516348, 0.048694421448],
      [0.053193055408, 0.1753778622, 0.7365703352, 0.034858747187],
      [0.15919931328, 0.011203907014, 0.48122089135, 0.34837588835],
      [0.024029271065, 0.40577270543, 0.29800389014, 0.27219413337],
      [0.0095453862488, 0.15921770067, 0.27836395455, 0.55287295853]
    ],
    [
      [0.30175410232, 0.036540922657, 0.64965316685, 0.01205180818],
      [0.037723650234, 0.37822188768, 0.54965839521, 0.034396066881],
      [0.034970834258, 0.12442832842, 0.82522929442, 0.0153715429],
      [0.14345246771, 0.010675032375, 0.72839124395, 0.11748125596],
      [0.025548724326, 0.39635409615, 0.47570224142, 0.1023949381],
      [0.011666593823, 0.20319825559, 0.57005770528, 0.2150774453]
    ],
    [
      [0.15082981852, 0.022736361186, 0.80790235401, 0.018531466283],
      [0.015620804314, 0.24576859803, 0.67675357285, 0.061857024802],
      [0.014757434415, 0.069836209009, 0.8921478481, 0.023258508475],
      [0.063511472192, 0.004356533062, 0.79918714713, 0.13294484761],
      [0.012473215453, 0.27050497649, 0.591447656, 0.12557415206],
      [0.0051620669772, 0.12096912919, 0.62173386159, 0.25213494224]
    ],
    [
      [0.30120462676, 0.032181551532, 0.66325661632, 0.0033572053872],
      [0.042198327417, 0.34602161141, 0.60660774937, 0.0051723118085],
      [0.040609908153, 0.10967130594, 0.84681389894, 0.0029048869701],
      [0.15446683955, 0.011190612976, 0.78748066738, 0.046861880097],
      [0.02850610986, 0.3788725178, 0.54894440164, 0.043676970704],
      [0.014461444636, 0.20337427668, 0.68644336458, 0.095720914102]
    ],
    [
      [0.43426673536, 0.0081700053077, 0.55359359978, 0.0039696595495],
      [0.057777934963, 0.19707724332, 0.7338252387, 0.011319583024],
      [0.057292120754, 0.051762653674, 0.88514787076, 0.0057973548098],
      [0.23983874596, 0.0012028090792, 0.71647815083, 0.042480294126],
      [0.055405144964, 0.24702496856, 0.646280143, 0.051289743481],
      [0.025246509259, 0.12504711664, 0.74590311645, 0.10380325765]
    ],
    [
      [0.31950670897, 0.052816200053, 0.62437578304, 0.003301307937],
      [0.038560699501, 0.48655626462, 0.47125250835, 0.003630527526],
      [0.04095201605, 0.17764260041, 0.77851997247, 0.002885411066],
      [0.16749509014, 0.016716930242, 0.76327039679, 0.052517582825],
      [0.024351778223, 0.52604726049, 0.41191549148, 0.037685469813],
      [0.014426939576, 0.31433395361, 0.57816074002, 0.093078366801]
    ],
    [
      [0.3843455786, 0.066044006055, 0.52443226225, 0.025178153092],
      [0.038247963533, 0.56440967526, 0.35711195019, 0.040230411013],
      [0.046063299817, 0.23623959302, 0.68705726474, 0.030639842423],
      [0.16542081327, 0.017187340204, 0.54418445587, 0.27320739066],
      [0.026554792043, 0.52519817869, 0.26732781358, 0.18091921569],
      [0.010726549754, 0.2691600757, 0.32448221493, 0.39563115962]
    ],
    [
      [0.47989447793, 0.024566094579, 0.43845192962, 0.057087497872],
      [0.064711817827, 0.3584620052, 0.45855506686, 0.11827111011],
      [0.073607686447, 0.11400150932, 0.74239213834, 0.069998665896],
      [0.13668633204, 0.0020852143906, 0.17502077124, 0.68620768232],
      [0.014027403699, 0.15893356321, 0.16467204875, 0.66236698435],
      [0.0022203105921, 0.01070312326, 0.025019024509, 0.96205754164]
    ],
    [
      [0.18736371247, 0.038192726414, 0.76876608319, 0.0056774779269],
      [0.022579052813, 0.36377423528, 0.59667817687, 0.016968535032],
      [0.019413496936, 0.11352665428, 0.8606996532, 0.0063601955892],
      [0.089521075234, 0.012588313039, 0.84196046565, 0.055930146073],
      [0.015038350075, 0.39517769243, 0.54420898367, 0.045574973825],
      [0.0072354069916, 0.21080416864, 0.68209514547, 0.099865278898]
    ],
    [
      [0.30781900123, 0.016048975075, 0.62745600585, 0.048676017842],
      [0.040361038576, 0.38228017716, 0.52141452256, 0.055944261705],
      [0.039255287903, 0.081256105848, 0.8316523062, 0.047836300048],
      [0.1360377114, 0.0016193496342, 0.71821148089, 0.14413145807],
      [0.036410721627, 0.41394395282, 0.40809172351, 0.14155360205],
      [0.016270189915, 0.21132222856, 0.50455940287, 0.26784817865]
    ],
    [
      [0.25024927583, 0.034501368164, 0.70143951484, 0.013809841167],
      [0.041598949059, 0.35485307892, 0.5687320381, 0.034815933927],
      [0.025738152358, 0.10802472605, 0.85916057874, 0.0070765428472],
      [0.11577932908, 0.010654206156, 0.77884513652, 0.094721328236],
      [0.021770735122, 0.377032039, 0.51814870948, 0.083048516397],
      [0.0089539658945, 0.19002617042, 0.62973374046, 0.17128612323]
    ],
    [
      [0.91194559484, 0.0093991124157, 0.078655292746, 0],
      [0.078566997676, 0.33691659442, 0.58451640791, 0],
      [0.22439714525, 0.087785301414, 0.68781755334, 0],
      [0.72124832151, 0.0092503904086, 0.26950128808, 0],
      [0.20509067448, 0.32933228662, 0.46557703889, 0],
      [0.15164828715, 0.19506696496, 0.65328474788, 0]
    ],
    [
      [0.15300463007, 0.023658340144, 0.82333702979, 0],
      [0.049880545151, 0.1954860446, 0.75463341025, 0],
      [0.019589877098, 0.058642041931, 0.92176808097, 0],
      [0.075696117295, 0.031665043306, 0.8926388394, 0],
      [0.010486689146, 0.18102364833, 0.79627087422, 0.012218788309],
      [0.0044839114195, 0.083391126287, 0.89107638963, 0.02104857266]
    ],
    [
      [0.018791555408, 0.015965088032, 0.96457415277, 0.00066920379028],
      [0, 0.20223669498, 0.79776330502, 0],
      [0, 0.034783016334, 0.96521698367, 0],
      [0, 0.039024662167, 0.96097533783, 0],
      [0, 0.24143291224, 0.75856708776, 0],
      [0.0011466500279, 0.10174808543, 0.88934724438, 0.0077580201624]
    ],
    [
      [0.89775683138, 0.015633776419, 0.086609392203, 0],
      [0.097862276081, 0.30923639956, 0.59290132436, 0],
      [0.24029827671, 0.095900962918, 0.66380076037, 0],
      [0.78568162007, 0.0023987962603, 0.20706627697, 0.004853306694],
      [0.27562789711, 0.28341636922, 0.42653353357, 0.014422200103],
      [0.16680819351, 0.18352820031, 0.64966360617, 0]
    ],
    [
      [0.33211788766, 0.059116691962, 0.58172632733, 0.027039093047],
      [0.035217799454, 0.55263343733, 0.36805005047, 0.044098712751],
      [0.044511938643, 0.20539109164, 0.71200309816, 0.038093871557],
      [0.1486594763, 0.010276832998, 0.57403948583, 0.26702420487],
      [0.019078052368, 0.52559430108, 0.29255995679, 0.16276768976],
      [0.013040312001, 0.25219433609, 0.34974236523, 0.38502298668]
    ],
    [
      [0.30238060966, 0.030513752667, 0.64777155234, 0.01933408533],
      [0.038948438028, 0.34019711347, 0.57412115966, 0.046733288849],
      [0.040937213373, 0.10544952767, 0.8176871583, 0.035926100651],
      [0.1373965917, 0.0086084461176, 0.67010324082, 0.18389172137],
      [0.02439013029, 0.33818711566, 0.4790888455, 0.15833390854],
      [0.010667490354, 0.15364436371, 0.51507075541, 0.32061739053]
    ],
    [
      [0.26700182628, 0.033989694913, 0.67741344955, 0.021595029255],
      [0.020132744252, 0.3696019678, 0.56541433785, 0.044850950101],
      [0.026829094824, 0.07907095388, 0.85699889513, 0.03710105617],
      [0.098028765554, 0, 0.65947371313, 0.24249752131],
      [0.015549896787, 0.31410235869, 0.45650107754, 0.21384666699],
      [0.0054538873983, 0.11583086725, 0.43621450982, 0.44250073553]
    ],
    [
      [0.29114903417, 0.16005932538, 0.54879164045, 0],
      [0.076602341185, 0.8202648229, 0.10313283592, 0],
      [0.033767219654, 0.48125004911, 0.48498273124, 0],
      [0.18433719072, 0.038815666958, 0.77684714232, 0],
      [0.0041505626931, 0.88856224762, 0.10507433753, 0.0022128521545],
      [0.0045211604088, 0.69087085195, 0.29804123937, 0.0065667482654]
    ],
    [
      [0.22658095663, 0.049584288428, 0.72383475494, 0],
      [0.059635484836, 0.3713041601, 0.56906035506, 0],
      [0.03236327779, 0.10114248473, 0.86649423748, 0],
      [0.12914429295, 0.02928127885, 0.8415744282, 0],
      [0.038146069879, 0.41167897367, 0.55017495645, 0],
      [0.039133698649, 0.21553492674, 0.74533137461, 0]
    ],
    [
      [0.87804327624, 0.011458771684, 0.1099370323, 0.00056091977242],
      [0.10651908367, 0.49936816292, 0.39411275341, 0],
      [0.084788804765, 0.1681409532, 0.74707024204, 0],
      [0.42381896586, 0.016461279817, 0.52325228391, 0.036467470417],
      [0.039410221673, 0.51655324391, 0.44084935335, 0.0031871810688],
      [0.011395230401, 0.21087108728, 0.56007526852, 0.2176584138]
    ],
    [
      [0.15902362397, 0.065822740229, 0.76751628282, 0.0076373529812],
      [0.01039756883, 0.49752806716, 0.46973927939, 0.022335084615],
      [0.014010195745, 0.18273402471, 0.79190713042, 0.011348649126],
      [0.074200645386, 0.01887186845, 0.84083969484, 0.066087791323],
      [0.0094939065865, 0.53845283304, 0.41000339344, 0.042049866934],
      [0.005097827378, 0.31805575471, 0.572170024, 0.10467639391]
    ],
    [
      [0.59704112832, 0.05003750339, 0.32099204677, 0.031929321515],
      [0.073763286159, 0.55607181189, 0.37016490195, 0],
      [0.088390745948, 0.22508916823, 0.62663717026, 0.05988291556],
      [0.17767331135, 0.035985329315, 0.24141028632, 0.54493107301],
      [0.03113632974, 0.29807817341, 0.15486687423, 0.51591862262],
      [0.0057029701144, 0.070975917545, 0.083067899308, 0.84025321303]
    ],
    [
      [0.15629416884, 0.071958389633, 0.76286090863, 0.0088865328874],
      [0.0075897547007, 0.52140424152, 0.4411603854, 0.029845618378],
      [0.013306527906, 0.19777882652, 0.77684133722, 0.012073308351],
      [0.070189176607, 0.01604692098, 0.81531458163, 0.09844932078],
      [0.0082131165732, 0.55626760838, 0.37863707474, 0.056882200306],
      [0.0042339017127, 0.32707777535, 0.53248837236, 0.13619995058]
    ],
    [
      [0, 0.075064207038, 0.92493579296, 0],
      [0, 0.15342823333, 0.84657176667, 0],
      [0, 0.012455991048, 0.98754400895, 0],
      [0, 0.025011643902, 0.9749883561, 0],
      [0, 0.22799356663, 0.77200643337, 0],
      [0, 0.13053244793, 0.86946755207, 0]
    ],
    [
      [0.11555869556, 0.069808812173, 0.76284556922, 0.051786923045],
      [0, 0.51432912464, 0.45810393914, 0.027566936212],
      [0, 0.19173779796, 0.79472275828, 0.013539443758],
      [0, 0.034830519107, 0.57756229704, 0.38760718385],
      [0.0049006063546, 0.4225245505, 0.27699114053, 0.29558370262],
      [0, 0.16165143717, 0.28751381305, 0.55083474978]
    ],
    [
      [0.72326428647, 0.010461033873, 0.2614751447, 0.0047995349569],
      [0.058752835641, 0.27325852115, 0.62267612869, 0.04531251452],
      [0.092464106656, 0.083796491041, 0.79672355558, 0.027015846722],
      [0.43143407231, 0.0064692854313, 0.46645966528, 0.095636976982],
      [0.10416586876, 0.28194221184, 0.48752640018, 0.12636551922],
      [0.03210190347, 0.13922127039, 0.56351494504, 0.26516188109]
    ],
    [
      [0.25347550688, 0.051506038939, 0.69100608476, 0.0040123694194],
      [0.027871016792, 0.45403117239, 0.51809781082, 0],
      [0.030032234881, 0.16086721335, 0.80910055177, 0],
      [0.12695134793, 0.0161085142, 0.80714801572, 0.049792122146],
      [0.019022182154, 0.49179165301, 0.45225622001, 0.036929944821],
      [0.020260387172, 0.28738497693, 0.61385247612, 0.078502159774]
    ],
    [
      [0.15909859993, 0.032473845282, 0.80412848805, 0.0042990667394],
      [0.019411919069, 0.31868570188, 0.6487617011, 0.013140677954],
      [0.018265276494, 0.097246112567, 0.87618909911, 0.0082995118288],
      [0.073479760394, 0.0097605690303, 0.86792442003, 0.048835250543],
      [0.013220762339, 0.35176617228, 0.5911548513, 0.043858214077],
      [0.0069053484988, 0.18331079407, 0.71613179441, 0.093652063024]
    ],
    [
      [0.060479862834, 0.10822599936, 0.82083702246, 0.010457115346],
      [0, 0.64294875529, 0.28877861762, 0.068272627093],
      [0, 0.26673600696, 0.70977756087, 0.023486432167],
      [0, 0.028074875458, 0.81057959502, 0.16134552952],
      [0, 0.69782473009, 0.25091384959, 0.051261420316],
      [0, 0.37941961542, 0.45245533401, 0.16812505057]
    ],
    [
      [0.014962751282, 0.062895986059, 0.91918593324, 0.0029553294158],
      [0, 0.52000088882, 0.47999911118, 0],
      [0, 0.17317378382, 0.82682621618, 0],
      [0, 0.061338188959, 0.93866181104, 0],
      [0.0017082374687, 0.56446628387, 0.42975744244, 0.0040680362179],
      [0, 0.33913690432, 0.66086309568, 0]
    ],
    [
      [0.21249339658, 0, 0.71960789214, 0.067898711283],
      [0.16365349356, 0, 0.78956766868, 0.046778837761],
      [0.0042250570816, 0, 0.90829139642, 0.087483546503],
      [0.090983044187, 0, 0.70922153462, 0.19979542119],
      [0.01734476744, 0.1682002864, 0.61933662899, 0.19511831718],
      [0.0058988422633, 0.06679383285, 0.52308676743, 0.40422055746]
    ],
    [
      [0, 0.1234492942, 0.84313524831, 0.03341545749],
      [0, 0.55753081245, 0.38647053738, 0.055998650165],
      [0, 0.15335210495, 0.77265956866, 0.073988326393],
      [0, 0.025814737986, 0.79026716579, 0.18391809622],
      [0.0044914780664, 0.5526258337, 0.35490101234, 0.087981675887],
      [0, 0.24980329008, 0.48541063936, 0.26478607056]
    ],
    [
      [0.054816973774, 0.025044019987, 0.90129614005, 0.018842866193],
      [0, 0.19998293243, 0.72754531858, 0.072471748987],
      [0, 0.015122339239, 0.93071548892, 0.054162171838],
      [0, 0, 0.76574148841, 0.23425851159],
      [0, 0.21907566812, 0.55159832649, 0.22932600539],
      [0, 0.065819060212, 0.52439937759, 0.4097815622]
    ],
    [
      [0.20958503553, 0.044421492443, 0.73173898762, 0.014254484403],
      [0.018207342997, 0.3954920497, 0.55876482361, 0.027535783689],
      [0.020946254902, 0.13395358012, 0.82752127322, 0.017578891767],
      [0.092467875106, 0.012057052661, 0.74270545478, 0.15276961745],
      [0.015012943181, 0.40078986592, 0.4592700149, 0.124927176],
      [0.0067887758612, 0.20249760698, 0.53467602642, 0.25603759074]
    ],
    [
      [0.78795402487, 0.010012891492, 0.17818730194, 0.023845781699],
      [0.086118818607, 0.34607302523, 0.5109047582, 0.056903397967],
      [0.10607982507, 0.12294186082, 0.7454853181, 0.025492996012],
      [0.29673945849, 0.01556467264, 0.27192345314, 0.41577241572],
      [0.052306277186, 0.20697000404, 0.24182201649, 0.49890170228],
      [0.010363310348, 0.055188522579, 0.14955248438, 0.78489568269]
    ],
    [
      [0, 0.099829647895, 0.88769224994, 0.012478102164],
      [0, 0.32779072333, 0.61763354503, 0.054575731639],
      [0, 0.09735258909, 0.88257555663, 0.020071854279],
      [0, 0.036580147037, 0.87164957977, 0.09177027319],
      [0, 0.3717676542, 0.57444760215, 0.053784743651],
      [0, 0.18405244456, 0.7086598656, 0.10728768984]
    ],
    [
      [0.010085586215, 0.068173472485, 0.91840938362, 0.0033315576763],
      [0, 0.53679989694, 0.46320010306, 0],
      [0, 0.17248798273, 0.82751201727, 0],
      [0, 0.056456547554, 0.94354345245, 0],
      [0, 0.60380887022, 0.39619112978, 0],
      [0, 0.38435892593, 0.61564107407, 0]
    ],
    [
      [0.36117079147, 0.019750647469, 0.59041962739, 0.028658933669],
      [0.054355133668, 0.26021801611, 0.63987434113, 0.045552509097],
      [0.052614272925, 0.073576838577, 0.85455864205, 0.019250246443],
      [0.13970083716, 0.00060389505672, 0.53657106389, 0.32312420389],
      [0.031414395967, 0.21334610884, 0.41564750796, 0.33959198724],
      [0.01020942442, 0.073600511462, 0.3367392252, 0.57945083891]
    ],
    [
      [0.18436432968, 0.011983716912, 0.8019286425, 0.0017233109128],
      [0.064345433173, 0.12905668548, 0.80659788135, 0],
      [0.035963992152, 0.031270565868, 0.93276544198, 0],
      [0.12651987341, 0, 0.87348012659, 0],
      [0.056061307224, 0.17120272184, 0.77273597094, 0],
      [0.052488174915, 0.078826682681, 0.8686851424, 0]
    ],
    [
      [0.29037837563, 0.040005101014, 0.65881003272, 0.010806490642],
      [0, 0.25209429653, 0.74790570347, 0],
      [0, 0.081239036804, 0.9187609632, 0],
      [0.14128811899, 0.011756994847, 0.72371066541, 0.12324422075],
      [0.024356972488, 0.40329728758, 0.46741038716, 0.10493535277],
      [0.011395230401, 0.21087108728, 0.56007526852, 0.2176584138]
    ],
    [
      [0.89572174424, 0.00355662034, 0.10039699219, 0.00032464322513],
      [0.11635177476, 0.25168025477, 0.63196797047, 0],
      [0.11070048387, 0.083439753343, 0.80585976278, 0],
      [0.62936501212, 0.0032166596981, 0.35907585942, 0.008342468768],
      [0.15161466084, 0.27860751432, 0.55256942577, 0.01720839907],
      [0.091790965471, 0.15951996755, 0.74868906698, 0]
    ],
    [
      [0.59211575721, 0.016855763426, 0.36930570725, 0.021722772116],
      [0.057148737614, 0.2988936725, 0.58479139058, 0.059166199309],
      [0.073504167228, 0.087508762576, 0.80499358381, 0.033993486386],
      [0.26431246384, 0.007413059075, 0.47509718008, 0.25317729701],
      [0.050010723562, 0.26096379668, 0.40540836572, 0.28361711403],
      [0.0017004427966, 0.098545840223, 0.37074341412, 0.52901030286]
    ],
    [
      [0.039692030114, 0.020092528305, 0.93895428451, 0.0012611570722],
      [0, 0.31622569676, 0.68377430324, 0],
      [0, 0.10387376475, 0.89612623525, 0],
      [0, 0.045787140203, 0.9542128598, 0],
      [0.0039842631336, 0.24751345665, 0.73595147646, 0.012550803751],
      [0, 0.14812733506, 0.85187266494, 0]
    ],
    [
      [0.27731215351, 0.012994888664, 0.70969295782, 0],
      [0.063271388539, 0.19132843356, 0.7454001779, 0],
      [0.068521770106, 0.043626639094, 0.8878515908, 0],
      [0.1269934418, 0.0035581816133, 0.86944837659, 0],
      [0.023641061213, 0.24058139577, 0.7336926728, 0.0020848702121],
      [0.011012116562, 0.12637682191, 0.86190055019, 0.00071051133933]
    ],
    [
      [0.42203528042, 0, 0.54418492288, 0.033779796694],
      [0.044704593857, 0.12323121251, 0.80512143106, 0.026942762569],
      [0.049685203019, 0, 0.86832468546, 0.081990111521],
      [0.18020840657, 0, 0.63777134293, 0.1820202505],
      [0.03107415733, 0.14489513413, 0.65227282695, 0.17175788159],
      [0.068492297373, 0, 0.57529833488, 0.35620936774]
    ],
    [
      [0.15111145016, 0.0099126899124, 0.83769906947, 0.0012767904596],
      [0.071692288831, 0.12940178831, 0.79890592285, 0],
      [0.045974773335, 0.048292322562, 0.9057329041, 0],
      [0.12442640888, 0.025045638928, 0.85052795219, 0],
      [0.061787831249, 0.14281282295, 0.7953993458, 0],
      [0.0055437158755, 0.060691677476, 0.91169444369, 0.022070162963]
    ],
    [
      [0.23389712176, 0.01644514135, 0.74965773689, 0],
      [0.073561656416, 0.21398898524, 0.71244935834, 0],
      [0.037385724506, 0.036302043501, 0.92631223199, 0],
      [0.15414219105, 0.021020026073, 0.82483778288, 0],
      [0.045605611345, 0.24222578121, 0.71216860745, 0],
      [0.0091846382338, 0.11095835052, 0.86594495969, 0.013912051549]
    ],
    [
      [0.43828174238, 0.020393969192, 0.52654011802, 0.014784170409],
      [0.057488624151, 0.29834560206, 0.59959356188, 0.044572211914],
      [0.056009281124, 0.086643310887, 0.82759247816, 0.029754929825],
      [0.22482135545, 0.0068674706737, 0.69225625539, 0.076054918489],
      [0.043739497157, 0.32825648362, 0.55452791383, 0.073476105386],
      [0.019869265243, 0.16317546669, 0.65995379735, 0.15700147071]
    ],
    [
      [0.36277278882, 0.011994101264, 0.60392555414, 0.021307555777],
      [0.049413544221, 0.20808527062, 0.6912759832, 0.051225201956],
      [0.05048593611, 0.038441014694, 0.87877800598, 0.032295043211],
      [0.15192614122, 0, 0.61353067157, 0.23454318721],
      [0.032155159093, 0.20709299162, 0.50593016356, 0.25482168573],
      [0.012427953735, 0.077189499229, 0.46148084502, 0.44890170201]
    ],
    [
      [0.35871436049, 0.0073466905587, 0.62564860044, 0.0082903485084],
      [0.13582266828, 0, 0.79271989029, 0.071457441423],
      [0.046326611506, 0, 0.87658960122, 0.077083787274],
      [0.13574184971, 0, 0.70516064141, 0.15909750888],
      [0.039445425053, 0.14937580571, 0.63686571378, 0.17431305546],
      [0.016101345655, 0.062347972399, 0.56720805036, 0.35434263159]
    ],
    [
      [0.29631802354, 0.009465938298, 0.66260132915, 0.03161470901],
      [0.061978101792, 0.23389250641, 0.62915093011, 0.074978461684],
      [0.023267920773, 0.070796419738, 0.89702516351, 0.0089104959821],
      [0.11242566216, 0.0063997461157, 0.7822813389, 0.098893252824],
      [0.039282643416, 0.32567979301, 0.49337823741, 0.14165932616],
      [0.018908157123, 0.16024600533, 0.54228621631, 0.27855962124]
    ],
    [
      [0.68583777979, 0.0053947871184, 0.30598701573, 0.0027804173568],
      [0.093713963716, 0.090909090909, 0.7811746436, 0.03420230178],
      [0.072731713667, 0, 0.90109125841, 0.026177027919],
      [0.37363821041, 0, 0.56602772272, 0.060334066871],
      [0.11551818527, 0.16309537547, 0.64223879877, 0.079147640493],
      [0.049361853633, 0.077191238973, 0.71098654553, 0.16246036187]
    ],
    [
      [0.16476480983, 0.052165674503, 0.76208779794, 0.020981717723],
      [0.021848970969, 0.40349216469, 0.54610163911, 0.028557225231],
      [0.023221551153, 0.13357616207, 0.81914832476, 0.024053962016],
      [0.07129910655, 0.014216091473, 0.82525660148, 0.089228200494],
      [0.012750198359, 0.4225951108, 0.49255081104, 0.072103879803],
      [0.010512948383, 0.22306148864, 0.60253052545, 0.16389503753]
    ],
    [
      [0.31304989306, 0.0085796432304, 0.67837046371, 0],
      [0.048411771398, 0.18425350292, 0.76733472568, 0],
      [0.03959983491, 0.045444510902, 0.91495565419, 0],
      [0.17487221936, 0.0021127513893, 0.82301502925, 0],
      [0.062034533804, 0.22917095645, 0.70879450975, 0],
      [0.068890478544, 0.11190637489, 0.81920314656, 0]
    ],
    [
      [0.1565814754, 0.055591368444, 0.77198938866, 0.015837767494],
      [0.01347122013, 0.45962772438, 0.49610273801, 0.030798317478],
      [0.015934609957, 0.15784498664, 0.79546822002, 0.030752183388],
      [0.071676781849, 0.015939311143, 0.84441727339, 0.067966633614],
      [0.010208462619, 0.493355703, 0.44768065724, 0.048755177145],
      [0.0056008865961, 0.27662006316, 0.60016883621, 0.11761021404]
    ],
    [
      [0.166505415, 0.11657406711, 0.69970481381, 0.017215704077],
      [0.013331616772, 0.66849944201, 0.27703458884, 0.041134352371],
      [0.014306765809, 0.32289731692, 0.65026964637, 0.0125262709],
      [0.081818837047, 0.023518157543, 0.79964543948, 0.095017565934],
      [0.0066311653617, 0.72724133155, 0.23231040444, 0.033817098655],
      [0.0046475421228, 0.49817478295, 0.39910821506, 0.098069459867]
    ],
    [
      [0.26414738684, 0.025740718037, 0.67695817343, 0.033153721698],
      [0.0013049957296, 0.32923352929, 0.61358557602, 0.055875898963],
      [0.015381432022, 0.14601124453, 0.80562780052, 0.032979522923],
      [0.091109710975, 0.0049543154601, 0.50029848062, 0.40363749295],
      [0.012593007687, 0.28309924279, 0.34562333015, 0.35868441938],
      [0.004970238085, 0.083532633157, 0.27957409218, 0.63192303658]
    ],
    [
      [0.36732496974, 0.028738015817, 0.59207744517, 0.011859569277],
      [0.045414449889, 0.34000189139, 0.59040019887, 0.024183459856],
      [0.049857987689, 0.10725258173, 0.81830697437, 0.024582456209],
      [0.18927171231, 0.011275614208, 0.70797571465, 0.091476958838],
      [0.034753885737, 0.36381944317, 0.52335240242, 0.078074268677],
      [0.016944914128, 0.18546334792, 0.62894831052, 0.16864342743]
    ],
    [
      [0.029647011789, 0.042955005218, 0.9115291401, 0.015868842895],
      [0, 0.38450494372, 0.51905724904, 0.096437807244],
      [0, 0.13454968164, 0.81548925865, 0.049961059711],
      [0, 0.027000529696, 0.78877761132, 0.18422185899],
      [0.0045433217949, 0.39352908516, 0.47064784949, 0.13127974355],
      [0, 0.16588033216, 0.50401487522, 0.33010479261]
    ],
    [
      [0.013735834734, 0.046286622189, 0.93691082665, 0.0030667164229],
      [0, 0.4263133919, 0.5736866081, 0],
      [0, 0.13245858382, 0.86754141618, 0],
      [0, 0.055638532478, 0.94436146752, 0],
      [0.0019095312145, 0.46211059358, 0.52882848669, 0.0071513885168],
      [0, 0.2739386702, 0.7260613298, 0]
    ],
    [
      [0, 0.19881809647, 0.75086313293, 0.0503187706],
      [0, 0.53715683793, 0.4259103977, 0.036932764369],
      [0, 0.23184380151, 0.72316856056, 0.044987637932],
      [0, 0.050026836805, 0.51310332698, 0.43686983622],
      [0.0044254012035, 0.44751546226, 0.2999025079, 0.24815662864],
      [0, 0.14745853947, 0.3108671016, 0.54167435893]
    ],
    [
      [0.108690379, 0.014082306453, 0.81205384011, 0.065173474433],
      [0, 0, 0.90389545433, 0.096104545668],
      [0.011735481272, 0.036895247949, 0.8948132119, 0.05655605888],
      [0, 0, 0.46147272756, 0.53852727244],
      [0.0069916345232, 0.077353175868, 0.31062840523, 0.60502678438],
      [0.0016071034977, 0.015893126107, 0.28555529721, 0.69694447319]
    ],
    [
      [0, 0.14587262758, 0.85412737242, 0],
      [0, 0.69023263089, 0.30976736911, 0],
      [0, 0.258967477, 0.741032523, 0],
      [0.02088303922, 0.035061874197, 0.94222636261, 0.0018287239747],
      [0, 0.74755957176, 0.25244042824, 0],
