{
  "X": [
    [56, 103, 484, 948, 83],
    [33, 85, 348, 531, 60],
    [43, 83, 409, 745, 70],
    [45, 93, 412, 804, 83],
    [39, 89, 426, 671, 89],
    [10, 2, 26, 177, 10],
    [4, 22, 55, 214, 20],
    [9, 7, 54, 63, 13],
    [5, 5, 33, 111, 7],
    [3, 1, 30, 28, 3],
    [18, 24, 70, 234, 14],
    [4, 12, 45, 208, 11],
    [7, 11, 25, 109, 9],
    [13, 28, 104, 170, 13],
    [13, 19, 222, 119, 36],
    [6, 34, 146, 97, 28],
    [25, 61, 441, 241, 53],
    [9, 18, 175, 58, 31],
    [18, 20, 179, 105, 42],
    [11, 23, 118, 44, 18],
    [10, 20, 51, 227, 18],
    [10, 18, 69, 288, 11],
    [1, 4, 19, 117, 10],
    [4, 2, 23, 165, 11],
    [8, 15, 48, 198, 19],
    [19, 42, 201, 395, 37],
    [16, 99, 448, 965, 62],
    [22, 91, 428, 829, 79],
    [4, 3, 15, 107, 8],
    [33, 80, 377, 673, 77],
    [5, 1, 12, 21, 3],
    [37, 127, 474, 871, 107],
    [21, 60, 187, 370, 33],
    [3, 16, 46, 139, 12],
    [39, 86, 445, 280, 76],
    [6, 9, 78, 32, 22],
    [21, 40, 318, 142, 55],
    [25, 31, 84, 278, 43],
    [6, 5, 16, 133, 13],
    [4, 12, 39, 179, 18],
    [4, 9, 71, 20, 4],
    [1, 13, 30, 169, 7],
    [13, 15, 97, 231, 22],
    [2, 6, 22, 127, 11],
    [5, 17, 49, 240, 14],
    [5, 12, 35, 223, 17],
    [1, 11, 26, 158, 14],
    [11, 34, 104, 239, 22],
    [20, 44, 211, 242, 20],
    [26, 59, 243, 406, 49],
    [38, 99, 279, 357, 59],
    [2, 4, 19, 76, 1],
    [11, 11, 38, 97, 5],
    [6, 7, 46, 147, 19],
    [3, 6, 21, 73, 6],
    [0, 0, 2, 8, 0],
    [3, 17, 45, 65, 4],
    [12, 26, 84, 202, 14],
    [10, 11, 85, 158, 17],
    [6, 4, 49, 209, 6],
    [2, 6, 25, 118, 11],
    [9, 1, 24, 60, 10],
    [9, 14, 29, 153, 13],
    [4, 51, 154, 210, 17],
    [34, 126, 577, 1236, 112],
    [8, 16, 82, 121, 28],
    [110, 97, 573, 1074, 183],
    [8, 2, 59, 105, 7]
  ],
  "W": [
    [48, 488, 911, 120, 107],
    [38, 342, 493, 109, 75],
    [69, 386, 705, 100, 90],
    [40, 423, 778, 114, 82],
    [44, 430, 638, 108, 94],
    [10, 25, 155, 11, 24],
    [11, 44, 211, 30, 19],
    [10, 56, 60, 7, 13],
    [8, 32, 103, 9, 9],
    [5, 32, 23, 4, 1],
    [11, 73, 220, 37, 19],
    [6, 44, 197, 23, 10],
    [11, 23, 102, 14, 11],
    [15, 99, 172, 27, 15],
    [12, 224, 118, 22, 33],
    [4, 146, 93, 43, 25],
    [26, 436, 228, 76, 55],
    [6, 177, 46, 34, 28],
    [9, 192, 89, 39, 35],
    [4, 133, 42, 21, 14],
    [12, 49, 220, 22, 23],
    [16, 67, 271, 16, 26],
    [1, 23, 108, 8, 11],
    [6, 26, 151, 8, 14],
    [6, 50, 181, 26, 25],
    [22, 194, 346, 69, 63],
    [25, 423, 877, 153, 112],
    [26, 409, 736, 156, 122],
    [5, 14, 107, 3, 8],
    [28, 387, 623, 107, 95],
    [5, 13, 15, 1, 8],
    [34, 492, 784, 168, 138],
    [14, 199, 340, 80, 38],
    [1, 48, 122, 25, 20],
    [36, 436, 252, 113, 89],
    [6, 82, 29, 12, 18],
    [16, 322, 131, 67, 40],
    [22, 100, 265, 36, 38],
    [5, 18, 116, 12, 22],
    [6, 46, 167, 21, 12],
    [4, 73, 16, 10, 5],
    [3, 35, 164, 9, 9],
    [19, 91, 216, 32, 20],
    [1, 20, 128, 9, 10],
    [6, 49, 227, 24, 19],
    [3, 38, 206, 15, 30],
    [2, 30, 143, 12, 23],
    [9, 98, 227, 49, 27],
    [25, 207, 204, 68, 33],
    [29, 242, 352, 96, 64],
    [43, 282, 324, 114, 69],
    [3, 18, 66, 10, 5],
    [18, 37, 88, 9, 10],
    [7, 46, 134, 16, 22],
    [2, 13, 72, 12, 10],
    [0, 2, 7, 0, 1],
    [1, 44, 56, 22, 11],
    [18, 81, 186, 31, 22],
    [7, 92, 136, 17, 29],
    [7, 43, 194, 9, 21],
    [0, 28, 114, 8, 12],
    [6, 27, 61, 4, 6],
    [7, 34, 147, 20, 10],
    [4, 160, 189, 60, 23],
    [48, 589, 1120, 165, 163],
    [7, 87, 112, 30, 19],
    [88, 665, 1017, 139, 128],
    [14, 54, 94, 3, 16]
  ],
  "method": "mvn_pdf",
  "cond_prob": [
    [
      [0.6194852024, 0.058964858574, 0.16696156796, 0.12439870102, 0.030189670053],
      [0.032272876049, 0.026552254573, 0.86729976563, 0.0038496228466, 0.070025480905],
      [0.0063497434029, 0.013265733802, 0.0075530417438, 0.95994869814, 0.01288278291],
      [0.017743545253, 0.59241384323, 0.15943698047, 0.15595883084, 0.07444680021],
      [0.026426384618, 0.038230509829, 0.24420599607, 0.43692367899, 0.25421343049]
    ],
    [
      [0.5319414087, 0.070837292643, 0.20749558197, 0.15199395376, 0.037731762933],
      [0.022441065483, 0.02590084102, 0.87672855088, 0.0038163506804, 0.07111319194],
      [0.0044420571761, 0.013025846881, 0.0076643285149, 0.96170947285, 0.013158294579],
      [0.012550399702, 0.58932938061, 0.16370969522, 0.15749634458, 0.076914179888],
      [0.018473481743, 0.037507230104, 0.24783234386, 0.43642240685, 0.25976453744]
    ],
    [
      [0.46838958204, 0.073951962672, 0.2499275796, 0.16522001608, 0.042510859613],
      [0.016779366186, 0.022786147403, 0.88943619978, 0.003497728588, 0.067500558042],
      [0.0036366072774, 0.012533430736, 0.0085158608843, 0.96164580858, 0.013668292518],
      [0.010309638093, 0.56866495313, 0.18249888603, 0.15835734668, 0.080169176061],
      [0.014632778706, 0.034934398695, 0.26644850505, 0.42294168381, 0.26104263374]
    ],
    [
      [0.59938102659, 0.06074864724, 0.17276032889, 0.12949812878, 0.037611868502],
      [0.029736019072, 0.026107541158, 0.85703976504, 0.0038234128401, 0.08329326189],
      [0.0058687113993, 0.013088956337, 0.0074803008772, 0.95819453409, 0.015367497295],
      [0.016341254189, 0.58280775044, 0.15739874553, 0.15493192014, 0.088520329708],
      [0.023411925292, 0.036152105139, 0.23191671097, 0.4175848218, 0.29093443681]
    ],
    [
      [0.53107425371, 0.070507339861, 0.2090345489, 0.14305378159, 0.046330075939],
      [0.022005570725, 0.02523966955, 0.86376866919, 0.0035184425603, 0.08546764798],
      [0.0047098204129, 0.01371810545, 0.0081751693673, 0.95630039113, 0.017096513639],
      [0.012497354924, 0.58241465398, 0.16393666624, 0.14729736822, 0.093853956645],
      [0.017883954466, 0.036071122002, 0.24129525431, 0.39658203087, 0.30816763835]
    ],
    [
      [0.68137353493, 0.013680772982, 0.084004846545, 0.19699558958, 0.023945255964],
      [0.056602196392, 0.011121700399, 0.82047743607, 0.010844872032, 0.10095379511],
      [0.003854145601, 0.001951333289, 0.0023701059425, 0.98534726746, 0.0064771477116],
      [0.031319249113, 0.25897807752, 0.14669943782, 0.45400637536, 0.10899686019],
      [0.023932864014, 0.0083477917934, 0.11473637074, 0.66046703173, 0.19251594172]
    ],
    [
      [0.32589618104, 0.087554576676, 0.328814965, 0.17863931349, 0.079094963792],
      [0.0082253304482, 0.019710572447, 0.87695121759, 0.0027514082099, 0.092361471301],
      [0.0021756406358, 0.013273002454, 0.0098780103655, 0.95190180554, 0.022771541009],
      [0.0054669124572, 0.54943902089, 0.18994775383, 0.13612415381, 0.11902215901],
      [0.0072091591264, 0.030474633098, 0.25812772337, 0.33893931541, 0.365249169]
    ],
    [
      [0.64342037247, 0.047949477163, 0.16937648738, 0.095128679324, 0.044124983664],
      [0.028336665342, 0.020151158147, 0.8514499921, 0.002725754948, 0.09733642946],
      [0.0070793449465, 0.012916698556, 0.0089997977187, 0.94839809974, 0.022606059039],
      [0.017646565713, 0.56500478559, 0.17220924985, 0.1280492677, 0.11709013115],
      [0.023937031853, 0.030150321748, 0.24104625917, 0.3310919978, 0.37377438943]
    ],
    [
      [0.48188366071, 0.040011888165, 0.18805156395, 0.2495233586, 0.040529528578],
      [0.019422133923, 0.015287639336, 0.87765422015, 0.0064185244157, 0.081217482179],
      [0.0021377229607, 0.0043417072057, 0.003988082005, 0.98119971438, 0.00833277345],
      [0.012004576233, 0.41379647025, 0.17254609133, 0.30423350961, 0.097419352572],
      [0.011811897649, 0.016553416136, 0.17422957315, 0.57389019934, 0.22351491373]
    ],
    [
      [0.39100405955, 0.018932169184, 0.14431099972, 0.42004023562, 0.02571253592],
      [0.019066667503, 0.0091686558672, 0.89180999772, 0.01227955622, 0.06767512269],
      [0.0008534840939, 0.0010705823511, 0.0015336261715, 0.99389571615, 0.0026465912329],
      [0.010032690859, 0.21344989144, 0.14265024358, 0.56690730725, 0.066959866879],
      [0.0066747949285, 0.005765513485, 0.094726205355, 0.79292719648, 0.099906289747]
    ],
    [
      [0.81725475613, 0.023141842715, 0.063780741294, 0.082666156784, 0.013156503081],
      [0.091771530933, 0.024828450762, 0.80425073051, 0.0060485734374, 0.073100714353],
      [0.011155894866, 0.0077479547814, 0.0042472340683, 0.96849801313, 0.0083509031587],
      [0.046118637128, 0.52130620252, 0.13324097323, 0.22794774388, 0.071386443238],
      [0.05760498215, 0.027586265856, 0.17081860139, 0.5387233018, 0.2052668488]
    ],
    [
      [0.43210836107, 0.048833574565, 0.19031682502, 0.28199552634, 0.046745713009],
      [0.01758695534, 0.018531756484, 0.86434331825, 0.0072503579841, 0.092287611938],
      [0.0017814615162, 0.0048129048722, 0.0037012041948, 0.98097948472, 0.0087249446921],
      [0.0097428863615, 0.43243202776, 0.15496479599, 0.30357947298, 0.099280816902],
      [0.0098022578226, 0.018314812197, 0.15995435017, 0.58059668346, 0.23133189635]
    ],
    [
      [0.52652436674, 0.06911438977, 0.16461399011, 0.19260937797, 0.047137875408],
      [0.023475767913, 0.028925858712, 0.83882117703, 0.005471949776, 0.10330524657],
      [0.0030553786659, 0.0096602881757, 0.0045377484826, 0.97018859902, 0.012557985659],
      [0.010772602696, 0.58407605477, 0.12272354652, 0.19033495804, 0.092092837986],
      [0.014554455894, 0.031852735122, 0.17062530934, 0.49079223219, 0.29217526745]
    ],
    [
      [0.57065183042, 0.089460362653, 0.22251298584, 0.088863711237, 0.028511109851],
      [0.021583748673, 0.030616539463, 0.89506535333, 0.0020839608731, 0.050650397662],
      [0.0073365948471, 0.026603042337, 0.013141029707, 0.93684343322, 0.016075899886],
      [0.011540759059, 0.69540093854, 0.15762695907, 0.083041682095, 0.052389661235],
      [0.023997449719, 0.060108305607, 0.33764560808, 0.32619901675, 0.25204961985]
    ],
    [
      [0.55818119923, 0.051732391518, 0.2672112804, 0.073520175083, 0.04935495377],
      [0.017985855124, 0.014880733347, 0.89225898384, 0.0014524352307, 0.073421992453],
      [0.0086655228591, 0.018299798791, 0.018855372825, 0.92111391817, 0.033065387356],
      [0.015161969114, 0.52387354054, 0.25040750764, 0.090772173765, 0.11978480894],
      [0.020420712028, 0.029763719289, 0.3471365272, 0.23030109911, 0.37237794238]
    ],
    [
      [0.51518431905, 0.080205578723, 0.2564236078, 0.095748081099, 0.052438413328],
      [0.016560236085, 0.023582758174, 0.87810862263, 0.0019314109686, 0.07981697214],
      [0.006022436595, 0.022012183357, 0.013981454757, 0.9307788915, 0.027205033788],
      [0.010398067269, 0.61888857742, 0.18315375148, 0.090347711661, 0.097211892178],
      [0.016773490423, 0.042193598951, 0.30404899002, 0.27465203061, 0.36233188999]
    ],
    [
      [0.52806311059, 0.065711591609, 0.26996412008, 0.097015060659, 0.039246117065],
      [0.017589154212, 0.019027034951, 0.90285938204, 0.0019295413046, 0.058594887491],
      [0.0066687666512, 0.018351334225, 0.015119667199, 0.93909832558, 0.020761906344],
      [0.013009641225, 0.5746803123, 0.22311910818, 0.10537751002, 0.083813428276],
      [0.019768228222, 0.037622496287, 0.34875362647, 0.30143357273, 0.29242207629]
    ],
    [
      [0.58172812744, 0.036776004087, 0.23323589682, 0.099451913298, 0.048808058349],
      [0.020766192647, 0.011984468993, 0.88279941922, 0.0022190567741, 0.082230862362],
      [0.0066380020783, 0.0098373410932, 0.012386601164, 0.94649941988, 0.024638635788],
      [0.018261929461, 0.43743186179, 0.25827417929, 0.14575937714, 0.14027265232],
      [0.020259434313, 0.020653083504, 0.29480794258, 0.30512916143, 0.35915037818]
    ],
    [
      [0.73470563752, 0.023253221452, 0.12645044556, 0.0785984364, 0.036992259065],
      [0.045388631115, 0.013173041299, 0.83015059368, 0.0030500888482, 0.10823764506],
      [0.01072227118, 0.007975729473, 0.008632481229, 0.94870045766, 0.023969060455],
      [0.034827800322, 0.41727276577, 0.21226021623, 0.17452075562, 0.16111846206],
      [0.035848687856, 0.018371183699, 0.22468436834, 0.33877983417, 0.38231592594]
    ],
    [
      [0.76339728175, 0.06059695788, 0.10590140721, 0.047605587881, 0.022498765273],
      [0.052533618942, 0.040553931363, 0.82654186113, 0.0021910962258, 0.07817949234],
      [0.015831844789, 0.031685056795, 0.01091203576, 0.91941647871, 0.022154583945],
      [0.02179538378, 0.73272759411, 0.11404858144, 0.068419456901, 0.063008983773],
      [0.049008932608, 0.067167469342, 0.26353420431, 0.29204185974, 0.328247534]
    ],
    [
      [0.56895773468, 0.074327251104, 0.1595507246, 0.15329818204, 0.043866107576],
      [0.02729449933, 0.032794840904, 0.83469135072, 0.0046273411867, 0.10059196785],
      [0.0043225269774, 0.013275619209, 0.0056739524431, 0.96181650012, 0.014911401247],
      [0.012198249239, 0.62421540516, 0.12188910124, 0.15453450602, 0.087162738349],
      [0.018533643596, 0.039378365175, 0.19062419557, 0.44410802516, 0.30735577049]
    ],
    [
      [0.46184159485, 0.089998998738, 0.17795692477, 0.24023260798, 0.029969873667],
      [0.021409788482, 0.037158421002, 0.87033647146, 0.0067881241766, 0.064307194882],
      [0.0023567722069, 0.010441861216, 0.0041258085182, 0.97644815003, 0.0066274080253],
      [0.0084821484226, 0.62852985022, 0.11280402059, 0.20092658284, 0.049257397921],
      [0.013149418525, 0.040351407581, 0.17995098458, 0.59036394532, 0.17618424399]
    ],
    [
      [0.375454977, 0.044436895425, 0.1254584232, 0.37743605298, 0.077213651395],
      [0.017280450581, 0.021507650371, 0.7519237818, 0.01221372415, 0.1970743931],
      [0.00099620853187, 0.0032139184887, 0.0017765809501, 0.98343529637, 0.010577995656],
      [0.0067782313399, 0.37678995915, 0.092983200853, 0.37250127237, 0.15094733628],
      [0.0056935302669, 0.012735953659, 0.079820592981, 0.6024672966, 0.2992826265]
    ],
    [
      [0.44753712113, 0.025245621744, 0.11543880867, 0.3531677427, 0.05861070576],
      [0.025593293175, 0.01394625646, 0.77781896718, 0.013140513819, 0.16950096936],
      [0.0014152736671, 0.0019909881354, 0.0017915206771, 0.98605322533, 0.0087489921946],
      [0.011605402371, 0.27055245253, 0.11241304932, 0.4557149938, 0.14971410198],
      [0.0085358582878, 0.0082928780166, 0.084496234751, 0.64150143337, 0.25717359557]
    ],
    [
      [0.64726642079, 0.035895159941, 0.10801116253, 0.17063474865, 0.038192508093],
      [0.04208585146, 0.022572699461, 0.80342305299, 0.0073066278963, 0.12461176819],
      [0.004246664282, 0.0058466451232, 0.0034976834182, 0.97460427715, 0.011804730027],
      [0.020562289901, 0.46399365586, 0.12868757175, 0.26831791446, 0.11843856803],
      [0.021536141948, 0.020469880405, 0.13834821178, 0.53251184966, 0.28713391621]
    ],
    [
      [0.51281107221, 0.050379889888, 0.18959336734, 0.21191671965, 0.035298950907],
      [0.023352288013, 0.020115368001, 0.87802706315, 0.0057995179727, 0.072705762861],
      [0.0030677268149, 0.0067238128269, 0.0050740999483, 0.97619811882, 0.0089362415925],
      [0.013675052297, 0.48128688761, 0.17114742476, 0.25148260552, 0.082408029815],
      [0.015649765026, 0.023741518331, 0.20136580177, 0.54275857169, 0.21648434319]
    ],
    [
      [0.38135783002, 0.069076202839, 0.25372908993, 0.25771381826, 0.038123058953],
      [0.013598793587, 0.021214649794, 0.8994515669, 0.0054359671007, 0.060299022616],
      [0.0019284937083, 0.0076380893145, 0.0056414364233, 0.9767963279, 0.0079956526556],
      [0.0080433989485, 0.50818747079, 0.17777252238, 0.23702406386, 0.068972544017],
      [0.0098444916534, 0.027007274941, 0.22373869826, 0.54595972639, 0.19344980875]
    ],
    [
      [0.43889529073, 0.056621646337, 0.22808846758, 0.23422289609, 0.042171699265],
      [0.017099416177, 0.019046716614, 0.88538691702, 0.0054111886646, 0.073055761527],
      [0.0024317090817, 0.0068780989811, 0.0055708373914, 0.97540370239, 0.0097156521581],
      [0.010527075126, 0.47470449138, 0.18218014162, 0.24559598001, 0.086992311867],
      [0.011961547168, 0.02343157417, 0.21286760314, 0.52516589295, 0.22657338257]
    ],
    [
      [0.59275089164, 0.039327476962, 0.16322055772, 0.14326717384, 0.061433899842],
      [0.022454635642, 0.015612935492, 0.82815020005, 0.0038708321563, 0.12991139666],
      [0.003955628196, 0.007210551676, 0.0057435408585, 0.96167260674, 0.021417672529],
      [0.014264566293, 0.47486986007, 0.160736918, 0.18923756591, 0.16089108973],
      [0.015032112937, 0.018775040332, 0.17538124794, 0.38021554684, 0.41059605195]
    ],
    [
      [0.56452646663, 0.059254851652, 0.17526659886, 0.16226035512, 0.038691727735],
      [0.027567118336, 0.025122735957, 0.85805159573, 0.0047245510575, 0.084533998917],
      [0.0044355361108, 0.010272193164, 0.0061055842431, 0.96646571135, 0.012720975136],
      [0.014920542595, 0.55269457241, 0.15518390138, 0.18869527562, 0.088505708008],
      [0.019720712726, 0.03161892711, 0.21091624352, 0.46942163042, 0.26832248623]
    ],
    [
      [0.78445775917, 0.01517983346, 0.062918750838, 0.12265690082, 0.01478675571],
      [0.064139441969, 0.01540435347, 0.83207421874, 0.0081578182394, 0.080224167584],
      [0.0047920162031, 0.0029861324977, 0.0024211094582, 0.98410943755, 0.005691304294],
      [0.032514614134, 0.43459316602, 0.12555940311, 0.32935633042, 0.077976486318],
      [0.031290811106, 0.013412099044, 0.1247330731, 0.64919531537, 0.18136870138]
    ],
    [
      [0.51637172087, 0.071974483785, 0.1744739483, 0.19445778162, 0.042722065431],
      [0.025168549914, 0.03027742355, 0.84637437673, 0.0056206232091, 0.092559026595],
      [0.0034271803148, 0.010467738188, 0.0051053348654, 0.96921368042, 0.011786066216],
      [0.011827332551, 0.57637824055, 0.13303982887, 0.19463451385, 0.08412008418],
      [0.016142498002, 0.034148781154, 0.18672207928, 0.49979464249, 0.26319199907]
    ],
    [
      [0.6350730127, 0.057642009174, 0.12562569342, 0.15486635288, 0.026792931824],
      [0.041122359396, 0.033211935754, 0.83984912902, 0.006113476322, 0.07970309951],
      [0.0050693905411, 0.010441153545, 0.0045581528592, 0.97073227436, 0.00919902869],
      [0.017948345437, 0.59452359992, 0.12208141974, 0.19807470801, 0.067371926896],
      [0.025737617225, 0.0366591375, 0.17991941268, 0.53587420772, 0.22180962487]
    ],
    [
      [0.52783703226, 0.056393415928, 0.1378438913, 0.2422498825, 0.035675778017],
      [0.026907969718, 0.028913943431, 0.84068507363, 0.0084276251743, 0.095065388046],
      [0.0023208057269, 0.0064386248005, 0.0031177122093, 0.98039200225, 0.0077308550138],
      [0.011389468227, 0.52282009002, 0.11636186682, 0.27093964273, 0.078488932206],
      [0.013398131392, 0.025644953558, 0.14041630764, 0.60711112658, 0.21342948083]
    ],
    [
      [0.59850641372, 0.059041562521, 0.21324713521, 0.09138389388, 0.037820994672],
      [0.024698687832, 0.021163591496, 0.88203001827, 0.0022513282769, 0.069856374124],
      [0.0080909028585, 0.017619775909, 0.012780645619, 0.94011142115, 0.02139725446],
      [0.016671883626, 0.58103814431, 0.1990379558, 0.11204666547, 0.091205350787],
      [0.025008011495, 0.03768707375, 0.30711307593, 0.31620569023, 0.3139861486]
    ],
    [
      [0.57068195182, 0.049282223737, 0.22248539284, 0.081015151487, 0.076535280116],
      [0.019027132476, 0.015724886628, 0.836080581, 0.0017705386524, 0.12739686124],
      [0.0071153308942, 0.015129935772, 0.013469245544, 0.91980127906, 0.044484208734],
      [0.013981894177, 0.50451818776, 0.20227043633, 0.097603107694, 0.18162637403],
      [0.016382839508, 0.023956304223, 0.2443938812, 0.21607682745, 0.49919014761]
    ],
    [
      [0.60505691437, 0.04017843245, 0.2268308844, 0.080659758329, 0.047274010451],
      [0.023005446673, 0.013482991981, 0.87981503461, 0.0018583192578, 0.081838207479],
      [0.0089140540864, 0.013326116018, 0.01503778702, 0.9330776534, 0.029644389473],
      [0.019761313085, 0.47368011021, 0.25230790986, 0.1181727248, 0.13607794205],
      [0.023664263442, 0.024421620335, 0.31085344492, 0.26623268573, 0.37482798557]
    ],
    [
      [0.71350193811, 0.048475663449, 0.081612412268, 0.10839992773, 0.048010058438],
      [0.059184177155, 0.036269109858, 0.71285283759, 0.0055569146117, 0.18613696079],
      [0.0078386455672, 0.012250117392, 0.0041311476185, 0.95274210954, 0.02303797988],
      [0.022951593667, 0.58552184848, 0.091598090992, 0.16013995889, 0.13978850796],
      [0.029903262822, 0.032333990801, 0.12273616126, 0.39373802165, 0.42128856347]
    ],
    [
      [0.69690536615, 0.020369509166, 0.064767456066, 0.18161533977, 0.036342328849],
      [0.06073207046, 0.018998435316, 0.73223614672, 0.011447824784, 0.17658552272],
      [0.0038478934558, 0.0031119946936, 0.0019639371136, 0.9805250096, 0.010551165137],
      [0.026035215689, 0.35127114171, 0.10095146142, 0.37365397217, 0.14808820901],
      [0.021653003347, 0.012066874996, 0.08586936507, 0.59287010082, 0.28754065577]
    ],
    [
      [0.40938014597, 0.055136344762, 0.13317555402, 0.31907950113, 0.083228454116],
      [0.020480440536, 0.025679540642, 0.74118262664, 0.010057512796, 0.20259987939],
      [0.0014848612624, 0.0047766164259, 0.002286987777, 0.97779938487, 0.013652149669],
      [0.008172963393, 0.43451788945, 0.096058707176, 0.30434611111, 0.15690432887],
      [0.0076348016182, 0.017011041275, 0.092035928281, 0.54132879455, 0.34198943428]
    ],
    [
      [0.54117161511, 0.072211601042, 0.22642625017, 0.13548465155, 0.024705882123],
      [0.018649127426, 0.024245875701, 0.910430333, 0.0030462619935, 0.043628401878],
      [0.0037835352987, 0.012860521775, 0.0078167888726, 0.96732438952, 0.0082147645346],
      [0.010669702567, 0.6352149929, 0.16980161769, 0.13609119509, 0.048222491756],
      [0.01811986628, 0.042188797667, 0.29562221004, 0.45449907698, 0.18957004903]
    ],
    [
      [0.26718216037, 0.2062768501, 0.14833042529, 0.33424778762, 0.043962776618],
      [0.012586493986, 0.088816885784, 0.78851921738, 0.0097863896432, 0.1002910132],
      [0.00091696857808, 0.0166143856, 0.0023783074478, 0.97329083827, 0.0067995000988],
      [0.00234108847, 0.77522823914, 0.046543563698, 0.13987189786, 0.036015210837],
      [0.0054311895793, 0.06853405586, 0.11090299087, 0.62001062511, 0.19512113858]
    ],
    [
      [0.50706235247, 0.036392107011, 0.22004736027, 0.18748893017, 0.049009250069],
      [0.019331491307, 0.012377367434, 0.87761765941, 0.0043510147034, 0.086322467151],
      [0.0032977291268, 0.0053891018089, 0.006478637854, 0.97110033253, 0.013734198676],
      [0.014739373844, 0.38974656283, 0.22047448055, 0.24753267625, 0.12750690654],
      [0.01444703134, 0.016321492786, 0.22218426646, 0.45853501306, 0.28851219636]
    ],
    [
      [0.56510070284, 0.04183923402, 0.19766238668, 0.12858534393, 0.066812332533],
      [0.016868350486, 0.014470103922, 0.84456130726, 0.0030073954932, 0.12109284283],
      [0.003888710102, 0.0086170416148, 0.0078464923505, 0.95361728251, 0.026030473427],
      [0.012105429057, 0.46354080784, 0.19030073533, 0.16427506762, 0.16977796015],
      [0.012866650669, 0.019635267204, 0.20828297101, 0.33027073639, 0.42894437472]
    ],
    [
      [0.47703706374, 0.065753886932, 0.16786032888, 0.24569143498, 0.04365728547],
      [0.021737088919, 0.027903246547, 0.84701295594, 0.0071013606072, 0.096245347987],
      [0.0022681561729, 0.0074510801643, 0.003779120635, 0.97710270799, 0.0093989350333],
      [0.0098857831074, 0.53700462753, 0.1255476707, 0.24260622205, 0.084955696621],
      [0.012090043032, 0.027480424735, 0.15768885303, 0.56240569961, 0.24033497959]
    ],
    [
      [0.6022605769, 0.051714401071, 0.1035367704, 0.20290397587, 0.039584275756],
      [0.038691382729, 0.033008607069, 0.78813032062, 0.0088266792831, 0.1313430103],
      [0.0032419088311, 0.0071030028667, 0.0028346515884, 0.97647258903, 0.010347847688],
      [0.014650496619, 0.53958312057, 0.097308038201, 0.25166475205, 0.09679359256],
      [0.017491053199, 0.026482098503, 0.11920250783, 0.56915920723, 0.26766513324]
    ],
    [
      [0.31593882435, 0.10742004668, 0.1458108725, 0.3611173503, 0.069712906183],
      [0.01454827586, 0.0467952104, 0.76882511255, 0.0107116679, 0.15911973329],
      [0.00099516112736, 0.0081875970085, 0.0022192788438, 0.97843280968, 0.010165153345],
      [0.0041983456208, 0.60080767074, 0.071443458715, 0.23435399465, 0.089196530279],
      [0.0055516902339, 0.031763319286, 0.096981325982, 0.59060229202, 0.27510137248]
    ],
    [
      [0.60158814049, 0.055053502403, 0.18084676414, 0.12893321122, 0.033578381753],
      [0.0271673793, 0.022775078391, 0.87457285864, 0.0036501890529, 0.071834494613],
      [0.0054895158679, 0.01176194112, 0.0076978837779, 0.9614512207, 0.013599438534],
      [0.016252568813, 0.56471766778, 0.17305489761, 0.16262010744, 0.083354758354],
      [0.022660256688, 0.033535216766, 0.24810296277, 0.42788788917, 0.26781367461]
    ],
    [
      [0.51223436837, 0.055728010649, 0.19260216813, 0.21328211398, 0.026153338871],
      [0.023370934732, 0.022283351479, 0.89450726971, 0.0058329238828, 0.054005520191],
      [0.0030304443881, 0.007360018634, 0.0050925156675, 0.97797379106, 0.0065432302538],
      [0.013191030965, 0.51534201751, 0.16788856993, 0.24461944929, 0.058958932309],
      [0.016374669437, 0.027517627002, 0.21419171752, 0.57404655989, 0.16786942615]
    ],
    [
      [0.53890383105, 0.051685403551, 0.1742960553, 0.19740355047, 0.037711159626],
      [0.02639939568, 0.0220956963, 0.86257980874, 0.0057869535721, 0.08313814571],
      [0.0034759659722, 0.0073986630099, 0.0050072260016, 0.9738825773, 0.010235567713],
      [0.014645087735, 0.49913029707, 0.15953749883, 0.23744583137, 0.089241284996],
      [0.017177143252, 0.025309898598, 0.19238752615, 0.52490268842, 0.24022274358]
    ],
    [
      [0.57639007005, 0.08712029565, 0.17078468827, 0.12784270474, 0.037862241287],
      [0.028438355764, 0.037352578941, 0.84673010795, 0.0037642804348, 0.083714676911],
      [0.005644196657, 0.018836216339, 0.0074177851738, 0.95257359611, 0.015528205718],
      [0.012507462455, 0.66981929591, 0.12428145919, 0.12218631567, 0.071205466783],
      [0.022222303608, 0.051352576172, 0.22712342613, 0.40879407519, 0.2905076189]
    ],
    [
      [0.41260275321, 0.031808131628, 0.14286453354, 0.39475941312, 0.0179651685],
      [0.019360236819, 0.015803446851, 0.90516698034, 0.012827971528, 0.046841364458],
      [0.0010119848393, 0.0021596059057, 0.0018655020795, 0.99265383831, 0.0023090688697],
      [0.0091460348765, 0.33203450473, 0.13084517111, 0.48472142402, 0.043252865266],
      [0.0075678962848, 0.011136185605, 0.10980310786, 0.78992782356, 0.081564986692]
    ],
    [
      [0.52154418673, 0.094899106953, 0.15719971953, 0.20118469572, 0.02517229107],
      [0.026184137367, 0.042965137155, 0.86474568073, 0.0061900317121, 0.059915013031],
      [0.0030103719787, 0.012621145909, 0.004160976551, 0.97379491098, 0.0064125945769],
      [0.009250504376, 0.68691600204, 0.097716531147, 0.16544672467, 0.040670237765],
      [0.016817654273, 0.048922336293, 0.18312322496, 0.57883046054, 0.17230632394]
    ],
    [
      [0.53357603478, 0.032007844305, 0.16573695278, 0.20449529966, 0.064183868471],
      [0.023340750268, 0.013306508371, 0.81880323999, 0.0057773494257, 0.13877215195],
      [0.0029399087717, 0.0043029861747, 0.0044050510442, 0.97200483375, 0.016347220261],
      [0.014991282786, 0.36067523787, 0.17141859704, 0.27960947634, 0.17330540596],
      [0.013146272717, 0.013281920116, 0.15444977113, 0.46533331559, 0.35378872044]
    ],
    [
      [0.6870077262, 0.020969513687, 0.20964072598, 0.060532249373, 0.021849784765],
      [0.018603742242, 0.0074816451123, 0.93207539225, 0.0014624648836, 0.040376755508],
      [0.0085722058235, 0.0089347537622, 0.01698760884, 0.94782068909, 0.017684742487],
      [0.022506106392, 0.39719542064, 0.35014082119, 0.13404338813, 0.096114263648],
      [0.025589127238, 0.018215532831, 0.41093452579, 0.28809648326, 0.25716433087]
    ],
    [
      [0.52424648082, 0.03752983666, 0.15877747148, 0.23661361464, 0.042832596406],
      [1.5170765342e-05, 0.00014736609027, 0.98908294105, 0.0030589728609, 0.007695549233],
      [2.4795971097e-06, 3.980678847e-05, 0.0003744512614, 0.99914216067, 0.00044110168215],
      [0.0092319460813, 0.48233451232, 0.1360211484, 0.2773279482, 0.095084444998],
      [9.419541471e-06, 0.00017945494105, 0.014478993227, 0.97861129901, 0.0067208332816]
    ],
    [
      [0.61473829249, 0.067414119661, 0.14974442083, 0.15001346795, 0.018089699067],
      [0.027916149997, 0.033317638326, 0.88714579002, 0.0050250144842, 0.046595407171],
      [0.0038127369914, 0.01192580803, 0.0051769057715, 0.97302614706, 0.0060584021517],
      [0.012319129627, 0.64879670588, 0.12749078533, 0.17112735257, 0.040266026591],
      [0.020853260378, 0.044658900498, 0.22131526884, 0.55603315755, 0.15713941273]
    ],
    [
      [0.49660521977, 0.080919471728, 0.19067849221, 0.19843623829, 0.033360578006],
      [0.021682246507, 0.031520533137, 0.87412102751, 0.0052793547533, 0.067396838097],
      [0.0030436456112, 0.011287804324, 0.0053059401718, 0.97152314283, 0.0088394670619],
      [0.010050995867, 0.61353183567, 0.13323703292, 0.18272887428, 0.060451261262],
      [0.015262253753, 0.039179273848, 0.20806034174, 0.5257980169, 0.21170011376]
    ],
    [
      [0.63836890567, 0.033228723135, 0.11379048423, 0.18762421354, 0.026987673428],
      [0.042706646946, 0.02089848549, 0.84038553661, 0.0080267705845, 0.087982560374],
      [0.0039155694835, 0.0049213199935, 0.0033521921401, 0.98023004956, 0.0075808688227],
      [0.021565015368, 0.44664222856, 0.14004275857, 0.30547562219, 0.086274375313],
      [0.022376302706, 0.019409239564, 0.14917374464, 0.60271304904, 0.20632766405]
    ],
    [
      [0.53421760636, 0.027818643841, 0.19599934583, 0.21843920338, 0.023525200591],
      [0.02192220116, 0.010823595433, 0.91398349976, 0.0057763465822, 0.047494357059],
      [0.0027986936438, 0.0035567033213, 0.0049332879136, 0.98300698883, 0.0057043262936],
      [0.016773396087, 0.35309258051, 0.2261381528, 0.33337134656, 0.070624524044],
      [0.015828995858, 0.013864797702, 0.21915007125, 0.59762990815, 0.15352622705]
    ],
    [
      [0.6364610206, 0.041654975172, 0.11319078287, 0.15995452549, 0.048738695863],
      [0.029926307456, 0.023927845615, 0.7932216547, 0.0061787422589, 0.14674544997],
      [0.0033520495982, 0.0070126521742, 0.0037004009554, 0.9704324015, 0.015502495773],
      [0.013937515092, 0.51051283846, 0.11830876984, 0.22303071917, 0.13421015744],
      [0.015575155277, 0.022382054259, 0.13534233668, 0.47396589094, 0.35273456284]
    ],
    [
      [0.89297546472, 0.0050410609422, 0.048575804408, 0.029149605108, 0.024258064823],
      [0.092460430904, 0.0063112292172, 0.73878796552, 0.0024452867976, 0.15999508756],
      [0.023572960917, 0.0042513232273, 0.0076932562177, 0.92660389342, 0.037878566214],
      [0.0831094901, 0.2524232176, 0.21142191921, 0.1707403366, 0.28230503648],
      [0.063087088594, 0.0076963945552, 0.1653847674, 0.24473343409, 0.51909831536]
    ],
    [
      [0.74582557033, 0.035430354417, 0.067624707499, 0.11916034628, 0.031959021472],
      [0.066979209566, 0.032307062908, 0.74098172309, 0.0073593520478, 0.15237265239],
      [0.0065004336623, 0.008093514416, 0.0030541302459, 0.9685028034, 0.013849118277],
      [0.026186519035, 0.5451264994, 0.093813137387, 0.21881632315, 0.11605752103],
      [0.031473697866, 0.027026573662, 0.11559514655, 0.49995488691, 0.32594969501]
    ],
    [
      [0.37431977503, 0.12311030575, 0.21525446886, 0.25263820936, 0.034677241002],
      [0.014691415747, 0.042845776582, 0.8739853913, 0.0060061914185, 0.06247122495],
      [0.0018171508198, 0.013559559164, 0.0047365021913, 0.97265119901, 0.0072355888196],
      [0.0055367949673, 0.67032656966, 0.10937234241, 0.16915099254, 0.045613300423],
      [0.0096835605153, 0.049957621367, 0.19659529555, 0.56047640495, 0.18328711762]
    ],
    [
      [0.4194671867, 0.076990304665, 0.20398964963, 0.25510720156, 0.044445657448],
      [0.017941482682, 0.028265698396, 0.8633331621, 0.0064361158536, 0.084023540971],
      [0.0021510518336, 0.0085985811396, 0.0045860741732, 0.97524720695, 0.0094170859067],
      [0.008597673994, 0.54802481041, 0.13840532862, 0.22712664732, 0.077845539666],
      [0.011017104727, 0.030511657822, 0.18237888539, 0.54750801154, 0.22858434052]
    ],
    [
      [0.58269953309, 0.038917101707, 0.17063835672, 0.13587997509, 0.071865033387],
      [0.025050687355, 0.01566258195, 0.80536021903, 0.0037287733343, 0.15019773833],
      [0.0047993179002, 0.0077070653991, 0.006690371089, 0.95393159949, 0.026871646122],
      [0.016515312656, 0.43146775987, 0.17521348911, 0.18452417503, 0.19227926333],
      [0.016343420792, 0.018090546677, 0.17838166121, 0.34502728739, 0.44215708393]
    ],
    [
      [0.7104074155, 0.033415130364, 0.099077540554, 0.11327766139, 0.043822252186],
      [0.055316223695, 0.022415560181, 0.76565241175, 0.0052219189982, 0.15139388537],
      [0.0080254547841, 0.0082534645489, 0.0049244080108, 0.958272699, 0.020523973654],
      [0.02918430661, 0.47830909267, 0.13520362108, 0.20288216994, 0.1544208097],
      [0.03156275319, 0.02248141082, 0.15037193387, 0.41260775029, 0.38297615184]
    ],
    [
      [0.47036758963, 0.030485581395, 0.2513376041, 0.21544554035, 0.032363684522],
      [0.015798427091, 0.0092886743063, 0.91897780956, 0.004449102738, 0.051485986306],
      [0.0025476780433, 0.0038345882007, 0.0062411355956, 0.97963374924, 0.0077428489219],
      [0.013709788031, 0.35015773119, 0.25763723185, 0.29218256556, 0.086312683371],
      [0.013029054894, 0.013543261973, 0.25191619958, 0.53133211205, 0.19017937151]
    ]
  ],
  "expected_outcome": [
    [
      [29.7352897151, 20.2137735306, 32.3188811605, 23.9752410635, 23.367267163, 6.8137353493, 3.5848579915, 6.4342037247, 3.8550692857, 1.9550202978, 8.9898023174, 2.5926501664, 5.7917680342, 8.5597774563, 6.6981743907, 2.0607372762, 13.7296408754, 3.4903687647, 6.6123507377, 3.053589127, 6.8274928161, 7.3894655175, 0.375454977, 2.6852227268, 3.8835985247, 11.2818435887, 9.5339457505, 11.411277559, 2.9637544582, 15.8067410657, 3.9222887959, 17.5566385096, 8.8910221778, 0.52783703226, 21.5462308939, 3.4240917109, 9.68091063, 15.6970426384, 3.4845268308, 2.4562808758, 2.1646864604, 0.80154648112, 9.634184697, 0.56510070284, 2.8622223825, 1.8067817307, 0.63187764869, 5.4142932644, 12.8058592091, 15.6282111004, 24.7847730123, 1.2378082596, 9.3877953612, 3.7350322435, 1.3740154524, 0, 0.61473829249, 8.9388939558, 4.4685823397, 3.7395232445, 0, 5.3578527883, 5.2207789923, 1.4972791001, 20.1344249617, 4.0788967317, 62.5158525641, 6.5851462549],
      [2.8303132116, 2.6918171204, 5.1026854244, 2.4299458896, 3.1023229539, 0.13680772982, 0.96310034344, 0.47949477163, 0.32009510532, 0.09466084592, 0.25456026986, 0.29300144739, 0.76025828747, 1.3419054398, 0.62078869822, 0.32082231489, 1.7085013818, 0.22065602452, 0.20927899307, 0.24238783152, 0.89192701325, 1.4399839798, 0.044436895425, 0.15147373046, 0.21537095964, 1.1083575775, 1.726905071, 1.4721628048, 0.19663738481, 1.6591358463, 0.075899167298, 2.4471324487, 0.80698812843, 0.056393415928, 2.1254962507, 0.29569334242, 0.6428549192, 1.0664645959, 0.10184754583, 0.33081806857, 0.28884640417, 0.61883055029, 0.6914500332, 0.04183923402, 0.39452332159, 0.15514320321, 0.21484009335, 0.49548152163, 1.3932002662, 1.498876703, 3.746172713, 0.095424394885, 1.7081839251, 0.22405491014, 0.041939027374, 0, 0.067414119661, 1.4565504911, 0.23260106194, 0.19473050689, 0, 0.030246365653, 0.24801248092, 0.49244122302, 3.6955346239, 0.27241971195, 2.940531472, 0.42679813953],
      [8.014155262, 7.8848321147, 17.2450029922, 6.9104131556, 9.1975201517, 0.84004846545, 3.616964615, 1.6937648738, 1.5044125116, 0.7215549986, 0.70158815423, 1.1419009501, 1.8107538912, 3.3376947876, 3.2065353648, 1.0256944312, 7.019067122, 1.3994153809, 1.1380540101, 0.42360562886, 1.9146086952, 2.8473107963, 0.1254584232, 0.69263285203, 0.64806697516, 4.1710540815, 6.3432272483, 5.930300157, 0.81610278861, 4.9074647682, 0.31459375419, 5.9321142421, 1.7587597079, 0.1378438913, 7.6768968675, 1.334912357, 3.6292941503, 1.7954730699, 0.32383728033, 0.79905332411, 0.90570500068, 0.44499127588, 4.1808998452, 0.19766238668, 1.0071619733, 0.31061031121, 0.29162174499, 1.6276208773, 4.8150542034, 5.0545856037, 7.3437415958, 0.42859360061, 2.8295949515, 1.1601586695, 0.41928145195, 0, 0.14974442083, 3.4322128597, 0.79653338959, 1.3719954208, 0, 0.29145482645, 0.47337295249, 0.86101787542, 9.791503182, 1.194468497, 8.7188235688, 3.5187264574],
      [5.9711376487, 5.7757702427, 11.4001811096, 5.1799251512, 6.2943663901, 1.9699558958, 1.9650324484, 0.95128679324, 1.9961868688, 2.1002011781, 0.90932772463, 1.691973158, 2.1187031576, 1.3329556686, 0.882242101, 0.3829923244, 2.5223915771, 0.59671147979, 0.7073859276, 0.19042235152, 1.8395781845, 3.8437217277, 0.37743605298, 2.1190064562, 1.0238084919, 4.6621678323, 6.4428454565, 6.0897952984, 0.71633586919, 4.5432899433, 0.6132845041, 6.6115645751, 2.1681289403, 0.2422498825, 3.2898201797, 0.48609090892, 1.2905561333, 2.3847984102, 0.90807669884, 1.9144770068, 0.54193860621, 1.0027433629, 3.5622896733, 0.12858534393, 1.4741486099, 0.60871192762, 0.7222347006, 1.160398901, 5.3320528495, 5.7247029637, 5.4972363036, 1.1842782394, 3.6213245229, 1.4314670976, 0.12106449875, 0, 0.15001346795, 3.5718522892, 1.3133694948, 1.5290744236, 0, 0.17489763065, 0.83412242399, 1.0105528374, 12.2451456748, 0.95115982565, 9.9684342027, 3.0162375649],
      [1.4491041625, 1.4338069915, 2.9332493133, 1.5044747401, 2.0385233413, 0.23945255964, 0.87004460171, 0.44124983664, 0.32423622862, 0.1285626796, 0.14472153389, 0.28047427805, 0.51851662949, 0.42766664777, 0.59225944524, 0.20975365331, 1.0203990437, 0.2928483501, 0.33293033158, 0.089995061091, 0.52639329091, 0.47951797867, 0.077213651395, 0.35166423456, 0.22915504856, 0.77657691995, 0.95307647383, 1.0964641809, 0.30716949921, 1.0833683766, 0.073933778549, 1.4525502246, 0.37510104553, 0.035675778017, 1.3615558082, 0.45921168069, 0.75638416721, 1.0562212856, 0.18171164424, 0.4993707247, 0.098823528492, 0.13188832985, 0.93117575132, 0.066812332533, 0.26194371282, 0.11875282727, 0.13942581237, 0.30220543577, 0.65383347177, 1.0936236292, 1.6280763753, 0.053895505499, 0.45310123926, 0.44928707929, 0.043699569529, 0, 0.018089699067, 0.60049040412, 0.188913714, 0.16467640414, 0, 0.14554838894, 0.2237131503, 0.13870896401, 2.1333915575, 0.50305523371, 3.8563581924, 0.45309158331]
    ],
    [
      [15.7491635117, 7.6748443953, 6.4768353478, 12.5783360675, 9.4623954116, 1.4150549098, 0.36191453972, 1.5868532592, 0.62150828555, 0.6101333601, 6.6993217581, 0.77382603498, 0.539942662, 2.1367911186, 4.0288315478, 2.4177944684, 7.6688712366, 3.6756160984, 8.714617174, 6.9869713192, 1.3374304672, 1.4344558283, 0.39745036336, 0.66542562256, 2.104292573, 4.5303438745, 5.7522896872, 6.9936612163, 0.31436489898, 10.6684747958, 0.83381274559, 12.3829265577, 8.1833495198, 1.2915825465, 10.7686278948, 1.560224863, 7.4077538288, 5.9184177155, 1.0931772683, 0.94210026466, 1.3613863021, 0.44052728951, 1.7591657089, 0.33736700973, 1.065117357, 1.4702725437, 0.4364482758, 2.6624031714, 4.8377834895, 6.3886537545, 8.0196163255, 0.34848426274, 0.9688130826, 1.0736745123, 0.24184864915, 3.0341530684e-05, 1.2283105999, 1.7562619671, 3.929011519, 0.9426546499, 0.83793660877, 2.4964316344, 2.2772931253, 2.3506265195, 10.5675332996, 2.1794097999, 36.7852887574, 0.8531150629],
