{
  "Z_true": {},
  "V_true": [
    [443, 43, 29, 447, 353, 45],
    [26, 40, 52, 74, 772, 250],
    [81, 180, 161, 162, 12764, 581],
    [188, 129, 152, 2249, 605, 231],
    [57, 71, 1289, 463, 910, 138],
    [40, 1016, 44, 351, 519, 112],
    [40, 61, 84, 143, 898, 821]
  ],
  "p_true": [
    [0.3257, 0.0316, 0.0213, 0.3287, 0.2596, 0.0331],
    [0.0214, 0.0329, 0.0428, 0.061, 0.6359, 0.2059],
    [0.0058, 0.0129, 0.0116, 0.0116, 0.9164, 0.0417],
    [0.0529, 0.0363, 0.0428, 0.6328, 0.1702, 0.065],
    [0.0195, 0.0242, 0.4402, 0.1581, 0.3108, 0.0471],
    [0.0192, 0.488, 0.0211, 0.1686, 0.2493, 0.0538],
    [0.0195, 0.0298, 0.041, 0.0699, 0.4387, 0.4011]
  ],
  "Z_est": [
    [
      [0, 1.0574, 9.8122, 13.4838, 10.7484, 1.5191, 8.9824, 13.127, 0, 8.0102, 10.0791, 3.7483, 3.7392, 7.3925, 19.4459, 18.1752, 0.6156, 0.208, 3.2897, 7.817, 10.0761, 5.8098, 10.3487, 6.4335, 17.0464, 22.0553, 20.9159, 26.1032, 18.2372, 0.3354, 6.9298, 2.579, 26.6204, 2.1443],
      [0, 0.0164, 0.6923, 0.5328, 0.7749, 0.2447, 0.5351, 0.9019, 0.336, 0.2082, 0.7061, 0.1825, 0.2708, 0.2857, 0.7243, 1.0118, 0.0177, 0.0139, 0.0687, 0.757, 0.4449, 0.4335, 0.4056, 0.4163, 0.9752, 1.0282, 1.0261, 1.3202, 0.8387, 0.0736, 0.6256, 0.0692, 1.3424, 0.0505],
      [0, 0.1194, 1.6925, 0.8658, 1.593, 0.3018, 1.0344, 1.9238, 0.3853, 0.4856, 1.2911, 0.3919, 0.5676, 0.7309, 1.5867, 1.9992, 0.0079, 0.1388, 0.0235, 1.2794, 0.9211, 0.9032, 0.6373, 0.5935, 2.49, 2.8344, 2.3608, 2.8128, 2.264, 0.1655, 1.5564, 0.3498, 3.1473, 0.1249],
      [0, 1.44, 20.9305, 10.3371, 19.739, 3.2453, 14.6882, 20.841, 3.1144, 8.0628, 17.2287, 5.2977, 8.1839, 10.7621, 25.0316, 29.0575, 0.212, 1.2129, 0.829, 13.7307, 10.4446, 18.3795, 14.7322, 14.6952, 49.8784, 41.7607, 30.4759, 41.2417, 40.4878, 1.2519, 21.393, 4.5777, 38.7575, 3.8773],
      [0, 1.3625, 16.561, 11.4742, 16.7653, 4.5934, 13.3825, 17.86, 2.0865, 7.0396, 14.3816, 5.2711, 8.0284, 9.5854, 17.7167, 22.1548, 0.1447, 0.4086, 0.7465, 12.0626, 9.9095, 15.186, 8.7204, 10.6638, 30.0407, 36.6835, 25.552, 26.8574, 29.588, 1.1135, 15.1825, 4.2973, 32.1184, 4.648],
      [0, 0.0044, 0.3115, 0.3063, 0.3795, 0.0957, 0.3775, 0.3465, 0.0777, 0.1936, 0.3133, 0.1084, 0.2101, 0.2434, 0.4948, 0.6014, 0.0022, 0.0178, 0.0427, 0.3533, 0.2038, 0.2881, 0.1558, 0.1978, 0.5693, 0.6379, 0.6694, 0.6647, 0.5843, 0.06, 0.3128, 0.127, 1.014, 0.155]
    ],
    [
      [0, 0.0373, 0.7307, 1.0264, 1.1436, 0.2422, 0.6932, 1.5272, 0, 1.4148, 0.9631, 0.5707, 0.6661, 1.311, 1.7131, 1.933, 0.2365, 0.1293, 0.1256, 0.9634, 0.8877, 0.7883, 2.8825, 0.8432, 1.8968, 2.3336, 1.5702, 1.7514, 1.581, 0.0097, 0.5265, 0.2105, 5.4235, 0.1945],
      [0.0083, 0.0009, 0.1052, 0.0844, 0.1677, 0.0817, 0.0846, 0.2123, 0.0331, 0.0749, 0.1366, 0.0587, 0.1, 0.1016, 0.1318, 0.2192, 0.017, 0.0575, 0.0061, 0.1769, 0.0809, 0.1223, 0.24, 0.1135, 0.2202, 0.214, 0.1576, 0.1804, 0.1444, 0.0044, 0.0988, 0.0093, 0.5604, 0.0011],
      [0, 0.0132, 0.2653, 0.1423, 0.358, 0.1077, 0.1688, 0.4678, 0.0316, 0.1818, 0.2606, 0.1293, 0.2149, 0.2773, 0.2983, 0.4496, 0.0094, 0, 0.0028, 0.336, 0.1734, 0.2559, 0.3755, 0.1536, 0.588, 0.6349, 0.3744, 0.3978, 0.4138, 0.0102, 0.2526, 0.0619, 1.3507, 0.0014],
      [0.3603, 0.0958, 3.0456, 1.5572, 4.1035, 1.0289, 2.2162, 4.7357, 0.4111, 2.8131, 3.2168, 1.5863, 2.8666, 3.735, 4.3378, 6.0365, 0.2195, 1.4337, 0.0741, 3.2956, 1.8135, 5.0372, 8.1111, 3.7631, 10.8434, 8.6261, 4.472, 5.4098, 6.8509, 0.071, 3.2155, 0.7355, 15.4034, 0.6826],
      [0.6314, 0.7979, 19.9547, 14.3508, 28.8939, 12.2995, 16.7406, 33.5906, 2.3307, 20.3545, 22.2321, 13.1964, 23.3423, 27.648, 25.4417, 38.1069, 1.2837, 4.3869, 0.5694, 24.1131, 14.2794, 34.4262, 39.8696, 22.6678, 54.0346, 62.6285, 31.0571, 29.156, 41.4162, 0.5282, 18.9191, 5.7746, 105.5109, 6.8504],
      [0, 1.055, 4.8985, 4.8389, 8.3333, 3.2399, 6.0966, 8.4664, 1.1934, 7.1609, 6.1908, 3.4586, 7.8102, 8.9271, 9.0773, 13.2549, 0.2339, 1.9926, 0.2221, 9.115, 3.765, 8.3701, 9.5213, 5.4589, 13.417, 14.563, 10.3686, 9.1046, 10.5938, 0.3765, 4.9876, 2.2083, 43.7511, 3.2699]
    ],
    [
      [0, 0.4504, 7.5108, 5.7833, 7.6257, 0.5186, 6.1276, 10.3405, 0, 9.4737, 8.9897, 3.2853, 3.7183, 5.1037, 8.6095, 10.9485, 0.2767, 0.2862, 0, 3.1041, 6.5446, 1.2666, 8.1071, 4.5737, 10.6172, 10.1183, 8.8019, 12.4104, 9.5728, 0, 1.7894, 2.2312, 22.8476, 0.8067],
      [0.1825, 0.0707, 14.5537, 8.0828, 14.271, 5.4636, 9.4601, 17.9238, 0, 7.5225, 15.9014, 4.061, 8.8754, 4.8939, 9.7276, 15.98, 1.0806, 0.3934, 0.6697, 6.9583, 8.6085, 6.565, 9.9949, 7.8882, 17.8787, 11.7987, 11.4948, 17.1072, 11.1083, 4.8684, 7.6327, 0.3629, 30.5977, 0.0904],
      [0, 0.7654, 34.4781, 13.1383, 29.3461, 7.1084, 17.964, 37.6466, 2.4934, 17.6365, 29.727, 8.527, 18.066, 12.8963, 21.086, 31.5296, 0.6626, 1.688, 0.3294, 12.6285, 17.7155, 12.9418, 15.0028, 9.3362, 46.4711, 34.4095, 26.1073, 36.1043, 31.8197, 11.2375, 18.4667, 7.5163, 70.5659, 0.1314],
      [0.3846, 0.3581, 20.8503, 5.9405, 17.1744, 2.0958, 11.8256, 19.8996, 1.9197, 14.7077, 18.6494, 5.1258, 12.3554, 8.8878, 15.9795, 21.717, 1.2611, 1.0543, 1.0872, 6.2155, 9.0522, 14.4333, 16.1339, 12.7899, 40.0708, 24.5033, 15.8553, 25.2977, 26.7908, 5.1218, 12.3834, 4.5748, 41.5062, 1.6415],
      [2.4329, 9.907, 505.28, 252.0125, 454.7065, 153.4236, 341.4594, 530.408, 36.6501, 386.1041, 485.2624, 164.5495, 378.3207, 246.402, 343.7308, 512.1827, 17.3106, 11.1664, 16.7821, 174.7519, 278.3715, 344.5766, 308.8322, 286.9663, 819.8423, 652.1081, 415.5483, 509.4921, 613.2081, 125.659, 267.3054, 130.2947, 1064.9808, 53.758],
      [0, 3.4483, 54.3271, 38.0426, 58.8763, 18.3899, 55.1633, 58.7816, 7.9367, 60.5554, 60.47, 19.4513, 56.6642, 35.8163, 54.8665, 79.6422, 1.4084, 2.4117, 3.1317, 29.3417, 32.7077, 37.2167, 31.929, 30.4457, 89.12, 66.0623, 62.1924, 71.5883, 69.5004, 33.1132, 31.4225, 22.02, 191.5017, 10.572]
    ],
    [
      [0, 0.2457, 7.4587, 7.4519, 4.7557, 0.7759, 6.5554, 10.1241, 0, 10.0359, 11.4162, 2.1047, 3.3009, 4.2855, 10.5626, 11.7187, 2.4497, 0.1378, 1.418, 2.3805, 6.1252, 3.0247, 7.2761, 4.1151, 11.0165, 11.6983, 11.4161, 15.6506, 11.9778, 0.248, 3.3238, 1.9452, 16.8288, 1.3149],
      [0, 0.0157, 2.0534, 1.1688, 1.33, 0.4954, 1.5229, 2.6785, 0.3484, 1.0162, 3.0632, 0.4053, 0.9394, 0.6415, 1.5512, 2.5296, 0.2838, 0.0507, 0.1408, 0.8901, 1.0642, 0.9003, 1.1324, 1.0472, 2.4476, 2.0729, 2.181, 3.0782, 2.0709, 1.6493, 1.2106, 0.1609, 3.293, 0.0782],
      [0, 0.3132, 15.4115, 5.8227, 8.4405, 1.8902, 9.0318, 17.7212, 2.4608, 7.3771, 17.4737, 2.6658, 6.0485, 5.0906, 10.404, 15.405, 0.5877, 1.0421, 0.1868, 4.6764, 6.7754, 5.8211, 5.4359, 4.5568, 19.3537, 17.9391, 15.4097, 20.2077, 17.7775, 6.3407, 9.2194, 3.1928, 23.7498, 0.9373],
      [1.7843, 1.6242, 72.8319, 26.5965, 39.9547, 7.7375, 48.9819, 73.358, 13.6715, 46.8637, 89.0243, 13.7606, 33.3093, 28.6388, 62.8145, 85.5718, 6.0897, 3.4138, 2.1321, 19.1709, 29.3553, 45.2158, 47.9842, 43.016, 148.0083, 101.0902, 76.0219, 113.2175, 121.4814, 18.4223, 48.3957, 15.9291, 111.7774, 10.8557],
      [0.2157, 1.6097, 60.8389, 31.2061, 35.8035, 11.5901, 47.0982, 66.4038, 9.7846, 43.1921, 78.4028, 14.4347, 34.4883, 26.897, 46.8941, 68.8159, 4.4353, 1.2326, 1.9724, 17.7762, 29.3991, 39.4546, 30.036, 32.9724, 94.4078, 93.7298, 67.2405, 77.7722, 93.7791, 17.637, 36.2692, 15.7854, 97.812, 13.8486],
      [0, 0.1915, 2.4056, 1.7541, 1.7155, 0.5109, 2.8098, 2.7143, 0.7347, 2.515, 3.6198, 0.6289, 1.9136, 1.4467, 2.7736, 3.9589, 0.1539, 0.1229, 0.1499, 1.106, 1.2807, 1.5835, 1.1355, 1.2924, 3.7661, 3.4698, 3.7308, 4.0738, 3.9134, 1.7027, 1.5814, 0.9867, 6.5391, 0.9654]
    ],
    [
      [0, 0.0101, 0.2067, 0.236, 0.2398, 0.021, 0.3315, 0.3847, 0, 0.2427, 0.4474, 0.0931, 0.1328, 0.1684, 0.2855, 0.4549, 0, 0.0104, 0.0067, 0.0976, 0.2933, 0.0199, 0.2653, 0.1488, 0.3897, 0.4522, 0.4662, 0.6254, 0.4113, 0, 0.0498, 0.0992, 0.5848, 0.0118],
      [0, 0.0386, 5.4696, 4.5621, 6.2523, 2.438, 6.8347, 9.3087, 0.4651, 2.587, 11.0168, 1.5621, 4.2178, 2.313, 4.3751, 9.1454, 0.8322, 0.0812, 0.381, 3.3033, 5.4814, 4.8551, 4.439, 3.4268, 9.4598, 7.7417, 8.2773, 12.0978, 7.1183, 3.2724, 4.554, 0.8815, 10.758, 0.1129],
      [0, 0.451, 25.6978, 14.1946, 24.6379, 5.7682, 25.3335, 38.1169, 5.5691, 11.5671, 38.567, 6.4598, 16.9537, 11.3196, 18.3915, 34.5862, 0.6677, 2.1196, 0.3425, 10.5687, 21.7633, 19.5084, 13.4548, 9.5923, 46.0978, 40.4868, 36.5314, 49.4142, 36.4652, 14.3432, 21.825, 8.3996, 48.3347, 0.5515],
      [0, 0.2912, 16.2116, 8.6354, 15.5805, 3.1033, 18.3589, 21.0447, 4.1408, 9.7913, 26.3159, 4.4204, 12.4592, 8.4917, 14.8685, 25.73, 0.9028, 0.7028, 0.4696, 5.7555, 12.5707, 20.1941, 15.8079, 11.875, 47.2466, 30.6121, 24.1169, 37.0557, 33.3757, 5.5066, 15.2908, 5.5665, 30.4817, 0.7097],
      [0, 1.174, 52.836, 39.7332, 54.55, 18.4313, 69.0025, 74.3109, 11.5965, 35.2337, 90.4765, 18.2395, 50.4457, 31.2316, 43.3573, 80.7786, 2.5724, 1.0485, 1.7622, 20.9102, 49.2885, 68.6487, 38.6341, 35.5681, 117.5142, 110.6062, 83.3028, 99.3245, 100.4603, 20.5017, 44.7306, 21.6752, 103.9352, 3.5396],
      [0, 0.035, 0.5783, 0.6386, 0.7395, 0.2383, 1.1388, 0.8341, 0.2285, 0.5782, 1.1764, 0.2252, 0.7907, 0.4757, 0.7222, 1.3049, 0.025, 0.0374, 0.0381, 0.3646, 0.6028, 0.7737, 0.3988, 0.389, 1.2918, 1.1011, 1.3054, 1.4824, 1.1692, 0.3762, 0.5498, 0.378, 1.9057, 0.0745]
    ],
    [
      [0, 0, 0.1711, 0.1854, 0.1909, 0.0109, 0.1908, 0.1745, 0, 0.1414, 0.2327, 0.0655, 0.0662, 0.1295, 0.2063, 0.2331, 0, 0.0015, 0, 0.0775, 0.1647, 0.0442, 0.1466, 0.1194, 0.2874, 0.2744, 0.2719, 0.4133, 0.2095, 0.0024, 0.0364, 0.0311, 0.4594, 0.0052],
      [1.7032, 0.8376, 45.1462, 39.2432, 49.5816, 11.238, 39.8862, 42.9483, 4.74, 14.5742, 57.85, 11.3494, 19.411, 18.0727, 31.4265, 47.0118, 1.656, 0.292, 0, 25.8712, 29.8246, 27.0604, 24.1761, 27.3286, 67.9908, 47.2105, 48.3394, 79.4401, 36.1403, 5.4814, 38.4096, 3.3511, 83.9023, 0.584],
      [0, 0.1821, 4.7773, 2.7525, 4.3995, 0.5751, 3.336, 3.9451, 0.9196, 1.4575, 4.5658, 1.0342, 1.7507, 1.9746, 2.9791, 4.0167, 0.0176, 0.1334, 0, 1.8203, 2.6571, 2.4283, 1.6429, 1.6807, 7.5286, 5.5654, 4.8242, 7.3437, 4.1639, 0.5051, 4.1432, 0.6589, 8.5544, 0.0578],
      [0.2452, 1.0207, 24.4159, 13.516, 22.5074, 2.5265, 19.5522, 17.6542, 5.5395, 9.9917, 25.1464, 5.7608, 10.4192, 12.0058, 19.448, 24.1241, 0.19, 0.4222, 0, 8.0493, 12.43, 20.4186, 15.6654, 17.2331, 62.2569, 33.9225, 25.7336, 44.4925, 30.7794, 1.5723, 23.5221, 3.5651, 43.5377, 0.6111],
      [0.0516, 0.9596, 19.3695, 15.1324, 19.149, 3.6162, 17.8533, 15.1749, 3.7625, 8.7424, 21.0281, 5.7431, 10.2485, 10.7093, 13.7909, 18.4233, 0.1351, 0.1479, 0, 7.1041, 11.8308, 16.9259, 9.3176, 12.5567, 37.6982, 29.8554, 21.6098, 29.0142, 22.5412, 1.4209, 16.7552, 3.3559, 36.1788, 0.732],
      [0, 0, 0.12, 0.1705, 0.1717, 0.0333, 0.1815, 0.103, 0.0385, 0.0929, 0.177, 0.0471, 0.1043, 0.1082, 0.1492, 0.191, 0.0013, 0.0029, 0, 0.0777, 0.0929, 0.1226, 0.0514, 0.0815, 0.238, 0.1718, 0.2212, 0.2963, 0.1656, 0.0179, 0.1335, 0.0379, 0.3674, 0.0099]
    ],
    [
      [0, 0.199, 4.1098, 4.8332, 3.296, 0.9123, 4.1192, 4.322, 0, 5.6813, 4.8718, 1.1324, 2.3765, 2.6094, 4.1772, 5.5366, 0.4216, 0.2268, 1.16, 1.56, 4.9084, 2.0464, 5.9736, 1.7663, 7.746, 6.0679, 4.5578, 8.0457, 5.0105, 0.4044, 2.3444, 0.9038, 13.2355, 0.5226],
      [0.106, 0.0202, 1.9796, 1.326, 1.6226, 1.0386, 1.6764, 2.0265, 0.0773, 1.0171, 2.3259, 0.3811, 1.1856, 0.6916, 1.0635, 2.1021, 0.1128, 0.1113, 0.7338, 1.0432, 1.4955, 1.0634, 1.6121, 0.7794, 3.0277, 1.9341, 1.5239, 2.7761, 1.5791, 0.6505, 1.4687, 0.1653, 4.5462, 0.0829],
      [0, 0.1557, 4.6775, 2.0837, 3.2249, 1.2485, 3.1314, 4.1787, 0.1402, 2.2945, 4.1148, 0.7921, 2.3986, 1.7107, 2.2544, 4.0137, 0.0472, 0.878, 0.1151, 1.6908, 2.9943, 2.1413, 2.4507, 1.0869, 7.4709, 5.1301, 3.3922, 5.7194, 4.0959, 1.3978, 3.5367, 0.8206, 10.2972, 0.1957],
      [0.2256, 0.17, 5.7143, 2.4173, 3.9405, 1.2626, 4.3769, 4.4668, 0.2029, 3.7697, 5.4184, 1.0482, 3.4064, 2.4789, 3.5201, 5.7631, 0.1248, 0.7602, 0.4082, 1.7825, 3.3335, 4.3216, 5.5653, 2.6278, 14.6955, 7.4851, 4.3244, 8.2851, 7.234, 1.0542, 4.7996, 1.0512, 12.5362, 0.6221],
      [0.6683, 2.1894, 58.1598, 35.0909, 43.1319, 24.046, 51.4636, 49.2519, 1.789, 42.3336, 58.2164, 13.5658, 43.1261, 28.5267, 32.0685, 56.5378, 1.1182, 3.609, 4.1675, 20.2818, 40.9213, 45.7819, 42.5901, 24.6049, 114.4622, 84.3886, 46.6895, 69.3837, 68.0071, 12.1397, 43.8381, 12.817, 133.464, 9.6234],
      [0, 2.2657, 12.359, 10.249, 10.7841, 5.492, 16.2325, 10.7541, 0.7906, 12.9039, 14.0527, 3.0804, 12.5068, 7.9827, 9.9163, 17.0466, 0.1754, 1.4146, 1.4155, 6.6417, 9.347, 9.6454, 8.8082, 5.1347, 24.5977, 16.9943, 13.5123, 18.79, 15.0733, 7.3534, 10.0124, 4.242, 47.9209, 3.9533]
    ]
  ],
  "V_est": [
    [316.886, 17.3305, 37.5795, 545.8979, 432.1862, 10.1199],
    [36.3262, 4.0059, 8.7589, 122.2041, 797.3836, 245.3213],
    [191.8399, 292.0683, 635.5433, 437.6444, 10893.7867, 1478.1174],
    [203.1389, 43.5117, 288.7663, 1608.1008, 1343.2355, 67.2469],
    [7.1869, 157.6599, 658.0807, 487.6842, 1595.4203, 21.9679],
    [4.5433, 982.0777, 92.3912, 558.2754, 440.9342, 3.7781],
    [115.0787, 43.346, 89.8802, 129.1932, 1318.0535, 351.4484]
  ],
  "p_est": [
    [0.233, 0.0127, 0.0276, 0.4014, 0.3178, 0.0074],
    [0.0299, 0.0033, 0.0072, 0.1007, 0.6568, 0.2021],
    [0.0138, 0.021, 0.0456, 0.0314, 0.7821, 0.1061],
    [0.0572, 0.0122, 0.0813, 0.4525, 0.378, 0.0189],
    [0.0025, 0.0538, 0.2248, 0.1666, 0.5449, 0.0075],
    [0.0022, 0.4717, 0.0444, 0.2681, 0.2118, 0.0018],
    [0.0562, 0.0212, 0.0439, 0.0631, 0.6439, 0.1717]
  ],
  "EI_Z": {},
  "EI_V": 16.9078,
  "MAE_Z": {},
  "MAE_V": 218.3036,
  "MAE_p": 0.0586,
  "runtime": 0.034
}
