{
  "X": [
    [12, 28, 60],
    [23, 21, 56],
    [22, 26, 52],
    [14, 27, 59],
    [16, 27, 57],
    [20, 26, 54],
    [20, 24, 56],
    [26, 26, 48],
    [31, 29, 40],
    [39, 21, 40],
    [40, 29, 31],
    [38, 29, 33],
    [41, 31, 28],
    [50, 16, 34],
    [36, 23, 41],
    [39, 26, 35],
    [47, 16, 37],
    [28, 13, 59],
    [28, 23, 49],
    [36, 13, 51],
    [34, 17, 49],
    [27, 18, 55],
    [34, 14, 52],
    [23, 15, 62],
    [31, 17, 52],
    [33, 43, 24],
    [42, 33, 25],
    [41, 38, 21],
    [44, 38, 18],
    [38, 38, 24],
    [38, 39, 23],
    [42, 34, 24],
    [41, 38, 21],
    [56, 21, 23],
    [51, 18, 31],
    [50, 21, 29],
    [51, 22, 27],
    [56, 21, 23],
    [43, 29, 28],
    [57, 24, 19],
    [45, 33, 22],
    [49, 22, 29],
    [54, 25, 21],
    [58, 25, 17],
    [51, 31, 18],
    [52, 22, 26],
    [49, 29, 22],
    [40, 30, 30],
    [47, 30, 23],
    [51, 27, 22]
  ],
  "W": [
    [57, 14, 6, 6, 7, 10],
    [58, 7, 9, 3, 13, 10],
    [61, 5, 9, 7, 11, 7],
    [70, 5, 4, 10, 5, 6],
    [66, 5, 7, 6, 6, 10],
    [58, 8, 10, 8, 6, 10],
    [59, 10, 5, 5, 8, 13],
    [59, 8, 6, 7, 10, 10],
    [18, 44, 11, 9, 8, 10],
    [10, 53, 14, 7, 7, 9],
    [6, 60, 9, 5, 8, 12],
    [7, 62, 9, 4, 8, 10],
    [7, 66, 4, 4, 11, 8],
    [2, 56, 8, 16, 11, 7],
    [6, 61, 10, 9, 5, 9],
    [8, 51, 8, 13, 9, 11],
    [9, 47, 28, 0, 7, 9],
    [11, 9, 58, 5, 7, 10],
    [6, 7, 65, 10, 7, 5],
    [7, 10, 53, 6, 12, 12],
    [4, 10, 55, 12, 10, 9],
    [7, 9, 59, 12, 6, 7],
    [6, 5, 61, 9, 8, 11],
    [10, 10, 66, 4, 7, 3],
    [5, 10, 58, 7, 11, 9],
    [11, 7, 6, 63, 6, 7],
    [11, 10, 10, 54, 8, 7],
    [8, 7, 8, 61, 8, 8],
    [7, 6, 7, 64, 9, 7],
    [9, 7, 8, 55, 13, 8],
    [7, 11, 7, 60, 7, 8],
    [6, 12, 8, 52, 9, 13],
    [5, 7, 6, 71, 4, 7],
    [10, 11, 3, 20, 43, 13],
    [6, 11, 7, 9, 57, 10],
    [10, 7, 9, 9, 54, 11],
    [7, 6, 6, 5, 67, 9],
    [10, 11, 12, 5, 53, 9],
    [12, 7, 8, 10, 54, 9],
    [6, 5, 7, 11, 63, 8],
    [13, 3, 5, 10, 60, 9],
    [9, 9, 8, 8, 43, 23],
    [8, 7, 9, 12, 8, 56],
    [5, 8, 12, 8, 9, 58],
    [8, 5, 7, 13, 11, 56],
    [10, 7, 12, 10, 7, 54],
    [10, 13, 9, 9, 5, 54],
    [5, 11, 9, 8, 9, 58],
    [14, 9, 9, 11, 8, 49],
    [10, 5, 9, 11, 10, 55]
  ],
  "method": "mult",
  "cond_prob": [
    [
      [0, 0.21270282308, 0.78729717692],
      [0.13558596967, 0.41383033268, 0.45058369765],
      [0.11330363634, 0.077957295814, 0.80873906784],
      [0.25510978749, 0.60125078566, 0.14363942685],
      [0.46453493909, 0.28663373345, 0.24883132746],
      [0.46395713079, 0.40006298039, 0.13597988882]
    ],
    [
      [0.024056800095, 0.22358248391, 0.75236071599],
      [0.43019290935, 0.2147051829, 0.35510190775],
      [0.21707334917, 0.061887161311, 0.72103948952],
      [0.44581503418, 0.43865853055, 0.11552643527],
      [0.66179085038, 0.17191330839, 0.16629584122],
      [0.6698968929, 0.24214466002, 0.087958447083]
    ],
    [
      [0.041728076527, 0.27512323694, 0.68314868654],
      [0.44478203856, 0.24645343185, 0.30876452959],
      [0.24413175103, 0.077096116013, 0.67877213296],
      [0.43383355071, 0.47319377084, 0.092972678458],
      [0.66882614417, 0.19262468433, 0.1385491715],
      [0.66279556271, 0.26573177429, 0.071472662998]
    ],
    [
      [0.010836425186, 0.25130753026, 0.73785604455],
      [0.38229405386, 0.25451049213, 0.36319545401],
      [0.19169795908, 0.07326479176, 0.73503724916],
      [0.38228321808, 0.50225096041, 0.1154658215],
      [0.61238357412, 0.21112602917, 0.17649039671],
      [0.61307301332, 0.29412025068, 0.092806736001]
    ],
    [
      [0.011892401742, 0.26726181614, 0.72084578212],
      [0.38130018034, 0.26663269138, 0.35206712828],
      [0.19480562881, 0.07833178542, 0.72686258577],
      [0.37454528933, 0.51628967602, 0.10916503464],
      [0.60839467372, 0.22078480824, 0.17082051803],
      [0.60473214033, 0.30567872743, 0.089589132235]
    ],
    [
      [0.021601009389, 0.26270670445, 0.71569228616],
      [0.40777691971, 0.25236440625, 0.33985867403],
      [0.21216334963, 0.075338869492, 0.71249778088],
      [0.40309014119, 0.49142907585, 0.10548078297],
      [0.63495902928, 0.20424698868, 0.16079398204],
      [0.63288172962, 0.28337926581, 0.083739004568]
    ],
    [
      [0.0040171437235, 0.23180791966, 0.76417493661],
      [0.38351248249, 0.23772291744, 0.37876460007],
      [0.18848255665, 0.066718925824, 0.74479851753],
      [0.39567814178, 0.48159935131, 0.12272250691],
      [0.61645305184, 0.19812969396, 0.1854172542],
      [0.62118736835, 0.27842112524, 0.10039150641]
    ],
    [
      [0.060027849174, 0.27488605077, 0.66508610006],
      [0.47444355896, 0.23567749561, 0.28987894543],
      [0.2660716346, 0.075340477215, 0.65858788819],
      [0.46162131096, 0.45213154141, 0.086247147627],
      [0.6943875679, 0.17977261801, 0.1258398141],
      [0.68911537638, 0.24816132066, 0.062723302965]
    ],
    [
      [0.015682412602, 0.28016568494, 0.70415190246],
      [0.34801583602, 0.28990465736, 0.36207950662],
      [0.18114919679, 0.084693546319, 0.73415725689],
      [0.34244896279, 0.54881700124, 0.10873403597],
      [0.57791859617, 0.24506348796, 0.17701791588],
      [0.5706989189, 0.33697228229, 0.092328798808]
    ],
    [
      [0.023643722723, 0.22117720082, 0.75517907646],
      [0.41933221254, 0.21462345821, 0.36604432925],
      [0.21043316804, 0.061124553289, 0.72844227867],
      [0.43791189369, 0.44376769442, 0.11832041189],
      [0.65319941603, 0.17525578133, 0.17154480264],
      [0.66167910971, 0.24714184783, 0.091179042459]
    ],
    [
      [0.023567597832, 0.30885014169, 0.66758226048],
      [0.39856438567, 0.29673608047, 0.30469953386],
      [0.21855299108, 0.092480141138, 0.68896686778],
      [0.36939265076, 0.54021890467, 0.09038844457],
      [0.61465671336, 0.23877602649, 0.14656726015],
      [0.60112811606, 0.32492585966, 0.073946024288]
    ],
    [
      [0.022160006517, 0.30556256696, 0.67227742652],
      [0.38415756174, 0.29937099792, 0.31647144035],
      [0.20847640223, 0.092100149466, 0.69942344831],
      [0.35866164275, 0.54772345734, 0.093614899909],
      [0.60257052571, 0.24429593994, 0.15313353435],
      [0.58956127299, 0.33258974664, 0.077848980364]
    ],
    [
      [0.024925881053, 0.33666109515, 0.6384130238],
      [0.4068735141, 0.31229025661, 0.28083622928],
      [0.23213446396, 0.10150892826, 0.66635660778],
      [0.36532302029, 0.55339429889, 0.081282680822],
      [0.61791995101, 0.24862983978, 0.13345020921],
      [0.59811468797, 0.3347092814, 0.067176030626]
    ],
    [
      [0.027945823899, 0.15338265676, 0.81867151934],
      [0.47312186295, 0.13929237115, 0.3875857659],
      [0.22739711956, 0.038819121996, 0.73378375844],
      [0.53870707385, 0.32414069724, 0.13715222891],
      [0.71175491489, 0.11307704965, 0.17516803546],
      [0.74021283219, 0.1646014606, 0.095185707206]
    ],
    [
      [0.018444600099, 0.21033593143, 0.77121946847],
      [0.36141589569, 0.22089020577, 0.41769389854],
      [0.17317799142, 0.059700996496, 0.76712101208],
      [0.3921930839, 0.4715488067, 0.1362581094],
      [0.60513193005, 0.19249482347, 0.20237324648],
      [0.61730949366, 0.27336205742, 0.10932844892]
    ],
    [
      [0.020829661274, 0.23935640764, 0.73981393108],
      [0.38612694551, 0.24126648806, 0.37260656644],
      [0.19437283027, 0.06871167594, 0.73691549379],
      [0.39602095793, 0.48582318476, 0.1181558573],
      [0.61994957618, 0.20145570298, 0.17859472084],
      [0.62346247347, 0.28200561016, 0.094531916374]
    ],
    [
      [0.041804828656, 0.24597798741, 0.71221718393],
      [0.55130959616, 0.19603928073, 0.25265112312],
      [0.31479214101, 0.063984781256, 0.62122307773],
      [0.52851608519, 0.38411559687, 0.087368317936],
      [0.74262331866, 0.14227276291, 0.11510391843],
      [0.74440692708, 0.19831874485, 0.057274328069]
    ],
    [
      [0.020603311662, 0.20696504964, 0.7724316387],
      [0.40673869706, 0.20906056159, 0.38420074135],
      [0.1880645665, 0.051613334424, 0.76032209907],
      [0.43145166723, 0.44025457427, 0.1282937585],
      [0.64258879742, 0.17186702554, 0.18554417705],
      [0.65495905228, 0.2443923953, 0.10064855242]
    ],
    [
      [0.023245150043, 0.36620349941, 0.61055135055],
      [0.37747674456, 0.34328047012, 0.27924278532],
      [0.23028528272, 0.13272653584, 0.63698818144],
      [0.33118896528, 0.5955202786, 0.073290756125],
      [0.58886911456, 0.27973427545, 0.13139660999],
      [0.56313501123, 0.37184963383, 0.06501535494]
    ],
    [
      [0.026501560063, 0.20561038006, 0.76788805987],
      [0.44985720424, 0.19370318503, 0.35643961073],
      [0.22555535822, 0.051766973312, 0.72267766847],
      [0.47529048224, 0.40630366154, 0.11840585622],
      [0.68164497208, 0.15286690223, 0.16548812569],
      [0.69416670776, 0.21731842564, 0.088514866597]
    ],
    [
      [0.024888601287, 0.24713216178, 0.72797923693],
      [0.42353784052, 0.23557838966, 0.34088376982],
      [0.22150261964, 0.06864898294, 0.70984839742],
      [0.4249927685, 0.4678250152, 0.1071822163],
      [0.65109248058, 0.18902224052, 0.1598852789],
      [0.65239834243, 0.26398564521, 0.083616012359]
    ],
    [
      [0.020306114135, 0.25718220693, 0.72251167893],
      [0.37834007933, 0.26079134934, 0.36086857133],
      [0.1879058283, 0.072608694602, 0.7394854771],
      [0.37472552868, 0.51191828467, 0.11335618665],
      [0.60600798018, 0.21766440009, 0.17632761972],
      [0.60479977028, 0.30281194418, 0.092388285536]
    ],
    [
      [0.027504350087, 0.23023804484, 0.74225760508],
      [0.4500027835, 0.21284761717, 0.33714959933],
      [0.23758983621, 0.06146602262, 0.70094414117],
      [0.46058486704, 0.43145990349, 0.10795522947],
      [0.67806548246, 0.16716994833, 0.15476456921],
      [0.68383566458, 0.23494614066, 0.081218194768]
    ],
    [
      [0.018909945831, 0.26232300673, 0.71876704744],
      [0.36438076242, 0.27049916582, 0.36512007176],
      [0.17920321798, 0.075885489936, 0.74491129208],
      [0.3586482203, 0.52852814242, 0.11282363729],
      [0.59117995455, 0.22823695442, 0.18058309103],
      [0.58894265588, 0.31718822935, 0.093869114778]
    ],
    [
      [0.022321145569, 0.26559851123, 0.7120803432],
      [0.39449183821, 0.2612515779, 0.3442565839],
      [0.2044688162, 0.077177122994, 0.71835406081],
      [0.3866663318, 0.50739316964, 0.10594049856],
      [0.62040596081, 0.21432160187, 0.16527243732],
      [0.61701718434, 0.29710319146, 0.085879624195]
    ],
    [
      [0.018018850199, 0.26558156543, 0.71639958437],
      [0.35572190811, 0.2784843776, 0.36579371429],
      [0.1782818936, 0.079739198223, 0.74197890818],
      [0.34472367212, 0.53851745171, 0.11675887617],
      [0.58068236371, 0.2376250803, 0.18169255599],
      [0.57719462908, 0.32834671547, 0.094458655445]
    ],
    [
      [0.028647434249, 0.24618497433, 0.72516759142],
      [0.44909659187, 0.22638466723, 0.3245187409],
      [0.23788603264, 0.068265357962, 0.6938486094],
      [0.45734158758, 0.4479052485, 0.09475316392],
      [0.67401850819, 0.17796217084, 0.14801932097],
      [0.67520831188, 0.24784060642, 0.076951081698]
    ],
    [
      [0.025679562661, 0.26597084056, 0.70834959678],
      [0.4245418923, 0.25082510627, 0.32463300143],
      [0.225654645, 0.076194349483, 0.69815100552],
      [0.42074955721, 0.48659474251, 0.092655700279],
      [0.64882324812, 0.20075254941, 0.15042420247],
      [0.64515301472, 0.27732538092, 0.077521604362]
    ],
    [
      [0.029348389216, 0.27845783725, 0.69219377353],
      [0.45328808636, 0.24786950421, 0.29884240942],
      [0.25106755881, 0.078459381013, 0.67047306017],
      [0.44677207387, 0.47533706476, 0.077890861372],
      [0.6733088358, 0.19296191675, 0.13372924745],
      [0.66630965657, 0.26516186447, 0.068528478956]
    ],
    [
      [0.020635270917, 0.25743554521, 0.72192918387],
      [0.38335486295, 0.26064375687, 0.35600138018],
      [0.19427401162, 0.07548455165, 0.73024143673],
      [0.37773818543, 0.50950547553, 0.11275633904],
      [0.60996142314, 0.21717481957, 0.17286375729],
      [0.60893846609, 0.30107794668, 0.089983587234]
    ],
    [
      [0.021003205182, 0.25144019769, 0.72755659713],
      [0.38575135805, 0.25500386468, 0.35924477727],
      [0.19441730796, 0.073266260655, 0.73231643138],
      [0.38398309426, 0.50126363662, 0.11475326912],
      [0.61391190265, 0.21221488028, 0.17387321707],
      [0.61405281191, 0.29508624015, 0.090860947946]
    ],
    [
      [0.022131284024, 0.22998732027, 0.7478813957],
      [0.4024564581, 0.23074278152, 0.36680076038],
      [0.19981999691, 0.064976010486, 0.7352039926],
      [0.4119176041, 0.46447512778, 0.12360726812],
      [0.63384429001, 0.19010459628, 0.17605111372],
      [0.63960467694, 0.26674666192, 0.093648661137]
    ],
    [
      [0.022370347824, 0.22316222205, 0.75446743012],
      [0.4056826649, 0.22494053971, 0.36937679539],
      [0.19966505238, 0.062951178667, 0.73738376896],
      [0.41937416363, 0.45587786761, 0.12474796875],
      [0.63822827529, 0.18522109073, 0.17655063399],
      [0.64598579618, 0.26052643946, 0.093487764355]
    ],
    [
      [0.031467755335, 0.20628520277, 0.76224704189],
      [0.47221634151, 0.18881402072, 0.33896963778],
      [0.24093365737, 0.054957813457, 0.70410852917],
      [0.49952315408, 0.39182790688, 0.10864893905],
      [0.70961521917, 0.14321259513, 0.14717218569],
      [0.7126326317, 0.20774004428, 0.079627324018]
    ],
    [
      [0.018332369473, 0.16960908959, 0.81205854093],
      [0.38385610833, 0.18370778087, 0.4324361108],
      [0.17228248711, 0.046558038996, 0.78115947389],
      [0.43463163936, 0.41090771829, 0.15446064235],
      [0.61431277912, 0.15198943009, 0.23369779079],
      [0.65340980175, 0.22740866202, 0.11918153623]
    ],
    [
      [0.021621716039, 0.22046508212, 0.75791320184],
      [0.40613267275, 0.22176211067, 0.37210521658],
      [0.19958269654, 0.061805374182, 0.73861192927],
      [0.42251806733, 0.45548319966, 0.12199873301],
      [0.63378091884, 0.18068414087, 0.1855349403],
      [0.6470706944, 0.2573157848, 0.095613520806]
    ],
    [
      [0.019088732348, 0.2283041681, 0.75260709955],
      [0.37478784628, 0.23983378124, 0.38537837248],
      [0.18115071539, 0.065877357818, 0.75297192679],
      [0.38689085713, 0.48850842958, 0.12460071329],
      [0.59820836602, 0.20227917117, 0.19951246281],
      [0.61292585495, 0.28581748585, 0.10125665919]
    ],
    [
      [0.037740220502, 0.29339456832, 0.66886521118],
      [0.48718290864, 0.24444499936, 0.268372092],
      [0.28542922978, 0.080590998891, 0.63397977133],
      [0.46137077306, 0.45957805122, 0.079051175713],
      [0.72313008855, 0.18551440644, 0.09135550501],
      [0.68952072048, 0.25332372661, 0.05715555291]
    ],
    [
      [0.016934825098, 0.29172334093, 0.69134183397],
      [0.35284431113, 0.29978780786, 0.34736788101],
      [0.18284995381, 0.089093610054, 0.72805643613],
      [0.33450542755, 0.56139417481, 0.10410039764],
      [0.56395064528, 0.25815589219, 0.17789346253],
      [0.56285368554, 0.3481884941, 0.088957820361]
    ],
    [
      [0.029746927925, 0.29446149208, 0.67579158],
      [0.45099610613, 0.25953124853, 0.28947264535],
      [0.25546117536, 0.083348772481, 0.66119005216],
      [0.42972472496, 0.48645446696, 0.083820808083],
      [0.67913059511, 0.20305506981, 0.11781433508],
      [0.65826377596, 0.27608310788, 0.065653116163]
    ],
    [
      [0.020725069489, 0.35442273435, 0.62485219616],
      [0.36359088286, 0.34142386774, 0.2949852494],
      [0.20785377773, 0.11144330811, 0.68070291415],
      [0.32201256588, 0.59732282133, 0.08066461279],
      [0.57360980826, 0.29056564501, 0.13582454673],
      [0.55153537832, 0.37820548845, 0.070259133228]
    ],
    [
      [0.01817430498, 0.2116816356, 0.77014405942],
      [0.38494182695, 0.22120450467, 0.39385366838],
      [0.18314957753, 0.059738294361, 0.75711212811],
      [0.40692685766, 0.4613501156, 0.13172302675],
      [0.60983094476, 0.18350298342, 0.20666607182],
      [0.62733098724, 0.26281257265, 0.10985644011]
    ],
    [
      [0.027456883663, 0.24187751298, 0.73066560336],
      [0.44166658215, 0.22630782178, 0.33202559607],
      [0.23123396613, 0.067194322224, 0.70157171165],
      [0.44668532445, 0.45008494942, 0.10322972614],
      [0.66820841904, 0.17939848613, 0.15239309483],
      [0.67681574848, 0.25071194574, 0.072472305777]
    ],
    [
      [0.033660179264, 0.29433839236, 0.67200142837],
      [0.48019088794, 0.24769734953, 0.27211176253],
      [0.2799450013, 0.08198939922, 0.63806559948],
      [0.45742927293, 0.4642344788, 0.078336248273],
      [0.69437283095, 0.18804787751, 0.11757929154],
      [0.70210417798, 0.26131982282, 0.036575999209]
    ],
    [
      [0.025529782321, 0.29726274937, 0.67720746831],
      [0.41212558503, 0.27909908966, 0.30877532532],
      [0.22645242315, 0.0874052958, 0.68614228105],
      [0.39096190947, 0.52029518154, 0.088742908996],
      [0.63273199388, 0.22481005533, 0.14245795078],
      [0.62691803747, 0.31031816996, 0.062763792571]
    ],
    [
      [0.025577502319, 0.21184868762, 0.76257381006],
      [0.43771896511, 0.20417323569, 0.3581077992],
      [0.21914288864, 0.057707461347, 0.72314965002],
      [0.45974005448, 0.42260265954, 0.11765728598],
      [0.66950612868, 0.16344841195, 0.16704545937],
      [0.68086174281, 0.22943787887, 0.089700378323]
    ],
    [
      [0.026565130468, 0.28842411467, 0.68501075486],
      [0.41909368575, 0.27033857346, 0.31056774079],
      [0.22855155822, 0.084052421437, 0.68739602034],
      [0.4002607497, 0.50817830317, 0.091560947132],
      [0.63879572928, 0.21615097019, 0.14505330053],
      [0.63764521043, 0.29982455603, 0.062530233541]
    ],
    [
      [0.010727349703, 0.21209965908, 0.77717299121],
      [0.28255434498, 0.25511319706, 0.46233245796],
      [0.12216210583, 0.062423809555, 0.81541408461],
      [0.30342025634, 0.53952311567, 0.15705662799],
      [0.50881146686, 0.2382068045, 0.25298172864],
      [0.49538174572, 0.32950682905, 0.17511142523]
    ],
    [
      [0.028709339066, 0.30019957727, 0.67109108366],
      [0.41981548378, 0.2777758225, 0.30240869372],
      [0.23324211065, 0.088038181545, 0.67871970781],
      [0.39730645712, 0.51636718686, 0.086326356019],
      [0.63889821075, 0.22185349776, 0.13924829149],
      [0.63753049365, 0.30714311927, 0.055326387078]
    ],
    [
      [0.025399302407, 0.25813618928, 0.71646450831],
      [0.41980457212, 0.24674643918, 0.3334489887],
      [0.22040003963, 0.073671602762, 0.70592835761],
      [0.41641780395, 0.48153321524, 0.10204898081],
      [0.64578550603, 0.19885427604, 0.15536021793],
      [0.64772605191, 0.2770264247, 0.075247523394]
    ]
  ],
  "expected_outcome": [
    [
      [0, 1.3952944055, 2.5454126682, 0.75854976301, 0.78489851496, 1.2528585446, 0.23701147968, 3.5416431013, 0.28228342683, 0.23643722723, 0.14140558699, 0.15512004562, 0.17448116737, 0.055891647798, 0.1106676006, 0.16663729019, 0.3762434579, 0.22663642829, 0.13947090026, 0.18551092044, 0.099554405146, 0.14214279895, 0.16502610052, 0.18909945831, 0.11160572785, 0.19820735219, 0.31512177674, 0.20543650129, 0.20543872451, 0.18571743825, 0.14702243627, 0.13278770414, 0.11185173912, 0.31467755335, 0.10999421684, 0.21621716039, 0.13362112644, 0.37740220502, 0.20321790117, 0.17848156755, 0.26942590335, 0.16356874482, 0.2196550693, 0.16830089632, 0.20423825857, 0.25577502319, 0.26565130468, 0.053636748517, 0.40193074692, 0.25399302407],
      [12.1240609156, 12.967784067, 16.7825174531, 17.5915271182, 17.6392798652, 15.2369888581, 13.6766672602, 16.2182769953, 5.042982329, 2.2117720082, 1.8531008502, 2.1389379687, 2.356627666, 0.30676531352, 1.2620155886, 1.9148512611, 2.2138018867, 2.276615546, 2.1972209964, 1.4392726604, 0.98852864712, 1.8002754485, 1.381428269, 2.6232300673, 1.3279925562, 2.9213972197, 2.7080347176, 2.1277667245, 1.9492048608, 2.3169199069, 1.7600813838, 1.3799239216, 1.1158111103, 2.0628520277, 1.0176545376, 2.2046508212, 1.5981291767, 2.9339456832, 3.5006800912, 1.7667689525, 4.6074955465, 1.9051347204, 1.9350201038, 1.4716919618, 2.3781019949, 2.1184868762, 2.8842411467, 1.0604982954, 4.2027940818, 2.5813618928],
      [44.8759390844, 43.6369215275, 41.6720698787, 51.6499231188, 47.5758216198, 41.5101525973, 45.0863212601, 39.2400799034, 12.6747342442, 7.5517907646, 4.0054935629, 4.7059419856, 4.4688911666, 1.6373430387, 4.6273168108, 5.9185114487, 6.4099546554, 8.4967480257, 3.6633081033, 5.3752164191, 2.9119169477, 5.0575817525, 4.4535456305, 7.1876704744, 3.560401716, 7.8803954281, 7.9768435057, 5.6667967742, 4.8453564147, 6.4973626548, 5.0928961799, 4.4872883742, 3.7723371506, 7.6224704189, 4.8723512456, 7.5791320184, 5.2682496969, 6.6886521118, 8.2961020076, 4.05474948, 8.1230785501, 6.9312965347, 5.8453248269, 3.3600071419, 5.4176597465, 7.6257381006, 6.8501075486, 3.8858649561, 9.3952751713, 7.1646450831]
    ],
    [
      [1.8982035754, 3.0113503654, 2.2239101928, 1.9114702693, 1.9065009017, 3.2622153577, 3.8351248249, 3.7955484717, 15.3126967851, 22.2246072648, 23.9138631399, 23.8177688277, 26.8536519307, 26.494824325, 22.0463696369, 19.6924742208, 25.9115510195, 3.6606482736, 2.6423372119, 4.4985720424, 4.2353784052, 3.405060714, 2.2500139175, 3.6438076242, 3.9449183821, 2.4900533568, 4.4909659187, 2.9717932461, 2.7197285182, 2.6834840407, 4.2432649385, 4.8294774972, 2.8397786543, 5.1943797566, 4.2224171916, 2.8429287092, 2.2487270777, 5.3590119951, 2.4699101779, 2.2549805306, 1.0907726486, 3.4644764426, 3.0916660751, 3.8415271035, 2.0606279251, 3.0640327558, 5.4482179147, 3.1080977948, 3.778339354, 2.0990228606],
      [5.7936246575, 1.5029362803, 1.2322671592, 1.2725524607, 1.3331634569, 2.01891525, 2.3772291744, 1.8854199648, 12.7558049238, 11.375043285, 17.8041648284, 18.5610018708, 20.6111569365, 7.8003727843, 13.474302552, 12.3045908908, 9.2138461941, 1.8815450543, 2.4029632908, 1.9370318503, 2.3557838966, 2.3471221441, 1.0642380858, 2.7049916582, 2.612515779, 1.9493906432, 2.2638466723, 1.7557757439, 1.4872170253, 1.8245062981, 2.8050425115, 2.7689133782, 1.574583778, 2.0769542279, 2.0207855896, 1.5523347747, 1.4390026874, 2.688894993, 2.098514655, 1.2976562426, 1.0242716032, 1.990840542, 1.5841547524, 1.9815787963, 1.3954954483, 1.4292126498, 3.514401455, 2.8062451676, 2.4999824025, 1.2337321959],
      [6.308171767, 2.4857133543, 1.543822648, 1.81597727, 1.7603356414, 2.7188693923, 3.7876460007, 2.3190315635, 15.9314982911, 19.4003494502, 18.2819720317, 19.6212293015, 18.5351911327, 21.7048028907, 25.4793278111, 19.0029348884, 11.8746027864, 3.4578066721, 1.9546994972, 3.5643961073, 3.4088376982, 3.2478171419, 1.6857479967, 3.6512007176, 3.442565839, 2.560556, 3.245187409, 2.27243101, 1.7930544565, 2.4920096612, 3.9516925499, 4.4016091246, 2.5856375677, 3.7286660156, 4.7567972188, 2.6047365161, 2.3122702349, 2.952093012, 2.4315751671, 1.4473632267, 0.8849557482, 3.5446830154, 2.3241791725, 2.1768941002, 1.5438766266, 2.5067545944, 4.0373806302, 5.0856570376, 2.7216782435, 1.6672449435]
    ],
    [
      [0.67982181807, 1.9536601425, 2.1971857593, 0.76679183634, 1.3636394017, 2.1216334963, 0.94241278324, 1.5964298076, 1.9926411647, 2.9460643526, 1.9669769198, 1.87628762, 0.92853785584, 1.8191769565, 1.7317799142, 1.5549826422, 8.8141799483, 10.9077448573, 14.968543377, 11.9544339856, 12.18264408, 11.0864438698, 14.4929800086, 11.8274123869, 11.8591913395, 1.0696913616, 2.3788603264, 1.80523716, 1.7574729117, 1.5541920929, 1.3609211557, 1.5985599753, 1.1979903143, 0.72280097211, 1.2059774098, 1.7962442689, 1.0869042923, 3.4251507573, 1.4627996305, 1.7882282275, 1.0392688887, 1.4651966202, 2.0811056951, 3.3593400156, 1.585166962, 2.6297146636, 2.056964024, 1.0994589525, 2.0991789958, 1.9836003567],
      [0.46774377489, 0.5569844518, 0.69386504412, 0.29305916704, 0.54832249794, 0.75338869492, 0.33359462912, 0.45204286329, 0.9316290095, 0.85574374605, 0.83232127024, 0.8289013452, 0.40603571305, 0.31055297597, 0.59700996496, 0.54969340752, 1.7915738752, 2.9935733966, 8.6272248294, 2.7436495855, 3.7756940617, 4.2839129815, 3.7494273798, 5.0084423358, 4.4762731337, 0.47843518934, 0.68265357962, 0.60955479586, 0.54921566709, 0.6038764132, 0.51286382458, 0.51980808388, 0.377707072, 0.16487344037, 0.32590627297, 0.55624836764, 0.39526414691, 0.96709198669, 0.71274888044, 0.58344140737, 0.55721654056, 0.47790635489, 0.60474890002, 0.98387279064, 0.6118370706, 0.69248953616, 0.75647179294, 0.56181428599, 0.79234363391, 0.66304442486],
      [4.852434407, 6.4893554057, 6.1089491966, 2.9401489966, 5.0880381004, 7.1249778088, 3.7239925876, 3.9515273291, 8.0757298258, 10.1981919014, 6.20070181, 6.2948110348, 2.6654264311, 5.8702700675, 7.6712101208, 5.8953239503, 17.3942461765, 44.0986817462, 41.4042317936, 38.3019164289, 39.0416618583, 43.6296431487, 42.7575926115, 49.1641452773, 41.6645355268, 4.4518734491, 6.938486094, 5.5852080441, 4.6933114212, 5.8419314939, 5.1262150197, 5.8816319408, 4.4243026137, 2.1123255875, 5.4681163172, 6.6475073635, 4.5178315607, 7.607757256, 5.8244514891, 4.6283303651, 3.4035145708, 6.0568970249, 6.3141454048, 7.6567871938, 4.8029959674, 8.6777958002, 6.1865641831, 7.3387267615, 6.1084773703, 6.3533552185]
    ],
    [
      [1.530658725, 1.3374451025, 3.0368348549, 3.8228321808, 2.247271736, 3.2247211295, 1.9783907089, 3.2313491767, 3.0820406651, 3.0653832558, 1.8469632538, 1.434646571, 1.4612920811, 8.6193131816, 3.5297377551, 5.1482724531, 0, 2.1572583362, 3.3118896528, 2.8517428934, 5.099913222, 4.4967063442, 4.1452638034, 1.4345928812, 2.7066643226, 21.7175913436, 24.6964457295, 25.6657229899, 28.5934127274, 20.7756001986, 23.0389856557, 21.4197154131, 29.7755656179, 9.9904630815, 3.9116847543, 3.8026626059, 1.9344542856, 2.3068538653, 3.3450542755, 4.7269719745, 3.2201256588, 3.2554148613, 5.3602238934, 3.6594341834, 5.0825048231, 4.5974005448, 3.6023467473, 2.4273620507, 4.3703710283, 4.5805958434],
      [3.6075047139, 1.3159755917, 3.3123563958, 5.0225096041, 3.0977380561, 3.9314326068, 2.4079967566, 3.1649207899, 4.9393530111, 3.1063738609, 2.7010945234, 2.1908938293, 2.2135771956, 5.1862511558, 4.2439392603, 6.3157014019, 0, 2.2012728713, 5.955202786, 2.4378219693, 5.6139001824, 6.1430194161, 3.8831391314, 2.1141125697, 3.5517521875, 33.9265994576, 24.1868834188, 29.6822792931, 30.4215721448, 28.022801154, 30.0758181969, 24.1527066448, 32.3673286006, 7.8365581375, 3.6981694646, 4.099348797, 2.4425421479, 2.2978902561, 5.6139417481, 5.3509991366, 5.9732282133, 3.6908009248, 5.401019393, 3.7138758304, 6.76383736, 4.2260265954, 4.5736047285, 4.3161849254, 5.6800390555, 5.2968653676],
      [0.86183656111, 0.3465793058, 0.65080874921, 1.154658215, 0.65499020787, 0.84384626373, 0.61361253456, 0.60373003339, 0.97860632377, 0.82824288325, 0.45194222285, 0.37445959964, 0.32513072329, 2.1944356626, 1.2263229846, 1.536026145, 0, 0.6414687925, 0.73290756125, 0.7104351373, 1.2861865956, 1.3602742397, 0.9715970652, 0.45129454914, 0.74158348995, 7.3558091988, 5.1166708517, 5.651997717, 4.9850151278, 6.2015986474, 6.8851961474, 6.4275779421, 8.8571057815, 2.1729787809, 1.3901457811, 1.0979885971, 0.62300356646, 0.39525587857, 1.0410039764, 0.92202888891, 0.8066461279, 1.053784214, 1.2387567136, 0.62668998618, 1.1536578169, 1.1765728598, 0.82404852418, 1.2564530239, 0.94958991621, 1.122538789]
    ],
    [
      [3.2517445736, 8.603281055, 7.3570875858, 3.0619178706, 3.6503680423, 3.8097541757, 4.9316244148, 6.943875679, 4.6233487694, 4.5723959122, 4.9172537069, 4.8205642057, 6.7971194611, 7.8293040638, 3.0256596503, 5.5795461856, 5.1983632306, 4.4981215819, 4.1220838019, 8.179739665, 6.5109248058, 3.6360478811, 5.4245238596, 4.1382596818, 6.8244655689, 3.4840941822, 5.3921480655, 5.190585985, 6.0597795222, 7.9294985008, 4.2973833185, 5.7045986101, 2.5529131011, 30.5134544243, 35.0158284099, 34.2241696172, 40.0799605233, 38.3258946929, 30.453334845, 42.7852274921, 34.4165884958, 26.2227306246, 5.3456673523, 6.2493554786, 6.9600519327, 4.6865429008, 3.1939786464, 4.5793032018, 5.111185686, 6.4578550603],
      [2.0064361341, 2.2348730091, 2.1188715276, 1.0556301459, 1.3247088495, 1.2254819321, 1.5850375517, 1.7977261801, 1.9605079036, 1.2267904693, 1.9102082119, 1.9543675195, 2.7349282376, 1.2438475462, 0.96247411734, 1.8131013269, 0.99590934034, 1.2030691787, 1.9581399281, 1.8344028268, 1.8902224052, 1.3059864006, 1.3373595866, 1.597658681, 2.3575376206, 1.4257504818, 1.4236973667, 1.6060203953, 1.7366572508, 2.8232726544, 1.485504162, 1.7109413665, 0.74088436291, 6.1581415908, 8.6633975151, 9.7569436067, 13.5527044684, 9.8322635416, 13.9404181784, 12.792469398, 17.4339387003, 7.890628287, 1.435187889, 1.6924308976, 2.4729106087, 1.1441388837, 1.080754851, 2.1438612405, 1.7748279821, 1.9885427604],
      [1.7418192922, 2.1618459359, 1.5240408865, 0.88245198353, 1.0249231082, 0.96476389224, 1.4833380336, 1.258398141, 1.416143327, 1.2008136185, 1.1725380812, 1.2250682748, 1.4679523013, 1.9268483901, 1.0118662324, 1.6073524876, 0.80572742901, 1.2988092393, 0.91977626996, 1.9858575082, 1.598852789, 1.0579657183, 1.2381165537, 1.2640816372, 1.8179968105, 1.090155336, 1.1841545678, 1.2033936197, 1.203563227, 2.2472288448, 1.2171125195, 1.5844600234, 0.70620253595, 6.3284039849, 13.320774075, 10.0188867761, 13.3673350083, 4.8418417655, 9.6062469766, 7.42230311, 8.1494728039, 8.8866410884, 1.2191447587, 1.0582136238, 1.5670374586, 1.1693182156, 0.72526650264, 2.2768355578, 1.1139863319, 1.5536021793]
    ],
    [
      [4.6395713079, 6.698968929, 4.639568939, 3.6784380799, 6.0473214033, 6.3288172962, 8.0754357885, 6.8911537638, 5.706989189, 5.9551119874, 7.2135373927, 5.8956127299, 4.7849175038, 5.1814898253, 5.555785443, 6.8580872082, 6.6996623437, 6.5495905228, 2.8156750561, 8.3300004931, 5.8715850818, 4.233598392, 7.5221923103, 1.7668279676, 5.5531546591, 4.0403624036, 4.7264581832, 5.1612241177, 4.664167596, 4.8715077287, 4.9124224953, 8.3148608002, 4.5219005733, 9.2642242121, 6.5340980175, 7.1177776384, 5.5163326946, 6.2056864844, 5.0656831698, 5.2661102077, 4.9638184049, 14.4286127066, 37.9016819148, 40.7220423226, 35.1074100985, 36.7665341118, 34.432841363, 28.7321412517, 31.2389941889, 35.6249328549],
      [4.0006298039, 2.4214466002, 1.86012242, 1.7647215041, 3.0567872743, 2.8337926581, 3.6194746281, 2.4816132066, 3.3697228229, 2.2242766305, 3.8991103159, 3.3258974664, 2.6776742512, 1.1522102242, 2.4602585168, 3.1020617117, 1.7848687037, 2.443923953, 1.8592481692, 2.6078211077, 2.3758708069, 2.1196836093, 2.5844075472, 0.95156468804, 2.6739287232, 2.2984270083, 1.7348842449, 2.2186030474, 1.8561330513, 2.4086235734, 2.3606899212, 3.467706605, 1.8236850762, 2.7006205757, 2.2740866202, 2.8304736328, 2.5723573727, 2.2799135395, 3.1336964469, 2.208664863, 3.4038493961, 6.0446891709, 14.0398689617, 15.1565497233, 17.3778175175, 12.3896454587, 16.1905260258, 19.1113960851, 15.0500128443, 15.2364533584],
      [1.3597988882, 0.87958447083, 0.50030864099, 0.55684041601, 0.89589132235, 0.83739004568, 1.3050895833, 0.62723302965, 0.92328798808, 0.82061138214, 0.88735229145, 0.77848980364, 0.53740824501, 0.66629995045, 0.98395604025, 1.0398510801, 0.51546895263, 1.0064855242, 0.3250767747, 1.0621783992, 0.75254411123, 0.64671799875, 0.89340014244, 0.28160734433, 0.77291661775, 0.66121058811, 0.53865757188, 0.6201728349, 0.47969935269, 0.71986869787, 0.72688758357, 1.2174325948, 0.65441435049, 1.0351552122, 1.1918153623, 1.0517487289, 0.91130993275, 0.51439997619, 0.80062038325, 0.52522492931, 0.63233219905, 2.5266981226, 4.0584491235, 2.1214079541, 3.514772384, 4.8438204295, 3.3766326112, 10.1564626632, 2.7109929668, 4.1386137867]
    ]
  ],
  "prob": [
    [0.022500304305, 0.25429396805, 0.72320572765],
    [0.40683519204, 0.24902388329, 0.34414092467],
    [0.21385548902, 0.07395209435, 0.71219241663],
    [0.40895335947, 0.48315577534, 0.10789086519],
    [0.63330072761, 0.20209071437, 0.16460855802],
    [0.63576821027, 0.2806968685, 0.083534921228]
  ],
  "iterations": 25,
  "logLik": -270.4522327797,
  "time": 6.9e-05,
  "message": "Converged",
  "status": 0,
  "miniter": 0,
  "maxiter": 1000,
  "maxtime": 3600,
  "param_threshold": 0.001,
  "ll_threshold": "-Inf",
  "initial_prob": "group_proportional",
  "adjust_prob_cond_method": "project_lp",
  "adjust_prob_cond_every": false
}
