{
  "Z_true": {},
  "V_true": [
    [142, 507, 221, 467, 78],
    [55, 2997, 345, 399, 58],
    [3792, 371, 436, 694, 242],
    [38, 217, 9057, 287, 169],
    [55, 285, 284, 10962, 376],
    [431, 390, 913, 942, 530]
  ],
  "p_true": [
    [0.1004, 0.3583, 0.1562, 0.33, 0.0551],
    [0.0143, 0.7776, 0.0895, 0.1035, 0.015],
    [0.6851, 0.067, 0.0788, 0.1254, 0.0437],
    [0.0039, 0.0222, 0.9272, 0.0294, 0.0173],
    [0.0046, 0.0238, 0.0237, 0.9164, 0.0314],
    [0.1344, 0.1216, 0.2848, 0.2938, 0.1653]
  ],
  "Z_est": {},
  "V_est": [
    [0, 307.7295, 546.5494, 560.7211, 0],
    [0, 3854, 0, 0, 0],
    [3960.3053, 0, 0, 769.136, 805.5587],
    [0, 0, 9768, 0, 0],
    [0, 0, 0, 11707.9427, 254.0573],
    [552.6947, 605.2705, 941.4506, 713.2002, 393.384]
  ],
  "p_est": [
    [0, 0.2175, 0.3863, 0.3963, 0],
    [0, 1, 0, 0, 0],
    [0.7155, 0, 0, 0.139, 0.1455],
    [0, 0, 1, 0, 0],
    [0, 0, 0, 0.9788, 0.0212],
    [0.1724, 0.1888, 0.2937, 0.2225, 0.1227]
  ],
  "EI_Z": {},
  "EI_V": 10.9279,
  "MAE_Z": {},
  "MAE_V": 260.3753,
  "MAE_p": 0.0609,
  "runtime": 0.0481
}
