{
  "X": [
    [0, 7, 4, 2, 122, 113],
    [0, 9, 7, 9, 114, 184],
    [1, 20, 10, 4, 87, 146],
    [1, 9, 16, 14, 94, 226],
    [0, 3, 8, 8, 116, 160],
    [0, 12, 19, 8, 109, 187],
    [0, 16, 15, 16, 84, 193],
    [0, 14, 12, 5, 80, 132],
    [0, 13, 9, 11, 136, 166],
    [0, 9, 5, 6, 104, 159],
    [2, 19, 35, 18, 163, 255],
    [0, 14, 26, 7, 119, 241],
    [0, 11, 8, 6, 69, 116],
    [1, 5, 6, 6, 95, 161],
    [1, 13, 4, 6, 99, 119],
    [0, 4, 11, 13, 76, 135],
    [0, 7, 38, 122, 103, 160],
    [0, 14, 33, 91, 108, 204],
    [1, 9, 16, 36, 88, 147],
    [0, 6, 23, 50, 87, 169],
    [0, 14, 20, 6, 107, 178],
    [0, 9, 41, 81, 157, 271],
    [0, 8, 20, 60, 109, 199],
    [2, 7, 32, 79, 116, 220],
    [0, 11, 22, 71, 74, 98],
    [1, 7, 25, 63, 70, 137],
    [0, 4, 34, 46, 102, 140],
    [0, 8, 29, 43, 65, 137],
    [0, 9, 11, 61, 61, 115],
    [2, 8, 22, 46, 66, 124],
    [1, 5, 23, 114, 93, 163],
    [0, 16, 20, 104, 85, 125],
    [0, 18, 25, 104, 83, 148],
    [0, 3, 26, 20, 113, 147],
    [0, 11, 31, 67, 67, 147],
    [0, 7, 26, 67, 82, 142],
    [1, 18, 25, 29, 151, 195],
    [0, 13, 34, 45, 155, 215],
    [1, 5, 21, 29, 87, 122],
    [0, 12, 18, 17, 68, 134],
    [0, 15, 20, 12, 81, 122],
    [0, 15, 7, 11, 91, 124],
    [1, 10, 34, 36, 86, 209],
    [1, 11, 27, 30, 102, 132],
    [0, 16, 23, 9, 104, 116],
    [0, 21, 28, 11, 81, 152],
    [1, 12, 37, 52, 109, 184],
    [0, 9, 34, 55, 138, 201],
    [0, 15, 13, 12, 133, 145],
    [0, 9, 30, 17, 119, 191],
    [0, 22, 26, 12, 166, 185],
    [0, 23, 18, 10, 119, 193],
    [1, 9, 22, 15, 96, 103],
    [0, 16, 13, 7, 120, 85],
    [1, 8, 10, 10, 60, 117],
    [0, 32, 24, 29, 171, 171],
    [0, 29, 32, 23, 142, 154],
    [0, 10, 16, 51, 76, 155],
    [2, 19, 11, 4, 138, 155],
    [0, 12, 10, 8, 116, 176],
    [1, 10, 6, 7, 119, 196],
    [0, 16, 41, 28, 235, 248],
    [0, 12, 19, 51, 75, 109],
    [0, 7, 31, 54, 83, 151],
    [1, 6, 32, 30, 107, 189],
    [0, 15, 31, 28, 85, 182],
    [0, 5, 25, 62, 87, 168],
    [6, 92, 359, 712, 1787, 2471]
  ],
  "W": [
    [1, 3, 112, 99, 33],
    [4, 10, 102, 165, 42],
    [10, 6, 82, 145, 25],
    [10, 12, 84, 205, 49],
    [4, 3, 111, 155, 22],
    [17, 5, 101, 170, 42],
    [16, 10, 79, 181, 38],
    [11, 6, 74, 122, 30],
    [6, 10, 133, 156, 30],
    [0, 4, 95, 153, 31],
    [30, 10, 141, 235, 76],
    [21, 7, 106, 209, 64],
    [6, 5, 73, 99, 27],
    [4, 1, 83, 156, 30],
    [1, 8, 95, 109, 29],
    [5, 10, 64, 129, 31],
    [53, 122, 88, 136, 31],
    [35, 93, 105, 178, 39],
    [18, 33, 74, 134, 38],
    [30, 48, 83, 143, 31],
    [16, 12, 102, 161, 34],
    [49, 79, 149, 234, 48],
    [27, 62, 95, 172, 40],
    [42, 73, 104, 179, 58],
    [16, 74, 70, 76, 40],
    [23, 56, 64, 121, 39],
    [27, 46, 87, 122, 44],
    [15, 44, 53, 120, 50],
    [11, 55, 57, 95, 39],
    [22, 51, 52, 100, 43],
    [32, 113, 87, 131, 36],
    [25, 110, 71, 97, 47],
    [26, 107, 73, 129, 43],
    [23, 18, 109, 126, 33],
    [29, 64, 62, 126, 42],
    [27, 67, 76, 117, 37],
    [24, 31, 150, 171, 43],
    [31, 41, 143, 185, 62],
    [17, 21, 83, 111, 33],
    [22, 21, 66, 113, 27],
    [8, 13, 79, 108, 42],
    [5, 12, 91, 119, 21],
    [35, 33, 85, 181, 42],
    [25, 31, 94, 120, 33],
    [23, 8, 102, 97, 38],
    [19, 9, 75, 129, 61],
    [35, 51, 95, 166, 48],
    [27, 56, 128, 169, 57],
    [9, 9, 123, 138, 39],
    [19, 16, 104, 148, 79],
    [22, 11, 158, 165, 55],
    [14, 12, 113, 179, 45],
    [19, 17, 102, 78, 30],
    [8, 2, 111, 77, 43],
    [8, 9, 63, 100, 26],
    [27, 24, 143, 162, 71],
    [32, 19, 120, 136, 73],
    [16, 46, 81, 144, 21],
    [10, 5, 131, 143, 40],
    [7, 5, 111, 171, 28],
    [5, 8, 120, 175, 31],
    [36, 30, 199, 221, 82],
    [21, 46, 74, 93, 32],
    [34, 51, 78, 130, 33],
    [37, 27, 95, 153, 53],
    [29, 27, 83, 155, 47],
    [26, 63, 79, 151, 28],
    [313, 726, 1597, 2194, 597]
  ],
  "method": "mult",
  "cond_prob": [
    [
      [1.7803612003e-18, 0.00062666114729, 0.76059288764, 0.01054646035, 0.1120772076, 0.11615678326],
      [0, 5.5193212171e-08, 6.1797513625e-06, 0.66315117988, 0.11575911406, 0.22108347111],
      [0, 0.023367250935, 0, 0, 0.92318983661, 0.053442912453],
      [7.9313653528e-19, 0.0097816215443, 0.014037633565, 0, 0.04977455209, 0.9264061928],
      [0, 0.10345031926, 0.056050389398, 0, 0.40047585129, 0.44002344004]
    ],
    [
      [3.6937786751e-32, 0.00073181432079, 0.73248802283, 0.02169807402, 0.11509458811, 0.12998750072],
      [0, 3.8388268147e-08, 3.8098546753e-06, 0.83127610537, 0.021369738772, 0.14735030762],
      [0, 0.026788282111, 0.00085387206949, 0.0005266816571, 0.87936487508, 0.092466289083],
      [5.3390923242e-20, 0.0097773124303, 0.010652061106, 0, 0.048693879446, 0.93087674702],
      [0, 0.11074788173, 0.052983923252, 0.013017264791, 0.37133849745, 0.45191243278]
    ],
    [
      [0.011233707473, 0.0021701407979, 0.7506285151, 0, 0.11996088711, 0.11600674952],
      [3.0137117383e-17, 1.6911946677e-07, 5.9166783377e-06, 0.66666666667, 0.13795948607, 0.19536776146],
      [3.2574463668e-17, 0.081158520145, 0.00091077142026, 0, 0.8348656123, 0.083065096132],
      [8.9874713504e-05, 0.043115370303, 0.0085876107585, 0, 0.063437414238, 0.88476972999],
      [0.034985243673, 0.28286280926, 0.046951701298, 0, 0.29260915756, 0.34259108821]
    ],
    [
      [0.0049275309853, 0.00053345393086, 0.78717525032, 0.021784292449, 0.082792444222, 0.10278702809],
      [0, 2.9241414794e-08, 4.4180326206e-06, 0.86217781767, 0.016062104504, 0.12175563055],
      [0, 0.026837101183, 0.001302493062, 0.0024555915189, 0.87025563478, 0.099149179452],
      [0, 0.0085527024102, 0.021315997627, 0.011813070174, 0.016384061427, 0.94193416836],
      [0.019402544697, 0.10177642074, 0.074469501012, 0.016491310002, 0.33712498754, 0.45073523601]
    ],
    [
      [0, 0.00024009445951, 0.7850205623, 0.028948118083, 0.089556693883, 0.096234531277],
      [0, 9.6219566193e-09, 3.0658249759e-06, 0.90394941666, 0.012703852985, 0.083343654909],
      [2.8561728896e-18, 0.011516106129, 0.0011774996728, 0.0031016256085, 0.89579531905, 0.088409449544],
      [0, 0.0040450553824, 0.019692861974, 0.027789174137, 0.04839667562, 0.90007623289],
      [3.0147977928e-33, 0.049716737669, 0.07621874926, 0.023670765635, 0.39404075138, 0.45635299606]
    ],
    [
      [9.3432543565e-33, 0.00081054928773, 0.7783651985, 0.022457963706, 0.091396649099, 0.1069696394],
      [0, 4.1617911026e-08, 4.1363934354e-06, 0.86469577215, 0.016610352043, 0.1186896978],
      [0, 0.036820448206, 0.0011752912542, 0.0022831183537, 0.86656904002, 0.093152102171],
      [2.6921030784e-20, 0.01345293367, 0.016437329997, 0.014161114571, 0.032132808609, 0.92381581315],
      [0, 0.14238943955, 0.067969533984, 0.01563693632, 0.34231320714, 0.431690883]
    ],
    [
      [2.8849130418e-33, 0.0013866692727, 0.74087384844, 0.03561572041, 0.099383917597, 0.12273984428],
      [1.1890438749e-32, 4.7898910069e-08, 2.6439790536e-06, 0.89622736971, 0.01214934023, 0.091620598181],
      [0, 0.056339582712, 0.00099841323319, 0.003239794887, 0.8438566719, 0.095565537271],
      [0, 0.021046631223, 0.0056549676545, 0.02998417148, 0.021218592981, 0.92209563666],
      [0, 0.20309330334, 0.053778110375, 0.020652524798, 0.31008214491, 0.41239391657]
    ],
    [
      [1.1693875216e-33, 0.0013650418265, 0.77781738542, 0.010094296419, 0.095796430015, 0.11492684632],
      [1.2757821226e-33, 9.3588416105e-08, 5.410120062e-06, 0.81482712323, 0.023241964772, 0.16192540829],
      [5.0235244857e-34, 0.057981599203, 0.0010751879694, 0, 0.85056581037, 0.090377402455],
      [0, 0.024116390101, 0.012921387011, 0, 0.051127231707, 0.91183499118],
      [3.2444406332e-34, 0.22507153483, 0.05960010582, 0, 0.32091317485, 0.3944151845]
    ],
    [
      [0, 0.0009697335833, 0.76941851939, 0.023467471452, 0.098456147442, 0.10768812813],
      [0, 4.8877495153e-08, 3.8625161446e-06, 0.86513439837, 0.017567069656, 0.11729462058],
      [0, 0.041034849065, 0.0010412843644, 0.0022234137929, 0.8683620633, 0.087338389475],
      [0, 0.017234524008, 0.015385784983, 0.0092780931976, 0.059354660492, 0.89874693732],
      [0, 0.16159868129, 0.061492566023, 0.015491820477, 0.34940369876, 0.41201323345]
    ],
    [
      [1.2490009027e-16, 0.00070886519817, 0.78422917196, 0.020396326996, 0.094137814201, 0.10052782164],
      [5.4571466834e-19, 3.9018180938e-08, 4.009128865e-06, 0.86207949004, 0.018339487133, 0.11957697468],
      [3.5207397957e-20, 0.031707934245, 0.0010458357004, 0.0020392608585, 0.87905913665, 0.086147832548],
      [6.7058360979e-21, 0.012776826499, 0.01893441527, 0.012413197925, 0.058965938704, 0.8969096216],
      [0, 0.13009327859, 0.064634323731, 0.014797837926, 0.3675559822, 0.42291857755]
    ],
    [
      [0.0060777516199, 0.0007556013477, 0.78110183888, 0.027778883311, 0.08832824225, 0.095957682587],
      [7.1828797113e-18, 3.3684133347e-08, 3.6636974373e-06, 0.89361792677, 0.013940000404, 0.092438375447],
      [2.2532947823e-17, 0.035808157067, 0.0012522177477, 0.002952488145, 0.8727123358, 0.087274801238],
      [0.00017865042639, 0.014788222007, 0.025164152075, 0.026739228082, 0.046849154021, 0.88628059339],
      [0.023364271068, 0.13754143822, 0.072062759954, 0.02013730007, 0.34406266033, 0.40283157035]
    ],
    [
      [3.2676955712e-32, 0.00068812209363, 0.79403869163, 0.014233269327, 0.08514832077, 0.10589159618],
      [8.2229585142e-18, 5.2843970634e-08, 6.3662198476e-06, 0.80112159216, 0.023146212062, 0.17572577671],
      [1.4494229262e-32, 0.033486732341, 0.0012965555946, 0.0015521729279, 0.86480628445, 0.098858254689],
      [0, 0.010929542319, 0.02134555161, 0.0012362662225, 0.018271679797, 0.94821696005],
      [5.8093871213e-33, 0.12737001708, 0.073851370824, 0.010474066065, 0.33690022735, 0.45140431868]
    ],
    [
      [0, 0.0011326000539, 0.78260923636, 0.021999195136, 0.082658276952, 0.1116006915],
      [0, 5.7512077626e-08, 3.9027014704e-06, 0.86267663289, 0.014852623535, 0.12246678336],
      [0, 0.054926140357, 0.0011951740418, 0.0023819897769, 0.8273404407, 0.11415625513],
      [0, 0.018113409433, 0.015438074833, 0.009936680482, 0, 0.95651183525],
      [0, 0.19223586415, 0.062544739069, 0.014703890492, 0.29755314999, 0.4329623563]
    ],
    [
      [0.010434275599, 0.00051262221097, 0.70961455302, 0.036770925499, 0.11831567025, 0.12435195342],
      [9.7904558669e-18, 1.5528020517e-08, 2.1087879438e-06, 0.90591297704, 0.012683630896, 0.081401267743],
      [0, 0.018495156947, 0.00080605009688, 0.0029605370039, 0.89180178028, 0.085936475675],
      [0, 0.0072128819551, 0.010049763549, 0.025892552225, 0.057484810656, 0.89935999161],
      [0.031942096587, 0.077921396135, 0.050895813583, 0.022068020082, 0.38422918209, 0.43294349152]
    ],
    [
      [0.010156749245, 0.0012643013054, 0.75527592242, 0.017474614692, 0.10298215402, 0.11284625832],
      [2.1364582009e-17, 7.9780481922e-08, 4.3841697635e-06, 0.74781567316, 0.0982950619, 0.15388480099],
      [3.1622979477e-17, 0.050609418211, 0.00089244847663, 0, 0.86198990431, 0.086508229002],
      [8.4402276225e-05, 0.022222011429, 0.015574648767, 0, 0.061392638975, 0.90072629855],
      [0.033815289746, 0.19891865809, 0.05042309253, 0, 0.32861444114, 0.38822851849]
    ],
    [
      [0, 0.00029588395233, 0.82142739344, 0.022105637271, 0.076136193927, 0.080034891408],
      [3.7811364268e-33, 1.6222255913e-08, 4.4298080193e-06, 0.89039821008, 0.014769970598, 0.094827373289],
      [4.9098407137e-32, 0.016588839056, 0.0014530794428, 0.0027716998902, 0.89327498613, 0.085911395482],
      [0, 0.0059135037255, 0.030619816259, 0.024553097859, 0.049753697502, 0.88915988465],
      [2.2812945793e-34, 0.070128797995, 0.091931140417, 0.020669396647, 0.38334816885, 0.43392249609]
    ],
    [
      [0, 0.00067198371068, 0.6814051512, 0.072835940819, 0.12863268666, 0.11645423761],
      [0, 2.5511786141e-08, 0, 0.88986214087, 0.014595257837, 0.095542575784],
      [0, 0.026171916415, 0, 0.0039423973595, 0.88300726356, 0.086878422663],
      [2.1919782287e-18, 0.0093990719819, 0, 0.062896321592, 0.037289093087, 0.89041551334],
      [0, 0.10912836506, 0.060823451172, 0.021796233764, 0.37502871928, 0.43322323072]
    ],
    [
      [0, 0.00095180867837, 0.77897729015, 0.028585074937, 0.085572121073, 0.10591370516],
      [0, 4.2541125303e-08, 3.663212764e-06, 0.88416122165, 0.013537996972, 0.10229707563],
      [0, 0.045484157132, 0.0012577667792, 0.0030636264234, 0.85317230381, 0.097022145859],
      [0, 0.015140534215, 0.016411623015, 0.037512270313, 0.0096343491576, 0.9213012233],
      [0, 0.1665597731, 0.068772301472, 0.019837535228, 0.31917784601, 0.42565254419]
    ],
    [
      [0.0070366055839, 0.00081237947812, 0.73837997966, 0.033019557563, 0.10658529817, 0.11416617955],
      [0, 3.1168927498e-08, 2.9302111977e-06, 0.89086692727, 0.01447181306, 0.094658298286],
      [0, 0.032009839518, 0.00096582792592, 0.0029149559998, 0.87792905997, 0.086180316583],
      [0, 0.012925196311, 0.0033255061103, 0.037379328, 0.052598958375, 0.8937710112],
      [0.022982660513, 0.12854399239, 0.057683541682, 0.020592175468, 0.35760220899, 0.41259542096]
    ],
    [
      [3.5999431804e-34, 0.00058749772687, 0.73855351022, 0.033528682374, 0.099946166815, 0.12738414287],
      [1.2919209763e-32, 2.2162982315e-08, 0, 0.8828053287, 0.013343904095, 0.10385074504],
      [0, 0.024477787799, 0, 0.0031298450165, 0.8696998388, 0.10269252838],
      [2.1349750325e-18, 0.0068603590608, 0, 0.032606681104, 0.0030386917437, 0.95749426809],
      [7.6236842989e-34, 0.095796331334, 0.027206280437, 0.054740361838, 0.34649961481, 0.47575741158]
    ],
    [
      [2.1075824152e-34, 0.00095473511051, 0.80815320586, 0, 0.083057977498, 0.10783408153],
      [2.2480879096e-34, 1.0141295728e-07, 8.8547991847e-06, 0.5, 0.080325828063, 0.41966521572],
      [4.8389096446e-19, 0.047224367279, 0.0013237858789, 0, 0.85839060608, 0.093061240765],
      [0, 0.018211936014, 0.027470539647, 0, 0.037546971389, 0.91677055295],
      [2.2297761623e-35, 0.18340340766, 0.073872335464, 0, 0.32665465323, 0.41606960365]
    ],
    [
      [1.0111694631e-32, 0.00050402493676, 0.75389667292, 0.031109018998, 0.096965314347, 0.1175249688],
      [5.9068766491e-33, 2.0623370892e-08, 3.2663436455e-06, 0.88203462412, 0.014046200931, 0.10391588798],
      [3.386298605e-18, 0.021855950196, 0.0011124348635, 0.0030275207018, 0.8762409741, 0.097763120134],
      [0, 0.0065779487435, 0.0030416677787, 0.035546595767, 0.014541226589, 0.94029256112],
      [0, 0.08707342841, 0.066277123562, 0.021373307692, 0.35784369917, 0.46743244117]
    ],
    [
      [0, 0.00068690439249, 0.71591256778, 0.03378491218, 0.11595434632, 0.13366126933],
      [0, 2.5645243418e-08, 0, 0.87683723885, 0.015322687263, 0.10784004825],
      [2.9302464381e-18, 0.024929073652, 0, 0.0027493292491, 0.87846920976, 0.093852387342],
      [0, 0.0088641980662, 0, 0.021311166361, 0.035062276586, 0.93476235899],
      [0, 0.10221369818, 0.01675901675, 0.01992979175, 0.38584848849, 0.47524900484]
    ],
    [
      [0.0090368755174, 0.00045025204006, 0.72608853408, 0.035649027637, 0.10119204483, 0.1275832659],
      [0, 1.6170715236e-08, 0, 0.88811491311, 0.012864458252, 0.09902061247],
      [0, 0.018667815387, 0, 0.0033165405351, 0.87259070079, 0.10542494329],
      [0, 0.0048073441631, 0, 0.049971545805, 0, 0.94522111003],
      [0.02793881428, 0.072053807386, 0.025935889116, 0.058284918409, 0.34588613418, 0.46990043662]
    ],
    [
      [0, 0.00074841392437, 0.83139769984, 0.022521647892, 0.066499453793, 0.078832784555],
      [0, 4.2597641274e-08, 4.8629849182e-06, 0.89836909451, 0.0046614099689, 0.096964589943],
      [0, 0.046081963038, 0.0016880132703, 0.0031072296898, 0.85615929351, 0.092963500492],
      [9.4159364458e-18, 0.013974532523, 0.064683339048, 0.041393460942, 0, 0.87994866749],
      [0, 0.16750550852, 0.09157955613, 0.019923288262, 0.3164978464, 0.4044938007]
    ],
    [
      [0.0054848393233, 0.00054093310758, 0.79405999971, 0.02971287816, 0.076966238536, 0.093235111166],
      [0, 2.353952192e-08, 3.5970898987e-06, 0.90046616504, 0.011851615422, 0.08767859891],
      [0, 0.029203965321, 0.0014320636999, 0.019074107729, 0.85387256514, 0.096417298114],
      [0, 0.0070365435484, 0.028795373908, 0.080520464315, 0, 0.88364761823],
      [0.022406376809, 0.10941235052, 0.081039134617, 0.023763576497, 0.33123697132, 0.43214159024]
    ],
    [
      [2.6340833384e-17, 0.00023288511482, 0.81979208009, 0.02261886466, 0.076368755105, 0.08098741503],
      [0, 1.3068353638e-08, 4.8102924257e-06, 0.88661879885, 0.015167338983, 0.098209038811],
      [0, 0.013074190201, 0.0015451358206, 0.0028466040545, 0.89539734743, 0.087136722493],
      [0, 0.0035096613461, 0.061036722539, 0.028055421767, 0.035871176055, 0.87152701829],
      [0, 0.055183597024, 0.097374672681, 0.021236588614, 0.38555666622, 0.44064847546]
    ],
    [
      [3.9211625762e-33, 0.00039158648982, 0.86048371613, 0.0179068871, 0.055501596795, 0.065716213486],
      [3.8778662557e-19, 2.7699330709e-08, 6.2695860077e-06, 0.88564827571, 0.013890721304, 0.1004547057],
      [8.9343483163e-18, 0.029337616891, 0.0021317967259, 0.0030069774595, 0.87117821889, 0.094345390033],
      [4.1399545691e-18, 0.0080738212514, 0.083658315299, 0.021773763637, 0.0071276635947, 0.87936643622],
      [4.4475660881e-33, 0.10940745477, 0.11880970668, 0.019813022407, 0.33057038156, 0.42139943458]
    ],
    [
      [1.9836792618e-32, 0.0009042128916, 0.75545565581, 0.036188469874, 0.091180053969, 0.11627160746],
      [1.1949048831e-17, 3.2233272589e-08, 2.7325559219e-06, 0.89892525534, 0.011500269531, 0.089571710342],
      [2.2940847948e-18, 0.040490970854, 0.0011012566676, 0.037717114569, 0.82098616008, 0.099704497831],
      [0, 0.0086369037299, 0.0025911237779, 0.085100484031, 0, 0.90367148846],
      [2.5135797646e-33, 0.15029642801, 0.061048951451, 0.023759391653, 0.32226393481, 0.44263129408]
    ],
    [
      [0.010727337486, 0.00066549190607, 0.77179932917, 0.025235506676, 0.088281641896, 0.10329069286],
      [1.6468192832e-17, 3.3031142318e-08, 3.9818820569e-06, 0.87370247482, 0.015502805123, 0.11079070515],
      [3.9381957834e-17, 0.031356188523, 0.0012129020777, 0.0023639736454, 0.87155239048, 0.09351454527],
      [0.00033397394467, 0.01264209347, 0.020207252265, 0, 0.035744449071, 0.93107223125],
      [0.040246539089, 0.11838665915, 0.068288733667, 0.017745721112, 0.3342323629, 0.42109998408]
    ],
    [
      [0.0072118433911, 0.00047353364457, 0.71875, 0.035914169448, 0.10410976537, 0.13354068815],
      [0, 1.6933092609e-08, 0, 0.88741114185, 0.0060687798395, 0.10652006138],
      [0, 0.019108892508, 0, 0.0032488372237, 0.8771996273, 0.10044264297],
      [0, 0.0046948141906, 0, 0.070974150964, 0, 0.92433103485],
      [0.021367250319, 0.075204186189, 0, 0.083139581492, 0.35184299477, 0.46844598723]
    ],
    [
      [1.5294680588e-18, 0.0013974166662, 0.74424043047, 0.032757558909, 0.10493558784, 0.11666900612],
      [0, 5.4727214509e-08, 0, 0.8867143021, 0.022343886098, 0.090941757071],
      [0, 0.054437569437, 0, 0.0028610780502, 0.85561178411, 0.087089568403],
      [0, 0.021141931892, 0, 0.03896682475, 0.038650163777, 0.90124107958],
      [6.2702665328e-34, 0.21381327106, 0.029659345495, 0.035309984116, 0.32811234628, 0.39310505305]
    ],
    [
      [5.5334820813e-19, 0.0013897881384, 0.78039556397, 0.029391893025, 0.088578434426, 0.10024432044],
      [1.5238623551e-18, 6.0959624118e-08, 3.5763980187e-06, 0.89122783022, 0.013749716063, 0.095018816355],
      [6.0051127838e-33, 0.063407497151, 0.0011941785137, 0.0030064645104, 0.84475439595, 0.087637463874],
      [0, 0.027219932856, 0.014425887958, 0.052963166067, 0.032736600447, 0.87265441267],
      [3.5193725652e-33, 0.22845907803, 0.064214374051, 0.019132851522, 0.31013136568, 0.37806233072]
    ],
    [
      [0, 0.00020348109406, 0.80106271672, 0.023857875209, 0.080414163842, 0.094461763132],
      [1.0844563083e-33, 1.0492754966e-08, 4.2983456815e-06, 0.880054337, 0.014677705551, 0.10526364861],
      [0, 0.010785148328, 0.0014182310422, 0.0028322757881, 0.88902986596, 0.095934478882],
      [1.9285172954e-18, 0.0027959688166, 0.036034231, 0.020798101479, 0.013021551527, 0.92735014718],
      [2.8492412201e-33, 0.04446807598, 0.087290298654, 0.020636725966, 0.37397892878, 0.47362597062]
    ],
    [
      [0, 0.00081066328163, 0.80343089563, 0.027668882631, 0.073239739688, 0.09484981877],
      [0, 3.7634531264e-08, 3.9062058894e-06, 0.90483904115, 0, 0.095157015006],
      [9.5066258524e-20, 0.044932012363, 0.0014967825541, 0.015356026706, 0.83749866315, 0.10071651523],
      [6.8708315758e-18, 0.011568501064, 0.033830889052, 0.051004468788, 0, 0.9035961411],
      [1.1102671825e-33, 0.16031124894, 0.07963717835, 0.0216492154, 0.30836024842, 0.43004210888]
    ],
    [
      [8.9708602583e-33, 0.00057095778174, 0.78141299827, 0.028568762798, 0.084944526586, 0.10450275456],
      [0, 2.548270601e-08, 3.6442554897e-06, 0.88578681379, 0.013416842873, 0.10079267359],
      [0, 0.027968819762, 0.0012835728545, 0.0031361637219, 0.86955119443, 0.098060249229],
      [1.1922817676e-17, 0.0073118349062, 0.017646012435, 0.050002993839, 0.00043953001133, 0.92459962881],
      [2.8827969209e-33, 0.10820182288, 0.074039726748, 0.021411571842, 0.34243928436, 0.45390759416]
    ],
    [
      [0.0053816072012, 0.0010232991881, 0.77724690164, 0.023819262313, 0.088530057374, 0.10399887228],
      [8.7040595652e-18, 5.2977560226e-08, 4.2013911046e-06, 0.86742009598, 0.016225918899, 0.11634973075],
      [1.9516748904e-17, 0.047495035561, 0.0012101699976, 0.0024794774224, 0.85624282073, 0.092572496289],
      [0.00023578629142, 0.01987576201, 0.019434858645, 0.0027912676783, 0.036116772608, 0.92154555277],
      [0.01931446445, 0.17331229161, 0.066071111382, 0.016025263785, 0.31999730027, 0.4052795685]
    ],
    [
      [1.2120065302e-18, 0.00059585842616, 0.78735629289, 0.027402771462, 0.08604196676, 0.098603110464],
      [0, 2.7590312771e-08, 3.8323178983e-06, 0.88723042, 0.014104301006, 0.098661419091],
      [0, 0.029049703974, 0.0012969416261, 0.0029979844524, 0.8744243243, 0.092231045647],
      [1.924915e-19, 0.0094190181818, 0.025248358862, 0.032696805181, 0.026180145715, 0.90645567206],
      [6.2160851586e-33, 0.11427260041, 0.07637723796, 0.020910421448, 0.35271640898, 0.4357233312]
    ],
    [
      [0.0060851226563, 0.00036739715249, 0.80285527593, 0.030223288772, 0.075322283672, 0.085146631816],
      [1.5007399294e-16, 1.5541055986e-08, 3.499756639e-06, 0.91088566999, 0.011276011024, 0.077834803684],
      [0, 0.020610767758, 0.0014892667606, 0.0037962914437, 0.88261917081, 0.091484503233],
      [0, 0.005643439692, 0.038990724325, 0.073684306436, 0.005834788512, 0.87584674103],
      [0.027168270147, 0.080504193706, 0.087872947669, 0.02616832778, 0.35083855286, 0.42744770784]
    ],
    [
      [6.3847367302e-34, 0.0013765795164, 0.75527623344, 0, 0.094983380597, 0.14836380645],
      [0, 7.0007778484e-08, 3.987025057e-06, 0.80952380952, 0.017092452359, 0.17337968108],
      [3.1195226228e-34, 0.058055194247, 0, 0, 0.83776679826, 0.10417800749],
      [0, 0.019763666379, 0, 0, 0.019085715056, 0.96115061857],
      [0, 0.21869543183, 0.051253301364, 0, 0.30007887558, 0.42997239123]
    ],
    [
      [0, 0.00070941181954, 0.8731972977, 0.013236974523, 0.051185568735, 0.06167074722],
      [3.9511455059e-32, 6.3765816118e-08, 7.8882577736e-06, 0.8639181652, 0.01628225204, 0.11979163073],
      [2.3128769492e-20, 0.056096801481, 0.0022276600678, 0.000844942445, 0.84589567152, 0.094934924482],
      [5.3970695534e-18, 0.023009010375, 0.074406902873, 0, 0.010589338594, 0.89199474816],
      [0, 0.19232627236, 0.11434258132, 0.01420041912, 0.29546284655, 0.38366788066]
    ],
    [
      [1.2330725351e-18, 0.0015695039273, 0.77632782045, 0.022265356516, 0.094478886317, 0.10535843279],
      [4.8930906051e-18, 8.3252375499e-08, 4.0078190047e-06, 0.86148594184, 0.017736582904, 0.12077338419],
      [2.1172261935e-20, 0.067134619083, 0.0010364132844, 0.0021296955215, 0.84344142956, 0.086257842548],
      [0, 0.031576419383, 0.015461019891, 0.00059258901963, 0.058992427859, 0.89337754385],
      [0, 0.24406224944, 0.056387515619, 0.01364388236, 0.31149988419, 0.37440646839]
    ],
    [
      [0.0051409327721, 0.00068121786195, 0.77974483788, 0.027631276628, 0.078344992465, 0.10845674239],
      [7.6145607728e-17, 3.092617478e-08, 3.7251777019e-06, 0.88100613381, 0.012588248645, 0.10640186144],
      [0, 0.035457247634, 0.0013714522437, 0.0032239889765, 0.82328574209, 0.13666156906],
      [0, 0.009477491664, 0.019683221011, 0.026658817184, 0, 0.94418047014],
      [0.019525413166, 0.12492534081, 0.07213264999, 0.020486141165, 0.30626726145, 0.45666319341]
    ],
    [
      [0.0060883997056, 0.00080863163799, 0.79664289863, 0.023406168774, 0.083404737099, 0.089649164149],
      [1.0250494615e-17, 4.3200485393e-08, 4.4375093059e-06, 0.88072401396, 0.015770789769, 0.10350071556],
      [2.3672188908e-17, 0.04040392146, 0.0013319326405, 0.0026199603486, 0.86983440237, 0.085809783178],
      [0.00031981241529, 0.017546564296, 0.037188717214, 0.010708185548, 0.054382843934, 0.87985387659],
      [0.024527652046, 0.15382504658, 0.075634613256, 0.017610388165, 0.33744278771, 0.39095951224]
    ],
    [
      [0, 0.0011903189863, 0.79069447345, 0.021999040665, 0.085750090389, 0.10036607651],
      [1.8702661091e-18, 6.3232004031e-08, 4.3688401925e-06, 0.86865487021, 0.016123271554, 0.11521742616],
      [0, 0.056461754195, 0.0011964829915, 0, 0.84873044392, 0.09361131889],
      [4.8243218599e-33, 0.024905208118, 0.02175269379, 0.010046629096, 0.034759710163, 0.90853575883],
      [0, 0.20520310637, 0.067945778873, 0.015006844229, 0.31464643638, 0.39719783414]
    ],
    [
      [0, 0.0010350617337, 0.83173107197, 0.01909210891, 0.06447718003, 0.083664577352],
      [0, 6.4478136114e-08, 5.3820500212e-06, 0.87315400698, 0.014214829864, 0.11262571663],
      [1.7351018535e-34, 0.06393610289, 0.001714397401, 0.0026414447731, 0.83001267742, 0.10169537752],
      [0, 0.02407811402, 0.052878874872, 0.012584413458, 0, 0.91045859765],
      [0, 0.21441063642, 0.086018139843, 0.01569452744, 0.28518113613, 0.39869556017]
    ],
    [
      [0.0043147751291, 0.00070413964537, 0.79176683281, 0.025888154119, 0.084001661702, 0.093324436595],
      [6.5906243962e-18, 3.4587037094e-08, 4.0929647668e-06, 0.88633097184, 0.014604482299, 0.099060418305],
      [1.6741014181e-17, 0.035006393382, 0.0013305700892, 0.0028864543713, 0.87182208556, 0.088954496601],
      [7.9873267035e-05, 0.013212132068, 0.033104820706, 0.02816165842, 0.03651059586, 0.88893091968],
      [0.017410914753, 0.13451108445, 0.07637807739, 0.019624720393, 0.34231783756, 0.40975736545]
    ],
    [
      [0, 0.00040951252113, 0.80884652697, 0.023404924862, 0.076900146929, 0.090438888717],
      [0, 2.2115067647e-08, 4.5767988295e-06, 0.87975299555, 0.014701264683, 0.10554114086],
      [4.2930066514e-18, 0.022426998781, 0.0014915091689, 0.0028761482579, 0.87819906028, 0.095006283514],
      [0, 0.0064053576664, 0.041170962434, 0.021239499358, 0.014737454349, 0.91644672619],
      [6.2494425353e-34, 0.088347028664, 0.087931256949, 0.020075033504, 0.35439150368, 0.4492551772]
    ],
    [
      [6.3328106434e-33, 0.00095452493035, 0.79077197594, 0.025093441444, 0.091019627827, 0.092160429854],
      [2.9101411179e-17, 4.5948007232e-08, 3.8524297251e-06, 0.88861791554, 0.015509613851, 0.095868572228],
      [0, 0.043820022063, 0.0011799495797, 0.0025793356661, 0.87131702719, 0.081103665497],
      [2.533114428e-18, 0.020500394385, 0.021779026851, 0.019953557166, 0.080474996562, 0.85729202504],
      [0, 0.17365363393, 0.070060975408, 0.018096118237, 0.35291520396, 0.38527406847]
    ],
    [
      [5.6137646338e-32, 0.00034206025699, 0.8220164026, 0.01900918957, 0.070124605972, 0.088507741603],
      [0, 2.1686630718e-08, 5.4280259341e-06, 0.86299810917, 0.015737469451, 0.12125897166],
      [5.1218510561e-19, 0.020424816585, 0.0016432856778, 0.0025456108847, 0.86830514067, 0.10708114618],
      [0, 0.0046365068678, 0.045648676988, 0.0081005866199, 0, 0.94161422952],
      [0, 0.078267298314, 0.094363235412, 0.017306649362, 0.3431911183, 0.46687169861]
    ],
    [
      [0, 0.0010496808078, 0.79702438222, 0.019952770485, 0.086933332453, 0.09503983403],
      [2.2530358572e-17, 6.2387436895e-08, 4.9409017142e-06, 0.85963810931, 0.018292202124, 0.12206468528],
      [0, 0.049843527164, 0.0012686831574, 0.0021238061972, 0.86018762201, 0.086576361475],
      [0, 0.022714536906, 0.026169945023, 0.005981357045, 0.058521902311, 0.88661225871],
      [0, 0.18824964463, 0.071762115882, 0.014227901007, 0.33309989644, 0.39266044204]
    ],
    [
      [3.717341047e-35, 0.0013918259837, 0.7935568389, 0.0048406517821, 0.087488342269, 0.11272234106],
      [0, 9.6220164649e-08, 5.6538697967e-06, 0.82768590625, 0.021409448463, 0.15089889519],
      [0, 0.064304793859, 0.0012137864701, 0, 0.84337795342, 0.091103466252],
      [0, 0.027119695917, 0.021355592547, 0, 0.046420959313, 0.90510375222],
      [7.1179153028e-35, 0.24132546681, 0.065118388263, 0, 0.30904865274, 0.38450749219]
    ],
    [
      [0.0065091442648, 0.00067235902485, 0.80850612202, 0.019231810606, 0.07133617564, 0.093744388447],
      [1.152560135e-17, 4.1738529058e-08, 5.1802392732e-06, 0.85855989998, 0.015674186762, 0.12576069128],
      [2.9085339219e-17, 0.038351470135, 0.0055035869593, 0, 0.81190120308, 0.14424373982],
      [6.5210786051e-05, 0.01282445654, 0.041920842678, 0, 0.030513201594, 0.9146762884],
      [0.029041327255, 0.1358355635, 0.093570133963, 0.0013025766271, 0.3061399683, 0.43411043035]
    ],
    [
      [0, 0.00094732478382, 0.813841257, 0.032568863858, 0.078936597511, 0.073705956851],
      [8.3266726847e-17, 3.2782477483e-08, 2.8202639861e-06, 0.93520904556, 0.0096690495481, 0.055119051848],
      [0, 0.053124236565, 0.00746813922, 0.0078663773321, 0.91235446582, 0.019186781062],
      [0, 0.021903848345, 0.028294346695, 0.037037460571, 0.040943164961, 0.87182117943],
      [1.6653345369e-16, 0.19555894779, 0.080968282665, 0.026604154656, 0.34709766774, 0.34977094715]
    ],
    [
      [0.0091812860669, 0.00083355244614, 0.78278968868, 0.02367926713, 0.076948726609, 0.10656747907],
      [1.4731447013e-17, 4.1365526763e-08, 3.8681714236e-06, 0.87219661833, 0.013511056281, 0.11428841585],
      [3.7297624743e-17, 0.043752917349, 0.0013115181752, 0.002777070631, 0.81959710386, 0.13256138999],
      [0.0001428007329, 0.01337696771, 0.019110115561, 0.013500321528, 0, 0.95386979447],
      [0.035087293776, 0.14996925555, 0.067077325995, 0.016761872902, 0.29339204375, 0.43771220803]
    ],
    [
      [8.0675479734e-32, 0.0016884411528, 0.74557347269, 0.033598010523, 0.11429380577, 0.10484626986],
      [4.3252757767e-33, 6.3870453593e-08, 2.9575104132e-06, 0.89898520489, 0.015306136542, 0.085705637185],
      [1.9474190851e-19, 0.061114566247, 0.00058421008879, 0.0027284726175, 0.86275311675, 0.072819634299],
      [0, 0.038489683164, 0, 0.029519524672, 0.12094669698, 0.81104409519],
      [0, 0.23915068887, 0.053322580483, 0.018941890386, 0.34619238538, 0.34239245488]
    ],
    [
      [2.0524379418e-48, 0.0014170593748, 0.77985751018, 0.028471361933, 0.09531671513, 0.09493735338],
      [3.9579205987e-32, 6.2509156125e-08, 3.6174132235e-06, 0.89461466281, 0.014884162155, 0.090497495108],
      [0, 0.061050316152, 0.0011355798907, 0.0027511940812, 0.85658988241, 0.078473027462],
      [4.3450796699e-32, 0.035380186556, 0.016362994104, 0.025124106127, 0.085966133897, 0.83716657932],
      [0, 0.23036862469, 0.0641486871, 0.018413919201, 0.33129980733, 0.35576896168]
    ],
    [
      [2.5335455174e-18, 0.0010293344658, 0.77686031812, 0.031866434635, 0.08324166547, 0.10700224731],
      [0, 4.1388836503e-08, 3.2113063625e-06, 0.89517219216, 0.011845181039, 0.092979374105],
      [2.3667151199e-18, 0.050068756804, 0.0012456653167, 0.0034702561645, 0.83545185704, 0.10976346467],
      [0, 0.015040954505, 0.014409452207, 0.059527809301, 0, 0.91102178399],
      [0, 0.17914580928, 0.066391770549, 0.021862900845, 0.30722164783, 0.4253778715]
    ],
    [
      [0.014414725767, 0.0013998059589, 0.74794637334, 0.007819568009, 0.11352566847, 0.11489385846],
      [3.5504998906e-17, 1.0540692291e-07, 5.7253632159e-06, 0.78436086398, 0.028673101724, 0.18696020352],
      [4.3119513199e-17, 0.05366793923, 0.00093631783613, 0, 0.86094391609, 0.084451826847],
      [0.00011806349446, 0.02673021838, 0.0092653803892, 0, 0.076542219704, 0.88734411803],
      [0.045974241566, 0.20332700365, 0.05182251519, 0, 0.32480468454, 0.37407155506]
    ],
    [
      [1.9039646262e-31, 0.0009611516982, 0.77100149502, 0.024290763827, 0.097301846745, 0.10644474271],
      [2.3861057797e-18, 4.5876932786e-08, 3.689863307e-06, 0.87376188429, 0.016439311478, 0.1097950685],
      [1.0016405328e-32, 0.041118016363, 0.0010616417493, 0.0023241926007, 0.86824225261, 0.087253896675],
      [4.2969580298e-19, 0.016952468992, 0.015985210119, 0.016083160275, 0.053229066814, 0.8977500938],
      [0, 0.16179641767, 0.062559211463, 0.01617676593, 0.34855821608, 0.41090938886]
    ],
    [
      [0.011370934519, 0.00098088641343, 0.69232530243, 0.021686320814, 0.12214197274, 0.15149458309],
      [0, 4.9821527326e-08, 3.4935903712e-06, 0.81175248257, 0.021960496773, 0.16628347724],
      [0, 0.033334774745, 0.00075058438145, 0.00043820677833, 0.86559012929, 0.099886304801],
      [0, 0.011746292603, 0.0063883280767, 0, 0.022260334909, 0.95960504441],
      [0.03042404282, 0.12707487079, 0.04291348387, 0.011127861998, 0.33700748509, 0.45145225544]
    ],
    [
      [0, 0.00055001572533, 0.7905714004, 0.020923036214, 0.094778576978, 0.093176970683],
      [1.1184317284e-17, 3.2259933362e-08, 4.8929833521e-06, 0.86221685396, 0.01968239078, 0.11809583002],
      [0, 0.024827527805, 0.001211020984, 0.00034540627835, 0.89287569946, 0.080740345476],
      [1.2817012543e-18, 0.01082533229, 0.027041701245, 0, 0.096885554747, 0.86524741172],
      [1.8616239937e-33, 0.10545270728, 0.077098459086, 0.01599425888, 0.38906741115, 0.4123871636]
    ],
    [
      [0, 0.0011717870022, 0.77277791599, 0.033125521777, 0.087510546973, 0.10541422825],
      [0, 4.5526027146e-08, 3.1117086277e-06, 0.8994585868, 0.012031653833, 0.08850660213],
      [3.8187366908e-19, 0.054302501712, 0.0011905027629, 0.0046925076794, 0.84628595302, 0.09352853483],
      [0, 0.017867897327, 0.0067426824763, 0.084726943381, 0, 0.89066247682],
      [0, 0.19672783752, 0.064261060962, 0.021950554594, 0.31198943482, 0.40507111211]
    ],
    [
      [1.320505753e-17, 0.00059758527016, 0.77819889957, 0.02975171081, 0.085934797626, 0.10551700673],
      [1.2104446551e-18, 2.5613577122e-08, 3.5036027028e-06, 0.8892254835, 0.013035246122, 0.097735741157],
      [0, 0.028917692357, 0.0012692099441, 0.0032256211667, 0.86878937127, 0.097798105265],
      [0, 0.0079846769561, 0.015629239283, 0.051237992294, 0.0029061377961, 0.92224195367],
      [0, 0.11169978141, 0.073038159046, 0.021981961347, 0.34151668049, 0.45176341771]
    ],
    [
      [0.0045420117679, 0.0003897356622, 0.75323170657, 0.029599828393, 0.094168303328, 0.11806841427],
      [3.1702726942e-17, 1.6394827033e-08, 3.3381472684e-06, 0.87864572995, 0.014021259843, 0.10732965567],
      [0, 0.017394896221, 0.001137723649, 0.0029622084219, 0.87745950431, 0.1010456674],
      [0, 0.0046726606235, 0.0031772992395, 0.024516225687, 0.0073280702309, 0.96030574422],
      [0.015697086124, 0.06826692682, 0.066719362197, 0.021678854916, 0.35202549257, 0.47561227737]
    ],
    [
      [4.3389244986e-33, 0.00095612323123, 0.79662184409, 0.024760900502, 0.075331820692, 0.10232931149],
      [6.7516678773e-18, 4.7910782049e-08, 4.1845473433e-06, 0.87582766003, 0.01335997561, 0.1108081319],
      [0, 0.051026546252, 0.0014311997356, 0.0029620440205, 0.8253501497, 0.11923006029],
      [0, 0.015700013906, 0.027744514712, 0.016361934421, 0, 0.94019353696],
      [9.1894266108e-33, 0.17667160933, 0.074014131494, 0.018141225015, 0.29682117943, 0.43435185473]
    ],
    [
      [1.7067716823e-31, 0.00044223767086, 0.77719358855, 0.027902634301, 0.090159032075, 0.10430250741],
      [3.5681636984e-18, 2.0129162496e-08, 3.6934845316e-06, 0.88287816437, 0.014523048295, 0.10259507372],
      [0, 0.020701630951, 0.0012186264365, 0.002926156942, 0.8816519465, 0.09350163917],
      [0, 0.0065649658951, 0.017385006549, 0.032009224024, 0.02556100796, 0.91847979557],
      [3.8608658927e-33, 0.084348637754, 0.073975947534, 0.021023140239, 0.365382041, 0.45527023347]
    ],
    [
      [0.0022139706799, 0.00039931020595, 0.78584295742, 0.025737602105, 0.0893566839, 0.096449475692],
      [0, 1.9906259907e-08, 4.2082980851e-06, 0.88032287981, 0.015776370432, 0.10389652155],
      [0, 0.019090024958, 0.0012997366059, 0.0027681436851, 0.8881959789, 0.088646115847],
      [0, 0.0067425746876, 0.028777009053, 0.022044102618, 0.047795175955, 0.89464113769],
      [0.0088894927591, 0.078048614289, 0.080093235985, 0.020174594957, 0.37565514012, 0.43713892189]
    ]
  ],
  "expected_outcome": [
    [
      [1.7803612003e-18, 1.4775114701e-31, 0.11233707473, 0.049275309853, 0, 1.5883532406e-31, 4.6158608668e-32, 1.2863262738e-32, 0, 0, 0.1823325486, 6.8621606996e-31, 0, 0.041737102394, 0.010156749245, 0, 0, 0, 0.12665890051, 1.0799829541e-32, 3.3721318644e-33, 4.9547303692e-31, 0, 0.37954877173, 0, 0.12615130444, 7.1120250138e-16, 5.8817438644e-32, 2.1820471879e-31, 0.2360014247, 0.23077898851, 3.8236701469e-17, 1.4387053411e-17, 0, 0, 2.4221322697e-31, 0.12915857283, 3.7572202436e-17, 0.10344708516, 1.4046420806e-32, 0, 6.1653626755e-18, 0.17993264702, 0.15220999264, 0, 0, 0.15101712952, 0, 5.699529579e-32, 1.0666152804e-30, 0, 5.2042774658e-34, 0.12367374103, 0, 0.073450288535, 2.1782379528e-30, 6.5678014136e-47, 4.0536728279e-17, 0.14414725767, 1.3327752383e-30, 0.056854672593, 0, 0, 4.4897195601e-16, 0.16805443541, 1.2582881046e-31, 4.437606374e-30, 0.6929728228],
      [0.00062666114729, 0.0029272572832, 0.021701407979, 0.0053345393086, 0.00096037783805, 0.013779337891, 0.022186708363, 0.015015460091, 0.0058184014998, 0, 0.022668040431, 0.014450563966, 0.0067956003237, 0.0020504888439, 0.0012643013054, 0.0014794197617, 0.035615136666, 0.033313303743, 0.014622830606, 0.017624931806, 0.015275761768, 0.024697221901, 0.018546418597, 0.018910585683, 0.01197462279, 0.012441461474, 0.0062878981002, 0.0058737973474, 0.0099463418076, 0.014640821934, 0.015153076626, 0.034935416655, 0.036134491598, 0.0046800651633, 0.023509235167, 0.015415860107, 0.024559180515, 0.018471611211, 0.0062457515923, 0.030284749361, 0.0056752945563, 0.0078475196363, 0.023842625168, 0.02021579095, 0.027377336685, 0.01966617294, 0.024644887588, 0.011056838071, 0.0085907243732, 0.0064991448829, 0.023092977772, 0.019485563771, 0.012774821472, 0.0075785982705, 0.0066684195691, 0.045587911126, 0.045345899994, 0.016469351452, 0.013998059589, 0.0067280618874, 0.0049044320672, 0.019800566112, 0.024607527046, 0.020317899186, 0.014420219502, 0.027727573706, 0.011498179442, 0.12498409446],
