{
  "Z_true": {},
  "V_true": [
    [101, 256, 607, 639, 46],
    [112, 404, 4201, 1742, 169],
    [22, 65, 126, 4312, 166],
    [16, 1279, 402, 397, 54],
    [114, 720, 587, 206, 145],
    [47, 298, 806, 618, 148],
    [147, 92, 227, 207, 184]
  ],
  "p_true": [
    [0.0612, 0.1552, 0.3681, 0.3875, 0.0279],
    [0.0169, 0.061, 0.6338, 0.2628, 0.0255],
    [0.0047, 0.0139, 0.0269, 0.9192, 0.0354],
    [0.0074, 0.5954, 0.1872, 0.1848, 0.0251],
    [0.0643, 0.4063, 0.3313, 0.1163, 0.0818],
    [0.0245, 0.1555, 0.4204, 0.3224, 0.0772],
    [0.1715, 0.1074, 0.2649, 0.2415, 0.2147]
  ],
  "Z_est": {},
  "V_est": [
    [173.6947, 175.421, 468.4482, 820.6849, 10.7512],
    [0, 0, 4343.1486, 1910.2674, 374.584],
    [0, 0, 42.7974, 4648.2026, 0],
    [80.097, 1725.4943, 0, 342.4088, 0],
    [170.0472, 995.4647, 538.8923, 0, 67.5958],
    [0, 217.6201, 1386.8424, 134.9678, 177.5697],
    [135.1611, 0, 175.871, 264.4685, 281.4994]
  ],
  "p_est": [
    [0.1053, 0.1064, 0.2841, 0.4977, 0.0065],
    [0, 0, 0.6553, 0.2882, 0.0565],
    [0, 0, 0.0091, 0.9909, 0],
    [0.0373, 0.8033, 0, 0.1594, 0],
    [0.096, 0.5618, 0.3041, 0, 0.0381],
    [0, 0.1135, 0.7234, 0.0704, 0.0926],
    [0.1577, 0, 0.2052, 0.3086, 0.3285]
  ],
  "EI_Z": {},
  "EI_V": 13.8036,
  "MAE_Z": {},
  "MAE_V": 155.0894,
  "MAE_p": 0.0702,
  "runtime": 0.3818
}
