{
  "Z_true": {},
  "V_true": [
    [555, 43, 197, 403, 463, 36],
    [650, 209, 2447, 3923, 975, 135],
    [139, 773, 54, 1152, 17882, 222],
    [10, 56, 67, 3424, 197, 27],
    [107, 812, 91, 407, 1534, 294]
  ],
  "p_true": [
    [0.327, 0.0253, 0.1161, 0.2375, 0.2728, 0.0212],
    [0.0779, 0.0251, 0.2934, 0.4704, 0.1169, 0.0162],
    [0.0069, 0.0382, 0.0027, 0.057, 0.8843, 0.011],
    [0.0026, 0.0148, 0.0177, 0.9056, 0.0521, 0.0071],
    [0.033, 0.2502, 0.028, 0.1254, 0.4727, 0.0906]
  ],
  "Z_est": [
    [
      [15.3921, 22.9064, 0, 1.1706, 2.3884, 7.6087, 14.5377, 34.7868, 26.5928, 39.3887, 22.5902, 8.6045, 2.0721, 0, 0, 15.4864, 52.3121, 21.5751, 53.9544, 39.186, 9.2702, 19.22, 30.2129, 59.5906, 32.2238, 26.4181, 8.6758, 44.2317, 36.3819, 15.3117, 36.0046, 4.366, 1.1706, 0.7887, 0, 4.7323, 84.763, 11.8332, 93.9808, 16.643],
      [0.0257, 0.0399, 0, 0.0022, 0.0013, 0.0098, 0.0027, 0.0169, 0.0173, 0.0102, 0.0044, 0.0044, 0.0027, 0, 0, 0.024, 0.0581, 0.0351, 0.0666, 0.0368, 0.0129, 0.0217, 0.0275, 0.0581, 0.0231, 0.0315, 0.0133, 0.0377, 0.0364, 0.0151, 0.028, 0.0058, 0.004, 0.1815, 0, 0.0098, 0.0839, 0.0067, 0.0479, 0.0155],
      [0, 0, 0, 0, 0, 0, 0, 0, 0, 0, 0, 0, 0, 0, 0.0612, 0, 0, 0, 0, 0, 0, 0, 0, 0, 0, 0, 0, 0, 0, 0, 0, 0, 0, 0, 0, 0.1247, 0, 0, 0, 0],
      [6.5722, 7.6777, 0, 0.6209, 0.3008, 3.6388, 7.3495, 13.0042, 10.1559, 10.7026, 8.788, 2.1533, 0.4717, 0, 0.799, 6.6754, 19.8518, 7.0891, 20.4179, 17.2164, 3.8934, 10.2053, 10.3297, 22.2371, 13.1035, 13.4242, 5.0306, 18.2221, 13.4208, 5.8999, 15.3485, 1.4098, 0.6191, 0.4474, 0, 2.3151, 34.4211, 6.8189, 36.449, 4.996],
      [5.3549, 10.8647, 0, 0.0921, 0.1382, 1.0008, 4.5618, 15.3682, 13.209, 15.9033, 10.1061, 0.5529, 0.2823, 0, 0.0825, 3.2733, 13.5843, 1.4743, 3.8241, 19.9379, 3.7963, 3.5554, 6.5762, 22.779, 12.1682, 7.2725, 4.955, 20.4861, 6.7365, 1.4035, 12.738, 1.7619, 0.0921, 0.5824, 0, 3.1904, 44.8014, 3.9715, 32.6487, 12.2909],
      [1.6551, 2.5112, 0, 0.1141, 0.1712, 0.7419, 0.5483, 3.8239, 3.0249, 3.9951, 2.5112, 0.6849, 0.1712, 0, 0.0574, 1.541, 5.1936, 1.8263, 4.7371, 4.6229, 1.0273, 1.9975, 2.8536, 6.3351, 3.4814, 2.8536, 1.3253, 5.0224, 3.4244, 1.3697, 3.881, 0.4566, 0.1141, 0, 0, 0.6278, 9.9307, 1.3697, 9.8736, 2.0546]
    ],
    [
      [3.6159, 4.8136, 0, 0.4134, 2.8655, 2.6873, 2.2897, 7.1892, 4.2952, 5.3707, 3.6431, 1.9337, 1.058, 2.2674, 0, 5.1056, 15.1809, 10.8969, 19.8351, 4.374, 1.8178, 4.8944, 11.7631, 14.8574, 7.3762, 6.0539, 0.0362, 7.2483, 10.8605, 6.8643, 6.6681, 0.9759, 0.4134, 0.0033, 0, 0.0197, 10.277, 1.6308, 24.8192, 0.781],
      [23.2769, 36.714, 0, 2.3032, 0.6377, 8.7131, 1.2753, 10.5112, 8.2895, 4.8887, 2.1255, 2.1255, 1.6892, 0.81, 0, 18.1344, 53.4634, 35.7927, 55.8891, 29.9313, 10.7035, 21.2261, 22.6512, 48.6017, 17.2968, 25.6398, 13.0714, 31.3014, 30.5362, 12.0718, 21.2794, 5.5978, 2.7395, 1.6229, 0, 4.6761, 73.3745, 3.9179, 32.285, 12.6885],
      [46.8785, 58.5982, 0, 16.9817, 7.7503, 37.1122, 28.0581, 72.2711, 80.0842, 46.8785, 43.0761, 21.486, 4.9668, 1.9533, 0.7285, 57.6215, 181.9331, 140.6356, 249.4051, 118.173, 29.2991, 45.9019, 99.6169, 166.0281, 91.8038, 68.3645, 17.5795, 124.0328, 128.0396, 51.0333, 75.201, 11.5517, 4.8832, 4.6431, 0, 82.2785, 221.6964, 37.685, 222.8665, 35.1096],
      [89.3204, 66.1927, 0, 17.8092, 7.0925, 58.4708, 43.6534, 106.3936, 115.1711, 99.6205, 67.4587, 37.7008, 3.7995, 3.1509, 0.2555, 96.1058, 256.4053, 167.7146, 352.6415, 219.0232, 44.0038, 96.8385, 131.0098, 263.3408, 166.9583, 193.5149, 37.8814, 224.1139, 184.7157, 71.3619, 109.0206, 14.1626, 8.4927, 3.7307, 0.8618, 76.529, 398.6114, 42.5248, 243.4616, 33.1828],
      [14.2225, 23.665, 0, 2.9972, 0.6527, 17.6735, 3.7196, 29.9369, 26.7886, 22.2838, 5.4515, 3.2984, 0, 0.8185, 0, 5.2774, 12.6023, 24.8603, 7.9031, 45.7546, 10.2924, 2.1314, 26.5973, 60.0499, 13.2775, 0, 0, 19.3805, 20.208, 0, 0, 1.2905, 0, 0, 0.1382, 2.944, 27.4624, 0, 14.9864, 0],
      [3.6858, 0.0166, 0, 2.4952, 0.0013, 1.3431, 0.0038, 1.6981, 1.3715, 4.9578, 4.245, 0.4556, 0.4866, 0, 0.016, 2.7553, 3.415, 4.0999, 10.3261, 6.7439, 2.8833, 0.0077, 1.3616, 5.122, 5.2874, 4.4269, 1.4315, 4.9231, 5.6401, 1.6688, 1.831, 0.4215, 0.4712, 0, 0, 2.5526, 8.5783, 0.2415, 8.5813, 1.2382]
    ],
    [
      [0, 0, 0, 0, 0, 0, 0, 0, 0, 0, 0, 0, 0.0379, 0, 0, 0, 2.203, 0, 5.4105, 0, 0, 0, 0, 0, 0, 0, 0, 0, 3.4456, 0, 1.6794, 0.202, 0, 0, 0, 0, 0, 0, 0, 0],
      [0.0932, 0.1447, 0.0512, 0.008, 0.0048, 0.0354, 0.0096, 0.0611, 0.0627, 0.037, 0.0161, 0.0161, 0.9347, 0.0032, 0, 2.3021, 0.2106, 0.127, 7.4653, 0.1334, 0.0466, 0.0788, 0.0997, 0.2106, 0.0836, 2.5429, 0.0482, 0.1366, 4.0776, 0.0547, 0.1013, 0.5237, 1.5704, 0.2743, 0, 0.0354, 0.3038, 0.0241, 0.1736, 6.1883],
      [0.0515, 0.0644, 0, 0.0183, 0.0713, 0.0408, 0.0311, 0.0795, 0.088, 0.0515, 0.0483, 0.0236, 0.8995, 0.0021, 0.0011, 0.0633, 6.7649, 0.1546, 6.7549, 0.1299, 0.0322, 0.0505, 0.1095, 0.1825, 0.1009, 0.0752, 0.0193, 0.1364, 1.0181, 1.7631, 0.0827, 0.1808, 0.0054, 1.2334, 0, 1.8755, 0.2437, 0.4457, 27.4272, 7.8904],
      [9.2489, 7.1276, 0.5138, 1.4089, 0.8108, 5.0971, 3.771, 9.4897, 10.5671, 8.0393, 6.4646, 3.8124, 1.2554, 0.2505, 0.6526, 8.6609, 23.4134, 14.4624, 33.1103, 19.8496, 4.5584, 25.5657, 11.6031, 24.2422, 15.2498, 18.3578, 3.8539, 20.5126, 19.5024, 7.6249, 12.6142, 1.3261, 5.4637, 4.3645, 0.1382, 22.0526, 37.047, 9.6122, 40.1022, 14.6389],
      [793.0543, 892.0979, 1.618, 42.5781, 45.9157, 132.4454, 186.5962, 565.8178, 511.9275, 589.5442, 396.7217, 273.9638, 33.4778, 15.7441, 2.7845, 703.3999, 841.8961, 643.3093, 743.787, 1101.9803, 294.9948, 145.121, 428.833, 1279.274, 898.435, 727.5109, 226.9018, 929.8997, 399.4308, 320.3867, 745.3784, 138.1754, 29.5658, 15.1278, 2.8618, 204.0293, 2602.1706, 220.734, 1093.2462, 271.4244],
      [3.552, 2.5654, 1.817, 0.9867, 0.1973, 1.3813, 0.592, 3.552, 3.3547, 5.328, 3.7494, 1.184, 0.3947, 0, 0.5618, 6.5737, 6.512, 3.9467, 9.4721, 6.9067, 2.368, 1.184, 3.3547, 8.0907, 5.1307, 5.5133, 3.1767, 6.3147, 5.5254, 2.1707, 4.144, 0.592, 0.3947, 0, 0, 26.0072, 12.2348, 1.184, 11.0507, 2.858]
    ],
    [
      [0, 0, 0, 0, 0, 0, 0, 0, 0, 0, 0, 0, 0, 0, 0, 0, 0, 0, 0, 0, 0, 0, 0, 0, 0, 0, 0, 0, 0, 0, 0, 0, 0, 0, 0, 0, 0, 0, 0, 0],
      [0.0088, 0.0137, 0, 0.0008, 0.0005, 0.0033, 0.0009, 0.0058, 0.0059, 0.0035, 0.0015, 0.0015, 0.0009, 0.0003, 0, 0.0082, 0.0199, 0.012, 0.0228, 0.0126, 0.0044, 0.0074, 0.0094, 0.0199, 0.0079, 0.0108, 0.0046, 0.0129, 0.0125, 0.0052, 0.0096, 0.002, 0.0014, 0.0006, 0, 0.0033, 0.0287, 0.0023, 0.0164, 0.0053],
      [0, 0, 0, 0, 0, 0, 0, 0, 0, 0, 0, 0, 0, 0, 0, 0, 0, 0, 0, 0, 0, 0, 0, 0, 0, 0, 0, 0, 0, 0, 0, 0, 0, 0, 0, 0, 0, 0, 0, 0],
      [68.9862, 66.6146, 0, 13.2449, 4.9993, 47.1372, 29.9983, 80.9892, 96.502, 53.989, 54.9932, 38.4578, 1.9985, 0.9997, 0, 78.0821, 219.7937, 136.0942, 337.9595, 187.4313, 46.9646, 75.6322, 102.9859, 225.1112, 147.359, 188.4286, 37.5072, 196.2212, 144.5619, 84.7692, 114.9966, 11.9099, 5.9981, 3.9994, 0, 119.107, 352.9327, 48.5853, 127.968, 14.9916],
      [0, 3.3681, 0, 0.7529, 0, 1.8575, 0, 0, 2.4873, 0, 0, 2.539, 0, 0, 0, 0.9038, 12.1772, 7.8883, 41.0044, 11.5463, 7.0277, 1.3587, 0, 9.8575, 12.6259, 24.5536, 3.4852, 14.757, 0.4179, 10.2225, 11.988, 0.0872, 0, 0, 0, 1.8767, 25.0213, 4.4108, 0, 0],
      [0.005, 0.0036, 0, 0.0014, 0.0003, 0.0019, 0.0008, 0.005, 0.0047, 0.0075, 0.0053, 0.0017, 0.0006, 0, 0, 0.0058, 0.0092, 0.0056, 0.0133, 0.0097, 0.0033, 0.0017, 0.0047, 0.0114, 0.0072, 0.0069, 0.0031, 0.0089, 0.0078, 0.0031, 0.0058, 0.0008, 0.0006, 0, 0, 0.0131, 0.0172, 0.0017, 0.0156, 0.0031]
    ],
    [
      [4.992, 7.28, 0, 0.416, 1.7461, 2.704, 6.1725, 11.024, 8.112, 20.2406, 7.7667, 6.4618, 0.832, 0.7326, 0, 5.408, 18.304, 8.528, 20.8, 11.44, 2.912, 6.8855, 11.024, 19.552, 10.4, 8.528, 2.288, 13.52, 13.312, 5.824, 11.648, 1.456, 0.416, 0.208, 0, 1.248, 24.96, 3.536, 31.1999, 4.576],
      [34.5953, 53.0877, 0.9488, 2.6858, 2.3557, 13.2384, 4.7115, 27.4051, 30.6246, 18.0607, 7.8525, 7.8525, 3.3725, 1.1865, 0, 33.5313, 77.2479, 43.0333, 86.5563, 52.8858, 18.2326, 27.6659, 39.2122, 82.1096, 34.5886, 42.775, 16.8625, 53.5113, 47.3374, 21.8533, 41.5818, 6.8708, 4.6848, 1.9207, 0, 17.2754, 115.2091, 11.0491, 75.477, 16.1024],
      [1.0699, 1.3374, 0, 0, 0.1783, 0.847, 0.9107, 1.6495, 1.8278, 1.0699, 1.8756, 0.4904, 0.1337, 0.0446, 0.2093, 1.3151, 4.302, 3.2098, 5.84, 2.6971, 0.6687, 1.0476, 2.2736, 3.7893, 2.0953, 1.5603, 0.4012, 2.8309, 2.9423, 1.2037, 1.7163, 0.2675, 0.1115, 0.1235, 0, 3.7212, 5.0599, 0.8693, 5.7063, 0],
      [18.8723, 24.3874, 0.4862, 0.916, 1.7966, 8.6561, 6.2278, 19.1233, 22.6038, 21.6485, 18.2954, 9.8757, 1.4749, 0.5989, 0.2929, 19.4758, 45.5358, 23.6396, 54.8709, 35.4795, 10.5799, 14.7583, 24.0715, 50.0687, 25.3294, 29.2745, 8.7269, 35.9302, 27.7992, 14.3441, 30.02, 3.1916, 2.4264, 0.458, 0, 15.9964, 70.9878, 8.4589, 48.0192, 5.1907],
      [19.3683, 34.0043, 0.382, 0.5797, 2.2933, 5.0228, 4.1224, 14.8772, 28.5876, 32.2687, 17.7207, 18.6459, 1.2399, 0.4374, 0.133, 19.1456, 30.7401, 9.4678, 20.4814, 24.7809, 10.8888, 7.8335, 19.9934, 43.0396, 13.4934, 15.663, 6.658, 22.4767, 11.2068, 10.9872, 20.8956, 1.6851, 1.342, 0.2898, 0, 8.9597, 52.5442, 6.8837, 36.1188, 3.2848],
      [9.1021, 7.9032, 1.183, 1.4026, 0.6299, 3.5317, 1.855, 8.921, 9.2443, 12.7116, 8.4892, 3.6738, 0.947, 0, 0.3648, 10.1242, 17.8702, 10.1215, 23.4514, 16.7167, 5.718, 2.8091, 9.4253, 21.4408, 12.0933, 12.1992, 5.0634, 15.7309, 13.4024, 5.7877, 11.1382, 1.5291, 1.0194, 0, 0, 17.7993, 31.239, 3.203, 26.4788, 4.8462]
    ]
  ],
  "V_est": [
    [916.3723, 1.0186, 0.1859, 362.0766, 321.4168, 95.9299],
    [215.1958, 687.8519, 2732.2062, 4152.297, 446.6644, 104.7847],
    [12.9784, 28.2905, 58.2112, 466.4369, 19492.161, 163.9219],
    [0, 0.2874, 0, 3568.3006, 212.2148, 0.1972],
    [316.4534, 1175.5516, 65.3967, 759.889, 578.543, 349.1662]
  ],
  "p_est": [
    [0.54, 0.0006, 0.0001, 0.2134, 0.1894, 0.0565],
    [0.0258, 0.0825, 0.3276, 0.4979, 0.0536, 0.0126],
    [0.0006, 0.0014, 0.0029, 0.0231, 0.9639, 0.0081],
    [0, 0.0001, 0, 0.9437, 0.0561, 0.0001],
    [0.0975, 0.3623, 0.0202, 0.2342, 0.1783, 0.1076]
  ],
  "EI_Z": {},
  "EI_V": 11.1834,
  "MAE_Z": {},
  "MAE_V": 277.9737,
  "MAE_p": 0.0528,
  "runtime": 1.163
}
