{
  "X": [
    [20, 136, 229, 21],
    [24, 217, 255, 23],
    [17, 142, 246, 27],
    [14, 58, 280, 16],
    [29, 220, 452, 31],
    [45, 288, 419, 47],
    [26, 166, 233, 26],
    [33, 324, 358, 34],
    [32, 173, 148, 19],
    [41, 315, 537, 43],
    [14, 132, 181, 24],
    [8, 164, 53, 14],
    [28, 103, 241, 11],
    [0, 4, 6, 0],
    [37, 122, 368, 19],
    [43, 188, 157, 20],
    [48, 202, 237, 27],
    [36, 109, 247, 21],
    [25, 116, 96, 15],
    [65, 271, 405, 31],
    [33, 144, 367, 6],
    [10, 34, 87, 9],
    [69, 402, 778, 61],
    [65, 270, 650, 32],
    [45, 238, 405, 19],
    [47, 246, 431, 17],
    [0, 4, 7, 0],
    [7, 34, 111, 4],
    [10, 24, 65, 3],
    [71, 147, 429, 16],
    [47, 191, 424, 25],
    [50, 257, 477, 25],
    [22, 153, 327, 24],
    [75, 250, 563, 33],
    [73, 297, 403, 24],
    [27, 71, 162, 12],
    [0, 0, 3, 0],
    [839, 5828, 8526, 730],
    [149, 516, 612, 66],
    [188, 507, 739, 67],
    [50, 135, 266, 4]
  ],
  "W": [
    [26, 16, 104, 201, 43, 16],
    [17, 30, 165, 224, 67, 16],
    [23, 29, 107, 212, 47, 14],
    [17, 23, 37, 257, 20, 14],
    [44, 39, 172, 359, 103, 15],
    [36, 63, 207, 356, 103, 34],
    [40, 24, 140, 185, 52, 10],
    [19, 39, 238, 329, 103, 21],
    [18, 27, 146, 120, 44, 17],
    [49, 61, 250, 454, 101, 21],
    [38, 21, 104, 139, 43, 6],
    [4, 6, 127, 46, 42, 14],
    [15, 42, 67, 222, 30, 7],
    [0, 0, 3, 4, 2, 1],
    [32, 49, 86, 326, 47, 6],
    [17, 61, 118, 132, 61, 19],
    [24, 71, 132, 223, 52, 12],
    [23, 45, 66, 218, 53, 8],
    [12, 40, 68, 85, 32, 15],
    [24, 75, 204, 381, 62, 26],
    [5, 48, 87, 355, 34, 21],
    [5, 19, 24, 74, 12, 6],
    [74, 96, 297, 722, 100, 21],
    [36, 91, 188, 588, 94, 20],
    [25, 62, 162, 381, 56, 21],
    [21, 72, 169, 411, 53, 15],
    [0, 0, 2, 8, 1, 0],
    [8, 15, 20, 95, 15, 3],
    [5, 11, 18, 65, 2, 1],
    [29, 87, 88, 390, 43, 26],
    [29, 82, 118, 402, 40, 16],
    [50, 85, 152, 435, 72, 15],
    [34, 49, 97, 304, 32, 10],
    [47, 108, 178, 502, 60, 26],
    [27, 111, 195, 400, 45, 19],
    [15, 40, 41, 147, 24, 5],
    [0, 1, 0, 2, 0, 0],
    [695, 1313, 4134, 7592, 1741, 448],
    [43, 199, 383, 526, 127, 65],
    [49, 217, 395, 647, 122, 71],
    [7, 101, 85, 241, 7, 14]
  ],
  "method": "mvn_pdf",
  "cond_prob": [
    [
      [0.0015549239805, 0.055692948687, 0.70019738601, 0.24255474132],
      [0.62650265151, 0.18420274902, 0.18291269242, 0.0063819070473],
      [0.020797158727, 0.87729523951, 0.075706666904, 0.026200934863],
      [0.0044764796197, 0.069128753901, 0.92205512086, 0.004339645622],
      [0.00149091818, 0.45991067087, 0.3112494801, 0.22734893086],
      [0.42554644747, 0.41843725373, 0.0798727869, 0.0761435119]
    ],
    [
      [0.001203700966, 0.065541242713, 0.70563928131, 0.22761577501],
      [0.52200388655, 0.2541020455, 0.21685853702, 0.0070355309317],
      [0.013593238943, 0.89827017895, 0.066643866088, 0.021492716024],
      [0.0038631695489, 0.079830543738, 0.91279607301, 0.0035102137032],
      [0.0011776278806, 0.50550994789, 0.29365041842, 0.19966200581],
      [0.32076781341, 0.51855935481, 0.085077488386, 0.075595343395]
    ],
    [
      [0.00061543042715, 0.047238705751, 0.65581534272, 0.29633052111],
      [0.41918807109, 0.26995358163, 0.2978135293, 0.013044817981],
      [0.0096850808571, 0.87059721781, 0.083978240898, 0.035739460433],
      [0.0018644551069, 0.06449189199, 0.93137588749, 0.0022677654125],
      [0.00060336240597, 0.40533337951, 0.30456078592, 0.28950247216],
      [0.24067606223, 0.51485740398, 0.10913842181, 0.13532811198]
    ],
    [
      [0.0005978719634, 0.032281609395, 0.68669966388, 0.28042085476],
      [0.40680744575, 0.21706361152, 0.36179569647, 0.014333246266],
      [0.011224341951, 0.82279478678, 0.11951352975, 0.046467341522],
      [0.0026739476457, 0.036338205103, 0.95836293722, 0.0026249100287],
      [0.00070267594169, 0.32094812089, 0.36426692879, 0.31408227438],
      [0.25119330061, 0.44696152393, 0.14272790377, 0.15911727169]
    ],
    [
      [0.0010597792352, 0.041475341701, 0.79774373177, 0.15972114729],
      [0.50024808367, 0.19562166177, 0.29817656741, 0.0059536871525],
      [0.016306427181, 0.84843311288, 0.1131478058, 0.022112654139],
      [0.0035982759218, 0.045543254427, 0.94900958891, 0.0018488807446],
      [0.001373311962, 0.40324420628, 0.418847533, 0.17653494876],
      [0.34705045249, 0.44874421037, 0.13154858393, 0.072656753207]
    ],
    [
      [0.00096247024541, 0.054170839904, 0.67708562035, 0.2677810695],
      [0.49102681167, 0.25026731552, 0.24894081333, 0.009765059469],
      [0.01285036825, 0.88107874021, 0.076615831788, 0.029455059755],
      [0.0031592364532, 0.07003567861, 0.92334041091, 0.003464674027],
      [0.00097509135726, 0.44588458525, 0.30203259678, 0.25110772662],
      [0.29839744473, 0.50120281755, 0.09598898516, 0.10441075256]
    ],
    [
      [0.0016666817522, 0.052907568953, 0.71500712703, 0.23041862227],
      [0.68284990243, 0.15062131372, 0.16121869863, 0.0053100852143],
      [0.026406691629, 0.86620365455, 0.081143006295, 0.026246647526],
      [0.0044290241165, 0.064992836552, 0.92646946363, 0.0041086757008],
      [0.0015820582399, 0.44878432876, 0.32738435418, 0.22224925882],
      [0.49463617535, 0.36398142175, 0.07496080818, 0.066421594718]
    ],
    [
      [0.0013737757998, 0.074072318668, 0.67428788285, 0.25026602268],
      [0.54191833196, 0.2616695574, 0.18935203371, 0.0070600769303],
      [0.013975990925, 0.90754205834, 0.057280882603, 0.021201068129],
      [0.0045395183718, 0.092968452908, 0.89861722192, 0.0038748068023],
      [0.0012653844568, 0.53199086846, 0.2620596727, 0.20468407439],
      [0.32804577761, 0.52432489825, 0.073035169182, 0.074594154958]
    ],
    [
      [0.0021476988317, 0.06473775873, 0.68787699373, 0.24523754871],
      [0.70353732411, 0.15843539117, 0.13308140541, 0.0049458793083],
      [0.025360319585, 0.88623646937, 0.064604577533, 0.02379863351],
      [0.005431219761, 0.082024436192, 0.90832115837, 0.0042231856766],
      [0.0014760272925, 0.49824873264, 0.28542519306, 0.214850047],
      [0.50273737873, 0.37650374551, 0.060911785163, 0.059847090594]
    ],
    [
      [0.00095404183224, 0.049328949134, 0.73332355002, 0.21639345901],
      [0.48467112098, 0.23243011243, 0.27473506812, 0.0081636984699],
      [0.013574137402, 0.87032271671, 0.089821004975, 0.026282140915],
      [0.0030715656287, 0.058976019227, 0.93453078755, 0.0034216275976],
      [0.0010400637956, 0.43345684783, 0.34890432102, 0.21659876736],
      [0.3092972372, 0.48903386176, 0.11127341339, 0.090395487646]
    ],
    [
      [0.0010493666281, 0.055692955701, 0.68995137114, 0.25330630653],
      [0.49312034063, 0.251940052, 0.24584939722, 0.0090902101533],
      [0.012587613805, 0.88530230103, 0.074550088709, 0.027559996458],
      [0.0033349634307, 0.07010676119, 0.92225010863, 0.004308166749],
      [0.0010456177326, 0.45849992948, 0.30464537665, 0.23580907614],
      [0.29782726665, 0.51019175189, 0.095547505633, 0.096433475826]
    ],
    [
      [0.0012861972228, 0.10797294753, 0.57814034968, 0.31260050557],
      [0.48663944192, 0.3559434186, 0.14921292516, 0.0082042143139],
      [0.010173969657, 0.94273143789, 0.024847097426, 0.022247495026],
      [0.0046673044123, 0.14960692234, 0.83978259425, 0.0059431790029],
      [0.0012608205432, 0.62102585003, 0.17419522607, 0.20351810336],
      [0.25109099624, 0.6243250684, 0.049312917622, 0.075271017743]
    ],
    [
      [0.0013234581287, 0.059302331614, 0.74497228502, 0.19440192524],
      [0.55795998623, 0.218919483, 0.2174148695, 0.0057056612713],
      [0.01630252861, 0.88767416454, 0.076439300539, 0.019584006315],
      [0.0038341253089, 0.06967090065, 0.92364156992, 0.0028534041194],
      [0.0012995912839, 0.48774299273, 0.32955743381, 0.18139998218],
      [0.36619939036, 0.47749256993, 0.091058076122, 0.06524996359]
    ],
    [
      [1.1930510083e-05, 0.011365161173, 0.98634118172, 0.0022817266006],
      [9.901779368e-10, 0.25719182012, 0.74136838354, 0.0014397953524],
      [0, 0.8568407746, 0.1431592254, 0],
      [0, 0.030383586422, 0.96961641358, 0],
      [0, 0.3057498659, 0.6942501341, 0],
      [0, 0.69644359871, 0.30355640129, 0]
    ],
    [
      [0.0015887123238, 0.046461230981, 0.76197675261, 0.18997330408],
      [0.62441819407, 0.16111065939, 0.20919931391, 0.0052718326285],
      [0.023916283593, 0.85542873539, 0.097051184201, 0.023603796816],
      [0.0046244498218, 0.051278830437, 0.94110439742, 0.0029923223182],
      [0.0017340066449, 0.42583636602, 0.37537134482, 0.19705828252],
      [0.45113339217, 0.38678985491, 0.096181487859, 0.065895265062]
    ],
    [
      [0.0017634445952, 0.089772570202, 0.65569393297, 0.25277005224],
      [0.55754292802, 0.27649250775, 0.15941218642, 0.006552377802],
      [0.014684935038, 0.92176364093, 0.04527569006, 0.018275733968],
      [0.006248784866, 0.11304147403, 0.87643655429, 0.0042731868093],
      [0.0018157695342, 0.58318597566, 0.22870763647, 0.18629061834],
      [0.33113047126, 0.54441550611, 0.060301965781, 0.064152056847]
    ],
    [
      [0.0016689083886, 0.082029293512, 0.58601518036, 0.33028661774],
      [0.56976695454, 0.26916596946, 0.15236436793, 0.0087027080754],
      [0.014886026564, 0.91529374354, 0.044729364583, 0.025090865312],
      [0.0065560387321, 0.11495657696, 0.87297637955, 0.0055110047553],
      [0.0014950403423, 0.54235019743, 0.2088022619, 0.24735250033],
      [0.33348318209, 0.52201767069, 0.056836597041, 0.087662550178]
    ],
    [
      [0.0018025326986, 0.055527239117, 0.70193993554, 0.24073029265],
      [0.65558790481, 0.16909606045, 0.16932126116, 0.0059947735782],
      [0.024118456359, 0.87402277216, 0.076116933686, 0.025741837796],
      [0.0050553296617, 0.068501104709, 0.92213494134, 0.0043086242851],
      [0.001682905541, 0.4593378852, 0.31284715475, 0.22613205451],
      [0.4592515065, 0.39373738444, 0.075736336513, 0.071274772547]
    ],
    [
      [0.001539248808, 0.093818153747, 0.58054583567, 0.32409676177],
      [0.49141819618, 0.33539188686, 0.16297339149, 0.010216525468],
      [0.011655411197, 0.92686300494, 0.038277142881, 0.023204440978],
      [0.0064993201005, 0.12782268798, 0.85832591586, 0.0073520760629],
      [0.0017664530201, 0.58119208542, 0.19133053462, 0.22571092694],
      [0.26155096669, 0.59791647552, 0.055425909382, 0.085106648405]
    ],
    [
      [0.0017900105487, 0.063774830854, 0.65879729476, 0.27563786384],
      [0.6352781929, 0.19652404104, 0.16139411663, 0.0068036494196],
      [0.020788278513, 0.88932312202, 0.063621703521, 0.026266895946],
      [0.005209420417, 0.083814593944, 0.90669735401, 0.0042786316324],
      [0.0015642230125, 0.48665347956, 0.27227167897, 0.23951061846],
      [0.4226382868, 0.43085800247, 0.06819010336, 0.078313607376]
    ],
    [
      [0.0011234339031, 0.062825281479, 0.80790877048, 0.12814251414],
      [0.49614771403, 0.24783412936, 0.25253649693, 0.0034816596771],
      [0.022861023792, 0.89558177672, 0.079741119769, 0.001816079716],
      [0.0011441558285, 0.070735047193, 0.92812079698, 0],
      [0.0011507150271, 0.51880527243, 0.35993430896, 0.12010970358],
      [0.32119446938, 0.52970951392, 0.1038370211, 0.045258995605]
    ],
    [
      [0.00068255432524, 0.031792495074, 0.61049653025, 0.35702842035],
      [0.41786041973, 0.22550041983, 0.3400972412, 0.01654191924],
      [0.021550753328, 0.82566567583, 0.10733766015, 0.045445910686],
      [0.0011799225855, 0.047088411298, 0.95173166612, 0],
      [0.00099747610078, 0.30257689922, 0.3107456916, 0.38567993308],
      [0.24012286486, 0.43751468353, 0.12541238841, 0.1969500632]
    ],
    [
      [0.0012834616683, 0.058719089328, 0.65404188263, 0.28595556638],
      [0.55866721168, 0.2290655982, 0.2034672602, 0.0087999299269],
      [0.01601790924, 0.88589696895, 0.068890015603, 0.029195106211],
      [0.0042178208793, 0.078119159838, 0.91404516417, 0.0036178551134],
      [0.0012135572608, 0.46236177925, 0.27969513984, 0.25672952365],
      [0.34995381288, 0.47213708847, 0.080837455164, 0.09707164349]
    ],
    [
      [0.0013244404457, 0.051724738024, 0.7569314184, 0.19001940313],
      [0.564111845, 0.19860544245, 0.23149080451, 0.0057919080458],
      [0.018336159256, 0.87095925694, 0.088956988007, 0.021747595796],
      [0.0039879760454, 0.059453705849, 0.93418053339, 0.0023777847162],
      [0.0014037814018, 0.45151937259, 0.35810219363, 0.18897465238],
      [0.3847029471, 0.44614369008, 0.10005660736, 0.069096755453]
    ],
    [
      [0.0014140948725, 0.07257287228, 0.72944687798, 0.19656615487],
      [0.54405124156, 0.25056181597, 0.20016453814, 0.0052224043285],
      [0.014542594965, 0.90592367838, 0.06329639476, 0.016237331894],
      [0.0042813837202, 0.086037319136, 0.90813418805, 0.001547109093],
      [0.0012766662266, 0.53937046234, 0.29327485184, 0.1660780196],
      [0.34166046482, 0.51934501062, 0.079861589745, 0.059132934815]
    ],
    [
      [0.0013379246365, 0.073402623592, 0.73376898996, 0.19149046181],
      [0.52807349386, 0.2600454113, 0.20669727033, 0.0051838245098],
      [0.013652706276, 0.90759731467, 0.06314027947, 0.015609699589],
      [0.0040473642859, 0.086508762506, 0.90811084548, 0.0013330277263],
      [0.0012036593438, 0.54358321215, 0.29401194461, 0.16120118389],
      [0.32773626648, 0.53242116526, 0.081449997282, 0.058392570984]
    ],
    [
      [1.8406501955e-07, 0.17157308142, 0.82841106351, 1.5671006749e-05],
      [0.29861460005, 0.59023503562, 0.10985841628, 0.0012919480554],
      [0, 0.98746582934, 0.01253417066, 0],
      [0, 0.14420353384, 0.85579646616, 0],
      [0, 0.87144007059, 0.12855992941, 0],
      [6.7649900573e-05, 0.97596263806, 0.017364130786, 0.0066055812575]
    ],
    [
      [0.00066564716109, 0.044127775086, 0.82283003718, 0.13237654057],
      [0.38728659604, 0.24774438915, 0.35924005578, 0.00572895904],
      [0.0095286692603, 0.86643160693, 0.10707052304, 0.016969200768],
      [0.002516957213, 0.047822013899, 0.9483065339, 0.0013544949919],
      [0.00082504401538, 0.42972428035, 0.42361016634, 0.14584050929],
      [0.24777196716, 0.5377414326, 0.1480250633, 0.066461536946]
    ],
    [
      [0.0025369477392, 0.05951425452, 0.65342941757, 0.28451938017],
      [0.76517296752, 0.1253412914, 0.10463355871, 0.0048521823629],
      [0.031404554556, 0.88195819924, 0.061194260604, 0.025442985595],
      [0.0067112959216, 0.079544588705, 0.90589270864, 0.0078514067341],
      [0.0024727886968, 0.4760792234, 0.27252948933, 0.24891849857],
      [0.56395082425, 0.32587022293, 0.052302035239, 0.057876917585]
    ],
    [
      [0.0017703642801, 0.053828974611, 0.77354528926, 0.17085537185],
      [0.63294793299, 0.16929164816, 0.19372092697, 0.0040394918792],
      [0.023855822541, 0.87057190727, 0.087114194231, 0.018458075958],
      [0.0047469528491, 0.060415828855, 0.93373193813, 0.0011052801665],
      [0.0018260672063, 0.46701016941, 0.36265631674, 0.16850744664],
      [0.45588632234, 0.40217876803, 0.088374591627, 0.053560318003]
    ],
    [
      [0.0009816953691, 0.062660961921, 0.65831495174, 0.27804239097],
      [0.48490242577, 0.27544276798, 0.22998198031, 0.009672825941],
      [0.011630160833, 0.89628994454, 0.065231157253, 0.026848737378],
      [0.0031325190007, 0.082197781614, 0.91051385833, 0.0041558410591],
      [0.00090219848606, 0.48203127685, 0.27398154125, 0.24308498341],
      [0.28386327281, 0.53184702452, 0.085452172555, 0.098837530118]
    ],
    [
      [0.0012428139232, 0.079066371703, 0.72520743663, 0.19448337775],
      [0.49431911738, 0.28919458263, 0.21114672307, 0.0053395769183],
      [0.011654738119, 0.91479454866, 0.058816472488, 0.014734240729],
      [0.0038151321547, 0.092885652521, 0.90240846918, 0.0008907461404],
      [0.0010787634037, 0.56248837326, 0.2792953737, 0.15713748964],
      [0.29413071204, 0.56746325151, 0.079673459192, 0.058732577259]
    ],
    [
      [0.00050552385549, 0.063019848436, 0.64071748593, 0.29575714178],
      [0.38656708647, 0.33263147933, 0.26857704652, 0.012224387682],
      [0.0072707248677, 0.900892633, 0.063525353482, 0.028311288652],
      [0.00085359703971, 0.085317450013, 0.9096722648, 0.0041566881457],
      [0.00045666368504, 0.48000626935, 0.26379427482, 0.25574279215],
      [0.20616579018, 0.5875091842, 0.09115856174, 0.11516646387]
    ],
    [
      [0.0012676979056, 0.052024297935, 0.72150496403, 0.22520304013],
      [0.55725156431, 0.20706098668, 0.22847180725, 0.0072156417675],
      [0.017430510771, 0.8725873489, 0.084207058937, 0.025775081387],
      [0.0039212870936, 0.062548186378, 0.93003893643, 0.0034915900957],
      [0.0013009972893, 0.44526315192, 0.33417817008, 0.21925768071],
      [0.36954124528, 0.45218248669, 0.09596995089, 0.08230631714]
    ],
    [
      [0.0016897502415, 0.09146548008, 0.63144058339, 0.27540418629],
      [0.55308469544, 0.28370426899, 0.15626485228, 0.0069461832891],
      [0.013968815912, 0.92209361271, 0.044848547892, 0.019089023489],
      [0.0065615879203, 0.11646137, 0.8724475445, 0.0045294975793],
      [0.0013728016564, 0.58253300597, 0.21732582982, 0.19876836256],
      [0.3237708002, 0.54907739128, 0.057976771804, 0.069175036722]
    ],
    [
      [0.0014173124084, 0.060439431499, 0.67750715092, 0.26063610518],
      [0.59261195631, 0.21246236332, 0.18742100221, 0.007504678153],
      [0.017570807679, 0.88913854236, 0.067624332011, 0.025666317953],
      [0.0041323549499, 0.077353873332, 0.91350440489, 0.0050093668264],
      [0.0013043509895, 0.47830851269, 0.28728689575, 0.23310024058],
      [0.38301966902, 0.45796201476, 0.077584403647, 0.081433912571]
    ],
    [
      [3.1644992455e-06, 0.00023548735293, 0.99967819522, 8.3152926949e-05],
      [0, 0, 1, 0],
      [0.012361957546, 9.8354985957e-10, 0.98763804147, 0],
      [0, 0, 1, 0],
      [1.1123173782e-16, 1.4396913513e-43, 0.26838710349, 0.73161289651],
      [2.2494131539e-20, 3.6580959803e-08, 0.99999996342, 1.3334971444e-25]
    ],
    [
      [0.0010129119414, 0.064225074131, 0.68518546261, 0.24957655132],
      [0.48387378804, 0.27393613662, 0.2336824774, 0.0085075979455],
      [0.011831893002, 0.89702240099, 0.067218664381, 0.02392704163],
      [0.0030398894539, 0.08124604306, 0.9123471537, 0.0033669137808],
      [0.00091067445969, 0.49336859067, 0.28667489683, 0.21904583804],
      [0.28882225863, 0.53486639542, 0.088054611179, 0.08825673477]
    ],
    [
      [0.0014072168745, 0.059411156112, 0.65024118544, 0.28894044158],
      [0.58112664776, 0.21921171669, 0.19133740452, 0.0083242310335],
      [0.017429503492, 0.88572338401, 0.067773521455, 0.029073591041],
      [0.0045136658381, 0.079451855306, 0.91236493591, 0.0036695429418],
      [0.0012972173543, 0.46467069251, 0.27628506015, 0.25774702998],
      [0.37047464767, 0.45823505768, 0.077139505842, 0.094150788805]
    ],
    [
      [0.0017960878657, 0.053057187964, 0.67051890808, 0.27462781609],
      [0.65535510716, 0.1679803553, 0.1697599841, 0.0069045534399],
      [0.024704720194, 0.86740869537, 0.077311600341, 0.030574984092],
      [0.005094134203, 0.06885670978, 0.92229935973, 0.0037497962895],
      [0.0016779623225, 0.43842835409, 0.30107644545, 0.25881723814],
      [0.4569148272, 0.38427430409, 0.074782573687, 0.084028295024]
    ],
    [
      [0.00091888066074, 0.0652541205, 0.79546600571, 0.13836099313],
      [0.4426945482, 0.28190710797, 0.27148904618, 0.0039092976426],
      [0.010450209831, 0.9016802093, 0.075624394766, 0.012245186103],
      [0.002362952242, 0.073646153411, 0.92399089435, 0],
      [0.00088604951375, 0.52652539876, 0.34574422982, 0.12684432191],
      [0.27267691387, 0.57095604983, 0.105803971, 0.05056306529]
    ]
  ],
  "expected_outcome": [
    [
      [0.040428023492, 0.020462916421, 0.014154899825, 0.010163823378, 0.046630286347, 0.034648928835, 0.066667270089, 0.026101740196, 0.038658578971, 0.04674804978, 0.039875931867, 0.005144788891, 0.01985187193, 0, 0.050838794361, 0.029978558118, 0.040053801325, 0.041458252068, 0.018470985696, 0.042960253168, 0.0056171695154, 0.0034127716262, 0.094976163452, 0.047679856047, 0.035352371814, 0.028096417367, 0, 0.0053251772887, 0.012684738696, 0.051340564124, 0.028469165704, 0.062140696162, 0.017187811087, 0.059581801564, 0.045623256519, 0.021259686127, 0, 0.70397379924, 0.060510325603, 0.088008305421, 0.0064321646252],
      [1.4480166659, 1.1142011261, 1.0864902323, 0.54878735971, 1.8249150349, 1.9501502365, 2.1163027581, 1.4073740547, 1.1652796571, 2.4171185076, 2.1163323166, 0.43189179012, 0.88953497421, 0, 1.4867593914, 1.5261336934, 1.9687030443, 1.2771264997, 1.125817845, 1.5305959405, 0.3141264074, 0.15896247537, 4.3452126102, 1.8620905689, 1.814321807, 1.5414550954, 0, 0.35302220069, 0.2975712726, 1.5610402637, 1.8171678957, 3.9533185852, 2.1426748468, 2.4451420029, 2.4695679622, 0.90659147248, 0, 44.6364265212, 2.5546797128, 2.5998022102, 0.4567788435],
      [18.2051320364, 11.9958677822, 15.0837528825, 11.6738942859, 35.1007241979, 24.3750823327, 28.600285081, 12.8114697741, 12.3817858871, 35.932853951, 26.2181521033, 2.3125613987, 11.1745842753, 0, 24.3832560836, 11.1467968604, 14.0643643287, 16.1446185173, 6.9665500281, 15.8111350743, 4.0395438524, 3.0524826513, 48.3990993145, 27.2495310625, 18.2361719494, 15.4091487891, 0, 6.5826402974, 3.2671470879, 22.4328133886, 19.0911336005, 36.2603718314, 21.7843945217, 33.9107333095, 17.0488957514, 10.1626072638, 0, 476.2038965115, 27.9603709737, 32.8554264959, 5.5682620399],
      [6.3064232743, 3.8694681752, 6.8156019854, 4.767154531, 7.0277304809, 9.6401185019, 9.2167448908, 4.755054431, 4.4142758768, 10.6032794917, 9.6256396482, 1.2504020223, 2.9160288785, 0, 6.0791457306, 4.297090888, 7.9268788257, 5.5367967309, 3.8891611413, 6.6153087321, 0.64071257069, 1.7851421017, 21.1607119118, 6.8406985126, 4.9141538718, 4.0212996981, 0, 1.0590123246, 1.4225969009, 4.9548057836, 8.0632293381, 9.7241688873, 10.0557428204, 10.584542886, 7.4359130299, 3.9095415776, 0, 173.4557031681, 12.4244389878, 13.4567629885, 0.96852695193]
    ],
    [
      [10.0240424242, 15.6601165965, 12.1564540615, 9.3565712522, 19.5096752632, 30.9346891355, 16.3883976583, 21.1348149466, 18.995507751, 29.5649383796, 10.3555271531, 2.9198366515, 23.4343194216, 0, 30.5964915094, 34.0101186095, 40.453453772, 29.5014557163, 19.6567278473, 47.6458644678, 23.8150902737, 7.9393479748, 53.632052321, 51.3341778952, 33.7311769765, 38.0212915581, 0, 5.8092989406, 8.4169026427, 55.0664701704, 39.7619989134, 42.0171249769, 18.9417872369, 60.1831689455, 61.3924011943, 23.7044782526, 0, 635.3262836972, 115.6442029034, 142.2120582543, 44.7121493686],
      [2.9472439843, 7.623061365, 7.8286538673, 4.992463065, 7.6292448091, 15.7668408779, 3.6149115294, 10.2051127384, 4.2777555615, 14.1782368585, 5.290741092, 2.1356605116, 9.1946182861, 0, 7.8944223103, 16.866042973, 19.1107838317, 7.6093227203, 13.4156754745, 14.7393030782, 11.8960382092, 4.2845079768, 21.9902974268, 18.0730952625, 15.5348325902, 18.7232696133, 0, 3.7161658372, 1.3787542054, 14.7283733897, 22.586306974, 24.5815395239, 16.2989424873, 22.3625865611, 31.491173858, 8.4984945328, 0, 359.6781473794, 43.6231316217, 36.4517370998, 28.4726179048],
      [2.9266030787, 6.5057561106, 8.6365923498, 8.3213010187, 11.6288861288, 15.6832712401, 3.8692487671, 7.3847293147, 3.5931979461, 16.7588391552, 5.1628373416, 0.89527755097, 9.1314245189, 0, 10.2507663815, 9.7241433716, 10.8178701229, 7.6194567524, 6.5189356595, 12.1045587476, 12.1217518527, 6.4618475828, 19.5328569792, 21.0656632102, 12.4102013649, 14.8822034639, 0, 5.3886008367, 1.1509691458, 16.8537206465, 18.8585223854, 17.9474714611, 13.1602752794, 24.6749551825, 17.3453986027, 7.4968400886, 1, 306.825092821, 38.0761434992, 36.8379165495, 27.4203936646],
      [0.10211051276, 0.21106592795, 0.37829972145, 0.32966466411, 0.23219379895, 0.61519874655, 0.12744204514, 0.27534300028, 0.13353874132, 0.49798560666, 0.19089441322, 0.049225285883, 0.2396377734, 0, 0.2583197988, 0.39969504592, 0.61789227336, 0.26976481102, 0.4086610187, 0.51027370647, 0.1671196645, 0.31429646557, 0.84479327298, 0.52706363217, 0.32378906837, 0.37323536471, 0, 0.0859343856, 0.053374005992, 0.35143579349, 0.79317172716, 0.45386403806, 0.59899499642, 0.77928931089, 0.77102634509, 0.30018712612, 0, 11.1704761025, 1.6565219757, 1.4982880965, 0.3948390619]
    ],
    [
      [2.1629045076, 2.2428844256, 1.0363036517, 0.41530065218, 2.8047054751, 2.6600262278, 3.6969368281, 3.3262858401, 3.7026066594, 3.3935343506, 1.3091118357, 1.2920941465, 1.0922694168, 0, 2.056800389, 1.7328223345, 1.9649555065, 1.5918181197, 0.7925679614, 4.2408088167, 1.9889090699, 0.51721807987, 4.7573190442, 3.4471979402, 2.3559003843, 2.3073073607, 0, 0.19057338521, 0.56528198201, 2.0993123836, 1.3723589783, 1.771520194, 0.70526031216, 3.1026309172, 2.7239191028, 0.72040311482, 0, 48.9130456695, 6.6754998373, 9.7583644766, 0.8882678356],
      [91.2387049087, 148.2145795261, 93.1539023059, 30.4434071109, 145.9304954148, 182.3832992228, 121.2685116371, 215.9950098857, 129.3905245284, 217.5806791771, 92.0714393069, 119.726892612, 59.4741690239, 2.5705223238, 73.5668712435, 108.7681096302, 120.8187741473, 57.6855029625, 63.0266843362, 181.4219168921, 77.915614575, 19.81597622, 263.1113997772, 163.7403403049, 146.7596358978, 153.3839461784, 1.9749316587, 17.3286321387, 15.8752475864, 76.6103278397, 105.7622134552, 139.048771397, 87.3865854008, 155.320548105, 179.8082544777, 36.4546802366, 0, 3708.2906056803, 339.2320560766, 342.6264346726, 76.6428177905],
      [7.873493358, 10.9962379045, 8.9856717761, 4.4220006006, 19.4614225982, 15.8594771802, 11.3600208813, 13.6328500595, 9.4322683198, 22.4552512436, 7.7532092257, 3.1555813732, 5.1214331361, 0.4294776762, 8.3464018413, 5.3425314271, 5.904276125, 5.0237176233, 2.6028457159, 12.9788275183, 6.9374774199, 2.5761038437, 20.460334634, 16.7239137453, 10.2540159511, 10.6707072304, 0.02506834132, 2.1414104608, 1.1014966909, 7.6660490924, 7.6972765559, 8.9401038182, 6.1619592878, 14.9888564909, 8.745466839, 2.7725976125, 0, 277.8819585517, 25.9572587173, 30.5380821347, 6.4280735551],
      [2.7248972257, 3.5462981439, 3.8241222664, 1.7192916363, 3.8033765119, 6.0971973692, 3.6745306536, 5.0458542148, 3.4746004924, 6.5705352287, 2.8662396316, 2.8254318683, 1.3121284231, 0, 2.0299265262, 2.1565366082, 3.3119942212, 1.6989612945, 1.5779019865, 5.358446773, 0.15799893529, 1.0907018565, 8.6709465446, 4.0885480096, 2.6304477668, 2.6380392305, 0, 0.33938401536, 0.45797374071, 1.6243106843, 3.1681510106, 2.2396045908, 2.7461949992, 4.5879644869, 3.7223595804, 1.0523190361, 0, 98.9143900986, 11.1351853688, 12.0771187162, 1.0408408188]
    ],
    [
      [0.89977240357, 0.86534997894, 0.39526448265, 0.68720454496, 1.2917810559, 1.1246881774, 0.81936946156, 1.4935015443, 0.65174637132, 1.3944907955, 0.46355991687, 0.21469600296, 0.85117581858, 0, 1.5075706419, 0.82483960231, 1.4619966373, 1.1020618663, 0.55244220855, 1.9847891789, 0.4061753191, 0.087314271331, 3.0452666748, 2.3449299147, 1.6312071974, 1.6634667215, 0, 0.23911093523, 0.4362342349, 1.8513116111, 1.2592726383, 1.6595824873, 0.25949350007, 1.968486121, 2.6246351681, 0.60745617764, 0, 23.0788407341, 2.3741882308, 3.2959048293, 0.56947149031],
      [13.8948795341, 17.8820417974, 13.6722811018, 9.3389187116, 16.3500283391, 24.9327015853, 12.0236747621, 30.5866210069, 9.842932343, 26.7751127292, 9.7448398054, 6.8819184274, 15.4669399444, 0.12153434569, 16.7168987226, 14.9214745721, 25.6353166622, 14.9332408265, 10.8649284781, 31.9333602925, 25.1109417535, 3.484542436, 56.4020334032, 34.958779039, 32.780218591, 35.5551013901, 1.1536282707, 4.5430913204, 5.1703982658, 23.5621732534, 33.0435082088, 40.4052588466, 25.936504804, 31.3991895617, 46.5845479994, 11.3710193799, 0, 616.8199589149, 41.7916758908, 44.5502912278, 17.7487229721],
      [185.3330792923, 204.4663203541, 197.4516881481, 246.2992748661, 340.6944424176, 328.7091862838, 171.3968507717, 295.6450660109, 108.9985390045, 424.276977546, 128.1927650996, 38.6299993355, 205.0484285226, 3.8784656543, 306.8000335597, 115.6896251667, 194.6737326401, 201.0254172131, 72.957702848, 345.4516918766, 329.4828829274, 70.4281432926, 659.94060853, 549.2981536332, 345.9991256472, 373.2335574929, 6.8463717293, 90.0891207201, 58.8830260615, 364.1554558705, 366.0265710472, 392.547684095, 276.5403684997, 466.8795460892, 348.9790178008, 134.285147519, 2, 6926.5395909275, 479.903956291, 596.7276857436, 222.6818055376],
      [0.87226877003, 0.78628786952, 0.48076626746, 0.67460187738, 0.66374818733, 1.2334239536, 0.76010500464, 1.274811438, 0.50678228119, 1.5534189293, 0.59883517812, 0.27338623413, 0.63345571451, 0, 0.97549707575, 0.56406065883, 1.2289540604, 0.93928009414, 0.62492646535, 1.630158652, 0, 0, 2.6120913919, 1.3981374131, 0.58944856443, 0.54787439551, 0, 0.12867702423, 0.51034143771, 0.43105926494, 1.6706481058, 0.38747457107, 1.2636331963, 1.7527782281, 1.8117990317, 0.73637692348, 0, 25.5616094235, 1.9301795874, 2.4261181993, 0]
    ],
    [
      [0.06410948174, 0.078901068001, 0.028358033081, 0.014053518834, 0.14145113209, 0.1004344098, 0.082267028473, 0.13033459905, 0.06494520087, 0.10504644335, 0.044961562503, 0.052954462816, 0.038987738516, 0, 0.08149831231, 0.11076194159, 0.077742097799, 0.089193993675, 0.056526496642, 0.096981826778, 0.039124310921, 0.011969713209, 0.12135572608, 0.13195545177, 0.071493308692, 0.063793945219, 0, 0.012375660231, 0.0049455773936, 0.078520889871, 0.036087939443, 0.077670965063, 0.014613237921, 0.078059837357, 0.061776074539, 0.031304423747, 0, 1.5854842343, 0.16474660399, 0.20471140334, 0.0062023465963],
      [19.7761588472, 33.8691665085, 19.050668837, 6.4189624177, 41.5341532465, 45.9261122807, 23.3367850958, 54.7950594511, 21.9229442362, 43.7791416306, 19.7154969677, 26.0830857012, 14.6322897819, 0.6114997318, 20.0143092027, 35.5743445151, 28.2022102662, 24.3449079155, 18.5981467335, 30.1725157326, 17.6393792627, 3.6309227906, 46.2361779247, 42.4428210232, 30.2047458911, 28.8099102439, 0.87144007059, 6.4458642053, 0.9521584468, 20.0814372848, 19.281251074, 40.4991628746, 15.360200619, 26.7157891154, 26.2139852685, 11.4794043045, 0, 858.9547163549, 59.013177949, 53.4882591992, 3.6856777913],
      [13.3837276442, 19.6745780345, 14.3143569383, 7.2853385759, 43.1412958987, 31.1093574679, 17.0239864171, 26.992146288, 12.5587084947, 35.239336423, 13.099751196, 7.316199495, 9.8867230142, 1.3885002682, 17.6424532067, 13.9511658244, 10.8577176188, 16.5808992018, 6.1225771077, 16.8808440959, 12.2377665045, 3.7289482992, 27.9695139838, 33.6616062016, 16.4233917028, 15.5826330645, 0.12855992941, 6.3541524951, 0.54505897866, 15.5942216198, 10.9592616501, 20.1092669064, 8.4414167941, 20.0506902048, 9.7796623418, 6.8948854979, 0, 499.1009953803, 35.0882026391, 36.7313263445, 2.4202096087],
      [9.7760040268, 13.377354389, 13.6066161916, 6.2816454876, 18.1830997228, 25.8640958416, 11.5569614587, 21.0824596619, 9.4534020682, 21.8764755031, 10.1397902738, 8.547760341, 5.4419994653, 0, 9.2617392782, 11.3637277189, 12.8623300172, 11.984998889, 7.2227496621, 14.8496583447, 4.0837299218, 4.628159197, 25.6729523654, 17.7636173235, 9.3003690975, 8.5436627464, 0, 2.1876076394, 0.49783699714, 7.2458202056, 9.7233993365, 11.3138992539, 8.1837693489, 13.1554608424, 8.9445763152, 5.5944057738, 0, 381.3588040305, 32.7338728079, 31.5757030529, 0.88791025335]
    ],
    [
      [6.8087431595, 5.1322850145, 3.3694648713, 3.5167062085, 5.2057567874, 10.1455131207, 4.9463617535, 6.8889613298, 8.5465354384, 6.4952419812, 1.7869635999, 3.5152739473, 2.5633957325, 0, 2.706800353, 6.291478954, 4.0017981851, 3.674012052, 3.9232645004, 10.9885954568, 6.7450838569, 1.4407371891, 7.3490300705, 7.6940589421, 7.1748697613, 4.9160439971, 0, 0.74331590148, 0.56395082425, 11.8530443809, 4.5418123649, 4.4119606805, 2.0616579018, 9.6080723773, 6.1516452037, 1.9150983451, 0, 129.3923718657, 24.0808520988, 32.4409527311, 3.8174767942],
      [6.6949960597, 8.296949677, 7.2080036558, 6.257461335, 6.7311631556, 17.0408957968, 3.6398142175, 11.0108228632, 6.4005636737, 10.2697110969, 3.0611505113, 8.7405509576, 3.3424479895, 0.69644359871, 2.3207391295, 10.3438946161, 6.2642120483, 3.1498990755, 8.9687471328, 11.2023080641, 11.1238997922, 2.6250881012, 9.9148788578, 8.9228738016, 10.906245223, 7.9863174789, 0, 1.6132242978, 0.32587022293, 10.4566479687, 8.5095523923, 8.5119487727, 5.875091842, 11.7567446539, 10.4324704343, 2.2898100738, 0, 239.6201451493, 29.7852787491, 27.2834755905, 7.9933846977],
      [1.2779645904, 1.3612398142, 1.5279379053, 1.9981906528, 1.9732287589, 3.2636254955, 0.7496080818, 1.5337385528, 1.0355003478, 2.3367416813, 0.5732850338, 0.6903808467, 0.63740653285, 0.30355640129, 0.57708892716, 1.1457373498, 0.6820391645, 0.6058906921, 0.83138864073, 1.7729426874, 2.1805774431, 0.75247433044, 1.6975865584, 2.0011321473, 1.6770933846, 1.2217499592, 0, 0.44407518989, 0.052302035239, 2.2977393823, 1.3672347609, 1.1951018879, 0.9115856174, 2.4952187231, 1.1015586643, 0.38792201823, 0, 39.4484658081, 5.0140678797, 5.3095627318, 1.4812555941],
      [1.2182961904, 1.2095254943, 1.8945935677, 2.2276418037, 1.0898512981, 3.5499655871, 0.66421594718, 1.5664772541, 1.0174005401, 1.8983052406, 0.57860085496, 1.0537942484, 0.45674974513, 0, 0.39537159037, 1.2188890801, 1.0519506021, 0.57019818038, 1.2765997261, 2.0361537918, 0.95043890771, 1.1817003792, 2.0385045133, 1.3819351091, 1.2417916311, 0.87588856475, 0, 0.19938461084, 0.057876917585, 1.3925682681, 1.5814004819, 0.88098865889, 1.1516646387, 2.1399642456, 1.3143256977, 0.40716956285, 0, 39.5390171769, 6.1198012723, 5.9660089467, 0.70788291406]
    ]
  ],
  "prob": [
    [0.001211587698, 0.06217035381, 0.69205228805, 0.24456577044],
    [0.52797966519, 0.24563032335, 0.21867068563, 0.0077193258356],
    [0.014434627893, 0.89178753015, 0.069707024291, 0.024070817667],
    [0.0037484105073, 0.078082362332, 0.91493431957, 0.0032349075942],
    [0.0011368317732, 0.48585094008, 0.29461965907, 0.21839256908],
    [0.32929303985, 0.50092705056, 0.086073180663, 0.083706728924]
  ],
  "iterations": 198,
  "time": 0.026018,
  "message": "Converged",
  "status": 0,
  "miniter": 0,
  "maxiter": 1000,
  "maxtime": 3600,
  "param_threshold": 0.001,
  "ll_threshold": "-Inf",
  "initial_prob": "random",
  "adjust_prob_cond_method": "project_lp",
  "adjust_prob_cond_every": false,
  "candidates_id": ["DREW, Madeleine Rose.c", "McCANN, Robert Eric.c", "GUY, Allen Nathan.c", "Other candidates votes.c"],
  "group_id": ["Conservative.p", "Green Party.p", "Labour Party.p", "National Party.p", "New Zealand First Party.p", "Other parties votes.p"]
}
