{
  "X": [
    [48, 34, 95, 180, 183, 0],
    [35, 125, 119, 132, 220, 1],
    [47, 108, 125, 198, 193, 0],
    [53, 56, 104, 202, 205, 0],
    [41, 73, 107, 151, 208, 0],
    [56, 21, 28, 110, 169, 0],
    [15, 79, 67, 121, 172, 1],
    [45, 48, 55, 129, 158, 0],
    [36, 40, 31, 112, 141, 0],
    [43, 14, 31, 106, 147, 2],
    [21, 40, 55, 75, 92, 0],
    [44, 22, 50, 140, 175, 0],
    [17, 13, 23, 81, 95, 1],
    [6, 7, 18, 56, 117, 0],
    [60, 24, 21, 120, 133, 0],
    [40, 22, 28, 198, 195, 0],
    [21, 28, 79, 177, 169, 0],
    [26, 31, 51, 154, 136, 0],
    [35, 34, 69, 137, 154, 2],
    [38, 50, 90, 143, 170, 0],
    [31, 27, 59, 161, 181, 0],
    [60, 49, 100, 196, 175, 0],
    [61, 63, 123, 183, 226, 3],
    [48, 52, 97, 181, 162, 1],
    [27, 45, 104, 128, 139, 0],
    [50, 54, 119, 158, 169, 0],
    [41, 61, 102, 142, 143, 1],
    [34, 36, 84, 92, 137, 1],
    [6, 28, 75, 102, 104, 0],
    [12, 34, 94, 141, 151, 0],
    [55, 23, 94, 112, 136, 1],
    [31, 23, 130, 115, 122, 0],
    [28, 23, 78, 120, 126, 1],
    [17, 16, 85, 92, 128, 0],
    [25, 45, 135, 160, 163, 0],
    [37, 42, 110, 121, 171, 1],
    [37, 28, 80, 128, 177, 1],
    [16, 12, 36, 152, 195, 0],
    [58, 19, 38, 172, 147, 1],
    [48, 8, 29, 106, 97, 1],
    [24, 31, 126, 152, 181, 1],
    [73, 11, 25, 109, 133, 2],
    [36, 13, 33, 144, 124, 2],
    [46, 17, 44, 122, 131, 1],
    [42, 104, 78, 169, 203, 3],
    [46, 81, 69, 144, 217, 0],
    [56, 83, 69, 127, 189, 0],
    [19, 65, 114, 111, 168, 1],
    [19, 44, 103, 111, 140, 0],
    [13, 76, 109, 124, 155, 0],
    [34, 81, 87, 170, 166, 1],
    [16, 54, 63, 127, 162, 0],
    [47, 35, 79, 121, 135, 0],
    [20, 24, 28, 134, 108, 0],
    [9, 55, 64, 88, 108, 0],
    [35, 40, 60, 117, 135, 0],
    [45, 22, 42, 114, 152, 1],
    [33, 30, 36, 158, 134, 0],
    [46, 160, 94, 119, 142, 0],
    [35, 146, 109, 104, 158, 1],
    [29, 30, 82, 158, 177, 0],
    [59, 32, 97, 173, 175, 0],
    [253, 667, 844, 1447, 1535, 5]
  ],
  "W": [
    [38, 89, 23, 50, 141, 135, 64],
    [70, 36, 103, 80, 103, 184, 56],
    [47, 79, 94, 66, 180, 158, 47],
    [52, 94, 47, 47, 145, 170, 65],
    [47, 67, 61, 59, 118, 166, 62],
    [15, 7, 22, 18, 111, 146, 65],
    [39, 21, 60, 42, 113, 138, 42],
    [38, 25, 43, 26, 115, 134, 54],
    [19, 14, 25, 20, 110, 117, 55],
    [15, 14, 10, 16, 112, 124, 52],
    [18, 16, 27, 38, 66, 88, 30],
    [17, 21, 16, 29, 123, 140, 85],
    [11, 9, 6, 13, 69, 74, 48],
    [9, 8, 7, 7, 50, 93, 30],
    [17, 12, 20, 20, 121, 124, 44],
    [15, 12, 11, 17, 202, 174, 52],
    [33, 24, 26, 54, 163, 146, 28],
    [26, 8, 26, 29, 135, 116, 58],
    [26, 26, 25, 44, 119, 134, 57],
    [20, 14, 38, 59, 134, 158, 68],
    [22, 14, 21, 43, 154, 160, 45],
    [40, 27, 37, 65, 173, 154, 84],
    [40, 44, 54, 72, 176, 189, 84],
    [49, 38, 37, 64, 162, 129, 62],
    [29, 33, 37, 63, 114, 113, 54],
    [26, 44, 39, 80, 156, 143, 62],
    [32, 26, 53, 69, 124, 126, 60],
    [16, 57, 17, 51, 85, 112, 46],
    [23, 41, 18, 43, 78, 83, 29],
    [36, 78, 21, 50, 104, 110, 33],
    [28, 89, 22, 40, 99, 99, 44],
    [25, 45, 22, 74, 117, 97, 41],
    [28, 26, 16, 45, 111, 106, 44],
    [25, 35, 11, 51, 79, 103, 34],
    [42, 67, 34, 76, 132, 124, 53],
    [49, 32, 31, 74, 120, 133, 43],
    [30, 39, 28, 35, 116, 151, 52],
    [25, 9, 8, 27, 132, 176, 34],
    [33, 7, 13, 20, 162, 135, 65],
    [17, 10, 7, 15, 109, 85, 46],
    [23, 77, 29, 73, 128, 138, 47],
    [15, 17, 10, 12, 123, 122, 54],
    [27, 18, 10, 16, 128, 103, 50],
    [19, 15, 12, 29, 122, 110, 54],
    [61, 18, 81, 43, 150, 184, 62],
    [52, 21, 67, 40, 125, 181, 71],
    [48, 21, 62, 43, 123, 170, 57],
    [40, 50, 42, 71, 99, 129, 47],
    [40, 65, 32, 53, 83, 109, 35],
    [40, 52, 63, 65, 111, 119, 27],
    [49, 19, 71, 58, 158, 138, 46],
    [45, 26, 39, 36, 99, 135, 42],
    [31, 28, 28, 55, 121, 103, 51],
    [21, 19, 18, 15, 116, 80, 45],
    [31, 32, 37, 42, 69, 82, 31],
    [41, 14, 35, 38, 98, 114, 47],
    [29, 15, 18, 25, 120, 128, 41],
    [29, 15, 25, 29, 130, 114, 49],
    [61, 17, 141, 60, 98, 119, 65],
    [57, 41, 107, 68, 102, 133, 45],
    [32, 66, 19, 50, 122, 134, 53],
    [21, 88, 20, 49, 147, 144, 67],
    [415, 338, 508, 489, 1245, 1205, 551]
  ],
  "method": "mcmc",
  "mcmc_stepsize": 3000,
  "mcmc_samples": 1000,
  "burn_in": 10000,
  "cond_prob": [
    [
      [0.15789473684, 0.052631578947, 0.15789473684, 0.31578947368, 0.31578947368, 0],
      [0.078651685393, 0.089887640449, 0.16853932584, 0.32584269663, 0.33707865169, 0],
      [0.086956521739, 0.04347826087, 0.26086956522, 0.30434782609, 0.30434782609, 0],
      [0.08, 0.06, 0.2, 0.34, 0.32, 0],
      [0.085106382979, 0.056737588652, 0.17021276596, 0.3475177305, 0.34042553191, 0],
      [0.088888888889, 0.059259259259, 0.17037037037, 0.33333333333, 0.34814814815, 0],
      [0.078125, 0.0625, 0.171875, 0.328125, 0.359375, 0]
    ],
    [
      [0.085714285714, 0.18571428571, 0.18571428571, 0.2, 0.34285714286, 1.1484913717e-52],
      [0.055555555556, 0.25, 0.16666666667, 0.19444444444, 0.33333333333, 2.7371603453e-45],
      [0.04854368932, 0.20388349515, 0.20388349515, 0.20388349515, 0.33980582524, 1.2592950869e-60],
      [0.05, 0.1875, 0.2, 0.225, 0.3375, 1.4560918985e-42],
      [0.04854368932, 0.19417475728, 0.18446601942, 0.22330097087, 0.34951456311, 2.5838383834e-37],
      [0.054347826087, 0.19565217391, 0.1847826087, 0.20652173913, 0.35869565217, 4.0324724793e-30],
      [0.053571428571, 0.19642857143, 0.17857142857, 0.19642857143, 0.35714285714, 0.017857142857]
    ],
    [
      [0.12765957447, 0.14893617021, 0.17021276596, 0.27659574468, 0.27659574468, 0],
      [0.063291139241, 0.18987341772, 0.17721518987, 0.29113924051, 0.27848101266, 0],
      [0.063829787234, 0.17021276596, 0.1914893617, 0.28723404255, 0.28723404255, 0],
      [0.060606060606, 0.15151515152, 0.22727272727, 0.28787878788, 0.27272727273, 0],
      [0.066666666667, 0.15555555556, 0.18333333333, 0.31111111111, 0.28333333333, 0],
      [0.069620253165, 0.1582278481, 0.1835443038, 0.29746835443, 0.29113924051, 0],
      [0.063829787234, 0.14893617021, 0.17021276596, 0.27659574468, 0.34042553191, 0]
    ],
    [
      [0.11538461538, 0.096153846154, 0.15384615385, 0.30769230769, 0.32692307692, 0],
      [0.085106382979, 0.10638297872, 0.15957446809, 0.31914893617, 0.32978723404, 0],
      [0.085106382979, 0.085106382979, 0.1914893617, 0.31914893617, 0.31914893617, 0],
      [0.085106382979, 0.085106382979, 0.1914893617, 0.31914893617, 0.31914893617, 0],
      [0.08275862069, 0.089655172414, 0.1724137931, 0.33103448276, 0.32413793103, 0],
      [0.082352941176, 0.088235294118, 0.16470588235, 0.33529411765, 0.32941176471, 0],
      [0.076923076923, 0.076923076923, 0.15384615385, 0.32307692308, 0.36923076923, 0]
    ],
    [
      [0.12765957447, 0.10638297872, 0.17021276596, 0.25531914894, 0.34042553191, 0],
      [0.059701492537, 0.14925373134, 0.17910447761, 0.25373134328, 0.35820895522, 0],
      [0.065573770492, 0.16393442623, 0.18032786885, 0.24590163934, 0.34426229508, 0],
      [0.067796610169, 0.1186440678, 0.20338983051, 0.25423728814, 0.35593220339, 0],
      [0.067796610169, 0.1186440678, 0.19491525424, 0.26271186441, 0.35593220339, 0],
      [0.066265060241, 0.12048192771, 0.18072289157, 0.27108433735, 0.36144578313, 0],
      [0.064516129032, 0.11290322581, 0.17741935484, 0.25806451613, 0.38709677419, 0]
    ],
    [
      [0.26666666667, 2.1873998619e-14, 0.066666666667, 0.26666666667, 0.4, 0],
      [0.14285714286, 0.14285714286, 2.144019278e-14, 0.28571428571, 0.42857142857, 0],
      [0.13636363636, 0.13636363636, 0.045454545455, 0.27272727273, 0.40909090909, 0],
      [0.11111111111, 0.055555555556, 0.16666666667, 0.27777777778, 0.38888888889, 0],
      [0.14414414414, 0.054054054054, 0.081081081081, 0.28828828829, 0.43243243243, 0],
      [0.14383561644, 0.047945205479, 0.068493150685, 0.29452054795, 0.44520547945, 0],
      [0.13846153846, 0.046153846154, 0.061538461538, 0.27692307692, 0.47692307692, 0]
    ],
    [
      [0.10256410256, 0.15384615385, 0.12820512821, 0.25641025641, 0.35897435897, 4.4062321328e-34],
      [0.047619047619, 0.2380952381, 0.14285714286, 0.2380952381, 0.33333333333, 1.7951664719e-40],
      [0.016666666667, 0.2, 0.16666666667, 0.25, 0.36666666667, 9.1253694889e-46],
      [0.02380952381, 0.16666666667, 0.16666666667, 0.28571428571, 0.35714285714, 2.347611395e-30],
      [0.026548672566, 0.16814159292, 0.14159292035, 0.28318584071, 0.38053097345, 4.925067594e-25],
      [0.028985507246, 0.16666666667, 0.14492753623, 0.26086956522, 0.39855072464, 4.513410534e-16],
      [0.02380952381, 0.16666666667, 0.14285714286, 0.2619047619, 0.38095238095, 0.02380952381]
    ],
    [
      [0.15789473684, 0.10526315789, 0.10526315789, 0.28947368421, 0.34210526316, 0],
      [0.16, 0.08, 0.12, 0.28, 0.36, 0],
      [0.093023255814, 0.16279069767, 0.11627906977, 0.27906976744, 0.3488372093, 0],
      [0.076923076923, 0.15384615385, 0.15384615385, 0.26923076923, 0.34615384615, 0],
      [0.095652173913, 0.10434782609, 0.14782608696, 0.29565217391, 0.35652173913, 0],
      [0.097014925373, 0.10447761194, 0.11940298507, 0.31343283582, 0.36567164179, 0],
      [0.092592592593, 0.092592592593, 0.11111111111, 0.2962962963, 0.40740740741, 0]
    ],
    [
      [0.21052631576, 0.10526315792, 0.052631578969, 0.26315789474, 0.36842105262, 0],
      [0.071428571443, 0.21428571427, 0.071428571429, 0.2857142857, 0.35714285716, 0],
      [0.079999999999, 0.080000000016, 0.19999999997, 0.28000000004, 0.35999999997, 0],
      [0.1, 0.10000000004, 0.05, 0.39999999992, 0.35000000004, 0],
      [0.10000000001, 0.10909090908, 0.081818181818, 0.31818181818, 0.39090909091, 0],
      [0.094017094012, 0.1111111111, 0.085470085469, 0.30769230771, 0.40170940171, 0],
      [0.090909090905, 0.10909090911, 0.072727272735, 0.30909090906, 0.41818181818, 0]
    ],
    [
      [0.26666666667, 1.8957021187e-14, 0.066666666667, 0.26666666667, 0.4, 1.9015797107e-30],
      [0.071428571429, 0.14285714286, 0.071428571429, 0.28571428571, 0.42857142857, 7.3161568742e-31],
      [0.1, 0.1, 0.1, 0.3, 0.4, 3.4688483899e-36],
      [0.125, 6.2372440177e-15, 0.1875, 0.3125, 0.375, 1.2521955447e-30],
      [0.125, 0.035714285714, 0.089285714286, 0.32142857143, 0.42857142857, 3.2230311669e-16],
      [0.12096774194, 0.040322580645, 0.088709677419, 0.3064516129, 0.4435483871, 5.5128990305e-16],
      [0.11538461538, 0.038461538462, 0.076923076923, 0.30769230769, 0.42307692308, 0.038461538462]
    ],
    [
      [0.22222222222, 0.11111111112, 0.16666666665, 0.22222222222, 0.27777777779, 0],
      [0.062499999995, 0.18750000001, 0.18749999999, 0.25000000001, 0.31249999999, 0],
      [0.074074074079, 0.18518518518, 0.18518518518, 0.25925925927, 0.29629629629, 0],
      [0.052631578954, 0.13157894737, 0.23684210526, 0.26315789473, 0.31578947369, 0],
      [0.060606060606, 0.13636363636, 0.19696969697, 0.28787878788, 0.31818181818, 0],
      [0.068181818177, 0.13636363637, 0.19318181818, 0.27272727273, 0.32954545455, 0],
      [0.066666666673, 0.13333333333, 0.16666666666, 0.23333333334, 0.39999999999, 0]
    ],
    [
      [0.29411764706, 5.6797664355e-14, 0.058823529412, 0.29411764706, 0.35294117647, 0],
      [0.095238095238, 0.14285714286, 0.095238095237, 0.28571428571, 0.38095238095, 0],
      [0.062500000002, 0.0625, 0.1875, 0.3125, 0.375, 0],
      [0.068965517242, 0.034482758621, 0.1724137931, 0.34482758621, 0.37931034483, 0],
      [0.097560975609, 0.048780487805, 0.11382113821, 0.34146341463, 0.39837398374, 0],
      [0.1, 0.05, 0.11428571429, 0.32142857143, 0.41428571429, 0],
      [0.094117647059, 0.047058823529, 0.10588235294, 0.31764705882, 0.43529411765, 0]
    ],
    [
      [0.27228416419, 2.2647125533e-08, 0.090909159685, 0.2733919012, 0.36341475227, 2.8239595225e-25],
      [0.111111142, 0.22195141106, 0.00027081903165, 0.3325210297, 0.33414559821, 3.5031844807e-25],
      [0.00040614684503, 0.33292709021, 1.1429997679e-07, 0.33292713078, 0.33373951787, 1.2084343317e-32],
      [4.4202594619e-08, 3.6894032138e-08, 0.30750477767, 0.3078797748, 0.38461536644, 3.9587673072e-19],
      [0.072499094442, 0.043442941794, 0.10155520875, 0.37670563299, 0.40579712202, 5.0646782407e-12],
      [0.06753463618, 0.054021119864, 0.094561663934, 0.36506244193, 0.41882013682, 1.2731556827e-09],
      [0.062550747215, 0.041869753682, 0.083231802954, 0.33318105382, 0.45833331096, 0.020833331363]
    ],
    [
      [0.2223141671, 5.66345774e-06, 0.0002710989526, 0.22211866155, 0.55529040895, 0],
      [0.12485265812, 0.12484456656, 2.1658013633e-05, 0.25013651542, 0.50014460189, 0],
      [0.00018850939968, 0.14283963642, 0.14267094682, 0.1430489453, 0.57125196206, 0],
      [5.0057268295e-06, 2.9738949908e-05, 0.28551301989, 0.14305458278, 0.57139765265, 0],
      [0.019997519086, 0.020047060536, 0.10002228094, 0.29996957815, 0.5599635613, 0],
      [0.021480068074, 0.032244603315, 0.085999220807, 0.29036472436, 0.56991138344, 0],
      [4.9144669124e-05, 0.033333524457, 0.066701916548, 0.2664905651, 0.63342484922, 0]
    ],
    [
      [0.29411764706, 0.058823529412, 1.7273271618e-13, 0.29411764706, 0.35294117647, 0],
      [0.16666666667, 0.16666666667, 4.7082185102e-14, 0.33333333333, 0.33333333333, 0],
      [0.15, 0.1, 0.1, 0.3, 0.35, 0],
      [0.15, 0.05, 0.15, 0.3, 0.35, 0],
      [0.1652892562, 0.066115702479, 0.057851239669, 0.34710743802, 0.36363636364, 0],
      [0.16129032258, 0.064516129032, 0.056451612903, 0.34677419355, 0.37096774194, 0],
      [0.15909090909, 0.045454545455, 0.045454545455, 0.31818181818, 0.43181818182, 0]
    ],
    [
      [0.2, 3.606358289e-16, 6.8604350567e-16, 0.4, 0.4, 0],
      [0.16666666667, 0.16666666667, 2.7226021588e-15, 0.33333333333, 0.33333333333, 0],
      [4.5932004796e-15, 0.18181818182, 0.090909090909, 0.36363636364, 0.36363636364, 0],
      [0.058823529412, 1.4846032874e-15, 0.17647058824, 0.41176470588, 0.35294117647, 0],
      [0.079207920792, 0.044554455446, 0.054455445545, 0.42079207921, 0.40099009901, 0],
      [0.080459770115, 0.040229885057, 0.057471264368, 0.40804597701, 0.41379310345, 0],
      [0.076923076923, 0.038461538462, 0.057692307692, 0.40384615385, 0.42307692308, 0]
    ],
    [
      [0.090909090909, 0.060606060606, 0.15151515152, 0.36363636364, 0.33333333333, 0],
      [0.041666666667, 0.125, 0.16666666667, 0.33333333333, 0.33333333333, 0],
      [0.038461538462, 0.076923076923, 0.19230769231, 0.34615384615, 0.34615384615, 0],
      [0.037037037037, 0.055555555556, 0.18518518519, 0.37037037037, 0.35185185185, 0],
      [0.042944785276, 0.055214723926, 0.16564417178, 0.38036809816, 0.35582822086, 0],
      [0.041095890411, 0.054794520548, 0.16438356164, 0.38356164384, 0.35616438356, 0],
      [0.035714285714, 0.035714285714, 0.14285714286, 0.35714285714, 0.42857142857, 0]
    ],
    [
      [0.11538461538, 0.076923076923, 0.11538461538, 0.38461538462, 0.30769230769, 0],
      [0.25, 2.3331108668e-14, 0.125, 0.375, 0.25, 0],
      [0.076923076923, 0.11538461538, 0.11538461538, 0.38461538462, 0.30769230769, 0],
      [0.034482758621, 0.10344827586, 0.1724137931, 0.37931034483, 0.31034482759, 0],
      [0.059259259259, 0.074074074074, 0.13333333333, 0.39259259259, 0.34074074074, 0],
      [0.060344827586, 0.077586206897, 0.12068965517, 0.38793103448, 0.35344827586, 0],
      [0.051724137931, 0.068965517241, 0.12068965517, 0.37931034483, 0.37931034483, 0]
    ],
    [
      [0.11538461538, 0.076923076923, 0.15384615385, 0.30769230769, 0.34615384615, 6.4677150748e-39],
      [0.11538461538, 0.076923076923, 0.15384615385, 0.30769230769, 0.34615384615, 1.5840487858e-32],
      [0.12, 0.12, 0.16, 0.28, 0.32, 4.1175932537e-46],
      [0.068181818182, 0.090909090909, 0.18181818182, 0.31818181818, 0.34090909091, 1.0216564641e-33],
      [0.075630252101, 0.075630252101, 0.15966386555, 0.33613445378, 0.35294117647, 3.0123018648e-24],
      [0.074626865672, 0.074626865672, 0.15671641791, 0.31343283582, 0.38059701493, 4.8713707826e-25],
      [0.070175438596, 0.070175438596, 0.15789473684, 0.31578947368, 0.35087719298, 0.035087719298]
    ],
    [
      [0.2, 0.1, 0.15, 0.25, 0.3, 0],
      [0.071428571429, 0.21428571429, 0.14285714286, 0.28571428571, 0.28571428571, 0],
      [0.052631578947, 0.10526315789, 0.21052631579, 0.28947368421, 0.34210526316, 0],
      [0.067796610169, 0.10169491525, 0.20338983051, 0.28813559322, 0.33898305085, 0],
      [0.074626865672, 0.097014925373, 0.18656716418, 0.29850746269, 0.34328358209, 0],
      [0.075949367089, 0.10126582278, 0.17721518987, 0.29746835443, 0.34810126582, 0],
      [0.073529411765, 0.088235294118, 0.17647058824, 0.27941176471, 0.38235294118, 0]
    ],
    [
      [0.18181818182, 0.045454545455, 0.090909090909, 0.31818181818, 0.36363636364, 0],
      [0.071428571429, 0.21428571429, 0.071428571429, 0.28571428571, 0.35714285714, 0],
      [0.047619047619, 0.047619047619, 0.19047619048, 0.33333333333, 0.38095238095, 0],
      [0.046511627907, 0.046511627907, 0.18604651163, 0.3488372093, 0.37209302326, 0],
      [0.064935064935, 0.058441558442, 0.12337662338, 0.36363636364, 0.38961038961, 0],
      [0.0625, 0.05625, 0.125, 0.35625, 0.4, 0],
      [0.066666666667, 0.044444444444, 0.11111111111, 0.33333333333, 0.44444444444, 0]
    ],
    [
      [0.15, 0.075, 0.15, 0.325, 0.3, 0],
      [0.14814814815, 0.074074074074, 0.14814814815, 0.33333333333, 0.2962962963, 0],
      [0.10810810811, 0.10810810811, 0.16216216216, 0.32432432432, 0.2972972973, 0],
      [0.092307692308, 0.092307692308, 0.2, 0.32307692308, 0.29230769231, 0],
      [0.098265895954, 0.080924855491, 0.17919075145, 0.34104046243, 0.30057803468, 0],
      [0.097402597403, 0.084415584416, 0.16883116883, 0.35064935065, 0.2987012987, 0],
      [0.095238095238, 0.083333333333, 0.16666666667, 0.33333333333, 0.32142857143, 0]
    ],
    [
      [0.15, 0.075, 0.175, 0.275, 0.325, 3.5822038126e-56],
      [0.11363636364, 0.090909090909, 0.18181818182, 0.27272727273, 0.34090909091, 5.4742455236e-52],
      [0.074074074074, 0.14814814815, 0.18518518519, 0.25925925926, 0.33333333333, 3.2266576583e-68],
      [0.083333333333, 0.083333333333, 0.22222222222, 0.27777777778, 0.33333333333, 1.0035617588e-50],
      [0.090909090909, 0.090909090909, 0.18181818182, 0.28977272727, 0.34659090909, 2.0217089517e-34],
      [0.089947089947, 0.095238095238, 0.18518518519, 0.27513227513, 0.3544973545, 2.5308679185e-35],
      [0.083333333333, 0.095238095238, 0.17857142857, 0.27380952381, 0.33333333333, 0.035714285714]
    ],
    [
      [0.14285714286, 0.081632653061, 0.16326530612, 0.32653061224, 0.28571428571, 1.059687356e-43],
      [0.078947368421, 0.15789473684, 0.15789473684, 0.31578947368, 0.28947368421, 1.5192373568e-43],
      [0.081081081081, 0.10810810811, 0.18918918919, 0.32432432432, 0.2972972973, 1.2701372673e-45],
      [0.078125, 0.09375, 0.203125, 0.328125, 0.296875, 2.5384538145e-40],
      [0.086419753086, 0.092592592593, 0.17901234568, 0.34567901235, 0.2962962963, 4.1634539121e-33],
      [0.085271317829, 0.093023255814, 0.17829457364, 0.34108527132, 0.3023255814, 2.0961030649e-22],
      [0.08064516129, 0.08064516129, 0.17741935484, 0.32258064516, 0.32258064516, 0.016129032258]
    ],
    [
      [0.13793103448, 0.068965517241, 0.20689655172, 0.27586206897, 0.31034482759, 0],
      [0.090909090909, 0.12121212121, 0.21212121212, 0.27272727273, 0.30303030303, 0],
      [0.054054054054, 0.16216216216, 0.21621621622, 0.27027027027, 0.2972972973, 0],
      [0.047619047619, 0.095238095238, 0.26984126984, 0.28571428571, 0.30158730159, 0],
      [0.052631578947, 0.09649122807, 0.24561403509, 0.29824561404, 0.30701754386, 0],
      [0.053097345133, 0.097345132743, 0.23008849558, 0.30088495575, 0.3185840708, 0],
      [0.055555555556, 0.092592592593, 0.22222222222, 0.27777777778, 0.35185185185, 0]
    ],
    [
      [0.15384615385, 0.11538461538, 0.19230769231, 0.26923076923, 0.26923076923, 0],
      [0.090909090909, 0.13636363636, 0.20454545455, 0.27272727273, 0.29545454545, 0],
      [0.076923076923, 0.076923076923, 0.28205128205, 0.28205128205, 0.28205128205, 0],
      [0.0875, 0.0875, 0.225, 0.3, 0.3, 0],
      [0.089743589744, 0.096153846154, 0.21153846154, 0.29487179487, 0.30769230769, 0],
      [0.090909090909, 0.097902097902, 0.20979020979, 0.28671328671, 0.31468531469, 0],
      [0.08064516129, 0.096774193548, 0.20967741935, 0.27419354839, 0.33870967742, 0]
    ],
    [
      [0.15625, 0.09375, 0.1875, 0.28125, 0.28125, 1.2469066881e-42],
      [0.076923076923, 0.19230769231, 0.19230769231, 0.26923076923, 0.26923076923, 9.3635286491e-45],
      [0.075471698113, 0.15094339623, 0.20754716981, 0.28301886792, 0.28301886792, 3.9439445568e-53],
      [0.072463768116, 0.11594202899, 0.24637681159, 0.27536231884, 0.28985507246, 4.5686059981e-42],
      [0.08064516129, 0.12096774194, 0.20161290323, 0.3064516129, 0.29032258065, 8.7690312751e-33],
      [0.079365079365, 0.11904761905, 0.20634920635, 0.29365079365, 0.30158730159, 4.4877024397e-29],
      [0.083333333333, 0.11666666667, 0.2, 0.28333333333, 0.3, 0.016666666667]
    ],
    [
      [0.25, 0.0625, 0.1875, 0.1875, 0.3125, 7.1740009289e-38],
      [0.087719298246, 0.12280701754, 0.21052631579, 0.22807017544, 0.35087719298, 1.1645617822e-37],
      [0.058823529412, 0.17647058824, 0.17647058824, 0.23529411765, 0.35294117647, 2.8262274e-44],
      [0.078431372549, 0.078431372549, 0.25490196078, 0.23529411765, 0.35294117647, 4.494522235e-28],
      [0.082352941176, 0.082352941176, 0.22352941176, 0.25882352941, 0.35294117647, 2.1313152654e-21],
      [0.080357142857, 0.089285714286, 0.21428571429, 0.24107142857, 0.375, 6.9366036714e-19],
      [0.086956521739, 0.086956521739, 0.21739130435, 0.23913043478, 0.34782608696, 0.021739130435]
    ],
    [
      [0.086956521703, 0.086956521733, 0.21739130433, 0.30434782606, 0.30434782617, 0],
      [0.048780487786, 0.097560975585, 0.21951219509, 0.31707317088, 0.31707317066, 0],
      [3.5957541409e-11, 0.22222222218, 0.22222222218, 0.27777777776, 0.27777777785, 0],
      [4.8042758665e-12, 0.069767441937, 0.30232558133, 0.30232558136, 0.32558139537, 0],
      [0.012820512828, 0.076923076918, 0.2435897436, 0.34615384614, 0.32051282051, 0],
      [0.012048192769, 0.084337349381, 0.22891566267, 0.33734939756, 0.33734939762, 0],
      [1.139985066e-11, 0.068965517254, 0.20689655182, 0.31034482758, 0.41379310333, 0]
    ],
    [
      [0.11111111111, 0.055555555556, 0.19444444444, 0.30555555556, 0.33333333333, 0],
      [0.025641025641, 0.10256410256, 0.20512820513, 0.32051282051, 0.34615384615, 0],
      [5.9573414316e-22, 0.14285714286, 0.2380952381, 0.28571428571, 0.33333333333, 0],
      [0.02, 0.06, 0.26, 0.32, 0.34, 0],
      [0.019230769231, 0.076923076923, 0.22115384615, 0.33653846154, 0.34615384615, 0],
      [0.027272727273, 0.072727272727, 0.20909090909, 0.34545454545, 0.34545454545, 0],
      [1.8759062438e-15, 0.060606060606, 0.21212121212, 0.30303030303, 0.42424242424, 0]
    ],
    [
      [0.17857142857, 0.035714285714, 0.21428571429, 0.25, 0.32142857143, 5.9288903293e-41],
      [0.15730337079, 0.056179775281, 0.21348314607, 0.25842696629, 0.31460674157, 2.9789984594e-40],
      [0.090909090909, 0.13636363636, 0.22727272727, 0.22727272727, 0.31818181818, 4.2698551558e-47],
      [0.125, 0.05, 0.275, 0.25, 0.3, 1.8404330889e-36],
      [0.12121212121, 0.050505050505, 0.22222222222, 0.29292929293, 0.31313131313, 8.6287533868e-27],
      [0.12121212121, 0.050505050505, 0.22222222222, 0.27272727273, 0.33333333333, 3.8704666203e-21],
      [0.11363636364, 0.045454545455, 0.20454545455, 0.25, 0.36363636364, 0.022727272727]
    ],
    [
      [0.16, 0.04, 0.28, 0.24, 0.28, 0],
      [0.066666666667, 0.088888888889, 0.28888888889, 0.26666666667, 0.28888888889, 0],
      [0.045454545455, 0.045454545455, 0.36363636364, 0.27272727273, 0.27272727273, 0],
      [0.067567567568, 0.054054054054, 0.32432432432, 0.27027027027, 0.28378378378, 0],
      [0.068376068376, 0.051282051282, 0.31623931624, 0.28205128205, 0.28205128205, 0],
      [0.072164948454, 0.051546391753, 0.29896907216, 0.27835051546, 0.29896907216, 0],
      [0.073170731707, 0.048780487805, 0.29268292683, 0.26829268293, 0.31707317073, 0]
    ],
    [
      [0.17857142857, 0.035714285714, 0.17857142857, 0.28571428571, 0.32142857143, 1.330330388e-36],
      [0.038461538462, 0.15384615385, 0.19230769231, 0.30769230769, 0.30769230769, 4.49260092e-34],
      [0.0625, 0.125, 0.1875, 0.3125, 0.3125, 2.0466302177e-36],
      [0.066666666667, 0.044444444444, 0.24444444444, 0.31111111111, 0.33333333333, 8.683490799e-31],
      [0.072072072072, 0.054054054054, 0.21621621622, 0.32432432432, 0.33333333333, 1.8549484276e-16],
      [0.066037735849, 0.056603773585, 0.19811320755, 0.33018867925, 0.34905660377, 1.0718925084e-19],
      [0.068181818182, 0.045454545455, 0.20454545455, 0.31818181818, 0.34090909091, 0.022727272727]
    ],
    [
      [0.12, 0.04, 0.24, 0.24, 0.36, 0],
      [0.085714285714, 0.057142857143, 0.22857142857, 0.25714285714, 0.37142857143, 0],
      [1.494678948e-12, 0.27272727273, 0.18181818182, 0.18181818182, 0.36363636363, 0],
      [0.039215686275, 0.039215686275, 0.29411764706, 0.25490196078, 0.37254901961, 0],
      [0.037974683544, 0.037974683544, 0.26582278481, 0.29113924051, 0.36708860759, 0],
      [0.04854368932, 0.038834951456, 0.2427184466, 0.29126213592, 0.3786407767, 0],
      [0.029411764706, 0.029411764706, 0.23529411765, 0.26470588235, 0.44117647059, 0]
    ],
    [
      [0.11904761905, 0.071428571429, 0.2380952381, 0.28571428571, 0.28571428571, 0],
      [0.044776119403, 0.10447761194, 0.25373134328, 0.29850746269, 0.29850746269, 0],
      [0.029411764706, 0.11764705882, 0.26470588235, 0.29411764706, 0.29411764706, 0],
      [0.039473684211, 0.078947368421, 0.27631578947, 0.30263157895, 0.30263157895, 0],
      [0.045454545455, 0.083333333333, 0.25757575758, 0.31060606061, 0.30303030303, 0],
      [0.040322580645, 0.08064516129, 0.25, 0.3064516129, 0.32258064516, 0],
      [0.037735849057, 0.075471698113, 0.24528301887, 0.30188679245, 0.33962264151, 0]
    ],
    [
      [0.10204081633, 0.081632653061, 0.22448979592, 0.24489795918, 0.34693877551, 5.1683149474e-42],
      [0.09375, 0.09375, 0.21875, 0.25, 0.34375, 4.3732899582e-45],
      [0.064516129032, 0.16129032258, 0.22580645161, 0.22580645161, 0.32258064516, 5.0270441047e-44],
      [0.067567567568, 0.081081081081, 0.25675675676, 0.24324324324, 0.35135135135, 2.0721292104e-39],
      [0.075, 0.083333333333, 0.225, 0.26666666667, 0.35, 7.685935256e-19],
      [0.075187969925, 0.082706766917, 0.22556390977, 0.25563909774, 0.36090225564, 1.4111450119e-25],
      [0.06976744186, 0.06976744186, 0.20930232558, 0.23255813953, 0.39534883721, 0.023255813953]
    ],
    [
      [0.16666666667, 0.033333333333, 0.16666666667, 0.26666666667, 0.36666666667, 7.7806449297e-41],
      [0.076923076923, 0.10256410256, 0.15384615385, 0.28205128205, 0.38461538462, 6.8396902608e-42],
      [0.071428571429, 0.071428571429, 0.25, 0.25, 0.35714285714, 6.4295887049e-41],
      [0.057142857143, 0.057142857143, 0.2, 0.31428571429, 0.37142857143, 3.7753832184e-36],
      [0.077586206897, 0.060344827586, 0.1724137931, 0.30172413793, 0.38793103448, 1.6725241981e-20],
      [0.079470198675, 0.059602649007, 0.17218543046, 0.27814569536, 0.41059602649, 7.4119674248e-20],
      [0.076923076923, 0.057692307692, 0.17307692308, 0.26923076923, 0.40384615385, 0.019230769231]
    ],
    [
      [0.12000000001, 1.5532294992e-09, 0.08, 0.36000000077, 0.43999999767, 0],
      [2.1547684154e-09, 0.22222221791, 4.3187989828e-09, 0.33333332687, 0.44444444875, 0],
      [2.4289413209e-09, 0.24999999514, 0.12499999758, 0.25000000243, 0.37500000242, 0],
      [0.037037036317, 7.2325917711e-10, 0.1851851859, 0.33333333119, 0.44444444587, 0],
      [0.037878787436, 0.022727272874, 0.083333333186, 0.38636363651, 0.46969696999, 0],
      [0.034090909421, 0.028409090798, 0.085227271626, 0.37500000055, 0.4772727276, 0],
      [0.029411764136, 5.7094725105e-10, 0.058823534548, 0.35294117533, 0.55882352542, 0]
    ],
    [
      [0.18181818182, 0.030303030303, 0.060606060606, 0.39393939394, 0.33333333333, 1.4296887514e-36],
      [0.28571428571, 0.14285714286, 8.2841465898e-19, 0.28571428571, 0.28571428571, 3.5654885879e-26],
      [0.076923076923, 0.15384615385, 0.076923076923, 0.38461538462, 0.30769230769, 2.6905503382e-36],
      [0.1, 0.05, 0.2, 0.35, 0.3, 8.2639606879e-34],
      [0.12962962963, 0.043209876543, 0.092592592593, 0.4012345679, 0.33333333333, 2.2198474339e-19],
      [0.13333333333, 0.037037037037, 0.081481481481, 0.40740740741, 0.34074074074, 4.6797318847e-21],
      [0.12307692308, 0.030769230769, 0.076923076923, 0.38461538462, 0.36923076923, 0.015384615385]
    ],
    [
      [0.29411764711, 2.8757982733e-12, 0.058823529435, 0.35294117638, 0.29411764707, 6.5269910366e-28],
      [0.10000000009, 0.19999999994, 0.09999999997, 0.2999999999, 0.3000000001, 4.5437927951e-27],
      [0.14285714294, 1.3861621365e-11, 0.28571428567, 0.28571428576, 0.28571428562, 2.4117517936e-31],
      [0.13333333331, 6.9388804351e-13, 0.20000000008, 0.33333333333, 0.33333333327, 3.3846454364e-26],
      [0.16513761468, 0.027522935782, 0.091743119269, 0.3853211009, 0.33027522937, 7.9801167448e-16],
      [0.16470588234, 0.023529411764, 0.094117647044, 0.37647058827, 0.34117647058, 3.6144496836e-12],
      [0.15217391303, 0.021739130441, 0.086956521739, 0.34782608698, 0.36956521739, 0.021739130428]
    ],
    [
      [0.13043478261, 0.04347826087, 0.21739130435, 0.26086956522, 0.34782608696, 5.0932594867e-36],
      [0.051948051948, 0.077922077922, 0.23376623377, 0.28571428571, 0.35064935065, 4.4602863937e-37],
      [0.034482758621, 0.10344827586, 0.24137931034, 0.27586206897, 0.34482758621, 1.1503031374e-41],
      [0.041095890411, 0.054794520548, 0.27397260274, 0.28767123288, 0.34246575342, 1.719646269e-36],
      [0.0390625, 0.0546875, 0.25, 0.3125, 0.34375, 7.1927165815e-30],
      [0.04347826087, 0.057971014493, 0.23913043478, 0.30434782609, 0.35507246377, 9.5191276691e-29],
      [0.042553191489, 0.042553191489, 0.23404255319, 0.27659574468, 0.3829787234, 0.021276595745]
    ],
    [
      [0.33333333322, 3.635704649e-11, 0.06666666663, 0.2666666667, 0.33333333341, 1.019748396e-27],
      [0.17647058833, 0.11764705876, 0.05882352954, 0.29411764699, 0.35294117637, 5.2854256558e-29],
      [0.19999999995, 0.19999999995, 5.4516797239e-11, 0.29999999995, 0.30000000011, 8.8305624886e-39],
      [0.16666666662, 9.0860965585e-11, 0.25, 0.25, 0.33333333329, 5.3360997519e-23],
      [0.20325203249, 0.024390243907, 0.073170731707, 0.32520325205, 0.37398373984, 4.4323389694e-12],
      [0.20491803281, 0.02459016393, 0.065573770474, 0.3114754098, 0.39344262298, 4.4701285749e-12],
      [0.20370370373, 0.018518518519, 0.055555555556, 0.29629629636, 0.38888888882, 0.037037037017]
    ],
    [
      [0.18518518519, 4.4397561812e-16, 0.074074074074, 0.40740740741, 0.33333333333, 7.4152544868e-29],
      [0.055555555556, 0.16666666667, 0.055555555556, 0.38888888889, 0.33333333333, 8.4546742128e-34],
      [0.1, 0.2, 1.6032355425e-16, 0.4, 0.3, 2.6911027515e-37],
      [0.0625, 6.7619633219e-18, 0.25, 0.375, 0.3125, 4.9980385553e-25],
      [0.1015625, 0.03125, 0.1015625, 0.4140625, 0.3515625, 7.7762012206e-18],
      [0.097087378641, 0.029126213592, 0.087378640777, 0.41747572816, 0.36893203883, 2.5863056105e-17],
      [0.1, 0.02, 0.08, 0.4, 0.36, 0.04]
    ],
    [
      [0.26315789474, 2.8319250953e-16, 0.1052631579, 0.31578947369, 0.31578947368, 7.8214724731e-33],
      [0.13333333333, 0.13333333333, 0.066666666667, 0.33333333334, 0.33333333334, 2.101015574e-32],
      [0.083333333336, 0.16666666667, 0.083333333336, 0.33333333333, 0.33333333333, 6.5242382707e-40],
      [0.10344827586, 0.034482758621, 0.20689655172, 0.31034482758, 0.34482758621, 9.8260918452e-26],
      [0.12295081967, 0.040983606558, 0.12295081967, 0.35245901639, 0.3606557377, 2.2002582675e-13],
      [0.12727272727, 0.045454545454, 0.11818181818, 0.33636363636, 0.37272727273, 4.8664965505e-17],
      [0.11111111111, 0.037037037037, 0.11111111111, 0.33333333333, 0.38888888889, 0.018518518518]
    ],
    [
      [0.11475409836, 0.16393442623, 0.11475409836, 0.27868852459, 0.32786885246, 5.5713213166e-50],
      [0.055555555556, 0.22222222222, 0.11111111111, 0.27777777778, 0.33333333333, 9.5266758979e-52],
      [0.061728395062, 0.1975308642, 0.13580246914, 0.27160493827, 0.33333333333, 6.0985256562e-60],
      [0.06976744186, 0.16279069767, 0.16279069767, 0.27906976744, 0.32558139535, 5.4607035955e-48],
      [0.066666666667, 0.17333333333, 0.13333333333, 0.29333333333, 0.33333333333, 9.1972260582e-34],
      [0.065217391304, 0.16847826087, 0.125, 0.28260869565, 0.35326086957, 0.0054347826087],
      [0.064516129032, 0.16129032258, 0.12903225806, 0.27419354839, 0.33870967742, 0.032258064516]
    ],
    [
      [0.11538461538, 0.13461538462, 0.11538461538, 0.25, 0.38461538462, 0],
      [0.14285714286, 0.14285714286, 0.095238095238, 0.2380952381, 0.38095238095, 0],
      [0.074626865672, 0.16417910448, 0.11940298507, 0.25373134328, 0.38805970149, 0],
      [0.075, 0.15, 0.15, 0.25, 0.375, 0],
      [0.08, 0.144, 0.136, 0.256, 0.384, 0],
      [0.077348066298, 0.14364640884, 0.12154696133, 0.27071823204, 0.38674033149, 0],
      [0.070422535211, 0.14084507042, 0.11267605634, 0.25352112676, 0.42253521127, 0]
    ],
    [
      [0.14583333333, 0.14583333333, 0.125, 0.22916666667, 0.35416666667, 0],
      [0.095238095238, 0.2380952381, 0.095238095238, 0.2380952381, 0.33333333333, 0],
      [0.096774193548, 0.17741935484, 0.12903225806, 0.24193548387, 0.35483870968, 0],
      [0.093023255814, 0.13953488372, 0.18604651163, 0.23255813953, 0.3488372093, 0],
      [0.10569105691, 0.15447154472, 0.13008130081, 0.25203252033, 0.35772357724, 0],
      [0.10588235294, 0.15294117647, 0.12941176471, 0.24705882353, 0.36470588235, 0],
      [0.10526315789, 0.15789473684, 0.12280701754, 0.22807017544, 0.38596491228, 0]
    ],
    [
      [0.075, 0.125, 0.225, 0.225, 0.35, 7.570408221e-39],
      [0.08, 0.14, 0.22, 0.22, 0.34, 3.1334749511e-45],
      [0.02380952381, 0.19047619048, 0.2380952381, 0.21428571429, 0.33333333333, 2.013963497e-45],
      [0.028169014085, 0.12676056338, 0.28169014085, 0.22535211268, 0.33802816901, 1.0340860928e-41],
      [0.030303030303, 0.13131313131, 0.23232323232, 0.26262626263, 0.34343434343, 8.2121088809e-26],
      [0.038759689922, 0.13178294574, 0.23255813953, 0.23255813953, 0.36434108527, 7.0647870709e-30],
      [0.021276595745, 0.12765957447, 0.23404255319, 0.21276595745, 0.3829787234, 0.021276595745]
    ],
    [
      [0.1, 0.1, 0.225, 0.25, 0.325, 0],
      [0.061538461538, 0.10769230769, 0.24615384615, 0.26153846154, 0.32307692308, 0],
      [0.03125, 0.1875, 0.21875, 0.25, 0.3125, 0],
      [0.037735849057, 0.094339622642, 0.28301886792, 0.2641509434, 0.32075471698, 0],
      [0.036144578313, 0.096385542169, 0.26506024096, 0.27710843373, 0.32530120482, 0],
      [0.036697247706, 0.10091743119, 0.23853211009, 0.2752293578, 0.34862385321, 0],
      [0.028571428571, 0.085714285714, 0.22857142857, 0.25714285714, 0.4, 0]
    ],
    [
      [0.075, 0.15, 0.225, 0.25, 0.3, 0],
      [0.038461538462, 0.19230769231, 0.21153846154, 0.25, 0.30769230769, 0],
      [0.015873015873, 0.1746031746, 0.2380952381, 0.25396825397, 0.31746031746, 0],
      [0.015384615385, 0.15384615385, 0.24615384615, 0.26153846154, 0.32307692308, 0],
      [0.027027027027, 0.15315315315, 0.22522522523, 0.27027027027, 0.32432432432, 0],
      [0.025210084034, 0.1512605042, 0.2268907563, 0.26050420168, 0.33613445378, 0],
      [1.483860124e-16, 0.14814814815, 0.22222222222, 0.25925925926, 0.37037037037, 0]
    ],
    [
      [0.10204081633, 0.14285714286, 0.14285714286, 0.30612244898, 0.30612244898, 5.8653088313e-44],
      [0.15789473684, 0.15789473684, 0.15789473684, 0.26315789474, 0.26315789474, 2.2483774727e-48],
      [0.056338028169, 0.18309859155, 0.15492957746, 0.30985915493, 0.29577464789, 1.0918789787e-51],
      [0.051724137931, 0.15517241379, 0.18965517241, 0.31034482759, 0.29310344828, 8.8199091108e-47],
      [0.056962025316, 0.14556962025, 0.16455696203, 0.32911392405, 0.30379746835, 7.0730920219e-28],
      [0.057971014493, 0.14492753623, 0.15942028986, 0.31884057971, 0.31884057971, 1.1082964933e-24],
      [0.04347826087, 0.13043478261, 0.15217391304, 0.30434782609, 0.34782608696, 0.021739130435]
    ],
    [
      [0.088888888889, 0.11111111111, 0.13333333333, 0.28888888889, 0.37777777778, 0],
      [0.038461538462, 0.23076923077, 0.11538461538, 0.26923076923, 0.34615384615, 0],
      [0.025641025641, 0.12820512821, 0.20512820513, 0.28205128205, 0.35897435897, 0],
      [0.027777777778, 0.11111111111, 0.16666666667, 0.33333333333, 0.36111111111, 0],
      [0.030303030303, 0.12121212121, 0.14141414141, 0.32323232323, 0.38383838384, 0],
      [0.037037037037, 0.12592592593, 0.14814814815, 0.2962962963, 0.39259259259, 0],
      [0.02380952381, 0.11904761905, 0.14285714286, 0.28571428571, 0.42857142857, 0]
    ],
    [
      [0.1935483871, 0.064516129032, 0.16129032258, 0.25806451613, 0.32258064516, 0],
      [0.10714285714, 0.10714285714, 0.17857142857, 0.28571428571, 0.32142857143, 0],
      [0.10714285714, 0.10714285714, 0.17857142857, 0.28571428571, 0.32142857143, 0],
      [0.10909090909, 0.090909090909, 0.21818181818, 0.27272727273, 0.30909090909, 0],
      [0.10743801653, 0.082644628099, 0.19834710744, 0.28925619835, 0.32231404959, 0],
      [0.1067961165, 0.077669902913, 0.18446601942, 0.31067961165, 0.32038834951, 0],
      [0.098039215686, 0.078431372549, 0.17647058824, 0.29411764706, 0.35294117647, 0]
    ],
    [
      [0.19047619045, 0.047619047627, 0.047619047629, 0.38095238093, 0.33333333337, 0],
      [0.052631578973, 0.15789473681, 0.052631578964, 0.4210526316, 0.31578947365, 0],
      [0.055555555572, 0.1111111111, 0.11111111109, 0.38888888891, 0.33333333333, 0],
      [4.659379242e-11, 0.066666666685, 0.2, 0.39999999997, 0.3333333333, 0],
      [0.060344827582, 0.068965517241, 0.086206896557, 0.44827586206, 0.33620689656, 0],
      [0.062499999991, 0.074999999996, 0.087499999996, 0.42500000002, 0.34999999999, 0],
      [0.044444444448, 0.066666666684, 0.088888888881, 0.4222222222, 0.37777777778, 0]
    ],
    [
      [0.064516129032, 0.16129032258, 0.1935483871, 0.25806451613, 0.32258064516, 0],
      [0.0625, 0.1875, 0.1875, 0.25, 0.3125, 0],
      [0.027027027027, 0.18918918919, 0.18918918919, 0.27027027027, 0.32432432432, 0],
      [0.02380952381, 0.19047619048, 0.19047619048, 0.2619047619, 0.33333333333, 0],
      [0.014492753623, 0.15942028986, 0.21739130435, 0.27536231884, 0.33333333333, 0],
      [0.024390243902, 0.15853658537, 0.19512195122, 0.29268292683, 0.32926829268, 0],
      [3.5062577123e-17, 0.16129032258, 0.1935483871, 0.25806451613, 0.38709677419, 0]
    ],
    [
      [0.12195121951, 0.09756097561, 0.14634146341, 0.29268292683, 0.34146341463, 0],
      [0.14285714286, 0.14285714286, 0.14285714286, 0.28571428571, 0.28571428571, 0],
      [0.085714285714, 0.14285714286, 0.14285714286, 0.28571428571, 0.34285714286, 0],
      [0.078947368421, 0.10526315789, 0.18421052632, 0.28947368421, 0.34210526316, 0],
      [0.081632653061, 0.10204081633, 0.16326530612, 0.30612244898, 0.34693877551, 0],
      [0.087719298246, 0.09649122807, 0.14912280702, 0.31578947368, 0.35087719298, 0],
      [0.085106382979, 0.085106382979, 0.14893617021, 0.29787234043, 0.3829787234, 0]
    ],
    [
      [0.20689655172, 0.034482758621, 0.10344827586, 0.27586206897, 0.37931034483, 2.3238593409e-29],
      [0.13333333333, 0.13333333333, 0.066666666667, 0.26666666667, 0.4, 3.3767025064e-38],
      [0.11111111111, 0.11111111111, 0.11111111111, 0.27777777778, 0.38888888889, 8.9485473991e-40],
      [0.08, 0.04, 0.2, 0.28, 0.4, 5.5547918678e-34],
