{
  "X": [
    [0, 11, 11, 14, 48, 126, 185],
    [1, 17, 13, 13, 46, 105, 178],
    [0, 8, 12, 7, 31, 66, 145],
    [0, 11, 15, 16, 54, 80, 160],
    [1, 9, 16, 16, 49, 86, 196],
    [0, 6, 3, 10, 28, 63, 147],
    [0, 11, 18, 23, 58, 122, 210],
    [0, 10, 18, 19, 41, 116, 197],
    [0, 8, 5, 6, 23, 67, 119],
    [2, 6, 5, 7, 42, 83, 139],
    [0, 3, 9, 11, 20, 58, 104],
    [0, 5, 13, 8, 21, 80, 95],
    [3, 9, 18, 20, 43, 99, 167],
    [1, 8, 22, 30, 61, 102, 194],
    [0, 7, 14, 36, 47, 91, 171],
    [2, 22, 46, 49, 27, 115, 157],
    [0, 16, 40, 61, 36, 93, 157],
    [0, 14, 33, 46, 38, 89, 166],
    [0, 22, 58, 72, 38, 112, 196],
    [0, 7, 17, 18, 18, 114, 290],
    [2, 9, 22, 15, 24, 70, 313],
    [1, 18, 25, 22, 31, 120, 191],
    [0, 15, 42, 48, 42, 157, 228],
    [2, 23, 47, 41, 33, 184, 179],
    [0, 25, 27, 44, 40, 121, 164],
    [2, 14, 31, 35, 39, 163, 182],
    [1, 17, 31, 35, 54, 161, 220],
    [0, 19, 36, 44, 60, 169, 189],
    [0, 11, 27, 34, 26, 65, 134],
    [0, 8, 31, 21, 16, 77, 132],
    [1, 17, 20, 34, 52, 104, 175],
    [1, 13, 15, 25, 46, 108, 147],
    [0, 18, 19, 20, 29, 97, 213],
    [2, 14, 27, 34, 46, 90, 185],
    [0, 13, 24, 13, 19, 118, 159],
    [0, 13, 23, 28, 37, 94, 187],
    [0, 7, 9, 11, 35, 74, 150],
    [0, 12, 12, 12, 24, 55, 169],
    [1, 2, 9, 13, 43, 97, 164],
    [0, 6, 9, 8, 14, 63, 118],
    [0, 1, 14, 25, 8, 84, 130],
    [2, 16, 21, 24, 72, 144, 291],
    [0, 12, 9, 19, 56, 101, 222],
    [0, 3, 5, 11, 15, 79, 92],
    [2, 6, 16, 13, 34, 105, 201],
    [0, 10, 19, 32, 44, 176, 302],
    [1, 56, 104, 133, 114, 464, 931]
  ],
  "W": [
    [19, 8, 20, 8, 107, 161, 72],
    [12, 8, 25, 11, 92, 159, 66],
    [18, 5, 13, 5, 63, 125, 40],
    [16, 7, 15, 17, 73, 147, 61],
    [20, 7, 18, 11, 73, 176, 68],
    [18, 3, 16, 6, 56, 118, 40],
    [15, 11, 24, 18, 103, 196, 75],
    [13, 12, 22, 16, 106, 173, 59],
    [6, 4, 8, 2, 74, 98, 36],
    [12, 1, 20, 2, 82, 128, 39],
    [11, 4, 9, 6, 54, 88, 33],
    [1, 10, 9, 6, 79, 83, 34],
    [11, 11, 11, 18, 93, 148, 67],
    [16, 14, 11, 26, 108, 186, 57],
    [10, 10, 22, 27, 81, 169, 47],
    [10, 40, 6, 46, 105, 135, 76],
    [6, 33, 11, 55, 87, 139, 72],
    [2, 24, 9, 33, 105, 156, 57],
    [11, 49, 4, 73, 113, 172, 76],
    [7, 10, 23, 14, 89, 257, 64],
    [10, 12, 16, 14, 66, 283, 54],
    [6, 21, 10, 25, 118, 177, 51],
    [9, 30, 12, 48, 156, 201, 76],
    [4, 39, 8, 42, 164, 170, 82],
    [13, 22, 13, 26, 109, 164, 74],
    [15, 24, 17, 30, 144, 161, 75],
    [14, 20, 14, 33, 149, 220, 69],
    [15, 22, 20, 39, 162, 165, 94],
    [6, 21, 8, 38, 65, 114, 45],
    [6, 18, 10, 13, 70, 116, 52],
    [20, 12, 14, 23, 103, 155, 76],
    [12, 12, 16, 23, 103, 125, 64],
    [10, 13, 10, 13, 90, 176, 84],
    [21, 19, 12, 21, 93, 166, 66],
    [8, 12, 12, 11, 107, 139, 57],
    [12, 15, 18, 22, 96, 161, 58],
    [12, 6, 11, 7, 72, 137, 41],
    [10, 9, 9, 7, 63, 145, 41],
    [17, 7, 20, 8, 94, 142, 41],
    [8, 6, 4, 4, 62, 106, 28],
    [3, 13, 6, 16, 73, 114, 37],
    [30, 7, 57, 14, 145, 242, 75],
    [26, 4, 32, 19, 91, 178, 69],
    [11, 7, 9, 9, 67, 77, 25],
    [19, 8, 21, 9, 102, 168, 50],
    [20, 8, 36, 20, 168, 264, 67],
    [55, 67, 89, 104, 382, 792, 314]
  ],
  "method": "mult",
  "cond_prob": [
    [
      [0, 5.5966885245e-05, 5.3854299709e-05, 0.053995429073, 0.64033181039, 0.016612297141, 0.28895064221],
      [0, 0.043177970702, 0.90316516602, 0.050160653011, 0.00010611930777, 0.0033900909585, 0],
      [0, 2.8359957114e-05, 2.8279996055e-05, 0.0027705724129, 0.29026277709, 0.094704640982, 0.61220536957],
      [0, 0.023779996653, 0.055098073177, 0.91518072741, 0.0028945769753, 0.0029752786749, 7.1347111726e-05],
      [0, 0.008492974698, 0.0062704195352, 0.010305354406, 0.10978446551, 0.79860343712, 0.066543348723],
      [1.4853756697e-17, 0.0015049782878, 0.0018597658953, 0.0043982627585, 0.047487235234, 0.088809245408, 0.85594051242],
      [0, 0.12932855409, 0.032804834103, 0.047015987922, 0.14738960844, 0.33320130965, 0.3102597058]
    ],
    [
      [0.016667472914, 0.0016949964577, 0.027349912957, 0.00055781118507, 0.66417742677, 0.014876196663, 0.27467618306],
      [0, 0.056057199633, 0.90802926846, 0.03315772583, 0.00019622841157, 0.0025595776671, 0],
      [3.6380933941e-05, 0.00024840977266, 3.0955501073e-05, 0.00037854485746, 0.31421825455, 0.08737379933, 0.59771365505],
      [0, 0.045260569476, 0.076944003762, 0.87088682099, 0.0037656461759, 0.0031429595936, 0],
      [0.0051885717301, 0.016758339249, 0.010850889561, 0.007406501728, 0.1267062271, 0.77124961746, 0.061839853172],
      [0.0017854370981, 0.0046234607951, 0.0055358202592, 0.0013079017788, 0.053681586048, 0.081307280956, 0.85175851306],
      [0.0005734500593, 0.20833679484, 0.040635328896, 0.034082897954, 0.15059208341, 0.2833222576, 0.28245718724]
    ],
    [
      [0, 0.00016819971476, 0.076842625142, 0.0091553752444, 0.5912216608, 0.013411105046, 0.30920103405],
      [0, 0.031594578083, 0.94406013869, 0.022772967593, 0, 0.0012741962196, 0.00029811941207],
      [0, 0.00083523469216, 0.0034094101121, 0.00066770747511, 0.25502964435, 0.074966131288, 0.66509187208],
      [0, 0.031790936399, 0.052170804799, 0.91047478049, 0.0027393202155, 0.0022014034161, 0.00062275467718],
      [0, 0.012991073298, 0.021047082316, 0.0084862828799, 0.11310382834, 0.74967299563, 0.094698737542],
      [2.5668381785e-22, 0.0023964409427, 0.012298294883, 0.0018497388642, 0.037203031286, 0.055885966042, 0.89036652798],
      [0, 0.16377985115, 0.068202566305, 0.034860778213, 0.1313252008, 0.26378794811, 0.33804365542]
    ],
    [
      [0, 1.3302010197e-06, 0.036919924575, 0.0075889704147, 0.73253754323, 0.010692995444, 0.21225923613],
      [5.9385232501e-19, 0.033292615077, 0.95407781422, 0.010359608127, 0.00048302143166, 0.0017869411492, 0],
      [5.5426217001e-19, 2.9478261824e-05, 0.0047719190902, 0.00010527133508, 0.37816350386, 0.066518776548, 0.55041105091],
      [0, 0.032045088906, 0.092230559311, 0.79434947101, 0.012024513331, 0.016222593009, 0.053127774436],
      [1.0669473706e-18, 0.011781802439, 0.019397555421, 0.0040471567445, 0.17610734999, 0.72502696641, 0.063639169],
      [0, 0.001534699228, 0.0065557787905, 0.0011773605532, 0.074829621133, 0.066573071494, 0.8493294688],
      [0, 0.14977130101, 0.060844544012, 0.030033191732, 0.20562881997, 0.25950209341, 0.29422004987]
    ],
    [
      [0.014795675435, 4.5817057011e-05, 0.074609142191, 0.017424590404, 0.64277525068, 0.012320021815, 0.23802950242],
      [2.288074146e-05, 0.024764160383, 0.93709497257, 0.036276879341, 0.00014959282928, 0.0016617809482, 2.9733190804e-05],
      [1.2672061106e-05, 3.4575574401e-05, 0.0070416981302, 0.0010303862104, 0.30477086945, 0.070585654745, 0.61652414383],
      [4.7918682347e-06, 0.019988946739, 0.041531954425, 0.93293310528, 0.0032433441291, 0.0020588035626, 0.00023905399425],
      [0.0052612481812, 0.0086982323739, 0.018112803877, 0.01260734403, 0.13879806325, 0.7498224341, 0.066699874185],
      [0.0015901372986, 0.0013426414634, 0.0099363574713, 0.0044710290503, 0.051939383102, 0.062738203896, 0.86798224772],
      [0.00058397406877, 0.11373467501, 0.063139951254, 0.050140024994, 0.1668868435, 0.27455613084, 0.33095840033]
    ],
    [
      [0, 5.9846372637e-05, 1.4485384182e-05, 0.035916028236, 0.55438396408, 0.021263339273, 0.38836233665],
      [2.6839429912e-31, 0.067268181172, 0.7889131964, 0.10758596085, 0.00091382037131, 0.0094813988516, 0.02583744236],
      [0, 2.3826761033e-05, 5.9402124364e-06, 0.0003133014117, 0.22725556832, 0.078733519308, 0.69366784399],
      [0, 0.021665673686, 0.021639857781, 0.95172784863, 0.0020219381525, 0.0018466273382, 0.0010980544153],
      [0, 0.0069927364815, 0.0013198730078, 0.015821105885, 0.10217180408, 0.77511076107, 0.098583719473],
      [0, 0.00098414538463, 0.00026092150144, 0.0011969879076, 0.030716702617, 0.054015858292, 0.9128253843],
      [0, 0.12897551383, 0.009959096455, 0.057203679805, 0.12559836315, 0.28844814314, 0.38981520363]
    ],
    [
      [1.1629221711e-19, 3.8016179566e-05, 0.0070436816209, 0.039777963191, 0.6991973202, 0.013775026767, 0.24016799205],
      [0, 0.031296238363, 0.9496459428, 0.01605697871, 0.0002866798507, 0.0027141602731, 0],
      [0, 2.1591161674e-05, 0.0034270128809, 0.00091874946666, 0.33712730004, 0.083645350947, 0.57485999551],
      [0, 0.020884005936, 0.067086164575, 0.9050786278, 0.0038324626346, 0.003118739051, 0],
      [7.0565665722e-22, 0.008643372117, 0.0122570116, 0.011620450567, 0.13816427993, 0.7759881183, 0.053326767481],
      [7.4388422651e-21, 0.0018927933631, 0.0061855916618, 0.0045126547246, 0.060330706516, 0.085358621335, 0.8417196324],
      [0, 0.12023314684, 0.049114559637, 0.051091356856, 0.1772414384, 0.30723769525, 0.29508180302]
    ],
    [
      [0, 6.0592021893e-06, 1.1807208315e-05, 0.017360104738, 0.63069086838, 0.019010531855, 0.33292062862],
      [0, 0.033816532213, 0.94509671968, 0.018452806388, 5.8816231783e-05, 0.0024437021552, 0.00013142333323],
      [0, 5.797414835e-06, 1.850399822e-05, 0.0006201101891, 0.27221940581, 0.08761419061, 0.63952199197],
      [0, 0.024699554488, 0.074019315881, 0.89342137755, 0.0029961645657, 0.003452116354, 0.0014114711663],
      [0, 0.0094507826223, 0.012932989093, 0.0099608073352, 0.10775273564, 0.78011309543, 0.079789589873],
      [8.6812091098e-22, 0.0016591228879, 0.0061445162391, 0.0024927611698, 0.041707044522, 0.075034907915, 0.87296164727],
      [0, 0.13406764765, 0.051526636862, 0.046735715881, 0.13773624872, 0.3062333122, 0.32370043868]
    ],
    [
      [0, 0, 0, 0.10852141571, 0.62775787969, 0.012235487148, 0.25148521746],
      [0, 0.061814970196, 0.87625590692, 0.059040799729, 0, 0.0021291887638, 0.00075913439438],
      [0, 0, 0, 0.019879156368, 0.26625876429, 0.047988099974, 0.66587397936],
      [0, 0.028900556571, 0.04690381186, 0.9195216439, 0.0023566419969, 0.0016686528574, 0.00064869281589],
      [0, 0.013609556047, 0.005249470982, 0.01277399594, 0.11473267655, 0.71624231164, 0.13739198884],
      [1.2589623309e-22, 0.0020193491174, 0.00087964598239, 0.0047320442912, 0.03819462892, 0.043819543765, 0.91035478792],
      [8.4546702552e-34, 0.18027599014, 0.025736183047, 0.047378214668, 0.13514937846, 0.25651616295, 0.35494407074]
    ],
    [
      [0.034568748978, 3.9919888057e-05, 0.020344559421, 0.10481508358, 0.6669018587, 0.012079882506, 0.16124994693],
      [6.0072404004e-05, 0.033784129318, 0.94657492239, 0.017350818023, 5.1522844944e-05, 0.0021264262893, 5.2108728308e-05],
      [9.2569390398e-05, 9.1637805324e-05, 0.017557533384, 0.0011485074504, 0.34260366273, 0.064571956056, 0.57393413319],
      [4.087836587e-06, 0.020677572763, 0.08113090706, 0.89307476905, 0.0029803141269, 0.0019690065516, 0.00016334261274],
      [0.012025684233, 0.0087263456986, 0.010656552317, 0.012839275222, 0.1449453354, 0.73786359745, 0.072943209685],
      [0.0042194229245, 0.0017456199025, 0.0059742089949, 0.0061668061757, 0.062423418621, 0.075615058333, 0.84385546505],
      [0.0014631573052, 0.12778331373, 0.042495944653, 0.053168634186, 0.18624044112, 0.29164090749, 0.29720760151]
    ],
    [
      [0, 2.1956555697e-05, 0.03139645521, 0.10767238922, 0.56545313852, 0.015568515832, 0.27988754466],
      [0, 0.015230960401, 0.96706624293, 0.015969120578, 0, 0.0015360613664, 0.00019761472622],
      [0, 1.1243327955e-05, 0.027145819764, 0.0018249346139, 0.23259038089, 0.061234169296, 0.67719345211],
      [0, 0.01027055378, 0.072505144535, 0.9137246759, 0.0015240583844, 0.0015407304069, 0.00043483698908],
      [0, 0.005038666287, 0.018190201226, 0.018724207568, 0.09182388363, 0.76909110707, 0.097131934224],
      [0, 0.00064529600603, 0.010308074873, 0.0099602960904, 0.030927563055, 0.06373715365, 0.88442161633],
      [6.2437790797e-17, 0.077219275625, 0.067201494572, 0.071677015294, 0.12113461919, 0.30674123853, 0.35602635679]
    ],
    [
      [1.2191474924e-30, 3.5027674836e-05, 0.13930822542, 0.00085294361123, 0.69756895515, 0.014657316247, 0.1475775319],
      [0, 0.02796526938, 0.92516210064, 0.027173479665, 0.00097896428652, 0.0028618300709, 0.015858355955],
      [4.4969944699e-34, 0, 0.00033895312693, 0.00062665953872, 0.30738902191, 0.07761537857, 0.61402998685],
      [0, 0.021522606994, 0.041874822466, 0.93023647912, 0.003090069001, 0.0030091717569, 0.0002668506589],
      [1.7279381597e-34, 0.0070669813713, 0.012285134421, 0.0071897608496, 0.10800409664, 0.77961312609, 0.085840900627],
      [1.9973014194e-22, 0.0013576092066, 0.0060789246632, 0.0021190245642, 0.047155910121, 0.077540867534, 0.86574766391],
      [0, 0.11530010424, 0.055285143793, 0.041073038329, 0.14886281223, 0.32984711703, 0.30963178438]
    ],
    [
      [0.049088557855, 0, 0, 0.01751862223, 0.66221390822, 0.012008330848, 0.25917058084],
      [9.7368321908e-05, 0.026987934939, 0.95668515925, 0.013673110157, 0.00026624672295, 0.0021367400546, 0.00015344055251],
      [9.7423428622e-05, 0, 0.00031035713518, 0.0042695856869, 0.32497868653, 0.071756418014, 0.59858752921],
      [4.3559496041e-05, 0.020908967912, 0.075849504686, 0.85928154294, 0.005725504906, 0.011919762273, 0.026271157792],
      [0.017066047561, 0.0077048820935, 0.014360343397, 0.0084287744536, 0.13464139169, 0.7354431782, 0.082355382608],
      [0.004990985562, 0.0011278180912, 0.0068461923945, 0.0014641893032, 0.054440817328, 0.067861536743, 0.86326846058],
      [0.0019595641355, 0.11109403255, 0.056104624255, 0.046899726676, 0.17098512334, 0.2895642521, 0.32339267694]
    ],
    [
      [0.011863047959, 1.5173149633e-05, 3.3705712189e-05, 0.023731174677, 0.74188409128, 0.0097312392716, 0.21274156795],
      [0, 0.02460796105, 0.95744988719, 0.015717259291, 0.00055674960267, 0.0016681428697, 0],
      [2.5914171558e-05, 6.449980965e-07, 0.0089190578579, 0.00099714324219, 0.38300770221, 0.056790165628, 0.55025937189],
      [5.4291138104e-07, 0.017134174957, 0.067311054162, 0.89278355605, 0.0061131771124, 0.0050577165772, 0.011599778228],
      [0.0045942034566, 0.0080604032339, 0.016675290975, 0.015266242438, 0.17789851743, 0.69617144363, 0.081333898829],
      [0.0015264996997, 0.0015286607342, 0.0082977563346, 0.0058438618789, 0.072091257636, 0.060281417405, 0.85043054631],
      [0.00052261655481, 0.10622624009, 0.059695634032, 0.060372035953, 0.21277226162, 0.25729638893, 0.30311482282]
    ],
    [
      [0, 3.7807711113e-05, 0, 0.093329864679, 0.72095597891, 0.012534245284, 0.17314210342],
      [0, 0.030661126279, 0.92083410086, 0.045462643049, 0.00029820319723, 0.0027439266108, 0],
      [0, 3.274332086e-05, 4.7545229104e-05, 0.011414952305, 0.3560109384, 0.073986670488, 0.55850715026],
      [0, 0.013061323548, 0.040865288818, 0.93959964327, 0.0037307907007, 0.002742953666, 0],
      [3.1996740417e-33, 0.0084353615394, 0.010842916295, 0.023923331395, 0.15015936765, 0.76177439728, 0.044864625843],
      [0, 0.0022358222085, 0.0042261724031, 0.018147202432, 0.064324995192, 0.081461972035, 0.82960383573],
      [3.8538441867e-33, 0.11230885816, 0.044569166855, 0.08483167127, 0.18767347273, 0.29095004953, 0.27966678146]
    ],
    [
      [0.043414166978, 0.00013020712871, 0.0001403305704, 0.0013521880918, 0.57638168057, 0.017121025489, 0.36146040117],
      [7.0272454374e-06, 0.046534038241, 0.84126930541, 0.040084347214, 0.0012794300455, 0.025542063945, 0.045283787901],
      [5.1329436095e-05, 5.1083092129e-05, 0.00019388538483, 0.0012530390156, 0.23792058051, 0.083036452737, 0.67749362982],
      [5.3264966025e-06, 0.032197636259, 0.068393646282, 0.8467925725, 0.0022705986834, 0.019320556219, 0.031019663557],
      [0.0098080177443, 0.018092077736, 0.022398340296, 0.0195308257, 0.07931133732, 0.77998562967, 0.070873771538],
      [0.0034144708392, 0.0049211215386, 0.0098197130519, 0.0074416453577, 0.032267092339, 0.069658923527, 0.87247703335],
      [0.00097669498025, 0.21173577714, 0.072671926889, 0.070628537361, 0.091701145862, 0.27786443545, 0.27442148232]
    ],
    [
      [0, 6.6135544236e-05, 5.2265114684e-05, 0.0014281647151, 0.70773428529, 0.012695681865, 0.27802346747],
      [0, 0.035561577786, 0.85983153926, 0.051701157356, 0.0018703295052, 0.013464981761, 0.037570414335],
      [0, 4.2888998707e-05, 0.00014798395928, 0.0017457072747, 0.31988007785, 0.07037946499, 0.60780387693],
      [0, 0.021730000972, 0.057661560357, 0.87547901783, 0.0043394151208, 0.011173923324, 0.029616082394],
      [0, 0.014467767337, 0.022397396772, 0.028182058636, 0.12650156252, 0.73944386655, 0.069007348181],
      [0, 0.0041004895357, 0.0094234898497, 0.014872795835, 0.048790950449, 0.06167179029, 0.86114048404],
      [4.5253888894e-17, 0.16391368727, 0.072136018922, 0.091605365775, 0.14092981493, 0.25259369962, 0.27882141348]
    ],
    [
      [0, 6.8071256905e-05, 0.00010277985494, 0.14083120479, 0.72033792628, 0.0099838821581, 0.12867613566],
      [0, 0.035875026381, 0.90521758747, 0.058694448218, 0.00021293793023, 0, 0],
      [9.727125959e-19, 8.6286969721e-05, 0.00041122652361, 0.082854555263, 0.34798205249, 0.043473108794, 0.52519276996],
      [0, 0.020238673076, 0.057683775275, 0.92008657552, 0.0019909761342, 0, 0],
      [0, 0.016378982701, 0.027282463114, 0.038620740443, 0.15228527814, 0.66355183545, 0.10188070015],
      [5.3862738808e-20, 0.0048343785742, 0.014603053014, 0.023702643297, 0.052219655284, 0.043464488148, 0.86117578168],
      [0, 0.17537288051, 0.074115295105, 0.095584784965, 0.16176232497, 0.21290125233, 0.28026346212]
    ],
    [
      [1.2034127038e-19, 8.5441212882e-05, 0.00017258253589, 0.0010646303926, 0.67072237714, 0.013136915667, 0.31481805305],
      [4.0689558346e-34, 0.04148654777, 0.85797457293, 0.041707198995, 0.001499734734, 0.012428110477, 0.04490383509],
      [0, 2.6303349298e-05, 0.0001797423124, 0.001089428063, 0.28603796199, 0.06269135019, 0.6499752141],
      [0, 0.02927200067, 0.069141344662, 0.8315857488, 0.0041252530493, 0.015722066307, 0.050153586512],
      [3.9010021039e-37, 0.01844763865, 0.02718766943, 0.022344365932, 0.11360490971, 0.73263291744, 0.085782498834],
      [4.6084687469e-21, 0.0039741131398, 0.010556627408, 0.0050677607477, 0.041002200522, 0.052207513554, 0.88719178463],
      [7.70036545e-34, 0.19817272916, 0.079228471434, 0.076815141333, 0.12123076634, 0.23790563514, 0.28664725659]
    ],
    [
      [0, 2.376096215e-05, 0.047138823966, 0.096168264987, 0.40014127356, 0.02320068614, 0.43332719039],
      [8.4984847188e-19, 0.023244981146, 0.95896749455, 0.01499098539, 0, 0.0022301627738, 0.00056637614329],
      [0, 6.1134920703e-06, 0.0032602706563, 0.00082447553011, 0.12553204229, 0.090494768105, 0.77988232993],
      [5.7562824467e-19, 0.016955016821, 0.07757338452, 0.90077439375, 0.0011811088519, 0.0024894176252, 0.0010266784302],
      [3.532705574e-17, 0.004798310432, 0.015188486352, 0.010940949008, 0.051464377596, 0.84134872176, 0.076259154852],
      [0, 0.00063724368317, 0.0044212082789, 0.0017497535435, 0.013559074464, 0.061499888738, 0.91813283129],
      [0, 0.092797683765, 0.053614279147, 0.048807448736, 0.066097294455, 0.32833678772, 0.41034650618]
    ],
    [
      [0.039281285092, 1.2976053992e-05, 0.10567805193, 0.00086875904579, 0.46384657099, 0.013426345118, 0.37688601177],
      [3.2513289145e-05, 0.028204588842, 0.945758736, 0.024106941041, 0, 0.00087942283157, 0.0010177979933],
      [3.7949677357e-05, 5.3110697405e-06, 0.00085292698173, 0.00062386718197, 0.16825181874, 0.061443640866, 0.76878448548],
      [1.201330272e-06, 0.027351366302, 0.1135328344, 0.84827912419, 0.0020403310848, 0.0020044102977, 0.0067907324007],
      [0.018604083236, 0.0098523639431, 0.025997295282, 0.0066812457235, 0.094366793823, 0.7356824872, 0.10881573079],
      [0.0011187199536, 0.0008727770938, 0.0087910330588, 0.00073692046002, 0.018687300366, 0.028635207604, 0.94115804146],
      [0.0011426988093, 0.13668813204, 0.07013563502, 0.040122755474, 0.094893077023, 0.22565214018, 0.43136556145]
    ],
    [
      [0.019180814653, 0.00010643890936, 0, 0.0006419008953, 0.63543669634, 0.015496538816, 0.32913761038],
      [2.7752028133e-05, 0.060778306341, 0.84934091237, 0.026963120516, 0.001198588042, 0.01723375623, 0.044457564471],
      [2.6600848322e-05, 4.9552502303e-05, 4.2554249786e-05, 0.00048330980226, 0.26341881447, 0.081063715916, 0.65491545221],
      [4.6675430589e-06, 0.049905594536, 0.078251076657, 0.77086627112, 0.0048025858914, 0.029534889992, 0.066634914259],
      [0.0048564540568, 0.019509673261, 0.013657358446, 0.0043268624134, 0.098777962381, 0.77301028669, 0.085861402752],
      [0.00081835687717, 0.0027692104468, 0.0058373320105, 0.0012132954742, 0.038741431969, 0.072677585396, 0.87794278783],
      [0.0032556642444, 0.24867823237, 0.050242398408, 0.028002159295, 0.11558673846, 0.27288149084, 0.28135331638]
    ],
    [
      [0, 4.2040958174e-05, 0.00013053753525, 0.00091985782017, 0.64828314856, 0.015305590868, 0.33531882426],
      [0, 0.030608886988, 0.9156254784, 0.034315259888, 0.00034450258778, 0.0054414425419, 0.013664429595],
      [0, 1.5631485946e-06, 0.00024896664188, 0.0008329071834, 0.26949601237, 0.077173027051, 0.6522475236],
      [6.7951265918e-22, 0.023692504342, 0.075587734323, 0.83166463019, 0.0039576297127, 0.022320627275, 0.042776874154],
      [1.0000549329e-32, 0.010551264514, 0.021045851491, 0.01290442444, 0.099341165758, 0.76480416711, 0.091353126692],
      [8.1309207085e-22, 0.0021198168257, 0.010691363493, 0.0022687043986, 0.038874422306, 0.065891041538, 0.88015465144],
      [1.5407439555e-33, 0.14305283697, 0.071930856163, 0.060042980931, 0.12395022985, 0.29142092835, 0.30960216774]
    ],
    [
      [0.037736398629, 8.9416292165e-05, 7.0004064978e-05, 0.00101510198, 0.64659651993, 0.019361875644, 0.29513068346],
      [6.1933161193e-05, 0.045934041213, 0.85917100879, 0.02742529007, 0.0011843340487, 0.034035855871, 0.032187536847],
      [5.1124718453e-05, 3.9273254066e-05, 0.00018115223989, 0.00087501036867, 0.27066158925, 0.09493811396, 0.63325373621],
      [2.5140894791e-05, 0.035753560541, 0.079912821146, 0.80760016702, 0.0036269689379, 0.040717613614, 0.032363727847],
      [0.0074314769448, 0.014573274329, 0.017736684597, 0.0081723951908, 0.078187562074, 0.82428128549, 0.049617321378],
      [0.0032434413546, 0.0043639971172, 0.010274334762, 0.0031120249309, 0.04004020618, 0.1031991956, 0.83576680005],
      [0.00091496155649, 0.20212627438, 0.066814753066, 0.050375965025, 0.10268541771, 0.33414043126, 0.24294219701]
    ],
    [
      [0, 0.00046213180138, 0.00019508718731, 0.15457650145, 0.65868285045, 0.016205454669, 0.16987797443],
      [0, 0.060016807013, 0.84603533321, 0.076523942377, 0.00082543928169, 0.0027203133933, 0.013878164727],
      [0, 0.00053428543496, 0.00045837443265, 0.042337469582, 0.29948338395, 0.063287617226, 0.59389886937],
      [0, 0.026555010615, 0.044168775697, 0.92521523158, 0.0017342660646, 0.0023267160398, 0],
      [0, 0.023491850398, 0.016067824197, 0.036356837088, 0.10310780678, 0.775816989, 0.045158692539],
      [0, 0.010367393696, 0.010182318467, 0.028933740516, 0.046632600479, 0.094005268856, 0.80987867799],
      [1.0741951661e-32, 0.25291057143, 0.051473600461, 0.094499553186, 0.11613636423, 0.26845044136, 0.21652946933]
    ],
    [
      [0.031542756199, 4.282949073e-05, 0, 0.0011759374383, 0.59225336807, 0.028975037214, 0.34601007159],
      [2.2353533495e-06, 0.033002694243, 0.88830428088, 0.040006462375, 0.00084609546169, 0.019197468466, 0.018640763216],
      [4.7226832358e-05, 0, 5.1966472907e-05, 0.0011260584302, 0.254201282, 0.10760974633, 0.63696371993],
      [1.6222128281e-06, 0.021693091708, 0.066662756764, 0.88583224747, 0.0025170581001, 0.013125220816, 0.010168002932],
      [0.0069863345394, 0.0094672111586, 0.013884168879, 0.013216099331, 0.079730039073, 0.81812806174, 0.05858808528],
      [0.002820492583, 0.0028427814751, 0.0076776648951, 0.0062111741353, 0.037067004317, 0.098910541349, 0.84447034125],
      [0.00087762675279, 0.14314045227, 0.059260090122, 0.060333041129, 0.11000061772, 0.34861966452, 0.27776850748]
    ],
    [
      [0.012463067685, 0.00011030172565, 0.00017403176274, 0.02600513752, 0.69516826897, 0.015314929867, 0.25076426247],
      [0, 0.038583032548, 0.94453979565, 0.013546300724, 0.00026308181875, 0.0030677892568, 0],
      [2.2135653017e-05, 6.8139828344e-05, 0.010131028338, 0.0059569972426, 0.32381461895, 0.077917378405, 0.58208970158],
      [6.6706757946e-07, 0.029492988494, 0.077266304618, 0.84959625163, 0.0048950807508, 0.01636829537, 0.022380412067],
      [0.0034125027005, 0.013443734585, 0.017537705954, 0.011363052725, 0.11708244723, 0.78403432275, 0.053126234054],
      [0.0013131038522, 0.004340194336, 0.011462336071, 0.0045425518017, 0.054084437773, 0.096723363532, 0.82753401263],
      [0.00040346942274, 0.17818280203, 0.06203352276, 0.05148509482, 0.14816781624, 0.30424614616, 0.25548114857]
    ],
    [
      [0, 0.00010054023993, 0.00031679237939, 0.025810317674, 0.70184757966, 0.014604448742, 0.2573203213],
      [0, 0.032408522765, 0.95050864851, 0.014285153759, 0.0002287824871, 0.002568892478, 0],
      [0, 7.830679999e-05, 0.0034152886735, 0.0076461038804, 0.33621165993, 0.077475025562, 0.57517361515],
      [0, 0.023942300577, 0.074907444389, 0.86511989837, 0.0048933342006, 0.01583550435, 0.01530151811],
      [3.2230613269e-34, 0.011917619808, 0.02106689442, 0.015383341074, 0.11886399248, 0.76805891678, 0.064709235436],
      [0, 0.0040796513601, 0.013018787602, 0.0070340054187, 0.055722665895, 0.082628383636, 0.83751650609],
      [3.4730276534e-17, 0.15687650695, 0.069504520129, 0.061204910531, 0.15002099152, 0.30317132591, 0.25922174496]
    ],
    [
      [0, 3.6285631718e-05, 7.5786024682e-05, 0.00045854793627, 0.67386473716, 0.012033505322, 0.31353113792],
      [0, 0.037129311061, 0.88332036172, 0.033547520559, 0.0013103005032, 0.0082958108213, 0.036396695334],
      [0, 0, 0.00017238992382, 0.0003249718715, 0.29097648194, 0.063144329049, 0.64538182722],
      [6.3008866501e-19, 0.029154059413, 0.071799418156, 0.79397888423, 0.0061723295105, 0.018322223741, 0.080573084954],
      [0, 0.015325130883, 0.025585136287, 0.010584786151, 0.12718054234, 0.72644044735, 0.094883956989],
      [0, 0.0019732512477, 0.0042681590789, 0.0015463759283, 0.04313262707, 0.048955336522, 0.90012425015],
      [5.0039055817e-34, 0.1753584077, 0.079343481883, 0.050103454433, 0.13740178114, 0.23894778589, 0.31884508895]
    ],
    [
      [0, 7.9417169607e-05, 0.15329491783, 0.11411386922, 0.50624054456, 0.018856967577, 0.20741428364],
      [0, 0.0193505326, 0.94796980373, 0.03247636702, 0, 0.00020329664931, 0],
      [4.9508228368e-19, 4.9711801329e-05, 0.047043754272, 0.0021835644898, 0.18336697899, 0.061361493339, 0.70599449711],
      [0, 0.015929665302, 0.041758187917, 0.94132884207, 0.00014888219798, 0.00083442251281, 0],
      [3.2116796756e-20, 0.0096750254189, 0.041579672266, 0.023737455319, 0.065146845496, 0.77355054151, 0.086310459985],
      [2.365775119e-20, 0.0023832046322, 0.028427462398, 0.014133812002, 0.020973466472, 0.062327426435, 0.87175462806],
      [0, 0.12480630051, 0.11144841045, 0.080201683115, 0.079495195744, 0.28615802031, 0.31789038986]
    ],
    [
      [0.013605162591, 0.00030684146175, 0.0003137183439, 0.085845792919, 0.66276193184, 0.011654646889, 0.22551190596],
      [0, 0.042638512968, 0.93644061815, 0.019208077021, 0.00020068094945, 0.0015121109122, 0],
      [2.3862328622e-05, 0.00016597059442, 0.013077231439, 0.010178812878, 0.32374925049, 0.05696654055, 0.59583833172],
      [0, 0.024545307153, 0.054561206959, 0.91698305197, 0.0028277430926, 0.0010826908259, 0],
      [0.0044848531443, 0.015457356561, 0.016826058946, 0.025083040159, 0.13605216948, 0.72034444396, 0.081752077753],
      [0.001485868835, 0.0043587250551, 0.0092639356741, 0.015598386615, 0.054445305038, 0.062129146545, 0.85271863224],
      [0.00046464647754, 0.17957401649, 0.054598093607, 0.076554876055, 0.15384776128, 0.25132674779, 0.28363385831]
    ],
    [
      [0.016062159516, 1.5584104097e-05, 0, 0.00057173064946, 0.69706145796, 0.01540596964, 0.27088309813],
      [3.9629531796e-05, 0.047407068892, 0.85728784564, 0.048101740424, 0.0029689648483, 0.017283409974, 0.026911340691],
      [7.1192475203e-06, 0, 0, 0.00031218876868, 0.34189965159, 0.07950436386, 0.57827667654],
      [1.8533879406e-05, 0.029091555477, 0.050772332541, 0.85920131067, 0.0074414765051, 0.021039833378, 0.03243495755],
      [0.0050936293169, 0.01162905484, 0.0076943312035, 0.010457417553, 0.13453670324, 0.75442850303, 0.076160360823],
      [0.0019393849242, 0.0024847248994, 0.0022277444665, 0.0025430878815, 0.059294002176, 0.074849915253, 0.8566611404],
      [0.00061205326685, 0.16020998636, 0.038653094244, 0.050848331067, 0.16701649744, 0.29358384745, 0.28907619018]
    ],
    [
      [0, 6.6515204373e-05, 0, 0.077265702405, 0.55120001643, 0.01469637325, 0.35677139271],
      [0, 0.047345680688, 0.90248343494, 0.042097932118, 8.2874096753e-05, 0.0024092683644, 0.0055808097899],
      [0, 7.5474688377e-06, 6.1308281477e-05, 0.010862346474, 0.21136170159, 0.064090069669, 0.71361702652],
      [0, 0.030241636014, 0.066254167468, 0.89911422243, 0.0017676404743, 0.0012746656847, 0.001347667929],
      [0, 0.015374165459, 0.014748213704, 0.015410877266, 0.091405086494, 0.74600009328, 0.1170615638],
      [1.3633636565e-21, 0.0023844423863, 0.0055073031006, 0.0055081699078, 0.026917013208, 0.045897619101, 0.9137854523],
      [1.5406220704e-33, 0.18080104172, 0.048918732224, 0.053887436243, 0.099838976445, 0.24936017942, 0.36719363394]
    ],
    [
      [0.028062884519, 0.000224717898, 0.00070803163768, 0.09697705294, 0.62395001461, 0.010726977744, 0.23935032065],
      [0, 0.036781648259, 0.91742474939, 0.045107485839, 7.6348344553e-05, 0.00060976816267, 0],
      [4.3232285582e-05, 0.00011498341569, 0.00053088519312, 0.020839931396, 0.2956740022, 0.054276928986, 0.62852003653],
      [0, 0.020635295344, 0.058656616341, 0.91819974442, 0.002193154376, 0.00031518951697, 0],
      [0.0095247125693, 0.014521947628, 0.02175983738, 0.029261106715, 0.13075529994, 0.70183550725, 0.092341588521],
      [0.0027905628658, 0.0034427607659, 0.011810772691, 0.019010336029, 0.046280214961, 0.050244263165, 0.86642108952],
      [0.00092619595479, 0.16575256345, 0.06563103619, 0.086320714279, 0.14331357922, 0.23475690735, 0.30329900356]
    ],
    [
      [1.5601663025e-20, 0.00012168648402, 0.13430794433, 0.0010803124127, 0.49365005042, 0.022246498423, 0.34859350793],
      [0, 0.032624995809, 0.94478406476, 0.020662004007, 0, 0.0019289354211, 0],
      [0, 6.1020361e-05, 0.038218887202, 0.00076592341867, 0.1737956188, 0.06882247528, 0.71833607494],
      [0, 0.035743689258, 0.10257523539, 0.85722736714, 0.0014587315432, 0.0029914458669, 3.5307995049e-06],
      [5.5350434291e-22, 0.013227844116, 0.026271692882, 0.0077417507648, 0.055338310678, 0.81473960192, 0.082680799644],
      [2.561398104e-17, 0.0034265149094, 0.017848440326, 0.0020236474449, 0.020941856898, 0.082314186551, 0.87344535387],
      [0, 0.18108682174, 0.082617001557, 0.038509947481, 0.072229627592, 0.32142624288, 0.30413035875]
    ],
    [
      [6.1140769428e-21, 9.3419040715e-05, 0.00021438799256, 0.058513178614, 0.62157311624, 0.012785384115, 0.306820514],
      [0, 0.038183861944, 0.94369882096, 0.016658317575, 0, 0.00098901784884, 0.00046998167412],
      [0, 6.2470581401e-05, 0.00038927295209, 0.0056673548497, 0.26663559975, 0.06966309294, 0.65758220893],
      [0, 0.026348040284, 0.068279180003, 0.90154838566, 0.0021977928604, 0.00076868569389, 0.00085791550322],
      [0, 0.014485753367, 0.020292324927, 0.019440216738, 0.1147442749, 0.7274219982, 0.10361543187],
      [0, 0.0030571146513, 0.010654404645, 0.0092992636278, 0.038488798503, 0.051453692137, 0.88704672644],
      [0, 0.17176744661, 0.063265065789, 0.064628413283, 0.12898592099, 0.24904029489, 0.32231285843]
    ],
    [
      [0, 0, 0, 0.074191251067, 0.66756617421, 0.012319695504, 0.24592287922],
      [0, 0.039334503802, 0.94049828727, 0.017649190432, 0.00013774577222, 0.0021509863631, 0.00022928636408],
      [0, 8.0554270208e-06, 0.0066334371376, 0.0056200170805, 0.3063131256, 0.063840140115, 0.61758522464],
      [0, 0.023650052422, 0.060399878645, 0.91040092445, 0.0030962483405, 0.0019950352587, 0.00045786088285],
      [4.3102451299e-21, 0.010183463462, 0.0099750643962, 0.012372368578, 0.13684553265, 0.74127000201, 0.089353568903],
      [0, 0.0016219230608, 0.0036849101897, 0.0047612022462, 0.050746110048, 0.061910228623, 0.87727562583],
      [2.6963019221e-33, 0.13763271151, 0.039956243533, 0.04941677903, 0.16566258262, 0.27487584102, 0.33245584229]
    ],
    [
      [0, 0.00011331543517, 0.020321225299, 0.074120020295, 0.56955181387, 0.010651101985, 0.32524252312],
      [0, 0.06010550222, 0.89163977196, 0.044269525824, 4.0358894884e-05, 0.00052792994369, 0.0034169111536],
      [0, 0.00078798882217, 0.0046225265388, 0.0012498789094, 0.22687182969, 0.053158310452, 0.71330946559],
      [0, 0.033991006303, 0.028055230355, 0.93410440021, 0.0018548276749, 0.00065497436146, 0.0013395610913],
      [4.6869562035e-34, 0.022155619452, 0.015357029146, 0.01796137226, 0.11812605013, 0.67726428992, 0.14913563909],
      [2.7750586533e-21, 0.0034204351619, 0.0050920750889, 0.0066485707852, 0.028703028745, 0.025680843792, 0.93045504643],
      [0, 0.22734442093, 0.044590163998, 0.054019149675, 0.11330263522, 0.19547208247, 0.3652715477]
    ],
    [
      [0.015080287081, 2.3704487862e-06, 3.735612491e-05, 0.052657208111, 0.64086044304, 0.013630573739, 0.27773176146],
      [3.5759302486e-05, 0.012759617658, 0.92455109234, 0.059033838169, 0.00017671395442, 0.0028793149956, 0.00056366358168],
      [6.8264921669e-06, 8.4045093467e-07, 1.6599175208e-05, 0.0028935209625, 0.29999379661, 0.080773741381, 0.61631467493],
      [5.4126822619e-06, 0.0064494242037, 0.050056405172, 0.93779272324, 0.0029718419112, 0.0022855005168, 0.00043869227729],
      [0.0057827001953, 0.0018634231419, 0.0054039608014, 0.012104981613, 0.12536865796, 0.76199040599, 0.087485870297],
      [0.0012183420775, 0.00032401040081, 0.00091802529781, 0.0046581975787, 0.049988837529, 0.070178933344, 0.87271365377],
      [0.00064942877681, 0.039947778631, 0.036302247976, 0.056879172243, 0.17554673233, 0.32980145152, 0.36087318853]
    ],
    [
      [2.3496703143e-32, 6.8620997719e-05, 0.032787599747, 0.096511492763, 0.51144749769, 0.017890551405, 0.3412942374],
      [0, 0.040094401448, 0.91461469699, 0.043016533574, 0, 0.0017347362549, 0.00053963173694],
      [0, 1.9709735502e-05, 0.02842049283, 0.0013286628659, 0.18495582332, 0.05927943976, 0.72599587149],
      [0, 0.024581482754, 0.02917599359, 0.94262256681, 0.0013092132956, 0.0017148228047, 0.00059592074801],
      [0, 0.012215003405, 0.015009604, 0.014767528121, 0.070865254842, 0.77647041337, 0.11067219626],
      [5.0152425314e-22, 0.0021721487293, 0.0065307496063, 0.0067050949442, 0.021699641932, 0.059986878468, 0.90290548632],
      [0, 0.16688935275, 0.049884648861, 0.055988468935, 0.088198286678, 0.28938269194, 0.34965655084]
    ],
    [
      [0, 0, 0, 0.26523813635, 0.3819789972, 0.026530102549, 0.3262527639],
      [0, 0.0058369839715, 0.85353851204, 0.091108784794, 0.00017447523631, 0.0028092997602, 0.046531944194],
      [0, 0, 0, 0.010037688378, 0.11409523488, 0.097453718759, 0.77841335798],
      [1.2396632637e-20, 0.0025053267664, 0.039254238362, 0.95521280747, 0.00049011432952, 0.0018524879054, 0.00068502516558],
      [3.134658194e-19, 0.00080687615763, 0.006498102469, 0.027914132737, 0.036907986301, 0.83466802773, 0.093204874605],
      [0, 0.00018115291215, 0.0016358904078, 0.01347501621, 0.012353417244, 0.073390722535, 0.89896380069],
      [5.7407482182e-35, 0.021742718611, 0.04365077143, 0.11087450814, 0.055589433134, 0.37762752117, 0.39051504752]
    ],
    [
      [0.019278562662, 0.00025637206649, 0.050230495849, 0.092812211418, 0.59433716454, 0.012643402606, 0.23044179086],
      [2.1363201513e-05, 0.033591033679, 0.95121161364, 0.013748069075, 2.0981545917e-05, 0.0013414760736, 6.5462788943e-05],
      [2.8052504179e-05, 0.00023832451621, 0.0089415337815, 0.0018539177126, 0.27580258221, 0.071127598383, 0.64200799089],
      [0, 0.026475425527, 0.093785955326, 0.87565165839, 0.0023038943402, 0.0015280319361, 0.00025503447625],
      [0.0063322957112, 0.013690916445, 0.02079701214, 0.016563115525, 0.12059200287, 0.73129638564, 0.090728271668],
      [0.0018695374448, 0.0032028656001, 0.012160177325, 0.0084768195435, 0.04317382561, 0.058548511338, 0.87256826314],
      [0.0006571152698, 0.1681687305, 0.06738137808, 0.057354114215, 0.1397710703, 0.25771901831, 0.30894857333]
    ],
    [
      [0, 0.00036702980027, 0.018227621816, 0.0055356633077, 0.62155453485, 0.019884634477, 0.33443051575],
      [0, 0.045052007583, 0.93611142349, 0.015939995863, 6.7608840507e-05, 0.0024422235287, 0.0003867406992],
      [0, 3.0925309004e-05, 1.7350681741e-05, 7.7334588966e-05, 0.28104221161, 0.075572295123, 0.64325988269],
      [1.3737545844e-34, 0.031153402744, 0.056068915291, 0.83726982977, 0.0071858422384, 0.013579118355, 0.054742891599],
      [3.3547057617e-19, 0.010406196983, 0.0092536822625, 0.0041485203956, 0.13321032037, 0.75522226269, 0.087759017302],
      [0, 0.0012715831383, 0.0009563462144, 0.00099923794782, 0.044595223129, 0.057103999699, 0.89507360987],
      [6.1441867075e-34, 0.14556578563, 0.039180533543, 0.033714950541, 0.15433827556, 0.27401704443, 0.35318341029]
    ],
    [
      [0, 1.7685221272e-05, 4.3654744787e-05, 0.00021156220248, 0.50759486697, 0.048614069321, 0.44351816154],
      [1.4389864607e-18, 0.039305579635, 0.65283392151, 0.071031853496, 0.072497962214, 0.073778747854, 0.090551935292],
      [0, 1.282687413e-06, 3.3850488787e-06, 1.6402621034e-05, 0.18685832504, 0.11965814061, 0.69346246399],
      [0, 0.015124175373, 0.010020454651, 0.9443069206, 0.01050712965, 0.011553095985, 0.0084882237377],
      [0, 0.0031469316315, 0.0016527604107, 0.0041049171298, 0.055209197933, 0.87020740858, 0.065678784317],
      [0, 0.00088414049033, 0.00052043631256, 0.0014391508618, 0.015660170198, 0.10612380804, 0.87537229409],
      [1.075334483e-18, 0.09238456182, 0.0075463698544, 0.064627834729, 0.089113290753, 0.41169853117, 0.33462941168]
    ],
    [
      [0.032447989368, 2.029043237e-05, 0.072649143436, 0.020093496435, 0.5265034829, 0.015385231782, 0.33290036565],
      [3.176960109e-05, 0.02094846449, 0.94460392054, 0.032311236959, 0, 0.0016087127926, 0.00049589562204],
      [1.2580556443e-05, 7.6466040061e-06, 0.0078762606359, 0.00084614652168, 0.21666016324, 0.077167763803, 0.69742943864],
      [0, 0.017614487225, 0.043277267443, 0.93414581537, 0.0020200340408, 0.0021126312497, 0.00082976467037],
      [0.0090499299854, 0.0063429378768, 0.017180743033, 0.010454886525, 0.087494751049, 0.7640038627, 0.10547288883],
      [0.00243603062, 0.0007871314666, 0.0091874491607, 0.0030513291628, 0.028349904596, 0.059271501773, 0.89691665322],
      [0.0010124770168, 0.097882361047, 0.064240215635, 0.047112610638, 0.11482283023, 0.30338535758, 0.37154414785]
    ],
    [
      [1.4071428747e-21, 5.8128339018e-05, 0.030749341265, 0.14819264897, 0.52795110065, 0.018440843293, 0.27460793749],
      [0, 0.026691769191, 0.95322621709, 0.017973288924, 0, 0.0020051001775, 0.00010362461869],
      [1.7372134251e-22, 1.1629201222e-05, 0.022949469849, 0.0019762500525, 0.20224179857, 0.072548930259, 0.70027192207],
      [0, 0.016710647548, 0.065580278733, 0.91412870008, 0.0013548029236, 0.0019457994662, 0.00027977125079],
      [0, 0.0079123481999, 0.015089024795, 0.018600645936, 0.075344694856, 0.790741684, 0.092311602215],
      [0, 0.0014424453228, 0.0083967851392, 0.010399141296, 0.025514335399, 0.071656643598, 0.88259064924],
