{
  "Z_true": {},
  "V_true": [
    [16, 67, 1177, 302],
    [618, 884, 252, 136],
    [641, 11375, 569, 896],
    [240, 337, 12820, 1264],
    [124, 886, 673, 1206]
  ],
  "p_true": [
    [0.0102, 0.0429, 0.7535, 0.1933],
    [0.327, 0.4677, 0.1333, 0.072],
    [0.0475, 0.8438, 0.0422, 0.0665],
    [0.0164, 0.023, 0.8744, 0.0862],
    [0.0429, 0.3067, 0.233, 0.4174]
  ],
  "Z_est": [
    [
      [0.7207, 0.3461, 0.7513, 0.9344, 1.1462, 0.6133, 0.4335, 0, 0, 0, 1.1012, 0.8914, 0.088, 1.1104, 0.3397, 0.8765, 1.1091, 0.7173, 0.1044, 0.4968, 0.5449, 0.2673, 0.7011, 0.1812, 0.4238, 0.0268, 0.2131, 0.0806, 0.2661, 0.363, 0.1208, 0.6594, 1.8155, 0.7774, 0.0081, 1.7574, 0.4078, 3.263, 0.3292],
      [1.2655, 0.6813, 1.572, 1.3148, 1.3706, 1.0808, 1.2731, 0.045, 0, 0.1071, 2.2789, 1.6887, 0.4434, 1.9338, 0.5527, 2.2051, 2.8818, 1.3617, 0.2063, 0.9497, 1.2623, 0.7294, 1.2747, 0.5066, 0.9186, 0.0811, 0.5551, 0.2788, 0.3966, 0.756, 0.3628, 1.7687, 3.0275, 1.3776, 0.0886, 4.5913, 0.7224, 4.574, 0.5438],
      [51.6239, 22.1751, 27.7112, 49.1171, 47.0523, 44.789, 46.5107, 0.9095, 0, 0.8929, 63.6378, 44.6775, 11.0588, 55.2545, 16.5505, 60.8315, 115.4026, 41.7244, 6.5015, 29.8331, 36.2004, 17.5324, 37.841, 15.8461, 19.886, 1.8323, 13.6414, 7.4334, 10.945, 20.2412, 8.2271, 59.123, 107.7932, 47.2491, 2.6993, 141.6222, 19.0772, 127.177, 15.6371],
      [1.3898, 0.7975, 0.9656, 1.6337, 1.4309, 1.5169, 1.7827, 0.0454, 0, 0, 1.9821, 1.7424, 0.4098, 1.7012, 0.5571, 2.087, 2.6065, 1.1966, 0.1877, 0.7203, 0.9923, 0.4709, 1.1832, 0.4661, 0.7716, 0.0598, 0.5903, 0.2071, 0.3923, 0.6397, 0.2893, 1.4489, 2.3638, 1.5959, 0.204, 4.0291, 0.7926, 4.986, 0.4899]
    ],
    [
      [25.1107, 11.3489, 65.3336, 18.8632, 34.4062, 17.7643, 17.5545, 0, 0, 0, 20.8391, 20.2904, 2.2599, 34.2516, 13.9518, 41.196, 34.4225, 35.9638, 9.3732, 24.7948, 30.0485, 7.5386, 19.8284, 9.1333, 13.2496, 3.2767, 8.4996, 4.8999, 6.9991, 15.2475, 5.6761, 25.7487, 40.132, 26.4317, 0.2553, 54.8373, 15.4943, 101.7345, 28.0778],
      [6.7807, 3.1237, 20.9014, 4.0578, 6.1989, 4.7273, 7.202, 1.1904, 0.3813, 0.4533, 5.9263, 5.199, 1.4261, 8.3441, 3.1655, 13.8595, 13.4112, 9.639, 2.5436, 6.7224, 9.5954, 2.7746, 5.0472, 3.5007, 3.8159, 1.3292, 2.8849, 2.2475, 1.4284, 4.3164, 2.2823, 9.7808, 10.1632, 6.771, 0.3604, 19.955, 3.7462, 20.2112, 6.5249],
      [26.4116, 10.6118, 33.5428, 14.8896, 21.814, 18.9681, 26.7845, 2.4648, 1.5702, 0.5467, 17.8972, 15.095, 3.9613, 25.5174, 10.0687, 41.5108, 50.4289, 31.2513, 8.4954, 22.2015, 29.4171, 7.2198, 15.9286, 11.5502, 9.0807, 3.1436, 7.798, 6.4196, 4.2089, 12.4837, 5.5677, 33.5047, 35.8195, 23.8687, 1.1709, 64.7898, 10.6863, 60.3579, 19.8982],
      [1.697, 0.9156, 3.2222, 1.1893, 1.5809, 1.5403, 2.459, 0.3448, 0.0485, 0, 1.3374, 1.4156, 0.3527, 1.8868, 0.814, 3.4337, 2.7373, 2.146, 0.5878, 1.2814, 1.939, 0.467, 1.1958, 0.8158, 0.8538, 0.2506, 0.8175, 0.4329, 0.3635, 0.9525, 0.4739, 1.9658, 1.8853, 1.9286, 0.2133, 4.4179, 1.0733, 5.6963, 1.4991]
    ],
    [
      [6.6266, 3.4753, 1.3756, 8.2375, 11.1606, 6.4355, 3.4031, 0, 0, 0, 21.4678, 14.3323, 0.7139, 24.4178, 14.0207, 9.7648, 7.9226, 15.9522, 3.0242, 10.8916, 10.9643, 7.8767, 13.5609, 4.1644, 0, 1.7819, 2.4959, 2.5508, 12.3364, 5.0452, 0, 8.2446, 17.7082, 6.665, 0.4108, 21.9196, 8.7295, 59.8784, 5.1909],
      [151.6691, 105.9407, 133.2135, 184.8903, 197.1959, 127.55, 166.5088, 7.3871, 5.18, 3, 654.4237, 387.5059, 130.1437, 604.6888, 324.2674, 386.6246, 296.495, 445.7769, 90.7621, 309.1582, 394.32, 421.5743, 358.7162, 196.8323, 341.8264, 157.8588, 150.0756, 164.2292, 259.6134, 153.0149, 253.159, 371.5805, 469.6438, 184.2258, 78.4894, 918.0749, 219.5167, 1104.5617, 121.3345],
      [8.5364, 4.1445, 0, 9.5197, 8.074, 7.0387, 7.8824, 0, 0.3894, 0, 12.965, 3.1719, 0, 14.2233, 9.9304, 7.9801, 15.8197, 16.5518, 3.7458, 13.2014, 10.4432, 0, 10.8362, 8.1385, 0, 0, 0, 1.3546, 3.4759, 2.5025, 0, 18.4821, 23.503, 7.9687, 0.8342, 34.9804, 1.1904, 15.7359, 3.1306],
      [26.168, 21.4395, 16.4109, 37.3526, 34.5696, 28.9758, 39.2057, 1.6129, 0.4306, 0, 102.1435, 72.9898, 22.1424, 94.6701, 57.7816, 66.6305, 41.7627, 68.7191, 14.468, 40.7489, 55.2725, 48.549, 58.8867, 31.8648, 52.1736, 20.3593, 29.4285, 21.8654, 45.5743, 23.4374, 35.841, 51.6928, 60.145, 36.1405, 32.2657, 141.0251, 43.5634, 215.824, 19.3441]
    ],
    [
      [6.6368, 5.5238, 11.9947, 12.0631, 20.6359, 6.3543, 5.2059, 0, 0, 0, 14.3986, 11.6883, 1.7209, 20.2602, 8.1378, 9.584, 8.3146, 12.4669, 3.027, 9.4043, 7.9647, 4.4249, 10.1221, 2.6957, 16.3317, 0.5262, 4.2264, 1.0745, 4.1354, 6.7151, 6.5322, 8.0656, 25.2301, 11.2781, 0.2799, 21.3256, 8.1625, 50.9965, 12.0631],
      [0, 5.0128, 15.0928, 2.0334, 5.0111, 0, 4.4592, 1.3781, 0, 1.4397, 21.1446, 17.9947, 5.1572, 22.8448, 7.6481, 20.6724, 0, 12.3367, 2.7183, 7.7518, 12.8917, 5.2126, 10.9583, 4.5027, 12.7341, 1.093, 8.8351, 2.9422, 4.0927, 11.6881, 4.2616, 8.3504, 5.9144, 6.3516, 2.6638, 32.8594, 12.3306, 46.3416, 11.5233],
      [393.1271, 225.6175, 133.4493, 371.6578, 430.5663, 420.4184, 491.4238, 5.4528, 6.7262, 2.5603, 499.8403, 343.1888, 84.588, 580.9467, 231.1591, 442.9339, 817.2075, 431.638, 116.5458, 337.0782, 332.6113, 104.1146, 322.4372, 158.8212, 153.6061, 22.0431, 127.2089, 64.1433, 100.1237, 221.4742, 68.7208, 513.9986, 898.9354, 423.4139, 62.368, 1150.151, 218.355, 1061.0609, 296.3303],
      [32.2361, 25.8458, 16.4632, 38.2457, 40.7867, 43.2272, 58.911, 1.1691, 0.2738, 0, 50.6165, 44.1282, 10.5339, 57.9483, 25.055, 49.8096, 56.478, 39.5583, 10.7089, 25.7657, 29.5324, 9.2479, 32.4824, 14.9804, 21.3281, 2.3377, 18.7296, 5.84, 11.6482, 23.1226, 8.4855, 39.5853, 60.9202, 44.9564, 15.6883, 104.664, 30.1519, 135.6011, 30.0833]
    ],
    [
      [0.9052, 0.3059, 0.5448, 1.9018, 1.651, 0.8326, 0.403, 0, 0, 0, 2.1933, 1.7975, 0.2173, 2.96, 1.5501, 1.5787, 1.2313, 1.8998, 0.4711, 1.4126, 1.4775, 0.8924, 1.7876, 0.8254, 0.995, 1.3885, 0.5651, 0.3941, 1.263, 0.6292, 0.6709, 1.2818, 2.1141, 0.8477, 0.046, 3.1601, 1.2059, 6.1276, 0.339],
      [36.2846, 12.2414, 19.2204, 57.7038, 41.2236, 32.6419, 24.5569, 1.9994, 1.4387, 0, 88.2264, 64.6116, 21.8296, 100.1885, 49.3663, 77.6384, 72.2119, 71.8857, 18.7697, 54.4179, 67.9307, 47.7091, 64.0035, 48.6576, 40.7049, 22.6379, 28.6492, 28.3023, 36.4689, 25.2246, 40.9344, 72.5195, 76.2512, 31.2739, 10.3978, 167.5194, 40.6841, 163.3115, 11.0736],
      [8.301, 2.4511, 2.2967, 12.8158, 8.4934, 7.7858, 5.3986, 0.1729, 0.3142, 0, 15.6597, 10.8668, 3.3919, 18.0581, 9.2914, 13.7437, 16.1413, 13.8345, 3.7115, 10.6858, 12.328, 7.1332, 11.957, 9.6439, 5.4272, 1.981, 4.3517, 4.649, 6.2464, 4.2984, 5.4844, 14.8915, 15.9489, 6.4996, 1.9275, 32.4566, 6.6911, 28.6684, 2.0038],
      [12.5092, 5.0016, 4.9381, 23.5786, 14.632, 14.7397, 11.6416, 0.8277, 0.2471, 0, 27.9206, 24.7241, 7.5613, 31.7934, 17.7923, 27.0392, 20.4154, 22.3799, 6.0477, 14.4837, 19.2638, 11.2652, 21.2519, 15.873, 12.8729, 5.9926, 11.434, 7.6546, 13.0217, 7.8477, 11.9102, 20.3072, 19.6858, 12.3787, 8.6287, 51.8639, 16.4189, 64.8926, 3.5836]
    ]
  ],
  "V_est": [
    [23.9871, 47.0285, 1446.2584, 44.726],
    [844.8332, 241.9888, 746.9457, 56.2323],
    [352.7455, 11031.0289, 285.7506, 1811.4751],
    [369.5674, 358.2428, 12666.0434, 1267.1464],
    [47.8668, 1870.711, 346.002, 624.4203]
  ],
  "p_est": [
    [0.0154, 0.0301, 0.9259, 0.0286],
    [0.447, 0.128, 0.3952, 0.0298],
    [0.0262, 0.8183, 0.0212, 0.1344],
    [0.0252, 0.0244, 0.8639, 0.0864],
    [0.0166, 0.6475, 0.1198, 0.2161]
  ],
  "EI_Z": {},
  "EI_V": 8.8541,
  "MAE_Z": {},
  "MAE_V": 305.3167,
  "MAE_p": 0.0979,
  "runtime": 0.001
}
