{
  "Z_true": {},
  "V_true": [
    [16, 67, 1177, 302],
    [618, 884, 252, 136],
    [641, 11375, 569, 896],
    [240, 337, 12820, 1264],
    [124, 886, 673, 1206]
  ],
  "p_true": [
    [0.0102, 0.0429, 0.7535, 0.1933],
    [0.327, 0.4677, 0.1333, 0.072],
    [0.0475, 0.8438, 0.0422, 0.0665],
    [0.0164, 0.023, 0.8744, 0.0862],
    [0.0429, 0.3067, 0.233, 0.4174]
  ],
  "Z_est": [
    [
      [0.0865, 0.0455, 0.1311, 0.1457, 0.2028, 0.0767, 0.0387, 0, 0, 0, 0.1498, 0.126, 0.0094, 0.1585, 0.0466, 0.0947, 0.0818, 0.0969, 0.0137, 0.0676, 0.0672, 0.0325, 0.0982, 0.0209, 0.0558, 0.0031, 0.026, 0.0091, 0.0356, 0.0499, 0.0146, 0.0695, 0.2666, 0.1061, 0.0011, 0.2029, 0.0578, 0.5175, 0.0484],
      [0.7164, 0.4025, 1.0923, 0.772, 0.8176, 0.6287, 0.7481, 0.0304, 0, 0.087, 1.3156, 1.0176, 0.2634, 1.1332, 0.3138, 1.3512, 1.6505, 0.7784, 0.1203, 0.542, 0.7327, 0.4006, 0.7371, 0.2886, 0.5478, 0.0423, 0.3407, 0.1565, 0.2216, 0.4647, 0.2047, 1.0054, 1.7142, 0.8175, 0.051, 2.6765, 0.438, 2.72, 0.331],
      [53.9692, 23.4027, 29.5925, 51.8169, 49.7367, 47.0353, 48.8829, 0.96, 0, 0.913, 67.1777, 47.5374, 11.6534, 58.4095, 17.5415, 64.1763, 119.8488, 43.9162, 6.834, 31.2689, 38.0285, 18.4848, 39.9592, 16.6144, 21.254, 1.945, 14.5255, 7.7995, 11.674, 21.3698, 8.7315, 61.6827, 112.625, 49.7884, 2.9104, 148.4197, 20.3613, 135.8482, 16.5293],
      [0.228, 0.1492, 0.1841, 0.2654, 0.2429, 0.2594, 0.3303, 0.0096, 0, 0, 0.3568, 0.3191, 0.0738, 0.2987, 0.0981, 0.3778, 0.4188, 0.2085, 0.032, 0.1216, 0.1717, 0.0821, 0.2055, 0.076, 0.1424, 0.0097, 0.1078, 0.0348, 0.0689, 0.1155, 0.0491, 0.2424, 0.3942, 0.2879, 0.0376, 0.701, 0.1429, 0.9143, 0.0913]
    ],
    [
      [27.0589, 12.2869, 67.7604, 20.3832, 36.5275, 19.3992, 19.3736, 0, 0, 0, 22.338, 21.7125, 2.4861, 36.4653, 14.7423, 44.0294, 37.7033, 38.1209, 9.9567, 26.3331, 31.8639, 7.8416, 21.1421, 9.802, 13.9845, 3.3188, 9.1376, 5.1684, 7.2966, 16.3159, 5.9515, 27.8552, 43.3269, 28.4572, 0.2946, 59.4117, 16.5061, 107.3892, 29.7215],
      [6.1503, 2.7617, 20.0325, 3.6163, 5.5067, 4.2924, 6.5588, 1.1529, 0.3538, 0.4293, 5.117, 4.5324, 1.2667, 7.2588, 2.7282, 12.4585, 12.2732, 8.4464, 2.2596, 5.9032, 8.4667, 2.3737, 4.3979, 3.1091, 3.3081, 1.1271, 2.5609, 1.9645, 1.2174, 3.835, 1.9814, 8.7235, 8.915, 6.058, 0.3291, 17.708, 3.2902, 17.5795, 5.8495],
      [25.7012, 10.3291, 32.9497, 14.2785, 20.9594, 18.3261, 26.3972, 2.5994, 1.6167, 0.5707, 17.6534, 14.8283, 4.0128, 25.0489, 9.996, 41.2477, 49.2566, 31.019, 8.4072, 21.9345, 29.3968, 7.466, 15.6865, 11.5796, 9.1267, 3.3904, 7.7668, 6.5848, 4.2468, 12.2204, 5.7572, 33.1427, 34.531, 23.2066, 1.2282, 63.9844, 10.5075, 59.2431, 19.4008],
      [1.0897, 0.6222, 2.2575, 0.7219, 1.0065, 0.9823, 1.6704, 0.2477, 0.0295, 0, 0.8916, 0.9268, 0.2345, 1.227, 0.5335, 2.2643, 1.767, 1.4137, 0.3765, 0.8292, 1.2725, 0.3187, 0.7734, 0.5093, 0.5807, 0.1638, 0.5347, 0.2822, 0.2393, 0.6287, 0.3099, 1.2786, 1.2271, 1.2783, 0.1481, 2.8959, 0.6962, 3.7882, 1.0281]
    ],
    [
      [10.0974, 3.8107, 0, 10.4912, 12.127, 10.1303, 4.6526, 0, 3.6978e-32, 0, 23.7537, 10.5403, 0, 26.791, 15.3026, 8.7481, 13.8587, 17.0937, 3.2178, 11.6865, 11.6277, 4.7764, 14.8591, 4.475, 0, 0.8254, 0, 2.0582, 13.421, 4.1474, 0, 8.8397, 23.3742, 7.2362, 0.0558, 23.8162, 5.7412, 55.6435, 5.4898],
      [158.9428, 112.1673, 137.5328, 197.8841, 209.7427, 134.6866, 177.5334, 7.7157, 5.3858, 3, 682.8058, 408.2613, 135.1151, 634.7608, 339.5381, 409.4552, 309.4772, 467.9778, 96.0519, 324.3392, 413.2434, 433.0269, 377.3214, 208.3514, 350.4923, 162.7865, 158.4013, 170.7713, 269.7189, 161.1384, 260.4465, 391.8731, 489.781, 196.1368, 83.6862, 968.1481, 232.3725, 1162.9134, 127.574],
      [3.7562, 1.2674, 0, 3.7162, 2.1623, 2.8217, 2.945, 0, 0.3196, 0, 0.5301, 0, 0, 0.8388, 4.1652, 0, 6.7076, 6.7683, 1.5007, 5.9825, 2.309, 0, 3.0238, 4.1231, 0, 0, 0, 0, 0.3346, 0, 0, 8.9044, 10.1115, 2.6203, 0, 12.2645, 0, 0, 0],
      [20.2036, 17.7546, 13.4672, 27.9085, 26.968, 22.3614, 31.869, 1.2843, 0.2946, 0, 83.9104, 59.1984, 17.8849, 75.6093, 46.9941, 52.7967, 31.9564, 55.1602, 11.2296, 31.9918, 43.8199, 40.1967, 46.7957, 24.0505, 43.5077, 16.3881, 23.5987, 17.1704, 37.5255, 18.7142, 28.5535, 40.3828, 47.7334, 29.0066, 28.258, 111.7712, 34.8863, 177.4431, 15.9362]
    ],
    [
      [2.1238, 4.6479, 11.7321, 9.5936, 18.9458, 1.8212, 2.6709, 0, 0, 0, 12.1844, 15.3551, 2.3583, 17.4415, 6.8166, 9.0653, 0.4813, 10.344, 2.4814, 7.8859, 6.4027, 7.7136, 8.6173, 2.1361, 16.2656, 0.3863, 6.4574, 1.4947, 3.3649, 7.0386, 6.5706, 6.3284, 18.4524, 9.6156, 0.6219, 17.3351, 10.8514, 54.1417, 10.5052],
      [0, 2.0529, 15.3026, 0, 0.9486, 0, 0, 1.5203, 0, 1.4837, 11.3005, 11.5868, 4.7699, 12.6496, 2.926, 14.2111, 0, 4.8031, 1.0143, 2.4193, 7.0393, 2.7735, 5.2309, 1.7304, 12.9949, 0.5472, 6.7922, 1.6004, 1.9195, 8.7633, 4.8267, 1.4143, 0, 1.8666, 0.7725, 15.8711, 8.4014, 26.6813, 8.252],
      [397.5353, 227.9943, 132.5162, 377.4134, 435.9784, 424.4616, 495.4548, 5.3236, 6.7686, 2.5163, 510.9053, 345.4422, 84.3963, 593.8973, 237.1495, 449.8589, 825.2409, 441.1119, 119.0092, 344.2241, 340.2571, 103.2536, 329.8634, 163.0174, 152.8792, 22.8906, 127.0717, 65.284, 103.1435, 223.7267, 68.4206, 523.0943, 910.6828, 428.0114, 63.4036, 1171.0378, 219.5276, 1073.8431, 299.3848],
      [32.341, 27.3049, 17.449, 36.9931, 41.1272, 43.7173, 61.8742, 1.1562, 0.2314, 0, 51.6098, 44.6159, 10.4755, 58.0117, 25.1079, 49.8647, 56.2778, 39.7411, 10.4951, 25.4706, 29.3009, 9.2593, 32.2884, 14.1161, 21.8604, 2.1759, 18.6787, 5.6209, 11.5722, 23.4714, 8.1821, 39.1631, 61.8648, 46.5063, 16.202, 104.756, 30.2195, 139.3338, 31.858]
    ],
    [
      [0.6335, 0.2089, 0.3764, 1.3863, 1.197, 0.5726, 0.2642, 1.6653e-16, 0, 0, 1.5741, 1.2661, 0.1462, 2.1436, 1.092, 1.0625, 0.8749, 1.3444, 0.3305, 1.0269, 1.0385, 0.636, 1.2833, 0.566, 0.6942, 2.4665, 0.379, 0.2696, 0.882, 0.4482, 0.4633, 0.9072, 1.58, 0.5848, 0.0266, 2.2341, 0.8435, 4.308, 0.2351],
      [30.1905, 9.6156, 16.0398, 47.7276, 33.9844, 26.3923, 19.1597, 1.5807, 1.2604, 0, 71.461, 51.602, 17.585, 82.1976, 39.4939, 63.524, 61.5991, 58.9943, 15.5539, 45.7963, 56.5178, 39.4253, 52.3127, 40.5205, 32.6568, 18.4969, 22.905, 23.5072, 28.9227, 20.7985, 33.5407, 60.9837, 64.5898, 25.1211, 7.1613, 138.5963, 32.4979, 129.1058, 8.9935],
      [7.0381, 2.0064, 1.9416, 10.775, 7.1633, 6.3554, 4.3201, 0.117, 0.2951, 0, 13.7335, 9.1921, 2.9375, 15.8055, 8.1477, 11.7171, 13.946, 12.1847, 3.2488, 9.59, 11.0087, 6.7956, 10.4671, 8.6654, 4.7402, 0.774, 3.636, 4.3316, 5.6012, 3.6831, 5.0907, 13.1759, 14.0496, 5.3732, 1.4578, 28.2937, 5.6035, 24.0656, 1.685],
      [20.1378, 8.169, 8.6422, 36.1111, 23.6554, 22.6797, 18.256, 1.3023, 0.4445, 0, 47.2314, 39.9399, 12.3314, 52.8533, 29.2665, 43.6964, 33.58, 37.4766, 9.8668, 24.5868, 32.4351, 20.1432, 34.937, 25.2481, 21.9088, 10.2626, 18.08, 12.8916, 21.5941, 13.0702, 19.9053, 33.9331, 33.7806, 19.9209, 12.3543, 85.876, 26.0551, 105.5206, 6.0864]
    ]
  ],
  "V_est": [
    [3.2548, 27.6719, 1523.2241, 7.8492],
    [901.4626, 215.8932, 735.5989, 37.0452],
    [368.6884, 11570.5573, 87.1727, 1454.5816],
    [330.2485, 204.4661, 12845.9915, 1280.2939],
    [35.3456, 1530.4115, 299.0127, 1024.2302]
  ],
  "p_est": [
    [0.0021, 0.0177, 0.9752, 0.005],
    [0.477, 0.1142, 0.3892, 0.0196],
    [0.0273, 0.8583, 0.0065, 0.1079],
    [0.0225, 0.0139, 0.8762, 0.0873],
    [0.0122, 0.5297, 0.1035, 0.3545]
  ],
  "EI_Z": {},
  "EI_V": 7.6686,
  "MAE_Z": {},
  "MAE_V": 264.437,
  "MAE_p": 0.0916,
  "runtime": 0.002
}
