{
  "Z_true": {},
  "V_true": [
    [11, 366, 18, 44, 947, 47],
    [183, 622, 208, 154, 14896, 324],
    [184, 131, 582, 9131, 1250, 453],
    [642, 24, 68, 376, 529, 83],
    [10, 7, 746, 386, 393, 64],
    [64, 93, 155, 313, 666, 311]
  ],
  "p_true": [
    [0.0077, 0.2554, 0.0126, 0.0307, 0.6609, 0.0328],
    [0.0112, 0.038, 0.0127, 0.0094, 0.909, 0.0198],
    [0.0157, 0.0112, 0.0496, 0.7784, 0.1066, 0.0386],
    [0.3728, 0.0139, 0.0395, 0.2184, 0.3072, 0.0482],
    [0.0062, 0.0044, 0.4645, 0.2403, 0.2447, 0.0399],
    [0.04, 0.0581, 0.0968, 0.1954, 0.4157, 0.1941]
  ],
  "Z_est": [
    [
      [0.5867, 0.1919, 0.1958, 0.2412, 0, 0, 0, 0.0597, 0.1568, 0.0338, 0.2302, 0.0594, 0.1621, 0.4041, 0.276, 0.2805, 0.1749, 0.0575, 0.144, 0, 0.4015, 0.4101, 0.5709, 0.5495, 0.3364, 0.5449, 0.2535, 0.2927, 0.6232, 0.2479, 0.0628, 0.0925, 0.14, 0.2282, 0.6342, 0.2588, 0.1136, 0.4633, 0.1007, 0.2255, 0.4958, 0.3584, 0.3357, 0.4256, 0.2179, 0.4574, 0.1211, 0.8286, 0.0715, 0.7286, 0.0034],
      [14.2641, 9.928, 9.2606, 11.3294, 3.1851, 0.7861, 0, 3.9662, 5.8898, 1.9571, 0.5086, 1.7094, 0.8175, 21.8937, 8.5342, 4.2156, 7.3827, 2.0912, 4.0684, 0, 11.4731, 17.7214, 29.1216, 18.3491, 13.4104, 23.4261, 14.0855, 10.7309, 14.1917, 9.3964, 2.3934, 2.4623, 5.0155, 6.799, 13.6485, 9.3208, 8.4193, 13.5901, 5.5754, 10.5401, 10.6556, 11.7833, 7.6845, 10.7248, 7.8906, 18.7584, 2.8135, 21.4504, 3.7235, 50.7647, 16.6367],
      [2.0645, 1.3499, 0.4029, 1.2041, 0, 0.0129, 0, 0.5266, 0.3272, 0.1968, 0.0407, 0.3149, 0.227, 2.9073, 1.1154, 0.3537, 0.7332, 0.1968, 0.6734, 0, 1.15, 2.322, 3.1553, 2.0372, 1.5509, 1.9569, 0.8394, 0.675, 1.2473, 0.9819, 0.5471, 0.3609, 0.5851, 0.9166, 1.959, 1.3929, 0.3008, 1.5484, 0.5341, 1.2361, 1.5898, 0.8714, 0.5579, 1.4505, 0.8698, 2.0871, 0.4385, 3.7996, 0.3838, 2.4854, 1.2056],
      [10.5669, 5.9811, 2.534, 5.943, 0.2068, 0.0162, 0, 4.4048, 3.3469, 0.4815, 0.3286, 0.9844, 0.9168, 7.727, 2.9105, 1.2467, 2.4458, 0.5151, 1.5268, 0, 4.251, 6.8451, 8.886, 10.917, 9.5535, 9.0461, 5.4693, 2.5135, 6.701, 3.7766, 0.7831, 0.7372, 1.5619, 4.047, 9.0321, 3.4842, 3.4711, 7.0525, 3.1316, 5.0589, 6.2667, 4.5854, 4.4837, 6.8024, 3.7262, 7.4151, 3.0231, 15.8242, 1.4759, 9.278, 7.273],
      [23.0363, 7.3024, 7.4232, 11.0399, 0.585, 0.1849, 0, 4.9362, 6.1878, 2.2894, 0.8751, 1.915, 3.8223, 17.5831, 11.9696, 6.8144, 5.1093, 2.0933, 6.484, 0, 13.4861, 18.2961, 33.6991, 25.6896, 18.7906, 23.6302, 16.9814, 12.6662, 19.8938, 11.2962, 3.1655, 5.2796, 8.5122, 10.7317, 27.1629, 14.348, 7.5308, 20.0321, 6.5091, 13.7081, 18.664, 12.0686, 13.6797, 17.2022, 11.0633, 20.9475, 4.4621, 35.677, 4.2825, 26.9528, 14.5723],
      [0.4815, 0.2467, 0.1835, 0.2426, 0.0231, 0, 0, 0.1065, 0.0914, 0.0414, 0.0168, 0.0169, 0.0544, 0.4849, 0.1943, 0.089, 0.1541, 0.0461, 0.1034, 0, 0.2383, 0.4053, 0.5671, 0.4576, 0.3582, 0.3958, 0.3709, 0.1216, 0.3431, 0.3011, 0.0482, 0.0675, 0.1852, 0.2776, 0.5633, 0.1952, 0.1644, 0.3137, 0.1491, 0.2314, 0.3281, 0.3328, 0.2585, 0.3945, 0.2321, 0.3344, 0.1416, 0.4203, 0.0629, 0.7905, 0.3089]
    ],
    [
      [15.3958, 3.3215, 1.6422, 9.5408, 0, 0, 0, 0.6211, 6.5871, 2.0811, 0.9683, 2.1068, 0.8635, 9.7929, 1.9639, 2.0017, 8.7399, 1.1752, 4.8657, 0.41, 17.3453, 9.2979, 3.7675, 9.9871, 4.6086, 21.2075, 3.5419, 7.6234, 13.1151, 11.6445, 6.9172, 5.3034, 7.142, 4.8772, 16.4519, 5.9749, 3.516, 14.212, 4.2111, 6.7951, 11.9744, 7.8986, 8.5929, 11.3654, 6.516, 10.9807, 9.0732, 20.0566, 2.8656, 24.424, 0.1826],
      [12.0376, 5.3528, 2.2777, 14.5559, 2.2661, 1.1598, 0.4639, 2.9709, 7.774, 3.4364, 0.2667, 1.898, 0.0511, 17.6077, 1.8118, 1.024, 11.3552, 1.3095, 4.4174, 2.2518, 16.5641, 13.1652, 5.2571, 11.1333, 5.9423, 29.6001, 6.6397, 9.4656, 10.4548, 13.9152, 6.4413, 3.8692, 7.9114, 4.6392, 10.9301, 7.1842, 9.5973, 13.6518, 8.2641, 11.0283, 8.3365, 8.8101, 6.3477, 9.2303, 7.7955, 14.9404, 5.2504, 16.548, 5.012, 47.1955, 4.1556],
      [12.297, 4.9963, 0.6826, 10.6361, 0, 0.3308, 0.2159, 2.4798, 2.4297, 2.542, 0.1685, 2.3225, 0.3375, 15.0427, 1.6911, 0.6448, 7.9376, 0.9527, 4.956, 0.5441, 11.3968, 11.2518, 4.1756, 8.421, 4.7625, 16.9581, 2.4035, 4.0878, 6.1038, 10.0501, 10.4458, 4.3478, 6.5826, 4.405, 11.4712, 6.9556, 1.5213, 10.6864, 5.4162, 8.8336, 8.8163, 4.4079, 2.4781, 8.7505, 5.8675, 11.1837, 6.2536, 20.5857, 3.6063, 18.5953, 2.0643],
      [0.5918, 0.4813, 0.2612, 0.9435, 0.3579, 0.0324, 0.0046, 0.4431, 1.0407, 0.4591, 0, 0.1422, 0.3827, 1.331, 0.9702, 0.4127, 0.4368, 0, 0.0464, 0.3587, 0.3712, 0.3193, 2.6396, 1.3748, 0.829, 0.8037, 0.4592, 0.7025, 0.3111, 0.5798, 0.0993, 0.1209, 0.328, 0.0709, 0.6282, 0.3508, 0.8029, 0.3992, 0.3265, 0.3882, 0.1552, 0.262, 0.4188, 0.1966, 0.0632, 0.2248, 1.2564, 1.7146, 0.0531, 3.3612, 1.3141],
      [550.8631, 113.3949, 55.525, 407.0187, 21.754, 15.477, 23.3155, 93.1201, 236.465, 142.7981, 13.3602, 54.1037, 22.973, 393.3946, 76.1099, 50.1516, 238.3189, 36.4688, 190.9122, 40.5359, 559.9363, 374.0502, 206.534, 432.9531, 240.5199, 847.0893, 229.131, 307.9762, 401.678, 497.44, 382.9964, 272.6363, 411.1703, 204.7431, 641.6801, 301.6663, 240.1845, 565.7368, 282.3305, 401.0158, 413.9399, 247.7054, 317.8177, 416.0375, 301.1829, 456.0526, 313.9623, 781.5102, 159.7204, 799.7414, 122.6387],
      [13.8147, 4.4533, 1.6114, 10.3049, 0.622, 0, 0, 2.365, 3.7035, 2.6832, 0.2363, 0.4268, 0.3922, 12.8311, 1.4532, 0.7652, 8.2116, 1.0938, 3.8023, 1.8995, 11.3863, 9.9156, 3.6262, 9.1307, 5.3376, 16.3413, 5.8247, 3.1444, 8.3372, 14.3703, 4.1, 3.7225, 9.8657, 6.2647, 15.8385, 4.8682, 6.3778, 10.3139, 7.4515, 7.9391, 8.7778, 7.916, 7.3447, 11.4197, 7.5749, 8.6179, 10.2042, 9.5848, 2.7426, 26.6826, 2.6447]
    ],
    [
      [6.0769, 1.2654, 1.7241, 3.7374, 0, 0, 0, 0.2363, 2.9739, 1.6389, 0.5942, 0.2618, 0.9589, 5.6568, 2.8993, 2.404, 1.7776, 0.3949, 0.8529, 0.094, 3.5178, 3.7036, 2.9103, 8.2677, 2.6907, 6.0375, 1.9331, 4.3686, 5.215, 3.6261, 0.9631, 1.2151, 1.345, 2.4432, 8.2654, 3.6018, 0.9092, 7.025, 1.1643, 3.2962, 5.3559, 4.3256, 3.2788, 4.3968, 2.657, 4.0695, 2.1535, 8.118, 0.9036, 10.1421, 0.0843],
      [5.2898, 2.2312, 2.5716, 6.4501, 1.004, 0.8092, 0.4616, 1.2349, 3.9314, 3.0163, 0.1949, 0.2588, 0.0598, 11.2922, 2.9452, 1.5038, 2.6259, 0.3145, 0.8618, 0.5057, 3.7117, 5.9115, 4.6559, 10.2403, 3.9451, 9.5291, 4.1395, 6.1408, 4.6874, 4.8958, 1.036, 1.1066, 1.7062, 2.5866, 6.1933, 4.8815, 2.8287, 7.6024, 2.6287, 6.1267, 4.226, 5.4744, 2.7534, 4.0186, 3.5825, 6.2434, 1.3461, 7.4575, 1.6319, 22.5371, 1.8291],
      [18.2081, 6.8114, 2.6344, 15.6397, 0, 0.5681, 0.3252, 4.9723, 4.3208, 7.322, 0.3858, 1.1485, 1.4542, 33.2198, 8.9891, 3.0319, 6.2059, 0.7883, 3.337, 0.4368, 8.5573, 17.3414, 11.8991, 26.0288, 10.7432, 18.1202, 5.4103, 8.8433, 9.3032, 11.7579, 5.7301, 3.8176, 4.6121, 8.1963, 21.6699, 16.3376, 2.0704, 19.8266, 5.7631, 16.3128, 14.829, 9.1694, 4.3707, 12.7121, 8.992, 15.7026, 5.5884, 31.246, 3.8968, 28.58, 3.4537],
      [401.1319, 136.4512, 85.4569, 345.8519, 11.8819, 8.4653, 9.7563, 177.149, 233.6904, 144.4822, 16.2777, 16.4919, 37.2783, 396.5035, 128.4173, 55.7287, 91.2451, 9.6432, 33.4732, 7.0966, 137.4055, 224.7665, 201.9616, 605.5212, 302.315, 366.3276, 165.4622, 142.9419, 217.7237, 200.6225, 35.6555, 34.5405, 54.1611, 156.402, 431.3962, 179.0039, 117.0927, 396.1399, 150.686, 293.43, 252.4397, 208.1956, 161.9134, 256.9311, 167.5677, 242.068, 180.8266, 562.1533, 65.7657, 458.5731, 112.9965],
      [29.7315, 5.2589, 7.547, 21.8086, 1.3574, 1.1573, 1.4569, 6.0577, 14.7283, 14.6237, 0.9231, 0.505, 3.3212, 31.3039, 13.8516, 8.1238, 5.8546, 0.8903, 3.6363, 1.2127, 12.9883, 20.227, 23.4655, 47.4423, 19.4472, 32.6023, 17.1548, 23.8211, 21.8126, 20.9593, 4.8416, 8.3476, 9.002, 13.7023, 43.8978, 24.3056, 9.0334, 38.1422, 10.7499, 26.8865, 25.1844, 18.4838, 16.6996, 21.8032, 16.8628, 22.9323, 9.6997, 43.3959, 6.2737, 47.7574, 8.6094],
      [23.5618, 6.9819, 7.0661, 17.5123, 0.7567, 0, 0, 5.3499, 7.3552, 8.917, 0.6243, 0.334, 1.9277, 32.0239, 8.8974, 4.2079, 7.2909, 0.9687, 2.8388, 2.6541, 9.8193, 17.05, 12.1076, 32.4998, 13.8588, 20.3833, 13.9001, 8.8843, 14.258, 20.1384, 2.7737, 3.9727, 8.1736, 13.6696, 34.5774, 12.8696, 7.0656, 22.264, 9.0079, 16.9478, 16.9649, 19.3512, 11.9841, 19.1383, 13.3381, 13.9842, 10.3857, 18.6292, 3.5283, 50.4103, 5.027]
    ],
    [
      [13.9749, 6.0858, 4.2521, 17.0894, 0, 0, 0, 1.639, 10.0781, 3.6196, 0, 1.3728, 0.5256, 8.3265, 5.837, 4.3199, 9.5038, 1.0374, 3.246, 0.426, 21.1075, 11.3487, 4.6636, 14.809, 5.5031, 26.4348, 5.2675, 6.6553, 19.3817, 13.177, 5.6547, 4.489, 6.9739, 7.1349, 20.8785, 8.151, 8.3741, 20.2474, 6.2628, 12.54, 14.6693, 9.5735, 10.1689, 15.2538, 8.2682, 12.1154, 11.6347, 28.1887, 3.6775, 23.3904, 0.6355],
      [0.1005, 0.0889, 0.0535, 0.2392, 0, 0, 0, 0.0367, 0.1107, 0.0517, 0, 0.0114, 0.0005, 0.1349, 0.0484, 0.0193, 0.1079, 0.0101, 0.0276, 0.0154, 0.1818, 0.1497, 0.0552, 0.1538, 0.0636, 0.3407, 0.0881, 0.0765, 0.1395, 0.1459, 0.0472, 0.0307, 0.0703, 0.0628, 0.125, 0.0927, 0.1949, 0.1806, 0.105, 0.184, 0.0929, 0.0986, 0.069, 0.1134, 0.0924, 0.1541, 0.0573, 0.2118, 0.0578, 0.3963, 0.0294],
      [0.299, 0.2458, 0.05, 0.505, 0, 0, 0, 0.101, 0.1146, 0.1134, 0, 0.0414, 0.0028, 0.3289, 0.1341, 0.0328, 0.2335, 0.0201, 0.0897, 0.0126, 0.3645, 0.3902, 0.1383, 0.3376, 0.1515, 0.5759, 0.1028, 0.0933, 0.2385, 0.3104, 0.2421, 0.1003, 0.1722, 0.1757, 0.3969, 0.2701, 0.1162, 0.4159, 0.2021, 0.421, 0.2905, 0.1437, 0.0973, 0.3198, 0.2049, 0.3401, 0.2215, 0.7913, 0.1201, 0.4723, 0.0471],
      [8.6974, 6.4606, 2.126, 14.6923, 0, 0, 0, 4.9021, 7.822, 2.9929, 0, 0.729, 0.0588, 5.0819, 2.5498, 0.8334, 4.5072, 0.2962, 1.1832, 0.2398, 7.7423, 6.6775, 3.1274, 10.3432, 5.6101, 15.423, 4.1475, 1.9781, 7.4338, 7.0106, 1.9747, 1.1759, 2.6325, 4.4514, 10.5163, 3.912, 8.9202, 11.033, 6.9873, 10.0261, 6.5707, 4.3276, 4.8018, 8.5785, 5.0269, 6.9478, 9.4768, 18.9292, 2.6475, 10.0615, 2.0206],
      [24.5356, 10.2086, 7.0676, 35.4167, 0, 0, 0, 6.9207, 18.1891, 11.7364, 0, 1.7998, 0.3891, 15.9061, 10.9678, 4.6439, 12.6758, 1.5499, 6.1756, 2.0351, 33.1122, 23.0839, 12.5213, 31.8467, 13.9712, 52.9194, 16.4719, 12.8501, 28.5028, 28.4616, 15.6606, 11.8327, 20.07, 15.133, 40.8322, 20.8225, 23.874, 40.4617, 19.3185, 35.2472, 25.1981, 14.7666, 18.914, 28.0242, 19.3396, 25.3648, 20.1388, 55.1251, 10.1124, 37.6479, 5.0223],
      [1.3926, 0.9104, 0.4508, 2.0574, 0, 0, 0, 0.4005, 0.6855, 0.486, 0, 0.0456, 0.0232, 1.2218, 0.463, 0.1507, 0.9719, 0.0864, 0.2781, 0.2711, 1.4917, 1.35, 0.4942, 1.5098, 0.7004, 2.3062, 0.9223, 0.3467, 1.3037, 1.8945, 0.4208, 0.3713, 1.0811, 1.0422, 2.2511, 0.7517, 1.5205, 1.6614, 1.1244, 1.5817, 1.1785, 1.0899, 0.949, 1.7102, 1.068, 1.0779, 1.4709, 1.7539, 0.3848, 3.0317, 0.245]
    ],
    [
      [1.2305, 0.298, 0.6741, 0.8813, 0, 0, 0, 0.1356, 1.2426, 0.3154, 0.0754, 0.0593, 0.1673, 1.2603, 0.3477, 0.5134, 0.7259, 0.081, 0.2346, 0.0256, 1.4392, 0.8805, 0.826, 1.7609, 0.6478, 1.2356, 0.4668, 0.8594, 1.4718, 1.2163, 0.3462, 0.2791, 0.2832, 0.4226, 2.0433, 0.8299, 0.351, 2.1978, 0.528, 0.8736, 1.2632, 1.3109, 1.2509, 1.4093, 1.0874, 1.3789, 0.7561, 2.1159, 0.1496, 2.0152, 0.0475],
      [0.119, 0.0607, 0.1093, 0.1651, 0.1913, 0.0492, 0.0173, 0.0427, 0.1822, 0.0613, 0.0023, 0.0069, 0.0017, 0.281, 0.0395, 0.0293, 0.1136, 0.0111, 0.0269, 0.0141, 0.1646, 0.1551, 0.1412, 0.2432, 0.1013, 0.2108, 0.1043, 0.1325, 0.1396, 0.1792, 0.0404, 0.027, 0.039, 0.0501, 0.1692, 0.1255, 0.1128, 0.2606, 0.1192, 0.1707, 0.1083, 0.1789, 0.1156, 0.1411, 0.161, 0.2323, 0.0544, 0.2146, 0.031, 0.4933, 0.0829],
      [25.4534, 12.1963, 8.158, 25.494, 0, 2.0778, 0.4539, 8.7018, 14.6759, 9.7158, 0.399, 2.1231, 1.9385, 53.7156, 7.8866, 3.8957, 17.5864, 1.9807, 6.7283, 0.9905, 23.9006, 29.1628, 23.2019, 38.488, 17.4062, 25.5094, 9.123, 12.1013, 17.6553, 27.3385, 14.5151, 6.2137, 6.7332, 10.0546, 36.9134, 26.5938, 5.8576, 42.8545, 16.8113, 28.7002, 23.9669, 19.1424, 12.3407, 28.2523, 25.7126, 37.044, 14.0057, 56.3916, 4.8693, 38.8644, 6.0532],
      [12.5358, 5.3436, 5.1135, 12.6835, 0.4124, 0.4577, 0.2186, 6.899, 15.096, 4.3155, 0.3376, 0.5612, 1.0968, 13.9324, 2.4859, 1.607, 5.6597, 0.428, 1.4252, 0.2664, 8.5821, 8.3333, 9.0068, 20.2854, 10.9629, 11.4877, 5.9622, 4.3396, 9.1841, 10.4405, 1.9641, 1.1992, 1.7212, 4.2161, 16.5673, 6.4305, 6.5029, 19.1826, 9.6879, 11.6132, 9.1468, 9.6168, 9.4818, 12.7832, 10.5305, 12.7249, 10.0441, 22.8854, 1.7506, 14.0522, 4.3654],
      [5.8817, 1.445, 2.8827, 5.2305, 0.3365, 0.4153, 0.3103, 1.7044, 5.572, 2.9644, 0.1571, 0.2191, 0.6709, 7.1133, 1.8329, 1.676, 2.8217, 0.3903, 1.2882, 0.4369, 6.4346, 4.949, 6.5496, 10.6206, 4.6767, 5.9987, 4.146, 4.9093, 6.1058, 7.2886, 2.7615, 1.9426, 1.5876, 2.355, 11.1164, 5.9082, 3.235, 11.8932, 4.4558, 7.0319, 6.0389, 5.5667, 6.1128, 7.1202, 6.4677, 7.8424, 3.7493, 11.4873, 0.9678, 8.7884, 1.9935],
      [1.7796, 0.6565, 1.0623, 1.5457, 0.0598, 0, 0, 0.5164, 1.2313, 0.6276, 0.0286, 0.0305, 0.1249, 2.6974, 0.4074, 0.2786, 1.0926, 0.1088, 0.2967, 0.2664, 1.4789, 1.5193, 1.2745, 2.6019, 1.205, 1.5578, 1.1977, 0.6579, 1.4435, 2.537, 0.3727, 0.3385, 0.6358, 0.9016, 3.1904, 1.1121, 0.9406, 2.6113, 1.3979, 1.6105, 1.476, 2.1843, 1.6982, 2.294, 2.0409, 1.7774, 1.3904, 1.9052, 0.2317, 3.7865, 0.4574]
    ],
    [
      [2.7352, 0.8374, 0.5118, 1.5099, 0, 0, 0, 0.3082, 0.9615, 0.3113, 0.1318, 0.1399, 0.3227, 1.5594, 0.6761, 0.4805, 1.0779, 0.254, 0.6568, 0.0444, 3.1887, 1.359, 1.2617, 2.6257, 1.2134, 3.5398, 0.5372, 1.2006, 3.1933, 2.0882, 1.056, 0.6209, 1.1158, 0.8939, 2.7266, 1.1836, 0.7361, 2.8546, 0.7331, 1.2697, 2.2414, 1.533, 1.3727, 2.1491, 1.2536, 1.9981, 2.2614, 3.6922, 0.3322, 4.2996, 0.0466],
      [2.1889, 1.3384, 0.7274, 2.2604, 1.3534, 0.1957, 0.0572, 0.7486, 1.112, 0.4772, 0.0275, 0.1156, 0.0694, 2.7905, 0.6209, 0.208, 1.4147, 0.2636, 0.5979, 0.2129, 2.9047, 1.8972, 1.769, 2.8803, 1.5372, 4.8932, 0.9429, 1.4536, 2.387, 2.4675, 1.0417, 0.5042, 1.2575, 0.8623, 1.9338, 1.3954, 1.847, 2.7145, 1.3077, 1.9503, 1.5808, 1.6546, 1.0298, 1.7718, 1.478, 2.6714, 1.4784, 3.1177, 0.5439, 9.6131, 1.2662],
      [0.6781, 0.4003, 0.0721, 0.5211, 0, 0.0104, 0.005, 0.2186, 0.1318, 0.11, 0.0061, 0.0496, 0.0401, 0.7858, 0.1837, 0.0411, 0.3035, 0.0614, 0.2156, 0.016, 0.6308, 0.5319, 0.4298, 0.6875, 0.3857, 0.8795, 0.121, 0.1994, 0.4519, 0.5613, 0.5199, 0.1598, 0.3148, 0.2519, 0.5896, 0.4499, 0.1336, 0.6682, 0.2731, 0.4962, 0.5074, 0.2652, 0.1553, 0.5148, 0.3533, 0.6425, 0.4922, 1.1858, 0.1238, 1.0025, 0.1761],
      [2.4763, 1.2823, 0.5084, 1.8858, 0.1411, 0.0284, 0.0205, 1.202, 1.0039, 0.2688, 0.0561, 0.0913, 0.2665, 1.4243, 0.6664, 0.1714, 0.7054, 0.1175, 0.3452, 0.0384, 1.6478, 1.0583, 1.3787, 2.5584, 1.7295, 2.9119, 0.4995, 0.5244, 1.6463, 1.57, 0.5233, 0.2263, 0.5954, 0.8126, 1.86, 0.8185, 1.2101, 2.1928, 1.1807, 1.4837, 1.421, 1.0126, 0.9005, 1.7082, 1.0855, 1.6193, 2.373, 3.4932, 0.3072, 2.6741, 1.0303],
      [41.9518, 12.3903, 7.5545, 27.4857, 2.9671, 0.7655, 0.9173, 11.2609, 14.8577, 8.588, 0.6845, 1.4574, 3.8237, 26.699, 11.2682, 4.5904, 12.2197, 3.6074, 11.5037, 1.7794, 43.0424, 23.3938, 29.2305, 48.4479, 26.5943, 60.7602, 14.115, 20.777, 40.007, 38.5543, 25.5745, 13.9612, 27.6579, 16.3349, 45.3106, 25.9494, 20.1422, 48.7342, 19.6361, 31.1106, 32.9747, 20.4089, 21.7763, 33.8128, 25.0837, 35.8605, 32.9878, 61.8046, 7.6433, 60.1122, 14.1638],
      [7.9698, 3.7513, 1.6258, 5.3371, 0.5384, 0, 0, 2.2617, 1.933, 1.2448, 0.094, 0.1463, 0.4777, 6.741, 1.5847, 0.5086, 3.2788, 0.6961, 1.6807, 0.9089, 6.5855, 4.7598, 3.9303, 7.8003, 4.5398, 9.0155, 2.7844, 1.845, 6.3145, 8.7586, 2.2846, 1.5275, 5.0586, 3.8444, 8.5794, 3.2032, 3.931, 6.8357, 3.8692, 4.6896, 5.2748, 5.1258, 3.7653, 7.0433, 4.7459, 5.2082, 8.4072, 6.7066, 1.0496, 16.2984, 2.3169]
    ]
  ],
  "V_est": [
    [13.8489, 514.3442, 53.6831, 228.5553, 610.6323, 11.936],
    [363.5471, 433.5645, 314.0934, 29.6215, 14907.8371, 338.3365],
    [151.5311, 203.2165, 490.6814, 9429.4584, 839.8811, 616.2315],
    [457.9642, 4.9177, 10.5886, 273.6845, 926.8647, 47.9804],
    [40.0119, 6.0242, 889.9485, 385.9273, 223.4502, 60.638],
    [67.0968, 80.9329, 18.005, 56.753, 1172.3347, 206.8776]
  ],
  "p_est": [
    [0.0097, 0.3589, 0.0375, 0.1595, 0.4261, 0.0083],
    [0.0222, 0.0265, 0.0192, 0.0018, 0.9097, 0.0206],
    [0.0129, 0.0173, 0.0418, 0.8038, 0.0716, 0.0525],
    [0.2659, 0.0029, 0.0061, 0.1589, 0.5382, 0.0279],
    [0.0249, 0.0038, 0.5541, 0.2403, 0.1391, 0.0378],
    [0.0419, 0.0505, 0.0112, 0.0354, 0.7318, 0.1291]
  ],
  "EI_Z": {},
  "EI_V": 6.6686,
  "MAE_Z": {},
  "MAE_V": 127.7449,
  "MAE_p": 0.0545,
  "runtime": 0.506
}
