{
  "Z_true": {},
  "V_true": [
    [1350, 218, 175],
    [11698, 898, 797],
    [451, 13785, 576],
    [369, 707, 640],
    [603, 1246, 926]
  ],
  "p_true": [
    [0.7745, 0.1251, 0.1004],
    [0.8734, 0.067, 0.0595],
    [0.0304, 0.9307, 0.0389],
    [0.215, 0.412, 0.373],
    [0.2173, 0.449, 0.3337]
  ],
  "Z_est": [
    [
      [101.8175, 23.2415, 46.9115, 62.6808, 31.0139, 49.3638, 32.5708, 23.7081, 80.7157, 13.138, 32.8683, 11.4155, 3.4657, 0.624, 27.6605, 24.4061, 13.428, 54.9054, 49.1052, 51.8841, 35.0293, 52.0852, 2.0593, 3.6594, 3.0611, 82.9957, 5.1435, 104.4092, 32.0814],
      [49.2942, 6.7885, 17.4462, 30.8187, 10.6733, 46.0017, 33.9245, 16.3175, 48.4429, 6.3071, 14.6043, 6.1702, 1.3426, 0.2901, 20.8164, 15.4173, 11.9227, 32.002, 35.0821, 44.3879, 27.1246, 46.6701, 0.8166, 2.0928, 0.7758, 48.5289, 1.6198, 54.0713, 13.735],
      [3.8883, 0.97, 1.6423, 2.5005, 1.3128, 1.6345, 1.5048, 0.9744, 2.8414, 0.5548, 1.5274, 0.4144, 0.1916, 0.0859, 1.5231, 1.1766, 0.6492, 2.0926, 1.8128, 1.728, 1.8461, 2.2447, 0.1241, 0.2477, 0.1631, 3.4753, 0.2367, 5.5195, 1.1836]
    ],
    [
      [713.841, 326.1467, 617.5375, 547.199, 290.4202, 361.9777, 332.7274, 191.0674, 543.5795, 171.7844, 396.0656, 245.2377, 33.4235, 12.5481, 289.0364, 386.6246, 200.3879, 850.1835, 425.1904, 293.129, 417.9911, 656.6651, 9.8958, 27.0486, 86.9215, 770.5015, 115.2723, 734.7598, 143.5348],
      [74.1202, 18.67, 47.595, 56.9106, 20.1295, 72.8662, 74.41, 27.7883, 70.3993, 17.5542, 37.0034, 30.4822, 2.6421, 1.3368, 45.8323, 55.5466, 38.3603, 106.4408, 64.6317, 56.4064, 70.8705, 127.3253, 0.487, 3.0102, 6.2492, 95.2572, 8.1037, 82.4222, 15.9222],
      [118.0388, 59.1833, 93.8675, 94.8904, 53.4503, 52.1562, 66.8626, 34.1442, 83.0213, 31.6613, 79.931, 38.2801, 7.9344, 7.1151, 69.1313, 81.8287, 42.2518, 140.3757, 68.178, 42.4646, 96.1384, 123.0096, 2.6171, 7.9411, 23.8294, 140.2413, 23.6241, 168.8179, 22.5431]
    ],
    [
      [65.7081, 33.1342, 53.0764, 58.0323, 25.2019, 40.4984, 45.8742, 26.1838, 68.4166, 20.5879, 39.9988, 24.0378, 4.1178, 2.1437, 30.7128, 43.3235, 17.5395, 67.3189, 47.2764, 39.8071, 55.9547, 70.5978, 2.5853, 3.3482, 14.3676, 102.695, 14.4162, 83.0275, 23.7242],
      [602.5998, 179.9857, 372.7795, 542.6805, 165.4768, 708.4518, 939.2583, 342.3175, 787.0481, 192.6992, 337.9406, 264.5126, 29.98, 16.5258, 439.7171, 543.4257, 300.9079, 746.5665, 638.8201, 657.0957, 850.2201, 1221.9913, 19.9692, 36.7671, 85.5922, 1143.6525, 91.7534, 813.235, 205.8858],
      [21.6921, 11.8801, 16.1441, 20.2872, 9.3213, 10.0498, 18.8675, 9.4988, 20.5353, 7.7129, 16.0606, 7.4496, 1.9022, 1.3306, 14.5701, 18.2508, 7.5526, 22.1146, 14.9034, 10.0972, 25.8252, 26.4109, 1.4455, 1.8847, 7.0402, 37.6526, 5.8304, 36.7375, 7.39]
    ],
    [
      [89.9788, 29.9649, 56.2127, 71.8662, 32.0173, 33.6856, 29.941, 13.9805, 54.8408, 17.5299, 35.3067, 20.8512, 1.805, 1.1406, 31.7251, 54.6366, 24.0658, 63.134, 28.9336, 36.4245, 48.6308, 73.1605, 1.7046, 1.6203, 12.0776, 93.6785, 7.6212, 63.7592, 7.4299],
      [19.1703, 3.8729, 9.2964, 15.277, 4.8736, 14.1892, 13.6355, 3.799, 14.8538, 3.8581, 6.9771, 5.4535, 0.2585, 0.3132, 10.6094, 15.2237, 9.4525, 16.2581, 8.3122, 14.6002, 17.3252, 29.5774, 0.3803, 0.3626, 1.7559, 24.1797, 1.0827, 14.6648, 0.9959],
      [30.8509, 11.1623, 17.4908, 25.8569, 12.1091, 10.1253, 12.4235, 5.2205, 17.3055, 6.612, 14.7162, 6.6953, 0.9365, 1.5462, 15.6655, 24.1397, 10.4817, 21.6078, 9.7542, 10.9753, 23.044, 28.2621, 0.9151, 1.0172, 7.1665, 35.1418, 3.296, 30.5761, 2.5742]
    ],
    [
      [72.6546, 43.5127, 42.2619, 60.2217, 24.3467, 31.4746, 43.8866, 26.0602, 67.4475, 17.9598, 39.7605, 23.4579, 6.1879, 1.5437, 27.8652, 40.0092, 14.5788, 85.4581, 45.4945, 26.7553, 53.3941, 73.4913, 1.7549, 3.3234, 8.5722, 88.1293, 12.5468, 71.0444, 10.2297],
      [70.8155, 25.683, 31.8829, 59.3133, 16.8468, 59.4912, 92.7717, 35.7777, 82.256, 17.5813, 35.4747, 27.3815, 4.7768, 1.5341, 42.0248, 53.3867, 26.3565, 100.7326, 65.1539, 47.5098, 85.4597, 134.436, 1.3469, 3.7672, 5.627, 103.3817, 8.4404, 74.6067, 9.4611],
      [23.5298, 15.8044, 12.8552, 20.465, 8.8066, 9.0343, 17.3417, 9.1621, 20.2966, 6.4589, 15.7649, 7.1606, 3.0353, 1.9222, 13.11, 16.6041, 6.0647, 27.8093, 14.3517, 7.7349, 24.1462, 27.0727, 0.8981, 1.9093, 4.8009, 31.4889, 5.0128, 32.349, 3.3092]
    ]
  ],
  "V_est": [
    [1055.4488, 643.485, 44.0662],
    [10190.6982, 1328.7733, 1873.5285],
    [1123.7067, 13277.8556, 410.4378],
    [1037.7233, 280.6085, 397.6681],
    [1063.4231, 1323.2776, 388.2994]
  ],
  "p_est": [
    [0.6055, 0.3692, 0.0253],
    [0.7609, 0.0992, 0.1399],
    [0.0759, 0.8964, 0.0277],
    [0.6047, 0.1635, 0.2317],
    [0.3832, 0.4769, 0.1399]
  ],
  "EI_Z": {},
  "EI_V": 11.0686,
  "MAE_Z": {},
  "MAE_V": 508.2557,
  "MAE_p": 0.1314,
  "runtime": 0.056
}
