{
  "Z_true": {},
  "V_true": [
    [17, 33, 2186, 228],
    [945, 468, 331, 42],
    [830, 5021, 634, 192],
    [156, 65, 22520, 588],
    [218, 637, 1100, 410]
  ],
  "p_true": [
    [0.0069, 0.0134, 0.8872, 0.0925],
    [0.5291, 0.262, 0.1853, 0.0235],
    [0.1243, 0.752, 0.095, 0.0288],
    [0.0067, 0.0028, 0.9653, 0.0252],
    [0.0922, 0.2693, 0.4651, 0.1734]
  ],
  "Z_est": [
    [
      [1.2586, 0.9487, 0.1162, 0.9178, 0.6483, 1.3809, 0.2237, 1.2493, 0.202, 0.3009, 0.7795, 1.7205, 1.0645, 0.0455, 1.4332, 0, 0.4448, 0.3181, 0.3309, 0.6821, 1.6265, 0.7557, 0, 0.323, 0.0429, 1.3663, 0.5503, 0.3799, 1.654, 0.286, 0.0776, 1.7489, 0, 0.1122, 0.0184, 0.8959, 1.3348, 0.3161, 0.3178, 0.0703, 0.7286, 0.381, 0.0181, 2.4962, 0.1537, 3.6864, 0.1826],
      [0.364, 0.3139, 0.0627, 0.2424, 0.1221, 0.3044, 0.0113, 0.5219, 0.1541, 0.068, 0.3648, 0.4498, 0.306, 0.0085, 0.3748, 0, 0.1359, 0.2069, 0.1079, 0.1427, 0.338, 0.2, 0, 0.0019, 0.0211, 0.2001, 0.1968, 0.1244, 0.28, 0.1362, 0.0136, 0.3263, 0, 0.0361, 0.0011, 0.1501, 0.4445, 0.1441, 0.1444, 0.0237, 0.0699, 0.0907, 0.0134, 0.8817, 0.0771, 0.587, 0.0501],
      [82.2017, 90.562, 17.1256, 76.8716, 47.29, 104.3901, 3.5032, 70.5448, 12.9999, 12.0745, 56.219, 145.4654, 75.388, 0.9041, 83.0834, 0, 28.488, 53.3919, 54.1512, 45.0835, 73.6633, 83.4631, 0, 1.6122, 8.7008, 38.2932, 33.9592, 43.3409, 67.3729, 40.5032, 5.6156, 121.1762, 0, 10.5017, 0.9804, 27.1329, 156.2389, 38.3292, 26.3118, 9.5559, 51.698, 26.7981, 1.6587, 215.3317, 14.9968, 147.1686, 20.3612],
      [6.1756, 3.1754, 0.6955, 2.9682, 1.9396, 4.9245, 0.2617, 4.684, 1.6439, 0.5566, 3.6367, 5.3644, 2.2415, 0.0419, 3.1085, 0, 0.9313, 2.0831, 1.4101, 1.0917, 5.3722, 2.5813, 0, 0.0629, 0.2352, 2.1404, 1.2938, 1.1548, 2.693, 1.0746, 0.2931, 3.7486, 0, 0.35, 0, 1.8211, 4.9818, 1.2106, 1.226, 0.3501, 1.5034, 0.7302, 0.3098, 8.2904, 0.7723, 7.558, 0.4061]
    ],
    [
      [53.638, 22.3998, 7.0871, 16.9474, 11.8779, 42.3996, 2.862, 48.2795, 11.3189, 14.699, 50.9336, 50.7328, 23.7039, 3.7356, 87.6621, 2.5655, 27.826, 8.8862, 13.0107, 30.775, 41.3126, 33.8482, 1.936, 4.7053, 4.0963, 67.2413, 17.823, 24.4608, 46.2362, 12.3124, 3.7714, 95.8126, 0, 11.8649, 1.8623, 10.2544, 32.2511, 19.7118, 19.6894, 6.2071, 25.4608, 15.8504, 1.6637, 92.0452, 14.8071, 146.6811, 23.1599],
      [3.89, 1.9574, 0.9283, 1.209, 0.5855, 2.5031, 0.0205, 5.1442, 2.065, 0.8405, 6.1005, 3.5533, 1.7875, 0.1278, 6.0895, 0.2897, 2.2266, 1.353, 1.0136, 1.6641, 2.1619, 2.3408, 0.064, 0.0066, 0.4362, 2.2705, 1.6475, 2.0228, 1.9719, 1.4046, 0.1959, 4.7599, 0, 0.9907, 0.0172, 0.3729, 2.7577, 2.2195, 2.2871, 0.5247, 0.6647, 0.9839, 0.2459, 8.6146, 1.905, 5.8403, 1.6279],
      [10.9477, 6.5497, 2.8968, 4.3224, 2.5714, 9.8531, 0.0664, 8.4494, 2.1211, 1.7188, 11.296, 13.2623, 5.1126, 0.0206, 15.8475, 1.1448, 5.3356, 4.249, 6.4423, 6.1843, 5.7092, 11.5533, 0, 0.2142, 1.9768, 5.5781, 3.3552, 8.4478, 5.7087, 5.0503, 0.6857, 20.6161, 0, 3.1601, 0.1205, 0.8452, 11.6191, 7.0337, 4.9233, 2.4385, 5.4306, 3.3305, 0.386, 24.6977, 4.2629, 18.054, 7.7816],
      [7.5243, 2.0931, 1.0877, 1.5213, 0.9651, 4.2441, 0.0511, 5.1269, 2.4949, 0.7416, 6.6699, 4.4516, 1.3959, 0.116, 5.4009, 0, 1.6119, 1.5117, 1.5334, 1.3766, 3.8163, 3.2577, 0, 0.0738, 0.4907, 2.9101, 1.1743, 2.0686, 2.0832, 1.2327, 0.347, 5.8114, 0, 0.9843, 0, 0.5275, 3.372, 2.035, 2.1001, 0.8297, 1.4439, 0.8352, 0.7044, 8.6426, 2.025, 8.4247, 1.4306]
    ],
    [
      [13.0102, 10.0299, 1.2423, 6.6823, 5.7216, 5.0156, 1.5398, 17.6995, 1.1916, 7.4944, 12.2115, 10.6702, 5.9091, 0.2535, 26.0583, 0.249, 3.6623, 1.9605, 5.7398, 8.4039, 8.0877, 7.52, 1.2728, 6.291, 0.6592, 13.6879, 8.3009, 5.0901, 18.27, 2.8326, 1.1541, 19.2184, 0.9958, 1.94, 0.0424, 5.4903, 14.5811, 5.2735, 9.0807, 2.922, 9.5973, 4.2027, 0.7853, 26.774, 3.1955, 54.9099, 4.3973],
      [176.0069, 166.3443, 39.7919, 91.3237, 55.44, 56.5128, 4.036, 352.2963, 43.6356, 83.6544, 278.7592, 141.1509, 85.6351, 2.5616, 337.5377, 4.9435, 57.2554, 123.4274, 85.3682, 87.1363, 80.8742, 98.2583, 2.6962, 1.4987, 17.9717, 86.0014, 145.3071, 80.8333, 148.6373, 63.5894, 12.784, 179.2539, 0, 33.2809, 0.9093, 41.4374, 234.5342, 116.6075, 208.4417, 49.269, 48.4604, 50.952, 28.7494, 468.602, 81.9329, 410.232, 59.897],
      [21.9384, 24.2264, 5.2321, 14.1333, 10.4688, 9.6247, 0.4997, 24.6527, 2.011, 7.116, 22.5025, 22.9119, 10.5985, 0.04, 38.3967, 0.8076, 5.8616, 16.5852, 23.5536, 14.0646, 9.3204, 21.0882, 0.0309, 1.3905, 3.2922, 9.5182, 12.7484, 14.5628, 18.7992, 9.8627, 1.8032, 33.8769, 0.0042, 4.4446, 0.0484, 4.0368, 43.1662, 16.0523, 19.4178, 9.74, 17.1164, 7.4245, 2.3312, 58.8201, 7.8871, 56.0408, 12.3347],
      [35.0445, 18.3994, 4.7337, 11.8607, 9.3696, 9.8469, 0.9245, 36.3515, 5.1617, 7.7352, 31.5268, 18.267, 6.8572, 0.1448, 31.0073, 0, 4.2207, 14.0269, 13.3384, 7.3953, 14.7177, 14.1336, 0, 0.8199, 2.0769, 11.7926, 10.6436, 8.5138, 16.2935, 5.7154, 2.2587, 22.6509, 0, 3.3345, 0, 6.0354, 29.7186, 11.0667, 20.0598, 8.0691, 10.8259, 4.4208, 7.1342, 48.8039, 8.9844, 61.8174, 5.371]
    ],
    [
      [4.9693, 2.9998, 0, 2.3199, 2.764, 3.1054, 0.3793, 4.0917, 0.6359, 1.0791, 2.1326, 4.4347, 2.9959, 0.2016, 5.7521, 0, 1.3704, 0, 0.8825, 2.9359, 3.937, 2.5958, 0.0532, 0, 0, 2.1182, 2.0983, 0.8323, 3.7934, 0.0816, 0.2767, 5.4829, 0.0042, 0.613, 0.0769, 0.9225, 3.1901, 0.1687, 0.6333, 0.2826, 2.3726, 1.9852, 0.0201, 6.898, 0.3295, 7.5837, 1.5212],
      [7.4077, 5.0721, 0.9609, 2.4406, 2.0228, 2.8985, 0.5135, 9.4131, 2.9854, 1.1554, 7.4625, 5.1241, 3.6772, 0.1338, 6.9555, 0.024, 1.7005, 3.2504, 3.3172, 2.9226, 4.3471, 3.2116, 0.0682, 0, 0.0955, 3.2622, 3.3586, 1.3891, 5.0611, 2.2144, 0, 4.7642, 0, 0.6693, 0.0724, 1.4822, 7.6395, 2.1811, 2.9249, 0.6758, 0.8233, 1.8679, 1.6886, 13.5693, 2.3193, 12.786, 1.8819],
      [816.965, 958.8514, 201.2693, 554.0269, 563.1988, 666.2816, 58.5298, 673.5758, 124.2716, 121.7294, 623.8294, 1110.5974, 580.4046, 6.3616, 956.0136, 16.976, 233.1901, 667.9066, 678.997, 538.2417, 536.7684, 799.6133, 1.8787, 19.636, 48.8123, 273.5965, 337.3988, 279.9992, 663.5685, 351.169, 53.8638, 1144.4795, 4.9958, 176.2625, 22.8507, 142.6357, 1526.9861, 331.207, 306.9375, 156.6927, 535.6697, 367.5617, 44.1085, 2098.0954, 283.5429, 1577.472, 395.9887],
      [23.658, 17.0767, 4.7698, 11.2125, 12.0144, 15.7145, 2.5775, 21.9194, 6.1072, 3.0361, 19.5756, 20.8438, 7.9223, 0.303, 17.2788, 0, 3.7391, 13.8431, 8.8032, 4.8998, 16.9474, 12.5793, 0, 1.364, 1.0922, 8.023, 6.1444, 3.7794, 13.577, 4.535, 1.8596, 17.2734, 0, 3.4552, 0, 4.9596, 24.1842, 5.4432, 7.5043, 3.3489, 8.1344, 4.5852, 2.1827, 40.4373, 7.8083, 40.1583, 2.6083]
    ],
    [
      [13.1239, 6.6218, 1.5543, 7.1326, 2.9883, 9.0984, 0.9952, 13.68, 1.6517, 5.4265, 12.9427, 8.4418, 6.3266, 1.7639, 29.0942, 0.1855, 3.6965, 3.8351, 6.0361, 7.2031, 8.0362, 11.2803, 0.738, 6.6807, 1.2016, 10.5862, 8.2275, 4.2369, 14.0464, 3.4875, 1.7201, 15.7373, 0, 1.4699, 0, 4.4369, 13.6429, 4.53, 8.2788, 2.518, 7.8407, 6.5807, 0.5128, 24.7866, 2.5142, 46.139, 2.7391],
      [36.3313, 22.3123, 8.2562, 19.7844, 5.8297, 20.7811, 0.4187, 55.6245, 12.1599, 12.2816, 59.3131, 22.7218, 18.5941, 3.1683, 77.0426, 0.7428, 11.6817, 22.7623, 18.1931, 15.1344, 16.2789, 29.9894, 0.1715, 0.4928, 5.4756, 13.2659, 29.4901, 13.6304, 23.0496, 15.6554, 4.0065, 29.8958, 0, 5.023, 0, 6.5574, 44.624, 19.8478, 37.2019, 8.5069, 7.9817, 16.1056, 3.3027, 88.3324, 12.7657, 69.5548, 7.5432],
      [29.9472, 21.8104, 7.4762, 20.6457, 7.4709, 23.8505, 0.4009, 26.7774, 3.5963, 7.3613, 32.1532, 24.7631, 15.4963, 0.6735, 58.6587, 1.0717, 8.1248, 20.8674, 33.8558, 16.426, 12.5386, 43.2821, 0.0904, 5.1471, 7.2179, 10.014, 17.5384, 16.6493, 19.5508, 16.4148, 4.0318, 37.8513, 0, 4.6311, 0, 4.3494, 54.9898, 18.3777, 23.4095, 11.5729, 19.0852, 15.8852, 1.5156, 74.0551, 8.3102, 63.2646, 10.5338],
      [12.5976, 4.2554, 1.7133, 4.4373, 1.7112, 6.27, 0.1852, 9.9182, 2.5922, 1.9305, 11.591, 5.0732, 2.583, 0.3943, 12.2045, 0, 1.4971, 4.5352, 4.915, 2.2366, 5.1462, 7.4482, 0, 0.6794, 1.105, 3.1339, 3.7439, 2.4835, 4.3533, 2.4423, 1.2417, 6.5156, 0, 0.876, 0, 1.6564, 9.7434, 3.2445, 6.1098, 2.4022, 3.0923, 2.4285, 1.6689, 15.8258, 2.41, 18.0416, 1.184]
    ]
  ],
  "V_est": [
    [33.5889, 8.8145, 2324.5024, 97.0942],
    [1306.4061, 91.6841, 281.371, 106.5389],
    [381.3174, 5023.8279, 670.3841, 601.4706],
    [90.9209, 147.7912, 22633.0084, 457.2794],
    [353.7666, 951.8823, 861.734, 197.617]
  ],
  "p_est": [
    [0.0136, 0.0036, 0.9434, 0.0394],
    [0.7315, 0.0513, 0.1575, 0.0597],
    [0.0571, 0.7524, 0.1004, 0.0901],
    [0.0039, 0.0063, 0.9702, 0.0196],
    [0.1496, 0.4025, 0.3644, 0.0836]
  ],
  "EI_Z": {},
  "EI_V": 4.5771,
  "MAE_Z": {},
  "MAE_V": 167.6168,
  "MAE_p": 0.0568,
  "runtime": 0.221
}
