{
  "Z_true": {},
  "V_true": [
    [25, 16, 880, 324, 176, 422],
    [633, 7, 70, 1101, 311, 32],
    [299, 159, 304, 3458, 8069, 343],
    [43, 91, 2701, 685, 87, 195],
    [53, 901, 685, 636, 484, 131],
    [22, 32, 484, 397, 251, 661],
    [79, 43, 171, 822, 378, 470]
  ],
  "p_true": [
    [0.0136, 0.0087, 0.4775, 0.1758, 0.0955, 0.229],
    [0.2939, 0.0032, 0.0325, 0.5111, 0.1444, 0.0149],
    [0.0237, 0.0126, 0.0241, 0.2737, 0.6388, 0.0272],
    [0.0113, 0.0239, 0.7104, 0.1802, 0.0229, 0.0513],
    [0.0183, 0.3118, 0.237, 0.2201, 0.1675, 0.0453],
    [0.0119, 0.0173, 0.262, 0.2149, 0.1359, 0.3579],
    [0.0402, 0.0219, 0.0871, 0.4187, 0.1926, 0.2394]
  ],
  "Z_est": {},
  "V_est": [
    [0, 0, 1578.9389, 0, 0, 264.0611],
    [1017.8446, 44.2302, 0, 1091.9252, 0, 0],
    [136.1554, 0, 0, 3490.3184, 9005.5262, 0],
    [0, 0, 2872.6475, 540.8645, 0, 388.488],
    [0, 946.2857, 843.4136, 352.592, 747.7087, 0],
    [0, 0, 0, 1328.1788, 2.765, 516.0562],
    [0, 258.4842, 0, 619.1211, 0, 1085.3947]
  ],
  "p_est": [
    [0, 0, 0.8567, 0, 0, 0.1433],
    [0.4725, 0.0205, 0, 0.5069, 0, 0],
    [0.0108, 0, 0, 0.2763, 0.7129, 0],
    [0, 0, 0.7556, 0.1423, 0, 0.1022],
    [0, 0.3274, 0.2918, 0.122, 0.2587, 0],
    [0, 0, 0, 0.7191, 0.0015, 0.2794],
    [0, 0.1317, 0, 0.3154, 0, 0.5529]
  ],
  "EI_Z": {},
  "EI_V": 17.2661,
  "MAE_Z": {},
  "MAE_V": 223.0695,
  "MAE_p": 0.0875,
  "runtime": 0.0329
}
